SBPRF35
0.256306
Curr Bio
95556.4
B35
184493
F35
0.470494
FOFL
0.13819
OFL
8952.44
Bzero
73230.3
#pred survey bio
 4214.29 5549.26 8336.86 12527.2 16281.8 20016.2 24065.8 28156.5 43564.6 59520 84540.6 113617 153082 174986 153021 134843 141037 160632 113706 136391 148793 168318 170909 183200 191371 179441 165242 155288 4.19371e+06 2.8461e+06 2.19954e+06 1.59412e+06 1.20618e+06 988350 873040 813186 781917 765176 755889 750526 747307 745311 744038 743209 742665 742306 742066 741905 741797 741724 741675 741642 741620 741605 741594 741587 741583 741580 741577 741576 741575 741574 741574 741574 741573 741573 741573 741573 741573 741573 741573 741573 741573 741573 741573 741573 741573 741573 741573 741573 741573 741573 741573 741573 741573 741573 741573 741573 741573 741573 741573 741573 741573 741573 741573 741573 741573 741573 741573 741573 741573 741573 741573 741573 741573 741573 741573 741573 741573 741573 741573 741573 741573 741573 741573 741573 741573 741573 741573 741573 741573 741573 741573 741573 741573 741573 741573 741573 0 0 0 0 0 0 0 0 0 0 0 0 0 0 0 0 0 0 0 0 0 0 0 0 0
#obs survey bio
 3705.53 8550.38 6362.3 18429.1 21663 19459.6 27449.4 32957.1 48429.5 64002.1 83988.9 120591 178773 203250 157587 157124 153756 87330.7 134534 151608 233796 185834 194616 160808 197099 246072 119396 130169
#pred catch bio
 2082.81 2769.24 3904.86 6784.72 9058.13 11183.8 14278.4 14279.7 24396.5 31256.2 46640 60552.4 85211.1 107023 93142.8 77568.1 73277.5 110669 58561.5 77197.2 79424.9 98119.4 97092.5 102049 110878 102331 91629.1 108306 8952.44 39172.4 29828.9 20456.4 14710.7 11675.1 10193.6 9504.61 9193.99 9056.79 8997.01 8971.21 8960.14 8955.42 8953.41 8952.55 8952.19 8952.04 8951.97 8951.95 8951.93 8951.93 8951.93 8951.93 8951.93 8951.93 8951.93 8951.93 8951.93 8951.93 8951.93 8951.93 8951.93 8951.93 8951.93 8951.93 8951.93 8951.93 8951.93 8951.93 8951.93 8951.93 8951.93 8951.93 8951.93 8951.93 8951.93 8951.93 8951.93 8951.93 8951.93 8951.93 8951.93 8951.93 8951.93 8951.93 8951.93 8951.93 8951.93 8951.93 8951.93 8951.93 8951.93 8951.93 8951.93 8951.93 8951.93 8951.93 8951.93 8951.93 8951.93 8951.93 8951.93 8951.93 8951.93 8951.93 8951.93 8951.93 8951.93 8951.93 8951.93 8951.93 8951.93 8951.93 8951.93 8951.93 8951.93 8951.93 8951.93 8951.93 8951.93 8951.93 8951.93 8951.93 8951.93 8951.93 8951.93 8951.93 8951.93 8951.93 0 0 0 0 0 0 0 0 0 0 0 0 0 0 0 0 0 0 0 0 0 0 0 0 0
#obs catch bio
 2884.99 2601.33 3664.16 6021.98 7939.44 10855.6 13718.8 13603.2 22485.9 29600 44885.6 56158.9 79455 106713 92453 77578.3 70009.3 129814 54899.2 76317.8 71767.2 97018.6 96821.7 104873 106781 96629.4 93298.5 113759
#pred cpue bio
 3359.02 3794.48 5695.9 8745.39 11237.7 13920.2 16792.8 19243.3 29404.7 40191.3 57887.8 77362.3 105707 124429 112168 98104.4 100347 117087 81331.1 97989.7 105614 121628 122116 130694 139056 131877 122884 115987 2.87178e+06 2.63086e+06 2.09633e+06 1.49613e+06 1.10837e+06 890546 775237 715383 684114 667373 658086 652723 649505 647508 646235 645406 644862 644503 644263 644102 643994 643921 643872 643839 643817 643802 643791 643784 643780 643777 643774 643773 643772 643771 643771 643771 643770 643770 643770 643770 643770 643770 643770 643770 643770 643770 643770 643770 643770 643770 643770 643770 643770 643770 643770 643770 643770 643770 643770 643770 643770 643770 643770 643770 643770 643770 643770 643770 643770 643770 643770 643770 643770 643770 643770 643770 643770 643770 643770 643770 643770 643770 643770 643770 643770 643770 643770 643770 643770 643770 643770 643770 643770 643770 643770 643770 643770 643770 643770 643770 0 0 0 0 0 0 0 0 0 0 0 0 0 0 0 0 0 0 0 0 0 0 0 0 0
#obs cpue bio
 2367.99 4629.25 7688.9 12755.2 13352.6 12307.7 18987.6 18757.9 42655.3 40063 69043.1 106042 116553 98161.4 110758 84190.7 110059 103260 105312 89523.1 119873 93137.1 106696 122048 190112 125384 120268 130955
#pred surv len freq
 3.81049e-11 1.79227e-09 5.83732e-08 1.31646e-06 2.05584e-05 0.00022231 0.00166464 0.0086316 0.0309983 0.0771501 0.1334 0.16181 0.142767 0.102777 0.075125 0.0614981 0.0497049 0.0376014 0.0283019 0.0221307 0.0181675 0.0157554 0.0138268 0.011098 0.0073463
 4.57958e-11 2.15401e-09 7.01548e-08 1.58217e-06 2.47078e-05 0.000267179 0.00200061 0.0103735 0.0372507 0.092681 0.160047 0.193149 0.167213 0.11336 0.0733064 0.0524419 0.0372171 0.023438 0.0137291 0.00827281 0.00536357 0.00376893 0.00280445 0.00202508 0.00126469
 4.43344e-11 2.08528e-09 6.79161e-08 1.53168e-06 2.39193e-05 0.000258654 0.00193678 0.0100426 0.0360649 0.0897518 0.155134 0.187902 0.16488 0.11654 0.0815607 0.0620191 0.0438738 0.0256745 0.0127978 0.00598812 0.00281109 0.00137163 0.000727841 0.00041377 0.000225098
 4.30019e-11 2.0226e-09 6.58748e-08 1.48564e-06 2.32004e-05 0.00025088 0.00187857 0.00974088 0.0349821 0.0870661 0.150552 0.182641 0.1612 0.115983 0.0839484 0.0660159 0.0481405 0.0294006 0.0154979 0.00745058 0.00325884 0.00127332 0.000461397 0.000168589 6.44997e-05
 4.37549e-11 2.05802e-09 6.70285e-08 1.51166e-06 2.36067e-05 0.000255273 0.00191147 0.00991141 0.0355939 0.0885824 0.153131 0.185566 0.163124 0.115958 0.0821246 0.0634125 0.0458162 0.0278314 0.014651 0.00710794 0.00316976 0.00124636 0.000423235 0.000124938 3.29797e-05
 4.31159e-11 2.02797e-09 6.60495e-08 1.48958e-06 2.32619e-05 0.000251545 0.00188355 0.00976672 0.0350749 0.0872979 0.150958 0.183153 0.161714 0.116467 0.0843678 0.0661773 0.0478138 0.0286488 0.0147027 0.00693446 0.0030342 0.00118483 0.000401478 0.000116243 2.83038e-05
 4.29423e-11 2.0198e-09 6.57836e-08 1.48358e-06 2.31683e-05 0.000250532 0.00187597 0.0097274 0.0349338 0.0869474 0.150357 0.18245 0.161178 0.11627 0.0845003 0.0665495 0.0483471 0.0292422 0.0152037 0.00723481 0.00315321 0.00121143 0.000401851 0.000114116 2.72621e-05
 4.42574e-11 2.08165e-09 6.77981e-08 1.52902e-06 2.38778e-05 0.000258204 0.00193341 0.0100252 0.0360022 0.0895957 0.154863 0.187571 0.16458 0.116324 0.0814743 0.0621884 0.0444287 0.026516 0.0135659 0.00636223 0.00275524 0.00105858 0.000350921 9.8961e-05 2.33138e-05
 4.51138e-11 2.12194e-09 6.91102e-08 1.55861e-06 2.43399e-05 0.000263201 0.00197082 0.0102191 0.0366978 0.0913188 0.157786 0.19085 0.166616 0.115965 0.0789388 0.0588895 0.0418402 0.0251465 0.0130546 0.00621108 0.00270676 0.00103836 0.000342724 9.63167e-05 2.26322e-05
 4.48853e-11 2.11119e-09 6.87601e-08 1.55071e-06 2.42166e-05 0.000261868 0.00196084 0.0101674 0.0365125 0.0908616 0.157024 0.19006 0.166347 0.116665 0.0804861 0.0604902 0.0426198 0.0249228 0.0123477 0.00558797 0.00236145 0.000897782 0.000296733 8.35669e-05 1.96241e-05
 4.40815e-11 2.07338e-09 6.75287e-08 1.52294e-06 2.37829e-05 0.000257178 0.00192573 0.00998537 0.0358594 0.0892422 0.154265 0.186908 0.164198 0.116482 0.0821265 0.0630057 0.0450505 0.0267998 0.0135851 0.00625609 0.00263383 0.000976278 0.000311965 8.54602e-05 1.9765e-05
 4.4475e-11 2.09189e-09 6.81315e-08 1.53653e-06 2.39952e-05 0.000259474 0.00194292 0.0100745 0.036179 0.0900339 0.155609 0.188418 0.165142 0.116334 0.0809809 0.061489 0.0438219 0.0261104 0.0133142 0.00619715 0.00264622 0.000994659 0.000320175 8.72405e-05 1.98231e-05
 4.35609e-11 2.0489e-09 6.67313e-08 1.50496e-06 2.35021e-05 0.000254141 0.00190299 0.00986749 0.0354365 0.088194 0.152482 0.184884 0.162859 0.116475 0.083338 0.0647222 0.0465511 0.0278093 0.0141957 0.00662006 0.00283909 0.0010755 0.000350075 9.65637e-05 2.21489e-05
 4.15425e-11 1.95396e-09 6.36393e-08 1.43522e-06 2.24131e-05 0.000242366 0.00181482 0.00941045 0.0337968 0.0841304 0.145573 0.177059 0.15775 0.116639 0.0883336 0.0716982 0.0525813 0.0317342 0.0163632 0.00770595 0.00332608 0.00126416 0.000412668 0.000114367 2.64224e-05
 3.92535e-11 1.84629e-09 6.01326e-08 1.35614e-06 2.11781e-05 0.000229011 0.00171483 0.0088921 0.0319373 0.0795214 0.137735 0.168168 0.151901 0.116704 0.0938239 0.0794577 0.0593848 0.0362837 0.0189827 0.00908067 0.00396842 0.00152133 0.000499728 0.000139143 3.22682e-05
 4.01956e-11 1.89061e-09 6.15759e-08 1.38869e-06 2.16864e-05 0.000234508 0.00175598 0.0091054 0.0327021 0.0814131 0.140925 0.171658 0.15376 0.115467 0.0898102 0.0747837 0.0563334 0.0355118 0.0195636 0.00988548 0.00449834 0.00177058 0.000592711 0.000167424 3.92358e-05
 4.19146e-11 1.97146e-09 6.42093e-08 1.44808e-06 2.26138e-05 0.000244537 0.00183108 0.00949466 0.0340985 0.084874 0.146809 0.178323 0.158112 0.115325 0.085531 0.0687616 0.0510447 0.0320027 0.0176515 0.00904344 0.00424389 0.00174669 0.000614039 0.000181005 4.37787e-05
 4.00345e-11 1.88303e-09 6.13291e-08 1.38312e-06 2.15995e-05 0.000233568 0.00174895 0.00906893 0.0325713 0.0810895 0.140379 0.171058 0.153429 0.115644 0.0904206 0.0754426 0.0566522 0.0354511 0.019405 0.00987214 0.00463071 0.00192496 0.00069206 0.000211015 5.31334e-05
 4.10796e-11 1.93219e-09 6.29301e-08 1.41923e-06 2.21633e-05 0.000239665 0.0017946 0.00930563 0.0334209 0.0831993 0.143995 0.175293 0.15667 0.116873 0.0897466 0.0734697 0.0538663 0.0322958 0.016513 0.00779005 0.00344913 0.00138267 0.000487162 0.000147723 3.75235e-05
 4.12414e-11 1.9398e-09 6.3178e-08 1.42482e-06 2.22506e-05 0.000240609 0.00180167 0.00934221 0.0335515 0.0835174 0.144496 0.175673 0.156279 0.115102 0.0868252 0.0708581 0.0532092 0.0337902 0.0188344 0.0095915 0.00436384 0.00171334 0.000577455 0.000167524 4.12459e-05
 4.19872e-11 1.97488e-09 6.43205e-08 1.45059e-06 2.2653e-05 0.00024496 0.00183425 0.00951111 0.0341577 0.0850217 0.147068 0.178654 0.158457 0.115672 0.0858575 0.0689218 0.0508609 0.031498 0.0170757 0.0086298 0.00403629 0.00166806 0.000589716 0.000174759 4.26302e-05
 4.06459e-11 1.91179e-09 6.22658e-08 1.40425e-06 2.19294e-05 0.000237135 0.00177566 0.00920739 0.0330681 0.0823214 0.142477 0.173455 0.155064 0.115788 0.0891969 0.0735997 0.0549311 0.0341571 0.0185093 0.00928578 0.00428723 0.00175519 0.000623917 0.000189301 4.77062e-05
 4.15099e-11 1.95243e-09 6.35893e-08 1.4341e-06 2.23955e-05 0.000242176 0.0018134 0.00940303 0.0337699 0.0840605 0.145433 0.176795 0.157222 0.115655 0.0869692 0.0705455 0.0523564 0.0325596 0.0176845 0.00888878 0.0040995 0.00166934 0.0005883 0.000177163 4.46226e-05
 4.15635e-11 1.95495e-09 6.36715e-08 1.43595e-06 2.24244e-05 0.000242489 0.00181574 0.00941518 0.0338136 0.0841694 0.145622 0.177033 0.157453 0.11586 0.0871386 0.0706105 0.052228 0.0322524 0.017336 0.00863078 0.00396203 0.00161222 0.000568097 0.000170722 4.28169e-05
 4.01876e-11 1.89023e-09 6.15636e-08 1.38841e-06 2.16821e-05 0.000234461 0.00175564 0.00910361 0.0326958 0.0813989 0.140911 0.171688 0.153937 0.115899 0.0904412 0.0752854 0.0563391 0.0350102 0.0189182 0.00944344 0.00432541 0.00174968 0.000612545 0.000183221 4.58263e-05
 3.93944e-11 1.85292e-09 6.03485e-08 1.36101e-06 2.12541e-05 0.000229834 0.00172099 0.00892398 0.0320513 0.0798002 0.138184 0.168558 0.151751 0.115571 0.0918344 0.0775409 0.0586153 0.0368966 0.0203042 0.0103229 0.00478722 0.00194812 0.000682786 0.000203724 5.07241e-05
 3.85847e-11 1.81484e-09 5.91082e-08 1.33304e-06 2.08173e-05 0.00022511 0.00168562 0.00874062 0.0313933 0.0781677 0.135396 0.16534 0.149443 0.115064 0.0929997 0.079603 0.0608433 0.0389107 0.0219234 0.0114429 0.00543291 0.00225689 0.000805007 0.000243236 6.0971e-05
 3.84341e-11 1.80776e-09 5.88775e-08 1.32783e-06 2.0736e-05 0.000224231 0.00167904 0.00870649 0.0312706 0.0778614 0.134859 0.164657 0.148741 0.114365 0.0923271 0.0791989 0.0610369 0.0397264 0.0230017 0.0123772 0.00604719 0.00258294 0.00094698 0.000293383 7.50739e-05
#obs surv len freq
 4.08872e-11 1.92314e-09 6.26353e-08 1.41259e-06 2.20595e-05 0.000238543 0.0017862 0.00926203 0.0332643 0.0828081 0.143309 0.174421 0.155774 0.115988 0.0889218 0.0730463 0.054279 0.0335166 0.0179668 0.0089021 0.00406085 0.00164101 0.000574814 0.000172171 4.31718e-05
 4.9254e-11 2.31667e-09 7.54525e-08 1.70164e-06 2.65736e-05 0.000287355 0.00215168 0.0111566 0.040061 0.0996519 0.171942 0.206828 0.176861 0.11511 0.0679357 0.0439307 0.0293339 0.0175331 0.00930142 0.00458093 0.00207707 0.000833208 0.000289251 8.577e-05 2.12823e-05
 4.13683e-11 1.94576e-09 6.33723e-08 1.4292e-06 2.23191e-05 0.000241349 0.00180722 0.00937105 0.0336564 0.0837893 0.145043 0.176697 0.158325 0.118889 0.0919855 0.0749609 0.0534187 0.0298757 0.0134153 0.00534206 0.00205332 0.000757565 0.000254509 7.44235e-05 1.82923e-05
 4.71871e-11 2.21946e-09 7.22862e-08 1.63024e-06 2.54585e-05 0.000275297 0.00206139 0.0106886 0.038382 0.0954915 0.164873 0.198845 0.171727 0.115503 0.0734082 0.0514656 0.0357838 0.0215993 0.0113144 0.00531588 0.00219038 0.000759094 0.000220857 5.55861e-05 1.22805e-05
 4.45645e-11 2.0961e-09 6.82686e-08 1.53963e-06 2.40435e-05 0.000259996 0.00194683 0.0100948 0.0362524 0.0902194 0.15595 0.188932 0.165909 0.117514 0.082467 0.0625839 0.0437078 0.0247578 0.0115579 0.00486345 0.00194431 0.000713779 0.000226922 6.00287e-05 1.29191e-05
 4.33972e-11 2.0412e-09 6.64804e-08 1.4993e-06 2.34137e-05 0.000253186 0.00189584 0.00983043 0.0353039 0.0878668 0.151938 0.184326 0.162694 0.117041 0.0845594 0.0660202 0.0472639 0.0277426 0.0136565 0.00601798 0.00240141 0.000836788 0.000249829 6.40636e-05 1.39593e-05
 4.32166e-11 2.0327e-09 6.62038e-08 1.49306e-06 2.33163e-05 0.000252133 0.00188795 0.00978953 0.035157 0.0875017 0.151309 0.183577 0.162079 0.116706 0.0844925 0.0661897 0.0476795 0.0283606 0.01432 0.00655182 0.0027298 0.000991391 0.000304568 7.83356e-05 1.66912e-05
 4.58113e-11 2.15474e-09 7.01785e-08 1.5827e-06 2.47162e-05 0.00026727 0.00200129 0.0103771 0.0372646 0.0927242 0.160182 0.193596 0.168519 0.116213 0.0776567 0.0568605 0.0398375 0.023535 0.0119014 0.00548733 0.00232163 0.000864298 0.000274651 7.33613e-05 1.61605e-05
 4.70052e-11 2.2109e-09 7.20074e-08 1.62395e-06 2.53603e-05 0.000274235 0.00205344 0.0106474 0.0382347 0.0951302 0.164285 0.198301 0.171787 0.116658 0.0754824 0.053381 0.036352 0.0206854 0.00985957 0.00424446 0.00170953 0.000623803 0.000198483 5.38044e-05 1.21357e-05
 4.42299e-11 2.08036e-09 6.7756e-08 1.52807e-06 2.3863e-05 0.000258044 0.00193221 0.010019 0.0359806 0.0895459 0.154806 0.187638 0.165075 0.117574 0.0833572 0.0638348 0.0448194 0.0254894 0.0119066 0.00493703 0.0018915 0.000651888 0.000195818 5.06801e-05 1.11392e-05
 4.51846e-11 2.12527e-09 6.92186e-08 1.56105e-06 2.43781e-05 0.000263614 0.00197392 0.0102352 0.0367557 0.091464 0.158046 0.191211 0.167076 0.116581 0.0796786 0.0594573 0.0418602 0.0245583 0.0121763 0.00541834 0.00217556 0.00075565 0.000221494 5.48118e-05 1.14269e-05
 4.55519e-11 2.14254e-09 6.97812e-08 1.57374e-06 2.45762e-05 0.000265757 0.00198996 0.0103183 0.0370542 0.0922046 0.159311 0.19267 0.16812 0.116802 0.0791202 0.0584477 0.0407238 0.0235173 0.0114017 0.00499011 0.00201864 0.000725541 0.000222856 5.731e-05 1.2121e-05
 4.32619e-11 2.03483e-09 6.62731e-08 1.49463e-06 2.33407e-05 0.000252397 0.00188993 0.00979979 0.035194 0.0875956 0.151483 0.183842 0.162484 0.117343 0.0853057 0.066807 0.0476581 0.0276665 0.0133784 0.00580595 0.00231803 0.000821834 0.00025074 6.49742e-05 1.4056e-05
 4.03366e-11 1.89724e-09 6.17918e-08 1.39356e-06 2.17625e-05 0.00023533 0.00176215 0.00913738 0.0328175 0.0817043 0.141458 0.172444 0.154892 0.117168 0.0919562 0.0764416 0.0563679 0.0337929 0.0171139 0.00782112 0.003237 0.00116364 0.000354543 9.11252e-05 1.95605e-05
 3.7686e-11 1.77257e-09 5.77313e-08 1.30199e-06 2.03324e-05 0.000219867 0.00164636 0.00853713 0.0306638 0.0763631 0.132352 0.162012 0.147677 0.116266 0.0968951 0.0842208 0.0640228 0.0399297 0.0214843 0.0105379 0.00464505 0.00176101 0.000561856 0.000149602 3.27732e-05
 4.19183e-11 1.97164e-09 6.42149e-08 1.44821e-06 2.26158e-05 0.000244558 0.00183124 0.00949547 0.0341014 0.0848791 0.146805 0.178261 0.157874 0.114781 0.0847469 0.0681301 0.0510114 0.0325924 0.0184405 0.00961694 0.00450762 0.00182032 0.000620441 0.000176011 4.07267e-05
 4.10749e-11 1.93196e-09 6.29228e-08 1.41907e-06 2.21608e-05 0.000239638 0.00179439 0.00930453 0.033417 0.0831882 0.143968 0.175224 0.156493 0.116507 0.0892131 0.0729832 0.0536971 0.032523 0.0169807 0.00827479 0.00380621 0.00158015 0.000568277 0.000171673 4.23218e-05
 4.02095e-11 1.89126e-09 6.15971e-08 1.38917e-06 2.16939e-05 0.000234589 0.00175659 0.00910856 0.0327138 0.0814444 0.140995 0.17182 0.154144 0.116234 0.0908873 0.0756647 0.0564253 0.0347472 0.0184601 0.00899736 0.00401242 0.00158314 0.000545168 0.000162466 4.08347e-05
 4.02628e-11 1.89377e-09 6.16789e-08 1.39101e-06 2.17227e-05 0.0002349 0.00175892 0.00912063 0.032757 0.0815502 0.141166 0.171972 0.154103 0.115841 0.0901862 0.0749837 0.0561468 0.0349629 0.0189381 0.00944914 0.00429763 0.00171127 0.000584848 0.00017005 4.14343e-05
 4.29492e-11 2.02013e-09 6.57942e-08 1.48382e-06 2.3172e-05 0.000250573 0.00187627 0.00972895 0.0349393 0.0869582 0.150359 0.182374 0.160862 0.115531 0.0833986 0.065571 0.0480731 0.0297905 0.0161642 0.0081211 0.00374065 0.0015161 0.000528103 0.000155698 3.80584e-05
 4.16465e-11 1.95885e-09 6.37984e-08 1.43882e-06 2.24692e-05 0.000242972 0.00181936 0.00943398 0.0338814 0.0843397 0.145929 0.177462 0.158013 0.116625 0.0880515 0.0712651 0.0521341 0.0313829 0.016188 0.00771813 0.00344325 0.00138227 0.000483739 0.000144364 3.58135e-05
 4.07445e-11 1.91642e-09 6.24167e-08 1.40765e-06 2.19825e-05 0.00023771 0.00177996 0.00922972 0.0331485 0.0825216 0.142827 0.173897 0.155508 0.116213 0.0895979 0.0738556 0.0548598 0.0337228 0.0178788 0.00868017 0.00384137 0.00149424 0.000503194 0.000145882 3.57276e-05
 4.1752e-11 1.96381e-09 6.39601e-08 1.44246e-06 2.25261e-05 0.000243588 0.00182397 0.00945785 0.0339668 0.0845486 0.146266 0.177758 0.157915 0.115813 0.0866365 0.0699566 0.0517296 0.0319974 0.0172196 0.00853875 0.00386549 0.00153258 0.000520392 0.000149656 3.58715e-05
 4.07872e-11 1.91843e-09 6.24821e-08 1.40913e-06 2.20056e-05 0.000237959 0.00178183 0.00923938 0.0331831 0.0826072 0.142971 0.174051 0.155579 0.116125 0.0893552 0.0735484 0.0546041 0.033597 0.0179056 0.00881922 0.00400393 0.00160826 0.000556667 0.000163197 3.96344e-05
 3.99632e-11 1.87968e-09 6.12198e-08 1.38066e-06 2.1561e-05 0.000233152 0.00174583 0.00905278 0.0325136 0.0809465 0.140138 0.1708 0.15331 0.115789 0.0908153 0.0759194 0.0570122 0.0355963 0.0193504 0.00969673 0.00443423 0.00178056 0.00061607 0.000181519 4.45758e-05
 3.95104e-11 1.85838e-09 6.05261e-08 1.36502e-06 2.13167e-05 0.00023051 0.00172605 0.00895023 0.0321456 0.0800334 0.138579 0.168999 0.152015 0.115495 0.0914487 0.0770485 0.0582344 0.03671 0.0202648 0.0103505 0.00482526 0.00197243 0.000692352 0.00020587 5.08144e-05
 3.74268e-11 1.76037e-09 5.73342e-08 1.29303e-06 2.01926e-05 0.000218354 0.00163504 0.00847841 0.0304528 0.0758374 0.131439 0.160884 0.146619 0.115393 0.0962021 0.0838778 0.0643222 0.0409159 0.0228303 0.0118143 0.00558902 0.00232366 0.000831289 0.000251896 6.32021e-05
 4.03233e-11 1.89661e-09 6.17715e-08 1.3931e-06 2.17553e-05 0.000235253 0.00176156 0.00913428 0.0328054 0.0816648 0.141325 0.171977 0.153512 0.11419 0.0876297 0.0726831 0.0554689 0.0361625 0.0210403 0.0113433 0.00552171 0.00234113 0.000851925 0.000262641 6.70756e-05
#pred catch len freq
 3.18769e-11 1.49934e-09 4.88325e-08 1.10129e-06 1.71983e-05 0.000185976 0.00139259 0.0072212 0.0259371 0.0645923 0.111952 0.137045 0.124972 0.0987058 0.0834908 0.0757966 0.0638863 0.0492235 0.0374848 0.0295094 0.0242934 0.0210875 0.018511 0.0148586 0.00983574
 4.13731e-11 1.94599e-09 6.33797e-08 1.42937e-06 2.23217e-05 0.000241377 0.00180742 0.00937196 0.0336576 0.0837734 0.144885 0.17589 0.155646 0.112876 0.0829316 0.066308 0.0494337 0.031729 0.0188092 0.0114364 0.00745028 0.00524445 0.00390432 0.00281963 0.00176094
 3.93912e-11 1.85277e-09 6.03436e-08 1.3609e-06 2.12524e-05 0.000229815 0.00172085 0.00892331 0.0320494 0.0798012 0.138223 0.168783 0.15251 0.117249 0.0942215 0.0793989 0.058533 0.0347838 0.0175218 0.00828139 0.00391582 0.00191747 0.00101884 0.000579429 0.000315249
 3.83864e-11 1.80551e-09 5.88044e-08 1.32619e-06 2.07103e-05 0.000223953 0.00167696 0.00869576 0.0312328 0.0777741 0.134755 0.164753 0.149531 0.116388 0.0954171 0.0820055 0.0619329 0.0383386 0.0203962 0.00988185 0.00434402 0.00170164 0.00061734 0.000225699 8.63702e-05
 3.94328e-11 1.85473e-09 6.04073e-08 1.36234e-06 2.12748e-05 0.000230058 0.00172267 0.0089327 0.0320828 0.079881 0.138339 0.168818 0.152209 0.116365 0.0929002 0.0784045 0.0587101 0.0361517 0.0192034 0.0093876 0.00420684 0.00165807 0.000563627 0.000166462 4.39512e-05
 3.86936e-11 1.81996e-09 5.9275e-08 1.3368e-06 2.0876e-05 0.000225745 0.00169038 0.00876533 0.0314826 0.0783954 0.135826 0.166036 0.150607 0.117017 0.0955873 0.0816806 0.0610339 0.0370387 0.0191748 0.00911411 0.00400875 0.00156943 0.000532394 0.000154225 3.75607e-05
 3.88111e-11 1.82549e-09 5.9455e-08 1.34086e-06 2.09394e-05 0.000226431 0.00169551 0.00879193 0.0315779 0.0786307 0.13622 0.166451 0.150774 0.116723 0.0948943 0.0809659 0.0607019 0.0371555 0.0194738 0.0093312 0.00408547 0.00157314 0.000522364 0.000148408 3.54624e-05
 3.96212e-11 1.86359e-09 6.0696e-08 1.36884e-06 2.13765e-05 0.000231157 0.0017309 0.00897538 0.0322361 0.0802627 0.139 0.169627 0.15294 0.116911 0.0932528 0.0784591 0.0583004 0.035314 0.0182461 0.00863176 0.00375995 0.00144881 0.000480891 0.000135691 3.19756e-05
 4.11299e-11 1.93455e-09 6.30072e-08 1.42097e-06 2.21905e-05 0.000239959 0.0017968 0.009317 0.0334615 0.0832985 0.144153 0.175422 0.156585 0.116406 0.0889684 0.0727969 0.0537551 0.0327738 0.0171674 0.00822904 0.00360369 0.00138577 0.000457882 0.000128744 3.02591e-05
 4.05612e-11 1.90781e-09 6.2136e-08 1.40132e-06 2.18837e-05 0.000236641 0.00177196 0.00918826 0.033 0.0821577 0.142234 0.173347 0.155565 0.117374 0.0917042 0.0758593 0.0555847 0.032975 0.0164893 0.00752582 0.00319958 0.00122016 0.000403822 0.000113792 2.6729e-05
 3.98012e-11 1.87206e-09 6.09717e-08 1.37506e-06 2.14736e-05 0.000232207 0.00173876 0.00901615 0.0323824 0.0806259 0.139622 0.170349 0.153474 0.117072 0.0930738 0.078098 0.05789 0.0349031 0.0178491 0.00828364 0.00350594 0.00130305 0.000416893 0.00011427 2.64354e-05
 4.01137e-11 1.88676e-09 6.14505e-08 1.38586e-06 2.16422e-05 0.00023403 0.00175241 0.00908691 0.0326362 0.0812546 0.140687 0.171541 0.154202 0.116907 0.0920912 0.0768254 0.0568877 0.034383 0.0176966 0.00830407 0.00356536 0.00134384 0.000433103 0.000118077 2.68374e-05
 3.92126e-11 1.84437e-09 6.007e-08 1.35473e-06 2.1156e-05 0.000228773 0.00171305 0.00888285 0.0319042 0.0794405 0.137605 0.168057 0.15195 0.117043 0.0944111 0.080008 0.0595738 0.0360552 0.0185663 0.00872533 0.00376155 0.00142868 0.000465574 0.000128491 2.94796e-05
 3.73478e-11 1.75666e-09 5.72134e-08 1.2903e-06 2.015e-05 0.000217894 0.00163159 0.00846059 0.0303894 0.075686 0.13122 0.16082 0.147206 0.117142 0.098951 0.0863905 0.0651368 0.0397318 0.0206412 0.00978582 0.00424277 0.00161618 0.000528106 0.000146426 3.38369e-05
 3.4673e-11 1.63085e-09 5.31158e-08 1.19789e-06 1.87068e-05 0.000202289 0.00151475 0.00785489 0.0282164 0.0703 0.122059 0.150424 0.140349 0.117168 0.105293 0.095396 0.0730769 0.0450945 0.0237719 0.0114494 0.0050261 0.00193109 0.000634953 0.000176876 4.10282e-05
 3.5384e-11 1.66429e-09 5.42049e-08 1.22246e-06 1.90904e-05 0.000206437 0.0015458 0.00801584 0.0287933 0.071725 0.124449 0.152973 0.141477 0.115628 0.101387 0.0911283 0.0706486 0.0450625 0.02504 0.0127421 0.0058231 0.00229673 0.000769556 0.000217476 5.09771e-05
 3.68632e-11 1.73387e-09 5.6471e-08 1.27356e-06 1.98885e-05 0.000215067 0.00161042 0.00835081 0.029995 0.0747031 0.129512 0.158706 0.145215 0.115489 0.0976698 0.0858864 0.0660171 0.0419733 0.023383 0.0120775 0.00569554 0.00234952 0.000826778 0.000243826 5.89857e-05
 3.6442e-11 1.71406e-09 5.58257e-08 1.25901e-06 1.96612e-05 0.000212609 0.00159202 0.00825543 0.0296529 0.0738563 0.128079 0.157115 0.144283 0.115818 0.0991358 0.0876895 0.0673081 0.0424842 0.0233974 0.0119635 0.00562909 0.00234338 0.000843019 0.000257116 6.47501e-05
 3.58662e-11 1.68698e-09 5.49437e-08 1.23912e-06 1.93506e-05 0.00020925 0.00156687 0.00812511 0.0291859 0.0727044 0.126157 0.155116 0.143582 0.117534 0.102987 0.0917497 0.0694317 0.0421503 0.0217559 0.0103545 0.0046123 0.00185447 0.000654216 0.000198485 5.04299e-05
 3.65038e-11 1.71696e-09 5.59204e-08 1.26114e-06 1.96946e-05 0.00021297 0.00159472 0.00826941 0.0297028 0.073978 0.128271 0.157264 0.144148 0.11518 0.0981075 0.0868597 0.0673037 0.0432851 0.0243419 0.0124832 0.00570326 0.00224374 0.000756927 0.000219693 5.41034e-05
 3.7089e-11 1.74449e-09 5.6817e-08 1.28136e-06 2.00104e-05 0.000216384 0.00162029 0.00840196 0.0301786 0.0751599 0.130299 0.159649 0.146006 0.115951 0.0977989 0.0856658 0.0653901 0.0410432 0.0224654 0.0114456 0.00537998 0.00222853 0.000788635 0.00023381 5.70467e-05
 3.59898e-11 1.69279e-09 5.51331e-08 1.24339e-06 1.94173e-05 0.000209971 0.00157227 0.00815306 0.0292857 0.0729469 0.126537 0.155389 0.143227 0.116051 0.100549 0.0895268 0.0687664 0.0432563 0.0236387 0.0119439 0.00553898 0.00227245 0.000808529 0.000245415 6.18596e-05
 3.68509e-11 1.73329e-09 5.64522e-08 1.27314e-06 1.98819e-05 0.000214995 0.00160989 0.00834804 0.0299852 0.0746802 0.129482 0.158716 0.145371 0.115904 0.0983089 0.0864674 0.0662005 0.041681 0.022839 0.011564 0.00535752 0.00218632 0.000771216 0.000232347 5.8534e-05
 3.68112e-11 1.73142e-09 5.63914e-08 1.27177e-06 1.98605e-05 0.000214764 0.00160815 0.00833906 0.029953 0.0746014 0.129354 0.1586 0.145394 0.116178 0.0987972 0.0869272 0.0663588 0.0414946 0.0225053 0.0112902 0.00520774 0.00212397 0.000749161 0.000225235 5.65003e-05
 3.54247e-11 1.66621e-09 5.42673e-08 1.22386e-06 1.91124e-05 0.000206674 0.00154758 0.00802508 0.0288266 0.0718094 0.124605 0.15321 0.141835 0.116184 0.102078 0.0916017 0.0705036 0.0443139 0.0241494 0.0121419 0.00558658 0.00226473 0.000793606 0.000237482 5.94098e-05
 3.44123e-11 1.61859e-09 5.27165e-08 1.18889e-06 1.85662e-05 0.000200768 0.00150336 0.00779583 0.028004 0.069769 0.121124 0.149213 0.139036 0.115744 0.103826 0.0944546 0.0734041 0.0467403 0.0259469 0.0132882 0.00618985 0.00252423 0.000885526 0.00026433 6.58278e-05
 3.33206e-11 1.56724e-09 5.1044e-08 1.15117e-06 1.79772e-05 0.000194399 0.00145567 0.00754859 0.0271168 0.0675678 0.117365 0.144874 0.135929 0.115071 0.105411 0.0972482 0.0764132 0.0494508 0.0281188 0.0147862 0.00705136 0.00293525 0.00104792 0.000316766 7.94187e-05
 3.47211e-11 1.63311e-09 5.31894e-08 1.19955e-06 1.87328e-05 0.000202569 0.00151685 0.0078657 0.0282542 0.0703843 0.122138 0.150206 0.139156 0.114253 0.100909 0.0914907 0.0719725 0.0472417 0.0275198 0.0148776 0.00728818 0.00311681 0.00114332 0.000354301 9.0673e-05
#obs catch len freq
 3.57419e-11 1.68112e-09 5.47531e-08 1.23482e-06 1.92835e-05 0.000208525 0.00156144 0.0080969 0.0290844 0.0724483 0.125693 0.15445 0.142672 0.116232 0.101395 0.090576 0.0695316 0.0435852 0.0236874 0.0119062 0.00550182 0.0022497 0.000797208 0.000241505 6.12258e-05
 3.58794e-11 1.68759e-09 5.49638e-08 1.23957e-06 1.93577e-05 0.000209327 0.00156745 0.00812805 0.0291962 0.0727259 0.126168 0.155006 0.143095 0.116386 0.101298 0.0903196 0.0691884 0.0432054 0.023331 0.0116305 0.00532643 0.00215688 0.000756325 0.000226677 5.68596e-05
 4.59121e-11 2.15948e-09 7.03329e-08 1.58618e-06 2.47705e-05 0.000267858 0.00200569 0.0103998 0.0373462 0.0929236 0.160503 0.193876 0.168413 0.115406 0.0762399 0.0554972 0.0392936 0.0239754 0.0128417 0.00636598 0.00289813 0.00116501 0.000404879 0.000120131 2.98195e-05
 3.65158e-11 1.71753e-09 5.59387e-08 1.26156e-06 1.97011e-05 0.00021304 0.00159525 0.00827227 0.0297149 0.0740239 0.128461 0.158013 0.146457 0.120193 0.105308 0.0928167 0.0680459 0.0384183 0.0173518 0.00695398 0.00268849 0.000995425 0.00033498 9.80313e-05 2.41043e-05
 4.34139e-11 2.04198e-09 6.6506e-08 1.49988e-06 2.34227e-05 0.000253284 0.00189657 0.00983417 0.0353169 0.0878953 0.15196 0.184229 0.162214 0.115893 0.0828774 0.0646393 0.0471316 0.0289227 0.0152755 0.00721907 0.0029856 0.00103675 0.000301991 7.60675e-05 1.68149e-05
 4.02686e-11 1.89404e-09 6.16877e-08 1.39121e-06 2.17258e-05 0.000234934 0.00175918 0.00912203 0.0327629 0.0815734 0.141265 0.172369 0.155332 0.118516 0.0940406 0.0782087 0.0566355 0.0324733 0.015263 0.00646419 0.00259776 0.000956491 0.000304511 8.06092e-05 1.73552e-05
 3.88745e-11 1.82847e-09 5.9552e-08 1.34305e-06 2.09736e-05 0.0002268 0.00169828 0.00880631 0.03163 0.0787631 0.13647 0.166853 0.151443 0.117843 0.0963877 0.0821956 0.0608876 0.0361647 0.0179261 0.00794759 0.0031854 0.00111273 0.000332659 8.53726e-05 1.86118e-05
 3.86644e-11 1.81859e-09 5.92302e-08 1.33579e-06 2.08603e-05 0.000225575 0.0016891 0.00875873 0.0314592 0.0783382 0.135737 0.165974 0.1507 0.117393 0.0962201 0.0823133 0.0613496 0.0369304 0.0187801 0.00864484 0.00361712 0.00131666 0.000404978 0.000104234 2.22191e-05
 4.18261e-11 1.9673e-09 6.40736e-08 1.44502e-06 2.25661e-05 0.00024402 0.00182721 0.00947466 0.0340274 0.0847021 0.146549 0.178185 0.158554 0.116806 0.0879099 0.0709598 0.0517914 0.0310315 0.0158109 0.00733412 0.00311586 0.00116256 0.000369854 9.88552e-05 2.17851e-05
 4.32417e-11 2.03388e-09 6.62422e-08 1.49393e-06 2.33298e-05 0.000252279 0.00188905 0.00979523 0.0351777 0.0875555 0.151417 0.183779 0.162482 0.11745 0.0855008 0.0669743 0.047677 0.0275393 0.0132261 0.00573038 0.00231922 0.00084859 0.000270375 7.33458e-05 1.65501e-05
 3.98512e-11 1.87441e-09 6.10483e-08 1.37679e-06 2.15006e-05 0.000232499 0.00174095 0.00902751 0.0324238 0.0807332 0.139838 0.170755 0.15429 0.118586 0.0951468 0.0797697 0.0580317 0.0334003 0.0157066 0.00655364 0.00252353 0.000872297 0.000262428 6.79773e-05 1.49485e-05
 4.10353e-11 1.9301e-09 6.28621e-08 1.4177e-06 2.21394e-05 0.000239407 0.00179267 0.00929559 0.0333852 0.0831118 0.143855 0.175176 0.156739 0.117285 0.0904845 0.0742592 0.0543548 0.0323174 0.0161404 0.00722573 0.00291362 0.00101439 0.000297708 7.37281e-05 1.53782e-05
 4.14151e-11 1.94797e-09 6.3444e-08 1.43082e-06 2.23443e-05 0.000241623 0.00180926 0.00938161 0.0336939 0.083878 0.145165 0.176699 0.157861 0.117605 0.0900354 0.0733122 0.05317 0.0311271 0.015203 0.0066964 0.00272166 0.000980789 0.000301657 7.76307e-05 1.6426e-05
 3.87313e-11 1.82173e-09 5.93327e-08 1.3381e-06 2.08964e-05 0.000225965 0.00169203 0.0087739 0.0315139 0.0784766 0.135991 0.166352 0.151254 0.118235 0.0972802 0.0831072 0.0613006 0.0359975 0.0175252 0.00765272 0.00306961 0.00109117 0.000333366 8.6451e-05 1.87107e-05
 3.53489e-11 1.66264e-09 5.41512e-08 1.22125e-06 1.90715e-05 0.000206232 0.00154428 0.00800798 0.0287659 0.0716643 0.124396 0.153154 0.142415 0.117899 0.104778 0.0940888 0.071353 0.0432128 0.0220316 0.010129 0.00420985 0.00151685 0.000462724 0.000119017 2.55593e-05
 3.24049e-11 1.52417e-09 4.96413e-08 1.11954e-06 1.74832e-05 0.000189057 0.00141568 0.00734129 0.0263737 0.0657308 0.114275 0.141534 0.134291 0.116655 0.10991 0.102428 0.0797982 0.0502435 0.0272178 0.0134269 0.00594052 0.00225656 0.000720717 0.000192023 4.20833e-05
 3.71045e-11 1.74522e-09 5.68406e-08 1.2819e-06 2.00187e-05 0.000216475 0.00162096 0.00840543 0.0301908 0.0751861 0.130318 0.159551 0.145532 0.114824 0.0961537 0.0843243 0.0652837 0.042229 0.0240731 0.0126249 0.00593739 0.00240185 0.00081941 0.000232586 5.38357e-05
 3.61189e-11 1.69886e-09 5.53308e-08 1.24785e-06 1.9487e-05 0.000210724 0.00157791 0.00818231 0.0293911 0.0732113 0.127009 0.156034 0.144022 0.117069 0.101699 0.0902612 0.0684447 0.0419133 0.0220426 0.01081 0.0049936 0.00207765 0.00074799 0.000226088 5.57543e-05
 3.51148e-11 1.65163e-09 5.37926e-08 1.21316e-06 1.89452e-05 0.000204867 0.00153405 0.00795493 0.0285752 0.0711877 0.123558 0.152075 0.141267 0.116689 0.103555 0.0933126 0.0716311 0.044588 0.0238585 0.011699 0.00523806 0.00207113 0.000714022 0.000212927 5.35384e-05
 3.5106e-11 1.65122e-09 5.37791e-08 1.21285e-06 1.89405e-05 0.000204815 0.00153366 0.00795292 0.0285679 0.0711677 0.123513 0.15197 0.141015 0.116181 0.102832 0.0926929 0.0715008 0.0450222 0.0245683 0.0123331 0.00563112 0.00224682 0.000768703 0.000223649 5.45154e-05
 3.81421e-11 1.79402e-09 5.84301e-08 1.31775e-06 2.05785e-05 0.000222528 0.00166628 0.00864041 0.0310342 0.0772798 0.133902 0.163727 0.148657 0.115839 0.0951727 0.0820611 0.0623677 0.0391563 0.0214152 0.0108267 0.00500659 0.00203335 0.000709029 0.000209168 5.11472e-05
 3.66153e-11 1.72221e-09 5.60912e-08 1.265e-06 1.97548e-05 0.000213621 0.0015996 0.00829473 0.0297945 0.0742117 0.128715 0.15799 0.145381 0.117259 0.100824 0.0889002 0.0671522 0.0408942 0.0212533 0.0102004 0.00457129 0.0018395 0.000644524 0.000192472 4.77659e-05
 3.56409e-11 1.67638e-09 5.45985e-08 1.23134e-06 1.92291e-05 0.000207936 0.00155703 0.00807406 0.0290026 0.072247 0.12536 0.154119 0.142614 0.116682 0.102308 0.0915548 0.0701033 0.0435789 0.023275 0.01137 0.00505226 0.00196953 0.000664021 0.00019264 4.71984e-05
 3.66181e-11 1.72234e-09 5.60955e-08 1.2651e-06 1.97563e-05 0.000213637 0.00159971 0.00829533 0.0297963 0.0742126 0.128693 0.157851 0.144903 0.116192 0.0992849 0.0876371 0.0670244 0.041976 0.0227699 0.0113644 0.00516606 0.00205269 0.000697791 0.000200807 4.81517e-05
 3.55063e-11 1.67004e-09 5.43922e-08 1.22668e-06 1.91564e-05 0.00020715 0.00155115 0.00804357 0.0288932 0.0719754 0.124896 0.153583 0.142224 0.116579 0.102457 0.0918058 0.070334 0.0437841 0.0235177 0.01166 0.00531649 0.00214029 0.000741679 0.000217579 5.28625e-05
 3.45997e-11 1.6274e-09 5.30035e-08 1.19536e-06 1.86673e-05 0.000201861 0.00151155 0.00783826 0.0281565 0.0701479 0.121777 0.149992 0.139683 0.116111 0.103922 0.0942987 0.0729713 0.0460816 0.0252443 0.0127308 0.00584534 0.00235218 0.000814769 0.000240222 5.90148e-05
 3.40713e-11 1.60255e-09 5.21939e-08 1.17711e-06 1.83822e-05 0.000198778 0.00148846 0.00771859 0.027727 0.0690821 0.119955 0.147882 0.138148 0.115715 0.104582 0.0955457 0.0743773 0.0474205 0.0263816 0.0135601 0.00634661 0.00259964 0.0009135 0.000271799 6.71129e-05
 3.17293e-11 1.49239e-09 4.86063e-08 1.0962e-06 1.71187e-05 0.000185115 0.00138616 0.00718827 0.0258244 0.0643656 0.111928 0.138752 0.132053 0.115534 0.109828 0.103136 0.0811956 0.0521955 0.0293495 0.0152844 0.00725916 0.00302417 0.00108306 0.00032839 8.24252e-05
#spawning biomass
 2885.73 2769.93 4206.41 6646.91 8408.15 10539.8 12766.3 14217.1 21313.7 29216.2 42906.3 56858.4 79270.1 97074.2 90895 78535.2 78055.2 93974.9 63962.5 77148.3 81973.4 96613.7 95595.9 102162 111255 106895 100891 95556.4 60703.1 123608 92003.9 62108.7 43887.2 34263.7 29566.9 27382.7 26398 25963.1 25773.5 25691.8 25656.7 25641.7 25635.3 25632.6 25631.5 25631 25630.8 25630.7 25630.6 25630.6 25630.6 25630.6 25630.6 25630.6 25630.6 25630.6 25630.6 25630.6 25630.6 25630.6 25630.6 25630.6 25630.6 25630.6 25630.6 25630.6 25630.6 25630.6 25630.6 25630.6 25630.6 25630.6 25630.6 25630.6 25630.6 25630.6 25630.6 25630.6 25630.6 25630.6 25630.6 25630.6 25630.6 25630.6 25630.6 25630.6 25630.6 25630.6 25630.6 25630.6 25630.6 25630.6 25630.6 25630.6 25630.6 25630.6 25630.6 25630.6 25630.6 25630.6 25630.6 25630.6 25630.6 25630.6 25630.6 25630.6 25630.6 25630.6 25630.6 25630.6 25630.6 25630.6 25630.6 25630.6 25630.6 25630.6 25630.6 25630.6 25630.6 25630.6 25630.6 25630.6 25630.6 25630.6 25630.6 25630.6 25630.6 25630.6 0 0 0 0 0 0 0 0 0 0 0 0 0 0 0 0 0 0 0 0 0 0 0 0 0
