SBPRF35
0.173883
Curr Bio
245508
B35
194689
F35
1.14772
FOFL
1.14772
OFL
129018
Bzero
49680.1
#pred survey bio
 10356.3 10352.6 12426 17859 23087.6 27590.4 31997 35281.1 38602.1 47756.3 64698.3 74614.2 92169.3 116364 121833 98794.2 86415.1 83141.9 86162.2 77526.6 73436.4 83063 87982.4 98105.4 106257 107923 99437 92217 123083 4.90319e+06 4.77099e+06 2.58613e+06 1.26012e+06 743344 530538 429093 374403 342810 324002 312684 305857 301744 299268 297773 296872 296342 296030 295846 295738 295674 295636 295613 295600 295592 295587 295585 295583 295582 295582 295581 295581 295581 295581 295581 295581 295581 295581 295581 295581 295581 295581 295581 295581 295581 295581 295581 295581 295581 295581 295581 295581 295581 295581 295581 295581 295581 295581 295581 295581 295581 295581 295581 295581 295581 295581 295581 295581 295581 295581 295581 295581 295581 295581 295581 295581 295581 295581 295581 295581 295581 295581 295581 295581 295581 295581 295581 295581 295581 295581 295581 295581 295581 295581 295581 295581 295581 295581 295581 295581 0 0 0 0 0 0 0 0 0 0 0 0 0 0 0 0 0 0 0 0 0 0 0 0 0
#obs survey bio
 9197.54 8397.54 10185 19166.5 23084.9 22036.6 39985.9 24671.9 50649.9 50430.8 67461.3 94394.5 67472.6 126969 124720 90083.2 72170.1 88794.8 95084.7 67531.1 68834.3 94234.3 85780.8 139478 105238 95342.8 82545.3 134551 126447
#pred catch bio
 5091.16 5760.11 6866.2 10200.4 14355.7 18586.7 22889.7 26394.8 29416 35965.8 53157.1 63630.4 80228.4 100188 111725 93058 83840.5 79377.7 88619.6 80552.3 75306 87022.2 90065.9 105809 114606 118758 110833 91335.4 73307.2 129018 129976 52222.8 18782.1 9624 7394.86 6889.06 6779.69 6756.85 6752.19 6751.26 6751.08 6751.04 6751.04 6751.04 6751.04 6751.04 6751.04 6751.04 6751.04 6751.04 6751.04 6751.04 6751.04 6751.04 6751.04 6751.04 6751.04 6751.04 6751.04 6751.04 6751.04 6751.04 6751.04 6751.04 6751.04 6751.04 6751.04 6751.04 6751.04 6751.04 6751.04 6751.04 6751.04 6751.04 6751.04 6751.04 6751.04 6751.04 6751.04 6751.04 6751.04 6751.04 6751.04 6751.04 6751.04 6751.04 6751.04 6751.04 6751.04 6751.04 6751.04 6751.04 6751.04 6751.04 6751.04 6751.04 6751.04 6751.04 6751.04 6751.04 6751.04 6751.04 6751.04 6751.04 6751.04 6751.04 6751.04 6751.04 6751.04 6751.04 6751.04 6751.04 6751.04 6751.04 6751.04 6751.04 6751.04 6751.04 6751.04 6751.04 6751.04 6751.04 6751.04 6751.04 6751.04 6751.04 6751.04 6751.04 6751.04 0 0 0 0 0 0 0 0 0 0 0 0 0 0 0 0 0 0 0 0 0 0 0 0 0
#obs catch bio
 5779.83 5943.57 7013.27 10339.8 14664.4 18699.1 23236.3 26588 29231.7 35509.7 52204.6 63420.2 78908.6 99820.6 113251 94157.1 83460.8 80104.9 86813.4 81109.7 74513.4 85014.1 87623.5 102598 108961 116082 110084 89875.1 72274.7
#pred cpue bio
 10380.8 10061.3 11680.8 17276.5 22391.2 26576.8 30968.7 34134.6 36996.3 44424 61872 70595.3 85293 110765 119691 95764.1 82478.3 78751.6 81875.3 74058.3 67993 77309.7 82366.5 90328.8 98888.6 101271 93833.8 85071.2 111079 4.79953e+06 5.10944e+06 2.63977e+06 1.26165e+06 741587 528579 427120 372429 340837 322028 310710 303884 299770 297294 295800 294898 294369 294057 293873 293764 293700 293662 293640 293626 293618 293614 293611 293609 293608 293608 293608 293607 293607 293607 293607 293607 293607 293607 293607 293607 293607 293607 293607 293607 293607 293607 293607 293607 293607 293607 293607 293607 293607 293607 293607 293607 293607 293607 293607 293607 293607 293607 293607 293607 293607 293607 293607 293607 293607 293607 293607 293607 293607 293607 293607 293607 293607 293607 293607 293607 293607 293607 293607 293607 293607 293607 293607 293607 293607 293607 293607 293607 293607 293607 293607 293607 293607 293607 293607 293607 0 0 0 0 0 0 0 0 0 0 0 0 0 0 0 0 0 0 0 0 0 0 0 0 0
#obs cpue bio
 7499.48 6906.94 8784.73 13490.7 20272.2 31364.2 20916.7 42944.7 40285.6 45664.2 75473.8 66430.8 124996 96105.1 90944.6 106111 87191.4 68409.3 105868 73579.7 90202.3 95044.5 145271 106854 215868 135122 124769 85176.3 134632
#pred surv len freq
 2.55881e-27 2.5766e-27 2.28082e-26 4.27168e-20 1.04715e-14 3.10289e-10 1.1114e-06 0.000481196 0.025184 0.159322 0.122329 0.0423711 0.236563 0.218625 0.0508461 0.0613586 0.0252386 0.0179119 0.0105562 0.00774509 0.00590943 0.00499948 0.00492508 0.00432043 0.00131399
 2.56123e-27 2.5836e-27 2.93339e-26 5.64844e-20 1.38465e-14 4.10296e-10 1.46961e-06 0.000636285 0.0333009 0.210671 0.161463 0.0376873 0.173427 0.16139 0.0595364 0.0954455 0.0333778 0.0153913 0.00681397 0.00376443 0.00231454 0.00166144 0.0014405 0.00125826 0.000418713
 2.56421e-27 2.59112e-27 3.54076e-26 6.9295e-20 1.69868e-14 5.03351e-10 1.80292e-06 0.000780594 0.0408535 0.258451 0.198 0.0410166 0.173091 0.159901 0.0378903 0.0465479 0.0200296 0.0147156 0.00513481 0.00181477 0.000756094 0.000408553 0.000289708 0.000236073 8.11629e-05
 2.56245e-27 2.58617e-27 3.08433e-26 5.96658e-20 1.46263e-14 4.33405e-10 1.55238e-06 0.000672123 0.0351765 0.222537 0.17062 0.0437181 0.212888 0.196488 0.0419827 0.0464241 0.0161988 0.00754976 0.003512 0.00156251 0.000410338 0.000133117 6.58306e-05 4.5569e-05 1.5452e-05
 2.56205e-27 2.58527e-27 3.02375e-26 5.83884e-20 1.43132e-14 4.24126e-10 1.51915e-06 0.000657733 0.0344234 0.217772 0.166959 0.0422573 0.204344 0.189025 0.0483273 0.0627653 0.0210285 0.00821013 0.00275793 0.000999262 0.000355783 8.12811e-05 2.10047e-05 1.02395e-05 3.23092e-06
 2.56261e-27 2.58672e-27 3.14573e-26 6.09614e-20 1.49439e-14 4.42816e-10 1.58609e-06 0.000686717 0.0359403 0.227369 0.17429 0.0424746 0.200846 0.185618 0.044439 0.0548226 0.019661 0.00965714 0.00305841 0.000849785 0.000216934 5.63434e-05 9.83676e-06 2.36263e-06 6.13923e-07
 2.5624e-27 2.58604e-27 3.07446e-26 5.94575e-20 1.45753e-14 4.31892e-10 1.54696e-06 0.000669777 0.0350537 0.22176 0.170025 0.0436228 0.212581 0.196262 0.0430036 0.0488099 0.0169247 0.00755394 0.00265661 0.000857678 0.000178991 3.32334e-05 5.49911e-06 7.02619e-07 1.11143e-07
 2.56246e-27 2.58617e-27 3.0834e-26 5.9646e-20 1.46215e-14 4.33261e-10 1.55187e-06 0.000671899 0.0351648 0.222463 0.170564 0.0437683 0.21331 0.196929 0.0430357 0.0486734 0.0162423 0.00627502 0.00206966 0.000645814 0.000156875 2.61565e-05 3.12043e-06 2.97491e-07 2.34418e-08
 2.56318e-27 2.58805e-27 3.24365e-26 6.30265e-20 1.54502e-14 4.57817e-10 1.63982e-06 0.00070998 0.0371578 0.235071 0.180192 0.043772 0.206573 0.190613 0.0401092 0.0435746 0.0144735 0.00547674 0.00168881 0.000460888 0.000105023 1.90645e-05 2.09771e-06 1.42355e-07 6.62639e-09
 2.5651e-27 2.59317e-27 3.68786e-26 7.2397e-20 1.77472e-14 5.25883e-10 1.88362e-06 0.000815537 0.0426823 0.27002 0.206868 0.043162 0.183189 0.168885 0.0335744 0.0341107 0.0111493 0.00395141 0.00120097 0.000314796 6.32922e-05 1.04718e-05 1.19539e-06 7.23902e-08 2.25116e-09
 2.56352e-27 2.58878e-27 3.28925e-26 6.39877e-20 1.56858e-14 4.64799e-10 1.66483e-06 0.000720808 0.0377245 0.238656 0.182951 0.0451554 0.215163 0.198215 0.0355995 0.0313272 0.0100194 0.00323233 0.000947428 0.000234749 4.55112e-05 6.76036e-06 6.9442e-07 4.18892e-08 1.10008e-09
 2.56415e-27 2.59054e-27 3.44846e-26 6.73464e-20 1.65092e-14 4.89196e-10 1.75222e-06 0.000758644 0.0397047 0.251183 0.192504 0.0443666 0.202448 0.186574 0.0352155 0.0333589 0.0102805 0.0026685 0.000734596 0.00016672 3.04463e-05 4.28277e-06 3.96154e-07 2.15777e-08 5.42401e-10
 2.56549e-27 2.5941e-27 3.75626e-26 7.38395e-20 1.81009e-14 5.36361e-10 1.92116e-06 0.000831787 0.0435327 0.2754 0.210991 0.0440684 0.18719 0.172344 0.0299778 0.0249983 0.00778953 0.00218176 0.000566518 0.00010572 1.74716e-05 2.26486e-06 1.95061e-07 9.54051e-09 2.17768e-10
 2.56393e-27 2.58977e-27 3.36573e-26 6.56006e-20 1.60812e-14 4.76515e-10 1.7068e-06 0.000738977 0.0386754 0.244672 0.187556 0.0458876 0.217499 0.200168 0.0322972 0.023269 0.00704248 0.00166383 0.000431186 8.3982e-05 1.20824e-05 1.3308e-06 1.03485e-07 4.6418e-09 9.5065e-11
 2.5617e-27 2.58381e-27 2.84784e-26 5.46756e-20 1.34031e-14 3.97157e-10 1.42255e-06 0.000615909 0.0322345 0.203925 0.156454 0.0466006 0.244777 0.225551 0.0406107 0.0358273 0.0106558 0.00213391 0.000511917 8.67434e-05 1.26209e-05 1.29836e-06 8.4045e-08 3.32662e-09 6.17715e-11
 2.56258e-27 2.58627e-27 3.07098e-26 5.93832e-20 1.45571e-14 4.31352e-10 1.54503e-06 0.000668939 0.0350099 0.221483 0.169843 0.0454911 0.226926 0.20917 0.0393552 0.0371083 0.011359 0.00280348 0.000670202 9.6845e-05 1.23625e-05 1.18636e-06 7.28253e-08 2.42428e-09 3.9103e-11
 2.56371e-27 2.58923e-27 3.32274e-26 6.46939e-20 1.58589e-14 4.69929e-10 1.68321e-06 0.000728764 0.0381409 0.24129 0.184969 0.0455681 0.216886 0.199703 0.034026 0.0273396 0.00843597 0.00223396 0.000567777 9.72661e-05 1.16557e-05 9.47001e-07 5.21757e-08 1.61592e-09 2.22311e-11
 2.56424e-27 2.59061e-27 3.43841e-26 6.71338e-20 1.6457e-14 4.87652e-10 1.74669e-06 0.000756249 0.0395793 0.25039 0.191921 0.0458033 0.21379 0.196719 0.0311902 0.0216067 0.00644789 0.00137649 0.000344584 6.35586e-05 8.60512e-06 7.40271e-07 3.50647e-08 9.50251e-10 1.19053e-11
 2.56405e-27 2.59008e-27 3.39172e-26 6.61489e-20 1.62156e-14 4.80498e-10 1.72106e-06 0.000745154 0.0389987 0.246717 0.189118 0.0459324 0.216743 0.199452 0.0318345 0.0223804 0.00656123 0.00119405 0.000273822 4.21497e-05 5.79109e-06 5.54929e-07 2.8719e-08 7.00096e-10 7.5901e-12
 2.5638e-27 2.58933e-27 3.31765e-26 6.4586e-20 1.58325e-14 4.69145e-10 1.6804e-06 0.000727548 0.0380773 0.240888 0.18468 0.0467415 0.226017 0.20787 0.0307845 0.0178667 0.00519919 0.00091482 0.000201137 2.64132e-05 3.1034e-06 2.72329e-07 1.5355e-08 4.08867e-10 4.13981e-12
 2.56557e-27 2.59416e-27 3.74821e-26 7.36692e-20 1.80591e-14 5.35124e-10 1.91672e-06 0.000829868 0.0434323 0.274765 0.210524 0.0452273 0.196337 0.180537 0.0269539 0.0160071 0.00457431 0.000655276 0.000135716 1.71154e-05 1.81842e-06 1.32813e-07 6.59867e-09 1.84056e-10 2.01773e-12
 2.56531e-27 2.59344e-27 3.68044e-26 7.22393e-20 1.77086e-14 5.24737e-10 1.87952e-06 0.000813761 0.0425893 0.269432 0.206461 0.0457588 0.203237 0.186824 0.0266167 0.0136578 0.00390014 0.00057785 0.000116622 1.22185e-05 1.20329e-06 8.08686e-08 3.36674e-09 8.11924e-11 9.0093e-13
 2.565e-27 2.59258e-27 3.60348e-26 7.06158e-20 1.73106e-14 5.12944e-10 1.83728e-06 0.000795472 0.0416322 0.263377 0.201842 0.0460864 0.208975 0.192098 0.0271725 0.0135947 0.0038332 0.000486726 9.41197e-05 1.00616e-05 9.09548e-07 5.211e-08 1.97371e-09 4.03884e-11 3.85053e-13
 2.56587e-27 2.59497e-27 3.8185e-26 7.5152e-20 1.84226e-14 5.45895e-10 1.9553e-06 0.000846571 0.0443065 0.280295 0.214746 0.0451176 0.192536 0.177007 0.0259086 0.0145106 0.00410107 0.00051616 9.72379e-05 9.05899e-06 7.87943e-07 4.37363e-08 1.42653e-09 2.56205e-11 2.09065e-13
 2.56535e-27 2.5935e-27 3.68169e-26 7.22656e-20 1.7715e-14 5.24929e-10 1.88021e-06 0.000814057 0.0426048 0.26953 0.206541 0.0460818 0.205638 0.188962 0.025571 0.0107356 0.00302511 0.000408621 7.87017e-05 7.22844e-06 5.87535e-07 2.9133e-08 9.136e-10 1.45548e-11 1.02276e-13
 2.56489e-27 2.59226e-27 3.57239e-26 6.99598e-20 1.71498e-14 5.0818e-10 1.82021e-06 0.000788083 0.0412454 0.26093 0.199979 0.0463581 0.212352 0.195173 0.0269662 0.0123483 0.00342969 0.000358385 6.32483e-05 6.17755e-06 5.11541e-07 2.43316e-08 6.86328e-10 1.01504e-11 6.44575e-14
 2.56458e-27 2.5914e-27 3.49573e-26 6.83426e-20 1.67534e-14 4.96432e-10 1.77814e-06 0.000769865 0.040292 0.254898 0.195378 0.0466977 0.218168 0.200513 0.0274274 0.0120567 0.00335589 0.000370737 6.4823e-05 5.0247e-06 3.86728e-07 1.92977e-08 5.35268e-10 7.24709e-12 4.19422e-14
 2.56581e-27 2.59475e-27 3.79372e-26 7.4629e-20 1.82944e-14 5.42096e-10 1.9417e-06 0.00084068 0.0439982 0.278345 0.213265 0.0456508 0.197634 0.1816 0.0247142 0.0106316 0.002949 0.000311202 5.36978e-05 4.34407e-06 3.11037e-07 1.27412e-08 3.51041e-10 4.78178e-12 2.5831e-14
 2.56685e-27 2.59766e-27 4.05822e-26 8.02092e-20 1.96623e-14 5.82629e-10 2.08688e-06 0.00090354 0.047288 0.299157 0.229134 0.0442523 0.175842 0.161636 0.0238239 0.0136247 0.00382377 0.000429576 7.57473e-05 5.90906e-06 4.22464e-07 1.72805e-08 4.0734e-10 5.07658e-12 2.75184e-14
#obs surv len freq
 1.08429e-41 1.50492e-33 2.52481e-26 5.12027e-20 1.25517e-14 3.71931e-10 1.3322e-06 0.000576795 0.0301872 0.190973 0.146536 0.0402334 0.173785 0.146998 0.103635 0.101444 0.0439134 0.0172622 0.00393168 0.00049695 2.55653e-05 3.88341e-07 1.31302e-09 8.06237e-13 7.8792e-17
 1.60405e-41 2.22632e-33 3.73511e-26 7.57473e-20 1.85686e-14 5.5022e-10 1.9708e-06 0.000853288 0.0446577 0.282518 0.216453 0.0406569 0.126509 0.102139 0.076152 0.0688281 0.02872 0.0102155 0.00206235 0.000223493 9.42599e-06 1.11212e-07 2.79892e-10 1.24658e-13 8.70946e-18
 1.53499e-41 2.13047e-33 3.5743e-26 7.24861e-20 1.77691e-14 5.26531e-10 1.88595e-06 0.000816551 0.042735 0.270355 0.207394 0.0499434 0.176433 0.128643 0.0566481 0.0428878 0.0174196 0.00562886 0.00100031 9.05052e-05 3.06062e-06 2.7845e-08 5.22045e-11 1.69012e-14 8.45669e-19
 1.07392e-41 1.49053e-33 2.50067e-26 5.07131e-20 1.24317e-14 3.68374e-10 1.31946e-06 0.000571279 0.0298985 0.189149 0.145617 0.0564236 0.230051 0.163017 0.0982994 0.0661479 0.0161767 0.00398159 0.00061829 4.62049e-05 1.2245e-06 8.43879e-09 1.17132e-11 2.75851e-15 9.912e-20
 1.50084e-41 2.08306e-33 3.49477e-26 7.08732e-20 1.73737e-14 5.14816e-10 1.84399e-06 0.000798382 0.0417842 0.26434 0.202836 0.0472097 0.142277 0.104247 0.104212 0.0692673 0.0190944 0.00357587 0.000337405 1.92003e-05 3.93602e-07 2.02131e-09 2.04895e-12 3.48703e-16 8.98827e-21
 1.20054e-41 1.66627e-33 2.79551e-26 5.66924e-20 1.38975e-14 4.11808e-10 1.47503e-06 0.000638636 0.0334237 0.211452 0.163009 0.0650129 0.231342 0.144071 0.0783985 0.0496579 0.0189752 0.00371367 0.000293779 1.01833e-05 1.39685e-07 5.20937e-10 3.81262e-13 4.63993e-17 8.51607e-22
 1.37791e-41 1.91245e-33 3.20853e-26 6.50683e-20 1.59507e-14 4.72649e-10 1.69295e-06 0.00073299 0.0383618 0.242691 0.18674 0.0579347 0.175046 0.116546 0.109643 0.0568356 0.0127696 0.00247161 0.000220771 6.35713e-06 5.47165e-08 1.27717e-10 6.39447e-14 5.48375e-18 7.10775e-23
 1.19832e-41 1.66319e-33 2.79034e-26 5.65875e-20 1.38718e-14 4.11046e-10 1.4723e-06 0.000637454 0.0333618 0.211063 0.163156 0.0723088 0.227252 0.133219 0.0933089 0.049002 0.0145274 0.00202605 0.000132077 3.69833e-06 2.65005e-08 4.07862e-11 1.25772e-14 6.97874e-19 6.15212e-24
 1.5129e-41 2.09981e-33 3.52286e-26 7.14429e-20 1.75134e-14 5.18954e-10 1.85881e-06 0.000804799 0.04212 0.266469 0.205286 0.0644881 0.16726 0.104142 0.0963073 0.0421607 0.00951973 0.00136062 7.88299e-05 1.55719e-06 9.16678e-09 1.15087e-11 2.51719e-15 8.96977e-20 4.99594e-25
 1.52003e-41 2.1097e-33 3.53946e-26 7.17797e-20 1.75959e-14 5.214e-10 1.86757e-06 0.000808593 0.0423185 0.267728 0.206862 0.0778848 0.198138 0.103592 0.0662779 0.0284918 0.00706558 0.000791925 3.80378e-05 6.4006e-07 2.73239e-09 2.53257e-12 4.29383e-16 1.14518e-20 4.4498e-26
 1.09676e-41 1.52223e-33 2.55386e-26 5.17917e-20 1.26961e-14 3.76209e-10 1.34752e-06 0.00058343 0.0305344 0.193185 0.151017 0.0972037 0.258184 0.136098 0.0952209 0.0318636 0.00551358 0.000572206 2.34878e-05 3.03283e-07 1.01529e-09 6.93307e-13 8.33033e-17 1.61162e-21 4.64033e-27
 1.66745e-41 2.31431e-33 3.88274e-26 7.87412e-20 1.93025e-14 5.71968e-10 2.0487e-06 0.000887015 0.0464228 0.293695 0.226761 0.0712762 0.144713 0.0938854 0.0892074 0.0283065 0.00450541 0.000328946 1.00223e-05 1.04512e-07 2.63307e-10 1.33098e-13 1.173e-17 1.61811e-22 3.27535e-28
 1.33758e-41 1.85647e-33 3.11462e-26 6.31638e-20 1.54839e-14 4.58815e-10 1.6434e-06 0.000711536 0.037239 0.235609 0.184587 0.11056 0.242925 0.106627 0.0573079 0.0202284 0.00393589 0.000260095 5.91261e-06 4.23395e-08 7.83599e-11 2.92867e-14 1.86678e-18 1.85255e-23 2.68825e-29
 1.11407e-41 1.54626e-33 2.59417e-26 5.26092e-20 1.28965e-14 3.82147e-10 1.36879e-06 0.000592639 0.0310164 0.19625 0.155124 0.111899 0.23537 0.138157 0.104267 0.0241317 0.00298018 0.000206757 4.60562e-06 2.53996e-08 3.20453e-11 8.21662e-15 3.72245e-19 2.64657e-24 2.73603e-30
 8.74214e-42 1.21335e-33 2.03565e-26 4.12826e-20 1.01199e-14 2.99872e-10 1.07409e-06 0.000465045 0.0243387 0.154017 0.124128 0.123179 0.248782 0.160109 0.125108 0.0349367 0.00472399 0.000209237 3.56902e-06 1.79372e-08 1.82913e-11 3.327e-15 1.01762e-19 4.9213e-25 3.5362e-31
 1.41278e-41 1.96084e-33 3.28972e-26 6.67149e-20 1.63544e-14 4.8461e-10 1.73579e-06 0.000751539 0.0393326 0.248865 0.195091 0.0945648 0.159834 0.126561 0.101807 0.0288658 0.00412741 0.00019487 2.62238e-06 9.02967e-09 7.21313e-12 1.06007e-15 2.45034e-20 8.37277e-26 4.1061e-32
 9.7636e-42 1.35512e-33 2.2735e-26 4.61061e-20 1.13024e-14 3.3491e-10 1.19959e-06 0.000519383 0.0271825 0.17205 0.141846 0.162234 0.272926 0.126082 0.0718748 0.021981 0.00315348 0.000147051 1.93356e-06 5.62455e-09 3.19018e-12 3.29159e-16 5.67997e-21 1.48178e-26 5.43445e-33
 1.43363e-41 1.98978e-33 3.33827e-26 6.76994e-20 1.65957e-14 4.91761e-10 1.76141e-06 0.000762629 0.039913 0.252563 0.199916 0.107902 0.16141 0.136239 0.084248 0.0153094 0.00165853 7.50944e-05 9.24296e-07 2.43598e-09 1.17232e-12 9.23422e-17 1.12368e-21 2.03936e-27 5.33646e-34
 1.00521e-41 1.39516e-33 2.34068e-26 4.74685e-20 1.16363e-14 3.44806e-10 1.23504e-06 0.000534729 0.0279858 0.177191 0.149751 0.183677 0.261257 0.120851 0.0617267 0.0155458 0.00143678 4.16161e-05 4.11344e-07 9.44758e-10 3.87848e-13 2.52903e-17 2.44145e-22 3.33352e-28 6.26134e-35
 1.2901e-41 1.79057e-33 3.00405e-26 6.09216e-20 1.49342e-14 4.42528e-10 1.58506e-06 0.000686277 0.0359172 0.227342 0.184511 0.132572 0.181486 0.151848 0.0735716 0.0111187 0.00092004 2.6018e-05 1.81638e-07 2.92717e-10 9.39705e-14 4.94526e-18 3.82263e-23 4.11534e-29 5.98073e-36
 1.40927e-41 1.95597e-33 3.28155e-26 6.65491e-20 1.63137e-14 4.83406e-10 1.73148e-06 0.000749671 0.0392351 0.24839 0.204304 0.159108 0.187338 0.102058 0.0482756 0.00986857 0.000658294 1.32114e-05 7.80152e-08 9.66855e-11 2.14287e-14 7.96061e-19 4.58057e-24 3.7715e-30 4.21291e-37
 1.12844e-41 1.5662e-33 2.62763e-26 5.32877e-20 1.30629e-14 3.87076e-10 1.38644e-06 0.000600283 0.0314169 0.199033 0.172651 0.196631 0.225315 0.122775 0.0446863 0.00645265 0.000427965 8.12782e-06 3.51632e-08 3.22582e-11 5.4666e-15 1.4759e-19 5.89814e-25 3.37132e-31 2.67807e-38
 1.37522e-41 1.90871e-33 3.20226e-26 6.49411e-20 1.59196e-14 4.71725e-10 1.68964e-06 0.000731557 0.0382873 0.242485 0.203056 0.160327 0.179116 0.126459 0.0439621 0.00531972 0.000250727 3.77055e-06 1.42725e-08 1.02694e-11 1.25081e-15 2.43792e-20 7.13514e-26 2.95057e-32 1.65596e-39
 1.35545e-41 1.88127e-33 3.15622e-26 6.40075e-20 1.56907e-14 4.64944e-10 1.66535e-06 0.00072104 0.0377372 0.239146 0.207101 0.194031 0.188122 0.0968021 0.0320217 0.00414645 0.000167112 1.81692e-06 4.93569e-09 2.76545e-12 2.65519e-16 3.87494e-21 8.12907e-27 2.38386e-33 9.55199e-41
 1.19048e-41 1.65231e-33 2.7721e-26 5.62176e-20 1.37811e-14 4.08359e-10 1.46268e-06 0.000633288 0.0331451 0.210249 0.190799 0.214241 0.206609 0.112176 0.0292119 0.00283085 0.000103135 9.84435e-07 2.00437e-09 7.83119e-13 5.35639e-17 5.80151e-22 9.162e-28 1.99547e-34 5.8015e-42
 1.0656e-41 1.47898e-33 2.4813e-26 5.03203e-20 1.23354e-14 3.65521e-10 1.30924e-06 0.000566855 0.0296687 0.188409 0.178423 0.221307 0.217298 0.129346 0.0321574 0.00274777 7.43603e-05 5.48028e-07 9.14592e-10 2.77447e-13 1.36424e-17 1.02655e-22 1.13259e-28 1.75999e-35 3.71763e-43
 1.05431e-41 1.46331e-33 2.45501e-26 4.97872e-20 1.22047e-14 3.61649e-10 1.29537e-06 0.00056085 0.0293551 0.186584 0.180526 0.222278 0.216549 0.130418 0.0311386 0.00253095 5.84306e-05 3.26826e-07 3.94749e-10 8.96984e-14 3.36737e-18 1.89215e-23 1.50384e-29 1.6397e-36 2.40571e-44
 1.27113e-41 1.76425e-33 2.9599e-26 6.00261e-20 1.47147e-14 4.36023e-10 1.56176e-06 0.000676191 0.0353913 0.224663 0.204997 0.199986 0.192373 0.112814 0.026872 0.0021784 4.87729e-05 2.50585e-07 2.5565e-10 4.62408e-14 1.36784e-18 6.17597e-24 4.01661e-30 3.59565e-37 4.29137e-45
 1.27116e-41 1.76429e-33 2.95995e-26 6.00273e-20 1.4715e-14 4.36032e-10 1.56179e-06 0.000676204 0.035392 0.224667 0.205001 0.199995 0.192537 0.113156 0.0264997 0.00203267 4.2143e-05 1.96503e-07 1.79248e-10 2.86472e-14 7.42199e-19 2.91895e-24 1.64879e-30 1.28022e-37 1.32407e-45
#pred catch len freq
 2.55694e-27 2.57146e-27 1.82109e-26 3.30182e-20 8.09401e-15 2.3984e-10 8.59066e-07 0.000371943 0.0194661 0.123149 0.0947366 0.044195 0.269829 0.249233 0.0546451 0.0623072 0.025364 0.0176678 0.0103764 0.00760038 0.00579682 0.00490384 0.00483081 0.00423774 0.00128884
 2.55941e-27 2.57862e-27 2.49133e-26 4.71586e-20 1.15604e-14 3.42554e-10 1.22697e-06 0.000531232 0.0278028 0.175889 0.134927 0.0391367 0.203101 0.188749 0.0639348 0.0985841 0.0342434 0.0154524 0.00681486 0.00375697 0.00230891 0.00165726 0.00143685 0.00125508 0.000417653
 2.56219e-27 2.5856e-27 3.05012e-26 5.89446e-20 1.44496e-14 4.28167e-10 1.53362e-06 0.000663999 0.0347513 0.219847 0.16855 0.0426977 0.206577 0.190747 0.0423728 0.0490108 0.0208507 0.0150465 0.00523754 0.00184626 0.000768765 0.000415348 0.000294522 0.000239996 8.25115e-05
 2.5605e-27 2.5808e-27 2.60501e-26 4.95538e-20 1.21475e-14 3.59952e-10 1.28929e-06 0.000558213 0.0292149 0.184822 0.14185 0.0455488 0.247032 0.227906 0.0459245 0.0475001 0.0164536 0.00750413 0.00347721 0.00154413 0.000405319 0.000131464 6.50114e-05 4.50019e-05 1.52597e-05
 2.56038e-27 2.58068e-27 2.61229e-26 4.97082e-20 1.21854e-14 3.61074e-10 1.29331e-06 0.000559953 0.0293059 0.185398 0.142264 0.043916 0.234317 0.216589 0.0514939 0.0630406 0.020991 0.00801415 0.00268225 0.000969284 0.000344923 7.87901e-05 2.03602e-05 9.92525e-06 3.13177e-06
 2.56117e-27 2.58275e-27 2.78831e-26 5.34211e-20 1.30955e-14 3.88044e-10 1.38991e-06 0.000601778 0.0314949 0.199246 0.15284 0.0440425 0.227848 0.210427 0.0468715 0.0541125 0.0192531 0.00925584 0.00292272 0.000809884 0.000206614 5.36534e-05 9.36686e-06 2.24976e-06 5.84593e-07
 2.56115e-27 2.58256e-27 2.75948e-26 5.28126e-20 1.29464e-14 3.83624e-10 1.37408e-06 0.000594923 0.0311361 0.196976 0.151125 0.0451256 0.237296 0.218946 0.0447994 0.0471825 0.0162398 0.00708899 0.00248448 0.000800148 0.000166893 3.09806e-05 5.12612e-06 6.54959e-07 1.03604e-07
 2.56137e-27 2.58314e-27 2.80789e-26 5.38335e-20 1.31966e-14 3.9104e-10 1.40064e-06 0.000606424 0.031738 0.200784 0.154033 0.045182 0.235682 0.217443 0.0442985 0.0463782 0.0153754 0.00580549 0.00190773 0.000593736 0.000144141 2.40291e-05 2.86651e-06 2.73281e-07 2.1534e-08
 2.56214e-27 2.58516e-27 2.9813e-26 5.74916e-20 1.40934e-14 4.17611e-10 1.49581e-06 0.00064763 0.0338946 0.214427 0.16445 0.0451159 0.227861 0.210131 0.0413039 0.0413757 0.0136533 0.00504886 0.00155131 0.000422204 9.61466e-05 1.74499e-05 1.91997e-06 1.30293e-07 6.0649e-09
 2.564e-27 2.59013e-27 3.41312e-26 6.66011e-20 1.63264e-14 4.83782e-10 1.73283e-06 0.000750247 0.0392652 0.248403 0.190382 0.0444414 0.204508 0.188454 0.0351649 0.0328054 0.0106552 0.00368973 0.00111725 0.00029205 5.86819e-05 9.7069e-06 1.10803e-06 6.70991e-08 2.08662e-09
 2.56273e-27 2.58659e-27 3.08961e-26 5.97758e-20 1.46533e-14 4.34204e-10 1.55525e-06 0.000673362 0.0352413 0.222947 0.170973 0.0462603 0.231986 0.213623 0.0362331 0.0288869 0.00918122 0.00289268 0.000844505 0.000208661 4.04269e-05 6.0038e-06 6.16677e-07 3.71992e-08 9.76908e-10
 2.56358e-27 2.58892e-27 3.29902e-26 6.41936e-20 1.57363e-14 4.66295e-10 1.67019e-06 0.000723128 0.0378459 0.239424 0.18354 0.0453292 0.216071 0.199025 0.035256 0.0303126 0.00929388 0.00235514 0.000645305 0.000146032 2.66498e-05 3.74787e-06 3.46659e-07 1.88816e-08 4.74628e-10
 2.565e-27 2.5927e-27 3.62792e-26 7.11319e-20 1.74371e-14 5.16693e-10 1.85071e-06 0.000801286 0.0419364 0.265302 0.203293 0.0448764 0.198747 0.182911 0.030075 0.0225557 0.00698729 0.0019106 0.000494047 9.19195e-05 1.51787e-05 1.96714e-06 1.69412e-07 8.28589e-09 1.89131e-10
 2.56331e-27 2.58806e-27 3.20884e-26 6.22907e-20 1.52698e-14 4.52472e-10 1.62068e-06 0.000701692 0.036724 0.232327 0.178144 0.0467802 0.230904 0.21244 0.0326772 0.0210443 0.00633385 0.00146093 0.000376743 7.31617e-05 1.05179e-05 1.15816e-06 9.00547e-08 4.03935e-09 8.27265e-11
 2.5615e-27 2.58321e-27 2.78728e-26 5.33978e-20 1.30898e-14 3.87875e-10 1.3893e-06 0.000601515 0.0314811 0.199159 0.152827 0.0473599 0.253103 0.233097 0.0394625 0.0313077 0.00926997 0.00181236 0.000432347 7.30364e-05 1.06177e-05 1.09199e-06 7.06818e-08 2.79764e-09 5.19489e-11
 2.56258e-27 2.58621e-27 3.05786e-26 5.91062e-20 1.44892e-14 4.2934e-10 1.53782e-06 0.000665819 0.0348466 0.220449 0.169064 0.0461365 0.232385 0.214065 0.0376539 0.0319913 0.00974256 0.00234674 0.000558501 8.04575e-05 1.0261e-05 9.84394e-07 6.04234e-08 2.0114e-09 3.24433e-11
 2.56383e-27 2.58951e-27 3.34214e-26 6.5103e-20 1.59592e-14 4.729e-10 1.69385e-06 0.000733372 0.038382 0.242816 0.18614 0.0459728 0.219142 0.201677 0.0324294 0.0231968 0.00711526 0.00183873 0.000465278 7.94684e-05 9.51555e-06 7.72874e-07 4.25787e-08 1.31867e-09 1.81416e-11
 2.56421e-27 2.59047e-27 3.42143e-26 6.67754e-20 1.63692e-14 4.85048e-10 1.73736e-06 0.000752211 0.039368 0.249053 0.190907 0.0462237 0.217702 0.200241 0.0302303 0.0185296 0.005499 0.00114579 0.000285282 5.24626e-05 7.09748e-06 6.10403e-07 2.89111e-08 7.83474e-10 9.81576e-12
 2.56452e-27 2.59132e-27 3.49735e-26 6.8377e-20 1.67618e-14 4.96682e-10 1.77903e-06 0.000770253 0.0403123 0.255027 0.195465 0.0459631 0.212517 0.195469 0.0296128 0.0183167 0.0053423 0.000949006 0.000216296 3.31915e-05 4.55617e-06 4.36472e-07 2.25871e-08 5.50606e-10 5.96938e-12
 2.56429e-27 2.59064e-27 3.43138e-26 6.69852e-20 1.64206e-14 4.86572e-10 1.74282e-06 0.000754574 0.0394917 0.249836 0.191512 0.046654 0.220552 0.202766 0.0287672 0.0145519 0.00420974 0.000723091 0.000157998 2.0684e-05 2.42781e-06 2.12977e-07 1.20076e-08 3.19729e-10 3.23727e-12
 2.56594e-27 2.59514e-27 3.83195e-26 7.54356e-20 1.84921e-14 5.47955e-10 1.96268e-06 0.000849766 0.0444737 0.281353 0.215555 0.0452076 0.192653 0.177081 0.0253119 0.0131343 0.00373398 0.000522644 0.000107431 1.35063e-05 1.43352e-06 1.04665e-07 5.19973e-09 1.45033e-10 1.58993e-12
 2.56581e-27 2.59476e-27 3.79503e-26 7.46566e-20 1.83012e-14 5.42296e-10 1.94241e-06 0.000840991 0.0440144 0.278448 0.213342 0.0455845 0.197076 0.181097 0.0248436 0.0110574 0.00313857 0.000454258 9.10224e-05 9.50737e-06 9.35171e-07 6.28274e-08 2.61541e-09 6.30719e-11 6.99858e-13
 2.56534e-27 2.59347e-27 3.67967e-26 7.2223e-20 1.77046e-14 5.24619e-10 1.8791e-06 0.000813578 0.0425797 0.269371 0.206419 0.0460438 0.205435 0.188786 0.0257512 0.011189 0.00313682 0.000389453 7.46815e-05 7.95901e-06 7.18664e-07 4.11584e-08 1.55875e-09 3.18962e-11 3.04089e-13
 2.56656e-27 2.59683e-27 3.98116e-26 7.85834e-20 1.92638e-14 5.7082e-10 2.04458e-06 0.000885226 0.0463295 0.293094 0.224513 0.0447933 0.183206 0.168356 0.0236265 0.0114864 0.00322923 0.000397362 7.42308e-05 6.89473e-06 5.98915e-07 3.32315e-08 1.08379e-09 1.94643e-11 1.58829e-13
 2.56601e-27 2.59529e-27 3.83936e-26 7.55918e-20 1.85304e-14 5.49089e-10 1.96675e-06 0.000851526 0.0445658 0.281936 0.216007 0.0456886 0.195995 0.180042 0.0236175 0.00852741 0.00238591 0.000314951 6.01875e-05 5.5115e-06 4.474e-07 2.21757e-08 6.95342e-10 1.10773e-11 7.78396e-14
 2.56573e-27 2.59454e-27 3.77344e-26 7.4201e-20 1.81895e-14 5.38987e-10 1.93056e-06 0.000835859 0.0437459 0.276749 0.212049 0.0458397 0.199926 0.183684 0.0245175 0.00965907 0.00266645 0.000272779 4.76516e-05 4.63979e-06 3.83738e-07 1.82456e-08 5.14599e-10 7.61039e-12 4.83274e-14
 2.56553e-27 2.59398e-27 3.72347e-26 7.3147e-20 1.79311e-14 5.3133e-10 1.90314e-06 0.000823985 0.0431244 0.272817 0.209051 0.0460742 0.203817 0.187254 0.0247739 0.00934602 0.00258451 0.000279383 4.83866e-05 3.73979e-06 2.8739e-07 1.4335e-08 3.97574e-10 5.38265e-12 3.11516e-14
 2.5659e-27 2.59497e-27 3.81128e-26 7.49993e-20 1.83852e-14 5.44785e-10 1.95133e-06 0.000844851 0.0442165 0.279726 0.214321 0.045764 0.197753 0.181669 0.0239836 0.00894982 0.00246737 0.000254969 4.35642e-05 3.51396e-06 2.51242e-07 1.02875e-08 2.83399e-10 3.86026e-12 2.08528e-14
 2.56493e-27 2.59238e-27 3.58647e-26 7.0257e-20 1.72227e-14 5.10338e-10 1.82795e-06 0.000791431 0.0414206 0.262039 0.20082 0.0460872 0.209699 0.192781 0.0275534 0.0142883 0.00399516 0.000439874 7.68946e-05 5.98168e-06 4.27029e-07 1.74601e-08 4.11521e-10 5.1285e-12 2.77995e-14
#obs catch len freq
 5.02403e-42 6.97302e-34 1.16987e-26 2.37247e-20 5.81583e-15 1.72334e-10 6.17271e-07 0.000267257 0.0139872 0.0884881 0.068291 0.0397813 0.217843 0.185968 0.143487 0.143375 0.0650185 0.026424 0.00621798 0.000807473 4.30492e-05 6.81978e-07 2.40195e-09 1.52979e-12 1.54366e-16
 5.72686e-42 7.94851e-34 1.33353e-26 2.70437e-20 6.62944e-15 1.96442e-10 7.03625e-07 0.000304645 0.0159439 0.100867 0.0778592 0.0437745 0.223801 0.181988 0.142758 0.130609 0.0563178 0.0208176 0.00443604 0.00050081 2.1836e-05 2.66588e-07 6.95059e-10 3.20002e-13 2.30294e-17
 1.07792e-41 1.49608e-33 2.50998e-26 5.0902e-20 1.2478e-14 3.69747e-10 1.32437e-06 0.000573407 0.0300099 0.189852 0.145852 0.0451449 0.181624 0.140904 0.114398 0.096033 0.0396965 0.0131907 0.00247434 0.000237523 8.40638e-06 7.90529e-08 1.5261e-10 5.08115e-14 2.61003e-18
 1.11173e-41 1.543e-33 2.5887e-26 5.24984e-20 1.28694e-14 3.81343e-10 1.36591e-06 0.000591391 0.0309511 0.195808 0.150743 0.0583541 0.237762 0.164242 0.0771373 0.054766 0.021911 0.00657086 0.00107538 8.54389e-05 2.40407e-06 1.73069e-08 2.47655e-11 5.97659e-15 2.19521e-19
 7.83537e-42 1.0875e-33 1.8245e-26 3.70006e-20 9.07025e-15 2.68768e-10 9.62684e-07 0.000416809 0.0218141 0.138006 0.10687 0.0647384 0.27357 0.184477 0.11683 0.0716359 0.0170777 0.00396372 0.000562174 3.65252e-05 7.98806e-07 4.33002e-09 4.56783e-12 7.99697e-16 2.10607e-20
 1.25855e-41 1.74678e-33 2.93059e-26 5.94318e-20 1.4569e-14 4.31707e-10 1.5463e-06 0.000669496 0.0350387 0.221668 0.170485 0.0528848 0.172423 0.122186 0.125234 0.0755842 0.0201009 0.00341317 0.0002972 1.47287e-05 2.47167e-07 9.92836e-10 7.62221e-13 9.62074e-17 1.8148e-21
 1.03842e-41 1.44125e-33 2.418e-26 4.90366e-20 1.20207e-14 3.56197e-10 1.27584e-06 0.000552394 0.0289101 0.182899 0.141583 0.0737495 0.260305 0.153575 0.0858682 0.0506382 0.0184603 0.00322425 0.000227135 6.81338e-06 7.70239e-08 2.2401e-10 1.23789e-13 1.11516e-17 1.49588e-22
 1.28039e-41 1.7771e-33 2.98146e-26 6.04633e-20 1.48219e-14 4.39199e-10 1.57314e-06 0.000681115 0.0356469 0.225517 0.173934 0.0643169 0.192 0.123592 0.116049 0.0542217 0.0117853 0.00208928 0.000162191 3.91918e-06 2.75113e-08 5.0325e-11 1.90371e-14 1.20695e-18 1.14217e-23
 1.15327e-41 1.60066e-33 2.68544e-26 5.44603e-20 1.33503e-14 3.95594e-10 1.41695e-06 0.000613491 0.0321077 0.203131 0.157509 0.0798522 0.239181 0.134037 0.093855 0.0454263 0.0126252 0.00156638 9.12221e-05 2.12486e-06 1.21334e-08 1.45012e-11 3.38507e-15 1.39073e-19 8.94729e-25
 1.51371e-41 2.10092e-33 3.52474e-26 7.14809e-20 1.75227e-14 5.1923e-10 1.8598e-06 0.000805228 0.0421424 0.266613 0.205716 0.0696996 0.171612 0.10379 0.0934751 0.0371238 0.00795418 0.00101553 5.06996e-05 8.37105e-07 3.92925e-09 3.78729e-12 6.23296e-16 1.64566e-20 6.7014e-26
 1.55245e-41 2.1547e-33 3.61495e-26 7.33104e-20 1.79712e-14 5.32519e-10 1.9074e-06 0.000825837 0.043221 0.27344 0.211611 0.0831084 0.196891 0.0984431 0.0617992 0.0244712 0.00560798 0.000555554 2.31481e-05 3.19709e-07 1.08109e-09 7.69767e-13 9.78168e-17 1.92706e-21 5.47907e-27
 1.15423e-41 1.60199e-33 2.68767e-26 5.45055e-20 1.33614e-14 3.95922e-10 1.41813e-06 0.000614001 0.0321344 0.203311 0.159321 0.10393 0.253904 0.129036 0.0868255 0.0262615 0.00425563 0.000390669 1.36374e-05 1.44239e-07 3.79954e-10 1.98083e-13 1.78122e-17 2.54101e-22 5.3414e-28
 1.72825e-41 2.3987e-33 4.02431e-26 8.16123e-20 2.00063e-14 5.92823e-10 2.1234e-06 0.000919357 0.0481155 0.304406 0.235289 0.0748546 0.140324 0.0899779 0.079678 0.0228825 0.00333296 0.000213005 5.56328e-06 4.70808e-08 9.27814e-11 3.57032e-14 2.34767e-18 2.38442e-23 3.52074e-29
 1.3991e-41 1.94186e-33 3.25787e-26 6.60689e-20 1.6196e-14 4.79918e-10 1.71899e-06 0.000744262 0.0389517 0.246451 0.193574 0.116572 0.234474 0.0985623 0.0509756 0.0166437 0.00288203 0.000163879 3.13974e-06 1.82581e-08 2.63981e-11 7.48118e-15 3.55009e-19 2.58989e-24 2.73853e-30
 1.18331e-41 1.64236e-33 2.75539e-26 5.58788e-20 1.3698e-14 4.05898e-10 1.45386e-06 0.000629471 0.0329441 0.208454 0.165287 0.118718 0.228816 0.132259 0.0915367 0.0190516 0.00217068 0.000130035 2.3824e-06 1.05078e-08 1.03189e-11 2.00648e-15 6.75843e-20 3.52722e-25 2.65473e-31
 9.43152e-42 1.30903e-33 2.19618e-26 4.4538e-20 1.0918e-14 3.23519e-10 1.15879e-06 0.000501717 0.0262579 0.166171 0.134519 0.131532 0.243556 0.155191 0.110606 0.028195 0.00333958 0.000127047 1.81415e-06 7.21715e-09 5.65885e-12 7.77035e-16 1.76625e-20 6.26812e-26 3.27568e-32
 1.5001e-41 2.08204e-33 3.49305e-26 7.08384e-20 1.73652e-14 5.14563e-10 1.84308e-06 0.00079799 0.0417637 0.264254 0.207549 0.0987088 0.153254 0.120612 0.0873935 0.0227119 0.00283907 0.00011302 1.24135e-06 3.39977e-09 2.08845e-12 2.30302e-16 3.94192e-21 9.88087e-27 3.52683e-33
 1.05249e-41 1.46079e-33 2.45078e-26 4.97013e-20 1.21837e-14 3.61025e-10 1.29313e-06 0.000559882 0.0293021 0.185482 0.153704 0.170266 0.261168 0.117598 0.0622338 0.0174339 0.00216544 8.48899e-05 8.99809e-07 2.04666e-09 8.88062e-13 6.87717e-17 8.76675e-22 1.67285e-27 4.46114e-34
 1.52755e-41 2.12014e-33 3.55697e-26 7.21346e-20 1.7683e-14 5.23978e-10 1.8768e-06 0.000812592 0.0425279 0.269121 0.213466 0.111404 0.15357 0.12715 0.0693356 0.0114657 0.00110356 4.17496e-05 4.10892e-07 8.39619e-10 3.06268e-13 1.80093e-17 1.61721e-22 2.14517e-28 4.0721e-35
 1.08876e-41 1.51112e-33 2.53522e-26 5.14138e-20 1.26035e-14 3.73464e-10 1.33769e-06 0.000579173 0.0303118 0.191944 0.163058 0.190594 0.247335 0.111293 0.0521762 0.0117616 0.000923106 2.25757e-05 1.79479e-07 3.17626e-10 9.82237e-14 4.7559e-18 3.37578e-23 3.36511e-29 4.58854e-36
 1.38738e-41 1.9256e-33 3.23059e-26 6.55156e-20 1.60604e-14 4.75899e-10 1.70459e-06 0.000738029 0.0386257 0.244507 0.199001 0.136382 0.173058 0.139632 0.0593476 0.00811251 0.00058181 1.34754e-05 7.48523e-08 9.33578e-11 2.25361e-14 8.76925e-19 4.9654e-24 3.89138e-30 4.09816e-37
 1.50481e-41 2.08858e-33 3.50402e-26 7.10608e-20 1.74197e-14 5.16178e-10 1.84887e-06 0.000800495 0.0418951 0.26526 0.218812 0.161199 0.173817 0.0915988 0.0391751 0.0070393 0.000394854 6.5683e-06 3.06534e-08 2.90726e-11 4.83921e-15 1.32867e-19 5.58495e-25 3.33672e-31 2.69378e-38
 1.22179e-41 1.69577e-33 2.845e-26 5.7696e-20 1.41435e-14 4.19098e-10 1.50114e-06 0.000649942 0.034016 0.215545 0.187747 0.200394 0.211305 0.10997 0.0355223 0.00458795 0.000257024 3.93921e-06 1.33885e-08 9.39823e-12 1.19059e-15 2.37016e-20 6.91929e-26 2.86731e-32 1.64204e-39
 1.47635e-41 2.04907e-33 3.43774e-26 6.97167e-20 1.70902e-14 5.06415e-10 1.8139e-06 0.000785354 0.041103 0.260358 0.218572 0.161742 0.16794 0.111612 0.0341137 0.00362601 0.000143975 1.75937e-06 5.18084e-09 2.8279e-12 2.57035e-16 3.68783e-21 7.86829e-27 2.35782e-33 9.54885e-41
 1.45387e-41 2.01788e-33 3.38541e-26 6.86555e-20 1.68301e-14 4.98706e-10 1.78628e-06 0.000773399 0.0404778 0.256573 0.222791 0.194054 0.173342 0.0843143 0.0248056 0.002773 9.25269e-05 8.11256e-07 1.71693e-09 7.27957e-13 5.19056e-17 5.56445e-22 8.50758e-28 1.80645e-34 5.21521e-42
 1.28808e-41 1.78777e-33 2.99936e-26 6.08264e-20 1.49109e-14 4.41836e-10 1.58259e-06 0.000685206 0.0358627 0.227567 0.207109 0.215122 0.192451 0.0970773 0.0221945 0.00187235 5.63631e-05 4.27513e-07 6.72732e-10 1.98628e-13 1.00777e-17 7.99505e-23 9.17819e-29 1.44631e-35 3.0317e-43
 1.16258e-41 1.61359e-33 2.70713e-26 5.49e-20 1.34581e-14 3.98788e-10 1.42839e-06 0.000618446 0.0323694 0.205657 0.195246 0.223223 0.204818 0.111918 0.0243312 0.00177796 3.95732e-05 2.31952e-07 2.9727e-10 6.77614e-14 2.46768e-18 1.35979e-23 1.08921e-29 1.22158e-36 1.85543e-44
 1.15158e-41 1.59832e-33 2.68151e-26 5.43805e-20 1.33307e-14 3.95014e-10 1.41488e-06 0.000612593 0.0320631 0.203686 0.192358 0.217047 0.20849 0.117727 0.0260684 0.00190664 3.86126e-05 1.84931e-07 1.87246e-10 3.51174e-14 1.07807e-18 4.92682e-24 3.17064e-30 2.78795e-37 3.28718e-45
 1.36891e-41 1.89996e-33 3.18758e-26 6.46435e-20 1.58466e-14 4.69563e-10 1.6819e-06 0.000728205 0.0381134 0.241852 0.216756 0.193138 0.180621 0.103128 0.0238183 0.00180609 3.71732e-05 1.72427e-07 1.56715e-10 2.49792e-14 6.45879e-19 2.53641e-24 1.43118e-30 1.11039e-37 1.14775e-45
#spawning biomass
 14861.7 15957 21605.7 29891.9 37893 46143.4 53535.9 59259 66491.7 87938.9 113877 133832 173597 209100 203094 168678 153669 151121 155633 139444 139999 157366 165047 189164 202057 201955 184277 178068 245508 355944 254484 99208.9 38972.1 22541.8 18543.2 17635.9 17439.7 17398.7 17390.4 17388.7 17388.4 17388.3 17388.3 17388.3 17388.3 17388.3 17388.3 17388.3 17388.3 17388.3 17388.3 17388.3 17388.3 17388.3 17388.3 17388.3 17388.3 17388.3 17388.3 17388.3 17388.3 17388.3 17388.3 17388.3 17388.3 17388.3 17388.3 17388.3 17388.3 17388.3 17388.3 17388.3 17388.3 17388.3 17388.3 17388.3 17388.3 17388.3 17388.3 17388.3 17388.3 17388.3 17388.3 17388.3 17388.3 17388.3 17388.3 17388.3 17388.3 17388.3 17388.3 17388.3 17388.3 17388.3 17388.3 17388.3 17388.3 17388.3 17388.3 17388.3 17388.3 17388.3 17388.3 17388.3 17388.3 17388.3 17388.3 17388.3 17388.3 17388.3 17388.3 17388.3 17388.3 17388.3 17388.3 17388.3 17388.3 17388.3 17388.3 17388.3 17388.3 17388.3 17388.3 17388.3 17388.3 17388.3 17388.3 17388.3 17388.3 0 0 0 0 0 0 0 0 0 0 0 0 0 0 0 0 0 0 0 0 0 0 0 0 0
