SBPRF35
0.224663
Curr Bio
48281.5
B35
184212
F35
0.339825
FOFL
0
OFL
0
Bzero
64189.3
#pred survey bio
 6828.43 7144.22 7749.68 7733.28 10221 13959.3 14505.3 16819.7 29563 49367.5 64558.9 79461 100637 134675 151009 125447 113543 115678 109685 109355 111156 117098 133361 148356 153839 170770 171023 160269 3.66434e+06 3.97117e+06 3.2673e+06 2.39242e+06 1.73782e+06 1.32312e+06 1.0805e+06 944168 868900 827449 804432 791447 783966 779553 776886 775232 774194 773531 773102 772821 772635 772511 772429 772373 772336 772311 772294 772283 772275 772270 772266 772264 772262 772261 772261 772260 772260 772259 772259 772259 772259 772259 772259 772259 772259 772259 772259 772259 772259 772259 772259 772259 772259 772259 772259 772259 772259 772259 772259 772259 772259 772259 772259 772259 772259 772259 772259 772259 772259 772259 772259 772259 772259 772259 772259 772259 772259 772259 772259 772259 772259 772259 772259 772259 772259 772259 772259 772259 772259 772259 772259 772259 772259 772259 772259 772259 772259 772259 772259 772259 0 0 0 0 0 0 0 0 0 0 0 0 0 0 0 0 0 0 0 0 0 0 0 0 0
#obs survey bio
 6274.24 8684.74 5555.09 9932.7 21106 19397.9 17063 15250.4 39915.4 59135.7 84091.3 119169 124971 152384 163794 141183 97232.8 98636 119469 103617 115459 101284 165808 209387 135147 132310 141470 168517
#pred catch bio
 4359.46 5028.79 5822.27 5644.3 7061.39 10437.7 11017.6 11526.7 19308.1 34453.2 46437 57768.3 69069.2 92814.8 115187 95345.4 85016.1 90021.7 82874.4 83185.8 84474.4 84812.8 95012 109031 109389 123581 126169 120442 0 45711.4 36195 25710.2 18194.1 13597.9 11018.8 9644.59 8936.15 8578.74 8401.02 8313.52 8270.72 8249.89 8239.77 8234.87 8232.5 8231.36 8230.82 8230.55 8230.43 8230.36 8230.33 8230.32 8230.31 8230.31 8230.31 8230.31 8230.31 8230.31 8230.31 8230.31 8230.31 8230.31 8230.31 8230.31 8230.31 8230.31 8230.31 8230.31 8230.31 8230.31 8230.31 8230.31 8230.31 8230.31 8230.31 8230.31 8230.31 8230.31 8230.31 8230.31 8230.31 8230.31 8230.31 8230.31 8230.31 8230.31 8230.31 8230.31 8230.31 8230.31 8230.31 8230.31 8230.31 8230.31 8230.31 8230.31 8230.31 8230.31 8230.31 8230.31 8230.31 8230.31 8230.31 8230.31 8230.31 8230.31 8230.31 8230.31 8230.31 8230.31 8230.31 8230.31 8230.31 8230.31 8230.31 8230.31 8230.31 8230.31 8230.31 8230.31 8230.31 8230.31 8230.31 8230.31 8230.31 8230.31 8230.31 8230.31 0 0 0 0 0 0 0 0 0 0 0 0 0 0 0 0 0 0 0 0 0 0 0 0 0
#obs catch bio
 4957.52 4957.69 5951.49 5589.53 6739.19 10093.8 10844.2 11253.8 18367 32897.3 44368.3 55935.6 66544.5 91096.8 112636 93988.4 85842 90762.9 82161.9 83472 85586.7 85305 94151.4 106591 109494 126810 127306 120681
#pred cpue bio
 6475.48 6540.47 7131.98 7078.1 9223.74 12736.4 13301.8 15211.3 26498.3 44778.3 58933.4 72350.1 91347.9 122954 139578 116059 104245 105863 100328 100286 101509 106837 122064 136269 141104 156766 157853 147847 3.36251e+06 4.02551e+06 3.26578e+06 2.37857e+06 1.72258e+06 1.30775e+06 1.06511e+06 928781 853513 812061 789045 776059 768578 764166 761498 759844 758807 758144 757715 757433 757248 757124 757041 756986 756949 756924 756907 756895 756888 756882 756879 756877 756875 756874 756873 756873 756872 756872 756872 756872 756872 756872 756872 756872 756872 756872 756872 756872 756872 756872 756872 756872 756872 756872 756872 756872 756872 756872 756872 756872 756872 756872 756872 756872 756872 756872 756872 756872 756872 756872 756872 756872 756872 756872 756872 756872 756872 756872 756872 756872 756872 756872 756872 756872 756872 756872 756872 756872 756872 756872 756872 756872 756872 756872 756872 756872 756872 756872 756872 756872 0 0 0 0 0 0 0 0 0 0 0 0 0 0 0 0 0 0 0 0 0 0 0 0 0
#obs cpue bio
 6048.77 8243.51 5368.7 8009.32 12195.6 13386.1 13013.2 25782.3 56421.3 70635.9 89778.2 73550.5 138942 125712 191588 122658 87068.1 117159 112361 93249.8 75873.8 114451 126601 152428 130279 116938 191858 141130
#pred surv len freq
 2.14608e-27 2.17368e-27 6.63833e-27 1.52769e-21 9.08578e-17 1.24232e-12 3.90524e-09 2.82233e-06 0.000468926 0.0179127 0.15731 0.317612 0.147828 0.0264005 0.0655363 0.0919808 0.0374831 0.0303098 0.027018 0.0183495 0.0155283 0.0135255 0.0140674 0.0131368 0.00553033
 2.14859e-27 2.18115e-27 7.49338e-27 1.81785e-21 1.08115e-16 1.47828e-12 4.64698e-09 3.35839e-06 0.000557991 0.0213149 0.187188 0.377936 0.175773 0.027891 0.0564595 0.078851 0.0289315 0.0143918 0.011426 0.00613499 0.00427746 0.00304823 0.00263858 0.00224276 0.000933562
 2.14766e-27 2.17907e-27 7.27931e-27 1.74523e-21 1.03796e-16 1.41922e-12 4.46134e-09 3.22423e-06 0.0005357 0.0204634 0.179711 0.362839 0.168862 0.0297189 0.0721702 0.100899 0.0355382 0.0130419 0.00915921 0.00340991 0.00166147 0.000870801 0.000561352 0.000397837 0.000156969
 2.14814e-27 2.18031e-27 7.41526e-27 1.79137e-21 1.0654e-16 1.45674e-12 4.57928e-09 3.30946e-06 0.000549862 0.0210043 0.184461 0.372431 0.173273 0.0291057 0.065536 0.0915954 0.0329304 0.0142124 0.0101196 0.00311678 0.00107809 0.000352775 0.000137591 6.91109e-05 2.40204e-05
 2.14941e-27 2.18343e-27 7.74508e-27 1.90325e-21 1.13194e-16 1.54772e-12 4.86528e-09 3.51615e-06 0.000584203 0.0223162 0.195982 0.39569 0.183989 0.0281108 0.0524523 0.0731275 0.0260571 0.0105205 0.00746799 0.00250532 0.000905008 0.00022556 4.80832e-05 1.25288e-05 3.22092e-06
 2.14842e-27 2.18096e-27 7.47986e-27 1.81326e-21 1.07842e-16 1.47454e-12 4.63525e-09 3.34991e-06 0.000556582 0.0212611 0.186716 0.376983 0.175384 0.0292798 0.0652267 0.0910913 0.0318242 0.0108373 0.00734527 0.00237846 0.000846029 0.000221764 4.03295e-05 5.30479e-06 6.8962e-07
 2.14794e-27 2.17979e-27 7.35846e-27 1.77209e-21 1.05393e-16 1.44106e-12 4.53e-09 3.27385e-06 0.000543945 0.0207783 0.182476 0.368423 0.171435 0.0295061 0.0691885 0.0967131 0.0343267 0.0134197 0.00931322 0.00275089 0.000861526 0.000216663 3.91131e-05 4.36733e-06 2.93885e-07
 2.14922e-27 2.18297e-27 7.69602e-27 1.88661e-21 1.12204e-16 1.53419e-12 4.82273e-09 3.4854e-06 0.000579095 0.022121 0.194268 0.39223 0.182395 0.0282717 0.0544775 0.0759864 0.02713 0.0111204 0.00786436 0.00249174 0.000834306 0.000192563 3.11775e-05 3.29923e-06 1.84375e-07
 2.14996e-27 2.18477e-27 7.88499e-27 1.9507e-21 1.16016e-16 1.58631e-12 4.98658e-09 3.60381e-06 0.000598768 0.0228725 0.200868 0.405555 0.188538 0.0278076 0.0476282 0.0662991 0.0232605 0.00823846 0.00564831 0.0018428 0.000650537 0.000160291 2.62582e-05 2.53884e-06 1.28912e-07
 2.14895e-27 2.18225e-27 7.6163e-27 1.85954e-21 1.10594e-16 1.51218e-12 4.75355e-09 3.4354e-06 0.000570787 0.0218037 0.191481 0.386604 0.179817 0.0288889 0.0599406 0.0836298 0.029053 0.00935824 0.00619326 0.00186928 0.000605221 0.00015288 2.66424e-05 2.6718e-06 1.30278e-07
 2.14837e-27 2.18085e-27 7.47008e-27 1.80995e-21 1.07645e-16 1.47185e-12 4.62678e-09 3.34379e-06 0.000555566 0.0212222 0.186375 0.376294 0.175062 0.029185 0.064856 0.0905967 0.0320397 0.0121547 0.00835256 0.00239999 0.000709067 0.00016445 2.72392e-05 2.82608e-06 1.43739e-07
 2.14862e-27 2.18147e-27 7.53711e-27 1.8327e-21 1.08998e-16 1.49035e-12 4.68493e-09 3.38581e-06 0.000562547 0.0214889 0.188717 0.381023 0.177235 0.0288404 0.0613268 0.0856381 0.0304994 0.0122577 0.00861612 0.00268809 0.000877217 0.000194749 2.91698e-05 2.8117e-06 1.41786e-07
 2.1489e-27 2.18215e-27 7.60821e-27 1.85681e-21 1.10432e-16 1.50996e-12 4.74658e-09 3.43036e-06 0.00056995 0.0217717 0.1912 0.386036 0.179547 0.0286788 0.0588293 0.0821016 0.0290299 0.0110043 0.00766091 0.00246907 0.000855555 0.000206498 3.26007e-05 2.95803e-06 1.37273e-07
 2.14836e-27 2.18084e-27 7.46914e-27 1.80963e-21 1.07626e-16 1.47159e-12 4.62597e-09 3.3432e-06 0.000555468 0.0212185 0.186342 0.376228 0.17503 0.0291639 0.0647469 0.0904429 0.0319775 0.012113 0.00840024 0.00262759 0.000886446 0.000222044 3.78115e-05 3.66955e-06 1.6974e-07
 2.14714e-27 2.17785e-27 7.15431e-27 1.70285e-21 1.01275e-16 1.38475e-12 4.35299e-09 3.14592e-06 0.00052269 0.0199664 0.175346 0.354028 0.164801 0.0300641 0.0769337 0.107652 0.038481 0.0159125 0.0112547 0.00351823 0.001176 0.000287034 4.88106e-05 4.99938e-06 2.46988e-07
 2.14705e-27 2.17765e-27 7.13582e-27 1.69659e-21 1.00903e-16 1.37966e-12 4.33699e-09 3.13435e-06 0.000520768 0.019893 0.174701 0.352726 0.164192 0.029889 0.0762572 0.106736 0.0386602 0.0175916 0.0127553 0.00417524 0.00147209 0.000360262 6.02947e-05 6.11224e-06 3.10336e-07
 2.14784e-27 2.17959e-27 7.34114e-27 1.76624e-21 1.05045e-16 1.4363e-12 4.51503e-09 3.26303e-06 0.000542147 0.0207096 0.181873 0.367205 0.170861 0.0292059 0.0677224 0.0946977 0.0342949 0.0155972 0.011389 0.00394418 0.00149458 0.000385622 6.7125e-05 6.79636e-06 3.41811e-07
 2.14815e-27 2.18033e-27 7.41701e-27 1.79196e-21 1.06575e-16 1.45722e-12 4.5808e-09 3.31055e-06 0.000550044 0.0210113 0.184522 0.372554 0.173332 0.0291647 0.0658589 0.0920341 0.0328529 0.0134531 0.00961661 0.00333414 0.00128619 0.000352905 6.61699e-05 7.04568e-06 3.61145e-07
 2.14819e-27 2.18041e-27 7.42429e-27 1.79442e-21 1.06721e-16 1.45922e-12 4.58709e-09 3.3151e-06 0.000550799 0.0210402 0.184776 0.373066 0.173573 0.0292807 0.066413 0.0927951 0.0328549 0.012595 0.0088008 0.00286791 0.00103679 0.000284967 5.56713e-05 6.35367e-06 3.45689e-07
 2.14794e-27 2.17979e-27 7.3595e-27 1.77245e-21 1.05414e-16 1.44135e-12 4.53091e-09 3.2745e-06 0.000544053 0.0207825 0.182513 0.368497 0.171467 0.029459 0.0688788 0.0962807 0.0342237 0.0135453 0.00949366 0.00298233 0.00101454 0.000260935 4.88171e-05 5.6885e-06 3.26936e-07
 2.14834e-27 2.1808e-27 7.46679e-27 1.80884e-21 1.07579e-16 1.47095e-12 4.62395e-09 3.34174e-06 0.000555226 0.0212092 0.186261 0.376064 0.17495 0.0290405 0.0640429 0.089472 0.0319249 0.0130227 0.00920744 0.00294059 0.00100993 0.000248887 4.32974e-05 4.76873e-06 2.72371e-07
 2.14843e-27 2.18099e-27 7.48606e-27 1.81538e-21 1.07967e-16 1.47626e-12 4.64065e-09 3.35381e-06 0.000557231 0.0212858 0.186933 0.377422 0.175579 0.029084 0.0638991 0.0892497 0.0315782 0.0120373 0.00839846 0.00272745 0.000959559 0.000239863 4.11563e-05 4.27315e-06 2.29593e-07
 2.14812e-27 2.18026e-27 7.40841e-27 1.78904e-21 1.06401e-16 1.45484e-12 4.57332e-09 3.30515e-06 0.000549146 0.020977 0.184221 0.371946 0.173056 0.0293006 0.0668717 0.0934501 0.0332047 0.0131011 0.00917366 0.00287593 0.000974706 0.000246913 4.32901e-05 4.4869e-06 2.32001e-07
 2.14778e-27 2.17943e-27 7.32189e-27 1.7597e-21 1.04656e-16 1.43098e-12 4.49831e-09 3.25094e-06 0.000540139 0.020633 0.1812 0.365846 0.170242 0.0294787 0.0697977 0.0975938 0.0349304 0.0145885 0.0103666 0.00331092 0.00113639 0.000279216 4.79405e-05 5.03144e-06 2.61761e-07
 2.14793e-27 2.17979e-27 7.36054e-27 1.77281e-21 1.05436e-16 1.44165e-12 4.53184e-09 3.27517e-06 0.000544165 0.0207867 0.18255 0.368572 0.171496 0.0292976 0.0678706 0.0948836 0.0340538 0.0145202 0.0104024 0.00342843 0.00122546 0.00030686 5.2529e-05 5.39126e-06 2.79268e-07
 2.14785e-27 2.17959e-27 7.33949e-27 1.76567e-21 1.05011e-16 1.43584e-12 4.51358e-09 3.26198e-06 0.000541973 0.020703 0.181815 0.367087 0.170812 0.0293625 0.0687139 0.0960725 0.0344739 0.0146801 0.0105309 0.00351749 0.00128687 0.000333781 5.92532e-05 6.14391e-06 3.14772e-07
 2.1473e-27 2.17824e-27 7.19641e-27 1.71713e-21 1.02125e-16 1.39637e-12 4.38951e-09 3.17231e-06 0.000527075 0.0201339 0.176817 0.356998 0.166165 0.0298327 0.0746254 0.104408 0.0374611 0.0159391 0.0114305 0.00381462 0.00139967 0.000369377 6.77274e-05 7.28555e-06 3.8142e-07
 2.14736e-27 2.1784e-27 7.21524e-27 1.72353e-21 1.02505e-16 1.40157e-12 4.40586e-09 3.18413e-06 0.000529038 0.0202089 0.177476 0.358327 0.166772 0.0296228 0.0729434 0.102062 0.0369664 0.0168207 0.0122226 0.00407618 0.00149374 0.000394597 7.31485e-05 8.08127e-06 4.37554e-07
#obs surv len freq
 1.23821e-39 6.06019e-33 6.81902e-27 1.76402e-21 1.04913e-16 1.43449e-12 4.50934e-09 3.25891e-06 0.000541472 0.0206835 0.181643 0.366742 0.170648 0.0292315 0.0680193 0.0951142 0.0344104 0.0155408 0.0113446 0.00396895 0.00155776 0.000446485 9.27367e-05 1.1858e-05 7.78837e-07
 1.31075e-39 6.41523e-33 7.21851e-27 1.86736e-21 1.11059e-16 1.51853e-12 4.77352e-09 3.44983e-06 0.000573194 0.0218953 0.192284 0.388227 0.180545 0.0282935 0.0558175 0.0778988 0.0281144 0.0124856 0.00907516 0.00314821 0.00121842 0.000341838 6.93087e-05 8.63696e-06 5.48692e-07
 1.15245e-39 5.64044e-33 6.34671e-27 1.64183e-21 9.7646e-17 1.33513e-12 4.197e-09 3.03318e-06 0.000503967 0.0192509 0.169061 0.341341 0.158967 0.0308929 0.0858173 0.120131 0.0422903 0.0154423 0.0107344 0.00368133 0.00140621 0.000389635 7.73895e-05 9.39973e-06 5.813e-07
 1.34691e-39 6.59218e-33 7.41762e-27 1.91887e-21 1.14122e-16 1.56042e-12 4.90518e-09 3.54499e-06 0.000589005 0.0224992 0.197588 0.398935 0.185466 0.0274998 0.047745 0.0665738 0.0248567 0.013622 0.0101174 0.00311512 0.00104598 0.000281817 5.5048e-05 6.55629e-06 3.95708e-07
 1.39123e-39 6.80912e-33 7.66173e-27 1.98202e-21 1.17878e-16 1.61177e-12 5.06661e-09 3.66165e-06 0.000608388 0.0232396 0.204091 0.412063 0.191538 0.0275609 0.0441609 0.0613945 0.0212857 0.00673197 0.00458313 0.00178249 0.000738177 0.000183152 3.22055e-05 3.70297e-06 2.18971e-07
 1.26891e-39 6.21044e-33 6.98808e-27 1.80775e-21 1.07514e-16 1.47006e-12 4.62113e-09 3.3397e-06 0.000554896 0.0211963 0.186146 0.375834 0.174865 0.0295862 0.0674443 0.0941785 0.0323952 0.00938499 0.0059708 0.00170771 0.000539206 0.000158948 3.13032e-05 3.34427e-06 1.84974e-07
 1.27856e-39 6.25766e-33 7.04122e-27 1.8215e-21 1.08331e-16 1.48123e-12 4.65627e-09 3.3651e-06 0.000559116 0.0213575 0.187562 0.378692 0.17616 0.0289137 0.0624779 0.0872742 0.0312709 0.0131547 0.00920228 0.00251647 0.000677353 0.000149507 2.59622e-05 3.07621e-06 1.72467e-07
 1.42131e-39 6.95634e-33 7.82738e-27 2.02487e-21 1.20427e-16 1.64662e-12 5.17615e-09 3.74082e-06 0.000621542 0.0237421 0.208503 0.420972 0.195633 0.0269412 0.0376931 0.0523147 0.0185917 0.00735071 0.00518533 0.00171351 0.000590641 0.0001249 1.72003e-05 1.64841e-06 9.08601e-08
 1.42021e-39 6.95096e-33 7.82133e-27 2.0233e-21 1.20333e-16 1.64534e-12 5.17215e-09 3.73792e-06 0.000621061 0.0237237 0.208342 0.420646 0.195497 0.0273193 0.0400994 0.0556454 0.018937 0.00482325 0.00296591 0.000947225 0.000330918 8.38926e-05 1.34909e-05 1.15801e-06 5.16406e-08
 1.3478e-39 6.59655e-33 7.42255e-27 1.92014e-21 1.14198e-16 1.56145e-12 4.90844e-09 3.54734e-06 0.000589395 0.0225142 0.197719 0.3992 0.185625 0.0284583 0.0535164 0.0745461 0.0254646 0.00679256 0.00415544 0.00107224 0.000267796 6.38232e-05 1.11004e-05 1.10845e-06 5.04533e-08
 1.31669e-39 6.44428e-33 7.25121e-27 1.87582e-21 1.11562e-16 1.52541e-12 4.79513e-09 3.46545e-06 0.00057579 0.0219944 0.193155 0.389985 0.181373 0.0286797 0.0576452 0.0804072 0.0280966 0.00957249 0.00634457 0.00166836 0.000409669 7.81392e-05 1.04281e-05 1.016e-06 5.10398e-08
 1.3586e-39 6.64941e-33 7.48202e-27 1.93553e-21 1.15113e-16 1.57396e-12 4.94777e-09 3.57576e-06 0.000594118 0.0226946 0.199304 0.402398 0.187085 0.0279589 0.0495038 0.0689474 0.0242612 0.00881743 0.00601514 0.0017738 0.000526556 0.00010387 1.25612e-05 9.64926e-07 4.19988e-08
 1.3346e-39 6.53193e-33 7.34983e-27 1.90133e-21 1.13079e-16 1.54616e-12 4.86036e-09 3.51259e-06 0.000583622 0.0222936 0.195782 0.395289 0.183817 0.0284566 0.0546846 0.0762225 0.0264551 0.00844316 0.005581 0.00170327 0.000544693 0.000121897 1.70653e-05 1.30204e-06 4.83827e-08
 1.28328e-39 6.28079e-33 7.06724e-27 1.82823e-21 1.08732e-16 1.48671e-12 4.67348e-09 3.37753e-06 0.000561182 0.0214364 0.188255 0.380091 0.176815 0.0291218 0.0633259 0.0884189 0.0309804 0.0108317 0.0072906 0.00208713 0.000615029 0.000142249 2.20498e-05 1.91969e-06 7.66093e-08
 1.16563e-39 5.70495e-33 6.41931e-27 1.66061e-21 9.87629e-17 1.3504e-12 4.24501e-09 3.06788e-06 0.000509732 0.0194711 0.170995 0.345245 0.16076 0.0305773 0.082714 0.115789 0.0412061 0.0164561 0.011496 0.00344221 0.00106389 0.000233453 3.46608e-05 3.19634e-06 1.42164e-07
 1.26354e-39 6.18413e-33 6.95849e-27 1.80009e-21 1.07058e-16 1.46383e-12 4.60156e-09 3.32556e-06 0.000552546 0.0211066 0.185358 0.374242 0.174092 0.0286176 0.0620112 0.0866954 0.0321276 0.0168809 0.0125273 0.00403458 0.0013793 0.000318827 4.80798e-05 4.27645e-06 1.91792e-07
 1.23207e-39 6.03015e-33 6.78522e-27 1.75527e-21 1.04393e-16 1.42738e-12 4.48698e-09 3.24275e-06 0.000538788 0.020581 0.180742 0.364924 0.169819 0.0295386 0.0704417 0.0984875 0.0350353 0.0139743 0.0100609 0.00381732 0.00156558 0.000398449 6.59764e-05 6.12138e-06 2.73326e-07
 1.28284e-39 6.27862e-33 7.06481e-27 1.8276e-21 1.08694e-16 1.4862e-12 4.67187e-09 3.37637e-06 0.000560989 0.021429 0.18819 0.37996 0.176738 0.0286848 0.0606977 0.0847833 0.0306264 0.0136786 0.00986209 0.00319007 0.00117312 0.000346828 6.81818e-05 7.04929e-06 3.36615e-07
 1.24968e-39 6.11634e-33 6.8822e-27 1.78036e-21 1.05885e-16 1.44778e-12 4.55112e-09 3.2891e-06 0.000546489 0.0208752 0.183326 0.37014 0.172224 0.0293751 0.0678718 0.0948568 0.0336504 0.0131145 0.00926283 0.003181 0.00119282 0.000311567 6.06669e-05 7.27428e-06 3.96993e-07
 1.25758e-39 6.15499e-33 6.92569e-27 1.79161e-21 1.06554e-16 1.45693e-12 4.57987e-09 3.30988e-06 0.000549942 0.0210071 0.184484 0.372478 0.173294 0.0290855 0.0653989 0.0914052 0.0329025 0.0143315 0.0102665 0.00327141 0.00114759 0.000308492 5.80805e-05 6.64259e-06 3.89579e-07
 1.27828e-39 6.25627e-33 7.03965e-27 1.82109e-21 1.08307e-16 1.48091e-12 4.65524e-09 3.36435e-06 0.000558991 0.0213528 0.18752 0.378607 0.176119 0.0288453 0.0620852 0.0867213 0.0310656 0.0130648 0.00936526 0.00317045 0.00116574 0.00029527 5.33727e-05 6.02533e-06 3.43082e-07
 1.26059e-39 6.16974e-33 6.94229e-27 1.7959e-21 1.06809e-16 1.46042e-12 4.59085e-09 3.31782e-06 0.00055126 0.0210574 0.184926 0.373371 0.17371 0.0291706 0.0656494 0.091734 0.0326848 0.0131874 0.00934562 0.00310579 0.00113858 0.000302755 5.52471e-05 5.96526e-06 3.30032e-07
 1.25795e-39 6.1568e-33 6.92773e-27 1.79214e-21 1.06585e-16 1.45736e-12 4.58122e-09 3.31086e-06 0.000550104 0.0210133 0.184538 0.372588 0.173346 0.0291071 0.065498 0.0915393 0.0328722 0.0140739 0.0100711 0.00326987 0.0011619 0.000304707 5.65051e-05 6.24753e-06 3.3965e-07
 1.25741e-39 6.15415e-33 6.92475e-27 1.79137e-21 1.06539e-16 1.45673e-12 4.57925e-09 3.30944e-06 0.000549868 0.0210042 0.184459 0.372428 0.173272 0.0291 0.0655025 0.0915462 0.0328792 0.0140949 0.0101316 0.00340027 0.00124497 0.000319737 5.77467e-05 6.38502e-06 3.52705e-07
 1.26659e-39 6.19907e-33 6.97529e-27 1.80444e-21 1.07317e-16 1.46737e-12 4.61268e-09 3.33359e-06 0.000553881 0.0211575 0.185805 0.375146 0.174523 0.0289722 0.0639034 0.0892912 0.0320693 0.0137478 0.00988305 0.00332201 0.0012295 0.000325355 5.94842e-05 6.44917e-06 3.52421e-07
 1.19647e-39 5.85589e-33 6.58915e-27 1.70455e-21 1.01376e-16 1.38613e-12 4.35732e-09 3.14904e-06 0.000523218 0.0199863 0.175519 0.354379 0.16496 0.0299725 0.0762689 0.106722 0.0382395 0.0161085 0.0115387 0.00387927 0.001437 0.000382497 7.13257e-05 7.88473e-06 4.29317e-07
 1.19407e-39 5.84414e-33 6.57592e-27 1.70113e-21 1.01172e-16 1.38335e-12 4.34857e-09 3.14272e-06 0.000522168 0.0199461 0.175167 0.353668 0.164616 0.0295748 0.0740553 0.103676 0.0381646 0.0192785 0.0142702 0.00475472 0.00174306 0.000463705 8.6847e-05 9.73435e-06 5.39443e-07
 1.2287e-39 6.01362e-33 6.76662e-27 1.75046e-21 1.04106e-16 1.42347e-12 4.47468e-09 3.23386e-06 0.000537311 0.0205246 0.180247 0.363924 0.16934 0.0291123 0.0681407 0.0953234 0.0349912 0.0173892 0.013027 0.00483929 0.00196708 0.000524861 9.76174e-05 1.09643e-05 6.13646e-07
#pred catch len freq
 2.14596e-27 2.1734e-27 6.60918e-27 1.51781e-21 9.02697e-17 1.23428e-12 3.87997e-09 2.80406e-06 0.000465891 0.0177967 0.156292 0.315556 0.146884 0.0265735 0.0672122 0.0943359 0.038223 0.0302913 0.0269221 0.0182199 0.0153942 0.0134015 0.0139363 0.0130141 0.00547868
 2.14858e-27 2.18113e-27 7.49107e-27 1.81707e-21 1.08068e-16 1.47764e-12 4.64498e-09 3.35694e-06 0.00055775 0.0213057 0.187108 0.377773 0.1757 0.0279592 0.0569255 0.0795008 0.0290691 0.0141477 0.011182 0.00598345 0.0041637 0.00296537 0.00256639 0.00218134 0.000907992
 2.14773e-27 2.17923e-27 7.29539e-27 1.75069e-21 1.0412e-16 1.42366e-12 4.47529e-09 3.2343e-06 0.000537375 0.0205273 0.180272 0.363973 0.169385 0.0297082 0.0717627 0.100318 0.0352461 0.0126538 0.00883454 0.00327956 0.00159368 0.000834645 0.000537913 0.00038121 0.000150408
 2.14817e-27 2.18036e-27 7.42064e-27 1.79319e-21 1.06648e-16 1.45822e-12 4.58394e-09 3.31283e-06 0.000550421 0.0210257 0.184649 0.37281 0.173449 0.0291305 0.0655732 0.0916407 0.0328484 0.0138683 0.00982755 0.00301977 0.00104138 0.000340465 0.000132739 6.6669e-05 2.31715e-05
 2.14937e-27 2.18333e-27 7.73452e-27 1.89966e-21 1.1298e-16 1.5448e-12 4.85611e-09 3.50953e-06 0.000583103 0.0222741 0.195613 0.394945 0.183646 0.0281774 0.0530836 0.0740123 0.0263017 0.0103949 0.0073415 0.00245657 0.000884999 0.000220413 4.6965e-05 1.22357e-05 3.1455e-06
 2.14846e-27 2.18107e-27 7.49178e-27 1.8173e-21 1.08082e-16 1.47783e-12 4.64558e-09 3.35737e-06 0.000557822 0.0213084 0.187132 0.377823 0.175772 0.0292698 0.0649126 0.0906433 0.0315965 0.0105295 0.00709224 0.00229072 0.000812505 0.000212815 3.86872e-05 5.08804e-06 6.61413e-07
 2.14801e-27 2.17998e-27 7.37761e-27 1.77859e-21 1.05779e-16 1.44634e-12 4.5466e-09 3.28584e-06 0.000545938 0.0208545 0.183145 0.369773 0.172058 0.0294803 0.0686239 0.0959105 0.0339501 0.0129806 0.00896016 0.00264071 0.00082447 0.000207169 3.7384e-05 4.17371e-06 2.80842e-07
 2.14918e-27 2.18285e-27 7.68299e-27 1.88218e-21 1.11941e-16 1.53059e-12 4.81143e-09 3.47723e-06 0.000577737 0.0220692 0.193812 0.39131 0.181973 0.0283477 0.0552183 0.0770255 0.0274261 0.0110048 0.00774429 0.00244781 0.00081727 0.000188491 3.05048e-05 3.22755e-06 1.80361e-07
 2.14988e-27 2.18456e-27 7.86244e-27 1.94305e-21 1.15561e-16 1.58009e-12 4.96702e-09 3.58968e-06 0.00059642 0.0227828 0.20008 0.403964 0.187806 0.02791 0.0487327 0.0678518 0.0237522 0.00824185 0.00561873 0.00182856 0.000643722 0.000158496 2.59538e-05 2.50905e-06 1.27393e-07
 2.14891e-27 2.18216e-27 7.60645e-27 1.8562e-21 1.10396e-16 1.50946e-12 4.74501e-09 3.42923e-06 0.000569762 0.0217645 0.191137 0.385909 0.179498 0.0289506 0.060527 0.0844516 0.0292789 0.00923757 0.00607458 0.00182921 0.000590471 0.000149033 2.59617e-05 2.60319e-06 1.26927e-07
 2.14837e-27 2.18085e-27 7.46962e-27 1.8098e-21 1.07636e-16 1.47172e-12 4.62638e-09 3.3435e-06 0.000555518 0.0212204 0.186359 0.376261 0.175048 0.0292214 0.0650877 0.0909174 0.0320716 0.0119071 0.00813832 0.00233346 0.000687263 0.000159257 2.63675e-05 2.73525e-06 1.39113e-07
 2.14863e-27 2.1815e-27 7.54041e-27 1.83381e-21 1.09064e-16 1.49126e-12 4.68778e-09 3.38787e-06 0.00056289 0.021502 0.188832 0.381255 0.177343 0.0288654 0.0614093 0.0857482 0.0304552 0.0119756 0.00837452 0.00260651 0.000848143 0.000188154 2.81695e-05 2.71483e-06 1.36894e-07
 2.14885e-27 2.18202e-27 7.59449e-27 1.85216e-21 1.10155e-16 1.50617e-12 4.73467e-09 3.42176e-06 0.00056852 0.0217171 0.190721 0.385068 0.179102 0.0287579 0.059604 0.0831882 0.0293412 0.0108897 0.00754053 0.00242428 0.000837674 0.000202034 3.1883e-05 2.89249e-06 1.34224e-07
 2.14831e-27 2.18071e-27 7.45553e-27 1.80502e-21 1.07351e-16 1.46784e-12 4.61416e-09 3.33467e-06 0.00055405 0.0211643 0.185866 0.375268 0.17459 0.0292457 0.0655356 0.0915486 0.0322882 0.0119746 0.00825979 0.0025775 0.000867025 0.000217011 3.69398e-05 3.58447e-06 1.65796e-07
 2.14724e-27 2.17807e-27 7.17755e-27 1.71073e-21 1.01743e-16 1.39116e-12 4.37313e-09 3.16047e-06 0.000525108 0.0200588 0.176157 0.355665 0.165557 0.0300344 0.0762586 0.106692 0.0380275 0.0153764 0.0108199 0.00337424 0.00112458 0.00027427 4.66207e-05 4.77442e-06 2.35863e-07
 2.14714e-27 2.17787e-27 7.15858e-27 1.70431e-21 1.01362e-16 1.38594e-12 4.35672e-09 3.14861e-06 0.000523137 0.0199835 0.175496 0.35433 0.164933 0.0298696 0.0756548 0.105877 0.0382248 0.0170059 0.0122735 0.00400747 0.00140898 0.000344565 5.76439e-05 5.84269e-06 2.96637e-07
 2.1479e-27 2.17974e-27 7.35645e-27 1.77143e-21 1.05354e-16 1.44052e-12 4.5283e-09 3.27262e-06 0.00054374 0.0207705 0.182408 0.368285 0.17136 0.0292051 0.0673923 0.094224 0.0340137 0.0151272 0.0109945 0.00379747 0.00143515 0.000370029 6.43858e-05 6.51814e-06 3.27803e-07
 2.14826e-27 2.1806e-27 7.44518e-27 1.80152e-21 1.07143e-16 1.46499e-12 4.60522e-09 3.32821e-06 0.000552977 0.0211233 0.185506 0.37454 0.174248 0.0291131 0.0649454 0.0907391 0.0322972 0.0129298 0.00919372 0.00317897 0.00122303 0.000335335 6.28523e-05 6.69161e-06 3.42982e-07
 2.14825e-27 2.18057e-27 7.44096e-27 1.80008e-21 1.07058e-16 1.46382e-12 4.60154e-09 3.32555e-06 0.000552534 0.0211064 0.185358 0.374241 0.174115 0.0292619 0.0659441 0.0921278 0.0325331 0.0121987 0.00847674 0.00275534 0.000993265 0.000272794 5.32732e-05 6.07925e-06 3.30745e-07
 2.14802e-27 2.17999e-27 7.37937e-27 1.77919e-21 1.05815e-16 1.44683e-12 4.54814e-09 3.28695e-06 0.000546122 0.0208615 0.183207 0.369898 0.172114 0.0294324 0.0682938 0.095449 0.0338351 0.0130965 0.00913002 0.00286117 0.000970486 0.000249407 4.66417e-05 5.43429e-06 3.12314e-07
 2.14842e-27 2.18098e-27 7.48546e-27 1.81518e-21 1.07956e-16 1.4761e-12 4.64014e-09 3.35344e-06 0.00055717 0.0212835 0.186913 0.37738 0.175558 0.0290172 0.063504 0.0887055 0.0315615 0.0125901 0.00885543 0.00282123 0.00096616 0.00023792 4.13724e-05 4.55607e-06 2.60213e-07
 2.14844e-27 2.18102e-27 7.48801e-27 1.81604e-21 1.08007e-16 1.4768e-12 4.64234e-09 3.35503e-06 0.000557434 0.0212936 0.187001 0.377559 0.175644 0.029113 0.0640352 0.0894355 0.0315631 0.0117736 0.00816969 0.00264653 0.000928469 0.000231919 3.97773e-05 4.12939e-06 2.21859e-07
 2.14812e-27 2.18023e-27 7.40515e-27 1.78793e-21 1.06335e-16 1.45394e-12 4.57049e-09 3.30311e-06 0.000548806 0.020964 0.184107 0.371716 0.172951 0.02935 0.0672432 0.0939673 0.0333001 0.0128581 0.00895671 0.00280121 0.00094662 0.000239611 4.19934e-05 4.35191e-06 2.25011e-07
 2.14782e-27 2.17951e-27 7.32976e-27 1.76236e-21 1.04814e-16 1.43315e-12 4.50513e-09 3.25587e-06 0.000540958 0.0206642 0.181474 0.3664 0.170499 0.0294961 0.0697371 0.097501 0.0347968 0.014216 0.0100516 0.0032025 0.00109604 0.000269097 4.61841e-05 4.84644e-06 2.52125e-07
 2.14792e-27 2.17976e-27 7.35714e-27 1.77165e-21 1.05367e-16 1.44071e-12 4.52888e-09 3.27304e-06 0.00054381 0.0207732 0.182431 0.368332 0.171387 0.0293522 0.068276 0.095448 0.0341569 0.0142511 0.0101604 0.00334024 0.00119063 0.000297921 5.09783e-05 5.23138e-06 2.70973e-07
 2.14786e-27 2.17962e-27 7.34208e-27 1.76654e-21 1.05063e-16 1.43655e-12 4.51582e-09 3.2636e-06 0.000542241 0.0207133 0.181905 0.36727 0.170898 0.0293982 0.0688774 0.0962955 0.034453 0.0143533 0.0102463 0.00341367 0.00124545 0.000322802 5.7282e-05 5.93874e-06 3.04247e-07
 2.14734e-27 2.17834e-27 7.20642e-27 1.72053e-21 1.02326e-16 1.39913e-12 4.39819e-09 3.17858e-06 0.000528117 0.0201737 0.177166 0.357703 0.166492 0.0298481 0.0745074 0.104234 0.0372883 0.0155187 0.0110742 0.00368626 0.00134883 0.000355699 6.51943e-05 7.01217e-06 3.67092e-07
 2.14743e-27 2.17857e-27 7.23282e-27 1.72949e-21 1.02859e-16 1.40642e-12 4.4211e-09 3.19514e-06 0.000530868 0.0202788 0.178089 0.359566 0.167345 0.0296179 0.0725401 0.101484 0.0366388 0.0163022 0.0117911 0.00392223 0.00143334 0.000378363 7.01119e-05 7.74481e-06 4.19319e-07
#obs catch len freq
 1.21943e-39 5.96827e-33 6.7156e-27 1.73726e-21 1.03321e-16 1.41273e-12 4.44094e-09 3.20948e-06 0.000533259 0.0203698 0.178888 0.36118 0.168085 0.0294777 0.0711986 0.099598 0.0360235 0.0162431 0.0118789 0.00422292 0.00168811 0.000490785 0.000104482 1.38399e-05 9.44895e-07
 1.22795e-39 6.00995e-33 6.76249e-27 1.74939e-21 1.04043e-16 1.4226e-12 4.47195e-09 3.23189e-06 0.000536983 0.020512 0.180137 0.363701 0.169248 0.0294029 0.0699819 0.0978769 0.0353344 0.0157223 0.0114395 0.00399005 0.00156094 0.000446719 9.26745e-05 1.18416e-05 7.77411e-07
 1.30248e-39 6.37475e-33 7.17298e-27 1.85558e-21 1.10358e-16 1.50895e-12 4.7434e-09 3.42807e-06 0.000569578 0.0217572 0.191071 0.385778 0.179418 0.0284324 0.0574036 0.0801313 0.0288593 0.0126259 0.00914645 0.00316339 0.00122029 0.000341846 6.92267e-05 8.6206e-06 5.47405e-07
 1.14264e-39 5.59242e-33 6.29268e-27 1.62786e-21 9.68148e-17 1.32377e-12 4.16127e-09 3.00736e-06 0.000499677 0.019087 0.167622 0.338435 0.15763 0.0310682 0.0877629 0.122868 0.0431815 0.0155355 0.0107549 0.00367726 0.00140002 0.000387332 7.68393e-05 9.32623e-06 5.76492e-07
 1.34052e-39 6.56092e-33 7.38245e-27 1.90977e-21 1.13581e-16 1.55302e-12 4.88193e-09 3.52818e-06 0.000586212 0.0223925 0.196651 0.397043 0.184596 0.0276078 0.0489746 0.0683046 0.0254334 0.0137278 0.010169 0.00312282 0.00104476 0.000281036 5.48287e-05 6.5255e-06 3.93669e-07
 1.38584e-39 6.78274e-33 7.63205e-27 1.97434e-21 1.17421e-16 1.60552e-12 5.04698e-09 3.64746e-06 0.000606031 0.0231496 0.2033 0.410467 0.190803 0.0276565 0.0452259 0.0628927 0.0217746 0.00678673 0.00459784 0.0017822 0.000735943 0.000182355 3.20231e-05 3.67919e-06 2.17464e-07
 1.26164e-39 6.17484e-33 6.94803e-27 1.79739e-21 1.06898e-16 1.46163e-12 4.59465e-09 3.32056e-06 0.000551716 0.0210748 0.185079 0.37368 0.173874 0.0297176 0.0688952 0.0962193 0.0330557 0.00944016 0.0059754 0.00170482 0.000536163 0.000157779 3.10406e-05 3.31395e-06 1.83206e-07
 1.27177e-39 6.22445e-33 7.00385e-27 1.81183e-21 1.07756e-16 1.47337e-12 4.63156e-09 3.34724e-06 0.000556149 0.0212442 0.186566 0.376682 0.175236 0.0290358 0.0638288 0.0891743 0.0318873 0.0132111 0.00921009 0.00251307 0.000673832 0.000148482 2.57467e-05 3.04841e-06 1.70838e-07
 1.41693e-39 6.93487e-33 7.80323e-27 2.01862e-21 1.20055e-16 1.64154e-12 5.16018e-09 3.72927e-06 0.000619624 0.0236688 0.20786 0.419673 0.195036 0.0270192 0.0385605 0.0535351 0.0189898 0.0073949 0.00519666 0.0017123 0.000588303 0.000124247 1.70871e-05 1.6361e-06 9.01326e-08
 1.41528e-39 6.92679e-33 7.79414e-27 2.01627e-21 1.19915e-16 1.63962e-12 5.15417e-09 3.72493e-06 0.000618902 0.0236413 0.207618 0.419184 0.194824 0.0274071 0.0410764 0.0570197 0.0193844 0.0048697 0.00297692 0.000948011 0.00033004 8.35473e-05 1.34204e-05 1.15117e-06 5.13063e-08
 1.34132e-39 6.56481e-33 7.38683e-27 1.9109e-21 1.13649e-16 1.55394e-12 4.88482e-09 3.53027e-06 0.000586559 0.0224058 0.196768 0.397279 0.184741 0.0285737 0.0547998 0.0763515 0.0260522 0.00685318 0.00416974 0.00107373 0.000267076 6.35351e-05 1.10366e-05 1.10133e-06 5.01077e-08
 1.3105e-39 6.41397e-33 7.2171e-27 1.867e-21 1.11037e-16 1.51823e-12 4.77258e-09 3.44916e-06 0.000573082 0.021891 0.192247 0.388151 0.180529 0.0287914 0.0588802 0.0821442 0.0286589 0.00961993 0.00634887 0.00166604 0.000407514 7.76072e-05 1.03418e-05 1.0067e-06 5.05491e-08
 1.35283e-39 6.62117e-33 7.45024e-27 1.92731e-21 1.14624e-16 1.56728e-12 4.92676e-09 3.56058e-06 0.000591595 0.0225982 0.198457 0.400689 0.186298 0.0280615 0.0506454 0.0705532 0.0247845 0.0088737 0.00602905 0.00177344 0.000524575 0.000103342 1.24809e-05 9.5793e-07 4.1669e-08
 1.32778e-39 6.49856e-33 7.31228e-27 1.89162e-21 1.12502e-16 1.53826e-12 4.83552e-09 3.49464e-06 0.00058064 0.0221797 0.194782 0.39327 0.182887 0.0285769 0.056028 0.0781125 0.0270728 0.00851546 0.0056028 0.00170539 0.000543445 0.000121445 1.69818e-05 1.29476e-06 4.80862e-08
 1.27609e-39 6.24555e-33 7.0276e-27 1.81797e-21 1.08122e-16 1.47837e-12 4.64726e-09 3.35859e-06 0.000558034 0.0213162 0.187199 0.377959 0.175834 0.0292504 0.064754 0.0904276 0.0316336 0.010897 0.00730391 0.00208591 0.000612358 0.00014141 2.18928e-05 1.90471e-06 7.5977e-08
 1.15678e-39 5.66162e-33 6.37054e-27 1.648e-21 9.80127e-17 1.34015e-12 4.21276e-09 3.04457e-06 0.00050586 0.0193232 0.169696 0.342623 0.159554 0.0307373 0.0844808 0.118274 0.0420113 0.0165264 0.0115028 0.00343547 0.00105801 0.000231827 3.4374e-05 3.16748e-06 1.40815e-07
 1.25637e-39 6.14905e-33 6.91901e-27 1.78988e-21 1.06451e-16 1.45553e-12 4.57546e-09 3.30669e-06 0.000549412 0.0209868 0.184306 0.372119 0.173116 0.0287444 0.0634248 0.0886842 0.0327788 0.0169615 0.0125517 0.00403125 0.00137349 0.00031704 4.7751e-05 4.24403e-06 1.90242e-07
 1.22417e-39 5.99145e-33 6.74168e-27 1.74401e-21 1.03723e-16 1.41822e-12 4.45819e-09 3.22194e-06 0.000535331 0.0204489 0.179583 0.362582 0.168742 0.0296805 0.0720138 0.100699 0.0357548 0.0140474 0.0100745 0.00380996 0.00155793 0.000395973 6.54891e-05 6.07196e-06 2.7099e-07
 1.27531e-39 6.24176e-33 7.02333e-27 1.81687e-21 1.08056e-16 1.47747e-12 4.64444e-09 3.35655e-06 0.000557695 0.0213032 0.187085 0.377729 0.175712 0.0288163 0.0621729 0.0868589 0.0313089 0.0137728 0.00989722 0.00319242 0.0011698 0.000345303 6.78102e-05 7.00645e-06 3.34423e-07
 1.24056e-39 6.0717e-33 6.83197e-27 1.76737e-21 1.05112e-16 1.43722e-12 4.5179e-09 3.2651e-06 0.0005425 0.0207228 0.181988 0.367438 0.170981 0.0295328 0.0696483 0.0973565 0.034475 0.0132376 0.00931409 0.00318903 0.00119195 0.000310879 6.04547e-05 7.24391e-06 3.95182e-07
 1.24901e-39 6.11303e-33 6.87848e-27 1.7794e-21 1.05827e-16 1.447e-12 4.54865e-09 3.28732e-06 0.000546193 0.0208639 0.183227 0.36994 0.172126 0.0292334 0.0670672 0.0937529 0.0336778 0.0144499 0.0103166 0.0032783 0.00114596 0.000307578 5.78394e-05 6.61016e-06 3.87499e-07
 1.26905e-39 6.21114e-33 6.98887e-27 1.80796e-21 1.07526e-16 1.47022e-12 4.62165e-09 3.34008e-06 0.000554959 0.0211987 0.186167 0.375876 0.174862 0.0290008 0.0638578 0.0892161 0.0318966 0.0132162 0.00944059 0.00318658 0.00116784 0.000295373 5.33235e-05 6.01538e-06 3.42357e-07
 1.2502e-39 6.11888e-33 6.88506e-27 1.7811e-21 1.05929e-16 1.44838e-12 4.553e-09 3.29047e-06 0.000546716 0.0208838 0.183402 0.370293 0.172294 0.0293445 0.0676384 0.0945338 0.03362 0.0133667 0.00943853 0.00312764 0.00114274 0.000303409 5.53012e-05 5.9668e-06 3.29958e-07
 1.24743e-39 6.10531e-33 6.86979e-27 1.77715e-21 1.05694e-16 1.44517e-12 4.54291e-09 3.28317e-06 0.000545503 0.0208375 0.182995 0.369472 0.171912 0.0292817 0.0675026 0.0943612 0.0338181 0.0142667 0.0101746 0.00329426 0.00116656 0.000305468 5.65774e-05 6.25114e-06 3.39692e-07
 1.24693e-39 6.10285e-33 6.86703e-27 1.77643e-21 1.05651e-16 1.44459e-12 4.54108e-09 3.28185e-06 0.000545284 0.0208291 0.182922 0.369324 0.171843 0.0292739 0.0675001 0.0943582 0.0338217 0.0142863 0.0102343 0.00342479 0.00124981 0.000320512 5.7815e-05 6.38793e-06 3.52705e-07
 1.25561e-39 6.14534e-33 6.91483e-27 1.7888e-21 1.06387e-16 1.45465e-12 4.57269e-09 3.30469e-06 0.00054908 0.0209741 0.184195 0.371895 0.173027 0.0291521 0.0659816 0.0922171 0.0330546 0.0139639 0.0100045 0.00335308 0.00123689 0.000326829 5.96824e-05 6.46605e-06 3.53178e-07
 1.18332e-39 5.79151e-33 6.5167e-27 1.68581e-21 1.00261e-16 1.37089e-12 4.30941e-09 3.11442e-06 0.000517465 0.0197665 0.17359 0.350483 0.163167 0.0301882 0.07876 0.110229 0.0394202 0.0163661 0.0116832 0.00391648 0.00144599 0.00038432 7.15797e-05 7.90728e-06 4.30349e-07
 1.18067e-39 5.77855e-33 6.50212e-27 1.68204e-21 1.00037e-16 1.36783e-12 4.29977e-09 3.10745e-06 0.000516308 0.0197223 0.173201 0.349699 0.162789 0.0297871 0.0765479 0.107186 0.039363 0.0195957 0.014464 0.00480557 0.00175584 0.000466408 8.72481e-05 9.77241e-06 5.41308e-07
#spawning biomass
 3543.77 2283.2 2262 2167.14 2518.86 3681.12 4045.25 4220.23 6716.86 12274.5 17258 21042.4 25792.9 36169 45258.2 38568.4 33022.5 32236.4 30037.1 30654.3 30280.5 31366.1 36785.3 42490.8 43790.6 48970.1 51150.4 48281.5 43970.5 104441 127057 94148.6 63739.5 44723.4 34030 28331.3 25393.4 23911.2 23174.2 22811.3 22633.9 22547.5 22505.5 22485.2 22475.4 22470.7 22468.4 22467.3 22466.8 22466.5 22466.4 22466.3 22466.3 22466.3 22466.3 22466.3 22466.3 22466.3 22466.3 22466.3 22466.3 22466.3 22466.3 22466.3 22466.3 22466.3 22466.3 22466.3 22466.3 22466.3 22466.3 22466.3 22466.3 22466.3 22466.3 22466.3 22466.3 22466.3 22466.3 22466.3 22466.3 22466.3 22466.3 22466.3 22466.3 22466.3 22466.3 22466.3 22466.3 22466.3 22466.3 22466.3 22466.3 22466.3 22466.3 22466.3 22466.3 22466.3 22466.3 22466.3 22466.3 22466.3 22466.3 22466.3 22466.3 22466.3 22466.3 22466.3 22466.3 22466.3 22466.3 22466.3 22466.3 22466.3 22466.3 22466.3 22466.3 22466.3 22466.3 22466.3 22466.3 22466.3 22466.3 22466.3 22466.3 22466.3 22466.3 22466.3 0 0 0 0 0 0 0 0 0 0 0 0 0 0 0 0 0 0 0 0 0 0 0 0 0
