SBPRF35
0.819782
Curr Bio
138780
B35
713226
F35
0.212774
FOFL
0
OFL
0
Bzero
234224
#pred survey bio
 18986 17892.3 21170.6 23468.4 28944.5 36212.6 44918.3 60574.5 66594 69168.7 74452.3 89302.2 99768.7 108579 117834 127878 128286 121843 129069 113230 125553 132867 123036 114905 131028 121911 136590 134683 3.99761e+06 6.13877e+06 6.68178e+06 6.4412e+06 5.79763e+06 5.03504e+06 4.31394e+06 3.70332e+06 3.21858e+06 2.84912e+06 2.57486e+06 2.37467e+06 2.23002e+06 2.12592e+06 2.05022e+06 1.99437e+06 1.95484e+06 1.92656e+06 1.9061e+06 1.89113e+06 1.88004e+06 1.87174e+06 1.86546e+06 1.86065e+06 1.85694e+06 1.85405e+06 1.85177e+06 1.84998e+06 1.84855e+06 1.84741e+06 1.8465e+06 1.84576e+06 1.84517e+06 1.84469e+06 1.84429e+06 1.84398e+06 1.84372e+06 1.84351e+06 1.84334e+06 1.84319e+06 1.84308e+06 1.84299e+06 1.84291e+06 1.84285e+06 1.8428e+06 1.84275e+06 1.84272e+06 1.84269e+06 1.84267e+06 1.84265e+06 1.84264e+06 1.84262e+06 1.84261e+06 1.8426e+06 1.8426e+06 1.84259e+06 1.84259e+06 1.84258e+06 1.84258e+06 1.84258e+06 1.84258e+06 1.84257e+06 1.84257e+06 1.84257e+06 1.84257e+06 1.84257e+06 1.84257e+06 1.84257e+06 1.84257e+06 1.84257e+06 1.84257e+06 1.84257e+06 1.84257e+06 1.84257e+06 1.84257e+06 1.84257e+06 1.84257e+06 1.84257e+06 1.84257e+06 1.84257e+06 1.84257e+06 1.84257e+06 1.84257e+06 1.84257e+06 1.84257e+06 1.84257e+06 1.84257e+06 1.84257e+06 1.84257e+06 1.84257e+06 1.84257e+06 1.84257e+06 1.84257e+06 1.84257e+06 1.84257e+06 1.84257e+06 1.84257e+06 1.84257e+06 1.84257e+06 1.84257e+06 0 0 0 0 0 0 0 0 0 0 0 0 0 0 0 0 0 0 0 0 0 0 0 0 0
#obs survey bio
 17529.9 18618.4 15572.7 25981.9 30740.9 46251.6 44993.1 88841.4 67156.4 73446.5 78975.6 73617.4 98438.1 149641 96688.9 161275 157205 124204 119437 118897 120719 166707 105975 143389 140223 116830 129667 165958
#pred catch bio
 12643.4 11557.4 14803.2 16070.5 19998.1 25423.9 28333.4 42893.3 49845.5 52262.7 54197.5 68061.2 77217.6 85366.3 93831.2 104075 105583 95736.5 112865 92284.1 103599 113242 106461 93605.9 116834 102113 121264 103165 0 50482.3 54570.8 52079.7 46277.8 39589 33367.4 28178.4 24127.2 21099.6 18904.9 17348.6 16262.7 15513.6 14997.7 14642.3 14407.1 14251.4 14148.4 14080.3 14035.1 14005.3 13985.5 13972.4 13963.8 13958.1 13954.3 13951.8 13950.1 13949 13948.3 13947.8 13947.5 13947.3 13947.1 13947 13947 13946.9 13946.9 13946.9 13946.9 13946.9 13946.9 13946.8 13946.8 13946.8 13946.8 13946.8 13946.8 13946.8 13946.8 13946.8 13946.8 13946.8 13946.8 13946.8 13946.8 13946.8 13946.8 13946.8 13946.8 13946.8 13946.8 13946.8 13946.8 13946.8 13946.8 13946.8 13946.8 13946.8 13946.8 13946.8 13946.8 13946.8 13946.8 13946.8 13946.8 13946.8 13946.8 13946.8 13946.8 13946.8 13946.8 13946.8 13946.8 13946.8 13946.8 13946.8 13946.8 13946.8 13946.8 13946.8 13946.8 13946.8 13946.8 13946.8 13946.8 13946.8 13946.8 13946.8 0 0 0 0 0 0 0 0 0 0 0 0 0 0 0 0 0 0 0 0 0 0 0 0 0
#obs catch bio
 14134.7 11859.7 15139.2 15694.9 20560.5 24573.8 25880.3 36922.4 47249.5 47352.8 50155.3 63810.7 75250.1 81068 93953.5 102454 98007.5 89363.2 115458 86541.8 93987.4 101086 99509.4 79305.5 104218 92451.9 108951 99719.8
#pred cpue bio
 17106.1 15409.5 18293.4 19934.2 24423.4 30505.7 37729.6 52020.3 56860 58784.7 62471.3 74839.8 83621 90975.4 97831.9 106465 107819 102244 107975 93279.9 103051 110381 102853 93633 107904 98799.3 111659 108514 3.36955e+06 6.10018e+06 6.64319e+06 6.40261e+06 5.75904e+06 4.99645e+06 4.27535e+06 3.66473e+06 3.17999e+06 2.81053e+06 2.53627e+06 2.33608e+06 2.19143e+06 2.08734e+06 2.01163e+06 1.95578e+06 1.91625e+06 1.88797e+06 1.86751e+06 1.85254e+06 1.84145e+06 1.83315e+06 1.82687e+06 1.82206e+06 1.81835e+06 1.81546e+06 1.81319e+06 1.81139e+06 1.80996e+06 1.80882e+06 1.80791e+06 1.80717e+06 1.80658e+06 1.8061e+06 1.8057e+06 1.80539e+06 1.80513e+06 1.80492e+06 1.80475e+06 1.80461e+06 1.80449e+06 1.8044e+06 1.80432e+06 1.80426e+06 1.80421e+06 1.80417e+06 1.80413e+06 1.8041e+06 1.80408e+06 1.80406e+06 1.80405e+06 1.80403e+06 1.80402e+06 1.80401e+06 1.80401e+06 1.804e+06 1.804e+06 1.80399e+06 1.80399e+06 1.80399e+06 1.80399e+06 1.80398e+06 1.80398e+06 1.80398e+06 1.80398e+06 1.80398e+06 1.80398e+06 1.80398e+06 1.80398e+06 1.80398e+06 1.80398e+06 1.80398e+06 1.80398e+06 1.80398e+06 1.80398e+06 1.80398e+06 1.80398e+06 1.80398e+06 1.80398e+06 1.80398e+06 1.80398e+06 1.80398e+06 1.80398e+06 1.80398e+06 1.80398e+06 1.80398e+06 1.80398e+06 1.80398e+06 1.80398e+06 1.80398e+06 1.80398e+06 1.80398e+06 1.80398e+06 1.80398e+06 1.80398e+06 1.80398e+06 1.80398e+06 1.80398e+06 1.80398e+06 1.80398e+06 0 0 0 0 0 0 0 0 0 0 0 0 0 0 0 0 0 0 0 0 0 0 0 0 0
#obs cpue bio
 16577.4 12974.1 24918 20942.2 17736.8 34186.1 53112.6 77440.3 55223.1 89010.9 72759.2 117529 84144.6 90312.1 101264 98137.2 126761 120584 107780 114338 171018 132386 159629 152312 152878 141137 194249 93957.1
#pred surv len freq
 1.16781e-11 1.2681e-09 8.11851e-08 3.06433e-06 6.81926e-05 0.000894726 0.00692225 0.0315995 0.0853845 0.138764 0.146002 0.126711 0.120023 0.107647 0.0773019 0.0497772 0.0326042 0.02162 0.0147582 0.0106607 0.00830898 0.0070734 0.00621152 0.00483202 0.00283319
 1.31483e-11 1.42775e-09 9.14059e-08 3.45012e-06 7.67776e-05 0.00100737 0.00779363 0.0355757 0.0961051 0.155998 0.163244 0.139273 0.128403 0.110648 0.0722478 0.0387384 0.0207492 0.0116488 0.00672764 0.00404374 0.00260839 0.0018793 0.00147964 0.00110265 0.000646053
 1.2548e-11 1.36256e-09 8.72322e-08 3.29258e-06 7.3272e-05 0.000961374 0.00743802 0.0339571 0.0917967 0.149522 0.158882 0.141642 0.137171 0.120408 0.0784098 0.0408944 0.0201787 0.00962863 0.00444228 0.00211185 0.00107342 0.000605731 0.00039097 0.000261341 0.000147135
 1.33424e-11 1.44883e-09 9.27552e-08 3.50105e-06 7.7911e-05 0.00102224 0.00790871 0.0361015 0.0975324 0.158371 0.165987 0.142263 0.131814 0.11361 0.0735983 0.0382377 0.0186964 0.00866175 0.0036657 0.00145485 0.000565036 0.000231632 0.000109307 5.86709e-05 2.97132e-05
 1.35957e-11 1.47634e-09 9.45163e-08 3.56752e-06 7.93902e-05 0.00104164 0.00805882 0.0367858 0.0993685 0.161251 0.168529 0.143221 0.131263 0.112211 0.0717374 0.0362933 0.0172142 0.00782548 0.00325534 0.00123541 0.000424921 0.000135527 4.38645e-05 1.61545e-05 6.46562e-06
 1.36311e-11 1.48018e-09 9.47625e-08 3.57681e-06 7.9597e-05 0.00104436 0.00807981 0.0368817 0.0996291 0.161685 0.169036 0.143776 0.13185 0.112538 0.071495 0.035612 0.0164853 0.00728465 0.00293733 0.00108277 0.000359314 0.000105065 2.73441e-05 6.81581e-06 1.80921e-06
 1.37434e-11 1.49237e-09 9.55426e-08 3.60626e-06 8.02523e-05 0.00105295 0.0081463 0.0371847 0.100442 0.162953 0.170127 0.144104 0.131464 0.111837 0.0707411 0.0349045 0.0159243 0.00691377 0.00272184 0.000972907 0.000311939 8.75722e-05 2.11292e-05 4.36546e-06 8.07301e-07
 1.27262e-11 1.38192e-09 8.84716e-08 3.33936e-06 7.4313e-05 0.000975032 0.00754366 0.0344387 0.0930904 0.151561 0.160731 0.142499 0.137174 0.120106 0.0780879 0.0404753 0.0194867 0.00866302 0.00339673 0.00119246 0.000372458 0.000101114 2.33725e-05 4.49553e-06 7.1006e-07
 1.30236e-11 1.41421e-09 9.05388e-08 3.41739e-06 7.60493e-05 0.000997812 0.00771984 0.0352414 0.095238 0.15488 0.16342 0.142803 0.13522 0.117374 0.0757144 0.0388145 0.0186709 0.00852171 0.00349691 0.00127183 0.000400216 0.00010703 2.40445e-05 4.44161e-06 6.57788e-07
 1.31605e-11 1.42907e-09 9.14906e-08 3.45332e-06 7.68488e-05 0.0010083 0.007801 0.035612 0.0962409 0.156521 0.165198 0.144437 0.136635 0.117801 0.0743383 0.0362569 0.0163928 0.00719654 0.00292291 0.00108128 0.000352577 9.73178e-05 2.20735e-05 4.02153e-06 5.76777e-07
 1.37447e-11 1.49252e-09 9.55522e-08 3.60662e-06 8.02604e-05 0.00105306 0.00814714 0.037189 0.100458 0.163022 0.170392 0.144803 0.132537 0.11261 0.0705972 0.0340647 0.0150458 0.006337 0.00243179 0.000856559 0.000274009 7.64973e-05 1.7839e-05 3.32902e-06 4.8028e-07
 1.37924e-11 1.49769e-09 9.58835e-08 3.61913e-06 8.05386e-05 0.00105671 0.00817538 0.0373176 0.100803 0.163556 0.170835 0.14489 0.132293 0.112266 0.0703147 0.0338597 0.01489 0.00621292 0.00233399 0.000790101 0.000239738 6.39171e-05 1.46113e-05 2.74653e-06 4.04306e-07
 1.37311e-11 1.49103e-09 9.54573e-08 3.60304e-06 8.01806e-05 0.00105201 0.00813908 0.0371528 0.100369 0.162945 0.170627 0.145778 0.134148 0.113801 0.0704232 0.0328909 0.0138835 0.00564039 0.00209241 0.000699572 0.000207335 5.31177e-05 1.15648e-05 2.08969e-06 3.02449e-07
 1.3727e-11 1.49058e-09 9.54285e-08 3.60195e-06 8.01564e-05 0.0010517 0.00813663 0.0371417 0.100341 0.162916 0.170671 0.146001 0.134536 0.114132 0.0704896 0.0327136 0.0136093 0.00538951 0.00192842 0.000622566 0.000180187 4.52626e-05 9.58324e-06 1.66419e-06 2.30744e-07
 1.41273e-11 1.53406e-09 9.82118e-08 3.707e-06 8.24942e-05 0.00108237 0.00837383 0.0382223 0.10323 0.167368 0.174215 0.14621 0.131643 0.110448 0.0677744 0.0311172 0.0127456 0.00497663 0.00175314 0.000552219 0.000154475 3.74497e-05 7.69722e-06 1.30139e-06 1.74848e-07
 1.39584e-11 1.51572e-09 9.70376e-08 3.66269e-06 8.1508e-05 0.00106943 0.00827379 0.037767 0.102019 0.16555 0.173004 0.146906 0.134068 0.112837 0.0686737 0.0307705 0.0121371 0.00459289 0.00158352 0.000489586 0.000134256 3.17062e-05 6.30258e-06 1.02882e-06 1.33858e-07
 1.34986e-11 1.46579e-09 9.3841e-08 3.54203e-06 7.8823e-05 0.0010342 0.00800138 0.0365264 0.0987061 0.160484 0.169157 0.147285 0.138349 0.117763 0.0716731 0.0318708 0.012367 0.00456756 0.00152355 0.00045413 0.000120828 2.78559e-05 5.40614e-06 8.57876e-07 1.0801e-07
 1.35849e-11 1.47516e-09 9.44412e-08 3.56469e-06 7.93272e-05 0.00104082 0.00805253 0.0367592 0.0993264 0.161421 0.169811 0.147026 0.137262 0.116667 0.071227 0.0319646 0.0125625 0.00466151 0.00154046 0.000448983 0.000115655 2.57055e-05 4.82301e-06 7.43669e-07 9.11243e-08
 1.37827e-11 1.49664e-09 9.58162e-08 3.61659e-06 8.04821e-05 0.00105597 0.00816968 0.0372923 0.100744 0.163543 0.171197 0.146122 0.134291 0.113791 0.0702334 0.0325172 0.0133909 0.00515285 0.00173815 0.000511401 0.000131158 2.85866e-05 5.19928e-06 7.73404e-07 9.15599e-08
 1.43367e-11 1.55679e-09 9.96673e-08 3.76194e-06 8.37168e-05 0.00109841 0.00849793 0.0387888 0.10476 0.169843 0.176769 0.148245 0.133075 0.110513 0.0656309 0.0276641 0.0098967 0.00348431 0.00117091 0.000355985 9.39785e-05 2.07675e-05 3.76886e-06 5.50905e-07 6.33659e-08
 1.45401e-11 1.57888e-09 1.01082e-07 3.81533e-06 8.49048e-05 0.00111399 0.00861844 0.0393372 0.106218 0.172027 0.178198 0.147333 0.130072 0.107693 0.0648426 0.0284207 0.0107039 0.00375568 0.00115925 0.000317189 7.96118e-05 1.77116e-05 3.29219e-06 4.88542e-07 5.61562e-08
 1.39854e-11 1.51865e-09 9.72253e-08 3.66977e-06 8.16657e-05 0.0010715 0.00828981 0.0378406 0.102223 0.165926 0.173603 0.147913 0.135404 0.113674 0.0682375 0.0294272 0.0108507 0.00381128 0.00120909 0.000335098 8.03833e-05 1.64632e-05 2.88021e-06 4.21359e-07 4.8994e-08
 1.36885e-11 1.48641e-09 9.51614e-08 3.59187e-06 7.99321e-05 0.00104876 0.00811393 0.0370395 0.100084 0.162655 0.171121 0.148162 0.138174 0.116854 0.0701596 0.030116 0.0109857 0.003797 0.00118307 0.000325019 7.86064e-05 1.6163e-05 2.74058e-06 3.77037e-07 4.1527e-08
 1.48119e-11 1.60839e-09 1.02971e-07 3.88664e-06 8.64917e-05 0.00113481 0.00877945 0.0400709 0.108183 0.175072 0.180717 0.147781 0.128569 0.105469 0.0628039 0.0268484 0.00974149 0.00334445 0.00103233 0.000279571 6.65153e-05 1.35322e-05 2.29023e-06 3.13263e-07 3.35738e-08
 1.43714e-11 1.56056e-09 9.99084e-08 3.77105e-06 8.39194e-05 0.00110107 0.00851847 0.038882 0.105006 0.170192 0.176902 0.147787 0.132118 0.109794 0.0657591 0.0283406 0.0104088 0.00360346 0.00111251 0.000299604 7.06026e-05 1.41742e-05 2.36374e-06 3.19639e-07 3.40007e-08
 1.49754e-11 1.62615e-09 1.04108e-07 3.92955e-06 8.74466e-05 0.00114734 0.00887636 0.0405128 0.109371 0.176952 0.182456 0.148669 0.128608 0.104766 0.0613345 0.0250491 0.00838511 0.00268957 0.000809431 0.000218205 5.1574e-05 1.03216e-05 1.70624e-06 2.27876e-07 2.39152e-08
 1.46485e-11 1.59066e-09 1.01835e-07 3.84377e-06 8.55378e-05 0.0011223 0.00868268 0.0396303 0.107009 0.173296 0.179462 0.148225 0.130568 0.107565 0.0638036 0.026862 0.00943086 0.00308189 0.00088849 0.000222036 4.96173e-05 9.73306e-06 1.60415e-06 2.13645e-07 2.22555e-08
 1.52046e-11 1.65104e-09 1.05701e-07 3.98969e-06 8.87849e-05 0.0011649 0.00901215 0.0411313 0.111023 0.179489 0.184429 0.148633 0.126715 0.102502 0.0598509 0.0243563 0.00807987 0.00254212 0.000738438 0.00018844 4.15749e-05 7.73704e-06 1.20394e-06 1.54951e-07 1.59339e-08
#obs surv len freq
 1.34988e-11 1.46582e-09 9.38427e-08 3.5421e-06 7.88246e-05 0.00103422 0.00800122 0.0365191 0.0985896 0.159477 0.164153 0.133087 0.116588 0.104024 0.0784635 0.0510161 0.0288543 0.0133662 0.00493163 0.00143458 0.000319561 5.2588e-05 6.19756e-06 5.0878e-07 2.83576e-08
 1.24611e-11 1.35313e-09 8.66284e-08 3.2698e-06 7.2765e-05 0.000954726 0.00738672 0.0337248 0.0911795 0.148493 0.157199 0.13767 0.130473 0.11678 0.0832288 0.0496712 0.0261089 0.0115259 0.00409513 0.00114615 0.000244708 3.83953e-05 4.27953e-06 3.2875e-07 1.69589e-08
 1.32595e-11 1.43982e-09 9.21786e-08 3.47929e-06 7.7427e-05 0.00101589 0.00785982 0.0358812 0.0969543 0.157405 0.164147 0.137124 0.122647 0.10824 0.0793032 0.0489236 0.025423 0.0105152 0.00340679 0.000872096 0.000172947 2.54663e-05 2.67011e-06 1.92527e-07 9.28142e-09
 1.37098e-11 1.48872e-09 9.5309e-08 3.59745e-06 8.00565e-05 0.0010504 0.00812692 0.037103 0.100278 0.162909 0.170051 0.141533 0.124136 0.105643 0.0733275 0.0425121 0.0211669 0.00857678 0.00270934 0.000656033 0.00011936 1.59297e-05 1.51967e-06 1.00596e-07 4.48205e-09
 1.28365e-11 1.39389e-09 8.92383e-08 3.36831e-06 7.49577e-05 0.000983511 0.00760992 0.0347527 0.0940448 0.153601 0.163599 0.14315 0.131906 0.113783 0.0786453 0.0448388 0.0215415 0.00829814 0.00248357 0.000572019 9.88957e-05 1.23837e-05 1.08868e-06 6.5548e-08 2.64526e-09
 1.43083e-11 1.55371e-09 9.94701e-08 3.75451e-06 8.35519e-05 0.00109627 0.00848201 0.0387266 0.104679 0.170008 0.176623 0.14352 0.120333 0.0995022 0.0688197 0.039639 0.0189036 0.00705951 0.00200847 0.000433511 6.97683e-05 8.12411e-06 6.63751e-07 3.6996e-08 1.37251e-09
 1.27714e-11 1.38683e-09 8.87858e-08 3.35123e-06 7.4578e-05 0.000978551 0.00757222 0.0345926 0.0937373 0.153836 0.16617 0.148634 0.136856 0.114374 0.0753346 0.0404876 0.018335 0.00668231 0.00187231 0.000393284 6.03333e-05 6.57817e-06 4.97771e-07 2.55702e-08 8.72747e-10
 1.30997e-11 1.42248e-09 9.10681e-08 3.43738e-06 7.64952e-05 0.00100371 0.00776683 0.0354795 0.0961007 0.157335 0.168037 0.145526 0.129708 0.109519 0.0762816 0.0436527 0.0201085 0.00708769 0.00187869 0.000374043 5.48158e-05 5.71083e-06 4.09428e-07 1.96928e-08 6.22934e-10
 1.27835e-11 1.38813e-09 8.88695e-08 3.3544e-06 7.46489e-05 0.000979502 0.00758018 0.0346386 0.0939467 0.154561 0.167648 0.14957 0.135339 0.112001 0.0748851 0.0412273 0.0187211 0.0066503 0.00177343 0.000346618 4.85089e-05 4.75206e-06 3.19122e-07 1.43818e-08 4.2585e-10
 1.31475e-11 1.42766e-09 9.14001e-08 3.44992e-06 7.67748e-05 0.00100741 0.00779631 0.0356285 0.0966409 0.158941 0.171732 0.150819 0.133141 0.108484 0.0720274 0.0390377 0.0170935 0.0057803 0.00147158 0.000277724 3.77719e-05 3.57733e-06 2.2924e-07 9.72713e-09 2.68739e-10
 1.29309e-11 1.40415e-09 8.98947e-08 3.3931e-06 7.55109e-05 0.000990847 0.00766893 0.0350596 0.0952275 0.157353 0.172329 0.154847 0.137828 0.110164 0.0704564 0.0364386 0.0152203 0.0049117 0.00118652 0.000210862 2.69361e-05 2.40365e-06 1.4577e-07 5.86255e-09 1.53115e-10
 1.33563e-11 1.45034e-09 9.28522e-08 3.50474e-06 7.79955e-05 0.00102346 0.0079215 0.0362155 0.0983596 0.162341 0.176588 0.155246 0.134194 0.105749 0.0676418 0.0348417 0.0142103 0.00439291 0.00100456 0.000167886 2.00814e-05 1.672e-06 9.43938e-08 3.53315e-09 8.6002e-11
 1.16558e-11 1.26568e-09 8.10303e-08 3.05853e-06 6.80669e-05 0.000893245 0.00691576 0.0316539 0.0863436 0.144741 0.165101 0.159102 0.148444 0.119595 0.0762544 0.0389618 0.0157833 0.00484775 0.00109306 0.000177208 2.01948e-05 1.58029e-06 8.31527e-08 2.88735e-09 6.50367e-11
 1.33093e-11 1.44523e-09 9.25254e-08 3.49242e-06 7.77222e-05 0.00101991 0.00789513 0.0361099 0.0981883 0.162503 0.177396 0.15541 0.132621 0.104633 0.0683917 0.035817 0.0144806 0.00434128 0.000946838 0.000148127 1.62411e-05 1.21466e-06 6.05151e-08 1.97067e-09 4.13074e-11
 1.19767e-11 1.30054e-09 8.32618e-08 3.14278e-06 6.99433e-05 0.000917932 0.00710845 0.0325577 0.0889759 0.149796 0.171725 0.164046 0.147977 0.114209 0.0698365 0.034311 0.0134397 0.00400648 0.0008715 0.000134176 1.42472e-05 1.02024e-06 4.83367e-08 1.48952e-09 2.94033e-11
 1.23722e-11 1.34348e-09 8.60109e-08 3.24655e-06 7.22531e-05 0.000948256 0.00734335 0.0336316 0.0918579 0.154149 0.174479 0.16205 0.142967 0.111202 0.0696427 0.0343009 0.0129076 0.00359587 0.000730399 0.00010653 1.08542e-05 7.48376e-07 3.39924e-08 9.97069e-10 1.86096e-11
 1.16854e-11 1.2689e-09 8.1237e-08 3.06638e-06 6.82453e-05 0.000895747 0.00693905 0.0318154 0.0872122 0.147967 0.172096 0.166355 0.149668 0.11517 0.0705707 0.0341697 0.0127498 0.00351729 0.000696072 9.67281e-05 9.2472e-06 5.95907e-07 2.53815e-08 7.01282e-10 1.2358e-11
 1.16092e-11 1.26063e-09 8.07075e-08 3.04641e-06 6.78019e-05 0.000889969 0.0068952 0.0316252 0.0867562 0.147356 0.171326 0.164849 0.148155 0.115753 0.0727653 0.0357994 0.0133246 0.00362472 0.000703966 9.54875e-05 8.82367e-06 5.4258e-07 2.17827e-08 5.62385e-10 9.22189e-12
 1.23163e-11 1.33741e-09 8.56233e-08 3.23198e-06 7.19331e-05 0.000944233 0.00731635 0.0335636 0.0920918 0.156256 0.180238 0.168927 0.145097 0.107493 0.0639372 0.0299267 0.0107097 0.00281913 0.000529423 6.91418e-05 6.12485e-06 3.59667e-07 1.37305e-08 3.35321e-10 5.1703e-12
 1.18671e-11 1.28864e-09 8.25009e-08 3.11417e-06 6.9314e-05 0.000909973 0.00705377 0.0323988 0.0892145 0.152833 0.179966 0.173116 0.150104 0.109783 0.0634537 0.0284885 0.00969577 0.00242106 0.000431885 5.36908e-05 4.52997e-06 2.52994e-07 9.1609e-09 2.11563e-10 3.07573e-12
 1.31982e-11 1.43318e-09 9.17548e-08 3.46348e-06 7.70882e-05 0.001012 0.00784335 0.0359995 0.0988427 0.167546 0.191138 0.17271 0.139986 0.0976828 0.0543446 0.0232925 0.00746487 0.00173557 0.000286489 3.29298e-05 2.57612e-06 1.33928e-07 4.52907e-09 9.78745e-11 1.33242e-12
 9.71736e-12 1.0552e-09 6.75576e-08 2.55028e-06 5.67753e-05 0.00074585 0.0057931 0.0267683 0.0750047 0.13455 0.17421 0.187711 0.171109 0.121765 0.0654124 0.0266463 0.00811905 0.0017937 0.000279365 2.99853e-05 2.17144e-06 1.03994e-07 3.23569e-09 6.44015e-11 8.09123e-13
 1.30728e-11 1.41956e-09 9.08834e-08 3.43064e-06 7.63609e-05 0.00100256 0.00777219 0.0356906 0.0980574 0.166137 0.188525 0.168807 0.138367 0.101138 0.0590924 0.0255544 0.00783462 0.0016701 0.000245608 2.46713e-05 1.66459e-06 7.39681e-08 2.12601e-09 3.894e-11 4.49057e-13
 1.17653e-11 1.2776e-09 8.17964e-08 3.08782e-06 6.87432e-05 0.000903054 0.00701223 0.0323544 0.0900908 0.158019 0.192459 0.186673 0.152824 0.100465 0.0512563 0.0202823 0.00606984 0.00130544 0.000192794 1.89843e-05 1.22413e-06 5.10512e-08 1.36286e-09 2.30606e-11 2.44964e-13
 1.18369e-11 1.28537e-09 8.22946e-08 3.10668e-06 6.91657e-05 0.000908677 0.00705691 0.0325655 0.0906532 0.158637 0.191882 0.184727 0.152297 0.102282 0.0524501 0.0198462 0.00541682 0.00104909 0.000142162 1.32044e-05 8.17857e-07 3.28853e-08 8.40836e-10 1.34804e-11 1.3425e-13
 1.17469e-11 1.2756e-09 8.16703e-08 3.08322e-06 6.86497e-05 0.000902103 0.00700977 0.0323902 0.0904184 0.159024 0.193442 0.186164 0.152029 0.101033 0.0515807 0.0195096 0.00528847 0.000997118 0.000128007 1.10165e-05 6.26684e-07 2.32228e-08 5.52235e-10 8.30544e-12 7.79801e-14
 1.16699e-11 1.26725e-09 8.11369e-08 3.06322e-06 6.82121e-05 0.000896603 0.0069717 0.0322639 0.0903616 0.159868 0.195853 0.18869 0.152407 0.0992598 0.0494046 0.018169 0.00478799 0.000877764 0.000109204 9.0291e-06 4.87167e-07 1.68926e-08 3.71859e-10 5.14556e-12 4.43858e-14
 1.10576e-11 1.20077e-09 7.68834e-08 2.90288e-06 6.46555e-05 0.000850315 0.0066207 0.0307404 0.0867558 0.155961 0.19609 0.193675 0.157337 0.100856 0.0486773 0.0171907 0.00432549 0.000755186 8.94057e-05 7.03185e-06 3.60498e-07 1.18446e-08 2.45942e-10 3.19143e-12 2.56553e-14
#pred catch len freq
 1.0213e-11 1.10901e-09 7.09999e-08 2.6799e-06 5.96375e-05 0.000782487 0.0060542 0.0276444 0.074799 0.12238 0.132588 0.124702 0.128545 0.119129 0.0861785 0.055561 0.0363974 0.0241355 0.0164753 0.0119011 0.00927575 0.00789641 0.00693424 0.00539423 0.00316284
 1.16309e-11 1.26297e-09 8.08568e-08 3.05194e-06 6.79169e-05 0.000891117 0.00689461 0.0314802 0.0851547 0.139138 0.149866 0.138631 0.139541 0.124523 0.0819673 0.0440147 0.0235799 0.0132382 0.00764556 0.00459547 0.00296428 0.00213571 0.00168152 0.00125309 0.000734201
 1.13216e-11 1.22939e-09 7.87067e-08 2.97079e-06 6.61109e-05 0.000867425 0.00671146 0.0306473 0.0829494 0.135916 0.148168 0.141398 0.146629 0.132068 0.0865072 0.0451658 0.0222896 0.010636 0.00490703 0.00233279 0.00118572 0.000669103 0.000431874 0.000288683 0.000162528
 1.20601e-11 1.30958e-09 8.38407e-08 3.16457e-06 7.04232e-05 0.000924 0.007149 0.0326408 0.0882819 0.144148 0.154804 0.142062 0.141793 0.12589 0.0821162 0.0427169 0.0208901 0.00967817 0.00409586 0.00162557 0.000631342 0.000258814 0.000122134 6.55558e-05 3.31999e-05
 1.23608e-11 1.34223e-09 8.59309e-08 3.24346e-06 7.21789e-05 0.000947034 0.00732716 0.0334529 0.0904605 0.147561 0.157796 0.143133 0.141038 0.124157 0.0799202 0.0404846 0.0192056 0.00873086 0.00363197 0.00137835 0.000474083 0.000151208 4.89396e-05 1.80236e-05 7.21367e-06
 1.24632e-11 1.35336e-09 8.66432e-08 3.27035e-06 7.27772e-05 0.000954884 0.00738788 0.0337298 0.0912053 0.148743 0.158908 0.143753 0.14119 0.123909 0.0792327 0.039514 0.0182948 0.00808435 0.00325979 0.00120164 0.00039876 0.000116599 3.0346e-05 7.56405e-06 2.00782e-06
 1.21896e-11 1.32364e-09 8.47406e-08 3.19854e-06 7.11792e-05 0.000933919 0.00722575 0.0329915 0.089235 0.145739 0.15667 0.144123 0.143966 0.127023 0.0810338 0.0400468 0.0182745 0.00793429 0.00312361 0.00111652 0.000357984 0.000100499 2.4248e-05 5.00984e-06 9.26465e-07
 1.15603e-11 1.25531e-09 8.03663e-08 3.03343e-06 6.75049e-05 0.000885714 0.00685292 0.0312922 0.08468 0.138632 0.150574 0.142349 0.146305 0.131331 0.0858725 0.0445565 0.0214545 0.00953798 0.0037398 0.0013129 0.000410076 0.000111327 2.57331e-05 4.94957e-06 7.81775e-07
 1.21133e-11 1.31536e-09 8.42105e-08 3.17853e-06 7.07339e-05 0.000928077 0.00718054 0.0327848 0.0886717 0.144787 0.155498 0.142708 0.142379 0.126149 0.081761 0.0419507 0.0201819 0.00921147 0.00377995 0.00137477 0.00043261 0.000115693 2.59906e-05 4.80112e-06 7.1103e-07
 1.23018e-11 1.33583e-09 8.55211e-08 3.228e-06 7.18347e-05 0.00094252 0.00729228 0.0332947 0.090048 0.14701 0.157771 0.144472 0.143581 0.126213 0.080006 0.0390541 0.0176596 0.00775278 0.00314883 0.00116485 0.000379829 0.00010484 2.37796e-05 4.33236e-06 6.21359e-07
 1.27369e-11 1.38307e-09 8.85457e-08 3.34216e-06 7.43752e-05 0.00097585 0.00755005 0.0344691 0.0931898 0.151861 0.161687 0.144882 0.140749 0.122536 0.0772605 0.0373201 0.0164862 0.0069438 0.00266465 0.00093858 0.000300247 8.38224e-05 1.95472e-05 3.64779e-06 5.2627e-07
 1.29984e-11 1.41147e-09 9.03638e-08 3.41078e-06 7.59023e-05 0.000995885 0.00770499 0.035175 0.0950767 0.154765 0.163981 0.144959 0.138774 0.120094 0.0755665 0.0364205 0.0160182 0.00668373 0.00251086 0.000849974 0.000257906 6.87608e-05 1.57185e-05 2.95466e-06 4.34944e-07
 1.3012e-11 1.41295e-09 9.04585e-08 3.41436e-06 7.59819e-05 0.00099693 0.00771308 0.0352124 0.0951839 0.154988 0.164441 0.145901 0.14011 0.120954 0.075159 0.0351304 0.0148305 0.00602522 0.00223518 0.000747302 0.000221481 5.67418e-05 1.23538e-05 2.23227e-06 3.23085e-07
 1.30883e-11 1.42123e-09 9.09888e-08 3.43437e-06 7.64273e-05 0.00100277 0.00775828 0.0354184 0.0957361 0.15585 0.165181 0.146124 0.139852 0.120503 0.0746982 0.0346911 0.0144335 0.00571597 0.00204523 0.000660278 0.000191101 4.80044e-05 1.01637e-05 1.76499e-06 2.44722e-07
 1.35686e-11 1.47339e-09 9.43276e-08 3.5604e-06 7.92318e-05 0.00103957 0.00804282 0.0367146 0.099202 0.161187 0.169419 0.146333 0.136318 0.116039 0.0714521 0.0328276 0.0134475 0.00525077 0.00184972 0.000582638 0.000162984 3.95126e-05 8.12122e-06 1.37308e-06 1.84479e-07
 1.35134e-11 1.46739e-09 9.39436e-08 3.5459e-06 7.89092e-05 0.00103533 0.00801012 0.036566 0.0988102 0.160628 0.169194 0.147032 0.137836 0.11732 0.0715941 0.0320957 0.0126608 0.00479113 0.00165186 0.000510717 0.00014005 3.30747e-05 6.57461e-06 1.07323e-06 1.39635e-07
 1.31069e-11 1.42325e-09 9.11179e-08 3.43925e-06 7.65358e-05 0.0010042 0.00776932 0.0354694 0.0958821 0.156153 0.165807 0.147405 0.141679 0.12172 0.0742428 0.0330273 0.0128167 0.00473366 0.00157895 0.000470644 0.000125222 2.88689e-05 5.60273e-06 8.89073e-07 1.11938e-07
 1.29402e-11 1.40515e-09 8.99588e-08 3.3955e-06 7.55622e-05 0.000991424 0.00767054 0.0350193 0.0946777 0.154291 0.164291 0.14721 0.142723 0.123166 0.0754641 0.0338895 0.0133204 0.0049428 0.00163342 0.000476076 0.000122635 2.72567e-05 5.11406e-06 7.88545e-07 9.66231e-08
 1.37702e-11 1.49528e-09 9.57293e-08 3.6133e-06 8.04091e-05 0.00105501 0.00816227 0.0372586 0.100654 0.163404 0.171089 0.146125 0.134395 0.113916 0.0703159 0.0325559 0.0134069 0.005159 0.00174022 0.000512011 0.000131314 2.86207e-05 5.20548e-06 7.74326e-07 9.16691e-08
 1.3911e-11 1.51056e-09 9.67077e-08 3.65023e-06 8.12309e-05 0.0010658 0.00824572 0.03764 0.101691 0.16514 0.173146 0.148428 0.136774 0.114866 0.0684004 0.0288469 0.0103207 0.00363364 0.0012211 0.000371242 9.80064e-05 2.16576e-05 3.93039e-06 5.74516e-07 6.60817e-08
 1.41869e-11 1.54052e-09 9.86258e-08 3.72263e-06 8.2842e-05 0.00108693 0.00840915 0.0383839 0.103672 0.168122 0.175182 0.147454 0.133096 0.111277 0.0671601 0.0294502 0.0110924 0.00389203 0.00120134 0.000328706 8.25023e-05 1.83547e-05 3.41172e-06 5.0628e-07 5.8195e-08
 1.38111e-11 1.49972e-09 9.60133e-08 3.62402e-06 8.06476e-05 0.00105814 0.00818652 0.0373701 0.100966 0.163999 0.172116 0.147979 0.136906 0.115449 0.0693772 0.0299249 0.0110346 0.00387589 0.00122959 0.000340779 8.1746e-05 1.67422e-05 2.92903e-06 4.28502e-07 4.98245e-08
 1.3607e-11 1.47756e-09 9.45948e-08 3.57048e-06 7.94562e-05 0.00104251 0.00806565 0.0368196 0.0994968 0.161755 0.170426 0.148194 0.138878 0.117685 0.0706921 0.0303474 0.0110703 0.00382625 0.00119218 0.000327522 7.92117e-05 1.62875e-05 2.76168e-06 3.79941e-07 4.18468e-08
 1.43972e-11 1.56337e-09 1.00088e-07 3.77783e-06 8.40703e-05 0.00110305 0.00853379 0.0389519 0.105194 0.170491 0.177184 0.147948 0.132155 0.109701 0.0655131 0.0280226 0.0101685 0.00349108 0.00107759 0.000291828 6.94315e-05 1.41255e-05 2.39064e-06 3.26997e-07 3.50458e-08
 1.44852e-11 1.57292e-09 1.007e-07 3.80093e-06 8.45843e-05 0.00110979 0.00858593 0.0391893 0.105826 0.17145 0.177872 0.147744 0.131137 0.108634 0.0650143 0.0280153 0.0102891 0.00356201 0.00109971 0.000296157 6.97904e-05 1.40112e-05 2.33654e-06 3.15962e-07 3.36095e-08
 1.47161e-11 1.59799e-09 1.02305e-07 3.8615e-06 8.59322e-05 0.00112747 0.00872272 0.039813 0.107501 0.174089 0.180257 0.1488 0.130891 0.107439 0.0630177 0.0257462 0.00861901 0.00276462 0.000832017 0.000224293 5.30131e-05 1.06096e-05 1.75385e-06 2.34234e-07 2.45825e-08
 1.47319e-11 1.5997e-09 1.02415e-07 3.86564e-06 8.60244e-05 0.00112868 0.00873205 0.0398552 0.107609 0.174217 0.18017 0.148189 0.129843 0.106711 0.0632597 0.0266299 0.0093492 0.00305519 0.000880794 0.000220113 4.91875e-05 9.64876e-06 1.59026e-06 2.11795e-07 2.20627e-08
 1.45044e-11 1.575e-09 1.00833e-07 3.80594e-06 8.4696e-05 0.00111126 0.00859729 0.0392418 0.105976 0.171758 0.178492 0.148993 0.132891 0.109728 0.064396 0.0262325 0.00870381 0.00273848 0.00079548 0.000202996 4.47864e-05 8.33469e-06 1.29693e-06 1.6692e-07 1.71647e-08
#obs catch len freq
 9.75141e-12 1.05889e-09 6.77909e-08 2.55877e-06 5.69423e-05 0.000747131 0.00578092 0.0264024 0.0715108 0.117532 0.129606 0.127272 0.137858 0.135122 0.106109 0.071261 0.0413342 0.0194698 0.00725201 0.00211831 0.000474519 7.92376e-05 9.57589e-06 8.11051e-07 4.66531e-08
 1.19045e-11 1.29268e-09 8.27587e-08 3.12373e-06 6.95146e-05 0.000912079 0.00705678 0.0322189 0.0871144 0.141924 0.150502 0.132645 0.127647 0.117967 0.0895268 0.0580357 0.0324346 0.01475 0.00531478 0.00150004 0.00032197 5.07212e-05 5.68665e-06 4.41561e-07 2.31597e-08
 1.11011e-11 1.20545e-09 7.71737e-08 2.91293e-06 6.48237e-05 0.000850546 0.00658124 0.0300592 0.0814183 0.13369 0.146154 0.138445 0.140993 0.128852 0.0919229 0.0546239 0.0283684 0.0122853 0.00425716 0.00115435 0.000237112 3.55564e-05 3.76451e-06 2.73207e-07 1.32529e-08
 1.21186e-11 1.31594e-09 8.42473e-08 3.17993e-06 7.07653e-05 0.0009285 0.00718419 0.0328072 0.0887752 0.145033 0.154994 0.13787 0.131445 0.118382 0.0867469 0.0531021 0.0271505 0.0109881 0.00346897 0.000859999 0.000163948 2.30443e-05 2.29211e-06 1.55953e-07 7.06278e-09
 1.26631e-11 1.37506e-09 8.80326e-08 3.3228e-06 7.39449e-05 0.000970224 0.00750717 0.0342846 0.0927927 0.151665 0.162004 0.142836 0.132701 0.11488 0.0796366 0.0458148 0.0224485 0.00888839 0.00272867 0.000638283 0.000111489 1.41953e-05 1.28396e-06 8.01335e-08 3.35087e-09
 1.19889e-11 1.30185e-09 8.33458e-08 3.1459e-06 7.00085e-05 0.000918591 0.00710818 0.0324729 0.0880084 0.144638 0.157506 0.144849 0.139237 0.121164 0.0833718 0.0470495 0.022196 0.00834355 0.00242453 0.000538772 8.9263e-05 1.06456e-05 8.86421e-07 5.02953e-08 1.90427e-09
 1.35603e-11 1.47249e-09 9.42701e-08 3.55824e-06 7.91844e-05 0.00103898 0.00803929 0.0367156 0.0993598 0.162131 0.171317 0.145074 0.126791 0.106008 0.0729999 0.0415472 0.0194132 0.00706062 0.00194707 0.000404942 6.23878e-05 6.91184e-06 5.34286e-07 2.80386e-08 9.75375e-10
 1.20901e-11 1.31284e-09 8.40495e-08 3.17247e-06 7.06001e-05 0.000926379 0.00716919 0.0327645 0.0889262 0.146846 0.161882 0.150867 0.143188 0.119994 0.0784606 0.0416585 0.0184904 0.00655789 0.00177762 0.000359011 5.26325e-05 5.45327e-06 3.90088e-07 1.88536e-08 6.03011e-10
 1.25688e-11 1.36483e-09 8.73774e-08 3.29808e-06 7.33955e-05 0.000963057 0.00745291 0.034057 0.0923696 0.151972 0.164898 0.147492 0.134763 0.113987 0.0787218 0.0443414 0.0199439 0.00682717 0.00174933 0.000334611 4.67994e-05 4.62594e-06 3.13099e-07 1.41565e-08 4.19411e-10
 1.23768e-11 1.34397e-09 8.60423e-08 3.24769e-06 7.22747e-05 0.000948372 0.00733997 0.0335531 0.0911269 0.150648 0.16578 0.151807 0.139536 0.115112 0.0761959 0.0412939 0.0183075 0.00630647 0.00162141 0.000303728 4.0507e-05 3.76142e-06 2.38248e-07 1.00831e-08 2.79374e-10
 1.28648e-11 1.39697e-09 8.94351e-08 3.37576e-06 7.51248e-05 0.000985779 0.00762962 0.0348784 0.094719 0.156407 0.170926 0.153029 0.136388 0.11047 0.0724675 0.0385721 0.0164603 0.00539308 0.00132305 0.000239059 3.09316e-05 2.77203e-06 1.67329e-07 6.66225e-09 1.72132e-10
 1.27029e-11 1.37938e-09 8.83095e-08 3.33328e-06 7.41801e-05 0.000973412 0.00753477 0.034459 0.0937164 0.155496 0.172157 0.157218 0.140639 0.111438 0.0703144 0.03568 0.01451 0.00453054 0.00105312 0.000178989 2.17336e-05 1.83342e-06 1.04616e-07 3.9432e-09 9.6216e-11
 1.31414e-11 1.427e-09 9.13578e-08 3.44834e-06 7.6741e-05 0.00100703 0.00779517 0.0356512 0.0969493 0.160647 0.176534 0.157579 0.136875 0.106924 0.0674086 0.0340032 0.0134775 0.00402555 0.000884737 0.00014125 1.60425e-05 1.26153e-06 6.6956e-08 2.34695e-09 5.33278e-11
 1.15445e-11 1.25359e-09 8.02565e-08 3.02934e-06 6.74179e-05 0.000884767 0.00685111 0.0313731 0.0857089 0.144311 0.166201 0.161715 0.150405 0.119649 0.0750727 0.0375232 0.0147547 0.00437131 0.000945357 0.000146137 1.57916e-05 1.16597e-06 5.76349e-08 1.87295e-09 3.93586e-11
 1.32347e-11 1.43713e-09 9.20068e-08 3.47285e-06 7.72875e-05 0.00101425 0.00785215 0.0359265 0.0978007 0.162379 0.178526 0.157669 0.134268 0.104645 0.067212 0.0343445 0.0134507 0.00388481 0.000811768 0.000120936 1.25551e-05 8.84795e-07 4.1369e-08 1.25995e-09 2.46284e-11
 1.19751e-11 1.30036e-09 8.32504e-08 3.14237e-06 6.99351e-05 0.00091787 0.0071091 0.0325767 0.0891549 0.150641 0.173806 0.166535 0.14886 0.113081 0.0679054 0.0325784 0.0123614 0.00354466 0.000737112 0.000107864 1.08296e-05 7.29942e-07 3.24225e-08 9.33575e-10 1.71732e-11
 1.24006e-11 1.34656e-09 8.62086e-08 3.25403e-06 7.24206e-05 0.000950502 0.0073619 0.0337322 0.0922525 0.155303 0.176731 0.164464 0.143737 0.109962 0.0674662 0.0323415 0.0117653 0.00315136 0.000611887 8.47624e-05 8.15472e-06 5.28418e-07 2.24742e-08 6.15419e-10 1.06965e-11
 1.1728e-11 1.27353e-09 8.15331e-08 3.07758e-06 6.8496e-05 0.000899097 0.00696638 0.031959 0.0877408 0.14939 0.174668 0.168887 0.15023 0.113603 0.0681756 0.0321153 0.01157 0.00306234 0.000578103 7.62007e-05 6.8739e-06 4.1605e-07 1.65783e-08 4.27151e-10 7.0022e-12
 1.1738e-11 1.27461e-09 8.16027e-08 3.08023e-06 6.85561e-05 0.000899929 0.0069737 0.032002 0.0879046 0.149702 0.17454 0.167315 0.148203 0.11357 0.0697691 0.0333199 0.0119552 0.00311636 0.000576495 7.40492e-05 6.44683e-06 3.7193e-07 1.39598e-08 3.35955e-10 5.1223e-12
 1.24569e-11 1.35268e-09 8.66011e-08 3.26892e-06 7.2757e-05 0.000955116 0.00740215 0.0339751 0.0933386 0.158753 0.1835 0.171147 0.144691 0.10501 0.0610024 0.0277064 0.0095503 0.00240584 0.000429761 5.30819e-05 4.42503e-06 2.43521e-07 8.68285e-09 1.97506e-10 2.83017e-12
 1.20622e-11 1.30982e-09 8.38576e-08 3.16542e-06 7.04567e-05 0.000925055 0.0071723 0.0329619 0.0908778 0.155992 0.183746 0.175276 0.14912 0.106628 0.0600906 0.0261421 0.00856087 0.00204393 0.000346483 4.06919e-05 3.22707e-06 1.68718e-07 5.7005e-09 1.22518e-10 1.65417e-12
 1.33982e-11 1.45489e-09 9.31454e-08 3.516e-06 7.82596e-05 0.00102746 0.00796479 0.036575 0.100529 0.170681 0.194722 0.174524 0.138748 0.0945147 0.0511738 0.0212181 0.00653464 0.00145133 0.000227508 2.46893e-05 1.81421e-06 8.82211e-08 2.78132e-09 5.58883e-11 7.06027e-13
 9.92883e-12 1.07817e-09 6.90286e-08 2.60587e-06 5.80165e-05 0.000762284 0.00592319 0.0273955 0.0769045 0.138262 0.178683 0.190066 0.169523 0.11776 0.0615717 0.0242543 0.00709439 0.00149511 0.000220852 2.2361e-05 1.52019e-06 6.80718e-08 1.97368e-09 3.65079e-11 4.25367e-13
 1.33223e-11 1.44666e-09 9.26189e-08 3.4962e-06 7.78227e-05 0.00102185 0.00792335 0.036402 0.100103 0.169801 0.192521 0.170834 0.137176 0.0975826 0.0552199 0.0229964 0.00675406 0.00137228 0.000191295 1.81135e-05 1.14646e-06 4.76046e-08 1.27457e-09 2.16913e-11 2.31943e-13
 1.20284e-11 1.30616e-09 8.36262e-08 3.15697e-06 7.02871e-05 0.000923475 0.00717332 0.0331221 0.0923441 0.162129 0.196804 0.188194 0.150448 0.0963427 0.0477603 0.0182348 0.00522093 0.001067 0.000148971 1.38082e-05 8.34875e-07 3.25332e-08 8.08987e-10 1.27173e-11 1.2524e-13
 1.2106e-11 1.3146e-09 8.41667e-08 3.17744e-06 7.07457e-05 0.000929582 0.00722186 0.0333512 0.0929533 0.162814 0.19632 0.186436 0.150047 0.0979312 0.0486162 0.0177082 0.00462516 0.000852114 0.000109157 9.52936e-06 5.52306e-07 2.07163e-08 4.92982e-10 7.34178e-12 6.78034e-14
 1.20304e-11 1.30639e-09 8.36427e-08 3.15779e-06 7.03154e-05 0.000924159 0.00718398 0.0332207 0.0928465 0.1634 0.197994 0.187783 0.149606 0.0965652 0.0476788 0.0173298 0.00448522 0.000802928 9.7364e-05 7.87629e-06 4.1929e-07 1.44855e-08 3.20191e-10 4.46648e-12 3.88363e-14
 1.19672e-11 1.29954e-09 8.32059e-08 3.14146e-06 6.99608e-05 0.000919779 0.007155 0.0331389 0.0929186 0.164445 0.200514 0.190172 0.1497 0.0945936 0.045485 0.016058 0.00403569 0.000701444 8.23038e-05 6.38859e-06 3.22371e-07 1.04211e-08 2.13291e-10 2.73785e-12 2.18665e-14
#spawning biomass
 19279.5 18280.2 21619.3 24020.5 29650.9 37104.4 46041.7 61909.1 68113.5 70789.6 76324.5 91562.3 102292 111329 120961 131224 131482 124904 132365 116349 129073 136381 126187 118233 134644 125528 140489 138780 170651 291476 315011 300721 267440 229070 193381 163615 140376 123009 110419 101492 95262.6 90965.4 88006.1 85967.5 84618.4 83725.5 83134.6 82743.5 82484.7 82313.4 82200.1 82125.1 82075.4 82042.5 82020.8 82006.4 81996.9 81990.6 81986.4 81983.6 81981.8 81980.6 81979.8 81979.3 81978.9 81978.7 81978.5 81978.4 81978.4 81978.3 81978.3 81978.3 81978.3 81978.3 81978.3 81978.2 81978.2 81978.2 81978.2 81978.2 81978.2 81978.2 81978.2 81978.2 81978.2 81978.2 81978.2 81978.2 81978.2 81978.2 81978.2 81978.2 81978.2 81978.2 81978.2 81978.2 81978.2 81978.2 81978.2 81978.2 81978.2 81978.2 81978.2 81978.2 81978.2 81978.2 81978.2 81978.2 81978.2 81978.2 81978.2 81978.2 81978.2 81978.2 81978.2 81978.2 81978.2 81978.2 81978.2 81978.2 81978.2 81978.2 81978.2 81978.2 81978.2 81978.2 81978.2 81978.2 0 0 0 0 0 0 0 0 0 0 0 0 0 0 0 0 0 0 0 0 0 0 0 0 0
