SBPRF35
0.204217
Curr Bio
198058
B35
452156
F35
0.83803
FOFL
0.363437
OFL
19903.3
Bzero
58347.4
#pred survey bio
 32526.2 25423.3 18794.4 14326.4 26528.4 45784.4 78149.8 108350 159523 189380 179087 184505 245931 274964 290151 268446 240662 230688 233420 251698 284145 266385 285661 315303 302847 317639 284264 251556 9.18183e+06 7.21588e+06 4.04933e+06 2.20629e+06 1.33126e+06 935348 750430 657149 605900 575790 557342 545786 538474 533830 530869 528953 527760 527016 526550 526259 526076 525961 525890 525844 525816 525798 525787 525780 525776 525773 525771 525770 525769 525769 525769 525769 525768 525768 525768 525768 525768 525768 525768 525768 525768 525768 525768 525768 525768 525768 525768 525768 525768 525768 525768 525768 525768 525768 525768 525768 525768 525768 525768 525768 525768 525768 525768 525768 525768 525768 525768 525768 525768 525768 525768 525768 525768 525768 525768 525768 525768 525768 525768 525768 525768 525768 525768 525768 525768 525768 525768 525768 525768 525768 525768 525768 525768 525768 525768 525768 0 0 0 0 0 0 0 0 0 0 0 0 0 0 0 0 0 0 0 0 0 0 0 0 0
#obs survey bio
 31408.7 19046 11911.3 14600 22672.3 41256.9 87027.8 117376 175749 179686 134970 145552 254877 240692 166096 224579 168377 216979 198424 239552 202448 177822 128607 240662 240451 219616 139019 185933
#pred catch bio
 21003.8 16129.1 13319.7 8146.79 17108.8 29758.5 56492.9 76040 118622 152792 149773 144399 196937 227174 245939 227097 199175 180945 178030 178823 228054 216056 233034 244012 216146 244967 235864 191400 19903.3 155341 75747.6 33947 16848.8 10675.2 8615.62 7964.34 7766.02 7707.26 7690.19 7685.32 7683.94 7683.55 7683.44 7683.41 7683.4 7683.4 7683.4 7683.4 7683.4 7683.4 7683.4 7683.4 7683.4 7683.4 7683.4 7683.4 7683.4 7683.4 7683.4 7683.4 7683.4 7683.4 7683.4 7683.4 7683.4 7683.4 7683.4 7683.4 7683.4 7683.4 7683.4 7683.4 7683.4 7683.4 7683.4 7683.4 7683.4 7683.4 7683.4 7683.4 7683.4 7683.4 7683.4 7683.4 7683.4 7683.4 7683.4 7683.4 7683.4 7683.4 7683.4 7683.4 7683.4 7683.4 7683.4 7683.4 7683.4 7683.4 7683.4 7683.4 7683.4 7683.4 7683.4 7683.4 7683.4 7683.4 7683.4 7683.4 7683.4 7683.4 7683.4 7683.4 7683.4 7683.4 7683.4 7683.4 7683.4 7683.4 7683.4 7683.4 7683.4 7683.4 7683.4 7683.4 7683.4 7683.4 7683.4 7683.4 0 0 0 0 0 0 0 0 0 0 0 0 0 0 0 0 0 0 0 0 0 0 0 0 0
#obs catch bio
 14251.6 17356.4 15956.5 9226.74 11735.1 25421 43712 60170 97326.7 133339 145039 131992 160824 189960 250653 193465 177234 154460 152976 149629 195846 194938 227506 205259 172819 213353 212814 163243
#pred cpue bio
 26663 20571.9 17012.9 8493.77 10785.1 20090.8 33105 45379.3 71644.7 96087 91320.6 75473.7 100249 121176 120668 114407 96372.9 86896.1 86544.6 80647.4 100996 86134.6 89158.9 98136.3 89455 90695.3 88156.1 68774 2.78213e+06 7.0579e+06 3.92916e+06 2.08535e+06 1.21031e+06 814399 629481 536199 484951 454840 436392 424836 417524 412880 409919 408003 406811 406066 405601 405309 405126 405012 404940 404895 404866 404849 404838 404831 404826 404823 404822 404821 404820 404819 404819 404819 404819 404819 404819 404819 404819 404819 404819 404819 404819 404819 404819 404819 404819 404819 404819 404819 404819 404819 404819 404819 404819 404819 404819 404819 404819 404819 404819 404819 404819 404819 404819 404819 404819 404819 404819 404819 404819 404819 404819 404819 404819 404819 404819 404819 404819 404819 404819 404819 404819 404819 404819 404819 404819 404819 404819 404819 404819 404819 404819 404819 404819 404819 404819 404819 0 0 0 0 0 0 0 0 0 0 0 0 0 0 0 0 0 0 0 0 0 0 0 0 0
#obs cpue bio
 27939.6 19289.5 9862.9 11323.4 30400.8 47038 90458 95509.3 144128 164128 150175 131249 231601 265620 187888 283135 209567 175188 187442 169801 260924 185793 201925 291617 267679 225541 263822 176296
#pred surv len freq
 1.04529e-11 1.13456e-09 7.2612e-08 2.74015e-06 6.09721e-05 0.000800001 0.00619038 0.0282712 0.0765008 0.125055 0.134794 0.125012 0.127334 0.118337 0.0871842 0.057594 0.0376885 0.0240049 0.0153817 0.0103966 0.00762499 0.00617719 0.00524725 0.00401021 0.00233236
 9.75739e-12 1.05907e-09 6.77804e-08 2.55783e-06 5.69153e-05 0.000746784 0.00577909 0.0264043 0.0716059 0.118316 0.133369 0.137826 0.153275 0.141742 0.0942066 0.0509299 0.0276175 0.0156944 0.00897432 0.00513536 0.00306325 0.00203489 0.00150756 0.00108624 0.000626723
 5.38926e-12 5.84952e-10 3.74369e-08 1.41276e-06 3.14364e-05 0.000412509 0.00319356 0.0146215 0.0400685 0.0695522 0.0937721 0.133115 0.181479 0.18086 0.127626 0.074625 0.0410158 0.0205922 0.00965238 0.00458708 0.00225672 0.00117734 0.000691123 0.000432573 0.000235969
 1.66997e-11 1.81259e-09 1.16006e-07 4.3777e-06 9.74091e-05 0.00127804 0.0098879 0.0451212 0.121596 0.194746 0.191229 0.131456 0.0879999 0.068556 0.0533596 0.0399068 0.0269655 0.0152062 0.00731771 0.00313866 0.00125307 0.000502907 0.00021962 0.000106954 5.08241e-05
 1.89947e-11 2.06169e-09 1.31948e-07 4.9793e-06 0.000110796 0.00145368 0.0112467 0.0513216 0.138301 0.22146 0.217235 0.148339 0.0956727 0.0648954 0.034442 0.011851 0.00271333 0.000588548 0.000211247 9.5647e-05 3.83961e-05 1.33501e-05 4.36684e-06 1.50401e-06 5.49753e-07
 1.83567e-11 1.99245e-09 1.27516e-07 4.81207e-06 0.000107075 0.00140486 0.0108692 0.0496019 0.13371 0.21446 0.212026 0.149231 0.102183 0.0721275 0.0384817 0.012888 0.0025784 0.000304938 2.12755e-05 8.75338e-07 2.12363e-08 3.038e-10 2.56846e-12 1.43868e-14 4.59224e-16
 1.86413e-11 2.02333e-09 1.29493e-07 4.88667e-06 0.000108734 0.00142663 0.0110376 0.050369 0.135759 0.217594 0.214404 0.148984 0.0995163 0.0690842 0.036676 0.0122702 0.00245426 0.000290245 2.02502e-05 8.33153e-07 2.02129e-08 2.89143e-10 2.43893e-12 1.21322e-14 3.55994e-17
 1.87295e-11 2.03291e-09 1.30106e-07 4.90979e-06 0.000109249 0.00143339 0.0110898 0.0506069 0.136395 0.218565 0.215141 0.148907 0.0986895 0.0681406 0.0361162 0.0120786 0.00241577 0.000285689 1.99322e-05 8.20071e-07 1.98954e-08 2.84599e-10 2.40048e-12 1.1939e-14 3.50112e-17
 1.816e-11 1.9711e-09 1.2615e-07 4.76051e-06 0.000105927 0.00138981 0.0107527 0.0490715 0.132293 0.212293 0.210383 0.149401 0.104026 0.0742311 0.0397299 0.0133151 0.00266421 0.000315095 2.19842e-05 9.04499e-07 2.19437e-08 3.13899e-10 2.64762e-12 1.31681e-14 3.86157e-17
 1.69861e-11 1.84368e-09 1.17995e-07 4.45277e-06 9.90798e-05 0.00129997 0.010058 0.0459065 0.12384 0.199364 0.200574 0.150419 0.115027 0.086786 0.0471791 0.0158642 0.00317633 0.000375713 2.62142e-05 1.07854e-06 2.6166e-08 3.74298e-10 3.15706e-12 1.57019e-14 4.60459e-17
 1.69323e-11 1.83784e-09 1.17621e-07 4.43866e-06 9.87657e-05 0.00129585 0.0100261 0.0457613 0.123452 0.198771 0.200124 0.150466 0.115531 0.0873619 0.0475208 0.0159811 0.00319982 0.000378493 2.64082e-05 1.08652e-06 2.63597e-08 3.77068e-10 3.18043e-12 1.58181e-14 4.63867e-17
 1.89075e-11 2.05223e-09 1.31342e-07 4.95645e-06 0.000110287 0.00144701 0.0111951 0.0510867 0.137676 0.220525 0.216628 0.148753 0.0970218 0.0662374 0.0349869 0.0116922 0.00233814 0.0002765 1.9291e-05 7.93688e-07 1.92554e-08 2.75443e-10 2.32326e-12 1.15549e-14 3.38848e-17
 1.89333e-11 2.05503e-09 1.31522e-07 4.96322e-06 0.000110438 0.00144898 0.0112104 0.0511564 0.137862 0.22081 0.216844 0.148731 0.0967796 0.0659609 0.0348229 0.011636 0.00232686 0.000275165 1.91979e-05 7.89856e-07 1.91624e-08 2.74113e-10 2.31204e-12 1.14991e-14 3.37212e-17
 1.8321e-11 1.98857e-09 1.27268e-07 4.80271e-06 0.000106866 0.00140213 0.010848 0.0495056 0.133453 0.214066 0.211728 0.149262 0.102517 0.0725093 0.0387082 0.0129656 0.00259397 0.000306782 2.14041e-05 8.8063e-07 2.13647e-08 3.05616e-10 2.57775e-12 1.28206e-14 3.75966e-17
 1.87834e-11 2.03876e-09 1.30481e-07 4.92393e-06 0.000109563 0.00143751 0.0111217 0.0507523 0.136783 0.219159 0.215592 0.148861 0.0981842 0.067564 0.035774 0.0119615 0.00239225 0.000282905 1.9738e-05 8.12078e-07 1.97015e-08 2.81825e-10 2.37709e-12 1.18226e-14 3.46699e-17
 1.85936e-11 2.01815e-09 1.29162e-07 4.87416e-06 0.000108456 0.00142298 0.0110093 0.0502404 0.135415 0.217068 0.214005 0.149025 0.0999635 0.0695946 0.0369788 0.0123738 0.00247508 0.000292709 2.04221e-05 8.40226e-07 2.03844e-08 2.91594e-10 2.45948e-12 1.22324e-14 3.58716e-17
 1.90623e-11 2.06903e-09 1.32418e-07 4.99703e-06 0.00011119 0.00145885 0.0112868 0.0515041 0.138791 0.222231 0.217922 0.148619 0.0955709 0.0645815 0.0340044 0.011356 0.00227059 0.000268505 1.87331e-05 7.70734e-07 1.86985e-08 2.67477e-10 2.25607e-12 1.12207e-14 3.29048e-17
 1.94795e-11 2.11431e-09 1.35316e-07 5.10639e-06 0.000113623 0.00149078 0.0115337 0.0526289 0.141795 0.226825 0.221407 0.148257 0.0916617 0.0601201 0.0313573 0.0104502 0.00208861 0.000246964 1.723e-05 7.08889e-07 1.71981e-08 2.46014e-10 2.07503e-12 1.03203e-14 3.02644e-17
 1.9581e-11 2.12533e-09 1.36021e-07 5.13301e-06 0.000114216 0.00149855 0.0115938 0.0529027 0.142527 0.227944 0.222256 0.148169 0.0907101 0.059034 0.0307128 0.0102297 0.0020443 0.000241721 1.68641e-05 6.93833e-07 1.68328e-08 2.40789e-10 2.03096e-12 1.01011e-14 2.96216e-17
 2.04113e-11 2.21545e-09 1.41789e-07 5.35066e-06 0.000119059 0.00156209 0.0120852 0.0551412 0.148506 0.237088 0.229193 0.147449 0.0829294 0.0501542 0.0254442 0.00842681 0.00168209 0.000198847 1.38723e-05 5.7074e-07 1.38465e-08 1.9807e-10 1.67065e-12 8.30907e-15 2.43664e-17
 1.98402e-11 2.15347e-09 1.37821e-07 5.20095e-06 0.000115727 0.00151838 0.0117472 0.0536014 0.144393 0.230798 0.224422 0.147944 0.0882813 0.056262 0.0290682 0.00966688 0.00193124 0.000228337 1.59302e-05 6.55408e-07 1.59006e-08 2.27454e-10 1.91848e-12 9.54172e-15 2.79812e-17
 2.03646e-11 2.21038e-09 1.41464e-07 5.33841e-06 0.000118786 0.00155851 0.0120575 0.0550152 0.148169 0.236574 0.228803 0.14749 0.0833673 0.0506539 0.0257407 0.00852827 0.00170248 0.00020126 1.40407e-05 5.77668e-07 1.40145e-08 2.00474e-10 1.69092e-12 8.40993e-15 2.46622e-17
 2.05425e-11 2.2297e-09 1.427e-07 5.38506e-06 0.000119824 0.00157213 0.0121628 0.055495 0.149451 0.238534 0.23029 0.147336 0.0816999 0.0487509 0.0246115 0.0081419 0.00162485 0.000192072 1.33995e-05 5.51287e-07 1.33745e-08 1.91319e-10 1.6137e-12 8.02587e-15 2.35359e-17
 2.05562e-11 2.23118e-09 1.42795e-07 5.38864e-06 0.000119904 0.00157317 0.0121709 0.0555318 0.149549 0.238684 0.230404 0.147324 0.0815718 0.0486047 0.0245248 0.00811222 0.00161889 0.000191366 1.33503e-05 5.49261e-07 1.33254e-08 1.90616e-10 1.60777e-12 7.99637e-15 2.34494e-17
 2.08025e-11 2.25791e-09 1.44506e-07 5.45321e-06 0.00012134 0.00159202 0.0123167 0.0561959 0.151323 0.241397 0.232462 0.14711 0.0792636 0.0459705 0.0229618 0.0075774 0.00151144 0.000178648 1.24628e-05 5.12745e-07 1.24395e-08 1.77943e-10 1.50088e-12 7.46475e-15 2.18904e-17
 2.09528e-11 2.27422e-09 1.4555e-07 5.49259e-06 0.000122217 0.00160352 0.0124056 0.0566009 0.152405 0.243052 0.233717 0.14698 0.0778558 0.0443638 0.0220085 0.00725119 0.0014459 0.00017089 1.19215e-05 4.90473e-07 1.18991e-08 1.70214e-10 1.43569e-12 7.14049e-15 2.09396e-17
 2.05738e-11 2.23309e-09 1.42918e-07 5.39327e-06 0.000120007 0.00157452 0.0121814 0.0555794 0.149676 0.238878 0.230551 0.147308 0.0814066 0.0484162 0.0244129 0.00807394 0.0016112 0.000190456 1.32868e-05 5.46647e-07 1.3262e-08 1.89709e-10 1.60012e-12 7.95831e-15 2.33378e-17
 2.11351e-11 2.29401e-09 1.46816e-07 5.54038e-06 0.00012328 0.00161747 0.0125135 0.0570924 0.153718 0.24506 0.23524 0.146822 0.0761474 0.0424141 0.0208517 0.00685534 0.00136637 0.000161477 1.12646e-05 4.63446e-07 1.12434e-08 1.60834e-10 1.35657e-12 6.74702e-15 1.97857e-17
#obs surv len freq
 4.60104e-11 4.26409e-09 2.33014e-07 7.50804e-06 0.000142646 0.00159808 0.0105586 0.0411776 0.0952233 0.133716 0.127324 0.113136 0.117194 0.113987 0.0948711 0.0703326 0.0443074 0.0226479 0.00947168 0.00323128 0.000868663 0.000175765 2.55768e-05 2.57252e-06 1.73239e-07
 3.04947e-11 2.72578e-09 1.43663e-07 4.46468e-06 8.18146e-05 0.000884126 0.00563744 0.0212725 0.0482461 0.0708969 0.0873121 0.121216 0.15947 0.161114 0.131446 0.0937575 0.0561301 0.0271445 0.0107858 0.00350952 0.000895423 0.000170273 2.30925e-05 2.15191e-06 1.33615e-07
 1.4569e-11 1.25386e-09 6.36289e-08 1.90393e-06 3.35939e-05 0.000349613 0.00214879 0.00785353 0.0176778 0.0285072 0.0466318 0.0849849 0.133748 0.172137 0.18635 0.157293 0.096405 0.0438853 0.0159132 0.00473604 0.00111873 0.000198282 2.50509e-05 2.16585e-06 1.2422e-07
 2.66353e-10 2.20354e-08 1.07491e-06 3.09179e-05 0.000524366 0.00524381 0.0309206 0.107511 0.220455 0.266807 0.191451 0.0838405 0.0274543 0.0150246 0.0159116 0.0151827 0.010772 0.00571968 0.00228785 0.000683287 0.000151238 2.45087e-05 2.82995e-06 2.24634e-07 1.18573e-08
 1.8925e-10 1.50273e-08 7.03578e-07 1.94237e-05 0.00031619 0.00303525 0.0171894 0.0575626 0.115353 0.146676 0.146895 0.158812 0.16353 0.117161 0.0523142 0.0151794 0.00381114 0.00134528 0.000560849 0.000186375 4.37178e-05 7.03637e-06 7.67268e-07 5.59948e-08 2.69373e-09
 4.35462e-10 3.31398e-08 1.48709e-06 3.93468e-05 0.000613863 0.00564717 0.0306359 0.0980617 0.185714 0.211141 0.154754 0.0949234 0.070633 0.0593504 0.0454591 0.027677 0.0116377 0.00310913 0.000527487 6.46668e-05 7.73387e-06 9.88864e-07 1.03112e-07 7.30758e-09 3.33546e-10
 5.46711e-10 3.98219e-08 1.71031e-06 4.33125e-05 0.000646762 0.00569496 0.029578 0.0907398 0.165654 0.186793 0.151994 0.124721 0.108587 0.0749787 0.0377367 0.015397 0.00546149 0.00157439 0.000338992 5.18596e-05 5.46084e-06 3.98751e-07 2.18464e-08 9.90463e-10 3.62679e-11
 7.77261e-10 5.41181e-08 2.2218e-06 5.37845e-05 0.000767716 0.00646193 0.032083 0.0941098 0.164457 0.178457 0.142454 0.118 0.10518 0.0782499 0.046492 0.0225541 0.00822628 0.00205663 0.000348382 4.2534e-05 4.01849e-06 2.92749e-07 1.53565e-08 5.47767e-10 1.31104e-11
 1.03711e-09 6.89431e-08 2.70237e-06 6.2458e-05 0.000851192 0.0068407 0.0324346 0.0909487 0.152702 0.162993 0.137708 0.127262 0.117429 0.0857985 0.0498165 0.0237954 0.00867324 0.00222778 0.000398437 5.06719e-05 4.61728e-06 2.98144e-07 1.35194e-08 4.28724e-10 9.37712e-12
 1.19069e-09 7.54866e-08 2.82182e-06 6.21983e-05 0.000808411 0.00619676 0.0280388 0.0752335 0.122516 0.134417 0.133665 0.147956 0.143793 0.105286 0.0610396 0.0284993 0.00978441 0.00229079 0.000365784 4.17657e-05 3.54222e-06 2.20947e-07 9.73308e-09 2.91664e-10 5.80591e-12
 2.41829e-09 1.46059e-07 5.20158e-06 0.000109227 0.00135246 0.00987548 0.0425458 0.108437 0.165746 0.162164 0.128181 0.113549 0.103348 0.0793946 0.050242 0.0245611 0.00832633 0.00185675 0.00027584 2.86328e-05 2.16307e-06 1.19386e-07 4.70369e-09 1.28759e-10 2.38918e-12
 3.95585e-09 2.27396e-07 7.7075e-06 0.00015404 0.00181531 0.0126159 0.0517353 0.125565 0.183149 0.172482 0.133682 0.114497 0.0942327 0.0607186 0.0311772 0.0130264 0.00408885 0.000898766 0.000137538 1.49439e-05 1.15401e-06 6.20348e-08 2.27396e-09 5.62103e-11 9.29831e-13
 5.33353e-09 2.91531e-07 9.39598e-06 0.000178562 0.00200099 0.0132246 0.0515962 0.119407 0.167886 0.159417 0.137107 0.129816 0.106778 0.0653929 0.0312239 0.0119107 0.00333356 0.000629896 7.93664e-05 6.97427e-06 4.52503e-07 2.19915e-08 7.71485e-10 1.85866e-11 2.96385e-13
 7.12224e-09 3.69868e-07 1.13257e-05 0.000204491 0.0021772 0.0136727 0.0507143 0.111872 0.151807 0.145808 0.136657 0.138029 0.116195 0.0745167 0.0381578 0.015128 0.00418996 0.000760875 9.05276e-05 7.32467e-06 4.1966e-07 1.72576e-08 5.03032e-10 1.02091e-11 1.42004e-13
 1.12761e-08 5.55925e-07 1.61607e-05 0.000277011 0.00279996 0.0166937 0.0587952 0.123246 0.159453 0.147667 0.135196 0.132292 0.107287 0.0667092 0.0331136 0.012555 0.00327754 0.000554824 6.08855e-05 4.49575e-06 2.33403e-07 8.66879e-09 2.26722e-10 4.06644e-12 4.90033e-14
 1.70916e-08 7.99404e-07 2.20464e-05 0.000358513 0.00343792 0.0194475 0.0650107 0.12958 0.160729 0.146615 0.13592 0.131334 0.102748 0.061556 0.029421 0.0106761 0.00266151 0.000432634 4.60899e-05 3.33313e-06 1.68745e-07 5.99037e-09 1.4606e-10 2.39531e-12 2.60818e-14
 2.52612e-08 1.12022e-06 2.92915e-05 0.000451624 0.00410627 0.0220267 0.0698665 0.132524 0.158483 0.144992 0.138905 0.133234 0.100304 0.0574901 0.0261728 0.00896802 0.00209439 0.000316862 3.12268e-05 2.08213e-06 9.75951e-08 3.24443e-09 7.49296e-11 1.16939e-12 1.20716e-14
 3.45824e-08 1.45328e-06 3.6011e-05 0.000526163 0.00453379 0.0230534 0.0693926 0.12559 0.146677 0.139518 0.143345 0.139907 0.105404 0.061472 0.0283815 0.00961593 0.00218825 0.000324085 3.17652e-05 2.13218e-06 9.98872e-08 3.23485e-09 7.08052e-11 1.02943e-12 9.84409e-15
 5.93259e-08 2.36159e-06 5.54311e-05 0.000767188 0.0062618 0.0301575 0.0859459 0.146973 0.160735 0.139856 0.130833 0.120889 0.0898422 0.0529786 0.0245022 0.008123 0.00179191 0.000259206 2.52284e-05 1.70513e-06 8.06286e-08 2.61797e-09 5.69338e-11 8.14328e-13 7.56568e-15
 8.51588e-08 3.21006e-06 7.13489e-05 0.000935117 0.00722807 0.032977 0.0891632 0.145683 0.156669 0.143151 0.14135 0.126603 0.0858065 0.0448636 0.0185312 0.0056279 0.0011612 0.000159417 1.49055e-05 9.77193e-07 4.50966e-08 1.43449e-09 3.06447e-11 4.30963e-13 3.9298e-15
 1.24301e-07 4.4359e-06 9.33424e-05 0.00115821 0.00847604 0.0366216 0.093879 0.146198 0.152928 0.141441 0.14143 0.125014 0.0841576 0.0442188 0.0180256 0.00522046 0.000998492 0.000124268 1.03543e-05 6.02426e-07 2.50078e-08 7.31635e-10 1.4655e-11 1.95643e-13 1.70509e-15
 1.87249e-07 6.32536e-06 0.000125992 0.00147984 0.010252 0.0419408 0.10191 0.151152 0.153211 0.141302 0.139873 0.11975 0.0781208 0.0399244 0.015705 0.00434908 0.000794608 9.49605e-05 7.62506e-06 4.24174e-07 1.64783e-08 4.40274e-10 7.92862e-12 9.48485e-14 7.4554e-16
 2.63061e-07 8.41108e-06 0.000158578 0.00176302 0.0115622 0.0448023 0.103377 0.147264 0.149075 0.144723 0.146302 0.121342 0.075392 0.0365121 0.0135326 0.00351387 0.000600441 6.70422e-05 5.03285e-06 2.62511e-07 9.60188e-09 2.42096e-10 4.10374e-12 4.58421e-14 3.32633e-16
 4.2052e-07 1.27266e-05 0.000227109 0.0023899 0.0148354 0.0544135 0.118853 0.160284 0.153519 0.14083 0.135138 0.107921 0.0657482 0.0313426 0.0112324 0.00276289 0.000441328 4.5643e-05 3.14938e-06 1.50239e-07 5.02509e-09 1.16275e-10 1.81714e-12 1.87916e-14 1.2661e-16
 5.49319e-07 1.57364e-05 0.000265819 0.00264798 0.015564 0.0541141 0.11264 0.148066 0.147893 0.149947 0.14851 0.114016 0.0650931 0.0289059 0.00969031 0.00224984 0.000343139 3.43307e-05 2.3137e-06 1.07552e-07 3.44913e-09 7.49249e-11 1.08102e-12 1.02239e-14 6.27943e-17
 8.47031e-07 2.29707e-05 0.000367323 0.00346397 0.0192748 0.0634504 0.125098 0.155971 0.148243 0.143624 0.137229 0.10414 0.0604877 0.0273111 0.00900816 0.00199377 0.000284645 2.64066e-05 1.64508e-06 7.09892e-08 2.13456e-09 4.39069e-11 6.02673e-13 5.41152e-15 3.13241e-17
 1.03005e-06 2.64473e-05 0.000400419 0.00357556 0.0188488 0.0589216 0.111492 0.139098 0.145753 0.159701 0.155305 0.111917 0.0602522 0.0251326 0.00772399 0.00161173 0.000219613 1.96782e-05 1.19193e-06 4.97539e-08 1.42511e-09 2.74754e-11 3.49998e-13 2.90902e-15 1.56227e-17
 1.52433e-06 3.70597e-05 0.000531297 0.00449239 0.0224263 0.0664062 0.119157 0.141513 0.142331 0.151099 0.145202 0.107753 0.0618268 0.0270216 0.00829512 0.00167118 0.000216975 1.85031e-05 1.07026e-06 4.28e-08 1.17564e-09 2.17082e-11 2.63885e-13 2.08002e-15 1.05087e-17
#pred catch len freq
 9.8726e-13 1.07158e-10 6.85812e-09 2.58812e-07 5.75978e-06 7.56307e-05 0.000587516 0.00273645 0.00813595 0.0191903 0.0480399 0.111941 0.182538 0.193329 0.146259 0.0970143 0.0635022 0.0404429 0.0259129 0.0175141 0.0128449 0.0104059 0.00883939 0.0067555 0.00392904
 8.74487e-13 9.49173e-11 6.07474e-09 2.29252e-07 5.10223e-06 6.7017e-05 0.000521411 0.00244732 0.00752861 0.0196053 0.0549854 0.133989 0.218474 0.223068 0.151284 0.0820695 0.0445162 0.025295 0.0144629 0.00827578 0.00493644 0.00327923 0.00242943 0.00175048 0.00100997
 3.8541e-13 4.18327e-11 2.67733e-09 1.01044e-07 2.24945e-06 2.95874e-05 0.000231823 0.00112574 0.00396573 0.0138889 0.0493425 0.130217 0.217201 0.226452 0.161194 0.0943746 0.0518704 0.0260389 0.0122044 0.00579953 0.00285315 0.00148849 0.000873774 0.000546894 0.000298332
 4.33374e-12 4.70386e-10 3.01047e-08 1.13606e-06 2.52795e-05 0.00033172 0.00256818 0.0117599 0.0322495 0.0561647 0.0765789 0.110874 0.155471 0.166115 0.138941 0.104921 0.0709178 0.0399828 0.0192388 0.00825135 0.00329417 0.00132207 0.00057735 0.000281168 0.000133609
 1.46431e-11 1.58937e-09 1.0172e-07 3.83858e-06 8.54135e-05 0.00112068 0.00867125 0.0395892 0.106961 0.173512 0.180776 0.151835 0.136016 0.1111 0.0620621 0.0215842 0.00494922 0.00107178 0.000383939 0.000173757 6.97487e-05 2.42511e-05 7.93254e-06 2.7321e-06 9.98649e-07
 1.34376e-11 1.45852e-09 9.33449e-08 3.52255e-06 7.83815e-05 0.00102842 0.00795775 0.0363393 0.0982851 0.16028 0.170924 0.153496 0.14828 0.124737 0.0696968 0.0235693 0.00472437 0.000558946 3.90004e-05 1.60462e-06 3.89293e-08 5.56911e-10 4.70832e-12 2.6357e-14 8.37677e-16
 1.55121e-11 1.68369e-09 1.07756e-07 4.06636e-06 9.04818e-05 0.00118717 0.00918554 0.0419323 0.113224 0.183129 0.188258 0.151697 0.12884 0.102551 0.0565328 0.0190648 0.00381938 0.000451827 3.15255e-05 1.29707e-06 3.14679e-08 4.50146e-10 3.79699e-12 1.88878e-14 5.54218e-17
 1.52757e-11 1.65803e-09 1.06114e-07 4.0044e-06 8.91031e-05 0.00116908 0.00904564 0.041295 0.111522 0.180525 0.186283 0.151902 0.131055 0.105079 0.0580328 0.0195781 0.0039225 0.000464032 3.23772e-05 1.33211e-06 3.23179e-08 4.623e-10 3.89932e-12 1.93936e-14 5.68718e-17
 1.50189e-11 1.63016e-09 1.0433e-07 3.9371e-06 8.76055e-05 0.00114944 0.00889369 0.0406028 0.109673 0.177697 0.184138 0.152125 0.133461 0.107824 0.059662 0.0201356 0.0040345 0.000477289 3.33023e-05 1.37017e-06 3.32414e-08 4.75509e-10 4.01074e-12 1.99477e-14 5.84969e-17
 1.42966e-11 1.55176e-09 9.93126e-08 3.74775e-06 8.33924e-05 0.00109416 0.00846619 0.0386554 0.104472 0.169742 0.178102 0.152751 0.14023 0.115549 0.0642454 0.0217039 0.0043496 0.000514586 3.5905e-05 1.47726e-06 3.58393e-08 5.12672e-10 4.32419e-12 2.15067e-14 6.30685e-17
 1.47443e-11 1.60035e-09 1.02422e-07 3.8651e-06 8.60035e-05 0.00112842 0.00873114 0.0398624 0.107695 0.174672 0.181843 0.152363 0.136035 0.110762 0.0614047 0.0207319 0.00415431 0.000491471 3.42919e-05 1.41089e-06 3.42292e-08 4.8964e-10 4.12993e-12 2.05405e-14 6.02351e-17
 1.68163e-11 1.82525e-09 1.16816e-07 4.40826e-06 9.80893e-05 0.00128698 0.00995746 0.0454487 0.122617 0.197493 0.199155 0.150566 0.116618 0.0886021 0.0482567 0.0162329 0.00325041 0.000384481 2.6826e-05 1.10371e-06 2.67768e-08 3.83034e-10 3.23075e-12 1.60684e-14 4.71206e-17
 1.7087e-11 1.85463e-09 1.18696e-07 4.47922e-06 9.96683e-05 0.00130769 0.0101177 0.0461785 0.124566 0.200475 0.201417 0.150332 0.114081 0.0857069 0.0465389 0.0156451 0.00313231 0.000370502 2.58506e-05 1.06358e-06 2.58031e-08 3.69107e-10 3.11328e-12 1.54841e-14 4.54072e-17
 1.65389e-11 1.79513e-09 1.14888e-07 4.33553e-06 9.6471e-05 0.00126575 0.00979325 0.0447007 0.120619 0.194438 0.196837 0.150807 0.119218 0.0915693 0.0500172 0.0168353 0.00337144 0.000398807 2.78257e-05 1.14484e-06 2.77747e-08 3.97309e-10 3.35115e-12 1.66672e-14 4.88767e-17
 1.74208e-11 1.89086e-09 1.21015e-07 4.56672e-06 0.000101615 0.00133324 0.0103152 0.0470784 0.12697 0.204151 0.204206 0.150042 0.110954 0.0821373 0.0444209 0.0149203 0.00298671 0.000353268 2.4648e-05 1.0141e-06 2.46026e-08 3.51934e-10 2.96843e-12 1.47637e-14 4.32947e-17
 1.71605e-11 1.86261e-09 1.19207e-07 4.4985e-06 0.000100097 0.00131332 0.0101612 0.0463767 0.125096 0.201285 0.202032 0.150268 0.113392 0.0849207 0.0460724 0.0154854 0.00310024 0.000366706 2.55857e-05 1.05268e-06 2.55387e-08 3.65324e-10 3.08137e-12 1.53254e-14 4.49419e-17
 1.75944e-11 1.9097e-09 1.22221e-07 4.61223e-06 0.000102628 0.00134652 0.010418 0.0475465 0.12822 0.206063 0.205657 0.149892 0.109327 0.0802806 0.0433192 0.0145434 0.00291097 0.000344303 2.40224e-05 9.88358e-07 2.39782e-08 3.43002e-10 2.89309e-12 1.4389e-14 4.21958e-17
 1.77281e-11 1.92422e-09 1.2315e-07 4.64729e-06 0.000103408 0.00135676 0.0104971 0.047907 0.129183 0.207536 0.206774 0.149776 0.108074 0.0788503 0.0424706 0.014253 0.00285263 0.000337398 2.35405e-05 9.68531e-07 2.34972e-08 3.36121e-10 2.83506e-12 1.41003e-14 4.13494e-17
 1.76538e-11 1.91615e-09 1.22633e-07 4.62779e-06 0.000102974 0.00135106 0.0104531 0.0477066 0.128648 0.206717 0.206153 0.14984 0.10877 0.0796456 0.0429425 0.0144144 0.00288507 0.000341237 2.38085e-05 9.79556e-07 2.37647e-08 3.39947e-10 2.86733e-12 1.42608e-14 4.18201e-17
 1.84027e-11 1.99744e-09 1.27836e-07 4.82412e-06 0.000107343 0.00140838 0.0108964 0.0497258 0.134041 0.214966 0.21241 0.149191 0.101752 0.0716359 0.03819 0.0127882 0.00255835 0.000302565 2.11099e-05 8.68523e-07 2.10709e-08 3.01414e-10 2.54231e-12 1.26444e-14 3.70797e-17
 1.8435e-11 2.00095e-09 1.2806e-07 4.8326e-06 0.000107531 0.00141085 0.0109155 0.0498129 0.134274 0.215322 0.212681 0.149163 0.101449 0.0712902 0.0379849 0.012718 0.00254424 0.000300896 2.09934e-05 8.63731e-07 2.09547e-08 2.99751e-10 2.52828e-12 1.25746e-14 3.68751e-17
 1.92208e-11 2.08624e-09 1.33519e-07 5.03859e-06 0.000112115 0.00147098 0.0113806 0.0519315 0.139933 0.223977 0.219246 0.148482 0.0940854 0.0628861 0.0329985 0.0110118 0.00220144 0.000260319 1.81619e-05 7.47232e-07 1.81283e-08 2.59321e-10 2.18727e-12 1.08786e-14 3.19014e-17
 1.94936e-11 2.11585e-09 1.35414e-07 5.1101e-06 0.000113706 0.00149186 0.011542 0.052667 0.141897 0.226981 0.221526 0.148245 0.0915291 0.0599687 0.0312675 0.0104194 0.00208243 0.000246234 1.7179e-05 7.06791e-07 1.71472e-08 2.45285e-10 2.06889e-12 1.02898e-14 3.01748e-17
 1.92109e-11 2.08516e-09 1.3345e-07 5.03598e-06 0.000112057 0.00147022 0.0113747 0.0519048 0.139861 0.223867 0.219163 0.14849 0.0941785 0.0629924 0.0330615 0.0110333 0.00220577 0.000260832 1.81977e-05 7.48705e-07 1.8164e-08 2.59832e-10 2.19158e-12 1.09e-14 3.19643e-17
 1.90869e-11 2.0717e-09 1.32588e-07 5.00347e-06 0.000111333 0.00146073 0.0113013 0.0515704 0.138968 0.222501 0.218127 0.148598 0.0953407 0.0643188 0.0338485 0.0113026 0.00225988 0.000267237 1.86446e-05 7.67092e-07 1.86101e-08 2.66213e-10 2.2454e-12 1.11677e-14 3.27493e-17
 1.97605e-11 2.14481e-09 1.37268e-07 5.18005e-06 0.000115262 0.00151228 0.0117 0.0533865 0.143819 0.22992 0.223755 0.148014 0.0890285 0.0571149 0.0295742 0.00984003 0.00196602 0.000232455 1.62175e-05 6.6723e-07 1.61874e-08 2.31556e-10 1.95309e-12 9.71383e-15 2.84859e-17
 1.96416e-11 2.13191e-09 1.36442e-07 5.1489e-06 0.000114569 0.00150319 0.0116296 0.053066 0.142963 0.228611 0.222762 0.148117 0.0901422 0.0583859 0.0303283 0.0100981 0.00201787 0.000238591 1.66457e-05 6.84849e-07 1.66148e-08 2.37671e-10 2.00466e-12 9.97034e-15 2.92381e-17
 1.9949e-11 2.16528e-09 1.38577e-07 5.22948e-06 0.000116362 0.00152671 0.0118116 0.0538948 0.145177 0.231997 0.225331 0.14785 0.0872616 0.0550984 0.0283777 0.00943063 0.00188377 0.000222719 1.55381e-05 6.39277e-07 1.55092e-08 2.21855e-10 1.87127e-12 9.30688e-15 2.72925e-17
#obs catch len freq
 4.46878e-11 4.14151e-09 2.26316e-07 7.29222e-06 0.000138546 0.00155214 0.0102552 0.0399968 0.0925209 0.130126 0.124761 0.112763 0.118652 0.116478 0.0976601 0.0724723 0.0453318 0.0230404 0.00971087 0.00338023 0.000928767 0.00019168 2.84764e-05 2.93017e-06 2.01778e-07
 6.32759e-11 5.65595e-09 2.98099e-07 9.26408e-06 0.00016976 0.00183431 0.0116895 0.0439778 0.0981885 0.133678 0.125518 0.113355 0.118472 0.114033 0.0939513 0.068794 0.0425328 0.0212922 0.00870341 0.00288589 0.000748309 0.000144877 2.00223e-05 1.90042e-06 1.20135e-07
 4.29936e-11 3.70017e-09 1.8777e-07 5.61852e-06 9.91324e-05 0.00103148 0.00633328 0.0230241 0.0504353 0.0723753 0.0893749 0.12484 0.161468 0.159845 0.128714 0.0904998 0.0530864 0.0251218 0.00975177 0.00308051 0.000756788 0.000137477 1.76852e-05 1.5537e-06 9.04941e-08
 2.11698e-11 1.75138e-09 8.54345e-08 2.45741e-06 4.16808e-05 0.000416993 0.00246428 0.00866889 0.0188752 0.0299732 0.0493147 0.0891902 0.137857 0.174847 0.185723 0.152402 0.0906199 0.0401721 0.0142118 0.00410688 0.000933969 0.000158009 1.89156e-05 1.54033e-06 8.28093e-08
 3.83674e-10 3.04654e-08 1.42639e-06 3.93783e-05 0.000641006 0.00615255 0.0348208 0.116205 0.228709 0.265705 0.183135 0.0773673 0.0251939 0.014556 0.0154648 0.0143576 0.00988584 0.00509028 0.00196839 0.000566222 0.000120196 1.8573e-05 2.03139e-06 1.5181e-07 7.50744e-09
 2.81525e-10 2.14248e-08 9.61398e-07 2.54377e-05 0.000396871 0.00365138 0.0198202 0.0636359 0.122446 0.150478 0.148267 0.158684 0.158536 0.108992 0.0466913 0.013151 0.00333245 0.00120316 0.000490926 0.000156391 3.49322e-05 5.33079e-06 5.48876e-07 3.76638e-08 1.69671e-09
 6.47719e-10 4.71793e-08 2.0263e-06 5.13147e-05 0.000766248 0.00674676 0.0350321 0.107333 0.194631 0.212198 0.150182 0.0906842 0.0671899 0.0557678 0.0418577 0.0246464 0.00991813 0.0025276 0.000410964 4.91386e-05 5.82237e-06 7.21506e-07 7.12089e-08 4.73474e-09 2.01996e-10
 8.24099e-10 5.73793e-08 2.35569e-06 5.70255e-05 0.000813978 0.00685131 0.0340159 0.0997734 0.174299 0.188825 0.149599 0.121148 0.102786 0.0685531 0.0335571 0.0134402 0.0046632 0.00130191 0.000269602 3.94659e-05 3.96492e-06 2.76545e-07 1.45181e-08 6.28175e-10 2.16877e-11
 1.18293e-09 7.86366e-08 3.08233e-06 7.12396e-05 0.000970862 0.00780216 0.0369862 0.103608 0.173071 0.180307 0.140169 0.114595 0.0997309 0.0721492 0.041887 0.0197573 0.00692963 0.00165776 0.000269294 3.16776e-05 2.88265e-06 2.00782e-07 9.99051e-09 3.36467e-10 7.58459e-12
 1.60974e-09 1.02054e-07 3.81493e-06 8.40881e-05 0.0010929 0.00837648 0.037879 0.101324 0.162467 0.166392 0.136591 0.123326 0.110177 0.0780921 0.0442877 0.0205694 0.00721633 0.00177622 0.000304438 3.70866e-05 3.22808e-06 1.98443e-07 8.54146e-09 2.56233e-10 5.27948e-12
 1.89099e-09 1.14211e-07 4.0674e-06 8.54112e-05 0.00105759 0.00772339 0.0332962 0.0851532 0.132402 0.139614 0.134937 0.144759 0.135549 0.096222 0.0543962 0.0245912 0.00809136 0.00180937 0.000276511 3.02909e-05 2.4606e-06 1.46206e-07 6.10067e-09 1.72421e-10 3.2267e-12
 3.8029e-09 2.18604e-07 7.40949e-06 0.000148084 0.00174512 0.0121279 0.0497316 0.120669 0.175767 0.164577 0.125882 0.108537 0.0958373 0.0717212 0.0441448 0.0207505 0.00670679 0.00142373 0.000201854 2.00494e-05 1.44843e-06 7.61501e-08 2.84445e-09 7.3502e-11 1.28245e-12
 6.23804e-09 3.40971e-07 1.09894e-05 0.000208844 0.00234028 0.0154655 0.0603091 0.139218 0.193298 0.173868 0.129681 0.107067 0.0846869 0.0527822 0.0263914 0.010676 0.00321312 0.000674765 9.86863e-05 1.024e-05 7.52637e-07 3.83544e-08 1.32857e-09 3.09512e-11 4.81211e-13
 8.50264e-09 4.41554e-07 1.35207e-05 0.000244123 0.00259911 0.0163204 0.0605006 0.133075 0.178063 0.161659 0.133893 0.121789 0.0959842 0.0567331 0.0263161 0.00969187 0.00259092 0.00046551 5.5863e-05 4.69353e-06 2.91436e-07 1.3495e-08 4.48119e-10 1.01643e-11 1.52033e-13
 1.16177e-08 5.72766e-07 1.66503e-05 0.000285403 0.00288477 0.0171988 0.060566 0.12687 0.163602 0.149626 0.133741 0.128787 0.103904 0.0644913 0.0320171 0.0121812 0.00320779 0.000552391 6.24296e-05 4.81094e-06 2.62635e-07 1.02639e-08 2.83252e-10 5.42346e-12 7.0924e-14
 1.83678e-08 8.59095e-07 2.36926e-05 0.000385281 0.00369455 0.0208975 0.0698294 0.138901 0.170644 0.150303 0.131001 0.122074 0.0948786 0.057085 0.0274239 0.0099543 0.00246582 0.000395124 4.11169e-05 2.88752e-06 1.42713e-07 5.03337e-09 1.24486e-10 2.1034e-12 2.38061e-14
 2.80249e-08 1.24278e-06 3.24961e-05 0.000501031 0.00455535 0.0244321 0.0774394 0.146358 0.172135 0.148753 0.130399 0.119495 0.0894942 0.0518474 0.0239491 0.00830865 0.00196433 0.000302274 3.05414e-05 2.09923e-06 1.00963e-07 3.39409e-09 7.80792e-11 1.20453e-12 1.23084e-14
 4.13776e-08 1.73884e-06 4.30868e-05 0.000629543 0.00542429 0.0275738 0.0828868 0.149017 0.168943 0.146479 0.132811 0.120884 0.0871269 0.0482638 0.0212054 0.00693581 0.00153403 0.000219426 2.04868e-05 1.29766e-06 5.77979e-08 1.82036e-09 3.96633e-11 5.81893e-13 5.63072e-15
 5.72837e-08 2.28029e-06 5.3523e-05 0.000740782 0.00604641 0.0291232 0.0830418 0.142367 0.157426 0.141444 0.137067 0.126948 0.0917531 0.0517423 0.0229876 0.00741333 0.00159634 0.000223653 2.07828e-05 1.32424e-06 5.87936e-08 1.79811e-09 3.70444e-11 5.05673e-13 4.53046e-15
 9.76456e-08 3.68074e-06 8.18104e-05 0.00107221 0.00828709 0.0377936 0.101987 0.165086 0.170581 0.139407 0.122163 0.106916 0.0763189 0.0434834 0.0192884 0.00607245 0.00126704 0.000173515 1.60243e-05 1.02792e-06 4.60056e-08 1.40835e-09 2.87812e-11 3.85862e-13 3.35303e-15
 1.41144e-07 5.03695e-06 0.00010599 0.00131512 0.00962369 0.0415662 0.106381 0.164389 0.166549 0.14197 0.130564 0.110383 0.0716141 0.0361326 0.014336 0.00414139 0.000809011 0.000105215 9.33812e-06 5.81049e-07 2.5372e-08 7.6053e-10 1.52573e-11 2.00944e-13 1.712e-15
 2.0698e-07 6.99186e-06 0.000139267 0.00163574 0.0113312 0.0463399 0.11241 0.16542 0.16252 0.139384 0.1294 0.108051 0.0697317 0.0353103 0.0137705 0.00377958 0.000682529 8.02859e-05 6.34159e-06 3.50307e-07 1.378e-08 3.80431e-10 7.16083e-12 8.9531e-14 7.28804e-16
 3.12917e-07 1.00052e-05 0.000188631 0.00209707 0.0137507 0.0532399 0.122376 0.171294 0.162307 0.137523 0.12564 0.101496 0.0634658 0.0312163 0.0117256 0.00307433 0.000530281 5.98982e-05 4.5557e-06 2.40089e-07 8.8139e-09 2.21767e-10 3.74966e-12 4.2013e-14 3.08589e-16
 4.44251e-07 1.34448e-05 0.000239925 0.00252474 0.0156717 0.0574667 0.125377 0.168204 0.158045 0.139576 0.129853 0.101596 0.0604615 0.0281417 0.00994645 0.00244318 0.000393911 4.15545e-05 2.95403e-06 1.45952e-07 5.04375e-09 1.19691e-10 1.90312e-12 1.98887e-14 1.34707e-16
 7.00627e-07 2.00709e-05 0.000339032 0.00337705 0.0198423 0.0688735 0.142233 0.180556 0.160216 0.133221 0.117392 0.0884624 0.0516315 0.0236095 0.00804688 0.00186895 0.000281335 2.74614e-05 1.7927e-06 8.09631e-08 2.55811e-09 5.57116e-11 8.1669e-13 7.9003e-15 4.96758e-17
 9.31737e-07 2.52678e-05 0.000404054 0.00381025 0.0211991 0.0697452 0.137143 0.169015 0.154681 0.141029 0.128514 0.0931747 0.0509187 0.021674 0.00691043 0.00151578 0.000218043 2.06029e-05 1.31329e-06 5.77e-08 1.74396e-09 3.55869e-11 4.81041e-13 4.25324e-15 2.43735e-17
 1.42884e-06 3.66863e-05 0.00055542 0.00495887 0.0261215 0.0813692 0.151499 0.176782 0.1531 0.132357 0.116019 0.0832301 0.0462762 0.0199619 0.00623829 0.00130143 0.000175019 1.53233e-05 9.02718e-07 3.68308e-08 1.04421e-09 2.01781e-11 2.59367e-13 2.17542e-15 1.17377e-17
 1.77316e-06 4.31092e-05 0.000618017 0.00522534 0.026078 0.0771195 0.137569 0.15954 0.150558 0.147687 0.132882 0.0906997 0.0467208 0.0186172 0.00542392 0.00106761 0.00013714 1.16023e-05 6.64203e-07 2.61718e-08 7.05521e-10 1.27615e-11 1.52135e-13 1.1809e-15 5.91121e-18
#spawning biomass
 30879 24084.5 18345.1 12632.1 21952.6 38335.7 65076.6 90068 134067 162493 153799 152829 203603 230387 240936 223748 198719 188827 190646 201746 230760 213754 228252 251854 240453 251252 226965 198058 208894 337751 165727 76490.1 39988.3 26808.7 22411.8 21021.5 20598.1 20472.6 20436.2 20425.8 20422.8 20422 20421.8 20421.7 20421.7 20421.7 20421.7 20421.7 20421.7 20421.7 20421.7 20421.7 20421.7 20421.7 20421.7 20421.7 20421.7 20421.7 20421.7 20421.7 20421.7 20421.7 20421.7 20421.7 20421.7 20421.7 20421.7 20421.7 20421.7 20421.7 20421.7 20421.7 20421.7 20421.7 20421.7 20421.7 20421.7 20421.7 20421.7 20421.7 20421.7 20421.7 20421.7 20421.7 20421.7 20421.7 20421.7 20421.7 20421.7 20421.7 20421.7 20421.7 20421.7 20421.7 20421.7 20421.7 20421.7 20421.7 20421.7 20421.7 20421.7 20421.7 20421.7 20421.7 20421.7 20421.7 20421.7 20421.7 20421.7 20421.7 20421.7 20421.7 20421.7 20421.7 20421.7 20421.7 20421.7 20421.7 20421.7 20421.7 20421.7 20421.7 20421.7 20421.7 20421.7 20421.7 20421.7 20421.7 0 0 0 0 0 0 0 0 0 0 0 0 0 0 0 0 0 0 0 0 0 0 0 0 0
