SBPRF35
0.178135
Curr Bio
160645
B35
203364
F35
0.667129
FOFL
0.667129
OFL
71220.9
Bzero
50895.7
#pred survey bio
 6853.82 8370.45 10519.4 12020.4 19672 31804.7 29419.7 37874 51909.9 60307.5 74544.8 98181 132373 158380 144996 127805 125310 119850 111453 109544 112717 121118 126487 143446 153564 149109 158010 175635 5.08981e+06 4.61139e+06 2.90321e+06 1.67543e+06 1.03627e+06 731425 587563 517382 481208 461473 450203 443566 439586 437176 435703 434796 434253 433927 433731 433613 433542 433499 433473 433457 433448 433442 433438 433436 433435 433434 433434 433434 433433 433433 433433 433433 433433 433433 433433 433433 433433 433433 433433 433433 433433 433433 433433 433433 433433 433433 433433 433433 433433 433433 433433 433433 433433 433433 433433 433433 433433 433433 433433 433433 433433 433433 433433 433433 433433 433433 433433 433433 433433 433433 433433 433433 433433 433433 433433 433433 433433 433433 433433 433433 433433 433433 433433 433433 433433 433433 433433 433433 433433 433433 433433 433433 433433 433433 433433 433433 0 0 0 0 0 0 0 0 0 0 0 0 0 0 0 0 0 0 0 0 0 0 0 0 0
#obs survey bio
 5800.24 10062.8 10762.3 9402.26 33178.7 26840.9 32076.8 37768.3 50444.1 55948 80240.8 119242 153609 110855 143538 110905 138405 112296 115948 116066 113678 113782 116478 165469 108647 118246 155995 139042
#pred catch bio
 3304.61 4609.61 6227.47 7034.65 8475.18 20076.5 17427.4 21679 33064.5 37908.1 46240.7 58638 81274.1 108905 102859 91010.4 90437.3 86862.2 79359 78205.9 81466 91050.7 91596.7 106271 120888 113252 115972 100636 71220.9 81146.5 47340.2 24250.1 13459.7 9038.24 7361.92 6758.74 6549.58 6478.97 6455.6 6447.99 6445.53 6444.74 6444.49 6444.42 6444.39 6444.38 6444.38 6444.38 6444.38 6444.38 6444.38 6444.38 6444.38 6444.38 6444.38 6444.38 6444.38 6444.38 6444.38 6444.38 6444.38 6444.38 6444.38 6444.38 6444.38 6444.38 6444.38 6444.38 6444.38 6444.38 6444.38 6444.38 6444.38 6444.38 6444.38 6444.38 6444.38 6444.38 6444.38 6444.38 6444.38 6444.38 6444.38 6444.38 6444.38 6444.38 6444.38 6444.38 6444.38 6444.38 6444.38 6444.38 6444.38 6444.38 6444.38 6444.38 6444.38 6444.38 6444.38 6444.38 6444.38 6444.38 6444.38 6444.38 6444.38 6444.38 6444.38 6444.38 6444.38 6444.38 6444.38 6444.38 6444.38 6444.38 6444.38 6444.38 6444.38 6444.38 6444.38 6444.38 6444.38 6444.38 6444.38 6444.38 6444.38 6444.38 6444.38 6444.38 0 0 0 0 0 0 0 0 0 0 0 0 0 0 0 0 0 0 0 0 0 0 0 0 0
#obs catch bio
 4632.3 4576.3 6157.69 7072.57 8227.15 19466.2 17292.1 21264.1 32383.7 37211.3 45024.1 56578.8 78350.5 106635 102004 92017.3 90643.2 86430.9 77885.1 75743 79349.8 89602.7 90232.9 102152 118966 111890 113673 99775
#pred cpue bio
 5658.4 6328.95 7922.8 9089.86 13664.1 24468.8 22804.3 27478.4 38298.3 44405.4 54363.1 71055.1 96791.7 117846 109259 95073.3 90966.7 87684 81698.7 79932.1 81332.8 86260.8 89117.1 101577 108686 104049 111049 124172 3.87404e+06 4.44413e+06 2.85435e+06 1.62302e+06 982946 678008 534137 463955 427782 408046 396776 390139 386159 383749 382276 381369 380826 380500 380304 380186 380115 380072 380046 380030 380021 380015 380012 380010 380008 380008 380007 380007 380007 380007 380007 380006 380006 380006 380006 380006 380006 380006 380006 380006 380006 380006 380006 380006 380006 380006 380006 380006 380006 380006 380006 380006 380006 380006 380006 380006 380006 380006 380006 380006 380006 380006 380006 380006 380006 380006 380006 380006 380006 380006 380006 380006 380006 380006 380006 380006 380006 380006 380006 380006 380006 380006 380006 380006 380006 380006 380006 380006 380006 380006 380006 380006 380006 380006 380006 380006 0 0 0 0 0 0 0 0 0 0 0 0 0 0 0 0 0 0 0 0 0 0 0 0 0
#obs cpue bio
 5042.55 7538.47 8013.77 10376.9 19765.8 34120.2 24685.5 36203 58674 60237.1 85991.9 109091 143887 198499 114251 85449.1 84685.7 105260 114567 136235 114915 114070 118364 192862 171548 153670 166648 170290
#pred surv len freq
 2.56859e-27 2.60296e-27 4.59792e-26 9.15973e-20 2.2454e-14 6.65352e-10 2.38318e-06 0.00103182 0.054002 0.341631 0.261445 0.0365522 0.0945404 0.087323 0.0231751 0.031216 0.0147596 0.0131997 0.00898373 0.00741816 0.0062115 0.00564522 0.00588843 0.0053348 0.00164001
 2.57054e-27 2.60793e-27 4.99506e-26 9.99737e-20 2.45073e-14 7.26196e-10 2.60111e-06 0.00112618 0.0589403 0.372873 0.285341 0.0391503 0.0975252 0.0897326 0.017642 0.0177462 0.00691181 0.0043931 0.00246003 0.00172347 0.00126001 0.00101935 0.000965457 0.000887271 0.000300193
 2.57012e-27 2.60671e-27 4.87693e-26 9.74812e-20 2.38963e-14 7.08091e-10 2.53626e-06 0.00109811 0.0574709 0.363576 0.278263 0.0403898 0.111932 0.10294 0.0184543 0.0162076 0.00541953 0.0021693 0.000884309 0.000445769 0.000257068 0.000174496 0.000143648 0.00012707 4.48243e-05
 2.5699e-27 2.60614e-27 4.8262e-26 9.6411e-20 2.3634e-14 7.00317e-10 2.50842e-06 0.00108605 0.0568399 0.359585 0.275217 0.0405095 0.114983 0.105785 0.0195231 0.0179169 0.00575111 0.00188823 0.000585674 0.000181548 6.71721e-05 3.32073e-05 2.19236e-05 1.75252e-05 6.1959e-06
 2.5727e-27 2.61373e-27 5.49839e-26 1.10591e-19 2.71101e-14 8.03322e-10 2.87736e-06 0.00124579 0.0652001 0.412473 0.31557 0.0385227 0.0715122 0.0656693 0.0123956 0.0117559 0.00382241 0.0013252 0.000382962 9.15085e-05 2.0137e-05 5.58215e-06 2.44853e-06 1.60165e-06 5.45146e-07
 2.5691e-27 2.60389e-27 4.62098e-26 9.20815e-20 2.25727e-14 6.68869e-10 2.39578e-06 0.00103728 0.0542875 0.343437 0.262905 0.0416405 0.13224 0.121586 0.0200727 0.0151976 0.00500599 0.00186797 0.000555935 0.0001355 2.42231e-05 3.81045e-06 7.93679e-07 3.4085e-07 1.05069e-07
 2.56893e-27 2.60354e-27 4.59943e-26 9.16272e-20 2.24613e-14 6.65569e-10 2.38396e-06 0.00103216 0.0540196 0.341743 0.261599 0.0408952 0.127486 0.117402 0.023026 0.0229716 0.00713269 0.00193828 0.000572037 0.000148593 2.73595e-05 3.63827e-06 3.74132e-07 6.74494e-08 1.6195e-08
 2.57145e-27 2.61039e-27 5.20621e-26 1.04428e-19 2.55992e-14 7.58549e-10 2.717e-06 0.00117636 0.0615662 0.389484 0.298025 0.0390676 0.0879856 0.0809385 0.0163201 0.0168797 0.00563806 0.00217359 0.000596058 0.000120321 2.26077e-05 3.1256e-06 2.6107e-07 1.76554e-08 2.14317e-09
 2.57072e-27 2.60831e-27 5.01378e-26 1.00368e-19 2.4604e-14 7.29061e-10 2.61137e-06 0.00113062 0.0591728 0.374343 0.286484 0.0403671 0.105983 0.0973778 0.0161732 0.0123994 0.00417314 0.00169839 0.000531998 0.000138128 2.17965e-05 2.72318e-06 2.32208e-07 1.0716e-08 4.3169e-10
 2.57079e-27 2.60848e-27 5.02943e-26 1.00698e-19 2.46849e-14 7.31459e-10 2.61996e-06 0.00113434 0.0593675 0.375575 0.287422 0.0402737 0.104613 0.0961399 0.0164427 0.0133046 0.00412399 0.0011329 0.000347481 9.81411e-05 1.93893e-05 2.42875e-06 1.79762e-07 7.88817e-09 1.67696e-10
 2.57112e-27 2.60939e-27 5.10959e-26 1.02389e-19 2.50995e-14 7.43742e-10 2.66396e-06 0.00115339 0.0603644 0.381882 0.292234 0.040019 0.099294 0.0912343 0.0156226 0.0126718 0.00397432 0.00115952 0.000309355 6.37397e-05 1.29099e-05 1.93032e-06 1.54282e-07 6.01385e-09 1.08899e-10
 2.57136e-27 2.61003e-27 5.16563e-26 1.03571e-19 2.53892e-14 7.52329e-10 2.69472e-06 0.00116671 0.0610613 0.38629 0.295599 0.0399141 0.0961315 0.0883013 0.0148375 0.011619 0.00364484 0.00106927 0.000291288 6.0192e-05 9.34238e-06 1.24313e-06 1.14854e-07 4.87528e-09 8.0268e-11
 2.57101e-27 2.60909e-27 5.08247e-26 1.01817e-19 2.49592e-14 7.39585e-10 2.64907e-06 0.00114695 0.060027 0.379747 0.290607 0.0401698 0.101585 0.0933327 0.015716 0.0123548 0.00385164 0.00109047 0.000296246 6.18947e-05 9.74153e-06 1.08965e-06 8.46691e-08 3.97482e-09 7.05343e-11
 2.57041e-27 2.60746e-27 4.93824e-26 9.87744e-20 2.42134e-14 7.17485e-10 2.56991e-06 0.00111267 0.0582333 0.3684 0.281948 0.0405624 0.110656 0.101712 0.017361 0.0139983 0.00436634 0.00123622 0.00033199 6.73418e-05 1.06238e-05 1.19649e-06 8.13375e-08 3.24171e-09 6.11191e-11
 2.56991e-27 2.6061e-27 4.81704e-26 9.62174e-20 2.35865e-14 6.98911e-10 2.50338e-06 0.00108387 0.0567258 0.358863 0.274674 0.0410359 0.11937 0.109728 0.0183031 0.0141293 0.00440949 0.00125756 0.000337888 6.81941e-05 1.05095e-05 1.16853e-06 7.91511e-08 2.80044e-09 4.59483e-11
 2.57041e-27 2.60745e-27 4.93687e-26 9.87454e-20 2.42062e-14 7.17274e-10 2.56916e-06 0.00111235 0.0582162 0.368292 0.281866 0.0406057 0.111043 0.102062 0.0172886 0.0137424 0.0042487 0.00114274 0.000305296 6.19506e-05 9.52628e-06 1.04124e-06 6.92188e-08 2.40698e-09 3.53962e-11
 2.57123e-27 2.60966e-27 5.13156e-26 1.02853e-19 2.52131e-14 7.47108e-10 2.67602e-06 0.00115861 0.0606376 0.38361 0.293556 0.040138 0.099271 0.0911716 0.014861 0.0109471 0.00339823 0.000943382 0.000248569 4.80272e-05 7.35961e-06 8.04924e-07 5.27555e-08 1.79836e-09 2.56899e-11
 2.57091e-27 2.60877e-27 5.04938e-26 1.01119e-19 2.4788e-14 7.34514e-10 2.63091e-06 0.00113908 0.0596154 0.377143 0.288626 0.0406317 0.106492 0.0977788 0.0150169 0.00963526 0.00293781 0.000742011 0.000194795 3.84227e-05 5.69571e-06 6.06571e-07 3.97013e-08 1.3367e-09 1.8709e-11
 2.57085e-27 2.60863e-27 5.03782e-26 1.00875e-19 2.47283e-14 7.32743e-10 2.62456e-06 0.00113634 0.0594717 0.376234 0.287931 0.0405969 0.106715 0.0980044 0.0154142 0.0104806 0.00313167 0.000677165 0.000168565 3.07538e-05 4.57605e-06 4.82269e-07 3.05354e-08 1.01976e-09 1.41091e-11
 2.57103e-27 2.6091e-27 5.08054e-26 1.01776e-19 2.49492e-14 7.39289e-10 2.64801e-06 0.00114649 0.060003 0.379595 0.290494 0.0404012 0.103425 0.0949833 0.0151483 0.0106367 0.00320953 0.000742275 0.000179535 2.84069e-05 3.89077e-06 3.94523e-07 2.48156e-08 8.05022e-10 1.09859e-11
 2.57139e-27 2.61008e-27 5.16744e-26 1.03609e-19 2.53986e-14 7.52606e-10 2.69571e-06 0.00116714 0.0610838 0.386433 0.295712 0.0401654 0.0979649 0.0899381 0.0141332 0.00959249 0.00290657 0.000696416 0.000172301 2.85687e-05 3.59746e-06 3.21352e-07 1.90028e-08 6.0655e-10 8.07877e-12
 2.57178e-27 2.61115e-27 5.26055e-26 1.05574e-19 2.58801e-14 7.66873e-10 2.74681e-06 0.00118926 0.0622418 0.393758 0.301302 0.0399584 0.0924615 0.0848431 0.0129323 0.00813501 0.0024465 0.000562044 0.00013938 2.39338e-05 3.13189e-06 2.72857e-07 1.41677e-08 4.16976e-10 5.40775e-12
 2.57208e-27 2.61194e-27 5.32933e-26 1.07025e-19 2.62358e-14 7.77413e-10 2.78456e-06 0.00120561 0.0630972 0.39917 0.305433 0.0398693 0.0888811 0.0815124 0.0118578 0.00652124 0.00193098 0.000402786 9.71082e-05 1.61045e-05 2.1412e-06 1.94095e-07 1.00237e-08 2.63945e-10 3.12213e-12
 2.57193e-27 2.61153e-27 5.29277e-26 1.06253e-19 2.60467e-14 7.7181e-10 2.7645e-06 0.00119692 0.0626425 0.396294 0.303238 0.039978 0.0912509 0.0837009 0.0122777 0.00692595 0.00202221 0.000370449 8.50146e-05 1.29216e-05 1.64949e-06 1.4816e-07 7.9176e-09 2.08424e-10 2.24817e-12
 2.57194e-27 2.61156e-27 5.29564e-26 1.06314e-19 2.60615e-14 7.7225e-10 2.76607e-06 0.0011976 0.0626782 0.396519 0.303411 0.0399811 0.0911534 0.083608 0.0122076 0.00678965 0.0019859 0.000370559 8.29885e-05 1.117e-05 1.31341e-06 1.09718e-07 5.73498e-09 1.54475e-10 1.66674e-12
 2.57234e-27 2.61264e-27 5.39042e-26 1.08313e-19 2.65517e-14 7.86774e-10 2.81809e-06 0.00122013 0.063857 0.403977 0.309102 0.0397592 0.0854664 0.078345 0.0110004 0.00536164 0.00155687 0.000280363 6.25319e-05 8.47641e-06 9.30343e-07 6.90382e-08 3.30816e-09 8.60372e-11 9.39721e-13
 2.57213e-27 2.61206e-27 5.33876e-26 1.07223e-19 2.62845e-14 7.78858e-10 2.78974e-06 0.00120785 0.0632145 0.399912 0.306001 0.0399382 0.0890069 0.0816074 0.011494 0.00566467 0.00162647 0.000260112 5.60019e-05 7.36475e-06 8.0649e-07 5.77948e-08 2.4653e-09 5.79289e-11 6.04783e-13
 2.57197e-27 2.61163e-27 5.30206e-26 1.06449e-19 2.60947e-14 7.73234e-10 2.76959e-06 0.00119913 0.0627581 0.397025 0.303796 0.0399748 0.0908339 0.0833113 0.012121 0.00666526 0.00192324 0.00031421 6.65119e-05 7.85877e-06 8.22171e-07 5.77016e-08 2.3958e-09 5.08665e-11 4.76564e-13
#obs surv len freq
 1.76528e-41 2.45009e-33 4.11053e-26 8.33608e-20 2.04349e-14 6.05524e-10 2.16889e-06 0.000939054 0.0491463 0.310914 0.238145 0.0440255 0.152017 0.128791 0.036375 0.0279668 0.00845238 0.00264824 0.000515063 5.92611e-05 2.94852e-06 4.66607e-08 1.76069e-10 1.27486e-13 1.53012e-17
 2.17725e-41 3.02187e-33 5.06982e-26 1.02815e-19 2.52039e-14 7.46837e-10 2.67505e-06 0.0011582 0.0606157 0.383473 0.293521 0.0420019 0.0969852 0.0776316 0.0222391 0.0160535 0.00467875 0.00136995 0.000243893 2.46826e-05 1.02373e-06 1.27133e-08 3.59211e-11 1.89101e-14 1.62267e-18
 1.71877e-41 2.38554e-33 4.00224e-26 8.11646e-20 1.98965e-14 5.89571e-10 2.11175e-06 0.000914313 0.0478515 0.302723 0.232086 0.0512659 0.182388 0.136248 0.0268583 0.0143659 0.00401093 0.00109211 0.000177082 1.55467e-05 5.32723e-07 5.1914e-09 1.10245e-11 4.23558e-15 2.60581e-19
 2.08885e-41 2.89918e-33 4.86398e-26 9.86407e-20 2.41806e-14 7.16515e-10 2.56644e-06 0.00111118 0.0581547 0.367904 0.281757 0.0458165 0.113492 0.0814252 0.028196 0.0179445 0.00341701 0.000674215 9.74941e-05 7.359e-06 2.05819e-07 1.56338e-09 2.49776e-12 7.03535e-16 3.11837e-20
 2.36531e-41 3.2829e-33 5.50774e-26 1.11696e-19 2.73809e-14 8.11347e-10 2.90611e-06 0.00125825 0.0658516 0.416596 0.318912 0.0443663 0.0799132 0.0526554 0.0119417 0.00628899 0.00181011 0.00036669 3.44803e-05 2.02442e-06 4.55717e-08 2.67523e-10 3.20163e-13 6.61632e-17 2.12095e-21
 1.32515e-41 1.83922e-33 3.08567e-26 6.25768e-20 1.534e-14 4.54552e-10 1.62813e-06 0.000704924 0.0368929 0.233399 0.179808 0.0710721 0.2712 0.165771 0.0278905 0.010743 0.00206458 0.000406975 4.42079e-05 1.8364e-06 2.88302e-08 1.27091e-10 1.13176e-13 1.71075e-17 3.96514e-22
 2.21085e-41 3.06851e-33 5.14807e-26 1.04402e-19 2.55929e-14 7.58363e-10 2.71633e-06 0.00117608 0.0615513 0.389392 0.298276 0.0468161 0.089418 0.0568011 0.0355196 0.018238 0.00247821 0.000304168 2.5961e-05 1.05904e-06 1.24881e-08 3.68474e-11 2.31669e-14 2.52933e-18 4.22441e-23
 1.98907e-41 2.76069e-33 4.63163e-26 9.39286e-20 2.30255e-14 6.82287e-10 2.44384e-06 0.0010581 0.0553767 0.350332 0.268923 0.0609397 0.154742 0.0823974 0.0158606 0.00730104 0.00266816 0.000379304 1.94755e-05 5.47275e-07 5.42563e-09 1.21936e-11 5.18417e-15 3.82598e-19 4.45569e-24
 2.02649e-41 2.81263e-33 4.71877e-26 9.56957e-20 2.34587e-14 6.95123e-10 2.48982e-06 0.00107801 0.0564185 0.356923 0.274051 0.0614853 0.143371 0.0737147 0.0228887 0.00851062 0.00129152 0.000245625 1.91688e-05 3.83879e-07 2.40175e-09 4.01221e-12 1.28755e-15 6.69416e-20 5.26609e-25
 1.98068e-41 2.74906e-33 4.61211e-26 9.35327e-20 2.29284e-14 6.79412e-10 2.43354e-06 0.00105364 0.0551433 0.348857 0.26818 0.0670137 0.154319 0.0737745 0.0220014 0.0080127 0.00146762 0.000163717 1.08066e-05 2.72433e-07 1.42727e-09 1.52434e-12 3.2893e-16 1.2341e-20 7.0236e-26
 2.098e-41 2.91188e-33 4.88529e-26 9.90727e-20 2.42865e-14 7.19653e-10 2.57768e-06 0.00111605 0.0584095 0.369521 0.28401 0.0658628 0.133253 0.0602634 0.0197353 0.00656279 0.00113183 0.000126343 6.1052e-06 1.14747e-07 6.0082e-10 5.73362e-13 8.7788e-17 2.14973e-21 8.22252e-27
 2.05207e-41 2.84813e-33 4.77833e-26 9.69036e-20 2.37548e-14 7.03898e-10 2.52125e-06 0.00109161 0.0571307 0.361433 0.278254 0.072913 0.145638 0.0603314 0.017074 0.00515868 0.00088047 8.84411e-05 3.82962e-06 5.43128e-08 2.02964e-10 1.61662e-13 2.15574e-17 4.19204e-22 1.13923e-27
 1.99701e-41 2.77172e-33 4.65013e-26 9.43037e-20 2.31174e-14 6.85012e-10 2.4536e-06 0.00106232 0.0555978 0.351739 0.271332 0.0796566 0.154373 0.061078 0.019235 0.00511995 0.000734417 6.61861e-05 2.5082e-06 2.93984e-08 8.24551e-11 4.61183e-14 4.53675e-18 6.98566e-23 1.53025e-28
 1.86808e-41 2.59277e-33 4.34991e-26 8.82152e-20 2.16249e-14 6.40786e-10 2.29519e-06 0.000993739 0.0520083 0.329037 0.254819 0.091355 0.175495 0.0667377 0.0228635 0.00581308 0.000812429 6.01276e-05 1.86629e-06 1.79602e-08 3.96392e-11 1.65331e-14 1.15283e-18 1.24251e-23 1.95738e-29
 1.69005e-41 2.34568e-33 3.93537e-26 7.98085e-20 1.95641e-14 5.79721e-10 2.07647e-06 0.000899038 0.0470521 0.297692 0.232047 0.1064 0.201172 0.076217 0.03005 0.00737 0.00102797 6.95541e-05 1.7578e-06 1.30117e-08 2.21685e-11 7.03927e-15 3.64158e-19 2.83155e-24 3.14419e-30
 1.9107e-41 2.65192e-33 4.44915e-26 9.02279e-20 2.21183e-14 6.55406e-10 2.34756e-06 0.00101641 0.053195 0.336554 0.261426 0.0955435 0.154931 0.0611169 0.0281286 0.007009 0.0010115 6.43059e-05 1.41767e-06 8.29174e-09 1.05148e-11 2.46348e-15 9.41979e-20 5.38325e-25 4.34593e-31
 1.86069e-41 2.58251e-33 4.3327e-26 8.78663e-20 2.15394e-14 6.38252e-10 2.28611e-06 0.000989809 0.0518027 0.327759 0.256018 0.109589 0.169286 0.0572667 0.0209615 0.00543843 0.000833734 5.18684e-05 1.02774e-06 4.98951e-09 4.89699e-12 8.4492e-16 2.33084e-20 9.5923e-26 5.59189e-32
 1.84051e-41 2.5545e-33 4.28571e-26 8.69133e-20 2.13058e-14 6.31329e-10 2.26132e-06 0.000979072 0.0512408 0.324217 0.254364 0.116789 0.167956 0.0577536 0.0216064 0.00445336 0.00060062 3.70962e-05 6.79322e-07 2.81912e-09 2.22078e-12 2.93377e-16 5.9798e-21 1.77602e-26 7.38535e-33
 1.86219e-41 2.5846e-33 4.3362e-26 8.79372e-20 2.15568e-14 6.38766e-10 2.28796e-06 0.000990607 0.0518445 0.328051 0.258282 0.121396 0.16028 0.054467 0.020161 0.00404191 0.000460792 2.31163e-05 3.76089e-07 1.35611e-09 8.78158e-13 9.1268e-17 1.41692e-21 3.12862e-27 9.49422e-34
 1.94185e-41 2.69517e-33 4.5217e-26 9.16992e-20 2.2479e-14 6.66093e-10 2.38584e-06 0.00103298 0.0540624 0.342096 0.269702 0.121332 0.144444 0.0473458 0.0164911 0.00314644 0.000331045 1.36922e-05 1.72849e-07 5.03917e-10 2.6678e-13 2.21409e-17 2.66988e-22 4.47751e-28 1.01434e-34
 1.93791e-41 2.68968e-33 4.5125e-26 9.15126e-20 2.24333e-14 6.64738e-10 2.38098e-06 0.00103088 0.0539525 0.341428 0.270831 0.129901 0.142871 0.0437003 0.0136695 0.00237961 0.000224913 8.02727e-06 8.00846e-08 1.74983e-10 7.00625e-14 4.48527e-18 4.18449e-23 5.37949e-29 9.22413e-36
 1.98068e-41 2.74905e-33 4.61211e-26 9.35326e-20 2.29284e-14 6.79411e-10 2.43354e-06 0.00105364 0.0551434 0.348988 0.277765 0.131695 0.132001 0.0398554 0.0115968 0.001754 0.000141387 4.2413e-06 3.4195e-08 5.72168e-11 1.68522e-14 7.85692e-19 5.3863e-24 5.14645e-30 6.59753e-37
 1.91557e-41 2.65869e-33 4.4605e-26 9.0458e-20 2.21747e-14 6.57077e-10 2.35354e-06 0.001019 0.0533309 0.337577 0.27197 0.146684 0.137857 0.039509 0.0105054 0.00144555 9.75004e-05 2.33925e-06 1.4852e-08 1.91615e-11 4.23468e-15 1.44462e-19 7.13306e-25 4.88536e-31 4.50259e-38
 1.96346e-41 2.72516e-33 4.57202e-26 9.27196e-20 2.27291e-14 6.73505e-10 2.41239e-06 0.00104448 0.0546644 0.346052 0.279669 0.14532 0.125057 0.0374465 0.00951674 0.00115976 6.64074e-05 1.26942e-06 6.13076e-09 5.93992e-12 9.79068e-16 2.46668e-20 8.89094e-26 4.39644e-32 2.90086e-39
 1.93785e-41 2.68961e-33 4.51238e-26 9.15103e-20 2.24327e-14 6.64721e-10 2.38092e-06 0.00103086 0.0539516 0.34162 0.279389 0.155902 0.124132 0.034789 0.00818917 0.000947572 4.63029e-05 7.0643e-07 2.5992e-09 1.85792e-12 2.23242e-16 4.0915e-21 1.0717e-26 3.84129e-33 1.83011e-40
 1.86958e-41 2.59486e-33 4.35341e-26 8.82862e-20 2.16423e-14 6.41302e-10 2.29704e-06 0.000994539 0.0520512 0.32971 0.274457 0.16983 0.127701 0.0364847 0.00792048 0.000813487 3.4786e-05 4.33695e-07 1.22189e-09 6.4682e-13 5.64316e-17 7.42988e-22 1.39299e-27 3.57384e-34 1.21991e-41
 1.79332e-41 2.48901e-33 4.17583e-26 8.46849e-20 2.07595e-14 6.15143e-10 2.20334e-06 0.000953971 0.0499285 0.316431 0.269262 0.184331 0.131528 0.0387491 0.0080354 0.000752321 2.7092e-05 2.75261e-07 6.07097e-10 2.41096e-13 1.53681e-17 1.45797e-22 1.95398e-28 3.56693e-35 8.64421e-43
 1.82957e-41 2.53932e-33 4.26024e-26 8.63968e-20 2.11792e-14 6.27577e-10 2.24788e-06 0.000973255 0.0509382 0.322935 0.276524 0.18174 0.121516 0.0372481 0.00745046 0.000652165 2.02003e-05 1.64872e-07 2.81705e-10 8.48395e-14 4.01423e-18 2.7752e-23 2.67689e-29 3.49117e-36 6.01832e-44
#pred catch len freq
 2.56635e-27 2.59699e-27 4.08425e-26 8.07616e-20 1.97977e-14 5.86642e-10 2.10125e-06 0.000909763 0.0476137 0.301217 0.230589 0.0368047 0.118139 0.109221 0.0291523 0.0394242 0.0186135 0.0166125 0.0112988 0.00932651 0.00780856 0.00709649 0.00740219 0.00670623 0.00206161
 2.56894e-27 2.60361e-27 4.61548e-26 9.19661e-20 2.25444e-14 6.6803e-10 2.39277e-06 0.00103598 0.0542194 0.343007 0.26255 0.0400271 0.12021 0.110691 0.0217825 0.0219361 0.00853323 0.00540862 0.0030265 0.00211944 0.00154931 0.00125336 0.00118708 0.00109095 0.000369104
 2.56864e-27 2.60269e-27 4.52089e-26 8.99702e-20 2.20551e-14 6.53532e-10 2.34084e-06 0.0010135 0.0530427 0.335563 0.256888 0.0414159 0.134758 0.124005 0.0222185 0.0194959 0.00651358 0.00259865 0.00105852 0.000533299 0.000307501 0.000208721 0.000171822 0.000151993 5.36159e-05
 2.56836e-27 2.60196e-27 4.45688e-26 8.86199e-20 2.17241e-14 6.43724e-10 2.30571e-06 0.000998285 0.0522466 0.330526 0.253045 0.0415663 0.138603 0.12759 0.0235402 0.0215934 0.00692654 0.00226663 0.000702554 0.000217638 8.05105e-05 3.97994e-05 2.62755e-05 2.1004e-05 7.4258e-06
 2.57118e-27 2.6096e-27 5.13374e-26 1.02899e-19 2.52244e-14 7.47443e-10 2.67722e-06 0.00115913 0.0606648 0.383782 0.293678 0.0395254 0.0945239 0.0869219 0.0164766 0.0157188 0.00510839 0.0017663 0.000510156 0.000121825 2.68033e-05 7.42959e-06 3.25884e-06 2.1317e-06 7.25554e-07
 2.56766e-27 2.59996e-27 4.27319e-26 8.47444e-20 2.07741e-14 6.15573e-10 2.20488e-06 0.000954628 0.0499618 0.316072 0.242026 0.0427374 0.155256 0.142809 0.0235431 0.0177741 0.00584954 0.00217523 0.000646972 0.000157586 2.81663e-05 4.43037e-06 9.22783e-07 3.96293e-07 1.2216e-07
 2.5673e-27 2.5991e-27 4.20826e-26 8.33751e-20 2.04384e-14 6.05627e-10 2.16925e-06 0.000939204 0.0491545 0.310965 0.238115 0.0419641 0.15212 0.140158 0.0274798 0.0274026 0.00850385 0.00230316 0.0006792 0.000176318 3.24588e-05 4.31605e-06 4.4382e-07 8.00124e-08 1.92114e-08
 2.5701e-27 2.60674e-27 4.88459e-26 9.76429e-20 2.3936e-14 7.09266e-10 2.54047e-06 0.00109993 0.0575662 0.36418 0.278716 0.0399067 0.107938 0.0993749 0.0200315 0.0207105 0.00691198 0.00265614 0.000727998 0.000146854 2.75874e-05 3.81379e-06 3.18545e-07 2.15421e-08 2.61497e-09
 2.56951e-27 2.605e-27 4.7205e-26 9.41808e-20 2.30873e-14 6.84118e-10 2.4504e-06 0.00106093 0.0555251 0.351267 0.268878 0.0412862 0.125347 0.115234 0.0191022 0.0145888 0.00490515 0.00198936 0.000622747 0.000161589 2.54943e-05 3.18488e-06 2.71572e-07 1.25325e-08 5.04867e-10
 2.56955e-27 2.60511e-27 4.73049e-26 9.43917e-20 2.3139e-14 6.8565e-10 2.45588e-06 0.0010633 0.0556495 0.352054 0.269477 0.0412007 0.124275 0.114276 0.0195095 0.0157343 0.00487396 0.00133413 0.000408862 0.000115404 2.27961e-05 2.85529e-06 2.11328e-07 9.27327e-09 1.97141e-10
 2.56989e-27 2.60606e-27 4.81484e-26 9.61712e-20 2.35752e-14 6.98576e-10 2.50218e-06 0.00108335 0.0566986 0.358691 0.27454 0.0409303 0.11866 0.109098 0.0186512 0.0150835 0.0047275 0.00137438 0.000366429 7.54462e-05 1.52778e-05 2.28421e-06 1.82563e-07 7.11621e-09 1.2886e-10
 2.57009e-27 2.60657e-27 4.85942e-26 9.71116e-20 2.38057e-14 7.05407e-10 2.52665e-06 0.00109394 0.057253 0.362198 0.277218 0.0408714 0.116331 0.106931 0.0179508 0.0140311 0.00439867 0.00128599 0.000350085 7.22932e-05 1.12184e-05 1.49263e-06 1.37903e-07 5.85362e-09 9.63755e-11
 2.56975e-27 2.60566e-27 4.77796e-26 9.53931e-20 2.33845e-14 6.92923e-10 2.48193e-06 0.00107458 0.0562398 0.355788 0.272327 0.0411232 0.121683 0.111869 0.0188116 0.0147497 0.00459528 0.00129644 0.000351951 7.34831e-05 1.15632e-05 1.29331e-06 1.00491e-07 4.71758e-09 8.37145e-11
 2.56936e-27 2.6046e-27 4.68503e-26 9.34326e-20 2.29039e-14 6.78683e-10 2.43093e-06 0.0010525 0.055084 0.348477 0.266748 0.0413586 0.127394 0.117149 0.019926 0.015963 0.00497536 0.00140325 0.000376559 7.63287e-05 1.20392e-05 1.35577e-06 9.21636e-08 3.67316e-09 6.92535e-11
 2.56891e-27 2.60336e-27 4.57344e-26 9.10786e-20 2.23268e-14 6.61583e-10 2.36968e-06 0.00102598 0.0536962 0.339697 0.260051 0.0418189 0.135603 0.124694 0.0207186 0.0158715 0.00494915 0.00140593 0.000377463 7.61274e-05 1.17297e-05 1.3041e-06 8.83315e-08 3.12522e-09 5.12773e-11
 2.56946e-27 2.60487e-27 4.7086e-26 9.393e-20 2.30258e-14 6.82295e-10 2.44387e-06 0.0010581 0.0553772 0.350331 0.268164 0.0413333 0.126207 0.116045 0.0195751 0.0154375 0.00476905 0.00127761 0.000341054 6.91575e-05 1.06324e-05 1.16203e-06 7.72471e-08 2.68613e-09 3.95013e-11
 2.57041e-27 2.60744e-27 4.93411e-26 9.86872e-20 2.4192e-14 7.16852e-10 2.56764e-06 0.00111169 0.0581819 0.368075 0.281704 0.0407858 0.112528 0.103392 0.0167809 0.0122499 0.00379943 0.00105052 0.00027658 5.34008e-05 8.18135e-06 8.9472e-07 5.86394e-08 1.99892e-09 2.85549e-11
 2.57007e-27 2.60648e-27 4.84588e-26 9.68257e-20 2.37357e-14 7.0333e-10 2.51921e-06 0.00109072 0.0570844 0.361132 0.276411 0.0413268 0.120363 0.110559 0.0169162 0.0107496 0.0032749 0.000823811 0.000216085 4.25914e-05 6.31239e-06 6.72185e-07 4.39948e-08 1.48125e-09 2.07321e-11
 2.56996e-27 2.60618e-27 4.82047e-26 9.62898e-20 2.36043e-14 6.99437e-10 2.50527e-06 0.00108468 0.0567685 0.359133 0.274885 0.0413278 0.121444 0.111578 0.0174851 0.0117862 0.00351943 0.000757999 0.00018851 3.43676e-05 5.11267e-06 5.38776e-07 3.41124e-08 1.13921e-09 1.57617e-11
 2.57016e-27 2.60673e-27 4.86983e-26 9.73311e-20 2.38596e-14 7.07001e-10 2.53236e-06 0.00109641 0.0573824 0.363017 0.277847 0.0411033 0.117654 0.108098 0.0171737 0.0119542 0.0036045 0.000830303 0.000200655 3.17252e-05 4.34424e-06 4.40464e-07 2.77046e-08 8.98735e-10 1.22648e-11
 2.5706e-27 2.60792e-27 4.97496e-26 9.95489e-20 2.44032e-14 7.23111e-10 2.59006e-06 0.0011214 0.0586899 0.371288 0.284158 0.040814 0.111018 0.101967 0.0159596 0.0107296 0.00324863 0.000775232 0.000191638 3.17517e-05 3.99739e-06 3.57041e-07 2.11127e-08 6.73888e-10 8.97565e-12
 2.57114e-27 2.6094e-27 5.10479e-26 1.02288e-19 2.50746e-14 7.43004e-10 2.66132e-06 0.00115225 0.0603045 0.381503 0.291953 0.0404975 0.103133 0.0946742 0.0143673 0.00893265 0.00268417 0.000614069 0.000152142 2.6106e-05 3.41539e-06 2.97528e-07 1.54482e-08 4.5466e-10 5.89645e-12
 2.57137e-27 2.61e-27 5.15672e-26 1.03383e-19 2.53431e-14 7.50962e-10 2.68982e-06 0.00116459 0.0609504 0.385589 0.295072 0.0404795 0.100804 0.0924932 0.0134104 0.00729733 0.00215914 0.000448559 0.00010804 1.79041e-05 2.37994e-06 2.15716e-07 1.114e-08 2.93336e-10 3.46979e-12
 2.57126e-27 2.6097e-27 5.13054e-26 1.02831e-19 2.52077e-14 7.4695e-10 2.67545e-06 0.00115837 0.0606248 0.383529 0.293501 0.0405515 0.102457 0.0940213 0.01374 0.00766226 0.00223561 0.000407877 9.35034e-05 1.42012e-05 1.81239e-06 1.62777e-07 8.69847e-09 2.28977e-10 2.46987e-12
 2.57145e-27 2.61021e-27 5.17501e-26 1.03769e-19 2.54377e-14 7.53765e-10 2.69986e-06 0.00116894 0.0611779 0.387028 0.29617 0.0404143 0.0995366 0.0913274 0.0132735 0.00727693 0.00212668 0.000395132 8.83967e-05 1.18888e-05 1.39757e-06 1.16736e-07 6.10163e-09 1.64349e-10 1.77328e-12
 2.57178e-27 2.61111e-27 5.25436e-26 1.05443e-19 2.58481e-14 7.65924e-10 2.74341e-06 0.00118779 0.0621648 0.393271 0.300935 0.0402535 0.0949658 0.0870908 0.0121846 0.00586029 0.00170029 0.00030492 6.7935e-05 9.20189e-06 1.00971e-06 7.49199e-08 3.58988e-09 9.33633e-11 1.01974e-12
 2.57146e-27 2.61023e-27 5.17557e-26 1.03781e-19 2.54406e-14 7.5385e-10 2.70017e-06 0.00116907 0.0611848 0.387072 0.296206 0.0405276 0.100374 0.0920737 0.0129272 0.00629773 0.00180699 0.000287838 6.18981e-05 8.13407e-06 8.90506e-07 6.38087e-08 2.72175e-09 6.39541e-11 6.67686e-13
 2.57073e-27 2.60824e-27 5.00018e-26 1.00081e-19 2.45336e-14 7.26975e-10 2.6039e-06 0.00112739 0.0590035 0.373272 0.285676 0.0410263 0.111567 0.10241 0.0148953 0.00818327 0.00236049 0.000384395 8.12917e-05 9.59842e-06 1.0039e-06 7.04484e-08 2.92496e-09 6.21008e-11 5.81816e-13
#obs catch len freq
 1.74821e-41 2.4264e-33 4.07078e-26 8.25546e-20 2.02373e-14 5.99668e-10 2.14791e-06 0.000929973 0.0486711 0.307907 0.235851 0.0441104 0.154062 0.130548 0.0370512 0.0286117 0.00881147 0.00281587 0.000558416 6.59866e-05 3.41649e-06 5.67389e-08 2.24719e-10 1.7005e-13 2.12146e-17
 1.76883e-41 2.45502e-33 4.1188e-26 8.35285e-20 2.0476e-14 6.06742e-10 2.17325e-06 0.000940942 0.0492452 0.311539 0.238682 0.0459642 0.155651 0.124838 0.0362053 0.0263321 0.00779586 0.00233118 0.000426834 4.4305e-05 1.89385e-06 2.44216e-08 7.18936e-11 3.9376e-14 3.50244e-18
 2.18451e-41 3.03196e-33 5.08674e-26 1.03158e-19 2.5288e-14 7.49329e-10 2.68397e-06 0.00116207 0.060818 0.384752 0.294542 0.0432957 0.0985006 0.0744492 0.0219299 0.0148964 0.00425393 0.00118199 0.000196991 1.78336e-05 6.28916e-07 6.30871e-09 1.38262e-11 5.48726e-15 3.48316e-19
 1.73521e-41 2.40836e-33 4.04052e-26 8.19409e-20 2.00868e-14 5.9521e-10 2.13194e-06 0.000923058 0.0483092 0.305619 0.234389 0.0537944 0.184131 0.129236 0.0257611 0.0131584 0.00360015 0.000925206 0.000139492 1.08608e-05 3.13438e-07 2.44701e-09 4.00808e-12 1.1571e-15 5.25666e-20
 2.10718e-41 2.92462e-33 4.90666e-26 9.95061e-20 2.43927e-14 7.22802e-10 2.58896e-06 0.00112093 0.058665 0.371132 0.284288 0.0474568 0.113545 0.0767265 0.027441 0.0160463 0.0029382 0.000557613 7.46091e-05 4.94927e-06 1.15515e-07 6.97751e-10 8.55341e-13 1.80445e-16 5.89536e-21
 2.38216e-41 3.30628e-33 5.54696e-26 1.12491e-19 2.75759e-14 8.17126e-10 2.92681e-06 0.00126721 0.0663206 0.419564 0.321227 0.0454612 0.0788272 0.0486228 0.011244 0.00558426 0.00156431 0.00028805 2.512e-05 1.30118e-06 2.42444e-08 1.12398e-10 1.02722e-13 1.58505e-17 3.73824e-22
 1.35944e-41 1.88681e-33 3.16551e-26 6.41959e-20 1.57369e-14 4.66312e-10 1.67025e-06 0.000723163 0.0378475 0.239438 0.184633 0.0754978 0.270251 0.15399 0.0260451 0.00944883 0.00176368 0.000327345 3.16411e-05 1.13699e-06 1.48464e-08 5.14946e-11 3.48712e-14 3.92466e-18 6.68018e-23
 2.24054e-41 3.10972e-33 5.21719e-26 1.05804e-19 2.59365e-14 7.68546e-10 2.75281e-06 0.00119187 0.0623778 0.394621 0.302343 0.0481947 0.0871898 0.0526863 0.0336932 0.0154557 0.00199439 0.000230828 1.798e-05 6.22553e-07 5.97391e-09 1.38751e-11 6.63064e-15 5.37862e-19 6.58576e-24
 2.02594e-41 2.81188e-33 4.71751e-26 9.56701e-20 2.34524e-14 6.94937e-10 2.48915e-06 0.00107772 0.0564034 0.356828 0.274033 0.063281 0.150382 0.0744802 0.0145446 0.00645905 0.00221985 0.000276139 1.28019e-05 3.11039e-07 2.49363e-09 4.35292e-12 1.40314e-15 7.69452e-20 6.56252e-25
 2.06596e-41 2.86741e-33 4.81068e-26 9.75596e-20 2.39156e-14 7.08663e-10 2.53831e-06 0.001099 0.0575174 0.363876 0.279519 0.063683 0.138376 0.066607 0.0210084 0.00706196 0.00105209 0.000185625 1.22341e-05 2.049e-07 1.04685e-09 1.35957e-12 3.28986e-16 1.26829e-20 7.3095e-26
 2.02438e-41 2.8097e-33 4.71386e-26 9.55961e-20 2.34343e-14 6.944e-10 2.48723e-06 0.00107688 0.0563598 0.356555 0.274256 0.0694075 0.14813 0.0662483 0.0200039 0.00667756 0.00115827 0.000117385 6.93671e-06 1.4212e-07 5.87836e-10 4.87222e-13 7.94654e-17 2.20729e-21 9.19252e-27
 2.14089e-41 2.97142e-33 4.98517e-26 1.01098e-19 2.47831e-14 7.34367e-10 2.63038e-06 0.00113887 0.0596037 0.377077 0.289973 0.0677971 0.12663 0.0537294 0.0177029 0.00537366 0.000880455 8.79992e-05 3.69993e-06 5.80473e-08 2.3848e-10 1.73256e-13 1.99223e-17 3.61428e-22 1.01111e-27
 2.09819e-41 2.91214e-33 4.88572e-26 9.90815e-20 2.42887e-14 7.19718e-10 2.57791e-06 0.00111615 0.0584147 0.369558 0.284705 0.0750205 0.137734 0.0533834 0.0151303 0.00419768 0.000674145 6.04042e-05 2.24589e-06 2.6114e-08 7.7071e-11 4.67514e-14 4.64512e-18 6.66058e-23 1.32475e-28
 2.04709e-41 2.84123e-33 4.76675e-26 9.66688e-20 2.36972e-14 7.02192e-10 2.51514e-06 0.00108897 0.0569922 0.360564 0.278379 0.081914 0.145399 0.054078 0.0168921 0.00409299 0.000552183 4.42787e-05 1.42685e-06 1.35693e-08 2.9748e-11 1.26557e-14 9.27409e-19 1.04898e-23 1.6751e-29
 1.92459e-41 2.67121e-33 4.48151e-26 9.0884e-20 2.22792e-14 6.60172e-10 2.36463e-06 0.0010238 0.0535818 0.338996 0.262846 0.0940528 0.164976 0.0592887 0.01996 0.00463375 0.000599207 3.9134e-05 1.03021e-06 7.98518e-09 1.36774e-11 4.31544e-15 2.23649e-19 1.76911e-24 2.02695e-30
 1.75313e-41 2.43323e-33 4.08225e-26 8.27872e-20 2.02943e-14 6.01357e-10 2.15396e-06 0.000932592 0.0488082 0.308808 0.241129 0.109831 0.189263 0.0684057 0.0261492 0.00587431 0.000750989 4.43135e-05 9.37952e-07 5.57043e-09 7.33527e-12 1.75464e-15 6.72666e-20 3.83327e-25 3.09496e-31
 1.97023e-41 2.73455e-33 4.58777e-26 9.30391e-20 2.28074e-14 6.75826e-10 2.4207e-06 0.00104808 0.0548523 0.347045 0.26994 0.0976706 0.144107 0.0549083 0.0241239 0.0055388 0.000723299 3.97618e-05 7.248e-07 3.3675e-09 3.28637e-12 5.78638e-16 1.63589e-20 6.83911e-26 4.01037e-32
 1.92233e-41 2.66807e-33 4.47624e-26 9.07772e-20 2.2253e-14 6.59396e-10 2.36185e-06 0.0010226 0.0535188 0.338625 0.264967 0.11174 0.156642 0.0506905 0.0178616 0.00430831 0.000590525 3.14479e-05 5.09173e-07 1.94468e-09 1.45875e-12 1.88486e-16 3.83777e-21 1.15382e-26 4.87925e-33
 1.90406e-41 2.64271e-33 4.43369e-26 8.99143e-20 2.20414e-14 6.53128e-10 2.3394e-06 0.00101288 0.0530101 0.335423 0.263678 0.118727 0.154861 0.0512983 0.0180938 0.00345032 0.000421277 2.20857e-05 3.26555e-07 1.05584e-09 6.31388e-13 6.21894e-17 9.33283e-22 2.02263e-27 6.0971e-34
 1.9262e-41 2.67343e-33 4.48524e-26 9.09597e-20 2.22977e-14 6.60722e-10 2.3666e-06 0.00102466 0.0536265 0.33934 0.267737 0.122851 0.147006 0.0482721 0.0167305 0.00308437 0.00031303 1.33959e-05 1.75192e-07 4.87726e-10 2.38108e-13 1.83659e-17 2.09314e-22 3.36666e-28 7.40006e-35
 2.00358e-41 2.78083e-33 4.66542e-26 9.46138e-20 2.31935e-14 6.87264e-10 2.46167e-06 0.00106582 0.0557808 0.352985 0.278868 0.122024 0.131514 0.0416531 0.0135133 0.0023671 0.0002191 7.62436e-06 7.72386e-08 1.73447e-10 6.88672e-14 4.22231e-18 3.72571e-23 4.54182e-29 7.44275e-36
 2.00031e-41 2.7763e-33 4.65783e-26 9.44597e-20 2.31557e-14 6.86146e-10 2.45766e-06 0.00106408 0.0556901 0.352444 0.280218 0.130065 0.129403 0.0381357 0.0110658 0.00176253 0.000145627 4.32334e-06 3.42662e-08 5.74699e-11 1.72266e-14 8.12358e-19 5.52894e-24 5.15429e-30 6.3823e-37
 2.04182e-41 2.83392e-33 4.75448e-26 9.64199e-20 2.36362e-14 7.00384e-10 2.50866e-06 0.00108616 0.0568458 0.359786 0.28703 0.131165 0.118917 0.0345658 0.00923957 0.00127148 8.91147e-05 2.20731e-06 1.40227e-08 1.78968e-11 3.93401e-15 1.34887e-19 6.73387e-25 4.65543e-31 4.30063e-38
 1.97956e-41 2.7475e-33 4.6095e-26 9.34797e-20 2.29154e-14 6.79026e-10 2.43216e-06 0.00105304 0.0551125 0.348887 0.281866 0.145686 0.123918 0.034089 0.00829517 0.00102956 5.97782e-05 1.17718e-06 5.85741e-09 5.73572e-12 9.42596e-16 2.35985e-20 8.4756e-26 4.19617e-32 2.78337e-39
 2.02603e-41 2.812e-33 4.71771e-26 9.56742e-20 2.34534e-14 6.94967e-10 2.48926e-06 0.00107776 0.0564064 0.357119 0.289391 0.143597 0.11201 0.0321462 0.00740266 0.00080842 3.94805e-05 6.13786e-07 2.31167e-09 1.69419e-12 2.07066e-16 3.8203e-21 1.00021e-26 3.57261e-33 1.69593e-40
 2.00124e-41 2.77759e-33 4.65998e-26 9.45034e-20 2.31664e-14 6.86463e-10 2.4588e-06 0.00106457 0.0557164 0.352846 0.289425 0.153491 0.110806 0.0296496 0.00632426 0.0006488 2.67474e-05 3.29221e-07 9.38908e-10 5.05907e-13 4.49789e-17 6.02633e-22 1.14491e-27 2.96097e-34 1.01417e-41
 1.93585e-41 2.68684e-33 4.50773e-26 9.14158e-20 2.24095e-14 6.64035e-10 2.37846e-06 0.00102979 0.0538966 0.341467 0.285183 0.166806 0.114047 0.0309559 0.00604431 0.000547852 1.95895e-05 1.95079e-07 4.23526e-10 1.68397e-13 1.08473e-17 1.04264e-22 1.41634e-28 2.61928e-35 6.42159e-43
 1.86228e-41 2.58472e-33 4.3364e-26 8.79413e-20 2.15578e-14 6.38797e-10 2.28807e-06 0.000990654 0.0518488 0.328691 0.280714 0.180729 0.117662 0.0327696 0.00608096 0.00049703 1.48532e-05 1.19697e-07 2.02144e-10 6.00648e-14 2.82085e-18 1.95123e-23 1.89321e-29 2.48975e-36 4.33153e-44
#spawning biomass
 6529.88 7801.52 9833.76 11258.5 17815.5 30045 27816.9 34852.6 48199.1 55950.6 68891.9 90479.6 122491 147564 135829 119081 115667 111058 103337 101360 103845 111042 115526 131273 140510 135719 144228 160645 208226 217353 122237 63123.5 35661 24412.4 20147.7 18613.2 18081.1 17901.5 17842 17822.7 17816.4 17814.4 17813.8 17813.6 17813.5 17813.5 17813.5 17813.5 17813.5 17813.5 17813.5 17813.5 17813.5 17813.5 17813.5 17813.5 17813.5 17813.5 17813.5 17813.5 17813.5 17813.5 17813.5 17813.5 17813.5 17813.5 17813.5 17813.5 17813.5 17813.5 17813.5 17813.5 17813.5 17813.5 17813.5 17813.5 17813.5 17813.5 17813.5 17813.5 17813.5 17813.5 17813.5 17813.5 17813.5 17813.5 17813.5 17813.5 17813.5 17813.5 17813.5 17813.5 17813.5 17813.5 17813.5 17813.5 17813.5 17813.5 17813.5 17813.5 17813.5 17813.5 17813.5 17813.5 17813.5 17813.5 17813.5 17813.5 17813.5 17813.5 17813.5 17813.5 17813.5 17813.5 17813.5 17813.5 17813.5 17813.5 17813.5 17813.5 17813.5 17813.5 17813.5 17813.5 17813.5 17813.5 17813.5 17813.5 0 0 0 0 0 0 0 0 0 0 0 0 0 0 0 0 0 0 0 0 0 0 0 0 0
