SBPRF35
0.178135
Curr Bio
143689
B35
195648
F35
0.671451
FOFL
0.521177
OFL
42425.6
Bzero
50895.7
#pred survey bio
 3296.42 4222.76 7107.68 12613.4 21844.8 29906.9 27188.4 29669.4 51435.7 74028.8 81720.6 100338 127775 174021 161703 136506 136623 133076 115620 112867 113319 122000 130661 143765 159059 161048 138835 142589 5.35343e+06 3.69616e+06 2.23834e+06 1.33121e+06 864613 641931 536548 484937 458218 443581 435194 430242 427268 425465 424363 423682 423275 423030 422883 422795 422742 422709 422690 422678 422671 422667 422664 422663 422662 422661 422661 422661 422660 422660 422660 422660 422660 422660 422660 422660 422660 422660 422660 422660 422660 422660 422660 422660 422660 422660 422660 422660 422660 422660 422660 422660 422660 422660 422660 422660 422660 422660 422660 422660 422660 422660 422660 422660 422660 422660 422660 422660 422660 422660 422660 422660 422660 422660 422660 422660 422660 422660 422660 422660 422660 422660 422660 422660 422660 422660 422660 422660 422660 422660 422660 422660 422660 422660 422660 422660 0 0 0 0 0 0 0 0 0 0 0 0 0 0 0 0 0 0 0 0 0 0 0 0 0
#obs survey bio
 2877.51 5133.39 6201.36 24713.3 20965 23346.7 20341.9 30998.3 58800.7 82756 81530.6 91646.7 145516 200671 142696 119645 104667 152188 126280 165324 129441 129768 151903 144328 203937 120075 149946 122921
#pred catch bio
 1308.46 1796.92 3180.32 6043.36 10109.7 16679.6 16571.6 16084.7 28922.6 46236.5 48130.8 63012.3 70594.3 115951 112296 89863.4 94765.9 99544.2 82427.8 79593.1 80588.6 91388.7 95984.7 104375 119289 131075 105958 102187 42425.6 66266.3 36552.5 19505.9 11626.6 8405.19 7186.96 6749.97 6598.96 6548.17 6531.43 6525.99 6524.25 6523.69 6523.51 6523.46 6523.44 6523.44 6523.44 6523.43 6523.43 6523.43 6523.43 6523.43 6523.43 6523.43 6523.43 6523.43 6523.43 6523.43 6523.43 6523.43 6523.43 6523.43 6523.43 6523.43 6523.43 6523.43 6523.43 6523.43 6523.43 6523.43 6523.43 6523.43 6523.43 6523.43 6523.43 6523.43 6523.43 6523.43 6523.43 6523.43 6523.43 6523.43 6523.43 6523.43 6523.43 6523.43 6523.43 6523.43 6523.43 6523.43 6523.43 6523.43 6523.43 6523.43 6523.43 6523.43 6523.43 6523.43 6523.43 6523.43 6523.43 6523.43 6523.43 6523.43 6523.43 6523.43 6523.43 6523.43 6523.43 6523.43 6523.43 6523.43 6523.43 6523.43 6523.43 6523.43 6523.43 6523.43 6523.43 6523.43 6523.43 6523.43 6523.43 6523.43 6523.43 6523.43 6523.43 6523.43 0 0 0 0 0 0 0 0 0 0 0 0 0 0 0 0 0 0 0 0 0 0 0 0 0
#obs catch bio
 2309.49 1790.75 3081.3 5655.24 9379.88 16448.5 18144.2 16171.6 27317 41942.8 45157 60155.8 63006.4 107759 114053 87933.2 96067.1 96745.7 76202.7 70386.7 70898.1 90464.8 87939.8 93680.2 105184 124879 102123 100936
#pred cpue bio
 2918.85 3512.77 5712.12 10140.3 17457.6 25909 23832.8 23515.8 40305.2 60897.2 67782.4 81861.3 102209 144268 136414 114122 112482 109274 94472.2 92028 92328.2 97192.7 103464 114675 126703 129390 110109 113477 4.33462e+06 3.66024e+06 2.20248e+06 1.29535e+06 828753 606071 500688 449077 422358 407721 399334 394382 391408 389605 388503 387822 387415 387171 387023 386935 386882 386849 386830 386818 386811 386807 386804 386803 386802 386801 386801 386801 386801 386800 386800 386800 386800 386800 386800 386800 386800 386800 386800 386800 386800 386800 386800 386800 386800 386800 386800 386800 386800 386800 386800 386800 386800 386800 386800 386800 386800 386800 386800 386800 386800 386800 386800 386800 386800 386800 386800 386800 386800 386800 386800 386800 386800 386800 386800 386800 386800 386800 386800 386800 386800 386800 386800 386800 386800 386800 386800 386800 386800 386800 386800 386800 386800 386800 386800 386800 0 0 0 0 0 0 0 0 0 0 0 0 0 0 0 0 0 0 0 0 0 0 0 0 0
#obs cpue bio
 1986.93 3536.96 6946.74 9032.48 21617.1 24705.3 23557.3 22707.4 53042.5 89229 74625.2 115273 151298 149430 123460 148496 131007 124117 122045 111291 129718 79684.2 143648 176899 167188 186846 114441 140290
#pred surv len freq
 1.39597e-11 1.51519e-09 9.69722e-08 3.65943e-06 8.1427e-05 0.00106836 0.00826611 0.0377312 0.101828 0.164272 0.166915 0.129756 0.106465 0.089256 0.0627167 0.0399431 0.0261816 0.0176382 0.0123383 0.00914906 0.00730939 0.00635393 0.00566284 0.00444433 0.00261938
 1.61533e-11 1.75329e-09 1.1221e-07 4.23447e-06 9.42221e-05 0.00123624 0.00956473 0.0436531 0.11773 0.189285 0.189305 0.139191 0.104134 0.0814715 0.0530301 0.0296102 0.0165416 0.00943315 0.00548842 0.00336331 0.00223737 0.00166508 0.00134428 0.00101689 0.000600641
 1.70649e-11 1.85223e-09 1.18542e-07 4.47342e-06 9.95391e-05 0.00130599 0.0101044 0.0461139 0.124338 0.199679 0.19861 0.143104 0.103074 0.0778719 0.0482098 0.0242964 0.0117455 0.00569779 0.00273326 0.00133995 0.000697221 0.000406797 0.000272692 0.000187178 0.00010687
 1.68649e-11 1.83052e-09 1.17153e-07 4.421e-06 9.83727e-05 0.00129069 0.00998604 0.0455755 0.122909 0.197564 0.197355 0.144435 0.106801 0.0815756 0.0498172 0.0239908 0.0107129 0.00465686 0.00191079 0.000761619 0.000305649 0.000130518 6.43591e-05 3.59809e-05 1.86929e-05
 1.70675e-11 1.85252e-09 1.18561e-07 4.47412e-06 9.95547e-05 0.0013062 0.010106 0.046122 0.124371 0.199818 0.199152 0.14455 0.105373 0.0798229 0.0486594 0.0234064 0.0103465 0.00434441 0.00165355 0.000579913 0.000191274 6.11861e-05 2.0613e-05 8.02346e-06 3.35556e-06
 1.32304e-11 1.43603e-09 9.19057e-08 3.46824e-06 7.71729e-05 0.00101256 0.00783486 0.0357746 0.0967098 0.157325 0.165997 0.144862 0.136711 0.117707 0.0740817 0.0357995 0.0158056 0.0066182 0.00249121 0.00084208 0.000254669 6.88284e-05 1.72349e-05 4.36609e-06 1.22173e-06
 1.28162e-11 1.39108e-09 8.90289e-08 3.35967e-06 7.47572e-05 0.000980864 0.0075896 0.0346543 0.0936764 0.152351 0.160576 0.139816 0.132309 0.116476 0.0786126 0.0439441 0.0227332 0.010341 0.00398411 0.00134619 0.000400236 0.000102626 2.25672e-05 4.34594e-06 7.87259e-07
 1.76208e-11 1.91257e-09 1.22404e-07 4.61915e-06 0.000102782 0.00134854 0.0104334 0.0476123 0.128336 0.205752 0.203015 0.141964 0.0968851 0.0713748 0.0452416 0.0244535 0.012789 0.00635778 0.00281627 0.00106911 0.000335878 8.68452e-05 1.85536e-05 3.25585e-06 4.71934e-07
 1.77258e-11 1.92396e-09 1.23133e-07 4.64667e-06 0.000103394 0.00135657 0.0104956 0.047898 0.129128 0.207201 0.205287 0.145724 0.101847 0.0744728 0.043589 0.0193743 0.00786819 0.00334911 0.00143896 0.000581545 0.000204942 5.9123e-05 1.3455e-05 2.38122e-06 3.26876e-07
 1.57091e-11 1.70507e-09 1.09124e-07 4.11802e-06 9.16311e-05 0.00120225 0.00930202 0.0424602 0.114597 0.184921 0.188112 0.146588 0.119443 0.0953504 0.0571758 0.0253823 0.0098559 0.00365381 0.00125515 0.000415976 0.000136365 4.10097e-05 1.02584e-05 1.98968e-06 2.87856e-07
 1.54152e-11 1.67317e-09 1.07083e-07 4.04098e-06 8.99169e-05 0.00117976 0.00912804 0.0416668 0.112466 0.181571 0.185118 0.145359 0.119935 0.0969909 0.0596714 0.0281278 0.01188 0.00462929 0.00155963 0.000460574 0.000123657 3.08763e-05 7.13775e-06 1.42062e-06 2.21185e-07
 1.62238e-11 1.76094e-09 1.127e-07 4.25294e-06 9.46334e-05 0.00124163 0.0096066 0.0438467 0.118287 0.190457 0.191782 0.1444 0.111942 0.0879829 0.0544515 0.0265599 0.0118684 0.0049344 0.00178944 0.000560972 0.000149851 3.3706e-05 6.52104e-06 1.10762e-06 1.61096e-07
 1.69452e-11 1.83923e-09 1.17711e-07 4.44204e-06 9.88409e-05 0.00129684 0.0100336 0.0457928 0.123499 0.198544 0.198482 0.145628 0.108009 0.0821492 0.0490986 0.0223896 0.00922606 0.00372177 0.00139099 0.000464331 0.000133088 3.14927e-05 6.02692e-06 9.27542e-07 1.15887e-07
 1.54213e-11 1.67383e-09 1.07125e-07 4.04257e-06 8.99523e-05 0.00118022 0.00913164 0.0416834 0.112513 0.181665 0.185295 0.145702 0.120399 0.097235 0.0593964 0.0275364 0.0114283 0.00447779 0.00157335 0.000500812 0.000144336 3.58793e-05 7.29634e-06 1.16472e-06 1.42424e-07
 1.45767e-11 1.58216e-09 1.01258e-07 3.82117e-06 8.5026e-05 0.00111559 0.00863176 0.039406 0.106426 0.172321 0.17804 0.145885 0.127469 0.105682 0.0649305 0.0300977 0.0125017 0.00492805 0.00173862 0.00054368 0.000149929 3.58259e-05 7.27389e-06 1.20322e-06 1.53917e-07
 1.50475e-11 1.63326e-09 1.04529e-07 3.94459e-06 8.77721e-05 0.00115162 0.0089104 0.0406753 0.109816 0.177502 0.181955 0.145426 0.122981 0.100597 0.0619655 0.0291459 0.0123565 0.00493298 0.00174879 0.000548772 0.00015122 3.55366e-05 6.97951e-06 1.12257e-06 1.43424e-07
 1.57752e-11 1.71224e-09 1.09583e-07 4.13533e-06 9.20164e-05 0.0012073 0.00934107 0.0426373 0.115059 0.185544 0.188164 0.145151 0.1167 0.0931589 0.0571667 0.0270389 0.0115983 0.0047021 0.00169825 0.000542076 0.000150891 3.55895e-05 6.96022e-06 1.10095e-06 1.37147e-07
 1.58036e-11 1.71533e-09 1.09781e-07 4.14279e-06 9.21824e-05 0.00120948 0.00935795 0.0427149 0.115276 0.185956 0.18887 0.146417 0.118407 0.0941883 0.0564954 0.0252118 0.00997078 0.00384462 0.00137635 0.000444377 0.000125914 3.021e-05 5.97654e-06 9.48707e-07 1.17501e-07
 1.59526e-11 1.7315e-09 1.10816e-07 4.18185e-06 9.30516e-05 0.00122088 0.00944617 0.0431173 0.116358 0.187668 0.190454 0.147224 0.118459 0.0936303 0.0553306 0.0237318 0.0087294 0.0030961 0.00102019 0.000307653 8.44849e-05 2.02817e-05 4.07035e-06 6.56279e-07 8.21502e-08
 1.60676e-11 1.74399e-09 1.11615e-07 4.21201e-06 9.37225e-05 0.00122968 0.00951424 0.0434272 0.117183 0.188909 0.191291 0.146784 0.116871 0.0920943 0.0548218 0.0240328 0.00910733 0.00323992 0.00102123 0.000283979 7.12572e-05 1.58922e-05 3.06227e-06 4.89435e-07 6.17969e-08
 1.61031e-11 1.74784e-09 1.11861e-07 4.22131e-06 9.39294e-05 0.0012324 0.00953523 0.0435228 0.117439 0.189299 0.191587 0.146751 0.116531 0.0916921 0.0545572 0.0239255 0.00910387 0.00328149 0.00105636 0.000296797 7.2457e-05 1.50816e-05 2.66436e-06 3.9555e-07 4.78138e-08
 1.70178e-11 1.84712e-09 1.18215e-07 4.46107e-06 9.92644e-05 0.00130239 0.0100766 0.0459892 0.124031 0.199419 0.199446 0.146554 0.108869 0.0825188 0.0485124 0.0211108 0.00795793 0.00285036 0.000918139 0.000260303 6.44916e-05 1.35032e-05 2.32937e-06 3.25769e-07 3.64435e-08
 1.71765e-11 1.86434e-09 1.19317e-07 4.50267e-06 0.00010019 0.00131454 0.0101705 0.0464178 0.125184 0.201247 0.201154 0.147469 0.108991 0.0819033 0.0470918 0.0193142 0.00657218 0.00215589 0.000666287 0.000186009 4.59405e-05 9.67422e-06 1.68441e-06 2.35563e-07 2.57223e-08
 1.68917e-11 1.83343e-09 1.17339e-07 4.42803e-06 9.85291e-05 0.00129275 0.010002 0.0456499 0.123132 0.198098 0.198713 0.147548 0.111412 0.0848158 0.0490442 0.0202351 0.00690088 0.00220816 0.000637024 0.000162088 3.72726e-05 7.58519e-06 1.30759e-06 1.83188e-07 2.00843e-08
 1.69642e-11 1.8413e-09 1.17843e-07 4.44704e-06 9.89521e-05 0.0012983 0.0100449 0.0458453 0.123652 0.198879 0.199236 0.147258 0.110386 0.0838087 0.0486774 0.0203965 0.00715743 0.00235221 0.000686132 0.000172245 3.76503e-05 7.07555e-06 1.13048e-06 1.51074e-07 1.62488e-08
 1.66007e-11 1.80185e-09 1.15318e-07 4.35175e-06 9.68319e-05 0.00127048 0.00982978 0.0448654 0.121036 0.194887 0.196254 0.147723 0.114018 0.0878375 0.0508994 0.020956 0.00713036 0.00229669 0.000674578 0.000173221 3.85035e-05 7.184e-06 1.1019e-06 1.37603e-07 1.37921e-08
 1.70755e-11 1.85338e-09 1.18616e-07 4.47621e-06 9.96013e-05 0.00130681 0.0101108 0.0461459 0.124461 0.200169 0.200469 0.147994 0.110612 0.0834602 0.0476175 0.0189824 0.00606811 0.00182672 0.000511517 0.000127407 2.8062e-05 5.29039e-06 8.21786e-07 1.02097e-07 9.89731e-09
 1.69619e-11 1.84106e-09 1.17827e-07 4.44644e-06 9.89388e-05 0.00129812 0.0100436 0.0458395 0.12364 0.198892 0.199395 0.147751 0.111159 0.0843475 0.0485205 0.0197435 0.00654228 0.00201237 0.000550877 0.000129516 2.68288e-05 4.84863e-06 7.3913e-07 9.18179e-08 8.94749e-09
#obs surv len freq
 1.28935e-11 1.39946e-09 8.95656e-08 3.37993e-06 7.5208e-05 0.000986781 0.00763542 0.0348638 0.0942326 0.15309 0.160213 0.13589 0.124772 0.111666 0.0816526 0.0504928 0.0270486 0.011852 0.00411832 0.00112776 0.000237673 3.72343e-05 4.19592e-06 3.2991e-07 1.7603e-08
 1.83906e-11 1.99612e-09 1.27752e-07 4.82096e-06 0.000107272 0.00140745 0.0108892 0.0496909 0.133907 0.214355 0.209616 0.140783 0.0879353 0.0622255 0.0422873 0.0254211 0.0132588 0.00562582 0.00187984 0.000491151 9.80607e-05 1.44636e-05 1.52592e-06 1.11757e-07 5.52974e-09
 1.56154e-11 1.6949e-09 1.08474e-07 4.09346e-06 9.1085e-05 0.0011951 0.00924716 0.0422185 0.114036 0.18455 0.189319 0.149281 0.120424 0.0935358 0.0556822 0.0253223 0.0100205 0.00361727 0.0011177 0.000276867 5.2374e-05 7.27273e-06 7.17846e-07 4.8941e-08 2.24552e-09
 1.80642e-11 1.9607e-09 1.25485e-07 4.7354e-06 0.000105369 0.00138249 0.0106964 0.0488184 0.131641 0.211308 0.208917 0.145275 0.0956394 0.0676708 0.0426477 0.0222495 0.00953556 0.00315237 0.000779407 0.000150174 2.34305e-05 2.87586e-06 2.6019e-07 1.64291e-08 6.98186e-10
 1.66019e-11 1.80198e-09 1.15327e-07 4.35207e-06 9.68395e-05 0.0012706 0.0098314 0.0448849 0.121209 0.195817 0.198835 0.150495 0.112569 0.0827482 0.0483352 0.0219348 0.00840561 0.00271826 0.000692178 0.000132165 1.84602e-05 1.86824e-06 1.37157e-07 7.25705e-09 2.6941e-10
 7.22977e-12 7.84723e-10 5.02223e-08 1.89525e-06 4.21736e-05 0.000553444 0.00428578 0.0196387 0.0539195 0.0935192 0.121987 0.155865 0.188045 0.170098 0.108965 0.0534507 0.0212322 0.00657389 0.00152098 0.000264097 3.45851e-05 3.32424e-06 2.25408e-07 1.04782e-08 3.28876e-10
 1.59791e-11 1.73438e-09 1.11e-07 4.1888e-06 9.32063e-05 0.00122292 0.00946213 0.0431906 0.116515 0.187283 0.185914 0.131102 0.0921126 0.0794086 0.0689417 0.0487346 0.0248021 0.00868204 0.00211383 0.000367136 4.5799e-05 4.05603e-06 2.51094e-07 1.0694e-08 3.07307e-10
 1.79884e-11 1.95247e-09 1.24958e-07 4.71554e-06 0.000104927 0.00137672 0.0106526 0.0486325 0.131284 0.211569 0.211784 0.151105 0.0999467 0.0660314 0.0370637 0.0177755 0.00811243 0.00329505 0.00101363 0.000214427 3.01125e-05 2.78795e-06 1.70521e-07 6.89341e-09 1.8335e-10
 1.59483e-11 1.73104e-09 1.10786e-07 4.18074e-06 9.30281e-05 0.00122064 0.00944611 0.0431494 0.116763 0.19003 0.197452 0.156645 0.120519 0.086222 0.0480531 0.0205546 0.00716963 0.00207175 0.000494479 9.64757e-05 1.43825e-05 1.49433e-06 1.01684e-07 4.40264e-09 1.19991e-10
 1.46696e-11 1.59225e-09 1.01904e-07 3.84556e-06 8.55703e-05 0.00112281 0.00868998 0.0397119 0.107637 0.17627 0.187099 0.156352 0.128284 0.0966831 0.0576873 0.0269936 0.00995885 0.0027659 0.000560638 8.42464e-05 9.64356e-06 8.37957e-07 5.29736e-08 2.29765e-09 6.50062e-11
 1.4233e-11 1.54486e-09 9.88711e-08 3.73111e-06 8.3024e-05 0.00108942 0.00843219 0.0385442 0.104571 0.171794 0.184008 0.156388 0.130153 0.0992199 0.0606849 0.0295484 0.0113815 0.00329516 0.000689612 0.000102788 1.07958e-05 7.90932e-07 4.02517e-08 1.41905e-09 3.42474e-11
 1.67476e-11 1.81779e-09 1.16339e-07 4.39028e-06 9.7691e-05 0.00128184 0.00992005 0.0453167 0.122608 0.19912 0.204172 0.154063 0.109125 0.0757696 0.0450822 0.021887 0.00846066 0.00247448 0.000527624 8.03735e-05 8.55411e-06 6.20464e-07 3.00632e-08 9.60172e-10 2.00426e-11
 1.52885e-11 1.65943e-09 1.06203e-07 4.00782e-06 8.9182e-05 0.00117025 0.00905851 0.0414159 0.112413 0.184722 0.196897 0.162633 0.126448 0.0877671 0.0476849 0.0202961 0.00701493 0.00192223 0.000397511 5.97293e-05 6.31431e-06 4.55724e-07 2.1901e-08 6.87265e-10 1.38667e-11
 1.29021e-11 1.4004e-09 8.9626e-08 3.38226e-06 7.52638e-05 0.000987711 0.00764822 0.0350141 0.0955008 0.159667 0.179532 0.165814 0.144916 0.108264 0.0623886 0.0277546 0.00950387 0.00241732 0.000447266 6.01909e-05 5.84038e-06 3.97412e-07 1.83316e-08 5.56924e-10 1.09046e-11
 1.22004e-11 1.32424e-09 8.47515e-08 3.19832e-06 7.11717e-05 0.000934051 0.00723381 0.0331333 0.0905111 0.152009 0.172815 0.162621 0.145719 0.113779 0.0705897 0.0341393 0.0124589 0.00328357 0.000610862 7.95567e-05 7.18318e-06 4.43644e-07 1.84829e-08 5.11823e-10 9.26498e-12
 1.3627e-11 1.47908e-09 9.46616e-08 3.5723e-06 7.94933e-05 0.00104323 0.00807831 0.0369799 0.100769 0.167566 0.1842 0.160875 0.133071 0.0999329 0.0617475 0.0303586 0.0114387 0.0031517 0.000614707 8.29194e-05 7.57075e-06 4.59274e-07 1.82587e-08 4.70777e-10 7.80211e-12
 1.35881e-11 1.47486e-09 9.43916e-08 3.56213e-06 7.92687e-05 0.00104036 0.00805782 0.0369126 0.100812 0.16874 0.188368 0.167642 0.137515 0.0980086 0.0557638 0.0251928 0.00893932 0.00239154 0.000463514 6.29924e-05 5.82367e-06 3.56686e-07 1.41777e-08 3.60177e-10 5.78172e-12
 1.3983e-11 1.51773e-09 9.71353e-08 3.66568e-06 8.15738e-05 0.00107063 0.00829281 0.037993 0.103764 0.173483 0.192391 0.167964 0.134324 0.0942483 0.0530019 0.0232624 0.00779313 0.0019312 0.000346576 4.42416e-05 3.91466e-06 2.32965e-07 9.07636e-09 2.26672e-10 3.57172e-12
 1.41716e-11 1.5382e-09 9.84454e-08 3.71514e-06 8.26759e-05 0.00108516 0.00840657 0.0385302 0.105342 0.176505 0.196207 0.170542 0.133699 0.0909149 0.0492887 0.0208069 0.00669768 0.0015863 0.000268709 3.19192e-05 2.60727e-06 1.43412e-07 5.20448e-09 1.22281e-10 1.82899e-12
 1.41663e-11 1.53762e-09 9.8409e-08 3.7138e-06 8.26479e-05 0.00108487 0.00840601 0.0385492 0.105548 0.177444 0.19835 0.172857 0.134255 0.0894978 0.0472247 0.0192219 0.00590974 0.00132818 0.000212522 2.37329e-05 1.81138e-06 9.24545e-08 3.09514e-09 6.68753e-11 9.20097e-13
 1.43474e-11 1.55729e-09 9.96676e-08 3.76133e-06 8.37075e-05 0.00109884 0.00851565 0.0390673 0.107056 0.180204 0.201367 0.174072 0.13274 0.0866706 0.0447853 0.0177499 0.00526433 0.00113083 0.000171493 1.80164e-05 1.28605e-06 6.11227e-08 1.89849e-09 3.793e-11 4.81025e-13
 1.47843e-11 1.60471e-09 1.02703e-07 3.87591e-06 8.62591e-05 0.00113239 0.00877668 0.0402739 0.11039 0.185696 0.206352 0.175069 0.129216 0.0814302 0.0406183 0.0154965 0.00440891 0.000905421 0.000130633 1.29734e-05 8.69696e-07 3.85968e-08 1.11436e-09 2.06245e-11 2.41683e-13
 1.45273e-11 1.57682e-09 1.00918e-07 3.80863e-06 8.47659e-05 0.00111294 0.0086292 0.039638 0.10894 0.184439 0.20751 0.178482 0.131674 0.0812838 0.039161 0.0142997 0.00387373 0.000755318 0.000103193 9.67277e-06 6.09801e-07 2.53553e-08 6.83296e-10 1.17621e-11 1.27791e-13
 1.44899e-11 1.57275e-09 1.00659e-07 3.7989e-06 8.4553e-05 0.00111028 0.00861108 0.0395833 0.108967 0.185063 0.209053 0.179869 0.131649 0.0802256 0.0380063 0.0135147 0.00351695 0.000650918 8.37198e-05 7.35087e-06 4.3288e-07 1.67839e-08 4.21168e-10 6.74077e-12 6.79856e-14
 1.44359e-11 1.5669e-09 1.00285e-07 3.78487e-06 8.42457e-05 0.0011064 0.00858429 0.0394964 0.108954 0.185802 0.211085 0.18191 0.131775 0.0786526 0.0362838 0.0124989 0.00313371 0.000555427 6.79079e-05 5.621e-06 3.09703e-07 1.11724e-08 2.59936e-10 3.8498e-12 3.58951e-14
 1.32094e-11 1.43379e-09 9.17677e-08 3.46361e-06 7.71066e-05 0.00101307 0.00786898 0.0363144 0.100963 0.175469 0.207157 0.188281 0.141819 0.0853813 0.0388669 0.0130335 0.00315071 0.000534734 6.22575e-05 4.88162e-06 2.53439e-07 8.57018e-09 1.85997e-10 2.55874e-12 2.20846e-14
 1.33366e-11 1.4476e-09 9.26523e-08 3.49708e-06 7.78559e-05 0.00102303 0.00794814 0.0366923 0.102033 0.177114 0.20792 0.186917 0.139809 0.0846573 0.0389923 0.0131133 0.00312374 0.000513724 5.7246e-05 4.25948e-06 2.08579e-07 6.62276e-09 1.34479e-10 1.7256e-12 1.38538e-14
 1.3464e-11 1.46143e-09 9.35393e-08 3.5307e-06 7.8612e-05 0.0010332 0.0080312 0.0371152 0.103415 0.180009 0.211468 0.188454 0.137846 0.0810507 0.0362859 0.0119202 0.00278684 0.000450052 4.89833e-05 3.5254e-06 1.65166e-07 4.96944e-09 9.49191e-11 1.13974e-12 8.53132e-15
#pred catch len freq
 1.19453e-11 1.29655e-09 8.29788e-08 3.13137e-06 6.9677e-05 0.000914206 0.00707374 0.0322971 0.0872788 0.141741 0.148446 0.126949 0.118122 0.104953 0.0747824 0.0477409 0.0313012 0.0210875 0.0147512 0.0109383 0.00873884 0.00759653 0.00677029 0.00531348 0.00313164
 1.44276e-11 1.56598e-09 1.00222e-07 3.78208e-06 8.41561e-05 0.00110417 0.00854328 0.0389986 0.105279 0.170085 0.173968 0.138144 0.116326 0.0969006 0.0641015 0.0358985 0.0200621 0.0114411 0.00665672 0.00407924 0.00271363 0.00201952 0.00163043 0.00123335 0.000728498
 1.5541e-11 1.68683e-09 1.07957e-07 4.07395e-06 9.06506e-05 0.00118938 0.00920242 0.0420044 0.11335 0.182779 0.185323 0.142891 0.114979 0.0924596 0.0582036 0.0294271 0.0142323 0.00690442 0.0033121 0.00162372 0.000844874 0.000492945 0.000330441 0.000226818 0.000129502
 1.54433e-11 1.67623e-09 1.07278e-07 4.04835e-06 9.00809e-05 0.00118191 0.00914465 0.041742 0.112661 0.181818 0.185053 0.144497 0.118323 0.095528 0.059197 0.028589 0.0127716 0.00555197 0.00227808 0.000908016 0.0003644 0.000155605 7.67301e-05 4.28971e-05 2.2286e-05
 1.56076e-11 1.69406e-09 1.0842e-07 4.09142e-06 9.10393e-05 0.00119448 0.00924191 0.0421852 0.113847 0.183649 0.186527 0.144639 0.117249 0.0941995 0.0583285 0.0281431 0.0124459 0.00522614 0.00198916 0.000697613 0.000230095 7.36046e-05 2.47967e-05 9.65191e-06 4.03661e-06
 1.18994e-11 1.29157e-09 8.26604e-08 3.11935e-06 6.94098e-05 0.000910711 0.00704713 0.0321856 0.0871153 0.142585 0.154491 0.144953 0.147553 0.130826 0.0828976 0.0401109 0.0177125 0.0074168 0.00279182 0.000943694 0.0002854 7.71339e-05 1.93146e-05 4.89294e-06 1.36915e-06
 1.17189e-11 1.27198e-09 8.14064e-08 3.07203e-06 6.83567e-05 0.000896893 0.00694012 0.031695 0.0857614 0.140161 0.150913 0.139404 0.140502 0.126783 0.0860525 0.0481511 0.0249128 0.0113326 0.00436614 0.00147527 0.000438614 0.000112467 2.47311e-05 4.76267e-06 8.62748e-07
 1.65302e-11 1.79419e-09 1.14828e-07 4.33325e-06 9.64202e-05 0.00126507 0.00978784 0.0446709 0.120469 0.19364 0.193432 0.141611 0.105102 0.0816226 0.0525058 0.028459 0.0148893 0.0074021 0.00327887 0.00124473 0.00039105 0.000101111 2.16013e-05 3.79066e-06 5.49455e-07
 1.67336e-11 1.81627e-09 1.16241e-07 4.38657e-06 9.76066e-05 0.00128064 0.00990835 0.0452224 0.121977 0.196226 0.196773 0.145969 0.110197 0.0844161 0.0500529 0.0223057 0.00906247 0.00385763 0.00165745 0.000669847 0.000236061 6.81003e-05 1.5498e-05 2.74279e-06 3.76509e-07
 1.48168e-11 1.60823e-09 1.02926e-07 3.88412e-06 8.64266e-05 0.00113397 0.00877391 0.0400542 0.108166 0.175055 0.18047 0.146846 0.127017 0.104362 0.0630353 0.0280236 0.010884 0.00403506 0.00138612 0.000459381 0.000150595 4.52889e-05 1.13288e-05 2.1973e-06 3.17893e-07
 1.43355e-11 1.55598e-09 9.95828e-08 3.75795e-06 8.36192e-05 0.00109713 0.008489 0.0387553 0.104684 0.169619 0.175812 0.145511 0.128855 0.107733 0.0668308 0.0315528 0.0133298 0.00519437 0.00175001 0.000516796 0.000138752 3.46453e-05 8.00906e-06 1.59403e-06 2.48185e-07
 1.53779e-11 1.66913e-09 1.06824e-07 4.0312e-06 8.96994e-05 0.0011769 0.00910594 0.0415656 0.112189 0.181087 0.184459 0.14443 0.118792 0.0962973 0.0600754 0.0293482 0.0131173 0.00545377 0.00197779 0.000620019 0.000165624 3.72538e-05 7.20743e-06 1.22421e-06 1.78052e-07
 1.58311e-11 1.71831e-09 1.09972e-07 4.15e-06 9.23427e-05 0.00121158 0.0093742 0.0427887 0.115469 0.186218 0.188907 0.145859 0.117321 0.0932909 0.0564207 0.0257888 0.0106307 0.00428855 0.00160283 0.000535045 0.000153356 3.62888e-05 6.94477e-06 1.0688e-06 1.33536e-07
 1.47154e-11 1.59722e-09 1.02222e-07 3.85753e-06 8.58351e-05 0.00112621 0.00871386 0.03978 0.107426 0.173853 0.179222 0.145829 0.126271 0.104282 0.0640582 0.0297299 0.0123408 0.00483538 0.001699 0.000540807 0.000155862 3.87447e-05 7.87903e-06 1.25773e-06 1.53798e-07
 1.39834e-11 1.51776e-09 9.71364e-08 3.66563e-06 8.1565e-05 0.00107018 0.00828058 0.037806 0.102149 0.165755 0.172935 0.145994 0.132409 0.111607 0.0688466 0.0319377 0.0132676 0.00523003 0.00184516 0.000576997 0.000159116 3.80212e-05 7.71963e-06 1.27696e-06 1.63349e-07
 1.42833e-11 1.55031e-09 9.92196e-08 3.74424e-06 8.33142e-05 0.00109313 0.00845806 0.0386144 0.104307 0.169042 0.175368 0.145535 0.129296 0.108196 0.0670213 0.031558 0.0133813 0.00534221 0.00189387 0.000594298 0.000163765 3.84847e-05 7.55854e-06 1.2157e-06 1.55322e-07
 1.52226e-11 1.65227e-09 1.05745e-07 3.99048e-06 8.87934e-05 0.00116502 0.00901403 0.0411473 0.111076 0.179426 0.183398 0.145218 0.121248 0.09864 0.060823 0.0287952 0.0123535 0.00500831 0.00180884 0.000577378 0.000160718 3.79073e-05 7.4135e-06 1.17265e-06 1.46079e-07
 1.55347e-11 1.68614e-09 1.07913e-07 4.07229e-06 9.06136e-05 0.0011889 0.00919877 0.0419897 0.113338 0.182981 0.186565 0.14649 0.120683 0.0968979 0.0582597 0.0260115 0.0102878 0.00396691 0.00142013 0.000458513 0.00012992 3.1171e-05 6.16665e-06 9.78885e-07 1.21239e-07
 1.55071e-11 1.68315e-09 1.07721e-07 4.06506e-06 9.04528e-05 0.00118679 0.00918248 0.041916 0.113148 0.182744 0.186652 0.147391 0.122298 0.0981693 0.0582432 0.0250008 0.00919741 0.00326214 0.00107491 0.000324153 8.90161e-05 2.13695e-05 4.28865e-06 6.91477e-07 8.65562e-08
 1.55874e-11 1.69187e-09 1.08279e-07 4.08613e-06 9.09215e-05 0.00119294 0.00923002 0.0421323 0.113723 0.1836 0.187185 0.146941 0.120975 0.0969652 0.0579753 0.0254374 0.00964099 0.00342983 0.00108109 0.000300625 7.54341e-05 1.68238e-05 3.24178e-06 5.18124e-07 6.54193e-08
 1.56541e-11 1.69911e-09 1.08743e-07 4.10361e-06 9.13105e-05 0.00119804 0.00926949 0.0423121 0.114203 0.184336 0.187747 0.146896 0.120366 0.0962442 0.0575041 0.0252386 0.00960483 0.00346211 0.00111451 0.000313134 7.64456e-05 1.59118e-05 2.81103e-06 4.17324e-07 5.04458e-08
 1.67842e-11 1.82177e-09 1.16593e-07 4.39985e-06 9.79021e-05 0.00128452 0.00993835 0.0453594 0.122348 0.196837 0.197449 0.146633 0.110869 0.0848899 0.050044 0.0217894 0.00821448 0.00294229 0.000947751 0.000268698 6.65716e-05 1.39387e-05 2.4045e-06 3.36276e-07 3.76189e-08
 1.68807e-11 1.83224e-09 1.17263e-07 4.42515e-06 9.84652e-05 0.00129191 0.00999551 0.0456204 0.123053 0.197981 0.198641 0.147609 0.111585 0.084947 0.049015 0.0201176 0.00684642 0.00224589 0.000694104 0.000193775 4.78584e-05 1.00781e-05 1.75473e-06 2.45397e-07 2.67962e-08
 1.65459e-11 1.7959e-09 1.14937e-07 4.33738e-06 9.65122e-05 0.00126628 0.00979734 0.0447176 0.12064 0.194279 0.195773 0.147709 0.114441 0.0883741 0.0512978 0.0211814 0.0072246 0.00231179 0.000666921 0.000169696 3.90218e-05 7.94117e-06 1.36896e-06 1.91785e-07 2.10269e-08
 1.67339e-11 1.81631e-09 1.16243e-07 4.38666e-06 9.76087e-05 0.00128067 0.0099086 0.0452243 0.121992 0.196335 0.197276 0.147357 0.112391 0.0861705 0.0501818 0.0210382 0.00738329 0.00242646 0.000707794 0.000177683 3.88389e-05 7.29893e-06 1.16617e-06 1.55843e-07 1.67618e-08
 1.6683e-11 1.81078e-09 1.1589e-07 4.37332e-06 9.73119e-05 0.00127678 0.00987849 0.0450873 0.121629 0.195796 0.196953 0.147685 0.113297 0.0869903 0.0503635 0.0207316 0.00705381 0.00227203 0.000667335 0.000171361 3.80901e-05 7.10688e-06 1.09007e-06 1.36125e-07 1.3644e-08
 1.69108e-11 1.8355e-09 1.17472e-07 4.43303e-06 9.86404e-05 0.00129421 0.0100133 0.0457018 0.123274 0.19835 0.199073 0.148083 0.112073 0.0851676 0.0486859 0.019416 0.00620719 0.00186861 0.000523248 0.000130329 2.87056e-05 5.41172e-06 8.40632e-07 1.04439e-07 1.01243e-08
 1.65753e-11 1.79909e-09 1.15141e-07 4.34508e-06 9.66835e-05 0.00126853 0.00981473 0.0447969 0.120854 0.194622 0.196113 0.147943 0.114565 0.0883398 0.051037 0.0207858 0.00688873 0.00211899 0.000580063 0.000136378 2.82502e-05 5.10552e-06 7.78291e-07 9.66826e-08 9.42155e-09
#obs catch len freq
 1.08806e-11 1.18098e-09 7.55829e-08 2.85227e-06 6.3467e-05 0.000832744 0.00644401 0.0294345 0.0797033 0.13063 0.14194 0.133466 0.13714 0.128911 0.096228 0.0605601 0.0329754 0.014675 0.00518438 0.00144408 0.000309524 4.93366e-05 5.6608e-06 4.53383e-07 2.46402e-08
 1.12205e-11 1.21788e-09 7.79439e-08 2.94137e-06 6.54496e-05 0.00085876 0.00664541 0.0303557 0.0822057 0.134731 0.146102 0.135894 0.136922 0.126515 0.0929939 0.0573531 0.0303796 0.0130743 0.00443932 0.00118055 0.000239979 3.6025e-05 3.86573e-06 2.87783e-07 1.44668e-08
 1.72225e-11 1.86934e-09 1.19637e-07 4.51475e-06 0.000100459 0.00131807 0.0101979 0.0465434 0.125511 0.201543 0.19979 0.140854 0.0965302 0.0726703 0.0501555 0.0300861 0.0154949 0.00644743 0.00210189 0.000532482 0.000102391 1.4451e-05 1.44994e-06 1.00436e-07 4.67797e-09
 1.43959e-11 1.56254e-09 1.00002e-07 3.77378e-06 8.3972e-05 0.00110179 0.00852572 0.0389365 0.105313 0.17145 0.180066 0.151391 0.131427 0.104725 0.0622944 0.0281809 0.0110531 0.0039228 0.00118217 0.000283535 5.15771e-05 6.84361e-06 6.41636e-07 4.13313e-08 1.78354e-09
 1.716e-11 1.86256e-09 1.19204e-07 4.49838e-06 0.000100095 0.00131331 0.0101615 0.0463849 0.125172 0.201567 0.201901 0.14641 0.103269 0.0759114 0.0480722 0.0248798 0.0104785 0.00338299 0.00081463 0.000152284 2.28823e-05 2.68264e-06 2.30271e-07 1.37221e-08 5.47962e-10
 1.57187e-11 1.70611e-09 1.09191e-07 4.12054e-06 9.16878e-05 0.00120302 0.00930904 0.0425105 0.114918 0.186469 0.192531 0.152555 0.120715 0.0905607 0.0527538 0.0237356 0.00896278 0.00283216 0.000699991 0.000129014 1.73067e-05 1.67383e-06 1.16751e-07 5.83145e-09 2.03236e-10
 6.55527e-12 7.11514e-10 4.55369e-08 1.71844e-06 3.82398e-05 0.000501854 0.00388735 0.0178335 0.0491933 0.0868025 0.118386 0.159113 0.194928 0.175286 0.111181 0.0538557 0.0209759 0.0063261 0.00141993 0.000238042 2.99042e-05 2.74034e-06 1.76268e-07 7.73878e-09 2.28401e-10
 1.53143e-11 1.66222e-09 1.06382e-07 4.01454e-06 8.93289e-05 0.00117206 0.00906894 0.0414022 0.111761 0.180096 0.180507 0.13117 0.0969061 0.0858104 0.074172 0.051364 0.0254268 0.00863284 0.00203284 0.000339949 4.06146e-05 3.4272e-06 2.01158e-07 8.08411e-09 2.18294e-10
 1.75218e-11 1.90183e-09 1.21717e-07 4.59323e-06 0.000102206 0.00134103 0.0103769 0.0473822 0.127998 0.206817 0.208943 0.152767 0.104298 0.0696513 0.038941 0.0185542 0.00833839 0.00328762 0.000972514 0.000196847 2.63608e-05 2.31968e-06 1.3435e-07 5.12279e-09 1.28033e-10
 1.55032e-11 1.68273e-09 1.07695e-07 4.06408e-06 9.04325e-05 0.0011866 0.00918337 0.0419607 0.113664 0.185678 0.195239 0.158912 0.12499 0.0894051 0.0492732 0.0207603 0.00709368 0.00199722 0.000461991 8.65835e-05 1.22837e-05 1.20744e-06 7.74795e-08 3.15603e-09 8.07405e-11
 1.42982e-11 1.55194e-09 9.93241e-08 3.74821e-06 8.34045e-05 0.00109442 0.00847097 0.0387236 0.105081 0.172782 0.185602 0.158644 0.132143 0.0992039 0.058461 0.0268628 0.00965638 0.00259792 0.000508308 7.34223e-05 8.02766e-06 6.61249e-07 3.93631e-08 1.60044e-09 4.23374e-11
 1.39377e-11 1.51281e-09 9.68198e-08 3.65371e-06 8.13022e-05 0.00106686 0.00825832 0.0377624 0.102572 0.169174 0.183195 0.158657 0.13338 0.10105 0.0609888 0.0291267 0.0109158 0.00305577 0.000615398 8.78311e-05 8.7894e-06 6.1067e-07 2.93267e-08 9.70423e-10 2.1874e-11
 1.65528e-11 1.79665e-09 1.14986e-07 4.33923e-06 9.65555e-05 0.00126696 0.00980554 0.0448034 0.121309 0.197477 0.203834 0.155777 0.111311 0.0768643 0.0451095 0.0214585 0.00806333 0.00227803 0.00046673 6.79377e-05 6.87297e-06 4.71763e-07 2.1548e-08 6.46439e-10 1.26305e-11
 1.51399e-11 1.6433e-09 1.05171e-07 3.96887e-06 8.83159e-05 0.00115892 0.00897166 0.041032 0.111486 0.183764 0.197356 0.164735 0.128181 0.0879038 0.0469819 0.0195997 0.00659198 0.00174471 0.00034633 4.96552e-05 4.98147e-06 3.39609e-07 1.53573e-08 4.52001e-10 8.53035e-12
 1.27999e-11 1.38931e-09 8.8916e-08 3.35548e-06 7.46689e-05 0.000979946 0.0075892 0.0347603 0.0949455 0.159377 0.180734 0.168295 0.146458 0.107849 0.0610257 0.0265114 0.00880131 0.00215859 0.00038338 4.92468e-05 4.53257e-06 2.90955e-07 1.26074e-08 3.58626e-10 6.55768e-12
 1.21529e-11 1.31908e-09 8.44217e-08 3.18589e-06 7.08962e-05 0.000930481 0.00720732 0.0330284 0.0903567 0.152334 0.174479 0.165133 0.14707 0.113152 0.0688573 0.0324393 0.0114485 0.00290244 0.000516987 6.41409e-05 5.48913e-06 3.19826e-07 1.25154e-08 3.2426e-10 5.47425e-12
 1.3644e-11 1.48093e-09 9.47798e-08 3.57677e-06 7.95939e-05 0.0010446 0.00808993 0.0370475 0.101063 0.16851 0.186144 0.163012 0.133779 0.0988867 0.0598899 0.0286662 0.0104362 0.00276148 0.000514412 6.59304e-05 5.69342e-06 3.25393e-07 1.21444e-08 2.93009e-10 4.53058e-12
 1.36376e-11 1.48024e-09 9.47361e-08 3.57515e-06 7.95597e-05 0.00104423 0.00808906 0.0370721 0.101367 0.17013 0.190702 0.169707 0.137611 0.0963 0.0536637 0.0236133 0.00809835 0.00207967 0.000384513 4.95633e-05 4.32477e-06 2.49024e-07 9.27623e-09 2.20261e-10 3.29723e-12
 1.40715e-11 1.52734e-09 9.77504e-08 3.68892e-06 8.20922e-05 0.0010775 0.00834724 0.0382585 0.104601 0.175286 0.194967 0.169881 0.134057 0.0921999 0.0506671 0.0216055 0.00698447 0.00166051 0.000284244 3.43976e-05 2.86927e-06 1.60262e-07 5.84044e-09 1.36082e-10 1.9965e-12
 1.42922e-11 1.55129e-09 9.92836e-08 3.7468e-06 8.33821e-05 0.00109449 0.00848027 0.0388848 0.106422 0.17868 0.19902 0.172294 0.132986 0.088494 0.0468264 0.019185 0.00595117 0.00135002 0.000217819 2.4508e-05 1.88637e-06 9.73311e-08 3.30092e-09 7.2261e-11 1.00474e-12
 1.43143e-11 1.55369e-09 9.94377e-08 3.75266e-06 8.35146e-05 0.00109632 0.00849625 0.0389808 0.10684 0.179949 0.201386 0.174494 0.133186 0.0867532 0.0446137 0.0175997 0.0052082 0.00111991 0.000170495 1.80148e-05 1.29441e-06 6.19359e-08 1.93694e-09 3.898e-11 4.98303e-13
 1.45231e-11 1.57635e-09 1.00888e-07 3.80742e-06 8.47356e-05 0.00111242 0.00862247 0.0395754 0.108554 0.183012 0.204566 0.175551 0.131341 0.0836708 0.0420735 0.0161374 0.00460055 0.000944364 0.000136111 1.35169e-05 9.07619e-07 4.04111e-08 1.17188e-09 2.17982e-11 2.56787e-13
 1.49773e-11 1.62566e-09 1.04044e-07 3.92656e-06 8.73889e-05 0.00114731 0.00889401 0.0408306 0.112017 0.188676 0.209581 0.176321 0.127518 0.0782908 0.037951 0.0139953 0.00382308 0.000749354 0.000102632 9.62523e-06 6.0647e-07 2.51982e-08 6.78896e-10 1.16936e-11 1.27244e-13
 1.47426e-11 1.60019e-09 1.02415e-07 3.86515e-06 8.6027e-05 0.0011296 0.00876031 0.04026 0.110752 0.187716 0.210938 0.179602 0.129611 0.077852 0.0364085 0.0128371 0.00333547 0.000620087 8.03368e-05 7.10418e-06 4.2059e-07 1.63605e-08 4.11195e-10 6.58456e-12 6.64101e-14
 1.4725e-11 1.59828e-09 1.02294e-07 3.86065e-06 8.59311e-05 0.00112849 0.0087544 0.0402626 0.110936 0.188574 0.212608 0.180875 0.129344 0.0765962 0.0351687 0.0120567 0.00300572 0.000529904 6.45791e-05 5.34532e-06 2.95386e-07 1.0707e-08 2.50417e-10 3.72636e-12 3.48733e-14
 1.46851e-11 1.59396e-09 1.02018e-07 3.85034e-06 8.57071e-05 0.00112573 0.00873653 0.0402184 0.111044 0.189496 0.214725 0.182772 0.129223 0.0748743 0.0334375 0.0110918 0.00266091 0.000448717 5.19287e-05 4.04884e-06 2.09221e-07 7.05295e-09 1.5288e-10 2.10434e-12 1.81985e-14
 1.34804e-11 1.46321e-09 9.36515e-08 3.53481e-06 7.86973e-05 0.00103413 0.00803543 0.0371078 0.103276 0.17958 0.211209 0.189197 0.138916 0.0811533 0.035736 0.0115279 0.00266371 0.000429681 4.73054e-05 3.49077e-06 1.69845e-07 5.364e-09 1.08418e-10 1.38584e-12 1.10926e-14
 1.36196e-11 1.47832e-09 9.46203e-08 3.57147e-06 7.95183e-05 0.00104505 0.00812214 0.0375206 0.104438 0.181346 0.212039 0.187851 0.136898 0.0803269 0.035718 0.0115335 0.00262263 0.00040956 4.31224e-05 3.01746e-06 1.38385e-07 4.10133e-09 7.75214e-11 9.23906e-13 6.87686e-15
#spawning biomass
 3310.59 4249.61 7160.6 12707 22011 30054 27312 29903.7 51858.5 74521.3 82242.8 101034 128742 175135 162644 137342 137530 133969 116414 113650 114109 122939 131690 144863 160282 162241 139920 143689 154051 169027 93849.4 50686.1 30735.1 22578.2 19493.6 18387.1 18004.7 17876.1 17833.7 17820 17815.5 17814.1 17813.7 17813.5 17813.5 17813.5 17813.5 17813.5 17813.5 17813.5 17813.5 17813.5 17813.5 17813.5 17813.5 17813.5 17813.5 17813.5 17813.5 17813.5 17813.5 17813.5 17813.5 17813.5 17813.5 17813.5 17813.5 17813.5 17813.5 17813.5 17813.5 17813.5 17813.5 17813.5 17813.5 17813.5 17813.5 17813.5 17813.5 17813.5 17813.5 17813.5 17813.5 17813.5 17813.5 17813.5 17813.5 17813.5 17813.5 17813.5 17813.5 17813.5 17813.5 17813.5 17813.5 17813.5 17813.5 17813.5 17813.5 17813.5 17813.5 17813.5 17813.5 17813.5 17813.5 17813.5 17813.5 17813.5 17813.5 17813.5 17813.5 17813.5 17813.5 17813.5 17813.5 17813.5 17813.5 17813.5 17813.5 17813.5 17813.5 17813.5 17813.5 17813.5 17813.5 17813.5 17813.5 17813.5 0 0 0 0 0 0 0 0 0 0 0 0 0 0 0 0 0 0 0 0 0 0 0 0 0
