SBPRF35
2.71671
Curr Bio
104168
B35
2.08493e+06
F35
0.107384
FOFL
0
OFL
0
Bzero
776204
#pred survey bio
 7951.59 8429.39 7160.65 8366.1 11803.4 17380.2 22657.8 28610.1 41222.7 51446.2 66190.9 83281 101323 106002 113985 118482 114782 117055 130633 120379 103397 112735 126911 142902 150267 160667 128665 120342 128442 3.42726e+06 5.96018e+06 8.17318e+06 9.70953e+06 1.05911e+07 1.09448e+07 1.09242e+07 1.06664e+07 1.02766e+07 9.82911e+06 9.37226e+06 8.93521e+06 8.53375e+06 8.17489e+06 7.85207e+06 7.54906e+06 7.29876e+06 7.09183e+06 6.9206e+06 6.77879e+06 6.66123e+06 6.56367e+06 6.48264e+06 6.41525e+06 6.35914e+06 6.31236e+06 6.27331e+06 6.24066e+06 6.21332e+06 6.19039e+06 6.17113e+06 6.15491e+06 6.14122e+06 6.12965e+06 6.11985e+06 6.11152e+06 6.10443e+06 6.09838e+06 6.0932e+06 6.08876e+06 6.08493e+06 6.08163e+06 6.07877e+06 6.07629e+06 6.07413e+06 6.07224e+06 6.07059e+06 6.06913e+06 6.06786e+06 6.06673e+06 6.06573e+06 6.06484e+06 6.06405e+06 6.06335e+06 6.06272e+06 6.06216e+06 6.06165e+06 6.0612e+06 6.06079e+06 6.06042e+06 6.06009e+06 6.05979e+06 6.05952e+06 6.05927e+06 6.05905e+06 6.05884e+06 6.05866e+06 6.05849e+06 6.05834e+06 6.0582e+06 6.05807e+06 6.05796e+06 6.05785e+06 6.05775e+06 6.05767e+06 6.05759e+06 6.05751e+06 6.05745e+06 6.05738e+06 6.05733e+06 6.05728e+06 6.05723e+06 6.05719e+06 6.05715e+06 6.05711e+06 6.05708e+06 6.05705e+06 6.05702e+06 6.057e+06 6.05697e+06 6.05695e+06 6.05693e+06 6.05691e+06 6.0569e+06 6.05688e+06 6.05687e+06 6.05686e+06 6.05684e+06 6.05683e+06 6.05682e+06 0 0 0 0 0 0 0 0 0 0 0 0 0 0 0 0 0 0 0 0 0 0 0 0 0
#obs survey bio
 7410.71 9918.5 8987.8 14989.8 27659.8 24481 25705.6 39588.1 33224.3 57331.2 54819.7 91561.3 117833 108698 145696 98387.8 82143.2 92276 119038 127256 89312.4 83159.9 107854 125652 178443 152881 132251 97393.8 118664
#pred catch bio
 3179.31 4364.49 3460.78 3704.87 6346.23 11888.8 16392.5 19056.2 30381.1 37133.3 48773.8 61761.5 78239.8 80742.3 87509.8 94831.5 92779.8 89806.7 105496 101870 82644.6 90973.4 102170 118664 123253 140081 111209 105371 107830 0 27023.2 37551.4 44753.8 48833.4 50374.9 50112.9 48709.5 46679 44384.2 42061.7 39853.7 37836.3 36042 34442.6 32968.2 31754.4 30755.1 29932.4 29255.2 28697.6 28238.6 27860.7 27549.6 27293.5 27082.7 26909.1 26766.2 26648.6 26551.7 26472 26406.3 26352.3 26307.8 26271.2 26241 26216.2 26195.8 26179 26165.1 26153.7 26144.3 26136.6 26130.2 26125 26120.7 26117.1 26114.2 26111.8 26109.8 26108.2 26106.9 26105.7 26104.8 26104.1 26103.5 26103 26102.5 26102.2 26101.9 26101.7 26101.5 26101.3 26101.2 26101.1 26101 26100.9 26100.9 26100.8 26100.8 26100.8 26100.7 26100.7 26100.7 26100.7 26100.7 26100.7 26100.6 26100.6 26100.6 26100.6 26100.6 26100.6 26100.6 26100.6 26100.6 26100.6 26100.6 26100.6 26100.6 26100.6 26100.6 26100.6 26100.6 26100.6 26100.6 26100.6 26100.6 26100.6 26100.6 0 0 0 0 0 0 0 0 0 0 0 0 0 0 0 0 0 0 0 0 0 0 0 0 0
#obs catch bio
 3767.57 4263.71 3786.82 3186.42 4750.02 7632.17 13721.7 14486.4 25104 31757.9 42605.3 55671.4 66919.9 65288.4 75106.8 93965.1 90141.6 82106.2 95743.8 90238.9 71574.8 77932.8 92773.5 98172.1 93954.7 120578 90032.1 96392.8 96078.3
#pred cpue bio
 6561.48 7712.23 6023.21 5885.38 8606.92 10516.7 13094.7 15379.6 23152.3 26934.8 35638.4 43556.8 54132.3 58829.6 63542.9 66762.3 61026.2 57980 70137.1 65800.6 50581.8 55084.5 58350.4 66824.4 67291.3 74505.5 61089.4 51047 46337.9 1.45402e+06 5.80607e+06 8.05005e+06 9.5856e+06 1.04672e+07 1.08208e+07 1.08003e+07 1.05424e+07 1.01526e+07 9.70514e+06 9.2483e+06 8.81124e+06 8.40978e+06 8.05092e+06 7.72811e+06 7.42509e+06 7.17479e+06 6.96786e+06 6.79664e+06 6.65482e+06 6.53726e+06 6.43971e+06 6.35867e+06 6.29128e+06 6.23517e+06 6.18839e+06 6.14934e+06 6.1167e+06 6.08936e+06 6.06643e+06 6.04716e+06 6.03094e+06 6.01726e+06 6.00569e+06 5.99588e+06 5.98756e+06 5.98047e+06 5.97442e+06 5.96924e+06 5.96479e+06 5.96097e+06 5.95766e+06 5.9548e+06 5.95232e+06 5.95016e+06 5.94827e+06 5.94662e+06 5.94517e+06 5.94389e+06 5.94276e+06 5.94176e+06 5.94088e+06 5.94009e+06 5.93938e+06 5.93876e+06 5.93819e+06 5.93769e+06 5.93723e+06 5.93683e+06 5.93646e+06 5.93613e+06 5.93582e+06 5.93555e+06 5.93531e+06 5.93508e+06 5.93488e+06 5.93469e+06 5.93453e+06 5.93437e+06 5.93423e+06 5.93411e+06 5.93399e+06 5.93389e+06 5.93379e+06 5.9337e+06 5.93362e+06 5.93355e+06 5.93348e+06 5.93342e+06 5.93336e+06 5.93331e+06 5.93326e+06 5.93322e+06 5.93318e+06 5.93315e+06 5.93311e+06 5.93308e+06 5.93306e+06 5.93303e+06 5.93301e+06 5.93299e+06 5.93297e+06 5.93295e+06 5.93293e+06 5.93292e+06 5.9329e+06 5.93289e+06 5.93288e+06 5.93287e+06 5.93286e+06 0 0 0 0 0 0 0 0 0 0 0 0 0 0 0 0 0 0 0 0 0 0 0 0 0
#obs cpue bio
 7499.72 5616.12 6941.29 6998.39 12423.1 22666.4 20196.5 31503.6 61716.6 43992.9 67409.3 68845.2 88770.3 120772 93809.4 84928.8 98569.4 93164.3 124891 116165 93810.7 131618 104008 174334 168101 141437 134642 87657.3 79548.7
#pred surv len freq
 9.87777e-12 1.07261e-09 6.86694e-08 2.59193e-06 5.76799e-05 0.000756804 0.00585556 0.026739 0.072372 0.118593 0.129345 0.123853 0.130449 0.123826 0.0938024 0.0641636 0.0424267 0.0261884 0.0156 0.00943019 0.00598761 0.00414144 0.00307161 0.00214878 0.00118981
 5.63018e-12 6.11371e-10 3.91405e-08 1.47736e-06 3.28771e-05 0.000431396 0.00333871 0.0152672 0.041613 0.0705306 0.0877824 0.110655 0.143808 0.149208 0.122038 0.0918425 0.065673 0.042445 0.0250551 0.0137942 0.00737859 0.00412902 0.00253741 0.00159107 0.000847904
 1.01249e-11 1.09945e-09 7.03876e-08 2.65678e-06 5.9123e-05 0.000775723 0.0060014 0.0273923 0.0739657 0.119803 0.124217 0.103645 0.0964476 0.0956089 0.0897829 0.081428 0.066907 0.0481827 0.0310081 0.0177317 0.00904279 0.00431073 0.00209509 0.00107644 0.000515485
 1.42983e-11 1.55262e-09 9.94002e-08 3.75186e-06 8.34923e-05 0.00109545 0.00847463 0.0386726 0.104311 0.168029 0.169824 0.129784 0.103651 0.0851418 0.0589584 0.0385804 0.0291127 0.0237046 0.0178302 0.0115154 0.0063095 0.00296253 0.00124632 0.000507606 0.000200379
 1.2395e-11 1.34595e-09 8.61692e-08 3.25246e-06 7.23791e-05 0.000949659 0.00734737 0.0335431 0.0906764 0.147687 0.156882 0.139725 0.13513 0.118405 0.0768752 0.0402313 0.0209109 0.0119746 0.00784858 0.00545503 0.00341621 0.00176595 0.000746599 0.000268307 8.60737e-05
 1.5546e-11 1.68811e-09 1.08074e-07 4.07926e-06 9.0778e-05 0.00119104 0.00921415 0.0420473 0.113415 0.182702 0.184685 0.141169 0.11242 0.0908188 0.059056 0.031927 0.0162998 0.00777501 0.00353566 0.00175262 0.000985201 0.000542605 0.000250551 9.14287e-05 2.65917e-05
 1.5312e-11 1.6627e-09 1.06448e-07 4.01787e-06 8.9412e-05 0.00117313 0.00907586 0.0414233 0.111828 0.180925 0.18653 0.151853 0.130759 0.104705 0.0577707 0.0194711 0.00389714 0.000460641 3.21721e-05 1.35224e-06 4.51738e-08 6.07937e-09 2.46933e-09 9.37412e-10 2.7608e-10
 1.62405e-11 1.76352e-09 1.12902e-07 4.2615e-06 9.48335e-05 0.00124426 0.0096259 0.0439283 0.118517 0.19115 0.194279 0.151037 0.122055 0.0947816 0.0518877 0.0174596 0.00349318 0.000412729 2.87604e-05 1.18166e-06 2.86242e-08 4.08806e-10 3.44228e-12 1.70911e-14 5.03817e-17
 1.56943e-11 1.70421e-09 1.09105e-07 4.11818e-06 9.16443e-05 0.00120242 0.00930234 0.0424548 0.114582 0.185135 0.18972 0.151518 0.127175 0.100619 0.0553483 0.0186426 0.00373061 0.0004408 3.07171e-05 1.26209e-06 3.05761e-08 4.36862e-10 3.68397e-12 1.83874e-14 5.4862e-17
 1.65481e-11 1.79693e-09 1.15041e-07 4.34223e-06 9.66301e-05 0.00126783 0.00980817 0.0447585 0.120734 0.194538 0.196846 0.150767 0.11917 0.0914931 0.0499382 0.0167932 0.00335943 0.000396917 2.76584e-05 1.13638e-06 2.75274e-08 3.93138e-10 3.31027e-12 1.64332e-14 4.80973e-17
 1.62213e-11 1.76144e-09 1.12769e-07 4.25647e-06 9.47218e-05 0.00124279 0.00961456 0.0438767 0.118379 0.190939 0.194119 0.151054 0.122234 0.0949861 0.0520089 0.0175011 0.0035015 0.000413713 2.8829e-05 1.18448e-06 2.86924e-08 4.09776e-10 3.45037e-12 1.71287e-14 5.01326e-17
 1.65599e-11 1.79821e-09 1.15123e-07 4.34532e-06 9.66989e-05 0.00126873 0.00981516 0.0447903 0.120819 0.194668 0.196945 0.150756 0.119059 0.091367 0.0498635 0.0167676 0.00335431 0.00039631 2.76162e-05 1.13464e-06 2.74853e-08 3.92537e-10 3.30522e-12 1.64081e-14 4.80235e-17
 1.63137e-11 1.77148e-09 1.13411e-07 4.28072e-06 9.52612e-05 0.00124987 0.0096693 0.044126 0.119045 0.191957 0.19489 0.150973 0.121368 0.0939986 0.0514235 0.0173009 0.00346134 0.000408964 2.84981e-05 1.17088e-06 2.8363e-08 4.05073e-10 3.41077e-12 1.69321e-14 4.95571e-17
 1.58474e-11 1.72084e-09 1.1017e-07 4.15835e-06 9.25382e-05 0.00121414 0.00939303 0.0428678 0.115685 0.186821 0.190998 0.151383 0.12574 0.098983 0.0543783 0.018311 0.00366406 0.000432931 3.01683e-05 1.23951e-06 3.00254e-08 4.28815e-10 3.61068e-12 1.79245e-14 5.24617e-17
 1.57906e-11 1.71467e-09 1.09775e-07 4.14344e-06 9.22065e-05 0.00120979 0.00935938 0.0427145 0.115276 0.186196 0.190524 0.151433 0.126273 0.0995903 0.0547383 0.0184341 0.00368876 0.000435851 3.03718e-05 1.24787e-06 3.0228e-08 4.31707e-10 3.63503e-12 1.80454e-14 5.28156e-17
 1.56516e-11 1.69958e-09 1.08809e-07 4.10698e-06 9.1395e-05 0.00119915 0.00927705 0.0423396 0.114275 0.184665 0.189364 0.151555 0.127576 0.101076 0.0556188 0.0187351 0.00374917 0.000442993 3.08696e-05 1.26832e-06 3.07234e-08 4.38782e-10 3.69461e-12 1.83411e-14 5.36812e-17
 1.63707e-11 1.77766e-09 1.13807e-07 4.29566e-06 9.55937e-05 0.00125423 0.00970303 0.0442796 0.119455 0.192584 0.195365 0.150923 0.120834 0.09339 0.0510628 0.0171776 0.00343659 0.000406038 2.82941e-05 1.1625e-06 2.81601e-08 4.02174e-10 3.38636e-12 1.68109e-14 4.92024e-17
 1.71474e-11 1.862e-09 1.19207e-07 4.49946e-06 0.000100129 0.00131373 0.0101632 0.0463752 0.12505 0.201137 0.201847 0.15024 0.113552 0.0850884 0.0461415 0.0154952 0.00309894 0.00036612 2.55122e-05 1.0482e-06 2.53912e-08 3.6263e-10 3.05339e-12 1.5158e-14 4.43646e-17
 1.62551e-11 1.76511e-09 1.13004e-07 4.26533e-06 9.49189e-05 0.00124538 0.00963456 0.0439678 0.118622 0.191311 0.194401 0.151024 0.121918 0.0946253 0.051795 0.0174279 0.00348683 0.000411978 2.87081e-05 1.17951e-06 2.8572e-08 4.08058e-10 3.4359e-12 1.70568e-14 4.99223e-17
 1.60377e-11 1.7415e-09 1.11492e-07 4.20828e-06 9.36494e-05 0.00122872 0.00950576 0.0433812 0.117056 0.188917 0.192586 0.151216 0.123956 0.0969491 0.0531726 0.0178989 0.00358134 0.000423151 2.94868e-05 1.2115e-06 2.93471e-08 4.19127e-10 3.5291e-12 1.75195e-14 5.12765e-17
 1.72737e-11 1.87572e-09 1.20085e-07 4.53262e-06 0.000100867 0.00132341 0.010238 0.0467161 0.125961 0.202529 0.202902 0.150129 0.112367 0.0837376 0.0453408 0.0152215 0.00304401 0.000359626 2.50596e-05 1.0296e-06 2.49407e-08 3.56196e-10 2.99922e-12 1.4889e-14 4.35775e-17
 1.72856e-11 1.87701e-09 1.20168e-07 4.53574e-06 0.000100936 0.00132432 0.0102451 0.0467482 0.126046 0.202659 0.203001 0.150118 0.112256 0.0836108 0.0452656 0.0151958 0.00303885 0.000359016 2.5017e-05 1.02785e-06 2.48984e-08 3.55592e-10 2.99413e-12 1.48638e-14 4.35036e-17
 1.78642e-11 1.93984e-09 1.2419e-07 4.68756e-06 0.000104315 0.00136865 0.0105878 0.0483093 0.130215 0.209031 0.20783 0.14961 0.106831 0.0774262 0.0415994 0.0139425 0.00278732 0.000329278 2.29446e-05 9.42702e-07 2.28357e-08 3.26133e-10 2.74608e-12 1.36324e-14 3.98995e-17
 1.77094e-11 1.92303e-09 1.23114e-07 4.64693e-06 0.000103411 0.00135678 0.0104961 0.0478915 0.129099 0.207326 0.206538 0.149746 0.108283 0.0790813 0.0425805 0.0142779 0.00285463 0.000337236 2.34992e-05 9.65489e-07 2.33877e-08 3.34016e-10 2.81246e-12 1.39619e-14 4.0864e-17
 1.80966e-11 1.96507e-09 1.25806e-07 4.74854e-06 0.000105672 0.00138645 0.0107255 0.0489363 0.131889 0.21159 0.209769 0.149405 0.104652 0.0749424 0.0401269 0.0134391 0.00268629 0.000317335 2.21122e-05 9.08503e-07 2.20073e-08 3.14302e-10 2.64646e-12 1.31378e-14 3.8452e-17
 1.77865e-11 1.9314e-09 1.2365e-07 4.66717e-06 0.000103861 0.00136269 0.0105418 0.0480997 0.129655 0.208175 0.207182 0.149678 0.10756 0.0782568 0.0420917 0.0141108 0.0028211 0.000333272 2.32229e-05 9.54137e-07 2.31127e-08 3.30089e-10 2.7794e-12 1.37977e-14 4.03835e-17
 1.75662e-11 1.90748e-09 1.22119e-07 4.60938e-06 0.000102575 0.00134582 0.0104113 0.0475054 0.128068 0.20575 0.205343 0.149872 0.109625 0.0806111 0.0434874 0.0145879 0.00291685 0.000344592 2.40119e-05 9.86553e-07 2.3898e-08 3.41304e-10 2.87382e-12 1.42665e-14 4.17555e-17
 1.85432e-11 2.01357e-09 1.28911e-07 4.86573e-06 0.00010828 0.00142066 0.0109901 0.0501412 0.135106 0.216508 0.213497 0.149012 0.100465 0.070169 0.0372973 0.0124718 0.00249216 0.000294383 2.05127e-05 8.42781e-07 2.04153e-08 2.91565e-10 2.45501e-12 1.21874e-14 3.56704e-17
 1.9666e-11 2.13549e-09 1.36716e-07 5.16035e-06 0.000114836 0.00150668 0.0116553 0.0531706 0.143195 0.228873 0.222867 0.148025 0.0899383 0.0581679 0.030183 0.0100397 0.00200405 0.000236677 1.6491e-05 6.77544e-07 1.64126e-08 2.344e-10 1.97368e-12 9.79791e-15 2.86767e-17
#obs surv len freq
 2.3444e-11 2.26498e-09 1.29014e-07 4.3326e-06 8.57831e-05 0.0010014 0.00689347 0.0280068 0.0674687 0.0987646 0.0985654 0.0935 0.105401 0.113905 0.10896 0.0947929 0.0724905 0.049544 0.031432 0.0176744 0.00803281 0.00271963 0.000644122 0.000101828 1.03886e-05
 3.84704e-12 3.58488e-10 1.96953e-08 6.37964e-07 1.21845e-05 0.000137266 0.000914082 0.0036389 0.00916583 0.0181583 0.039573 0.0852778 0.136893 0.161206 0.15947 0.140906 0.106218 0.0683178 0.039025 0.0196778 0.00818534 0.00256823 0.000563977 8.23515e-05 7.73189e-06
 9.19392e-11 8.24916e-09 4.36372e-07 1.36095e-05 0.000250246 0.00271288 0.0173395 0.0653435 0.145219 0.190571 0.148883 0.0737988 0.0370755 0.0452412 0.0681537 0.0748105 0.0593808 0.0374196 0.0200624 0.009154 0.00339457 0.000956337 0.00019089 2.55234e-05 2.19952e-06
 1.07825e-10 9.29995e-09 4.72909e-07 1.4178e-05 0.000250607 0.00261173 0.016051 0.0582309 0.125379 0.164778 0.149981 0.130995 0.125362 0.0966561 0.0526261 0.0270096 0.0196893 0.0152067 0.00916987 0.00414608 0.00141419 0.00035623 6.34204e-05 7.61835e-06 5.9456e-07
 1.33859e-10 1.10812e-08 5.40833e-07 1.55625e-05 0.000264021 0.00264093 0.0155784 0.0542531 0.112213 0.142166 0.126728 0.113037 0.117786 0.113312 0.0924489 0.0614768 0.0303573 0.0114069 0.00409623 0.0015643 0.000512415 0.000121531 1.96927e-05 2.12086e-06 1.48193e-07
 2.03554e-10 1.61498e-08 7.55427e-07 2.08332e-05 0.000338738 0.00324737 0.0183591 0.0612814 0.121516 0.147766 0.126959 0.109821 0.111034 0.10453 0.0856819 0.0595685 0.0320405 0.0127548 0.00386102 0.000959488 0.000212691 4.07959e-05 5.91473e-06 5.82022e-07 3.69362e-08
 2.74668e-10 2.08568e-08 9.33744e-07 2.4646e-05 0.000383539 0.00351918 0.0190449 0.0608879 0.116007 0.137655 0.122023 0.115918 0.121391 0.11101 0.0868223 0.0578278 0.0303941 0.0122113 0.0037891 0.000902774 0.000162934 2.2458e-05 2.38255e-06 1.87862e-07 1.02847e-08
 4.5691e-10 3.31639e-08 1.41919e-06 3.58058e-05 0.000532611 0.00467124 0.0241621 0.0738136 0.134181 0.150807 0.123451 0.106254 0.106172 0.0986831 0.0801853 0.0540024 0.0278692 0.0109146 0.00332558 0.000782201 0.000136584 1.70693e-05 1.49543e-06 9.107e-08 3.82727e-09
 6.46583e-10 4.48053e-08 1.83051e-06 4.40917e-05 0.000626162 0.00524318 0.0258973 0.0756096 0.131929 0.145296 0.124681 0.118281 0.118776 0.101661 0.0740015 0.0453293 0.0217233 0.00798586 0.00230017 0.000515574 8.6317e-05 1.0311e-05 8.46813e-07 4.65351e-08 1.68083e-09
 9.23925e-10 6.10548e-08 2.37871e-06 5.46392e-05 0.00073997 0.00590897 0.027836 0.0775547 0.129504 0.138293 0.119699 0.117889 0.121149 0.106956 0.0795172 0.0467942 0.0200395 0.00622998 0.00149545 0.000288552 4.34679e-05 4.80594e-06 3.69579e-07 1.90246e-08 6.38268e-10
 1.28992e-09 8.12017e-08 3.01373e-06 6.59456e-05 0.000850781 0.00647223 0.0290521 0.0772091 0.123641 0.129672 0.117192 0.122616 0.127134 0.111328 0.0816334 0.0467486 0.0192549 0.005658 0.00123496 0.000206183 2.61882e-05 2.46534e-06 1.66038e-07 7.68924e-09 2.36131e-10
 2.15916e-09 1.29352e-07 4.56879e-06 9.51416e-05 0.00116813 0.00845688 0.0361242 0.0913364 0.138966 0.137634 0.115896 0.113973 0.115484 0.101813 0.074817 0.0418617 0.016576 0.00465823 0.000966609 0.000150791 1.73668e-05 1.43455e-06 8.29461e-08 3.28567e-09 8.72473e-11
 2.70158e-09 1.53884e-07 5.16785e-06 0.000102322 0.00119451 0.00822361 0.0334258 0.0806829 0.119107 0.122291 0.121156 0.135554 0.135376 0.110325 0.0744231 0.0388109 0.0145304 0.00389324 0.000771401 0.00011426 1.23616e-05 9.45288e-07 4.96908e-08 1.7555e-09 4.09103e-11
 3.87091e-09 2.09462e-07 6.68249e-06 0.000125694 0.00139397 0.00911722 0.0352116 0.0808241 0.113901 0.113355 0.112208 0.128217 0.135619 0.12084 0.0858116 0.0437992 0.0151897 0.00364536 0.000639787 8.50025e-05 8.41885e-06 5.9647e-07 2.90864e-08 9.48115e-10 2.02114e-11
 5.18413e-09 2.66286e-07 8.0642e-06 0.000143986 0.00151584 0.00941287 0.034541 0.0756206 0.103491 0.106427 0.11643 0.138478 0.143262 0.123328 0.0850372 0.0428096 0.0150166 0.00371755 0.00066506 8.59471e-05 7.88211e-06 5.04102e-07 2.21309e-08 6.54221e-10 1.27402e-11
 9.40121e-09 4.58071e-07 1.3159e-05 0.000222872 0.00222566 0.0131088 0.0456082 0.094478 0.121161 0.113072 0.109718 0.123165 0.128854 0.11412 0.0786913 0.0385828 0.0131307 0.00319496 0.000571494 7.44412e-05 6.82705e-06 4.26883e-07 1.77876e-08 4.86052e-10 8.60439e-12
 1.43572e-08 6.63182e-07 1.80607e-05 0.00028999 0.00274547 0.0153329 0.0506252 0.0999345 0.124445 0.119576 0.124256 0.136487 0.128086 0.0992498 0.0609915 0.0272096 0.00849085 0.00190149 0.000316481 3.90718e-05 3.4565e-06 2.10666e-07 8.56941e-09 2.27119e-10 3.85246e-12
 1.8818e-08 8.23612e-07 2.12526e-05 0.000323337 0.00290069 0.015354 0.0481044 0.0906197 0.110419 0.11128 0.126021 0.143736 0.13802 0.108768 0.065929 0.028183 0.00829015 0.00173033 0.000265667 3.00784e-05 2.44511e-06 1.38117e-07 5.26503e-09 1.32045e-10 2.13278e-12
 2.67613e-08 1.10933e-06 2.71118e-05 0.000390668 0.00331955 0.0166457 0.0494481 0.0886962 0.104746 0.106812 0.124484 0.143834 0.140958 0.112954 0.0682456 0.0288799 0.0084812 0.00177627 0.000269622 2.92996e-05 2.22478e-06 1.15503e-07 4.02313e-09 9.22912e-11 1.37001e-12
 4.69281e-08 1.84183e-06 4.26192e-05 0.000581456 0.00467784 0.022208 0.0624465 0.105906 0.117647 0.111542 0.121351 0.134212 0.128088 0.0999377 0.0585055 0.0241227 0.00700748 0.00147187 0.000224593 2.43125e-05 1.81037e-06 9.04403e-08 2.974e-09 6.3394e-11 8.65034e-13
 6.90964e-08 2.56702e-06 5.6227e-05 0.000726143 0.00553032 0.0248643 0.0663326 0.10765 0.118353 0.118465 0.133633 0.140873 0.123023 0.0877437 0.0477333 0.0185994 0.00518155 0.00105677 0.000157876 1.67938e-05 1.22819e-06 5.99909e-08 1.91373e-09 3.91817e-11 5.08017e-13
 9.19207e-08 3.23206e-06 6.70025e-05 0.000818978 0.00590404 0.0251388 0.0636692 0.0992123 0.10919 0.116942 0.139048 0.148608 0.130607 0.0915766 0.0471712 0.0168911 0.00425063 0.000782885 0.000107336 1.06953e-05 7.43637e-07 3.48004e-08 1.06652e-09 2.09711e-11 2.60531e-13
 1.51722e-07 5.04866e-06 9.90488e-05 0.00114576 0.0078168 0.0314971 0.0754766 0.111152 0.115133 0.115796 0.13192 0.139478 0.123157 0.085541 0.0427876 0.0147443 0.00354934 0.000616298 7.79703e-05 7.06295e-06 4.45824e-07 1.90984e-08 5.4175e-10 9.9523e-12 1.16237e-13
 2.24909e-07 7.08266e-06 0.000131502 0.00143963 0.00929645 0.0354771 0.0807443 0.114363 0.118691 0.124757 0.141302 0.13968 0.113041 0.0725582 0.0341388 0.0112509 0.00262145 0.000441451 5.36179e-05 4.58377e-06 2.68345e-07 1.05198e-08 2.71111e-10 4.51979e-12 4.80598e-14
 2.81795e-07 8.3986e-06 0.000147582 0.0015292 0.00934867 0.0338161 0.0733648 0.101492 0.110461 0.128508 0.151891 0.150295 0.120091 0.07416 0.0326108 0.00983882 0.00207834 0.000318848 3.58299e-05 2.87291e-06 1.58437e-07 5.82811e-09 1.398e-10 2.15028e-12 2.09398e-14
 3.46478e-07 9.77402e-06 0.000162566 0.00159447 0.00922987 0.0316593 0.0655777 0.0890551 0.101886 0.128327 0.157385 0.159985 0.130299 0.0794937 0.0335716 0.00957609 0.00189008 0.000267149 2.73046e-05 1.98149e-06 9.92799e-08 3.34509e-09 7.40556e-11 1.05588e-12 9.53876e-15
 5.28034e-07 1.41004e-05 0.000222004 0.00206124 0.0112956 0.0366868 0.0720159 0.0929734 0.101955 0.124625 0.151246 0.155464 0.128133 0.0782248 0.0331496 0.00965154 0.00196706 0.000283327 2.84962e-05 1.96063e-06 9.06883e-08 2.78031e-09 5.57151e-11 7.19495e-13 5.90836e-15
 8.82473e-07 2.231e-05 0.000332552 0.00292324 0.0151677 0.046661 0.0868869 0.106946 0.112685 0.13137 0.149351 0.142415 0.109017 0.0623889 0.0251173 0.0070692 0.00142036 0.000204783 2.07184e-05 1.4245e-06 6.48019e-08 1.91331e-09 3.616e-11 4.3293e-13 3.25718e-15
 1.1219e-06 2.68561e-05 0.000379056 0.00315553 0.0155162 0.0453757 0.081434 0.101506 0.117608 0.146864 0.163068 0.145285 0.102095 0.0529804 0.0190454 0.00471188 0.000830686 0.000107403 1.00823e-05 6.61566e-07 2.91698e-08 8.38728e-10 1.53978e-11 1.77818e-13 1.27808e-15
#pred catch len freq
 4.73863e-13 5.14559e-11 3.2943e-09 1.24351e-07 2.76818e-06 3.63811e-05 0.000283879 0.00135198 0.004423 0.0133952 0.0430741 0.110548 0.184878 0.198695 0.154442 0.106205 0.0703205 0.0434206 0.0258656 0.0156356 0.00992758 0.00686658 0.00509278 0.00356272 0.00197272
 2.27432e-13 2.46965e-11 1.58113e-09 5.96873e-08 1.3291e-06 1.74953e-05 0.000137598 0.000680323 0.00255465 0.00992897 0.0374411 0.100859 0.171719 0.189698 0.157128 0.118588 0.0848673 0.0548605 0.032384 0.017829 0.00953671 0.00533668 0.00327956 0.00205643 0.0010959
 5.36325e-13 5.82385e-11 3.72851e-09 1.40738e-07 3.13253e-06 4.11407e-05 0.00031988 0.00149715 0.00455219 0.0114881 0.0312492 0.0761694 0.129908 0.154183 0.149961 0.136715 0.112417 0.0809638 0.0521038 0.0297946 0.0151945 0.00724327 0.00352036 0.00180873 0.000866164
 1.11027e-12 1.20562e-10 7.71854e-09 2.91344e-07 6.48432e-06 8.51354e-05 0.000660937 0.00306994 0.00901988 0.0205003 0.0488184 0.110914 0.178714 0.185766 0.135575 0.0895923 0.0677211 0.0551548 0.0414869 0.0267937 0.0146807 0.00689309 0.00289988 0.00118107 0.000466233
 9.34862e-13 1.01515e-10 6.49914e-09 2.4532e-07 5.46034e-06 7.17159e-05 0.000557731 0.00261319 0.00798298 0.020404 0.0561051 0.135585 0.220343 0.223986 0.150092 0.0790304 0.041129 0.0235588 0.0154416 0.0107322 0.00672102 0.00347431 0.00146885 0.000527865 0.000169341
 6.77479e-12 7.35662e-10 4.70978e-08 1.77771e-06 3.95611e-05 0.000519102 0.00401764 0.018375 0.050128 0.0853125 0.107691 0.138416 0.17853 0.173198 0.117396 0.0638728 0.0326016 0.0155427 0.00706651 0.00350262 0.0019689 0.00108438 0.000500718 0.000182717 5.31426e-05
 9.10836e-12 9.89059e-10 6.33205e-08 2.39004e-06 5.31875e-05 0.000697885 0.00540071 0.0246855 0.0671369 0.112609 0.134755 0.157308 0.188922 0.171012 0.0970779 0.0329087 0.00659418 0.000779604 5.4451e-05 2.28847e-06 7.63632e-08 1.02492e-08 4.16174e-09 1.57988e-09 4.65296e-10
 8.93402e-12 9.70128e-10 6.21085e-08 2.34429e-06 5.21695e-05 0.00068453 0.00529743 0.0242151 0.065881 0.110689 0.1333 0.157462 0.190557 0.172876 0.0981823 0.0332857 0.0066694 0.000788237 5.49303e-05 2.25691e-06 5.46709e-08 7.80799e-10 6.57459e-12 3.26432e-14 9.62236e-17
 1.03365e-11 1.12242e-09 7.18583e-08 2.7123e-06 6.03588e-05 0.000791969 0.00612827 0.0279991 0.0759844 0.126133 0.145005 0.156229 0.177408 0.157886 0.0892962 0.0302479 0.00605974 0.000716161 4.99076e-05 2.0506e-06 4.96791e-08 7.09798e-10 5.98556e-12 2.98744e-14 8.91285e-17
 1.15247e-11 1.25145e-09 8.01188e-08 3.02409e-06 6.72972e-05 0.000882996 0.0068322 0.031205 0.0845445 0.139219 0.154922 0.155184 0.166268 0.145186 0.0817673 0.0276741 0.00554319 0.00065509 4.5651e-05 1.87565e-06 4.54352e-08 6.48893e-10 5.46377e-12 2.71238e-14 7.93869e-17
 1.13382e-11 1.23119e-09 7.88221e-08 2.97514e-06 6.6208e-05 0.000868706 0.0067217 0.0307017 0.0832007 0.137164 0.153365 0.155348 0.168016 0.147179 0.0829492 0.0280782 0.00562427 0.000664677 4.63191e-05 1.9031e-06 4.61002e-08 6.5839e-10 5.54373e-12 2.75207e-14 8.05484e-17
 1.21013e-11 1.31405e-09 8.41269e-08 3.17537e-06 7.06637e-05 0.000927163 0.00717376 0.0327605 0.0886979 0.145568 0.159733 0.154677 0.160862 0.139023 0.0781143 0.0264253 0.00529256 0.00062546 4.3586e-05 1.7908e-06 4.33799e-08 6.1954e-10 5.21661e-12 2.58968e-14 7.57953e-17
 1.24529e-11 1.35223e-09 8.65712e-08 3.26763e-06 7.27168e-05 0.000954098 0.00738205 0.0337092 0.0912309 0.14944 0.162668 0.154368 0.157566 0.135265 0.0758865 0.0256637 0.00513971 0.000607389 4.23267e-05 1.73906e-06 4.21265e-08 6.01639e-10 5.06588e-12 2.51485e-14 7.36052e-17
 1.13674e-11 1.23436e-09 7.90252e-08 2.98281e-06 6.63786e-05 0.000870945 0.00673901 0.0307806 0.0834112 0.137486 0.153609 0.155322 0.167743 0.146867 0.0827641 0.0280149 0.00561157 0.000663175 4.62145e-05 1.8988e-06 4.5996e-08 6.56902e-10 5.5312e-12 2.74585e-14 8.03662e-17
 1.1436e-11 1.24182e-09 7.95022e-08 3.00081e-06 6.67793e-05 0.000876201 0.00677966 0.0309657 0.0839055 0.138242 0.154182 0.155262 0.167099 0.146134 0.0823293 0.0278662 0.00558174 0.000659649 4.59687e-05 1.8887e-06 4.57514e-08 6.53409e-10 5.50179e-12 2.73125e-14 7.99388e-17
 1.2064e-11 1.31e-09 8.38675e-08 3.16558e-06 7.04459e-05 0.000924306 0.00715166 0.0326599 0.0884292 0.145157 0.159422 0.15471 0.161212 0.139422 0.0783506 0.0265061 0.00530877 0.000627377 4.37196e-05 1.79629e-06 4.35129e-08 6.21439e-10 5.2326e-12 2.59762e-14 7.60276e-17
 1.33706e-11 1.45189e-09 9.29514e-08 3.50845e-06 7.80759e-05 0.00102441 0.00792576 0.0361854 0.0978426 0.159546 0.170327 0.153561 0.148961 0.125456 0.0700713 0.0236758 0.00474074 0.000560221 3.90394e-05 1.60399e-06 3.88548e-08 5.54913e-10 4.67244e-12 2.31954e-14 6.78887e-17
 1.37407e-11 1.49208e-09 9.55243e-08 3.60557e-06 8.0237e-05 0.00105276 0.00814501 0.0371839 0.100509 0.163622 0.173416 0.153235 0.145491 0.1215 0.0677264 0.0228741 0.00457985 0.000541201 3.77139e-05 1.54953e-06 3.75354e-08 5.3607e-10 4.51378e-12 2.24078e-14 6.55835e-17
 1.31773e-11 1.43089e-09 9.16071e-08 3.45771e-06 7.69468e-05 0.00100959 0.0078112 0.0356637 0.0964496 0.157417 0.168714 0.153731 0.150774 0.127523 0.0712966 0.0240946 0.0048248 0.000570159 3.9732e-05 1.63245e-06 3.95441e-08 5.64758e-10 4.75534e-12 2.36069e-14 6.90932e-17
 1.36535e-11 1.48261e-09 9.49179e-08 3.58268e-06 7.97276e-05 0.00104608 0.00809333 0.0369486 0.0998804 0.162661 0.172688 0.153312 0.146309 0.122432 0.0682791 0.0230631 0.00461777 0.000545684 3.80263e-05 1.56237e-06 3.78464e-08 5.40511e-10 4.55118e-12 2.25934e-14 6.61268e-17
 1.45749e-11 1.58266e-09 1.01324e-07 3.82446e-06 8.5108e-05 0.00111666 0.0086392 0.0394346 0.106518 0.172808 0.180378 0.152502 0.13767 0.112584 0.0624408 0.0210672 0.00421722 0.000498328 3.4726e-05 1.42677e-06 3.45616e-08 4.93599e-10 4.15617e-12 2.06325e-14 6.03876e-17
 1.4731e-11 1.59962e-09 1.02409e-07 3.86542e-06 8.60196e-05 0.00112862 0.00873169 0.0398558 0.107643 0.174528 0.181681 0.152365 0.136206 0.110915 0.0614516 0.0207291 0.00414935 0.000490304 3.41668e-05 1.40379e-06 3.40051e-08 4.85651e-10 4.08925e-12 2.03002e-14 5.94151e-17
 1.55615e-11 1.6898e-09 1.08182e-07 4.08335e-06 9.08691e-05 0.00119225 0.0092237 0.0420966 0.113626 0.183673 0.188612 0.151634 0.12842 0.102038 0.0561894 0.0189302 0.00378832 0.000447621 3.11921e-05 1.28157e-06 3.10444e-08 4.43368e-10 3.73322e-12 1.85328e-14 5.42421e-17
 1.57263e-11 1.70769e-09 1.09328e-07 4.12658e-06 9.18312e-05 0.00120487 0.0093213 0.0425411 0.114813 0.185488 0.189987 0.151489 0.126875 0.100277 0.0551455 0.0185733 0.0037167 0.000439154 3.0602e-05 1.25733e-06 3.04571e-08 4.3498e-10 3.66259e-12 1.81822e-14 5.32159e-17
 1.61256e-11 1.75105e-09 1.12104e-07 4.23136e-06 9.41629e-05 0.00123546 0.00955787 0.0436185 0.11769 0.189885 0.19332 0.151138 0.123131 0.096009 0.0526153 0.0177083 0.0035431 0.000418631 2.91718e-05 1.19856e-06 2.90336e-08 4.14649e-10 3.4914e-12 1.73323e-14 5.07287e-17
 1.64015e-11 1.78101e-09 1.14022e-07 4.30375e-06 9.57738e-05 0.00125659 0.0097213 0.0443628 0.119677 0.192923 0.195622 0.150896 0.120545 0.0930604 0.0508673 0.0171108 0.00342318 0.000404453 2.81837e-05 1.15796e-06 2.80501e-08 4.00604e-10 3.37314e-12 1.67452e-14 4.90103e-17
 1.60172e-11 1.73928e-09 1.1135e-07 4.20292e-06 9.353e-05 0.00122715 0.00949365 0.043326 0.116909 0.188692 0.192415 0.151234 0.124148 0.0971677 0.0533021 0.0179431 0.00359023 0.000424202 2.956e-05 1.21451e-06 2.942e-08 4.20168e-10 3.53787e-12 1.7563e-14 5.14039e-17
 1.74036e-11 1.88982e-09 1.20988e-07 4.5667e-06 0.000101625 0.00133336 0.010315 0.0470665 0.126896 0.203959 0.203986 0.150015 0.11115 0.0823496 0.044518 0.0149402 0.00298756 0.000352952 2.45944e-05 1.01049e-06 2.44778e-08 3.49585e-10 2.94355e-12 1.46127e-14 4.27686e-17
 1.84931e-11 2.00813e-09 1.28562e-07 4.85258e-06 0.000107987 0.00141682 0.0109604 0.050006 0.134745 0.215956 0.213078 0.149057 0.100935 0.0707047 0.0376148 0.0125803 0.00251394 0.000296959 2.06922e-05 8.50156e-07 2.05939e-08 2.94116e-10 2.4765e-12 1.22941e-14 3.59825e-17
#obs catch len freq
 1.74967e-11 1.69041e-09 9.62861e-08 3.23352e-06 6.40221e-05 0.000747389 0.00514553 0.0209192 0.0505752 0.0754102 0.0812594 0.090509 0.112546 0.121094 0.112065 0.0992367 0.0831001 0.063235 0.0428399 0.0247637 0.0114402 0.00393347 0.00094588 0.000151686 1.56762e-05
 1.6054e-11 1.49599e-09 8.21896e-08 2.66222e-06 5.08413e-05 0.000572497 0.00380287 0.0149384 0.0351609 0.0529506 0.0649483 0.0903665 0.125693 0.141426 0.135249 0.116551 0.0880897 0.0596854 0.0373925 0.0205101 0.00897133 0.00288915 0.000644792 9.53793e-05 9.05928e-06
 1.12638e-12 1.01064e-10 5.34629e-09 1.66759e-07 3.06819e-06 3.33736e-05 0.000217166 0.000896922 0.00293699 0.0105566 0.0365217 0.089448 0.144153 0.167536 0.164175 0.143184 0.106202 0.0673506 0.0378968 0.0186568 0.00747383 0.00222916 0.000460821 6.29124e-05 5.49634e-06
 2.01384e-11 1.73694e-09 8.83248e-08 2.64801e-06 4.68055e-05 0.000487784 0.0029976 0.0108713 0.0233683 0.0305048 0.0276869 0.0294872 0.056733 0.117785 0.181971 0.194128 0.15026 0.0928919 0.0488297 0.0216875 0.00774244 0.00207476 0.000389938 4.87361e-05 3.90677e-06
 5.14328e-11 4.25774e-09 2.07806e-07 5.97968e-06 0.000101452 0.00101507 0.00599641 0.0210453 0.0453126 0.0688805 0.103164 0.165681 0.205258 0.16381 0.088375 0.0463767 0.0344418 0.026005 0.0151547 0.00660435 0.00215922 0.000516837 8.66644e-05 9.73531e-06 7.06853e-07
 1.58399e-10 1.25672e-08 5.87849e-07 1.62118e-05 0.000263598 0.00252711 0.01429 0.0477488 0.0952078 0.119026 0.113771 0.11913 0.134687 0.130123 0.10459 0.0677212 0.0323977 0.0119559 0.00429447 0.00161147 0.000505554 0.000113485 1.72883e-05 1.74074e-06 1.13191e-07
 2.64049e-10 2.00505e-08 8.97644e-07 2.36932e-05 0.000368711 0.00338314 0.0183088 0.058539 0.111572 0.132639 0.118441 0.114233 0.121884 0.11462 0.0927237 0.0629632 0.0328086 0.0126388 0.00371519 0.000901459 0.000194577 3.57478e-05 4.8865e-06 4.49424e-07 2.65329e-08
 3.24748e-10 2.35712e-08 1.00868e-06 2.54489e-05 0.000378558 0.00332037 0.0171815 0.0525984 0.0966666 0.114526 0.112398 0.125459 0.139162 0.126834 0.0978225 0.0636676 0.0324744 0.0126456 0.00379562 0.000871039 0.000150906 1.99025e-05 2.0065e-06 1.48871e-07 7.60479e-09
 6.15035e-10 4.26192e-08 1.7412e-06 4.19404e-05 0.00059561 0.00498733 0.0246331 0.0719101 0.125399 0.137728 0.117276 0.111186 0.11553 0.106834 0.0853843 0.055958 0.0279603 0.0106084 0.00312644 0.00070706 0.000117907 1.39941e-05 1.15911e-06 6.64376e-08 2.61455e-09
 9.23243e-10 6.10098e-08 2.37696e-06 5.45988e-05 0.000739425 0.00590467 0.027817 0.0775202 0.129603 0.139171 0.122405 0.121947 0.122852 0.103462 0.0739958 0.0441688 0.0205041 0.00730159 0.00203419 0.000438366 7.00327e-05 7.93006e-06 6.14006e-07 3.16725e-08 1.06995e-09
 1.36255e-09 8.57737e-08 3.18342e-06 6.96585e-05 0.00089868 0.00683652 0.0306848 0.0815133 0.130248 0.135245 0.118722 0.12025 0.122749 0.106422 0.0773099 0.0439693 0.0181102 0.00543279 0.00126303 0.000235226 3.39046e-05 3.55615e-06 2.57729e-07 1.24423e-08 3.90037e-10
 1.9376e-09 1.16079e-07 4.09997e-06 8.53789e-05 0.00104827 0.00758954 0.0324277 0.0821005 0.125768 0.128398 0.117384 0.124505 0.127216 0.109203 0.0780885 0.0431252 0.0170458 0.00481494 0.00101222 0.000162455 1.97373e-05 1.76638e-06 1.12362e-07 4.88598e-09 1.40242e-10
 3.3112e-09 1.88609e-07 6.334e-06 0.000125411 0.00146401 0.0100778 0.0409365 0.0984903 0.143045 0.137088 0.115334 0.114068 0.113847 0.0983586 0.0702589 0.0377937 0.0143373 0.00386839 0.000771631 0.000115352 1.26631e-05 9.91923e-07 5.41343e-08 2.01502e-09 5.00716e-11
 4.22966e-09 2.28875e-07 7.30183e-06 0.000137343 0.00152317 0.0099623 0.038477 0.0883373 0.124601 0.124296 0.12253 0.13507 0.131328 0.104534 0.0685716 0.0344072 0.0123439 0.00317426 0.000603949 8.55887e-05 8.8097e-06 6.37586e-07 3.15778e-08 1.04698e-09 2.28208e-11
 6.12611e-09 3.14671e-07 9.52948e-06 0.000170147 0.00179122 0.0111214 0.0407821 0.0889688 0.119708 0.115631 0.11362 0.127914 0.132215 0.114884 0.0786792 0.0383507 0.012682 0.00291323 0.000490973 6.2506e-05 5.89584e-06 3.95297e-07 1.81479e-08 5.54657e-10 1.10501e-11
 8.28478e-09 4.03673e-07 1.15963e-05 0.000196406 0.00196143 0.0115544 0.0402335 0.0836956 0.109488 0.10963 0.118596 0.137882 0.139026 0.116664 0.0776208 0.0373758 0.0125229 0.00296552 0.000507083 6.24167e-05 5.43037e-06 3.28266e-07 1.35699e-08 3.7625e-10 6.848e-12
 1.53066e-08 7.07031e-07 1.92548e-05 0.000309162 0.00292688 0.0163433 0.0539153 0.105975 0.129365 0.116157 0.109942 0.120314 0.12277 0.105642 0.0699699 0.0327437 0.0106452 0.00248035 0.000424271 5.25798e-05 4.56257e-06 2.68746e-07 1.05126e-08 2.68901e-10 4.44496e-12
 2.3259e-08 1.01798e-06 2.62682e-05 0.000399639 0.00358505 0.0189721 0.0593712 0.111202 0.131996 0.122482 0.124032 0.132002 0.120323 0.0906319 0.0536077 0.0228405 0.00680691 0.00146006 0.000232664 2.73647e-05 2.29186e-06 1.31535e-07 5.01716e-09 1.24279e-10 1.96525e-12
 3.07848e-08 1.27611e-06 3.11878e-05 0.0004494 0.00381849 0.0191448 0.0568305 0.101572 0.118062 0.114969 0.126445 0.139561 0.130226 0.099459 0.0577798 0.023523 0.00659571 0.00131632 0.000193227 2.08296e-05 1.60337e-06 8.53288e-08 3.05117e-09 7.15189e-11 1.07649e-12
 4.42963e-08 1.73853e-06 4.02291e-05 0.00054885 0.00441563 0.0209658 0.0589891 0.100339 0.112886 0.110746 0.124667 0.139329 0.132707 0.102785 0.0593897 0.0239331 0.00670206 0.00134018 0.000193814 1.99792e-05 1.43293e-06 7.00009e-08 2.28618e-09 4.90152e-11 6.78096e-13
 7.7612e-08 2.88338e-06 6.31563e-05 0.000815618 0.00621124 0.0279142 0.0743161 0.119423 0.126054 0.114281 0.119488 0.127706 0.118384 0.0891486 0.0498859 0.019604 0.00543666 0.0010904 0.000158309 1.62208e-05 1.138e-06 5.3364e-08 1.64207e-09 3.26677e-11 4.15097e-13
 1.15207e-07 4.05085e-06 8.39759e-05 0.00102642 0.00739862 0.0314839 0.0795067 0.12219 0.127352 0.121023 0.130028 0.131763 0.111556 0.0768452 0.0400109 0.0148758 0.00395999 0.000771572 0.000109664 1.10349e-05 7.59558e-07 3.47777e-08 1.03659e-09 1.97788e-11 2.38497e-13
 1.55578e-07 5.17697e-06 0.000101566 0.00117488 0.00801556 0.0322997 0.0774195 0.114143 0.118681 0.119845 0.135224 0.138953 0.118191 0.0796675 0.039109 0.0133243 0.00320028 0.000563575 7.36423e-05 6.95049e-06 4.55038e-07 1.99571e-08 5.71143e-10 1.04581e-11 1.20731e-13
 2.56956e-07 8.09185e-06 0.000150239 0.0016447 0.0106189 0.040492 0.0918066 0.12778 0.124533 0.117175 0.126158 0.128257 0.109428 0.0728435 0.0346605 0.0113527 0.00260407 0.000431145 5.18577e-05 4.44511e-06 2.64267e-07 1.06171e-08 2.81384e-10 4.81454e-12 5.22445e-14
 3.83711e-07 1.14361e-05 0.000200954 0.00208208 0.0127244 0.0459517 0.0989165 0.13216 0.128185 0.124739 0.132694 0.125736 0.0982515 0.0605015 0.0271147 0.00850272 0.00188804 0.000302793 3.48877e-05 2.81577e-06 1.54971e-07 5.69112e-09 1.36972e-10 2.1268e-12 2.1015e-14
 4.93028e-07 1.39081e-05 0.000231321 0.00226862 0.0131264 0.0449277 0.092117 0.119758 0.120522 0.128611 0.142688 0.135367 0.104158 0.0614653 0.0256679 0.00735506 0.00148007 0.000216458 2.31026e-05 1.74942e-06 9.06466e-08 3.12038e-09 6.98258e-11 9.99461e-13 9.0393e-15
 6.10259e-07 1.62961e-05 0.000256573 0.00238213 0.0130522 0.0423631 0.0828928 0.105578 0.111387 0.129289 0.149861 0.146417 0.114556 0.0665535 0.0266352 0.00720546 0.0013525 0.0001819 1.76374e-05 1.20861e-06 5.69228e-08 1.7957e-09 3.7094e-11 4.92118e-13 4.12767e-15
 9.39485e-07 2.37513e-05 0.000354032 0.00311191 0.016143 0.0496082 0.0919214 0.110916 0.111147 0.124152 0.142179 0.140394 0.110936 0.0644425 0.0259101 0.00716384 0.00138714 0.0001894 1.79902e-05 1.16479e-06 5.05444e-08 1.44957e-09 2.70989e-11 3.25659e-13 2.48334e-15
 1.57939e-06 3.7807e-05 0.000533596 0.00444106 0.0218146 0.0634844 0.111438 0.127471 0.120932 0.12683 0.135038 0.123322 0.0904197 0.0492527 0.0188336 0.00504151 0.000963604 0.000131733 1.25742e-05 8.11959e-07 3.45674e-08 9.5252e-10 1.67634e-11 1.86549e-13 1.30247e-15
#spawning biomass
 7555.02 8235.04 6830.78 7640.69 10883.2 15373.2 19878.1 24747.4 35960.3 44280.4 57271.8 71667.2 87541.2 92254.4 99289 103423 99078.6 99742 112970 104459 87910.7 95829.7 106762 120557 125862 135353 108828 99928.7 104168 118582 283139 389013 462817 504622 520418 517733 503352 482545 459029 435230 412604 391931 373544 357154 342046 329607 319367 310937 303997 298284 293580 289708 286520 283896 281735 279956 278492 277287 276294 275477 274804 274251 273795 273420 273111 272856 272647 272474 272332 272216 272119 272040 271975 271921 271877 271841 271811 271786 271766 271749 271735 271724 271715 271707 271701 271696 271691 271688 271685 271683 271681 271679 271678 271677 271676 271675 271674 271674 271673 271673 271673 271672 271672 271672 271672 271672 271672 271672 271672 271672 271672 271672 271672 271672 271672 271671 271671 271671 271671 271671 271671 271671 271671 271671 271671 271671 271671 271671 271671 0 0 0 0 0 0 0 0 0 0 0 0 0 0 0 0 0 0 0 0 0 0 0 0 0
