SBPRF35
0.420455
Curr Bio
130739
B35
357264
F35
0.39698
FOFL
0.129822
OFL
8087.46
Bzero
120130
#pred survey bio
 19958.5 22665.1 25690.5 33278.7 37910.2 47048.7 54828.4 60144.2 78037.1 94249.9 100440 115697 125382 134064 135692 130600 131433 147621 144180 140783 150077 168733 170204 174937 178994 165305 164206 150516 5.20264e+06 4.22193e+06 3.96575e+06 3.18429e+06 2.46106e+06 1.93193e+06 1.58236e+06 1.36355e+06 1.23021e+06 1.14958e+06 1.1005e+06 1.07009e+06 1.05078e+06 1.03816e+06 1.02961e+06 1.02359e+06 1.01945e+06 1.01655e+06 1.01448e+06 1.01299e+06 1.01191e+06 1.01113e+06 1.01055e+06 1.01013e+06 1.00982e+06 1.00959e+06 1.00942e+06 1.00929e+06 1.0092e+06 1.00913e+06 1.00908e+06 1.00905e+06 1.00902e+06 1.009e+06 1.00898e+06 1.00897e+06 1.00896e+06 1.00896e+06 1.00895e+06 1.00895e+06 1.00895e+06 1.00895e+06 1.00895e+06 1.00894e+06 1.00894e+06 1.00894e+06 1.00894e+06 1.00894e+06 1.00894e+06 1.00894e+06 1.00894e+06 1.00894e+06 1.00894e+06 1.00894e+06 1.00894e+06 1.00894e+06 1.00894e+06 1.00894e+06 1.00894e+06 1.00894e+06 1.00894e+06 1.00894e+06 1.00894e+06 1.00894e+06 1.00894e+06 1.00894e+06 1.00894e+06 1.00894e+06 1.00894e+06 1.00894e+06 1.00894e+06 1.00894e+06 1.00894e+06 1.00894e+06 1.00894e+06 1.00894e+06 1.00894e+06 1.00894e+06 1.00894e+06 1.00894e+06 1.00894e+06 1.00894e+06 1.00894e+06 1.00894e+06 1.00894e+06 1.00894e+06 1.00894e+06 1.00894e+06 1.00894e+06 1.00894e+06 1.00894e+06 1.00894e+06 1.00894e+06 1.00894e+06 1.00894e+06 1.00894e+06 1.00894e+06 1.00894e+06 1.00894e+06 1.00894e+06 0 0 0 0 0 0 0 0 0 0 0 0 0 0 0 0 0 0 0 0 0 0 0 0 0
#obs survey bio
 16359.3 22482.6 20383.9 22964 32500.4 29026 71471.1 65635.1 58823.8 94644.4 84434.4 85570.3 85998.7 118960 110007 90872.5 149844 139077 92483.3 135420 151619 126598 171211 147741 134801 93836.1 141304 109505
#pred catch bio
 9412.86 11622.6 12065.9 17721.1 18333 24495.1 30632.8 29812.7 41824.3 55478.7 55402.1 66398.3 70826.4 77912.4 82782.4 80081 75824 92545.7 92148 85887.1 87806.4 107430 107099 110624 121127 109616 111108 97940 8087.46 45615.4 48644.4 38291 28134.4 20910.1 16341.6 13641.5 12116 11281.1 10834.7 10600 10478.2 10415.6 10383.6 10367.2 10359.1 10355.1 10353.1 10352.1 10351.6 10351.3 10351.2 10351.1 10351.1 10351.1 10351.1 10351.1 10351.1 10351.1 10351.1 10351.1 10351.1 10351.1 10351.1 10351.1 10351.1 10351.1 10351.1 10351.1 10351.1 10351.1 10351.1 10351.1 10351.1 10351.1 10351.1 10351.1 10351.1 10351.1 10351.1 10351.1 10351.1 10351.1 10351.1 10351.1 10351.1 10351.1 10351.1 10351.1 10351.1 10351.1 10351.1 10351.1 10351.1 10351.1 10351.1 10351.1 10351.1 10351.1 10351.1 10351.1 10351.1 10351.1 10351.1 10351.1 10351.1 10351.1 10351.1 10351.1 10351.1 10351.1 10351.1 10351.1 10351.1 10351.1 10351.1 10351.1 10351.1 10351.1 10351.1 10351.1 10351.1 10351.1 10351.1 10351.1 10351.1 10351.1 10351.1 10351.1 0 0 0 0 0 0 0 0 0 0 0 0 0 0 0 0 0 0 0 0 0 0 0 0 0
#obs catch bio
 9794.05 11010.5 11651.1 17807.4 17376.5 23976.1 28734.7 27386.1 40673.7 57188.3 52933.5 63913.3 69195.8 70356.1 76594.3 78411.2 67475.7 89323.1 90239.4 83237.5 79028.6 97920.8 95425.6 99436 112955 105503 106793 92929.5
#pred cpue bio
 13138.2 13321 14622.1 18644.8 21059.3 26600.9 30548.7 32886.5 42408.7 50556.9 53529.2 62413 67665.5 73876.2 75089.3 70930.9 69420.9 77897.3 75906.6 72585.8 77597.4 88058.3 86738.9 89542.3 91312.1 82482.4 80989.5 75690.1 2.62518e+06 3.28208e+06 3.67077e+06 2.9998e+06 2.28734e+06 1.75911e+06 1.40961e+06 1.19081e+06 1.05748e+06 976844 927757 897347 878040 865426 856873 850852 846712 843808 841742 840254 839176 838389 837813 837390 837078 836849 836680 836555 836463 836396 836345 836308 836281 836261 836246 836235 836227 836221 836216 836213 836210 836209 836207 836206 836206 836205 836205 836204 836204 836204 836204 836204 836204 836204 836204 836204 836204 836204 836204 836204 836204 836204 836203 836203 836203 836203 836203 836203 836203 836203 836203 836203 836203 836203 836203 836203 836203 836203 836203 836203 836203 836203 836203 836203 836203 836203 836203 836203 836203 836203 836203 836203 836203 836203 836203 836203 836203 836203 836203 836203 0 0 0 0 0 0 0 0 0 0 0 0 0 0 0 0 0 0 0 0 0 0 0 0 0
#obs cpue bio
 12264.2 21029 18560 25664.9 32666.2 43207.2 36677.9 41104.3 51923.5 45142.4 82019.9 95951.4 101466 148380 118746 99180.3 115925 82990.9 122092 88480 131820 165494 139769 156066 154078 151836 120178 137511
#pred surv len freq
 1.54124e-11 1.6736e-09 1.07145e-07 4.0442e-06 8.99979e-05 0.0011808 0.00913473 0.0416801 0.112359 0.180473 0.179955 0.131157 0.0971586 0.0771874 0.053855 0.0346756 0.0230096 0.0156255 0.0109777 0.00814698 0.00649679 0.00562819 0.00499731 0.00390965 0.00229847
 1.5039e-11 1.63306e-09 1.0455e-07 3.94623e-06 8.78178e-05 0.00115221 0.00891377 0.0406783 0.109745 0.176979 0.179783 0.139737 0.11412 0.0934847 0.061238 0.033609 0.0178773 0.00933874 0.00491427 0.00281649 0.00182044 0.00133959 0.00107495 0.000809742 0.000476814
 1.51422e-11 1.64426e-09 1.05267e-07 3.97331e-06 8.84205e-05 0.00116011 0.00897494 0.0409573 0.110497 0.178177 0.180944 0.140511 0.114718 0.0943611 0.0625752 0.0348134 0.0179971 0.00826196 0.00333932 0.00132354 0.000578992 0.000306888 0.000198695 0.000134946 7.66949e-05
 1.5635e-11 1.69777e-09 1.08693e-07 4.10262e-06 9.12978e-05 0.00119786 0.00926686 0.0422867 0.114046 0.183598 0.185028 0.139999 0.109981 0.0890309 0.0595482 0.0340185 0.0181518 0.00853356 0.00341344 0.00120076 0.000386077 0.000126866 5.16456e-05 2.67396e-05 1.36213e-05
 1.52561e-11 1.65663e-09 1.06059e-07 4.0032e-06 8.90855e-05 0.00116884 0.00904247 0.0412659 0.111336 0.179581 0.182603 0.142363 0.116652 0.0952422 0.0613112 0.0321972 0.0158026 0.00712979 0.00281865 0.000984613 0.000300583 8.01522e-05 2.03076e-05 5.99138e-06 2.18922e-06
 1.5216e-11 1.65228e-09 1.0578e-07 3.99268e-06 8.88514e-05 0.00116577 0.00901866 0.0411564 0.111028 0.178988 0.181548 0.140421 0.114035 0.0937552 0.0625665 0.0352065 0.0182727 0.00821871 0.00309635 0.00102724 0.000304276 7.825e-05 1.71841e-05 3.36373e-06 6.8552e-07
 1.54191e-11 1.67432e-09 1.07192e-07 4.04596e-06 9.0037e-05 0.00118132 0.00913897 0.0417049 0.112501 0.181308 0.183643 0.14134 0.113782 0.092602 0.0606352 0.033079 0.0168621 0.00771264 0.00301484 0.00101718 0.000293659 7.19522e-05 1.49528e-05 2.60106e-06 3.82527e-07
 1.55401e-11 1.68747e-09 1.08033e-07 4.07771e-06 9.07437e-05 0.00119059 0.00921072 0.0420325 0.113387 0.182753 0.185187 0.142708 0.114931 0.0929598 0.0595665 0.0310296 0.0149393 0.00648881 0.00242228 0.000797745 0.000231347 5.69997e-05 1.1602e-05 1.91695e-06 2.54203e-07
 1.59725e-11 1.73442e-09 1.11039e-07 4.19118e-06 9.32687e-05 0.00122372 0.00946687 0.0431987 0.116494 0.187453 0.1885 0.141515 0.109643 0.0875361 0.0572116 0.0312773 0.0157767 0.00694825 0.00255212 0.000812028 0.000226833 5.45538e-05 1.10321e-05 1.81268e-06 2.33794e-07
 1.59045e-11 1.72704e-09 1.10567e-07 4.17335e-06 9.28718e-05 0.00121852 0.00942665 0.0430163 0.11602 0.186825 0.188504 0.143146 0.112673 0.0898417 0.0569602 0.0292078 0.0138605 0.00599619 0.00223208 0.000719542 0.000199102 4.64199e-05 9.04979e-06 1.44786e-06 1.8395e-07
 1.57461e-11 1.70984e-09 1.09466e-07 4.13178e-06 9.19469e-05 0.00120638 0.00933283 0.0425896 0.114888 0.185155 0.187539 0.144275 0.115703 0.0926988 0.0578728 0.0284535 0.0126722 0.00509033 0.0017338 0.000516193 0.000137455 3.17094e-05 6.09856e-06 9.49376e-07 1.16777e-07
 1.57132e-11 1.70626e-09 1.09237e-07 4.12314e-06 9.17545e-05 0.00120386 0.00931328 0.0424999 0.114639 0.184704 0.186842 0.143145 0.114251 0.091904 0.0586244 0.0302068 0.0141456 0.00578262 0.00193001 0.000544091 0.000133945 2.85732e-05 5.21238e-06 7.90013e-07 9.52816e-08
 1.56016e-11 1.69415e-09 1.08461e-07 4.09386e-06 9.1103e-05 0.00119531 0.0092472 0.0421992 0.113839 0.183504 0.186051 0.143624 0.115866 0.0934326 0.0590729 0.0298299 0.0137332 0.0056446 0.00193464 0.000559948 0.000137465 2.80825e-05 4.76365e-06 6.68951e-07 7.61579e-08
 1.51772e-11 1.64806e-09 1.0551e-07 3.98248e-06 8.86245e-05 0.00116279 0.00899572 0.0410534 0.110774 0.178767 0.18221 0.143178 0.1186 0.0971522 0.06213 0.0319147 0.0149295 0.00615312 0.0020944 0.000604917 0.000150513 3.13456e-05 5.32124e-06 7.22343e-07 7.727e-08
 1.51473e-11 1.64482e-09 1.05303e-07 3.97466e-06 8.84504e-05 0.00116051 0.00897804 0.0409727 0.110556 0.178413 0.181838 0.142864 0.118356 0.0971042 0.0624163 0.0324167 0.015373 0.00641145 0.00220643 0.000641985 0.000159787 3.32583e-05 5.68495e-06 7.79455e-07 8.31103e-08
 1.54383e-11 1.67641e-09 1.07325e-07 4.051e-06 9.01492e-05 0.0011828 0.00915042 0.0417584 0.112661 0.181696 0.184641 0.143641 0.117207 0.0950588 0.0601774 0.0303729 0.0139545 0.00571275 0.00194998 0.00056598 0.000141158 2.94775e-05 5.04523e-06 6.92457e-07 7.41305e-08
 1.59641e-11 1.73351e-09 1.10981e-07 4.18898e-06 9.32197e-05 0.00122308 0.00946197 0.0431778 0.116459 0.187563 0.189395 0.144186 0.113824 0.0905117 0.0565297 0.027918 0.0124625 0.00495677 0.00163607 0.000458228 0.000111443 2.30083e-05 3.92805e-06 5.39759e-07 5.78807e-08
 1.60035e-11 1.73779e-09 1.11255e-07 4.19931e-06 9.34496e-05 0.0012261 0.0094853 0.043284 0.116742 0.187993 0.189705 0.1441 0.113379 0.0900472 0.0563191 0.0279222 0.0125128 0.00497492 0.00163054 0.000449406 0.000106533 2.13285e-05 3.54566e-06 4.79606e-07 5.11299e-08
 1.57491e-11 1.71017e-09 1.09487e-07 4.13257e-06 9.19644e-05 0.00120661 0.00933465 0.0425985 0.11492 0.185272 0.18796 0.145364 0.117355 0.093848 0.0575535 0.0270692 0.0113229 0.00428202 0.00135502 0.000361538 8.32374e-05 1.621e-05 2.61352e-06 3.4232e-07 3.54989e-08
 1.62278e-11 1.76215e-09 1.12814e-07 4.25818e-06 9.47596e-05 0.00124328 0.00961824 0.0438902 0.118371 0.190566 0.192064 0.145245 0.11334 0.0890896 0.0544969 0.0257008 0.0107303 0.00397388 0.00119645 0.000297002 6.38486e-05 1.1811e-05 1.83057e-06 2.31766e-07 2.3269e-08
 1.6175e-11 1.75641e-09 1.12447e-07 4.24431e-06 9.44511e-05 0.00123924 0.00958693 0.0437476 0.11799 0.189979 0.191597 0.145219 0.113722 0.0895697 0.0548402 0.0258994 0.0108505 0.00404625 0.00123048 0.000306509 6.44787e-05 1.13173e-05 1.64025e-06 1.95415e-07 1.87107e-08
 1.61192e-11 1.75036e-09 1.12059e-07 4.22968e-06 9.41256e-05 0.00123496 0.00955389 0.0435967 0.117582 0.189314 0.190888 0.144598 0.113222 0.0894769 0.0554535 0.02694 0.011712 0.00448926 0.0013939 0.000354967 7.62331e-05 1.35228e-05 1.93883e-06 2.22231e-07 2.00827e-08
 1.63934e-11 1.78013e-09 1.13965e-07 4.30163e-06 9.57265e-05 0.00125597 0.00971635 0.0443373 0.119569 0.19243 0.193637 0.145626 0.112583 0.0878246 0.0531725 0.0245582 0.0100099 0.00368748 0.00113022 0.000287845 6.22563e-05 1.11796e-05 1.62545e-06 1.87746e-07 1.68198e-08
 1.62423e-11 1.76371e-09 1.12915e-07 4.26196e-06 9.48439e-05 0.00124439 0.0096268 0.0439296 0.118481 0.190771 0.192403 0.145836 0.114126 0.0895541 0.0541688 0.0248396 0.00997186 0.0035806 0.00105176 0.000253375 5.24127e-05 9.23202e-06 1.34163e-06 1.5635e-07 1.41656e-08
 1.63432e-11 1.77468e-09 1.13617e-07 4.28846e-06 9.54335e-05 0.00125213 0.00968663 0.044202 0.119208 0.191879 0.193228 0.145698 0.113106 0.0884317 0.0535636 0.0247034 0.00999087 0.00359557 0.00104892 0.000247704 4.94029e-05 8.27983e-06 1.14558e-06 1.29276e-07 1.15828e-08
 1.65637e-11 1.79862e-09 1.1515e-07 4.34632e-06 9.67211e-05 0.00126902 0.00981729 0.0447977 0.120807 0.194398 0.195499 0.146689 0.112844 0.0872721 0.0516638 0.02256 0.0084158 0.00284355 0.000797687 0.000182047 3.51018e-05 5.6856e-06 7.54879e-07 8.10387e-08 6.90935e-09
 1.68158e-11 1.82599e-09 1.16902e-07 4.41245e-06 9.81928e-05 0.00128833 0.0099666 0.0454778 0.122624 0.19718 0.197634 0.146554 0.110618 0.0846869 0.0500729 0.0219302 0.0081942 0.00273703 0.000741028 0.000159048 2.86358e-05 4.38893e-06 5.5807e-07 5.75797e-08 4.70657e-09
 1.62653e-11 1.76621e-09 1.13075e-07 4.268e-06 9.49783e-05 0.00124615 0.00964048 0.0439927 0.11866 0.191136 0.193126 0.147276 0.116142 0.0908103 0.0534575 0.0227861 0.00813747 0.00261947 0.000694498 0.000146066 2.54201e-05 3.69242e-06 4.38489e-07 4.22687e-08 3.26521e-09
#obs surv len freq
 1.42586e-11 1.54831e-09 9.91242e-08 3.74145e-06 8.32607e-05 0.00109242 0.00845132 0.0385697 0.104075 0.167945 0.170995 0.133849 0.111743 0.0976396 0.0735086 0.0476783 0.0265607 0.0119671 0.00428967 0.00122644 0.000271837 4.47248e-05 5.26962e-06 4.32415e-07 2.41102e-08
 1.22292e-11 1.32794e-09 8.50161e-08 3.20894e-06 7.14108e-05 0.000936962 0.00724941 0.0331009 0.0895336 0.14613 0.156124 0.140106 0.135796 0.121053 0.0836133 0.0474523 0.0238616 0.0102305 0.0035413 0.000962324 0.000199595 3.06348e-05 3.37118e-06 2.57478e-07 1.32526e-08
 1.42439e-11 1.54672e-09 9.90222e-08 3.7376e-06 8.31752e-05 0.0010913 0.008443 0.0385371 0.104047 0.168273 0.172589 0.137128 0.115119 0.0992723 0.0731749 0.0455499 0.023481 0.00942146 0.00291601 0.000712094 0.00013576 1.93575e-05 1.97573e-06 1.39451e-07 6.62157e-09
 1.34463e-11 1.46011e-09 9.34774e-08 3.52831e-06 7.85181e-05 0.00103022 0.00797093 0.036394 0.0984031 0.160171 0.168541 0.143403 0.128634 0.109192 0.0737341 0.0411237 0.0199855 0.00806334 0.00254295 0.000606899 0.000107151 1.37597e-05 1.26351e-06 8.09453e-08 3.51226e-09
 1.27119e-11 1.38036e-09 8.83719e-08 3.33561e-06 7.42299e-05 0.000973963 0.00753607 0.0344158 0.0931385 0.152161 0.162245 0.142449 0.132022 0.114832 0.0803572 0.046274 0.0221161 0.00833068 0.00242104 0.000544318 9.25591e-05 1.14039e-05 9.80843e-07 5.74326e-08 2.24826e-09
 1.35559e-11 1.47201e-09 9.42392e-08 3.55707e-06 7.91583e-05 0.00103862 0.00803623 0.0366958 0.099246 0.161594 0.169639 0.142043 0.123985 0.105389 0.074732 0.0443469 0.0217855 0.00834886 0.00241848 0.000524277 8.36205e-05 9.58717e-06 7.70765e-07 4.23047e-08 1.54429e-09
 1.26117e-11 1.36948e-09 8.76755e-08 3.30933e-06 7.36454e-05 0.000966315 0.00747756 0.0341607 0.0925742 0.151978 0.164385 0.147592 0.13671 0.115241 0.0770608 0.0423122 0.019579 0.00728009 0.00208232 0.000446219 6.95046e-05 7.63272e-06 5.76674e-07 2.93793e-08 9.90927e-10
 1.35837e-11 1.47503e-09 9.44325e-08 3.56437e-06 7.9321e-05 0.00104078 0.00805344 0.0367837 0.0995728 0.162594 0.171927 0.145097 0.125634 0.104876 0.0731314 0.0421551 0.019648 0.00704272 0.00190732 0.000388689 5.82295e-05 6.18346e-06 4.50053e-07 2.18652e-08 6.94798e-10
 1.31836e-11 1.43158e-09 9.16511e-08 3.45939e-06 7.69853e-05 0.00101015 0.00781721 0.0357183 0.096835 0.159036 0.171386 0.150438 0.133439 0.108644 0.0713558 0.0386005 0.0173853 0.00619743 0.00167231 0.000332436 4.74617e-05 4.74906e-06 3.25552e-07 1.49445e-08 4.49381e-10
 1.29588e-11 1.40718e-09 9.00888e-08 3.40043e-06 7.56734e-05 0.000992957 0.00768461 0.0351204 0.0952895 0.156898 0.170227 0.15097 0.134659 0.110217 0.073231 0.0396448 0.0173215 0.00584754 0.00149081 0.000283229 3.89825e-05 3.75021e-06 2.44595e-07 1.05699e-08 2.97284e-10
 1.3121e-11 1.42479e-09 9.12161e-08 3.44298e-06 7.66207e-05 0.0010054 0.00778125 0.0355671 0.0965393 0.159084 0.172609 0.152062 0.133478 0.107843 0.0713414 0.0385717 0.0167717 0.00559088 0.00138712 0.000251766 3.26894e-05 2.95789e-06 1.81842e-07 7.41771e-09 1.96598e-10
 1.27006e-11 1.37914e-09 8.82935e-08 3.33267e-06 7.41666e-05 0.000973232 0.00753329 0.0344505 0.0936743 0.155306 0.17152 0.15591 0.139237 0.111089 0.071264 0.0370465 0.0154933 0.00498907 0.00119787 0.000209688 2.60457e-05 2.23149e-06 1.28716e-07 4.89875e-09 1.20893e-10
 1.218e-11 1.32261e-09 8.46748e-08 3.19609e-06 7.11278e-05 0.000933393 0.00722593 0.0330614 0.0900533 0.150148 0.168389 0.157066 0.142918 0.115059 0.0744276 0.0386351 0.0157976 0.00488546 0.00111639 0.000185529 2.18749e-05 1.77686e-06 9.68345e-08 3.46421e-09 7.99217e-11
 1.18545e-11 1.28726e-09 8.24121e-08 3.11069e-06 6.92281e-05 0.000908501 0.00703421 0.0321995 0.0878403 0.147133 0.166845 0.15801 0.14483 0.116923 0.0761151 0.0396961 0.0161685 0.0049308 0.00109732 0.000174976 1.95459e-05 1.49281e-06 7.62355e-08 2.55215e-09 5.5038e-11
 1.20356e-11 1.30693e-09 8.36712e-08 3.15823e-06 7.02867e-05 0.000922423 0.00714274 0.0327062 0.0892951 0.149826 0.170137 0.16021 0.144429 0.114409 0.0731136 0.0373375 0.0148549 0.00442061 0.000957479 0.000147695 1.58212e-05 1.14766e-06 5.51777e-08 1.72721e-09 3.46739e-11
 1.17654e-11 1.27758e-09 8.17925e-08 3.08734e-06 6.87102e-05 0.00090179 0.00698442 0.0320031 0.0875636 0.14784 0.17032 0.163348 0.147856 0.115735 0.0724838 0.0360361 0.0138897 0.00399426 0.000834216 0.000123731 1.2699e-05 8.78707e-07 4.00871e-08 1.18386e-09 2.22964e-11
 1.25529e-11 1.36309e-09 8.7267e-08 3.29398e-06 7.33095e-05 0.000962156 0.0074518 0.0341384 0.0933066 0.156753 0.177328 0.163235 0.141452 0.108331 0.0672757 0.033024 0.0124176 0.0034486 0.000690763 9.77726e-05 9.54175e-06 6.26035e-07 2.70106e-08 7.52425e-10 1.33297e-11
 1.18591e-11 1.28776e-09 8.24446e-08 3.11199e-06 6.92618e-05 0.000909149 0.00704428 0.0323166 0.088724 0.151064 0.176557 0.17029 0.150315 0.111987 0.0658517 0.0304586 0.0108829 0.00289269 0.000554359 7.4681e-05 6.89621e-06 4.26212e-07 1.72704e-08 4.50923e-10 7.47647e-12
 1.18977e-11 1.29196e-09 8.27133e-08 3.12215e-06 6.94891e-05 0.000912173 0.00706852 0.032436 0.0890857 0.151647 0.176553 0.168593 0.148191 0.112097 0.0675355 0.0314622 0.0109828 0.00278808 0.000505351 6.42536e-05 5.59738e-06 3.25802e-07 1.23966e-08 3.02947e-10 4.68837e-12
 1.18107e-11 1.28251e-09 8.21085e-08 3.09935e-06 6.89839e-05 0.00090563 0.00701981 0.0322383 0.0887321 0.151805 0.178241 0.171044 0.149059 0.110877 0.0658134 0.0304087 0.0105798 0.00266721 0.000473457 5.78713e-05 4.77199e-06 2.60494e-07 9.2559e-09 2.10853e-10 3.03859e-12
 1.20773e-11 1.31146e-09 8.39625e-08 3.16937e-06 7.05441e-05 0.00092618 0.00718044 0.0329907 0.0908826 0.15563 0.182347 0.172909 0.147532 0.107312 0.0621769 0.0278987 0.00939785 0.00229638 0.000395797 4.69063e-05 3.72769e-06 1.94319e-07 6.52845e-09 1.39431e-10 1.87239e-12
 1.25235e-11 1.35991e-09 8.70645e-08 3.28649e-06 7.31533e-05 0.000960506 0.00744791 0.0342331 0.0943653 0.161605 0.188449 0.175495 0.145036 0.101632 0.0565235 0.0242447 0.00778717 0.00181166 0.000297007 3.34745e-05 2.53067e-06 1.25456e-07 4.00146e-09 8.08708e-11 1.02323e-12
 1.157e-11 1.25638e-09 8.04371e-08 3.03643e-06 6.7594e-05 0.000887779 0.00689001 0.0317487 0.0881372 0.153717 0.186199 0.18206 0.15416 0.106696 0.0572081 0.0233357 0.00707607 0.00154797 0.000238051 2.51375e-05 1.78021e-06 8.2702e-08 2.47316e-09 4.68804e-11 5.56342e-13
 1.21214e-11 1.31626e-09 8.42709e-08 3.18117e-06 7.08167e-05 0.000930108 0.00721796 0.0332439 0.0920912 0.159386 0.18912 0.178951 0.14839 0.103215 0.0561177 0.0228679 0.00675805 0.00141095 0.000204244 2.01398e-05 1.32635e-06 5.71953e-08 1.58679e-09 2.79084e-11 3.07431e-13
 1.17402e-11 1.27487e-09 8.16227e-08 3.08133e-06 6.86023e-05 0.000901316 0.00700066 0.0323181 0.0900573 0.157986 0.191916 0.185283 0.152234 0.101787 0.0526519 0.020548 0.00587393 0.00118852 0.000165413 1.54822e-05 9.56196e-07 3.83345e-08 9.83643e-10 1.59589e-11 1.62002e-13
 1.14508e-11 1.24345e-09 7.96121e-08 3.00556e-06 6.69226e-05 0.000879496 0.00683606 0.0316134 0.0884501 0.156461 0.192574 0.18815 0.154935 0.102601 0.0517677 0.0193288 0.00520607 0.000986819 0.000128863 1.13539e-05 6.60649e-07 2.4888e-08 5.97178e-10 9.01147e-12 8.46826e-14
 1.14584e-11 1.24428e-09 7.96668e-08 3.00775e-06 6.69783e-05 0.000880446 0.00684738 0.0317056 0.0889272 0.157906 0.194909 0.189749 0.154497 0.100802 0.0499118 0.0181365 0.0046992 0.000846114 0.000103756 8.5161e-06 4.59919e-07 1.60748e-08 3.58197e-10 5.02361e-12 4.38696e-14
 1.1607e-11 1.26043e-09 8.07019e-08 3.04695e-06 6.78577e-05 0.00089219 0.00694171 0.032168 0.0903263 0.16046 0.197343 0.190018 0.15254 0.0984191 0.0482569 0.0173024 0.00439412 0.000768921 9.07027e-05 7.08179e-06 3.60022e-07 1.17455e-08 2.42874e-10 3.14997e-12 2.53979e-14
#pred catch len freq
 1.022e-11 1.10977e-09 7.10488e-08 2.68174e-06 5.96785e-05 0.000783021 0.00605821 0.0276597 0.0747997 0.122053 0.130722 0.11932 0.119808 0.111477 0.0838058 0.0578204 0.0403385 0.0280415 0.0198986 0.0148262 0.0118386 0.0102594 0.00911011 0.0071274 0.00419018
 1.04331e-11 1.13291e-09 7.25299e-08 2.73764e-06 6.09227e-05 0.000799353 0.00618488 0.0282453 0.0764822 0.125595 0.138202 0.135096 0.143787 0.132713 0.0915217 0.052984 0.0295845 0.0158609 0.00844734 0.00486814 0.00315269 0.00232114 0.00186279 0.00140324 0.000826295
 1.03585e-11 1.12481e-09 7.20114e-08 2.71807e-06 6.04872e-05 0.000793641 0.00614072 0.0280446 0.0759531 0.12484 0.1379 0.136113 0.146358 0.136352 0.0956037 0.0563155 0.0305687 0.0143928 0.00589179 0.0023534 0.00103351 0.000548525 0.000355253 0.000241287 0.000137133
 1.12946e-11 1.22646e-09 7.85192e-08 2.96371e-06 6.59534e-05 0.000865355 0.00669532 0.0305708 0.0827027 0.135195 0.145931 0.135893 0.138514 0.127027 0.0896122 0.0538088 0.0298955 0.0143422 0.00579318 0.00204941 0.000660947 0.000217503 8.85936e-05 4.58757e-05 2.33699e-05
 1.06304e-11 1.15434e-09 7.39018e-08 2.78943e-06 6.2075e-05 0.000814474 0.00630192 0.0287807 0.0779456 0.128106 0.141457 0.139426 0.149272 0.13727 0.0929063 0.0514233 0.0265383 0.0123083 0.00492865 0.00173346 0.000531016 0.00014182 3.59575e-05 1.06118e-05 3.8778e-06
 1.07523e-11 1.16757e-09 7.47489e-08 2.8214e-06 6.27866e-05 0.000823808 0.00637403 0.0291076 0.0787964 0.129229 0.141435 0.136465 0.14382 0.133247 0.0936663 0.0554554 0.0300222 0.0137951 0.005252 0.00175367 0.000521292 0.00013427 2.95058e-05 5.77725e-06 1.17752e-06
 1.12626e-11 1.22299e-09 7.82969e-08 2.95532e-06 6.57667e-05 0.000862907 0.00667644 0.0304861 0.082495 0.135027 0.146538 0.138333 0.142533 0.129999 0.089194 0.0508934 0.0269906 0.0126039 0.00497444 0.00168719 0.000488433 0.000119831 2.49177e-05 4.33561e-06 6.37687e-07
 1.10424e-11 1.19907e-09 7.67655e-08 2.89752e-06 6.44804e-05 0.000846032 0.00654599 0.0298929 0.0809234 0.132725 0.145287 0.140153 0.147132 0.134239 0.0903827 0.0495064 0.025004 0.0111511 0.00421477 0.00139781 0.000406866 0.000100409 2.04521e-05 3.38023e-06 4.48303e-07
 1.17746e-11 1.27858e-09 8.18557e-08 3.08965e-06 6.8756e-05 0.000902124 0.00697973 0.0318678 0.0861887 0.140711 0.151032 0.138504 0.138747 0.125445 0.0862653 0.0494295 0.0259594 0.0116744 0.00433102 0.00138629 0.000388544 9.35909e-05 1.89391e-05 3.11272e-06 4.01515e-07
 1.21143e-11 1.31547e-09 8.42173e-08 3.17879e-06 7.07396e-05 0.00092815 0.00718108 0.0327866 0.0886675 0.144707 0.155076 0.141533 0.140633 0.125187 0.0827301 0.0440551 0.021686 0.00957649 0.00359827 0.00116568 0.000323382 7.54864e-05 1.47245e-05 2.35633e-06 2.99401e-07
 1.16994e-11 1.27042e-09 8.13334e-08 3.06993e-06 6.83172e-05 0.000896371 0.00693535 0.0316682 0.0856905 0.140232 0.152061 0.143139 0.146474 0.131136 0.0853547 0.0436749 0.0202808 0.00835117 0.00287731 0.000862181 0.00023042 5.32435e-05 1.02472e-05 1.59566e-06 1.96295e-07
 1.17803e-11 1.2792e-09 8.18957e-08 3.09116e-06 6.87896e-05 0.000902567 0.00698323 0.0318853 0.0862577 0.140997 0.152137 0.14142 0.143215 0.12865 0.0856305 0.0459063 0.0223215 0.00931601 0.00313921 0.000890058 0.000219881 4.69863e-05 8.57791e-06 1.30053e-06 1.56875e-07
 1.15971e-11 1.25931e-09 8.06223e-08 3.04309e-06 6.77199e-05 0.000888534 0.00687472 0.0313914 0.0849431 0.139021 0.150805 0.142118 0.145732 0.131069 0.0864019 0.0454096 0.021755 0.00914693 0.00316778 0.000922208 0.000227153 4.64812e-05 7.89082e-06 1.10851e-06 1.2622e-07
 1.1198e-11 1.21597e-09 7.78477e-08 2.93837e-06 6.53895e-05 0.000857959 0.00663826 0.0303139 0.0820581 0.134546 0.147095 0.141429 0.147894 0.134305 0.0894122 0.0477654 0.0232088 0.0097697 0.00335799 0.000975395 0.000243501 5.07928e-05 8.62887e-06 1.17173e-06 1.25361e-07
 1.13638e-11 1.23398e-09 7.90004e-08 2.98187e-06 6.63576e-05 0.000870661 0.00673647 0.0307611 0.083251 0.136359 0.148419 0.141116 0.146078 0.132333 0.0883703 0.0475879 0.0233549 0.0099255 0.00344539 0.00100749 0.000251484 5.24186e-05 8.96593e-06 1.22967e-06 1.31133e-07
 1.17533e-11 1.27627e-09 8.17079e-08 3.08407e-06 6.86318e-05 0.000900498 0.00696725 0.031813 0.086072 0.140771 0.152252 0.142379 0.144881 0.129827 0.0852906 0.044549 0.0211764 0.00883937 0.00304405 0.000887919 0.000222077 4.64391e-05 7.95326e-06 1.09189e-06 1.16907e-07
 1.21389e-11 1.31814e-09 8.43886e-08 3.18525e-06 7.08835e-05 0.000930039 0.00719572 0.0328542 0.0888604 0.145103 0.155874 0.143153 0.142979 0.126912 0.0825427 0.0423004 0.019611 0.00797499 0.00265915 0.000749063 0.000182795 3.7802e-05 6.45847e-06 8.8776e-07 9.52119e-08
 1.25614e-11 1.36402e-09 8.73257e-08 3.29611e-06 7.33505e-05 0.000962405 0.00744603 0.0339944 0.0919084 0.149791 0.159568 0.143246 0.139731 0.122885 0.0797079 0.0407701 0.018852 0.00763325 0.00252255 0.000698484 0.000166033 3.32864e-05 5.53703e-06 7.49182e-07 7.98788e-08
 1.23823e-11 1.34457e-09 8.60807e-08 3.24912e-06 7.23047e-05 0.000948687 0.00733998 0.0335124 0.0906349 0.147953 0.158713 0.145166 0.144107 0.126631 0.0801978 0.0387741 0.0167264 0.00645111 0.00205972 0.000552169 0.00012748 2.48604e-05 4.01074e-06 5.25478e-07 5.44995e-08
 1.27462e-11 1.38409e-09 8.86106e-08 3.34461e-06 7.44298e-05 0.000976566 0.00755558 0.0344944 0.093258 0.151972 0.161805 0.144999 0.140947 0.122978 0.0779907 0.0379166 0.0163659 0.00618901 0.0018811 0.00046942 0.000101258 1.87648e-05 2.91071e-06 3.68653e-07 3.7018e-08
 1.2493e-11 1.35659e-09 8.68499e-08 3.27815e-06 7.29508e-05 0.000957163 0.00740552 0.0338108 0.0914302 0.149157 0.159567 0.14488 0.142797 0.125322 0.0797054 0.0389177 0.0169132 0.00645382 0.00198318 0.000496846 0.000104899 1.84478e-05 2.67622e-06 3.18981e-07 3.05483e-08
 1.27989e-11 1.38981e-09 8.89766e-08 3.35842e-06 7.47372e-05 0.000980598 0.00758674 0.0346358 0.0936289 0.152484 0.161922 0.144065 0.139092 0.121481 0.0779592 0.0389869 0.0174636 0.00681454 0.00213293 0.0005456 0.000117503 2.08744e-05 2.995e-06 3.43407e-07 3.10383e-08
 1.31142e-11 1.42405e-09 9.11688e-08 3.44117e-06 7.65785e-05 0.00100476 0.00777361 0.0354879 0.0959183 0.1561 0.165233 0.145656 0.138981 0.119994 0.0751614 0.0356714 0.0149946 0.00563671 0.00174363 0.000446212 9.67867e-05 1.74063e-05 2.53254e-06 2.92616e-07 2.6219e-08
 1.29552e-11 1.40679e-09 9.00637e-08 3.39946e-06 7.56503e-05 0.000992579 0.00767944 0.0350591 0.0947746 0.154361 0.163964 0.145956 0.140728 0.12191 0.0762114 0.0358883 0.0148532 0.00544235 0.00161341 0.000390591 8.10511e-05 1.43006e-05 2.07983e-06 2.42461e-07 2.19708e-08
 1.34431e-11 1.45976e-09 9.34549e-08 3.52746e-06 7.84987e-05 0.00102995 0.00796844 0.0363755 0.0982916 0.159756 0.168144 0.145827 0.136612 0.117006 0.073009 0.0344261 0.01427 0.00521901 0.00153358 0.000363546 7.26854e-05 1.21986e-05 1.68888e-06 1.90644e-07 1.70837e-08
 1.36357e-11 1.48068e-09 9.47942e-08 3.57801e-06 7.96237e-05 0.00104471 0.00808262 0.0368964 0.0996951 0.162004 0.170349 0.147302 0.137312 0.116609 0.0710939 0.0317 0.0121334 0.00417841 0.0011826 0.000271083 5.24126e-05 8.50243e-06 1.12969e-06 1.21318e-07 1.03452e-08
 1.4068e-11 1.52762e-09 9.77994e-08 3.69144e-06 8.21479e-05 0.00107782 0.00833871 0.0380629 0.102811 0.16678 0.174034 0.147135 0.133591 0.112235 0.0683257 0.0305182 0.0116737 0.00396645 0.00108237 0.000233227 4.21021e-05 6.46307e-06 8.22435e-07 8.48859e-08 6.9397e-09
 1.31727e-11 1.4304e-09 9.15756e-08 3.45652e-06 7.69203e-05 0.00100924 0.00780835 0.0356476 0.0963638 0.156937 0.166637 0.148129 0.1423 0.122013 0.073912 0.0321684 0.0118059 0.0038829 0.00104005 0.000219827 3.83797e-05 5.58566e-06 6.63965e-07 6.40342e-08 4.94771e-09
#obs catch len freq
 1.00148e-11 1.08749e-09 6.96219e-08 2.62788e-06 5.84803e-05 0.00076731 0.00593708 0.0271159 0.0734479 0.12075 0.133293 0.131052 0.141247 0.135719 0.102248 0.0653318 0.036859 0.0173073 0.00647204 0.00188979 0.000421632 7.02441e-05 8.50038e-06 7.21891e-07 4.15683e-08
 1.27564e-11 1.38519e-09 8.86813e-08 3.34728e-06 7.44893e-05 0.000977344 0.00756151 0.0345182 0.0932631 0.151406 0.158131 0.13344 0.122205 0.11086 0.0840019 0.0542757 0.0298507 0.0132014 0.00462396 0.00128342 0.000274142 4.31747e-05 4.8394e-06 3.75619e-07 1.9708e-08
 1.08902e-11 1.18255e-09 7.57078e-08 2.8576e-06 6.35925e-05 0.000834396 0.00645643 0.0294927 0.0799304 0.131604 0.145437 0.141278 0.146596 0.133033 0.0918518 0.0519049 0.0258065 0.0108555 0.0036642 0.000964791 0.000192611 2.8268e-05 2.95559e-06 2.13272e-07 1.03222e-08
 1.30817e-11 1.42052e-09 9.09431e-08 3.43266e-06 7.63893e-05 0.00100228 0.00775473 0.0354052 0.0957089 0.155632 0.163133 0.137656 0.123912 0.109658 0.0809587 0.0499802 0.0253256 0.00993703 0.00299724 0.000709207 0.000130037 1.77063e-05 1.71514e-06 1.14272e-07 5.09821e-09
 1.24126e-11 1.34786e-09 8.62915e-08 3.25708e-06 7.24825e-05 0.000951041 0.00735891 0.0336112 0.0910167 0.149108 0.160739 0.144976 0.137348 0.118286 0.079693 0.0441289 0.0211259 0.00832946 0.00255115 0.000587828 9.96328e-05 1.22117e-05 1.06382e-06 6.42877e-08 2.61893e-09
 1.1769e-11 1.27798e-09 8.18173e-08 3.08821e-06 6.87246e-05 0.000901747 0.00697791 0.031879 0.0864156 0.142143 0.155314 0.144083 0.140011 0.123119 0.0858233 0.0489021 0.0229371 0.00843013 0.00237978 0.000516463 8.41655e-05 9.87575e-06 8.04683e-07 4.44256e-08 1.63259e-09
 1.28442e-11 1.39473e-09 8.92918e-08 3.37033e-06 7.50029e-05 0.000984119 0.00761505 0.034783 0.0941891 0.154122 0.164649 0.143586 0.130142 0.111577 0.0787352 0.0461547 0.0222076 0.00828446 0.00232439 0.000485244 7.40849e-05 8.08315e-06 6.14979e-07 3.17869e-08 1.08836e-09
 1.19277e-11 1.29521e-09 8.29207e-08 3.12986e-06 6.96519e-05 0.000913938 0.00707295 0.0323253 0.0877426 0.144951 0.160043 0.149764 0.143014 0.120913 0.0802871 0.0435517 0.0197506 0.00714679 0.00197745 0.00040729 6.06018e-05 6.3225e-06 4.51568e-07 2.165e-08 6.84489e-10
 1.30416e-11 1.41617e-09 9.06643e-08 3.42214e-06 7.61563e-05 0.000999274 0.0077329 0.0353308 0.0957575 0.157086 0.168625 0.146959 0.130701 0.109462 0.0757255 0.0429775 0.019564 0.00681191 0.00178331 0.00034908 4.98958e-05 5.02563e-06 3.45234e-07 1.57651e-08 4.69221e-10
 1.27286e-11 1.38218e-09 8.84883e-08 3.34001e-06 7.43291e-05 0.000975325 0.0075484 0.0345027 0.0936681 0.154594 0.169117 0.152687 0.137979 0.112133 0.0729466 0.0388728 0.017106 0.00591568 0.00153928 0.000293266 3.9894e-05 3.78283e-06 2.4451e-07 1.05377e-08 2.96447e-10
 1.25799e-11 1.36602e-09 8.74542e-08 3.30099e-06 7.3461e-05 0.000963953 0.00746091 0.034111 0.0926794 0.153331 0.168673 0.153271 0.13866 0.113047 0.0742655 0.0394982 0.0168231 0.00550429 0.00135266 0.000246088 3.22228e-05 2.9328e-06 1.80137e-07 7.30206e-09 1.92003e-10
 1.28619e-11 1.39665e-09 8.94148e-08 3.375e-06 7.51083e-05 0.000985582 0.00762864 0.034882 0.0947983 0.156854 0.172087 0.154332 0.13654 0.10957 0.0715639 0.0379571 0.0160634 0.00517971 0.00123619 0.000214523 2.6472e-05 2.26414e-06 1.30943e-07 5.00482e-09 1.23892e-10
 1.25056e-11 1.35796e-09 8.6938e-08 3.28152e-06 7.30289e-05 0.000958334 0.00741884 0.0339409 0.0924142 0.153862 0.171715 0.158339 0.141795 0.112034 0.0708488 0.036096 0.0146802 0.00456791 0.00105357 0.000176055 2.07521e-05 1.67856e-06 9.10032e-08 3.24291e-09 7.46943e-11
 1.2046e-11 1.30805e-09 8.37431e-08 3.16093e-06 7.03461e-05 0.000923171 0.00714775 0.0327184 0.0892467 0.149429 0.1692 0.159579 0.145066 0.115445 0.0734951 0.0373089 0.0148073 0.00441888 0.000968963 0.000153556 1.71611e-05 1.31446e-06 6.72571e-08 2.25092e-09 4.84377e-11
 1.18053e-11 1.28192e-09 8.20701e-08 3.0978e-06 6.8942e-05 0.000904785 0.00700644 0.032087 0.0876555 0.147381 0.168417 0.160533 0.146359 0.116558 0.0745695 0.0379695 0.0149864 0.00440256 0.000938444 0.000142478 1.50686e-05 1.08422e-06 5.19412e-08 1.62535e-09 3.26686e-11
 1.2032e-11 1.30653e-09 8.36457e-08 3.15728e-06 7.02667e-05 0.000922203 0.0071421 0.0327185 0.0894494 0.150606 0.17212 0.162689 0.145523 0.113546 0.0712246 0.0354714 0.0136607 0.00391111 0.000810203 0.000118811 1.20328e-05 8.21379e-07 3.70138e-08 1.08231e-09 2.02397e-11
 1.18019e-11 1.28155e-09 8.20467e-08 3.09695e-06 6.89253e-05 0.000904663 0.00700788 0.032127 0.088027 0.149127 0.172741 0.165859 0.148568 0.114367 0.0702164 0.0340023 0.0126719 0.0035018 0.000698612 9.83785e-05 9.53397e-06 6.20061e-07 2.64863e-08 7.30088e-10 1.2801e-11
 1.26437e-11 1.37296e-09 8.78986e-08 3.31784e-06 7.38417e-05 0.000969192 0.00750748 0.0344088 0.0941566 0.158596 0.180061 0.165526 0.141664 0.10653 0.064742 0.0308997 0.0112173 0.00298969 0.000571312 7.66855e-05 7.05867e-06 4.34832e-07 1.75493e-08 4.55899e-10 7.51345e-12
 1.19612e-11 1.29885e-09 8.31542e-08 3.1388e-06 6.98602e-05 0.00091707 0.00710713 0.0326236 0.0896956 0.153172 0.179616 0.172656 0.150175 0.109712 0.063097 0.0283678 0.00977875 0.0024914 0.000454883 5.80414e-05 5.04997e-06 2.92781e-07 1.10885e-08 2.69788e-10 4.15841e-12
 1.20276e-11 1.30606e-09 8.36163e-08 3.15626e-06 7.02501e-05 0.000922233 0.007148 0.0328192 0.0902613 0.154056 0.179815 0.170973 0.148005 0.109681 0.0644865 0.0291251 0.00979122 0.00238003 0.000410649 4.94057e-05 4.051e-06 2.20977e-07 7.85219e-09 1.78698e-10 2.56948e-12
 1.19752e-11 1.30038e-09 8.32528e-08 3.14258e-06 6.99482e-05 0.000918368 0.0071202 0.0327187 0.0901756 0.154637 0.18181 0.173335 0.148483 0.108094 0.062574 0.0280058 0.00936978 0.0022573 0.000380702 4.39736e-05 3.4101e-06 1.74344e-07 5.7817e-09 1.22576e-10 1.64025e-12
 1.2274e-11 1.33282e-09 8.53304e-08 3.22104e-06 7.16967e-05 0.000941399 0.00730019 0.0335605 0.0925675 0.158821 0.186127 0.17504 0.146559 0.104172 0.0587801 0.0255188 0.00825859 0.00192643 0.000315046 3.52294e-05 2.62942e-06 1.28244e-07 4.01872e-09 7.98495e-11 9.95429e-13
 1.27431e-11 1.38376e-09 8.85919e-08 3.3442e-06 7.44405e-05 0.000977504 0.0075816 0.0348675 0.0962255 0.165048 0.192328 0.177378 0.143627 0.0981987 0.0531166 0.0220196 0.00678758 0.00150588 0.000234009 2.48603e-05 1.76321e-06 8.16938e-08 2.42797e-09 4.56151e-11 5.35499e-13
 1.1802e-11 1.28158e-09 8.20509e-08 3.09741e-06 6.89552e-05 0.000905779 0.007032 0.0324265 0.090142 0.15746 0.190407 0.183993 0.152425 0.102841 0.0535763 0.0210999 0.0061342 0.00127847 0.000186193 1.85172e-05 1.22925e-06 5.33278e-08 1.48477e-09 2.6142e-11 2.87625e-13
 1.23808e-11 1.34442e-09 8.60751e-08 3.24934e-06 7.23382e-05 0.000950213 0.0073762 0.0339946 0.0942783 0.163354 0.193405 0.180816 0.146584 0.0992217 0.0522865 0.0205242 0.00580604 0.00115363 0.000158022 1.4665e-05 9.04756e-07 3.64122e-08 9.39983e-10 1.53469e-11 1.56644e-13
 1.20171e-11 1.30495e-09 8.35492e-08 3.15415e-06 7.02284e-05 0.000922828 0.00717036 0.033126 0.0924185 0.162255 0.196395 0.186914 0.149905 0.0974798 0.0488622 0.0183577 0.00501649 0.000964322 0.000126811 1.11603e-05 6.45385e-07 2.41406e-08 5.76242e-10 8.67642e-12 8.15828e-14
 1.17401e-11 1.27487e-09 8.16252e-08 3.08166e-06 6.8623e-05 0.000902014 0.00701397 0.0324621 0.090934 0.160942 0.197229 0.189761 0.152373 0.097995 0.0478289 0.0171695 0.00441756 0.000795091 9.80241e-05 8.11223e-06 4.41504e-07 1.55059e-08 3.45961e-10 4.84416e-12 4.21655e-14
 1.17502e-11 1.27598e-09 8.16975e-08 3.08454e-06 6.86951e-05 0.000903209 0.00702759 0.0325677 0.0914563 0.162464 0.1996 0.19129 0.151804 0.096095 0.0459629 0.0160338 0.00396316 0.00067685 7.83064e-05 6.03402e-06 3.04655e-07 9.92095e-09 2.05421e-10 2.67146e-12 2.15975e-14
#spawning biomass
 18078.5 20275.4 22859.8 29414.1 33610.5 41795.9 48540.7 53082.7 68516 82709.4 88233.2 101786 110445 118850 120377 115309 115085 129191 126506 122624 130833 147319 147809 152243 155544 142982 141450 130739 128855 197486 180878 140330 104361 79028 63025.9 53569.5 48226.8 45302.8 43739.2 42917.3 42490.7 42271.5 42159.4 42102.1 42073.6 42059.5 42052.5 42049 42047.3 42046.4 42046 42045.8 42045.7 42045.6 42045.6 42045.6 42045.6 42045.6 42045.5 42045.5 42045.5 42045.5 42045.5 42045.5 42045.5 42045.5 42045.5 42045.5 42045.5 42045.5 42045.5 42045.5 42045.5 42045.5 42045.5 42045.5 42045.5 42045.5 42045.5 42045.5 42045.5 42045.5 42045.5 42045.5 42045.5 42045.5 42045.5 42045.5 42045.5 42045.5 42045.5 42045.5 42045.5 42045.5 42045.5 42045.5 42045.5 42045.5 42045.5 42045.5 42045.5 42045.5 42045.5 42045.5 42045.5 42045.5 42045.5 42045.5 42045.5 42045.5 42045.5 42045.5 42045.5 42045.5 42045.5 42045.5 42045.5 42045.5 42045.5 42045.5 42045.5 42045.5 42045.5 42045.5 42045.5 42045.5 42045.5 42045.5 0 0 0 0 0 0 0 0 0 0 0 0 0 0 0 0 0 0 0 0 0 0 0 0 0
