SBPRF35
0.819782
Curr Bio
220844
B35
1.52331e+06
F35
0.2333
FOFL
0
OFL
0
Bzero
234224
#pred survey bio
 20785.2 25373 22419 26249.3 45282.9 66556.5 82274.7 100693 130905 166110 179815 218375 265732 262739 265920 244688 231353 258723 305901 291557 240727 237240 278578 282367 295780 298145 304073 267127 5.42501e+06 8.77152e+06 9.74822e+06 9.33348e+06 8.23878e+06 6.95959e+06 5.76811e+06 4.775e+06 3.9991e+06 3.41693e+06 2.99118e+06 2.6847e+06 2.46597e+06 2.31037e+06 2.19896e+06 2.11631e+06 2.058e+06 2.01631e+06 1.98608e+06 1.96386e+06 1.94731e+06 1.93481e+06 1.92526e+06 1.91788e+06 1.91213e+06 1.90761e+06 1.90402e+06 1.90116e+06 1.89887e+06 1.89703e+06 1.89555e+06 1.89434e+06 1.89336e+06 1.89257e+06 1.89192e+06 1.8914e+06 1.89097e+06 1.89062e+06 1.89033e+06 1.8901e+06 1.8899e+06 1.88975e+06 1.88962e+06 1.88951e+06 1.88943e+06 1.88936e+06 1.8893e+06 1.88925e+06 1.88922e+06 1.88918e+06 1.88916e+06 1.88914e+06 1.88912e+06 1.88911e+06 1.88909e+06 1.88908e+06 1.88908e+06 1.88907e+06 1.88907e+06 1.88906e+06 1.88906e+06 1.88905e+06 1.88905e+06 1.88905e+06 1.88905e+06 1.88905e+06 1.88905e+06 1.88905e+06 1.88905e+06 1.88904e+06 1.88904e+06 1.88904e+06 1.88904e+06 1.88904e+06 1.88904e+06 1.88904e+06 1.88904e+06 1.88904e+06 1.88904e+06 1.88904e+06 1.88904e+06 1.88904e+06 1.88904e+06 1.88904e+06 1.88904e+06 1.88904e+06 1.88904e+06 1.88904e+06 1.88904e+06 1.88904e+06 1.88904e+06 1.88904e+06 1.88904e+06 1.88904e+06 1.88904e+06 1.88904e+06 1.88904e+06 1.88904e+06 1.88904e+06 1.88904e+06 0 0 0 0 0 0 0 0 0 0 0 0 0 0 0 0 0 0 0 0 0 0 0 0 0
#obs survey bio
 16830.9 22272.3 21416.4 34699.3 51605.5 55760.9 73463.4 130260 107052 124574 168387 179654 183358 258220 217273 159022 265546 180472 195136 252236 147640 225906 284732 255204 206622 151317 194496 224340
#pred catch bio
 7456.16 14028.7 11882.1 12309.4 28302.8 46822.7 58608.1 71043 89981.6 124123 131206 156377 203559 196645 206909 193559 178325 192136 244635 245125 197012 184086 230256 232953 246752 248465 260182 243170 0 77545.9 85941.6 81302.6 70616.3 58466.7 47344.9 38227.6 31237.5 26110.6 22464.8 19929.5 18195 17023.1 16236 15700.9 15353.9 15128.9 14983 14888.5 14827.1 14787.4 14761.6 14744.9 14734.1 14727 14722.5 14719.5 14717.6 14716.4 14715.6 14715 14714.7 14714.5 14714.3 14714.2 14714.2 14714.1 14714.1 14714.1 14714.1 14714.1 14714.1 14714.1 14714.1 14714.1 14714.1 14714.1 14714.1 14714.1 14714.1 14714.1 14714.1 14714.1 14714.1 14714.1 14714.1 14714.1 14714.1 14714.1 14714.1 14714.1 14714.1 14714.1 14714.1 14714.1 14714.1 14714.1 14714.1 14714.1 14714.1 14714.1 14714.1 14714.1 14714.1 14714.1 14714.1 14714.1 14714.1 14714.1 14714.1 14714.1 14714.1 14714.1 14714.1 14714.1 14714.1 14714.1 14714.1 14714.1 14714.1 14714.1 14714.1 14714.1 14714.1 14714.1 14714.1 14714.1 14714.1 14714.1 0 0 0 0 0 0 0 0 0 0 0 0 0 0 0 0 0 0 0 0 0 0 0 0 0
#obs catch bio
 16707.7 14947 14906.4 9768.96 22385.5 41061.9 50385.3 59949.5 78017.5 108763 124624 143711 192417 176145 198292 190991 153091 177997 247356 238628 189370 161621 199251 205503 231245 236996 246572 226666
#pred cpue bio
 14319.8 21244 16478.6 17113.9 24286.7 35809.4 42252.7 50923.8 63790.4 87804.7 90983.4 105196 134023 135984 143378 128936 112656 116714 145710 136868 107070 99604.5 118611 111366 114561 114837 116335 105426 1.55023e+06 8.60525e+06 9.62535e+06 9.20919e+06 8.11444e+06 6.83525e+06 5.64377e+06 4.65066e+06 3.87476e+06 3.29259e+06 2.86684e+06 2.56036e+06 2.34163e+06 2.18603e+06 2.07462e+06 1.99197e+06 1.93366e+06 1.89197e+06 1.86174e+06 1.83952e+06 1.82297e+06 1.81047e+06 1.80092e+06 1.79354e+06 1.78779e+06 1.78327e+06 1.77968e+06 1.77682e+06 1.77453e+06 1.77269e+06 1.77121e+06 1.77e+06 1.76902e+06 1.76823e+06 1.76758e+06 1.76706e+06 1.76663e+06 1.76628e+06 1.76599e+06 1.76576e+06 1.76556e+06 1.76541e+06 1.76528e+06 1.76517e+06 1.76509e+06 1.76502e+06 1.76496e+06 1.76491e+06 1.76488e+06 1.76484e+06 1.76482e+06 1.7648e+06 1.76478e+06 1.76477e+06 1.76475e+06 1.76474e+06 1.76474e+06 1.76473e+06 1.76473e+06 1.76472e+06 1.76472e+06 1.76471e+06 1.76471e+06 1.76471e+06 1.76471e+06 1.76471e+06 1.76471e+06 1.76471e+06 1.76471e+06 1.7647e+06 1.7647e+06 1.7647e+06 1.7647e+06 1.7647e+06 1.7647e+06 1.7647e+06 1.7647e+06 1.7647e+06 1.7647e+06 1.7647e+06 1.7647e+06 1.7647e+06 1.7647e+06 1.7647e+06 1.7647e+06 1.7647e+06 1.7647e+06 1.7647e+06 1.7647e+06 1.7647e+06 1.7647e+06 1.7647e+06 1.7647e+06 1.7647e+06 1.7647e+06 1.7647e+06 1.7647e+06 1.7647e+06 1.7647e+06 1.7647e+06 0 0 0 0 0 0 0 0 0 0 0 0 0 0 0 0 0 0 0 0 0 0 0 0 0
#obs cpue bio
 24949.2 13698.5 16471.1 25995.5 42236.2 68346.7 80076.3 85832.8 116720 206040 122265 180585 241041 211498 220694 209498 205004 182365 235048 208878 182636 178830 230456 191328 206974 257002 234025 178649
#pred surv len freq
 1.41217e-11 1.53277e-09 9.80974e-08 3.70189e-06 8.23718e-05 0.00108076 0.00836214 0.0381717 0.103046 0.166474 0.170262 0.135209 0.114095 0.0959582 0.0653019 0.0386574 0.0229273 0.0137091 0.00840216 0.0054976 0.00393199 0.00311788 0.00260398 0.00196831 0.00113762
 8.49838e-12 9.22417e-10 5.90346e-08 2.22779e-06 4.95716e-05 0.000650436 0.00503382 0.0230069 0.0624987 0.104121 0.121293 0.134642 0.158632 0.151223 0.104727 0.0604608 0.0338211 0.0181929 0.00942505 0.00495414 0.00278648 0.00177667 0.00127929 0.000905732 0.000517569
 1.25672e-11 1.36405e-09 8.72989e-08 3.29439e-06 7.33045e-05 0.000961798 0.00744187 0.0339752 0.0917773 0.148753 0.15443 0.128762 0.117005 0.105728 0.080817 0.0561619 0.0360134 0.0199191 0.00974757 0.00446923 0.00200271 0.000950829 0.000522692 0.000315562 0.000169186
 1.42365e-11 1.54524e-09 9.88949e-08 3.73199e-06 8.30416e-05 0.00108955 0.00843029 0.0384859 0.103937 0.16826 0.173702 0.142002 0.123919 0.103471 0.0655473 0.033529 0.0175373 0.010021 0.0055228 0.00265706 0.00110455 0.000422413 0.000166442 7.42347e-05 3.37553e-05
 1.67017e-11 1.8128e-09 1.16019e-07 4.3782e-06 9.74205e-05 0.0012782 0.00988941 0.0451351 0.12173 0.195736 0.195849 0.144184 0.107721 0.082868 0.0508894 0.0247236 0.0111511 0.00493133 0.00216201 0.000981953 0.000428947 0.000162767 5.37048e-05 1.70998e-05 5.69853e-06
 1.60932e-11 1.74676e-09 1.11792e-07 4.2187e-06 9.38713e-05 0.00123164 0.00952947 0.043499 0.117409 0.189529 0.193113 0.151193 0.123395 0.0963358 0.0528454 0.0178031 0.00356587 0.000421821 2.94317e-05 1.21092e-06 2.93777e-08 4.2024e-10 3.54457e-12 1.76292e-14 5.16979e-17
 1.66227e-11 1.80424e-09 1.15471e-07 4.35751e-06 9.69601e-05 0.00127216 0.00984288 0.0449267 0.121223 0.195361 0.197538 0.150734 0.118432 0.0906725 0.0494851 0.0166532 0.00333486 0.000394477 2.75236e-05 1.13241e-06 2.74731e-08 3.92995e-10 3.31477e-12 1.64862e-14 4.8346e-17
 1.67876e-11 1.82214e-09 1.16616e-07 4.40074e-06 9.7922e-05 0.00128478 0.00994048 0.0453714 0.12241 0.197177 0.198916 0.150591 0.116887 0.0889088 0.0484387 0.0162951 0.00326292 0.000385962 2.69294e-05 1.10796e-06 2.68799e-08 3.8451e-10 3.2432e-12 1.61303e-14 4.73022e-17
 1.71681e-11 1.86343e-09 1.19259e-07 4.50047e-06 0.000100141 0.0013139 0.0101656 0.046397 0.12515 0.201367 0.202094 0.150261 0.113322 0.0848402 0.0460246 0.0154691 0.00309696 0.000366317 2.55586e-05 1.05156e-06 2.55116e-08 3.64937e-10 3.0781e-12 1.53092e-14 4.48943e-17
 1.62999e-11 1.76919e-09 1.13228e-07 4.27288e-06 9.5077e-05 0.00124746 0.0096518 0.0440563 0.118898 0.191805 0.19484 0.151014 0.121458 0.0941253 0.0515338 0.0173543 0.0034757 0.000411148 2.86869e-05 1.18028e-06 2.86343e-08 4.09606e-10 3.45487e-12 1.7183e-14 5.03894e-17
 1.67824e-11 1.82156e-09 1.1658e-07 4.39936e-06 9.78914e-05 0.00128438 0.00993737 0.0453572 0.122372 0.19712 0.198872 0.150596 0.116936 0.088965 0.048472 0.0163066 0.00326521 0.000386233 2.69483e-05 1.10874e-06 2.68988e-08 3.8478e-10 3.24548e-12 1.61416e-14 4.73354e-17
 1.7281e-11 1.87569e-09 1.20044e-07 4.53008e-06 0.0001008 0.00132254 0.0102325 0.0467016 0.125963 0.202612 0.203038 0.150163 0.112263 0.0836319 0.0453077 0.0152238 0.00304767 0.000360484 2.51515e-05 1.03481e-06 2.51053e-08 3.59124e-10 3.02908e-12 1.50653e-14 4.41792e-17
 1.68165e-11 1.82526e-09 1.16817e-07 4.4083e-06 9.80902e-05 0.00128699 0.00995755 0.0454491 0.122618 0.197495 0.199157 0.150566 0.116617 0.0886005 0.0482557 0.0162326 0.00325034 0.000384473 2.68255e-05 1.10369e-06 2.67762e-08 3.83027e-10 3.23069e-12 1.60681e-14 4.71197e-17
 1.65374e-11 1.79498e-09 1.14878e-07 4.33516e-06 9.64627e-05 0.00126564 0.00979241 0.0446968 0.120608 0.194422 0.196825 0.150808 0.119231 0.0915845 0.0500263 0.0168384 0.00337206 0.00039888 2.78309e-05 1.14505e-06 2.77798e-08 3.97382e-10 3.35177e-12 1.66703e-14 4.88857e-17
 1.60678e-11 1.74401e-09 1.11616e-07 4.21205e-06 9.37234e-05 0.0012297 0.00951446 0.0434307 0.117226 0.189249 0.192901 0.151215 0.123632 0.0966071 0.0530063 0.0178581 0.00357694 0.00042313 2.9523e-05 1.21468e-06 2.94689e-08 4.21545e-10 3.55557e-12 1.76839e-14 5.18582e-17
 1.63358e-11 1.77309e-09 1.13478e-07 4.28229e-06 9.52864e-05 0.00125021 0.00967306 0.0441531 0.119156 0.192201 0.19514 0.150983 0.121121 0.0937412 0.0513059 0.0172763 0.00346004 0.000409293 2.85575e-05 1.17495e-06 2.85051e-08 4.07758e-10 3.43928e-12 1.71055e-14 5.01621e-17
 1.71753e-11 1.86422e-09 1.1931e-07 4.50238e-06 0.000100184 0.00131445 0.01017 0.0464167 0.125202 0.201448 0.202155 0.150255 0.113254 0.0847622 0.0459783 0.0154533 0.00309378 0.000365941 2.55323e-05 1.05048e-06 2.54854e-08 3.64562e-10 3.07494e-12 1.52934e-14 4.48481e-17
 1.78838e-11 1.94111e-09 1.24231e-07 4.68809e-06 0.000104316 0.00136867 0.0105892 0.0483267 0.130304 0.20925 0.208074 0.149641 0.106615 0.0771858 0.041483 0.013915 0.00278473 0.000329361 2.29797e-05 9.45457e-07 2.29374e-08 3.28113e-10 2.76751e-12 1.37644e-14 4.03643e-17
 1.73894e-11 1.88745e-09 1.20796e-07 4.55848e-06 0.000101432 0.00133083 0.0102966 0.0469937 0.126743 0.203805 0.203943 0.150069 0.111248 0.0824735 0.0446203 0.0149886 0.00300042 0.000354891 2.47612e-05 1.01876e-06 2.47157e-08 3.53551e-10 2.98207e-12 1.48315e-14 4.34936e-17
 1.75264e-11 1.90233e-09 1.21749e-07 4.59441e-06 0.000102231 0.00134132 0.0103777 0.0473633 0.127731 0.205315 0.205089 0.149951 0.109964 0.0810074 0.0437505 0.0146909 0.00294062 0.000347812 2.42673e-05 9.98433e-07 2.42226e-08 3.46498e-10 2.92258e-12 1.45357e-14 4.2626e-17
 1.8005e-11 1.95427e-09 1.25073e-07 4.71986e-06 0.000105023 0.00137794 0.010661 0.0486535 0.131177 0.210585 0.209087 0.149536 0.105479 0.0758895 0.0407138 0.0136518 0.00273185 0.000323102 2.2543e-05 9.27487e-07 2.25014e-08 3.21877e-10 2.71491e-12 1.35028e-14 3.95971e-17
 1.84709e-11 2.00484e-09 1.28309e-07 4.84199e-06 0.00010774 0.00141359 0.0109367 0.0499096 0.134532 0.215717 0.21298 0.149132 0.101113 0.0709068 0.0377574 0.0126402 0.00252861 0.000299045 2.08642e-05 8.58416e-07 2.08257e-08 2.97906e-10 2.51273e-12 1.24972e-14 3.66482e-17
 1.83617e-11 1.99299e-09 1.27551e-07 4.81338e-06 0.000107104 0.00140524 0.0108721 0.0496153 0.133746 0.214514 0.212068 0.149226 0.102136 0.0720743 0.0384501 0.0128772 0.00257623 0.000304682 2.12576e-05 8.746e-07 2.12184e-08 3.03523e-10 2.5601e-12 1.27328e-14 3.73392e-17
 1.89288e-11 2.05453e-09 1.3149e-07 4.96202e-06 0.000110411 0.00144863 0.0112077 0.051144 0.137829 0.22076 0.216806 0.148735 0.0968225 0.0660099 0.0348519 0.011646 0.00232886 0.000275402 1.92144e-05 7.90535e-07 1.91789e-08 2.74349e-10 2.31403e-12 1.1509e-14 3.37502e-17
 1.90532e-11 2.06804e-09 1.32354e-07 4.99463e-06 0.000111137 0.00145815 0.0112813 0.0514794 0.138725 0.22213 0.217845 0.148627 0.0956568 0.0646796 0.0340626 0.0113759 0.00227459 0.000268979 1.87662e-05 7.72093e-07 1.87315e-08 2.67948e-10 2.26004e-12 1.12405e-14 3.29628e-17
 1.90906e-11 2.0721e-09 1.32614e-07 5.00445e-06 0.000111355 0.00146102 0.0113035 0.0515804 0.138995 0.222542 0.218158 0.148594 0.0953059 0.064279 0.0338249 0.0112946 0.00225825 0.000267045 1.86312e-05 7.66541e-07 1.85968e-08 2.66022e-10 2.24379e-12 1.11597e-14 3.27258e-17
 1.91355e-11 2.07698e-09 1.32926e-07 5.01622e-06 0.000111617 0.00146446 0.0113301 0.0517015 0.139318 0.223037 0.218533 0.148555 0.0948849 0.0637986 0.0335399 0.011197 0.00223866 0.000264725 1.84694e-05 7.59882e-07 1.84352e-08 2.6371e-10 2.2243e-12 1.10627e-14 3.24415e-17
 1.89241e-11 2.05402e-09 1.31457e-07 4.96079e-06 0.000110384 0.00144827 0.0112049 0.0511314 0.137795 0.220708 0.216767 0.148739 0.0968666 0.0660602 0.0348818 0.0116562 0.00233091 0.000275645 1.92313e-05 7.91232e-07 1.91958e-08 2.7459e-10 2.31607e-12 1.15191e-14 3.37799e-17
#obs surv len freq
 3.95739e-11 3.66758e-09 2.00418e-07 6.45773e-06 0.000122692 0.00137453 0.00908208 0.0354284 0.0820402 0.116015 0.11387 0.108825 0.120517 0.122927 0.108084 0.0841024 0.0542834 0.0276657 0.01113 0.00350638 0.000845141 0.000152008 1.98256e-05 1.81413e-06 1.12779e-07
 1.79893e-11 1.60798e-09 8.47494e-08 2.63379e-06 4.82647e-05 0.000521618 0.0033276 0.012589 0.0289351 0.0451504 0.0654676 0.10752 0.15552 0.174075 0.161355 0.124215 0.0730668 0.0323428 0.0114968 0.00340465 0.000802007 0.000140136 1.72997e-05 1.46382e-06 8.29933e-08
 1.42286e-10 1.22456e-08 6.21419e-07 1.85942e-05 0.000328062 0.00341291 0.020936 0.0757392 0.161703 0.20454 0.15668 0.0823728 0.0499465 0.0562811 0.0686501 0.0610949 0.0366078 0.0153043 0.00484542 0.001238 0.000255606 4.07433e-05 4.72309e-06 3.77717e-07 2.00707e-08
 1.43472e-10 1.18695e-08 5.79005e-07 1.66541e-05 0.000282457 0.00282488 0.0166644 0.0580754 0.120541 0.155231 0.146758 0.142788 0.14415 0.110632 0.0588733 0.0252233 0.0109368 0.00473552 0.00170498 0.000458312 8.9453e-05 1.26797e-05 1.29548e-06 9.29374e-08 4.51915e-09
 1.93913e-10 1.53976e-08 7.20914e-07 1.99023e-05 0.000323977 0.00310982 0.0176062 0.0588626 0.116963 0.142762 0.123752 0.10908 0.114095 0.113522 0.0966613 0.0639899 0.0289787 0.00840866 0.00160057 0.000228761 2.98124e-05 3.56502e-06 3.31621e-07 2.14914e-08 9.3181e-10
 3.06451e-10 2.33217e-08 1.04652e-06 2.76899e-05 0.000432004 0.00397436 0.0215661 0.069119 0.131783 0.155008 0.131402 0.114449 0.113636 0.102115 0.0778311 0.0482539 0.0218683 0.00681464 0.0014679 0.000223853 2.44177e-05 1.93239e-06 1.15939e-07 5.46289e-09 1.94974e-10
 4.06203e-10 2.95875e-08 1.27075e-06 3.2181e-05 0.000480545 0.00423149 0.0219807 0.0674898 0.123754 0.142612 0.1261 0.121559 0.125546 0.110962 0.0814409 0.0475209 0.0196956 0.00543263 0.00101047 0.000134849 1.36205e-05 1.03478e-06 5.64212e-08 2.12585e-09 5.47533e-11
 6.15652e-10 4.28658e-08 1.75984e-06 4.26016e-05 0.000608095 0.00511851 0.0254162 0.0746021 0.130808 0.144319 0.122745 0.115189 0.118488 0.107748 0.0819346 0.0478732 0.019162 0.00498162 0.000851867 0.000100987 8.76794e-06 5.68144e-07 2.69853e-08 9.11624e-10 2.12427e-11
 9.09811e-10 6.0481e-08 2.37068e-06 5.47919e-05 0.000746717 0.00600111 0.0284546 0.0798012 0.134097 0.143744 0.123611 0.11956 0.120863 0.104626 0.0752846 0.0419299 0.0162333 0.00417136 0.000723726 8.83043e-05 7.73872e-06 4.81409e-07 2.0802e-08 6.16253e-10 1.24216e-11
 1.15e-09 7.29068e-08 2.72538e-06 6.00725e-05 0.000780776 0.00598469 0.0270739 0.0725691 0.117571 0.12624 0.119526 0.13004 0.135881 0.117417 0.0829136 0.0440134 0.0157323 0.00360203 0.000534255 5.41752e-05 4.01166e-06 2.23207e-07 9.0871e-09 2.58193e-10 4.92894e-12
 1.83512e-09 1.10837e-07 3.94722e-06 8.28874e-05 0.00102633 0.00749457 0.0322983 0.0824522 0.127063 0.129084 0.114689 0.11956 0.126124 0.114423 0.0835823 0.0437345 0.0148183 0.00311867 0.000408834 3.45734e-05 2.00241e-06 8.44195e-08 2.65691e-09 6.13583e-11 1.00486e-12
 2.96969e-09 1.70708e-07 5.78607e-06 0.000115639 0.00136279 0.00947165 0.0388555 0.0944812 0.139111 0.136693 0.12024 0.122631 0.121552 0.101347 0.0680927 0.0331441 0.0105319 0.00208549 0.000257067 2.03084e-05 1.0788e-06 4.02689e-08 1.07071e-09 1.99826e-11 2.57088e-13
 3.54484e-09 1.93761e-07 6.24488e-06 0.000118679 0.00132997 0.00879132 0.0343285 0.0797879 0.11457 0.118504 0.123645 0.142033 0.141826 0.114782 0.0738632 0.0340856 0.010202 0.00189353 0.000217389 1.58414e-05 7.6709e-07 2.5874e-08 6.20026e-10 1.04028e-11 1.19045e-13
 5.00738e-09 2.6004e-07 7.96265e-06 0.00014377 0.00153074 0.00961383 0.0356757 0.0788823 0.108277 0.108982 0.11411 0.134562 0.143325 0.126531 0.0854173 0.0392389 0.0114 0.0020523 0.000232207 1.71238e-05 8.586e-07 2.9932e-08 7.18252e-10 1.15731e-11 1.23011e-13
 7.60755e-09 3.7506e-07 1.0903e-05 0.00018689 0.0018891 0.011265 0.0397101 0.0836088 0.110488 0.110876 0.119307 0.139563 0.143011 0.120122 0.0765132 0.0329264 0.00889222 0.00147012 0.000149718 9.67368e-06 4.16356e-07 1.25573e-08 2.71293e-10 4.12828e-12 4.27989e-14
 1.22394e-08 5.72459e-07 1.57876e-05 0.000256735 0.002462 0.0139288 0.0465933 0.0931813 0.117445 0.113823 0.119717 0.13671 0.137286 0.112689 0.0690969 0.0282895 0.00724604 0.00114031 0.00011154 7.00575e-06 2.95031e-07 8.60126e-09 1.73882e-10 2.38844e-12 2.18624e-14
 1.96946e-08 8.73366e-07 2.28368e-05 0.000352105 0.00320147 0.0171746 0.0544987 0.10359 0.12513 0.118939 0.124073 0.136746 0.130035 0.100359 0.0576737 0.0220849 0.00527506 0.000769643 6.90789e-05 3.92222e-06 1.47273e-07 3.82437e-09 6.99986e-11 8.9025e-13 7.65366e-15
 2.55151e-08 1.07224e-06 2.65692e-05 0.000388212 0.00334527 0.0170142 0.0512785 0.0933766 0.112059 0.115723 0.134197 0.150283 0.138581 0.102332 0.0558366 0.0202518 0.00459983 0.000645286 5.67879e-05 3.24535e-06 1.25196e-07 3.32552e-09 6.02379e-11 7.26752e-13 5.73912e-15
 3.82676e-08 1.52332e-06 3.57554e-05 0.000494879 0.00403959 0.0194641 0.0555983 0.0961472 0.110468 0.111458 0.128676 0.146328 0.140139 0.105917 0.0567989 0.019648 0.00419172 0.000547314 4.44596e-05 2.32768e-06 8.21806e-08 2.02219e-09 3.47149e-11 4.06142e-13 3.15468e-15
 6.46516e-08 2.43704e-06 5.41673e-05 0.000709937 0.00548769 0.0250408 0.0677598 0.11115 0.121694 0.117886 0.130134 0.140077 0.126397 0.0898668 0.0454026 0.014877 0.00303939 0.000387413 3.16169e-05 1.71525e-06 6.36178e-08 1.61425e-09 2.74535e-11 3.06421e-13 2.22071e-15
 8.10736e-08 2.89325e-06 6.08817e-05 0.000755458 0.00552959 0.0239119 0.0615572 0.097784 0.110599 0.122251 0.14712 0.155218 0.131681 0.0872364 0.0410638 0.0125408 0.00238468 0.000282026 2.12837e-05 1.06873e-06 3.70969e-08 8.99942e-10 1.49853e-11 1.66685e-13 1.21174e-15
 1.32165e-07 4.4646e-06 8.89286e-05 0.00104453 0.0072368 0.0296172 0.0721016 0.10791 0.113589 0.115969 0.134568 0.145636 0.129995 0.0878848 0.0403517 0.0116849 0.00207552 0.000226708 1.55943e-05 7.02997e-07 2.16719e-08 4.67049e-10 6.97819e-12 7.06087e-14 4.73675e-16
 1.98068e-07 6.33301e-06 0.000119399 0.00132748 0.00870676 0.0337547 0.0780753 0.112483 0.118863 0.126923 0.145523 0.145145 0.11669 0.0718123 0.0306071 0.00836887 0.00142907 0.000153757 1.07409e-05 5.04106e-07 1.61667e-08 3.51009e-10 5.04932e-12 4.7339e-14 2.87332e-16
 2.62867e-07 7.95543e-06 0.000141968 0.00149406 0.00927752 0.0340827 0.0750149 0.104686 0.112949 0.128706 0.15163 0.151346 0.120698 0.0720919 0.0291387 0.00744012 0.00117248 0.000114963 7.2284e-06 3.04227e-07 8.88034e-09 1.80964e-10 2.5221e-12 2.33816e-14 1.40989e-16
 4.13694e-07 1.18511e-05 0.00020019 0.00199424 0.0117223 0.0407702 0.0849985 0.112576 0.115915 0.127208 0.146255 0.144814 0.114449 0.0663483 0.0255546 0.00617113 0.000919989 8.57342e-05 5.15225e-06 2.07366e-07 5.7292e-09 1.08484e-10 1.38171e-12 1.16222e-14 6.38295e-17
 5.09012e-07 1.3804e-05 0.000220746 0.00208198 0.0115925 0.0382793 0.0765627 0.101384 0.114752 0.140964 0.162931 0.152072 0.111528 0.0601657 0.0217197 0.00495754 0.000706603 6.39809e-05 3.80517e-06 1.53375e-07 4.23127e-09 7.88001e-11 9.69641e-13 7.75979e-15 4.00227e-17
 5.81686e-07 1.49353e-05 0.000226131 0.00201957 0.0106541 0.0334203 0.0642456 0.0853496 0.10482 0.140382 0.170491 0.167022 0.126053 0.066909 0.0228924 0.00482796 0.000620835 4.92227e-05 2.47786e-06 8.27284e-08 1.91101e-09 3.10603e-11 3.49747e-13 2.64779e-15 1.31151e-17
 8.57443e-07 2.08465e-05 0.000298871 0.00252755 0.012628 0.0375364 0.0685381 0.0871894 0.104169 0.137556 0.167515 0.166214 0.124964 0.0645508 0.021308 0.00437348 0.000560956 4.60772e-05 2.49919e-06 9.12091e-08 2.23066e-09 3.5873e-11 3.7291e-13 2.4887e-15 1.06774e-17
#pred catch len freq
 3.01876e-13 3.27659e-11 2.09706e-09 7.91457e-08 1.76213e-06 2.31898e-05 0.000182177 0.000895695 0.00329778 0.0124308 0.0460707 0.122998 0.205623 0.214414 0.152926 0.0913288 0.0542541 0.0324503 0.0198887 0.0130131 0.00930713 0.0073801 0.00616368 0.00465903 0.00269277
 1.383e-13 1.50113e-11 9.60771e-10 3.62663e-08 8.08082e-07 1.06769e-05 8.55494e-05 0.00045899 0.00217902 0.0111088 0.0469946 0.129591 0.217871 0.22663 0.15974 0.0925263 0.051792 0.0278629 0.0144344 0.00758699 0.00426729 0.00272083 0.00195914 0.00138706 0.000792616
 2.99377e-13 3.24946e-11 2.07969e-09 7.84895e-08 1.74744e-06 2.29906e-05 0.000180386 0.00088171 0.00318032 0.0115997 0.0422474 0.112647 0.190581 0.207209 0.16454 0.115026 0.0738065 0.0408233 0.0199763 0.00915875 0.00410407 0.00194849 0.00107113 0.000646664 0.000346704
 3.92023e-13 4.25505e-11 2.72328e-09 1.02779e-07 2.28813e-06 3.01002e-05 0.000236002 0.00114974 0.004098 0.0146457 0.0526391 0.139082 0.230338 0.233956 0.154672 0.0797507 0.0417633 0.0238664 0.0131529 0.00632783 0.00263047 0.00100597 0.000396379 0.000176789 8.03875e-05
 7.27305e-12 7.8942e-10 5.05228e-08 1.90658e-06 4.24245e-05 0.000556675 0.00430886 0.0197092 0.0537553 0.0912784 0.114161 0.144334 0.183728 0.175086 0.113079 0.0554021 0.0249852 0.0110405 0.00483888 0.00219754 0.00095993 0.000364251 0.000120184 3.8267e-05 1.27525e-05
 9.97266e-12 1.08244e-09 6.92758e-08 2.61426e-06 5.81712e-05 0.000763272 0.00590705 0.0269976 0.0733331 0.122118 0.141974 0.1565 0.180749 0.161793 0.0916835 0.0310928 0.00623591 0.00073786 5.14852e-05 2.1183e-06 5.13914e-08 7.35141e-10 6.20064e-12 3.08393e-14 9.0437e-17
 1.1361e-11 1.23312e-09 7.89198e-08 2.97819e-06 6.6269e-05 0.000869512 0.00672872 0.0307406 0.0833308 0.137409 0.153574 0.155296 0.16774 0.146945 0.0828739 0.0280783 0.00563027 0.000666173 4.64828e-05 1.91248e-06 4.63981e-08 6.63712e-10 5.59816e-12 2.78429e-14 8.16494e-17
 1.14902e-11 1.24715e-09 7.98177e-08 3.01208e-06 6.7023e-05 0.000879404 0.00680523 0.0310891 0.0842617 0.138833 0.154654 0.155184 0.166528 0.145563 0.0820536 0.0277976 0.00557388 0.000659498 4.60171e-05 1.89331e-06 4.59331e-08 6.57061e-10 5.54207e-12 2.75639e-14 8.08313e-17
 1.17367e-11 1.2739e-09 8.15296e-08 3.07668e-06 6.84604e-05 0.000898262 0.00695108 0.0317535 0.0860363 0.141547 0.156713 0.15497 0.164219 0.142927 0.0804899 0.0272625 0.00546638 0.000646774 4.51291e-05 1.85678e-06 4.50468e-08 6.44383e-10 5.43513e-12 2.7032e-14 7.92715e-17
 1.17508e-11 1.27543e-09 8.16277e-08 3.08038e-06 6.85427e-05 0.000899342 0.00695943 0.0317916 0.086138 0.141702 0.156831 0.154958 0.164087 0.142776 0.0804003 0.0272319 0.00546022 0.000646044 4.50782e-05 1.85469e-06 4.4996e-08 6.43656e-10 5.429e-12 2.70015e-14 7.91822e-17
 1.21694e-11 1.32087e-09 8.45354e-08 3.19011e-06 7.09843e-05 0.000931374 0.00720717 0.0329201 0.0891524 0.146313 0.160328 0.154595 0.160164 0.1383 0.0777441 0.026323 0.00527761 0.00062443 4.357e-05 1.79263e-06 4.34905e-08 6.2212e-10 5.24735e-12 2.60981e-14 7.65327e-17
 1.27652e-11 1.38554e-09 8.86745e-08 3.34631e-06 7.44598e-05 0.000976972 0.00755983 0.0345266 0.0934434 0.152875 0.165307 0.154079 0.15458 0.131927 0.0739631 0.0250292 0.00501767 0.000593663 4.1423e-05 1.70429e-06 4.13474e-08 5.91463e-10 4.98877e-12 2.4812e-14 7.27614e-17
 1.31381e-11 1.42602e-09 9.12651e-08 3.44406e-06 7.66351e-05 0.00100551 0.00778054 0.035532 0.0961289 0.156983 0.168423 0.153755 0.151086 0.127939 0.0715967 0.0242194 0.00485499 0.000574406 4.00792e-05 1.64901e-06 4.00061e-08 5.72276e-10 4.82693e-12 2.40071e-14 7.0401e-17
 1.22161e-11 1.32594e-09 8.486e-08 3.20236e-06 7.12569e-05 0.00093495 0.00723483 0.0330461 0.089489 0.146827 0.160719 0.154555 0.159726 0.1378 0.0774476 0.0262215 0.00525722 0.000622017 4.34016e-05 1.7857e-06 4.33224e-08 6.19715e-10 5.22707e-12 2.59972e-14 7.6237e-17
 1.21617e-11 1.32003e-09 8.4482e-08 3.18809e-06 7.09395e-05 0.000930786 0.00720262 0.0328994 0.089097 0.146228 0.160264 0.154602 0.160236 0.138382 0.0777929 0.0263397 0.00528097 0.000624827 4.35977e-05 1.79377e-06 4.35181e-08 6.22515e-10 5.25068e-12 2.61147e-14 7.65814e-17
 1.29163e-11 1.40194e-09 8.9724e-08 3.38591e-06 7.53411e-05 0.000988533 0.00764925 0.0349339 0.0945314 0.154539 0.166569 0.153948 0.153165 0.130312 0.0730044 0.0247011 0.00495176 0.000585861 4.08786e-05 1.68189e-06 4.0804e-08 5.8369e-10 4.92321e-12 2.44859e-14 7.18051e-17
 1.38451e-11 1.50275e-09 9.61759e-08 3.62938e-06 8.07586e-05 0.00105961 0.00819895 0.037438 0.10122 0.164769 0.17433 0.153142 0.144461 0.120378 0.0671107 0.0226844 0.00454659 0.000537903 3.7532e-05 1.5442e-06 3.74634e-08 5.35904e-10 4.52015e-12 2.24813e-14 6.59265e-17
 1.44725e-11 1.57085e-09 1.00534e-07 3.79385e-06 8.44182e-05 0.00110762 0.00857028 0.0391296 0.105738 0.171679 0.179572 0.152598 0.138582 0.113668 0.0631294 0.0213221 0.00427288 0.000505506 3.52713e-05 1.45119e-06 3.52068e-08 5.03624e-10 4.24788e-12 2.11271e-14 6.19554e-17
 1.4745e-11 1.60043e-09 1.02427e-07 3.86528e-06 8.60075e-05 0.00112847 0.00873154 0.0398642 0.1077 0.17468 0.181849 0.152362 0.136028 0.110754 0.0614004 0.0207304 0.00415402 0.000491436 3.42895e-05 1.41079e-06 3.42268e-08 4.89605e-10 4.12963e-12 2.0539e-14 6.02308e-17
 1.56153e-11 1.69489e-09 1.08473e-07 4.09343e-06 9.1084e-05 0.00119507 0.00924665 0.0422107 0.113968 0.184266 0.18912 0.151608 0.127873 0.101446 0.0558777 0.0188407 0.00377434 0.000446496 3.11535e-05 1.28176e-06 3.10964e-08 4.44826e-10 3.75194e-12 1.86605e-14 5.47222e-17
 1.59581e-11 1.7321e-09 1.10854e-07 4.18329e-06 9.30836e-05 0.00122131 0.00944954 0.0431349 0.116437 0.188041 0.191985 0.15131 0.12466 0.0977802 0.0537024 0.0180963 0.00362479 0.000428794 2.99183e-05 1.23094e-06 2.98634e-08 4.27189e-10 3.60318e-12 1.79206e-14 5.25524e-17
 1.6023e-11 1.73915e-09 1.11305e-07 4.20031e-06 9.34622e-05 0.00122627 0.00948796 0.0433099 0.116904 0.188756 0.192527 0.151254 0.124052 0.097086 0.0532905 0.0179554 0.00359647 0.000425443 2.96844e-05 1.22132e-06 2.963e-08 4.23849e-10 3.57501e-12 1.77806e-14 5.21416e-17
 1.65756e-11 1.79913e-09 1.15144e-07 4.34517e-06 9.66855e-05 0.00126856 0.00981502 0.0447998 0.120884 0.194843 0.197144 0.150775 0.118873 0.091176 0.0497839 0.0167555 0.0033554 0.000396908 2.76932e-05 1.13939e-06 2.76424e-08 3.95417e-10 3.3352e-12 1.65878e-14 4.8644e-17
 1.73446e-11 1.88258e-09 1.20485e-07 4.54674e-06 0.000101171 0.0013274 0.0102701 0.0468729 0.126421 0.203311 0.203569 0.150108 0.111668 0.0829526 0.0449046 0.0150859 0.00301996 0.000357204 2.49226e-05 1.0254e-06 2.48768e-08 3.55856e-10 3.00151e-12 1.49282e-14 4.37772e-17
 1.76171e-11 1.91217e-09 1.22379e-07 4.61819e-06 0.00010276 0.00134826 0.0104314 0.0476078 0.128384 0.206314 0.205847 0.149872 0.109114 0.0800374 0.0431749 0.014494 0.00290105 0.000343129 2.39404e-05 9.84986e-07 2.38964e-08 3.41832e-10 2.88322e-12 1.43399e-14 4.20519e-17
 1.76585e-11 1.91666e-09 1.22666e-07 4.62902e-06 0.000103002 0.00135142 0.0104559 0.0477192 0.128681 0.206769 0.206192 0.149836 0.108726 0.0795954 0.0429127 0.0144042 0.00288302 0.000340995 2.37915e-05 9.78859e-07 2.37478e-08 3.39705e-10 2.86529e-12 1.42507e-14 4.17903e-17
 1.79465e-11 1.94792e-09 1.24666e-07 4.70452e-06 0.000104681 0.00137346 0.0106264 0.0484957 0.130755 0.209941 0.208598 0.149586 0.106027 0.0765152 0.0410851 0.0137789 0.00275737 0.000326123 2.27538e-05 9.3616e-07 2.27119e-08 3.24887e-10 2.7403e-12 1.36291e-14 3.99674e-17
 1.8195e-11 1.9749e-09 1.26393e-07 4.76968e-06 0.000106131 0.00139248 0.0107735 0.0491659 0.132545 0.212678 0.210675 0.149371 0.103698 0.0738569 0.0395078 0.0132392 0.00264894 0.000313288 2.18582e-05 8.99311e-07 2.18179e-08 3.12099e-10 2.63244e-12 1.30926e-14 3.83942e-17
#obs catch len freq
 3.24246e-11 3.005e-09 1.6421e-07 5.29109e-06 0.000100526 0.00112622 0.00744156 0.0290328 0.0672795 0.095505 0.0953634 0.0955563 0.113957 0.130354 0.131623 0.110669 0.0705858 0.0336932 0.0126779 0.00388008 0.000946125 0.00017614 2.39562e-05 2.28388e-06 1.47231e-07
 4.74977e-11 4.24561e-09 2.23767e-07 6.95404e-06 0.00012743 0.00137696 0.0087761 0.0330406 0.0740477 0.102746 0.10422 0.11031 0.129512 0.132463 0.115552 0.0886715 0.0560477 0.0279003 0.0109344 0.00333978 0.000776057 0.000133732 1.65996e-05 1.43639e-06 8.39763e-08
 2.14869e-11 1.84924e-09 9.38423e-08 2.80799e-06 4.95453e-05 0.000515606 0.00316858 0.0115721 0.0259498 0.0411839 0.0648496 0.112238 0.161673 0.178273 0.162888 0.122692 0.0702332 0.0303209 0.0105368 0.00303459 0.000688589 0.000114951 1.34721e-05 1.07645e-06 5.73574e-08
 1.62193e-18 7.12972e-16 1.848e-13 2.82439e-11 2.54537e-09 1.35276e-07 4.24085e-06 7.84938e-05 0.000860171 0.00562982 0.0225877 0.059465 0.116394 0.18615 0.230434 0.198444 0.114743 0.0464953 0.0143265 0.00355781 0.000709202 0.000108184 1.19038e-05 8.97854e-07 4.47838e-08
 1.553e-10 1.23315e-08 5.77364e-07 1.59393e-05 0.000259471 0.00249087 0.014109 0.0472932 0.0952522 0.124012 0.133858 0.159417 0.173471 0.131793 0.068521 0.029095 0.0125958 0.00536007 0.00186889 0.000483262 9.04266e-05 1.22405e-05 1.18765e-06 8.04134e-08 3.67047e-09
 2.75137e-10 2.09387e-08 9.39584e-07 2.48605e-05 0.000387861 0.00356827 0.0193632 0.0620689 0.118445 0.139939 0.120884 0.110246 0.116887 0.115079 0.0959997 0.0614558 0.0266722 0.00740595 0.00135707 0.000189133 2.41308e-05 2.78095e-06 2.45667e-07 1.50089e-08 6.10687e-10
 4.46659e-10 3.25343e-08 1.39731e-06 3.53861e-05 0.000528403 0.00465281 0.0241666 0.0741593 0.135582 0.15402 0.129313 0.114791 0.113988 0.100817 0.0753871 0.0453977 0.0198056 0.00592756 0.00122689 0.000179659 1.87844e-05 1.42401e-06 8.1763e-08 3.66573e-09 1.23363e-10
 6.02001e-10 4.19154e-08 1.72082e-06 4.1657e-05 0.000594614 0.00500511 0.024855 0.0729845 0.128237 0.142868 0.125453 0.122269 0.12491 0.108211 0.0777002 0.043885 0.0174416 0.00460387 0.000821873 0.000105623 1.02605e-05 7.45232e-07 3.86081e-08 1.37628e-09 3.34296e-11
 9.24255e-10 6.14411e-08 2.40832e-06 5.56617e-05 0.000758569 0.0060963 0.0289044 0.0810395 0.13598 0.144788 0.121926 0.115327 0.117369 0.104721 0.0776783 0.0437239 0.0167212 0.00414709 0.00067823 7.71464e-05 6.42952e-06 3.98544e-07 1.80162e-08 5.7633e-10 1.26585e-11
 1.40997e-09 8.93884e-08 3.34149e-06 7.36525e-05 0.000957265 0.007337 0.03318 0.0887761 0.142524 0.146878 0.123514 0.117853 0.116443 0.0985428 0.0691114 0.0370835 0.0137241 0.00336763 0.000559128 6.53508e-05 5.47358e-06 3.2411e-07 1.32826e-08 3.72055e-10 7.06867e-12
 1.8298e-09 1.10515e-07 3.93578e-06 8.26471e-05 0.00102336 0.00747308 0.0322102 0.0822854 0.127253 0.131227 0.120854 0.128125 0.130043 0.109621 0.0751916 0.0382967 0.0130316 0.00283643 0.000401019 3.89264e-05 2.76415e-06 1.46979e-07 5.68325e-09 1.52527e-10 2.73929e-12
 2.95362e-09 1.69784e-07 5.75478e-06 0.000115013 0.00135541 0.00942019 0.0386406 0.0939113 0.137929 0.134127 0.115205 0.11668 0.119781 0.105972 0.0747964 0.0373494 0.0119989 0.00239107 0.000297255 2.39206e-05 1.32322e-06 5.33342e-08 1.59982e-09 3.5031e-11 5.41209e-13
 4.80929e-09 2.62876e-07 8.47244e-06 0.000161011 0.0018043 0.0119244 0.0465172 0.107583 0.15079 0.141507 0.11967 0.117751 0.113095 0.091804 0.0596038 0.0276865 0.00833672 0.00156155 0.000182298 1.36777e-05 6.91896e-07 2.46003e-08 6.2133e-10 1.09744e-11 1.33198e-13
 5.84398e-09 3.03486e-07 9.29301e-06 0.000167791 0.00178648 0.0112196 0.0416275 0.0919626 0.125693 0.124297 0.124642 0.13771 0.133018 0.104666 0.0649664 0.0285622 0.00808915 0.00141813 0.000153942 1.06352e-05 4.89663e-07 1.57179e-08 3.57599e-10 5.67389e-12 6.11849e-14
 8.4813e-09 4.18137e-07 1.21552e-05 0.000208354 0.00210601 0.012557 0.0442382 0.0928663 0.121022 0.115603 0.115011 0.130004 0.134244 0.114894 0.0743014 0.0323679 0.00888212 0.00151029 0.000161742 1.13214e-05 5.39572e-07 1.78501e-08 4.0503e-10 6.15092e-12 6.14781e-14
 1.29613e-08 6.06224e-07 1.67188e-05 0.000271877 0.00260718 0.0147494 0.0493259 0.0985217 0.12345 0.117241 0.119418 0.133626 0.13258 0.10779 0.0656644 0.0267544 0.00681219 0.00106124 0.000101997 6.23822e-06 2.5499e-07 7.31257e-09 1.4986e-10 2.1537e-12 2.10014e-14
 2.10373e-08 9.32912e-07 2.43938e-05 0.000376109 0.00341965 0.0183429 0.0581723 0.110258 0.131466 0.119828 0.118304 0.12879 0.125093 0.0991606 0.0580094 0.0224534 0.0054185 0.000803358 7.41732e-05 4.40996e-06 1.76173e-07 4.86976e-09 9.30644e-11 1.20438e-12 1.036e-14
 3.37392e-08 1.41785e-06 3.51329e-05 0.000513329 0.00442301 0.0224851 0.0676079 0.12171 0.138907 0.123847 0.120961 0.126923 0.116598 0.0868042 0.047545 0.0171952 0.00386503 0.00053049 4.48598e-05 2.40647e-06 8.56225e-08 2.109e-09 3.65365e-11 4.38141e-13 3.53924e-15
 4.47809e-08 1.7826e-06 4.18411e-05 0.000579104 0.00472694 0.0227722 0.0649934 0.111939 0.126362 0.121204 0.130772 0.13926 0.123932 0.0881353 0.0457765 0.0156719 0.00335012 0.000442467 3.67391e-05 1.98628e-06 7.25815e-08 1.82343e-09 3.11352e-11 3.53013e-13 2.61438e-15
 6.75349e-08 2.54573e-06 5.6583e-05 0.000741592 0.0057322 0.0261524 0.0707129 0.115568 0.124623 0.116298 0.124776 0.135282 0.125025 0.0905903 0.0460405 0.0149953 0.00300616 0.00036906 2.82501e-05 1.39796e-06 4.67548e-08 1.08928e-09 1.76489e-11 1.9415e-13 1.4137e-15
 1.13745e-07 4.05917e-06 8.5415e-05 0.00105983 0.00775571 0.033501 0.0857762 0.132838 0.136032 0.120891 0.123085 0.125899 0.109453 0.0745379 0.0356791 0.0110106 0.00211586 0.00025403 1.9578e-05 1.00505e-06 3.5258e-08 8.43791e-10 1.34898e-11 1.41196e-13 9.58031e-16
 1.46702e-07 4.95568e-06 9.87102e-05 0.00115942 0.00803272 0.0328732 0.0800117 0.11962 0.125239 0.125342 0.138993 0.139399 0.113814 0.0721557 0.0321606 0.00924474 0.00165234 0.000183921 1.31001e-05 6.2253e-07 2.04594e-08 4.68742e-10 7.3434e-12 7.65937e-14 5.20782e-16
 2.38065e-07 7.61186e-06 0.000143509 0.00159545 0.0104621 0.0405173 0.0932465 0.131303 0.127763 0.117574 0.125399 0.129197 0.110732 0.0712566 0.030858 0.00839307 0.0013993 0.000143648 9.31033e-06 3.96608e-07 1.15683e-08 2.35514e-10 3.31289e-12 3.1454e-14 1.97461e-16
 3.59319e-07 1.08744e-05 0.000194057 0.00204209 0.0126766 0.0464979 0.101594 0.137238 0.132626 0.1261 0.132389 0.125403 0.0967475 0.056732 0.022833 0.00587119 0.000942574 9.55197e-05 6.29961e-06 2.7941e-07 8.45499e-09 1.72674e-10 2.32974e-12 2.0446e-14 1.16001e-16
 4.8734e-07 1.39609e-05 0.000235826 0.00234915 0.0138061 0.0479787 0.0996441 0.129769 0.12645 0.127253 0.137679 0.130727 0.0998491 0.0566528 0.0215771 0.00517369 0.000765514 7.0598e-05 4.18673e-06 1.66586e-07 4.59663e-09 8.82978e-11 1.15566e-12 1.00287e-14 5.64642e-17
 7.62353e-07 2.06743e-05 0.0003306 0.00311758 0.0173453 0.0570674 0.112231 0.138502 0.128188 0.123537 0.130263 0.122653 0.0926151 0.0508708 0.0184385 0.00417988 0.000585138 5.13005e-05 2.90745e-06 1.10515e-07 2.88095e-09 5.13271e-11 6.1324e-13 4.82732e-15 2.47635e-17
 9.79573e-07 2.51511e-05 0.000380789 0.00340006 0.0179183 0.0559352 0.10518 0.128061 0.12682 0.135534 0.144152 0.127919 0.089547 0.0457578 0.0155486 0.00333364 0.000446628 3.80924e-05 2.13815e-06 8.13527e-08 2.11403e-09 3.69683e-11 4.25995e-13 3.18616e-15 1.5333e-17
 1.14945e-06 2.79457e-05 0.00040064 0.00338775 0.0169151 0.0501322 0.090335 0.109247 0.116268 0.137107 0.155058 0.144747 0.103896 0.0520311 0.0167134 0.00330407 0.000398416 2.96697e-05 1.40639e-06 4.43208e-08 9.66851e-10 1.48064e-11 1.56501e-13 1.10825e-15 5.1207e-18
#spawning biomass
 18957.4 24258 20747.8 23674.1 39306.6 57852.6 70918.5 86561.2 111818 143923 154592 186173 228329 226786 231235 211885 197596 218225 260303 247502 202594 197906 232879 233422 243889 245649 250300 220844 179582 416883 458188 433686 377243 313071 254328 206172 169252 142172 122916 109525 100364 94173.9 90016.8 87190.2 85357.5 84169.2 83398.8 82899.3 82575.4 82365.4 82229.3 82141 82083.8 82046.7 82022.6 82007 81996.9 81990.3 81986.1 81983.3 81981.5 81980.4 81979.6 81979.1 81978.8 81978.6 81978.5 81978.4 81978.3 81978.3 81978.3 81978.3 81978.3 81978.3 81978.2 81978.2 81978.2 81978.2 81978.2 81978.2 81978.2 81978.2 81978.2 81978.2 81978.2 81978.2 81978.2 81978.2 81978.2 81978.2 81978.2 81978.2 81978.2 81978.2 81978.2 81978.2 81978.2 81978.2 81978.2 81978.2 81978.2 81978.2 81978.2 81978.2 81978.2 81978.2 81978.2 81978.2 81978.2 81978.2 81978.2 81978.2 81978.2 81978.2 81978.2 81978.2 81978.2 81978.2 81978.2 81978.2 81978.2 81978.2 81978.2 81978.2 81978.2 81978.2 81978.2 81978.2 0 0 0 0 0 0 0 0 0 0 0 0 0 0 0 0 0 0 0 0 0 0 0 0 0
