SBPRF35
0.819782
Curr Bio
229770
B35
1.62519e+06
F35
0.210865
FOFL
0
OFL
0
Bzero
234224
#pred survey bio
 19415.6 24948 24117.8 27194.3 42617.3 61510.9 74765.1 91562.1 115525 148169 159019 184504 226534 225969 229636 206307 189858 206480 247411 232676 186191 181295 214260 209582 215638 215662 224415 221715 6.25476e+06 1.15305e+07 1.2754e+07 1.2251e+07 1.08337e+07 9.13145e+06 7.50833e+06 6.12531e+06 5.02168e+06 4.17665e+06 3.54672e+06 3.08509e+06 2.75026e+06 2.50865e+06 2.33327e+06 2.20262e+06 2.10983e+06 2.04322e+06 1.99488e+06 1.9594e+06 1.93306e+06 1.91328e+06 1.89828e+06 1.88678e+06 1.87788e+06 1.87094e+06 1.86548e+06 1.86116e+06 1.85773e+06 1.85498e+06 1.85278e+06 1.851e+06 1.84957e+06 1.84841e+06 1.84746e+06 1.8467e+06 1.84607e+06 1.84556e+06 1.84515e+06 1.84481e+06 1.84453e+06 1.84431e+06 1.84412e+06 1.84397e+06 1.84385e+06 1.84375e+06 1.84367e+06 1.8436e+06 1.84354e+06 1.8435e+06 1.84346e+06 1.84343e+06 1.84341e+06 1.84338e+06 1.84337e+06 1.84335e+06 1.84334e+06 1.84333e+06 1.84333e+06 1.84332e+06 1.84332e+06 1.84331e+06 1.84331e+06 1.84331e+06 1.8433e+06 1.8433e+06 1.8433e+06 1.8433e+06 1.8433e+06 1.8433e+06 1.8433e+06 1.8433e+06 1.8433e+06 1.84329e+06 1.84329e+06 1.84329e+06 1.84329e+06 1.84329e+06 1.84329e+06 1.84329e+06 1.84329e+06 1.84329e+06 1.84329e+06 1.84329e+06 1.84329e+06 1.84329e+06 1.84329e+06 1.84329e+06 1.84329e+06 1.84329e+06 1.84329e+06 1.84329e+06 1.84329e+06 1.84329e+06 1.84329e+06 1.84329e+06 1.84329e+06 1.84329e+06 1.84329e+06 1.84329e+06 0 0 0 0 0 0 0 0 0 0 0 0 0 0 0 0 0 0 0 0 0 0 0 0 0
#obs survey bio
 16830.9 22272.3 21416.4 34699.3 51605.5 55760.9 73463.4 130260 107052 124574 168387 179654 183358 258220 217273 159022 265546 180472 195136 252236 147640 225906 284732 255204 206622 151317 194496 224340
#pred catch bio
 8116.1 13823.8 12714 10145.5 23245.6 42341.7 53319.3 65692 82694.2 117102 126608 148135 195211 186988 202177 188997 172689 184623 241757 244000 192446 179596 228925 229833 245090 246572 258445 234328 0 94407.9 103704 98616.4 86059.7 71361.3 57570.3 45997.4 36919 30107.7 25153.5 21629.8 19164.4 17460.6 16288.4 15474.6 14935.1 14577.3 14340 14182.7 14078.4 14009.3 13963.4 13933 13912.8 13899.5 13890.6 13884.7 13880.8 13878.2 13876.5 13875.4 13874.6 13874.1 13873.8 13873.6 13873.4 13873.3 13873.3 13873.2 13873.2 13873.2 13873.2 13873.2 13873.2 13873.2 13873.2 13873.2 13873.2 13873.2 13873.2 13873.2 13873.2 13873.2 13873.2 13873.2 13873.2 13873.2 13873.2 13873.2 13873.2 13873.2 13873.2 13873.2 13873.2 13873.2 13873.2 13873.2 13873.2 13873.2 13873.2 13873.2 13873.2 13873.2 13873.2 13873.2 13873.2 13873.2 13873.2 13873.2 13873.2 13873.2 13873.2 13873.2 13873.2 13873.2 13873.2 13873.2 13873.2 13873.2 13873.2 13873.2 13873.2 13873.2 13873.2 13873.2 13873.2 13873.2 13873.2 13873.2 0 0 0 0 0 0 0 0 0 0 0 0 0 0 0 0 0 0 0 0 0 0 0 0 0
#obs catch bio
 16707.7 14947 14906.4 9768.96 22385.5 41061.9 50385.3 59949.5 78017.5 108763 124624 143711 192417 176145 198292 190991 153091 177997 247356 238628 189370 161621 199251 205503 231245 236996 246572 226666
#pred cpue bio
 17408.7 23330.4 21766.1 24842.5 37166.9 53208.1 63737.9 78012 97334 125848 134333 152473 187650 190028 194042 171577 154790 165504 199080 185334 145128 140590 165485 158373 160538 157721 164882 162463 4.8327e+06 1.14953e+07 1.27187e+07 1.22158e+07 1.07985e+07 9.09621e+06 7.47309e+06 6.09006e+06 4.98643e+06 4.14141e+06 3.51147e+06 3.04985e+06 2.71502e+06 2.4734e+06 2.29802e+06 2.16738e+06 2.07459e+06 2.00798e+06 1.95964e+06 1.92416e+06 1.89782e+06 1.87804e+06 1.86303e+06 1.85153e+06 1.84264e+06 1.83569e+06 1.83024e+06 1.82592e+06 1.82249e+06 1.81974e+06 1.81754e+06 1.81576e+06 1.81432e+06 1.81316e+06 1.81222e+06 1.81145e+06 1.81083e+06 1.81032e+06 1.80991e+06 1.80957e+06 1.80929e+06 1.80906e+06 1.80888e+06 1.80873e+06 1.80861e+06 1.8085e+06 1.80842e+06 1.80835e+06 1.8083e+06 1.80825e+06 1.80822e+06 1.80819e+06 1.80816e+06 1.80814e+06 1.80812e+06 1.80811e+06 1.8081e+06 1.80809e+06 1.80808e+06 1.80808e+06 1.80807e+06 1.80807e+06 1.80807e+06 1.80806e+06 1.80806e+06 1.80806e+06 1.80806e+06 1.80806e+06 1.80805e+06 1.80805e+06 1.80805e+06 1.80805e+06 1.80805e+06 1.80805e+06 1.80805e+06 1.80805e+06 1.80805e+06 1.80805e+06 1.80805e+06 1.80805e+06 1.80805e+06 1.80805e+06 1.80805e+06 1.80805e+06 1.80805e+06 1.80805e+06 1.80805e+06 1.80805e+06 1.80805e+06 1.80805e+06 1.80805e+06 1.80805e+06 1.80805e+06 1.80805e+06 1.80805e+06 1.80805e+06 1.80805e+06 1.80805e+06 1.80805e+06 1.80805e+06 0 0 0 0 0 0 0 0 0 0 0 0 0 0 0 0 0 0 0 0 0 0 0 0 0
#obs cpue bio
 24949.2 13698.5 16471.1 25995.5 42236.2 68346.7 80076.3 85832.8 116720 206040 122265 180585 241041 211498 220694 209498 205004 182365 235048 208878 182636 178830 230456 191328 206974 257002 234025 178649
#pred surv len freq
 1.18715e-11 1.28853e-09 8.2466e-08 3.11201e-06 6.92465e-05 0.000908564 0.00703032 0.0321044 0.0868343 0.141633 0.15119 0.136409 0.134013 0.119158 0.0796696 0.0443345 0.0247029 0.0143145 0.00867939 0.00567159 0.00406861 0.00324023 0.00271653 0.00205854 0.00119145
 8.41773e-12 9.13663e-10 5.84743e-08 2.20664e-06 4.91011e-05 0.000644259 0.00498588 0.0227847 0.0618522 0.102702 0.118097 0.127761 0.148748 0.144862 0.107777 0.0699491 0.0423 0.0226103 0.011138 0.00561598 0.00310826 0.00198062 0.00143221 0.00101775 0.000582843
 1.17276e-11 1.27292e-09 8.14666e-08 3.0743e-06 6.84072e-05 0.000897545 0.0069448 0.0317079 0.0856796 0.13909 0.145432 0.12396 0.116012 0.107228 0.0846804 0.0622297 0.0431988 0.0264763 0.0141591 0.00664484 0.00288348 0.00132031 0.000716822 0.000433395 0.000233044
 1.03959e-11 1.12837e-09 7.22158e-08 2.7252e-06 6.06396e-05 0.000795642 0.00615685 0.0281224 0.076158 0.124976 0.136932 0.132337 0.13944 0.128493 0.089428 0.0541463 0.0342922 0.0223715 0.0136805 0.00727516 0.00326032 0.00127191 0.000489239 0.00021347 9.66567e-05
 1.3863e-11 1.5047e-09 9.63005e-08 3.63408e-06 8.08629e-05 0.00106096 0.00820884 0.0374696 0.101119 0.163105 0.165634 0.128657 0.106295 0.0923575 0.0709613 0.0504362 0.033308 0.01956 0.0109092 0.00598644 0.00298274 0.00124563 0.000434406 0.000139221 4.56609e-05
 1.36358e-11 1.48003e-09 9.47218e-08 3.57451e-06 7.95374e-05 0.00104358 0.00807466 0.0368646 0.0995878 0.161455 0.167786 0.14003 0.125595 0.106698 0.0690146 0.0369057 0.0205384 0.012381 0.00719504 0.00377278 0.00180275 0.000778666 0.000285005 8.52476e-05 2.17788e-05
 1.41017e-11 1.53061e-09 9.79586e-08 3.69665e-06 8.22554e-05 0.00107924 0.00835054 0.038123 0.102974 0.166833 0.172854 0.142922 0.126632 0.106711 0.0680308 0.0344281 0.0164123 0.00772428 0.00365149 0.00179463 0.000852286 0.000360572 0.00013127 3.95614e-05 9.5029e-06
 1.40026e-11 1.51985e-09 9.72702e-08 3.67068e-06 8.16773e-05 0.00107166 0.00829192 0.0378567 0.102271 0.16583 0.172444 0.144173 0.12941 0.109275 0.0688692 0.033815 0.0153892 0.00674643 0.00274509 0.00107009 0.000416903 0.000160976 5.6934e-05 1.69473e-05 4.01186e-06
 1.45576e-11 1.58009e-09 1.01126e-07 3.81617e-06 8.49147e-05 0.00111413 0.00862042 0.0393533 0.106272 0.171977 0.177244 0.144143 0.124926 0.103921 0.0654152 0.0322418 0.0146584 0.00630382 0.0024467 0.000867759 0.000284366 8.77351e-05 2.6019e-05 7.10667e-06 1.628e-06
 1.41035e-11 1.5308e-09 9.79712e-08 3.69713e-06 8.2266e-05 0.00107938 0.00835167 0.0381293 0.103005 0.166999 0.173563 0.144848 0.129657 0.109104 0.0681911 0.032825 0.0144947 0.00613757 0.00236421 0.00082111 0.000253832 6.9167e-05 1.68442e-05 3.7337e-06 7.40396e-07
 1.43088e-11 1.55308e-09 9.93968e-08 3.75093e-06 8.3463e-05 0.00109508 0.00847316 0.0386834 0.104494 0.169349 0.175702 0.145843 0.129544 0.108191 0.0665858 0.0309083 0.012941 0.00523282 0.00194579 0.000658688 0.000199629 5.24949e-05 1.1752e-05 2.2299e-06 3.61588e-07
 1.53318e-11 1.66412e-09 1.06504e-07 4.01912e-06 8.94305e-05 0.00117338 0.00907871 0.0414424 0.111871 0.180695 0.184621 0.145979 0.121538 0.0983791 0.0598517 0.0274269 0.0112236 0.00438489 0.00155393 0.000498688 0.000144564 3.67589e-05 7.95496e-06 1.42228e-06 2.05834e-07
 1.51504e-11 1.64443e-09 1.05243e-07 3.97156e-06 8.83724e-05 0.00115949 0.00897136 0.0409539 0.110573 0.178766 0.183435 0.147048 0.124638 0.101283 0.0607002 0.0266186 0.0101727 0.0037617 0.00128587 0.000397379 0.000109759 2.64446e-05 5.44902e-06 9.33476e-07 1.28406e-07
 1.4365e-11 1.55918e-09 9.97874e-08 3.76567e-06 8.3791e-05 0.00109939 0.00850651 0.0388366 0.104921 0.170152 0.177047 0.14821 0.132745 0.11023 0.065601 0.0277574 0.00991208 0.00339808 0.00108021 0.000311637 8.14634e-05 1.8714e-05 3.6636e-06 5.94555e-07 7.76708e-08
 1.42027e-11 1.54157e-09 9.86601e-08 3.72313e-06 8.28445e-05 0.00108697 0.00841043 0.0383981 0.10374 0.168257 0.175181 0.146948 0.132136 0.110582 0.0672962 0.0301484 0.0117345 0.00422185 0.00131254 0.000353407 8.50804e-05 1.80967e-05 3.31738e-06 5.08595e-07 6.29179e-08
 1.49229e-11 1.61974e-09 1.03663e-07 3.91192e-06 8.70453e-05 0.00114208 0.00883671 0.0403408 0.108939 0.176293 0.181691 0.147678 0.127439 0.104196 0.062047 0.0265891 0.00974509 0.00344169 0.00111603 0.000317777 7.73282e-05 1.56919e-05 2.65988e-06 3.76003e-07 4.33123e-08
 1.57429e-11 1.70874e-09 1.09359e-07 4.12688e-06 9.18283e-05 0.00120484 0.00932208 0.0425526 0.114857 0.185432 0.189053 0.148374 0.121911 0.0969019 0.0563514 0.0229197 0.00761704 0.00242228 0.000726421 0.000198235 4.85766e-05 1.02058e-05 1.75508e-06 2.40273e-07 2.5875e-08
 1.6429e-11 1.78321e-09 1.14125e-07 4.30674e-06 9.58304e-05 0.00125734 0.00972817 0.0444028 0.119803 0.193028 0.19497 0.148288 0.116265 0.0901125 0.0518484 0.0207743 0.00668028 0.00201099 0.000556449 0.000136733 3.03957e-05 6.02277e-06 1.02251e-06 1.41977e-07 1.53865e-08
 1.6263e-11 1.7652e-09 1.12972e-07 4.26322e-06 9.48621e-05 0.00124464 0.00962992 0.0439552 0.118608 0.191204 0.193604 0.14849 0.117911 0.0919541 0.0528934 0.0210689 0.00668204 0.0019711 0.000530188 0.000124141 2.55642e-05 4.58714e-06 7.05756e-07 9.15716e-08 9.65802e-09
 1.66105e-11 1.80291e-09 1.15386e-07 4.3543e-06 9.68887e-05 0.00127123 0.00983559 0.0448926 0.121119 0.195101 0.196839 0.149103 0.116048 0.0891581 0.0502904 0.0190185 0.00538927 0.00139202 0.000345553 7.77826e-05 1.54937e-05 2.65146e-06 3.79412e-07 4.48289e-08 4.30475e-09
 1.73794e-11 1.88637e-09 1.20727e-07 4.55588e-06 0.000101374 0.00133007 0.0102907 0.0469663 0.126664 0.20363 0.203549 0.149221 0.110038 0.0817292 0.0450806 0.0162466 0.00407306 0.000859917 0.000175637 3.369e-05 5.91076e-06 9.33692e-07 1.26972e-07 1.42442e-08 1.27611e-09
 1.75644e-11 1.90644e-09 1.22012e-07 4.60436e-06 0.000102453 0.00134422 0.0104002 0.047465 0.127996 0.205667 0.205094 0.149059 0.108305 0.0797575 0.0439224 0.0158599 0.0039925 0.000837341 0.000162007 2.71891e-05 3.9044e-06 5.03013e-07 5.81573e-08 5.82864e-09 4.84559e-10
 1.77248e-11 1.92385e-09 1.23126e-07 4.64641e-06 0.000103388 0.0013565 0.0104951 0.0478973 0.129149 0.207417 0.206357 0.14871 0.106483 0.077835 0.043005 0.0158176 0.00418457 0.00095032 0.000195713 3.35765e-05 4.71781e-06 5.57008e-07 5.47823e-08 4.48107e-09 3.08501e-10
 1.84267e-11 2.00005e-09 1.28003e-07 4.83042e-06 0.000107483 0.00141022 0.0109106 0.0497902 0.134209 0.215188 0.21241 0.148616 0.100685 0.0708318 0.0382998 0.0135403 0.00323822 0.000622617 0.000113561 1.92661e-05 2.85042e-06 3.53357e-07 3.50177e-08 2.71808e-09 1.65495e-10
 1.88849e-11 2.04977e-09 1.31185e-07 4.95051e-06 0.000110155 0.00144527 0.0111817 0.0510254 0.13751 0.220247 0.216301 0.148393 0.0966584 0.0661075 0.035315 0.0122961 0.00281986 0.000492818 7.83893e-05 1.14475e-05 1.45496e-06 1.63191e-07 1.59208e-08 1.27507e-09 7.94541e-11
 1.94053e-11 2.10626e-09 1.348e-07 5.08694e-06 0.000113191 0.0014851 0.0114897 0.0524287 0.141259 0.22599 0.220703 0.148088 0.0920034 0.0606855 0.0319425 0.0109531 0.00241081 0.000381983 5.2797e-05 6.79862e-06 7.62866e-07 7.36613e-08 6.13404e-09 4.30457e-10 2.49322e-11
 1.92688e-11 2.09145e-09 1.33852e-07 5.05117e-06 0.000112395 0.00147466 0.011409 0.0520608 0.140276 0.224489 0.219569 0.148224 0.0933086 0.0621624 0.0328009 0.0112248 0.00244868 0.000378391 4.98516e-05 5.99454e-06 6.08291e-07 5.12984e-08 3.69393e-09 2.23448e-10 1.10674e-11
 1.9346e-11 2.09982e-09 1.34388e-07 5.0714e-06 0.000112845 0.00148056 0.0114547 0.0522689 0.140832 0.22534 0.22022 0.148173 0.0926097 0.0613527 0.0323033 0.0110338 0.00239503 0.000365261 4.70411e-05 5.51592e-06 5.42498e-07 4.34826e-08 2.89503e-09 1.57007e-10 6.78099e-12
#obs surv len freq
 3.95739e-11 3.66758e-09 2.00418e-07 6.45773e-06 0.000122692 0.00137453 0.00908208 0.0354284 0.0820402 0.116015 0.11387 0.108825 0.120517 0.122927 0.108084 0.0841024 0.0542834 0.0276657 0.01113 0.00350638 0.000845141 0.000152008 1.98256e-05 1.81413e-06 1.12779e-07
 1.79893e-11 1.60798e-09 8.47494e-08 2.63379e-06 4.82647e-05 0.000521618 0.0033276 0.012589 0.0289351 0.0451504 0.0654676 0.10752 0.15552 0.174075 0.161355 0.124215 0.0730668 0.0323428 0.0114968 0.00340465 0.000802007 0.000140136 1.72997e-05 1.46382e-06 8.29933e-08
 1.42286e-10 1.22456e-08 6.21419e-07 1.85942e-05 0.000328062 0.00341291 0.020936 0.0757392 0.161703 0.20454 0.15668 0.0823728 0.0499465 0.0562811 0.0686501 0.0610949 0.0366078 0.0153043 0.00484542 0.001238 0.000255606 4.07433e-05 4.72309e-06 3.77717e-07 2.00707e-08
 1.43472e-10 1.18695e-08 5.79005e-07 1.66541e-05 0.000282457 0.00282488 0.0166644 0.0580754 0.120541 0.155231 0.146758 0.142788 0.14415 0.110632 0.0588733 0.0252233 0.0109368 0.00473552 0.00170498 0.000458312 8.9453e-05 1.26797e-05 1.29548e-06 9.29374e-08 4.51915e-09
 1.93913e-10 1.53976e-08 7.20914e-07 1.99023e-05 0.000323977 0.00310982 0.0176062 0.0588626 0.116963 0.142762 0.123752 0.10908 0.114095 0.113522 0.0966613 0.0639899 0.0289787 0.00840866 0.00160057 0.000228761 2.98124e-05 3.56502e-06 3.31621e-07 2.14914e-08 9.3181e-10
 3.06451e-10 2.33217e-08 1.04652e-06 2.76899e-05 0.000432004 0.00397436 0.0215661 0.069119 0.131783 0.155008 0.131402 0.114449 0.113636 0.102115 0.0778311 0.0482539 0.0218683 0.00681464 0.0014679 0.000223853 2.44177e-05 1.93239e-06 1.15939e-07 5.46289e-09 1.94974e-10
 4.06203e-10 2.95875e-08 1.27075e-06 3.2181e-05 0.000480545 0.00423149 0.0219807 0.0674898 0.123754 0.142612 0.1261 0.121559 0.125546 0.110962 0.0814409 0.0475209 0.0196956 0.00543263 0.00101047 0.000134849 1.36205e-05 1.03478e-06 5.64212e-08 2.12585e-09 5.47533e-11
 6.15652e-10 4.28658e-08 1.75984e-06 4.26016e-05 0.000608095 0.00511851 0.0254162 0.0746021 0.130808 0.144319 0.122745 0.115189 0.118488 0.107748 0.0819346 0.0478732 0.019162 0.00498162 0.000851867 0.000100987 8.76794e-06 5.68144e-07 2.69853e-08 9.11624e-10 2.12427e-11
 9.09811e-10 6.0481e-08 2.37068e-06 5.47919e-05 0.000746717 0.00600111 0.0284546 0.0798012 0.134097 0.143744 0.123611 0.11956 0.120863 0.104626 0.0752846 0.0419299 0.0162333 0.00417136 0.000723726 8.83043e-05 7.73872e-06 4.81409e-07 2.0802e-08 6.16253e-10 1.24216e-11
 1.15e-09 7.29068e-08 2.72538e-06 6.00725e-05 0.000780776 0.00598469 0.0270739 0.0725691 0.117571 0.12624 0.119526 0.13004 0.135881 0.117417 0.0829136 0.0440134 0.0157323 0.00360203 0.000534255 5.41752e-05 4.01166e-06 2.23207e-07 9.0871e-09 2.58193e-10 4.92894e-12
 1.83512e-09 1.10837e-07 3.94722e-06 8.28874e-05 0.00102633 0.00749457 0.0322983 0.0824522 0.127063 0.129084 0.114689 0.11956 0.126124 0.114423 0.0835823 0.0437345 0.0148183 0.00311867 0.000408834 3.45734e-05 2.00241e-06 8.44195e-08 2.65691e-09 6.13583e-11 1.00486e-12
 2.96969e-09 1.70708e-07 5.78607e-06 0.000115639 0.00136279 0.00947165 0.0388555 0.0944812 0.139111 0.136693 0.12024 0.122631 0.121552 0.101347 0.0680927 0.0331441 0.0105319 0.00208549 0.000257067 2.03084e-05 1.0788e-06 4.02689e-08 1.07071e-09 1.99826e-11 2.57088e-13
 3.54484e-09 1.93761e-07 6.24488e-06 0.000118679 0.00132997 0.00879132 0.0343285 0.0797879 0.11457 0.118504 0.123645 0.142033 0.141826 0.114782 0.0738632 0.0340856 0.010202 0.00189353 0.000217389 1.58414e-05 7.6709e-07 2.5874e-08 6.20026e-10 1.04028e-11 1.19045e-13
 5.00738e-09 2.6004e-07 7.96265e-06 0.00014377 0.00153074 0.00961383 0.0356757 0.0788823 0.108277 0.108982 0.11411 0.134562 0.143325 0.126531 0.0854173 0.0392389 0.0114 0.0020523 0.000232207 1.71238e-05 8.586e-07 2.9932e-08 7.18252e-10 1.15731e-11 1.23011e-13
 7.60755e-09 3.7506e-07 1.0903e-05 0.00018689 0.0018891 0.011265 0.0397101 0.0836088 0.110488 0.110876 0.119307 0.139563 0.143011 0.120122 0.0765132 0.0329264 0.00889222 0.00147012 0.000149718 9.67368e-06 4.16356e-07 1.25573e-08 2.71293e-10 4.12828e-12 4.27989e-14
 1.22394e-08 5.72459e-07 1.57876e-05 0.000256735 0.002462 0.0139288 0.0465933 0.0931813 0.117445 0.113823 0.119717 0.13671 0.137286 0.112689 0.0690969 0.0282895 0.00724604 0.00114031 0.00011154 7.00575e-06 2.95031e-07 8.60126e-09 1.73882e-10 2.38844e-12 2.18624e-14
 1.96946e-08 8.73366e-07 2.28368e-05 0.000352105 0.00320147 0.0171746 0.0544987 0.10359 0.12513 0.118939 0.124073 0.136746 0.130035 0.100359 0.0576737 0.0220849 0.00527506 0.000769643 6.90789e-05 3.92222e-06 1.47273e-07 3.82437e-09 6.99986e-11 8.9025e-13 7.65366e-15
 2.55151e-08 1.07224e-06 2.65692e-05 0.000388212 0.00334527 0.0170142 0.0512785 0.0933766 0.112059 0.115723 0.134197 0.150283 0.138581 0.102332 0.0558366 0.0202518 0.00459983 0.000645286 5.67879e-05 3.24535e-06 1.25196e-07 3.32552e-09 6.02379e-11 7.26752e-13 5.73912e-15
 3.82676e-08 1.52332e-06 3.57554e-05 0.000494879 0.00403959 0.0194641 0.0555983 0.0961472 0.110468 0.111458 0.128676 0.146328 0.140139 0.105917 0.0567989 0.019648 0.00419172 0.000547314 4.44596e-05 2.32768e-06 8.21806e-08 2.02219e-09 3.47149e-11 4.06142e-13 3.15468e-15
 6.46516e-08 2.43704e-06 5.41673e-05 0.000709937 0.00548769 0.0250408 0.0677598 0.11115 0.121694 0.117886 0.130134 0.140077 0.126397 0.0898668 0.0454026 0.014877 0.00303939 0.000387413 3.16169e-05 1.71525e-06 6.36178e-08 1.61425e-09 2.74535e-11 3.06421e-13 2.22071e-15
 8.10736e-08 2.89325e-06 6.08817e-05 0.000755458 0.00552959 0.0239119 0.0615572 0.097784 0.110599 0.122251 0.14712 0.155218 0.131681 0.0872364 0.0410638 0.0125408 0.00238468 0.000282026 2.12837e-05 1.06873e-06 3.70969e-08 8.99942e-10 1.49853e-11 1.66685e-13 1.21174e-15
 1.32165e-07 4.4646e-06 8.89286e-05 0.00104453 0.0072368 0.0296172 0.0721016 0.10791 0.113589 0.115969 0.134568 0.145636 0.129995 0.0878848 0.0403517 0.0116849 0.00207552 0.000226708 1.55943e-05 7.02997e-07 2.16719e-08 4.67049e-10 6.97819e-12 7.06087e-14 4.73675e-16
 1.98068e-07 6.33301e-06 0.000119399 0.00132748 0.00870676 0.0337547 0.0780753 0.112483 0.118863 0.126923 0.145523 0.145145 0.11669 0.0718123 0.0306071 0.00836887 0.00142907 0.000153757 1.07409e-05 5.04106e-07 1.61667e-08 3.51009e-10 5.04932e-12 4.7339e-14 2.87332e-16
 2.62867e-07 7.95543e-06 0.000141968 0.00149406 0.00927752 0.0340827 0.0750149 0.104686 0.112949 0.128706 0.15163 0.151346 0.120698 0.0720919 0.0291387 0.00744012 0.00117248 0.000114963 7.2284e-06 3.04227e-07 8.88034e-09 1.80964e-10 2.5221e-12 2.33816e-14 1.40989e-16
 4.13694e-07 1.18511e-05 0.00020019 0.00199424 0.0117223 0.0407702 0.0849985 0.112576 0.115915 0.127208 0.146255 0.144814 0.114449 0.0663483 0.0255546 0.00617113 0.000919989 8.57342e-05 5.15225e-06 2.07366e-07 5.7292e-09 1.08484e-10 1.38171e-12 1.16222e-14 6.38295e-17
 5.09012e-07 1.3804e-05 0.000220746 0.00208198 0.0115925 0.0382793 0.0765627 0.101384 0.114752 0.140964 0.162931 0.152072 0.111528 0.0601657 0.0217197 0.00495754 0.000706603 6.39809e-05 3.80517e-06 1.53375e-07 4.23127e-09 7.88001e-11 9.69641e-13 7.75979e-15 4.00227e-17
 5.81686e-07 1.49353e-05 0.000226131 0.00201957 0.0106541 0.0334203 0.0642456 0.0853496 0.10482 0.140382 0.170491 0.167022 0.126053 0.066909 0.0228924 0.00482796 0.000620835 4.92227e-05 2.47786e-06 8.27284e-08 1.91101e-09 3.10603e-11 3.49747e-13 2.64779e-15 1.31151e-17
 8.57443e-07 2.08465e-05 0.000298871 0.00252755 0.012628 0.0375364 0.0685381 0.0871894 0.104169 0.137556 0.167515 0.166214 0.124964 0.0645508 0.021308 0.00437348 0.000560956 4.60772e-05 2.49919e-06 9.12091e-08 2.23066e-09 3.5873e-11 3.7291e-13 2.4887e-15 1.06774e-17
#pred catch len freq
 9.75609e-12 1.05893e-09 6.77714e-08 2.55748e-06 5.69077e-05 0.000746683 0.00577824 0.026399 0.0715711 0.118096 0.132379 0.135094 0.148894 0.137969 0.0930989 0.0518925 0.0289202 0.0167586 0.0101613 0.00663995 0.00476329 0.00379346 0.00318035 0.00241001 0.00139488
 6.97128e-12 7.56665e-10 4.84265e-08 1.82747e-06 4.06641e-05 0.000533568 0.00412972 0.0188831 0.0514099 0.0865614 0.105017 0.126268 0.158051 0.157267 0.117524 0.0763291 0.0461617 0.0246746 0.0121549 0.00612871 0.00339204 0.00216145 0.00156296 0.00111067 0.000636055
 1.00092e-11 1.0864e-09 6.95295e-08 2.62383e-06 5.83838e-05 0.000766041 0.00592763 0.0270719 0.0732648 0.11984 0.129538 0.121197 0.125494 0.120698 0.0961513 0.0707525 0.0491212 0.0301064 0.0161004 0.00755589 0.00327882 0.00150133 0.000815103 0.000492816 0.000264996
 8.21144e-12 8.91273e-10 5.70414e-08 2.15257e-06 4.78979e-05 0.000628475 0.00486387 0.0222304 0.0603918 0.100633 0.117328 0.130482 0.154027 0.147322 0.103357 0.0626663 0.0396946 0.0258961 0.0158359 0.00842136 0.00377398 0.0014723 0.000566319 0.000247103 0.000111885
 1.22515e-11 1.32978e-09 8.51058e-08 3.21163e-06 7.1463e-05 0.000937637 0.00725495 0.0331222 0.089478 0.145067 0.150798 0.126262 0.115507 0.105279 0.0818019 0.0582426 0.0384698 0.0225915 0.0126 0.00691424 0.00344503 0.00143869 0.000501732 0.000160798 5.27376e-05
 1.26961e-11 1.37804e-09 8.81943e-08 3.32818e-06 7.40564e-05 0.00097167 0.00751849 0.0343303 0.0928099 0.151017 0.159511 0.139669 0.132559 0.11534 0.0750283 0.0401636 0.0223545 0.0134759 0.00783134 0.00410643 0.00196218 0.000847528 0.00031021 9.27867e-05 2.37049e-05
 1.33141e-11 1.44512e-09 9.24874e-08 3.49019e-06 7.76613e-05 0.00101897 0.00788437 0.035999 0.0972945 0.158099 0.165992 0.14283 0.132817 0.114288 0.0732262 0.037092 0.0176845 0.00832311 0.00393457 0.00193376 0.00091836 0.000388526 0.000141446 4.26284e-05 1.02396e-05
 1.32367e-11 1.43672e-09 9.19499e-08 3.46991e-06 7.721e-05 0.00101305 0.00783861 0.0357913 0.0967493 0.157344 0.165806 0.144178 0.135574 0.116763 0.0739352 0.0363346 0.016538 0.00725011 0.00295003 0.00114998 0.000448029 0.000172995 6.11847e-05 1.82126e-05 4.31139e-06
 1.38041e-11 1.49831e-09 9.58915e-08 3.61865e-06 8.05197e-05 0.00105647 0.00817445 0.0373214 0.10084 0.163628 0.170712 0.144146 0.130988 0.111293 0.0704159 0.0347401 0.0157965 0.00679331 0.00263669 0.000935141 0.000306447 9.45479e-05 2.80394e-05 7.65851e-06 1.75441e-06
 1.37495e-11 1.49238e-09 9.5512e-08 3.60433e-06 8.0201e-05 0.00105229 0.00814214 0.0371746 0.100453 0.163078 0.170503 0.144874 0.132543 0.112593 0.0705323 0.0339667 0.0149998 0.00635148 0.00244661 0.000849728 0.000262679 7.15777e-05 1.74313e-05 3.86383e-06 7.66201e-07
 1.39938e-11 1.5189e-09 9.72092e-08 3.66837e-06 8.16261e-05 0.00107098 0.00828677 0.0378341 0.102224 0.165863 0.172992 0.145897 0.13216 0.111331 0.0686607 0.0318842 0.0133504 0.0053984 0.00200736 0.000679531 0.000205946 5.4156e-05 1.21238e-05 2.30046e-06 3.7303e-07
 1.50755e-11 1.6363e-09 1.04723e-07 3.95192e-06 8.79353e-05 0.00115376 0.00892698 0.0407511 0.110023 0.177858 0.182417 0.146032 0.123682 0.100946 0.0615409 0.0282124 0.0115458 0.00451078 0.00159854 0.000513005 0.000148714 3.78142e-05 8.18335e-06 1.46312e-06 2.11744e-07
 1.52328e-11 1.65337e-09 1.05816e-07 3.99315e-06 8.88528e-05 0.0011658 0.00902011 0.041176 0.111167 0.179677 0.18414 0.147021 0.123934 0.100449 0.0601606 0.0263786 0.0100808 0.00372769 0.00127425 0.000393787 0.000108766 2.62055e-05 5.39976e-06 9.25036e-07 1.27245e-07
 1.42391e-11 1.54552e-09 9.89131e-08 3.73267e-06 8.30569e-05 0.00108976 0.00843202 0.0384972 0.104015 0.168762 0.175974 0.148262 0.133837 0.111518 0.0664224 0.0281096 0.0100381 0.0034413 0.00109394 0.000315601 8.24994e-05 1.8952e-05 3.71019e-06 6.02117e-07 7.86586e-08
 1.44136e-11 1.56446e-09 1.00125e-07 3.77841e-06 8.40746e-05 0.00110311 0.00853525 0.0389668 0.105259 0.17059 0.176988 0.146889 0.130348 0.108451 0.0659065 0.0295177 0.0114885 0.00413333 0.00128502 0.000345997 8.32965e-05 1.77173e-05 3.24783e-06 4.97931e-07 6.15986e-08
 1.53497e-11 1.66606e-09 1.06628e-07 4.02379e-06 8.95345e-05 0.00117474 0.0090893 0.0414915 0.112014 0.181009 0.185332 0.147515 0.123756 0.0998451 0.0592578 0.0253771 0.00929986 0.00328441 0.00106503 0.000303255 7.37942e-05 1.49748e-05 2.53832e-06 3.58819e-07 4.13329e-08
 1.60979e-11 1.74727e-09 1.11825e-07 4.21994e-06 9.38989e-05 0.001232 0.00953218 0.0435097 0.117415 0.189352 0.192066 0.148196 0.118783 0.093238 0.0540453 0.0219674 0.00729972 0.00232134 0.000696148 0.000189974 4.65522e-05 9.78053e-06 1.68194e-06 2.30259e-07 2.47967e-08
 1.66747e-11 1.80988e-09 1.15832e-07 4.37114e-06 9.72633e-05 0.00127614 0.00987357 0.0450651 0.121573 0.19574 0.197052 0.148157 0.114088 0.0875677 0.0502539 0.0201248 0.00647082 0.00194792 0.000538995 0.000132444 2.94423e-05 5.83386e-06 9.90436e-07 1.37523e-07 1.49039e-08
 1.69834e-11 1.84338e-09 1.17976e-07 4.45206e-06 9.90638e-05 0.00129976 0.0100563 0.0458975 0.123798 0.199155 0.199706 0.148095 0.111511 0.0844812 0.0482209 0.0191775 0.00608046 0.00179357 0.000482436 0.00011296 2.32618e-05 4.174e-06 6.42192e-07 8.33241e-08 8.78816e-09
 1.7697e-11 1.92084e-09 1.22933e-07 4.63912e-06 0.000103226 0.00135437 0.0104787 0.0478221 0.128946 0.207085 0.206002 0.148394 0.106221 0.0777717 0.0432925 0.0163271 0.00462427 0.00119434 0.000296478 6.6736e-05 1.32933e-05 2.2749e-06 3.25529e-07 3.84624e-08 3.6934e-09
 1.8276e-11 1.98368e-09 1.26955e-07 4.7909e-06 0.000106603 0.00139868 0.0108213 0.0493836 0.133121 0.213513 0.211081 0.148555 0.101806 0.0722514 0.0393397 0.0141388 0.00354275 0.000747892 0.000152754 2.93008e-05 5.14069e-06 8.12047e-07 1.1043e-07 1.23884e-08 1.10986e-09
 1.82311e-11 1.97881e-09 1.26643e-07 4.77913e-06 0.000106342 0.00139524 0.0107948 0.0492625 0.132798 0.213016 0.210695 0.148567 0.102187 0.0727113 0.0396507 0.0142876 0.00359528 0.000753984 0.000145878 2.44823e-05 3.51569e-06 4.52934e-07 5.23674e-08 5.24837e-09 4.36318e-10
 1.87375e-11 2.03378e-09 1.30162e-07 4.91189e-06 0.000109296 0.001434 0.0110945 0.0506279 0.136444 0.218584 0.21488 0.147997 0.0972435 0.0671667 0.0364989 0.0133772 0.00353661 0.000803083 0.000165388 2.8374e-05 3.98682e-06 4.70703e-07 4.6294e-08 3.78676e-09 2.60701e-10
 1.94366e-11 2.10965e-09 1.35017e-07 5.09514e-06 0.000113373 0.00148749 0.0115082 0.0525128 0.141482 0.226317 0.220882 0.147836 0.091368 0.0601268 0.0318465 0.0112084 0.0026782 0.000514864 9.3906e-05 1.59315e-05 2.35707e-06 2.92197e-07 2.89568e-08 2.24763e-09 1.36851e-10
 1.9953e-11 2.1657e-09 1.38605e-07 5.23051e-06 0.000116385 0.00152701 0.0118139 0.0539052 0.145202 0.232017 0.225253 0.147543 0.0867635 0.0547582 0.0285005 0.00986662 0.00226016 0.00039492 6.28156e-05 9.17322e-06 1.1659e-06 1.30769e-07 1.27578e-08 1.02175e-09 6.36686e-11
 2.03829e-11 2.21236e-09 1.41591e-07 5.3432e-06 0.000118893 0.00155991 0.0120683 0.0550643 0.148299 0.236761 0.228888 0.147288 0.082914 0.0502767 0.0257163 0.00876169 0.00192601 0.000305095 4.21682e-05 5.42993e-06 6.09287e-07 5.8832e-08 4.89915e-09 3.43798e-10 1.99129e-11
 2.03028e-11 2.20367e-09 1.41035e-07 5.32221e-06 0.000118426 0.00155378 0.0120209 0.0548484 0.147723 0.23588 0.228224 0.147372 0.0836872 0.0511481 0.0262177 0.00891406 0.00194208 0.000300034 3.95269e-05 4.753e-06 4.82306e-07 4.06739e-08 2.92887e-09 1.77169e-10 8.7752e-12
 2.00545e-11 2.17673e-09 1.3931e-07 5.25713e-06 0.000116977 0.00153478 0.011874 0.0541791 0.145935 0.233146 0.22615 0.147588 0.0860139 0.0538034 0.0277931 0.00945303 0.00205017 0.000312617 4.02602e-05 4.72079e-06 4.64296e-07 3.72145e-08 2.47771e-09 1.34374e-10 5.8035e-12
#obs catch len freq
 3.24246e-11 3.005e-09 1.6421e-07 5.29109e-06 0.000100526 0.00112622 0.00744156 0.0290328 0.0672795 0.095505 0.0953634 0.0955563 0.113957 0.130354 0.131623 0.110669 0.0705858 0.0336932 0.0126779 0.00388008 0.000946125 0.00017614 2.39562e-05 2.28388e-06 1.47231e-07
 4.74977e-11 4.24561e-09 2.23767e-07 6.95404e-06 0.00012743 0.00137696 0.0087761 0.0330406 0.0740477 0.102746 0.10422 0.11031 0.129512 0.132463 0.115552 0.0886715 0.0560477 0.0279003 0.0109344 0.00333978 0.000776057 0.000133732 1.65996e-05 1.43639e-06 8.39763e-08
 2.14869e-11 1.84924e-09 9.38423e-08 2.80799e-06 4.95453e-05 0.000515606 0.00316858 0.0115721 0.0259498 0.0411839 0.0648496 0.112238 0.161673 0.178273 0.162888 0.122692 0.0702332 0.0303209 0.0105368 0.00303459 0.000688589 0.000114951 1.34721e-05 1.07645e-06 5.73574e-08
 1.62193e-18 7.12972e-16 1.848e-13 2.82439e-11 2.54537e-09 1.35276e-07 4.24085e-06 7.84938e-05 0.000860171 0.00562982 0.0225877 0.059465 0.116394 0.18615 0.230434 0.198444 0.114743 0.0464953 0.0143265 0.00355781 0.000709202 0.000108184 1.19038e-05 8.97854e-07 4.47838e-08
 1.553e-10 1.23315e-08 5.77364e-07 1.59393e-05 0.000259471 0.00249087 0.014109 0.0472932 0.0952522 0.124012 0.133858 0.159417 0.173471 0.131793 0.068521 0.029095 0.0125958 0.00536007 0.00186889 0.000483262 9.04266e-05 1.22405e-05 1.18765e-06 8.04134e-08 3.67047e-09
 2.75137e-10 2.09387e-08 9.39584e-07 2.48605e-05 0.000387861 0.00356827 0.0193632 0.0620689 0.118445 0.139939 0.120884 0.110246 0.116887 0.115079 0.0959997 0.0614558 0.0266722 0.00740595 0.00135707 0.000189133 2.41308e-05 2.78095e-06 2.45667e-07 1.50089e-08 6.10687e-10
 4.46659e-10 3.25343e-08 1.39731e-06 3.53861e-05 0.000528403 0.00465281 0.0241666 0.0741593 0.135582 0.15402 0.129313 0.114791 0.113988 0.100817 0.0753871 0.0453977 0.0198056 0.00592756 0.00122689 0.000179659 1.87844e-05 1.42401e-06 8.1763e-08 3.66573e-09 1.23363e-10
 6.02001e-10 4.19154e-08 1.72082e-06 4.1657e-05 0.000594614 0.00500511 0.024855 0.0729845 0.128237 0.142868 0.125453 0.122269 0.12491 0.108211 0.0777002 0.043885 0.0174416 0.00460387 0.000821873 0.000105623 1.02605e-05 7.45232e-07 3.86081e-08 1.37628e-09 3.34296e-11
 9.24255e-10 6.14411e-08 2.40832e-06 5.56617e-05 0.000758569 0.0060963 0.0289044 0.0810395 0.13598 0.144788 0.121926 0.115327 0.117369 0.104721 0.0776783 0.0437239 0.0167212 0.00414709 0.00067823 7.71464e-05 6.42952e-06 3.98544e-07 1.80162e-08 5.7633e-10 1.26585e-11
 1.40997e-09 8.93884e-08 3.34149e-06 7.36525e-05 0.000957265 0.007337 0.03318 0.0887761 0.142524 0.146878 0.123514 0.117853 0.116443 0.0985428 0.0691114 0.0370835 0.0137241 0.00336763 0.000559128 6.53508e-05 5.47358e-06 3.2411e-07 1.32826e-08 3.72055e-10 7.06867e-12
 1.8298e-09 1.10515e-07 3.93578e-06 8.26471e-05 0.00102336 0.00747308 0.0322102 0.0822854 0.127253 0.131227 0.120854 0.128125 0.130043 0.109621 0.0751916 0.0382967 0.0130316 0.00283643 0.000401019 3.89264e-05 2.76415e-06 1.46979e-07 5.68325e-09 1.52527e-10 2.73929e-12
 2.95362e-09 1.69784e-07 5.75478e-06 0.000115013 0.00135541 0.00942019 0.0386406 0.0939113 0.137929 0.134127 0.115205 0.11668 0.119781 0.105972 0.0747964 0.0373494 0.0119989 0.00239107 0.000297255 2.39206e-05 1.32322e-06 5.33342e-08 1.59982e-09 3.5031e-11 5.41209e-13
 4.80929e-09 2.62876e-07 8.47244e-06 0.000161011 0.0018043 0.0119244 0.0465172 0.107583 0.15079 0.141507 0.11967 0.117751 0.113095 0.091804 0.0596038 0.0276865 0.00833672 0.00156155 0.000182298 1.36777e-05 6.91896e-07 2.46003e-08 6.2133e-10 1.09744e-11 1.33198e-13
 5.84398e-09 3.03486e-07 9.29301e-06 0.000167791 0.00178648 0.0112196 0.0416275 0.0919626 0.125693 0.124297 0.124642 0.13771 0.133018 0.104666 0.0649664 0.0285622 0.00808915 0.00141813 0.000153942 1.06352e-05 4.89663e-07 1.57179e-08 3.57599e-10 5.67389e-12 6.11849e-14
 8.4813e-09 4.18137e-07 1.21552e-05 0.000208354 0.00210601 0.012557 0.0442382 0.0928663 0.121022 0.115603 0.115011 0.130004 0.134244 0.114894 0.0743014 0.0323679 0.00888212 0.00151029 0.000161742 1.13214e-05 5.39572e-07 1.78501e-08 4.0503e-10 6.15092e-12 6.14781e-14
 1.29613e-08 6.06224e-07 1.67188e-05 0.000271877 0.00260718 0.0147494 0.0493259 0.0985217 0.12345 0.117241 0.119418 0.133626 0.13258 0.10779 0.0656644 0.0267544 0.00681219 0.00106124 0.000101997 6.23822e-06 2.5499e-07 7.31257e-09 1.4986e-10 2.1537e-12 2.10014e-14
 2.10373e-08 9.32912e-07 2.43938e-05 0.000376109 0.00341965 0.0183429 0.0581723 0.110258 0.131466 0.119828 0.118304 0.12879 0.125093 0.0991606 0.0580094 0.0224534 0.0054185 0.000803358 7.41732e-05 4.40996e-06 1.76173e-07 4.86976e-09 9.30644e-11 1.20438e-12 1.036e-14
 3.37392e-08 1.41785e-06 3.51329e-05 0.000513329 0.00442301 0.0224851 0.0676079 0.12171 0.138907 0.123847 0.120961 0.126923 0.116598 0.0868042 0.047545 0.0171952 0.00386503 0.00053049 4.48598e-05 2.40647e-06 8.56225e-08 2.109e-09 3.65365e-11 4.38141e-13 3.53924e-15
 4.47809e-08 1.7826e-06 4.18411e-05 0.000579104 0.00472694 0.0227722 0.0649934 0.111939 0.126362 0.121204 0.130772 0.13926 0.123932 0.0881353 0.0457765 0.0156719 0.00335012 0.000442467 3.67391e-05 1.98628e-06 7.25815e-08 1.82343e-09 3.11352e-11 3.53013e-13 2.61438e-15
 6.75349e-08 2.54573e-06 5.6583e-05 0.000741592 0.0057322 0.0261524 0.0707129 0.115568 0.124623 0.116298 0.124776 0.135282 0.125025 0.0905903 0.0460405 0.0149953 0.00300616 0.00036906 2.82501e-05 1.39796e-06 4.67548e-08 1.08928e-09 1.76489e-11 1.9415e-13 1.4137e-15
 1.13745e-07 4.05917e-06 8.5415e-05 0.00105983 0.00775571 0.033501 0.0857762 0.132838 0.136032 0.120891 0.123085 0.125899 0.109453 0.0745379 0.0356791 0.0110106 0.00211586 0.00025403 1.9578e-05 1.00505e-06 3.5258e-08 8.43791e-10 1.34898e-11 1.41196e-13 9.58031e-16
 1.46702e-07 4.95568e-06 9.87102e-05 0.00115942 0.00803272 0.0328732 0.0800117 0.11962 0.125239 0.125342 0.138993 0.139399 0.113814 0.0721557 0.0321606 0.00924474 0.00165234 0.000183921 1.31001e-05 6.2253e-07 2.04594e-08 4.68742e-10 7.3434e-12 7.65937e-14 5.20782e-16
 2.38065e-07 7.61186e-06 0.000143509 0.00159545 0.0104621 0.0405173 0.0932465 0.131303 0.127763 0.117574 0.125399 0.129197 0.110732 0.0712566 0.030858 0.00839307 0.0013993 0.000143648 9.31033e-06 3.96608e-07 1.15683e-08 2.35514e-10 3.31289e-12 3.1454e-14 1.97461e-16
 3.59319e-07 1.08744e-05 0.000194057 0.00204209 0.0126766 0.0464979 0.101594 0.137238 0.132626 0.1261 0.132389 0.125403 0.0967475 0.056732 0.022833 0.00587119 0.000942574 9.55197e-05 6.29961e-06 2.7941e-07 8.45499e-09 1.72674e-10 2.32974e-12 2.0446e-14 1.16001e-16
 4.8734e-07 1.39609e-05 0.000235826 0.00234915 0.0138061 0.0479787 0.0996441 0.129769 0.12645 0.127253 0.137679 0.130727 0.0998491 0.0566528 0.0215771 0.00517369 0.000765514 7.0598e-05 4.18673e-06 1.66586e-07 4.59663e-09 8.82978e-11 1.15566e-12 1.00287e-14 5.64642e-17
 7.62353e-07 2.06743e-05 0.0003306 0.00311758 0.0173453 0.0570674 0.112231 0.138502 0.128188 0.123537 0.130263 0.122653 0.0926151 0.0508708 0.0184385 0.00417988 0.000585138 5.13005e-05 2.90745e-06 1.10515e-07 2.88095e-09 5.13271e-11 6.1324e-13 4.82732e-15 2.47635e-17
 9.79573e-07 2.51511e-05 0.000380789 0.00340006 0.0179183 0.0559352 0.10518 0.128061 0.12682 0.135534 0.144152 0.127919 0.089547 0.0457578 0.0155486 0.00333364 0.000446628 3.80924e-05 2.13815e-06 8.13527e-08 2.11403e-09 3.69683e-11 4.25995e-13 3.18616e-15 1.5333e-17
 1.14945e-06 2.79457e-05 0.00040064 0.00338775 0.0169151 0.0501322 0.090335 0.109247 0.116268 0.137107 0.155058 0.144747 0.103896 0.0520311 0.0167134 0.00330407 0.000398416 2.96697e-05 1.40639e-06 4.43208e-08 9.66851e-10 1.48064e-11 1.56501e-13 1.10825e-15 5.1207e-18
#spawning biomass
 19685.2 25162.8 24434.6 27508.9 43354.5 62630.4 76252.5 93388.8 117981 151178 162348 188833 231785 230814 234434 210994 194599 212027 253951 239085 191757 186814 220876 216535 223124 223539 232507 229770 268650 547508 601484 572060 499443 414440 334685 267757 215255 175865 147214 126836 112578 102725 95945.9 91239.8 88119.4 86050.3 84678.3 83768.6 83165.4 82765.4 82500.2 82324.3 82207.7 82130.4 82079.1 82045.1 82022.6 82007.7 81997.7 81991.2 81986.8 81983.9 81982 81980.7 81979.9 81979.3 81979 81978.7 81978.6 81978.5 81978.4 81978.3 81978.3 81978.3 81978.3 81978.3 81978.3 81978.3 81978.2 81978.2 81978.2 81978.2 81978.2 81978.2 81978.2 81978.2 81978.2 81978.2 81978.2 81978.2 81978.2 81978.2 81978.2 81978.2 81978.2 81978.2 81978.2 81978.2 81978.2 81978.2 81978.2 81978.2 81978.2 81978.2 81978.2 81978.2 81978.2 81978.2 81978.2 81978.2 81978.2 81978.2 81978.2 81978.2 81978.2 81978.2 81978.2 81978.2 81978.2 81978.2 81978.2 81978.2 81978.2 81978.2 81978.2 81978.2 81978.2 81978.2 0 0 0 0 0 0 0 0 0 0 0 0 0 0 0 0 0 0 0 0 0 0 0 0 0
