SBPRF35
0.819782
Curr Bio
258979
B35
961156
F35
0.216492
FOFL
0.0616429
OFL
13662.9
Bzero
234224
#pred survey bio
 9213.03 9807.55 7601.77 8205.59 11858.6 18636.6 27630.9 34314.3 44783 63763.3 78381.7 101816 135862 169787 172717 163996 152303 151130 155097 180538 195186 192959 201556 207070 224659 245466 240187 239867 237240 1.00213e+07 1.05356e+07 1.1161e+07 1.04707e+07 9.14529e+06 7.67322e+06 6.32049e+06 5.19374e+06 4.30881e+06 3.63935e+06 3.14498e+06 2.78544e+06 2.52623e+06 2.33982e+06 2.20426e+06 2.10462e+06 2.03389e+06 1.98311e+06 1.94622e+06 1.91911e+06 1.89893e+06 1.88375e+06 1.87219e+06 1.86331e+06 1.85642e+06 1.85102e+06 1.84677e+06 1.8434e+06 1.84071e+06 1.83855e+06 1.83682e+06 1.83542e+06 1.83429e+06 1.83337e+06 1.83262e+06 1.83202e+06 1.83152e+06 1.83112e+06 1.83079e+06 1.83052e+06 1.8303e+06 1.83012e+06 1.82998e+06 1.82986e+06 1.82976e+06 1.82968e+06 1.82961e+06 1.82956e+06 1.82951e+06 1.82948e+06 1.82945e+06 1.82942e+06 1.8294e+06 1.82939e+06 1.82938e+06 1.82936e+06 1.82936e+06 1.82935e+06 1.82934e+06 1.82934e+06 1.82933e+06 1.82933e+06 1.82933e+06 1.82933e+06 1.82932e+06 1.82932e+06 1.82932e+06 1.82932e+06 1.82932e+06 1.82932e+06 1.82932e+06 1.82932e+06 1.82932e+06 1.82932e+06 1.82932e+06 1.82932e+06 1.82932e+06 1.82932e+06 1.82932e+06 1.82932e+06 1.82932e+06 1.82932e+06 1.82932e+06 1.82932e+06 1.82932e+06 1.82932e+06 1.82932e+06 1.82932e+06 1.82932e+06 1.82932e+06 1.82932e+06 1.82932e+06 1.82932e+06 1.82932e+06 1.82932e+06 1.82932e+06 1.82932e+06 1.82932e+06 1.82932e+06 1.82932e+06 0 0 0 0 0 0 0 0 0 0 0 0 0 0 0 0 0 0 0 0 0 0 0 0 0
#obs survey bio
 8187.08 9340.14 6557.57 14889.5 14836.1 22828.2 30669.5 30588 61271.3 43965.8 99118.6 100690 178402 192527 154895 135926 153866 138676 142513 208234 176223 169129 265936 214858 174585 266197 368640 253197 198292
#pred catch bio
 3381.26 5011.77 3585.67 3725.47 5256.69 9105.85 17241.5 21681.9 26706 44330.5 54852.1 69303.8 90579.4 124574 129162 126934 121106 122245 118226 142130 162747 161048 171740 174254 189068 213315 209290 210341 178069 13662.9 88200 92760.1 86085.8 74144.5 61164.7 49419.2 39785.3 32351.7 26846.4 22885.2 20094.1 18157.5 16828.1 15917.1 15294.3 14883.7 14613 14434.4 14316.7 14239.1 14187.9 14154.2 14132 14117.3 14107.6 14101.2 14097 14094.3 14092.4 14091.2 14090.4 14089.9 14089.6 14089.3 14089.2 14089.1 14089 14089 14089 14088.9 14088.9 14088.9 14088.9 14088.9 14088.9 14088.9 14088.9 14088.9 14088.9 14088.9 14088.9 14088.9 14088.9 14088.9 14088.9 14088.9 14088.9 14088.9 14088.9 14088.9 14088.9 14088.9 14088.9 14088.9 14088.9 14088.9 14088.9 14088.9 14088.9 14088.9 14088.9 14088.9 14088.9 14088.9 14088.9 14088.9 14088.9 14088.9 14088.9 14088.9 14088.9 14088.9 14088.9 14088.9 14088.9 14088.9 14088.9 14088.9 14088.9 14088.9 14088.9 14088.9 14088.9 14088.9 14088.9 14088.9 14088.9 14088.9 14088.9 0 0 0 0 0 0 0 0 0 0 0 0 0 0 0 0 0 0 0 0 0 0 0 0 0
#obs catch bio
 3638.24 5089.36 3962.71 3490.9 4888.89 8146.74 16208.2 20131.3 24211.9 44145.8 50852.7 65521.1 80317 116502 123130 122377 119764 123083 117132 134605 164842 159766 156438 151948 181480 196632 191168 194676 171141
#pred cpue bio
 8731.4 9504.59 7161.88 7378.63 10507 16539.2 24516.8 30189.6 39031.3 55734.1 67792.9 87460.9 118318 150005 153731 146132 133359 131207 133553 156084 169089 165590 172304 176683 190111 210291 204750 204389 202018 8.78745e+06 1.04976e+07 1.11279e+07 1.04376e+07 9.1122e+06 7.64013e+06 6.2874e+06 5.16065e+06 4.27572e+06 3.60626e+06 3.11189e+06 2.75235e+06 2.49314e+06 2.30673e+06 2.17117e+06 2.07153e+06 2.0008e+06 1.95002e+06 1.91313e+06 1.88602e+06 1.86584e+06 1.85066e+06 1.8391e+06 1.83022e+06 1.82333e+06 1.81793e+06 1.81368e+06 1.81031e+06 1.80762e+06 1.80546e+06 1.80373e+06 1.80233e+06 1.8012e+06 1.80028e+06 1.79953e+06 1.79893e+06 1.79843e+06 1.79803e+06 1.7977e+06 1.79743e+06 1.79721e+06 1.79703e+06 1.79689e+06 1.79677e+06 1.79667e+06 1.79659e+06 1.79652e+06 1.79647e+06 1.79642e+06 1.79639e+06 1.79636e+06 1.79633e+06 1.79631e+06 1.7963e+06 1.79629e+06 1.79627e+06 1.79627e+06 1.79626e+06 1.79625e+06 1.79625e+06 1.79624e+06 1.79624e+06 1.79624e+06 1.79624e+06 1.79623e+06 1.79623e+06 1.79623e+06 1.79623e+06 1.79623e+06 1.79623e+06 1.79623e+06 1.79623e+06 1.79623e+06 1.79623e+06 1.79623e+06 1.79623e+06 1.79623e+06 1.79623e+06 1.79623e+06 1.79623e+06 1.79623e+06 1.79623e+06 1.79623e+06 1.79623e+06 1.79623e+06 1.79623e+06 1.79623e+06 1.79623e+06 1.79623e+06 1.79623e+06 1.79623e+06 1.79623e+06 1.79623e+06 1.79623e+06 1.79623e+06 1.79623e+06 1.79623e+06 1.79623e+06 1.79623e+06 1.79623e+06 0 0 0 0 0 0 0 0 0 0 0 0 0 0 0 0 0 0 0 0 0 0 0 0 0
#obs cpue bio
 9061.81 8660.92 6177.97 8244.88 10525.7 23948.4 23298.9 45573.7 40798.7 66745 85507.1 98034.8 162627 152840 189393 206830 135648 133736 142796 184782 164322 202367 216136 297172 236295 299966 191126 264112 282927
#pred surv len freq
 6.68333e-12 7.2573e-10 4.64619e-08 1.75371e-06 3.90268e-05 0.000512082 0.00396294 0.0181161 0.0493028 0.0829592 0.100521 0.120673 0.151052 0.150938 0.114535 0.0773632 0.0506396 0.0310997 0.0184294 0.011043 0.0069233 0.00471883 0.00345441 0.00239577 0.00132031
 4.54352e-12 4.93372e-10 3.15862e-08 1.19222e-06 2.65318e-05 0.000348141 0.00269464 0.012328 0.0336835 0.0577461 0.0748275 0.100857 0.137256 0.148384 0.130221 0.106012 0.078825 0.0511937 0.0300298 0.0164182 0.00870358 0.00480174 0.00290046 0.00179383 0.000948323
 8.12445e-12 8.82218e-10 5.64804e-08 2.13186e-06 4.74416e-05 0.000622469 0.00481615 0.0219919 0.0595136 0.0974454 0.105955 0.100972 0.107718 0.109294 0.0977404 0.0855366 0.0723615 0.0556609 0.0376564 0.0218957 0.011137 0.00525449 0.00251243 0.00126732 0.000598893
 1.13352e-11 1.23087e-09 7.88012e-08 2.97435e-06 6.61901e-05 0.000868454 0.00671903 0.0306729 0.082894 0.134824 0.142361 0.124797 0.119432 0.107213 0.0767997 0.0509181 0.0376159 0.0300034 0.0231093 0.0157055 0.00895663 0.00426548 0.00178415 0.000714569 0.000277032
 1.14446e-11 1.24275e-09 7.95618e-08 3.00306e-06 6.68292e-05 0.000876844 0.00678414 0.0309749 0.0837756 0.136785 0.14688 0.134823 0.135031 0.121577 0.0828245 0.04766 0.0274774 0.0166008 0.0109465 0.0076392 0.00492944 0.00264993 0.00114875 0.000414115 0.000131181
 1.11212e-11 1.20763e-09 7.73135e-08 2.9182e-06 6.49407e-05 0.000852067 0.00659253 0.030102 0.0814419 0.133194 0.144044 0.134783 0.137901 0.126195 0.0882522 0.0526521 0.0301243 0.0160983 0.00823212 0.00442556 0.00256858 0.00144908 0.000690168 0.000258379 7.58599e-05
 1.10589e-11 1.20087e-09 7.68806e-08 2.90186e-06 6.45771e-05 0.000847297 0.00655566 0.0299342 0.0809965 0.132534 0.143648 0.135181 0.139022 0.127285 0.0887419 0.0528381 0.0305441 0.0166194 0.0082789 0.00382852 0.00172128 0.000801358 0.000367777 0.000144115 4.34441e-05
 1.13329e-11 1.23062e-09 7.87856e-08 2.97376e-06 6.61772e-05 0.000868293 0.00671812 0.0306766 0.0830131 0.135895 0.147567 0.139451 0.143451 0.129464 0.0862234 0.0470191 0.025002 0.013115 0.00650858 0.00298715 0.00123989 0.00047448 0.000176056 6.23061e-05 1.86716e-05
 1.1779e-11 1.27905e-09 8.18862e-08 3.0908e-06 6.87816e-05 0.000902462 0.00698239 0.031881 0.0862397 0.140916 0.151809 0.140513 0.14162 0.12676 0.0839925 0.0451747 0.0231154 0.0112826 0.00514322 0.00223016 0.000899021 0.000324693 0.000104166 3.03484e-05 7.94677e-06
 1.1606e-11 1.26027e-09 8.06837e-08 3.04541e-06 6.77716e-05 0.000889211 0.00687991 0.0314141 0.0849906 0.138987 0.150252 0.140357 0.14279 0.128378 0.0854002 0.0462117 0.023725 0.0114637 0.00503703 0.0020384 0.000757983 0.000256093 7.66834e-05 1.98278e-05 4.39451e-06
 1.20411e-11 1.30752e-09 8.37084e-08 3.15958e-06 7.03121e-05 0.000922543 0.00713775 0.0325901 0.0881545 0.144017 0.155017 0.143101 0.143522 0.127096 0.08175 0.0413023 0.0197071 0.00919868 0.00400353 0.00159532 0.000568612 0.000178928 4.93351e-05 1.16909e-05 2.31613e-06
 1.23316e-11 1.33907e-09 8.57283e-08 3.23582e-06 7.20087e-05 0.000944802 0.00730992 0.0333748 0.0902586 0.147305 0.157863 0.144016 0.142649 0.125471 0.0800152 0.0395894 0.0181362 0.00796169 0.00322321 0.00121607 0.000420861 0.000128524 3.36021e-05 7.3688e-06 1.32976e-06
 1.15849e-11 1.25798e-09 8.05369e-08 3.03987e-06 6.76483e-05 0.000887596 0.00686751 0.0313596 0.0848722 0.139027 0.151372 0.143962 0.148578 0.13278 0.0851454 0.0423157 0.0193963 0.00840267 0.00328117 0.00116522 0.000375669 0.000108068 2.70332e-05 5.65854e-06 9.56553e-07
 1.08458e-11 1.17773e-09 7.53992e-08 2.84595e-06 6.33328e-05 0.000830978 0.00642961 0.0293638 0.079524 0.130693 0.144277 0.142056 0.151587 0.137982 0.09068 0.0472995 0.0229198 0.0102473 0.00403438 0.00141589 0.000440075 0.000119162 2.78055e-05 5.46955e-06 8.75771e-07
 1.03601e-11 1.12498e-09 7.20223e-08 2.71849e-06 6.04965e-05 0.000793767 0.00614186 0.0280536 0.0760289 0.125379 0.140385 0.142924 0.156776 0.143458 0.0932466 0.0474379 0.0225922 0.0102817 0.00423379 0.00154813 0.000489032 0.000130817 2.93325e-05 5.42985e-06 8.1283e-07
 1.03047e-11 1.11897e-09 7.16376e-08 2.70396e-06 6.01733e-05 0.000789526 0.00610906 0.0279039 0.0756258 0.124734 0.139756 0.142515 0.156612 0.143649 0.0939098 0.0482872 0.0231334 0.0104265 0.00423605 0.00156048 0.000509213 0.000141104 3.21073e-05 5.85532e-06 8.40552e-07
 1.1307e-11 1.2278e-09 7.86051e-08 2.96695e-06 6.60256e-05 0.000866307 0.00670286 0.0306094 0.0828645 0.13592 0.148829 0.143586 0.150205 0.134975 0.0868698 0.0435138 0.0202929 0.00906113 0.00368503 0.00135286 0.000439208 0.000122762 2.8647e-05 5.35981e-06 7.7524e-07
 1.16499e-11 1.26504e-09 8.09891e-08 3.05694e-06 6.80281e-05 0.00089258 0.0069061 0.0315365 0.0853606 0.139903 0.152673 0.145993 0.151164 0.134256 0.0839714 0.0393561 0.0167686 0.00699952 0.0027348 0.000983409 0.000316998 8.8348e-05 2.06365e-05 3.90448e-06 5.76e-07
 1.20259e-11 1.30587e-09 8.36027e-08 3.15559e-06 7.02234e-05 0.000921382 0.00712886 0.0325517 0.0880802 0.144134 0.156239 0.146849 0.149492 0.131635 0.0814892 0.0372512 0.0151376 0.00590924 0.00211992 0.000701236 0.000213588 5.78087e-05 1.33421e-05 2.51723e-06 3.72901e-07
 1.18573e-11 1.28757e-09 8.24312e-08 3.11137e-06 6.92394e-05 0.000908471 0.00702899 0.0320962 0.0868559 0.142196 0.154443 0.145927 0.149449 0.13239 0.0830836 0.0391958 0.0165668 0.00654245 0.00227863 0.000706409 0.000197429 4.90727e-05 1.06405e-05 1.93985e-06 2.833e-07
 1.17241e-11 1.2731e-09 8.1505e-08 3.07641e-06 6.84614e-05 0.000898265 0.00695008 0.0317371 0.0859004 0.140763 0.153494 0.146491 0.151367 0.134211 0.0836321 0.0387672 0.0160875 0.00637782 0.00227824 0.000719327 0.000197462 4.62585e-05 9.22319e-06 1.54863e-06 2.12841e-07
 1.21518e-11 1.31954e-09 8.44779e-08 3.18862e-06 7.09585e-05 0.000931026 0.00720347 0.032892 0.0889961 0.145593 0.157636 0.147695 0.149781 0.131309 0.0803988 0.03575 0.0139173 0.00523522 0.00181562 0.000568793 0.00015792 3.73569e-05 7.31075e-06 1.16114e-06 1.47688e-07
 1.23174e-11 1.33752e-09 8.56295e-08 3.23209e-06 7.19259e-05 0.000943718 0.00730162 0.0333393 0.0901948 0.14746 0.159222 0.148112 0.149103 0.130185 0.0792692 0.0347459 0.0131412 0.00473877 0.00155339 0.000458139 0.000121927 2.8369e-05 5.55679e-06 8.81505e-07 1.09492e-07
 1.23756e-11 1.34385e-09 8.60342e-08 3.24736e-06 7.22658e-05 0.000948177 0.00733613 0.0334969 0.0906205 0.148152 0.159952 0.148733 0.149589 0.130274 0.0786784 0.0337359 0.0122837 0.00426795 0.00135286 0.000382211 9.6195e-05 2.10965e-05 3.9481e-06 6.11986e-07 7.5392e-08
 1.27974e-11 1.38965e-09 8.89664e-08 3.35804e-06 7.47287e-05 0.000980489 0.007586 0.0346348 0.0936588 0.152795 0.163464 0.14834 0.145607 0.125773 0.0760746 0.0329074 0.0121266 0.00420908 0.00130353 0.000354409 8.54776e-05 1.78743e-05 3.16307e-06 4.63269e-07 5.45821e-08
 1.21591e-11 1.32034e-09 8.45291e-08 3.19056e-06 7.10016e-05 0.000931592 0.00720787 0.0329128 0.0890612 0.145772 0.158161 0.148968 0.151691 0.132652 0.0800705 0.03418 0.0123264 0.00422165 0.00130849 0.00035612 8.46307e-05 1.71177e-05 2.89625e-06 4.02936e-07 4.49144e-08
 1.24005e-11 1.34654e-09 8.6207e-08 3.25389e-06 7.24109e-05 0.000950082 0.00735086 0.0335642 0.0908028 0.148452 0.160284 0.149055 0.149889 0.130393 0.0784509 0.0332684 0.0118438 0.0039881 0.00121248 0.000324187 7.63427e-05 1.53643e-05 2.56323e-06 3.46032e-07 3.69352e-08
 1.24074e-11 1.34729e-09 8.6255e-08 3.2557e-06 7.24512e-05 0.000950611 0.00735496 0.0335829 0.0908549 0.148548 0.160435 0.149307 0.150218 0.130588 0.0783157 0.0329086 0.0115207 0.00381268 0.00114192 0.000300148 6.93123e-05 1.36963e-05 2.25454e-06 3.01123e-07 3.16214e-08
 1.2431e-11 1.34985e-09 8.64189e-08 3.26188e-06 7.25889e-05 0.000952417 0.00736893 0.0336467 0.0910263 0.14882 0.16069 0.149446 0.150244 0.130509 0.0781194 0.0326512 0.0113095 0.00369273 0.00108911 0.000281075 6.36991e-05 1.2353e-05 1.99397e-06 2.61426e-07 2.70318e-08
#obs surv len freq
 7.93831e-12 8.62007e-10 5.51864e-08 2.08301e-06 4.63547e-05 0.000608205 0.00470569 0.0214853 0.0581115 0.094907 0.102153 0.0953686 0.102215 0.109868 0.106434 0.0963394 0.0794066 0.0579316 0.0371858 0.0203833 0.00901563 0.00300423 0.000706825 0.00011155 1.13844e-05
 1.20922e-12 1.31307e-10 8.40643e-09 3.17307e-07 7.06184e-06 9.26955e-05 0.000718721 0.00331676 0.00944736 0.0192217 0.0381991 0.0793036 0.131847 0.161109 0.160271 0.140592 0.107005 0.0713006 0.0427035 0.0221338 0.00918462 0.00283512 0.000613146 8.86682e-05 8.2838e-06
 1.56922e-11 1.70399e-09 1.09091e-07 4.11763e-06 9.16317e-05 0.00120222 0.00929961 0.0424138 0.114079 0.18116 0.170962 0.100179 0.0495634 0.0480977 0.0691831 0.0771536 0.0618772 0.038918 0.0209904 0.00980435 0.00372194 0.00105767 0.000210177 2.78301e-05 2.37566e-06
 1.33455e-11 1.44916e-09 9.27765e-08 3.50186e-06 7.79294e-05 0.00102249 0.00791108 0.03612 0.0976627 0.159034 0.167891 0.144452 0.130029 0.105234 0.0628692 0.0328745 0.0221185 0.016395 0.00982258 0.00446493 0.00154344 0.000395029 7.11138e-05 8.57215e-06 6.67298e-07
 1.18483e-11 1.28659e-09 8.23684e-08 3.109e-06 6.91869e-05 0.000907784 0.00702366 0.0320691 0.0867125 0.141175 0.148821 0.128241 0.121183 0.11673 0.0971807 0.0659681 0.0338935 0.013132 0.0045698 0.0016461 0.000526442 0.000124976 2.0437e-05 2.22232e-06 1.56351e-07
 1.17752e-11 1.27865e-09 8.186e-08 3.08982e-06 6.876e-05 0.000902188 0.00698054 0.0318752 0.0862174 0.140523 0.148515 0.128118 0.119995 0.114182 0.0953601 0.0673966 0.0376892 0.0157214 0.00491184 0.00122137 0.000262231 4.84981e-05 6.90342e-06 6.77267e-07 4.31524e-08
 1.19164e-11 1.29398e-09 8.28416e-08 3.12687e-06 6.95847e-05 0.000913015 0.0070645 0.032262 0.0872971 0.142458 0.151005 0.130558 0.121483 0.114094 0.093541 0.0642874 0.0348907 0.014323 0.00446544 0.00106386 0.000191962 2.62183e-05 2.72229e-06 2.09562e-07 1.1285e-08
 1.24526e-11 1.3522e-09 8.65692e-08 3.26757e-06 7.27158e-05 0.000954102 0.00738249 0.0337148 0.0912249 0.148765 0.156932 0.133135 0.120105 0.110286 0.0888981 0.0597491 0.0314873 0.0124966 0.00376113 0.000864296 0.00014827 1.83493e-05 1.59683e-06 9.63735e-08 3.99527e-09
 1.1538e-11 1.2529e-09 8.02115e-08 3.0276e-06 6.73761e-05 0.000884062 0.00684127 0.0312572 0.0847327 0.139216 0.150794 0.135972 0.129458 0.119236 0.0935828 0.0607261 0.0309542 0.0119084 0.00346346 0.000763538 0.000124698 1.45547e-05 1.17401e-06 6.37093e-08 2.28068e-09
 1.17899e-11 1.28025e-09 8.19626e-08 3.0937e-06 6.88471e-05 0.000903368 0.00699077 0.0319409 0.0865812 0.142125 0.153106 0.135734 0.127303 0.118444 0.0946023 0.0604405 0.0287834 0.00988777 0.00251391 0.00049019 7.28086e-05 7.88301e-06 5.93334e-07 2.99474e-08 9.88076e-10
 1.23459e-11 1.34062e-09 8.5828e-08 3.2396e-06 7.20942e-05 0.000945983 0.00732079 0.0334522 0.0907015 0.148945 0.160234 0.140449 0.128112 0.114953 0.0879068 0.053349 0.0239135 0.00758624 0.00172378 0.000290637 3.68935e-05 3.45826e-06 2.30652e-07 1.05284e-08 3.18086e-10
 1.1587e-11 1.25821e-09 8.0552e-08 3.04046e-06 6.76632e-05 0.000887875 0.0068721 0.0314195 0.0853738 0.141311 0.155913 0.14388 0.136612 0.122438 0.0911486 0.0530894 0.0226077 0.0067293 0.00140717 0.000212932 2.36765e-05 1.91138e-06 1.09166e-07 4.29176e-09 1.1317e-10
 1.04124e-11 1.13067e-09 7.23865e-08 2.73226e-06 6.08052e-05 0.000797923 0.00617701 0.0282613 0.0769922 0.128631 0.146052 0.142714 0.143227 0.133104 0.101435 0.0592051 0.0246723 0.00705665 0.00139474 0.000195799 1.98022e-05 1.42767e-06 7.17075e-08 2.45144e-09 5.58867e-11
 9.78323e-12 1.06235e-09 6.80125e-08 2.56717e-06 5.71318e-05 0.00074975 0.00580497 0.0265733 0.0725268 0.121894 0.140671 0.141461 0.14605 0.139105 0.10784 0.0628632 0.0257054 0.00713748 0.0013583 0.000181605 1.72423e-05 1.14914e-06 5.25878e-08 1.61731e-09 3.28187e-11
 8.65037e-12 9.39329e-10 6.0137e-08 2.26992e-06 5.05179e-05 0.000663016 0.00513518 0.0235367 0.0645281 0.110116 0.132608 0.143115 0.155363 0.150044 0.11534 0.0655185 0.0257675 0.00681673 0.00122636 0.000154078 1.36993e-05 8.5274e-07 3.62886e-08 1.03088e-09 1.91697e-11
 9.75308e-12 1.05907e-09 6.78029e-08 2.55927e-06 5.69571e-05 0.000747497 0.00578848 0.0265102 0.072436 0.121972 0.140785 0.140779 0.145642 0.141252 0.110173 0.0624124 0.0240591 0.00617442 0.00106907 0.00012801 1.07264e-05 6.2338e-07 2.46239e-08 6.47302e-10 1.11169e-11
 1.05065e-11 1.14089e-09 7.30411e-08 2.757e-06 6.13584e-05 0.000805296 0.00623694 0.0285761 0.0781712 0.13196 0.152543 0.150151 0.147294 0.132083 0.0954926 0.0513351 0.0193326 0.00496643 0.000872351 0.000105623 8.78673e-06 4.95096e-07 1.85789e-08 4.57426e-10 7.29255e-12
 9.96754e-12 1.08236e-09 6.92941e-08 2.61559e-06 5.82129e-05 0.000764086 0.00591966 0.0271507 0.074521 0.127068 0.150557 0.153603 0.153464 0.136559 0.096438 0.0502039 0.0182642 0.00454657 0.000779439 9.29005e-05 7.65105e-06 4.26557e-07 1.57237e-08 3.75782e-10 5.73718e-12
 1.01744e-11 1.10482e-09 7.07323e-08 2.66989e-06 5.94221e-05 0.000779984 0.00604332 0.0277223 0.0760984 0.129622 0.152635 0.15351 0.151768 0.135074 0.0952332 0.0489693 0.0174494 0.0042381 0.000707024 8.17317e-05 6.50972e-06 3.50661e-07 1.24965e-08 2.88841e-10 4.25976e-12
 9.77571e-12 1.06153e-09 6.79611e-08 2.56532e-06 5.70973e-05 0.000749573 0.00581028 0.0266905 0.0735778 0.126839 0.153419 0.159437 0.158481 0.137244 0.0926618 0.0454119 0.0154164 0.00356745 0.000566846 6.23993e-05 4.73295e-06 2.42749e-07 8.23155e-09 1.80903e-10 2.53547e-12
 9.63744e-12 1.04652e-09 6.70002e-08 2.52908e-06 5.62923e-05 0.000739069 0.00573027 0.0263403 0.0727312 0.125823 0.153076 0.160084 0.160085 0.139154 0.0932529 0.0446117 0.0145707 0.00320897 0.000481208 4.9703e-05 3.52824e-06 1.6936e-07 5.38058e-09 1.10904e-10 1.45881e-12
 1.06642e-11 1.15801e-09 7.41381e-08 2.79852e-06 6.22899e-05 0.000817813 0.00634041 0.0291335 0.0802919 0.137843 0.163667 0.163041 0.154669 0.128872 0.082884 0.0378483 0.0117223 0.00243026 0.000340335 3.26054e-05 2.13872e-06 9.47746e-08 2.78132e-09 5.30151e-11 6.45705e-13
 1.04963e-11 1.13979e-09 7.29721e-08 2.75457e-06 6.13157e-05 0.000805178 0.00624601 0.0287464 0.0795814 0.138167 0.167595 0.169994 0.158971 0.126658 0.0772409 0.033622 0.0100088 0.00200349 0.000270195 2.46845e-05 1.5235e-06 6.27682e-08 1.6991e-09 2.97551e-11 3.32532e-13
 1.08556e-11 1.1788e-09 7.54701e-08 2.84889e-06 6.34169e-05 0.00083282 0.00646115 0.0297405 0.0823143 0.142575 0.171388 0.170771 0.157033 0.123483 0.0737366 0.030956 0.00876357 0.00165147 0.000208479 1.78019e-05 1.02788e-06 3.96292e-08 1.0016e-09 1.63054e-11 1.68541e-13
 9.40152e-12 1.02091e-09 6.5363e-08 2.46751e-06 5.49372e-05 0.000721838 0.00560866 0.0259297 0.0726515 0.129878 0.166564 0.179565 0.171076 0.132195 0.0756842 0.030269 0.00815261 0.00145767 0.000173511 1.38536e-05 7.42414e-07 2.64558e-08 6.17454e-10 9.28932e-12 8.88198e-14
 9.71775e-12 1.05525e-09 6.75617e-08 2.55053e-06 5.67851e-05 0.000746082 0.00579556 0.0267659 0.0747157 0.132091 0.165494 0.174496 0.167352 0.133058 0.0779897 0.0313917 0.0083868 0.00147368 0.000171023 1.31774e-05 6.72921e-07 2.25639e-08 4.90469e-10 6.8239e-12 6.00908e-14
 9.36061e-12 1.01648e-09 6.5081e-08 2.45704e-06 5.47137e-05 0.000719219 0.00559423 0.0259251 0.0729963 0.13156 0.170042 0.182986 0.171951 0.129942 0.0720517 0.0276727 0.00713337 0.00121978 0.000138277 1.03899e-05 5.14249e-07 1.65708e-08 3.42982e-10 4.50412e-12 3.71447e-14
 9.52889e-12 1.03476e-09 6.62521e-08 2.50133e-06 5.57034e-05 0.000732325 0.00569753 0.0264121 0.0743659 0.133784 0.171913 0.183548 0.171638 0.128718 0.0698723 0.0258193 0.00631168 0.00101422 0.0001077 7.59711e-06 3.5484e-07 1.08426e-08 2.13313e-10 2.66124e-12 2.0794e-14
 8.94286e-12 9.71136e-10 6.21811e-08 2.34787e-06 5.23003e-05 0.000688063 0.00536259 0.0249683 0.0710361 0.130645 0.173818 0.190716 0.177333 0.128626 0.0667886 0.0235487 0.00548687 0.000837615 8.39633e-05 5.5469e-06 2.41072e-07 6.83356e-09 1.24769e-10 1.44819e-12 1.05594e-14
#pred catch len freq
 4.6156e-12 5.01199e-10 3.20872e-08 1.21114e-06 2.69528e-05 0.000353676 0.00273784 0.0125341 0.0343636 0.0598408 0.0816117 0.117912 0.16328 0.167607 0.127884 0.0864718 0.0566158 0.0347722 0.0206059 0.0123472 0.00774095 0.00527614 0.00386238 0.00267871 0.00147624
 3.27527e-12 3.55656e-10 2.27694e-08 8.59437e-07 1.91261e-05 0.000250982 0.00194319 0.00890348 0.0245103 0.0434829 0.0628318 0.0980643 0.14304 0.157323 0.138529 0.112845 0.083917 0.0545024 0.0319708 0.0174795 0.00926616 0.00511212 0.00308795 0.00190978 0.00100962
 6.06955e-12 6.59081e-10 4.2195e-08 1.59265e-06 3.54425e-05 0.000465043 0.00359858 0.0164427 0.0446418 0.0742639 0.0861781 0.0954792 0.115445 0.122041 0.11005 0.0964313 0.0815926 0.0627632 0.0424615 0.0246897 0.0125582 0.00592499 0.00283303 0.00142904 0.000675315
 8.90502e-12 9.66979e-10 6.19069e-08 2.33668e-06 5.19998e-05 0.000682282 0.00527919 0.0241122 0.0653332 0.107628 0.120011 0.121178 0.133059 0.125654 0.0910357 0.0604829 0.0446981 0.0356545 0.0274622 0.0186638 0.0106437 0.00506894 0.00212022 0.000849167 0.000329214
 8.98253e-12 9.75395e-10 6.24457e-08 2.35702e-06 5.24525e-05 0.000688228 0.00532545 0.0243294 0.0660017 0.109373 0.124913 0.133054 0.151955 0.143183 0.0985303 0.0568077 0.0327643 0.0197968 0.0130541 0.00911008 0.00587858 0.00316016 0.00136993 0.00049385 0.000156439
 8.86504e-12 9.62637e-10 6.1629e-08 2.32619e-06 5.17665e-05 0.000679228 0.00525585 0.0240123 0.0651548 0.108076 0.123922 0.133195 0.15352 0.146299 0.103224 0.0616878 0.0353058 0.0188687 0.00964901 0.00518729 0.00301069 0.00169849 0.00080896 0.000302852 8.89169e-05
 9.44937e-12 1.02609e-09 6.56911e-08 2.47952e-06 5.51785e-05 0.000723992 0.00560205 0.0255899 0.0693777 0.114619 0.129312 0.134101 0.150248 0.141692 0.099432 0.0592773 0.0342753 0.0186508 0.00929096 0.00429654 0.0019317 0.000899322 0.000412737 0.000161733 4.8755e-05
 9.76877e-12 1.06077e-09 6.79116e-08 2.56333e-06 5.70436e-05 0.000748464 0.00579142 0.0264551 0.0717265 0.118523 0.133814 0.138897 0.155129 0.144026 0.0965275 0.052704 0.0280329 0.0147061 0.0072983 0.0033496 0.00139033 0.000532052 0.000197418 6.98661e-05 2.09372e-05
 1.00254e-11 1.08864e-09 6.96955e-08 2.63066e-06 5.8542e-05 0.000768123 0.00594348 0.0271483 0.0735875 0.12145 0.136437 0.14002 0.154925 0.14329 0.0956438 0.0515158 0.0263684 0.0128715 0.00586767 0.0025443 0.00102566 0.00037043 0.000118839 3.46232e-05 9.06615e-06
 1.04139e-11 1.13083e-09 7.23965e-08 2.73261e-06 6.08107e-05 0.000797887 0.00617366 0.0281968 0.0763896 0.125753 0.139798 0.140011 0.151819 0.139613 0.0933454 0.0505623 0.0259648 0.0125468 0.00551302 0.00223103 0.000829614 0.000280294 8.39302e-05 2.17016e-05 4.8098e-06
 1.08866e-11 1.18216e-09 7.56828e-08 2.85665e-06 6.3571e-05 0.000834103 0.0064538 0.0294746 0.0798274 0.13122 0.144983 0.143014 0.152649 0.138244 0.0893732 0.0452006 0.0215727 0.0100703 0.00438297 0.00174653 0.000622506 0.000195888 5.40111e-05 1.2799e-05 2.53566e-06
 1.10662e-11 1.20166e-09 7.69315e-08 2.90378e-06 6.46199e-05 0.000847864 0.00656025 0.02996 0.0811322 0.133285 0.146899 0.144016 0.152804 0.137816 0.0883903 0.0437839 0.0200634 0.00880852 0.00356613 0.00134545 0.000465639 0.000142198 3.71772e-05 8.15281e-06 1.47124e-06
 1.02267e-11 1.1105e-09 7.10953e-08 2.6835e-06 5.97178e-05 0.000783552 0.00606289 0.0276944 0.0750768 0.123979 0.139602 0.143956 0.15947 0.146032 0.0941548 0.0468453 0.0214785 0.00930554 0.00363383 0.00129046 0.000416048 0.000119684 2.99388e-05 6.26675e-06 1.05937e-06
 9.90063e-12 1.07509e-09 6.88283e-08 2.59793e-06 5.78136e-05 0.000758568 0.00586963 0.026813 0.0727055 0.12021 0.136036 0.141916 0.158959 0.147062 0.0969951 0.0506313 0.0245392 0.0109721 0.00431979 0.00151607 0.00047121 0.000127593 2.97727e-05 5.85652e-06 9.37731e-07
 9.51119e-12 1.0328e-09 6.61209e-08 2.49574e-06 5.55396e-05 0.000728735 0.00563894 0.0257627 0.0699057 0.115968 0.133005 0.142856 0.163483 0.151662 0.0988768 0.0503345 0.0239763 0.0109123 0.00449354 0.00164312 0.000519037 0.000138843 3.11322e-05 5.76301e-06 8.62702e-07
 9.63762e-12 1.04653e-09 6.69999e-08 2.52892e-06 5.62779e-05 0.00073842 0.00571383 0.0261036 0.0708136 0.117337 0.133949 0.142441 0.161852 0.150079 0.0983488 0.0505959 0.0242434 0.0109275 0.00443965 0.00163548 0.000533689 0.000147887 3.36506e-05 6.13677e-06 8.80955e-07
 1.08001e-11 1.17276e-09 7.50815e-08 2.83395e-06 6.3066e-05 0.000827478 0.00640258 0.0292416 0.0792087 0.130303 0.144431 0.143568 0.154244 0.139899 0.0902279 0.0452168 0.0210903 0.00941775 0.00383012 0.00140614 0.000456503 0.000127596 2.9775e-05 5.57087e-06 8.05767e-07
 1.12529e-11 1.22193e-09 7.82293e-08 2.95277e-06 6.571e-05 0.000862167 0.00667091 0.0304652 0.0824979 0.135509 0.149255 0.146054 0.154444 0.138194 0.0865819 0.0405952 0.0172991 0.00722142 0.00282156 0.00101461 0.000327056 9.11511e-05 2.12912e-05 4.02836e-06 5.94275e-07
 1.12922e-11 1.22619e-09 7.85021e-08 2.96306e-06 6.59391e-05 0.000865174 0.00669418 0.0305718 0.08279 0.136017 0.149943 0.147019 0.155643 0.138983 0.0863127 0.0394829 0.0160478 0.00626506 0.00224763 0.000743484 0.000226456 6.12917e-05 1.4146e-05 2.66889e-06 3.95369e-07
 1.12999e-11 1.22704e-09 7.85562e-08 2.96511e-06 6.59846e-05 0.00086577 0.00669877 0.0305921 0.0828365 0.136026 0.149644 0.146012 0.154056 0.13793 0.0867701 0.0409565 0.0173139 0.00683798 0.00238161 0.000738338 0.000206353 5.12908e-05 1.11214e-05 2.02753e-06 2.96105e-07
 1.15253e-11 1.25151e-09 8.01228e-08 3.02424e-06 6.73005e-05 0.000883034 0.00683229 0.0312006 0.0844668 0.138563 0.151785 0.146529 0.153021 0.136194 0.0849421 0.0393833 0.016345 0.00648029 0.00231489 0.000730902 0.00020064 4.70029e-05 9.37161e-06 1.57355e-06 2.16266e-07
 1.19628e-11 1.29902e-09 8.31644e-08 3.13904e-06 6.98553e-05 0.000916552 0.00709153 0.0323822 0.0876339 0.143504 0.156019 0.147751 0.151384 0.133215 0.0816372 0.0363087 0.0141364 0.00531798 0.00184436 0.000577802 0.000160421 3.79486e-05 7.42654e-06 1.17953e-06 1.50027e-07
 1.22705e-11 1.33243e-09 8.53032e-08 3.21977e-06 7.16517e-05 0.000940121 0.00727381 0.0332126 0.0898563 0.146941 0.158821 0.148126 0.149502 0.13066 0.0795772 0.0348842 0.0131946 0.00475834 0.00155984 0.000460044 0.000122434 2.8487e-05 5.5799e-06 8.85171e-07 1.09947e-07
 1.22437e-11 1.32951e-09 8.51168e-08 3.21274e-06 7.14952e-05 0.000938068 0.00725795 0.0331407 0.0896692 0.146694 0.158827 0.148784 0.150727 0.131618 0.0795406 0.0341113 0.0124217 0.00431619 0.00136819 0.000386544 9.72857e-05 2.13357e-05 3.99287e-06 6.18925e-07 7.62468e-08
 1.26683e-11 1.37562e-09 8.80686e-08 3.32415e-06 7.39745e-05 0.000970595 0.00750949 0.0342863 0.0927278 0.151368 0.162362 0.148388 0.146718 0.127086 0.0769201 0.033279 0.0122648 0.00425734 0.00131851 0.000358485 8.64606e-05 1.80799e-05 3.19945e-06 4.68597e-07 5.52098e-08
 1.22533e-11 1.33057e-09 8.51841e-08 3.21528e-06 7.15517e-05 0.000938809 0.00726368 0.033167 0.0897403 0.146812 0.158963 0.148928 0.150873 0.131689 0.079456 0.0339163 0.012232 0.00418959 0.00129859 0.000353425 8.39906e-05 1.69882e-05 2.87434e-06 3.99888e-07 4.45747e-08
 1.25133e-11 1.3588e-09 8.69913e-08 3.28349e-06 7.30697e-05 0.000958725 0.0074177 0.0338686 0.0916161 0.149699 0.161244 0.149006 0.148907 0.129238 0.0777153 0.0329544 0.0117327 0.00395091 0.0012012 0.000321174 7.56333e-05 1.52215e-05 2.53941e-06 3.42817e-07 3.65919e-08
 1.25668e-11 1.36461e-09 8.73635e-08 3.29754e-06 7.33823e-05 0.000962826 0.00744943 0.0340132 0.0920043 0.150309 0.16179 0.149234 0.148826 0.128952 0.077277 0.0324686 0.0113672 0.00376209 0.0011268 0.000296176 6.8395e-05 1.3515e-05 2.22471e-06 2.97138e-07 3.12029e-08
 1.1628e-11 1.26266e-09 8.08366e-08 3.05118e-06 6.79e-05 0.000890902 0.00689322 0.0314799 0.0852383 0.139951 0.153866 0.149816 0.157259 0.138751 0.08335 0.0348637 0.0120785 0.00394426 0.00116335 0.000300237 6.80419e-05 1.31951e-05 2.12991e-06 2.79249e-07 2.88747e-08
#obs catch len freq
 6.21392e-12 6.74758e-10 4.31986e-08 1.63054e-06 3.62855e-05 0.000476096 0.0036838 0.016825 0.045582 0.0750547 0.0836728 0.0856451 0.101143 0.115892 0.118779 0.111122 0.0917415 0.0666394 0.0432834 0.0243879 0.0111364 0.00381716 0.000918278 0.000147422 1.52523e-05
 5.42245e-12 5.88815e-10 3.76964e-08 1.42286e-06 3.1664e-05 0.000415469 0.00321512 0.0146937 0.0399294 0.0666776 0.078411 0.0893875 0.112433 0.126749 0.123613 0.11136 0.0909406 0.0655613 0.0413588 0.0220767 0.00939826 0.00297896 0.000660211 9.74423e-05 9.25331e-06
 5.75635e-13 6.25073e-11 4.0018e-09 1.51055e-07 3.36227e-06 4.41633e-05 0.000343538 0.00161024 0.0049113 0.0123813 0.0331633 0.0796479 0.136582 0.167196 0.165662 0.14401 0.10839 0.0713894 0.0420157 0.021166 0.00843439 0.0024727 0.000503282 6.80267e-05 5.91132e-06
 8.32827e-12 9.04352e-10 5.78974e-08 2.18534e-06 4.86315e-05 0.000638056 0.00493579 0.0225156 0.0606169 0.0967205 0.0936325 0.063305 0.0538522 0.0849287 0.130422 0.143403 0.113015 0.0699807 0.0370414 0.0168148 0.00612591 0.00165149 0.000308573 3.8169e-05 3.02963e-06
 1.00984e-11 1.09656e-09 7.0203e-08 2.64983e-06 5.8969e-05 0.000773751 0.00598784 0.0273663 0.0743396 0.123616 0.141447 0.146678 0.155855 0.132973 0.080045 0.0422445 0.0284632 0.0206389 0.0119964 0.00526674 0.00174442 0.000423466 7.16591e-05 8.06627e-06 5.83694e-07
 1.1185e-11 1.21456e-09 7.77574e-08 2.93496e-06 6.53141e-05 0.000856981 0.00663099 0.0302841 0.0819785 0.134098 0.143835 0.129194 0.126813 0.123134 0.101679 0.0677799 0.0340511 0.0129671 0.00445965 0.00156563 0.000478816 0.000107552 1.65209e-05 1.67753e-06 1.09705e-07
 1.14511e-11 1.24345e-09 7.96068e-08 3.00477e-06 6.68676e-05 0.000877369 0.00678883 0.031006 0.0839354 0.137242 0.14663 0.129494 0.123504 0.117568 0.0973576 0.0676597 0.0369436 0.0149962 0.00455371 0.00109961 0.000227858 4.01114e-05 5.36717e-06 4.91442e-07 2.91013e-08
 1.14836e-11 1.24699e-09 7.98332e-08 3.01332e-06 6.70579e-05 0.000879875 0.0068085 0.0311007 0.0842405 0.138014 0.148266 0.131981 0.125754 0.118364 0.0961635 0.064928 0.0343997 0.0137388 0.00415008 0.000952578 0.000164693 2.14262e-05 2.10175e-06 1.51457e-07 7.58298e-09
 1.22294e-11 1.32797e-09 8.50175e-08 3.209e-06 7.14128e-05 0.000937016 0.00725066 0.0331195 0.0896835 0.146665 0.156093 0.134793 0.123068 0.112692 0.0898513 0.0592567 0.0304516 0.0117459 0.00342157 0.00075613 0.000123882 1.45519e-05 1.19527e-06 6.77007e-08 2.61828e-09
 1.15355e-11 1.25262e-09 8.01938e-08 3.02693e-06 6.73615e-05 0.000883882 0.00684026 0.0312587 0.0847952 0.139626 0.15208 0.138051 0.131124 0.119607 0.0926609 0.0589521 0.0292791 0.0109343 0.00307339 0.000650598 0.000101322 1.12068e-05 8.51968e-07 4.33727e-08 1.45066e-09
 1.19056e-11 1.29281e-09 8.27669e-08 3.12406e-06 6.9523e-05 0.000912248 0.00705983 0.0322618 0.0874971 0.143844 0.155419 0.137908 0.128316 0.117896 0.0926608 0.0578277 0.0267534 0.00890792 0.00218885 0.000410009 5.80507e-05 5.94966e-06 4.21578e-07 1.9944e-08 6.14571e-10
 1.24954e-11 1.35686e-09 8.68672e-08 3.27883e-06 7.29675e-05 0.000957456 0.00740994 0.0338651 0.0918675 0.151061 0.162871 0.142603 0.128722 0.11384 0.0855494 0.050651 0.0220188 0.00675527 0.00148043 0.000239563 2.8992e-05 2.57322e-06 1.61529e-07 6.90598e-09 1.94704e-10
 1.17605e-11 1.27705e-09 8.1758e-08 3.08599e-06 6.86767e-05 0.000901191 0.0069756 0.0318993 0.0867292 0.143764 0.158923 0.146222 0.137077 0.120922 0.0883545 0.0501446 0.0206814 0.00594406 0.00119681 0.000173559 1.83813e-05 1.40476e-06 7.55344e-08 2.78218e-09 6.84551e-11
 1.06162e-11 1.1528e-09 7.38033e-08 2.78574e-06 6.19959e-05 0.000813567 0.00629862 0.0288247 0.078581 0.131483 0.149492 0.145352 0.143815 0.131446 0.0981432 0.0557005 0.0224445 0.00618979 0.00117629 0.000158038 1.52071e-05 1.03722e-06 4.90405e-08 1.5713e-09 3.3445e-11
 1.0021e-11 1.08817e-09 6.96657e-08 2.62958e-06 5.85212e-05 0.000768005 0.00594684 0.02723 0.0743708 0.125163 0.144508 0.14432 0.146694 0.13726 0.104054 0.058869 0.0232453 0.00621611 0.00113589 0.000145141 1.30949e-05 8.24904e-07 3.55189e-08 1.02375e-09 1.94024e-11
 8.88688e-12 9.65012e-10 6.17813e-08 2.33199e-06 5.19e-05 0.000681183 0.00527653 0.024193 0.0663859 0.113467 0.136659 0.146284 0.156237 0.148114 0.111169 0.0612011 0.0232163 0.00590915 0.00101983 0.000122341 1.03263e-05 6.06934e-07 2.42807e-08 6.46079e-10 1.12189e-11
 9.99693e-12 1.08555e-09 6.94983e-08 2.62328e-06 5.83821e-05 0.000766227 0.00593416 0.0271855 0.0743375 0.125351 0.144767 0.143854 0.146573 0.139375 0.105901 0.0580345 0.0215521 0.0053157 0.000881877 0.000100704 8.00266e-06 4.38805e-07 1.62835e-08 4.00694e-10 6.42248e-12
 1.07389e-11 1.16612e-09 7.46565e-08 2.81799e-06 6.27166e-05 0.000823156 0.00637606 0.0292235 0.0800099 0.135272 0.156462 0.152969 0.14764 0.129757 0.0914636 0.0476033 0.0172701 0.00425943 0.000715482 8.24353e-05 6.49262e-06 3.44813e-07 1.21494e-08 2.79919e-10 4.16383e-12
 1.01955e-11 1.10711e-09 7.08789e-08 2.67543e-06 5.95457e-05 0.000781623 0.00605648 0.02779 0.0763525 0.13042 0.154606 0.156569 0.153821 0.134046 0.0922018 0.0464321 0.016263 0.00388434 0.000636258 7.20676e-05 5.60973e-06 2.94263e-07 1.017e-08 2.2723e-10 3.23549e-12
 1.04233e-11 1.13185e-09 7.24631e-08 2.73524e-06 6.08778e-05 0.000799137 0.00619272 0.0284195 0.078086 0.133212 0.156863 0.15651 0.152045 0.132338 0.0907233 0.0450675 0.0154454 0.00359554 0.000572431 6.28086e-05 4.72251e-06 2.39053e-07 7.97651e-09 1.72125e-10 2.36444e-12
 1.00232e-11 1.08841e-09 6.96819e-08 2.6303e-06 5.85451e-05 0.000768638 0.00595928 0.0273889 0.0755871 0.130519 0.157804 0.16249 0.158532 0.134146 0.0880009 0.0416384 0.0135858 0.00301086 0.000456145 4.7612e-05 3.40542e-06 1.63948e-07 5.19971e-09 1.06575e-10 1.38988e-12
 9.90303e-12 1.07536e-09 6.88469e-08 2.59881e-06 5.78463e-05 0.000759536 0.00589025 0.02709 0.0748835 0.129738 0.157686 0.163261 0.16009 0.135753 0.0882259 0.0406891 0.0127593 0.00268876 0.000384122 3.75905e-05 2.51422e-06 1.13185e-07 3.36014e-09 6.4534e-11 7.89171e-13
 1.0928e-11 1.18666e-09 7.59729e-08 2.86781e-06 6.38342e-05 0.000838159 0.00649956 0.02988 0.0824352 0.141723 0.168152 0.165943 0.154315 0.125272 0.0780393 0.0343222 0.0101977 0.0020214 0.000269502 2.4448e-05 1.51006e-06 6.27159e-08 1.71868e-09 3.05046e-11 3.45173e-13
 1.07612e-11 1.16855e-09 7.4814e-08 2.82414e-06 6.28669e-05 0.000825639 0.00640642 0.0295026 0.0817707 0.142168 0.172196 0.172758 0.158172 0.122718 0.0724801 0.0303785 0.00866906 0.00165721 0.000212496 1.83623e-05 1.06648e-06 4.11682e-08 1.04043e-09 1.69617e-11 1.7605e-13
 1.113e-11 1.2086e-09 7.73782e-08 2.92097e-06 6.50243e-05 0.000854026 0.00662747 0.0305244 0.0845784 0.146682 0.176047 0.173491 0.156071 0.119304 0.0688733 0.0278061 0.00754044 0.00135638 0.000162726 1.31342e-05 7.13013e-07 2.57321e-08 6.06764e-10 9.1921e-12 8.82354e-14
 9.64968e-12 1.04786e-09 6.70893e-08 2.53276e-06 5.63938e-05 0.00074111 0.00576081 0.0266571 0.0748102 0.133964 0.17144 0.182537 0.170056 0.127749 0.0706978 0.0271799 0.0070077 0.00119503 0.000135084 1.01894e-05 5.13185e-07 1.7111e-08 3.72383e-10 5.21014e-12 4.62334e-14
 9.983e-12 1.08406e-09 6.94069e-08 2.62026e-06 5.83418e-05 0.000766663 0.00595773 0.027537 0.0769787 0.136306 0.170495 0.177708 0.166563 0.128459 0.0726107 0.0280497 0.00716549 0.00119952 0.000132038 9.60152e-06 4.60526e-07 1.44455e-08 2.9279e-10 3.78852e-12 3.09603e-14
 9.61916e-12 1.04456e-09 6.68801e-08 2.52507e-06 5.6234e-05 0.00073937 0.00575383 0.0266915 0.0752796 0.135878 0.175142 0.185982 0.170649 0.125095 0.0669024 0.0246548 0.00607219 0.000987979 0.000106075 7.51149e-06 3.48802e-07 1.05063e-08 2.02688e-10 2.47521e-12 1.89458e-14
 9.79535e-12 1.0637e-09 6.81065e-08 2.57146e-06 5.72712e-05 0.000753116 0.00586228 0.0272031 0.0767183 0.138217 0.177134 0.186603 0.170188 0.123563 0.0645806 0.0228735 0.00533971 0.00081622 8.20589e-05 5.45093e-06 2.38572e-07 6.80473e-09 1.24619e-10 1.44432e-12 1.04676e-14
#spawning biomass
 9508.13 9992.26 7873.18 8716.65 12693.1 19931 29552.6 36859.2 48333.5 68718.7 84918.4 110679 146685 181981 184411 174997 163987 163419 168391 195626 211284 209848 219610 225826 245994 267171 262059 261764 258979 308049 500602 526281 488588 421148 347843 281509 227101 185119 154028 131656 115893 104956 97448.2 92303.3 88786.1 86467.1 84938 83929.8 83265 82826.7 82537.7 82347.1 82221.4 82138.6 82084 82048 82024.2 82008.6 81998.2 81991.4 81986.9 81984 81982 81980.7 81979.9 81979.3 81979 81978.7 81978.6 81978.4 81978.4 81978.3 81978.3 81978.3 81978.3 81978.3 81978.3 81978.2 81978.2 81978.2 81978.2 81978.2 81978.2 81978.2 81978.2 81978.2 81978.2 81978.2 81978.2 81978.2 81978.2 81978.2 81978.2 81978.2 81978.2 81978.2 81978.2 81978.2 81978.2 81978.2 81978.2 81978.2 81978.2 81978.2 81978.2 81978.2 81978.2 81978.2 81978.2 81978.2 81978.2 81978.2 81978.2 81978.2 81978.2 81978.2 81978.2 81978.2 81978.2 81978.2 81978.2 81978.2 81978.2 81978.2 81978.2 81978.2 81978.2 81978.2 81978.2 0 0 0 0 0 0 0 0 0 0 0 0 0 0 0 0 0 0 0 0 0 0 0 0 0
