SBPRF35
0.819782
Curr Bio
322673
B35
1.05157e+06
F35
0.216635
FOFL
0.083919
OFL
26684.6
Bzero
234224
#pred survey bio
 10182.9 9166.99 7557.61 7550.09 11535.7 16954 25482.8 37573.5 53032.1 74151.8 94546.2 120834 153586 197747 195446 152198 149525 154422 180439 155574 164170 175021 214423 219281 251501 246046 210846 245074 290303 1.42532e+07 1.46287e+07 1.5317e+07 1.42104e+07 1.2258e+07 1.01335e+07 8.19866e+06 6.59493e+06 5.33902e+06 4.39053e+06 3.69081e+06 3.18213e+06 2.81539e+06 2.5515e+06 2.35949e+06 2.21852e+06 2.11832e+06 2.04629e+06 1.99388e+06 1.95529e+06 1.92655e+06 1.90488e+06 1.88836e+06 1.87565e+06 1.86578e+06 1.85804e+06 1.85194e+06 1.84709e+06 1.84323e+06 1.84013e+06 1.83763e+06 1.83562e+06 1.83399e+06 1.83266e+06 1.83159e+06 1.83071e+06 1.83e+06 1.82942e+06 1.82895e+06 1.82856e+06 1.82824e+06 1.82798e+06 1.82777e+06 1.8276e+06 1.82746e+06 1.82734e+06 1.82725e+06 1.82717e+06 1.82711e+06 1.82705e+06 1.82701e+06 1.82698e+06 1.82695e+06 1.82692e+06 1.82691e+06 1.82689e+06 1.82688e+06 1.82687e+06 1.82686e+06 1.82685e+06 1.82685e+06 1.82684e+06 1.82684e+06 1.82683e+06 1.82683e+06 1.82683e+06 1.82683e+06 1.82683e+06 1.82682e+06 1.82682e+06 1.82682e+06 1.82682e+06 1.82682e+06 1.82682e+06 1.82682e+06 1.82682e+06 1.82682e+06 1.82682e+06 1.82682e+06 1.82682e+06 1.82682e+06 1.82682e+06 1.82682e+06 1.82682e+06 1.82682e+06 1.82682e+06 1.82682e+06 1.82682e+06 1.82682e+06 1.82682e+06 1.82682e+06 1.82682e+06 1.82682e+06 1.82682e+06 1.82682e+06 1.82682e+06 1.82682e+06 1.82682e+06 1.82682e+06 1.82682e+06 0 0 0 0 0 0 0 0 0 0 0 0 0 0 0 0 0 0 0 0 0 0 0 0 0
#obs survey bio
 10174.1 6711.78 12204.2 9127.19 19326.8 15610.1 37784.7 69185.2 41658.7 67998.9 96820.1 108005 102419 161807 167564 184937 114360 121982 195351 205883 126219 125905 284337 247466 184353 262249 215158 242532 257058
#pred catch bio
 4595.38 4303.41 3877.62 3181.83 5853.61 9555.35 14299 20670.6 32128.1 52132.1 68612.3 90245 108289 150720 160153 116953 120244 115510 154363 124418 137834 144068 191973 182649 219855 228636 180976 211511 198454 26684.6 122691 127455 116947 99440.3 80764.5 64010.2 50336 39818.2 32045.6 26461.9 22532 19807.8 17938.8 16658.7 15785.2 15209.3 14829.7 14579.4 14414.4 14305.6 14233.9 14186.6 14155.4 14134.9 14121.3 14112.4 14106.5 14102.6 14100.1 14098.4 14097.3 14096.6 14096.1 14095.7 14095.5 14095.4 14095.3 14095.2 14095.2 14095.2 14095.2 14095.2 14095.1 14095.1 14095.1 14095.1 14095.1 14095.1 14095.1 14095.1 14095.1 14095.1 14095.1 14095.1 14095.1 14095.1 14095.1 14095.1 14095.1 14095.1 14095.1 14095.1 14095.1 14095.1 14095.1 14095.1 14095.1 14095.1 14095.1 14095.1 14095.1 14095.1 14095.1 14095.1 14095.1 14095.1 14095.1 14095.1 14095.1 14095.1 14095.1 14095.1 14095.1 14095.1 14095.1 14095.1 14095.1 14095.1 14095.1 14095.1 14095.1 14095.1 14095.1 14095.1 14095.1 14095.1 14095.1 14095.1 14095.1 0 0 0 0 0 0 0 0 0 0 0 0 0 0 0 0 0 0 0 0 0 0 0 0 0
#obs catch bio
 4496.2 4316.19 4009.53 3047.11 5382.72 9427.49 13011.4 16710.8 28485.5 50177.9 62408.5 89002.1 113096 158590 173973 114765 121864 113449 152040 113280 133710 146193 183060 164138 209848 214377 166673 208012 189717
#pred cpue bio
 9765.98 8911.36 7174.44 6790.66 10362.4 14945.3 22319.1 33624.5 46937.5 64876 82366.5 104472 132940 174990 176819 136229 131436 134305 159707 136435 142944 148890 183279 187398 217113 213678 179824 206967 246833 1.27319e+07 1.45978e+07 1.52863e+07 1.41796e+07 1.22272e+07 1.01027e+07 8.1679e+06 6.56417e+06 5.30826e+06 4.35977e+06 3.66004e+06 3.15137e+06 2.78462e+06 2.52074e+06 2.32872e+06 2.18776e+06 2.08756e+06 2.01553e+06 1.96312e+06 1.92453e+06 1.89578e+06 1.87411e+06 1.8576e+06 1.84489e+06 1.83501e+06 1.82728e+06 1.82118e+06 1.81633e+06 1.81246e+06 1.80936e+06 1.80687e+06 1.80485e+06 1.80322e+06 1.8019e+06 1.80083e+06 1.79995e+06 1.79924e+06 1.79866e+06 1.79818e+06 1.7978e+06 1.79748e+06 1.79722e+06 1.79701e+06 1.79684e+06 1.7967e+06 1.79658e+06 1.79649e+06 1.79641e+06 1.79634e+06 1.79629e+06 1.79625e+06 1.79622e+06 1.79619e+06 1.79616e+06 1.79614e+06 1.79613e+06 1.79612e+06 1.79611e+06 1.7961e+06 1.79609e+06 1.79608e+06 1.79608e+06 1.79608e+06 1.79607e+06 1.79607e+06 1.79607e+06 1.79607e+06 1.79606e+06 1.79606e+06 1.79606e+06 1.79606e+06 1.79606e+06 1.79606e+06 1.79606e+06 1.79606e+06 1.79606e+06 1.79606e+06 1.79606e+06 1.79606e+06 1.79606e+06 1.79606e+06 1.79606e+06 1.79606e+06 1.79606e+06 1.79606e+06 1.79606e+06 1.79606e+06 1.79606e+06 1.79606e+06 1.79606e+06 1.79606e+06 1.79606e+06 1.79606e+06 1.79606e+06 1.79606e+06 1.79606e+06 1.79606e+06 1.79606e+06 1.79606e+06 1.79606e+06 0 0 0 0 0 0 0 0 0 0 0 0 0 0 0 0 0 0 0 0 0 0 0 0 0
#obs cpue bio
 10860.5 9217.67 7121.65 5215.16 11289.6 13263.6 27619.2 64244.7 59202.5 67089.3 132139 99029.8 134417 193731 153518 130973 154555 169849 186368 150944 193989 171515 208090 237696 338668 284307 222544 219766 361060
#pred surv len freq
 5.56868e-12 6.04692e-10 3.8713e-08 1.46123e-06 3.25181e-05 0.000426692 0.00330258 0.0151083 0.041266 0.0706297 0.0909599 0.120941 0.160423 0.162153 0.121932 0.080773 0.0519161 0.0314457 0.0184603 0.011041 0.00696321 0.00479997 0.00355692 0.00248904 0.00137892
 4.32629e-12 4.69783e-10 3.0076e-08 1.13522e-06 2.52632e-05 0.000331497 0.00256585 0.0117396 0.0320876 0.0551034 0.0718259 0.0977777 0.134311 0.147408 0.133003 0.111123 0.0830603 0.0532671 0.0306573 0.0164954 0.00867317 0.00479812 0.00293187 0.00183548 0.000978178
 7.6379e-12 8.29385e-10 5.3098e-08 2.00419e-06 4.46005e-05 0.000585192 0.00452778 0.0206762 0.0559679 0.0917585 0.100327 0.0970148 0.105173 0.108198 0.0988931 0.0891811 0.0778376 0.0613975 0.0418862 0.0241349 0.0120699 0.00561996 0.00268437 0.00136732 0.000653081
 1.15842e-11 1.25791e-09 8.05323e-08 3.03969e-06 6.76442e-05 0.000887531 0.00686658 0.0313454 0.0846969 0.13764 0.144786 0.125526 0.118504 0.105337 0.0744208 0.0485026 0.0359168 0.0294197 0.0233782 0.0162207 0.00928829 0.00438116 0.00180919 0.000721718 0.00028161
 1.07871e-11 1.17135e-09 7.4991e-08 2.83054e-06 6.29899e-05 0.000826475 0.00639462 0.0292005 0.079033 0.129496 0.141163 0.134766 0.140213 0.127896 0.0870913 0.0497001 0.0282395 0.0168275 0.0111419 0.00797184 0.00527568 0.00287098 0.00124246 0.000444095 0.000140017
 1.17431e-11 1.27516e-09 8.16371e-08 3.08139e-06 6.85723e-05 0.000899713 0.00696102 0.0317811 0.0859373 0.140164 0.14981 0.135829 0.134549 0.121391 0.0841259 0.0495775 0.028013 0.0147968 0.00746219 0.00397964 0.00233641 0.00134749 0.000651787 0.000244937 7.16384e-05
 1.18511e-11 1.28689e-09 8.23879e-08 3.10973e-06 6.92029e-05 0.000907989 0.00702512 0.0320752 0.0867533 0.14166 0.152172 0.139772 0.139798 0.124813 0.0828239 0.0450102 0.0238076 0.0123606 0.00602053 0.00274058 0.0012178 0.000567876 0.000264621 0.000105239 3.19382e-05
 1.04664e-11 1.13652e-09 7.27613e-08 2.74638e-06 6.11171e-05 0.000801907 0.00620474 0.0283381 0.0767638 0.1263 0.140088 0.139553 0.150671 0.138506 0.092904 0.0506944 0.0262829 0.0128833 0.00584923 0.00250927 0.00100441 0.000377204 0.000139253 4.96981e-05 1.50742e-05
 1.13419e-11 1.2316e-09 7.88482e-08 2.97613e-06 6.62297e-05 0.00086898 0.00672336 0.0306987 0.0830466 0.13574 0.146438 0.136142 0.138401 0.126315 0.0881594 0.0522737 0.0293327 0.014876 0.00668642 0.00272964 0.00101308 0.000341437 0.000105198 3.01671e-05 7.90936e-06
 1.18654e-11 1.28844e-09 8.2487e-08 3.11347e-06 6.92862e-05 0.000909082 0.00703358 0.032114 0.0868596 0.141846 0.152427 0.140138 0.140266 0.12515 0.0828154 0.0447747 0.0236071 0.012251 0.00588824 0.00251621 0.000929136 0.000296239 8.21605e-05 1.99598e-05 4.27611e-06
 1.18606e-11 1.28792e-09 8.24538e-08 3.11222e-06 6.92584e-05 0.000908719 0.00703087 0.0321038 0.086862 0.142091 0.153801 0.14406 0.14644 0.129863 0.0826002 0.0405678 0.018685 0.00858544 0.00381435 0.00161687 0.000622095 0.000204708 5.57523e-05 1.2484e-05 2.31193e-06
 1.22091e-11 1.32576e-09 8.48762e-08 3.20366e-06 7.12931e-05 0.000935414 0.00723733 0.0330446 0.0893815 0.146003 0.157064 0.144744 0.144767 0.127512 0.0807387 0.039176 0.0174129 0.00739561 0.00289534 0.00107302 0.000378958 0.00012245 3.39938e-05 7.64775e-06 1.35012e-06
 1.2077e-11 1.31142e-09 8.39582e-08 3.16901e-06 7.0522e-05 0.000925298 0.00715913 0.032689 0.0884397 0.144626 0.156329 0.145873 0.147568 0.130038 0.081342 0.0382511 0.0162828 0.00667387 0.00250507 0.000856926 0.000267449 7.60775e-05 1.95004e-05 4.28446e-06 7.54372e-07
 1.08673e-11 1.18006e-09 7.55484e-08 2.85158e-06 6.34582e-05 0.000832624 0.0064424 0.0294235 0.0797025 0.131123 0.145374 0.144573 0.155313 0.140592 0.0900303 0.044211 0.019757 0.00819803 0.00299644 0.000980383 0.000288465 7.48622e-05 1.69797e-05 3.33147e-06 5.47397e-07
 9.45391e-12 1.02658e-09 6.57227e-08 2.48071e-06 5.52051e-05 0.000724348 0.00560505 0.0256092 0.0695076 0.115455 0.133085 0.144453 0.166447 0.154149 0.0992202 0.0488855 0.0221048 0.00943978 0.00359278 0.00120539 0.000350522 8.69738e-05 1.83375e-05 3.24844e-06 4.7553e-07
 1.01704e-11 1.10438e-09 7.07036e-08 2.66871e-06 5.93888e-05 0.000779236 0.00602952 0.0275427 0.0746744 0.123387 0.139267 0.144382 0.160583 0.147063 0.0944543 0.0465462 0.0210688 0.00902421 0.00347048 0.00119271 0.00035836 9.08203e-05 1.89476e-05 3.20003e-06 4.32177e-07
 1.13368e-11 1.23104e-09 7.88125e-08 2.97478e-06 6.61999e-05 0.000868593 0.00672054 0.0306898 0.083078 0.136237 0.149021 0.143409 0.149727 0.134647 0.0870373 0.0439406 0.0204922 0.00892995 0.00345687 0.00119438 0.000363136 9.40906e-05 2.01445e-05 3.44594e-06 4.57839e-07
 1.17893e-11 1.28018e-09 8.19584e-08 3.09352e-06 6.88423e-05 0.000903261 0.00698872 0.0319131 0.0863708 0.141486 0.15406 0.146486 0.150797 0.133403 0.0828642 0.0382372 0.0159722 0.0066042 0.00256798 0.000904734 0.000278787 7.29522e-05 1.58402e-05 2.7645e-06 3.7422e-07
 1.08089e-11 1.17372e-09 7.51424e-08 2.83625e-06 6.31171e-05 0.00082815 0.00640782 0.0292665 0.0792897 0.130544 0.145192 0.145468 0.157161 0.142137 0.0901797 0.0432701 0.0187102 0.00754286 0.00270155 0.000882532 0.000265112 6.99254e-05 1.54027e-05 2.72475e-06 3.74523e-07
 1.12427e-11 1.22082e-09 7.81582e-08 2.95009e-06 6.56503e-05 0.000861386 0.00666491 0.0304388 0.0824405 0.135528 0.149794 0.147787 0.157207 0.140227 0.0862912 0.0385636 0.0152059 0.00587215 0.00211256 0.000682835 0.000194003 4.79002e-05 1.01884e-05 1.79763e-06 2.49851e-07
 1.17149e-11 1.2721e-09 8.14409e-08 3.07399e-06 6.84076e-05 0.000897559 0.00694461 0.0317121 0.0858316 0.140642 0.153326 0.146253 0.151102 0.134166 0.0840048 0.0393139 0.0163687 0.00633068 0.00214923 0.000652384 0.000179754 4.33319e-05 8.80564e-06 1.47397e-06 1.98284e-07
 1.28596e-11 1.3964e-09 8.93988e-08 3.37436e-06 7.50918e-05 0.000985253 0.00762283 0.0348023 0.0941016 0.153438 0.163779 0.147721 0.144133 0.124402 0.075648 0.0333214 0.0128175 0.00479887 0.00166283 0.00051285 0.000137349 3.14085e-05 6.10349e-06 9.83903e-07 1.2678e-07
 1.25731e-11 1.36529e-09 8.74072e-08 3.29919e-06 7.3419e-05 0.000963307 0.00745313 0.0340296 0.0920424 0.15032 0.161567 0.148468 0.147596 0.128059 0.0774411 0.0334097 0.0123028 0.0043289 0.00139608 0.000407573 0.000107617 2.46363e-05 4.69182e-06 7.24988e-07 8.92145e-08
 1.24958e-11 1.3569e-09 8.68697e-08 3.2789e-06 7.29676e-05 0.000957386 0.00740737 0.0338221 0.0914992 0.14958 0.16145 0.149991 0.150546 0.130395 0.0773974 0.0316136 0.0105302 0.00336018 0.00101142 0.00027634 6.79487e-05 1.46736e-05 2.71005e-06 4.12587e-07 4.96501e-08
 1.20462e-11 1.30808e-09 8.37444e-08 3.16093e-06 7.03424e-05 0.000922944 0.00714098 0.0326078 0.0882434 0.144491 0.157042 0.148583 0.152028 0.133442 0.0811376 0.0352345 0.0129662 0.00439508 0.0012829 0.000320498 7.16629e-05 1.42581e-05 2.44644e-06 3.5102e-07 4.06585e-08
 1.1688e-11 1.26918e-09 8.12539e-08 3.06693e-06 6.82505e-05 0.0008955 0.00692877 0.0316417 0.0856678 0.140588 0.154252 0.149447 0.156206 0.137751 0.0830257 0.0351113 0.0124594 0.00421471 0.0012971 0.000346689 7.87031e-05 1.48069e-05 2.31814e-06 3.03587e-07 3.25429e-08
 1.25793e-11 1.36596e-09 8.74498e-08 3.3008e-06 7.34548e-05 0.000963778 0.00745681 0.0340474 0.0921037 0.150527 0.162277 0.150279 0.150319 0.12989 0.0767595 0.0309659 0.0100435 0.00309372 0.000896227 0.000234015 5.42623e-05 1.06886e-05 1.71063e-06 2.16722e-07 2.15312e-08
 1.31326e-11 1.42605e-09 9.12968e-08 3.446e-06 7.66861e-05 0.00100617 0.00778461 0.0355398 0.0960812 0.156547 0.166547 0.148834 0.143682 0.123056 0.0737558 0.0311991 0.0109911 0.00357626 0.00101122 0.000243881 5.22362e-05 9.87281e-06 1.58295e-06 2.05816e-07 2.07593e-08
 1.2772e-11 1.38689e-09 8.87898e-08 3.35137e-06 7.45803e-05 0.000978544 0.00757098 0.0345671 0.0934866 0.152603 0.163665 0.149502 0.147587 0.127217 0.0757962 0.0314052 0.0107246 0.00346831 0.00102122 0.000260801 5.67766e-05 1.02634e-05 1.53488e-06 1.89901e-07 1.89007e-08
#obs surv len freq
 7.38172e-12 8.01568e-10 5.13171e-08 1.93697e-06 4.31047e-05 0.000565563 0.00437582 0.0199803 0.0540575 0.0884208 0.0958313 0.091388 0.101313 0.113807 0.115887 0.106634 0.0847419 0.0579224 0.035059 0.0185303 0.00804718 0.00266041 0.000624771 9.87892e-05 1.01222e-05
 1.15732e-12 1.25671e-10 8.04561e-09 3.03687e-07 6.75873e-06 8.87164e-05 0.000687856 0.00317402 0.00903688 0.0183576 0.0363859 0.0755155 0.126109 0.15612 0.159427 0.145021 0.114264 0.0769322 0.0447432 0.0220613 0.00877541 0.00264069 0.000563982 8.11494e-05 7.57436e-06
 1.59588e-11 1.73294e-09 1.10944e-07 4.1876e-06 9.31887e-05 0.00122265 0.00945761 0.0431342 0.116014 0.184207 0.173711 0.101323 0.0488606 0.0455618 0.0652624 0.0737073 0.0607016 0.039618 0.0219291 0.0101855 0.00375039 0.00102886 0.000198933 2.58899e-05 2.18905e-06
 1.31567e-11 1.42866e-09 9.14639e-08 3.45231e-06 7.68268e-05 0.00100803 0.00779927 0.0356116 0.0963154 0.15705 0.166733 0.14568 0.133345 0.108416 0.0640908 0.0321923 0.0206952 0.0153108 0.00936608 0.00434299 0.00150741 0.000380476 6.69177e-05 7.87898e-06 6.01766e-07
 1.13722e-11 1.23488e-09 7.90583e-08 2.98407e-06 6.64066e-05 0.000871307 0.00674154 0.0307832 0.0832644 0.135782 0.144118 0.126657 0.12277 0.12042 0.101785 0.0698491 0.035964 0.0138055 0.00472472 0.00169448 0.000546316 0.000130399 2.12467e-05 2.28376e-06 1.5817e-07
 1.36421e-11 1.48137e-09 9.48386e-08 3.57969e-06 7.96614e-05 0.00104521 0.00808648 0.0369116 0.0996674 0.161157 0.16474 0.1289 0.106821 0.0970515 0.0817454 0.0591745 0.0339611 0.0145409 0.00464334 0.00116728 0.000250892 4.64189e-05 6.62199e-06 6.49957e-07 4.1271e-08
 1.14817e-11 1.24678e-09 7.98199e-08 3.01281e-06 6.70468e-05 0.000879728 0.00680738 0.031097 0.0842586 0.138329 0.150081 0.137234 0.133132 0.121243 0.0913966 0.0578579 0.0301633 0.0123594 0.0039279 0.000959938 0.000177029 2.45143e-05 2.56152e-06 1.97651e-07 1.06537e-08
 1.21016e-11 1.31409e-09 8.41292e-08 3.17547e-06 7.06663e-05 0.00092721 0.00717441 0.0327646 0.0886541 0.14458 0.1526 0.130025 0.119384 0.113642 0.0954089 0.0650197 0.0332024 0.0122739 0.00339465 0.000733913 0.000123212 1.53257e-05 1.35257e-06 8.27023e-08 3.45885e-09
 1.22894e-11 1.33449e-09 8.5435e-08 3.22476e-06 7.17634e-05 0.000941619 0.00728634 0.0332836 0.0901421 0.147512 0.15737 0.13658 0.124786 0.112941 0.0882797 0.0571755 0.0289473 0.0109084 0.00303738 0.000627447 9.5478e-05 1.05276e-05 8.21605e-07 4.4089e-08 1.58195e-09
 1.19842e-11 1.30134e-09 8.33132e-08 3.14468e-06 6.99816e-05 0.000918256 0.00710605 0.032469 0.0880283 0.144605 0.156147 0.138937 0.129644 0.117884 0.0909023 0.0561228 0.0259577 0.00864215 0.0021109 0.000391881 5.50905e-05 5.62826e-06 4.00232e-07 1.92238e-08 6.10903e-10
 1.26515e-11 1.37381e-09 8.79524e-08 3.31978e-06 7.38785e-05 0.000969391 0.00750178 0.0342761 0.0928986 0.152305 0.162884 0.140738 0.126491 0.112929 0.086124 0.0517037 0.0225749 0.00682871 0.00144545 0.0002239 2.6203e-05 2.29381e-06 1.44431e-07 6.26301e-09 1.80504e-10
 1.14159e-11 1.23963e-09 7.93621e-08 2.99555e-06 6.66639e-05 0.000874768 0.00677086 0.0309607 0.0841716 0.139615 0.155138 0.145275 0.139357 0.124356 0.0913259 0.0523473 0.0219008 0.00635742 0.00127717 0.000182169 1.8799e-05 1.39924e-06 7.38748e-08 2.70847e-09 6.73231e-11
 1.03759e-11 1.1267e-09 7.21326e-08 2.72268e-06 6.05919e-05 0.000795123 0.0061553 0.0281614 0.0767139 0.128129 0.145377 0.142022 0.143062 0.134018 0.102817 0.0598762 0.0245543 0.00679546 0.00127601 0.000167774 1.58119e-05 1.06361e-06 4.99124e-08 1.59463e-09 3.40108e-11
 9.20116e-12 9.99138e-10 6.39659e-08 2.41443e-06 5.3733e-05 0.000705164 0.00546026 0.0250045 0.0683443 0.115491 0.135565 0.140741 0.149123 0.143609 0.11222 0.0662827 0.0276927 0.00791801 0.00155328 0.000211467 1.99669e-05 1.29134e-06 5.63859e-08 1.64164e-09 3.14817e-11
 7.71165e-12 8.37396e-10 5.36111e-08 2.0236e-06 4.50365e-05 0.000591103 0.00457903 0.0210023 0.0577351 0.0994942 0.123341 0.140133 0.159375 0.158962 0.125059 0.0720298 0.0285127 0.00757392 0.00137252 0.00017492 1.58623e-05 1.00531e-06 4.31446e-08 1.21921e-09 2.22472e-11
 1.04108e-11 1.1305e-09 7.23755e-08 2.73186e-06 6.07972e-05 0.000797855 0.00617724 0.0282697 0.07703 0.128426 0.143866 0.136334 0.13687 0.13506 0.10909 0.064038 0.0256468 0.00689588 0.00126132 0.000159557 1.39918e-05 8.40654e-07 3.40201e-08 9.11074e-10 1.5865e-11
 1.00006e-11 1.08595e-09 6.95239e-08 2.62426e-06 5.8405e-05 0.000766581 0.00593842 0.0272308 0.0747151 0.127423 0.151493 0.155664 0.155056 0.135273 0.093769 0.0488467 0.0181441 0.0046713 0.000834581 0.000104229 9.03579e-06 5.32671e-07 2.08689e-08 5.33207e-10 8.75756e-12
 9.94781e-12 1.08022e-09 6.9157e-08 2.61041e-06 5.80972e-05 0.000762549 0.00590721 0.0270848 0.074256 0.126159 0.148189 0.149956 0.151467 0.138738 0.100521 0.0526669 0.018858 0.00453665 0.000744812 8.54652e-05 6.89865e-06 3.85002e-07 1.44427e-08 3.54719e-10 5.58902e-12
 9.49343e-12 1.03088e-09 6.59985e-08 2.49122e-06 5.54467e-05 0.000727857 0.00564095 0.0259009 0.071331 0.122801 0.148731 0.156318 0.158698 0.140835 0.0977254 0.0492976 0.017169 0.00404341 0.00064741 7.12853e-05 5.40334e-06 2.78775e-07 9.62483e-09 2.18476e-10 3.20585e-12
 1.01566e-11 1.10289e-09 7.06088e-08 2.66525e-06 5.93202e-05 0.0007787 0.00603456 0.0276971 0.0761345 0.130084 0.153949 0.155447 0.153644 0.135869 0.0939218 0.0465115 0.0156978 0.0035589 0.000547375 5.78517e-05 4.19766e-06 2.05907e-07 6.6902e-09 1.41376e-10 1.91505e-12
 1.04252e-11 1.13206e-09 7.24766e-08 2.73578e-06 6.08923e-05 0.000799423 0.00619713 0.0284695 0.0784533 0.134843 0.16108 0.162551 0.155797 0.130492 0.0850407 0.0399834 0.0129349 0.00282862 0.000419969 4.26641e-05 2.95631e-06 1.37695e-07 4.23021e-09 8.42168e-11 1.07041e-12
 1.09905e-11 1.19345e-09 7.64069e-08 2.88416e-06 6.41957e-05 0.000842821 0.00653396 0.0300176 0.0826798 0.141662 0.167192 0.164281 0.152812 0.124916 0.0792342 0.035946 0.0111347 0.00231937 0.000326931 3.14754e-05 2.06505e-06 9.0961e-08 2.63718e-09 4.94091e-11 5.89315e-13
 1.08911e-11 1.18266e-09 7.57168e-08 2.85816e-06 6.36209e-05 0.000835419 0.00647981 0.029811 0.0824278 0.142586 0.171353 0.171011 0.1571 0.123003 0.0734389 0.0310621 0.00889464 0.00169489 0.000216366 1.87888e-05 1.11684e-06 4.49963e-08 1.20418e-09 2.09529e-11 2.3281e-13
 9.73619e-12 1.05725e-09 6.76885e-08 2.55521e-06 5.68835e-05 0.000747188 0.00580088 0.0267596 0.0745567 0.131581 0.165091 0.174774 0.167225 0.132315 0.0781515 0.0322184 0.00889288 0.00161658 0.000194312 1.56282e-05 8.46673e-07 3.07603e-08 7.39938e-10 1.16032e-11 1.16845e-13
 9.87868e-12 1.07272e-09 6.86796e-08 2.59266e-06 5.7719e-05 0.000758213 0.00588715 0.02716 0.0756382 0.133108 0.165595 0.173415 0.165824 0.13219 0.0781733 0.0318646 0.00861141 0.00152372 0.000177313 1.36914e-05 7.03443e-07 2.38937e-08 5.30127e-10 7.5842e-12 6.9162e-14
 9.55649e-12 1.03774e-09 6.64411e-08 2.50827e-06 5.58474e-05 0.000733883 0.00570358 0.0263785 0.0739244 0.131961 0.168173 0.179415 0.169851 0.130936 0.0744139 0.0292664 0.00768886 0.00133174 0.000152194 1.15146e-05 5.75293e-07 1.88032e-08 3.96998e-10 5.3484e-12 4.54955e-14
 9.87851e-12 1.07272e-09 6.86809e-08 2.59288e-06 5.7734e-05 0.000758749 0.00589783 0.0272812 0.076423 0.136009 0.171665 0.180185 0.168043 0.127689 0.070959 0.0269822 0.00679325 0.001122 0.000122104 8.80915e-06 4.20751e-07 1.3169e-08 2.66121e-10 3.42173e-12 2.76528e-14
 9.69957e-12 1.05329e-09 6.7439e-08 2.54616e-06 5.67032e-05 0.000745521 0.00580127 0.0269063 0.0758463 0.136739 0.175894 0.186387 0.170686 0.12455 0.065889 0.0238097 0.00569539 0.000892358 9.18088e-05 6.23539e-06 2.79485e-07 8.20044e-09 1.55477e-10 1.87869e-12 1.42906e-14
 8.94561e-12 9.71434e-10 6.22001e-08 2.34858e-06 5.23155e-05 0.000688244 0.00536359 0.0249681 0.0710033 0.130474 0.173461 0.190507 0.177664 0.129148 0.066951 0.0234379 0.00538839 0.000806449 7.87889e-05 5.0504e-06 2.12413e-07 5.82082e-09 1.02741e-10 1.15364e-12 8.14881e-15
#pred catch len freq
 4.0271e-12 4.37295e-10 2.7996e-08 1.05672e-06 2.35164e-05 0.000308593 0.00238922 0.0109467 0.0301297 0.053406 0.076919 0.119042 0.169791 0.174781 0.1319 0.0874259 0.0561957 0.0340379 0.0199821 0.0119512 0.00753724 0.00519567 0.00385015 0.00269423 0.00149259
 3.09783e-12 3.36387e-10 2.15358e-08 8.12876e-07 1.809e-05 0.000237386 0.00183797 0.00842245 0.0232008 0.0412768 0.0601555 0.0949318 0.139702 0.155935 0.141134 0.117964 0.0881766 0.0565484 0.0325458 0.0175116 0.00920744 0.00509369 0.00311248 0.00194855 0.00103843
 5.90353e-12 6.41053e-10 4.10408e-08 1.54909e-06 3.44731e-05 0.000452322 0.00350012 0.0159924 0.0434133 0.0721733 0.0835417 0.0921175 0.111263 0.118546 0.1091 0.0984739 0.0859543 0.0678002 0.0462542 0.0266517 0.0133285 0.00620602 0.0029643 0.00150991 0.000721186
 9.15531e-12 9.94157e-10 6.36469e-08 2.40235e-06 5.34613e-05 0.000701456 0.00542749 0.0247882 0.0671461 0.110464 0.122479 0.121993 0.132238 0.12379 0.0884761 0.0577764 0.0427933 0.0350528 0.0278544 0.0193265 0.0110667 0.00522002 0.0021556 0.000859907 0.000335531
 8.76113e-12 9.51354e-10 6.09066e-08 2.29892e-06 5.11597e-05 0.000671268 0.00519429 0.0237321 0.064408 0.106945 0.123112 0.133382 0.154253 0.145768 0.100026 0.0571582 0.0324825 0.0193562 0.0128162 0.00916976 0.00606845 0.0033024 0.00142916 0.000510829 0.000161057
 9.95553e-12 1.08105e-09 6.92099e-08 2.61233e-06 5.81341e-05 0.000762768 0.00590194 0.0269562 0.0730336 0.12027 0.133901 0.134666 0.147074 0.137435 0.0959864 0.0566427 0.0320102 0.0169084 0.00852709 0.00454756 0.00266984 0.00153979 0.000744801 0.000279891 8.18617e-05
 1.00572e-11 1.0921e-09 6.9917e-08 2.63902e-06 5.87281e-05 0.000770564 0.00596233 0.0272338 0.0738095 0.121739 0.136409 0.139164 0.153236 0.141548 0.0946415 0.0515021 0.0272463 0.0141462 0.00689021 0.00313646 0.00139371 0.000649908 0.000302846 0.000120441 3.65518e-05
 8.65505e-12 9.39835e-10 6.01691e-08 2.27109e-06 5.05403e-05 0.000663145 0.0051316 0.0234496 0.0636944 0.106187 0.124184 0.138972 0.164305 0.155506 0.104962 0.057338 0.0297315 0.0145739 0.00661681 0.00283856 0.00113622 0.000426703 0.000157526 5.62198e-05 1.70523e-05
 9.77502e-12 1.06145e-09 6.7955e-08 2.56497e-06 5.70801e-05 0.000748941 0.00579501 0.0264694 0.0717363 0.118307 0.132518 0.135193 0.149506 0.140539 0.0987221 0.0586014 0.0328877 0.0166791 0.00749688 0.0030605 0.00113587 0.000382822 0.000117948 3.38236e-05 8.86805e-06
 1.08591e-11 1.17917e-09 7.54916e-08 2.84943e-06 6.34104e-05 0.000831995 0.00643742 0.0293982 0.0795992 0.130674 0.143596 0.139827 0.14785 0.134575 0.0894512 0.0484014 0.025522 0.0132448 0.00636591 0.00272033 0.00100451 0.00032027 8.88256e-05 2.1579e-05 4.623e-06
 1.10041e-11 1.19491e-09 7.64995e-08 2.88748e-06 6.4257e-05 0.000843104 0.00652343 0.0297924 0.0806846 0.132602 0.146382 0.144066 0.153319 0.138208 0.0882316 0.0433632 0.0199745 0.00917805 0.00407764 0.00172847 0.000665035 0.000218838 5.96006e-05 1.33457e-05 2.47151e-06
 1.14991e-11 1.24866e-09 7.99404e-08 3.01735e-06 6.71473e-05 0.000881023 0.0068167 0.0311286 0.0842612 0.13814 0.150929 0.14479 0.150536 0.134491 0.085432 0.0414783 0.0184379 0.00783099 0.00306579 0.00113619 0.000401268 0.000129659 3.59951e-05 8.09798e-06 1.4296e-06
 1.10953e-11 1.20481e-09 7.71332e-08 2.9114e-06 6.47894e-05 0.000850089 0.0065775 0.0300397 0.0813604 0.13376 0.147877 0.146025 0.155684 0.139787 0.08781 0.0413256 0.0175936 0.00721126 0.00270678 0.000925928 0.000288985 8.22034e-05 2.10706e-05 4.62946e-06 8.15116e-07
 1.02495e-11 1.11297e-09 7.12534e-08 2.68947e-06 5.98506e-05 0.000785295 0.00607638 0.0277563 0.0752469 0.12428 0.14003 0.144601 0.160316 0.14666 0.0941338 0.046246 0.0206677 0.00857595 0.00313458 0.00102558 0.000301763 7.83134e-05 1.77625e-05 3.48505e-06 5.72632e-07
 9.25757e-12 1.00526e-09 6.43578e-08 2.42919e-06 5.40587e-05 0.000709307 0.00548873 0.0250793 0.0680915 0.11328 0.131386 0.144459 0.168033 0.156073 0.100522 0.0495325 0.0223977 0.0095649 0.0036404 0.00122137 0.000355168 8.81266e-05 1.85806e-05 3.2915e-06 4.81833e-07
 9.59574e-12 1.04198e-09 6.67087e-08 2.51792e-06 5.60333e-05 0.000735213 0.00568907 0.0259919 0.07053 0.117022 0.134294 0.144398 0.165222 0.152692 0.0982627 0.0484406 0.0219274 0.00939203 0.00361193 0.00124133 0.000372967 9.45221e-05 1.97199e-05 3.33047e-06 4.49793e-07
 1.10251e-11 1.1972e-09 7.66457e-08 2.89299e-06 6.43798e-05 0.000844714 0.00653587 0.0298486 0.0808298 0.132782 0.146316 0.143395 0.152208 0.137677 0.0891106 0.044998 0.020986 0.00914518 0.00354019 0.00122317 0.000371888 9.63586e-05 2.063e-05 3.529e-06 4.68874e-07
 1.10829e-11 1.20348e-09 7.70476e-08 2.90817e-06 6.47175e-05 0.000849146 0.00657022 0.0300069 0.0812774 0.13367 0.14799 0.146628 0.156685 0.140446 0.087497 0.0403976 0.0168761 0.00697801 0.00271334 0.000955944 0.000294567 7.70815e-05 1.67368e-05 2.92098e-06 3.95402e-07
 1.09081e-11 1.18449e-09 7.58322e-08 2.86229e-06 6.36966e-05 0.000835752 0.00646661 0.0295343 0.0800053 0.131643 0.146047 0.145457 0.156347 0.141155 0.0895223 0.0429516 0.0185723 0.00748728 0.00268164 0.000876028 0.000263158 6.94101e-05 1.52892e-05 2.70467e-06 3.71763e-07
 1.08994e-11 1.18355e-09 7.57719e-08 2.86002e-06 6.3646e-05 0.000835089 0.00646155 0.0295126 0.0799657 0.131733 0.146856 0.147887 0.160117 0.143686 0.0885383 0.039578 0.0156065 0.00602689 0.00216823 0.000700829 0.000199116 4.91625e-05 1.04569e-05 1.845e-06 2.56435e-07
 1.1682e-11 1.26853e-09 8.12124e-08 3.06537e-06 6.82157e-05 0.000895041 0.00692514 0.0316234 0.0855946 0.140278 0.153044 0.146259 0.151375 0.134494 0.0842221 0.0394166 0.0164116 0.00634727 0.00215486 0.000654093 0.000180225 4.34455e-05 8.82872e-06 1.47783e-06 1.98803e-07
 1.27041e-11 1.37951e-09 8.83175e-08 3.33355e-06 7.41836e-05 0.000973338 0.00753068 0.0343826 0.0929803 0.151718 0.16245 0.147772 0.14546 0.125975 0.0766654 0.0337747 0.0129922 0.00486429 0.0016855 0.000519842 0.000139222 3.18367e-05 6.1867e-06 9.97318e-07 1.28508e-07
 1.29917e-11 1.41075e-09 9.03174e-08 3.40903e-06 7.58634e-05 0.000995376 0.00770113 0.0351592 0.0950601 0.154946 0.165136 0.148308 0.143987 0.123797 0.0747057 0.0322164 0.0118626 0.00417398 0.00134612 0.000392987 0.000103765 2.37547e-05 4.52391e-06 6.99042e-07 8.60218e-08
 1.24131e-11 1.34791e-09 8.62945e-08 3.25719e-06 7.24844e-05 0.000951047 0.00735835 0.0335988 0.0909028 0.148667 0.160748 0.150033 0.151275 0.131249 0.0779342 0.0318353 0.0106042 0.00338381 0.00101853 0.000278283 6.84264e-05 1.47768e-05 2.72911e-06 4.15488e-07 4.99992e-08
 1.22954e-11 1.33514e-09 8.54767e-08 3.22632e-06 7.17975e-05 0.000942034 0.00728861 0.0332803 0.0900398 0.147245 0.159167 0.148489 0.149882 0.130905 0.0795041 0.0345175 0.0127019 0.00430549 0.00125675 0.000313965 7.02021e-05 1.39675e-05 2.39657e-06 3.43865e-07 3.98297e-08
 1.24329e-11 1.35006e-09 8.64323e-08 3.26239e-06 7.26001e-05 0.000952564 0.00737006 0.0336517 0.0910372 0.148817 0.160589 0.149123 0.149727 0.130126 0.0781702 0.0330366 0.0117219 0.0039652 0.00122031 0.000326165 7.40438e-05 1.39304e-05 2.18091e-06 2.85614e-07 3.06163e-08
 1.26943e-11 1.37845e-09 8.82497e-08 3.33099e-06 7.41267e-05 0.000972592 0.00752498 0.0343579 0.092933 0.151797 0.163252 0.150217 0.1493 0.1287 0.076014 0.0306618 0.00994464 0.00306328 0.000887408 0.000231713 5.37284e-05 1.05835e-05 1.69379e-06 2.14589e-07 2.13193e-08
 1.32813e-11 1.44219e-09 9.23305e-08 3.48502e-06 7.75543e-05 0.00101756 0.0078727 0.035941 0.097153 0.15819 0.167812 0.148769 0.142389 0.121533 0.0727846 0.0307835 0.0108444 0.00352852 0.000997726 0.000240625 5.15389e-05 9.74103e-06 1.56182e-06 2.03069e-07 2.04823e-08
 1.16791e-11 1.26821e-09 8.1192e-08 3.0646e-06 6.81986e-05 0.000894819 0.00692351 0.031618 0.0856091 0.140534 0.154386 0.150027 0.157169 0.138457 0.0829046 0.0343839 0.0117437 0.00379799 0.0011183 0.000285592 6.21737e-05 1.1239e-05 1.68078e-06 2.07953e-07 2.06974e-08
#obs catch len freq
 5.85599e-12 6.35891e-10 4.07103e-08 1.53661e-06 3.41955e-05 0.000448679 0.00347188 0.0158623 0.0430451 0.071451 0.0822989 0.0904798 0.111843 0.126266 0.123088 0.109211 0.0865873 0.061073 0.0389377 0.0217029 0.0098553 0.00337873 0.000816934 0.000132071 1.37484e-05
 4.97976e-12 5.40743e-10 3.46189e-08 1.30669e-06 2.9079e-05 0.000381552 0.00295272 0.013496 0.0366956 0.0614456 0.073055 0.0854183 0.110877 0.130347 0.133337 0.121754 0.0956767 0.0646223 0.0384923 0.0198381 0.00829884 0.00261097 0.000577692 8.5425e-05 8.14344e-06
 5.47936e-13 5.94995e-11 3.80924e-09 1.43787e-07 3.20048e-06 4.20381e-05 0.000326999 0.00153258 0.0046726 0.0117678 0.0314991 0.0757502 0.130571 0.162036 0.164911 0.148686 0.115716 0.0767999 0.0438119 0.0210073 0.00803646 0.00229933 0.000462407 6.21988e-05 5.3998e-06
 8.71335e-12 9.46167e-10 6.05744e-08 2.28638e-06 5.08801e-05 0.000667558 0.00516398 0.0235559 0.0634099 0.101115 0.0975642 0.0648232 0.0524693 0.0805499 0.123956 0.138198 0.111926 0.0718844 0.038961 0.0175527 0.00620158 0.00161555 0.000293986 3.57605e-05 2.81198e-06
 9.86174e-12 1.07087e-09 6.85579e-08 2.58773e-06 5.75872e-05 0.000755624 0.00584773 0.0267294 0.0726541 0.121149 0.14006 0.148333 0.160105 0.13694 0.0814526 0.0412502 0.0266143 0.0192943 0.0114498 0.00512125 0.00170092 0.000407062 6.73296e-05 7.40768e-06 5.26165e-07
 1.06738e-11 1.15905e-09 7.42035e-08 2.80082e-06 6.2329e-05 0.000817817 0.00632809 0.0289036 0.0782776 0.128315 0.138816 0.127567 0.12863 0.127201 0.106625 0.0718247 0.0361427 0.013631 0.00461332 0.00161396 0.000497476 0.000112283 1.71816e-05 1.72494e-06 1.11098e-07
 1.33312e-11 1.44762e-09 9.26775e-08 3.49812e-06 7.78463e-05 0.0010214 0.00790256 0.0360772 0.0974705 0.157962 0.162777 0.129953 0.109967 0.100278 0.0838265 0.0596755 0.0334405 0.0139294 0.00432068 0.0010543 0.000218726 3.85241e-05 5.16559e-06 4.73172e-07 2.7928e-08
 1.10832e-11 1.20351e-09 7.70496e-08 2.90825e-06 6.47201e-05 0.000849213 0.00657173 0.0300294 0.0814621 0.134342 0.147896 0.139089 0.137355 0.124861 0.0932492 0.0581112 0.0296257 0.0118196 0.00363993 0.00085674 0.000151318 1.99529e-05 1.96947e-06 1.42262e-07 7.12949e-09
 1.19299e-11 1.29545e-09 8.29357e-08 3.13042e-06 6.9664e-05 0.00091407 0.00707309 0.0323079 0.0874814 0.143036 0.152181 0.131715 0.122155 0.115849 0.0960442 0.0640669 0.0318451 0.0114382 0.0030666 0.000638857 0.000102525 1.21035e-05 1.00786e-06 5.78194e-08 2.25575e-09
 1.2315e-11 1.33726e-09 8.56126e-08 3.23147e-06 7.1913e-05 0.000943593 0.00730194 0.0333605 0.0904021 0.148206 0.158823 0.138555 0.126173 0.113048 0.0872017 0.055355 0.0272868 0.00997053 0.00268077 0.000531869 7.72713e-05 8.08423e-06 5.9501e-07 2.99519e-08 1.00372e-09
 1.21265e-11 1.31679e-09 8.43023e-08 3.18201e-06 7.08127e-05 0.000929174 0.00719088 0.0328618 0.0891378 0.146627 0.158708 0.1411 0.13033 0.116878 0.0886774 0.0534944 0.024034 0.00775305 0.00182977 0.000326311 4.37382e-05 4.2327e-06 2.8362e-07 1.2779e-08 3.79427e-10
 1.28173e-11 1.39181e-09 8.91049e-08 3.36329e-06 7.4847e-05 0.000982112 0.00760057 0.0347326 0.0941793 0.154588 0.165626 0.14285 0.126959 0.111649 0.0836202 0.0489356 0.020704 0.00605304 0.00123582 0.000183861 2.05314e-05 1.7029e-06 1.00976e-07 4.10395e-09 1.10457e-10
 1.16131e-11 1.26105e-09 8.07336e-08 3.04732e-06 6.78164e-05 0.000889909 0.00688849 0.0315049 0.0857013 0.142343 0.158383 0.147643 0.139608 0.122529 0.0883029 0.0493153 0.0199768 0.00559673 0.00108222 0.000147944 1.455e-05 1.02619e-06 5.10588e-08 1.75532e-09 4.07369e-11
 1.05554e-11 1.14619e-09 7.33805e-08 2.76979e-06 6.16408e-05 0.000808907 0.00626252 0.0286593 0.0781276 0.130714 0.148611 0.144678 0.14388 0.132619 0.0996487 0.056392 0.0223484 0.00596172 0.00107648 0.000135539 1.2162e-05 7.74439e-07 3.42366e-08 1.02614e-09 2.04554e-11
 9.43788e-12 1.02484e-09 6.56117e-08 2.47656e-06 5.51162e-05 0.000723338 0.00560153 0.0256589 0.0701856 0.118773 0.139461 0.143707 0.149883 0.141845 0.108434 0.0621844 0.0250925 0.00690754 0.00130005 0.000169008 1.51615e-05 9.27384e-07 3.81395e-08 1.04178e-09 1.86775e-11
 7.91851e-12 8.59858e-10 5.50492e-08 2.0779e-06 4.62455e-05 0.000607 0.00470285 0.0215792 0.0593848 0.102547 0.127237 0.14352 0.160787 0.157501 0.120947 0.0674885 0.0257668 0.00658645 0.00114525 0.000139355 1.19921e-05 7.17358e-07 2.8941e-08 7.66438e-10 1.30723e-11
 1.06733e-11 1.159e-09 7.42004e-08 2.80075e-06 6.23309e-05 0.000818006 0.0063338 0.0289932 0.079049 0.13194 0.147865 0.139333 0.137833 0.133314 0.104847 0.0595296 0.0229699 0.00593455 0.00103934 0.000125275 1.04126e-05 5.90143e-07 2.24344e-08 5.62353e-10 9.13915e-12
 1.02357e-11 1.11148e-09 7.11583e-08 2.68596e-06 5.97793e-05 0.000784657 0.00607933 0.027888 0.0765917 0.130838 0.155565 0.158491 0.155098 0.132602 0.0897071 0.0452908 0.0162173 0.00401013 0.000685255 8.14164e-05 6.67808e-06 3.70776e-07 1.36306e-08 3.2578e-10 4.99189e-12
 1.02007e-11 1.10768e-09 7.09154e-08 2.6768e-06 5.95758e-05 0.000781994 0.00605871 0.02779 0.0762563 0.129747 0.152409 0.153023 0.151928 0.136156 0.0959427 0.048569 0.0167345 0.00386362 0.000606594 6.62076e-05 5.05262e-06 2.65205e-07 9.32022e-09 2.13816e-10 3.13948e-12
 9.7408e-12 1.05774e-09 6.77184e-08 2.55616e-06 5.68935e-05 0.000746899 0.00578959 0.0265961 0.0733242 0.126441 0.153086 0.159434 0.158938 0.13794 0.093082 0.0453601 0.015191 0.0034288 0.00052409 5.48105e-05 3.92512e-06 1.90413e-07 6.15644e-09 1.30425e-10 1.78135e-12
 1.04178e-11 1.13126e-09 7.24252e-08 2.73383e-06 6.08481e-05 0.000798808 0.00619148 0.0284299 0.078224 0.133848 0.158349 0.158523 0.153817 0.132811 0.0890996 0.0425619 0.0138005 0.00299631 0.000439536 4.40717e-05 3.01735e-06 1.3902e-07 4.2273e-09 8.33543e-11 1.05092e-12
 1.06822e-11 1.15997e-09 7.42636e-08 2.80327e-06 6.23961e-05 0.00081923 0.006352 0.0291957 0.0805401 0.138637 0.165498 0.165428 0.155498 0.127091 0.0803727 0.0364453 0.0113206 0.00236843 0.000334973 3.22459e-05 2.10619e-06 9.20587e-08 2.6446e-09 4.90914e-11 5.80434e-13
 1.12751e-11 1.22435e-09 7.83855e-08 2.95888e-06 6.58609e-05 0.000864752 0.00670534 0.0308196 0.084968 0.145747 0.171767 0.167003 0.152116 0.121113 0.0744265 0.0325271 0.00966596 0.00192481 0.000258242 2.35375e-05 1.45415e-06 6.00472e-08 1.62645e-09 2.83919e-11 3.14825e-13
 1.1166e-11 1.2125e-09 7.76278e-08 2.93035e-06 6.52302e-05 0.000856639 0.00664607 0.0305932 0.0846825 0.146666 0.175954 0.173618 0.15605 0.118899 0.0687201 0.0279807 0.0076817 0.00139883 0.000169963 1.39723e-05 7.81733e-07 2.94986e-08 7.36703e-10 1.19306e-11 1.23127e-13
 1.00042e-11 1.08636e-09 6.95527e-08 2.62563e-06 5.84546e-05 0.000767932 0.00596392 0.027532 0.076812 0.135753 0.169958 0.177724 0.16629 0.127945 0.073072 0.028969 0.00765905 0.00132934 0.000151968 1.15668e-05 5.89857e-07 2.00754e-08 4.50643e-10 6.57447e-12 6.14481e-14
 1.01501e-11 1.1022e-09 7.05675e-08 2.66399e-06 5.93105e-05 0.000779234 0.00605245 0.0279431 0.0779223 0.137323 0.170526 0.176496 0.164987 0.127698 0.072896 0.0285392 0.00738112 0.0012458 0.000137732 1.00547e-05 4.85976e-07 1.54619e-08 3.20223e-10 4.26435e-12 3.61123e-14
 9.82327e-12 1.06672e-09 6.82971e-08 2.57842e-06 5.74138e-05 0.000754608 0.00586714 0.0271587 0.0762253 0.136261 0.173212 0.182415 0.168689 0.126215 0.0692256 0.0261397 0.00656709 0.00108368 0.000117486 8.39151e-06 3.93974e-07 1.20536e-08 2.3749e-10 2.97833e-12 2.35344e-14
 1.0153e-11 1.10253e-09 7.05909e-08 2.66508e-06 5.93467e-05 0.000780096 0.00606638 0.0280852 0.0787897 0.140407 0.176769 0.183147 0.166692 0.122732 0.0657237 0.0239711 0.00576762 0.000907079 9.35807e-05 6.36743e-06 2.85431e-07 8.35137e-09 1.57307e-10 1.88119e-12 1.41155e-14
 9.96511e-12 1.08214e-09 6.92872e-08 2.61606e-06 5.82662e-05 0.000766259 0.00596579 0.0276977 0.0782053 0.141179 0.181043 0.189185 0.168961 0.119406 0.0608437 0.0210779 0.00481528 0.00071789 6.99695e-05 4.47915e-06 1.88305e-07 5.16106e-09 9.11231e-11 1.02303e-12 7.21761e-15
#spawning biomass
 10491.8 9356.3 7842.81 8115.86 12409.2 18450 27838.6 40511.8 57569.8 81058.7 103614 133018 168958 214680 209291 164075 162988 169398 195863 169815 179970 194482 237613 243018 277100 270136 233944 273456 322673 439562 694740 721810 662500 563687 458276 363711 286530 227165 183295 151779 129598 114222 103673 96447.7 91517.4 88267 86124.2 84711.5 83780.2 83166.2 82761.4 82494.6 82318.6 82202.6 82126.2 82075.8 82042.5 82020.6 82006.2 81996.7 81990.4 81986.3 81983.5 81981.7 81980.5 81979.8 81979.2 81978.9 81978.7 81978.5 81978.4 81978.4 81978.3 81978.3 81978.3 81978.3 81978.3 81978.3 81978.2 81978.2 81978.2 81978.2 81978.2 81978.2 81978.2 81978.2 81978.2 81978.2 81978.2 81978.2 81978.2 81978.2 81978.2 81978.2 81978.2 81978.2 81978.2 81978.2 81978.2 81978.2 81978.2 81978.2 81978.2 81978.2 81978.2 81978.2 81978.2 81978.2 81978.2 81978.2 81978.2 81978.2 81978.2 81978.2 81978.2 81978.2 81978.2 81978.2 81978.2 81978.2 81978.2 81978.2 81978.2 81978.2 81978.2 81978.2 81978.2 81978.2 81978.2 0 0 0 0 0 0 0 0 0 0 0 0 0 0 0 0 0 0 0 0 0 0 0 0 0
