SBPRF35
0.819782
Curr Bio
118947
B35
675380
F35
0.239915
FOFL
0
OFL
0
Bzero
234224
#pred survey bio
 18853.8 19986.4 24841.9 29600.9 37190.4 41512.6 47879.9 54885.7 68573.5 75825.8 88338.4 101283 113372 125026 132346 141943 155781 149552 161072 166991 184833 172825 185033 146725 157115 174560 143468 136882 3.38809e+06 4.69756e+06 5.3161e+06 5.1446e+06 4.64557e+06 4.07119e+06 3.54379e+06 3.10954e+06 2.77398e+06 2.52477e+06 2.3443e+06 2.21562e+06 2.12463e+06 2.06042e+06 2.01448e+06 1.98091e+06 1.9574e+06 1.94071e+06 1.92868e+06 1.91989e+06 1.91337e+06 1.90847e+06 1.90474e+06 1.90186e+06 1.89962e+06 1.89786e+06 1.89646e+06 1.89535e+06 1.89446e+06 1.89375e+06 1.89317e+06 1.8927e+06 1.89232e+06 1.89202e+06 1.89176e+06 1.89156e+06 1.89139e+06 1.89126e+06 1.89114e+06 1.89105e+06 1.89098e+06 1.89092e+06 1.89087e+06 1.89083e+06 1.89079e+06 1.89077e+06 1.89074e+06 1.89073e+06 1.89071e+06 1.8907e+06 1.89069e+06 1.89068e+06 1.89067e+06 1.89067e+06 1.89066e+06 1.89066e+06 1.89066e+06 1.89065e+06 1.89065e+06 1.89065e+06 1.89065e+06 1.89065e+06 1.89065e+06 1.89065e+06 1.89065e+06 1.89065e+06 1.89065e+06 1.89064e+06 1.89064e+06 1.89064e+06 1.89064e+06 1.89064e+06 1.89064e+06 1.89064e+06 1.89064e+06 1.89064e+06 1.89064e+06 1.89064e+06 1.89064e+06 1.89064e+06 1.89064e+06 1.89064e+06 1.89064e+06 1.89064e+06 1.89064e+06 1.89064e+06 1.89064e+06 1.89064e+06 1.89064e+06 1.89064e+06 1.89064e+06 1.89064e+06 1.89064e+06 1.89064e+06 1.89064e+06 1.89064e+06 1.89064e+06 1.89064e+06 1.89064e+06 1.89064e+06 0 0 0 0 0 0 0 0 0 0 0 0 0 0 0 0 0 0 0 0 0 0 0 0 0
#obs survey bio
 16193 15322.1 21034.1 24642.1 31436.6 32071.5 48775.6 40065.1 71744.9 62040.5 92841.3 85893.6 80611.6 112059 156775 131930 115407 134196 132766 127475 183687 146886 186503 104686 163584 170628 121920 122793
#pred catch bio
 10540.6 10702.4 14060.1 16411.4 22655.3 24610.8 29911.7 32397.8 43441.7 46095.1 54045.3 62515.8 70507.7 79311.8 85254.3 89256.8 107499 97560.9 108639 109011 134306 113737 139894 100290 104289 133075 104304 95237.5 0 34879.3 45869.5 44817.5 39862.9 34216.2 29114.4 24980.6 21843.3 19563.1 17955.2 16846 16092.9 15587.5 15249 15022 14875.8 14781.6 14720.9 14681.9 14656.7 14640.5 14630.1 14623.3 14619 14616.2 14614.4 14613.3 14612.5 14612 14611.7 14611.5 14611.4 14611.3 14611.3 14611.2 14611.2 14611.2 14611.2 14611.2 14611.2 14611.2 14611.2 14611.2 14611.2 14611.2 14611.2 14611.2 14611.2 14611.2 14611.2 14611.2 14611.2 14611.2 14611.2 14611.2 14611.2 14611.2 14611.2 14611.2 14611.2 14611.2 14611.2 14611.2 14611.2 14611.2 14611.2 14611.2 14611.2 14611.2 14611.2 14611.2 14611.2 14611.2 14611.2 14611.2 14611.2 14611.2 14611.2 14611.2 14611.2 14611.2 14611.2 14611.2 14611.2 14611.2 14611.2 14611.2 14611.2 14611.2 14611.2 14611.2 14611.2 14611.2 14611.2 14611.2 14611.2 14611.2 14611.2 14611.2 0 0 0 0 0 0 0 0 0 0 0 0 0 0 0 0 0 0 0 0 0 0 0 0 0
#obs catch bio
 10207 10510.2 14274.4 15561.4 22628 23255.3 28578.5 31034.2 41621.5 42754.8 48463.4 58507.1 65494.2 71472.7 70947.9 80805.1 102170 92671.8 95556 99986 124815 111358 125863 93371 90254.2 119641 96870.7 90979.9
#pred cpue bio
 12941.9 11785.1 14160.1 16653.9 20645.9 22792.3 26472.2 28938.6 36477.7 40402.5 47566 54663.7 61495.8 67851 72057.3 75377 84032.9 77960.6 84560.8 86098.9 95596.8 85617 97053.4 74398 78528.9 88765.2 70785.1 67367.7 1.69835e+06 3.71156e+06 4.99191e+06 4.94446e+06 4.4589e+06 3.88578e+06 3.35849e+06 2.92424e+06 2.58868e+06 2.33947e+06 2.15901e+06 2.03033e+06 1.93934e+06 1.87513e+06 1.82918e+06 1.79561e+06 1.7721e+06 1.75541e+06 1.74339e+06 1.7346e+06 1.72808e+06 1.72317e+06 1.71944e+06 1.71656e+06 1.71432e+06 1.71256e+06 1.71117e+06 1.71006e+06 1.70917e+06 1.70845e+06 1.70788e+06 1.70741e+06 1.70703e+06 1.70672e+06 1.70647e+06 1.70626e+06 1.7061e+06 1.70596e+06 1.70585e+06 1.70576e+06 1.70568e+06 1.70562e+06 1.70557e+06 1.70553e+06 1.7055e+06 1.70547e+06 1.70545e+06 1.70543e+06 1.70542e+06 1.7054e+06 1.70539e+06 1.70538e+06 1.70538e+06 1.70537e+06 1.70537e+06 1.70536e+06 1.70536e+06 1.70536e+06 1.70536e+06 1.70535e+06 1.70535e+06 1.70535e+06 1.70535e+06 1.70535e+06 1.70535e+06 1.70535e+06 1.70535e+06 1.70535e+06 1.70535e+06 1.70535e+06 1.70535e+06 1.70535e+06 1.70535e+06 1.70535e+06 1.70535e+06 1.70535e+06 1.70535e+06 1.70535e+06 1.70535e+06 1.70535e+06 1.70535e+06 1.70535e+06 1.70535e+06 1.70535e+06 1.70535e+06 1.70535e+06 1.70535e+06 1.70535e+06 1.70535e+06 1.70535e+06 1.70535e+06 1.70535e+06 1.70535e+06 1.70535e+06 1.70535e+06 1.70535e+06 1.70535e+06 1.70535e+06 1.70535e+06 1.70535e+06 0 0 0 0 0 0 0 0 0 0 0 0 0 0 0 0 0 0 0 0 0 0 0 0 0
#obs cpue bio
 15474.7 16997 15637.4 26717 24912.9 35509.3 34989.7 40097.9 46843.8 63716 76820.5 74532.6 116642 122117 143328 98397.3 132922 109111 184516 141710 137708 91620.3 186660 117704 152507 136448 101753 97006.7
#pred surv len freq
 1.42546e-11 1.54787e-09 9.90964e-08 3.74039e-06 8.32371e-05 0.0010921 0.00844871 0.0385539 0.103985 0.16746 0.169046 0.128711 0.102523 0.0851131 0.0606358 0.0397897 0.0267819 0.0183065 0.0128803 0.00953985 0.00757627 0.00653251 0.00577833 0.00451033 0.00264841
 1.48848e-11 1.61631e-09 1.03478e-07 3.90577e-06 8.69173e-05 0.00114039 0.0088224 0.0402619 0.10863 0.175243 0.178319 0.139383 0.114812 0.0946021 0.0623438 0.0345427 0.0185163 0.00967762 0.00507569 0.00290128 0.00187018 0.00136989 0.00109371 0.000820965 0.00048249
 1.49286e-11 1.62107e-09 1.03782e-07 3.91726e-06 8.7173e-05 0.00114375 0.00884838 0.0403809 0.108957 0.175821 0.179141 0.140642 0.116629 0.0965652 0.0639091 0.0353152 0.0181593 0.00834272 0.00338894 0.00134889 0.000590423 0.000312197 0.000201176 0.00013599 7.70588e-05
 1.49039e-11 1.61839e-09 1.03611e-07 3.91078e-06 8.70289e-05 0.00114186 0.00883379 0.040315 0.10879 0.175632 0.179331 0.14176 0.118575 0.0981312 0.0640198 0.0343169 0.0170703 0.00760819 0.00290732 0.000987767 0.00031244 0.000102178 4.14448e-05 2.13473e-05 1.08291e-05
 1.52806e-11 1.65929e-09 1.0623e-07 4.00964e-06 8.92287e-05 0.00117072 0.00905697 0.0413315 0.111504 0.179788 0.182511 0.141531 0.115216 0.0942856 0.0617497 0.0335153 0.0168076 0.007427 0.00276478 0.000898436 0.00025836 6.6121e-05 1.63767e-05 4.78256e-06 1.7373e-06
 1.50264e-11 1.63169e-09 1.04462e-07 3.94292e-06 8.77442e-05 0.00115124 0.00890642 0.0406469 0.109691 0.177138 0.181098 0.143709 0.120598 0.0990683 0.0627185 0.0314973 0.0144928 0.00607377 0.00218688 0.000687205 0.00018923 4.48732e-05 9.18042e-06 1.70873e-06 3.38299e-07
 1.50291e-11 1.63198e-09 1.04481e-07 3.94363e-06 8.77599e-05 0.00115145 0.00890798 0.0406536 0.109702 0.177099 0.180796 0.142818 0.119242 0.098245 0.0632849 0.0329262 0.0155905 0.00644647 0.0021923 0.000640168 0.000166062 3.75221e-05 7.19469e-06 1.15254e-06 1.57465e-07
 1.59438e-11 1.73131e-09 1.1084e-07 4.18366e-06 9.31013e-05 0.00122153 0.00944995 0.0431228 0.116309 0.187307 0.189069 0.143769 0.113341 0.0902391 0.0567418 0.0284836 0.0130224 0.0053212 0.00181563 0.000525698 0.000130721 2.75661e-05 4.9169e-06 7.32422e-07 8.8799e-08
 1.56012e-11 1.6941e-09 1.08458e-07 4.09375e-06 9.11006e-05 0.00119528 0.00924698 0.0421986 0.113843 0.183555 0.186308 0.144343 0.116976 0.0942119 0.0588681 0.0289049 0.0128234 0.00510264 0.00169839 0.000481867 0.000118583 2.46797e-05 4.24616e-06 5.94639e-07 6.6745e-08
 1.54139e-11 1.67377e-09 1.07156e-07 4.04462e-06 9.00072e-05 0.00118093 0.00913605 0.0416936 0.112498 0.181524 0.184895 0.144923 0.119378 0.0966884 0.0599888 0.0288264 0.012382 0.00475558 0.00151248 0.000405775 9.49378e-05 1.90609e-05 3.20111e-06 4.37696e-07 4.72735e-08
 1.53888e-11 1.67104e-09 1.06981e-07 4.03801e-06 8.98601e-05 0.001179 0.0091211 0.041625 0.112307 0.181171 0.184326 0.143958 0.118111 0.0959678 0.0605835 0.0302853 0.0136287 0.00536286 0.00170599 0.000449402 0.000101472 1.93977e-05 3.09437e-06 4.05658e-07 4.24473e-08
 1.53328e-11 1.66496e-09 1.06592e-07 4.02332e-06 8.95332e-05 0.00117471 0.00908793 0.0414739 0.111904 0.180555 0.183861 0.144012 0.118632 0.0965221 0.0608382 0.0303138 0.0136574 0.00545431 0.00179121 0.000490115 0.000113085 2.15021e-05 3.33074e-06 4.17381e-07 4.15674e-08
 1.51986e-11 1.65039e-09 1.05659e-07 3.98812e-06 8.87499e-05 0.00116444 0.00900846 0.041112 0.110937 0.179073 0.182718 0.144066 0.119794 0.0978972 0.0617261 0.0307011 0.0137884 0.00548646 0.00179736 0.000494437 0.000116402 2.28139e-05 3.61984e-06 4.54791e-07 4.43224e-08
 1.5207e-11 1.65129e-09 1.05717e-07 3.9903e-06 8.87985e-05 0.00116508 0.00901339 0.0411344 0.110996 0.179158 0.182756 0.143973 0.119586 0.0977257 0.0617178 0.0308109 0.0138916 0.00553237 0.00180779 0.000495028 0.00011617 2.28526e-05 3.6811e-06 4.73517e-07 4.71028e-08
 1.50394e-11 1.63309e-09 1.04552e-07 3.94632e-06 8.78199e-05 0.00115224 0.00891411 0.0406823 0.109791 0.17733 0.181439 0.144345 0.121502 0.09975 0.0626957 0.0308683 0.0136836 0.0053906 0.00175049 0.000476705 0.000111219 2.1752e-05 3.49141e-06 4.50391e-07 4.53345e-08
 1.56274e-11 1.69695e-09 1.0864e-07 4.10063e-06 9.12537e-05 0.00119729 0.00926251 0.0422693 0.114032 0.183844 0.186531 0.144335 0.116766 0.0940008 0.0588041 0.0289266 0.0127924 0.00499931 0.00159762 0.000426145 9.77256e-05 1.88989e-05 3.00919e-06 3.85795e-07 3.87128e-08
 1.51366e-11 1.64366e-09 1.05229e-07 3.97185e-06 8.8388e-05 0.00115969 0.00897176 0.0409452 0.110497 0.178448 0.182473 0.144871 0.121526 0.0993494 0.0618639 0.0298387 0.0128781 0.00496606 0.00158142 0.000420591 9.55299e-05 1.81697e-05 2.8415e-06 3.59147e-07 3.56879e-08
 1.57017e-11 1.70502e-09 1.09157e-07 4.12013e-06 9.16876e-05 0.00120298 0.00930657 0.0424708 0.114581 0.184776 0.187689 0.145751 0.118337 0.0947503 0.0578003 0.0267694 0.0109063 0.00398495 0.00119976 0.000299875 6.48667e-05 1.19951e-05 1.84049e-06 2.28318e-07 2.22714e-08
 1.55859e-11 1.69244e-09 1.08352e-07 4.08973e-06 9.10111e-05 0.0011941 0.00923793 0.042158 0.113744 0.183477 0.186613 0.145554 0.118973 0.0957082 0.058704 0.0274796 0.0113291 0.00414081 0.00122464 0.000294816 6.04954e-05 1.05437e-05 1.53259e-06 1.82808e-07 1.73752e-08
 1.58992e-11 1.72647e-09 1.1053e-07 4.17196e-06 9.2841e-05 0.00121811 0.00942359 0.043004 0.116007 0.186975 0.189453 0.145896 0.116974 0.0929787 0.0564494 0.0259274 0.0104246 0.00374677 0.00109899 0.000262211 5.28148e-05 8.89287e-06 1.22827e-06 1.37994e-07 1.23947e-08
 1.58566e-11 1.72183e-09 1.10233e-07 4.16076e-06 9.25918e-05 0.00121484 0.00939831 0.0428887 0.115699 0.186494 0.189042 0.145783 0.117147 0.0932909 0.0567994 0.026245 0.0106292 0.00382824 0.00111708 0.000263859 5.26016e-05 8.76832e-06 1.19146e-06 1.29909e-07 1.11519e-08
 1.63804e-11 1.77872e-09 1.13875e-07 4.29822e-06 9.56506e-05 0.00125497 0.0097087 0.0443034 0.119491 0.192413 0.194129 0.147289 0.115233 0.0896782 0.0526453 0.0223453 0.00794647 0.00257246 0.000700153 0.000155439 2.92905e-05 4.68589e-06 6.18974e-07 6.60438e-08 5.54696e-09
 1.53308e-11 1.66474e-09 1.06578e-07 4.0228e-06 8.95218e-05 0.00117457 0.00908686 0.0414705 0.111915 0.180738 0.184814 0.146686 0.12276 0.0994055 0.0600433 0.0268522 0.0102984 0.00348795 0.000938164 0.000196605 3.42798e-05 5.10385e-06 6.34949e-07 6.45975e-08 5.23931e-09
 1.58167e-11 1.71751e-09 1.09956e-07 4.1503e-06 9.23591e-05 0.00121179 0.00937475 0.0427825 0.115429 0.186202 0.189405 0.147733 0.120443 0.0956714 0.0562808 0.0236769 0.00825404 0.0025966 0.00067619 0.000139305 2.36107e-05 3.3265e-06 3.81813e-07 3.55737e-08 2.67253e-09
 1.64289e-11 1.78398e-09 1.14212e-07 4.31093e-06 9.59336e-05 0.00125869 0.00973738 0.0444335 0.119831 0.192872 0.194177 0.14627 0.1133 0.0882215 0.0528493 0.0236993 0.00913703 0.00309241 0.000821274 0.000166995 2.76669e-05 3.82818e-06 4.31033e-07 3.86959e-08 2.73061e-09
 1.60061e-11 1.73807e-09 1.11273e-07 4.19999e-06 9.34647e-05 0.0012263 0.0094869 0.0432927 0.116785 0.188217 0.190656 0.146659 0.117283 0.0927221 0.0554482 0.0245275 0.00930832 0.00317226 0.000882227 0.000194912 3.51276e-05 5.07904e-06 5.74012e-07 5.07626e-08 3.50459e-09
 1.62334e-11 1.76276e-09 1.12853e-07 4.25965e-06 9.47925e-05 0.00124372 0.00962166 0.0439075 0.11844 0.19086 0.19321 0.148266 0.117904 0.0921136 0.0532337 0.021487 0.00695078 0.00203476 0.000506918 0.000101498 1.70205e-05 2.43805e-06 2.87141e-07 2.66357e-08 1.88297e-09
 1.64151e-11 1.78249e-09 1.14117e-07 4.30733e-06 9.58534e-05 0.00125763 0.00972928 0.0443974 0.119745 0.192825 0.194556 0.147638 0.115493 0.0897282 0.0523417 0.0218055 0.00745119 0.00226265 0.000552303 0.000101601 1.49134e-05 1.86514e-06 1.98458e-07 1.75157e-08 1.24183e-09
#obs surv len freq
 1.31534e-11 1.4283e-09 9.14411e-08 3.45145e-06 7.68073e-05 0.00100775 0.00779657 0.0355872 0.0961033 0.15569 0.161344 0.133578 0.120143 0.108133 0.0810404 0.0518142 0.0285869 0.0128346 0.00459441 0.00131618 0.000294988 4.95926e-05 5.99159e-06 5.01071e-07 2.815e-08
 1.29114e-11 1.40203e-09 8.97589e-08 3.38796e-06 7.53945e-05 0.000989222 0.00765346 0.0349392 0.0944166 0.153404 0.160767 0.136858 0.125806 0.111925 0.0808365 0.0492581 0.0261936 0.011504 0.00401047 0.00109327 0.000227705 3.52053e-05 3.92065e-06 3.04379e-07 1.59539e-08
 1.32769e-11 1.44172e-09 9.23e-08 3.48387e-06 7.7529e-05 0.00101723 0.00787025 0.0359301 0.0971041 0.157782 0.165129 0.139269 0.12547 0.109565 0.0778097 0.0460981 0.0233058 0.00953918 0.00307445 0.000778668 0.000151491 2.17806e-05 2.23301e-06 1.58466e-07 7.58487e-09
 1.2941e-11 1.40524e-09 8.99645e-08 3.39572e-06 7.55674e-05 0.000991503 0.00767148 0.0350285 0.0947336 0.154371 0.163214 0.140878 0.129203 0.112633 0.0792531 0.0463138 0.0229269 0.00910155 0.00280114 0.000663901 0.000119065 1.56967e-05 1.47572e-06 9.60134e-08 4.20357e-09
 1.4463e-11 1.57051e-09 1.00545e-07 3.79509e-06 8.44549e-05 0.00110811 0.00857336 0.0391393 0.105748 0.171474 0.177288 0.142759 0.119151 0.0986545 0.0680647 0.0391536 0.0188852 0.0072241 0.00212259 0.000475775 7.98172e-05 9.72465e-06 8.36302e-07 4.94884e-08 1.96775e-09
 1.19747e-11 1.30031e-09 8.32471e-08 3.14218e-06 6.99256e-05 0.000917506 0.0070999 0.0324372 0.0879391 0.144722 0.158408 0.147321 0.142461 0.122494 0.0816361 0.0441599 0.0201893 0.00746312 0.00213395 0.000461939 7.38139e-05 8.45249e-06 6.75519e-07 3.68001e-08 1.33714e-09
 1.44699e-11 1.57127e-09 1.00594e-07 3.79693e-06 8.44959e-05 0.00110866 0.00857797 0.039166 0.105872 0.171902 0.178112 0.143005 0.117684 0.0972471 0.0687714 0.0403906 0.0190323 0.00680015 0.00181683 0.000365872 5.48226e-05 5.9138e-06 4.43934e-07 2.25565e-08 7.58658e-10
 1.33232e-11 1.44674e-09 9.26219e-08 3.49603e-06 7.78004e-05 0.00102084 0.00789963 0.0360907 0.0978102 0.160507 0.172856 0.152259 0.135865 0.10941 0.0688773 0.0350848 0.0151519 0.0053226 0.0014332 0.000284862 4.06573e-05 4.07852e-06 2.82503e-07 1.32561e-08 4.12557e-10
 1.3615e-11 1.47843e-09 9.46506e-08 3.57261e-06 7.95046e-05 0.0010432 0.00807268 0.03688 0.0999182 0.163647 0.174582 0.149603 0.129778 0.10562 0.0701092 0.0376797 0.0161547 0.00526983 0.00128777 0.000236808 3.21973e-05 3.11214e-06 2.05937e-07 9.0824e-09 2.62111e-10
 1.2703e-11 1.3794e-09 8.83102e-08 3.33329e-06 7.41797e-05 0.000973367 0.00753334 0.0344358 0.0935086 0.154479 0.169551 0.154161 0.139989 0.113253 0.0724391 0.037372 0.0156701 0.00508524 0.00122679 0.00021575 2.71746e-05 2.40451e-06 1.46556e-07 6.02019e-09 1.62842e-10
 1.31571e-11 1.42871e-09 9.14674e-08 3.45247e-06 7.68318e-05 0.00100817 0.00780275 0.0356661 0.0968167 0.159598 0.173377 0.15313 0.134603 0.108336 0.0707361 0.0372017 0.0154621 0.00484807 0.00112066 0.000189306 2.29042e-05 1.92803e-06 1.1001e-07 4.17083e-09 1.03414e-10
 1.23613e-11 1.34229e-09 8.59346e-08 3.24364e-06 7.21853e-05 0.000947243 0.00733241 0.0335374 0.0912526 0.151684 0.168975 0.156463 0.142227 0.114295 0.0733382 0.0379349 0.0156657 0.00492328 0.00113686 0.000188819 2.20581e-05 1.77124e-06 9.57746e-08 3.42285e-09 7.94696e-11
 1.28089e-11 1.3909e-09 8.90466e-08 3.3611e-06 7.47997e-05 0.000981555 0.00759809 0.0347516 0.0945212 0.156745 0.172736 0.155417 0.137015 0.109578 0.0715309 0.0375635 0.0154462 0.00476443 0.00107647 0.00017518 2.00243e-05 1.56288e-06 8.13025e-08 2.76613e-09 6.06225e-11
 1.21581e-11 1.32022e-09 8.45221e-08 3.19034e-06 7.10005e-05 0.000931759 0.00721423 0.0330225 0.0900747 0.1508 0.170664 0.160588 0.145053 0.114082 0.0715759 0.0360454 0.0143845 0.00435303 0.00096542 0.000153102 1.69227e-05 1.2712e-06 6.34725e-08 2.06669e-09 4.31663e-11
 1.25466e-11 1.36241e-09 8.72233e-08 3.2923e-06 7.327e-05 0.000961551 0.00744501 0.034078 0.092915 0.155148 0.173622 0.158974 0.140015 0.110358 0.0707845 0.0361464 0.0142526 0.00417958 0.000892713 0.000136446 1.45452e-05 1.05129e-06 5.02802e-08 1.56069e-09 3.09547e-11
 1.22672e-11 1.33208e-09 8.52814e-08 3.21902e-06 7.16408e-05 0.000940241 0.00728189 0.0333603 0.0912185 0.153656 0.175736 0.165792 0.146446 0.110988 0.0666818 0.0318079 0.0118831 0.00333954 0.000683263 9.93257e-05 1.00096e-05 6.82443e-07 3.07979e-08 9.02582e-10 1.68982e-11
 1.15234e-11 1.25131e-09 8.01108e-08 3.02388e-06 6.72995e-05 0.000883339 0.00684313 0.031379 0.0860489 0.146187 0.170698 0.166332 0.151107 0.117237 0.0720169 0.0345114 0.0125697 0.00336746 0.000651095 8.93957e-05 8.5127e-06 5.47438e-07 2.32231e-08 6.3769e-10 1.11635e-11
 1.30385e-11 1.41584e-09 9.06437e-08 3.42144e-06 7.61469e-05 0.000999415 0.0077407 0.0354633 0.0969047 0.162463 0.182055 0.163487 0.13749 0.103568 0.0638324 0.0309271 0.0113233 0.0030151 0.000569928 7.50682e-05 6.75424e-06 4.06906e-07 1.61145e-08 4.12583e-10 6.72904e-12
 1.19088e-11 1.29316e-09 8.27901e-08 3.12505e-06 6.95543e-05 0.000913055 0.00707605 0.0324815 0.0893106 0.152543 0.178967 0.172175 0.149932 0.109873 0.0637667 0.0292208 0.010361 0.00272361 0.000510726 6.62664e-05 5.79773e-06 3.34859e-07 1.2554e-08 3.01348e-10 4.57834e-12
 1.24924e-11 1.35653e-09 8.68476e-08 3.27822e-06 7.29637e-05 0.000957817 0.00742274 0.0340645 0.0935385 0.158864 0.183029 0.170122 0.144221 0.105696 0.0618544 0.0279281 0.00943872 0.00232335 0.000408806 5.03533e-05 4.22374e-06 2.34647e-07 8.43805e-09 1.93079e-10 2.77583e-12
 1.18242e-11 1.28398e-09 8.22029e-08 3.10297e-06 6.90676e-05 0.000906854 0.00703215 0.0323323 0.0892695 0.153878 0.183075 0.177124 0.151739 0.107903 0.0600851 0.0258453 0.00838532 0.00197987 0.000330421 3.81047e-05 2.973e-06 1.53763e-07 5.17249e-09 1.1126e-10 1.50802e-12
 1.17642e-11 1.27746e-09 8.17863e-08 3.08728e-06 6.87208e-05 0.000902386 0.00699918 0.032199 0.089006 0.153695 0.183001 0.176649 0.151381 0.108686 0.0610764 0.0260208 0.00815868 0.00183192 0.000288839 3.13775e-05 2.29724e-06 1.10891e-07 3.46402e-09 6.89826e-11 8.65151e-13
 1.13652e-11 1.23414e-09 7.90131e-08 2.98268e-06 6.63975e-05 0.000872072 0.00676827 0.0311902 0.0866089 0.151182 0.183623 0.180773 0.15505 0.109378 0.0599789 0.024935 0.00762908 0.00166258 0.00025158 2.58952e-05 1.77849e-06 8.00497e-08 2.32375e-09 4.29034e-11 4.97847e-13
 1.14432e-11 1.24261e-09 7.95562e-08 3.00324e-06 6.68589e-05 0.000878249 0.00681845 0.0314445 0.0874394 0.152919 0.185708 0.181664 0.154232 0.107852 0.0584559 0.023772 0.00703701 0.00147376 0.000213501 2.09579e-05 1.36533e-06 5.79072e-08 1.57353e-09 2.70442e-11 2.90943e-13
 1.23947e-11 1.34594e-09 8.61721e-08 3.25301e-06 7.24198e-05 0.000951286 0.00738455 0.0340332 0.0943853 0.163527 0.193519 0.180626 0.146035 0.0987741 0.0523606 0.0208715 0.00603898 0.00122895 0.000171616 1.61055e-05 9.96255e-07 3.99164e-08 1.02051e-09 1.64418e-11 1.65226e-13
 1.12334e-11 1.21985e-09 7.81016e-08 2.94857e-06 6.56565e-05 0.000862956 0.00670973 0.0310584 0.0871186 0.155056 0.19299 0.190567 0.156738 0.102448 0.0510232 0.0190244 0.00518682 0.00100222 0.000133329 1.19125e-05 6.99461e-07 2.64959e-08 6.37842e-10 9.64144e-12 9.0628e-14
 1.11796e-11 1.21401e-09 7.77289e-08 2.9346e-06 6.53504e-05 0.000859081 0.00668198 0.0309499 0.0868896 0.154695 0.192192 0.189431 0.156845 0.104098 0.0522197 0.0190976 0.00495772 0.000894905 0.00011051 9.17881e-06 5.02927e-07 1.78294e-08 4.0213e-10 5.69268e-12 5.00492e-14
 1.20694e-11 1.31065e-09 8.39166e-08 3.16826e-06 7.05558e-05 0.000927534 0.00721389 0.033394 0.0935057 0.16496 0.199999 0.188638 0.148636 0.094824 0.0462482 0.016551 0.00420061 0.000734395 8.65094e-05 6.74825e-06 3.43378e-07 1.12423e-08 2.33899e-10 3.05793e-12 2.48748e-14
#pred catch len freq
 9.02892e-12 9.80433e-10 6.27682e-08 2.36919e-06 5.27232e-05 0.00069177 0.00535246 0.0244435 0.0661839 0.108654 0.119439 0.116638 0.125069 0.119442 0.0908102 0.0632799 0.0444384 0.0309596 0.0219523 0.0163071 0.0129626 0.0111795 0.0098893 0.00771925 0.00453266
 9.97897e-12 1.0836e-09 6.93729e-08 2.61848e-06 5.8271e-05 0.000764564 0.00591582 0.0270193 0.0732009 0.120515 0.134032 0.134448 0.14643 0.136425 0.0946637 0.0552403 0.0310024 0.0165957 0.00879747 0.00505245 0.00326208 0.00239041 0.00190864 0.00143269 0.00084201
 1.03116e-11 1.11971e-09 7.1685e-08 2.70575e-06 6.02131e-05 0.000790045 0.00611294 0.0279185 0.0756227 0.124387 0.137809 0.136984 0.148067 0.137712 0.0955935 0.0553021 0.0295797 0.0138675 0.005687 0.00227571 0.000998639 0.00052849 0.000340616 0.000230255 0.000130474
 1.02473e-11 1.11274e-09 7.12384e-08 2.6889e-06 5.9838e-05 0.000785125 0.00607493 0.0277464 0.075176 0.123809 0.13789 0.13875 0.151345 0.140449 0.0959766 0.0538597 0.0279298 0.0127248 0.00491113 0.00167757 0.000532128 0.000174242 7.07069e-05 3.64232e-05 1.84771e-05
 1.10714e-11 1.20223e-09 7.69677e-08 2.90515e-06 6.46502e-05 0.00084826 0.00656318 0.0299705 0.0811212 0.13295 0.145079 0.138886 0.144966 0.132668 0.0907113 0.0511785 0.0265463 0.0119371 0.00447888 0.00146178 0.000421324 0.000107939 2.67458e-05 7.81198e-06 2.83787e-06
 1.07176e-11 1.1638e-09 7.45075e-08 2.81229e-06 6.25839e-05 0.000821152 0.00635363 0.0290178 0.0786005 0.129285 0.143228 0.142238 0.15295 0.139669 0.091964 0.047957 0.0229268 0.0098217 0.00357086 0.00112771 0.000311328 7.39118e-05 1.51287e-05 2.81644e-06 5.57651e-07
 1.09385e-11 1.18779e-09 7.60436e-08 2.87027e-06 6.38741e-05 0.000838078 0.00648449 0.0296133 0.0801825 0.13164 0.1447 0.141025 0.149367 0.136453 0.0913469 0.0492262 0.0240859 0.0101379 0.00347518 0.00101937 0.000265114 5.99745e-05 1.15054e-05 1.84345e-06 2.51878e-07
 1.18035e-11 1.28172e-09 8.20571e-08 3.09725e-06 6.89251e-05 0.000904346 0.00699701 0.0319487 0.0864353 0.141336 0.152729 0.142493 0.144649 0.129447 0.0849021 0.0442181 0.0209632 0.00874456 0.00301104 0.000876043 0.000218423 4.61198e-05 8.231e-06 1.22639e-06 1.48703e-07
 1.17406e-11 1.27489e-09 8.16198e-08 3.08074e-06 6.85579e-05 0.000899528 0.00695978 0.0317797 0.0859917 0.140721 0.152571 0.143561 0.146797 0.131209 0.0850042 0.0430474 0.0197127 0.00799189 0.00268204 0.000764224 0.000188518 3.92786e-05 6.76116e-06 9.47041e-07 1.0631e-07
 1.13292e-11 1.23022e-09 7.87598e-08 2.97279e-06 6.61556e-05 0.000868013 0.00671607 0.03067 0.0830319 0.136222 0.149289 0.144342 0.151312 0.136116 0.0876065 0.0435068 0.0193623 0.007599 0.00244011 0.000657974 0.000154401 3.10444e-05 5.21683e-06 7.13495e-07 7.70695e-08
 1.13002e-11 1.22706e-09 7.85577e-08 2.96516e-06 6.59858e-05 0.000865784 0.0066988 0.0305904 0.0828077 0.135783 0.148481 0.142814 0.149222 0.13487 0.0884746 0.045778 0.0213185 0.00855401 0.00274462 0.00072647 0.000164513 3.14953e-05 5.02753e-06 6.59278e-07 6.8994e-08
 1.12759e-11 1.22443e-09 7.83889e-08 2.95879e-06 6.58441e-05 0.000863924 0.00668442 0.030525 0.0826336 0.135522 0.148309 0.142916 0.149554 0.135132 0.0884368 0.0455794 0.0212455 0.00865223 0.00286595 0.0007878 0.000182252 3.46989e-05 5.37823e-06 6.74147e-07 6.71475e-08
 1.11541e-11 1.2112e-09 7.7542e-08 2.92683e-06 6.51327e-05 0.000854592 0.00661225 0.0301963 0.0817558 0.134179 0.147284 0.143002 0.150666 0.136422 0.0892366 0.045886 0.0213139 0.00864725 0.00285722 0.000789629 0.000186393 3.65787e-05 5.8072e-06 7.29794e-07 7.11315e-08
 1.12605e-11 1.22275e-09 7.82818e-08 2.95475e-06 6.57541e-05 0.000862743 0.00667529 0.0304834 0.0825225 0.135352 0.148177 0.142921 0.149689 0.135305 0.0885726 0.045652 0.0212516 0.00862006 0.00283956 0.000780951 0.000183733 3.61881e-05 5.8324e-06 7.50429e-07 7.46563e-08
 1.11515e-11 1.21092e-09 7.75245e-08 2.92617e-06 6.5118e-05 0.000854399 0.00661077 0.0301899 0.0817425 0.134191 0.147449 0.143516 0.151474 0.136985 0.0890715 0.0452043 0.0206749 0.00829557 0.00271563 0.000742703 0.000173706 3.4014e-05 5.4625e-06 7.04828e-07 7.09522e-08
 1.17358e-11 1.27437e-09 8.15862e-08 3.07947e-06 6.85296e-05 0.000899157 0.00695691 0.0317666 0.0859565 0.140665 0.152518 0.143535 0.146816 0.131315 0.0852199 0.043259 0.0197518 0.00786459 0.002534 0.000678911 0.0001561 3.0227e-05 4.81568e-06 6.17552e-07 6.19751e-08
 1.16795e-11 1.26826e-09 8.1195e-08 3.06471e-06 6.82011e-05 0.000894848 0.00692361 0.0316154 0.08556 0.140116 0.152385 0.144509 0.148752 0.13285 0.0851834 0.0420825 0.0186269 0.00729386 0.00233829 0.000624017 0.000142012 2.70369e-05 4.23003e-06 5.34752e-07 5.3142e-08
 1.20657e-11 1.31019e-09 8.38798e-08 3.16605e-06 7.04562e-05 0.000924435 0.00715244 0.0326585 0.0883578 0.144496 0.156208 0.145823 0.147668 0.130469 0.0821889 0.0390585 0.0163828 0.00610036 0.00185215 0.000464921 0.000100826 1.86688e-05 2.86612e-06 3.55635e-07 3.46942e-08
 1.21089e-11 1.31489e-09 8.41802e-08 3.17739e-06 7.07085e-05 0.000927745 0.00717804 0.032775 0.0886668 0.144953 0.156483 0.145551 0.146913 0.129803 0.0820777 0.039352 0.0166557 0.0061902 0.00184422 0.000445645 9.16599e-05 1.59954e-05 2.32635e-06 2.77557e-07 2.63836e-08
 1.23209e-11 1.33791e-09 8.56539e-08 3.23301e-06 7.19463e-05 0.000943985 0.00730364 0.0333474 0.0902008 0.147343 0.158513 0.146082 0.146019 0.128258 0.0804228 0.0378784 0.0156706 0.00573928 0.00169753 0.000406719 8.21322e-05 1.38483e-05 1.91393e-06 2.1509e-07 1.93221e-08
 1.2943e-11 1.40546e-09 8.99786e-08 3.39625e-06 7.55788e-05 0.000991641 0.00767219 0.0350261 0.0946868 0.154229 0.163875 0.146005 0.140904 0.12209 0.076295 0.0358821 0.0148124 0.00540158 0.00158477 0.000375339 7.49489e-05 1.25045e-05 1.69984e-06 1.85374e-07 1.59146e-08
 1.30216e-11 1.41399e-09 9.05252e-08 3.41688e-06 7.6038e-05 0.000997666 0.00771884 0.0352399 0.0952756 0.155276 0.16539 0.1483 0.143769 0.123643 0.0748062 0.0324002 0.0118269 0.00390898 0.00107445 0.000239624 4.52748e-05 7.25362e-06 9.58798e-07 1.02333e-07 8.596e-09
 1.26113e-11 1.36944e-09 8.76725e-08 3.3092e-06 7.36418e-05 0.00096623 0.0074757 0.0341318 0.0923056 0.150645 0.161435 0.147201 0.145407 0.126615 0.0781446 0.0354455 0.0138158 0.00473225 0.00127921 0.000268713 4.69268e-05 6.99358e-06 8.70447e-07 8.85744e-08 7.18466e-09
 1.25388e-11 1.36157e-09 8.71687e-08 3.29018e-06 7.32186e-05 0.000960679 0.00743281 0.0339373 0.0917983 0.149967 0.161398 0.148827 0.148458 0.128936 0.0778793 0.0333534 0.0119055 0.0038184 0.00100359 0.000207622 3.52791e-05 4.97797e-06 5.71799e-07 5.32939e-08 4.00447e-09
 1.31043e-11 1.42297e-09 9.10999e-08 3.43857e-06 7.65207e-05 0.001004 0.00776777 0.0354619 0.0958572 0.156074 0.165545 0.146757 0.140772 0.121349 0.075053 0.0344171 0.013613 0.00468863 0.00125482 0.000256113 4.25429e-05 5.89646e-06 6.64477e-07 5.96769e-08 4.21194e-09
 1.35155e-11 1.46763e-09 9.39588e-08 3.54648e-06 7.8922e-05 0.0010355 0.00801142 0.036572 0.0988276 0.160666 0.169279 0.147225 0.138164 0.117724 0.0719626 0.0322455 0.0124156 0.00427509 0.00119444 0.000264453 4.77211e-05 6.90482e-06 7.80629e-07 6.90472e-08 4.76739e-09
 1.34868e-11 1.4645e-09 9.37588e-08 3.53893e-06 7.8754e-05 0.0010333 0.00799444 0.036496 0.0986421 0.160525 0.169871 0.149537 0.141918 0.120341 0.0711725 0.0290887 0.00956816 0.00284476 0.000714411 0.000143546 2.41192e-05 3.45888e-06 4.07592e-07 3.78179e-08 2.67377e-09
 1.34113e-11 1.4563e-09 9.32339e-08 3.51912e-06 7.83132e-05 0.00102752 0.00794969 0.0362917 0.0980901 0.159628 0.168932 0.148757 0.141347 0.120341 0.0721056 0.0305265 0.0106485 0.00328936 0.000809514 0.000149454 2.19892e-05 2.75471e-06 2.93381e-07 2.59043e-08 1.83689e-09
#obs catch len freq
 1.02191e-11 1.10967e-09 7.10422e-08 2.68149e-06 5.96733e-05 0.000782962 0.0060581 0.0276669 0.0749167 0.122977 0.1349 0.130636 0.139062 0.133542 0.101294 0.0651458 0.0367138 0.0172071 0.00652186 0.00196893 0.000456071 7.76672e-05 9.40056e-06 7.87142e-07 4.45232e-08
 1.15439e-11 1.25354e-09 8.02524e-08 3.02913e-06 6.74094e-05 0.000884461 0.00684322 0.0312466 0.0845224 0.137989 0.147636 0.1333 0.13152 0.12233 0.0921613 0.0587238 0.0320052 0.0141077 0.00493577 0.00137334 0.000296746 4.77487e-05 5.48514e-06 4.33711e-07 2.29291e-08
 1.16427e-11 1.26426e-09 8.0939e-08 3.05505e-06 6.79863e-05 0.000892037 0.00690206 0.0315196 0.0853101 0.139588 0.150432 0.137497 0.135516 0.123176 0.0890641 0.0539977 0.0283379 0.012199 0.00414614 0.00109516 0.000219574 3.24638e-05 3.4348e-06 2.51864e-07 1.24089e-08
 1.21096e-11 1.31496e-09 8.4185e-08 3.17757e-06 7.07129e-05 0.000927815 0.00717897 0.0327852 0.0887389 0.145149 0.155868 0.140274 0.134737 0.119966 0.0851742 0.0501073 0.0249498 0.00999532 0.00313826 0.000769487 0.000143905 1.97563e-05 1.92234e-06 1.28765e-07 5.78981e-09
 1.19982e-11 1.30286e-09 8.34101e-08 3.14833e-06 7.00623e-05 0.000919287 0.00711327 0.0324905 0.0879987 0.144289 0.156105 0.142269 0.137059 0.120952 0.0848596 0.049147 0.0239164 0.00927402 0.0027745 0.000635486 0.000109424 1.3762e-05 1.22685e-06 7.52806e-08 3.09426e-09
 1.3594e-11 1.47615e-09 9.45043e-08 3.56708e-06 7.9381e-05 0.00104155 0.00805893 0.0368009 0.0995484 0.162217 0.170831 0.144162 0.126451 0.106297 0.0731442 0.0416519 0.01972 0.00735776 0.00209836 0.000453821 7.29852e-05 8.47277e-06 6.90355e-07 3.85066e-08 1.43677e-09
 1.1267e-11 1.22346e-09 7.83271e-08 2.95647e-06 6.57933e-05 0.000863307 0.00668116 0.0305369 0.0829308 0.137413 0.153843 0.149534 0.149039 0.128411 0.0849711 0.045446 0.0203871 0.00734349 0.00203464 0.000424177 6.48688e-05 7.06808e-06 5.34628e-07 2.74326e-08 9.34955e-10
 1.39423e-11 1.51397e-09 9.69256e-08 3.65847e-06 8.14151e-05 0.00106825 0.00826582 0.0377498 0.102141 0.166461 0.174692 0.144551 0.122511 0.101837 0.0715189 0.0413691 0.019042 0.00661301 0.00171034 0.000331494 4.74887e-05 4.86788e-06 3.45426e-07 1.65162e-08 5.20731e-10
 1.28237e-11 1.39251e-09 8.91496e-08 3.36497e-06 7.48843e-05 0.000982599 0.00760439 0.0347542 0.0943178 0.155563 0.170222 0.154606 0.140827 0.113206 0.0705955 0.0354874 0.0150088 0.00512295 0.00133184 0.00025406 3.46088e-05 3.29632e-06 2.15688e-07 9.51651e-09 2.77408e-10
 1.32544e-11 1.43927e-09 9.21433e-08 3.47797e-06 7.7399e-05 0.0010156 0.00785968 0.0359178 0.0974222 0.160202 0.173 0.151711 0.133606 0.108384 0.0711482 0.0375696 0.0157045 0.00496922 0.00117279 0.00020702 2.68331e-05 2.45799e-06 1.53419e-07 6.35699e-09 1.71767e-10
 1.24182e-11 1.34847e-09 8.63303e-08 3.25857e-06 7.25171e-05 0.000951578 0.00736545 0.0336809 0.0915816 0.151976 0.16888 0.156569 0.143279 0.115046 0.0726682 0.0368332 0.0150533 0.00473017 0.00109904 0.000185118 2.22074e-05 1.86163e-06 1.06959e-07 4.12338e-09 1.04307e-10
 1.29061e-11 1.40145e-09 8.97221e-08 3.38659e-06 7.53665e-05 0.000988971 0.00765491 0.0350029 0.0951352 0.157464 0.172947 0.155436 0.137618 0.109943 0.0708187 0.0365043 0.0147562 0.00447479 0.000995417 0.000160857 1.85063e-05 1.47365e-06 7.91893e-08 2.81655e-09 6.52896e-11
 1.21686e-11 1.32137e-09 8.45953e-08 3.19309e-06 7.10612e-05 0.000932525 0.00721938 0.0330346 0.0900134 0.150286 0.169244 0.158962 0.1448 0.11519 0.0728441 0.0369134 0.0148157 0.00449646 0.000997094 0.000158116 1.75395e-05 1.33082e-06 6.77e-08 2.26765e-09 4.91897e-11
 1.26991e-11 1.37897e-09 8.82834e-08 3.33231e-06 7.41595e-05 0.000973187 0.00753418 0.0344725 0.0938775 0.156238 0.173614 0.157768 0.138953 0.109861 0.0705659 0.0362215 0.0144503 0.00429954 0.000931868 0.000144585 1.56674e-05 1.15364e-06 5.63898e-08 1.79649e-09 3.676e-11
 1.20747e-11 1.31117e-09 8.39426e-08 3.16848e-06 7.0515e-05 0.000925428 0.00716627 0.0328186 0.0896497 0.150698 0.171998 0.16312 0.146697 0.113833 0.0702205 0.0345597 0.0133735 0.00389896 0.000828129 0.000125023 1.30833e-05 9.26048e-07 4.33928e-08 1.32146e-09 2.57445e-11
 1.25775e-11 1.36577e-09 8.74385e-08 3.30044e-06 7.3452e-05 0.000963979 0.00746479 0.0341822 0.0933064 0.156254 0.175769 0.161313 0.140833 0.109266 0.0687459 0.0342128 0.0130547 0.00368376 0.000752765 0.000109398 1.10256e-05 7.49874e-07 3.3617e-08 9.7495e-10 1.802e-11
 1.2301e-11 1.33574e-09 8.55161e-08 3.2279e-06 7.18395e-05 0.0009429 0.00730369 0.0334767 0.0916622 0.154911 0.178108 0.168193 0.146964 0.109479 0.0644858 0.0299799 0.0108334 0.00292583 0.000571865 7.89479e-05 7.5147e-06 4.81667e-07 2.03551e-08 5.56809e-10 9.70535e-12
 1.15943e-11 1.25901e-09 8.06035e-08 3.0425e-06 6.77153e-05 0.000888854 0.0068872 0.0315986 0.0867792 0.147914 0.173497 0.168871 0.151494 0.11541 0.06937 0.0323167 0.0113637 0.00292258 0.000539378 7.02602e-05 6.31233e-06 3.81229e-07 1.5131e-08 3.87535e-10 6.31188e-12
 1.31313e-11 1.42591e-09 9.1289e-08 3.44583e-06 7.66909e-05 0.00100661 0.00779771 0.0357405 0.0977747 0.16433 0.184766 0.165693 0.137642 0.101753 0.0612925 0.0288257 0.0101722 0.00259523 0.000467381 5.83252e-05 4.94676e-06 2.79683e-07 1.03558e-08 2.47131e-10 3.7475e-12
 1.20473e-11 1.3082e-09 8.37533e-08 3.16144e-06 7.03662e-05 0.000923786 0.0071608 0.0328897 0.0905588 0.155079 0.182321 0.174429 0.149399 0.107241 0.0608196 0.0270634 0.00924527 0.00232535 0.000414653 5.08793e-05 4.1899e-06 2.26873e-07 7.94717e-09 1.77734e-10 2.50985e-12
 1.2673e-11 1.37614e-09 8.81032e-08 3.32565e-06 7.40213e-05 0.000971774 0.00753244 0.0345857 0.0950796 0.1618 0.186578 0.17224 0.143445 0.102787 0.0586119 0.0256274 0.00833308 0.00196193 0.000328166 3.81904e-05 3.01105e-06 1.56596e-07 5.25531e-09 1.11945e-10 1.49515e-12
 1.20206e-11 1.3053e-09 8.35688e-08 3.15457e-06 7.02188e-05 0.000922063 0.00715196 0.0329041 0.0909707 0.157126 0.18693 0.179197 0.150515 0.104561 0.0567178 0.0236146 0.00736198 0.00165974 0.00026295 2.86287e-05 2.09845e-06 1.01536e-07 3.18458e-09 6.36978e-11 8.01223e-13
 1.19901e-11 1.30199e-09 8.33573e-08 3.14663e-06 7.00448e-05 0.000919872 0.00713675 0.0328527 0.0909273 0.157273 0.187089 0.178739 0.150028 0.105075 0.0573906 0.0236157 0.00710557 0.00152208 0.000227617 2.33205e-05 1.6025e-06 7.23206e-08 2.10543e-09 3.89732e-11 4.53385e-13
 1.1609e-11 1.26062e-09 8.07092e-08 3.04676e-06 6.78278e-05 0.000890975 0.00691721 0.0318992 0.0886951 0.155047 0.187946 0.1828 0.153373 0.105465 0.0561697 0.0225315 0.00660587 0.00137117 0.00019652 1.906e-05 1.22787e-06 5.16423e-08 1.39641e-09 2.39547e-11 2.57748e-13
 1.16982e-11 1.27031e-09 8.13305e-08 3.07029e-06 6.83557e-05 0.000898044 0.00697451 0.0321878 0.0896223 0.156933 0.19012 0.183644 0.15242 0.103773 0.0545414 0.021371 0.00605548 0.00120668 0.000165386 1.528e-05 9.328e-07 3.69424e-08 9.34675e-10 1.49219e-11 1.48826e-13
 1.26705e-11 1.37589e-09 8.80906e-08 3.32551e-06 7.40382e-05 0.000972682 0.00755302 0.0348321 0.0967038 0.167679 0.197854 0.182277 0.143923 0.0946331 0.0485737 0.0186295 0.00515216 0.000996187 0.000131447 1.15985e-05 6.71753e-07 2.51138e-08 5.97443e-10 8.93677e-12 8.3231e-14
 1.15176e-11 1.25072e-09 8.00789e-08 3.02333e-06 6.73272e-05 0.000885097 0.00688493 0.0318967 0.0895849 0.159532 0.197643 0.192108 0.154081 0.0978708 0.0471925 0.0169252 0.00440706 0.000808139 0.000101458 8.51324e-06 4.6756e-07 1.65133e-08 3.69676e-10 5.18551e-12 4.51561e-14
 1.14775e-11 1.24637e-09 7.98018e-08 3.01299e-06 6.71025e-05 0.000882307 0.00686577 0.0318284 0.0894646 0.159338 0.19701 0.191115 0.154201 0.0992675 0.0480871 0.0168821 0.00418176 0.000716115 8.3422e-05 6.50258e-06 3.32949e-07 1.09943e-08 2.30393e-10 3.0245e-12 2.46208e-14
#spawning biomass
 17357.4 17964.6 22224.1 26451.7 33068.7 36970.3 42662.7 48241.6 60539.5 67082.3 78242.2 89779.3 100678 111022 117756 125256 138360 131653 142054 146549 162325 150330 163614 128694 136692 152826 124960 118947 123249 221866 248906 238217 212130 182987 156698 135401 119238 107490 99206.7 93491.8 89612 87008.1 85264.4 84094.8 83341.5 82856.3 82543.8 82342.5 82212.9 82129.4 82075.6 82040.9 82018.6 82004.2 81995 81989 81985.2 81982.7 81981.1 81980.1 81979.4 81979 81978.7 81978.6 81978.4 81978.4 81978.3 81978.3 81978.3 81978.3 81978.3 81978.2 81978.2 81978.2 81978.2 81978.2 81978.2 81978.2 81978.2 81978.2 81978.2 81978.2 81978.2 81978.2 81978.2 81978.2 81978.2 81978.2 81978.2 81978.2 81978.2 81978.2 81978.2 81978.2 81978.2 81978.2 81978.2 81978.2 81978.2 81978.2 81978.2 81978.2 81978.2 81978.2 81978.2 81978.2 81978.2 81978.2 81978.2 81978.2 81978.2 81978.2 81978.2 81978.2 81978.2 81978.2 81978.2 81978.2 81978.2 81978.2 81978.2 81978.2 81978.2 81978.2 81978.2 81978.2 81978.2 81978.2 0 0 0 0 0 0 0 0 0 0 0 0 0 0 0 0 0 0 0 0 0 0 0 0 0
