SBPRF35
0.819782
Curr Bio
169598
B35
734314
F35
0.205654
FOFL
0.112264
OFL
37924.2
Bzero
234224
#pred survey bio
 5467.99 6713.62 8217.32 11226.4 15396 18185.5 16562.6 22052.5 34664.8 47856 58728.3 78871.6 97227.8 131797 126269 114499 98358.5 105114 100090 95681.4 98524.8 105644 107938 112795 121452 135347 126561 122711 178034 1.49119e+07 1.2515e+07 1.29286e+07 1.19742e+07 1.03819e+07 8.66551e+06 7.10204e+06 5.80094e+06 4.77623e+06 3.99734e+06 3.41891e+06 2.9957e+06 2.68872e+06 2.46635e+06 2.30365e+06 2.18457e+06 2.09974e+06 2.03872e+06 1.99435e+06 1.96174e+06 1.93752e+06 1.91934e+06 1.90554e+06 1.89498e+06 1.88681e+06 1.88044e+06 1.87545e+06 1.8715e+06 1.86836e+06 1.86586e+06 1.86385e+06 1.86223e+06 1.86092e+06 1.85987e+06 1.85901e+06 1.85831e+06 1.85775e+06 1.85729e+06 1.85691e+06 1.85661e+06 1.85636e+06 1.85615e+06 1.85598e+06 1.85585e+06 1.85574e+06 1.85564e+06 1.85557e+06 1.85551e+06 1.85546e+06 1.85542e+06 1.85538e+06 1.85536e+06 1.85533e+06 1.85532e+06 1.8553e+06 1.85529e+06 1.85528e+06 1.85527e+06 1.85526e+06 1.85526e+06 1.85525e+06 1.85525e+06 1.85525e+06 1.85524e+06 1.85524e+06 1.85524e+06 1.85524e+06 1.85524e+06 1.85524e+06 1.85524e+06 1.85524e+06 1.85523e+06 1.85523e+06 1.85523e+06 1.85523e+06 1.85523e+06 1.85523e+06 1.85523e+06 1.85523e+06 1.85523e+06 1.85523e+06 1.85523e+06 1.85523e+06 1.85523e+06 1.85523e+06 1.85523e+06 1.85523e+06 1.85523e+06 1.85523e+06 1.85523e+06 1.85523e+06 1.85523e+06 1.85523e+06 1.85523e+06 1.85523e+06 1.85523e+06 1.85523e+06 1.85523e+06 1.85523e+06 1.85523e+06 0 0 0 0 0 0 0 0 0 0 0 0 0 0 0 0 0 0 0 0 0 0 0 0 0
#obs survey bio
 4775.78 8563.49 11818.1 14388.9 10479 17000.8 17301.9 26845.5 44132.3 45262.3 57895 155901 98938.3 163273 128726 102748 92251.7 143042 94452.7 80535.3 125798 86944.4 105839 115215 133821 181227 134690 238464 151008
#pred catch bio
 3347.35 4820.21 5879.12 8030.03 11040.1 14605.1 12529.7 15862.7 25123.5 36311.8 43835.1 62681.5 71371.3 106564 101246 97009 79392.6 88354.3 85222.4 81626 83487.1 92239.6 95131 99365.8 104472 121807 113736 96066.6 20810.9 37924.2 100062 102618 94069.5 80481.6 66096.6 53173.7 42572.3 34360.3 28241.4 23805.9 20654.3 18447.6 16916.4 15855.4 15126.9 14641.4 14317.7 14102 13958.2 13862.4 13798.5 13755.9 13727.5 13708.6 13696 13687.6 13682 13678.2 13675.8 13674.1 13673 13672.3 13671.8 13671.4 13671.2 13671.1 13671 13670.9 13670.9 13670.8 13670.8 13670.8 13670.8 13670.8 13670.8 13670.8 13670.8 13670.8 13670.8 13670.8 13670.8 13670.8 13670.8 13670.8 13670.8 13670.8 13670.8 13670.8 13670.8 13670.8 13670.8 13670.8 13670.8 13670.8 13670.8 13670.8 13670.8 13670.8 13670.8 13670.8 13670.8 13670.8 13670.8 13670.8 13670.8 13670.8 13670.8 13670.8 13670.8 13670.8 13670.8 13670.8 13670.8 13670.8 13670.8 13670.8 13670.8 13670.8 13670.8 13670.8 13670.8 13670.8 13670.8 13670.8 13670.8 13670.8 13670.8 13670.8 13670.8 0 0 0 0 0 0 0 0 0 0 0 0 0 0 0 0 0 0 0 0 0 0 0 0 0
#obs catch bio
 4743.51 4794.87 5668.45 7721.53 10901 14667.3 12451.4 15287.5 24003.2 34418.5 42459.4 59364.7 69380.7 102981 99281.9 96390.5 77557.1 86048.7 81925 81323.8 80525.5 90762.2 93604.8 97039.1 101858 117829 111980 92447.1 20392.5
#pred cpue bio
 4839.86 5736.6 6865.49 9317.47 12830.9 15679.3 13958 17884.2 28333 40027.2 48742.6 64913.1 79733.1 109912 107930 97552.9 82016 87520 83673 78941.2 80706.8 86614.1 87678.9 91273.3 97967.3 110284 103134 99301.2 143466 1.3702e+07 1.24795e+07 1.28931e+07 1.19387e+07 1.03464e+07 8.63002e+06 7.06655e+06 5.76545e+06 4.74073e+06 3.96184e+06 3.38341e+06 2.9602e+06 2.65322e+06 2.43085e+06 2.26815e+06 2.14907e+06 2.06425e+06 2.00322e+06 1.95885e+06 1.92625e+06 1.90203e+06 1.88384e+06 1.87005e+06 1.85948e+06 1.85131e+06 1.84495e+06 1.83995e+06 1.836e+06 1.83286e+06 1.83036e+06 1.82835e+06 1.82673e+06 1.82543e+06 1.82437e+06 1.82351e+06 1.82282e+06 1.82225e+06 1.82179e+06 1.82141e+06 1.82111e+06 1.82086e+06 1.82065e+06 1.82049e+06 1.82035e+06 1.82024e+06 1.82015e+06 1.82007e+06 1.82001e+06 1.81996e+06 1.81992e+06 1.81989e+06 1.81986e+06 1.81984e+06 1.81982e+06 1.8198e+06 1.81979e+06 1.81978e+06 1.81977e+06 1.81977e+06 1.81976e+06 1.81976e+06 1.81975e+06 1.81975e+06 1.81975e+06 1.81974e+06 1.81974e+06 1.81974e+06 1.81974e+06 1.81974e+06 1.81974e+06 1.81974e+06 1.81974e+06 1.81974e+06 1.81974e+06 1.81974e+06 1.81974e+06 1.81974e+06 1.81974e+06 1.81974e+06 1.81974e+06 1.81974e+06 1.81974e+06 1.81974e+06 1.81974e+06 1.81974e+06 1.81974e+06 1.81974e+06 1.81974e+06 1.81974e+06 1.81974e+06 1.81974e+06 1.81974e+06 1.81974e+06 1.81974e+06 1.81974e+06 1.81973e+06 1.81973e+06 1.81973e+06 1.81973e+06 1.81973e+06 0 0 0 0 0 0 0 0 0 0 0 0 0 0 0 0 0 0 0 0 0 0 0 0 0
#obs cpue bio
 6712.89 6040.05 9821.41 13402.4 17120 15498.3 17025.5 29677.8 49407.3 93200.3 75573.1 86179.1 99457.4 156426 127612 126079 125850 102657 168495 85787.3 129754 122404 116834 134090 129865 146142 117114 132744 164994
#pred surv len freq
 2.56691e-27 2.59841e-27 4.19656e-26 8.31303e-20 2.03784e-14 6.03848e-10 2.16288e-06 0.000936446 0.0490102 0.310052 0.237348 0.0376322 0.119689 0.110538 0.0274327 0.0350967 0.0161609 0.0139298 0.00932887 0.00762082 0.00634272 0.00575164 0.00600356 0.00544788 0.00167611
 2.56793e-27 2.60089e-27 4.37682e-26 8.69316e-20 2.13102e-14 6.3146e-10 2.26178e-06 0.000979266 0.0512513 0.32423 0.248221 0.0405734 0.134435 0.123839 0.0244885 0.0248153 0.00967401 0.00614136 0.00333917 0.00227757 0.00163918 0.00131631 0.0012447 0.00114552 0.000387948
 2.56876e-27 2.60306e-27 4.55698e-26 9.07317e-20 2.22418e-14 6.59064e-10 2.36066e-06 0.00102207 0.0534917 0.338403 0.259052 0.04109 0.130757 0.120348 0.0221955 0.0203812 0.00704777 0.00318101 0.00131917 0.000659451 0.00036704 0.000244132 0.000199466 0.000176456 6.23081e-05
 2.56901e-27 2.60371e-27 4.61089e-26 9.18689e-20 2.25205e-14 6.67324e-10 2.39024e-06 0.00103488 0.0541621 0.342644 0.262292 0.0412138 0.129423 0.119082 0.0213433 0.0187378 0.00625978 0.00246487 0.000828419 0.000285841 0.000106475 5.07906e-05 3.27695e-05 2.60794e-05 9.22554e-06
 2.56877e-27 2.60304e-27 4.55111e-26 9.06077e-20 2.22114e-14 6.58163e-10 2.35743e-06 0.00102068 0.0534185 0.33794 0.258704 0.0414707 0.133899 0.1232 0.0218753 0.0189091 0.00623089 0.00231426 0.000727448 0.000208002 5.19427e-05 1.49831e-05 6.334e-06 4.07024e-06 1.38367e-06
 2.5668e-27 2.59771e-27 4.08013e-26 8.0672e-20 1.97758e-14 5.85991e-10 2.09892e-06 0.000908753 0.0475609 0.300883 0.230429 0.042754 0.163531 0.150571 0.0271972 0.0241631 0.00793073 0.00288712 0.000883896 0.000235717 4.96555e-05 9.26306e-06 2.04047e-06 8.47578e-07 2.59281e-07
 2.56819e-27 2.60151e-27 4.41881e-26 8.78167e-20 2.15272e-14 6.3789e-10 2.28481e-06 0.000989237 0.0517731 0.327531 0.250757 0.0415565 0.140136 0.129024 0.0241473 0.0226333 0.00749421 0.0028206 0.000859383 0.000223563 4.42809e-05 6.89328e-06 8.65517e-07 1.6427e-07 3.87089e-08
 2.57014e-27 2.60677e-27 4.88103e-26 9.75677e-20 2.39175e-14 7.0872e-10 2.53851e-06 0.00109908 0.0575219 0.363899 0.27851 0.0404363 0.112112 0.103106 0.0184896 0.0162486 0.00546613 0.00220089 0.000684229 0.000182318 3.54884e-05 5.19357e-06 5.11483e-07 4.27227e-08 5.38686e-09
 2.56971e-27 2.60554e-27 4.76787e-26 9.51802e-20 2.33323e-14 6.91377e-10 2.4764e-06 0.00107219 0.0561143 0.354994 0.271722 0.0411996 0.12269 0.112774 0.018532 0.0138993 0.00457027 0.00170046 0.000540509 0.000152677 3.05778e-05 4.45605e-06 4.0631e-07 2.24132e-08 1.10749e-09
 2.56853e-27 2.60236e-27 4.48724e-26 8.92601e-20 2.1881e-14 6.48374e-10 2.32237e-06 0.0010055 0.052624 0.332914 0.254874 0.0419415 0.140173 0.128938 0.0219464 0.0176096 0.00557034 0.00171423 0.000515655 0.000138178 2.90032e-05 4.41149e-06 4.02107e-07 1.95749e-08 5.07051e-10
 2.56897e-27 2.60359e-27 4.5985e-26 9.16073e-20 2.24564e-14 6.65424e-10 2.38344e-06 0.00103194 0.0540079 0.341669 0.26155 0.0413676 0.131115 0.120632 0.0214321 0.0185348 0.00596367 0.0019794 0.000558832 0.000126686 2.47434e-05 3.80675e-06 3.6406e-07 1.759e-08 3.66698e-10
 2.5694e-27 2.60473e-27 4.69832e-26 9.37131e-20 2.29726e-14 6.8072e-10 2.43823e-06 0.00105566 0.0552494 0.349523 0.267544 0.0411612 0.125334 0.115271 0.0200135 0.0166534 0.00546167 0.00198573 0.000581955 0.000137096 2.3408e-05 3.18983e-06 3.01892e-07 1.51792e-08 3.07716e-10
 2.56953e-27 2.60505e-27 4.72314e-26 9.42365e-20 2.3101e-14 6.84523e-10 2.45184e-06 0.00106156 0.055558 0.351475 0.269039 0.0414228 0.126274 0.116065 0.0188116 0.0137037 0.00443647 0.00154186 0.000466045 0.00011929 2.1355e-05 2.70081e-06 2.22076e-07 1.08842e-08 2.26523e-10
 2.56869e-27 2.6028e-27 4.52587e-26 9.0075e-20 2.20808e-14 6.54294e-10 2.34357e-06 0.00101468 0.0531045 0.335954 0.257193 0.0418006 0.137471 0.126453 0.0216533 0.0175644 0.00552309 0.00164205 0.000478716 0.000119549 2.28592e-05 3.08061e-06 2.41174e-07 1.03761e-08 2.08529e-10
 2.56728e-27 2.59894e-27 4.18329e-26 8.2848e-20 2.03092e-14 6.01797e-10 2.15554e-06 0.000933265 0.0488437 0.308999 0.236629 0.0429721 0.160834 0.147971 0.0247131 0.0191365 0.0061628 0.00207104 0.000578778 0.000126312 2.31562e-05 3.22962e-06 2.70226e-07 1.11681e-08 2.00585e-10
 2.56753e-27 2.59969e-27 4.25648e-26 8.43922e-20 2.06877e-14 6.13015e-10 2.19572e-06 0.000950661 0.0497542 0.314759 0.241014 0.0421741 0.151681 0.13966 0.0257111 0.023506 0.00750508 0.0023926 0.000694793 0.000164687 2.73555e-05 3.49684e-06 2.97405e-07 1.29835e-08 2.24943e-10
 2.56871e-27 2.60284e-27 4.53035e-26 9.01696e-20 2.2104e-14 6.54981e-10 2.34603e-06 0.00101574 0.0531603 0.336306 0.257462 0.0417951 0.13724 0.126224 0.0213124 0.0168647 0.00561933 0.00218667 0.000635327 0.000146344 2.60192e-05 3.23439e-06 2.48738e-07 1.08781e-08 1.96098e-10
 2.56877e-27 2.603e-27 4.54258e-26 9.04274e-20 2.21672e-14 6.56854e-10 2.35274e-06 0.00101865 0.0533123 0.337268 0.258197 0.0418522 0.137158 0.126136 0.0210773 0.0163355 0.00522759 0.00171381 0.000529957 0.000142491 2.5102e-05 3.21092e-06 2.46589e-07 9.89836e-09 1.76881e-10
 2.56853e-27 2.60232e-27 4.47988e-26 8.91048e-20 2.1843e-14 6.47246e-10 2.31833e-06 0.00100375 0.0525325 0.332335 0.254437 0.0422511 0.142836 0.131328 0.021147 0.0151842 0.00482953 0.00154044 0.000442793 0.000106487 2.12246e-05 2.89322e-06 2.25646e-07 9.03105e-09 1.50986e-10
 2.56922e-27 2.60419e-27 4.64591e-26 9.26073e-20 2.27016e-14 6.72688e-10 2.40946e-06 0.0010432 0.0545974 0.345398 0.264403 0.0417114 0.131727 0.121091 0.019595 0.014216 0.00444848 0.00129932 0.000366135 8.40716e-05 1.49881e-05 2.11362e-06 1.81031e-07 7.41378e-09 1.22886e-10
 2.56955e-27 2.60508e-27 4.72327e-26 9.42392e-20 2.31016e-14 6.84542e-10 2.45191e-06 0.00106159 0.0555595 0.351485 0.269049 0.0416338 0.127872 0.117498 0.0183127 0.0121947 0.00381784 0.00112685 0.000308477 6.56203e-05 1.12119e-05 1.44224e-06 1.2255e-07 5.46118e-09 9.33785e-11
 2.5695e-27 2.60494e-27 4.70975e-26 9.39539e-20 2.30317e-14 6.82469e-10 2.44449e-06 0.00105837 0.0553913 0.350421 0.268238 0.0417253 0.129138 0.118657 0.0183547 0.0119946 0.00369257 0.000990546 0.000268778 5.71086e-05 9.18439e-06 1.10466e-06 8.63908e-08 3.78556e-09 6.92116e-11
 2.56994e-27 2.60611e-27 4.81243e-26 9.61201e-20 2.35627e-14 6.98204e-10 2.50085e-06 0.00108277 0.0566684 0.3585 0.274404 0.0414832 0.122964 0.112945 0.0170803 0.0105244 0.00322537 0.000846505 0.000222134 4.35945e-05 6.93745e-06 8.00939e-07 5.78524e-08 2.33982e-09 4.20759e-11
 2.5701e-27 2.60654e-27 4.84951e-26 9.69022e-20 2.37544e-14 7.03885e-10 2.5212e-06 0.00109158 0.0571295 0.361417 0.276631 0.0414708 0.121305 0.111392 0.0164106 0.00938572 0.00284377 0.000700255 0.000180888 3.45131e-05 5.14778e-06 5.66892e-07 3.94111e-08 1.47096e-09 2.45048e-11
 2.57024e-27 2.60692e-27 4.88323e-26 9.76136e-20 2.39288e-14 7.09053e-10 2.53971e-06 0.0010996 0.0575489 0.36407 0.278655 0.0413802 0.119193 0.109442 0.0160477 0.00904681 0.00271004 0.000616446 0.000154383 2.78329e-05 4.03684e-06 4.20699e-07 2.74638e-08 9.77474e-10 1.50687e-11
 2.56977e-27 2.60565e-27 4.77106e-26 9.52473e-20 2.33487e-14 6.91864e-10 2.47814e-06 0.00107294 0.0561539 0.355245 0.271922 0.0417135 0.12646 0.116149 0.0172584 0.0101192 0.00302814 0.000678037 0.000165813 2.77617e-05 3.81862e-06 3.79288e-07 2.34624e-08 7.81401e-10 1.13841e-11
 2.56976e-27 2.60561e-27 4.76641e-26 9.51491e-20 2.33246e-14 6.91151e-10 2.47559e-06 0.00107183 0.0560959 0.354878 0.271643 0.0418028 0.127335 0.116939 0.0170599 0.00946875 0.00284554 0.000663704 0.000162775 2.67191e-05 3.48617e-06 3.22188e-07 1.87876e-08 5.90237e-10 8.04524e-12
 2.57009e-27 2.60651e-27 4.84662e-26 9.68413e-20 2.37395e-14 7.03443e-10 2.51961e-06 0.0010909 0.0570936 0.36119 0.276458 0.0415166 0.121775 0.111819 0.0163657 0.00917305 0.00273625 0.000603046 0.000148058 2.51446e-05 3.26255e-06 2.88858e-07 1.56034e-08 4.57903e-10 5.86294e-12
 2.57033e-27 2.60721e-27 4.91297e-26 9.82412e-20 2.40826e-14 7.13612e-10 2.55604e-06 0.00110667 0.0579189 0.366411 0.280435 0.0409247 0.114476 0.105177 0.0168817 0.0120226 0.00360973 0.00080324 0.000194668 3.15733e-05 4.15405e-06 3.73038e-07 1.94386e-08 5.29592e-10 6.29988e-12
#obs surv len freq
 1.64694e-41 2.28585e-33 3.83499e-26 7.77727e-20 1.90651e-14 5.64933e-10 2.0235e-06 0.000876105 0.0458518 0.290072 0.222238 0.0442973 0.164018 0.139364 0.0427775 0.0345484 0.0112163 0.00381028 0.000816654 0.000105698 6.01165e-06 1.08222e-07 4.56262e-10 3.61575e-13 4.66626e-17
 1.90801e-41 2.64819e-33 4.44288e-26 9.01008e-20 2.20871e-14 6.54483e-10 2.34425e-06 0.00101498 0.05312 0.336052 0.25736 0.0440756 0.13217 0.106282 0.0334382 0.025391 0.00798706 0.00254472 0.000502026 5.67959e-05 2.67008e-06 3.75782e-08 1.1875e-10 6.8676e-14 6.36601e-18
 1.92781e-41 2.67567e-33 4.489e-26 9.10359e-20 2.23164e-14 6.61275e-10 2.36858e-06 0.00102551 0.0536713 0.339541 0.260106 0.047086 0.141068 0.106152 0.0269883 0.0172307 0.00525523 0.00156334 0.000282221 2.77705e-05 1.07121e-06 1.1722e-08 2.77024e-11 1.16857e-14 7.78349e-19
 1.96883e-41 2.73261e-33 4.58452e-26 9.29732e-20 2.27913e-14 6.75347e-10 2.41898e-06 0.00104734 0.0548134 0.346766 0.265686 0.0487243 0.138605 0.0982263 0.0260445 0.0153495 0.00366864 0.000905424 0.00014797 1.25646e-05 3.95257e-07 3.34794e-09 5.90308e-12 1.81557e-15 8.69448e-20
 1.76335e-41 2.44742e-33 4.10605e-26 8.327e-20 2.04126e-14 6.04864e-10 2.16652e-06 0.000938031 0.0490928 0.310576 0.238246 0.0549368 0.176214 0.117225 0.0310458 0.0169065 0.00390656 0.000802917 9.92538e-05 6.95203e-06 1.76799e-07 1.15469e-09 1.51657e-12 3.39961e-16 1.17104e-20
 1.45752e-41 2.02293e-33 3.39389e-26 6.88275e-20 1.68722e-14 4.99955e-10 1.79076e-06 0.000775337 0.040578 0.256711 0.197386 0.0624825 0.220499 0.139769 0.0485355 0.0263494 0.00573037 0.00106774 0.000108708 5.53972e-06 1.06419e-07 5.29417e-10 5.16922e-13 8.44585e-17 2.09404e-21
 2.08586e-41 2.89503e-33 4.85702e-26 9.84994e-20 2.4146e-14 7.15489e-10 2.56277e-06 0.00110959 0.0580715 0.367378 0.281574 0.0503246 0.112731 0.0693343 0.0344978 0.0190818 0.00491785 0.00089476 7.9085e-05 3.12863e-06 4.22437e-08 1.49467e-10 1.06232e-13 1.26069e-17 2.25052e-22
 1.98109e-41 2.74963e-33 4.61307e-26 9.35522e-20 2.29332e-14 6.79553e-10 2.43405e-06 0.00105386 0.0551548 0.348928 0.267834 0.0602868 0.152408 0.0821392 0.0194823 0.009058 0.00299781 0.000599703 5.34573e-05 1.76248e-06 1.75993e-08 4.28249e-11 2.08831e-14 1.74027e-18 2.21015e-23
 2.00873e-41 2.78798e-33 4.67742e-26 9.48572e-20 2.32531e-14 6.89033e-10 2.468e-06 0.00106856 0.0559242 0.353796 0.27168 0.0619381 0.146029 0.0751172 0.0234679 0.00903819 0.00159897 0.000308027 3.03492e-05 9.52076e-07 7.70611e-09 1.35964e-11 4.54605e-15 2.56162e-19 2.22395e-24
 1.72702e-41 2.39699e-33 4.02145e-26 8.15543e-20 1.99921e-14 5.92402e-10 2.12189e-06 0.000918703 0.0480813 0.304183 0.234426 0.0761831 0.199125 0.0954047 0.0288698 0.0105631 0.00198136 0.000243696 1.80364e-05 5.54781e-07 4.03915e-09 5.68162e-12 1.38747e-15 5.43581e-20 3.21033e-25
 2.02035e-41 2.80411e-33 4.70448e-26 9.54058e-20 2.33876e-14 6.93018e-10 2.48228e-06 0.00107474 0.0562476 0.355844 0.273616 0.0666744 0.139347 0.066232 0.0289242 0.0100671 0.00175836 0.000201069 1.0558e-05 2.26146e-07 1.4023e-09 1.68073e-12 3.25952e-16 9.52546e-21 4.0181e-26
 1.84314e-41 2.55816e-33 4.29185e-26 8.70379e-20 2.13363e-14 6.32234e-10 2.26456e-06 0.000980476 0.0513142 0.324639 0.250571 0.0818525 0.181076 0.0759883 0.0235642 0.0080947 0.0017261 0.000182708 8.15654e-06 1.24236e-07 5.1967e-10 4.72524e-13 7.33916e-17 1.69042e-21 5.42644e-27
 1.9146e-41 2.65734e-33 4.45824e-26 9.04123e-20 2.21635e-14 6.56745e-10 2.35235e-06 0.00101849 0.0533036 0.337226 0.260343 0.0811615 0.16174 0.0679577 0.0278382 0.00793835 0.00131925 0.000145831 6.1813e-06 7.55278e-08 2.23755e-10 1.35768e-13 1.47089e-17 2.51128e-22 6.14067e-28
 1.61333e-41 2.23919e-33 3.7567e-26 7.61852e-20 1.86759e-14 5.53401e-10 1.98219e-06 0.000858222 0.0449159 0.284173 0.221278 0.104496 0.217558 0.0843843 0.0314623 0.00914364 0.00158608 0.000137056 5.15737e-06 5.6349e-08 1.3161e-10 5.71851e-14 4.19639e-18 4.81657e-23 8.13618e-29
 1.46884e-41 2.03865e-33 3.42025e-26 6.9362e-20 1.70033e-14 5.03838e-10 1.80467e-06 0.000781359 0.0408932 0.258732 0.202756 0.11338 0.224966 0.0952894 0.0482974 0.0126876 0.00203975 0.00016961 5.16803e-06 4.53598e-08 8.77513e-11 2.99289e-14 1.61244e-18 1.29576e-23 1.49169e-29
 1.71794e-41 2.38438e-33 4.0003e-26 8.11252e-20 1.98869e-14 5.89285e-10 2.11072e-06 0.00091387 0.0478283 0.302607 0.236015 0.102841 0.176521 0.0764193 0.0418269 0.0126498 0.00220933 0.000162498 4.32497e-06 3.02404e-08 4.45511e-11 1.17667e-14 4.89449e-19 2.95168e-24 2.4675e-30
 1.68145e-41 2.33375e-33 3.91535e-26 7.94024e-20 1.94646e-14 5.76771e-10 2.0659e-06 0.000894463 0.0468127 0.296196 0.232588 0.118708 0.192136 0.0704693 0.0307651 0.00947699 0.00181005 0.000138622 3.22313e-06 1.83504e-08 2.09667e-11 4.12239e-15 1.26795e-19 5.6992e-25 3.55633e-31
 1.70982e-41 2.37312e-33 3.9814e-26 8.07419e-20 1.97929e-14 5.86501e-10 2.10075e-06 0.000909553 0.0476024 0.301204 0.237332 0.123436 0.183501 0.0684285 0.0292676 0.00703516 0.00118781 9.19763e-05 2.04499e-06 9.875e-09 8.86154e-12 1.32229e-15 3.0098e-20 9.8464e-26 4.45117e-32
 1.65253e-41 2.29361e-33 3.848e-26 7.80367e-20 1.91298e-14 5.6685e-10 2.03036e-06 0.000879078 0.0460075 0.291136 0.23135 0.135977 0.189127 0.0692859 0.028679 0.00659084 0.000906367 5.75073e-05 1.15745e-06 4.94453e-09 3.65736e-12 4.23814e-16 7.24361e-21 1.74791e-26 5.75743e-33
 1.74824e-41 2.42645e-33 4.07087e-26 8.25564e-20 2.02377e-14 5.99681e-10 2.14796e-06 0.000929993 0.0486722 0.308009 0.244863 0.133692 0.168072 0.0634956 0.0259259 0.00561093 0.000691714 3.48903e-05 5.45758e-07 1.91719e-09 1.17462e-12 1.09471e-16 1.45153e-21 2.63899e-27 6.42304e-34
 1.71146e-41 2.37539e-33 3.98522e-26 8.08194e-20 1.98119e-14 5.87063e-10 2.10277e-06 0.000910425 0.0476482 0.301567 0.242265 0.147938 0.172628 0.059781 0.0220694 0.00465009 0.000519958 2.19264e-05 2.61817e-07 6.843e-10 3.20741e-13 2.33484e-17 2.41682e-22 3.38637e-28 6.24764e-35
 1.72398e-41 2.39278e-33 4.01438e-26 8.14108e-20 1.99569e-14 5.91359e-10 2.11815e-06 0.000917087 0.0479969 0.303808 0.245708 0.153085 0.164886 0.0590021 0.020454 0.00375333 0.000373872 1.34706e-05 1.26868e-07 2.46172e-10 8.35483e-14 4.43415e-18 3.40329e-23 3.57916e-29 4.97686e-36
 1.72847e-41 2.399e-33 4.02482e-26 8.16226e-20 2.00088e-14 5.92898e-10 2.12366e-06 0.000919473 0.0481219 0.304648 0.24863 0.16085 0.159661 0.0556402 0.0181393 0.00311743 0.000261979 7.76791e-06 5.85293e-08 8.6527e-11 2.15245e-14 8.19303e-19 4.48209e-24 3.37451e-30 3.38885e-37
 1.73769e-41 2.4118e-33 4.0463e-26 8.20582e-20 2.01156e-14 5.96062e-10 2.135e-06 0.00092438 0.0483789 0.306333 0.252254 0.16644 0.152864 0.053679 0.0163522 0.00257857 0.000189035 4.51894e-06 2.63925e-08 2.97712e-11 5.52893e-15 1.53695e-19 6.04058e-25 3.23471e-31 2.30023e-38
 1.67966e-41 2.33125e-33 3.91116e-26 7.93175e-20 1.94437e-14 5.76154e-10 2.06369e-06 0.000893507 0.0467633 0.296211 0.24854 0.181109 0.155514 0.0534486 0.0151741 0.00220358 0.000139317 2.71614e-06 1.22291e-08 1.03078e-11 1.41563e-15 2.8903e-20 8.27071e-26 3.19498e-32 1.62591e-39
 1.60239e-41 2.22401e-33 3.73125e-26 7.56689e-20 1.85493e-14 5.49651e-10 1.96876e-06 0.000852406 0.0446127 0.282735 0.242988 0.196155 0.159459 0.0562419 0.014894 0.0019519 0.000106011 1.67792e-06 5.85407e-09 3.69593e-12 3.72104e-16 5.51527e-21 1.14185e-26 3.1855e-33 1.16787e-40
 1.59546e-41 2.21439e-33 3.7151e-26 7.53415e-20 1.84691e-14 5.47272e-10 1.96024e-06 0.000848717 0.04442 0.281644 0.24557 0.199805 0.153975 0.0572664 0.0146242 0.00176278 8.12435e-05 1.03654e-06 2.79853e-09 1.32767e-12 9.84741e-17 1.06078e-21 1.58235e-27 3.16574e-34 8.307e-42
 1.63787e-41 2.27325e-33 3.81386e-26 7.73442e-20 1.896e-14 5.6182e-10 2.01235e-06 0.000871278 0.0456014 0.289257 0.25441 0.199537 0.143214 0.05257 0.012996 0.00148144 5.89195e-05 6.03929e-07 1.25515e-09 4.47041e-13 2.44751e-17 1.9234e-22 2.07577e-28 2.9864e-35 5.61035e-43
 1.63797e-41 2.27339e-33 3.81408e-26 7.73488e-20 1.89612e-14 5.61854e-10 2.01247e-06 0.00087133 0.0456041 0.289274 0.254433 0.199921 0.144626 0.0518533 0.0121075 0.00126331 4.42931e-05 3.87598e-07 6.72088e-10 1.96765e-13 8.77242e-18 5.57982e-23 4.85409e-29 5.61328e-36 8.45872e-44
#pred catch len freq
 2.56572e-27 2.59522e-27 3.92024e-26 7.73013e-20 1.89495e-14 5.61507e-10 2.01122e-06 0.000870783 0.0455737 0.288312 0.220752 0.0378878 0.133294 0.123145 0.0305613 0.0390993 0.018004 0.0155184 0.0103928 0.00848994 0.00706608 0.00640759 0.00668824 0.00606919 0.00186727
 2.56729e-27 2.59916e-27 4.22443e-26 8.37167e-20 2.05221e-14 6.08107e-10 2.17814e-06 0.000943051 0.0493559 0.312239 0.239071 0.0409255 0.143543 0.132254 0.0261526 0.0265017 0.0103314 0.00655869 0.00356608 0.00243234 0.00175057 0.00140576 0.00132929 0.00122336 0.000414311
 2.56816e-27 2.60141e-27 4.41158e-26 8.76643e-20 2.14898e-14 6.36782e-10 2.28085e-06 0.00098752 0.0516832 0.326962 0.250322 0.0414917 0.139948 0.128833 0.0237603 0.0218181 0.00754465 0.00340527 0.00141217 0.000705943 0.000392917 0.000261343 0.000213529 0.000188896 6.67008e-05
 2.56842e-27 2.6021e-27 4.46832e-26 8.88612e-20 2.17832e-14 6.45477e-10 2.31199e-06 0.001001 0.0523889 0.331426 0.253733 0.0416271 0.138582 0.127534 0.0228583 0.0200679 0.00670412 0.00263983 0.000887222 0.000306131 0.000114033 5.43959e-05 3.50956e-05 2.79306e-05 9.88039e-06
 2.56817e-27 2.60142e-27 4.40761e-26 8.75804e-20 2.14693e-14 6.36173e-10 2.27866e-06 0.000986575 0.0516338 0.326649 0.25009 0.0418925 0.143161 0.131748 0.0233931 0.020221 0.00666319 0.00247482 0.000777919 0.000222434 5.55466e-05 1.60226e-05 6.77345e-06 4.35264e-06 1.47967e-06
 2.56656e-27 2.59706e-27 4.02272e-26 7.94608e-20 1.94789e-14 5.77193e-10 2.06741e-06 0.000895109 0.0468468 0.296366 0.226982 0.0429205 0.16722 0.153976 0.0278121 0.0247095 0.00811004 0.0029524 0.000903881 0.000241046 5.07782e-05 9.4725e-06 2.0866e-06 8.66742e-07 2.65144e-07
 2.56775e-27 2.6003e-27 4.31243e-26 8.55726e-20 2.09771e-14 6.21588e-10 2.22643e-06 0.000963957 0.05045 0.319161 0.244371 0.0418546 0.146891 0.135261 0.0253146 0.0237274 0.00785649 0.00295695 0.000900926 0.00023437 4.64214e-05 7.2265e-06 9.07357e-07 1.72211e-07 4.05801e-08
 2.56962e-27 2.60536e-27 4.7566e-26 9.49427e-20 2.32741e-14 6.89652e-10 2.47022e-06 0.00106951 0.0559743 0.354109 0.27104 0.0407975 0.120109 0.110486 0.0198131 0.0174116 0.00585739 0.00235842 0.000733204 0.000195367 3.80285e-05 5.56531e-06 5.48094e-07 4.57807e-08 5.77244e-09
 2.56919e-27 2.60414e-27 4.64292e-26 9.25443e-20 2.26861e-14 6.7223e-10 2.40781e-06 0.00104249 0.0545603 0.345163 0.264222 0.0415916 0.130942 0.120384 0.0197826 0.0148373 0.00487868 0.00181522 0.000576984 0.00016298 3.26413e-05 4.75675e-06 4.33729e-07 2.39257e-08 1.18222e-09
 2.56811e-27 2.60122e-27 4.38593e-26 8.71229e-20 2.13571e-14 6.3285e-10 2.26676e-06 0.000981422 0.0513641 0.324943 0.248793 0.0422527 0.146814 0.135064 0.0229891 0.0184462 0.00583499 0.00179567 0.000540155 0.000144743 3.03811e-05 4.62109e-06 4.21211e-07 2.05049e-08 5.31142e-10
 2.56851e-27 2.60233e-27 4.48771e-26 8.92702e-20 2.18835e-14 6.48448e-10 2.32263e-06 0.00100561 0.05263 0.332952 0.254899 0.0416952 0.138281 0.127245 0.022607 0.0195508 0.00629059 0.00208791 0.000589466 0.00013363 2.60998e-05 4.01543e-06 3.84017e-07 1.85542e-08 3.868e-10
 2.56916e-27 2.60409e-27 4.64209e-26 9.25269e-20 2.26818e-14 6.72104e-10 2.40736e-06 0.0010423 0.05455 0.345098 0.264168 0.0413301 0.12899 0.118645 0.0205993 0.0171408 0.00562153 0.00204385 0.000598988 0.000141109 2.40931e-05 3.28319e-06 3.10728e-07 1.56235e-08 3.16722e-10
 2.56904e-27 2.60372e-27 4.60526e-26 9.17498e-20 2.24913e-14 6.66459e-10 2.38714e-06 0.00103354 0.0540919 0.3422 0.261962 0.0417978 0.134099 0.12328 0.0199809 0.0145556 0.00471225 0.0016377 0.000495015 0.000126705 2.26824e-05 2.8687e-06 2.35881e-07 1.15608e-08 2.40604e-10
 2.56851e-27 2.6023e-27 4.48178e-26 8.91449e-20 2.18528e-14 6.47538e-10 2.31937e-06 0.0010042 0.0525562 0.332485 0.254546 0.0419356 0.140358 0.129116 0.0221093 0.0179343 0.0056394 0.00167662 0.000488797 0.000122067 2.33405e-05 3.14548e-06 2.46252e-07 1.05946e-08 2.1292e-10
 2.56704e-27 2.5983e-27 4.12582e-26 8.16356e-20 2.0012e-14 5.92991e-10 2.12399e-06 0.000919608 0.048129 0.304477 0.233179 0.043151 0.164619 0.151461 0.0252961 0.0195879 0.00630818 0.00211989 0.000592431 0.000129292 2.37024e-05 3.30581e-06 2.76601e-07 1.14316e-08 2.05316e-10
 2.56754e-27 2.59972e-27 4.25844e-26 8.44337e-20 2.06979e-14 6.13316e-10 2.19679e-06 0.000951128 0.0497786 0.314913 0.241132 0.0421685 0.151555 0.139544 0.0256897 0.0234864 0.00749884 0.00239061 0.000694215 0.00016455 2.73328e-05 3.49393e-06 2.97157e-07 1.29727e-08 2.24756e-10
 2.56852e-27 2.60233e-27 4.48474e-26 8.92073e-20 2.18681e-14 6.47991e-10 2.32099e-06 0.0010049 0.052593 0.332718 0.254724 0.0419349 0.140228 0.128979 0.0217777 0.0172329 0.00574203 0.00223441 0.000649198 0.000149539 2.65873e-05 3.30501e-06 2.54169e-07 1.11156e-08 2.0038e-10
 2.56875e-27 2.60293e-27 4.53633e-26 9.02956e-20 2.21349e-14 6.55896e-10 2.34931e-06 0.00101716 0.0532345 0.336776 0.257822 0.0418717 0.13757 0.126515 0.0211407 0.0163847 0.00524332 0.00171897 0.000531552 0.00014292 2.51776e-05 3.22058e-06 2.47331e-07 9.92815e-09 1.77413e-10
 2.56856e-27 2.6024e-27 4.4869e-26 8.92529e-20 2.18793e-14 6.48322e-10 2.32218e-06 0.00100542 0.0526198 0.332887 0.254858 0.0422286 0.142369 0.130897 0.0210776 0.0151344 0.00481369 0.00153539 0.00044134 0.000106138 2.11549e-05 2.88372e-06 2.24906e-07 9.00142e-09 1.5049e-10
 2.56925e-27 2.60428e-27 4.65441e-26 9.27866e-20 2.27455e-14 6.7399e-10 2.41412e-06 0.00104522 0.0547031 0.346067 0.264913 0.0416842 0.131161 0.120569 0.0195107 0.0141548 0.00442933 0.00129373 0.000364559 8.37096e-05 1.49235e-05 2.10452e-06 1.80252e-07 7.38186e-09 1.22357e-10
 2.56956e-27 2.6051e-27 4.72506e-26 9.4277e-20 2.31109e-14 6.84816e-10 2.4529e-06 0.00106201 0.0555818 0.351626 0.269157 0.0416279 0.127751 0.117387 0.0182954 0.0121832 0.00381423 0.00112578 0.000308186 6.55583e-05 1.12013e-05 1.44088e-06 1.22434e-07 5.45602e-09 9.32903e-11
 2.56963e-27 2.60529e-27 4.74086e-26 9.46102e-20 2.31925e-14 6.87237e-10 2.46157e-06 0.00106576 0.0557782 0.352868 0.270106 0.0416221 0.127041 0.116724 0.0180557 0.0117992 0.00363242 0.00097441 0.0002644 5.61783e-05 9.03477e-06 1.08667e-06 8.49835e-08 3.7239e-09 6.80842e-11
 2.5701e-27 2.60654e-27 4.85115e-26 9.69368e-20 2.37629e-14 7.04137e-10 2.5221e-06 0.00109197 0.0571499 0.361546 0.276728 0.0413527 0.120338 0.110525 0.0167144 0.010299 0.00315627 0.00082837 0.000217375 4.26605e-05 6.78882e-06 7.8378e-07 5.6613e-08 2.28969e-09 4.11744e-11
 2.57025e-27 2.60696e-27 4.88705e-26 9.76942e-20 2.39485e-14 7.09638e-10 2.5418e-06 0.0011005 0.0575964 0.364371 0.278884 0.0413418 0.11874 0.109029 0.0160625 0.00918664 0.00278345 0.000685402 0.000177051 3.3781e-05 5.03859e-06 5.54868e-07 3.85751e-08 1.43976e-09 2.3985e-11
 2.5703e-27 2.60709e-27 4.89823e-26 9.793e-20 2.40063e-14 7.11351e-10 2.54794e-06 0.00110316 0.0577355 0.36525 0.279556 0.0413285 0.118167 0.108497 0.0159091 0.00896866 0.00268663 0.000611121 0.000153049 2.75925e-05 4.00197e-06 4.17065e-07 2.72266e-08 9.69031e-10 1.49385e-11
 2.57002e-27 2.60634e-27 4.8317e-26 9.65266e-20 2.36623e-14 7.01157e-10 2.51143e-06 0.00108735 0.0569081 0.360016 0.275562 0.041506 0.122324 0.112339 0.0166922 0.0097872 0.00292879 0.000655792 0.000160373 2.68509e-05 3.69334e-06 3.66844e-07 2.26926e-08 7.55765e-10 1.10106e-11
 2.57001e-27 2.60628e-27 4.82566e-26 9.63991e-20 2.36311e-14 7.00231e-10 2.50811e-06 0.00108592 0.0568329 0.35954 0.2752 0.0415978 0.123276 0.1132 0.0165144 0.00916598 0.00275455 0.000642481 0.00015757 2.58647e-05 3.37469e-06 3.11886e-07 1.81868e-08 5.71364e-10 7.78799e-12
 2.56983e-27 2.60579e-27 4.78235e-26 9.54854e-20 2.34071e-14 6.93594e-10 2.48434e-06 0.00107562 0.0562943 0.356133 0.2726 0.0417387 0.126175 0.115873 0.016959 0.0095056 0.00283545 0.000624908 0.000153425 2.60561e-05 3.38083e-06 2.9933e-07 1.6169e-08 4.74503e-10 6.07549e-12
 2.56801e-27 2.60088e-27 4.35125e-26 8.63911e-20 2.11777e-14 6.27534e-10 2.24772e-06 0.000973177 0.0509326 0.322214 0.246716 0.0427461 0.152027 0.139798 0.0224386 0.0159801 0.00479794 0.00106764 0.000258747 4.19662e-05 5.52143e-06 4.9583e-07 2.58371e-08 7.03917e-10 8.3736e-12
#obs catch len freq
 1.63563e-41 2.27014e-33 3.80863e-26 7.72383e-20 1.89341e-14 5.61051e-10 2.00959e-06 0.000870084 0.0455367 0.288079 0.220716 0.0443214 0.165153 0.140357 0.0433105 0.0351092 0.0115432 0.00399508 0.000882372 0.000118233 7.00386e-06 1.31536e-07 5.77016e-10 4.7383e-13 6.31044e-17
 1.65464e-41 2.29653e-33 3.8529e-26 7.81361e-20 1.91541e-14 5.67572e-10 2.03295e-06 0.000880198 0.046066 0.291428 0.223336 0.0463702 0.167504 0.134806 0.04262 0.0324845 0.0103757 0.00336313 0.000680538 7.96391e-05 3.88984e-06 5.69031e-08 1.865e-10 1.11446e-13 1.06331e-17
 1.92085e-41 2.66601e-33 4.47279e-26 9.07073e-20 2.22358e-14 6.58888e-10 2.36003e-06 0.00102181 0.0534775 0.338315 0.259146 0.0458274 0.133935 0.101765 0.0330244 0.0235433 0.00728734 0.00220412 0.000407856 4.1342e-05 1.65217e-06 1.87357e-08 4.57676e-11 1.98913e-14 1.36054e-18
 1.94684e-41 2.70209e-33 4.53332e-26 9.19347e-20 2.25367e-14 6.67804e-10 2.39196e-06 0.00103564 0.0542012 0.342893 0.262736 0.0489889 0.141676 0.100328 0.0261125 0.0157353 0.00472177 0.00132646 0.000223075 1.94823e-05 6.32413e-07 5.5318e-09 1.00525e-11 3.17668e-15 1.55844e-19
 1.99219e-41 2.76502e-33 4.6389e-26 9.4076e-20 2.30616e-14 6.83358e-10 2.44768e-06 0.00105976 0.0554636 0.35088 0.268905 0.0506544 0.138202 0.0919969 0.0250069 0.0137479 0.00320582 0.000753056 0.000113895 8.50302e-06 2.22893e-07 1.49769e-09 2.02052e-12 4.64162e-16 1.63438e-20
 1.79494e-41 2.49127e-33 4.17961e-26 8.47617e-20 2.07783e-14 6.157e-10 2.20534e-06 0.000954836 0.0499723 0.316141 0.24261 0.0575207 0.174978 0.109131 0.0296118 0.0149877 0.00336602 0.000646327 7.40923e-05 4.54581e-06 9.54552e-08 4.91017e-10 4.91127e-13 8.19975e-17 2.07337e-21
 1.49634e-41 2.07682e-33 3.4843e-26 7.06609e-20 1.73217e-14 5.13273e-10 1.83846e-06 0.000795991 0.041659 0.26355 0.20278 0.0660645 0.219072 0.130441 0.0466036 0.0232093 0.00489524 0.000845866 7.84117e-05 3.48477e-06 5.51712e-08 2.14957e-10 1.59145e-13 1.93141e-17 3.50947e-22
 2.12036e-41 2.94292e-33 4.93735e-26 1.00129e-19 2.45453e-14 7.27323e-10 2.60515e-06 0.00112794 0.059032 0.373455 0.286308 0.0520467 0.10998 0.0639452 0.0326785 0.0165517 0.00413024 0.000685135 5.45188e-05 1.85175e-06 2.0497e-08 5.675e-11 3.05064e-14 2.68267e-18 3.50411e-23
 2.02006e-41 2.80372e-33 4.70382e-26 9.53925e-20 2.33843e-14 6.9292e-10 2.48193e-06 0.00107459 0.0562398 0.355792 0.273222 0.062567 0.147892 0.0743213 0.0179652 0.00790954 0.00252022 0.000456692 3.59043e-05 1.00049e-06 8.09888e-09 1.53622e-11 5.66339e-15 3.49376e-19 3.24232e-24
 2.05115e-41 2.84686e-33 4.7762e-26 9.68605e-20 2.37442e-14 7.03584e-10 2.52012e-06 0.00109113 0.0571052 0.361269 0.277545 0.0641068 0.140587 0.0677077 0.0214965 0.00753083 0.00130365 0.00023422 2.00195e-05 5.20968e-07 3.36876e-09 4.60021e-12 1.16021e-15 4.8388e-20 3.06881e-25
 1.77947e-41 2.46978e-33 4.14357e-26 8.40308e-20 2.05992e-14 6.10391e-10 2.18632e-06 0.000946601 0.0495413 0.313421 0.241744 0.0794508 0.191894 0.0860372 0.0263561 0.00884014 0.00157711 0.000177175 1.17605e-05 2.97502e-07 1.70422e-09 1.83674e-12 3.36803e-16 9.75543e-21 4.21013e-26
 2.06786e-41 2.87006e-33 4.81512e-26 9.76496e-20 2.39377e-14 7.09317e-10 2.54066e-06 0.00110002 0.0575705 0.364215 0.280211 0.0687748 0.132605 0.0596511 0.0260962 0.00825651 0.00137047 0.00014083 6.46889e-06 1.15854e-07 5.64709e-10 5.13863e-13 7.43518e-17 1.60172e-21 4.93469e-27
 1.89717e-41 2.63314e-33 4.41764e-26 8.95889e-20 2.19616e-14 6.50764e-10 2.33093e-06 0.00100921 0.0528182 0.334156 0.258158 0.0847359 0.172112 0.0677291 0.0210784 0.00673312 0.00133702 0.00012563 4.8275e-06 6.04838e-08 1.99846e-10 1.38159e-13 1.59407e-17 2.69559e-22 6.30661e-28
 1.96962e-41 2.73371e-33 4.58636e-26 9.30104e-20 2.28004e-14 6.75618e-10 2.41995e-06 0.00104776 0.0548354 0.34692 0.268071 0.0836214 0.152574 0.0608406 0.0245795 0.00639645 0.00100866 9.89592e-05 3.53287e-06 3.50056e-08 8.11418e-11 3.74251e-14 3.01415e-18 3.76993e-23 6.6981e-29
 1.67706e-41 2.32764e-33 3.90511e-26 7.91948e-20 1.94137e-14 5.75262e-10 2.0605e-06 0.000892124 0.0466902 0.295403 0.230407 0.10837 0.205976 0.0757257 0.0277842 0.00746394 0.00119077 9.12728e-05 2.90355e-06 2.53526e-08 4.58217e-11 1.5053e-14 8.20261e-19 6.89825e-24 8.45708e-30
 1.53773e-41 2.13427e-33 3.58069e-26 7.26156e-20 1.78009e-14 5.27472e-10 1.88932e-06 0.00081801 0.0428114 0.270875 0.212724 0.117826 0.213257 0.0873469 0.0424446 0.0102584 0.00152282 0.000110539 2.81364e-06 1.97416e-08 2.93528e-11 7.51788e-15 2.99786e-19 1.76408e-24 1.4749e-30
 1.78548e-41 2.47813e-33 4.15758e-26 8.43149e-20 2.06688e-14 6.12455e-10 2.19371e-06 0.000949802 0.0497089 0.314511 0.245704 0.105726 0.165289 0.0697826 0.0363797 0.0102361 0.00160503 0.000102558 2.25602e-06 1.24796e-08 1.40927e-11 2.78677e-15 8.54897e-20 3.76711e-25 2.2862e-31
 1.75065e-41 2.42979e-33 4.07647e-26 8.26701e-20 2.02656e-14 6.00507e-10 2.15092e-06 0.000931273 0.0487392 0.308394 0.24267 0.121598 0.178768 0.0632724 0.0265506 0.00767396 0.00131216 8.56173e-05 1.62329e-06 7.25658e-09 6.31372e-12 9.26419e-16 2.09727e-20 6.87306e-26 3.10767e-32
 1.77884e-41 2.46891e-33 4.14211e-26 8.40011e-20 2.05919e-14 6.10175e-10 2.18555e-06 0.000946267 0.0495239 0.313374 0.247478 0.12593 0.170001 0.0615087 0.0247603 0.0055658 0.000852983 5.59545e-05 9.99006e-07 3.74254e-09 2.54222e-12 2.82015e-16 4.7134e-21 1.12264e-26 3.67262e-33
 1.72384e-41 2.39258e-33 4.01405e-26 8.14041e-20 1.99553e-14 5.91311e-10 2.11798e-06 0.000917012 0.0479929 0.303715 0.242 0.138417 0.174804 0.0622393 0.0241142 0.00513166 0.000631761 3.42068e-05 5.5038e-07 1.80549e-09 1.00279e-12 8.59955e-17 1.07647e-21 1.88815e-27 4.49637e-34
 1.81847e-41 2.52392e-33 4.2344e-26 8.58727e-20 2.10507e-14 6.2377e-10 2.23424e-06 0.00096735 0.0506274 0.320399 0.255367 0.135178 0.154332 0.0568269 0.0215143 0.00429681 0.00046777 1.98981e-05 2.49022e-07 6.69992e-10 3.06462e-13 2.10311e-17 2.0358e-22 2.68555e-28 4.72069e-35
 1.78286e-41 2.47449e-33 4.15148e-26 8.41911e-20 2.06385e-14 6.11556e-10 2.19049e-06 0.000948408 0.0496361 0.314172 0.253153 0.14906 0.157871 0.0530783 0.0182023 0.00351969 0.000343769 1.20671e-05 1.14325e-07 2.28488e-10 7.98196e-14 4.26498e-18 3.21252e-23 3.25812e-29 4.33478e-36
 1.79587e-41 2.49256e-33 4.18178e-26 8.48056e-20 2.07891e-14 6.16019e-10 2.20648e-06 0.00095533 0.0499985 0.316507 0.256785 0.153558 0.150348 0.0521927 0.0166124 0.00279115 0.000241554 7.15983e-06 5.30003e-08 7.8225e-11 1.97484e-14 7.6827e-19 4.28231e-24 3.25211e-30 3.25392e-37
 1.80013e-41 2.49846e-33 4.19169e-26 8.50066e-20 2.08384e-14 6.17479e-10 2.21171e-06 0.000957594 0.0501171 0.317317 0.259847 0.160678 0.145101 0.0489227 0.014615 0.00227356 0.000164584 3.99062e-06 2.34493e-08 2.62171e-11 4.83594e-15 1.34728e-19 5.3477e-25 2.90403e-31 2.09518e-38
 1.80948e-41 2.51143e-33 4.21345e-26 8.54479e-20 2.09466e-14 6.20685e-10 2.22319e-06 0.000962565 0.0503775 0.319035 0.263633 0.165535 0.138562 0.0469017 0.0130265 0.00184741 0.000115368 2.23463e-06 1.01281e-08 8.60291e-12 1.18084e-15 2.39803e-20 6.832e-26 2.63768e-32 1.34706e-39
 1.75317e-41 2.43328e-33 4.08233e-26 8.27888e-20 2.02947e-14 6.01369e-10 2.15401e-06 0.00093261 0.0488101 0.309238 0.26048 0.179631 0.140832 0.0464493 0.0119887 0.00155148 8.27989e-05 1.29582e-06 4.49861e-09 2.84536e-12 2.88113e-16 4.28915e-21 8.88576e-27 2.47314e-33 9.03652e-41
 1.67754e-41 2.32831e-33 3.90623e-26 7.92175e-20 1.94192e-14 5.75427e-10 2.06109e-06 0.00089238 0.0467051 0.296078 0.25556 0.194276 0.144717 0.0486957 0.0116602 0.00135112 6.13683e-05 7.73153e-07 2.06739e-09 9.75628e-13 7.22567e-17 7.79719e-22 1.16726e-27 2.34381e-34 6.16522e-42
 1.67095e-41 2.31918e-33 3.8909e-26 7.89066e-20 1.9343e-14 5.73169e-10 2.053e-06 0.000888878 0.0465225 0.295073 0.258389 0.197308 0.139902 0.0493336 0.0113392 0.00119502 4.56368e-05 4.59897e-07 9.46363e-10 3.34387e-13 1.8203e-17 1.42558e-22 1.53622e-28 2.21057e-35 4.15902e-43
 1.70123e-41 2.36119e-33 3.96139e-26 8.03361e-20 1.96935e-14 5.83553e-10 2.09019e-06 0.000904982 0.0473652 0.30038 0.26141 0.19242 0.137067 0.048144 0.011115 0.00115157 4.02152e-05 3.51098e-07 6.07961e-10 1.77838e-13 7.92413e-18 5.03825e-23 4.3817e-29 5.06589e-36 7.63254e-44
#spawning biomass
 5314.53 6474.82 7887.04 10760.1 14769.2 17571.8 15925.9 21035.3 33118.7 45942.3 56288.7 75462.7 92955.3 126449 121779 110353 94364.5 100814 96076.6 91591.8 94173 100996 102992 107541 115719 129227 120840 116996 169598 417529 592889 608128 557561 477185 392093 315650 252940 204363 168168 141931 123288 110235 101177 94900.8 90591.7 87719.5 85805 84528.9 83678.4 83111.5 82733.6 82481.7 82313.8 82201.9 82127.3 82077.6 82044.5 82022.4 82007.7 81997.9 81991.3 81987 81984.1 81982.1 81980.8 81980 81979.4 81979 81978.8 81978.6 81978.5 81978.4 81978.3 81978.3 81978.3 81978.3 81978.3 81978.3 81978.3 81978.2 81978.2 81978.2 81978.2 81978.2 81978.2 81978.2 81978.2 81978.2 81978.2 81978.2 81978.2 81978.2 81978.2 81978.2 81978.2 81978.2 81978.2 81978.2 81978.2 81978.2 81978.2 81978.2 81978.2 81978.2 81978.2 81978.2 81978.2 81978.2 81978.2 81978.2 81978.2 81978.2 81978.2 81978.2 81978.2 81978.2 81978.2 81978.2 81978.2 81978.2 81978.2 81978.2 81978.2 81978.2 81978.2 81978.2 81978.2 81978.2 81978.2 0 0 0 0 0 0 0 0 0 0 0 0 0 0 0 0 0 0 0 0 0 0 0 0 0
