SBPRF35
0.0628122
Curr Bio
364587
B35
204370
F35
46441.3
FOFL
46441.3
OFL
385280
Bzero
10906.8
#pred survey bio
 7928.8 10311.4 14695.5 20337.7 26398.6 26553 31958.1 39133.7 43200.9 51228.6 60735.1 76537.2 100082 92615.4 99247.5 98422.4 82976.6 95662.1 98257.5 113882 106885 113245 119769 117250 142334 113512 93530.2 90517 2.18023e+06 446060 154968 55698.4 33193.9 28276.1 27209.7 26980.3 26931.3 26920.9 26918.7 26918.3 26918.2 26918.2 26918.2 26918.1 26918.1 26918.1 26918.1 26918.1 26918.1 26918.1 26918.1 26918.1 26918.1 26918.1 26918.1 26918.1 26918.1 26918.1 26918.1 26918.1 26918.1 26918.1 26918.1 26918.1 26918.1 26918.1 26918.1 26918.1 26918.1 26918.1 26918.1 26918.1 26918.1 26918.1 26918.1 26918.1 26918.1 26918.1 26918.1 26918.1 26918.1 26918.1 26918.1 26918.1 26918.1 26918.1 26918.1 26918.1 26918.1 26918.1 26918.1 26918.1 26918.1 26918.1 26918.1 26918.1 26918.1 26918.1 26918.1 26918.1 26918.1 26918.1 26918.1 26918.1 26918.1 26918.1 26918.1 26918.1 26918.1 26918.1 26918.1 26918.1 26918.1 26918.1 26918.1 26918.1 26918.1 26918.1 26918.1 26918.1 26918.1 26918.1 26918.1 26918.1 26918.1 26918.1 26918.1 26918.1 0 0 0 0 0 0 0 0 0 0 0 0 0 0 0 0 0 0 0 0 0 0 0 0 0
#obs survey bio
 6613.95 11653.7 16039.5 19128.6 26421.5 25347.5 35707.5 45430.3 46631.4 42737 50082 67323 101427 91894.7 95866.6 114145 62329.5 78498.4 103298 105464 114211 124400 102468 125410 120791 137435 108116 88312.5
#pred catch bio
 5001.95 5407.97 7539.82 10594.1 14168 17645.5 20734.9 25204.8 28716.6 35718.5 47292.2 56580.8 74954 92110.5 114864 85189.8 87901.6 79755.9 84646.7 83566.5 88611.4 89391.3 96537.8 93100.9 117201 116971 99740.2 95704.9 385280 6606.52 6606.52 6606.52 6606.52 6606.52 6606.52 6606.52 6606.52 6606.52 6606.52 6606.52 6606.52 6606.52 6606.52 6606.52 6606.52 6606.52 6606.52 6606.52 6606.52 6606.52 6606.52 6606.52 6606.52 6606.52 6606.52 6606.52 6606.52 6606.52 6606.52 6606.52 6606.52 6606.52 6606.52 6606.52 6606.52 6606.52 6606.52 6606.52 6606.52 6606.52 6606.52 6606.52 6606.52 6606.52 6606.52 6606.52 6606.52 6606.52 6606.52 6606.52 6606.52 6606.52 6606.52 6606.52 6606.52 6606.52 6606.52 6606.52 6606.52 6606.52 6606.52 6606.52 6606.52 6606.52 6606.52 6606.52 6606.52 6606.52 6606.52 6606.52 6606.52 6606.52 6606.52 6606.52 6606.52 6606.52 6606.52 6606.52 6606.52 6606.52 6606.52 6606.52 6606.52 6606.52 6606.52 6606.52 6606.52 6606.52 6606.52 6606.52 6606.52 6606.52 6606.52 6606.52 6606.52 6606.52 6606.52 6606.52 0 0 0 0 0 0 0 0 0 0 0 0 0 0 0 0 0 0 0 0 0 0 0 0 0
#obs catch bio
 5548.83 5490.25 7601.02 10591.1 14298.5 17816 20913.1 25302.4 28979.9 35820.6 47154 56982.2 74468.1 92003.9 116203 85277.6 87638.8 79386.7 83473.6 82638.8 88195.7 87892.2 95758.8 91984.3 115018 115120 98036.4 95910.2
#pred cpue bio
 7736.33 9783.36 13449.1 18846.2 24575.1 24474.3 29348.4 35835.3 39018.5 45168.3 54372.4 67862.2 87487.7 83368.6 91848.2 89431.4 74819.3 85207.5 86942.4 101115 92786.2 97833.6 104013 99614 122240 99248.8 82210 79550.2 1.92763e+06 440511 153793 50331.4 27617.8 22693 21626.4 21396.9 21348 21337.6 21335.4 21334.9 21334.8 21334.8 21334.8 21334.8 21334.8 21334.8 21334.8 21334.8 21334.8 21334.8 21334.8 21334.8 21334.8 21334.8 21334.8 21334.8 21334.8 21334.8 21334.8 21334.8 21334.8 21334.8 21334.8 21334.8 21334.8 21334.8 21334.8 21334.8 21334.8 21334.8 21334.8 21334.8 21334.8 21334.8 21334.8 21334.8 21334.8 21334.8 21334.8 21334.8 21334.8 21334.8 21334.8 21334.8 21334.8 21334.8 21334.8 21334.8 21334.8 21334.8 21334.8 21334.8 21334.8 21334.8 21334.8 21334.8 21334.8 21334.8 21334.8 21334.8 21334.8 21334.8 21334.8 21334.8 21334.8 21334.8 21334.8 21334.8 21334.8 21334.8 21334.8 21334.8 21334.8 21334.8 21334.8 21334.8 21334.8 21334.8 21334.8 21334.8 21334.8 21334.8 21334.8 21334.8 21334.8 21334.8 21334.8 21334.8 0 0 0 0 0 0 0 0 0 0 0 0 0 0 0 0 0 0 0 0 0 0 0 0 0
#obs cpue bio
 6708.63 8468.07 10910.8 18490.3 23432.3 21156.3 22765.2 29105.1 31056.2 53324.6 64331.9 69788.7 105797 81695.6 76240.7 80815.9 93175.7 116943 96566.2 134442 95075.1 112168 141817 108192 208108 102742 89086.7 85724.4
#pred surv len freq
 2.55592e-27 2.56939e-27 1.71391e-26 3.07601e-20 7.54046e-15 2.23437e-10 8.00315e-07 0.000346506 0.0181349 0.114727 0.0882105 0.0382149 0.228903 0.212388 0.0645416 0.0944983 0.0404391 0.0307071 0.0183288 0.0135175 0.0102947 0.00866269 0.00846653 0.00737984 0.00223866
 2.55999e-27 2.58044e-27 2.67375e-26 5.10077e-20 1.25039e-14 3.70513e-10 1.32712e-06 0.000574591 0.030072 0.190244 0.145851 0.0367466 0.177238 0.165345 0.068191 0.114155 0.0385251 0.0156104 0.00677762 0.00371803 0.00228677 0.00163546 0.00140621 0.00121811 0.000403904
 2.56279e-27 2.5873e-27 3.20746e-26 6.22641e-20 1.52633e-14 4.52279e-10 1.61999e-06 0.000701392 0.0367083 0.232227 0.177984 0.0414826 0.190702 0.176384 0.0450671 0.0586562 0.0219978 0.0121542 0.00378147 0.00111165 0.00044729 0.000240501 0.000169334 0.000136596 4.67394e-05
 2.56127e-27 2.58301e-27 2.8115e-26 5.39104e-20 1.32155e-14 3.91599e-10 1.40264e-06 0.00060729 0.0317834 0.201071 0.154231 0.0438391 0.225324 0.208216 0.0486756 0.0586598 0.0187264 0.00592019 0.00205019 0.000670847 0.000143054 4.18982e-05 2.04518e-05 1.40018e-05 4.71885e-06
 2.56111e-27 2.5828e-27 2.81353e-26 5.39539e-20 1.32261e-14 3.91914e-10 1.40377e-06 0.000607779 0.031809 0.201233 0.154326 0.0420535 0.211669 0.196063 0.0546478 0.0753257 0.0235522 0.00649064 0.00173225 0.000378211 8.92704e-05 1.56371e-05 3.48844e-06 1.66271e-06 5.20625e-07
 2.56197e-27 2.58502e-27 2.99942e-26 5.78751e-20 1.41874e-14 4.20397e-10 1.50579e-06 0.00065195 0.0341207 0.215858 0.1655 0.042459 0.206904 0.191412 0.049216 0.0641451 0.0207335 0.00683312 0.00178889 0.00031796 4.95362e-05 7.52711e-06 9.33853e-07 1.90905e-07 4.87228e-08
 2.56207e-27 2.58512e-27 2.99154e-26 5.77082e-20 1.41465e-14 4.19185e-10 1.50145e-06 0.000650071 0.0340224 0.215235 0.165047 0.0438377 0.217714 0.201104 0.0458058 0.0538703 0.0167389 0.00448956 0.0012032 0.000242669 3.37735e-05 3.49662e-06 3.08786e-07 2.61296e-08 3.63264e-09
 2.5624e-27 2.58603e-27 3.07442e-26 5.94567e-20 1.45751e-14 4.31886e-10 1.54694e-06 0.000669767 0.0350532 0.221757 0.170018 0.0433497 0.210508 0.19453 0.0460365 0.0560268 0.0170134 0.00388663 0.000957552 0.000164478 2.44491e-05 2.48912e-06 1.53233e-07 7.20317e-09 3.70212e-10
 2.56352e-27 2.589e-27 3.3297e-26 6.48418e-20 1.58952e-14 4.71003e-10 1.68705e-06 0.000730429 0.038228 0.241841 0.185353 0.0432684 0.199115 0.183853 0.0411718 0.0476216 0.0144971 0.00338076 0.000803353 0.000117407 1.50404e-05 1.46073e-06 8.94145e-08 2.90473e-09 6.2759e-11
 2.56526e-27 2.59359e-27 3.72404e-26 7.31602e-20 1.79343e-14 5.31426e-10 1.90348e-06 0.000824134 0.0431322 0.272866 0.209041 0.0430968 0.181167 0.167058 0.0339886 0.0354535 0.0106027 0.00217682 0.000507473 7.42071e-05 8.61499e-06 6.99673e-07 3.88398e-08 1.2011e-09 1.67126e-11
 2.56386e-27 2.58969e-27 3.36787e-26 6.56461e-20 1.60923e-14 4.76845e-10 1.70798e-06 0.000739489 0.0387022 0.244841 0.187673 0.0450817 0.211284 0.194641 0.0350926 0.0310138 0.00904846 0.00150636 0.000326306 4.23486e-05 4.78745e-06 3.6651e-07 1.71062e-08 4.65808e-10 5.83817e-12
 2.56475e-27 2.59216e-27 3.59253e-26 7.03858e-20 1.72542e-14 5.11274e-10 1.8313e-06 0.000792882 0.0414966 0.262519 0.201152 0.0438515 0.192453 0.177407 0.0346493 0.0343261 0.00981791 0.00126061 0.000244001 2.59262e-05 2.58542e-06 1.81002e-07 7.97811e-09 1.86027e-10 2.01781e-12
 2.56571e-27 2.59472e-27 3.81417e-26 7.50612e-20 1.84003e-14 5.45235e-10 1.95294e-06 0.000845549 0.044253 0.279957 0.214463 0.0436126 0.181282 0.166989 0.0307932 0.0281671 0.00814855 0.00122486 0.000240253 2.02046e-05 1.66621e-06 9.57463e-08 3.74055e-09 8.06428e-11 7.60365e-13
 2.56328e-27 2.58802e-27 3.21236e-26 6.23652e-20 1.52881e-14 4.53013e-10 1.62262e-06 0.000702532 0.036768 0.232605 0.178347 0.0461698 0.226117 0.208188 0.0349441 0.0272542 0.0077464 0.000958445 0.000180124 1.70125e-05 1.33415e-06 5.93196e-08 1.84963e-09 3.40275e-11 2.90598e-13
 2.56083e-27 2.58143e-27 2.63571e-26 5.02005e-20 1.23061e-14 3.64651e-10 1.30612e-06 0.000565499 0.0295962 0.187234 0.143721 0.0473265 0.259247 0.238915 0.0432002 0.0383239 0.0107208 0.000978732 0.000156379 1.22362e-05 9.27559e-07 4.35169e-08 1.12438e-09 1.5894e-11 1.12515e-13
 2.56266e-27 2.58645e-27 3.08419e-26 5.96618e-20 1.46254e-14 4.33376e-10 1.55228e-06 0.000672077 0.0351741 0.222522 0.170638 0.0455922 0.227138 0.209377 0.0396358 0.0376315 0.0105261 0.000939247 0.000143714 8.45559e-06 4.9714e-07 1.988e-08 5.20456e-10 6.61215e-12 3.60341e-14
 2.56334e-27 2.58831e-27 3.24969e-26 6.31533e-20 1.54813e-14 4.58737e-10 1.64312e-06 0.000711408 0.0372325 0.235544 0.180573 0.0450587 0.216098 0.199189 0.0378234 0.0360759 0.0102557 0.00121209 0.000211634 1.25039e-05 6.71962e-07 1.94518e-08 4.0364e-10 4.79799e-12 2.43832e-14
 2.56414e-27 2.59037e-27 3.42048e-26 6.67557e-20 1.63644e-14 4.84905e-10 1.73685e-06 0.000751989 0.0393564 0.24898 0.19084 0.0455288 0.212462 0.195593 0.0328296 0.0255986 0.0071894 0.0007349 0.000123568 9.07895e-06 5.64058e-07 1.58984e-08 2.64088e-10 2.31247e-12 1.02699e-14
 2.56478e-27 2.59217e-27 3.58613e-26 7.02505e-20 1.72211e-14 5.10291e-10 1.82778e-06 0.000791358 0.0414168 0.262014 0.200776 0.0444592 0.197341 0.181781 0.0329278 0.0292948 0.00823275 0.00081892 0.000134396 8.98176e-06 5.65872e-07 1.99672e-08 3.56241e-10 2.71077e-12 8.94655e-15
 2.56443e-27 2.59119e-27 3.49545e-26 6.83373e-20 1.67521e-14 4.96394e-10 1.778e-06 0.000769805 0.0402888 0.254879 0.195338 0.045098 0.206023 0.1897 0.0326547 0.0266853 0.00754749 0.000855547 0.000148378 9.67016e-06 5.80066e-07 1.91322e-08 3.85261e-10 3.42423e-12 1.06788e-14
 2.56617e-27 2.59598e-27 3.92491e-26 7.73974e-20 1.8973e-14 5.62205e-10 2.01372e-06 0.000871865 0.0456303 0.28867 0.221112 0.0433472 0.174591 0.160805 0.0295343 0.0268427 0.0075939 0.00084182 0.000146657 1.07856e-05 6.90764e-07 2.19979e-08 4.16059e-10 3.82459e-12 1.3855e-14
 2.56627e-27 2.59612e-27 3.92547e-26 7.74088e-20 1.89758e-14 5.62288e-10 2.01402e-06 0.000871994 0.045637 0.288713 0.221161 0.0443596 0.182261 0.167633 0.0262148 0.0175632 0.00493998 0.000543383 9.39626e-05 6.68435e-06 4.37081e-07 1.56366e-08 3.01241e-10 2.62826e-12 9.44473e-15
 2.56596e-27 2.5953e-27 3.85532e-26 7.5929e-20 1.86131e-14 5.51539e-10 1.97552e-06 0.000855324 0.0447646 0.283193 0.216947 0.0443775 0.185358 0.170542 0.0276679 0.0201367 0.00559712 0.000479845 7.31194e-05 5.18329e-06 3.35047e-07 1.17964e-08 2.44328e-10 2.28422e-12 8.00066e-15
 2.56737e-27 2.59912e-27 4.19358e-26 8.30649e-20 2.03624e-14 6.03373e-10 2.16118e-06 0.000935709 0.0489716 0.309808 0.237253 0.0433637 0.163376 0.150253 0.0239954 0.0168741 0.00469168 0.000410087 6.18232e-05 3.51916e-06 1.94934e-07 6.76521e-09 1.38003e-10 1.33419e-12 5.03954e-15
 2.56663e-27 2.59709e-27 4.01039e-26 7.92002e-20 1.9415e-14 5.753e-10 2.06063e-06 0.000892174 0.0466931 0.295394 0.22626 0.044195 0.177426 0.16315 0.0250475 0.0160277 0.00445183 0.000396402 6.05368e-05 3.5132e-06 1.8491e-07 5.09203e-09 9.44144e-11 8.97909e-13 3.43782e-15
 2.56539e-27 2.59368e-27 3.70568e-26 7.27719e-20 1.78392e-14 5.28606e-10 1.89338e-06 0.00081976 0.0429033 0.271418 0.20797 0.0453123 0.198778 0.182809 0.0277121 0.0171513 0.00472183 0.000350508 4.73923e-05 2.74595e-06 1.45493e-07 3.98741e-09 6.38698e-11 5.08353e-13 1.8596e-15
 2.56495e-27 2.59246e-27 3.59453e-26 7.0427e-20 1.72643e-14 5.11573e-10 1.83237e-06 0.000793346 0.0415209 0.262673 0.201302 0.0459164 0.208061 0.191311 0.0280474 0.0157759 0.00430326 0.000264055 2.9437e-05 1.4256e-06 6.39494e-08 1.73433e-09 2.77856e-11 2.03607e-13 6.22561e-16
 2.56501e-27 2.59264e-27 3.61324e-26 7.08218e-20 1.73611e-14 5.14441e-10 1.84264e-06 0.000797793 0.0417536 0.264145 0.202422 0.0456426 0.20519 0.188716 0.0285744 0.0176278 0.00481297 0.000284689 3.00878e-05 1.25362e-06 4.40005e-08 9.59738e-10 1.38012e-11 1.00259e-13 2.92457e-16
#obs surv len freq
 1.08515e-41 1.50611e-33 2.52681e-26 5.12433e-20 1.25617e-14 3.72226e-10 1.33325e-06 0.000577252 0.0302111 0.191125 0.146651 0.0402016 0.17351 0.146798 0.103748 0.101601 0.0439776 0.0172016 0.00388215 0.000489223 2.52425e-05 3.85252e-07 1.30617e-09 8.02144e-13 7.82619e-17
 1.59969e-41 2.22026e-33 3.72495e-26 7.55412e-20 1.8518e-14 5.48724e-10 1.96544e-06 0.000850967 0.0445362 0.281749 0.215865 0.0406011 0.1265 0.102168 0.0764177 0.0692496 0.0292445 0.0104662 0.00211265 0.000227458 9.56813e-06 1.13155e-07 2.85827e-10 1.27638e-13 8.92709e-18
 1.53627e-41 2.13223e-33 3.57727e-26 7.25462e-20 1.77839e-14 5.26968e-10 1.88751e-06 0.000817228 0.0427705 0.270579 0.207566 0.0499766 0.176532 0.128688 0.0565022 0.0426807 0.0172199 0.00557563 0.000996695 9.01054e-05 3.03115e-06 2.7507e-08 5.16285e-11 1.67573e-14 8.40496e-19
 1.0767e-41 1.49439e-33 2.50715e-26 5.08445e-20 1.24639e-14 3.69329e-10 1.32288e-06 0.00057276 0.029976 0.189639 0.145993 0.0564836 0.230185 0.163037 0.0979099 0.0657595 0.0159211 0.00387666 0.000599261 4.49147e-05 1.18953e-06 8.16655e-09 1.13066e-11 2.66233e-15 9.57895e-20
 1.49926e-41 2.08088e-33 3.4911e-26 7.07988e-20 1.73555e-14 5.14275e-10 1.84205e-06 0.000797544 0.0417403 0.264063 0.202624 0.0471867 0.142261 0.104279 0.104431 0.0694696 0.019204 0.003588 0.000335252 1.89764e-05 3.89407e-07 1.9995e-09 2.02205e-12 3.43308e-16 8.83853e-21
 1.20007e-41 1.66562e-33 2.79443e-26 5.66704e-20 1.38921e-14 4.11648e-10 1.47445e-06 0.000638388 0.0334107 0.211369 0.162944 0.064965 0.231149 0.14399 0.0785218 0.0498278 0.0191217 0.00375274 0.00029701 1.02232e-05 1.39397e-07 5.19558e-10 3.80307e-13 4.62336e-17 8.47076e-22
 1.37659e-41 1.91062e-33 3.20546e-26 6.50061e-20 1.59355e-14 4.72198e-10 1.69134e-06 0.00073229 0.0383251 0.242459 0.186562 0.0578848 0.174904 0.116529 0.109873 0.0570553 0.0129215 0.00251934 0.000226232 6.52314e-06 5.59083e-08 1.29786e-10 6.48435e-14 5.55979e-18 7.20501e-23
 1.1929e-41 1.65567e-33 2.77773e-26 5.63319e-20 1.38091e-14 4.09189e-10 1.46565e-06 0.000634575 0.0332111 0.210109 0.162424 0.0721297 0.22682 0.133248 0.0941728 0.0499016 0.0150743 0.00212878 0.000141117 3.98611e-06 2.86423e-08 4.40128e-11 1.35185e-14 7.47728e-19 6.58257e-24
 1.51581e-41 2.10384e-33 3.52962e-26 7.15801e-20 1.7547e-14 5.1995e-10 1.86238e-06 0.000806345 0.0422009 0.26698 0.205675 0.0644603 0.167023 0.103922 0.0959545 0.0420044 0.0095125 0.00137587 8.09227e-05 1.62276e-06 9.65063e-09 1.21648e-11 2.66197e-15 9.46853e-20 5.25905e-25
 1.51885e-41 2.10806e-33 3.53671e-26 7.17238e-20 1.75823e-14 5.20994e-10 1.86612e-06 0.000807964 0.0422856 0.26752 0.206706 0.0779765 0.198492 0.103703 0.0661975 0.0284341 0.00704482 0.000791268 3.83806e-05 6.55114e-07 2.83551e-09 2.65617e-12 4.5299e-16 1.21113e-20 4.7082e-26
 1.09708e-41 1.52268e-33 2.55461e-26 5.18071e-20 1.26999e-14 3.76321e-10 1.34792e-06 0.000583603 0.0305435 0.193242 0.151056 0.0971085 0.257886 0.136087 0.0954364 0.0319352 0.00552325 0.000573118 2.35738e-05 3.06745e-07 1.03907e-09 7.17968e-13 8.71395e-17 1.69835e-21 4.91278e-27
 1.66797e-41 2.31504e-33 3.88396e-26 7.87658e-20 1.93085e-14 5.72147e-10 2.04934e-06 0.000887292 0.0464373 0.293787 0.226833 0.0713295 0.144837 0.0938221 0.0890031 0.0282338 0.00449095 0.000327474 9.96581e-06 1.04053e-07 2.63474e-10 1.34291e-13 1.19454e-17 1.66224e-22 3.39022e-28
 1.33584e-41 1.85405e-33 3.11056e-26 6.30815e-20 1.54637e-14 4.58217e-10 1.64126e-06 0.000710608 0.0371904 0.235302 0.184357 0.110637 0.243182 0.106769 0.0574084 0.0202415 0.00393409 0.000259862 5.90199e-06 4.22199e-08 7.81663e-11 2.92906e-14 1.87597e-18 1.87329e-23 2.7366e-29
 1.1202e-41 1.55476e-33 2.60844e-26 5.28986e-20 1.29675e-14 3.8425e-10 1.37632e-06 0.000595899 0.031187 0.197329 0.155947 0.111922 0.235197 0.137555 0.103405 0.0237662 0.00289063 0.000198801 4.40991e-06 2.42663e-08 3.05649e-11 7.83131e-15 3.54997e-19 2.52882e-24 2.62243e-30
 8.78963e-42 1.21994e-33 2.04671e-26 4.15068e-20 1.01749e-14 3.01501e-10 1.07993e-06 0.000467572 0.0244709 0.154853 0.124795 0.123725 0.249722 0.159432 0.123676 0.0341075 0.00454712 0.000198153 3.32193e-06 1.65688e-08 1.68404e-11 3.05712e-15 9.33851e-20 4.51326e-25 3.24332e-31
 1.41544e-41 1.96454e-33 3.29592e-26 6.68405e-20 1.63852e-14 4.85523e-10 1.73906e-06 0.000752954 0.0394067 0.249334 0.195461 0.0947882 0.160172 0.12637 0.101224 0.0283149 0.00398647 0.000185058 2.4479e-06 8.28538e-09 6.54255e-12 9.56419e-16 2.20492e-20 7.52182e-26 3.68449e-32
 9.71271e-42 1.34806e-33 2.26165e-26 4.58658e-20 1.12435e-14 3.33164e-10 1.19334e-06 0.000516675 0.0270408 0.171153 0.141152 0.162045 0.272796 0.126713 0.0727676 0.0224472 0.00321734 0.000148471 1.92606e-06 5.52308e-09 3.08862e-12 3.14765e-16 5.38608e-21 1.39846e-26 5.11529e-33
 1.43735e-41 1.99494e-33 3.34693e-26 6.7875e-20 1.66388e-14 4.93037e-10 1.76598e-06 0.000764608 0.0400166 0.253218 0.200407 0.107811 0.161127 0.135803 0.0839042 0.0152208 0.00165036 7.4651e-05 9.11633e-07 2.37572e-09 1.13011e-12 8.80173e-17 1.05963e-21 1.90485e-27 4.94682e-34
 1.00509e-41 1.395e-33 2.34041e-26 4.7463e-20 1.1635e-14 3.44766e-10 1.2349e-06 0.000534668 0.0279826 0.17717 0.149758 0.183944 0.261592 0.120649 0.0614602 0.0154411 0.00142457 4.12176e-05 4.06916e-07 9.30276e-10 3.79025e-13 2.45033e-17 2.34527e-22 3.1758e-28 5.91799e-35
 1.28583e-41 1.78464e-33 2.99411e-26 6.07199e-20 1.48848e-14 4.41063e-10 1.57981e-06 0.000684005 0.0357983 0.226589 0.183918 0.132341 0.181464 0.152734 0.0742154 0.0112884 0.000938654 2.65787e-05 1.85586e-07 2.9897e-10 9.57888e-14 5.02102e-18 3.8606e-23 4.13161e-29 5.96807e-36
 1.41749e-41 1.96738e-33 3.30069e-26 6.69373e-20 1.64089e-14 4.86225e-10 1.74158e-06 0.000754044 0.0394639 0.249839 0.205461 0.159683 0.187531 0.100597 0.046711 0.00933082 0.000615742 1.22646e-05 7.21544e-08 8.92907e-11 1.97703e-14 7.33609e-19 4.21373e-24 3.46048e-30 3.85275e-37
 1.13092e-41 1.56964e-33 2.63339e-26 5.34047e-20 1.30915e-14 3.87926e-10 1.38949e-06 0.0006016 0.0314858 0.19947 0.173002 0.196809 0.225365 0.122382 0.0442228 0.00624867 0.00040429 7.54772e-06 3.23438e-08 2.951e-11 4.98788e-15 1.34498e-19 5.37043e-25 3.06718e-31 2.43404e-38
 1.37816e-41 1.9128e-33 3.20912e-26 6.50803e-20 1.59537e-14 4.72736e-10 1.69326e-06 0.000733125 0.0383693 0.243005 0.203487 0.160617 0.179121 0.125774 0.0434632 0.00518586 0.000239309 3.50041e-06 1.29807e-08 9.22796e-12 1.11593e-15 2.16568e-20 6.32291e-26 2.61114e-32 1.46422e-39
 1.353e-41 1.87787e-33 3.15052e-26 6.3892e-20 1.56624e-14 4.64104e-10 1.66235e-06 0.000719739 0.0376691 0.238715 0.206745 0.193826 0.1882 0.0973807 0.0323679 0.00420383 0.000168525 1.80524e-06 4.80004e-09 2.63601e-12 2.49558e-16 3.60908e-21 7.52604e-27 2.19807e-33 8.78345e-41
 1.18911e-41 1.65041e-33 2.7689e-26 5.61528e-20 1.37652e-14 4.07888e-10 1.46099e-06 0.000632558 0.0331068 0.210006 0.190559 0.213882 0.206564 0.112685 0.0295547 0.00290143 0.000106578 1.01773e-06 2.05581e-09 7.91928e-13 5.3289e-17 5.68764e-22 8.8806e-28 1.91821e-34 5.54338e-42
 1.06425e-41 1.4771e-33 2.47815e-26 5.02564e-20 1.23198e-14 3.65057e-10 1.30757e-06 0.000566135 0.0296311 0.188171 0.178278 0.221506 0.217424 0.12936 0.0322187 0.00276777 7.56205e-05 5.62863e-07 9.43124e-10 2.85509e-13 1.39431e-17 1.03866e-22 1.13286e-28 1.74069e-35 3.64032e-43
 1.04924e-41 1.45628e-33 2.44321e-26 4.95478e-20 1.2146e-14 3.5991e-10 1.28914e-06 0.000558153 0.029214 0.185687 0.179649 0.221293 0.21688 0.132067 0.0319527 0.00263715 6.16282e-05 3.4905e-07 4.26356e-10 9.76242e-14 3.67626e-18 2.06429e-23 1.6349e-29 1.77267e-36 2.58272e-44
 1.26866e-41 1.76082e-33 2.95414e-26 5.99093e-20 1.46861e-14 4.35175e-10 1.55872e-06 0.000674875 0.0353224 0.224228 0.204711 0.200202 0.192521 0.112986 0.0270821 0.00221979 5.03669e-05 2.62106e-07 2.70354e-10 4.93882e-14 1.47332e-18 6.69374e-24 4.36961e-30 3.9174e-37 4.67368e-45
#pred catch len freq
 2.55527e-27 2.56748e-27 1.52807e-26 2.68389e-20 6.57923e-15 1.94954e-10 6.98294e-07 0.000302334 0.0158231 0.100102 0.0770741 0.0401562 0.251501 0.23306 0.0649711 0.0901865 0.0377808 0.0276585 0.0163864 0.0120394 0.00916088 0.0077073 0.00753259 0.00656576 0.00199171
 2.55879e-27 2.57712e-27 2.37475e-26 4.46999e-20 1.09576e-14 3.24695e-10 1.163e-06 0.000503535 0.0263532 0.166718 0.127908 0.0380815 0.200003 0.186278 0.0705565 0.114254 0.0381485 0.0148232 0.00638147 0.00348425 0.00214079 0.00153075 0.00131614 0.00114009 0.000378033
 2.56141e-27 2.58351e-27 2.86649e-26 5.50707e-20 1.34999e-14 4.00027e-10 1.43283e-06 0.00062036 0.0324674 0.205398 0.157521 0.0429267 0.216069 0.199708 0.0477 0.0587676 0.0216986 0.0115351 0.00356967 0.00104284 0.000418983 0.000225215 0.000158566 0.000127909 4.3767e-05
 2.55992e-27 2.57928e-27 2.47541e-26 4.68201e-20 1.14774e-14 3.40095e-10 1.21816e-06 0.000527418 0.0276032 0.174626 0.134062 0.0453362 0.250887 0.231698 0.0508972 0.0578038 0.0182921 0.00553894 0.00190124 0.000618841 0.000131799 3.85819e-05 1.88318e-05 1.28926e-05 4.34505e-06
 2.55993e-27 2.57952e-27 2.51656e-26 4.76888e-20 1.16903e-14 3.46405e-10 1.24077e-06 0.000537204 0.0281153 0.177866 0.136507 0.0435419 0.235515 0.217935 0.0561171 0.0731577 0.0226966 0.00598275 0.00158328 0.000343392 8.09147e-05 1.41676e-05 3.16027e-06 1.50628e-06 4.71643e-07
 2.56116e-27 2.5827e-27 2.78327e-26 5.33148e-20 1.30695e-14 3.87272e-10 1.38714e-06 0.00060058 0.0314322 0.198849 0.152536 0.0439721 0.227527 0.210251 0.0490768 0.0590655 0.0188913 0.00593342 0.00154169 0.00027214 4.23166e-05 6.42596e-06 7.97151e-07 1.62956e-07 4.15897e-08
 2.56114e-27 2.5825e-27 2.75079e-26 5.26291e-20 1.29014e-14 3.82291e-10 1.3693e-06 0.000592856 0.0310279 0.196292 0.150605 0.045301 0.238997 0.220574 0.046196 0.0498479 0.0153565 0.00392546 0.00104228 0.000208819 2.90153e-05 3.00195e-06 2.6506e-07 2.24289e-08 3.11815e-09
 2.56151e-27 2.58354e-27 2.8453e-26 5.4623e-20 1.33902e-14 3.96775e-10 1.42118e-06 0.000615317 0.0322035 0.203728 0.156275 0.0447949 0.231161 0.213414 0.0462055 0.0516508 0.01557 0.00338938 0.000826505 0.000140983 2.09164e-05 2.12817e-06 1.30992e-07 6.15744e-09 3.16464e-10
 2.56271e-27 2.58671e-27 3.11815e-26 6.03787e-20 1.48011e-14 4.38583e-10 1.57093e-06 0.000680153 0.0355968 0.225195 0.172664 0.0446223 0.218333 0.20142 0.0412642 0.0434028 0.0131101 0.00291062 0.000684799 9.93772e-05 1.27033e-05 1.23287e-06 7.5455e-08 2.45115e-09 5.29588e-11
 2.56454e-27 2.59158e-27 3.53846e-26 6.9245e-20 1.69746e-14 5.02987e-10 1.80162e-06 0.000780031 0.040824 0.258264 0.19791 0.0442728 0.197937 0.182388 0.0340718 0.0317802 0.0094343 0.00184241 0.000424607 6.16485e-05 7.14196e-06 5.79595e-07 3.21681e-08 9.94742e-10 1.38411e-11
 2.56331e-27 2.58812e-27 3.2208e-26 6.25432e-20 1.53317e-14 4.54306e-10 1.62725e-06 0.000704536 0.0368729 0.233269 0.178853 0.0461702 0.225764 0.207849 0.0346342 0.026643 0.0077191 0.00122149 0.000260845 3.36051e-05 3.78993e-06 2.8992e-07 1.35289e-08 3.68379e-10 4.61702e-12
 2.56413e-27 2.59041e-27 3.42977e-26 6.69519e-20 1.64124e-14 4.8633e-10 1.74195e-06 0.000754199 0.0394721 0.249712 0.19139 0.0449818 0.207913 0.191519 0.0343448 0.0300808 0.00855986 0.00104854 0.000199392 2.10335e-05 2.09165e-06 1.46311e-07 6.44769e-09 1.50334e-10 1.63064e-12
 2.56522e-27 2.59332e-27 3.6832e-26 7.22981e-20 1.7723e-14 5.25164e-10 1.88105e-06 0.000814423 0.042624 0.269651 0.206609 0.0445842 0.194193 0.178764 0.0303638 0.0242239 0.0069637 0.000996081 0.000192464 1.60756e-05 1.32117e-06 7.58478e-08 2.96244e-09 6.3864e-11 6.02154e-13
 2.56341e-27 2.58831e-27 3.22984e-26 6.27338e-20 1.53784e-14 4.5569e-10 1.63221e-06 0.000706683 0.0369853 0.233979 0.179406 0.0467981 0.230154 0.211747 0.0325595 0.0209244 0.00590424 0.000693176 0.000127625 1.19634e-05 9.35287e-07 4.15439e-08 1.29496e-09 2.38216e-11 2.03436e-13
 2.56158e-27 2.58335e-27 2.79339e-26 5.35265e-20 1.31214e-14 3.8881e-10 1.39265e-06 0.000602965 0.031557 0.199639 0.153202 0.0478931 0.256898 0.236489 0.0380838 0.0272795 0.00758495 0.000659048 0.000102258 7.93993e-06 5.99518e-07 2.80983e-08 7.25785e-10 1.02587e-11 7.26209e-14
 2.56254e-27 2.58604e-27 3.03846e-26 5.86967e-20 1.43888e-14 4.26365e-10 1.52717e-06 0.000661206 0.0346051 0.218922 0.167905 0.0465628 0.236444 0.21776 0.0373988 0.0304278 0.00847307 0.000723848 0.000107876 6.30729e-06 3.69059e-07 1.47416e-08 3.85805e-10 4.90109e-12 2.67089e-14
 2.56385e-27 2.58958e-27 3.35099e-26 6.52897e-20 1.6005e-14 4.74256e-10 1.69871e-06 0.000735475 0.0384921 0.243512 0.186668 0.0456893 0.216615 0.199437 0.0337047 0.0266283 0.00752175 0.000842843 0.000144028 8.45602e-06 4.52228e-07 1.30758e-08 2.71208e-10 3.22347e-12 1.63813e-14
 2.56383e-27 2.58945e-27 3.33174e-26 6.48834e-20 1.59054e-14 4.71305e-10 1.68814e-06 0.000730898 0.0382526 0.241997 0.185521 0.0463807 0.222681 0.204881 0.0318812 0.0211017 0.00589312 0.000575479 9.45799e-05 6.90184e-06 4.27219e-07 1.20294e-08 1.99733e-10 1.74874e-12 7.76608e-15
 2.56457e-27 2.59153e-27 3.52222e-26 6.89019e-20 1.68905e-14 5.00495e-10 1.79269e-06 0.000776165 0.0406217 0.256984 0.196949 0.0453077 0.206487 0.190059 0.0314771 0.0239076 0.00668474 0.00063519 0.000101808 6.75893e-06 4.24047e-07 1.49471e-08 2.66587e-10 2.02834e-12 6.69406e-15
 2.56385e-27 2.58953e-27 3.34192e-26 6.50983e-20 1.59581e-14 4.72866e-10 1.69373e-06 0.000733319 0.0383793 0.242798 0.186129 0.0461193 0.220265 0.202706 0.0324973 0.0230546 0.00648592 0.000702594 0.000119504 7.74025e-06 4.62388e-07 1.52348e-08 3.06664e-10 2.72539e-12 8.49917e-15
 2.56598e-27 2.59539e-27 3.86553e-26 7.61444e-20 1.86659e-14 5.53103e-10 1.98112e-06 0.00085775 0.0448916 0.283997 0.217556 0.0441197 0.182968 0.16839 0.0282479 0.0220032 0.00619155 0.000654549 0.000111647 8.15535e-06 5.20357e-07 1.65543e-08 3.12977e-10 2.87672e-12 1.0421e-14
 2.56585e-27 2.59492e-27 3.81445e-26 7.50666e-20 1.84017e-14 5.45274e-10 1.95308e-06 0.000845609 0.0442561 0.279977 0.214502 0.0451176 0.192708 0.17717 0.0260344 0.0147529 0.00412272 0.000432986 7.33336e-05 5.18243e-06 3.37561e-07 1.2064e-08 2.32335e-10 2.02686e-12 7.28338e-15
 2.56566e-27 2.59442e-27 3.7713e-26 7.41563e-20 1.81785e-14 5.38662e-10 1.9294e-06 0.000835356 0.0437195 0.276582 0.21191 0.0450981 0.194381 0.178754 0.0270394 0.0166403 0.00460066 0.000378383 5.61263e-05 3.95139e-06 2.54426e-07 8.94865e-09 1.85278e-10 1.732e-12 6.06632e-15
 2.56698e-27 2.59803e-27 4.09206e-26 8.09231e-20 1.98373e-14 5.87815e-10 2.10546e-06 0.000911582 0.0477089 0.30182 0.231165 0.0440693 0.173023 0.159058 0.0237788 0.0141665 0.00391742 0.000328441 4.82448e-05 2.7297e-06 1.50478e-07 5.21648e-09 1.06373e-10 1.02829e-12 3.88399e-15
 2.56641e-27 2.59643e-27 3.94724e-26 7.78678e-20 1.90884e-14 5.65622e-10 2.02596e-06 0.000877165 0.0459077 0.290425 0.222475 0.0447749 0.184498 0.169581 0.0244505 0.0130508 0.00360218 0.000307306 4.57275e-05 2.63748e-06 1.38172e-07 3.80073e-09 7.04391e-11 6.69826e-13 2.5645e-15
 2.56583e-27 2.59484e-27 3.804e-26 7.4846e-20 1.83476e-14 5.43672e-10 1.94734e-06 0.000843125 0.0441261 0.279154 0.213879 0.0454198 0.195445 0.179632 0.0253155 0.012492 0.00341424 0.000243213 3.17911e-05 1.82962e-06 9.64702e-08 2.64088e-09 4.22822e-11 3.36491e-13 1.23087e-15
 2.56542e-27 2.5937e-27 3.70002e-26 7.26523e-20 1.78098e-14 5.27737e-10 1.89027e-06 0.000818413 0.0428328 0.270972 0.20764 0.0459629 0.203961 0.187436 0.0256947 0.0113924 0.00308377 0.000182759 1.95559e-05 9.41009e-07 4.19672e-08 1.13672e-09 1.82029e-11 1.33371e-13 4.07791e-16
 2.56543e-27 2.59373e-27 3.70474e-26 7.27519e-20 1.78343e-14 5.28461e-10 1.89286e-06 0.000819536 0.0428915 0.271344 0.207921 0.0457881 0.202434 0.186067 0.0261823 0.0128467 0.00348396 0.000199357 2.01989e-05 8.36876e-07 2.91812e-08 6.35588e-10 9.13469e-12 6.63502e-14 1.93538e-16
#obs catch len freq
 5.02844e-42 6.97914e-34 1.1709e-26 2.37455e-20 5.82094e-15 1.72485e-10 6.17813e-07 0.000267492 0.0139995 0.0885658 0.068353 0.0399226 0.218724 0.186657 0.143518 0.143059 0.0641229 0.0258949 0.00607872 0.000792238 4.24731e-05 6.74776e-07 2.37457e-09 1.50768e-12 1.51548e-16
 5.69949e-42 7.91051e-34 1.32715e-26 2.69144e-20 6.59775e-15 1.95503e-10 7.00261e-07 0.000303189 0.0158677 0.100385 0.0774899 0.0437151 0.223647 0.181943 0.143261 0.131147 0.0565453 0.0207876 0.00439061 0.000494482 2.16303e-05 2.65288e-07 6.93442e-10 3.19288e-13 2.29416e-17
 1.0784e-41 1.49675e-33 2.51112e-26 5.09249e-20 1.24836e-14 3.69913e-10 1.32497e-06 0.000573666 0.0300234 0.189938 0.145915 0.045046 0.181024 0.140478 0.1143 0.0962226 0.0402558 0.0134527 0.00252131 0.000240474 8.49282e-06 8.00646e-08 1.55114e-10 5.17762e-14 2.66236e-18
 1.1162e-41 1.54922e-33 2.59913e-26 5.27098e-20 1.29212e-14 3.82879e-10 1.37141e-06 0.000593773 0.0310757 0.196596 0.151345 0.0583727 0.237563 0.164054 0.0767716 0.0543649 0.0216076 0.00649717 0.00106918 8.48288e-05 2.37465e-06 1.70572e-08 2.44374e-11 5.91204e-15 2.17659e-19
 7.83644e-42 1.08765e-33 1.82475e-26 3.70056e-20 9.07149e-15 2.68805e-10 9.62815e-07 0.000416866 0.0218171 0.138025 0.106887 0.064846 0.274096 0.184739 0.116569 0.0713291 0.0168268 0.00386437 0.000546056 3.55797e-05 7.77322e-07 4.19781e-09 4.41787e-12 7.73347e-16 2.03924e-20
 1.25603e-41 1.74329e-33 2.92472e-26 5.93128e-20 1.45398e-14 4.30842e-10 1.54321e-06 0.000668155 0.0349686 0.221224 0.170145 0.0528625 0.172466 0.122282 0.125565 0.0758546 0.0202278 0.00342461 0.000295258 1.4565e-05 2.44684e-07 9.82556e-10 7.5256e-13 9.47696e-17 1.78556e-21
 1.03637e-41 1.43841e-33 2.41324e-26 4.89399e-20 1.1997e-14 3.55495e-10 1.27332e-06 0.000551305 0.0288531 0.182539 0.141307 0.073722 0.260298 0.153626 0.0860978 0.0508791 0.0186269 0.00326235 0.000229799 6.84326e-06 7.69403e-08 2.23669e-10 1.23613e-13 1.1124e-17 1.48964e-22
 1.27431e-41 1.76866e-33 2.9673e-26 6.01762e-20 1.47515e-14 4.37114e-10 1.56567e-06 0.000677881 0.0354776 0.224447 0.173118 0.0643368 0.192382 0.123953 0.116689 0.0546345 0.0119735 0.00213815 0.000166823 4.03487e-06 2.81974e-08 5.13106e-11 1.9372e-14 1.22797e-18 1.16188e-23
 1.14973e-41 1.59576e-33 2.67721e-26 5.42933e-20 1.33094e-14 3.94381e-10 1.41261e-06 0.000611611 0.0320093 0.202508 0.157027 0.0796179 0.2385 0.133978 0.0946411 0.0462653 0.0130958 0.001646 9.74416e-05 2.28824e-06 1.30983e-08 1.56271e-11 3.63375e-15 1.48831e-19 9.56213e-25
 1.51654e-41 2.10486e-33 3.53134e-26 7.1615e-20 1.75556e-14 5.20204e-10 1.86328e-06 0.000806738 0.0422214 0.267113 0.206096 0.0696651 0.171373 0.103565 0.0931347 0.0369893 0.00795352 0.00102819 5.21083e-05 8.73209e-07 4.13822e-09 4.0036e-12 6.5915e-16 1.73725e-20 7.05521e-26
 1.55102e-41 2.15271e-33 3.61162e-26 7.32429e-20 1.79546e-14 5.32028e-10 1.90564e-06 0.000825076 0.0431812 0.273188 0.211423 0.083217 0.197277 0.0985564 0.0617342 0.0244244 0.00559282 0.000555498 2.33868e-05 3.2763e-07 1.12292e-09 8.07742e-13 1.03222e-16 2.03844e-21 5.79849e-27
 1.15487e-41 1.60288e-33 2.68917e-26 5.45358e-20 1.33688e-14 3.96142e-10 1.41892e-06 0.000614342 0.0321522 0.203424 0.159402 0.103818 0.253575 0.129022 0.0870077 0.0263151 0.00426221 0.000391244 1.36906e-05 1.45973e-07 3.89048e-10 2.05176e-13 1.86315e-17 2.67711e-22 5.65328e-28
 1.72869e-41 2.3993e-33 4.02532e-26 8.16328e-20 2.00113e-14 5.92972e-10 2.12393e-06 0.000919588 0.0481276 0.304483 0.235349 0.07491 0.140443 0.0899064 0.0794958 0.0228234 0.00332209 0.00021203 5.53209e-06 4.68868e-08 9.28794e-11 3.60356e-14 2.3911e-18 2.44925e-23 3.64329e-29
 1.39879e-41 1.94143e-33 3.25716e-26 6.60545e-20 1.61925e-14 4.79813e-10 1.71861e-06 0.0007441 0.0389432 0.246398 0.193533 0.116582 0.234508 0.0986014 0.0510098 0.016635 0.00287757 0.000163549 3.13049e-06 1.81867e-08 2.63072e-11 7.47518e-15 3.56397e-19 2.61582e-24 2.78402e-30
 1.19052e-41 1.65236e-33 2.77218e-26 5.62192e-20 1.37815e-14 4.0837e-10 1.46272e-06 0.000633305 0.0331447 0.209723 0.16625 0.11866 0.228436 0.131523 0.090674 0.0187267 0.00210175 0.000124857 2.27852e-06 1.00279e-08 9.83196e-12 1.9105e-15 6.43898e-20 3.36681e-25 2.54157e-31
 9.48403e-42 1.31632e-33 2.2084e-26 4.47859e-20 1.09787e-14 3.2532e-10 1.16524e-06 0.00050451 0.0264041 0.167096 0.135255 0.132048 0.244304 0.154361 0.109218 0.0274774 0.0032096 0.000120069 1.68632e-06 6.66084e-09 5.20625e-12 7.13532e-16 1.61983e-20 5.74484e-26 3.00242e-32
 1.50158e-41 2.08409e-33 3.49649e-26 7.09082e-20 1.73823e-14 5.1507e-10 1.8449e-06 0.000798776 0.0418048 0.264514 0.207765 0.0989697 0.153652 0.12048 0.0868975 0.0222664 0.0027407 0.000107268 1.15821e-06 3.11919e-09 1.89507e-12 2.0791e-16 3.54951e-21 8.8829e-27 3.16698e-33
 1.04793e-41 1.45445e-33 2.44015e-26 4.94857e-20 1.21308e-14 3.59459e-10 1.28752e-06 0.000557453 0.029175 0.184678 0.153078 0.170077 0.261063 0.11823 0.0630383 0.017807 0.00220769 8.56207e-05 8.95423e-07 2.0081e-09 8.59323e-13 6.57498e-17 8.31297e-22 1.57885e-27 4.19931e-34
 1.53129e-41 2.12533e-33 3.56568e-26 7.23113e-20 1.77262e-14 5.25261e-10 1.8814e-06 0.000814581 0.042632 0.26978 0.213956 0.111287 0.153257 0.126705 0.0690296 0.0113963 0.00109796 4.14742e-05 4.04874e-07 8.18161e-10 2.95059e-13 1.71594e-17 1.52482e-22 2.00381e-28 3.77533e-35
 1.08809e-41 1.5102e-33 2.53367e-26 5.13824e-20 1.25958e-14 3.73236e-10 1.33687e-06 0.000578819 0.0302934 0.191827 0.162998 0.190905 0.247699 0.111118 0.0519576 0.0116842 0.000915439 2.23652e-05 1.7756e-07 3.12739e-10 9.5992e-14 4.60891e-18 3.24415e-23 3.20785e-29 4.34035e-36
 1.3847e-41 1.92187e-33 3.22434e-26 6.53889e-20 1.60293e-14 4.74978e-10 1.7013e-06 0.000736602 0.038551 0.244034 0.198612 0.136085 0.172951 0.140355 0.059834 0.00823297 0.000593152 1.37542e-05 7.64126e-08 9.52635e-11 2.295e-14 8.89556e-19 5.01088e-24 3.9044e-30 4.08766e-37
 1.51282e-41 2.09969e-33 3.52267e-26 7.1439e-20 1.75124e-14 5.18926e-10 1.85871e-06 0.000804756 0.0421181 0.266671 0.219936 0.161677 0.17381 0.0901459 0.0378144 0.00664521 0.000368885 6.0916e-06 2.83293e-08 2.68303e-11 4.46164e-15 1.22363e-19 5.13454e-25 3.05998e-31 2.46252e-38
 1.22456e-41 1.6996e-33 2.85144e-26 5.78266e-20 1.41755e-14 4.20046e-10 1.50454e-06 0.000651413 0.034093 0.216032 0.18813 0.200509 0.211253 0.109548 0.0351028 0.00443304 0.000242368 3.65418e-06 1.23063e-08 8.59333e-12 1.08588e-15 2.15908e-20 6.29789e-26 2.60774e-32 1.49196e-39
 1.47884e-41 2.05254e-33 3.44355e-26 6.98346e-20 1.71191e-14 5.07271e-10 1.81696e-06 0.000786682 0.0411725 0.260799 0.218946 0.162026 0.167909 0.110986 0.0337041 0.0035308 0.000137177 1.63112e-06 4.70924e-09 2.54073e-12 2.29327e-16 3.2764e-21 6.97355e-27 2.08685e-33 8.44428e-41
 1.45131e-41 2.01432e-33 3.37944e-26 6.85343e-20 1.68004e-14 4.97826e-10 1.78313e-06 0.000772035 0.0404064 0.256121 0.222425 0.193907 0.173503 0.0848669 0.0250899 0.0028118 9.32701e-05 8.05409e-07 1.6688e-09 6.93873e-13 4.88023e-17 5.1853e-22 7.88094e-28 1.66663e-34 4.79826e-42
 1.28679e-41 1.78598e-33 2.99635e-26 6.07653e-20 1.48959e-14 4.41393e-10 1.581e-06 0.000684519 0.0358267 0.227338 0.206878 0.214793 0.192468 0.0975565 0.0224745 0.00192048 5.82606e-05 4.41882e-07 6.8974e-10 2.00826e-13 1.00279e-17 7.84206e-23 8.90209e-29 1.39127e-35 2.89877e-43
 1.16085e-41 1.61119e-33 2.7031e-26 5.48183e-20 1.34381e-14 3.98195e-10 1.42627e-06 0.000617526 0.0323213 0.205354 0.195064 0.223468 0.204982 0.111968 0.0243907 0.00179231 4.028e-05 2.38358e-07 3.06615e-10 6.97433e-14 2.52298e-18 1.37676e-23 1.09056e-29 1.2097e-36 1.81934e-44
 1.14658e-41 1.59138e-33 2.66987e-26 5.41444e-20 1.32729e-14 3.93299e-10 1.40873e-06 0.000609934 0.0319239 0.202802 0.191514 0.216184 0.208895 0.119277 0.0267654 0.00198756 4.07432e-05 1.9756e-07 2.02265e-10 3.82253e-14 1.17732e-18 5.37814e-24 3.45014e-30 3.01796e-37 3.5349e-45
#spawning biomass
 15955.3 27553.6 48780.8 63580.2 80648.7 85574.3 105087 130760 154456 203791 226065 297511 412294 336097 313367 341984 299080 364195 385162 439643 452624 487939 506011 536889 626853 466775 376400 364587 372399 6281.22 6281.22 6281.22 6281.22 6281.22 6281.22 6281.22 6281.22 6281.22 6281.22 6281.22 6281.22 6281.22 6281.22 6281.22 6281.22 6281.22 6281.22 6281.22 6281.22 6281.22 6281.22 6281.22 6281.22 6281.22 6281.22 6281.22 6281.22 6281.22 6281.22 6281.22 6281.22 6281.22 6281.22 6281.22 6281.22 6281.22 6281.22 6281.22 6281.22 6281.22 6281.22 6281.22 6281.22 6281.22 6281.22 6281.22 6281.22 6281.22 6281.22 6281.22 6281.22 6281.22 6281.22 6281.22 6281.22 6281.22 6281.22 6281.22 6281.22 6281.22 6281.22 6281.22 6281.22 6281.22 6281.22 6281.22 6281.22 6281.22 6281.22 6281.22 6281.22 6281.22 6281.22 6281.22 6281.22 6281.22 6281.22 6281.22 6281.22 6281.22 6281.22 6281.22 6281.22 6281.22 6281.22 6281.22 6281.22 6281.22 6281.22 6281.22 6281.22 6281.22 6281.22 6281.22 6281.22 6281.22 6281.22 6281.22 0 0 0 0 0 0 0 0 0 0 0 0 0 0 0 0 0 0 0 0 0 0 0 0 0
