SBPRF35
0.18548
Curr Bio
173070
B35
186682
F35
0.863245
FOFL
0.820309
OFL
50497.4
Bzero
52994.1
#pred survey bio
 13903.1 14957.3 15092 16666.8 18863 22724.3 25645.1 29884.1 40646.4 53304.2 66079.2 76084.5 104666 131790 123293 100953 92112.3 88413.6 92833.9 95233.2 94594.2 94746.5 94303.8 100280 114686 120967 116675 112906 4.10705e+06 3.19329e+06 1.84895e+06 1.05022e+06 687120 526874 452216 414251 393317 381119 373792 369329 366596 364921 363890 363251 362868 362638 362500 362416 362366 362336 362317 362306 362300 362296 362293 362292 362291 362290 362290 362290 362290 362290 362290 362290 362290 362289 362289 362289 362289 362289 362289 362289 362289 362289 362289 362289 362289 362289 362289 362289 362289 362289 362289 362289 362289 362289 362289 362289 362289 362289 362289 362289 362289 362289 362289 362289 362289 362289 362289 362289 362289 362289 362289 362289 362289 362289 362289 362289 362289 362289 362289 362289 362289 362289 362289 362289 362289 362289 362289 362289 362289 362289 362289 362289 362289 362289 362289 362289 0 0 0 0 0 0 0 0 0 0 0 0 0 0 0 0 0 0 0 0 0 0 0 0 0
#obs survey bio
 12237.3 18825.5 15017.8 14960.8 14658.8 16888.4 28484 31133.7 38831.8 70361.7 53686.1 99044.6 122993 126620 111651 89216.4 70963.8 90970.4 94709.4 92143.2 94576.8 121944 109461 116228 128143 151983 92241.2 85566.9
#pred catch bio
 5536.45 7405.24 7477.65 9152.17 10705.1 13668.6 16209.2 18884.1 27759.4 36535.8 49787.4 55897.3 77991.2 103784 100275 84324.4 80750 74180.1 77868.7 84643.1 86247.1 86588 86473.4 91453.7 107943 115857 111434 103338 50497.4 72604.9 34299.2 16653.2 10005 7777.09 7084.63 6880.19 6821.98 6805.85 6801.46 6800.28 6799.97 6799.89 6799.87 6799.86 6799.86 6799.86 6799.86 6799.86 6799.86 6799.86 6799.86 6799.86 6799.86 6799.86 6799.86 6799.86 6799.86 6799.86 6799.86 6799.86 6799.86 6799.86 6799.86 6799.86 6799.86 6799.86 6799.86 6799.86 6799.86 6799.86 6799.86 6799.86 6799.86 6799.86 6799.86 6799.86 6799.86 6799.86 6799.86 6799.86 6799.86 6799.86 6799.86 6799.86 6799.86 6799.86 6799.86 6799.86 6799.86 6799.86 6799.86 6799.86 6799.86 6799.86 6799.86 6799.86 6799.86 6799.86 6799.86 6799.86 6799.86 6799.86 6799.86 6799.86 6799.86 6799.86 6799.86 6799.86 6799.86 6799.86 6799.86 6799.86 6799.86 6799.86 6799.86 6799.86 6799.86 6799.86 6799.86 6799.86 6799.86 6799.86 6799.86 6799.86 6799.86 6799.86 6799.86 6799.86 0 0 0 0 0 0 0 0 0 0 0 0 0 0 0 0 0 0 0 0 0 0 0 0 0
#obs catch bio
 6653.72 7443.68 7519.74 9367.62 10920.7 13977.2 16418.2 18608.1 27619.1 35887.9 50401.5 54839.6 76073.1 103601 101888 86083 81417.3 74839.5 75906.6 83049.1 85657.8 83270.4 83687.4 88695.2 104231 111405 110494 103117
#pred cpue bio
 13426.7 14255 14246.1 15667.2 17296.9 21071.8 23770.1 26920.8 36065.6 47800.1 59914.4 67059.1 90959.8 119740 115344 92497.6 82426.1 78551.3 83204.4 84944 82890.4 83698.6 82586.2 86628.5 98710.4 105431 102014 98380.5 3.61102e+06 3.40356e+06 1.84668e+06 1.03873e+06 675296 515037 440379 402414 381480 369282 361955 357492 354759 353084 352053 351414 351031 350801 350663 350579 350529 350499 350480 350469 350463 350459 350456 350455 350454 350453 350453 350453 350453 350453 350452 350452 350452 350452 350452 350452 350452 350452 350452 350452 350452 350452 350452 350452 350452 350452 350452 350452 350452 350452 350452 350452 350452 350452 350452 350452 350452 350452 350452 350452 350452 350452 350452 350452 350452 350452 350452 350452 350452 350452 350452 350452 350452 350452 350452 350452 350452 350452 350452 350452 350452 350452 350452 350452 350452 350452 350452 350452 350452 350452 350452 350452 350452 350452 350452 350452 0 0 0 0 0 0 0 0 0 0 0 0 0 0 0 0 0 0 0 0 0 0 0 0 0
#obs cpue bio
 8437.2 13247.8 9563.08 12263.7 15149.5 19876.2 23049.1 39606.2 34520.2 52682.5 48230.5 99849.1 94290.3 109346 93710.9 82748.3 90015.9 63420.7 150728 117112 83929.9 147254 111213 119130 156793 149313 127782 145629
#pred surv len freq
 2.56159e-27 2.58391e-27 2.90367e-26 5.58553e-20 1.36923e-14 4.05726e-10 1.45324e-06 0.000629198 0.03293 0.208325 0.159748 0.0424872 0.211156 0.194863 0.0409655 0.0446995 0.0185506 0.0134487 0.00813815 0.00612719 0.00478851 0.00414081 0.00416532 0.00370403 0.00113211
 2.56197e-27 2.58535e-27 3.06423e-26 5.92436e-20 1.45228e-14 4.30338e-10 1.5414e-06 0.000667366 0.0349276 0.220962 0.169347 0.0392962 0.180131 0.167136 0.0525741 0.0780795 0.0274917 0.0130209 0.00595341 0.00342923 0.00219023 0.00162238 0.00144746 0.0012897 0.000432305
 2.56294e-27 2.58777e-27 3.25522e-26 6.32718e-20 1.55103e-14 4.59598e-10 1.6462e-06 0.000712743 0.0373024 0.235986 0.180846 0.0410226 0.185189 0.171195 0.0422203 0.0536546 0.0233304 0.0174507 0.00624329 0.00232444 0.00102386 0.000581634 0.000429967 0.000360674 0.000125317
 2.5633e-27 2.58867e-27 3.32429e-26 6.47286e-20 1.58674e-14 4.70181e-10 1.68411e-06 0.000729154 0.0381613 0.241419 0.185005 0.041593 0.186609 0.172452 0.041561 0.0516346 0.0196517 0.0116505 0.00567673 0.00261352 0.000724989 0.000252996 0.000133741 9.67944e-05 3.33426e-05
 2.56496e-27 2.593e-27 3.69308e-26 7.2508e-20 1.77745e-14 5.26689e-10 1.88651e-06 0.000816788 0.0427477 0.270434 0.207161 0.0416531 0.1715 0.158315 0.0355667 0.0414584 0.015578 0.00881981 0.00354453 0.00158802 0.000599102 0.000145206 4.13758e-05 2.17704e-05 7.04679e-06
 2.56444e-27 2.59145e-27 3.54206e-26 6.93215e-20 1.69933e-14 5.03543e-10 1.80361e-06 0.000780893 0.0408691 0.25855 0.198111 0.043209 0.189699 0.174904 0.0348124 0.0355022 0.0128552 0.00662213 0.00258195 0.00103165 0.000343721 0.000100588 1.90329e-05 5.1795e-06 1.41444e-06
 2.56444e-27 2.59147e-27 3.54355e-26 6.9353e-20 1.7001e-14 5.03771e-10 1.80442e-06 0.000781247 0.0408876 0.258667 0.198199 0.0431133 0.18891 0.174235 0.0358006 0.0378838 0.0129499 0.00552905 0.00200756 0.000739533 0.000223242 5.84479e-05 1.1483e-05 1.66526e-06 2.92792e-07
 2.56605e-27 2.59576e-27 3.9179e-26 7.725e-20 1.89369e-14 5.61134e-10 2.00989e-06 0.000870205 0.0455434 0.28812 0.220678 0.0424547 0.168104 0.154938 0.0306191 0.0309165 0.0107196 0.0047873 0.00158206 0.000493242 0.000134181 3.13568e-05 5.59397e-06 6.58717e-07 6.04304e-08
 2.56686e-27 2.59786e-27 4.09439e-26 8.09728e-20 1.98495e-14 5.88177e-10 2.10675e-06 0.000912142 0.0477382 0.302005 0.231285 0.0427032 0.162543 0.149646 0.0267863 0.0234755 0.00797661 0.00334897 0.00112741 0.000350745 8.08062e-05 1.6304e-05 2.5423e-06 2.61875e-07 1.54498e-08
 2.56641e-27 2.59657e-27 3.97186e-26 7.83877e-20 1.92158e-14 5.69399e-10 2.03949e-06 0.000883021 0.0462141 0.292364 0.223938 0.0437015 0.175301 0.161293 0.0265574 0.0199929 0.00648074 0.00226683 0.000727733 0.000217516 5.04375e-05 8.93396e-06 1.16045e-06 1.02172e-07 4.77248e-09
 2.56584e-27 2.59503e-27 3.83813e-26 7.55666e-20 1.85242e-14 5.48906e-10 1.96609e-06 0.000851242 0.0445509 0.281842 0.215907 0.0439249 0.182644 0.168121 0.0287332 0.023224 0.00727283 0.00211404 0.00061456 0.000156933 3.42767e-05 5.95234e-06 6.83813e-07 4.93342e-08 1.91327e-09
 2.56722e-27 2.59875e-27 4.16394e-26 8.24397e-20 2.02091e-14 5.98831e-10 2.14491e-06 0.000928666 0.048603 0.307476 0.23547 0.0432035 0.163409 0.150311 0.0244711 0.017989 0.00571299 0.00180025 0.000494982 0.000105554 1.95596e-05 3.05021e-06 3.34096e-07 2.10123e-08 6.63922e-10
 2.56785e-27 2.60043e-27 4.30975e-26 8.55157e-20 2.09631e-14 6.21175e-10 2.22495e-06 0.000963316 0.0504165 0.318949 0.244227 0.0430046 0.155743 0.143187 0.022306 0.0148346 0.00460705 0.00130099 0.000362933 8.10074e-05 1.31124e-05 1.67781e-06 1.59674e-07 9.28788e-09 2.51607e-10
 2.56584e-27 2.59491e-27 3.81684e-26 7.51171e-20 1.8414e-14 5.45641e-10 1.9544e-06 0.000846178 0.0442859 0.280165 0.214642 0.0448787 0.190791 0.175439 0.0263957 0.016037 0.00488191 0.00123022 0.000325519 6.68711e-05 1.1143e-05 1.32531e-06 1.01968e-07 5.05363e-09 1.23207e-10
 2.56422e-27 2.59055e-27 3.43341e-26 6.70283e-20 1.64312e-14 4.86885e-10 1.74394e-06 0.00075506 0.0395171 0.249997 0.19162 0.0457785 0.213813 0.196747 0.0313179 0.0218946 0.00659231 0.00150467 0.000378915 6.98221e-05 1.06967e-05 1.24067e-06 9.00985e-08 3.63533e-09 7.4735e-11
 2.56532e-27 2.5936e-27 3.70817e-26 7.28248e-20 1.78521e-14 5.2899e-10 1.89475e-06 0.000820356 0.0429345 0.271616 0.208109 0.0445711 0.19304 0.177661 0.0294568 0.0224654 0.00693041 0.00184184 0.000462299 7.74398e-05 1.08016e-05 1.12513e-06 7.73178e-08 2.90217e-09 4.91546e-11
 2.56656e-27 2.59692e-27 3.99578e-26 7.88919e-20 1.93394e-14 5.73061e-10 2.05261e-06 0.000888701 0.0465114 0.294244 0.225382 0.0441942 0.178036 0.163698 0.0248501 0.0154755 0.00483594 0.0014217 0.000377308 7.14614e-05 9.55937e-06 8.92332e-07 5.44667e-08 1.89637e-09 2.93466e-11
 2.56694e-27 2.59789e-27 4.07588e-26 8.05816e-20 1.97536e-14 5.85335e-10 2.09657e-06 0.000907736 0.0475076 0.300546 0.230198 0.0444391 0.176516 0.162188 0.0226418 0.0108072 0.003236 0.000759688 0.000201511 4.20691e-05 6.22605e-06 6.03681e-07 3.32208e-08 1.02062e-09 1.44431e-11
 2.56652e-27 2.59676e-27 3.97724e-26 7.85007e-20 1.92435e-14 5.70219e-10 2.04243e-06 0.000884294 0.0462808 0.292785 0.224275 0.0446214 0.182065 0.167342 0.0241567 0.0129569 0.00376758 0.000672428 0.000158356 2.75415e-05 4.24525e-06 4.58564e-07 2.69194e-08 7.63899e-10 9.53095e-12
 2.56674e-27 2.59736e-27 4.03152e-26 7.96459e-20 1.95242e-14 5.78538e-10 2.07222e-06 0.000897194 0.0469559 0.297056 0.227532 0.0443441 0.177667 0.163308 0.0239011 0.0133927 0.00394861 0.000789561 0.000178757 2.39577e-05 3.05986e-06 3.09253e-07 2.00141e-08 6.09076e-10 7.17369e-12
 2.56755e-27 2.59954e-27 4.22226e-26 8.36697e-20 2.05106e-14 6.07766e-10 2.17692e-06 0.000942522 0.0493282 0.312064 0.238986 0.0440007 0.167006 0.153415 0.021128 0.00956074 0.00281742 0.0005896 0.000137986 2.00997e-05 2.23643e-06 1.74339e-07 1.00092e-08 3.24762e-10 4.09049e-12
 2.56722e-27 2.59861e-27 4.13704e-26 8.18717e-20 2.00699e-14 5.94706e-10 2.13014e-06 0.000922268 0.0482682 0.305358 0.233874 0.044526 0.174595 0.160356 0.0212377 0.00805968 0.00230702 0.000390725 8.83849e-05 1.34787e-05 1.59319e-06 1.20312e-07 5.37182e-09 1.48962e-10 1.93479e-12
 2.56759e-27 2.59963e-27 4.22775e-26 8.37853e-20 2.0539e-14 6.08606e-10 2.17992e-06 0.000943824 0.0493964 0.312495 0.239317 0.0441533 0.167934 0.154235 0.0206169 0.00818294 0.00231238 0.000332328 6.88066e-05 8.71782e-06 1.01386e-06 8.10525e-08 3.6137e-09 8.13762e-11 8.87837e-13
 2.56816e-27 2.60116e-27 4.36427e-26 8.66653e-20 2.1245e-14 6.29526e-10 2.25486e-06 0.000976267 0.0510943 0.323237 0.247513 0.0437103 0.158805 0.145817 0.0192509 0.00718793 0.00203363 0.000304064 6.18569e-05 6.68114e-06 6.66448e-07 4.73088e-08 2.17919e-09 4.92825e-11 4.54297e-13
 2.56831e-27 2.60156e-27 4.39954e-26 8.74094e-20 2.14274e-14 6.34931e-10 2.27422e-06 0.000984649 0.051533 0.326012 0.24963 0.0436233 0.156655 0.143829 0.0188181 0.0067012 0.00188392 0.00026666 5.37539e-05 5.97242e-06 5.55083e-07 3.2786e-08 1.29831e-09 2.90003e-11 2.67512e-13
 2.56781e-27 2.6002e-27 4.27597e-26 8.48025e-20 2.07883e-14 6.15995e-10 2.20639e-06 0.000955282 0.049996 0.316289 0.242215 0.0441998 0.166252 0.152636 0.0194888 0.00601371 0.00167501 0.000227304 4.48241e-05 4.74599e-06 4.40718e-07 2.55298e-08 8.62324e-10 1.62248e-11 1.42488e-13
 2.56768e-27 2.59984e-27 4.2437e-26 8.41217e-20 2.06214e-14 6.1105e-10 2.18868e-06 0.000947613 0.0495947 0.31375 0.240278 0.0443305 0.168608 0.154802 0.0197395 0.0060391 0.00166673 0.000200126 3.75947e-05 3.8195e-06 3.41819e-07 1.91592e-08 6.37733e-10 1.05917e-11 7.81015e-14
 2.56782e-27 2.60022e-27 4.27844e-26 8.48546e-20 2.08011e-14 6.16373e-10 2.20775e-06 0.00095587 0.0500268 0.316483 0.242363 0.0441781 0.165983 0.152392 0.0195224 0.00615071 0.00169898 0.000202452 3.72572e-05 3.37971e-06 2.84476e-07 1.52152e-08 4.86705e-10 7.86991e-12 5.25034e-14
#obs surv len freq
 1.24764e-41 1.73165e-33 2.9052e-26 5.89169e-20 1.44428e-14 4.27966e-10 1.5329e-06 0.000663695 0.0347351 0.219745 0.168528 0.0417152 0.170202 0.142499 0.0892895 0.0845517 0.0333191 0.0120311 0.00243505 0.000271668 1.23362e-05 1.67104e-07 5.10941e-10 2.88211e-13 2.62599e-17
 1.55797e-41 2.16236e-33 3.62782e-26 7.35714e-20 1.80352e-14 5.34415e-10 1.91419e-06 0.000828776 0.0433749 0.274402 0.210298 0.0426514 0.142155 0.11329 0.0742335 0.0647644 0.0244463 0.00798131 0.00143048 0.000136029 5.03025e-06 5.28148e-08 1.20351e-10 4.9278e-14 3.20666e-18
 1.29104e-41 1.79188e-33 3.00626e-26 6.09663e-20 1.49452e-14 4.42853e-10 1.58623e-06 0.000686781 0.0359434 0.22739 0.174639 0.0516663 0.203627 0.149753 0.0735333 0.0557224 0.0201213 0.00591343 0.000927773 7.35158e-05 2.17126e-06 1.75062e-08 2.96674e-11 8.83261e-15 4.11841e-19
 1.55711e-41 2.16116e-33 3.6258e-26 7.35305e-20 1.80251e-14 5.34118e-10 1.91312e-06 0.000828317 0.0433508 0.274251 0.210354 0.0473536 0.149637 0.109529 0.0848854 0.0597419 0.0157672 0.00375604 0.000510186 3.32416e-05 7.68719e-07 4.6848e-09 5.8605e-12 1.26659e-15 4.23745e-20
 1.5388e-41 2.13575e-33 3.58316e-26 7.26658e-20 1.78132e-14 5.27837e-10 1.89063e-06 0.000818576 0.042841 0.271027 0.208134 0.0553076 0.179944 0.118699 0.063956 0.0417743 0.0142548 0.0029455 0.000282396 1.4321e-05 2.55718e-07 1.16086e-09 1.05904e-12 1.65002e-16 3.95039e-21
 1.3492e-41 1.87261e-33 3.14169e-26 6.37128e-20 1.56184e-14 4.62803e-10 1.65768e-06 0.00071772 0.0375626 0.237635 0.182884 0.0612544 0.20555 0.131149 0.0833404 0.0465526 0.0110106 0.0021353 0.000198942 7.17624e-06 9.04576e-08 2.99373e-10 1.97069e-13 2.19293e-17 3.73106e-22
 1.56573e-41 2.17312e-33 3.64587e-26 7.39374e-20 1.81249e-14 5.37074e-10 1.92371e-06 0.0008329 0.0435907 0.27577 0.211974 0.0580969 0.165576 0.104971 0.0831532 0.0438569 0.0104986 0.00156369 0.000110088 3.43315e-06 3.14883e-08 7.0412e-11 3.2237e-14 2.53025e-18 3.03672e-23
 1.73008e-41 2.40124e-33 4.02858e-26 8.16988e-20 2.00275e-14 5.93452e-10 2.12565e-06 0.000920332 0.0481665 0.304719 0.234283 0.0628029 0.163411 0.0928181 0.0566977 0.0277896 0.0073073 0.00102251 5.83989e-05 1.30688e-06 9.16016e-09 1.48977e-11 4.61025e-15 2.43912e-19 2.01334e-24
 1.65714e-41 2.30001e-33 3.85874e-26 7.82544e-20 1.91832e-14 5.68432e-10 2.03603e-06 0.000881531 0.0461358 0.291875 0.224877 0.0712125 0.184598 0.0979329 0.0551505 0.0223319 0.00440928 0.00056228 3.03484e-05 5.42366e-07 2.6851e-09 3.09929e-12 6.8642e-16 2.51333e-20 1.3997e-25
 1.53354e-41 2.12845e-33 3.57092e-26 7.24176e-20 1.77523e-14 5.26034e-10 1.88417e-06 0.000815779 0.0426946 0.270107 0.2087 0.0785768 0.199912 0.10476 0.0664414 0.0237534 0.00385741 0.000363301 1.50962e-05 2.30679e-07 9.01779e-10 7.3896e-13 1.12558e-16 2.86742e-21 1.11607e-26
 1.46626e-41 2.03507e-33 3.41426e-26 6.92405e-20 1.69735e-14 5.02956e-10 1.8015e-06 0.000779989 0.0408215 0.258261 0.200088 0.0841982 0.203861 0.10741 0.0751489 0.0250916 0.00401913 0.000309157 9.14277e-06 9.88181e-08 2.96208e-10 1.86862e-13 2.06628e-17 3.65001e-22 9.72442e-28
 1.87868e-41 2.60749e-33 4.3746e-26 8.8716e-20 2.17477e-14 6.44424e-10 2.30822e-06 0.00099938 0.0523036 0.330898 0.255168 0.0729188 0.140757 0.0739845 0.0532247 0.0168238 0.00272398 0.00019115 4.72276e-06 3.62387e-08 7.31236e-11 3.25384e-14 2.64441e-18 3.42463e-23 6.51879e-29
 1.57016e-41 2.17928e-33 3.6562e-26 7.41469e-20 1.81762e-14 5.38595e-10 1.92916e-06 0.00083526 0.0437142 0.27657 0.215385 0.102273 0.213776 0.0901937 0.0429924 0.0122459 0.00188725 0.000121826 2.7013e-06 1.68572e-08 2.46084e-11 7.34094e-15 3.9981e-19 3.58966e-24 4.86844e-30
 1.27323e-41 1.76716e-33 2.96477e-26 6.0125e-20 1.47389e-14 4.36741e-10 1.56434e-06 0.000677304 0.0354474 0.224282 0.176556 0.113776 0.233493 0.119247 0.077757 0.0169412 0.00172782 9.31882e-05 1.81299e-06 9.60884e-09 1.12221e-11 2.47995e-15 9.36413e-20 5.6321e-25 5.11106e-31
 1.14879e-41 1.59445e-33 2.67502e-26 5.42488e-20 1.32985e-14 3.94058e-10 1.41145e-06 0.000611109 0.031983 0.202374 0.160596 0.117552 0.227564 0.135105 0.0976776 0.0236846 0.00274414 0.000105264 1.40465e-06 5.88269e-09 5.5396e-12 9.5995e-16 2.73176e-20 1.18752e-25 7.51593e-32
 1.55677e-41 2.16069e-33 3.62501e-26 7.35145e-20 1.80212e-14 5.34002e-10 1.91271e-06 0.000828136 0.0433414 0.274228 0.214769 0.100847 0.165633 0.104472 0.07416 0.0191932 0.00242803 9.78605e-05 1.12192e-06 3.18412e-09 2.09739e-12 2.72953e-16 5.91972e-21 1.93902e-26 9.07721e-33
 1.40666e-41 1.95235e-33 3.27547e-26 6.64258e-20 1.62835e-14 4.8251e-10 1.72827e-06 0.000748283 0.0391622 0.247818 0.197601 0.135667 0.214742 0.0974038 0.0519809 0.0131578 0.0016478 6.83059e-05 7.83132e-07 1.97398e-09 9.64818e-13 8.49422e-17 1.27175e-21 2.99793e-27 1.0312e-33
 1.46049e-41 2.02706e-33 3.40081e-26 6.89678e-20 1.69066e-14 5.00975e-10 1.79441e-06 0.000776918 0.0406609 0.257309 0.205189 0.129846 0.189879 0.107962 0.057412 0.00998482 0.000942988 3.58995e-05 3.88632e-07 9.12516e-10 3.91647e-13 2.755e-17 2.99013e-22 4.83099e-28 1.13153e-34
 1.44119e-41 2.00028e-33 3.35588e-26 6.80566e-20 1.66833e-14 4.94356e-10 1.7707e-06 0.000766653 0.0401237 0.253941 0.20473 0.144578 0.195889 0.101256 0.0489407 0.00904008 0.000714908 1.84715e-05 1.55818e-07 3.14126e-10 1.16627e-13 6.95509e-18 6.1664e-23 7.75125e-29 1.34171e-35
 1.55474e-41 2.15788e-33 3.62029e-26 7.34188e-20 1.79977e-14 5.33306e-10 1.91022e-06 0.000827057 0.0432851 0.273959 0.220678 0.141093 0.174892 0.0956981 0.0422763 0.00679033 0.000488662 1.10885e-05 6.72212e-08 9.51755e-11 2.70829e-14 1.29596e-18 9.28219e-24 9.34835e-30 1.27675e-36
 1.50714e-41 2.09181e-33 3.50945e-26 7.11709e-20 1.74467e-14 5.16978e-10 1.85173e-06 0.000801735 0.0419599 0.265629 0.21751 0.160456 0.184558 0.0892925 0.0344023 0.00507532 0.000308523 5.78592e-06 2.88543e-08 3.06195e-11 6.03442e-15 2.02315e-19 1.06333e-24 8.12023e-31 8.52457e-38
 1.54912e-41 2.15008e-33 3.6072e-26 7.31533e-20 1.79327e-14 5.31378e-10 1.90331e-06 0.000824067 0.0431288 0.273062 0.224611 0.160286 0.172691 0.0901366 0.0312336 0.0038284 0.000194143 3.00343e-06 1.1818e-08 9.74934e-12 1.45261e-15 3.49935e-20 1.27466e-25 6.72985e-32 4.97938e-39
 1.55716e-41 2.16123e-33 3.62591e-26 7.35327e-20 1.80257e-14 5.34134e-10 1.91318e-06 0.000828341 0.0433526 0.274547 0.228722 0.170937 0.170204 0.0825796 0.0257743 0.00292934 0.000122152 1.46405e-06 4.45515e-09 2.80084e-12 3.12874e-16 5.60164e-21 1.49631e-26 5.67107e-33 2.94825e-40
 1.59382e-41 2.21212e-33 3.71129e-26 7.52643e-20 1.84502e-14 5.46712e-10 1.95823e-06 0.000847848 0.0443737 0.281078 0.236078 0.1743 0.16213 0.0777246 0.0213152 0.00207609 7.35245e-05 7.18407e-07 1.65596e-09 7.68064e-13 6.31923e-17 8.30054e-22 1.61795e-27 4.45841e-34 1.6791e-41
 1.5886e-41 2.20487e-33 3.69913e-26 7.50175e-20 1.83897e-14 5.44919e-10 1.95181e-06 0.000845068 0.0442285 0.280269 0.239183 0.184151 0.159838 0.0722937 0.0176308 0.00151381 4.4021e-05 3.43025e-07 6.17738e-10 2.1541e-13 1.28873e-17 1.21618e-22 1.70278e-28 3.37448e-35 9.13742e-43
 1.37509e-41 1.90854e-33 3.20197e-26 6.49353e-20 1.59181e-14 4.71683e-10 1.68949e-06 0.000731492 0.0382851 0.242898 0.219093 0.216893 0.18292 0.0806057 0.0172725 0.00126873 3.04802e-05 1.89052e-07 2.6073e-10 6.8376e-14 3.03443e-18 2.08724e-23 2.09664e-29 2.95463e-36 5.67519e-44
 1.39811e-41 1.94049e-33 3.25558e-26 6.60224e-20 1.61846e-14 4.7958e-10 1.71778e-06 0.000743739 0.0389266 0.247055 0.223258 0.205367 0.177031 0.0888508 0.0176072 0.00113579 2.23767e-05 1.09593e-07 1.16028e-10 2.27797e-14 7.43659e-19 3.73021e-24 2.71755e-30 2.76068e-37 3.79615e-45
 1.46767e-41 2.03703e-33 3.41755e-26 6.93072e-20 1.69898e-14 5.0344e-10 1.80324e-06 0.000780741 0.0408631 0.259293 0.232069 0.203069 0.169037 0.0780457 0.0157769 0.00104512 1.89362e-05 8.00368e-08 7.07378e-11 1.14102e-14 3.03301e-19 1.22999e-24 7.20528e-31 5.86806e-38 6.46116e-46
#pred catch len freq
 2.55899e-27 2.57686e-27 2.27996e-26 4.26978e-20 1.04668e-14 3.10151e-10 1.11091e-06 0.000480982 0.0251728 0.159251 0.122305 0.0443002 0.25126 0.231835 0.0468532 0.0488463 0.0202107 0.0145872 0.00882228 0.00664093 0.00518986 0.00448784 0.00451441 0.00401446 0.00122699
 2.55976e-27 2.57939e-27 2.53949e-26 4.8174e-20 1.18093e-14 3.4993e-10 1.25339e-06 0.00054267 0.0284014 0.179676 0.137842 0.0405865 0.212086 0.196668 0.0585997 0.0844042 0.029663 0.0139774 0.0063865 0.00367774 0.00234887 0.00173988 0.00155229 0.0013831 0.000463614
 2.56068e-27 2.58164e-27 2.71443e-26 5.18635e-20 1.27137e-14 3.7673e-10 1.34938e-06 0.000584231 0.0305765 0.193436 0.14838 0.0425252 0.219434 0.202794 0.0477636 0.0583779 0.025307 0.0188492 0.0067409 0.00250889 0.00110505 0.00062775 0.000464058 0.000389271 0.000135253
 2.5613e-27 2.58323e-27 2.84293e-26 5.45739e-20 1.33781e-14 3.96418e-10 1.4199e-06 0.000614763 0.0321745 0.203545 0.156107 0.0430373 0.217903 0.201315 0.0463755 0.0553646 0.0210198 0.0124018 0.00603936 0.00277982 0.00077109 0.000269081 0.000142243 0.000102948 3.54624e-05
 2.56305e-27 2.58782e-27 3.23415e-26 6.28263e-20 1.54011e-14 4.56362e-10 1.63461e-06 0.000707725 0.0370398 0.234324 0.17961 0.0430728 0.201661 0.186125 0.0400822 0.044769 0.0167808 0.00945492 0.00379768 0.00170095 0.000641678 0.000155524 4.43158e-05 2.33173e-05 7.5475e-06
 2.56269e-27 2.58669e-27 3.11801e-26 6.03756e-20 1.48004e-14 4.38561e-10 1.57085e-06 0.000680119 0.035595 0.225184 0.172656 0.0446595 0.218621 0.201545 0.0386604 0.0375775 0.0135739 0.00695755 0.00271115 0.00108295 0.000360798 0.000105585 1.99783e-05 5.43678e-06 1.4847e-06
 2.56288e-27 2.58719e-27 3.16259e-26 6.13161e-20 1.50309e-14 4.45392e-10 1.59532e-06 0.000690713 0.0361494 0.228692 0.175331 0.0444431 0.215095 0.198353 0.0392204 0.0396145 0.0135136 0.00573976 0.00208269 0.000766972 0.000231514 6.06129e-05 1.19083e-05 1.72694e-06 3.03637e-07
 2.56452e-27 2.5916e-27 3.54785e-26 6.94434e-20 1.70232e-14 5.04428e-10 1.80678e-06 0.000782265 0.0409409 0.259004 0.198466 0.043735 0.193453 0.178287 0.0339673 0.0326782 0.0113056 0.00502307 0.00165897 0.000517048 0.000140649 3.28679e-05 5.86354e-06 6.9046e-07 6.33425e-08
 2.56566e-27 2.59459e-27 3.80271e-26 7.48194e-20 1.83411e-14 5.43479e-10 1.94665e-06 0.000842825 0.0441104 0.279055 0.213777 0.0437849 0.183074 0.168543 0.0292285 0.024289 0.00823429 0.00343916 0.00115703 0.00035984 8.2897e-05 1.67257e-05 2.60804e-06 2.68647e-07 1.58493e-08
 2.56519e-27 2.59321e-27 3.67227e-26 7.20674e-20 1.76665e-14 5.23489e-10 1.87505e-06 0.000811824 0.042488 0.268791 0.205957 0.0448415 0.19661 0.180899 0.0289889 0.0206026 0.00666339 0.00231825 0.000743681 0.000222208 5.15224e-05 9.12602e-06 1.1854e-06 1.04368e-07 4.87507e-09
 2.56504e-27 2.59283e-27 3.64038e-26 7.13948e-20 1.75016e-14 5.18603e-10 1.85755e-06 0.000804248 0.0420914 0.266282 0.20404 0.0447473 0.197241 0.181537 0.0301336 0.0230394 0.00720118 0.00208185 0.000604683 0.000154354 3.37114e-05 5.85409e-06 6.72524e-07 4.85197e-08 1.88168e-09
 2.56634e-27 2.59634e-27 3.94779e-26 7.78798e-20 1.90913e-14 5.65709e-10 2.02628e-06 0.0008773 0.0459147 0.290469 0.222498 0.0440639 0.179072 0.164714 0.0261155 0.0181128 0.00573988 0.00179896 0.000494249 0.000105358 1.95218e-05 3.04427e-06 3.33444e-07 2.09713e-08 6.62626e-10
 2.56706e-27 2.59825e-27 4.11481e-26 8.1403e-20 1.9955e-14 5.91301e-10 2.11794e-06 0.000916988 0.0479918 0.30361 0.232527 0.0437889 0.169932 0.156233 0.0237639 0.0148747 0.00460929 0.00129455 0.000360824 8.05069e-05 1.30304e-05 1.66729e-06 1.58673e-07 9.22963e-09 2.50029e-10
 2.56523e-27 2.59325e-27 3.66746e-26 7.19657e-20 1.76415e-14 5.2275e-10 1.8724e-06 0.000810678 0.042428 0.268411 0.205678 0.0455324 0.202064 0.185793 0.0273516 0.0156097 0.00474105 0.00118821 0.000314105 6.45019e-05 1.07474e-05 1.27823e-06 9.83461e-08 4.8741e-09 1.1883e-10
 2.56379e-27 2.58936e-27 3.32556e-26 6.47531e-20 1.58734e-14 4.70359e-10 1.68475e-06 0.00072943 0.0381758 0.241511 0.18515 0.0463246 0.222515 0.204724 0.0317779 0.0209349 0.00629122 0.00142814 0.000359272 6.61768e-05 1.01374e-05 1.17577e-06 8.53854e-08 3.44516e-09 7.08255e-11
 2.56509e-27 2.59293e-27 3.64645e-26 7.15227e-20 1.75329e-14 5.19532e-10 1.86088e-06 0.000805689 0.0421668 0.266759 0.204407 0.0449635 0.198627 0.182769 0.0294814 0.0212346 0.00653813 0.00172814 0.000433381 7.25674e-05 1.01211e-05 1.05422e-06 7.24446e-08 2.71925e-09 4.60564e-11
 2.56661e-27 2.59703e-27 4.00443e-26 7.90745e-20 1.93842e-14 5.74387e-10 2.05736e-06 0.000890757 0.046619 0.294925 0.225904 0.0443021 0.178491 0.164087 0.0243593 0.0142568 0.00444451 0.00129954 0.000344609 6.52435e-05 8.72691e-06 8.14607e-07 4.97222e-08 1.73119e-09 2.67903e-11
 2.5667e-27 2.59722e-27 4.01494e-26 7.92959e-20 1.94384e-14 5.75996e-10 2.06312e-06 0.000893252 0.0467496 0.295751 0.226542 0.0447533 0.181476 0.166734 0.0228848 0.0102165 0.00305073 0.000712294 0.000188746 3.93894e-05 5.82902e-06 5.65174e-07 3.11016e-08 9.55515e-10 1.35217e-11
 2.56628e-27 2.59608e-27 3.91598e-26 7.72084e-20 1.89267e-14 5.60832e-10 2.00881e-06 0.000869737 0.0455189 0.287965 0.2206 0.0449492 0.187142 0.171993 0.0243569 0.0122428 0.00355189 0.000630548 0.000148299 2.5782e-05 3.97369e-06 4.29222e-07 2.51969e-08 7.15018e-10 8.92107e-12
 2.56686e-27 2.59767e-27 4.05839e-26 8.02127e-20 1.96632e-14 5.82655e-10 2.08697e-06 0.00090358 0.0472901 0.29917 0.229146 0.0443654 0.176695 0.162387 0.0232947 0.0122418 0.00360118 0.000716206 0.000161965 2.16985e-05 2.771e-06 2.80051e-07 1.81241e-08 5.51561e-10 6.49628e-12
 2.56781e-27 2.60022e-27 4.28228e-26 8.49356e-20 2.08209e-14 6.16962e-10 2.20985e-06 0.000956782 0.0500745 0.316785 0.242589 0.0438665 0.163453 0.150125 0.0203456 0.00860436 0.00252851 0.000526275 0.00012303 1.79142e-05 1.99305e-06 1.55363e-07 8.91967e-09 2.8941e-10 3.64522e-12
 2.56749e-27 2.59933e-27 4.20001e-26 8.32001e-20 2.03955e-14 6.04355e-10 2.1647e-06 0.000937231 0.0490513 0.310312 0.237654 0.0443621 0.170691 0.156747 0.0204838 0.00724917 0.00206849 0.000348467 7.87182e-05 1.19997e-05 1.41823e-06 1.07097e-07 4.78179e-09 1.326e-10 1.72227e-12
 2.56787e-27 2.60038e-27 4.29434e-26 8.51901e-20 2.08833e-14 6.1881e-10 2.21648e-06 0.000959649 0.0502246 0.317735 0.243315 0.0439773 0.163786 0.1504 0.0198244 0.00734133 0.0020685 0.000295749 6.11357e-05 7.74274e-06 9.00354e-07 7.19766e-08 3.20904e-09 7.22637e-11 7.88416e-13
 2.56839e-27 2.60179e-27 4.41911e-26 8.78222e-20 2.15286e-14 6.3793e-10 2.28496e-06 0.000989299 0.0517763 0.327551 0.250805 0.043568 0.155409 0.142678 0.0185902 0.00647187 0.00182531 0.000271501 5.51488e-05 5.95422e-06 5.93855e-07 4.21546e-08 1.94176e-09 4.3913e-11 4.048e-13
 2.56872e-27 2.60268e-27 4.49877e-26 8.95026e-20 2.19405e-14 6.50136e-10 2.32868e-06 0.00100823 0.052767 0.333819 0.255587 0.04331 0.150087 0.137771 0.0178011 0.00590753 0.00165539 0.00023311 4.69155e-05 5.21053e-06 4.84209e-07 2.8599e-08 1.1325e-09 2.52966e-11 2.33347e-13
 2.56835e-27 2.60166e-27 4.40591e-26 8.75436e-20 2.14603e-14 6.35906e-10 2.27771e-06 0.000986161 0.0516121 0.326512 0.250015 0.0437598 0.157424 0.1445 0.0182522 0.00524227 0.00145466 0.000196399 3.8665e-05 4.09221e-06 3.79955e-07 2.20094e-08 7.43408e-10 1.39873e-11 1.22838e-13
 2.5682e-27 2.60126e-27 4.37062e-26 8.67992e-20 2.12778e-14 6.30498e-10 2.25834e-06 0.000977775 0.0511732 0.323736 0.247897 0.0439014 0.159989 0.14686 0.0185277 0.00527568 0.00145061 0.00017332 3.24976e-05 3.30031e-06 2.95313e-07 1.6552e-08 5.50946e-10 9.15031e-12 6.74729e-14
 2.56807e-27 2.6009e-27 4.3387e-26 8.61259e-20 2.11127e-14 6.25608e-10 2.24082e-06 0.00097019 0.0507763 0.321225 0.245981 0.0440027 0.162106 0.148813 0.0188549 0.00553012 0.00152205 0.000180479 3.31506e-05 3.00599e-06 2.5298e-07 1.35302e-08 4.32801e-10 6.99829e-12 4.66885e-14
#obs catch len freq
 5.98326e-42 8.30437e-34 1.39323e-26 2.82544e-20 6.92624e-15 2.05237e-10 7.35126e-07 0.000318284 0.0166577 0.105383 0.0812354 0.0423159 0.226533 0.191326 0.131885 0.127664 0.0524794 0.0195879 0.00411572 0.000476011 2.25063e-05 3.18278e-07 1.01653e-09 5.97655e-13 5.65106e-17
 6.82751e-42 9.47613e-34 1.58982e-26 3.22412e-20 7.90355e-15 2.34197e-10 8.38854e-07 0.000363195 0.0190082 0.120253 0.0927037 0.0461768 0.230078 0.184742 0.129128 0.114405 0.0447884 0.0151861 0.00287011 0.000285791 1.10144e-05 1.20224e-07 2.84349e-10 1.20612e-13 8.11135e-18
 1.02819e-41 1.42706e-33 2.39419e-26 4.85537e-20 1.19024e-14 3.52689e-10 1.26327e-06 0.000546954 0.0286254 0.181094 0.139231 0.0481672 0.202399 0.1545 0.110495 0.0895322 0.0334006 0.0101703 0.00168997 0.000142218 4.42131e-06 3.71115e-08 6.50702e-11 1.99733e-14 9.57783e-19
 8.80077e-42 1.22149e-33 2.0493e-26 4.15594e-20 1.01878e-14 3.01883e-10 1.0813e-06 0.000468164 0.0245018 0.155008 0.119645 0.0599996 0.261948 0.18289 0.0960989 0.0678035 0.024069 0.0065533 0.000945313 6.57142e-05 1.61788e-06 1.03555e-08 1.34382e-11 2.99049e-15 1.02589e-19
 1.21273e-41 1.68319e-33 2.82391e-26 5.72683e-20 1.40386e-14 4.15991e-10 1.49001e-06 0.000645123 0.0337632 0.213598 0.164284 0.0539643 0.193599 0.135901 0.110616 0.0708315 0.0182209 0.00404515 0.000501107 2.83768e-05 5.42578e-07 2.60922e-09 2.48892e-12 4.00987e-16 9.85408e-21
 1.28404e-41 1.78217e-33 2.98996e-26 6.06357e-20 1.48641e-14 4.40451e-10 1.57762e-06 0.000683057 0.0357485 0.226159 0.17419 0.0635815 0.219962 0.137586 0.0770887 0.0465548 0.0153282 0.00285586 0.000249951 1.09865e-05 1.60943e-07 5.7332e-10 3.97409e-13 4.60484e-17 8.08574e-22
 1.17192e-41 1.62655e-33 2.72887e-26 5.5341e-20 1.35662e-14 4.01991e-10 1.43987e-06 0.000623412 0.0326269 0.206412 0.159398 0.0695521 0.235389 0.142973 0.0930245 0.0471382 0.0107819 0.00191639 0.00015794 4.87667e-06 5.0439e-08 1.30504e-10 6.50709e-14 5.37452e-18 6.69783e-23
 1.4541e-41 2.01819e-33 3.38594e-26 6.86662e-20 1.68327e-14 4.98784e-10 1.78656e-06 0.00077352 0.0404829 0.256111 0.197275 0.0646826 0.184663 0.112383 0.0895897 0.0428586 0.00978353 0.00130997 8.25995e-05 2.17399e-06 1.61258e-08 2.81652e-11 9.75942e-15 5.67759e-19 4.98587e-24
 1.67499e-41 2.32478e-33 3.9003e-26 7.90972e-20 1.93897e-14 5.74554e-10 2.05796e-06 0.000891025 0.0466327 0.295018 0.227195 0.0688513 0.175258 0.0947287 0.0580409 0.0260637 0.00647336 0.000804659 4.03316e-05 7.61257e-07 4.29743e-09 5.41354e-12 1.26556e-15 4.96281e-20 2.99578e-25
 1.64521e-41 2.28344e-33 3.83094e-26 7.76908e-20 1.9045e-14 5.64338e-10 2.02137e-06 0.000875182 0.0458035 0.289775 0.223634 0.0770365 0.189905 0.0957309 0.053508 0.0196216 0.00367015 0.000418687 1.95221e-05 2.89349e-07 1.14753e-09 1.02469e-12 1.70936e-16 4.63375e-21 1.88805e-26
 1.55802e-41 2.16243e-33 3.62792e-26 7.35735e-20 1.80357e-14 5.3443e-10 1.91424e-06 0.000828801 0.0433761 0.274422 0.212396 0.0840489 0.199596 0.100067 0.0620192 0.0199505 0.00303152 0.000253385 9.15811e-06 1.1523e-07 3.56431e-10 2.24731e-13 2.57551e-17 4.85334e-22 1.38138e-27
 1.51767e-41 2.10643e-33 3.53397e-26 7.16682e-20 1.75686e-14 5.2059e-10 1.86467e-06 0.000807337 0.0422528 0.267319 0.207443 0.0892382 0.19951 0.101367 0.0682436 0.0205654 0.00304162 0.000204332 5.20531e-06 4.6404e-08 1.09902e-10 5.3021e-14 4.3944e-18 5.73671e-23 1.11745e-28
 1.92547e-41 2.67243e-33 4.48356e-26 9.09257e-20 2.22894e-14 6.60474e-10 2.36571e-06 0.00102427 0.0536063 0.339142 0.261797 0.076137 0.135867 0.0692949 0.0473985 0.0135951 0.00201076 0.000122303 2.55925e-06 1.60215e-08 2.55232e-11 8.68684e-15 5.27965e-19 5.04195e-24 7.01286e-30
 1.6248e-41 2.25512e-33 3.78343e-26 7.67271e-20 1.88088e-14 5.57338e-10 1.99629e-06 0.000864326 0.0452354 0.2862 0.223342 0.107215 0.205428 0.0826232 0.0378172 0.00982244 0.00137173 7.6477e-05 1.42026e-06 7.14462e-09 8.16254e-12 1.85837e-15 7.56972e-20 5.00722e-25 4.95409e-31
 1.33765e-41 1.85657e-33 3.11478e-26 6.31672e-20 1.54847e-14 4.5884e-10 1.64349e-06 0.000711574 0.037241 0.235637 0.186043 0.120057 0.225585 0.112376 0.0678564 0.0132027 0.00123097 5.75399e-05 9.31232e-07 3.94696e-09 3.57816e-12 6.00195e-16 1.69173e-20 7.49773e-26 4.96417e-32
 1.21952e-41 1.69261e-33 2.83971e-26 5.75887e-20 1.41172e-14 4.18318e-10 1.49835e-06 0.000648733 0.0339522 0.214842 0.171074 0.124272 0.220394 0.129038 0.0851096 0.0186965 0.00190822 6.2334e-05 6.97014e-07 2.33182e-09 1.6952e-12 2.21863e-16 4.69723e-21 1.50276e-26 6.94242e-33
 1.63326e-41 2.26685e-33 3.80312e-26 7.71265e-20 1.89067e-14 5.60239e-10 2.00668e-06 0.000868825 0.0454709 0.287709 0.225787 0.104708 0.15749 0.0981247 0.0632086 0.0149269 0.00164742 5.59496e-05 5.23624e-07 1.18192e-09 6.02073e-13 5.90436e-17 9.49687e-22 2.28393e-27 7.79464e-34
 1.48427e-41 2.06007e-33 3.45619e-26 7.00909e-20 1.7182e-14 5.09133e-10 1.82363e-06 0.00078957 0.041323 0.261505 0.209175 0.140343 0.202355 0.0893061 0.0439019 0.0101547 0.00110594 3.84802e-05 3.55853e-07 7.02626e-10 2.63215e-13 1.74468e-17 1.93596e-22 3.34347e-28 8.36519e-35
 1.54445e-41 2.14359e-33 3.59632e-26 7.29327e-20 1.78786e-14 5.29776e-10 1.89757e-06 0.000821582 0.0429985 0.272117 0.217602 0.133556 0.178503 0.0992065 0.0471373 0.0074183 0.00061819 1.97364e-05 1.71331e-07 3.1244e-10 1.01858e-13 5.36126e-18 4.30484e-23 5.09726e-29 8.68049e-36
 1.5264e-41 2.11854e-33 3.55429e-26 7.20802e-20 1.76696e-14 5.23583e-10 1.87539e-06 0.000811978 0.0424959 0.268974 0.217537 0.147982 0.18307 0.0920445 0.0399891 0.00663435 0.00044961 9.76227e-06 6.63688e-08 1.035e-10 2.9017e-14 1.28747e-18 8.40932e-24 7.73258e-30 9.73674e-37
 1.64304e-41 2.28043e-33 3.8259e-26 7.75885e-20 1.90199e-14 5.63594e-10 2.0187e-06 0.000874029 0.0457434 0.28954 0.233848 0.143047 0.162115 0.0858681 0.0337908 0.00486596 0.00029955 5.60693e-06 2.71285e-08 2.97732e-11 6.39003e-15 2.26622e-19 1.19096e-24 8.74403e-31 8.66631e-38
 1.59634e-41 2.21561e-33 3.71715e-26 7.5383e-20 1.84793e-14 5.47574e-10 1.96132e-06 0.000849185 0.0444433 0.28138 0.231109 0.161934 0.170136 0.0791844 0.0272054 0.00357016 0.000184129 2.83866e-06 1.11989e-08 9.13539e-12 1.35562e-15 3.36653e-20 1.29507e-25 7.1858e-32 5.45701e-39
 1.64085e-41 2.2774e-33 3.8208e-26 7.74851e-20 1.89946e-14 5.62844e-10 2.01602e-06 0.000872865 0.0456828 0.289267 0.238584 0.160778 0.158767 0.0790991 0.0242073 0.00262622 0.000112558 1.42016e-06 4.3975e-09 2.77618e-12 3.10091e-16 5.52247e-21 1.47211e-26 5.64338e-33 3.01419e-40
 1.64942e-41 2.28929e-33 3.84075e-26 7.78897e-20 1.90937e-14 5.65783e-10 2.02654e-06 0.000877422 0.0459215 0.29086 0.242952 0.170453 0.155564 0.0715943 0.0197421 0.00196523 6.85495e-05 6.67095e-07 1.59028e-09 7.61894e-13 6.36139e-17 8.3994e-22 1.63939e-27 4.5107e-34 1.69415e-41
 1.68633e-41 2.34052e-33 3.92671e-26 7.96329e-20 1.95211e-14 5.78445e-10 2.07189e-06 0.000897059 0.0469495 0.297447 0.250415 0.17278 0.147566 0.0665096 0.0160331 0.00136073 4.00784e-05 3.15037e-07 5.65793e-10 1.99408e-13 1.22312e-17 1.18236e-22 1.68125e-28 3.35882e-35 9.13024e-43
 1.68155e-41 2.33389e-33 3.91558e-26 7.94071e-20 1.94657e-14 5.76805e-10 2.06602e-06 0.000894516 0.0468168 0.296737 0.253782 0.181673 0.144883 0.061145 0.0130749 0.000969431 2.32872e-05 1.45218e-07 2.02632e-10 5.34699e-14 2.37977e-18 1.65032e-23 1.68316e-29 2.41518e-36 4.71535e-44
 1.47045e-41 2.04089e-33 3.42402e-26 6.94384e-20 1.7022e-14 5.04393e-10 1.80665e-06 0.000782219 0.0409406 0.259841 0.234936 0.214809 0.167081 0.0680609 0.0127301 0.000801931 1.58142e-05 7.79783e-08 8.29561e-11 1.64078e-14 5.403e-19 2.727e-24 1.99406e-30 2.03365e-37 2.81456e-45
 1.49618e-41 2.0766e-33 3.48393e-26 7.06533e-20 1.73198e-14 5.13218e-10 1.83827e-06 0.000795906 0.0416567 0.264286 0.234681 0.197291 0.167329 0.0786672 0.0144372 0.000840005 1.452e-05 6.09555e-08 5.42039e-11 8.81183e-15 2.3575e-19 9.62188e-25 5.67497e-31 4.65093e-38 5.14636e-46
#spawning biomass
 17570.9 19148.9 19872.2 22223.7 26240.8 31407.7 35469.4 43043.8 60005.7 78051.2 95310 113889 159610 190844 171395 143930 135833 132031 137032 141298 143651 142780 143504 155023 178070 185388 178185 173070 177862 158401 76991.3 39488.9 25359.8 20624.9 19153.2 18718.7 18595 18560.7 18551.4 18548.9 18548.2 18548 18548 18548 18548 18548 18548 18548 18548 18548 18548 18548 18548 18548 18548 18548 18548 18548 18548 18548 18548 18548 18548 18548 18548 18548 18548 18548 18548 18548 18548 18548 18548 18548 18548 18548 18548 18548 18548 18548 18548 18548 18548 18548 18548 18548 18548 18548 18548 18548 18548 18548 18548 18548 18548 18548 18548 18548 18548 18548 18548 18548 18548 18548 18548 18548 18548 18548 18548 18548 18548 18548 18548 18548 18548 18548 18548 18548 18548 18548 18548 18548 18548 18548 18548 18548 18548 18548 0 0 0 0 0 0 0 0 0 0 0 0 0 0 0 0 0 0 0 0 0 0 0 0 0
