SBPRF35
0.00945481
Curr Bio
131685
B35
44658.7
F35
10.743
FOFL
10.743
OFL
337097
Bzero
2701.36
#pred survey bio
 13255.5 7417.77 7258.14 7298.3 10512 15019.6 17743.6 22729.6 38284.9 60525.6 76021.6 97359.7 128182 150244 148775 131626 123029 119092 114099 114062 122465 134224 138259 143784 156312 163388 158555 152752 152376 3.19846e+06 712347 149022 57966.3 39890.5 36707.6 36193.3 36112.8 36100.3 36098.4 36098.1 36098 36098 36098 36098 36098 36098 36098 36098 36098 36098 36098 36098 36098 36098 36098 36098 36098 36098 36098 36098 36098 36098 36098 36098 36098 36098 36098 36098 36098 36098 36098 36098 36098 36098 36098 36098 36098 36098 36098 36098 36098 36098 36098 36098 36098 36098 36098 36098 36098 36098 36098 36098 36098 36098 36098 36098 36098 36098 36098 36098 36098 36098 36098 36098 36098 36098 36098 36098 36098 36098 36098 36098 36098 36098 36098 36098 36098 36098 36098 36098 36098 36098 36098 36098 36098 36098 36098 36098 36098 0 0 0 0 0 0 0 0 0 0 0 0 0 0 0 0 0 0 0 0 0 0 0 0 0
#obs survey bio
 10606.5 10250.6 6234.98 6889.43 9491.21 18891.4 19045.3 30008 34211.8 67396.5 56248 104663 120211 152213 134787 147458 125307 128579 102959 89635.7 135848 133337 113978 152254 177228 167112 153007 164473 135958
#pred catch bio
 8306.59 5166.03 5710.37 5164.14 6225.05 8789.88 10858 10945.3 18583.4 33010 47841.2 56188 80059.1 101355 120104 101704 87455.6 88237.5 84865.7 84351.5 74214.9 84333.8 95124.1 105279 118202 120336 115606 117274 185339 337097 41134.8 4295.49 3845.92 3845.68 3845.68 3845.68 3845.68 3845.68 3845.68 3845.68 3845.68 3845.68 3845.68 3845.68 3845.68 3845.68 3845.68 3845.68 3845.68 3845.68 3845.68 3845.68 3845.68 3845.68 3845.68 3845.68 3845.68 3845.68 3845.68 3845.68 3845.68 3845.68 3845.68 3845.68 3845.68 3845.68 3845.68 3845.68 3845.68 3845.68 3845.68 3845.68 3845.68 3845.68 3845.68 3845.68 3845.68 3845.68 3845.68 3845.68 3845.68 3845.68 3845.68 3845.68 3845.68 3845.68 3845.68 3845.68 3845.68 3845.68 3845.68 3845.68 3845.68 3845.68 3845.68 3845.68 3845.68 3845.68 3845.68 3845.68 3845.68 3845.68 3845.68 3845.68 3845.68 3845.68 3845.68 3845.68 3845.68 3845.68 3845.68 3845.68 3845.68 3845.68 3845.68 3845.68 3845.68 3845.68 3845.68 3845.68 3845.68 3845.68 3845.68 3845.68 3845.68 3845.68 3845.68 3845.68 3845.68 0 0 0 0 0 0 0 0 0 0 0 0 0 0 0 0 0 0 0 0 0 0 0 0 0
#obs catch bio
 5056.82 5160.48 5739.11 5194.62 6218.84 8767.73 10852 10885.4 18513.3 32660.7 47758.2 55928.2 79479.1 100793 120494 101953 87301.6 87946.1 84889.9 84985.1 74061.1 83909.8 95086.9 105752 119138 121226 116545 117891 186567
#pred cpue bio
 12768.9 6579.88 6433.11 6443.46 9110.25 13102.9 15664.8 19900.8 33161.2 52664.2 66950.2 85224.5 112290 132404 132316 117102 109158 105754 101240 100894 107874 118817 122729 127124 137619 144234 140787 135575 134651 2.79186e+06 686762 149772 54360.8 35097.8 31774 31247.8 31166.5 31153.9 31152 31151.7 31151.6 31151.6 31151.6 31151.6 31151.6 31151.6 31151.6 31151.6 31151.6 31151.6 31151.6 31151.6 31151.6 31151.6 31151.6 31151.6 31151.6 31151.6 31151.6 31151.6 31151.6 31151.6 31151.6 31151.6 31151.6 31151.6 31151.6 31151.6 31151.6 31151.6 31151.6 31151.6 31151.6 31151.6 31151.6 31151.6 31151.6 31151.6 31151.6 31151.6 31151.6 31151.6 31151.6 31151.6 31151.6 31151.6 31151.6 31151.6 31151.6 31151.6 31151.6 31151.6 31151.6 31151.6 31151.6 31151.6 31151.6 31151.6 31151.6 31151.6 31151.6 31151.6 31151.6 31151.6 31151.6 31151.6 31151.6 31151.6 31151.6 31151.6 31151.6 31151.6 31151.6 31151.6 31151.6 31151.6 31151.6 31151.6 31151.6 31151.6 31151.6 31151.6 31151.6 31151.6 31151.6 31151.6 31151.6 31151.6 31151.6 0 0 0 0 0 0 0 0 0 0 0 0 0 0 0 0 0 0 0 0 0 0 0 0 0
#obs cpue bio
 7050.71 6416.71 5472.28 6252.55 11740.6 11399.4 15791.8 17791 36459.2 84994.6 57378.6 93450.6 158656 119699 113662 109819 113508 117664 90883.1 97870.8 126264 152053 121377 96196.3 100812 123072 126544 119556 173352
#pred surv len freq
 2.14428e-27 2.16822e-27 6.0147e-27 1.3161e-21 7.82735e-17 1.07025e-12 3.36435e-09 2.43142e-06 0.000403977 0.0154317 0.135522 0.273621 0.127402 0.0240639 0.0645246 0.0908494 0.0403685 0.0421383 0.0400179 0.031455 0.0288015 0.025957 0.0263008 0.0234925 0.00964717
 2.14883e-27 2.18199e-27 7.59724e-27 1.85314e-21 1.10213e-16 1.50697e-12 4.73717e-09 3.42357e-06 0.000568821 0.0217286 0.190821 0.385271 0.179153 0.0276017 0.0524837 0.073293 0.0276837 0.016183 0.0127401 0.00562786 0.00309788 0.00162001 0.00105704 0.000765261 0.00030086
 2.14791e-27 2.17971e-27 7.34977e-27 1.76914e-21 1.05218e-16 1.43866e-12 4.52246e-09 3.26839e-06 0.000543039 0.0207437 0.182172 0.36781 0.171153 0.02956 0.0697024 0.0974321 0.0345053 0.0132471 0.00916957 0.00274655 0.000878155 0.000233697 6.48319e-05 2.63681e-05 8.76631e-06
 2.14851e-27 2.18121e-27 7.51166e-27 1.82407e-21 1.08485e-16 1.48333e-12 4.66288e-09 3.36988e-06 0.0005599 0.0213878 0.187829 0.37923 0.176401 0.0287134 0.0610923 0.0853578 0.031104 0.0147097 0.0104191 0.00255742 0.000533346 9.05479e-05 1.02231e-05 1.23301e-06 2.12899e-07
 2.15025e-27 2.18548e-27 7.96271e-27 1.97707e-21 1.17584e-16 1.60775e-12 5.054e-09 3.65254e-06 0.000606864 0.0231818 0.203584 0.411038 0.191056 0.0273517 0.0431926 0.0600867 0.02162 0.00938015 0.00659821 0.00178401 0.000443638 6.85063e-05 5.07078e-06 2.53157e-07 1.01911e-08
 2.14941e-27 2.18339e-27 7.73757e-27 1.90068e-21 1.13041e-16 1.54563e-12 4.85871e-09 3.51141e-06 0.000583415 0.0222861 0.195717 0.395156 0.183754 0.0284467 0.0546638 0.0762003 0.0265521 0.0088071 0.00580752 0.00156008 0.00039032 6.54076e-05 5.67664e-06 2.62943e-07 5.3678e-09
 2.14833e-27 2.18077e-27 7.46176e-27 1.80713e-21 1.07477e-16 1.46956e-12 4.61958e-09 3.33858e-06 0.0005547 0.0211892 0.186084 0.375708 0.174789 0.0291442 0.0647837 0.090515 0.0322982 0.0131567 0.00904162 0.0022037 0.00044957 7.20942e-05 6.37419e-06 3.19337e-07 7.04091e-09
 2.14937e-27 2.18333e-27 7.73649e-27 1.90034e-21 1.13021e-16 1.54536e-12 4.85785e-09 3.51078e-06 0.000583311 0.0222821 0.195682 0.395086 0.183704 0.0279671 0.0517574 0.0721907 0.0263268 0.0125198 0.0089304 0.00233242 0.000544526 8.36371e-05 6.23787e-06 2.84618e-07 6.33749e-09
 2.15026e-27 2.18552e-27 7.96627e-27 1.97828e-21 1.17656e-16 1.60873e-12 5.05707e-09 3.65476e-06 0.000607233 0.0231959 0.203708 0.411288 0.191173 0.0273989 0.0434048 0.0603731 0.0215444 0.00879144 0.00614781 0.00177501 0.000497399 8.4439e-05 7.25241e-06 3.37705e-07 6.82242e-09
 2.1497e-27 2.18412e-27 7.81553e-27 1.92713e-21 1.14614e-16 1.56714e-12 4.92633e-09 3.56027e-06 0.000591534 0.0225962 0.198441 0.400655 0.186284 0.028117 0.0509938 0.0710377 0.0248698 0.0086267 0.0057593 0.00155108 0.000394734 7.11685e-05 7.1865e-06 3.82459e-07 8.573e-09
 2.14856e-27 2.18131e-27 7.51845e-27 1.82636e-21 1.08621e-16 1.48519e-12 4.66873e-09 3.3741e-06 0.000560602 0.0214146 0.188064 0.379705 0.176633 0.0290187 0.0628127 0.087723 0.0311208 0.012107 0.00825321 0.00205933 0.000444486 7.29995e-05 6.73589e-06 3.70224e-07 9.38407e-09
 2.14934e-27 2.18327e-27 7.72908e-27 1.89783e-21 1.12871e-16 1.54331e-12 4.85142e-09 3.50613e-06 0.000582539 0.0222526 0.195423 0.394562 0.183465 0.0280569 0.0524631 0.0731749 0.0265315 0.0121393 0.00857924 0.00219227 0.000491272 7.58879e-05 5.88318e-06 2.7884e-07 6.53733e-09
 2.14915e-27 2.18278e-27 7.67516e-27 1.87952e-21 1.11783e-16 1.52843e-12 4.80463e-09 3.47232e-06 0.000576921 0.022038 0.193539 0.390758 0.18172 0.0284291 0.0558817 0.0779576 0.0277244 0.0110088 0.0076162 0.00210356 0.000547089 8.89711e-05 7.16585e-06 3.25038e-07 6.65433e-09
 2.14855e-27 2.18131e-27 7.51942e-27 1.82669e-21 1.08641e-16 1.48547e-12 4.66958e-09 3.37472e-06 0.000560705 0.0214185 0.188099 0.379774 0.176661 0.0289204 0.0621915 0.086863 0.0310298 0.0127535 0.00882775 0.00227536 0.000526114 8.77802e-05 7.86867e-06 3.82615e-07 7.95948e-09
 2.14764e-27 2.17907e-27 7.28453e-27 1.74702e-21 1.03902e-16 1.42068e-12 4.46592e-09 3.22753e-06 0.000536249 0.0204844 0.179895 0.363211 0.169027 0.0295555 0.0710609 0.0993973 0.0358996 0.0159915 0.0112544 0.00290406 0.000665769 0.00010498 8.4496e-06 4.0459e-07 9.00594e-09
 2.14771e-27 2.17925e-27 7.30479e-27 1.7539e-21 1.04311e-16 1.42627e-12 4.48351e-09 3.24024e-06 0.000538362 0.0205651 0.180603 0.364642 0.16968 0.0293342 0.0692788 0.0969126 0.0353936 0.0169868 0.0121186 0.00311781 0.000707752 0.000109107 8.22566e-06 3.58012e-07 7.19287e-09
 2.14801e-27 2.18e-27 7.38431e-27 1.78088e-21 1.05916e-16 1.44821e-12 4.55246e-09 3.29008e-06 0.000546641 0.0208813 0.183381 0.370249 0.172263 0.0290809 0.0660422 0.0923441 0.0336914 0.0160697 0.0114954 0.00307308 0.000751117 0.00011786 8.9167e-06 3.81521e-07 7.26252e-09
 2.1479e-27 2.17972e-27 7.35416e-27 1.77065e-21 1.05307e-16 1.43989e-12 4.52631e-09 3.27118e-06 0.000543501 0.0207614 0.182328 0.368123 0.171285 0.029213 0.0674895 0.0943783 0.0343293 0.0160531 0.0114592 0.00310935 0.00078519 0.000128358 1.05561e-05 4.76774e-07 9.22932e-09
 2.14799e-27 2.17994e-27 7.37774e-27 1.77865e-21 1.05783e-16 1.4464e-12 4.54676e-09 3.28596e-06 0.000545957 0.0208552 0.183151 0.369786 0.172051 0.0291276 0.0664672 0.0929389 0.0338433 0.0159408 0.0113751 0.00303633 0.000745358 0.0001219 1.02292e-05 4.80875e-07 9.89163e-09
 2.1483e-27 2.18071e-27 7.45928e-27 1.80631e-21 1.07428e-16 1.46889e-12 4.61746e-09 3.33705e-06 0.000554446 0.0211795 0.185999 0.375536 0.1747 0.0288966 0.0633239 0.0884989 0.0321482 0.0149005 0.0106036 0.00283598 0.000697347 0.000112816 9.24624e-06 4.32033e-07 9.05335e-09
 2.14869e-27 2.18166e-27 7.558e-27 1.83979e-21 1.09419e-16 1.49611e-12 4.70305e-09 3.39891e-06 0.000564724 0.0215721 0.189447 0.382497 0.17791 0.02866 0.0597813 0.083487 0.0301252 0.0133351 0.0094013 0.00250042 0.000609063 9.85227e-05 8.0854e-06 3.74609e-07 7.72859e-09
 2.14817e-27 2.18038e-27 7.4231e-27 1.79403e-21 1.06698e-16 1.4589e-12 4.58608e-09 3.31437e-06 0.000550678 0.0210355 0.184735 0.372984 0.173528 0.0290973 0.0653181 0.0912959 0.0329444 0.0145884 0.0103032 0.00278717 0.000702113 0.000116386 9.9696e-06 4.77867e-07 1.00982e-08
 2.14796e-27 2.17989e-27 7.37255e-27 1.77689e-21 1.05678e-16 1.44496e-12 4.54226e-09 3.28271e-06 0.000545417 0.0208346 0.18297 0.36942 0.171881 0.0291115 0.0664788 0.0929608 0.0339262 0.0162124 0.0116086 0.00312423 0.000780666 0.000130365 1.14245e-05 5.62669e-07 1.22939e-08
 2.14839e-27 2.18094e-27 7.48411e-27 1.81473e-21 1.07929e-16 1.47574e-12 4.639e-09 3.35262e-06 0.000557033 0.0212783 0.186867 0.377288 0.175505 0.0287609 0.0619672 0.0865943 0.0315775 0.015014 0.0107581 0.00294064 0.00075308 0.000124643 1.06256e-05 5.18048e-07 1.14219e-08
 2.14873e-27 2.18175e-27 7.56744e-27 1.84299e-21 1.0961e-16 1.49872e-12 4.71124e-09 3.40482e-06 0.000565706 0.0216096 0.189777 0.383162 0.178217 0.0286533 0.0595402 0.0831419 0.029931 0.0130325 0.00916943 0.0024692 0.000616894 0.000101892 8.69503e-06 4.17629e-07 8.95822e-09
 2.14838e-27 2.18087e-27 7.47344e-27 1.8111e-21 1.07713e-16 1.47278e-12 4.62971e-09 3.34591e-06 0.000555917 0.0212357 0.186493 0.376532 0.175167 0.0290659 0.0640571 0.0894952 0.0319937 0.0132244 0.00916714 0.00236807 0.000546051 8.7557e-05 7.24704e-06 3.42417e-07 7.28046e-09
 2.14782e-27 2.17952e-27 7.33153e-27 1.76297e-21 1.0485e-16 1.43364e-12 4.50667e-09 3.25698e-06 0.000541143 0.0206713 0.181536 0.366526 0.170554 0.0294018 0.0691238 0.0966659 0.0349218 0.0155821 0.010956 0.00279036 0.000622012 9.66426e-05 7.53505e-06 3.40696e-07 7.06178e-09
 2.14799e-27 2.17994e-27 7.3786e-27 1.77894e-21 1.05801e-16 1.44663e-12 4.54751e-09 3.2865e-06 0.000546047 0.0208586 0.183182 0.369847 0.172077 0.0290755 0.0661309 0.0924746 0.0338133 0.0163553 0.0117087 0.00307684 0.000728386 0.000113596 8.62481e-06 3.75365e-07 7.40832e-09
 2.14839e-27 2.18093e-27 7.48218e-27 1.81407e-21 1.0789e-16 1.4752e-12 4.63732e-09 3.3514e-06 0.000556831 0.0212706 0.186799 0.377151 0.175445 0.0288491 0.0625472 0.0873983 0.0316794 0.0144696 0.010273 0.00275852 0.000681561 0.000108721 8.52418e-06 3.73645e-07 7.17542e-09
#obs surv len freq
 1.23891e-39 6.06363e-33 6.82289e-27 1.76502e-21 1.04972e-16 1.43531e-12 4.51189e-09 3.26076e-06 0.000541779 0.0206953 0.181746 0.36695 0.170744 0.0292255 0.0679195 0.0949721 0.0343391 0.0154481 0.0112841 0.00398872 0.0015814 0.000454076 9.45091e-05 1.20861e-05 7.89625e-07
 1.31542e-39 6.43805e-33 7.2442e-27 1.87401e-21 1.11454e-16 1.52393e-12 4.7905e-09 3.4621e-06 0.000575233 0.0219732 0.192968 0.389608 0.181182 0.0282452 0.0551066 0.0768938 0.0277186 0.0122061 0.00885423 0.00306436 0.00118684 0.000336274 6.87385e-05 8.58892e-06 5.45863e-07
 1.15153e-39 5.63592e-33 6.34162e-27 1.64052e-21 9.75678e-17 1.33406e-12 4.19364e-09 3.03075e-06 0.000503564 0.0192355 0.168926 0.341068 0.158842 0.0309299 0.0861251 0.120561 0.0423938 0.0153257 0.0106198 0.00362384 0.00137639 0.000380858 7.60254e-05 9.31662e-06 5.79072e-07
 1.34567e-39 6.5861e-33 7.41078e-27 1.9171e-21 1.14017e-16 1.55898e-12 4.90066e-09 3.54172e-06 0.000588461 0.0224785 0.197406 0.398567 0.185296 0.0275076 0.0479039 0.0667999 0.0249654 0.0137543 0.0102178 0.00312943 0.0010421 0.000279064 5.42801e-05 6.47906e-06 3.93743e-07
 1.39019e-39 6.80403e-33 7.656e-27 1.98054e-21 1.1779e-16 1.61056e-12 5.06282e-09 3.65891e-06 0.000607933 0.0232223 0.203938 0.411755 0.191396 0.0275722 0.0443227 0.061623 0.0213727 0.00678496 0.00462688 0.00180562 0.00074869 0.000184686 3.21929e-05 3.68094e-06 2.17604e-07
 1.26103e-39 6.17186e-33 6.94467e-27 1.79652e-21 1.06846e-16 1.46092e-12 4.59243e-09 3.31896e-06 0.000551449 0.0210647 0.18499 0.3735 0.173789 0.0296925 0.0687967 0.0960861 0.0330864 0.00970012 0.00619717 0.00177657 0.000563441 0.000166573 3.27485e-05 3.47349e-06 1.90814e-07
 1.27157e-39 6.22347e-33 7.00275e-27 1.81155e-21 1.07739e-16 1.47314e-12 4.63083e-09 3.34671e-06 0.000556061 0.0212408 0.186537 0.376623 0.175206 0.0289618 0.0633948 0.0885758 0.0318549 0.0137705 0.00969289 0.00266618 0.000725061 0.00016077 2.80402e-05 3.32353e-06 1.85489e-07
 1.41987e-39 6.94929e-33 7.81945e-27 2.02282e-21 1.20305e-16 1.64495e-12 5.17091e-09 3.73703e-06 0.000620912 0.023718 0.208292 0.420545 0.195436 0.0269411 0.0378213 0.0524984 0.0186965 0.00751847 0.00533447 0.00179095 0.000628735 0.000134088 1.86431e-05 1.79711e-06 9.92541e-08
 1.42076e-39 6.95362e-33 7.82433e-27 2.02408e-21 1.2038e-16 1.64597e-12 5.17413e-09 3.73936e-06 0.0006213 0.0237328 0.208422 0.420807 0.195571 0.0273082 0.039983 0.0554817 0.0188836 0.00481758 0.00296775 0.000957064 0.000339634 8.76118e-05 1.4327e-05 1.24298e-06 5.58825e-08
 1.3515e-39 6.61465e-33 7.44291e-27 1.92541e-21 1.14511e-16 1.56574e-12 4.9219e-09 3.55707e-06 0.000591012 0.0225759 0.198262 0.400295 0.186129 0.0284057 0.0528652 0.073628 0.0251367 0.00665822 0.00406273 0.00104898 0.000263028 6.34534e-05 1.12462e-05 1.1434e-06 5.27586e-08
 1.32298e-39 6.47509e-33 7.28587e-27 1.88479e-21 1.12095e-16 1.5327e-12 4.81806e-09 3.48202e-06 0.000578543 0.0220996 0.194079 0.391849 0.182232 0.0286087 0.0566497 0.0790004 0.0275508 0.00921186 0.00607219 0.00159137 0.000388428 7.41235e-05 9.97574e-06 9.88461e-07 5.05634e-08
 1.35797e-39 6.6463e-33 7.47853e-27 1.93462e-21 1.15059e-16 1.57323e-12 4.94546e-09 3.57409e-06 0.000593841 0.022684 0.19921 0.40221 0.186999 0.0279867 0.04973 0.0692632 0.0243334 0.00871832 0.00591998 0.00172931 0.000506195 9.93105e-05 1.19619e-05 9.22439e-07 4.06857e-08
 1.33649e-39 6.54121e-33 7.36028e-27 1.90403e-21 1.1324e-16 1.54835e-12 4.86726e-09 3.51758e-06 0.000584451 0.0223253 0.196061 0.395851 0.184075 0.0284294 0.0543492 0.07575 0.0262918 0.00839288 0.00554328 0.00167872 0.000530197 0.000117322 1.62242e-05 1.2304e-06 4.57093e-08
 1.2935e-39 6.33077e-33 7.12348e-27 1.84278e-21 1.09597e-16 1.49854e-12 4.71067e-09 3.40441e-06 0.000565648 0.021607 0.189753 0.383116 0.178209 0.0289947 0.0616384 0.0860365 0.0300895 0.0103396 0.00692727 0.00198207 0.000582549 0.00013353 2.04175e-05 1.75544e-06 6.94137e-08
 1.16636e-39 5.70853e-33 6.42333e-27 1.66166e-21 9.88248e-17 1.35125e-12 4.24767e-09 3.0698e-06 0.000510052 0.0194833 0.171102 0.345462 0.160862 0.0306271 0.0829527 0.116115 0.0411874 0.0160202 0.0111138 0.00329805 0.0010069 0.000220261 3.25098e-05 2.96348e-06 1.30135e-07
 1.27044e-39 6.2179e-33 6.99648e-27 1.80992e-21 1.07643e-16 1.47182e-12 4.62669e-09 3.34372e-06 0.000555563 0.0212218 0.18637 0.376286 0.175034 0.0285497 0.0609807 0.0852386 0.0315574 0.0164872 0.0122019 0.00387158 0.0012976 0.000296513 4.42448e-05 3.91051e-06 1.73814e-07
 1.22882e-39 6.0142e-33 6.76728e-27 1.75063e-21 1.04117e-16 1.42361e-12 4.47512e-09 3.23418e-06 0.000537363 0.0205266 0.180264 0.363959 0.169375 0.0296079 0.0711557 0.0994906 0.0353444 0.0139457 0.0100108 0.00378373 0.00154053 0.000385809 6.2676e-05 5.7411e-06 2.54037e-07
 1.27671e-39 6.24861e-33 7.03103e-27 1.81886e-21 1.08174e-16 1.47909e-12 4.64953e-09 3.36023e-06 0.000558307 0.0213266 0.18729 0.378144 0.175901 0.0287406 0.0615857 0.086041 0.0311516 0.0141338 0.0102141 0.00328482 0.00119822 0.000351935 6.83415e-05 6.94179e-06 3.26327e-07
 1.24256e-39 6.08149e-33 6.84299e-27 1.77022e-21 1.05281e-16 1.43953e-12 4.52519e-09 3.27036e-06 0.000543375 0.0207562 0.182281 0.368031 0.171251 0.0294329 0.06886 0.0962565 0.0342371 0.0136311 0.00968665 0.00335847 0.00126931 0.000329727 6.35995e-05 7.54228e-06 4.05662e-07
 1.26172e-39 6.17523e-33 6.94847e-27 1.7975e-21 1.06904e-16 1.46172e-12 4.59494e-09 3.32077e-06 0.000551751 0.0210762 0.185091 0.373704 0.173858 0.0290066 0.064548 0.0902083 0.0325123 0.0142902 0.0102698 0.00331133 0.00118096 0.000320705 6.05609e-05 6.87416e-06 3.98841e-07
 1.27379e-39 6.23431e-33 7.01495e-27 1.8147e-21 1.07927e-16 1.47571e-12 4.6389e-09 3.35254e-06 0.00055703 0.0212778 0.186862 0.377279 0.175507 0.0289151 0.0629115 0.0878847 0.0314578 0.0131529 0.00942361 0.00320865 0.00119078 0.000305832 5.6184e-05 6.38814e-06 3.62695e-07
 1.26314e-39 6.1822e-33 6.95632e-27 1.79953e-21 1.07025e-16 1.46337e-12 4.60013e-09 3.32452e-06 0.000552374 0.0211 0.1853 0.374126 0.174057 0.0291188 0.0651059 0.0909707 0.0324523 0.0132184 0.00938295 0.00310811 0.00113727 0.000304481 5.62899e-05 6.17484e-06 3.45337e-07
 1.26289e-39 6.18098e-33 6.95493e-27 1.79918e-21 1.07004e-16 1.46308e-12 4.59921e-09 3.32386e-06 0.000552264 0.0210958 0.185263 0.374051 0.174021 0.0290622 0.0647824 0.0905259 0.0324496 0.0137091 0.00978934 0.00319415 0.00114044 0.000298576 5.54886e-05 6.20013e-06 3.41925e-07
 1.258e-39 6.15706e-33 6.92803e-27 1.79221e-21 1.0659e-16 1.45742e-12 4.58142e-09 3.311e-06 0.000550127 0.0210142 0.184546 0.372604 0.173354 0.0291177 0.0655579 0.0916203 0.032852 0.0139133 0.00996634 0.00331944 0.0012072 0.000311155 5.63668e-05 6.24241e-06 3.47288e-07
 1.26637e-39 6.19802e-33 6.97411e-27 1.80414e-21 1.07299e-16 1.46712e-12 4.6119e-09 3.33303e-06 0.000553787 0.021154 0.185774 0.375083 0.174494 0.028976 0.0639452 0.0893505 0.0320962 0.0137763 0.00989723 0.00330317 0.00121067 0.000317892 5.79205e-05 6.29637e-06 3.45043e-07
 1.1961e-39 5.8541e-33 6.58712e-27 1.70403e-21 1.01345e-16 1.38571e-12 4.35598e-09 3.14808e-06 0.000523058 0.0199801 0.175466 0.35427 0.16491 0.0299758 0.0763216 0.106797 0.0382707 0.0161358 0.0115614 0.00388903 0.0014385 0.000379858 7.01134e-05 7.70437e-06 4.19349e-07
 1.19244e-39 5.83617e-33 6.56695e-27 1.69881e-21 1.01034e-16 1.38146e-12 4.34264e-09 3.13844e-06 0.000521456 0.0199189 0.174928 0.353185 0.164394 0.0295872 0.0742764 0.103989 0.0382997 0.0194073 0.0143742 0.00479232 0.00175823 0.000467555 8.71477e-05 9.67788e-06 5.32263e-07
 1.23104e-39 6.02507e-33 6.77951e-27 1.75379e-21 1.04305e-16 1.42618e-12 4.4832e-09 3.24002e-06 0.000538334 0.0205637 0.18059 0.364617 0.16966 0.0290837 0.0677574 0.0947821 0.0347868 0.0172706 0.0129393 0.00481534 0.00196076 0.000523582 9.73823e-05 1.09027e-05 6.05859e-07
 1.23104e-39 6.02507e-33 6.77951e-27 1.75379e-21 1.04305e-16 1.42618e-12 4.4832e-09 3.24002e-06 0.000538334 0.0205637 0.18059 0.364617 0.16966 0.0290837 0.0677574 0.0947821 0.0347868 0.0172706 0.0129393 0.00481534 0.00196076 0.000523582 9.73823e-05 1.09027e-05 6.05859e-07
#pred catch len freq
 2.14419e-27 2.1687e-27 6.10717e-27 1.34757e-21 8.0145e-17 1.09584e-12 3.44479e-09 2.48956e-06 0.000413636 0.0158006 0.138762 0.280164 0.130466 0.0251023 0.0688945 0.0969726 0.0423333 0.0421734 0.0390754 0.0285061 0.0246377 0.0209505 0.0204258 0.017968 0.00735144
 2.14876e-27 2.18181e-27 7.57862e-27 1.84681e-21 1.09837e-16 1.50183e-12 4.72101e-09 3.41189e-06 0.00056688 0.0216544 0.19017 0.383957 0.178554 0.0278491 0.0543904 0.0759632 0.0284107 0.015754 0.0121877 0.00506032 0.00261133 0.00128382 0.000797081 0.000564821 0.000220957
 2.14785e-27 2.17956e-27 7.33238e-27 1.76324e-21 1.04866e-16 1.43386e-12 4.50736e-09 3.25748e-06 0.000541226 0.0206745 0.181564 0.366582 0.170593 0.0297468 0.0712127 0.0995416 0.0349897 0.0125931 0.00853844 0.00244194 0.00072347 0.000182257 4.74061e-05 1.85517e-05 6.10818e-06
 2.14839e-27 2.18091e-27 7.47851e-27 1.81282e-21 1.07816e-16 1.47419e-12 4.63413e-09 3.3491e-06 0.000556447 0.0212559 0.18667 0.376891 0.175328 0.0289258 0.0630937 0.0881626 0.0318753 0.0142972 0.0100024 0.00238871 0.000464044 7.57077e-05 8.10563e-06 9.29214e-07 1.56171e-07
 2.15007e-27 2.18505e-27 7.91685e-27 1.96151e-21 1.16659e-16 1.5951e-12 5.01422e-09 3.62379e-06 0.000602088 0.0229993 0.201981 0.407803 0.189568 0.0275518 0.0453892 0.0631766 0.0226264 0.00948493 0.00660548 0.00173433 0.00040813 6.1571e-05 4.3884e-06 2.10926e-07 8.1984e-09
 2.14919e-27 2.18286e-27 7.68017e-27 1.88121e-21 1.11883e-16 1.5298e-12 4.80894e-09 3.47543e-06 0.000577438 0.0220577 0.193712 0.391108 0.181892 0.0286952 0.057401 0.0800506 0.0278049 0.00893391 0.00582113 0.00151937 0.000359485 5.86071e-05 4.90338e-06 2.21411e-07 4.4273e-09
 2.14811e-27 2.18022e-27 7.4026e-27 1.78706e-21 1.06283e-16 1.45324e-12 4.56827e-09 3.3015e-06 0.000548539 0.0209538 0.184018 0.371535 0.17287 0.0294135 0.0676854 0.0945948 0.0335978 0.0131915 0.00897296 0.00213623 0.000409938 6.36334e-05 5.40898e-06 2.63495e-07 5.70033e-09
 2.14907e-27 2.18261e-27 7.65943e-27 1.8742e-21 1.11466e-16 1.5241e-12 4.79102e-09 3.46248e-06 0.000575286 0.0219755 0.19299 0.38965 0.181201 0.0282463 0.0551 0.0769012 0.0279773 0.013095 0.00929385 0.00237448 0.000529589 7.96511e-05 5.74801e-06 2.54694e-07 5.56294e-09
 2.15002e-27 2.18491e-27 7.90129e-27 1.95624e-21 1.16345e-16 1.59081e-12 5.00073e-09 3.61404e-06 0.000600467 0.0229374 0.201438 0.406705 0.189064 0.0276434 0.0462789 0.0644217 0.0229406 0.0092058 0.00639529 0.00179693 0.00048182 8.00092e-05 6.64895e-06 3.02347e-07 5.99936e-09
 2.14947e-27 2.18354e-27 7.75363e-27 1.90613e-21 1.13365e-16 1.55006e-12 4.87265e-09 3.52148e-06 0.000585088 0.02235 0.196278 0.396289 0.184275 0.0283714 0.0538627 0.0750753 0.0262119 0.00886057 0.00585875 0.00153577 0.000370597 6.48776e-05 6.31853e-06 3.28533e-07 7.23652e-09
 2.14836e-27 2.18081e-27 7.46464e-27 1.8081e-21 1.07535e-16 1.47035e-12 4.62206e-09 3.34037e-06 0.000554998 0.0212005 0.186184 0.37591 0.174887 0.0292718 0.065502 0.0915027 0.032309 0.0120826 0.00814121 0.00197961 0.00040141 6.3799e-05 5.6483e-06 3.01272e-07 7.48813e-09
 2.14913e-27 2.18273e-27 7.67185e-27 1.87841e-21 1.11716e-16 1.52752e-12 4.80178e-09 3.47026e-06 0.000576579 0.0220249 0.193424 0.390526 0.181608 0.0282996 0.0551617 0.0769719 0.027781 0.012314 0.00862919 0.00215028 0.00045569 6.85905e-05 5.12272e-06 2.35199e-07 5.39731e-09
 2.14897e-27 2.18232e-27 7.62539e-27 1.86264e-21 1.10778e-16 1.51469e-12 4.76146e-09 3.44112e-06 0.000571737 0.02184 0.1918 0.387247 0.180106 0.0286628 0.0583666 0.0814506 0.0288291 0.011009 0.00752363 0.00201214 0.000493911 7.82597e-05 6.06765e-06 2.67282e-07 5.3595e-09
 2.1484e-27 2.18092e-27 7.47694e-27 1.81228e-21 1.07783e-16 1.47374e-12 4.63273e-09 3.34809e-06 0.00055628 0.0212495 0.186614 0.376778 0.175284 0.0291486 0.064488 0.0900869 0.0319903 0.0125434 0.00856823 0.00214341 0.000464046 7.49183e-05 6.4479e-06 3.04945e-07 6.2195e-09
 2.14761e-27 2.17898e-27 7.27337e-27 1.74323e-21 1.03676e-16 1.41759e-12 4.45621e-09 3.22052e-06 0.000535084 0.0204399 0.179504 0.362422 0.168669 0.0297393 0.0724206 0.10129 0.0362404 0.0150715 0.0104251 0.00259717 0.000551575 8.40567e-05 6.46473e-06 2.98621e-07 6.49785e-09
 2.14764e-27 2.17909e-27 7.28611e-27 1.74756e-21 1.03934e-16 1.42111e-12 4.46729e-09 3.22852e-06 0.000536414 0.0204907 0.17995 0.363323 0.169078 0.0295392 0.0709276 0.0992133 0.0358913 0.016166 0.0113622 0.00282685 0.00059634 8.90592e-05 6.43443e-06 2.7046e-07 5.30962e-09
 2.14789e-27 2.17969e-27 7.35058e-27 1.76943e-21 1.05235e-16 1.4389e-12 4.52319e-09 3.26893e-06 0.000543127 0.0207471 0.182202 0.367869 0.171172 0.0293091 0.068153 0.0953015 0.0344938 0.0155951 0.0110087 0.0028449 0.000650666 9.92474e-05 7.21274e-06 2.98809e-07 5.56854e-09
 2.14781e-27 2.17948e-27 7.32755e-27 1.76162e-21 1.0477e-16 1.43254e-12 4.50322e-09 3.25449e-06 0.000540729 0.0206555 0.181397 0.366245 0.170425 0.0294294 0.0693767 0.0970185 0.0349913 0.0154353 0.0108569 0.00284077 0.000669538 0.000106127 8.36897e-06 3.66608e-07 6.95174e-09
 2.1479e-27 2.17971e-27 7.35216e-27 1.76996e-21 1.05267e-16 1.43933e-12 4.52456e-09 3.26991e-06 0.000543291 0.0207534 0.182257 0.367981 0.171224 0.0293396 0.0683057 0.0955104 0.0344809 0.0153133 0.0107692 0.002775 0.000635107 0.0001006 8.08797e-06 3.685e-07 7.42306e-09
 2.14821e-27 2.18048e-27 7.43332e-27 1.79749e-21 1.06904e-16 1.46172e-12 4.59494e-09 3.32077e-06 0.000551742 0.0210762 0.185092 0.373704 0.173861 0.0291007 0.0651222 0.0910153 0.0327867 0.0143386 0.0100553 0.00259623 0.000595586 9.34042e-05 7.33578e-06 3.31873e-07 6.80624e-09
 2.14848e-27 2.18113e-27 7.50146e-27 1.82061e-21 1.08278e-16 1.48051e-12 4.65402e-09 3.36347e-06 0.000558836 0.0213471 0.187472 0.378509 0.176076 0.0289172 0.0625533 0.0873848 0.031374 0.0133931 0.00934711 0.00241516 0.000555342 8.74392e-05 6.90942e-06 3.11097e-07 6.29272e-09
 2.14797e-27 2.17987e-27 7.36831e-27 1.77544e-21 1.05592e-16 1.44378e-12 4.53855e-09 3.28003e-06 0.000544971 0.0208175 0.182821 0.369119 0.171751 0.0293626 0.0681028 0.0952094 0.0341682 0.0145395 0.0101553 0.00266329 0.000632273 0.000101895 8.39462e-06 3.91114e-07 8.10345e-09
 2.14782e-27 2.17953e-27 7.33285e-27 1.76342e-21 1.04877e-16 1.43401e-12 4.50782e-09 3.25782e-06 0.000541281 0.0206766 0.181583 0.366619 0.170595 0.0293528 0.0687964 0.0962111 0.0348514 0.0158455 0.0112048 0.00291651 0.000682824 0.000110555 9.29467e-06 4.44341e-07 9.51086e-09
 2.1483e-27 2.1807e-27 7.45728e-27 1.80563e-21 1.07388e-16 1.46833e-12 4.61572e-09 3.3358e-06 0.000554238 0.0211715 0.185929 0.375394 0.174638 0.028967 0.063796 0.0891539 0.0322369 0.0144775 0.0102261 0.00269505 0.000644742 0.000103454 8.44848e-06 3.98986e-07 8.60905e-09
 2.14865e-27 2.18156e-27 7.54577e-27 1.83563e-21 1.09172e-16 1.49274e-12 4.69243e-09 3.39123e-06 0.000563448 0.0215233 0.189019 0.381633 0.177517 0.0288346 0.0611078 0.0853342 0.0304721 0.0124886 0.00864563 0.00224466 0.000522433 8.35374e-05 6.82551e-06 3.17609e-07 6.66572e-09
 2.14827e-27 2.18061e-27 7.44487e-27 1.8014e-21 1.07136e-16 1.4649e-12 4.60492e-09 3.32799e-06 0.000552941 0.021122 0.185494 0.374516 0.174243 0.0292661 0.0658868 0.0920576 0.0326729 0.0127567 0.00870538 0.00217679 0.000467744 7.25886e-05 5.75641e-06 2.63387e-07 5.48044e-09
 2.14771e-27 2.17924e-27 7.3003e-27 1.75236e-21 1.0422e-16 1.42502e-12 4.47957e-09 3.2374e-06 0.000537889 0.020547 0.180445 0.364322 0.169543 0.0296241 0.0711448 0.0994957 0.0356662 0.0150451 0.0104292 0.00257494 0.000535186 8.0566e-05 6.02369e-06 2.63411e-07 5.34097e-09
 2.14792e-27 2.17978e-27 7.35955e-27 1.77247e-21 1.05416e-16 1.44137e-12 4.53098e-09 3.27455e-06 0.000544062 0.0207828 0.182516 0.368502 0.171463 0.0292758 0.0677589 0.0947473 0.0343176 0.0155895 0.0109953 0.00278997 0.000614533 9.29338e-05 6.76328e-06 2.84433e-07 5.48916e-09
 2.14875e-27 2.1818e-27 7.57066e-27 1.84408e-21 1.09674e-16 1.4996e-12 4.71401e-09 3.40683e-06 0.00056604 0.0216223 0.189888 0.383388 0.178327 0.02879 0.0603065 0.084198 0.029981 0.0120167 0.00826334 0.00210425 0.000468302 7.16181e-05 5.32008e-06 2.23842e-07 4.18839e-09
#obs catch len freq
 1.22013e-39 5.97171e-33 6.71947e-27 1.73826e-21 1.03381e-16 1.41355e-12 4.4435e-09 3.21133e-06 0.000533567 0.0203816 0.178991 0.361388 0.16818 0.0294293 0.0708404 0.0990994 0.035933 0.016483 0.0120936 0.00429977 0.00172098 0.000501951 0.000106738 1.40284e-05 9.49276e-07
 1.22942e-39 6.01715e-33 6.77059e-27 1.75149e-21 1.04168e-16 1.4243e-12 4.47731e-09 3.23576e-06 0.000537626 0.0205366 0.180353 0.364137 0.169449 0.0293867 0.0697518 0.0975509 0.0351963 0.015598 0.0113559 0.00400179 0.00158145 0.000453404 9.42565e-05 1.20453e-05 7.86603e-07
 1.30703e-39 6.39703e-33 7.19804e-27 1.86206e-21 1.10744e-16 1.51422e-12 4.75997e-09 3.44004e-06 0.000571568 0.0218332 0.191739 0.387125 0.18004 0.0283854 0.0567103 0.0791511 0.0284731 0.0123525 0.00893025 0.00308139 0.00118951 0.000336521 6.87068e-05 8.57888e-06 5.44979e-07
 1.14144e-39 5.58657e-33 6.2861e-27 1.62616e-21 9.67135e-17 1.32238e-12 4.15692e-09 3.00422e-06 0.000499155 0.0190671 0.167447 0.338082 0.157468 0.0311091 0.0881195 0.123367 0.0433089 0.0154267 0.0106457 0.00362179 0.00137105 0.000378806 7.5524e-05 9.24857e-06 5.74583e-07
 1.3392e-39 6.55446e-33 7.37518e-27 1.90789e-21 1.13469e-16 1.55149e-12 4.87712e-09 3.5247e-06 0.000585634 0.0223705 0.196458 0.396652 0.184415 0.0276167 0.0491467 0.0685491 0.0255489 0.0138637 0.010272 0.00313786 0.0010411 0.000278349 5.40748e-05 6.4499e-06 3.91792e-07
 1.3841e-39 6.77421e-33 7.62245e-27 1.97185e-21 1.17274e-16 1.6035e-12 5.04063e-09 3.64287e-06 0.000605269 0.0231205 0.203044 0.40995 0.190565 0.0276783 0.0455144 0.0632998 0.0219237 0.00685978 0.0046553 0.00181061 0.000748627 0.000184427 3.21054e-05 3.66811e-06 2.16744e-07
 1.25287e-39 6.13192e-33 6.89973e-27 1.7849e-21 1.06154e-16 1.45147e-12 4.56271e-09 3.29748e-06 0.000547881 0.0209283 0.183793 0.371083 0.172677 0.0298379 0.0704125 0.098359 0.0338263 0.00977663 0.00621495 0.00177729 0.000561443 0.000165698 3.25428e-05 3.44932e-06 1.89391e-07
 1.26453e-39 6.18898e-33 6.96394e-27 1.80151e-21 1.07142e-16 1.46498e-12 4.60517e-09 3.32817e-06 0.000552979 0.0211231 0.185503 0.374536 0.174246 0.0290879 0.0647936 0.0905434 0.0324948 0.0138347 0.00970565 0.00266377 0.000721625 0.000159744 2.78207e-05 3.29508e-06 1.83826e-07
 1.41557e-39 6.92825e-33 7.79578e-27 2.0167e-21 1.1994e-16 1.63997e-12 5.15526e-09 3.72571e-06 0.000619033 0.0236463 0.207661 0.419272 0.19485 0.0270179 0.0386737 0.0536975 0.019087 0.00755937 0.00534334 0.00178867 0.000625916 0.000133317 1.85108e-05 1.78276e-06 9.84092e-08
 1.41617e-39 6.93117e-33 7.79906e-27 2.01754e-21 1.19991e-16 1.64066e-12 5.15742e-09 3.72728e-06 0.000619293 0.0236562 0.207749 0.419448 0.194946 0.0273906 0.0408954 0.056765 0.0193 0.00485613 0.00297387 0.000956251 0.000338168 8.71054e-05 1.42285e-05 1.23359e-06 5.54292e-08
 1.34574e-39 6.58646e-33 7.41119e-27 1.91721e-21 1.14023e-16 1.55906e-12 4.90093e-09 3.54191e-06 0.000588494 0.0224797 0.197417 0.398589 0.185344 0.0285095 0.054013 0.0752425 0.0256593 0.0067021 0.00406695 0.00104792 0.000261685 6.30131e-05 1.11543e-05 1.1333e-06 5.22701e-08
 1.31669e-39 6.44427e-33 7.2512e-27 1.87582e-21 1.11562e-16 1.52541e-12 4.79513e-09 3.46545e-06 0.000575789 0.0219944 0.193155 0.389984 0.181374 0.0287216 0.0579013 0.0807609 0.0281221 0.0092648 0.00608064 0.00159032 0.000386663 7.3671e-05 9.90013e-06 9.80099e-07 5.01126e-08
 1.35245e-39 6.61933e-33 7.44817e-27 1.92677e-21 1.14592e-16 1.56684e-12 4.92538e-09 3.55959e-06 0.00059143 0.0225919 0.198402 0.400578 0.186248 0.0280857 0.0508263 0.0708052 0.0248339 0.0087652 0.00592735 0.00172717 0.000503754 9.86994e-05 1.18726e-05 9.14755e-07 4.03222e-08
 1.33074e-39 6.51304e-33 7.32858e-27 1.89583e-21 1.12752e-16 1.54168e-12 4.8463e-09 3.50243e-06 0.000581934 0.0222291 0.195216 0.394146 0.183291 0.0285337 0.0554998 0.0773683 0.0268151 0.00843481 0.005545 0.00167482 0.00052708 0.000116467 1.60865e-05 1.21909e-06 4.52647e-08
 1.28648e-39 6.29643e-33 7.08484e-27 1.83278e-21 1.09002e-16 1.49041e-12 4.68512e-09 3.38595e-06 0.00056258 0.0214898 0.188724 0.381038 0.177253 0.0291201 0.0630303 0.0879945 0.0307261 0.0104031 0.00694013 0.00198097 0.000580039 0.000132748 2.0273e-05 1.74181e-06 6.8843e-08
 1.15833e-39 5.66922e-33 6.3791e-27 1.65021e-21 9.81443e-17 1.34195e-12 4.21842e-09 3.04866e-06 0.000506539 0.0193492 0.169924 0.343083 0.159768 0.0307755 0.0845757 0.118398 0.0419199 0.01606 0.0110992 0.0032854 0.000999415 0.000218306 3.21788e-05 2.93107e-06 1.28652e-07
 1.26278e-39 6.18043e-33 6.95432e-27 1.79902e-21 1.06994e-16 1.46295e-12 4.59881e-09 3.32357e-06 0.000552215 0.0210939 0.185247 0.374018 0.173991 0.0286819 0.0624711 0.0873359 0.0322506 0.0165949 0.0122472 0.00387539 0.00129443 0.000295374 4.40198e-05 3.8877e-06 1.72713e-07
 1.22018e-39 5.97194e-33 6.71973e-27 1.73833e-21 1.03385e-16 1.4136e-12 4.44367e-09 3.21145e-06 0.000533587 0.0203823 0.178998 0.361402 0.168199 0.0297603 0.0728564 0.101883 0.0361279 0.0140425 0.0100413 0.00378288 0.00153563 0.000384073 6.23199e-05 5.70449e-06 2.52295e-07
 1.2684e-39 6.20792e-33 6.98525e-27 1.80702e-21 1.0747e-16 1.46946e-12 4.61926e-09 3.33835e-06 0.000554671 0.0211877 0.186071 0.375682 0.174768 0.0288828 0.063196 0.0883071 0.0319026 0.0142579 0.0102706 0.00329377 0.0011972 0.000351083 6.81041e-05 6.91332e-06 3.24844e-07
 1.234e-39 6.03959e-33 6.79584e-27 1.75802e-21 1.04556e-16 1.42962e-12 4.49401e-09 3.24783e-06 0.000539631 0.0206132 0.181025 0.365495 0.170085 0.029583 0.0705407 0.0986213 0.035013 0.0137326 0.00972201 0.00336054 0.00126601 0.000328385 6.32586e-05 7.49676e-06 4.03056e-07
 1.25256e-39 6.13043e-33 6.89806e-27 1.78446e-21 1.06129e-16 1.45112e-12 4.5616e-09 3.29668e-06 0.000547748 0.0209233 0.183748 0.370992 0.17261 0.0291619 0.066313 0.0926924 0.0333382 0.0144355 0.0103398 0.00332459 0.00118156 0.000320375 6.04274e-05 6.85402e-06 3.9749e-07
 1.26478e-39 6.19023e-33 6.96535e-27 1.80187e-21 1.07164e-16 1.46527e-12 4.6061e-09 3.32884e-06 0.000553091 0.0211274 0.185541 0.374611 0.17428 0.0290681 0.0646498 0.0903311 0.0322703 0.0132928 0.00949019 0.00322178 0.00119174 0.000305635 5.60769e-05 6.37135e-06 3.61576e-07
 1.25341e-39 6.13455e-33 6.9027e-27 1.78566e-21 1.062e-16 1.45209e-12 4.56467e-09 3.2989e-06 0.000548116 0.0209373 0.183872 0.371242 0.17273 0.0292833 0.0669787 0.0936066 0.0333297 0.0133763 0.00946092 0.00312493 0.00113956 0.000304637 5.62522e-05 6.16627e-06 3.44695e-07
 1.25256e-39 6.13041e-33 6.89803e-27 1.78446e-21 1.06128e-16 1.45111e-12 4.56158e-09 3.29667e-06 0.000547746 0.0209232 0.183747 0.370991 0.172612 0.029234 0.066754 0.0933013 0.0333789 0.0138952 0.00988816 0.00321731 0.00114481 0.000299267 5.5549e-05 6.2025e-06 3.41901e-07
 1.24741e-39 6.10522e-33 6.86969e-27 1.77713e-21 1.05692e-16 1.44515e-12 4.54284e-09 3.28312e-06 0.000545496 0.0208372 0.182992 0.369467 0.17191 0.0292935 0.0675761 0.0944613 0.0338043 0.0141071 0.0100705 0.00334449 0.00121227 0.000312003 5.64506e-05 6.24716e-06 3.47393e-07
 1.25536e-39 6.14413e-33 6.91347e-27 1.78845e-21 1.06366e-16 1.45436e-12 4.57179e-09 3.30404e-06 0.000548972 0.02097 0.184159 0.371821 0.172993 0.0291563 0.0660292 0.0922845 0.0330845 0.0139937 0.0100196 0.00333439 0.00121805 0.000319358 5.81177e-05 6.31329e-06 3.45808e-07
 1.18265e-39 5.78827e-33 6.51306e-27 1.68487e-21 1.00205e-16 1.37013e-12 4.307e-09 3.11268e-06 0.000517176 0.0197555 0.173493 0.350287 0.163076 0.0301955 0.0788633 0.110375 0.0394771 0.0164047 0.0117141 0.003929 0.0014485 0.000381934 7.04117e-05 7.7317e-06 4.20644e-07
 1.17953e-39 5.773e-33 6.49587e-27 1.68042e-21 9.99409e-17 1.36651e-12 4.29564e-09 3.10447e-06 0.000515812 0.0197034 0.173035 0.349363 0.162634 0.0297934 0.0766872 0.107384 0.0394552 0.0197016 0.0145509 0.00483742 0.00176885 0.000469681 8.74389e-05 9.70338e-06 5.33423e-07
 1.27675e-39 6.2488e-33 7.03125e-27 1.81892e-21 1.08178e-16 1.47914e-12 4.64968e-09 3.36033e-06 0.000558324 0.0213273 0.187296 0.378155 0.175899 0.0285467 0.0603988 0.084391 0.0308666 0.0149965 0.0111876 0.00414827 0.00168333 0.000448813 8.33676e-05 9.32669e-06 5.18035e-07
#spawning biomass
 14282.7 6328.95 6411.05 6272.9 7995.37 12045.1 15323.1 18492.4 29026.2 47615.7 64692.4 79219.6 105154 128126 134002 118476 108872 105976 101051 99149.9 103839 117377 122674 124446 132152 140841 141431 135425 131685 112012 26968.5 1463.96 945.765 945.481 945.481 945.481 945.481 945.481 945.481 945.481 945.481 945.481 945.481 945.481 945.481 945.481 945.481 945.481 945.481 945.481 945.481 945.481 945.481 945.481 945.481 945.481 945.481 945.481 945.481 945.481 945.481 945.481 945.481 945.481 945.481 945.481 945.481 945.481 945.481 945.481 945.481 945.481 945.481 945.481 945.481 945.481 945.481 945.481 945.481 945.481 945.481 945.481 945.481 945.481 945.481 945.481 945.481 945.481 945.481 945.481 945.481 945.481 945.481 945.481 945.481 945.481 945.481 945.481 945.481 945.481 945.481 945.481 945.481 945.481 945.481 945.481 945.481 945.481 945.481 945.481 945.481 945.481 945.481 945.481 945.481 945.481 945.481 945.481 945.481 945.481 945.481 945.481 945.481 945.481 945.481 945.481 945.481 945.481 945.481 0 0 0 0 0 0 0 0 0 0 0 0 0 0 0 0 0 0 0 0 0 0 0 0 0
