SBPRF35
0.151034
Curr Bio
175978
B35
164117
F35
1.46247
FOFL
1.46247
OFL
62659.1
Bzero
43150.2
#pred survey bio
 8954.31 10642.1 12978.1 18497.9 23778.8 27726 33060.7 38470.8 42628.8 51206.2 66359.3 76961 93963.3 116882 129392 106115 99597.4 85647 85733.4 82471.3 82054.3 93064 95918.6 101481 107810 113200 106573 95091.6 2.12769e+06 2.34838e+06 1.17294e+06 607787 418091 340776 302257 280992 268810 261760 257679 255320 253962 253182 252734 252475 252330 252249 252203 252177 252162 252154 252150 252147 252146 252145 252144 252144 252144 252144 252144 252144 252144 252144 252144 252144 252144 252144 252144 252144 252144 252144 252144 252144 252144 252144 252144 252144 252144 252144 252144 252144 252144 252144 252144 252144 252144 252144 252144 252144 252144 252144 252144 252144 252144 252144 252144 252144 252144 252144 252144 252144 252144 252144 252144 252144 252144 252144 252144 252144 252144 252144 252144 252144 252144 252144 252144 252144 252144 252144 252144 252144 252144 252144 252144 252144 252144 252144 252144 252144 0 0 0 0 0 0 0 0 0 0 0 0 0 0 0 0 0 0 0 0 0 0 0 0 0
#obs survey bio
 7227.61 10349.7 15835.2 12878.8 20329.1 22579.6 31803.6 32131.5 50961.2 47400.8 76457.9 83363.2 81932.6 136186 100624 109881 84913.9 75895.9 80725.7 116558 81912.5 94373.1 98838.6 103196 151032 121509 119271 108250
#pred catch bio
 3278.81 5424.28 6585.47 9967.71 14793 17523.5 21059.5 26593.4 30223.8 36037.3 49453.4 60546.7 77002.3 88505.4 109769 90230.1 96548.2 78701.7 81362.6 78056.8 77316 91684.6 96252.2 107381 111506 118740 113267 99066.8 62659.1 71734.3 24346.4 9711.54 6916.58 6442.51 6367.58 6356.3 6354.66 6354.42 6354.39 6354.39 6354.39 6354.39 6354.39 6354.39 6354.39 6354.39 6354.39 6354.39 6354.39 6354.39 6354.39 6354.39 6354.39 6354.39 6354.39 6354.39 6354.39 6354.39 6354.39 6354.39 6354.39 6354.39 6354.39 6354.39 6354.39 6354.39 6354.39 6354.39 6354.39 6354.39 6354.39 6354.39 6354.39 6354.39 6354.39 6354.39 6354.39 6354.39 6354.39 6354.39 6354.39 6354.39 6354.39 6354.39 6354.39 6354.39 6354.39 6354.39 6354.39 6354.39 6354.39 6354.39 6354.39 6354.39 6354.39 6354.39 6354.39 6354.39 6354.39 6354.39 6354.39 6354.39 6354.39 6354.39 6354.39 6354.39 6354.39 6354.39 6354.39 6354.39 6354.39 6354.39 6354.39 6354.39 6354.39 6354.39 6354.39 6354.39 6354.39 6354.39 6354.39 6354.39 6354.39 6354.39 6354.39 6354.39 6354.39 6354.39 0 0 0 0 0 0 0 0 0 0 0 0 0 0 0 0 0 0 0 0 0 0 0 0 0
#obs catch bio
 6105.56 5630.15 6636.78 10156.1 15452.9 17761.3 21134.6 26927.1 29875.7 35194.7 48226.8 59859.2 75891.7 86744.3 110166 90128.1 98131.5 78388.9 80269.5 76993.5 75834.1 88237.5 94315.2 105569 107061 116753 111992 99938.8
#pred cpue bio
 8811.66 10217.5 12091.9 17654.3 22717.9 26302.7 31586.7 36668.4 40471 47412.7 62800.8 72197.2 86000.3 109891 125763 101292 94021.2 80607.1 80078 77831.4 75214.6 86066.9 88739.8 92145.1 98415.9 104509 99242 87953.7 1.95806e+06 2.50204e+06 1.18748e+06 603071 412372 335001 296478 275213 263031 255981 251900 249542 248183 247403 246955 246696 246551 246470 246424 246398 246384 246375 246371 246368 246367 246366 246365 246365 246365 246365 246365 246365 246365 246365 246365 246365 246365 246365 246365 246365 246365 246365 246365 246365 246365 246365 246365 246365 246365 246365 246365 246365 246365 246365 246365 246365 246365 246365 246365 246365 246365 246365 246365 246365 246365 246365 246365 246365 246365 246365 246365 246365 246365 246365 246365 246365 246365 246365 246365 246365 246365 246365 246365 246365 246365 246365 246365 246365 246365 246365 246365 246365 246365 246365 246365 246365 246365 246365 246365 246365 0 0 0 0 0 0 0 0 0 0 0 0 0 0 0 0 0 0 0 0 0 0 0 0 0
#obs cpue bio
 6396.35 5281.15 10678.2 12809.9 16050.4 30884.8 38533.8 31363.2 61743.4 71194.9 70800.9 89578.9 98269.8 125185 137477 115846 68806.7 117951 90762.4 80465.9 100701 155394 117228 116568 137207 105476 108704 75360.9
#pred surv len freq
 2.55994e-27 2.57955e-27 2.52982e-26 4.79692e-20 1.17591e-14 3.48442e-10 1.24806e-06 0.000540363 0.0282807 0.178912 0.137292 0.0426935 0.228504 0.21105 0.0470695 0.0545905 0.0222369 0.0154915 0.00903732 0.00656468 0.00495764 0.00415012 0.00404274 0.00351864 0.00106695
 2.56156e-27 2.58444e-27 3.00292e-26 5.79509e-20 1.4206e-14 4.20948e-10 1.50777e-06 0.000652805 0.0341655 0.21614 0.165643 0.0378913 0.172043 0.160047 0.0581106 0.09251 0.0321538 0.0145173 0.00634892 0.00345745 0.00209823 0.00148653 0.00127061 0.00109768 0.000363712
 2.56417e-27 2.59099e-27 3.52805e-26 6.9027e-20 1.69211e-14 5.01404e-10 1.79594e-06 0.000777575 0.0406955 0.257451 0.197239 0.0411412 0.174575 0.161251 0.0377995 0.0460011 0.0198699 0.0146846 0.0050845 0.00176602 0.000722812 0.000383901 0.000267326 0.000214541 7.33155e-05
 2.56266e-27 2.58673e-27 3.13562e-26 6.07478e-20 1.48916e-14 4.41264e-10 1.58053e-06 0.000684311 0.0358144 0.226572 0.173697 0.0434782 0.2089 0.192825 0.0416343 0.0465551 0.016292 0.00766831 0.00360075 0.00160787 0.000415654 0.000131772 6.35941e-05 4.31002e-05 1.44895e-05
 2.56245e-27 2.58629e-27 3.11012e-26 6.02103e-20 1.47598e-14 4.3736e-10 1.56655e-06 0.000678256 0.0354975 0.224567 0.172149 0.0423738 0.201584 0.186387 0.046189 0.0585558 0.0197984 0.00802088 0.00272253 0.0010016 0.000359665 8.11513e-05 2.03225e-05 9.60397e-06 2.99159e-06
 2.56305e-27 2.58782e-27 3.23332e-26 6.28089e-20 1.53968e-14 4.56236e-10 1.63416e-06 0.000707529 0.0370295 0.234259 0.17956 0.0430123 0.201236 0.185813 0.0415041 0.0480437 0.017052 0.00814564 0.00262114 0.000754844 0.000196332 5.15639e-05 8.87122e-06 2.04077e-06 5.18759e-07
 2.56261e-27 2.58656e-27 3.11671e-26 6.03486e-20 1.47937e-14 4.38365e-10 1.57015e-06 0.000679814 0.035579 0.225083 0.172564 0.0437305 0.211617 0.195338 0.042228 0.0472473 0.0160478 0.00665777 0.00229786 0.000733578 0.000158105 3.02346e-05 5.06002e-06 6.29172e-07 9.56826e-08
 2.56273e-27 2.58694e-27 3.15477e-26 6.11517e-20 1.49906e-14 4.44198e-10 1.59104e-06 0.000688861 0.0360525 0.228079 0.174845 0.0432824 0.206605 0.190802 0.0430357 0.0502247 0.016846 0.00661952 0.00211813 0.000623771 0.000148656 2.52795e-05 3.12463e-06 2.99699e-07 2.27418e-08
 2.5631e-27 2.58783e-27 3.22357e-26 6.26027e-20 1.53463e-14 4.54738e-10 1.6288e-06 0.000705206 0.0369079 0.23349 0.178986 0.0438734 0.208192 0.192083 0.0399392 0.0428343 0.0145188 0.00595392 0.00186785 0.000513177 0.000110857 1.94421e-05 2.16861e-06 1.52184e-07 7.05273e-09
 2.56473e-27 2.59219e-27 3.60336e-26 7.06145e-20 1.73103e-14 5.12935e-10 1.83725e-06 0.000795458 0.0416314 0.263372 0.201793 0.0432231 0.18722 0.172644 0.034958 0.0363262 0.0119146 0.00429131 0.00135577 0.000381977 7.81819e-05 1.24838e-05 1.36723e-06 8.37202e-08 2.67451e-09
 2.56344e-27 2.58861e-27 3.27797e-26 6.37498e-20 1.56275e-14 4.6307e-10 1.65864e-06 0.000718128 0.0375842 0.237769 0.18227 0.0449456 0.214044 0.197232 0.03631 0.0332068 0.0107673 0.00370091 0.00110108 0.0002813 5.8445e-05 9.04158e-06 9.05145e-07 5.25916e-08 1.39464e-09
 2.56396e-27 2.59007e-27 3.41124e-26 6.65615e-20 1.63167e-14 4.83494e-10 1.7318e-06 0.000749801 0.0392419 0.248255 0.190265 0.0441355 0.202263 0.186474 0.0364906 0.0363049 0.0113704 0.00324615 0.000928483 0.00022385 4.21794e-05 6.31296e-06 6.14711e-07 3.28574e-08 8.01641e-10
 2.56547e-27 2.59407e-27 3.7569e-26 7.38531e-20 1.81042e-14 5.3646e-10 1.92151e-06 0.00083194 0.0435407 0.275451 0.211026 0.0438377 0.185409 0.170746 0.0305125 0.0266321 0.00846956 0.00264629 0.000717764 0.000147261 2.59641e-05 3.54412e-06 3.24716e-07 1.66946e-08 3.76084e-10
 2.56398e-27 2.58993e-27 3.37986e-26 6.58987e-20 1.61543e-14 4.7868e-10 1.71455e-06 0.000742336 0.0388512 0.245784 0.188404 0.0458083 0.2163 0.199066 0.0321667 0.0232554 0.00713538 0.00185185 0.000505254 0.000109444 1.71196e-05 2.06619e-06 1.71873e-07 8.22847e-09 1.76191e-10
 2.56156e-27 2.58353e-27 2.8298e-26 5.42953e-20 1.33098e-14 3.94394e-10 1.41265e-06 0.000611625 0.0320103 0.202506 0.155362 0.0460392 0.241272 0.22246 0.0426499 0.0412615 0.0123809 0.0026408 0.000658679 0.00012318 1.97415e-05 2.25889e-06 1.62403e-07 6.97052e-09 1.38392e-10
 2.56283e-27 2.58699e-27 3.13838e-26 6.08053e-20 1.49057e-14 4.41682e-10 1.58203e-06 0.000684959 0.0358483 0.226787 0.173885 0.044971 0.220129 0.202957 0.0393334 0.0386446 0.012165 0.00355238 0.000882931 0.000136747 1.89231e-05 2.037e-06 1.41125e-07 5.26694e-09 9.29429e-11
 2.56365e-27 2.58911e-27 3.31731e-26 6.45797e-20 1.58309e-14 4.69099e-10 1.68023e-06 0.000727476 0.0380735 0.240864 0.184638 0.0452121 0.214409 0.197495 0.0350404 0.0302229 0.00952541 0.00284184 0.000772582 0.000154331 1.97741e-05 1.75872e-06 1.09595e-07 3.87106e-09 6.00566e-11
 2.56398e-27 2.58985e-27 3.36565e-26 6.55988e-20 1.60807e-14 4.76501e-10 1.70675e-06 0.000738956 0.0386743 0.244665 0.18756 0.0464565 0.221826 0.204026 0.0305386 0.0182854 0.00550802 0.00129431 0.000342062 7.12234e-05 1.09584e-05 1.0628e-06 5.54725e-08 1.71135e-09 2.45949e-11
 2.56439e-27 2.59102e-27 3.47494e-26 6.79044e-20 1.6646e-14 4.93249e-10 1.76674e-06 0.000764929 0.0400336 0.253264 0.194113 0.0456097 0.210778 0.193968 0.0312411 0.0224025 0.00649131 0.00104588 0.000238911 4.06402e-05 6.20806e-06 6.84497e-07 4.07561e-08 1.11151e-09 1.37648e-11
 2.56381e-27 2.58938e-27 3.32475e-26 6.4736e-20 1.58692e-14 4.70234e-10 1.6843e-06 0.000729237 0.0381657 0.241447 0.185104 0.0465393 0.224181 0.206217 0.0312428 0.0193308 0.00568409 0.00108698 0.000238125 2.84234e-05 3.46595e-06 3.43832e-07 2.2503e-08 6.9399e-10 7.95616e-12
 2.56546e-27 2.59392e-27 3.73116e-26 7.33097e-20 1.7971e-14 5.32513e-10 1.90737e-06 0.000825819 0.0432204 0.273424 0.209496 0.0449474 0.194929 0.179316 0.0281479 0.0190395 0.0055198 0.000903777 0.000197664 2.68833e-05 2.76541e-06 1.95059e-07 1.08467e-08 3.53577e-10 4.49694e-12
 2.56501e-27 2.59264e-27 3.61215e-26 7.07987e-20 1.73555e-14 5.14273e-10 1.84204e-06 0.000797533 0.04174 0.264059 0.202358 0.0457817 0.206293 0.189685 0.0278632 0.0157842 0.00460224 0.000829435 0.000179978 2.15193e-05 2.30285e-06 1.59612e-07 6.40629e-09 1.68251e-10 2.1813e-12
 2.565e-27 2.5926e-27 3.60674e-26 7.06845e-20 1.73275e-14 5.13444e-10 1.83907e-06 0.000796247 0.0416727 0.263633 0.202036 0.0459348 0.207685 0.190941 0.027556 0.0147626 0.0042157 0.000617373 0.000129465 1.66983e-05 1.69915e-06 1.10934e-07 4.45831e-09 9.02073e-11 9.18218e-13
 2.56601e-27 2.59533e-27 3.84834e-26 7.57814e-20 1.85769e-14 5.50467e-10 1.97168e-06 0.000853662 0.0446776 0.282643 0.216539 0.0451847 0.191787 0.176275 0.0250571 0.012756 0.00361895 0.000496005 9.82464e-05 1.0563e-05 1.06315e-06 7.07982e-08 2.66096e-09 5.21652e-11 4.3116e-13
 2.56576e-27 2.59461e-27 3.77935e-26 7.43258e-20 1.82201e-14 5.39893e-10 1.93381e-06 0.000837265 0.0438194 0.277214 0.212405 0.0458622 0.199847 0.1836 0.0242916 0.00916802 0.00256122 0.000323734 6.17923e-05 6.18985e-06 5.54196e-07 3.26524e-08 1.23971e-09 2.32907e-11 1.8196e-13
 2.56515e-27 2.59296e-27 3.63388e-26 7.12569e-20 1.74678e-14 5.17601e-10 1.85396e-06 0.000802694 0.0420101 0.265768 0.20367 0.0462151 0.20867 0.191765 0.0261736 0.0113992 0.00315221 0.000313137 5.35011e-05 4.96021e-06 4.18331e-07 2.21459e-08 7.32364e-10 1.32617e-11 1.00746e-13
 2.56467e-27 2.59165e-27 3.51717e-26 6.87949e-20 1.68642e-14 4.99717e-10 1.7899e-06 0.00077496 0.0405586 0.256585 0.196665 0.0466335 0.216775 0.199228 0.0271953 0.0118512 0.00329778 0.000364245 6.33664e-05 4.70661e-06 3.46391e-07 1.68304e-08 5.04434e-10 7.96819e-12 5.64077e-14
 2.56505e-27 2.59268e-27 3.60911e-26 7.07344e-20 1.73397e-14 5.13806e-10 1.84037e-06 0.000796808 0.0417021 0.263819 0.202184 0.0463088 0.210427 0.193381 0.0263632 0.0114258 0.00317685 0.000347437 6.09318e-05 4.95274e-06 3.50055e-07 1.36301e-08 3.6128e-10 5.14025e-12 3.19461e-14
#obs surv len freq
 1.0858e-41 1.50701e-33 2.52833e-26 5.1274e-20 1.25692e-14 3.72449e-10 1.33405e-06 0.000577598 0.0302292 0.191239 0.146738 0.0401871 0.173364 0.146682 0.103735 0.101617 0.0440288 0.0172122 0.00387647 0.000487018 2.50055e-05 3.79525e-07 1.28073e-09 7.84528e-13 7.65373e-17
 1.60318e-41 2.22511e-33 3.73309e-26 7.57062e-20 1.85585e-14 5.49922e-10 1.96973e-06 0.000852825 0.0446335 0.282365 0.216337 0.0406916 0.126786 0.102326 0.0760384 0.0687207 0.028735 0.0102282 0.00205533 0.00022043 9.23506e-06 1.08708e-07 2.73317e-10 1.21571e-13 8.47939e-18
 1.53739e-41 2.1338e-33 3.57989e-26 7.25995e-20 1.77969e-14 5.27355e-10 1.8889e-06 0.000817828 0.0428019 0.270778 0.207717 0.0499586 0.176349 0.128569 0.0565341 0.0426975 0.0171738 0.0055292 0.000980573 8.81927e-05 2.95472e-06 2.67122e-08 4.99455e-11 1.61512e-14 8.0742e-19
 1.07676e-41 1.49447e-33 2.50728e-26 5.08471e-20 1.24646e-14 3.69348e-10 1.32295e-06 0.00057279 0.0299775 0.189649 0.146002 0.0565555 0.230564 0.163234 0.0976544 0.0655213 0.0158072 0.00382912 0.000587118 4.36247e-05 1.14846e-06 7.85306e-09 1.0837e-11 2.54403e-15 9.12699e-20
 1.50215e-41 2.08488e-33 3.49782e-26 7.0935e-20 1.73889e-14 5.15264e-10 1.84559e-06 0.000799078 0.0418206 0.26457 0.203012 0.0472327 0.14231 0.104254 0.104137 0.0691093 0.0189026 0.00350733 0.000324519 1.81794e-05 3.69815e-07 1.88772e-09 1.90173e-12 3.21964e-16 8.26889e-21
 1.20001e-41 1.66553e-33 2.79428e-26 5.66674e-20 1.38913e-14 4.11626e-10 1.47438e-06 0.000638355 0.0334089 0.211358 0.162936 0.0649707 0.231179 0.144008 0.0785264 0.0498317 0.0191081 0.00373073 0.000292459 9.96443e-06 1.34422e-07 4.96983e-10 3.61771e-13 4.38166e-17 8.00662e-22
 1.38156e-41 1.91752e-33 3.21704e-26 6.52409e-20 1.5993e-14 4.73902e-10 1.69744e-06 0.000734934 0.0384635 0.243335 0.187233 0.0580314 0.175259 0.116484 0.108958 0.0563324 0.0125316 0.00241411 0.00021472 6.12597e-06 5.19113e-08 1.19258e-10 5.91173e-14 5.04113e-18 6.5076e-23
 1.19736e-41 1.66185e-33 2.7881e-26 5.65422e-20 1.38607e-14 4.10716e-10 1.47112e-06 0.000636944 0.0333351 0.210894 0.163031 0.0724228 0.227748 0.133436 0.0932311 0.0487944 0.0143519 0.00198672 0.000128236 3.56966e-06 2.53815e-08 3.86035e-11 1.1745e-14 6.44622e-19 5.64223e-24
 1.51457e-41 2.10212e-33 3.52675e-26 7.15217e-20 1.75327e-14 5.19526e-10 1.86086e-06 0.000805687 0.0421664 0.266763 0.205507 0.0644167 0.166926 0.104015 0.0963508 0.0421443 0.0094787 0.00134555 7.72629e-05 1.51165e-06 8.83475e-09 1.10238e-11 2.39221e-15 8.44234e-20 4.6558e-25
 1.51845e-41 2.1075e-33 3.53577e-26 7.17048e-20 1.75776e-14 5.20856e-10 1.86562e-06 0.00080775 0.0422744 0.267449 0.206651 0.077936 0.198375 0.103689 0.0663015 0.0285685 0.00711102 0.000796117 3.80249e-05 6.34684e-07 2.68655e-09 2.47236e-12 4.16922e-16 1.10628e-20 4.27353e-26
 1.09447e-41 1.51906e-33 2.54854e-26 5.16838e-20 1.26697e-14 3.75426e-10 1.34471e-06 0.000582215 0.0304708 0.192782 0.150703 0.0970163 0.257715 0.136241 0.0959575 0.0322634 0.00565107 0.000591904 2.43969e-05 3.14176e-07 1.04541e-09 7.09055e-13 8.46622e-17 1.62947e-21 4.67224e-27
 1.6635e-41 2.30882e-33 3.87353e-26 7.85544e-20 1.92567e-14 5.70611e-10 2.04384e-06 0.000884911 0.0463127 0.292998 0.226225 0.07116 0.144545 0.0941461 0.0899051 0.0287939 0.00467007 0.000346247 1.07257e-05 1.12715e-07 2.84126e-10 1.43129e-13 1.25532e-17 1.72305e-22 3.47163e-28
 1.33438e-41 1.85203e-33 3.10716e-26 6.30127e-20 1.54468e-14 4.57717e-10 1.63947e-06 0.000709833 0.0371499 0.235045 0.184152 0.110434 0.242725 0.106829 0.0578685 0.0207047 0.00409728 0.000276055 6.42067e-06 4.68312e-08 8.76555e-11 3.28907e-14 2.09583e-18 2.07477e-23 3.00072e-29
 1.11287e-41 1.54459e-33 2.59137e-26 5.25525e-20 1.28826e-14 3.81736e-10 1.36732e-06 0.000592001 0.030983 0.196038 0.154943 0.1115 0.234519 0.138415 0.105081 0.0245809 0.00311912 0.000221951 5.05505e-06 2.84994e-08 3.66581e-11 9.52825e-15 4.3502e-19 3.10306e-24 3.20977e-30
 8.74329e-42 1.21351e-33 2.03592e-26 4.1288e-20 1.01213e-14 2.99911e-10 1.07423e-06 0.000465106 0.0243418 0.154037 0.124154 0.123363 0.249135 0.159862 0.124736 0.0349331 0.00475457 0.000214516 3.76445e-06 1.93487e-08 2.01051e-11 3.72026e-15 1.15438e-19 5.64229e-25 4.08294e-31
 1.40805e-41 1.95429e-33 3.27872e-26 6.64918e-20 1.62997e-14 4.8299e-10 1.72999e-06 0.000749026 0.0392011 0.248033 0.194443 0.0943135 0.159543 0.127162 0.102739 0.0293725 0.00423704 0.000202165 2.76556e-06 9.75883e-09 7.97837e-12 1.19312e-15 2.79799e-20 9.68523e-26 4.80409e-32
 9.7665e-42 1.35553e-33 2.27418e-26 4.61198e-20 1.13057e-14 3.3501e-10 1.19995e-06 0.000519537 0.0271906 0.172101 0.141895 0.162374 0.273135 0.125922 0.0716504 0.0219097 0.00315274 0.000148024 1.96353e-06 5.78141e-09 3.33499e-12 3.50844e-16 6.15958e-21 1.62903e-26 6.04227e-33
 1.4338e-41 1.99002e-33 3.33867e-26 6.77076e-20 1.65977e-14 4.91821e-10 1.76162e-06 0.000762722 0.0399179 0.252594 0.199935 0.107839 0.16132 0.136298 0.0842933 0.0153044 0.00165777 7.52568e-05 9.31349e-07 2.47224e-09 1.19995e-12 9.55218e-17 1.17734e-21 2.16686e-27 5.74673e-34
 1.00549e-41 1.39556e-33 2.34134e-26 4.74819e-20 1.16396e-14 3.44903e-10 1.23539e-06 0.00053488 0.0279937 0.177241 0.14982 0.184037 0.261707 0.120588 0.0612888 0.0153361 0.00141156 4.07354e-05 4.02573e-07 9.27578e-10 3.82632e-13 2.50915e-17 2.43774e-22 3.35282e-28 6.35037e-35
 1.28691e-41 1.78615e-33 2.99664e-26 6.07712e-20 1.48973e-14 4.41435e-10 1.58115e-06 0.000684583 0.0358285 0.226781 0.184059 0.132288 0.181359 0.152637 0.0741457 0.0112567 0.000932542 2.6318e-05 1.83334e-07 2.95221e-10 9.49099e-14 5.00885e-18 3.88552e-23 4.19961e-29 6.12927e-36
 1.41235e-41 1.96025e-33 3.28872e-26 6.66946e-20 1.63494e-14 4.84463e-10 1.73527e-06 0.000751311 0.0393209 0.248933 0.204724 0.159184 0.187255 0.101556 0.0478615 0.00974989 0.000649776 1.30254e-05 7.67339e-08 9.48772e-11 2.09942e-14 7.79612e-19 4.48973e-24 3.70297e-30 4.14544e-37
 1.13139e-41 1.5703e-33 2.6345e-26 5.34271e-20 1.3097e-14 3.88089e-10 1.39007e-06 0.000601853 0.0314991 0.199554 0.173056 0.196726 0.225226 0.122266 0.0443072 0.0063376 0.000417304 7.8971e-06 3.41011e-08 3.12227e-11 5.28037e-15 1.42316e-19 5.68025e-25 3.24471e-31 2.57758e-38
 1.37241e-41 1.90482e-33 3.19573e-26 6.48087e-20 1.58871e-14 4.70764e-10 1.6862e-06 0.000730066 0.0382092 0.241991 0.202691 0.160395 0.179347 0.12685 0.0441738 0.00535487 0.000251564 3.76044e-06 1.41781e-08 1.01804e-11 1.2382e-15 2.40994e-20 7.04321e-26 2.90877e-32 1.6307e-39
 1.35285e-41 1.87767e-33 3.15017e-26 6.38849e-20 1.56606e-14 4.64053e-10 1.66216e-06 0.000719659 0.0376649 0.238688 0.206687 0.193559 0.188042 0.0975897 0.0326004 0.00427151 0.000173397 1.89097e-06 5.12593e-09 2.86231e-12 2.74165e-16 3.99519e-21 8.37228e-27 2.45279e-33 9.81864e-41
 1.18689e-41 1.64732e-33 2.76372e-26 5.60477e-20 1.37394e-14 4.07124e-10 1.45825e-06 0.000631373 0.0330449 0.209614 0.190296 0.214098 0.206798 0.112824 0.0296537 0.00292851 0.000108503 1.0478e-06 2.14635e-09 8.399e-13 5.73701e-17 6.20031e-22 9.7737e-28 2.12584e-34 6.17445e-42
 1.0644e-41 1.47731e-33 2.4785e-26 5.02635e-20 1.23215e-14 3.65109e-10 1.30776e-06 0.000566216 0.0296353 0.188196 0.178216 0.221047 0.217324 0.129747 0.0323959 0.00279429 7.68069e-05 5.76663e-07 9.75443e-10 2.98323e-13 1.47326e-17 1.11034e-22 1.22473e-28 1.90091e-35 4.00955e-43
 1.04663e-41 1.45265e-33 2.43712e-26 4.94242e-20 1.21158e-14 3.59012e-10 1.28592e-06 0.000556762 0.0291411 0.185225 0.179245 0.221009 0.216969 0.132696 0.0323927 0.0027016 6.36255e-05 3.63143e-07 4.47087e-10 1.03191e-13 3.91603e-18 2.21587e-23 1.76886e-29 1.93359e-36 2.84029e-44
 1.26915e-41 1.7615e-33 2.95529e-26 5.99326e-20 1.46918e-14 4.35344e-10 1.55933e-06 0.000675137 0.0353362 0.224315 0.204755 0.200087 0.192421 0.112983 0.0271367 0.00223712 5.12159e-05 2.68815e-07 2.79217e-10 5.13345e-14 1.54088e-18 7.04259e-24 4.62364e-30 4.16793e-37 4.99947e-45
#pred catch len freq
 2.55754e-27 2.57302e-27 1.95084e-26 3.5755e-20 8.76491e-15 2.5972e-10 9.30273e-07 0.000402773 0.0210797 0.133357 0.102536 0.0445397 0.266972 0.246502 0.0524964 0.0580537 0.0234536 0.0160952 0.00936499 0.00679434 0.00512976 0.00429401 0.00418287 0.00364061 0.00110394
 2.55957e-27 2.57904e-27 2.52589e-26 4.78876e-20 1.17391e-14 3.47849e-10 1.24594e-06 0.000539444 0.0282325 0.178607 0.137005 0.0392368 0.202403 0.188079 0.0633519 0.0974095 0.033674 0.0149379 0.00651348 0.00354153 0.00214859 0.00152212 0.00130102 0.00112395 0.000372418
 2.56202e-27 2.58515e-27 3.01066e-26 5.81121e-20 1.42455e-14 4.22119e-10 1.51196e-06 0.00065462 0.0342605 0.216742 0.16618 0.042798 0.209004 0.192985 0.0427396 0.049294 0.0210934 0.0153643 0.00531013 0.00184084 0.00075313 0.000399971 0.000278513 0.00022352 7.63837e-05
 2.56065e-27 2.58125e-27 2.64662e-26 5.04317e-20 1.23627e-14 3.6633e-10 1.31213e-06 0.000568103 0.0297325 0.188096 0.144346 0.0452491 0.242998 0.224218 0.0458907 0.0483585 0.0168207 0.00777897 0.0036418 0.00162398 0.000419684 0.000133032 6.42016e-05 4.35119e-05 1.46279e-05
 2.56087e-27 2.58197e-27 2.72307e-26 5.20449e-20 1.27582e-14 3.78047e-10 1.3541e-06 0.000586275 0.0306835 0.194113 0.148919 0.0439118 0.229609 0.212163 0.0492159 0.0589641 0.0198301 0.00788851 0.00267008 0.000980413 0.000351927 7.93988e-05 1.98831e-05 9.39634e-06 2.92691e-06
 2.56149e-27 2.58353e-27 2.8492e-26 5.47054e-20 1.34104e-14 3.97373e-10 1.42332e-06 0.000616245 0.032252 0.204036 0.156506 0.044554 0.229166 0.211498 0.0444611 0.0483155 0.0170384 0.00799702 0.00256723 0.000737864 0.000191831 5.03759e-05 8.66669e-06 1.99371e-06 5.06797e-07
 2.56106e-27 2.58231e-27 2.73632e-26 5.23238e-20 1.28265e-14 3.80073e-10 1.36136e-06 0.000589416 0.0308479 0.195153 0.149735 0.0452908 0.23953 0.221001 0.0450509 0.047219 0.0159475 0.00649669 0.00223602 0.000712533 0.00015351 2.93518e-05 4.91216e-06 6.10785e-07 9.28863e-08
 2.56149e-27 2.5835e-27 2.84435e-26 5.4603e-20 1.33853e-14 3.9663e-10 1.42066e-06 0.000615092 0.0321917 0.203654 0.156217 0.04469 0.230404 0.212656 0.044967 0.0491195 0.0163859 0.00632036 0.00201678 0.000592757 0.000141206 2.40097e-05 2.96759e-06 2.84636e-07 2.15988e-08
 2.56192e-27 2.58456e-27 2.92887e-26 5.63857e-20 1.38223e-14 4.09579e-10 1.46704e-06 0.000635173 0.0332427 0.210303 0.161302 0.0452329 0.230962 0.212988 0.0417062 0.0415934 0.0140161 0.00564259 0.0017655 0.000484089 0.000104528 1.83297e-05 2.04448e-06 1.43472e-07 6.64898e-09
 2.56351e-27 2.58884e-27 3.30186e-26 6.4254e-20 1.57511e-14 4.66733e-10 1.67176e-06 0.000723808 0.0378815 0.239649 0.1837 0.044534 0.209907 0.193487 0.0369671 0.035656 0.0116335 0.00411185 0.00129521 0.000364202 7.45123e-05 1.18962e-05 1.30284e-06 7.97769e-08 2.54854e-09
 2.56241e-27 2.58575e-27 3.01898e-26 5.82861e-20 1.42881e-14 4.23383e-10 1.51649e-06 0.000656581 0.0343631 0.217391 0.16673 0.0461806 0.234361 0.215875 0.0377128 0.0317072 0.010226 0.00344853 0.00102293 0.000260797 5.41605e-05 8.37762e-06 8.38654e-07 4.8728e-08 1.29219e-09
 2.5632e-27 2.58793e-27 3.21619e-26 6.24464e-20 1.5308e-14 4.53603e-10 1.62473e-06 0.000703446 0.0368158 0.232907 0.178562 0.0451975 0.218566 0.201409 0.0371407 0.0340232 0.0106079 0.00297004 0.000846566 0.000203674 3.83597e-05 5.74042e-06 5.58945e-07 2.98764e-08 7.28912e-10
 2.56488e-27 2.59242e-27 3.60633e-26 7.06766e-20 1.73255e-14 5.13386e-10 1.83886e-06 0.000796157 0.041668 0.263603 0.201993 0.0446907 0.198247 0.1825 0.0309227 0.0246039 0.00778369 0.0023851 0.000644933 0.000132031 2.32664e-05 3.17538e-06 2.90923e-07 1.49571e-08 3.36943e-10
 2.56296e-27 2.5871e-27 3.1246e-26 6.05136e-20 1.48342e-14 4.39563e-10 1.57444e-06 0.000681674 0.0356763 0.225699 0.173086 0.0469763 0.23595 0.217105 0.0336572 0.022111 0.00675127 0.00171852 0.000467159 0.000100977 1.57875e-05 1.90509e-06 1.58466e-07 7.58657e-09 1.62446e-10
 2.56117e-27 2.58239e-27 2.72242e-26 5.20298e-20 1.27545e-14 3.77938e-10 1.35371e-06 0.000586105 0.0306746 0.194057 0.148924 0.0469373 0.25263 0.232804 0.0420172 0.0372123 0.0111245 0.00232674 0.000577861 0.000107825 1.72709e-05 1.97587e-06 1.4205e-07 6.0969e-09 1.21047e-10
 2.56246e-27 2.58591e-27 3.03645e-26 5.86546e-20 1.43785e-14 4.2606e-10 1.52607e-06 0.000660732 0.0345803 0.218765 0.167773 0.0458268 0.230935 0.212802 0.0387797 0.0348971 0.0109332 0.00313061 0.000775713 0.000119871 1.65772e-05 1.78413e-06 1.23602e-07 4.61291e-09 8.14015e-11
 2.56405e-27 2.59015e-27 3.40348e-26 6.63971e-20 1.62765e-14 4.823e-10 1.72752e-06 0.00074795 0.039145 0.247642 0.189817 0.04543 0.212428 0.195558 0.0327263 0.0254261 0.00797072 0.00233084 0.000631577 0.000125892 1.61224e-05 1.43364e-06 8.93339e-08 3.15537e-09 4.89531e-11
 2.56391e-27 2.58962e-27 3.3423e-26 6.51059e-20 1.59599e-14 4.72921e-10 1.69392e-06 0.000733404 0.0383837 0.242827 0.186162 0.046824 0.225604 0.207443 0.0298781 0.0159174 0.00476809 0.00109833 0.00028909 6.00629e-05 9.23661e-06 8.95665e-07 4.67469e-08 1.44214e-09 2.07259e-11
 2.56456e-27 2.59144e-27 3.50828e-26 6.86076e-20 1.68183e-14 4.98357e-10 1.78503e-06 0.000772851 0.0404482 0.255887 0.196119 0.0458415 0.211132 0.194215 0.0298303 0.0191241 0.00551923 0.000872249 0.000198135 3.36264e-05 5.13354e-06 5.65925e-07 3.36949e-08 9.18923e-10 1.13799e-11
 2.56393e-27 2.58968e-27 3.34752e-26 6.52161e-20 1.5987e-14 4.73722e-10 1.69679e-06 0.000734646 0.0384487 0.243238 0.186475 0.0467619 0.224912 0.206822 0.0300879 0.0165446 0.00484088 0.00090764 0.00019794 2.3573e-05 2.87218e-06 2.84869e-07 1.86433e-08 5.74952e-10 6.59145e-12
 2.56556e-27 2.59416e-27 3.74903e-26 7.36866e-20 1.80634e-14 5.3525e-10 1.91718e-06 0.000830064 0.0434426 0.27483 0.210573 0.0451785 0.195931 0.180172 0.027053 0.016328 0.00471376 0.000757024 0.00016468 2.23461e-05 2.29716e-06 1.61992e-07 9.0074e-09 2.93618e-10 3.73435e-12
 2.56537e-27 2.59358e-27 3.6929e-26 7.25021e-20 1.7773e-14 5.26646e-10 1.88636e-06 0.000816721 0.0427443 0.270412 0.207209 0.0457482 0.20263 0.186255 0.0263417 0.0131782 0.00382236 0.000675431 0.000145854 1.73995e-05 1.86054e-06 1.28926e-07 5.17439e-09 1.35895e-10 1.76182e-12
 2.56547e-27 2.59385e-27 3.71536e-26 7.2976e-20 1.78892e-14 5.30088e-10 1.89869e-06 0.000822059 0.0430236 0.27218 0.208559 0.0457823 0.201941 0.185598 0.0258338 0.0121816 0.00346114 0.000497275 0.000103654 1.33385e-05 1.35632e-06 8.85303e-08 3.55773e-09 7.19843e-11 7.32725e-13
 2.5668e-27 2.59746e-27 4.03626e-26 7.97457e-20 1.95487e-14 5.79263e-10 2.07482e-06 0.000898319 0.0470148 0.297429 0.227822 0.0447157 0.180291 0.165643 0.0227301 0.0101278 0.00285813 0.000384375 7.5653e-05 8.11517e-06 8.16089e-07 5.43331e-08 2.042e-09 4.00306e-11 3.30864e-13
 2.56636e-27 2.59624e-27 3.92301e-26 7.73563e-20 1.8963e-14 5.61907e-10 2.01266e-06 0.000871403 0.0456061 0.288517 0.221029 0.0454737 0.190831 0.175268 0.0226069 0.00742487 0.00206023 0.000255637 4.8462e-05 4.84348e-06 4.33268e-07 2.55211e-08 9.68893e-10 1.82026e-11 1.42208e-13
 2.56589e-27 2.59496e-27 3.8107e-26 7.49872e-20 1.83822e-14 5.44698e-10 1.95102e-06 0.000844715 0.0442094 0.279681 0.214286 0.0457478 0.197655 0.181583 0.024055 0.00913355 0.00251163 0.000245299 4.15482e-05 3.84317e-06 3.23816e-07 1.71379e-08 5.66712e-10 1.02619e-11 7.79566e-14
 2.56553e-27 2.59398e-27 3.72287e-26 7.31342e-20 1.7928e-14 5.31238e-10 1.9028e-06 0.000823842 0.0431169 0.27277 0.209014 0.0460695 0.203807 0.187246 0.0248013 0.00941039 0.00260347 0.000282493 4.87658e-05 3.61446e-06 2.65701e-07 1.29063e-08 3.86792e-10 6.10977e-12 4.32516e-14
 2.56574e-27 2.59456e-27 3.7747e-26 7.42277e-20 1.8196e-14 5.39181e-10 1.93126e-06 0.00083616 0.0437616 0.276848 0.212126 0.0458831 0.200202 0.183927 0.0243433 0.00920181 0.00254386 0.000273341 4.75636e-05 3.85768e-06 2.72374e-07 1.06024e-08 2.81002e-10 3.99799e-12 2.4847e-14
#obs catch len freq
 5.0253e-42 6.97479e-34 1.17017e-26 2.37307e-20 5.8173e-15 1.72377e-10 6.17428e-07 0.000267325 0.0139907 0.0885105 0.0683108 0.0399257 0.21877 0.186708 0.14365 0.143152 0.0640265 0.0258183 0.00604396 0.000783851 4.1771e-05 6.59962e-07 2.3173e-09 1.47362e-12 1.48682e-16
 5.73868e-42 7.96491e-34 1.33628e-26 2.70995e-20 6.64312e-15 1.96848e-10 7.05076e-07 0.000305274 0.0159768 0.101075 0.0780167 0.0437119 0.22333 0.181669 0.142944 0.13087 0.0564716 0.0207442 0.00437191 0.000490781 2.13616e-05 2.60569e-07 6.78051e-10 3.11447e-13 2.23759e-17
 1.08041e-41 1.49954e-33 2.51579e-26 5.10198e-20 1.25069e-14 3.70602e-10 1.32744e-06 0.000574734 0.0300793 0.190292 0.146188 0.0451928 0.181719 0.140898 0.113933 0.0956398 0.0396139 0.0131691 0.0024571 0.000233444 8.21108e-06 7.70528e-08 1.48605e-10 4.94147e-14 2.53412e-18
 1.11932e-41 1.55354e-33 2.60639e-26 5.28571e-20 1.29573e-14 3.83949e-10 1.37524e-06 0.000595432 0.0311625 0.197145 0.151763 0.0583292 0.237124 0.163767 0.0767236 0.0543087 0.0215142 0.00642997 0.00104992 8.2882e-05 2.31086e-06 1.65374e-08 2.36046e-11 5.69012e-15 2.08819e-19
 7.86207e-42 1.0912e-33 1.83072e-26 3.71266e-20 9.10116e-15 2.69684e-10 9.65964e-07 0.000418229 0.0218884 0.138476 0.107233 0.0649117 0.274262 0.184742 0.116071 0.0709463 0.0166727 0.00380825 0.000533651 3.44769e-05 7.48921e-07 4.02879e-09 4.22651e-12 7.3768e-16 1.93978e-20
 1.25799e-41 1.746e-33 2.92928e-26 5.94053e-20 1.45625e-14 4.31514e-10 1.54561e-06 0.000669196 0.0350231 0.221569 0.17041 0.0529303 0.172665 0.122342 0.125322 0.0755002 0.0199183 0.00334893 0.000285836 1.39559e-05 2.32482e-07 9.28308e-10 7.08407e-13 8.89644e-17 1.67224e-21
 1.04146e-41 1.44548e-33 2.42509e-26 4.91804e-20 1.2056e-14 3.57241e-10 1.27958e-06 0.000554014 0.0289949 0.183435 0.141988 0.0736326 0.259644 0.153223 0.0858142 0.0507068 0.0185441 0.00322954 0.000225311 6.6405e-06 7.38821e-08 2.13115e-10 1.17154e-13 1.05048e-17 1.4031e-22
 1.28462e-41 1.78297e-33 2.99131e-26 6.06631e-20 1.48709e-14 4.40651e-10 1.57834e-06 0.000683366 0.0357647 0.226263 0.174506 0.0644172 0.19218 0.123456 0.115273 0.0536992 0.0115557 0.0020394 0.000157602 3.77144e-06 2.60619e-08 4.6946e-11 1.75903e-14 1.10913e-18 1.04548e-23
 1.1524e-41 1.59946e-33 2.68342e-26 5.44193e-20 1.33402e-14 3.95296e-10 1.41588e-06 0.000613029 0.0320835 0.202978 0.157397 0.0799772 0.239673 0.134226 0.0937553 0.0452047 0.0124656 0.00153452 8.85108e-05 2.04967e-06 1.16119e-08 1.37148e-11 3.15972e-15 1.28447e-19 8.20613e-25
 1.51482e-41 2.10247e-33 3.52733e-26 7.15335e-20 1.75356e-14 5.19612e-10 1.86117e-06 0.000805821 0.0421734 0.266809 0.205863 0.0696317 0.171341 0.103719 0.0935602 0.0371203 0.00792045 0.00100408 4.96785e-05 8.12515e-07 3.78735e-09 3.62833e-12 5.92518e-16 1.54972e-20 6.25011e-26
 1.54923e-41 2.15023e-33 3.60746e-26 7.31585e-20 1.79339e-14 5.31415e-10 1.90344e-06 0.000824126 0.0431315 0.272873 0.211184 0.0832255 0.197374 0.0986598 0.0619116 0.0245797 0.00565229 0.000559116 2.31596e-05 3.17285e-07 1.06399e-09 7.52369e-13 9.51061e-17 1.86436e-21 5.27079e-27
 1.15067e-41 1.59706e-33 2.6794e-26 5.43376e-20 1.33202e-14 3.94703e-10 1.41376e-06 0.000612109 0.0320354 0.202685 0.158838 0.103795 0.253673 0.129338 0.0875972 0.0266364 0.00436938 0.000404744 1.41788e-05 1.49515e-07 3.91474e-10 2.02738e-13 1.81198e-17 2.57189e-22 5.38442e-28
 1.72317e-41 2.39164e-33 4.01248e-26 8.13723e-20 1.99475e-14 5.9108e-10 2.11715e-06 0.000916654 0.047974 0.303511 0.234604 0.0747899 0.140349 0.0903832 0.0804363 0.0233392 0.00346314 0.000224838 5.96711e-06 5.08578e-08 1.00247e-10 3.84429e-14 2.51587e-18 2.54287e-23 3.73775e-29
 1.39454e-41 1.93553e-33 3.24726e-26 6.58538e-20 1.61433e-14 4.78355e-10 1.71339e-06 0.000741838 0.0388249 0.245649 0.192961 0.116538 0.234553 0.0988992 0.0515655 0.0170807 0.00300758 0.000174464 3.41874e-06 2.02394e-08 2.95765e-11 8.4128e-15 3.99075e-19 2.90443e-24 3.06124e-30
 1.18252e-41 1.64126e-33 2.75356e-26 5.58416e-20 1.36889e-14 4.05627e-10 1.45289e-06 0.000629051 0.0329221 0.208314 0.165158 0.118297 0.227996 0.132556 0.0922722 0.0194351 0.00227615 0.000139828 2.6187e-06 1.18041e-08 1.18119e-11 2.32721e-15 7.8977e-20 4.13517e-25 3.11422e-31
 9.42309e-42 1.30786e-33 2.19421e-26 4.44982e-20 1.09082e-14 3.2323e-10 1.15776e-06 0.000501269 0.0262345 0.166023 0.134421 0.131767 0.243993 0.155 0.110344 0.0282169 0.00336592 0.000130589 1.91781e-06 7.79811e-09 6.22804e-12 8.69663e-16 2.00469e-20 7.18883e-26 3.78316e-32
 1.49604e-41 2.07641e-33 3.4836e-26 7.06468e-20 1.73182e-14 5.1317e-10 1.83809e-06 0.000795831 0.0416507 0.263539 0.206988 0.0984527 0.152986 0.121211 0.0882161 0.023124 0.00291608 0.000117352 1.3109e-06 3.679e-09 2.31148e-12 2.59254e-16 4.50053e-21 1.14247e-26 4.12363e-33
 1.05268e-41 1.46106e-33 2.45122e-26 4.97103e-20 1.21859e-14 3.61091e-10 1.29337e-06 0.000559984 0.0293074 0.185516 0.15374 0.170412 0.261361 0.117432 0.0620381 0.0173798 0.00216595 8.55039e-05 9.14412e-07 2.10547e-09 9.2904e-13 7.33259e-17 9.50625e-22 1.83845e-27 4.95732e-34
 1.52819e-41 2.12103e-33 3.55847e-26 7.21651e-20 1.76904e-14 5.24199e-10 1.8776e-06 0.000812935 0.0425459 0.269235 0.213544 0.111314 0.153437 0.127162 0.0693444 0.011457 0.00110278 4.18388e-05 4.14055e-07 8.52143e-10 3.13471e-13 1.86254e-17 1.69359e-22 2.27735e-28 4.38021e-35
 1.08849e-41 1.51076e-33 2.53461e-26 5.14013e-20 1.26004e-14 3.73374e-10 1.33737e-06 0.000579033 0.0303045 0.191898 0.16306 0.190993 0.247791 0.111046 0.0517959 0.0116019 0.000906872 2.21008e-05 1.75724e-07 3.11997e-10 9.69428e-14 4.71996e-18 3.37118e-23 3.38442e-29 4.6523e-36
 1.38473e-41 1.92191e-33 3.22441e-26 6.53903e-20 1.60297e-14 4.74988e-10 1.70133e-06 0.000736618 0.0385519 0.244039 0.198616 0.136092 0.172963 0.140365 0.0598173 0.00821392 0.000589563 1.36269e-05 7.5535e-08 9.41484e-11 2.27603e-14 8.88109e-19 5.04611e-24 3.96985e-30 4.19812e-37
 1.508e-41 2.093e-33 3.51145e-26 7.12114e-20 1.74566e-14 5.17272e-10 1.85279e-06 0.000802192 0.0419839 0.265822 0.219241 0.161229 0.17366 0.0910978 0.0388147 0.00695153 0.000389592 6.4726e-06 3.01353e-08 2.85167e-11 4.73937e-15 1.30077e-19 5.47212e-25 3.27464e-31 2.64923e-38
 1.22451e-41 1.69954e-33 2.85133e-26 5.78245e-20 1.4175e-14 4.20031e-10 1.50448e-06 0.000651389 0.0340918 0.216024 0.188121 0.200476 0.211186 0.10949 0.0352017 0.00450331 0.000250538 3.82683e-06 1.29826e-08 9.09564e-12 1.14997e-15 2.28544e-20 6.66374e-26 2.75962e-32 1.58034e-39
 1.47321e-41 2.04472e-33 3.43044e-26 6.95687e-20 1.70539e-14 5.05339e-10 1.81004e-06 0.000783687 0.0410157 0.259807 0.218171 0.161867 0.168241 0.112016 0.0342988 0.00365121 0.000144462 1.75495e-06 5.14835e-09 2.80457e-12 2.54557e-16 3.64722e-21 7.77084e-27 2.32564e-33 9.40829e-41
 1.45117e-41 2.01413e-33 3.37913e-26 6.8528e-20 1.67988e-14 4.9778e-10 1.78297e-06 0.000771964 0.0404027 0.256097 0.222368 0.193656 0.173387 0.0850737 0.0252854 0.0028593 9.60726e-05 8.44598e-07 1.78355e-09 7.53716e-13 5.36179e-17 5.73961e-22 8.76606e-28 1.85957e-34 5.36348e-42
 1.28446e-41 1.78274e-33 2.99092e-26 6.06552e-20 1.48689e-14 4.40593e-10 1.57813e-06 0.000683277 0.0357617 0.226928 0.20661 0.215039 0.192716 0.0976998 0.0225603 0.00193971 5.9361e-05 4.55319e-07 7.20637e-10 2.13082e-13 1.07968e-17 8.54756e-23 9.79459e-29 1.54137e-35 3.2278e-43
 1.1609e-41 1.61125e-33 2.70321e-26 5.48205e-20 1.34386e-14 3.98211e-10 1.42633e-06 0.000617551 0.0323226 0.20536 0.194984 0.223042 0.204954 0.112333 0.024534 0.00181032 4.0937e-05 2.44346e-07 3.17269e-10 7.28938e-14 2.6659e-18 1.47139e-23 1.17839e-29 1.32013e-36 2.00234e-44
 1.14398e-41 1.58777e-33 2.66381e-26 5.40215e-20 1.32427e-14 3.92406e-10 1.40553e-06 0.000608549 0.0318514 0.202342 0.19112 0.215949 0.209024 0.119882 0.0271425 0.00203658 4.20721e-05 2.05562e-07 2.121e-10 4.0399e-14 1.25372e-18 5.77018e-24 3.73013e-30 3.28875e-37 3.88286e-45
#spawning biomass
 13140.4 16372.6 22221.9 30631.5 38936.5 46499 54858.2 63987.7 72045.9 91546.1 114389 134626 173707 206776 210306 179079 173334 152145 153927 145665 152954 171348 176738 193667 204677 210208 194731 175978 172684 127013 43973.3 20476.9 16003.2 15244.5 15124.6 15106.5 15103.9 15103.5 15103.4 15103.4 15103.4 15103.4 15103.4 15103.4 15103.4 15103.4 15103.4 15103.4 15103.4 15103.4 15103.4 15103.4 15103.4 15103.4 15103.4 15103.4 15103.4 15103.4 15103.4 15103.4 15103.4 15103.4 15103.4 15103.4 15103.4 15103.4 15103.4 15103.4 15103.4 15103.4 15103.4 15103.4 15103.4 15103.4 15103.4 15103.4 15103.4 15103.4 15103.4 15103.4 15103.4 15103.4 15103.4 15103.4 15103.4 15103.4 15103.4 15103.4 15103.4 15103.4 15103.4 15103.4 15103.4 15103.4 15103.4 15103.4 15103.4 15103.4 15103.4 15103.4 15103.4 15103.4 15103.4 15103.4 15103.4 15103.4 15103.4 15103.4 15103.4 15103.4 15103.4 15103.4 15103.4 15103.4 15103.4 15103.4 15103.4 15103.4 15103.4 15103.4 15103.4 15103.4 15103.4 15103.4 15103.4 15103.4 15103.4 15103.4 0 0 0 0 0 0 0 0 0 0 0 0 0 0 0 0 0 0 0 0 0 0 0 0 0
