SBPRF35
0.819782
Curr Bio
137232
B35
689439
F35
0.205783
FOFL
0.0512463
OFL
8020.57
Bzero
234224
#pred survey bio
 8795.81 6597.12 7658.33 10410.3 15137.7 17590.6 17207.3 23253.8 35204.5 45746.4 57254.6 76806 103056 127103 113967 97693.5 97073.7 94265.6 93856 91414.1 91513.7 101583 110194 115501 120297 124530 127052 141697 7.07238e+06 7.01052e+06 7.62054e+06 7.3339e+06 6.5802e+06 5.68438e+06 4.83277e+06 4.10734e+06 3.5279e+06 3.08355e+06 2.75171e+06 2.50812e+06 2.33116e+06 2.20317e+06 2.10977e+06 2.04069e+06 1.99165e+06 1.95649e+06 1.93102e+06 1.91238e+06 1.89858e+06 1.88825e+06 1.88045e+06 1.87449e+06 1.8699e+06 1.86633e+06 1.86354e+06 1.86133e+06 1.85959e+06 1.85819e+06 1.85708e+06 1.85618e+06 1.85545e+06 1.85487e+06 1.85439e+06 1.85401e+06 1.8537e+06 1.85344e+06 1.85323e+06 1.85306e+06 1.85293e+06 1.85281e+06 1.85272e+06 1.85265e+06 1.85258e+06 1.85253e+06 1.85249e+06 1.85246e+06 1.85243e+06 1.85241e+06 1.85239e+06 1.85238e+06 1.85236e+06 1.85235e+06 1.85234e+06 1.85234e+06 1.85233e+06 1.85233e+06 1.85232e+06 1.85232e+06 1.85232e+06 1.85232e+06 1.85231e+06 1.85231e+06 1.85231e+06 1.85231e+06 1.85231e+06 1.85231e+06 1.85231e+06 1.85231e+06 1.85231e+06 1.85231e+06 1.85231e+06 1.85231e+06 1.85231e+06 1.85231e+06 1.85231e+06 1.85231e+06 1.85231e+06 1.85231e+06 1.85231e+06 1.85231e+06 1.85231e+06 1.85231e+06 1.85231e+06 1.85231e+06 1.85231e+06 1.85231e+06 1.85231e+06 1.85231e+06 1.85231e+06 1.85231e+06 1.85231e+06 1.85231e+06 1.85231e+06 1.85231e+06 1.85231e+06 1.85231e+06 1.85231e+06 1.85231e+06 0 0 0 0 0 0 0 0 0 0 0 0 0 0 0 0 0 0 0 0 0 0 0 0 0
#obs survey bio
 8181.21 8910.12 7996.38 11855.1 18968.5 20855 14322.8 32715.8 49275.9 51622.7 50989.5 94698.3 114356 144861 99089.4 86049.2 88925.4 102091 72317.9 54500.4 114681 124642 87165.1 126290 155450 165903 141244 128017
#pred catch bio
 6700.69 4925.41 5703.06 7380.73 11035.3 13707.1 13015.5 17316.1 27191.2 35826.6 44840.4 59826.9 80362.8 107744 96294.4 80484 82614.4 79939.6 81179.8 80078.1 77889.6 87509.3 97748.4 104374 108501 112026 111932 96199.7 8020.57 56026 60497.3 57663.2 51100.9 43500.8 36389.5 30420.2 25728.8 22199 19622.7 17783.3 16490.8 15592.9 14970.3 14538.6 14250.8 14059 13931.2 13846 13789.3 13751.4 13726.2 13709.4 13698.2 13690.7 13685.8 13682.5 13680.2 13678.8 13677.8 13677.1 13676.7 13676.4 13676.2 13676.1 13676 13675.9 13675.9 13675.9 13675.9 13675.9 13675.8 13675.8 13675.8 13675.8 13675.8 13675.8 13675.8 13675.8 13675.8 13675.8 13675.8 13675.8 13675.8 13675.8 13675.8 13675.8 13675.8 13675.8 13675.8 13675.8 13675.8 13675.8 13675.8 13675.8 13675.8 13675.8 13675.8 13675.8 13675.8 13675.8 13675.8 13675.8 13675.8 13675.8 13675.8 13675.8 13675.8 13675.8 13675.8 13675.8 13675.8 13675.8 13675.8 13675.8 13675.8 13675.8 13675.8 13675.8 13675.8 13675.8 13675.8 13675.8 13675.8 13675.8 13675.8 13675.8 13675.8 13675.8 0 0 0 0 0 0 0 0 0 0 0 0 0 0 0 0 0 0 0 0 0 0 0 0 0
#obs catch bio
 5347.97 4878.09 5554.33 7205.99 10635.6 13340.4 12864.7 16675.8 25536.5 34548 44158.4 57802.7 76304.6 104961 95852.9 79996.2 81287.8 78080.2 79834.7 79437.2 74977.7 84787.6 95461.5 101494 105446 108562 110426 95405
#pred cpue bio
 8051.12 5710.27 6465.86 8678.52 12779.9 15369.1 14718.2 19102.3 29221 38452.7 47774.4 63469 85964 107265 98068.2 83457.3 81977.6 79329.6 78980.1 76355.5 75882.2 84350.8 91207.9 94847.8 98410.4 102473 104518 115961 6.17159e+06 6.97763e+06 7.58767e+06 7.30103e+06 6.54733e+06 5.65151e+06 4.7999e+06 4.07447e+06 3.49503e+06 3.05068e+06 2.71884e+06 2.47525e+06 2.29829e+06 2.1703e+06 2.0769e+06 2.00782e+06 1.95878e+06 1.92362e+06 1.89815e+06 1.8795e+06 1.8657e+06 1.85538e+06 1.84758e+06 1.84162e+06 1.83703e+06 1.83346e+06 1.83066e+06 1.82846e+06 1.82671e+06 1.82532e+06 1.8242e+06 1.82331e+06 1.82258e+06 1.822e+06 1.82152e+06 1.82114e+06 1.82082e+06 1.82057e+06 1.82036e+06 1.82019e+06 1.82005e+06 1.81994e+06 1.81985e+06 1.81977e+06 1.81971e+06 1.81966e+06 1.81962e+06 1.81959e+06 1.81956e+06 1.81954e+06 1.81952e+06 1.8195e+06 1.81949e+06 1.81948e+06 1.81947e+06 1.81946e+06 1.81946e+06 1.81945e+06 1.81945e+06 1.81945e+06 1.81945e+06 1.81944e+06 1.81944e+06 1.81944e+06 1.81944e+06 1.81944e+06 1.81944e+06 1.81944e+06 1.81944e+06 1.81944e+06 1.81944e+06 1.81944e+06 1.81943e+06 1.81943e+06 1.81943e+06 1.81943e+06 1.81943e+06 1.81943e+06 1.81943e+06 1.81943e+06 1.81943e+06 1.81943e+06 1.81943e+06 1.81943e+06 1.81943e+06 1.81943e+06 1.81943e+06 1.81943e+06 1.81943e+06 1.81943e+06 1.81943e+06 1.81943e+06 1.81943e+06 1.81943e+06 1.81943e+06 1.81943e+06 1.81943e+06 1.81943e+06 1.81943e+06 1.81943e+06 0 0 0 0 0 0 0 0 0 0 0 0 0 0 0 0 0 0 0 0 0 0 0 0 0
#obs cpue bio
 7896.56 5735.91 9925.6 10727 19610.3 17636.2 21752 27325.4 66614.4 45131.8 65871.1 95721.2 194921 115093 109395 108719 120468 108186 127854 143519 125074 108832 160964 139370 118269 126215 111110 148562
#pred surv len freq
 2.56468e-27 2.59247e-27 3.6873e-26 7.23877e-20 1.7745e-14 5.25815e-10 1.88338e-06 0.000815433 0.0426768 0.269985 0.206753 0.037583 0.140809 0.130171 0.0333747 0.0438071 0.0203546 0.0177797 0.0120367 0.00993759 0.00836804 0.0076822 0.00812524 0.00744114 0.00229731
 2.56762e-27 2.60004e-27 4.30084e-26 8.53287e-20 2.09173e-14 6.19817e-10 2.22008e-06 0.00096121 0.0503063 0.318251 0.24366 0.0408163 0.139488 0.128479 0.0248816 0.0245533 0.00974248 0.00643336 0.00355002 0.00245651 0.0017938 0.00146228 0.0014059 0.00131049 0.000446005
 2.56866e-27 2.60276e-27 4.52959e-26 9.01538e-20 2.21001e-14 6.54866e-10 2.34562e-06 0.00101556 0.053151 0.336248 0.257408 0.0412433 0.133079 0.122477 0.0223188 0.0201212 0.00688545 0.00300711 0.0012794 0.000661855 0.000375906 0.000254803 0.000212563 0.000191329 6.80207e-05
 2.56925e-27 2.60433e-27 4.66455e-26 9.30007e-20 2.2798e-14 6.75546e-10 2.41969e-06 0.00104763 0.0548294 0.346866 0.265515 0.0411831 0.126925 0.11675 0.0204549 0.0172933 0.00574107 0.00220756 0.000727952 0.00024781 9.60831e-05 4.72268e-05 3.12974e-05 2.54971e-05 9.10464e-06
 2.56853e-27 2.60237e-27 4.49081e-26 8.93355e-20 2.18995e-14 6.48922e-10 2.32433e-06 0.00100635 0.0526685 0.333195 0.255085 0.0417322 0.138431 0.127367 0.0223324 0.0188982 0.00615974 0.00218419 0.000676508 0.000188649 4.6165e-05 1.37458e-05 6.06304e-06 4.025e-06 1.38659e-06
 2.56638e-27 2.59656e-27 3.9784e-26 7.85259e-20 1.92497e-14 5.70403e-10 2.04309e-06 0.000884578 0.0462956 0.292879 0.224321 0.0430468 0.17005 0.156591 0.0283442 0.0252625 0.00824368 0.00292219 0.000875606 0.00022411 4.60009e-05 8.3969e-06 1.91392e-06 8.37431e-07 2.61429e-07
 2.56783e-27 2.60056e-27 4.33952e-26 8.61442e-20 2.11172e-14 6.25741e-10 2.2413e-06 0.000970397 0.0507871 0.321293 0.245992 0.0414499 0.142672 0.131441 0.0259622 0.0261718 0.00868321 0.00327947 0.000989006 0.00025018 4.76656e-05 7.154e-06 8.81593e-07 1.76183e-07 4.30854e-08
 2.57003e-27 2.60649e-27 4.85736e-26 9.70683e-20 2.37951e-14 7.05092e-10 2.52552e-06 0.00109345 0.0572274 0.362036 0.277087 0.0404271 0.113041 0.103974 0.0188339 0.0168264 0.00581186 0.00256987 0.000806534 0.000214733 4.08466e-05 5.7462e-06 5.41925e-07 4.5083e-08 5.99592e-09
 2.56942e-27 2.60474e-27 4.6955e-26 9.36534e-20 2.2958e-14 6.80287e-10 2.43667e-06 0.00105499 0.0552142 0.3493 0.267379 0.0415076 0.128085 0.11773 0.018992 0.0137017 0.00452344 0.00172123 0.000573307 0.000174323 3.51792e-05 5.039e-06 4.40818e-07 2.32843e-08 1.16789e-09
 2.56873e-27 2.60288e-27 4.53134e-26 9.01904e-20 2.21091e-14 6.55132e-10 2.34657e-06 0.00101598 0.0531725 0.336384 0.257523 0.0419376 0.138281 0.127165 0.0211344 0.0161997 0.00507851 0.00149564 0.000451517 0.000125176 2.83212e-05 4.45534e-06 4.00384e-07 1.86929e-08 4.6648e-10
 2.56915e-27 2.60405e-27 4.63684e-26 9.2416e-20 2.26547e-14 6.71298e-10 2.40448e-06 0.00104105 0.0544847 0.344685 0.263854 0.0414523 0.13014 0.11969 0.0204934 0.0166246 0.00528622 0.00166202 0.000459444 0.000100705 2.01001e-05 3.3067e-06 3.31758e-07 1.58619e-08 3.17477e-10
 2.56965e-27 2.60539e-27 4.75454e-26 9.48991e-20 2.32634e-14 6.89335e-10 2.46908e-06 0.00106902 0.0559486 0.353946 0.270922 0.0412149 0.123368 0.113412 0.0188549 0.0144697 0.004659 0.00156711 0.00044675 0.000100162 1.6535e-05 2.25816e-06 2.27534e-07 1.20096e-08 2.41583e-10
 2.56914e-27 2.60399e-27 4.62835e-26 9.22368e-20 2.26107e-14 6.69997e-10 2.39982e-06 0.00103903 0.054379 0.344017 0.263348 0.0417322 0.132626 0.121925 0.0198154 0.0145132 0.00460728 0.0014535 0.000421646 0.000100652 1.71767e-05 2.079e-06 1.70087e-07 8.82062e-09 1.91799e-10
 2.56851e-27 2.60228e-27 4.479e-26 8.90863e-20 2.18384e-14 6.47112e-10 2.31785e-06 0.00100354 0.0525216 0.332266 0.254381 0.042048 0.14133 0.129989 0.0218296 0.0170761 0.00537264 0.00160472 0.000451626 0.000103104 1.83862e-05 2.32637e-06 1.73258e-07 7.409e-09 1.56435e-10
 2.56732e-27 2.59902e-27 4.18739e-26 8.29344e-20 2.03304e-14 6.02425e-10 2.15779e-06 0.000934239 0.0488947 0.309321 0.236878 0.0431512 0.162022 0.149025 0.024149 0.0175789 0.00560512 0.00180491 0.000502968 0.000108888 1.85417e-05 2.36759e-06 1.83886e-07 7.21163e-09 1.28836e-10
 2.56781e-27 2.6004e-27 4.31467e-26 8.56197e-20 2.09886e-14 6.21931e-10 2.22765e-06 0.000964488 0.0504778 0.319337 0.244513 0.0423486 0.15055 0.138541 0.0241433 0.0202022 0.00635518 0.00188563 0.000534372 0.000122358 2.01594e-05 2.4398e-06 1.88109e-07 7.57144e-09 1.24498e-10
 2.56849e-27 2.60227e-27 4.47986e-26 8.91045e-20 2.18429e-14 6.47244e-10 2.31832e-06 0.00100374 0.0525323 0.332334 0.25443 0.0418755 0.139983 0.128777 0.0221773 0.0181873 0.00591018 0.00206123 0.000578032 0.000124764 2.1361e-05 2.59434e-06 1.89765e-07 7.52833e-09 1.24845e-10
 2.56865e-27 2.60265e-27 4.5097e-26 8.97339e-20 2.19972e-14 6.51816e-10 2.33469e-06 0.00101083 0.0529034 0.334681 0.256227 0.0421428 0.140754 0.129408 0.0208292 0.0149466 0.00481941 0.00164489 0.000488215 0.000119255 1.97477e-05 2.38991e-06 1.77351e-07 6.74611e-09 1.09839e-10
 2.56865e-27 2.60264e-27 4.50812e-26 8.97005e-20 2.1989e-14 6.51573e-10 2.33383e-06 0.00101046 0.0528837 0.334557 0.256132 0.0421638 0.140981 0.12962 0.0209251 0.0151028 0.00472466 0.00138045 0.000398833 9.75873e-05 1.79363e-05 2.25099e-06 1.64393e-07 6.29791e-09 9.93549e-11
 2.56905e-27 2.60372e-27 4.60304e-26 9.17028e-20 2.24798e-14 6.66118e-10 2.38592e-06 0.00103301 0.0540642 0.342025 0.261831 0.041947 0.135327 0.124387 0.0197261 0.0136847 0.0042833 0.00125682 0.000343776 7.37525e-05 1.32725e-05 1.7824e-06 1.38966e-07 5.29547e-09 8.34289e-11
 2.56942e-27 2.60471e-27 4.68969e-26 9.35308e-20 2.2928e-14 6.79396e-10 2.43348e-06 0.00105361 0.0551419 0.348843 0.267035 0.0418066 0.130602 0.120002 0.0184783 0.0119396 0.00370263 0.00103922 0.000283162 5.98764e-05 9.66958e-06 1.2092e-06 9.87954e-08 4.0197e-09 6.37617e-11
 2.56935e-27 2.60452e-27 4.67285e-26 9.31756e-20 2.28409e-14 6.76816e-10 2.42424e-06 0.0010496 0.0549325 0.347518 0.266023 0.0418276 0.131472 0.120814 0.0187902 0.0124436 0.00381192 0.000988754 0.000262688 5.35304e-05 8.53621e-06 9.87356e-07 7.37385e-08 3.087e-09 5.18915e-11
 2.56951e-27 2.60497e-27 4.71215e-26 9.40046e-20 2.30441e-14 6.82837e-10 2.44581e-06 0.00105894 0.0554212 0.35061 0.268383 0.0417274 0.129053 0.118577 0.0183091 0.0119106 0.003663 0.000975089 0.000253859 4.81698e-05 7.38304e-06 8.2952e-07 5.79088e-08 2.22735e-09 3.79826e-11
 2.5699e-27 2.606e-27 4.80234e-26 9.59072e-20 2.35105e-14 6.96658e-10 2.49531e-06 0.00108037 0.0565429 0.357706 0.273799 0.0415667 0.124025 0.113911 0.0170271 0.0101594 0.00310882 0.000811821 0.000212444 4.09048e-05 5.96827e-06 6.30963e-07 4.22771e-08 1.52066e-09 2.40789e-11
 2.57007e-27 2.60645e-27 4.8408e-26 9.67185e-20 2.37094e-14 7.02551e-10 2.51642e-06 0.00108951 0.0570212 0.360732 0.276109 0.0415651 0.122389 0.112377 0.0163043 0.00889426 0.0026785 0.000637339 0.000163518 3.10415e-05 4.57356e-06 4.7205e-07 2.95907e-08 1.01015e-09 1.49537e-11
 2.56977e-27 2.60564e-27 4.7682e-26 9.51869e-20 2.33339e-14 6.91426e-10 2.47657e-06 0.00107226 0.0561182 0.355019 0.271752 0.0418373 0.127522 0.117102 0.0169394 0.00915081 0.00272087 0.000589198 0.000144949 2.53578e-05 3.64556e-06 3.75333e-07 2.31481e-08 7.42852e-10 1.03584e-11
 2.5698e-27 2.6057e-27 4.77485e-26 9.53271e-20 2.33683e-14 6.92444e-10 2.48022e-06 0.00107384 0.0562009 0.355543 0.27215 0.0417531 0.126602 0.116269 0.0170742 0.00966792 0.00287441 0.000615718 0.000147581 2.36056e-05 3.15322e-06 3.06492e-07 1.86704e-08 5.8861e-10 7.76138e-12
 2.57006e-27 2.60644e-27 4.84151e-26 9.67335e-20 2.37131e-14 7.0266e-10 2.51681e-06 0.00108968 0.0570301 0.360788 0.27615 0.0414565 0.121533 0.111614 0.0166502 0.00987406 0.00295739 0.000664862 0.000160301 2.52247e-05 3.17036e-06 2.80735e-07 1.59127e-08 4.89258e-10 6.31646e-12
#obs surv len freq
 1.63806e-41 2.27352e-33 3.8143e-26 7.73532e-20 1.89622e-14 5.61885e-10 2.01258e-06 0.000871378 0.0456045 0.288507 0.221043 0.0442817 0.164671 0.139963 0.0433383 0.0351882 0.0115622 0.00398311 0.000865567 0.000112273 6.32936e-06 1.12592e-07 4.70481e-10 3.71129e-13 4.78292e-17
 1.90361e-41 2.64208e-33 4.43264e-26 8.9893e-20 2.20362e-14 6.52973e-10 2.33885e-06 0.00101264 0.0529975 0.335277 0.256767 0.0440315 0.132239 0.106391 0.0338986 0.0259047 0.00822738 0.0026533 0.000532619 6.11095e-05 2.88012e-06 4.02392e-08 1.25943e-10 7.22731e-14 6.66618e-18
 1.92667e-41 2.6741e-33 4.48635e-26 9.09823e-20 2.23032e-14 6.60886e-10 2.36719e-06 0.00102491 0.0536397 0.339341 0.259953 0.0470756 0.14109 0.106179 0.0270716 0.0173357 0.00535074 0.00161035 0.000295157 2.95675e-05 1.1557e-06 1.26809e-08 2.98254e-11 1.24913e-14 8.26477e-19
 1.97211e-41 2.73716e-33 4.59216e-26 9.31281e-20 2.28293e-14 6.76473e-10 2.42302e-06 0.00104908 0.0549048 0.347344 0.266127 0.0486982 0.138223 0.0979324 0.0258272 0.0151868 0.00363728 0.000905113 0.000150197 1.29693e-05 4.15026e-07 3.5563e-09 6.29416e-12 1.93222e-15 9.21112e-20
 1.7661e-41 2.45123e-33 4.11245e-26 8.33997e-20 2.04445e-14 6.05807e-10 2.1699e-06 0.000939492 0.0491693 0.31106 0.238615 0.0549312 0.176001 0.117046 0.0307914 0.0167091 0.00384017 0.000788145 9.82306e-05 6.98926e-06 1.80758e-07 1.19822e-09 1.59023e-12 3.58344e-16 1.23566e-20
 1.4612e-41 2.02804e-33 3.40247e-26 6.90013e-20 1.69149e-14 5.01218e-10 1.79528e-06 0.000777295 0.0406805 0.25736 0.197881 0.0625053 0.220384 0.139606 0.0480493 0.0259955 0.00561067 0.00103856 0.000105427 5.41283e-06 1.05516e-07 5.32745e-10 5.26746e-13 8.68945e-17 2.16834e-21
 2.0887e-41 2.89897e-33 4.86363e-26 9.86334e-20 2.41788e-14 7.16462e-10 2.56625e-06 0.0011111 0.0581505 0.367878 0.281955 0.0503278 0.112581 0.0691849 0.0341899 0.0188543 0.00481537 0.000869681 7.62364e-05 3.00683e-06 4.08415e-08 1.46226e-10 1.05203e-13 1.26177e-17 2.27226e-22
 1.99044e-41 2.76259e-33 4.63482e-26 9.39933e-20 2.30413e-14 6.82757e-10 2.44553e-06 0.00105883 0.0554148 0.350573 0.269085 0.0601392 0.151278 0.0814178 0.0188915 0.00868239 0.00284194 0.000563603 4.97556e-05 1.62744e-06 1.61952e-08 3.95428e-11 1.94402e-14 1.63537e-18 2.09535e-23
 2.02421e-41 2.80947e-33 4.71347e-26 9.55882e-20 2.34323e-14 6.94343e-10 2.48702e-06 0.0010768 0.0563552 0.356522 0.273751 0.0616702 0.144204 0.0739151 0.0222752 0.00846706 0.00145736 0.000275298 2.68268e-05 8.33708e-07 6.69809e-09 1.17712e-11 3.93764e-15 2.22809e-19 1.94642e-24
 1.73132e-41 2.40296e-33 4.03147e-26 8.17574e-20 2.00419e-14 5.93877e-10 2.12717e-06 0.000920992 0.048201 0.30494 0.235005 0.0762429 0.199138 0.0951738 0.0281465 0.0101515 0.00184036 0.000220174 1.5855e-05 4.81363e-07 3.47501e-09 4.85592e-12 1.18059e-15 4.61654e-20 2.72812e-25
 2.01569e-41 2.79765e-33 4.69363e-26 9.51859e-20 2.33337e-14 6.9142e-10 2.47655e-06 0.00107226 0.056118 0.355024 0.272995 0.0667855 0.139919 0.0666278 0.0293498 0.0101675 0.00173659 0.000192803 9.78032e-06 2.03706e-07 1.24451e-09 1.47978e-12 2.8532e-16 8.3007e-21 3.49038e-26
 1.84553e-41 2.56147e-33 4.2974e-26 8.71503e-20 2.13639e-14 6.33051e-10 2.26748e-06 0.000981743 0.0513805 0.325058 0.250887 0.0817478 0.180663 0.0757976 0.023479 0.00808845 0.00172678 0.000179705 7.78008e-06 1.14625e-07 4.6657e-10 4.17337e-13 6.42524e-17 1.47168e-21 4.70411e-27
 1.92248e-41 2.66827e-33 4.47658e-26 9.07842e-20 2.22547e-14 6.59446e-10 2.36203e-06 0.00102268 0.0535229 0.338613 0.261391 0.0809659 0.160895 0.0673146 0.0271346 0.00771201 0.00127917 0.000141299 5.90904e-06 7.0332e-08 2.02407e-10 1.19773e-13 1.27452e-17 2.15175e-22 5.22533e-28
 1.62802e-41 2.25958e-33 3.79092e-26 7.68791e-20 1.8846e-14 5.58442e-10 2.00025e-06 0.000866038 0.045325 0.286761 0.223234 0.104172 0.216204 0.0831663 0.0300598 0.00860874 0.00146952 0.000126396 4.74083e-06 5.12553e-08 1.17441e-10 4.98823e-14 3.58225e-18 4.03773e-23 6.72665e-29
 1.48049e-41 2.05483e-33 3.4474e-26 6.99126e-20 1.71383e-14 5.07838e-10 1.81899e-06 0.000787561 0.0412178 0.260786 0.204321 0.113435 0.224661 0.0941248 0.04663 0.0120057 0.00187115 0.00015276 4.61569e-06 4.03367e-08 7.74676e-11 2.6104e-14 1.38475e-18 1.09447e-23 1.24006e-29
 1.71868e-41 2.38541e-33 4.00202e-26 8.11603e-20 1.98955e-14 5.89539e-10 2.11163e-06 0.000914265 0.047849 0.302738 0.236124 0.103017 0.176863 0.0763783 0.0415325 0.0123293 0.00209873 0.000149814 3.90295e-06 2.70124e-08 3.95965e-11 1.04087e-14 4.30085e-19 2.57073e-24 2.12645e-30
 1.67813e-41 2.32913e-33 3.9076e-26 7.92454e-20 1.94261e-14 5.7563e-10 2.06181e-06 0.000892694 0.0467201 0.29561 0.23215 0.118835 0.192492 0.0708139 0.0310464 0.00951389 0.0017872 0.00013335 3.01771e-06 1.68246e-08 1.89989e-11 3.71273e-15 1.13752e-19 5.09414e-25 3.16475e-31
 1.69678e-41 2.35501e-33 3.95102e-26 8.01259e-20 1.96419e-14 5.82026e-10 2.08472e-06 0.000902613 0.0472392 0.298907 0.235611 0.123796 0.184582 0.0698137 0.0304286 0.00737631 0.00124414 9.48432e-05 2.06192e-06 9.73325e-09 8.57173e-12 1.26254e-15 2.85093e-20 9.2813e-26 4.1819e-32
 1.65893e-41 2.30249e-33 3.8629e-26 7.83388e-20 1.92038e-14 5.69044e-10 2.03822e-06 0.000882481 0.0461856 0.292263 0.232169 0.135488 0.188157 0.0687277 0.0284828 0.00665629 0.000926807 5.87487e-05 1.16731e-06 4.90023e-09 3.56085e-12 4.06109e-16 6.85115e-21 1.63704e-26 5.35467e-33
 1.75542e-41 2.4364e-33 4.08757e-26 8.28951e-20 2.03208e-14 6.02141e-10 2.15677e-06 0.000933808 0.0488719 0.309272 0.245808 0.133531 0.167547 0.0625788 0.0252785 0.00546097 0.00068097 3.47758e-05 5.44127e-07 1.89484e-09 1.14671e-12 1.05483e-16 1.38117e-21 2.48241e-27 5.98153e-34
 1.7064e-41 2.36838e-33 3.97344e-26 8.05806e-20 1.97534e-14 5.85329e-10 2.09655e-06 0.000907735 0.0475074 0.300677 0.241637 0.148454 0.173435 0.0601218 0.022117 0.00460545 0.000513273 2.18318e-05 2.63312e-07 6.89944e-10 3.22041e-13 2.32668e-17 2.38721e-22 3.31454e-28 6.06066e-35
 1.72073e-41 2.38826e-33 4.0068e-26 8.12571e-20 1.99192e-14 5.90243e-10 2.11415e-06 0.000915356 0.0479063 0.303235 0.245265 0.153009 0.165016 0.0596323 0.0208137 0.00381463 0.000376753 1.35255e-05 1.28084e-07 2.50458e-10 8.53804e-14 4.53176e-18 3.46756e-23 3.62909e-29 5.01738e-36
 1.72358e-41 2.39222e-33 4.01345e-26 8.13919e-20 1.99523e-14 5.91222e-10 2.11766e-06 0.000916875 0.0479859 0.303788 0.248011 0.161133 0.160148 0.0561012 0.018435 0.00320072 0.000269201 7.93469e-06 5.95823e-08 8.82834e-11 2.20751e-14 8.44378e-19 4.63316e-24 3.49113e-30 3.50249e-37
 1.74875e-41 2.42715e-33 4.07205e-26 8.25805e-20 2.02436e-14 5.99855e-10 2.14859e-06 0.000930264 0.0486868 0.308279 0.253629 0.16565 0.151599 0.052569 0.0159371 0.0025263 0.000186679 4.47109e-06 2.60193e-08 2.92527e-11 5.43038e-15 1.51282e-19 5.96615e-25 3.2061e-31 2.28645e-38
 1.68626e-41 2.34042e-33 3.92654e-26 7.96295e-20 1.95202e-14 5.7842e-10 2.07181e-06 0.000897021 0.0469473 0.297374 0.249402 0.180971 0.154943 0.0525025 0.0147092 0.00211543 0.000134064 2.62979e-06 1.18715e-08 9.99315e-12 1.36883e-15 2.78948e-20 7.97859e-26 3.08487e-32 1.57273e-39
 1.5964e-41 2.2157e-33 3.71729e-26 7.53859e-20 1.848e-14 5.47595e-10 1.9614e-06 0.000849217 0.0444458 0.281681 0.242272 0.196687 0.160237 0.0568218 0.0149653 0.00193336 0.000104043 1.64679e-06 5.76945e-09 3.65382e-12 3.6813e-16 5.45093e-21 1.12666e-26 3.13827e-33 1.14941e-40
 1.58842e-41 2.20461e-33 3.6987e-26 7.50089e-20 1.83875e-14 5.44857e-10 1.95159e-06 0.00084497 0.044224 0.280404 0.244654 0.199956 0.154719 0.0583069 0.0150013 0.00180493 8.22531e-05 1.04044e-06 2.80342e-09 1.33254e-12 9.91077e-17 1.06972e-21 1.59701e-27 3.19457e-34 8.37611e-42
 1.63755e-41 2.27281e-33 3.81311e-26 7.73291e-20 1.89563e-14 5.6171e-10 2.01196e-06 0.000871108 0.0455925 0.289199 0.254318 0.199284 0.143152 0.0528113 0.0131915 0.00151776 6.03108e-05 6.13333e-07 1.26514e-09 4.48892e-13 2.45626e-17 1.93262e-22 2.08945e-28 3.01106e-35 5.66351e-43
#pred catch len freq
 2.56431e-27 2.59148e-27 3.60208e-26 7.05902e-20 1.73043e-14 5.12758e-10 1.83661e-06 0.000795184 0.041617 0.263281 0.201635 0.0376467 0.14489 0.133954 0.0343447 0.0450802 0.0209462 0.0182964 0.0123865 0.0102264 0.00861124 0.00790547 0.00836138 0.0076574 0.00236408
 2.56724e-27 2.59901e-27 4.21028e-26 8.34182e-20 2.0449e-14 6.0594e-10 2.17037e-06 0.000939689 0.0491799 0.311126 0.238222 0.0410282 0.144921 0.133497 0.0258534 0.0255123 0.010123 0.00668465 0.00368868 0.00255246 0.00186386 0.0015194 0.00146081 0.00136167 0.000463426
 2.5683e-27 2.60179e-27 4.44402e-26 8.83486e-20 2.16576e-14 6.41753e-10 2.29865e-06 0.000995228 0.0520867 0.329515 0.252271 0.0414829 0.138512 0.127492 0.0232327 0.0209451 0.00716739 0.00313024 0.00133179 0.000688957 0.000391299 0.000265236 0.000221267 0.000199164 7.08061e-05
 2.56876e-27 2.60302e-27 4.54823e-26 9.0547e-20 2.21965e-14 6.57722e-10 2.35585e-06 0.00101999 0.0533827 0.337714 0.258532 0.0415277 0.134453 0.123696 0.021672 0.0183223 0.00608267 0.00233891 0.000771266 0.000262555 0.0001018 5.00368e-05 3.31596e-05 2.70142e-05 9.64637e-06
 2.5681e-27 2.60121e-27 4.38809e-26 8.71685e-20 2.13683e-14 6.33181e-10 2.26795e-06 0.000981935 0.0513909 0.325113 0.248919 0.0420382 0.145092 0.133514 0.0234101 0.0198101 0.006457 0.00228959 0.000709155 0.000197752 4.83928e-05 1.44091e-05 6.35562e-06 4.21923e-06 1.4535e-06
 2.56614e-27 2.59592e-27 3.92207e-26 7.73377e-20 1.89584e-14 5.61771e-10 2.01217e-06 0.000871193 0.0455951 0.288447 0.22094 0.04321 0.173668 0.159931 0.0289487 0.0258014 0.00841951 0.00298451 0.000894281 0.00022889 4.69821e-05 8.57599e-06 1.95474e-06 8.55293e-07 2.67005e-07
 2.5675e-27 2.59968e-27 4.26189e-26 8.45066e-20 2.07158e-14 6.13846e-10 2.19869e-06 0.00095195 0.0498216 0.315185 0.241332 0.0416562 0.147516 0.135917 0.0268462 0.0270629 0.00897885 0.00339113 0.00102268 0.000258698 4.92885e-05 7.39758e-06 9.1161e-07 1.82182e-07 4.45524e-08
 2.56972e-27 2.60563e-27 4.7821e-26 9.54806e-20 2.34059e-14 6.93559e-10 2.48421e-06 0.00107557 0.0562914 0.356115 0.272569 0.0406422 0.117853 0.108415 0.0196383 0.0175451 0.00606009 0.00267963 0.000840983 0.000223905 4.25912e-05 5.99164e-06 5.65072e-07 4.70086e-08 6.25202e-09
 2.5692e-27 2.60415e-27 4.64296e-26 9.25452e-20 2.26863e-14 6.72237e-10 2.40784e-06 0.0010425 0.0545608 0.345167 0.264226 0.0416746 0.131572 0.120944 0.0195106 0.0140759 0.00464696 0.00176823 0.000588962 0.000179083 3.61398e-05 5.1766e-06 4.52854e-07 2.39201e-08 1.19978e-09
 2.56855e-27 2.60238e-27 4.48715e-26 8.92581e-20 2.18805e-14 6.4836e-10 2.32232e-06 0.00100547 0.0526229 0.332907 0.254871 0.0420761 0.1412 0.129856 0.0215817 0.0165426 0.005186 0.00152729 0.000461073 0.000127825 2.89207e-05 4.54964e-06 4.08858e-07 1.90886e-08 4.76354e-10
 2.56898e-27 2.60357e-27 4.59429e-26 9.15184e-20 2.24346e-14 6.64778e-10 2.38112e-06 0.00103094 0.0539555 0.341337 0.2613 0.0415823 0.132925 0.122259 0.0209332 0.0169814 0.00539968 0.00169769 0.000469305 0.000102867 2.05315e-05 3.37767e-06 3.38878e-07 1.62023e-08 3.24291e-10
 2.56947e-27 2.60489e-27 4.70975e-26 9.3954e-20 2.30317e-14 6.8247e-10 2.44449e-06 0.00105837 0.0553914 0.350421 0.268233 0.0413548 0.126322 0.116136 0.0193078 0.0148173 0.00477092 0.00160476 0.000457482 0.000102568 1.69323e-05 2.3124e-06 2.33e-07 1.22981e-08 2.47386e-10
 2.56895e-27 2.60346e-27 4.58218e-26 9.12629e-20 2.2372e-14 6.62923e-10 2.37448e-06 0.00102806 0.0538048 0.340384 0.260577 0.0418793 0.135692 0.124752 0.0202749 0.0148497 0.00471411 0.0014872 0.000431423 0.000102986 1.7575e-05 2.1272e-06 1.74031e-07 9.02514e-09 1.96246e-10
 2.56863e-27 2.60261e-27 4.508e-26 8.96979e-20 2.19884e-14 6.51555e-10 2.33376e-06 0.00101043 0.0528822 0.334547 0.256121 0.0419579 0.139421 0.128228 0.0215339 0.0168448 0.00529987 0.00158299 0.000445509 0.000101708 1.81372e-05 2.29486e-06 1.70912e-07 7.30865e-09 1.54316e-10
 2.56743e-27 2.59933e-27 4.21555e-26 8.35285e-20 2.0476e-14 6.06741e-10 2.17324e-06 0.000940932 0.049245 0.311537 0.238569 0.0430613 0.16015 0.1473 0.0238693 0.0173753 0.00554022 0.00178401 0.000497144 0.000107627 1.8327e-05 2.34018e-06 1.81757e-07 7.12812e-09 1.27344e-10
 2.56781e-27 2.60041e-27 4.31572e-26 8.56417e-20 2.0994e-14 6.22091e-10 2.22822e-06 0.000964736 0.0504908 0.319419 0.244576 0.0423454 0.150482 0.138478 0.0241323 0.0201931 0.00635231 0.00188477 0.00053413 0.000122303 2.01502e-05 2.43869e-06 1.88024e-07 7.56801e-09 1.24441e-10
 2.56863e-27 2.60264e-27 4.51289e-26 8.98013e-20 2.20137e-14 6.52306e-10 2.33645e-06 0.00101159 0.0529431 0.334933 0.256413 0.0417754 0.137828 0.126789 0.0218349 0.0179065 0.00581894 0.00202941 0.000569108 0.000122838 2.10313e-05 2.55429e-06 1.86835e-07 7.4121e-09 1.22917e-10
 2.56877e-27 2.60298e-27 4.53874e-26 9.03465e-20 2.21474e-14 6.56266e-10 2.35063e-06 0.00101773 0.0532646 0.336966 0.25797 0.0420499 0.138822 0.127627 0.0205425 0.0147408 0.00475308 0.00162225 0.000481496 0.000117614 1.94759e-05 2.35701e-06 1.7491e-07 6.65326e-09 1.08327e-10
 2.56885e-27 2.60319e-27 4.55728e-26 9.07375e-20 2.22432e-14 6.59106e-10 2.36081e-06 0.00102214 0.0534951 0.338425 0.259083 0.0420061 0.137708 0.126602 0.0204379 0.0147511 0.00461466 0.00134831 0.000389548 9.53153e-05 1.75187e-05 2.19858e-06 1.60566e-07 6.15128e-09 9.70418e-11
 2.5693e-27 2.6044e-27 4.66322e-26 9.29725e-20 2.27911e-14 6.7534e-10 2.41896e-06 0.00104732 0.0548127 0.34676 0.265444 0.0417513 0.131299 0.120675 0.0191373 0.0132763 0.00415546 0.00121931 0.000333515 7.15513e-05 1.28764e-05 1.7292e-06 1.34818e-07 5.13742e-09 8.09389e-11
 2.56955e-27 2.60506e-27 4.72008e-26 9.41718e-20 2.30851e-14 6.84053e-10 2.45016e-06 0.00106083 0.0555198 0.351234 0.268859 0.0417056 0.128552 0.118112 0.0181874 0.0117516 0.00364433 0.00102286 0.000278704 5.89337e-05 9.51734e-06 1.19016e-06 9.72399e-08 3.95641e-09 6.27578e-11
 2.56952e-27 2.60499e-27 4.71492e-26 9.4063e-20 2.30584e-14 6.83262e-10 2.44733e-06 0.0010596 0.0554557 0.350828 0.268548 0.0416885 0.12864 0.118203 0.0183841 0.0121747 0.00372955 0.000967388 0.000257011 5.23737e-05 8.35175e-06 9.6602e-07 7.21451e-08 3.02029e-09 5.07701e-11
 2.5698e-27 2.60575e-27 4.7819e-26 9.5476e-20 2.34048e-14 6.93526e-10 2.48409e-06 0.00107552 0.0562887 0.356098 0.272569 0.0414957 0.124348 0.11424 0.0176396 0.011475 0.00352905 0.000939432 0.000244576 4.64084e-05 7.11306e-06 7.99186e-07 5.57912e-08 2.1459e-09 3.65936e-11
 2.57025e-27 2.60695e-27 4.88711e-26 9.76954e-20 2.39489e-14 7.09647e-10 2.54184e-06 0.00110052 0.0575972 0.364376 0.278887 0.0412786 0.118257 0.108597 0.0162328 0.0096855 0.0029638 0.000773951 0.000202534 3.89966e-05 5.68986e-06 6.01529e-07 4.03049e-08 1.44973e-09 2.29557e-11
 2.5704e-27 2.60736e-27 4.92205e-26 9.84325e-20 2.41295e-14 7.15001e-10 2.56101e-06 0.00110882 0.0580317 0.367124 0.280986 0.0412831 0.116817 0.107244 0.0155596 0.00848801 0.00255615 0.000608228 0.000156049 2.96236e-05 4.36466e-06 4.50488e-07 2.82391e-08 9.64013e-10 1.42707e-11
 2.57011e-27 2.60655e-27 4.84976e-26 9.69074e-20 2.37557e-14 7.03923e-10 2.52134e-06 0.00109164 0.0571326 0.361436 0.276647 0.0415533 0.121921 0.111943 0.0161931 0.00874767 0.002601 0.000563241 0.000138563 2.42407e-05 3.48496e-06 3.58798e-07 2.21283e-08 7.10126e-10 9.90207e-12
 2.57005e-27 2.60639e-27 4.83591e-26 9.66153e-20 2.36841e-14 7.01802e-10 2.51374e-06 0.00108835 0.0569604 0.360347 0.275815 0.0415425 0.122424 0.11242 0.016509 0.00934789 0.00277926 0.000595336 0.000142695 2.28242e-05 3.04884e-06 2.96346e-07 1.80523e-08 5.69125e-10 7.50446e-12
 2.56951e-27 2.60493e-27 4.7068e-26 9.38915e-20 2.30164e-14 6.82017e-10 2.44287e-06 0.00105767 0.0553546 0.350188 0.268064 0.041916 0.130712 0.120071 0.0179118 0.0106222 0.00318148 0.00071524 0.000172448 2.71361e-05 3.41059e-06 3.02007e-07 1.71185e-08 5.2633e-10 6.79507e-12
#obs catch len freq
 1.63037e-41 2.26285e-33 3.7964e-26 7.69901e-20 1.88732e-14 5.59248e-10 2.00314e-06 0.000867289 0.0453904 0.287153 0.220008 0.0442554 0.165149 0.140411 0.0438443 0.0357879 0.0119179 0.00416456 0.00091986 0.000122036 7.13398e-06 1.32668e-07 5.796e-10 4.75874e-13 6.34504e-17
 1.64509e-41 2.28327e-33 3.83066e-26 7.76851e-20 1.90436e-14 5.64296e-10 2.02122e-06 0.000875118 0.0458002 0.289746 0.222052 0.0463711 0.168281 0.135482 0.0432254 0.0331185 0.0107139 0.00352177 0.000722222 8.46122e-05 4.09445e-06 5.92036e-08 1.92401e-10 1.1447e-13 1.09068e-17
 1.91643e-41 2.65987e-33 4.46249e-26 9.04983e-20 2.21846e-14 6.5737e-10 2.35459e-06 0.00101946 0.0533544 0.337535 0.25855 0.0457874 0.134028 0.101897 0.0335022 0.0240296 0.00751392 0.00230117 0.000433368 4.45168e-05 1.78174e-06 2.00536e-08 4.85311e-11 2.09354e-14 1.42505e-18
 1.94627e-41 2.70129e-33 4.53197e-26 9.19074e-20 2.253e-14 6.67606e-10 2.39126e-06 0.00103533 0.0541851 0.342791 0.262658 0.0489716 0.141619 0.100299 0.0261814 0.0158269 0.00480885 0.00136683 0.000233491 2.07588e-05 6.82204e-07 5.97946e-09 1.08132e-11 3.39334e-15 1.65401e-19
 1.9957e-41 2.7699e-33 4.64708e-26 9.42418e-20 2.31023e-14 6.84562e-10 2.45199e-06 0.00106163 0.0555614 0.351498 0.269376 0.0506166 0.137767 0.0916815 0.0247823 0.013597 0.00317816 0.000753299 0.000115715 8.78652e-06 2.34199e-07 1.59086e-09 2.15346e-12 4.93765e-16 1.73101e-20
 1.79815e-41 2.49571e-33 4.18707e-26 8.4913e-20 2.08154e-14 6.16799e-10 2.20927e-06 0.000956539 0.0500614 0.316705 0.24304 0.0574994 0.174673 0.108898 0.0293442 0.0148015 0.00330583 0.000634281 7.33727e-05 4.57408e-06 9.76539e-08 5.09599e-10 5.14809e-13 8.63828e-17 2.18658e-21
 1.50029e-41 2.08231e-33 3.49351e-26 7.08476e-20 1.73675e-14 5.1463e-10 1.84332e-06 0.000798094 0.0417691 0.264246 0.203311 0.066074 0.218887 0.13023 0.0461084 0.0228839 0.00478866 0.000822143 7.60401e-05 3.40757e-06 5.47465e-08 2.16399e-10 1.62171e-13 1.9865e-17 3.6323e-22
 2.1242e-41 2.94825e-33 4.9463e-26 1.0031e-19 2.45898e-14 7.2864e-10 2.60987e-06 0.00112998 0.0591389 0.374131 0.286824 0.0520199 0.10966 0.0636944 0.0323265 0.0163195 0.00403491 0.000664335 5.24395e-05 1.77696e-06 1.97974e-08 5.54606e-11 3.01687e-14 2.68036e-18 3.53102e-23
 2.03049e-41 2.81819e-33 4.7281e-26 9.5885e-20 2.35051e-14 6.96498e-10 2.49474e-06 0.00108014 0.0565301 0.357629 0.274616 0.0623482 0.146514 0.073505 0.0173697 0.00756058 0.00238269 0.00042795 3.33243e-05 9.21486e-07 7.43768e-09 1.41602e-11 5.26241e-15 3.27627e-19 3.06667e-24
 2.0664e-41 2.86803e-33 4.81171e-26 9.75806e-20 2.39207e-14 7.08815e-10 2.53886e-06 0.00109924 0.0575298 0.363954 0.279582 0.0637834 0.13871 0.06652 0.0203661 0.00704111 0.0011848 0.000208924 1.76654e-05 4.55491e-07 2.92444e-09 3.97888e-12 1.00412e-15 4.20496e-20 2.68287e-25
 1.78307e-41 2.47479e-33 4.15197e-26 8.42011e-20 2.06409e-14 6.11627e-10 2.19075e-06 0.000948519 0.0496417 0.314056 0.24223 0.0795231 0.191974 0.0858185 0.0256879 0.00848401 0.00146253 0.000159729 1.03275e-05 2.58049e-07 1.46612e-09 1.5701e-12 2.86687e-16 8.28862e-21 3.57901e-26
 2.06364e-41 2.8642e-33 4.80529e-26 9.74502e-20 2.38888e-14 7.07868e-10 2.53547e-06 0.00109777 0.0574529 0.363471 0.279649 0.0688898 0.133127 0.0600163 0.0264749 0.00832792 0.0013506 0.000134626 5.97539e-06 1.04178e-07 5.0076e-10 4.52202e-13 6.50627e-17 1.39551e-21 4.28601e-27
 1.90007e-41 2.63717e-33 4.42439e-26 8.97258e-20 2.19952e-14 6.51759e-10 2.33449e-06 0.00101076 0.0528989 0.334667 0.258541 0.0845911 0.171603 0.0675099 0.0209881 0.00672527 0.0013355 0.000123189 4.5887e-06 5.56349e-08 1.79065e-10 1.21875e-13 1.39435e-17 2.34509e-22 5.46375e-28
 1.97808e-41 2.74545e-33 4.60606e-26 9.34099e-20 2.28983e-14 6.78519e-10 2.43035e-06 0.00105226 0.0550709 0.348409 0.269192 0.0833488 0.151579 0.0601451 0.0239198 0.00620416 0.000976738 9.56873e-05 3.36619e-06 3.24829e-08 7.31821e-11 3.29433e-14 2.60758e-18 3.22601e-23 5.69292e-29
 1.69196e-41 2.34833e-33 3.9398e-26 7.98984e-20 1.95862e-14 5.80374e-10 2.07881e-06 0.000900051 0.0471051 0.298028 0.232383 0.107945 0.204479 0.074461 0.0264989 0.00700996 0.00110153 8.40688e-05 2.66468e-06 2.3009e-08 4.0795e-11 1.31064e-14 6.99314e-19 5.778e-24 6.98799e-30
 1.54911e-41 2.15007e-33 3.60718e-26 7.31529e-20 1.79326e-14 5.31375e-10 1.9033e-06 0.000824063 0.0431282 0.272879 0.214249 0.117832 0.212854 0.0861243 0.0409313 0.00967916 0.00139394 9.94193e-05 2.51103e-06 1.75413e-08 2.58876e-11 6.5512e-15 2.57308e-19 1.48983e-24 1.22642e-30
 1.786e-41 2.47884e-33 4.15878e-26 8.43391e-20 2.06747e-14 6.12631e-10 2.19434e-06 0.000950075 0.0497232 0.314602 0.245785 0.105912 0.16562 0.0697312 0.0360992 0.0099579 0.00152125 9.43541e-05 2.03401e-06 1.11444e-08 1.25242e-11 2.465e-15 7.51256e-20 3.28193e-25 1.97147e-31
 1.74677e-41 2.4244e-33 4.06743e-26 8.24866e-20 2.02206e-14 5.99174e-10 2.14614e-06 0.000929206 0.048631 0.30771 0.242163 0.121792 0.179233 0.0636494 0.0268102 0.00770218 0.00129387 8.2231e-05 1.51816e-06 6.65221e-09 5.72369e-12 8.34929e-16 1.88301e-20 6.14883e-26 2.76838e-32
 1.7666e-41 2.45192e-33 4.1136e-26 8.34231e-20 2.04502e-14 6.05976e-10 2.17051e-06 0.000939755 0.0491831 0.311218 0.245871 0.126326 0.171064 0.0628471 0.0257582 0.0058386 0.000892578 5.7596e-05 1.00553e-06 3.6844e-09 2.4577e-12 2.69245e-16 4.46515e-21 1.05844e-26 3.45135e-33
 1.73036e-41 2.40163e-33 4.02922e-26 8.17119e-20 2.00307e-14 5.93546e-10 2.12599e-06 0.000920479 0.0481743 0.304863 0.242825 0.137868 0.173821 0.0616988 0.0239587 0.00518698 0.000645916 3.4897e-05 5.54058e-07 1.78643e-09 9.7516e-13 8.23404e-17 1.01772e-21 1.76798e-27 4.18118e-34
 1.82523e-41 2.53329e-33 4.25013e-26 8.61917e-20 2.11289e-14 6.26087e-10 2.24254e-06 0.000970944 0.0508155 0.321589 0.256252 0.134992 0.153794 0.0559517 0.0209685 0.00418381 0.000461058 1.98376e-05 2.48116e-07 6.61622e-10 2.98985e-13 2.02582e-17 1.93708e-22 2.52683e-28 4.39813e-35
 1.77777e-41 2.46742e-33 4.13962e-26 8.39506e-20 2.05795e-14 6.09808e-10 2.18423e-06 0.000945698 0.0494943 0.313276 0.252531 0.149619 0.158665 0.0533971 0.0182337 0.00348493 0.000339633 1.20308e-05 1.15061e-07 2.30418e-10 8.01506e-14 4.25109e-18 3.17465e-23 3.19127e-29 4.20899e-36
 1.79267e-41 2.48811e-33 4.17431e-26 8.46543e-20 2.0752e-14 6.1492e-10 2.20254e-06 0.000953624 0.0499092 0.315943 0.256352 0.153516 0.150535 0.0527922 0.0169099 0.00283573 0.00024333 7.1928e-06 5.3552e-08 7.96309e-11 2.01871e-14 7.85356e-19 4.36458e-24 3.2991e-30 3.28267e-37
 1.79575e-41 2.49239e-33 4.18149e-26 8.47999e-20 2.07877e-14 6.15977e-10 2.20633e-06 0.000955265 0.0499952 0.316547 0.259298 0.16095 0.145543 0.0493399 0.0148622 0.00233469 0.000169017 4.0739e-06 2.38682e-08 2.67508e-11 4.95942e-15 1.38826e-19 5.52666e-25 3.00387e-31 2.16535e-38
 1.82027e-41 2.52642e-33 4.2386e-26 8.59579e-20 2.10716e-14 6.24389e-10 2.23646e-06 0.00096831 0.0506782 0.320935 0.264951 0.164672 0.137292 0.045884 0.0126917 0.00181018 0.000113907 2.20925e-06 9.9768e-09 8.44791e-12 1.1592e-15 2.35905e-20 6.7433e-26 2.61239e-32 1.33795e-39
 1.75936e-41 2.44188e-33 4.09675e-26 8.30813e-20 2.03664e-14 6.03494e-10 2.16162e-06 0.000935906 0.0489826 0.310328 0.261281 0.179464 0.14024 0.0455869 0.0116098 0.0014892 7.97096e-05 1.25485e-06 4.36642e-09 2.75793e-12 2.78551e-16 4.1392e-21 8.57099e-27 2.38744e-33 8.73829e-41
 1.67154e-41 2.31998e-33 3.89226e-26 7.89342e-20 1.93498e-14 5.73369e-10 2.05372e-06 0.000889188 0.0465381 0.295024 0.254862 0.194862 0.145505 0.0492105 0.0117087 0.00133755 6.02405e-05 7.593e-07 2.03864e-09 9.64897e-13 7.15102e-17 7.70925e-22 1.15224e-27 2.31014e-34 6.07042e-42
 1.66412e-41 2.3097e-33 3.87499e-26 7.85841e-20 1.9264e-14 5.70826e-10 2.04461e-06 0.000885245 0.0463323 0.293871 0.257516 0.197524 0.140693 0.0502708 0.0116368 0.00122298 4.61817e-05 4.61665e-07 9.48376e-10 3.35743e-13 1.83256e-17 1.43797e-22 1.55089e-28 2.23147e-35 4.19534e-43
#spawning biomass
 8666.11 6442.94 7451.21 10109.7 14728 17203.2 16774.5 22534 34165.9 44479.1 55608.6 74491.9 100088 123655 111198 95216.7 94450.2 91669.9 91270.7 88798.6 88799.9 98591 106898 111917 116500 120702 123142 137232 197579 332256 358784 342029 303233 258302 216260 180970 153234 132366 117136 106261 98620.3 93311.9 89631.3 87078.7 85377.5 84243.7 83488 82984.5 82648.8 82425.2 82276.1 82176.7 82110.5 82066.4 82037 82017.4 82004.3 81995.6 81989.8 81986 81983.4 81981.7 81980.5 81979.8 81979.3 81978.9 81978.7 81978.5 81978.4 81978.4 81978.3 81978.3 81978.3 81978.3 81978.3 81978.3 81978.2 81978.2 81978.2 81978.2 81978.2 81978.2 81978.2 81978.2 81978.2 81978.2 81978.2 81978.2 81978.2 81978.2 81978.2 81978.2 81978.2 81978.2 81978.2 81978.2 81978.2 81978.2 81978.2 81978.2 81978.2 81978.2 81978.2 81978.2 81978.2 81978.2 81978.2 81978.2 81978.2 81978.2 81978.2 81978.2 81978.2 81978.2 81978.2 81978.2 81978.2 81978.2 81978.2 81978.2 81978.2 81978.2 81978.2 81978.2 81978.2 81978.2 81978.2 81978.2 0 0 0 0 0 0 0 0 0 0 0 0 0 0 0 0 0 0 0 0 0 0 0 0 0
