SBPRF35
0.106488
Curr Bio
47847.3
B35
102734
F35
0.478738
FOFL
0
OFL
0
Bzero
30425.1
#pred survey bio
 9111.04 8738.96 8733.72 8473.14 10607.1 14646.2 16302.7 17943.9 33035.8 57114.6 74210.1 93211.1 128249 157337 162486 138578 129017 119754 119439 126142 127286 131544 155344 162932 188510 192652 185020 168245 167194 2.62022e+06 2.6164e+06 1.74296e+06 1.09274e+06 752877 595796 526681 496567 483242 477161 474279 472859 472137 471759 471558 471449 471389 471357 471339 471329 471324 471321 471319 471318 471318 471317 471317 471317 471317 471317 471317 471317 471317 471317 471317 471317 471317 471317 471317 471317 471317 471317 471317 471317 471317 471317 471317 471317 471317 471317 471317 471317 471317 471317 471317 471317 471317 471317 471317 471317 471317 471317 471317 471317 471317 471317 471317 471317 471317 471317 471317 471317 471317 471317 471317 471317 471317 471317 471317 471317 471317 471317 471317 471317 471317 471317 471317 471317 471317 471317 471317 471317 471317 471317 471317 471317 471317 471317 471317 471317 0 0 0 0 0 0 0 0 0 0 0 0 0 0 0 0 0 0 0 0 0 0 0 0 0
#obs survey bio
 8315.4 9229.47 9442.81 8384.34 17826.9 10946.1 22587.7 13490 44047 72631.6 71323.8 75474.8 237008 127349 124996 106506 88090.9 96565.5 127464 131865 129896 101790 161663 157253 140733 157959 106801 173617 146735
#pred catch bio
 5116.55 5467.67 5698.27 5461.44 6132.54 9254.46 11180.6 10942.5 18975.2 35393.4 48213.3 57689.9 78678.3 99646.4 111521 93050 88248.5 79386.2 74819.2 81876.1 83879.7 80707.8 99938.9 96527.4 116151 118335 118329 105269 158307 0 36318.9 22805.7 13647 9165.97 7250.14 6491.23 6204.43 6099.29 6061.51 6048.12 6043.42 6041.78 6041.21 6041.01 6040.94 6040.92 6040.91 6040.91 6040.91 6040.9 6040.9 6040.9 6040.9 6040.9 6040.9 6040.9 6040.9 6040.9 6040.9 6040.9 6040.9 6040.9 6040.9 6040.9 6040.9 6040.9 6040.9 6040.9 6040.9 6040.9 6040.9 6040.9 6040.9 6040.9 6040.9 6040.9 6040.9 6040.9 6040.9 6040.9 6040.9 6040.9 6040.9 6040.9 6040.9 6040.9 6040.9 6040.9 6040.9 6040.9 6040.9 6040.9 6040.9 6040.9 6040.9 6040.9 6040.9 6040.9 6040.9 6040.9 6040.9 6040.9 6040.9 6040.9 6040.9 6040.9 6040.9 6040.9 6040.9 6040.9 6040.9 6040.9 6040.9 6040.9 6040.9 6040.9 6040.9 6040.9 6040.9 6040.9 6040.9 6040.9 6040.9 6040.9 6040.9 6040.9 6040.9 6040.9 6040.9 0 0 0 0 0 0 0 0 0 0 0 0 0 0 0 0 0 0 0 0 0 0 0 0 0
#obs catch bio
 5232.33 5474.64 5746.18 5465.6 5908.93 9272.25 11142.9 10920.3 18674.9 34219.8 48210.6 57572.9 76055.6 99230.1 115242 94511.3 89919.6 80320.6 74731.6 82235.2 84765.2 81651.5 100880 95929.9 116191 118672 120654 104069 162831
#pred cpue bio
 8546.76 7882.56 7901.93 7637.2 9395.46 13122.4 14651.9 15914.5 28831.3 50526.6 66301.3 82705.7 113958 141216 146865 125240 116176 107639 107386 113889 114538 117966 139432 146657 170115 174653 168514 152659 151232 2.21514e+06 2.63764e+06 1.72853e+06 1.07232e+06 731987 574875 505758 475644 462319 456238 453355 451936 451213 450836 450634 450525 450466 450434 450416 450406 450400 450397 450396 450395 450394 450394 450394 450394 450394 450394 450394 450394 450394 450394 450394 450394 450394 450394 450394 450394 450394 450394 450394 450394 450394 450394 450394 450394 450394 450394 450394 450394 450394 450394 450394 450394 450394 450394 450394 450394 450394 450394 450394 450394 450394 450394 450394 450394 450394 450394 450394 450394 450394 450394 450394 450394 450394 450394 450394 450394 450394 450394 450394 450394 450394 450394 450394 450394 450394 450394 450394 450394 450394 450394 450394 450394 450394 450394 450394 450394 0 0 0 0 0 0 0 0 0 0 0 0 0 0 0 0 0 0 0 0 0 0 0 0 0
#obs cpue bio
 4414.53 8136.93 5815.2 8311.05 13967 11292.9 12502.7 19752.9 32525.6 80624.5 50458.5 107209 143869 138377 93350.2 143327 123706 115866 108571 99634.1 92006 116765 128141 179741 221897 195440 195863 202755 110670
#pred surv len freq
 2.14623e-27 2.17417e-27 6.69619e-27 1.54733e-21 9.20259e-17 1.25829e-12 3.95545e-09 2.85862e-06 0.000474955 0.018143 0.159332 0.321695 0.149719 0.0264894 0.0648492 0.0909936 0.036927 0.0294254 0.0261361 0.0176007 0.0147964 0.012794 0.0132046 0.012265 0.00515136
 2.14869e-27 2.18142e-27 7.52302e-27 1.82791e-21 1.08713e-16 1.48646e-12 4.6727e-09 3.37697e-06 0.000561079 0.0214328 0.188224 0.380028 0.176737 0.0278358 0.0554922 0.0774855 0.0284308 0.014142 0.0112056 0.00595624 0.00411407 0.00290192 0.00248488 0.0020954 0.000869201
 2.14798e-27 2.17986e-27 7.36313e-27 1.77367e-21 1.05487e-16 1.44234e-12 4.53403e-09 3.27676e-06 0.000544428 0.0207968 0.182638 0.368751 0.171584 0.0294442 0.0687111 0.0960229 0.033809 0.0123702 0.00868308 0.00323654 0.00157187 0.000813649 0.000516512 0.000361583 0.000141883
 2.14826e-27 2.18061e-27 7.44642e-27 1.80194e-21 1.07168e-16 1.46534e-12 4.6063e-09 3.32899e-06 0.000553106 0.0211283 0.18555 0.374628 0.174286 0.0290268 0.0643918 0.0899779 0.0322944 0.0137669 0.0097783 0.00301305 0.00104335 0.000340953 0.000131187 6.46552e-05 2.22573e-05
 2.14968e-27 2.18408e-27 7.8142e-27 1.9267e-21 1.14588e-16 1.56679e-12 4.92522e-09 3.55947e-06 0.0005914 0.0225911 0.198396 0.400564 0.186233 0.0278775 0.0495585 0.0690482 0.0246131 0.00996746 0.00707526 0.00236101 0.000848238 0.000211461 4.49917e-05 1.15299e-05 2.91425e-06
 2.14874e-27 2.18175e-27 7.56435e-27 1.84193e-21 1.09546e-16 1.49785e-12 4.70852e-09 3.40286e-06 0.00056538 0.0215971 0.189667 0.382941 0.178128 0.0289909 0.0616671 0.0860734 0.0300483 0.010159 0.0068755 0.00223522 0.000797651 0.000208225 3.77274e-05 4.93857e-06 6.31032e-07
 2.14849e-27 2.18115e-27 7.50241e-27 1.82092e-21 1.08297e-16 1.48077e-12 4.65483e-09 3.36406e-06 0.000558933 0.0213509 0.187504 0.378575 0.17611 0.0290185 0.0631519 0.0882028 0.0313015 0.0122224 0.00847884 0.00250157 0.0007831 0.000197652 3.57156e-05 3.97267e-06 2.65286e-07
 2.14957e-27 2.1838e-27 7.78298e-27 1.9161e-21 1.13958e-16 1.55817e-12 4.89813e-09 3.53989e-06 0.000588148 0.0224668 0.197305 0.398361 0.185223 0.0280892 0.0515153 0.0717912 0.0253779 0.0095992 0.00666649 0.00211241 0.000707614 0.000163275 2.64741e-05 2.80713e-06 1.56557e-07
 2.15073e-27 2.18665e-27 8.08423e-27 2.01829e-21 1.20035e-16 1.64127e-12 5.15935e-09 3.72868e-06 0.000619514 0.023665 0.207827 0.419605 0.195009 0.0271587 0.0394317 0.0547409 0.0191175 0.00648724 0.00437458 0.00136713 0.000458972 0.000112416 1.84233e-05 1.78283e-06 9.06606e-08
 2.14973e-27 2.18416e-27 7.81784e-27 1.9279e-21 1.1466e-16 1.56777e-12 4.92831e-09 3.5617e-06 0.000591771 0.0226053 0.198521 0.400816 0.186366 0.0283157 0.0521582 0.0726398 0.0248977 0.00692414 0.00436082 0.00128663 0.000399938 9.63922e-05 1.61597e-05 1.6082e-06 7.84354e-08
 2.14896e-27 2.1823e-27 7.62138e-27 1.86127e-21 1.10697e-16 1.51358e-12 4.75796e-09 3.43859e-06 0.000571317 0.0218239 0.191659 0.386962 0.179981 0.0288393 0.0595299 0.0830608 0.028994 0.00978246 0.00647843 0.00173839 0.000456934 0.000101216 1.59476e-05 1.5805e-06 7.85466e-08
 2.14953e-27 2.18369e-27 7.77119e-27 1.9121e-21 1.1372e-16 1.55491e-12 4.88789e-09 3.53249e-06 0.000586919 0.0224199 0.196893 0.397529 0.184841 0.0281758 0.0522945 0.0728847 0.0257044 0.00952602 0.00652609 0.00191514 0.000567384 0.000115629 1.55862e-05 1.40907e-06 6.76605e-08
 2.14941e-27 2.1834e-27 7.73867e-27 1.90106e-21 1.13063e-16 1.54594e-12 4.85968e-09 3.5121e-06 0.000583531 0.0222905 0.195756 0.395234 0.183788 0.028381 0.0542388 0.0756072 0.0264163 0.00899881 0.00606664 0.001872 0.000606315 0.000135769 1.93039e-05 1.5785e-06 6.70073e-08
 2.14859e-27 2.18139e-27 7.52583e-27 1.82886e-21 1.08769e-16 1.48723e-12 4.67511e-09 3.37872e-06 0.000561369 0.0214439 0.188322 0.380225 0.176875 0.0290924 0.0631056 0.0881108 0.0309053 0.0109131 0.0073908 0.00218642 0.00067795 0.000159862 2.50907e-05 2.21285e-06 9.22433e-08
 2.14799e-27 2.17994e-27 7.37433e-27 1.77748e-21 1.05713e-16 1.44544e-12 4.54377e-09 3.2838e-06 0.000545598 0.0208415 0.183031 0.369543 0.171949 0.0294129 0.0682818 0.0954412 0.0339591 0.0135442 0.00946438 0.00284973 0.000894922 0.00020395 3.17363e-05 2.99511e-06 1.35335e-07
 2.14801e-27 2.17999e-27 7.38045e-27 1.77956e-21 1.05837e-16 1.44714e-12 4.54909e-09 3.28764e-06 0.000546236 0.0208659 0.183245 0.369975 0.172146 0.0293291 0.0676399 0.0945435 0.0337336 0.0137582 0.00973358 0.00312291 0.00106625 0.000248984 3.86483e-05 3.59263e-06 1.6709e-07
 2.14834e-27 2.18078e-27 7.46513e-27 1.80828e-21 1.07546e-16 1.47049e-12 4.62252e-09 3.34071e-06 0.000555054 0.0212027 0.186203 0.375947 0.174895 0.0290227 0.0639693 0.0893711 0.0319265 0.0131441 0.00933293 0.0030378 0.00107226 0.000267948 4.45999e-05 4.22712e-06 1.95766e-07
 2.14848e-27 2.18114e-27 7.50186e-27 1.82074e-21 1.08286e-16 1.48062e-12 4.65435e-09 3.36371e-06 0.000558876 0.0213487 0.187485 0.378536 0.176092 0.0290123 0.0631259 0.0881623 0.0312276 0.0120131 0.00840635 0.00274917 0.000980019 0.00025054 4.39578e-05 4.46435e-06 2.16051e-07
 2.14846e-27 2.18108e-27 7.49504e-27 1.81843e-21 1.08149e-16 1.47874e-12 4.64844e-09 3.35944e-06 0.000558166 0.0213216 0.187247 0.378055 0.17587 0.0290329 0.0633966 0.0885463 0.0313978 0.0121842 0.00850518 0.00268189 0.000917419 0.00023493 4.20102e-05 4.44561e-06 2.28201e-07
 2.1481e-27 2.1802e-27 7.40259e-27 1.78707e-21 1.06284e-16 1.45324e-12 4.56828e-09 3.30151e-06 0.000548541 0.0209539 0.184018 0.371536 0.172865 0.029271 0.0668147 0.0933777 0.0332868 0.0134772 0.00950467 0.00301316 0.001027 0.000253911 4.41459e-05 4.71334e-06 2.49743e-07
 2.1484e-27 2.18094e-27 7.48154e-27 1.81385e-21 1.07877e-16 1.47502e-12 4.63675e-09 3.35099e-06 0.000556762 0.0212679 0.186776 0.377104 0.175428 0.0289478 0.0631633 0.0882384 0.031573 0.0131599 0.00936491 0.00303758 0.00106461 0.000264337 4.51715e-05 4.68108e-06 2.4624e-07
 2.14868e-27 2.18163e-27 7.55372e-27 1.83833e-21 1.09333e-16 1.49493e-12 4.69933e-09 3.39622e-06 0.000564276 0.021555 0.189297 0.382194 0.177775 0.0288074 0.0607725 0.0848492 0.0301144 0.0117781 0.00828161 0.00272987 0.000980668 0.000249812 4.35874e-05 4.49266e-06 2.31212e-07
 2.14861e-27 2.18144e-27 7.53402e-27 1.83165e-21 1.08935e-16 1.48949e-12 4.68225e-09 3.38387e-06 0.000562225 0.0214766 0.188609 0.380805 0.177135 0.0288721 0.0615858 0.0859978 0.0305516 0.0120399 0.00844489 0.00269204 0.000934952 0.000241608 4.33795e-05 4.57985e-06 2.37189e-07
 2.14836e-27 2.18084e-27 7.46959e-27 1.80979e-21 1.07635e-16 1.47172e-12 4.62637e-09 3.34349e-06 0.000555516 0.0212203 0.186358 0.37626 0.175044 0.0291188 0.0644617 0.0900473 0.0319226 0.0123655 0.00864253 0.00276143 0.000953093 0.00023877 4.21309e-05 4.53256e-06 2.40609e-07
 2.14815e-27 2.18033e-27 7.41744e-27 1.79211e-21 1.06584e-16 1.45734e-12 4.58117e-09 3.31083e-06 0.000550089 0.021013 0.184537 0.372584 0.173345 0.0291311 0.0656448 0.0917438 0.0329149 0.0139931 0.00997153 0.00316311 0.00108232 0.000270376 4.6899e-05 4.93461e-06 2.62423e-07
 2.14774e-27 2.17932e-27 7.31136e-27 1.75613e-21 1.04444e-16 1.42808e-12 4.48919e-09 3.24435e-06 0.000539044 0.0205911 0.180832 0.365104 0.169899 0.029462 0.0699197 0.0977718 0.0350704 0.0148922 0.0106774 0.00356442 0.00128984 0.00032219 5.5422e-05 5.7621e-06 3.00965e-07
 2.14731e-27 2.17829e-27 7.20403e-27 1.71973e-21 1.02279e-16 1.39848e-12 4.39614e-09 3.1771e-06 0.000527871 0.0201643 0.177084 0.357536 0.166408 0.0296682 0.0734593 0.102788 0.0372048 0.0168531 0.0122387 0.00408958 0.00150187 0.000394403 7.06382e-05 7.34915e-06 3.79851e-07
 2.14768e-27 2.17919e-27 7.29952e-27 1.75212e-21 1.04205e-16 1.42482e-12 4.47895e-09 3.23695e-06 0.000537815 0.0205441 0.18042 0.364271 0.169507 0.0292845 0.0690869 0.0966315 0.0351169 0.0163504 0.0119926 0.00415805 0.00158705 0.000421792 7.79985e-05 8.48169e-06 4.4704e-07
 2.14796e-27 2.17987e-27 7.37064e-27 1.77624e-21 1.0564e-16 1.44444e-12 4.54061e-09 3.28151e-06 0.000545219 0.020827 0.182904 0.369286 0.17182 0.0291464 0.066732 0.093293 0.0336771 0.0149784 0.0109157 0.00385229 0.00151242 0.000417846 8.00266e-05 8.94785e-06 4.89233e-07
#obs surv len freq
 1.22893e-39 6.01478e-33 6.76793e-27 1.7508e-21 1.04127e-16 1.42374e-12 4.47555e-09 3.23449e-06 0.000537415 0.0205285 0.180282 0.363994 0.169381 0.0293269 0.0694294 0.0971076 0.0351906 0.0160782 0.0117724 0.00414439 0.00163862 0.000472867 9.94853e-05 1.29334e-05 8.59595e-07
 1.31026e-39 6.41282e-33 7.21581e-27 1.86666e-21 1.11017e-16 1.51796e-12 4.77173e-09 3.44854e-06 0.000572979 0.0218871 0.192212 0.388081 0.180477 0.0282628 0.0556739 0.0777022 0.0281231 0.0127393 0.00930358 0.00325046 0.00126912 0.000358792 7.34161e-05 9.25807e-06 5.97019e-07
 1.16135e-39 5.684e-33 6.39573e-27 1.65452e-21 9.84002e-17 1.34544e-12 4.22942e-09 3.05661e-06 0.00050786 0.0193996 0.170367 0.343977 0.160181 0.030779 0.0843273 0.118028 0.0415034 0.0150075 0.0104223 0.00361564 0.00140022 0.000391557 7.85634e-05 9.63827e-06 6.02933e-07
 1.34941e-39 6.60443e-33 7.43141e-27 1.92244e-21 1.14335e-16 1.56332e-12 4.9143e-09 3.55158e-06 0.0005901 0.022541 0.197955 0.399676 0.185809 0.0275071 0.047566 0.0663143 0.024667 0.013237 0.00979357 0.00300032 0.00100433 0.000273746 5.42422e-05 6.53442e-06 3.98601e-07
 1.38853e-39 6.79588e-33 7.64683e-27 1.97816e-21 1.17649e-16 1.60864e-12 5.05676e-09 3.65453e-06 0.000607206 0.0231945 0.203694 0.411262 0.191169 0.0276044 0.044668 0.0621089 0.0215338 0.00681073 0.00462739 0.0017754 0.00072628 0.000179346 3.16398e-05 3.68659e-06 2.20854e-07
 1.26828e-39 6.20737e-33 6.98463e-27 1.80686e-21 1.07461e-16 1.46933e-12 4.61885e-09 3.33805e-06 0.000554622 0.0211858 0.186054 0.375648 0.174779 0.0295839 0.067486 0.0942393 0.0324446 0.00949246 0.00605905 0.00173261 0.000544517 0.000158384 3.08719e-05 3.29599e-06 1.83928e-07
 1.27321e-39 6.23147e-33 7.01175e-27 1.81387e-21 1.07878e-16 1.47503e-12 4.63678e-09 3.35101e-06 0.000556775 0.0212681 0.186777 0.377107 0.17543 0.0289747 0.0633279 0.088475 0.0317322 0.0134465 0.00942529 0.00258969 0.000702591 0.000154975 2.66581e-05 3.12205e-06 1.74277e-07
 1.42095e-39 6.95458e-33 7.8254e-27 2.02436e-21 1.20396e-16 1.6462e-12 5.17484e-09 3.73987e-06 0.000621384 0.0237361 0.20845 0.420865 0.195584 0.0269325 0.0376722 0.0522875 0.0186119 0.0074537 0.00527587 0.00175094 0.000606995 0.000129062 1.78637e-05 1.70391e-06 9.29579e-08
 1.42041e-39 6.95191e-33 7.8224e-27 2.02358e-21 1.2035e-16 1.64557e-12 5.17286e-09 3.73843e-06 0.000621146 0.023727 0.20837 0.420703 0.195523 0.0273155 0.0400586 0.0555879 0.018917 0.00481697 0.00296432 0.00095354 0.000336323 8.57513e-05 1.38765e-05 1.19735e-06 5.33898e-08
 1.35213e-39 6.61772e-33 7.44636e-27 1.9263e-21 1.14564e-16 1.56646e-12 4.92419e-09 3.55872e-06 0.000591287 0.0225864 0.198354 0.40048 0.186214 0.0283954 0.0527463 0.0734607 0.0250808 0.0066472 0.00405655 0.00104649 0.000261769 6.28742e-05 1.10393e-05 1.10985e-06 5.07913e-08
 1.32179e-39 6.46926e-33 7.27931e-27 1.88309e-21 1.11994e-16 1.53132e-12 4.81372e-09 3.47889e-06 0.000578022 0.0220797 0.193904 0.391497 0.18207 0.0286271 0.056869 0.0793092 0.027657 0.00924254 0.0060917 0.00159692 0.000389914 7.43232e-05 9.96294e-06 9.79533e-07 4.96052e-08
 1.35805e-39 6.64671e-33 7.47899e-27 1.93474e-21 1.15066e-16 1.57333e-12 4.94576e-09 3.57431e-06 0.000593877 0.0226853 0.199223 0.402235 0.18701 0.027981 0.049688 0.0692049 0.0243235 0.00874861 0.00594624 0.0017366 0.000508183 9.97169e-05 1.20076e-05 9.23476e-07 4.04721e-08
 1.33444e-39 6.53117e-33 7.34897e-27 1.90111e-21 1.13066e-16 1.54598e-12 4.85979e-09 3.51218e-06 0.000583553 0.022291 0.195759 0.395243 0.183795 0.0284576 0.0547046 0.0762512 0.0264713 0.00846821 0.00559791 0.00169887 0.000538025 0.000119078 1.64646e-05 1.24841e-06 4.63051e-08
 1.29414e-39 6.33392e-33 7.12703e-27 1.84369e-21 1.09651e-16 1.49929e-12 4.71302e-09 3.40611e-06 0.00056593 0.0216178 0.189847 0.383307 0.178296 0.0289787 0.0614833 0.085819 0.0300278 0.0103649 0.00695331 0.00199163 0.000586582 0.000134773 2.06504e-05 1.77608e-06 7.02163e-08
 1.16885e-39 5.72069e-33 6.43701e-27 1.66519e-21 9.90353e-17 1.35413e-12 4.25672e-09 3.07634e-06 0.000511138 0.0195248 0.171467 0.346197 0.161201 0.0305984 0.0825556 0.115554 0.0409699 0.0158772 0.011008 0.00327393 0.0010029 0.000219774 3.25187e-05 2.97134e-06 1.30644e-07
 1.26954e-39 6.21354e-33 6.99157e-27 1.80865e-21 1.07567e-16 1.47079e-12 4.62344e-09 3.34137e-06 0.000555173 0.0212069 0.186239 0.376021 0.174913 0.0285718 0.0611952 0.0855395 0.0316441 0.0164569 0.0121676 0.00385317 0.00128917 0.000295201 4.41902e-05 3.91554e-06 1.74461e-07
 1.23841e-39 6.06117e-33 6.82013e-27 1.7643e-21 1.0493e-16 1.43472e-12 4.51007e-09 3.25943e-06 0.00054156 0.0206869 0.181672 0.366801 0.170685 0.0294903 0.0695807 0.0972676 0.0345209 0.0135129 0.00967785 0.0036451 0.00147896 0.00036964 6.0022e-05 5.51101e-06 2.44555e-07
 1.28287e-39 6.27876e-33 7.06496e-27 1.82764e-21 1.08697e-16 1.48623e-12 4.67197e-09 3.37645e-06 0.000561001 0.0214295 0.188194 0.379969 0.176743 0.0287119 0.0608609 0.0850093 0.0306535 0.0135193 0.00971105 0.00310803 0.00112625 0.000329399 6.37555e-05 6.46736e-06 3.04297e-07
 1.24559e-39 6.0963e-33 6.85965e-27 1.77453e-21 1.05538e-16 1.44304e-12 4.5362e-09 3.27832e-06 0.000544698 0.0208068 0.182725 0.368927 0.171665 0.0294252 0.0685432 0.0958051 0.0340129 0.0133382 0.0094252 0.00321279 0.00119208 0.000307369 5.88833e-05 6.95374e-06 3.73225e-07
 1.25369e-39 6.13593e-33 6.90424e-27 1.78606e-21 1.06224e-16 1.45242e-12 4.56569e-09 3.29963e-06 0.000548239 0.020942 0.183913 0.371325 0.172762 0.029112 0.0659086 0.0921285 0.033224 0.0146633 0.0105363 0.0033688 0.00118388 0.000315628 5.86116e-05 6.59372e-06 3.80493e-07
 1.27463e-39 6.23841e-33 7.01956e-27 1.81589e-21 1.07998e-16 1.47668e-12 4.64195e-09 3.35475e-06 0.000557396 0.0212918 0.186985 0.377527 0.17562 0.0288699 0.0625609 0.0873959 0.0313597 0.0133546 0.00960775 0.00327863 0.00121654 0.000309176 5.57299e-05 6.21773e-06 3.48555e-07
 1.26991e-39 6.21535e-33 6.99361e-27 1.80918e-21 1.07599e-16 1.47122e-12 4.62479e-09 3.34234e-06 0.000555335 0.0212131 0.186293 0.376131 0.174982 0.0290428 0.064037 0.0894597 0.0318609 0.0128128 0.00908132 0.00303891 0.00112499 0.000301855 5.55054e-05 5.99391e-06 3.28953e-07
 1.26628e-39 6.19756e-33 6.9736e-27 1.804e-21 1.07291e-16 1.46701e-12 4.61156e-09 3.33278e-06 0.000553746 0.0211524 0.18576 0.375055 0.174484 0.0290526 0.0644216 0.090011 0.0321828 0.0133369 0.00947647 0.0030702 0.0010906 0.000288211 5.40378e-05 6.02733e-06 3.28688e-07
 1.26037e-39 6.16866e-33 6.94107e-27 1.79559e-21 1.0679e-16 1.46017e-12 4.59005e-09 3.31724e-06 0.000551164 0.0210537 0.184894 0.373306 0.173678 0.0291036 0.0652601 0.0911979 0.0326681 0.0137322 0.00980762 0.00323015 0.00115825 0.000296387 5.37097e-05 5.99607e-06 3.34363e-07
 1.26627e-39 6.19753e-33 6.97356e-27 1.804e-21 1.0729e-16 1.467e-12 4.61153e-09 3.33277e-06 0.000553744 0.0211523 0.185759 0.375053 0.174481 0.0289893 0.0640359 0.0894766 0.0321188 0.0137139 0.00983651 0.00326785 0.00118807 0.000308066 5.54077e-05 5.99918e-06 3.3001e-07
 1.19139e-39 5.83104e-33 6.56118e-27 1.69731e-21 1.00946e-16 1.38025e-12 4.33882e-09 3.13568e-06 0.000520997 0.0199014 0.174774 0.352875 0.164267 0.0300275 0.0770579 0.107838 0.0386787 0.0164176 0.0117755 0.00394968 0.0014545 0.000381621 6.9634e-05 7.55161e-06 4.07861e-07
 1.20329e-39 5.88929e-33 6.62672e-27 1.71427e-21 1.01954e-16 1.39404e-12 4.38217e-09 3.167e-06 0.000526202 0.0201002 0.17652 0.3564 0.165875 0.0294532 0.0724895 0.101467 0.0373545 0.0188799 0.0139835 0.00467737 0.00172067 0.000456112 8.44623e-05 9.28611e-06 5.04566e-07
 1.23333e-39 6.03628e-33 6.79212e-27 1.75706e-21 1.04499e-16 1.42883e-12 4.49155e-09 3.24605e-06 0.000539336 0.0206019 0.180926 0.365295 0.169974 0.0291152 0.0677453 0.0947546 0.0346361 0.0167626 0.0125 0.00464424 0.00189029 0.000506107 9.41564e-05 1.04866e-05 5.77685e-07
 1.23333e-39 6.03628e-33 6.79212e-27 1.75706e-21 1.04499e-16 1.42883e-12 4.49155e-09 3.24605e-06 0.000539336 0.0206019 0.180926 0.365295 0.169974 0.0291152 0.0677453 0.0947546 0.0346361 0.0167626 0.0125 0.00464424 0.00189029 0.000506107 9.41564e-05 1.04866e-05 5.77685e-07
#pred catch len freq
 2.14595e-27 2.17345e-27 6.61921e-27 1.52122e-21 9.04728e-17 1.23705e-12 3.8887e-09 2.81037e-06 0.000466939 0.0178368 0.156643 0.316266 0.147216 0.0266899 0.0677089 0.095028 0.038386 0.0300859 0.0266582 0.0179014 0.01503 0.0129908 0.0134063 0.0124522 0.00522996
 2.14855e-27 2.18109e-27 7.48753e-27 1.81587e-21 1.07997e-16 1.47666e-12 4.64192e-09 3.35473e-06 0.000557383 0.0212916 0.186984 0.377524 0.175585 0.0279809 0.057133 0.0797944 0.0291939 0.0142607 0.0112581 0.00596765 0.0041155 0.0029016 0.00248428 0.00209485 0.00086897
 2.14787e-27 2.17959e-27 7.33402e-27 1.76379e-21 1.049e-16 1.43432e-12 4.50879e-09 3.25851e-06 0.000541397 0.020681 0.181622 0.366698 0.17064 0.0295771 0.0701415 0.0980338 0.0344469 0.0123783 0.00864683 0.00321552 0.00155832 0.000806174 0.000511674 0.000358185 0.000140549
 2.14815e-27 2.18031e-27 7.41508e-27 1.79131e-21 1.06536e-16 1.45669e-12 4.57912e-09 3.30934e-06 0.000549842 0.0210036 0.184455 0.372417 0.173269 0.0291647 0.0658999 0.0920986 0.0329748 0.0138032 0.00976496 0.00300326 0.00103743 0.000338789 0.000130318 6.42233e-05 2.21086e-05
 2.14949e-27 2.18362e-27 7.76466e-27 1.90989e-21 1.13588e-16 1.55312e-12 4.88225e-09 3.52842e-06 0.000586241 0.022394 0.196665 0.39707 0.184625 0.0280675 0.0517719 0.0721648 0.025668 0.010217 0.007223 0.00240538 0.000862292 0.000214843 4.56961e-05 1.17092e-05 2.95954e-06
 2.1486e-27 2.18142e-27 7.5284e-27 1.82973e-21 1.08821e-16 1.48793e-12 4.67734e-09 3.38033e-06 0.000561636 0.0214541 0.188411 0.380406 0.176961 0.0291431 0.0633605 0.0884555 0.0308239 0.0102401 0.00689522 0.00223705 0.000796491 0.0002078 3.76396e-05 4.92657e-06 6.29479e-07
 2.14845e-27 2.18104e-27 7.49041e-27 1.81685e-21 1.08055e-16 1.47746e-12 4.64442e-09 3.35654e-06 0.000557683 0.0213031 0.187085 0.377728 0.175721 0.02909 0.0638439 0.089173 0.0315741 0.0121009 0.00835674 0.00246109 0.000768507 0.00019384 3.50162e-05 3.8945e-06 2.60058e-07
 2.14942e-27 2.18343e-27 7.74372e-27 1.90278e-21 1.13166e-16 1.54734e-12 4.86407e-09 3.51528e-06 0.000584059 0.0223106 0.195933 0.395592 0.183948 0.0282474 0.0533158 0.0743252 0.0262197 0.00974523 0.0067379 0.00213086 0.000712163 0.000164229 2.662e-05 2.82229e-06 1.57398e-07
 2.15057e-27 2.18626e-27 8.04309e-27 2.00433e-21 1.19205e-16 1.62992e-12 5.12367e-09 3.70289e-06 0.000615229 0.0235013 0.20639 0.416704 0.193674 0.0273198 0.0412899 0.0573568 0.0199962 0.00667236 0.00447766 0.00139664 0.000467791 0.000114508 1.87604e-05 1.81527e-06 9.23067e-08
 2.14959e-27 2.18383e-27 7.78214e-27 1.91579e-21 1.1394e-16 1.55792e-12 4.89735e-09 3.53933e-06 0.000588054 0.0224633 0.197274 0.398298 0.185208 0.0284645 0.0538255 0.0749855 0.025666 0.00702021 0.00439428 0.0012941 0.000401273 9.66515e-05 1.61981e-05 1.61186e-06 7.86114e-08
 2.14886e-27 2.18204e-27 7.59393e-27 1.85196e-21 1.10143e-16 1.50601e-12 4.73416e-09 3.42139e-06 0.000568459 0.0217147 0.1907 0.385026 0.17909 0.0289605 0.0608531 0.0849213 0.029589 0.00980747 0.0064621 0.00173131 0.000453867 0.000100461 1.58234e-05 1.56802e-06 7.79238e-08
 2.14939e-27 2.18335e-27 7.73489e-27 1.89978e-21 1.12987e-16 1.5449e-12 4.85641e-09 3.50974e-06 0.000583138 0.0222755 0.195624 0.394969 0.183663 0.0283245 0.0539743 0.0752484 0.0264845 0.00964381 0.00657691 0.00192663 0.000569403 0.000115969 1.56265e-05 1.41252e-06 6.78237e-08
 2.14926e-27 2.18303e-27 7.69921e-27 1.88767e-21 1.12267e-16 1.53505e-12 4.82546e-09 3.48738e-06 0.000579422 0.0221335 0.194378 0.392452 0.182508 0.0285423 0.0560625 0.0781735 0.0272636 0.00912811 0.00612337 0.00188589 0.000609384 0.000136376 1.93841e-05 1.58486e-06 6.72746e-08
 2.14845e-27 2.18105e-27 7.48984e-27 1.81665e-21 1.08043e-16 1.4773e-12 4.6439e-09 3.35616e-06 0.000557621 0.0213007 0.187064 0.377686 0.175708 0.0292452 0.0648035 0.0904991 0.0316822 0.0109915 0.00740806 0.00218756 0.00067664 0.000159451 2.50184e-05 2.20624e-06 9.19645e-08
 2.14795e-27 2.17982e-27 7.36193e-27 1.77327e-21 1.05463e-16 1.44202e-12 4.53301e-09 3.27602e-06 0.000544305 0.0207921 0.182597 0.368668 0.171547 0.029489 0.0690103 0.0964624 0.0342426 0.013404 0.00932512 0.0028026 0.000877986 0.000199966 3.11062e-05 2.93531e-06 1.32628e-07
 2.14794e-27 2.17981e-27 7.36092e-27 1.77293e-21 1.05443e-16 1.44175e-12 4.53215e-09 3.27539e-06 0.000544202 0.0207881 0.182563 0.368597 0.171513 0.0294295 0.0686681 0.0959872 0.0341679 0.0136792 0.0096362 0.0030855 0.00105107 0.000245297 3.8064e-05 3.53792e-06 1.6454e-07
 2.14829e-27 2.18067e-27 7.45242e-27 1.80397e-21 1.07289e-16 1.46699e-12 4.61149e-09 3.33274e-06 0.00055373 0.0211521 0.185759 0.375051 0.174484 0.0290989 0.064705 0.0904027 0.0322171 0.0130174 0.00920324 0.0029895 0.0010528 0.000262934 4.37524e-05 4.14638e-06 1.9202e-07
 2.1484e-27 2.18093e-27 7.47929e-27 1.81308e-21 1.07831e-16 1.47439e-12 4.63478e-09 3.34957e-06 0.000556526 0.0212589 0.186697 0.376944 0.17536 0.0291198 0.0642615 0.089758 0.0317234 0.0119824 0.00834676 0.0027241 0.000968882 0.000247549 4.34203e-05 4.40933e-06 2.13382e-07
 2.14831e-27 2.18071e-27 7.45583e-27 1.80512e-21 1.07358e-16 1.46792e-12 4.61444e-09 3.33487e-06 0.000554083 0.0211656 0.185877 0.37529 0.174598 0.0291965 0.0652285 0.0911235 0.0322423 0.0122912 0.00854243 0.00268838 0.000917497 0.000234808 4.1976e-05 4.44157e-06 2.27987e-07
 2.14799e-27 2.17992e-27 7.37243e-27 1.77683e-21 1.05675e-16 1.44492e-12 4.54212e-09 3.2826e-06 0.0005454 0.0208339 0.182964 0.369409 0.171887 0.029406 0.06828 0.0954379 0.033943 0.0134949 0.00947679 0.00299842 0.00101961 0.000251933 4.37886e-05 4.67472e-06 2.47689e-07
 2.14831e-27 2.18071e-27 7.45729e-27 1.80562e-21 1.07387e-16 1.46833e-12 4.61572e-09 3.33579e-06 0.000554237 0.0211715 0.185929 0.375394 0.174641 0.0290617 0.0643742 0.0899402 0.0321047 0.0131375 0.00931007 0.00301372 0.00105384 0.000261512 4.46751e-05 4.62917e-06 2.43502e-07
 2.14852e-27 2.18122e-27 7.51025e-27 1.82358e-21 1.08456e-16 1.48294e-12 4.66163e-09 3.36897e-06 0.00055975 0.0213821 0.187778 0.379128 0.176364 0.0289838 0.0627734 0.0876651 0.0310472 0.0119305 0.00835265 0.00274767 0.000984859 0.000250736 4.37358e-05 4.50752e-06 2.31969e-07
 2.14849e-27 2.18115e-27 7.50316e-27 1.82118e-21 1.08313e-16 1.48098e-12 4.65548e-09 3.36453e-06 0.000559012 0.0213539 0.187531 0.378628 0.176134 0.0290066 0.0630634 0.0880758 0.0312205 0.0120831 0.00843828 0.00268462 0.000930214 0.000240239 4.31211e-05 4.55215e-06 2.35747e-07
 2.14815e-27 2.18032e-27 7.41468e-27 1.79116e-21 1.06527e-16 1.45657e-12 4.57875e-09 3.30908e-06 0.000549798 0.0210019 0.18444 0.372388 0.173261 0.0293357 0.0669529 0.093554 0.0330967 0.0126001 0.00876896 0.00279632 0.000962931 0.000241092 4.25277e-05 4.5748e-06 2.42844e-07
 2.14798e-27 2.17991e-27 7.37235e-27 1.77681e-21 1.05674e-16 1.4449e-12 4.54207e-09 3.28257e-06 0.000545394 0.0208337 0.182962 0.369405 0.171881 0.0293144 0.067722 0.094667 0.0338829 0.0141504 0.010044 0.00317989 0.00108555 0.000271022 4.69968e-05 4.9444e-06 2.62935e-07
 2.14756e-27 2.17887e-27 7.26315e-27 1.73977e-21 1.03471e-16 1.41478e-12 4.44738e-09 3.21413e-06 0.000534023 0.0203993 0.179148 0.361703 0.168334 0.0296578 0.0721397 0.100896 0.0361053 0.0150615 0.0107561 0.00358329 0.00129383 0.000323003 5.55451e-05 5.77432e-06 3.01593e-07
 2.14717e-27 2.17795e-27 7.1669e-27 1.70713e-21 1.0153e-16 1.38823e-12 4.36393e-09 3.15383e-06 0.000524004 0.0200166 0.175787 0.354917 0.165203 0.0298302 0.0752373 0.105288 0.0380104 0.0169072 0.0122318 0.00407885 0.00149461 0.000392271 7.02363e-05 7.30665e-06 3.77642e-07
 2.14752e-27 2.17879e-27 7.25722e-27 1.73777e-21 1.03352e-16 1.41315e-12 4.44227e-09 3.21044e-06 0.00053341 0.0203759 0.178942 0.361288 0.168135 0.0294599 0.071057 0.0994034 0.0360278 0.0164746 0.0120397 0.0041655 0.00158649 0.000421411 7.79058e-05 8.47083e-06 4.46455e-07
 2.14848e-27 2.18116e-27 7.50645e-27 1.82231e-21 1.0838e-16 1.4819e-12 4.65837e-09 3.36662e-06 0.000559359 0.0213671 0.187647 0.378863 0.176233 0.0287548 0.0614552 0.0858432 0.0308882 0.0134262 0.00973715 0.00342844 0.00134303 0.000370837 7.10035e-05 7.93827e-06 4.3402e-07
#obs catch len freq
 1.21724e-39 5.95756e-33 6.70354e-27 1.73414e-21 1.03136e-16 1.4102e-12 4.43297e-09 3.20372e-06 0.000532302 0.0203332 0.178567 0.360531 0.167786 0.0294823 0.0714221 0.099917 0.036189 0.0164746 0.0120764 0.00431086 0.00173659 0.000512224 0.000110871 1.48262e-05 1.01266e-06
 1.21866e-39 5.9645e-33 6.71135e-27 1.73616e-21 1.03256e-16 1.41184e-12 4.43813e-09 3.20745e-06 0.000532922 0.0203569 0.178775 0.360951 0.167981 0.0294989 0.0713968 0.0998769 0.0361159 0.0162566 0.0118645 0.00416407 0.00164106 0.000472853 9.93635e-05 1.29084e-05 8.57552e-07
 1.30279e-39 6.37626e-33 7.17467e-27 1.85602e-21 1.10384e-16 1.50931e-12 4.74452e-09 3.42888e-06 0.000569713 0.0217623 0.191117 0.385869 0.179459 0.0283908 0.0571223 0.0797405 0.0287982 0.0128492 0.00935287 0.00325775 0.00126782 0.000357882 7.31416e-05 9.21687e-06 5.94094e-07
 1.15189e-39 5.63769e-33 6.34362e-27 1.64104e-21 9.75985e-17 1.33448e-12 4.19496e-09 3.03171e-06 0.000503722 0.0192415 0.168979 0.341175 0.158892 0.0309488 0.0862081 0.120673 0.0423636 0.0150927 0.0104379 0.00361002 0.00139346 0.00038908 7.79725e-05 9.55895e-06 5.97698e-07
 1.34268e-39 6.57148e-33 7.39433e-27 1.91285e-21 1.13764e-16 1.55552e-12 4.88978e-09 3.53386e-06 0.000587155 0.0224286 0.196968 0.397682 0.184892 0.0276195 0.0488531 0.0681261 0.0252738 0.0133588 0.0098572 0.00301195 0.00100454 0.000273361 5.41005e-05 6.51272e-06 3.97097e-07
 1.38305e-39 6.76909e-33 7.61669e-27 1.97037e-21 1.17185e-16 1.60229e-12 5.03682e-09 3.64012e-06 0.000604811 0.023103 0.202891 0.40964 0.190423 0.0277015 0.0457494 0.0636302 0.0220304 0.0068668 0.00464276 0.00177536 0.000724162 0.000178584 3.14635e-05 3.66323e-06 2.19354e-07
 1.26037e-39 6.16861e-33 6.94102e-27 1.79558e-21 1.0679e-16 1.46016e-12 4.59001e-09 3.31721e-06 0.00055116 0.0210536 0.184893 0.373303 0.1737 0.0297251 0.0690551 0.0964466 0.0331625 0.00956506 0.0060749 0.00173288 0.000542457 0.000157514 3.06701e-05 3.27219e-06 1.82507e-07
 1.26639e-39 6.1981e-33 6.97421e-27 1.80416e-21 1.073e-16 1.46714e-12 4.61196e-09 3.33307e-06 0.000553794 0.0211542 0.185777 0.375088 0.174501 0.0290976 0.0646867 0.0903862 0.0323517 0.0135015 0.00943162 0.00258568 0.00069881 0.000153887 2.64325e-05 3.09333e-06 1.72601e-07
 1.41657e-39 6.93315e-33 7.80129e-27 2.01812e-21 1.20025e-16 1.64113e-12 5.1589e-09 3.72835e-06 0.00061947 0.023663 0.207808 0.419568 0.194987 0.0270103 0.0385381 0.0535057 0.0190093 0.00749789 0.00528721 0.00174962 0.000604568 0.000128382 1.77455e-05 1.69114e-06 9.22112e-08
 1.41587e-39 6.92972e-33 7.79743e-27 2.01712e-21 1.19966e-16 1.64032e-12 5.15634e-09 3.7265e-06 0.000619163 0.0236512 0.207705 0.419361 0.194906 0.027397 0.0409608 0.0568569 0.0193285 0.00485407 0.00296951 0.000952441 0.00033477 8.52302e-05 1.37769e-05 1.18793e-06 5.29402e-08
 1.34626e-39 6.58899e-33 7.41404e-27 1.91794e-21 1.14067e-16 1.55966e-12 4.90281e-09 3.54327e-06 0.00058872 0.0224883 0.197493 0.398742 0.185415 0.0285009 0.0539145 0.0751038 0.0256132 0.00669401 0.00406263 0.00104592 0.000260554 6.24672e-05 1.09542e-05 1.10056e-06 5.03446e-08
 1.31544e-39 6.43818e-33 7.24434e-27 1.87404e-21 1.11456e-16 1.52396e-12 4.7906e-09 3.46218e-06 0.000575245 0.0219736 0.192972 0.389616 0.181204 0.028741 0.0581307 0.0810839 0.0282331 0.00929658 0.00610078 0.00159601 0.000388179 7.3877e-05 9.88845e-06 9.71349e-07 4.9168e-08
 1.35231e-39 6.61862e-33 7.44738e-27 1.92657e-21 1.1458e-16 1.56668e-12 4.92486e-09 3.55921e-06 0.000591367 0.0225895 0.198381 0.400535 0.186228 0.0280833 0.0508246 0.0708036 0.0248441 0.00880312 0.00595887 0.00173599 0.000506179 9.91908e-05 1.19286e-05 9.16596e-07 4.01461e-08
 1.32878e-39 6.50344e-33 7.31778e-27 1.89304e-21 1.12586e-16 1.53941e-12 4.83916e-09 3.49727e-06 0.000581076 0.0221964 0.194928 0.393565 0.183023 0.0285606 0.0558395 0.0778473 0.0269866 0.00850666 0.00559712 0.00169414 0.000534619 0.000118157 1.63175e-05 1.23638e-06 4.5834e-08
 1.28728e-39 6.30032e-33 7.08922e-27 1.83392e-21 1.0907e-16 1.49133e-12 4.68802e-09 3.38804e-06 0.000562928 0.0215031 0.18884 0.381273 0.177361 0.0291018 0.0628477 0.0877382 0.030651 0.010424 0.00696332 0.00198968 0.00058381 0.000133927 2.04957e-05 1.76155e-06 6.96099e-08
 1.16076e-39 5.68114e-33 6.39251e-27 1.65368e-21 9.83506e-17 1.34477e-12 4.22729e-09 3.05507e-06 0.000507604 0.0193898 0.170281 0.343804 0.1601 0.0307473 0.0841862 0.117847 0.0417067 0.0159199 0.0109957 0.00326199 0.000995646 0.000217865 3.21939e-05 2.93942e-06 1.29181e-07
 1.26298e-39 6.18141e-33 6.95543e-27 1.7993e-21 1.07011e-16 1.46319e-12 4.59954e-09 3.3241e-06 0.000552303 0.0210973 0.185276 0.374078 0.174019 0.0286905 0.0625057 0.0873828 0.0322422 0.016512 0.0121736 0.00384459 0.00128187 0.000293116 4.38233e-05 3.88011e-06 1.72796e-07
 1.23052e-39 6.02252e-33 6.77664e-27 1.75305e-21 1.04261e-16 1.42557e-12 4.48131e-09 3.23865e-06 0.000538106 0.020555 0.180514 0.364463 0.169609 0.0296317 0.071149 0.0994737 0.0352392 0.0135877 0.00969321 0.003639 0.00147211 0.000367438 5.95933e-05 5.46782e-06 2.42521e-07
 1.2749e-39 6.23975e-33 7.02106e-27 1.81628e-21 1.08021e-16 1.47699e-12 4.64294e-09 3.35546e-06 0.000557515 0.0212964 0.187025 0.377608 0.175657 0.0288495 0.0624121 0.0871922 0.0313745 0.01363 0.00975796 0.00311437 0.00112451 0.000328371 6.34893e-05 6.43629e-06 3.027e-07
 1.23605e-39 6.04959e-33 6.8071e-27 1.76093e-21 1.04729e-16 1.43198e-12 4.50145e-09 3.25321e-06 0.000540525 0.0206474 0.181325 0.366101 0.170365 0.0295889 0.0703944 0.0984102 0.0348746 0.0134748 0.00948582 0.00322386 0.00119229 0.000306971 5.87307e-05 6.931e-06 3.71859e-07
 1.24461e-39 6.09149e-33 6.85424e-27 1.77313e-21 1.05454e-16 1.4419e-12 4.53262e-09 3.27574e-06 0.000544268 0.0207903 0.182581 0.368636 0.171525 0.0292669 0.0676645 0.0945998 0.0340438 0.0148013 0.0106003 0.00337992 0.00118364 0.000315079 5.84399e-05 6.56957e-06 3.78924e-07
 1.26649e-39 6.19858e-33 6.97475e-27 1.8043e-21 1.07309e-16 1.46725e-12 4.61231e-09 3.33333e-06 0.000553837 0.0211559 0.185791 0.375117 0.174511 0.0290108 0.0641475 0.0896286 0.032096 0.0134639 0.0096524 0.00328409 0.0012146 0.000308235 5.54901e-05 6.18647e-06 3.46642e-07
 1.2606e-39 6.16974e-33 6.94229e-27 1.79591e-21 1.06809e-16 1.46042e-12 4.59085e-09 3.31782e-06 0.000551261 0.0210574 0.184926 0.373372 0.173712 0.0292011 0.0658353 0.0919906 0.0327013 0.0129571 0.00915006 0.003053 0.00112641 0.000301788 5.5428e-05 5.98127e-06 3.28103e-07
 1.25613e-39 6.14787e-33 6.91768e-27 1.78954e-21 1.06431e-16 1.45525e-12 4.57458e-09 3.30606e-06 0.000549306 0.0209828 0.184271 0.372048 0.1731 0.0292222 0.0663634 0.0927443 0.0330965 0.0135147 0.00956924 0.00309159 0.00109443 0.000288783 5.40794e-05 6.02776e-06 3.28563e-07
 1.24986e-39 6.11721e-33 6.88318e-27 1.78061e-21 1.059e-16 1.44799e-12 4.55176e-09 3.28957e-06 0.000546567 0.0208781 0.183352 0.370192 0.172245 0.0292783 0.0672646 0.0940196 0.0336134 0.0139229 0.0099095 0.00325443 0.00116305 0.000297174 5.37853e-05 6.00015e-06 3.34439e-07
 1.25465e-39 6.14063e-33 6.90953e-27 1.78743e-21 1.06305e-16 1.45353e-12 4.56919e-09 3.30216e-06 0.000548659 0.0209581 0.184054 0.37161 0.172896 0.0291782 0.0662267 0.0925612 0.033161 0.0139542 0.00997519 0.00330446 0.00119739 0.000310026 5.56926e-05 6.02567e-06 3.31311e-07
 1.1794e-39 5.77235e-33 6.49514e-27 1.68023e-21 9.99296e-17 1.36636e-12 4.29516e-09 3.10412e-06 0.000515754 0.0197011 0.173015 0.349324 0.162632 0.0302276 0.0793499 0.111064 0.0397576 0.0166291 0.0118864 0.00397531 0.00145908 0.000382261 6.96667e-05 7.5498e-06 4.07574e-07
 1.19064e-39 5.82735e-33 6.55702e-27 1.69624e-21 1.00882e-16 1.37938e-12 4.33608e-09 3.13369e-06 0.000520668 0.0198888 0.174664 0.352651 0.164149 0.0296553 0.0748528 0.104795 0.0384875 0.0191691 0.0141574 0.00472197 0.00173131 0.000458252 8.47568e-05 9.31193e-06 5.05738e-07
 1.27881e-39 6.25891e-33 7.04263e-27 1.82186e-21 1.08353e-16 1.48153e-12 4.6572e-09 3.36577e-06 0.000559228 0.0213618 0.187599 0.378767 0.176183 0.0285728 0.0603736 0.0843464 0.0307287 0.0145535 0.0108052 0.00399993 0.00162243 0.000433726 8.05866e-05 8.96856e-06 4.93828e-07
#spawning biomass
 4622.21 2741.47 2470.69 2333.94 2528.05 3729.87 4317.02 4270.38 6733.04 12804.7 18344.8 22128.2 30541.7 40670.2 45042 38626.4 35091.6 31814.3 31786.9 34859 34497.9 34436.2 40926.8 43745.4 52299.8 55411.3 55617 49573.6 47847.3 15428.8 55632.9 61008.9 36154.7 21252.2 14756.6 12178.8 11204.4 10847.2 10718.8 10673.3 10657.3 10651.8 10649.8 10649.1 10648.9 10648.8 10648.8 10648.8 10648.8 10648.8 10648.8 10648.8 10648.8 10648.8 10648.8 10648.8 10648.8 10648.8 10648.8 10648.8 10648.8 10648.8 10648.8 10648.8 10648.8 10648.8 10648.8 10648.8 10648.8 10648.8 10648.8 10648.8 10648.8 10648.8 10648.8 10648.8 10648.8 10648.8 10648.8 10648.8 10648.8 10648.8 10648.8 10648.8 10648.8 10648.8 10648.8 10648.8 10648.8 10648.8 10648.8 10648.8 10648.8 10648.8 10648.8 10648.8 10648.8 10648.8 10648.8 10648.8 10648.8 10648.8 10648.8 10648.8 10648.8 10648.8 10648.8 10648.8 10648.8 10648.8 10648.8 10648.8 10648.8 10648.8 10648.8 10648.8 10648.8 10648.8 10648.8 10648.8 10648.8 10648.8 10648.8 10648.8 10648.8 10648.8 10648.8 10648.8 10648.8 0 0 0 0 0 0 0 0 0 0 0 0 0 0 0 0 0 0 0 0 0 0 0 0 0
