SBPRF35
0.256306
Curr Bio
183271
B35
197634
F35
0.387392
FOFL
0.387392
OFL
73013.3
Bzero
73230.3
#pred survey bio
 37695.4 23593.3 18008.7 15809.6 25575.3 41137.1 57041.8 65955.4 86913.3 109829 133943 161069 205469 235429 228721 204099 218671 206751 211655 216899 245718 223732 224199 220097 233275 236065 252376 238989 265977 6.58522e+06 5.26097e+06 3.75677e+06 2.54632e+06 1.76059e+06 1.3016e+06 1.04752e+06 910165 836182 795907 773523 760744 753229 748680 745852 744053 742896 742142 741644 741313 741092 740944 740844 740777 740732 740701 740681 740667 740657 740651 740646 740643 740641 740640 740639 740639 740638 740638 740638 740638 740638 740637 740637 740637 740637 740637 740637 740637 740637 740637 740637 740637 740637 740637 740637 740637 740637 740637 740637 740637 740637 740637 740637 740637 740637 740637 740637 740637 740637 740637 740637 740637 740637 740637 740637 740637 740637 740637 740637 740637 740637 740637 740637 740637 740637 740637 740637 740637 740637 740637 740637 740637 740637 740637 740637 740637 740637 740637 740637 740637 0 0 0 0 0 0 0 0 0 0 0 0 0 0 0 0 0 0 0 0 0 0 0 0 0
#obs survey bio
 43927 14047.2 12717.1 19733.2 26480.4 47292 52769.2 102962 87245.5 114167 156364 147926 208634 353201 211902 186851 239656 263884 183150 134034 279123 178398 181396 224433 223126 185557 234630 212877 241778
#pred catch bio
 13427.4 4419.59 3858.14 2730.97 4749.53 7804.14 15665.3 15642.7 23212.3 35269.8 49257.9 56007 77223.5 95092.2 104970 78910.8 89352.9 77583.6 86066.5 76638.8 109292 90562.5 99930.4 90884.1 96261.7 87393 108556 82631.6 90720.2 73013.3 65522.7 45217.2 29457.3 19597.5 14092.3 11218.6 9780.52 9080.43 8745.8 8587.81 8513.86 8479.43 8463.48 8456.1 8452.69 8451.13 8450.41 8450.08 8449.93 8449.86 8449.83 8449.81 8449.81 8449.8 8449.8 8449.8 8449.8 8449.8 8449.8 8449.8 8449.8 8449.8 8449.8 8449.8 8449.8 8449.8 8449.8 8449.8 8449.8 8449.8 8449.8 8449.8 8449.8 8449.8 8449.8 8449.8 8449.8 8449.8 8449.8 8449.8 8449.8 8449.8 8449.8 8449.8 8449.8 8449.8 8449.8 8449.8 8449.8 8449.8 8449.8 8449.8 8449.8 8449.8 8449.8 8449.8 8449.8 8449.8 8449.8 8449.8 8449.8 8449.8 8449.8 8449.8 8449.8 8449.8 8449.8 8449.8 8449.8 8449.8 8449.8 8449.8 8449.8 8449.8 8449.8 8449.8 8449.8 8449.8 8449.8 8449.8 8449.8 8449.8 8449.8 8449.8 8449.8 8449.8 8449.8 8449.8 8449.8 0 0 0 0 0 0 0 0 0 0 0 0 0 0 0 0 0 0 0 0 0 0 0 0 0
#obs catch bio
 4792.27 4472.12 4112.43 2752.59 4823.74 7613.29 15582 14729.6 22274.5 33780.4 46855.3 53265.8 73267.5 90338.8 105668 80487.3 88342.2 74239 88221 78935.1 106420 90236.4 104160 92144.2 96930.8 87468.3 112763 80423.3 90536.2
#pred cpue bio
 36476.2 23245.9 17825.7 15025.1 23070.8 38002.6 53555.7 61935.1 80687.2 102306 123796 147935 188713 217842 214266 189281 202641 193888 197211 200688 228166 208506 208339 202890 215550 219405 234975 222230 247633 6.1633e+06 5.22851e+06 3.7243e+06 2.51385e+06 1.72812e+06 1.26913e+06 1.01505e+06 877696 803713 763438 741055 728276 720761 716212 713383 711585 710428 709673 709176 708845 708624 708476 708376 708309 708264 708233 708212 708198 708189 708182 708178 708175 708173 708172 708171 708170 708170 708170 708169 708169 708169 708169 708169 708169 708169 708169 708169 708169 708169 708169 708169 708169 708169 708169 708169 708169 708169 708169 708169 708169 708169 708169 708169 708169 708169 708169 708169 708169 708169 708169 708169 708169 708169 708169 708169 708169 708169 708169 708169 708169 708169 708169 708169 708169 708169 708169 708169 708169 708169 708169 708169 708169 708169 708169 708169 708169 708169 708169 708169 708169 0 0 0 0 0 0 0 0 0 0 0 0 0 0 0 0 0 0 0 0 0 0 0 0 0
#obs cpue bio
 25087.2 17200 17614.6 17210.2 23192.3 54038 59469.9 70168.2 77008.5 113580 133757 181816 238215 171093 183220 160881 248786 194637 161876 230600 367660 206948 201388 199081 235034 256604 221560 327391 249824
#pred surv len freq
 2.45299e-11 1.15377e-09 3.75776e-08 8.47467e-07 1.32344e-05 0.000143112 0.00107163 0.00555708 0.0199624 0.0497377 0.0863726 0.106524 0.0997131 0.0843264 0.0787632 0.0781666 0.07279 0.0641389 0.0560279 0.0486195 0.0419406 0.036346 0.0308374 0.0237519 0.0151957
 1.29315e-11 6.08237e-10 1.98099e-08 4.46763e-07 6.97689e-06 7.54466e-05 0.000564984 0.00293051 0.0105373 0.0263557 0.0464593 0.0605505 0.067057 0.0778638 0.0961921 0.107095 0.101632 0.0883539 0.0758893 0.0647677 0.0541474 0.0442888 0.034877 0.0250829 0.0152709
 1.03867e-11 4.88542e-10 1.59115e-08 3.58844e-07 5.60388e-06 6.05988e-05 0.000453781 0.00235343 0.00845821 0.0211151 0.0369483 0.0469049 0.048306 0.0506289 0.0614589 0.0774243 0.0932828 0.105182 0.107145 0.0973283 0.0811231 0.063956 0.0475254 0.031989 0.0183499
 3.48179e-11 1.63767e-09 5.33377e-08 1.2029e-06 1.8785e-05 0.000203132 0.00152102 0.0078866 0.0283184 0.0704363 0.121493 0.145959 0.124263 0.0799676 0.0472289 0.0346899 0.0342904 0.0398781 0.0478046 0.0532549 0.0522063 0.0444808 0.0330995 0.0213791 0.0116199
 4.4831e-11 2.10863e-09 6.86768e-08 1.54883e-06 2.41873e-05 0.00026155 0.00195846 0.0101548 0.0364647 0.0907167 0.156595 0.188698 0.162432 0.108074 0.0670436 0.0457852 0.031652 0.0204011 0.0144541 0.0134944 0.0143184 0.014001 0.0115297 0.00775555 0.00418428
 3.66393e-11 1.72334e-09 5.61279e-08 1.26582e-06 1.97677e-05 0.00021376 0.00160063 0.00830003 0.029812 0.0742424 0.128678 0.157519 0.143598 0.113109 0.0943921 0.0823116 0.0630566 0.0400917 0.0227221 0.0129896 0.00856217 0.00682608 0.00564405 0.00403403 0.00227686
 3.24064e-11 1.52424e-09 4.96436e-08 1.11959e-06 1.7484e-05 0.000189065 0.00141572 0.00734128 0.0263699 0.0656843 0.113942 0.139943 0.129107 0.105163 0.0930243 0.08747 0.075488 0.058095 0.0407925 0.0256523 0.0142751 0.00758325 0.00434826 0.00264407 0.00145343
 3.30576e-11 1.55487e-09 5.06411e-08 1.14208e-06 1.78353e-05 0.000192864 0.00144416 0.00748863 0.0268974 0.0669809 0.116073 0.142002 0.129231 0.101638 0.0859301 0.0792922 0.0695835 0.0566283 0.0440145 0.0318347 0.020372 0.0112841 0.00551192 0.00250066 0.00108108
 3.66331e-11 1.72304e-09 5.61185e-08 1.26561e-06 1.97643e-05 0.000213723 0.00160035 0.00829834 0.0298029 0.0741896 0.128381 0.156193 0.139345 0.103678 0.080379 0.0694702 0.0586594 0.0464674 0.0360029 0.0270992 0.0188504 0.0115813 0.00607956 0.00268505 0.00100324
 3.51678e-11 1.65413e-09 5.38739e-08 1.21499e-06 1.89738e-05 0.000205175 0.00153635 0.00796663 0.0286138 0.0712505 0.123439 0.150861 0.136772 0.106319 0.0877428 0.0779169 0.0641073 0.0475125 0.0340578 0.0243541 0.0168068 0.0106872 0.0059683 0.00279682 0.00106478
 3.73566e-11 1.75708e-09 5.72269e-08 1.29061e-06 2.01547e-05 0.000217945 0.00163196 0.00846226 0.0303918 0.0756572 0.130932 0.159351 0.142333 0.106231 0.0826381 0.0711609 0.0590077 0.0448625 0.0325011 0.022587 0.01476 0.00897542 0.00496167 0.00237775 0.000938344
 3.86411e-11 1.81749e-09 5.91945e-08 1.33498e-06 2.08477e-05 0.000225439 0.00168807 0.00875319 0.0314363 0.0782536 0.1354 0.164668 0.146681 0.108557 0.0830252 0.0698798 0.0561036 0.0408021 0.0284169 0.0194053 0.0125744 0.00749088 0.00400995 0.00187294 0.00073426
 3.84014e-11 1.80622e-09 5.88273e-08 1.3267e-06 2.07184e-05 0.00022404 0.0016776 0.00869893 0.0312419 0.0777743 0.134602 0.163844 0.14642 0.109362 0.0848531 0.0720313 0.057707 0.0413933 0.0280371 0.0184195 0.0114661 0.00660674 0.00344498 0.00157104 0.000602647
 3.6397e-11 1.71194e-09 5.57569e-08 1.25746e-06 1.9637e-05 0.000212347 0.00159005 0.00824505 0.0296134 0.0737362 0.127722 0.155982 0.141049 0.108869 0.0888677 0.0781756 0.0636121 0.04599 0.0312209 0.0203318 0.0123635 0.00687482 0.00344488 0.00151503 0.000564137
 3.30211e-11 1.55315e-09 5.05852e-08 1.14082e-06 1.78156e-05 0.000192651 0.00144258 0.00748051 0.0268698 0.0669277 0.116086 0.142515 0.131268 0.106397 0.0931573 0.0861524 0.0724596 0.0542796 0.0382295 0.0255311 0.015659 0.00864344 0.00423738 0.00180481 0.000648721
 3.64553e-11 1.71468e-09 5.58461e-08 1.25947e-06 1.96684e-05 0.000212686 0.00159259 0.00825812 0.029659 0.073837 0.127809 0.15568 0.139479 0.105042 0.0830327 0.0727229 0.0614897 0.0480211 0.0357463 0.025112 0.0160434 0.00911573 0.00452718 0.00192019 0.000677949
 3.64096e-11 1.71253e-09 5.57762e-08 1.25789e-06 1.96438e-05 0.00021242 0.0015906 0.00824785 0.029623 0.073755 0.127721 0.15582 0.14039 0.107294 0.0863504 0.0754222 0.0616612 0.0455329 0.0323825 0.0226723 0.0149886 0.00893544 0.00463247 0.00202306 0.000723942
 3.28019e-11 1.54285e-09 5.02495e-08 1.13325e-06 1.76974e-05 0.000191372 0.001433 0.00743088 0.0266917 0.0664862 0.115335 0.141659 0.13069 0.106342 0.0935082 0.0864791 0.0723589 0.0537673 0.0377679 0.0256112 0.0163712 0.00964133 0.00507882 0.0022911 0.000847795
 3.52836e-11 1.65957e-09 5.40512e-08 1.21899e-06 1.90363e-05 0.000205851 0.0015414 0.00799276 0.0287066 0.0714722 0.123758 0.150945 0.135887 0.103745 0.0838703 0.0748877 0.0643022 0.0510097 0.0384314 0.0271558 0.0174721 0.0101324 0.00523873 0.00234745 0.000876791
 3.7018e-11 1.74115e-09 5.67081e-08 1.27891e-06 1.9972e-05 0.000215969 0.00161717 0.00838559 0.0301169 0.0749773 0.129786 0.158099 0.14167 0.106662 0.0839539 0.0724329 0.0593716 0.0444615 0.0322828 0.0230684 0.0155058 0.00937866 0.00494895 0.00221964 0.000824362
 3.57776e-11 1.68281e-09 5.48079e-08 1.23606e-06 1.93028e-05 0.000208733 0.00156299 0.00810473 0.0291095 0.0724826 0.125558 0.153374 0.138804 0.107391 0.0880374 0.077869 0.0639324 0.0470364 0.0329213 0.0224747 0.0146056 0.00878448 0.00472488 0.0021751 0.000823025
 3.47353e-11 1.63378e-09 5.32112e-08 1.20005e-06 1.87404e-05 0.000202652 0.00151746 0.00786869 0.0282625 0.0703806 0.121965 0.149216 0.135788 0.106647 0.0894378 0.0805438 0.0670681 0.0500961 0.035413 0.0240071 0.0151965 0.00882743 0.00462478 0.00211214 0.000805345
 3.5763e-11 1.68212e-09 5.47856e-08 1.23555e-06 1.92949e-05 0.000208647 0.00156235 0.00810137 0.029097 0.0724463 0.125461 0.153096 0.138049 0.105807 0.085771 0.0759673 0.0636553 0.0486118 0.0353461 0.024514 0.0156873 0.00907182 0.00466584 0.00208125 0.000779263
 3.78119e-11 1.77849e-09 5.79242e-08 1.30634e-06 2.04003e-05 0.000220601 0.00165185 0.00856538 0.0307622 0.0765797 0.132531 0.16131 0.144115 0.107587 0.0835424 0.0713543 0.0581211 0.043087 0.0306334 0.0212089 0.0137864 0.00812536 0.00422249 0.00187893 0.000695098
 3.69053e-11 1.73585e-09 5.65356e-08 1.27502e-06 1.99112e-05 0.000215312 0.00161225 0.00836014 0.0300263 0.0747591 0.129459 0.15794 0.142293 0.108718 0.0873815 0.076018 0.0615161 0.0444056 0.0303723 0.0202593 0.0128345 0.00749073 0.0039085 0.00175538 0.000653228
 3.5338e-11 1.66213e-09 5.41346e-08 1.22087e-06 1.90656e-05 0.000206168 0.00154379 0.0080052 0.0287525 0.0715982 0.124057 0.151687 0.137753 0.107586 0.0894541 0.0799633 0.0660789 0.0487749 0.0338914 0.0224945 0.0138886 0.00784041 0.00398385 0.00176542 0.000655303
 3.51119e-11 1.6515e-09 5.37882e-08 1.21306e-06 1.89437e-05 0.000204849 0.00153391 0.00795395 0.0285681 0.0711356 0.123233 0.150572 0.136404 0.105873 0.0874306 0.0783486 0.0658482 0.0501889 0.0362717 0.0248798 0.0156526 0.00884517 0.00442497 0.00191543 0.000696136
 3.55216e-11 1.67077e-09 5.44158e-08 1.22721e-06 1.91647e-05 0.000207239 0.0015518 0.00804673 0.0289011 0.071962 0.124646 0.152214 0.137612 0.106202 0.086877 0.0771301 0.0642008 0.0484699 0.0350108 0.0244159 0.0158245 0.00922085 0.00470522 0.00204527 0.000736856
 3.52104e-11 1.65613e-09 5.3939e-08 1.21646e-06 1.89968e-05 0.000205424 0.00153821 0.00797625 0.0286481 0.071334 0.123571 0.150959 0.136668 0.105882 0.0871429 0.0777606 0.0649879 0.0492397 0.0356096 0.0248135 0.0161342 0.00952554 0.00496725 0.00220823 0.000808063
#obs surv len freq
 2.52365e-11 1.187e-09 3.86599e-08 8.7188e-07 1.36157e-05 0.000147235 0.0011025 0.0057171 0.0205368 0.0511633 0.0888125 0.109364 0.101829 0.0849895 0.0780587 0.0766594 0.071185 0.0633272 0.0569142 0.0512337 0.0448019 0.037164 0.0282353 0.0186416 0.0101018
 7.88511e-16 3.7164e-14 1.22028e-12 2.84044e-11 4.98409e-10 7.74477e-09 1.2804e-07 2.10656e-06 2.81396e-05 0.000273228 0.00186179 0.00882652 0.0291134 0.0671905 0.110244 0.133688 0.129882 0.113854 0.0985055 0.085208 0.0724922 0.0592795 0.0446203 0.0292093 0.0157223
 1.4391e-11 6.76884e-10 2.20457e-08 4.97185e-07 7.76425e-06 8.3959e-05 0.000628667 0.00325957 0.0117027 0.0290939 0.050088 0.0597535 0.0497292 0.0308632 0.0224038 0.0360367 0.069357 0.104826 0.122051 0.116776 0.0993819 0.0789213 0.0578865 0.0372803 0.019868
 5.1547e-11 2.42452e-09 7.8965e-08 1.78086e-06 2.78107e-05 0.000300732 0.00225182 0.0116755 0.0419197 0.104229 0.179523 0.21445 0.1785 0.105413 0.0471044 0.0190851 0.00953817 0.00793375 0.0105211 0.0143614 0.0161775 0.0147763 0.0112454 0.00719102 0.00377443
 3.24485e-11 1.52622e-09 4.9708e-08 1.12104e-06 1.75067e-05 0.000189311 0.00141758 0.00735124 0.0264104 0.065831 0.114509 0.142102 0.135674 0.119328 0.113122 0.103349 0.0754299 0.0410866 0.0178546 0.00864781 0.00708409 0.00724456 0.00642112 0.00449177 0.00243773
 3.95016e-11 1.85797e-09 6.05128e-08 1.36472e-06 2.1312e-05 0.000230459 0.00172566 0.00894794 0.0321339 0.0799706 0.138239 0.167506 0.147267 0.105103 0.0765141 0.0647243 0.0566574 0.0463368 0.0335327 0.0201663 0.0100393 0.00487997 0.00293389 0.00195428 0.001114
 2.50042e-11 1.17608e-09 3.83041e-08 8.63855e-07 1.34904e-05 0.000145881 0.00109238 0.00566516 0.0203574 0.0507873 0.0886432 0.111424 0.110922 0.106835 0.11231 0.112195 0.0937265 0.0674786 0.0466849 0.0321065 0.0203011 0.0109729 0.00511169 0.00224422 0.00098225
 4.12824e-11 1.94173e-09 6.32407e-08 1.42624e-06 2.22727e-05 0.000240848 0.00180344 0.00935105 0.0335788 0.083539 0.144221 0.17387 0.150003 0.100933 0.0657725 0.0517576 0.0467605 0.0423807 0.0355469 0.0262097 0.0168655 0.00959515 0.00477751 0.00203279 0.0007379
 3.48516e-11 1.63925e-09 5.33894e-08 1.20406e-06 1.88032e-05 0.000203331 0.00152254 0.00789514 0.0283588 0.070632 0.122481 0.150222 0.13787 0.110507 0.0944649 0.0837782 0.0653813 0.0440291 0.0291284 0.0208305 0.0149221 0.00953428 0.00512585 0.00227169 0.000821323
 3.673e-11 1.7276e-09 5.62669e-08 1.26896e-06 1.98166e-05 0.000214289 0.00160459 0.00832035 0.0298828 0.0743946 0.128781 0.156893 0.140661 0.106139 0.0841691 0.0738511 0.062208 0.047672 0.0339189 0.0223704 0.0137103 0.00799569 0.00435038 0.00205467 0.000788678
 4.00184e-11 1.88227e-09 6.13044e-08 1.38257e-06 2.15908e-05 0.000233474 0.00174823 0.00906507 0.0325554 0.081028 0.140125 0.170057 0.150332 0.108816 0.0801942 0.0657359 0.0524365 0.0383376 0.0269412 0.0184191 0.0117197 0.00670791 0.0034161 0.00152799 0.000580625
 3.93328e-11 1.85002e-09 6.02541e-08 1.35888e-06 2.12209e-05 0.000229474 0.00171829 0.00890987 0.0319993 0.0796559 0.137834 0.167665 0.149463 0.110808 0.0847975 0.0708461 0.0556005 0.0386576 0.025277 0.0162135 0.00997819 0.00568262 0.00289573 0.00127484 0.000469712
 3.90717e-11 1.83775e-09 5.98542e-08 1.34986e-06 2.108e-05 0.000227951 0.00170688 0.00885075 0.0317871 0.0791288 0.13693 0.166603 0.148641 0.11049 0.0850259 0.0716158 0.0568871 0.0401694 0.0264207 0.0165735 0.00969512 0.0052059 0.00253646 0.00108834 0.00039451
 3.46619e-11 1.63033e-09 5.30987e-08 1.19751e-06 1.87008e-05 0.000202224 0.00151425 0.00785214 0.0282041 0.0702447 0.121796 0.149319 0.136865 0.109479 0.0938886 0.0849267 0.0692786 0.049453 0.0328453 0.0208025 0.0121879 0.00643484 0.00302038 0.00123702 0.000430051
 3.10171e-11 1.45889e-09 4.75152e-08 1.07159e-06 1.67344e-05 0.000180959 0.00135503 0.00702665 0.025241 0.062884 0.109165 0.134457 0.125258 0.104495 0.0951325 0.0905782 0.0780758 0.0601514 0.043332 0.0290433 0.0175125 0.00935237 0.00438102 0.00176461 0.000595591
 4.03085e-11 1.89592e-09 6.17488e-08 1.39259e-06 2.17473e-05 0.000235166 0.0017609 0.00913065 0.0327895 0.0815968 0.141013 0.170689 0.149463 0.10524 0.0742509 0.0600905 0.0502244 0.0402824 0.0311342 0.0225805 0.0147184 0.00839932 0.00411361 0.0016919 0.000572018
 3.12926e-11 1.47185e-09 4.79373e-08 1.08111e-06 1.68831e-05 0.000182567 0.00136708 0.00708921 0.0254672 0.0634621 0.110268 0.136277 0.128386 0.109785 0.101953 0.0953789 0.0768335 0.0529418 0.0346661 0.023247 0.0154178 0.00938533 0.00494469 0.00216468 0.000764977
 3.38402e-11 1.59168e-09 5.184e-08 1.16912e-06 1.82575e-05 0.00019743 0.00147835 0.00766585 0.0275334 0.068558 0.118761 0.145086 0.131385 0.102028 0.0849316 0.078177 0.0692699 0.056536 0.0427452 0.0292471 0.0179273 0.0100656 0.00518259 0.0023362 0.000868694
 3.67385e-11 1.728e-09 5.62799e-08 1.26925e-06 1.98212e-05 0.000214339 0.00160496 0.00832226 0.0298894 0.0744094 0.128794 0.156848 0.140416 0.105458 0.0827857 0.0715979 0.0593956 0.0455985 0.0342269 0.0251043 0.016968 0.0100891 0.0051708 0.00226002 0.000826808
 3.5411e-11 1.66556e-09 5.42463e-08 1.22339e-06 1.9105e-05 0.000206594 0.00154697 0.00802172 0.0288119 0.0717446 0.124303 0.151953 0.137874 0.107404 0.0888725 0.0789283 0.0646361 0.0472902 0.0330643 0.022818 0.0151282 0.00925665 0.00499769 0.00227637 0.000845582
 3.50547e-11 1.6488e-09 5.37005e-08 1.21108e-06 1.89128e-05 0.000204515 0.00153141 0.007941 0.0285219 0.0710223 0.123049 0.150412 0.136459 0.106321 0.0882222 0.0791071 0.066107 0.0497756 0.0354221 0.0240516 0.0152312 0.00889593 0.00470878 0.00216871 0.000827775
 3.4554e-11 1.62525e-09 5.29334e-08 1.19378e-06 1.86426e-05 0.000201594 0.00150953 0.0078276 0.0281149 0.0700115 0.121317 0.148381 0.134898 0.105698 0.0884327 0.0797759 0.0669909 0.0508828 0.0367918 0.0254763 0.016324 0.00945851 0.00487845 0.00218631 0.000823186
 3.56321e-11 1.67596e-09 5.45851e-08 1.23103e-06 1.92243e-05 0.000207884 0.00155663 0.00807175 0.0289908 0.0721832 0.125015 0.152596 0.137741 0.10586 0.0861237 0.0763448 0.0637926 0.0485044 0.0352333 0.0246043 0.0159632 0.00936774 0.00485806 0.00216331 0.000802399
 3.8343e-11 1.80347e-09 5.87378e-08 1.32469e-06 2.06869e-05 0.000223699 0.00167505 0.00868566 0.0311939 0.0776499 0.134356 0.1634 0.145561 0.107773 0.082585 0.0698908 0.056759 0.0420333 0.0298085 0.0205468 0.0133167 0.00786648 0.00411845 0.00184801 0.000686868
 3.43964e-11 1.61784e-09 5.2692e-08 1.18834e-06 1.85576e-05 0.000200675 0.00150265 0.007792 0.0279881 0.0697071 0.120866 0.148188 0.135859 0.108732 0.0932943 0.0843675 0.0687875 0.0492372 0.0332033 0.0218705 0.0137273 0.00795915 0.00413994 0.00186124 0.000695395
 3.51893e-11 1.65514e-09 5.39067e-08 1.21573e-06 1.89854e-05 0.000205301 0.00153729 0.00797146 0.0286309 0.0712896 0.123485 0.150815 0.136417 0.105481 0.0867468 0.0778575 0.0660167 0.0508958 0.0368747 0.0249523 0.015362 0.008561 0.00429488 0.00188745 0.000698035
 3.40084e-11 1.59959e-09 5.20976e-08 1.17493e-06 1.83483e-05 0.000198411 0.0014857 0.00770404 0.0276716 0.068913 0.119449 0.146267 0.133519 0.105735 0.0897238 0.0814721 0.0682796 0.0516233 0.0373631 0.0261217 0.0168995 0.00975727 0.00491523 0.00211775 0.000763006
 3.62205e-11 1.70364e-09 5.54864e-08 1.25136e-06 1.95418e-05 0.000211317 0.00158233 0.00820497 0.0294687 0.0733665 0.12702 0.154838 0.139104 0.105538 0.0842783 0.0740077 0.0620331 0.0476486 0.0349553 0.0245376 0.0159697 0.00940407 0.00487782 0.00215183 0.000781195
 3.42772e-11 1.61223e-09 5.25094e-08 1.18422e-06 1.84933e-05 0.000199979 0.00149744 0.00776495 0.0278905 0.0694591 0.120404 0.14747 0.134722 0.10687 0.0907534 0.0820229 0.0678136 0.050065 0.0353044 0.0243593 0.0158926 0.00945629 0.00497436 0.00223421 0.000826863
#pred catch len freq
 2.23042e-11 1.04908e-09 3.4168e-08 7.70573e-07 1.20336e-05 0.000130127 0.000974407 0.00505303 0.0181534 0.0452477 0.0786927 0.0976045 0.0931279 0.0823644 0.0809788 0.0825037 0.0774336 0.0683466 0.0597194 0.0518244 0.0447054 0.038742 0.0328702 0.0253176 0.0161974
 1.11183e-11 5.22954e-10 1.70323e-08 3.84121e-07 5.99864e-06 6.48684e-05 0.000485778 0.00251988 0.00906374 0.0226985 0.0402072 0.0533045 0.0617586 0.0764158 0.0982322 0.110882 0.105601 0.0918732 0.0789216 0.0673564 0.0563118 0.046059 0.0362711 0.0260855 0.0158813
 8.8935e-12 4.18308e-10 1.3624e-08 3.07256e-07 4.79826e-06 5.18872e-05 0.000388552 0.00201524 0.00724431 0.0181 0.0317765 0.0408292 0.04359 0.0486509 0.0619671 0.0794519 0.0961171 0.108451 0.110483 0.100362 0.0836516 0.0659494 0.0490067 0.0329861 0.0189218
 3.20866e-11 1.5092e-09 4.91537e-08 1.10854e-06 1.73114e-05 0.000187198 0.00140171 0.00726801 0.0260979 0.0649202 0.112025 0.134805 0.115496 0.075998 0.0474704 0.0372861 0.0380066 0.0444816 0.0533629 0.0594504 0.05828 0.0496557 0.0369503 0.0238664 0.0129718
 4.27862e-11 2.01246e-09 6.55444e-08 1.47819e-06 2.3084e-05 0.000249621 0.00186914 0.00969178 0.0348032 0.0865956 0.149566 0.180628 0.156785 0.107161 0.0703684 0.0508598 0.0361028 0.0234529 0.0166452 0.0155436 0.0164931 0.0161275 0.0132808 0.00893348 0.00481979
 3.40242e-11 1.60034e-09 5.2122e-08 1.17548e-06 1.83568e-05 0.000198504 0.00148641 0.00770787 0.0276876 0.0689763 0.119718 0.147337 0.136834 0.11299 0.100338 0.0907572 0.0703877 0.0448959 0.0254627 0.014558 0.00959613 0.0076504 0.00632563 0.00452118 0.00255182
 2.98951e-11 1.40612e-09 4.57965e-08 1.03283e-06 1.61291e-05 0.000174414 0.00130602 0.00677258 0.0243293 0.0606237 0.105314 0.130058 0.122268 0.104298 0.0976682 0.094755 0.0825832 0.0637008 0.044747 0.0281406 0.0156599 0.00831889 0.00477008 0.00290056 0.00159442
 3.04552e-11 1.43247e-09 4.66546e-08 1.05218e-06 1.64313e-05 0.000177682 0.00133048 0.0068993 0.0247827 0.0617352 0.107121 0.131708 0.121973 0.100355 0.0901351 0.0861928 0.0765168 0.062436 0.0485503 0.0351173 0.0224728 0.0124477 0.00608031 0.00275853 0.00119257
 3.42138e-11 1.60925e-09 5.24123e-08 1.18203e-06 1.84591e-05 0.000199609 0.00149467 0.00775047 0.027837 0.0693131 0.12006 0.146627 0.132614 0.102515 0.0843134 0.0758473 0.0649488 0.0516229 0.040021 0.0301257 0.0209558 0.0128748 0.00675859 0.00298495 0.00111529
 3.28459e-11 1.54492e-09 5.03169e-08 1.13477e-06 1.77211e-05 0.000191629 0.00143492 0.00744082 0.0267271 0.0665717 0.115464 0.141728 0.130463 0.105539 0.0920189 0.0844976 0.070308 0.0522519 0.0374745 0.0267991 0.0184942 0.0117602 0.00656753 0.00307762 0.00117168
 3.52466e-11 1.65783e-09 5.39944e-08 1.21771e-06 1.90163e-05 0.000205635 0.00153979 0.00798442 0.0286773 0.0714049 0.123682 0.151038 0.13656 0.10544 0.0864159 0.0770855 0.0647179 0.0493527 0.0357737 0.0248632 0.0162476 0.00987997 0.00546171 0.00261738 0.00103291
 3.65336e-11 1.71836e-09 5.5966e-08 1.26217e-06 1.97107e-05 0.000213143 0.00159601 0.00827594 0.0297239 0.0740074 0.128164 0.156393 0.141005 0.107963 0.0870865 0.0760465 0.0618681 0.0451445 0.0314613 0.0214861 0.0139228 0.00829418 0.00443997 0.00207378 0.000812999
 3.63625e-11 1.71032e-09 5.57039e-08 1.25626e-06 1.96184e-05 0.000212145 0.00158854 0.00823722 0.0295853 0.0736667 0.127604 0.155851 0.140969 0.108878 0.0889221 0.0781459 0.063381 0.0456043 0.0309079 0.0203073 0.0126412 0.00728389 0.00379807 0.00173207 0.000664415
 3.43595e-11 1.61611e-09 5.26355e-08 1.18706e-06 1.85377e-05 0.000200459 0.00150104 0.00778364 0.0279579 0.0696312 0.120729 0.147993 0.1356 0.108383 0.0929355 0.0842987 0.0693129 0.0502407 0.0341234 0.0222236 0.013514 0.00751454 0.00376544 0.00165601 0.000616631
 3.10715e-11 1.46146e-09 4.75987e-08 1.07347e-06 1.67638e-05 0.000181277 0.00135741 0.00703903 0.0252857 0.0629995 0.109391 0.134853 0.125996 0.105803 0.0968603 0.0918436 0.0778679 0.0584429 0.0411764 0.0275004 0.016867 0.0093102 0.00456425 0.00194403 0.000698763
 3.43657e-11 1.6164e-09 5.26451e-08 1.18728e-06 1.85411e-05 0.000200496 0.00150131 0.00778493 0.0279612 0.0696258 0.120627 0.147437 0.133726 0.104176 0.086657 0.0784971 0.0671484 0.0525863 0.0391638 0.0275145 0.0175784 0.00998793 0.00496034 0.00210392 0.000742815
 3.43855e-11 1.61733e-09 5.26754e-08 1.18796e-06 1.85517e-05 0.000200611 0.00150218 0.00778949 0.0279784 0.0696766 0.120769 0.147865 0.134912 0.106666 0.0901608 0.0812536 0.0671471 0.0497158 0.035375 0.0247691 0.0163748 0.00976189 0.00506093 0.00221018 0.0007909
 3.05844e-11 1.43855e-09 4.68525e-08 1.05664e-06 1.6501e-05 0.000178436 0.00133614 0.00692873 0.02489 0.0620182 0.10772 0.132945 0.124694 0.105669 0.0977144 0.0929252 0.0784489 0.0584174 0.0410507 0.0278388 0.0177952 0.01048 0.0055206 0.0024904 0.000921542
 3.32163e-11 1.56234e-09 5.08843e-08 1.14757e-06 1.79209e-05 0.00019379 0.0014511 0.00752461 0.0270268 0.0673055 0.11665 0.14278 0.130162 0.102816 0.0873487 0.080504 0.0698682 0.0555647 0.0418816 0.0295953 0.0190418 0.0110427 0.00570938 0.00255835 0.000955562
 3.48527e-11 1.63931e-09 5.33912e-08 1.2041e-06 1.88038e-05 0.000203337 0.00152259 0.00789526 0.0283576 0.0706142 0.122348 0.149578 0.135774 0.105906 0.0879026 0.078545 0.0651747 0.0489549 0.0355653 0.0254159 0.0170838 0.0103331 0.0054526 0.00244553 0.000908256
 3.38461e-11 1.59196e-09 5.18491e-08 1.16933e-06 1.82607e-05 0.000197464 0.00147861 0.00766734 0.0275402 0.0685909 0.118925 0.145786 0.133588 0.106816 0.0917161 0.0834873 0.0692152 0.0510448 0.0357429 0.0244025 0.0158585 0.00953803 0.00513019 0.00236169 0.000893626
 3.26487e-11 1.53564e-09 5.00147e-08 1.12796e-06 1.76147e-05 0.000190478 0.00142631 0.00739616 0.026567 0.0661761 0.114799 0.141013 0.130135 0.105988 0.0933602 0.0865818 0.0728004 0.0545059 0.0385472 0.0261333 0.0165425 0.00960929 0.0050344 0.00229922 0.000876676
 3.38334e-11 1.59136e-09 5.18296e-08 1.16889e-06 1.82539e-05 0.00019739 0.00147806 0.00766441 0.0275291 0.0685579 0.118831 0.145496 0.132777 0.105098 0.0892496 0.0814135 0.0689057 0.0527486 0.0383708 0.0266133 0.0170308 0.00984874 0.00506543 0.00225949 0.000845999
 3.58547e-11 1.68644e-09 5.49261e-08 1.23872e-06 1.93444e-05 0.000209183 0.00156636 0.00812219 0.029172 0.0726362 0.12581 0.153616 0.138812 0.106966 0.0872106 0.07699 0.0634503 0.0471746 0.0335578 0.0232353 0.0151037 0.00890176 0.00462596 0.00205847 0.000761516
 3.49123e-11 1.64211e-09 5.34824e-08 1.20616e-06 1.8836e-05 0.000203685 0.00152519 0.00790882 0.028407 0.0707438 0.122618 0.150123 0.136952 0.108217 0.0913164 0.0819484 0.0670294 0.0485146 0.0331999 0.022147 0.0140304 0.00818872 0.00427269 0.00191895 0.000714097
 3.31643e-11 1.55989e-09 5.08046e-08 1.14577e-06 1.78929e-05 0.000193487 0.00144883 0.00751295 0.0269864 0.0672185 0.116594 0.143151 0.131896 0.10697 0.093649 0.0863634 0.0721136 0.0533642 0.037098 0.0246244 0.0152037 0.00858283 0.00436109 0.00193259 0.000717355
 3.31143e-11 1.55754e-09 5.0728e-08 1.14404e-06 1.78659e-05 0.000193195 0.00144665 0.00750158 0.026945 0.0671101 0.11637 0.142708 0.130957 0.105165 0.0910738 0.0840338 0.0713201 0.0544872 0.0393949 0.0270236 0.0170014 0.00960738 0.00480628 0.00208049 0.000756123
 3.32812e-11 1.56539e-09 5.09837e-08 1.14981e-06 1.79559e-05 0.000194169 0.00145394 0.00753938 0.0270807 0.0674475 0.11695 0.143397 0.131512 0.105426 0.0909818 0.083501 0.070286 0.0532081 0.0384524 0.0268178 0.0173814 0.010128 0.00516813 0.00224649 0.00080935
 3.29468e-11 1.54966e-09 5.04715e-08 1.13826e-06 1.77755e-05 0.000192218 0.00143933 0.00746366 0.0268089 0.0667727 0.115794 0.142049 0.130496 0.105077 0.0912604 0.0841723 0.0711303 0.0540378 0.0390987 0.0272465 0.0177163 0.0104596 0.00545433 0.00242477 0.0008873
#obs catch len freq
 2.12107e-11 9.97647e-10 3.24927e-08 7.32794e-07 1.14436e-05 0.000123747 0.000926632 0.00480526 0.0172632 0.043027 0.074819 0.0927483 0.0883507 0.0779711 0.0769741 0.079979 0.0781382 0.0728079 0.0668214 0.060031 0.0524863 0.0440396 0.0339025 0.0225379 0.012235
 2.29114e-11 1.07764e-09 3.50981e-08 7.9155e-07 1.23612e-05 0.00013367 0.00100093 0.00519053 0.018647 0.0464723 0.0807859 0.100029 0.0948922 0.0828091 0.0801701 0.0809812 0.0759225 0.0677823 0.0610253 0.0549795 0.0480927 0.0398985 0.0303142 0.0200144 0.0108458
 6.73068e-16 3.17339e-14 1.04339e-12 2.44122e-11 4.35885e-10 7.06095e-09 1.2269e-07 2.07408e-06 2.79556e-05 0.000272104 0.0018553 0.0087973 0.0290193 0.0669804 0.109926 0.133378 0.129728 0.1139 0.0986849 0.0854307 0.0727055 0.0594612 0.044759 0.0293006 0.0157716
 1.27441e-11 5.99421e-10 1.95228e-08 4.40287e-07 6.87571e-06 7.43507e-05 0.000556722 0.00288655 0.0103635 0.0257644 0.0443566 0.0529233 0.0441066 0.0277406 0.0215478 0.0369171 0.0718571 0.108731 0.126617 0.121157 0.10312 0.0818961 0.0600708 0.0386876 0.0206181
 5.05785e-11 2.37897e-09 7.74815e-08 1.7474e-06 2.72882e-05 0.000295082 0.00220952 0.0114562 0.0411324 0.102274 0.17617 0.210516 0.17546 0.104145 0.0473497 0.0200111 0.0105445 0.00902197 0.0120396 0.0164479 0.0185301 0.0169256 0.0128813 0.0082371 0.00432352
 3.02973e-11 1.42504e-09 4.64126e-08 1.04672e-06 1.63461e-05 0.000176761 0.00132361 0.00686413 0.024663 0.0615011 0.107153 0.133796 0.130338 0.119729 0.118726 0.110867 0.0814797 0.0444757 0.0193536 0.00939518 0.00771094 0.00788933 0.00699306 0.00489191 0.00265489
 3.76192e-11 1.76943e-09 5.76291e-08 1.29968e-06 2.02964e-05 0.000219477 0.00164343 0.00852165 0.0306042 0.0761759 0.131763 0.160053 0.141997 0.104144 0.0795698 0.0698965 0.0620865 0.0510012 0.0369661 0.0222462 0.0110784 0.00538629 0.00323882 0.00215754 0.00122988
 2.29461e-11 1.07927e-09 3.51512e-08 7.92749e-07 1.238e-05 0.000133873 0.00100248 0.00519908 0.0186851 0.0466406 0.0815781 0.103349 0.105397 0.106295 0.116327 0.118243 0.0993321 0.0716866 0.0496826 0.0342063 0.0216396 0.0116986 0.00545013 0.0023929 0.00104735
 3.95234e-11 1.85899e-09 6.05461e-08 1.36547e-06 2.13237e-05 0.000230586 0.0017266 0.0089527 0.0321492 0.079991 0.138154 0.166835 0.144849 0.0995169 0.067823 0.0557571 0.0513309 0.0467686 0.0392874 0.0289841 0.0186554 0.0106148 0.00528553 0.00224902 0.000816402
 3.30018e-11 1.55225e-09 5.05556e-08 1.14016e-06 1.78052e-05 0.000192539 0.00144174 0.00747626 0.0268559 0.0669058 0.116136 0.142986 0.132975 0.110173 0.0982781 0.0893384 0.0703226 0.0475006 0.0314822 0.0225399 0.0161545 0.0103233 0.00555028 0.00245983 0.000889351
 3.50702e-11 1.64953e-09 5.37242e-08 1.21162e-06 1.89212e-05 0.000204606 0.00153208 0.00794449 0.0285341 0.0710496 0.123076 0.150348 0.136101 0.105479 0.0871011 0.0785203 0.0667983 0.0513521 0.0365866 0.0241461 0.0148033 0.00863429 0.0046981 0.00221895 0.000851739
 3.84321e-11 1.80766e-09 5.88743e-08 1.32776e-06 2.0735e-05 0.000224219 0.00167894 0.00870585 0.0312665 0.0778317 0.134677 0.163822 0.146036 0.108317 0.0831743 0.0703119 0.0567658 0.0416648 0.0293279 0.0200675 0.0127731 0.00731186 0.00372386 0.00166569 0.000632952
 3.78173e-11 1.77874e-09 5.79325e-08 1.30652e-06 2.04033e-05 0.000220632 0.00165209 0.0085667 0.030768 0.0766031 0.132635 0.161733 0.145439 0.110511 0.0879148 0.0754735 0.0598425 0.0417459 0.0273376 0.0175501 0.010805 0.00615437 0.00313628 0.00138077 0.000508744
 3.7563e-11 1.76678e-09 5.75429e-08 1.29774e-06 2.0266e-05 0.000219149 0.00164098 0.00850909 0.0305612 0.0760893 0.131753 0.160693 0.144624 0.110173 0.0881042 0.0762204 0.0611557 0.0433238 0.0285364 0.0179147 0.0104835 0.00563009 0.00274328 0.00117711 0.000426691
 3.30617e-11 1.55506e-09 5.06474e-08 1.14223e-06 1.78375e-05 0.000192888 0.00144435 0.00748978 0.026904 0.0670211 0.116305 0.143049 0.132597 0.109125 0.0971275 0.0897856 0.0737959 0.0528112 0.0351203 0.0222596 0.0130461 0.00688889 0.00323367 0.0013244 0.000460431
 2.93632e-11 1.3811e-09 4.49816e-08 1.01445e-06 1.58421e-05 0.000171311 0.00128279 0.00665212 0.0238971 0.059551 0.103481 0.127938 0.120725 0.103859 0.098083 0.0952493 0.0826479 0.0638196 0.0460267 0.0308681 0.0186179 0.00994381 0.00465828 0.00187632 0.000633299
 3.87914e-11 1.82456e-09 5.94248e-08 1.34018e-06 2.09288e-05 0.000226315 0.00169463 0.0087871 0.0315568 0.0785387 0.135794 0.164682 0.145214 0.104451 0.0766421 0.0640583 0.0542441 0.0436815 0.0338103 0.0245364 0.0159974 0.00913008 0.00447168 0.00183921 0.000621823
 2.94957e-11 1.38734e-09 4.51846e-08 1.01903e-06 1.59136e-05 0.000172084 0.00128858 0.0066823 0.0240073 0.0598425 0.104103 0.129245 0.123622 0.109445 0.105653 0.100829 0.0817631 0.0564743 0.0370341 0.0248591 0.0164943 0.0100422 0.00529103 0.00231634 0.000818577
 3.20838e-11 1.50907e-09 4.91493e-08 1.10844e-06 1.73099e-05 0.000187182 0.00140162 0.00726809 0.0261061 0.0650172 0.112718 0.138129 0.126458 0.101102 0.0877013 0.0828264 0.0740556 0.0606178 0.0458874 0.0314154 0.0192615 0.010816 0.00556929 0.00251057 0.000933541
 3.50409e-11 1.64816e-09 5.36794e-08 1.21061e-06 1.89054e-05 0.000204435 0.0015308 0.00793784 0.0285101 0.0709881 0.122958 0.150148 0.13573 0.104726 0.0856722 0.0761908 0.0638622 0.0491946 0.0369819 0.0271449 0.0183528 0.0109137 0.00559363 0.00244487 0.000894438
 3.37353e-11 1.58675e-09 5.16793e-08 1.1655e-06 1.82009e-05 0.000196818 0.00147378 0.00764225 0.0274503 0.0683681 0.118548 0.145364 0.133331 0.106866 0.0920022 0.0837366 0.0691748 0.0507593 0.0355403 0.0245459 0.0162794 0.00996229 0.00537889 0.00245004 0.000910098
 3.33153e-11 1.56699e-09 5.10359e-08 1.15099e-06 1.79743e-05 0.000194367 0.00145543 0.0075471 0.0271086 0.0675171 0.117073 0.143562 0.131708 0.105686 0.0913672 0.0840314 0.0708572 0.053513 0.0381357 0.0259136 0.0164159 0.00958918 0.005076 0.00233789 0.000892354
 3.28979e-11 1.54736e-09 5.03964e-08 1.13657e-06 1.77491e-05 0.000191932 0.00143719 0.00745257 0.0267692 0.066674 0.115626 0.141855 0.130361 0.105063 0.0913777 0.084411 0.0714789 0.0544431 0.0394174 0.0273127 0.0175058 0.0101444 0.00523246 0.002345 0.000882939
 3.40675e-11 1.60237e-09 5.21881e-08 1.17697e-06 1.83802e-05 0.000198756 0.00148828 0.00771742 0.0277194 0.0690299 0.119637 0.146428 0.133449 0.105247 0.0888864 0.0807019 0.0680154 0.0518603 0.037718 0.026356 0.0171042 0.0100383 0.00520601 0.00231828 0.000859882
 3.67896e-11 1.7304e-09 5.63581e-08 1.27102e-06 1.98488e-05 0.000214637 0.00160719 0.00833388 0.0299317 0.0745197 0.129019 0.157287 0.141334 0.10724 0.0854383 0.0743137 0.0609772 0.0453079 0.032177 0.0221955 0.0143897 0.00850133 0.00445101 0.00199726 0.000742346
 3.26837e-11 1.53728e-09 5.00683e-08 1.12917e-06 1.76336e-05 0.000190683 0.00142784 0.00740416 0.0265966 0.0662566 0.114987 0.141471 0.131269 0.1083 0.0966728 0.0894626 0.0735287 0.0527753 0.0356397 0.0234948 0.0147524 0.00855476 0.00444998 0.00200067 0.000747491
 3.3504e-11 1.57587e-09 5.1325e-08 1.15751e-06 1.80762e-05 0.000195469 0.00146367 0.00758981 0.0272615 0.0678932 0.117693 0.144169 0.131784 0.104801 0.0897051 0.0825668 0.0706414 0.0546217 0.0396262 0.026832 0.0165242 0.00920979 0.0046206 0.00203064 0.000750994
 3.23013e-11 1.5193e-09 4.94825e-08 1.11596e-06 1.74273e-05 0.000188452 0.00141113 0.00731747 0.0262846 0.0654729 0.113584 0.139543 0.12885 0.105095 0.092778 0.0862576 0.0728902 0.0552637 0.0400521 0.0280216 0.0181343 0.0104714 0.00527521 0.00227289 0.000818906
 3.46166e-11 1.6282e-09 5.30293e-08 1.19595e-06 1.86764e-05 0.000201959 0.00151227 0.00784175 0.0281654 0.0701339 0.121507 0.14851 0.134686 0.104869 0.087052 0.0784237 0.0663497 0.0511182 0.0375498 0.0263759 0.0171708 0.0101124 0.00524545 0.00231405 0.000840088
#spawning biomass
 32126.3 21880.2 17139.1 12352.7 14493.4 26965.2 41208.9 47794.4 59000.3 75893.1 88430.3 102216 130297 156171 163108 137562 146531 148329 146675 144097 166594 154946 152802 142910 153508 160864 173906 163470 183271 203327 234493 162187 103660 67037.1 46589 35914.8 30573.4 27973 26730.1 26143.3 25868.5 25740.7 25681.4 25654 25641.4 25635.6 25632.9 25631.7 25631.1 25630.8 25630.7 25630.7 25630.6 25630.6 25630.6 25630.6 25630.6 25630.6 25630.6 25630.6 25630.6 25630.6 25630.6 25630.6 25630.6 25630.6 25630.6 25630.6 25630.6 25630.6 25630.6 25630.6 25630.6 25630.6 25630.6 25630.6 25630.6 25630.6 25630.6 25630.6 25630.6 25630.6 25630.6 25630.6 25630.6 25630.6 25630.6 25630.6 25630.6 25630.6 25630.6 25630.6 25630.6 25630.6 25630.6 25630.6 25630.6 25630.6 25630.6 25630.6 25630.6 25630.6 25630.6 25630.6 25630.6 25630.6 25630.6 25630.6 25630.6 25630.6 25630.6 25630.6 25630.6 25630.6 25630.6 25630.6 25630.6 25630.6 25630.6 25630.6 25630.6 25630.6 25630.6 25630.6 25630.6 25630.6 25630.6 25630.6 25630.6 0 0 0 0 0 0 0 0 0 0 0 0 0 0 0 0 0 0 0 0 0 0 0 0 0
