SBPRF35
0.827133
Curr Bio
133507
B35
608715
F35
0.222592
FOFL
0
OFL
0
Bzero
236324
#pred survey bio
 7546.34 9110.66 11081.5 16090.2 21014.1 24405.2 29774.3 33768 37707.2 45447.6 61917.1 75172.9 94636.1 114120 122901 100706 89475.5 85069.5 84237.2 94165.2 89404.9 91715.5 89291.2 96588.8 103716 108413 106166 93465.7 2.04612e+06 3.7627e+06 4.41986e+06 4.3748e+06 4.035e+06 3.60337e+06 3.1874e+06 2.83347e+06 2.55287e+06 2.33995e+06 2.18286e+06 2.06901e+06 1.98738e+06 1.92913e+06 1.88706e+06 1.85601e+06 1.83419e+06 1.81868e+06 1.80752e+06 1.79939e+06 1.79339e+06 1.78891e+06 1.78552e+06 1.78293e+06 1.78093e+06 1.77937e+06 1.77815e+06 1.77718e+06 1.7764e+06 1.77579e+06 1.77529e+06 1.77489e+06 1.77457e+06 1.7743e+06 1.77409e+06 1.77392e+06 1.77378e+06 1.77366e+06 1.77357e+06 1.77349e+06 1.77343e+06 1.77338e+06 1.77334e+06 1.7733e+06 1.77327e+06 1.77325e+06 1.77323e+06 1.77322e+06 1.7732e+06 1.77319e+06 1.77318e+06 1.77318e+06 1.77317e+06 1.77317e+06 1.77316e+06 1.77316e+06 1.77316e+06 1.77316e+06 1.77315e+06 1.77315e+06 1.77315e+06 1.77315e+06 1.77315e+06 1.77315e+06 1.77315e+06 1.77315e+06 1.77315e+06 1.77315e+06 1.77315e+06 1.77315e+06 1.77315e+06 1.77315e+06 1.77315e+06 1.77315e+06 1.77315e+06 1.77315e+06 1.77315e+06 1.77315e+06 1.77315e+06 1.77315e+06 1.77315e+06 1.77315e+06 1.77315e+06 1.77315e+06 1.77315e+06 1.77315e+06 1.77315e+06 1.77315e+06 1.77315e+06 1.77315e+06 1.77315e+06 1.77315e+06 1.77315e+06 1.77315e+06 1.77315e+06 1.77315e+06 1.77315e+06 1.77315e+06 1.77315e+06 1.77315e+06 0 0 0 0 0 0 0 0 0 0 0 0 0 0 0 0 0 0 0 0 0 0 0 0 0
#obs survey bio
 6902.74 11804.1 15672.9 11644.6 30411.5 39310.5 30789 28678.4 45473.2 63546.5 56479.7 86341.5 97251.6 88769.8 84375 89065 72812.2 79969.3 106992 126743 80108 82808.5 68622.8 74962.3 108287 120882 104002 74455.2
#pred catch bio
 3802.72 5562.42 6352.65 9527.24 14115.7 16563.9 21642.8 26078.5 30724.9 36047.4 50871.1 63478.7 84262 97513.3 110280 92249.5 83429.6 79059.7 75225.1 89892.9 87807.5 92590.8 88753.6 100071 106680 110558 110823 97640.6 0 34106.8 37926.2 37006.9 33707.6 29695.1 25904.8 22732 20259 18419 17093.4 16160 15513.8 15072 14770.5 14563.9 14428.5 14339.7 14281.6 14243.5 14218.5 14202.1 14191.4 14184.4 14179.8 14176.7 14174.8 14173.5 14172.6 14172.1 14171.7 14171.5 14171.3 14171.2 14171.1 14171.1 14171.1 14171 14171 14171 14171 14171 14171 14171 14171 14171 14171 14171 14171 14171 14171 14171 14171 14171 14171 14171 14171 14171 14171 14171 14171 14171 14171 14171 14171 14171 14171 14171 14171 14171 14171 14171 14171 14171 14171 14171 14171 14171 14171 14171 14171 14171 14171 14171 14171 14171 14171 14171 14171 14171 14171 14171 14171 14171 14171 14171 14171 14171 14171 14171 0 0 0 0 0 0 0 0 0 0 0 0 0 0 0 0 0 0 0 0 0 0 0 0 0
#obs catch bio
 5925.95 5650.17 6235.54 9424.37 14080.5 16170.2 21599.3 26234.5 31216.4 35224.2 50584 62995 82554.8 98719.6 111468 93302.2 83716.6 77641.9 73047.8 88454.3 85490.9 89944.7 87352.7 99052.3 103873 108608 112133 98979
#pred cpue bio
 7380.35 8675.47 10245.4 15286.7 19995.8 22938.1 28145 31776.6 35030.9 40982 57203.3 68962.6 84971.9 105011 117729 94862 82725.4 79146.1 76718.8 87558.4 80895.1 83127.4 80777 85460.6 92153.3 97712.4 96386.2 85050.2 1.82705e+06 3.95484e+06 4.43396e+06 4.37052e+06 4.02934e+06 3.59762e+06 3.18164e+06 2.82772e+06 2.54712e+06 2.33419e+06 2.1771e+06 2.06326e+06 1.98162e+06 1.92337e+06 1.8813e+06 1.85025e+06 1.82843e+06 1.81292e+06 1.80177e+06 1.79364e+06 1.78764e+06 1.78316e+06 1.77977e+06 1.77718e+06 1.77518e+06 1.77362e+06 1.77239e+06 1.77142e+06 1.77065e+06 1.77003e+06 1.76953e+06 1.76913e+06 1.76881e+06 1.76855e+06 1.76834e+06 1.76816e+06 1.76802e+06 1.76791e+06 1.76781e+06 1.76774e+06 1.76767e+06 1.76762e+06 1.76758e+06 1.76755e+06 1.76752e+06 1.76749e+06 1.76748e+06 1.76746e+06 1.76745e+06 1.76744e+06 1.76743e+06 1.76742e+06 1.76742e+06 1.76741e+06 1.76741e+06 1.7674e+06 1.7674e+06 1.7674e+06 1.7674e+06 1.7674e+06 1.7674e+06 1.7674e+06 1.76739e+06 1.76739e+06 1.76739e+06 1.76739e+06 1.76739e+06 1.76739e+06 1.76739e+06 1.76739e+06 1.76739e+06 1.76739e+06 1.76739e+06 1.76739e+06 1.76739e+06 1.76739e+06 1.76739e+06 1.76739e+06 1.76739e+06 1.76739e+06 1.76739e+06 1.76739e+06 1.76739e+06 1.76739e+06 1.76739e+06 1.76739e+06 1.76739e+06 1.76739e+06 1.76739e+06 1.76739e+06 1.76739e+06 1.76739e+06 1.76739e+06 1.76739e+06 1.76739e+06 1.76739e+06 1.76739e+06 1.76739e+06 1.76739e+06 1.76739e+06 0 0 0 0 0 0 0 0 0 0 0 0 0 0 0 0 0 0 0 0 0 0 0 0 0
#obs cpue bio
 5884.66 6619.31 11046.5 18701.8 19031.6 19657.7 26035.9 29416.2 25107.5 47349.7 51430 89969.6 97781.4 84813.9 161989 106608 76410.9 149644 74848.9 98977.2 138905 130274 135873 127554 132573 106587 79328.9 104431
#pred surv len freq
 2.55963e-27 2.57865e-27 2.44624e-26 4.62058e-20 1.13268e-14 3.35633e-10 1.20218e-06 0.000520499 0.0272411 0.172335 0.132278 0.0431664 0.235625 0.217548 0.0468635 0.0524784 0.0214944 0.0151752 0.00903581 0.00672126 0.00521837 0.00450118 0.00452964 0.00403382 0.00123384
 2.56097e-27 2.58288e-27 2.86996e-26 5.51463e-20 1.35184e-14 4.00576e-10 1.43479e-06 0.000621211 0.032512 0.20568 0.157655 0.0378402 0.177266 0.164895 0.059429 0.094354 0.0335966 0.0164217 0.00737206 0.00413734 0.00259505 0.00190592 0.00169685 0.00151363 0.000507825
 2.56353e-27 2.58935e-27 3.39265e-26 6.61709e-20 1.6221e-14 4.80657e-10 1.72163e-06 0.000745402 0.0390116 0.246799 0.1891 0.040856 0.178122 0.164562 0.038995 0.0480302 0.0225761 0.0189431 0.00693002 0.00261876 0.00111929 0.000621087 0.000454923 0.000381432 0.000132647
 2.56185e-27 2.58467e-27 2.9644e-26 5.71362e-20 1.40062e-14 4.1503e-10 1.48657e-06 0.000643627 0.0336851 0.213102 0.163406 0.0431459 0.213601 0.197257 0.0440788 0.0511013 0.0190116 0.0107941 0.00584904 0.00292265 0.000830338 0.000282968 0.000145582 0.000104717 3.60838e-05
 2.56149e-27 2.58387e-27 2.91271e-26 5.60463e-20 1.37391e-14 4.07113e-10 1.45821e-06 0.00063135 0.0330426 0.209037 0.160279 0.0416825 0.204662 0.189412 0.0500297 0.0666742 0.0241174 0.0122648 0.0047424 0.00216776 0.000916579 0.000230847 6.42431e-05 3.30407e-05 1.0672e-05
 2.56249e-27 2.58646e-27 3.12836e-26 6.05951e-20 1.48542e-14 4.40156e-10 1.57656e-06 0.000682592 0.0357244 0.226003 0.173243 0.0422254 0.199686 0.184509 0.043503 0.0530809 0.0208864 0.0130478 0.004828 0.00176017 0.000581857 0.000187975 3.72711e-05 9.86921e-06 2.66498e-06
 2.56223e-27 2.58563e-27 3.04476e-26 5.88312e-20 1.44217e-14 4.27342e-10 1.53067e-06 0.000662721 0.0346844 0.219424 0.168236 0.0432825 0.211248 0.19505 0.0430785 0.0493641 0.0183025 0.0100641 0.0042219 0.00174468 0.000481952 0.000123013 2.62998e-05 3.94819e-06 6.79851e-07
 2.56257e-27 2.58651e-27 3.11656e-26 6.03457e-20 1.4793e-14 4.38344e-10 1.57007e-06 0.000679782 0.0355774 0.225073 0.172552 0.0434674 0.209623 0.193503 0.0419643 0.0471662 0.0169211 0.00844547 0.00322155 0.00128145 0.000411658 9.33462e-05 1.62351e-05 2.05558e-06 1.91668e-07
 2.56348e-27 2.58885e-27 3.31211e-26 6.44706e-20 1.58042e-14 4.68306e-10 1.67739e-06 0.000726248 0.0380092 0.240457 0.184305 0.0438344 0.204158 0.188273 0.0376654 0.0386379 0.0137197 0.00663928 0.00239191 0.000853927 0.000252885 6.27404e-05 9.9021e-06 1.01575e-06 6.34223e-08
 2.56522e-27 2.59343e-27 3.70383e-26 7.27337e-20 1.78298e-14 5.28329e-10 1.89238e-06 0.00081933 0.0428808 0.271276 0.207837 0.0437386 0.186896 0.17214 0.0311298 0.0277317 0.00945786 0.00403096 0.00141509 0.000482655 0.000128343 2.91287e-05 4.76346e-06 4.33971e-07 2.06274e-08
 2.56399e-27 2.59002e-27 3.39497e-26 6.62178e-20 1.62325e-14 4.80998e-10 1.72285e-06 0.00074593 0.0390393 0.246974 0.189303 0.0451881 0.210949 0.194236 0.0332582 0.0269941 0.00878565 0.00311235 0.00100705 0.000309353 7.82226e-05 1.60134e-05 2.39482e-06 2.15889e-07 8.77594e-09
 2.56433e-27 2.59098e-27 3.48465e-26 6.81099e-20 1.66963e-14 4.94742e-10 1.77208e-06 0.000767244 0.0401548 0.25403 0.194681 0.04457 0.202466 0.186501 0.0335799 0.0296653 0.00944264 0.00297402 0.000877336 0.000226969 5.07563e-05 9.56094e-06 1.28324e-06 1.06446e-07 4.10651e-09
 2.56548e-27 2.59406e-27 3.75201e-26 7.37498e-20 1.80789e-14 5.35709e-10 1.91882e-06 0.000830776 0.0434798 0.275065 0.210737 0.044184 0.188248 0.17328 0.0294152 0.0234984 0.00762924 0.00265789 0.000759235 0.00017345 3.28005e-05 5.25455e-06 6.28783e-07 4.65158e-08 1.6576e-09
 2.56432e-27 2.59079e-27 3.45214e-26 6.74233e-20 1.6528e-14 4.89755e-10 1.75422e-06 0.00075951 0.03975 0.25147 0.192749 0.0459681 0.214463 0.197274 0.0300837 0.0189647 0.00597564 0.00184326 0.00053957 0.000131946 2.2812e-05 3.06e-06 3.02084e-07 1.94585e-08 6.18208e-10
 2.56181e-27 2.58409e-27 2.8685e-26 5.51114e-20 1.35099e-14 4.00322e-10 1.43389e-06 0.000620818 0.0324914 0.20555 0.1577 0.0469019 0.246195 0.226761 0.0390471 0.0319698 0.00969273 0.00228594 0.000616294 0.000137992 2.50576e-05 3.24458e-06 2.65843e-07 1.3897e-08 3.79607e-10
 2.56278e-27 2.5868e-27 3.11656e-26 6.03447e-20 1.47928e-14 4.38336e-10 1.57005e-06 0.00067977 0.0355767 0.225069 0.172581 0.0455011 0.225079 0.207408 0.0380104 0.0345132 0.0110124 0.0034804 0.000900372 0.000158243 2.56425e-05 3.28352e-06 2.63042e-07 1.14263e-08 2.51927e-10
 2.56398e-27 2.58996e-27 3.38641e-26 6.60371e-20 1.61882e-14 4.79685e-10 1.71815e-06 0.000743894 0.0389328 0.2463 0.188793 0.0455132 0.21378 0.196783 0.0325102 0.0246458 0.00805315 0.00289868 0.000832704 0.000182835 2.57356e-05 2.71826e-06 2.06856e-07 8.62853e-09 1.58665e-10
 2.56371e-27 2.58914e-27 3.30594e-26 6.43391e-20 1.5772e-14 4.67351e-10 1.67397e-06 0.000724767 0.0379317 0.239967 0.183971 0.0463667 0.223663 0.205775 0.031802 0.0207404 0.00646509 0.00187433 0.000551607 0.000138558 2.35031e-05 2.53476e-06 1.57372e-07 6.018e-09 1.03772e-10
 2.56482e-27 2.5922e-27 3.57981e-26 7.01169e-20 1.71883e-14 5.0932e-10 1.8243e-06 0.000789852 0.041338 0.261516 0.200409 0.0452968 0.203973 0.187673 0.0298327 0.0207954 0.00631805 0.00154155 0.000409193 8.7369e-05 1.61234e-05 2.0695e-06 1.39039e-07 4.51647e-09 6.97125e-11
 2.56372e-27 2.58918e-27 3.31178e-26 6.44625e-20 1.58022e-14 4.68248e-10 1.67719e-06 0.000726157 0.0380044 0.240427 0.18432 0.0461886 0.222063 0.204343 0.0323518 0.0223495 0.0068669 0.00180172 0.000459386 8.25783e-05 1.29296e-05 1.63525e-06 1.29123e-07 4.57233e-09 6.24931e-11
 2.56518e-27 2.59314e-27 3.66026e-26 7.18139e-20 1.76043e-14 5.21647e-10 1.86845e-06 0.000808969 0.0423385 0.267845 0.205242 0.0453181 0.200739 0.184625 0.0281319 0.0176862 0.00541321 0.00140468 0.000365177 6.87645e-05 9.61873e-06 1.00588e-06 7.47248e-08 3.01329e-09 4.46235e-11
 2.56516e-27 2.59301e-27 3.64123e-26 7.14122e-20 1.75058e-14 5.1873e-10 1.858e-06 0.000804444 0.0421017 0.266347 0.204109 0.045966 0.206466 0.189774 0.0265756 0.0128341 0.003843 0.00089843 0.0002291 4.29954e-05 6.2278e-06 6.19637e-07 3.81108e-08 1.42147e-09 2.31971e-11
 2.56527e-27 2.59328e-27 3.66372e-26 7.18866e-20 1.76221e-14 5.22175e-10 1.87034e-06 0.000809788 0.0423814 0.268117 0.205461 0.0460665 0.206281 0.189568 0.0259126 0.0113664 0.00328559 0.00058513 0.000137611 2.35686e-05 3.34843e-06 3.38792e-07 2.02007e-08 6.38039e-10 9.59058e-12
 2.56628e-27 2.59607e-27 3.91369e-26 7.716e-20 1.89148e-14 5.6048e-10 2.00755e-06 0.000869191 0.0454903 0.287785 0.220463 0.0450639 0.188111 0.172862 0.0240677 0.0113631 0.00326281 0.000529105 0.000114309 1.5274e-05 1.93367e-06 1.8427e-07 1.10139e-08 3.36566e-10 4.38994e-12
 2.56613e-27 2.59561e-27 3.86783e-26 7.61924e-20 1.86777e-14 5.53452e-10 1.98237e-06 0.000858292 0.0449199 0.284176 0.217717 0.0456326 0.194367 0.178531 0.0231681 0.00788711 0.00225414 0.000391298 8.44206e-05 1.02013e-05 1.08216e-06 8.35668e-08 4.56785e-09 1.3739e-10 1.72406e-12
 2.56547e-27 2.5938e-27 3.70729e-26 7.28056e-20 1.78474e-14 5.28851e-10 1.89425e-06 0.00082014 0.0429232 0.271544 0.20808 0.0461538 0.205105 0.188433 0.0248194 0.00915503 0.00255877 0.000329921 6.63433e-05 8.46719e-06 8.65402e-07 5.68487e-08 2.46593e-09 6.5334e-11 7.92873e-13
 2.56511e-27 2.59282e-27 3.62147e-26 7.09951e-20 1.74036e-14 5.157e-10 1.84715e-06 0.000799745 0.0418558 0.264792 0.202926 0.0463235 0.210017 0.192988 0.0260174 0.0107403 0.00302985 0.000418392 8.17715e-05 8.00666e-06 7.76782e-07 5.15591e-08 1.95686e-09 4.11621e-11 4.28596e-13
 2.56501e-27 2.59254e-27 3.5947e-26 7.04304e-20 1.72652e-14 5.11597e-10 1.83246e-06 0.000793383 0.0415228 0.262685 0.201322 0.0465522 0.212885 0.195597 0.0258061 0.00960373 0.00272182 0.000415728 8.45377e-05 8.70959e-06 7.54843e-07 4.10849e-08 1.53181e-09 2.90431e-11 2.42899e-13
#obs surv len freq
 1.08579e-41 1.50701e-33 2.52832e-26 5.12739e-20 1.25692e-14 3.72448e-10 1.33405e-06 0.000577597 0.0302291 0.191239 0.146738 0.0401836 0.173341 0.146667 0.103752 0.101616 0.0439834 0.017233 0.00391472 0.00049827 2.59098e-05 3.97849e-07 1.35796e-09 8.40011e-13 8.25159e-17
 1.60597e-41 2.22898e-33 3.73958e-26 7.58379e-20 1.85908e-14 5.50879e-10 1.97316e-06 0.000854309 0.0447111 0.282856 0.216712 0.0407129 0.126704 0.102238 0.075823 0.068465 0.0285269 0.0101289 0.0020363 0.000220217 9.34351e-06 1.11288e-07 2.82648e-10 1.26877e-13 8.92148e-18
 1.5367e-41 2.13284e-33 3.57828e-26 7.25668e-20 1.77889e-14 5.27118e-10 1.88805e-06 0.00081746 0.0427826 0.270656 0.207627 0.0500749 0.177062 0.129026 0.05634 0.0423744 0.0168317 0.00537301 0.000945607 8.49933e-05 2.86853e-06 2.62128e-08 4.95024e-11 1.61433e-14 8.12985e-19
 1.07644e-41 1.49403e-33 2.50655e-26 5.08323e-20 1.24609e-14 3.6924e-10 1.32256e-06 0.000572622 0.0299688 0.189593 0.145956 0.0563814 0.229659 0.16278 0.0983649 0.0661531 0.0160499 0.00388431 0.000591112 4.36562e-05 1.14923e-06 7.90557e-09 1.10014e-11 2.60371e-15 9.40738e-20
 1.50366e-41 2.08699e-33 3.50135e-26 7.10067e-20 1.74065e-14 5.15785e-10 1.84746e-06 0.000799885 0.0418628 0.264838 0.203219 0.0473406 0.14275 0.104397 0.103536 0.0686624 0.0187696 0.00348374 0.000321611 1.7875e-05 3.61441e-07 1.84359e-09 1.8641e-12 3.17432e-16 8.20347e-21
 1.20178e-41 1.668e-33 2.79841e-26 5.67513e-20 1.39119e-14 4.12235e-10 1.47656e-06 0.000639299 0.0334584 0.211671 0.163174 0.0649493 0.230979 0.143907 0.0785568 0.049729 0.0189432 0.00369207 0.000289229 9.82974e-06 1.31734e-07 4.8438e-10 3.51946e-13 4.26814e-17 7.82449e-22
 1.38053e-41 1.91609e-33 3.21463e-26 6.51921e-20 1.59811e-14 4.73549e-10 1.69617e-06 0.000734385 0.0384348 0.243153 0.187094 0.0579997 0.17518 0.116478 0.109106 0.0565068 0.0126531 0.00243661 0.000216277 6.16658e-06 5.21529e-08 1.19245e-10 5.8823e-14 5.0015e-18 6.45128e-23
 1.19266e-41 1.65534e-33 2.77717e-26 5.63206e-20 1.38063e-14 4.09106e-10 1.46535e-06 0.000634447 0.0332044 0.210067 0.162395 0.0722291 0.227222 0.133415 0.0940722 0.0496622 0.0148751 0.00208264 0.00013587 3.788e-06 2.69277e-08 4.09123e-11 1.24131e-14 6.78739e-19 5.92109e-24
 1.51377e-41 2.10102e-33 3.52489e-26 7.14841e-20 1.75235e-14 5.19253e-10 1.85988e-06 0.000805263 0.0421443 0.266622 0.205401 0.0644368 0.167034 0.104048 0.096318 0.0421836 0.0095492 0.00137362 8.00383e-05 1.58287e-06 9.28929e-09 1.15948e-11 2.51483e-15 8.86382e-20 4.87777e-25
 1.52189e-41 2.11228e-33 3.54378e-26 7.18672e-20 1.76174e-14 5.22036e-10 1.86985e-06 0.00080958 0.0423702 0.268055 0.207112 0.0779079 0.198133 0.103483 0.0659857 0.0283153 0.00700343 0.00078503 3.78583e-05 6.40341e-07 2.73938e-09 2.53574e-12 4.28413e-16 1.13697e-20 4.39033e-26
 1.09356e-41 1.51779e-33 2.54641e-26 5.16407e-20 1.26591e-14 3.75113e-10 1.34359e-06 0.000581729 0.0304454 0.192622 0.150588 0.0972273 0.258386 0.136336 0.0956006 0.0320442 0.0055649 0.000578141 2.37597e-05 3.07869e-07 1.0354e-09 7.09159e-13 8.52626e-17 1.64746e-21 4.73182e-27
 1.66397e-41 2.30948e-33 3.87464e-26 7.85769e-20 1.92622e-14 5.70774e-10 2.04442e-06 0.000885163 0.0463259 0.293082 0.226289 0.0711639 0.144541 0.0941679 0.0899106 0.0286742 0.00460918 0.000338787 1.03802e-05 1.08523e-07 2.74182e-10 1.39096e-13 1.22982e-17 1.69993e-22 3.44343e-28
 1.33597e-41 1.85424e-33 3.11087e-26 6.30878e-20 1.54652e-14 4.58263e-10 1.64142e-06 0.00071068 0.0371942 0.235326 0.184368 0.110476 0.242771 0.106713 0.0576097 0.0205192 0.00403517 0.000269407 6.19244e-06 4.46706e-08 8.30097e-11 3.11017e-14 1.98746e-18 1.97759e-23 2.87666e-29
 1.11744e-41 1.55093e-33 2.602e-26 5.27681e-20 1.29355e-14 3.83302e-10 1.37293e-06 0.00059443 0.0311101 0.196843 0.155583 0.112055 0.235592 0.137725 0.103514 0.0238463 0.00292681 0.000203975 4.57905e-06 2.5481e-08 3.23921e-11 8.34601e-15 3.7919e-19 2.70124e-24 2.79761e-30
 8.77814e-42 1.21835e-33 2.04403e-26 4.14525e-20 1.01616e-14 3.01107e-10 1.07852e-06 0.00046696 0.0244389 0.154651 0.12462 0.123362 0.249033 0.159752 0.124396 0.0344559 0.00461754 0.000202969 3.45374e-06 1.74453e-08 1.79119e-11 3.28013e-15 1.00883e-19 4.89763e-25 3.52821e-31
 1.41899e-41 1.96946e-33 3.30418e-26 6.70081e-20 1.64263e-14 4.8674e-10 1.74342e-06 0.000754842 0.0395055 0.249959 0.195947 0.0949514 0.160334 0.125851 0.100531 0.0280369 0.00394222 0.000183343 2.43842e-06 8.34206e-09 6.66493e-12 9.83422e-16 2.28447e-20 7.8444e-26 3.86371e-32
 9.72941e-42 1.35038e-33 2.26554e-26 4.59447e-20 1.12628e-14 3.33737e-10 1.19539e-06 0.000517564 0.0270873 0.171447 0.141371 0.161976 0.272635 0.126634 0.0726501 0.0223377 0.00319349 0.000147146 1.91053e-06 5.49829e-09 3.09545e-12 3.18302e-16 5.49447e-21 1.437e-26 5.2879e-33
 1.43616e-41 1.99329e-33 3.34416e-26 6.78189e-20 1.6625e-14 4.92629e-10 1.76452e-06 0.000763975 0.0399835 0.253009 0.200254 0.107898 0.161294 0.135863 0.0839544 0.0152493 0.00165265 7.45906e-05 9.09589e-07 2.37053e-09 1.12965e-12 8.82882e-17 1.06835e-21 1.93266e-27 5.05189e-34
 9.99346e-42 1.38703e-33 2.32702e-26 4.71916e-20 1.15685e-14 3.42795e-10 1.22783e-06 0.00053161 0.0278225 0.176158 0.148946 0.183421 0.261136 0.121623 0.0627714 0.0160496 0.00149609 4.36692e-05 4.32544e-07 9.88853e-10 4.02871e-13 2.6062e-17 2.49817e-22 3.3907e-28 6.33828e-35
 1.28368e-41 1.78167e-33 2.98911e-26 6.06186e-20 1.48599e-14 4.40327e-10 1.57718e-06 0.000682865 0.0357386 0.226211 0.183587 0.131855 0.181012 0.15333 0.0749326 0.0116295 0.000991419 2.85533e-05 2.01514e-07 3.26638e-10 1.04859e-13 5.49794e-18 4.2277e-23 4.52617e-29 6.54296e-36
 1.41259e-41 1.96058e-33 3.28928e-26 6.6706e-20 1.63522e-14 4.84545e-10 1.73556e-06 0.000751438 0.0393276 0.248976 0.204783 0.159448 0.187472 0.101253 0.0476132 0.00970677 0.000653884 1.34328e-05 8.08961e-08 1.01423e-10 2.26366e-14 8.43782e-19 4.85619e-24 3.9907e-30 4.44392e-37
 1.12915e-41 1.56718e-33 2.62927e-26 5.33211e-20 1.30711e-14 3.87319e-10 1.38731e-06 0.000600659 0.0314366 0.199158 0.172749 0.196659 0.225332 0.122725 0.0445318 0.00637731 0.000421068 8.03653e-06 3.53166e-08 3.30101e-11 5.6705e-15 1.54421e-19 6.20587e-25 3.55946e-31 2.83206e-38
 1.37257e-41 1.90504e-33 3.1961e-26 6.48163e-20 1.58889e-14 4.70819e-10 1.6864e-06 0.000730151 0.0382137 0.242019 0.202661 0.159996 0.179071 0.127153 0.0444635 0.00543065 0.000256413 3.85093e-06 1.46174e-08 1.06119e-11 1.30988e-15 2.58795e-20 7.65657e-26 3.19087e-32 1.80077e-39
 1.35398e-41 1.87923e-33 3.1528e-26 6.39381e-20 1.56737e-14 4.64439e-10 1.66355e-06 0.000720258 0.0376963 0.238888 0.206935 0.194237 0.188297 0.0968086 0.0320745 0.00417153 0.000169183 1.84815e-06 5.02312e-09 2.81614e-12 2.7135e-16 3.98665e-21 8.43843e-27 2.49873e-33 1.01036e-40
 1.19049e-41 1.65232e-33 2.77212e-26 5.6218e-20 1.37812e-14 4.08361e-10 1.46268e-06 0.000633292 0.0331453 0.21025 0.190795 0.214211 0.206626 0.112223 0.0291867 0.00282401 0.000103094 9.88535e-07 2.02198e-09 7.91963e-13 5.42052e-17 5.87552e-22 9.29808e-28 2.03243e-34 5.93842e-42
 1.065e-41 1.47816e-33 2.47991e-26 5.02921e-20 1.23285e-14 3.65317e-10 1.30851e-06 0.000566538 0.0296522 0.188303 0.178297 0.221051 0.217273 0.129661 0.0323448 0.00277445 7.51927e-05 5.55294e-07 9.29947e-10 2.83208e-13 1.39717e-17 1.05352e-22 1.16351e-28 1.80905e-35 3.82415e-43
 1.05123e-41 1.45904e-33 2.44784e-26 4.96417e-20 1.21691e-14 3.60592e-10 1.29158e-06 0.000559212 0.0292694 0.186041 0.180077 0.222094 0.216763 0.13105 0.0315014 0.00258265 6.00298e-05 3.37381e-07 4.08664e-10 9.31052e-14 3.50539e-18 1.97542e-23 1.5741e-29 1.71986e-36 2.527e-44
 1.27317e-41 1.76707e-33 2.96463e-26 6.01222e-20 1.47382e-14 4.36721e-10 1.56426e-06 0.000677273 0.0354479 0.225021 0.205281 0.200043 0.192179 0.112428 0.0267073 0.00216487 4.86834e-05 2.51515e-07 2.57775e-10 4.67753e-14 1.38676e-18 6.27351e-24 4.08807e-30 3.66701e-37 4.38521e-45
#pred catch len freq
 2.55724e-27 2.57217e-27 1.87296e-26 3.4112e-20 8.36215e-15 2.47786e-10 8.87526e-07 0.000384265 0.020111 0.127229 0.0978629 0.0448937 0.272949 0.25195 0.0522169 0.0560477 0.0228911 0.0160898 0.00957522 0.00712108 0.00552863 0.00476878 0.00479893 0.00427363 0.00130719
 2.55888e-27 2.57725e-27 2.37619e-26 4.473e-20 1.0965e-14 3.24913e-10 1.16378e-06 0.000503874 0.026371 0.16683 0.128007 0.0389328 0.20641 0.191856 0.065404 0.101213 0.0359727 0.0174954 0.00784909 0.00440394 0.00276216 0.00202864 0.00180611 0.00161109 0.000540525
 2.56112e-27 2.58283e-27 2.8185e-26 5.4059e-20 1.32519e-14 3.92678e-10 1.40651e-06 0.000608963 0.0318709 0.201625 0.154631 0.042385 0.213975 0.19765 0.0448805 0.0531741 0.0249107 0.0208214 0.00761436 0.00287647 0.00122938 0.000682169 0.000499663 0.000418944 0.000145692
 2.55959e-27 2.57852e-27 2.42038e-26 4.56596e-20 1.11929e-14 3.31666e-10 1.18797e-06 0.000514346 0.026919 0.170298 0.130749 0.044826 0.249331 0.230201 0.049405 0.0549698 0.0204027 0.0115282 0.00624303 0.0031189 0.000886058 0.000301954 0.00015535 0.000111743 3.85048e-05
 2.55967e-27 2.57892e-27 2.47482e-26 4.68087e-20 1.14746e-14 3.40013e-10 1.21787e-06 0.000527291 0.0275965 0.174584 0.133993 0.043028 0.23337 0.215888 0.0544156 0.0700214 0.0252757 0.0127907 0.00494291 0.00225875 0.000955014 0.000240526 6.69365e-05 3.4426e-05 1.11194e-05
 2.56067e-27 2.5815e-27 2.68853e-26 5.13166e-20 1.25797e-14 3.72758e-10 1.33516e-06 0.000578071 0.0302542 0.191397 0.14684 0.0436131 0.228796 0.211344 0.0477463 0.0560166 0.0219847 0.0136713 0.00505634 0.00184287 0.000609164 0.000196795 3.90198e-05 1.03323e-05 2.79002e-06
 2.56069e-27 2.58142e-27 2.66976e-26 5.09202e-20 1.24825e-14 3.69878e-10 1.32484e-06 0.000573605 0.0300204 0.189918 0.145727 0.0445906 0.237017 0.218782 0.0464137 0.0510006 0.0188648 0.0103234 0.00432825 0.00178816 0.000493941 0.000126071 2.69537e-05 4.04635e-06 6.96754e-07
 2.56131e-27 2.58306e-27 2.8085e-26 5.38467e-20 1.31999e-14 3.91136e-10 1.40098e-06 0.000606572 0.0317458 0.200833 0.154062 0.0446218 0.231399 0.213542 0.0445113 0.0479306 0.0171574 0.00852115 0.00324853 0.00129181 0.000414967 9.40956e-05 1.63654e-05 2.07208e-06 1.93206e-07
 2.5625e-27 2.58616e-27 3.07111e-26 5.93863e-20 1.45578e-14 4.31374e-10 1.54511e-06 0.000668974 0.0350117 0.221494 0.169841 0.0448151 0.221783 0.204478 0.0394526 0.0386327 0.0136868 0.00659048 0.00237296 0.000846904 0.000250793 6.22206e-05 9.82005e-06 1.00734e-06 6.28968e-08
 2.56409e-27 2.59034e-27 3.42775e-26 6.69094e-20 1.6402e-14 4.86021e-10 1.74085e-06 0.00075372 0.039447 0.249553 0.191266 0.0447971 0.206594 0.190261 0.033346 0.0282238 0.00960429 0.00407243 0.00142874 0.00048716 0.000129534 2.93987e-05 4.80762e-06 4.37994e-07 2.08186e-08
 2.56301e-27 2.58734e-27 3.15493e-26 6.11538e-20 1.49911e-14 4.44214e-10 1.5911e-06 0.000688885 0.0360538 0.228086 0.174896 0.0461693 0.228537 0.210405 0.035013 0.0269246 0.00874465 0.00308153 0.000996351 0.000305966 7.73619e-05 1.5837e-05 2.36844e-06 2.1351e-07 8.67925e-09
 2.56354e-27 2.58882e-27 3.28984e-26 6.40001e-20 1.56888e-14 4.64889e-10 1.66515e-06 0.000720948 0.0377318 0.238702 0.18299 0.0454061 0.217043 0.199894 0.0348857 0.0292702 0.00929969 0.00291342 0.000858787 0.000222093 4.96627e-05 9.35482e-06 1.25557e-06 1.04151e-07 4.01797e-09
 2.56505e-27 2.59288e-27 3.64506e-26 7.14936e-20 1.75258e-14 5.19321e-10 1.86012e-06 0.000805361 0.0421497 0.266651 0.204321 0.0447236 0.196862 0.181179 0.0299002 0.0226139 0.00732656 0.00253901 0.000724773 0.000165518 3.12983e-05 5.01383e-06 5.99976e-07 4.43847e-08 1.58166e-09
 2.56356e-27 2.5887e-27 3.26439e-26 6.34626e-20 1.55571e-14 4.60984e-10 1.65117e-06 0.000714893 0.0374149 0.236698 0.181481 0.0467705 0.228486 0.210157 0.0313488 0.0186056 0.00584869 0.00179449 0.000524875 0.000128308 2.21816e-05 2.97539e-06 2.9373e-07 1.89204e-08 6.01113e-10
 2.56142e-27 2.58297e-27 2.76627e-26 5.29546e-20 1.29812e-14 3.84655e-10 1.37777e-06 0.000596522 0.0312198 0.197506 0.151567 0.0474883 0.254966 0.23479 0.0392745 0.0304663 0.00922151 0.00216315 0.000582601 0.000130401 2.36774e-05 3.06582e-06 2.51196e-07 1.31313e-08 3.58692e-10
 2.56257e-27 2.5862e-27 3.05981e-26 5.91474e-20 1.44993e-14 4.29639e-10 1.5389e-06 0.000666283 0.0348708 0.220603 0.169179 0.0459598 0.23096 0.212769 0.0377554 0.0325788 0.0103762 0.00326193 0.000843244 0.000148146 2.40043e-05 3.0737e-06 2.46232e-07 1.06961e-08 2.35828e-10
 2.56388e-27 2.58967e-27 3.35794e-26 6.54364e-20 1.60409e-14 4.75322e-10 1.70252e-06 0.000737128 0.0385786 0.244059 0.187088 0.045821 0.217321 0.2 0.0321677 0.023051 0.00751519 0.00269086 0.000772484 0.000169553 2.38644e-05 2.52057e-06 1.91811e-07 8.00098e-09 1.47125e-10
 2.56355e-27 2.58869e-27 3.26458e-26 6.34666e-20 1.55581e-14 4.61013e-10 1.65127e-06 0.000714938 0.0374173 0.236712 0.181491 0.0466863 0.227838 0.209582 0.0316546 0.0194441 0.0060475 0.00174388 0.000512782 0.000128761 2.18399e-05 2.35536e-06 1.46233e-07 5.59204e-09 9.64265e-11
 2.56438e-27 2.59098e-27 3.46918e-26 6.77829e-20 1.66162e-14 4.92367e-10 1.76357e-06 0.00076356 0.039962 0.252811 0.19377 0.0458399 0.21277 0.195741 0.0303601 0.0199666 0.00605443 0.00146931 0.00038964 8.31632e-05 1.53461e-05 1.9697e-06 1.32334e-07 4.29866e-09 6.63506e-11
 2.5638e-27 2.58938e-27 3.32678e-26 6.47789e-20 1.58798e-14 4.70546e-10 1.68542e-06 0.00072972 0.0381909 0.241607 0.185223 0.04633 0.222505 0.204707 0.0316272 0.0206039 0.00631766 0.00164872 0.000420008 7.54713e-05 1.18158e-05 1.49436e-06 1.17998e-07 4.17837e-09 5.71086e-11
 2.56548e-27 2.59394e-27 3.72913e-26 7.32666e-20 1.79604e-14 5.322e-10 1.90625e-06 0.000825333 0.043195 0.273264 0.209378 0.0452362 0.19721 0.181339 0.0270243 0.0159862 0.00488213 0.00126007 0.00032729 6.16073e-05 8.6169e-06 9.01091e-07 6.69404e-08 2.69938e-09 3.99748e-11
 2.56567e-27 2.59439e-27 3.76326e-26 7.39864e-20 1.81369e-14 5.37428e-10 1.92498e-06 0.000833441 0.0436193 0.275948 0.211434 0.0456396 0.198835 0.182722 0.0251581 0.0113762 0.00339733 0.000789982 0.000201245 3.77537e-05 5.46813e-06 5.44043e-07 3.34613e-08 1.24804e-09 2.0367e-11
 2.56563e-27 2.59425e-27 3.74888e-26 7.36831e-20 1.80625e-14 5.35225e-10 1.91708e-06 0.000830024 0.0434405 0.274817 0.210574 0.045853 0.201063 0.184743 0.0248688 0.010201 0.00294072 0.000520958 0.000122361 2.09486e-05 2.97594e-06 3.01099e-07 1.79531e-08 5.67049e-10 8.52351e-12
 2.56697e-27 2.59795e-27 4.07984e-26 8.06649e-20 1.9774e-14 5.8594e-10 2.09874e-06 0.000908674 0.0475567 0.300857 0.230437 0.0445603 0.17727 0.162859 0.022302 0.0098551 0.00282283 0.000455383 9.82455e-05 1.31224e-05 1.66109e-06 1.58292e-07 9.46114e-09 2.89115e-10 3.77103e-12
 2.56674e-27 2.59728e-27 4.01566e-26 7.93109e-20 1.94421e-14 5.76105e-10 2.06351e-06 0.000893421 0.0467585 0.295807 0.226591 0.045146 0.18443 0.16937 0.0217216 0.00689475 0.00196367 0.000339089 7.30624e-05 8.82532e-06 9.36088e-07 7.22851e-08 3.95116e-09 1.18842e-10 1.4913e-12
 2.56604e-27 2.59535e-27 3.84396e-26 7.56887e-20 1.85542e-14 5.49793e-10 1.96927e-06 0.000852618 0.0446229 0.282297 0.216284 0.045722 0.196055 0.180086 0.0234176 0.00806046 0.00224598 0.000288161 5.78443e-05 7.37954e-06 7.54153e-07 4.95395e-08 2.14887e-09 5.69334e-11 6.90925e-13
 2.56592e-27 2.59503e-27 3.8177e-26 7.51348e-20 1.84184e-14 5.4577e-10 1.95486e-06 0.000846378 0.0442964 0.280231 0.214706 0.0456925 0.196939 0.180928 0.0240418 0.00927191 0.00260845 0.000358393 6.99324e-05 6.84479e-06 6.63963e-07 4.40696e-08 1.6726e-09 3.51827e-11 3.66335e-13
 2.56582e-27 2.59477e-27 3.7925e-26 7.46031e-20 1.82881e-14 5.41908e-10 1.94102e-06 0.000840389 0.0439829 0.278248 0.213195 0.0458984 0.199567 0.183321 0.0238749 0.00829084 0.00234242 0.000355943 7.22752e-05 7.44337e-06 6.45015e-07 3.51061e-08 1.30888e-09 2.48164e-11 2.0755e-13
#obs catch len freq
 5.02114e-42 6.96902e-34 1.1692e-26 2.37111e-20 5.8125e-15 1.72235e-10 6.16917e-07 0.000267104 0.0139792 0.0884374 0.0682545 0.0399037 0.21866 0.186595 0.143418 0.14301 0.0642947 0.0261272 0.00619483 0.000812708 4.38259e-05 7.01824e-07 2.49232e-09 1.59542e-12 1.6142e-16
 5.75079e-42 7.98172e-34 1.3391e-26 2.71567e-20 6.65714e-15 1.97263e-10 7.06565e-07 0.000305918 0.0160105 0.101289 0.0781796 0.0437126 0.223242 0.181594 0.142855 0.13075 0.0563622 0.0207593 0.00441512 0.000502199 2.2133e-05 2.73085e-07 7.18542e-10 3.33174e-13 2.40972e-17
 1.08794e-41 1.50999e-33 2.53331e-26 5.13751e-20 1.2594e-14 3.73183e-10 1.33668e-06 0.000578737 0.0302888 0.191617 0.1472 0.0452219 0.18135 0.140552 0.113307 0.0950077 0.0392046 0.0130011 0.00242819 0.000232759 8.29061e-06 7.8696e-08 1.5327e-10 5.14195e-14 2.65769e-18
 1.11318e-41 1.54503e-33 2.5921e-26 5.25673e-20 1.28863e-14 3.81843e-10 1.3677e-06 0.000592167 0.0309917 0.196065 0.150943 0.0585524 0.238721 0.164787 0.0767312 0.0540871 0.021159 0.00627047 0.00101647 8.02489e-05 2.25483e-06 1.63077e-08 2.35024e-11 5.71184e-15 2.11112e-19
 7.8896e-42 1.09502e-33 1.83713e-26 3.72566e-20 9.13302e-15 2.70628e-10 9.69346e-07 0.000419693 0.0219651 0.138961 0.107597 0.0646584 0.272838 0.184023 0.116716 0.0715002 0.0168976 0.00385293 0.000535817 3.44209e-05 7.48072e-07 4.049e-09 4.28272e-12 7.53399e-16 1.99472e-20
 1.25975e-41 1.74845e-33 2.93339e-26 5.94885e-20 1.45829e-14 4.32118e-10 1.54778e-06 0.000670134 0.0350721 0.221879 0.170651 0.0530685 0.173197 0.122471 0.124584 0.0750063 0.0197771 0.00332621 0.0002831 1.37129e-05 2.27161e-07 9.06679e-10 6.94467e-13 8.77083e-17 1.6586e-21
 1.04119e-41 1.44511e-33 2.42447e-26 4.91677e-20 1.20529e-14 3.57149e-10 1.27925e-06 0.000553871 0.0289874 0.183388 0.141953 0.0736453 0.259714 0.153301 0.0859653 0.0506534 0.0184073 0.0032006 0.000223134 6.55753e-06 7.24783e-08 2.07984e-10 1.14142e-13 1.02478e-17 1.37303e-22
 1.2788e-41 1.77489e-33 2.97774e-26 6.0388e-20 1.48034e-14 4.38652e-10 1.57118e-06 0.000680267 0.0356024 0.225236 0.173724 0.0644592 0.192636 0.123827 0.115827 0.0540677 0.0117106 0.00206518 0.000159294 3.80955e-06 2.62687e-08 4.70942e-11 1.75628e-14 1.10429e-18 1.04007e-23
 1.14881e-41 1.59448e-33 2.67507e-26 5.42498e-20 1.32987e-14 3.94065e-10 1.41148e-06 0.00061112 0.0319836 0.202346 0.156907 0.0797439 0.238998 0.134179 0.0945671 0.0460359 0.012922 0.00160919 9.37454e-05 2.1736e-06 1.23109e-08 1.45242e-11 3.33701e-15 1.35158e-19 8.60686e-25
 1.51534e-41 2.10318e-33 3.52853e-26 7.15579e-20 1.75416e-14 5.19789e-10 1.8618e-06 0.000806095 0.0421878 0.2669 0.205932 0.0696242 0.171292 0.103646 0.0934314 0.037125 0.007977 0.00102519 5.14564e-05 8.5028e-07 3.9781e-09 3.8121e-12 6.22202e-16 1.62534e-20 6.54157e-26
 1.55328e-41 2.15585e-33 3.61688e-26 7.33496e-20 1.79808e-14 5.32804e-10 1.90842e-06 0.000826278 0.0432441 0.273586 0.211724 0.0831624 0.19702 0.098394 0.0615701 0.0243335 0.00556268 0.000551259 2.30674e-05 3.20181e-07 1.08469e-09 7.71248e-13 9.76649e-17 1.91485e-21 5.41148e-27
 1.15016e-41 1.59635e-33 2.67821e-26 5.43135e-20 1.33143e-14 3.94528e-10 1.41313e-06 0.000611838 0.0320212 0.202595 0.158779 0.104001 0.254257 0.129357 0.0872344 0.0264344 0.00429867 0.000395012 1.38074e-05 1.46568e-07 3.87827e-10 2.0276e-13 1.82434e-17 2.59933e-22 5.45105e-28
 1.72426e-41 2.39316e-33 4.01503e-26 8.1424e-20 1.99601e-14 5.91455e-10 2.1185e-06 0.000917236 0.0480045 0.303704 0.23475 0.0747709 0.140266 0.090351 0.0803814 0.0232136 0.00341403 0.000219663 5.76786e-06 4.89348e-08 9.67085e-11 3.73466e-14 2.46343e-18 2.50695e-23 3.70436e-29
 1.39885e-41 1.94151e-33 3.25728e-26 6.60569e-20 1.61931e-14 4.79831e-10 1.71867e-06 0.000744127 0.0389447 0.246407 0.193532 0.116424 0.234144 0.0985786 0.0512151 0.0168827 0.00295391 0.000169739 3.28727e-06 1.92517e-08 2.79424e-11 7.93809e-15 3.77621e-19 2.76203e-24 2.92749e-30
 1.18716e-41 1.6477e-33 2.76435e-26 5.60605e-20 1.37426e-14 4.07218e-10 1.45859e-06 0.000631518 0.0330512 0.209131 0.16581 0.118838 0.228912 0.13174 0.0908166 0.0188063 0.00213107 0.000128291 2.3689e-06 1.05413e-08 1.04279e-11 2.0372e-15 6.88102e-20 3.59811e-25 2.71285e-31
 9.47938e-42 1.31568e-33 2.20732e-26 4.4764e-20 1.09734e-14 3.25161e-10 1.16467e-06 0.000504263 0.0263912 0.167014 0.135167 0.131647 0.243602 0.154682 0.109845 0.0277619 0.00325979 0.00012308 1.75447e-06 7.01574e-09 5.5382e-12 7.65516e-16 1.74942e-20 6.23196e-26 3.26504e-32
 1.50491e-41 2.08872e-33 3.50426e-26 7.10657e-20 1.74209e-14 5.16214e-10 1.84899e-06 0.00080055 0.0418977 0.265102 0.208222 0.0991245 0.15377 0.119943 0.0862799 0.0220411 0.00271018 0.000106291 1.15428e-06 3.14232e-09 1.93108e-12 2.13791e-16 3.6771e-21 9.26137e-27 3.31982e-33
 1.04952e-41 1.45666e-33 2.44385e-26 4.95607e-20 1.21492e-14 3.60004e-10 1.28947e-06 0.000558298 0.0292192 0.184958 0.153285 0.170002 0.260906 0.118154 0.0629249 0.0177161 0.00219099 8.48566e-05 8.88359e-07 1.99969e-09 8.61493e-13 6.64989e-17 8.47989e-22 1.62204e-27 4.33971e-34
 1.52892e-41 2.12204e-33 3.56017e-26 7.21995e-20 1.76989e-14 5.24449e-10 1.87849e-06 0.000813322 0.0425661 0.269363 0.213653 0.111446 0.153553 0.126886 0.0691448 0.0114297 0.00110042 4.14773e-05 4.04368e-07 8.17263e-10 2.9527e-13 1.7231e-17 1.53888e-22 2.03469e-28 3.85802e-35
 1.0819e-41 1.50161e-33 2.51926e-26 5.109e-20 1.25241e-14 3.71112e-10 1.32926e-06 0.000575525 0.030121 0.190736 0.162131 0.190477 0.247475 0.112166 0.0531666 0.0121638 0.000962701 2.3721e-05 1.88877e-07 3.32659e-10 1.02104e-13 4.90558e-18 3.45798e-23 3.42696e-29 4.65081e-36
 1.38197e-41 1.91808e-33 3.21797e-26 6.52598e-20 1.59977e-14 4.7404e-10 1.69794e-06 0.000735148 0.0384749 0.243552 0.198203 0.135662 0.172679 0.141039 0.060507 0.00850387 0.000627863 1.47988e-05 8.3068e-08 1.04168e-10 2.51417e-14 9.74762e-19 5.49136e-24 4.2803e-30 4.4844e-37
 1.50799e-41 2.09299e-33 3.51143e-26 7.12111e-20 1.74566e-14 5.1727e-10 1.85278e-06 0.000802189 0.0419837 0.265821 0.219272 0.161502 0.173857 0.090821 0.0386153 0.00692465 0.000392681 6.68671e-06 3.1801e-08 3.04994e-11 5.11114e-15 1.40795e-19 5.91965e-25 3.53024e-31 2.84153e-38
 1.22207e-41 1.69615e-33 2.84565e-26 5.77092e-20 1.41467e-14 4.19194e-10 1.50148e-06 0.000650091 0.0340238 0.215594 0.187792 0.200454 0.211363 0.10994 0.0353918 0.00453332 0.000252973 3.8991e-06 1.34636e-08 9.62466e-12 1.23545e-15 2.48031e-20 7.28101e-26 3.02762e-32 1.73676e-39
 1.47388e-41 2.04564e-33 3.43199e-26 6.96001e-20 1.70616e-14 5.05568e-10 1.81086e-06 0.000784041 0.0410342 0.259923 0.218199 0.16144 0.167966 0.112271 0.034529 0.00370312 0.000147244 1.79726e-06 5.30875e-09 2.92382e-12 2.69249e-16 3.91463e-21 8.44149e-27 2.54914e-33 1.0381e-40
 1.45245e-41 2.0159e-33 3.38209e-26 6.8588e-20 1.68136e-14 4.98216e-10 1.78453e-06 0.000772641 0.0404381 0.256322 0.222635 0.194264 0.173502 0.0843264 0.0248534 0.00279094 9.37109e-05 8.25266e-07 1.74738e-09 7.41384e-13 5.30499e-17 5.72424e-22 8.82789e-28 1.89226e-34 5.51194e-42
 1.28798e-41 1.78763e-33 2.99913e-26 6.08216e-20 1.49097e-14 4.41802e-10 1.58246e-06 0.000685152 0.0358599 0.22755 0.207092 0.215106 0.192485 0.0971208 0.0221741 0.0018681 5.63598e-05 4.29435e-07 6.78765e-10 2.00887e-13 1.01991e-17 8.09749e-23 9.314e-29 1.47273e-35 3.1017e-43
 1.16189e-41 1.61262e-33 2.70551e-26 5.48672e-20 1.345e-14 3.98549e-10 1.42754e-06 0.000618076 0.0323501 0.205534 0.195108 0.222998 0.204848 0.112224 0.0244833 0.00179566 4.00258e-05 2.351e-07 3.02344e-10 6.91813e-14 2.52751e-18 1.39564e-23 1.11906e-29 1.25576e-36 1.90867e-44
 1.14858e-41 1.59415e-33 2.67452e-26 5.42387e-20 1.3296e-14 3.93984e-10 1.41119e-06 0.000610996 0.0319795 0.203157 0.191928 0.216904 0.208731 0.118324 0.0263787 0.00194594 3.96743e-05 1.9092e-07 1.93864e-10 3.64524e-14 1.12222e-18 5.14311e-24 3.31835e-30 2.92394e-37 3.45271e-45
#spawning biomass
 9203.25 11402.4 14799.4 20893.7 27003.6 32100.8 39071 44724.2 51133.2 64510.3 85544.8 104598 135645 159542 161844 135155 123755 117190 119127 129698 127700 131249 128242 142291 152468 156666 151939 133507 124534 193102 213569 208504 190329 168227 147348 129871 116249 106113 98810.9 93669.5 90110.2 87676.5 86015.5 84877.4 84131.5 83642.7 83322.4 83112.5 82974.9 82884.8 82825.7 82786.9 82761.6 82744.9 82734 82726.9 82722.2 82719.2 82717.1 82715.8 82715 82714.4 82714 82713.8 82713.6 82713.5 82713.5 82713.4 82713.4 82713.4 82713.3 82713.3 82713.3 82713.3 82713.3 82713.3 82713.3 82713.3 82713.3 82713.3 82713.3 82713.3 82713.3 82713.3 82713.3 82713.3 82713.3 82713.3 82713.3 82713.3 82713.3 82713.3 82713.3 82713.3 82713.3 82713.3 82713.3 82713.3 82713.3 82713.3 82713.3 82713.3 82713.3 82713.3 82713.3 82713.3 82713.3 82713.3 82713.3 82713.3 82713.3 82713.3 82713.3 82713.3 82713.3 82713.3 82713.3 82713.3 82713.3 82713.3 82713.3 82713.3 82713.3 82713.3 82713.3 82713.3 82713.3 82713.3 0 0 0 0 0 0 0 0 0 0 0 0 0 0 0 0 0 0 0 0 0 0 0 0 0
