SBPRF35
25.3865
Curr Bio
84517.6
B35
2.0479e+07
F35
0.026404
FOFL
0
OFL
0
Bzero
7.25327e+06
#pred survey bio
 26874.1 31435.1 21271.8 12911.6 17177.3 22649.9 29998.6 42560.2 51584.7 67082.2 81685 83042.9 85238.3 103511 110829 98128.5 104998 113652 102911 110110 116417 107878 108556 130918 124057 107484 98635.1 107314 2.25838e+06 4.83838e+06 7.97757e+06 1.12129e+07 1.43251e+07 1.71929e+07 1.977e+07 2.20555e+07 2.40716e+07 2.58509e+07 2.74279e+07 2.88351e+07 3.01013e+07 3.1251e+07 3.22864e+07 3.30178e+07 3.3729e+07 3.44204e+07 3.50923e+07 3.57453e+07 3.63797e+07 3.69961e+07 3.7595e+07 3.81768e+07 3.87421e+07 3.92914e+07 3.98251e+07 4.03437e+07 4.08477e+07 4.13376e+07 4.18136e+07 4.22764e+07 4.27263e+07 4.31636e+07 4.35888e+07 4.40023e+07 4.44044e+07 4.47954e+07 4.51758e+07 4.55457e+07 4.59057e+07 4.62559e+07 4.65966e+07 4.69282e+07 4.7251e+07 4.75651e+07 4.78709e+07 4.81687e+07 4.84586e+07 4.87409e+07 4.90158e+07 4.92836e+07 4.95445e+07 4.97987e+07 5.00463e+07 5.02877e+07 5.05229e+07 5.07522e+07 5.09758e+07 5.11938e+07 5.14063e+07 5.16136e+07 5.18158e+07 5.20131e+07 5.22055e+07 5.23933e+07 5.25766e+07 5.27555e+07 5.29302e+07 5.31007e+07 5.32673e+07 5.34299e+07 5.35888e+07 5.3744e+07 5.38957e+07 5.40439e+07 5.41887e+07 5.43304e+07 5.44688e+07 5.46042e+07 5.47366e+07 5.48661e+07 5.49929e+07 5.51168e+07 5.52382e+07 5.53569e+07 5.54732e+07 5.5587e+07 5.56985e+07 5.58077e+07 5.59146e+07 5.60194e+07 5.61221e+07 5.62227e+07 5.63213e+07 5.6418e+07 5.65128e+07 5.66058e+07 5.6697e+07 5.67865e+07 0 0 0 0 0 0 0 0 0 0 0 0 0 0 0 0 0 0 0 0 0 0 0 0 0
#obs survey bio
 23322.4 26036 15963.4 14517.6 18382.6 20002.5 48533.6 41948.2 59962.7 59992.2 70484.6 50550.1 84203.4 60086.4 66793.9 76224.8 98583.9 75917.4 105403 105950 92197.8 86080.9 54698.6 142450 92630.4 99614.5 74767.5 59654
#pred catch bio
 13654.9 21659.9 16109.8 9460.3 12643.3 17650.9 22465.5 33887.2 40190.3 53159.1 68126.3 70834.5 69824.5 87127 98213.6 85671.3 90410.5 102162 90399.8 97064 106817 99032.6 95405.5 121515 117252 101570 93753.9 109646 0 5810.5 9816.89 13943.7 17932.3 21612.6 24916.4 27837.5 30402.6 32653.5 34635.3 36391.2 37959.6 39373.2 40636.4 41511.6 42358.3 43177.4 43969.8 44736.4 45477.9 46195.3 46889.3 47560.7 48210.2 48838.6 49446.4 50034.4 50603.3 51153.6 51686 52201 52699.2 53181.2 53647.5 54098.6 54535 54957.1 55365.5 55760.6 56142.8 56512.5 56870.2 57216.2 57551 57874.8 58188.1 58491.1 58784.3 59067.9 59342.3 59607.7 59864.5 60112.9 60353.3 60585.7 60810.6 61028.2 61238.7 61442.3 61639.3 61829.8 62014.2 62192.5 62365 62531.9 62693.4 62849.6 63000.7 63146.9 63288.3 63425.1 63557.4 63685.4 63809.3 63929.1 64045 64157.2 64265.6 64370.6 64472.1 64570.3 64665.3 64757.2 64846.1 64932.2 65015.4 65095.9 65173.7 65249.1 65322 65392.5 65460.7 65526.7 65590.5 65652.2 65712 65769.8 65825.7 65879.8 0 0 0 0 0 0 0 0 0 0 0 0 0 0 0 0 0 0 0 0 0 0 0 0 0
#obs catch bio
 18585.5 22229.7 16904.7 10968 8230.48 16338.8 18420.2 28822.2 33282.5 45657.3 58495 66624.7 62824.8 85220.9 96193.3 73185.8 79543 96499.1 77149.1 82008.8 91512.4 86719.9 89021.1 97033.8 102548 81340.5 79791.9 109792
#pred cpue bio
 20339.8 26586.5 19808.3 9519.88 8802.44 13031.8 14719.7 22233.1 26462.9 34303.7 42460.1 43471.6 40751 49737.5 54638.6 46608.7 45293.4 52394.4 45691.6 47111.9 50058.6 43142.4 41067.8 52046.2 46705 39933.1 35014.9 32108.3 455650 4.69064e+06 7.85786e+06 1.10921e+07 1.42043e+07 1.70721e+07 1.96492e+07 2.19346e+07 2.39508e+07 2.57301e+07 2.7307e+07 2.87142e+07 2.99804e+07 3.11301e+07 3.21656e+07 3.2897e+07 3.36082e+07 3.42996e+07 3.49715e+07 3.56245e+07 3.62589e+07 3.68753e+07 3.74741e+07 3.8056e+07 3.86213e+07 3.91705e+07 3.97043e+07 4.02229e+07 4.07269e+07 4.12167e+07 4.16928e+07 4.21556e+07 4.26054e+07 4.30428e+07 4.3468e+07 4.38815e+07 4.42835e+07 4.46746e+07 4.50549e+07 4.54249e+07 4.57849e+07 4.6135e+07 4.64758e+07 4.68074e+07 4.71302e+07 4.74443e+07 4.77501e+07 4.80478e+07 4.83377e+07 4.862e+07 4.8895e+07 4.91628e+07 4.94237e+07 4.96779e+07 4.99255e+07 5.01669e+07 5.04021e+07 5.06314e+07 5.0855e+07 5.10729e+07 5.12855e+07 5.14928e+07 5.1695e+07 5.18922e+07 5.20847e+07 5.22725e+07 5.24558e+07 5.26347e+07 5.28094e+07 5.29799e+07 5.31464e+07 5.33091e+07 5.3468e+07 5.36232e+07 5.37748e+07 5.39231e+07 5.40679e+07 5.42095e+07 5.4348e+07 5.44834e+07 5.46158e+07 5.47453e+07 5.4872e+07 5.4996e+07 5.51174e+07 5.52361e+07 5.53524e+07 5.54662e+07 5.55777e+07 5.56869e+07 5.57938e+07 5.58986e+07 5.60013e+07 5.61019e+07 5.62005e+07 5.62972e+07 5.6392e+07 5.6485e+07 5.65762e+07 5.66657e+07 0 0 0 0 0 0 0 0 0 0 0 0 0 0 0 0 0 0 0 0 0 0 0 0 0
#obs cpue bio
 33207.7 34738.1 18213.1 10394.5 19250.8 22466.1 21764.9 39506.8 47862.5 69409.8 92579.1 86047.7 65573.4 85100.9 109126 115596 78600.9 97629 87395.9 95389.4 116298 90927.2 94746 137120 103179 105032 81317.3 58659.2
#pred surv len freq
 1.26406e-11 1.37202e-09 8.7809e-08 3.31364e-06 7.37328e-05 0.000967419 0.0074854 0.0341747 0.0923269 0.14973 0.155833 0.130785 0.118955 0.104613 0.0741271 0.0466046 0.0292699 0.0181891 0.0114456 0.00760663 0.00547853 0.00435354 0.0036374 0.00274987 0.00158964
 8.46147e-12 9.18411e-10 5.87782e-08 2.21811e-06 4.93563e-05 0.000647611 0.00501196 0.022907 0.0622274 0.10367 0.120769 0.134057 0.157884 0.150315 0.103804 0.0599138 0.0341172 0.019219 0.0105816 0.0058528 0.00339974 0.00220223 0.00159403 0.00112984 0.000645804
 4.18458e-12 4.54196e-10 2.90685e-08 1.09696e-06 2.44095e-05 0.000320316 0.00248036 0.0113686 0.0313242 0.0557264 0.0810553 0.126812 0.181276 0.185033 0.135781 0.0850722 0.0504419 0.0271353 0.0134211 0.0064325 0.0030682 0.00153788 0.000871173 0.000531276 0.000285474
 1.3447e-11 1.45955e-09 9.34109e-08 3.52504e-06 7.84365e-05 0.00102912 0.00796237 0.0363417 0.0980347 0.157807 0.158753 0.1196 0.0955795 0.086175 0.0754711 0.0629967 0.046105 0.0279476 0.0145813 0.00675195 0.00283424 0.00114047 0.000479905 0.000223879 0.000103496
 1.72301e-11 1.87016e-09 1.1969e-07 4.51672e-06 0.000100503 0.00131864 0.0102023 0.0465632 0.125582 0.201932 0.202048 0.148639 0.11026 0.0821934 0.0454838 0.0167547 0.0049363 0.00194298 0.00108082 0.000568556 0.000249658 9.3311e-05 3.15792e-05 1.06871e-05 3.7558e-06
 1.56192e-11 1.69532e-09 1.085e-07 4.09445e-06 9.11069e-05 0.00119537 0.00924897 0.0422212 0.113996 0.184309 0.189153 0.151604 0.127836 0.101405 0.0558529 0.0188322 0.00377267 0.000446312 3.11452e-05 1.28278e-06 3.16558e-08 6.65676e-10 7.67603e-11 2.053e-11 5.30483e-12
 1.74957e-11 1.89899e-09 1.21535e-07 4.58635e-06 0.000102052 0.00133897 0.0103595 0.0472803 0.127509 0.204976 0.204832 0.149977 0.110252 0.0813364 0.0439457 0.0147577 0.00295406 0.00034941 2.43806e-05 1.00336e-06 2.43657e-08 3.49751e-10 2.98678e-12 1.55319e-14 5.68701e-17
 1.68239e-11 1.82607e-09 1.16868e-07 4.41025e-06 9.81336e-05 0.00128756 0.00996195 0.0454691 0.122671 0.197577 0.199219 0.15056 0.116547 0.088521 0.0482085 0.0162164 0.0032471 0.000384092 2.67993e-05 1.10268e-06 2.67575e-08 3.83058e-10 3.24002e-12 1.62772e-14 4.94536e-17
 1.70266e-11 1.84807e-09 1.18276e-07 4.46338e-06 9.93157e-05 0.00130307 0.0100819 0.0460155 0.124131 0.199809 0.200912 0.150384 0.114648 0.0863535 0.0469225 0.0157763 0.00315869 0.000373624 2.60685e-05 1.07255e-06 2.60212e-08 3.72248e-10 3.14046e-12 1.56315e-14 4.59691e-17
 1.70614e-11 1.85185e-09 1.18518e-07 4.47251e-06 9.9519e-05 0.00130573 0.0101025 0.0461095 0.124382 0.200193 0.201203 0.150354 0.114321 0.0859807 0.0467013 0.0157007 0.00314348 0.000371825 2.5943e-05 1.06739e-06 2.5897e-08 3.70516e-10 3.12719e-12 1.55897e-14 4.6101e-17
 1.68801e-11 1.83217e-09 1.17258e-07 4.42497e-06 9.84612e-05 0.00129186 0.00999519 0.0456206 0.123076 0.198195 0.199688 0.150511 0.116021 0.0879203 0.0478521 0.0160944 0.0032226 0.000381189 2.65964e-05 1.09427e-06 2.6548e-08 3.79782e-10 3.20392e-12 1.59458e-14 4.68753e-17
 1.68001e-11 1.82349e-09 1.16703e-07 4.40402e-06 9.7995e-05 0.00128574 0.00994789 0.0454051 0.1225 0.197315 0.19902 0.15058 0.11677 0.088775 0.0483592 0.016268 0.00325746 0.000385315 2.68843e-05 1.10611e-06 2.68349e-08 3.83867e-10 3.23779e-12 1.61036e-14 4.7227e-17
 1.7753e-11 1.92692e-09 1.23322e-07 4.65381e-06 0.000103553 0.00135866 0.0105118 0.0479741 0.129362 0.20781 0.206982 0.149754 0.10784 0.0785844 0.0423128 0.014199 0.00284178 0.000336113 2.34509e-05 9.64844e-07 2.34077e-08 3.34842e-10 2.82426e-12 1.40467e-14 4.11925e-17
 1.77039e-11 1.92159e-09 1.22982e-07 4.64094e-06 0.000103267 0.0013549 0.0104828 0.0478418 0.129009 0.207269 0.206572 0.149797 0.1083 0.0791093 0.0426242 0.0143055 0.00286319 0.000338648 2.36278e-05 9.7212e-07 2.35843e-08 3.37367e-10 2.84558e-12 1.41529e-14 4.15055e-17
 1.74477e-11 1.89378e-09 1.21202e-07 4.57377e-06 0.000101772 0.00133529 0.0103311 0.047151 0.127164 0.204447 0.204431 0.150019 0.110701 0.0818496 0.0442502 0.0148619 0.00297497 0.000351878 2.4551e-05 1.01011e-06 2.45059e-08 3.5055e-10 2.95676e-12 1.47057e-14 4.31247e-17
 1.78157e-11 1.93372e-09 1.23758e-07 4.67024e-06 0.000103919 0.00136346 0.0105489 0.0481431 0.129814 0.2085 0.207506 0.1497 0.107253 0.0779139 0.041915 0.0140629 0.00281443 0.000332876 2.3225e-05 9.5555e-07 2.31823e-08 3.31616e-10 2.79706e-12 1.39114e-14 4.07952e-17
 1.86635e-11 2.02574e-09 1.29647e-07 4.89249e-06 0.000108864 0.00142833 0.0110507 0.0504289 0.135919 0.217838 0.21459 0.148965 0.0993082 0.0688468 0.0365351 0.012222 0.00244458 0.000289098 2.01702e-05 8.2986e-07 2.01329e-08 2.87996e-10 2.42914e-12 1.20815e-14 3.54291e-17
 1.80937e-11 1.96389e-09 1.25689e-07 4.74311e-06 0.00010554 0.00138473 0.0107135 0.0488926 0.131815 0.211562 0.209828 0.149459 0.104648 0.074941 0.040151 0.0134593 0.00269316 0.000318522 2.22234e-05 9.14339e-07 2.21825e-08 3.17314e-10 2.67642e-12 1.33114e-14 3.90357e-17
 1.84241e-11 1.99976e-09 1.27984e-07 4.82973e-06 0.000107467 0.00141001 0.010909 0.0497835 0.134195 0.215201 0.212589 0.149172 0.101552 0.0714071 0.0380543 0.0127418 0.00254901 0.00030146 2.10328e-05 8.65351e-07 2.0994e-08 3.00313e-10 2.53303e-12 1.25982e-14 3.69443e-17
 1.87293e-11 2.03288e-09 1.30104e-07 4.90973e-06 0.000109247 0.00143337 0.0110897 0.0506062 0.136393 0.218563 0.215139 0.148908 0.0986918 0.0681433 0.0361177 0.0120791 0.00241588 0.000285702 1.99332e-05 8.20108e-07 1.98963e-08 2.84612e-10 2.40059e-12 1.19395e-14 3.50127e-17
 1.86894e-11 2.02855e-09 1.29827e-07 4.89926e-06 0.000109015 0.00143031 0.011066 0.0504986 0.136105 0.218123 0.214806 0.148942 0.0990659 0.0685703 0.0363711 0.0121658 0.0024333 0.000287764 2.0077e-05 8.26027e-07 2.00399e-08 2.86666e-10 2.41792e-12 1.20257e-14 3.52654e-17
 1.92404e-11 2.08836e-09 1.33655e-07 5.04372e-06 0.000112229 0.00147248 0.0113922 0.0519843 0.140074 0.224192 0.21941 0.148465 0.093902 0.0626768 0.0328743 0.0109693 0.0021929 0.000259309 1.80914e-05 7.44331e-07 1.80579e-08 2.58314e-10 2.17878e-12 1.08363e-14 3.17776e-17
 1.96211e-11 2.12969e-09 1.363e-07 5.14352e-06 0.00011445 0.00150162 0.0116175 0.0530107 0.142815 0.228385 0.222591 0.148134 0.0903344 0.0586052 0.0304584 0.0101426 0.00202682 0.00023965 1.67196e-05 6.87889e-07 1.66886e-08 2.38726e-10 2.01356e-12 1.00146e-14 2.93679e-17
 1.92828e-11 2.09296e-09 1.33949e-07 5.05483e-06 0.000112476 0.00147573 0.0114173 0.0520986 0.140379 0.224659 0.219764 0.148428 0.0935048 0.0622236 0.0326054 0.0108773 0.00217441 0.000257121 1.79387e-05 7.38048e-07 1.79055e-08 2.56133e-10 2.16039e-12 1.07448e-14 3.15093e-17
 1.96528e-11 2.13313e-09 1.3652e-07 5.15183e-06 0.000114634 0.00150404 0.0116363 0.0530962 0.143044 0.228734 0.222856 0.148107 0.0900373 0.0582662 0.0302573 0.0100738 0.00201299 0.000238014 1.66054e-05 6.8319e-07 1.65746e-08 2.37095e-10 1.99981e-12 9.94619e-15 2.91673e-17
 1.97381e-11 2.14238e-09 1.37112e-07 5.17419e-06 0.000115132 0.00151057 0.0116867 0.0533262 0.143658 0.229674 0.223568 0.148033 0.089238 0.057354 0.029716 0.00988858 0.00197578 0.000233609 1.62981e-05 6.70545e-07 1.62678e-08 2.32707e-10 1.96279e-12 9.76209e-15 2.86274e-17
 2.00184e-11 2.17281e-09 1.39059e-07 5.24767e-06 0.000116767 0.00153202 0.0118526 0.0540819 0.145676 0.232761 0.22591 0.14779 0.0866114 0.0543563 0.0279374 0.00927995 0.0018535 0.000219136 1.52881e-05 6.2899e-07 1.52597e-08 2.18285e-10 1.84115e-12 9.15711e-15 2.68533e-17
 2.09164e-11 2.27027e-09 1.45297e-07 5.48305e-06 0.000122004 0.00160073 0.0123841 0.0565028 0.152143 0.242651 0.233413 0.147011 0.0781969 0.0447531 0.0222395 0.00733024 0.00146178 0.00017277 1.20526e-05 4.9587e-07 1.20301e-08 1.72087e-10 1.45149e-12 7.21907e-15 2.117e-17
#obs surv len freq
 4.29729e-11 3.98258e-09 2.17631e-07 7.01239e-06 0.000133229 0.00149258 0.0098618 0.0384642 0.0889986 0.125338 0.120857 0.11072 0.117802 0.116343 0.098802 0.075726 0.0500903 0.0272496 0.0121544 0.004397 0.00125065 0.000268168 4.13909e-05 4.41045e-06 3.13806e-07
 2.48131e-11 2.21794e-09 1.16897e-07 3.63285e-06 6.65721e-05 0.000719438 0.00458835 0.017334 0.0395513 0.0597458 0.07959 0.119992 0.163257 0.167522 0.138833 0.100305 0.0606155 0.0298549 0.0123427 0.00425408 0.0011548 0.000232819 3.33348e-05 3.26998e-06 2.13252e-07
 1.18341e-11 1.01849e-09 5.16846e-08 1.54653e-06 2.72879e-05 0.000283993 0.00174572 0.00638502 0.0144253 0.0236138 0.0398916 0.0752533 0.123984 0.17029 0.195043 0.1697 0.105585 0.0486577 0.0179588 0.00550527 0.00135809 0.000253572 3.37941e-05 3.07254e-06 1.84547e-07
 2.4156e-10 1.99843e-08 9.74854e-07 2.804e-05 0.000475556 0.0047557 0.0280427 0.0975086 0.199994 0.242366 0.175207 0.0801795 0.0330489 0.0271298 0.0328151 0.0327715 0.0243529 0.0135311 0.00560734 0.00172023 0.00039096 6.54377e-05 7.8557e-06 6.50659e-07 3.5844e-08
 1.45556e-10 1.15578e-08 5.41137e-07 1.49393e-05 0.000243192 0.00233466 0.0132262 0.04437 0.0897356 0.119052 0.135616 0.170659 0.18749 0.137521 0.0637834 0.0213304 0.00787088 0.00399452 0.00190028 0.000665704 0.000161594 2.67433e-05 2.99454e-06 2.24782e-07 1.11497e-08
 3.49032e-10 2.65622e-08 1.19193e-06 3.15373e-05 0.000492026 0.00452642 0.024558 0.0786444 0.149313 0.171958 0.133796 0.0980945 0.0910342 0.0897266 0.0775052 0.0506747 0.0221093 0.00614358 0.00116134 0.000190303 3.35384e-05 5.29936e-06 5.94688e-07 4.35506e-08 2.03581e-09
 4.67532e-10 3.40546e-08 1.46261e-06 3.70397e-05 0.000553097 0.00487034 0.0252986 0.0776677 0.142324 0.163455 0.142388 0.131658 0.124641 0.0924182 0.0527882 0.0259975 0.0110871 0.00372289 0.000914057 0.0001575 1.90161e-05 1.71814e-06 1.27278e-07 7.61085e-09 3.27173e-10
 6.68735e-10 4.65618e-08 1.91158e-06 4.62748e-05 0.000660527 0.00555987 0.0276083 0.0810455 0.142183 0.157235 0.134413 0.124795 0.120366 0.0955626 0.0616268 0.0322781 0.0125044 0.00336068 0.00064506 9.56233e-05 1.12286e-05 9.8351e-07 6.01809e-08 2.52436e-09 7.38451e-11
 9.52406e-10 6.33125e-08 2.48167e-06 5.73571e-05 0.000781678 0.00628214 0.0297887 0.083565 0.140611 0.151633 0.132504 0.128643 0.123715 0.0955757 0.0600815 0.0309026 0.0119063 0.00323219 0.000622016 8.71894e-05 8.98015e-06 6.74359e-07 3.64283e-08 1.38219e-09 3.56227e-11
 1.47056e-09 9.32298e-08 3.48509e-06 7.68178e-05 0.000998408 0.00765248 0.0346097 0.0926446 0.149082 0.155222 0.134119 0.129317 0.120171 0.0882077 0.0520582 0.024752 0.00863388 0.0020644 0.000341848 4.1388e-05 3.79569e-06 2.59116e-07 1.26116e-08 4.22424e-10 9.52242e-12
 2.03748e-09 1.23059e-07 4.3825e-06 9.20278e-05 0.00113952 0.00832134 0.0358672 0.0916379 0.141788 0.146431 0.134484 0.138039 0.127523 0.0905014 0.0513175 0.0232402 0.00763421 0.00169533 0.000254951 2.7149e-05 2.12931e-06 1.23329e-07 5.1532e-09 1.5105e-10 3.02293e-12
 2.9433e-09 1.69191e-07 5.73467e-06 0.000114612 0.0013507 0.00938822 0.0385256 0.0938328 0.139273 0.141447 0.133722 0.140242 0.128347 0.0906422 0.0514345 0.0228279 0.00714388 0.00147879 0.000203227 1.93812e-05 1.33937e-06 6.76045e-08 2.43776e-09 6.11596e-11 1.04552e-12
 4.67384e-09 2.55472e-07 8.23382e-06 0.000156477 0.00175351 0.0115896 0.0452278 0.104797 0.148235 0.144374 0.132224 0.134323 0.119443 0.0832027 0.0468126 0.0203113 0.00613647 0.00122549 0.000163425 1.51348e-05 1.00066e-06 4.69947e-08 1.53279e-09 3.40651e-11 5.09212e-13
 6.32777e-09 3.2861e-07 1.00623e-05 0.000181681 0.00193438 0.0121489 0.0450826 0.0996756 0.136737 0.136842 0.138567 0.14765 0.127693 0.0842653 0.0446216 0.0182406 0.00521678 0.000993273 0.000127422 1.144e-05 7.34705e-07 3.33612e-08 1.04249e-09 2.19119e-11 3.04806e-13
 1.01126e-08 4.9856e-07 1.44931e-05 0.000248428 0.00251109 0.0149725 0.0527532 0.110793 0.144654 0.13861 0.135352 0.13951 0.118469 0.0785368 0.0416944 0.0165538 0.0044522 0.00077738 8.94655e-05 7.11107e-06 4.06835e-07 1.68273e-08 4.89866e-10 9.72052e-12 1.28183e-13
 1.58509e-08 7.41373e-07 2.0446e-05 0.000332488 0.00318841 0.0180375 0.060322 0.120478 0.150856 0.142247 0.139252 0.13911 0.110621 0.0673456 0.0326871 0.0119676 0.0029916 0.000485998 5.17246e-05 3.75345e-06 1.92889e-07 7.0743e-09 1.81698e-10 3.19269e-12 3.76811e-14
 2.09652e-08 9.29714e-07 2.43102e-05 0.000374825 0.00340817 0.0182869 0.0580823 0.110904 0.136622 0.137126 0.148621 0.151897 0.117885 0.0696496 0.0326269 0.0113703 0.00267301 0.000404822 3.98133e-05 2.64369e-06 1.23314e-07 4.08593e-09 9.44614e-11 1.48609e-12 1.5609e-14
 3.088e-08 1.2977e-06 3.21557e-05 0.000469836 0.00404855 0.0205889 0.0620178 0.112626 0.133519 0.13269 0.14422 0.147095 0.117143 0.0735023 0.0360653 0.0126076 0.0028991 0.000429285 4.1828e-05 2.78258e-06 1.29144e-07 4.14944e-09 9.02645e-11 1.30596e-12 1.24433e-14
 4.80258e-08 1.91177e-06 4.4873e-05 0.00062107 0.0050696 0.0244255 0.0697488 0.120426 0.137278 0.134346 0.143992 0.142159 0.109559 0.0668782 0.031832 0.0107833 0.00243218 0.000362491 3.66502e-05 2.57367e-06 1.25161e-07 4.12184e-09 8.9932e-11 1.28262e-12 1.18533e-14
 7.41303e-08 2.79434e-06 6.2109e-05 0.000814025 0.0062924 0.0287153 0.0777364 0.127764 0.140823 0.137228 0.145688 0.138269 0.101295 0.0585756 0.0262985 0.00837958 0.00177904 0.000250851 2.42553e-05 1.65558e-06 7.96816e-08 2.63645e-09 5.82981e-11 8.43048e-13 7.84379e-15
 1.04526e-07 3.73017e-06 7.84926e-05 0.000973968 0.00712844 0.0308144 0.079183 0.124713 0.136392 0.139484 0.15244 0.141377 0.0997191 0.0553395 0.0236356 0.00710009 0.00141401 0.000186542 1.68495e-05 1.07442e-06 4.84547e-08 1.51188e-09 3.18077e-11 4.42002e-13 3.98863e-15
 1.57871e-07 5.33296e-06 0.000106225 0.0012477 0.00864478 0.0353861 0.0862223 0.129537 0.137868 0.140823 0.151706 0.136415 0.0936823 0.050603 0.0206939 0.00584092 0.00107702 0.000129822 1.05915e-05 6.07218e-07 2.47317e-08 7.02937e-10 1.35742e-11 1.74135e-13 1.45796e-15
 2.15093e-07 6.87738e-06 0.000129663 0.00144161 0.0094562 0.0366756 0.0850006 0.12352 0.133998 0.146724 0.161136 0.139999 0.0914746 0.0467611 0.0179967 0.00476048 0.000820276 9.20473e-05 6.94442e-06 3.64564e-07 1.34579e-08 3.44061e-10 5.95553e-12 6.85312e-14 5.16739e-16
 3.04307e-07 9.20959e-06 0.000164349 0.0017296 0.0107403 0.0394587 0.0868692 0.121313 0.130677 0.145608 0.159633 0.138638 0.0926715 0.0484041 0.0184742 0.00473269 0.000785264 8.53162e-05 6.26983e-06 3.19481e-07 1.12738e-08 2.70186e-10 4.31083e-12 4.51722e-14 3.07732e-16
 4.86734e-07 1.39435e-05 0.000235535 0.00234636 0.0137928 0.0479831 0.100144 0.133168 0.137997 0.148201 0.154416 0.126301 0.0791551 0.038637 0.013759 0.00328633 0.000507903 5.13588e-05 3.5173e-06 1.67867e-07 5.59007e-09 1.2719e-10 1.9294e-12 1.91475e-14 1.22556e-16
 5.97317e-07 1.61988e-05 0.000259042 0.00244319 0.0136041 0.0449285 0.0899152 0.119248 0.134574 0.160093 0.168932 0.13336 0.0798259 0.0370383 0.0124833 0.00282142 0.000414387 4.00626e-05 2.63075e-06 1.19817e-07 3.76767e-09 8.01574e-11 1.13122e-12 1.044e-14 6.22816e-17
 9.3599e-07 2.40322e-05 0.000363853 0.00324907 0.0171281 0.0535491 0.101386 0.126846 0.134349 0.15127 0.155768 0.125126 0.0782644 0.0372171 0.0123589 0.00268599 0.000376748 3.48638e-05 2.19942e-06 9.62317e-08 2.8948e-09 5.8572e-11 7.81376e-13 6.77468e-15 3.77395e-17
 1.37543e-06 3.34399e-05 0.000479409 0.00405395 0.0202446 0.0600431 0.108524 0.132534 0.142253 0.159951 0.155752 0.11407 0.0640449 0.0275791 0.00845726 0.00172564 0.0002302 2.04732e-05 1.2482e-06 5.26922e-08 1.51992e-09 2.93072e-11 3.70909e-13 3.04033e-15 1.59609e-17
#pred catch len freq
 1.74374e-12 1.89267e-10 1.21131e-08 4.57118e-07 1.01723e-05 0.000133525 0.00103544 0.00478071 0.0136484 0.0280464 0.0568561 0.118228 0.186472 0.194216 0.142687 0.0903015 0.0567782 0.03529 0.0222062 0.0147578 0.0106289 0.00844632 0.00705692 0.00533503 0.00308406
 1.08093e-12 1.17325e-10 7.50884e-09 2.83369e-07 6.30636e-06 8.28119e-05 0.000643465 0.00300085 0.00897318 0.0215384 0.0550934 0.129357 0.209745 0.216333 0.151822 0.087875 0.0500571 0.0281983 0.0155247 0.00858661 0.00498769 0.00323084 0.00233857 0.00165756 0.000947444
 4.34433e-13 4.71537e-11 3.01788e-09 1.13894e-07 2.53533e-06 3.3334e-05 0.000260645 0.00125341 0.00425699 0.013929 0.0473748 0.123578 0.206381 0.217916 0.160956 0.100955 0.0598671 0.0322049 0.0159278 0.00763361 0.00364106 0.00182501 0.00103382 0.000630466 0.000338772
 3.54587e-12 3.84871e-10 2.46317e-08 9.29528e-07 2.06837e-05 0.000271418 0.00210146 0.00962599 0.0264419 0.0464041 0.0648439 0.097255 0.140345 0.156965 0.143628 0.120502 0.0881959 0.0534545 0.0278872 0.0129129 0.00542031 0.00218106 0.000917786 0.000428153 0.000197929
 1.30308e-11 1.41437e-09 9.05194e-08 3.41592e-06 7.60089e-05 0.000997293 0.00771694 0.0352409 0.0953326 0.155612 0.166629 0.151355 0.148146 0.125933 0.0720438 0.0267113 0.00786994 0.00309229 0.00171886 0.000904094 0.00039699 0.000148377 5.0215e-05 1.69939e-05 5.97222e-06
 1.14102e-11 1.23847e-09 7.92618e-08 2.9911e-06 6.65562e-05 0.00087328 0.00675786 0.0308733 0.0836854 0.137951 0.153985 0.155253 0.167278 0.146419 0.0825615 0.0279715 0.00560885 0.000663659 4.6314e-05 1.90755e-06 4.70698e-08 9.8838e-10 1.13646e-10 3.03887e-11 7.8522e-12
 1.39114e-11 1.50995e-09 9.66369e-08 3.64678e-06 8.11456e-05 0.00106469 0.00823822 0.0376169 0.101698 0.1655 0.174884 0.153085 0.143839 0.119669 0.0666896 0.0225404 0.00451767 0.000534491 3.72967e-05 1.53493e-06 3.72741e-08 5.35034e-10 4.56879e-12 2.37542e-14 8.69028e-17
 1.37916e-11 1.49694e-09 9.58043e-08 3.61536e-06 8.04465e-05 0.00105551 0.00816728 0.0372938 0.100835 0.16418 0.173883 0.153189 0.144962 0.120951 0.0674502 0.0228006 0.00456993 0.000540668 3.77256e-05 1.55226e-06 3.7667e-08 5.39235e-10 4.56097e-12 2.29123e-14 6.96021e-17
 1.37612e-11 1.49365e-09 9.55933e-08 3.6074e-06 8.02694e-05 0.00105319 0.00814931 0.0372119 0.100616 0.163845 0.173629 0.153215 0.145247 0.121275 0.0676429 0.0228665 0.00458317 0.000542234 3.78343e-05 1.55664e-06 3.77659e-08 5.40264e-10 4.55791e-12 2.26868e-14 6.67164e-17
 1.40891e-11 1.52924e-09 9.78711e-08 3.69335e-06 8.2182e-05 0.00107828 0.00834338 0.038096 0.102977 0.167457 0.176369 0.152931 0.142174 0.117769 0.0655622 0.0221545 0.00444013 0.000525302 3.66529e-05 1.50805e-06 3.65882e-08 5.23478e-10 4.4182e-12 2.20253e-14 6.51298e-17
 1.45927e-11 1.5839e-09 1.01369e-07 3.82536e-06 8.51192e-05 0.00111682 0.00864141 0.0394536 0.106604 0.173003 0.180576 0.152494 0.137456 0.112383 0.0623668 0.0210611 0.00422045 0.0004993 3.48383e-05 1.43338e-06 3.47752e-08 4.97476e-10 4.19681e-12 2.08872e-14 6.1401e-17
 1.48061e-11 1.60706e-09 1.02851e-07 3.88129e-06 8.63639e-05 0.00113315 0.0087677 0.0400289 0.10814 0.175353 0.182359 0.152309 0.135456 0.110101 0.0610127 0.0205978 0.00412736 0.000488281 3.40693e-05 1.40173e-06 3.4007e-08 4.86462e-10 4.10314e-12 2.04076e-14 5.98492e-17
 1.55999e-11 1.69322e-09 1.08366e-07 4.0894e-06 9.09944e-05 0.0011939 0.00923756 0.0421693 0.113857 0.184096 0.188992 0.151621 0.128017 0.101611 0.0559752 0.018874 0.00378104 0.000447289 3.12089e-05 1.28404e-06 3.11517e-08 4.45617e-10 3.75861e-12 1.86938e-14 5.48201e-17
 1.58677e-11 1.72229e-09 1.10226e-07 4.15959e-06 9.25563e-05 0.00121439 0.00939603 0.0428912 0.115786 0.187046 0.191229 0.151389 0.125507 0.098747 0.054276 0.0182926 0.00366423 0.000433462 3.0244e-05 1.24434e-06 3.01886e-08 4.3184e-10 3.64243e-12 1.81161e-14 5.31283e-17
 1.61437e-11 1.75224e-09 1.12143e-07 4.23193e-06 9.41659e-05 0.00123551 0.00955936 0.0436352 0.117773 0.190085 0.193535 0.151149 0.122921 0.0957957 0.0525249 0.0176934 0.00354384 0.000419213 2.92497e-05 1.20343e-06 2.91961e-08 4.17642e-10 3.52265e-12 1.75202e-14 5.13784e-17
 1.64401e-11 1.78441e-09 1.14202e-07 4.30964e-06 9.58949e-05 0.00125819 0.0097348 0.0444344 0.119907 0.19335 0.196012 0.150892 0.120144 0.0926255 0.0506439 0.0170498 0.00341453 0.000403907 2.81816e-05 1.15948e-06 2.81299e-08 4.02391e-10 3.39401e-12 1.68804e-14 4.95018e-17
 1.7389e-11 1.88741e-09 1.20794e-07 4.55839e-06 0.00010143 0.0013308 0.0102964 0.0469928 0.126741 0.203801 0.203941 0.15007 0.111251 0.082477 0.0446225 0.0149893 0.00300056 0.000354908 2.47624e-05 1.0188e-06 2.47169e-08 3.53568e-10 2.98222e-12 1.48323e-14 4.34957e-17
 1.70919e-11 1.85516e-09 1.1873e-07 4.48049e-06 9.96966e-05 0.00130806 0.0101205 0.0461916 0.124601 0.200528 0.201458 0.150327 0.114036 0.0856551 0.0465081 0.0156346 0.0031302 0.000370252 2.58332e-05 1.06286e-06 2.57857e-08 3.68857e-10 3.11117e-12 1.54736e-14 4.53766e-17
 1.72739e-11 1.87491e-09 1.19994e-07 4.52821e-06 0.000100758 0.00132199 0.0102283 0.0466823 0.125912 0.202533 0.202979 0.15017 0.11233 0.0837085 0.0453531 0.0152393 0.0030508 0.000360854 2.51773e-05 1.03588e-06 2.5131e-08 3.59493e-10 3.03219e-12 1.50808e-14 4.42245e-17
 1.76867e-11 1.91972e-09 1.22862e-07 4.63642e-06 0.000103166 0.00135358 0.0104726 0.0477953 0.128884 0.207079 0.206428 0.149812 0.108462 0.0792938 0.0427337 0.014343 0.00287072 0.000339538 2.36899e-05 9.74678e-07 2.36463e-08 3.38254e-10 2.85305e-12 1.41898e-14 4.16118e-17
 1.79843e-11 1.95202e-09 1.24929e-07 4.71443e-06 0.000104902 0.00137636 0.0106487 0.0485977 0.131028 0.210357 0.208914 0.149554 0.105673 0.0761108 0.0408452 0.0136968 0.00274088 0.000324171 2.26175e-05 9.30556e-07 2.25759e-08 3.22942e-10 2.72389e-12 1.35475e-14 3.97281e-17
 1.8625e-11 2.02157e-09 1.2938e-07 4.88239e-06 0.000108639 0.00142539 0.0110279 0.0503251 0.135642 0.217414 0.214268 0.148998 0.099669 0.0692585 0.0367794 0.0123055 0.00246137 0.000291086 2.03089e-05 8.35567e-07 2.02714e-08 2.89977e-10 2.44584e-12 1.21646e-14 3.56727e-17
 1.87631e-11 2.03656e-09 1.30339e-07 4.9186e-06 0.000109445 0.00143596 0.0111097 0.0506975 0.136636 0.218935 0.215422 0.148878 0.0983746 0.0677813 0.035903 0.0120056 0.00240112 0.000283954 1.98112e-05 8.1509e-07 1.97746e-08 2.8287e-10 2.3859e-12 1.18665e-14 3.47985e-17
 1.8753e-11 2.03546e-09 1.30269e-07 4.91595e-06 0.000109386 0.00143519 0.0111037 0.0506703 0.136564 0.218824 0.215338 0.148887 0.0984693 0.0678893 0.035967 0.0120276 0.00240552 0.000284476 1.98476e-05 8.16587e-07 1.98109e-08 2.8339e-10 2.39029e-12 1.18883e-14 3.48624e-17
 1.92865e-11 2.09337e-09 1.33975e-07 5.0558e-06 0.000112498 0.00147601 0.0114195 0.0521086 0.140406 0.2247 0.219795 0.148425 0.09347 0.0621838 0.0325817 0.0108692 0.00217279 0.000256928 1.79253e-05 7.37496e-07 1.78921e-08 2.55942e-10 2.15877e-12 1.07368e-14 3.14858e-17
 1.93789e-11 2.1034e-09 1.34617e-07 5.08003e-06 0.000113037 0.00148308 0.0114741 0.0523577 0.141071 0.225718 0.220567 0.148344 0.0926041 0.0611956 0.0319954 0.0106685 0.00213248 0.000252157 1.75923e-05 7.23797e-07 1.75598e-08 2.51188e-10 2.11867e-12 1.05374e-14 3.09009e-17
 1.9719e-11 2.14031e-09 1.36979e-07 5.16917e-06 0.00011502 0.0015091 0.0116754 0.0532746 0.14352 0.229463 0.223408 0.14805 0.0894174 0.0575587 0.0298375 0.00993015 0.00198413 0.000234598 1.6367e-05 6.73383e-07 1.63367e-08 2.33692e-10 1.9711e-12 9.80341e-15 2.87486e-17
 2.09826e-11 2.27746e-09 1.45757e-07 5.50041e-06 0.000122391 0.0016058 0.0124233 0.0566813 0.152619 0.24338 0.233966 0.146954 0.0775765 0.0440451 0.0218194 0.00718648 0.0014329 0.000169352 1.18141e-05 4.86055e-07 1.17919e-08 1.6868e-10 1.42275e-12 7.07617e-15 2.07509e-17
#obs catch len freq
 3.89874e-11 3.61322e-09 1.97447e-07 6.36202e-06 0.000120873 0.00135416 0.00894725 0.0348985 0.0807654 0.11387 0.110395 0.102951 0.113556 0.119854 0.111396 0.0902497 0.0594091 0.0313802 0.0138553 0.00510768 0.00149571 0.000329676 5.22541e-05 5.71899e-06 4.17255e-07
 5.93385e-11 5.304e-09 2.79549e-07 8.68761e-06 0.000159196 0.00172017 0.0109624 0.0412468 0.0921449 0.125824 0.119639 0.111167 0.118936 0.116151 0.0977195 0.0740652 0.0481426 0.0256637 0.0111838 0.00393072 0.00107815 0.000221105 3.23847e-05 3.25289e-06 2.16996e-07
 3.51061e-11 3.02135e-09 1.53323e-07 4.58777e-06 8.09467e-05 0.000842293 0.00517296 0.0188303 0.041525 0.0613994 0.0821691 0.124073 0.165479 0.166326 0.136041 0.0968474 0.057364 0.0276919 0.0112044 0.0037512 0.000979973 0.000188578 2.55876e-05 2.36406e-06 1.44469e-07
 1.72785e-11 1.42946e-09 6.97305e-08 2.00571e-06 3.40195e-05 0.000340356 0.00201167 0.0070821 0.0154793 0.0249569 0.0423636 0.0792697 0.128476 0.173964 0.195082 0.164719 0.0993735 0.0446086 0.0160772 0.00479086 0.00113853 0.000202866 2.55972e-05 2.18977e-06 1.23161e-07
 3.49055e-10 2.77166e-08 1.29769e-06 3.58253e-05 0.00058317 0.00559743 0.0316793 0.105727 0.208143 0.242169 0.168302 0.0747044 0.0312759 0.0268864 0.0322167 0.0312894 0.0225696 0.0121508 0.00486299 0.00143639 0.00031315 4.99888e-05 5.68326e-06 4.42908e-07 2.28401e-08
 2.1838e-10 1.66193e-08 7.45762e-07 1.97322e-05 0.00030786 0.00283264 0.0153816 0.0494809 0.0961596 0.123643 0.138986 0.172201 0.182736 0.128597 0.0574704 0.0189648 0.0071768 0.00364849 0.0016789 0.000562269 0.000129837 2.03634e-05 2.15239e-06 1.51865e-07 7.0506e-09
 5.24035e-10 3.81702e-08 1.63937e-06 4.1516e-05 0.000619933 0.00545856 0.028346 0.086893 0.157996 0.174687 0.131828 0.0958116 0.0885407 0.0861185 0.0726411 0.0457512 0.0190814 0.00507274 0.000929309 0.000150839 2.61e-05 3.93541e-06 4.15821e-07 2.85315e-08 1.24591e-09
 7.10938e-10 4.95003e-08 2.03222e-06 4.91951e-05 0.000702211 0.00591073 0.0293504 0.0861556 0.151114 0.166909 0.141841 0.129158 0.118868 0.0854137 0.0477602 0.0231419 0.00962785 0.00312347 0.000736215 0.000121342 1.40252e-05 1.21768e-06 8.64299e-08 4.89133e-09 1.96865e-10
 1.02648e-09 6.82365e-08 2.67468e-06 6.18179e-05 0.000842467 0.00677054 0.0321008 0.0899962 0.150962 0.160452 0.133835 0.122395 0.115038 0.0889681 0.0561027 0.028521 0.0106223 0.0027405 0.000507335 7.27153e-05 8.20475e-06 6.84259e-07 3.96388e-08 1.56962e-09 4.32159e-11
 1.49209e-09 9.45948e-08 3.53611e-06 7.79424e-05 0.00101302 0.00776441 0.035114 0.093967 0.150987 0.15616 0.132319 0.125072 0.116423 0.0874605 0.0537383 0.0268244 0.0099391 0.0025883 0.000478226 6.43209e-05 6.33829e-06 4.53656e-07 2.32516e-08 8.32708e-10 2.01593e-11
 2.31851e-09 1.40032e-07 4.98696e-06 0.000104721 0.00129667 0.00946838 0.0407987 0.104073 0.159762 0.159366 0.133245 0.124606 0.111771 0.079626 0.0458327 0.0210921 0.00705188 0.00161207 0.00025593 2.97788e-05 2.618e-06 1.70277e-07 7.84967e-09 2.47903e-10 5.24983e-12
 3.25979e-09 1.87384e-07 6.35131e-06 0.000126936 0.00149592 0.0103971 0.0426548 0.103755 0.153014 0.151262 0.133986 0.132533 0.117779 0.081019 0.0447404 0.0195716 0.00614895 0.00130207 0.000187089 1.90821e-05 1.43225e-06 7.90617e-08 3.13288e-09 8.66774e-11 1.63029e-12
 4.75102e-09 2.59691e-07 8.36977e-06 0.00015906 0.00178246 0.0117809 0.0459732 0.106511 0.150567 0.14627 0.13311 0.134178 0.118106 0.080902 0.0446249 0.0190599 0.00568634 0.00111934 0.000146595 1.33609e-05 8.82305e-07 4.24006e-08 1.44887e-09 3.43034e-11 5.5137e-13
 7.57241e-09 3.93246e-07 1.20415e-05 0.000217415 0.00231478 0.0145357 0.0538969 0.118687 0.159715 0.148492 0.130429 0.12702 0.108632 0.0734228 0.0400871 0.0166968 0.00480219 0.000911506 0.000115775 1.02305e-05 6.44522e-07 2.8733e-08 8.86165e-10 1.8563e-11 2.60775e-13
 1.0441e-08 5.1475e-07 1.49638e-05 0.000256495 0.00259262 0.0154584 0.0544617 0.114342 0.149044 0.141925 0.136808 0.138847 0.115158 0.0736175 0.0377911 0.0148213 0.00403399 0.000729932 8.9182e-05 7.6365e-06 4.66826e-07 2.00926e-08 5.92724e-10 1.17229e-11 1.53017e-13
 1.67863e-08 7.85125e-07 2.16526e-05 0.000352109 0.0033765 0.0190998 0.0638438 0.127209 0.157536 0.14297 0.131947 0.129103 0.105202 0.0675688 0.0346552 0.0131424 0.00335213 0.000554602 6.06485e-05 4.59444e-06 2.50482e-07 9.83512e-09 2.70484e-10 5.04961e-12 6.24408e-14
 2.63486e-08 1.16844e-06 3.05524e-05 0.000471063 0.00428295 0.0229728 0.0728405 0.137916 0.163575 0.14559 0.134029 0.126657 0.0963959 0.0567512 0.0266024 0.00930419 0.00220465 0.000338995 3.4225e-05 2.36227e-06 1.15475e-07 4.01624e-09 9.74298e-11 1.61126e-12 1.7843e-14
 3.52374e-08 1.48081e-06 3.6693e-05 0.000536128 0.00461964 0.0234895 0.0706991 0.127899 0.149089 0.140981 0.143619 0.138975 0.103293 0.0589936 0.0266389 0.00884976 0.00196883 0.000281806 2.62507e-05 1.65565e-06 7.33867e-08 2.30432e-09 5.02817e-11 7.44001e-13 7.3288e-15
 5.21164e-08 2.0746e-06 4.8695e-05 0.000673964 0.00550117 0.0265003 0.0756091 0.130011 0.14565 0.136018 0.138793 0.134349 0.10287 0.0624061 0.029375 0.00974838 0.00211827 0.000296524 2.73815e-05 1.72893e-06 7.60544e-08 2.3081e-09 4.72647e-11 6.42108e-13 5.73269e-15
 8.13343e-08 3.0659e-06 6.81446e-05 0.000893121 0.00690343 0.0314954 0.0851507 0.13908 0.149406 0.136509 0.136575 0.127767 0.0946643 0.0558208 0.0254578 0.00818697 0.00174752 0.000246772 2.36799e-05 1.57695e-06 7.24872e-08 2.24807e-09 4.6062e-11 6.1562e-13 5.32107e-15
 1.25631e-07 4.48334e-06 9.43407e-05 0.00117059 0.00856646 0.0370082 0.0948193 0.147293 0.152543 0.137937 0.136097 0.122212 0.0859949 0.0479774 0.020615 0.00623141 0.00125172 0.000167275 1.5363e-05 9.95458e-07 4.5318e-08 1.41218e-09 2.93044e-11 3.96574e-13 3.44511e-15
 1.80004e-07 6.08063e-06 0.000121118 0.00142259 0.00985551 0.0403219 0.0980126 0.145622 0.148628 0.139372 0.140702 0.12332 0.0834898 0.0446281 0.0182076 0.00518205 0.000975621 0.000121897 1.04519e-05 6.3244e-07 2.69765e-08 7.92835e-10 1.56559e-11 2.03602e-13 1.71513e-15
 2.73437e-07 8.74285e-06 0.000164832 0.00183253 0.0120173 0.0465507 0.107246 0.151713 0.149756 0.138871 0.137542 0.116822 0.0769785 0.0399635 0.0155681 0.00415438 0.000722909 8.23939e-05 6.37384e-06 3.46663e-07 1.33586e-08 3.57753e-10 6.48512e-12 7.78572e-14 6.08481e-16
 3.74782e-07 1.13424e-05 0.000202409 0.00213003 0.0132239 0.0485306 0.106294 0.145124 0.145152 0.143926 0.145891 0.119942 0.0751777 0.0368951 0.0135124 0.00337684 0.000548742 5.81731e-05 4.15628e-06 2.06713e-07 7.21142e-09 1.73595e-10 2.81999e-12 3.03704e-14 2.13798e-16
 5.4193e-07 1.55247e-05 0.000262243 0.00261232 0.0153534 0.0533645 0.110913 0.144871 0.142 0.141201 0.142307 0.117081 0.0750726 0.0375154 0.0135778 0.00328135 0.000513428 5.27109e-05 3.66659e-06 1.76702e-07 5.87957e-09 1.32417e-10 1.97998e-12 1.94008e-14 1.23331e-16
 8.53184e-07 2.31375e-05 0.000369991 0.00348909 0.0194138 0.0638964 0.12587 0.156365 0.147008 0.140585 0.134582 0.104203 0.062574 0.0291929 0.00985207 0.00221894 0.000323271 3.08803e-05 2.00167e-06 9.03696e-08 2.83798e-09 6.06675e-11 8.61929e-13 7.99124e-15 4.76835e-17
 1.07084e-06 2.74945e-05 0.00041627 0.00371697 0.0195909 0.0611918 0.115362 0.141839 0.143304 0.151976 0.148362 0.111099 0.0636873 0.0282107 0.00900467 0.00191906 0.00026576 2.42731e-05 1.50766e-06 6.487e-08 1.92107e-09 3.83639e-11 5.06837e-13 4.36898e-15 2.42939e-17
 1.68431e-06 4.0949e-05 0.000587046 0.00496343 0.0247697 0.0732343 0.130511 0.150826 0.141508 0.140264 0.133107 0.10148 0.0606731 0.0274224 0.00859685 0.00175959 0.000232665 2.03398e-05 1.21326e-06 5.01081e-08 1.41815e-09 2.69087e-11 3.35759e-13 2.71691e-15 1.40979e-17
#spawning biomass
 24940.5 30057 20898.7 11897.3 14667.9 19790.4 25418.6 36483.6 44068.4 57273.6 69956.3 71214.6 71889.6 87378.7 93988.5 82666 87024.6 95247.9 85700 91140.5 96438.3 88352.4 88175.7 107126 100696 87077.3 79399.7 84517.6 71248.6 229824 382079 540978 694552 836260 963472 1.07594e+06 1.17471e+06 1.26138e+06 1.33769e+06 1.4053e+06 1.46569e+06 1.52012e+06 1.56876e+06 1.60245e+06 1.63506e+06 1.66659e+06 1.6971e+06 1.72662e+06 1.75517e+06 1.7828e+06 1.80952e+06 1.83537e+06 1.86038e+06 1.88457e+06 1.90798e+06 1.93062e+06 1.95252e+06 1.97371e+06 1.99421e+06 2.01404e+06 2.03322e+06 2.05178e+06 2.06974e+06 2.0871e+06 2.10391e+06 2.12016e+06 2.13589e+06 2.1511e+06 2.16581e+06 2.18005e+06 2.19382e+06 2.20715e+06 2.22003e+06 2.2325e+06 2.24457e+06 2.25624e+06 2.26752e+06 2.27844e+06 2.28901e+06 2.29923e+06 2.30912e+06 2.31868e+06 2.32793e+06 2.33689e+06 2.34555e+06 2.35392e+06 2.36203e+06 2.36987e+06 2.37745e+06 2.38479e+06 2.39189e+06 2.39875e+06 2.4054e+06 2.41182e+06 2.41804e+06 2.42405e+06 2.42987e+06 2.4355e+06 2.44094e+06 2.44621e+06 2.45131e+06 2.45624e+06 2.46101e+06 2.46562e+06 2.47008e+06 2.4744e+06 2.47858e+06 2.48262e+06 2.48653e+06 2.49031e+06 2.49397e+06 2.49751e+06 2.50093e+06 2.50424e+06 2.50745e+06 2.51054e+06 2.51354e+06 2.51644e+06 2.51925e+06 2.52197e+06 2.52459e+06 2.52713e+06 2.52959e+06 2.53197e+06 2.53427e+06 2.53649e+06 2.53865e+06 2.54073e+06 0 0 0 0 0 0 0 0 0 0 0 0 0 0 0 0 0 0 0 0 0 0 0 0 0
