SBPRF35
0.178135
Curr Bio
84499.9
B35
189790
F35
0.608242
FOFL
0.463702
OFL
41500.5
Bzero
50895.7
#pred survey bio
 8022.61 7733.01 9941.85 12132 18197.2 29492.2 29875.5 35361.7 45634.2 57112.8 72133.6 94593.8 119574 152790 147277 125768 110085 114677 109275 100275 108659 115497 120819 122691 127063 131488 134162 108607 88429.6 5.28147e+06 3.04439e+06 1.91458e+06 1.19106e+06 805754 616429 525331 480674 457844 445579 438690 434690 432316 430888 430018 429485 429166 428975 428860 428791 428750 428725 428709 428700 428695 428691 428689 428688 428687 428687 428687 428686 428686 428686 428686 428686 428686 428686 428686 428686 428686 428686 428686 428686 428686 428686 428686 428686 428686 428686 428686 428686 428686 428686 428686 428686 428686 428686 428686 428686 428686 428686 428686 428686 428686 428686 428686 428686 428686 428686 428686 428686 428686 428686 428686 428686 428686 428686 428686 428686 428686 428686 428686 428686 428686 428686 428686 428686 428686 428686 428686 428686 428686 428686 428686 428686 428686 428686 428686 428686 0 0 0 0 0 0 0 0 0 0 0 0 0 0 0 0 0 0 0 0 0 0 0 0 0
#obs survey bio
 7306.59 12749.6 8341.44 10545 34795.3 24670.9 29953.5 53721.1 56412.8 80941.9 69663.8 123871 106661 139573 138927 151118 111018 124938 136323 145053 134143 107003 137893 110272 96179.5 96027.8 104784 91611.4 89631.4
#pred catch bio
 4557.4 4301.01 5819.99 7647.7 8817.97 18544 19619 22977.4 29729.4 37736.9 47897.3 64419.1 77722.4 110095 109827 95317.3 78661.9 85793.3 84248.8 72336.4 80223.3 87121.7 94196.2 98744.7 104562 107810 116953 95752.2 31593 41500.5 50626.2 29468.2 16847.4 10709.2 8055.42 6991.44 6586.21 6437.39 6384.15 6365.48 6359.03 6356.83 6356.08 6355.83 6355.74 6355.71 6355.71 6355.7 6355.7 6355.7 6355.7 6355.7 6355.7 6355.7 6355.7 6355.7 6355.7 6355.7 6355.7 6355.7 6355.7 6355.7 6355.7 6355.7 6355.7 6355.7 6355.7 6355.7 6355.7 6355.7 6355.7 6355.7 6355.7 6355.7 6355.7 6355.7 6355.7 6355.7 6355.7 6355.7 6355.7 6355.7 6355.7 6355.7 6355.7 6355.7 6355.7 6355.7 6355.7 6355.7 6355.7 6355.7 6355.7 6355.7 6355.7 6355.7 6355.7 6355.7 6355.7 6355.7 6355.7 6355.7 6355.7 6355.7 6355.7 6355.7 6355.7 6355.7 6355.7 6355.7 6355.7 6355.7 6355.7 6355.7 6355.7 6355.7 6355.7 6355.7 6355.7 6355.7 6355.7 6355.7 6355.7 6355.7 6355.7 6355.7 6355.7 6355.7 6355.7 0 0 0 0 0 0 0 0 0 0 0 0 0 0 0 0 0 0 0 0 0 0 0 0 0
#obs catch bio
 4195.54 4232.11 5722.03 7734.56 8485.32 18178.9 19918.5 22413.6 29177.3 37109 46883.5 62741.2 76099.8 108197 110862 93353.1 77143.3 85024.7 82997.6 69406.6 76685.1 83656.2 89707 96122.9 102853 106259 116512 94560.9 31134.2
#pred cpue bio
 7337.84 6698.08 8605.4 10505.8 15034.7 25751.7 26139 29760.2 38856 48537.6 61064.5 79696.8 100928 130126 126829 108303 93822.3 97732 93009.9 84979.2 92089 97448.3 101742 102711 105245 108712 111411 90430.3 73024.8 4.7423e+06 3.01751e+06 1.8877e+06 1.16418e+06 778869 589545 498446 453789 430959 418694 411805 407805 405431 404003 403133 402600 402282 402091 401976 401907 401865 401840 401825 401816 401810 401807 401805 401803 401803 401802 401802 401802 401802 401802 401802 401802 401802 401802 401802 401802 401802 401802 401802 401802 401802 401802 401802 401802 401802 401802 401802 401802 401802 401802 401802 401802 401802 401802 401802 401802 401802 401802 401802 401802 401802 401802 401802 401802 401802 401802 401802 401802 401802 401802 401802 401802 401802 401802 401802 401802 401802 401802 401802 401802 401802 401802 401802 401802 401802 401802 401802 401802 401802 401802 401802 401802 401802 401802 401802 401802 0 0 0 0 0 0 0 0 0 0 0 0 0 0 0 0 0 0 0 0 0 0 0 0 0
#obs cpue bio
 6533.18 6870.6 11219 9156.21 26184.9 23354.5 20468.6 36232.2 39795.8 43520 92876.3 95248.5 143563 184626 97096.6 161073 115622 99613 101250 132251 152872 190984 197442 152002 171849 181946 150813 149772 79917.1
#pred surv len freq
 2.56693e-27 2.5985e-27 4.21249e-26 8.34668e-20 2.04609e-14 6.06292e-10 2.17164e-06 0.000940236 0.0492086 0.311307 0.238292 0.0367178 0.112066 0.103564 0.0272048 0.0363816 0.017308 0.0156298 0.0107834 0.00903442 0.00769716 0.00713017 0.00759419 0.00698082 0.00215778
 2.56983e-27 2.606e-27 4.82514e-26 9.63891e-20 2.36286e-14 7.00158e-10 2.50785e-06 0.0010858 0.056827 0.359503 0.275138 0.0394992 0.107349 0.0987945 0.0191666 0.0189646 0.0076285 0.00519543 0.00296814 0.00211876 0.00158084 0.00130801 0.00127139 0.00119223 0.000406518
 2.56937e-27 2.60468e-27 4.69794e-26 9.37051e-20 2.29707e-14 6.80663e-10 2.43802e-06 0.00105557 0.0552447 0.349493 0.267515 0.0408166 0.122731 0.112912 0.0203527 0.01804 0.00617706 0.0027106 0.0011793 0.00063407 0.000376162 0.000262268 0.000222831 0.000202545 7.22193e-05
 2.56927e-27 2.60443e-27 4.67764e-26 9.32769e-20 2.28657e-14 6.77552e-10 2.42688e-06 0.00105075 0.0549922 0.347896 0.266295 0.0407814 0.12332 0.113506 0.0213712 0.0202039 0.00668437 0.00251709 0.000829987 0.000286401 0.000115971 6.00722e-05 4.1231e-05 3.41651e-05 1.22581e-05
 2.57207e-27 2.612e-27 5.34479e-26 1.07351e-19 2.63158e-14 7.79784e-10 2.79306e-06 0.00120929 0.0632897 0.400388 0.30635 0.0390272 0.0818292 0.0751702 0.01372 0.0123955 0.00418374 0.00170282 0.000529538 0.000145354 3.59121e-05 1.12207e-05 5.27638e-06 3.62251e-06 1.25853e-06
 2.56858e-27 2.60246e-27 4.49441e-26 8.94113e-20 2.19181e-14 6.49473e-10 2.3263e-06 0.0010072 0.0527132 0.333478 0.255307 0.0420752 0.140886 0.129548 0.0211776 0.0157164 0.00520975 0.00200631 0.000642981 0.000183181 3.74906e-05 6.87901e-06 1.67084e-06 7.82269e-07 2.48575e-07
 2.56852e-27 2.60242e-27 4.5017e-26 8.95655e-20 2.19559e-14 6.50593e-10 2.33031e-06 0.00100894 0.0528041 0.334053 0.255731 0.0411153 0.133284 0.122762 0.0241372 0.0241671 0.0076526 0.00232815 0.00070966 0.000195821 4.15869e-05 6.51833e-06 8.15291e-07 1.77923e-07 4.54167e-08
 2.57107e-27 2.60931e-27 5.10839e-26 1.02364e-19 2.50933e-14 7.4356e-10 2.66331e-06 0.00115311 0.0603496 0.381788 0.292156 0.0395841 0.0960391 0.0883103 0.0165364 0.0155256 0.00535426 0.00233818 0.000674634 0.000152295 3.05176e-05 4.79747e-06 4.85628e-07 4.24808e-08 6.13512e-09
 2.57027e-27 2.60705e-27 4.90018e-26 9.79714e-20 2.40165e-14 7.11652e-10 2.54902e-06 0.00110363 0.0577599 0.365405 0.279667 0.0408917 0.114765 0.105438 0.016821 0.0118453 0.00397075 0.00160738 0.000535703 0.000156813 2.73106e-05 3.78338e-06 3.68945e-07 2.12449e-08 1.15997e-09
 2.5704e-27 2.60745e-27 4.93772e-26 9.87633e-20 2.42106e-14 7.17404e-10 2.56962e-06 0.00111255 0.0582268 0.368358 0.281916 0.040537 0.110485 0.101559 0.0174151 0.0141605 0.00442209 0.00126884 0.000392378 0.000114025 2.5224e-05 3.54814e-06 2.97873e-07 1.52487e-08 4.21425e-10
 2.57063e-27 2.60807e-27 4.99214e-26 9.99114e-20 2.44921e-14 7.25744e-10 2.59949e-06 0.00112548 0.0589036 0.37264 0.285185 0.0404405 0.107455 0.098743 0.01655 0.0129041 0.00415885 0.00140086 0.000386837 8.37424e-05 1.74401e-05 2.86252e-06 2.61011e-07 1.1705e-08 2.53159e-10
 2.57091e-27 2.6088e-27 5.05661e-26 1.01271e-19 2.48254e-14 7.35622e-10 2.63488e-06 0.0011408 0.0597054 0.377713 0.289055 0.0403073 0.103721 0.0952858 0.0157233 0.011885 0.00378895 0.0012177 0.000354293 8.38187e-05 1.37709e-05 1.92368e-06 1.94421e-07 9.44542e-09 1.80715e-10
 2.57078e-27 2.60845e-27 5.02376e-26 1.00578e-19 2.46556e-14 7.30589e-10 2.61685e-06 0.001133 0.0592969 0.375128 0.287086 0.0405245 0.106758 0.0980621 0.0157399 0.0112213 0.00354853 0.00109921 0.000312787 7.25296e-05 1.2902e-05 1.59769e-06 1.32662e-07 6.85232e-09 1.38918e-10
 2.57025e-27 2.60701e-27 4.89762e-26 9.79175e-20 2.40033e-14 7.1126e-10 2.54762e-06 0.00110302 0.0577281 0.365204 0.279512 0.0408027 0.114197 0.104951 0.0174117 0.0132989 0.00415953 0.00120466 0.000335615 7.5043e-05 1.2998e-05 1.66743e-06 1.28482e-07 5.5806e-09 1.16423e-10
 2.56952e-27 2.60502e-27 4.72028e-26 9.41763e-20 2.30862e-14 6.84085e-10 2.45028e-06 0.00106088 0.0555224 0.35125 0.268867 0.0414494 0.126596 0.116363 0.0188849 0.0137901 0.00437331 0.0013691 0.000376438 7.92515e-05 1.32371e-05 1.6443e-06 1.27885e-07 5.17793e-09 9.40055e-11
 2.56954e-27 2.60507e-27 4.72584e-26 9.42936e-20 2.31149e-14 6.84937e-10 2.45333e-06 0.0010622 0.0555916 0.351688 0.2692 0.0413287 0.125445 0.115326 0.0191709 0.0147016 0.00462106 0.00137542 0.000386046 8.60804e-05 1.38345e-05 1.63021e-06 1.22345e-07 4.91494e-09 8.30081e-11
 2.5702e-27 2.60688e-27 4.8854e-26 9.76596e-20 2.39401e-14 7.09387e-10 2.54091e-06 0.00110012 0.0575761 0.364242 0.278779 0.0408823 0.115317 0.105972 0.0173588 0.0129249 0.00410406 0.00129129 0.000358471 7.7311e-05 1.29628e-05 1.52984e-06 1.08491e-07 4.19017e-09 6.93079e-11
 2.5702e-27 2.60688e-27 4.88534e-26 9.76584e-20 2.39398e-14 7.09378e-10 2.54087e-06 0.0011001 0.0575753 0.364237 0.278775 0.0408894 0.115374 0.106024 0.0173587 0.0129099 0.00407239 0.00123946 0.000349427 7.84702e-05 1.28573e-05 1.5333e-06 1.10331e-07 4.06055e-09 6.4415e-11
 2.57027e-27 2.60704e-27 4.89833e-26 9.79324e-20 2.40069e-14 7.11368e-10 2.548e-06 0.00110319 0.0577369 0.365259 0.279557 0.0409632 0.115386 0.106009 0.016887 0.0118364 0.00372877 0.0011328 0.000315553 6.93679e-05 1.17208e-05 1.40517e-06 1.00978e-07 3.75286e-09 5.72584e-11
 2.57052e-27 2.60772e-27 4.95773e-26 9.91854e-20 2.43141e-14 7.2047e-10 2.5806e-06 0.0011173 0.0584756 0.369933 0.283124 0.0408593 0.11209 0.102952 0.0160748 0.0107499 0.00334262 0.000949509 0.000262146 5.73164e-05 9.49872e-06 1.14927e-06 8.39483e-08 3.12084e-09 4.77411e-11
 2.57053e-27 2.60776e-27 4.96229e-26 9.92815e-20 2.43377e-14 7.21169e-10 2.58311e-06 0.00111839 0.0585323 0.370291 0.283395 0.0407401 0.110991 0.101965 0.0163765 0.0116853 0.00360649 0.000971486 0.000260449 5.38172e-05 8.81814e-06 1.05177e-06 7.68208e-08 2.90012e-09 4.4519e-11
 2.57079e-27 2.60847e-27 5.02461e-26 1.00596e-19 2.46599e-14 7.30718e-10 2.61731e-06 0.0011332 0.0593074 0.375195 0.287137 0.0405938 0.107249 0.0985009 0.0155601 0.0106976 0.00334017 0.000966539 0.000257328 5.04902e-05 7.85605e-06 9.04813e-07 6.51631e-08 2.4548e-09 3.81406e-11
 2.57089e-27 2.60873e-27 5.04626e-26 1.01053e-19 2.47719e-14 7.34037e-10 2.6292e-06 0.00113834 0.0595767 0.376898 0.288439 0.0406241 0.106565 0.0978484 0.0150606 0.00972039 0.00300922 0.000836015 0.000226487 4.69559e-05 7.09764e-06 7.71014e-07 5.30024e-08 1.96019e-09 3.03773e-11
 2.57122e-27 2.60961e-27 5.12369e-26 1.02686e-19 2.51723e-14 7.45902e-10 2.67169e-06 0.00115674 0.0605397 0.38299 0.293088 0.0404516 0.101986 0.0936105 0.0140881 0.0085667 0.00261899 0.000678413 0.000179629 3.62384e-05 5.69203e-06 6.23155e-07 4.04547e-08 1.42122e-09 2.15371e-11
 2.57179e-27 2.61115e-27 5.25962e-26 1.05554e-19 2.58753e-14 7.66731e-10 2.7463e-06 0.00118904 0.0622302 0.393685 0.301249 0.0401013 0.0935869 0.0858475 0.0124913 0.00687716 0.0020775 0.000504322 0.000129479 2.45111e-05 3.72811e-06 4.12157e-07 2.72518e-08 9.13183e-10 1.31347e-11
 2.57187e-27 2.61136e-27 5.27619e-26 1.05903e-19 2.59609e-14 7.69269e-10 2.75539e-06 0.00119298 0.0624362 0.394989 0.302245 0.0401607 0.0933388 0.085594 0.0120012 0.00582126 0.00172796 0.000377808 9.3612e-05 1.66499e-05 2.39411e-06 2.51446e-07 1.65458e-08 5.61622e-10 7.77843e-12
 2.57163e-27 2.6107e-27 5.2178e-26 1.04672e-19 2.5659e-14 7.60322e-10 2.72335e-06 0.0011791 0.0617101 0.390395 0.29874 0.040371 0.0974017 0.0893362 0.0125385 0.00610267 0.00178424 0.000343116 8.07499e-05 1.30413e-05 1.76556e-06 1.73264e-07 1.07424e-08 3.59254e-10 5.00058e-12
 2.57147e-27 2.61026e-27 5.1774e-26 1.03819e-19 2.54501e-14 7.54131e-10 2.70117e-06 0.0011695 0.0612076 0.387216 0.296316 0.0405974 0.100827 0.0924721 0.0126389 0.00554238 0.00161606 0.000311488 7.11917e-05 1.01914e-05 1.26299e-06 1.13295e-07 6.5097e-09 2.04301e-10 2.78195e-12
 2.57192e-27 2.61148e-27 5.28622e-26 1.06115e-19 2.60128e-14 7.70806e-10 2.7609e-06 0.00119536 0.062561 0.395778 0.302848 0.0402079 0.0932742 0.0855178 0.0116883 0.0051243 0.00147822 0.000257567 5.76322e-05 8.19581e-06 9.42858e-07 7.49297e-08 3.87754e-09 1.11636e-10 1.42402e-12
#obs surv len freq
 1.77025e-41 2.45699e-33 4.1221e-26 8.35954e-20 2.04924e-14 6.07228e-10 2.17499e-06 0.000941697 0.0492847 0.311789 0.238813 0.04402 0.151554 0.128373 0.0360321 0.0276197 0.00837875 0.00262446 0.000506594 5.82525e-05 2.9257e-06 4.68767e-08 1.78119e-10 1.28956e-13 1.54028e-17
 2.17068e-41 3.01277e-33 5.05454e-26 1.02505e-19 2.51279e-14 7.44586e-10 2.66699e-06 0.00115471 0.0604331 0.382317 0.29264 0.0420355 0.0977329 0.0782567 0.0226112 0.0163848 0.00476243 0.00139448 0.000248594 2.50323e-05 1.03788e-06 1.29898e-08 3.70666e-11 1.96463e-14 1.68987e-18
 1.72938e-41 2.40026e-33 4.02693e-26 8.16654e-20 2.00193e-14 5.93209e-10 2.12478e-06 0.000919955 0.0481468 0.304591 0.23351 0.0511646 0.180966 0.135147 0.0263757 0.013999 0.00392097 0.00106802 0.000172878 1.51747e-05 5.18365e-07 5.05097e-09 1.07834e-11 4.17386e-15 2.58456e-19
 2.08833e-41 2.89846e-33 4.86276e-26 9.86159e-20 2.41745e-14 7.16335e-10 2.5658e-06 0.0011109 0.0581401 0.367812 0.281688 0.0458618 0.113787 0.0816063 0.0280611 0.0178055 0.00336276 0.00065954 9.55017e-05 7.20155e-06 2.01207e-07 1.52536e-09 2.43596e-12 6.88011e-16 3.06439e-20
 2.3708e-41 3.29051e-33 5.52052e-26 1.11955e-19 2.74445e-14 8.1323e-10 2.91286e-06 0.00126117 0.0660044 0.417563 0.319648 0.0442899 0.0791415 0.0521242 0.0117074 0.00612504 0.00174677 0.000351245 3.27425e-05 1.91923e-06 4.31797e-08 2.53212e-10 3.02627e-13 6.24871e-17 2.00441e-21
 1.31965e-41 1.83158e-33 3.07286e-26 6.2317e-20 1.52763e-14 4.52664e-10 1.62137e-06 0.000701997 0.0367397 0.232429 0.179072 0.0712177 0.272263 0.16641 0.0279405 0.0107351 0.00204589 0.000399097 4.29445e-05 1.76958e-06 2.76796e-08 1.21923e-10 1.08489e-13 1.63833e-17 3.79388e-22
 2.21505e-41 3.07434e-33 5.15784e-26 1.046e-19 2.56415e-14 7.59803e-10 2.72149e-06 0.00117831 0.0616682 0.390131 0.298838 0.0467501 0.0888717 0.0564416 0.0352517 0.0180917 0.00244996 0.000298405 2.51555e-05 1.01567e-06 1.18851e-08 3.49126e-11 2.19176e-14 2.39138e-18 3.99144e-23
 1.98486e-41 2.75486e-33 4.62184e-26 9.373e-20 2.29768e-14 6.80845e-10 2.43868e-06 0.00105586 0.0552597 0.349591 0.268362 0.061076 0.155547 0.0828177 0.0159054 0.00731277 0.00267104 0.00037902 1.93184e-05 5.36277e-07 5.26149e-09 1.17402e-11 4.96763e-15 3.65695e-19 4.25423e-24
 2.03312e-41 2.82184e-33 4.73423e-26 9.60092e-20 2.35355e-14 6.974e-10 2.49797e-06 0.00108154 0.0566033 0.358092 0.274937 0.0613013 0.142319 0.0731388 0.0226058 0.00839143 0.00126806 0.000240529 1.87348e-05 3.72964e-07 2.30838e-09 3.81831e-12 1.21684e-15 6.29564e-20 4.93588e-25
 1.98076e-41 2.74916e-33 4.61229e-26 9.35363e-20 2.29293e-14 6.79437e-10 2.43363e-06 0.00105368 0.0551454 0.348871 0.268191 0.0670407 0.154412 0.0737844 0.0219092 0.00796421 0.00145375 0.000161611 1.06255e-05 2.67238e-07 1.39396e-09 1.47714e-12 3.15975e-16 1.17724e-20 6.66561e-26
 2.09937e-41 2.91379e-33 4.88848e-26 9.91374e-20 2.43024e-14 7.20124e-10 2.57937e-06 0.00111678 0.0584476 0.369762 0.284194 0.0658544 0.133165 0.0601635 0.0195648 0.00648734 0.00111261 0.000123705 5.95313e-06 1.11446e-07 5.81986e-10 5.53763e-13 8.43927e-17 2.05374e-21 7.80501e-27
 2.04278e-41 2.83524e-33 4.7567e-26 9.6465e-20 2.36473e-14 7.00711e-10 2.50983e-06 0.00108667 0.0568721 0.359797 0.277021 0.0732568 0.147054 0.0610565 0.017545 0.00531013 0.000903275 9.03307e-05 3.89284e-06 5.49876e-08 2.04738e-10 1.62641e-13 2.16419e-17 4.19803e-22 1.13706e-27
 2.0049e-41 2.78267e-33 4.66851e-26 9.46764e-20 2.32088e-14 6.87719e-10 2.4633e-06 0.00106652 0.0558176 0.35313 0.272374 0.0792649 0.152993 0.0604887 0.0189883 0.00507198 0.000733771 6.60532e-05 2.49171e-06 2.9071e-08 8.12261e-11 4.52854e-14 4.44333e-18 6.82847e-23 1.49338e-28
 1.87072e-41 2.59644e-33 4.35607e-26 8.83402e-20 2.16556e-14 6.41694e-10 2.29844e-06 0.000995146 0.052082 0.329503 0.255174 0.0913392 0.175354 0.0664818 0.0225051 0.00570503 0.000796947 5.93362e-05 1.84538e-06 1.76996e-08 3.89091e-11 1.61732e-14 1.12456e-18 1.20917e-23 1.90112e-29
 1.6952e-41 2.35282e-33 3.94735e-26 8.00514e-20 1.96236e-14 5.81485e-10 2.08278e-06 0.000901773 0.0471952 0.298598 0.232732 0.106317 0.200796 0.0757408 0.0294882 0.00717123 0.00098919 6.67814e-05 1.6934e-06 1.25691e-08 2.13865e-11 6.77108e-15 3.49269e-19 2.70894e-24 3.00158e-30
 1.9127e-41 2.65471e-33 4.45382e-26 9.03227e-20 2.21415e-14 6.56094e-10 2.35002e-06 0.00101748 0.0532508 0.336907 0.261692 0.0954898 0.154754 0.0609662 0.0279629 0.00690999 0.000984692 6.19277e-05 1.35887e-06 7.95799e-09 1.01164e-11 2.37155e-15 9.05667e-20 5.16518e-25 4.16109e-31
 1.85693e-41 2.5773e-33 4.32395e-26 8.76889e-20 2.14959e-14 6.36963e-10 2.2815e-06 0.000987809 0.051698 0.327097 0.255529 0.109811 0.169824 0.0575522 0.0211383 0.00547492 0.000833572 5.1243e-05 1.00473e-06 4.84979e-09 4.75542e-12 8.21629e-16 2.26987e-20 9.34583e-26 5.44535e-32
 1.83937e-41 2.55292e-33 4.28306e-26 8.68595e-20 2.12926e-14 6.30939e-10 2.25992e-06 0.000978467 0.0512091 0.324017 0.254209 0.116756 0.167949 0.057936 0.0217902 0.00450619 0.000607967 3.73163e-05 6.76615e-07 2.78174e-09 2.17767e-12 2.86837e-16 5.84358e-21 1.73686e-26 7.22995e-33
 1.86368e-41 2.58666e-33 4.33966e-26 8.80073e-20 2.1574e-14 6.39276e-10 2.28978e-06 0.000991397 0.0518859 0.328312 0.258476 0.121336 0.16013 0.0542887 0.0200556 0.00403651 0.000462089 2.31929e-05 3.75529e-07 1.34395e-09 8.63667e-13 8.9207e-17 1.37902e-21 3.03744e-27 9.20789e-34
 1.93879e-41 2.69091e-33 4.51457e-26 9.15545e-20 2.24435e-14 6.65042e-10 2.38207e-06 0.00103136 0.0539771 0.341557 0.269306 0.121496 0.144785 0.0476543 0.016664 0.0031778 0.000335214 1.39213e-05 1.75903e-07 5.11335e-10 2.69341e-13 2.22271e-17 2.66591e-22 4.45037e-28 1.00455e-34
 1.94211e-41 2.69551e-33 4.52229e-26 9.1711e-20 2.24819e-14 6.66179e-10 2.38615e-06 0.00103312 0.0540695 0.342167 0.271366 0.129615 0.142358 0.043314 0.0134904 0.00235377 0.000222656 7.96096e-06 7.96678e-08 1.74326e-10 6.97301e-14 4.4517e-18 4.13806e-23 5.29889e-29 9.05073e-36
 1.97638e-41 2.74309e-33 4.6021e-26 9.33297e-20 2.28787e-14 6.77937e-10 2.42826e-06 0.00105135 0.0550239 0.348232 0.277222 0.131988 0.132508 0.0402785 0.011771 0.00177594 0.00014326 4.3046e-06 3.47609e-08 5.82923e-11 1.71991e-14 8.02277e-19 5.49591e-24 5.24238e-30 6.70541e-37
 1.92002e-41 2.66486e-33 4.47086e-26 9.06681e-20 2.22262e-14 6.58604e-10 2.35901e-06 0.00102137 0.0534548 0.338359 0.272521 0.146312 0.137296 0.0391233 0.0103773 0.00143312 9.66245e-05 2.31756e-06 1.4732e-08 1.90319e-11 4.21228e-15 1.43919e-19 7.1148e-25 4.87584e-31 4.49368e-38
 1.96522e-41 2.7276e-33 4.57612e-26 9.28028e-20 2.27495e-14 6.7411e-10 2.41455e-06 0.00104542 0.0547134 0.346362 0.279904 0.145322 0.124929 0.0371448 0.00937467 0.00113644 6.5107e-05 1.24542e-06 6.01356e-09 5.82956e-12 9.61792e-16 2.42561e-20 8.75214e-26 4.33247e-32 2.86148e-39
 1.93813e-41 2.68999e-33 4.51303e-26 9.15232e-20 2.24358e-14 6.64815e-10 2.38126e-06 0.001031 0.0539592 0.341668 0.279411 0.155805 0.124086 0.0348592 0.00819041 0.000940653 4.57132e-05 6.96586e-07 2.56435e-09 1.83322e-12 2.203e-16 4.03936e-21 1.05872e-26 3.79744e-33 1.81052e-40
 1.87258e-41 2.59902e-33 4.3604e-26 8.84281e-20 2.16771e-14 6.42332e-10 2.30073e-06 0.000996137 0.0521348 0.330238 0.274823 0.169607 0.127346 0.0361782 0.00783647 0.000803316 3.41419e-05 4.23323e-07 1.18994e-09 6.29767e-13 5.49566e-17 7.23647e-22 1.35685e-27 3.48186e-34 1.18892e-41
 1.79941e-41 2.49747e-33 4.19002e-26 8.49727e-20 2.08301e-14 6.17233e-10 2.21083e-06 0.000957213 0.0500981 0.317502 0.270004 0.183919 0.130825 0.0381027 0.00783388 0.000728971 2.6162e-05 2.64557e-07 5.8069e-10 2.29909e-13 1.46363e-17 1.38818e-22 1.86061e-28 3.39687e-35 8.23271e-43
 1.82684e-41 2.53554e-33 4.25389e-26 8.6268e-20 2.11476e-14 6.26642e-10 2.24453e-06 0.000971804 0.0508623 0.322456 0.276246 0.182175 0.121883 0.0373255 0.00741515 0.000642448 1.97664e-05 1.60683e-07 2.73563e-10 8.20788e-14 3.87124e-18 2.67046e-23 2.57263e-29 3.35325e-36 5.77956e-44
 1.82691e-41 2.53564e-33 4.25406e-26 8.62714e-20 2.11484e-14 6.26667e-10 2.24462e-06 0.000971842 0.0508643 0.322469 0.276262 0.182445 0.122849 0.0367175 0.00685962 0.000544163 1.47853e-05 1.02952e-07 1.46741e-10 3.63033e-14 1.39807e-18 7.82264e-24 6.08424e-30 6.3813e-37 8.829e-45
#pred catch len freq
 2.56633e-27 2.59689e-27 4.07393e-26 8.05439e-20 1.97444e-14 5.85061e-10 2.09559e-06 0.00090731 0.0474854 0.300405 0.229969 0.0367941 0.118495 0.109526 0.0287708 0.0384759 0.0183043 0.0165296 0.0114042 0.0095545 0.00814025 0.00754063 0.00803136 0.00738268 0.00228199
 2.56931e-27 2.6046e-27 4.70246e-26 9.3801e-20 2.29942e-14 6.81359e-10 2.44051e-06 0.00105665 0.0553012 0.34985 0.267772 0.0397801 0.114661 0.105549 0.020477 0.0202613 0.00815008 0.00555066 0.00317108 0.00226362 0.00168892 0.00139744 0.00135832 0.00127375 0.000434313
 2.56893e-27 2.60349e-27 4.59314e-26 9.14943e-20 2.24287e-14 6.64603e-10 2.3805e-06 0.00103066 0.0539413 0.341247 0.261224 0.0411125 0.129403 0.11907 0.0214627 0.0190238 0.00651396 0.00285843 0.00124362 0.000668652 0.000396677 0.000276572 0.000234984 0.000213591 7.61581e-05
 2.56898e-27 2.60365e-27 4.6083e-26 9.18143e-20 2.25072e-14 6.66928e-10 2.38882e-06 0.00103427 0.0541299 0.342441 0.262133 0.0409738 0.127709 0.117558 0.0221342 0.0209252 0.00692303 0.00260696 0.000859621 0.000296626 0.000120112 6.2217e-05 4.27031e-05 3.53849e-05 1.26958e-05
 2.57151e-27 2.61048e-27 5.21058e-26 1.0452e-19 2.56217e-14 7.59218e-10 2.71939e-06 0.00117739 0.0616205 0.389828 0.298292 0.03941 0.0904034 0.0830849 0.0151645 0.0137007 0.00462425 0.00188212 0.000585294 0.000160659 3.96933e-05 1.24022e-05 5.83194e-06 4.00393e-06 1.39104e-06
 2.56827e-27 2.60162e-27 4.41971e-26 8.78354e-20 2.15318e-14 6.38025e-10 2.2853e-06 0.000989447 0.0517841 0.327601 0.250823 0.0423101 0.145825 0.134102 0.0219221 0.0162689 0.00539289 0.00207684 0.000665584 0.00018962 3.88085e-05 7.12082e-06 1.72957e-06 8.09768e-07 2.57314e-07
 2.56831e-27 2.60185e-27 4.45133e-26 8.8503e-20 2.16954e-14 6.42875e-10 2.30267e-06 0.000996968 0.0521777 0.33009 0.252707 0.0412514 0.136444 0.125681 0.0247113 0.0247419 0.00783461 0.00238352 0.000726538 0.000200479 4.2576e-05 6.67336e-06 8.34682e-07 1.82155e-07 4.64969e-08
 2.57088e-27 2.60881e-27 5.06427e-26 1.01433e-19 2.48651e-14 7.36798e-10 2.63909e-06 0.00114262 0.0598008 0.378316 0.289507 0.0397065 0.0988319 0.090889 0.0170193 0.015979 0.00551061 0.00240646 0.000694333 0.000156742 3.14088e-05 4.93756e-06 4.99808e-07 4.37212e-08 6.31426e-09
 2.57007e-27 2.60652e-27 4.85283e-26 9.69724e-20 2.37716e-14 7.04395e-10 2.52303e-06 0.00109237 0.0571709 0.361679 0.276824 0.0410432 0.117915 0.108342 0.0172843 0.0121715 0.00408011 0.00165166 0.000550458 0.000161132 2.80628e-05 3.88758e-06 3.79107e-07 2.18301e-08 1.19191e-09
 2.57024e-27 2.607e-27 4.89812e-26 9.7928e-20 2.40059e-14 7.11337e-10 2.54789e-06 0.00110314 0.0577343 0.365243 0.279539 0.0406581 0.113077 0.103951 0.0178251 0.0144939 0.0045262 0.00129871 0.000401616 0.00011671 2.58179e-05 3.63167e-06 3.04886e-07 1.56077e-08 4.31347e-10
 2.57048e-27 2.60766e-27 4.95597e-26 9.91483e-20 2.4305e-14 7.20201e-10 2.57964e-06 0.00111688 0.0584537 0.369794 0.283013 0.0405528 0.109835 0.100938 0.0169179 0.013191 0.0042513 0.001432 0.000395436 8.5604e-05 1.78277e-05 2.92615e-06 2.66813e-07 1.19652e-08 2.58786e-10
 2.57081e-27 2.60855e-27 5.03386e-26 1.00791e-19 2.47078e-14 7.32137e-10 2.62239e-06 0.00113539 0.0594225 0.375923 0.28769 0.0403788 0.105225 0.0966727 0.0159521 0.012058 0.00384409 0.00123542 0.00035945 8.50387e-05 1.39714e-05 1.95168e-06 1.97251e-07 9.5829e-09 1.83346e-10
 2.57059e-27 2.60793e-27 4.978e-26 9.96131e-20 2.44189e-14 7.23577e-10 2.59173e-06 0.00112212 0.0587277 0.371528 0.284339 0.0406717 0.109809 0.100874 0.0161912 0.0115431 0.00365029 0.00113074 0.000321757 7.46095e-05 1.3272e-05 1.64351e-06 1.36466e-07 7.04883e-09 1.42902e-10
 2.57028e-27 2.60709e-27 4.90449e-26 9.80623e-20 2.40388e-14 7.12313e-10 2.55138e-06 0.00110465 0.0578135 0.365744 0.279924 0.0407812 0.113743 0.104533 0.0173423 0.0132459 0.00414294 0.00119985 0.000334276 7.47437e-05 1.29462e-05 1.66078e-06 1.2797e-07 5.55835e-09 1.15958e-10
 2.56965e-27 2.60536e-27 4.74978e-26 9.47984e-20 2.32387e-14 6.88604e-10 2.46646e-06 0.00106788 0.0558892 0.353571 0.270638 0.0413553 0.124636 0.114556 0.0185916 0.0135759 0.0043054 0.00134784 0.000370593 7.80208e-05 1.30315e-05 1.61876e-06 1.25899e-07 5.09752e-09 9.25456e-11
 2.5697e-27 2.60553e-27 4.76612e-26 9.51433e-20 2.33232e-14 6.91109e-10 2.47544e-06 0.00107177 0.0560926 0.354857 0.271617 0.0412024 0.122785 0.112873 0.0187631 0.0143889 0.00452276 0.00134616 0.000377835 8.42494e-05 1.35402e-05 1.59553e-06 1.19742e-07 4.8104e-09 8.12425e-11
 2.57021e-27 2.6069e-27 4.88745e-26 9.77028e-20 2.39507e-14 7.09701e-10 2.54203e-06 0.0011006 0.0576015 0.364403 0.278901 0.0408758 0.115181 0.105847 0.0173383 0.0129097 0.00409922 0.00128977 0.000358048 7.72198e-05 1.29475e-05 1.52804e-06 1.08363e-07 4.18523e-09 6.92262e-11
 2.57033e-27 2.60721e-27 4.91482e-26 9.82802e-20 2.40922e-14 7.13895e-10 2.55705e-06 0.00110711 0.0579419 0.366556 0.280545 0.0407959 0.113419 0.104222 0.0170637 0.0126905 0.00400317 0.00121839 0.000343488 7.71364e-05 1.26387e-05 1.50724e-06 1.08455e-07 3.99153e-09 6.33201e-11
 2.57047e-27 2.60758e-27 4.94654e-26 9.89493e-20 2.42562e-14 7.18756e-10 2.57446e-06 0.00111464 0.0583364 0.369052 0.28245 0.0408071 0.112165 0.10304 0.016414 0.0115049 0.00362433 0.00110107 0.000306715 6.7425e-05 1.13925e-05 1.36581e-06 9.81502e-08 3.64775e-09 5.56547e-11
 2.57055e-27 2.60781e-27 4.96504e-26 9.93395e-20 2.43519e-14 7.2159e-10 2.58461e-06 0.00111904 0.0585665 0.370508 0.283562 0.0408353 0.111598 0.1025 0.0160041 0.0107027 0.00332793 0.000945334 0.000260993 5.70644e-05 9.45696e-06 1.14422e-06 8.35792e-08 3.10712e-09 4.75312e-11
 2.57062e-27 2.60799e-27 4.98288e-26 9.9716e-20 2.44442e-14 7.24325e-10 2.59441e-06 0.00112328 0.0587884 0.371912 0.284632 0.0406736 0.109617 0.100698 0.0161729 0.0115401 0.00356167 0.000959413 0.000257212 5.31484e-05 8.70855e-06 1.03869e-06 7.5866e-08 2.86407e-09 4.39657e-11
 2.57093e-27 2.60883e-27 5.05689e-26 1.01277e-19 2.48269e-14 7.35665e-10 2.63503e-06 0.00114087 0.0597089 0.377734 0.289075 0.0404885 0.105087 0.0965072 0.0152451 0.0104811 0.00327256 0.000946976 0.000252119 4.94683e-05 7.69704e-06 8.865e-07 6.38442e-08 2.40512e-09 3.73687e-11
 2.57111e-27 2.60931e-27 5.09767e-26 1.02138e-19 2.50378e-14 7.41914e-10 2.65741e-06 0.00115056 0.060216 0.380943 0.291525 0.0404531 0.103096 0.0946511 0.0145685 0.00940277 0.00291089 0.000808697 0.000219087 4.54215e-05 6.86572e-06 7.4582e-07 5.12705e-08 1.89614e-09 2.93847e-11
 2.5715e-27 2.61037e-27 5.1917e-26 1.04121e-19 2.5524e-14 7.56322e-10 2.70902e-06 0.0011729 0.0613855 0.388341 0.29717 0.0402215 0.0973674 0.0893546 0.0134476 0.00817722 0.00249992 0.000647569 0.000171462 3.45908e-05 5.43325e-06 5.94824e-07 3.86154e-08 1.35661e-09 2.05579e-11
 2.5721e-27 2.612e-27 5.33454e-26 1.07134e-19 2.62627e-14 7.78211e-10 2.78742e-06 0.00120685 0.063162 0.39958 0.305746 0.0398418 0.0884525 0.0811178 0.0118031 0.00649827 0.00196304 0.000476537 0.000122346 2.31606e-05 3.52271e-06 3.89449e-07 2.57504e-08 8.62871e-10 1.2411e-11
 2.57217e-27 2.61216e-27 5.34817e-26 1.07422e-19 2.63332e-14 7.80299e-10 2.7949e-06 0.00121008 0.0633315 0.400652 0.306565 0.0399051 0.0883585 0.0810075 0.0113581 0.00550933 0.00163537 0.000357564 8.85958e-05 1.57577e-05 2.26582e-06 2.37973e-07 1.56592e-08 5.31528e-10 7.36163e-12
 2.57209e-27 2.61196e-27 5.32989e-26 1.07036e-19 2.62386e-14 7.77498e-10 2.78487e-06 0.00120574 0.0631041 0.399214 0.305468 0.0399728 0.0896443 0.0821923 0.0115358 0.00561466 0.00164156 0.000315678 7.42925e-05 1.19984e-05 1.62437e-06 1.59408e-07 9.88337e-09 3.30525e-10 4.6007e-12
 2.57198e-27 2.61163e-27 5.29981e-26 1.06402e-19 2.60831e-14 7.72889e-10 2.76836e-06 0.00119859 0.06273 0.396847 0.303664 0.0401554 0.0923019 0.0846226 0.011566 0.00507191 0.00147888 0.000285048 6.51486e-05 9.32634e-06 1.15578e-06 1.03678e-07 5.95712e-09 1.86959e-10 2.5458e-12
 2.57106e-27 2.60913e-27 5.07698e-26 1.01701e-19 2.49307e-14 7.38741e-10 2.64605e-06 0.00114564 0.0599585 0.379314 0.290289 0.0409638 0.107851 0.0989391 0.0135227 0.00592852 0.00171021 0.00029799 6.66771e-05 9.48207e-06 1.09083e-06 8.66894e-08 4.48609e-09 1.29157e-10 1.64751e-12
#obs catch len freq
 1.74576e-41 2.423e-33 4.06509e-26 8.24393e-20 2.0209e-14 5.9883e-10 2.14491e-06 0.000928673 0.048603 0.307477 0.235522 0.0440948 0.154164 0.130663 0.0373382 0.0289208 0.00884675 0.00281067 0.000557745 6.66145e-05 3.49861e-06 5.85075e-08 2.31084e-10 1.73405e-13 2.14184e-17
 1.77236e-41 2.45992e-33 4.12703e-26 8.36954e-20 2.05169e-14 6.07954e-10 2.17759e-06 0.000942823 0.0493436 0.312162 0.239157 0.0459656 0.155375 0.124587 0.0359025 0.0260438 0.00774063 0.0023124 0.000420274 4.36351e-05 1.88373e-06 2.45845e-08 7.28411e-11 3.98855e-14 3.53128e-18
 2.17956e-41 3.02508e-33 5.0752e-26 1.02924e-19 2.52306e-14 7.47629e-10 2.67789e-06 0.00115943 0.0606801 0.38388 0.293876 0.0433223 0.0990384 0.0748846 0.0222524 0.0151661 0.0043188 0.00120048 0.000200236 1.80368e-05 6.36324e-07 6.43421e-09 1.42369e-11 5.68726e-15 3.61859e-19
 1.74546e-41 2.42258e-33 4.06438e-26 8.24248e-20 2.02055e-14 5.98725e-10 2.14453e-06 0.00092851 0.0485945 0.307424 0.235764 0.0536753 0.182723 0.128204 0.0252865 0.0128257 0.00352068 0.000904792 0.000136209 1.06006e-05 3.04995e-07 2.38179e-09 3.92222e-12 1.14052e-15 5.21413e-20
 2.10752e-41 2.92509e-33 4.90745e-26 9.95222e-20 2.43967e-14 7.22918e-10 2.58938e-06 0.00112111 0.0586745 0.371192 0.284334 0.0474915 0.113707 0.0768002 0.027269 0.0158989 0.0028858 0.000544851 7.29867e-05 4.83682e-06 1.12766e-07 6.79848e-10 8.33154e-13 1.76242e-16 5.78505e-21
 2.38721e-41 3.31329e-33 5.55874e-26 1.1273e-19 2.76344e-14 8.18859e-10 2.93302e-06 0.0012699 0.0664613 0.420454 0.321905 0.0453784 0.0781035 0.0481517 0.0110237 0.00543963 0.00150951 0.000275887 2.38592e-05 1.2342e-06 2.29824e-08 1.06433e-10 9.71426e-14 1.49777e-17 3.53452e-22
 1.35443e-41 1.87986e-33 3.15385e-26 6.39594e-20 1.56789e-14 4.64594e-10 1.6641e-06 0.000720498 0.037708 0.238556 0.183964 0.0756504 0.271241 0.154542 0.0260809 0.00943686 0.00174584 0.000320663 3.07066e-05 1.0948e-06 1.42485e-08 4.9384e-11 3.34158e-14 3.75736e-18 6.38981e-23
 2.24443e-41 3.11513e-33 5.22627e-26 1.05988e-19 2.59816e-14 7.69883e-10 2.7576e-06 0.00119394 0.0624863 0.395307 0.302865 0.0481219 0.0866707 0.0523593 0.0334442 0.0153332 0.00197121 0.000226302 1.74087e-05 5.96765e-07 5.68422e-09 1.31474e-11 6.27406e-15 5.08617e-19 6.22381e-24
 2.02234e-41 2.80688e-33 4.70912e-26 9.55001e-20 2.34107e-14 6.93702e-10 2.48473e-06 0.0010758 0.0563032 0.356194 0.273554 0.063415 0.151086 0.0748194 0.0145761 0.00646553 0.00222081 0.00027568 1.268e-05 3.04332e-07 2.41547e-09 4.18744e-12 1.34363e-15 7.35031e-20 6.2623e-25
 2.07222e-41 2.8761e-33 4.82526e-26 9.78553e-20 2.39881e-14 7.10811e-10 2.54601e-06 0.00110233 0.0576918 0.364979 0.280353 0.0634838 0.137367 0.0660841 0.0207476 0.00696254 0.00103274 0.000181766 1.19544e-05 1.98945e-07 1.00551e-09 1.29347e-12 3.10898e-16 1.19288e-20 6.85219e-26
 2.02475e-41 2.81022e-33 4.71473e-26 9.56138e-20 2.34386e-14 6.94528e-10 2.48769e-06 0.00107708 0.0563702 0.356621 0.274306 0.0694224 0.148163 0.0662255 0.0199094 0.00663319 0.00114658 0.000115784 6.8162e-06 1.39318e-07 5.7364e-10 4.71749e-13 7.62899e-17 2.10473e-21 8.72149e-27
 2.14161e-41 2.97242e-33 4.98685e-26 1.01132e-19 2.47914e-14 7.34614e-10 2.63127e-06 0.00113925 0.0596237 0.377204 0.29007 0.0678118 0.126644 0.0536726 0.0175618 0.00531478 0.000865966 8.62085e-05 3.60963e-06 5.64129e-08 2.31168e-10 1.67451e-13 1.91661e-17 3.456e-22 9.60791e-28
 2.08975e-41 2.90044e-33 4.86609e-26 9.86834e-20 2.41911e-14 7.16826e-10 2.56755e-06 0.00111166 0.05818 0.368074 0.28359 0.0753718 0.139025 0.0540272 0.0155456 0.00431826 0.000691103 6.16421e-05 2.28121e-06 2.64194e-08 7.76965e-11 4.70097e-14 4.6611e-18 6.66733e-23 1.32183e-28
 2.05478e-41 2.8519e-33 4.78466e-26 9.70319e-20 2.37862e-14 7.04829e-10 2.52458e-06 0.00109306 0.0572063 0.361918 0.27939 0.081486 0.14405 0.0535314 0.0166703 0.00405574 0.000551572 4.41584e-05 1.41642e-06 1.34095e-08 2.92885e-11 1.24213e-14 9.0796e-19 1.02503e-23 1.63427e-29
 1.92751e-41 2.67525e-33 4.48829e-26 9.10216e-20 2.23129e-14 6.61171e-10 2.36821e-06 0.00102535 0.0536629 0.339509 0.263233 0.0940036 0.164757 0.0590026 0.0196325 0.00454437 0.000587682 3.86128e-05 1.0179e-06 7.86274e-09 1.34154e-11 4.21874e-15 2.18037e-19 1.72074e-24 1.96774e-30
 1.7581e-41 2.44013e-33 4.09382e-26 8.30219e-20 2.03518e-14 6.03062e-10 2.16007e-06 0.000935236 0.0489465 0.309684 0.241789 0.109727 0.18887 0.0679244 0.025647 0.00570957 0.00072228 4.2547e-05 9.03721e-07 5.37997e-09 7.07431e-12 1.68734e-15 6.45039e-20 3.66682e-25 2.95435e-31
 1.97198e-41 2.73698e-33 4.59186e-26 9.31219e-20 2.28277e-14 6.76428e-10 2.42285e-06 0.00104901 0.0549011 0.347354 0.270171 0.0976203 0.143956 0.0547701 0.0239775 0.00545593 0.000703578 3.82733e-05 6.94833e-07 3.23297e-09 3.1625e-12 5.57103e-16 1.57301e-20 6.5632e-26 3.84067e-32
 1.91864e-41 2.66294e-33 4.46764e-26 9.06029e-20 2.22102e-14 6.5813e-10 2.35731e-06 0.00102064 0.053416 0.337975 0.264489 0.111984 0.157175 0.0509644 0.0180154 0.0043365 0.000589993 3.10451e-05 4.9759e-07 1.89036e-09 1.41695e-12 1.83337e-16 3.73816e-21 1.12441e-26 4.7526e-33
 1.90309e-41 2.64136e-33 4.43143e-26 8.98685e-20 2.20302e-14 6.52795e-10 2.33821e-06 0.00101236 0.0529831 0.335252 0.263546 0.11869 0.154852 0.051474 0.0182493 0.00349169 0.000426238 2.21976e-05 3.24979e-07 1.04129e-09 6.18978e-13 6.07971e-17 9.11957e-22 1.97782e-27 5.96804e-34
 1.92745e-41 2.67517e-33 4.48815e-26 9.10187e-20 2.23122e-14 6.61151e-10 2.36813e-06 0.00102532 0.0536613 0.33956 0.2679 0.1228 0.146882 0.0481115 0.0166484 0.00308188 0.000314019 1.34387e-05 1.74866e-07 4.83199e-10 2.34152e-13 1.79525e-17 2.03753e-22 3.26924e-28 7.17824e-35
 2.00087e-41 2.77707e-33 4.65912e-26 9.4486e-20 2.31621e-14 6.86336e-10 2.45834e-06 0.00106438 0.0557055 0.352509 0.278521 0.122179 0.131815 0.0419318 0.013652 0.0023905 0.000221904 7.75201e-06 7.85789e-08 1.75922e-10 6.95013e-14 4.23765e-18 3.71971e-23 4.51417e-29 7.37102e-36
 2.00408e-41 2.78153e-33 4.66659e-26 9.46375e-20 2.31993e-14 6.87437e-10 2.46229e-06 0.00106609 0.0557949 0.353106 0.280692 0.129789 0.128943 0.0377902 0.010924 0.00174388 0.000144201 4.28945e-06 3.40992e-08 5.72634e-11 1.71464e-14 8.06386e-19 5.46884e-24 5.07875e-30 6.265e-37
 2.03793e-41 2.82851e-33 4.74542e-26 9.62362e-20 2.35912e-14 6.99049e-10 2.50388e-06 0.00108409 0.0567374 0.359101 0.286543 0.131452 0.11938 0.0349436 0.00937587 0.00128721 9.02995e-05 2.24024e-06 1.42553e-08 1.82331e-11 4.01465e-15 1.37718e-19 6.87028e-25 4.74213e-31 4.37126e-38
 1.98388e-41 2.7535e-33 4.61957e-26 9.36839e-20 2.29655e-14 6.8051e-10 2.43748e-06 0.00105534 0.0552329 0.349648 0.282392 0.145288 0.123369 0.0337381 0.00819404 0.00102049 5.92208e-05 1.16606e-06 5.80907e-09 5.69579e-12 9.37401e-16 2.35036e-20 8.45148e-26 4.18683e-32 2.77721e-39
 2.02763e-41 2.81421e-33 4.72143e-26 9.57496e-20 2.34719e-14 6.95515e-10 2.49122e-06 0.00107861 0.0564509 0.3574 0.289604 0.143594 0.111875 0.0318743 0.00728926 0.000792119 3.87116e-05 6.02167e-07 2.26753e-09 1.66278e-12 2.03417e-16 3.75668e-21 9.84567e-27 3.52042e-33 1.67278e-40
 2.00159e-41 2.77807e-33 4.6608e-26 9.452e-20 2.31705e-14 6.86583e-10 2.45923e-06 0.00106476 0.0557262 0.352908 0.289454 0.153385 0.110761 0.0297064 0.00632156 0.000643675 2.63991e-05 3.24608e-07 9.26221e-10 4.99123e-13 4.43811e-17 5.9488e-22 1.13088e-27 2.92668e-34 1.00313e-41
 1.93885e-41 2.691e-33 4.5147e-26 9.15573e-20 2.24442e-14 6.65063e-10 2.38215e-06 0.00103139 0.05398 0.341993 0.285539 0.166551 0.113682 0.0306822 0.00597836 0.000540639 1.92126e-05 1.90324e-07 4.12326e-10 1.63913e-13 1.05608e-17 1.01521e-22 1.3792e-28 2.5511e-35 6.25648e-43
 1.86807e-41 2.59276e-33 4.3499e-26 8.82151e-20 2.16249e-14 6.40785e-10 2.29519e-06 0.000993738 0.0520102 0.329709 0.281403 0.18029 0.116969 0.0322015 0.00592465 0.000481404 1.43366e-05 1.14987e-07 1.93288e-10 5.72661e-14 2.68608e-18 1.85749e-23 1.8024e-29 2.3706e-36 4.12455e-44
 1.88606e-41 2.61773e-33 4.39179e-26 8.90646e-20 2.18331e-14 6.46956e-10 2.31729e-06 0.00100331 0.0525109 0.33285 0.28263 0.174663 0.115686 0.03389 0.00625884 0.000492807 1.33321e-05 9.25935e-08 1.31772e-10 3.25682e-14 1.25342e-18 7.01008e-24 5.45041e-30 5.71503e-37 7.90555e-45
#spawning biomass
 7847.53 7468.69 9600.2 11716.3 17390.9 28534.7 28919.5 33932.4 43902.6 54922.7 69307.2 90790.9 114813 147000 142049 121303 105930 110348 105120 96368 104427 110889 115948 117591 121497 125678 128357 103968 84499.9 146944 138378 80778.3 46395.8 29673.6 22444 19545.4 18441.5 18036 17891 17840.1 17822.6 17816.6 17814.5 17813.8 17813.6 17813.5 17813.5 17813.5 17813.5 17813.5 17813.5 17813.5 17813.5 17813.5 17813.5 17813.5 17813.5 17813.5 17813.5 17813.5 17813.5 17813.5 17813.5 17813.5 17813.5 17813.5 17813.5 17813.5 17813.5 17813.5 17813.5 17813.5 17813.5 17813.5 17813.5 17813.5 17813.5 17813.5 17813.5 17813.5 17813.5 17813.5 17813.5 17813.5 17813.5 17813.5 17813.5 17813.5 17813.5 17813.5 17813.5 17813.5 17813.5 17813.5 17813.5 17813.5 17813.5 17813.5 17813.5 17813.5 17813.5 17813.5 17813.5 17813.5 17813.5 17813.5 17813.5 17813.5 17813.5 17813.5 17813.5 17813.5 17813.5 17813.5 17813.5 17813.5 17813.5 17813.5 17813.5 17813.5 17813.5 17813.5 17813.5 17813.5 17813.5 17813.5 17813.5 17813.5 17813.5 0 0 0 0 0 0 0 0 0 0 0 0 0 0 0 0 0 0 0 0 0 0 0 0 0
