SBPRF35
0.103658
Curr Bio
182960
B35
131221
F35
1.6468
FOFL
1.6468
OFL
108162
Bzero
29615.6
#pred survey bio
 21555.1 13857.5 13136.1 15358.4 18240.3 20357.5 23761.2 36859.6 46051.5 61426 82587.7 104204 123151 154763 149683 124900 108938 100730 106145 102980 109088 123378 126773 138874 142392 136355 143289 147108 3.9794e+06 3.19391e+06 1.06911e+06 530278 362895 293390 259618 242347 233420 228811 226441 225229 224611 224297 224138 224057 224016 223997 223987 223982 223979 223978 223977 223977 223977 223977 223977 223977 223977 223977 223977 223977 223977 223977 223977 223977 223977 223977 223977 223977 223977 223977 223977 223977 223977 223977 223977 223977 223977 223977 223977 223977 223977 223977 223977 223977 223977 223977 223977 223977 223977 223977 223977 223977 223977 223977 223977 223977 223977 223977 223977 223977 223977 223977 223977 223977 223977 223977 223977 223977 223977 223977 223977 223977 223977 223977 223977 223977 223977 223977 223977 223977 223977 223977 223977 223977 223977 223977 223977 223977 0 0 0 0 0 0 0 0 0 0 0 0 0 0 0 0 0 0 0 0 0 0 0 0 0
#obs survey bio
 20029.2 10729.5 12699 10763.2 19718.1 9835.93 32564.5 44531.2 43845.5 89438.7 71434.1 129481 130378 228950 124822 72109.2 127821 109892 124489 99272 127590 152375 128925 152596 129352 156691 98653.9 159629
#pred catch bio
 11687.3 7319.38 7930.5 8593.3 9438.97 12505.1 11595.2 23178.5 26995.5 35083.6 50243.9 71953.2 79540.7 106108 101961 88200.2 80484.9 70674.8 78908.2 75624.4 79149.6 95367.1 94065.6 109200 116853 104644 113704 100793 108162 86004.5 18246.4 7190.66 5668.08 5479.11 5457.22 5454.8 5454.54 5454.51 5454.51 5454.51 5454.51 5454.51 5454.51 5454.51 5454.51 5454.51 5454.51 5454.51 5454.51 5454.51 5454.51 5454.51 5454.51 5454.51 5454.51 5454.51 5454.51 5454.51 5454.51 5454.51 5454.51 5454.51 5454.51 5454.51 5454.51 5454.51 5454.51 5454.51 5454.51 5454.51 5454.51 5454.51 5454.51 5454.51 5454.51 5454.51 5454.51 5454.51 5454.51 5454.51 5454.51 5454.51 5454.51 5454.51 5454.51 5454.51 5454.51 5454.51 5454.51 5454.51 5454.51 5454.51 5454.51 5454.51 5454.51 5454.51 5454.51 5454.51 5454.51 5454.51 5454.51 5454.51 5454.51 5454.51 5454.51 5454.51 5454.51 5454.51 5454.51 5454.51 5454.51 5454.51 5454.51 5454.51 5454.51 5454.51 5454.51 5454.51 5454.51 5454.51 5454.51 5454.51 5454.51 5454.51 5454.51 5454.51 5454.51 5454.51 0 0 0 0 0 0 0 0 0 0 0 0 0 0 0 0 0 0 0 0 0 0 0 0 0
#obs catch bio
 8294.75 8128.73 9372.94 8899.83 9807.11 13872.2 11232.1 21699.4 26872.7 32171.5 48880.2 72897.5 78426.3 104412 100183 97769.9 78670 70201.1 74790.1 74760.5 76346.2 90316.6 85692.3 101431 111440 95242.1 114820 99281.9
#pred cpue bio
 20336.5 12740.3 11463.6 13215.2 16368.1 17875 20203.2 31590.5 39485 52614 71085.6 89461.4 104170 133980 134324 110883 95546.5 86901.6 92142.6 88842.3 92863.5 105387 108319 118243 121425 116253 122390 124297 3.46499e+06 3.22428e+06 1.04823e+06 509195 341811 272307 238534 221263 212336 207727 205358 204145 203527 203213 203054 202973 202933 202913 202903 202898 202895 202894 202894 202893 202893 202893 202893 202893 202893 202893 202893 202893 202893 202893 202893 202893 202893 202893 202893 202893 202893 202893 202893 202893 202893 202893 202893 202893 202893 202893 202893 202893 202893 202893 202893 202893 202893 202893 202893 202893 202893 202893 202893 202893 202893 202893 202893 202893 202893 202893 202893 202893 202893 202893 202893 202893 202893 202893 202893 202893 202893 202893 202893 202893 202893 202893 202893 202893 202893 202893 202893 202893 202893 202893 202893 202893 202893 202893 202893 202893 0 0 0 0 0 0 0 0 0 0 0 0 0 0 0 0 0 0 0 0 0 0 0 0 0
#obs cpue bio
 10811.5 7395.75 8392.14 13849.9 16869.4 20419.3 23718.6 38180.4 32572.5 69091 67017.3 73810.4 96114.3 104121 160894 109612 117173 71781.7 111706 84874.9 97208.3 112454 159109 137652 158369 146503 148446 132347
#pred surv len freq
 9.0716e-12 9.84635e-10 6.30165e-08 2.37805e-06 5.2915e-05 0.000694296 0.00537287 0.0245475 0.0665589 0.109886 0.123462 0.126778 0.141093 0.133451 0.0951842 0.0591125 0.0370483 0.0235065 0.0153509 0.0106538 0.00801617 0.00662217 0.00568955 0.00437046 0.00254692
 1.05774e-11 1.14807e-09 7.34766e-08 2.77278e-06 6.16983e-05 0.000809535 0.00626441 0.0286151 0.0775102 0.127341 0.140191 0.137048 0.145583 0.133317 0.0898703 0.050043 0.0274098 0.0150511 0.00824419 0.00466675 0.00284264 0.0019481 0.00147799 0.00107781 0.000624858
 1.35806e-11 1.47405e-09 9.43388e-08 3.56006e-06 7.92159e-05 0.00103936 0.00804207 0.0367166 0.0992002 0.160924 0.167692 0.141139 0.128038 0.109716 0.0716648 0.0381268 0.0193872 0.0095365 0.00447215 0.00207972 0.000994702 0.000520212 0.000314206 0.000201537 0.000111229
 1.39844e-11 1.51787e-09 9.71436e-08 3.6659e-06 8.1571e-05 0.00107026 0.00828121 0.0378094 0.102166 0.16584 0.173295 0.146953 0.13381 0.112335 0.0679514 0.0300976 0.0119599 0.00492619 0.00204749 0.000827024 0.000322534 0.000126795 5.5038e-05 2.73354e-05 1.32639e-05
 1.1626e-11 1.26189e-09 8.07611e-08 3.04768e-06 6.7815e-05 0.00088979 0.00688537 0.0314498 0.0851648 0.139723 0.152916 0.147152 0.153162 0.13598 0.0842901 0.0383756 0.0153347 0.00575104 0.00194425 0.000621837 0.000198658 6.25218e-05 1.96535e-05 6.69638e-06 2.47623e-06
 1.30612e-11 1.41766e-09 9.07304e-08 3.42388e-06 7.6186e-05 0.000999611 0.00773465 0.0353168 0.0954684 0.155276 0.163703 0.142589 0.134635 0.117186 0.07642 0.0398021 0.0189259 0.00795464 0.00278203 0.000834351 0.000222118 5.41928e-05 1.27227e-05 2.99377e-06 7.39241e-07
 1.45632e-11 1.58069e-09 1.01164e-07 3.81762e-06 8.4947e-05 0.00111455 0.00862376 0.0393699 0.106334 0.172218 0.178148 0.146502 0.128483 0.106282 0.064447 0.0289989 0.0117799 0.00484028 0.00188884 0.000646179 0.000182699 4.21017e-05 8.15358e-06 1.39966e-06 2.27977e-07
 1.41883e-11 1.54e-09 9.85599e-08 3.71935e-06 8.27603e-05 0.00108587 0.00840186 0.0383586 0.103626 0.168024 0.174705 0.145979 0.13075 0.109636 0.0675832 0.0313433 0.0129339 0.00499659 0.00172604 0.000549523 0.000162149 4.11271e-05 8.35356e-06 1.32868e-06 1.69833e-07
 1.40823e-11 1.52849e-09 9.78234e-08 3.69155e-06 8.21419e-05 0.00107775 0.00833917 0.038074 0.10288 0.166997 0.174487 0.147908 0.134545 0.112634 0.0674933 0.029022 0.0107283 0.00387409 0.00131242 0.000401097 0.000108809 2.59399e-05 5.33729e-06 8.95514e-07 1.15419e-07
 1.41592e-11 1.53685e-09 9.83582e-08 3.71173e-06 8.25909e-05 0.00108364 0.00838471 0.038281 0.103428 0.167787 0.174857 0.147092 0.132701 0.111136 0.067491 0.0300577 0.0116149 0.00418382 0.0013245 0.00037133 9.47683e-05 2.14108e-05 4.12827e-06 6.61845e-07 8.52565e-08
 1.39283e-11 1.51178e-09 9.67537e-08 3.65118e-06 8.12437e-05 0.00106597 0.00824799 0.0376581 0.101761 0.165219 0.172814 0.14698 0.134378 0.113244 0.0689975 0.0309236 0.0121269 0.00448505 0.00146874 0.000417599 0.000102751 2.15745e-05 3.86062e-06 5.7977e-07 7.05544e-08
 1.40394e-11 1.52384e-09 9.75257e-08 3.68032e-06 8.18919e-05 0.00107447 0.00831379 0.037958 0.102566 0.166479 0.173915 0.147358 0.134059 0.112532 0.0680847 0.0300065 0.0114807 0.00418518 0.00137652 0.000399414 0.00010094 2.1442e-05 3.7391e-06 5.2835e-07 5.97895e-08
 1.46847e-11 1.59388e-09 1.02008e-07 3.84947e-06 8.56557e-05 0.00112385 0.00869573 0.0396989 0.107229 0.173716 0.179923 0.148498 0.130613 0.107392 0.0633516 0.0262871 0.00907135 0.003017 0.000942552 0.000266516 6.70167e-05 1.44214e-05 2.56357e-06 3.64487e-07 4.03119e-08
 1.35562e-11 1.47139e-09 9.41688e-08 3.55364e-06 7.90732e-05 0.00103749 0.00802781 0.0366558 0.0990956 0.161234 0.170243 0.148789 0.140152 0.118819 0.0709109 0.0298009 0.010416 0.00340865 0.000996879 0.000256241 5.95443e-05 1.22783e-05 2.15414e-06 3.08065e-07 3.44617e-08
 1.15423e-11 1.2528e-09 8.01792e-08 3.02572e-06 6.73265e-05 0.000883382 0.00683586 0.0312255 0.0845822 0.138968 0.153008 0.14941 0.157307 0.139209 0.084149 0.0357432 0.0127078 0.0042368 0.0012553 0.000320746 7.12383e-05 1.35594e-05 2.19312e-06 2.97322e-07 3.25395e-08
 1.2261e-11 1.33082e-09 8.51721e-08 3.21413e-06 7.15188e-05 0.000938383 0.0072612 0.033162 0.0897412 0.146746 0.15836 0.146986 0.147823 0.129686 0.0803213 0.0366892 0.0146449 0.00535103 0.00165952 0.00043496 9.80745e-05 1.85924e-05 2.89944e-06 3.6758e-07 3.7367e-08
 1.29066e-11 1.40089e-09 8.96567e-08 3.38337e-06 7.52845e-05 0.000987787 0.00764334 0.0349038 0.0944068 0.15399 0.164389 0.148171 0.144412 0.124453 0.0752992 0.0326677 0.0121995 0.00439851 0.00145367 0.000419779 0.000102144 2.02084e-05 3.21274e-06 4.06021e-07 4.00115e-08
 1.37249e-11 1.48971e-09 9.5341e-08 3.59787e-06 8.00575e-05 0.00105041 0.00812769 0.037111 0.100314 0.163121 0.171785 0.149005 0.139114 0.11734 0.0696038 0.028849 0.00989201 0.00324602 0.000994209 0.000276144 6.88524e-05 1.46494e-05 2.5164e-06 3.3553e-07 3.39219e-08
 1.34064e-11 1.45514e-09 9.31288e-08 3.51439e-06 7.82e-05 0.00102604 0.0079392 0.0362523 0.0980186 0.159595 0.169037 0.149043 0.141745 0.120548 0.0718135 0.0299563 0.0103274 0.00333533 0.000965959 0.000245277 5.59984e-05 1.13354e-05 1.95855e-06 2.74858e-07 2.96758e-08
 1.37047e-11 1.48751e-09 9.52003e-08 3.59257e-06 7.99394e-05 0.00104886 0.00811572 0.0370567 0.100172 0.162927 0.171754 0.149405 0.139895 0.117981 0.0696487 0.0284299 0.00942851 0.00294559 0.000841704 0.000210697 4.6102e-05 8.65084e-06 1.37557e-06 1.83025e-07 1.96551e-08
 1.43584e-11 1.55847e-09 9.97418e-08 3.76395e-06 8.37527e-05 0.00109889 0.00850266 0.0388195 0.104883 0.170147 0.177313 0.149104 0.134177 0.111274 0.0654186 0.0266635 0.00880791 0.00271687 0.000756192 0.00018282 3.88533e-05 7.10951e-06 1.0851e-06 1.35223e-07 1.35074e-08
 1.41834e-11 1.53947e-09 9.85257e-08 3.71806e-06 8.27316e-05 0.00108549 0.00839905 0.0383477 0.103624 0.168233 0.175915 0.149433 0.136088 0.113325 0.0664544 0.0267951 0.00866458 0.00261656 0.000719198 0.000171782 3.57395e-05 6.3425e-06 9.36595e-07 1.12855e-07 1.07979e-08
 1.41438e-11 1.53518e-09 9.82511e-08 3.7077e-06 8.25011e-05 0.00108247 0.00837567 0.0382415 0.103344 0.167839 0.175782 0.15001 0.137287 0.114301 0.0664811 0.0261215 0.00800197 0.00227318 0.000599344 0.000139139 2.83394e-05 4.94313e-06 7.14957e-07 8.37706e-08 7.75516e-09
 1.43308e-11 1.55548e-09 9.95503e-08 3.75672e-06 8.35919e-05 0.00109678 0.00848635 0.0387454 0.104687 0.169869 0.177205 0.149464 0.134954 0.111933 0.0654974 0.0262913 0.00839659 0.00246633 0.000643927 0.000142632 2.74996e-05 4.60063e-06 6.46577e-07 7.4085e-08 6.70712e-09
 1.42282e-11 1.54434e-09 9.88373e-08 3.72981e-06 8.29932e-05 0.00108892 0.00842562 0.0384691 0.103954 0.168788 0.17658 0.150194 0.136888 0.113659 0.0658382 0.0255788 0.00764578 0.00210835 0.000543268 0.000122903 2.3968e-05 3.91846e-06 5.25688e-07 5.74755e-08 5.01982e-09
 1.422e-11 1.54345e-09 9.87803e-08 3.72766e-06 8.29454e-05 0.0010883 0.00842078 0.0384473 0.103899 0.168726 0.176647 0.150574 0.137537 0.114135 0.0657532 0.0250894 0.00717949 0.00185485 0.000446346 9.44091e-05 1.7588e-05 2.84866e-06 3.83944e-07 4.1508e-08 3.50566e-09
 1.41601e-11 1.53694e-09 9.83639e-08 3.71195e-06 8.25957e-05 0.00108371 0.00838528 0.0382852 0.10346 0.168013 0.175897 0.14994 0.137056 0.114103 0.0664672 0.026224 0.00806083 0.00224851 0.000553546 0.000113152 1.97293e-05 2.97592e-06 3.79272e-07 3.98233e-08 3.33065e-09
 1.466e-11 1.5912e-09 1.01836e-07 3.84299e-06 8.55116e-05 0.00112196 0.00868115 0.0396333 0.107065 0.173553 0.180236 0.149952 0.133046 0.109183 0.0630578 0.0244689 0.0072912 0.00198963 0.000500081 0.000108292 1.98847e-05 3.01346e-06 3.67926e-07 3.62036e-08 2.85194e-09
#obs surv len freq
 1.1639e-11 1.2633e-09 8.08511e-08 3.05107e-06 6.78905e-05 0.000890777 0.0068928 0.031478 0.0851502 0.138878 0.147835 0.131734 0.12857 0.11984 0.0915238 0.0598486 0.0338385 0.0156077 0.0057339 0.00166516 0.000372101 6.17491e-05 7.3565e-06 6.09526e-07 3.41353e-08
 8.35464e-12 9.06818e-10 5.80363e-08 2.19012e-06 4.87335e-05 0.00063945 0.00494911 0.0226252 0.0615083 0.10265 0.119551 0.130876 0.152057 0.149384 0.114267 0.0736653 0.0407369 0.0182842 0.00649548 0.00180899 0.000384424 6.02081e-05 6.72543e-06 5.19649e-07 2.702e-08
 1.84693e-11 2.00467e-09 1.28299e-07 4.8416e-06 0.000107731 0.00141347 0.0109356 0.0498992 0.134419 0.214765 0.208081 0.134725 0.0784657 0.056464 0.0451765 0.0330636 0.0195639 0.00883741 0.00306367 0.000820453 0.000166106 2.45907e-05 2.5782e-06 1.85882e-07 8.97741e-09
 8.43987e-12 9.16069e-10 5.86284e-08 2.21247e-06 4.92314e-05 0.000646019 0.00500117 0.022888 0.0625194 0.10638 0.131673 0.157437 0.184343 0.162424 0.0966761 0.0425834 0.0171568 0.00692756 0.00246169 0.000675062 0.000134737 1.91058e-05 1.88873e-06 1.27313e-07 5.71827e-09
 1.40492e-11 1.52491e-09 9.75941e-08 3.6829e-06 8.19495e-05 0.00107523 0.00831968 0.0379824 0.102559 0.165626 0.168109 0.128537 0.104092 0.0964999 0.0839369 0.0591588 0.0301371 0.0105605 0.00267021 0.000543411 9.32342e-05 1.25177e-05 1.1964e-06 7.70926e-08 3.26166e-09
 1.19809e-11 1.30042e-09 8.32265e-08 3.14072e-06 6.98861e-05 0.000917 0.007097 0.0324347 0.0879961 0.145079 0.159483 0.149017 0.143135 0.120281 0.0778345 0.0424388 0.0213722 0.00915694 0.00292598 0.00064924 9.88131e-05 1.05875e-05 8.22442e-07 4.60407e-08 1.78186e-09
 1.6484e-11 1.78919e-09 1.14508e-07 4.32118e-06 9.61521e-05 0.00126159 0.00976168 0.0445661 0.120325 0.194102 0.19545 0.143398 0.102999 0.0788962 0.0547723 0.0320014 0.0150059 0.00542647 0.00153175 0.000339468 5.59592e-05 6.39072e-06 4.84871e-07 2.41549e-08 7.92524e-10
 1.3454e-11 1.46031e-09 9.34597e-08 3.52689e-06 7.84792e-05 0.00102976 0.00796983 0.0364237 0.0987874 0.162425 0.175787 0.15594 0.138639 0.108789 0.0649328 0.0307647 0.0125903 0.00436265 0.00119131 0.000244461 3.67442e-05 3.95552e-06 2.95648e-07 1.47841e-08 4.79003e-10
 1.42617e-11 1.54797e-09 9.90701e-08 3.73861e-06 8.31901e-05 0.00109156 0.00844769 0.0385971 0.104543 0.170828 0.180332 0.149976 0.125275 0.0999376 0.0657583 0.0348533 0.0145029 0.00451386 0.00104507 0.000184523 2.47831e-05 2.43237e-06 1.66722e-07 7.71776e-09 2.35393e-10
 1.42309e-11 1.54463e-09 9.88563e-08 3.73055e-06 8.30111e-05 0.00108923 0.00843022 0.0385269 0.104448 0.171207 0.182366 0.15392 0.128441 0.0992528 0.0620766 0.03157 0.0131334 0.00424075 0.00101246 0.00017422 2.12724e-05 1.82495e-06 1.09034e-07 4.46548e-09 1.22441e-10
 1.28335e-11 1.39296e-09 8.91493e-08 3.36425e-06 7.48611e-05 0.000982339 0.00760431 0.0347778 0.0945518 0.156643 0.172751 0.157087 0.140585 0.111312 0.0695428 0.0347193 0.0139042 0.00428583 0.000986205 0.000166491 2.00784e-05 1.67432e-06 9.40442e-08 3.49783e-09 8.51748e-11
 1.41362e-11 1.53435e-09 9.81984e-08 3.70573e-06 8.24595e-05 0.00108203 0.00837527 0.0382882 0.103903 0.170751 0.182691 0.154232 0.127504 0.0987532 0.0633029 0.0327201 0.0132496 0.00401233 0.000888462 0.000142645 1.63237e-05 1.29751e-06 6.97804e-08 2.48088e-09 5.71778e-11
 1.35671e-11 1.47258e-09 9.42453e-08 3.55656e-06 7.91412e-05 0.00103853 0.00804 0.0367789 0.100038 0.165722 0.181579 0.160278 0.136023 0.102616 0.0618042 0.0299245 0.0116646 0.00349967 0.000774348 0.000122775 1.36016e-05 1.02923e-06 5.21962e-08 1.74433e-09 3.78011e-11
 1.1389e-11 1.23617e-09 7.91151e-08 2.98561e-06 6.64383e-05 0.000871936 0.00675308 0.0309401 0.08464 0.143053 0.166335 0.16419 0.153673 0.12121 0.0743283 0.035802 0.013431 0.00378614 0.000784707 0.000117967 1.25563e-05 9.169e-07 4.46566e-08 1.41989e-09 2.90078e-11
 9.23131e-12 1.00197e-09 6.41267e-08 2.42002e-06 5.38544e-05 0.00070689 0.00547777 0.0251459 0.0692639 0.119763 0.148056 0.161555 0.165004 0.139688 0.092558 0.0477291 0.0185429 0.00523114 0.00105503 0.000150841 1.50548e-05 1.02731e-06 4.69227e-08 1.40609e-09 2.71435e-11
 1.21731e-11 1.32128e-09 8.45622e-08 3.19118e-06 7.10128e-05 0.00093196 0.00721729 0.033049 0.090166 0.150605 0.168124 0.153045 0.136364 0.113452 0.0790963 0.0434711 0.0178551 0.00527542 0.00109817 0.000158257 1.5491e-05 1.01236e-06 4.35394e-08 1.21652e-09 2.18106e-11
 1.17112e-11 1.27114e-09 8.13536e-08 3.07013e-06 6.83218e-05 0.000896768 0.00694805 0.0318678 0.0874156 0.148501 0.173 0.167028 0.148952 0.113068 0.0690156 0.0343593 0.0137035 0.00413226 0.000892593 0.000132811 1.32326e-05 8.64911e-07 3.65221e-08 9.84347e-10 1.67668e-11
 1.24926e-11 1.35596e-09 8.67818e-08 3.27498e-06 7.28807e-05 0.000956605 0.00741132 0.0339828 0.0930824 0.157159 0.179391 0.166297 0.143189 0.107696 0.0651045 0.0308086 0.0111434 0.00301096 0.000598005 8.5056e-05 8.33659e-06 5.42373e-07 2.27775e-08 6.06005e-10 1.0087e-11
 1.17264e-11 1.2728e-09 8.14599e-08 3.07419e-06 6.84155e-05 0.000898135 0.00696179 0.0319722 0.0880069 0.150714 0.177852 0.172648 0.151597 0.111704 0.064846 0.0293964 0.0101835 0.00260244 0.000477972 6.18796e-05 5.52986e-06 3.33075e-07 1.31936e-08 3.35983e-10 5.39735e-12
 1.20922e-11 1.31251e-09 8.40015e-08 3.17012e-06 7.05515e-05 0.000926204 0.00717978 0.0329744 0.0907268 0.154924 0.180806 0.171525 0.147739 0.108773 0.0635179 0.0285197 0.00954868 0.00231542 0.000399048 4.80376e-05 3.95327e-06 2.17501e-07 7.84428e-09 1.82385e-10 2.69451e-12
 1.28436e-11 1.39406e-09 8.92211e-08 3.36712e-06 7.49368e-05 0.000983807 0.00762675 0.0350279 0.09633 0.163961 0.188839 0.173289 0.142427 0.100296 0.0563667 0.0245289 0.00800493 0.00188896 0.000313461 3.57914e-05 2.75553e-06 1.40376e-07 4.65375e-09 9.89486e-11 1.33238e-12
 1.21224e-11 1.31579e-09 8.42124e-08 3.17818e-06 7.07372e-05 0.000928883 0.00720581 0.0331598 0.0917044 0.158402 0.188234 0.179779 0.150059 0.103369 0.0554442 0.0227795 0.00701545 0.00156873 0.000247603 2.69071e-05 1.96491e-06 9.43267e-08 2.92362e-09 5.76815e-11 7.16263e-13
 1.28169e-11 1.39116e-09 8.90367e-08 3.36026e-06 7.47903e-05 0.000982106 0.00761816 0.0350425 0.0967243 0.16587 0.193041 0.177609 0.14356 0.0979407 0.0524737 0.0212309 0.00628728 0.00132651 0.000195659 1.9826e-05 1.35192e-06 6.071e-08 1.76104e-09 3.2477e-11 3.75994e-13
 1.20762e-11 1.31078e-09 8.3893e-08 3.16626e-06 7.04802e-05 0.000925799 0.00718777 0.0331444 0.0920937 0.16053 0.192928 0.184244 0.150434 0.100051 0.0513902 0.0199502 0.00570409 0.0011621 0.000164071 1.57065e-05 1.00033e-06 4.16674e-08 1.11807e-09 1.90708e-11 2.04377e-13
 1.21822e-11 1.32228e-09 8.46301e-08 3.19414e-06 7.11045e-05 0.00093411 0.00725419 0.0334676 0.0930582 0.162223 0.194301 0.183936 0.149082 0.0991094 0.050753 0.0193191 0.00531052 0.00102754 0.000137191 1.24059e-05 7.44784e-07 2.91154e-08 7.29046e-10 1.15407e-11 1.14301e-13
 1.08048e-11 1.17279e-09 7.50644e-08 2.83334e-06 6.30867e-05 0.000829284 0.00645079 0.0298934 0.0840808 0.150615 0.189906 0.191119 0.160327 0.106582 0.0536519 0.0199768 0.00535701 0.00100486 0.000128732 1.10465e-05 6.2393e-07 2.2829e-08 5.33522e-10 7.86743e-12 7.24472e-14
 1.09272e-11 1.18608e-09 7.59161e-08 2.86557e-06 6.3808e-05 0.000838865 0.00652661 0.0302504 0.0850487 0.15189 0.189877 0.189021 0.158537 0.106833 0.0544833 0.0202298 0.00530803 0.000961352 0.000118011 9.65264e-06 5.16983e-07 1.78356e-08 3.90846e-10 5.37894e-12 4.60645e-14
 1.12629e-11 1.22253e-09 7.825e-08 2.95379e-06 6.57792e-05 0.000864974 0.00673291 0.0312335 0.0879153 0.157008 0.195032 0.190378 0.154907 0.10127 0.0504361 0.0184232 0.00477071 0.000849595 0.000101593 8.00353e-06 4.08765e-07 1.33485e-08 2.75438e-10 3.55532e-12 2.84633e-14
#pred catch len freq
 7.96762e-12 8.64808e-10 5.53476e-08 2.08865e-06 4.64756e-05 0.000609813 0.00471942 0.0215698 0.0585924 0.0975948 0.113611 0.125994 0.148693 0.143092 0.102066 0.0630006 0.0392675 0.0248594 0.016226 0.0112601 0.00847226 0.00699892 0.00601325 0.00461911 0.00269183
 9.34197e-12 1.01398e-09 6.48946e-08 2.44893e-06 5.44922e-05 0.000714994 0.00553318 0.0252833 0.0686006 0.11363 0.129374 0.136749 0.155025 0.144937 0.097858 0.0541941 0.0295011 0.0161524 0.00884062 0.00500365 0.00304779 0.00208868 0.00158465 0.00115559 0.00066995
 1.28016e-11 1.3895e-09 8.89275e-08 3.35585e-06 7.46721e-05 0.000979749 0.007581 0.0346159 0.0935841 0.152294 0.160942 0.141147 0.134307 0.117311 0.0767657 0.0406306 0.0205308 0.0100666 0.00471626 0.0021928 0.00104875 0.000548474 0.000331276 0.000212486 0.000117272
 1.29517e-11 1.40579e-09 8.99702e-08 3.3952e-06 7.55477e-05 0.00099124 0.00767002 0.035025 0.0947247 0.15443 0.164491 0.147364 0.142741 0.122856 0.0746421 0.0329559 0.0130068 0.00532999 0.00221134 0.000892866 0.00034819 0.000136879 5.94153e-05 2.95095e-05 1.43188e-05
 1.03119e-11 1.11926e-09 7.16323e-08 2.70319e-06 6.01498e-05 0.000789225 0.00610757 0.0279063 0.0756949 0.125199 0.141696 0.147631 0.164468 0.149356 0.0928877 0.0421361 0.016727 0.00624394 0.00210712 0.000673608 0.000215175 6.77184e-05 2.1287e-05 7.25293e-06 2.68203e-06
 1.23322e-11 1.33855e-09 8.56668e-08 3.2328e-06 7.19341e-05 0.000943829 0.00730322 0.0333511 0.0902141 0.147208 0.157423 0.1427 0.140668 0.124444 0.0812472 0.0421011 0.0198957 0.00833448 0.00291164 0.000872959 0.000232376 5.66944e-05 1.331e-05 3.13194e-06 7.73359e-07
 1.31697e-11 1.42944e-09 9.14841e-08 3.45233e-06 7.68189e-05 0.00100792 0.00779901 0.0356124 0.0962923 0.156814 0.166238 0.146974 0.14041 0.120401 0.0735213 0.032988 0.0133108 0.00544268 0.00212032 0.000725094 0.000204996 4.72391e-05 9.14849e-06 1.57044e-06 2.55794e-07
 1.35707e-11 1.47297e-09 9.42699e-08 3.55746e-06 7.91581e-05 0.00103861 0.00803635 0.0366934 0.0991764 0.1612 0.169442 0.146229 0.1361 0.115946 0.0716128 0.0330765 0.0135592 0.00521488 0.00179849 0.000572346 0.000168867 4.28301e-05 8.69943e-06 1.38369e-06 1.76864e-07
 1.32053e-11 1.43331e-09 9.17318e-08 3.46168e-06 7.70269e-05 0.00101065 0.00782015 0.0357095 0.0965621 0.157313 0.16704 0.14834 0.14226 0.121671 0.0731816 0.0313747 0.0115221 0.00413832 0.0013989 0.000427292 0.000115902 2.76301e-05 5.68504e-06 9.5386e-07 1.22939e-07
 1.32002e-11 1.43276e-09 9.16962e-08 3.46033e-06 7.6997e-05 0.00101025 0.00781709 0.0356951 0.0965172 0.157191 0.166687 0.147494 0.141032 0.120956 0.0737531 0.032739 0.0125688 0.0045054 0.00142355 0.000398888 0.000101788 2.29961e-05 4.43389e-06 7.10841e-07 9.1568e-08
 1.31781e-11 1.43036e-09 9.15428e-08 3.45454e-06 7.68682e-05 0.00100856 0.00780402 0.0356354 0.0963562 0.156933 0.16643 0.14731 0.140919 0.120938 0.0738844 0.0329943 0.0128537 0.00473091 0.00154638 0.000439455 0.000108116 2.27004e-05 4.06206e-06 6.10019e-07 7.42355e-08
 1.37982e-11 1.49766e-09 9.58498e-08 3.61708e-06 8.04847e-05 0.00105601 0.008171 0.0373076 0.100829 0.163821 0.17189 0.147543 0.136283 0.115088 0.0696251 0.0305635 0.0116159 0.00421306 0.00138295 0.000401069 0.000101346 2.15277e-05 3.75402e-06 5.30456e-07 6.00279e-08
 1.41785e-11 1.53894e-09 9.84918e-08 3.71678e-06 8.27032e-05 0.00108512 0.00839615 0.0383341 0.103583 0.168132 0.175647 0.14881 0.135162 0.112675 0.0666147 0.0275627 0.00945118 0.00312505 0.000973797 0.000275158 6.91794e-05 1.48863e-05 2.6462e-06 3.76234e-07 4.16111e-08
 1.32739e-11 1.44076e-09 9.22081e-08 3.47965e-06 7.74269e-05 0.00101589 0.00786076 0.0358949 0.0970627 0.158123 0.167874 0.149003 0.14275 0.121806 0.0727151 0.0304567 0.0105771 0.003442 0.00100414 0.000257921 5.99241e-05 1.23561e-05 2.16777e-06 3.10013e-07 3.46796e-08
 1.12131e-11 1.21708e-09 7.78928e-08 2.93944e-06 6.54066e-05 0.000858194 0.00664105 0.030338 0.0822116 0.13534 0.150245 0.14966 0.160338 0.142694 0.0862528 0.0365079 0.0128957 0.00427584 0.00126386 0.000322713 7.16634e-05 1.36397e-05 2.20609e-06 2.9908e-07 3.27319e-08
 1.21125e-11 1.3147e-09 8.41404e-08 3.1752e-06 7.06525e-05 0.000927017 0.0071733 0.0327617 0.0886721 0.145114 0.157137 0.147164 0.14929 0.131324 0.0812434 0.0369431 0.0146485 0.00532777 0.00164939 0.000432089 9.74143e-05 1.84666e-05 2.87979e-06 3.65087e-07 3.71136e-08
 1.29829e-11 1.40917e-09 9.01868e-08 3.40337e-06 7.57296e-05 0.000993626 0.0076885 0.0351096 0.0949578 0.154842 0.16508 0.148253 0.143923 0.12379 0.074758 0.0322986 0.0119807 0.00429677 0.00141705 0.000408981 9.95044e-05 1.96856e-05 3.12961e-06 3.95515e-07 3.89762e-08
 1.35478e-11 1.47048e-09 9.41105e-08 3.55144e-06 7.90243e-05 0.00103685 0.00802285 0.0366335 0.0990387 0.161171 0.17031 0.149171 0.140793 0.119247 0.070723 0.0292169 0.00995417 0.00324736 0.000992019 0.000275336 6.864e-05 1.46036e-05 2.50853e-06 3.3448e-07 3.38158e-08
 1.35087e-11 1.46624e-09 9.38392e-08 3.5412e-06 7.87965e-05 0.00103386 0.00799973 0.0365281 0.0987563 0.160731 0.169938 0.149082 0.140982 0.119583 0.0711098 0.029554 0.0101232 0.00325076 0.000939053 0.000238266 5.43878e-05 1.10089e-05 1.90211e-06 2.66938e-07 2.88206e-08
 1.37427e-11 1.49164e-09 9.54649e-08 3.60255e-06 8.01615e-05 0.00105177 0.00813826 0.0371595 0.100447 0.163353 0.172105 0.14946 0.139673 0.117663 0.0693693 0.0282223 0.00930107 0.00288837 0.000823021 0.000205849 4.50324e-05 8.44974e-06 1.34357e-06 1.78767e-07 1.9198e-08
 1.43383e-11 1.55628e-09 9.96018e-08 3.75866e-06 8.36352e-05 0.00109735 0.00849073 0.0387652 0.104738 0.16993 0.177168 0.149184 0.134462 0.111553 0.0655193 0.0266184 0.00873838 0.00267934 0.000743625 0.000179628 3.81667e-05 6.98352e-06 1.06586e-06 1.32825e-07 1.32678e-08
 1.44741e-11 1.57102e-09 1.00545e-07 3.79427e-06 8.44275e-05 0.00110774 0.00857113 0.0391316 0.105719 0.171448 0.178403 0.149344 0.133612 0.11038 0.0645383 0.0259322 0.00833378 0.00250126 0.000685444 0.00016357 3.40234e-05 6.03763e-06 8.91563e-07 1.07429e-07 1.02787e-08
 1.42281e-11 1.54432e-09 9.88362e-08 3.72977e-06 8.29923e-05 0.00108891 0.00842552 0.0384686 0.103951 0.168773 0.176515 0.150017 0.13662 0.11348 0.0659114 0.0258248 0.00786534 0.00222001 0.000583317 0.000135271 2.75444e-05 4.80416e-06 6.94847e-07 8.1414e-08 7.53699e-09
 1.47067e-11 1.59627e-09 1.02161e-07 3.85524e-06 8.57842e-05 0.00112554 0.0087088 0.0397589 0.107396 0.174023 0.180412 0.149323 0.131713 0.108097 0.0630293 0.0252111 0.00800245 0.00233618 0.00060807 0.000134558 2.59362e-05 4.33879e-06 6.09766e-07 6.9867e-08 6.32524e-09
 1.48352e-11 1.61021e-09 1.03053e-07 3.88892e-06 8.65335e-05 0.00113537 0.00878484 0.0401057 0.108327 0.175489 0.181727 0.149875 0.131516 0.107375 0.0618952 0.0239664 0.00712274 0.00195124 0.000500949 0.000113196 2.20687e-05 3.6077e-06 4.83989e-07 5.29161e-08 4.62161e-09
 1.44687e-11 1.57043e-09 1.00508e-07 3.79285e-06 8.43958e-05 0.00110732 0.00856794 0.0391177 0.10569 0.171473 0.178761 0.150458 0.135357 0.111574 0.0641303 0.0244074 0.00694756 0.00178299 0.000427315 9.02574e-05 1.68085e-05 2.72218e-06 3.6689e-07 3.96641e-08 3.34993e-09
 1.45871e-11 1.58329e-09 1.01331e-07 3.82391e-06 8.50869e-05 0.00111639 0.00863805 0.0394368 0.106538 0.172731 0.17953 0.149748 0.133326 0.109713 0.0636743 0.0250385 0.00765132 0.00212088 0.000520369 0.000106251 1.85203e-05 2.79331e-06 3.5599e-07 3.73785e-08 3.12617e-09
 1.43866e-11 1.56153e-09 9.99378e-08 3.77134e-06 8.39173e-05 0.00110105 0.00851939 0.0388963 0.105096 0.170542 0.177945 0.150169 0.135577 0.112086 0.0648013 0.0250913 0.00743565 0.00201586 0.000504819 0.000109186 2.00428e-05 3.03718e-06 3.70815e-07 3.64877e-08 2.87432e-09
#obs catch len freq
 9.75864e-12 1.05921e-09 6.77893e-08 2.55816e-06 5.69228e-05 0.000746884 0.00577984 0.0264062 0.071576 0.117883 0.130701 0.129294 0.139846 0.135716 0.105091 0.0693899 0.039606 0.0184636 0.006871 0.00202438 0.000459284 7.74129e-05 9.36814e-06 7.88294e-07 4.48192e-08
 1.00277e-11 1.08841e-09 6.96583e-08 2.62869e-06 5.84923e-05 0.00076748 0.00593932 0.0271363 0.0735655 0.121178 0.134138 0.131405 0.139751 0.133854 0.102684 0.066936 0.0374046 0.0169453 0.00608304 0.00171513 0.000369539 5.87279e-05 6.65735e-06 5.21823e-07 2.75094e-08
 7.09984e-12 7.70621e-10 4.93197e-08 1.86118e-06 4.14146e-05 0.000543436 0.00420673 0.0192468 0.0525166 0.0890415 0.109444 0.131528 0.1614 0.160298 0.12259 0.078621 0.0429026 0.0188844 0.00654479 0.00176675 0.000361425 5.41304e-05 5.746e-06 4.19551e-07 2.05173e-08
 1.75114e-11 1.9007e-09 1.21644e-07 4.59048e-06 0.000102144 0.00134017 0.0103687 0.0473175 0.127524 0.204179 0.199644 0.13379 0.0842183 0.0645929 0.0525015 0.038122 0.0221553 0.00978734 0.00330384 0.000856176 0.000166596 2.355e-05 2.34337e-06 1.59488e-07 7.23806e-09
 7.46615e-12 8.10381e-10 5.18643e-08 1.95722e-06 4.35522e-05 0.000571524 0.00442548 0.0202736 0.0556182 0.0962823 0.125398 0.160783 0.193842 0.170378 0.100522 0.0440263 0.0176347 0.00700199 0.00241785 0.000639377 0.000122345 1.65381e-05 1.54971e-06 9.85077e-08 4.15405e-09
 1.31351e-11 1.4257e-09 9.12445e-08 3.44329e-06 7.6618e-05 0.00100529 0.00777891 0.0355215 0.0960064 0.155669 0.160496 0.128391 0.110443 0.105076 0.0911427 0.0630978 0.0313437 0.0106959 0.00263472 0.000520298 8.57615e-05 1.09578e-05 9.90602e-07 6.01081e-08 2.38562e-09
 1.11982e-11 1.21546e-09 7.77892e-08 2.93554e-06 6.53208e-05 0.00085712 0.00663431 0.0303342 0.0824549 0.136967 0.154337 0.151274 0.150171 0.126621 0.0815447 0.044186 0.0219092 0.009129 0.0028143 0.000599933 8.74709e-05 8.94126e-06 6.58287e-07 3.46825e-08 1.25688e-09
 1.58756e-11 1.72315e-09 1.10282e-07 4.16169e-06 9.26036e-05 0.00121504 0.00940197 0.0429321 0.116004 0.187705 0.191123 0.14458 0.108165 0.0842413 0.0582801 0.0335703 0.0154004 0.00542736 0.00148619 0.000316871 4.98365e-05 5.40114e-06 3.87488e-07 1.81882e-08 5.59902e-10
 1.29272e-11 1.40312e-09 8.97998e-08 3.38878e-06 7.54065e-05 0.000989467 0.00765871 0.0350152 0.0951071 0.157221 0.17304 0.158467 0.143872 0.112665 0.0665956 0.0311764 0.0125229 0.00422252 0.00111428 0.000219653 3.15266e-05 3.22067e-06 2.27145e-07 1.06723e-08 3.23941e-10
 1.38226e-11 1.50032e-09 9.60203e-08 3.62353e-06 8.06298e-05 0.00105799 0.00818851 0.0374243 0.101482 0.166507 0.178035 0.152004 0.129644 0.103445 0.0673724 0.0350797 0.0142296 0.00429764 0.000962229 0.000163355 2.09384e-05 1.94819e-06 1.25924e-07 5.4728e-09 1.56141e-10
 1.38831e-11 1.50688e-09 9.64403e-08 3.63938e-06 8.0983e-05 0.00106265 0.00822515 0.0376019 0.102059 0.167958 0.181005 0.156105 0.132076 0.101667 0.0628767 0.0314439 0.0127576 0.00398928 0.000917219 0.0001512 1.75972e-05 1.43165e-06 8.06832e-08 3.10121e-09 7.94815e-11
 1.25694e-11 1.36429e-09 8.73149e-08 3.29503e-06 7.33214e-05 0.000962165 0.00744899 0.0340813 0.0927887 0.154421 0.172346 0.159538 0.143658 0.112805 0.0695288 0.0340615 0.0132839 0.00396325 0.000877939 0.000141802 1.62633e-05 1.28333e-06 6.79271e-08 2.37176e-09 5.40233e-11
 1.39429e-11 1.51337e-09 9.68555e-08 3.65506e-06 8.13326e-05 0.00106727 0.00826179 0.0377815 0.102638 0.169236 0.182659 0.15635 0.129947 0.0998397 0.0630776 0.0319144 0.0125544 0.00367296 0.00078184 0.000119973 1.30448e-05 9.80057e-07 4.95982e-08 1.6532e-09 3.56152e-11
 1.34457e-11 1.4594e-09 9.34018e-08 3.52474e-06 7.84339e-05 0.00102928 0.0079693 0.0364692 0.0993149 0.1651 0.18237 0.162553 0.137781 0.102695 0.0608846 0.028868 0.0109333 0.00316528 0.000671823 0.000101591 1.06771e-05 7.62856e-07 3.63746e-08 1.13868e-09 2.3043e-11
 1.13182e-11 1.22849e-09 7.86235e-08 2.96707e-06 6.60268e-05 0.00086658 0.00671275 0.0307721 0.0843201 0.143151 0.167915 0.16686 0.1552 0.120653 0.0726856 0.034195 0.012439 0.00338089 0.000671969 9.62766e-05 9.70826e-06 6.68304e-07 3.05622e-08 9.09436e-10 1.73396e-11
 9.21814e-12 1.00054e-09 6.40354e-08 2.41658e-06 5.37793e-05 0.000705956 0.00547183 0.025137 0.0693844 0.120595 0.150353 0.16459 0.16657 0.138881 0.0902566 0.0453234 0.0170286 0.00462182 0.000892256 0.000121425 1.14722e-05 7.37456e-07 3.15974e-08 8.85112e-10 1.59282e-11
 1.21996e-11 1.32415e-09 8.4746e-08 3.19813e-06 7.11684e-05 0.000934045 0.00723445 0.0331415 0.0905248 0.151649 0.1702 0.155477 0.137637 0.112859 0.0770777 0.0411759 0.0163265 0.00463075 0.000920316 0.000125943 1.16509e-05 7.16553e-07 2.88921e-08 7.54293e-10 1.26004e-11
 1.17906e-11 1.27977e-09 8.19058e-08 3.09099e-06 6.87874e-05 0.000902938 0.00699719 0.0321106 0.0882066 0.15031 0.175811 0.169416 0.149117 0.111225 0.0665968 0.032322 0.012456 0.00360084 0.000740789 0.000104406 9.80909e-06 6.02276e-07 2.38127e-08 5.9926e-10 9.50789e-12
 1.2605e-11 1.36816e-09 8.75632e-08 3.30449e-06 7.35389e-05 0.000965303 0.00748004 0.0343145 0.0941053 0.159286 0.182349 0.168544 0.143113 0.105557 0.062366 0.0286712 0.0100109 0.00259592 0.000491471 6.61716e-05 6.10439e-06 3.72259e-07 1.46095e-08 3.62382e-10 5.61262e-12
 1.18712e-11 1.28851e-09 8.24659e-08 3.11218e-06 6.92631e-05 0.000909335 0.0070502 0.0323974 0.0893016 0.153324 0.18127 0.174923 0.151039 0.108992 0.0617959 0.0271893 0.00907574 0.00222104 0.000388354 4.7584e-05 4.00228e-06 2.25809e-07 8.34698e-09 1.97812e-10 2.95149e-12
 1.22667e-11 1.33144e-09 8.52137e-08 3.2159e-06 7.15725e-05 0.000939685 0.0072859 0.0334804 0.0922347 0.157835 0.184386 0.173717 0.147009 0.105854 0.060239 0.026192 0.00843645 0.00195675 0.000320693 3.6498e-05 2.82493e-06 1.45539e-07 4.89726e-09 1.05917e-10 1.45208e-12
 1.30425e-11 1.41565e-09 9.06035e-08 3.41933e-06 7.61011e-05 0.000999177 0.00774758 0.0356016 0.0980167 0.167114 0.192476 0.175171 0.14124 0.0971412 0.053156 0.0223808 0.00701715 0.00158109 0.000249098 2.68586e-05 1.94336e-06 9.26631e-08 2.86538e-09 5.66648e-11 7.08025e-13
 1.23421e-11 1.33963e-09 8.57392e-08 3.23585e-06 7.20239e-05 0.000945884 0.00733971 0.0337976 0.0935862 0.161914 0.192204 0.181625 0.148427 0.0997408 0.0520406 0.0206719 0.0061119 0.00130377 0.000195149 2.0001e-05 1.37112e-06 6.1556e-08 1.77874e-09 3.26341e-11 3.76029e-13
 1.30561e-11 1.41713e-09 9.06993e-08 3.42306e-06 7.61914e-05 0.00100061 0.00776371 0.0357325 0.0987354 0.169529 0.197008 0.179309 0.141812 0.0942249 0.0489934 0.0191235 0.00542904 0.00109178 0.000152618 1.45751e-05 9.32208e-07 3.9114e-08 1.0569e-09 1.8113e-11 1.94498e-13
 1.23325e-11 1.3386e-09 8.56743e-08 3.23356e-06 7.19825e-05 0.000945668 0.00734445 0.0338905 0.0942807 0.164517 0.197179 0.185847 0.148242 0.0959664 0.0478237 0.0178995 0.00489978 0.000949908 0.000126922 1.14412e-05 6.83146e-07 2.65781e-08 6.64057e-10 1.05202e-11 1.04508e-13
 1.24529e-11 1.35167e-09 8.65119e-08 3.26526e-06 7.26921e-05 0.000955112 0.00741983 0.0342556 0.0953581 0.166372 0.198649 0.185525 0.146801 0.0948525 0.0470288 0.017229 0.00452956 0.000833389 0.000105215 8.95016e-06 5.03254e-07 1.83622e-08 4.27952e-10 6.291e-12 5.77515e-14
 1.10871e-11 1.20344e-09 7.70272e-08 2.90755e-06 6.4745e-05 0.000851267 0.0066249 0.030728 0.0865453 0.15512 0.194665 0.192831 0.157767 0.101914 0.0496452 0.017772 0.00455145 0.000810613 9.80793e-05 7.91082e-06 4.18257e-07 1.42762e-08 3.10371e-10 4.24806e-12 3.6244e-14
 1.12218e-11 1.21807e-09 7.7965e-08 2.94303e-06 6.55396e-05 0.000861824 0.00670841 0.0311204 0.0876051 0.156523 0.194747 0.190848 0.156035 0.102006 0.050231 0.0178993 0.00448003 0.000769653 8.91429e-05 6.84658e-06 3.42953e-07 1.10304e-08 2.24771e-10 2.87044e-12 2.27713e-14
#spawning biomass
 23696.2 15761.3 15777.2 18754.5 21402.6 24338.5 29325.2 45154.9 56455 75339.7 100837 127557 152879 188153 175851 148107 130778 122870 128736 125645 134704 151909 156099 171490 175664 168285 176486 182960 209304 137062 30495.3 13097.9 10701.9 10404.5 10370.1 10366.3 10365.9 10365.8 10365.8 10365.8 10365.8 10365.8 10365.8 10365.8 10365.8 10365.8 10365.8 10365.8 10365.8 10365.8 10365.8 10365.8 10365.8 10365.8 10365.8 10365.8 10365.8 10365.8 10365.8 10365.8 10365.8 10365.8 10365.8 10365.8 10365.8 10365.8 10365.8 10365.8 10365.8 10365.8 10365.8 10365.8 10365.8 10365.8 10365.8 10365.8 10365.8 10365.8 10365.8 10365.8 10365.8 10365.8 10365.8 10365.8 10365.8 10365.8 10365.8 10365.8 10365.8 10365.8 10365.8 10365.8 10365.8 10365.8 10365.8 10365.8 10365.8 10365.8 10365.8 10365.8 10365.8 10365.8 10365.8 10365.8 10365.8 10365.8 10365.8 10365.8 10365.8 10365.8 10365.8 10365.8 10365.8 10365.8 10365.8 10365.8 10365.8 10365.8 10365.8 10365.8 10365.8 10365.8 10365.8 10365.8 10365.8 10365.8 10365.8 10365.8 0 0 0 0 0 0 0 0 0 0 0 0 0 0 0 0 0 0 0 0 0 0 0 0 0
