SBPRF35
0.819782
Curr Bio
191700
B35
1.46283e+06
F35
0.232635
FOFL
0
OFL
0
Bzero
234224
#pred survey bio
 29207.7 25273.4 22895.1 25642.7 38447.9 54436.7 69837.1 93566.1 120600 152015 173424 212196 253057 271382 259366 259194 259242 237733 233436 260764 267863 288007 317738 274383 282558 277924 249648 229626 4.11224e+06 6.93154e+06 7.82628e+06 7.5874e+06 6.78497e+06 5.81576e+06 4.90101e+06 4.13323e+06 3.5309e+06 3.07781e+06 2.74597e+06 2.50692e+06 2.3363e+06 2.21496e+06 2.12828e+06 2.06382e+06 2.01843e+06 1.98605e+06 1.96262e+06 1.94544e+06 1.93267e+06 1.92305e+06 1.91572e+06 1.91007e+06 1.90566e+06 1.90221e+06 1.89947e+06 1.8973e+06 1.89555e+06 1.89415e+06 1.89302e+06 1.89211e+06 1.89136e+06 1.89076e+06 1.89027e+06 1.88987e+06 1.88954e+06 1.88928e+06 1.88906e+06 1.88888e+06 1.88874e+06 1.88862e+06 1.88852e+06 1.88844e+06 1.88838e+06 1.88832e+06 1.88828e+06 1.88825e+06 1.88822e+06 1.88819e+06 1.88817e+06 1.88816e+06 1.88814e+06 1.88813e+06 1.88812e+06 1.88812e+06 1.88811e+06 1.88811e+06 1.8881e+06 1.8881e+06 1.8881e+06 1.88809e+06 1.88809e+06 1.88809e+06 1.88809e+06 1.88809e+06 1.88809e+06 1.88809e+06 1.88809e+06 1.88809e+06 1.88809e+06 1.88809e+06 1.88809e+06 1.88809e+06 1.88809e+06 1.88808e+06 1.88808e+06 1.88808e+06 1.88808e+06 1.88808e+06 1.88808e+06 1.88808e+06 1.88808e+06 1.88808e+06 1.88808e+06 1.88808e+06 1.88808e+06 1.88808e+06 1.88808e+06 1.88808e+06 1.88808e+06 1.88808e+06 1.88808e+06 1.88808e+06 1.88808e+06 1.88808e+06 1.88808e+06 1.88808e+06 1.88808e+06 1.88808e+06 0 0 0 0 0 0 0 0 0 0 0 0 0 0 0 0 0 0 0 0 0 0 0 0 0
#obs survey bio
 27966.7 19334.7 17080.4 21948.2 59912.3 35920.8 50831.5 79640.1 94286 155414 169781 227415 197535 189133 187102 224970 189367 174060 249796 140020 201782 241519 380742 184436 264728 290264 169082 130506
#pred catch bio
 15279.1 14260.7 11974.7 12968.5 24408.3 38351.5 48026.9 66168.6 85363.9 110543 125387 153492 186289 212055 204722 197931 208954 190229 177165 207991 214101 227330 272772 225908 236203 236639 209505 219189 0 60745 68659.5 65792.4 57914.3 48687.4 40134 33072.5 27633.7 23631.6 20778.7 18790.8 17428.7 16507.1 15887.9 15465.5 15191.5 15013.7 14898.3 14823.5 14774.9 14743.4 14723 14709.7 14701.1 14695.5 14691.9 14689.6 14688 14687.1 14686.4 14686 14685.7 14685.6 14685.4 14685.4 14685.3 14685.3 14685.3 14685.3 14685.2 14685.2 14685.2 14685.2 14685.2 14685.2 14685.2 14685.2 14685.2 14685.2 14685.2 14685.2 14685.2 14685.2 14685.2 14685.2 14685.2 14685.2 14685.2 14685.2 14685.2 14685.2 14685.2 14685.2 14685.2 14685.2 14685.2 14685.2 14685.2 14685.2 14685.2 14685.2 14685.2 14685.2 14685.2 14685.2 14685.2 14685.2 14685.2 14685.2 14685.2 14685.2 14685.2 14685.2 14685.2 14685.2 14685.2 14685.2 14685.2 14685.2 14685.2 14685.2 14685.2 14685.2 14685.2 14685.2 14685.2 14685.2 14685.2 14685.2 0 0 0 0 0 0 0 0 0 0 0 0 0 0 0 0 0 0 0 0 0 0 0 0 0
#obs catch bio
 15040.3 14633.1 14646 10935.8 19281.8 37056 39818.5 63605.6 78183.9 91473.7 111147 144415 170096 212622 217636 195535 190553 196403 147511 204040 202974 198399 222435 214714 207651 199418 185659 212767
#pred cpue bio
 23171.2 20898.5 16261 18268.5 21415.8 29507.7 34761.4 47282.4 59671.7 76828 90639.6 104778 128569 146097 131638 122915 136444 113649 108341 125788 120241 123822 139324 110212 115355 111594 101354 96791.8 938103 6.75249e+06 7.70485e+06 7.46452e+06 6.66203e+06 5.69281e+06 4.77806e+06 4.01028e+06 3.40795e+06 2.95486e+06 2.62303e+06 2.38398e+06 2.21335e+06 2.09202e+06 2.00534e+06 1.94088e+06 1.89549e+06 1.8631e+06 1.83968e+06 1.8225e+06 1.80973e+06 1.80011e+06 1.79277e+06 1.78712e+06 1.78272e+06 1.77926e+06 1.77653e+06 1.77435e+06 1.7726e+06 1.7712e+06 1.77007e+06 1.76916e+06 1.76842e+06 1.76781e+06 1.76732e+06 1.76692e+06 1.7666e+06 1.76633e+06 1.76611e+06 1.76594e+06 1.76579e+06 1.76567e+06 1.76557e+06 1.76549e+06 1.76543e+06 1.76538e+06 1.76533e+06 1.7653e+06 1.76527e+06 1.76524e+06 1.76522e+06 1.76521e+06 1.7652e+06 1.76518e+06 1.76518e+06 1.76517e+06 1.76516e+06 1.76516e+06 1.76515e+06 1.76515e+06 1.76515e+06 1.76515e+06 1.76514e+06 1.76514e+06 1.76514e+06 1.76514e+06 1.76514e+06 1.76514e+06 1.76514e+06 1.76514e+06 1.76514e+06 1.76514e+06 1.76514e+06 1.76514e+06 1.76514e+06 1.76514e+06 1.76514e+06 1.76514e+06 1.76514e+06 1.76514e+06 1.76514e+06 1.76514e+06 1.76514e+06 1.76514e+06 1.76514e+06 1.76514e+06 1.76514e+06 1.76514e+06 1.76514e+06 1.76514e+06 1.76514e+06 1.76514e+06 1.76514e+06 1.76514e+06 1.76514e+06 1.76514e+06 1.76514e+06 1.76514e+06 1.76514e+06 1.76514e+06 0 0 0 0 0 0 0 0 0 0 0 0 0 0 0 0 0 0 0 0 0 0 0 0 0
#obs cpue bio
 18022.8 17356.9 19847.2 30637.9 29667.7 50170.9 84010.2 70094.5 116424 156069 147149 134284 206114 223575 151316 146486 281276 140187 211651 230707 216284 256456 302687 165537 230037 217492 212385 208332
#pred surv len freq
 1.08901e-11 1.18202e-09 7.5649e-08 2.85476e-06 6.35223e-05 0.000833463 0.00644935 0.0294549 0.0797162 0.130412 0.141026 0.131807 0.134613 0.122877 0.0855292 0.0511589 0.0305881 0.0184198 0.0113884 0.007539 0.00547121 0.00440894 0.00373481 0.00285017 0.00165641
 9.10307e-12 9.88051e-10 6.32351e-08 2.3863e-06 5.30986e-05 0.000696708 0.00539165 0.0246359 0.0668344 0.110628 0.125619 0.132107 0.149827 0.142397 0.10106 0.0612442 0.0357928 0.0196663 0.0102902 0.00545886 0.00311147 0.00202076 0.00148325 0.00106503 0.000613622
 1.32925e-11 1.44278e-09 9.23374e-08 3.48453e-06 7.75353e-05 0.00101731 0.00787128 0.0359336 0.0970393 0.157055 0.161975 0.132223 0.116451 0.102144 0.0745579 0.0489205 0.0306294 0.0172985 0.00880913 0.00416617 0.00190174 0.000918891 0.00051665 0.00031837 0.00017289
 1.24859e-11 1.35522e-09 8.6734e-08 3.27307e-06 7.28303e-05 0.000955586 0.00739416 0.0337658 0.0913263 0.148946 0.158922 0.143106 0.139735 0.121958 0.0771914 0.0382073 0.0187295 0.00998843 0.00530162 0.00256541 0.00110045 0.000435097 0.000176471 8.0893e-05 3.75389e-05
 1.65424e-11 1.79552e-09 1.14913e-07 4.33645e-06 9.64915e-05 0.00126601 0.00979507 0.0447039 0.120559 0.193786 0.193587 0.141757 0.105291 0.0819289 0.052892 0.0285862 0.0144105 0.00660264 0.00277777 0.00117899 0.000495909 0.000188998 6.42757e-05 2.12647e-05 7.32442e-06
 1.61079e-11 1.74836e-09 1.11895e-07 4.22256e-06 9.39574e-05 0.00123277 0.0095382 0.0435388 0.117515 0.189691 0.193236 0.15118 0.123256 0.0961778 0.0527519 0.0177713 0.00355972 0.000421223 2.94494e-05 1.2352e-06 3.84299e-08 3.42896e-09 9.38277e-10 2.60683e-10 6.66757e-11
 1.70677e-11 1.85253e-09 1.18562e-07 4.47415e-06 9.95555e-05 0.00130621 0.0101062 0.0461264 0.124427 0.200262 0.201256 0.150348 0.114263 0.0859139 0.0466617 0.0156871 0.00314075 0.000371502 2.59203e-05 1.06645e-06 2.58727e-08 3.70102e-10 3.12168e-12 1.5526e-14 4.55378e-17
 1.69082e-11 1.83522e-09 1.17454e-07 4.43235e-06 9.86253e-05 0.00129401 0.0100118 0.0456964 0.123278 0.198505 0.199923 0.150487 0.115757 0.0876193 0.0476735 0.0160333 0.00321032 0.000379735 2.64949e-05 1.09009e-06 2.64463e-08 3.78306e-10 3.19087e-12 1.58701e-14 4.65392e-17
 1.71293e-11 1.85922e-09 1.1899e-07 4.49032e-06 9.99152e-05 0.00131093 0.0101427 0.0462926 0.124871 0.200941 0.201771 0.150295 0.113685 0.0852543 0.0462703 0.0155532 0.00311385 0.000368317 2.56981e-05 1.0573e-06 2.56509e-08 3.66929e-10 3.09491e-12 1.53928e-14 4.51394e-17
 1.69069e-11 1.83508e-09 1.17445e-07 4.43201e-06 9.86178e-05 0.00129391 0.0100111 0.045693 0.123269 0.198491 0.199912 0.150488 0.115769 0.087633 0.0476817 0.0160361 0.00321088 0.000379802 2.64995e-05 1.09028e-06 2.64509e-08 3.78373e-10 3.19143e-12 1.58728e-14 4.65472e-17
 1.65369e-11 1.79492e-09 1.14875e-07 4.33502e-06 9.64596e-05 0.0012656 0.0097921 0.0446954 0.120605 0.194416 0.196821 0.150809 0.119236 0.0915901 0.0500296 0.0168395 0.00337229 0.000398908 2.78328e-05 1.14513e-06 2.77817e-08 3.97409e-10 3.352e-12 1.66714e-14 4.8889e-17
 1.71503e-11 1.8615e-09 1.19136e-07 4.49581e-06 0.000100037 0.00131254 0.0101551 0.0463492 0.125022 0.201172 0.201946 0.150277 0.113488 0.0850301 0.0461373 0.0155077 0.0031047 0.000367235 2.56226e-05 1.0542e-06 2.55755e-08 3.65851e-10 3.08581e-12 1.53475e-14 4.50067e-17
 1.68504e-11 1.82895e-09 1.17052e-07 4.41719e-06 9.82881e-05 0.00128959 0.00997763 0.0455406 0.122862 0.197869 0.19944 0.150537 0.116299 0.0882376 0.0480404 0.0161589 0.00323554 0.000382721 2.67032e-05 1.09866e-06 2.66542e-08 3.81281e-10 3.21596e-12 1.59948e-14 4.69049e-17
 1.6191e-11 1.75738e-09 1.12472e-07 4.24434e-06 9.4442e-05 0.00123913 0.00958737 0.0437628 0.118114 0.190606 0.193931 0.151108 0.122478 0.0952896 0.0522246 0.0175906 0.0035232 0.000416769 2.90792e-05 1.19641e-06 2.90258e-08 4.15207e-10 3.50211e-12 1.7418e-14 5.10785e-17
 1.68616e-11 1.83017e-09 1.1713e-07 4.42014e-06 9.83536e-05 0.00129045 0.00998427 0.0455708 0.122943 0.197992 0.199534 0.150527 0.116194 0.0881175 0.0479692 0.0161345 0.00323064 0.000382141 2.66628e-05 1.09699e-06 2.66138e-08 3.80703e-10 3.21109e-12 1.59706e-14 4.68339e-17
 1.755e-11 1.90488e-09 1.21912e-07 4.60059e-06 0.000102369 0.00134312 0.0103917 0.0474267 0.1279 0.205574 0.205286 0.14993 0.109743 0.0807556 0.0436011 0.0146398 0.00293034 0.000346596 2.41824e-05 9.94942e-07 2.41379e-08 3.45287e-10 2.91236e-12 1.44849e-14 4.24769e-17
 1.64568e-11 1.78623e-09 1.14319e-07 4.31403e-06 9.59926e-05 0.00125947 0.00974471 0.0444795 0.120028 0.193534 0.196152 0.150878 0.119987 0.0924464 0.0505377 0.0170134 0.00340722 0.000403042 2.81213e-05 1.157e-06 2.80697e-08 4.01529e-10 3.38675e-12 1.68442e-14 4.93958e-17
 1.74726e-11 1.89649e-09 1.21375e-07 4.58031e-06 0.000101918 0.0013372 0.0103459 0.0472182 0.127343 0.204722 0.204639 0.149997 0.110468 0.0815828 0.0440919 0.0148078 0.00296409 0.00035059 2.44611e-05 1.00641e-06 2.44161e-08 3.49266e-10 2.94593e-12 1.46518e-14 4.29665e-17
 1.77517e-11 1.92677e-09 1.23313e-07 4.65346e-06 0.000103545 0.00135856 0.010511 0.0479705 0.129353 0.207795 0.206971 0.149755 0.107853 0.0785987 0.0423213 0.0142019 0.00284236 0.000336182 2.34557e-05 9.65042e-07 2.34126e-08 3.3491e-10 2.82484e-12 1.40496e-14 4.12004e-17
 1.73847e-11 1.88694e-09 1.20764e-07 4.55726e-06 0.000101405 0.00133048 0.0102939 0.0469812 0.12671 0.203754 0.203905 0.150073 0.111292 0.0825231 0.0446498 0.0149987 0.00300244 0.00035513 2.47779e-05 1.01944e-06 2.47324e-08 3.5379e-10 2.98409e-12 1.48416e-14 4.3523e-17
 1.80495e-11 1.9591e-09 1.25382e-07 4.73152e-06 0.000105282 0.00138134 0.0106873 0.0487734 0.131497 0.211075 0.209459 0.149497 0.105062 0.0754138 0.0404316 0.0135553 0.00271245 0.000320805 2.23827e-05 9.20893e-07 2.23415e-08 3.19588e-10 2.69561e-12 1.34068e-14 3.93155e-17
 1.84107e-11 1.99831e-09 1.27892e-07 4.82623e-06 0.00010739 0.00140899 0.0109011 0.0497474 0.134099 0.215054 0.212478 0.149184 0.101677 0.0715499 0.038139 0.0127708 0.00255484 0.00030215 2.10809e-05 8.67332e-07 2.1042e-08 3.01e-10 2.53883e-12 1.2627e-14 3.70289e-17
 1.8249e-11 1.98075e-09 1.26768e-07 4.78383e-06 0.000106446 0.00139661 0.0108054 0.0493113 0.132934 0.213273 0.211126 0.149324 0.103193 0.0732798 0.0391654 0.013122 0.0026254 0.000310502 2.16637e-05 8.91312e-07 2.16238e-08 3.09322e-10 2.60902e-12 1.29761e-14 3.80526e-17
 1.893e-11 2.05467e-09 1.31499e-07 4.96235e-06 0.000110418 0.00144873 0.0112085 0.0511475 0.137838 0.220774 0.216816 0.148734 0.0968106 0.0659963 0.0348439 0.0116432 0.0023283 0.000275336 1.92098e-05 7.90346e-07 1.91743e-08 2.74283e-10 2.31347e-12 1.15062e-14 3.37421e-17
 1.88111e-11 2.04176e-09 1.30673e-07 4.93117e-06 0.000109725 0.00143963 0.0111381 0.0508268 0.136982 0.219464 0.215823 0.148837 0.0979252 0.0672684 0.0355986 0.0119015 0.00238019 0.000281478 1.96384e-05 8.0798e-07 1.96021e-08 2.80403e-10 2.36509e-12 1.1763e-14 3.4495e-17
 1.89327e-11 2.05496e-09 1.31517e-07 4.96304e-06 0.000110434 0.00144893 0.01121 0.0511546 0.137857 0.220803 0.216838 0.148731 0.096786 0.0659683 0.0348272 0.0116375 0.00232716 0.000275201 1.92003e-05 7.89957e-07 1.91649e-08 2.74148e-10 2.31234e-12 1.15006e-14 3.37255e-17
 1.88521e-11 2.04622e-09 1.30958e-07 4.94194e-06 0.000109964 0.00144277 0.0111624 0.0509375 0.137277 0.219916 0.216166 0.148801 0.0975405 0.0668293 0.0353381 0.0118124 0.00236228 0.000279358 1.94905e-05 8.01894e-07 1.94544e-08 2.7829e-10 2.34728e-12 1.16743e-14 3.42351e-17
 1.85676e-11 2.01534e-09 1.28981e-07 4.86735e-06 0.000108304 0.001421 0.010994 0.0501704 0.135228 0.216782 0.213788 0.149048 0.100207 0.0698723 0.0371436 0.0124302 0.00248641 0.00029405 2.05157e-05 8.44076e-07 2.04778e-08 2.9293e-10 2.47075e-12 1.22885e-14 3.6036e-17
#obs surv len freq
 3.76521e-11 3.48947e-09 1.90685e-07 6.14413e-06 0.000116733 0.00130779 0.00864115 0.0337104 0.0780869 0.110607 0.109349 0.106427 0.120588 0.126713 0.115269 0.0905683 0.0567538 0.0273483 0.0104151 0.00317851 0.000758126 0.000135866 1.75717e-05 1.57921e-06 9.5551e-08
 2.15336e-11 1.92479e-09 1.01447e-07 3.15271e-06 5.77734e-05 0.000624351 0.0039819 0.0150426 0.0343204 0.0518369 0.0691855 0.105704 0.149874 0.168471 0.158033 0.122961 0.0727472 0.0320562 0.0111104 0.00314584 0.000708058 0.000119888 1.45513e-05 1.21963e-06 6.8522e-08
 1.46822e-10 1.2636e-08 6.4123e-07 1.91869e-05 0.000338521 0.00352171 0.0216035 0.0781552 0.166874 0.211163 0.162033 0.0854838 0.050655 0.0532656 0.0620058 0.0540693 0.0320705 0.0132912 0.00416065 0.00104399 0.000209446 3.21816e-05 3.5987e-06 2.79756e-07 1.45811e-08
 1.24189e-10 1.02742e-08 5.01184e-07 1.44157e-05 0.000244495 0.00244528 0.014427 0.0503143 0.104824 0.137477 0.138835 0.150117 0.160406 0.125217 0.0671897 0.0288388 0.0122313 0.00508625 0.00176748 0.000463539 8.87274e-05 1.23162e-05 1.22663e-06 8.54962e-08 4.04028e-09
 1.89243e-10 1.50267e-08 7.03553e-07 1.9423e-05 0.000316174 0.00303491 0.0171816 0.0574345 0.114038 0.138664 0.118487 0.102282 0.108938 0.115686 0.105745 0.0729547 0.033496 0.0096712 0.00178556 0.000235677 2.72371e-05 2.97614e-06 2.64881e-07 1.67389e-08 7.10314e-10
 3.25923e-10 2.48036e-08 1.11301e-06 2.94493e-05 0.000459452 0.00422684 0.0229353 0.0734923 0.139973 0.163774 0.135916 0.113342 0.108688 0.0952876 0.0709634 0.0434253 0.0196919 0.00620328 0.0013573 0.000209233 2.2655e-05 1.72366e-06 9.57541e-08 4.11097e-09 1.36319e-10
 4.05925e-10 2.95672e-08 1.26988e-06 3.2159e-05 0.000480216 0.00422861 0.0219662 0.0674534 0.123763 0.143035 0.127694 0.124511 0.128082 0.110786 0.0788821 0.0448891 0.018257 0.00492686 0.000886758 0.000113399 1.10292e-05 8.20028e-07 4.415e-08 1.63238e-09 4.0542e-11
 6.10552e-10 4.25107e-08 1.74526e-06 4.22486e-05 0.000603057 0.0050761 0.0252056 0.0739835 0.129719 0.143098 0.121683 0.114336 0.11826 0.108676 0.0836462 0.0493745 0.0199733 0.00527456 0.000923526 0.000112524 9.94514e-06 6.42575e-07 2.99057e-08 9.84585e-10 2.24406e-11
 9.93257e-10 6.60281e-08 2.58811e-06 5.98172e-05 0.0008152 0.00655134 0.0310601 0.0870569 0.145849 0.154133 0.126422 0.114573 0.112386 0.0964061 0.0687985 0.0377096 0.0141463 0.00342766 0.00054012 5.81343e-05 4.52889e-06 2.61492e-07 1.09635e-08 3.22407e-10 6.47017e-12
 1.09442e-09 6.93837e-08 2.59368e-06 5.71697e-05 0.000743052 0.00569573 0.0257712 0.0691404 0.112528 0.123214 0.122458 0.138184 0.143062 0.118821 0.0803251 0.0415006 0.0146406 0.00332016 0.000484583 4.74409e-05 3.28758e-06 1.66057e-07 6.05757e-09 1.55551e-10 2.748e-12
 1.83877e-09 1.11057e-07 3.95507e-06 8.30522e-05 0.00102837 0.00750934 0.0323597 0.0825779 0.12702 0.128006 0.111464 0.115027 0.123972 0.11682 0.0879181 0.046618 0.0158219 0.00330789 0.000426455 3.49233e-05 1.9201e-06 7.56031e-08 2.20883e-09 4.72599e-11 7.13751e-13
 2.68273e-09 1.54213e-07 5.22699e-06 0.000104466 0.00123112 0.00855703 0.0351136 0.0855089 0.126827 0.128535 0.121785 0.131812 0.131756 0.108346 0.0718393 0.0348534 0.0111572 0.00225424 0.000288879 2.43027e-05 1.39902e-06 5.62147e-08 1.55834e-09 2.91545e-11 3.64211e-13
 3.52674e-09 1.92772e-07 6.213e-06 0.000118073 0.00132317 0.00874609 0.0341462 0.0792981 0.113416 0.115613 0.117859 0.135586 0.140468 0.120213 0.0809355 0.0382482 0.0115814 0.00216932 0.000252491 1.88666e-05 9.53517e-07 3.42026e-08 8.81853e-10 1.59527e-11 1.95668e-13
 5.35727e-09 2.7821e-07 8.51905e-06 0.000153816 0.00163769 0.0102852 0.0381606 0.0843049 0.115248 0.1142 0.115992 0.133255 0.138783 0.119854 0.0796049 0.0361344 0.0103492 0.00181783 0.000196699 1.34821e-05 6.12833e-07 1.93623e-08 4.34163e-10 6.8255e-12 7.34566e-14
 8.67215e-09 4.27546e-07 1.24287e-05 0.000213042 0.00215341 0.0128398 0.0452381 0.0950016 0.124022 0.119139 0.119106 0.132873 0.1327 0.109279 0.0687284 0.0293724 0.00789003 0.00129432 0.000129874 8.15533e-06 3.3392e-07 9.35312e-09 1.84551e-10 2.55238e-12 2.41518e-14
 1.18838e-08 5.55824e-07 1.53289e-05 0.000249276 0.0023905 0.0135255 0.0452649 0.0907276 0.115519 0.115609 0.126336 0.143832 0.138919 0.108913 0.0647969 0.0261319 0.00663198 0.00103276 9.92773e-05 6.05586e-06 2.44339e-07 6.76578e-09 1.29797e-10 1.69428e-12 1.46989e-14
 1.75266e-08 7.77227e-07 2.0323e-05 0.000313347 0.00284913 0.0152862 0.0485331 0.0925038 0.113136 0.111936 0.12374 0.142247 0.140301 0.11172 0.0653261 0.0251489 0.00599204 0.0008656 7.6064e-05 4.15252e-06 1.46349e-07 3.49496e-09 5.85941e-11 6.90536e-13 5.58151e-15
 2.91105e-08 1.22334e-06 3.03131e-05 0.00044291 0.00381639 0.0194048 0.0583999 0.10561 0.123005 0.116931 0.124642 0.137568 0.130267 0.0992375 0.0551711 0.0201717 0.00459522 0.000645215 5.67595e-05 3.23571e-06 1.23984e-07 3.24779e-09 5.74549e-11 6.6917e-13 5.03845e-15
 3.67371e-08 1.4624e-06 3.43255e-05 0.000475092 0.00387827 0.0186917 0.0534602 0.0930132 0.109524 0.116895 0.139577 0.154125 0.138294 0.0986203 0.0513668 0.0176713 0.0038129 0.000512624 4.39318e-05 2.49533e-06 9.72475e-08 2.62066e-09 4.79124e-11 5.79305e-13 4.54899e-15
 6.07609e-08 2.29038e-06 5.09076e-05 0.000667214 0.00515748 0.0235347 0.0636932 0.104553 0.114853 0.112567 0.127327 0.142435 0.134669 0.0991551 0.0508533 0.0166639 0.00336504 0.000418319 3.27515e-05 1.6821e-06 5.92588e-08 1.46606e-09 2.52326e-11 2.94221e-13 2.26787e-15
 8.61602e-08 3.07477e-06 6.47013e-05 0.000802845 0.00587616 0.0254046 0.065326 0.103229 0.114502 0.121894 0.143163 0.15049 0.128224 0.0854276 0.0404391 0.0124438 0.00239675 0.000289762 2.26147e-05 1.18287e-06 4.24849e-08 1.04425e-09 1.72026e-11 1.86423e-13 1.31693e-15
 1.47139e-07 4.97043e-06 9.9004e-05 0.00116286 0.00805618 0.0329618 0.0801404 0.119221 0.122579 0.11884 0.131458 0.137623 0.119523 0.0794387 0.0362568 0.010521 0.00188674 0.000210265 1.49903e-05 7.13827e-07 2.35703e-08 5.44539e-10 8.63482e-12 9.14621e-14 6.33194e-16
 1.80325e-07 5.7657e-06 0.000108704 0.0012086 0.00792814 0.0307563 0.0713625 0.104247 0.115342 0.132003 0.155539 0.152648 0.118779 0.0710279 0.0296487 0.00793805 0.00131292 0.000133838 8.59171e-06 3.61086e-07 1.0367e-08 2.08118e-10 2.90124e-12 2.74489e-14 1.72489e-16
 2.55809e-07 7.74182e-06 0.000138156 0.00145393 0.00902796 0.0331595 0.0729176 0.101378 0.108257 0.122572 0.147311 0.153752 0.128644 0.0792248 0.0324288 0.00829442 0.00129941 0.000125521 7.6688e-06 3.07654e-07 8.38626e-09 1.57143e-10 1.99791e-12 1.68828e-14 9.34678e-17
 3.9441e-07 1.12987e-05 0.000190859 0.00190132 0.0111771 0.0388905 0.0812405 0.108512 0.114596 0.129785 0.15055 0.147918 0.115683 0.06666 0.025647 0.00621139 0.000932573 8.79897e-05 5.38239e-06 2.20842e-07 6.18059e-09 1.16937e-10 1.46364e-12 1.19051e-14 6.23455e-17
 4.74626e-07 1.28715e-05 0.000205834 0.00194138 0.0108106 0.0357136 0.0715781 0.0955792 0.110571 0.13942 0.164709 0.15746 0.118038 0.0644742 0.0233514 0.00531229 0.000750081 6.68204e-05 3.88579e-06 1.52976e-07 4.14934e-09 7.68129e-11 9.48403e-13 7.65002e-15 3.9738e-17
 6.58114e-07 1.68976e-05 0.000255837 0.00228467 0.0120479 0.0377218 0.0719087 0.0925496 0.106159 0.135006 0.162798 0.161429 0.123433 0.066095 0.0227659 0.00484164 0.000631352 5.12721e-05 2.67931e-06 9.386e-08 2.27121e-09 3.80554e-11 4.33019e-13 3.26825e-15 1.60636e-17
 8.72852e-07 2.12211e-05 0.000304245 0.00257311 0.0128581 0.0382546 0.0701215 0.0903979 0.110314 0.145395 0.170878 0.161185 0.116207 0.0583978 0.0188427 0.00375329 0.000458664 3.4921e-05 1.7086e-06 5.57369e-08 1.24269e-09 1.89349e-11 1.93747e-13 1.30684e-15 5.73917e-18
#pred catch len freq
 6.7365e-13 7.31184e-11 4.67961e-09 1.76603e-07 3.93064e-06 5.16393e-05 0.000402201 0.00189779 0.00597181 0.0164992 0.0490511 0.122318 0.201533 0.209798 0.150107 0.0902796 0.0540482 0.0325567 0.0201288 0.0133247 0.00966992 0.00779242 0.00660096 0.00503744 0.00292756
 5.15886e-13 5.59946e-11 3.58369e-09 1.35247e-07 3.01045e-06 3.95684e-05 0.000308905 0.00147424 0.00486032 0.0149614 0.0486945 0.125234 0.208051 0.217897 0.157751 0.0959849 0.0561526 0.0308604 0.0161473 0.0085657 0.00488225 0.00317078 0.00232737 0.00167114 0.000962836
 1.09682e-12 1.19049e-10 7.61916e-09 2.87532e-07 6.39889e-06 8.40195e-05 0.000652558 0.00303651 0.00898925 0.0209185 0.0514533 0.118954 0.193757 0.205674 0.15634 0.1033 0.0647431 0.0365693 0.0186221 0.00880676 0.00401997 0.00194238 0.00109211 0.000672978 0.000365459
 9.27063e-13 1.00624e-10 6.43997e-09 2.43035e-07 5.40899e-06 7.10464e-05 0.000552766 0.0025946 0.00798327 0.0207996 0.0583525 0.142081 0.23085 0.232814 0.151974 0.0756907 0.0371592 0.0198245 0.0105227 0.00509174 0.00218411 0.000863551 0.000350247 0.000160551 7.45044e-05
 7.37723e-12 8.00727e-10 5.12465e-08 1.93389e-06 4.30321e-05 0.000564644 0.00437037 0.0199865 0.0544564 0.0920282 0.113144 0.139043 0.174807 0.168634 0.114464 0.062342 0.0314171 0.0143851 0.00605022 0.00256767 0.00107999 0.000411596 0.000139978 4.63096e-05 1.59509e-05
 1.01692e-11 1.10377e-09 7.06413e-08 2.66579e-06 5.93177e-05 0.000778314 0.00602339 0.0275275 0.0747486 0.124283 0.143616 0.156329 0.178907 0.15969 0.0904363 0.0306665 0.00615065 0.000727991 5.08989e-05 2.13466e-06 6.63367e-08 5.89838e-09 1.61295e-09 4.48118e-10 1.14617e-10
 1.16339e-11 1.26275e-09 8.08159e-08 3.04975e-06 6.78611e-05 0.0008904 0.00689027 0.0314765 0.0852965 0.140415 0.155854 0.15506 0.165182 0.144026 0.0811418 0.0274856 0.0055112 0.000652078 4.54993e-05 1.87201e-06 4.54163e-08 6.49669e-10 5.47972e-12 2.7254e-14 7.99359e-17
 1.18735e-11 1.28875e-09 8.24799e-08 3.11254e-06 6.92583e-05 0.00090873 0.00703204 0.0321223 0.0870215 0.143054 0.157856 0.154852 0.162937 0.141464 0.0796218 0.0269655 0.0054067 0.00063971 4.46362e-05 1.8365e-06 4.45548e-08 6.37344e-10 5.37576e-12 2.67368e-14 7.84059e-17
 1.23275e-11 1.33803e-09 8.56338e-08 3.23156e-06 7.19066e-05 0.000943474 0.00730075 0.0333464 0.090291 0.148054 0.161649 0.154458 0.158683 0.136609 0.0767408 0.0259797 0.00520863 0.000616266 4.30003e-05 1.76919e-06 4.29218e-08 6.13985e-10 5.17873e-12 2.57568e-14 7.5532e-17
 1.24119e-11 1.3472e-09 8.62205e-08 3.2537e-06 7.23992e-05 0.000949937 0.00735074 0.0335741 0.0908993 0.148984 0.162355 0.154385 0.157891 0.135706 0.0762048 0.0257963 0.00517179 0.000611905 4.26959e-05 1.75667e-06 4.2618e-08 6.09639e-10 5.14208e-12 2.55745e-14 7.49974e-17
 1.15969e-11 1.25874e-09 8.0559e-08 3.04005e-06 6.76454e-05 0.00088757 0.00686839 0.0313768 0.0850302 0.140008 0.155545 0.155092 0.165528 0.144422 0.0813765 0.0275659 0.00552733 0.000653988 4.56325e-05 1.87749e-06 4.55493e-08 6.51571e-10 5.49576e-12 2.73335e-14 8.01558e-17
 1.27698e-11 1.38604e-09 8.87062e-08 3.3475e-06 7.44864e-05 0.00097732 0.00756252 0.0345389 0.0934762 0.152925 0.165345 0.154075 0.154538 0.131879 0.0739342 0.0250193 0.00501569 0.000593427 4.14066e-05 1.70362e-06 4.1331e-08 5.91229e-10 4.98679e-12 2.48022e-14 7.27326e-17
 1.25369e-11 1.36076e-09 8.70887e-08 3.28646e-06 7.31282e-05 0.000959501 0.00742471 0.0339111 0.0917993 0.150361 0.163399 0.154277 0.15672 0.134369 0.0754118 0.0255249 0.00511727 0.000605451 4.22456e-05 1.73814e-06 4.21685e-08 6.03209e-10 5.08784e-12 2.53047e-14 7.42064e-17
 1.25063e-11 1.35744e-09 8.6876e-08 3.27843e-06 7.29497e-05 0.000957159 0.00740659 0.0338286 0.0915789 0.150024 0.163144 0.154303 0.157007 0.134696 0.075606 0.0255914 0.00513062 0.000607032 4.23559e-05 1.74268e-06 4.22786e-08 6.04784e-10 5.10113e-12 2.53708e-14 7.44001e-17
 1.37625e-11 1.49379e-09 9.56021e-08 3.60773e-06 8.02768e-05 0.00105329 0.00815006 0.0372153 0.100625 0.163859 0.173639 0.153214 0.145235 0.121262 0.0676349 0.0228638 0.00458262 0.000542168 3.78296e-05 1.55645e-06 3.77605e-08 5.40154e-10 4.55599e-12 2.26596e-14 6.64493e-17
 1.43627e-11 1.55893e-09 9.97716e-08 3.76507e-06 8.37778e-05 0.00109922 0.0085053 0.0388336 0.104947 0.17047 0.178655 0.152694 0.139611 0.114843 0.0638261 0.0215605 0.00432078 0.000511175 3.56669e-05 1.46746e-06 3.56017e-08 5.09272e-10 4.29552e-12 2.13641e-14 6.26503e-17
 1.34765e-11 1.46274e-09 9.36154e-08 3.53276e-06 7.86086e-05 0.0010314 0.00798079 0.0364442 0.0985655 0.160709 0.17125 0.153462 0.147915 0.12432 0.0694497 0.0234848 0.00470738 0.000556935 3.88601e-05 1.59885e-06 3.87891e-08 5.54868e-10 4.68011e-12 2.32768e-14 6.82595e-17
 1.49102e-11 1.61836e-09 1.03575e-07 3.9086e-06 8.69714e-05 0.00114112 0.00882934 0.0403097 0.10889 0.1765 0.183229 0.152219 0.13448 0.108987 0.0603518 0.0203716 0.00408193 0.000482903 3.36941e-05 1.38629e-06 3.36324e-08 4.81103e-10 4.05792e-12 2.01824e-14 5.91849e-17
 1.46065e-11 1.58539e-09 1.01465e-07 3.82897e-06 8.51995e-05 0.00111787 0.00864956 0.0394907 0.106703 0.173154 0.180691 0.152482 0.137327 0.112236 0.0622794 0.0210312 0.00421445 0.000498589 3.47886e-05 1.43133e-06 3.4725e-08 4.96732e-10 4.18975e-12 2.0838e-14 6.11076e-17
 1.47321e-11 1.59903e-09 1.02338e-07 3.8619e-06 8.59324e-05 0.00112749 0.00872392 0.0398295 0.107608 0.174538 0.181741 0.152373 0.136149 0.110892 0.0614821 0.0207584 0.00415963 0.000492101 3.43359e-05 1.4127e-06 3.42731e-08 4.90267e-10 4.13522e-12 2.05668e-14 6.03123e-17
 1.57613e-11 1.71073e-09 1.09487e-07 4.13169e-06 9.19354e-05 0.00120624 0.00933303 0.0426042 0.115019 0.185873 0.19034 0.151481 0.126505 0.0998855 0.0549515 0.0185237 0.00371067 0.000438959 3.06276e-05 1.26012e-06 3.05715e-08 4.37317e-10 3.6886e-12 1.83455e-14 5.37984e-17
 1.61545e-11 1.75342e-09 1.12219e-07 4.23479e-06 9.42294e-05 0.00123634 0.0095658 0.0436645 0.117851 0.190205 0.193626 0.15114 0.122819 0.0956794 0.0524559 0.0176698 0.0035391 0.000418651 2.92105e-05 1.20182e-06 2.91569e-08 4.17082e-10 3.51793e-12 1.74967e-14 5.13092e-17
 1.68385e-11 1.82766e-09 1.1697e-07 4.41408e-06 9.82188e-05 0.00128868 0.0099706 0.0455085 0.122777 0.197738 0.199341 0.150547 0.11641 0.0883647 0.0481158 0.0161847 0.00324072 0.000383335 2.6746e-05 1.10042e-06 2.66969e-08 3.81892e-10 3.22112e-12 1.60205e-14 4.69802e-17
 1.73422e-11 1.88233e-09 1.20469e-07 4.54611e-06 0.000101157 0.00132722 0.0102687 0.0468665 0.126404 0.203285 0.203549 0.15011 0.11169 0.0829781 0.0449197 0.015091 0.003021 0.000357327 2.49312e-05 1.02575e-06 2.48854e-08 3.55979e-10 3.00255e-12 1.49334e-14 4.37922e-17
 1.73226e-11 1.8802e-09 1.20332e-07 4.54097e-06 0.000101042 0.00132572 0.0102571 0.0468136 0.126262 0.203069 0.203385 0.150127 0.111874 0.0831879 0.0450442 0.0151336 0.00302956 0.00035834 2.50019e-05 1.02866e-06 2.4956e-08 3.56988e-10 3.01106e-12 1.49757e-14 4.39164e-17
 1.76517e-11 1.91592e-09 1.22619e-07 4.62725e-06 0.000102962 0.00135091 0.0104519 0.047701 0.128633 0.206694 0.206135 0.149842 0.10879 0.0796678 0.0429556 0.0144189 0.00288597 0.000341344 2.38159e-05 9.79863e-07 2.37721e-08 3.40054e-10 2.86823e-12 1.42653e-14 4.18332e-17
 1.7414e-11 1.89013e-09 1.20968e-07 4.56495e-06 0.000101576 0.00133272 0.0103112 0.0470602 0.126921 0.204077 0.20415 0.150048 0.111017 0.0822096 0.0444638 0.014935 0.00298965 0.000353617 2.46723e-05 1.0151e-06 2.46269e-08 3.52282e-10 2.97136e-12 1.47783e-14 4.33375e-17
 1.81786e-11 1.97311e-09 1.26279e-07 4.76536e-06 0.000106035 0.00139122 0.0107637 0.0491214 0.132427 0.212497 0.210538 0.149385 0.103853 0.0740332 0.0396124 0.0132749 0.00265613 0.000314139 2.19175e-05 9.01754e-07 2.18771e-08 3.12947e-10 2.63959e-12 1.31282e-14 3.84985e-17
#obs catch len freq
 3.21158e-11 2.97638e-09 1.62647e-07 5.24071e-06 9.95693e-05 0.00111551 0.00737114 0.0287655 0.066751 0.0954067 0.0978898 0.103041 0.12409 0.135337 0.127349 0.102046 0.0639785 0.0305563 0.011586 0.00356602 0.000865081 0.000157665 2.06771e-05 1.88443e-06 1.16085e-07
 4.52898e-11 4.04826e-09 2.13365e-07 6.63079e-06 0.000121507 0.00131295 0.00836827 0.0315073 0.0706357 0.0981839 0.100307 0.107848 0.129157 0.136021 0.12261 0.0947164 0.0579733 0.0272692 0.0101323 0.00300373 0.00069128 0.000118681 1.46029e-05 1.24098e-06 7.06382e-08
 2.60298e-11 2.24021e-09 1.13683e-07 3.40166e-06 6.00194e-05 0.000624561 0.00383667 0.0139836 0.0310365 0.0472032 0.0678185 0.110028 0.156173 0.173201 0.16018 0.121905 0.0701418 0.0301021 0.0101811 0.00280214 0.0006082 9.85149e-05 1.13604e-05 8.99386e-07 4.74957e-08
 1.9407e-18 8.53098e-16 2.2112e-13 3.37947e-11 3.04558e-09 1.61853e-07 5.07344e-06 9.3868e-05 0.0010274 0.00669888 0.0265759 0.0679377 0.12571 0.188695 0.224297 0.189579 0.108544 0.0435967 0.0132764 0.00323551 0.000626307 9.21058e-05 9.78368e-06 7.17906e-07 3.51434e-08
 1.34294e-10 1.06635e-08 4.99266e-07 1.37833e-05 0.000224376 0.00215404 0.0122037 0.0409517 0.0829474 0.110802 0.128703 0.165736 0.18596 0.142645 0.0746681 0.0317108 0.0133972 0.00547454 0.00184424 0.000465605 8.54539e-05 1.13264e-05 1.07129e-06 7.04962e-08 3.12885e-09
 2.701e-10 2.05553e-08 9.2238e-07 2.44053e-05 0.000380759 0.00350291 0.0190078 0.0609173 0.116125 0.136504 0.115772 0.103104 0.111585 0.117444 0.104958 0.0698263 0.0306713 0.00846063 0.0014993 0.000192183 2.17546e-05 2.30037e-06 1.94864e-07 1.16173e-08 4.62802e-10
 4.76892e-10 3.47364e-08 1.49189e-06 3.77812e-05 0.000564167 0.00496768 0.0258008 0.0791538 0.144521 0.163101 0.133518 0.113036 0.108362 0.0934777 0.06833 0.0406639 0.0177689 0.00537899 0.00113077 0.000167203 1.73197e-05 1.25935e-06 6.68705e-08 2.73508e-09 8.57001e-11
 5.96262e-10 4.15157e-08 1.70442e-06 4.12598e-05 0.000588945 0.00495743 0.0246192 0.0723062 0.127173 0.142352 0.126883 0.125772 0.128123 0.108562 0.0756395 0.0416972 0.016264 0.00419729 0.000724412 8.92106e-05 8.35518e-06 5.9455e-07 3.04177e-08 1.06349e-09 2.48995e-11
 9.31739e-10 6.19386e-08 2.42782e-06 5.61124e-05 0.000764711 0.00614563 0.0291376 0.081684 0.13698 0.145448 0.121384 0.113594 0.115652 0.104179 0.0781851 0.0444517 0.0171847 0.00433191 0.00072574 8.48094e-05 7.18459e-06 4.43421e-07 1.96306e-08 6.12173e-10 1.31579e-11
 1.53487e-09 9.73068e-08 3.63749e-06 8.01768e-05 0.00104206 0.00798671 0.0361136 0.0965626 0.154513 0.156801 0.125482 0.112242 0.107764 0.0903849 0.0628304 0.0331396 0.0118601 0.00273621 0.000411457 4.2411e-05 3.16762e-06 1.74787e-07 6.96675e-09 1.93837e-10 3.66615e-12
 1.74658e-09 1.0549e-07 3.75679e-06 7.88888e-05 0.00097683 0.00713355 0.0307525 0.078637 0.122192 0.128576 0.124261 0.136257 0.136642 0.110565 0.0726888 0.0360928 0.0121297 0.00261442 0.000363309 3.39744e-05 2.25234e-06 1.08605e-07 3.76565e-09 9.15138e-11 1.52419e-12
 2.94848e-09 1.69489e-07 5.74475e-06 0.000114813 0.00135305 0.00940363 0.03857 0.0937066 0.137388 0.132613 0.11192 0.112685 0.118522 0.108933 0.0790892 0.0399674 0.0128512 0.00254209 0.000310466 2.41595e-05 1.26702e-06 4.76756e-08 1.32795e-09 2.69501e-11 3.84137e-13
 4.36096e-09 2.3837e-07 7.68261e-06 0.000146002 0.00163612 0.0108136 0.0421969 0.0977448 0.138066 0.133828 0.122156 0.127556 0.123438 0.0988137 0.0633717 0.029372 0.00891935 0.00170704 0.000207564 1.66115e-05 9.10664e-07 3.47792e-08 9.13114e-10 1.61305e-11 1.8988e-13
 5.873e-09 3.04993e-07 9.33915e-06 0.000168623 0.00179533 0.0112747 0.0418234 0.0922998 0.125536 0.121937 0.118828 0.131253 0.131706 0.109549 0.0709757 0.0319009 0.00913499 0.00161647 0.000178022 1.26265e-05 6.07608e-07 2.07596e-08 5.08172e-10 8.68754e-12 1.00302e-13
 9.0426e-09 4.4581e-07 1.29597e-05 0.000222142 0.00224537 0.0133874 0.0471557 0.0989039 0.128348 0.120644 0.116292 0.127881 0.129009 0.108036 0.0687797 0.0296074 0.00800402 0.00132599 0.000135512 8.79676e-06 3.79829e-07 1.14107e-08 2.42763e-10 3.60742e-12 3.65693e-14
 1.46545e-08 6.85415e-07 1.89028e-05 0.000307391 0.00294768 0.016674 0.0557329 0.111028 0.137424 0.124887 0.118014 0.125726 0.12148 0.096865 0.0583035 0.0235986 0.00597599 0.000923335 8.73561e-05 5.18468e-06 2.01247e-07 5.3528e-09 1.00163e-10 1.30913e-12 1.1665e-14
 2.04987e-08 9.09028e-07 2.37693e-05 0.000366481 0.00333217 0.0178752 0.0567137 0.107723 0.129688 0.121879 0.124788 0.13515 0.126073 0.0955576 0.0543378 0.020736 0.00495859 0.000727163 6.59232e-05 3.8024e-06 1.45419e-07 3.81763e-09 6.92628e-11 8.52043e-13 6.94685e-15
 3.03751e-08 1.27648e-06 3.16298e-05 0.000462147 0.00398209 0.0202458 0.060907 0.109934 0.126964 0.117687 0.121849 0.133589 0.127381 0.0977343 0.0543917 0.0197589 0.00442733 0.000601151 4.97061e-05 2.55916e-06 8.53174e-08 1.93149e-09 3.06782e-11 3.41403e-13 2.59584e-15
 5.02649e-08 2.0009e-06 4.69649e-05 0.000650014 0.00530546 0.0255523 0.0728316 0.124637 0.13685 0.121391 0.120683 0.126828 0.115986 0.0850096 0.0449312 0.0154966 0.00332161 0.000439042 3.64357e-05 1.96447e-06 7.12675e-08 1.76453e-09 2.94049e-11 3.21643e-13 2.27019e-15
 6.51368e-08 2.45533e-06 5.45739e-05 0.000715268 0.005529 0.0252314 0.0683034 0.112258 0.123843 0.121908 0.135071 0.14186 0.122771 0.084158 0.0416563 0.0135169 0.00274487 0.000347657 2.81417e-05 1.51358e-06 5.58689e-08 1.42229e-09 2.44751e-11 2.777e-13 2.04187e-15
 1.07496e-07 3.83616e-06 8.07223e-05 0.00100161 0.00732966 0.0316616 0.0810787 0.125657 0.129136 0.116245 0.121615 0.129613 0.118072 0.0831088 0.0403153 0.0124274 0.00235778 0.000275694 2.0357e-05 9.89131e-07 3.30172e-08 7.72741e-10 1.25357e-11 1.37268e-13 9.90766e-16
 1.54333e-07 5.21345e-06 0.000103845 0.00121972 0.00845013 0.0345746 0.0840719 0.125133 0.128814 0.124533 0.13482 0.134729 0.110496 0.0704524 0.0315834 0.00915149 0.001658 0.000188848 1.39221e-05 6.89019e-07 2.33944e-08 5.41941e-10 8.38748e-12 8.51992e-14 5.63199e-16
 2.63466e-07 8.42402e-06 0.000158821 0.00176566 0.0115776 0.0448256 0.103031 0.144222 0.137039 0.119213 0.120246 0.119395 0.0995416 0.0630296 0.0271544 0.0074059 0.0012476 0.000130827 8.80181e-06 3.96572e-07 1.23926e-08 2.70229e-10 4.02909e-12 3.9995e-14 2.58823e-16
 3.30983e-07 1.00169e-05 0.000178754 0.00188111 0.0116786 0.0428616 0.093901 0.128377 0.129319 0.131703 0.142517 0.132866 0.0992341 0.0565882 0.0223107 0.00561334 0.000871414 8.34631e-05 5.04629e-06 2.00299e-07 5.43826e-09 1.03089e-10 1.35254e-12 1.20032e-14 7.05599e-17
 4.76821e-07 1.36595e-05 0.000230735 0.00229842 0.0135075 0.0469331 0.0973962 0.126424 0.122021 0.121984 0.134721 0.133889 0.107171 0.0625811 0.0241095 0.00578672 0.00085058 7.72034e-05 4.4425e-06 1.68218e-07 4.32938e-09 7.64357e-11 9.128e-13 7.22591e-15 3.74021e-17
 7.33185e-07 1.98833e-05 0.000317952 0.00299835 0.0166832 0.0549075 0.108153 0.134383 0.127117 0.12633 0.134548 0.125739 0.093988 0.0513375 0.0185943 0.00422887 0.000596454 5.29682e-05 3.05638e-06 1.18392e-07 3.12321e-09 5.55306e-11 6.51308e-13 4.9541e-15 2.4224e-17
 9.18687e-07 2.35879e-05 0.000357123 0.0031888 0.0168064 0.0524849 0.0988731 0.121308 0.122831 0.135322 0.147632 0.134343 0.0960899 0.049677 0.0169257 0.00361509 0.000479543 4.02176e-05 2.20687e-06 8.20469e-08 2.0981e-09 3.65005e-11 4.22214e-13 3.18298e-15 1.54232e-17
 1.30443e-06 3.17136e-05 0.00045465 0.00384416 0.0191871 0.0567711 0.10153 0.119188 0.117933 0.130071 0.144953 0.136691 0.0993124 0.0501509 0.0162177 0.00323417 0.000395743 3.0215e-05 1.48805e-06 4.92068e-08 1.1232e-09 1.77036e-11 1.8887e-13 1.33281e-15 6.11101e-18
#spawning biomass
 27549.7 24099.2 21035.2 23604.8 33609.9 47409.9 59896.2 80460 103327 130725 150030 181739 217817 236050 223207 220473 224557 202491 197857 222446 225816 241163 266873 227435 234767 230358 207255 191700 133124 329476 367788 352605 310888 262029 216737 179344 150544 129352 114245 103718 96505.8 91625.5 88346.9 86110.2 84659.1 83717.6 83106.7 82710.4 82453.3 82286.4 82178.2 82108 82062.4 82032.8 82013.7 82001.2 81993.2 81987.9 81984.5 81982.3 81980.9 81980 81979.4 81979 81978.7 81978.5 81978.4 81978.4 81978.3 81978.3 81978.3 81978.3 81978.3 81978.2 81978.2 81978.2 81978.2 81978.2 81978.2 81978.2 81978.2 81978.2 81978.2 81978.2 81978.2 81978.2 81978.2 81978.2 81978.2 81978.2 81978.2 81978.2 81978.2 81978.2 81978.2 81978.2 81978.2 81978.2 81978.2 81978.2 81978.2 81978.2 81978.2 81978.2 81978.2 81978.2 81978.2 81978.2 81978.2 81978.2 81978.2 81978.2 81978.2 81978.2 81978.2 81978.2 81978.2 81978.2 81978.2 81978.2 81978.2 81978.2 81978.2 81978.2 81978.2 81978.2 81978.2 81978.2 0 0 0 0 0 0 0 0 0 0 0 0 0 0 0 0 0 0 0 0 0 0 0 0 0
