SBPRF35
0.819782
Curr Bio
226177
B35
935518
F35
0.232172
FOFL
0
OFL
0
Bzero
234224
#pred survey bio
 11018.9 8008.85 6810.76 8279.26 12657.6 20817.1 28913 39815.9 60208.3 86234.1 114919 139880 164920 183828 167950 166790 178627 180343 169987 204880 218674 203459 230107 272928 313062 301800 320185 330884 249959 3.68204e+06 5.45262e+06 6.05292e+06 5.8618e+06 5.28845e+06 4.60755e+06 3.96979e+06 3.43685e+06 3.01997e+06 2.70702e+06 2.47818e+06 2.31354e+06 2.19616e+06 2.11278e+06 2.05287e+06 2.00868e+06 1.9776e+06 1.95545e+06 1.93944e+06 1.92772e+06 1.91901e+06 1.91247e+06 1.90748e+06 1.90364e+06 1.90065e+06 1.89831e+06 1.89645e+06 1.89498e+06 1.8938e+06 1.89285e+06 1.89209e+06 1.89147e+06 1.89097e+06 1.89056e+06 1.89023e+06 1.88996e+06 1.88974e+06 1.88956e+06 1.88941e+06 1.88929e+06 1.8892e+06 1.88912e+06 1.88905e+06 1.889e+06 1.88895e+06 1.88892e+06 1.88889e+06 1.88886e+06 1.88884e+06 1.88883e+06 1.88881e+06 1.8888e+06 1.88879e+06 1.88879e+06 1.88878e+06 1.88878e+06 1.88877e+06 1.88877e+06 1.88877e+06 1.88876e+06 1.88876e+06 1.88876e+06 1.88876e+06 1.88876e+06 1.88876e+06 1.88876e+06 1.88876e+06 1.88876e+06 1.88876e+06 1.88876e+06 1.88876e+06 1.88876e+06 1.88876e+06 1.88876e+06 1.88876e+06 1.88876e+06 1.88876e+06 1.88876e+06 1.88876e+06 1.88876e+06 1.88876e+06 1.88876e+06 1.88876e+06 1.88876e+06 1.88875e+06 1.88875e+06 1.88875e+06 1.88875e+06 1.88875e+06 1.88875e+06 1.88875e+06 1.88875e+06 1.88875e+06 1.88875e+06 1.88875e+06 1.88875e+06 1.88875e+06 1.88875e+06 1.88875e+06 1.88875e+06 0 0 0 0 0 0 0 0 0 0 0 0 0 0 0 0 0 0 0 0 0 0 0 0 0
#obs survey bio
 11599.9 6770.52 6852.91 8784.08 21964.6 22785.2 38337.6 45339 55438.3 136130 93533 129573 186533 151193 90083.4 123616 157417 168130 127859 183437 220037 159224 229856 272552 261053 166191 388020 281199 224714
#pred catch bio
 5495.54 3605.37 3159.01 3478.75 4821.4 12045.4 18677 24505.2 38166.5 55810 77867.6 95566.2 109766 134268 118305 116262 125308 134156 114342 142899 163512 142674 159701 186678 231614 220115 228334 252570 218742 0 47129.2 52666 50406.6 44762.9 38267.4 32293.2 27382.8 23611 20840.6 18867.8 17494.2 16553.4 15917 15487.7 15196.5 15007.4 14884.6 14805 14753.3 14719.7 14697.9 14683.8 14674.6 14668.6 14664.8 14662.3 14660.6 14659.6 14658.9 14658.4 14658.2 14658 14657.8 14657.8 14657.7 14657.7 14657.7 14657.6 14657.6 14657.6 14657.6 14657.6 14657.6 14657.6 14657.6 14657.6 14657.6 14657.6 14657.6 14657.6 14657.6 14657.6 14657.6 14657.6 14657.6 14657.6 14657.6 14657.6 14657.6 14657.6 14657.6 14657.6 14657.6 14657.6 14657.6 14657.6 14657.6 14657.6 14657.6 14657.6 14657.6 14657.6 14657.6 14657.6 14657.6 14657.6 14657.6 14657.6 14657.6 14657.6 14657.6 14657.6 14657.6 14657.6 14657.6 14657.6 14657.6 14657.6 14657.6 14657.6 14657.6 14657.6 14657.6 14657.6 14657.6 14657.6 14657.6 14657.6 14657.6 0 0 0 0 0 0 0 0 0 0 0 0 0 0 0 0 0 0 0 0 0 0 0 0 0
#obs catch bio
 3869.66 3629.53 3558.39 3297.04 3912.81 11005.5 13023.1 19614.2 32473.2 45774.4 72169.4 84948.5 88935.1 125707 124336 111773 120344 125822 107021 142614 160006 135800 142054 147169 222508 234984 228332 241263 215216
#pred cpue bio
 9630.74 7292.38 5540.17 5173.06 8267.12 13304.4 16327.6 21150.4 31764.9 46025.3 63479.7 77514 92712.7 113664 102354 101826 103614 110551 96572.6 115436 129381 116301 127314 148199 180753 172041 173011 194002 164735 1.68733e+06 5.2527e+06 5.92913e+06 5.73736e+06 5.16397e+06 4.48308e+06 3.84532e+06 3.31238e+06 2.89549e+06 2.58255e+06 2.35371e+06 2.18906e+06 2.07168e+06 1.9883e+06 1.92839e+06 1.88421e+06 1.85313e+06 1.83097e+06 1.81497e+06 1.80324e+06 1.79454e+06 1.78799e+06 1.783e+06 1.77916e+06 1.77618e+06 1.77383e+06 1.77198e+06 1.77051e+06 1.76933e+06 1.76838e+06 1.76762e+06 1.767e+06 1.7665e+06 1.76609e+06 1.76576e+06 1.76549e+06 1.76527e+06 1.76509e+06 1.76494e+06 1.76482e+06 1.76472e+06 1.76464e+06 1.76458e+06 1.76452e+06 1.76448e+06 1.76444e+06 1.76441e+06 1.76439e+06 1.76437e+06 1.76435e+06 1.76434e+06 1.76433e+06 1.76432e+06 1.76431e+06 1.76431e+06 1.7643e+06 1.7643e+06 1.7643e+06 1.76429e+06 1.76429e+06 1.76429e+06 1.76429e+06 1.76429e+06 1.76429e+06 1.76429e+06 1.76428e+06 1.76428e+06 1.76428e+06 1.76428e+06 1.76428e+06 1.76428e+06 1.76428e+06 1.76428e+06 1.76428e+06 1.76428e+06 1.76428e+06 1.76428e+06 1.76428e+06 1.76428e+06 1.76428e+06 1.76428e+06 1.76428e+06 1.76428e+06 1.76428e+06 1.76428e+06 1.76428e+06 1.76428e+06 1.76428e+06 1.76428e+06 1.76428e+06 1.76428e+06 1.76428e+06 1.76428e+06 1.76428e+06 1.76428e+06 1.76428e+06 1.76428e+06 1.76428e+06 1.76428e+06 1.76428e+06 0 0 0 0 0 0 0 0 0 0 0 0 0 0 0 0 0 0 0 0 0 0 0 0 0
#obs cpue bio
 9039.08 4734.75 6132.63 6747.7 15838.1 12824.7 34288.1 37359.1 59445.2 75291.8 95015.3 129579 185369 183533 114552 204984 154577 158632 130982 161996 152164 155897 239844 356212 257620 207460 175255 262339 248675
#pred surv len freq
 7.64677e-12 8.30348e-10 5.31597e-08 2.00652e-06 4.46525e-05 0.000585886 0.0045336 0.0207133 0.0562121 0.0933156 0.107359 0.116506 0.136903 0.137031 0.109316 0.0794398 0.0543131 0.0335156 0.0195865 0.0115248 0.00710718 0.00478559 0.00347836 0.00240436 0.00132322
 5.88198e-12 6.38713e-10 4.0891e-08 1.54344e-06 3.43474e-05 0.000450682 0.00348776 0.0159436 0.0433867 0.0729771 0.0883282 0.10608 0.134375 0.140193 0.118363 0.0936476 0.0706135 0.0480717 0.0293952 0.0162528 0.00850785 0.00459955 0.00273304 0.00167547 0.000882579
 1.15044e-11 1.24924e-09 7.99777e-08 3.01876e-06 6.71782e-05 0.000881405 0.00681875 0.0311168 0.0839391 0.135281 0.137086 0.106149 0.0890868 0.0842079 0.0785323 0.0719896 0.0607984 0.0458419 0.0311845 0.0187421 0.00982635 0.00466013 0.00219291 0.00108627 0.000508298
 1.61336e-11 1.75192e-09 1.12159e-07 4.23345e-06 9.42092e-05 0.00123606 0.00956213 0.0436294 0.117602 0.188795 0.18778 0.135515 0.0981258 0.0751136 0.0486782 0.028697 0.0198842 0.0159327 0.012304 0.00833422 0.00481499 0.00235121 0.000997913 0.000396973 0.000151591
 1.41381e-11 1.53523e-09 9.82871e-08 3.70985e-06 8.25575e-05 0.0010832 0.0083802 0.0382505 0.103294 0.16737 0.173746 0.144624 0.128919 0.107749 0.0662354 0.0308383 0.0134523 0.00650118 0.00378994 0.00255778 0.00164754 0.000892641 0.000393347 0.000143778 4.55335e-05
 1.47399e-11 1.60058e-09 1.02471e-07 3.86775e-06 8.60713e-05 0.00112929 0.00873656 0.0398709 0.107585 0.173638 0.177067 0.139438 0.116339 0.0973122 0.0659073 0.037829 0.0198863 0.00894928 0.00347519 0.00140653 0.000696807 0.000376572 0.000179319 6.7888e-05 2.01517e-05
 1.5885e-11 1.72492e-09 1.10431e-07 4.16821e-06 9.27576e-05 0.00121702 0.0094152 0.0429672 0.115929 0.187017 0.190275 0.14849 0.120977 0.0954586 0.0548816 0.0218161 0.00721798 0.00260994 0.00104056 0.000387781 0.000130202 4.57019e-05 1.82125e-05 6.90421e-06 2.08571e-06
 1.64052e-11 1.78141e-09 1.14047e-07 4.30472e-06 9.57954e-05 0.00125688 0.00972349 0.0443728 0.119704 0.192962 0.195644 0.150867 0.120472 0.092996 0.0508552 0.0171384 0.00345253 0.000419112 3.28904e-05 2.40121e-06 3.64074e-07 9.28203e-08 2.48616e-08 6.95484e-09 1.89421e-09
 1.64874e-11 1.79034e-09 1.14619e-07 4.3263e-06 9.62756e-05 0.00126318 0.0097722 0.0445946 0.120296 0.193867 0.196329 0.15079 0.119693 0.0921125 0.0503383 0.0169696 0.00342351 0.000416721 3.2119e-05 1.77973e-06 8.44913e-08 3.62833e-09 1.67802e-10 1.66444e-11 2.91942e-12
 1.63464e-11 1.77502e-09 1.13639e-07 4.28929e-06 9.54521e-05 0.00125237 0.00968866 0.0442142 0.11928 0.192316 0.19516 0.150936 0.121049 0.0936416 0.0512205 0.0172419 0.00345698 0.000411647 2.94907e-05 1.33204e-06 4.30323e-08 1.20505e-09 3.11415e-11 6.90348e-13 1.37462e-14
 1.5914e-11 1.72807e-09 1.10633e-07 4.17584e-06 9.29273e-05 0.00121925 0.00943251 0.0430476 0.116165 0.187555 0.191552 0.15132 0.125108 0.0982661 0.0539585 0.0181738 0.00364106 0.000432146 3.05997e-05 1.32938e-06 3.85402e-08 8.82182e-10 1.79637e-11 3.01235e-13 3.8394e-15
 1.58723e-11 1.72354e-09 1.10343e-07 4.16489e-06 9.26837e-05 0.00121605 0.00940779 0.042935 0.115865 0.187095 0.191205 0.15136 0.125504 0.0987152 0.0542212 0.0182594 0.00365517 0.000432508 3.02967e-05 1.26818e-06 3.27698e-08 5.74506e-10 8.15206e-12 1.03868e-13 1.09294e-15
 1.56816e-11 1.70283e-09 1.09017e-07 4.11484e-06 9.157e-05 0.00120144 0.0092948 0.0424204 0.114491 0.184995 0.189614 0.151528 0.127293 0.100754 0.0554295 0.0186719 0.00373757 0.000442084 3.09224e-05 1.28769e-06 3.26962e-08 5.44577e-10 6.96028e-12 7.80008e-14 7.1456e-16
 1.42683e-11 1.54936e-09 9.91916e-08 3.74399e-06 8.33173e-05 0.00109317 0.00845753 0.0386072 0.104309 0.169431 0.177816 0.152763 0.140533 0.115854 0.064388 0.0217435 0.00436062 0.000518553 3.69572e-05 1.64014e-06 5.03639e-08 1.26783e-09 2.74252e-11 4.4093e-13 4.65364e-15
 1.45012e-11 1.57466e-09 1.00811e-07 3.80512e-06 8.46776e-05 0.00111102 0.00859553 0.0392357 0.105987 0.171996 0.179762 0.152565 0.138359 0.11337 0.0629087 0.0212292 0.00425117 0.000502958 3.52035e-05 1.46936e-06 3.76088e-08 6.42208e-10 8.70952e-12 1.07861e-13 1.15803e-15
 1.44738e-11 1.57168e-09 1.0062e-07 3.79791e-06 8.45173e-05 0.00110891 0.00857927 0.0391617 0.105789 0.171694 0.179531 0.152583 0.138607 0.113657 0.0630858 0.0212979 0.00427085 0.000507799 3.61722e-05 1.60264e-06 4.89983e-08 1.22494e-09 2.63666e-11 4.23822e-13 4.49813e-15
 1.52475e-11 1.65569e-09 1.05999e-07 4.00093e-06 8.90351e-05 0.00116818 0.00903762 0.0412491 0.111363 0.180213 0.185986 0.151897 0.131344 0.105382 0.0581865 0.0196308 0.00394186 0.000471286 3.42266e-05 1.61174e-06 5.70718e-08 1.75572e-09 4.4382e-11 8.01637e-13 9.97758e-15
 1.44078e-11 1.56452e-09 1.00162e-07 3.78061e-06 8.41323e-05 0.00110386 0.00854021 0.0389838 0.105315 0.170968 0.178983 0.152647 0.139234 0.114368 0.0635003 0.0214314 0.00429172 0.000507739 3.55337e-05 1.4825e-06 3.78981e-08 6.45983e-10 8.82584e-12 1.14675e-13 1.38351e-15
 1.55383e-11 1.68728e-09 1.08021e-07 4.07726e-06 9.07336e-05 0.00119047 0.00920995 0.042034 0.113459 0.183418 0.188419 0.151654 0.128637 0.102286 0.0563366 0.0189808 0.00379874 0.000448962 3.13128e-05 1.29056e-06 3.16142e-08 4.69668e-10 4.50942e-12 3.2488e-14 2.0687e-16
 1.56516e-11 1.69958e-09 1.08809e-07 4.10698e-06 9.1395e-05 0.00119915 0.00927705 0.0423396 0.114275 0.184665 0.189362 0.151549 0.127567 0.10107 0.0556218 0.0187439 0.00375657 0.000446266 3.16999e-05 1.39162e-06 4.14976e-08 9.93674e-10 2.05532e-11 3.2091e-13 3.27281e-15
 1.49568e-11 1.62413e-09 1.03978e-07 3.92466e-06 8.73377e-05 0.00114592 0.00886542 0.0404649 0.109269 0.177013 0.183565 0.152165 0.134089 0.108502 0.0600217 0.0202412 0.00405209 0.000479087 3.34558e-05 1.38506e-06 3.44706e-08 5.40131e-10 6.04272e-12 5.88627e-14 5.38122e-16
 1.54534e-11 1.67805e-09 1.07431e-07 4.05497e-06 9.02376e-05 0.00118396 0.00915962 0.0418048 0.112847 0.182482 0.18771 0.151729 0.129434 0.103194 0.0568747 0.0191645 0.00383539 0.000453204 3.15856e-05 1.29839e-06 3.15092e-08 4.52958e-10 3.90382e-12 2.10007e-14 7.89545e-17
 1.58926e-11 1.72575e-09 1.10484e-07 4.17023e-06 9.28025e-05 0.00121761 0.00941985 0.0429899 0.116011 0.18732 0.191375 0.151342 0.125315 0.0984985 0.0540919 0.0182141 0.00364534 0.000431026 3.01131e-05 1.24871e-06 3.125e-08 4.97862e-10 5.75693e-12 5.65921e-14 4.61596e-16
 1.61329e-11 1.75184e-09 1.12154e-07 4.23326e-06 9.42053e-05 0.00123601 0.00956217 0.0436381 0.117742 0.189965 0.19338 0.151131 0.123063 0.0959311 0.0525696 0.0176933 0.00354049 0.000418498 2.92065e-05 1.20651e-06 2.97955e-08 4.54884e-10 4.72443e-12 3.96255e-14 2.9157e-16
 1.53127e-11 1.66278e-09 1.06453e-07 4.01806e-06 8.94163e-05 0.00117319 0.0090763 0.0414253 0.111834 0.180933 0.186536 0.151853 0.130752 0.104697 0.0577662 0.01947 0.0038972 0.000460727 3.2164e-05 1.33017e-06 3.29789e-08 5.09997e-10 5.48053e-12 4.85662e-14 3.71372e-16
 1.54915e-11 1.68219e-09 1.07696e-07 4.06497e-06 9.04602e-05 0.00118688 0.00918221 0.0419076 0.113122 0.182902 0.188028 0.151696 0.129077 0.102787 0.0566332 0.0190819 0.00381881 0.000451241 3.14482e-05 1.29264e-06 3.13609e-08 4.50377e-10 3.86797e-12 2.05662e-14 7.48656e-17
 1.61941e-11 1.75848e-09 1.1258e-07 4.24932e-06 9.45627e-05 0.0012407 0.00959842 0.0438032 0.118183 0.190639 0.193891 0.151078 0.122489 0.0952773 0.0521816 0.0175601 0.00351342 0.000415144 2.89345e-05 1.18967e-06 2.88929e-08 4.16488e-10 3.62365e-12 2.00789e-14 8.08413e-17
 1.5091e-11 1.6387e-09 1.04911e-07 3.95987e-06 8.81215e-05 0.0011562 0.00894493 0.040827 0.110236 0.178491 0.184685 0.152048 0.132832 0.107068 0.0591709 0.0199495 0.00399293 0.00047183 3.28838e-05 1.35175e-06 3.2803e-08 4.71501e-10 4.0617e-12 2.18036e-14 8.11515e-17
 1.31469e-11 1.4276e-09 9.13963e-08 3.44976e-06 7.67697e-05 0.00100727 0.00779324 0.0355818 0.0962311 0.157083 0.16846 0.153758 0.151058 0.127847 0.0714887 0.0241603 0.004838 0.000571722 3.98418e-05 1.63708e-06 3.96665e-08 5.67037e-10 4.79065e-12 2.40707e-14 7.34985e-17
#obs surv len freq
 7.7027e-12 8.36422e-10 5.35484e-08 2.02119e-06 4.49789e-05 0.000590152 0.00456599 0.0208468 0.0563754 0.0919989 0.0986972 0.0914566 0.0979966 0.107507 0.108247 0.101679 0.0853496 0.0619443 0.0388426 0.0208061 0.00913198 0.00306195 0.000728493 0.000116118 1.19307e-05
 1.22535e-12 1.33059e-10 8.51854e-09 3.21538e-07 7.15599e-06 9.39295e-05 0.000728218 0.00335897 0.00954599 0.0192583 0.0376561 0.0772951 0.127876 0.155755 0.155349 0.139108 0.110528 0.0773431 0.0475665 0.0246024 0.0100741 0.00308205 0.000666241 9.6847e-05 9.11199e-06
 1.62691e-11 1.76663e-09 1.13101e-07 4.269e-06 9.50003e-05 0.00124641 0.00964146 0.0439727 0.118269 0.187783 0.177053 0.103127 0.0491796 0.0446814 0.0631146 0.0705269 0.0573984 0.0373311 0.0210814 0.0102041 0.00392589 0.00111371 0.000220084 2.90483e-05 2.48069e-06
 1.37685e-11 1.4951e-09 9.57177e-08 3.61287e-06 8.03998e-05 0.0010549 0.00816176 0.0372625 0.100725 0.163812 0.172009 0.145772 0.128869 0.103189 0.0606965 0.0303088 0.0192805 0.0141454 0.00865131 0.00406796 0.00145261 0.000379425 6.88344e-05 8.30028e-06 6.44817e-07
 1.12844e-11 1.22535e-09 7.8448e-08 2.96103e-06 6.5894e-05 0.000864584 0.00668962 0.0305482 0.0826554 0.134989 0.144144 0.128611 0.126018 0.122316 0.100857 0.0676589 0.0344506 0.0132202 0.00455931 0.00165291 0.000540362 0.000131553 2.19599e-05 2.41974e-06 1.71364e-07
 1.33957e-11 1.45461e-09 9.31257e-08 3.51504e-06 7.82225e-05 0.00102633 0.00794048 0.0362463 0.0978844 0.158376 0.162354 0.128235 0.108013 0.0995926 0.0846938 0.0611307 0.0343981 0.0142628 0.00440227 0.00108114 0.000231166 4.31515e-05 6.24766e-06 6.2374e-07 4.03253e-08
 1.14056e-11 1.23851e-09 7.92908e-08 2.99284e-06 6.66023e-05 0.000873896 0.00676227 0.0308913 0.0837057 0.137454 0.149278 0.136874 0.133337 0.122064 0.0925944 0.058759 0.030377 0.0121688 0.00373388 0.000876787 0.000156079 2.11085e-05 2.18673e-06 1.69372e-07 9.22348e-09
 1.25522e-11 1.36302e-09 8.72615e-08 3.2937e-06 7.32973e-05 0.000961726 0.00744131 0.0339799 0.0918997 0.149564 0.156562 0.130392 0.116513 0.109709 0.0920543 0.0628319 0.0321112 0.0118449 0.00324491 0.000686952 0.000111842 1.34499e-05 1.15147e-06 6.88254e-08 2.84148e-09
 1.18136e-11 1.28282e-09 8.21275e-08 3.09992e-06 6.89854e-05 0.000905177 0.00700462 0.0320025 0.0867407 0.142426 0.153886 0.137753 0.129554 0.117411 0.0903835 0.0577625 0.0291762 0.0110636 0.00310614 0.000643976 9.74704e-05 1.05856e-05 8.07685e-07 4.22349e-08 1.47768e-09
 1.15998e-11 1.25961e-09 8.06412e-08 3.04382e-06 6.77372e-05 0.000888808 0.00687824 0.0314295 0.0852271 0.140124 0.15183 0.136488 0.129696 0.120818 0.0957716 0.0603903 0.0281974 0.00940212 0.00229501 0.000426637 6.01769e-05 6.15932e-06 4.3678e-07 2.08003e-08 6.51982e-10
 1.2325e-11 1.33835e-09 8.56825e-08 3.23411e-06 7.19719e-05 0.000944378 0.00730833 0.0333946 0.0905371 0.148622 0.159696 0.139681 0.127524 0.11525 0.0889765 0.0542527 0.024207 0.00755804 0.00166822 0.000269884 3.26371e-05 2.90978e-06 1.84767e-07 8.03897e-09 2.31704e-10
 1.06828e-11 1.16002e-09 7.42658e-08 2.80319e-06 6.23833e-05 0.000818612 0.00633665 0.0289838 0.0788941 0.131503 0.148591 0.144291 0.143497 0.130697 0.0973115 0.0564261 0.0238696 0.00703116 0.0014457 0.00021339 2.29718e-05 1.78523e-06 9.78076e-08 3.68418e-09 9.31514e-11
 1.0527e-11 1.1431e-09 7.31827e-08 2.76231e-06 6.14737e-05 0.000806683 0.00624444 0.0285626 0.0777345 0.129373 0.145142 0.138945 0.138874 0.132317 0.104387 0.0623586 0.026133 0.0074073 0.00143499 0.00019609 1.92619e-05 1.34919e-06 6.58231e-08 2.18287e-09 4.81962e-11
 9.13131e-12 9.91555e-10 6.34804e-08 2.39611e-06 5.33254e-05 0.000699823 0.00541918 0.0248214 0.0678973 0.115067 0.1362 0.143174 0.151958 0.144316 0.110538 0.06418 0.0264839 0.00750442 0.00146521 0.000200097 1.91531e-05 1.2682e-06 5.70705e-08 1.71734e-09 3.40424e-11
 8.11381e-12 8.81066e-10 5.64069e-08 2.12913e-06 4.73846e-05 0.000621901 0.00481695 0.0220819 0.0605807 0.103651 0.125936 0.138795 0.155454 0.155629 0.123517 0.0715235 0.02832 0.00749028 0.00134616 0.000169792 1.52636e-05 9.6407e-07 4.15254e-08 1.18597e-09 2.19999e-11
 1.04193e-11 1.13141e-09 7.24342e-08 2.73408e-06 6.08467e-05 0.000798513 0.0061826 0.0282987 0.0771537 0.128892 0.145204 0.138632 0.138525 0.134205 0.106607 0.0621929 0.0250086 0.00679893 0.00126069 0.000161269 1.42151e-05 8.53358e-07 3.43885e-08 9.16866e-10 1.59303e-11
 1.05635e-11 1.14707e-09 7.34368e-08 2.77194e-06 6.16912e-05 0.00080968 0.00627133 0.0287411 0.0786959 0.133259 0.155283 0.154266 0.150158 0.1307 0.0911002 0.0475931 0.0176347 0.0045133 0.000801867 9.99924e-05 8.69904e-06 5.16075e-07 2.03406e-08 5.21616e-10 8.57453e-12
 9.02854e-12 9.80396e-10 6.27664e-08 2.36921e-06 5.27303e-05 0.000692169 0.0053638 0.024623 0.0677976 0.116848 0.142642 0.153231 0.160064 0.145822 0.10394 0.0539729 0.0193612 0.00470487 0.000783339 9.10537e-05 7.41225e-06 4.15531e-07 1.56351e-08 3.85291e-10 6.09493e-12
 1.01147e-11 1.09834e-09 7.03175e-08 2.65423e-06 5.90732e-05 0.000775385 0.0060072 0.0275487 0.0755476 0.128295 0.150034 0.150086 0.150189 0.13737 0.0992231 0.0515084 0.0182314 0.0043365 0.000700726 7.80117e-05 5.989e-06 3.12913e-07 1.09191e-08 2.49807e-10 3.68508e-12
 1.09692e-11 1.19113e-09 7.62578e-08 2.87847e-06 6.40652e-05 0.000840964 0.0065164 0.029898 0.0820801 0.139621 0.162906 0.159049 0.149609 0.125969 0.0841659 0.0412649 0.0141186 0.00330297 0.000528936 5.81443e-05 4.35343e-06 2.18403e-07 7.21194e-09 1.54336e-10 2.1128e-12
 9.25253e-12 1.00472e-09 6.43244e-08 2.4281e-06 5.40466e-05 0.000709668 0.00550446 0.0253353 0.0702529 0.123072 0.154066 0.166551 0.166768 0.140194 0.0899054 0.0413296 0.0130333 0.00277524 0.000403072 4.05658e-05 2.83029e-06 1.34371e-07 4.2282e-09 8.61341e-11 1.11618e-12
 1.05788e-11 1.14874e-09 7.35443e-08 2.7761e-06 6.17902e-05 0.000811224 0.00628862 0.0288852 0.0795193 0.136103 0.160683 0.159852 0.154156 0.132078 0.0867678 0.0398124 0.0121697 0.00244859 0.000328192 2.98729e-05 1.86497e-06 7.93507e-08 2.26062e-09 4.22313e-11 5.07419e-13
 1.13574e-11 1.23329e-09 7.89579e-08 2.98049e-06 6.63424e-05 0.000871093 0.00675498 0.0310543 0.0856693 0.147185 0.1739 0.168842 0.15181 0.118554 0.0719752 0.031547 0.00953289 0.00194278 0.000265583 2.43069e-05 1.4803e-06 5.93991e-08 1.55428e-09 2.62699e-11 2.84157e-13
 1.05064e-11 1.14089e-09 7.30431e-08 2.75731e-06 6.13805e-05 0.000806168 0.0062566 0.0288305 0.0800578 0.139921 0.171474 0.174732 0.161111 0.124288 0.0724434 0.02986 0.00836628 0.00157153 0.000198999 1.71279e-05 9.98403e-07 3.8748e-08 9.79601e-10 1.58294e-11 1.61253e-13
 9.5315e-12 1.03502e-09 6.62663e-08 2.50159e-06 5.56941e-05 0.000731714 0.00568374 0.0262542 0.0733798 0.130367 0.165321 0.176718 0.169461 0.133245 0.0775022 0.0312171 0.00838736 0.0014849 0.000174311 1.37283e-05 7.28684e-07 2.5869e-08 6.04484e-10 9.12942e-12 8.76431e-14
 9.71399e-12 1.05484e-09 6.75358e-08 2.54957e-06 5.67651e-05 0.00074587 0.0057951 0.0267797 0.0748777 0.132916 0.167715 0.177574 0.168823 0.13149 0.0750363 0.0292596 0.00751877 0.00125941 0.000138349 1.00816e-05 4.90114e-07 1.58209e-08 3.34949e-10 4.58345e-12 3.99888e-14
 1.00239e-11 1.08851e-09 6.9692e-08 2.63105e-06 5.85837e-05 0.000769909 0.00598442 0.0276793 0.0775153 0.137803 0.173317 0.18045 0.166475 0.1255 0.0696812 0.0266823 0.00680525 0.00114064 0.000125474 9.06592e-06 4.28873e-07 1.31811e-08 2.60674e-10 3.28607e-12 2.61797e-14
 8.74537e-12 9.49681e-10 6.0806e-08 2.29583e-06 5.11349e-05 0.000672552 0.00523877 0.0243661 0.069212 0.127147 0.169647 0.188138 0.178077 0.132404 0.0711615 0.0262501 0.00646129 0.00105038 0.000112733 7.9838e-06 3.70622e-07 1.11404e-08 2.13846e-10 2.58926e-12 1.95827e-14
 9.35727e-12 1.01613e-09 6.50608e-08 2.45648e-06 5.47118e-05 0.000719507 0.00560172 0.0260082 0.0734672 0.132994 0.172564 0.186021 0.174292 0.129234 0.0682936 0.0242087 0.0056064 0.000844512 8.33643e-05 5.4379e-06 2.3449e-07 6.62018e-09 1.20488e-10 1.39128e-12 1.00556e-14
#pred catch len freq
 6.34739e-13 6.89252e-11 4.4127e-09 1.66565e-07 3.70751e-06 4.8701e-05 0.00037901 0.00178196 0.00552601 0.0147144 0.0422686 0.104478 0.174234 0.190537 0.155035 0.113378 0.0777159 0.0479932 0.0280504 0.0165049 0.0101782 0.00685346 0.00498137 0.00344329 0.00189498
 4.13702e-13 4.49232e-11 2.87606e-09 1.08564e-07 2.41671e-06 3.17603e-05 0.000247762 0.00117855 0.00383701 0.0114984 0.0366995 0.0942765 0.159591 0.178578 0.153273 0.122011 0.0922301 0.0628296 0.0384229 0.0212441 0.0111206 0.00601204 0.00357233 0.00218999 0.00115361
 1.20998e-12 1.3139e-10 8.41171e-09 3.17505e-07 7.06616e-06 9.27475e-05 0.000718958 0.00331453 0.00940273 0.0188857 0.036764 0.0751981 0.122507 0.144337 0.141022 0.130397 0.110329 0.0832172 0.056611 0.0340233 0.017838 0.00845963 0.00398083 0.00197192 0.000922723
 2.77219e-12 3.01027e-10 1.92721e-08 7.27431e-07 1.61888e-05 0.000212459 0.00164584 0.00756198 0.0211035 0.0397 0.0669619 0.12134 0.182012 0.183383 0.126888 0.0759106 0.0528249 0.0423719 0.0327257 0.0221672 0.0128068 0.00625368 0.00265421 0.00105585 0.000403195
 1.84417e-12 2.00255e-10 1.28205e-08 4.83921e-07 1.07701e-05 0.000141383 0.00109673 0.00507366 0.0146313 0.0312074 0.0674509 0.145221 0.228301 0.227405 0.145403 0.0683784 0.0299791 0.0145259 0.00847365 0.00571909 0.00368384 0.0019959 0.000879504 0.000321482 0.000101811
 3.17869e-12 3.45168e-10 2.2098e-08 8.34098e-07 1.85626e-05 0.000243609 0.00188702 0.00866721 0.0241483 0.0451196 0.0748743 0.133883 0.200654 0.204445 0.144653 0.0837055 0.0440685 0.0198379 0.00770369 0.00311783 0.00154455 0.000834711 0.000397477 0.000150481 4.46681e-05
 7.42418e-12 8.06177e-10 5.16122e-08 1.94811e-06 4.33532e-05 0.000568861 0.0044028 0.0201376 0.0549499 0.0936253 0.118626 0.153065 0.195884 0.182764 0.109233 0.0437346 0.0144717 0.00522683 0.00208274 0.000776058 0.000260563 9.14587e-05 3.64468e-05 1.38167e-05 4.17391e-06
 7.73032e-12 8.3942e-10 5.37405e-08 2.02844e-06 4.51408e-05 0.000592318 0.00458433 0.0209674 0.0572089 0.0974293 0.123235 0.158468 0.201763 0.18569 0.105833 0.0359677 0.00725751 0.000881206 6.91292e-05 5.0394e-06 7.62818e-07 1.94418e-07 5.20731e-08 1.45671e-08 3.96746e-09
 8.66918e-12 9.41369e-10 6.02673e-08 2.2748e-06 5.0623e-05 0.000664241 0.00514053 0.0235005 0.0639724 0.107768 0.131068 0.157634 0.192948 0.175648 0.0998911 0.033949 0.00685977 0.000835158 6.43499e-05 3.56245e-06 1.68907e-07 7.24679e-09 3.35003e-10 3.32237e-11 5.82728e-12
 8.85242e-12 9.61267e-10 6.15412e-08 2.32288e-06 5.1693e-05 0.000678279 0.00524908 0.023995 0.0652929 0.109789 0.132614 0.157518 0.191299 0.173734 0.0987072 0.0334852 0.00672396 0.000800883 5.73729e-05 2.59052e-06 8.36125e-08 2.3383e-09 6.03697e-11 1.33776e-12 2.66336e-14
 9.02122e-12 9.79597e-10 6.27147e-08 2.36717e-06 5.26787e-05 0.00069121 0.00534909 0.0244504 0.0665091 0.111649 0.134025 0.157377 0.189726 0.171936 0.0976342 0.0331097 0.00664233 0.000788551 5.58356e-05 2.42521e-06 7.02646e-08 1.60637e-09 3.26708e-11 5.47527e-13 6.97692e-15
 9.13582e-12 9.92041e-10 6.35114e-08 2.39724e-06 5.33479e-05 0.000699989 0.00541698 0.0247596 0.0673347 0.112911 0.134983 0.157282 0.188661 0.170717 0.0969051 0.0328527 0.00658515 0.000779404 5.45979e-05 2.28524e-06 5.90356e-08 1.03424e-09 1.46567e-11 1.86529e-13 1.96165e-15
 8.05743e-12 8.74941e-10 5.60146e-08 2.11428e-06 4.70509e-05 0.000617377 0.00477812 0.0218501 0.0595659 0.101035 0.125984 0.158231 0.198772 0.182244 0.103738 0.0351876 0.00705315 0.000834474 5.8371e-05 2.43062e-06 6.17053e-08 1.02718e-09 1.31137e-11 1.4678e-13 1.34375e-15
 7.64835e-12 8.3052e-10 5.31707e-08 2.00693e-06 4.46622e-05 0.000586039 0.00453577 0.0207463 0.0566188 0.0965297 0.122565 0.158579 0.20259 0.186605 0.106335 0.0360904 0.007245 0.0008617 6.14098e-05 2.72453e-06 8.35949e-08 2.10163e-09 4.5414e-11 7.29808e-13 7.70132e-15
 7.09878e-12 7.70843e-10 4.93501e-08 1.86273e-06 4.14532e-05 0.000543938 0.0042102 0.0192636 0.0526597 0.0904785 0.117983 0.159073 0.207759 0.192489 0.109812 0.0372649 0.00747053 0.000884029 6.18773e-05 2.58256e-06 6.60873e-08 1.1278e-09 1.52764e-11 1.88959e-13 2.02749e-15
 6.7499e-12 7.32959e-10 4.69248e-08 1.77118e-06 3.9416e-05 0.000517211 0.00400352 0.0183223 0.0501463 0.0866356 0.115067 0.159369 0.211013 0.196208 0.112028 0.0380371 0.00763606 0.000908095 6.46838e-05 2.86508e-06 8.75289e-08 2.18547e-09 4.69943e-11 7.55054e-13 8.01235e-15
 8.50033e-12 9.23034e-10 5.90935e-08 2.23049e-06 4.96371e-05 0.000651306 0.0050405 0.023045 0.0627564 0.105911 0.129672 0.15782 0.194587 0.177489 0.100942 0.0342604 0.00688752 0.000823616 5.98068e-05 2.81491e-06 9.9566e-08 3.05905e-09 7.72706e-11 1.39528e-12 1.73646e-14
 8.40561e-12 9.12748e-10 5.8435e-08 2.20564e-06 4.9084e-05 0.00064405 0.00498439 0.0227894 0.0620742 0.10487 0.128889 0.157924 0.195508 0.178522 0.101532 0.0344338 0.00690209 0.000816713 5.7158e-05 2.38455e-06 6.09442e-08 1.03814e-09 1.41653e-11 1.83811e-13 2.21619e-15
 8.01963e-12 8.70836e-10 5.57518e-08 2.10436e-06 4.68302e-05 0.000614481 0.00475573 0.0217481 0.0592936 0.100619 0.125669 0.158266 0.199129 0.182649 0.103976 0.035267 0.00706752 0.000835505 5.82749e-05 2.40179e-06 5.8833e-08 8.73901e-10 8.38654e-12 6.03561e-14 3.83829e-16
 9.18335e-12 9.97202e-10 6.38418e-08 2.40972e-06 5.36254e-05 0.000703631 0.00544513 0.0248878 0.067677 0.113434 0.135377 0.157232 0.188204 0.170201 0.0966078 0.032761 0.00657391 0.000781127 5.54845e-05 2.43514e-06 7.25619e-08 1.7353e-09 3.58527e-11 5.59497e-13 5.70505e-15
 9.54368e-12 1.03633e-09 6.63468e-08 2.50427e-06 5.57295e-05 0.000731234 0.0056586 0.02586 0.0702729 0.117403 0.138388 0.156925 0.184839 0.166359 0.09432 0.0319668 0.00640574 0.000757509 5.29001e-05 2.19e-06 5.44972e-08 8.53615e-10 9.54074e-12 9.28044e-14 8.47543e-16
 8.91175e-12 9.67709e-10 6.19537e-08 2.33845e-06 5.20395e-05 0.000682824 0.00528423 0.024155 0.0657205 0.110444 0.133114 0.157482 0.190766 0.173114 0.0983235 0.0333341 0.00667918 0.000789423 5.50206e-05 2.26176e-06 5.48876e-08 7.8901e-10 6.79943e-12 3.6566e-14 1.37358e-16
 9.56038e-12 1.03814e-09 6.64629e-08 2.50865e-06 5.5827e-05 0.000732514 0.0056685 0.0259051 0.0703933 0.117587 0.138527 0.15691 0.184682 0.16618 0.0942143 0.0319309 0.00639878 0.000756781 5.28736e-05 2.19246e-06 5.48609e-08 8.73651e-10 1.00922e-11 9.90776e-14 8.07429e-16
 9.71629e-12 1.05507e-09 6.75467e-08 2.54956e-06 5.67373e-05 0.000744457 0.00576086 0.0263257 0.0715164 0.119303 0.139829 0.156773 0.183222 0.164514 0.0932262 0.0315924 0.0063303 0.000748459 5.22365e-05 2.15784e-06 5.32851e-08 8.13278e-10 8.44049e-12 7.07021e-14 5.19647e-16
 9.94217e-12 1.0796e-09 6.91171e-08 2.60883e-06 5.80563e-05 0.000761762 0.00589467 0.0269352 0.0731437 0.121791 0.141714 0.156575 0.181104 0.1621 0.091795 0.0311034 0.00623229 0.00073693 5.14479e-05 2.12763e-06 5.2745e-08 8.15404e-10 8.75507e-12 7.7479e-14 5.91828e-16
 9.94169e-12 1.07955e-09 6.91137e-08 2.6087e-06 5.80535e-05 0.000761725 0.00589439 0.0269339 0.0731402 0.121786 0.14171 0.156576 0.181109 0.162106 0.0917977 0.0311031 0.00623143 0.000736482 5.13294e-05 2.10986e-06 5.11871e-08 7.35086e-10 6.31259e-12 3.3555e-14 1.22053e-16
 1.07846e-11 1.17107e-09 7.49733e-08 2.82987e-06 6.29752e-05 0.000826295 0.00639372 0.029208 0.0792124 0.131068 0.148745 0.155835 0.173207 0.153097 0.0864571 0.0292775 0.00586506 0.000693182 4.83153e-05 1.98654e-06 4.82457e-08 6.95428e-10 6.04974e-12 3.35075e-14 1.34769e-16
 1.02693e-11 1.11512e-09 7.1391e-08 2.69466e-06 5.99663e-05 0.000786819 0.00608845 0.0278177 0.0755001 0.125393 0.144444 0.156288 0.178038 0.158605 0.0897221 0.0303936 0.00608904 0.000719651 5.01573e-05 2.06182e-06 5.00339e-08 7.19153e-10 6.19447e-12 3.32417e-14 1.23619e-16
 1.04373e-11 1.13336e-09 7.25589e-08 2.73874e-06 6.09473e-05 0.000799689 0.00618798 0.028271 0.0767104 0.127243 0.145846 0.15614 0.176463 0.156809 0.0886576 0.0300296 0.00601593 0.000710984 4.95474e-05 2.03588e-06 4.93295e-08 7.05168e-10 5.95756e-12 2.99323e-14 9.13795e-17
#obs catch len freq
 5.62123e-12 6.104e-10 3.90783e-08 1.47502e-06 3.28246e-05 0.000430689 0.00333258 0.0152235 0.0412802 0.0682695 0.0775122 0.0829163 0.102176 0.120454 0.126204 0.118246 0.0951591 0.0665939 0.0422684 0.0238635 0.0110736 0.00385784 0.000937879 0.000151308 1.56733e-05
 5.18576e-12 5.63113e-10 3.6051e-08 1.36075e-06 3.02819e-05 0.000397334 0.00307475 0.0140517 0.038179 0.0637084 0.0747298 0.0849296 0.107474 0.123983 0.125717 0.117443 0.0975495 0.0698673 0.0430496 0.0224823 0.00950806 0.00303322 0.00067958 0.00010127 9.6802e-06
 5.79825e-13 6.29623e-11 4.03093e-09 1.52154e-07 3.38671e-06 4.44827e-05 0.000345955 0.00162007 0.00492169 0.0122707 0.0324559 0.0774877 0.132468 0.161737 0.160823 0.142911 0.112374 0.0776352 0.0468193 0.0235149 0.00925055 0.00268966 0.000547321 7.43554e-05 6.50561e-06
 8.96237e-12 9.73207e-10 6.23055e-08 2.35172e-06 5.23342e-05 0.000686635 0.00531156 0.0242291 0.065222 0.104002 0.100331 0.0665095 0.0531528 0.0803269 0.122398 0.135054 0.108143 0.0693242 0.0384025 0.0180341 0.00665077 0.00178958 0.000332595 4.10144e-05 3.25667e-06
 1.03988e-11 1.12919e-09 7.22918e-08 2.72866e-06 6.07235e-05 0.000796769 0.0061659 0.0281784 0.0765228 0.127076 0.144675 0.148422 0.156264 0.132491 0.078544 0.0395456 0.025246 0.0181595 0.0107859 0.00489752 0.00167382 0.000414265 7.06165e-05 7.95153e-06 5.74257e-07
 1.06265e-11 1.15391e-09 7.38745e-08 2.7884e-06 6.20527e-05 0.000814195 0.00630015 0.0287781 0.0779641 0.127996 0.139289 0.129722 0.131741 0.128667 0.105199 0.0693113 0.0345066 0.0130138 0.00443947 0.00157047 0.000491008 0.000113033 1.77122e-05 1.82172e-06 1.19909e-07
 1.31204e-11 1.42472e-09 9.12119e-08 3.4428e-06 7.66152e-05 0.00100525 0.00777765 0.0355079 0.0959447 0.15558 0.160723 0.129362 0.11101 0.10259 0.0865068 0.0613469 0.033686 0.0135893 0.00407677 0.000972677 0.000200868 3.56997e-05 4.85727e-06 4.52395e-07 2.71734e-08
 1.10132e-11 1.1959e-09 7.65627e-08 2.88988e-06 6.43112e-05 0.000843848 0.00653023 0.0298401 0.0809529 0.133534 0.147144 0.138732 0.137537 0.125667 0.0944214 0.0589532 0.0297828 0.0116101 0.00345164 0.000780925 0.00013323 1.71688e-05 1.68065e-06 1.21843e-07 6.16689e-09
 1.23673e-11 1.34295e-09 8.59767e-08 3.24521e-06 7.22184e-05 0.000947581 0.0073322 0.0334877 0.0906298 0.14786 0.155982 0.131995 0.1193 0.112013 0.092827 0.0620161 0.0308465 0.0110519 0.00293344 0.00059821 9.31121e-05 1.06327e-05 8.59344e-07 4.82101e-08 1.85672e-09
 1.18307e-11 1.28468e-09 8.22462e-08 3.1044e-06 6.90855e-05 0.000906502 0.00701524 0.032057 0.0869448 0.143053 0.15534 0.139817 0.131008 0.117501 0.0892878 0.0559633 0.0275333 0.0101238 0.00274372 0.000546109 7.88947e-05 8.13007e-06 5.85213e-07 2.87201e-08 9.38894e-10
 1.17244e-11 1.27314e-09 8.15074e-08 3.07652e-06 6.84651e-05 0.000898372 0.00695259 0.0317746 0.0862093 0.141953 0.154253 0.138707 0.130656 0.12014 0.0936873 0.0576882 0.0261564 0.00845052 0.00199336 0.000355993 4.78707e-05 4.64045e-06 3.10071e-07 1.38543e-08 4.05902e-10
 1.24878e-11 1.35603e-09 8.68144e-08 3.27683e-06 7.29231e-05 0.000956871 0.00740537 0.0338433 0.0917979 0.150879 0.162438 0.141848 0.128093 0.114073 0.0865125 0.0514361 0.0222467 0.00671457 0.00142904 0.000221899 2.55913e-05 2.16143e-06 1.29252e-07 5.27097e-09 1.41889e-10
 1.08655e-11 1.17987e-09 7.55362e-08 2.85115e-06 6.34509e-05 0.00083264 0.0064457 0.0294894 0.0803246 0.134101 0.151797 0.146802 0.144001 0.129071 0.0943213 0.053289 0.0218296 0.00620772 0.00122881 0.000173818 1.78252e-05 1.31185e-06 6.77022e-08 2.39084e-09 5.64447e-11
 1.0729e-11 1.16505e-09 7.45875e-08 2.81534e-06 6.26543e-05 0.000822194 0.00636497 0.0291205 0.0793038 0.132176 0.148509 0.141595 0.139681 0.130928 0.101118 0.058677 0.0237634 0.00649322 0.00120953 0.000158222 1.47914e-05 9.80396e-07 4.50397e-08 1.40054e-09 2.88882e-11
 9.36263e-12 1.01667e-09 6.50886e-08 2.45682e-06 5.4677e-05 0.000717584 0.00555729 0.0254618 0.0697047 0.118311 0.140089 0.146131 0.152624 0.142434 0.106759 0.060204 0.0239989 0.00654868 0.00122709 0.000160057 1.4555e-05 9.1114e-07 3.85968e-08 1.08902e-09 2.01709e-11
 8.32202e-12 9.03675e-10 5.78544e-08 2.18377e-06 4.86014e-05 0.000637898 0.00494151 0.0226616 0.0622331 0.106687 0.129771 0.142115 0.156875 0.154236 0.119444 0.0669877 0.0255783 0.00650961 0.00112262 0.00013522 1.15378e-05 6.87868e-07 2.78479e-08 7.45067e-10 1.29115e-11
 1.06794e-11 1.15966e-09 7.42427e-08 2.80235e-06 6.23667e-05 0.000818484 0.0063378 0.0290164 0.0791603 0.132398 0.149202 0.14158 0.139337 0.132354 0.102447 0.0578397 0.0224128 0.00585433 0.00103907 0.000126612 1.05774e-05 5.99059e-07 2.26815e-08 5.66086e-10 9.17861e-12
 1.07958e-11 1.17229e-09 7.50518e-08 2.83292e-06 6.30492e-05 0.000827539 0.0064105 0.0293895 0.0805424 0.1366 0.159233 0.156995 0.150216 0.128124 0.0871267 0.0441015 0.0157512 0.0038724 0.000658201 7.80933e-05 6.42749e-06 3.59061e-07 1.32779e-08 3.18524e-10 4.88556e-12
 9.26371e-12 1.00593e-09 6.44015e-08 2.43094e-06 5.41055e-05 0.000710265 0.005505 0.0252831 0.0696918 0.12033 0.146895 0.156443 0.160595 0.14324 0.0993895 0.0498988 0.0172287 0.00401764 0.000639503 7.0688e-05 5.44012e-06 2.86852e-07 1.01118e-08 2.32735e-10 3.43053e-12
 1.03659e-11 1.12562e-09 7.20637e-08 2.72016e-06 6.05416e-05 0.000794704 0.00615781 0.0282505 0.0775425 0.131882 0.154263 0.153203 0.150723 0.134764 0.0945504 0.0473772 0.0161215 0.00367527 0.000566951 5.99448e-05 4.34693e-06 2.13509e-07 6.97632e-09 1.48959e-10 2.04543e-12
 1.12366e-11 1.22016e-09 7.81169e-08 2.94867e-06 6.56291e-05 0.000861545 0.00667699 0.0306474 0.084212 0.143429 0.167229 0.161765 0.149268 0.122752 0.0796998 0.0377326 0.0124071 0.00277878 0.000424097 4.41977e-05 3.12141e-06 1.47076e-07 4.54522e-09 9.07579e-11 1.15633e-12
 9.5126e-12 1.03296e-09 6.61329e-08 2.49639e-06 5.55688e-05 0.000729727 0.0056615 0.0260741 0.0723918 0.127017 0.158751 0.16965 0.166424 0.136514 0.0849646 0.0376733 0.0114095 0.00232553 0.00032195 3.07105e-05 2.0189e-06 8.98802e-08 2.64293e-09 5.01835e-11 6.04894e-13
 1.08402e-11 1.17713e-09 7.53622e-08 2.84475e-06 6.33201e-05 0.000831378 0.0064462 0.0296235 0.0816353 0.139932 0.165159 0.16293 0.154104 0.128564 0.0817221 0.036087 0.0105791 0.00203561 0.00025994 2.24251e-05 1.31929e-06 5.2626e-08 1.39993e-09 2.4346e-11 2.71703e-13
 1.16255e-11 1.2624e-09 8.08221e-08 3.0509e-06 6.79121e-05 0.000891789 0.00691708 0.0318165 0.0878626 0.151142 0.178338 0.171349 0.150855 0.114723 0.0674732 0.0284799 0.00824805 0.00160443 0.000208427 1.80421e-05 1.03458e-06 3.89348e-08 9.52138e-10 1.49923e-11 1.50665e-13
 1.07754e-11 1.1701e-09 7.49138e-08 2.82798e-06 6.29569e-05 0.000826978 0.00642006 0.0296036 0.082306 0.144041 0.176173 0.177392 0.159962 0.120021 0.0676805 0.0268413 0.00720565 0.00129208 0.000155473 1.26454e-05 6.92822e-07 2.51682e-08 5.93843e-10 8.93634e-12 8.462e-14
 9.80969e-12 1.06524e-09 6.82013e-08 2.57471e-06 5.73257e-05 0.000753269 0.00585336 0.0270589 0.0757325 0.134716 0.170374 0.179743 0.16839 0.128585 0.0722307 0.0279531 0.00718872 0.00121411 0.000135393 1.00766e-05 5.02664e-07 1.66925e-08 3.63573e-10 5.10506e-12 4.54802e-14
 9.97569e-12 1.08327e-09 6.93564e-08 2.61838e-06 5.83014e-05 0.000766193 0.00595541 0.0275438 0.0771291 0.137129 0.172703 0.180667 0.167813 0.126783 0.0697757 0.0261152 0.0064188 0.00102511 0.000106933 7.36197e-06 3.36345e-07 1.01562e-08 2.00413e-10 2.54909e-12 2.0627e-14
 1.02817e-11 1.11651e-09 7.14858e-08 2.69886e-06 6.00989e-05 0.00078998 0.00614315 0.0284392 0.0797658 0.142024 0.17826 0.183343 0.165207 0.120766 0.0646437 0.0237446 0.00578583 0.000922993 9.62234e-05 6.55868e-06 2.91416e-07 8.38079e-09 1.54599e-10 1.81295e-12 1.3405e-14
 9.00566e-12 9.77956e-10 6.26178e-08 2.36437e-06 5.26681e-05 0.000692916 0.00540068 0.0251487 0.0715667 0.131649 0.174998 0.191222 0.176521 0.127178 0.0658626 0.0232929 0.00547386 0.000846093 8.59393e-05 5.73178e-06 2.49485e-07 7.00732e-09 1.25362e-10 1.41178e-12 9.91398e-15
#spawning biomass
 10648.3 7824.2 6444.8 7375.31 11409.4 18660.1 25294.6 34439.2 52009.7 74657.2 100160 121993 144243 164001 149370 148395 157229 160593 148991 179274 193271 178551 200619 237078 275298 264705 277863 291893 226177 129210 258099 283605 271616 241678 207221 175529 149481 129473 114777 104312 97025.6 92035 88658.9 86381.8 84836.6 83833.6 83182.5 82759.9 82485.6 82307.6 82192 82117 82068.3 82036.7 82016.2 82002.9 81994.2 81988.6 81985 81982.6 81981.1 81980.1 81979.4 81979 81978.7 81978.6 81978.5 81978.4 81978.3 81978.3 81978.3 81978.3 81978.3 81978.2 81978.2 81978.2 81978.2 81978.2 81978.2 81978.2 81978.2 81978.2 81978.2 81978.2 81978.2 81978.2 81978.2 81978.2 81978.2 81978.2 81978.2 81978.2 81978.2 81978.2 81978.2 81978.2 81978.2 81978.2 81978.2 81978.2 81978.2 81978.2 81978.2 81978.2 81978.2 81978.2 81978.2 81978.2 81978.2 81978.2 81978.2 81978.2 81978.2 81978.2 81978.2 81978.2 81978.2 81978.2 81978.2 81978.2 81978.2 81978.2 81978.2 81978.2 81978.2 81978.2 81978.2 81978.2 81978.2 0 0 0 0 0 0 0 0 0 0 0 0 0 0 0 0 0 0 0 0 0 0 0 0 0
