SBPRF35
0.819782
Curr Bio
114334
B35
697314
F35
0.232054
FOFL
0
OFL
0
Bzero
234224
#pred survey bio
 9676.21 9561.32 7944.25 8263.87 11876.5 18036.1 23826.9 28310.9 38530.1 53604.7 70626 86478.2 112245 118116 125981 119405 121566 119204 123806 121054 129450 127573 137284 138973 149832 161451 148621 127282 143060 4.55994e+06 6.61893e+06 7.26315e+06 6.95705e+06 6.1993e+06 5.32444e+06 4.51386e+06 3.84015e+06 3.31466e+06 2.92075e+06 2.63286e+06 2.42571e+06 2.27793e+06 2.17284e+06 2.09719e+06 2.04146e+06 2.00216e+06 1.97408e+06 1.95375e+06 1.93882e+06 1.92771e+06 1.91933e+06 1.91294e+06 1.908e+06 1.90416e+06 1.90114e+06 1.89875e+06 1.89685e+06 1.89533e+06 1.8941e+06 1.89311e+06 1.89231e+06 1.89166e+06 1.89113e+06 1.8907e+06 1.89036e+06 1.89007e+06 1.88984e+06 1.88965e+06 1.88949e+06 1.88936e+06 1.88926e+06 1.88918e+06 1.88911e+06 1.88905e+06 1.889e+06 1.88896e+06 1.88893e+06 1.88891e+06 1.88889e+06 1.88887e+06 1.88886e+06 1.88884e+06 1.88883e+06 1.88883e+06 1.88882e+06 1.88882e+06 1.88881e+06 1.88881e+06 1.8888e+06 1.8888e+06 1.8888e+06 1.8888e+06 1.8888e+06 1.8888e+06 1.8888e+06 1.8888e+06 1.88879e+06 1.88879e+06 1.88879e+06 1.88879e+06 1.88879e+06 1.88879e+06 1.88879e+06 1.88879e+06 1.88879e+06 1.88879e+06 1.88879e+06 1.88879e+06 1.88879e+06 1.88879e+06 1.88879e+06 1.88879e+06 1.88879e+06 1.88879e+06 1.88879e+06 1.88879e+06 1.88879e+06 1.88879e+06 1.88879e+06 1.88879e+06 1.88879e+06 1.88879e+06 1.88879e+06 1.88879e+06 1.88879e+06 1.88879e+06 1.88879e+06 1.88879e+06 1.88879e+06 0 0 0 0 0 0 0 0 0 0 0 0 0 0 0 0 0 0 0 0 0 0 0 0 0
#obs survey bio
 9025.62 8186.34 8111.88 10243.1 15228.6 18180.2 25242 30148.7 48853.9 46805.6 52873.8 108442 107228 90599.4 101985 79279.5 102892 107167 101963 136128 118533 132532 119627 114038 187880 142487 96548.6 123069 177614
#pred catch bio
 3466.57 4311.38 3848.67 3135.9 4535.22 10464.9 16560.8 18801.4 25680.7 35958.2 50524.6 58730.4 83669.3 85704.8 95731.9 90141.2 94176.8 90010.8 96889 91400.1 102636 99423.5 108376 111201 119100 132563 125215 108859 101960 0 57562.5 63370.8 59970.1 52581.7 44286.2 36733.6 30559.5 25832.6 22367.9 19904.3 18190.7 17017.8 16224.8 15689.9 15327.5 15092.3 14939.6 14840.5 14776.1 14734.3 14707.2 14689.6 14678.2 14670.8 14666 14662.8 14660.8 14659.5 14658.6 14658.1 14657.7 14657.5 14657.3 14657.2 14657.2 14657.1 14657.1 14657.1 14657.1 14657.1 14657 14657 14657 14657 14657 14657 14657 14657 14657 14657 14657 14657 14657 14657 14657 14657 14657 14657 14657 14657 14657 14657 14657 14657 14657 14657 14657 14657 14657 14657 14657 14657 14657 14657 14657 14657 14657 14657 14657 14657 14657 14657 14657 14657 14657 14657 14657 14657 14657 14657 14657 14657 14657 14657 14657 14657 14657 14657 14657 0 0 0 0 0 0 0 0 0 0 0 0 0 0 0 0 0 0 0 0 0 0 0 0 0
#obs catch bio
 4208.55 4137.97 4614.66 2933.28 3768.58 8421.36 13118.1 15694 21862.5 30070.2 48991.4 46194 73922.6 81502.1 98195.9 94106.9 86304.5 73896.4 95539 77783.1 84598.7 82090.6 93850.6 89773.6 100853 117419 108142 91854.5 92046.2
#pred cpue bio
 7984.78 8648.17 6695.86 5608.51 8285.58 11953.5 13788.5 15239.8 20074.2 27315.2 37536.4 43231.6 59292.7 61836.4 69521.2 65210.4 63286.9 60173.7 63787.5 59534.2 65096.4 59989.4 63160.4 65223.6 63470.3 70574.3 67102.4 55352.2 45897.4 2.20798e+06 6.42206e+06 7.14024e+06 6.83336e+06 6.07557e+06 5.20071e+06 4.39014e+06 3.71643e+06 3.19093e+06 2.79702e+06 2.50913e+06 2.30198e+06 2.1542e+06 2.04911e+06 1.97346e+06 1.91773e+06 1.87843e+06 1.85036e+06 1.83002e+06 1.81509e+06 1.80398e+06 1.7956e+06 1.78921e+06 1.78428e+06 1.78044e+06 1.77742e+06 1.77503e+06 1.77312e+06 1.7716e+06 1.77037e+06 1.76938e+06 1.76858e+06 1.76794e+06 1.76741e+06 1.76698e+06 1.76663e+06 1.76634e+06 1.76611e+06 1.76592e+06 1.76577e+06 1.76564e+06 1.76553e+06 1.76545e+06 1.76538e+06 1.76532e+06 1.76528e+06 1.76524e+06 1.76521e+06 1.76518e+06 1.76516e+06 1.76514e+06 1.76513e+06 1.76512e+06 1.76511e+06 1.7651e+06 1.76509e+06 1.76509e+06 1.76508e+06 1.76508e+06 1.76508e+06 1.76508e+06 1.76507e+06 1.76507e+06 1.76507e+06 1.76507e+06 1.76507e+06 1.76507e+06 1.76507e+06 1.76507e+06 1.76507e+06 1.76507e+06 1.76507e+06 1.76507e+06 1.76507e+06 1.76507e+06 1.76507e+06 1.76507e+06 1.76507e+06 1.76507e+06 1.76507e+06 1.76507e+06 1.76507e+06 1.76507e+06 1.76507e+06 1.76507e+06 1.76507e+06 1.76507e+06 1.76507e+06 1.76507e+06 1.76507e+06 1.76507e+06 1.76507e+06 1.76507e+06 1.76507e+06 1.76507e+06 1.76507e+06 1.76507e+06 1.76507e+06 1.76507e+06 1.76507e+06 0 0 0 0 0 0 0 0 0 0 0 0 0 0 0 0 0 0 0 0 0 0 0 0 0
#obs cpue bio
 7836.64 9480.87 5097.85 6681.89 16781 25539.7 20492.5 23205.2 34051.3 51487.5 61852.7 100314 99269.6 82311.8 82116.3 85080.7 129018 129653 84528.5 108885 156418 122599 125646 186755 101157 127420 179382 116984 54115.2
#pred surv len freq
 9.85756e-12 1.07041e-09 6.85288e-08 2.58662e-06 5.75619e-05 0.000755255 0.00584356 0.026684 0.0722195 0.118314 0.128911 0.12314 0.129507 0.123227 0.0940886 0.0651012 0.0433664 0.0268039 0.0159197 0.00956491 0.00602446 0.0041324 0.00304432 0.00212081 0.00117174
 6.17039e-12 6.7003e-10 4.2896e-08 1.61911e-06 3.60315e-05 0.000472779 0.00365872 0.0167243 0.0454993 0.0764355 0.0920811 0.109592 0.137783 0.142556 0.118285 0.0909421 0.0661179 0.0432276 0.0257042 0.0141727 0.00754803 0.00418685 0.00254755 0.00158585 0.000841784
 1.00832e-11 1.09491e-09 7.00973e-08 2.64583e-06 5.88791e-05 0.000772525 0.00597667 0.0272797 0.0736657 0.11935 0.123897 0.103739 0.0968157 0.0956227 0.0889984 0.0803679 0.0665459 0.0487266 0.0319034 0.0184737 0.00948113 0.00451447 0.00217603 0.00110649 0.000526111
 1.49873e-11 1.62745e-09 1.04191e-07 3.93267e-06 8.7516e-05 0.00114824 0.00888292 0.0405333 0.109296 0.175785 0.176372 0.1314 0.100748 0.0807809 0.0552051 0.0354757 0.0262334 0.0211563 0.015992 0.0104783 0.00583125 0.00276671 0.00116635 0.000471979 0.000184583
 1.33541e-11 1.45009e-09 9.28363e-08 3.50411e-06 7.79791e-05 0.00102313 0.00791555 0.0361313 0.0975946 0.158323 0.165241 0.139872 0.12771 0.109438 0.0709828 0.0374303 0.0195277 0.0110411 0.00708881 0.00488598 0.00308012 0.00161349 0.000690215 0.000249186 7.96397e-05
 1.4388e-11 1.56237e-09 1.00024e-07 3.77541e-06 8.40165e-05 0.00110233 0.00852801 0.0389195 0.105023 0.169547 0.173107 0.136904 0.115131 0.0974333 0.0677494 0.04095 0.0231457 0.0115992 0.00534486 0.00262434 0.00145407 0.000799309 0.000372223 0.000137235 4.01441e-05
 1.56615e-11 1.70066e-09 1.08878e-07 4.10959e-06 9.1453e-05 0.0011999 0.00928283 0.0423639 0.114312 0.184494 0.188112 0.147857 0.121773 0.0968525 0.0563269 0.0231442 0.00828727 0.00334581 0.00148769 0.000632175 0.000255421 0.000108405 4.72885e-05 1.80427e-05 5.35416e-06
 1.62679e-11 1.7665e-09 1.13093e-07 4.2687e-06 9.49939e-05 0.00124636 0.00964218 0.0440025 0.118715 0.191452 0.194508 0.151012 0.121796 0.0944871 0.0517139 0.0174012 0.00348225 0.000411809 2.88245e-05 1.22451e-06 4.31083e-08 5.18791e-09 1.58025e-09 5.1495e-10 1.48134e-10
 1.66561e-11 1.80866e-09 1.15792e-07 4.37056e-06 9.72607e-05 0.0012761 0.00987215 0.0450498 0.121512 0.195727 0.197747 0.150671 0.118156 0.0903379 0.0492544 0.0165606 0.0033136 0.000391858 2.73964e-05 1.13901e-06 2.87621e-08 4.71356e-10 5.88865e-12 8.45193e-14 5.91429e-15
 1.69065e-11 1.83584e-09 1.17532e-07 4.43626e-06 9.87225e-05 0.00129528 0.0100205 0.0457253 0.123315 0.198484 0.199837 0.150451 0.11581 0.0876627 0.0476678 0.0160173 0.00320397 0.000378637 2.64098e-05 1.08882e-06 2.67026e-08 3.98237e-10 3.86809e-12 2.85478e-14 1.86067e-16
 1.64222e-11 1.78326e-09 1.14166e-07 4.30919e-06 9.58949e-05 0.00125818 0.00973358 0.0444188 0.119827 0.193152 0.195795 0.150877 0.12035 0.0928387 0.050736 0.017066 0.00341428 0.00040344 2.81227e-05 1.15688e-06 2.81486e-08 4.08426e-10 3.634e-12 2.15432e-14 1.00418e-16
 1.71142e-11 1.8584e-09 1.18976e-07 4.49077e-06 9.99355e-05 0.00131119 0.0101435 0.0462858 0.124812 0.200772 0.201571 0.150269 0.113863 0.0854425 0.0463515 0.015567 0.00311336 0.000367827 2.56318e-05 1.05321e-06 2.55213e-08 3.64931e-10 3.08624e-12 1.55624e-14 4.81036e-17
 1.64949e-11 1.79115e-09 1.14671e-07 4.32826e-06 9.63192e-05 0.00126375 0.00977663 0.0446148 0.12035 0.193952 0.196402 0.150814 0.119669 0.0920621 0.0502756 0.0169085 0.00338261 0.000399668 2.78529e-05 1.14477e-06 2.77657e-08 3.98349e-10 3.40897e-12 1.7904e-14 6.27511e-17
 1.66002e-11 1.80258e-09 1.15403e-07 4.35589e-06 9.6934e-05 0.00127181 0.00983901 0.0448989 0.121109 0.195111 0.197281 0.150721 0.118682 0.0909367 0.0496084 0.0166804 0.0033368 0.000394242 2.7472e-05 1.12873e-06 2.73423e-08 3.90515e-10 3.28878e-12 1.63371e-14 4.79282e-17
 1.5956e-11 1.73263e-09 1.10924e-07 4.18685e-06 9.31723e-05 0.00122246 0.00945736 0.0431608 0.116468 0.188017 0.191904 0.151287 0.124722 0.0978223 0.0536902 0.0180758 0.00361686 0.000427351 2.97796e-05 1.22356e-06 2.96415e-08 4.2345e-10 3.5691e-12 1.77823e-14 5.27229e-17
 1.60884e-11 1.74701e-09 1.11845e-07 4.2216e-06 9.39457e-05 0.00123261 0.00953582 0.0435181 0.117422 0.189476 0.19301 0.151171 0.12348 0.0964067 0.0528511 0.0177889 0.00355928 0.000420544 2.93051e-05 1.20404e-06 2.91667e-08 4.1657e-10 3.50817e-12 1.74262e-14 5.11148e-17
 1.66649e-11 1.80961e-09 1.15853e-07 4.37288e-06 9.73121e-05 0.00127677 0.00987737 0.0450736 0.121575 0.195824 0.197821 0.150664 0.118075 0.0902446 0.0491981 0.0165402 0.00330865 0.000390914 2.72401e-05 1.1192e-06 2.71115e-08 3.87221e-10 3.26111e-12 1.62009e-14 4.7541e-17
 1.70095e-11 1.84703e-09 1.18249e-07 4.4633e-06 9.93243e-05 0.00130317 0.0100815 0.0460033 0.124058 0.199619 0.200697 0.150361 0.114844 0.0865614 0.0470147 0.0157938 0.00315886 0.000373204 2.60058e-05 1.06848e-06 2.58825e-08 3.69647e-10 3.1125e-12 1.54516e-14 4.52266e-17
 1.67833e-11 1.82246e-09 1.16676e-07 4.40392e-06 9.8003e-05 0.00128584 0.00994746 0.0453928 0.122427 0.197127 0.198809 0.15056 0.116966 0.0889799 0.0484484 0.0162839 0.00325722 0.000384833 2.68163e-05 1.10178e-06 2.66892e-08 3.81169e-10 3.20955e-12 1.5934e-14 4.66455e-17
 1.72863e-11 1.87709e-09 1.20173e-07 4.53593e-06 0.00010094 0.00132438 0.0102455 0.0467501 0.126051 0.202667 0.203007 0.150118 0.112249 0.083603 0.045261 0.0151942 0.00303854 0.000358979 2.50145e-05 1.02775e-06 2.48958e-08 3.55555e-10 2.99383e-12 1.48623e-14 4.35e-17
 1.7051e-11 1.85153e-09 1.18537e-07 4.47418e-06 9.95664e-05 0.00130635 0.0101061 0.0461152 0.124356 0.200076 0.201043 0.150325 0.114455 0.0861183 0.046752 0.015704 0.00314083 0.000371073 2.58573e-05 1.06238e-06 2.57348e-08 3.67537e-10 3.09473e-12 1.53636e-14 4.49708e-17
 1.77326e-11 1.92555e-09 1.23275e-07 4.65303e-06 0.000103546 0.00135857 0.0105099 0.0479542 0.129267 0.207582 0.206732 0.149725 0.108065 0.0788328 0.0424332 0.0142275 0.00284452 0.000336042 2.34159e-05 9.62069e-07 2.33049e-08 3.32833e-10 2.8025e-12 1.39125e-14 4.07193e-17
 1.79377e-11 1.94782e-09 1.24701e-07 4.70684e-06 0.000104744 0.00137428 0.0106314 0.0485075 0.130744 0.20984 0.208443 0.149545 0.106142 0.0766409 0.0411338 0.0137833 0.00275538 0.000325502 2.26814e-05 9.3189e-07 2.25738e-08 3.22392e-10 2.71459e-12 1.3476e-14 3.9442e-17
 1.77512e-11 1.92756e-09 1.23404e-07 4.6579e-06 0.000103655 0.00135999 0.0105209 0.0480043 0.1294 0.207786 0.206886 0.149709 0.107891 0.0786347 0.0423158 0.0141874 0.00283647 0.000335089 2.33496e-05 9.59341e-07 2.32388e-08 3.31889e-10 2.79455e-12 1.3873e-14 4.06038e-17
 1.86467e-11 2.0248e-09 1.2963e-07 4.89288e-06 0.000108884 0.00142859 0.0110514 0.0504204 0.135851 0.217648 0.21436 0.148921 0.0994952 0.0690631 0.0366417 0.0122477 0.00244718 0.000289065 2.01421e-05 8.27554e-07 2.00464e-08 2.86297e-10 2.41066e-12 1.19672e-14 3.50259e-17
 1.83886e-11 1.99678e-09 1.27836e-07 4.82516e-06 0.000107377 0.00140882 0.0108985 0.0497241 0.133992 0.214806 0.212206 0.149148 0.101915 0.0718213 0.0382768 0.0128066 0.00255936 0.000302328 2.10664e-05 8.65531e-07 2.09663e-08 2.99435e-10 2.52128e-12 1.25164e-14 3.66333e-17
 1.8108e-11 1.96632e-09 1.25885e-07 4.75154e-06 0.000105739 0.00138733 0.0107323 0.0489672 0.131971 0.211716 0.209865 0.149395 0.104545 0.0748201 0.0400545 0.0134144 0.00268132 0.000316747 2.20713e-05 9.0682e-07 2.19665e-08 3.13719e-10 2.64156e-12 1.31135e-14 3.83808e-17
 1.84319e-11 2.00148e-09 1.28137e-07 4.83652e-06 0.00010763 0.00141213 0.0109241 0.0498409 0.134304 0.215283 0.212568 0.14911 0.101509 0.0713587 0.0380025 0.0127129 0.00254054 0.000300103 2.09113e-05 8.5916e-07 2.0812e-08 2.97231e-10 2.50273e-12 1.24243e-14 3.63636e-17
 2.04449e-11 2.22007e-09 1.42131e-07 5.36473e-06 0.000119384 0.00156634 0.0121167 0.0552721 0.148806 0.23745 0.229368 0.14734 0.0826358 0.0498429 0.0252479 0.00835265 0.00166546 0.000196648 1.37013e-05 5.62921e-07 1.3636e-08 1.94745e-10 1.63978e-12 8.14034e-15 2.38253e-17
#obs surv len freq
 2.36635e-11 2.28619e-09 1.30222e-07 4.37317e-06 8.65862e-05 0.00101077 0.00695786 0.0282657 0.0680566 0.0993537 0.0979682 0.090284 0.0997525 0.108353 0.106259 0.0962308 0.0772122 0.0546297 0.0346014 0.0189582 0.0084129 0.00281791 0.000667676 0.000106183 1.0911e-05
 4.74648e-12 4.42303e-10 2.43001e-08 7.87117e-07 1.50329e-05 0.000169339 0.00112705 0.00447392 0.0111117 0.0209454 0.0424003 0.0879955 0.139061 0.160784 0.155266 0.135137 0.10236 0.0675072 0.0397504 0.0202936 0.00836682 0.00258381 0.000560856 8.1517e-05 7.6584e-06
 8.99052e-11 8.06665e-09 4.26718e-07 1.33084e-05 0.00024471 0.00265286 0.0169559 0.0638991 0.142022 0.186465 0.146061 0.0734295 0.0385779 0.0476057 0.0706919 0.0768936 0.0606995 0.0383122 0.0208395 0.00971547 0.00365551 0.0010313 0.000204391 2.70881e-05 2.31891e-06
 1.16335e-10 1.00339e-08 5.10232e-07 1.52969e-05 0.000270385 0.00281782 0.0173168 0.0628066 0.135044 0.17622 0.155568 0.126599 0.114777 0.0874173 0.048154 0.025441 0.0187538 0.0143964 0.00866864 0.00395003 0.00136598 0.000348408 6.24117e-05 7.49525e-06 5.82556e-07
 1.2406e-10 1.027e-08 5.01241e-07 1.44233e-05 0.000244694 0.00244764 0.0144393 0.0503054 0.104262 0.133475 0.124024 0.119648 0.129181 0.121264 0.0940439 0.0601052 0.0292479 0.0110496 0.00403138 0.00155692 0.000513803 0.000122927 2.01037e-05 2.18092e-06 1.52991e-07
 2.16214e-10 1.71542e-08 8.02409e-07 2.21289e-05 0.000359804 0.00344928 0.0194995 0.0650665 0.128798 0.155248 0.128608 0.103181 0.100804 0.0980928 0.0849429 0.0610015 0.0329091 0.0129351 0.00386261 0.000957027 0.000213937 4.14747e-05 6.06477e-06 6.01117e-07 3.83928e-08
 2.89842e-10 2.20091e-08 9.85329e-07 2.60076e-05 0.000404727 0.00371359 0.0200966 0.0642449 0.122347 0.144843 0.1272 0.118397 0.120616 0.105609 0.0784055 0.0509598 0.0271799 0.0112994 0.00360783 0.000869417 0.000156939 2.16322e-05 2.30625e-06 1.83242e-07 1.01053e-08
 4.17778e-10 3.03236e-08 1.29764e-06 3.27392e-05 0.000486997 0.00427126 0.0220953 0.0675329 0.123083 0.140117 0.120376 0.112465 0.116994 0.10846 0.0862406 0.0561437 0.0276235 0.0102387 0.00299939 0.000698892 0.000123082 1.55349e-05 1.36848e-06 8.358e-08 3.52417e-09
 6.62011e-10 4.58744e-08 1.87419e-06 4.51438e-05 0.000641101 0.0053682 0.0265129 0.0773775 0.134748 0.147002 0.122145 0.11116 0.111842 0.10022 0.0775149 0.0494768 0.0240691 0.0087852 0.0024614 0.000531014 8.60845e-05 1.01147e-05 8.28437e-07 4.57103e-08 1.65977e-09
 8.48856e-10 5.60941e-08 2.18544e-06 5.01998e-05 0.000679852 0.00542906 0.0255793 0.0713256 0.119606 0.130245 0.119608 0.125711 0.130628 0.112555 0.0814106 0.0476037 0.0207814 0.00671784 0.00168141 0.000331289 4.958e-05 5.36102e-06 4.02426e-07 2.03452e-08 6.75895e-10
 1.37369e-09 8.64749e-08 3.20944e-06 7.02279e-05 0.000906023 0.00689227 0.0309323 0.0821337 0.130937 0.134552 0.114721 0.11367 0.11868 0.1087 0.0830492 0.0481605 0.0195768 0.00559664 0.00119259 0.000198457 2.55925e-05 2.44827e-06 1.6561e-07 7.60915e-09 2.30304e-10
 2.10155e-09 1.25901e-07 4.44689e-06 9.26031e-05 0.00113696 0.00823147 0.0351655 0.0889676 0.135786 0.136371 0.119212 0.120664 0.12021 0.101262 0.0715929 0.0396519 0.0159202 0.00458834 0.000971934 0.000152393 1.74416e-05 1.43278e-06 8.30187e-08 3.31391e-09 8.86335e-11
 2.72054e-09 1.54964e-07 5.20413e-06 0.00010304 0.00120289 0.00828116 0.0336567 0.0812035 0.119608 0.121714 0.118471 0.131787 0.133766 0.112289 0.0775268 0.0405774 0.0149889 0.00392835 0.000764592 0.000112801 1.22821e-05 9.45822e-07 4.98371e-08 1.75847e-09 4.09229e-11
 3.73733e-09 2.02234e-07 6.45189e-06 0.000121357 0.00134588 0.00880292 0.034003 0.0781116 0.110504 0.111641 0.113722 0.131798 0.138552 0.121897 0.0858937 0.0438489 0.0153002 0.00370301 0.000652855 8.63817e-05 8.47383e-06 5.95725e-07 2.89856e-08 9.46806e-10 2.02505e-11
 4.78255e-09 2.45659e-07 7.43952e-06 0.000132832 0.00139844 0.00868434 0.0318772 0.0698956 0.0963547 0.101689 0.116071 0.14206 0.149788 0.130534 0.0894848 0.0436741 0.0144409 0.00329333 0.000542033 6.59657e-05 5.86073e-06 3.69413e-07 1.60823e-08 4.72225e-10 9.14857e-12
 9.58734e-09 4.6714e-07 1.34195e-05 0.000227284 0.00226971 0.0133678 0.0465013 0.0962453 0.122921 0.112994 0.107008 0.119796 0.12786 0.115611 0.0801628 0.0387896 0.012756 0.00292794 0.000484463 5.79499e-05 4.90543e-06 2.87023e-07 1.13943e-08 3.01764e-10 5.24378e-12
 1.5178e-08 7.01094e-07 1.90931e-05 0.000306567 0.00290239 0.0162085 0.0535038 0.105494 0.130649 0.123171 0.124137 0.133348 0.122838 0.0936795 0.0573536 0.0258818 0.00825916 0.00189038 0.000315821 3.80428e-05 3.20483e-06 1.83548e-07 6.99544e-09 1.74444e-10 2.80722e-12
 1.78722e-08 7.82219e-07 2.01846e-05 0.000307088 0.00275498 0.0145844 0.0457183 0.0863603 0.106499 0.111023 0.130144 0.149125 0.141092 0.109139 0.0653283 0.0277495 0.00814797 0.00170767 0.000265138 3.04299e-05 2.49076e-06 1.3971e-07 5.20652e-09 1.26041e-10 1.94968e-12
 3.00077e-08 1.2439e-06 3.04006e-05 0.000438055 0.00372202 0.0186593 0.0553623 0.098713 0.113576 0.107709 0.116747 0.133526 0.13406 0.110249 0.0676661 0.0288909 0.00854205 0.00180007 0.000274789 3.00413e-05 2.29828e-06 1.20347e-07 4.22208e-09 9.71032e-11 1.43505e-12
 4.49094e-08 1.76259e-06 4.07859e-05 0.000556448 0.00447685 0.0212585 0.0598415 0.102024 0.115867 0.116099 0.131535 0.142402 0.128153 0.0945733 0.0536093 0.0217608 0.00626747 0.00131025 0.00019973 2.16663e-05 1.61961e-06 8.12967e-08 2.68757e-09 5.7619e-11 7.9082e-13
 7.00751e-08 2.60338e-06 5.70233e-05 0.000736424 0.00560846 0.0252123 0.067217 0.108747 0.118086 0.115064 0.12828 0.138374 0.125802 0.0921473 0.049889 0.0187601 0.00492752 0.000941481 0.00013365 1.38062e-05 9.96757e-07 4.84959e-08 1.54757e-09 3.17581e-11 4.131e-13
 9.72704e-08 3.42017e-06 7.09019e-05 0.000866638 0.00624748 0.0265983 0.0673306 0.104659 0.114076 0.119611 0.139187 0.145662 0.125052 0.0861661 0.0440395 0.0157081 0.00391562 0.00070358 9.24673e-05 8.75235e-06 5.79859e-07 2.61423e-08 7.81734e-10 1.51566e-11 1.86996e-13
 1.51693e-07 5.0477e-06 9.90299e-05 0.00114554 0.00781543 0.0314936 0.0754917 0.111334 0.115928 0.117656 0.134223 0.140497 0.122104 0.0834582 0.0410504 0.0138416 0.00323941 0.000545342 6.69994e-05 5.89745e-06 3.6056e-07 1.48961e-08 4.06827e-10 7.21203e-12 8.17131e-14
 2.07533e-07 6.53548e-06 0.000121343 0.00132843 0.00857899 0.0327504 0.0746622 0.106547 0.1135 0.124632 0.145144 0.145371 0.118821 0.0768577 0.0363479 0.0120108 0.00279356 0.000466066 5.56216e-05 4.64625e-06 2.65218e-07 1.0137e-08 2.54751e-10 4.13933e-12 4.2859e-14
 2.73717e-07 8.15786e-06 0.000143351 0.00148535 0.0090805 0.0328435 0.0712286 0.0983885 0.106682 0.12406 0.14857 0.151242 0.125268 0.0800261 0.0364452 0.0114977 0.00256488 0.000414353 4.81777e-05 3.91423e-06 2.15354e-07 7.83089e-09 1.84805e-10 2.79074e-12 2.66639e-14
 4.44233e-07 1.25316e-05 0.000208428 0.00204412 0.0118281 0.040495 0.0831362 0.108714 0.111609 0.123514 0.143095 0.143459 0.116922 0.0721367 0.0312299 0.00930373 0.00195678 0.000298188 3.27749e-05 2.52615e-06 1.323e-07 4.58581e-09 1.03002e-10 1.4742e-12 1.32708e-14
 5.095e-07 1.36055e-05 0.000214216 0.00198907 0.0109038 0.0354715 0.0701498 0.0932538 0.109421 0.139756 0.163648 0.154094 0.116354 0.0672155 0.0276793 0.00794967 0.00162105 0.000238035 2.48842e-05 1.8042e-06 8.84099e-08 2.86466e-09 6.02225e-11 8.08082e-13 6.82809e-15
 7.67191e-07 1.93956e-05 0.000289112 0.00254147 0.0131891 0.040606 0.0758914 0.0948515 0.104228 0.128517 0.154331 0.155506 0.123261 0.0705075 0.0274349 0.00726483 0.00135722 0.000184028 1.79852e-05 1.22753e-06 5.65948e-08 1.71747e-09 3.36492e-11 4.19379e-13 3.2864e-15
 1.08431e-06 2.59562e-05 0.000366355 0.00304977 0.0149954 0.0438439 0.0786147 0.0977002 0.112757 0.141546 0.160528 0.14831 0.108907 0.0593662 0.0226726 0.0060213 0.00112938 0.000150144 1.39366e-05 8.84551e-07 3.76649e-08 1.05688e-09 1.92012e-11 2.22235e-13 1.6167e-15
#pred catch len freq
 7.80984e-13 8.48057e-11 5.42938e-09 2.0494e-07 4.56152e-06 5.99083e-05 0.000465803 0.00218015 0.00662906 0.0167251 0.0453893 0.109594 0.180949 0.194689 0.152731 0.106488 0.0711451 0.0440119 0.0261437 0.0157077 0.00989344 0.00678626 0.00499941 0.0034828 0.00192424
 4.18055e-13 4.53959e-11 2.90632e-09 1.09706e-07 2.44217e-06 3.20967e-05 0.000250455 0.00119297 0.0039051 0.0118436 0.038154 0.0982499 0.16606 0.184525 0.155581 0.120252 0.0876106 0.0573122 0.0340817 0.0187917 0.0100079 0.00555132 0.00337778 0.00210266 0.00111612
 9.185e-13 9.97382e-11 6.38536e-09 2.41021e-07 5.36415e-06 7.04193e-05 0.000546334 0.00252937 0.00732041 0.0158178 0.0350116 0.0773913 0.128586 0.151173 0.14583 0.13258 0.10994 0.0805236 0.0527231 0.0305289 0.0156681 0.00746039 0.00359599 0.00182854 0.000869423
 1.95805e-12 2.12621e-10 1.36122e-08 5.138e-07 1.14347e-05 0.000150084 0.00116327 0.0053595 0.0151577 0.0300817 0.0570622 0.113428 0.176001 0.181172 0.131204 0.085414 0.0633935 0.0511681 0.0386817 0.0253451 0.0141047 0.00669213 0.00282117 0.00114162 0.000446471
 1.49809e-12 1.62675e-10 1.04147e-08 3.93111e-07 8.74918e-06 0.000114863 0.000891402 0.00413288 0.0120413 0.0266128 0.0608366 0.135184 0.21526 0.218301 0.146995 0.0782422 0.0409823 0.0232077 0.0149048 0.0102733 0.00647629 0.00339253 0.00145125 0.00052394 0.000167451
 2.72764e-12 2.96189e-10 1.89623e-08 7.15741e-07 1.59287e-05 0.000209051 0.00161964 0.00744631 0.020845 0.0397164 0.069035 0.128508 0.195714 0.201777 0.146512 0.0892531 0.0505136 0.0253201 0.0116674 0.00572854 0.00317396 0.00174473 0.000812489 0.000299557 8.76265e-05
 8.76005e-12 9.51237e-10 6.08991e-08 2.29864e-06 5.11536e-05 0.000671198 0.00519417 0.0237412 0.0645653 0.108269 0.129452 0.150994 0.181942 0.167348 0.100669 0.0416137 0.0148966 0.00600708 0.0026697 0.00113433 0.000458297 0.000194508 8.48483e-05 3.23734e-05 9.60682e-06
 9.27878e-12 1.00756e-09 6.45052e-08 2.43476e-06 5.41826e-05 0.000710941 0.00550167 0.0251453 0.0683646 0.114485 0.136177 0.157157 0.187322 0.16919 0.0959986 0.0325411 0.00652141 0.000771435 5.39986e-05 2.29363e-06 8.06406e-08 9.67984e-09 2.9475e-09 9.60481e-10 2.76298e-10
 1.02258e-11 1.1104e-09 7.10886e-08 2.68324e-06 5.97123e-05 0.000783487 0.00606268 0.0277003 0.0751868 0.124914 0.14408 0.156325 0.178444 0.159068 0.0899985 0.0304901 0.0061099 0.000722752 5.05326e-05 2.10083e-06 5.30408e-08 8.6879e-10 1.08414e-11 1.55357e-13 1.08614e-14
 1.09127e-11 1.18499e-09 7.58641e-08 2.86349e-06 6.37235e-05 0.000836111 0.00646963 0.0295537 0.0801355 0.132479 0.149814 0.155722 0.172005 0.151727 0.0856454 0.0290005 0.0058098 0.000686793 4.79061e-05 1.97507e-06 4.84347e-08 7.22216e-10 7.01113e-12 5.16853e-14 3.36432e-16
 1.12784e-11 1.2247e-09 7.84066e-08 2.95946e-06 6.5859e-05 0.000864128 0.00668629 0.0305405 0.0827702 0.136506 0.152866 0.1554 0.168577 0.147818 0.083328 0.0282078 0.00565045 0.000667835 4.65551e-05 1.91514e-06 4.65974e-08 6.76066e-10 6.01397e-12 3.56289e-14 1.65867e-16
 1.16087e-11 1.26056e-09 8.07024e-08 3.04612e-06 6.77874e-05 0.000889427 0.00688194 0.0314315 0.0851493 0.140143 0.155622 0.15511 0.165481 0.144288 0.0812354 0.0274923 0.00550671 0.000650782 4.5352e-05 1.86353e-06 4.5157e-08 6.45701e-10 5.46062e-12 2.75333e-14 8.5087e-17
 1.22275e-11 1.32776e-09 8.50044e-08 3.2085e-06 7.14009e-05 0.000936834 0.00724854 0.0331011 0.0896074 0.146958 0.160787 0.154566 0.159679 0.137674 0.0773144 0.0261519 0.00523773 0.000618995 4.31396e-05 1.77308e-06 4.30048e-08 6.16968e-10 5.27949e-12 2.77215e-14 9.7095e-17
 1.1901e-11 1.29231e-09 8.27349e-08 3.12283e-06 6.94946e-05 0.000911824 0.00705514 0.0322203 0.0872555 0.143363 0.158062 0.154853 0.162739 0.141163 0.079383 0.026859 0.0053796 0.00063575 4.43032e-05 1.82028e-06 4.40946e-08 6.29777e-10 5.30377e-12 2.63465e-14 7.7292e-17
 1.16605e-11 1.26619e-09 8.10628e-08 3.05972e-06 6.80901e-05 0.000893399 0.00691265 0.0315714 0.0855228 0.140714 0.156055 0.155065 0.164994 0.143734 0.0809069 0.02738 0.00548416 0.000648113 4.5165e-05 1.85572e-06 4.49559e-08 6.42226e-10 5.41305e-12 2.6969e-14 7.99562e-17
 1.17591e-11 1.2769e-09 8.17485e-08 3.0856e-06 6.8666e-05 0.000900954 0.00697108 0.0318375 0.0862333 0.1418 0.156878 0.154978 0.16407 0.14268 0.080282 0.0271664 0.00544128 0.000643043 4.48115e-05 1.84116e-06 4.46003e-08 6.36999e-10 5.36452e-12 2.66472e-14 7.81613e-17
 1.32064e-11 1.43405e-09 9.18094e-08 3.46535e-06 7.71167e-05 0.00101182 0.00782844 0.0357422 0.0966592 0.157737 0.168956 0.153705 0.150501 0.127211 0.0711122 0.0240316 0.00481215 0.000568664 3.96279e-05 1.62818e-06 3.94412e-08 5.6332e-10 4.74418e-12 2.35685e-14 6.91604e-17
 1.33483e-11 1.44946e-09 9.27959e-08 3.50258e-06 7.79453e-05 0.00102269 0.00791251 0.036125 0.0976815 0.1593 0.170141 0.153581 0.149171 0.125695 0.0702131 0.0237242 0.00475046 0.000561371 3.91196e-05 1.60729e-06 3.89345e-08 5.56052e-10 4.68206e-12 2.32435e-14 6.80334e-17
 1.3565e-11 1.47299e-09 9.43025e-08 3.55945e-06 7.92107e-05 0.00103929 0.00804089 0.0367097 0.0992427 0.161687 0.171949 0.15339 0.147139 0.123378 0.06884 0.0232548 0.00465626 0.000550233 3.83434e-05 1.5754e-06 3.8162e-08 5.45021e-10 4.58923e-12 2.27836e-14 6.66968e-17
 1.38144e-11 1.50008e-09 9.60365e-08 3.6249e-06 8.06672e-05 0.0010584 0.00818866 0.0373827 0.10104 0.164433 0.174031 0.153171 0.1448 0.120712 0.0672595 0.0227145 0.00454782 0.000537414 3.74499e-05 1.53869e-06 3.72728e-08 5.32319e-10 4.4822e-12 2.22511e-14 6.5126e-17
 1.41879e-11 1.54064e-09 9.86332e-08 3.72291e-06 8.28483e-05 0.00108702 0.00840994 0.0383905 0.103731 0.168547 0.177148 0.152842 0.141298 0.11672 0.0648928 0.0219055 0.00438545 0.000518217 3.61121e-05 1.48372e-06 3.59412e-08 5.13303e-10 4.32211e-12 2.14568e-14 6.28063e-17
 1.49996e-11 1.62877e-09 1.04276e-07 3.93589e-06 8.75877e-05 0.0011492 0.00889077 0.0405804 0.109578 0.177485 0.183922 0.152128 0.133689 0.108045 0.0597501 0.0201474 0.00403262 0.000476503 3.3205e-05 1.36427e-06 3.30478e-08 4.71979e-10 3.97413e-12 1.97288e-14 5.77427e-17
 1.54825e-11 1.68121e-09 1.07633e-07 4.06259e-06 9.04073e-05 0.00118619 0.00917684 0.0418832 0.113056 0.182802 0.187952 0.151704 0.129161 0.102884 0.0566905 0.0191015 0.0038227 0.000451686 3.14754e-05 1.29321e-06 3.13264e-08 4.47394e-10 3.76712e-12 1.87011e-14 5.47349e-17
 1.53738e-11 1.66941e-09 1.06877e-07 4.03409e-06 8.9773e-05 0.00117786 0.00911248 0.0415901 0.112274 0.181606 0.187046 0.151799 0.13018 0.104045 0.0573789 0.0193368 0.00386993 0.00045727 3.18645e-05 1.3092e-06 3.17137e-08 4.52925e-10 3.81369e-12 1.89323e-14 5.54115e-17
 1.66194e-11 1.80466e-09 1.15536e-07 4.36091e-06 9.70459e-05 0.00127328 0.00985036 0.0449506 0.121247 0.195322 0.197441 0.150704 0.118502 0.0907319 0.049487 0.0166389 0.00332847 0.000393257 2.74034e-05 1.1259e-06 2.72735e-08 3.89512e-10 3.27974e-12 1.62816e-14 4.76534e-17
 1.65925e-11 1.80174e-09 1.15349e-07 4.35386e-06 9.68888e-05 0.00127122 0.00983443 0.044878 0.121053 0.195026 0.197216 0.150728 0.118755 0.0910194 0.0496574 0.0166972 0.00334017 0.000394639 2.74997e-05 1.12986e-06 2.73694e-08 3.90882e-10 3.29128e-12 1.63389e-14 4.78209e-17
 1.64842e-11 1.78999e-09 1.14597e-07 4.32546e-06 9.62569e-05 0.00126293 0.00977031 0.044586 0.120273 0.193834 0.196313 0.150823 0.119769 0.0921761 0.0503431 0.0169316 0.00338721 0.000400201 2.78873e-05 1.14579e-06 2.77552e-08 3.96391e-10 3.33767e-12 1.65692e-14 4.8495e-17
 1.70662e-11 1.85318e-09 1.18642e-07 4.47816e-06 9.9655e-05 0.00130751 0.0101151 0.0461561 0.124466 0.200243 0.20117 0.150311 0.114313 0.0859561 0.0466559 0.0156711 0.00313424 0.000370293 2.5803e-05 1.06015e-06 2.56806e-08 3.66763e-10 3.0882e-12 1.53307e-14 4.48703e-17
 1.8443e-11 2.00269e-09 1.28214e-07 4.83945e-06 0.000107695 0.00141299 0.0109307 0.049871 0.134385 0.215405 0.212661 0.149101 0.101404 0.0712394 0.0379318 0.0126887 0.00253569 0.00029953 2.08714e-05 8.57519e-07 2.07723e-08 2.96663e-10 2.49795e-12 1.24005e-14 3.62942e-17
#obs catch len freq
 1.58297e-11 1.52935e-09 8.71121e-08 2.92544e-06 5.79222e-05 0.000676181 0.00465537 0.0189283 0.0457855 0.0684503 0.0745772 0.0850929 0.108855 0.122252 0.119997 0.109821 0.090642 0.0663246 0.0432393 0.0244121 0.0112248 0.00389072 0.000946296 0.00015314 1.59169e-05
 1.64968e-11 1.53726e-09 8.44565e-08 2.73564e-06 5.22435e-05 0.000588279 0.00390746 0.015344 0.0360502 0.0538169 0.0641456 0.0861069 0.118461 0.134579 0.132182 0.118705 0.0941097 0.0658224 0.0410473 0.0219314 0.00937844 0.00299135 0.000668164 9.94248e-05 9.50984e-06
 1.37607e-12 1.23467e-10 6.53142e-09 2.03721e-07 3.7479e-06 4.07458e-05 0.000264412 0.00107753 0.0033691 0.0113396 0.0380141 0.0921707 0.147175 0.16803 0.160797 0.138344 0.103304 0.0672544 0.038964 0.0193777 0.00768655 0.00225733 0.000461554 6.27432e-05 5.48537e-06
 1.89948e-11 1.63831e-09 8.33091e-08 2.49764e-06 4.41477e-05 0.00046009 0.00282759 0.010258 0.022088 0.0290927 0.0274365 0.0312427 0.0596898 0.119952 0.182111 0.192557 0.148296 0.09193 0.0490771 0.0222637 0.00805423 0.00215948 0.000402927 4.99271e-05 3.97656e-06
 5.92339e-11 4.90353e-09 2.39324e-07 6.88663e-06 0.000116838 0.00116894 0.00690334 0.0241892 0.0516558 0.0758894 0.105651 0.161118 0.196883 0.157457 0.0863028 0.0466376 0.0349414 0.0262251 0.0152749 0.00671345 0.00222526 0.000539026 9.08951e-05 1.02055e-05 7.37969e-07
 1.43579e-10 1.13914e-08 5.32849e-07 1.4695e-05 0.000238936 0.00229074 0.012955 0.0433185 0.0866913 0.110319 0.112027 0.127293 0.147108 0.13785 0.105274 0.0656514 0.0310103 0.0115216 0.00420474 0.00159471 0.000504026 0.000114132 1.75445e-05 1.77896e-06 1.16113e-07
 2.82421e-10 2.14456e-08 9.601e-07 2.53417e-05 0.000394364 0.00361845 0.0195806 0.0625751 0.118965 0.139675 0.119032 0.106445 0.111263 0.108813 0.0929364 0.0649975 0.0339045 0.0128896 0.00374027 0.000905922 0.000197282 3.66246e-05 5.04807e-06 4.67573e-07 2.77775e-08
 3.50039e-10 2.54069e-08 1.08724e-06 2.74309e-05 0.00040804 0.00357893 0.0185186 0.0566788 0.104042 0.122566 0.118062 0.128123 0.137947 0.120203 0.0881216 0.056184 0.029158 0.0117505 0.00362361 0.000839924 0.000145495 1.91957e-05 1.94521e-06 1.45419e-07 7.4816e-09
 5.53593e-10 3.83615e-08 1.56725e-06 3.77506e-05 0.000536112 0.00448924 0.0221761 0.0647863 0.113419 0.126918 0.115029 0.11857 0.12718 0.116892 0.0912904 0.0577591 0.0274836 0.00987573 0.00280624 0.000630159 0.000106032 1.27051e-05 1.05777e-06 6.07988e-08 2.40057e-09
 9.46948e-10 6.25762e-08 2.43799e-06 5.60007e-05 0.000758407 0.00605614 0.0285279 0.0794621 0.132513 0.14062 0.119238 0.1143 0.11607 0.102654 0.0779421 0.0483491 0.0227319 0.00802024 0.00217028 0.000450225 6.97472e-05 7.77929e-06 6.01131e-07 3.11387e-08 1.05738e-09
 1.25546e-09 7.90322e-08 2.93322e-06 6.41838e-05 0.000828054 0.00629947 0.0282796 0.0751965 0.120747 0.128182 0.119623 0.128348 0.131639 0.111177 0.078684 0.0445811 0.0187599 0.00585764 0.00141797 0.000268918 3.84356e-05 3.94119e-06 2.78963e-07 1.3236e-08 4.11069e-10
 2.06434e-09 1.23672e-07 4.36815e-06 9.09634e-05 0.00111683 0.00808559 0.0345401 0.0873565 0.133107 0.132733 0.1141 0.115225 0.119212 0.107169 0.0796493 0.0444122 0.0172925 0.00475066 0.00097661 0.000156562 1.93246e-05 1.75598e-06 1.12072e-07 4.83257e-09 1.3671e-10
 3.2215e-09 1.835e-07 6.16241e-06 0.000122013 0.00142436 0.00980511 0.0398344 0.0959085 0.139804 0.136109 0.119085 0.120815 0.118115 0.0974362 0.0671389 0.0358523 0.0138134 0.0038226 0.000777297 0.000116622 1.27187e-05 9.9135e-07 5.42475e-08 2.03499e-09 5.09209e-11
 4.26415e-09 2.30741e-07 7.36136e-06 0.000138463 0.00153558 0.0100433 0.0387857 0.0889985 0.125209 0.123657 0.119689 0.131361 0.130019 0.106618 0.0714482 0.0359091 0.012695 0.00319312 0.000597533 8.44534e-05 8.75165e-06 6.37611e-07 3.16417e-08 1.04767e-09 2.28066e-11
 6.00422e-09 3.08411e-07 9.33988e-06 0.000166762 0.00175559 0.0109004 0.0399767 0.0872663 0.117771 0.115052 0.115294 0.13069 0.1339 0.114846 0.0780941 0.0380956 0.0126793 0.00293672 0.000496765 6.29346e-05 5.87939e-06 3.91331e-07 1.79337e-08 5.49347e-10 1.09802e-11
 7.73111e-09 3.76696e-07 1.08213e-05 0.000183281 0.00183037 0.010783 0.0375583 0.0782448 0.103065 0.105678 0.118649 0.14149 0.145264 0.123185 0.0812649 0.0378238 0.0119131 0.00259623 0.000409177 4.7579e-05 4.01914e-06 2.39669e-07 9.82719e-09 2.70687e-10 4.90212e-12
 1.55512e-08 7.18331e-07 1.95625e-05 0.000314102 0.00297363 0.0166038 0.0547653 0.107553 0.130758 0.115714 0.107179 0.117346 0.122295 0.107312 0.0713302 0.0328737 0.0103019 0.00225922 0.000357096 4.06575e-05 3.26118e-06 1.80099e-07 6.72428e-09 1.6693e-10 2.71083e-12
 2.44927e-08 1.07198e-06 2.76615e-05 0.000420837 0.00377517 0.0199773 0.0625015 0.116922 0.138 0.125615 0.123458 0.128533 0.114992 0.0853289 0.0503692 0.0217393 0.00662842 0.00145123 0.000231478 2.64926e-05 2.10988e-06 1.13768e-07 4.06848e-09 9.49212e-11 1.42561e-12
 2.91557e-08 1.20859e-06 2.95375e-05 0.000425621 0.00361653 0.0181346 0.0538661 0.096575 0.113782 0.114964 0.131046 0.145219 0.133454 0.100105 0.0574779 0.0232649 0.00651533 0.00130666 0.00019407 2.11994e-05 1.64116e-06 8.66094e-08 3.02456e-09 6.84024e-11 9.86102e-13
 4.97057e-08 1.95084e-06 4.51417e-05 0.000615866 0.00495453 0.0235182 0.0660822 0.111673 0.122155 0.111002 0.116041 0.128515 0.125436 0.0995841 0.05839 0.0237313 0.00668992 0.0013459 0.000195739 2.03012e-05 1.46715e-06 7.22851e-08 2.37703e-09 5.10691e-11 7.03062e-13
 7.46584e-08 2.77365e-06 6.0753e-05 0.000784587 0.0059752 0.0268593 0.0715863 0.115644 0.124762 0.119309 0.129344 0.134763 0.117663 0.0839896 0.0456081 0.0176623 0.00485854 0.000970251 0.000140775 1.44575e-05 1.01832e-06 4.7981e-08 1.4843e-09 2.96986e-11 3.79547e-13
 1.17355e-07 4.12637e-06 8.55415e-05 0.00104555 0.00753628 0.0320649 0.080915 0.123928 0.127414 0.117578 0.124718 0.129443 0.114014 0.0803936 0.0415078 0.0148493 0.00372155 0.000679966 9.2055e-05 9.01428e-06 6.13244e-07 2.79833e-08 8.34542e-10 1.59615e-11 1.93093e-13
 1.64399e-07 5.47051e-06 0.000107325 0.00124149 0.0084698 0.0341261 0.0817509 0.120207 0.123685 0.122041 0.134475 0.135118 0.112259 0.0744316 0.0362784 0.0123084 0.00292433 0.000501418 6.2724e-05 5.6241e-06 3.51242e-07 1.48617e-08 4.15482e-10 7.50727e-12 8.61044e-14
 2.55802e-07 8.0555e-06 0.000149564 0.00163731 0.0105715 0.0403141 0.0914378 0.127488 0.125046 0.119009 0.128494 0.129331 0.108612 0.0711553 0.0332812 0.0106593 0.002376 0.000381452 4.45672e-05 3.71183e-06 2.13683e-07 8.279e-09 2.11328e-10 3.49145e-12 3.67793e-14
 3.52476e-07 1.05052e-05 0.000184597 0.00191263 0.0116898 0.0422318 0.0910792 0.122722 0.12261 0.125569 0.138109 0.13287 0.104931 0.0651204 0.0293329 0.00922027 0.00204241 0.000324235 3.66851e-05 2.89253e-06 1.55242e-07 5.55962e-09 1.30504e-10 1.97531e-12 1.90095e-14
 4.77701e-07 1.34757e-05 0.000224129 0.00219809 0.0127182 0.0435289 0.0892334 0.115932 0.116537 0.124778 0.140669 0.137539 0.109745 0.0670054 0.0290062 0.00870235 0.00184981 0.000284446 3.13402e-05 2.40033e-06 1.23954e-07 4.21609e-09 9.28115e-11 1.30438e-12 1.15765e-14
 7.69578e-07 2.05504e-05 0.000323549 0.00300373 0.0164519 0.0533014 0.103419 0.127063 0.120513 0.122255 0.133191 0.128204 0.100428 0.0590732 0.0242782 0.00687406 0.00137709 0.00019969 2.07961e-05 1.51087e-06 7.42502e-08 2.40612e-09 5.03749e-11 6.70437e-13 5.60173e-15
 9.06547e-07 2.29187e-05 0.000341625 0.00300306 0.0155832 0.047959 0.0894713 0.110916 0.118623 0.138579 0.152902 0.138169 0.10028 0.0552824 0.0216346 0.00590845 0.00114673 0.000159949 1.5815e-05 1.07961e-06 4.96141e-08 1.5025e-09 2.94355e-11 3.67192e-13 2.87886e-15
 1.37318e-06 3.28709e-05 0.000463934 0.00386141 0.0189708 0.0552557 0.0973808 0.113272 0.112796 0.126611 0.143453 0.138606 0.104974 0.0569736 0.020997 0.00527929 0.000938817 0.000121024 1.11928e-05 7.19082e-07 3.10686e-08 8.80496e-10 1.60663e-11 1.86076e-13 1.35259e-15
#spawning biomass
 9204.85 9321.36 7587.64 7492.43 10853 16283.7 20932.6 24535.6 33185.2 45978.7 61058.4 73916.6 96926.6 101824 109710 103772 104687 102069 106410 103165 110765 107868 115646 117468 124522 134855 124801 106226 114334 161474 313557 340511 322459 283249 239223 199141 166375 141288 122901 109826 100732 94507.2 90298.3 87459.5 85536.5 84288.2 83477.8 82951.7 82610.2 82388.5 82244.6 82151.1 82090.5 82051.1 82025.5 82008.9 81998.2 81991.2 81986.6 81983.7 81981.8 81980.5 81979.7 81979.2 81978.9 81978.6 81978.5 81978.4 81978.4 81978.3 81978.3 81978.3 81978.3 81978.3 81978.2 81978.2 81978.2 81978.2 81978.2 81978.2 81978.2 81978.2 81978.2 81978.2 81978.2 81978.2 81978.2 81978.2 81978.2 81978.2 81978.2 81978.2 81978.2 81978.2 81978.2 81978.2 81978.2 81978.2 81978.2 81978.2 81978.2 81978.2 81978.2 81978.2 81978.2 81978.2 81978.2 81978.2 81978.2 81978.2 81978.2 81978.2 81978.2 81978.2 81978.2 81978.2 81978.2 81978.2 81978.2 81978.2 81978.2 81978.2 81978.2 81978.2 81978.2 81978.2 81978.2 81978.2 81978.2 0 0 0 0 0 0 0 0 0 0 0 0 0 0 0 0 0 0 0 0 0 0 0 0 0
