SBPRF35
0.827133
Curr Bio
103629
B35
599749
F35
0.222289
FOFL
0.0806151
OFL
13495
Bzero
236324
#pred survey bio
 8370.36 9831.92 11835.9 17330.5 21561.2 25417.8 29415.3 33676.6 36749.2 48714.1 60785.6 72918.9 88994.5 109753 111668 102974 95205.6 91364.5 90556.5 81805.7 84193.6 86494.8 97142.7 103001 106367 117978 111703 91911.4 70113.8 6.9348e+06 6.17106e+06 6.50465e+06 6.07861e+06 5.36555e+06 4.60972e+06 3.93295e+06 3.37915e+06 2.95007e+06 2.62903e+06 2.39419e+06 2.22478e+06 2.1035e+06 2.01651e+06 1.95341e+06 1.90761e+06 1.87521e+06 1.852e+06 1.83518e+06 1.82283e+06 1.81364e+06 1.80673e+06 1.80147e+06 1.79743e+06 1.79428e+06 1.79182e+06 1.78988e+06 1.78833e+06 1.7871e+06 1.78611e+06 1.78532e+06 1.78468e+06 1.78415e+06 1.78373e+06 1.78339e+06 1.78311e+06 1.78288e+06 1.7827e+06 1.78254e+06 1.78242e+06 1.78232e+06 1.78224e+06 1.78217e+06 1.78211e+06 1.78207e+06 1.78203e+06 1.782e+06 1.78197e+06 1.78195e+06 1.78194e+06 1.78192e+06 1.78191e+06 1.7819e+06 1.7819e+06 1.78189e+06 1.78189e+06 1.78188e+06 1.78188e+06 1.78188e+06 1.78187e+06 1.78187e+06 1.78187e+06 1.78187e+06 1.78187e+06 1.78187e+06 1.78187e+06 1.78187e+06 1.78186e+06 1.78186e+06 1.78186e+06 1.78186e+06 1.78186e+06 1.78186e+06 1.78186e+06 1.78186e+06 1.78186e+06 1.78186e+06 1.78186e+06 1.78186e+06 1.78186e+06 1.78186e+06 1.78186e+06 1.78186e+06 1.78186e+06 1.78186e+06 1.78186e+06 1.78186e+06 1.78186e+06 1.78186e+06 1.78186e+06 1.78186e+06 1.78186e+06 1.78186e+06 1.78186e+06 1.78186e+06 1.78186e+06 1.78186e+06 1.78186e+06 1.78186e+06 1.78186e+06 0 0 0 0 0 0 0 0 0 0 0 0 0 0 0 0 0 0 0 0 0 0 0 0 0
#obs survey bio
 7692.53 14962.1 11916.9 19872.4 23904.6 20535.6 30848.2 30085.3 26889.7 64344.5 60090.8 97587.4 115473 123881 84337.6 92329.4 72882 94908.8 82666.7 80781.3 80462 88414.5 139552 86495.2 85902.4 120868 105896 75029.8 72929.3
#pred catch bio
 4232 5964.77 6654.33 10560.7 14005.4 17688.9 20986.3 25825.5 27016.3 38853.6 48368.5 60789.6 75034.4 92673.5 93260.3 90738.8 86204.6 83996.1 87777.9 76482 82854.3 82072.4 93434 104555 105443 118466 111630 94223.5 1.05433 13495 53891 55387.9 51116.8 44502.8 37641.6 31591.9 26717.3 23007 20289.8 18353.6 17001 16069.8 15433.8 15000.7 14708.5 14517 14391.4 14309.1 14255.1 14219.8 14196.6 14181.4 14171.4 14164.9 14160.6 14157.8 14155.9 14154.7 14153.9 14153.4 14153.1 14152.9 14152.7 14152.6 14152.6 14152.5 14152.5 14152.5 14152.5 14152.5 14152.5 14152.4 14152.4 14152.4 14152.4 14152.4 14152.4 14152.4 14152.4 14152.4 14152.4 14152.4 14152.4 14152.4 14152.4 14152.4 14152.4 14152.4 14152.4 14152.4 14152.4 14152.4 14152.4 14152.4 14152.4 14152.4 14152.4 14152.4 14152.4 14152.4 14152.4 14152.4 14152.4 14152.4 14152.4 14152.4 14152.4 14152.4 14152.4 14152.4 14152.4 14152.4 14152.4 14152.4 14152.4 14152.4 14152.4 14152.4 14152.4 14152.4 14152.4 14152.4 14152.4 14152.4 14152.4 14152.4 14152.4 14152.4 14152.4 0 0 0 0 0 0 0 0 0 0 0 0 0 0 0 0 0 0 0 0 0 0 0 0 0
#obs catch bio
 6120.98 6017.43 6645.23 10443.6 13963.1 17541.5 21162.7 25953.4 27060.3 37823.4 47467.6 60451.8 72394.3 92205.6 92878.6 93356.6 84921.5 85131.5 88305.6 77503.5 82267 80722.4 90245.5 101621 104190 117622 111028 99521.8 0.963104
#pred cpue bio
 8045.74 9244.8 10737.7 16179.7 20140.2 23502.9 27198.8 31132.8 33424.2 43460.6 55221.7 65671.8 78529.5 99622.4 104182 94444 86522.1 82391 81262.4 73578.8 74273.5 75802.9 86217.7 90166.6 92054.1 104012 99762.1 84718.2 59568.4 6.70141e+06 6.26678e+06 6.49869e+06 6.06408e+06 5.35056e+06 4.5947e+06 3.91793e+06 3.36413e+06 2.93505e+06 2.61402e+06 2.37917e+06 2.20976e+06 2.08848e+06 2.00149e+06 1.9384e+06 1.8926e+06 1.86019e+06 1.83698e+06 1.82016e+06 1.80781e+06 1.79863e+06 1.79172e+06 1.78646e+06 1.78241e+06 1.77927e+06 1.7768e+06 1.77486e+06 1.77332e+06 1.77209e+06 1.7711e+06 1.7703e+06 1.76966e+06 1.76914e+06 1.76871e+06 1.76837e+06 1.76809e+06 1.76786e+06 1.76768e+06 1.76753e+06 1.7674e+06 1.7673e+06 1.76722e+06 1.76715e+06 1.76709e+06 1.76705e+06 1.76701e+06 1.76698e+06 1.76696e+06 1.76694e+06 1.76692e+06 1.76691e+06 1.7669e+06 1.76689e+06 1.76688e+06 1.76687e+06 1.76687e+06 1.76686e+06 1.76686e+06 1.76686e+06 1.76686e+06 1.76685e+06 1.76685e+06 1.76685e+06 1.76685e+06 1.76685e+06 1.76685e+06 1.76685e+06 1.76685e+06 1.76685e+06 1.76685e+06 1.76685e+06 1.76685e+06 1.76685e+06 1.76685e+06 1.76685e+06 1.76685e+06 1.76685e+06 1.76685e+06 1.76685e+06 1.76685e+06 1.76685e+06 1.76685e+06 1.76685e+06 1.76685e+06 1.76685e+06 1.76685e+06 1.76685e+06 1.76685e+06 1.76685e+06 1.76685e+06 1.76685e+06 1.76685e+06 1.76685e+06 1.76685e+06 1.76685e+06 1.76685e+06 1.76685e+06 1.76685e+06 1.76685e+06 1.76685e+06 0 0 0 0 0 0 0 0 0 0 0 0 0 0 0 0 0 0 0 0 0 0 0 0 0
#obs cpue bio
 8657.6 7053.56 8555.1 18544.7 21752.6 28673.3 22198.2 32362.8 44981.9 63504.9 57029.1 65569.4 99403.6 78372.6 135824 72935.1 137677 66949 73170.3 61185.7 101693 81794.2 130519 157348 113103 115232 119123 117101 101899
#pred surv len freq
 2.55953e-27 2.57838e-27 2.42137e-26 4.5681e-20 1.11982e-14 3.31821e-10 1.18853e-06 0.000514587 0.0269316 0.170378 0.130786 0.0433532 0.238095 0.21981 0.0469537 0.0521095 0.021304 0.0149901 0.00891539 0.00662651 0.00514268 0.00443505 0.004463 0.00397474 0.00121582
 2.56083e-27 2.58249e-27 2.83554e-26 5.44202e-20 1.33404e-14 3.95301e-10 1.4159e-06 0.000613032 0.0320839 0.202972 0.155589 0.0379598 0.179627 0.167072 0.0597777 0.0946001 0.0336526 0.0164017 0.00735339 0.00412104 0.00258228 0.00189557 0.00168734 0.0015052 0.000505022
 2.56376e-27 2.58997e-27 3.44704e-26 6.73184e-20 1.65023e-14 4.88992e-10 1.75149e-06 0.000758328 0.0396881 0.251078 0.192366 0.0407056 0.174683 0.161389 0.0384522 0.0475865 0.0223744 0.0187797 0.00686784 0.00259273 0.00110642 0.000613191 0.000448888 0.000376342 0.000130882
 2.56175e-27 2.58436e-27 2.93482e-26 5.65121e-20 1.38533e-14 4.10497e-10 1.47033e-06 0.000636597 0.0333172 0.210774 0.161633 0.0434176 0.216914 0.20027 0.0438114 0.0497338 0.0186107 0.0107325 0.00583309 0.00291813 0.000828507 0.000281856 0.0001448 0.000104112 3.58752e-05
 2.56155e-27 2.584e-27 2.92039e-26 5.62082e-20 1.37788e-14 4.08289e-10 1.46242e-06 0.000633173 0.033138 0.209641 0.160745 0.0419562 0.206418 0.190978 0.0493156 0.0646314 0.0231935 0.0115416 0.0045059 0.00208878 0.000885716 0.000223007 6.19321e-05 3.18108e-05 1.02731e-05
 2.56236e-27 2.58612e-27 3.1006e-26 6.00097e-20 1.47107e-14 4.35903e-10 1.56133e-06 0.000675997 0.0353793 0.223819 0.171574 0.0421515 0.200295 0.185112 0.0443383 0.0548324 0.0213886 0.0130986 0.00478699 0.00172761 0.000580089 0.000188605 3.73883e-05 9.87681e-06 2.66521e-06
 2.56245e-27 2.5862e-27 3.0908e-26 5.98023e-20 1.46598e-14 4.34397e-10 1.55594e-06 0.000673661 0.035257 0.223046 0.171004 0.0434624 0.210671 0.194447 0.0416818 0.0463282 0.0173466 0.00977921 0.00405818 0.00164872 0.000449172 0.000115717 2.4948e-05 3.74291e-06 6.43348e-07
 2.56246e-27 2.5862e-27 3.08778e-26 5.97384e-20 1.46441e-14 4.33932e-10 1.55427e-06 0.000672941 0.0352193 0.222807 0.170825 0.043648 0.21221 0.195879 0.0421717 0.0470267 0.0166599 0.00801962 0.00310432 0.00125293 0.000395589 8.83992e-05 1.54595e-05 1.97171e-06 1.83667e-07
 2.56359e-27 2.58915e-27 3.33889e-26 6.50354e-20 1.59426e-14 4.72409e-10 1.69209e-06 0.00073261 0.0383422 0.242564 0.185912 0.0437478 0.20237 0.186627 0.0374543 0.038569 0.0136678 0.00656442 0.00231891 0.000812365 0.000244918 6.01901e-05 9.36295e-06 9.64735e-07 6.05397e-08
 2.56476e-27 2.59227e-27 3.61005e-26 7.07556e-20 1.73449e-14 5.1396e-10 1.84092e-06 0.000797047 0.0417146 0.263898 0.202196 0.0433042 0.187553 0.1729 0.0340516 0.0342239 0.0117316 0.00505924 0.00177323 0.000597997 0.000155249 3.54439e-05 5.76563e-06 5.19292e-07 2.47801e-08
 2.56374e-27 2.58936e-27 3.33783e-26 6.50124e-20 1.5937e-14 4.72242e-10 1.69149e-06 0.000732351 0.0383286 0.242478 0.185872 0.045318 0.214348 0.197364 0.0336552 0.027135 0.00918239 0.00381237 0.00126042 0.00039111 9.81177e-05 1.96737e-05 2.93411e-06 2.63e-07 1.06106e-08
 2.56422e-27 2.59073e-27 3.46556e-26 6.77073e-20 1.65976e-14 4.91817e-10 1.76161e-06 0.000762709 0.0399174 0.252529 0.193531 0.0443291 0.201441 0.185623 0.0346375 0.032301 0.010281 0.00323649 0.0010231 0.0003018 6.91483e-05 1.29859e-05 1.71098e-06 1.41001e-07 5.40431e-09
 2.5654e-27 2.59385e-27 3.73366e-26 7.33627e-20 1.7984e-14 5.32897e-10 1.90875e-06 0.000826416 0.0432516 0.273622 0.209635 0.0441984 0.189132 0.174099 0.0296145 0.0237555 0.00784036 0.00293174 0.000843361 0.000197631 4.22842e-05 7.27235e-06 8.71927e-07 6.3467e-08 2.24342e-09
 2.56382e-27 2.58949e-27 3.3413e-26 6.50853e-20 1.59549e-14 4.72772e-10 1.69339e-06 0.000733172 0.0383716 0.24275 0.18609 0.0459453 0.218969 0.201512 0.0322886 0.0229316 0.00725407 0.00225909 0.000681972 0.000176915 3.12727e-05 4.62749e-06 5.02811e-07 3.27018e-08 1.02479e-09
 2.56199e-27 2.58459e-27 2.91533e-26 5.60994e-20 1.37521e-14 4.07499e-10 1.45959e-06 0.000631948 0.0330739 0.209235 0.160508 0.0465294 0.241387 0.22237 0.0390816 0.0331677 0.0102672 0.00276885 0.000764466 0.000174653 3.35048e-05 4.53663e-06 4.06832e-07 2.34429e-08 6.50352e-10
 2.56305e-27 2.58763e-27 3.19803e-26 6.20638e-20 1.52142e-14 4.50823e-10 1.61477e-06 0.000699135 0.0365902 0.23148 0.177463 0.0445731 0.214587 0.197879 0.0390701 0.0393431 0.0126928 0.00421302 0.00113916 0.000225379 3.77678e-05 5.06995e-06 4.31334e-07 2.05581e-08 4.96123e-10
 2.56373e-27 2.5893e-27 3.3299e-26 6.48451e-20 1.5896e-14 4.71026e-10 1.68714e-06 0.000730466 0.03823 0.241854 0.185399 0.0455218 0.216231 0.199066 0.0333104 0.025917 0.00876362 0.00361396 0.00107086 0.000248259 3.82675e-05 4.39701e-06 3.52111e-07 1.57209e-08 3.17846e-10
 2.56421e-27 2.59054e-27 3.43428e-26 6.70468e-20 1.64357e-14 4.8702e-10 1.74442e-06 0.000755268 0.039528 0.250066 0.191671 0.0456692 0.212945 0.195955 0.0313368 0.0221555 0.00695495 0.00208514 0.000654186 0.000184593 3.30641e-05 3.87159e-06 2.66256e-07 1.0875e-08 2.01696e-10
 2.5645e-27 2.5913e-27 3.49849e-26 6.84013e-20 1.67677e-14 4.96858e-10 1.77966e-06 0.000770526 0.0403266 0.255117 0.19553 0.0457389 0.210765 0.19389 0.0300095 0.0196385 0.00604062 0.00161173 0.000438407 9.84816e-05 2.03204e-05 2.84512e-06 2.07962e-07 7.49881e-09 1.25198e-10
 2.5644e-27 2.59096e-27 3.46084e-26 6.76068e-20 1.6573e-14 4.91087e-10 1.75899e-06 0.000761577 0.0398582 0.252154 0.193278 0.0464279 0.21759 0.200056 0.0287143 0.0151252 0.00456596 0.00111209 0.000287908 5.61763e-05 9.23651e-06 1.29318e-06 1.13763e-07 4.41172e-09 6.68251e-11
 2.56543e-27 2.59382e-27 3.71969e-26 7.30675e-20 1.79116e-14 5.30753e-10 1.90107e-06 0.00082309 0.0430776 0.272521 0.20881 0.0451612 0.197039 0.181214 0.0276123 0.0173467 0.00510932 0.000993162 0.000240727 4.29254e-05 6.30488e-06 7.11913e-07 5.85604e-08 2.64712e-09 4.31442e-11
 2.56579e-27 2.59473e-27 3.79325e-26 7.46192e-20 1.8292e-14 5.42024e-10 1.94144e-06 0.00084057 0.0439924 0.278308 0.213235 0.0455357 0.196779 0.180829 0.0248887 0.0112384 0.00335669 0.000779025 0.00018449 2.68219e-05 3.55698e-06 3.54635e-07 2.37242e-08 9.87213e-10 1.80524e-11
 2.56513e-27 2.59294e-27 3.63647e-26 7.13117e-20 1.74812e-14 5.17999e-10 1.85539e-06 0.000803312 0.0420424 0.265972 0.203821 0.0458782 0.206 0.189375 0.0270859 0.0140881 0.00406629 0.00067891 0.000157133 2.62247e-05 3.14319e-06 2.62717e-07 1.52116e-08 5.18646e-10 8.73694e-12
 2.56584e-27 2.59488e-27 3.80987e-26 7.49698e-20 1.83779e-14 5.44571e-10 1.95056e-06 0.000844519 0.0441991 0.279616 0.214229 0.0452417 0.193844 0.178183 0.0255547 0.0134178 0.00392907 0.000750298 0.000166204 2.10084e-05 2.58697e-06 2.19732e-07 1.06407e-08 3.04269e-10 4.23728e-12
 2.56641e-27 2.59639e-27 3.93843e-26 7.76818e-20 1.90427e-14 5.64271e-10 2.02112e-06 0.000875069 0.045798 0.289731 0.221952 0.0452488 0.188471 0.17313 0.0229347 0.00871587 0.00252817 0.000485642 0.00011071 1.54599e-05 1.65027e-06 1.21033e-07 5.99002e-09 1.48378e-10 1.70016e-12
 2.56549e-27 2.59389e-27 3.71647e-26 7.29992e-20 1.78949e-14 5.30257e-10 1.89929e-06 0.000822321 0.0430373 0.272266 0.208628 0.045977 0.203374 0.186872 0.0251853 0.010383 0.00293438 0.000415954 8.80506e-05 1.24349e-05 1.41097e-06 1.01581e-07 4.24019e-09 1.01455e-10 1.03425e-12
 2.56481e-27 2.59202e-27 3.55062e-26 6.95006e-20 1.70372e-14 5.04843e-10 1.80826e-06 0.000782909 0.0409747 0.259217 0.198673 0.0465347 0.214613 0.197228 0.0267618 0.0113714 0.00323649 0.000492318 0.000100433 1.08059e-05 1.14489e-06 8.54882e-08 3.61871e-09 7.58045e-11 7.1381e-13
 2.56296e-27 2.58697e-27 3.10217e-26 6.00399e-20 1.47181e-14 4.36123e-10 1.56212e-06 0.000676337 0.0353971 0.223932 0.171753 0.0479997 0.244675 0.224943 0.0311885 0.0144881 0.00414518 0.000648766 0.000134961 1.52605e-05 1.42228e-06 8.64992e-08 3.64373e-09 7.74989e-11 6.62119e-13
 2.56725e-27 2.59871e-27 4.14858e-26 8.21151e-20 2.01295e-14 5.96474e-10 2.13647e-06 0.00092501 0.0484117 0.306266 0.234562 0.0442255 0.171824 0.157864 0.0219647 0.0103442 0.00298309 0.000506089 0.000107956 1.25655e-05 1.21166e-06 7.11878e-08 2.45402e-09 4.86478e-11 4.17806e-13
#obs surv len freq
 1.08519e-41 1.50617e-33 2.52691e-26 5.12452e-20 1.25622e-14 3.7224e-10 1.3333e-06 0.000577274 0.0302122 0.191132 0.146656 0.0401838 0.173391 0.146702 0.10372 0.101605 0.0440643 0.0173028 0.00392864 0.000496864 2.57317e-05 3.95265e-07 1.35322e-09 8.40545e-13 8.29305e-17
 1.60054e-41 2.22145e-33 3.72694e-26 7.55815e-20 1.85279e-14 5.49016e-10 1.96649e-06 0.000851421 0.04456 0.2819 0.21598 0.0406167 0.12653 0.102176 0.0763138 0.0691246 0.0291549 0.0104378 0.00211442 0.000228943 9.6716e-06 1.14825e-07 2.91612e-10 1.3115e-13 9.24794e-18
 1.53689e-41 2.13311e-33 3.57873e-26 7.25759e-20 1.77911e-14 5.27184e-10 1.88829e-06 0.000817563 0.042788 0.27069 0.207651 0.0500176 0.176721 0.128801 0.0563927 0.0425124 0.0170387 0.00549485 0.000980173 8.88488e-05 3.00359e-06 2.73672e-08 5.15431e-11 1.67952e-14 8.46394e-19
 1.07592e-41 1.49331e-33 2.50533e-26 5.08076e-20 1.24549e-14 3.69061e-10 1.32192e-06 0.000572345 0.0299542 0.189501 0.145886 0.0564208 0.229903 0.162909 0.0982148 0.0660378 0.0160451 0.00390597 0.000601705 4.50415e-05 1.19585e-06 8.24389e-09 1.14547e-11 2.70505e-15 9.75961e-20
 1.50228e-41 2.08506e-33 3.49813e-26 7.09413e-20 1.73904e-14 5.1531e-10 1.84576e-06 0.000799149 0.0418243 0.264594 0.203031 0.0472646 0.142459 0.104295 0.103902 0.0689968 0.0189526 0.00353145 0.000328959 1.85383e-05 3.79776e-07 1.95302e-09 1.98093e-12 3.37321e-16 8.70596e-21
 1.20052e-41 1.66624e-33 2.79547e-26 5.66915e-20 1.38973e-14 4.11801e-10 1.475e-06 0.000638626 0.0334232 0.211448 0.163004 0.0649431 0.231023 0.143935 0.0785844 0.0498534 0.0191018 0.00373843 0.000294708 1.01114e-05 1.37356e-07 5.1103e-10 3.74256e-13 4.55808e-17 8.36965e-22
 1.38055e-41 1.91611e-33 3.21467e-26 6.51928e-20 1.59813e-14 4.73553e-10 1.69619e-06 0.000734393 0.0384352 0.243155 0.187096 0.0580179 0.175256 0.11651 0.109072 0.0564499 0.0126124 0.00243473 0.00021711 6.22641e-06 5.31264e-08 1.22873e-10 6.12509e-14 5.24862e-18 6.80572e-23
 1.19469e-41 1.65816e-33 2.7819e-26 5.64164e-20 1.38298e-14 4.09803e-10 1.46785e-06 0.000635527 0.0332609 0.210424 0.16267 0.0723182 0.22747 0.133435 0.0937112 0.0492678 0.01463 0.00203836 0.000132601 3.70724e-06 2.64812e-08 4.05085e-11 1.23976e-14 6.83939e-19 6.01179e-24
 1.51182e-41 2.0983e-33 3.52034e-26 7.13917e-20 1.75008e-14 5.18582e-10 1.85748e-06 0.000804223 0.0420898 0.266278 0.205135 0.0643348 0.166759 0.104085 0.0968089 0.042532 0.0096955 0.00139322 8.08975e-05 1.59682e-06 9.38716e-09 1.17604e-11 2.5629e-15 9.08623e-20 5.03329e-25
 1.51968e-41 2.10921e-33 3.53864e-26 7.1763e-20 1.75918e-14 5.21279e-10 1.86714e-06 0.000808405 0.0423087 0.267666 0.206816 0.0779187 0.198264 0.103593 0.0661639 0.0285099 0.00710882 0.000802278 3.88437e-05 6.55824e-07 2.80036e-09 2.593e-12 4.39021e-16 1.16862e-20 4.52859e-26
 1.09712e-41 1.52272e-33 2.55469e-26 5.18085e-20 1.27002e-14 3.76331e-10 1.34796e-06 0.000583619 0.0305443 0.193247 0.15106 0.0970999 0.257857 0.136065 0.0954195 0.0319651 0.00555154 0.000579859 2.3999e-05 3.12385e-07 1.05078e-09 7.1861e-13 8.63318e-17 1.66894e-21 4.80048e-27
 1.66422e-41 2.30983e-33 3.87522e-26 7.85888e-20 1.92651e-14 5.7086e-10 2.04473e-06 0.000885297 0.0463329 0.293126 0.226329 0.0713011 0.144905 0.0941102 0.0895558 0.0285299 0.00457671 0.000336084 1.03262e-05 1.086e-07 2.75683e-10 1.4012e-13 1.2385e-17 1.71032e-22 3.46236e-28
 1.3358e-41 1.85401e-33 3.11048e-26 6.30799e-20 1.54633e-14 4.58206e-10 1.64122e-06 0.000710591 0.0371895 0.235296 0.184342 0.110409 0.242614 0.106775 0.0577872 0.0205605 0.00403808 0.000269394 6.18882e-06 4.47212e-08 8.34643e-11 3.1412e-14 2.01336e-18 2.00607e-23 2.9184e-29
 1.11722e-41 1.55063e-33 2.6015e-26 5.2758e-20 1.2933e-14 3.83229e-10 1.37266e-06 0.000594315 0.0311041 0.196805 0.155547 0.111909 0.235273 0.13779 0.10378 0.0240121 0.00297161 0.000207584 4.66215e-06 2.59464e-08 3.30162e-11 8.52868e-15 3.8883e-19 2.77895e-24 2.88524e-30
 8.72078e-42 1.21039e-33 2.03067e-26 4.11817e-20 1.00952e-14 2.99139e-10 1.07147e-06 0.000463909 0.0242792 0.15364 0.123835 0.12307 0.248632 0.160313 0.125529 0.0352314 0.00478774 0.000213143 3.6672e-06 1.85842e-08 1.90986e-11 3.49986e-15 1.07772e-19 5.24232e-25 3.78568e-31
 1.41052e-41 1.9577e-33 3.28445e-26 6.66081e-20 1.63282e-14 4.83834e-10 1.73301e-06 0.000750336 0.0392696 0.248466 0.194779 0.0944113 0.159629 0.126819 0.102285 0.029184 0.00420266 0.000199874 2.70743e-06 9.39319e-09 7.56217e-12 1.11876e-15 2.60145e-20 8.93898e-26 4.4065e-32
 9.7435e-42 1.35233e-33 2.26882e-26 4.60112e-20 1.12791e-14 3.34221e-10 1.19712e-06 0.000518314 0.0271266 0.171696 0.141581 0.162288 0.273075 0.126197 0.0720439 0.0221289 0.00319222 0.000150011 1.98701e-06 5.81703e-09 3.31954e-12 3.44676e-16 5.983e-21 1.56881e-26 5.77962e-33
 1.43592e-41 1.99296e-33 3.34361e-26 6.78077e-20 1.66223e-14 4.92548e-10 1.76423e-06 0.000763849 0.0399769 0.252967 0.200222 0.107893 0.161311 0.135979 0.0839767 0.0151906 0.0016418 7.45704e-05 9.23009e-07 2.44756e-09 1.18434e-12 9.37438e-17 1.14606e-21 2.08964e-27 5.49249e-34
 1.0032e-41 1.39237e-33 2.336e-26 4.73735e-20 1.16131e-14 3.44116e-10 1.23257e-06 0.00053366 0.0279298 0.176836 0.149474 0.183571 0.261189 0.121112 0.0621163 0.0157375 0.00145666 4.22038e-05 4.18352e-07 9.652e-10 3.98191e-13 2.60853e-17 2.52859e-22 3.46528e-28 6.53132e-35
 1.28476e-41 1.78316e-33 2.99162e-26 6.06695e-20 1.48724e-14 4.40697e-10 1.5785e-06 0.000683437 0.0357686 0.226401 0.183763 0.132206 0.181345 0.152909 0.0744887 0.0114429 0.000962912 2.74569e-05 1.92329e-07 3.10834e-10 1.00134e-13 5.28912e-18 4.10336e-23 4.4328e-29 6.46243e-36
 1.41063e-41 1.95787e-33 3.28473e-26 6.66136e-20 1.63295e-14 4.83874e-10 1.73316e-06 0.000750398 0.0392731 0.248631 0.204479 0.15903 0.187175 0.101865 0.0482225 0.00989287 0.000665753 1.35732e-05 8.10386e-08 1.00926e-10 2.2428e-14 8.35153e-19 4.81767e-24 3.97706e-30 4.45405e-37
 1.12654e-41 1.56356e-33 2.62319e-26 5.31978e-20 1.30408e-14 3.86423e-10 1.3841e-06 0.00059927 0.0313639 0.198698 0.172395 0.196614 0.225404 0.123058 0.044901 0.00652279 0.000435518 8.34339e-06 3.65472e-08 3.39377e-11 5.79418e-15 1.57042e-19 6.29049e-25 3.60221e-31 2.86657e-38
 1.37816e-41 1.91279e-33 3.20911e-26 6.50801e-20 1.59536e-14 4.72735e-10 1.69326e-06 0.000733123 0.0383692 0.243003 0.203432 0.160195 0.178839 0.12611 0.0437771 0.0052871 0.000249634 3.77377e-06 1.43817e-08 1.04362e-11 1.28344e-15 2.52316e-20 7.42983e-26 3.08428e-32 1.73523e-39
 1.3569e-41 1.88329e-33 3.15962e-26 6.40764e-20 1.57076e-14 4.65444e-10 1.66714e-06 0.000721816 0.0377778 0.239404 0.207333 0.19429 0.188146 0.0963463 0.0317275 0.00408626 0.000164064 1.78124e-06 4.85076e-09 2.73061e-12 2.63642e-16 3.87191e-21 8.17791e-27 2.41395e-33 9.72716e-41
 1.18519e-41 1.64496e-33 2.75977e-26 5.59675e-20 1.37198e-14 4.06542e-10 1.45617e-06 0.000630471 0.0329976 0.209315 0.190022 0.213803 0.206929 0.113448 0.0298184 0.0029282 0.000107278 1.02504e-06 2.08733e-09 8.16638e-13 5.60192e-17 6.09019e-22 9.65721e-28 2.11243e-34 6.16952e-42
 1.06371e-41 1.47636e-33 2.4769e-26 5.02311e-20 1.23135e-14 3.64873e-10 1.30692e-06 0.00056585 0.0296161 0.188075 0.178147 0.221175 0.217374 0.129727 0.0324398 0.00280128 7.67071e-05 5.70716e-07 9.55951e-10 2.90241e-13 1.42778e-17 1.07545e-22 1.18866e-28 1.85145e-35 3.92121e-43
 1.0489e-41 1.4558e-33 2.4424e-26 4.95314e-20 1.21421e-14 3.59791e-10 1.28871e-06 0.000557969 0.0292043 0.185627 0.179634 0.221443 0.216884 0.131974 0.0319668 0.00264574 6.20754e-05 3.5273e-07 4.31291e-10 9.87333e-14 3.71914e-18 2.09252e-23 1.66408e-29 1.81543e-36 2.66575e-44
 1.27388e-41 1.76806e-33 2.96628e-26 6.01556e-20 1.47464e-14 4.36964e-10 1.56513e-06 0.000677649 0.0354676 0.225147 0.205436 0.200332 0.192072 0.112044 0.0266106 0.00216274 4.89253e-05 2.54672e-07 2.63158e-10 4.81462e-14 1.43705e-18 6.52849e-24 4.26158e-30 3.82252e-37 4.56673e-45
 1.2739e-41 1.76809e-33 2.96634e-26 6.01567e-20 1.47467e-14 4.36972e-10 1.56516e-06 0.000677662 0.0354683 0.225152 0.20544 0.200341 0.192234 0.112382 0.026244 0.00201807 4.22637e-05 1.99614e-07 1.8439e-10 2.98044e-14 7.7917e-19 3.0837e-24 1.74862e-30 1.36065e-37 1.40882e-45
#pred catch len freq
 2.55745e-27 2.57275e-27 1.92415e-26 3.51919e-20 8.62687e-15 2.5563e-10 9.15622e-07 0.000396429 0.0207477 0.131256 0.100935 0.0447074 0.269373 0.248661 0.051827 0.0559853 0.0228543 0.0160452 0.0095408 0.00709086 0.00550301 0.00474579 0.0047757 0.00425323 0.00130101
 2.55903e-27 2.57767e-27 2.41451e-26 4.55384e-20 1.11632e-14 3.30785e-10 1.18482e-06 0.000512981 0.0268476 0.169846 0.130307 0.0387392 0.203322 0.189024 0.0652312 0.101533 0.0360844 0.0175428 0.00786278 0.00440611 0.00276088 0.00202667 0.00180404 0.0016093 0.000539951
 2.56164e-27 2.58426e-27 2.94653e-26 5.67598e-20 1.3914e-14 4.12296e-10 1.47678e-06 0.000639388 0.0334633 0.211698 0.162315 0.0418933 0.204835 0.18924 0.0438513 0.0529444 0.0248506 0.0208177 0.00761196 0.00287333 0.00122615 0.000679542 0.00049746 0.000417065 0.000145044
 2.55992e-27 2.57941e-27 2.49729e-26 4.7282e-20 1.15906e-14 3.4345e-10 1.23018e-06 0.000532622 0.0278755 0.176349 0.135367 0.0447002 0.245129 0.226297 0.0482407 0.0532985 0.0199192 0.0114594 0.00622658 0.00311475 0.000884322 0.000300844 0.000154554 0.000111126 3.8292e-05
 2.55994e-27 2.57965e-27 2.53677e-26 4.81156e-20 1.1795e-14 3.49506e-10 1.25187e-06 0.000542012 0.028367 0.179458 0.137714 0.0430171 0.230672 0.213369 0.0534559 0.0684496 0.024537 0.0121798 0.00475383 0.00220348 0.000934343 0.00023525 6.53321e-05 3.35572e-05 1.08371e-05
 2.561e-27 2.58243e-27 2.77355e-26 5.31103e-20 1.30194e-14 3.85787e-10 1.38182e-06 0.000598277 0.0313117 0.198087 0.151941 0.043126 0.221505 0.204675 0.0476315 0.0574308 0.0223722 0.0136694 0.00499453 0.00180232 0.000605164 0.000196757 3.90043e-05 1.03037e-05 2.78041e-06
 2.56118e-27 2.58274e-27 2.78445e-26 5.33395e-20 1.30755e-14 3.87451e-10 1.38779e-06 0.000600858 0.0314467 0.198941 0.152615 0.0444627 0.231204 0.213369 0.044564 0.0481451 0.0180033 0.0101251 0.00420071 0.00170646 0.000464897 0.000119767 2.58213e-05 3.87393e-06 6.65869e-07
 2.56154e-27 2.58367e-27 2.86241e-26 5.49841e-20 1.34787e-14 3.99397e-10 1.43057e-06 0.000619384 0.0324163 0.205075 0.157298 0.0444649 0.22793 0.21035 0.0441036 0.0477911 0.016911 0.00812001 0.00314233 0.00126815 0.000400387 8.9471e-05 1.5647e-05 1.99562e-06 1.85894e-07
 2.56245e-27 2.58604e-27 3.06161e-26 5.9186e-20 1.45087e-14 4.2992e-10 1.5399e-06 0.000666718 0.0348936 0.220747 0.169269 0.0446989 0.221301 0.204066 0.0399731 0.0399271 0.0141317 0.00677023 0.00239099 0.000837524 0.000252499 6.20531e-05 9.65275e-06 9.94595e-07 6.24135e-08
 2.56405e-27 2.59033e-27 3.4368e-26 6.71007e-20 1.64489e-14 4.87411e-10 1.74583e-06 0.000755876 0.0395598 0.250267 0.191798 0.0439718 0.199939 0.184295 0.0354326 0.0345048 0.0118142 0.00508174 0.0017806 0.000600416 0.000155875 3.55866e-05 5.78884e-06 5.21383e-07 2.48799e-08
 2.56298e-27 2.58727e-27 3.15079e-26 6.10666e-20 1.49698e-14 4.43581e-10 1.58883e-06 0.000687903 0.0360024 0.227761 0.174646 0.0460569 0.227857 0.209789 0.0350938 0.0272877 0.00922182 0.00381883 0.00126219 0.000391612 9.8242e-05 1.96986e-05 2.93782e-06 2.63332e-07 1.0624e-08
 2.56375e-27 2.58944e-27 3.34913e-26 6.52509e-20 1.59955e-14 4.73975e-10 1.6977e-06 0.000735038 0.0384692 0.243367 0.186544 0.0448507 0.210319 0.193775 0.0353533 0.0318801 0.0101367 0.00318249 0.00100565 0.000296616 6.79594e-05 1.27626e-05 1.68155e-06 1.38576e-07 5.31137e-09
 2.565e-27 2.59274e-27 3.63438e-26 7.12683e-20 1.74706e-14 5.17684e-10 1.85426e-06 0.000802823 0.0420169 0.265811 0.203678 0.0446485 0.196742 0.181087 0.0302127 0.0233594 0.00769988 0.00287163 0.000825817 0.000193494 4.13982e-05 7.11995e-06 8.53655e-07 6.2137e-08 2.1964e-09
 2.5634e-27 2.58833e-27 3.23612e-26 6.28664e-20 1.54109e-14 4.56653e-10 1.63566e-06 0.000708177 0.0370634 0.234474 0.179778 0.0464244 0.227049 0.20893 0.0329099 0.0224802 0.00710221 0.00220585 0.000665647 0.000172659 3.05198e-05 4.51605e-06 4.90703e-07 3.19143e-08 1.00011e-09
 2.56151e-27 2.58326e-27 2.79546e-26 5.35706e-20 1.31322e-14 3.8913e-10 1.3938e-06 0.000603462 0.031583 0.199804 0.153315 0.0470849 0.250668 0.230888 0.0397569 0.0325627 0.0100697 0.00270823 0.00074741 0.000170734 3.27522e-05 4.43471e-06 3.97692e-07 2.29163e-08 6.35741e-10
 2.56297e-27 2.58737e-27 3.17284e-26 6.15321e-20 1.50838e-14 4.46961e-10 1.60094e-06 0.000693146 0.0362768 0.229497 0.175953 0.0448669 0.217884 0.20087 0.0386948 0.0377313 0.0121607 0.00402562 0.00108812 0.000215252 3.60698e-05 4.84199e-06 4.1194e-07 1.96338e-08 4.73816e-10
 2.56381e-27 2.5895e-27 3.34574e-26 6.51791e-20 1.59779e-14 4.73453e-10 1.69583e-06 0.000734229 0.0384269 0.2431 0.186352 0.0456327 0.216405 0.199193 0.032703 0.0244959 0.00827168 0.00340224 0.00100785 0.00023362 3.60103e-05 4.13764e-06 3.3134e-07 1.47935e-08 2.99096e-10
 2.56439e-27 2.59101e-27 3.47459e-26 6.78971e-20 1.66442e-14 4.93196e-10 1.76655e-06 0.000764847 0.0400293 0.253237 0.194093 0.045671 0.211258 0.19437 0.0305489 0.0207561 0.00650735 0.00194567 0.000610186 0.000172157 3.0836e-05 3.61068e-06 2.48313e-07 1.01421e-08 1.88104e-10
 2.5651e-27 2.59293e-27 3.64124e-26 7.14127e-20 1.7506e-14 5.18733e-10 1.85801e-06 0.000804449 0.042102 0.266349 0.2041 0.045379 0.202005 0.18579 0.0282934 0.0177624 0.00545634 0.00145188 0.000394757 8.86643e-05 1.82943e-05 2.56143e-06 1.87226e-07 6.7511e-09 1.12715e-10
 2.56468e-27 2.59171e-27 3.5267e-26 6.8996e-20 1.69135e-14 5.01178e-10 1.79514e-06 0.000777226 0.0406772 0.257336 0.197232 0.046287 0.21374 0.19649 0.0278419 0.0140329 0.00422957 0.00102736 0.000265849 5.18649e-05 8.52742e-06 1.19389e-06 1.05029e-07 4.07301e-09 6.16945e-11
 2.56612e-27 2.59568e-27 3.88426e-26 7.65394e-20 1.87627e-14 5.55973e-10 1.9914e-06 0.000862201 0.0451245 0.28547 0.21869 0.0447037 0.186615 0.171587 0.0257405 0.0155019 0.00456032 0.000884064 0.000214158 3.81824e-05 5.60807e-06 6.3323e-07 5.20881e-08 2.35454e-09 3.83757e-11
 2.56615e-27 2.5957e-27 3.87937e-26 7.6436e-20 1.87374e-14 5.55221e-10 1.98871e-06 0.000861035 0.0450635 0.285084 0.218405 0.0452924 0.191295 0.175765 0.0239269 0.0103196 0.0030767 0.000712106 0.000168562 2.45028e-05 3.24931e-06 3.23958e-07 2.16719e-08 9.01815e-10 1.64908e-11
 2.56562e-27 2.59427e-27 3.75407e-26 7.37926e-20 1.80894e-14 5.3602e-10 1.91993e-06 0.000831258 0.043505 0.275225 0.210881 0.0455447 0.198502 0.18245 0.0257639 0.012817 0.00369405 0.000615134 0.000142276 2.37417e-05 2.84549e-06 2.37833e-07 1.37708e-08 4.69522e-10 7.9094e-12
 2.56675e-27 2.59737e-27 4.03028e-26 7.96195e-20 1.95178e-14 5.78346e-10 2.07154e-06 0.000896898 0.0469404 0.296958 0.22746 0.0445433 0.179233 0.164708 0.0233158 0.0117045 0.00342226 0.000651765 0.000144294 1.82362e-05 2.24552e-06 1.90729e-07 9.23617e-09 2.64107e-10 3.67798e-12
 2.56708e-27 2.5982e-27 4.09964e-26 8.10827e-20 1.98764e-14 5.88974e-10 2.10961e-06 0.000913379 0.047803 0.302415 0.231629 0.0447054 0.177537 0.163054 0.0214002 0.00775326 0.00224428 0.000429949 9.79575e-05 1.36771e-05 1.45992e-06 1.07071e-07 5.29903e-09 1.31261e-10 1.50404e-12
 2.56632e-27 2.59613e-27 3.91576e-26 7.72036e-20 1.89255e-14 5.60797e-10 2.00868e-06 0.000869682 0.045516 0.287947 0.220591 0.0453078 0.189876 0.174432 0.0232714 0.00915083 0.00258143 0.000364985 7.71997e-05 1.09009e-05 1.23687e-06 8.9046e-08 3.71695e-09 8.89352e-11 9.06621e-13
 2.56563e-27 2.59425e-27 3.7484e-26 7.36729e-20 1.806e-14 5.35151e-10 1.91682e-06 0.00082991 0.0434345 0.274779 0.210545 0.0458799 0.201288 0.184946 0.0248339 0.0100677 0.00286032 0.000433966 8.84642e-05 9.51679e-06 1.00826e-06 7.52858e-08 3.18684e-09 6.67577e-11 6.28621e-13
 2.56413e-27 2.59016e-27 3.38514e-26 6.60095e-20 1.61814e-14 4.79485e-10 1.71743e-06 0.000743584 0.0389165 0.246197 0.188739 0.0470653 0.225629 0.207387 0.0284236 0.0126035 0.00360005 0.000561974 0.000116822 1.32077e-05 1.2309e-06 7.48594e-08 3.1534e-09 6.70701e-11 5.7302e-13
 2.56308e-27 2.58731e-27 3.13163e-26 6.06614e-20 1.48704e-14 4.40637e-10 1.57829e-06 0.000683338 0.0357635 0.22625 0.173522 0.0479316 0.242913 0.223311 0.0307815 0.0139731 0.00402418 0.000680936 0.00014516 1.68934e-05 1.62892e-06 9.57021e-08 3.29908e-09 6.54001e-11 5.61682e-13
#obs catch len freq
 5.01259e-42 6.95714e-34 1.1672e-26 2.36707e-20 5.80259e-15 1.71941e-10 6.15866e-07 0.000266649 0.0139553 0.0882866 0.0681378 0.0398109 0.218128 0.186213 0.143687 0.143467 0.0647615 0.0262539 0.00617995 0.000807821 4.3598e-05 7.00918e-07 2.50262e-09 1.6109e-12 1.63733e-16
 5.70529e-42 7.91857e-34 1.3285e-26 2.69418e-20 6.60446e-15 1.95702e-10 7.00974e-07 0.000303498 0.0158839 0.100487 0.0775675 0.0436927 0.223466 0.181799 0.143171 0.131107 0.0566429 0.0209103 0.00444272 0.000502113 2.20485e-05 2.7221e-07 7.18405e-10 3.34453e-13 2.42921e-17
 1.08165e-41 1.50126e-33 2.51868e-26 5.10782e-20 1.25212e-14 3.71027e-10 1.32896e-06 0.000575393 0.0301138 0.19051 0.146352 0.0450677 0.180917 0.140356 0.113975 0.0958977 0.0400671 0.0133968 0.00252046 0.000241748 8.57298e-06 8.11364e-08 1.58032e-10 5.31161e-14 2.75282e-18
 1.11397e-41 1.54611e-33 2.59392e-26 5.26042e-20 1.28953e-14 3.82111e-10 1.36866e-06 0.000592583 0.0310134 0.196202 0.151046 0.0584639 0.238198 0.164461 0.0767813 0.0542598 0.0214234 0.00641671 0.00105408 8.38816e-05 2.35956e-06 1.7015e-08 2.4459e-11 5.93982e-15 2.1968e-19
 7.86271e-42 1.09129e-33 1.83087e-26 3.71297e-20 9.1019e-15 2.69706e-10 9.66043e-07 0.000418263 0.0218902 0.138487 0.107237 0.06473 0.273359 0.184325 0.116687 0.0714771 0.0169209 0.00388327 0.000546861 3.55984e-05 7.79817e-07 4.22835e-09 4.46546e-12 7.83874e-16 2.07251e-20
 1.25773e-41 1.74564e-33 2.92868e-26 5.9393e-20 1.45595e-14 4.31425e-10 1.54529e-06 0.000669059 0.0350159 0.221523 0.170377 0.0529751 0.172885 0.122406 0.125074 0.0754123 0.0199824 0.00337447 0.000289977 1.42435e-05 2.38949e-07 9.61097e-10 7.38275e-13 9.32372e-17 1.76091e-21
 1.04094e-41 1.44475e-33 2.42387e-26 4.91557e-20 1.20499e-14 3.57061e-10 1.27894e-06 0.000553735 0.0289803 0.183343 0.141918 0.0736192 0.259616 0.153241 0.0859391 0.0507621 0.018553 0.00323978 0.000227325 6.74731e-06 7.55854e-08 2.19375e-10 1.21308e-13 1.0936e-17 1.4676e-22
 1.28115e-41 1.77815e-33 2.98322e-26 6.04991e-20 1.48306e-14 4.39459e-10 1.57407e-06 0.000681518 0.035668 0.225651 0.17404 0.0644423 0.192452 0.123675 0.115596 0.0539154 0.0116533 0.00206077 0.000159694 3.842e-06 2.67319e-08 4.84699e-11 1.82602e-14 1.15684e-18 1.09517e-23
 1.1482e-41 1.59363e-33 2.67365e-26 5.4221e-20 1.32916e-14 3.93855e-10 1.41073e-06 0.000610796 0.0319666 0.202238 0.15683 0.0799023 0.239598 0.134379 0.0943528 0.0457224 0.0127267 0.00157717 9.16626e-05 2.1317e-06 1.21326e-08 1.44116e-11 3.33945e-15 1.36431e-19 8.7522e-25
 1.51283e-41 2.09971e-33 3.52269e-26 7.14395e-20 1.75125e-14 5.18929e-10 1.85872e-06 0.000804761 0.042118 0.266458 0.205592 0.0695313 0.171095 0.103764 0.0939679 0.0374696 0.00810451 0.00104011 5.20261e-05 8.58287e-07 4.02309e-09 3.86944e-12 6.3452e-16 1.667e-20 6.75233e-26
 1.55152e-41 2.15341e-33 3.6128e-26 7.32668e-20 1.79605e-14 5.32202e-10 1.90626e-06 0.000825345 0.0431953 0.273277 0.211489 0.0831656 0.197099 0.0984784 0.0617254 0.0245074 0.00564729 0.000563485 2.36591e-05 3.27767e-07 1.10847e-09 7.88481e-13 1.00058e-16 1.96751e-21 5.57944e-27
 1.154e-41 1.60167e-33 2.68714e-26 5.44947e-20 1.33587e-14 3.95843e-10 1.41785e-06 0.000613879 0.032128 0.20327 0.159287 0.103844 0.253678 0.129071 0.0870463 0.0263607 0.00428843 0.000396314 1.39492e-05 1.48696e-07 3.93455e-10 2.05401e-13 1.84676e-17 2.63254e-22 5.52836e-28
 1.72418e-41 2.39305e-33 4.01484e-26 8.14202e-20 1.99592e-14 5.91428e-10 2.1184e-06 0.000917193 0.0480022 0.30369 0.234746 0.0749216 0.140641 0.090289 0.0800783 0.0230987 0.00339039 0.000217975 5.74156e-06 4.89991e-08 9.72743e-11 3.763e-14 2.48132e-18 2.52286e-23 3.72558e-29
 1.39807e-41 1.94043e-33 3.25547e-26 6.60203e-20 1.61841e-14 4.79564e-10 1.71772e-06 0.000743714 0.0389231 0.24627 0.193426 0.11639 0.2341 0.0986952 0.0513972 0.0169232 0.00295738 0.000169807 3.28718e-06 1.92881e-08 2.81167e-11 8.02228e-15 3.82744e-19 2.8032e-24 2.97152e-30
 1.18563e-41 1.64558e-33 2.7608e-26 5.59884e-20 1.37249e-14 4.06694e-10 1.45671e-06 0.000630706 0.0330087 0.208862 0.1656 0.118753 0.228795 0.131938 0.0911462 0.0189658 0.00216633 0.000130693 2.41421e-06 1.07445e-08 1.064e-11 2.08399e-15 7.0629e-20 3.70498e-25 2.80026e-31
 9.40611e-42 1.30551e-33 2.19026e-26 4.4418e-20 1.08885e-14 3.22648e-10 1.15567e-06 0.000500366 0.0261872 0.165724 0.134174 0.13145 0.243492 0.15546 0.111039 0.0284552 0.00338671 0.000129538 1.86584e-06 7.48354e-09 5.91259e-12 8.17828e-16 1.87122e-20 6.67851e-26 3.50722e-32
 1.49785e-41 2.07892e-33 3.48783e-26 7.07324e-20 1.73392e-14 5.13793e-10 1.84032e-06 0.000796796 0.0417012 0.263859 0.207239 0.0985662 0.153098 0.120903 0.0878455 0.0229797 0.00289294 0.000116001 1.28245e-06 3.53894e-09 2.19057e-12 2.43132e-16 4.18581e-21 1.05497e-26 3.78466e-33
 1.05084e-41 1.4585e-33 2.44693e-26 4.96232e-20 1.21645e-14 3.60458e-10 1.2911e-06 0.000559002 0.0292561 0.185191 0.153486 0.170311 0.261281 0.117694 0.0623851 0.0175552 0.00219292 8.66345e-05 9.24938e-07 2.11703e-09 9.24135e-13 7.20099e-17 9.23272e-22 1.77058e-27 4.74263e-34
 1.52931e-41 2.12258e-33 3.56106e-26 7.22176e-20 1.77033e-14 5.24581e-10 1.87897e-06 0.000813527 0.0425768 0.269431 0.213701 0.111408 0.153505 0.126933 0.0691177 0.0113762 0.00109291 4.14859e-05 4.10604e-07 8.44095e-10 3.09546e-13 1.82889e-17 1.64981e-22 2.19835e-28 4.19128e-35
 1.08604e-41 1.50735e-33 2.5289e-26 5.12856e-20 1.25721e-14 3.72533e-10 1.33435e-06 0.000577729 0.0302363 0.191466 0.162693 0.190567 0.247409 0.111616 0.0525584 0.0119161 0.000936409 2.29112e-05 1.82694e-07 3.24768e-10 1.00917e-13 4.90846e-18 3.49812e-23 3.49968e-29 4.78815e-36
 1.38237e-41 1.91864e-33 3.21892e-26 6.52791e-20 1.60024e-14 4.7418e-10 1.69844e-06 0.000735364 0.0384863 0.243624 0.198297 0.136042 0.173013 0.140673 0.0601419 0.00836209 0.000609514 1.42273e-05 7.92851e-08 9.91702e-11 2.40214e-14 9.381e-19 5.33072e-24 4.19176e-30 4.42816e-37
 1.50592e-41 2.09012e-33 3.5066e-26 7.11132e-20 1.74326e-14 5.16559e-10 1.85023e-06 0.000801086 0.041926 0.265455 0.218953 0.161133 0.17368 0.091438 0.0391445 0.00706073 0.000399792 6.75504e-06 3.18563e-08 3.03553e-11 5.06581e-15 1.39411e-19 5.87449e-25 3.51862e-31 2.8478e-38
 1.22004e-41 1.69334e-33 2.84092e-26 5.76133e-20 1.41232e-14 4.18497e-10 1.49899e-06 0.000649011 0.0339673 0.215236 0.187512 0.200384 0.211404 0.110235 0.0357045 0.00463999 0.000261703 4.04659e-06 1.39248e-08 9.89046e-12 1.262e-15 2.52188e-20 7.37914e-26 3.06339e-32 1.75736e-39
 1.47941e-41 2.05332e-33 3.44487e-26 6.98612e-20 1.71257e-14 5.07465e-10 1.81766e-06 0.000786983 0.0411882 0.260897 0.218956 0.161573 0.167627 0.111267 0.0339559 0.00360289 0.000143351 1.76106e-06 5.22103e-09 2.87387e-12 2.63689e-16 3.81526e-21 8.18938e-27 2.46349e-33 1.00013e-40
 1.45476e-41 2.01911e-33 3.38747e-26 6.86973e-20 1.68403e-14 4.9901e-10 1.78737e-06 0.000773871 0.0405024 0.25673 0.222955 0.19434 0.173375 0.083921 0.0245753 0.00273278 9.08512e-05 7.95619e-07 1.68818e-09 7.19088e-13 5.15547e-17 5.56095e-22 8.55847e-28 1.82895e-34 5.30968e-42
 1.28283e-41 1.78049e-33 2.98714e-26 6.05785e-20 1.48501e-14 4.40036e-10 1.57614e-06 0.000682413 0.0357165 0.226641 0.206344 0.214774 0.192904 0.098255 0.0226831 0.0019384 5.86552e-05 4.45317e-07 7.00869e-10 2.07221e-13 1.05436e-17 8.39523e-23 9.67588e-29 1.53113e-35 3.22366e-43
 1.16037e-41 1.61052e-33 2.70199e-26 5.47957e-20 1.34325e-14 3.9803e-10 1.42568e-06 0.000617271 0.032308 0.205268 0.194937 0.223155 0.204977 0.112313 0.024568 0.00181444 4.08612e-05 2.41688e-07 3.10826e-10 7.09108e-14 2.58351e-18 1.425e-23 1.14338e-29 1.28522e-36 1.95709e-44
 1.14638e-41 1.5911e-33 2.6694e-26 5.41348e-20 1.32705e-14 3.9323e-10 1.40849e-06 0.000609826 0.0319182 0.202767 0.191514 0.216313 0.208881 0.119185 0.0267756 0.00199392 4.10343e-05 1.99612e-07 2.04581e-10 3.86562e-14 1.19088e-18 5.44982e-24 3.50936e-30 3.08744e-37 3.64305e-45
 1.35878e-41 1.88589e-33 3.16398e-26 6.41649e-20 1.57293e-14 4.66087e-10 1.66945e-06 0.000722813 0.0378313 0.240074 0.21572 0.194746 0.18189 0.10336 0.0238068 0.00180967 3.76229e-05 1.76772e-07 1.62701e-10 2.62291e-14 6.84353e-19 2.70454e-24 1.53201e-30 1.19118e-37 1.23263e-45
#spawning biomass
 10013.7 12073.4 15591.6 22022.6 27237.9 32688.7 38039.2 43616.8 48931.2 66765.1 81655.5 98937.3 124534 148081 144238 135795 127941 124425 124333 112252 118385 123014 135770 146552 153882 166640 155070 122016 103629 236616 303162 310140 286578 250101 212260 178895 152011 131548 116562 105883 98423.4 93287.9 89780.3 87391.4 85780 84723.7 84031.2 83577.2 83279.7 83084.6 82956.7 82872.9 82817.9 82781.9 82758.3 82742.8 82732.6 82726 82721.6 82718.8 82716.9 82715.7 82714.9 82714.3 82714 82713.8 82713.6 82713.5 82713.4 82713.4 82713.4 82713.4 82713.3 82713.3 82713.3 82713.3 82713.3 82713.3 82713.3 82713.3 82713.3 82713.3 82713.3 82713.3 82713.3 82713.3 82713.3 82713.3 82713.3 82713.3 82713.3 82713.3 82713.3 82713.3 82713.3 82713.3 82713.3 82713.3 82713.3 82713.3 82713.3 82713.3 82713.3 82713.3 82713.3 82713.3 82713.3 82713.3 82713.3 82713.3 82713.3 82713.3 82713.3 82713.3 82713.3 82713.3 82713.3 82713.3 82713.3 82713.3 82713.3 82713.3 82713.3 82713.3 82713.3 82713.3 82713.3 82713.3 82713.3 0 0 0 0 0 0 0 0 0 0 0 0 0 0 0 0 0 0 0 0 0 0 0 0 0
