SBPRF35
0.256306
Curr Bio
157076
B35
203628
F35
0.393961
FOFL
0.210839
OFL
27018.4
Bzero
73230.3
#pred survey bio
 27755.2 24171.5 18704.4 15915.9 22494 36371.2 49881.9 60107.1 85563.1 112056 130236 152481 188994 227337 233831 218619 208250 201429 203497 222977 232642 225324 258762 267405 275938 275924 272722 251866 228664 6.47057e+06 3.81397e+06 2.86886e+06 2.03114e+06 1.47105e+06 1.13988e+06 955730 856098 802487 773351 757184 747964 742545 739264 737224 735924 735087 734541 734181 733941 733781 733673 733601 733553 733520 733497 733482 733472 733466 733461 733458 733456 733454 733453 733453 733452 733452 733452 733451 733451 733451 733451 733451 733451 733451 733451 733451 733451 733451 733451 733451 733451 733451 733451 733451 733451 733451 733451 733451 733451 733451 733451 733451 733451 733451 733451 733451 733451 733451 733451 733451 733451 733451 733451 733451 733451 733451 733451 733451 733451 733451 733451 733451 733451 733451 733451 733451 733451 733451 733451 733451 733451 733451 733451 733451 733451 733451 733451 733451 733451 0 0 0 0 0 0 0 0 0 0 0 0 0 0 0 0 0 0 0 0 0 0 0 0 0
#obs survey bio
 25974.7 18884 17888.8 13480.7 25037.1 42860.3 45748.6 72149.6 82998.9 135574 147401 147065 247618 308656 202888 212927 237552 219967 214290 252959 247780 306671 275378 295970 269213 274850 320970 275631 231588
#pred catch bio
 4427.61 4222.12 4058.31 3744.06 4112.56 7803.46 13720.9 12770.5 22344.4 40613.4 50587.4 56175 68357.5 90522.1 104964 101202 91220.8 80982.5 71677.9 86744.3 101473 81812.2 114396 114000 113011 105966 114090 114815 130508 27018.4 48008.5 35011.2 23865.9 16695.5 12647 10525.6 9464.09 8948.57 8703.09 8587.74 8534.03 8509.17 8497.71 8492.45 8490.03 8488.93 8488.43 8488.2 8488.09 8488.05 8488.02 8488.01 8488.01 8488.01 8488.01 8488.01 8488.01 8488.01 8488.01 8488.01 8488.01 8488.01 8488.01 8488.01 8488.01 8488.01 8488.01 8488.01 8488.01 8488.01 8488.01 8488.01 8488.01 8488.01 8488.01 8488.01 8488.01 8488.01 8488.01 8488.01 8488.01 8488.01 8488.01 8488.01 8488.01 8488.01 8488.01 8488.01 8488.01 8488.01 8488.01 8488.01 8488.01 8488.01 8488.01 8488.01 8488.01 8488.01 8488.01 8488.01 8488.01 8488.01 8488.01 8488.01 8488.01 8488.01 8488.01 8488.01 8488.01 8488.01 8488.01 8488.01 8488.01 8488.01 8488.01 8488.01 8488.01 8488.01 8488.01 8488.01 8488.01 8488.01 8488.01 8488.01 8488.01 8488.01 8488.01 8488.01 8488.01 0 0 0 0 0 0 0 0 0 0 0 0 0 0 0 0 0 0 0 0 0 0 0 0 0
#obs catch bio
 4245.15 4382.07 4299.67 3911.65 4025.02 7486.5 13583.9 12123.2 21183.1 38179 48158.3 55518.8 64073.4 83618 102858 104194 90671.4 80643.8 69997 85828.8 101707 79485.8 112139 109924 111358 100318 107438 113703 132852
#pred cpue bio
 26847.5 23807.2 18517 15191.8 20403.2 33618 46735.6 56272.1 79296 104373 120342 140343 173871 210339 218384 203073 192552 187592 189756 208071 216388 209293 239736 246419 256007 257596 255976 235678 212376 5.90456e+06 3.76778e+06 2.83664e+06 1.9992e+06 1.43911e+06 1.10794e+06 923791 824160 770549 741413 725245 716025 710606 707326 705286 703986 703149 702603 702242 702003 701843 701735 701663 701614 701581 701559 701544 701534 701527 701523 701519 701517 701516 701515 701514 701514 701513 701513 701513 701513 701513 701513 701513 701513 701513 701513 701513 701513 701513 701513 701513 701513 701513 701513 701513 701513 701513 701513 701513 701513 701513 701513 701513 701513 701513 701513 701513 701513 701513 701513 701513 701513 701513 701513 701513 701513 701513 701513 701513 701513 701513 701513 701513 701513 701513 701513 701513 701513 701513 701513 701513 701513 701513 701513 701513 701513 701513 701513 701513 701513 0 0 0 0 0 0 0 0 0 0 0 0 0 0 0 0 0 0 0 0 0 0 0 0 0
#obs cpue bio
 26915.3 14454.6 14323.8 22426.3 29531.7 50591 40057.1 71325.3 100961 109876 112708 120017 235200 220930 201203 159987 194978 172635 203858 186660 207738 164944 272727 262801 255158 383553 278164 173125 194605
#pred surv len freq
 2.40599e-11 1.13166e-09 3.68576e-08 8.3123e-07 1.29809e-05 0.00014037 0.0010511 0.00545065 0.0195805 0.0487906 0.0847585 0.104677 0.0984435 0.0842013 0.0797471 0.0798214 0.0746849 0.0660059 0.0576276 0.0496923 0.042312 0.0359972 0.0299493 0.0226979 0.0143574
 1.20464e-11 5.66607e-10 1.8454e-08 4.16185e-07 6.49936e-06 7.02828e-05 0.000526317 0.00273 0.00981712 0.0245616 0.0433471 0.0567287 0.063544 0.0750947 0.0941206 0.106125 0.102565 0.0913406 0.0800548 0.0689241 0.0574766 0.046453 0.0359309 0.0253681 0.0152144
 9.67636e-12 4.5513e-10 1.48233e-08 3.34302e-07 5.22063e-06 5.64544e-05 0.000422748 0.00219251 0.00788026 0.0196761 0.0344561 0.0438629 0.0455597 0.0485134 0.0597246 0.0759046 0.0922497 0.105235 0.108878 0.100733 0.0852823 0.0676105 0.0499145 0.0331291 0.0187133
 3.34889e-11 1.57516e-09 5.13019e-08 1.15698e-06 1.8068e-05 0.000195379 0.00146297 0.0075856 0.0272378 0.0677507 0.116875 0.140482 0.119832 0.0776513 0.0466964 0.0351106 0.0351797 0.0412356 0.0498875 0.0562681 0.0559755 0.0483399 0.0362384 0.0233748 0.0126005
 4.39269e-11 2.06611e-09 6.72918e-08 1.5176e-06 2.36995e-05 0.000256276 0.00191896 0.00995009 0.03573 0.0888938 0.153482 0.185105 0.159855 0.107489 0.0682243 0.0477006 0.0333426 0.0215588 0.0153125 0.0143991 0.0154522 0.0152972 0.0127316 0.00861955 0.00465542
 3.62002e-11 1.70268e-09 5.54553e-08 1.25065e-06 1.95308e-05 0.000211198 0.00158145 0.00820058 0.0294551 0.0733565 0.127162 0.155756 0.142289 0.112701 0.0948102 0.0831802 0.0640381 0.041002 0.0234665 0.0135481 0.00901393 0.00726642 0.00607528 0.00438014 0.00248582
 3.25979e-11 1.53325e-09 4.99369e-08 1.1262e-06 1.75873e-05 0.000190182 0.00142409 0.00738465 0.0265255 0.0660712 0.114607 0.140732 0.129745 0.105482 0.0930208 0.0871636 0.0748764 0.057287 0.0400462 0.0251779 0.0140808 0.00755916 0.00439699 0.00270828 0.0015019
 3.35463e-11 1.57786e-09 5.13899e-08 1.15897e-06 1.8099e-05 0.000195715 0.00146551 0.00759934 0.0272949 0.0679695 0.117777 0.144046 0.130952 0.10268 0.0863404 0.0791256 0.0687418 0.05513 0.042187 0.0301447 0.0191444 0.0105777 0.00518779 0.00237899 0.00104226
 3.67377e-11 1.72796e-09 5.62787e-08 1.26922e-06 1.98208e-05 0.000214334 0.00160492 0.00832205 0.0298883 0.0744038 0.128764 0.156716 0.139994 0.104533 0.0814454 0.0704474 0.0591022 0.0461706 0.0351012 0.0259022 0.017695 0.0107177 0.00557773 0.00245793 0.000922218
 3.46752e-11 1.63096e-09 5.31192e-08 1.19797e-06 1.8708e-05 0.000202301 0.00151483 0.00785509 0.0282137 0.0702603 0.121765 0.149006 0.135704 0.106767 0.089604 0.0803179 0.0660827 0.0486347 0.0343976 0.0241402 0.0162936 0.0101319 0.0055524 0.00256716 0.000969956
 3.70892e-11 1.7445e-09 5.68171e-08 1.28137e-06 2.00104e-05 0.000216384 0.00162028 0.0084017 0.0301746 0.0751198 0.130024 0.158349 0.141771 0.106517 0.0837185 0.0725477 0.0601572 0.0455304 0.0327179 0.0224651 0.014427 0.00857778 0.00462908 0.00217102 0.000842424
 3.77738e-11 1.7767e-09 5.7866e-08 1.30502e-06 2.03798e-05 0.000220379 0.00165019 0.00855681 0.0307318 0.076508 0.132435 0.161319 0.14453 0.108727 0.0853301 0.0730512 0.0588263 0.0425499 0.0293403 0.0197997 0.0126541 0.00740992 0.00388479 0.00177359 0.000680264
 3.77232e-11 1.77432e-09 5.77884e-08 1.30327e-06 2.03525e-05 0.000220084 0.00164798 0.00854535 0.0306908 0.0764077 0.132272 0.161175 0.144575 0.109136 0.0861319 0.0740624 0.0597412 0.0430564 0.0292212 0.0191196 0.0117742 0.00667913 0.00341936 0.0015285 0.000574272
 3.61121e-11 1.69854e-09 5.53204e-08 1.24761e-06 1.94833e-05 0.000210684 0.0015776 0.00818052 0.0293818 0.0731615 0.12674 0.154847 0.140229 0.108673 0.0892499 0.078873 0.0643839 0.0467181 0.0318444 0.0207919 0.0126325 0.00698256 0.00345842 0.00149676 0.000547189
 3.34788e-11 1.57468e-09 5.12863e-08 1.15663e-06 1.80625e-05 0.000195321 0.00146257 0.00758416 0.0272418 0.0678511 0.117667 0.144355 0.132643 0.10684 0.0927338 0.0852098 0.0712988 0.0530847 0.0371646 0.0247316 0.0151487 0.00835163 0.00408002 0.00172502 0.000613003
 3.55553e-11 1.67235e-09 5.44674e-08 1.22838e-06 1.91829e-05 0.000207436 0.00155328 0.00805435 0.0289282 0.0720273 0.124743 0.152259 0.137422 0.105607 0.0859972 0.0765228 0.0644548 0.049526 0.0361432 0.0249788 0.015771 0.00888783 0.00438997 0.00185385 0.000651062
 3.66386e-11 1.7233e-09 5.61269e-08 1.2658e-06 1.97673e-05 0.000213756 0.0016006 0.0082997 0.0298091 0.0742178 0.128517 0.15677 0.141173 0.107739 0.0865185 0.0754392 0.0615651 0.0452563 0.0318397 0.0218946 0.0141621 0.00827138 0.00422094 0.00182343 0.000647646
 3.43049e-11 1.61354e-09 5.25519e-08 1.18518e-06 1.85082e-05 0.000200141 0.00149866 0.00777126 0.0279133 0.069519 0.120526 0.147706 0.135212 0.107822 0.0921884 0.0835522 0.0688474 0.0502087 0.0345163 0.0229493 0.0143939 0.00829967 0.0042766 0.00189147 0.000689121
 3.43042e-11 1.6135e-09 5.25508e-08 1.18515e-06 1.85079e-05 0.000200137 0.00149862 0.00777103 0.0279117 0.0695075 0.120455 0.14738 0.134162 0.105508 0.0888201 0.0806617 0.0682534 0.0522072 0.0376806 0.0256595 0.0160081 0.0090276 0.0045486 0.00199079 0.000728217
 3.4249e-11 1.61091e-09 5.24663e-08 1.18325e-06 1.84781e-05 0.000199815 0.00149621 0.00775853 0.0278668 0.0693948 0.120254 0.147111 0.133839 0.105077 0.0882012 0.079852 0.0674004 0.0516654 0.0378693 0.0266246 0.0172624 0.0100144 0.00508649 0.00220877 0.000798351
 3.52473e-11 1.65786e-09 5.39956e-08 1.21773e-06 1.90167e-05 0.000205639 0.00153982 0.0079846 0.028678 0.0714074 0.123691 0.151073 0.136664 0.105656 0.0866978 0.077243 0.0645951 0.0490962 0.0357375 0.0251396 0.016511 0.00981756 0.00513153 0.00227873 0.000832394
 3.54254e-11 1.66624e-09 5.42683e-08 1.22389e-06 1.91128e-05 0.000206678 0.0015476 0.00802496 0.0288232 0.0717714 0.124338 0.15194 0.137689 0.106919 0.0881565 0.0783727 0.0646944 0.048009 0.0339932 0.0234229 0.0152305 0.00906566 0.00479499 0.00217086 0.000809716
 3.61941e-11 1.7024e-09 5.5446e-08 1.25045e-06 1.95275e-05 0.000211163 0.00158118 0.00819903 0.0294477 0.0733188 0.126967 0.154911 0.13961 0.106816 0.0862551 0.0758964 0.0628569 0.0471055 0.0335264 0.0229052 0.0146077 0.0085251 0.00445936 0.00201929 0.000760122
 3.74747e-11 1.76263e-09 5.74077e-08 1.29469e-06 2.02184e-05 0.000218634 0.00163712 0.00848905 0.0304886 0.0759039 0.131398 0.1601 0.143581 0.108332 0.085474 0.0736127 0.0597122 0.0436029 0.030286 0.0204265 0.0129584 0.00750444 0.00387456 0.00173109 0.000646407
 3.53141e-11 1.66101e-09 5.40979e-08 1.22004e-06 1.90527e-05 0.000206029 0.00154274 0.00799981 0.0287335 0.0715548 0.124008 0.151749 0.138194 0.108695 0.0911235 0.0814204 0.0664234 0.0478761 0.032458 0.0212841 0.0131539 0.00746284 0.00379719 0.00167686 0.000619459
 3.37196e-11 1.58601e-09 5.16553e-08 1.16496e-06 1.81925e-05 0.000196726 0.00147309 0.00763868 0.0274372 0.0683337 0.118475 0.145214 0.133009 0.106284 0.0913624 0.0837258 0.0704648 0.0530664 0.0375502 0.0251013 0.0153949 0.00853489 0.00422967 0.00182612 0.000663094
 3.23553e-11 1.52184e-09 4.95654e-08 1.11782e-06 1.74564e-05 0.000188767 0.00141349 0.00732968 0.0263279 0.0655772 0.113738 0.139608 0.12852 0.104071 0.0912064 0.0849731 0.0728095 0.0564048 0.0415187 0.0289974 0.0185059 0.0105239 0.00523917 0.00223388 0.000795139
 3.36533e-11 1.58289e-09 5.15537e-08 1.16266e-06 1.81567e-05 0.000196339 0.00147019 0.00762359 0.0273822 0.0681887 0.11817 0.144586 0.131628 0.103555 0.0873146 0.0796593 0.0681648 0.0533873 0.0401026 0.0288293 0.0190969 0.0113176 0.00584316 0.00255061 0.000915032
 3.57541e-11 1.6817e-09 5.47719e-08 1.23524e-06 1.92901e-05 0.000208596 0.00156196 0.00809936 0.0290898 0.0724287 0.125432 0.15307 0.138049 0.10583 0.0857105 0.0755841 0.0627744 0.0474794 0.0346159 0.0246609 0.0165508 0.0100895 0.00539847 0.00244291 0.000903193
#obs surv len freq
 2.39184e-11 1.12501e-09 3.66408e-08 8.26342e-07 1.29045e-05 0.000139545 0.00104492 0.00541856 0.019465 0.0484994 0.0842303 0.103921 0.0974075 0.082678 0.0777124 0.0778588 0.073814 0.0671523 0.0612205 0.055173 0.0477867 0.0389261 0.0288958 0.0186712 0.00997103
 1.00954e-15 4.75563e-14 1.55825e-12 3.59821e-11 6.13992e-10 8.87635e-09 1.32995e-07 2.0598e-06 2.69387e-05 0.000260041 0.00176935 0.00838636 0.02767 0.0639247 0.10517 0.128387 0.12654 0.113617 0.101137 0.0896486 0.0773039 0.063144 0.0469148 0.0301533 0.0159459
 1.34731e-11 6.33708e-10 2.06395e-08 4.65472e-07 7.269e-06 7.86036e-05 0.000588567 0.00305166 0.0109563 0.0272382 0.0468933 0.055944 0.0465728 0.0289883 0.0213746 0.0349684 0.0677524 0.103202 0.121828 0.119115 0.104024 0.0842858 0.0622503 0.0398781 0.0210009
 5.10682e-11 2.402e-09 7.82315e-08 1.76432e-06 2.75523e-05 0.000297938 0.0022309 0.0115671 0.0415303 0.103261 0.177858 0.212469 0.17688 0.10452 0.0468055 0.0190765 0.00965157 0.00819679 0.0110817 0.0153569 0.0175962 0.0163905 0.0126947 0.00819904 0.0043076
 3.28532e-11 1.54526e-09 5.0328e-08 1.13502e-06 1.77251e-05 0.000191672 0.00143526 0.00744288 0.026739 0.0666438 0.115881 0.143605 0.136485 0.118812 0.111379 0.101194 0.0737541 0.0402131 0.0175896 0.00873731 0.00742185 0.00777014 0.00700299 0.00496441 0.00271843
 4.11565e-11 1.93581e-09 6.30479e-08 1.42189e-06 2.22048e-05 0.000240114 0.00179795 0.00932271 0.0334788 0.0833076 0.14394 0.174091 0.152005 0.106173 0.0741386 0.060385 0.0517836 0.0418325 0.0300415 0.0180254 0.00903684 0.00451168 0.00282079 0.00192857 0.00111475
 2.49752e-11 1.17471e-09 3.82597e-08 8.62853e-07 1.34747e-05 0.000145711 0.00109112 0.00565865 0.0203347 0.050738 0.0886066 0.111607 0.111812 0.108984 0.115585 0.115266 0.0949286 0.0662969 0.0440145 0.0292768 0.0181975 0.00980086 0.00461651 0.00208341 0.00094123
 4.24804e-11 1.99807e-09 6.50759e-08 1.46763e-06 2.29191e-05 0.000247837 0.00185577 0.00962236 0.0345525 0.0859555 0.148353 0.178662 0.15352 0.101929 0.0644978 0.0493611 0.0442405 0.0400611 0.033339 0.0240917 0.0150323 0.00828242 0.00403632 0.00170864 0.000627139
 3.43571e-11 1.61599e-09 5.26318e-08 1.18698e-06 1.85364e-05 0.000200446 0.00150094 0.00778319 0.0279575 0.0696403 0.120815 0.148428 0.137019 0.111441 0.0970239 0.086738 0.0673843 0.0446383 0.0288 0.0201446 0.0141833 0.00888426 0.0046624 0.00201787 0.000717625
 3.7985e-11 1.78663e-09 5.81894e-08 1.31232e-06 2.04937e-05 0.000221611 0.00165941 0.00860454 0.0309024 0.0769222 0.133083 0.161788 0.143938 0.106272 0.081459 0.0700155 0.0589533 0.0455781 0.0326246 0.0214017 0.0128808 0.00732248 0.00388423 0.00179333 0.00067442
 3.94323e-11 1.85471e-09 6.04065e-08 1.36232e-06 2.12746e-05 0.000230054 0.00172263 0.00893237 0.0320795 0.0798501 0.138133 0.167852 0.149064 0.109337 0.0823239 0.0683174 0.054251 0.0390385 0.0269832 0.0183094 0.0116283 0.00661643 0.00331886 0.00145184 0.000538777
 3.75567e-11 1.76649e-09 5.75333e-08 1.29752e-06 2.02626e-05 0.000219112 0.0016407 0.00850767 0.0305561 0.0760764 0.131729 0.160658 0.144572 0.110079 0.0879188 0.0758785 0.0606401 0.0427847 0.0282812 0.0181422 0.0110606 0.0062275 0.00314153 0.00136767 0.000496441
 3.8998e-11 1.83428e-09 5.97413e-08 1.34732e-06 2.10403e-05 0.000227521 0.00170366 0.00883403 0.0317267 0.078975 0.136641 0.166141 0.147881 0.109225 0.0833286 0.0701748 0.0565634 0.0411492 0.0280889 0.0181671 0.0108223 0.00584826 0.00284007 0.00120768 0.000432847
 3.61808e-11 1.70177e-09 5.54255e-08 1.24999e-06 1.95203e-05 0.000211085 0.0015806 0.00819609 0.0294382 0.0733041 0.127004 0.15525 0.140847 0.109649 0.090517 0.0798919 0.0645112 0.0458947 0.0306408 0.0197661 0.0119233 0.00649281 0.00311924 0.00129215 0.00044967
 3.21886e-11 1.514e-09 4.93099e-08 1.11206e-06 1.73665e-05 0.000187794 0.00140621 0.00729198 0.0261935 0.0652506 0.11323 0.139257 0.129063 0.10626 0.0949625 0.0889323 0.075207 0.0564314 0.0395818 0.0261191 0.0157391 0.00851734 0.00408262 0.00168681 0.000581347
 3.87541e-11 1.82281e-09 5.93676e-08 1.33889e-06 2.09087e-05 0.000226098 0.001693 0.00877868 0.0315269 0.0784679 0.135697 0.164681 0.145588 0.105507 0.0783423 0.0657841 0.0551909 0.0435024 0.0327425 0.0230922 0.0146776 0.00823242 0.00401266 0.00166346 0.000571687
 3.42703e-11 1.61191e-09 5.24988e-08 1.18398e-06 1.84896e-05 0.000199939 0.00149715 0.00776345 0.0278859 0.0694549 0.120446 0.147752 0.135707 0.109084 0.0939946 0.0848214 0.0684533 0.0483241 0.0325692 0.0220523 0.0144223 0.00856827 0.00441273 0.00190301 0.000669009
 3.44312e-11 1.61948e-09 5.27453e-08 1.18954e-06 1.85764e-05 0.000200877 0.00150417 0.00779976 0.0280148 0.0697613 0.120877 0.147813 0.134294 0.105094 0.0879759 0.0799311 0.0681583 0.0526522 0.0380697 0.0256602 0.0158355 0.00896072 0.00459227 0.00203977 0.00074631
 3.41978e-11 1.6085e-09 5.23877e-08 1.18148e-06 1.84505e-05 0.000199516 0.00149397 0.00774691 0.0278252 0.0692911 0.120076 0.146898 0.133663 0.104974 0.0881501 0.0798143 0.0673786 0.0517259 0.0380703 0.0269037 0.0174804 0.0101184 0.00512688 0.00223159 0.000811939
 3.4544e-11 1.62478e-09 5.29181e-08 1.19344e-06 1.86372e-05 0.000201536 0.0015091 0.00782531 0.0281064 0.069988 0.12126 0.148235 0.134523 0.10491 0.0872418 0.0785633 0.0662622 0.0508601 0.0373813 0.0264745 0.0174637 0.0104155 0.00545228 0.00242186 0.000885136
 3.65882e-11 1.72093e-09 5.60496e-08 1.26406e-06 1.97401e-05 0.000213462 0.00159839 0.00828824 0.0297676 0.0741097 0.128299 0.15636 0.140349 0.106194 0.084341 0.0734934 0.0609086 0.0461041 0.0334822 0.0235539 0.0155303 0.00932838 0.00496188 0.00225369 0.000842088
 3.40362e-11 1.6009e-09 5.21402e-08 1.17589e-06 1.83633e-05 0.000198573 0.00148692 0.00771038 0.0276947 0.0689739 0.119578 0.146533 0.134103 0.106875 0.0913505 0.0829152 0.0686713 0.0506725 0.0355707 0.0243388 0.0157688 0.00939048 0.00499487 0.0022869 0.000866517
 3.93642e-11 1.8515e-09 6.03022e-08 1.35997e-06 2.12378e-05 0.000229657 0.00171966 0.00891687 0.0320231 0.0797021 0.137825 0.167235 0.147748 0.106825 0.0788524 0.0654882 0.0538957 0.0412451 0.0300716 0.0207803 0.013237 0.00768021 0.00400182 0.00181373 0.000686778
 3.70724e-11 1.74371e-09 5.67914e-08 1.28079e-06 2.00014e-05 0.000216287 0.00161955 0.00839801 0.0301627 0.0751016 0.130073 0.158789 0.143368 0.110138 0.0890383 0.0771703 0.0612893 0.042811 0.0283666 0.0187181 0.0119157 0.00696973 0.00361583 0.00161505 0.000602541
 3.44809e-11 1.62181e-09 5.28214e-08 1.19126e-06 1.86032e-05 0.000201167 0.00150634 0.0078111 0.0280563 0.0698729 0.121126 0.148378 0.13563 0.107776 0.0918174 0.0833255 0.0691597 0.0508769 0.0348721 0.0225744 0.0135296 0.00745994 0.00374468 0.00165125 0.000611357
 3.40765e-11 1.60279e-09 5.22019e-08 1.17728e-06 1.8385e-05 0.000198808 0.00148867 0.00771944 0.0277266 0.069047 0.119661 0.146432 0.133375 0.105057 0.0886892 0.0808273 0.0687716 0.053085 0.0387355 0.0265626 0.0165007 0.0091139 0.00443923 0.00187762 0.000671855
 3.2378e-11 1.5229e-09 4.96e-08 1.11861e-06 1.74687e-05 0.000188899 0.00141448 0.00733481 0.0263464 0.0656227 0.113815 0.139691 0.12856 0.104015 0.0910024 0.0845618 0.072187 0.0557625 0.0412153 0.0292333 0.0190967 0.011105 0.0055995 0.00238759 0.000841655
 3.62245e-11 1.70383e-09 5.54925e-08 1.2515e-06 1.95439e-05 0.00021134 0.0015825 0.00820583 0.0294713 0.0733681 0.12699 0.154647 0.13844 0.104028 0.0819879 0.0717923 0.0609854 0.048149 0.0365266 0.0264356 0.0176428 0.0105916 0.00556322 0.00246763 0.000894007
 3.55888e-11 1.67392e-09 5.45186e-08 1.22953e-06 1.92009e-05 0.000207631 0.00155474 0.00806197 0.0289562 0.0721021 0.124909 0.152631 0.138286 0.107293 0.0882379 0.0779941 0.063705 0.0466524 0.0329121 0.0230746 0.0154927 0.00951868 0.00514757 0.00235871 0.000883565
#pred catch len freq
 2.15089e-11 1.01168e-09 3.29497e-08 7.43098e-07 1.16046e-05 0.000125488 0.000939667 0.00487293 0.0175071 0.043644 0.0759532 0.094439 0.0908485 0.0818481 0.0821343 0.0846622 0.0799833 0.0709291 0.0620239 0.0535207 0.0455829 0.0387826 0.0322672 0.0244547 0.0154687
 1.04026e-11 4.8929e-10 1.59359e-08 3.59394e-07 5.61249e-06 6.06927e-05 0.00045451 0.00235773 0.00848107 0.0212451 0.0376721 0.0501272 0.0586351 0.0735464 0.095616 0.109221 0.106013 0.0946191 0.0830429 0.0715446 0.0596759 0.0482338 0.037309 0.0263411 0.015798
 8.34314e-12 3.92421e-10 1.27809e-08 2.88242e-07 4.50133e-06 4.86763e-05 0.000364508 0.00189055 0.00679636 0.0169834 0.0298342 0.0384181 0.0412831 0.0465986 0.0599483 0.077477 0.0946334 0.108144 0.111968 0.103621 0.0877365 0.0695587 0.0513534 0.0340843 0.0192529
 3.10304e-11 1.45952e-09 4.75356e-08 1.07205e-06 1.67415e-05 0.000181036 0.00135557 0.00702877 0.025239 0.062785 0.10835 0.13043 0.111901 0.0739857 0.0467661 0.0372791 0.0383834 0.0452916 0.0548688 0.0619053 0.061588 0.0531877 0.0398728 0.0257191 0.0138643
 4.19282e-11 1.9721e-09 6.42301e-08 1.44855e-06 2.26212e-05 0.000244616 0.00183166 0.00949749 0.0341059 0.0848653 0.146609 0.177207 0.154302 0.106519 0.071353 0.0525315 0.037602 0.0245071 0.0174666 0.016452 0.0176635 0.0174877 0.014555 0.00985399 0.00532214
 3.3819e-11 1.59068e-09 5.18076e-08 1.16839e-06 1.82461e-05 0.000197307 0.00147744 0.00766138 0.0275207 0.0685609 0.119 0.146471 0.136087 0.112499 0.100084 0.09074 0.0706596 0.0454119 0.0260424 0.015057 0.0100259 0.0080843 0.00675943 0.00487344 0.00276579
 3.02877e-11 1.42459e-09 4.63979e-08 1.04639e-06 1.63409e-05 0.000176704 0.00132317 0.00686149 0.0246484 0.0614157 0.106669 0.131633 0.123431 0.104637 0.0972201 0.0937972 0.0813759 0.0624658 0.0437342 0.0275188 0.0153956 0.00826624 0.00480855 0.00296183 0.00164251
 3.10683e-11 1.4613e-09 4.75937e-08 1.07336e-06 1.6762e-05 0.000181258 0.00135727 0.00703815 0.0252812 0.0629744 0.109253 0.134243 0.12404 0.101456 0.0903438 0.0857011 0.0753561 0.0606744 0.0465106 0.0332613 0.0211305 0.0116763 0.00572685 0.00262623 0.00115058
 3.4492e-11 1.62234e-09 5.28385e-08 1.19164e-06 1.86092e-05 0.000201232 0.00150682 0.0078135 0.0280635 0.0698773 0.121041 0.147839 0.133753 0.103471 0.0851281 0.0764076 0.064983 0.050987 0.0388334 0.0286803 0.019599 0.0118721 0.00617871 0.00272279 0.0010216
 3.26741e-11 1.53683e-09 5.00536e-08 1.12883e-06 1.76284e-05 0.000190627 0.00142742 0.00740192 0.0265878 0.066228 0.114891 0.141134 0.130264 0.106091 0.0932882 0.0859998 0.0714564 0.0527613 0.0373741 0.0262505 0.0177239 0.0110224 0.0060406 0.00279289 0.00105525
 3.52426e-11 1.65764e-09 5.39884e-08 1.21757e-06 1.90142e-05 0.000205612 0.00153962 0.00798354 0.0286742 0.0713985 0.123679 0.151073 0.136713 0.105809 0.0870058 0.0777241 0.0651715 0.0495 0.0356227 0.024477 0.0157236 0.00934958 0.00504574 0.00236645 0.000918259
 3.5894e-11 1.68828e-09 5.49862e-08 1.24008e-06 1.93656e-05 0.000209412 0.00156807 0.00813111 0.0292044 0.0727204 0.12598 0.153937 0.139463 0.10819 0.0889433 0.078549 0.0639807 0.0464489 0.0320809 0.0216672 0.0138525 0.00811258 0.00425332 0.00194186 0.000744805
 3.58216e-11 1.68488e-09 5.48754e-08 1.23758e-06 1.93265e-05 0.00020899 0.00156491 0.00811474 0.0291458 0.0725765 0.125744 0.153713 0.139467 0.108632 0.089853 0.0797053 0.0650291 0.0470395 0.0319761 0.0209398 0.0128998 0.00731857 0.00374686 0.00167491 0.000629284
 3.42689e-11 1.61184e-09 5.24968e-08 1.18393e-06 1.84888e-05 0.000199931 0.00149708 0.00776312 0.0278842 0.0694479 0.120412 0.147613 0.135274 0.108177 0.0928476 0.0843396 0.0695218 0.0506066 0.0345448 0.0225723 0.0137188 0.00758387 0.00375637 0.00162573 0.00059434
 3.17425e-11 1.49302e-09 4.86266e-08 1.09665e-06 1.71258e-05 0.000185192 0.00138673 0.00719099 0.0258311 0.0643527 0.111704 0.137529 0.127936 0.106286 0.0959949 0.0902456 0.0761057 0.0568099 0.0398207 0.0265159 0.016246 0.00895744 0.0043761 0.00185021 0.000657496
 3.39105e-11 1.59499e-09 5.19477e-08 1.17155e-06 1.82954e-05 0.00019784 0.00148142 0.00768186 0.0275916 0.0687124 0.11909 0.145774 0.132904 0.104951 0.0888887 0.0811069 0.0689305 0.0531155 0.0388089 0.0268362 0.0169476 0.00955164 0.00471796 0.00199237 0.000699712
 3.49416e-11 1.64348e-09 5.35272e-08 1.20717e-06 1.88517e-05 0.000203855 0.00152647 0.00791542 0.0284303 0.0707984 0.122689 0.150098 0.136574 0.1072 0.0896985 0.0803256 0.0661875 0.048805 0.0343831 0.0236597 0.0153081 0.00894153 0.00456304 0.00197123 0.000700143
 3.24259e-11 1.52516e-09 4.96735e-08 1.12026e-06 1.74945e-05 0.000189179 0.00141658 0.00734577 0.0263867 0.0657332 0.114074 0.140326 0.130145 0.107282 0.0957999 0.0890624 0.0740363 0.0541502 0.0372779 0.0248041 0.0155623 0.00897436 0.0046244 0.00204532 0.000745174
 3.22606e-11 1.51739e-09 4.94203e-08 1.11455e-06 1.74053e-05 0.000188214 0.00140935 0.00730825 0.0262512 0.0653892 0.113432 0.139326 0.128561 0.104718 0.0924532 0.0864015 0.0738448 0.0566691 0.0409611 0.027914 0.0174199 0.00982483 0.00495045 0.00216669 0.000792563
 3.23217e-11 1.52026e-09 4.95138e-08 1.11666e-06 1.74382e-05 0.000188571 0.00141202 0.00732206 0.0263007 0.0655105 0.11363 0.139511 0.128542 0.104299 0.0915703 0.0851874 0.0725912 0.0558175 0.0409697 0.0288242 0.0186937 0.0108457 0.00550889 0.00239222 0.000864658
 3.35018e-11 1.57576e-09 5.13216e-08 1.15743e-06 1.80749e-05 0.000195455 0.00146357 0.00758931 0.0272597 0.0678897 0.117692 0.144192 0.131875 0.104971 0.0897752 0.0820937 0.0692891 0.0528207 0.0384983 0.0270988 0.0178022 0.0105862 0.00553343 0.00245722 0.000897595
 3.34463e-11 1.57316e-09 5.12366e-08 1.15551e-06 1.8045e-05 0.000195132 0.00146115 0.0075768 0.0272152 0.0677835 0.11754 0.144153 0.132306 0.106245 0.0917989 0.0840128 0.0700665 0.0521708 0.0369967 0.0255127 0.0165947 0.00987877 0.00522522 0.00236566 0.000882377
 3.44962e-11 1.62253e-09 5.28449e-08 1.19178e-06 1.86114e-05 0.000201257 0.00150701 0.00781452 0.028068 0.0698972 0.121134 0.148227 0.13498 0.106214 0.0893495 0.08072 0.0674881 0.0507294 0.0361525 0.0247151 0.0157662 0.00920198 0.00481355 0.00217969 0.000820503
 3.57675e-11 1.68233e-09 5.47924e-08 1.23571e-06 1.92973e-05 0.000208674 0.00156255 0.00810245 0.0291015 0.0724641 0.125536 0.153393 0.138969 0.10782 0.0887203 0.0785804 0.0643991 0.0471798 0.0328168 0.0221492 0.0140555 0.00814057 0.00420311 0.00187789 0.000701229
 3.34856e-11 1.575e-09 5.12968e-08 1.15687e-06 1.80662e-05 0.000195361 0.00146287 0.00758575 0.0272479 0.0678709 0.117731 0.144575 0.133287 0.108221 0.0947147 0.0868549 0.071504 0.0516919 0.0350943 0.0230304 0.0142379 0.00807871 0.0041107 0.00181533 0.000670611
 3.17673e-11 1.49418e-09 4.86646e-08 1.09751e-06 1.71392e-05 0.000185337 0.00138781 0.00719658 0.0258509 0.0643997 0.111768 0.137531 0.127693 0.105609 0.0949528 0.0893228 0.0758559 0.0572966 0.0405997 0.0271592 0.0166621 0.0092384 0.00457847 0.00197673 0.000717787
 3.04929e-11 1.43424e-09 4.67123e-08 1.05348e-06 1.64516e-05 0.000177902 0.00133214 0.00690793 0.0248146 0.0618237 0.107336 0.13226 0.12339 0.103296 0.0944309 0.0901122 0.077846 0.0604699 0.0445665 0.0311455 0.0198818 0.0113073 0.00562931 0.00240025 0.00085436
 3.19396e-11 1.50229e-09 4.89285e-08 1.10346e-06 1.72321e-05 0.000186342 0.00139533 0.00723551 0.0259896 0.0647347 0.112277 0.137816 0.126878 0.102773 0.0901744 0.0842733 0.0727205 0.0571095 0.0429487 0.0308924 0.0204679 0.012131 0.00626325 0.002734 0.000980826
 3.45174e-11 1.62353e-09 5.28774e-08 1.19252e-06 1.86229e-05 0.000201381 0.00150794 0.00781931 0.0280849 0.0699365 0.121182 0.148196 0.134659 0.105349 0.0878939 0.0790142 0.0660768 0.0500844 0.0365471 0.0260473 0.0174841 0.010659 0.00570322 0.00258083 0.000954184
#obs catch len freq
 2.04552e-11 9.62112e-10 3.13354e-08 7.06692e-07 1.1036e-05 0.00011934 0.00089363 0.0046342 0.0166496 0.0415073 0.0722426 0.0898652 0.0865895 0.0783825 0.0794259 0.0833329 0.0812441 0.075289 0.0687655 0.0612408 0.0524809 0.0427776 0.0320968 0.0210491 0.0114016
 2.16204e-11 1.01692e-09 3.31204e-08 7.46949e-07 1.16647e-05 0.000126138 0.000944533 0.00489812 0.0175972 0.0438626 0.0762947 0.0946827 0.0905133 0.0804398 0.079679 0.0820305 0.0784857 0.071647 0.0654282 0.0590108 0.0511263 0.0416514 0.0309202 0.0199797 0.0106698
 8.6111e-16 4.05747e-14 1.33083e-12 3.08503e-11 5.33673e-10 8.00011e-09 1.26205e-07 2.01987e-06 2.6728e-05 0.000258853 0.00176277 0.00835707 0.027576 0.0637149 0.104852 0.128076 0.126382 0.113659 0.101315 0.0898739 0.0775219 0.0633292 0.0470544 0.0302435 0.0159937
 1.1925e-11 5.60897e-10 1.8268e-08 4.1199e-07 6.43381e-06 6.95722e-05 0.000520942 0.00270103 0.00969741 0.0241086 0.041506 0.0495237 0.0412871 0.0260485 0.0205507 0.0357416 0.0699979 0.10674 0.126024 0.12323 0.107628 0.087211 0.0644129 0.0412641 0.0217309
 5.00415e-11 2.35371e-09 7.66588e-08 1.72885e-06 2.69984e-05 0.000291948 0.00218605 0.0113346 0.0406957 0.101188 0.174302 0.208294 0.17364 0.103137 0.0470043 0.0199903 0.0106627 0.00931076 0.0126644 0.0175641 0.0201276 0.0187489 0.0145215 0.00937895 0.00492751
 3.072e-11 1.44492e-09 4.70602e-08 1.06133e-06 1.65742e-05 0.000179227 0.00134208 0.00695984 0.0250062 0.06235 0.108585 0.135364 0.131176 0.119173 0.116877 0.108586 0.0797066 0.0435529 0.0190769 0.00949789 0.00808276 0.00846577 0.00763038 0.00540921 0.00296201
 3.94063e-11 1.85348e-09 6.03667e-08 1.36142e-06 2.12606e-05 0.000229903 0.00172149 0.00892636 0.0320566 0.0797796 0.137919 0.167166 0.14712 0.105313 0.0770238 0.0652255 0.0568223 0.0461197 0.0331737 0.0199184 0.00998918 0.00498826 0.00311923 0.00213273 0.00123277
 2.29585e-11 1.07986e-09 3.51703e-08 7.9318e-07 1.23867e-05 0.000133946 0.00100303 0.00520198 0.0186963 0.0466756 0.0816879 0.103714 0.10646 0.108592 0.119726 0.121382 0.100493 0.0703417 0.0467797 0.0311524 0.0193737 0.0104364 0.00491628 0.00221877 0.0010024
 4.07761e-11 1.91791e-09 6.24652e-08 1.40875e-06 2.19996e-05 0.000237894 0.00178132 0.00923641 0.0331674 0.0825179 0.142475 0.171847 0.148529 0.100566 0.0665059 0.0532795 0.0487365 0.0443829 0.0369942 0.0267482 0.0166941 0.00919923 0.00448344 0.00189798 0.000696645
 3.25148e-11 1.52934e-09 4.98095e-08 1.12333e-06 1.75424e-05 0.000189697 0.00142046 0.007366 0.0264607 0.0659295 0.114497 0.141232 0.132179 0.111188 0.100942 0.0923908 0.0723591 0.0480714 0.0310702 0.0217585 0.0153274 0.00960242 0.00503952 0.00218112 0.000775688
 3.62688e-11 1.70591e-09 5.55603e-08 1.25303e-06 1.95678e-05 0.000211598 0.00158444 0.00821589 0.0295078 0.0734633 0.127183 0.155017 0.13921 0.105561 0.0844526 0.0748214 0.0637197 0.049441 0.0354418 0.0232666 0.0140079 0.00796447 0.00422506 0.00195074 0.000733624
 3.7824e-11 1.77906e-09 5.79428e-08 1.30676e-06 2.04069e-05 0.000220672 0.00165238 0.00856817 0.0307728 0.0766098 0.132611 0.161538 0.144735 0.10889 0.0854318 0.0730317 0.058658 0.0423671 0.0293324 0.0199207 0.0126564 0.00720241 0.00361298 0.00158053 0.00058654
 3.59676e-11 1.69174e-09 5.5099e-08 1.24262e-06 1.94053e-05 0.000209841 0.00157129 0.00814783 0.029265 0.0728752 0.126276 0.154433 0.140337 0.109733 0.0911382 0.0806933 0.0650915 0.0460664 0.0304944 0.019578 0.0119404 0.0067239 0.00339213 0.00147679 0.000536054
 3.74609e-11 1.76198e-09 5.73865e-08 1.29421e-06 2.0211e-05 0.000218553 0.00163652 0.00848594 0.0304777 0.0758779 0.131363 0.160106 0.143743 0.108799 0.0863134 0.0747296 0.0608685 0.0444305 0.0303726 0.0196589 0.0117149 0.0063315 0.00307491 0.00130756 0.000468652
 3.45755e-11 1.62627e-09 5.29664e-08 1.19453e-06 1.86543e-05 0.00020172 0.00151048 0.00783259 0.0281339 0.0700702 0.121495 0.148959 0.136563 0.109286 0.0937497 0.0847395 0.0690079 0.0492325 0.0329143 0.0212493 0.0128226 0.00698349 0.00335515 0.0013899 0.000483691
 3.06141e-11 1.43994e-09 4.68979e-08 1.05767e-06 1.6517e-05 0.000178609 0.00133743 0.00693544 0.0249142 0.062078 0.107822 0.133064 0.124788 0.105741 0.0978981 0.0934891 0.0795845 0.0598501 0.0420262 0.0277488 0.0167257 0.00905221 0.00433917 0.00179284 0.000617891
 3.72396e-11 1.75157e-09 5.70475e-08 1.28657e-06 2.00916e-05 0.000217262 0.00162685 0.00843571 0.0302962 0.0754153 0.130488 0.158695 0.141382 0.1048 0.0808526 0.0698681 0.0592694 0.0468784 0.0353303 0.024932 0.015851 0.00889139 0.00433403 0.00179671 0.000617485
 3.2556e-11 1.53128e-09 4.98727e-08 1.12476e-06 1.75647e-05 0.000189938 0.00142226 0.00737526 0.0264931 0.0660013 0.114562 0.141032 0.131125 0.108679 0.0974082 0.0899256 0.0731473 0.0517787 0.0349486 0.023684 0.0154955 0.00920712 0.00474196 0.00204503 0.000718939
 3.26687e-11 1.53658e-09 5.00454e-08 1.12865e-06 1.76255e-05 0.000190595 0.00142718 0.00740066 0.0265827 0.0662094 0.114819 0.140861 0.129445 0.104373 0.0910558 0.084847 0.0729976 0.0565575 0.0409489 0.0276201 0.0170505 0.00964954 0.00494556 0.00219675 0.000803749
 3.24362e-11 1.52564e-09 4.96892e-08 1.12062e-06 1.75001e-05 0.000189239 0.00141702 0.007348 0.0263938 0.065741 0.114021 0.13995 0.128816 0.104251 0.0912089 0.0846679 0.072107 0.0555204 0.0409206 0.0289389 0.0188086 0.0108885 0.00551737 0.0024016 0.000873802
 3.28895e-11 1.54696e-09 5.03836e-08 1.13628e-06 1.77446e-05 0.000191883 0.00143682 0.00745064 0.026762 0.0666535 0.115573 0.141708 0.129966 0.10422 0.0900982 0.0831056 0.0706915 0.0544129 0.0400444 0.0283792 0.0187254 0.0111691 0.00584705 0.00259725 0.00094924
 3.48848e-11 1.64081e-09 5.34401e-08 1.20521e-06 1.88211e-05 0.000203524 0.00152398 0.0079025 0.0283835 0.0706769 0.122445 0.149646 0.135675 0.105524 0.0873406 0.078221 0.0654808 0.0497289 0.0361682 0.0254626 0.0167944 0.0100889 0.00536664 0.00243758 0.000910802
 3.23498e-11 1.52158e-09 4.95568e-08 1.11763e-06 1.74534e-05 0.000188735 0.00141325 0.00732849 0.0263245 0.0655758 0.113786 0.139901 0.129526 0.106323 0.0944874 0.0877515 0.0732595 0.0542051 0.0381019 0.0260902 0.0169091 0.0100708 0.00535697 0.00245272 0.000929354
 3.78708e-11 1.78126e-09 5.80145e-08 1.30837e-06 2.04321e-05 0.000220944 0.00165442 0.00857868 0.0308096 0.0766923 0.132692 0.161345 0.143639 0.106212 0.0814523 0.0696257 0.0579459 0.0445008 0.0324902 0.0224661 0.0143148 0.00830644 0.00432829 0.00196173 0.000742821
 3.55141e-11 1.67041e-09 5.44042e-08 1.22695e-06 1.91606e-05 0.000207195 0.00155148 0.00804513 0.0288966 0.0719624 0.124726 0.152686 0.13922 0.10981 0.0922046 0.0818773 0.0656003 0.0459556 0.0304932 0.0201377 0.0128242 0.00750207 0.00389217 0.00173851 0.000648602
 3.27397e-11 1.53992e-09 5.01541e-08 1.1311e-06 1.76638e-05 0.00019101 0.00143028 0.00741681 0.0266416 0.0663646 0.115147 0.141538 0.130929 0.107263 0.0951541 0.0884467 0.0740262 0.0546112 0.0374838 0.0242839 0.0145595 0.00802903 0.00403059 0.00177737 0.000658057
 3.23358e-11 1.52092e-09 4.95353e-08 1.11715e-06 1.74459e-05 0.000188653 0.00141264 0.00732526 0.0263122 0.0655389 0.113679 0.139567 0.128589 0.104352 0.0917364 0.0856742 0.0735239 0.0569166 0.0415871 0.0285376 0.017733 0.00979576 0.0047716 0.00201824 0.000722178
 3.0585e-11 1.43857e-09 4.68533e-08 1.05666e-06 1.65013e-05 0.000178439 0.00133616 0.00692877 0.0248895 0.062009 0.107651 0.132616 0.123617 0.103256 0.094083 0.0894732 0.0769912 0.0596376 0.0441396 0.03133 0.0204727 0.0119066 0.00600396 0.0025601 0.000902473
 3.46404e-11 1.62932e-09 5.30658e-08 1.19677e-06 1.86893e-05 0.000202098 0.00151331 0.00784709 0.028184 0.0701751 0.121542 0.148382 0.134028 0.103258 0.0845616 0.0759935 0.0651726 0.0516117 0.0392028 0.0283892 0.0189513 0.0113782 0.00597657 0.00265101 0.000960448
#spawning biomass
 23777.6 22596.2 17891.6 12723.3 13278.4 24276.9 36073.7 43261.5 58001.9 78304.1 86728.7 99104.6 122496 152640 166015 150297 139243 140665 143140 157497 161215 154881 175133 175130 188382 195448 199218 180760 157076 113710 168405 122790 81958.6 55694 40864.6 33094 29205.9 27317.6 26418.4 25995.9 25799.2 25708.1 25666.2 25646.9 25638 25634 25632.2 25631.3 25630.9 25630.8 25630.7 25630.6 25630.6 25630.6 25630.6 25630.6 25630.6 25630.6 25630.6 25630.6 25630.6 25630.6 25630.6 25630.6 25630.6 25630.6 25630.6 25630.6 25630.6 25630.6 25630.6 25630.6 25630.6 25630.6 25630.6 25630.6 25630.6 25630.6 25630.6 25630.6 25630.6 25630.6 25630.6 25630.6 25630.6 25630.6 25630.6 25630.6 25630.6 25630.6 25630.6 25630.6 25630.6 25630.6 25630.6 25630.6 25630.6 25630.6 25630.6 25630.6 25630.6 25630.6 25630.6 25630.6 25630.6 25630.6 25630.6 25630.6 25630.6 25630.6 25630.6 25630.6 25630.6 25630.6 25630.6 25630.6 25630.6 25630.6 25630.6 25630.6 25630.6 25630.6 25630.6 25630.6 25630.6 25630.6 25630.6 25630.6 25630.6 0 0 0 0 0 0 0 0 0 0 0 0 0 0 0 0 0 0 0 0 0 0 0 0 0
