SBPRF35
0.175648
Curr Bio
87612.1
B35
203210
F35
0.727813
FOFL
0.295605
OFL
10170.5
Bzero
50185.1
#pred survey bio
 6343.12 7173.97 5790.21 6428.76 8987.28 14225.6 19281.8 27621 38148.6 56973.8 60829 81154.5 118626 131300 119802 117296 123082 131143 106749 102412 104804 94176 96226.7 98763.8 146746 134684 122413 116373 120698 4.25776e+06 3.25359e+06 2.02671e+06 1.22403e+06 821348 634601 548092 506115 484346 472331 465392 461271 458789 457283 456367 455798 455458 455255 455134 455061 455017 454991 454975 454966 454960 454957 454954 454953 454952 454952 454952 454952 454951 454951 454951 454951 454951 454951 454951 454951 454951 454951 454951 454951 454951 454951 454951 454951 454951 454951 454951 454951 454951 454951 454951 454951 454951 454951 454951 454951 454951 454951 454951 454951 454951 454951 454951 454951 454951 454951 454951 454951 454951 454951 454951 454951 454951 454951 454951 454951 454951 454951 454951 454951 454951 454951 454951 454951 454951 454951 454951 454951 454951 454951 454951 454951 454951 454951 454951 454951 0 0 0 0 0 0 0 0 0 0 0 0 0 0 0 0 0 0 0 0 0 0 0 0 0
#obs survey bio
 4612.61 4832.38 4748.43 6776.39 9483.76 13727.3 21199.8 30736 32250.9 45114.3 56301.1 69747.1 121849 103764 97015.1 91446.1 119906 81511.7 100696 81639.4 83053.2 64959.2 89782.1 61779.6 121834 111742 78307 157926 71024.2
#pred catch bio
 1913.06 3676.53 3303.91 3592.55 4458.53 7909.13 10573.2 16252.1 20946.5 40490.6 41161.2 53830.9 84552.5 104766 96145.6 93456.2 96796.9 111756 90203.5 87143.3 90600.5 81613 84736.4 82536 132050 124564 118088 110706 114005 10170.5 60804.2 34405.8 18171.1 10927 8099.89 7084.59 6739.74 6627.1 6591.33 6580.21 6576.8 6575.77 6575.46 6575.37 6575.34 6575.34 6575.33 6575.33 6575.33 6575.33 6575.33 6575.33 6575.33 6575.33 6575.33 6575.33 6575.33 6575.33 6575.33 6575.33 6575.33 6575.33 6575.33 6575.33 6575.33 6575.33 6575.33 6575.33 6575.33 6575.33 6575.33 6575.33 6575.33 6575.33 6575.33 6575.33 6575.33 6575.33 6575.33 6575.33 6575.33 6575.33 6575.33 6575.33 6575.33 6575.33 6575.33 6575.33 6575.33 6575.33 6575.33 6575.33 6575.33 6575.33 6575.33 6575.33 6575.33 6575.33 6575.33 6575.33 6575.33 6575.33 6575.33 6575.33 6575.33 6575.33 6575.33 6575.33 6575.33 6575.33 6575.33 6575.33 6575.33 6575.33 6575.33 6575.33 6575.33 6575.33 6575.33 6575.33 6575.33 6575.33 6575.33 6575.33 6575.33 6575.33 6575.33 6575.33 6575.33 0 0 0 0 0 0 0 0 0 0 0 0 0 0 0 0 0 0 0 0 0 0 0 0 0
#obs catch bio
 4766.48 3997.22 3787.77 3416.33 4264 6970 9080.96 14005.3 17937.5 34896.4 37780.8 46903.2 73405.8 96891.4 97964.9 88515.5 85999.9 106196 77734.8 80594.1 80653.5 68671.6 69130.7 71742.5 106021 103449 102913 85353.1 111988
#pred cpue bio
 4552.98 5669.86 4249.01 3883.09 5249.06 8465.79 11482.4 16204.2 21787.7 33046.7 32724.8 42684 61612.8 70434.9 59276.1 56786 59101.1 63826.2 49474.9 46375.5 46324.9 41870.7 41429.3 41529 61767.7 55851.7 48543.9 43018.8 45381.8 1.62096e+06 3.10624e+06 1.94176e+06 1.13928e+06 736595 549847 463338 421361 399593 387578 380638 376518 374035 372529 371613 371044 370705 370502 370380 370307 370264 370237 370221 370212 370206 370203 370201 370200 370199 370198 370198 370198 370198 370198 370198 370198 370198 370198 370198 370198 370198 370198 370198 370198 370198 370198 370198 370198 370198 370198 370198 370198 370198 370198 370198 370198 370198 370198 370198 370198 370198 370198 370198 370198 370198 370198 370198 370198 370198 370198 370198 370198 370198 370198 370198 370198 370198 370198 370198 370198 370198 370198 370198 370198 370198 370198 370198 370198 370198 370198 370198 370198 370198 370198 370198 370198 370198 370198 370198 370198 0 0 0 0 0 0 0 0 0 0 0 0 0 0 0 0 0 0 0 0 0 0 0 0 0
#obs cpue bio
 8635.97 5512.46 3961.27 5324.18 5591.08 17782 19585.2 25972.5 44504 74969.3 44314.6 91521.1 105452 113419 64795.2 93406 100857 123308 97620.7 75111.8 96518.8 119669 101436 105994 192771 134924 127994 90321.9 78285.2
#pred surv len freq
 1.71203e-11 1.85906e-09 1.19019e-07 4.49237e-06 9.99712e-05 0.00131165 0.0101467 0.0462925 0.124721 0.199745 0.196418 0.135816 0.0910211 0.0673443 0.0451268 0.0277306 0.0174575 0.0112092 0.00740627 0.0051634 0.00387187 0.00317041 0.00269671 0.00205525 0.0011913
 1.33136e-11 1.4457e-09 9.25552e-08 3.4935e-06 7.77429e-05 0.00102003 0.00789158 0.0360221 0.0973011 0.15786 0.164822 0.139692 0.127815 0.109902 0.0719194 0.0386527 0.0204602 0.0110669 0.00607211 0.00347392 0.00213513 0.00146188 0.00109926 0.000793977 0.000457116
 1.55767e-11 1.69144e-09 1.08288e-07 4.08732e-06 9.09575e-05 0.0011934 0.00923228 0.0421283 0.113609 0.18282 0.183896 0.138254 0.107679 0.0873369 0.0596071 0.0354747 0.0198915 0.00999855 0.00457181 0.0020759 0.000989851 0.000521282 0.000314967 0.00020049 0.000109755
 1.91381e-11 2.07816e-09 1.33046e-07 5.02182e-06 0.000111753 0.00146623 0.0113424 0.0517431 0.139349 0.222717 0.216838 0.144004 0.0879515 0.0588275 0.0345091 0.0166106 0.0077597 0.00376555 0.00176177 0.000749127 0.000291014 0.000112584 4.86778e-05 2.4139e-05 1.1643e-05
 1.93603e-11 2.1023e-09 1.34591e-07 5.08015e-06 0.000113051 0.00148326 0.0114741 0.0523447 0.140976 0.22537 0.219667 0.146505 0.090063 0.0595587 0.0327345 0.0130705 0.00433883 0.00146495 0.00052651 0.000196638 7.193e-05 2.41502e-05 7.66031e-06 2.58939e-06 9.5195e-07
 1.90846e-11 2.07235e-09 1.32674e-07 5.00778e-06 0.000111441 0.00146213 0.0113107 0.0516003 0.138985 0.222299 0.217203 0.146304 0.0919924 0.0621451 0.0348474 0.0144617 0.00502897 0.0016211 0.000461468 0.000118635 3.09548e-05 8.45052e-06 2.2536e-06 5.66506e-07 1.41707e-07
 1.90438e-11 2.06793e-09 1.32391e-07 4.9971e-06 0.000111203 0.00145901 0.0112866 0.0514907 0.138695 0.221874 0.216977 0.146652 0.0928464 0.0628821 0.0349477 0.0140935 0.00467034 0.00146103 0.000417183 0.000103715 2.24924e-05 4.34282e-06 8.02058e-07 1.48818e-07 2.69286e-08
 1.92854e-11 2.09417e-09 1.34071e-07 5.06049e-06 0.000112614 0.00147752 0.0114297 0.0521425 0.140435 0.224535 0.218995 0.146445 0.0905925 0.0603165 0.0334361 0.0135807 0.00455501 0.0014245 0.000396863 9.52163e-05 2.00496e-05 3.64e-06 5.57034e-07 7.33314e-08 8.83318e-09
 1.96469e-11 2.13342e-09 1.36583e-07 5.15534e-06 0.000114724 0.00150521 0.0116439 0.0531181 0.143044 0.228558 0.222213 0.146681 0.0880455 0.0570061 0.0308993 0.01201 0.00370941 0.0010718 0.000288649 6.85946e-05 1.42193e-05 2.50488e-06 3.66475e-07 4.39266e-08 4.27026e-09
 1.94244e-11 2.10926e-09 1.35037e-07 5.09695e-06 0.000113425 0.00148817 0.0115121 0.0525177 0.14144 0.226096 0.220298 0.146717 0.0898913 0.0592362 0.032403 0.0127392 0.00400252 0.00115852 0.000300257 6.65338e-05 1.2948e-05 2.20349e-06 3.15399e-07 3.66771e-08 3.37092e-09
 2.03963e-11 2.21479e-09 1.41793e-07 5.35198e-06 0.0001191 0.00156262 0.0120879 0.0551407 0.148451 0.236878 0.228785 0.146896 0.0823503 0.0498766 0.0257759 0.00915479 0.0022937 0.000491404 0.00010502 2.16744e-05 4.04626e-06 6.50275e-07 8.73086e-08 9.66161e-09 8.57906e-10
 2.06752e-11 2.24508e-09 1.43732e-07 5.42516e-06 0.000120729 0.00158399 0.0122531 0.0558932 0.150461 0.239956 0.231145 0.14674 0.0798727 0.0469911 0.0239814 0.00843435 0.00205974 0.0004113 7.59327e-05 1.23868e-05 1.77005e-06 2.35343e-07 2.86824e-08 2.97899e-09 2.49095e-10
 2.08275e-11 2.26161e-09 1.44791e-07 5.46512e-06 0.000121618 0.00159565 0.0123433 0.0563041 0.151559 0.241635 0.232426 0.146632 0.0784851 0.0453898 0.0230049 0.00806718 0.00196099 0.000387732 7.03142e-05 1.10244e-05 1.42914e-06 1.57626e-07 1.49577e-08 1.22854e-09 8.75576e-11
 2.041e-11 2.21628e-09 1.41888e-07 5.35556e-06 0.00011918 0.00156367 0.012096 0.0551777 0.148552 0.237045 0.22898 0.147108 0.0825639 0.0499586 0.0255977 0.0088133 0.00200779 0.000347543 5.47198e-05 7.92922e-06 9.88984e-07 1.04918e-07 9.24971e-09 6.5858e-10 3.78388e-11
 2.13603e-11 2.31947e-09 1.48495e-07 5.60493e-06 0.000124729 0.00163647 0.012659 0.0577419 0.1554 0.247524 0.236972 0.146438 0.0739049 0.0399631 0.0194961 0.00651336 0.00138889 0.000204285 2.49921e-05 2.88346e-06 2.99847e-07 2.72759e-08 2.16675e-09 1.44614e-10 7.76683e-12
 2.159e-11 2.34442e-09 1.50092e-07 5.66521e-06 0.000126071 0.00165407 0.0127951 0.0583617 0.157055 0.250057 0.238905 0.14628 0.0718184 0.0375512 0.0180191 0.00595122 0.00123415 0.000167474 1.73152e-05 1.61687e-06 1.3558e-07 9.60519e-09 5.8931e-10 3.17481e-11 1.45578e-12
 2.1675e-11 2.35365e-09 1.50683e-07 5.68752e-06 0.000126567 0.00166058 0.0128454 0.0585911 0.157668 0.250993 0.239616 0.146209 0.0710277 0.0366467 0.0174784 0.00576093 0.00119192 0.000160654 1.63051e-05 1.46434e-06 1.13995e-07 7.02976e-09 3.49103e-10 1.46112e-11 5.12617e-13
 2.15343e-11 2.33837e-09 1.49704e-07 5.65059e-06 0.000125745 0.0016498 0.0127621 0.0582113 0.156654 0.249443 0.238439 0.146326 0.0723366 0.0381441 0.0183737 0.00607612 0.0012618 0.000171747 1.77978e-05 1.63539e-06 1.284e-07 7.83575e-09 3.75217e-10 1.45315e-11 4.44708e-13
 2.20261e-11 2.39177e-09 1.53123e-07 5.77964e-06 0.000128617 0.00168748 0.0130534 0.0595383 0.160197 0.254862 0.242557 0.145931 0.0677818 0.0329235 0.0152388 0.00495608 0.00100196 0.000126001 1.07713e-05 7.52201e-07 4.87642e-08 2.77784e-09 1.31587e-10 5.09473e-12 1.54075e-13
 2.2245e-11 2.41555e-09 1.54645e-07 5.83709e-06 0.000129896 0.00170425 0.0131831 0.060129 0.161774 0.257273 0.244386 0.145743 0.0657358 0.0305876 0.0138493 0.00447522 0.000901209 0.000112245 9.32513e-06 6.10748e-07 3.57902e-08 1.75506e-09 6.6996e-11 2.07553e-12 5.44433e-14
 2.24631e-11 2.43922e-09 1.56161e-07 5.8943e-06 0.000131169 0.00172095 0.0133123 0.0607173 0.163345 0.259675 0.246208 0.145555 0.0636983 0.0282614 0.0124655 0.00399642 0.000800953 9.86114e-05 7.92313e-06 4.84333e-07 2.62545e-08 1.21629e-09 4.37991e-11 1.23589e-12 2.80825e-14
 2.24109e-11 2.43356e-09 1.55799e-07 5.88062e-06 0.000130864 0.00171696 0.0132814 0.0605766 0.162969 0.259101 0.245774 0.145604 0.064192 0.0288219 0.0127943 0.00410469 0.000819687 9.95454e-05 7.66343e-06 4.2431e-07 2.01885e-08 8.48822e-10 2.8447e-11 7.43543e-13 1.56324e-14
 2.26894e-11 2.4638e-09 1.57735e-07 5.9537e-06 0.000132491 0.00173829 0.0134464 0.061328 0.164976 0.262168 0.248098 0.14536 0.0615825 0.0258461 0.0110291 0.00349982 0.000697262 8.46306e-05 6.51162e-06 3.59714e-07 1.69637e-08 6.95548e-10 2.20373e-11 5.22613e-13 9.77617e-15
 2.28837e-11 2.48489e-09 1.59085e-07 6.00466e-06 0.000133625 0.00175317 0.0135615 0.0618521 0.166375 0.264307 0.24972 0.145192 0.0597658 0.0237729 0.00979709 0.00307499 0.000609356 7.31098e-05 5.42441e-06 2.72553e-07 1.10483e-08 4.01777e-10 1.20619e-11 2.79362e-13 5.09922e-15
 2.28758e-11 2.48404e-09 1.5903e-07 6.0026e-06 0.000133579 0.00175257 0.0135568 0.0618308 0.166318 0.26422 0.249653 0.145196 0.0598351 0.0238542 0.00984851 0.00309645 0.000616468 7.51462e-05 5.86687e-06 3.35326e-07 1.64841e-08 6.84076e-10 2.0915e-11 4.52504e-13 7.37402e-15
 2.29941e-11 2.49688e-09 1.59853e-07 6.03364e-06 0.000134269 0.00176163 0.0136269 0.06215 0.167171 0.265523 0.250643 0.145097 0.0587328 0.022594 0.00909653 0.00283341 0.000559365 6.65565e-05 4.80573e-06 2.22966e-07 7.6931e-09 2.36707e-10 6.58444e-12 1.51848e-13 2.81137e-15
 2.33319e-11 2.53356e-09 1.62201e-07 6.12227e-06 0.000136242 0.00178751 0.013827 0.0630614 0.169604 0.269243 0.253462 0.144801 0.0555676 0.0189848 0.00695579 0.00210014 0.000411152 4.85863e-05 3.44031e-06 1.4989e-07 4.38455e-09 1.02279e-10 2.13752e-12 3.71251e-14 5.01673e-16
 2.38126e-11 2.58576e-09 1.65543e-07 6.24841e-06 0.000139049 0.00182434 0.0141118 0.0643584 0.173067 0.274537 0.257474 0.144379 0.0510614 0.0138472 0.0039096 0.0010581 0.000201524 2.35921e-05 1.64535e-06 6.82579e-08 1.71313e-09 2.75737e-11 3.28957e-13 3.48755e-15 3.33931e-17
 2.37015e-11 2.5737e-09 1.64771e-07 6.21927e-06 0.0001384 0.00181583 0.014046 0.0640587 0.172267 0.273313 0.256547 0.144477 0.0521028 0.0150344 0.00461341 0.0012987 0.000249813 2.93017e-05 2.04341e-06 8.46348e-08 2.11156e-09 3.33272e-11 3.77267e-13 3.62305e-15 2.96793e-17
#obs surv len freq
 3.66411e-11 3.53999e-09 2.01639e-07 6.77152e-06 0.000134072 0.00156509 0.0107733 0.0437573 0.105251 0.152841 0.146989 0.125592 0.123394 0.111266 0.0786283 0.0480518 0.0274879 0.0142079 0.00646803 0.00253413 0.000811466 0.000200173 3.59903e-05 4.49183e-06 3.74137e-07
 2.62945e-11 2.45026e-09 1.34617e-07 4.36039e-06 8.3272e-05 0.000937676 0.00622841 0.0244619 0.0575214 0.0862026 0.103779 0.138665 0.178357 0.166877 0.112278 0.0635732 0.0339574 0.0165682 0.00704441 0.00253132 0.00073604 0.000164368 2.67314e-05 3.01915e-06 2.27924e-07
 1.02736e-10 9.21791e-09 4.87618e-07 1.52078e-05 0.000279635 0.00303151 0.0193773 0.0730481 0.162644 0.215558 0.177077 0.107468 0.0712891 0.0574893 0.0456597 0.0328015 0.019614 0.00936567 0.00368125 0.00120787 0.000318845 6.4177e-05 9.3698e-06 9.49967e-07 6.44984e-08
 1.24546e-10 1.07421e-08 5.46245e-07 1.63766e-05 0.000289469 0.00301671 0.0185388 0.0672355 0.144529 0.188342 0.165285 0.132541 0.118552 0.0890097 0.0455104 0.0168813 0.00611011 0.00261452 0.00107329 0.000350183 8.61453e-05 1.56766e-05 2.05048e-06 1.85863e-07 1.12859e-08
 1.96445e-10 1.62623e-08 7.93703e-07 2.28389e-05 0.000387464 0.00387561 0.022859 0.0795578 0.163997 0.204175 0.168424 0.122836 0.100976 0.0732422 0.0380753 0.0148351 0.00488246 0.00139436 0.000351242 8.4539e-05 1.85438e-05 3.17476e-06 3.84242e-07 3.15464e-08 1.71701e-09
 2.67962e-10 2.12599e-08 9.94458e-07 2.74253e-05 0.000445921 0.00427485 0.024167 0.0806484 0.159715 0.192926 0.160824 0.127748 0.111593 0.0793653 0.0387995 0.0138578 0.00418905 0.00111948 0.000247652 4.40886e-05 6.47199e-06 7.97774e-07 7.90966e-08 5.76011e-09 2.84886e-10
 4.05728e-10 3.08088e-08 1.37929e-06 3.6406e-05 0.000566543 0.00519819 0.0281264 0.0898414 0.170356 0.197339 0.158664 0.122591 0.103828 0.0715346 0.0344336 0.0124473 0.00381168 0.000986304 0.000201639 3.20114e-05 3.95134e-06 3.73094e-07 2.65208e-08 1.40549e-09 5.42554e-11
 5.91895e-10 4.29616e-08 1.83846e-06 4.63839e-05 0.000689959 0.00605122 0.0312991 0.0955992 0.173616 0.19413 0.155116 0.123779 0.105108 0.0694166 0.0311814 0.0102598 0.00285176 0.00069215 0.000136629 2.0895e-05 2.41036e-06 2.03613e-07 1.22925e-08 5.22009e-10 1.53971e-11
 8.94111e-10 6.19579e-08 2.53128e-06 6.0971e-05 0.000865866 0.0072501 0.0358034 0.104431 0.181305 0.194775 0.152158 0.120936 0.100384 0.0635468 0.0271983 0.00848431 0.00220595 0.00049107 8.76526e-05 1.21391e-05 1.28853e-06 1.01445e-07 5.68267e-09 2.19203e-10 5.69064e-12
 1.30371e-09 8.61517e-08 3.35649e-06 7.70987e-05 0.00104413 0.00833751 0.0392691 0.109301 0.181582 0.189116 0.14948 0.124584 0.103142 0.0618648 0.024093 0.00644087 0.00136609 0.000253728 3.96552e-05 4.89713e-06 4.63329e-07 3.25485e-08 1.6389e-09 5.73828e-11 1.36076e-12
 1.93387e-09 1.21739e-07 4.51823e-06 9.88663e-05 0.00127549 0.00970256 0.0435386 0.115519 0.183427 0.184836 0.146558 0.125078 0.101993 0.058816 0.0220271 0.00571883 0.00117437 0.00020236 2.75515e-05 2.82955e-06 2.20744e-07 1.30804e-08 5.70146e-10 1.75508e-11 3.69139e-13
 3.02488e-09 1.81216e-07 6.40066e-06 0.000133288 0.00163647 0.0118471 0.0505957 0.127792 0.193381 0.186594 0.143422 0.118971 0.0927076 0.0504114 0.0175294 0.00410595 0.000738739 0.000112436 1.39403e-05 1.31451e-06 9.20354e-08 4.71809e-09 1.72982e-10 4.44018e-12 7.85363e-14
 4.35908e-09 2.48297e-07 8.33848e-06 0.000165099 0.00192731 0.0132668 0.053886 0.129591 0.187789 0.177888 0.142806 0.125274 0.0965942 0.0501293 0.016423 0.00357655 0.000586301 7.99183e-05 8.78477e-06 7.2631e-07 4.43498e-08 1.99755e-09 6.49186e-11 1.47303e-12 2.272e-14
 5.57893e-09 3.01887e-07 9.63112e-06 0.000181156 0.00200905 0.0131398 0.0507419 0.116406 0.163546 0.160264 0.149807 0.148581 0.115216 0.0575211 0.0180592 0.00381324 0.00061384 8.13435e-05 8.42815e-06 6.36566e-07 3.46066e-08 1.36443e-09 3.85455e-11 7.59957e-13 1.02197e-14
 9.50681e-09 4.88323e-07 1.47883e-05 0.000264042 0.00277964 0.0172566 0.0632487 0.137629 0.182826 0.167234 0.142822 0.130271 0.0946395 0.0446078 0.0132714 0.00266709 0.000410246 5.19176e-05 5.12252e-06 3.67575e-07 1.8873e-08 6.93323e-10 1.79111e-11 3.1697e-13 3.76948e-15
 1.33093e-08 6.48491e-07 1.86291e-05 0.000315519 0.00315087 0.0185584 0.0645725 0.133801 0.171739 0.159862 0.148388 0.140446 0.0991294 0.0445196 0.0126354 0.00244758 0.000366474 4.49235e-05 4.23711e-06 2.88272e-07 1.39849e-08 4.8415e-10 1.17459e-11 1.94244e-13 2.14328e-15
 2.15087e-08 9.93519e-07 2.70568e-05 0.000434433 0.00411284 0.0229653 0.0757581 0.148874 0.181424 0.160798 0.142253 0.127804 0.0857044 0.036982 0.0103836 0.00209287 0.000337049 4.31652e-05 4.05021e-06 2.66867e-07 1.2403e-08 4.08211e-10 9.34229e-12 1.44819e-13 1.49145e-15
 3.06744e-08 1.34253e-06 3.4643e-05 0.000527051 0.00472799 0.0250197 0.0782814 0.146474 0.172965 0.156769 0.147863 0.133868 0.0862923 0.035438 0.0095313 0.00186855 0.000296739 3.77579e-05 3.56407e-06 2.40052e-07 1.1437e-08 3.79097e-10 8.51099e-12 1.26675e-13 1.23563e-15
 4.7852e-08 1.9836e-06 4.84784e-05 0.000698541 0.0059351 0.0297493 0.088195 0.156614 0.176694 0.155763 0.143967 0.125249 0.0768815 0.0303053 0.00801242 0.00159248 0.000257418 3.24733e-05 2.97936e-06 1.94595e-07 9.04862e-09 2.95023e-10 6.55584e-12 9.68252e-14 9.34064e-16
 6.59706e-08 2.5892e-06 5.99132e-05 0.000817399 0.00657605 0.0312206 0.087799 0.148968 0.16552 0.154668 0.154193 0.133808 0.0783922 0.0291454 0.0072426 0.00135284 0.000206994 2.50798e-05 2.24515e-06 1.44366e-07 6.58767e-09 2.08515e-10 4.45789e-12 6.31408e-14 5.84861e-16
 1.08471e-07 4.02982e-06 8.82674e-05 0.00113991 0.00868077 0.0390112 0.103841 0.166694 0.174837 0.153161 0.142583 0.116162 0.064308 0.0228096 0.00549876 0.00101168 0.000151229 1.74652e-05 1.465e-06 8.79539e-08 3.77181e-09 1.13352e-10 2.31929e-12 3.1532e-14 2.79868e-16
 1.61421e-07 5.67579e-06 0.000117662 0.00143814 0.0103659 0.0441008 0.111244 0.170029 0.172924 0.152325 0.142085 0.111581 0.0585911 0.0197148 0.00454274 0.000805636 0.000116219 1.29221e-05 1.04312e-06 6.00797e-08 2.4475e-09 6.90207e-11 1.31434e-12 1.65963e-14 1.37172e-16
 2.37498e-07 7.90292e-06 0.000155045 0.00179347 0.0122347 0.0492779 0.117839 0.171796 0.170496 0.152335 0.142341 0.107398 0.0532333 0.0168013 0.00361005 0.000593615 7.94589e-05 8.25146e-06 6.26049e-07 3.40295e-08 1.31085e-09 3.49582e-11 6.28385e-13 7.46079e-15 5.76672e-17
 3.67505e-07 1.15732e-05 0.000214875 0.00235226 0.0151866 0.057896 0.131116 0.181456 0.172282 0.148764 0.133331 0.095439 0.044918 0.0136209 0.0028731 0.000470422 6.1671e-05 6.07964e-06 4.28423e-07 2.14242e-08 7.58892e-10 1.86867e-11 3.11554e-13 3.44203e-15 2.48004e-17
 4.83973e-07 1.44243e-05 0.000253463 0.00262615 0.0160501 0.0579738 0.124915 0.167538 0.163864 0.156698 0.147402 0.102284 0.0451256 0.012535 0.00234554 0.000332305 3.83477e-05 3.46993e-06 2.31021e-07 1.09953e-08 3.67622e-10 8.42791e-12 1.29381e-13 1.30851e-15 8.62039e-18
 6.128e-07 1.72868e-05 0.000287518 0.00281984 0.0163183 0.0558924 0.114977 0.15149 0.157479 0.168035 0.162745 0.109165 0.0459136 0.0122576 0.00224777 0.000315314 3.50949e-05 2.92238e-06 1.72649e-07 7.19308e-09 2.12673e-10 4.40739e-12 6.22977e-14 5.84984e-16 3.57787e-18
 1.15889e-06 3.09465e-05 0.000487223 0.00452306 0.0247695 0.0801846 0.154982 0.187049 0.165813 0.143894 0.121555 0.0758158 0.0307279 0.00826353 0.00162047 0.000249857 2.94379e-05 2.46634e-06 1.42374e-07 5.68294e-09 1.57142e-10 2.96619e-12 3.74418e-14 3.11388e-16 1.6908e-18
 1.37941e-06 3.48732e-05 0.000519814 0.00456918 0.0237039 0.0728605 0.135134 0.163362 0.161725 0.164663 0.145466 0.086822 0.0322245 0.00754441 0.00120503 0.00014807 1.49385e-05 1.18365e-06 6.88688e-08 2.82514e-09 7.92609e-11 1.47943e-12 1.8019e-14 1.41723e-16 7.15375e-19
 1.44164e-06 3.45101e-05 0.000487097 0.0040553 0.0199486 0.0584495 0.105761 0.135389 0.162033 0.192628 0.173914 0.10066 0.0363614 0.00859662 0.00146455 0.000194136 1.95768e-05 1.40198e-06 6.93083e-08 2.39781e-09 5.88952e-11 1.01436e-12 1.18687e-14 9.14102e-17 4.5262e-19
#pred catch len freq
 1.22196e-11 1.3269e-09 8.49495e-08 3.20642e-06 7.13544e-05 0.00093621 0.00724314 0.033063 0.0893201 0.145008 0.151861 0.129975 0.120961 0.107056 0.0753453 0.0469008 0.0296676 0.0190783 0.0126095 0.00879119 0.00659226 0.00539795 0.00459143 0.00349927 0.00202831
 9.11629e-12 9.89921e-10 6.33757e-08 2.39212e-06 5.32336e-05 0.000698479 0.00540484 0.0246936 0.0670117 0.111221 0.127813 0.137904 0.158635 0.148405 0.0990998 0.0535901 0.0284617 0.0154164 0.00846128 0.00484097 0.00297535 0.00203716 0.00153184 0.00110642 0.000636999
 1.19609e-11 1.29882e-09 8.31514e-08 3.13855e-06 6.98442e-05 0.0009164 0.00709007 0.0323689 0.0875076 0.142571 0.15167 0.135779 0.132863 0.119833 0.0840038 0.0503203 0.028279 0.0142253 0.00650562 0.00295403 0.00140856 0.000741782 0.000448197 0.000285296 0.000156181
 1.65757e-11 1.79992e-09 1.15233e-07 4.34946e-06 9.6791e-05 0.00126993 0.0098243 0.0448282 0.120869 0.194327 0.194632 0.14399 0.108468 0.0836956 0.0512406 0.024905 0.0116676 0.00566761 0.00265229 0.00112781 0.00043812 0.000169494 7.32839e-05 3.6341e-05 1.75285e-05
 1.65374e-11 1.79576e-09 1.14966e-07 4.33941e-06 9.65673e-05 0.001267 0.00980172 0.0447275 0.120629 0.194203 0.195728 0.147941 0.114927 0.0886343 0.0509807 0.0205705 0.00685375 0.00231917 0.000834234 0.000311617 0.00011399 3.82717e-05 1.21396e-05 4.10351e-06 1.50859e-06
 1.65159e-11 1.79343e-09 1.14817e-07 4.33377e-06 9.64419e-05 0.00126535 0.00978898 0.0446692 0.12047 0.193926 0.195358 0.147442 0.114369 0.0884765 0.0516148 0.0216134 0.00753747 0.00243321 0.000693027 0.000178186 4.64934e-05 1.26924e-05 3.38482e-06 8.50869e-07 2.12839e-07
 1.64124e-11 1.78219e-09 1.14097e-07 4.3066e-06 9.58372e-05 0.00125742 0.00972765 0.0443901 0.119728 0.192821 0.194659 0.147985 0.116024 0.0900198 0.0520412 0.0211755 0.00703788 0.00220523 0.0006301 0.000156671 3.39775e-05 6.56031e-06 1.21159e-06 2.24805e-07 4.06784e-08
 1.70125e-11 1.84735e-09 1.18269e-07 4.46407e-06 9.93414e-05 0.0013034 0.0100832 0.0460093 0.124052 0.199437 0.199705 0.147561 0.11056 0.0837262 0.0482259 0.0197563 0.00664279 0.00207986 0.000579706 0.000139098 2.92897e-05 5.31749e-06 8.13739e-07 1.07125e-07 1.29038e-08
 1.72844e-11 1.87688e-09 1.2016e-07 4.53543e-06 0.000100929 0.00132423 0.0102443 0.0467436 0.126018 0.202488 0.20224 0.148053 0.109122 0.0815498 0.0461763 0.0181258 0.00561503 0.00162507 0.000437972 0.000104099 2.15795e-05 3.80145e-06 5.56165e-07 6.66633e-08 6.48056e-09
 1.80026e-11 1.95486e-09 1.25152e-07 4.72387e-06 0.000105123 0.00137924 0.0106697 0.0486812 0.131193 0.210404 0.208269 0.147521 0.102543 0.073989 0.0416141 0.0164576 0.00517628 0.00149848 0.000388361 8.60534e-05 1.67461e-05 2.84978e-06 4.07903e-07 4.74339e-08 4.35956e-09
 1.90887e-11 2.07281e-09 1.32703e-07 5.00888e-06 0.000111465 0.00146245 0.0113132 0.0516127 0.13903 0.222466 0.217812 0.147881 0.094359 0.0636883 0.0341353 0.0122227 0.00306743 0.000657435 0.000140521 2.90018e-05 5.41403e-06 8.70071e-07 1.16818e-07 1.29271e-08 1.14787e-09
 1.93963e-11 2.10621e-09 1.34842e-07 5.08959e-06 0.000113261 0.00148602 0.0114955 0.0524427 0.141247 0.225862 0.22042 0.147722 0.0916474 0.060521 0.0321532 0.0114115 0.00279201 0.000557807 0.000103002 1.68037e-05 2.40118e-06 3.19246e-07 3.89075e-08 4.04096e-09 3.37894e-10
 1.98413e-11 2.15453e-09 1.37935e-07 5.20635e-06 0.00011586 0.0015201 0.0117591 0.0536432 0.144453 0.230767 0.224156 0.147393 0.0875699 0.0558266 0.0293052 0.0103585 0.00252169 0.000498648 9.04172e-05 1.4175e-05 1.83747e-06 2.02653e-07 1.923e-08 1.57942e-09 1.12565e-10
 1.973e-11 2.14244e-09 1.37161e-07 5.17713e-06 0.000115209 0.00151158 0.0116931 0.053343 0.143653 0.229554 0.223289 0.14766 0.0888699 0.057182 0.0299287 0.0103531 0.00236027 0.000408411 6.42641e-05 9.30868e-06 1.16086e-06 1.23143e-07 1.08561e-08 7.72948e-10 4.44096e-11
 2.08742e-11 2.26669e-09 1.45116e-07 5.47738e-06 0.000121891 0.00159923 0.012371 0.0564304 0.151898 0.242169 0.232909 0.146849 0.078438 0.0451431 0.022584 0.00758988 0.00162017 0.000238264 2.91298e-05 3.35883e-06 3.49179e-07 3.17599e-08 2.52283e-09 1.68376e-10 9.04299e-12
 2.11258e-11 2.29401e-09 1.46865e-07 5.54341e-06 0.00012336 0.00161851 0.0125201 0.0571093 0.153711 0.244944 0.235028 0.146679 0.0761565 0.0425037 0.0209648 0.00697014 0.00144728 0.000196396 2.02947e-05 1.89382e-06 1.5874e-07 1.12441e-08 6.89812e-10 3.71612e-11 1.70397e-12
 2.11934e-11 2.30135e-09 1.47335e-07 5.56114e-06 0.000123755 0.00162369 0.0125601 0.0572917 0.154198 0.245689 0.235594 0.146624 0.0755293 0.0417855 0.0205345 0.00681744 0.0014125 0.000190394 1.93143e-05 1.73351e-06 1.34897e-07 8.31747e-09 4.1302e-10 1.72856e-11 6.06429e-13
 2.12378e-11 2.30617e-09 1.47643e-07 5.5728e-06 0.000124014 0.00162709 0.0125864 0.0574115 0.154518 0.246178 0.235963 0.146581 0.0751071 0.0413071 0.0202551 0.00672703 0.00139804 0.000190257 1.97017e-05 1.8088e-06 1.41946e-07 8.66068e-09 4.14683e-10 1.60592e-11 4.91447e-13
 2.17682e-11 2.36377e-09 1.51331e-07 5.71197e-06 0.000127111 0.00166772 0.0129006 0.0588425 0.158339 0.252022 0.240404 0.146155 0.0701964 0.0356779 0.0168739 0.00551785 0.00111674 0.000140443 1.20008e-05 8.37351e-07 5.42423e-08 3.08875e-09 1.46294e-10 5.66382e-12 1.71281e-13
 2.20269e-11 2.39186e-09 1.53129e-07 5.77986e-06 0.000128622 0.00168754 0.0130539 0.0595406 0.160203 0.254871 0.242565 0.145933 0.0677784 0.0329174 0.015232 0.00494993 0.000997938 0.000124303 1.0323e-05 6.75551e-07 3.95554e-08 1.93887e-09 7.40003e-11 2.29234e-12 6.01277e-14
 2.22961e-11 2.42109e-09 1.55e-07 5.85048e-06 0.000130194 0.00170816 0.0132134 0.0602667 0.162142 0.257836 0.244814 0.145701 0.0652626 0.0300454 0.0135241 0.00435951 0.000874693 0.000107701 8.65062e-06 5.28387e-07 2.86166e-08 1.32503e-09 4.7705e-11 1.34598e-12 3.05825e-14
 2.22431e-11 2.41533e-09 1.54632e-07 5.83657e-06 0.000129884 0.0017041 0.0131819 0.0601237 0.16176 0.257252 0.244372 0.145751 0.065765 0.0306156 0.0138583 0.00446924 0.000893439 0.000108516 8.35212e-06 4.62136e-07 2.19674e-08 9.23004e-10 3.09245e-11 8.0821e-13 1.6991e-14
 2.25708e-11 2.45092e-09 1.5691e-07 5.92256e-06 0.000131798 0.0017292 0.0133761 0.0610079 0.164121 0.260861 0.247108 0.145464 0.0626942 0.0271139 0.0117811 0.00375747 0.000749383 9.09682e-05 6.99755e-06 3.86292e-07 1.81992e-08 7.45698e-10 2.36195e-11 5.60069e-13 1.04762e-14
 2.27141e-11 2.46647e-09 1.57906e-07 5.96016e-06 0.000132634 0.00174018 0.013461 0.0613945 0.165153 0.262439 0.248305 0.145341 0.0613554 0.0255854 0.010872 0.00344295 0.000683573 8.20415e-05 6.08657e-06 3.05688e-07 1.23813e-08 4.49911e-10 1.3502e-11 3.12671e-13 5.7068e-15
 2.27984e-11 2.47564e-09 1.58492e-07 5.9823e-06 0.000133127 0.00174664 0.013511 0.0616221 0.165761 0.263368 0.249008 0.145264 0.06056 0.0246808 0.0103389 0.0032645 0.000650503 7.93009e-05 6.18937e-06 3.53485e-07 1.73591e-08 7.1992e-10 2.20051e-11 4.76041e-13 7.75708e-15
 2.29536e-11 2.49249e-09 1.59572e-07 6.02302e-06 0.000134033 0.00175853 0.0136029 0.0620409 0.166879 0.265077 0.250305 0.145133 0.059112 0.0230264 0.00935292 0.00292112 0.000577013 6.8662e-05 4.95727e-06 2.29911e-07 7.92588e-09 2.43601e-10 6.77158e-12 1.56122e-13 2.89021e-15
 2.33346e-11 2.53386e-09 1.6222e-07 6.123e-06 0.000136258 0.00178772 0.0138286 0.0630688 0.169624 0.269273 0.253485 0.144799 0.0555417 0.0189553 0.00693827 0.00209414 0.000409945 4.84421e-05 3.42988e-06 1.49405e-07 4.36779e-09 1.01776e-10 2.12479e-12 3.68848e-14 4.98328e-16
 2.38089e-11 2.58536e-09 1.65517e-07 6.24744e-06 0.000139027 0.00182405 0.0141096 0.0643484 0.173041 0.274496 0.257443 0.144382 0.051096 0.0138867 0.00393303 0.00106611 0.000203132 2.37822e-05 1.65862e-06 6.88062e-08 1.72668e-09 2.77809e-11 3.31131e-13 3.50653e-15 3.35504e-17
 2.36937e-11 2.57285e-09 1.64716e-07 6.21721e-06 0.000138354 0.00181522 0.0140413 0.0640375 0.17221 0.273227 0.256482 0.144483 0.0521764 0.0151184 0.00466319 0.00131572 0.000253229 2.97057e-05 2.07162e-06 8.58008e-08 2.14043e-09 3.37719e-11 3.81997e-13 3.66436e-15 2.99945e-17
#obs catch len freq
 3.3233e-11 3.21073e-09 1.82884e-07 6.14168e-06 0.000121602 0.00141953 0.00977166 0.039697 0.0955861 0.139578 0.13763 0.125485 0.13061 0.119934 0.0852023 0.0528589 0.0314681 0.0172672 0.0083626 0.00346448 0.00116953 0.000302777 5.66411e-05 7.29238e-06 6.22918e-07
 4.89931e-11 4.56544e-09 2.50824e-07 8.12446e-06 0.000155153 0.00174695 0.011599 0.0454503 0.105573 0.148801 0.14194 0.125704 0.127128 0.113668 0.079268 0.048147 0.0273149 0.0139326 0.00623456 0.00238364 0.000737855 0.000174263 2.97302e-05 3.49453e-06 2.72528e-07
 3.53522e-11 3.17194e-09 1.67793e-07 5.23312e-06 9.6227e-05 0.00104333 0.00667376 0.0252566 0.0574109 0.084401 0.103698 0.143018 0.182377 0.166357 0.109831 0.0617274 0.0327125 0.0157319 0.00655877 0.0022954 0.00064448 0.000137693 2.1239e-05 2.2586e-06 1.59622e-07
 1.44932e-10 1.25004e-08 6.35653e-07 1.90571e-05 0.000336847 0.00351036 0.0215696 0.0781704 0.167379 0.213712 0.170613 0.103781 0.0712835 0.0582147 0.0459975 0.0325868 0.0190675 0.00890331 0.00342227 0.0010922 0.000278022 5.34874e-05 7.40358e-06 7.06681e-07 4.49181e-08
 1.78258e-10 1.47567e-08 7.2022e-07 2.07244e-05 0.000351593 0.00351685 0.0207444 0.0722253 0.149179 0.187643 0.161889 0.131805 0.118276 0.0864335 0.0427882 0.0156133 0.00570211 0.00243926 0.000977136 0.00030782 7.27143e-05 1.26277e-05 1.5651e-06 1.33548e-07 7.59247e-09
 2.85679e-10 2.26655e-08 1.06021e-06 2.92385e-05 0.000475402 0.00455743 0.0257631 0.0859503 0.169956 0.203708 0.164245 0.120679 0.0993927 0.0702708 0.0354524 0.0135226 0.00437606 0.00122631 0.000304405 7.20933e-05 1.5298e-05 2.49629e-06 2.8565e-07 2.20538e-08 1.12364e-09
 3.94828e-10 2.99812e-08 1.34223e-06 3.54279e-05 0.000551324 0.00505857 0.0273717 0.0874437 0.165939 0.192979 0.157684 0.126017 0.109067 0.0750885 0.0354858 0.012382 0.00368396 0.000963562 0.000207258 3.58181e-05 5.09814e-06 6.05575e-07 5.71978e-08 3.92614e-09 1.81786e-10
 6.05643e-10 4.39594e-08 1.88116e-06 4.74612e-05 0.000705984 0.00619172 0.0320248 0.0978001 0.177462 0.197586 0.155233 0.119912 0.100084 0.066641 0.0310307 0.0109642 0.00329285 0.000829468 0.000164226 2.51963e-05 2.99414e-06 2.70806e-07 1.8349e-08 9.2155e-10 3.34784e-11
 8.94556e-10 6.19887e-08 2.53254e-06 6.10013e-05 0.000866296 0.0072537 0.0358211 0.104481 0.181377 0.194777 0.15194 0.12048 0.0999796 0.0635226 0.0275065 0.00882512 0.00240838 0.000570348 0.000109026 1.60691e-05 1.77743e-06 1.4324e-07 8.21321e-09 3.29863e-10 9.16237e-12
 1.37102e-09 9.05994e-08 3.52978e-06 8.10791e-05 0.00109803 0.00876778 0.041292 0.11488 0.190398 0.196035 0.148683 0.116082 0.0933426 0.0566511 0.0233318 0.00708286 0.00180325 0.000390682 6.74418e-05 9.00463e-06 9.17132e-07 6.88487e-08 3.65678e-09 1.3314e-10 3.25017e-12
 2.01837e-09 1.27058e-07 4.71566e-06 0.000103186 0.00133121 0.0101263 0.0454367 0.120506 0.190946 0.190514 0.146116 0.118989 0.0948367 0.0543031 0.0202405 0.00523166 0.00108489 0.000196824 2.98061e-05 3.54712e-06 3.2182e-07 2.1556e-08 1.02941e-09 3.40246e-11 7.58531e-13
 3.02927e-09 1.81479e-07 6.40995e-06 0.000133482 0.00163885 0.0118643 0.0506686 0.12797 0.1936 0.186585 0.142896 0.118081 0.0921519 0.0506296 0.0181388 0.00455109 0.00091071 0.000152313 1.99783e-05 1.97221e-06 1.47687e-07 8.36184e-09 3.4613e-10 1.00639e-11 1.99054e-13
 4.76151e-09 2.71219e-07 9.10828e-06 0.00018034 0.00210521 0.0144908 0.0588436 0.141341 0.203559 0.187522 0.138635 0.110675 0.0822259 0.0424935 0.0140919 0.00317742 0.000556116 8.22941e-05 9.8384e-06 8.90095e-07 5.96128e-08 2.91138e-09 1.0125e-10 2.45591e-12 4.09002e-14
 6.93594e-09 3.75317e-07 1.19738e-05 0.000225218 0.00249764 0.016333 0.0630248 0.14402 0.198455 0.17927 0.137922 0.11566 0.0846821 0.0416838 0.0129999 0.00271851 0.00043234 5.71867e-05 6.05071e-06 4.79274e-07 2.79883e-08 1.20158e-09 3.70385e-11 7.935e-13 1.15135e-14
 9.09224e-09 4.67029e-07 1.41435e-05 0.000252529 0.00265845 0.0165049 0.0605048 0.131785 0.17589 0.163959 0.145778 0.137009 0.100507 0.0475374 0.0142055 0.00288135 0.000449591 5.76237e-05 5.7254e-06 4.12987e-07 2.14233e-08 8.0414e-10 2.15385e-11 4.00964e-13 5.07388e-15
 1.53947e-08 7.50103e-07 2.15481e-05 0.000364956 0.00364446 0.0214625 0.0746219 0.154046 0.194183 0.168582 0.136414 0.117541 0.0806545 0.0359827 0.010183 0.00196486 0.000292735 3.57918e-05 3.38299e-06 2.31582e-07 1.13276e-08 3.9537e-10 9.66503e-12 1.61261e-13 1.803e-15
 2.18146e-08 1.00765e-06 2.74416e-05 0.000440611 0.00417131 0.0232915 0.0768289 0.150926 0.183622 0.161758 0.141517 0.12609 0.0839494 0.0356657 0.00962815 0.0017911 0.000259559 3.06785e-05 2.76706e-06 1.7939e-07 8.28322e-09 2.72204e-10 6.24308e-12 9.72403e-14 1.00769e-15
 3.51417e-08 1.53806e-06 3.96882e-05 0.000603803 0.00541629 0.0286564 0.0895701 0.166761 0.192394 0.160873 0.133452 0.112504 0.0711111 0.029055 0.00778276 0.00151162 0.000235274 2.88957e-05 2.58261e-06 1.61835e-07 7.14923e-09 2.23057e-10 4.82015e-12 7.03076e-14 6.79527e-16
 5.06503e-08 2.0996e-06 5.13133e-05 0.000739388 0.00628203 0.0314852 0.0932953 0.165268 0.184407 0.156836 0.137795 0.116751 0.0708825 0.02756 0.00707467 0.00133728 0.000205231 2.50458e-05 2.25364e-06 1.44365e-07 6.52545e-09 2.04416e-10 4.3214e-12 6.04048e-14 5.52242e-16
 7.90393e-08 3.10212e-06 7.17817e-05 0.000979305 0.00787796 0.0373864 0.104925 0.176269 0.187515 0.154195 0.13179 0.106952 0.0617975 0.0230831 0.00583626 0.00111923 0.000174361 2.10303e-05 1.83685e-06 1.14077e-07 5.03242e-09 1.55035e-10 3.24233e-12 4.49299e-14 4.05681e-16
 1.10725e-07 4.11357e-06 9.01019e-05 0.0011636 0.00886107 0.0398194 0.105964 0.169888 0.177222 0.152948 0.140063 0.113253 0.0624286 0.0219804 0.00521908 0.000940048 0.000138643 1.60727e-05 1.37035e-06 8.37335e-08 3.61915e-09 1.08065e-10 2.17192e-12 2.88435e-14 2.49937e-16
 1.79969e-07 6.32794e-06 0.000131181 0.00160336 0.011556 0.0491469 0.123763 0.187639 0.184463 0.14856 0.126319 0.0956367 0.0497906 0.0167328 0.00385736 0.000683786 9.82341e-05 1.08259e-05 8.63743e-07 4.92681e-08 2.0019e-09 5.6766e-11 1.09165e-12 1.39066e-14 1.15367e-16
 2.69006e-07 8.95137e-06 0.000175614 0.00203136 0.0138562 0.0557815 0.133075 0.191849 0.181975 0.145813 0.123347 0.0898576 0.0443576 0.0141417 0.00311594 0.000532043 7.36752e-05 7.8107e-06 5.99287e-07 3.27512e-08 1.26203e-09 3.35344e-11 5.99715e-13 7.09328e-15 5.479e-17
 3.96819e-07 1.24963e-05 0.000232013 0.00253984 0.0163965 0.0624868 0.141275 0.193987 0.178586 0.143813 0.121429 0.0849688 0.0395806 0.0118276 0.00242698 0.000383732 4.92759e-05 4.87818e-06 3.51723e-07 1.81344e-08 6.60446e-10 1.65855e-11 2.79777e-13 3.10894e-15 2.24393e-17
 6.11995e-07 1.82398e-05 0.000320505 0.00332058 0.0202885 0.0731826 0.156648 0.203865 0.178474 0.1372 0.110105 0.0728842 0.0322311 0.0092611 0.00186673 0.00029339 3.6765e-05 3.44502e-06 2.30319e-07 1.09169e-08 3.65547e-10 8.47584e-12 1.32601e-13 1.37079e-15 9.22008e-18
 8.25745e-07 2.32938e-05 0.000387419 0.00379925 0.0219754 0.0750936 0.152779 0.191784 0.170429 0.142996 0.120693 0.0776616 0.0321876 0.00845413 0.0015069 0.00020468 2.26189e-05 1.94918e-06 1.2317e-07 5.55079e-09 1.75145e-10 3.77552e-12 5.4337e-14 5.13989e-16 3.16043e-18
 1.07449e-06 2.86927e-05 0.000451742 0.00419381 0.0229697 0.0744107 0.144297 0.176674 0.164045 0.152652 0.133705 0.0835034 0.033041 0.00834894 0.00145887 0.000195747 2.07662e-05 1.64003e-06 9.17561e-08 3.6196e-09 1.01136e-10 1.97345e-12 2.61652e-14 2.29758e-16 1.31089e-18
 1.93436e-06 4.89027e-05 0.000728911 0.00640612 0.0332083 0.101708 0.185501 0.208807 0.16618 0.124086 0.092936 0.0535999 0.0204363 0.00521503 0.000976245 0.000143603 1.60529e-05 1.27182e-06 6.93962e-08 2.61688e-09 6.82069e-11 1.20974e-12 1.43091e-14 1.11274e-16 5.63875e-19
 2.40644e-06 5.76044e-05 0.000813002 0.00676613 0.0332264 0.0965696 0.168482 0.187566 0.162318 0.141635 0.112604 0.0624998 0.021806 0.00482531 0.000732947 8.60613e-05 8.28561e-06 6.23688e-07 3.43527e-08 1.3296e-09 3.50685e-11 6.13496e-13 6.98814e-15 5.13163e-17 2.41461e-19
#spawning biomass
 5579.92 6558.6 5143.08 5336.24 7384.07 11759.3 15944.1 22726.7 31120.3 46709.8 48704.1 64529 93964.4 105044 93541.4 91008.5 95272.8 101907 81805.9 77978.5 79275.5 71349.1 72276.9 73723.4 109569 100175 90021.6 84132.2 87612.1 88568.7 149855 84194 45320 27980.7 21213.9 18783.7 17958.3 17688.7 17603.1 17576.5 17568.3 17565.8 17565.1 17564.9 17564.8 17564.8 17564.8 17564.8 17564.8 17564.8 17564.8 17564.8 17564.8 17564.8 17564.8 17564.8 17564.8 17564.8 17564.8 17564.8 17564.8 17564.8 17564.8 17564.8 17564.8 17564.8 17564.8 17564.8 17564.8 17564.8 17564.8 17564.8 17564.8 17564.8 17564.8 17564.8 17564.8 17564.8 17564.8 17564.8 17564.8 17564.8 17564.8 17564.8 17564.8 17564.8 17564.8 17564.8 17564.8 17564.8 17564.8 17564.8 17564.8 17564.8 17564.8 17564.8 17564.8 17564.8 17564.8 17564.8 17564.8 17564.8 17564.8 17564.8 17564.8 17564.8 17564.8 17564.8 17564.8 17564.8 17564.8 17564.8 17564.8 17564.8 17564.8 17564.8 17564.8 17564.8 17564.8 17564.8 17564.8 17564.8 17564.8 17564.8 17564.8 17564.8 17564.8 17564.8 17564.8 0 0 0 0 0 0 0 0 0 0 0 0 0 0 0 0 0 0 0 0 0 0 0 0 0
