SBPRF35
0.256306
Curr Bio
271800
B35
441732
F35
0.378119
FOFL
0.197493
OFL
56043.1
Bzero
73230.3
#pred survey bio
 75477.3 72030.8 55971.1 45257.5 74054.8 121334 176820 242585 330881 401127 402062 429779 423802 445484 418181 419229 398080 373357 397479 350144 373954 368480 383853 393823 399440 461660 506393 422182 1.36864e+07 7.82644e+06 5.66758e+06 3.76078e+06 2.47262e+06 1.70171e+06 1.26776e+06 1.03029e+06 901238 830559 791137 768598 755349 747341 742374 739219 737195 735877 735009 734433 734049 733792 733618 733502 733423 733370 733334 733310 733294 733283 733275 733270 733267 733264 733263 733262 733261 733260 733260 733260 733260 733260 733260 733260 733259 733259 733259 733259 733259 733259 733259 733259 733259 733259 733259 733259 733259 733259 733259 733259 733259 733259 733259 733259 733259 733259 733259 733259 733259 733259 733259 733259 733259 733259 733259 733259 733259 733259 733259 733259 733259 733259 733259 733259 733259 733259 733259 733259 733259 733259 733259 733259 733259 733259 733259 733259 733259 733259 733259 733259 0 0 0 0 0 0 0 0 0 0 0 0 0 0 0 0 0 0 0 0 0 0 0 0 0
#obs survey bio
 59045.9 58084.7 34214.6 64206.5 76899.4 119458 228834 388993 360287 382346 435534 408590 336780 407679 330752 599899 434076 336432 453714 357208 454495 308491 377097 367064 441806 430839 497977 328652
#pred catch bio
 10071.3 13158.9 12500.7 9029.24 17354.9 34192.1 48961.2 60140.9 96342.3 163388 164588 206407 196943 225158 198503 205317 193113 153922 196301 143467 173621 169571 179455 192485 174941 208771 279315 223499 56043.1 96052.3 67271.2 42915.2 27059.9 17981.9 13154.4 10702.1 9492.59 8907.65 8628.46 8496.39 8434.31 8405.24 8391.67 8385.34 8382.41 8381.05 8380.42 8380.13 8379.99 8379.93 8379.9 8379.88 8379.88 8379.88 8379.87 8379.87 8379.87 8379.87 8379.87 8379.87 8379.87 8379.87 8379.87 8379.87 8379.87 8379.87 8379.87 8379.87 8379.87 8379.87 8379.87 8379.87 8379.87 8379.87 8379.87 8379.87 8379.87 8379.87 8379.87 8379.87 8379.87 8379.87 8379.87 8379.87 8379.87 8379.87 8379.87 8379.87 8379.87 8379.87 8379.87 8379.87 8379.87 8379.87 8379.87 8379.87 8379.87 8379.87 8379.87 8379.87 8379.87 8379.87 8379.87 8379.87 8379.87 8379.87 8379.87 8379.87 8379.87 8379.87 8379.87 8379.87 8379.87 8379.87 8379.87 8379.87 8379.87 8379.87 8379.87 8379.87 8379.87 8379.87 8379.87 8379.87 8379.87 8379.87 8379.87 8379.87 0 0 0 0 0 0 0 0 0 0 0 0 0 0 0 0 0 0 0 0 0 0 0 0 0
#obs catch bio
 13435.1 13751.7 14073.4 9269.76 17493.4 33015.9 46305 56541.4 88461.7 153054 154984 203432 194103 232141 200308 200305 192554 152768 198718 138132 163929 174132 182376 198772 174242 216756 295130 222867
#pred cpue bio
 73934.9 71374.4 55779.6 44275 69752.7 115958 169125 232969 318404 386943 386710 411832 404805 425390 399935 400908 381154 357877 381651 336135 358808 352729 366667 376533 380879 440147 483557 403804 1.3042e+07 7.81595e+06 5.65094e+06 3.74384e+06 2.45567e+06 1.68476e+06 1.25081e+06 1.01334e+06 884290 813611 774189 751650 738401 730393 725426 722271 720247 718929 718061 717486 717101 716844 716671 716554 716475 716422 716387 716362 716346 716335 716327 716322 716319 716316 716315 716314 716313 716313 716312 716312 716312 716312 716312 716312 716312 716312 716312 716312 716312 716312 716312 716312 716312 716312 716312 716312 716312 716312 716312 716312 716312 716312 716312 716312 716312 716312 716312 716312 716312 716312 716312 716312 716312 716312 716312 716312 716312 716312 716312 716312 716312 716312 716312 716312 716312 716312 716312 716312 716312 716312 716312 716312 716312 716312 716312 716312 716312 716312 716312 716312 0 0 0 0 0 0 0 0 0 0 0 0 0 0 0 0 0 0 0 0 0 0 0 0 0
#obs cpue bio
 72704.8 57825.7 23810.8 63445.7 99871.7 217308 186956 182856 461555 418961 392371 399042 508388 380936 490646 361750 334127 366459 356789 396410 429889 265439 369359 351611 367150 344004 451624 561117
#pred surv len freq
 2.64088e-11 1.24214e-09 4.04558e-08 9.12379e-07 1.42481e-05 0.000154074 0.00115371 0.0059827 0.0214911 0.0535436 0.0929631 0.114562 0.10694 0.0897749 0.0828722 0.0810394 0.0737373 0.0627089 0.0524661 0.0434355 0.0355699 0.0292216 0.0236757 0.0176417 0.011051
 1.44304e-11 6.78737e-10 2.2106e-08 4.98546e-07 7.78555e-06 8.41912e-05 0.000630461 0.00327 0.0117561 0.029385 0.0516697 0.0667411 0.0721063 0.0806492 0.0972837 0.10778 0.102735 0.0896048 0.0761116 0.0628604 0.049888 0.0383114 0.0283484 0.0193826 0.0113942
 6.92477e-12 3.25708e-10 1.06081e-08 2.3924e-07 3.73609e-06 4.04016e-05 0.000302555 0.00156946 0.00564542 0.0141403 0.0250644 0.0333233 0.0390241 0.0497798 0.0684599 0.0883367 0.104352 0.114972 0.115536 0.103725 0.0843717 0.0635491 0.0444068 0.0280851 0.015312
 3.08668e-11 1.45183e-09 4.72851e-08 1.0664e-06 1.66533e-05 0.000180081 0.00134842 0.00699162 0.0251044 0.0624393 0.107679 0.12927 0.10978 0.0702305 0.0416936 0.0332043 0.038177 0.0496079 0.0616164 0.0682266 0.0655651 0.0542555 0.038704 0.0237065 0.0122027
 4.69995e-11 2.21063e-09 7.19989e-08 1.62375e-06 2.53572e-05 0.000274202 0.00205318 0.0106459 0.0382261 0.0950806 0.164004 0.197038 0.167702 0.107401 0.0608888 0.0374337 0.0245886 0.0161303 0.0126817 0.0133332 0.0148587 0.0145107 0.011658 0.00755828 0.00390578
 3.78716e-11 1.7813e-09 5.80157e-08 1.3084e-06 2.04325e-05 0.000220949 0.00165447 0.00857913 0.0308139 0.0767318 0.132953 0.162567 0.147599 0.114954 0.0941737 0.0804812 0.059889 0.0360935 0.0189201 0.0102873 0.00707332 0.00608396 0.00518978 0.0036835 0.00202883
 3.78839e-11 1.78188e-09 5.80345e-08 1.30882e-06 2.04392e-05 0.000221021 0.00165499 0.00858171 0.030821 0.0767279 0.1328 0.161695 0.144657 0.108468 0.0850386 0.0736577 0.0609939 0.0453659 0.0306108 0.0183671 0.00970005 0.00496563 0.00286881 0.00179057 0.00099297
 3.6e-11 1.69327e-09 5.51486e-08 1.24374e-06 1.94228e-05 0.00021003 0.0015727 0.0081551 0.0292904 0.0729321 0.126331 0.154295 0.139562 0.107825 0.0882324 0.0780272 0.0642392 0.0475495 0.0333921 0.0223394 0.0135015 0.0071125 0.00332024 0.00146297 0.00062842
 3.52339e-11 1.65724e-09 5.39751e-08 1.21727e-06 1.90095e-05 0.000205561 0.00153924 0.00798158 0.0286672 0.0713812 0.12365 0.151045 0.136711 0.105861 0.0871323 0.0779466 0.0655257 0.0500095 0.0362124 0.0249055 0.0156918 0.00879898 0.00428831 0.00178735 0.000639429
 3.40535e-11 1.60171e-09 5.21667e-08 1.17649e-06 1.83726e-05 0.000198674 0.00148767 0.00771424 0.0277078 0.0690002 0.119579 0.146325 0.133254 0.104893 0.0883848 0.0802414 0.0678514 0.0521015 0.038258 0.0269642 0.017559 0.0102378 0.00519987 0.00223258 0.000790071
 3.57783e-11 1.68284e-09 5.4809e-08 1.23608e-06 1.93031e-05 0.000208737 0.00156301 0.00810481 0.0291091 0.0724741 0.125493 0.153057 0.137767 0.105077 0.0845889 0.0746842 0.0627582 0.0483804 0.0357957 0.0254837 0.0168616 0.0100789 0.00528854 0.00235097 0.000855524
 3.74928e-11 1.76348e-09 5.74355e-08 1.29531e-06 2.02282e-05 0.000218739 0.00163791 0.00849313 0.0305028 0.0759353 0.131425 0.160005 0.143085 0.10711 0.0835563 0.0716566 0.0585756 0.0436471 0.0312799 0.0219192 0.0145149 0.00877849 0.00469591 0.00214048 0.000800882
 3.87041e-11 1.82046e-09 5.92911e-08 1.33716e-06 2.08817e-05 0.000225806 0.00169083 0.00876748 0.0314877 0.0783828 0.135632 0.164986 0.147083 0.109098 0.0837117 0.0705205 0.0564013 0.0405934 0.0277781 0.0185954 0.0118758 0.00702949 0.00374241 0.00172099 0.000655072
 3.86214e-11 1.81656e-09 5.91643e-08 1.3343e-06 2.08371e-05 0.000225324 0.00168721 0.00874876 0.0314208 0.0782195 0.135371 0.164771 0.14722 0.109888 0.0851346 0.0720815 0.0574647 0.040851 0.027306 0.0176517 0.0107842 0.00609281 0.00312322 0.00140473 0.000531173
 3.78142e-11 1.7786e-09 5.79278e-08 1.30642e-06 2.04016e-05 0.000220614 0.00165195 0.00856598 0.0307651 0.076594 0.132605 0.161629 0.145134 0.109866 0.0870283 0.0748565 0.0600597 0.0427772 0.0285216 0.0182406 0.0108936 0.00593954 0.00291462 0.00125621 0.000459413
 3.79529e-11 1.78512e-09 5.81402e-08 1.31121e-06 2.04764e-05 0.000221423 0.00165801 0.00859736 0.0308774 0.0768701 0.133059 0.162069 0.145169 0.109156 0.0856676 0.0735033 0.0594672 0.0431238 0.0293639 0.0190392 0.0113907 0.00614313 0.00294395 0.00122648 0.000431677
 3.73507e-11 1.7568e-09 5.72178e-08 1.2904e-06 2.01515e-05 0.00021791 0.00163171 0.00846101 0.0303883 0.0756578 0.130997 0.159733 0.143637 0.109179 0.0870845 0.0754155 0.060987 0.044008 0.0299063 0.019526 0.0118445 0.00646838 0.00310959 0.001283 0.000442115
 3.68796e-11 1.73464e-09 5.64961e-08 1.27413e-06 1.98974e-05 0.000215162 0.00161113 0.00835432 0.0300053 0.0747066 0.129366 0.157818 0.142158 0.108582 0.0873194 0.0762251 0.0621698 0.0453686 0.0311659 0.0204673 0.0124511 0.00683339 0.00331138 0.00137564 0.000474346
 3.61454e-11 1.70011e-09 5.53715e-08 1.24876e-06 1.95013e-05 0.000210879 0.00157906 0.00818804 0.0294085 0.0732242 0.126824 0.154833 0.139846 0.10763 0.0876208 0.0773376 0.0637759 0.0472746 0.0331063 0.0221296 0.0136499 0.00756777 0.00369453 0.00154435 0.000535422
 3.63092e-11 1.70781e-09 5.56223e-08 1.25442e-06 1.95896e-05 0.000211834 0.00158621 0.00822511 0.0295414 0.0735534 0.127381 0.155453 0.140211 0.107501 0.0870132 0.0764978 0.062992 0.0467334 0.0328951 0.0222362 0.013942 0.00787065 0.00390445 0.00165231 0.000578009
 3.66381e-11 1.72328e-09 5.61262e-08 1.26579e-06 1.97671e-05 0.000213753 0.00160058 0.00829959 0.0298086 0.0742149 0.128502 0.156703 0.140962 0.10729 0.0859232 0.0750988 0.0618875 0.0461381 0.0326789 0.0222225 0.0140369 0.00801346 0.00403498 0.00173536 0.00061611
 3.77368e-11 1.77496e-09 5.78092e-08 1.30374e-06 2.03598e-05 0.000220163 0.00164857 0.00854839 0.0307014 0.0764308 0.13229 0.161092 0.144165 0.108138 0.0845839 0.0725297 0.0589651 0.043345 0.0303189 0.020511 0.0129858 0.00746421 0.00379447 0.00165127 0.000594119
 3.85985e-11 1.81549e-09 5.91293e-08 1.33351e-06 2.08247e-05 0.00022519 0.00168621 0.00874356 0.0314019 0.0781704 0.135271 0.164583 0.146838 0.109165 0.0840962 0.0711072 0.0570513 0.0411795 0.0281574 0.0186559 0.0116339 0.00663318 0.00336954 0.00147389 0.000534931
 3.80193e-11 1.78825e-09 5.82421e-08 1.3135e-06 2.05123e-05 0.000221811 0.00166091 0.00861243 0.0309317 0.0770064 0.133303 0.162404 0.145588 0.109697 0.0862703 0.0738447 0.0591734 0.0422184 0.028326 0.0183526 0.0111795 0.00623474 0.00311413 0.00134952 0.000488712
 3.92872e-11 1.84788e-09 6.01843e-08 1.35731e-06 2.11963e-05 0.000229208 0.0017163 0.00889953 0.0319616 0.0795592 0.137645 0.16733 0.148832 0.109682 0.0832981 0.0697221 0.0557196 0.0400648 0.0270934 0.0175262 0.0105334 0.00574898 0.00280338 0.00118912 0.000423859
 3.92451e-11 1.8459e-09 6.01199e-08 1.35585e-06 2.11736e-05 0.000228962 0.00171446 0.00889002 0.0319277 0.0794773 0.137519 0.167255 0.149012 0.110315 0.0843155 0.0706414 0.0559912 0.0396146 0.0263438 0.0169013 0.0101462 0.00552186 0.00266425 0.00111027 0.000387819
 3.8485e-11 1.81015e-09 5.89555e-08 1.32959e-06 2.07635e-05 0.000224528 0.00168126 0.0087179 0.0313102 0.0779463 0.134913 0.164283 0.147008 0.110205 0.0859632 0.0731153 0.0583366 0.0413667 0.0274378 0.0174431 0.0103348 0.00555669 0.00265702 0.00109805 0.000379364
 3.77082e-11 1.77361e-09 5.77655e-08 1.30276e-06 2.03444e-05 0.000219996 0.00164732 0.00854199 0.0306791 0.0763812 0.132246 0.161234 0.14492 0.109997 0.0874837 0.0754341 0.0605363 0.0430611 0.0286358 0.0182244 0.0107721 0.00575145 0.00272125 0.00111168 0.000379929
#obs surv len freq
 2.4161e-11 1.13642e-09 3.70123e-08 8.34722e-07 1.30354e-05 0.00014096 0.00105552 0.00547363 0.0196641 0.0490079 0.0851991 0.105517 0.100171 0.0875271 0.0847133 0.085092 0.0785561 0.0680547 0.0586851 0.0503793 0.0419759 0.0330637 0.0236563 0.0146208 0.00743221
 5.23093e-12 2.46038e-10 8.0133e-09 1.80721e-07 2.82226e-06 3.05206e-05 0.000228593 0.00118648 0.00427768 0.0108113 0.0198213 0.0293763 0.0432671 0.0689395 0.10111 0.120881 0.120393 0.109616 0.0968443 0.0826696 0.0674341 0.0520777 0.0368502 0.0226781 0.0115044
 1.77927e-14 8.369e-13 2.72594e-11 6.14961e-10 9.61536e-09 1.04486e-07 7.97549e-07 4.44795e-06 2.04349e-05 9.50473e-05 0.000468828 0.00203721 0.00681583 0.0172799 0.0351562 0.062147 0.0980441 0.132969 0.150606 0.145077 0.123953 0.0963234 0.067419 0.0409724 0.0206103
 5.29181e-11 2.48901e-09 8.10655e-08 1.82823e-06 2.85504e-05 0.000308731 0.00231171 0.011986 0.0430328 0.106982 0.184166 0.219532 0.181218 0.103651 0.0413546 0.0124583 0.00533859 0.00699235 0.0113603 0.0154133 0.0169119 0.0151766 0.0112987 0.00697595 0.00350046
 3.45082e-11 1.6231e-09 5.28632e-08 1.1922e-06 1.86179e-05 0.000201328 0.00150755 0.00781766 0.0280839 0.069981 0.121582 0.150193 0.141231 0.119906 0.109059 0.096983 0.0691564 0.0362088 0.0147735 0.00717591 0.00655795 0.00699064 0.00614765 0.00420557 0.00221745
 4.19205e-11 1.97174e-09 6.42182e-08 1.44828e-06 2.2617e-05 0.000244571 0.00183132 0.00949574 0.0341 0.0848517 0.146596 0.177248 0.154574 0.107521 0.0743312 0.0596241 0.0501088 0.039447 0.0275415 0.0160415 0.00778007 0.00378607 0.00235417 0.00159565 0.000903223
 3.78499e-11 1.78028e-09 5.79825e-08 1.30765e-06 2.04209e-05 0.000220823 0.00165352 0.00857412 0.0307949 0.0766724 0.132771 0.161973 0.145886 0.111295 0.0889125 0.0761213 0.0596286 0.0409678 0.0268155 0.017464 0.0105748 0.00553279 0.00252606 0.00110653 0.000488381
 3.78143e-11 1.7786e-09 5.79279e-08 1.30642e-06 2.04016e-05 0.000220615 0.00165195 0.00856595 0.0307646 0.0765872 0.132557 0.161405 0.144409 0.108276 0.0847647 0.0730554 0.0599903 0.044465 0.0307375 0.0198799 0.0117507 0.00627163 0.00297101 0.00122024 0.000433824
 3.66031e-11 1.72163e-09 5.60724e-08 1.26458e-06 1.97482e-05 0.000213549 0.00159905 0.00829167 0.0297805 0.0741469 0.128399 0.156651 0.141146 0.107903 0.0869258 0.0760945 0.0624145 0.0460987 0.0323082 0.0217128 0.0134293 0.00738583 0.00353738 0.0014461 0.000494642
 3.51848e-11 1.65492e-09 5.38998e-08 1.21558e-06 1.8983e-05 0.000205274 0.00153709 0.00797047 0.0286278 0.0712866 0.123511 0.150994 0.137041 0.106871 0.0887319 0.0794233 0.0660334 0.0493594 0.0349474 0.0236867 0.014864 0.00839238 0.00415217 0.00174279 0.000601849
 3.84716e-11 1.80952e-09 5.89348e-08 1.32913e-06 2.07563e-05 0.00022445 0.00168067 0.00871475 0.0312979 0.0779046 0.134766 0.163759 0.145436 0.106774 0.0808534 0.0683139 0.0563378 0.042917 0.0312283 0.0216632 0.0138349 0.00793929 0.00400394 0.0017198 0.000608026
 3.80918e-11 1.79166e-09 5.8353e-08 1.31601e-06 2.05514e-05 0.000222234 0.00166408 0.00862883 0.0309905 0.0771508 0.13354 0.162635 0.145606 0.109301 0.0854212 0.0727214 0.0580769 0.0414911 0.0282772 0.0190192 0.0122017 0.00714598 0.00368535 0.00161631 0.000583059
 3.98259e-11 1.87322e-09 6.10096e-08 1.37592e-06 2.1487e-05 0.000232351 0.00173983 0.00902151 0.0323993 0.080643 0.139483 0.16939 0.150106 0.109436 0.0816575 0.0675545 0.0539293 0.0389802 0.026561 0.0173503 0.0106186 0.00598688 0.00304725 0.00134668 0.000494161
 3.74871e-11 1.76321e-09 5.74267e-08 1.29512e-06 2.02251e-05 0.000218706 0.00163767 0.00849192 0.0304996 0.0759368 0.131494 0.160403 0.144443 0.110188 0.0882402 0.0762503 0.0609053 0.0429329 0.0283835 0.0181857 0.0109786 0.0060541 0.00298647 0.00128355 0.000464346
 3.73929e-11 1.75878e-09 5.72824e-08 1.29186e-06 2.01743e-05 0.000218157 0.00163355 0.00847055 0.0304224 0.0757401 0.131123 0.159809 0.143461 0.108561 0.0861267 0.0746585 0.0610045 0.0447666 0.0307797 0.0200004 0.011931 0.00642753 0.00309211 0.00129567 0.000457301
 3.84901e-11 1.81039e-09 5.89631e-08 1.32977e-06 2.07662e-05 0.000224557 0.00168147 0.00871899 0.0313138 0.0779501 0.134887 0.164102 0.146367 0.108744 0.0837537 0.0710081 0.0574164 0.0420051 0.0291224 0.0193609 0.0118895 0.00653467 0.00314861 0.00130057 0.000449047
 3.69496e-11 1.73793e-09 5.66032e-08 1.27655e-06 1.99351e-05 0.00021557 0.00161418 0.00837017 0.0300625 0.0748496 0.12962 0.158159 0.14256 0.109068 0.0878402 0.0765127 0.0619155 0.0446091 0.030318 0.0199176 0.0122576 0.00683538 0.00335811 0.00140752 0.000487703
 3.65243e-11 1.71793e-09 5.59518e-08 1.26185e-06 1.97057e-05 0.000213089 0.0015956 0.00827382 0.0297164 0.0739872 0.128122 0.156309 0.140831 0.107664 0.0868055 0.0762113 0.0628566 0.0466868 0.0326708 0.0217134 0.0132972 0.00735484 0.00361014 0.00152512 0.000534664
 3.58135e-11 1.6845e-09 5.4863e-08 1.2373e-06 1.93222e-05 0.000208943 0.00156456 0.00811286 0.0291387 0.0725537 0.125671 0.153469 0.138754 0.107089 0.0875683 0.0775931 0.0642516 0.0479705 0.0339943 0.0230806 0.0144782 0.00814993 0.00402884 0.0017036 0.00059803
 3.70007e-11 1.74034e-09 5.66816e-08 1.27831e-06 1.99627e-05 0.000215869 0.00161641 0.00838168 0.0301031 0.0749434 0.129733 0.158061 0.141725 0.106916 0.0845119 0.0733698 0.060623 0.0456173 0.0326936 0.0224574 0.0142869 0.00819109 0.00412982 0.00177471 0.00062937
 3.73905e-11 1.75867e-09 5.72787e-08 1.29178e-06 2.0173e-05 0.000218143 0.00163344 0.00846999 0.0304203 0.0757332 0.131101 0.159735 0.14324 0.108051 0.0852479 0.0734862 0.0597731 0.0438796 0.0307079 0.0208795 0.0133372 0.00774072 0.00396548 0.00173381 0.00062512
 3.8903e-11 1.82981e-09 5.95957e-08 1.34403e-06 2.0989e-05 0.000226967 0.00169951 0.0088125 0.0316493 0.0787819 0.136303 0.165716 0.147455 0.108801 0.0828479 0.0696277 0.0560416 0.0408462 0.028239 0.0188426 0.0117958 0.00675617 0.00345543 0.00152307 0.000556429
 3.70946e-11 1.74475e-09 5.68255e-08 1.28156e-06 2.00134e-05 0.000216416 0.00162052 0.00840302 0.0301804 0.075143 0.130126 0.158764 0.143066 0.109363 0.0879312 0.0764066 0.0615805 0.0440688 0.0297039 0.0193918 0.011923 0.00670812 0.00337471 0.00147163 0.000536251
 3.8229e-11 1.79811e-09 5.85632e-08 1.32075e-06 2.06254e-05 0.000223035 0.00167007 0.00865987 0.0311016 0.0774231 0.133983 0.16304 0.145544 0.108414 0.0839173 0.0715741 0.0582894 0.0429679 0.0298398 0.0196735 0.0119566 0.00658136 0.00323696 0.00138472 0.000497353
 3.94813e-11 1.85701e-09 6.04816e-08 1.36401e-06 2.1301e-05 0.00023034 0.00172477 0.00894347 0.0321194 0.0799494 0.138305 0.168062 0.149257 0.109506 0.0825348 0.0686632 0.0547266 0.0394102 0.0269255 0.0177966 0.0109851 0.00611947 0.00300428 0.00126755 0.000446999
 3.83748e-11 1.80496e-09 5.87865e-08 1.32579e-06 2.0704e-05 0.000223885 0.00167644 0.00869292 0.0312207 0.0777234 0.134529 0.163828 0.146638 0.110003 0.0858914 0.0730887 0.0583129 0.0413898 0.0276024 0.0177895 0.010783 0.00596662 0.00293685 0.00124398 0.000437991
 3.76192e-11 1.76943e-09 5.76291e-08 1.29968e-06 2.02964e-05 0.000219477 0.00164344 0.00852181 0.0306065 0.076198 0.131914 0.160761 0.144277 0.109077 0.0863372 0.0745152 0.0604122 0.0438172 0.0298073 0.0193034 0.0115583 0.00626614 0.00302878 0.00126958 0.000445307
 3.71492e-11 1.74732e-09 5.69091e-08 1.28344e-06 2.00428e-05 0.000216735 0.0016229 0.00841536 0.0302244 0.0752492 0.130288 0.158858 0.142823 0.108522 0.0865933 0.0752346 0.0613401 0.0448815 0.0309693 0.0204201 0.0124307 0.00679429 0.00327151 0.00135463 0.00046867
#pred catch len freq
 2.49761e-11 1.17475e-09 3.8261e-08 8.62881e-07 1.34751e-05 0.000145715 0.00109113 0.00565824 0.0203267 0.0506542 0.0880251 0.108847 0.10279 0.088713 0.0846133 0.0841694 0.0769668 0.0655052 0.0547961 0.0453562 0.0371397 0.0305104 0.0247196 0.0184195 0.0115382
 1.34368e-11 6.32005e-10 2.0584e-08 4.64221e-07 7.24951e-06 7.83947e-05 0.000587059 0.00304499 0.0109487 0.0273813 0.048246 0.062781 0.0692373 0.0799344 0.0985286 0.110002 0.105037 0.0916139 0.0777951 0.0642384 0.0509775 0.0391469 0.0289663 0.019805 0.0116425
 6.40429e-12 3.01227e-10 9.81078e-09 2.21258e-07 3.45528e-06 3.73651e-05 0.000279819 0.00145159 0.00522232 0.0130896 0.023264 0.0312163 0.0374152 0.0491689 0.0687574 0.0891654 0.105413 0.116121 0.116668 0.104731 0.0851858 0.064161 0.044834 0.0283552 0.0154593
 2.95469e-11 1.38974e-09 4.52631e-08 1.02079e-06 1.59412e-05 0.000172381 0.00129076 0.00669267 0.0240313 0.0597728 0.103098 0.123854 0.105463 0.0681332 0.0415478 0.0342279 0.0399138 0.0519805 0.0645702 0.0714944 0.0687039 0.0568523 0.0405563 0.024841 0.0127867
 4.61968e-11 2.17288e-09 7.07692e-08 1.59602e-06 2.49242e-05 0.000269519 0.00201812 0.0104641 0.0375738 0.0934623 0.161241 0.193856 0.16544 0.106938 0.0620262 0.0392347 0.0261823 0.0172574 0.0135747 0.0142684 0.0158991 0.0155264 0.0124741 0.00808734 0.00417917
 3.67966e-11 1.73074e-09 5.6369e-08 1.27126e-06 1.98526e-05 0.000214678 0.00160751 0.00833572 0.0299407 0.0745675 0.129273 0.158397 0.144867 0.115012 0.0967724 0.0840834 0.0629251 0.0379727 0.0199039 0.0108174 0.00743536 0.00639463 0.00545467 0.0038715 0.00213237
 3.68027e-11 1.73103e-09 5.63784e-08 1.27147e-06 1.98559e-05 0.000214714 0.00160777 0.00833689 0.0299426 0.0745497 0.129089 0.157452 0.141754 0.108188 0.0871778 0.0769265 0.0641049 0.0477374 0.0322074 0.0193206 0.0102021 0.00522227 0.00301697 0.00188302 0.00104424
 3.48225e-11 1.63788e-09 5.33448e-08 1.20306e-06 1.87875e-05 0.000203161 0.00152127 0.00788846 0.0283337 0.0705598 0.122289 0.149674 0.1364 0.107514 0.0905368 0.0815208 0.0675158 0.0500308 0.0351292 0.0234954 0.0141982 0.00747914 0.00349131 0.00153834 0.000660791
 3.41294e-11 1.60528e-09 5.2283e-08 1.17911e-06 1.84135e-05 0.000199117 0.00149099 0.00773145 0.0277697 0.0691555 0.119856 0.146699 0.133708 0.105489 0.0891758 0.0811167 0.0685608 0.0523752 0.0379182 0.026072 0.0164247 0.00920947 0.00448828 0.00187068 0.000669238
 3.31842e-11 1.56083e-09 5.08352e-08 1.14646e-06 1.79036e-05 0.000193603 0.0014497 0.0075174 0.0270015 0.0672486 0.116593 0.142904 0.130886 0.104588 0.089973 0.0827094 0.0702115 0.0539425 0.0395977 0.0279004 0.0181661 0.0105913 0.00537928 0.00230959 0.000817322
 3.49347e-11 1.64316e-09 5.35168e-08 1.20694e-06 1.88481e-05 0.000203815 0.00152617 0.00791379 0.0284237 0.0707742 0.122594 0.149735 0.135461 0.104764 0.0861022 0.0770511 0.0650324 0.0501665 0.0371067 0.0264096 0.0174719 0.0104432 0.00547957 0.00243588 0.000886418
 3.68371e-11 1.73264e-09 5.64311e-08 1.27266e-06 1.98744e-05 0.000214914 0.00160927 0.00834465 0.0299701 0.0746142 0.129173 0.157429 0.141313 0.106913 0.0848005 0.0735559 0.0603585 0.0449995 0.0322381 0.0225831 0.0149522 0.00904244 0.00483701 0.00220479 0.00082494
 3.8031e-11 1.7888e-09 5.826e-08 1.31391e-06 2.05186e-05 0.000221879 0.00166142 0.00861506 0.0309409 0.0770268 0.133322 0.162349 0.145287 0.108946 0.0850661 0.072545 0.0582672 0.041965 0.0287077 0.019211 0.0122668 0.00726042 0.00386526 0.00177747 0.00067657
 3.8041e-11 1.78927e-09 5.82752e-08 1.31425e-06 2.05239e-05 0.000221938 0.00166186 0.00861733 0.0309493 0.0770504 0.13338 0.162501 0.145683 0.109784 0.0863434 0.073869 0.0590985 0.0420336 0.0280863 0.0181493 0.0110861 0.00626291 0.00321033 0.0014439 0.000545982
 3.71492e-11 1.74732e-09 5.6909e-08 1.28344e-06 2.00428e-05 0.000216735 0.0016229 0.00841538 0.0302248 0.0752544 0.130324 0.159027 0.143374 0.109748 0.0884175 0.0769115 0.0619411 0.0441419 0.0294217 0.0188095 0.0112313 0.00612318 0.00300465 0.001295 0.000473598
 3.73257e-11 1.75562e-09 5.71795e-08 1.28954e-06 2.0138e-05 0.000217764 0.00163061 0.00845534 0.0303679 0.0756067 0.130907 0.159612 0.1435 0.109025 0.0869473 0.0754151 0.0612359 0.0444289 0.0302422 0.0196018 0.0117252 0.00632309 0.00303011 0.00126236 0.000444306
 3.67037e-11 1.72637e-09 5.62267e-08 1.26805e-06 1.98025e-05 0.000214136 0.00160345 0.0083145 0.0298626 0.0743545 0.128778 0.157199 0.141918 0.109049 0.088411 0.0773907 0.0628065 0.0453431 0.0308027 0.0201041 0.012193 0.00665823 0.00320078 0.00132061 0.000455074
 3.60581e-11 1.696e-09 5.52376e-08 1.24575e-06 1.94541e-05 0.000210369 0.00157524 0.00816828 0.0293378 0.0730516 0.126547 0.154598 0.139963 0.108392 0.0889679 0.0787021 0.0644727 0.0470825 0.0323343 0.0212278 0.0129116 0.00708568 0.00343355 0.00142638 0.00049184
 3.55048e-11 1.66998e-09 5.439e-08 1.22663e-06 1.91556e-05 0.000207141 0.00155107 0.00804296 0.0288879 0.0719335 0.124625 0.152319 0.138128 0.107466 0.088884 0.0792477 0.065562 0.0486168 0.0340337 0.0227418 0.0140252 0.00777535 0.00379578 0.00158665 0.000550088
 3.54734e-11 1.6685e-09 5.43419e-08 1.22555e-06 1.91387e-05 0.000206958 0.0015497 0.00803585 0.0288624 0.0718695 0.124512 0.152172 0.137963 0.107272 0.0886373 0.0789648 0.0653065 0.0484834 0.0341172 0.0230552 0.0144533 0.00815878 0.0040473 0.00171274 0.000599149
 3.59326e-11 1.6901e-09 5.50454e-08 1.24141e-06 1.93864e-05 0.000209637 0.00156976 0.00813982 0.0292353 0.0727933 0.126079 0.153932 0.139061 0.107091 0.0872854 0.0771728 0.0638368 0.047616 0.0337145 0.0229193 0.0144747 0.00826292 0.00416049 0.00178933 0.000635269
 3.70376e-11 1.74207e-09 5.67382e-08 1.27959e-06 1.99826e-05 0.000216084 0.00161803 0.00839007 0.0301334 0.0750222 0.12989 0.158349 0.142289 0.107957 0.0859565 0.074604 0.0608995 0.0447946 0.031323 0.0211832 0.0134092 0.00770708 0.00391785 0.00170495 0.000613431
 3.793e-11 1.78404e-09 5.81052e-08 1.31042e-06 2.0464e-05 0.00022129 0.00165701 0.00859217 0.0308588 0.0768236 0.132977 0.161964 0.145056 0.109018 0.0854476 0.0731272 0.0589163 0.0425535 0.0290877 0.0192656 0.012012 0.0068483 0.00347874 0.00152164 0.000552261
 3.73905e-11 1.75867e-09 5.72788e-08 1.29178e-06 2.0173e-05 0.000218143 0.00163345 0.00847004 0.0304208 0.0757397 0.131146 0.159944 0.143922 0.109581 0.0875754 0.0757777 0.0609437 0.0435043 0.0291786 0.0188981 0.0115096 0.00641836 0.00320577 0.00138922 0.000503087
 3.85656e-11 1.81394e-09 5.90789e-08 1.33238e-06 2.0807e-05 0.000224998 0.00168478 0.00873612 0.0313754 0.0781056 0.135169 0.164504 0.146913 0.109533 0.0847735 0.0719235 0.0577527 0.0415609 0.0280977 0.0181698 0.0109183 0.00595864 0.00290555 0.00123244 0.0004393
 3.85536e-11 1.81338e-09 5.90605e-08 1.33196e-06 2.08005e-05 0.000224928 0.00168425 0.00873342 0.0313659 0.0780843 0.135147 0.16455 0.147183 0.110196 0.085764 0.0727805 0.0579454 0.0410286 0.0272763 0.0174933 0.0104997 0.00571381 0.00275679 0.00114883 0.000401284
 3.80154e-11 1.78806e-09 5.8236e-08 1.31337e-06 2.05101e-05 0.000221788 0.00166074 0.00861154 0.0309286 0.0770002 0.133302 0.162447 0.14577 0.110133 0.0869606 0.0745818 0.0596714 0.0423255 0.0280621 0.0178329 0.0105637 0.00567928 0.00271556 0.00112223 0.000387717
 3.71735e-11 1.74847e-09 5.69464e-08 1.28428e-06 2.00559e-05 0.000216877 0.00162397 0.00842091 0.0302446 0.0753041 0.130412 0.159144 0.143509 0.109911 0.0886137 0.0770989 0.0620551 0.0441564 0.0293526 0.0186734 0.0110353 0.00589153 0.00278745 0.00113871 0.000389166
#obs catch len freq
 2.49235e-11 1.17228e-09 3.81804e-08 8.61065e-07 1.34468e-05 0.000145408 0.00108883 0.00564625 0.0202829 0.0505369 0.0877672 0.108276 0.101455 0.0860114 0.0805976 0.0802083 0.0749969 0.0666646 0.0590585 0.0517339 0.0435958 0.034424 0.0245717 0.0151767 0.00774865
 2.30399e-11 1.08368e-09 3.52949e-08 7.95989e-07 1.24305e-05 0.000134419 0.00100655 0.00521973 0.0187529 0.046747 0.0813356 0.101048 0.0969301 0.0867121 0.0861003 0.0875673 0.0811059 0.0702724 0.0605655 0.0519716 0.0432917 0.0340953 0.0243924 0.0150751 0.00766298
 4.86543e-12 2.28846e-10 7.45338e-09 1.68093e-07 2.62506e-06 2.83883e-05 0.000212627 0.00110371 0.00398065 0.0100744 0.0185629 0.0279246 0.0422285 0.0687144 0.101626 0.121757 0.121274 0.110356 0.0974402 0.0831455 0.0678058 0.052357 0.0370447 0.0227968 0.0115644
 1.65092e-14 7.76532e-13 2.52933e-11 5.70619e-10 8.92293e-09 9.7e-08 7.41533e-07 4.15832e-06 1.94066e-05 9.26053e-05 0.000465407 0.00203684 0.0068277 0.0173144 0.0352142 0.0622121 0.0980938 0.132989 0.150595 0.14504 0.123901 0.0962721 0.067378 0.0409456 0.0205963
 5.25641e-11 2.47236e-09 8.05232e-08 1.816e-06 2.83594e-05 0.000306666 0.00229625 0.0119058 0.0427449 0.106267 0.182935 0.218064 0.180006 0.102963 0.0411047 0.0124644 0.0055366 0.00743392 0.0121077 0.0164285 0.0180248 0.0161746 0.0120412 0.00743414 0.0037303
 3.3569e-11 1.57892e-09 5.14245e-08 1.15975e-06 1.81112e-05 0.000195848 0.00146653 0.007605 0.0273211 0.068091 0.118372 0.146577 0.138933 0.120151 0.111606 0.100349 0.071813 0.0376339 0.0153528 0.00744696 0.00679711 0.00724359 0.00636981 0.00435748 0.00229751
 4.11354e-11 1.93481e-09 6.30155e-08 1.42116e-06 2.21934e-05 0.00023999 0.00179702 0.00931795 0.033462 0.0832695 0.143898 0.174155 0.152426 0.107231 0.0757669 0.0619204 0.0524039 0.0413015 0.0288289 0.0167859 0.00813904 0.00395949 0.00246127 0.00166803 0.000944164
 3.69557e-11 1.73822e-09 5.66127e-08 1.27676e-06 1.99384e-05 0.000215606 0.00161446 0.00837163 0.0300684 0.0748714 0.129705 0.158483 0.143548 0.1112 0.0908667 0.0789465 0.0621472 0.04273 0.0279536 0.0181935 0.0110125 0.00576068 0.00262978 0.00115184 0.000508341
 3.69464e-11 1.73778e-09 5.65984e-08 1.27644e-06 1.99334e-05 0.000215552 0.00161405 0.00836942 0.0300595 0.0748388 0.129579 0.158001 0.142084 0.108061 0.0864886 0.0756671 0.0624448 0.046315 0.0320009 0.0206863 0.0122231 0.00652237 0.00308935 0.00126874 0.000451042
 3.5901e-11 1.68861e-09 5.49969e-08 1.24032e-06 1.93694e-05 0.000209453 0.00156838 0.00813268 0.02921 0.0727325 0.12599 0.153899 0.13927 0.107739 0.0883313 0.0782053 0.0643748 0.0475582 0.0333091 0.0223719 0.0138319 0.00760567 0.00364221 0.00148884 0.000509234
 3.4434e-11 1.61961e-09 5.27497e-08 1.18964e-06 1.85779e-05 0.000200894 0.0015043 0.00780047 0.0280178 0.069774 0.120934 0.148048 0.135025 0.106675 0.0902049 0.0816535 0.0681201 0.0509295 0.0360356 0.0244099 0.0153124 0.00864371 0.00427598 0.00179462 0.00061972
 3.7874e-11 1.78141e-09 5.80194e-08 1.30849e-06 2.04339e-05 0.000220963 0.00165456 0.00857943 0.0308124 0.0767006 0.132714 0.161411 0.143819 0.10659 0.0819833 0.0700493 0.0579824 0.04418 0.0321259 0.0222728 0.0142192 0.00815812 0.00411378 0.00176685 0.000624632
 3.74568e-11 1.76179e-09 5.73802e-08 1.29407e-06 2.02088e-05 0.000218529 0.00163634 0.00848502 0.0304746 0.0758716 0.131362 0.16015 0.143923 0.109184 0.0867365 0.0746638 0.0598452 0.0427669 0.0291263 0.0195769 0.0125543 0.00735091 0.00379057 0.00166234 0.000599638
 3.92359e-11 1.84547e-09 6.01057e-08 1.35554e-06 2.11686e-05 0.000228909 0.00171406 0.0088879 0.03192 0.0794545 0.137458 0.16708 0.148538 0.109318 0.0828692 0.0693583 0.0555905 0.0401962 0.0273718 0.0178685 0.0109314 0.00616176 0.00313582 0.00138571 0.000508459
 3.69285e-11 1.73694e-09 5.65709e-08 1.27582e-06 1.99237e-05 0.000215447 0.00161326 0.00836542 0.0300458 0.0748117 0.129579 0.158222 0.142977 0.110117 0.0894465 0.0780099 0.0624919 0.0440558 0.029104 0.018634 0.0112444 0.00619915 0.00305758 0.001314 0.000475339
 3.68267e-11 1.73215e-09 5.64151e-08 1.2723e-06 1.98688e-05 0.000214854 0.00160882 0.00834233 0.0299624 0.0745995 0.129181 0.157592 0.141956 0.108447 0.0872894 0.0763929 0.0626078 0.0459468 0.0315686 0.0205 0.0122242 0.00658395 0.0031669 0.00132689 0.000468296
 3.7888e-11 1.78207e-09 5.80409e-08 1.30897e-06 2.04414e-05 0.000221045 0.00165518 0.00858266 0.0308246 0.0767373 0.132821 0.161744 0.144764 0.108615 0.0849768 0.0728355 0.0591052 0.0432513 0.0299659 0.019909 0.0122214 0.00671564 0.00323537 0.0013363 0.000461361
 3.62866e-11 1.70675e-09 5.55876e-08 1.25364e-06 1.95774e-05 0.000211702 0.00158522 0.00822003 0.0295238 0.0735141 0.127346 0.155564 0.140803 0.108947 0.0892172 0.0785512 0.0637812 0.0459636 0.0312171 0.0204949 0.0126079 0.00702912 0.00345284 0.0014471 0.000501397
 3.58613e-11 1.68674e-09 5.4936e-08 1.23895e-06 1.93479e-05 0.000209221 0.00156664 0.00812368 0.0291776 0.0726514 0.125846 0.153709 0.139058 0.107505 0.0881287 0.0782048 0.0647154 0.0480757 0.0336201 0.0223309 0.0136702 0.0075595 0.0037101 0.00156721 0.000549396
 3.51537e-11 1.65346e-09 5.38521e-08 1.2145e-06 1.89662e-05 0.000205093 0.00153573 0.00796344 0.0286026 0.0712243 0.123406 0.150881 0.136985 0.106923 0.088871 0.0795599 0.0660865 0.0493458 0.0349445 0.0237111 0.0148683 0.00836776 0.004136 0.00174877 0.000613859
 3.63982e-11 1.712e-09 5.57587e-08 1.2575e-06 1.96376e-05 0.000212354 0.0015901 0.00824525 0.0296136 0.0737295 0.127664 0.155696 0.140104 0.106751 0.0856824 0.0751474 0.0622899 0.0468765 0.0335723 0.0230468 0.0146565 0.00840121 0.00423523 0.00181986 0.000645356
 3.68023e-11 1.731e-09 5.63776e-08 1.27146e-06 1.98556e-05 0.000214711 0.00160775 0.00833678 0.0299423 0.0745482 0.129083 0.157429 0.14167 0.107918 0.0864306 0.0752557 0.0614067 0.0450845 0.031528 0.0214231 0.0136791 0.00793741 0.00406572 0.00177751 0.000640848
 3.82809e-11 1.80055e-09 5.86427e-08 1.32254e-06 2.06534e-05 0.000223337 0.00167234 0.00867163 0.0311439 0.0775287 0.134169 0.163279 0.145797 0.108664 0.0841057 0.0715085 0.0577791 0.0421269 0.0291052 0.0194083 0.0121451 0.00695471 0.0035565 0.0015675 0.000572635
 3.6499e-11 1.71674e-09 5.5913e-08 1.26098e-06 1.9692e-05 0.000212942 0.0015945 0.00826814 0.0296965 0.0739432 0.128083 0.156435 0.141493 0.109265 0.0891848 0.0782525 0.0632603 0.0452766 0.0304957 0.0198951 0.0122274 0.00687775 0.00345956 0.00150851 0.000549665
 3.76362e-11 1.77022e-09 5.7655e-08 1.30027e-06 2.03055e-05 0.000219576 0.00164417 0.00852562 0.0306199 0.0762287 0.131948 0.160717 0.143962 0.108281 0.0851136 0.0733691 0.0599568 0.0442059 0.0306787 0.020214 0.0122805 0.00675805 0.0033234 0.00142158 0.000510566
 3.88319e-11 1.82647e-09 5.94868e-08 1.34158e-06 2.09507e-05 0.000226552 0.00169641 0.00879642 0.0315918 0.0786413 0.136077 0.16552 0.147532 0.109378 0.0838702 0.0706471 0.0565484 0.0407411 0.0278172 0.0183743 0.0113373 0.00631428 0.00309952 0.00130763 0.000461109
 3.77312e-11 1.77469e-09 5.78005e-08 1.30355e-06 2.03568e-05 0.00022013 0.00164833 0.00854717 0.0306978 0.076427 0.132322 0.161312 0.14494 0.109902 0.087254 0.0750922 0.0601347 0.0426972 0.0284554 0.018327 0.0111043 0.00614294 0.00302321 0.00128046 0.000450813
 3.70367e-11 1.74203e-09 5.67368e-08 1.27956e-06 1.99821e-05 0.000216079 0.00161799 0.0083899 0.0301332 0.0750246 0.129915 0.158481 0.142733 0.10897 0.0875485 0.0763116 0.0620623 0.0450201 0.0306038 0.0198064 0.0118547 0.00642533 0.00310528 0.00130153 0.000456492
#spawning biomass
 62607.9 66051.3 54118.4 37431.7 39757.5 77123.6 114002 163643 228422 284289 276348 283288 268975 281544 268947 269564 259545 246547 267646 235315 249967 239865 243736 252522 248346 286391 319947 271800 241269 352105 248814 156523 96430 62023.1 43726.4 34431.9 29847.9 27630.9 26572.8 26072.2 25836.9 25726.8 25675.3 25651.3 25640.2 25635.1 25632.7 25631.6 25631.1 25630.8 25630.7 25630.7 25630.6 25630.6 25630.6 25630.6 25630.6 25630.6 25630.6 25630.6 25630.6 25630.6 25630.6 25630.6 25630.6 25630.6 25630.6 25630.6 25630.6 25630.6 25630.6 25630.6 25630.6 25630.6 25630.6 25630.6 25630.6 25630.6 25630.6 25630.6 25630.6 25630.6 25630.6 25630.6 25630.6 25630.6 25630.6 25630.6 25630.6 25630.6 25630.6 25630.6 25630.6 25630.6 25630.6 25630.6 25630.6 25630.6 25630.6 25630.6 25630.6 25630.6 25630.6 25630.6 25630.6 25630.6 25630.6 25630.6 25630.6 25630.6 25630.6 25630.6 25630.6 25630.6 25630.6 25630.6 25630.6 25630.6 25630.6 25630.6 25630.6 25630.6 25630.6 25630.6 25630.6 25630.6 25630.6 25630.6 0 0 0 0 0 0 0 0 0 0 0 0 0 0 0 0 0 0 0 0 0 0 0 0 0
