SBPRF35
0.0440732
Curr Bio
213803
B35
94461.1
F35
13.7824
FOFL
13.7824
OFL
248242
Bzero
12479.8
#pred survey bio
 2769.54 3587.75 5675.2 9133.41 14633.2 20257.5 30488 43396.3 57915.9 76965.4 107051 131177 140826 154167 140129 140062 128338 132416 139153 130582 124826 127567 140547 152009 153596 157797 148362 140075 3.8124e+06 966881 276574 140905 97206 82984.5 78417.6 76972.6 76521.2 76381.6 76338.7 76325.7 76321.7 76320.5 76320.2 76320.1 76320 76320 76320 76320 76320 76320 76320 76320 76320 76320 76320 76320 76320 76320 76320 76320 76320 76320 76320 76320 76320 76320 76320 76320 76320 76320 76320 76320 76320 76320 76320 76320 76320 76320 76320 76320 76320 76320 76320 76320 76320 76320 76320 76320 76320 76320 76320 76320 76320 76320 76320 76320 76320 76320 76320 76320 76320 76320 76320 76320 76320 76320 76320 76320 76320 76320 76320 76320 76320 76320 76320 76320 76320 76320 76320 76320 76320 76320 76320 76320 76320 76320 76320 76320 0 0 0 0 0 0 0 0 0 0 0 0 0 0 0 0 0 0 0 0 0 0 0 0 0
#obs survey bio
 1970.18 4106.91 6095.63 10345.1 16856.7 25620.3 25677.6 50165.1 57844.4 88642.6 97736.5 103021 163716 128557 110851 185453 88033.6 132127 118409 142241 135607 136376 134879 216307 164612 182468 111296 106662
#pred catch bio
 740.626 1433.02 2288.17 3830.05 7333.52 8789.99 14635.9 21939.3 31579.3 40084.7 60506.5 79877.5 74720.6 100610 87977.7 98663.9 82078.7 81186.6 91011.9 92331.9 92021.5 87437.6 92554.5 104439 103639 115061 119034 84492.3 248242 11165.2 4849.04 4849.04 4849.04 4849.04 4849.04 4849.04 4849.04 4849.04 4849.04 4849.04 4849.04 4849.04 4849.04 4849.04 4849.04 4849.04 4849.04 4849.04 4849.04 4849.04 4849.04 4849.04 4849.04 4849.04 4849.04 4849.04 4849.04 4849.04 4849.04 4849.04 4849.04 4849.04 4849.04 4849.04 4849.04 4849.04 4849.04 4849.04 4849.04 4849.04 4849.04 4849.04 4849.04 4849.04 4849.04 4849.04 4849.04 4849.04 4849.04 4849.04 4849.04 4849.04 4849.04 4849.04 4849.04 4849.04 4849.04 4849.04 4849.04 4849.04 4849.04 4849.04 4849.04 4849.04 4849.04 4849.04 4849.04 4849.04 4849.04 4849.04 4849.04 4849.04 4849.04 4849.04 4849.04 4849.04 4849.04 4849.04 4849.04 4849.04 4849.04 4849.04 4849.04 4849.04 4849.04 4849.04 4849.04 4849.04 4849.04 4849.04 4849.04 4849.04 4849.04 4849.04 4849.04 4849.04 4849.04 4849.04 0 0 0 0 0 0 0 0 0 0 0 0 0 0 0 0 0 0 0 0 0 0 0 0 0
#obs catch bio
 1028.95 1477.32 2358.63 3840.8 7540.99 8565.64 15028.8 21632.1 32542.3 40569.1 62083.5 82098.4 72607.4 105766 92112.4 102074 83186.6 81995.9 88393 91338.4 90741 82858 87952.7 92674.1 93892.5 103390 118558 81882.6
#pred cpue bio
 2618.52 3173.97 5153.3 8143.91 13208.5 18381.4 27446.3 39391.1 52680.3 69237.1 96970.7 120258 130018 143737 129863 129146 118695 121243 129236 120978 113518 115863 127753 139682 140350 145151 135897 125822 3.53157e+06 1.02801e+06 266066 129735 86026.2 71804.6 67237.8 65792.8 65341.3 65201.7 65158.9 65145.8 65141.9 65140.7 65140.3 65140.2 65140.2 65140.2 65140.2 65140.2 65140.2 65140.2 65140.2 65140.2 65140.2 65140.2 65140.2 65140.2 65140.2 65140.2 65140.2 65140.2 65140.2 65140.2 65140.2 65140.2 65140.2 65140.2 65140.2 65140.2 65140.2 65140.2 65140.2 65140.2 65140.2 65140.2 65140.2 65140.2 65140.2 65140.2 65140.2 65140.2 65140.2 65140.2 65140.2 65140.2 65140.2 65140.2 65140.2 65140.2 65140.2 65140.2 65140.2 65140.2 65140.2 65140.2 65140.2 65140.2 65140.2 65140.2 65140.2 65140.2 65140.2 65140.2 65140.2 65140.2 65140.2 65140.2 65140.2 65140.2 65140.2 65140.2 65140.2 65140.2 65140.2 65140.2 65140.2 65140.2 65140.2 65140.2 65140.2 65140.2 65140.2 65140.2 65140.2 65140.2 65140.2 65140.2 65140.2 65140.2 0 0 0 0 0 0 0 0 0 0 0 0 0 0 0 0 0 0 0 0 0 0 0 0 0
#obs cpue bio
 2149.86 3072.26 3936.99 7911.31 10753.9 17772.3 23305.7 44639.6 40011.8 55573.3 98325.3 143975 136030 123685 129458 102192 146790 121540 191001 117535 110307 142393 160315 206044 168170 187686 159514 175742
#pred surv len freq
 1.39184e-11 1.51138e-09 9.67597e-08 3.6522e-06 8.12744e-05 0.00106636 0.00824962 0.0376477 0.101574 0.163835 0.166605 0.130027 0.107338 0.0902262 0.0633899 0.040316 0.026352 0.0176617 0.0122491 0.00896126 0.00701681 0.00594309 0.00516348 0.00397709 0.0023161
 1.75511e-11 1.90584e-09 1.22014e-07 4.6054e-06 0.000102486 0.00134465 0.0104021 0.04746 0.127897 0.20508 0.202825 0.143263 0.0994363 0.0730092 0.044123 0.0214716 0.0102275 0.00528662 0.00293456 0.00175394 0.00114308 0.000828566 0.000649156 0.00047921 0.000278565
 1.61669e-11 1.75553e-09 1.12391e-07 4.24219e-06 9.44039e-05 0.00123862 0.00958222 0.0437276 0.117956 0.190086 0.192461 0.147785 0.117655 0.092059 0.0534286 0.0219267 0.00754033 0.00263355 0.00097876 0.000403121 0.00019209 0.00010721 6.93232e-05 4.61344e-05 2.5787e-05
 1.70307e-11 1.84933e-09 1.18396e-07 4.46884e-06 9.94476e-05 0.00130479 0.0100939 0.0460577 0.124173 0.199558 0.199478 0.146503 0.108801 0.0824754 0.0485425 0.0211635 0.00791371 0.00271669 0.00080451 0.000214436 6.00312e-05 2.02906e-05 8.91165e-06 4.71505e-06 2.37555e-06
 1.64476e-11 1.78601e-09 1.14342e-07 4.31585e-06 9.6043e-05 0.00126012 0.00974852 0.0444849 0.119977 0.193171 0.194771 0.147452 0.114923 0.0891096 0.051977 0.0217565 0.00765248 0.00256515 0.000782634 0.000207873 4.7769e-05 9.85134e-06 2.17251e-06 6.49461e-07 2.45334e-07
 1.61866e-11 1.75767e-09 1.12527e-07 4.24735e-06 9.45187e-05 0.00124012 0.00959387 0.0437807 0.118098 0.190312 0.192668 0.14789 0.117694 0.0921383 0.0535993 0.0220779 0.00749771 0.00239455 0.000692341 0.000176046 3.97596e-05 7.74904e-06 1.27995e-06 1.94865e-07 3.50065e-08
 1.65728e-11 1.79961e-09 1.15212e-07 4.34869e-06 9.67739e-05 0.00126971 0.00982266 0.0448223 0.120875 0.194519 0.195676 0.146958 0.113175 0.0874275 0.0514334 0.0221007 0.00806792 0.00271841 0.000788645 0.000193612 4.14882e-05 7.69009e-06 1.20381e-06 1.56246e-07 1.71143e-08
 1.61685e-11 1.75571e-09 1.12402e-07 4.24262e-06 9.44133e-05 0.00123874 0.00958318 0.0437319 0.117967 0.190104 0.192477 0.147795 0.117691 0.0922028 0.0537282 0.0222459 0.00765117 0.00249803 0.000743204 0.000192335 4.25245e-05 7.78921e-06 1.16818e-06 1.42903e-07 1.40406e-08
 1.60607e-11 1.744e-09 1.11653e-07 4.21433e-06 9.37839e-05 0.00123048 0.00951932 0.0434411 0.11719 0.188912 0.191552 0.147821 0.118602 0.0933107 0.0544901 0.0226183 0.00777575 0.002498 0.000715259 0.000177677 3.89699e-05 7.34097e-06 1.13439e-06 1.38922e-07 1.31949e-08
 1.66146e-11 1.80415e-09 1.15503e-07 4.35968e-06 9.70184e-05 0.00127292 0.00984748 0.0449359 0.121185 0.195051 0.196358 0.147838 0.114177 0.0878967 0.0507603 0.0207052 0.0069085 0.00216181 0.00061109 0.000149798 3.19761e-05 5.82555e-06 8.85336e-07 1.09485e-07 1.05977e-08
 1.62741e-11 1.76718e-09 1.13136e-07 4.27033e-06 9.503e-05 0.00124683 0.00964576 0.0440172 0.118732 0.191298 0.193502 0.1481 0.117314 0.0915076 0.0529531 0.0215128 0.00710193 0.0021853 0.000603645 0.000143882 2.99715e-05 5.3522e-06 7.94119e-07 9.55901e-08 9.09353e-09
 1.5659e-11 1.70038e-09 1.0886e-07 4.10892e-06 9.14381e-05 0.00119971 0.00928134 0.0423575 0.1143 0.184522 0.18836 0.148616 0.123044 0.0980601 0.0568678 0.0228867 0.00740101 0.0022274 0.000605331 0.000141899 2.8911e-05 5.0266e-06 7.25896e-07 8.52434e-08 7.91556e-09
 1.52792e-11 1.65914e-09 1.0622e-07 4.00926e-06 8.92204e-05 0.00117061 0.00905634 0.0413327 0.111564 0.180336 0.185173 0.148905 0.126538 0.102081 0.0593063 0.0237841 0.00762112 0.00226306 0.000604685 0.000138705 2.76331e-05 4.70573e-06 6.64464e-07 7.60383e-08 6.87222e-09
 1.47023e-11 1.59649e-09 1.02209e-07 3.85788e-06 8.58518e-05 0.00112642 0.00871454 0.0397753 0.107395 0.173882 0.179881 0.148099 0.129951 0.106939 0.0635543 0.0269104 0.00950728 0.00308035 0.000852525 0.000195639 3.84174e-05 6.40902e-06 8.84312e-07 9.88684e-08 8.72732e-09
 1.50711e-11 1.63654e-09 1.04773e-07 3.95465e-06 8.80051e-05 0.00115467 0.00893304 0.0407711 0.110064 0.178038 0.183406 0.149004 0.128355 0.104192 0.0606035 0.0243026 0.00782264 0.00237973 0.000672748 0.000166415 3.49664e-05 6.00245e-06 8.26493e-07 9.08687e-08 7.84626e-09
 1.53477e-11 1.66657e-09 1.06695e-07 4.02722e-06 8.96202e-05 0.00117586 0.00909689 0.0415174 0.112056 0.181083 0.185714 0.148759 0.125767 0.101266 0.0589145 0.0237599 0.0076952 0.00230593 0.000617898 0.000142651 2.91386e-05 5.17223e-06 7.55293e-07 8.66244e-08 7.57653e-09
 1.51969e-11 1.6502e-09 1.05647e-07 3.98766e-06 8.87398e-05 0.00116431 0.0090076 0.0411112 0.110978 0.179485 0.184752 0.149706 0.128419 0.103689 0.0595015 0.0229225 0.00674866 0.00182742 0.000465435 0.000105021 2.06934e-05 3.4837e-06 4.90398e-07 5.65997e-08 5.14364e-09
 1.57251e-11 1.70756e-09 1.09319e-07 4.12627e-06 9.18242e-05 0.00120477 0.00932051 0.042536 0.114778 0.185262 0.188971 0.148722 0.122682 0.0975473 0.0564332 0.0225595 0.00716126 0.00207076 0.000522497 0.000109413 1.98175e-05 3.15356e-06 4.25769e-07 4.70485e-08 4.1329e-09
 1.49504e-11 1.62343e-09 1.03933e-07 3.92297e-06 8.73002e-05 0.00114542 0.00886152 0.0404455 0.109194 0.176712 0.182416 0.149159 0.12957 0.105566 0.0614146 0.0245545 0.0078083 0.00229395 0.000603606 0.000134191 2.51514e-05 3.89589e-06 4.91097e-07 5.06169e-08 4.21214e-09
 1.50892e-11 1.63851e-09 1.04899e-07 3.95941e-06 8.81112e-05 0.00115606 0.0089438 0.0408202 0.110196 0.178247 0.183604 0.149115 0.128386 0.104159 0.0604997 0.0241417 0.00764912 0.00223851 0.000588728 0.000132091 2.54594e-05 4.12319e-06 5.39364e-07 5.55332e-08 4.42422e-09
 1.60851e-11 1.74665e-09 1.11822e-07 4.22072e-06 9.39261e-05 0.00123235 0.00953378 0.0435076 0.117378 0.189278 0.19222 0.14908 0.120328 0.0943545 0.0538138 0.0207861 0.00616894 0.00167999 0.000424721 9.39279e-05 1.80414e-05 2.94051e-06 3.92687e-07 4.1813e-08 3.43895e-09
 1.61542e-11 1.75415e-09 1.12302e-07 4.23885e-06 9.43296e-05 0.00123764 0.00957473 0.0436944 0.117881 0.190079 0.192987 0.149541 0.120475 0.0941452 0.0531593 0.0199071 0.00548713 0.001346 0.000310306 6.33547e-05 1.13943e-05 1.78838e-06 2.35659e-07 2.51543e-08 2.10098e-09
 1.61101e-11 1.74937e-09 1.11996e-07 4.22729e-06 9.40724e-05 0.00123427 0.00954863 0.0435754 0.11756 0.189568 0.192495 0.149238 0.120372 0.0942879 0.0536171 0.0205125 0.00592955 0.00153062 0.000352853 6.75858e-05 1.09911e-05 1.56194e-06 1.90088e-07 1.92375e-08 1.56525e-09
 1.55436e-11 1.68785e-09 1.08058e-07 4.07864e-06 9.07644e-05 0.00119087 0.009213 0.0420466 0.113475 0.183302 0.187638 0.149382 0.125143 0.0999851 0.0573577 0.0222392 0.00661963 0.00178169 0.000428951 8.59993e-05 1.44029e-05 2.00543e-06 2.26809e-07 2.08266e-08 1.55018e-09
 1.58394e-11 1.71997e-09 1.10114e-07 4.15626e-06 9.24917e-05 0.00121353 0.00938825 0.0428448 0.115607 0.186567 0.190142 0.149218 0.122516 0.0969143 0.0554285 0.0214499 0.0063711 0.0017185 0.000419662 8.6754e-05 1.51736e-05 2.21115e-06 2.58657e-07 2.37747e-08 1.69211e-09
 1.54892e-11 1.68194e-09 1.07679e-07 4.06435e-06 9.04464e-05 0.0011867 0.00918074 0.0418997 0.113083 0.182703 0.187189 0.149444 0.125675 0.100577 0.0576866 0.0223275 0.00662532 0.00178406 0.000434961 8.99687e-05 1.58684e-05 2.36372e-06 2.86531e-07 2.74624e-08 2.02355e-09
 1.57174e-11 1.70673e-09 1.09266e-07 4.12425e-06 9.17794e-05 0.00120419 0.00931599 0.0425159 0.114731 0.185246 0.189228 0.149613 0.124096 0.0985036 0.0560702 0.021302 0.00606611 0.00155356 0.000367706 7.52486e-05 1.32268e-05 1.97046e-06 2.40351e-07 2.34236e-08 1.77552e-09
 1.66963e-11 1.81302e-09 1.16071e-07 4.38111e-06 9.74953e-05 0.00127918 0.00989592 0.0451574 0.12179 0.19608 0.197656 0.149463 0.115999 0.0887495 0.0495479 0.0181663 0.00475496 0.00107594 0.000230435 4.40928e-05 7.37652e-06 1.0673e-06 1.28635e-07 1.25063e-08 9.52275e-10
#obs surv len freq
 1.87079e-11 2.03146e-09 1.30056e-07 4.90896e-06 0.000109242 0.00143328 0.0110875 0.0505798 0.136206 0.217588 0.211272 0.138744 0.083461 0.0586349 0.0412004 0.0260771 0.0142913 0.00632601 0.00221399 0.000614961 0.000132413 2.12242e-05 2.44191e-06 1.95614e-07 1.06181e-08
 1.48224e-11 1.60954e-09 1.03044e-07 3.88941e-06 8.65536e-05 0.00113563 0.00878599 0.0401044 0.108309 0.175455 0.181454 0.148008 0.12672 0.102635 0.0620346 0.0281283 0.0111568 0.00416882 0.00136699 0.000361955 7.33686e-05 1.09817e-05 1.17778e-06 8.77984e-08 4.41956e-09
 1.7085e-11 1.85523e-09 1.18773e-07 4.4831e-06 9.97651e-05 0.00130896 0.0101263 0.0462069 0.124578 0.200116 0.199094 0.142636 0.100836 0.0767233 0.0512366 0.028366 0.0128487 0.00442487 0.00112666 0.000224336 3.68859e-05 4.86396e-06 4.77266e-07 3.28193e-08 1.52379e-09
 1.65461e-11 1.79671e-09 1.15027e-07 4.3417e-06 9.66186e-05 0.00126768 0.0098074 0.0447602 0.120782 0.194757 0.196833 0.147969 0.111241 0.0837247 0.0505696 0.0240053 0.0097349 0.00333859 0.000898555 0.000180611 2.64537e-05 2.80696e-06 2.17688e-07 1.23286e-08 4.95772e-10
 1.64022e-11 1.78108e-09 1.14026e-07 4.30393e-06 9.57782e-05 0.00125666 0.00972231 0.0443749 0.119772 0.193301 0.195863 0.147894 0.111378 0.0841576 0.0519677 0.025532 0.0103602 0.00333499 0.000812681 0.000150029 2.09904e-05 2.15519e-06 1.55771e-07 7.71036e-09 2.58167e-10
 1.61843e-11 1.75743e-09 1.12512e-07 4.24677e-06 9.45064e-05 0.00123998 0.00959349 0.0437912 0.118242 0.1911 0.19452 0.148355 0.112595 0.0851323 0.052965 0.0265676 0.0110607 0.00364639 0.000902863 0.000165059 2.20246e-05 2.10415e-06 1.41139e-07 6.51976e-09 2.02897e-10
 1.65553e-11 1.79771e-09 1.15091e-07 4.34411e-06 9.66727e-05 0.00126841 0.00981354 0.0447973 0.120968 0.195507 0.198702 0.150046 0.110969 0.0813888 0.0491402 0.023804 0.00955053 0.00305256 0.000739324 0.000133047 1.74666e-05 1.62547e-06 1.0434e-07 4.52588e-09 1.30513e-10
 1.52702e-11 1.65816e-09 1.06157e-07 4.00691e-06 8.91689e-05 0.00116998 0.00905279 0.0413398 0.111805 0.18185 0.189271 0.15242 0.122165 0.0927336 0.0561577 0.0270132 0.0106645 0.00332643 0.000782851 0.00013662 1.73841e-05 1.56843e-06 9.74989e-08 4.07712e-09 1.12411e-10
 1.60917e-11 1.74737e-09 1.11868e-07 4.22248e-06 9.39663e-05 0.00123292 0.00953964 0.0435585 0.117739 0.190947 0.196146 0.15146 0.11409 0.084072 0.0514839 0.0254706 0.0101838 0.00313095 0.00071268 0.000119071 1.4434e-05 1.23843e-06 7.31943e-08 2.91081e-09 7.63226e-11
 1.52132e-11 1.65198e-09 1.05761e-07 3.99197e-06 8.88372e-05 0.00116565 0.00902007 0.041203 0.111554 0.182063 0.191164 0.155697 0.123934 0.0916313 0.0539506 0.025225 0.00963146 0.00289411 0.000652287 0.000107407 1.26342e-05 1.03561e-06 5.78704e-08 2.16442e-09 5.32627e-11
 1.54629e-11 1.67908e-09 1.07497e-07 4.05748e-06 9.02951e-05 0.00118479 0.00916833 0.041882 0.113396 0.184981 0.193486 0.155225 0.120644 0.0885055 0.0529821 0.0253253 0.00963526 0.00279014 0.00059554 9.29111e-05 1.04458e-05 8.23141e-07 4.41438e-08 1.57309e-09 3.6568e-11
 1.41848e-11 1.5403e-09 9.86115e-08 3.72212e-06 8.28331e-05 0.00108693 0.00841255 0.0384562 0.104398 0.171995 0.185819 0.160199 0.133457 0.0990773 0.0576263 0.0263676 0.00964495 0.00271392 0.000563684 8.46129e-05 9.01083e-06 6.65844e-07 3.34173e-08 1.11738e-09 2.44436e-11
 1.42673e-11 1.54926e-09 9.91853e-08 3.74379e-06 8.33155e-05 0.00109327 0.00846193 0.0386852 0.105033 0.172986 0.186228 0.158503 0.130151 0.0975042 0.0589691 0.0282284 0.0104982 0.00289972 0.000579527 8.31734e-05 8.45657e-06 5.94695e-07 2.82175e-08 8.85108e-10 1.8054e-11
 1.28448e-11 1.39479e-09 8.92959e-08 3.37053e-06 7.50104e-05 0.000984368 0.00762119 0.0348786 0.095066 0.158708 0.177955 0.163919 0.14365 0.10857 0.0641387 0.029832 0.0109039 0.00300072 0.000598889 8.47826e-05 8.34229e-06 5.58821e-07 2.50257e-08 7.37515e-10 1.40925e-11
 1.41137e-11 1.53258e-09 9.81176e-08 3.7035e-06 8.24201e-05 0.00108157 0.00837263 0.0382945 0.104109 0.172014 0.186155 0.158585 0.129203 0.0971867 0.0603371 0.0296835 0.0111394 0.00305859 0.000601852 8.38494e-05 8.10983e-06 5.31141e-07 2.30316e-08 6.49641e-10 1.17553e-11
 1.39693e-11 1.5169e-09 9.71138e-08 3.66563e-06 8.15786e-05 0.0010706 0.00828933 0.0379397 0.103379 0.172015 0.189545 0.165755 0.134818 0.0960735 0.0545878 0.0246765 0.00882948 0.00239376 0.000470633 6.50339e-05 6.15707e-06 3.90806e-07 1.63334e-08 4.42519e-10 7.66349e-12
 1.34316e-11 1.45852e-09 9.33762e-08 3.52457e-06 7.8441e-05 0.00102948 0.00797266 0.0365146 0.0997032 0.166915 0.18673 0.167368 0.138952 0.10027 0.0573968 0.0256193 0.00875939 0.0022205 0.000408359 5.35724e-05 4.88895e-06 3.0117e-07 1.21973e-08 3.18373e-10 5.27822e-12
 1.42707e-11 1.54963e-09 9.92095e-08 3.74476e-06 8.33415e-05 0.0010938 0.00847054 0.0387875 0.1058 0.176295 0.193866 0.166731 0.131639 0.0921327 0.0520655 0.0230138 0.0077359 0.0019037 0.000334214 4.11711e-05 3.49551e-06 2.00387e-07 7.60009e-09 1.87131e-10 2.9412e-12
 1.27297e-11 1.3823e-09 8.84973e-08 3.34047e-06 7.43479e-05 0.000975936 0.00756217 0.034694 0.0952162 0.161651 0.186525 0.173899 0.145934 0.102751 0.0565014 0.0241002 0.00785856 0.00188842 0.000323669 3.86058e-05 3.13282e-06 1.69397e-07 5.99721e-09 1.37006e-10 1.9944e-12
 1.46091e-11 1.58638e-09 1.01562e-07 3.83361e-06 8.53214e-05 0.00111988 0.00867452 0.0397449 0.108551 0.181224 0.199091 0.168661 0.128935 0.0874515 0.0480087 0.0203261 0.00640596 0.00145565 0.000234042 2.624e-05 2.01081e-06 1.02867e-07 3.43794e-09 7.37724e-11 1.00275e-12
 1.47903e-11 1.60606e-09 1.02823e-07 3.88122e-06 8.63839e-05 0.00113393 0.00878583 0.0402869 0.11027 0.185075 0.205295 0.174695 0.129918 0.0820824 0.0408599 0.0157235 0.00461544 0.00099757 0.000153111 1.6243e-05 1.1654e-06 5.54806e-08 1.72335e-09 3.44108e-11 4.35822e-13
 1.44337e-11 1.56733e-09 1.00344e-07 3.78771e-06 8.43057e-05 0.00110677 0.00857793 0.039366 0.107984 0.1822 0.204282 0.176378 0.1326 0.0842617 0.0419084 0.0158 0.00441671 0.000890525 0.000126771 1.25264e-05 8.4185e-07 3.76039e-08 1.09312e-09 2.03351e-11 2.38988e-13
 1.44896e-11 1.57341e-09 1.00733e-07 3.80245e-06 8.46367e-05 0.00111122 0.00861445 0.0395565 0.108647 0.183749 0.206464 0.177634 0.131764 0.0822899 0.0402408 0.0148823 0.00405369 0.000787869 0.000106555 9.85192e-06 6.12706e-07 2.52067e-08 6.75012e-10 1.15945e-11 1.26081e-13
 1.46848e-11 1.59461e-09 1.02091e-07 3.85377e-06 8.57818e-05 0.00112635 0.00873354 0.0401215 0.110291 0.186691 0.209431 0.178372 0.129696 0.0792676 0.0379939 0.0137487 0.00365037 0.000688814 8.99726e-05 7.97191e-06 4.70415e-07 1.81707e-08 4.5261e-10 7.18038e-12 7.18041e-14
 1.4898e-11 1.61777e-09 1.03575e-07 3.90982e-06 8.70335e-05 0.00114291 0.00886442 0.0407483 0.112156 0.19021 0.213447 0.180212 0.127828 0.0752752 0.0345152 0.0118941 0.00300323 0.000539221 6.70282e-05 5.64598e-06 3.16046e-07 1.15438e-08 2.70768e-10 4.02525e-12 3.75254e-14
 1.28143e-11 1.39151e-09 8.9091e-08 3.36334e-06 7.48845e-05 0.000983955 0.00764401 0.0352964 0.0983255 0.171859 0.205508 0.19031 0.145384 0.087775 0.0397674 0.0132575 0.00319661 0.00054368 6.37153e-05 5.04674e-06 2.6532e-07 9.09551e-09 2.00093e-10 2.78695e-12 2.43071e-14
 1.44531e-11 1.56946e-09 1.00484e-07 3.79333e-06 8.44511e-05 0.00110935 0.00861048 0.0396487 0.10953 0.187067 0.212212 0.18137 0.1303 0.0780392 0.0362222 0.0123092 0.00294956 0.000485746 5.41009e-05 4.026e-06 1.97572e-07 6.30156e-09 1.28792e-10 1.66577e-12 1.34904e-14
 1.32007e-11 1.43349e-09 9.17813e-08 3.46513e-06 7.7163e-05 0.00101425 0.00788527 0.0364619 0.101781 0.178025 0.211192 0.190454 0.13989 0.0816955 0.0362618 0.0119176 0.00282092 0.000464439 5.15479e-05 3.76867e-06 1.7849e-07 5.40801e-09 1.03781e-10 1.2508e-12 9.39668e-15
#pred catch len freq
 1.23884e-11 1.34523e-09 8.61227e-08 3.2507e-06 7.23399e-05 0.000949138 0.00734311 0.0335181 0.090533 0.146843 0.153156 0.129487 0.118702 0.104194 0.0728561 0.0451258 0.0288205 0.0191322 0.0132334 0.00967494 0.00757455 0.00641533 0.00557375 0.00429309 0.00250013
 1.67232e-11 1.81594e-09 1.16258e-07 4.38817e-06 9.76523e-05 0.00128123 0.00991169 0.0452261 0.12193 0.195941 0.195814 0.143709 0.106759 0.0815308 0.0493996 0.0235653 0.0109014 0.00553619 0.00305598 0.00182414 0.00118851 0.000861461 0.000674923 0.000498231 0.000289622
 1.52058e-11 1.65117e-09 1.05709e-07 3.99e-06 8.87919e-05 0.00116499 0.00901285 0.0411344 0.111031 0.179494 0.184402 0.148525 0.126505 0.102222 0.0595542 0.0241465 0.00808527 0.00275156 0.00101047 0.000414766 0.000197486 0.000110207 7.12595e-05 4.74229e-05 2.65072e-05
 1.62095e-11 1.76016e-09 1.12687e-07 4.25336e-06 9.46525e-05 0.00124188 0.00960742 0.043842 0.118256 0.190506 0.192584 0.147115 0.116332 0.0911424 0.0537944 0.0230987 0.00840738 0.00282527 0.00082886 0.000220164 6.15494e-05 2.07943e-05 9.13208e-06 4.83163e-06 2.43428e-06
 1.59418e-11 1.73109e-09 1.10826e-07 4.18312e-06 9.30894e-05 0.00122137 0.00944886 0.0431202 0.116334 0.187605 0.190571 0.147957 0.119757 0.0945776 0.0551585 0.0227696 0.00779746 0.00255202 0.00077016 0.00020382 4.67804e-05 9.64316e-06 2.12627e-06 6.35612e-07 2.40102e-07
 1.5362e-11 1.66813e-09 1.06795e-07 4.031e-06 8.97041e-05 0.00117696 0.0091054 0.041556 0.112158 0.181228 0.185767 0.148562 0.125345 0.100899 0.0588471 0.0239385 0.00792135 0.00246853 0.000705352 0.000178625 4.02852e-05 7.84759e-06 1.29602e-06 1.97302e-07 3.54438e-08
 1.59832e-11 1.73558e-09 1.11114e-07 4.19399e-06 9.33312e-05 0.00122455 0.00947338 0.0432316 0.116628 0.188028 0.190763 0.147499 0.118736 0.0937518 0.0551604 0.0233475 0.00829671 0.00273431 0.000785472 0.000192158 4.11205e-05 7.61783e-06 1.19228e-06 1.54741e-07 1.69492e-08
 1.56692e-11 1.70148e-09 1.08931e-07 4.11159e-06 9.14975e-05 0.00120049 0.00928736 0.0423847 0.114371 0.184611 0.188334 0.148302 0.122477 0.0976099 0.0568645 0.0232325 0.00778269 0.00247963 0.000729295 0.00018801 4.15144e-05 7.60067e-06 1.13972e-06 1.39414e-07 1.36975e-08
 1.57425e-11 1.70945e-09 1.0944e-07 4.13083e-06 9.19258e-05 0.00120611 0.00933081 0.0425826 0.114899 0.185419 0.188947 0.148241 0.1218 0.096854 0.0564461 0.0231093 0.00773858 0.00242693 0.000687014 0.000169981 3.72284e-05 7.00924e-06 1.08294e-06 1.32614e-07 1.25956e-08
 1.61981e-11 1.75892e-09 1.12608e-07 4.25037e-06 9.45859e-05 0.00124101 0.00960071 0.043812 0.118185 0.190469 0.192911 0.148284 0.118204 0.0924295 0.053366 0.0214957 0.00699031 0.00213348 0.000595736 0.000145414 3.09945e-05 5.64366e-06 8.57536e-07 1.06041e-07 1.02642e-08
 1.6049e-11 1.74273e-09 1.11571e-07 4.21126e-06 9.37155e-05 0.00122959 0.00951239 0.0434099 0.117112 0.18883 0.191679 0.148449 0.119655 0.0940658 0.0543136 0.0217863 0.0070111 0.00210388 0.000573918 0.000136194 2.83257e-05 5.05535e-06 7.49926e-07 9.02649e-08 8.58677e-09
 1.56339e-11 1.69765e-09 1.08685e-07 4.10233e-06 9.12914e-05 0.00119778 0.00926646 0.0422899 0.114121 0.184262 0.18823 0.148859 0.123617 0.0985509 0.0569296 0.0226267 0.00713559 0.00209318 0.000561425 0.000130996 2.66462e-05 4.63002e-06 6.68486e-07 7.84963e-08 7.28888e-09
 1.48632e-11 1.61396e-09 1.03327e-07 3.90009e-06 8.6791e-05 0.00113874 0.00880987 0.0402103 0.108568 0.175762 0.18174 0.149377 0.1306 0.106634 0.0618957 0.0245343 0.00766939 0.00221951 0.000585156 0.000133584 2.65679e-05 4.52142e-06 6.38296e-07 7.30386e-08 6.60096e-09
 1.49189e-11 1.62001e-09 1.03715e-07 3.91471e-06 8.71163e-05 0.00114301 0.00884284 0.0403599 0.108959 0.176299 0.181842 0.148329 0.128559 0.105044 0.061995 0.025843 0.0088897 0.00281499 0.000770892 0.000176233 3.45545e-05 5.76094e-06 7.94707e-07 8.88436e-08 7.84221e-09
 1.51413e-11 1.64416e-09 1.05261e-07 3.97307e-06 8.84151e-05 0.00116005 0.00897464 0.0409608 0.110572 0.178831 0.184088 0.149204 0.128096 0.103706 0.0600478 0.023783 0.00746554 0.00221243 0.000617112 0.000151958 3.18816e-05 5.47007e-06 7.53049e-07 8.27885e-08 7.14839e-09
 1.58073e-11 1.71648e-09 1.09891e-07 4.14783e-06 9.2304e-05 0.00121107 0.0093692 0.0427578 0.115371 0.186174 0.18969 0.14874 0.122043 0.096738 0.0558306 0.0222159 0.00701588 0.00204953 0.000542069 0.000124559 2.53999e-05 4.50573e-06 6.57827e-07 7.54411e-08 6.59827e-09
 1.53168e-11 1.66322e-09 1.06481e-07 4.01912e-06 8.94398e-05 0.00117349 0.00907863 0.0414348 0.111843 0.180821 0.185827 0.149807 0.127608 0.102613 0.0586508 0.0223702 0.00644014 0.00169629 0.000424986 9.53215e-05 1.87458e-05 3.15368e-06 4.43839e-07 5.12223e-08 4.65485e-09
 1.57188e-11 1.70687e-09 1.09275e-07 4.1246e-06 9.17871e-05 0.00120429 0.00931675 0.042519 0.114734 0.185209 0.188996 0.148943 0.123068 0.0978287 0.0563744 0.022264 0.00689631 0.00194389 0.000483917 0.000100829 1.82275e-05 2.8982e-06 3.91177e-07 4.3222e-08 3.79667e-09
 1.51564e-11 1.64581e-09 1.05366e-07 3.97705e-06 8.85035e-05 0.00116121 0.00898362 0.0410017 0.110682 0.179004 0.184244 0.149276 0.12809 0.10366 0.0599757 0.0236836 0.0073476 0.00210343 0.000546002 0.000120796 2.26014e-05 3.49852e-06 4.40892e-07 4.54382e-08 3.78107e-09
 1.55691e-11 1.69062e-09 1.08235e-07 4.08533e-06 9.09132e-05 0.00119282 0.0092281 0.0421152 0.113656 0.18356 0.187744 0.149065 0.124452 0.0994014 0.0572928 0.0225723 0.00697745 0.00198957 0.000516122 0.000115231 2.21707e-05 3.58817e-06 4.69264e-07 4.83117e-08 3.84879e-09
 1.66632e-11 1.80943e-09 1.15841e-07 4.37243e-06 9.73021e-05 0.00127664 0.0098763 0.0450678 0.121546 0.195668 0.197155 0.148874 0.115367 0.0884763 0.0500151 0.0191027 0.00554128 0.00146825 0.000365272 8.03067e-05 1.53948e-05 2.50736e-06 3.34761e-07 3.56422e-08 2.93134e-09
 1.64765e-11 1.78915e-09 1.14543e-07 4.32342e-06 9.62115e-05 0.00126233 0.00976566 0.0445641 0.120204 0.193642 0.195743 0.149441 0.117732 0.0908821 0.0510331 0.018946 0.00511918 0.00122105 0.000276194 5.59695e-05 1.0041e-05 1.57458e-06 2.07424e-07 2.21384e-08 1.84902e-09
 1.63101e-11 1.77108e-09 1.13386e-07 4.27977e-06 9.52401e-05 0.00124959 0.00966711 0.0441151 0.119003 0.191785 0.194235 0.149258 0.118793 0.0923429 0.052258 0.019797 0.00559993 0.00140682 0.00031894 6.06949e-05 9.84665e-06 1.39789e-06 1.70057e-07 1.7208e-08 1.40006e-09
 1.58991e-11 1.72645e-09 1.10529e-07 4.17191e-06 9.28399e-05 0.0012181 0.00942358 0.0430058 0.116039 0.187237 0.1907 0.149334 0.122212 0.0964479 0.0549829 0.0210881 0.00613572 0.00160762 0.000381013 7.59384e-05 1.26906e-05 1.76545e-06 1.99599e-07 1.83256e-08 1.36397e-09
 1.61258e-11 1.75107e-09 1.12105e-07 4.23141e-06 9.41639e-05 0.00123547 0.00955791 0.0436176 0.117673 0.189739 0.192619 0.149207 0.120195 0.0940914 0.0535039 0.0204851 0.00594794 0.00156151 0.000375324 7.71295e-05 1.34619e-05 1.96011e-06 2.29218e-07 2.10665e-08 1.4993e-09
 1.60585e-11 1.74376e-09 1.11637e-07 4.21374e-06 9.37708e-05 0.00123031 0.00951803 0.043436 0.117188 0.188997 0.192054 0.149257 0.120812 0.0948024 0.0539354 0.0206445 0.00598813 0.00156939 0.000376585 7.74313e-05 1.36282e-05 2.02834e-06 2.45801e-07 2.35561e-08 1.73566e-09
 1.66326e-11 1.8061e-09 1.15628e-07 4.36439e-06 9.71232e-05 0.00127429 0.00985816 0.0449853 0.121327 0.195349 0.196988 0.149144 0.116025 0.0890549 0.0501172 0.0188375 0.00525053 0.00130789 0.000304166 6.18279e-05 1.08428e-05 1.61392e-06 1.96798e-07 1.91772e-08 1.45359e-09
 1.66298e-11 1.8058e-09 1.15609e-07 4.36367e-06 9.71071e-05 0.00127408 0.00985654 0.0449781 0.121312 0.195354 0.197132 0.149606 0.116751 0.0895439 0.0499296 0.018188 0.00467834 0.00102958 0.000215841 4.09307e-05 6.82709e-06 9.86778e-07 1.18887e-07 1.15572e-08 8.79972e-10
#obs catch len freq
 1.03538e-11 1.1243e-09 7.19787e-08 2.71684e-06 6.04599e-05 0.000793283 0.00613798 0.0280319 0.0759081 0.124628 0.13681 0.13265 0.140987 0.134201 0.0997761 0.0623934 0.0342701 0.0156289 0.00568094 0.00162002 0.000353983 5.75631e-05 6.74843e-06 5.50822e-07 3.02901e-08
 1.74908e-11 1.8993e-09 1.21595e-07 4.58959e-06 0.000102135 0.00134004 0.0103665 0.0472965 0.127439 0.204149 0.200732 0.138252 0.091894 0.0694266 0.0497498 0.0314507 0.0170244 0.00739599 0.00252897 0.000682036 0.000141569 2.17279e-05 2.37882e-06 1.80306e-07 9.2148e-09
 1.34779e-11 1.46354e-09 9.36973e-08 3.53662e-06 7.87029e-05 0.00103264 0.00798973 0.0364817 0.0986731 0.160933 0.171045 0.150083 0.138828 0.115179 0.069497 0.031361 0.0123541 0.00454724 0.00145576 0.000373528 7.28805e-05 1.04332e-05 1.06354e-06 7.49336e-08 3.54824e-09
 1.61195e-11 1.75038e-09 1.12061e-07 4.22975e-06 9.41273e-05 0.001235 0.00955449 0.0436052 0.117656 0.18965 0.19141 0.143525 0.108738 0.0855769 0.0573286 0.0314732 0.0140035 0.00470953 0.00116883 0.000226153 3.58655e-05 4.5216e-06 4.21198e-07 2.73471e-08 1.19342e-09
 1.56238e-11 1.69656e-09 1.08616e-07 4.0997e-06 9.12335e-05 0.00119704 0.00926134 0.0422774 0.114193 0.184907 0.189996 0.149754 0.119569 0.0920415 0.0554918 0.0261397 0.0104523 0.00350428 0.000915886 0.000177799 2.50313e-05 2.54111e-06 1.87447e-07 1.0029e-08 3.78747e-10
 1.54816e-11 1.68112e-09 1.07627e-07 4.06237e-06 9.04029e-05 0.00118615 0.00917729 0.0418974 0.113203 0.183503 0.189112 0.149706 0.119596 0.0923873 0.0569365 0.0277019 0.011043 0.00346732 0.000820547 0.000146383 1.96613e-05 1.92597e-06 1.32152e-07 6.18291e-09 1.94809e-10
 1.54906e-11 1.6821e-09 1.07689e-07 4.06474e-06 9.04557e-05 0.00118685 0.00918291 0.0419264 0.113313 0.183829 0.189748 0.15014 0.118933 0.0911157 0.0564144 0.0279744 0.0114204 0.0036652 0.000879077 0.000154881 1.98069e-05 1.80404e-06 1.14784e-07 5.00562e-09 1.46457e-10
 1.59012e-11 1.72669e-09 1.10544e-07 4.1725e-06 9.28538e-05 0.00121832 0.00942654 0.0430406 0.116334 0.188717 0.194381 0.151966 0.117041 0.0869059 0.0521788 0.0249676 0.00981708 0.00305257 0.000715472 0.000123913 1.55631e-05 1.3783e-06 8.38105e-08 3.42936e-09 9.29344e-11
 1.47331e-11 1.59984e-09 1.02423e-07 3.86598e-06 8.60331e-05 0.00112886 0.0087352 0.0399006 0.108031 0.176436 0.186169 0.154594 0.127383 0.0969765 0.0581972 0.0275968 0.010658 0.00322944 0.00073454 0.000123209 1.4979e-05 1.28424e-06 7.5509e-08 2.97442e-09 7.69837e-11
 1.56734e-11 1.70195e-09 1.0896e-07 4.11272e-06 9.1524e-05 0.0012009 0.00929241 0.0424396 0.114816 0.186811 0.193927 0.153376 0.118217 0.0872917 0.0529378 0.0257665 0.0100533 0.00299696 0.000658374 0.000105594 1.22154e-05 9.94794e-07 5.55444e-08 2.07826e-09 5.10923e-11
 1.48602e-11 1.61364e-09 1.03307e-07 3.89934e-06 8.67762e-05 0.00113864 0.00881168 0.0402627 0.109124 0.17875 0.189761 0.157909 0.1276 0.0939734 0.0546619 0.0251307 0.00936327 0.0027259 0.000591937 9.33834e-05 1.04656e-05 8.13262e-07 4.28917e-08 1.50796e-09 3.4761e-11
 1.52285e-11 1.65364e-09 1.05867e-07 3.99599e-06 8.89272e-05 0.00116687 0.00903027 0.0412621 0.111819 0.182958 0.193001 0.157245 0.123289 0.0898355 0.0530382 0.0248618 0.00920463 0.0025782 0.00052978 7.91292e-05 8.46617e-06 6.31528e-07 3.19196e-08 1.06808e-09 2.32406e-11
 1.39832e-11 1.51841e-09 9.72102e-08 3.66924e-06 8.16569e-05 0.00107153 0.00829417 0.0379285 0.103088 0.170466 0.185922 0.162536 0.135852 0.0997978 0.0571566 0.0256315 0.0091188 0.00247894 0.000494808 7.09903e-05 7.1863e-06 5.02271e-07 2.37382e-08 7.44563e-10 1.52294e-11
 1.4151e-11 1.53664e-09 9.8377e-08 3.71328e-06 8.26374e-05 0.00108441 0.00839412 0.0383878 0.104336 0.172374 0.186956 0.160674 0.131886 0.0976254 0.0580533 0.0271592 0.00979704 0.0026101 0.00050078 6.86203e-05 6.62353e-06 4.40008e-07 1.96401e-08 5.7747e-10 1.10073e-11
 1.27353e-11 1.3829e-09 8.8535e-08 3.34182e-06 7.43724e-05 0.000976039 0.00755779 0.0346047 0.0944561 0.158333 0.179093 0.166425 0.145315 0.108312 0.0628734 0.0285759 0.0101269 0.00268463 0.000513359 6.92531e-05 6.46019e-06 4.08406e-07 1.71915e-08 4.74523e-10 8.46688e-12
 1.40981e-11 1.53089e-09 9.80095e-08 3.69943e-06 8.23305e-05 0.00108043 0.00836472 0.0382714 0.10415 0.17254 0.187734 0.160682 0.130188 0.0964947 0.058752 0.0281556 0.0102194 0.00269929 0.00050833 6.73928e-05 6.16944e-06 3.80726e-07 1.54982e-08 4.09089e-10 6.90861e-12
 1.39754e-11 1.51756e-09 9.71562e-08 3.66725e-06 8.16158e-05 0.00107113 0.0082946 0.0379793 0.103606 0.172885 0.191477 0.167853 0.135288 0.0947753 0.0527989 0.0232777 0.00805892 0.00209923 0.000394192 5.17383e-05 4.62974e-06 2.76569e-07 1.08385e-08 2.74482e-10 4.43176e-12
 1.34915e-11 1.46503e-09 9.3793e-08 3.54032e-06 7.87928e-05 0.00103415 0.00801006 0.0367022 0.100334 0.168424 0.189177 0.169491 0.139026 0.0984436 0.055129 0.0239343 0.0079042 0.00192425 0.000337933 4.2078e-05 3.62425e-06 2.09778e-07 7.95509e-09 1.93877e-10 2.99414e-12
 1.43476e-11 1.55799e-09 9.97445e-08 3.76498e-06 8.37928e-05 0.00109978 0.00851809 0.0390211 0.106549 0.177953 0.196318 0.16864 0.131488 0.090231 0.0498256 0.0213902 0.00693371 0.00163582 0.000273838 3.19882e-05 2.56192e-06 1.37912e-07 4.89284e-09 1.12346e-10 1.64273e-12
 1.28722e-11 1.39778e-09 8.94881e-08 3.3779e-06 7.51827e-05 0.000986967 0.00764919 0.0351117 0.0964837 0.164186 0.189785 0.175915 0.1451 0.0999532 0.053657 0.0222147 0.00697922 0.00160563 0.000261971 2.95836e-05 2.26191e-06 1.14761e-07 3.79889e-09 8.09014e-11 1.09508e-12
 1.47793e-11 1.60487e-09 1.02746e-07 3.87832e-06 8.63183e-05 0.00113303 0.0087777 0.040233 0.109979 0.183886 0.202168 0.170256 0.127883 0.0847064 0.0452749 0.0185565 0.00562542 0.00122285 0.000187059 1.98403e-05 1.43093e-06 6.86084e-08 2.14196e-09 4.28203e-11 5.41032e-13
 1.4957e-11 1.62416e-09 1.03982e-07 3.92501e-06 8.73608e-05 0.00114684 0.00888741 0.0407707 0.111702 0.187769 0.20836 0.176036 0.128426 0.0791493 0.0383599 0.0142978 0.00403539 0.000833145 0.000121465 1.21766e-05 8.21723e-07 3.66463e-08 1.0627e-09 1.97537e-11 2.32383e-13
 1.46313e-11 1.5888e-09 1.01719e-07 3.83964e-06 8.54642e-05 0.00112207 0.00869827 0.0399371 0.109656 0.185271 0.207629 0.177693 0.13084 0.0809888 0.0391382 0.0142615 0.00382823 0.000736952 9.96113e-05 9.29379e-06 5.86841e-07 2.45307e-08 6.65244e-10 1.15159e-11 1.25675e-13
 1.47006e-11 1.59632e-09 1.02201e-07 3.85789e-06 8.58739e-05 0.00112756 0.00874307 0.040167 0.110429 0.186984 0.209888 0.178833 0.12981 0.0788934 0.037442 0.0133655 0.00349084 0.000646853 8.29723e-05 7.23916e-06 4.22868e-07 1.62749e-08 4.06372e-10 6.49085e-12 6.54961e-14
 1.49184e-11 1.61998e-09 1.03716e-07 3.91514e-06 8.71514e-05 0.00114444 0.00887585 0.0407951 0.11224 0.190158 0.212941 0.179388 0.127467 0.0757083 0.0351683 0.0122676 0.00311937 0.000560469 6.93433e-05 5.79121e-06 3.20718e-07 1.15846e-08 2.6902e-10 3.96872e-12 3.68266e-14
 1.51398e-11 1.64403e-09 1.05257e-07 3.97339e-06 8.84526e-05 0.00116168 0.00901213 0.0414482 0.114179 0.193773 0.216939 0.181008 0.125344 0.0716461 0.0318018 0.010554 0.00254977 0.000435463 5.12173e-05 4.0621e-06 2.13192e-07 7.27561e-09 1.59001e-10 2.19724e-12 1.90049e-14
 1.30854e-11 1.42096e-09 9.0978e-08 3.43468e-06 7.64787e-05 0.00100508 0.00781103 0.0360941 0.100661 0.176037 0.209662 0.191269 0.142412 0.0834516 0.0365868 0.0117365 0.00270517 0.000437264 4.84463e-05 3.61015e-06 1.77801e-07 5.69031e-09 1.16543e-10 1.5079e-12 1.21953e-14
 1.47198e-11 1.59843e-09 1.0234e-07 3.8635e-06 8.60185e-05 0.00113009 0.00877409 0.0404248 0.111769 0.190978 0.215996 0.18225 0.127668 0.0740494 0.0331539 0.0108125 0.00247302 0.000386771 4.07067e-05 2.84873e-06 1.30906e-07 3.89596e-09 7.40924e-11 8.89705e-13 6.6777e-15
#spawning biomass
 3614.74 5459.03 8472.01 13951.2 22027.4 30303.3 46003.4 64860.7 86305.2 116587 160662 193682 205875 221356 203705 205071 187598 195961 201721 190002 186850 191608 210652 224207 228374 232420 220062 213803 241514 11281.7 4407.32 4407.32 4407.32 4407.32 4407.32 4407.32 4407.32 4407.32 4407.32 4407.32 4407.32 4407.32 4407.32 4407.32 4407.32 4407.32 4407.32 4407.32 4407.32 4407.32 4407.32 4407.32 4407.32 4407.32 4407.32 4407.32 4407.32 4407.32 4407.32 4407.32 4407.32 4407.32 4407.32 4407.32 4407.32 4407.32 4407.32 4407.32 4407.32 4407.32 4407.32 4407.32 4407.32 4407.32 4407.32 4407.32 4407.32 4407.32 4407.32 4407.32 4407.32 4407.32 4407.32 4407.32 4407.32 4407.32 4407.32 4407.32 4407.32 4407.32 4407.32 4407.32 4407.32 4407.32 4407.32 4407.32 4407.32 4407.32 4407.32 4407.32 4407.32 4407.32 4407.32 4407.32 4407.32 4407.32 4407.32 4407.32 4407.32 4407.32 4407.32 4407.32 4407.32 4407.32 4407.32 4407.32 4407.32 4407.32 4407.32 4407.32 4407.32 4407.32 4407.32 4407.32 4407.32 4407.32 4407.32 4407.32 0 0 0 0 0 0 0 0 0 0 0 0 0 0 0 0 0 0 0 0 0 0 0 0 0
