SBPRF35
0.819782
Curr Bio
98681
B35
679591
F35
0.210418
FOFL
0.0710446
OFL
14022.7
Bzero
234224
#pred survey bio
 9015.59 6709.01 7747.73 11039.7 15259.1 17671.1 16955.9 21520.1 34757.2 50113 61566.8 83955.4 106429 141530 127462 107298 101235 103087 105640 106671 108422 107484 112903 120374 132343 136939 127655 124289 106771 8.91289e+06 7.43013e+06 7.91531e+06 7.44616e+06 6.57246e+06 5.61692e+06 4.74466e+06 4.01982e+06 3.45063e+06 3.01958e+06 2.70079e+06 2.46855e+06 2.30084e+06 2.17983e+06 2.09155e+06 2.02715e+06 1.98145e+06 1.94869e+06 1.92494e+06 1.90754e+06 1.89463e+06 1.88496e+06 1.87763e+06 1.87201e+06 1.86768e+06 1.8643e+06 1.86164e+06 1.85955e+06 1.85788e+06 1.85655e+06 1.85548e+06 1.85462e+06 1.85392e+06 1.85336e+06 1.8529e+06 1.85253e+06 1.85223e+06 1.85199e+06 1.85178e+06 1.85162e+06 1.85149e+06 1.85138e+06 1.85129e+06 1.85122e+06 1.85116e+06 1.85111e+06 1.85107e+06 1.85104e+06 1.85101e+06 1.85099e+06 1.85097e+06 1.85095e+06 1.85094e+06 1.85093e+06 1.85092e+06 1.85092e+06 1.85091e+06 1.85091e+06 1.8509e+06 1.8509e+06 1.8509e+06 1.8509e+06 1.8509e+06 1.85089e+06 1.85089e+06 1.85089e+06 1.85089e+06 1.85089e+06 1.85089e+06 1.85089e+06 1.85089e+06 1.85089e+06 1.85089e+06 1.85089e+06 1.85089e+06 1.85089e+06 1.85089e+06 1.85089e+06 1.85089e+06 1.85089e+06 1.85089e+06 1.85089e+06 1.85089e+06 1.85089e+06 1.85089e+06 1.85089e+06 1.85089e+06 1.85089e+06 1.85089e+06 1.85089e+06 1.85089e+06 1.85089e+06 1.85089e+06 1.85089e+06 1.85089e+06 1.85089e+06 1.85089e+06 1.85089e+06 1.85089e+06 1.85089e+06 0 0 0 0 0 0 0 0 0 0 0 0 0 0 0 0 0 0 0 0 0 0 0 0 0
#obs survey bio
 8294.51 6478.86 10474.3 10820 10215.5 23833 13408 18593.6 41150.9 52861.5 70480 71308.3 128302 132781 143407 98259.4 134823 122836 102937 106088 128404 114293 88416.5 124755 157954 202314 129018 134050 102300
#pred catch bio
 6703.58 4773.61 5305.8 7769.81 10739.6 13480.2 12801.1 15098.2 24624.1 37949.9 44716.2 64830.1 76480.4 113857 103955 86401.1 80770.2 81843 84945.6 86230.7 89108.5 88542.3 95166.1 100413 110668 117315 107183 112530 8376.81 14022.7 60267.2 64084.5 59547.5 51838.2 43604.3 36199.5 30134.6 25449.6 21970.8 19458.9 17681.3 16442.1 15585.8 14994.9 14591 14323 14145.3 14027.4 13949.2 13897.3 13862.8 13840 13824.9 13814.8 13808.1 13803.7 13800.8 13798.8 13797.6 13796.7 13796.1 13795.8 13795.5 13795.3 13795.2 13795.2 13795.1 13795.1 13795.1 13795 13795 13795 13795 13795 13795 13795 13795 13795 13795 13795 13795 13795 13795 13795 13795 13795 13795 13795 13795 13795 13795 13795 13795 13795 13795 13795 13795 13795 13795 13795 13795 13795 13795 13795 13795 13795 13795 13795 13795 13795 13795 13795 13795 13795 13795 13795 13795 13795 13795 13795 13795 13795 13795 13795 13795 13795 13795 13795 13795 0 0 0 0 0 0 0 0 0 0 0 0 0 0 0 0 0 0 0 0 0 0 0 0 0
#obs catch bio
 4270.51 4657.14 5118.63 7706.8 10764.7 13187.4 12633.5 14851.8 23948.7 37366.9 43355.9 63180.2 74753.9 110466 102807 86367.3 78526.1 80306.3 81833.6 83811.5 84024.9 84523.6 94038.4 98220.8 105813 111455 102858 109962 8164.41
#pred cpue bio
 7885.45 5445 6033.63 8433.76 11711.2 14299 13471.9 16011.2 25842.7 38312.4 47013.7 63727 79847.6 109617 101782 84954.3 78599.5 79658.4 82003.5 82192.2 83364.2 82280.4 85077.5 89427 98974.9 103629 96883.9 94669.3 78218.5 7.85199e+06 7.34189e+06 7.88288e+06 7.39943e+06 6.52202e+06 5.56587e+06 4.69353e+06 3.96867e+06 3.39948e+06 2.96843e+06 2.64964e+06 2.4174e+06 2.24969e+06 2.12869e+06 2.04041e+06 1.976e+06 1.9303e+06 1.89754e+06 1.87379e+06 1.85639e+06 1.84348e+06 1.83381e+06 1.82648e+06 1.82086e+06 1.81653e+06 1.81315e+06 1.8105e+06 1.8084e+06 1.80673e+06 1.8054e+06 1.80433e+06 1.80347e+06 1.80277e+06 1.80221e+06 1.80176e+06 1.80138e+06 1.80108e+06 1.80084e+06 1.80064e+06 1.80047e+06 1.80034e+06 1.80023e+06 1.80014e+06 1.80007e+06 1.80001e+06 1.79996e+06 1.79992e+06 1.79989e+06 1.79986e+06 1.79984e+06 1.79982e+06 1.7998e+06 1.79979e+06 1.79978e+06 1.79978e+06 1.79977e+06 1.79976e+06 1.79976e+06 1.79976e+06 1.79975e+06 1.79975e+06 1.79975e+06 1.79975e+06 1.79974e+06 1.79974e+06 1.79974e+06 1.79974e+06 1.79974e+06 1.79974e+06 1.79974e+06 1.79974e+06 1.79974e+06 1.79974e+06 1.79974e+06 1.79974e+06 1.79974e+06 1.79974e+06 1.79974e+06 1.79974e+06 1.79974e+06 1.79974e+06 1.79974e+06 1.79974e+06 1.79974e+06 1.79974e+06 1.79974e+06 1.79974e+06 1.79974e+06 1.79974e+06 1.79974e+06 1.79974e+06 1.79974e+06 1.79974e+06 1.79974e+06 1.79974e+06 1.79974e+06 1.79974e+06 1.79974e+06 1.79974e+06 1.79974e+06 0 0 0 0 0 0 0 0 0 0 0 0 0 0 0 0 0 0 0 0 0 0 0 0 0
#obs cpue bio
 4144.89 10402.7 8071.11 7722.16 14953.2 18296.4 22012.4 21535.2 38606.2 40226.8 79154.5 101793 92893.5 190749 96799.6 93091.5 103786 84823 165133 126041 204170 146958 112201 130751 185157 159655 170809 153149 96371.3
#pred surv len freq
 2.56574e-27 2.59533e-27 3.94101e-26 7.77401e-20 1.9057e-14 5.64694e-10 2.02264e-06 0.000875726 0.0458323 0.289948 0.221983 0.0367206 0.123546 0.114251 0.0307423 0.0418078 0.0197016 0.0175531 0.0120214 0.0100232 0.00851994 0.00789242 0.00842212 0.00775785 0.00240013
 2.56804e-27 2.60118e-27 4.40372e-26 8.74991e-20 2.14493e-14 6.35582e-10 2.27655e-06 0.000985659 0.0515858 0.326346 0.249834 0.0403581 0.131664 0.1213 0.0243718 0.0251884 0.00979179 0.00618966 0.003449 0.00241933 0.00178995 0.00147663 0.00143651 0.0013502 0.000460925
 2.56932e-27 2.60461e-27 4.69802e-26 9.37071e-20 2.29712e-14 6.80676e-10 2.43807e-06 0.00105559 0.0552458 0.3495 0.267513 0.0403249 0.118991 0.109575 0.0218361 0.0222682 0.00753513 0.00313023 0.00127664 0.00064024 0.000369037 0.000254323 0.000215556 0.00019632 7.00975e-05
 2.56993e-27 2.60622e-27 4.83581e-26 9.66137e-20 2.36837e-14 7.0179e-10 2.51369e-06 0.00108833 0.0569595 0.360341 0.275791 0.0403227 0.113158 0.104122 0.0196048 0.0185419 0.00624994 0.00252967 0.000815461 0.000260654 9.62332e-05 4.76463e-05 3.22754e-05 2.67398e-05 9.60758e-06
 2.56968e-27 2.60551e-27 4.7698e-26 9.52211e-20 2.33423e-14 6.91674e-10 2.47746e-06 0.00107265 0.0561384 0.355147 0.271833 0.0408094 0.119643 0.11005 0.0196374 0.0171107 0.00561332 0.00204585 0.00064748 0.000184756 4.27508e-05 1.19734e-05 5.31568e-06 3.61575e-06 1.25707e-06
 2.56743e-27 2.59941e-27 4.23157e-26 8.38668e-20 2.05589e-14 6.09198e-10 2.18204e-06 0.000944742 0.0494444 0.312799 0.239519 0.0422498 0.153307 0.141158 0.0259186 0.023605 0.00757746 0.00248552 0.000743841 0.000194369 4.09423e-05 7.20387e-06 1.54047e-06 6.84374e-07 2.16721e-07
 2.56837e-27 2.60206e-27 4.47322e-26 8.89649e-20 2.18087e-14 6.4623e-10 2.31469e-06 0.00100217 0.05245 0.331813 0.254017 0.0409147 0.132961 0.122521 0.0251368 0.0265233 0.00861251 0.00294822 0.000851251 0.000200838 3.85373e-05 5.92172e-06 7.06189e-07 1.34552e-07 3.33692e-08
 2.57085e-27 2.60873e-27 5.05761e-26 1.01293e-19 2.48307e-14 7.35778e-10 2.63543e-06 0.00114104 0.059718 0.377792 0.289107 0.0397096 0.0991364 0.0911765 0.0171899 0.0162913 0.00553959 0.00230602 0.0006895 0.000166235 2.94174e-05 4.03277e-06 3.86819e-07 3.09318e-08 4.01196e-09
 2.57077e-27 2.60843e-27 5.02458e-26 1.00596e-19 2.46598e-14 7.30715e-10 2.6173e-06 0.00113319 0.0593071 0.375193 0.287132 0.0403407 0.105327 0.0967755 0.0161317 0.0124491 0.00407704 0.00148913 0.000477956 0.00013555 2.49618e-05 3.26259e-06 2.7331e-07 1.44625e-08 6.95576e-10
 2.56976e-27 2.6057e-27 4.7821e-26 9.54805e-20 2.34059e-14 6.93559e-10 2.48421e-06 0.00107557 0.0562914 0.356115 0.272576 0.0410666 0.121078 0.11132 0.0188858 0.0150573 0.00469015 0.00132495 0.000389698 0.000102445 2.16227e-05 3.10139e-06 2.51431e-07 1.11467e-08 2.73921e-10
 2.56983e-27 2.6059e-27 4.80143e-26 9.58882e-20 2.35058e-14 6.9652e-10 2.49482e-06 0.00108016 0.0565317 0.357635 0.273734 0.0408719 0.118783 0.109234 0.0190928 0.0160571 0.00503135 0.00145609 0.000391891 8.15935e-05 1.54488e-05 2.35765e-06 2.14161e-07 9.23022e-09 1.74578e-10
 2.57007e-27 2.60658e-27 4.86298e-26 9.71869e-20 2.38242e-14 7.05953e-10 2.52861e-06 0.00109479 0.0572974 0.362479 0.277427 0.0405782 0.113952 0.104799 0.0187129 0.016312 0.00518292 0.00161295 0.000441736 9.11491e-05 1.43048e-05 1.83207e-06 1.69737e-07 8.07831e-09 1.47058e-10
 2.57045e-27 2.60755e-27 4.94615e-26 9.89411e-20 2.42542e-14 7.18696e-10 2.57425e-06 0.00111455 0.0583316 0.369022 0.282424 0.0406011 0.110617 0.101657 0.0169985 0.0131911 0.00420901 0.00135305 0.000381004 8.36955e-05 1.32421e-05 1.48793e-06 1.12972e-07 5.34123e-09 1.04729e-10
 2.56927e-27 2.60436e-27 4.66499e-26 9.30099e-20 2.28002e-14 6.75612e-10 2.41993e-06 0.00104774 0.0548348 0.3469 0.265544 0.0413512 0.128184 0.117893 0.0203315 0.0167011 0.00520946 0.00147565 0.000413943 9.41726e-05 1.57069e-05 1.81892e-06 1.24015e-07 4.86494e-09 9.31694e-11
 2.56797e-27 2.60083e-27 4.35165e-26 8.63996e-20 2.11798e-14 6.27596e-10 2.24794e-06 0.000973274 0.0509377 0.322246 0.246734 0.0423233 0.148797 0.136904 0.0235078 0.0191641 0.00602641 0.00178426 0.000482058 9.89489e-05 1.67028e-05 2.03304e-06 1.43531e-07 5.11122e-09 8.30387e-11
 2.56842e-27 2.6021e-27 4.46924e-26 8.88807e-20 2.1788e-14 6.45618e-10 2.3125e-06 0.00100122 0.0524004 0.331499 0.253787 0.0415389 0.137872 0.126924 0.0235755 0.0218329 0.00686595 0.00201266 0.000551081 0.000115791 1.80768e-05 2.11454e-06 1.55955e-07 5.7161e-09 8.4973e-11
 2.56922e-27 2.60427e-27 4.6603e-26 9.29111e-20 2.2776e-14 6.74895e-10 2.41736e-06 0.00104662 0.0547766 0.346531 0.265259 0.0411072 0.126528 0.116415 0.0209726 0.0185517 0.00601918 0.00207219 0.000576004 0.000120613 1.92168e-05 2.16375e-06 1.50717e-07 5.68385e-09 8.61705e-11
 2.56937e-27 2.60465e-27 4.69044e-26 9.35469e-20 2.29319e-14 6.79513e-10 2.4339e-06 0.00105379 0.0551514 0.348903 0.267072 0.0412477 0.126323 0.116176 0.0200204 0.0164325 0.00526072 0.00171448 0.000501649 0.000119849 1.93624e-05 2.2009e-06 1.49905e-07 5.3717e-09 8.25927e-11
 2.56918e-27 2.60413e-27 4.64452e-26 9.25781e-20 2.26944e-14 6.72476e-10 2.4087e-06 0.00104287 0.0545802 0.345289 0.264315 0.0414051 0.129458 0.119068 0.0205288 0.0168586 0.00530362 0.00157667 0.000446884 0.000103991 1.86337e-05 2.27349e-06 1.56307e-07 5.49431e-09 8.10811e-11
 2.56948e-27 2.60493e-27 4.71557e-26 9.40769e-20 2.30618e-14 6.83363e-10 2.44769e-06 0.00105976 0.0554638 0.350879 0.26858 0.041181 0.124756 0.114733 0.0198221 0.0163375 0.00513826 0.00152215 0.000417744 8.94339e-05 1.54263e-05 1.98902e-06 1.4994e-07 5.37818e-09 7.79718e-11
 2.56954e-27 2.60509e-27 4.72771e-26 9.43329e-20 2.31246e-14 6.85223e-10 2.45435e-06 0.00106264 0.0556148 0.351834 0.26931 0.0412622 0.12486 0.114802 0.0193396 0.0152188 0.00478484 0.00142095 0.00038972 8.23316e-05 1.32826e-05 1.61138e-06 1.25447e-07 4.90338e-09 7.32158e-11
 2.56969e-27 2.60549e-27 4.76245e-26 9.50659e-20 2.33043e-14 6.90547e-10 2.47342e-06 0.0010709 0.0560469 0.354568 0.271398 0.0412384 0.123213 0.113265 0.0187724 0.0143081 0.0044487 0.00124423 0.000338898 7.16931e-05 1.14753e-05 1.32351e-06 9.62957e-08 3.84016e-09 6.17198e-11
 2.57026e-27 2.60704e-27 4.89957e-26 9.79584e-20 2.40133e-14 7.11558e-10 2.54868e-06 0.00110348 0.0577522 0.365356 0.279629 0.040854 0.114504 0.105224 0.017268 0.0128987 0.0039836 0.00107132 0.000284705 5.72728e-05 9.10937e-06 1.04411e-06 7.26737e-08 2.72406e-09 4.43342e-11
 2.57072e-27 2.60826e-27 5.00462e-26 1.00175e-19 2.45566e-14 7.27656e-10 2.60634e-06 0.00112845 0.0590588 0.373622 0.285939 0.0407374 0.109184 0.100269 0.0155667 0.0102634 0.00314635 0.000819738 0.000214289 4.14293e-05 6.30265e-06 7.01846e-07 4.83865e-08 1.73956e-09 2.68419e-11
 2.57047e-27 2.60758e-27 4.94375e-26 9.88903e-20 2.42418e-14 7.18327e-10 2.57293e-06 0.00111398 0.0583016 0.368832 0.282285 0.0410027 0.11377 0.104485 0.0160129 0.0102157 0.00306751 0.000695939 0.000176423 3.30693e-05 4.86769e-06 5.16661e-07 3.42534e-08 1.20993e-09 1.79437e-11
 2.57006e-27 2.60645e-27 4.8444e-26 9.67945e-20 2.3728e-14 7.03104e-10 2.5184e-06 0.00109037 0.0570661 0.361015 0.276321 0.0412805 0.120074 0.110308 0.0171504 0.0113431 0.00339265 0.000741442 0.00017987 2.98395e-05 4.2072e-06 4.30128e-07 2.71292e-08 9.1786e-10 1.32783e-11
 2.56995e-27 2.60617e-27 4.81918e-26 9.62626e-20 2.35976e-14 6.99239e-10 2.50456e-06 0.00108438 0.0567524 0.359031 0.274807 0.041355 0.121705 0.111812 0.017411 0.0115595 0.00347239 0.000783522 0.000189371 3.00684e-05 3.86939e-06 3.60941e-07 2.17357e-08 6.9882e-10 9.66872e-12
 2.56984e-27 2.60587e-27 4.79393e-26 9.57298e-20 2.3467e-14 6.95369e-10 2.4907e-06 0.00107838 0.0564383 0.357044 0.27329 0.041329 0.122573 0.112638 0.017991 0.0126751 0.0038175 0.000870998 0.000212617 3.46305e-05 4.3618e-06 3.75949e-07 2.03459e-08 6.1458e-10 8.07288e-12
 2.57115e-27 2.60941e-27 5.10541e-26 1.02301e-19 2.50778e-14 7.43099e-10 2.66166e-06 0.0011524 0.0603122 0.381552 0.291991 0.040571 0.103665 0.0951466 0.0141167 0.00824288 0.00248589 0.000589485 0.00014515 2.38949e-05 3.06635e-06 2.64318e-07 1.33465e-08 3.62165e-10 4.41527e-12
#obs surv len freq
 1.64371e-41 2.28136e-33 3.82745e-26 7.762e-20 1.90276e-14 5.63823e-10 2.01952e-06 0.000874384 0.0457618 0.289502 0.221803 0.0443008 0.164319 0.139636 0.0429906 0.0347685 0.0112798 0.00382864 0.000820896 0.000106503 6.04287e-06 1.07706e-07 4.48601e-10 3.51952e-13 4.50873e-17
 1.89919e-41 2.63595e-33 4.42236e-26 8.96846e-20 2.19851e-14 6.51459e-10 2.33342e-06 0.00101029 0.0528746 0.3345 0.256174 0.0440658 0.132818 0.106868 0.0341271 0.0260922 0.00825017 0.00263579 0.000519781 5.88384e-05 2.76946e-06 3.88661e-08 1.21878e-10 6.98277e-14 6.41799e-18
 1.92915e-41 2.67753e-33 4.49211e-26 9.10991e-20 2.23319e-14 6.61734e-10 2.37022e-06 0.00102622 0.0537085 0.339776 0.260285 0.0470499 0.140746 0.105915 0.0269739 0.0172647 0.00533142 0.0016003 0.000290181 2.85717e-05 1.10272e-06 1.20718e-08 2.84681e-11 1.19479e-14 7.9055e-19
 1.96927e-41 2.73321e-33 4.58553e-26 9.29936e-20 2.27963e-14 6.75496e-10 2.41952e-06 0.00104757 0.0548255 0.346842 0.265744 0.0487183 0.13854 0.0981775 0.0260163 0.0153321 0.00367409 0.000914752 0.000151382 1.29278e-05 4.07265e-07 3.4514e-09 6.08674e-12 1.87009e-15 8.93133e-20
 1.76433e-41 2.44877e-33 4.10832e-26 8.33159e-20 2.04239e-14 6.05198e-10 2.16772e-06 0.000938548 0.0491199 0.310748 0.238376 0.0549131 0.176023 0.117104 0.031044 0.0169118 0.00390748 0.000804528 0.000100323 7.11205e-06 1.8203e-07 1.19117e-09 1.56541e-12 3.50997e-16 1.20877e-20
 1.45531e-41 2.01987e-33 3.38875e-26 6.87231e-20 1.68467e-14 4.99197e-10 1.78804e-06 0.000774161 0.0405165 0.256322 0.19709 0.0625215 0.22083 0.139981 0.0486234 0.0264038 0.00574871 0.00107183 0.000109358 5.61941e-06 1.09118e-07 5.46327e-10 5.34794e-13 8.74574e-17 2.16921e-21
 2.09064e-41 2.90167e-33 4.86815e-26 9.87252e-20 2.42013e-14 7.17129e-10 2.56864e-06 0.00111213 0.0582046 0.36822 0.282216 0.0503119 0.112396 0.0690344 0.0339736 0.0187497 0.00482147 0.000877007 7.75827e-05 3.07731e-06 4.18528e-08 1.49412e-10 1.06867e-13 1.27249e-17 2.27514e-22
 1.98485e-41 2.75485e-33 4.62183e-26 9.37297e-20 2.29767e-14 6.80843e-10 2.43867e-06 0.00105586 0.0552594 0.34959 0.268337 0.0602276 0.151954 0.0818555 0.0192657 0.0089 0.00291664 0.000581481 5.17756e-05 1.70833e-06 1.71032e-08 4.18455e-11 2.05473e-14 1.72265e-18 2.19695e-23
 2.0135e-41 2.79461e-33 4.68853e-26 9.50826e-20 2.33084e-14 6.9067e-10 2.47387e-06 0.0010711 0.056057 0.354636 0.272319 0.0618814 0.145568 0.0747687 0.0230133 0.00881729 0.00154215 0.000293542 2.87557e-05 9.00691e-07 7.29312e-09 1.28923e-11 4.32581e-15 2.44917e-19 2.13706e-24
 1.73091e-41 2.40238e-33 4.0305e-26 8.17377e-20 2.0037e-14 5.93734e-10 2.12666e-06 0.00092077 0.0481894 0.304867 0.234946 0.076145 0.198806 0.0951368 0.0284731 0.0103503 0.00191306 0.000232481 1.69637e-05 5.18281e-07 3.76562e-09 5.29617e-12 1.29461e-15 5.0816e-20 3.00934e-25
 2.0126e-41 2.79335e-33 4.68643e-26 9.50399e-20 2.32979e-14 6.9036e-10 2.47276e-06 0.00107062 0.0560319 0.35448 0.272582 0.0668408 0.140236 0.0668502 0.0296077 0.0103023 0.00178483 0.000201619 1.04288e-05 2.20343e-07 1.35617e-09 1.62096e-12 3.14107e-16 9.18052e-21 3.87546e-26
 1.85275e-41 2.5715e-33 4.31422e-26 8.74916e-20 2.14475e-14 6.3553e-10 2.27636e-06 0.000985587 0.0515817 0.326331 0.251847 0.0815057 0.179637 0.0752356 0.0230512 0.00793454 0.00170075 0.000178974 7.88957e-06 1.18434e-07 4.89081e-10 4.41129e-13 6.8248e-17 1.56926e-21 5.03417e-27
 1.92456e-41 2.67116e-33 4.48142e-26 9.08822e-20 2.22787e-14 6.60159e-10 2.36458e-06 0.00102378 0.0535807 0.338979 0.261668 0.0809444 0.160754 0.0671478 0.0268935 0.00760854 0.00125252 0.000138709 5.85871e-06 7.08333e-08 2.07237e-10 1.24319e-13 1.33536e-17 2.26759e-22 5.52771e-28
 1.61893e-41 2.24696e-33 3.76975e-26 7.64498e-20 1.87408e-14 5.55323e-10 1.98908e-06 0.000861202 0.0450719 0.28516 0.22203 0.104509 0.217381 0.083895 0.0306818 0.00878328 0.00149247 0.000127612 4.78883e-06 5.21839e-08 1.20999e-10 5.2076e-14 3.78537e-18 4.30897e-23 7.2313e-29
 1.47634e-41 2.04906e-33 3.43773e-26 6.97164e-20 1.70902e-14 5.06413e-10 1.81389e-06 0.00078535 0.0411021 0.260054 0.203762 0.113385 0.224702 0.0945671 0.0472911 0.0122629 0.00192504 0.000156695 4.71141e-06 4.11465e-08 7.94056e-11 2.69702e-14 1.44419e-18 1.15249e-23 1.31759e-29
 1.7132e-41 2.37781e-33 3.98928e-26 8.09017e-20 1.98321e-14 5.87662e-10 2.10491e-06 0.000911353 0.0476966 0.301774 0.235392 0.103032 0.177088 0.0769087 0.042211 0.0126493 0.00217613 0.000156498 4.07654e-06 2.81127e-08 4.11422e-11 1.08343e-14 4.49609e-19 2.70293e-24 2.25039e-30
 1.67181e-41 2.32036e-33 3.89289e-26 7.8947e-20 1.93529e-14 5.73463e-10 2.05405e-06 0.000889333 0.0465442 0.294498 0.23131 0.11892 0.19287 0.0714144 0.0317085 0.00983105 0.00186974 0.000141066 3.21559e-06 1.79585e-08 2.02411e-11 3.94742e-15 1.20882e-19 5.4202e-25 3.37612e-31
 1.6975e-41 2.35602e-33 3.95271e-26 8.01601e-20 1.96503e-14 5.82274e-10 2.08561e-06 0.000902998 0.0472594 0.299034 0.235703 0.123729 0.184437 0.0697002 0.0304066 0.0074492 0.00127514 9.84877e-05 2.16306e-06 1.02803e-08 9.08103e-12 1.33764e-15 3.01651e-20 9.80697e-26 4.41561e-32
 1.65681e-41 2.29954e-33 3.85795e-26 7.82385e-20 1.91792e-14 5.68316e-10 2.03562e-06 0.000881351 0.0461265 0.291889 0.231886 0.135513 0.188282 0.0689987 0.0286944 0.00672005 0.000944751 6.08105e-05 1.22335e-06 5.18161e-09 3.78904e-12 4.33835e-16 7.33259e-21 1.75265e-26 5.72944e-33
 1.74993e-41 2.42879e-33 4.0748e-26 8.26361e-20 2.02573e-14 6.0026e-10 2.15003e-06 0.00093089 0.0487192 0.308306 0.245094 0.133758 0.168065 0.0631423 0.0256702 0.00557695 0.000698931 3.6038e-05 5.71377e-07 2.01167e-09 1.22707e-12 1.13534e-16 1.49299e-21 2.69151e-27 6.49781e-34
 1.71214e-41 2.37634e-33 3.9868e-26 8.08515e-20 1.98198e-14 5.87296e-10 2.1036e-06 0.000910786 0.0476671 0.301686 0.24236 0.147986 0.172653 0.0596651 0.0219371 0.00459539 0.000515323 2.20554e-05 2.68276e-07 7.10249e-10 3.34615e-13 2.43507e-17 2.51229e-22 3.50341e-28 6.4283e-35
 1.72962e-41 2.4006e-33 4.02751e-26 8.16771e-20 2.00222e-14 5.93294e-10 2.12508e-06 0.000920087 0.048154 0.304801 0.246429 0.152779 0.164306 0.0584191 0.0201388 0.00367363 0.000363979 1.31462e-05 1.25228e-07 2.46503e-10 8.46654e-14 4.52735e-18 3.4869e-23 3.66912e-29 5.09521e-36
 1.73084e-41 2.40229e-33 4.03033e-26 8.17344e-20 2.00362e-14 5.9371e-10 2.12657e-06 0.000920733 0.0481878 0.305065 0.248951 0.160895 0.159554 0.0552343 0.0178802 0.0030475 0.000254327 7.50659e-06 5.6637e-08 8.43322e-11 2.11904e-14 8.14732e-19 4.49457e-24 3.40465e-30 3.43256e-37
 1.743e-41 2.41917e-33 4.05866e-26 8.23088e-20 2.0177e-14 5.97883e-10 2.14152e-06 0.000927203 0.0485266 0.307267 0.252921 0.166115 0.152318 0.0531496 0.0160764 0.00250981 0.00018232 4.32749e-06 2.51698e-08 2.83821e-11 5.28826e-15 1.47857e-19 5.8518e-25 3.15598e-31 2.25899e-38
 1.68898e-41 2.3442e-33 3.93288e-26 7.9758e-20 1.95517e-14 5.79354e-10 2.07515e-06 0.000898469 0.0470231 0.297853 0.249742 0.18081 0.154635 0.052183 0.0146209 0.00209805 0.000131197 2.53453e-06 1.13368e-08 9.51607e-12 1.30449e-15 2.6642e-20 7.63984e-26 2.96149e-32 1.51361e-39
 1.60481e-41 2.22737e-33 3.73687e-26 7.5783e-20 1.85773e-14 5.5048e-10 1.97173e-06 0.000853691 0.0446799 0.283161 0.243322 0.196231 0.159336 0.0558383 0.0145959 0.00187783 0.000100629 1.57598e-06 5.45373e-09 3.42262e-12 3.43137e-16 5.07186e-21 1.04846e-26 2.92382e-33 1.07256e-40
 1.59316e-41 2.2112e-33 3.70975e-26 7.52329e-20 1.84425e-14 5.46484e-10 1.95742e-06 0.000847494 0.0443561 0.281239 0.245293 0.199984 0.15429 0.0575291 0.0146377 0.00174173 7.89199e-05 9.93492e-07 2.65687e-09 1.25142e-12 9.23079e-17 9.9016e-22 1.47225e-27 2.93839e-34 7.69722e-42
 1.6407e-41 2.27718e-33 3.82044e-26 7.74778e-20 1.89928e-14 5.62791e-10 2.01582e-06 0.000872783 0.0456801 0.289754 0.254736 0.199268 0.142868 0.0523489 0.012943 0.00146946 5.77671e-05 5.83715e-07 1.19875e-09 4.23239e-13 2.30205e-17 1.79976e-22 1.93424e-28 2.77328e-35 5.19536e-43
 1.64079e-41 2.27731e-33 3.82067e-26 7.74824e-20 1.89939e-14 5.62824e-10 2.01594e-06 0.000872834 0.0456828 0.289771 0.254758 0.199649 0.144274 0.0516368 0.0120572 0.00125266 4.34106e-05 3.74577e-07 6.41952e-10 1.86331e-13 8.25364e-18 5.22307e-23 4.52494e-29 5.21487e-36 7.83631e-44
#pred catch len freq
 2.56423e-27 2.59129e-27 3.59188e-26 7.03751e-20 1.72516e-14 5.11196e-10 1.83102e-06 0.000792761 0.0414903 0.262479 0.201013 0.0370204 0.14056 0.130018 0.0346787 0.0468681 0.0220308 0.0195628 0.0133862 0.0111564 0.00948203 0.00878339 0.00937284 0.00863359 0.00267107
 2.56656e-27 2.59717e-27 4.05067e-26 8.00513e-20 1.96236e-14 5.81483e-10 2.08277e-06 0.000901761 0.0471949 0.298568 0.228636 0.0412099 0.153038 0.141041 0.0281622 0.0288828 0.0112073 0.00705678 0.00392869 0.00275446 0.00203761 0.00168089 0.00163521 0.00153696 0.00052468
 2.56786e-27 2.60065e-27 4.34878e-26 8.63396e-20 2.11651e-14 6.2716e-10 2.24638e-06 0.000972598 0.0509023 0.322022 0.246546 0.0412607 0.140843 0.129758 0.0257118 0.0260346 0.0087988 0.00363954 0.001483 0.000743274 0.000428357 0.000295192 0.000250194 0.000227866 8.13614e-05
 2.56863e-27 2.60269e-27 4.52357e-26 9.00268e-20 2.2069e-14 6.53944e-10 2.34232e-06 0.00101413 0.0530761 0.335774 0.257046 0.0412213 0.133166 0.12259 0.022945 0.0215169 0.00724358 0.00291914 0.000940276 0.000300329 0.000110859 5.48848e-05 3.71784e-05 3.08019e-05 1.10671e-05
 2.56835e-27 2.6019e-27 4.44942e-26 8.84624e-20 2.16855e-14 6.4258e-10 2.30161e-06 0.000996511 0.0521538 0.329939 0.2526 0.0417799 0.140541 0.129329 0.0229524 0.0198218 0.00649522 0.00235685 0.000745292 0.000212514 4.91641e-05 1.37685e-05 6.11256e-06 4.15778e-06 1.44552e-06
 2.56616e-27 2.59597e-27 3.92717e-26 7.74451e-20 1.89847e-14 5.62552e-10 2.01497e-06 0.000872404 0.0456585 0.288848 0.221246 0.0431742 0.17318 0.159492 0.0290821 0.0262067 0.00840347 0.00274383 0.00082043 0.000214222 4.5115e-05 7.93745e-06 1.6973e-06 7.54048e-07 2.38785e-07
 2.56714e-27 2.59872e-27 4.17882e-26 8.27543e-20 2.02862e-14 6.01117e-10 2.1531e-06 0.000932211 0.0487885 0.30865 0.236343 0.0417269 0.15156 0.139699 0.0284328 0.0297201 0.00963994 0.0032849 0.000947695 0.000223421 4.28615e-05 6.58566e-06 7.85349e-07 1.49634e-07 3.71095e-08
 2.56967e-27 2.60552e-27 4.77331e-26 9.52952e-20 2.33605e-14 6.92212e-10 2.47939e-06 0.00107348 0.0561821 0.355423 0.272039 0.0405275 0.117352 0.10799 0.0202357 0.0190114 0.00645607 0.00267593 0.000799537 0.000192621 3.40798e-05 4.67153e-06 4.48078e-07 3.58301e-08 4.64728e-09
 2.5696e-27 2.60525e-27 4.74209e-26 9.46364e-20 2.3199e-14 6.87427e-10 2.46225e-06 0.00106606 0.0557937 0.352966 0.270174 0.0412426 0.124104 0.114088 0.0189206 0.0144541 0.00472798 0.00171922 0.000551341 0.000156253 2.8769e-05 3.75989e-06 3.14962e-07 1.66664e-08 8.01575e-10
 2.56868e-27 2.60274e-27 4.51991e-26 8.99494e-20 2.205e-14 6.53381e-10 2.3403e-06 0.00101326 0.0530304 0.335485 0.256837 0.04191 0.138554 0.127433 0.0214835 0.0169262 0.00526704 0.00148098 0.000435168 0.000114312 2.41227e-05 3.45972e-06 2.80474e-07 1.24342e-08 3.0556e-10
 2.56861e-27 2.60259e-27 4.50831e-26 8.97046e-20 2.199e-14 6.51603e-10 2.33393e-06 0.0010105 0.0528861 0.334572 0.256137 0.0417873 0.138112 0.127062 0.022079 0.018381 0.00575397 0.00165764 0.000445749 9.27337e-05 1.75541e-05 2.67871e-06 2.4332e-07 1.04869e-08 1.98346e-10
 2.56909e-27 2.6039e-27 4.62582e-26 9.21837e-20 2.25977e-14 6.69611e-10 2.39843e-06 0.00103843 0.0543477 0.343818 0.26319 0.0413168 0.129576 0.119209 0.0211299 0.0181982 0.00577593 0.00178909 0.000489562 0.000100939 1.58376e-05 2.02819e-06 1.87903e-07 8.94284e-09 1.62796e-10
 2.56927e-27 2.60436e-27 4.66303e-26 9.29685e-20 2.27901e-14 6.75312e-10 2.41885e-06 0.00104727 0.0548104 0.346746 0.265429 0.0415093 0.129468 0.119038 0.0197991 0.0152046 0.00484622 0.00155086 0.000436346 9.57794e-05 1.51508e-05 1.70225e-06 1.2924e-07 6.11035e-09 1.19809e-10
 2.56836e-27 2.60189e-27 4.44566e-26 8.8383e-20 2.1666e-14 6.42003e-10 2.29955e-06 0.000995617 0.052107 0.329643 0.252378 0.0420621 0.142844 0.131408 0.0224898 0.0182218 0.00567782 0.00160061 0.00044857 0.000101971 1.70041e-05 1.96897e-06 1.34242e-07 5.26609e-09 1.00852e-10
 2.56702e-27 2.59825e-27 4.12267e-26 8.15693e-20 1.99957e-14 5.92509e-10 2.12227e-06 0.000918861 0.0480899 0.30423 0.232989 0.043072 0.164152 0.151058 0.0257394 0.0206913 0.00649947 0.00191511 0.000516951 0.000106027 1.78935e-05 2.17778e-06 1.53746e-07 5.47493e-09 8.89475e-11
 2.56745e-27 2.59946e-27 4.23575e-26 8.3955e-20 2.05805e-14 6.09838e-10 2.18434e-06 0.000945735 0.0494964 0.313128 0.239771 0.0422597 0.153206 0.141069 0.0259806 0.0237584 0.00746372 0.00217745 0.000595666 0.000125061 1.95198e-05 2.28311e-06 1.68384e-07 6.1716e-09 9.17441e-11
 2.56828e-27 2.60171e-27 4.43296e-26 8.81151e-20 2.16004e-14 6.40057e-10 2.29258e-06 0.000992599 0.051949 0.328644 0.251611 0.0418171 0.141518 0.13024 0.0232755 0.0203254 0.00658663 0.0022569 0.000626851 0.000131158 2.08922e-05 2.35218e-06 1.63838e-07 6.17862e-09 9.36715e-11
 2.56842e-27 2.60206e-27 4.46084e-26 8.87032e-20 2.17445e-14 6.44329e-10 2.30788e-06 0.000999223 0.0522957 0.330837 0.253289 0.0419859 0.141624 0.130283 0.0222866 0.0180511 0.00577209 0.00187226 0.000547337 0.000130666 2.11058e-05 2.39884e-06 1.63384e-07 5.85464e-09 9.00179e-11
 2.56827e-27 2.60164e-27 4.42304e-26 8.79057e-20 2.1549e-14 6.38536e-10 2.28713e-06 0.00099024 0.0518256 0.327863 0.25102 0.0421222 0.144256 0.13271 0.0227075 0.0183937 0.00578021 0.00171014 0.000484269 0.000112604 2.01727e-05 2.46106e-06 1.69199e-07 5.94742e-09 8.77677e-11
 2.56861e-27 2.60256e-27 4.50521e-26 8.96392e-20 2.1974e-14 6.51128e-10 2.33223e-06 0.00100977 0.0528476 0.334328 0.255953 0.0418627 0.138816 0.127694 0.0218901 0.0177918 0.00558948 0.00164788 0.000451844 9.6658e-05 1.66687e-05 2.14902e-06 1.61998e-07 5.81065e-09 8.42414e-11
 2.56874e-27 2.60291e-27 4.53429e-26 9.02526e-20 2.21243e-14 6.55584e-10 2.34819e-06 0.00101668 0.0532092 0.336616 0.2577 0.0419033 0.137896 0.126816 0.021198 0.0164333 0.0051608 0.00152519 0.000417932 8.82219e-05 1.42298e-05 1.72613e-06 1.34377e-07 5.25239e-09 7.84271e-11
 2.56891e-27 2.60337e-27 4.57398e-26 9.10898e-20 2.23296e-14 6.61665e-10 2.36997e-06 0.00102611 0.0537028 0.339738 0.260084 0.0418705 0.135972 0.125023 0.0205643 0.0154352 0.00479387 0.00133426 0.000363074 7.67469e-05 1.22815e-05 1.41637e-06 1.03049e-07 4.10946e-09 6.60479e-11
 2.56962e-27 2.6053e-27 4.74422e-26 9.46812e-20 2.321e-14 6.87753e-10 2.46341e-06 0.00106656 0.0558201 0.353133 0.270304 0.041384 0.125089 0.114977 0.018719 0.0137529 0.00424272 0.00113538 0.000301437 6.059e-05 9.63478e-06 1.10423e-06 7.68564e-08 2.88082e-09 4.68854e-11
 2.57007e-27 2.60649e-27 4.84758e-26 9.68616e-20 2.37444e-14 7.0359e-10 2.52014e-06 0.00109113 0.0571056 0.361265 0.276512 0.0412863 0.119984 0.110217 0.0169939 0.0110141 0.00337268 0.000874389 0.000228351 4.41123e-05 6.70928e-06 7.47056e-07 5.1502e-08 1.85156e-09 2.85699e-11
 2.56982e-27 2.60578e-27 4.78379e-26 9.55158e-20 2.34146e-14 6.93815e-10 2.48513e-06 0.00107597 0.0563122 0.356246 0.272684 0.041567 0.12481 0.114652 0.0174544 0.0109435 0.00328267 0.000741098 0.000187666 3.5148e-05 5.17247e-06 5.48957e-07 3.63935e-08 1.28552e-09 1.90646e-11
 2.56947e-27 2.60484e-27 4.70066e-26 9.37623e-20 2.29847e-14 6.81077e-10 2.43951e-06 0.00105621 0.0552784 0.349706 0.267694 0.0417902 0.130014 0.119462 0.0184388 0.0119767 0.00357853 0.000778193 0.000188577 3.1258e-05 4.40608e-06 4.50416e-07 2.84081e-08 9.61119e-10 1.39041e-11
 2.56927e-27 2.60431e-27 4.65343e-26 9.27658e-20 2.27404e-14 6.73839e-10 2.41358e-06 0.00104499 0.0546909 0.345989 0.264858 0.0419363 0.133118 0.122325 0.0189159 0.012345 0.00370461 0.00083182 0.000200832 3.18619e-05 4.09915e-06 3.82332e-07 2.30232e-08 7.40207e-10 1.02413e-11
 2.56949e-27 2.60491e-27 4.70796e-26 9.39162e-20 2.30224e-14 6.82196e-10 2.44351e-06 0.00105795 0.0553691 0.35028 0.26813 0.0416487 0.128631 0.118213 0.0187161 0.0129249 0.00388853 0.000882677 0.000215234 3.50276e-05 4.41072e-06 3.80123e-07 2.05712e-08 6.2138e-10 8.16219e-12
 2.56815e-27 2.60121e-27 4.37617e-26 8.69167e-20 2.13066e-14 6.31352e-10 2.2614e-06 0.000979098 0.0512425 0.324174 0.248218 0.0430373 0.153188 0.14078 0.0210053 0.0124653 0.00375918 0.000888849 0.000218716 3.59797e-05 4.61611e-06 3.97866e-07 2.00893e-08 5.45129e-10 6.64584e-12
#obs catch len freq
 1.63698e-41 2.27202e-33 3.81178e-26 7.73021e-20 1.89497e-14 5.61514e-10 2.01125e-06 0.000870803 0.0455744 0.288317 0.220898 0.0443255 0.165065 0.140273 0.0432052 0.0349892 0.0114922 0.00398102 0.000882297 0.000117992 6.90956e-06 1.27902e-07 5.54823e-10 4.52064e-13 5.9871e-17
 1.64999e-41 2.29007e-33 3.84207e-26 7.79164e-20 1.91003e-14 5.65977e-10 2.02724e-06 0.000877723 0.0459365 0.290608 0.222711 0.0463906 0.168013 0.135234 0.0428928 0.032734 0.0104477 0.00338373 0.000685111 8.03554e-05 3.91282e-06 5.6662e-08 1.83528e-10 1.08614e-13 1.02893e-17
 1.91261e-41 2.65458e-33 4.4536e-26 9.03182e-20 2.21404e-14 6.56062e-10 2.34991e-06 0.00101743 0.0532481 0.336864 0.258038 0.0458237 0.134538 0.102297 0.0337105 0.0241861 0.00752656 0.00228194 0.000422087 4.28153e-05 1.71278e-06 1.93613e-08 4.69346e-11 2.02139e-14 1.37128e-18
 1.94805e-41 2.70376e-33 4.53613e-26 9.19917e-20 2.25507e-14 6.68218e-10 2.39345e-06 0.00103628 0.0542348 0.343106 0.262897 0.0489506 0.141372 0.100119 0.0261048 0.0157743 0.00479496 0.00135858 0.000229427 2.00476e-05 6.51153e-07 5.69737e-09 1.03302e-11 3.24826e-15 1.58339e-19
 1.9925e-41 2.76546e-33 4.63963e-26 9.40907e-20 2.30652e-14 6.83465e-10 2.44806e-06 0.00105993 0.0554723 0.350934 0.268947 0.0506494 0.138155 0.0919627 0.0249826 0.0137349 0.00321229 0.000761717 0.000116617 8.75177e-06 2.29706e-07 1.54424e-09 2.08366e-12 4.78165e-16 1.67933e-20
 1.7958e-41 2.49245e-33 4.1816e-26 8.48019e-20 2.07882e-14 6.15992e-10 2.20638e-06 0.000955288 0.049996 0.316291 0.242724 0.0574963 0.174804 0.109028 0.0296142 0.0149938 0.00336727 0.000647962 7.49782e-05 4.65438e-06 9.83114e-08 5.06606e-10 5.07003e-13 8.46685e-17 2.14046e-21
 1.49509e-41 2.07509e-33 3.48139e-26 7.06019e-20 1.73072e-14 5.12845e-10 1.83693e-06 0.000795326 0.0416242 0.26333 0.202613 0.0660893 0.219258 0.130554 0.046655 0.0232411 0.00490761 0.000848528 7.88592e-05 3.53562e-06 5.65627e-08 2.21702e-10 1.64531e-13 1.9985e-17 3.63273e-22
 2.12518e-41 2.9496e-33 4.94857e-26 1.00356e-19 2.46011e-14 7.28976e-10 2.61107e-06 0.0011305 0.0591661 0.374303 0.286955 0.0520201 0.109607 0.0636251 0.0321612 0.0162547 0.00404719 0.000671284 5.34658e-05 1.8214e-06 2.03118e-08 5.67274e-11 3.06793e-14 2.70659e-18 3.54079e-23
 2.02429e-41 2.80958e-33 4.71366e-26 9.5592e-20 2.34333e-14 6.9437e-10 2.48712e-06 0.00107684 0.0563574 0.356537 0.273786 0.0624783 0.147334 0.0739972 0.0177442 0.0077597 0.00244892 0.000442359 3.47451e-05 9.69034e-07 7.86611e-09 1.50029e-11 5.5685e-15 3.45537e-19 3.21983e-24
 2.05605e-41 2.85366e-33 4.78762e-26 9.70918e-20 2.38009e-14 7.05265e-10 2.52614e-06 0.00109373 0.0572417 0.362132 0.2782 0.0640264 0.140069 0.067338 0.02106 0.00733962 0.00125531 0.000222924 1.89537e-05 4.92567e-07 3.18671e-09 4.36012e-12 1.10351e-15 4.62375e-20 2.94681e-25
 1.78237e-41 2.47382e-33 4.15034e-26 8.41681e-20 2.06328e-14 6.11388e-10 2.18989e-06 0.000948148 0.0496223 0.313934 0.242134 0.0794361 0.191719 0.0858355 0.0260051 0.00866201 0.00152264 0.000168944 1.10607e-05 2.78079e-07 1.59001e-09 1.71354e-12 3.1452e-16 9.12687e-21 3.94925e-26
 2.06124e-41 2.86086e-33 4.79968e-26 9.73366e-20 2.38609e-14 7.07043e-10 2.53251e-06 0.00109649 0.0573859 0.363047 0.279327 0.068931 0.133349 0.060191 0.0266941 0.00843873 0.00138879 0.000140918 6.37618e-06 1.12693e-07 5.45512e-10 4.95122e-13 7.1586e-17 1.54234e-21 4.7551e-27
 1.90704e-41 2.64684e-33 4.44063e-26 9.0055e-20 2.20759e-14 6.5415e-10 2.34306e-06 0.00101446 0.053093 0.335895 0.259464 0.0843222 0.170595 0.0669754 0.020598 0.00659732 0.00131591 0.000122834 4.65967e-06 5.75443e-08 1.8779e-10 1.2883e-13 1.4809e-17 2.50006e-22 5.84529e-28
 1.97956e-41 2.7475e-33 4.6095e-26 9.34798e-20 2.29155e-14 6.79027e-10 2.43217e-06 0.00105304 0.0551121 0.34867 0.269391 0.0833479 0.151521 0.0600113 0.0237162 0.00612071 0.000956894 9.4047e-05 3.34329e-06 3.27732e-08 7.50368e-11 3.42277e-14 2.7339e-18 3.40144e-23 6.02503e-29
 1.68296e-41 2.33583e-33 3.91884e-26 7.94733e-20 1.9482e-14 5.77286e-10 2.06774e-06 0.000895262 0.0468545 0.296442 0.231196 0.108332 0.205677 0.0751811 0.0270605 0.00715296 0.00111864 8.48908e-05 2.69406e-06 2.34534e-08 4.20784e-11 1.36944e-14 7.39356e-19 6.16785e-24 7.51332e-30
 1.54473e-41 2.14398e-33 3.59697e-26 7.29458e-20 1.78818e-14 5.29871e-10 1.89791e-06 0.00082173 0.0430061 0.272107 0.213661 0.117819 0.21299 0.0866145 0.0415415 0.00989847 0.00143462 0.000101979 2.56367e-06 1.79056e-08 2.65573e-11 6.77364e-15 2.68496e-19 1.56926e-24 1.30319e-30
 1.78038e-41 2.47105e-33 4.1457e-26 8.4074e-20 2.06098e-14 6.10705e-10 2.18745e-06 0.000947088 0.0495669 0.313613 0.245037 0.105971 0.165929 0.070297 0.0367254 0.0102315 0.0015794 9.86401e-05 2.12508e-06 1.16027e-08 1.3021e-11 2.56755e-15 7.85836e-20 3.45226e-25 2.08691e-31
 1.74081e-41 2.41613e-33 4.05356e-26 8.22054e-20 2.01517e-14 5.97132e-10 2.13883e-06 0.000926039 0.0484652 0.306662 0.241374 0.121896 0.179618 0.0642437 0.0274012 0.00796822 0.00135512 8.70637e-05 1.6183e-06 7.10052e-09 6.09772e-12 8.87758e-16 2.00122e-20 6.54266e-26 2.95306e-32
 1.76714e-41 2.45268e-33 4.11487e-26 8.34488e-20 2.04565e-14 6.06163e-10 2.17118e-06 0.000940045 0.0491983 0.311314 0.245939 0.126269 0.170949 0.0627506 0.0257549 0.00590436 0.000916102 5.98775e-05 1.05568e-06 3.89312e-09 2.6042e-12 2.85293e-16 4.7252e-21 1.11859e-26 3.64483e-33
 1.72812e-41 2.39852e-33 4.02402e-26 8.16063e-20 2.00048e-14 5.92779e-10 2.12324e-06 0.000919289 0.0481121 0.304469 0.242531 0.137922 0.173988 0.0619751 0.0241446 0.00524076 0.000659479 3.61759e-05 5.81275e-07 1.89036e-09 1.03814e-12 8.79898e-17 1.08952e-21 1.89335e-27 4.47525e-34
 1.82013e-41 2.52623e-33 4.23827e-26 8.59512e-20 2.10699e-14 6.2434e-10 2.23629e-06 0.000968235 0.0506737 0.320692 0.255594 0.135229 0.15429 0.0564814 0.0213006 0.00427436 0.00047352 2.05808e-05 2.60784e-07 7.02783e-10 3.20016e-13 2.18059e-17 2.09383e-22 2.73942e-28 4.77731e-35
 1.78368e-41 2.47563e-33 4.15338e-26 8.42297e-20 2.06479e-14 6.11836e-10 2.1915e-06 0.000948842 0.0496589 0.314316 0.253265 0.149085 0.157858 0.0529542 0.0180815 0.00347717 0.000340969 1.21547e-05 1.17251e-07 2.37198e-10 8.32559e-14 4.44689e-18 3.33886e-23 3.37067e-29 4.46083e-36
 1.8014e-41 2.50022e-33 4.19464e-26 8.50664e-20 2.0853e-14 6.17913e-10 2.21326e-06 0.000958267 0.0501522 0.317479 0.257482 0.153213 0.149754 0.0516416 0.016346 0.00272959 0.000235072 6.99047e-06 5.23515e-08 7.83599e-11 2.00116e-14 7.84191e-19 4.38598e-24 3.33289e-30 3.33077e-37
 1.8025e-41 2.50176e-33 4.19722e-26 8.51187e-20 2.08658e-14 6.18293e-10 2.21463e-06 0.000958856 0.0501832 0.317735 0.260165 0.160691 0.14495 0.0485348 0.0143949 0.00222075 0.000159661 3.85523e-06 2.26945e-08 2.5558e-11 4.76102e-15 1.33946e-19 5.36034e-25 2.92852e-31 2.1212e-38
 1.81487e-41 2.51892e-33 4.22602e-26 8.57028e-20 2.1009e-14 6.22536e-10 2.22982e-06 0.000965436 0.0505278 0.319985 0.264297 0.165146 0.137978 0.0463979 0.0127917 0.00179584 0.00011114 2.13799e-06 9.65293e-09 8.19806e-12 1.12898e-15 2.30568e-20 6.61356e-26 2.5711e-32 1.32151e-39
 1.76217e-41 2.44577e-33 4.10329e-26 8.32139e-20 2.03989e-14 6.04456e-10 2.16507e-06 0.000937399 0.0490608 0.310822 0.261624 0.179264 0.139905 0.0452935 0.0115376 0.00147528 7.78806e-05 1.20806e-06 4.16757e-09 2.62554e-12 2.6539e-16 3.95204e-21 8.20387e-27 2.2909e-33 8.40538e-41
 1.6798e-41 2.33145e-33 3.91149e-26 7.93242e-20 1.94454e-14 5.76203e-10 2.06386e-06 0.000893582 0.0467681 0.296476 0.255872 0.194335 0.14457 0.0483153 0.0114107 0.00129832 5.81991e-05 7.25715e-07 1.92527e-09 9.03312e-13 6.66275e-17 7.17029e-22 1.07179e-27 2.15115e-34 5.6612e-42
 1.66876e-41 2.31613e-33 3.88579e-26 7.88031e-20 1.93177e-14 5.72418e-10 2.05031e-06 0.000887713 0.0464615 0.294688 0.258132 0.197495 0.140211 0.0495576 0.0113416 0.00117923 4.42844e-05 4.40526e-07 8.98179e-10 3.15154e-13 1.7064e-17 1.33085e-22 1.42961e-28 2.05224e-35 3.85447e-43
 1.70302e-41 2.36368e-33 3.96556e-26 8.04208e-20 1.97142e-14 5.84168e-10 2.09239e-06 0.000905935 0.0474151 0.300695 0.261622 0.192274 0.136839 0.0479845 0.0110788 0.00114294 3.94523e-05 3.39631e-07 5.81256e-10 1.68567e-13 7.46253e-18 4.72056e-23 4.08841e-29 4.71073e-36 7.07752e-44
#spawning biomass
 8756.69 6405.58 7302.21 10339.6 14329.9 16947.5 16116.8 19950.2 32262.1 47029.6 57731.6 78515.3 99147.5 133487 121713 102001 95507.1 97128.1 99722.8 100397 101989 100954 105396 111811 123276 128140 119588 116568 98681 251961 359799 373918 347106 302410 254700 211795 176653 149507 129351 114796 104496 97316.1 92354.7 88930.5 86590.2 85037.7 84007.8 83324.6 82871.4 82570.7 82371.3 82239 82151.2 82093 82054.4 82028.7 82011.7 82000.5 81993 81988 81984.7 81982.5 81981.1 81980.1 81979.5 81979.1 81978.8 81978.6 81978.5 81978.4 81978.3 81978.3 81978.3 81978.3 81978.3 81978.3 81978.2 81978.2 81978.2 81978.2 81978.2 81978.2 81978.2 81978.2 81978.2 81978.2 81978.2 81978.2 81978.2 81978.2 81978.2 81978.2 81978.2 81978.2 81978.2 81978.2 81978.2 81978.2 81978.2 81978.2 81978.2 81978.2 81978.2 81978.2 81978.2 81978.2 81978.2 81978.2 81978.2 81978.2 81978.2 81978.2 81978.2 81978.2 81978.2 81978.2 81978.2 81978.2 81978.2 81978.2 81978.2 81978.2 81978.2 81978.2 81978.2 81978.2 81978.2 81978.2 81978.2 0 0 0 0 0 0 0 0 0 0 0 0 0 0 0 0 0 0 0 0 0 0 0 0 0
