SBPRF35
0.819782
Curr Bio
139710
B35
705608
F35
0.206009
FOFL
0.0521804
OFL
8468.81
Bzero
234224
#pred survey bio
 9911.14 6848.21 8027.21 11686 15705.3 17706 17103.8 22538.7 33739.9 48797.9 58077.6 82118 105884 132790 133782 113330 105152 99496.7 98470.9 99058.6 109939 106382 104138 110915 127845 123895 133702 147217 7.44108e+06 7.2352e+06 7.84664e+06 7.53681e+06 6.74939e+06 5.81883e+06 4.93634e+06 4.18564e+06 3.58655e+06 3.1274e+06 2.78466e+06 2.53314e+06 2.35046e+06 2.21834e+06 2.12192e+06 2.05064e+06 2.00003e+06 1.96374e+06 1.93744e+06 1.91819e+06 1.90393e+06 1.89326e+06 1.8852e+06 1.87904e+06 1.87429e+06 1.8706e+06 1.8677e+06 1.86542e+06 1.86361e+06 1.86217e+06 1.86101e+06 1.86008e+06 1.85933e+06 1.85873e+06 1.85824e+06 1.85784e+06 1.85751e+06 1.85725e+06 1.85703e+06 1.85686e+06 1.85671e+06 1.8566e+06 1.8565e+06 1.85642e+06 1.85636e+06 1.85631e+06 1.85626e+06 1.85623e+06 1.8562e+06 1.85618e+06 1.85616e+06 1.85614e+06 1.85613e+06 1.85612e+06 1.85611e+06 1.8561e+06 1.8561e+06 1.85609e+06 1.85609e+06 1.85609e+06 1.85608e+06 1.85608e+06 1.85608e+06 1.85608e+06 1.85608e+06 1.85608e+06 1.85607e+06 1.85607e+06 1.85607e+06 1.85607e+06 1.85607e+06 1.85607e+06 1.85607e+06 1.85607e+06 1.85607e+06 1.85607e+06 1.85607e+06 1.85607e+06 1.85607e+06 1.85607e+06 1.85607e+06 1.85607e+06 1.85607e+06 1.85607e+06 1.85607e+06 1.85607e+06 1.85607e+06 1.85607e+06 1.85607e+06 1.85607e+06 1.85607e+06 1.85607e+06 1.85607e+06 1.85607e+06 1.85607e+06 1.85607e+06 1.85607e+06 1.85607e+06 1.85607e+06 1.85607e+06 0 0 0 0 0 0 0 0 0 0 0 0 0 0 0 0 0 0 0 0 0 0 0 0 0
#obs survey bio
 9271.56 7730.44 10631.3 16470 24038.4 9961.45 16939.8 35821.1 43104.1 41286.8 69947.5 107171 129149 161980 91607.8 148268 123983 115185 96060.7 104027 106870 99892 120565 116790 173806 140724 102958 148502
#pred catch bio
 7660.9 5053.44 5514.37 8168.93 11203.5 13724.1 12887.6 16550.7 23981.6 38567.4 42978.1 63320.4 80158.3 104205 109449 91702 86779.6 82970.1 83707.4 82670 97195.3 94379.9 90660.9 94147.2 114823 106768 115551 95914.8 8468.81 57850.7 62323.4 59283.8 52429.9 44533 37161.2 30981.6 26129.5 22481.3 19820.2 17920.9 16587 15660.6 15018.4 14573.3 14276.8 14079.2 13947.5 13859.8 13801.3 13762.4 13736.4 13719.2 13707.6 13700 13694.8 13691.4 13689.2 13687.7 13686.6 13686 13685.5 13685.2 13685 13684.9 13684.8 13684.7 13684.7 13684.7 13684.7 13684.7 13684.6 13684.6 13684.6 13684.6 13684.6 13684.6 13684.6 13684.6 13684.6 13684.6 13684.6 13684.6 13684.6 13684.6 13684.6 13684.6 13684.6 13684.6 13684.6 13684.6 13684.6 13684.6 13684.6 13684.6 13684.6 13684.6 13684.6 13684.6 13684.6 13684.6 13684.6 13684.6 13684.6 13684.6 13684.6 13684.6 13684.6 13684.6 13684.6 13684.6 13684.6 13684.6 13684.6 13684.6 13684.6 13684.6 13684.6 13684.6 13684.6 13684.6 13684.6 13684.6 13684.6 13684.6 13684.6 13684.6 13684.6 13684.6 0 0 0 0 0 0 0 0 0 0 0 0 0 0 0 0 0 0 0 0 0 0 0 0 0
#obs catch bio
 4536.45 5002.26 5394.79 7745.18 10592 13727.9 12846.3 15800.6 22741 37746.9 42066.8 60359.5 76530.8 99692.4 108312 88885.2 82784.4 80402.5 83782.9 81059 96626.4 93583.6 88416.7 91358.7 111179 104051 113944 95067.3
#pred cpue bio
 9011.71 5830.93 6610.28 9643.33 13124.8 15238.5 14310.6 18140.2 27333.8 40245.8 47259.9 66787.1 86435.7 109863 113810 95809.5 87966.1 82498.8 80799.8 80611.3 89040.3 85850.9 83847 88948.1 102660 99448.3 107893 117550 6.40274e+06 7.19804e+06 7.80948e+06 7.49965e+06 6.71223e+06 5.78167e+06 4.89918e+06 4.14848e+06 3.54939e+06 3.09024e+06 2.7475e+06 2.49598e+06 2.3133e+06 2.18118e+06 2.08476e+06 2.01348e+06 1.96287e+06 1.92658e+06 1.90028e+06 1.88103e+06 1.86677e+06 1.8561e+06 1.84804e+06 1.84188e+06 1.83713e+06 1.83344e+06 1.83054e+06 1.82826e+06 1.82645e+06 1.82501e+06 1.82385e+06 1.82292e+06 1.82217e+06 1.82157e+06 1.82108e+06 1.82068e+06 1.82035e+06 1.82009e+06 1.81987e+06 1.8197e+06 1.81955e+06 1.81944e+06 1.81934e+06 1.81926e+06 1.8192e+06 1.81915e+06 1.8191e+06 1.81907e+06 1.81904e+06 1.81902e+06 1.819e+06 1.81898e+06 1.81897e+06 1.81896e+06 1.81895e+06 1.81894e+06 1.81894e+06 1.81893e+06 1.81893e+06 1.81893e+06 1.81892e+06 1.81892e+06 1.81892e+06 1.81892e+06 1.81892e+06 1.81892e+06 1.81891e+06 1.81891e+06 1.81891e+06 1.81891e+06 1.81891e+06 1.81891e+06 1.81891e+06 1.81891e+06 1.81891e+06 1.81891e+06 1.81891e+06 1.81891e+06 1.81891e+06 1.81891e+06 1.81891e+06 1.81891e+06 1.81891e+06 1.81891e+06 1.81891e+06 1.81891e+06 1.81891e+06 1.81891e+06 1.81891e+06 1.81891e+06 1.81891e+06 1.81891e+06 1.81891e+06 1.81891e+06 1.81891e+06 1.81891e+06 1.81891e+06 1.81891e+06 1.81891e+06 1.81891e+06 0 0 0 0 0 0 0 0 0 0 0 0 0 0 0 0 0 0 0 0 0 0 0 0 0
#obs cpue bio
 6777.36 6989.34 7212.29 20918.1 18985 17562.4 18180.6 29528.5 50634.2 49406.4 59611.2 123461 145082 164114 164658 142408 161361 105799 70671.5 115584 96289.6 105857 114480 135717 130002 121916 174085 136180
#pred surv len freq
 2.56461e-27 2.59228e-27 3.6724e-26 7.20735e-20 1.76679e-14 5.23533e-10 1.87521e-06 0.000811893 0.0424915 0.268813 0.205856 0.0374266 0.140249 0.12967 0.0335682 0.0443857 0.0207046 0.0181883 0.0123608 0.0102398 0.0086514 0.00796825 0.00845522 0.00775991 0.00239762
 2.56779e-27 2.60048e-27 4.33869e-26 8.61271e-20 2.1113e-14 6.25616e-10 2.24085e-06 0.000970203 0.0507769 0.321229 0.245933 0.040778 0.137599 0.12672 0.0242842 0.0236312 0.00942544 0.00629629 0.00349569 0.0024327 0.00178494 0.00146133 0.00141101 0.00131928 0.000449505
 2.5691e-27 2.60395e-27 4.63415e-26 9.23595e-20 2.26408e-14 6.70888e-10 2.40301e-06 0.00104041 0.0544514 0.344474 0.263686 0.0409609 0.12652 0.116421 0.0211978 0.0190843 0.00649726 0.00278829 0.00119462 0.000624767 0.000357689 0.00024398 0.000204711 0.000185056 6.58958e-05
 2.5689e-27 2.60339e-27 4.58246e-26 9.1269e-20 2.23735e-14 6.62967e-10 2.37464e-06 0.00102813 0.0538084 0.340407 0.260585 0.0413128 0.131375 0.120882 0.0216408 0.018961 0.00629581 0.00241574 0.000789615 0.000266111 0.000104427 5.18879e-05 3.46788e-05 2.84259e-05 1.01736e-05
 2.56823e-27 2.60159e-27 4.42338e-26 8.79131e-20 2.15508e-14 6.3859e-10 2.28732e-06 0.000990323 0.0518299 0.32789 0.251035 0.041752 0.141428 0.13017 0.0235057 0.0208762 0.00687819 0.00254719 0.000791707 0.000219728 5.3141e-05 1.59459e-05 7.13524e-06 4.78184e-06 1.65287e-06
 2.56655e-27 2.59705e-27 4.02533e-26 7.9516e-20 1.94924e-14 5.77595e-10 2.06885e-06 0.000895732 0.0468794 0.296572 0.227135 0.0426801 0.165282 0.152237 0.0283997 0.026495 0.00877118 0.00330078 0.00101267 0.000268376 5.51155e-05 9.96473e-06 2.28914e-06 1.01808e-06 3.19603e-07
 2.56822e-27 2.60162e-27 4.4316e-26 8.80868e-20 2.15934e-14 6.39852e-10 2.29184e-06 0.00099228 0.0519323 0.328538 0.251522 0.0412676 0.137399 0.12655 0.0246213 0.0243488 0.00819253 0.00327924 0.0010188 0.000272099 5.3803e-05 8.195e-06 1.00379e-06 2.0336e-07 5.02802e-08
 2.57007e-27 2.60658e-27 4.86444e-26 9.72176e-20 2.38317e-14 7.06177e-10 2.52941e-06 0.00109514 0.0573155 0.362593 0.277514 0.0405194 0.113444 0.104322 0.01847 0.0159035 0.00544957 0.00235294 0.000755839 0.000212537 4.26075e-05 6.29195e-06 6.07185e-07 5.06212e-08 6.83253e-09
 2.56971e-27 2.60553e-27 4.76584e-26 9.51374e-20 2.33218e-14 6.91066e-10 2.47528e-06 0.0010717 0.0560891 0.354835 0.271602 0.0412693 0.123305 0.113328 0.0183836 0.0134189 0.00438396 0.00159337 0.000522007 0.000157226 3.32588e-05 5.05656e-06 4.67897e-07 2.5409e-08 1.28834e-09
 2.56886e-27 2.60326e-27 4.56706e-26 9.09441e-20 2.22938e-14 6.60606e-10 2.36618e-06 0.00102447 0.0536169 0.339195 0.259666 0.0416661 0.134711 0.123908 0.021244 0.0172716 0.00543329 0.00162018 0.000480645 0.00012787 2.84442e-05 4.61432e-06 4.42566e-07 2.19172e-08 5.64421e-10
 2.56951e-27 2.605e-27 4.7201e-26 9.41724e-20 2.30852e-14 6.84057e-10 2.45018e-06 0.00106083 0.0555202 0.351236 0.268854 0.0412996 0.125466 0.115352 0.0192707 0.0149306 0.00481111 0.00162121 0.000453592 9.98282e-05 1.92323e-05 3.07923e-06 3.16387e-07 1.61284e-08 3.42455e-10
 2.56954e-27 2.60508e-27 4.72778e-26 9.43346e-20 2.3125e-14 6.85235e-10 2.4544e-06 0.00106266 0.0556158 0.351841 0.269315 0.0412351 0.124651 0.114611 0.0193535 0.0153026 0.00487519 0.00155527 0.000452139 0.000107444 1.79533e-05 2.3963e-06 2.34258e-07 1.26426e-08 2.70146e-10
 2.56934e-27 2.60454e-27 4.67818e-26 9.32881e-20 2.28684e-14 6.77633e-10 2.42717e-06 0.00105087 0.0549988 0.347937 0.266339 0.0415329 0.129008 0.118597 0.019416 0.0144422 0.00461835 0.00150741 0.000430367 9.91994e-05 1.76767e-05 2.21193e-06 1.78152e-07 9.00461e-09 2.00193e-10
 2.56869e-27 2.60279e-27 4.52406e-26 9.00368e-20 2.20714e-14 6.54016e-10 2.34258e-06 0.00101425 0.053082 0.335811 0.257085 0.0418878 0.13821 0.127115 0.0214129 0.0168503 0.00531943 0.00161803 0.000462116 0.000107802 1.86845e-05 2.39427e-06 1.8553e-07 7.86442e-09 1.62978e-10
 2.56718e-27 2.59868e-27 4.16134e-26 8.23849e-20 2.01957e-14 5.98433e-10 2.14349e-06 0.000928049 0.0485707 0.307272 0.23531 0.0429358 0.161485 0.148596 0.025284 0.0202796 0.00648649 0.0021039 0.000590345 0.000130285 2.26807e-05 2.87455e-06 2.23481e-07 9.06004e-09 1.61338e-10
 2.56757e-27 2.59979e-27 4.26353e-26 8.45409e-20 2.07242e-14 6.14095e-10 2.19958e-06 0.000952336 0.0498418 0.315313 0.24144 0.0423034 0.152365 0.140255 0.0251429 0.0220623 0.00709924 0.00235721 0.000678553 0.000156641 2.62039e-05 3.24404e-06 2.50914e-07 1.01193e-08 1.70592e-10
 2.56815e-27 2.60135e-27 4.40081e-26 8.74368e-20 2.14341e-14 6.3513e-10 2.27493e-06 0.000984958 0.0515491 0.326114 0.249682 0.0419834 0.14414 0.132637 0.0232964 0.019776 0.00651504 0.00241119 0.000707837 0.000167846 2.92785e-05 3.6071e-06 2.69819e-07 1.07889e-08 1.79839e-10
 2.56859e-27 2.6025e-27 4.49864e-26 8.95005e-20 2.194e-14 6.50121e-10 2.32862e-06 0.0010082 0.0527658 0.333811 0.255559 0.0419788 0.139975 0.128731 0.0214735 0.0165923 0.0054061 0.00192522 0.000587684 0.000152597 2.74612e-05 3.51557e-06 2.65688e-07 1.03223e-08 1.69815e-10
 2.56909e-27 2.60384e-27 4.61542e-26 9.19642e-20 2.25439e-14 6.68016e-10 2.39272e-06 0.00103596 0.0542183 0.343 0.262573 0.0417779 0.133519 0.122746 0.0199185 0.014542 0.00462315 0.00147148 0.000436642 0.000111515 2.16546e-05 2.94814e-06 2.31749e-07 9.12796e-09 1.46931e-10
 2.56946e-27 2.60482e-27 4.70033e-26 9.37553e-20 2.2983e-14 6.81027e-10 2.43932e-06 0.00105613 0.0552742 0.34968 0.267672 0.0417086 0.129408 0.118913 0.018527 0.0123275 0.00386415 0.00115007 0.000324494 7.51781e-05 1.41567e-05 2.01524e-06 1.70879e-07 7.03247e-09 1.14804e-10
 2.56968e-27 2.60542e-27 4.75283e-26 9.48627e-20 2.32545e-14 6.89071e-10 2.46814e-06 0.00106861 0.0559271 0.35381 0.270824 0.0415441 0.125943 0.11572 0.0180571 0.0120552 0.00371231 0.000995054 0.000270664 5.84631e-05 1.00572e-05 1.34621e-06 1.17438e-07 5.20014e-09 8.89526e-11
 2.56981e-27 2.60574e-27 4.77878e-26 9.541e-20 2.33886e-14 6.93046e-10 2.48238e-06 0.00107477 0.0562498 0.355852 0.272385 0.0417201 0.126185 0.115885 0.0170115 0.00962772 0.00295586 0.000794151 0.000209027 4.1032e-05 6.60106e-06 8.04514e-07 6.50622e-08 2.93401e-09 5.35935e-11
 2.56991e-27 2.60601e-27 4.80155e-26 9.58904e-20 2.35064e-14 6.96536e-10 2.49488e-06 0.00108019 0.056533 0.357643 0.273753 0.0416738 0.124872 0.114672 0.0167673 0.00937124 0.00280245 0.000631155 0.000161848 3.14913e-05 4.71224e-06 5.23564e-07 3.83202e-08 1.60011e-09 2.95605e-11
 2.57009e-27 2.60651e-27 4.84727e-26 9.6855e-20 2.37428e-14 7.03542e-10 2.51997e-06 0.00109105 0.0571017 0.361241 0.276496 0.0414658 0.121361 0.111449 0.0165095 0.00959427 0.00286709 0.000636202 0.000154925 2.59101e-05 3.76113e-06 3.96689e-07 2.61799e-08 9.82499e-10 1.68714e-11
 2.57004e-27 2.60638e-27 4.83589e-26 9.66149e-20 2.3684e-14 7.01799e-10 2.51373e-06 0.00108835 0.0569602 0.360346 0.275813 0.0414561 0.121768 0.111834 0.0167535 0.0100549 0.0030234 0.000698585 0.000170679 2.77759e-05 3.61099e-06 3.4479e-07 2.15525e-08 7.29323e-10 1.12259e-11
 2.57003e-27 2.60634e-27 4.8307e-26 9.65053e-20 2.36571e-14 7.01003e-10 2.51087e-06 0.00108711 0.0568956 0.359937 0.275504 0.041657 0.123514 0.1134 0.0162221 0.00844906 0.00254375 0.000608263 0.000150997 2.54247e-05 3.27573e-06 2.88325e-07 1.59592e-08 5.01218e-10 6.9706e-12
 2.56981e-27 2.60575e-27 4.77972e-26 9.54299e-20 2.33935e-14 6.93191e-10 2.48289e-06 0.001075 0.0562615 0.355926 0.272441 0.0416848 0.125877 0.115613 0.0172005 0.01012 0.00299773 0.000619372 0.000151302 2.63104e-05 3.4873e-06 3.10495e-07 1.60849e-08 4.47738e-10 5.67894e-12
 2.57029e-27 2.60705e-27 4.89588e-26 9.78804e-20 2.39942e-14 7.10991e-10 2.54665e-06 0.0011026 0.0577063 0.365066 0.279413 0.0412579 0.11773 0.108112 0.0161688 0.00965877 0.00290925 0.000680536 0.000163727 2.51494e-05 3.324e-06 3.05967e-07 1.61257e-08 4.2494e-10 4.80878e-12
#obs surv len freq
 1.64434e-41 2.28224e-33 3.82893e-26 7.76499e-20 1.9035e-14 5.64041e-10 2.0203e-06 0.000874721 0.0457794 0.289614 0.221887 0.0442639 0.16401 0.139388 0.0430517 0.0348906 0.0113872 0.00389507 0.000840602 0.000108669 6.13045e-06 1.09123e-07 4.55746e-10 3.5911e-13 4.62169e-17
 1.90947e-41 2.65023e-33 4.4463e-26 9.01701e-20 2.21041e-14 6.54986e-10 2.34605e-06 0.00101576 0.0531609 0.336311 0.257557 0.0440705 0.132018 0.106149 0.0333113 0.025281 0.00799211 0.00256099 0.000509316 5.79954e-05 2.72371e-06 3.80544e-08 1.19159e-10 6.83654e-14 6.30138e-18
 1.92721e-41 2.67484e-33 4.48759e-26 9.10075e-20 2.23094e-14 6.61069e-10 2.36784e-06 0.00102519 0.0536545 0.339434 0.260025 0.0470882 0.141127 0.106201 0.0270337 0.0172671 0.00525917 0.00156792 0.000285119 2.82906e-05 1.0975e-06 1.20012e-08 2.82107e-11 1.18181e-14 7.81984e-19
 1.96248e-41 2.72379e-33 4.56972e-26 9.2673e-20 2.27177e-14 6.73167e-10 2.41117e-06 0.00104396 0.0546364 0.345646 0.264833 0.0487654 0.139292 0.0987601 0.0264769 0.0156876 0.00376134 0.000929712 0.000152257 1.30209e-05 4.12882e-07 3.51422e-09 6.19813e-12 1.90048e-15 9.05863e-20
 1.76464e-41 2.4492e-33 4.10905e-26 8.33307e-20 2.04275e-14 6.05305e-10 2.1681e-06 0.000938714 0.0491286 0.310803 0.238418 0.0548735 0.175792 0.116974 0.0311462 0.0170216 0.00397211 0.000821994 0.000101929 7.16215e-06 1.83309e-07 1.20531e-09 1.59013e-12 3.57004e-16 1.2287e-20
 1.45577e-41 2.02051e-33 3.38982e-26 6.87449e-20 1.6852e-14 4.99356e-10 1.78861e-06 0.000774407 0.0405294 0.256403 0.197153 0.0625607 0.220995 0.140031 0.0483769 0.0262455 0.0057358 0.0010771 0.000110713 5.66904e-06 1.09321e-07 5.46686e-10 5.36686e-13 8.80598e-17 2.18894e-21
 2.08443e-41 2.89305e-33 4.85369e-26 9.84317e-20 2.41294e-14 7.14998e-10 2.56101e-06 0.00110883 0.0580316 0.367126 0.281382 0.0503196 0.112791 0.0694153 0.0347127 0.019198 0.00493084 0.000898939 8.01108e-05 3.1988e-06 4.34495e-08 1.54327e-10 1.10123e-13 1.31232e-17 2.35158e-22
 1.98539e-41 2.75558e-33 4.62306e-26 9.37548e-20 2.29829e-14 6.81025e-10 2.43932e-06 0.00105614 0.0552742 0.349683 0.268408 0.0602001 0.151809 0.0817762 0.0192498 0.00893372 0.00296124 0.000591292 5.27399e-05 1.7508e-06 1.7631e-08 4.31653e-11 2.11304e-14 1.76635e-18 2.2501e-23
 2.01622e-41 2.79838e-33 4.69485e-26 9.52107e-20 2.33398e-14 6.916e-10 2.4772e-06 0.00107254 0.0561326 0.355114 0.272681 0.0618093 0.145149 0.074534 0.0228811 0.00876144 0.0015362 0.000295191 2.90597e-05 9.12281e-07 7.42108e-09 1.31834e-11 4.4337e-15 2.50853e-19 2.18416e-24
 1.72814e-41 2.39855e-33 4.02406e-26 8.16072e-20 2.0005e-14 5.92786e-10 2.12326e-06 0.0009193 0.0481125 0.30438 0.234578 0.0762313 0.199246 0.095368 0.0285965 0.0103957 0.00191945 0.000233738 1.71974e-05 5.28403e-07 3.84965e-09 5.43196e-12 1.3329e-15 5.24809e-20 3.11253e-25
 2.02061e-41 2.80447e-33 4.70508e-26 9.54181e-20 2.33906e-14 6.93107e-10 2.4826e-06 0.00107488 0.0562549 0.35589 0.27365 0.0666648 0.139305 0.0662239 0.0289414 0.0100485 0.00173759 0.000196031 1.01566e-05 2.16017e-07 1.33692e-09 1.60263e-12 3.11278e-16 9.12147e-21 3.86099e-26
 1.84535e-41 2.56122e-33 4.29699e-26 8.7142e-20 2.13618e-14 6.3299e-10 2.26727e-06 0.000981649 0.0513756 0.325027 0.250866 0.0818125 0.180865 0.0758181 0.0233518 0.00800948 0.00170382 0.00017888 7.87646e-06 1.18407e-07 4.91336e-10 4.45376e-13 6.9128e-17 1.59282e-21 5.11875e-27
 1.93093e-41 2.68e-33 4.49625e-26 9.1183e-20 2.23525e-14 6.62344e-10 2.37241e-06 0.00102717 0.0537581 0.340101 0.262513 0.0807154 0.159878 0.0666483 0.0264924 0.007492 0.001231 0.00013538 5.69447e-06 6.87563e-08 2.01303e-10 1.21113e-13 1.30601e-17 2.22529e-22 5.43784e-28
 1.6215e-41 2.25054e-33 3.77574e-26 7.65713e-20 1.87705e-14 5.56206e-10 1.99224e-06 0.000862571 0.0451435 0.285613 0.222375 0.104502 0.217268 0.0836651 0.0303378 0.00864125 0.00146032 0.000124535 4.64741e-06 5.04231e-08 1.16704e-10 5.02194e-14 3.65487e-18 4.16993e-23 7.01716e-29
 1.47687e-41 2.0498e-33 3.43897e-26 6.97416e-20 1.70963e-14 5.06596e-10 1.81454e-06 0.000785635 0.041117 0.260148 0.203833 0.113375 0.224664 0.0945538 0.0472624 0.0122012 0.00189964 0.000153698 4.6028e-06 4.00195e-08 7.6925e-11 2.60669e-14 1.39444e-18 1.11274e-23 1.27305e-29
 1.7097e-41 2.37295e-33 3.98112e-26 8.07362e-20 1.97915e-14 5.86459e-10 2.1006e-06 0.000909488 0.047599 0.301156 0.234926 0.103108 0.177369 0.0772484 0.0425664 0.0127646 0.00219013 0.000156349 4.04611e-06 2.77826e-08 4.05113e-11 1.06324e-14 4.40087e-19 2.64125e-24 2.19699e-30
 1.67773e-41 2.32858e-33 3.90667e-26 7.92266e-20 1.94215e-14 5.75493e-10 2.06132e-06 0.000892482 0.046709 0.29554 0.232089 0.11871 0.192271 0.0708599 0.0312402 0.00969819 0.00184575 0.00013889 3.14714e-06 1.74702e-08 1.96067e-11 3.81163e-15 1.16405e-19 5.20681e-25 3.23669e-31
 1.70125e-41 2.36122e-33 3.96144e-26 8.03372e-20 1.96937e-14 5.83561e-10 2.09022e-06 0.000904993 0.0473638 0.299695 0.236202 0.12368 0.184216 0.0692881 0.0300078 0.00729714 0.00124527 9.61943e-05 2.10805e-06 9.97512e-09 8.76845e-12 1.28636e-15 2.89205e-20 9.37977e-26 4.21457e-32
 1.65462e-41 2.2965e-33 3.85286e-26 7.81351e-20 1.91539e-14 5.67565e-10 2.03293e-06 0.000880187 0.0460656 0.291503 0.231609 0.135716 0.188663 0.0691601 0.0287259 0.00668124 0.000931744 5.97168e-05 1.20036e-06 5.0765e-09 3.70171e-12 4.22361e-16 7.11411e-21 1.69535e-26 5.52862e-33
 1.75614e-41 2.43741e-33 4.08926e-26 8.29292e-20 2.03291e-14 6.02389e-10 2.15766e-06 0.000934193 0.048892 0.309399 0.245894 0.133409 0.167364 0.0625745 0.0253271 0.00548562 0.000682829 3.49243e-05 5.51207e-07 1.93772e-09 1.18076e-12 1.0908e-16 1.43142e-21 2.57432e-27 6.19967e-34
 1.71546e-41 2.38094e-33 3.99452e-26 8.10081e-20 1.98582e-14 5.88434e-10 2.10768e-06 0.00091255 0.0477594 0.30227 0.242795 0.147904 0.172409 0.0592641 0.0216514 0.00450718 0.000502923 2.13845e-05 2.5832e-07 6.80795e-10 3.20063e-13 2.32684e-17 2.39862e-22 3.34142e-28 6.1231e-35
 1.72079e-41 2.38834e-33 4.00693e-26 8.12598e-20 1.99199e-14 5.90262e-10 2.11422e-06 0.000915386 0.0479079 0.303245 0.245306 0.153332 0.165303 0.0593302 0.020546 0.00373091 0.000367416 1.31968e-05 1.25002e-07 2.44684e-10 8.36764e-14 4.46225e-18 3.43151e-23 3.60767e-29 5.00671e-36
 1.71841e-41 2.38505e-33 4.00141e-26 8.11478e-20 1.98924e-14 5.89449e-10 2.11131e-06 0.000914124 0.047842 0.302879 0.24736 0.161474 0.160745 0.0566679 0.0186322 0.00320866 0.000267542 7.85372e-06 5.89555e-08 8.73813e-11 2.18609e-14 8.37273e-19 4.60476e-24 3.48036e-30 3.50359e-37
 1.74374e-41 2.42019e-33 4.06037e-26 8.23435e-20 2.01855e-14 5.98134e-10 2.14242e-06 0.000927594 0.0485471 0.307395 0.252964 0.165684 0.151975 0.0533674 0.01634 0.0026022 0.000191246 4.54551e-06 2.63379e-08 2.95741e-11 5.48993e-15 1.52979e-19 6.03565e-25 3.2459e-31 2.31761e-38
 1.69033e-41 2.34607e-33 3.93601e-26 7.98215e-20 1.95673e-14 5.79815e-10 2.0768e-06 0.000899184 0.0470605 0.298089 0.249903 0.180678 0.154437 0.0520348 0.0146298 0.00212746 0.000135466 2.64862e-06 1.18856e-08 9.96107e-12 1.36141e-15 2.77214e-20 7.92796e-26 3.06563e-32 1.56325e-39
 1.59829e-41 2.21832e-33 3.72169e-26 7.54751e-20 1.85018e-14 5.48243e-10 1.96372e-06 0.000850223 0.0444984 0.282014 0.242523 0.196678 0.160075 0.0565174 0.0148207 0.00191641 0.000104006 1.65438e-06 5.78986e-09 3.65253e-12 3.66546e-16 5.41161e-21 1.11651e-26 3.10702e-33 1.13748e-40
 1.59074e-41 2.20784e-33 3.70411e-26 7.51187e-20 1.84145e-14 5.45654e-10 1.95444e-06 0.000846208 0.0442887 0.280813 0.244961 0.199933 0.154497 0.0579576 0.0148421 0.00177692 8.10167e-05 1.03069e-06 2.7902e-09 1.32767e-12 9.85916e-17 1.06131e-21 1.58006e-27 3.15315e-34 8.2523e-42
 1.64177e-41 2.27867e-33 3.82294e-26 7.75285e-20 1.90052e-14 5.63159e-10 2.01714e-06 0.000873354 0.04571 0.289941 0.254828 0.199009 0.142693 0.0523796 0.0130159 0.00148864 5.88987e-05 5.98829e-07 1.23939e-09 4.4151e-13 2.42199e-17 1.90701e-22 2.06039e-28 2.96482e-35 5.56636e-43
#pred catch len freq
 2.56404e-27 2.59075e-27 3.54066e-26 6.92944e-20 1.69867e-14 5.03346e-10 1.8029e-06 0.000780588 0.0408531 0.258448 0.197943 0.0375176 0.146501 0.135467 0.0350688 0.0463698 0.0216301 0.0190014 0.0129133 0.0106976 0.00903814 0.00832445 0.00883319 0.0081068 0.00250479
 2.56714e-27 2.59873e-27 4.18546e-26 8.28946e-20 2.03206e-14 6.02136e-10 2.15675e-06 0.00093379 0.0488712 0.309173 0.236733 0.0411399 0.146817 0.135233 0.0259157 0.0252189 0.0100587 0.0067193 0.00373054 0.00259613 0.00190486 0.0015595 0.00150581 0.00140791 0.000479704
 2.5683e-27 2.60179e-27 4.44325e-26 8.83324e-20 2.16536e-14 6.41635e-10 2.29823e-06 0.000995046 0.0520771 0.329454 0.252225 0.0414965 0.138647 0.127615 0.0232361 0.0209194 0.00712201 0.0030564 0.00130949 0.000684841 0.000392083 0.00026744 0.000224394 0.000202851 7.22319e-05
 2.56814e-27 2.60134e-27 4.40116e-26 8.74443e-20 2.14359e-14 6.35185e-10 2.27512e-06 0.000985042 0.0515535 0.326142 0.249701 0.0418398 0.143033 0.131641 0.0235669 0.0206487 0.00685616 0.00263075 0.000859894 0.000289796 0.000113722 5.65062e-05 3.77653e-05 3.09559e-05 1.1079e-05
 2.5675e-27 2.59961e-27 4.24868e-26 8.42277e-20 2.06474e-14 6.1182e-10 2.19143e-06 0.000948808 0.0496572 0.314145 0.240547 0.042258 0.152647 0.140526 0.0253756 0.0225369 0.00742536 0.00274982 0.000854688 0.000237207 5.73684e-05 1.72144e-05 7.70285e-06 5.16224e-06 1.78436e-06
 2.56607e-27 2.59575e-27 3.90985e-26 7.70798e-20 1.88952e-14 5.59898e-10 2.00546e-06 0.000868288 0.0454431 0.287486 0.220202 0.0430045 0.172622 0.159014 0.0296639 0.0276745 0.00916165 0.00344772 0.00105775 0.000280323 5.75691e-05 1.04083e-05 2.39105e-06 1.06341e-06 3.3383e-07
 2.56768e-27 2.60015e-27 4.30213e-26 8.53555e-20 2.09239e-14 6.20012e-10 2.22078e-06 0.000961512 0.0503221 0.318351 0.243749 0.0416153 0.145507 0.134039 0.0260783 0.0257898 0.00867734 0.0034733 0.00107909 0.000288201 5.69869e-05 8.67996e-06 1.06319e-06 2.15394e-07 5.32556e-08
 2.56954e-27 2.60512e-27 4.73566e-26 9.45009e-20 2.31657e-14 6.86442e-10 2.45872e-06 0.00106453 0.0557138 0.352461 0.269783 0.0408957 0.12174 0.111977 0.0198253 0.0170704 0.00584945 0.0025256 0.000811301 0.000228133 4.5734e-05 6.75364e-06 6.51739e-07 5.43357e-08 7.33389e-09
 2.56905e-27 2.60375e-27 4.60826e-26 9.18131e-20 2.25069e-14 6.66919e-10 2.38879e-06 0.00103426 0.0541292 0.342436 0.262142 0.041769 0.133754 0.122963 0.0199465 0.0145597 0.00475666 0.00172883 0.000566385 0.000170593 3.60862e-05 5.48643e-06 5.07675e-07 2.75691e-08 1.39786e-09
 2.56852e-27 2.60234e-27 4.48546e-26 8.92225e-20 2.18718e-14 6.48101e-10 2.32139e-06 0.00100507 0.0526019 0.332774 0.254767 0.0419156 0.140051 0.128834 0.0220887 0.0179583 0.00564933 0.0016846 0.000499756 0.000132954 2.95751e-05 4.79779e-06 4.60163e-07 2.27886e-08 5.86863e-10
 2.56897e-27 2.60353e-27 4.58954e-26 9.14182e-20 2.24101e-14 6.64051e-10 2.37852e-06 0.00102981 0.0538964 0.340963 0.261017 0.0417057 0.134063 0.12328 0.0205953 0.0159569 0.00514181 0.00173264 0.000484771 0.00010669 2.05543e-05 3.29089e-06 3.38135e-07 1.7237e-08 3.65994e-10
 2.56913e-27 2.60398e-27 4.63033e-26 9.22787e-20 2.2621e-14 6.70301e-10 2.40091e-06 0.0010395 0.0544037 0.344173 0.263464 0.0415361 0.131052 0.120516 0.0203505 0.016091 0.00512634 0.00163539 0.000475432 0.000112979 1.88782e-05 2.51975e-06 2.46326e-07 1.32939e-08 2.84063e-10
 2.56887e-27 2.60325e-27 4.56367e-26 9.08724e-20 2.22763e-14 6.60086e-10 2.36432e-06 0.00102366 0.0535746 0.338928 0.259465 0.0418952 0.136595 0.125592 0.0205613 0.0152941 0.00489076 0.00159633 0.000455753 0.000105051 1.87194e-05 2.34241e-06 1.8866e-07 9.53576e-09 2.12002e-10
 2.56832e-27 2.60178e-27 4.43468e-26 8.81514e-20 2.16092e-14 6.40321e-10 2.29352e-06 0.000993007 0.0519704 0.328779 0.25172 0.0421649 0.144088 0.132537 0.0223263 0.017569 0.00554632 0.00168704 0.000481827 0.0001124 1.94814e-05 2.49639e-06 1.93443e-07 8.19986e-09 1.69929e-10
 2.56695e-27 2.59805e-27 4.10571e-26 8.12114e-20 1.9908e-14 5.89909e-10 2.11296e-06 0.000914829 0.0478789 0.302895 0.23197 0.0431065 0.16513 0.151959 0.0258562 0.0207385 0.00663329 0.00215151 0.000603704 0.000133233 2.3194e-05 2.9396e-06 2.28538e-07 9.26507e-09 1.64989e-10
 2.5673e-27 2.59905e-27 4.19764e-26 8.31509e-20 2.03834e-14 6.03998e-10 2.16342e-06 0.000936678 0.0490223 0.310129 0.237484 0.0424967 0.156616 0.144178 0.025846 0.0226793 0.00729779 0.00242313 0.000697531 0.000161021 2.69368e-05 3.33477e-06 2.57932e-07 1.04024e-08 1.75364e-10
 2.56797e-27 2.60087e-27 4.35795e-26 8.65327e-20 2.12124e-14 6.28563e-10 2.25141e-06 0.000974773 0.0510161 0.322742 0.247109 0.0421108 0.146916 0.135199 0.0237465 0.020158 0.00664089 0.00245776 0.00072151 0.000171088 2.98441e-05 3.67678e-06 2.75031e-07 1.09973e-08 1.83313e-10
 2.56846e-27 2.60215e-27 4.46796e-26 8.88533e-20 2.17813e-14 6.4542e-10 2.31178e-06 0.00100091 0.0523843 0.331397 0.253718 0.0420741 0.141994 0.130593 0.0217841 0.0168323 0.0054843 0.00195307 0.000596185 0.000154804 2.78584e-05 3.56642e-06 2.69531e-07 1.04716e-08 1.72272e-10
 2.56905e-27 2.60373e-27 4.6056e-26 9.17569e-20 2.24931e-14 6.66511e-10 2.38733e-06 0.00103362 0.0540961 0.342227 0.261983 0.0418092 0.134172 0.123348 0.0200161 0.0146133 0.00464581 0.00147869 0.000438783 0.000112061 2.17608e-05 2.96259e-06 2.32885e-07 9.1727e-09 1.47651e-10
 2.56935e-27 2.60452e-27 4.67283e-26 9.3175e-20 2.28407e-14 6.76812e-10 2.42423e-06 0.0010496 0.0549321 0.347516 0.266021 0.0417991 0.131257 0.120618 0.0187925 0.0125041 0.00391953 0.00116656 0.000329145 7.62555e-05 1.43596e-05 2.04412e-06 1.73328e-07 7.13326e-09 1.1645e-10
 2.5698e-27 2.60576e-27 4.78321e-26 9.55037e-20 2.34116e-14 6.93727e-10 2.48481e-06 0.00107583 0.056305 0.356201 0.272648 0.041444 0.123899 0.113837 0.0177632 0.0118589 0.00365189 0.000978857 0.000266259 5.75115e-05 9.89346e-06 1.3243e-06 1.15527e-07 5.1155e-09 8.75047e-11
 2.56995e-27 2.60612e-27 4.81234e-26 9.61181e-20 2.35622e-14 6.9819e-10 2.5008e-06 0.00108275 0.0566673 0.358493 0.2744 0.0416047 0.123891 0.113771 0.0167013 0.00945216 0.00290195 0.000779669 0.000205215 4.02838e-05 6.48069e-06 7.89843e-07 6.38758e-08 2.88051e-09 5.26162e-11
 2.56996e-27 2.60616e-27 4.81567e-26 9.61884e-20 2.35794e-14 6.987e-10 2.50263e-06 0.00108354 0.0567087 0.358755 0.2746 0.041625 0.123905 0.113781 0.0166371 0.00929844 0.00278068 0.000626252 0.000160591 3.12467e-05 4.67563e-06 5.19497e-07 3.80225e-08 1.58768e-09 2.93308e-11
 2.57005e-27 2.6064e-27 4.83708e-26 9.664e-20 2.36901e-14 7.01981e-10 2.51438e-06 0.00108863 0.0569749 0.360439 0.275885 0.0415007 0.122057 0.11209 0.0166044 0.00964944 0.00288358 0.000639861 0.000155816 2.60591e-05 3.78276e-06 3.98971e-07 2.63304e-08 9.88148e-10 1.69684e-11
 2.57022e-27 2.60689e-27 4.88108e-26 9.75684e-20 2.39177e-14 7.08724e-10 2.53853e-06 0.00109909 0.0575223 0.363902 0.278525 0.0413024 0.118692 0.109 0.0163289 0.00980009 0.00294679 0.000680883 0.000166354 2.70721e-05 3.51949e-06 3.36053e-07 2.10063e-08 7.10843e-10 1.09414e-11
 2.57005e-27 2.60639e-27 4.83475e-26 9.65908e-20 2.36781e-14 7.01624e-10 2.5131e-06 0.00108808 0.056946 0.360256 0.275747 0.0416428 0.123235 0.113144 0.0161853 0.00842992 0.00253799 0.000606885 0.000150655 2.53671e-05 3.26831e-06 2.87672e-07 1.59231e-08 5.00083e-10 6.95481e-12
 2.56984e-27 2.60583e-27 4.78671e-26 9.55774e-20 2.34296e-14 6.94262e-10 2.48673e-06 0.00107666 0.0563485 0.356476 0.272861 0.0416609 0.1254 0.115174 0.0171351 0.0100815 0.00298634 0.000617018 0.000150727 2.62104e-05 3.47405e-06 3.09315e-07 1.60238e-08 4.46036e-10 5.65736e-12
 2.56945e-27 2.60477e-27 4.69252e-26 9.35903e-20 2.29425e-14 6.79828e-10 2.43503e-06 0.00105428 0.055177 0.349065 0.267206 0.0419501 0.131574 0.120868 0.0180765 0.0107984 0.0032525 0.000760831 0.000183045 2.81168e-05 3.71619e-06 3.42068e-07 1.80283e-08 4.75078e-10 5.37616e-12
#obs catch len freq
 1.6308e-41 2.26344e-33 3.79739e-26 7.70103e-20 1.88782e-14 5.59394e-10 2.00366e-06 0.000867516 0.0454023 0.287228 0.220067 0.0443102 0.165489 0.140667 0.0436274 0.0354781 0.0117502 0.0040843 0.000899852 0.000119606 6.99596e-06 1.30005e-07 5.67118e-10 4.64807e-13 6.19367e-17
 1.65249e-41 2.29354e-33 3.84789e-26 7.80345e-20 1.91292e-14 5.66834e-10 2.03031e-06 0.000879053 0.0460061 0.291049 0.223046 0.0463341 0.167444 0.134792 0.0428901 0.0327984 0.0105348 0.00343861 0.000700351 8.18062e-05 3.96184e-06 5.73163e-08 1.86167e-10 1.10641e-13 1.0528e-17
 1.92205e-41 2.66768e-33 4.47558e-26 9.07638e-20 2.22497e-14 6.59299e-10 2.3615e-06 0.00102245 0.0535109 0.338526 0.259306 0.0458228 0.133816 0.101662 0.032905 0.0234509 0.00729699 0.00221998 0.000414169 4.22345e-05 1.68508e-06 1.89677e-08 4.59223e-11 1.98057e-14 1.34725e-18
 1.94529e-41 2.69994e-33 4.52971e-26 9.18615e-20 2.25188e-14 6.67272e-10 2.39006e-06 0.00103481 0.054158 0.34262 0.262528 0.0490063 0.141886 0.100482 0.0261875 0.0157861 0.00473074 0.00133252 0.000225781 1.9883e-05 6.48766e-07 5.66867e-09 1.02462e-11 3.21622e-15 1.56779e-19
 1.98597e-41 2.7564e-33 4.62444e-26 9.37826e-20 2.29897e-14 6.81227e-10 2.44004e-06 0.00105645 0.0552906 0.349785 0.268071 0.0507073 0.138897 0.0925128 0.0254361 0.014053 0.00328774 0.000773338 0.00011726 8.81872e-06 2.32963e-07 1.57237e-09 2.12151e-12 4.85891e-16 1.7032e-20
 1.79644e-41 2.49335e-33 4.18311e-26 8.48325e-20 2.07957e-14 6.16215e-10 2.20718e-06 0.000955633 0.050014 0.316405 0.242809 0.0574474 0.174522 0.108879 0.0297078 0.0150908 0.00342402 0.00066171 7.60863e-05 4.68428e-06 9.9001e-08 5.12586e-10 5.14875e-13 8.60888e-17 2.17509e-21
 1.49441e-41 2.07414e-33 3.47981e-26 7.05698e-20 1.72994e-14 5.12611e-10 1.83609e-06 0.000794964 0.0416052 0.26321 0.202523 0.0661547 0.219597 0.130695 0.0464524 0.0231251 0.00490299 0.000854092 7.99117e-05 3.56776e-06 5.67049e-08 2.22077e-10 1.65284e-13 2.01414e-17 3.669e-22
 2.11946e-41 2.94167e-33 4.93527e-26 1.00086e-19 2.45349e-14 7.27015e-10 2.60405e-06 0.00112746 0.059007 0.373297 0.286188 0.0520333 0.109972 0.0639882 0.0328628 0.0166384 0.00413816 0.000688227 5.52327e-05 1.89313e-06 2.1074e-08 5.85679e-11 3.16065e-14 2.79068e-18 3.65864e-23
 2.0249e-41 2.81043e-33 4.71508e-26 9.56209e-20 2.34403e-14 6.9458e-10 2.48787e-06 0.00107716 0.0563744 0.356644 0.273867 0.0624458 0.147176 0.0739168 0.0177289 0.00779432 0.00248681 0.000449775 3.54019e-05 9.93548e-07 8.1093e-09 1.54722e-11 5.72522e-15 3.54254e-19 3.2973e-24
 2.05844e-41 2.85697e-33 4.79317e-26 9.72045e-20 2.38285e-14 7.06083e-10 2.52907e-06 0.001095 0.0573081 0.362552 0.278518 0.0639544 0.139698 0.0671387 0.0209429 0.00729516 0.00125156 0.000224384 1.91621e-05 4.99185e-07 3.24463e-09 4.46052e-12 1.13133e-15 4.73706e-20 3.01275e-25
 1.78049e-41 2.47121e-33 4.14596e-26 8.40793e-20 2.0611e-14 6.10743e-10 2.18758e-06 0.000947147 0.0495699 0.313602 0.241883 0.0794994 0.192009 0.0859872 0.0260989 0.00869267 0.00152654 0.00016982 1.12117e-05 2.83356e-07 1.62452e-09 1.7564e-12 3.23596e-16 9.41843e-21 4.0814e-26
 2.06837e-41 2.87077e-33 4.81631e-26 9.76737e-20 2.39436e-14 7.09492e-10 2.54128e-06 0.00110029 0.0575847 0.364305 0.280278 0.0687533 0.13252 0.0596252 0.0261011 0.00823419 0.00135257 0.000137082 6.21579e-06 1.10596e-07 5.38166e-10 4.89825e-13 7.09814e-17 1.53319e-21 4.73938e-27
 1.9005e-41 2.63778e-33 4.42542e-26 8.97465e-20 2.20003e-14 6.51909e-10 2.33503e-06 0.00101099 0.0529111 0.334744 0.258601 0.0846257 0.171681 0.0674724 0.0208553 0.00665179 0.00131725 0.000122687 4.64942e-06 5.75168e-08 1.88616e-10 1.3002e-13 1.49923e-17 2.53615e-22 5.93982e-28
 1.98577e-41 2.75611e-33 4.62395e-26 9.37728e-20 2.29873e-14 6.81156e-10 2.43979e-06 0.00105634 0.0552849 0.349763 0.270211 0.0830908 0.15065 0.0595284 0.0233538 0.00602524 0.000939684 9.17183e-05 3.24809e-06 3.18025e-08 7.28761e-11 3.33401e-14 2.67318e-18 3.3369e-23 5.92485e-29
 1.6854e-41 2.33922e-33 3.92453e-26 7.95887e-20 1.95102e-14 5.78124e-10 2.07075e-06 0.000896561 0.0469225 0.296873 0.231523 0.108319 0.205556 0.0749453 0.0267498 0.00703345 0.00109432 8.28059e-05 2.61325e-06 2.26571e-08 4.05817e-11 1.32061e-14 7.13857e-19 5.9684e-24 7.28971e-30
 1.54504e-41 2.14442e-33 3.59771e-26 7.29607e-20 1.78855e-14 5.29979e-10 1.8983e-06 0.000821898 0.0430149 0.272162 0.213703 0.117819 0.212983 0.0866146 0.041517 0.00984418 0.00141515 0.000100008 2.50413e-06 1.74124e-08 2.57278e-11 6.54755e-15 2.59288e-19 1.51537e-24 1.25928e-30
 1.77738e-41 2.46689e-33 4.13871e-26 8.39323e-20 2.0575e-14 6.09675e-10 2.18376e-06 0.000945492 0.0494833 0.313085 0.244639 0.106037 0.166161 0.070611 0.0370268 0.0103212 0.00158829 9.84563e-05 2.10782e-06 1.14604e-08 1.28154e-11 2.51876e-15 7.68967e-20 3.3726e-25 2.03686e-31
 1.74667e-41 2.42427e-33 4.06721e-26 8.24822e-20 2.02195e-14 5.99142e-10 2.14603e-06 0.000929157 0.0486284 0.307694 0.242141 0.121647 0.178994 0.0636918 0.0269886 0.00785896 0.00133715 8.56542e-05 1.58252e-06 6.90302e-09 5.90373e-12 8.5687e-16 1.92645e-20 6.28331e-26 2.83041e-32
 1.77069e-41 2.45759e-33 4.12312e-26 8.36161e-20 2.04975e-14 6.07379e-10 2.17553e-06 0.00094193 0.049297 0.311938 0.246409 0.126207 0.170719 0.0623457 0.0254053 0.0057806 0.00089462 5.84725e-05 1.02845e-06 3.77607e-09 2.51389e-12 2.74317e-16 4.52992e-21 1.06984e-26 3.47899e-33
 1.72621e-41 2.39587e-33 4.01957e-26 8.1516e-20 1.99827e-14 5.92124e-10 2.12089e-06 0.000918273 0.0480589 0.304132 0.242292 0.138116 0.174319 0.0621107 0.0241591 0.00520605 0.000649939 3.55157e-05 5.70206e-07 1.85141e-09 1.01389e-12 8.56424e-17 1.05689e-21 1.8313e-27 4.31821e-34
 1.82619e-41 2.53463e-33 4.25236e-26 8.6237e-20 2.114e-14 6.26417e-10 2.24372e-06 0.000971454 0.0508422 0.321758 0.256366 0.134843 0.153588 0.0559378 0.021007 0.00420127 0.00046213 1.99286e-05 2.51464e-07 6.76714e-10 3.07833e-13 2.09436e-17 2.00692e-22 2.6196e-28 4.55745e-35
 1.78657e-41 2.47964e-33 4.16011e-26 8.43662e-20 2.06814e-14 6.12827e-10 2.19505e-06 0.00095038 0.0497393 0.314825 0.253644 0.149015 0.157642 0.052586 0.0178421 0.00340964 0.000332663 1.178e-05 1.12877e-07 2.27371e-10 7.96474e-14 4.25003e-18 3.18844e-23 3.21559e-29 4.25027e-36
 1.79255e-41 2.48794e-33 4.17404e-26 8.46486e-20 2.07506e-14 6.14878e-10 2.20239e-06 0.000953561 0.0499059 0.315922 0.256374 0.153847 0.150788 0.0525059 0.0166837 0.00277263 0.000237333 7.01895e-06 5.22707e-08 7.7814e-11 1.97892e-14 7.73425e-19 4.3193e-24 3.27938e-30 3.27524e-37
 1.79056e-41 2.48518e-33 4.1694e-26 8.45546e-20 2.07276e-14 6.14195e-10 2.19995e-06 0.000952502 0.0498506 0.315633 0.258655 0.161342 0.146165 0.0498693 0.01502 0.00233969 0.000167961 4.03372e-06 2.36273e-08 2.64888e-11 4.91347e-15 1.37716e-19 5.4947e-25 2.99533e-31 2.16633e-38
 1.81564e-41 2.51998e-33 4.22779e-26 8.57388e-20 2.10179e-14 6.22797e-10 2.23076e-06 0.000965842 0.050549 0.320118 0.264339 0.164723 0.137688 0.0466132 0.0130196 0.00186417 0.00011662 2.24517e-06 1.00982e-08 8.54101e-12 1.17195e-15 2.3856e-20 6.82198e-26 2.64477e-32 1.35607e-39
 1.76333e-41 2.44738e-33 4.10599e-26 8.32686e-20 2.04123e-14 6.04855e-10 2.16649e-06 0.000938016 0.0490931 0.311026 0.26176 0.179144 0.13973 0.0451723 0.0115544 0.00149827 8.05197e-05 1.26306e-06 4.36957e-09 2.74833e-12 2.76989e-16 4.11277e-21 8.51506e-27 2.3721e-33 8.68387e-41
 1.67342e-41 2.3226e-33 3.89664e-26 7.90231e-20 1.93716e-14 5.74015e-10 2.05603e-06 0.00089019 0.0465906 0.295355 0.255107 0.194829 0.145319 0.0489278 0.0115921 0.00132646 6.02436e-05 7.62704e-07 2.04518e-09 9.64299e-13 7.11916e-17 7.65296e-22 1.14177e-27 2.28694e-34 6.00674e-42
 1.66643e-41 2.31289e-33 3.88036e-26 7.86928e-20 1.92906e-14 5.71616e-10 2.04744e-06 0.00088647 0.0463964 0.294276 0.257814 0.197471 0.140447 0.0499499 0.0115069 0.00120367 4.54979e-05 4.57432e-07 9.43837e-10 3.3445e-13 1.82272e-17 1.42655e-22 1.53442e-28 2.20258e-35 4.13343e-43
#spawning biomass
 9682.94 6590.45 7668.48 11168.7 15051.4 17079.6 16396.1 21426 32118.5 46631.9 55339.2 78237.3 100960 126982 128715 108887 100796 95190.2 93995.7 94388.1 104649 101185 99002.5 105356 121471 117708 127169 139710 205069 342730 369243 351291 310811 264171 220633 184136 155479 133932 118215 106998 99120 93648.5 89855.8 87227.1 85475.6 84308.5 83530.9 83012.8 82667.6 82437.5 82284.3 82182.2 82114.1 82068.8 82038.6 82018.4 82005 81996.1 81990.1 81986.2 81983.5 81981.8 81980.6 81979.8 81979.3 81978.9 81978.7 81978.5 81978.4 81978.4 81978.3 81978.3 81978.3 81978.3 81978.3 81978.3 81978.2 81978.2 81978.2 81978.2 81978.2 81978.2 81978.2 81978.2 81978.2 81978.2 81978.2 81978.2 81978.2 81978.2 81978.2 81978.2 81978.2 81978.2 81978.2 81978.2 81978.2 81978.2 81978.2 81978.2 81978.2 81978.2 81978.2 81978.2 81978.2 81978.2 81978.2 81978.2 81978.2 81978.2 81978.2 81978.2 81978.2 81978.2 81978.2 81978.2 81978.2 81978.2 81978.2 81978.2 81978.2 81978.2 81978.2 81978.2 81978.2 81978.2 81978.2 81978.2 0 0 0 0 0 0 0 0 0 0 0 0 0 0 0 0 0 0 0 0 0 0 0 0 0
