SBPRF35
0.319374
Curr Bio
27703.2
B35
94120.7
F35
0.388745
FOFL
0
OFL
0
Bzero
91249.7
#pred survey bio
 7795.67 6810.55 7764.89 9546.45 12079.2 14070.4 13162.1 12579.7 20197 32627.1 35754.6 38918.3 62458.5 73700.6 64105.4 52079.7 52660.4 57093.6 50639.3 51427.2 53124.3 58177.3 63303 66609.3 72108.9 67954.7 61424.7 63596.4 76445.8 1.23964e+06 1.88208e+06 1.98213e+06 1.71345e+06 1.44372e+06 1.25625e+06 1.1412e+06 1.07448e+06 1.03676e+06 1.01556e+06 1.00355e+06 996625 992528 990029 988454 987421 986736 986271 985949 985724 985563 985449 985366 985307 985264 985233 985210 985194 985182 985173 985167 985162 985159 985156 985154 985153 985152 985152 985151 985151 985150 985150 985150 985150 985150 985150 985150 985150 985150 985150 985150 985150 985150 985150 985150 985150 985150 985150 985150 985150 985150 985150 985150 985150 985150 985150 985150 985150 985150 985150 985150 985150 985150 985150 985150 985150 985150 985150 985150 985150 985150 985150 985150 985150 985150 985150 985150 985150 985150 985150 985150 985150 985150 985150 985150 985150 985150 985150 985150 985150 0 0 0 0 0 0 0 0 0 0 0 0 0 0 0 0 0 0 0 0 0 0 0 0 0
#obs survey bio
 6900.14 8821.83 9631.08 14541.8 19101.6 18523.2 13559.6 12761.3 35059.5 30205.6 44953.6 74630.3 115905 73175.4 46258.1 47198 56541 58518.1 47961.6 46314.7 55852.3 81582 55780 112788 77895.4 66931.5 103878 58544.7 60116.1
#pred catch bio
 4815.96 3737.21 4017.16 4875.16 6312.39 8240.95 8397.46 7257.89 8339.17 18168.8 25028.7 18287.5 34089.3 48235.9 45854.1 35576.4 32402.6 40110 32447.5 33085 33759.8 35796.1 40843.4 41243.7 47122.3 45781.9 39537.9 42508.9 79067.4 0 20102.1 23785.9 20126.5 16332.9 13786.7 12284.8 11453.6 11010.9 10780.8 10663.1 10603.6 10573.8 10558.8 10551.4 10547.7 10545.9 10545 10544.5 10544.3 10544.2 10544.2 10544.1 10544.1 10544.1 10544.1 10544.1 10544.1 10544.1 10544.1 10544.1 10544.1 10544.1 10544.1 10544.1 10544.1 10544.1 10544.1 10544.1 10544.1 10544.1 10544.1 10544.1 10544.1 10544.1 10544.1 10544.1 10544.1 10544.1 10544.1 10544.1 10544.1 10544.1 10544.1 10544.1 10544.1 10544.1 10544.1 10544.1 10544.1 10544.1 10544.1 10544.1 10544.1 10544.1 10544.1 10544.1 10544.1 10544.1 10544.1 10544.1 10544.1 10544.1 10544.1 10544.1 10544.1 10544.1 10544.1 10544.1 10544.1 10544.1 10544.1 10544.1 10544.1 10544.1 10544.1 10544.1 10544.1 10544.1 10544.1 10544.1 10544.1 10544.1 10544.1 10544.1 10544.1 10544.1 10544.1 10544.1 10544.1 0 0 0 0 0 0 0 0 0 0 0 0 0 0 0 0 0 0 0 0 0 0 0 0 0
#obs catch bio
 3326.29 3717.03 3938.15 4696.97 6086.77 8010.61 8372.13 7328.7 8128.48 17608.4 25734.6 17741.1 32229.9 46872.7 47513.1 37765.3 32581.7 41162.7 32159.7 33032 34103.4 35087.6 41317.4 40768 46538.9 46186.7 39028.7 42406 82672.7
#pred cpue bio
 5750.78 4612.56 5162.45 6338.46 7958.95 9579.06 9323.36 8189.67 11392.4 21381 24389.8 22661.6 39209.1 49570.3 43860.5 33912.3 32848.9 37549.8 32698.4 33620.5 34196.6 36930.6 41325 42442.3 46949.8 45296.5 40455.1 40768.7 45099.7 579413 1.45327e+06 1.80674e+06 1.57344e+06 1.30371e+06 1.11552e+06 1.00029e+06 933533 895801 874598 862590 855665 851568 849069 847494 846461 845776 845312 844990 844764 844604 844489 844407 844347 844304 844273 844250 844234 844222 844213 844207 844202 844199 844197 844195 844194 844193 844192 844191 844191 844191 844191 844190 844190 844190 844190 844190 844190 844190 844190 844190 844190 844190 844190 844190 844190 844190 844190 844190 844190 844190 844190 844190 844190 844190 844190 844190 844190 844190 844190 844190 844190 844190 844190 844190 844190 844190 844190 844190 844190 844190 844190 844190 844190 844190 844190 844190 844190 844190 844190 844190 844190 844190 844190 844190 844190 844190 844190 844190 844190 0 0 0 0 0 0 0 0 0 0 0 0 0 0 0 0 0 0 0 0 0 0 0 0 0
#obs cpue bio
 4332.77 4493.79 6090.18 10046.8 7633.44 8960.24 8047.4 8130.38 11258.8 28275 15397.4 24063.4 56010 52168.6 20706.2 16150.4 29878.7 28409.9 45680.1 31915.3 31051.5 38725.8 33260.3 37819.1 46452.6 37219.1 35929.9 40358.4 33321.4
#pred surv len freq
 2.14265e-27 2.16572e-27 5.83208e-27 1.25433e-21 7.45997e-17 1.02002e-12 3.20644e-09 2.3173e-06 0.000385016 0.0147074 0.129161 0.260781 0.121627 0.0283633 0.0946479 0.133155 0.0539277 0.0426047 0.0371034 0.023032 0.0178895 0.0139666 0.0129354 0.0111634 0.00454749
 2.1425e-27 2.16635e-27 5.94512e-27 1.29274e-21 7.68841e-17 1.05125e-12 3.30463e-09 2.38827e-06 0.000396807 0.0151577 0.133116 0.268767 0.125443 0.031665 0.112402 0.157962 0.0603247 0.0372104 0.0291747 0.0120745 0.00664903 0.0039022 0.00281221 0.00210728 0.000832325
 2.14297e-27 2.16778e-27 6.11638e-27 1.3509e-21 8.03432e-17 1.09855e-12 3.45331e-09 2.49572e-06 0.000414659 0.0158397 0.139105 0.280859 0.131001 0.0307932 0.103437 0.145455 0.057803 0.0422772 0.0331789 0.0117903 0.0048663 0.00176677 0.000797315 0.000451216 0.000162475
 2.14287e-27 2.16755e-27 6.09293e-27 1.34294e-21 7.98701e-17 1.09208e-12 3.43297e-09 2.48102e-06 0.000412217 0.0157464 0.138286 0.279205 0.130247 0.0310925 0.105763 0.14868 0.0582052 0.0401194 0.0318352 0.0127294 0.00553759 0.00157875 0.000398684 0.000125028 3.56245e-05
 2.1432e-27 2.16838e-27 6.18207e-27 1.37319e-21 8.16688e-17 1.11668e-12 3.51028e-09 2.53689e-06 0.000421501 0.016101 0.1414 0.285492 0.133141 0.0307514 0.101785 0.143086 0.0564114 0.0400124 0.0316776 0.0122579 0.00537776 0.00165566 0.00035817 5.78967e-05 9.30569e-06
 2.14171e-27 2.16473e-27 5.79512e-27 1.24193e-21 7.38621e-17 1.00993e-12 3.17474e-09 2.29439e-06 0.00038121 0.014562 0.127884 0.258204 0.120575 0.0320658 0.118034 0.165988 0.0644559 0.0429001 0.0337679 0.0132014 0.00578231 0.00175447 0.000385719 5.21598e-05 4.44008e-06
 2.1402e-27 2.16109e-27 5.4211e-27 1.1151e-21 6.63194e-17 9.068e-13 2.85054e-09 2.06009e-06 0.000342281 0.0130749 0.114824 0.231837 0.108395 0.0323464 0.127694 0.179784 0.0717802 0.0534666 0.0422178 0.0154358 0.00639244 0.00192739 0.00041982 5.5417e-05 3.81715e-06
 2.14396e-27 2.17029e-27 6.39001e-27 1.44375e-21 8.58655e-17 1.17406e-12 3.69066e-09 2.66725e-06 0.00044316 0.0169284 0.148666 0.300162 0.13988 0.0295887 0.0902659 0.126928 0.0517804 0.0417136 0.0334532 0.0128484 0.00543621 0.00154024 0.000319221 4.14337e-05 2.7326e-06
 2.14729e-27 2.17828e-27 7.20981e-27 1.72172e-21 1.02397e-16 1.4001e-12 4.40124e-09 3.18079e-06 0.000528484 0.0201877 0.17729 0.357951 0.166578 0.0290811 0.0697496 0.0976305 0.0363199 0.0195516 0.0150694 0.00621099 0.00281993 0.000834961 0.000171639 2.11445e-05 1.34635e-06
 2.14213e-27 2.16557e-27 5.85998e-27 1.26381e-21 7.51635e-17 1.02773e-12 3.23067e-09 2.33482e-06 0.000387926 0.0148185 0.130137 0.262754 0.122747 0.0339028 0.127877 0.179551 0.0650727 0.0297348 0.0216541 0.00733651 0.00288247 0.000912648 0.000202668 2.54663e-05 1.5736e-06
 2.14188e-27 2.16518e-27 5.84919e-27 1.2603e-21 7.49549e-17 1.02487e-12 3.22171e-09 2.32834e-06 0.00038685 0.0147774 0.129776 0.262023 0.122307 0.0311753 0.111448 0.156891 0.0638872 0.0510307 0.0395754 0.0117953 0.00373353 0.000966378 0.000197259 2.62005e-05 1.68247e-06
 2.14653e-27 2.17644e-27 7.01772e-27 1.65657e-21 9.85228e-17 1.34712e-12 4.2347e-09 3.06043e-06 0.000508486 0.0194238 0.170581 0.344407 0.160331 0.0294857 0.0763022 0.10692 0.040337 0.0234025 0.0180276 0.00683824 0.00271112 0.000613584 9.61347e-05 1.08827e-05 6.90259e-07
 2.14384e-27 2.16978e-27 6.30576e-27 1.41503e-21 8.41572e-17 1.1507e-12 3.61724e-09 2.61419e-06 0.000434344 0.0165916 0.145709 0.294192 0.137223 0.032354 0.108947 0.152871 0.0556981 0.0263746 0.0193926 0.00670876 0.0026177 0.000739108 0.000131824 1.25631e-05 6.52336e-07
 2.14185e-27 2.165e-27 5.81661e-27 1.24918e-21 7.42937e-17 1.01583e-12 3.19329e-09 2.3078e-06 0.000383437 0.014647 0.128631 0.259712 0.121288 0.0324853 0.120141 0.168935 0.0652746 0.0424044 0.0321857 0.00974157 0.00316666 0.000826165 0.00015748 1.74221e-05 8.79452e-07
 2.14131e-27 2.16373e-27 5.6873e-27 1.20534e-21 7.16861e-17 9.8018e-13 3.08121e-09 2.2268e-06 0.000369979 0.014133 0.124116 0.250597 0.117075 0.0325208 0.123105 0.173158 0.0673553 0.0451133 0.0349238 0.0119952 0.00435896 0.000997592 0.000160083 1.73874e-05 9.59886e-07
 2.14314e-27 2.16816e-27 6.14881e-27 1.36186e-21 8.09949e-17 1.10746e-12 3.48132e-09 2.51596e-06 0.000418023 0.0159682 0.140233 0.283137 0.132086 0.0316428 0.107938 0.151663 0.0581898 0.0366345 0.028071 0.00948802 0.00349072 0.000879237 0.00014443 1.37051e-05 6.94716e-07
 2.14426e-27 2.17085e-27 6.4238e-27 1.45509e-21 8.654e-17 1.18328e-12 3.71966e-09 2.68821e-06 0.000446642 0.0170614 0.149834 0.302521 0.141045 0.0315799 0.101711 0.142742 0.0530887 0.0284791 0.0212568 0.00699509 0.00249354 0.000625358 0.000107343 1.07129e-05 5.15349e-07
 2.14228e-27 2.166e-27 5.9114e-27 1.28128e-21 7.62028e-17 1.04194e-12 3.27535e-09 2.3671e-06 0.00039329 0.0150234 0.131937 0.266386 0.124397 0.0331299 0.122065 0.171475 0.0638426 0.0344367 0.0255527 0.0079528 0.00264133 0.000644144 0.000108781 1.10741e-05 5.54066e-07
 2.14322e-27 2.16833e-27 6.16175e-27 1.36623e-21 8.12547e-17 1.11101e-12 3.49248e-09 2.52403e-06 0.000419363 0.0160194 0.140683 0.284045 0.132517 0.031958 0.109588 0.153948 0.0584728 0.0350334 0.0262934 0.00789797 0.0024647 0.000559983 8.77273e-05 8.65247e-06 4.33617e-07
 2.14276e-27 2.16719e-27 6.04196e-27 1.32559e-21 7.88381e-17 1.07797e-12 3.38861e-09 2.44896e-06 0.000406891 0.015543 0.136499 0.275598 0.128626 0.0323399 0.114465 0.160815 0.0607683 0.0355041 0.0268311 0.00878709 0.0030301 0.000675238 9.88187e-05 9.02484e-06 4.29117e-07
 2.14348e-27 2.16898e-27 6.23352e-27 1.39058e-21 8.27034e-17 1.13082e-12 3.55475e-09 2.56903e-06 0.00042684 0.016305 0.143191 0.289109 0.134843 0.0315336 0.105471 0.148163 0.0566569 0.0350979 0.0266959 0.00864849 0.00300668 0.000724663 0.000113484 1.00494e-05 4.45045e-07
 2.14378e-27 2.16969e-27 6.30352e-27 1.4143e-21 8.41141e-17 1.15011e-12 3.61539e-09 2.61285e-06 0.000434121 0.0165831 0.145634 0.294041 0.13713 0.0317228 0.10514 0.147618 0.0553988 0.0312293 0.0235403 0.0078823 0.00283659 0.000685809 0.000111311 1.05457e-05 4.76002e-07
 2.14275e-27 2.16715e-27 6.03667e-27 1.32379e-21 7.8731e-17 1.07651e-12 3.38401e-09 2.44564e-06 0.000406339 0.0155219 0.136314 0.275224 0.128459 0.0324755 0.115406 0.162123 0.0609876 0.0348044 0.0261389 0.00838441 0.00290064 0.000720133 0.000120671 1.17379e-05 5.55836e-07
 2.14384e-27 2.16985e-27 6.32527e-27 1.4217e-21 8.45541e-17 1.15613e-12 3.6343e-09 2.62652e-06 0.000436392 0.0166699 0.146396 0.295578 0.137824 0.0312799 0.101973 0.143223 0.0548077 0.0340655 0.0258777 0.00826327 0.00281106 0.000670316 0.000109869 1.09434e-05 5.34298e-07
 2.14281e-27 2.1673e-27 6.05071e-27 1.32855e-21 7.9014e-17 1.08037e-12 3.39617e-09 2.45442e-06 0.000407799 0.0155776 0.136804 0.276213 0.128918 0.0325373 0.115485 0.162208 0.0606488 0.0335133 0.0252164 0.00851861 0.00308471 0.000736266 0.00011763 1.13747e-05 5.55748e-07
 2.14207e-27 2.16551e-27 5.86724e-27 1.26634e-21 7.53139e-17 1.02978e-12 3.23714e-09 2.33949e-06 0.000388703 0.0148482 0.130397 0.263279 0.122943 0.0326543 0.120098 0.168809 0.0643509 0.0392591 0.0296689 0.00927391 0.00311294 0.000772267 0.000128894 1.23839e-05 5.90036e-07
 2.1427e-27 2.16708e-27 6.03515e-27 1.32331e-21 7.8702e-17 1.07611e-12 3.38277e-09 2.44473e-06 0.000406189 0.0155161 0.136264 0.275122 0.128391 0.031935 0.112137 0.157606 0.0606191 0.0385923 0.0294969 0.00964544 0.0033492 0.000780077 0.00012449 1.23044e-05 5.96301e-07
 2.14364e-27 2.16938e-27 6.27571e-27 1.40489e-21 8.35544e-17 1.14246e-12 3.59133e-09 2.59546e-06 0.000431233 0.0164728 0.144665 0.292084 0.136214 0.0314224 0.103895 0.145928 0.055667 0.0340995 0.0260613 0.00887111 0.00325442 0.000791858 0.000127159 1.20258e-05 5.77189e-07
 2.14591e-27 2.17487e-27 6.84608e-27 1.59832e-21 9.50584e-17 1.29975e-12 4.0858e-09 2.95282e-06 0.000490606 0.0187408 0.164583 0.332297 0.154768 0.0304367 0.0857577 0.120203 0.0444459 0.0230515 0.0170928 0.00557222 0.00196974 0.000495071 8.38056e-05 8.13929e-06 3.84699e-07
#obs surv len freq
 8.70204e-40 4.25905e-33 4.79235e-27 1.23973e-21 7.37317e-17 1.00815e-12 3.16912e-09 2.29033e-06 0.000380541 0.0145362 0.127657 0.257747 0.120369 0.0322241 0.119138 0.167533 0.064863 0.0425924 0.0332583 0.0124565 0.0052631 0.00158467 0.000345848 4.60997e-05 3.13961e-06
 1.03866e-39 5.08352e-33 5.72006e-27 1.47972e-21 8.80048e-17 1.20331e-12 3.7826e-09 2.73369e-06 0.000454207 0.0173501 0.152369 0.307639 0.143376 0.0306243 0.0943346 0.132446 0.0508132 0.0319984 0.0247297 0.00893323 0.00362143 0.00105424 0.000223372 2.90744e-05 1.92199e-06
 9.71092e-40 4.75282e-33 5.34795e-27 1.38346e-21 8.22798e-17 1.12503e-12 3.53653e-09 2.55586e-06 0.00042466 0.0162215 0.142457 0.287628 0.134207 0.032827 0.113813 0.159702 0.0577473 0.0259842 0.0189467 0.00660258 0.0025608 0.000713367 0.000144045 1.80691e-05 1.16083e-06
 1.04961e-39 5.13713e-33 5.78038e-27 1.49533e-21 8.89329e-17 1.216e-12 3.82249e-09 2.76252e-06 0.000458997 0.0175331 0.153976 0.310884 0.144903 0.0313632 0.0978681 0.137307 0.0509518 0.0269566 0.019774 0.00572029 0.00174988 0.000454138 8.66584e-05 1.03122e-05 6.34554e-07
 9.86685e-40 4.82914e-33 5.43383e-27 1.40568e-21 8.3601e-17 1.14309e-12 3.59332e-09 2.5969e-06 0.000431479 0.0164819 0.144744 0.292246 0.136344 0.0328769 0.112726 0.158139 0.0568023 0.0243517 0.017336 0.00536129 0.0017187 0.000373705 5.75878e-05 6.23806e-06 3.62052e-07
 8.12356e-40 3.97592e-33 4.47377e-27 1.15732e-21 6.88303e-17 9.4113e-13 2.95845e-09 2.13808e-06 0.000355245 0.0135699 0.119171 0.240614 0.112545 0.0347857 0.13994 0.196619 0.0720357 0.0352897 0.0254641 0.00710235 0.00199065 0.000443536 6.57344e-05 5.8887e-06 2.92153e-07
 7.933e-40 3.88265e-33 4.36883e-27 1.13017e-21 6.72157e-17 9.19053e-13 2.88905e-09 2.08792e-06 0.000346911 0.0132516 0.116375 0.23497 0.10989 0.0335771 0.134264 0.18887 0.0727258 0.0465021 0.0351245 0.0103254 0.00305893 0.000625383 8.3917e-05 7.24898e-06 3.19896e-07
 1.32989e-39 6.50889e-33 7.3239e-27 1.89463e-21 1.1268e-16 1.5407e-12 4.84321e-09 3.5002e-06 0.000581563 0.0222149 0.195092 0.393894 0.183135 0.0274663 0.0490596 0.0684698 0.0261018 0.0159387 0.0121583 0.00408326 0.00144112 0.00031437 4.26252e-05 3.39584e-06 1.38592e-07
 1.10439e-39 5.40521e-33 6.08203e-27 1.57336e-21 9.35738e-17 1.27945e-12 4.02197e-09 2.90669e-06 0.00048295 0.0184481 0.162011 0.327107 0.152452 0.0326616 0.100904 0.141219 0.0473183 0.00959185 0.00530425 0.00171549 0.000605472 0.000149844 2.3702e-05 1.99895e-06 7.93877e-08
 6.38549e-40 3.12526e-33 3.51659e-27 9.09708e-22 5.41037e-17 7.39771e-13 2.32548e-09 1.68063e-06 0.000279239 0.0106666 0.0936737 0.189138 0.0888938 0.0387214 0.179481 0.252133 0.0886584 0.0319563 0.0210999 0.00450603 0.000641855 0.00012625 2.07242e-05 1.98948e-06 8.76684e-08
 1.23214e-39 6.03048e-33 6.7856e-27 1.75537e-21 1.04398e-16 1.42746e-12 4.48723e-09 3.24293e-06 0.000538818 0.0205821 0.180752 0.364944 0.169766 0.0278766 0.0602904 0.0845032 0.0345707 0.0280287 0.0214072 0.00539384 0.00115908 0.000170218 1.32995e-05 9.76414e-07 4.54672e-08
 1.17982e-39 5.77441e-33 6.49745e-27 1.68083e-21 9.99652e-17 1.36684e-12 4.29669e-09 3.10522e-06 0.000515937 0.0197081 0.173077 0.349448 0.162729 0.031274 0.0857 0.119834 0.040401 0.00903427 0.00536215 0.00199918 0.000757943 0.000141271 1.34743e-05 6.96484e-07 1.90857e-08
 8.82536e-40 4.3194e-33 4.86026e-27 1.2573e-21 7.47766e-17 1.02243e-12 3.21403e-09 2.32279e-06 0.000385934 0.0147422 0.129466 0.2614 0.122188 0.0356865 0.139174 0.195216 0.0671473 0.0194149 0.0120377 0.00261567 0.000414429 9.29936e-05 1.4483e-05 9.84549e-07 2.70691e-08
 9.24011e-40 4.52239e-33 5.08867e-27 1.31639e-21 7.82907e-17 1.07048e-12 3.36507e-09 2.43195e-06 0.000404071 0.015435 0.13555 0.273683 0.127776 0.0332684 0.120711 0.169518 0.0625339 0.0319171 0.0228015 0.00530771 0.000943346 0.000135216 1.17354e-05 9.13574e-07 3.56704e-08
 7.36126e-40 3.60282e-33 4.05396e-27 1.04872e-21 6.23713e-17 8.52815e-13 2.68083e-09 1.93744e-06 0.000321909 0.0122965 0.107988 0.218037 0.102161 0.0362234 0.155522 0.218522 0.078942 0.0352419 0.0251045 0.00725133 0.00202297 0.000335347 2.77406e-05 1.39669e-06 4.09858e-08
 1.1211e-39 5.48699e-33 6.17405e-27 1.59717e-21 9.49896e-17 1.29881e-12 4.08282e-09 2.95067e-06 0.000490257 0.0187272 0.164462 0.332055 0.154635 0.029862 0.0823229 0.115484 0.0444744 0.0284431 0.0213157 0.00582474 0.00154781 0.000312764 3.72999e-05 2.18103e-06 5.42723e-08
 8.72486e-40 4.27021e-33 4.80491e-27 1.24299e-21 7.3925e-17 1.01079e-12 3.17743e-09 2.29634e-06 0.000381539 0.0145743 0.127992 0.258424 0.120812 0.0356679 0.139957 0.196325 0.0675691 0.0197117 0.0127614 0.00412783 0.00138026 0.000278059 3.41507e-05 2.49088e-06 8.03568e-08
 9.59795e-40 4.69753e-33 5.28574e-27 1.36737e-21 8.13227e-17 1.11194e-12 3.49539e-09 2.52613e-06 0.00041972 0.0160328 0.1408 0.284282 0.13266 0.0328219 0.114791 0.161158 0.0593642 0.0300379 0.0214277 0.0050034 0.000964151 0.000203782 2.97229e-05 2.28324e-06 8.17658e-08
 1.01041e-39 4.94524e-33 5.56447e-27 1.43947e-21 8.5611e-17 1.17058e-12 3.67971e-09 2.65934e-06 0.000441852 0.0168782 0.148224 0.299272 0.139584 0.0326741 0.10937 0.153394 0.0549135 0.0229529 0.0161267 0.00463768 0.00128713 0.000217498 2.14374e-05 1.65093e-06 6.59919e-08
 8.65893e-40 4.23794e-33 4.7686e-27 1.23359e-21 7.33664e-17 1.00315e-12 3.15342e-09 2.27898e-06 0.000378656 0.0144642 0.127024 0.25647 0.119885 0.03504 0.136714 0.191896 0.067973 0.0261177 0.0178516 0.004726 0.00118976 0.000237166 2.84159e-05 1.79172e-06 5.77929e-08
 1.1169e-39 5.46646e-33 6.15095e-27 1.59119e-21 9.46341e-17 1.29395e-12 4.06754e-09 2.93962e-06 0.000488423 0.0186571 0.163847 0.330813 0.154092 0.0306946 0.0877801 0.123046 0.0453695 0.0231048 0.016644 0.00426687 0.000989617 0.000181927 2.12903e-05 1.53419e-06 5.12469e-08
 8.87798e-40 4.34515e-33 4.88924e-27 1.2648e-21 7.52224e-17 1.02853e-12 3.23319e-09 2.33663e-06 0.000388235 0.0148301 0.130238 0.262958 0.122896 0.0353479 0.136638 0.191671 0.06629 0.0203809 0.0132392 0.00381442 0.00108309 0.00019936 2.14707e-05 1.45342e-06 5.00424e-08
 1.00269e-39 4.90748e-33 5.52198e-27 1.42848e-21 8.49573e-17 1.16164e-12 3.65162e-09 2.63903e-06 0.000438479 0.0167493 0.147093 0.296987 0.138512 0.0322502 0.107472 0.150829 0.0555551 0.0281003 0.0200797 0.00477918 0.00094777 0.000180909 2.25828e-05 1.53573e-06 4.95915e-08
 1.03176e-39 5.04975e-33 5.68206e-27 1.4699e-21 8.74202e-17 1.19531e-12 3.75748e-09 2.71554e-06 0.00045119 0.0172349 0.151357 0.305596 0.142504 0.0325777 0.106876 0.14984 0.0531455 0.0206533 0.0142826 0.00411327 0.00114855 0.000196926 1.91324e-05 1.30993e-06 4.56521e-08
 8.74143e-40 4.27832e-33 4.81404e-27 1.24535e-21 7.40654e-17 1.01271e-12 3.18347e-09 2.3007e-06 0.000382264 0.014602 0.128235 0.258914 0.121015 0.0350314 0.135924 0.190765 0.0673389 0.0251267 0.0170084 0.004378 0.00104416 0.000206508 2.49314e-05 1.57215e-06 4.78743e-08
 9.25801e-40 4.53116e-33 5.09853e-27 1.31894e-21 7.84424e-17 1.07256e-12 3.37159e-09 2.43666e-06 0.000404854 0.0154649 0.135813 0.274214 0.128021 0.0332413 0.120386 0.16905 0.0622294 0.0313741 0.0225399 0.00571525 0.00128872 0.000229256 2.56952e-05 1.83118e-06 6.12123e-08
 9.70169e-40 4.74831e-33 5.34287e-27 1.38215e-21 8.22016e-17 1.12396e-12 3.53317e-09 2.55343e-06 0.000424256 0.016206 0.142321 0.287354 0.134088 0.0330351 0.115166 0.161602 0.0583414 0.0259263 0.0184399 0.00529993 0.00149116 0.000270767 2.82568e-05 1.83844e-06 6.1396e-08
 1.13314e-39 5.54592e-33 6.24036e-27 1.61432e-21 9.60097e-17 1.31276e-12 4.12667e-09 2.98235e-06 0.000495522 0.0189283 0.166229 0.335621 0.156328 0.0310493 0.0884958 0.123945 0.0441875 0.0178847 0.0123964 0.00335605 0.000879247 0.000177219 2.18961e-05 1.45716e-06 4.54659e-08
 1.13314e-39 5.54592e-33 6.24036e-27 1.61432e-21 9.60097e-17 1.31276e-12 4.12667e-09 2.98235e-06 0.000495522 0.0189283 0.166229 0.335621 0.156328 0.0310493 0.0884958 0.123945 0.0441875 0.0178847 0.0123964 0.00335605 0.000879247 0.000177219 2.18961e-05 1.45716e-06 4.54659e-08
#pred catch len freq
 2.13926e-27 2.15704e-27 4.90313e-27 9.39228e-22 5.58594e-17 7.63778e-13 2.40095e-09 1.73517e-06 0.000288296 0.0110127 0.0967142 0.195272 0.0913679 0.0290691 0.118699 0.167293 0.0689043 0.0576689 0.0504996 0.0313206 0.02428 0.0189045 0.017482 0.0150801 0.00614244
 2.13873e-27 2.15708e-27 4.97066e-27 9.62232e-22 5.72276e-17 7.82485e-13 2.45975e-09 1.77767e-06 0.000295357 0.0112824 0.099083 0.200056 0.0937492 0.0335908 0.144868 0.203916 0.0790835 0.052362 0.0414351 0.0171645 0.00944641 0.0055303 0.0039788 0.00297973 0.0011768
 2.13899e-27 2.15809e-27 5.10645e-27 1.00839e-21 5.9973e-17 8.20024e-13 2.57775e-09 1.86295e-06 0.000309527 0.0118237 0.103836 0.209653 0.0981485 0.0325949 0.135897 0.191476 0.0776448 0.0612035 0.0484242 0.0172345 0.0071184 0.0025792 0.0011615 0.000656785 0.000236459
 2.13884e-27 2.15779e-27 5.07654e-27 9.98246e-22 5.93695e-17 8.11772e-13 2.55181e-09 1.8442e-06 0.000306412 0.0117047 0.102791 0.207543 0.0971882 0.0329947 0.138974 0.195739 0.0781207 0.0581602 0.0465677 0.0186559 0.00812285 0.00231216 0.000582683 0.000182503 5.19846e-05
 2.13925e-27 2.1588e-27 5.18453e-27 1.03489e-21 6.15485e-17 8.41567e-13 2.64548e-09 1.91189e-06 0.000317658 0.0121343 0.106564 0.21516 0.100695 0.0325994 0.134265 0.189115 0.0759892 0.0580014 0.0462998 0.0179414 0.00787469 0.00242038 0.000522727 8.43949e-05 1.35562e-05
 2.13805e-27 2.15583e-27 4.86793e-27 9.27473e-22 5.51603e-17 7.54219e-13 2.3709e-09 1.71345e-06 0.000284688 0.0108749 0.0955038 0.19283 0.0904211 0.0339294 0.149115 0.210003 0.0827661 0.0586329 0.0464932 0.0181751 0.00795448 0.00240868 0.000528551 7.14e-05 6.07406e-06
 2.1368e-27 2.15285e-27 4.56322e-27 8.24165e-22 4.90162e-17 6.70209e-13 2.10681e-09 1.5226e-06 0.000252978 0.00966357 0.084866 0.171353 0.08049 0.0338859 0.155322 0.218954 0.0886783 0.0696134 0.0552624 0.0201817 0.0083426 0.00250965 0.000545553 7.19365e-05 4.95221e-06
 2.14033e-27 2.16151e-27 5.47752e-27 1.1343e-21 6.74612e-17 9.22412e-13 2.89961e-09 2.09556e-06 0.000348174 0.0133 0.116801 0.235828 0.110194 0.0311141 0.118968 0.167641 0.0695973 0.0594117 0.0479096 0.018393 0.0077744 0.00219828 0.000454681 5.89519e-05 3.88582e-06
 2.14364e-27 2.16938e-27 6.27784e-27 1.40562e-21 8.35978e-17 1.14305e-12 3.5932e-09 2.59681e-06 0.000431457 0.0164814 0.14474 0.292236 0.136282 0.0313671 0.103512 0.145356 0.0549841 0.0323646 0.0252915 0.0104601 0.00475793 0.00140703 0.000288808 3.5545e-05 2.26206e-06
 2.13847e-27 2.15663e-27 4.91912e-27 9.44678e-22 5.61836e-17 7.6821e-13 2.41488e-09 1.74524e-06 0.000289969 0.0110766 0.0972755 0.196408 0.0921724 0.0365222 0.163865 0.230377 0.0843636 0.0412602 0.0304223 0.0103132 0.00405061 0.00128005 0.000283775 3.56233e-05 2.20001e-06
 2.13886e-27 2.15785e-27 5.08494e-27 1.00111e-21 5.95395e-17 8.14097e-13 2.55912e-09 1.84949e-06 0.000307289 0.0117382 0.103086 0.208138 0.0974505 0.0326635 0.136774 0.192789 0.0792748 0.0654511 0.0509087 0.0151326 0.00476875 0.00123072 0.000250565 3.32408e-05 2.13341e-06
 2.14294e-27 2.16768e-27 6.09946e-27 1.34513e-21 7.99998e-17 1.09385e-12 3.43855e-09 2.48505e-06 0.000412887 0.015772 0.138511 0.279659 0.130479 0.0316794 0.109209 0.153456 0.0588149 0.0368826 0.0287235 0.0109155 0.00433211 0.000979284 0.000153127 1.73132e-05 1.09746e-06
 2.14022e-27 2.16092e-27 5.3746e-27 1.09919e-21 6.53731e-17 8.93861e-13 2.80986e-09 2.0307e-06 0.000337397 0.0128883 0.113186 0.22853 0.106964 0.0349337 0.144486 0.203064 0.0747744 0.0378501 0.0281571 0.00974489 0.00380086 0.00107128 0.000190753 1.81601e-05 9.42257e-07
 2.13861e-27 2.15711e-27 4.99042e-27 9.68965e-22 5.7628e-17 7.87961e-13 2.47696e-09 1.79011e-06 0.000297424 0.0113614 0.0997764 0.201456 0.0944264 0.0343883 0.149317 0.210223 0.0820713 0.0557759 0.0425617 0.0128603 0.00416797 0.00108468 0.000206288 2.27966e-05 1.15009e-06
 2.13841e-27 2.15667e-27 4.94849e-27 9.54762e-22 5.67833e-17 7.7641e-13 2.44066e-09 1.76387e-06 0.000293064 0.0111949 0.0983138 0.198504 0.0930546 0.0342115 0.149128 0.20998 0.0822775 0.0568437 0.0441478 0.0151106 0.0054686 0.00124842 0.00019978 2.1668e-05 1.19542e-06
 2.14016e-27 2.16089e-27 5.38723e-27 1.10355e-21 6.56324e-17 8.97406e-13 2.82101e-09 2.03875e-06 0.000338735 0.0129395 0.113635 0.229436 0.107328 0.0334886 0.135391 0.190489 0.0736461 0.0480093 0.0369367 0.0124465 0.0045613 0.00114595 0.000187806 1.7798e-05 9.01484e-07
 2.14104e-27 2.16298e-27 5.59641e-27 1.17445e-21 6.98492e-17 9.55064e-13 3.00226e-09 2.16974e-06 0.000360499 0.0137708 0.120936 0.244177 0.114154 0.0337888 0.132781 0.186643 0.0700363 0.0394497 0.0296592 0.00974523 0.00346557 0.000867208 0.000148528 1.48058e-05 7.11777e-07
 2.1394e-27 2.15895e-27 5.16996e-27 1.02979e-21 6.12458e-17 8.37426e-13 2.63246e-09 1.90249e-06 0.000316095 0.0120746 0.10604 0.214103 0.100302 0.0351607 0.15022 0.211252 0.0791091 0.0440544 0.032837 0.0101888 0.00336866 0.000819264 0.000138006 1.4031e-05 7.01528e-07
 2.14001e-27 2.16049e-27 5.33957e-27 1.08736e-21 6.46694e-17 8.84239e-13 2.77962e-09 2.00884e-06 0.000333765 0.0127496 0.111968 0.22607 0.105792 0.0340146 0.139617 0.196411 0.0753044 0.0472044 0.0356372 0.0106869 0.00332543 0.000753853 0.000117814 1.16047e-05 5.81165e-07
 2.13952e-27 2.1593e-27 5.21463e-27 1.04498e-21 6.2149e-17 8.49777e-13 2.67128e-09 1.93055e-06 0.000320757 0.0122527 0.107604 0.21726 0.101734 0.034413 0.144704 0.203569 0.077637 0.0474868 0.0361066 0.0118034 0.00405967 0.000902804 0.000131805 1.20212e-05 5.71167e-07
 2.14025e-27 2.1611e-27 5.40774e-27 1.1105e-21 6.60459e-17 9.0306e-13 2.83878e-09 2.05159e-06 0.000340869 0.013021 0.114351 0.230882 0.107998 0.0335239 0.135171 0.190171 0.0734452 0.0476351 0.0364397 0.0117841 0.00408579 0.000982575 0.000153534 1.35794e-05 6.00927e-07
 2.14049e-27 2.16164e-27 5.45941e-27 1.128e-21 6.70866e-17 9.1729e-13 2.88351e-09 2.08392e-06 0.000346241 0.0132262 0.116153 0.23452 0.109693 0.0338834 0.136269 0.19162 0.072613 0.0430399 0.0326718 0.0109246 0.00392297 0.000946486 0.000153279 1.45045e-05 6.54259e-07
 2.13953e-27 2.15931e-27 5.21288e-27 1.04438e-21 6.21132e-17 8.49287e-13 2.66974e-09 1.92943e-06 0.000320572 0.0122456 0.107542 0.217135 0.101682 0.0345813 0.145769 0.205045 0.0778221 0.0464733 0.0351203 0.0112448 0.00387918 0.000960848 0.000160647 1.56075e-05 7.38577e-07
 2.14055e-27 2.16184e-27 5.48516e-27 1.13676e-21 6.76076e-17 9.24413e-13 2.90591e-09 2.10011e-06 0.00034893 0.0133289 0.117055 0.236341 0.110513 0.0332956 0.132132 0.185884 0.071894 0.0469284 0.0358681 0.011437 0.00388172 0.000923645 0.000151044 1.50262e-05 7.33155e-07
 2.13965e-27 2.15959e-27 5.24099e-27 1.05391e-21 6.26798e-17 8.57035e-13 2.6941e-09 1.94703e-06 0.000323497 0.0123574 0.108523 0.219116 0.1026 0.0346519 0.145603 0.204773 0.0771874 0.0445336 0.0337131 0.0113642 0.0041031 0.000977131 0.000155743 1.50409e-05 7.34355e-07
 2.13896e-27 2.15795e-27 5.07415e-27 9.97344e-22 5.93158e-17 8.11038e-13 2.54951e-09 1.84254e-06 0.000306135 0.0116941 0.102699 0.207356 0.0971621 0.0346044 0.148858 0.209482 0.080531 0.0511278 0.0388317 0.0121102 0.00405055 0.00100236 0.000166912 1.60168e-05 7.62589e-07
 2.13944e-27 2.15914e-27 5.20384e-27 1.04135e-21 6.19333e-17 8.46828e-13 2.66201e-09 1.92384e-06 0.000319644 0.0122102 0.10723 0.216506 0.101365 0.0338769 0.141659 0.199373 0.0774729 0.0516352 0.0396845 0.0129536 0.00448617 0.00104263 0.000165992 1.63856e-05 7.9356e-07
 2.14063e-27 2.16203e-27 5.50464e-27 1.14337e-21 6.80005e-17 9.29785e-13 2.92279e-09 2.11231e-06 0.000350957 0.0134063 0.117735 0.237714 0.111149 0.0333257 0.131902 0.185529 0.0713347 0.0453559 0.0348219 0.0118198 0.00432069 0.00104874 0.000168008 1.58685e-05 7.61066e-07
 2.14587e-27 2.17477e-27 6.83441e-27 1.59436e-21 9.48225e-17 1.29653e-12 4.07566e-09 2.94549e-06 0.000489389 0.0186943 0.164174 0.331473 0.154394 0.0306196 0.0871225 0.122104 0.044803 0.02218 0.0162993 0.00526106 0.00183757 0.000459724 7.75596e-05 7.52083e-06 3.5518e-07
#obs catch len freq
 4.10194e-40 2.00761e-33 2.259e-27 5.84382e-22 3.47554e-17 4.75217e-13 1.49385e-09 1.07961e-06 0.000179378 0.00685202 0.0601745 0.121502 0.05752 0.0359261 0.1828 0.257722 0.102793 0.0763089 0.0607072 0.0234354 0.0101806 0.00310522 0.000690937 9.49113e-05 6.71645e-06
 4.24226e-40 2.07629e-33 2.33627e-27 6.04372e-22 3.59443e-17 4.91473e-13 1.54495e-09 1.11654e-06 0.000185514 0.00708641 0.0622329 0.125659 0.0594558 0.0363087 0.183884 0.259167 0.102222 0.072613 0.0572428 0.0214654 0.00907246 0.00272686 0.000593887 7.90299e-05 5.37554e-06
 5.7717e-40 2.82484e-33 3.17856e-27 8.22264e-22 4.89031e-17 6.68662e-13 2.10194e-09 1.51908e-06 0.000252397 0.00964124 0.0846694 0.170957 0.0803567 0.0352037 0.163486 0.230252 0.0898455 0.061018 0.04761 0.0172128 0.00697826 0.00202775 0.000428704 5.57057e-05 3.67781e-06
 5.2096e-40 2.54974e-33 2.86901e-27 7.42185e-22 4.41405e-17 6.03542e-13 1.89724e-09 1.37114e-06 0.000227816 0.0087023 0.0764236 0.15431 0.0727807 0.0384122 0.18809 0.264546 0.096718 0.046828 0.0346121 0.0120694 0.00468018 0.00130134 0.000262175 3.28298e-05 2.10637e-06
 6.02569e-40 2.94916e-33 3.31844e-27 8.58449e-22 5.10552e-17 6.98087e-13 2.19444e-09 1.58593e-06 0.000263504 0.0100655 0.0883954 0.17848 0.0838873 0.0366055 0.169777 0.238882 0.0897592 0.0508729 0.0377131 0.0109117 0.00333598 0.00086408 0.000164494 1.9539e-05 1.20069e-06
 5.45781e-40 2.67122e-33 3.0057e-27 7.77546e-22 4.62436e-17 6.32297e-13 1.98763e-09 1.43647e-06 0.000238671 0.00911692 0.0800648 0.161661 0.0761863 0.0385944 0.186987 0.262928 0.0953413 0.0436967 0.0315176 0.009748 0.00312308 0.000677934 0.000104192 1.12638e-05 6.52821e-07
 4.06327e-40 1.98869e-33 2.23771e-27 5.78873e-22 3.44278e-17 4.70738e-13 1.47977e-09 1.06943e-06 0.000177688 0.00678743 0.0596073 0.120359 0.0571329 0.0397071 0.206228 0.290229 0.107442 0.0560477 0.0408698 0.0113966 0.00319052 0.00070955 0.000104909 9.38004e-06 4.64605e-07
 3.95798e-40 1.93716e-33 2.17972e-27 5.63873e-22 3.35356e-17 4.58539e-13 1.44142e-09 1.04172e-06 0.000173083 0.00661155 0.0580627 0.117239 0.055612 0.0376045 0.194333 0.273844 0.106854 0.0724459 0.0551155 0.0161923 0.00479023 0.000977606 0.000130831 1.12795e-05 4.97026e-07
 9.80558e-40 4.79915e-33 5.40008e-27 1.39695e-21 8.30819e-17 1.13599e-12 3.57101e-09 2.58078e-06 0.000428799 0.0163796 0.143846 0.290431 0.135444 0.031258 0.10339 0.145261 0.0560516 0.0362234 0.027834 0.009339 0.00329091 0.000716571 9.69177e-05 7.7067e-06 3.14038e-07
 6.93535e-40 3.39437e-33 3.8194e-27 9.88044e-22 5.87627e-17 8.03473e-13 2.52572e-09 1.82535e-06 0.000303284 0.0115851 0.10174 0.205423 0.096446 0.0393324 0.178302 0.250188 0.0840585 0.0178029 0.0100795 0.0032576 0.00114728 0.000283293 4.47035e-05 3.76374e-06 1.49261e-07
 3.03246e-40 1.48418e-33 1.67002e-27 4.32018e-22 2.56937e-17 3.51316e-13 1.10436e-09 7.98126e-07 0.00013261 0.00506552 0.0444854 0.0898291 0.0431582 0.0434306 0.238161 0.334885 0.118442 0.0448837 0.0299997 0.00640523 0.000909927 0.000178426 2.92091e-05 2.79898e-06 1.23181e-07
 8.54092e-40 4.18019e-33 4.70361e-27 1.21678e-21 7.23665e-17 9.89481e-13 3.11044e-09 2.24792e-06 0.000373495 0.014267 0.125293 0.252974 0.118127 0.0312663 0.114731 0.161624 0.0670501 0.0569157 0.0436572 0.0109886 0.00235526 0.000345404 2.69041e-05 1.96888e-06 9.15352e-08
 7.92689e-40 3.87966e-33 4.36546e-27 1.1293e-21 6.71638e-17 9.18344e-13 2.88682e-09 2.08631e-06 0.000346644 0.0132414 0.116286 0.23479 0.109952 0.0374365 0.157877 0.221469 0.0748774 0.0174483 0.0105547 0.00392901 0.00148653 0.000276653 2.63222e-05 1.35804e-06 3.71357e-08
 4.87344e-40 2.38521e-33 2.68388e-27 6.94294e-22 4.12923e-17 5.64597e-13 1.77482e-09 1.28266e-06 0.000213116 0.00814077 0.0714923 0.144355 0.0683015 0.0416991 0.211156 0.29664 0.10245 0.0309819 0.0194915 0.00423398 0.00066861 0.000149542 2.32412e-05 1.57785e-06 4.33245e-08
 5.20596e-40 2.54796e-33 2.867e-27 7.41667e-22 4.41097e-17 6.03121e-13 1.89592e-09 1.37018e-06 0.000227658 0.00869623 0.0763703 0.154202 0.0727254 0.0382648 0.187224 0.263438 0.0979905 0.0524843 0.0377848 0.00878926 0.00155796 0.000222934 1.92845e-05 1.49708e-06 5.83862e-08
 3.71816e-40 1.81978e-33 2.04765e-27 5.29707e-22 3.15037e-17 4.30756e-13 1.35408e-09 9.786e-07 0.000162596 0.00621095 0.0545445 0.110137 0.052452 0.0408931 0.216549 0.304652 0.110841 0.0519292 0.0373245 0.0107671 0.00299657 0.000496035 4.09304e-05 2.05614e-06 6.02096e-08
 7.18968e-40 3.51885e-33 3.95946e-27 1.02428e-21 6.09175e-17 8.32937e-13 2.61834e-09 1.89228e-06 0.000314406 0.0120099 0.105471 0.212954 0.0997351 0.0341994 0.144698 0.203674 0.0792718 0.0531365 0.04005 0.0109299 0.00289617 0.000583964 6.94757e-05 4.05629e-06 1.00788e-07
 4.81927e-40 2.3587e-33 2.65404e-27 6.86576e-22 4.08332e-17 5.58321e-13 1.75509e-09 1.2684e-06 0.000210747 0.00805027 0.0706975 0.14275 0.0675526 0.0415109 0.21049 0.29571 0.102177 0.0311241 0.0204279 0.00659694 0.00220014 0.00044235 5.41747e-05 3.94388e-06 1.27072e-07
 5.53004e-40 2.70657e-33 3.04548e-27 7.87837e-22 4.68556e-17 6.40666e-13 2.01394e-09 1.45548e-06 0.00024183 0.00923758 0.0811245 0.163801 0.0771488 0.0378883 0.182032 0.256099 0.0951156 0.0505045 0.0363091 0.00847199 0.00162747 0.00034303 4.99085e-05 3.82724e-06 1.36858e-07
 6.03665e-40 2.95452e-33 3.32448e-27 8.60011e-22 5.11481e-17 6.99357e-13 2.19844e-09 1.58881e-06 0.000263984 0.0100838 0.0885563 0.178805 0.0840952 0.0381393 0.179042 0.251677 0.0906786 0.039728 0.0281781 0.00809259 0.00224032 0.000377963 3.71357e-05 2.85264e-06 1.13868e-07
 4.73203e-40 2.316e-33 2.606e-27 6.74148e-22 4.00941e-17 5.48214e-13 1.72332e-09 1.24545e-06 0.000206932 0.00790456 0.0694178 0.140166 0.0663192 0.0404766 0.204956 0.288137 0.102659 0.0413352 0.0285506 0.0075502 0.00189524 0.000376963 4.50542e-05 2.83572e-06 9.12975e-08
 7.14371e-40 3.49635e-33 3.93415e-27 1.01773e-21 6.05281e-17 8.27612e-13 2.60161e-09 1.88019e-06 0.000312396 0.0119331 0.104797 0.211593 0.0991623 0.035702 0.154281 0.216937 0.0806525 0.0430962 0.0312842 0.00801181 0.001853 0.000339933 3.96681e-05 2.85287e-06 9.51651e-08
 4.90207e-40 2.39922e-33 2.69965e-27 6.98373e-22 4.15349e-17 5.67914e-13 1.78524e-09 1.2902e-06 0.000214368 0.0081886 0.0719123 0.145203 0.0686762 0.0412377 0.208083 0.292358 0.101567 0.0327055 0.0215392 0.00619872 0.00175572 0.000322588 3.46459e-05 2.34033e-06 8.04521e-08
 5.92359e-40 2.89919e-33 3.26221e-27 8.43903e-22 5.01901e-17 6.86258e-13 2.15726e-09 1.55906e-06 0.000259039 0.00989497 0.0868976 0.175456 0.0825179 0.0373652 0.175326 0.246635 0.0916045 0.0486582 0.0350457 0.00833489 0.00164817 0.000313846 3.90767e-05 2.65268e-06 8.55258e-08
 6.24768e-40 3.0578e-33 3.44069e-27 8.90074e-22 5.2936e-17 7.23805e-13 2.27529e-09 1.64435e-06 0.000273212 0.0104363 0.0916519 0.185055 0.0869872 0.0382041 0.177553 0.249513 0.0890231 0.0362622 0.0253376 0.00728757 0.00202979 0.00034746 3.36579e-05 2.29901e-06 8.00052e-08
 4.79939e-40 2.34897e-33 2.6431e-27 6.83745e-22 4.06649e-17 5.56018e-13 1.74785e-09 1.26317e-06 0.000209878 0.00801708 0.070406 0.142161 0.0672446 0.0405565 0.204842 0.287949 0.102217 0.0399674 0.0273501 0.00703301 0.00167247 0.000330027 3.97447e-05 2.50192e-06 7.60572e-08
 5.22354e-40 2.55656e-33 2.87668e-27 7.44171e-22 4.42586e-17 6.05157e-13 1.90232e-09 1.37481e-06 0.000228426 0.00872559 0.0766281 0.154723 0.072965 0.0382374 0.186899 0.262965 0.0975944 0.0516297 0.0373815 0.00946913 0.00212926 0.000378014 4.22459e-05 3.00451e-06 1.00298e-07
 5.67372e-40 2.77689e-33 3.12461e-27 8.08306e-22 4.8073e-17 6.57311e-13 2.06626e-09 1.49329e-06 0.000248113 0.00947758 0.0832321 0.168056 0.0791319 0.0383058 0.183298 0.257739 0.0936743 0.0435786 0.0312606 0.00897169 0.00251724 0.000456247 4.74801e-05 3.0825e-06 1.02773e-07
 1.06539e-39 5.21433e-33 5.86725e-27 1.5178e-21 9.02693e-17 1.23427e-12 3.87994e-09 2.80404e-06 0.000465895 0.0177966 0.15629 0.315555 0.147091 0.0320947 0.100925 0.141455 0.0502346 0.0197135 0.0135627 0.00365114 0.000946789 0.000189982 2.3381e-05 1.55219e-06 4.83354e-08
#spawning biomass
 4478.22 3201.61 3543.39 4330.68 5423.37 6610.01 6627.49 5605.41 6854.06 13897.7 16978.4 13981 24928.3 33581.3 30184.9 22561.7 20981.4 24718.4 21469.6 22237.5 22531.1 23952.6 27246.5 27789.7 30863.3 30380 27085.1 26809.1 27703.2 11439 47509.5 75863.6 66119.9 52694.8 43566.7 38179.9 35199.1 33611.4 32786.2 32364.3 32150.9 32043.7 31990.2 31963.6 31950.3 31943.8 31940.5 31938.9 31938.2 31937.8 31937.6 31937.5 31937.4 31937.4 31937.4 31937.4 31937.4 31937.4 31937.4 31937.4 31937.4 31937.4 31937.4 31937.4 31937.4 31937.4 31937.4 31937.4 31937.4 31937.4 31937.4 31937.4 31937.4 31937.4 31937.4 31937.4 31937.4 31937.4 31937.4 31937.4 31937.4 31937.4 31937.4 31937.4 31937.4 31937.4 31937.4 31937.4 31937.4 31937.4 31937.4 31937.4 31937.4 31937.4 31937.4 31937.4 31937.4 31937.4 31937.4 31937.4 31937.4 31937.4 31937.4 31937.4 31937.4 31937.4 31937.4 31937.4 31937.4 31937.4 31937.4 31937.4 31937.4 31937.4 31937.4 31937.4 31937.4 31937.4 31937.4 31937.4 31937.4 31937.4 31937.4 31937.4 31937.4 31937.4 31937.4 31937.4 31937.4 0 0 0 0 0 0 0 0 0 0 0 0 0 0 0 0 0 0 0 0 0 0 0 0 0
