SBPRF35
0.256306
Curr Bio
262274
B35
434495
F35
0.394089
FOFL
0.204785
OFL
55166.3
Bzero
73230.3
#pred survey bio
 78762.7 74088.5 57235.2 46807.1 76834.7 121370 189755 255572 339260 376640 391199 377880 389442 419968 432324 417010 404052 387429 420106 442441 432594 446208 436578 492450 476366 431325 455162 440239 1.43144e+07 7.95193e+06 5.75795e+06 3.797e+06 2.48468e+06 1.70869e+06 1.27679e+06 1.04269e+06 916394 847520 809155 787187 774224 766349 761437 758300 756277 754955 754081 753500 753112 752851 752675 752557 752477 752423 752387 752362 752346 752334 752327 752322 752318 752316 752314 752313 752312 752312 752312 752311 752311 752311 752311 752311 752311 752311 752311 752311 752311 752311 752311 752311 752311 752311 752311 752311 752311 752311 752311 752311 752311 752311 752311 752311 752311 752311 752311 752311 752311 752311 752311 752311 752311 752311 752311 752311 752311 752311 752311 752311 752311 752311 752311 752311 752311 752311 752311 752311 752311 752311 752311 752311 752311 752311 752311 752311 752311 752311 752311 752311 0 0 0 0 0 0 0 0 0 0 0 0 0 0 0 0 0 0 0 0 0 0 0 0 0
#obs survey bio
 66626.8 63881.1 28428.6 79994.7 87559.1 148127 216808 223278 326551 361654 380340 382760 480158 606785 395564 486415 487520 459372 291410 324686 416513 545228 539380 461398 450245 513028 351913 427600
#pred catch bio
 11328.4 13729 12818.2 8999.4 17447.7 27917.8 55982.2 72643.3 115782 137099 169809 167872 162785 178071 202177 199026 188524 148453 170345 202098 187011 202718 166444 216728 229536 191321 222693 229445 55166.3 98218.2 69963.2 44221.4 27537.9 18119.5 13187.9 10722 9524.85 8955.02 8687.34 8562.72 8505.06 8478.49 8466.28 8460.68 8458.13 8456.96 8456.43 8456.19 8456.08 8456.02 8456 8455.99 8455.99 8455.98 8455.98 8455.98 8455.98 8455.98 8455.98 8455.98 8455.98 8455.98 8455.98 8455.98 8455.98 8455.98 8455.98 8455.98 8455.98 8455.98 8455.98 8455.98 8455.98 8455.98 8455.98 8455.98 8455.98 8455.98 8455.98 8455.98 8455.98 8455.98 8455.98 8455.98 8455.98 8455.98 8455.98 8455.98 8455.98 8455.98 8455.98 8455.98 8455.98 8455.98 8455.98 8455.98 8455.98 8455.98 8455.98 8455.98 8455.98 8455.98 8455.98 8455.98 8455.98 8455.98 8455.98 8455.98 8455.98 8455.98 8455.98 8455.98 8455.98 8455.98 8455.98 8455.98 8455.98 8455.98 8455.98 8455.98 8455.98 8455.98 8455.98 8455.98 8455.98 8455.98 8455.98 8455.98 0 0 0 0 0 0 0 0 0 0 0 0 0 0 0 0 0 0 0 0 0 0 0 0 0
#obs catch bio
 12414 14399.8 14411.9 9168 17934.6 27176.3 53753.6 71023.8 113612 132549 171987 164740 158122 173134 196968 190569 184376 136297 162921 211580 185054 199516 160494 221698 227251 191431 237939 230798
#pred cpue bio
 73470.5 71078.8 56193.1 44136.1 65629.1 105907 165983 224781 299643 336307 349828 333506 339955 368215 380832 364960 352466 340052 372145 390106 379114 391736 383320 433703 420871 378792 396617 382708 1.2372e+07 7.69007e+06 5.68197e+06 3.7407e+06 2.43006e+06 1.6542e+06 1.22231e+06 988216 861916 793042 754677 732709 719746 711871 706959 703822 701799 700477 699603 699022 698634 698373 698197 698079 697999 697945 697909 697884 697868 697856 697849 697844 697840 697838 697836 697835 697834 697834 697834 697833 697833 697833 697833 697833 697833 697833 697833 697833 697833 697833 697833 697833 697833 697833 697833 697833 697833 697833 697833 697833 697833 697833 697833 697833 697833 697833 697833 697833 697833 697833 697833 697833 697833 697833 697833 697833 697833 697833 697833 697833 697833 697833 697833 697833 697833 697833 697833 697833 697833 697833 697833 697833 697833 697833 697833 697833 697833 697833 697833 697833 0 0 0 0 0 0 0 0 0 0 0 0 0 0 0 0 0 0 0 0 0 0 0 0 0
#obs cpue bio
 102982 48206.5 32223.3 58454.9 65675.7 146793 213215 208034 369888 390746 294055 395505 310326 278627 471210 387789 306941 492384 534808 339723 470990 371616 344020 369818 531718 278397 343041 467249
#pred surv len freq
 2.87472e-11 1.35213e-09 4.40381e-08 9.93169e-07 1.55098e-05 0.000167717 0.00125586 0.00651228 0.0233915 0.0582598 0.101023 0.123893 0.113727 0.0915412 0.0801008 0.0760585 0.0686596 0.0583621 0.0488071 0.0402878 0.0328411 0.026882 0.0217648 0.0162457 0.0102024
 1.61801e-11 7.61036e-10 2.47865e-08 5.58997e-07 8.72958e-06 9.43994e-05 0.000706898 0.00366631 0.013179 0.0329219 0.0577561 0.0739838 0.078034 0.0838631 0.0980327 0.106681 0.09999 0.0854943 0.0714276 0.0584579 0.0461649 0.0353 0.0260253 0.017765 0.0104471
 7.05306e-12 3.31742e-10 1.08046e-08 2.43672e-07 3.80531e-06 4.11501e-05 0.000308162 0.00159857 0.00575044 0.0144065 0.0255581 0.0340796 0.0402025 0.0517356 0.0713422 0.0916472 0.107172 0.116439 0.115077 0.101387 0.0809765 0.0601431 0.0416576 0.0262154 0.0142586
 3.17041e-11 1.49121e-09 4.85678e-08 1.09532e-06 1.7105e-05 0.000184966 0.001385 0.00718125 0.025785 0.0641291 0.110572 0.132647 0.112334 0.0711746 0.0413224 0.0324725 0.0378893 0.0498096 0.0616293 0.0672874 0.0634777 0.0515306 0.0361431 0.0218617 0.0111658
 4.73552e-11 2.22736e-09 7.25438e-08 1.63604e-06 2.55491e-05 0.000276277 0.00206872 0.0107264 0.0385151 0.095797 0.165223 0.198426 0.168633 0.107442 0.0601224 0.0363443 0.0236788 0.0156234 0.0125293 0.0133461 0.0148092 0.0142669 0.0112753 0.00719694 0.00367198
 3.89307e-11 1.83112e-09 5.96383e-08 1.34499e-06 2.1004e-05 0.000227129 0.00170073 0.00881896 0.0316743 0.0788632 0.136572 0.166644 0.150184 0.114657 0.0912513 0.0765819 0.0567229 0.0342847 0.0181322 0.0100076 0.00698677 0.00603146 0.00510658 0.00358184 0.00194885
 3.94756e-11 1.85674e-09 6.04729e-08 1.36381e-06 2.12979e-05 0.000230307 0.00172452 0.00894215 0.0321142 0.0799342 0.13826 0.167922 0.148871 0.108747 0.081689 0.0686512 0.0563188 0.0419073 0.0283755 0.0171029 0.00909378 0.00470378 0.00273964 0.00170808 0.000940526
 3.83347e-11 1.80308e-09 5.87252e-08 1.3244e-06 2.06824e-05 0.000223651 0.00167469 0.00868383 0.0311876 0.0776386 0.134364 0.163538 0.146097 0.109025 0.0845215 0.0718601 0.0579529 0.0421951 0.0291827 0.019335 0.0116468 0.00614298 0.00288114 0.00127712 0.000550087
 3.7735e-11 1.77488e-09 5.78065e-08 1.30368e-06 2.03589e-05 0.000220152 0.00164849 0.008548 0.0306999 0.0764263 0.132277 0.161054 0.144063 0.107936 0.0843503 0.0725026 0.0593682 0.044073 0.0309491 0.0207118 0.01277 0.00705006 0.00340642 0.00141647 0.000507604
 3.53962e-11 1.66487e-09 5.42237e-08 1.22288e-06 1.9097e-05 0.000206508 0.00154633 0.00801837 0.0287996 0.071713 0.12424 0.151835 0.137644 0.107005 0.0884259 0.0788754 0.0654392 0.0488396 0.0345623 0.0234339 0.0146964 0.00827992 0.00409181 0.00172409 0.000603478
 3.56516e-11 1.67688e-09 5.46149e-08 1.2317e-06 1.92348e-05 0.000207998 0.00155748 0.00807614 0.0290062 0.0722194 0.125061 0.152575 0.13748 0.105185 0.0851367 0.0755986 0.0638969 0.049461 0.0363978 0.0253534 0.0161689 0.00924777 0.00464968 0.00199401 0.000705977
 3.84894e-11 1.81036e-09 5.89622e-08 1.32974e-06 2.07659e-05 0.000224553 0.00168144 0.00871879 0.0313123 0.0779409 0.134831 0.163845 0.145533 0.106873 0.0808917 0.0681363 0.0558235 0.0422227 0.0307619 0.021686 0.0142193 0.00838302 0.00432203 0.0018905 0.000680305
 4.00194e-11 1.88232e-09 6.1306e-08 1.3826e-06 2.15913e-05 0.00023348 0.00174828 0.00906532 0.0325564 0.0810328 0.140147 0.170149 0.15062 0.109453 0.0811421 0.0666045 0.0527087 0.0378106 0.0259005 0.0174246 0.0111826 0.00660483 0.00346686 0.00155392 0.000572478
 3.86961e-11 1.82008e-09 5.92789e-08 1.33689e-06 2.08774e-05 0.00022576 0.00169048 0.0087657 0.0314817 0.078371 0.135633 0.165093 0.147513 0.110115 0.0853028 0.0721682 0.0574105 0.0406335 0.026979 0.0173115 0.0105107 0.00591202 0.00301611 0.00134413 0.000500128
 3.79232e-11 1.78373e-09 5.80948e-08 1.31018e-06 2.04604e-05 0.00022125 0.00165671 0.00859064 0.0308533 0.0768098 0.132953 0.161931 0.145021 0.109 0.0855207 0.0734476 0.0595887 0.0433824 0.0295982 0.0191389 0.0113963 0.00614996 0.00298423 0.00127363 0.000461288
 3.94035e-11 1.85335e-09 6.03624e-08 1.36132e-06 2.1259e-05 0.000229886 0.00172137 0.00892584 0.0320558 0.0797907 0.138025 0.167696 0.148851 0.109059 0.0820966 0.0684772 0.0550689 0.0402225 0.0277822 0.0183124 0.0111138 0.0060421 0.00289363 0.00119644 0.000416687
 3.97322e-11 1.86881e-09 6.08661e-08 1.37268e-06 2.14364e-05 0.000231804 0.00173574 0.00900032 0.0323234 0.0804577 0.139185 0.169135 0.150219 0.110217 0.0830141 0.0688463 0.0544426 0.0386232 0.0258478 0.0167376 0.0101605 0.00558547 0.00270604 0.00112177 0.000386408
 3.83632e-11 1.80442e-09 5.87688e-08 1.32538e-06 2.06978e-05 0.000223817 0.00167593 0.00869031 0.0312112 0.0777005 0.134493 0.163798 0.146657 0.11012 0.0861273 0.0734204 0.0586778 0.0416773 0.0276743 0.0175921 0.0104225 0.00561512 0.00269666 0.00111906 0.000386837
 3.68335e-11 1.73247e-09 5.64255e-08 1.27253e-06 1.98725e-05 0.000214893 0.00160911 0.00834386 0.0299677 0.0746121 0.129197 0.157587 0.141872 0.108222 0.0869408 0.0760721 0.062506 0.0461275 0.0319241 0.0208487 0.0124353 0.00664097 0.00313735 0.00128152 0.000438555
 3.82675e-11 1.79992e-09 5.86222e-08 1.32208e-06 2.06461e-05 0.000223259 0.00167175 0.00866856 0.0311323 0.0774969 0.13409 0.163072 0.14526 0.107557 0.0825314 0.0701996 0.0576199 0.0432833 0.0308794 0.020921 0.0129525 0.00712789 0.00341955 0.00139726 0.000473985
 3.9176e-11 1.84265e-09 6.00139e-08 1.35346e-06 2.11363e-05 0.000228559 0.00171144 0.00887433 0.0318711 0.0793332 0.137249 0.166829 0.148321 0.109162 0.0827209 0.0691305 0.055279 0.0399914 0.0275507 0.0184531 0.0115938 0.00657558 0.00326141 0.00136936 0.000472181
 3.85834e-11 1.81478e-09 5.91062e-08 1.33299e-06 2.08166e-05 0.000225102 0.00168556 0.00874017 0.0313899 0.0781417 0.135231 0.164577 0.146969 0.109551 0.0847356 0.0717998 0.0575206 0.0412686 0.0278781 0.0181416 0.0110759 0.00618386 0.00307948 0.0013182 0.000465952
 3.86132e-11 1.81618e-09 5.91518e-08 1.33402e-06 2.08326e-05 0.000225276 0.00168685 0.00874689 0.0314139 0.0782002 0.135324 0.16465 0.14691 0.109256 0.0842559 0.0714083 0.0575202 0.0416786 0.0284034 0.0184682 0.0111202 0.00606727 0.0029534 0.00124786 0.000441215
 3.81054e-11 1.79229e-09 5.83739e-08 1.31648e-06 2.05587e-05 0.000222313 0.00166467 0.00863188 0.0310011 0.0771755 0.133569 0.162605 0.145374 0.108738 0.0846708 0.0723624 0.0586921 0.0429233 0.029618 0.0195073 0.0118579 0.00648125 0.00312872 0.00130179 0.000453195
 3.74658e-11 1.76221e-09 5.73942e-08 1.29438e-06 2.02136e-05 0.000218582 0.00163673 0.00848706 0.0304815 0.0758867 0.131372 0.160087 0.14363 0.108506 0.0858169 0.0741255 0.0603374 0.0441741 0.0305469 0.0202274 0.0124033 0.00684646 0.00332839 0.00138616 0.000479829
 3.88134e-11 1.8256e-09 5.94585e-08 1.34094e-06 2.09407e-05 0.000226444 0.0016956 0.00879221 0.0315763 0.0786008 0.135992 0.165346 0.147156 0.108654 0.0828715 0.0698487 0.056496 0.0414663 0.0288095 0.0191445 0.0117739 0.00652821 0.00319451 0.00133959 0.000465877
 4.01595e-11 1.88891e-09 6.15207e-08 1.38744e-06 2.16669e-05 0.000234297 0.0017544 0.00909706 0.0326703 0.081316 0.140634 0.170728 0.151094 0.109723 0.0812755 0.0667454 0.0529398 0.0380442 0.0259049 0.0170306 0.0104644 0.00582454 0.0028648 0.00120793 0.000422456
 4.02039e-11 1.891e-09 6.15887e-08 1.38898e-06 2.16909e-05 0.000234556 0.00175634 0.00910715 0.0327069 0.0814104 0.14082 0.171061 0.151731 0.110887 0.0829109 0.0682218 0.053455 0.0373689 0.0245021 0.0155408 0.00929101 0.00508078 0.00247908 0.00104463 0.000366519
#obs surv len freq
 2.65033e-11 1.24659e-09 4.06006e-08 9.15646e-07 1.42991e-05 0.000154625 0.00115784 0.00600405 0.0215671 0.053726 0.0932323 0.114673 0.106351 0.0879419 0.0800063 0.0785677 0.0734383 0.0652382 0.0570628 0.0486925 0.0398344 0.0307558 0.0216537 0.0132391 0.00668841
 4.46016e-12 2.09785e-10 6.83256e-09 1.54092e-07 2.40642e-06 2.60242e-05 0.000194931 0.00101208 0.0036534 0.00927779 0.0173076 0.0269757 0.0432225 0.0732131 0.109159 0.128875 0.12407 0.108274 0.093283 0.0795348 0.0651655 0.0500639 0.0349245 0.0211602 0.0106042
 1.57233e-14 7.39563e-13 2.40889e-11 5.4343e-10 8.49663e-09 9.23167e-08 7.04284e-07 3.92026e-06 1.79118e-05 8.25841e-05 0.000405327 0.00176594 0.00598052 0.0155899 0.033288 0.0622606 0.102031 0.139495 0.155533 0.145812 0.121598 0.0931819 0.0646664 0.0389251 0.0193611
 5.2715e-11 2.47946e-09 8.07544e-08 1.82121e-06 2.84408e-05 0.000307546 0.00230284 0.01194 0.0428676 0.106572 0.18346 0.21869 0.180521 0.103246 0.0411747 0.0123775 0.0053539 0.00727572 0.0120763 0.0164202 0.0178022 0.0156806 0.0114636 0.00697667 0.00346185
 3.43638e-11 1.61631e-09 5.2642e-08 1.18721e-06 1.854e-05 0.000200485 0.00150125 0.00778496 0.0279666 0.0696897 0.121084 0.149615 0.140805 0.119778 0.109191 0.0972159 0.0693493 0.0363286 0.0148965 0.00740394 0.00690248 0.00733992 0.0063815 0.0043058 0.00224071
 4.08263e-11 1.92027e-09 6.2542e-08 1.41048e-06 2.20267e-05 0.000238187 0.00178352 0.00924795 0.0332108 0.0826456 0.142829 0.172904 0.15147 0.106875 0.0759769 0.0625103 0.053214 0.0421802 0.0295847 0.0172962 0.00844582 0.00417053 0.00262327 0.00177438 0.000995974
 3.90376e-11 1.83614e-09 5.98019e-08 1.34869e-06 2.10617e-05 0.000227752 0.0017054 0.00884304 0.0317595 0.0790615 0.136822 0.166511 0.148679 0.110727 0.0852822 0.0714117 0.0559262 0.0390201 0.0261466 0.0173667 0.0106391 0.00561104 0.00258518 0.00114408 0.000507623
 3.81584e-11 1.79479e-09 5.8455e-08 1.31831e-06 2.05873e-05 0.000222623 0.00166699 0.0086439 0.0310446 0.0772845 0.133766 0.162885 0.145755 0.109291 0.0854099 0.0730881 0.0590736 0.0427316 0.0288905 0.0185673 0.0110892 0.00602481 0.0029016 0.0012072 0.000433668
 3.62933e-11 1.70706e-09 5.55979e-08 1.25387e-06 1.9581e-05 0.000211742 0.00158552 0.00822154 0.0295289 0.0735243 0.127346 0.155482 0.14047 0.108175 0.0880959 0.0776359 0.0637182 0.0468255 0.0324205 0.0213947 0.0129925 0.00707135 0.00339177 0.00140136 0.000486045
 3.3167e-11 1.56002e-09 5.08087e-08 1.14587e-06 1.78944e-05 0.000193503 0.00144895 0.00751353 0.0269882 0.0672188 0.116567 0.142993 0.131353 0.105748 0.0918303 0.084707 0.0715676 0.054207 0.0387829 0.0263479 0.0164145 0.00914272 0.00446064 0.00185606 0.000640355
 3.6702e-11 1.72628e-09 5.62239e-08 1.26799e-06 1.98015e-05 0.000214125 0.00160336 0.00831396 0.0298593 0.0743315 0.128639 0.156568 0.139882 0.104524 0.081664 0.0711203 0.0603574 0.0476322 0.0359361 0.0255965 0.0165929 0.0095697 0.00480937 0.00204781 0.0007172
 3.88666e-11 1.8281e-09 5.95399e-08 1.34278e-06 2.09694e-05 0.000226754 0.00169792 0.00880424 0.0316194 0.0787059 0.13616 0.165483 0.147059 0.108097 0.0817635 0.0683155 0.0548482 0.040212 0.0285509 0.0200851 0.0134165 0.00810641 0.00426196 0.00188416 0.000679545
 4.01531e-11 1.88861e-09 6.15108e-08 1.38722e-06 2.16635e-05 0.00023426 0.00175412 0.00909562 0.0326654 0.0813046 0.140622 0.17075 0.151229 0.110051 0.0817417 0.0670693 0.0527935 0.0373883 0.0250728 0.0164597 0.0103726 0.00610365 0.00323892 0.00147734 0.000552904
 3.57566e-11 1.68182e-09 5.47758e-08 1.23533e-06 1.92915e-05 0.000208611 0.00156208 0.00810007 0.0290938 0.0724519 0.125564 0.153663 0.139959 0.1101 0.0921953 0.0819591 0.066025 0.0464536 0.0304275 0.0192254 0.0114821 0.0063512 0.00320159 0.0014233 0.00053306
 3.90693e-11 1.83763e-09 5.98504e-08 1.34978e-06 2.10787e-05 0.000227937 0.00170677 0.00885012 0.0317839 0.0791125 0.136844 0.166226 0.147442 0.107851 0.081159 0.0682142 0.0559851 0.0421642 0.0298501 0.019719 0.0117816 0.00630751 0.00302153 0.00127341 0.000457415
 3.91879e-11 1.84321e-09 6.00322e-08 1.35388e-06 2.11427e-05 0.000228629 0.00171196 0.00887706 0.0318813 0.0793615 0.137319 0.167012 0.148797 0.110148 0.0841375 0.0703626 0.0556011 0.0393007 0.026401 0.0174016 0.0108163 0.00604187 0.00293888 0.00121754 0.000421407
 3.98774e-11 1.87564e-09 6.10884e-08 1.3777e-06 2.15147e-05 0.000232652 0.00174208 0.0090332 0.0324416 0.0807508 0.139687 0.169722 0.150666 0.110388 0.0829588 0.068709 0.0543128 0.0384428 0.0255007 0.0162494 0.00971668 0.00532596 0.0026107 0.00110171 0.000384878
 3.62497e-11 1.70501e-09 5.55311e-08 1.25237e-06 1.95575e-05 0.000211487 0.00158361 0.00821171 0.0294943 0.0734441 0.127249 0.155561 0.141165 0.109972 0.090869 0.0802327 0.0647254 0.0458575 0.0302901 0.0191849 0.0113292 0.00607225 0.0029021 0.00120462 0.000419333
 3.78018e-11 1.77801e-09 5.79087e-08 1.30599e-06 2.03949e-05 0.000220542 0.00165141 0.0085631 0.0307541 0.076559 0.132494 0.161259 0.144059 0.10756 0.0837004 0.072017 0.0595 0.0447793 0.031678 0.0209771 0.0125782 0.00672209 0.00317156 0.00129288 0.00044196
 3.75218e-11 1.76484e-09 5.74798e-08 1.29631e-06 2.02438e-05 0.000218908 0.00163918 0.00849972 0.0305271 0.076 0.131568 0.160327 0.143843 0.108647 0.0858353 0.0739102 0.0598131 0.0435209 0.0301511 0.0202812 0.0127126 0.00711951 0.00345941 0.00142228 0.000483348
 3.8304e-11 1.80163e-09 5.8678e-08 1.32334e-06 2.06658e-05 0.000223472 0.00167334 0.00867684 0.0311625 0.0775749 0.134247 0.163364 0.145842 0.108639 0.0840384 0.0714876 0.0578843 0.0423287 0.0292725 0.0194383 0.0120401 0.00677738 0.00337517 0.00143273 0.000499539
 3.75134e-11 1.76445e-09 5.7467e-08 1.29603e-06 2.02393e-05 0.00021886 0.00163881 0.00849785 0.0305205 0.0759848 0.13155 0.160343 0.143983 0.109014 0.0864349 0.0745647 0.0602518 0.0435428 0.0297202 0.0195801 0.01207 0.00675977 0.0033591 0.00143533 0.000508581
 3.81446e-11 1.79414e-09 5.84339e-08 1.31783e-06 2.05798e-05 0.000222542 0.00166638 0.00864076 0.0310331 0.0772538 0.133699 0.162737 0.145409 0.108589 0.0843542 0.0720112 0.0584559 0.0428424 0.0296389 0.0195896 0.0119991 0.00665781 0.00328406 0.00139815 0.000495941
 3.65834e-11 1.72071e-09 5.60422e-08 1.26389e-06 1.97375e-05 0.000213434 0.00159819 0.00828723 0.0297648 0.0741104 0.128353 0.156675 0.141425 0.108636 0.0880609 0.0771514 0.0627908 0.0456018 0.0312741 0.0206726 0.0127454 0.00710723 0.00350271 0.00148379 0.000523591
 3.63544e-11 1.70994e-09 5.56915e-08 1.25599e-06 1.9614e-05 0.000212098 0.00158818 0.00823535 0.0295783 0.0736442 0.127534 0.155618 0.140295 0.107438 0.0868558 0.0764211 0.0631457 0.047037 0.0330755 0.0221314 0.0136579 0.00760662 0.00375236 0.00159208 0.000561699
 3.93483e-11 1.85075e-09 6.02778e-08 1.35942e-06 2.12293e-05 0.000229564 0.00171896 0.00891331 0.0320108 0.0796758 0.13781 0.16736 0.148314 0.108168 0.0808602 0.0672831 0.0544524 0.0404154 0.0286234 0.0194726 0.0122676 0.00694891 0.00345975 0.00147299 0.000520251
 3.85921e-11 1.81519e-09 5.91195e-08 1.33329e-06 2.08213e-05 0.000225153 0.00168593 0.00874215 0.0313973 0.0781618 0.135279 0.164697 0.147272 0.110159 0.0855595 0.0723739 0.0573417 0.040384 0.0268943 0.0175782 0.0109548 0.00625527 0.00316268 0.0013665 0.000487656
 3.87779e-11 1.82393e-09 5.94041e-08 1.33971e-06 2.09215e-05 0.000226237 0.00169405 0.0087842 0.031548 0.0785332 0.135896 0.16533 0.14746 0.109542 0.0843026 0.071283 0.0572363 0.041225 0.0278267 0.0179037 0.0107167 0.00587233 0.00290064 0.00124862 0.00044889
#pred catch len freq
 2.51589e-11 1.18336e-09 3.85411e-08 8.69198e-07 1.35738e-05 0.000146782 0.00109911 0.00569963 0.0204749 0.0510196 0.0886325 0.109469 0.102969 0.0880697 0.0832343 0.0827082 0.0761631 0.0655557 0.0553291 0.0459181 0.0375313 0.0307603 0.0249182 0.018603 0.0116834
 1.35154e-11 6.35699e-10 2.07043e-08 4.66935e-07 7.29189e-06 7.8853e-05 0.000590492 0.00306281 0.0110129 0.027544 0.0485458 0.0632317 0.0699123 0.0809907 0.0999286 0.111245 0.105489 0.0911385 0.076808 0.0631896 0.0500302 0.0383026 0.0282546 0.019291 0.0113454
 5.67762e-12 2.67048e-10 8.6976e-09 1.96153e-07 3.06323e-06 3.31257e-05 0.000248076 0.00128703 0.00463196 0.011626 0.0207725 0.0283803 0.0355233 0.0491653 0.070687 0.0924507 0.109324 0.119766 0.118969 0.105109 0.0840865 0.0625139 0.0433218 0.0272688 0.0148328
 2.80077e-11 1.31735e-09 4.29052e-08 9.67619e-07 1.51108e-05 0.000163401 0.00122352 0.00634403 0.0227795 0.0566597 0.0977319 0.117428 0.100068 0.0649097 0.0403243 0.0347767 0.0425107 0.0566407 0.070387 0.0769921 0.0727021 0.0590498 0.0414287 0.0250624 0.0128015
 4.51692e-11 2.12454e-09 6.9195e-08 1.56052e-06 2.43697e-05 0.000263523 0.00197323 0.0102314 0.0367385 0.0913885 0.15769 0.189714 0.162318 0.105831 0.0626752 0.0406733 0.0276364 0.0186166 0.0151701 0.0163018 0.0181343 0.0174803 0.0138173 0.00882003 0.00450025
 3.5995e-11 1.69303e-09 5.5141e-08 1.24357e-06 1.94201e-05 0.000210001 0.00157249 0.00815418 0.0292893 0.0729511 0.126512 0.155208 0.142572 0.114482 0.097848 0.0859453 0.0647999 0.0395138 0.0210901 0.0117603 0.00827099 0.00716061 0.00606699 0.00425619 0.00231585
 3.66727e-11 1.72491e-09 5.61792e-08 1.26698e-06 1.97857e-05 0.000213955 0.00160209 0.00830743 0.0298367 0.0742854 0.128626 0.156867 0.141162 0.107616 0.0866414 0.0766116 0.0642629 0.0483716 0.0330202 0.0200066 0.0106702 0.00553072 0.00322585 0.00201245 0.00110832
 3.5434e-11 1.66665e-09 5.42816e-08 1.22418e-06 1.91174e-05 0.000206728 0.00154798 0.00802694 0.0288306 0.071793 0.124396 0.15211 0.138158 0.107931 0.089713 0.0800283 0.0658834 0.048522 0.0338694 0.0225798 0.013645 0.00720815 0.00338362 0.00150061 0.000646522
 3.49378e-11 1.64331e-09 5.35215e-08 1.20704e-06 1.88497e-05 0.000203833 0.0015263 0.00791455 0.028427 0.0707887 0.122661 0.150014 0.136344 0.106741 0.0891556 0.0802095 0.0669776 0.0502635 0.0355954 0.0239551 0.0148136 0.0081906 0.0039606 0.00164757 0.000590541
 3.25509e-11 1.53104e-09 4.9865e-08 1.12458e-06 1.7562e-05 0.000189908 0.00142204 0.00737403 0.0264876 0.0659782 0.114457 0.140598 0.129769 0.105735 0.0932269 0.0866184 0.0731088 0.0551179 0.0393273 0.0268114 0.0168631 0.0095143 0.00470529 0.00198332 0.000694339
 3.30027e-11 1.55229e-09 5.05571e-08 1.14019e-06 1.78057e-05 0.000192544 0.00144177 0.00747627 0.0268537 0.0668795 0.115947 0.142082 0.130045 0.103773 0.0892662 0.0824989 0.0709325 0.0554424 0.0410993 0.0287611 0.0183865 0.0105292 0.0052974 0.00227254 0.000804716
 3.60111e-11 1.69379e-09 5.51656e-08 1.24412e-06 1.94288e-05 0.000210095 0.00157318 0.00815755 0.0292985 0.0729453 0.126307 0.154042 0.138624 0.105653 0.0848933 0.0746837 0.0623623 0.0476514 0.0349825 0.0247813 0.016289 0.00961474 0.00496002 0.0021702 0.000781067
 3.75825e-11 1.7677e-09 5.75729e-08 1.29841e-06 2.02766e-05 0.000219263 0.00164183 0.00851348 0.0305763 0.076122 0.131774 0.160551 0.143961 0.108554 0.0855251 0.073457 0.0592928 0.0429776 0.0296816 0.020081 0.0129256 0.00764501 0.00401552 0.0018004 0.000663377
 3.62025e-11 1.70279e-09 5.54589e-08 1.25074e-06 1.95321e-05 0.000211212 0.00158155 0.00820102 0.0294556 0.0733465 0.127069 0.15529 0.140757 0.109327 0.089995 0.0794028 0.0643001 0.0459502 0.0307515 0.019844 0.0120857 0.00680844 0.0034761 0.00154969 0.000576707
 3.5508e-11 1.67013e-09 5.43949e-08 1.22674e-06 1.91573e-05 0.00020716 0.00155121 0.00804371 0.0288908 0.0719426 0.124654 0.152418 0.13842 0.108111 0.0898866 0.0803146 0.0662653 0.0486877 0.0334594 0.0217428 0.0129816 0.00701521 0.00340661 0.00145445 0.000526873
 3.70981e-11 1.74492e-09 5.68308e-08 1.28168e-06 2.00152e-05 0.000216437 0.00162067 0.00840378 0.0301826 0.0751448 0.130103 0.158612 0.142537 0.10818 0.0862137 0.0749733 0.0613951 0.0452722 0.0314983 0.0208629 0.0126944 0.00691035 0.00331169 0.00136978 0.000477141
 3.74255e-11 1.76032e-09 5.73325e-08 1.29299e-06 2.01919e-05 0.000218347 0.00163498 0.00847796 0.0304492 0.0758098 0.131263 0.160066 0.143967 0.109483 0.0873467 0.0755298 0.060812 0.043552 0.0293674 0.0191177 0.0116385 0.00640681 0.00310613 0.00128807 0.000443765
 3.57363e-11 1.68087e-09 5.47448e-08 1.23463e-06 1.92805e-05 0.000208492 0.00156119 0.00809545 0.0290768 0.0724075 0.125471 0.153471 0.139541 0.109295 0.0910842 0.0810713 0.0659856 0.0473387 0.0316931 0.0202649 0.0120446 0.00649952 0.003124 0.00129693 0.000448415
 3.4175e-11 1.60743e-09 5.23529e-08 1.18069e-06 1.84382e-05 0.000199383 0.00149298 0.00774182 0.0278075 0.0692543 0.12006 0.147104 0.134568 0.10716 0.091624 0.0835238 0.0698296 0.0520379 0.0362951 0.0238272 0.0142519 0.00762221 0.00360375 0.00147264 0.000504062
 3.58229e-11 1.68494e-09 5.48773e-08 1.23762e-06 1.93272e-05 0.000208997 0.00156496 0.00811495 0.0291459 0.0725696 0.125684 0.153416 0.138489 0.106455 0.086645 0.0768542 0.0642389 0.0487291 0.0350203 0.0238391 0.0147956 0.00815242 0.00391364 0.00159971 0.000542753
 3.67244e-11 1.72734e-09 5.62584e-08 1.26877e-06 1.98136e-05 0.000214257 0.00160435 0.00831916 0.0298791 0.0743928 0.128826 0.157171 0.141614 0.108243 0.087113 0.0760233 0.0619384 0.0452597 0.0314279 0.0211638 0.0133346 0.00757314 0.0037587 0.00157867 0.000544444
 3.61669e-11 1.70112e-09 5.54044e-08 1.24951e-06 1.95128e-05 0.000211004 0.00158 0.00819293 0.0294264 0.0732721 0.126929 0.155066 0.14039 0.108716 0.0891775 0.0787167 0.0641696 0.0464739 0.0316329 0.0206938 0.0126701 0.00708402 0.00353026 0.00151168 0.000534431
 3.59864e-11 1.69263e-09 5.51278e-08 1.24327e-06 1.94155e-05 0.000209951 0.00157211 0.00815205 0.0292796 0.0729068 0.126298 0.154306 0.139736 0.108299 0.0890153 0.0788768 0.0647597 0.0474122 0.0325765 0.0213007 0.0128646 0.00702985 0.00342471 0.00144758 0.000511934
 3.56137e-11 1.6751e-09 5.45568e-08 1.23039e-06 1.92143e-05 0.000207776 0.00155583 0.00806762 0.0289765 0.072154 0.125007 0.152785 0.138545 0.107777 0.0891059 0.07937 0.0655241 0.0483841 0.0336408 0.0222708 0.0135748 0.00742997 0.00358928 0.00149397 0.000520193
 3.50678e-11 1.64942e-09 5.37206e-08 1.21153e-06 1.89198e-05 0.000204592 0.00153198 0.00794401 0.028533 0.071054 0.123131 0.150635 0.137053 0.107572 0.0900694 0.0808497 0.0668931 0.0494168 0.0344185 0.0229022 0.0140798 0.00778194 0.00378569 0.00157714 0.000546028
 3.63693e-11 1.71064e-09 5.57143e-08 1.2565e-06 1.9622e-05 0.000212185 0.00158883 0.00823872 0.0295903 0.0736751 0.127592 0.15571 0.140443 0.10768 0.0871733 0.076673 0.0631681 0.0468222 0.0327785 0.0218926 0.0135003 0.0074956 0.00367046 0.00153972 0.000535568
 3.79425e-11 1.78464e-09 5.81244e-08 1.31085e-06 2.04708e-05 0.000221363 0.00165756 0.00859502 0.030869 0.0768485 0.133018 0.162002 0.145053 0.108944 0.0853297 0.0730669 0.0590214 0.0428174 0.0293683 0.0194038 0.0119542 0.00666246 0.00327907 0.00138306 0.000483779
 3.80992e-11 1.792e-09 5.83644e-08 1.31626e-06 2.05553e-05 0.000222277 0.0016644 0.00863053 0.0309968 0.0771698 0.133594 0.162797 0.146062 0.110298 0.0869846 0.074434 0.0593143 0.0418273 0.0276171 0.0176042 0.0105535 0.00577893 0.00282162 0.00118936 0.000417364
#obs catch len freq
 2.3798e-11 1.11934e-09 3.64563e-08 8.22183e-07 1.28396e-05 0.000138843 0.00103967 0.00539142 0.019369 0.0482745 0.0839381 0.104022 0.0989642 0.0869117 0.0846359 0.0854059 0.0792266 0.0690988 0.0600037 0.0516741 0.0428693 0.0334016 0.0236428 0.0145537 0.00742444
 2.53328e-11 1.19153e-09 3.88074e-08 8.75205e-07 1.36676e-05 0.000147796 0.00110671 0.00573895 0.0206158 0.0513651 0.0891966 0.109998 0.10294 0.0870315 0.0813694 0.0810838 0.0760976 0.0676209 0.0591196 0.0504279 0.0412441 0.0318396 0.0224149 0.0137039 0.00692307
 4.15345e-12 1.95358e-10 6.3627e-09 1.43496e-07 2.24094e-06 2.42348e-05 0.000181533 0.000942624 0.00340417 0.00865959 0.016253 0.0257639 0.0423716 0.0730702 0.109661 0.129674 0.124835 0.108875 0.0937386 0.079888 0.0654383 0.0502662 0.0350628 0.021243 0.0106455
 1.46244e-14 6.87877e-13 2.24055e-11 5.05466e-10 7.9038e-09 8.59073e-08 6.56326e-07 3.67232e-06 1.70318e-05 8.04969e-05 0.000402422 0.00176573 0.00599109 0.0156205 0.0333395 0.0623192 0.102077 0.139517 0.155526 0.145779 0.121551 0.0931337 0.0646277 0.0389001 0.0193482
 5.23552e-11 2.46254e-09 8.02032e-08 1.80878e-06 2.82467e-05 0.000305447 0.00228712 0.0118585 0.042575 0.105844 0.182207 0.217197 0.17929 0.102547 0.0409183 0.0123783 0.00554877 0.00772646 0.0128546 0.0174796 0.0189499 0.0166908 0.0122015 0.00742556 0.00368452
 3.33557e-11 1.56889e-09 5.10977e-08 1.15238e-06 1.79961e-05 0.000194604 0.00145721 0.00755669 0.0271477 0.067661 0.117639 0.145732 0.138335 0.120033 0.111912 0.100816 0.0721907 0.0378538 0.0155199 0.00770326 0.00717302 0.00762565 0.00662965 0.00447316 0.00232778
 4.00376e-11 1.88317e-09 6.13337e-08 1.38323e-06 2.16011e-05 0.000233585 0.00174907 0.00906934 0.0325699 0.0810561 0.140119 0.169795 0.149309 0.106577 0.0774085 0.0648075 0.0555163 0.0440467 0.0308846 0.0180502 0.00881174 0.00434981 0.00273523 0.00184988 0.00103832
 3.81909e-11 1.79632e-09 5.85049e-08 1.31943e-06 2.06048e-05 0.000222812 0.00166841 0.00865131 0.0310716 0.077356 0.133919 0.163203 0.146452 0.110606 0.0870867 0.0740445 0.0582954 0.0407064 0.0272618 0.0180961 0.0110819 0.00584353 0.00269197 0.00119121 0.000528497
 3.73271e-11 1.75569e-09 5.71816e-08 1.28959e-06 2.01388e-05 0.000217773 0.00163068 0.00845566 0.0303692 0.07561 0.130914 0.15963 0.143545 0.109123 0.0871157 0.0756337 0.0614274 0.0444631 0.0300457 0.0192988 0.0115219 0.00625847 0.00301371 0.00125374 0.000450364
 3.55028e-11 1.66988e-09 5.43869e-08 1.22656e-06 1.91545e-05 0.00020713 0.00155098 0.00804252 0.0288867 0.0719317 0.124633 0.152384 0.13836 0.107998 0.08969 0.080027 0.0659382 0.0484746 0.033542 0.022122 0.0134294 0.00730754 0.0035046 0.00144786 0.000502146
 3.24251e-11 1.52512e-09 4.96722e-08 1.12024e-06 1.74941e-05 0.000189174 0.00141654 0.00734553 0.0263854 0.065724 0.11402 0.140081 0.129357 0.105545 0.0932719 0.0869001 0.0736305 0.0557717 0.0398754 0.0270743 0.0168612 0.00938957 0.00458049 0.00190578 0.000657478
 3.60314e-11 1.69474e-09 5.51967e-08 1.24483e-06 1.94397e-05 0.000210213 0.00157407 0.00816211 0.0293145 0.0729802 0.126335 0.153926 0.138045 0.104267 0.0828574 0.0729992 0.0621783 0.0490788 0.0370038 0.0263429 0.0170713 0.0098437 0.00494648 0.00210604 0.00073756
 3.82657e-11 1.79983e-09 5.86194e-08 1.32202e-06 2.06452e-05 0.000223248 0.00167167 0.00866816 0.0311312 0.0774952 0.134097 0.163127 0.145449 0.107947 0.0829473 0.0700936 0.0564905 0.0414285 0.0293938 0.0206643 0.0137982 0.00833536 0.00438184 0.00193702 0.000698584
 3.95515e-11 1.86031e-09 6.05891e-08 1.36644e-06 2.13389e-05 0.00023075 0.00172784 0.00895938 0.0321766 0.0800926 0.138558 0.168397 0.149638 0.109946 0.0829988 0.0689231 0.0544804 0.0386008 0.0258691 0.016971 0.0106903 0.0062891 0.00333688 0.00152191 0.000569562
 3.52098e-11 1.6561e-09 5.39381e-08 1.21644e-06 1.89965e-05 0.000205421 0.00153819 0.00797624 0.0286495 0.0713506 0.12369 0.151529 0.138528 0.110039 0.0933902 0.0836954 0.0675851 0.0475495 0.0311211 0.0196493 0.0117301 0.00648666 0.00326938 0.00145331 0.000544273
 3.85609e-11 1.81372e-09 5.90716e-08 1.33221e-06 2.08044e-05 0.00022497 0.00168457 0.008735 0.0313709 0.0780882 0.135099 0.164232 0.146079 0.107721 0.0821625 0.0697368 0.0574174 0.0432473 0.0305955 0.0201993 0.0120641 0.00645729 0.00309282 0.00130334 0.000468139
 3.86739e-11 1.81904e-09 5.92448e-08 1.33612e-06 2.08654e-05 0.00022563 0.00168951 0.00876067 0.0314637 0.0783262 0.135557 0.165004 0.147444 0.110074 0.0852336 0.0719657 0.0570486 0.0403304 0.027072 0.0178309 0.0110785 0.00618689 0.00300904 0.00124651 0.000431411
 3.92695e-11 1.84705e-09 6.01571e-08 1.35669e-06 2.11867e-05 0.000229105 0.00171552 0.00889553 0.0319476 0.0795262 0.137602 0.167346 0.149063 0.110295 0.0842495 0.070607 0.0560402 0.0396826 0.0263063 0.0167518 0.0100129 0.00548698 0.00268924 0.00113476 0.000396406
 3.5593e-11 1.67412e-09 5.45251e-08 1.22968e-06 1.92032e-05 0.000207656 0.00155493 0.00806301 0.0289608 0.0721215 0.124997 0.152996 0.139439 0.109883 0.092281 0.0822991 0.0665973 0.0471914 0.0311494 0.0197159 0.0116379 0.00623624 0.00298004 0.00123687 0.000430535
 3.71818e-11 1.74885e-09 5.69589e-08 1.28457e-06 2.00604e-05 0.000216925 0.00162432 0.0084227 0.0302504 0.0753099 0.130366 0.158826 0.142394 0.107398 0.0849192 0.0738685 0.0612434 0.0461007 0.0325915 0.0215695 0.0129288 0.00690794 0.00325879 0.00132832 0.000454052
 3.68851e-11 1.7349e-09 5.65045e-08 1.27432e-06 1.99003e-05 0.000215194 0.00161137 0.00835556 0.0300099 0.0747175 0.129384 0.157833 0.14215 0.108515 0.0871338 0.0758433 0.0615905 0.0448242 0.0310323 0.0208603 0.0130706 0.00731846 0.00355564 0.00146173 0.000496732
 3.76778e-11 1.77218e-09 5.77188e-08 1.30171e-06 2.0328e-05 0.000219819 0.00164599 0.00853505 0.0306538 0.0763135 0.132098 0.160911 0.144173 0.108502 0.0853062 0.0733843 0.0596388 0.0436239 0.030148 0.0200071 0.0123876 0.00697143 0.00347134 0.00147345 0.000513711
 3.68735e-11 1.73435e-09 5.64868e-08 1.27392e-06 1.98941e-05 0.000215127 0.00161086 0.00835294 0.0300006 0.0746958 0.129355 0.157839 0.142285 0.108892 0.0877567 0.0765255 0.0620501 0.0448528 0.0305933 0.0201422 0.0124116 0.00694951 0.00345291 0.0014753 0.00052272
 3.75052e-11 1.76406e-09 5.74544e-08 1.29574e-06 2.02349e-05 0.000218812 0.00163845 0.00849597 0.0305136 0.0759657 0.131505 0.160232 0.143704 0.108449 0.085648 0.0739486 0.0602509 0.0441706 0.0305376 0.0201711 0.0123506 0.0068513 0.00337904 0.00143846 0.000510219
 3.59716e-11 1.69193e-09 5.51051e-08 1.24276e-06 1.94075e-05 0.000209865 0.00157146 0.00814869 0.0292677 0.072878 0.126255 0.154281 0.139802 0.108519 0.089324 0.0790256 0.0645103 0.0468553 0.0321104 0.0212115 0.0130724 0.00728794 0.00359129 0.00152119 0.000536763
 3.57404e-11 1.68106e-09 5.47509e-08 1.23477e-06 1.92827e-05 0.000208516 0.00156136 0.00809631 0.0290794 0.0724072 0.125426 0.15321 0.138652 0.10729 0.0880795 0.0782648 0.0648639 0.0483205 0.0339541 0.0227052 0.0140068 0.00779917 0.00384682 0.00163203 0.000575766
 3.8811e-11 1.82548e-09 5.94548e-08 1.34086e-06 2.09394e-05 0.00022643 0.00169549 0.00879165 0.0315742 0.0785935 0.135966 0.165253 0.146875 0.108034 0.0819233 0.068886 0.0559457 0.0415321 0.0293935 0.0199838 0.0125849 0.0071271 0.00354801 0.00151045 0.000533456
 3.79657e-11 1.78572e-09 5.81598e-08 1.31165e-06 2.04833e-05 0.000221498 0.00165857 0.00860028 0.0308883 0.0769 0.13313 0.162249 0.145622 0.110066 0.0868906 0.0743239 0.0591049 0.0416397 0.0277114 0.0180997 0.011275 0.00643664 0.00325395 0.00140583 0.00050167
#spawning biomass
 63265.7 66812 55202 38147.3 40020 74378.6 116352 161347 218336 255786 266384 241169 236031 261523 275323 256356 244822 242808 274990 281834 267826 279378 273333 312919 307593 269794 273632 262274 236217 356036 251644 156665 95511.7 61017.8 42958.6 33928.4 29544.7 27458.1 26477.8 26021.5 25810.3 25713 25668.3 25647.8 25638.5 25634.2 25632.3 25631.4 25631 25630.8 25630.7 25630.6 25630.6 25630.6 25630.6 25630.6 25630.6 25630.6 25630.6 25630.6 25630.6 25630.6 25630.6 25630.6 25630.6 25630.6 25630.6 25630.6 25630.6 25630.6 25630.6 25630.6 25630.6 25630.6 25630.6 25630.6 25630.6 25630.6 25630.6 25630.6 25630.6 25630.6 25630.6 25630.6 25630.6 25630.6 25630.6 25630.6 25630.6 25630.6 25630.6 25630.6 25630.6 25630.6 25630.6 25630.6 25630.6 25630.6 25630.6 25630.6 25630.6 25630.6 25630.6 25630.6 25630.6 25630.6 25630.6 25630.6 25630.6 25630.6 25630.6 25630.6 25630.6 25630.6 25630.6 25630.6 25630.6 25630.6 25630.6 25630.6 25630.6 25630.6 25630.6 25630.6 25630.6 25630.6 25630.6 25630.6 0 0 0 0 0 0 0 0 0 0 0 0 0 0 0 0 0 0 0 0 0 0 0 0 0
