SBPRF35
0.256306
Curr Bio
193092
B35
199738
F35
0.397667
FOFL
0.397667
OFL
74284.5
Bzero
73230.3
#pred survey bio
 26231.6 22886.3 17425.4 15461.4 25031.2 39966 55059.7 64420.6 81566.3 99686.1 130614 152010 186292 226763 216733 200320 208319 196288 209220 225152 211041 205881 211942 241807 274299 299875 315188 277760 284246 6.76618e+06 5.45453e+06 3.90291e+06 2.62861e+06 1.80363e+06 1.32443e+06 1.06071e+06 918881 842780 801439 778468 765333 757586 752880 749943 748068 746858 746067 745544 745196 744963 744806 744701 744630 744583 744550 744528 744514 744504 744497 744492 744489 744487 744486 744485 744484 744484 744483 744483 744483 744483 744483 744483 744483 744483 744483 744483 744483 744483 744483 744483 744483 744483 744483 744483 744483 744483 744483 744483 744483 744483 744483 744483 744483 744483 744483 744483 744483 744483 744483 744483 744483 744483 744483 744483 744483 744483 744483 744483 744483 744483 744483 744483 744483 744483 744483 744483 744483 744483 744483 744483 744483 744483 744483 744483 744483 744483 744483 744483 744483 0 0 0 0 0 0 0 0 0 0 0 0 0 0 0 0 0 0 0 0 0 0 0 0 0
#obs survey bio
 23484.7 20661 11237.6 20025.3 26474.1 46566.5 61597 76959.8 88114 80119.6 104888 153255 192413 189367 179301 189692 242776 187688 221545 199031 230356 166599 263162 325623 340891 292988 326340 309802 277032
#pred catch bio
 4057.45 4161.48 3435.42 2476.76 4648.48 7508.97 14123.7 16629.8 24265.3 31018.2 50341.6 53574.8 64477.8 98572.6 97358 84733.9 92655.1 70385.2 72803.9 94817.9 85668.1 82899.4 79098.9 87503.2 97715.8 105642 138786 107332 107177 74284.5 68316.8 47724.1 30815 20247.2 14390.4 11359.8 9857.46 9133.09 8790.25 8630.01 8555.75 8521.53 8505.83 8498.64 8495.36 8493.87 8493.19 8492.88 8492.74 8492.68 8492.65 8492.64 8492.63 8492.63 8492.63 8492.62 8492.62 8492.62 8492.62 8492.62 8492.62 8492.62 8492.62 8492.62 8492.62 8492.62 8492.62 8492.62 8492.62 8492.62 8492.62 8492.62 8492.62 8492.62 8492.62 8492.62 8492.62 8492.62 8492.62 8492.62 8492.62 8492.62 8492.62 8492.62 8492.62 8492.62 8492.62 8492.62 8492.62 8492.62 8492.62 8492.62 8492.62 8492.62 8492.62 8492.62 8492.62 8492.62 8492.62 8492.62 8492.62 8492.62 8492.62 8492.62 8492.62 8492.62 8492.62 8492.62 8492.62 8492.62 8492.62 8492.62 8492.62 8492.62 8492.62 8492.62 8492.62 8492.62 8492.62 8492.62 8492.62 8492.62 8492.62 8492.62 8492.62 8492.62 8492.62 8492.62 8492.62 0 0 0 0 0 0 0 0 0 0 0 0 0 0 0 0 0 0 0 0 0 0 0 0 0
#obs catch bio
 3194.93 4312.31 3686.74 2474.52 4739.85 7341.02 13638.6 15863.8 23121.8 30286.4 49241 51601.3 61078.7 99626.9 100366 86550.1 94287.2 71781.9 70088 94994 84462.7 87021.5 78931.6 84365.8 95453.4 102988 139117 104556 106916
#pred cpue bio
 24901.7 22260.9 17138.6 14487.6 21817.7 35585.2 50163.9 58905.6 73403.5 89617.5 115871 134896 165715 202184 194996 179830 185341 176413 189307 203593 190493 185709 189804 215516 245884 270532 285992 251307 255881 6.10681e+06 5.32022e+06 3.84855e+06 2.57983e+06 1.75517e+06 1.27599e+06 1.01227e+06 870439 794338 752996 730025 716890 709144 704437 701500 699625 698415 697624 697101 696753 696520 696364 696259 696188 696140 696108 696086 696071 696061 696054 696050 696047 696045 696043 696042 696042 696041 696041 696041 696040 696040 696040 696040 696040 696040 696040 696040 696040 696040 696040 696040 696040 696040 696040 696040 696040 696040 696040 696040 696040 696040 696040 696040 696040 696040 696040 696040 696040 696040 696040 696040 696040 696040 696040 696040 696040 696040 696040 696040 696040 696040 696040 696040 696040 696040 696040 696040 696040 696040 696040 696040 696040 696040 696040 696040 696040 696040 696040 696040 696040 0 0 0 0 0 0 0 0 0 0 0 0 0 0 0 0 0 0 0 0 0 0 0 0 0
#obs cpue bio
 18345.8 14611.5 12788.2 22629.2 18977.9 50467.5 62890.4 58986.7 81287.2 91766.1 176935 153021 211292 185489 188812 172077 170044 139782 292033 204049 186716 143180 191941 226027 199454 293707 274140 257132 240384
#pred surv len freq
 2.53438e-11 1.19205e-09 3.88244e-08 8.75586e-07 1.36735e-05 0.000147861 0.00110719 0.00574142 0.0206241 0.0513816 0.0891952 0.109853 0.102345 0.0855623 0.0788095 0.0776302 0.0721099 0.0634199 0.0551698 0.0474855 0.0404364 0.0344686 0.0287657 0.0218672 0.0138646
 1.24718e-11 5.86613e-10 1.91056e-08 4.3088e-07 6.72884e-06 7.27644e-05 0.000544899 0.00282636 0.0101632 0.0254233 0.0448395 0.0585504 0.0651852 0.0763313 0.0950206 0.106638 0.102455 0.0905068 0.0786765 0.0673062 0.0558921 0.045097 0.0349099 0.024702 0.014851
 9.48925e-12 4.46329e-10 1.45366e-08 3.27838e-07 5.11968e-06 5.53628e-05 0.000414574 0.00215013 0.00772806 0.0192974 0.0338025 0.0430759 0.0448893 0.0481133 0.0596635 0.0763448 0.0933598 0.10681 0.110272 0.101377 0.0851335 0.0670299 0.0492983 0.0326939 0.018486
 3.46258e-11 1.62863e-09 5.30434e-08 1.19626e-06 1.86813e-05 0.000202011 0.00151263 0.00784306 0.0281617 0.0700438 0.120795 0.145026 0.123156 0.0785715 0.045469 0.0328894 0.0330102 0.0394993 0.0484543 0.0548777 0.0544675 0.0467682 0.0348373 0.0223655 0.0120294
 4.4916e-11 2.11263e-09 6.88071e-08 1.55177e-06 2.42331e-05 0.000262047 0.00196217 0.0101741 0.0365337 0.0908871 0.156881 0.189003 0.162564 0.107875 0.0665077 0.0450731 0.0309594 0.0198552 0.0141434 0.0135001 0.0146527 0.014545 0.0120759 0.0081407 0.00437937
 3.69528e-11 1.73808e-09 5.66082e-08 1.27666e-06 1.99368e-05 0.000215589 0.00161433 0.00837102 0.0300667 0.0748736 0.129751 0.158734 0.144392 0.113083 0.0936121 0.0812118 0.0620778 0.0394021 0.0222736 0.012716 0.00844905 0.00685925 0.00576371 0.00415746 0.00235479
 3.23752e-11 1.52277e-09 4.95958e-08 1.11851e-06 1.74671e-05 0.000188883 0.00141436 0.00733421 0.0263445 0.0656218 0.113838 0.139834 0.12907 0.10526 0.0932398 0.0877016 0.0756163 0.0580793 0.0406777 0.0255096 0.014163 0.00753665 0.00436589 0.00269154 0.00149423
 3.26986e-11 1.53799e-09 5.00912e-08 1.12968e-06 1.76416e-05 0.000190769 0.00142848 0.00740732 0.0266055 0.0662559 0.114829 0.140539 0.128088 0.101151 0.0860675 0.0798912 0.0705286 0.057771 0.0450893 0.0326044 0.020796 0.0114758 0.00559902 0.00255126 0.00111317
 3.69157e-11 1.73634e-09 5.65514e-08 1.27538e-06 1.99168e-05 0.000215372 0.0016127 0.00836233 0.0300324 0.0747579 0.129343 0.157266 0.139987 0.10349 0.0794332 0.068264 0.0577288 0.046018 0.0359208 0.0271811 0.0189476 0.0116335 0.0060937 0.00268673 0.00100482
 3.61406e-11 1.69988e-09 5.5364e-08 1.2486e-06 1.94986e-05 0.00021085 0.00157884 0.00818692 0.0294043 0.0732118 0.126789 0.154728 0.139546 0.106937 0.0863762 0.0755295 0.0615982 0.0452977 0.0322516 0.023001 0.0158897 0.0101237 0.00565871 0.00265074 0.00100833
 3.90243e-11 1.83552e-09 5.97816e-08 1.34822e-06 2.10545e-05 0.000227674 0.00170481 0.00883994 0.0317471 0.0790204 0.136679 0.165999 0.147149 0.107427 0.0805118 0.0673068 0.0548818 0.0411192 0.0293218 0.0200785 0.0129628 0.00781896 0.00430671 0.00206211 0.000813727
 3.81854e-11 1.79606e-09 5.84965e-08 1.31924e-06 2.06019e-05 0.00022278 0.00166817 0.00865004 0.0310666 0.077341 0.133873 0.163055 0.146029 0.109712 0.0858328 0.0730487 0.0581608 0.0412376 0.0277201 0.0182993 0.011533 0.00671849 0.00353731 0.00163499 0.000637494
 3.77482e-11 1.7755e-09 5.78268e-08 1.30414e-06 2.0366e-05 0.00022023 0.00164907 0.00855101 0.030711 0.0764567 0.132348 0.161228 0.144496 0.108827 0.0856605 0.0737337 0.0598723 0.0436067 0.0297915 0.0193702 0.0117046 0.00648954 0.00326591 0.00145 0.000546277
 3.73565e-11 1.75707e-09 5.72267e-08 1.2906e-06 2.01546e-05 0.000217944 0.00163196 0.00846229 0.0303926 0.0756658 0.130993 0.159639 0.143274 0.108339 0.0858296 0.0742786 0.0606115 0.0445338 0.0309015 0.0204771 0.0125223 0.00689295 0.00336774 0.00143259 0.000516516
 3.51933e-11 1.65532e-09 5.39128e-08 1.21587e-06 1.89875e-05 0.000205324 0.00153746 0.00797244 0.0286351 0.0713086 0.123574 0.151185 0.137578 0.108019 0.0904203 0.0809729 0.0666075 0.048745 0.0336388 0.0223003 0.0137444 0.00764553 0.00375174 0.00158106 0.000556476
 3.61876e-11 1.70209e-09 5.54361e-08 1.25022e-06 1.9524e-05 0.000211125 0.0015809 0.00819755 0.0294423 0.0733048 0.126939 0.154857 0.1395 0.106625 0.08605 0.0759046 0.0633056 0.0479163 0.0342824 0.0232119 0.0144028 0.00803084 0.00395582 0.00167326 0.000588202
 3.81326e-11 1.79358e-09 5.84156e-08 1.31742e-06 2.05734e-05 0.000222472 0.00166586 0.00863803 0.0310229 0.0772266 0.133637 0.162588 0.145042 0.107826 0.0831824 0.0707647 0.0576286 0.0427525 0.0303055 0.0207477 0.0132053 0.0075539 0.00378464 0.00161497 0.00057005
 3.53117e-11 1.66089e-09 5.40943e-08 1.21996e-06 1.90515e-05 0.000206015 0.00154264 0.00799928 0.0287317 0.0715504 0.124002 0.151751 0.138223 0.108766 0.0912077 0.0814261 0.0662685 0.047616 0.0322755 0.0213033 0.0133178 0.00762599 0.00387658 0.00168581 0.000604679
 3.44041e-11 1.61821e-09 5.27039e-08 1.1886e-06 1.85618e-05 0.00020072 0.00150299 0.00779366 0.0279929 0.0697084 0.120795 0.147757 0.134384 0.105441 0.0885248 0.0803883 0.0682312 0.0523977 0.0378192 0.0255693 0.0157568 0.00877246 0.00437039 0.00189149 0.000683257
 3.49672e-11 1.64469e-09 5.35666e-08 1.20806e-06 1.88656e-05 0.000204005 0.00152759 0.00792115 0.0284501 0.0708394 0.122704 0.149853 0.135519 0.104716 0.0859854 0.0770043 0.0652127 0.050598 0.0375986 0.0266543 0.0172939 0.00997189 0.00501094 0.00214872 0.000766957
 3.52112e-11 1.65617e-09 5.39403e-08 1.21649e-06 1.89972e-05 0.000205428 0.00153824 0.00797644 0.0286488 0.0713355 0.123573 0.150957 0.136651 0.105827 0.0870127 0.0775063 0.0646052 0.0488649 0.0354838 0.0250441 0.0165613 0.00989978 0.00517561 0.00228641 0.00082777
 3.5311e-11 1.66086e-09 5.40931e-08 1.21993e-06 1.9051e-05 0.00020601 0.0015426 0.00799903 0.0287299 0.071537 0.123918 0.151363 0.136967 0.105973 0.0870419 0.0775473 0.0647229 0.0489389 0.0352885 0.0245329 0.0159759 0.00951457 0.00504242 0.00228648 0.000851972
 3.69755e-11 1.73915e-09 5.6643e-08 1.27744e-06 1.99491e-05 0.000215721 0.00161531 0.00837597 0.0300824 0.0748914 0.129638 0.157923 0.14153 0.10662 0.0841001 0.0729269 0.060285 0.0454722 0.0327651 0.0227305 0.0147118 0.00867808 0.00456455 0.00207161 0.000780523
 3.77196e-11 1.77415e-09 5.7783e-08 1.30315e-06 2.03506e-05 0.000220063 0.00164782 0.00854452 0.0306875 0.0763957 0.132227 0.161004 0.144051 0.107977 0.0843596 0.072272 0.0587343 0.0432025 0.0303176 0.0206728 0.013272 0.00778942 0.00407409 0.00183869 0.000690956
 3.61944e-11 1.70241e-09 5.54465e-08 1.25046e-06 1.95277e-05 0.000211165 0.0015812 0.00819915 0.0294485 0.0733249 0.127005 0.155087 0.140178 0.10808 0.0881376 0.0776391 0.0635269 0.0464636 0.0321226 0.0214274 0.0134219 0.0077101 0.00397332 0.00177687 0.0006638
 3.49874e-11 1.64564e-09 5.35974e-08 1.20876e-06 1.88765e-05 0.000204123 0.00152847 0.00792576 0.0284671 0.070887 0.122821 0.15016 0.136317 0.106395 0.0885143 0.0795286 0.0665646 0.0502169 0.0357823 0.0242082 0.0150873 0.00851295 0.00428915 0.00187901 0.000691169
 3.39113e-11 1.59503e-09 5.1949e-08 1.17158e-06 1.82959e-05 0.000197845 0.00148146 0.00768205 0.0275923 0.0687139 0.119092 0.145769 0.132878 0.104877 0.0887363 0.0808478 0.0685722 0.0527631 0.0386453 0.0269621 0.0172804 0.00992346 0.00501057 0.00217119 0.000785154
 3.48015e-11 1.6369e-09 5.33127e-08 1.20233e-06 1.87762e-05 0.000203038 0.00152035 0.00788363 0.0283155 0.0705066 0.122142 0.149236 0.135183 0.10491 0.0866462 0.0777463 0.0656089 0.0505122 0.0372416 0.0263706 0.0172959 0.0102078 0.00528183 0.00232393 0.000843592
 3.59712e-11 1.69191e-09 5.51045e-08 1.24274e-06 1.94073e-05 0.000209862 0.00157144 0.00814853 0.0292661 0.0728653 0.126172 0.153895 0.138547 0.105709 0.0850688 0.0748797 0.0624559 0.0475754 0.0347718 0.0245715 0.0162272 0.00972726 0.00514359 0.00231616 0.000857434
#obs surv len freq
 2.43054e-11 1.14321e-09 3.72336e-08 8.39711e-07 1.31133e-05 0.000141802 0.00106182 0.00550618 0.0197793 0.0492777 0.08555 0.105399 0.0983211 0.0825325 0.0767178 0.076871 0.0736212 0.067651 0.0615109 0.0545786 0.0465319 0.0377685 0.0283469 0.0186652 0.0101533
 9.35163e-16 4.40591e-14 1.4445e-12 3.34298e-11 5.74952e-10 8.48928e-09 1.3114e-07 2.07167e-06 2.72876e-05 0.000263931 0.00179667 0.00851601 0.0280907 0.06485 0.106504 0.129519 0.126836 0.113182 0.100627 0.0892918 0.0767123 0.0621733 0.0460095 0.0297092 0.0158889
 1.19523e-11 5.6218e-10 1.83098e-08 4.12933e-07 6.44854e-06 6.97314e-05 0.000522134 0.00270721 0.0097196 0.0241638 0.041601 0.0496377 0.0413872 0.0261413 0.0207301 0.0361751 0.0707583 0.10757 0.126465 0.123092 0.107074 0.0864303 0.0635989 0.0406762 0.021473
 5.19897e-11 2.44535e-09 7.96433e-08 1.79616e-06 2.80496e-05 0.000303315 0.00227116 0.0117758 0.0422793 0.10512 0.181036 0.216153 0.179579 0.105288 0.0458867 0.0174674 0.00821594 0.00710496 0.00998916 0.0139763 0.015992 0.0148402 0.0114492 0.00737285 0.00386918
 3.21028e-11 1.50996e-09 4.91784e-08 1.1091e-06 1.73202e-05 0.000187294 0.00140248 0.00727297 0.0261298 0.0651369 0.113339 0.140821 0.134993 0.119778 0.114577 0.105012 0.0764476 0.0412396 0.0175342 0.00830456 0.006909 0.0072404 0.00652273 0.00461368 0.00252094
 3.98902e-11 1.87624e-09 6.1108e-08 1.37814e-06 2.15216e-05 0.000232726 0.00174263 0.00903593 0.0324496 0.0807528 0.139569 0.169008 0.148237 0.105046 0.0755299 0.0634068 0.0556036 0.0457284 0.0331999 0.0199231 0.00983922 0.00474568 0.00287097 0.0019391 0.00111728
 2.41403e-11 1.13545e-09 3.69807e-08 8.34009e-07 1.30243e-05 0.000140841 0.00105465 0.00546954 0.0196557 0.0490488 0.0856917 0.108101 0.108817 0.10708 0.114679 0.115308 0.0961792 0.0688352 0.0473384 0.0324947 0.0205588 0.0111063 0.00516281 0.00226745 0.00099855
 4.13165e-11 1.94333e-09 6.3293e-08 1.42742e-06 2.22912e-05 0.000241047 0.00180493 0.00935877 0.0336063 0.0836056 0.144323 0.173934 0.149869 0.100444 0.0649919 0.0510729 0.046607 0.0427993 0.0361731 0.026692 0.0171234 0.00970936 0.00482474 0.0020512 0.000744965
 3.40813e-11 1.60302e-09 5.22093e-08 1.17745e-06 1.83876e-05 0.000198837 0.00148889 0.00772071 0.027733 0.0690809 0.119843 0.147227 0.135891 0.110495 0.0962189 0.0861808 0.0673335 0.0452209 0.0298921 0.0214849 0.0154905 0.00992895 0.005337 0.00236117 0.00085231
 3.8815e-11 1.82567e-09 5.94608e-08 1.34099e-06 2.09415e-05 0.000226453 0.00169566 0.00879248 0.0315766 0.0785939 0.135929 0.16503 0.146116 0.106367 0.0796099 0.0672292 0.056264 0.0435053 0.0312905 0.0207658 0.0127654 0.00746893 0.00407903 0.00193132 0.000741845
 3.99474e-11 1.87893e-09 6.11956e-08 1.38011e-06 2.15525e-05 0.000233059 0.00174513 0.00904903 0.0324983 0.0808908 0.139921 0.169967 0.150754 0.110153 0.0823148 0.0676714 0.0530534 0.0374244 0.0252944 0.0169333 0.0107514 0.00618715 0.00316906 0.00142371 0.000542682
 3.68165e-11 1.73167e-09 5.63993e-08 1.27195e-06 1.98633e-05 0.000214794 0.00160837 0.00834006 0.0299549 0.0745868 0.1292 0.15781 0.142768 0.110297 0.0900061 0.0787281 0.0630784 0.044299 0.0289549 0.0182607 0.0109227 0.0060638 0.00305007 0.00134011 0.000495211
 3.89823e-11 1.83354e-09 5.97171e-08 1.34677e-06 2.10318e-05 0.000227429 0.00170297 0.00883044 0.0317136 0.078941 0.136571 0.166008 0.147609 0.108714 0.0826317 0.0696248 0.0565515 0.0417128 0.0288664 0.0187695 0.0111203 0.00592919 0.00283487 0.00119227 0.000426337
 3.6233e-11 1.70423e-09 5.55055e-08 1.25179e-06 1.95485e-05 0.00021139 0.00158288 0.00820792 0.0294806 0.0734089 0.127181 0.155442 0.140943 0.10956 0.0902405 0.0795183 0.0641636 0.0456826 0.0306343 0.0199422 0.0121568 0.00666229 0.00319608 0.00131316 0.000452263
 3.22467e-11 1.51673e-09 4.9399e-08 1.11407e-06 1.73978e-05 0.000188134 0.00140875 0.00730516 0.0262408 0.0653688 0.113436 0.139516 0.12932 0.106497 0.095169 0.0890252 0.0750738 0.0560721 0.0391468 0.0257834 0.0155734 0.0084791 0.0040932 0.00169866 0.000585244
 3.79031e-11 1.78278e-09 5.8064e-08 1.30949e-06 2.04496e-05 0.000221133 0.00165583 0.00858597 0.0308353 0.0767521 0.132766 0.161299 0.143166 0.104981 0.0795709 0.0679413 0.0574951 0.0455563 0.0343798 0.0242351 0.0153709 0.00861068 0.00420308 0.00174912 0.000603782
 3.69341e-11 1.7372e-09 5.65795e-08 1.27601e-06 1.99268e-05 0.00021548 0.00161351 0.00836666 0.03005 0.0748193 0.129573 0.158126 0.142602 0.109213 0.0879425 0.0761941 0.0608883 0.0432184 0.029461 0.0201457 0.0132445 0.00788103 0.00405842 0.00175031 0.000616081
 3.16938e-11 1.49072e-09 4.85519e-08 1.09497e-06 1.70995e-05 0.000184908 0.0013846 0.00717994 0.0257916 0.0642552 0.111541 0.137363 0.127891 0.106469 0.0963965 0.0907035 0.0763755 0.056692 0.0393062 0.0258989 0.0159381 0.00907629 0.00468176 0.00208705 0.0007648
 3.53887e-11 1.66452e-09 5.42122e-08 1.22262e-06 1.9093e-05 0.000206464 0.00154599 0.00801654 0.0287919 0.071681 0.124099 0.151263 0.135861 0.103096 0.0826989 0.0738123 0.0640257 0.0516595 0.0394799 0.0279629 0.0177627 0.0100307 0.00501457 0.00217768 0.00079448
 3.47461e-11 1.63429e-09 5.32277e-08 1.20042e-06 1.87463e-05 0.000202715 0.00151793 0.00787111 0.0282711 0.0704003 0.121988 0.149192 0.135594 0.10611 0.08843 0.0790818 0.065404 0.0488688 0.0354307 0.0254275 0.0171834 0.0103762 0.00540459 0.00236906 0.000856039
 3.46527e-11 1.62989e-09 5.30846e-08 1.19719e-06 1.86959e-05 0.00020217 0.00151384 0.00784993 0.0281949 0.0702089 0.121646 0.148726 0.135024 0.105415 0.0877767 0.0790367 0.0664589 0.05058 0.0365949 0.0254382 0.0166067 0.00998505 0.005358 0.00244977 0.000914883
 3.44075e-11 1.61836e-09 5.27091e-08 1.18872e-06 1.85636e-05 0.00020074 0.00150314 0.00779442 0.0279957 0.0697151 0.120805 0.147764 0.134365 0.105341 0.0882118 0.0796412 0.0669529 0.0509876 0.0370832 0.0259586 0.0169285 0.0100494 0.005322 0.00243514 0.000924993
 3.72023e-11 1.74981e-09 5.69903e-08 1.28528e-06 2.00714e-05 0.000217044 0.00162522 0.0084273 0.0302664 0.0753456 0.130398 0.158728 0.141863 0.106063 0.0827284 0.0713692 0.0592585 0.0452313 0.0330863 0.0232737 0.0152368 0.00906359 0.00479013 0.00218062 0.000825818
 3.78352e-11 1.77958e-09 5.79599e-08 1.30714e-06 2.04129e-05 0.000220737 0.00165287 0.00857069 0.0307817 0.0766307 0.132639 0.161532 0.144604 0.108538 0.0848886 0.0725231 0.0584088 0.042337 0.0293347 0.0199802 0.0129591 0.00771767 0.00409007 0.00186374 0.000705089
 3.43326e-11 1.61484e-09 5.25943e-08 1.18613e-06 1.85232e-05 0.000200302 0.00149987 0.00777754 0.0279361 0.0695761 0.12063 0.147859 0.135433 0.108161 0.0926456 0.0839921 0.069072 0.050115 0.0341411 0.0224215 0.0138848 0.00794978 0.00411975 0.00186212 0.000703448
 3.49583e-11 1.64427e-09 5.35528e-08 1.20775e-06 1.88608e-05 0.000203953 0.00152719 0.00791913 0.0284431 0.0708236 0.122688 0.149891 0.135739 0.105285 0.0869748 0.078272 0.0664297 0.0513 0.0373509 0.02548 0.0158021 0.00881875 0.00440156 0.00192191 0.000709156
 3.24016e-11 1.52401e-09 4.96362e-08 1.11942e-06 1.74814e-05 0.000189037 0.00141551 0.00734018 0.026366 0.0656745 0.113925 0.139921 0.129069 0.105008 0.0924096 0.0857882 0.0725127 0.0550493 0.0399723 0.0280406 0.0182235 0.0105807 0.00535464 0.00231051 0.000831139
 3.64706e-11 1.7154e-09 5.58694e-08 1.26e-06 1.96767e-05 0.000212775 0.00159325 0.00826155 0.0296713 0.0738646 0.12784 0.155637 0.139185 0.10429 0.0818441 0.0714993 0.0607358 0.0479138 0.0361396 0.0258382 0.0169798 0.0100588 0.00524376 0.00232359 0.000846266
 3.51738e-11 1.65441e-09 5.38829e-08 1.2152e-06 1.8977e-05 0.00020521 0.00153661 0.007968 0.0286191 0.0712663 0.123486 0.151009 0.137194 0.107234 0.0891282 0.0793097 0.064927 0.0475766 0.0335624 0.0234864 0.0156772 0.00953314 0.00509216 0.00230879 0.000859577
#pred catch len freq
 2.19979e-11 1.03468e-09 3.36988e-08 7.59992e-07 1.18684e-05 0.000128341 0.000961028 0.00498366 0.0179045 0.0446295 0.0776336 0.0963663 0.0921894 0.0820402 0.0812781 0.0833253 0.0787112 0.0699307 0.0612596 0.0529251 0.0451426 0.0385058 0.0321427 0.0244361 0.0154937
 1.03343e-11 4.86077e-10 1.58312e-08 3.57034e-07 5.57564e-06 6.02942e-05 0.000451526 0.00234226 0.00842566 0.0211084 0.037444 0.0498892 0.0585504 0.0737544 0.0961118 0.109832 0.106522 0.0948918 0.0830397 0.0713007 0.0593044 0.0478814 0.0370745 0.0262359 0.0157736
 7.74849e-12 3.64452e-10 1.187e-08 2.67698e-07 4.1805e-06 4.5207e-05 0.00033853 0.00175585 0.00631264 0.0157797 0.0277544 0.0359034 0.0390989 0.0451506 0.0592557 0.0777175 0.0961364 0.110721 0.114718 0.105652 0.0888061 0.0699559 0.0514619 0.0341317 0.0192995
 3.11158e-11 1.46354e-09 4.76666e-08 1.075e-06 1.67876e-05 0.000181534 0.0013593 0.00704809 0.025308 0.062953 0.108615 0.130631 0.111692 0.0730199 0.0450755 0.0354752 0.0372719 0.0452828 0.0558263 0.0633349 0.0629007 0.0540232 0.0402461 0.0258392 0.013898
 4.2455e-11 1.99688e-09 6.50371e-08 1.46675e-06 2.29054e-05 0.000247689 0.00185467 0.00961677 0.0345339 0.0859259 0.148412 0.179249 0.155633 0.106469 0.0700304 0.0506666 0.035952 0.0234003 0.0168713 0.0162335 0.0176644 0.0175439 0.0145673 0.00982054 0.00528311
 3.38972e-11 1.59436e-09 5.19273e-08 1.17109e-06 1.82883e-05 0.000197763 0.00148085 0.00767908 0.0275842 0.068719 0.119273 0.146799 0.136366 0.112672 0.100153 0.0907007 0.0704841 0.0451125 0.0257037 0.0147829 0.00986917 0.00802754 0.00674884 0.00486859 0.00275764
 2.9309e-11 1.37855e-09 4.48986e-08 1.01258e-06 1.58128e-05 0.000170994 0.00128042 0.00663984 0.0238529 0.0594414 0.103293 0.127713 0.120547 0.10382 0.0983517 0.0961117 0.0841626 0.0652186 0.0459809 0.028955 0.0161115 0.00858424 0.00497635 0.00306881 0.00170382
 2.96107e-11 1.39275e-09 4.53609e-08 1.023e-06 1.59756e-05 0.000172755 0.00129359 0.00670804 0.0240961 0.0600296 0.104194 0.128259 0.119266 0.099162 0.0903699 0.0874628 0.0785648 0.064977 0.0510537 0.0370573 0.0236779 0.0130769 0.00638283 0.00290907 0.00126942
 3.40826e-11 1.60308e-09 5.22114e-08 1.1775e-06 1.83883e-05 0.000198844 0.00148894 0.00772075 0.0277302 0.0690457 0.119589 0.146011 0.131929 0.101736 0.0834553 0.0751882 0.0648833 0.0522592 0.0410806 0.0312101 0.0217952 0.0133918 0.00701698 0.00309427 0.00115731
 3.33433e-11 1.56831e-09 5.10789e-08 1.15196e-06 1.79895e-05 0.000194531 0.00145665 0.00755346 0.0271313 0.067574 0.117173 0.143685 0.131816 0.105708 0.0910963 0.0830554 0.0689086 0.0511473 0.0366875 0.0262917 0.0182044 0.011609 0.0064912 0.00304113 0.0011569
 3.65994e-11 1.72146e-09 5.60669e-08 1.26445e-06 1.97462e-05 0.000213527 0.00159888 0.0082908 0.0297767 0.0741328 0.128341 0.156419 0.14043 0.106326 0.0845743 0.0738697 0.0613768 0.0464161 0.0333167 0.0229077 0.0148192 0.00894685 0.00492991 0.00236089 0.000931687
 3.56318e-11 1.67595e-09 5.45847e-08 1.23102e-06 1.92242e-05 0.000207882 0.00155662 0.00807177 0.0289918 0.0721956 0.125103 0.153016 0.139108 0.108898 0.0906172 0.0804085 0.0651339 0.0465958 0.0315459 0.0209272 0.0132216 0.00771019 0.00406122 0.00187749 0.000732099
 3.51461e-11 1.6531e-09 5.38405e-08 1.21424e-06 1.89621e-05 0.000205048 0.0015354 0.00796174 0.0285967 0.0712129 0.123408 0.150981 0.137392 0.107888 0.0903897 0.0811482 0.0670531 0.0492793 0.033898 0.0221401 0.0134092 0.00744256 0.00374734 0.00166411 0.000626995
 3.50144e-11 1.64691e-09 5.36388e-08 1.20969e-06 1.8891e-05 0.00020428 0.00152965 0.00793192 0.0284896 0.070946 0.122944 0.15041 0.136858 0.107445 0.0900095 0.0808722 0.0670284 0.0496516 0.0346666 0.0230647 0.014133 0.00778654 0.00380589 0.00161928 0.000583875
 3.2817e-11 1.54356e-09 5.02726e-08 1.13377e-06 1.77055e-05 0.000191461 0.00143366 0.00743432 0.0267043 0.06652 0.115409 0.141824 0.131076 0.107126 0.0946809 0.0876747 0.0731081 0.0539071 0.0374272 0.024912 0.0153851 0.0085658 0.004205 0.00177239 0.000623867
 3.37456e-11 1.58723e-09 5.16951e-08 1.16585e-06 1.82065e-05 0.000196878 0.00147422 0.00764454 0.0274579 0.0683827 0.118542 0.14521 0.132733 0.105519 0.0901524 0.082551 0.0699257 0.0533651 0.0384139 0.0261087 0.0162307 0.00905783 0.00446348 0.00188835 0.000663863
 3.58561e-11 1.6865e-09 5.49281e-08 1.23877e-06 1.93451e-05 0.00020919 0.00156641 0.00812248 0.0291731 0.0726384 0.125811 0.153606 0.138769 0.106872 0.0871127 0.077029 0.0637626 0.047701 0.0340232 0.0233845 0.0149118 0.00853712 0.0042788 0.00182613 0.000644631
 3.26451e-11 1.53547e-09 5.00092e-08 1.12783e-06 1.76127e-05 0.000190457 0.00142615 0.0073954 0.0265649 0.0661769 0.114842 0.141258 0.130967 0.107854 0.0961171 0.0890471 0.0735599 0.0532945 0.036374 0.0241224 0.0151162 0.00866464 0.00440649 0.0019166 0.000687518
 3.16527e-11 1.48879e-09 4.84889e-08 1.09355e-06 1.70773e-05 0.000184668 0.0013828 0.00717057 0.0257571 0.0641623 0.111331 0.136875 0.126719 0.104106 0.0930211 0.0877767 0.0756863 0.058629 0.0425903 0.0289105 0.0178514 0.00994792 0.00495823 0.00214636 0.000775388
 3.24639e-11 1.52695e-09 4.97316e-08 1.12157e-06 1.7515e-05 0.0001894 0.00141823 0.00735424 0.0264158 0.065793 0.114091 0.139939 0.128501 0.103399 0.0899073 0.0835226 0.0718184 0.0561869 0.0420062 0.0298886 0.019426 0.0112099 0.00563502 0.00241672 0.000862678
 3.26718e-11 1.53673e-09 5.00502e-08 1.12876e-06 1.76272e-05 0.000190613 0.00142732 0.00740137 0.0265853 0.066217 0.114839 0.140917 0.129586 0.104611 0.0911625 0.0842563 0.0713089 0.0543871 0.039747 0.0281661 0.0186615 0.0111642 0.00583869 0.00257972 0.000934021
 3.27652e-11 1.54112e-09 5.01932e-08 1.13198e-06 1.76775e-05 0.000191158 0.00143139 0.0074225 0.0266612 0.0664055 0.115163 0.1413 0.129891 0.104769 0.0912298 0.0843562 0.0714934 0.0545112 0.0395566 0.0276104 0.0180149 0.010738 0.00569293 0.00258186 0.000962097
 3.44023e-11 1.61812e-09 5.27012e-08 1.18854e-06 1.85608e-05 0.000200709 0.00150291 0.00779325 0.0279915 0.0697049 0.12079 0.147755 0.134387 0.105424 0.0883652 0.0798405 0.0671453 0.0511043 0.0370678 0.025822 0.0167462 0.0098868 0.00520233 0.00236146 0.000889793
 3.51566e-11 1.6536e-09 5.38567e-08 1.2146e-06 1.89678e-05 0.00020511 0.00153586 0.0079641 0.0286049 0.0712303 0.123418 0.150896 0.137005 0.106937 0.0888317 0.0793603 0.0656337 0.0487177 0.0344238 0.0235773 0.0151696 0.00891149 0.00466284 0.00210476 0.000791
 3.35473e-11 1.57791e-09 5.13914e-08 1.159e-06 1.80995e-05 0.000195721 0.00146556 0.00759969 0.0272976 0.0679902 0.117909 0.144656 0.132927 0.107067 0.0928526 0.0850666 0.0707308 0.0521822 0.0363229 0.024339 0.0152801 0.00878627 0.00452989 0.00202615 0.000756983
 3.2273e-11 1.51797e-09 4.94392e-08 1.11498e-06 1.7412e-05 0.000188287 0.00140989 0.00731107 0.0262615 0.065416 0.113488 0.139438 0.1288 0.105176 0.0930872 0.086922 0.0739108 0.0562442 0.0403427 0.0274083 0.0171172 0.00966742 0.00487294 0.00213518 0.000785464
 3.14479e-11 1.47916e-09 4.81752e-08 1.08647e-06 1.69668e-05 0.000183473 0.00137385 0.00712418 0.0255905 0.0637481 0.110617 0.13602 0.125995 0.103635 0.0926797 0.0873502 0.0751266 0.0582595 0.042924 0.0300569 0.0192979 0.0110907 0.00560194 0.00242784 0.000878028
 3.21792e-11 1.51355e-09 4.92955e-08 1.11174e-06 1.73614e-05 0.000187739 0.00140579 0.00728977 0.0261846 0.0652204 0.113121 0.138855 0.127845 0.10356 0.0907951 0.0846044 0.07252 0.0563127 0.041784 0.0297032 0.0195181 0.0115287 0.00596744 0.00262601 0.000953314
 3.33626e-11 1.56922e-09 5.11084e-08 1.15262e-06 1.79998e-05 0.000194643 0.00145749 0.00755778 0.0271463 0.067607 0.117199 0.143575 0.131271 0.104419 0.0892714 0.081763 0.0693336 0.053283 0.0391997 0.0278133 0.0184037 0.0110412 0.00584047 0.00263037 0.00097382
#obs catch len freq
 2.01006e-11 9.45434e-10 3.07922e-08 6.94442e-07 1.08447e-05 0.000117271 0.000878144 0.00455395 0.0163622 0.0407995 0.0710701 0.0886846 0.0863224 0.0798096 0.0823636 0.0863874 0.0827837 0.0747594 0.0668201 0.0589439 0.0507715 0.0422065 0.0325332 0.0218346 0.0119867
 2.19983e-11 1.03469e-09 3.36993e-08 7.60006e-07 1.18686e-05 0.000128343 0.000961042 0.00498369 0.0179041 0.0446226 0.0775823 0.09612 0.0913852 0.080255 0.078655 0.0810484 0.0783579 0.0722507 0.0658001 0.058428 0.0498289 0.0404495 0.0303605 0.0199914 0.0108748
 7.97877e-16 3.76016e-14 1.23415e-12 2.86831e-11 5.00644e-10 7.67803e-09 1.24836e-07 2.03426e-06 2.70859e-05 0.000262764 0.00179011 0.00848672 0.0279965 0.0646397 0.106186 0.129207 0.126678 0.113224 0.100807 0.0895193 0.0769313 0.0623579 0.0461481 0.0297992 0.015937
 1.05109e-11 4.94381e-10 1.61017e-08 3.63134e-07 5.67084e-06 6.13218e-05 0.000459165 0.00238072 0.00854742 0.0212497 0.0365846 0.0436596 0.0364655 0.023405 0.0199676 0.0369077 0.0728717 0.110889 0.130386 0.126921 0.110416 0.089134 0.0655908 0.0419508 0.022146
 5.10667e-11 2.40193e-09 7.82293e-08 1.76427e-06 2.75515e-05 0.000297929 0.00223084 0.0115667 0.0415289 0.103256 0.177837 0.212391 0.176638 0.103981 0.0459648 0.0181817 0.00905342 0.00809459 0.0114577 0.0160435 0.0183593 0.0170373 0.0131444 0.00846453 0.0044421
 2.99446e-11 1.40845e-09 4.58723e-08 1.03454e-06 1.61558e-05 0.000174704 0.00130821 0.00678429 0.0243767 0.0607931 0.10596 0.132493 0.129653 0.120214 0.120247 0.112593 0.08252 0.0446051 0.0189892 0.00901454 0.00751484 0.00787915 0.00709863 0.00502106 0.00274354
 3.80098e-11 1.7878e-09 5.82274e-08 1.31318e-06 2.05071e-05 0.000221755 0.00166049 0.00861009 0.0309215 0.076962 0.133098 0.161559 0.142961 0.104062 0.0785483 0.0685499 0.0610346 0.0504234 0.0366665 0.0220183 0.0108775 0.00524767 0.0031752 0.00214472 0.00123577
 2.21468e-11 1.04168e-09 3.39267e-08 7.65134e-07 1.19487e-05 0.00012921 0.000967564 0.00501809 0.0180359 0.0450324 0.078849 0.100282 0.103477 0.106581 0.118604 0.121195 0.101613 0.0728888 0.0502108 0.0345044 0.0218411 0.011801 0.00548618 0.00240955 0.00106115
 3.95988e-11 1.86254e-09 6.06616e-08 1.36807e-06 2.13644e-05 0.000231025 0.00172989 0.00896975 0.0322102 0.0801406 0.138397 0.167057 0.144812 0.0990106 0.066921 0.0549188 0.0510644 0.0471349 0.0398954 0.0294541 0.0188998 0.0107178 0.00532619 0.00226446 0.000822427
 3.22266e-11 1.51578e-09 4.93681e-08 1.11338e-06 1.7387e-05 0.000188016 0.00140788 0.00730071 0.0262262 0.0653449 0.113481 0.139973 0.130987 0.110167 0.100051 0.0917586 0.0722776 0.0486825 0.0322379 0.0231979 0.0167337 0.0107274 0.00576642 0.0025512 0.000920908
 3.72093e-11 1.75015e-09 5.70011e-08 1.28552e-06 2.00752e-05 0.000217085 0.00162552 0.00842888 0.030272 0.0753578 0.130409 0.158693 0.141686 0.105685 0.0823837 0.0716924 0.0606922 0.0470982 0.0339226 0.0225277 0.0138528 0.00810627 0.00442736 0.00209629 0.000805214
 3.83394e-11 1.8033e-09 5.87322e-08 1.32456e-06 2.06849e-05 0.000223678 0.00167489 0.00868489 0.0311918 0.0776513 0.134402 0.163663 0.146454 0.109768 0.0855125 0.072464 0.0574793 0.0407023 0.0275575 0.0184655 0.0117291 0.00675081 0.00345796 0.00155353 0.000592171
 3.52095e-11 1.65609e-09 5.39376e-08 1.21643e-06 1.89963e-05 0.000205419 0.00153817 0.00797616 0.0286492 0.0713496 0.123686 0.151518 0.138497 0.109974 0.0933038 0.083641 0.0676075 0.0476183 0.0311684 0.0196727 0.0117719 0.00653624 0.00328789 0.00144463 0.000533838
 3.74049e-11 1.75935e-09 5.73008e-08 1.29228e-06 2.01808e-05 0.000218226 0.00163407 0.00847324 0.030432 0.0757627 0.131154 0.159809 0.143343 0.108234 0.0856329 0.0742481 0.0609644 0.0451248 0.0312737 0.02035 0.0120608 0.00643157 0.00307524 0.00129339 0.000462503
 3.46961e-11 1.63194e-09 5.31511e-08 1.19869e-06 1.87193e-05 0.000202423 0.00151575 0.00785988 0.0282318 0.0703126 0.121906 0.149418 0.136839 0.109206 0.0933255 0.0841458 0.0684551 0.0488699 0.0328142 0.0213767 0.0130356 0.00714478 0.00342769 0.00140835 0.000485046
 3.05785e-11 1.43827e-09 4.68434e-08 1.05644e-06 1.64978e-05 0.000178401 0.00133588 0.00692738 0.0248854 0.0620073 0.107706 0.132956 0.124795 0.10596 0.0982969 0.0938677 0.0797129 0.0596804 0.0417168 0.0274946 0.0166121 0.00904577 0.00436697 0.00181231 0.000624403
 3.64694e-11 1.71535e-09 5.58677e-08 1.25996e-06 1.96761e-05 0.000212769 0.0015932 0.0082613 0.0296703 0.0738623 0.127836 0.155631 0.13918 0.104302 0.0819341 0.0717974 0.0613569 0.0487637 0.0368429 0.0259848 0.0164841 0.00923503 0.00450798 0.00187602 0.000647589
 3.52052e-11 1.65588e-09 5.3931e-08 1.21628e-06 1.8994e-05 0.000205393 0.00153798 0.00797515 0.0286453 0.0713361 0.123639 0.151344 0.137966 0.108771 0.0913354 0.0812953 0.0656038 0.0467193 0.0318997 0.0218335 0.0143601 0.00854609 0.00440113 0.00189815 0.000668122
 2.98998e-11 1.40634e-09 4.58036e-08 1.03299e-06 1.61316e-05 0.000174441 0.00130623 0.00677369 0.0243339 0.0606404 0.10538 0.13031 0.123027 0.105896 0.0997659 0.0959092 0.0813455 0.0605354 0.0420275 0.0277134 0.0170609 0.00971717 0.00501264 0.00223459 0.000818876
 3.36984e-11 1.58501e-09 5.16227e-08 1.16422e-06 1.8181e-05 0.000196602 0.00147215 0.00763374 0.0274183 0.0682735 0.118284 0.144571 0.131132 0.102231 0.0853899 0.0782749 0.0685554 0.0554855 0.0424581 0.0300904 0.0191191 0.0107978 0.00539829 0.00234437 0.000855296
 3.29798e-11 1.55121e-09 5.0522e-08 1.1394e-06 1.77934e-05 0.000192411 0.00144077 0.00747114 0.026836 0.066841 0.11592 0.142236 0.130768 0.105456 0.0915934 0.0840093 0.0701059 0.0525425 0.0381516 0.0274021 0.0185241 0.0111871 0.00582724 0.00255437 0.000923004
 3.29315e-11 1.54894e-09 5.0448e-08 1.13773e-06 1.77673e-05 0.000192129 0.00143866 0.00746017 0.0267964 0.0667403 0.115731 0.14194 0.130298 0.104729 0.0908 0.0838179 0.0711026 0.0542735 0.0393212 0.0273529 0.0178623 0.0107413 0.00576409 0.00263549 0.000984245
 3.26286e-11 1.53469e-09 4.99839e-08 1.12726e-06 1.76039e-05 0.000190361 0.00142543 0.00739158 0.0265503 0.06613 0.114691 0.140751 0.12948 0.104632 0.0913336 0.084574 0.0717386 0.0547974 0.0399115 0.0279595 0.0182394 0.010829 0.00573514 0.00262422 0.000996825
 3.55568e-11 1.67242e-09 5.44697e-08 1.22843e-06 1.91837e-05 0.000207445 0.00155334 0.00805468 0.0289294 0.0720295 0.124743 0.152238 0.137336 0.105388 0.0855884 0.0759069 0.0636767 0.0487656 0.0357229 0.0251461 0.0164676 0.00979688 0.0051779 0.00235719 0.000892689
 3.6207e-11 1.703e-09 5.54657e-08 1.25089e-06 1.95345e-05 0.000211238 0.00158175 0.00820199 0.0294588 0.0733502 0.127048 0.155136 0.140207 0.108053 0.087986 0.077251 0.0628504 0.0457084 0.0317191 0.0216219 0.0140289 0.00835591 0.00442852 0.002018 0.000763452
 3.25981e-11 1.53326e-09 4.99372e-08 1.12621e-06 1.75874e-05 0.000190184 0.0014241 0.00738477 0.0265268 0.0660815 0.114675 0.14105 0.130765 0.107681 0.0960089 0.0891096 0.0738815 0.0537542 0.0366721 0.0241032 0.0149318 0.00855053 0.00443132 0.00200299 0.000756669
 3.32873e-11 1.56567e-09 5.0993e-08 1.15002e-06 1.79592e-05 0.000194204 0.0014542 0.00754073 0.0270853 0.0674559 0.116945 0.1433 0.131142 0.104603 0.0898943 0.0829237 0.0709986 0.0549866 0.0400868 0.0273642 0.0169755 0.00947472 0.00472919 0.00206501 0.000761961
 3.06628e-11 1.44223e-09 4.69725e-08 1.05935e-06 1.65433e-05 0.000178893 0.00133956 0.00694643 0.0249532 0.0621705 0.10795 0.133069 0.124306 0.104341 0.0954981 0.0906412 0.0771988 0.0587611 0.0427242 0.0299924 0.0194981 0.011322 0.00573006 0.00247254 0.000889431
 3.48287e-11 1.63817e-09 5.33542e-08 1.20327e-06 1.87908e-05 0.000203196 0.00152153 0.00788973 0.0283371 0.0705551 0.122193 0.149146 0.134616 0.103503 0.0845305 0.0758807 0.0651066 0.0515267 0.0389166 0.0278412 0.0183009 0.0108426 0.00565258 0.00250479 0.000912262
#spawning biomass
 22124.3 21288.8 16665.9 12147.9 14179.8 25997.2 39745.4 46955.3 55038.8 67363.9 82457.5 96641.9 119812 147473 147607 134517 133737 133119 145930 156224 145373 141397 140451 156717 183299 206391 222606 193317 193092 202758 242979 168430 106776 68354.6 47066.8 36051.9 30591.3 27958.5 26712.4 26130 25860 25735.7 25678.6 25652.5 25640.6 25635.1 25632.7 25631.6 25631 25630.8 25630.7 25630.7 25630.6 25630.6 25630.6 25630.6 25630.6 25630.6 25630.6 25630.6 25630.6 25630.6 25630.6 25630.6 25630.6 25630.6 25630.6 25630.6 25630.6 25630.6 25630.6 25630.6 25630.6 25630.6 25630.6 25630.6 25630.6 25630.6 25630.6 25630.6 25630.6 25630.6 25630.6 25630.6 25630.6 25630.6 25630.6 25630.6 25630.6 25630.6 25630.6 25630.6 25630.6 25630.6 25630.6 25630.6 25630.6 25630.6 25630.6 25630.6 25630.6 25630.6 25630.6 25630.6 25630.6 25630.6 25630.6 25630.6 25630.6 25630.6 25630.6 25630.6 25630.6 25630.6 25630.6 25630.6 25630.6 25630.6 25630.6 25630.6 25630.6 25630.6 25630.6 25630.6 25630.6 25630.6 25630.6 25630.6 25630.6 0 0 0 0 0 0 0 0 0 0 0 0 0 0 0 0 0 0 0 0 0 0 0 0 0
