SBPRF35
0.178138
Curr Bio
198261
B35
444221
F35
0.997965
FOFL
0.42139
OFL
20789.2
Bzero
50895.7
#pred survey bio
 33353.9 31456.6 21007.8 17793.9 35396.6 57862.5 95098 139244 205016 204062 221470 245959 269595 277658 296786 260651 271962 259453 254937 269522 274539 305477 301290 330589 350612 282910 331110 253282 8.93952e+06 6.72052e+06 3.35026e+06 1.71132e+06 1.03681e+06 755914 627361 561292 524150 502162 488825 480658 475644 472569 470679 469504 468800 468376 468122 467968 467876 467820 467787 467766 467754 467747 467742 467739 467738 467737 467736 467736 467736 467736 467735 467735 467735 467735 467735 467735 467735 467735 467735 467735 467735 467735 467735 467735 467735 467735 467735 467735 467735 467735 467735 467735 467735 467735 467735 467735 467735 467735 467735 467735 467735 467735 467735 467735 467735 467735 467735 467735 467735 467735 467735 467735 467735 467735 467735 467735 467735 467735 467735 467735 467735 467735 467735 467735 467735 467735 467735 467735 467735 467735 467735 467735 467735 467735 467735 467735 0 0 0 0 0 0 0 0 0 0 0 0 0 0 0 0 0 0 0 0 0 0 0 0 0
#obs survey bio
 27764.6 19016.1 8389.38 16452.3 32965.6 81543.1 83129.8 125925 201362 159097 203980 158841 210782 253500 249250 188220 172772 125980 184955 183104 243613 215868 241227 231204 263896 205681 163852 164845
#pred catch bio
 12111.4 14766.4 10615.2 8443.44 19263.9 31717.3 59785.9 78957.2 139528 135278 150831 169545 196459 193346 221237 193088 199000 191469 195013 206498 205224 243161 235095 253681 288451 224430 278716 201410 20789.2 157625 65247.4 25598.7 12478.5 8624.07 7574.93 7303.84 7236.32 7219.94 7216.05 7215.14 7214.93 7214.88 7214.87 7214.87 7214.87 7214.87 7214.87 7214.87 7214.87 7214.87 7214.87 7214.87 7214.87 7214.87 7214.87 7214.87 7214.87 7214.87 7214.87 7214.87 7214.87 7214.87 7214.87 7214.87 7214.87 7214.87 7214.87 7214.87 7214.87 7214.87 7214.87 7214.87 7214.87 7214.87 7214.87 7214.87 7214.87 7214.87 7214.87 7214.87 7214.87 7214.87 7214.87 7214.87 7214.87 7214.87 7214.87 7214.87 7214.87 7214.87 7214.87 7214.87 7214.87 7214.87 7214.87 7214.87 7214.87 7214.87 7214.87 7214.87 7214.87 7214.87 7214.87 7214.87 7214.87 7214.87 7214.87 7214.87 7214.87 7214.87 7214.87 7214.87 7214.87 7214.87 7214.87 7214.87 7214.87 7214.87 7214.87 7214.87 7214.87 7214.87 7214.87 7214.87 7214.87 7214.87 7214.87 7214.87 0 0 0 0 0 0 0 0 0 0 0 0 0 0 0 0 0 0 0 0 0 0 0 0 0
#obs catch bio
 17088.9 17260.2 12833.6 9547.16 13708 24009.7 45589.7 64560.3 115177 119868 146476 145547 170366 170059 201062 171684 192442 170662 169608 199155 172505 217350 210731 230055 249798 188024 287365 175360
#pred cpue bio
 23868.2 23077 17824.6 10001.4 12997.8 24241.3 39212.8 52746.7 89602.4 93515.6 99239.3 102273 110262 104701 120854 105853 96930.2 102764 96579.2 86069.2 89336.1 99550.7 88338.6 94959.4 109333 85426.9 85356.1 71329.6 2.56992e+06 6.49762e+06 3.2302e+06 1.59081e+06 916291 635392 506839 440770 403628 381640 368302 360136 355122 352047 350157 348982 348278 347854 347600 347446 347354 347298 347265 347244 347232 347225 347220 347217 347216 347215 347214 347214 347214 347213 347213 347213 347213 347213 347213 347213 347213 347213 347213 347213 347213 347213 347213 347213 347213 347213 347213 347213 347213 347213 347213 347213 347213 347213 347213 347213 347213 347213 347213 347213 347213 347213 347213 347213 347213 347213 347213 347213 347213 347213 347213 347213 347213 347213 347213 347213 347213 347213 347213 347213 347213 347213 347213 347213 347213 347213 347213 347213 347213 347213 347213 347213 347213 347213 347213 347213 0 0 0 0 0 0 0 0 0 0 0 0 0 0 0 0 0 0 0 0 0 0 0 0 0
#obs cpue bio
 35501.2 15954 13787.5 19009.3 37755 72108.9 104698 117205 220483 147702 157487 269282 268498 181906 217757 228502 168159 319635 256591 141455 212199 215655 169395 193843 279497 219904 153443 190893
#pred surv len freq
 1.37902e-11 1.49679e-09 9.57946e-08 3.61499e-06 8.04382e-05 0.00105539 0.00816589 0.0372767 0.100641 0.162682 0.166823 0.133629 0.114216 0.0969974 0.0668813 0.0405298 0.0247081 0.0151748 0.0095443 0.00637877 0.00463411 0.00371472 0.00312303 0.00236873 0.00137129
 1.249e-11 1.35567e-09 8.67624e-08 3.27415e-06 7.28541e-05 0.000955894 0.00739641 0.0337727 0.0913 0.14854 0.156812 0.137173 0.130493 0.115178 0.0780673 0.0445931 0.0248986 0.0135679 0.00721208 0.0039124 0.0022693 0.00148235 0.00108341 0.000772684 0.000442955
 7.76387e-12 8.42694e-10 5.39323e-08 2.03524e-06 4.52873e-05 0.000594231 0.00459919 0.0210286 0.0572356 0.0962449 0.116172 0.138115 0.170057 0.162922 0.11027 0.0604143 0.031737 0.016052 0.00765607 0.00353389 0.00162871 0.000803434 0.000456654 0.000280916 0.000151786
 1.74501e-11 1.89404e-09 1.21218e-07 4.57439e-06 0.000101786 0.00133546 0.0103321 0.0471458 0.127022 0.203187 0.198342 0.133148 0.0846751 0.0634891 0.0487873 0.0360654 0.0237138 0.0127482 0.0058439 0.00245666 0.000971087 0.00037377 0.00015286 7.09161e-05 3.2955e-05
 1.99666e-11 2.16718e-09 1.38699e-07 5.23407e-06 0.000116464 0.00152805 0.0118219 0.0539414 0.145294 0.23212 0.225146 0.146917 0.085658 0.0538091 0.0283056 0.0103561 0.00300844 0.00107619 0.000519495 0.000239008 9.24283e-05 3.11362e-05 9.8005e-06 3.17367e-06 1.09777e-06
 1.89119e-11 2.05271e-09 1.31373e-07 4.95761e-06 0.000110313 0.00144735 0.0111978 0.0510987 0.137708 0.220574 0.216665 0.148749 0.0969791 0.0661891 0.0349589 0.0116835 0.00233702 0.000276652 1.9389e-05 8.2172e-07 2.78165e-08 3.08979e-09 8.19003e-10 2.07022e-10 5.0015e-11
 1.90357e-11 2.06614e-09 1.32233e-07 4.99005e-06 0.000111035 0.00145682 0.011271 0.0514323 0.138599 0.221937 0.217698 0.148638 0.0958147 0.0648626 0.0341753 0.0114195 0.00228698 0.000271991 1.93652e-05 8.54416e-07 2.5776e-08 6.30203e-10 1.35829e-11 2.90577e-13 1.83505e-14
 1.9643e-11 2.13206e-09 1.36452e-07 5.14926e-06 0.000114577 0.00150329 0.0116305 0.0530698 0.142973 0.228627 0.222774 0.148115 0.0901291 0.0583709 0.0303195 0.0100951 0.00201731 0.000238541 1.6646e-05 6.85439e-07 1.66798e-08 2.41241e-10 2.11761e-12 1.21424e-14 5.6318e-17
 1.85669e-11 2.01526e-09 1.28977e-07 4.86717e-06 0.000108301 0.00142094 0.0109936 0.0501686 0.135224 0.216775 0.213783 0.149048 0.100213 0.0698791 0.0371481 0.0124322 0.00248717 0.000294292 2.05707e-05 8.52003e-07 2.11651e-08 3.28276e-10 3.54469e-12 3.15479e-14 2.4002e-16
 1.81497e-11 1.96998e-09 1.26078e-07 4.7578e-06 0.000105867 0.00138902 0.0107466 0.0490437 0.132219 0.212179 0.210296 0.14941 0.104123 0.0743417 0.0397955 0.0133376 0.00266872 0.000315632 2.20222e-05 9.06133e-07 2.19898e-08 3.1489e-10 2.6661e-12 1.34428e-14 4.13915e-17
 1.83516e-11 1.99188e-09 1.2748e-07 4.81071e-06 0.000107044 0.00140446 0.0108661 0.0495878 0.133673 0.214402 0.211983 0.149235 0.102231 0.072183 0.0385147 0.0128994 0.00258071 0.000305228 2.12995e-05 8.76903e-07 2.13245e-08 3.07633e-10 2.67355e-12 1.47091e-14 5.8059e-17
 1.89706e-11 2.05908e-09 1.31781e-07 4.973e-06 0.000110655 0.00145184 0.0112325 0.051257 0.138131 0.221221 0.217156 0.148698 0.09643 0.0655619 0.0345861 0.011555 0.00231059 0.000273242 1.90644e-05 7.84461e-07 1.90401e-08 2.72806e-10 2.31448e-12 1.17527e-14 3.70213e-17
 1.90975e-11 2.07285e-09 1.32662e-07 5.00625e-06 0.000111395 0.00146154 0.0113076 0.0515989 0.139044 0.222618 0.218216 0.148588 0.0952415 0.0642055 0.0337813 0.0112796 0.00225526 0.00026669 1.86066e-05 7.65541e-07 1.85737e-08 2.65754e-10 2.24342e-12 1.11916e-14 3.31765e-17
 1.96734e-11 2.13536e-09 1.36663e-07 5.15722e-06 0.000114754 0.00150561 0.0116484 0.0531516 0.143192 0.228961 0.223027 0.148089 0.0898447 0.0580464 0.0301269 0.0100292 0.00200402 0.000236952 1.65313e-05 6.80143e-07 1.65007e-08 2.3604e-10 1.99097e-12 9.90327e-15 2.90524e-17
 1.91304e-11 2.07642e-09 1.32891e-07 5.01488e-06 0.000111587 0.00146406 0.0113271 0.0516877 0.139281 0.222981 0.218491 0.14856 0.0949329 0.0638534 0.0335724 0.0112082 0.00224089 0.00026499 1.84878e-05 7.60643e-07 1.84538e-08 2.63984e-10 2.22684e-12 1.10795e-14 3.25349e-17
 1.91507e-11 2.07862e-09 1.33031e-07 5.02019e-06 0.000111705 0.00146561 0.011339 0.0517423 0.139427 0.223204 0.21866 0.148542 0.0947431 0.0636368 0.0334438 0.0111642 0.00223206 0.000263944 1.84148e-05 7.57638e-07 1.83808e-08 2.62932e-10 2.21775e-12 1.10304e-14 3.23494e-17
 2.0032e-11 2.17428e-09 1.39154e-07 5.25122e-06 0.000116846 0.00153306 0.0118607 0.0541185 0.145774 0.23291 0.226024 0.147778 0.0864842 0.0542112 0.0278513 0.00925049 0.00184758 0.000218435 1.52392e-05 6.26978e-07 1.52109e-08 2.17588e-10 1.83529e-12 9.12824e-15 2.67718e-17
 1.9334e-11 2.09852e-09 1.34305e-07 5.06824e-06 0.000112775 0.00147964 0.0114475 0.0522365 0.140747 0.225222 0.220191 0.148383 0.0930254 0.0616764 0.0322807 0.0107662 0.00215209 0.000254479 1.77544e-05 7.30463e-07 1.77215e-08 2.53501e-10 2.13819e-12 1.06346e-14 3.1187e-17
 1.96425e-11 2.13201e-09 1.36448e-07 5.14913e-06 0.000114574 0.00150326 0.0116302 0.0530685 0.14297 0.228621 0.22277 0.148116 0.0901336 0.0583761 0.0303225 0.0100961 0.00201747 0.000238544 1.66424e-05 6.84714e-07 1.66116e-08 2.37625e-10 2.00429e-12 9.96876e-15 2.92364e-17
 2.0648e-11 2.24114e-09 1.43433e-07 5.41271e-06 0.000120439 0.0015802 0.0122253 0.0557793 0.15021 0.239695 0.231171 0.147244 0.0807115 0.0476229 0.0239422 0.00791288 0.00157884 0.000186626 1.30195e-05 5.35651e-07 1.29952e-08 1.85892e-10 1.56793e-12 7.79823e-15 2.28685e-17
 2.05495e-11 2.23045e-09 1.42749e-07 5.38689e-06 0.000119865 0.00157266 0.012167 0.0555138 0.149501 0.238611 0.230348 0.14733 0.0816344 0.0486762 0.0245672 0.00812674 0.00162181 0.000191712 1.33744e-05 5.50252e-07 1.33494e-08 1.9096e-10 1.61067e-12 8.0108e-15 2.34918e-17
 2.05416e-11 2.2296e-09 1.42694e-07 5.38483e-06 0.000119819 0.00157206 0.0121623 0.0554926 0.149444 0.238524 0.230282 0.147336 0.0817083 0.0487605 0.0246172 0.00814385 0.00162524 0.000192118 1.34028e-05 5.5142e-07 1.33778e-08 1.91365e-10 1.61409e-12 8.02781e-15 2.35417e-17
 2.10628e-11 2.28617e-09 1.46314e-07 5.52145e-06 0.000122859 0.00161194 0.0124708 0.0568977 0.153197 0.244264 0.234637 0.146884 0.0768243 0.0431866 0.02131 0.00701218 0.00139788 0.000165207 1.15248e-05 4.74154e-07 1.15032e-08 1.6455e-10 1.38792e-12 6.90291e-15 2.02428e-17
 2.11552e-11 2.2962e-09 1.46956e-07 5.54567e-06 0.000123398 0.00161901 0.0125254 0.0571468 0.153863 0.245282 0.235409 0.146804 0.0759584 0.0421984 0.0207237 0.00681155 0.00135757 0.000160435 1.11919e-05 4.60456e-07 1.11709e-08 1.59796e-10 1.34782e-12 6.70349e-15 1.9658e-17
 2.07687e-11 2.25424e-09 1.44271e-07 5.44435e-06 0.000121143 0.00158943 0.0122967 0.0561047 0.151079 0.241025 0.232179 0.147139 0.0795805 0.0463321 0.0231764 0.00765081 0.00152619 0.000180394 1.25846e-05 5.17758e-07 1.25611e-08 1.79683e-10 1.51556e-12 7.53772e-15 2.21044e-17
 2.09256e-11 2.27127e-09 1.45361e-07 5.48547e-06 0.000122058 0.00160144 0.0123895 0.0565277 0.152209 0.242752 0.23349 0.147003 0.0781104 0.0446544 0.0221809 0.00731019 0.00145775 0.000172293 1.20194e-05 4.94501e-07 1.19969e-08 1.71612e-10 1.44748e-12 7.19914e-15 2.11115e-17
 2.16008e-11 2.34456e-09 1.50052e-07 5.66248e-06 0.000125997 0.00165311 0.0127892 0.0583482 0.157072 0.250189 0.239132 0.146418 0.0717829 0.037433 0.0178962 0.00584403 0.00116319 0.000137427 9.58637e-06 3.94397e-07 9.56825e-09 1.36871e-10 1.15445e-12 5.74176e-15 1.68378e-17
 2.12417e-11 2.30558e-09 1.47557e-07 5.56834e-06 0.000123902 0.00162563 0.0125766 0.0573799 0.154486 0.246234 0.236131 0.146729 0.0751482 0.0412737 0.020175 0.0066238 0.00131985 0.000155971 1.08803e-05 4.47637e-07 1.08599e-08 1.55348e-10 1.3103e-12 6.51686e-15 1.91107e-17
#obs surv len freq
 4.54078e-11 4.20824e-09 2.29963e-07 7.40971e-06 0.000140778 0.00157715 0.0104205 0.0406416 0.0940173 0.132263 0.126929 0.114843 0.120308 0.116288 0.0950362 0.0691195 0.0430574 0.0219464 0.00920722 0.00315134 0.000846872 0.000171387 2.51007e-05 2.55633e-06 1.74543e-07
 3.41309e-11 3.05081e-09 1.60794e-07 4.99705e-06 9.15699e-05 0.000989525 0.00630875 0.0237908 0.0537822 0.0778354 0.0914542 0.120178 0.154983 0.156684 0.128615 0.0916834 0.0540957 0.0254906 0.00986886 0.00316369 0.000803763 0.000152861 2.07549e-05 1.93905e-06 1.21028e-07
 1.42058e-11 1.2226e-09 6.20425e-08 1.85647e-06 3.27568e-05 0.000340919 0.00209597 0.00767219 0.0174014 0.0288954 0.0497874 0.0927513 0.143216 0.176124 0.182148 0.149588 0.0901713 0.0402945 0.0142324 0.00411164 0.000947699 0.000165486 2.07711e-05 1.79276e-06 1.02885e-07
 2.67614e-10 2.21398e-08 1.08e-06 3.10643e-05 0.000526849 0.00526864 0.031067 0.108019 0.221492 0.268028 0.192195 0.0838791 0.0271202 0.0146988 0.015562 0.0145431 0.00991595 0.00502506 0.0019288 0.000557111 0.000119743 1.89021e-05 2.13738e-06 1.67272e-07 8.75793e-09
 1.85778e-10 1.47516e-08 6.9067e-07 1.90674e-05 0.000310389 0.00297958 0.0168745 0.0565152 0.113328 0.144544 0.146223 0.160217 0.165949 0.118986 0.053029 0.0152771 0.00375253 0.00127554 0.000511775 0.000163788 3.70964e-05 5.79021e-06 6.14928e-07 4.38811e-08 2.07268e-09
 4.47196e-10 3.40328e-08 1.52716e-06 4.04071e-05 0.000630405 0.00579932 0.0314608 0.100693 0.19061 0.216189 0.156679 0.0927543 0.0663064 0.0553218 0.042737 0.0262063 0.0110519 0.00295272 0.000498765 5.99786e-05 6.83935e-06 8.30521e-07 8.35389e-08 5.76337e-09 2.57226e-10
 5.11013e-10 3.72217e-08 1.59863e-06 4.04844e-05 0.000604535 0.00532321 0.0276495 0.0848592 0.155258 0.176956 0.149875 0.13185 0.1193 0.0827238 0.0411238 0.0164786 0.0058147 0.00170051 0.000374878 5.85442e-05 6.23052e-06 4.53026e-07 2.4193e-08 1.05001e-09 3.68646e-11
 8.29137e-10 5.77301e-08 2.37009e-06 5.73741e-05 0.000818951 0.00689307 0.0342205 0.100333 0.174907 0.187557 0.143108 0.109381 0.093917 0.0711893 0.0443249 0.0224337 0.00835469 0.0020993 0.000354857 4.32475e-05 4.10873e-06 3.03082e-07 1.60921e-08 5.77164e-10 1.37408e-11
 9.93464e-10 6.60419e-08 2.58865e-06 5.98297e-05 0.000815376 0.00655301 0.0310739 0.0871828 0.146803 0.158805 0.139852 0.135616 0.125783 0.0884825 0.047861 0.0213422 0.00748793 0.00189547 0.000337359 4.27967e-05 3.88928e-06 2.50544e-07 1.13609e-08 3.61718e-10 7.96943e-12
 1.14429e-09 7.25448e-08 2.71185e-06 5.97744e-05 0.000776908 0.00595534 0.026948 0.0723275 0.117954 0.130221 0.131555 0.148089 0.146159 0.10965 0.0655653 0.0312038 0.0106824 0.00243716 0.000369783 3.92987e-05 3.10394e-06 1.84385e-07 7.92412e-09 2.34971e-10 4.65811e-12
 2.58236e-09 1.55968e-07 5.55448e-06 0.000116638 0.00144421 0.0105452 0.0454253 0.115703 0.176278 0.169892 0.127911 0.106331 0.0944498 0.072723 0.0464378 0.0228807 0.00780953 0.00175526 0.000262961 2.73653e-05 2.03901e-06 1.08631e-07 4.06634e-09 1.05405e-10 1.86793e-12
 3.58787e-09 2.06243e-07 6.99054e-06 0.000139711 0.00164647 0.0114431 0.0469398 0.114098 0.167676 0.163217 0.138588 0.130047 0.108929 0.0676278 0.0323532 0.0126027 0.00376243 0.000793273 0.000116104 1.20708e-05 9.01792e-07 4.75557e-08 1.72186e-09 4.19339e-11 6.77656e-13
 5.44435e-09 2.97588e-07 9.59121e-06 0.000182272 0.00204255 0.013499 0.05266 0.121791 0.170702 0.15999 0.133472 0.12389 0.103336 0.066332 0.0338489 0.0135716 0.0038587 0.000718833 8.66586e-05 7.04205e-06 4.12291e-07 1.81554e-08 5.92216e-10 1.36231e-11 2.11223e-13
 7.35457e-09 3.81933e-07 1.16951e-05 0.000211161 0.00224822 0.0141185 0.0523648 0.115478 0.156466 0.149388 0.138142 0.137369 0.113098 0.0697464 0.0340453 0.0130401 0.00355115 0.000639511 7.54809e-05 6.02034e-06 3.35747e-07 1.32088e-08 3.61598e-10 6.79368e-12 8.71038e-14
 1.04005e-08 5.12755e-07 1.49058e-05 0.000255501 0.00258259 0.0153989 0.0542577 0.113972 0.148921 0.143015 0.139648 0.141934 0.11587 0.0716203 0.0352128 0.0132347 0.00342438 0.000572082 6.14075e-05 4.38561e-06 2.18656e-07 7.81441e-09 1.97927e-10 3.44743e-12 4.02022e-14
 1.77219e-08 8.28883e-07 2.28594e-05 0.000371732 0.00356464 0.020163 0.0673809 0.134088 0.165074 0.14658 0.130025 0.123749 0.0992014 0.0626397 0.0316498 0.011905 0.00302654 0.000499153 5.40203e-05 3.97146e-06 2.03253e-07 7.20706e-09 1.73224e-10 2.77261e-12 2.93197e-14
 2.50066e-08 1.10893e-06 2.89963e-05 0.000447073 0.00406491 0.0218055 0.0691756 0.131314 0.157576 0.145751 0.141598 0.135927 0.10079 0.0561036 0.0247757 0.00835538 0.00195285 0.000300007 3.04732e-05 2.1226e-06 1.04434e-07 3.62022e-09 8.61481e-11 1.3695e-12 1.42586e-14
 3.67677e-08 1.54512e-06 3.82865e-05 0.000559409 0.00482015 0.0245065 0.0737233 0.133045 0.153434 0.140564 0.138043 0.132532 0.100212 0.0591165 0.0275643 0.00936914 0.00212544 0.000312118 3.02147e-05 2.00483e-06 9.36513e-08 3.0665e-09 6.87616e-11 1.03267e-12 1.02225e-14
 5.81394e-08 2.31436e-06 5.43225e-05 0.000751847 0.00613668 0.029557 0.084264 0.144341 0.159027 0.141371 0.135326 0.124867 0.0905007 0.0513733 0.0230187 0.00750398 0.00164326 0.000236743 2.29423e-05 1.54076e-06 7.22302e-08 2.32252e-09 5.00678e-11 7.12459e-13 6.62545e-15
 8.50017e-08 3.20414e-06 7.12172e-05 0.000933391 0.00721471 0.0329157 0.0889918 0.14536 0.156138 0.14228 0.140352 0.12633 0.0866968 0.0461404 0.0193139 0.00587893 0.00120239 0.000161917 1.47179e-05 9.3535e-07 4.20553e-08 1.31408e-09 2.77456e-11 3.86793e-13 3.50001e-15
 1.31073e-07 4.67757e-06 9.84277e-05 0.0012213 0.00893748 0.0386095 0.0989028 0.153491 0.158315 0.14144 0.136807 0.11908 0.0793413 0.0412398 0.0166681 0.00480301 0.000915334 0.000113369 9.36451e-06 5.36894e-07 2.18274e-08 6.22895e-10 1.21594e-11 1.58518e-13 1.35453e-15
 1.82936e-07 6.17967e-06 0.00012309 0.00144577 0.0100162 0.0409818 0.0996459 0.148246 0.152031 0.143653 0.144364 0.122813 0.0782459 0.0387234 0.0148394 0.00404244 0.000729219 8.58513e-05 6.76079e-06 3.67947e-07 1.40062e-08 3.67869e-10 6.52308e-12 7.67959e-14 5.93121e-16
 2.72527e-07 8.71375e-06 0.000164284 0.00182644 0.0119777 0.0464023 0.106961 0.151677 0.151026 0.14218 0.141188 0.117503 0.0742588 0.0367319 0.0138081 0.00360099 0.000613328 6.78114e-05 5.00835e-06 2.55763e-07 9.14439e-09 2.25565e-10 3.74674e-12 4.10863e-14 2.93226e-16
 3.90063e-07 1.18049e-05 0.000210661 0.00221686 0.0137626 0.050501 0.110541 0.150502 0.149049 0.145036 0.144246 0.115768 0.0699401 0.0329998 0.0117782 0.00291033 0.000471264 4.99025e-05 3.55403e-06 1.75006e-07 5.98094e-09 1.39355e-10 2.1664e-12 2.21217e-14 1.46695e-16
 5.6471e-07 1.61773e-05 0.000273266 0.00272213 0.0159989 0.0556098 0.115595 0.151056 0.148112 0.146382 0.143865 0.111826 0.0655784 0.0299737 0.0102163 0.00237694 0.000359239 3.53105e-05 2.32824e-06 1.06349e-07 3.39302e-09 7.43273e-11 1.09073e-12 1.05104e-14 6.55283e-17
 7.72847e-07 2.09589e-05 0.000335156 0.00316073 0.0175906 0.0579542 0.114703 0.145367 0.145121 0.150076 0.147716 0.112282 0.0646701 0.0289777 0.0095526 0.00213129 0.000309613 2.9513e-05 1.90016e-06 8.44015e-08 2.57843e-09 5.31416e-11 7.24999e-13 6.46385e-15 3.72966e-17
 1.09286e-06 2.806e-05 0.000424831 0.00379341 0.0199937 0.0624485 0.117719 0.144661 0.145845 0.153771 0.148205 0.10819 0.059699 0.0254581 0.00788837 0.00163494 0.000218261 1.89207e-05 1.10135e-06 4.44488e-08 1.25245e-09 2.41918e-11 3.12181e-13 2.63493e-15 1.43196e-17
 1.52042e-06 3.69647e-05 0.000529937 0.00448096 0.0223707 0.066263 0.11907 0.142182 0.144757 0.154757 0.147117 0.106031 0.0584813 0.0247508 0.00746777 0.00149319 0.000193078 1.63801e-05 9.38017e-07 3.68694e-08 9.8845e-10 1.77396e-11 2.0964e-13 1.6144e-15 8.03525e-18
#pred catch len freq
 2.24576e-12 2.43756e-10 1.56004e-08 5.88717e-07 1.31006e-05 0.000171945 0.00133268 0.00613691 0.017301 0.0338778 0.0624883 0.121781 0.188028 0.193682 0.139494 0.0854063 0.0522467 0.032122 0.0202068 0.0135049 0.00981112 0.00786462 0.00661191 0.00501495 0.00290322
 2.1254e-12 2.30692e-10 1.47643e-08 5.57168e-07 1.23987e-05 0.000162741 0.0012617 0.00581848 0.0165174 0.0332255 0.0646941 0.130889 0.203868 0.208485 0.145938 0.0839926 0.047021 0.0256456 0.0136342 0.00739622 0.00428997 0.00280228 0.00204812 0.0014607 0.000837375
 9.424e-13 1.02289e-10 6.54651e-09 2.47055e-07 5.49838e-06 7.22151e-05 0.000561647 0.00263138 0.0080309 0.0204607 0.0560717 0.135451 0.220716 0.226371 0.155488 0.085591 0.0450819 0.0228266 0.0108899 0.00502659 0.00231664 0.00114278 0.000649532 0.000399567 0.000215897
 5.87141e-12 6.37285e-10 4.07862e-08 1.53915e-06 3.42485e-05 0.000449392 0.00347838 0.0159089 0.0433685 0.0734707 0.09119 0.114451 0.148878 0.156086 0.130017 0.0973384 0.0640966 0.034463 0.0157979 0.00664086 0.002625 0.00101035 0.000413203 0.000191696 8.90819e-05
 1.50317e-11 1.63155e-09 1.04419e-07 3.94045e-06 8.768e-05 0.00115041 0.00890119 0.0406359 0.109747 0.177689 0.183535 0.150147 0.130259 0.105328 0.0596648 0.0221714 0.00645386 0.00230624 0.00111255 0.000511798 0.000197917 6.66719e-05 2.09858e-05 6.79577e-06 2.35065e-06
 1.26072e-11 1.36839e-09 8.75765e-08 3.30487e-06 7.35379e-05 0.000964876 0.00746628 0.0341004 0.0923051 0.151134 0.163986 0.154214 0.156059 0.133616 0.0749668 0.0253745 0.00508841 0.000602654 4.224e-05 1.79002e-06 6.05373e-08 6.71e-09 1.77805e-09 4.4944e-10 1.08581e-10
 1.48017e-11 1.60659e-09 1.02821e-07 3.88016e-06 8.63386e-05 0.00113282 0.00876514 0.0400172 0.108109 0.175305 0.18232 0.152306 0.135486 0.110141 0.0610437 0.0206174 0.00413784 0.00049231 3.50518e-05 1.54616e-06 4.6613e-08 1.13833e-09 2.45103e-11 5.2406e-13 3.30868e-14
 1.48462e-11 1.61141e-09 1.0313e-07 3.89181e-06 8.65978e-05 0.00113622 0.00879144 0.040137 0.108429 0.175795 0.182694 0.152274 0.13508 0.109672 0.0607583 0.0205108 0.00410996 0.000486253 3.39357e-05 1.39741e-06 3.40049e-08 4.91797e-10 4.31637e-12 2.47388e-14 1.14613e-16
 1.48935e-11 1.61655e-09 1.03459e-07 3.90422e-06 8.68741e-05 0.00113984 0.00881947 0.0402647 0.10877 0.176316 0.18309 0.152233 0.134635 0.109165 0.060458 0.0204088 0.00408997 0.000484104 3.38404e-05 1.40159e-06 3.48146e-08 5.39824e-10 5.82444e-12 5.17746e-14 3.93533e-16
 1.37534e-11 1.4928e-09 9.55389e-08 3.60534e-06 8.02237e-05 0.00105259 0.00814468 0.0371908 0.10056 0.163759 0.173563 0.153222 0.14532 0.121359 0.0676926 0.0228835 0.0045866 0.000542642 3.78636e-05 1.55797e-06 3.78084e-08 5.41409e-10 4.58391e-12 2.31114e-14 7.11491e-17
 1.45065e-11 1.57454e-09 1.00771e-07 3.80277e-06 8.46167e-05 0.00111022 0.00859042 0.0392213 0.105983 0.172054 0.179856 0.152569 0.138263 0.113304 0.0629136 0.0212483 0.00425812 0.000503783 3.51575e-05 1.44745e-06 3.51988e-08 5.07771e-10 4.41239e-12 2.42669e-14 9.57007e-17
 1.5774e-11 1.71212e-09 1.09575e-07 4.13503e-06 9.20098e-05 0.00120722 0.00934058 0.0426386 0.115111 0.186014 0.190447 0.15147 0.126385 0.099749 0.0548706 0.018496 0.00370511 0.000438306 3.05831e-05 1.25845e-06 3.05446e-08 4.37639e-10 3.71283e-12 1.88518e-14 5.93678e-17
 1.65786e-11 1.79945e-09 1.15165e-07 4.34595e-06 9.67029e-05 0.00126879 0.00981679 0.0448079 0.120905 0.194876 0.197169 0.150772 0.118845 0.091144 0.0497649 0.016749 0.0033541 0.000396754 2.76826e-05 1.13898e-06 2.76341e-08 3.95391e-10 3.33776e-12 1.66507e-14 4.93574e-17
 1.70998e-11 1.85601e-09 1.18785e-07 4.48256e-06 9.97426e-05 0.00130867 0.0101252 0.0462129 0.124658 0.200615 0.201524 0.150321 0.113962 0.0855707 0.046458 0.0156174 0.00312675 0.000369844 2.58047e-05 1.06169e-06 2.57574e-08 3.68455e-10 3.10787e-12 1.54588e-14 4.53503e-17
 1.68534e-11 1.82927e-09 1.17073e-07 4.41798e-06 9.83057e-05 0.00128982 0.00997941 0.0455487 0.122884 0.197902 0.199465 0.150534 0.116271 0.0882053 0.0480213 0.0161523 0.00323422 0.000382565 2.66924e-05 1.09821e-06 2.66436e-08 3.81141e-10 3.21512e-12 1.59966e-14 4.69735e-17
 1.68249e-11 1.82619e-09 1.16876e-07 4.41052e-06 9.81397e-05 0.00128764 0.00996257 0.045472 0.122679 0.197588 0.199228 0.150559 0.116537 0.0885097 0.0482018 0.0162141 0.00324664 0.000384035 2.67949e-05 1.10243e-06 2.67457e-08 3.82591e-10 3.22703e-12 1.60502e-14 4.70713e-17
 1.81011e-11 1.9647e-09 1.25741e-07 4.74506e-06 0.000105584 0.0013853 0.0107179 0.0489127 0.131869 0.211644 0.209891 0.149452 0.104578 0.0748613 0.0401038 0.0134431 0.00268991 0.000318138 2.21965e-05 9.13234e-07 2.21557e-08 3.16932e-10 2.67322e-12 1.32959e-14 3.8995e-17
 1.70776e-11 1.85361e-09 1.18631e-07 4.47676e-06 9.96135e-05 0.00130697 0.0101121 0.0461532 0.124498 0.200371 0.201339 0.15034 0.114169 0.0858075 0.0465985 0.0156655 0.00313641 0.000370988 2.58845e-05 1.06497e-06 2.58369e-08 3.69591e-10 3.11737e-12 1.55046e-14 4.5469e-17
 1.78586e-11 1.93838e-09 1.24056e-07 4.68149e-06 0.000104169 0.00136674 0.0105744 0.0482589 0.130123 0.208973 0.207864 0.149663 0.106851 0.0774548 0.0416426 0.0139696 0.0027957 0.00033066 2.30703e-05 9.49185e-07 2.30279e-08 3.29408e-10 2.77846e-12 1.38192e-14 4.05291e-17
 1.93342e-11 2.09854e-09 1.34306e-07 5.0683e-06 0.000112776 0.00147966 0.0114477 0.0522372 0.140749 0.225225 0.220193 0.148383 0.0930231 0.0616738 0.0322791 0.0107656 0.00215199 0.000254466 1.77535e-05 7.30427e-07 1.77206e-08 2.53488e-10 2.13808e-12 1.06339e-14 3.11841e-17
 1.90399e-11 2.0666e-09 1.32262e-07 4.99116e-06 0.000111059 0.00145714 0.0112735 0.0514437 0.13863 0.221984 0.217735 0.148638 0.0957809 0.0648211 0.0341466 0.0114046 0.00228037 0.000269662 1.88139e-05 7.74055e-07 1.87791e-08 2.68629e-10 2.26579e-12 1.12691e-14 3.30466e-17
 1.94089e-11 2.10665e-09 1.34825e-07 5.08788e-06 0.000113212 0.00148537 0.0114919 0.0524385 0.141287 0.226048 0.220818 0.148318 0.0923233 0.0608751 0.0318052 0.0106035 0.0021194 0.00025061 1.74844e-05 7.19355e-07 1.7452e-08 2.49646e-10 2.10567e-12 1.04727e-14 3.07114e-17
 2.00177e-11 2.17273e-09 1.39055e-07 5.24749e-06 0.000116763 0.00153197 0.0118522 0.0540801 0.145671 0.232754 0.225905 0.147791 0.0866177 0.0543635 0.0279417 0.00928142 0.00185379 0.000219171 1.52905e-05 6.2909e-07 1.52621e-08 2.1832e-10 1.84145e-12 9.15856e-15 2.68576e-17
 2.00647e-11 2.17783e-09 1.39381e-07 5.25979e-06 0.000117037 0.00153556 0.01188 0.0542066 0.146009 0.23327 0.226297 0.14775 0.086178 0.0538616 0.0276439 0.00917953 0.00183332 0.000216748 1.51214e-05 6.22133e-07 1.50933e-08 2.15906e-10 1.82108e-12 9.05729e-15 2.65606e-17
 1.98909e-11 2.15897e-09 1.38174e-07 5.21425e-06 0.000116023 0.00152226 0.0117772 0.0537382 0.144758 0.231357 0.224845 0.147901 0.087806 0.0557197 0.0287463 0.00955677 0.00190911 0.000225719 1.57474e-05 6.4789e-07 1.57182e-08 2.24844e-10 1.89648e-12 9.43226e-15 2.76602e-17
 1.99127e-11 2.16133e-09 1.38325e-07 5.21995e-06 0.00011615 0.00152393 0.01179 0.0537968 0.144915 0.231596 0.225027 0.147882 0.0876023 0.0554871 0.0286084 0.00950956 0.00189963 0.000224596 1.56691e-05 6.44666e-07 1.564e-08 2.23726e-10 1.88704e-12 9.38533e-15 2.75226e-17
 2.10444e-11 2.28417e-09 1.46186e-07 5.51662e-06 0.000122751 0.00161053 0.0124599 0.056848 0.153065 0.244061 0.234483 0.1469 0.076997 0.0433837 0.021427 0.00705219 0.00140592 0.000166158 1.15912e-05 4.76886e-07 1.15695e-08 1.65498e-10 1.39592e-12 6.94269e-15 2.03595e-17
 2.03511e-11 2.20891e-09 1.4137e-07 5.33487e-06 0.000118707 0.00155748 0.0120495 0.0549788 0.148072 0.236425 0.22869 0.147502 0.083494 0.0507986 0.0258265 0.00855763 0.00170838 0.000201958 1.40894e-05 5.79672e-07 1.40632e-08 2.0117e-10 1.69679e-12 8.43911e-15 2.47478e-17
#obs catch len freq
 4.6585e-11 4.31734e-09 2.35924e-07 7.60181e-06 0.000144428 0.00161803 0.0106904 0.0416905 0.0963958 0.135265 0.128389 0.113179 0.1164 0.112805 0.0936751 0.0694687 0.0439103 0.0225269 0.00945322 0.00325984 0.000899944 0.000189446 2.87388e-05 2.99399e-06 2.07025e-07
 6.25386e-11 5.59005e-09 2.94625e-07 9.15613e-06 0.000167782 0.00181294 0.0115535 0.0434692 0.0970905 0.132442 0.125374 0.115206 0.121505 0.116062 0.093845 0.0674421 0.0412596 0.0206077 0.00845156 0.00281079 0.00072851 0.000141117 1.9634e-05 1.88682e-06 1.20901e-07
 4.82421e-11 4.15188e-09 2.10693e-07 6.30441e-06 0.000111234 0.00115736 0.00710524 0.0258118 0.0563299 0.0794487 0.0932789 0.123415 0.156746 0.155375 0.125852 0.0883408 0.0510143 0.023514 0.00890007 0.00277271 0.000678617 0.000123304 1.58807e-05 1.39881e-06 8.1895e-08
 2.06612e-11 1.70931e-09 8.3382e-08 2.39838e-06 4.068e-05 0.000407005 0.00240604 0.00847841 0.0186154 0.0304945 0.0528026 0.0972737 0.147121 0.178112 0.180974 0.144677 0.0846214 0.0368025 0.0126759 0.00355671 0.000789909 0.000131765 1.56777e-05 1.27468e-06 6.85713e-08
 3.85426e-10 3.06046e-08 1.43291e-06 3.95582e-05 0.000643934 0.00618065 0.0349798 0.116735 0.229746 0.266871 0.1838 0.0773591 0.0248596 0.0142407 0.0151018 0.0137043 0.00905896 0.00445308 0.00165382 0.000460355 9.49334e-05 1.42972e-05 1.53233e-06 1.1296e-07 5.54259e-09
 2.76377e-10 2.1033e-08 9.43817e-07 2.49726e-05 0.000389614 0.00358463 0.0194584 0.0624831 0.120315 0.148361 0.147752 0.160261 0.161004 0.110758 0.0473467 0.0132303 0.00327395 0.00113739 0.000446679 0.00013709 2.95846e-05 4.38103e-06 4.3958e-07 2.95096e-08 1.30583e-09
 6.63828e-10 4.83527e-08 2.07669e-06 5.25909e-05 0.000785304 0.00691452 0.0359026 0.10999 0.19935 0.216794 0.151642 0.0883575 0.0630572 0.052075 0.0394296 0.0233743 0.00943136 0.00240304 0.000388732 4.54998e-05 5.13278e-06 6.04897e-07 5.76592e-08 3.73465e-09 1.55872e-10
 7.72164e-10 5.37632e-08 2.20723e-06 5.34318e-05 0.000762684 0.00641967 0.0318757 0.0935395 0.163802 0.179525 0.148365 0.128794 0.113305 0.0757881 0.0366137 0.0144092 0.00498232 0.00141285 0.000299549 4.47293e-05 4.53699e-06 3.14702e-07 1.60842e-08 6.66253e-10 2.20772e-11
 1.2615e-09 8.38599e-08 3.28707e-06 7.59715e-05 0.00103534 0.0083202 0.039438 0.110418 0.183943 0.189119 0.13999 0.105367 0.0885274 0.0654122 0.039816 0.0195567 0.00699127 0.00167949 0.000272191 3.19752e-05 2.92786e-06 2.06515e-07 1.03969e-08 3.51891e-10 7.88667e-12
 1.54658e-09 9.8049e-08 3.66523e-06 8.07885e-05 0.00105002 0.008048 0.0363979 0.0974211 0.156685 0.162717 0.13928 0.131643 0.117833 0.0801479 0.0422871 0.0183782 0.00622283 0.00151138 0.000257884 3.13373e-05 2.72037e-06 1.66857e-07 7.1836e-09 2.16405e-10 4.49159e-12
 1.82135e-09 1.10005e-07 3.9176e-06 8.22656e-05 0.00101865 0.00743905 0.0320723 0.082048 0.127766 0.135593 0.133147 0.145255 0.138231 0.100645 0.0586584 0.0269773 0.00883263 0.00192062 0.000278348 2.83648e-05 2.14926e-06 1.21898e-07 4.96936e-09 1.39065e-10 2.59239e-12
 4.05634e-09 2.33172e-07 7.90328e-06 0.000157952 0.00186141 0.0129357 0.0530368 0.128597 0.186644 0.171901 0.124794 0.100735 0.0868123 0.0651326 0.0404466 0.0191577 0.00623422 0.00133399 0.000190674 1.89665e-05 1.34917e-06 6.83796e-08 2.42604e-09 5.94048e-11 9.90989e-13
 5.70372e-09 3.11766e-07 1.00481e-05 0.000190956 0.00213985 0.0141419 0.0551643 0.127541 0.178463 0.166042 0.135684 0.122368 0.0981757 0.0587617 0.0273395 0.0103286 0.00296063 0.000596366 8.34074e-05 8.2879e-06 5.90137e-07 2.95298e-08 1.01053e-09 2.31872e-11 3.52071e-13
 8.69965e-09 4.51784e-07 1.3834e-05 0.000249779 0.00265931 0.016698 0.0618913 0.136034 0.181371 0.162255 0.12994 0.115712 0.0926097 0.0575072 0.0284965 0.0109949 0.00297668 0.000525896 6.02109e-05 4.66643e-06 2.61376e-07 1.09895e-08 3.40187e-10 7.38096e-12 1.07455e-13
 1.19661e-08 5.89939e-07 1.71495e-05 0.00029396 0.00297125 0.0177142 0.062377 0.130622 0.168183 0.152876 0.134769 0.127654 0.100554 0.059919 0.0283726 0.0104484 0.00270853 0.000462668 5.18546e-05 3.93573e-06 2.08878e-07 7.79955e-09 2.01977e-10 3.5798e-12 4.31873e-14
 1.70075e-08 7.95473e-07 2.1938e-05 0.000356749 0.00342101 0.019352 0.0646937 0.128969 0.160095 0.146438 0.136379 0.132097 0.10334 0.0617936 0.0294059 0.0105822 0.00259755 0.00041051 4.17455e-05 2.83341e-06 1.34489e-07 4.56729e-09 1.09458e-10 1.79631e-12 1.96719e-14
 2.89694e-08 1.28466e-06 3.35913e-05 0.000517914 0.0047088 0.0252534 0.0800165 0.150984 0.176242 0.148276 0.124436 0.112467 0.0865085 0.0528932 0.0257898 0.00925601 0.00222966 0.000348106 3.57354e-05 2.49623e-06 1.21253e-07 4.06703e-09 9.21531e-11 1.38708e-12 1.37663e-14
 4.09756e-08 1.72195e-06 4.26682e-05 0.000623427 0.00537163 0.027307 0.0820979 0.147714 0.168057 0.147341 0.135472 0.123332 0.0874441 0.0470089 0.0200559 0.00646768 0.00143369 0.000208518 2.00919e-05 1.33037e-06 6.21718e-08 2.03957e-09 4.5739e-11 6.82936e-13 6.66084e-15
 6.06531e-08 2.41442e-06 5.66712e-05 0.00078435 0.00640187 0.0308316 0.0878599 0.150187 0.163958 0.141803 0.131236 0.119534 0.0867385 0.0494767 0.0221846 0.00717238 0.00153878 0.000213671 1.96082e-05 1.23575e-06 5.47693e-08 1.69551e-09 3.5809e-11 5.04979e-13 4.68188e-15
 9.59001e-08 3.61495e-06 8.0348e-05 0.00105305 0.00813909 0.0371213 0.100208 0.162473 0.169089 0.141106 0.126449 0.110393 0.076736 0.0420853 0.0181122 0.00561378 0.00116334 0.000158679 1.45885e-05 9.29674e-07 4.12463e-08 1.25047e-09 2.5338e-11 3.38097e-13 2.94202e-15
 1.41216e-07 5.03953e-06 0.000106044 0.00131579 0.00962859 0.0415867 0.106423 0.164387 0.166266 0.14115 0.129504 0.110015 0.0723064 0.0371296 0.0149132 0.00431289 0.000834282 0.000106329 9.17007e-06 5.53298e-07 2.35579e-08 6.94147e-10 1.37688e-11 1.79791e-13 1.52018e-15
 2.17203e-07 7.33722e-06 0.000146146 0.00171653 0.0118904 0.0486197 0.117855 0.172843 0.167461 0.138651 0.124262 0.102033 0.0651297 0.0326227 0.0126178 0.00344642 0.000620092 7.25694e-05 5.67967e-06 3.08995e-07 1.18995e-08 3.20422e-10 5.8791e-12 7.18099e-14 5.7338e-16
 3.06192e-07 9.79016e-06 0.000184577 0.00205201 0.0134557 0.0521046 0.119843 0.168247 0.161253 0.140029 0.130004 0.104322 0.063651 0.0303227 0.0111072 0.00286638 0.000488111 5.42947e-05 4.04875e-06 2.08769e-07 7.51257e-09 1.85868e-10 3.09479e-12 3.41254e-14 2.46293e-16
 4.5677e-07 1.38237e-05 0.000246685 0.00259586 0.0161125 0.0590729 0.128771 0.172091 0.159412 0.136931 0.125272 0.098426 0.0596209 0.0283364 0.0101491 0.00250196 0.000401841 4.19528e-05 2.9328e-06 1.41844e-07 4.79199e-09 1.11279e-10 1.73427e-12 1.77961e-14 1.18583e-16
 6.5904e-07 1.88796e-05 0.00031891 0.00317666 0.0186664 0.0648172 0.134102 0.171641 0.156878 0.137902 0.125998 0.0954373 0.0552267 0.0250033 0.00849332 0.00198318 0.000302893 3.02955e-05 2.04175e-06 9.5112e-08 3.0666e-09 6.71742e-11 9.78912e-13 9.3484e-15 5.78549e-17
 9.51387e-07 2.58007e-05 0.000412574 0.00389056 0.0216448 0.0711946 0.139836 0.171505 0.154528 0.137688 0.12461 0.0915651 0.0514358 0.0225201 0.00729089 0.00160091 0.00022802 2.11572e-05 1.31968e-06 5.703e-08 1.71694e-09 3.53597e-11 4.86239e-13 4.37924e-15 2.54628e-17
 1.33191e-06 3.41975e-05 0.000517744 0.00462263 0.0243537 0.0759126 0.141772 0.16761 0.151279 0.138941 0.125506 0.090184 0.0497129 0.0212877 0.00665299 0.00140015 0.000191752 1.72605e-05 1.05072e-06 4.40793e-08 1.26805e-09 2.45314e-11 3.13342e-13 2.61006e-15 1.40428e-17
 1.87346e-06 4.55477e-05 0.00065297 0.00552068 0.0275474 0.081402 0.1447 0.165439 0.150207 0.141151 0.125492 0.0867442 0.0457882 0.0186307 0.00546467 0.00106704 0.000134138 1.09707e-05 6.03691e-07 2.30292e-08 6.11683e-10 1.10963e-11 1.34041e-13 1.05633e-15 5.34868e-18
#spawning biomass
 30574.5 29037 20156.6 15456.6 28658 47805.9 78371 113275 170558 171134 185019 202967 221890 225725 244102 214291 219316 212484 207395 214189 218703 243394 236944 259363 277799 223273 256687 198261 200404 312753 130171 53406.4 28004.6 20542.1 18510.9 17986 17855.3 17823.6 17816 17814.3 17813.9 17813.8 17813.8 17813.8 17813.8 17813.8 17813.8 17813.8 17813.8 17813.8 17813.8 17813.8 17813.8 17813.8 17813.8 17813.8 17813.8 17813.8 17813.8 17813.8 17813.8 17813.8 17813.8 17813.8 17813.8 17813.8 17813.8 17813.8 17813.8 17813.8 17813.8 17813.8 17813.8 17813.8 17813.8 17813.8 17813.8 17813.8 17813.8 17813.8 17813.8 17813.8 17813.8 17813.8 17813.8 17813.8 17813.8 17813.8 17813.8 17813.8 17813.8 17813.8 17813.8 17813.8 17813.8 17813.8 17813.8 17813.8 17813.8 17813.8 17813.8 17813.8 17813.8 17813.8 17813.8 17813.8 17813.8 17813.8 17813.8 17813.8 17813.8 17813.8 17813.8 17813.8 17813.8 17813.8 17813.8 17813.8 17813.8 17813.8 17813.8 17813.8 17813.8 17813.8 17813.8 17813.8 17813.8 17813.8 0 0 0 0 0 0 0 0 0 0 0 0 0 0 0 0 0 0 0 0 0 0 0 0 0
