SBPRF35
0.819782
Curr Bio
126420
B35
700025
F35
0.205778
FOFL
0.0905139
OFL
24220.9
Bzero
234224
#pred survey bio
 7854.86 7081.43 8114.94 10715.4 15978.7 17121 17828.2 23544.6 34506.9 50659.7 58882.3 76182.2 101826 125638 128791 114909 106377 98271.5 94946.5 96226.6 105953 108374 112027 118031 128931 125401 122002 122029 134683 1.17549e+07 9.80725e+06 1.01749e+07 9.48365e+06 8.29468e+06 7.00336e+06 5.82345e+06 4.84008e+06 4.06507e+06 3.47583e+06 3.03826e+06 2.7182e+06 2.48615e+06 2.31812e+06 2.19518e+06 2.10527e+06 2.04129e+06 1.9953e+06 1.96191e+06 1.9374e+06 1.9192e+06 1.90556e+06 1.89522e+06 1.88731e+06 1.8812e+06 1.87644e+06 1.8727e+06 1.86975e+06 1.86741e+06 1.86554e+06 1.86404e+06 1.86284e+06 1.86187e+06 1.86108e+06 1.86044e+06 1.85992e+06 1.8595e+06 1.85916e+06 1.85888e+06 1.85865e+06 1.85846e+06 1.85831e+06 1.85818e+06 1.85808e+06 1.858e+06 1.85793e+06 1.85788e+06 1.85783e+06 1.85779e+06 1.85776e+06 1.85774e+06 1.85772e+06 1.8577e+06 1.85769e+06 1.85768e+06 1.85767e+06 1.85766e+06 1.85765e+06 1.85765e+06 1.85764e+06 1.85764e+06 1.85764e+06 1.85763e+06 1.85763e+06 1.85763e+06 1.85763e+06 1.85763e+06 1.85763e+06 1.85763e+06 1.85763e+06 1.85763e+06 1.85763e+06 1.85763e+06 1.85763e+06 1.85763e+06 1.85763e+06 1.85763e+06 1.85763e+06 1.85763e+06 1.85763e+06 1.85762e+06 1.85762e+06 1.85762e+06 1.85762e+06 1.85762e+06 1.85762e+06 1.85762e+06 1.85762e+06 1.85762e+06 1.85762e+06 1.85762e+06 1.85762e+06 1.85762e+06 1.85762e+06 1.85762e+06 1.85762e+06 1.85762e+06 1.85762e+06 1.85762e+06 1.85762e+06 0 0 0 0 0 0 0 0 0 0 0 0 0 0 0 0 0 0 0 0 0 0 0 0 0
#obs survey bio
 7163.94 7932.66 13732 13456.2 12274.5 11811 18737.7 34665 77825.6 63007.9 63041.8 92113.4 127916 131669 93275.5 63758.5 116242 98288.6 78219.9 102072 124842 159538 135904 146718 135288 136037 169492 170885 128593
#pred catch bio
 5501.64 5135.76 5886.58 7199.27 12014.6 12875.7 13115.3 17056.8 23270.2 38737.4 44806.8 57796.4 78372.9 99310 104741 94350.5 89560.7 82629.7 79876.1 79402.3 89747.1 91412.8 94817.9 99624.9 113502 109181 104568 105291 9433.75 24220.9 78376.8 80731.6 74482.8 64296.4 53439.7 43657.8 35620.9 29389.7 24744.3 21375.8 18981.8 17305.4 16142 15335.5 14781.9 14412.9 14167 14003.1 13893.9 13821.1 13772.6 13740.3 13718.7 13704.3 13694.8 13688.4 13684.1 13681.3 13679.4 13678.2 13677.3 13676.8 13676.4 13676.1 13676 13675.9 13675.8 13675.7 13675.7 13675.7 13675.7 13675.7 13675.7 13675.7 13675.7 13675.7 13675.7 13675.7 13675.7 13675.7 13675.7 13675.7 13675.7 13675.7 13675.7 13675.7 13675.7 13675.7 13675.7 13675.7 13675.7 13675.7 13675.7 13675.7 13675.7 13675.7 13675.7 13675.7 13675.7 13675.7 13675.7 13675.7 13675.7 13675.7 13675.7 13675.7 13675.7 13675.7 13675.7 13675.7 13675.7 13675.7 13675.7 13675.7 13675.7 13675.7 13675.7 13675.7 13675.7 13675.7 13675.7 13675.7 13675.7 13675.7 13675.7 13675.7 13675.7 13675.7 13675.7 0 0 0 0 0 0 0 0 0 0 0 0 0 0 0 0 0 0 0 0 0 0 0 0 0
#obs catch bio
 4725.56 5081.19 5646.29 6979.83 12002 12971.8 12941.9 16246.2 21677 36728.6 43539.3 55808.6 75692.4 97336.4 106294 94892.3 87555.9 81471.7 79826 78107.1 87362.8 87357.1 90779.9 94909.2 109859 106518 98964.6 102938 9197.77
#pred cpue bio
 7027.52 6021.97 6715.71 8742.08 13164.8 14548.6 14897.3 18969.7 27931.5 42057.5 48259.5 61513.8 82487.9 102860 108162 96208.4 87835.7 80697.7 77536.8 77983.7 85731.2 87843.3 90719.1 94990.5 103539 100613 98781.2 98586.5 106049 1.07527e+07 9.76907e+06 1.01368e+07 9.44547e+06 8.2565e+06 6.96518e+06 5.78527e+06 4.8019e+06 4.02689e+06 3.43765e+06 3.00008e+06 2.68002e+06 2.44797e+06 2.27994e+06 2.157e+06 2.06709e+06 2.00311e+06 1.95713e+06 1.92373e+06 1.89922e+06 1.88103e+06 1.86738e+06 1.85704e+06 1.84913e+06 1.84302e+06 1.83826e+06 1.83452e+06 1.83158e+06 1.82923e+06 1.82736e+06 1.82586e+06 1.82466e+06 1.82369e+06 1.8229e+06 1.82226e+06 1.82174e+06 1.82132e+06 1.82098e+06 1.8207e+06 1.82047e+06 1.82028e+06 1.82013e+06 1.82e+06 1.8199e+06 1.81982e+06 1.81975e+06 1.8197e+06 1.81965e+06 1.81961e+06 1.81958e+06 1.81956e+06 1.81954e+06 1.81952e+06 1.81951e+06 1.8195e+06 1.81949e+06 1.81948e+06 1.81947e+06 1.81947e+06 1.81946e+06 1.81946e+06 1.81946e+06 1.81946e+06 1.81945e+06 1.81945e+06 1.81945e+06 1.81945e+06 1.81945e+06 1.81945e+06 1.81945e+06 1.81945e+06 1.81945e+06 1.81945e+06 1.81945e+06 1.81945e+06 1.81945e+06 1.81945e+06 1.81945e+06 1.81945e+06 1.81945e+06 1.81945e+06 1.81945e+06 1.81945e+06 1.81945e+06 1.81945e+06 1.81945e+06 1.81945e+06 1.81945e+06 1.81945e+06 1.81945e+06 1.81945e+06 1.81945e+06 1.81945e+06 1.81945e+06 1.81945e+06 1.81945e+06 1.81945e+06 1.81945e+06 1.81945e+06 1.81945e+06 0 0 0 0 0 0 0 0 0 0 0 0 0 0 0 0 0 0 0 0 0 0 0 0 0
#obs cpue bio
 9098.87 7616.89 9108.61 9790.95 14189.8 17016.4 23587.8 32958.5 47199.5 56127.6 65795.6 86308 115543 114166 101589 176382 129913 94301.8 88623.6 104183 117394 132638 145193 166958 152087 131654 194373 112674 127793
#pred surv len freq
 2.56577e-27 2.59536e-27 3.93512e-26 7.76154e-20 1.90265e-14 5.63788e-10 2.0194e-06 0.000874321 0.0457588 0.289483 0.221641 0.0375612 0.130184 0.120298 0.0304544 0.0395847 0.0183451 0.0159656 0.0107842 0.00888574 0.00746763 0.00684261 0.0072232 0.00660624 0.00203853
 2.56775e-27 2.60041e-27 4.33405e-26 8.60292e-20 2.1089e-14 6.24906e-10 2.23831e-06 0.000969102 0.0507193 0.320864 0.245652 0.0406526 0.136843 0.126056 0.0247966 0.0249676 0.00983992 0.0064008 0.00351669 0.00242482 0.00176567 0.00143573 0.00137689 0.00128106 0.000435679
 2.56876e-27 2.60304e-27 4.55553e-26 9.07011e-20 2.22343e-14 6.58842e-10 2.35986e-06 0.00102173 0.0534736 0.338289 0.258964 0.0410604 0.130594 0.120204 0.0222894 0.0206313 0.00711682 0.00318863 0.00134459 0.000687039 0.000388127 0.000262105 0.000217915 0.000195641 6.94851e-05
 2.56934e-27 2.60459e-27 4.68834e-26 9.35027e-20 2.29211e-14 6.79192e-10 2.43275e-06 0.00105329 0.0551253 0.348738 0.266942 0.0410349 0.124795 0.114799 0.0203767 0.0176101 0.00589675 0.00234477 0.00078558 0.000271535 0.000103828 5.06015e-05 3.33634e-05 2.70812e-05 9.65697e-06
 2.56885e-27 2.60327e-27 4.5721e-26 9.10504e-20 2.23199e-14 6.61379e-10 2.36895e-06 0.00102566 0.0536795 0.339592 0.259963 0.0413278 0.131927 0.121401 0.0219107 0.019442 0.00638012 0.00232502 0.000732704 0.000210839 5.26561e-05 1.55694e-05 6.78937e-06 4.48135e-06 1.54068e-06
 2.56716e-27 2.59866e-27 4.16132e-26 8.23846e-20 2.01956e-14 5.98431e-10 2.14348e-06 0.000928045 0.0485705 0.307271 0.235306 0.0427717 0.160238 0.147472 0.0255519 0.0211891 0.0070002 0.00263053 0.000801437 0.000210811 4.46326e-05 8.36763e-06 1.89964e-06 8.21303e-07 2.55522e-07
 2.56817e-27 2.60146e-27 4.4176e-26 8.77914e-20 2.1521e-14 6.37706e-10 2.28416e-06 0.000988952 0.0517582 0.327437 0.250682 0.0413305 0.138468 0.127545 0.024951 0.0248331 0.00807222 0.00279562 0.000856078 0.000227806 4.46612e-05 6.93769e-06 8.81073e-07 1.75034e-07 4.24806e-08
 2.56993e-27 2.6062e-27 4.83268e-26 9.65477e-20 2.36675e-14 7.0131e-10 2.51198e-06 0.00108759 0.0569205 0.360095 0.275605 0.0404777 0.114468 0.105297 0.0191893 0.0173034 0.00594918 0.00258303 0.00078116 0.000195535 3.85985e-05 5.66408e-06 5.55538e-07 4.75592e-08 6.28631e-09
 2.56965e-27 2.60538e-27 4.75377e-26 9.48827e-20 2.32593e-14 6.89216e-10 2.46866e-06 0.00106883 0.0559389 0.353885 0.270875 0.0412074 0.123344 0.113384 0.0187373 0.0142172 0.00471135 0.00181274 0.000599278 0.000177464 3.37433e-05 4.83179e-06 4.43669e-07 2.45053e-08 1.259e-09
 2.56844e-27 2.60214e-27 4.47048e-26 8.89067e-20 2.17944e-14 6.45807e-10 2.31317e-06 0.00100152 0.0524157 0.331596 0.253864 0.0417448 0.139385 0.128267 0.022839 0.0198177 0.00629264 0.00196374 0.000599914 0.000167274 3.70551e-05 5.54785e-06 4.90219e-07 2.39351e-08 6.26808e-10
 2.56909e-27 2.6039e-27 4.62599e-26 9.21872e-20 2.25986e-14 6.69636e-10 2.39852e-06 0.00103847 0.0543498 0.343831 0.2632 0.0413032 0.129466 0.1191 0.020985 0.0179076 0.00588139 0.0021449 0.000614402 0.000141612 2.86275e-05 4.64041e-06 4.45177e-07 2.09177e-08 4.35744e-10
 2.56977e-27 2.60572e-27 4.78486e-26 9.55388e-20 2.34202e-14 6.93982e-10 2.48573e-06 0.00107622 0.0563257 0.356332 0.272741 0.0410086 0.120521 0.110807 0.0188069 0.0150212 0.00490416 0.00175717 0.00053359 0.000135896 2.37162e-05 3.34193e-06 3.32794e-07 1.68811e-08 3.35101e-10
 2.56959e-27 2.60522e-27 4.73834e-26 9.45573e-20 2.31796e-14 6.86852e-10 2.46019e-06 0.00106517 0.0557471 0.352671 0.269951 0.0413358 0.124971 0.114874 0.018815 0.0140087 0.00449025 0.00148589 0.00044396 0.000113717 2.17655e-05 2.89392e-06 2.47051e-07 1.26978e-08 2.66952e-10
 2.56909e-27 2.60385e-27 4.61714e-26 9.20004e-20 2.25528e-14 6.6828e-10 2.39367e-06 0.00103637 0.0542397 0.343135 0.262675 0.0417103 0.132932 0.122221 0.0201267 0.0151471 0.00477893 0.00145549 0.000417709 0.000100015 1.89703e-05 2.67546e-06 2.23296e-07 1.00543e-08 2.10979e-10
 2.56778e-27 2.6003e-27 4.30325e-26 8.53787e-20 2.09296e-14 6.2018e-10 2.22138e-06 0.000961774 0.0503358 0.318438 0.243831 0.0426422 0.153264 0.140983 0.0234531 0.0180139 0.00569912 0.00175516 0.000489759 0.00010837 1.92173e-05 2.62245e-06 2.27385e-07 1.00247e-08 1.89504e-10
 2.56798e-27 2.60088e-27 4.35804e-26 8.65345e-20 2.12129e-14 6.28576e-10 2.25145e-06 0.000974793 0.0510172 0.322749 0.247115 0.0421693 0.147357 0.135603 0.0237738 0.0201041 0.00639975 0.00201831 0.000567067 0.000125428 2.09033e-05 2.62985e-06 2.18058e-07 9.81483e-09 1.8078e-10
 2.5687e-27 2.60281e-27 4.52772e-26 9.01141e-20 2.20904e-14 6.54577e-10 2.34459e-06 0.00101512 0.0531275 0.336099 0.257304 0.0417841 0.137268 0.126259 0.0215053 0.0172882 0.00563176 0.00199103 0.000571105 0.000129015 2.16015e-05 2.60406e-06 1.97932e-07 8.4842e-09 1.57195e-10
 2.56893e-27 2.60341e-27 4.57641e-26 9.11412e-20 2.23422e-14 6.62038e-10 2.37131e-06 0.00102669 0.0537331 0.33993 0.260232 0.0419621 0.136565 0.125539 0.0200929 0.0142389 0.00456712 0.00152266 0.000453143 0.000112687 1.94163e-05 2.36705e-06 1.73589e-07 6.84812e-09 1.20736e-10
 2.56919e-27 2.6041e-27 4.63743e-26 9.24283e-20 2.26577e-14 6.71388e-10 2.4048e-06 0.00104119 0.0544919 0.344731 0.263895 0.0418119 0.132849 0.122109 0.0194653 0.0136626 0.00426127 0.00122712 0.000350728 8.43366e-05 1.56786e-05 2.03354e-06 1.51506e-07 5.77734e-09 9.44127e-11
 2.56954e-27 2.60505e-27 4.72081e-26 9.41873e-20 2.30889e-14 6.84165e-10 2.45056e-06 0.001061 0.0555289 0.351291 0.268901 0.0416051 0.127757 0.117402 0.0184702 0.0125769 0.00391331 0.00111251 0.000301668 6.3744e-05 1.12747e-05 1.51559e-06 1.2169e-07 4.74157e-09 7.49909e-11
 2.56961e-27 2.60524e-27 4.73767e-26 9.45429e-20 2.31761e-14 6.86748e-10 2.45982e-06 0.00106501 0.0557386 0.352618 0.269913 0.0415569 0.126679 0.116407 0.0183056 0.0124501 0.00385157 0.00105842 0.000284641 5.8524e-05 9.30919e-06 1.14296e-06 9.30783e-08 3.88394e-09 6.29719e-11
 2.56952e-27 2.60497e-27 4.7121e-26 9.40035e-20 2.30438e-14 6.8283e-10 2.44578e-06 0.00105893 0.0554206 0.350606 0.26838 0.0417579 0.129286 0.118784 0.0182002 0.0116109 0.00358649 0.000983865 0.000261716 5.22257e-05 8.12728e-06 9.17999e-07 6.72436e-08 2.8044e-09 4.81536e-11
 2.56956e-27 2.6051e-27 4.72418e-26 9.42584e-20 2.31063e-14 6.84681e-10 2.45241e-06 0.0010618 0.0555709 0.351556 0.269105 0.0416771 0.128163 0.117759 0.0182436 0.0119653 0.00365686 0.000935251 0.000246232 4.88927e-05 7.43493e-06 8.139e-07 5.52439e-08 2.08124e-09 3.53715e-11
 2.56984e-27 2.60586e-27 4.79139e-26 9.56763e-20 2.34539e-14 6.94981e-10 2.4893e-06 0.00107777 0.0564068 0.356845 0.27314 0.0414782 0.123814 0.113745 0.0175115 0.011307 0.00347097 0.000914093 0.000236657 4.42698e-05 6.64849e-06 7.15116e-07 4.6777e-08 1.63313e-09 2.53156e-11
 2.56993e-27 2.6061e-27 4.81203e-26 9.61117e-20 2.35606e-14 6.98143e-10 2.50063e-06 0.00108268 0.0566635 0.358469 0.274379 0.0414591 0.122798 0.112798 0.0171687 0.0107629 0.00329296 0.00085286 0.00022221 4.23427e-05 6.10758e-06 6.32212e-07 4.05703e-08 1.36122e-09 1.95626e-11
 2.56995e-27 2.60613e-27 4.81266e-26 9.61249e-20 2.35639e-14 6.98239e-10 2.50098e-06 0.00108283 0.0566713 0.358518 0.27442 0.0416251 0.124033 0.113899 0.0166603 0.00932453 0.00283155 0.000710148 0.00018324 3.45129e-05 5.04148e-06 5.13751e-07 3.14954e-08 1.02873e-09 1.41798e-11
 2.56954e-27 2.60502e-27 4.7142e-26 9.40478e-20 2.30547e-14 6.83152e-10 2.44693e-06 0.00105943 0.0554467 0.350771 0.268509 0.0419229 0.130451 0.119824 0.0177431 0.0102995 0.00307823 0.000684793 0.00017174 3.14138e-05 4.52623e-06 4.61638e-07 2.80821e-08 8.80019e-10 1.1731e-11
 2.56966e-27 2.60536e-27 4.74628e-26 9.47246e-20 2.32206e-14 6.88068e-10 2.46454e-06 0.00106705 0.0558457 0.353295 0.270432 0.0416686 0.127165 0.116828 0.0178819 0.0113714 0.00342309 0.000790011 0.000193074 3.17581e-05 4.39874e-06 4.38217e-07 2.65093e-08 8.23616e-10 1.0592e-11
 2.57077e-27 2.60837e-27 5.0131e-26 1.00353e-19 2.46004e-14 7.28954e-10 2.61099e-06 0.00113046 0.0591642 0.374289 0.286449 0.040821 0.109461 0.1005 0.0151556 0.00926654 0.00282649 0.000719037 0.000180131 3.03094e-05 3.92613e-06 3.60843e-07 2.11316e-08 6.49455e-10 8.26137e-12
#obs surv len freq
 1.63666e-41 2.27157e-33 3.81103e-26 7.7287e-20 1.8946e-14 5.61404e-10 2.01086e-06 0.000870632 0.0455654 0.28826 0.220854 0.0442934 0.164872 0.140146 0.0434971 0.035322 0.0114863 0.00389345 0.000825603 0.000105557 5.96658e-06 1.07189e-07 4.50307e-10 3.54674e-13 4.54363e-17
 1.90116e-41 2.63869e-33 4.42695e-26 8.97777e-20 2.20079e-14 6.52135e-10 2.33584e-06 0.00101134 0.0529295 0.334847 0.256439 0.0440326 0.132444 0.106571 0.0340792 0.0260894 0.00830247 0.00266498 0.000525055 5.8809e-05 2.73298e-06 3.82268e-08 1.20487e-10 6.94972e-14 6.41696e-18
 1.93e-41 2.67872e-33 4.4941e-26 9.11395e-20 2.23418e-14 6.62028e-10 2.37127e-06 0.00102668 0.0537324 0.339927 0.2604 0.047058 0.140731 0.105888 0.0268569 0.0171545 0.00530382 0.00159857 0.000291649 2.86822e-05 1.09638e-06 1.188e-08 2.79089e-11 1.17384e-14 7.80302e-19
 1.96151e-41 2.72245e-33 4.56747e-26 9.26273e-20 2.27065e-14 6.72835e-10 2.40999e-06 0.00104344 0.0546095 0.345476 0.264703 0.04877 0.139387 0.0988363 0.0265515 0.015742 0.00376996 0.000939277 0.000156132 1.34022e-05 4.21661e-07 3.5464e-09 6.20343e-12 1.89699e-15 9.05323e-20
 1.76681e-41 2.45222e-33 4.1141e-26 8.34331e-20 2.04526e-14 6.06049e-10 2.17077e-06 0.000939868 0.049189 0.311185 0.238709 0.0548549 0.175548 0.116792 0.0309893 0.0169139 0.00395003 0.000817618 0.000102038 7.26306e-06 1.86627e-07 1.22026e-09 1.59549e-12 3.55499e-16 1.21805e-20
 1.4484e-41 2.01029e-33 3.37267e-26 6.83972e-20 1.67668e-14 4.9683e-10 1.77956e-06 0.000770489 0.0403243 0.255106 0.196164 0.0625957 0.221626 0.140546 0.0491014 0.0267137 0.0058356 0.00109625 0.00011286 5.81725e-06 1.13356e-07 5.69298e-10 5.57408e-13 9.09174e-17 2.24563e-21
 2.08203e-41 2.88972e-33 4.84811e-26 9.83187e-20 2.41017e-14 7.14176e-10 2.55806e-06 0.00110755 0.0579649 0.366704 0.281059 0.0502954 0.112819 0.0695026 0.0350427 0.01945 0.0050446 0.000922344 8.22258e-05 3.29007e-06 4.49587e-08 1.60996e-10 1.15452e-13 1.37637e-17 2.45962e-22
 1.98363e-41 2.75314e-33 4.61897e-26 9.36717e-20 2.29625e-14 6.80422e-10 2.43716e-06 0.00105521 0.0552253 0.349374 0.268173 0.0602278 0.152021 0.0819049 0.0193365 0.00900787 0.00301101 0.000606044 5.43771e-05 1.80771e-06 1.82415e-08 4.48637e-11 2.20967e-14 1.85676e-18 2.37195e-23
 2.01761e-41 2.80031e-33 4.6981e-26 9.52766e-20 2.33559e-14 6.92079e-10 2.47891e-06 0.00107328 0.0561714 0.35536 0.272867 0.0617623 0.144896 0.0744038 0.0228429 0.00875113 0.00154054 0.000298511 2.96391e-05 9.35988e-07 7.63248e-09 1.35827e-11 4.58129e-15 2.60267e-19 2.27617e-24
 1.72708e-41 2.39708e-33 4.02159e-26 8.15571e-20 1.99928e-14 5.92422e-10 2.12196e-06 0.000918735 0.0480829 0.304193 0.234436 0.076249 0.199359 0.095448 0.0286895 0.0104377 0.00192962 0.00023581 1.75044e-05 5.42257e-07 3.97218e-09 5.62127e-12 1.38163e-15 5.44921e-20 3.23922e-25
 2.01931e-41 2.80267e-33 4.70206e-26 9.53569e-20 2.33756e-14 6.92663e-10 2.481e-06 0.00107419 0.0562188 0.355662 0.273478 0.0667126 0.139518 0.0663252 0.0289857 0.01007 0.00174471 0.000197139 1.02538e-05 2.19827e-07 1.37063e-09 1.65131e-12 3.21753e-16 9.44666e-21 4.00392e-26
 1.84076e-41 2.55485e-33 4.28629e-26 8.69252e-20 2.13087e-14 6.31415e-10 2.26163e-06 0.000979206 0.0512478 0.324219 0.250253 0.0818885 0.181283 0.0761729 0.0238143 0.00819953 0.00174907 0.000184022 8.12219e-06 1.22571e-07 5.11876e-10 4.66986e-13 7.28294e-17 1.68374e-21 5.42362e-27
 1.92234e-41 2.66808e-33 4.47625e-26 9.07775e-20 2.2253e-14 6.59398e-10 2.36186e-06 0.0010226 0.0535189 0.338588 0.261371 0.0809522 0.160862 0.0673199 0.0271735 0.00774774 0.00129205 0.000142851 6.02459e-06 7.29211e-08 2.14184e-10 1.29453e-13 1.40314e-17 2.40161e-22 5.88949e-28
 1.6226e-41 2.25206e-33 3.7783e-26 7.66231e-20 1.87833e-14 5.56582e-10 1.99359e-06 0.000863154 0.0451741 0.285806 0.222515 0.104353 0.216856 0.0835955 0.0304559 0.00874495 0.00149905 0.000129606 4.87878e-06 5.31029e-08 1.23178e-10 5.31313e-14 3.8782e-18 4.44035e-23 7.49989e-29
 1.47826e-41 2.05173e-33 3.44221e-26 6.98073e-20 1.71124e-14 5.07073e-10 1.81625e-06 0.000786375 0.0411558 0.260393 0.204019 0.113357 0.224569 0.0943889 0.047074 0.0121812 0.00191225 0.000156854 4.76286e-06 4.17992e-08 8.06826e-11 2.7399e-14 1.46827e-18 1.17381e-23 1.34573e-29
 1.71632e-41 2.38214e-33 3.99654e-26 8.1049e-20 1.98682e-14 5.88731e-10 2.10874e-06 0.000913011 0.0477834 0.302323 0.235811 0.103053 0.177017 0.076565 0.0417656 0.0124719 0.00213841 0.000153762 4.02854e-06 2.80072e-08 4.12143e-11 1.08742e-14 4.51341e-19 2.71333e-24 2.25995e-30
 1.68307e-41 2.33599e-33 3.9191e-26 7.94786e-20 1.94832e-14 5.77324e-10 2.06788e-06 0.000895322 0.0468576 0.29648 0.232801 0.118656 0.191987 0.0703532 0.0306543 0.00940284 0.00177482 0.000133385 3.03918e-06 1.70378e-08 1.93184e-11 3.78772e-15 1.16388e-19 5.22688e-25 3.25722e-31
 1.70192e-41 2.36215e-33 3.963e-26 8.03688e-20 1.97015e-14 5.8379e-10 2.09104e-06 0.000905349 0.0473824 0.299813 0.236291 0.123672 0.184189 0.069277 0.0299506 0.00721044 0.00121318 9.28732e-05 2.03157e-06 9.64667e-09 8.53701e-12 1.26219e-15 2.85858e-20 9.32925e-26 4.21271e-32
 1.65634e-41 2.29889e-33 3.85687e-26 7.82165e-20 1.91739e-14 5.68156e-10 2.03504e-06 0.000881104 0.0461135 0.291807 0.231828 0.135564 0.188383 0.0690768 0.0286991 0.00666435 0.000921145 5.82243e-05 1.1603e-06 4.89406e-09 3.57314e-12 4.09201e-16 6.92723e-21 1.65991e-26 5.44208e-33
 1.75318e-41 2.43329e-33 4.08235e-26 8.27893e-20 2.02948e-14 6.01372e-10 2.15402e-06 0.000932616 0.0488095 0.308877 0.245522 0.13369 0.167835 0.0627272 0.0253855 0.00550041 0.000683257 3.46509e-05 5.40583e-07 1.8851e-09 1.14446e-12 1.05646e-16 1.38791e-21 2.50202e-27 6.04474e-34
 1.71504e-41 2.38037e-33 3.99356e-26 8.09886e-20 1.98534e-14 5.88293e-10 2.10717e-06 0.000912331 0.047748 0.302198 0.242737 0.147873 0.172401 0.0593678 0.021716 0.00451914 0.00050415 2.13813e-05 2.56478e-07 6.6989e-10 3.12613e-13 2.26207e-17 2.32616e-22 3.23762e-28 5.93414e-35
 1.72768e-41 2.3979e-33 4.02298e-26 8.15852e-20 1.99996e-14 5.92626e-10 2.12269e-06 0.000919052 0.0480997 0.304458 0.246187 0.152954 0.164577 0.0585832 0.0201827 0.00366303 0.000360521 1.29388e-05 1.22263e-07 2.38153e-10 8.09225e-14 4.28835e-18 3.28096e-23 3.43667e-29 4.75774e-36
 1.72473e-41 2.39381e-33 4.01612e-26 8.14461e-20 1.99656e-14 5.91616e-10 2.11907e-06 0.000917485 0.0480179 0.303991 0.24817 0.161187 0.160155 0.055953 0.018228 0.00311163 0.00025871 7.5886e-06 5.69161e-08 8.42176e-11 2.1008e-14 8.01397e-19 4.38754e-24 3.30138e-30 3.31007e-37
 1.75136e-41 2.43078e-33 4.07813e-26 8.27037e-20 2.02738e-14 6.00751e-10 2.15179e-06 0.000931652 0.0487595 0.308739 0.253964 0.165542 0.151361 0.0522637 0.0157766 0.00247663 0.000180194 4.26428e-06 2.46773e-08 2.76888e-11 5.13488e-15 1.42872e-19 5.62517e-25 3.01729e-31 2.14803e-38
 1.68356e-41 2.33666e-33 3.92024e-26 7.95017e-20 1.94889e-14 5.77491e-10 2.06848e-06 0.000895581 0.0468719 0.296898 0.249084 0.181272 0.155307 0.0526889 0.0147383 0.00210806 0.000132291 2.56083e-06 1.14357e-08 9.566e-12 1.30636e-15 2.65843e-20 7.59735e-26 2.93507e-32 1.4949e-39
 1.59727e-41 2.21691e-33 3.71933e-26 7.54272e-20 1.84901e-14 5.47895e-10 1.96247e-06 0.000849683 0.0444702 0.281835 0.242353 0.196465 0.160096 0.0568883 0.0150002 0.00193545 0.000103591 1.62522e-06 5.63482e-09 3.53553e-12 3.53823e-16 5.21676e-21 1.07555e-26 2.99159e-33 1.09473e-40
 1.59636e-41 2.21565e-33 3.71721e-26 7.53842e-20 1.84796e-14 5.47583e-10 1.96135e-06 0.000849199 0.0444453 0.281802 0.245655 0.199603 0.153816 0.0572913 0.014688 0.00176634 8.03485e-05 1.01162e-06 2.70733e-09 1.27702e-12 9.42697e-17 1.01095e-21 1.50158e-27 2.99235e-34 7.82485e-42
 1.64216e-41 2.27921e-33 3.82384e-26 7.75467e-20 1.90097e-14 5.63291e-10 2.01762e-06 0.000873559 0.0457208 0.290011 0.254929 0.199254 0.142698 0.0521097 0.0128737 0.00147031 5.83194e-05 5.92047e-07 1.21723e-09 4.29929e-13 2.34017e-17 1.83122e-22 1.96934e-28 2.82415e-35 5.28925e-43
 1.64225e-41 2.27934e-33 3.82406e-26 7.75513e-20 1.90108e-14 5.63324e-10 2.01774e-06 0.000873611 0.0457235 0.290028 0.254951 0.199633 0.144096 0.0514005 0.0119945 0.00125377 4.38305e-05 3.79918e-07 6.51841e-10 1.89274e-13 8.38994e-18 5.31401e-23 4.60681e-29 5.31053e-36 7.97847e-44
#pred catch len freq
 2.56476e-27 2.59268e-27 3.70358e-26 7.27311e-20 1.78292e-14 5.2831e-10 1.89232e-06 0.000819301 0.0428793 0.271266 0.207734 0.0377484 0.141379 0.130674 0.0330812 0.0429991 0.0199274 0.0173427 0.0117144 0.00965218 0.00811175 0.00743281 0.00784623 0.00717606 0.00221436
 2.567e-27 2.59836e-27 4.15422e-26 8.22357e-20 2.01591e-14 5.9735e-10 2.13961e-06 0.000926368 0.0484827 0.306715 0.234855 0.0410666 0.147579 0.135975 0.0267477 0.0269321 0.0106142 0.00690445 0.0037934 0.00261562 0.0019046 0.0015487 0.00148523 0.00138186 0.00046996
 2.56806e-27 2.60116e-27 4.38927e-26 8.71937e-20 2.13745e-14 6.33364e-10 2.2686e-06 0.000982219 0.0514058 0.325207 0.248982 0.0415171 0.141082 0.129887 0.0240849 0.0222933 0.00769013 0.0034455 0.00145291 0.000742385 0.000419393 0.000283219 0.000235469 0.000211402 7.50826e-05
 2.56846e-27 2.60219e-27 4.47603e-26 8.90237e-20 2.18231e-14 6.46657e-10 2.31622e-06 0.00100283 0.0524847 0.332033 0.254196 0.0416554 0.138472 0.12742 0.022617 0.0195462 0.00654506 0.00260256 0.00087195 0.000301389 0.000115244 5.61648e-05 3.70316e-05 3.00586e-05 1.07187e-05
 2.56829e-27 2.60174e-27 4.43637e-26 8.81872e-20 2.1618e-14 6.40581e-10 2.29445e-06 0.00099341 0.0519915 0.328913 0.251815 0.0417213 0.140647 0.129448 0.0233632 0.0207308 0.00680307 0.00247915 0.000781277 0.000224816 5.61468e-05 1.66015e-05 7.23945e-06 4.77842e-06 1.64282e-06
 2.56653e-27 2.59694e-27 4.00903e-26 7.9172e-20 1.94081e-14 5.75096e-10 2.0599e-06 0.000891856 0.0466765 0.295289 0.226164 0.0432289 0.170141 0.156608 0.0271349 0.0225018 0.00743387 0.0027935 0.000851087 0.000223871 4.73977e-05 8.88602e-06 2.01733e-06 8.72183e-07 2.71352e-07
 2.56749e-27 2.59963e-27 4.25597e-26 8.43817e-20 2.06851e-14 6.12938e-10 2.19544e-06 0.000950542 0.0497479 0.314719 0.240978 0.0417665 0.148604 0.136907 0.0267826 0.0266561 0.00866478 0.00300084 0.000918921 0.000244529 4.79397e-05 7.44698e-06 9.45751e-07 1.87883e-07 4.5599e-08
 2.5693e-27 2.6045e-27 4.68244e-26 9.33783e-20 2.28906e-14 6.78289e-10 2.42952e-06 0.00105189 0.055052 0.348274 0.266586 0.0409054 0.124059 0.11415 0.0208028 0.0187583 0.00644941 0.00280022 0.000846842 0.000211977 4.18439e-05 6.14033e-06 6.02249e-07 5.15581e-08 6.81487e-09
 2.5688e-27 2.60307e-27 4.54933e-26 9.057e-20 2.22021e-14 6.57889e-10 2.35645e-06 0.00102025 0.0533963 0.3378 0.258603 0.0418447 0.136816 0.125808 0.0207905 0.015775 0.0052276 0.00201137 0.000664944 0.00019691 3.74408e-05 5.36123e-06 4.92284e-07 2.71905e-08 1.39696e-09
 2.56792e-27 2.60072e-27 4.34494e-26 8.62583e-20 2.11452e-14 6.2657e-10 2.24427e-06 0.000971682 0.0508543 0.321719 0.246328 0.0421159 0.147504 0.13576 0.0241732 0.0209754 0.00666024 0.00207846 0.000634959 0.000177046 3.92198e-05 5.87194e-06 5.18857e-07 2.53333e-08 6.63424e-10
 2.56858e-27 2.60251e-27 4.50289e-26 8.95903e-20 2.1962e-14 6.50773e-10 2.33096e-06 0.00100922 0.0528187 0.334146 0.25581 0.0416683 0.137436 0.126455 0.0222808 0.0190134 0.00624457 0.00227735 0.000652342 0.000150357 3.03952e-05 4.92696e-06 4.72667e-07 2.22094e-08 4.62651e-10
 2.56928e-27 2.60439e-27 4.667e-26 9.30523e-20 2.28107e-14 6.75921e-10 2.42103e-06 0.00104822 0.0548598 0.347058 0.265665 0.0413695 0.128238 0.117926 0.0200152 0.0159862 0.00521923 0.00187006 0.00056787 0.000144626 2.52398e-05 3.55664e-06 3.54174e-07 1.79656e-08 3.56629e-10
 2.56914e-27 2.604e-27 4.63005e-26 9.22728e-20 2.26196e-14 6.70258e-10 2.40075e-06 0.00103943 0.0544002 0.344151 0.26345 0.041678 0.132142 0.121487 0.0198981 0.0148151 0.00474873 0.00157142 0.000469517 0.000120263 2.30184e-05 3.06051e-06 2.61273e-07 1.34288e-08 2.82319e-10
 2.56872e-27 2.60284e-27 4.5271e-26 9.0101e-20 2.20872e-14 6.54483e-10 2.34425e-06 0.00101497 0.0531198 0.336051 0.25727 0.0419944 0.138892 0.127717 0.0210317 0.0158282 0.00499382 0.00152094 0.000436492 0.000104512 1.98234e-05 2.79576e-06 2.33337e-07 1.05064e-08 2.20466e-10
 2.56749e-27 2.59951e-27 4.2325e-26 8.3886e-20 2.05636e-14 6.09338e-10 2.18255e-06 0.000944959 0.0494557 0.312871 0.239584 0.0428637 0.157934 0.14529 0.0241696 0.0185642 0.00587322 0.00180878 0.000504721 0.000111681 1.98044e-05 2.70256e-06 2.34331e-07 1.03309e-08 1.95293e-10
 2.56773e-27 2.60021e-27 4.29839e-26 8.52763e-20 2.09044e-14 6.19436e-10 2.21872e-06 0.000960619 0.0502754 0.318056 0.243535 0.042348 0.151233 0.139179 0.0244009 0.0206344 0.00656854 0.00207154 0.000582023 0.000128736 2.14546e-05 2.69922e-06 2.23809e-07 1.00737e-08 1.85548e-10
 2.56857e-27 2.60247e-27 4.49729e-26 8.94721e-20 2.1933e-14 6.49914e-10 2.32788e-06 0.00100788 0.052749 0.333705 0.255477 0.0418771 0.139259 0.128096 0.0218182 0.0175397 0.0057137 0.00202 0.000579414 0.000130892 2.19158e-05 2.64194e-06 2.00812e-07 8.60764e-09 1.59482e-10
 2.5688e-27 2.60306e-27 4.54527e-26 9.04842e-20 2.21811e-14 6.57266e-10 2.35422e-06 0.00101929 0.0533458 0.33748 0.258362 0.0420622 0.138641 0.127453 0.0203992 0.0144559 0.00463673 0.00154587 0.00046005 0.000114405 1.97122e-05 2.40313e-06 1.76235e-07 6.9525e-09 1.22576e-10
 2.56907e-27 2.60377e-27 4.60758e-26 9.17987e-20 2.25033e-14 6.66814e-10 2.38842e-06 0.00103409 0.0541207 0.342383 0.262103 0.0419086 0.134843 0.123947 0.0197584 0.0138683 0.00432543 0.0012456 0.000356009 8.56065e-05 1.59147e-05 2.06416e-06 1.53787e-07 5.86433e-09 9.58344e-11
 2.56934e-27 2.60452e-27 4.67344e-26 9.31881e-20 2.28439e-14 6.76907e-10 2.42457e-06 0.00104974 0.0549398 0.347564 0.266058 0.0417601 0.130935 0.12033 0.018931 0.0128906 0.00401093 0.00114027 0.000309194 6.53342e-05 1.1556e-05 1.5534e-06 1.24726e-07 4.85986e-09 7.68617e-11
 2.56952e-27 2.605e-27 4.71577e-26 9.40809e-20 2.30628e-14 6.83392e-10 2.44779e-06 0.0010598 0.0554662 0.350894 0.268598 0.0416286 0.128149 0.117762 0.0185186 0.012595 0.0038964 0.00107074 0.000287954 5.92052e-05 9.41754e-06 1.15626e-06 9.41616e-08 3.92915e-09 6.37048e-11
 2.56941e-27 2.60467e-27 4.68581e-26 9.34488e-20 2.29078e-14 6.788e-10 2.43135e-06 0.00105268 0.0550935 0.348537 0.266802 0.0418456 0.131063 0.120421 0.0184511 0.011771 0.00363593 0.000997429 0.000265324 5.29457e-05 8.23932e-06 9.30655e-07 6.81706e-08 2.84306e-09 4.88174e-11
 2.56947e-27 2.60484e-27 4.70139e-26 9.37776e-20 2.29884e-14 6.81189e-10 2.4399e-06 0.00105639 0.0552874 0.349763 0.267737 0.0417527 0.129699 0.119176 0.018463 0.0121091 0.00370083 0.000946497 0.000249193 4.94807e-05 7.52433e-06 8.23688e-07 5.59083e-08 2.10627e-09 3.57968e-11
 2.56974e-27 2.60558e-27 4.76665e-26 9.51543e-20 2.33259e-14 6.91189e-10 2.47572e-06 0.00107189 0.0560991 0.354898 0.271655 0.0415605 0.125484 0.115284 0.0177485 0.0114601 0.00351795 0.000926465 0.00023986 4.48689e-05 6.73847e-06 7.24794e-07 4.74101e-08 1.65524e-09 2.56583e-11
 2.57e-27 2.60629e-27 4.82882e-26 9.64659e-20 2.36474e-14 7.00716e-10 2.50985e-06 0.00108667 0.0568723 0.35979 0.275387 0.0414027 0.121661 0.11175 0.0170092 0.010663 0.00326237 0.000844938 0.000220146 4.19494e-05 6.05085e-06 6.2634e-07 4.01934e-08 1.34858e-09 1.93809e-11
 2.56997e-27 2.60619e-27 4.81829e-26 9.62436e-20 2.3593e-14 6.99101e-10 2.50406e-06 0.00108416 0.0567412 0.358961 0.274757 0.0416057 0.123647 0.113544 0.0166084 0.00929549 0.00282273 0.000707936 0.000182669 3.44054e-05 5.02578e-06 5.12151e-07 3.13973e-08 1.02553e-09 1.41356e-11
 2.5695e-27 2.6049e-27 4.70395e-26 9.38315e-20 2.30017e-14 6.8158e-10 2.44131e-06 0.00105699 0.0553192 0.349964 0.267893 0.041958 0.131151 0.120468 0.0178386 0.0103549 0.0030948 0.000688478 0.000172665 3.15829e-05 4.55059e-06 4.64122e-07 2.82332e-08 8.84755e-10 1.17941e-11
 2.56965e-27 2.60532e-27 4.74287e-26 9.46526e-20 2.32029e-14 6.87545e-10 2.46267e-06 0.00106624 0.0558033 0.353027 0.270227 0.04168 0.127396 0.117041 0.0179145 0.0113922 0.00342933 0.000791451 0.000193426 3.18159e-05 4.40675e-06 4.39015e-07 2.65576e-08 8.25117e-10 1.06113e-11
 2.56824e-27 2.60149e-27 4.40133e-26 8.74474e-20 2.14367e-14 6.35207e-10 2.27521e-06 0.000985077 0.0515554 0.326154 0.249727 0.0428888 0.150998 0.138774 0.0209274 0.0127956 0.00390293 0.000992876 0.000248732 4.18525e-05 5.42137e-06 4.98267e-07 2.91794e-08 8.96794e-10 1.14076e-11
#obs catch len freq
 1.63616e-41 2.27088e-33 3.80987e-26 7.72633e-20 1.89402e-14 5.61233e-10 2.01024e-06 0.000870366 0.0455515 0.288172 0.220788 0.0443345 0.165197 0.140391 0.0432898 0.0350572 0.0114466 0.00392258 0.000855854 0.000114163 6.75584e-06 1.26347e-07 5.49623e-10 4.47001e-13 5.9028e-17
 1.64343e-41 2.28097e-33 3.8268e-26 7.76067e-20 1.90244e-14 5.63727e-10 2.01918e-06 0.000874235 0.045754 0.289453 0.221829 0.0463875 0.168522 0.13569 0.0433977 0.0332448 0.010636 0.00343787 0.000687955 7.95503e-05 3.86364e-06 5.64047e-08 1.84202e-10 1.09415e-13 1.03654e-17
 1.91475e-41 2.65754e-33 4.45858e-26 9.04192e-20 2.21652e-14 6.56795e-10 2.35253e-06 0.00101857 0.0533077 0.33724 0.258324 0.0457839 0.134134 0.101995 0.0336584 0.0241825 0.00757617 0.00230699 0.000426032 4.27339e-05 1.68889e-06 1.90427e-08 4.64024e-11 2.01153e-14 1.37069e-18
 1.94761e-41 2.70315e-33 4.5351e-26 9.19709e-20 2.25456e-14 6.68067e-10 2.39291e-06 0.00103605 0.0542225 0.343028 0.262839 0.0489768 0.141553 0.10023 0.0260251 0.0156979 0.00477828 0.0013599 0.000230983 2.01436e-05 6.4782e-07 5.61319e-09 1.0143e-11 3.19633e-15 1.56508e-19
 1.98537e-41 2.75556e-33 4.62303e-26 9.37541e-20 2.29827e-14 6.8102e-10 2.4393e-06 0.00105613 0.0552739 0.349679 0.26799 0.0507076 0.138939 0.0925505 0.0254997 0.0140952 0.00329441 0.00078194 0.000120278 9.06973e-06 2.37596e-07 1.58512e-09 2.12206e-12 4.84792e-16 1.70133e-20
 1.79759e-41 2.49494e-33 4.18578e-26 8.48867e-20 2.0809e-14 6.16608e-10 2.20859e-06 0.000956243 0.050046 0.316607 0.242964 0.0574444 0.174436 0.108803 0.0295825 0.0150106 0.00340846 0.000658949 7.63288e-05 4.75833e-06 1.0087e-07 5.19197e-10 5.16971e-13 8.58075e-17 2.1585e-21
 1.48696e-41 2.0638e-33 3.46245e-26 7.02178e-20 1.72131e-14 5.10054e-10 1.82693e-06 0.000790998 0.0413977 0.261897 0.201523 0.06621 0.220283 0.131233 0.047176 0.0235437 0.00498962 0.000869593 8.15093e-05 3.66536e-06 5.88461e-08 2.31318e-10 1.71684e-13 2.08001e-17 3.76566e-22
 2.11707e-41 2.93835e-33 4.92969e-26 9.99731e-20 2.45072e-14 7.26194e-10 2.60111e-06 0.00112619 0.0589404 0.372875 0.285865 0.0520148 0.110022 0.0640947 0.0331887 0.0168683 0.00423632 0.000706308 5.67086e-05 1.94826e-06 2.18237e-08 6.11343e-11 3.31453e-14 2.92752e-18 3.82804e-23
 2.02329e-41 2.80819e-33 4.71132e-26 9.55446e-20 2.34216e-14 6.94026e-10 2.48589e-06 0.0010763 0.0563294 0.35636 0.273651 0.0624755 0.147372 0.0740315 0.0178103 0.00786242 0.00252986 0.000461271 3.65046e-05 1.02588e-06 8.3916e-09 1.60848e-11 5.98763e-15 3.72365e-19 3.47551e-24
 2.05959e-41 2.85858e-33 4.79586e-26 9.7259e-20 2.38419e-14 7.06479e-10 2.53049e-06 0.00109562 0.0573402 0.362755 0.278672 0.0639098 0.139484 0.0670361 0.0209131 0.00728916 0.0012561 0.000227142 1.95611e-05 5.12416e-07 3.33821e-09 4.59725e-12 1.16939e-15 4.91596e-20 3.14e-25
 1.7795e-41 2.46983e-33 4.14366e-26 8.40326e-20 2.05996e-14 6.10404e-10 2.18637e-06 0.000946622 0.0495424 0.313428 0.241751 0.0795188 0.192117 0.0860628 0.0261849 0.00872809 0.00153482 0.00017143 1.14208e-05 2.90932e-07 1.6766e-09 1.81774e-12 3.35433e-16 9.77909e-21 4.24706e-26
 2.06659e-41 2.86829e-33 4.81216e-26 9.75896e-20 2.39229e-14 7.0888e-10 2.53909e-06 0.00109934 0.0575351 0.363991 0.280042 0.0688281 0.132818 0.0597597 0.0261615 0.00825914 0.00135932 0.000137993 6.28388e-06 1.1271e-07 5.52383e-10 5.05186e-13 7.34314e-17 1.58908e-21 4.91849e-27
 1.89559e-41 2.63095e-33 4.41396e-26 8.95143e-20 2.19434e-14 6.50223e-10 2.32899e-06 0.00100837 0.0527742 0.333878 0.257947 0.084743 0.172194 0.0678629 0.02129 0.00681593 0.00135342 0.000126329 4.79908e-06 5.96079e-08 1.96728e-10 1.36459e-13 1.58076e-17 2.6828e-22 6.29771e-28
 1.97765e-41 2.74485e-33 4.60506e-26 9.33896e-20 2.28934e-14 6.78372e-10 2.42982e-06 0.00105203 0.055059 0.348334 0.269135 0.0833516 0.151601 0.0601741 0.0239654 0.00623812 0.000986997 9.68151e-05 3.43744e-06 3.37396e-08 7.75666e-11 3.56474e-14 2.87252e-18 3.60155e-23 6.41691e-29
 1.68654e-41 2.34081e-33 3.92719e-26 7.96427e-20 1.95235e-14 5.78516e-10 2.07215e-06 0.000897169 0.0469543 0.297074 0.231668 0.108159 0.205156 0.0748914 0.0268597 0.00712482 0.00112445 8.62584e-05 2.74408e-06 2.38635e-08 4.28354e-11 1.39722e-14 7.5746e-19 6.3547e-24 7.7895e-30
 1.54685e-41 2.14693e-33 3.60193e-26 7.30463e-20 1.79064e-14 5.30601e-10 1.90053e-06 0.000822862 0.0430653 0.272482 0.213943 0.117767 0.212808 0.086415 0.041336 0.00982816 0.00142534 0.000102144 2.59246e-06 1.81859e-08 2.69763e-11 6.87952e-15 2.72901e-19 1.59779e-24 1.33045e-30
 1.78403e-41 2.47611e-33 4.15419e-26 8.42462e-20 2.0652e-14 6.11955e-10 2.19192e-06 0.000949027 0.0496684 0.314255 0.245523 0.105938 0.165735 0.0698997 0.0363029 0.0100768 0.00155056 9.68701e-05 2.09976e-06 1.15554e-08 1.30353e-11 2.57497e-15 7.88229e-20 3.46275e-25 2.09403e-31
 1.75174e-41 2.4313e-33 4.07901e-26 8.27214e-20 2.02782e-14 6.0088e-10 2.15225e-06 0.000931851 0.0487695 0.308586 0.242814 0.121574 0.178693 0.0631862 0.0264619 0.00761169 0.00128523 8.22728e-05 1.52913e-06 6.73603e-09 5.8188e-12 8.51553e-16 1.92596e-20 6.30633e-26 2.84776e-32
 1.77131e-41 2.45846e-33 4.12457e-26 8.36454e-20 2.05047e-14 6.07591e-10 2.17629e-06 0.00094226 0.0493142 0.312048 0.246491 0.126197 0.170693 0.0623336 0.0253462 0.0057051 0.000870656 5.64337e-05 9.91288e-07 3.65312e-09 2.44838e-12 2.69209e-16 4.47746e-21 1.06392e-26 3.47665e-33
 1.72787e-41 2.39817e-33 4.02342e-26 8.15942e-20 2.00019e-14 5.92692e-10 2.12293e-06 0.000919154 0.048105 0.304424 0.2425 0.137957 0.174055 0.0620355 0.0241353 0.00519036 0.000641729 3.45933e-05 5.50977e-07 1.78486e-09 9.78781e-13 8.29797e-17 1.02908e-21 1.79267e-27 4.24925e-34
 1.82332e-41 2.53064e-33 4.24568e-26 8.61015e-20 2.11068e-14 6.25432e-10 2.2402e-06 0.000969928 0.0507623 0.321253 0.256011 0.135138 0.154034 0.0560781 0.0210579 0.00421278 0.000462213 1.97543e-05 2.46455e-07 6.58203e-10 2.98378e-13 2.02863e-17 1.94607e-22 2.54601e-28 4.443e-35
 1.78641e-41 2.47941e-33 4.15973e-26 8.43585e-20 2.06795e-14 6.12772e-10 2.19485e-06 0.000950294 0.0497348 0.314796 0.253617 0.148963 0.157609 0.052673 0.0178908 0.0034179 0.000333362 1.177e-05 1.11973e-07 2.23573e-10 7.77607e-14 4.13065e-18 3.09149e-23 3.11503e-29 4.11799e-36
 1.79932e-41 2.49734e-33 4.1898e-26 8.49683e-20 2.0829e-14 6.17201e-10 2.21071e-06 0.000957162 0.0500944 0.317114 0.257229 0.153418 0.150042 0.0518017 0.0163817 0.002721 0.000232776 6.87812e-06 5.10909e-08 7.56827e-11 1.91265e-14 7.42967e-19 4.12853e-24 3.12314e-30 3.11159e-37
 1.79692e-41 2.49401e-33 4.18422e-26 8.48552e-20 2.08013e-14 6.16379e-10 2.20777e-06 0.000955889 0.0500279 0.316753 0.259458 0.160985 0.145522 0.0491863 0.0146763 0.00226688 0.000162314 3.89515e-06 2.27953e-08 2.55124e-11 4.71865e-15 1.3174e-19 5.23315e-25 2.84032e-31 2.04612e-38
 1.82273e-41 2.52983e-33 4.24431e-26 8.60737e-20 2.11e-14 6.2523e-10 2.23947e-06 0.000969615 0.0507465 0.321367 0.265261 0.164555 0.137053 0.0456047 0.0125572 0.00177239 0.000109818 2.10583e-06 9.46033e-09 7.99558e-12 1.09604e-15 2.22782e-20 6.35795e-26 2.45869e-32 1.25707e-39
 1.75673e-41 2.43822e-33 4.09062e-26 8.29569e-20 2.03359e-14 6.0259e-10 2.15838e-06 0.000934505 0.0489093 0.309865 0.260979 0.179777 0.140588 0.0457521 0.0116302 0.00148321 7.85812e-05 1.22101e-06 4.20482e-09 2.63998e-12 2.6586e-16 3.94518e-21 8.16248e-27 2.27186e-33 8.30751e-41
 1.67259e-41 2.32144e-33 3.8947e-26 7.89837e-20 1.93619e-14 5.73729e-10 2.055e-06 0.000889746 0.0465673 0.295207 0.254958 0.194618 0.145362 0.0492628 0.0117335 0.00133828 5.99303e-05 7.48677e-07 1.98966e-09 9.3327e-13 6.87162e-17 7.37711e-22 1.09985e-27 2.20191e-34 5.78089e-42
 1.67192e-41 2.32052e-33 3.89315e-26 7.89522e-20 1.93542e-14 5.73501e-10 2.05419e-06 0.000889392 0.0465494 0.295242 0.258477 0.197097 0.139751 0.0493614 0.0113889 0.00119627 4.50814e-05 4.48515e-07 9.15187e-10 3.21565e-13 1.74243e-17 1.35864e-22 1.458e-28 2.08994e-35 3.91867e-43
 1.70452e-41 2.36576e-33 3.96905e-26 8.04917e-20 1.97316e-14 5.84683e-10 2.09424e-06 0.000906733 0.0474569 0.300959 0.261816 0.192239 0.136657 0.0477596 0.0110195 0.00114374 3.98269e-05 3.44421e-07 5.90123e-10 1.71205e-13 7.58464e-18 4.80204e-23 4.16177e-29 4.79644e-36 7.20487e-44
#spawning biomass
 7615.65 6775.19 7710.69 10145.5 15165.7 16376.6 16981.1 22223.9 32608 48173.4 55813.6 71946.7 96241.3 119057 122825 109501 101019 93193.2 89916.7 90957.4 100112 102444 105872 111378 121599 118243 115294 115259 126420 327520 464405 478417 441474 381251 317065 259235 211720 174881 147417 127502 113349 103438 96559.6 91791.4 88518.3 86336.9 84883.1 83914.2 83268.5 82838.1 82551.3 82360.2 82232.8 82147.9 82091.3 82053.6 82028.5 82011.7 82000.5 81993.1 81988.1 81984.8 81982.6 81981.2 81980.2 81979.5 81979.1 81978.8 81978.6 81978.5 81978.4 81978.4 81978.3 81978.3 81978.3 81978.3 81978.3 81978.3 81978.2 81978.2 81978.2 81978.2 81978.2 81978.2 81978.2 81978.2 81978.2 81978.2 81978.2 81978.2 81978.2 81978.2 81978.2 81978.2 81978.2 81978.2 81978.2 81978.2 81978.2 81978.2 81978.2 81978.2 81978.2 81978.2 81978.2 81978.2 81978.2 81978.2 81978.2 81978.2 81978.2 81978.2 81978.2 81978.2 81978.2 81978.2 81978.2 81978.2 81978.2 81978.2 81978.2 81978.2 81978.2 81978.2 81978.2 81978.2 81978.2 81978.2 81978.2 0 0 0 0 0 0 0 0 0 0 0 0 0 0 0 0 0 0 0 0 0 0 0 0 0
