SBPRF35
0.226109
Curr Bio
156386
B35
212342
F35
0.931903
FOFL
0.581587
OFL
20749.2
Bzero
64602.5
#pred survey bio
 15724.2 15393.5 17157.5 18777.5 21393.5 25531.4 28095.4 33927.9 46818.7 63274.2 78192.9 90359.3 133258 162561 146209 131667 113188 110069 114358 111587 116803 116055 121462 127833 135626 152772 143228 122304 3.67698e+06 2.75245e+06 2.04622e+06 1.24098e+06 831851 653590 573265 533235 511056 497784 489482 484176 480755 478540 477098 476150 475549 475167 474923 474768 474669 474606 474566 474540 474523 474513 474506 474502 474499 474497 474496 474495 474495 474495 474494 474494 474494 474494 474494 474494 474494 474494 474494 474494 474494 474494 474494 474494 474494 474494 474494 474494 474494 474494 474494 474494 474494 474494 474494 474494 474494 474494 474494 474494 474494 474494 474494 474494 474494 474494 474494 474494 474494 474494 474494 474494 474494 474494 474494 474494 474494 474494 474494 474494 474494 474494 474494 474494 474494 474494 474494 474494 474494 474494 474494 474494 474494 474494 474494 474494 0 0 0 0 0 0 0 0 0 0 0 0 0 0 0 0 0 0 0 0 0 0 0 0 0
#obs survey bio
 13331.9 14071.5 13773.7 17805.1 26052.8 24982.6 35108.9 26163.3 50910.1 34753.2 75688.9 72381.6 131200 120488 112996 96688.9 86943.4 115033 95042.4 100684 100475 96319.4 118832 112196 158470 131633 122931 82751.4
#pred catch bio
 7467.01 6922.29 8223.14 9658.46 10627.8 13861.8 15670.1 18727.6 26108.2 36265.9 52428.2 53071.4 79721.7 111290 98068.7 96797.7 81320 75099.2 82797.7 79473.2 87932.9 87215.4 91828.9 100157 99995.7 119665 115229 104089 20749.2 53805.2 41143.3 21029.9 12028.5 8960.71 8013.11 7736.06 7658.02 7636.61 7630.85 7629.33 7628.93 7628.82 7628.8 7628.79 7628.79 7628.79 7628.79 7628.79 7628.79 7628.79 7628.79 7628.79 7628.79 7628.79 7628.79 7628.79 7628.79 7628.79 7628.79 7628.79 7628.79 7628.79 7628.79 7628.79 7628.79 7628.79 7628.79 7628.79 7628.79 7628.79 7628.79 7628.79 7628.79 7628.79 7628.79 7628.79 7628.79 7628.79 7628.79 7628.79 7628.79 7628.79 7628.79 7628.79 7628.79 7628.79 7628.79 7628.79 7628.79 7628.79 7628.79 7628.79 7628.79 7628.79 7628.79 7628.79 7628.79 7628.79 7628.79 7628.79 7628.79 7628.79 7628.79 7628.79 7628.79 7628.79 7628.79 7628.79 7628.79 7628.79 7628.79 7628.79 7628.79 7628.79 7628.79 7628.79 7628.79 7628.79 7628.79 7628.79 7628.79 7628.79 7628.79 7628.79 7628.79 7628.79 7628.79 7628.79 0 0 0 0 0 0 0 0 0 0 0 0 0 0 0 0 0 0 0 0 0 0 0 0 0
#obs catch bio
 7138.44 6870.82 8369.8 9609.22 10608.9 13827.5 15512.5 18674.8 25653.6 35850.3 52149.1 53004.1 77192.6 107093 98763 95843.8 79113.7 73466.5 79948.1 76558.5 84787.2 84548.7 88914.7 96068.2 96059.7 114257 110230 102949
#pred cpue bio
 10852.6 10151.5 11011.3 11892.8 12809.8 15344.8 16847.5 19035.8 24964.4 34254.4 43578.7 46530.4 67578.2 89973.9 84391.9 76445.8 61490.2 58653.3 61963.3 58977.4 60926.1 59243.3 60943.2 63926.8 65372.8 76446.5 73151.2 63049 1.7608e+06 2.08168e+06 1.88198e+06 1.12743e+06 715631 536141 455553 415469 393279 380004 371702 366396 362974 360760 359318 358369 357768 357386 357143 356988 356889 356826 356785 356760 356743 356733 356726 356721 356719 356717 356716 356715 356715 356714 356714 356714 356714 356714 356714 356714 356714 356714 356714 356714 356714 356714 356714 356714 356714 356714 356714 356714 356714 356714 356714 356714 356714 356714 356714 356714 356714 356714 356714 356714 356714 356714 356714 356714 356714 356714 356714 356714 356714 356714 356714 356714 356714 356714 356714 356714 356714 356714 356714 356714 356714 356714 356714 356714 356714 356714 356714 356714 356714 356714 356714 356714 356714 356714 356714 356714 0 0 0 0 0 0 0 0 0 0 0 0 0 0 0 0 0 0 0 0 0 0 0 0 0
#obs cpue bio
 9711.55 12322.3 6542.05 22968.4 9476.75 16608.1 19380.9 22300.3 36112.1 59174 55136.3 56406.7 142815 199448 68355 177187 116946 78634.5 142465 120287 122079 111879 107309 148286 104014 176927 168795 110196
#pred surv len freq
 2.56432e-27 2.5914e-27 3.5741e-26 6.9999e-20 1.71594e-14 5.08464e-10 1.82123e-06 0.000788524 0.0412685 0.261076 0.199987 0.0398857 0.163088 0.150608 0.0349594 0.042163 0.0181041 0.013921 0.00859131 0.0065425 0.00512439 0.00441386 0.00440376 0.00388839 0.001185
 2.56489e-27 2.59309e-27 3.73001e-26 7.32881e-20 1.79657e-14 5.32355e-10 1.90681e-06 0.000825575 0.0432076 0.273343 0.209338 0.0388641 0.148747 0.137926 0.042953 0.0633902 0.0215017 0.00894147 0.00401009 0.0022967 0.00147083 0.00108747 0.000962336 0.000849664 0.000283668
 2.56547e-27 2.59464e-27 3.86135e-26 7.60586e-20 1.86448e-14 5.5248e-10 1.97889e-06 0.000856784 0.044841 0.283677 0.217233 0.039148 0.14536 0.134613 0.0389368 0.0552073 0.0212144 0.0124169 0.00397093 0.00123999 0.000525588 0.000296866 0.000217995 0.00018091 6.25289e-05
 2.56539e-27 2.59433e-27 3.82496e-26 7.52906e-20 1.84566e-14 5.46901e-10 1.95891e-06 0.000848133 0.0443882 0.280812 0.215059 0.0399932 0.15332 0.141837 0.0380514 0.0512908 0.0188227 0.00995696 0.00379389 0.00133427 0.000300612 9.44202e-05 4.91452e-05 3.5161e-05 1.20323e-05
 2.56706e-27 2.59877e-27 4.20898e-26 8.33915e-20 2.04424e-14 6.05746e-10 2.16968e-06 0.000939388 0.0491642 0.311026 0.238123 0.0395459 0.133712 0.123641 0.0330171 0.0443163 0.0155758 0.00722163 0.00254382 0.000877193 0.000233451 4.37695e-05 1.07287e-05 5.50858e-06 1.76871e-06
 2.5663e-27 2.59659e-27 4.00647e-26 7.91189e-20 1.93951e-14 5.7471e-10 2.05852e-06 0.000891258 0.0466453 0.295091 0.225977 0.0409703 0.153085 0.141343 0.0329888 0.0397775 0.0139269 0.0063742 0.00209737 0.000634839 0.000158452 3.18227e-05 4.37121e-06 1.0126e-06 2.7153e-07
 2.56642e-27 2.59696e-27 4.04064e-26 7.98398e-20 1.95718e-14 5.79946e-10 2.07727e-06 0.000899379 0.0470702 0.297779 0.228025 0.0406633 0.14931 0.137946 0.0339735 0.0428308 0.0141154 0.0051422 0.00164138 0.000475254 0.000104454 1.91587e-05 2.47947e-06 2.48737e-07 3.87424e-08
 2.56826e-27 2.60186e-27 4.46669e-26 8.88276e-20 2.1775e-14 6.45233e-10 2.31111e-06 0.00100062 0.0523691 0.331301 0.253612 0.0400104 0.126364 0.116632 0.0276668 0.0338065 0.0112852 0.00431954 0.00125722 0.000299374 6.21283e-05 1.01749e-05 1.17704e-06 8.68003e-08 5.5772e-09
 2.56898e-27 2.60371e-27 4.61772e-26 9.20132e-20 2.25559e-14 6.68372e-10 2.394e-06 0.00103651 0.0542472 0.343183 0.262693 0.0405882 0.12438 0.114577 0.023255 0.0242319 0.00792799 0.00281252 0.000826869 0.000197696 3.45255e-05 4.95776e-06 5.0975e-07 3.19848e-08 1.14015e-09
 2.56834e-27 2.60193e-27 4.45653e-26 8.86126e-20 2.17223e-14 6.43671e-10 2.30552e-06 0.000998203 0.0522423 0.330499 0.253021 0.0413484 0.136962 0.126142 0.0244837 0.0240963 0.00747757 0.00201993 0.000557549 0.000124991 2.1886e-05 2.79439e-06 2.41616e-07 1.31569e-08 3.58902e-10
 2.56769e-27 2.60018e-27 4.30538e-26 8.54241e-20 2.09407e-14 6.2051e-10 2.22256e-06 0.000962285 0.0503625 0.318607 0.243942 0.0414907 0.144423 0.133106 0.0271606 0.0284431 0.00871137 0.00214184 0.000535984 9.40322e-05 1.50114e-05 1.85111e-06 1.44805e-07 6.56918e-09 1.50242e-10
 2.56948e-27 2.605e-27 4.7261e-26 9.42993e-20 2.31163e-14 6.84978e-10 2.45348e-06 0.00106226 0.055595 0.351709 0.269206 0.0407399 0.120959 0.111336 0.0211683 0.0202511 0.00614404 0.00142384 0.000342028 5.23217e-05 6.79494e-06 6.9428e-07 5.07114e-08 2.06632e-09 3.93415e-11
 2.5697e-27 2.60557e-27 4.77413e-26 9.53125e-20 2.33647e-14 6.92338e-10 2.47984e-06 0.00107368 0.0561923 0.355488 0.272093 0.0408127 0.119485 0.109925 0.0200035 0.0179481 0.00541899 0.00121969 0.000289203 4.25011e-05 5.04655e-06 4.21318e-07 2.45421e-08 8.97811e-10 1.51693e-11
 2.5673e-27 2.59903e-27 4.19379e-26 8.30696e-20 2.03635e-14 6.03407e-10 2.1613e-06 0.000935762 0.0489744 0.309826 0.237256 0.0426879 0.158231 0.145653 0.0258433 0.0222663 0.00662798 0.00133852 0.000308838 4.39015e-05 5.05508e-06 3.9004e-07 1.87225e-08 5.39401e-10 7.92821e-12
 2.56637e-27 2.59658e-27 3.9846e-26 7.86569e-20 1.92818e-14 5.71354e-10 2.04649e-06 0.000886053 0.0463728 0.293367 0.224688 0.0426619 0.166863 0.153782 0.0302587 0.0302794 0.00889388 0.00155676 0.000339491 4.29237e-05 4.70415e-06 3.48375e-07 1.54972e-08 3.70481e-10 4.28369e-12
 2.56662e-27 2.59733e-27 4.05793e-26 8.02042e-20 1.96611e-14 5.82593e-10 2.08675e-06 0.000903483 0.047285 0.299138 0.229081 0.0418121 0.15731 0.145106 0.0312308 0.0346982 0.010499 0.00234422 0.000524204 5.8732e-05 5.83709e-06 3.91764e-07 1.65423e-08 3.65257e-10 3.52866e-12
 2.56808e-27 2.60118e-27 4.38764e-26 8.71592e-20 2.1366e-14 6.33114e-10 2.26771e-06 0.000981831 0.0513855 0.325079 0.248888 0.0417682 0.14306 0.131728 0.0247462 0.0232769 0.00704623 0.00160733 0.000375214 5.035e-05 4.93978e-06 2.90605e-07 1.09414e-08 2.2443e-10 1.99269e-12
 2.5683e-27 2.60174e-27 4.43177e-26 8.80899e-20 2.15942e-14 6.39874e-10 2.29192e-06 0.000992315 0.0519342 0.32855 0.251544 0.0420778 0.14355 0.132083 0.0230403 0.0192856 0.00566338 0.00101577 0.000227262 3.13013e-05 3.39344e-06 2.22236e-07 7.60353e-09 1.36919e-10 1.11055e-12
 2.56797e-27 2.60086e-27 4.3567e-26 8.65064e-20 2.1206e-14 6.28372e-10 2.25072e-06 0.000974476 0.0510006 0.322644 0.247034 0.0420959 0.146856 0.135187 0.0245511 0.0219453 0.00640012 0.00105796 0.000222669 2.52003e-05 2.63004e-06 1.8435e-07 7.09105e-09 1.23509e-10 8.8074e-13
 2.56853e-27 2.60235e-27 4.48637e-26 8.92418e-20 2.18766e-14 6.48241e-10 2.32189e-06 0.00100529 0.0526133 0.332846 0.254821 0.0418913 0.139828 0.128656 0.0225689 0.0190707 0.00556001 0.000923957 0.000191711 1.96848e-05 1.795e-06 1.08725e-07 4.30473e-09 8.29935e-11 5.9637e-13
 2.56879e-27 2.60304e-27 4.54592e-26 9.0498e-20 2.21845e-14 6.57366e-10 2.35458e-06 0.00101944 0.0533539 0.337531 0.258398 0.0418328 0.13687 0.125898 0.0215697 0.0174853 0.00506608 0.000792767 0.00016219 1.66944e-05 1.45815e-06 7.72973e-08 2.60372e-09 4.89314e-11 3.81163e-13
 2.5691e-27 2.60385e-27 4.61407e-26 9.19356e-20 2.25369e-14 6.67809e-10 2.39198e-06 0.00103564 0.0542014 0.342893 0.262494 0.0419598 0.134958 0.124055 0.0198154 0.0139473 0.00398266 0.000538933 0.00010446 9.98712e-06 8.49681e-07 4.39786e-08 1.32839e-09 2.12149e-11 1.55111e-13
 2.56947e-27 2.60485e-27 4.70174e-26 9.37849e-20 2.29902e-14 6.81242e-10 2.44009e-06 0.00105647 0.0552917 0.34979 0.267757 0.0417405 0.129592 0.119093 0.0187652 0.0127997 0.00361238 0.000417175 7.50389e-05 6.28884e-06 4.90902e-07 2.37962e-08 6.97979e-10 1.02104e-11 6.40628e-14
 2.56946e-27 2.60482e-27 4.69725e-26 9.36901e-20 2.2967e-14 6.80553e-10 2.43763e-06 0.0010554 0.0552358 0.349437 0.26749 0.0418841 0.130873 0.120244 0.0183987 0.0116749 0.00327917 0.000359163 6.21111e-05 4.50204e-06 3.09944e-07 1.3102e-08 3.52882e-10 4.91598e-12 2.86121e-14
 2.57022e-27 2.60686e-27 4.87757e-26 9.74943e-20 2.38995e-14 7.08186e-10 2.5366e-06 0.00109825 0.0574786 0.363625 0.278316 0.0413952 0.119546 0.109778 0.0162965 0.00951644 0.00264837 0.00025494 4.12516e-05 2.80841e-06 1.77026e-07 6.33552e-09 1.46909e-10 1.82274e-12 9.9382e-15
 2.56938e-27 2.60457e-27 4.6738e-26 9.31954e-20 2.28457e-14 6.7696e-10 2.42476e-06 0.00104983 0.0549442 0.347592 0.266084 0.0420684 0.133263 0.122423 0.0182989 0.0108979 0.00303449 0.000292505 4.69045e-05 2.90568e-06 1.68672e-07 5.54889e-09 1.1175e-10 1.16553e-12 5.5534e-15
 2.56887e-27 2.60318e-27 4.55029e-26 9.05899e-20 2.2207e-14 6.58034e-10 2.35697e-06 0.00102048 0.0534081 0.337874 0.25867 0.0424915 0.141691 0.130189 0.0194709 0.0116143 0.00322498 0.000294464 4.58205e-05 2.79449e-06 1.55799e-07 4.59524e-09 8.42902e-11 7.72591e-13 3.09455e-15
 2.56864e-27 2.60256e-27 4.4954e-26 8.9432e-20 2.19232e-14 6.49623e-10 2.32684e-06 0.00100743 0.0527254 0.333556 0.255375 0.0426586 0.145278 0.133499 0.0200619 0.0121275 0.00336327 0.000297579 4.5265e-05 2.62028e-06 1.39676e-07 3.9951e-09 6.77191e-11 5.544e-13 1.96595e-15
#obs surv len freq
 1.24551e-41 1.72869e-33 2.90023e-26 5.8816e-20 1.44181e-14 4.27233e-10 1.53028e-06 0.000662559 0.0346757 0.219369 0.168241 0.0417265 0.170448 0.142704 0.08941 0.084662 0.0333544 0.0120342 0.00242906 0.000270317 1.22979e-05 1.67176e-07 5.12295e-10 2.89111e-13 2.63176e-17
 1.56262e-41 2.16881e-33 3.63863e-26 7.37907e-20 1.80889e-14 5.36008e-10 1.91989e-06 0.000831248 0.0435042 0.275221 0.210923 0.0426662 0.141893 0.113064 0.0739662 0.0644314 0.0241267 0.00783707 0.00139839 0.000132452 4.88615e-06 5.13561e-08 1.17331e-10 4.81406e-14 3.13581e-18
 1.29434e-41 1.79646e-33 3.01394e-26 6.11221e-20 1.49834e-14 4.43984e-10 1.59028e-06 0.000688536 0.0360352 0.227971 0.175086 0.0518499 0.204439 0.150204 0.0728443 0.0548732 0.0194393 0.00562798 0.000869541 6.83163e-05 2.00736e-06 1.61447e-08 2.7364e-11 8.15984e-15 3.81148e-19
 1.55714e-41 2.16121e-33 3.62588e-26 7.35321e-20 1.80255e-14 5.34129e-10 1.91316e-06 0.000828334 0.0433517 0.274256 0.210358 0.0473351 0.149537 0.109503 0.0851017 0.0598485 0.0156711 0.00368424 0.000490616 3.14519e-05 7.20205e-07 4.36676e-09 5.44875e-12 1.1768e-15 3.93929e-20
 1.54046e-41 2.13805e-33 3.58703e-26 7.27442e-20 1.78324e-14 5.28406e-10 1.89267e-06 0.000819458 0.0428872 0.271319 0.20836 0.055409 0.180344 0.118862 0.0635676 0.0413501 0.0139461 0.00285287 0.000268006 1.32846e-05 2.33099e-07 1.04729e-09 9.50172e-13 1.47601e-16 3.52854e-21
 1.35111e-41 1.87525e-33 3.14611e-26 6.38026e-20 1.56405e-14 4.63455e-10 1.66002e-06 0.000718732 0.0376156 0.23797 0.18314 0.0612598 0.205465 0.131078 0.0832214 0.0463931 0.0108578 0.0020807 0.000191006 6.7547e-06 8.32246e-08 2.70798e-10 1.76376e-13 1.95043e-17 3.30624e-22
 1.56475e-41 2.17178e-33 3.64361e-26 7.38916e-20 1.81137e-14 5.36741e-10 1.92252e-06 0.000832384 0.0435637 0.275599 0.211844 0.0581026 0.165652 0.105029 0.083231 0.0439314 0.0105377 0.00156298 0.000108643 3.33671e-06 3.00561e-08 6.58947e-11 2.96848e-14 2.30408e-18 2.74498e-23
 1.73163e-41 2.40339e-33 4.03218e-26 8.17719e-20 2.00454e-14 5.93982e-10 2.12755e-06 0.000921155 0.0482096 0.304992 0.23449 0.0627618 0.163173 0.0926885 0.056635 0.0277527 0.00729447 0.00102131 5.81795e-05 1.28807e-06 8.89747e-09 1.42523e-11 4.34141e-15 2.26357e-19 1.84669e-24
 1.65571e-41 2.29802e-33 3.8554e-26 7.81868e-20 1.91666e-14 5.6794e-10 2.03427e-06 0.000880769 0.0460959 0.291622 0.224689 0.0713354 0.185107 0.0981024 0.0549947 0.0222221 0.00436333 0.000554525 2.98688e-05 5.32237e-07 2.61365e-09 2.98134e-12 6.52234e-16 2.35953e-20 1.29863e-25
 1.53475e-41 2.13013e-33 3.57374e-26 7.24748e-20 1.77663e-14 5.26449e-10 1.88566e-06 0.000816424 0.0427284 0.270321 0.208861 0.0785142 0.199654 0.104681 0.0664903 0.0237295 0.00382928 0.000358654 1.48149e-05 2.25645e-07 8.79623e-10 7.17074e-13 1.08353e-16 2.73487e-21 1.0547e-26
 1.46676e-41 2.03577e-33 3.41543e-26 6.92641e-20 1.69793e-14 5.03127e-10 1.80212e-06 0.000780256 0.0408355 0.258349 0.200157 0.0842393 0.203964 0.107365 0.0749638 0.0250243 0.00400446 0.000306734 9.00411e-06 9.66893e-08 2.88595e-10 1.81568e-13 2.00165e-17 3.52024e-22 9.32461e-28
 1.88312e-41 2.61364e-33 4.38492e-26 8.89254e-20 2.1799e-14 6.45944e-10 2.31367e-06 0.00100174 0.052427 0.331679 0.255764 0.0729452 0.140658 0.0736523 0.052595 0.0164684 0.00262081 0.00018233 4.46557e-06 3.39734e-08 6.80285e-11 3.01116e-14 2.43919e-18 3.15152e-23 5.98494e-29
 1.56998e-41 2.17903e-33 3.65578e-26 7.41385e-20 1.81742e-14 5.38534e-10 1.92894e-06 0.000835165 0.0437092 0.276539 0.215363 0.102309 0.213874 0.0902114 0.0429616 0.0122061 0.00186816 0.000119095 2.60654e-06 1.61224e-08 2.3353e-11 6.91768e-15 3.74615e-19 3.34976e-24 4.53051e-30
 1.27372e-41 1.76784e-33 2.96592e-26 6.01483e-20 1.47447e-14 4.36911e-10 1.56494e-06 0.000677567 0.0354612 0.224369 0.176625 0.113835 0.233607 0.119171 0.0775874 0.016863 0.00170867 9.14203e-05 1.75759e-06 9.19684e-09 1.06342e-11 2.3328e-15 8.75394e-20 5.2365e-25 4.7303e-31
 1.147e-41 1.59196e-33 2.67084e-26 5.41642e-20 1.32777e-14 3.93443e-10 1.40925e-06 0.000610156 0.0319331 0.202058 0.160352 0.117475 0.227475 0.135343 0.0980424 0.0238356 0.00276788 0.000105956 1.40511e-06 5.83015e-09 5.43294e-12 9.32589e-16 2.63414e-20 1.13844e-25 7.17026e-32
 1.55933e-41 2.16425e-33 3.63097e-26 7.36354e-20 1.80508e-14 5.3488e-10 1.91585e-06 0.000829498 0.0434126 0.274679 0.215102 0.100705 0.165281 0.104257 0.0740244 0.0191777 0.00243 9.81236e-05 1.12468e-06 3.17929e-09 2.07979e-12 2.68502e-16 5.77715e-21 1.87883e-26 8.74237e-33
 1.40722e-41 1.95313e-33 3.27678e-26 6.64524e-20 1.629e-14 4.82703e-10 1.72896e-06 0.000748582 0.0391778 0.247918 0.197704 0.136074 0.215376 0.0970723 0.051395 0.0128674 0.00159883 6.60421e-05 7.56402e-07 1.9057e-09 9.29545e-13 8.15021e-17 1.21352e-21 2.84353e-27 9.72323e-34
 1.46e-41 2.02639e-33 3.39969e-26 6.8945e-20 1.69011e-14 5.00809e-10 1.79382e-06 0.000776661 0.0406474 0.257224 0.205133 0.129963 0.190082 0.108033 0.0573259 0.00986089 0.000916742 3.44686e-05 3.70724e-07 8.68273e-10 3.72315e-13 2.61681e-17 2.83545e-22 4.56875e-28 1.06629e-34
 1.44145e-41 2.00064e-33 3.35648e-26 6.80688e-20 1.66863e-14 4.94444e-10 1.77102e-06 0.00076679 0.0401309 0.253986 0.204729 0.144156 0.195356 0.101569 0.0493622 0.00919623 0.000728043 1.86321e-05 1.55363e-07 3.10885e-10 1.15001e-13 6.84697e-18 6.06592e-23 7.62046e-29 1.31797e-35
 1.55932e-41 2.16424e-33 3.63095e-26 7.3635e-20 1.80508e-14 5.34877e-10 1.91584e-06 0.000829493 0.0434126 0.274766 0.221327 0.141485 0.175073 0.094629 0.0414327 0.00656418 0.000468838 1.05963e-05 6.36976e-08 8.91629e-11 2.514e-14 1.19625e-18 8.54104e-24 8.58708e-30 1.17165e-36
 1.50369e-41 2.08702e-33 3.50141e-26 7.10078e-20 1.74067e-14 5.15793e-10 1.84749e-06 0.000799898 0.0418638 0.26502 0.217033 0.160305 0.184629 0.0900165 0.0348485 0.00516206 0.000313319 5.85007e-06 2.90897e-08 3.0737e-11 6.01447e-15 2.00021e-19 1.04412e-24 7.93467e-31 8.30269e-38
 1.54978e-41 2.15099e-33 3.60874e-26 7.31845e-20 1.79403e-14 5.31604e-10 1.90412e-06 0.000824418 0.0431471 0.273178 0.224708 0.160367 0.172697 0.089926 0.0311361 0.00381673 0.000193622 2.99092e-06 1.17235e-08 9.63533e-12 1.43115e-15 3.43453e-20 1.24478e-25 6.53465e-32 4.80826e-39
 1.55516e-41 2.15847e-33 3.62127e-26 7.34387e-20 1.80026e-14 5.33451e-10 1.91073e-06 0.000827282 0.0432972 0.274197 0.228465 0.171004 0.170386 0.0828496 0.0258984 0.00294999 0.000123255 1.47984e-06 4.50429e-09 2.82672e-12 3.14883e-16 5.62229e-21 1.49818e-26 5.66392e-33 2.93583e-40
 1.59452e-41 2.21308e-33 3.71291e-26 7.5297e-20 1.84582e-14 5.4695e-10 1.95908e-06 0.000848217 0.044393 0.2812 0.236137 0.174066 0.161969 0.0778272 0.0213917 0.00209171 7.43214e-05 7.28258e-07 1.68224e-09 7.81157e-13 6.42636e-17 8.43105e-22 1.64038e-27 4.51126e-34 1.69582e-41
 1.58868e-41 2.20498e-33 3.69931e-26 7.50212e-20 1.83906e-14 5.44946e-10 1.95191e-06 0.00084511 0.0442307 0.280283 0.239188 0.184118 0.1598 0.0722939 0.0176704 0.00152451 4.45399e-05 3.48648e-07 6.30022e-10 2.2023e-13 1.31977e-17 1.24667e-22 1.74589e-28 3.45851e-35 9.35654e-43
 1.37247e-41 1.9049e-33 3.19587e-26 6.48115e-20 1.58878e-14 4.70784e-10 1.68627e-06 0.000730098 0.0382122 0.242436 0.218724 0.216793 0.183155 0.081126 0.0174923 0.00129808 3.14673e-05 1.96751e-07 2.72992e-10 7.19021e-14 3.20065e-18 2.20632e-23 2.21968e-29 3.1314e-36 6.01879e-44
 1.40372e-41 1.94827e-33 3.26863e-26 6.62872e-20 1.62495e-14 4.81503e-10 1.72467e-06 0.000746722 0.0390827 0.248044 0.224051 0.205566 0.176416 0.0877502 0.0172218 0.00109818 2.15797e-05 1.05989e-07 1.12748e-10 2.22428e-14 7.29049e-19 3.66838e-24 2.67896e-30 2.72653e-37 3.7546e-45
 1.46692e-41 2.03599e-33 3.4158e-26 6.92717e-20 1.69811e-14 5.03182e-10 1.80232e-06 0.000780341 0.0408422 0.259162 0.232001 0.203239 0.169171 0.0780292 0.0157201 0.00103442 1.85835e-05 7.80359e-08 6.88987e-11 1.11408e-14 2.97209e-19 1.20971e-24 7.10965e-31 5.80615e-38 6.40755e-46
#pred catch len freq
 2.55893e-27 2.57709e-27 2.347e-26 4.41137e-20 1.08139e-14 3.20436e-10 1.14775e-06 0.000496932 0.0260076 0.164532 0.126273 0.0402698 0.217799 0.201508 0.0512771 0.0667735 0.0287762 0.0222207 0.0136631 0.0103687 0.00810188 0.00697062 0.00695185 0.00613774 0.00187048
 2.55928e-27 2.57831e-27 2.46689e-26 4.66433e-20 1.1434e-14 3.38811e-10 1.21356e-06 0.000525427 0.0274989 0.173966 0.133455 0.0388723 0.202123 0.187948 0.0656528 0.102666 0.0349019 0.0146042 0.00653248 0.00372683 0.00238063 0.00175801 0.00155502 0.00137283 0.000458325
 2.56006e-27 2.58036e-27 2.63845e-26 5.02621e-20 1.23211e-14 3.65097e-10 1.30772e-06 0.000566192 0.0296324 0.187463 0.143772 0.0395394 0.199951 0.185621 0.0593572 0.0891232 0.0343198 0.0201585 0.00643431 0.00199936 0.000844941 0.00047655 0.000349762 0.000290229 0.000100312
 2.56027e-27 2.58077e-27 2.65792e-26 5.0672e-20 1.24216e-14 3.68075e-10 1.31838e-06 0.00057081 0.0298741 0.188992 0.14496 0.0408562 0.209137 0.193867 0.0566826 0.0808098 0.0296884 0.0157251 0.00597419 0.00209256 0.000470216 0.000147389 7.6662e-05 5.48402e-05 1.87664e-05
 2.56199e-27 2.58531e-27 3.047e-26 5.88796e-20 1.44336e-14 4.27694e-10 1.53193e-06 0.000663266 0.034713 0.219604 0.168331 0.0406216 0.190932 0.176941 0.0514459 0.0730211 0.0256898 0.0119255 0.0041895 0.00143811 0.000381758 7.14659e-05 1.74998e-05 8.98301e-06 2.88424e-06
 2.56155e-27 2.58392e-27 2.90505e-26 5.58843e-20 1.36994e-14 4.05937e-10 1.454e-06 0.000629525 0.0329471 0.208433 0.159832 0.0425933 0.211908 0.19597 0.0489006 0.0623854 0.0218475 0.00998546 0.00327647 0.00098674 0.000245601 4.92464e-05 6.75915e-06 1.56514e-06 4.19673e-07
 2.56176e-27 2.58451e-27 2.95976e-26 5.70385e-20 1.39823e-14 4.14321e-10 1.48403e-06 0.000642527 0.0336275 0.212738 0.163113 0.042174 0.206413 0.19102 0.0502465 0.0666247 0.0219566 0.00797886 0.00253935 0.000731503 0.000160333 2.93561e-05 3.79614e-06 3.80685e-07 5.92876e-08
 2.56386e-27 2.5901e-27 3.44277e-26 6.72277e-20 1.64801e-14 4.88334e-10 1.74913e-06 0.000757306 0.0396347 0.25074 0.192123 0.0416674 0.182175 0.168441 0.0423933 0.0543915 0.0181506 0.00692189 0.00200941 0.000475795 9.84543e-05 1.60957e-05 1.86034e-06 1.37142e-07 8.8106e-09
 2.5649e-27 2.5927e-27 3.65267e-26 7.16549e-20 1.75653e-14 5.20492e-10 1.86431e-06 0.000807177 0.0422447 0.267252 0.204748 0.0427216 0.181327 0.167292 0.0355647 0.0390591 0.0127733 0.00450858 0.0013216 0.000314216 5.47229e-05 7.84235e-06 8.05619e-07 5.05304e-08 1.80099e-09
 2.56424e-27 2.59086e-27 3.48437e-26 6.81044e-20 1.6695e-14 4.94702e-10 1.77194e-06 0.000767182 0.0401515 0.25401 0.194652 0.0436815 0.195726 0.180503 0.0365466 0.0379297 0.0117681 0.00316094 0.000869828 0.000193865 3.385e-05 4.31384e-06 3.72633e-07 2.0283e-08 5.5321e-10
 2.5641e-27 2.5905e-27 3.45494e-26 6.74836e-20 1.65428e-14 4.90193e-10 1.75579e-06 0.000760189 0.0397856 0.251695 0.192881 0.043516 0.19571 0.180558 0.0378275 0.0408269 0.0124887 0.00303634 0.000757032 0.000131913 2.09896e-05 2.58304e-06 2.0187e-07 9.15395e-09 2.09323e-10
 2.56577e-27 2.59496e-27 3.842e-26 7.56485e-20 1.85443e-14 5.49502e-10 1.96822e-06 0.000852165 0.0445992 0.282147 0.216126 0.0429914 0.175386 0.161657 0.0318263 0.031891 0.0096716 0.00222415 0.000532745 8.0988e-05 1.04854e-05 1.06892e-06 7.79963e-08 3.17671e-09 6.04723e-11
 2.56614e-27 2.59593e-27 3.92341e-26 7.73658e-20 1.89653e-14 5.61976e-10 2.0129e-06 0.00087151 0.0456117 0.288552 0.221019 0.0431115 0.172863 0.159244 0.0298587 0.0280083 0.00845235 0.00188603 0.000445841 6.51054e-05 7.70732e-06 6.41975e-07 3.7353e-08 1.36578e-09 2.30719e-11
 2.56382e-27 2.58958e-27 3.3585e-26 6.54484e-20 1.60439e-14 4.75409e-10 1.70284e-06 0.000737263 0.0385857 0.244104 0.187109 0.0450449 0.2114 0.194756 0.0352436 0.0313404 0.00932081 0.00186029 0.000427555 6.03664e-05 6.92908e-06 5.33394e-07 2.55747e-08 7.36398e-10 1.08213e-11
 2.56263e-27 2.58646e-27 3.09376e-26 5.98641e-20 1.4675e-14 4.34845e-10 1.55754e-06 0.000674356 0.0352934 0.223276 0.171203 0.0448667 0.22122 0.204061 0.0413067 0.0428114 0.0125682 0.00217807 0.000473253 5.94458e-05 6.49363e-06 4.79783e-07 2.13189e-08 5.09372e-10 5.88816e-12
 2.56334e-27 2.58848e-27 3.28078e-26 6.38097e-20 1.56422e-14 4.63506e-10 1.6602e-06 0.000718803 0.0376196 0.237992 0.18242 0.0436148 0.203813 0.188146 0.0411821 0.0465571 0.0140642 0.00309631 0.000689835 7.67552e-05 7.60107e-06 5.08881e-07 2.14623e-08 4.73624e-10 4.57442e-12
 2.56495e-27 2.59271e-27 3.64062e-26 7.14003e-20 1.75029e-14 5.18643e-10 1.85769e-06 0.00080431 0.0420947 0.266303 0.20404 0.0438037 0.190059 0.17515 0.0333532 0.0319746 0.00966319 0.00217292 0.000505211 6.73207e-05 6.58492e-06 3.86404e-07 1.453e-08 2.9786e-10 2.64399e-12
 2.56499e-27 2.59273e-27 3.63554e-26 7.12927e-20 1.74766e-14 5.17862e-10 1.85489e-06 0.000803098 0.0420313 0.265902 0.203743 0.0443886 0.194719 0.179324 0.0318253 0.0274235 0.00804673 0.0014256 0.000317573 4.34413e-05 4.69495e-06 3.0677e-07 1.0484e-08 1.88666e-10 1.52984e-12
 2.56488e-27 2.59248e-27 3.61588e-26 7.08782e-20 1.73749e-14 5.14851e-10 1.84411e-06 0.000798429 0.0417869 0.264356 0.20256 0.0442041 0.194146 0.178858 0.0328773 0.0299344 0.0087209 0.00142134 0.000297723 3.34575e-05 3.47897e-06 2.43273e-07 9.34727e-09 1.62715e-10 1.15999e-12
 2.56547e-27 2.59405e-27 3.7522e-26 7.37539e-20 1.80799e-14 5.35739e-10 1.91893e-06 0.000830823 0.0434823 0.275081 0.210747 0.044047 0.187198 0.172385 0.030606 0.0263866 0.00768528 0.00125944 0.000260129 2.65271e-05 2.41008e-06 1.45601e-07 5.75767e-09 1.10944e-10 7.97017e-13
 2.5661e-27 2.59572e-27 3.89733e-26 7.68155e-20 1.88304e-14 5.57978e-10 1.99858e-06 0.00086531 0.0452872 0.2865 0.219462 0.0438178 0.179331 0.165076 0.0284206 0.0232418 0.00672538 0.0010357 0.000210741 2.1537e-05 1.87428e-06 9.90953e-08 3.33361e-09 6.26072e-11 4.87568e-13
 2.56648e-27 2.59672e-27 3.98046e-26 7.85689e-20 1.92602e-14 5.70714e-10 2.0442e-06 0.000885062 0.046321 0.293039 0.224459 0.0440136 0.17731 0.163105 0.0261516 0.0185621 0.00529502 0.000705367 0.000135888 1.29e-05 1.09326e-06 5.64391e-08 1.70261e-09 2.71724e-11 1.98609e-13
 2.56697e-27 2.59804e-27 4.09683e-26 8.10238e-20 1.9862e-14 5.88547e-10 2.10807e-06 0.000912716 0.0477683 0.302195 0.231446 0.0437299 0.170243 0.156569 0.0247318 0.0169678 0.00478455 0.000544111 9.7188e-05 8.089e-06 6.2876e-07 3.03969e-08 8.90424e-10 1.30168e-11 8.16455e-14
 2.56717e-27 2.59855e-27 4.14024e-26 8.19395e-20 2.00865e-14 5.95199e-10 2.1319e-06 0.000923032 0.0483082 0.305611 0.234055 0.0437697 0.168713 0.155116 0.0237202 0.0150277 0.00421663 0.000454444 7.79898e-05 5.61543e-06 3.84794e-07 1.62208e-08 4.36263e-10 6.07326e-12 3.53366e-14
 2.56779e-27 2.60022e-27 4.28722e-26 8.50402e-20 2.08466e-14 6.17721e-10 2.21257e-06 0.00095796 0.0501362 0.317175 0.24288 0.043416 0.159821 0.146888 0.021868 0.0128757 0.00358128 0.000339951 5.45751e-05 3.69213e-06 2.31655e-07 8.26776e-09 1.91423e-10 2.37321e-12 1.29352e-14
 2.56706e-27 2.59825e-27 4.11162e-26 8.13356e-20 1.99384e-14 5.90812e-10 2.11619e-06 0.000916229 0.0479521 0.303358 0.232338 0.0440008 0.171677 0.157817 0.0235787 0.0140244 0.00390177 0.000370414 5.88987e-05 3.62643e-06 2.09444e-07 6.87104e-09 1.38165e-10 1.43984e-12 6.85779e-15
 2.56661e-27 2.597e-27 4.00046e-26 7.89906e-20 1.93636e-14 5.73778e-10 2.05518e-06 0.000889812 0.0465696 0.294612 0.225666 0.0443894 0.179322 0.16486 0.0246106 0.0146031 0.00405129 0.000364285 5.61686e-05 3.40462e-06 1.88853e-07 5.55478e-09 1.01725e-10 9.31613e-13 3.73e-15
 2.5667e-27 2.59726e-27 4.02371e-26 7.94811e-20 1.94838e-14 5.77341e-10 2.06794e-06 0.000895339 0.0468588 0.296442 0.227062 0.0443068 0.177713 0.163378 0.0244067 0.0145109 0.00401952 0.000349865 5.26796e-05 3.03091e-06 1.60688e-07 4.58331e-09 7.75638e-11 6.3444e-13 2.24884e-15
#obs catch len freq
 5.99371e-42 8.31887e-34 1.39566e-26 2.83037e-20 6.93833e-15 2.05595e-10 7.36409e-07 0.00031884 0.0166868 0.105567 0.0813772 0.0423867 0.226907 0.191588 0.131651 0.12733 0.0522066 0.0194172 0.00406735 0.000471777 2.2397e-05 3.17444e-07 1.01372e-09 5.94776e-13 5.60532e-17
 6.84083e-42 9.49462e-34 1.59292e-26 3.23041e-20 7.91897e-15 2.34653e-10 8.4049e-07 0.000363903 0.0190453 0.120487 0.0928831 0.0461942 0.230083 0.184725 0.128974 0.114244 0.0447074 0.015144 0.0028539 0.000283543 1.0951e-05 1.19943e-07 2.84275e-10 1.20632e-13 8.10562e-18
 1.04007e-41 1.44354e-33 2.42184e-26 4.91145e-20 1.20398e-14 3.56762e-10 1.27787e-06 0.000553271 0.028956 0.183186 0.140828 0.0481773 0.201612 0.153837 0.109654 0.0886698 0.0328022 0.0099379 0.00164394 0.000137801 4.27481e-06 3.59252e-08 6.31497e-11 1.94223e-14 9.32285e-19
 8.81691e-42 1.22373e-33 2.05306e-26 4.16356e-20 1.02065e-14 3.02437e-10 1.08328e-06 0.000469023 0.0245468 0.155293 0.119869 0.0602779 0.263322 0.183633 0.0953068 0.0668287 0.0232645 0.00623959 0.000886696 6.11375e-05 1.49785e-06 9.56564e-09 1.2416e-11 2.76734e-15 9.5097e-20
 1.2181e-41 1.69064e-33 2.83639e-26 5.75215e-20 1.41007e-14 4.1783e-10 1.4966e-06 0.000647976 0.0339125 0.214542 0.165003 0.0538931 0.192914 0.13547 0.110476 0.0706627 0.018024 0.00394598 0.000479215 2.67126e-05 5.0602e-07 2.42165e-09 2.30446e-12 3.71031e-16 9.12286e-21
 1.28685e-41 1.78606e-33 2.99649e-26 6.07682e-20 1.48966e-14 4.41414e-10 1.58107e-06 0.00068455 0.0358266 0.226653 0.174571 0.0636977 0.220333 0.137675 0.0765518 0.0460224 0.0149757 0.00276065 0.000236593 1.01674e-05 1.46465e-07 5.16645e-10 3.56244e-13 4.11605e-17 7.21695e-22
 1.17267e-41 1.62759e-33 2.73062e-26 5.53765e-20 1.35749e-14 4.02249e-10 1.44079e-06 0.000623813 0.0326479 0.206545 0.1595 0.0695803 0.23547 0.143003 0.0929712 0.0470013 0.0106336 0.00186711 0.00015158 4.58618e-06 4.63874e-08 1.18081e-10 5.82803e-14 4.78466e-18 5.94126e-23
 1.4534e-41 2.01723e-33 3.38432e-26 6.86333e-20 1.68247e-14 4.98545e-10 1.78571e-06 0.00077315 0.0404636 0.255989 0.197182 0.0646843 0.184704 0.112419 0.0896507 0.0429251 0.00981649 0.00130799 8.13979e-05 2.10965e-06 1.53679e-08 2.63277e-11 8.98124e-15 5.16869e-19 4.50642e-24
 1.67775e-41 2.32861e-33 3.90672e-26 7.92275e-20 1.94217e-14 5.755e-10 2.06135e-06 0.000892493 0.0467095 0.295504 0.227563 0.0687705 0.174839 0.0945064 0.057915 0.026 0.00645515 0.000802822 4.01115e-05 7.48699e-07 4.16569e-09 5.16964e-12 1.19002e-15 4.60075e-20 2.74568e-25
 1.64408e-41 2.28188e-33 3.82832e-26 7.76376e-20 1.9032e-14 5.63951e-10 2.01998e-06 0.000874583 0.0457722 0.289576 0.223488 0.0771621 0.190367 0.0958498 0.0533338 0.0195126 0.00362957 0.000412685 1.92042e-05 2.8372e-07 1.11585e-09 9.84816e-13 1.62324e-16 4.3489e-21 1.75177e-26
 1.55945e-41 2.16442e-33 3.63126e-26 7.36411e-20 1.80523e-14 5.34921e-10 1.916e-06 0.000829562 0.043416 0.274674 0.212585 0.083971 0.199304 0.0999805 0.0620511 0.0199202 0.00300771 0.000249975 8.98297e-06 1.12674e-07 3.47523e-10 2.17969e-13 2.47839e-17 4.62839e-22 1.30558e-27
 1.51991e-41 2.10954e-33 3.53919e-26 7.17741e-20 1.75946e-14 5.21359e-10 1.86742e-06 0.00080853 0.0423153 0.267714 0.207743 0.0892107 0.199346 0.101174 0.0679748 0.0204795 0.00302543 0.000202325 5.1161e-06 4.53208e-08 1.069e-10 5.14367e-14 4.25031e-18 5.52473e-23 1.07015e-28
 1.92943e-41 2.67792e-33 4.49276e-26 9.11123e-20 2.23351e-14 6.6183e-10 2.37057e-06 0.00102637 0.0537163 0.339838 0.262328 0.0761627 0.135784 0.0689639 0.0468318 0.0132937 0.00193364 0.000116606 2.41885e-06 1.50147e-08 2.37414e-11 8.03925e-15 4.87059e-19 4.64076e-24 6.44029e-30
 1.62505e-41 2.25546e-33 3.78401e-26 7.67389e-20 1.88116e-14 5.57424e-10 1.9966e-06 0.000864459 0.0452424 0.286244 0.223377 0.107228 0.205449 0.0826061 0.0377726 0.00978303 0.00135632 7.46526e-05 1.36899e-06 6.82716e-09 7.74035e-12 1.7502e-15 7.08957e-20 4.67096e-25 4.60879e-31
 1.33764e-41 1.85655e-33 3.11475e-26 6.31665e-20 1.54845e-14 4.58835e-10 1.64347e-06 0.000711566 0.0372406 0.235634 0.186046 0.120141 0.225755 0.112327 0.0677257 0.0131415 0.00121715 5.64224e-05 9.02263e-07 3.77651e-09 3.39066e-12 5.64674e-16 1.58198e-20 6.97407e-26 4.59671e-32
 1.21784e-41 1.69028e-33 2.8358e-26 5.75095e-20 1.40978e-14 4.17743e-10 1.49629e-06 0.000647841 0.0339055 0.214547 0.170845 0.124197 0.220322 0.129288 0.0854381 0.0188205 0.00192468 6.27249e-05 6.96865e-07 2.30967e-09 1.66189e-12 2.15505e-16 4.52947e-21 1.44086e-26 6.62471e-33
 1.63666e-41 2.27158e-33 3.81104e-26 7.72872e-20 1.8946e-14 5.61406e-10 2.01086e-06 0.000870635 0.0455656 0.288309 0.226229 0.104504 0.157031 0.0978414 0.0630408 0.0149034 0.00164754 5.60541e-05 5.24356e-07 1.1787e-09 5.96314e-13 5.80202e-17 9.2601e-22 2.21145e-27 7.50258e-34
 1.48504e-41 2.06114e-33 3.45799e-26 7.01273e-20 1.71909e-14 5.09397e-10 1.82458e-06 0.000789979 0.0413445 0.261641 0.209307 0.140724 0.202866 0.0889291 0.0433676 0.00991954 0.00107235 3.71868e-05 3.43578e-07 6.78025e-10 2.53468e-13 1.67327e-17 1.84671e-22 3.17068e-28 7.88715e-35
 1.54331e-41 2.14201e-33 3.59366e-26 7.28787e-20 1.78654e-14 5.29383e-10 1.89616e-06 0.000820974 0.0429666 0.271916 0.217463 0.133722 0.178779 0.0993171 0.0470722 0.00732202 0.000600693 1.89486e-05 1.6349e-07 2.97436e-10 9.6881e-14 5.09498e-18 4.08444e-23 4.8237e-29 8.18632e-36
 1.52785e-41 2.12055e-33 3.55767e-26 7.21488e-20 1.76864e-14 5.24081e-10 1.87717e-06 0.000812752 0.0425364 0.269229 0.217683 0.14747 0.182454 0.0922819 0.040318 0.00674543 0.000457244 9.83021e-06 6.60812e-08 1.02321e-10 2.85857e-14 1.26634e-18 8.26512e-24 7.59562e-30 9.55671e-37
 1.64662e-41 2.2854e-33 3.83423e-26 7.77573e-20 1.90613e-14 5.64821e-10 2.0231e-06 0.000875931 0.045843 0.290171 0.234369 0.143464 0.162281 0.0848941 0.0331049 0.00470224 0.000287446 5.35777e-06 2.57e-08 2.78908e-11 5.933e-15 2.09266e-19 1.09634e-24 8.03554e-31 7.95641e-38
 1.59331e-41 2.21141e-33 3.71009e-26 7.52399e-20 1.84442e-14 5.46535e-10 1.9576e-06 0.000847573 0.044359 0.280846 0.230687 0.161789 0.170235 0.0798484 0.0275646 0.00363115 0.000186925 2.86948e-06 1.12878e-08 9.16775e-12 1.35087e-15 3.3283e-20 1.27182e-25 7.02275e-32 5.31584e-39
 1.64133e-41 2.27806e-33 3.82191e-26 7.75076e-20 1.90001e-14 5.63007e-10 2.0166e-06 0.000873118 0.045696 0.289351 0.238659 0.160866 0.158772 0.0789158 0.0241337 0.00261852 0.000112261 1.41407e-06 4.36187e-09 2.74369e-12 3.0552e-16 5.42078e-21 1.43796e-26 5.48194e-33 2.91211e-40
 1.64744e-41 2.28653e-33 3.83613e-26 7.7796e-20 1.90708e-14 5.65102e-10 2.0241e-06 0.000876366 0.0458662 0.29051 0.2427 0.170542 0.155765 0.0718453 0.0198427 0.00197964 6.91875e-05 6.74427e-07 1.60797e-09 7.68997e-13 6.40314e-17 8.43206e-22 1.64186e-27 4.50649e-34 1.68776e-41
 1.68698e-41 2.34142e-33 3.92821e-26 7.96634e-20 1.95285e-14 5.78667e-10 2.07269e-06 0.000897403 0.0469675 0.29756 0.250466 0.172556 0.147437 0.0666069 0.0160949 0.00137132 4.05216e-05 3.19409e-07 5.74827e-10 2.02816e-13 1.24389e-17 1.20104e-22 1.70479e-28 3.39927e-35 9.22326e-43
 1.68143e-41 2.33371e-33 3.91528e-26 7.94012e-20 1.94643e-14 5.76762e-10 2.06587e-06 0.000894449 0.0468133 0.296714 0.253764 0.181666 0.144874 0.0611616 0.0131103 0.000976744 2.35725e-05 1.47653e-07 2.0672e-10 5.46784e-14 2.43754e-18 1.69199e-23 1.72612e-29 2.47594e-36 4.82994e-44
 1.46826e-41 2.03785e-33 3.41892e-26 6.9335e-20 1.69966e-14 5.03642e-10 1.80396e-06 0.000781054 0.0408796 0.259455 0.234621 0.214705 0.167312 0.0685097 0.0128978 0.000820805 1.63314e-05 8.11652e-08 8.68567e-11 1.72521e-14 5.69802e-19 2.882e-24 2.11064e-30 2.15488e-37 2.98442e-45
 1.50158e-41 2.08409e-33 3.4965e-26 7.09083e-20 1.73823e-14 5.1507e-10 1.8449e-06 0.000798778 0.041807 0.265237 0.235433 0.197418 0.166696 0.0776665 0.0141156 0.00081203 1.39992e-05 5.89302e-08 5.2647e-11 8.59947e-15 2.30986e-19 9.45689e-25 5.59116e-31 4.59083e-38 5.08727e-46
#spawning biomass
 18608.9 18530.2 20821 22862.2 26457.6 31513.6 34710.3 42639.6 59515.3 80113.6 98327.2 115743 171241 204570 182155 163898 143154 139787 144687 141995 149070 148791 156316 164609 176023 196667 183530 156386 136511 144815 92471 49320.6 31320.5 25245 23370.9 22823 22668.7 22626.4 22615 22612 22611.2 22611 22610.9 22610.9 22610.9 22610.9 22610.9 22610.9 22610.9 22610.9 22610.9 22610.9 22610.9 22610.9 22610.9 22610.9 22610.9 22610.9 22610.9 22610.9 22610.9 22610.9 22610.9 22610.9 22610.9 22610.9 22610.9 22610.9 22610.9 22610.9 22610.9 22610.9 22610.9 22610.9 22610.9 22610.9 22610.9 22610.9 22610.9 22610.9 22610.9 22610.9 22610.9 22610.9 22610.9 22610.9 22610.9 22610.9 22610.9 22610.9 22610.9 22610.9 22610.9 22610.9 22610.9 22610.9 22610.9 22610.9 22610.9 22610.9 22610.9 22610.9 22610.9 22610.9 22610.9 22610.9 22610.9 22610.9 22610.9 22610.9 22610.9 22610.9 22610.9 22610.9 22610.9 22610.9 22610.9 22610.9 22610.9 22610.9 22610.9 22610.9 22610.9 22610.9 22610.9 22610.9 22610.9 22610.9 0 0 0 0 0 0 0 0 0 0 0 0 0 0 0 0 0 0 0 0 0 0 0 0 0
