SBPRF35
0.126886
Curr Bio
134330
B35
155663
F35
0.946226
FOFL
0.51838
OFL
21481.9
Bzero
36253.2
#pred survey bio
 8985.42 9374.12 12285.4 13918.5 22958.2 35203.6 34881.4 42236.4 54998.3 65957.7 78214.1 107520 146200 165976 156848 139266 135403 126211 122886 122161 120907 133167 146827 141817 140672 148792 156155 148126 146693 3.6113e+06 2.30125e+06 1.24962e+06 697711 479987 394066 357030 339326 330196 325289 322604 321125 320311 319864 319618 319482 319409 319369 319348 319337 319331 319327 319325 319324 319324 319324 319324 319323 319323 319323 319323 319323 319323 319323 319323 319323 319323 319323 319323 319323 319323 319323 319323 319323 319323 319323 319323 319323 319323 319323 319323 319323 319323 319323 319323 319323 319323 319323 319323 319323 319323 319323 319323 319323 319323 319323 319323 319323 319323 319323 319323 319323 319323 319323 319323 319323 319323 319323 319323 319323 319323 319323 319323 319323 319323 319323 319323 319323 319323 319323 319323 319323 319323 319323 319323 319323 319323 319323 319323 319323 0 0 0 0 0 0 0 0 0 0 0 0 0 0 0 0 0 0 0 0 0 0 0 0 0
#obs survey bio
 7935.47 11540.8 12271.7 11873.1 28298.7 29518.1 26035.3 39779.8 44187.5 61922.3 89340.9 100768 155649 108404 125482 131427 104179 86546.8 82097.9 165620 112173 115945 157186 110807 109608 119369 130435 135975 94703.3
#pred catch bio
 4349.95 4331.95 6527.05 7235.07 9559.49 19723.3 19919.5 22632.1 31301.3 39482.8 43699.5 59576.2 87760.2 105145 102784 91074.2 91534.7 83809.7 81742.9 81951 79367 89193.5 104988 103701 103400 107641 116670 104499 140974 21481.9 48643.1 22767.4 10759.9 6974.83 5926.9 5658.31 5592.96 5577.63 5574.14 5573.35 5573.18 5573.14 5573.14 5573.13 5573.13 5573.13 5573.13 5573.13 5573.13 5573.13 5573.13 5573.13 5573.13 5573.13 5573.13 5573.13 5573.13 5573.13 5573.13 5573.13 5573.13 5573.13 5573.13 5573.13 5573.13 5573.13 5573.13 5573.13 5573.13 5573.13 5573.13 5573.13 5573.13 5573.13 5573.13 5573.13 5573.13 5573.13 5573.13 5573.13 5573.13 5573.13 5573.13 5573.13 5573.13 5573.13 5573.13 5573.13 5573.13 5573.13 5573.13 5573.13 5573.13 5573.13 5573.13 5573.13 5573.13 5573.13 5573.13 5573.13 5573.13 5573.13 5573.13 5573.13 5573.13 5573.13 5573.13 5573.13 5573.13 5573.13 5573.13 5573.13 5573.13 5573.13 5573.13 5573.13 5573.13 5573.13 5573.13 5573.13 5573.13 5573.13 5573.13 5573.13 5573.13 5573.13 5573.13 5573.13 5573.13 0 0 0 0 0 0 0 0 0 0 0 0 0 0 0 0 0 0 0 0 0 0 0 0 0
#obs catch bio
 4747.75 4292.69 6460.67 7251.42 9373.26 19541.8 20255.4 22236.4 30892.6 39209.2 42823.6 58851.8 86153.8 105230 103099 91620.6 92539.8 84022.4 82442.4 79365.5 77280.8 87737.9 103242 102017 103110 108500 116377 103169 144274
#pred cpue bio
 7504.04 7084.56 9279.6 10540.5 15962.5 26751.5 26887.5 30490.1 40595 48464.9 56666.1 77272.2 105844 121996 117628 103673 98835.4 92205.5 89600.4 88597 87574.3 95032.8 104271 100654 98086.6 102605 109094 103529 104790 2.18682e+06 2.18912e+06 1.20135e+06 646837 428734 342782 305743 288039 278909 274002 271317 269838 269024 268577 268331 268195 268122 268082 268061 268050 268044 268040 268038 268037 268037 268037 268037 268036 268036 268036 268036 268036 268036 268036 268036 268036 268036 268036 268036 268036 268036 268036 268036 268036 268036 268036 268036 268036 268036 268036 268036 268036 268036 268036 268036 268036 268036 268036 268036 268036 268036 268036 268036 268036 268036 268036 268036 268036 268036 268036 268036 268036 268036 268036 268036 268036 268036 268036 268036 268036 268036 268036 268036 268036 268036 268036 268036 268036 268036 268036 268036 268036 268036 268036 268036 268036 268036 268036 268036 268036 0 0 0 0 0 0 0 0 0 0 0 0 0 0 0 0 0 0 0 0 0 0 0 0 0
#obs cpue bio
 8742.43 7949.24 9767.48 11467.9 22926.5 25366.6 29052.7 52260 59699.2 55156.2 77702.3 87194.2 145736 150774 139153 102036 105284 133395 113581 151780 129445 132545 130082 163683 121123 105199 149659 132638 122681
#pred surv len freq
 2.56829e-27 2.60216e-27 4.52994e-26 9.01634e-20 2.21025e-14 6.54936e-10 2.34587e-06 0.00101567 0.0531566 0.336283 0.257359 0.0364273 0.0964604 0.0891194 0.0239122 0.0324643 0.0154384 0.0139208 0.00954214 0.00793376 0.00669369 0.006132 0.00645034 0.0058775 0.00181068
 2.57076e-27 2.60853e-27 5.04762e-26 1.01082e-19 2.47791e-14 7.3425e-10 2.62996e-06 0.00113867 0.059594 0.377008 0.288497 0.0390098 0.094239 0.086695 0.0170115 0.017072 0.00669345 0.00431976 0.00244196 0.00172716 0.0012748 0.00104141 0.000996932 0.000923623 0.000313448
 2.57027e-27 2.60713e-27 4.91542e-26 9.82932e-20 2.40954e-14 7.13989e-10 2.55739e-06 0.00110725 0.0579496 0.366605 0.280571 0.040132 0.108348 0.0996616 0.0184008 0.0169143 0.00568688 0.00232098 0.000959156 0.000491706 0.000287353 0.000197488 0.000164773 0.000147376 5.22102e-05
 2.57009e-27 2.60665e-27 4.87309e-26 9.74002e-20 2.38765e-14 7.07503e-10 2.53416e-06 0.00109719 0.0574231 0.363274 0.27803 0.0402937 0.111364 0.102458 0.0191612 0.0179352 0.00585234 0.00207311 0.000654329 0.000207426 7.8429e-05 3.94885e-05 2.65279e-05 2.15256e-05 7.65574e-06
 2.57283e-27 2.6141e-27 5.53132e-26 1.11286e-19 2.72805e-14 8.08369e-10 2.89544e-06 0.00125362 0.0656097 0.415065 0.317546 0.0383741 0.0689923 0.0633535 0.0121577 0.0117989 0.00387551 0.00140575 0.000420355 0.000107451 2.43293e-05 6.94122e-06 3.12458e-06 2.08691e-06 7.16362e-07
 2.56982e-27 2.60585e-27 4.79415e-26 9.57346e-20 2.34682e-14 6.95404e-10 2.49082e-06 0.00107843 0.0564412 0.357062 0.273301 0.041172 0.12137 0.111544 0.0180857 0.0131927 0.00437969 0.00169365 0.000514934 0.000131602 2.50432e-05 4.15124e-06 9.00128e-07 3.99522e-07 1.24754e-07
 2.56939e-27 2.60477e-27 4.70708e-26 9.38982e-20 2.3018e-14 6.82065e-10 2.44304e-06 0.00105774 0.0553585 0.350213 0.268063 0.0406751 0.121269 0.111643 0.0215924 0.0211495 0.00654236 0.00174132 0.000520653 0.000140291 2.69585e-05 3.82262e-06 4.21572e-07 8.05187e-08 1.98028e-08
 2.57175e-27 2.61116e-27 5.27263e-26 1.05829e-19 2.59427e-14 7.68727e-10 2.75345e-06 0.00119214 0.0623923 0.39471 0.302015 0.0390478 0.0850313 0.0781736 0.0151312 0.0148588 0.00493899 0.00187195 0.000509489 0.000101698 1.9686e-05 2.8507e-06 2.55229e-07 1.88669e-08 2.42669e-09
 2.57089e-27 2.60877e-27 5.05376e-26 1.01211e-19 2.48108e-14 7.35187e-10 2.63332e-06 0.00114013 0.0596701 0.377489 0.288885 0.0402959 0.103754 0.0953136 0.0156729 0.0117727 0.00390226 0.0014982 0.000463777 0.00011871 1.85314e-05 2.35299e-06 2.1108e-07 1.05316e-08 4.71042e-10
 2.57107e-27 2.60928e-27 5.10068e-26 1.02201e-19 2.50534e-14 7.42377e-10 2.65907e-06 0.00115128 0.0602536 0.381181 0.291698 0.0399672 0.0992765 0.0912376 0.0159766 0.0134758 0.00417916 0.00114522 0.000342607 9.23402e-05 1.79347e-05 2.21964e-06 1.66218e-07 7.68989e-09 1.79037e-10
 2.57151e-27 2.61044e-27 5.20171e-26 1.04332e-19 2.55758e-14 7.57858e-10 2.71452e-06 0.00117528 0.0615101 0.38913 0.297765 0.0398087 0.0938077 0.0861547 0.0144176 0.0112038 0.00355181 0.00110214 0.000296248 6.04987e-05 1.1727e-05 1.69975e-06 1.34029e-07 5.28902e-09 1.01238e-10
 2.57176e-27 2.61112e-27 5.26264e-26 1.05618e-19 2.58909e-14 7.67195e-10 2.74796e-06 0.00118976 0.0622679 0.393924 0.301423 0.039617 0.0897791 0.0824419 0.0138467 0.0108325 0.00337912 0.000961534 0.000266588 5.80964e-05 9.04152e-06 1.16197e-06 1.0323e-07 4.31681e-09 7.20981e-11
 2.57152e-27 2.61045e-27 5.20259e-26 1.04351e-19 2.55804e-14 7.57993e-10 2.715e-06 0.00117549 0.061521 0.389199 0.297819 0.039862 0.0941751 0.0864831 0.0142835 0.0108116 0.00337587 0.000967694 0.000260845 5.35649e-05 8.76583e-06 1.00629e-06 7.60056e-08 3.4288e-09 5.99263e-11
 2.571e-27 2.60905e-27 5.07699e-26 1.01701e-19 2.49309e-14 7.38746e-10 2.64606e-06 0.00114564 0.0599589 0.379316 0.29028 0.0403219 0.102972 0.094582 0.0153835 0.0112797 0.00348973 0.000950994 0.000255223 5.22152e-05 8.1287e-06 9.3066e-07 6.53536e-08 2.55036e-09 4.63352e-11
 2.5703e-27 2.60714e-27 4.90825e-26 9.81416e-20 2.40582e-14 7.12888e-10 2.55345e-06 0.00110554 0.0578602 0.366039 0.28015 0.0408194 0.113875 0.104647 0.0172213 0.0129363 0.00397489 0.00103434 0.000271432 5.32126e-05 8.22425e-06 9.11579e-07 6.22513e-08 2.26326e-09 3.65715e-11
 2.57059e-27 2.60795e-27 4.98145e-26 9.96859e-20 2.44368e-14 7.24106e-10 2.59363e-06 0.00112294 0.0587707 0.371799 0.284543 0.040468 0.108115 0.0993614 0.0168389 0.0133962 0.00413512 0.00109985 0.000285569 5.35481e-05 7.95833e-06 8.58622e-07 5.70787e-08 2.00009e-09 3.00164e-11
 2.57125e-27 2.60973e-27 5.13851e-26 1.02999e-19 2.5249e-14 7.48173e-10 2.67983e-06 0.00116026 0.060724 0.384157 0.293972 0.0400568 0.098361 0.0903453 0.0149584 0.0113787 0.00354928 0.00100987 0.000266327 5.06718e-05 7.31659e-06 7.53133e-07 4.82531e-08 1.64152e-09 2.36416e-11
 2.57117e-27 2.60948e-27 5.11379e-26 1.02478e-19 2.51211e-14 7.44384e-10 2.66626e-06 0.00115439 0.0604165 0.382211 0.292492 0.0403715 0.101796 0.09346 0.0145157 0.00958121 0.00294955 0.000789501 0.000210787 4.25153e-05 6.2647e-06 6.378e-07 3.89587e-08 1.27039e-09 1.76949e-11
 2.57125e-27 2.6097e-27 5.13338e-26 1.02891e-19 2.52225e-14 7.47387e-10 2.67701e-06 0.00115904 0.0606602 0.383753 0.293667 0.0402419 0.0999835 0.0918077 0.0145881 0.0101582 0.00305912 0.000700102 0.000179107 3.45205e-05 5.27109e-06 5.59084e-07 3.40727e-08 1.06449e-09 1.41773e-11
 2.57142e-27 2.61016e-27 5.17416e-26 1.03751e-19 2.54334e-14 7.53636e-10 2.6994e-06 0.00116874 0.0611675 0.386962 0.296115 0.040132 0.0974271 0.0894448 0.0140985 0.00963786 0.0029255 0.000708845 0.000175273 2.93586e-05 4.22583e-06 4.47912e-07 2.85289e-08 8.95546e-10 1.14919e-11
 2.57145e-27 2.61023e-27 5.18005e-26 1.03875e-19 2.54638e-14 7.54538e-10 2.70263e-06 0.00117013 0.0612406 0.387425 0.296469 0.0401683 0.0974546 0.0894577 0.0138762 0.00912678 0.00275907 0.000653723 0.000163544 2.84074e-05 3.74008e-06 3.55502e-07 2.21625e-08 7.19973e-10 9.32169e-12
 2.57192e-27 2.61153e-27 5.29563e-26 1.06314e-19 2.60615e-14 7.72249e-10 2.76607e-06 0.0011976 0.0626781 0.396519 0.303407 0.03975 0.0893977 0.0820404 0.0128816 0.00872503 0.00262552 0.000598941 0.000148026 2.53369e-05 3.41608e-06 3.13513e-07 1.73795e-08 5.42124e-10 7.18026e-12
 2.57204e-27 2.61184e-27 5.32171e-26 1.06864e-19 2.61964e-14 7.76245e-10 2.78038e-06 0.0012038 0.0630024 0.39857 0.304974 0.0397955 0.0886426 0.0813139 0.0122131 0.0073835 0.00222457 0.000520944 0.000128027 2.11641e-05 2.80473e-06 2.58541e-07 1.40659e-08 3.96164e-10 4.97712e-12
 2.57203e-27 2.61179e-27 5.31584e-26 1.0674e-19 2.6166e-14 7.75345e-10 2.77716e-06 0.0012024 0.0629294 0.398108 0.304624 0.0399431 0.0900122 0.0825484 0.0119016 0.00635984 0.00187632 0.000382098 9.22274e-05 1.55289e-05 2.01876e-06 1.80844e-07 9.78429e-09 2.70194e-10 3.11676e-12
 2.57254e-27 2.61319e-27 5.43969e-26 1.09353e-19 2.68065e-14 7.94324e-10 2.84514e-06 0.00123184 0.0644698 0.407853 0.312058 0.039541 0.081728 0.074912 0.0106976 0.00553504 0.00160779 0.000286207 6.49263e-05 9.68752e-06 1.24508e-06 1.11317e-07 5.85163e-09 1.59453e-10 1.79699e-12
 2.57283e-27 2.61398e-27 5.50924e-26 1.1082e-19 2.71661e-14 8.04981e-10 2.88331e-06 0.00124836 0.0653348 0.413325 0.316234 0.0393718 0.0775071 0.0710073 0.00983192 0.00454396 0.00131114 0.000225174 4.92374e-05 6.45781e-06 7.45999e-07 6.18847e-08 3.23396e-09 8.61137e-11 9.52805e-13
 2.57246e-27 2.61296e-27 5.41831e-26 1.08902e-19 2.66959e-14 7.91048e-10 2.8334e-06 0.00122675 0.0642039 0.406171 0.310777 0.0397159 0.0839597 0.0769457 0.0105912 0.00477949 0.00136466 0.000210935 4.46174e-05 5.62311e-06 5.97617e-07 4.32294e-08 2.0448e-09 5.30386e-11 5.75605e-13
 2.57245e-27 2.61293e-27 5.41576e-26 1.08848e-19 2.66827e-14 7.90657e-10 2.832e-06 0.00122615 0.0641721 0.40597 0.310623 0.0397177 0.0840814 0.0770595 0.0106411 0.0048643 0.00138569 0.0002075 4.2681e-05 4.88216e-06 4.94617e-07 3.32999e-08 1.37587e-09 3.17612e-11 3.2973e-13
 2.57182e-27 2.61121e-27 5.2636e-26 1.05638e-19 2.58958e-14 7.6734e-10 2.74848e-06 0.00118999 0.0622797 0.393998 0.301489 0.0401694 0.0939361 0.0861554 0.012289 0.00633199 0.0018144 0.000279532 5.76458e-05 6.38444e-06 6.09268e-07 3.75876e-08 1.44364e-09 2.93345e-11 2.68931e-13
#obs surv len freq
 1.769e-41 2.45525e-33 4.11919e-26 8.35364e-20 2.0478e-14 6.06799e-10 2.17346e-06 0.000941032 0.0492499 0.311569 0.238645 0.04403 0.151729 0.128529 0.0361384 0.0277024 0.00832227 0.00258402 0.000497497 5.73362e-05 2.88447e-06 4.6153e-08 1.75134e-10 1.26897e-13 1.5197e-17
 2.1773e-41 3.02196e-33 5.06996e-26 1.02818e-19 2.52045e-14 7.46857e-10 2.67512e-06 0.00115823 0.0606174 0.383483 0.29353 0.0420135 0.0970555 0.0776815 0.0222002 0.0160001 0.00464381 0.00135171 0.000238218 2.38821e-05 9.91291e-07 1.2422e-08 3.54231e-11 1.87553e-14 1.61304e-18
 1.72365e-41 2.39232e-33 4.01361e-26 8.13952e-20 1.99531e-14 5.91246e-10 2.11775e-06 0.000916911 0.0479875 0.303584 0.232742 0.0512281 0.181787 0.135778 0.0266156 0.0141652 0.00393937 0.00106766 0.000171846 1.49332e-05 5.07442e-07 4.94496e-09 1.05669e-11 4.08984e-15 2.5308e-19
 2.09147e-41 2.90283e-33 4.87009e-26 9.87645e-20 2.42109e-14 7.17415e-10 2.56966e-06 0.00111258 0.0582278 0.368366 0.28211 0.0458157 0.1133 0.0812573 0.0279481 0.0177403 0.00335941 0.00065798 9.45617e-05 7.08074e-06 1.96125e-07 1.47915e-09 2.35983e-12 6.66841e-16 2.97116e-20
 2.37127e-41 3.29117e-33 5.52162e-26 1.11977e-19 2.74499e-14 8.13391e-10 2.91343e-06 0.00126142 0.0660175 0.417646 0.319711 0.0443005 0.0791661 0.052124 0.0116148 0.00605045 0.00172431 0.000347004 3.23387e-05 1.88305e-06 4.20464e-08 2.44785e-10 2.91094e-13 5.99797e-17 1.92337e-21
 1.32155e-41 1.83422e-33 3.07729e-26 6.24068e-20 1.52983e-14 4.53316e-10 1.6237e-06 0.000703008 0.0367926 0.232764 0.179326 0.0711868 0.271992 0.166234 0.0278625 0.0106808 0.00202008 0.000392151 4.21934e-05 1.73721e-06 2.70271e-08 1.18249e-10 1.04586e-13 1.57191e-17 3.62902e-22
 2.21569e-41 3.07523e-33 5.15934e-26 1.0463e-19 2.56489e-14 7.60024e-10 2.72228e-06 0.00117865 0.0616861 0.390245 0.298925 0.0467701 0.0889263 0.056435 0.0350871 0.0179934 0.00243086 0.000294295 2.46304e-05 9.92738e-07 1.16036e-08 3.39536e-11 2.1202e-14 2.30169e-18 3.8253e-23
 1.97564e-41 2.74206e-33 4.60037e-26 9.32946e-20 2.28701e-14 6.77682e-10 2.42735e-06 0.00105096 0.0550029 0.347967 0.267129 0.0612528 0.156793 0.0835751 0.0164023 0.00762172 0.00278696 0.000395132 2.00426e-05 5.52542e-07 5.40432e-09 1.20436e-11 5.08418e-15 3.72922e-19 4.32111e-24
 2.02476e-41 2.81023e-33 4.71475e-26 9.56143e-20 2.34387e-14 6.94532e-10 2.4877e-06 0.00107709 0.0563705 0.35662 0.273817 0.0614137 0.143178 0.0737638 0.0233685 0.00875419 0.0013544 0.000259888 2.02417e-05 4.01529e-07 2.47017e-09 4.06992e-12 1.29485e-15 6.69038e-20 5.23531e-25
 1.98171e-41 2.75048e-33 4.6145e-26 9.35812e-20 2.29403e-14 6.79764e-10 2.4348e-06 0.00105419 0.0551719 0.349038 0.268316 0.0669777 0.154141 0.0736706 0.0219273 0.00802288 0.00149591 0.000169631 1.13641e-05 2.86555e-07 1.49137e-09 1.57337e-12 3.35142e-16 1.24551e-20 7.0426e-26
 2.09682e-41 2.91025e-33 4.88256e-26 9.90173e-20 2.42729e-14 7.19251e-10 2.57624e-06 0.00111542 0.0583768 0.369314 0.283854 0.0659068 0.133449 0.0603577 0.0197777 0.00657522 0.00113615 0.000128505 6.32843e-06 1.20714e-07 6.34244e-10 6.03261e-13 9.17068e-17 2.22425e-21 8.42699e-27
 2.04415e-41 2.83714e-33 4.75989e-26 9.65297e-20 2.36631e-14 7.01181e-10 2.51152e-06 0.0010874 0.0569102 0.360039 0.277202 0.0731858 0.146784 0.0609463 0.017521 0.00531597 0.000910152 9.16985e-05 4.01461e-06 5.79082e-08 2.19509e-10 1.75968e-13 2.3472e-17 4.55092e-22 1.23059e-27
 1.99416e-41 2.76777e-33 4.6435e-26 9.41693e-20 2.30845e-14 6.84036e-10 2.45011e-06 0.00106081 0.0555186 0.351239 0.270952 0.0796755 0.154537 0.061318 0.0196015 0.00525905 0.000765241 6.93607e-05 2.64e-06 3.12214e-08 8.87392e-11 5.02729e-14 4.98866e-18 7.71245e-23 1.69063e-28
 1.86993e-41 2.59534e-33 4.35423e-26 8.83028e-20 2.16464e-14 6.41422e-10 2.29747e-06 0.000994725 0.05206 0.329364 0.255065 0.0912924 0.175268 0.0665645 0.0227022 0.00580142 0.000821708 6.16104e-05 1.93015e-06 1.86697e-08 4.14795e-11 1.74619e-14 1.23007e-18 1.33787e-23 2.12194e-29
 1.68845e-41 2.34345e-33 3.93163e-26 7.97326e-20 1.95455e-14 5.79169e-10 2.07449e-06 0.000898182 0.0470073 0.297409 0.231832 0.106407 0.20125 0.0763964 0.0302712 0.00741808 0.00103656 7.09307e-05 1.81693e-06 1.3584e-08 2.32789e-11 7.42773e-15 3.86494e-19 3.02596e-24 3.38458e-30
 1.90892e-41 2.64945e-33 4.44501e-26 9.01439e-20 2.20977e-14 6.54796e-10 2.34537e-06 0.00101547 0.0531454 0.336241 0.26119 0.0955766 0.155062 0.0612822 0.0283114 0.00708208 0.00102523 6.53216e-05 1.45249e-06 8.59523e-09 1.10055e-11 2.59517e-15 9.96679e-20 5.71743e-25 4.63444e-31
 1.85925e-41 2.58052e-33 4.32936e-26 8.77985e-20 2.15228e-14 6.37759e-10 2.28435e-06 0.000989045 0.0517627 0.327506 0.255832 0.109689 0.169517 0.0573433 0.0209991 0.00546458 0.000841336 5.25335e-05 1.0441e-06 5.09993e-09 5.04925e-12 8.78658e-16 2.44046e-20 1.00933e-25 5.90531e-32
 1.84419e-41 2.55961e-33 4.29428e-26 8.70871e-20 2.13484e-14 6.32592e-10 2.26584e-06 0.00098103 0.0513433 0.324865 0.254842 0.116573 0.16747 0.0574577 0.0214207 0.00441156 0.000596005 3.69581e-05 6.79191e-07 2.82708e-09 2.23597e-12 2.9705e-16 6.09372e-21 1.8211e-26 7.61344e-33
 1.85588e-41 2.57584e-33 4.3215e-26 8.76392e-20 2.14837e-14 6.36602e-10 2.28021e-06 0.000987251 0.0516688 0.32694 0.257467 0.121777 0.161076 0.0550098 0.0204786 0.00410253 0.000467409 2.34871e-05 3.83393e-07 1.38679e-09 9.00364e-13 9.3821e-17 1.46121e-21 3.23905e-27 9.87248e-34
 1.94712e-41 2.70247e-33 4.53396e-26 9.19477e-20 2.25399e-14 6.67898e-10 2.3923e-06 0.00103579 0.0542089 0.343023 0.270368 0.120889 0.143666 0.0469846 0.0163472 0.0031319 0.000329938 1.36392e-05 1.72374e-07 5.03749e-10 2.67367e-13 2.22385e-17 2.68682e-22 4.5145e-28 1.02485e-34
 1.9411e-41 2.69412e-33 4.51995e-26 9.16637e-20 2.24703e-14 6.65835e-10 2.38491e-06 0.00103258 0.0540415 0.341991 0.271251 0.129823 0.142625 0.0432696 0.0134094 0.00232651 0.000220193 7.87312e-06 7.85534e-08 1.71735e-10 6.88639e-14 4.41667e-18 4.12789e-23 5.31529e-29 9.12721e-36
 1.98152e-41 2.75022e-33 4.61407e-26 9.35725e-20 2.29382e-14 6.79701e-10 2.43458e-06 0.00105409 0.055167 0.349137 0.277869 0.131613 0.131893 0.0398334 0.0115576 0.00173113 0.000138734 4.1614e-06 3.35986e-08 5.6251e-11 1.65725e-14 7.73161e-19 5.30602e-24 5.0761e-30 6.51569e-37
 1.90912e-41 2.64973e-33 4.44547e-26 9.01532e-20 2.21e-14 6.54863e-10 2.34561e-06 0.00101557 0.0531512 0.336441 0.271176 0.147265 0.138686 0.0399992 0.0106934 0.00147096 9.85411e-05 2.34927e-06 1.48943e-08 1.923e-11 4.25308e-15 1.45146e-19 7.16876e-25 4.91177e-31 4.52961e-38
 1.96251e-41 2.72383e-33 4.56979e-26 9.26745e-20 2.27181e-14 6.73178e-10 2.41121e-06 0.00104397 0.0546378 0.345883 0.27954 0.145309 0.125117 0.0376126 0.00960702 0.00117829 6.7545e-05 1.28498e-06 6.17155e-09 5.96344e-12 9.82573e-16 2.47666e-20 8.93157e-26 4.41814e-32 2.91588e-39
 1.93719e-41 2.68869e-33 4.51084e-26 9.1479e-20 2.2425e-14 6.64494e-10 2.38011e-06 0.0010305 0.0539331 0.341503 0.279285 0.155796 0.124142 0.0350043 0.00829018 0.000966004 4.75037e-05 7.26388e-07 2.66581e-09 1.89749e-12 2.27239e-16 4.15757e-21 1.08844e-26 3.90173e-33 1.85952e-40
 1.87638e-41 2.6043e-33 4.36925e-26 8.86075e-20 2.17211e-14 6.43635e-10 2.3054e-06 0.000998158 0.0522406 0.330906 0.275271 0.169236 0.126873 0.0358713 0.00776537 0.000801623 3.44997e-05 4.32596e-07 1.22232e-09 6.46812e-13 5.62964e-17 7.3906e-22 1.38218e-27 3.54004e-34 1.20718e-41
 1.78885e-41 2.4828e-33 4.16542e-26 8.44738e-20 2.07078e-14 6.13609e-10 2.19785e-06 0.000951593 0.049804 0.315646 0.268772 0.184933 0.132112 0.0389582 0.00804392 0.000749517 2.7074e-05 2.76651e-07 6.13237e-10 2.44355e-13 1.55979e-17 1.47937e-22 1.97996e-28 3.60759e-35 8.72583e-43
 1.82288e-41 2.53004e-33 4.24467e-26 8.60811e-20 2.11018e-14 6.25284e-10 2.23967e-06 0.000969699 0.0507521 0.32176 0.275747 0.182337 0.122326 0.0378287 0.00759374 0.000663483 2.04791e-05 1.67306e-07 2.87006e-10 8.67989e-14 4.12099e-18 2.85587e-23 2.75852e-29 3.59929e-36 6.203e-44
 1.82296e-41 2.53015e-33 4.24484e-26 8.60846e-20 2.11026e-14 6.25309e-10 2.23976e-06 0.000969738 0.0507541 0.321773 0.275764 0.18261 0.123307 0.0372162 0.00702627 0.000561997 1.53199e-05 1.07204e-07 1.5394e-10 3.83817e-14 1.48778e-18 8.36323e-24 6.52254e-30 6.84906e-37 9.47655e-45
#pred catch len freq
 2.56606e-27 2.59622e-27 4.01873e-26 7.93795e-20 1.94589e-14 5.76603e-10 2.06529e-06 0.000894193 0.0467988 0.296062 0.226651 0.0366703 0.119884 0.110853 0.0298212 0.0405581 0.0192537 0.01732 0.0118637 0.00986037 0.00831824 0.00762002 0.00801558 0.00730374 0.00225006
 2.56891e-27 2.60352e-27 4.60763e-26 9.18006e-20 2.25038e-14 6.66828e-10 2.38847e-06 0.00103411 0.0541218 0.34239 0.262079 0.0400156 0.120454 0.110915 0.0218028 0.0219296 0.00858719 0.00552637 0.00312177 0.00220705 0.0016288 0.00133057 0.00127373 0.00118007 0.000400477
 2.5686e-27 2.60262e-27 4.51712e-26 8.98908e-20 2.20357e-14 6.52956e-10 2.33878e-06 0.0010126 0.0529959 0.335267 0.256659 0.0412446 0.133615 0.122987 0.0226968 0.0208483 0.00700334 0.00284855 0.00117626 0.000602676 0.000352154 0.000242015 0.000201923 0.000180604 6.39815e-05
 2.56836e-27 2.60195e-27 4.45792e-26 8.86418e-20 2.17295e-14 6.43883e-10 2.30628e-06 0.000998532 0.0522596 0.330608 0.253106 0.0414609 0.137758 0.126828 0.0237166 0.0221959 0.00723714 0.00255496 0.00080586 0.000255296 9.65119e-05 4.85908e-05 3.26425e-05 2.64872e-05 9.42034e-06
 2.57132e-27 2.61e-27 5.16972e-26 1.03658e-19 2.54105e-14 7.52958e-10 2.69697e-06 0.00116768 0.0611124 0.386614 0.295837 0.0393564 0.0917206 0.0843465 0.0162268 0.0158009 0.00518661 0.00187554 0.000560496 0.000143183 3.24137e-05 9.24706e-06 4.1625e-06 2.78014e-06 9.54321e-07
 2.56822e-27 2.60148e-27 4.40678e-26 8.75627e-20 2.14649e-14 6.36045e-10 2.27821e-06 0.000986376 0.0516234 0.326584 0.250047 0.0424054 0.147094 0.135261 0.0219087 0.015946 0.00528889 0.0020381 0.000619265 0.000158163 3.00923e-05 4.98781e-06 1.0815e-06 4.80024e-07 1.49891e-07
 2.56777e-27 2.60036e-27 4.31812e-26 8.56927e-20 2.10065e-14 6.22461e-10 2.22955e-06 0.000965311 0.0505209 0.319609 0.244712 0.0417605 0.145935 0.134423 0.0259558 0.0253678 0.00784248 0.00207977 0.000621322 0.00016731 3.21449e-05 4.55769e-06 5.02629e-07 9.59997e-08 2.36102e-08
 2.57036e-27 2.60741e-27 4.94138e-26 9.88409e-20 2.42296e-14 7.17968e-10 2.57164e-06 0.00111342 0.0582725 0.368648 0.282128 0.0399529 0.105891 0.0974395 0.0188403 0.0184747 0.00613559 0.00231744 0.000630386 0.000125741 2.4335e-05 3.52367e-06 3.15476e-07 2.33202e-08 2.99949e-09
 2.56948e-27 2.60493e-27 4.71356e-26 9.40344e-20 2.30514e-14 6.83054e-10 2.44659e-06 0.00105928 0.0554388 0.350721 0.268462 0.0413697 0.126274 0.116079 0.019059 0.0142722 0.00472637 0.00180814 0.00055935 0.000143083 2.23325e-05 2.83536e-06 2.54347e-07 1.26903e-08 5.67592e-10
 2.5698e-27 2.60582e-27 4.79479e-26 9.57482e-20 2.34715e-14 6.95503e-10 2.49117e-06 0.00107858 0.0564492 0.357113 0.273335 0.0409012 0.119286 0.109697 0.0191599 0.0160899 0.00498639 0.00136124 0.000406887 0.000109594 2.1282e-05 2.63374e-06 1.97223e-07 9.12425e-09 2.12431e-10
 2.57016e-27 2.60678e-27 4.8773e-26 9.74888e-20 2.38982e-14 7.08146e-10 2.53646e-06 0.00109819 0.0574754 0.363605 0.278291 0.0408262 0.115233 0.105914 0.0176994 0.0137165 0.00434514 0.00134344 0.000360864 7.36425e-05 1.42718e-05 2.06845e-06 1.63099e-07 6.43614e-09 1.23195e-10
 2.57044e-27 2.60755e-27 4.94537e-26 9.89248e-20 2.42502e-14 7.18578e-10 2.57382e-06 0.00111437 0.058322 0.368961 0.282378 0.0406112 0.110726 0.10176 0.0170684 0.0133182 0.00415174 0.00117709 0.00032611 7.10197e-05 1.10507e-05 1.42006e-06 1.26155e-07 5.27549e-09 8.81095e-11
 2.57032e-27 2.60721e-27 4.91451e-26 9.82737e-20 2.40906e-14 7.13848e-10 2.55688e-06 0.00110703 0.0579381 0.366532 0.280526 0.0407816 0.113323 0.104139 0.0171578 0.0129234 0.00403221 0.00115144 0.000310144 6.36439e-05 1.04132e-05 1.19531e-06 9.02799e-08 4.07272e-09 7.11803e-11
 2.56986e-27 2.60593e-27 4.80033e-26 9.5865e-20 2.35002e-14 6.96352e-10 2.49421e-06 0.0010799 0.056518 0.357549 0.273673 0.0412203 0.121476 0.111641 0.0181023 0.0131864 0.00407651 0.00110654 0.000296733 6.06649e-05 9.44225e-06 1.08096e-06 7.59061e-08 2.96215e-09 5.38165e-11
 2.56915e-27 2.60402e-27 4.63108e-26 9.22945e-20 2.26249e-14 6.70416e-10 2.40132e-06 0.00103968 0.054413 0.344232 0.263512 0.0417164 0.132391 0.121717 0.0199586 0.0148823 0.00456938 0.0011843 0.000310528 6.08337e-05 9.4002e-06 1.04183e-06 7.11447e-08 2.58657e-09 4.17959e-11
 2.56947e-27 2.60491e-27 4.71194e-26 9.40004e-20 2.30431e-14 6.82807e-10 2.4457e-06 0.0010589 0.0554188 0.350594 0.268364 0.0413217 0.125978 0.115835 0.0195557 0.0154459 0.00476422 0.00126212 0.00032744 6.13555e-05 9.11677e-06 9.83519e-07 6.53799e-08 2.29096e-09 3.43816e-11
 2.57031e-27 2.60716e-27 4.91043e-26 9.81877e-20 2.40695e-14 7.13223e-10 2.55465e-06 0.00110606 0.0578874 0.366212 0.280281 0.040794 0.113589 0.104385 0.0172082 0.0129761 0.00404403 0.00114594 0.000301978 5.74136e-05 8.28835e-06 8.53085e-07 5.46556e-08 1.85931e-09 2.67783e-11
 2.57017e-27 2.60675e-27 4.87115e-26 9.73589e-20 2.38664e-14 7.07203e-10 2.53308e-06 0.00109673 0.0573988 0.36312 0.277927 0.0411888 0.118248 0.108621 0.0168118 0.0110016 0.00338399 0.000902122 0.000240657 4.85056e-05 7.14598e-06 7.27458e-07 4.44341e-08 1.44893e-09 2.01817e-11
 2.57026e-27 2.60701e-27 4.8944e-26 9.78495e-20 2.39866e-14 7.10766e-10 2.54585e-06 0.00110225 0.057688 0.36495 0.279322 0.0410373 0.116116 0.106676 0.0168878 0.0116598 0.00350882 0.000799769 0.000204417 3.93701e-05 6.01036e-06 6.37441e-07 3.88472e-08 1.21365e-09 1.61638e-11
 2.57047e-27 2.60759e-27 4.94582e-26 9.8934e-20 2.42525e-14 7.18644e-10 2.57406e-06 0.00111447 0.0583274 0.368995 0.282408 0.0408963 0.112874 0.10368 0.0162803 0.0110301 0.00334555 0.00080732 0.000199453 3.33843e-05 4.80419e-06 5.09169e-07 3.24298e-08 1.01799e-09 1.30632e-11
 2.57045e-27 2.60752e-27 4.93918e-26 9.87941e-20 2.42182e-14 7.17628e-10 2.57042e-06 0.00111289 0.0582449 0.368473 0.282011 0.0409811 0.113798 0.104518 0.0161581 0.0105397 0.00318385 0.000751337 0.000187802 3.25973e-05 4.2908e-06 4.0781e-07 2.54228e-08 8.25881e-10 1.06929e-11
 2.57104e-27 2.60913e-27 5.08263e-26 1.0182e-19 2.496e-14 7.3961e-10 2.64916e-06 0.00114698 0.060029 0.37976 0.290621 0.0404654 0.103824 0.095335 0.014912 0.0100085 0.00300952 0.000683741 0.000168831 2.8877e-05 3.89252e-06 3.57206e-07 1.98011e-08 6.17656e-10 8.18065e-12
 2.57134e-27 2.60993e-27 5.15151e-26 1.03273e-19 2.53162e-14 7.50164e-10 2.68696e-06 0.00116335 0.0608857 0.385179 0.294758 0.0403879 0.100328 0.0920779 0.0137702 0.00822493 0.00247595 0.000577343 0.00014176 2.34168e-05 3.10256e-06 2.85969e-07 1.55577e-08 4.38177e-10 5.50493e-12
 2.57138e-27 2.61003e-27 5.15909e-26 1.03433e-19 2.53554e-14 7.51326e-10 2.69112e-06 0.00116515 0.0609799 0.385775 0.295215 0.0405039 0.100889 0.0925646 0.0132913 0.00700752 0.00206563 0.000418849 0.000100993 1.69921e-05 2.2085e-06 1.97822e-07 1.07025e-08 2.9555e-10 3.40924e-12
 2.57196e-27 2.61161e-27 5.29952e-26 1.06396e-19 2.60816e-14 7.72844e-10 2.7682e-06 0.00119852 0.0627264 0.396824 0.303645 0.0400459 0.0914819 0.0838931 0.0119315 0.00608789 0.00176695 0.000313204 7.09691e-05 1.05811e-05 1.35959e-06 1.21543e-07 6.38905e-09 1.74095e-10 1.96201e-12
 2.57225e-27 2.61239e-27 5.36765e-26 1.07833e-19 2.64339e-14 7.83284e-10 2.80559e-06 0.00121471 0.0635738 0.402185 0.307735 0.0398889 0.0874129 0.0801268 0.0110561 0.00503974 0.00145299 0.00024849 5.42733e-05 7.11292e-06 8.21459e-07 6.81374e-08 3.56062e-09 9.48111e-11 1.04904e-12
 2.57192e-27 2.61147e-27 5.2857e-26 1.06104e-19 2.60101e-14 7.70726e-10 2.76061e-06 0.00119524 0.0625545 0.395737 0.302817 0.040204 0.0932662 0.0855126 0.011727 0.00521274 0.00148712 0.0002289 4.83554e-05 6.08958e-06 6.47019e-07 4.67978e-08 2.21352e-09 5.74144e-11 6.23093e-13
 2.57177e-27 2.61106e-27 5.24859e-26 1.05321e-19 2.58182e-14 7.6504e-10 2.74024e-06 0.00118642 0.062093 0.392817 0.300589 0.0403279 0.0957742 0.0878243 0.0120895 0.00545703 0.00155342 0.000231679 4.75942e-05 5.44011e-06 5.50986e-07 3.70908e-08 1.53245e-09 3.53755e-11 3.67251e-13
 2.57203e-27 2.61179e-27 5.31461e-26 1.06714e-19 2.61597e-14 7.75158e-10 2.77648e-06 0.00120211 0.0629142 0.398012 0.304551 0.0400099 0.0905708 0.0830512 0.0117621 0.00591203 0.00169222 0.000259459 5.34298e-05 5.91286e-06 5.64094e-07 3.47966e-08 1.33639e-09 2.71551e-11 2.4895e-13
#obs catch len freq
 1.7481e-41 2.42625e-33 4.07054e-26 8.25497e-20 2.02361e-14 5.99632e-10 2.14778e-06 0.000929916 0.0486681 0.307889 0.235838 0.0441539 0.15437 0.130789 0.0369266 0.0284077 0.00866072 0.00274885 0.000547511 6.54909e-05 3.43193e-06 5.72966e-08 2.26741e-10 1.70866e-13 2.11993e-17
 1.7725e-41 2.46011e-33 4.12734e-26 8.37017e-20 2.05185e-14 6.08e-10 2.17776e-06 0.000942894 0.0493473 0.312186 0.239175 0.0459646 0.155357 0.124581 0.0359623 0.0260801 0.00767165 0.00227297 0.000412176 4.2898e-05 1.85448e-06 2.41679e-08 7.15189e-11 3.91942e-14 3.47891e-18
 2.18514e-41 3.03283e-33 5.08821e-26 1.03188e-19 2.52953e-14 7.49546e-10 2.68475e-06 0.0011624 0.0608356 0.384864 0.294627 0.0433012 0.0984859 0.0744304 0.0218689 0.0148315 0.00421659 0.00116446 0.000192054 1.72338e-05 6.08759e-07 6.16215e-09 1.36254e-11 5.4374e-15 3.45916e-19
 1.74025e-41 2.41536e-33 4.05226e-26 8.21791e-20 2.01452e-14 5.9694e-10 2.13814e-06 0.000925742 0.0484497 0.306508 0.235066 0.0537436 0.183482 0.128756 0.0255131 0.01297 0.00353392 0.000903867 0.000135232 1.04206e-05 2.98417e-07 2.33096e-09 3.84185e-12 1.11708e-15 5.10353e-20
 2.11094e-41 2.92984e-33 4.91541e-26 9.96836e-20 2.44363e-14 7.24091e-10 2.59358e-06 0.00112293 0.0587696 0.371794 0.284792 0.047433 0.113168 0.0764357 0.027146 0.0158336 0.00288191 0.000542983 7.21935e-05 4.74981e-06 1.09804e-07 6.58832e-10 8.0671e-13 1.70732e-16 5.60618e-21
 2.38776e-41 3.31405e-33 5.56001e-26 1.12756e-19 2.76408e-14 8.19046e-10 2.93369e-06 0.00127019 0.0664765 0.42055 0.321978 0.0453866 0.0781101 0.0481373 0.0109296 0.00537188 0.00148975 0.000272518 2.35495e-05 1.20988e-06 2.23611e-08 1.0283e-10 9.34077e-14 1.43731e-17 3.39078e-22
 1.35651e-41 1.88275e-33 3.1587e-26 6.40578e-20 1.5703e-14 4.65309e-10 1.66666e-06 0.000721607 0.037766 0.238923 0.184243 0.0756085 0.270928 0.154353 0.0260008 0.00938534 0.00172255 0.000315009 3.0165e-05 1.07425e-06 1.39033e-08 4.78703e-11 3.22023e-14 3.60432e-18 6.11138e-23
 2.24394e-41 3.11445e-33 5.22513e-26 1.05965e-19 2.5976e-14 7.69716e-10 2.757e-06 0.00119368 0.0624727 0.395221 0.3028 0.0481644 0.0868771 0.05244 0.0333492 0.0152784 0.00195901 0.000223479 1.70738e-05 5.84401e-07 5.55926e-09 1.28076e-11 6.08003e-15 4.90487e-19 5.97696e-24
 2.01264e-41 2.79342e-33 4.68653e-26 9.5042e-20 2.32984e-14 6.90375e-10 2.47281e-06 0.00107064 0.0560331 0.354485 0.272258 0.063644 0.152467 0.0756065 0.0150642 0.0067475 0.00231998 0.000287686 1.31638e-05 3.1383e-07 2.48383e-09 4.3005e-12 1.3767e-15 7.50467e-20 6.36923e-25
 2.06441e-41 2.86527e-33 4.80708e-26 9.74867e-20 2.38977e-14 7.08133e-10 2.53642e-06 0.00109818 0.0574744 0.363604 0.279309 0.0636095 0.138185 0.0666752 0.0214592 0.00726862 0.00110467 0.000196389 1.2912e-05 2.14062e-07 1.07549e-09 1.37838e-12 3.30777e-16 1.26752e-20 7.26747e-26
 2.02529e-41 2.81098e-33 4.71599e-26 9.56394e-20 2.34449e-14 6.94715e-10 2.48836e-06 0.00107737 0.0563853 0.356716 0.274377 0.0693712 0.14797 0.0661566 0.0199391 0.00669289 0.00118199 0.000121826 7.29744e-06 1.49449e-07 6.13886e-10 5.02631e-13 8.09529e-17 2.22793e-21 9.21975e-27
 2.13926e-41 2.96916e-33 4.98138e-26 1.01021e-19 2.47642e-14 7.33808e-10 2.62838e-06 0.001138 0.0595583 0.37679 0.289756 0.067868 0.12691 0.0538548 0.0177551 0.00538806 0.000885126 8.97127e-05 3.84394e-06 6.11494e-08 2.51925e-10 1.82393e-13 2.08248e-17 3.74281e-22 1.03739e-27
 2.09038e-41 2.90132e-33 4.86756e-26 9.87131e-20 2.41984e-14 7.17042e-10 2.56833e-06 0.001112 0.0581975 0.368184 0.283672 0.0753318 0.138891 0.0539778 0.01554 0.00432891 0.000697343 6.27012e-05 2.35872e-06 2.78913e-08 8.3445e-11 5.09197e-14 5.06016e-18 7.23488e-23 1.43205e-28
 2.04462e-41 2.83779e-33 4.76099e-26 9.65518e-20 2.36686e-14 7.01343e-10 2.5121e-06 0.00108765 0.0569233 0.360128 0.278048 0.0819284 0.145528 0.0543068 0.0172167 0.00420723 0.000575578 4.64064e-05 1.50232e-06 1.44205e-08 3.20333e-11 1.37982e-14 1.01964e-18 1.15783e-23 1.85029e-29
 1.92614e-41 2.67335e-33 4.4851e-26 9.09569e-20 2.2297e-14 6.60701e-10 2.36652e-06 0.00102462 0.0536247 0.339267 0.26305 0.0939981 0.164795 0.0591353 0.0198256 0.00462953 0.000606779 4.01471e-05 1.06617e-06 8.30593e-09 1.43226e-11 4.56064e-15 2.3872e-19 1.90514e-24 2.1974e-30
 1.75147e-41 2.43093e-33 4.07838e-26 8.27088e-20 2.02751e-14 6.00788e-10 2.15192e-06 0.000931709 0.048762 0.308516 0.240908 0.109852 0.189369 0.0685961 0.026346 0.00591317 0.0007579 4.52494e-05 9.70528e-07 5.81908e-09 7.70587e-12 1.8521e-15 7.14087e-20 4.09665e-25 3.33109e-31
 1.96857e-41 2.73224e-33 4.5839e-26 9.29606e-20 2.27882e-14 6.75256e-10 2.41866e-06 0.00104719 0.054806 0.346752 0.269719 0.0977082 0.144236 0.0550704 0.0242853 0.00559864 0.000733178 4.04115e-05 7.43279e-07 3.49328e-09 3.44107e-12 6.09667e-16 1.73095e-20 7.26326e-26 4.27582e-32
 1.9211e-41 2.66636e-33 4.47337e-26 9.0719e-20 2.22387e-14 6.58973e-10 2.36034e-06 0.00102194 0.0534845 0.338408 0.264808 0.111834 0.156837 0.050752 0.0178934 0.00432988 0.000596031 3.18537e-05 5.1739e-07 1.98848e-09 1.50452e-12 1.96023e-16 4.01774e-21 1.2138e-26 5.15119e-33
 1.90731e-41 2.64722e-33 4.44126e-26 9.00679e-20 2.20791e-14 6.54244e-10 2.34339e-06 0.00101461 0.0531007 0.335995 0.264098 0.118519 0.154436 0.0510337 0.0179411 0.00341881 0.000418269 2.20156e-05 3.2664e-07 1.05929e-09 6.35994e-13 6.29913e-17 9.51274e-22 2.07412e-27 6.28522e-34
 1.92034e-41 2.6653e-33 4.4716e-26 9.06831e-20 2.22299e-14 6.58713e-10 2.3594e-06 0.00102154 0.0534634 0.338308 0.266987 0.123241 0.147747 0.0487741 0.0169934 0.00313027 0.000317537 1.36139e-05 1.78635e-07 4.98825e-10 2.44146e-13 1.88802e-17 2.15847e-22 3.48495e-28 7.69271e-35
 2.00876e-41 2.78802e-33 4.67749e-26 9.48585e-20 2.32534e-14 6.89042e-10 2.46804e-06 0.00106857 0.0559251 0.353897 0.279515 0.121546 0.130756 0.0413141 0.0133935 0.00235581 0.000218273 7.59234e-06 7.70099e-08 1.7335e-10 6.89991e-14 4.23945e-18 3.74789e-23 4.57732e-29 7.51604e-36
 2.0033e-41 2.78044e-33 4.66477e-26 9.46006e-20 2.31902e-14 6.87169e-10 2.46133e-06 0.00106567 0.0557731 0.352969 0.280607 0.129976 0.129152 0.0377333 0.0108517 0.00172307 0.000142592 4.24012e-06 3.36094e-08 5.64034e-11 1.69318e-14 7.99896e-19 5.45366e-24 5.09212e-30 6.31423e-37
 2.04247e-41 2.83482e-33 4.756e-26 9.64507e-20 2.36437e-14 7.00607e-10 2.50946e-06 0.00108651 0.0568639 0.3599 0.287109 0.131099 0.118839 0.034551 0.00920498 0.00125435 8.74498e-05 2.16639e-06 1.37815e-08 1.75982e-11 3.8695e-15 1.32762e-19 6.63461e-25 4.5924e-31 4.2477e-38
 1.9734e-41 2.73895e-33 4.59515e-26 9.31888e-20 2.28441e-14 6.76914e-10 2.42459e-06 0.00104977 0.054941 0.347803 0.281122 0.146289 0.124706 0.0345325 0.0084461 0.00104747 6.03917e-05 1.18225e-06 5.87557e-09 5.75769e-12 9.469e-16 2.37152e-20 8.51976e-26 4.21964e-32 2.80051e-39
 2.02504e-41 2.81062e-33 4.7154e-26 9.56274e-20 2.34419e-14 6.94627e-10 2.48804e-06 0.00107724 0.0563788 0.356944 0.289259 0.143605 0.112091 0.0323025 0.00747731 0.000821682 4.01529e-05 6.21151e-07 2.32699e-09 1.70116e-12 2.07847e-16 3.83642e-21 1.00494e-26 3.59082e-33 1.70498e-40
 2.00079e-41 2.77697e-33 4.65894e-26 9.44823e-20 2.31612e-14 6.86309e-10 2.45825e-06 0.00106434 0.055704 0.352767 0.289346 0.153371 0.110814 0.0298379 0.0064038 0.000661634 2.74439e-05 3.38423e-07 9.62575e-10 5.16522e-13 4.5775e-17 6.12266e-22 1.16259e-27 3.00694e-34 1.03024e-41
 1.94227e-41 2.69575e-33 4.52268e-26 9.1719e-20 2.24838e-14 6.66237e-10 2.38635e-06 0.00103321 0.0540753 0.342595 0.285934 0.166197 0.113255 0.0304217 0.00592677 0.000540029 1.94341e-05 1.94603e-07 4.2362e-10 1.6836e-13 1.08196e-17 1.03704e-22 1.40531e-28 2.59441e-35 6.35419e-43
 1.85788e-41 2.57862e-33 4.32617e-26 8.77338e-20 2.15069e-14 6.37289e-10 2.28266e-06 0.000988316 0.0517264 0.327919 0.280249 0.181351 0.118218 0.0329493 0.00608612 0.000495347 1.48527e-05 1.20368e-07 2.04268e-10 6.08929e-14 2.86365e-18 1.98037e-23 1.91901e-29 2.51913e-36 4.37438e-44
 1.89903e-41 2.63573e-33 4.42198e-26 8.96769e-20 2.19832e-14 6.51404e-10 2.33322e-06 0.00101021 0.0528719 0.335123 0.283928 0.172473 0.114102 0.0336929 0.00628347 0.000498709 1.35343e-05 9.44581e-08 1.35422e-10 3.37312e-14 1.30666e-18 7.34177e-24 5.72396e-30 6.00893e-37 8.31242e-45
#spawning biomass
 8578.13 8710.9 11457.7 13000.5 20736.4 32988.1 32811.9 38698.8 50927 60937.4 71890 98513.6 134365 153493 146214 129392 124846 116495 113318 112417 111225 121771 134060 129510 127583 134397 141781 134511 134330 88797.6 107471 48726.8 23525.9 15616.8 13427.6 12866.5 12730 12698 12690.7 12689.1 12688.7 12688.6 12688.6 12688.6 12688.6 12688.6 12688.6 12688.6 12688.6 12688.6 12688.6 12688.6 12688.6 12688.6 12688.6 12688.6 12688.6 12688.6 12688.6 12688.6 12688.6 12688.6 12688.6 12688.6 12688.6 12688.6 12688.6 12688.6 12688.6 12688.6 12688.6 12688.6 12688.6 12688.6 12688.6 12688.6 12688.6 12688.6 12688.6 12688.6 12688.6 12688.6 12688.6 12688.6 12688.6 12688.6 12688.6 12688.6 12688.6 12688.6 12688.6 12688.6 12688.6 12688.6 12688.6 12688.6 12688.6 12688.6 12688.6 12688.6 12688.6 12688.6 12688.6 12688.6 12688.6 12688.6 12688.6 12688.6 12688.6 12688.6 12688.6 12688.6 12688.6 12688.6 12688.6 12688.6 12688.6 12688.6 12688.6 12688.6 12688.6 12688.6 12688.6 12688.6 12688.6 12688.6 12688.6 12688.6 12688.6 0 0 0 0 0 0 0 0 0 0 0 0 0 0 0 0 0 0 0 0 0 0 0 0 0
