SBPRF35
0.819782
Curr Bio
118735
B35
769079
F35
0.232332
FOFL
0
OFL
0
Bzero
234224
#pred survey bio
 26317.5 29063.7 19647.5 12862.1 17719.5 21411.8 30454 39959.2 48766.1 54659.4 64690.3 66850.3 73514.3 89524.9 105980 103734 127020 109419 114202 134742 144045 134942 142082 126439 132960 138490 151151 146940 3.28048e+06 5.48805e+06 6.21894e+06 6.08461e+06 5.51073e+06 4.80087e+06 4.12511e+06 3.55557e+06 3.10776e+06 2.77054e+06 2.52344e+06 2.34546e+06 2.21848e+06 2.12827e+06 2.06383e+06 2.01594e+06 1.98229e+06 1.95833e+06 1.94104e+06 1.92838e+06 1.919e+06 1.91194e+06 1.90658e+06 1.90245e+06 1.89924e+06 1.89672e+06 1.89473e+06 1.89315e+06 1.89189e+06 1.89087e+06 1.89005e+06 1.88939e+06 1.88885e+06 1.88841e+06 1.88806e+06 1.88777e+06 1.88753e+06 1.88734e+06 1.88718e+06 1.88706e+06 1.88695e+06 1.88687e+06 1.8868e+06 1.88674e+06 1.88669e+06 1.88665e+06 1.88662e+06 1.88659e+06 1.88657e+06 1.88656e+06 1.88654e+06 1.88653e+06 1.88652e+06 1.88651e+06 1.88651e+06 1.8865e+06 1.8865e+06 1.88649e+06 1.88649e+06 1.88649e+06 1.88649e+06 1.88649e+06 1.88648e+06 1.88648e+06 1.88648e+06 1.88648e+06 1.88648e+06 1.88648e+06 1.88648e+06 1.88648e+06 1.88648e+06 1.88648e+06 1.88648e+06 1.88648e+06 1.88648e+06 1.88648e+06 1.88648e+06 1.88648e+06 1.88648e+06 1.88648e+06 1.88648e+06 1.88648e+06 1.88648e+06 1.88648e+06 1.88648e+06 1.88648e+06 1.88648e+06 1.88648e+06 1.88648e+06 1.88648e+06 1.88648e+06 1.88648e+06 1.88648e+06 1.88648e+06 1.88648e+06 1.88648e+06 1.88648e+06 1.88648e+06 1.88648e+06 1.88648e+06 0 0 0 0 0 0 0 0 0 0 0 0 0 0 0 0 0 0 0 0 0 0 0 0 0
#obs survey bio
 22273.2 25374.8 16010.4 12994.8 15916.2 20715.7 41693.2 38752.1 48865 51455.3 52904.8 56617.4 56921.4 77394.7 136374 70493 60700.3 106595 85526.6 96560.3 116200 138699 128393 97042.8 100936 151457 118471 98017.1
#pred catch bio
 10913.4 16831.8 13030.1 8666.31 12802.8 14871.3 22095.3 29283.1 37707.2 40880.1 51044.3 52763.5 56486.6 69669.8 88459.3 79019.7 109148 91187.5 92519.2 111750 125410 115470 123872 107019 115299 119074 135154 136446 0 48344.5 54297.2 52519.6 46838.4 40049.5 33706.8 28448.8 24388.6 21395.7 19259.5 17769.5 16747.8 16056 15590.7 15273 15066.9 14933.1 14846.3 14789.9 14753.3 14729.6 14714.2 14704.2 14697.7 14693.5 14690.8 14689 14687.8 14687.1 14686.6 14686.3 14686.1 14686 14685.9 14685.8 14685.8 14685.8 14685.7 14685.7 14685.7 14685.7 14685.7 14685.7 14685.7 14685.7 14685.7 14685.7 14685.7 14685.7 14685.7 14685.7 14685.7 14685.7 14685.7 14685.7 14685.7 14685.7 14685.7 14685.7 14685.7 14685.7 14685.7 14685.7 14685.7 14685.7 14685.7 14685.7 14685.7 14685.7 14685.7 14685.7 14685.7 14685.7 14685.7 14685.7 14685.7 14685.7 14685.7 14685.7 14685.7 14685.7 14685.7 14685.7 14685.7 14685.7 14685.7 14685.7 14685.7 14685.7 14685.7 14685.7 14685.7 14685.7 14685.7 14685.7 14685.7 14685.7 14685.7 14685.7 0 0 0 0 0 0 0 0 0 0 0 0 0 0 0 0 0 0 0 0 0 0 0 0 0
#obs catch bio
 17747.2 17136.3 13782.4 9696.21 9559.93 12936 18564.5 24909.5 33592.6 39374.3 49139.4 47591.6 50914.7 61942.6 75486.1 68470.3 107969 77847.2 83071.8 102411 110268 96377.6 107942 84591.8 95056 94016.4 113078 123128
#pred cpue bio
 19178.9 24434.9 18118.8 8622.9 8643.43 11082.2 14568.1 18939.7 24244.3 25518.9 31551.5 31830.6 33008.9 39648.6 46573 43213.8 57668.6 45338.9 45304.3 52872.8 57225.3 49409.4 50856.4 48999 49583.6 47064.2 51618.8 46208.9 861901 5.38765e+06 6.10158e+06 5.96566e+06 5.39171e+06 4.68184e+06 4.00608e+06 3.43654e+06 2.98874e+06 2.65151e+06 2.40442e+06 2.22643e+06 2.09945e+06 2.00924e+06 1.9448e+06 1.89691e+06 1.86326e+06 1.8393e+06 1.82201e+06 1.80936e+06 1.79997e+06 1.79292e+06 1.78755e+06 1.78342e+06 1.78021e+06 1.7777e+06 1.77571e+06 1.77412e+06 1.77286e+06 1.77184e+06 1.77102e+06 1.77036e+06 1.76982e+06 1.76939e+06 1.76903e+06 1.76874e+06 1.76851e+06 1.76831e+06 1.76816e+06 1.76803e+06 1.76792e+06 1.76784e+06 1.76777e+06 1.76771e+06 1.76766e+06 1.76763e+06 1.76759e+06 1.76757e+06 1.76755e+06 1.76753e+06 1.76752e+06 1.7675e+06 1.76749e+06 1.76749e+06 1.76748e+06 1.76747e+06 1.76747e+06 1.76747e+06 1.76746e+06 1.76746e+06 1.76746e+06 1.76746e+06 1.76746e+06 1.76746e+06 1.76746e+06 1.76745e+06 1.76745e+06 1.76745e+06 1.76745e+06 1.76745e+06 1.76745e+06 1.76745e+06 1.76745e+06 1.76745e+06 1.76745e+06 1.76745e+06 1.76745e+06 1.76745e+06 1.76745e+06 1.76745e+06 1.76745e+06 1.76745e+06 1.76745e+06 1.76745e+06 1.76745e+06 1.76745e+06 1.76745e+06 1.76745e+06 1.76745e+06 1.76745e+06 1.76745e+06 1.76745e+06 1.76745e+06 1.76745e+06 1.76745e+06 1.76745e+06 1.76745e+06 1.76745e+06 1.76745e+06 1.76745e+06 0 0 0 0 0 0 0 0 0 0 0 0 0 0 0 0 0 0 0 0 0 0 0 0 0
#obs cpue bio
 23925.6 26601.3 14939.4 12204.4 15980.7 18939.5 26143.7 31937.4 40060 29078 48341.2 58165.4 60235.7 75925.1 80846.9 85674.3 141458 93308.2 84876.1 105857 127087 99230.3 98606.7 155015 140797 113986 127920 102260
#pred surv len freq
 1.33413e-11 1.44807e-09 9.26763e-08 3.49732e-06 7.78198e-05 0.00102104 0.00790015 0.0360651 0.0973902 0.157588 0.162359 0.132047 0.115361 0.099555 0.070052 0.0437673 0.0272738 0.0167768 0.0104229 0.00683158 0.00485043 0.00380128 0.0031405 0.00235726 0.00135727
 8.67612e-12 9.4171e-10 6.02693e-08 2.27438e-06 5.06083e-05 0.000664038 0.00513903 0.0234864 0.0637817 0.106103 0.12289 0.134779 0.157304 0.149144 0.102496 0.0586607 0.0331172 0.0185387 0.0101305 0.00553671 0.00316309 0.00201039 0.00143058 0.00100245 0.000569391
 4.98758e-12 5.41353e-10 3.46466e-08 1.30746e-06 2.90933e-05 0.000381763 0.00295552 0.0135314 0.0370774 0.0643318 0.0866304 0.122984 0.168922 0.173037 0.131521 0.0872525 0.053933 0.0294029 0.0145246 0.00691616 0.00326184 0.00160492 0.000888369 0.000531681 0.000282634
 1.5129e-11 1.64211e-09 1.05095e-07 3.96595e-06 8.82473e-05 0.00115784 0.00895806 0.0408813 0.110214 0.176868 0.175354 0.125161 0.0905701 0.0755129 0.062291 0.0499588 0.0367525 0.0232324 0.0127054 0.00603712 0.00254448 0.00101416 0.000418157 0.000190175 8.62749e-05
 1.73388e-11 1.88196e-09 1.20445e-07 4.54523e-06 0.000101137 0.00132696 0.0102667 0.0468574 0.126379 0.203246 0.20351 0.150083 0.111674 0.0829765 0.0449391 0.015126 0.00305765 0.000386569 4.44296e-05 1.18441e-05 4.97015e-06 1.89226e-06 6.40748e-07 2.12876e-07 7.29502e-08
 1.6725e-11 1.81534e-09 1.16181e-07 4.38433e-06 9.75568e-05 0.00127999 0.00990342 0.0452025 0.121959 0.196488 0.198393 0.150645 0.117474 0.0895785 0.048836 0.0164311 0.00329024 0.000389195 2.7155e-05 1.11725e-06 2.71051e-08 3.87732e-10 3.27037e-12 1.62654e-14 4.76985e-17
 1.75226e-11 1.90191e-09 1.21722e-07 4.59341e-06 0.000102209 0.00134103 0.0103755 0.047353 0.127703 0.205273 0.205057 0.149954 0.109999 0.0810482 0.0437747 0.0146992 0.00294228 0.000348009 2.4281e-05 9.98998e-07 2.42363e-08 3.46694e-10 2.92424e-12 1.45439e-14 4.26501e-17
 1.76089e-11 1.91127e-09 1.22321e-07 4.61602e-06 0.000102712 0.00134763 0.0104265 0.0475855 0.128324 0.206222 0.205777 0.149879 0.109191 0.080126 0.0432275 0.014512 0.00290466 0.000343557 2.39703e-05 9.86214e-07 2.39262e-08 3.42258e-10 2.88682e-12 1.43578e-14 4.21043e-17
 1.71465e-11 1.86109e-09 1.1911e-07 4.49482e-06 0.000100015 0.00131225 0.0101529 0.046339 0.124995 0.20113 0.201915 0.15028 0.113524 0.0850704 0.0461612 0.0155158 0.00310635 0.000367429 2.56362e-05 1.05475e-06 2.55891e-08 3.66044e-10 3.08745e-12 1.53556e-14 4.50305e-17
 1.77473e-11 1.9263e-09 1.23283e-07 4.65231e-06 0.00010352 0.00135822 0.0105085 0.0479587 0.129321 0.207747 0.206934 0.149759 0.107894 0.0786454 0.042349 0.0142114 0.00284427 0.000336408 2.34715e-05 9.6569e-07 2.34283e-08 3.35135e-10 2.82674e-12 1.4059e-14 4.12281e-17
 1.73365e-11 1.88171e-09 1.20429e-07 4.54463e-06 0.000101124 0.00132679 0.0102653 0.0468512 0.126363 0.203223 0.203502 0.150115 0.111743 0.0830385 0.0449556 0.0151033 0.00302347 0.000357619 2.49516e-05 1.02659e-06 2.49057e-08 3.56269e-10 3.005e-12 1.49456e-14 4.3828e-17
 1.75663e-11 1.90665e-09 1.22025e-07 4.60486e-06 0.000102464 0.00134437 0.0104013 0.0474707 0.128017 0.205753 0.205422 0.149916 0.10959 0.0805813 0.0434977 0.0146044 0.00292324 0.000345755 2.41237e-05 9.92526e-07 2.40793e-08 3.44449e-10 2.90529e-12 1.44497e-14 4.23738e-17
 1.80886e-11 1.96334e-09 1.25654e-07 4.74178e-06 0.000105511 0.00138434 0.0107105 0.0488789 0.131779 0.211506 0.209786 0.149463 0.104695 0.0749951 0.0401832 0.0134703 0.00269537 0.000318784 2.22416e-05 9.15089e-07 2.22007e-08 3.17574e-10 2.67862e-12 1.33223e-14 3.90678e-17
 1.82038e-11 1.97584e-09 1.26454e-07 4.77197e-06 0.000106182 0.00139315 0.0107786 0.0491894 0.132608 0.212775 0.210748 0.149363 0.103616 0.0737636 0.0394525 0.0132202 0.00264514 0.000312838 2.18267e-05 8.98018e-07 2.17865e-08 3.1165e-10 2.62865e-12 1.30738e-14 3.8339e-17
 1.82676e-11 1.98277e-09 1.26897e-07 4.7887e-06 0.000106554 0.00139804 0.0108164 0.0493614 0.133068 0.213477 0.211281 0.149308 0.103018 0.0730811 0.0390475 0.0130817 0.0026173 0.000309543 2.15968e-05 8.88557e-07 2.1557e-08 3.08366e-10 2.60096e-12 1.2936e-14 3.7935e-17
 1.86854e-11 2.02812e-09 1.29799e-07 4.89822e-06 0.000108991 0.00143001 0.0110637 0.0504879 0.136077 0.218079 0.214772 0.148946 0.0991031 0.0686127 0.0363963 0.0121744 0.00243503 0.000287968 2.00913e-05 8.26615e-07 2.00542e-08 2.8687e-10 2.41964e-12 1.20343e-14 3.52905e-17
 1.7994e-11 1.95308e-09 1.24997e-07 4.71699e-06 0.000104959 0.0013771 0.0106545 0.0486239 0.131098 0.210465 0.208996 0.149545 0.105582 0.0760067 0.0407834 0.0136756 0.00273663 0.000323668 2.25824e-05 9.29111e-07 2.25409e-08 3.22441e-10 2.71967e-12 1.35265e-14 3.96664e-17
 1.87252e-11 2.03244e-09 1.30076e-07 4.90867e-06 0.000109224 0.00143306 0.0110873 0.0505953 0.136364 0.218518 0.215105 0.148911 0.0987298 0.0681866 0.0361434 0.0120879 0.00241765 0.000285911 1.99477e-05 8.20708e-07 1.99109e-08 2.8482e-10 2.40235e-12 1.19483e-14 3.50384e-17
 1.90373e-11 2.06631e-09 1.32244e-07 4.99046e-06 0.000111044 0.00145694 0.0112719 0.0514366 0.138611 0.221955 0.217712 0.148641 0.0958058 0.0648496 0.0341635 0.0114104 0.00228153 0.000269799 1.88234e-05 7.7445e-07 1.87886e-08 2.68766e-10 2.26694e-12 1.12748e-14 3.30635e-17
 1.91121e-11 2.07443e-09 1.32763e-07 5.01008e-06 0.00011148 0.00146266 0.0113162 0.0516383 0.139149 0.222779 0.218338 0.148576 0.0951047 0.0640494 0.0336887 0.0112479 0.00224889 0.000265936 1.85538e-05 7.63357e-07 1.85195e-08 2.64917e-10 2.23447e-12 1.11133e-14 3.25899e-17
 1.90273e-11 2.06523e-09 1.32174e-07 4.98785e-06 0.000110986 0.00145617 0.011266 0.0514097 0.138539 0.221845 0.217629 0.148649 0.0958991 0.0649561 0.0342267 0.011432 0.00228587 0.000270314 1.88593e-05 7.75926e-07 1.88245e-08 2.69279e-10 2.27126e-12 1.12963e-14 3.31265e-17
 1.95585e-11 2.12289e-09 1.35865e-07 5.12711e-06 0.000114084 0.00149683 0.0115805 0.052842 0.142365 0.227696 0.222068 0.148189 0.0909209 0.0592745 0.0308556 0.0102785 0.00205412 0.000242882 1.69451e-05 6.97168e-07 1.69137e-08 2.41946e-10 2.04072e-12 1.01497e-14 2.9764e-17
 1.96948e-11 2.13769e-09 1.36812e-07 5.16284e-06 0.000114879 0.00150726 0.0116611 0.0532095 0.143346 0.229197 0.223207 0.148071 0.0896436 0.0578169 0.0299907 0.00998257 0.00199466 0.000235844 1.6454e-05 6.76962e-07 1.64235e-08 2.34934e-10 1.98158e-12 9.85551e-15 2.89014e-17
 1.91962e-11 2.08356e-09 1.33347e-07 5.03212e-06 0.000111971 0.0014691 0.011366 0.051865 0.139755 0.223705 0.21904 0.148503 0.0943167 0.0631501 0.0331551 0.0110654 0.00221221 0.000261594 1.82509e-05 7.50892e-07 1.82171e-08 2.60591e-10 2.19798e-12 1.09318e-14 3.20577e-17
 1.9445e-11 2.11057e-09 1.35076e-07 5.09735e-06 0.000113422 0.00148814 0.0115133 0.0525359 0.141547 0.226446 0.221119 0.148287 0.0919847 0.0604887 0.031576 0.010525 0.00210364 0.000248744 1.73542e-05 7.13999e-07 1.7322e-08 2.47787e-10 2.08999e-12 1.03947e-14 3.04826e-17
 1.99896e-11 2.16968e-09 1.38859e-07 5.24012e-06 0.000116599 0.00152982 0.0118356 0.0540043 0.145469 0.232444 0.22567 0.147815 0.0868811 0.0546641 0.02812 0.00934245 0.00186605 0.000220622 1.53918e-05 6.33257e-07 1.53632e-08 2.19766e-10 1.85364e-12 9.21923e-15 2.70355e-17
 1.99628e-11 2.16677e-09 1.38673e-07 5.23308e-06 0.000116442 0.00152776 0.0118197 0.0539319 0.145276 0.232148 0.225446 0.147838 0.0871326 0.0549512 0.0282904 0.00940073 0.00187776 0.000222008 1.54885e-05 6.37236e-07 1.54597e-08 2.21147e-10 1.86529e-12 9.27716e-15 2.72054e-17
 2.03904e-11 2.21318e-09 1.41643e-07 5.34517e-06 0.000118936 0.00156048 0.0120728 0.0550847 0.148355 0.236858 0.229018 0.147468 0.0831259 0.0503784 0.0255772 0.00847233 0.00169124 0.00019993 1.39479e-05 5.73848e-07 1.39219e-08 1.99149e-10 1.67974e-12 8.35432e-15 2.44991e-17
#obs surv len freq
 3.87232e-11 3.58873e-09 1.96109e-07 6.31891e-06 0.000120054 0.00134499 0.00888706 0.0346713 0.0803318 0.11392 0.113115 0.110658 0.123678 0.124106 0.105911 0.0811743 0.0535102 0.0290609 0.0130285 0.00476202 0.00136739 0.00029484 4.56235e-05 4.86732e-06 3.46556e-07
 2.71849e-11 2.42994e-09 1.28071e-07 3.98009e-06 7.29348e-05 0.000788173 0.00502582 0.0189687 0.0430697 0.0636278 0.0796706 0.113165 0.152501 0.160773 0.139924 0.105473 0.0650902 0.0322899 0.013376 0.00462197 0.00126178 0.000256311 3.69504e-05 3.64205e-06 2.38189e-07
 1.42862e-11 1.22952e-09 6.23936e-08 1.86697e-06 3.29418e-05 0.000342825 0.00210707 0.0077009 0.0173328 0.0279422 0.0456892 0.0833141 0.131444 0.170051 0.185558 0.158485 0.099032 0.0464259 0.0174736 0.00542836 0.00134841 0.00025298 3.38893e-05 3.0983e-06 1.87051e-07
 2.37053e-10 1.96114e-08 9.56665e-07 2.75168e-05 0.000466683 0.00466698 0.0275196 0.095692 0.196292 0.238034 0.172685 0.0805336 0.0356198 0.0309016 0.036619 0.0351451 0.0249324 0.0133226 0.00542015 0.00166494 0.000382476 6.47242e-05 7.83147e-06 6.52236e-07 3.60946e-08
 1.48966e-10 1.18286e-08 5.53814e-07 1.52892e-05 0.000248889 0.00238933 0.0135354 0.0453981 0.0917205 0.121121 0.136189 0.169126 0.185045 0.135964 0.0635599 0.0215697 0.00787978 0.00378413 0.00170936 0.000579598 0.000138574 2.28844e-05 2.57574e-06 1.94799e-07 9.72967e-09
 3.41897e-10 2.60192e-08 1.16756e-06 3.08926e-05 0.000481969 0.00443391 0.0240565 0.0770445 0.146337 0.168897 0.132654 0.0994621 0.0936954 0.0921407 0.0790866 0.0515331 0.0224791 0.00625678 0.00118148 0.000189929 3.22235e-05 4.94518e-06 5.46975e-07 3.98633e-08 1.86503e-09
 4.74762e-10 3.45812e-08 1.48523e-06 3.76125e-05 0.00056165 0.00494562 0.0256891 0.0788566 0.144409 0.165339 0.142467 0.129587 0.121949 0.0909224 0.0526805 0.026346 0.0113083 0.00379187 0.000927603 0.000159279 1.91184e-05 1.70122e-06 1.22683e-07 7.1414e-09 3.01623e-10
 6.72652e-10 4.68345e-08 1.92278e-06 4.65458e-05 0.000664395 0.00559243 0.0277699 0.0815181 0.142998 0.158058 0.134874 0.124824 0.119972 0.0947612 0.0607302 0.0317213 0.0123391 0.0033581 0.000658503 9.99775e-05 1.19255e-05 1.04971e-06 6.40631e-08 2.66299e-09 7.66702e-11
 9.04159e-10 6.01052e-08 2.35595e-06 5.44516e-05 0.000742083 0.00596405 0.0282834 0.0793869 0.133963 0.146366 0.13304 0.135039 0.131261 0.0998611 0.0609106 0.0303065 0.0112789 0.00292893 0.000533287 7.09654e-05 7.09035e-06 5.29338e-07 2.88069e-08 1.10242e-09 2.85289e-11
 1.33679e-09 8.47492e-08 3.16807e-06 6.98301e-05 0.000907594 0.00695659 0.0314668 0.0842907 0.136124 0.144036 0.130503 0.133204 0.128574 0.0984743 0.0612156 0.0302907 0.0107898 0.00260544 0.000432182 5.17199e-05 4.60727e-06 3.02279e-07 1.41756e-08 4.62997e-10 1.03204e-11
 2.03289e-09 1.22782e-07 4.37261e-06 9.18202e-05 0.00113694 0.0083025 0.0357847 0.0914107 0.141311 0.145392 0.132367 0.135312 0.126334 0.0921563 0.0542662 0.0253553 0.00851072 0.00193021 0.000298473 3.2867e-05 2.65333e-06 1.55811e-07 6.48283e-09 1.86488e-10 3.63361e-12
 3.15441e-09 1.81327e-07 6.146e-06 0.000122833 0.00144757 0.0100611 0.0412785 0.100433 0.148308 0.147434 0.132534 0.133359 0.120614 0.0852742 0.0486804 0.0218078 0.00692936 0.00147383 0.000211929 2.15219e-05 1.59186e-06 8.51952e-08 3.21026e-09 8.30059e-11 1.44352e-12
 4.48166e-09 2.44968e-07 7.89525e-06 0.000150043 0.00168142 0.0111136 0.0433801 0.10063 0.143129 0.142484 0.136495 0.142293 0.124967 0.0835476 0.0446744 0.0186813 0.00552411 0.00108544 0.000142404 1.30237e-05 8.62697e-07 4.14675e-08 1.40975e-09 3.29501e-11 5.17705e-13
 7.12777e-09 3.70155e-07 1.13345e-05 0.000204649 0.00217888 0.0136828 0.0507438 0.111849 0.151203 0.143175 0.130861 0.131738 0.114997 0.0794915 0.044399 0.0187944 0.00547048 0.00105246 0.000136163 1.22993e-05 7.90708e-07 3.57677e-08 1.11295e-09 2.34235e-11 3.29512e-13
 1.04117e-08 5.13307e-07 1.49218e-05 0.000255776 0.00258536 0.0154154 0.0543152 0.114087 0.149031 0.142985 0.139395 0.141555 0.115581 0.0715755 0.0354023 0.013493 0.00359189 0.000633793 7.49137e-05 6.18623e-06 3.68073e-07 1.56828e-08 4.6454e-10 9.28994e-12 1.22736e-13
 1.43571e-08 6.71506e-07 1.85192e-05 0.000301156 0.00288802 0.0163401 0.0546769 0.109519 0.138964 0.136968 0.143227 0.148449 0.120126 0.07437 0.0366485 0.0135185 0.00337817 0.000545252 5.73674e-05 4.10939e-06 2.09828e-07 7.75124e-09 2.03205e-10 3.66935e-12 4.44835e-14
 2.28195e-08 1.01194e-06 2.64603e-05 0.000407973 0.00370946 0.0199001 0.0631527 0.120085 0.145232 0.137914 0.139908 0.140395 0.111355 0.0688071 0.033684 0.0120591 0.00287568 0.000440165 4.38155e-05 2.9503e-06 1.39246e-07 4.63807e-09 1.07115e-10 1.68043e-12 1.76599e-14
 3.28486e-08 1.38043e-06 3.42057e-05 0.000499787 0.00430658 0.0218996 0.0659443 0.119565 0.140749 0.137011 0.144851 0.143956 0.110433 0.0659751 0.0311566 0.0107275 0.00247574 0.000373407 3.75533e-05 2.60033e-06 1.25506e-07 4.16041e-09 9.25514e-11 1.35995e-12 1.3089e-14
 4.78497e-08 1.90476e-06 4.47085e-05 0.000618795 0.00505107 0.0243374 0.0695136 0.120156 0.137606 0.136192 0.147103 0.144232 0.108754 0.064337 0.0297407 0.009823 0.00215013 0.000307103 2.94097e-05 1.96019e-06 9.22762e-08 3.01896e-09 6.67613e-11 9.75061e-13 9.24883e-15
 7.18688e-08 2.70909e-06 6.02143e-05 0.000789195 0.00610055 0.0278419 0.0753986 0.124132 0.137769 0.136523 0.147294 0.141043 0.104165 0.0607226 0.0273637 0.00869268 0.00182538 0.000251883 2.35251e-05 1.53341e-06 7.00888e-08 2.20386e-09 4.65807e-11 6.5056e-13 5.92501e-15
 1.07881e-07 3.84992e-06 8.10123e-05 0.00100523 0.00735706 0.0317989 0.0816662 0.128283 0.138872 0.139029 0.149592 0.138277 0.0977562 0.054436 0.0232823 0.0069809 0.00138221 0.000180328 1.60016e-05 9.96084e-07 4.36396e-08 1.31741e-09 2.67171e-11 3.56956e-13 3.09557e-15
 1.53573e-07 5.18779e-06 0.000103334 0.00121375 0.00840976 0.034429 0.0839485 0.12652 0.136203 0.142059 0.154908 0.139143 0.0947499 0.0506727 0.0206031 0.00581257 0.00107593 0.000130653 1.0757e-05 6.20844e-07 2.52833e-08 7.12601e-10 1.35511e-11 1.7035e-13 1.3931e-15
 2.26188e-07 7.23211e-06 0.000136351 0.00151594 0.00994304 0.03855 0.0891928 0.128636 0.136074 0.143295 0.154658 0.135397 0.0905062 0.0474966 0.0186285 0.00498752 0.000868975 9.89534e-05 7.61485e-06 4.08851e-07 1.54059e-08 4.00069e-10 6.99544e-12 8.08775e-14 6.09478e-16
 3.2321e-07 9.78166e-06 0.000174558 0.00183701 0.0114066 0.0418949 0.0921096 0.127883 0.135204 0.146405 0.157061 0.133484 0.0867244 0.0441412 0.0166213 0.0042496 0.000709649 7.81601e-05 5.85809e-06 3.05352e-07 1.10203e-08 2.69726e-10 4.38902e-12 4.68327e-14 3.24138e-16
 4.59211e-07 1.31551e-05 0.000222218 0.00221373 0.0130143 0.0452932 0.0947113 0.126973 0.134814 0.149527 0.158643 0.131169 0.0832012 0.0411363 0.0148346 0.00359945 0.000569949 5.97834e-05 4.29204e-06 2.15085e-07 7.46573e-09 1.75386e-10 2.72815e-12 2.76519e-14 1.8033e-16
 6.79761e-07 1.84345e-05 0.00029479 0.00278016 0.0154752 0.0510271 0.10138 0.130561 0.136586 0.150456 0.155452 0.124886 0.0774836 0.0372427 0.012881 0.00297774 0.000450113 4.53435e-05 3.13891e-06 1.51363e-07 5.02499e-09 1.12284e-10 1.65615e-12 1.58937e-14 9.80337e-17
 9.03793e-07 2.32056e-05 0.000351341 0.00313747 0.0165432 0.05177 0.0984418 0.12524 0.137883 0.159814 0.162646 0.124619 0.0730856 0.0330458 0.0107165 0.0023201 0.000328535 3.10446e-05 2.02049e-06 9.18741e-08 2.88401e-09 6.10277e-11 8.52186e-13 7.72765e-15 4.49138e-17
 1.29263e-06 3.14269e-05 0.000450553 0.00381005 0.019029 0.0564716 0.102344 0.126282 0.138841 0.160155 0.159466 0.12036 0.0700364 0.0309402 0.00956497 0.00193879 0.000253924 2.19806e-05 1.30282e-06 5.397e-08 1.55177e-09 3.0272e-11 3.91744e-13 3.30429e-15 1.79087e-17
#pred catch len freq
 5.91213e-13 6.41707e-11 4.10696e-09 1.54992e-07 3.44975e-06 4.53277e-05 0.000353286 0.00167263 0.00533822 0.0152681 0.0468257 0.118127 0.195614 0.205515 0.150667 0.0946417 0.0589434 0.0362378 0.022509 0.0147523 0.010474 0.00820845 0.00678156 0.00509024 0.00293088
 3.17107e-13 3.44191e-11 2.20287e-09 8.31391e-08 1.85105e-06 2.43604e-05 0.000191392 0.00094143 0.00347161 0.0131179 0.0486744 0.129921 0.216773 0.224492 0.156912 0.0899313 0.05071 0.0283661 0.0154968 0.00846892 0.00483814 0.00307499 0.00218814 0.0015333 0.000870911
 1.55765e-13 1.69069e-11 1.08209e-09 4.08435e-08 9.09823e-07 1.20046e-05 9.554e-05 0.000498016 0.00219412 0.0104062 0.0428918 0.117868 0.199804 0.214368 0.164202 0.108896 0.0672359 0.0366357 0.0180937 0.00861493 0.0040629 0.00199905 0.00110653 0.000662247 0.000352042
 2.9067e-12 3.15495e-10 2.01916e-08 7.61975e-07 1.69555e-05 0.000222507 0.00172323 0.0079043 0.0218605 0.0395387 0.0603262 0.100029 0.14944 0.164827 0.144279 0.11648 0.0856578 0.054127 0.0295967 0.0140624 0.00592677 0.00236223 0.00097399 0.000442964 0.000200955
 1.30368e-11 1.41502e-09 9.05613e-08 3.41751e-06 7.60441e-05 0.000997757 0.00772058 0.0352589 0.0953989 0.155863 0.167559 0.153795 0.151959 0.128962 0.0722364 0.0244841 0.00495586 0.000626452 7.18249e-05 1.90845e-05 8.00383e-06 3.04715e-06 1.03181e-06 3.42798e-07 1.17473e-07
 1.10334e-11 1.19757e-09 7.66444e-08 2.89233e-06 6.43584e-05 0.000844446 0.00653486 0.0298575 0.080972 0.133801 0.150837 0.15558 0.170809 0.150449 0.0849524 0.0287895 0.00577317 0.000683087 4.76631e-05 1.96104e-06 4.75762e-08 6.80565e-10 5.74031e-12 2.85498e-14 8.37226e-17
 1.34536e-11 1.46026e-09 9.34567e-08 3.52677e-06 7.84753e-05 0.00102965 0.00796727 0.0363826 0.0984009 0.160457 0.171059 0.153482 0.148129 0.124565 0.0695947 0.0235344 0.00471735 0.000558115 3.89425e-05 1.60223e-06 3.88713e-08 5.56044e-10 4.69002e-12 2.33262e-14 6.84041e-17
 1.37762e-11 1.49528e-09 9.56974e-08 3.61133e-06 8.03568e-05 0.00105434 0.00815818 0.0372523 0.100724 0.16401 0.173754 0.153202 0.145107 0.121115 0.0675478 0.022834 0.00457664 0.000541459 3.77802e-05 1.55441e-06 3.77111e-08 5.39448e-10 4.55004e-12 2.263e-14 6.63625e-17
 1.38422e-11 1.50243e-09 9.61556e-08 3.62862e-06 8.07415e-05 0.00105938 0.00819722 0.0374301 0.101199 0.164737 0.174305 0.153145 0.144489 0.12041 0.0671293 0.0226908 0.00454786 0.000538054 3.75425e-05 1.54463e-06 3.74739e-08 5.36054e-10 4.52142e-12 2.24876e-14 6.5945e-17
 1.43376e-11 1.5562e-09 9.95969e-08 3.75848e-06 8.36311e-05 0.00109729 0.00849042 0.0387658 0.104766 0.170193 0.178444 0.152715 0.139846 0.115112 0.0639857 0.0216151 0.00433175 0.000512473 3.57575e-05 1.47119e-06 3.56921e-08 5.10566e-10 4.30643e-12 2.14184e-14 6.28095e-17
 1.44596e-11 1.56945e-09 1.00444e-07 3.79046e-06 8.43428e-05 0.00110663 0.00856263 0.0390947 0.105645 0.171537 0.179464 0.15261 0.138703 0.113807 0.0632114 0.0213501 0.00427852 0.000506173 3.53178e-05 1.4531e-06 3.52533e-08 5.04288e-10 4.25348e-12 2.1155e-14 6.20372e-17
 1.4823e-11 1.60889e-09 1.02969e-07 3.88573e-06 8.64625e-05 0.00113444 0.00877771 0.0400745 0.108262 0.175539 0.1825 0.152295 0.135297 0.10992 0.0609054 0.0205611 0.00411998 0.000487408 3.40084e-05 1.39922e-06 3.39462e-08 4.85591e-10 4.09578e-12 2.03706e-14 5.97371e-17
 1.52863e-11 1.65918e-09 1.06188e-07 4.00719e-06 8.91651e-05 0.0011699 0.00905194 0.0413237 0.111599 0.180642 0.186372 0.151893 0.130955 0.104965 0.0579653 0.019555 0.00391785 0.000463483 3.23389e-05 1.33053e-06 3.22797e-08 4.61752e-10 3.89471e-12 1.93706e-14 5.68044e-17
 1.56327e-11 1.69678e-09 1.08594e-07 4.09798e-06 9.11854e-05 0.0011964 0.00925694 0.0422575 0.114093 0.184457 0.189266 0.151593 0.12771 0.101261 0.0557674 0.0188029 0.00376676 0.000445598 3.10909e-05 1.27919e-06 3.10339e-08 4.43932e-10 3.7444e-12 1.8623e-14 5.46122e-17
 1.65413e-11 1.7954e-09 1.14905e-07 4.33616e-06 9.64851e-05 0.00126593 0.00979468 0.0447072 0.120636 0.194464 0.196857 0.150805 0.119195 0.0915435 0.0500019 0.0168301 0.00337039 0.000398682 2.7817e-05 1.14449e-06 2.7766e-08 3.97185e-10 3.35011e-12 1.6662e-14 4.88614e-17
 1.61404e-11 1.75189e-09 1.12121e-07 4.23109e-06 9.41471e-05 0.00123526 0.00955745 0.0436265 0.11775 0.190049 0.193508 0.151152 0.122952 0.0958303 0.0525454 0.0177004 0.00354525 0.00041938 2.92613e-05 1.20391e-06 2.92077e-08 4.17808e-10 3.52405e-12 1.75271e-14 5.13985e-17
 1.64895e-11 1.78977e-09 1.14545e-07 4.32258e-06 9.61829e-05 0.00126197 0.00976402 0.0445675 0.120263 0.193894 0.196425 0.15085 0.119681 0.0920975 0.0503306 0.0169425 0.00339299 0.000401357 2.80037e-05 1.15216e-06 2.79523e-08 3.9985e-10 3.37259e-12 1.67738e-14 4.91893e-17
 1.71528e-11 1.86177e-09 1.19153e-07 4.49647e-06 0.000100052 0.00131273 0.0101566 0.0463559 0.12504 0.201199 0.201967 0.150275 0.113465 0.0850033 0.0461214 0.0155022 0.00310361 0.000367105 2.56135e-05 1.05382e-06 2.55665e-08 3.65722e-10 3.08472e-12 1.53421e-14 4.49908e-17
 1.73164e-11 1.87953e-09 1.2029e-07 4.53935e-06 0.000101006 0.00132525 0.0102534 0.046797 0.126218 0.203001 0.203334 0.150133 0.111932 0.0832538 0.0450833 0.015147 0.00303225 0.000358658 2.50241e-05 1.02957e-06 2.49781e-08 3.57305e-10 3.01373e-12 1.4989e-14 4.39554e-17
 1.7636e-11 1.91422e-09 1.2251e-07 4.62314e-06 0.000102871 0.00134971 0.0104426 0.0476587 0.12852 0.206521 0.206004 0.149856 0.108937 0.0798356 0.0430552 0.014453 0.00289282 0.000342154 2.38725e-05 9.82188e-07 2.38285e-08 3.40861e-10 2.87503e-12 1.42992e-14 4.19324e-17
 1.79449e-11 1.94775e-09 1.24655e-07 4.70411e-06 0.000104672 0.00137334 0.0106254 0.0484914 0.130744 0.209923 0.208585 0.149588 0.106042 0.0765322 0.0410952 0.0137823 0.00275807 0.000326205 2.27595e-05 9.36396e-07 2.27176e-08 3.24969e-10 2.74099e-12 1.36325e-14 3.99774e-17
 1.84834e-11 2.00619e-09 1.28396e-07 4.84526e-06 0.000107813 0.00141455 0.0109441 0.0499432 0.134622 0.215854 0.213084 0.149121 0.100996 0.0707733 0.0376782 0.0126131 0.00252316 0.0002984 2.08193e-05 8.56566e-07 2.07808e-08 2.97264e-10 2.50731e-12 1.24703e-14 3.65692e-17
 1.87914e-11 2.03963e-09 1.30536e-07 4.92602e-06 0.00010961 0.00143812 0.0111264 0.0507738 0.13684 0.219247 0.215658 0.148854 0.0981096 0.0674788 0.0357235 0.0119442 0.00238877 0.000282494 1.97093e-05 8.10896e-07 1.96729e-08 2.81415e-10 2.37363e-12 1.18054e-14 3.46195e-17
 1.79251e-11 1.9456e-09 1.24518e-07 4.69892e-06 0.000104557 0.00137183 0.0106137 0.0484381 0.130601 0.209705 0.20842 0.149605 0.106228 0.0767439 0.0412208 0.0138253 0.0027667 0.000327227 2.28308e-05 9.39331e-07 2.27888e-08 3.25987e-10 2.74958e-12 1.36752e-14 4.01027e-17
 1.84395e-11 2.00143e-09 1.28092e-07 4.83378e-06 0.000107557 0.0014112 0.0109182 0.0498251 0.134306 0.215371 0.212718 0.149159 0.101407 0.071242 0.0379563 0.0127083 0.00254228 0.000300663 2.09772e-05 8.63063e-07 2.09385e-08 2.99519e-10 2.52633e-12 1.25649e-14 3.68466e-17
 1.90664e-11 2.06948e-09 1.32446e-07 4.99811e-06 0.000111214 0.00145917 0.0112892 0.0515152 0.138821 0.222276 0.217956 0.148615 0.0955326 0.0645377 0.0339784 0.0113471 0.00226881 0.000268294 1.87184e-05 7.70127e-07 1.86838e-08 2.67266e-10 2.25429e-12 1.12119e-14 3.28789e-17
 1.92855e-11 2.09326e-09 1.33968e-07 5.05554e-06 0.000112492 0.00147593 0.0114189 0.0521059 0.140398 0.224689 0.219787 0.148425 0.0934793 0.0621944 0.0325881 0.0108713 0.00217322 0.00025698 1.79289e-05 7.37644e-07 1.78957e-08 2.55993e-10 2.1592e-12 1.0739e-14 3.14921e-17
 1.99958e-11 2.17035e-09 1.38902e-07 5.24173e-06 0.000116635 0.00153029 0.0118392 0.0540209 0.145513 0.232512 0.225721 0.14781 0.0868234 0.0545983 0.028081 0.00932909 0.00186337 0.000220304 1.53696e-05 6.32345e-07 1.53411e-08 2.19449e-10 1.85097e-12 9.20595e-15 2.69965e-17
#obs catch len freq
 4.09114e-11 3.79152e-09 2.07191e-07 6.67598e-06 0.000126838 0.00142098 0.00938874 0.0366199 0.0847409 0.119413 0.115477 0.106788 0.115758 0.118335 0.105391 0.0830716 0.0545969 0.0292022 0.0130451 0.00483224 0.00141702 0.000312661 4.95996e-05 5.43047e-06 3.96309e-07
 5.34499e-11 4.77765e-09 2.51808e-07 7.82548e-06 0.000143398 0.00154949 0.00987517 0.037167 0.0831596 0.114449 0.112379 0.111645 0.125091 0.123943 0.10474 0.0793586 0.0514057 0.02737 0.0119948 0.00425958 0.00117912 0.000243093 3.56911e-05 3.58914e-06 2.39591e-07
 3.86154e-11 3.32337e-09 1.68649e-07 5.04637e-06 8.90376e-05 0.000926447 0.00568861 0.0206846 0.0453575 0.0654027 0.0819425 0.11675 0.154637 0.160019 0.137504 0.101964 0.0615887 0.0299272 0.012132 0.00407307 0.00107028 0.000207497 2.83425e-05 2.63073e-06 1.61205e-07
 2.08623e-11 1.72595e-09 8.41936e-08 2.42172e-06 4.10754e-05 0.000410935 0.00242844 0.00854214 0.018592 0.02948 0.0483849 0.0874612 0.135503 0.172782 0.185037 0.153721 0.093264 0.0426107 0.0156546 0.00472444 0.0011302 0.000202342 2.5662e-05 2.2073e-06 1.24771e-07
 3.43021e-10 2.72374e-08 1.27525e-06 3.52059e-05 0.000573088 0.00550067 0.0311318 0.103902 0.204578 0.23819 0.166172 0.0752768 0.0338611 0.0305093 0.0357084 0.0332995 0.0229354 0.0118952 0.00468315 0.0013866 0.000305598 4.9307e-05 5.64851e-06 4.42562e-07 2.29239e-08
 2.23206e-10 1.69865e-08 7.6224e-07 2.01682e-05 0.000314662 0.0028952 0.0157207 0.050561 0.098152 0.125598 0.139373 0.170563 0.180365 0.127201 0.0573304 0.0191892 0.00715462 0.00343736 0.00150483 0.000488713 0.000111303 1.74316e-05 1.8524e-06 1.31669e-07 6.15445e-09
 5.13712e-10 3.74183e-08 1.60707e-06 4.06982e-05 0.000607722 0.00535106 0.0277883 0.0851908 0.154973 0.171748 0.13091 0.0973285 0.0911963 0.0884484 0.0741476 0.0465565 0.0194173 0.0051706 0.000945342 0.000150205 2.50229e-05 3.66989e-06 3.82554e-07 2.61335e-08 1.14232e-09
 7.2082e-10 5.01883e-08 2.06047e-06 4.98789e-05 0.000711971 0.00599285 0.0297574 0.0873393 0.153089 0.168557 0.141704 0.127076 0.116395 0.084172 0.0477664 0.0234906 0.00982766 0.00318276 0.000747467 0.000122764 1.40996e-05 1.20458e-06 8.32196e-08 4.58792e-09 1.81543e-10
 1.03728e-09 6.89546e-08 2.70282e-06 6.24684e-05 0.000851332 0.00684177 0.0324382 0.0909368 0.152495 0.161853 0.134355 0.121971 0.114002 0.0876516 0.0549269 0.0278597 0.0104255 0.00272576 0.00051576 7.56747e-05 8.66507e-06 7.2572e-07 4.1914e-08 1.64432e-09 4.45551e-11
 1.41633e-09 8.97916e-08 3.35656e-06 7.39849e-05 0.000961591 0.00737037 0.033336 0.0892648 0.143885 0.150958 0.133384 0.131923 0.124009 0.0916271 0.0545945 0.0263635 0.00943021 0.00234672 0.000410162 5.24538e-05 5.02552e-06 3.58111e-07 1.84965e-08 6.67948e-10 1.62323e-11
 2.12013e-09 1.28051e-07 4.56027e-06 9.57607e-05 0.00118573 0.00865856 0.0373145 0.0952563 0.146774 0.14888 0.130616 0.129264 0.120533 0.0897436 0.0543957 0.0260022 0.00886591 0.00204535 0.000324964 3.73201e-05 3.18347e-06 1.99006e-07 8.84741e-09 2.72758e-10 5.71593e-12
 3.24692e-09 1.86644e-07 6.32624e-06 0.000126435 0.00149002 0.010356 0.0424848 0.103325 0.152258 0.15002 0.131923 0.130223 0.117164 0.0829705 0.0475812 0.0214524 0.00688414 0.00148941 0.000220187 2.32212e-05 1.79201e-06 1.00145e-07 3.94704e-09 1.07115e-10 1.96161e-12
 5.08046e-09 2.77698e-07 8.95016e-06 0.00017009 0.00190604 0.0125971 0.0491477 0.113738 0.159905 0.151862 0.131153 0.126756 0.110268 0.0756328 0.0419798 0.0181052 0.00548913 0.00111183 0.000152602 1.48217e-05 1.04686e-06 5.32675e-08 1.89956e-09 4.63002e-11 7.56428e-13
 7.24728e-09 3.76361e-07 1.15245e-05 0.000208081 0.00221542 0.0139124 0.0515988 0.113771 0.15404 0.14669 0.135214 0.13526 0.114093 0.0739008 0.0383787 0.0154347 0.00434879 0.000812245 0.000101511 8.86668e-06 5.606e-07 2.56184e-08 8.24111e-10 1.81521e-11 2.67839e-13
 1.16625e-08 5.74974e-07 1.67144e-05 0.000286502 0.00289586 0.0172644 0.0607862 0.127221 0.16338 0.147141 0.12805 0.122955 0.103168 0.0691891 0.0374147 0.015164 0.00419615 0.00076699 9.4491e-05 8.13719e-06 4.97705e-07 2.1336e-08 6.26902e-10 1.24218e-11 1.6406e-13
 1.7192e-08 8.04099e-07 2.21759e-05 0.000360618 0.0034581 0.0195616 0.0653898 0.130314 0.161513 0.146916 0.135544 0.13058 0.102042 0.061121 0.0292711 0.0106923 0.00270555 0.00045308 5.09483e-05 4.01141e-06 2.2728e-07 9.18228e-09 2.56709e-10 4.82714e-12 5.97864e-14
 2.40662e-08 1.06723e-06 2.79059e-05 0.000430261 0.00391207 0.0209859 0.0665795 0.126425 0.151936 0.141332 0.139056 0.13648 0.105792 0.0633593 0.030137 0.0106107 0.0025118 0.000383537 3.82687e-05 2.60825e-06 1.26815e-07 4.44778e-09 1.10201e-10 1.87284e-12 2.12938e-14
 3.80738e-08 1.6e-06 3.96466e-05 0.000579279 0.00499129 0.0253749 0.0763097 0.137483 0.15738 0.140914 0.134438 0.127851 0.097294 0.0581588 0.0274051 0.00933802 0.00210601 0.000304664 2.87306e-05 1.8374e-06 8.23658e-08 2.59824e-09 5.66195e-11 8.35524e-13 8.23759e-15
 5.53189e-08 2.20208e-06 5.16872e-05 0.000715376 0.0058391 0.0281261 0.0802188 0.137695 0.153076 0.139732 0.138231 0.130005 0.0956713 0.0552563 0.0250862 0.00821648 0.00179456 0.000256201 2.44413e-05 1.60653e-06 7.34405e-08 2.29731e-09 4.80731e-11 6.62944e-13 5.97632e-15
 8.10586e-08 3.0555e-06 6.79136e-05 0.000890095 0.00688011 0.0313904 0.0848864 0.138798 0.149767 0.138334 0.139417 0.129408 0.0936973 0.0535329 0.0237228 0.00743714 0.00153898 0.000208007 1.89004e-05 1.19644e-06 5.33661e-08 1.64751e-09 3.42491e-11 4.68845e-13 4.1583e-15
 1.2252e-07 4.37233e-06 9.20048e-05 0.00114161 0.00835448 0.0360947 0.0925069 0.143908 0.149922 0.137585 0.137798 0.12484 0.0885678 0.0497957 0.0214609 0.00646254 0.00128277 0.000167561 1.48478e-05 9.18188e-07 3.97002e-08 1.17637e-09 2.3355e-11 3.05598e-13 2.60149e-15
 1.8487e-07 6.24498e-06 0.000124391 0.00146103 0.0101216 0.0414063 0.100597 0.149109 0.150797 0.138615 0.137805 0.120385 0.0816987 0.043816 0.0178963 0.00508219 0.000950841 0.000117417 9.88485e-06 5.83653e-07 2.41787e-08 6.87419e-10 1.30845e-11 1.63632e-13 1.32515e-15
 2.65831e-07 8.49965e-06 0.000160247 0.00178157 0.0116835 0.0452642 0.104356 0.148108 0.147968 0.14045 0.141174 0.119861 0.0783191 0.0402735 0.0156081 0.0041651 0.000727844 8.35923e-05 6.52525e-06 3.57098e-07 1.3749e-08 3.64914e-10 6.5119e-12 7.66004e-14 5.84748e-16
 3.92078e-07 1.18658e-05 0.000211749 0.00222829 0.0138329 0.0507491 0.11098 0.150474 0.146971 0.140128 0.139404 0.115508 0.0741027 0.0373166 0.0139169 0.00351936 0.000578413 6.22536e-05 4.5383e-06 2.30822e-07 8.2159e-09 2.00787e-10 3.29334e-12 3.56213e-14 2.50539e-16
 5.64394e-07 1.61683e-05 0.000273113 0.00272058 0.015989 0.0555644 0.115392 0.150179 0.14542 0.141584 0.139975 0.112683 0.070237 0.0342467 0.0122452 0.00295619 0.000465862 4.85148e-05 3.44306e-06 1.69743e-07 5.77547e-09 1.32812e-10 2.02495e-12 2.01995e-14 1.30422e-16
 8.0609e-07 2.18604e-05 0.00034957 0.00329658 0.0183443 0.0604009 0.119212 0.149318 0.144054 0.143049 0.14007 0.10983 0.0668014 0.031576 0.010795 0.00247168 0.000369333 3.66359e-05 2.4904e-06 1.17989e-07 3.85852e-09 8.5098e-11 1.23915e-12 1.17298e-14 7.12946e-17
 1.20057e-06 3.08254e-05 0.000466693 0.00416695 0.0219561 0.068485 0.128297 0.153698 0.144538 0.14128 0.13445 0.102423 0.0608606 0.0279048 0.00913608 0.00199227 0.000284242 2.70805e-05 1.77408e-06 8.07965e-08 2.52448e-09 5.29157e-11 7.30194e-13 6.54109e-15 3.75839e-17
 1.62846e-06 3.95913e-05 0.000567586 0.00479908 0.0239538 0.0708805 0.126789 0.148713 0.144847 0.148339 0.139341 0.101235 0.0567817 0.0244557 0.00750109 0.00153127 0.000204607 1.82813e-05 1.12575e-06 4.83341e-08 1.42754e-09 2.83245e-11 3.69833e-13 3.12859e-15 1.69292e-17
#spawning biomass
 24353.4 27837.9 19269.2 11683.5 15201.3 18552.3 26043.6 34121.8 41967.2 46562.9 55496 57126.3 62247.4 75646.3 89445.8 86868.1 107736 91558.9 94981.4 111898 119825 111046 116585 104825 109673 112918 123313 118735 108417 260792 291976 282552 252433 216442 182817 154942 133417 117551 106226 98326.7 92910.1 89242.5 86775.7 85091.8 83998.9 83289.6 82829.3 82530.6 82336.7 82210.9 82129.2 82076.2 82041.8 82019.5 82005 81995.6 81989.5 81985.6 81983 81981.3 81980.2 81979.5 81979.1 81978.8 81978.6 81978.5 81978.4 81978.3 81978.3 81978.3 81978.3 81978.3 81978.3 81978.2 81978.2 81978.2 81978.2 81978.2 81978.2 81978.2 81978.2 81978.2 81978.2 81978.2 81978.2 81978.2 81978.2 81978.2 81978.2 81978.2 81978.2 81978.2 81978.2 81978.2 81978.2 81978.2 81978.2 81978.2 81978.2 81978.2 81978.2 81978.2 81978.2 81978.2 81978.2 81978.2 81978.2 81978.2 81978.2 81978.2 81978.2 81978.2 81978.2 81978.2 81978.2 81978.2 81978.2 81978.2 81978.2 81978.2 81978.2 81978.2 81978.2 81978.2 81978.2 81978.2 81978.2 81978.2 0 0 0 0 0 0 0 0 0 0 0 0 0 0 0 0 0 0 0 0 0 0 0 0 0
