SBPRF35
0.437772
Curr Bio
115678
B35
376596
F35
0.376846
FOFL
0
OFL
0
Bzero
125078
#pred survey bio
 17484.1 24692 23591.3 27855.5 33523.1 42802 54097.9 70551.8 87200.2 98034.8 112771 134444 146608 129810 141537 143419 152037 150110 151252 161232 179362 155594 160099 159802 146267 154701 154407 131432 2.31603e+06 3.0796e+06 3.08135e+06 2.61281e+06 2.12636e+06 1.74925e+06 1.49005e+06 1.32299e+06 1.21898e+06 1.15517e+06 1.11604e+06 1.09176e+06 1.07642e+06 1.06647e+06 1.05981e+06 1.05511e+06 1.05191e+06 1.04967e+06 1.04809e+06 1.04695e+06 1.04612e+06 1.04552e+06 1.04507e+06 1.04474e+06 1.0445e+06 1.04432e+06 1.04419e+06 1.04409e+06 1.04401e+06 1.04396e+06 1.04392e+06 1.04389e+06 1.04387e+06 1.04385e+06 1.04384e+06 1.04383e+06 1.04382e+06 1.04381e+06 1.04381e+06 1.04381e+06 1.04381e+06 1.0438e+06 1.0438e+06 1.0438e+06 1.0438e+06 1.0438e+06 1.0438e+06 1.0438e+06 1.0438e+06 1.0438e+06 1.0438e+06 1.0438e+06 1.0438e+06 1.0438e+06 1.0438e+06 1.0438e+06 1.0438e+06 1.0438e+06 1.0438e+06 1.0438e+06 1.0438e+06 1.0438e+06 1.0438e+06 1.0438e+06 1.0438e+06 1.0438e+06 1.0438e+06 1.0438e+06 1.0438e+06 1.0438e+06 1.0438e+06 1.0438e+06 1.0438e+06 1.0438e+06 1.0438e+06 1.0438e+06 1.0438e+06 1.0438e+06 1.0438e+06 1.0438e+06 1.0438e+06 1.0438e+06 1.0438e+06 1.0438e+06 1.0438e+06 1.0438e+06 1.0438e+06 1.0438e+06 1.0438e+06 1.0438e+06 1.0438e+06 1.0438e+06 1.0438e+06 1.0438e+06 1.0438e+06 1.0438e+06 1.0438e+06 1.0438e+06 1.0438e+06 1.0438e+06 0 0 0 0 0 0 0 0 0 0 0 0 0 0 0 0 0 0 0 0 0 0 0 0 0
#obs survey bio
 12573.6 27516 17661.5 21327.9 33134.7 26000 39599.7 63072.3 65304.2 92900.4 91898.5 100589 92718.9 82533.9 117303 158888 151519 116412 163536 139004 143735 152735 158641 130361 106483 130919 182624 94041.6
#pred catch bio
 6813.16 14793.4 12304.6 14813.9 16793.4 22136.2 27224.8 36362.5 49307.1 54217.6 60839.3 75743.2 95440.7 74774.6 86873.9 84746.6 93987.8 93218.6 95254.6 95735.5 122734 99593.9 103817 110014 95143.6 102799 107982 106773 0 31486.4 36267.2 30298.7 23628.7 18586 15248.1 13197.2 11997.1 11318.4 10944 10741.1 10632.6 10575.3 10545.1 10529.2 10521 10516.9 10514.8 10513.7 10513.1 10512.8 10512.7 10512.6 10512.6 10512.6 10512.6 10512.5 10512.5 10512.5 10512.5 10512.5 10512.5 10512.5 10512.5 10512.5 10512.5 10512.5 10512.5 10512.5 10512.5 10512.5 10512.5 10512.5 10512.5 10512.5 10512.5 10512.5 10512.5 10512.5 10512.5 10512.5 10512.5 10512.5 10512.5 10512.5 10512.5 10512.5 10512.5 10512.5 10512.5 10512.5 10512.5 10512.5 10512.5 10512.5 10512.5 10512.5 10512.5 10512.5 10512.5 10512.5 10512.5 10512.5 10512.5 10512.5 10512.5 10512.5 10512.5 10512.5 10512.5 10512.5 10512.5 10512.5 10512.5 10512.5 10512.5 10512.5 10512.5 10512.5 10512.5 10512.5 10512.5 10512.5 10512.5 10512.5 10512.5 10512.5 10512.5 10512.5 0 0 0 0 0 0 0 0 0 0 0 0 0 0 0 0 0 0 0 0 0 0 0 0 0
#obs catch bio
 9583.54 15844.3 12073.6 15050.9 16148.7 21677.2 26009.3 34104.7 45893.4 52013.3 54724.3 73243 94733.4 72068.1 82072.7 80017.8 82539.7 86099.2 84581.4 90179.4 116303 90407.1 98476.8 107349 88800.2 98283.2 92345.2 105167
#pred cpue bio
 11067.1 14823.7 13746.7 16186.7 19039.3 24531 30528.7 39890 49992 55290.2 64019.7 76163.1 84438.1 72854.9 80119.3 79803.8 85632.8 84140.4 83552.8 85532.6 98662.7 83821.2 85330.1 85565.9 76438.7 80358.3 80854.3 70120.8 1.04322e+06 2.34651e+06 2.83073e+06 2.4425e+06 1.96378e+06 1.58731e+06 1.32816e+06 1.16111e+06 1.0571e+06 993293 954157 929884 914538 904594 897927 893230 890025 887791 886207 885067 884240 883635 883191 882863 882620 882440 882307 882208 882134 882079 882039 882008 881986 881969 881956 881947 881940 881935 881931 881928 881926 881925 881924 881923 881922 881922 881921 881921 881921 881921 881921 881920 881920 881920 881920 881920 881920 881920 881920 881920 881920 881920 881920 881920 881920 881920 881920 881920 881920 881920 881920 881920 881920 881920 881920 881920 881920 881920 881920 881920 881920 881920 881920 881920 881920 881920 881920 881920 881920 881920 881920 881920 881920 881920 881920 881920 881920 881920 881920 881920 0 0 0 0 0 0 0 0 0 0 0 0 0 0 0 0 0 0 0 0 0 0 0 0 0
#obs cpue bio
 18484.1 13201.2 18615.3 19059.3 25464.3 40778.7 52500.2 61116.1 89159.4 65174.6 132882 96191.8 143727 122472 134332 90378 166433 127471 140846 103447 164597 127251 99185.1 116423 137453 111277 153377 95942.4
#pred surv len freq
 1.64201e-11 1.78303e-09 1.14151e-07 4.30864e-06 9.58825e-05 0.00125801 0.00973186 0.0444018 0.119656 0.19187 0.189789 0.134241 0.0940692 0.0718119 0.0487625 0.0303318 0.0194266 0.0127797 0.00870421 0.00626833 0.00485153 0.00408341 0.0035419 0.0027296 0.00159113
 1.51808e-11 1.64846e-09 1.05536e-07 3.98345e-06 8.86459e-05 0.00116307 0.0089978 0.0410613 0.110772 0.178581 0.181159 0.140144 0.11363 0.0926385 0.0604011 0.0328977 0.0173636 0.00901548 0.00469204 0.00262855 0.00164313 0.00116405 0.000903119 0.00066506 0.000386651
 1.48361e-11 1.61102e-09 1.03139e-07 3.89299e-06 8.6633e-05 0.00113666 0.00879365 0.0401328 0.108311 0.174968 0.179155 0.142893 0.120849 0.0999518 0.0639999 0.0328925 0.0155849 0.00674378 0.00260669 0.000993428 0.000419144 0.000212626 0.000131255 8.60312e-05 4.79187e-05
 1.5401e-11 1.67236e-09 1.07066e-07 4.04122e-06 8.99315e-05 0.00117994 0.00912825 0.0416556 0.112362 0.18104 0.183166 0.140464 0.112627 0.0920414 0.061419 0.0346214 0.0179365 0.00797518 0.00292683 0.000938425 0.000279929 8.63588e-05 3.29477e-05 1.61047e-05 7.92082e-06
 1.57385e-11 1.70901e-09 1.09412e-07 4.12977e-06 9.1902e-05 0.00120579 0.00932821 0.0425673 0.11481 0.184887 0.186601 0.141864 0.112016 0.0900101 0.0582888 0.0312773 0.0157288 0.00718566 0.00282405 0.000952099 0.000271136 6.60235e-05 1.51864e-05 4.06721e-06 1.38193e-06
 1.55184e-11 1.68511e-09 1.07882e-07 4.07202e-06 9.06169e-05 0.00118893 0.00919783 0.0419732 0.113221 0.182435 0.184633 0.141699 0.113548 0.0920686 0.0599691 0.0323613 0.0162251 0.00727219 0.00279565 0.000948392 0.000281404 7.01041e-05 1.43777e-05 2.5408e-06 4.57417e-07
 1.5905e-11 1.72709e-09 1.1057e-07 4.17346e-06 9.28745e-05 0.00121855 0.00942687 0.0430166 0.11601 0.186725 0.188011 0.141777 0.110565 0.0883762 0.0573786 0.0309768 0.0155515 0.00697123 0.00266584 0.00089105 0.000260207 6.49188e-05 1.34912e-05 2.26505e-06 3.0771e-07
 1.578e-11 1.71352e-09 1.09701e-07 4.14066e-06 9.21445e-05 0.00120897 0.00935282 0.0426795 0.115111 0.185366 0.18705 0.142112 0.112079 0.0899385 0.0580739 0.030931 0.0153271 0.00684071 0.00262103 0.000878032 0.00025556 6.31063e-05 1.29805e-05 2.16741e-06 2.84891e-07
 1.54096e-11 1.6733e-09 1.07126e-07 4.04347e-06 8.99817e-05 0.0011806 0.00913339 0.0416799 0.11244 0.18126 0.18383 0.142084 0.11502 0.0935674 0.0606238 0.0322764 0.0159234 0.00703092 0.00265049 0.000875421 0.000253218 6.23999e-05 1.27792e-05 2.11588e-06 2.75042e-07
 1.56907e-11 1.70382e-09 1.0908e-07 4.11723e-06 9.1623e-05 0.00120213 0.00929992 0.0424389 0.114473 0.184419 0.186482 0.142682 0.113688 0.0914842 0.0586213 0.0306083 0.0147519 0.00637697 0.00234698 0.000754086 0.000212516 5.13236e-05 1.03844e-05 1.70807e-06 2.20653e-07
 1.54756e-11 1.68047e-09 1.07585e-07 4.0608e-06 9.03672e-05 0.00118566 0.00917252 0.0418586 0.112923 0.182048 0.184673 0.142835 0.115655 0.0937763 0.0600617 0.0311846 0.0148948 0.00636155 0.00229949 0.000721474 0.000197939 4.64545e-05 9.14857e-06 1.4734e-06 1.87742e-07
 1.56812e-11 1.70279e-09 1.09014e-07 4.11475e-06 9.15679e-05 0.00120141 0.00929432 0.042413 0.1144 0.184276 0.186217 0.142179 0.113001 0.0910872 0.0589377 0.0313881 0.0154034 0.00667142 0.00241882 0.000755026 0.000204282 4.6894e-05 8.98542e-06 1.406e-06 1.74506e-07
 1.50504e-11 1.6343e-09 1.04629e-07 3.94923e-06 8.78845e-05 0.00115308 0.00892063 0.0407113 0.109858 0.177352 0.181058 0.143024 0.119352 0.0981015 0.0627693 0.0323096 0.0153198 0.00656189 0.00239707 0.000756939 0.00020576 4.69867e-05 8.87165e-06 1.35732e-06 1.63959e-07
 1.54008e-11 1.67234e-09 1.07065e-07 4.04117e-06 8.99304e-05 0.00117993 0.00912825 0.0416578 0.112398 0.181334 0.184572 0.144344 0.118584 0.0961557 0.0601674 0.0295395 0.0131188 0.00525169 0.00177781 0.000522945 0.000136716 3.08724e-05 5.8094e-06 8.81896e-07 1.04898e-07
 1.54943e-11 1.6825e-09 1.07715e-07 4.0657e-06 9.04763e-05 0.00118709 0.0091836 0.0419091 0.113059 0.182262 0.184867 0.142926 0.115674 0.0938158 0.0601595 0.0312348 0.0147549 0.006074 0.00204083 0.000578793 0.000142684 3.02401e-05 5.43613e-06 8.07554e-07 9.51728e-08
 1.56936e-11 1.70414e-09 1.09101e-07 4.11801e-06 9.16404e-05 0.00120236 0.00930173 0.0424478 0.114507 0.184555 0.186997 0.144034 0.11575 0.0929405 0.0582728 0.0289324 0.0130805 0.00534059 0.00183867 0.000537417 0.000133311 2.74673e-05 4.67652e-06 6.53809e-07 7.34758e-08
 1.54337e-11 1.67591e-09 1.07293e-07 4.04979e-06 9.01223e-05 0.00118244 0.0091477 0.0417461 0.112629 0.181655 0.184649 0.143774 0.117453 0.0952682 0.0602105 0.0302519 0.0137874 0.0055763 0.00187176 0.000535576 0.000133268 2.79978e-05 4.8093e-06 6.59236e-07 7.08176e-08
 1.54921e-11 1.68225e-09 1.07699e-07 4.06512e-06 9.04634e-05 0.00118692 0.00918231 0.0419039 0.113053 0.182324 0.185258 0.144057 0.117416 0.0949859 0.0597084 0.0296676 0.0133515 0.00536114 0.00178996 0.000506007 0.000123173 2.532e-05 4.31767e-06 5.95561e-07 6.41351e-08
 1.58154e-11 1.71737e-09 1.09948e-07 4.14997e-06 9.23516e-05 0.00121169 0.0093739 0.0427766 0.115387 0.185918 0.188116 0.144213 0.115059 0.0919952 0.0575155 0.0283871 0.0126595 0.00503172 0.00165843 0.000462088 0.000111038 2.2502e-05 3.76489e-06 5.09735e-07 5.43527e-08
 1.66077e-11 1.8034e-09 1.15455e-07 4.35785e-06 9.69777e-05 0.00127238 0.00984327 0.0449151 0.121107 0.194742 0.195198 0.144808 0.109606 0.084857 0.0519963 0.0248995 0.010702 0.00414184 0.00133855 0.000365563 8.61032e-05 1.71265e-05 2.81639e-06 3.74838e-07 3.9255e-08
 1.56836e-11 1.70306e-09 1.09031e-07 4.11539e-06 9.1582e-05 0.0012016 0.00929584 0.0424217 0.114446 0.184534 0.187337 0.145212 0.117651 0.0943374 0.0580573 0.0275045 0.0116114 0.00441518 0.00139908 0.000373211 8.5914e-05 1.6736e-05 2.69713e-06 3.52059e-07 3.62007e-08
 1.59817e-11 1.73542e-09 1.11103e-07 4.19359e-06 9.33224e-05 0.00122443 0.00947244 0.0432265 0.116603 0.187898 0.190211 0.146015 0.116488 0.0922723 0.0558091 0.0254457 0.0101489 0.00365324 0.00109178 0.000271682 5.86537e-05 1.08823e-05 1.6898e-06 2.14181e-07 2.14953e-08
 1.63794e-11 1.77861e-09 1.13868e-07 4.29795e-06 9.56446e-05 0.00125489 0.00970803 0.0442993 0.119464 0.192248 0.19339 0.145282 0.11218 0.0876511 0.053485 0.0251534 0.0104543 0.00384416 0.00114128 0.000275614 5.66667e-05 9.88081e-06 1.43719e-06 1.72163e-07 1.65475e-08
 1.61227e-11 1.75073e-09 1.12083e-07 4.23059e-06 9.41456e-05 0.00123523 0.00955596 0.043607 0.11762 0.189459 0.191428 0.146001 0.115334 0.0908719 0.0548588 0.024978 0.0099555 0.00359025 0.00107566 0.000265439 5.5134e-05 9.45872e-06 1.31876e-06 1.48816e-07 1.34054e-08
 1.65433e-11 1.7964e-09 1.15007e-07 4.34095e-06 9.66015e-05 0.00126745 0.00980515 0.0447423 0.120657 0.194153 0.195232 0.146442 0.112631 0.0872222 0.051905 0.0229759 0.00875461 0.00301043 0.000855468 0.000198818 3.95749e-05 6.70889e-06 9.3549e-07 1.04294e-07 9.07582e-09
 1.67493e-11 1.81878e-09 1.1644e-07 4.39502e-06 9.78048e-05 0.00128324 0.00992723 0.0452982 0.12214 0.196407 0.19688 0.146064 0.110402 0.0848306 0.0507011 0.0228225 0.0089101 0.00310676 0.000879234 0.00019988 3.82447e-05 6.16468e-06 8.20758e-07 8.90108e-08 7.65305e-09
 1.64571e-11 1.78704e-09 1.14408e-07 4.31833e-06 9.60982e-05 0.00126085 0.00975409 0.0445098 0.120038 0.193213 0.194557 0.14664 0.113627 0.0882682 0.0524001 0.0229919 0.00864108 0.00293894 0.00082806 0.000189204 3.62242e-05 5.75358e-06 7.40948e-07 7.67198e-08 6.29693e-09
 1.59164e-11 1.72833e-09 1.10649e-07 4.17646e-06 9.29411e-05 0.00121943 0.00943379 0.0430512 0.116144 0.187268 0.190089 0.147239 0.118888 0.0941913 0.0558126 0.0240236 0.00871741 0.0028527 0.000769847 0.000166627 3.03757e-05 4.69801e-06 5.97723e-07 6.09656e-08 4.86618e-09
#obs surv len freq
 1.39628e-11 1.51619e-09 9.70679e-08 3.66383e-06 8.15335e-05 0.00106976 0.00827604 0.0377704 0.101928 0.164557 0.167908 0.132401 0.11187 0.098839 0.075566 0.0502373 0.0289258 0.0135732 0.00507895 0.00150558 0.000343258 5.78222e-05 6.93222e-06 5.72368e-07 3.16652e-08
 1.30203e-11 1.41386e-09 9.05162e-08 3.41654e-06 7.60306e-05 0.000997571 0.00771812 0.0352359 0.0952394 0.154902 0.163053 0.140406 0.129991 0.113648 0.0780301 0.0441793 0.0222625 0.00964589 0.00341243 0.000957389 0.000205935 3.27142e-05 3.70477e-06 2.89308e-07 1.51265e-08
 1.32364e-11 1.43731e-09 9.20181e-08 3.47323e-06 7.72922e-05 0.00101412 0.00784621 0.0358204 0.0968069 0.157296 0.164611 0.138856 0.125334 0.110074 0.0789332 0.0470056 0.0234178 0.00922349 0.00283154 0.000692986 0.000134023 1.95787e-05 2.05733e-06 1.49497e-07 7.28488e-09
 1.37308e-11 1.491e-09 9.54553e-08 3.60297e-06 8.01794e-05 0.00105201 0.00813935 0.0371587 0.100416 0.163037 0.169775 0.140384 0.122458 0.104816 0.0741075 0.0439778 0.0221566 0.00891631 0.00275123 0.000642686 0.000112151 1.43988e-05 1.33556e-06 8.70851e-08 3.8624e-09
 1.34744e-11 1.46316e-09 9.3673e-08 3.5357e-06 7.86826e-05 0.00103238 0.00798785 0.0364744 0.0986515 0.160733 0.169496 0.144299 0.128582 0.108517 0.0734925 0.0409805 0.0194076 0.00744172 0.00221953 0.000505533 8.5477e-05 1.03718e-05 8.79597e-07 5.11363e-08 2.00368e-09
 1.37737e-11 1.49566e-09 9.57536e-08 3.61423e-06 8.04302e-05 0.00105531 0.00816538 0.0372859 0.100845 0.164221 0.172477 0.144468 0.12554 0.10493 0.0718452 0.0406033 0.0190152 0.0069984 0.0019683 0.000421405 6.73822e-05 7.7754e-06 6.2584e-07 3.41524e-08 1.23514e-09
 1.36163e-11 1.47857e-09 9.46596e-08 3.57294e-06 7.95116e-05 0.00104327 0.00807261 0.0368694 0.0997951 0.162978 0.172755 0.147349 0.129138 0.106395 0.0707943 0.0386585 0.0175834 0.00633281 0.001737 0.000356868 5.3764e-05 5.78347e-06 4.33083e-07 2.2032e-08 7.43739e-10
 1.33629e-11 1.45105e-09 9.28978e-08 3.50644e-06 7.80321e-05 0.00102387 0.00792291 0.0361931 0.0980408 0.160559 0.171636 0.148713 0.131536 0.108217 0.0718663 0.0389601 0.017312 0.00600378 0.00157564 0.000309407 4.44713e-05 4.53391e-06 3.18586e-07 1.50708e-08 4.70522e-10
 1.31588e-11 1.42889e-09 9.1479e-08 3.45289e-06 7.68407e-05 0.00100826 0.00780254 0.0356514 0.0966555 0.158755 0.171146 0.150421 0.133816 0.109459 0.0721477 0.0387072 0.0168887 0.00570475 0.00144525 0.000271037 3.68674e-05 3.5382e-06 2.33336e-07 1.03287e-08 3.00542e-10
 1.3047e-11 1.41675e-09 9.07019e-08 3.42357e-06 7.61884e-05 0.000999715 0.00773692 0.0353597 0.0959407 0.157983 0.171439 0.152024 0.135227 0.109789 0.0718787 0.0381924 0.0163649 0.00538923 0.00132323 0.000238745 3.09743e-05 2.81107e-06 1.74023e-07 7.192e-09 1.94701e-10
 1.29163e-11 1.40256e-09 8.97932e-08 3.38927e-06 7.54255e-05 0.000989724 0.00766012 0.0350171 0.0950879 0.156965 0.17134 0.153001 0.135996 0.110021 0.0721684 0.038427 0.0163784 0.00532831 0.00128441 0.000225556 2.81965e-05 2.44273e-06 1.43181e-07 5.56353e-09 1.40781e-10
 1.28556e-11 1.39597e-09 8.93714e-08 3.37336e-06 7.50719e-05 0.000985105 0.00762497 0.0348658 0.0947604 0.15683 0.172199 0.154676 0.136948 0.109702 0.0713421 0.0376289 0.0158395 0.00508181 0.00120532 0.000207072 2.51209e-05 2.09427e-06 1.17184e-07 4.31483e-09 1.02805e-10
 1.20497e-11 1.30846e-09 8.3769e-08 3.1619e-06 7.03671e-05 0.000923416 0.00714889 0.0327125 0.0891409 0.148864 0.167786 0.157982 0.144625 0.11606 0.0744134 0.0383612 0.0156931 0.00488277 0.00112227 0.000186584 2.18519e-05 1.75224e-06 9.38546e-08 3.29034e-09 7.42422e-11
 1.22166e-11 1.32658e-09 8.4929e-08 3.20569e-06 7.13421e-05 0.00093623 0.00724851 0.0331734 0.0904235 0.151007 0.169646 0.157721 0.142175 0.113969 0.0739389 0.0383418 0.0154683 0.00466493 0.00102888 0.000163319 1.82195e-05 1.38984e-06 7.07229e-08 2.35118e-09 5.01924e-11
 1.20322e-11 1.30656e-09 8.36476e-08 3.15734e-06 7.0267e-05 0.000922169 0.00714091 0.0327003 0.0893039 0.149987 0.170785 0.161483 0.145554 0.114324 0.0719912 0.0362186 0.0142529 0.00420624 0.00090337 0.000138085 1.46669e-05 1.05699e-06 5.05995e-08 1.57948e-09 3.16308e-11
 1.1982e-11 1.30111e-09 8.32986e-08 3.14418e-06 6.9975e-05 0.000918376 0.00711248 0.032583 0.089082 0.150006 0.171514 0.162343 0.145633 0.114136 0.0719424 0.0359235 0.0138265 0.00395225 0.000819111 0.000120584 1.22904e-05 8.44825e-07 3.82989e-08 1.12463e-09 2.108e-11
 1.24336e-11 1.35014e-09 8.64378e-08 3.26269e-06 7.26133e-05 0.000953034 0.00738157 0.0338235 0.0925132 0.155798 0.177427 0.165102 0.143682 0.108957 0.0663915 0.0319925 0.0118795 0.00327167 0.000650321 9.12712e-05 8.82752e-06 5.74157e-07 2.45778e-08 6.79908e-10 1.19713e-11
 1.14864e-11 1.24729e-09 7.98535e-08 3.01419e-06 6.70855e-05 0.000880601 0.00682359 0.0313123 0.086045 0.146946 0.173208 0.169758 0.152594 0.115648 0.0691197 0.0323141 0.0115604 0.00305512 0.000580802 7.76646e-05 7.12612e-06 4.37799e-07 1.76328e-08 4.57545e-10 7.54006e-12
 1.30104e-11 1.41278e-09 9.04482e-08 3.41409e-06 7.59847e-05 0.000997349 0.00772611 0.0354149 0.096908 0.163008 0.183728 0.165621 0.138495 0.102963 0.0622423 0.0292931 0.0103326 0.00264333 0.000480668 6.10185e-05 5.28906e-06 3.0589e-07 1.15645e-08 2.80956e-10 4.32486e-12
 1.2076e-11 1.31132e-09 8.39533e-08 3.169e-06 7.05345e-05 0.000926006 0.00717828 0.0329742 0.0908285 0.155728 0.183571 0.176072 0.15031 0.106503 0.0591049 0.0256429 0.00855663 0.00211044 0.0003708 4.50999e-05 3.70664e-06 2.01622e-07 7.13203e-09 1.61614e-10 2.31592e-12
 1.1371e-11 1.23476e-09 7.90521e-08 2.98404e-06 6.64209e-05 0.000872125 0.00676339 0.0311049 0.0859575 0.148597 0.178265 0.175598 0.154575 0.113501 0.0649747 0.028211 0.00904102 0.002087 0.0003416 3.89659e-05 3.02338e-06 1.55484e-07 5.18442e-09 1.10206e-10 1.47452e-12
 1.19236e-11 1.29477e-09 8.28944e-08 3.1291e-06 6.96511e-05 0.000914577 0.00709312 0.0326221 0.0900973 0.155186 0.183653 0.17563 0.149531 0.107457 0.0608872 0.0262861 0.00835147 0.00188854 0.000296942 3.18889e-05 2.29895e-06 1.0937e-07 3.37775e-09 6.66971e-11 8.30674e-13
 1.15992e-11 1.25954e-09 8.06397e-08 3.04406e-06 6.77631e-05 0.000889962 0.00690604 0.0318097 0.0882003 0.153334 0.184536 0.179342 0.152571 0.107746 0.0595968 0.0251288 0.00782851 0.00174043 0.000268343 2.80142e-05 1.93845e-06 8.73079e-08 2.5226e-09 4.62099e-11 5.31426e-13
 1.15897e-11 1.25852e-09 8.0575e-08 3.04169e-06 6.77145e-05 0.000889471 0.00690516 0.0318387 0.0884873 0.154512 0.186931 0.181645 0.153017 0.106274 0.0573736 0.0233642 0.00697089 0.00147968 0.00021803 2.17944e-05 1.44445e-06 6.21676e-08 1.70817e-09 2.95681e-11 3.1913e-13
 1.20523e-11 1.30876e-09 8.3792e-08 3.16319e-06 7.04227e-05 0.000925146 0.00718379 0.033137 0.0921303 0.160676 0.192832 0.183355 0.149571 0.100369 0.0522238 0.020386 0.0057948 0.00116517 0.000161853 1.52091e-05 9.4699e-07 3.83197e-08 9.90918e-10 1.61494e-11 1.64016e-13
 1.11006e-11 1.20542e-09 7.71777e-08 2.91369e-06 6.48798e-05 0.00085275 0.00663042 0.030692 0.0860999 0.153316 0.191191 0.18984 0.157803 0.104582 0.0527018 0.0197191 0.00534081 0.0010183 0.000133446 1.1771e-05 6.85183e-07 2.58484e-08 6.22239e-10 9.43598e-12 8.91894e-14
 1.25268e-11 1.36029e-09 8.70931e-08 3.28797e-06 7.32088e-05 0.000961992 0.00747383 0.0345068 0.0960353 0.167275 0.198633 0.183888 0.145173 0.0948282 0.0478068 0.0177141 0.00466236 0.00085017 0.000105418 8.73736e-06 4.75625e-07 1.67204e-08 3.74052e-10 5.26038e-12 4.60426e-14
 1.14795e-11 1.24659e-09 7.98165e-08 3.0136e-06 6.71195e-05 0.000882652 0.00687099 0.0318833 0.0898302 0.160767 0.200025 0.193853 0.153573 0.0959649 0.0454676 0.0159659 0.00404048 0.000712711 8.51089e-05 6.72669e-06 3.45642e-07 1.13787e-08 2.37082e-10 3.0943e-12 2.50768e-14
#pred catch len freq
 1.13296e-11 1.23026e-09 7.87622e-08 2.97288e-06 6.61574e-05 0.000868024 0.00671569 0.0306572 0.0828462 0.134703 0.142035 0.124074 0.118619 0.107564 0.0789861 0.0527171 0.0355919 0.0240054 0.0165237 0.0119494 0.0092612 0.0077978 0.00676426 0.005213 0.00303875
 1.13974e-11 1.23762e-09 7.92338e-08 2.99068e-06 6.65537e-05 0.000873231 0.00675625 0.0308489 0.0834546 0.136419 0.147218 0.13693 0.138939 0.125594 0.0852989 0.0482895 0.0264024 0.0139698 0.0073321 0.00412302 0.00258078 0.00182897 0.0014191 0.00104505 0.000607568
 1.06225e-11 1.15348e-09 7.38469e-08 2.78736e-06 6.2029e-05 0.000813871 0.00629728 0.0287603 0.0779009 0.128117 0.141857 0.140721 0.151344 0.138803 0.0926723 0.049746 0.0246065 0.01091 0.00426635 0.00163669 0.000692783 0.000351823 0.000217236 0.000142394 7.93125e-05
 1.12617e-11 1.22289e-09 7.82904e-08 2.95508e-06 6.57613e-05 0.000862835 0.00667585 0.0304827 0.0824751 0.13491 0.146024 0.13695 0.140491 0.128857 0.0902725 0.053257 0.0286408 0.0129758 0.00480551 0.00154957 0.000463765 0.000143298 5.47039e-05 2.67428e-05 1.31533e-05
 1.15038e-11 1.24918e-09 7.99735e-08 3.0186e-06 6.7175e-05 0.000881383 0.00681935 0.0311375 0.084241 0.137752 0.148879 0.139024 0.141646 0.128329 0.087275 0.049102 0.0257766 0.0120484 0.00478502 0.00162219 0.000463285 0.000112969 2.60024e-05 6.96609e-06 2.36709e-06
 1.1341e-11 1.2315e-09 7.88417e-08 2.97588e-06 6.62243e-05 0.00086891 0.00672288 0.030698 0.083065 0.135934 0.147401 0.138845 0.142712 0.129873 0.0886925 0.0501017 0.0261682 0.0119855 0.00465479 0.00158816 0.000472629 0.000117895 2.41926e-05 4.27634e-06 7.69951e-07
 1.17128e-11 1.27187e-09 8.14263e-08 3.07344e-06 6.83953e-05 0.000897392 0.00694315 0.0317014 0.0857472 0.140059 0.150649 0.138919 0.13984 0.126321 0.0862067 0.0487828 0.0255349 0.0117015 0.0045212 0.00152001 0.000445239 0.000111236 2.31305e-05 3.88436e-06 5.2775e-07
 1.16485e-11 1.26488e-09 8.0979e-08 3.05656e-06 6.80196e-05 0.000892464 0.00690505 0.0315281 0.085289 0.139394 0.150318 0.139541 0.141307 0.127587 0.0863882 0.0481411 0.0248603 0.0113439 0.00439135 0.00147941 0.000431864 0.000106783 2.19773e-05 3.67055e-06 4.82517e-07
 1.15311e-11 1.25214e-09 8.01634e-08 3.02577e-06 6.73345e-05 0.000883476 0.00683555 0.0312117 0.0844451 0.138112 0.149391 0.13979 0.142646 0.12906 0.0872133 0.0483188 0.0247208 0.0111306 0.00423414 0.00140553 0.000407631 0.000100571 2.06068e-05 3.41265e-06 4.43646e-07
 1.17982e-11 1.28114e-09 8.20197e-08 3.09584e-06 6.88937e-05 0.000903933 0.00699377 0.0319329 0.0863796 0.14114 0.152033 0.140696 0.141905 0.127462 0.0852463 0.0463323 0.0231883 0.0102332 0.00380235 0.00122819 0.000347113 8.39378e-05 1.69927e-05 2.79567e-06 3.61185e-07
 1.14638e-11 1.24484e-09 7.96956e-08 3.00811e-06 6.69416e-05 0.000878322 0.00679572 0.0310308 0.0839697 0.137446 0.149184 0.140833 0.144809 0.130922 0.0875265 0.0473683 0.0235366 0.0102739 0.00375134 0.00118369 0.000325757 7.65615e-05 1.50871e-05 2.43045e-06 3.09722e-07
 1.18412e-11 1.28581e-09 8.2319e-08 3.10713e-06 6.91451e-05 0.00090723 0.00701926 0.0320486 0.0866831 0.141561 0.152138 0.139961 0.140446 0.126332 0.0853403 0.0472906 0.0240543 0.0106193 0.00388454 0.00121874 0.000330678 7.60093e-05 1.45727e-05 2.28086e-06 2.83118e-07
 1.17468e-11 1.27556e-09 8.16625e-08 3.08235e-06 6.85937e-05 0.000899997 0.00696336 0.031795 0.0860185 0.140648 0.151953 0.141703 0.14386 0.12902 0.0852425 0.0451729 0.022031 0.0095864 0.00352692 0.00111793 0.000304495 6.95978e-05 1.31464e-05 2.0117e-06 2.43024e-07
 1.16565e-11 1.26575e-09 8.10346e-08 3.05865e-06 6.80663e-05 0.000893079 0.0069099 0.0315524 0.085383 0.139776 0.151781 0.143393 0.147209 0.131828 0.0855659 0.0434952 0.0200361 0.00819757 0.00280294 0.000829056 0.000217419 4.91665e-05 9.25742e-06 1.40567e-06 1.67216e-07
 1.19917e-11 1.30215e-09 8.3365e-08 3.14662e-06 7.00237e-05 0.000918758 0.00710844 0.0324556 0.087782 0.143338 0.153966 0.141412 0.141501 0.12656 0.0841945 0.0451804 0.0220109 0.00921493 0.00312012 0.000888913 0.000219733 4.66323e-05 8.38789e-06 1.24636e-06 1.46903e-07
 1.20958e-11 1.31346e-09 8.40891e-08 3.17395e-06 7.06319e-05 0.000926738 0.00717019 0.0327378 0.0885484 0.144615 0.155453 0.143019 0.143098 0.127096 0.0826831 0.0424548 0.0198654 0.0082757 0.00287523 0.000844504 0.000210054 4.33363e-05 7.38291e-06 1.03248e-06 1.16046e-07
 1.19736e-11 1.30019e-09 8.32397e-08 3.14188e-06 6.99184e-05 0.000917378 0.0070978 0.0324079 0.0876642 0.143237 0.154279 0.142705 0.143618 0.128047 0.0837756 0.04343 0.0204203 0.00840808 0.00284537 0.000817907 0.000204062 4.29253e-05 7.37755e-06 1.01153e-06 1.08674e-07
 1.20708e-11 1.31075e-09 8.39153e-08 3.16739e-06 7.04859e-05 0.000924824 0.00715539 0.0326705 0.0883693 0.144348 0.155283 0.143151 0.143518 0.127553 0.0829506 0.0424919 0.019725 0.00806479 0.00271478 0.000770922 0.000188149 3.87264e-05 6.60762e-06 9.11661e-07 9.81862e-08
 1.25283e-11 1.36042e-09 8.70953e-08 3.28742e-06 7.3157e-05 0.000959866 0.0074264 0.0339051 0.0916715 0.14944 0.159361 0.143467 0.140331 0.123422 0.0798151 0.0405524 0.0186262 0.00753277 0.0025023 0.00070024 0.000168691 3.42277e-05 5.72994e-06 7.75981e-07 8.27513e-08
 1.32639e-11 1.4403e-09 9.22092e-08 3.48044e-06 7.74523e-05 0.00101622 0.00786223 0.0358909 0.0969856 0.157661 0.166069 0.144384 0.135825 0.117175 0.0745608 0.0368249 0.0163538 0.00645771 0.0021061 0.000578023 0.000136536 2.71965e-05 4.47523e-06 5.95787e-07 6.24017e-08
 1.28209e-11 1.39219e-09 8.91295e-08 3.36419e-06 7.48656e-05 0.000982283 0.0075998 0.0346959 0.093797 0.152804 0.162476 0.145064 0.140428 0.122233 0.0773053 0.0374315 0.0161816 0.00624564 0.00199249 0.000533395 0.000123044 2.39937e-05 3.86855e-06 5.0507e-07 5.19389e-08
 1.28569e-11 1.3961e-09 8.93799e-08 3.37365e-06 7.50759e-05 0.000985044 0.00762117 0.0347939 0.0940675 0.15329 0.163199 0.146197 0.14188 0.123092 0.0767176 0.0358369 0.0147043 0.0053954 0.00162662 0.000406633 8.80352e-05 1.63573e-05 2.54164e-06 3.22241e-07 3.23443e-08
 1.3394e-11 1.45443e-09 9.3114e-08 3.51459e-06 7.82124e-05 0.00102619 0.00793937 0.0362427 0.097932 0.159164 0.167488 0.145191 0.136036 0.116836 0.07359 0.0354696 0.0151377 0.00566 0.001693 0.000410522 8.46275e-05 1.47776e-05 2.15089e-06 2.57738e-07 2.4776e-08
 1.34102e-11 1.45619e-09 9.32267e-08 3.51884e-06 7.8307e-05 0.00102743 0.007949 0.0362872 0.0980588 0.159424 0.16801 0.14624 0.137496 0.117703 0.0729704 0.0338835 0.0138128 0.00505801 0.00152595 0.000377882 7.8654e-05 1.35087e-05 1.88441e-06 2.12703e-07 1.91626e-08
 1.36453e-11 1.48171e-09 9.48607e-08 3.58052e-06 7.96795e-05 0.00104544 0.00808827 0.0369219 0.0997605 0.16208 0.170293 0.14692 0.136654 0.116129 0.0711889 0.0322001 0.0125924 0.00441153 0.00126445 0.000295159 5.89138e-05 1.00023e-05 1.39569e-06 1.55647e-07 1.35466e-08
 1.40043e-11 1.52069e-09 9.73563e-08 3.67472e-06 8.17757e-05 0.00107294 0.00830093 0.0378904 0.102345 0.166018 0.173216 0.146402 0.132983 0.1121 0.0690258 0.0317309 0.0126896 0.00449822 0.0012826 0.000292707 5.61472e-05 9.06335e-06 1.20752e-06 1.30997e-07 1.12646e-08
 1.39297e-11 1.51259e-09 9.68377e-08 3.65514e-06 8.13401e-05 0.00106723 0.00825676 0.0376896 0.101814 0.165251 0.17285 0.147175 0.134756 0.113596 0.069168 0.0308723 0.0118434 0.0040891 0.00116018 0.000266 5.10346e-05 8.11545e-06 1.0457e-06 1.08305e-07 8.89049e-09
 1.43073e-11 1.5536e-09 9.9463e-08 3.75423e-06 8.35453e-05 0.00109616 0.00848051 0.0387091 0.104543 0.169478 0.176326 0.147735 0.132578 0.110477 0.0664285 0.0288275 0.010561 0.00348146 0.00094279 0.000204401 3.73015e-05 5.77274e-06 7.34678e-07 7.49448e-08 5.98235e-09
#obs catch len freq
 9.58919e-12 1.04127e-09 6.66632e-08 2.51621e-06 5.59951e-05 0.000734704 0.00568483 0.0259649 0.0703448 0.115765 0.128337 0.127621 0.139617 0.136837 0.106729 0.071129 0.0412367 0.0196299 0.00746715 0.00223722 0.000510616 8.54579e-05 1.01509e-05 8.31805e-07 4.58608e-08
 1.25194e-11 1.35946e-09 8.70337e-08 3.28509e-06 7.31054e-05 0.000959188 0.00742106 0.0338775 0.091539 0.148661 0.155515 0.131895 0.121723 0.11139 0.0856787 0.0567453 0.0322617 0.0148591 0.00543057 0.00156206 0.000343099 5.53005e-05 6.30414e-06 4.92246e-07 2.56353e-08
 1.17238e-11 1.27307e-09 8.15029e-08 3.07634e-06 6.846e-05 0.000898255 0.00695026 0.0317419 0.0859392 0.140829 0.15268 0.141505 0.140436 0.125258 0.0860089 0.0484923 0.0241666 0.010278 0.00354715 0.000964326 0.000199589 3.03017e-05 3.25887e-06 2.40349e-07 1.18145e-08
 1.20029e-11 1.30338e-09 8.34434e-08 3.14958e-06 7.00901e-05 0.000919643 0.00711576 0.032497 0.0879644 0.143926 0.154749 0.139782 0.135035 0.121129 0.0868704 0.0513369 0.0251646 0.00969803 0.00290282 0.000688746 0.000128145 1.78748e-05 1.78188e-06 1.22162e-07 5.59087e-09
 1.27718e-11 1.38687e-09 8.87886e-08 3.35134e-06 7.45799e-05 0.000978553 0.00757153 0.0345766 0.0935597 0.152745 0.162419 0.141579 0.130274 0.113286 0.0799616 0.047043 0.0232959 0.00915256 0.0027431 0.000618981 0.000103741 1.27154e-05 1.11883e-06 6.87937e-08 2.86323e-09
 1.25937e-11 1.36753e-09 8.75506e-08 3.30461e-06 7.35404e-05 0.000964927 0.00746653 0.0341053 0.0923761 0.151402 0.163119 0.146016 0.136198 0.11619 0.0783751 0.0432839 0.0201413 0.00753706 0.0021818 0.000479257 7.7645e-05 8.97551e-06 7.21342e-07 3.95437e-08 1.45428e-09
 1.30491e-11 1.41698e-09 9.07162e-08 3.4241e-06 7.61994e-05 0.000999819 0.00773656 0.0353385 0.0956991 0.156632 0.16747 0.146193 0.131949 0.111189 0.0757213 0.0422795 0.0194021 0.00695529 0.00189638 0.00039124 5.9882e-05 6.57367e-06 5.00667e-07 2.5734e-08 8.73164e-10
 1.30029e-11 1.41197e-09 9.03953e-08 3.41199e-06 7.59302e-05 0.0009963 0.00770974 0.0352235 0.0954635 0.156684 0.168891 0.149349 0.134843 0.111501 0.0736576 0.039704 0.0176826 0.00619455 0.00164386 0.000324819 4.67776e-05 4.78255e-06 3.38582e-07 1.62077e-08 5.12815e-10
 1.28718e-11 1.39772e-09 8.94835e-08 3.37758e-06 7.51647e-05 0.000986271 0.00763257 0.0348783 0.0946003 0.15566 0.168925 0.150833 0.136357 0.112158 0.0738086 0.0394176 0.0171178 0.00576633 0.0014625 0.000275862 3.78452e-05 3.6619e-06 2.42997e-07 1.08083e-08 3.16087e-10
 1.2765e-11 1.38613e-09 8.87412e-08 3.34956e-06 7.45416e-05 0.000978112 0.00756994 0.0346005 0.093927 0.154977 0.169373 0.152648 0.137921 0.11244 0.0733277 0.0386962 0.0164757 0.00539748 0.00131934 0.000237317 3.07735e-05 2.79991e-06 1.74193e-07 7.2431e-09 1.97271e-10
 1.26975e-11 1.3788e-09 8.82723e-08 3.33187e-06 7.41482e-05 0.00097297 0.00753069 0.0344299 0.0935434 0.154744 0.170148 0.154344 0.139002 0.112299 0.072664 0.0379262 0.0158367 0.00505142 0.00119496 0.000206486 2.55026e-05 2.1916e-06 1.27866e-07 4.95993e-09 1.25594e-10
 1.26399e-11 1.37255e-09 8.78718e-08 3.31676e-06 7.38123e-05 0.000968584 0.0074973 0.0342859 0.0932271 0.154568 0.170734 0.155353 0.139212 0.111847 0.0724212 0.0378235 0.015688 0.00493634 0.00114462 0.000192194 2.28385e-05 1.87109e-06 1.03251e-07 3.76232e-09 8.89865e-11
 1.26672e-11 1.37551e-09 8.80615e-08 3.32392e-06 7.39723e-05 0.000970707 0.00751437 0.0343734 0.0935428 0.155435 0.172392 0.157042 0.13947 0.110676 0.0709486 0.0366572 0.014998 0.00464802 0.00105884 0.000173649 1.99943e-05 1.57418e-06 8.28261e-08 2.85722e-09 6.35829e-11
 1.1933e-11 1.29578e-09 8.29575e-08 3.13128e-06 6.96864e-05 0.00091452 0.00708097 0.0324164 0.0884611 0.148346 0.168768 0.160513 0.146616 0.116233 0.0733451 0.0369887 0.0146902 0.00441012 0.000972348 0.000154115 1.71072e-05 1.29374e-06 6.50809e-08 2.13532e-09 4.4962e-11
 1.21693e-11 1.32145e-09 8.46006e-08 3.19331e-06 7.10674e-05 0.000932662 0.00722186 0.0330657 0.0902481 0.151254 0.171179 0.160176 0.143659 0.113601 0.0724138 0.0366537 0.0143289 0.0041635 0.000879798 0.000132983 1.40449e-05 1.00928e-06 4.81802e-08 1.4975e-09 2.98047e-11
 1.20162e-11 1.30482e-09 8.3536e-08 3.15314e-06 7.01747e-05 0.000921002 0.00713298 0.0326797 0.0893734 0.150649 0.172703 0.163983 0.146684 0.113484 0.0701556 0.0344308 0.0131174 0.00372432 0.000765023 0.000111182 1.1167e-05 7.57388e-07 3.39842e-08 9.90946e-10 1.84865e-11
 1.20367e-11 1.30705e-09 8.3679e-08 3.15856e-06 7.02961e-05 0.000922638 0.00714663 0.032755 0.0896689 0.151462 0.174018 0.164789 0.146226 0.112671 0.0695947 0.0338349 0.0125888 0.00345794 0.000684631 9.56976e-05 9.21073e-06 5.95138e-07 2.52643e-08 6.92506e-10 1.20849e-11
 1.25106e-11 1.35851e-09 8.69734e-08 3.28292e-06 7.30649e-05 0.000959015 0.00742914 0.0340578 0.093272 0.157522 0.180108 0.167423 0.143912 0.107161 0.0639197 0.0299608 0.0107427 0.00283935 0.00053844 7.16685e-05 6.5387e-06 3.99368e-07 1.59933e-08 4.12635e-10 6.75934e-12
 1.15947e-11 1.25905e-09 8.06066e-08 3.04264e-06 6.77204e-05 0.000889001 0.00689016 0.0316364 0.0870643 0.149136 0.176364 0.172216 0.152516 0.113346 0.0662346 0.0300835 0.0103806 0.0026297 0.000476364 6.0339e-05 5.2168e-06 3.00673e-07 1.13197e-08 2.73748e-10 4.19422e-12
 1.31669e-11 1.42977e-09 9.15365e-08 3.45519e-06 7.69011e-05 0.00100944 0.00782108 0.0358661 0.0982459 0.165588 0.186948 0.167724 0.138063 0.100494 0.0592609 0.0270313 0.00918001 0.00224812 0.000389073 4.6735e-05 3.81336e-06 2.06715e-07 7.29928e-09 1.65154e-10 2.36224e-12
 1.22425e-11 1.3294e-09 8.51108e-08 3.21272e-06 7.151e-05 0.000938898 0.00727997 0.0334616 0.0922969 0.15861 0.187149 0.17815 0.149297 0.103455 0.0560243 0.0235738 0.00757031 0.00178476 0.000297943 3.42433e-05 2.64673e-06 1.34842e-07 4.4522e-09 9.39057e-11 1.2497e-12
 1.15764e-11 1.25707e-09 8.0481e-08 3.03802e-06 6.7625e-05 0.000888026 0.00688855 0.031701 0.0877239 0.151955 0.182265 0.177866 0.153513 0.110082 0.0613207 0.025746 0.00792848 0.00174867 0.000271855 2.92782e-05 2.13385e-06 1.02665e-07 3.19258e-09 6.31323e-11 7.84159e-13
 1.21377e-11 1.31802e-09 8.43835e-08 3.18536e-06 7.09063e-05 0.000931159 0.00722367 0.0332434 0.0919304 0.158623 0.187626 0.177725 0.148313 0.104015 0.0572965 0.0238887 0.00728023 0.00156992 0.000234103 2.37183e-05 1.60558e-06 7.14317e-08 2.05611e-09 3.77384e-11 4.35985e-13
 1.18406e-11 1.28577e-09 8.23193e-08 3.10753e-06 6.91793e-05 0.000908678 0.00705345 0.0325109 0.0902604 0.157142 0.188788 0.181349 0.150965 0.103936 0.0558434 0.0227212 0.00678235 0.00143577 0.000209589 2.06112e-05 1.33773e-06 5.63126e-08 1.51614e-09 2.58145e-11 2.75353e-13
 1.18537e-11 1.28719e-09 8.24113e-08 3.11108e-06 6.92633e-05 0.000909946 0.00706645 0.0326053 0.090729 0.158599 0.191358 0.183539 0.151092 0.102156 0.053489 0.020992 0.00599538 0.00121072 0.000168735 1.58694e-05 9.8528e-07 3.9589e-08 1.01279e-09 1.62869e-11 1.63016e-13
 1.23267e-11 1.33856e-09 8.5701e-08 3.23534e-06 7.20336e-05 0.000946453 0.00735176 0.0339354 0.0944582 0.164872 0.197234 0.184997 0.147336 0.0961237 0.048442 0.0182009 0.00494681 0.000945303 0.000124089 1.09621e-05 6.38887e-07 2.4114e-08 5.80043e-10 8.7745e-12 8.25786e-14
 1.13822e-11 1.23601e-09 7.91373e-08 2.98779e-06 6.65356e-05 0.000874692 0.00680406 0.0315231 0.0885478 0.157775 0.19588 0.191506 0.155264 0.0999825 0.0487593 0.0175427 0.00453804 0.000821406 0.000101624 8.42044e-06 4.58486e-07 1.61239e-08 3.60849e-10 5.07626e-12 4.4434e-14
 1.28217e-11 1.39233e-09 8.91453e-08 3.36556e-06 7.49423e-05 0.000984943 0.00765493 0.0353673 0.0985301 0.171694 0.203099 0.185345 0.142645 0.0903302 0.0439544 0.0156284 0.00392352 0.000678564 7.93705e-05 6.17515e-06 3.14237e-07 1.02926e-08 2.13971e-10 2.79042e-12 2.26107e-14
#spawning biomass
 15660.7 22171.1 21168.4 24847.7 29739.8 38087.5 47880.3 62534.3 77679.8 86948.6 100296 119300 131116 115410 125815 127028 135169 133317 133702 140773 158704 136973 140192 140386 127609 134577 134866 115678 80578.4 144348 141123 116209 91607.1 73204.9 61037.4 53562.1 49188 46714.4 45349.6 44610.1 44214.9 44005.8 43895.8 43837.7 43808.1 43793 43785.2 43781.3 43779.3 43778.2 43777.7 43777.5 43777.3 43777.2 43777.2 43777.2 43777.2 43777.2 43777.2 43777.2 43777.2 43777.2 43777.2 43777.2 43777.2 43777.2 43777.2 43777.2 43777.2 43777.2 43777.2 43777.2 43777.2 43777.2 43777.2 43777.2 43777.2 43777.2 43777.2 43777.2 43777.2 43777.2 43777.2 43777.2 43777.2 43777.2 43777.2 43777.2 43777.2 43777.2 43777.2 43777.2 43777.2 43777.2 43777.2 43777.2 43777.2 43777.2 43777.2 43777.2 43777.2 43777.2 43777.2 43777.2 43777.2 43777.2 43777.2 43777.2 43777.2 43777.2 43777.2 43777.2 43777.2 43777.2 43777.2 43777.2 43777.2 43777.2 43777.2 43777.2 43777.2 43777.2 43777.2 43777.2 43777.2 43777.2 43777.2 43777.2 0 0 0 0 0 0 0 0 0 0 0 0 0 0 0 0 0 0 0 0 0 0 0 0 0
