SBPRF35
0.819782
Curr Bio
144144
B35
654828
F35
0.238396
FOFL
0.0526212
OFL
5022.66
Bzero
234224
#pred survey bio
 14873.2 14898 15255.5 19858.6 21218.6 24340.5 30233.1 46192.2 61642.2 75245.4 89404.2 115469 149408 180799 166792 145779 126449 124171 126427 121411 128180 131919 152505 158867 174749 182286 187340 164874 6.675e+06 5.98329e+06 6.59841e+06 6.2709e+06 5.5595e+06 4.77753e+06 4.0728e+06 3.49785e+06 3.05563e+06 2.72789e+06 2.49067e+06 2.32141e+06 2.20153e+06 2.11666e+06 2.05579e+06 2.01142e+06 1.98024e+06 1.95801e+06 1.94193e+06 1.93014e+06 1.92137e+06 1.91475e+06 1.90969e+06 1.90579e+06 1.90274e+06 1.90035e+06 1.89845e+06 1.89693e+06 1.89572e+06 1.89474e+06 1.89395e+06 1.89331e+06 1.89279e+06 1.89237e+06 1.89203e+06 1.89175e+06 1.89152e+06 1.89133e+06 1.89118e+06 1.89106e+06 1.89095e+06 1.89087e+06 1.8908e+06 1.89075e+06 1.8907e+06 1.89066e+06 1.89063e+06 1.89061e+06 1.89059e+06 1.89057e+06 1.89056e+06 1.89054e+06 1.89054e+06 1.89053e+06 1.89052e+06 1.89052e+06 1.89051e+06 1.89051e+06 1.89051e+06 1.8905e+06 1.8905e+06 1.8905e+06 1.8905e+06 1.8905e+06 1.8905e+06 1.8905e+06 1.8905e+06 1.8905e+06 1.8905e+06 1.8905e+06 1.8905e+06 1.89049e+06 1.89049e+06 1.89049e+06 1.89049e+06 1.89049e+06 1.89049e+06 1.89049e+06 1.89049e+06 1.89049e+06 1.89049e+06 1.89049e+06 1.89049e+06 1.89049e+06 1.89049e+06 1.89049e+06 1.89049e+06 1.89049e+06 1.89049e+06 1.89049e+06 1.89049e+06 1.89049e+06 1.89049e+06 1.89049e+06 1.89049e+06 1.89049e+06 1.89049e+06 1.89049e+06 1.89049e+06 1.89049e+06 0 0 0 0 0 0 0 0 0 0 0 0 0 0 0 0 0 0 0 0 0 0 0 0 0
#obs survey bio
 12480.5 10835.5 16792.4 23774.8 22086.2 22034.5 30543.5 57388.5 57411.2 50757.6 80411.2 132142 128001 162471 121630 87483.8 103330 110411 119256 92733 127190 190048 97780.8 143720 181086 159568 131730 129798
#pred catch bio
 7781.62 8766.16 8113.5 11483.6 11771.9 13986.1 15536.7 25345.8 36668.5 46594.8 51599.3 68114 89212.2 120225 110704 100343 84477 81736.2 87273.2 81148.6 88007 83980 105321 106356 119584 122845 136275 98541.9 5022.66 44965.1 56689.1 54546.8 47667.3 40100.7 33375.5 27974.9 23896.9 20941.6 18861 17426.6 16452.9 15798.8 15360.5 15067.2 14878 14756 14677.3 14626.5 14593.7 14572.6 14558.9 14550.2 14544.5 14540.8 14538.5 14536.9 14536 14535.3 14534.9 14534.7 14534.5 14534.4 14534.3 14534.3 14534.2 14534.2 14534.2 14534.2 14534.2 14534.2 14534.2 14534.2 14534.2 14534.2 14534.2 14534.2 14534.2 14534.2 14534.2 14534.2 14534.2 14534.2 14534.2 14534.2 14534.2 14534.2 14534.2 14534.2 14534.2 14534.2 14534.2 14534.2 14534.2 14534.2 14534.2 14534.2 14534.2 14534.2 14534.2 14534.2 14534.2 14534.2 14534.2 14534.2 14534.2 14534.2 14534.2 14534.2 14534.2 14534.2 14534.2 14534.2 14534.2 14534.2 14534.2 14534.2 14534.2 14534.2 14534.2 14534.2 14534.2 14534.2 14534.2 14534.2 14534.2 14534.2 14534.2 14534.2 0 0 0 0 0 0 0 0 0 0 0 0 0 0 0 0 0 0 0 0 0 0 0 0 0
#obs catch bio
 7271.2 9058.75 8121.45 10055.5 11423.9 13089.7 14346 21819.8 31977.6 43775.4 47924.8 59243.1 82024.3 109190 118045 101667 79435.1 75504.8 77543.2 80074.6 79585.7 68854.4 95179.3 94953.3 99587.9 108182 124675 93084.6
#pred cpue bio
 9845.72 9767.19 9079.35 11293.8 12706.8 14421.4 16704.3 24811.9 34165.4 41041.5 47864.4 62803.3 79737.6 99087.2 94901.6 85191 70765.4 67840.2 69048.7 64759.6 67762.6 68648.1 81040.2 81580.2 90725.7 94741.2 99777.1 86147 3.74868e+06 4.82164e+06 6.20716e+06 6.05777e+06 5.37062e+06 4.59145e+06 3.88703e+06 3.31211e+06 2.86989e+06 2.54215e+06 2.30493e+06 2.13567e+06 2.01579e+06 1.93092e+06 1.87005e+06 1.82569e+06 1.7945e+06 1.77227e+06 1.7562e+06 1.7444e+06 1.73563e+06 1.72901e+06 1.72396e+06 1.72005e+06 1.71701e+06 1.71461e+06 1.71271e+06 1.7112e+06 1.70998e+06 1.709e+06 1.70822e+06 1.70758e+06 1.70706e+06 1.70663e+06 1.70629e+06 1.70601e+06 1.70578e+06 1.7056e+06 1.70544e+06 1.70532e+06 1.70522e+06 1.70513e+06 1.70506e+06 1.70501e+06 1.70496e+06 1.70493e+06 1.70489e+06 1.70487e+06 1.70485e+06 1.70483e+06 1.70482e+06 1.70481e+06 1.7048e+06 1.70479e+06 1.70478e+06 1.70478e+06 1.70478e+06 1.70477e+06 1.70477e+06 1.70477e+06 1.70477e+06 1.70476e+06 1.70476e+06 1.70476e+06 1.70476e+06 1.70476e+06 1.70476e+06 1.70476e+06 1.70476e+06 1.70476e+06 1.70476e+06 1.70476e+06 1.70476e+06 1.70476e+06 1.70476e+06 1.70476e+06 1.70476e+06 1.70476e+06 1.70476e+06 1.70476e+06 1.70476e+06 1.70476e+06 1.70476e+06 1.70476e+06 1.70476e+06 1.70476e+06 1.70476e+06 1.70476e+06 1.70476e+06 1.70476e+06 1.70476e+06 1.70476e+06 1.70476e+06 1.70476e+06 1.70476e+06 1.70476e+06 1.70476e+06 1.70476e+06 1.70476e+06 1.70476e+06 0 0 0 0 0 0 0 0 0 0 0 0 0 0 0 0 0 0 0 0 0 0 0 0 0
#obs cpue bio
 7186.56 10533.1 10810.6 17130.7 12518.4 21392.5 25284.7 40435.8 58694.6 64949.1 70419.1 116255 107001 161856 75299.7 162056 118768 107521 121863 75051.8 124650 119293 154516 144685 200503 155032 201778 140496
#pred surv len freq
 1.4808e-11 1.60727e-09 1.02865e-07 3.88181e-06 8.6375e-05 0.00113328 0.00876827 0.0400205 0.107966 0.173853 0.175138 0.132193 0.103642 0.0846905 0.0587911 0.0369038 0.0236836 0.0154928 0.0104489 0.00744877 0.00571843 0.00479115 0.00415207 0.00320367 0.00187094
 1.18641e-11 1.28773e-09 8.24148e-08 3.11008e-06 6.92035e-05 0.000908 0.00702598 0.032085 0.0867883 0.14161 0.151408 0.137247 0.135716 0.121713 0.0828652 0.0471561 0.0256629 0.0132373 0.00666086 0.0035953 0.00218624 0.00152322 0.0011733 0.000862965 0.00050229
 1.55605e-11 1.68894e-09 1.08092e-07 4.07906e-06 9.07641e-05 0.00119087 0.00921372 0.0420516 0.113418 0.182404 0.18269 0.135178 0.103063 0.084464 0.0613599 0.0403027 0.0240221 0.0118929 0.00498472 0.00197062 0.000817907 0.000399066 0.000239794 0.000155618 8.65384e-05
 1.54063e-11 1.67221e-09 1.07021e-07 4.03865e-06 8.98651e-05 0.00117907 0.00912267 0.0416401 0.112364 0.181165 0.183578 0.1413 0.113619 0.0921012 0.0596944 0.0322435 0.016943 0.00861928 0.00395378 0.00156544 0.000533596 0.000172953 6.47539e-05 3.06534e-05 1.48782e-05
 1.34935e-11 1.46459e-09 9.37336e-08 3.53722e-06 7.87077e-05 0.00103269 0.00799052 0.036482 0.0985769 0.159998 0.167126 0.141686 0.129736 0.111845 0.0735158 0.0391937 0.0192598 0.00847625 0.00326478 0.00117643 0.000397034 0.000118072 3.14165e-05 8.81825e-06 2.94924e-06
 1.49154e-11 1.61892e-09 1.03611e-07 3.90995e-06 8.70013e-05 0.0011415 0.00883196 0.0403135 0.108788 0.17543 0.177922 0.137464 0.111838 0.0935387 0.0656223 0.0402395 0.0224995 0.0104842 0.00398049 0.0013037 0.000381179 0.000100859 2.40015e-05 5.08984e-06 1.04301e-06
 1.60678e-11 1.744e-09 1.11616e-07 4.21204e-06 9.37232e-05 0.00122969 0.00951416 0.0434239 0.117134 0.188499 0.189338 0.141381 0.108498 0.0860352 0.0559224 0.0305566 0.0158978 0.00765412 0.00321776 0.00115324 0.000341796 8.37508e-05 1.74418e-05 3.14365e-06 4.93476e-07
 1.65262e-11 1.79376e-09 1.148e-07 4.3322e-06 9.63969e-05 0.00126477 0.00978549 0.0446605 0.120446 0.193637 0.193591 0.142158 0.106056 0.0825954 0.0530605 0.0283753 0.014147 0.00636884 0.00249981 0.000885004 0.000278452 7.34199e-05 1.5534e-05 2.60827e-06 3.52191e-07
 1.53799e-11 1.66935e-09 1.06838e-07 4.03173e-06 8.97111e-05 0.00117706 0.0091071 0.0415704 0.112194 0.181033 0.184114 0.14343 0.117243 0.0952289 0.0604075 0.0306641 0.0143341 0.00611697 0.00226012 0.000739525 0.000216559 5.57124e-05 1.21524e-05 2.12828e-06 2.86156e-07
 1.59612e-11 1.73244e-09 1.10876e-07 4.18411e-06 9.31017e-05 0.00122154 0.00945113 0.0431374 0.116377 0.187412 0.188859 0.142623 0.111359 0.0888211 0.0570827 0.0300472 0.0144631 0.00608192 0.00211349 0.000634528 0.000170013 4.01082e-05 8.17289e-06 1.3949e-06 1.89954e-07
 1.607e-11 1.74424e-09 1.11631e-07 4.21262e-06 9.37361e-05 0.00122986 0.00951554 0.0434316 0.117175 0.188729 0.190335 0.144092 0.112723 0.0892394 0.0557318 0.0276219 0.012484 0.00511631 0.00177851 0.000528812 0.000135065 2.92846e-05 5.40537e-06 8.42902e-07 1.07782e-07
 1.58465e-11 1.71999e-09 1.10079e-07 4.15404e-06 9.24326e-05 0.00121276 0.00938325 0.0428285 0.115557 0.186195 0.188122 0.143335 0.113379 0.0907119 0.0576398 0.0295193 0.0137564 0.00563827 0.00190504 0.000548082 0.000137488 2.93249e-05 5.18656e-06 7.48932e-07 8.72308e-08
 1.63311e-11 1.77258e-09 1.13445e-07 4.28106e-06 9.52589e-05 0.00124984 0.00967005 0.0441352 0.11905 0.191562 0.192314 0.143307 0.109427 0.0858916 0.0543309 0.0278592 0.0130698 0.00543741 0.00187826 0.000548421 0.000136372 2.83397e-05 4.87756e-06 6.83926e-07 7.59858e-08
 1.54558e-11 1.67757e-09 1.07365e-07 4.0516e-06 9.01533e-05 0.00118286 0.009152 0.0417753 0.112747 0.181929 0.185037 0.144169 0.117789 0.095365 0.0598556 0.0296246 0.0133161 0.00540133 0.00184886 0.000541152 0.000136149 2.8602e-05 4.90697e-06 6.74873e-07 7.28947e-08
 1.43131e-11 1.55355e-09 9.94272e-08 3.75208e-06 8.34885e-05 0.00109542 0.00847572 0.0386942 0.104512 0.169293 0.175244 0.144485 0.127488 0.106987 0.0675615 0.033206 0.0146454 0.00572806 0.00184501 0.000502627 0.000120083 2.46803e-05 4.22404e-06 5.82562e-07 6.26479e-08
 1.40244e-11 1.52221e-09 9.74213e-08 3.67638e-06 8.18042e-05 0.00107332 0.00830474 0.037914 0.10241 0.165928 0.171956 0.142325 0.126516 0.107628 0.0704005 0.0372165 0.0177949 0.00727093 0.00236522 0.000634092 0.000145046 2.80191e-05 4.52979e-06 6.04028e-07 6.41804e-08
 1.52243e-11 1.65245e-09 1.05757e-07 3.99092e-06 8.88031e-05 0.00116514 0.00901495 0.0411501 0.111065 0.17926 0.182535 0.142805 0.11757 0.0962445 0.0619631 0.0323134 0.0153886 0.00642486 0.00219778 0.000625698 0.000148532 2.86846e-05 4.48207e-06 5.65929e-07 5.6947e-08
 1.55296e-11 1.68559e-09 1.07877e-07 4.07095e-06 9.05839e-05 0.00118851 0.00919569 0.0419744 0.113279 0.182747 0.185678 0.144172 0.117205 0.094665 0.0594021 0.0294099 0.0132003 0.00531921 0.00179581 0.000515252 0.000126482 2.56823e-05 4.18549e-06 5.34927e-07 5.26657e-08
 1.54697e-11 1.67909e-09 1.07462e-07 4.05527e-06 9.02348e-05 0.00118393 0.00916027 0.0418131 0.11285 0.1821 0.185234 0.144382 0.11802 0.0955277 0.0598424 0.0294321 0.013021 0.00510852 0.00164962 0.000449116 0.000106414 2.14916e-05 3.58338e-06 4.76454e-07 4.86637e-08
 1.58819e-11 1.72383e-09 1.10325e-07 4.16331e-06 9.2639e-05 0.00121547 0.00940425 0.0429251 0.115828 0.18672 0.189063 0.145084 0.11578 0.0922229 0.0568418 0.0271062 0.0115196 0.00437274 0.00136674 0.000355981 7.97829e-05 1.52005e-05 2.42226e-06 3.16518e-07 3.27002e-08
 1.60884e-11 1.74624e-09 1.11759e-07 4.21744e-06 9.38435e-05 0.00123127 0.00952647 0.043482 0.117317 0.189008 0.190853 0.145084 0.114123 0.0902165 0.0554957 0.0264415 0.0112035 0.00421447 0.00129217 0.000326561 7.05349e-05 1.28584e-05 1.94193e-06 2.39828e-07 2.36883e-08
 1.62973e-11 1.76892e-09 1.1321e-07 4.27221e-06 9.50621e-05 0.00124726 0.00965014 0.0440458 0.118829 0.191372 0.192894 0.145718 0.113409 0.0888145 0.0538411 0.0248566 0.0100946 0.00368095 0.00110497 0.000273025 5.7355e-05 1.01047e-05 1.46388e-06 1.72223e-07 1.61186e-08
 1.59914e-11 1.73571e-09 1.11085e-07 4.19201e-06 9.32776e-05 0.00122385 0.00946904 0.0432202 0.116616 0.187923 0.189964 0.144954 0.11471 0.0910561 0.0562398 0.0269879 0.0115125 0.00432063 0.00130401 0.000320003 6.64314e-05 1.15216e-05 1.63241e-06 1.86219e-07 1.67545e-08
 1.66127e-11 1.80314e-09 1.15401e-07 4.35487e-06 9.69014e-05 0.00127139 0.00983678 0.0448961 0.121102 0.194859 0.195596 0.145629 0.110734 0.085624 0.0517536 0.0239059 0.00972911 0.00355862 0.00107225 0.000265277 5.52684e-05 9.51646e-06 1.32745e-06 1.48398e-07 1.30281e-08
 1.62809e-11 1.76714e-09 1.13097e-07 4.26792e-06 9.49665e-05 0.00124601 0.00964045 0.0440018 0.118714 0.191211 0.192849 0.145985 0.113953 0.0892621 0.0538705 0.0245649 0.00978254 0.00349361 0.00102299 0.000244929 4.98973e-05 8.54781e-06 1.19487e-06 1.33228e-07 1.15649e-08
 1.62724e-11 1.76622e-09 1.13038e-07 4.26569e-06 9.49169e-05 0.00124535 0.00963542 0.0439788 0.118651 0.19111 0.192745 0.145902 0.113897 0.089275 0.0539912 0.0247369 0.00989872 0.00352596 0.00101701 0.000236604 4.64505e-05 7.66556e-06 1.03958e-06 1.13965e-07 9.83364e-09
 1.57342e-11 1.7078e-09 1.09299e-07 4.1246e-06 9.17775e-05 0.00120417 0.00931685 0.0425273 0.11477 0.185137 0.188033 0.145778 0.11804 0.0944328 0.0576541 0.0267345 0.0108729 0.00392624 0.00114526 0.000268957 5.28095e-05 8.57722e-06 1.12856e-06 1.19331e-07 9.97105e-09
 1.60588e-11 1.74303e-09 1.11553e-07 4.20968e-06 9.36707e-05 0.001229 0.00950897 0.0434029 0.117115 0.188773 0.191035 0.146293 0.116214 0.0917705 0.0552622 0.0249128 0.00973395 0.00340565 0.000971671 0.000223621 4.32373e-05 6.96744e-06 9.10217e-07 9.47751e-08 7.71248e-09
#obs surv len freq
 1.15885e-11 1.25783e-09 8.05008e-08 3.03786e-06 6.75965e-05 0.000886919 0.00686295 0.031342 0.0847849 0.138304 0.147326 0.131534 0.128666 0.12011 0.0918919 0.0602464 0.034173 0.0158201 0.00583282 0.00169798 0.000379697 6.29541e-05 7.48444e-06 6.18343e-07 3.45155e-08
 8.31441e-12 9.02451e-10 5.77568e-08 2.17957e-06 4.84988e-05 0.000636371 0.00492528 0.0225163 0.0612129 0.102162 0.119008 0.130357 0.151618 0.149285 0.114702 0.0744063 0.0413991 0.0186935 0.00668347 0.00187279 0.000399973 6.28546e-05 7.03258e-06 5.43444e-07 2.82282e-08
 1.84973e-11 2.00771e-09 1.28493e-07 4.84892e-06 0.000107894 0.00141561 0.0109522 0.0499747 0.134622 0.215085 0.208372 0.134856 0.0784241 0.0562757 0.0448841 0.0327821 0.0193963 0.00877812 0.0030537 0.000821559 0.000167186 2.4875e-05 2.61919e-06 1.89434e-07 9.16674e-09
 8.43641e-12 9.15693e-10 5.86043e-08 2.21156e-06 4.92113e-05 0.000645754 0.00499912 0.0228788 0.0624952 0.106348 0.131668 0.157498 0.184458 0.162516 0.0966866 0.0425264 0.0170841 0.00687833 0.00244152 0.000670173 0.000134118 1.90907e-05 1.89542e-06 1.2831e-07 5.78496e-09
 1.41444e-11 1.53524e-09 9.82551e-08 3.70784e-06 8.25046e-05 0.00108252 0.00837602 0.0382393 0.10325 0.166722 0.16913 0.129055 0.104044 0.0958966 0.0829153 0.0581634 0.0295258 0.0103031 0.00258727 0.00052178 8.88957e-05 1.19028e-05 1.13811e-06 7.34874e-08 3.11798e-09
 1.19603e-11 1.29817e-09 8.30831e-08 3.13531e-06 6.97657e-05 0.00091542 0.00708478 0.0323789 0.0878458 0.144839 0.159255 0.148888 0.143124 0.120401 0.0780644 0.0426784 0.0215275 0.0092215 0.00294235 0.000651215 9.87186e-05 1.05208e-05 8.12828e-07 4.53337e-08 1.75203e-09
 1.6456e-11 1.78614e-09 1.14313e-07 4.31382e-06 9.59885e-05 0.00125944 0.00974507 0.0444904 0.120122 0.193786 0.195179 0.143318 0.103102 0.0791006 0.0550069 0.0322035 0.0151356 0.00548839 0.00155349 0.000344835 5.68371e-05 6.48096e-06 4.90416e-07 2.43451e-08 7.95584e-10
 1.34805e-11 1.46318e-09 9.36435e-08 3.53383e-06 7.86336e-05 0.00103179 0.0079855 0.0364952 0.0989797 0.162731 0.176073 0.156089 0.138629 0.108625 0.0646547 0.0304875 0.0124095 0.00428211 0.00116643 0.000239114 3.59373e-05 3.86889e-06 2.89058e-07 1.44392e-08 4.67043e-10
 1.42346e-11 1.54504e-09 9.88822e-08 3.73152e-06 8.30323e-05 0.00108949 0.00843167 0.0385239 0.104345 0.170508 0.180011 0.149765 0.125235 0.100134 0.0661324 0.0351968 0.0146886 0.00457809 0.00106037 0.000187187 2.51312e-05 2.46606e-06 1.69047e-07 7.827e-09 2.38744e-10
 1.42185e-11 1.54328e-09 9.87701e-08 3.7273e-06 8.29387e-05 0.00108828 0.00842287 0.0384934 0.104358 0.171067 0.182244 0.153877 0.12847 0.0993246 0.0621741 0.0316736 0.0132124 0.00428087 0.00102557 0.000176958 2.16429e-05 1.85812e-06 1.11034e-07 4.54712e-09 1.24673e-10
 1.28074e-11 1.39012e-09 8.89676e-08 3.35739e-06 7.47085e-05 0.000980336 0.00758882 0.0347071 0.0943616 0.156341 0.172469 0.156948 0.140617 0.111506 0.0698302 0.0349741 0.014054 0.00434786 0.00100468 0.000170373 2.06331e-05 1.72657e-06 9.7233e-08 3.62283e-09 8.8312e-11
 1.41302e-11 1.5337e-09 9.81568e-08 3.70416e-06 8.24245e-05 0.00108157 0.00837171 0.0382718 0.103857 0.170668 0.182574 0.154088 0.127392 0.0987687 0.0634503 0.0328942 0.0133656 0.0040634 0.000903865 0.000145824 1.67676e-05 1.33882e-06 7.23003e-08 2.57972e-09 5.96331e-11
 1.35761e-11 1.47356e-09 9.4308e-08 3.55893e-06 7.91939e-05 0.00103922 0.00804536 0.0368035 0.100106 0.16584 0.181725 0.160421 0.136095 0.102535 0.0616081 0.0297478 0.0115747 0.00347138 0.00076879 0.000122137 1.35694e-05 1.0303e-06 5.24426e-08 1.75901e-09 3.82523e-11
 1.13691e-11 1.23401e-09 7.89768e-08 2.98039e-06 6.63222e-05 0.000870412 0.00674128 0.0308861 0.0844936 0.142814 0.166088 0.16403 0.15367 0.121405 0.0746222 0.0360293 0.0135371 0.00381869 0.0007918 0.000119118 1.26944e-05 9.28645e-07 4.53309e-08 1.44508e-09 2.96056e-11
 9.26409e-12 1.00553e-09 6.43545e-08 2.42861e-06 5.40456e-05 0.000709399 0.00549719 0.0252347 0.0695039 0.120151 0.148437 0.161767 0.164956 0.139367 0.0921245 0.0474067 0.0183941 0.00518548 0.00104529 0.000149379 1.49032e-05 1.01684e-06 4.64574e-08 1.39315e-09 2.69239e-11
 1.21448e-11 1.31821e-09 8.43656e-08 3.18376e-06 7.08477e-05 0.000929794 0.00720053 0.0329727 0.089961 0.150284 0.167841 0.15295 0.136485 0.113724 0.0793898 0.0436679 0.0179408 0.00530067 0.00110336 0.000159002 1.55644e-05 1.01718e-06 4.37473e-08 1.22237e-09 2.19184e-11
 1.17127e-11 1.27131e-09 8.13643e-08 3.07053e-06 6.83307e-05 0.000896885 0.00694895 0.0318717 0.087424 0.148503 0.172963 0.166938 0.148861 0.113052 0.0690785 0.0344393 0.0137541 0.00415182 0.000897385 0.000133564 1.33091e-05 8.69927e-07 3.6734e-08 9.90067e-10 1.68645e-11
 1.24134e-11 1.34736e-09 8.62319e-08 3.25423e-06 7.24189e-05 0.000950546 0.00736445 0.033769 0.0925075 0.156251 0.178569 0.165976 0.14347 0.10843 0.0659457 0.0314176 0.0114415 0.00311231 0.000621843 8.88481e-05 8.734e-06 5.69228e-07 2.39297e-08 6.37037e-10 1.06073e-11
 1.16755e-11 1.26727e-09 8.1106e-08 3.06083e-06 6.81183e-05 0.000894233 0.00693156 0.0318335 0.0876266 0.150074 0.177151 0.172151 0.151555 0.112223 0.0656434 0.0300411 0.0105133 0.00271471 0.000503648 6.58018e-05 5.92538e-06 3.59016e-07 1.42825e-08 3.64792e-10 5.8717e-12
 1.20961e-11 1.31292e-09 8.40281e-08 3.17112e-06 7.05738e-05 0.000926497 0.00718205 0.0329849 0.0907561 0.154976 0.180864 0.171551 0.147683 0.108654 0.0634379 0.0285256 0.00958713 0.00233913 0.000406351 4.93489e-05 4.09693e-06 2.27245e-07 8.25457e-09 1.93085e-10 2.86652e-12
 1.28083e-11 1.39022e-09 8.89757e-08 3.35786e-06 7.47308e-05 0.000981104 0.00760584 0.0349325 0.0960738 0.163558 0.188484 0.173178 0.142602 0.100653 0.056721 0.0247529 0.00810168 0.00191849 0.000319817 3.67284e-05 2.84681e-06 1.46089e-07 4.87916e-09 1.04483e-10 1.41619e-12
 1.21406e-11 1.31776e-09 8.43388e-08 3.18295e-06 7.08432e-05 0.000930272 0.0072165 0.0332079 0.091828 0.158568 0.188298 0.179654 0.149852 0.103242 0.0554263 0.0228075 0.00703861 0.00157782 0.00024975 2.72283e-05 1.99574e-06 9.62129e-08 2.99627e-09 5.94205e-11 7.41847e-13
 1.2805e-11 1.38987e-09 8.89541e-08 3.35715e-06 7.4721e-05 0.000981197 0.00761115 0.0350108 0.0966417 0.165751 0.192967 0.177634 0.143643 0.098021 0.0525326 0.0212693 0.00630654 0.001333 0.000197066 2.00198e-05 1.36884e-06 6.1643e-08 1.79333e-09 3.3174e-11 3.85308e-13
 1.20622e-11 1.30926e-09 8.3796e-08 3.1626e-06 7.03987e-05 0.00092473 0.0071795 0.0331067 0.0919925 0.160372 0.192792 0.184214 0.150522 0.1002 0.05152 0.0200215 0.00573027 0.00116872 0.000165222 1.5842e-05 1.01084e-06 4.21913e-08 1.13456e-09 1.93946e-11 2.08306e-13
 1.21828e-11 1.32235e-09 8.46345e-08 3.19431e-06 7.11082e-05 0.000934157 0.00725453 0.0334688 0.0930585 0.162211 0.194257 0.183868 0.149047 0.0991393 0.0508125 0.0193626 0.0053288 0.00103236 0.000138009 1.24954e-05 7.51095e-07 2.94001e-08 7.37179e-10 1.16863e-11 1.15919e-13
 1.07618e-11 1.16812e-09 7.47654e-08 2.82206e-06 6.28357e-05 0.000825991 0.00642532 0.0297773 0.0837701 0.150132 0.189503 0.191048 0.160609 0.107033 0.0540341 0.020182 0.0054288 0.00102132 0.000131188 1.12835e-05 6.3858e-07 2.34045e-08 5.47766e-10 8.08796e-12 7.45671e-14
 1.08971e-11 1.18281e-09 7.57067e-08 2.85766e-06 6.36319e-05 0.00083655 0.00650857 0.0301665 0.0848115 0.151469 0.189397 0.188736 0.158674 0.107319 0.0549786 0.0205125 0.00540839 0.000984198 0.000121357 9.96603e-06 5.35589e-07 1.85301e-08 4.07025e-10 5.61261e-12 4.81448e-14
 1.12435e-11 1.22043e-09 7.81158e-08 2.94873e-06 6.56666e-05 0.000863501 0.00672158 0.0311827 0.0877851 0.156829 0.194929 0.190416 0.155013 0.101381 0.0505394 0.0184967 0.00480367 0.000858531 0.000103064 8.15142e-06 4.17893e-07 1.36943e-08 2.8346e-10 3.66898e-12 2.94438e-14
#pred catch len freq
 1.02185e-11 1.10912e-09 7.09839e-08 2.67871e-06 5.9605e-05 0.000782064 0.00605159 0.0276376 0.0747891 0.12228 0.13191 0.122603 0.125168 0.116502 0.086117 0.0575321 0.0387265 0.0259292 0.0176708 0.0126524 0.00972799 0.00815409 0.00706714 0.005453 0.00318455
 7.86308e-12 8.53462e-10 5.46215e-08 2.06125e-06 4.58659e-05 0.000601818 0.00465773 0.021292 0.0578945 0.0968884 0.114865 0.132106 0.159845 0.15473 0.109665 0.065551 0.0372602 0.019669 0.010013 0.00543713 0.00331396 0.00231049 0.00177999 0.00130922 0.000762036
 1.13101e-11 1.2276e-09 7.85665e-08 2.96486e-06 6.59721e-05 0.0008656 0.00669782 0.0305847 0.0827065 0.134761 0.143234 0.127984 0.126162 0.11827 0.0916175 0.063524 0.0392183 0.0197423 0.00835596 0.00332589 0.00138551 0.000676979 0.000406948 0.000264114 0.000146874
 1.15978e-11 1.25883e-09 8.05647e-08 3.04027e-06 6.765e-05 0.00088762 0.00686838 0.0313676 0.0848785 0.138742 0.149495 0.138352 0.139642 0.1259 0.0852798 0.0481678 0.0263967 0.0137348 0.00636258 0.00253082 0.000864612 0.000280577 0.000105109 4.97652e-05 2.41551e-05
 9.39744e-12 1.02e-09 6.528e-08 2.46347e-06 5.48157e-05 0.00071924 0.00556606 0.0254341 0.069017 0.114379 0.1305 0.138617 0.157972 0.148706 0.101804 0.0568997 0.0292389 0.0131886 0.00514344 0.00186744 0.000632672 0.000188434 5.01687e-05 1.40854e-05 4.71124e-06
 1.09219e-11 1.18547e-09 7.58696e-08 2.86309e-06 6.37076e-05 0.000835893 0.00646816 0.0295407 0.0799479 0.130787 0.141426 0.132301 0.136041 0.127217 0.0940049 0.0604817 0.0350154 0.0165911 0.00635561 0.00209432 0.000614557 0.000162897 3.87942e-05 8.22927e-06 1.68653e-06
 1.19976e-11 1.30222e-09 8.3342e-08 3.14507e-06 6.99821e-05 0.000918215 0.00710501 0.0324455 0.0877579 0.143148 0.15285 0.138063 0.136096 0.122172 0.083716 0.0481773 0.0262543 0.0129554 0.0055095 0.00198652 0.000590568 0.000144932 3.02077e-05 5.44666e-06 8.55132e-07
 1.27932e-11 1.38858e-09 8.88687e-08 3.35363e-06 7.46228e-05 0.0009791 0.00757595 0.0345921 0.093509 0.152086 0.160329 0.139684 0.132274 0.116492 0.0786625 0.0440359 0.0228774 0.0105315 0.00417912 0.00148888 0.000469967 0.000124088 2.62696e-05 4.41204e-06 5.95825e-07
 1.17484e-11 1.27518e-09 8.16114e-08 3.07976e-06 6.8529e-05 0.000899154 0.00695766 0.0317762 0.0859972 0.140674 0.152051 0.141838 0.144009 0.129111 0.0851404 0.0449227 0.0218347 0.00953021 0.00355909 0.00117156 0.000344185 8.86779e-05 1.93554e-05 3.39062e-06 4.5593e-07
 1.25817e-11 1.36562e-09 8.73996e-08 3.29819e-06 7.33892e-05 0.000962917 0.00745081 0.0340225 0.0919949 0.149828 0.158905 0.140825 0.135802 0.120096 0.0803575 0.0438747 0.0218382 0.00935197 0.00327839 0.000989634 0.000266021 6.28561e-05 1.2817e-05 2.18814e-06 2.98008e-07
 1.24784e-11 1.35441e-09 8.66819e-08 3.27111e-06 7.27866e-05 0.000955012 0.00738972 0.0337454 0.0912697 0.148843 0.158766 0.142908 0.139807 0.123208 0.0801539 0.0412958 0.0194277 0.00815347 0.00286609 0.000857567 0.00021982 4.77465e-05 8.82068e-06 1.37603e-06 1.75982e-07
 1.2269e-11 1.33168e-09 8.52276e-08 3.21623e-06 7.15654e-05 0.00093899 0.00726577 0.03318 0.0897493 0.146434 0.156527 0.141743 0.139733 0.124158 0.0821978 0.0437697 0.0211812 0.00886751 0.00302655 0.000876151 0.000220613 4.71423e-05 8.34493e-06 1.20547e-06 1.4043e-07
 1.29039e-11 1.4006e-09 8.96382e-08 3.38267e-06 7.52689e-05 0.000987578 0.00764157 0.0348922 0.0943275 0.153474 0.162057 0.141811 0.134713 0.117939 0.0777997 0.0414322 0.0201547 0.00855732 0.00298451 0.000876377 0.00021865 4.55148e-05 7.83999e-06 1.09975e-06 1.22206e-07
 1.23448e-11 1.33991e-09 8.5754e-08 3.23609e-06 7.20074e-05 0.000944791 0.00731067 0.0333854 0.0903105 0.147394 0.157755 0.143314 0.141511 0.124977 0.0809726 0.0412609 0.0191158 0.00789441 0.00272488 0.000801286 0.000202132 4.25191e-05 7.29906e-06 1.00416e-06 1.08476e-07
 1.10275e-11 1.19693e-09 7.66036e-08 2.89078e-06 6.4324e-05 0.000843987 0.00653102 0.0298334 0.0808162 0.13282 0.146436 0.143602 0.152582 0.138326 0.0899442 0.0455467 0.0207397 0.00826845 0.00268716 0.000735926 0.000176399 3.63149e-05 6.21993e-06 8.58113e-07 9.22939e-08
 1.0837e-11 1.17625e-09 7.52801e-08 2.84084e-06 6.32127e-05 0.000829405 0.00641817 0.0293176 0.0794145 0.130481 0.143702 0.140622 0.14957 0.13717 0.0924649 0.0503734 0.0247686 0.0102739 0.00336574 0.00090638 0.000207939 4.02312e-05 6.50901e-06 8.68259e-07 9.22708e-08
 1.20604e-11 1.30904e-09 8.37782e-08 3.16153e-06 7.03484e-05 0.000923023 0.00714227 0.032617 0.088241 0.144089 0.154561 0.141311 0.140743 0.125723 0.0836936 0.04502 0.0220751 0.00936587 0.00322796 0.000923067 0.000219702 4.24869e-05 6.64332e-06 8.39121e-07 8.44518e-08
 1.23838e-11 1.34414e-09 8.60246e-08 3.2463e-06 7.22346e-05 0.000947771 0.00733373 0.0334905 0.0905912 0.147824 0.158087 0.143301 0.141185 0.124612 0.0807784 0.041204 0.019073 0.00782749 0.00266518 0.000768379 0.000189145 3.84592e-05 6.27185e-06 8.01827e-07 7.89552e-08
 1.25605e-11 1.36332e-09 8.72526e-08 3.29264e-06 7.32657e-05 0.000961299 0.00743837 0.0339675 0.0918697 0.149815 0.159774 0.143728 0.140436 0.123407 0.0796067 0.0401784 0.0182571 0.0072779 0.00236752 0.000647328 0.000153783 3.10998e-05 5.18854e-06 6.9007e-07 7.04907e-08
 1.29075e-11 1.40099e-09 8.9663e-08 3.3836e-06 7.52897e-05 0.000987853 0.00764377 0.0349039 0.0943807 0.153736 0.163144 0.144726 0.139174 0.121055 0.076947 0.0376845 0.0164864 0.00637263 0.00200856 0.000525635 0.000118156 2.25467e-05 3.59559e-06 4.7e-07 4.85643e-08
 1.32972e-11 1.44329e-09 9.23702e-08 3.48577e-06 7.75629e-05 0.00101768 0.00787444 0.0359549 0.0971912 0.15806 0.166552 0.144806 0.136166 0.11734 0.0743573 0.036305 0.0157924 0.00603885 0.00186549 0.000473463 0.000102545 1.87214e-05 2.82938e-06 3.49545e-07 3.45307e-08
 1.32052e-11 1.4333e-09 9.17311e-08 3.46165e-06 7.70263e-05 0.00101064 0.00782001 0.0357074 0.096536 0.157106 0.166064 0.14566 0.138211 0.11912 0.0746394 0.0354399 0.0148654 0.00553766 0.00167889 0.000417121 8.79347e-05 1.55219e-05 2.25078e-06 2.64921e-07 2.47997e-08
 1.32069e-11 1.43348e-09 9.17425e-08 3.46208e-06 7.70359e-05 0.00101076 0.00782095 0.0357111 0.0965379 0.157045 0.165699 0.144618 0.136613 0.118064 0.0750977 0.0369254 0.0161632 0.00616288 0.00187349 0.000461665 9.61045e-05 1.66934e-05 2.36693e-06 2.70108e-07 2.43065e-08
 1.38319e-11 1.50132e-09 9.60842e-08 3.62592e-06 8.06815e-05 0.00105859 0.00819091 0.0373972 0.101054 0.164048 0.171487 0.145633 0.133124 0.112934 0.0704309 0.0333418 0.01395 0.00519638 0.00157895 0.000392426 8.19948e-05 1.41405e-05 1.97399e-06 2.20762e-07 1.93848e-08
 1.354e-11 1.46964e-09 9.40568e-08 3.54941e-06 7.89791e-05 0.00103626 0.00801818 0.0366105 0.0989541 0.160851 0.169134 0.14612 0.136224 0.116323 0.0722431 0.0336973 0.0137768 0.00500841 0.00147867 0.000355614 7.26565e-05 1.24666e-05 1.74402e-06 1.94528e-07 1.68891e-08
 1.34494e-11 1.45981e-09 9.34275e-08 3.52567e-06 7.84507e-05 0.00102933 0.00796456 0.0363661 0.0982996 0.159837 0.168299 0.145986 0.136754 0.117098 0.0729504 0.0342313 0.01408 0.00510839 0.00148594 0.000347309 6.83982e-05 1.13078e-05 1.53489e-06 1.68336e-07 1.45281e-08
 1.32101e-11 1.43383e-09 9.17651e-08 3.46293e-06 7.70548e-05 0.00101101 0.00782291 0.0357207 0.0965727 0.157172 0.166161 0.145813 0.138415 0.119266 0.0746185 0.035277 0.0146632 0.00537106 0.0015769 0.000371639 7.31423e-05 1.18955e-05 1.56621e-06 1.65663e-07 1.38448e-08
 1.26668e-11 1.37486e-09 8.79909e-08 3.32051e-06 7.38857e-05 0.000969435 0.00750135 0.0342559 0.0926615 0.151199 0.161675 0.146432 0.143734 0.125239 0.0780291 0.0362707 0.0147119 0.0052822 0.00152539 0.000353404 6.86402e-05 1.10898e-05 1.45063e-06 1.51142e-07 1.23034e-08
#obs catch len freq
 9.75607e-12 1.05893e-09 6.77714e-08 2.55749e-06 5.69078e-05 0.000746687 0.00577831 0.0263992 0.0715563 0.117846 0.130639 0.129188 0.139716 0.135656 0.105169 0.0695425 0.0397272 0.0185201 0.00688594 0.00202492 0.000458042 7.69094e-05 9.26807e-06 7.76628e-07 4.39863e-08
 9.9571e-12 1.08075e-09 6.91679e-08 2.61019e-06 5.80805e-05 0.000762078 0.00589753 0.0269458 0.0730544 0.120377 0.133439 0.13116 0.13994 0.134278 0.103209 0.0674626 0.0378236 0.0171986 0.0061959 0.00175105 0.000377517 5.99416e-05 6.78091e-06 5.30008e-07 2.78513e-08
 7.07987e-12 7.68453e-10 4.91809e-08 1.85595e-06 4.1298e-05 0.000541907 0.00419489 0.0191925 0.0523666 0.0887743 0.109064 0.130986 0.160783 0.160012 0.122916 0.0793129 0.0435423 0.0192811 0.0067249 0.00182639 0.000375456 5.64167e-05 5.99826e-06 4.38023e-07 2.13994e-08
 1.75429e-11 1.90411e-09 1.21863e-07 4.59873e-06 0.000102328 0.00134258 0.0103874 0.0474025 0.127752 0.20454 0.199972 0.133938 0.0841717 0.0643749 0.0521643 0.037804 0.0219717 0.00972508 0.00329439 0.00085767 0.000167739 2.38289e-05 2.38111e-06 1.62561e-07 7.39174e-09
 7.49026e-12 8.12997e-10 5.20318e-08 1.96354e-06 4.36928e-05 0.000573369 0.00443974 0.0203387 0.0557922 0.0965516 0.12562 0.160828 0.193728 0.170209 0.100361 0.0438842 0.0175237 0.00693772 0.00239319 0.000633499 0.000121545 1.64921e-05 1.55199e-06 9.90667e-08 4.19326e-09
 1.32076e-11 1.43357e-09 9.1748e-08 3.46229e-06 7.70409e-05 0.00101084 0.00782184 0.0357174 0.0965347 0.156516 0.161323 0.128902 0.110543 0.104655 0.0902703 0.0622113 0.0307957 0.0104643 0.00255986 0.000501015 8.20206e-05 1.04524e-05 9.45298e-07 5.74746e-08 2.28743e-09
 1.11732e-11 1.21275e-09 7.76159e-08 2.929e-06 6.51753e-05 0.000855211 0.00661953 0.0302668 0.0822736 0.13668 0.154069 0.151138 0.150186 0.126782 0.0818135 0.0444497 0.0220737 0.00919509 0.00283049 0.000601832 8.7398e-05 8.88655e-06 6.50782e-07 3.41616e-08 1.23622e-09
 1.5866e-11 1.7221e-09 1.10214e-07 4.15916e-06 9.25473e-05 0.0012143 0.00939625 0.042906 0.115933 0.187591 0.191007 0.144499 0.108134 0.0842822 0.0583911 0.0336991 0.0154947 0.00547539 0.00150335 0.000321011 5.04792e-05 5.46234e-06 3.90855e-07 1.8283e-08 5.60623e-10
 1.29348e-11 1.40395e-09 8.98527e-08 3.39078e-06 7.54509e-05 0.00099005 0.00766323 0.035036 0.0951647 0.157324 0.173182 0.158644 0.144025 0.112667 0.0664171 0.0309471 0.0123652 0.00415247 0.00109318 0.000215285 3.0897e-05 3.15649e-06 2.2253e-07 1.04447e-08 3.16514e-10
 1.37944e-11 1.49725e-09 9.58241e-08 3.61612e-06 8.0465e-05 0.00105583 0.00817177 0.0373479 0.101275 0.166172 0.177698 0.151784 0.129612 0.103665 0.0677679 0.0354293 0.0144123 0.0043588 0.000976295 0.00016571 2.12325e-05 1.97519e-06 1.2768e-07 5.55025e-09 1.58363e-10
 1.38634e-11 1.50474e-09 9.63033e-08 3.63421e-06 8.0868e-05 0.00106114 0.00821349 0.0375487 0.101917 0.167739 0.180825 0.156068 0.132163 0.101805 0.0630223 0.0315732 0.0128456 0.00403053 0.000929855 0.000153695 1.79169e-05 1.45874e-06 8.22239e-08 3.16028e-09 8.0991e-11
 1.25388e-11 1.36097e-09 8.71021e-08 3.287e-06 7.31428e-05 0.000959822 0.00743086 0.0339986 0.0925666 0.154071 0.172028 0.159402 0.143729 0.113046 0.0698489 0.0343283 0.013434 0.00402277 0.000894861 0.000145179 1.67196e-05 1.32388e-06 7.02541e-08 2.45732e-09 5.60319e-11
 1.39436e-11 1.51344e-09 9.68603e-08 3.65524e-06 8.13367e-05 0.00106732 0.00826219 0.0377831 0.102639 0.169223 0.182589 0.156196 0.129785 0.0998054 0.0631908 0.0320666 0.0126574 0.00371768 0.00079494 0.000122571 1.33905e-05 1.01053e-06 5.13486e-08 1.71763e-09 3.71123e-11
 1.34485e-11 1.4597e-09 9.34213e-08 3.52548e-06 7.84502e-05 0.0010295 0.00797098 0.0364771 0.0993387 0.165154 0.182473 0.162706 0.137898 0.102658 0.0607205 0.0287137 0.010856 0.00314191 0.000667493 0.000101139 1.06595e-05 7.64163e-07 3.65686e-08 1.14889e-09 2.33296e-11
 1.13046e-11 1.22701e-09 7.85289e-08 2.96351e-06 6.59474e-05 0.000865538 0.00670467 0.030735 0.0842182 0.142977 0.167714 0.166693 0.155157 0.120804 0.0729432 0.0343954 0.0125305 0.00340809 0.00067768 9.71647e-05 9.80986e-06 6.7649e-07 3.10052e-08 9.24969e-10 1.76843e-11
 9.24672e-12 1.00365e-09 6.4234e-08 2.42408e-06 5.3946e-05 0.000708145 0.00548877 0.0252144 0.0695947 0.120939 0.150702 0.164799 0.166538 0.138582 0.0898518 0.0450292 0.016897 0.00458289 0.000884294 0.000120286 1.13604e-05 7.30191e-07 3.12944e-08 8.77232e-10 1.58035e-11
 1.21713e-11 1.32108e-09 8.45496e-08 3.19072e-06 7.10035e-05 0.000931882 0.00721772 0.0330652 0.0903203 0.151328 0.16992 0.155389 0.137766 0.113137 0.0773667 0.0413627 0.0164049 0.00465292 0.000924668 0.000126537 1.17062e-05 7.19969e-07 2.90302e-08 7.57926e-10 1.26626e-11
 1.17837e-11 1.27901e-09 8.18573e-08 3.08916e-06 6.87467e-05 0.000902404 0.00699306 0.0320916 0.0881546 0.150222 0.175713 0.169341 0.149098 0.111286 0.0667093 0.0324236 0.0125122 0.00362077 0.000745351 0.000105081 9.87351e-06 6.06246e-07 2.39698e-08 6.03218e-10 9.57082e-12
 1.25201e-11 1.35895e-09 8.69736e-08 3.28224e-06 7.30439e-05 0.000958808 0.0074298 0.0340855 0.0934905 0.158321 0.181496 0.168257 0.143473 0.10636 0.0632271 0.0292641 0.0102879 0.00268554 0.00051144 6.91672e-05 6.39934e-06 3.90928e-07 1.53579e-08 3.81172e-10 5.9058e-12
 1.18227e-11 1.28325e-09 8.21293e-08 3.09948e-06 6.89804e-05 0.000905623 0.00702143 0.0322653 0.0889382 0.152708 0.180588 0.174441 0.151018 0.109523 0.0625729 0.0277931 0.00937194 0.00231725 0.000409236 5.05958e-05 4.28769e-06 2.4333e-07 9.03314e-09 2.14708e-10 3.20997e-12
 1.22677e-11 1.33155e-09 8.5221e-08 3.21618e-06 7.15786e-05 0.000939766 0.00728654 0.0334835 0.0922447 0.157858 0.184424 0.173745 0.146971 0.10576 0.060183 0.0262092 0.00847488 0.00197784 0.000326714 3.75072e-05 2.9282e-06 1.52072e-07 5.15337e-09 1.12123e-10 1.54464e-12
 1.30076e-11 1.41187e-09 9.03613e-08 3.41019e-06 7.58978e-05 0.000996509 0.00772695 0.0355075 0.0977641 0.166717 0.19213 0.175073 0.141428 0.0974992 0.053497 0.0225882 0.00710303 0.00160608 0.000254189 2.75643e-05 2.0077e-06 9.64198e-08 3.00329e-09 5.98093e-11 7.52179e-13
 1.23596e-11 1.34154e-09 8.58609e-08 3.24044e-06 7.2126e-05 0.000947221 0.00735001 0.0338438 0.0937043 0.162071 0.19226 0.1815 0.148231 0.099626 0.0520292 0.0206998 0.00613284 0.00131148 0.000196861 2.02411e-05 1.39265e-06 6.27826e-08 1.82262e-09 3.36076e-11 3.89291e-13
 1.30438e-11 1.4158e-09 9.06142e-08 3.41986e-06 7.612e-05 0.000999676 0.0077565 0.0356999 0.0986507 0.169408 0.196935 0.179337 0.1419 0.0943078 0.0490527 0.0191603 0.00544634 0.00109725 0.000153728 1.47184e-05 9.43886e-07 3.97135e-08 1.07617e-09 1.84986e-11 1.99266e-13
 1.23183e-11 1.33706e-09 8.55762e-08 3.22986e-06 7.19001e-05 0.000944587 0.00733609 0.0338524 0.0941787 0.164359 0.197046 0.185824 0.148337 0.0961164 0.047948 0.0179648 0.00492263 0.000955382 0.00012782 1.15404e-05 6.90325e-07 2.69111e-08 6.73792e-10 1.06974e-11 1.06497e-13
 1.24521e-11 1.35159e-09 8.65068e-08 3.26506e-06 7.26877e-05 0.000955053 0.00741934 0.034253 0.0953486 0.166345 0.198597 0.185466 0.146784 0.0948954 0.0470916 0.0172707 0.00454589 0.000837427 0.000105857 9.01583e-06 5.0757e-07 1.85432e-08 4.32747e-10 6.37046e-12 5.85673e-14
 1.10427e-11 1.19862e-09 7.6719e-08 2.89591e-06 6.44862e-05 0.000847873 0.00659865 0.0306085 0.0862263 0.154628 0.194267 0.192785 0.158079 0.102373 0.0500131 0.0179593 0.00461356 0.000824055 9.99678e-05 8.08168e-06 4.28129e-07 1.46376e-08 3.18687e-10 4.36748e-12 3.73069e-14
 1.11921e-11 1.21485e-09 7.77587e-08 2.93524e-06 6.53661e-05 0.000859541 0.00669061 0.0310375 0.0873704 0.156107 0.19428 0.190592 0.156201 0.102492 0.0506975 0.0181522 0.00456523 0.000787977 9.16679e-05 7.06827e-06 3.55253e-07 1.14583e-08 2.34038e-10 2.99465e-12 2.37957e-14
#spawning biomass
 13543.6 13841.3 13587.3 17634.1 19280.7 21799.3 26579.6 40287.1 54601.5 66131.2 78340.2 101580 130494 159842 149703 131512 112281 109658 111716 106565 112151 114975 133644 137779 152298 158897 164676 144144 170054 282857 309105 290428 253774 214456 179599 151617 130488 115176 104396 96964.3 91919.2 88530.3 86259.6 84740 83759.8 83127.5 82719.6 82456.4 82286.7 82177.2 82106.6 82061 82031.7 82012.7 82000.5 81992.6 81987.5 81984.2 81982.1 81980.7 81979.8 81979.3 81978.9 81978.7 81978.5 81978.4 81978.4 81978.3 81978.3 81978.3 81978.3 81978.3 81978.2 81978.2 81978.2 81978.2 81978.2 81978.2 81978.2 81978.2 81978.2 81978.2 81978.2 81978.2 81978.2 81978.2 81978.2 81978.2 81978.2 81978.2 81978.2 81978.2 81978.2 81978.2 81978.2 81978.2 81978.2 81978.2 81978.2 81978.2 81978.2 81978.2 81978.2 81978.2 81978.2 81978.2 81978.2 81978.2 81978.2 81978.2 81978.2 81978.2 81978.2 81978.2 81978.2 81978.2 81978.2 81978.2 81978.2 81978.2 81978.2 81978.2 81978.2 81978.2 81978.2 81978.2 81978.2 81978.2 0 0 0 0 0 0 0 0 0 0 0 0 0 0 0 0 0 0 0 0 0 0 0 0 0
