SBPRF35
0.214753
Curr Bio
218476
B35
182625
F35
0.435917
FOFL
0.435917
OFL
96631.8
Bzero
61358
#pred survey bio
 30828.6 24139.4 17430.4 14904 24990.7 39946.4 53569.2 62983.8 80653 104445 132757 155015 163462 204859 212775 200718 220504 229389 230612 224359 220774 229870 235030 257872 270945 280805 294721 301054 321666 8.06445e+06 6.10321e+06 4.01868e+06 2.51247e+06 1.62426e+06 1.14775e+06 903147 779224 715934 682868 665038 655081 649330 645910 643825 642531 641721 641209 640883 640675 640541 640455 640400 640364 640341 640326 640317 640311 640307 640304 640302 640301 640300 640300 640300 640300 640299 640299 640299 640299 640299 640299 640299 640299 640299 640299 640299 640299 640299 640299 640299 640299 640299 640299 640299 640299 640299 640299 640299 640299 640299 640299 640299 640299 640299 640299 640299 640299 640299 640299 640299 640299 640299 640299 640299 640299 640299 640299 640299 640299 640299 640299 640299 640299 640299 640299 640299 640299 640299 640299 640299 640299 640299 640299 640299 640299 640299 640299 640299 640299 0 0 0 0 0 0 0 0 0 0 0 0 0 0 0 0 0 0 0 0 0 0 0 0 0
#obs survey bio
 31357.7 23485.3 8518.4 18754.2 28774.2 54750.8 45022.9 50289.3 144230 85715.2 160319 154854 148632 232280 221794 162845 220438 262797 256594 236393 213215 269033 213597 212242 233872 379184 182783 302758 359364
#pred catch bio
 6227.89 4584.03 3531.97 2828.55 4730.43 7945.8 13781.3 16513.5 20035.2 29415.1 45510.1 65454.4 53190 77278.6 90411.9 77210.7 88789.7 86148.2 84286.2 85922.2 86475.2 93895.9 86660.9 99578.5 103006 100927 112717 110416 106981 96631.8 81570.5 51560.8 30640.6 18869.8 12927.7 10115.9 8838.68 8273.78 8028.35 7923 7878.15 7859.17 7851.16 7847.79 7846.38 7845.79 7845.54 7845.44 7845.4 7845.38 7845.37 7845.37 7845.37 7845.37 7845.37 7845.37 7845.37 7845.37 7845.37 7845.37 7845.37 7845.37 7845.37 7845.37 7845.37 7845.37 7845.37 7845.37 7845.37 7845.37 7845.37 7845.37 7845.37 7845.37 7845.37 7845.37 7845.37 7845.37 7845.37 7845.37 7845.37 7845.37 7845.37 7845.37 7845.37 7845.37 7845.37 7845.37 7845.37 7845.37 7845.37 7845.37 7845.37 7845.37 7845.37 7845.37 7845.37 7845.37 7845.37 7845.37 7845.37 7845.37 7845.37 7845.37 7845.37 7845.37 7845.37 7845.37 7845.37 7845.37 7845.37 7845.37 7845.37 7845.37 7845.37 7845.37 7845.37 7845.37 7845.37 7845.37 7845.37 7845.37 7845.37 7845.37 7845.37 7845.37 7845.37 7845.37 7845.37 0 0 0 0 0 0 0 0 0 0 0 0 0 0 0 0 0 0 0 0 0 0 0 0 0
#obs catch bio
 3150.12 4685.84 3820.69 2957.72 4801.81 7673.01 13522.2 16611.5 19151.6 28637.2 43258.2 63249.3 50711.3 75460.9 89072.8 79277.3 91195.3 85268.9 82273.6 82717.1 86937.7 91139 84365.1 100382 104340 100465 119070 113168 106505
#pred cpue bio
 29780.4 23762.5 17254.9 14153 22339.8 36869.3 50185.3 58933.3 74481.4 97062.6 122629 143092 149985 188740 198120 186063 202849 212149 215431 210156 205123 212195 217183 238563 250838 260744 274310 279230 298155 7.52139e+06 6.05271e+06 3.98632e+06 2.48042e+06 1.59221e+06 1.11571e+06 871102 747179 683889 650822 632992 623036 617285 613864 611780 610485 609676 609164 608838 608630 608496 608410 608355 608319 608296 608281 608271 608265 608261 608259 608257 608256 608255 608255 608254 608254 608254 608254 608254 608254 608254 608254 608254 608254 608254 608254 608254 608254 608254 608254 608254 608254 608254 608254 608254 608254 608254 608254 608254 608254 608254 608254 608254 608254 608254 608254 608254 608254 608254 608254 608254 608254 608254 608254 608254 608254 608254 608254 608254 608254 608254 608254 608254 608254 608254 608254 608254 608254 608254 608254 608254 608254 608254 608254 608254 608254 608254 608254 608254 608254 0 0 0 0 0 0 0 0 0 0 0 0 0 0 0 0 0 0 0 0 0 0 0 0 0
#obs cpue bio
 22280.9 15106.7 13082 13646.2 28543.5 56316.1 54372.8 56863.4 73912.3 107543 142548 155970 184822 175820 197830 154162 202408 223125 223871 251927 164407 253991 242480 248855 270061 205695 277757 291085 305852
#pred surv len freq
 2.47045e-11 1.16198e-09 3.7845e-08 8.535e-07 1.33286e-05 0.000144131 0.00107926 0.00559665 0.0201046 0.0500927 0.0869946 0.107316 0.100533 0.085173 0.0796938 0.0790689 0.0734267 0.064368 0.0558431 0.0480527 0.0410222 0.0351356 0.029487 0.0225236 0.01433
 1.23415e-11 5.80485e-10 1.8906e-08 4.26379e-07 6.65855e-06 7.20043e-05 0.000539208 0.00279687 0.0100576 0.0251637 0.044412 0.0581326 0.0651407 0.0769828 0.0963206 0.108059 0.103357 0.0906283 0.0781842 0.0665194 0.0551014 0.0445027 0.0345835 0.0245912 0.0148482
 9.62738e-12 4.52826e-10 1.47483e-08 3.3261e-07 5.1942e-06 5.61687e-05 0.00042061 0.00218144 0.00784075 0.0195802 0.034307 0.0437616 0.0457318 0.0492229 0.0610889 0.0777923 0.0943409 0.107009 0.109636 0.10005 0.0834432 0.0654019 0.0480598 0.0319432 0.0181258
 3.52879e-11 1.65977e-09 5.40578e-08 1.21914e-06 1.90386e-05 0.000205875 0.00154156 0.00799305 0.0287003 0.0713838 0.123109 0.147816 0.125564 0.0801815 0.0464527 0.0334577 0.0331103 0.0389521 0.0471341 0.0528323 0.0519926 0.0443274 0.032854 0.0210466 0.0113251
 4.63892e-11 2.18193e-09 7.1064e-08 1.60267e-06 2.5028e-05 0.000270642 0.00202653 0.0105077 0.0377311 0.0938595 0.161967 0.194921 0.166972 0.109302 0.0653195 0.0427206 0.0286945 0.0180216 0.0123902 0.0113978 0.0121104 0.0118819 0.00979003 0.0065665 0.00352275
 3.5984e-11 1.69252e-09 5.51242e-08 1.24319e-06 1.94142e-05 0.000209938 0.00157202 0.0081517 0.0292804 0.0729297 0.126479 0.155188 0.142621 0.114679 0.0982814 0.0867015 0.0659144 0.040799 0.0220549 0.0118886 0.00744153 0.00577101 0.00473511 0.00337813 0.00190248
 3.24918e-11 1.52826e-09 4.97744e-08 1.12254e-06 1.753e-05 0.000189563 0.00141945 0.0073606 0.0264392 0.0658559 0.114233 0.140269 0.129313 0.105155 0.0929038 0.0875274 0.0759597 0.0588281 0.0412913 0.0255773 0.013729 0.00687402 0.00370391 0.00217315 0.00117923
 3.36816e-11 1.58422e-09 5.15971e-08 1.16364e-06 1.8172e-05 0.000196504 0.00147142 0.00762996 0.0274047 0.0682411 0.118235 0.144547 0.131217 0.102494 0.0857333 0.0783829 0.0682158 0.0550305 0.0424978 0.0306265 0.0194705 0.01059 0.00498177 0.00213858 0.000876814
 3.75911e-11 1.7681e-09 5.7586e-08 1.29871e-06 2.02812e-05 0.000219313 0.0016422 0.00851532 0.0305819 0.0761253 0.131708 0.160133 0.14251 0.105256 0.0805091 0.0685727 0.0569313 0.0440483 0.0332595 0.0245334 0.0168308 0.0102216 0.00528507 0.00227625 0.000818642
 3.5159e-11 1.65371e-09 5.38603e-08 1.21468e-06 1.89691e-05 0.000205124 0.00153597 0.00796466 0.0286071 0.0712379 0.123445 0.150997 0.137303 0.107565 0.08967 0.0798603 0.0651974 0.0473928 0.0329897 0.0228279 0.0152719 0.0094615 0.0051769 0.00238245 0.000888585
 3.71026e-11 1.74513e-09 5.68378e-08 1.28183e-06 2.00177e-05 0.000216463 0.00162087 0.00840475 0.0301855 0.0751464 0.130067 0.158387 0.141759 0.106418 0.0835691 0.0724786 0.0602956 0.0458371 0.032988 0.0225317 0.0143051 0.00839351 0.0044824 0.00208764 0.000805159
 3.696e-11 1.73842e-09 5.66193e-08 1.27691e-06 1.99407e-05 0.000215631 0.00161464 0.00837251 0.0300705 0.0748672 0.129633 0.158088 0.142221 0.108237 0.0865085 0.0750709 0.0609199 0.0443918 0.0308744 0.0209826 0.0134449 0.00784635 0.00407845 0.0018422 0.000699652
 3.84212e-11 1.80715e-09 5.88577e-08 1.32739e-06 2.07291e-05 0.000224156 0.00167847 0.00870341 0.0312579 0.0778128 0.13466 0.163876 0.146323 0.109036 0.0843376 0.0715792 0.0576095 0.0416939 0.0285087 0.0188119 0.0116803 0.00666839 0.00342161 0.00152527 0.000569292
 3.71882e-11 1.74915e-09 5.69688e-08 1.28479e-06 2.00638e-05 0.000216962 0.00162461 0.0084242 0.0302563 0.0753308 0.130443 0.159111 0.143253 0.10925 0.0875612 0.0760097 0.0613932 0.0441218 0.0298306 0.0194321 0.0118561 0.00660515 0.00329787 0.0014352 0.000525602
 3.4213e-11 1.60922e-09 5.24111e-08 1.182e-06 1.84587e-05 0.000199605 0.00149464 0.00775045 0.0278387 0.0693339 0.120211 0.147349 0.134981 0.107848 0.0925071 0.0841412 0.0696533 0.0510628 0.0351001 0.0229999 0.0139471 0.0076564 0.0037454 0.00159159 0.000568914
 3.59737e-11 1.69203e-09 5.51083e-08 1.24283e-06 1.94086e-05 0.000209877 0.00157155 0.0081491 0.0292683 0.0728722 0.126194 0.153967 0.138761 0.106203 0.0859267 0.0760495 0.0637478 0.0486313 0.0351048 0.0239183 0.0148567 0.00824239 0.00402441 0.00168968 0.000593016
 3.79839e-11 1.78658e-09 5.81878e-08 1.31228e-06 2.04931e-05 0.000221604 0.00165936 0.00860435 0.0309021 0.0769275 0.133131 0.162025 0.14471 0.107931 0.0836654 0.0713158 0.0579376 0.0427778 0.0302491 0.0207884 0.0133432 0.00769371 0.00386822 0.00164815 0.000579312
 3.61509e-11 1.70036e-09 5.53798e-08 1.24895e-06 1.95042e-05 0.000210911 0.0015793 0.00818931 0.0294135 0.0732417 0.126887 0.155064 0.140541 0.109129 0.0897746 0.0791232 0.0639877 0.0457419 0.0308432 0.020291 0.0126933 0.00730372 0.00373934 0.00163651 0.00058905
 3.33701e-11 1.56957e-09 5.11199e-08 1.15288e-06 1.80039e-05 0.000194687 0.00145782 0.00755955 0.0271534 0.0676316 0.117289 0.143909 0.132288 0.106677 0.0927705 0.0854342 0.0716876 0.0535153 0.0374398 0.0247859 0.0151235 0.00839464 0.00418778 0.00182007 0.000660942
 3.30398e-11 1.55403e-09 5.06138e-08 1.14147e-06 1.78257e-05 0.00019276 0.00144339 0.00748466 0.0268838 0.0669544 0.116076 0.142238 0.130178 0.103859 0.0893144 0.0825255 0.0709537 0.0554781 0.0411386 0.0287287 0.0182177 0.0102788 0.00509176 0.0021699 0.000774153
 3.5738e-11 1.68095e-09 5.47473e-08 1.23469e-06 1.92814e-05 0.000208502 0.00156125 0.00809569 0.0290762 0.0723917 0.125345 0.152857 0.13752 0.104752 0.0841768 0.0742899 0.062566 0.0485315 0.0362921 0.0261401 0.0173925 0.0103262 0.00531886 0.00231174 0.000826413
 3.71817e-11 1.74885e-09 5.69589e-08 1.28456e-06 2.00603e-05 0.000216924 0.00162432 0.00842268 0.0302503 0.0753106 0.130372 0.158854 0.142476 0.107529 0.0848946 0.073203 0.0595614 0.0438555 0.031044 0.0216499 0.0143831 0.00874584 0.00468257 0.00211983 0.000782841
 3.65413e-11 1.71873e-09 5.59778e-08 1.26244e-06 1.97148e-05 0.000213188 0.00159635 0.0082777 0.0297305 0.0740256 0.128209 0.156512 0.141316 0.108625 0.0881091 0.0771375 0.0625879 0.0452007 0.0308431 0.0204721 0.0129341 0.00759705 0.00403391 0.0018541 0.000704042
 3.62869e-11 1.70676e-09 5.55882e-08 1.25365e-06 1.95776e-05 0.000211704 0.00158524 0.00822007 0.0295235 0.0735098 0.127313 0.155406 0.140286 0.107804 0.0875526 0.0771204 0.0634624 0.046855 0.0325849 0.0216096 0.0133025 0.00748571 0.00380626 0.00169974 0.000639741
 3.61137e-11 1.69862e-09 5.53229e-08 1.24767e-06 1.94841e-05 0.000210694 0.00157767 0.00818086 0.0293827 0.0731605 0.126716 0.154714 0.139778 0.107653 0.087704 0.0773762 0.0636777 0.0470753 0.0329554 0.0221336 0.013785 0.00775152 0.00386623 0.00167219 0.000609458
 3.52874e-11 1.65975e-09 5.40569e-08 1.21912e-06 1.90383e-05 0.000205873 0.00154157 0.00799372 0.0287112 0.0714947 0.123873 0.151442 0.137463 0.107223 0.0890052 0.0795286 0.0658399 0.0488719 0.0343454 0.0231654 0.0145168 0.00822602 0.00412134 0.00177413 0.000636577
 3.47532e-11 1.63463e-09 5.32387e-08 1.20066e-06 1.87501e-05 0.000202756 0.00151824 0.00787273 0.0282768 0.0704147 0.122014 0.149223 0.135629 0.106195 0.0887346 0.0799119 0.066902 0.0505072 0.0361607 0.0247295 0.0156332 0.00891802 0.00449525 0.00194371 0.000697668
 3.58899e-11 1.68809e-09 5.498e-08 1.23994e-06 1.93634e-05 0.000209388 0.00156789 0.00813013 0.0292003 0.072704 0.12591 0.153655 0.138588 0.106277 0.086151 0.0761097 0.0633673 0.0479329 0.0345907 0.023976 0.015411 0.0089328 0.00455934 0.00198874 0.000717925
 3.59401e-11 1.69045e-09 5.50569e-08 1.24167e-06 1.93905e-05 0.000209681 0.00157008 0.00814152 0.0292414 0.0728087 0.126106 0.153968 0.139099 0.107121 0.0872646 0.0770052 0.0634494 0.0471086 0.0333564 0.0229105 0.0147676 0.00865605 0.0044845 0.00198507 0.000725326
#obs surv len freq
 2.46322e-11 1.15858e-09 3.77342e-08 8.51002e-07 1.32896e-05 0.000143709 0.0010761 0.00558024 0.0200455 0.0499434 0.0867215 0.106916 0.0999601 0.0843092 0.0785765 0.0781465 0.073389 0.0657354 0.0587846 0.0522241 0.0451594 0.0371674 0.027981 0.0182871 0.00983926
 9.78748e-16 4.61102e-14 1.51143e-12 3.4951e-11 5.99428e-10 8.78493e-09 1.34276e-07 2.10691e-06 2.7685e-05 0.000267596 0.00182133 0.00863295 0.0284795 0.0657667 0.108079 0.131579 0.128919 0.114556 0.100505 0.0875651 0.0743001 0.0601798 0.0447935 0.0290283 0.015496
 1.25486e-11 5.90226e-10 1.92233e-08 4.33533e-07 6.77024e-06 7.32102e-05 0.000548182 0.00284227 0.0102045 0.0253692 0.0436762 0.0521114 0.0434292 0.0273103 0.0212025 0.036343 0.0708917 0.107723 0.126371 0.12219 0.105042 0.0837464 0.0611904 0.0390833 0.0206448
 5.21245e-11 2.45169e-09 7.98497e-08 1.80081e-06 2.81223e-05 0.000304101 0.00227705 0.0118063 0.042389 0.105393 0.181507 0.216726 0.180085 0.105652 0.0461472 0.0176587 0.00831478 0.00707018 0.00979417 0.0136155 0.0154854 0.014251 0.0108928 0.00696242 0.00363839
 3.24754e-11 1.52749e-09 4.97492e-08 1.12197e-06 1.75212e-05 0.000189468 0.00141876 0.00735736 0.0264325 0.0658874 0.114617 0.142278 0.135975 0.119842 0.113822 0.103959 0.0756163 0.040797 0.017331 0.00812747 0.00664014 0.00687928 0.00614851 0.00431829 0.00234527
 3.92704e-11 1.84709e-09 6.01585e-08 1.35673e-06 2.11872e-05 0.00022911 0.00171555 0.00889557 0.031946 0.0795047 0.137446 0.1666 0.146651 0.10506 0.0770184 0.0655311 0.0575038 0.0470411 0.0339757 0.0203176 0.00998954 0.00476121 0.00282802 0.00188554 0.00107833
 2.66233e-11 1.25223e-09 4.07843e-08 9.19789e-07 1.43639e-05 0.000155326 0.00116311 0.00603178 0.0216727 0.0540482 0.0941943 0.117745 0.115166 0.107036 0.108825 0.107156 0.0892612 0.0643852 0.0446897 0.0307831 0.0194323 0.0104429 0.00481124 0.00208247 0.000902589
 4.06027e-11 1.90976e-09 6.21995e-08 1.40276e-06 2.19061e-05 0.000236882 0.00177375 0.00919717 0.0330269 0.0821733 0.141912 0.171318 0.148553 0.101583 0.0683167 0.0548337 0.048916 0.0431728 0.0354884 0.0259351 0.0166566 0.00947319 0.00470528 0.00198969 0.000715309
 3.50423e-11 1.64822e-09 5.36815e-08 1.21065e-06 1.89061e-05 0.000204443 0.00153087 0.00793831 0.0285135 0.0710136 0.123118 0.150885 0.138105 0.109953 0.0932445 0.0825809 0.0649379 0.0444138 0.0297774 0.0212237 0.0149912 0.00946323 0.00505271 0.0022302 0.000802928
 3.73941e-11 1.75884e-09 5.72841e-08 1.2919e-06 2.01749e-05 0.000218163 0.00163359 0.00847073 0.0304224 0.0757328 0.131062 0.159507 0.142472 0.106369 0.0829201 0.0718435 0.0601785 0.0460417 0.032854 0.0218386 0.0134987 0.00788809 0.00426693 0.00199839 0.000761612
 3.84465e-11 1.80834e-09 5.88964e-08 1.32826e-06 2.07427e-05 0.000224303 0.00167957 0.00870913 0.0312785 0.077863 0.134742 0.163952 0.146313 0.108851 0.0839288 0.0709706 0.0569367 0.0412574 0.0286139 0.0193963 0.0123255 0.00707995 0.00362076 0.00162111 0.000614107
 3.81306e-11 1.79348e-09 5.84124e-08 1.31735e-06 2.05723e-05 0.00022246 0.00166577 0.0086376 0.0310221 0.0772295 0.133678 0.162811 0.14579 0.109511 0.0857276 0.0732006 0.0587045 0.0420118 0.0283076 0.0184491 0.011353 0.00642714 0.003263 0.00143635 0.000529784
 4.01955e-11 1.8906e-09 6.15757e-08 1.38869e-06 2.16864e-05 0.000234507 0.00175597 0.00910522 0.0326998 0.0813892 0.140762 0.17089 0.15126 0.109893 0.0814723 0.0669665 0.0531348 0.0381177 0.0257596 0.0166736 0.0100458 0.00551322 0.0027143 0.00116664 0.000422328
 3.50897e-11 1.65045e-09 5.37541e-08 1.21229e-06 1.89317e-05 0.00020472 0.00153294 0.00794904 0.0285521 0.0711102 0.123289 0.151111 0.138382 0.110397 0.094192 0.084543 0.0680504 0.0475653 0.0309495 0.0195044 0.0115971 0.00629038 0.00303875 0.00127308 0.000448685
 3.35186e-11 1.57655e-09 5.13473e-08 1.15801e-06 1.8084e-05 0.000195554 0.00146431 0.00759314 0.0272738 0.0679269 0.117773 0.144368 0.132288 0.105852 0.0912892 0.0841744 0.0715894 0.0546122 0.0388305 0.0256016 0.0151974 0.00805668 0.00379899 0.00155847 0.00053799
 3.78049e-11 1.77816e-09 5.79135e-08 1.3061e-06 2.03965e-05 0.00022056 0.00165154 0.00856374 0.0307559 0.0765583 0.132457 0.161047 0.143334 0.105902 0.0811156 0.0693188 0.0578362 0.0447993 0.0332686 0.0234433 0.0149845 0.00841703 0.00407274 0.00166661 0.000565747
 3.67206e-11 1.72716e-09 5.62525e-08 1.26864e-06 1.98116e-05 0.000214234 0.00160418 0.00831832 0.0298764 0.0743883 0.128834 0.157258 0.141934 0.108956 0.0881013 0.0767018 0.0616707 0.0440883 0.0301186 0.0204326 0.0132745 0.00784112 0.0040284 0.00173287 0.000605862
 3.51548e-11 1.65351e-09 5.38538e-08 1.21454e-06 1.89668e-05 0.000205099 0.00153578 0.0079637 0.0286037 0.0712291 0.123429 0.150973 0.137279 0.107582 0.0898993 0.0806393 0.0667363 0.0492358 0.0340773 0.0224732 0.0138305 0.00784413 0.00401705 0.00177827 0.000648114
 3.17293e-11 1.49239e-09 4.86063e-08 1.0962e-06 1.71187e-05 0.000185115 0.00138615 0.00718794 0.0258198 0.06432 0.111617 0.137282 0.127265 0.104863 0.0938901 0.0882695 0.075285 0.0574631 0.0414105 0.0282717 0.0176767 0.00992646 0.00494729 0.00213982 0.000776496
 3.49855e-11 1.64555e-09 5.35944e-08 1.20869e-06 1.88754e-05 0.000204111 0.00152838 0.00792523 0.0284643 0.0708689 0.122717 0.149691 0.134811 0.103045 0.0834916 0.0747825 0.0645554 0.0517258 0.0395793 0.0284895 0.0186076 0.0108027 0.00547581 0.00236584 0.000848541
 3.72582e-11 1.75245e-09 5.70761e-08 1.28721e-06 2.01016e-05 0.000217371 0.00162766 0.00843999 0.0303122 0.0754612 0.130609 0.159035 0.142292 0.106669 0.0833851 0.0715862 0.0585522 0.0438208 0.0318691 0.022904 0.0155525 0.00951498 0.00505289 0.00225543 0.000823032
 3.74617e-11 1.76202e-09 5.73878e-08 1.29424e-06 2.02114e-05 0.000218558 0.00163655 0.00848611 0.0304783 0.0758784 0.131358 0.160072 0.14362 0.108487 0.0857117 0.0737726 0.059599 0.0431719 0.0297274 0.0200547 0.0129701 0.00781362 0.00422645 0.00195606 0.000740665
 3.65064e-11 1.71709e-09 5.59244e-08 1.26124e-06 1.9696e-05 0.000212985 0.00159483 0.00826981 0.0297022 0.073955 0.128087 0.156362 0.141183 0.108539 0.0881045 0.077297 0.062985 0.0457501 0.0312797 0.0205685 0.0127056 0.00725074 0.0037625 0.00171438 0.000654622
 3.62046e-11 1.70289e-09 5.54621e-08 1.25081e-06 1.95332e-05 0.000211224 0.00158164 0.00820143 0.0294566 0.0733429 0.127023 0.155048 0.139949 0.107524 0.0873334 0.0770278 0.0636058 0.0472559 0.033119 0.022089 0.0135936 0.00757543 0.0037796 0.00165116 0.000611047
 3.53996e-11 1.66502e-09 5.42288e-08 1.223e-06 1.90988e-05 0.000206527 0.00154647 0.00801911 0.0288024 0.0717201 0.124254 0.151863 0.137703 0.107114 0.0885775 0.0790001 0.0654548 0.0487334 0.0343989 0.0232844 0.014593 0.00823128 0.00409441 0.00175355 0.000629576
 3.4097e-11 1.60376e-09 5.22334e-08 1.178e-06 1.83961e-05 0.000198928 0.00148957 0.00772413 0.0277437 0.0690922 0.119758 0.146633 0.133818 0.105912 0.0898523 0.081696 0.068645 0.0519127 0.0372289 0.0255123 0.0161634 0.00923227 0.00464918 0.00200359 0.000716238
 3.44951e-11 1.62248e-09 5.28432e-08 1.19175e-06 1.86109e-05 0.000201251 0.00150696 0.00781424 0.0280667 0.0698895 0.121092 0.148044 0.134394 0.104913 0.0874085 0.0789164 0.0668038 0.0514756 0.037811 0.0264982 0.017114 0.00993983 0.00507827 0.00221506 0.000798625
 3.52433e-11 1.65767e-09 5.39893e-08 1.2176e-06 1.90145e-05 0.000205615 0.00153964 0.00798368 0.0286748 0.0713988 0.123674 0.151043 0.136606 0.105549 0.0865389 0.0770787 0.0644975 0.0491157 0.0358707 0.0253233 0.0166635 0.00990533 0.0051731 0.00229836 0.000840834
 3.55563e-11 1.6724e-09 5.44689e-08 1.22841e-06 1.91834e-05 0.000207442 0.00155332 0.00805459 0.0289295 0.0720336 0.124776 0.152401 0.137871 0.106578 0.0873435 0.0774765 0.0641517 0.0479495 0.0342352 0.0237364 0.0154938 0.00924539 0.00489674 0.00221787 0.000827324
#pred catch len freq
 2.22208e-11 1.04516e-09 3.40402e-08 7.67691e-07 1.19886e-05 0.000129641 0.000970764 0.00503415 0.0180859 0.045082 0.0784226 0.0973542 0.0931574 0.082924 0.0820803 0.0838377 0.0786014 0.0691285 0.0600611 0.0517155 0.0441589 0.0378245 0.031744 0.0242477 0.0154269
 1.0681e-11 5.02381e-10 1.63622e-08 3.6901e-07 5.76266e-06 6.23166e-05 0.000466671 0.00242081 0.00870801 0.0218138 0.0386814 0.0514739 0.0602145 0.0754919 0.0979433 0.111299 0.106902 0.0939328 0.0811416 0.0690802 0.0572357 0.0462295 0.035926 0.0255459 0.0154247
 8.27313e-12 3.89129e-10 1.26737e-08 2.85823e-07 4.46356e-06 4.82679e-05 0.000361451 0.00187472 0.00673976 0.0168451 0.0296129 0.0382343 0.0413988 0.0473038 0.0613605 0.0794476 0.0968231 0.110012 0.112792 0.102958 0.0858765 0.0673115 0.0494636 0.0328764 0.0186554
 3.27333e-11 1.53962e-09 5.01443e-08 1.13088e-06 1.76603e-05 0.000190971 0.00142996 0.00741445 0.0266234 0.0662238 0.11425 0.137369 0.11732 0.076366 0.0465196 0.03572 0.0364798 0.0432435 0.0524025 0.0587555 0.0578259 0.0493017 0.0365409 0.0234085 0.0125961
 4.46326e-11 2.09931e-09 6.8373e-08 1.54198e-06 2.40802e-05 0.000260393 0.00194979 0.0101099 0.0363038 0.0903194 0.15593 0.187993 0.162138 0.108556 0.0682341 0.0471353 0.0325425 0.0206294 0.0142357 0.0131177 0.0139444 0.0136825 0.0112737 0.00756168 0.00405664
 3.35381e-11 1.57747e-09 5.13772e-08 1.15868e-06 1.80946e-05 0.000195668 0.00146517 0.00759784 0.0272934 0.0680047 0.118102 0.145682 0.136353 0.1147 0.104041 0.0947912 0.0728621 0.0452602 0.024513 0.0132333 0.00829068 0.00643155 0.00527741 0.00376505 0.00212038
 3.0111e-11 1.41628e-09 4.61272e-08 1.04028e-06 1.62455e-05 0.000175673 0.00131545 0.00682146 0.0245046 0.061058 0.106052 0.130888 0.122794 0.104261 0.0972077 0.0943746 0.0827342 0.0642868 0.0451899 0.0280132 0.0150416 0.00753235 0.00405887 0.00238146 0.00129227
 3.13309e-11 1.47365e-09 4.7996e-08 1.08243e-06 1.69037e-05 0.00018279 0.00136874 0.00709761 0.0254945 0.0635026 0.110149 0.135245 0.124653 0.101315 0.0895034 0.0845923 0.074477 0.0603051 0.0466441 0.0336386 0.0213913 0.0116358 0.0054739 0.00234987 0.000963446
 3.53296e-11 1.66173e-09 5.41216e-08 1.22058e-06 1.90611e-05 0.000206119 0.00154341 0.00800319 0.0287442 0.0715672 0.123932 0.151201 0.136245 0.10423 0.0842807 0.0746287 0.0628642 0.0488615 0.0369617 0.027287 0.0187257 0.0113735 0.00588082 0.00253286 0.000910932
 3.29094e-11 1.5479e-09 5.04142e-08 1.13697e-06 1.77554e-05 0.000192 0.0014377 0.00745524 0.0267793 0.0667052 0.11572 0.142156 0.131218 0.106872 0.0939116 0.0863432 0.0712812 0.0520057 0.0362635 0.0251165 0.0168094 0.0104153 0.00569894 0.00262272 0.000978201
 3.51005e-11 1.65096e-09 5.37707e-08 1.21266e-06 1.89375e-05 0.000204783 0.00153341 0.00795136 0.0285587 0.0711116 0.123187 0.150496 0.13627 0.105643 0.087124 0.0780906 0.0657502 0.0501726 0.0361636 0.0247188 0.0156983 0.00921192 0.00491961 0.00229128 0.000883704
 3.52097e-11 1.6561e-09 5.3938e-08 1.21644e-06 1.89964e-05 0.00020542 0.00153818 0.00797615 0.0286484 0.0713406 0.123623 0.151212 0.137494 0.107717 0.089842 0.0801611 0.0657079 0.0480343 0.0334539 0.0227515 0.0145826 0.00851107 0.00442408 0.00199834 0.000758952
 3.64259e-11 1.7133e-09 5.5801e-08 1.25845e-06 1.96526e-05 0.000212515 0.00159131 0.00825156 0.0296366 0.0737926 0.12781 0.156042 0.140952 0.108484 0.0882049 0.077464 0.0631402 0.0458803 0.0314244 0.0207537 0.0128906 0.00736027 0.00377676 0.0016836 0.00062839
 3.53016e-11 1.66042e-09 5.40788e-08 1.21961e-06 1.9046e-05 0.000205956 0.0015422 0.00799699 0.0287235 0.07153 0.123967 0.151711 0.138196 0.108775 0.0912894 0.0816423 0.0666548 0.0480678 0.0325474 0.0212185 0.0129504 0.00721568 0.00360282 0.00156793 0.000574212
 3.2397e-11 1.5238e-09 4.96292e-08 1.11926e-06 1.74789e-05 0.00018901 0.00141532 0.00733921 0.0263632 0.065675 0.113976 0.140218 0.130087 0.107333 0.0960129 0.0894955 0.0747126 0.054922 0.0378007 0.0247862 0.0150346 0.00825422 0.00403797 0.00171594 0.000613363
 3.40655e-11 1.60228e-09 5.21852e-08 1.17691e-06 1.83791e-05 0.000198744 0.0014882 0.00771698 0.0277178 0.0690268 0.119636 0.146448 0.133537 0.10548 0.0893411 0.0814296 0.0689784 0.0527964 0.0381642 0.02602 0.0161665 0.00896993 0.00437977 0.0018389 0.000645387
 3.62063e-11 1.70297e-09 5.54646e-08 1.25086e-06 1.95341e-05 0.000211234 0.00158171 0.0082018 0.0294578 0.0733456 0.127025 0.155035 0.139886 0.107351 0.0869755 0.07642 0.0627855 0.0465215 0.0329443 0.0226567 0.0145465 0.0083883 0.00421756 0.00179701 0.000631636
 3.42233e-11 1.6097e-09 5.24269e-08 1.18236e-06 1.84642e-05 0.000199665 0.00149509 0.00775281 0.0278474 0.0693583 0.120271 0.147504 0.135378 0.108653 0.0935933 0.084875 0.0693354 0.0497267 0.0335803 0.0221094 0.0138356 0.00796194 0.00407647 0.00178407 0.000642165
 3.13379e-11 1.47398e-09 4.80067e-08 1.08267e-06 1.69075e-05 0.000182831 0.00136905 0.00709934 0.0255022 0.0635366 0.110309 0.135917 0.126774 0.106018 0.0965734 0.0913208 0.0773215 0.0578924 0.0405582 0.0268697 0.0164001 0.00910424 0.00454193 0.00197401 0.000716846
 3.1055e-11 1.46068e-09 4.75733e-08 1.0729e-06 1.67548e-05 0.00018118 0.00135669 0.00703519 0.025271 0.0629541 0.109252 0.134402 0.124695 0.102998 0.0927016 0.0879642 0.076323 0.0598526 0.0444399 0.0310535 0.0196969 0.0111144 0.00550581 0.00234637 0.000837115
 3.3843e-11 1.59182e-09 5.18444e-08 1.16922e-06 1.82591e-05 0.000197446 0.00147848 0.00766656 0.0275365 0.0685724 0.118831 0.145375 0.132281 0.103917 0.0873811 0.0794243 0.0676023 0.0526137 0.039399 0.028396 0.0188981 0.011221 0.00577989 0.00251213 0.000898053
 3.53922e-11 1.66468e-09 5.42175e-08 1.22274e-06 1.90948e-05 0.000206484 0.00154615 0.00801744 0.0287962 0.0717046 0.124225 0.151814 0.137614 0.106931 0.0882005 0.078302 0.0643915 0.0475722 0.0337232 0.0235349 0.0156399 0.00951088 0.0050923 0.00230533 0.000851348
 3.46037e-11 1.62759e-09 5.30097e-08 1.1955e-06 1.86695e-05 0.000201884 0.00151171 0.00783894 0.0281562 0.0701219 0.121557 0.148906 0.136103 0.108093 0.0918681 0.0828459 0.0679349 0.0492292 0.033643 0.0223482 0.0141243 0.00829704 0.00440574 0.00202502 0.000768947
 3.43957e-11 1.61781e-09 5.26911e-08 1.18831e-06 1.85573e-05 0.000200671 0.00150262 0.00779181 0.0279869 0.0696992 0.120819 0.147973 0.135168 0.107218 0.0911293 0.0826249 0.0686969 0.0508867 0.0354392 0.0235194 0.0144825 0.00815061 0.00414447 0.00185079 0.000696595
 3.41975e-11 1.60849e-09 5.23874e-08 1.18147e-06 1.84503e-05 0.000199515 0.00149397 0.00774693 0.0278258 0.0692994 0.120135 0.147181 0.134587 0.10705 0.0913114 0.0829305 0.0689577 0.0511475 0.0358579 0.0241005 0.0150147 0.00844383 0.00421167 0.00182161 0.000663919
 3.32797e-11 1.56532e-09 5.09814e-08 1.14976e-06 1.79551e-05 0.00019416 0.00145387 0.00753908 0.0270799 0.0674493 0.116978 0.143547 0.132017 0.106573 0.0927569 0.0853218 0.0713602 0.0531444 0.037403 0.0252466 0.015826 0.00896885 0.00449365 0.00193442 0.000694092
 3.28044e-11 1.54296e-09 5.02533e-08 1.13334e-06 1.76987e-05 0.000191387 0.00143311 0.00743142 0.0266934 0.0664876 0.115318 0.141549 0.13031 0.105491 0.0922675 0.0854359 0.0722256 0.0546972 0.0392146 0.0268365 0.01697 0.00968149 0.00488023 0.00211019 0.000757426
 3.39215e-11 1.5955e-09 5.19645e-08 1.17193e-06 1.83014e-05 0.000197904 0.0014819 0.00768437 0.0276009 0.0687371 0.119146 0.145901 0.133204 0.10554 0.0896784 0.0816425 0.0687073 0.0521503 0.0376892 0.0261423 0.0168082 0.00974358 0.00497331 0.00216933 0.000783119
 3.38674e-11 1.59296e-09 5.18817e-08 1.17006e-06 1.82722e-05 0.000197589 0.00147954 0.00767215 0.0275573 0.0686321 0.118987 0.145814 0.133465 0.106422 0.0910913 0.0829276 0.0690923 0.051482 0.0365106 0.0250969 0.0161823 0.00948624 0.00491476 0.00217555 0.000794926
#obs catch len freq
 2.11117e-11 9.92991e-10 3.23411e-08 7.29373e-07 1.13902e-05 0.00012317 0.00092231 0.0047829 0.0171836 0.0428359 0.0745366 0.092631 0.0889637 0.0798791 0.079961 0.0826361 0.0789588 0.0718531 0.0655227 0.0592649 0.0517817 0.0427986 0.0323825 0.0213553 0.0116147
 2.23282e-11 1.05021e-09 3.42047e-08 7.71403e-07 1.20466e-05 0.000130267 0.000975455 0.00505845 0.0181729 0.0452949 0.0787674 0.097663 0.0930792 0.0821359 0.0806595 0.082448 0.0781492 0.0702397 0.0629193 0.055942 0.0483898 0.0398308 0.0299875 0.0195987 0.0105451
 8.34177e-16 3.931e-14 1.28992e-12 2.99524e-11 5.21186e-10 7.93107e-09 1.2765e-07 2.06778e-06 2.74763e-05 0.000266405 0.00181469 0.00860332 0.0283843 0.0655544 0.107758 0.131267 0.128763 0.114604 0.100689 0.0877927 0.0745171 0.0603628 0.0449317 0.0291184 0.0155442
 1.10663e-11 5.20504e-10 1.69525e-08 3.82321e-07 5.97049e-06 6.4562e-05 0.000483427 0.00250652 0.00899906 0.0223725 0.0385175 0.0459637 0.0383682 0.0244976 0.0204237 0.0371123 0.0730989 0.111187 0.130454 0.12615 0.108456 0.0864748 0.0631862 0.0403586 0.0213186
 5.1229e-11 2.40957e-09 7.8478e-08 1.76988e-06 2.76391e-05 0.000298877 0.00223793 0.0116035 0.041661 0.103585 0.178405 0.213079 0.177243 0.104409 0.0462623 0.0183944 0.00915928 0.00804625 0.0112219 0.0156126 0.0177587 0.0163435 0.0124923 0.00798484 0.00417269
 3.03485e-11 1.42745e-09 4.64911e-08 1.04849e-06 1.63737e-05 0.00017706 0.00132585 0.00687575 0.0247048 0.0616067 0.107345 0.134072 0.130719 0.120285 0.11943 0.111454 0.081621 0.0441262 0.0187687 0.00882153 0.00722157 0.00748533 0.00669063 0.00469907 0.00255207
 3.74196e-11 1.76004e-09 5.73233e-08 1.29279e-06 2.01887e-05 0.000218312 0.00163471 0.00847645 0.0304421 0.0757739 0.131079 0.159273 0.141472 0.104123 0.0800351 0.0706332 0.0628598 0.0516407 0.037354 0.0223524 0.0109935 0.00524086 0.00311341 0.00207595 0.00118724
 2.45491e-11 1.15467e-09 3.76069e-08 8.48131e-07 1.32448e-05 0.000143225 0.0010725 0.00556208 0.0199875 0.0498693 0.0870742 0.109607 0.109597 0.106488 0.112867 0.113246 0.0949119 0.0686341 0.0477219 0.032908 0.0207837 0.0111711 0.00514713 0.00222794 0.000965658
 3.87967e-11 1.82481e-09 5.94329e-08 1.34036e-06 2.09317e-05 0.000226346 0.00169486 0.00878817 0.0315592 0.078531 0.135687 0.164112 0.143314 0.100248 0.0705956 0.0590916 0.0536469 0.0475881 0.0391797 0.0286504 0.0184055 0.0104692 0.00520034 0.00219911 0.000790606
 3.31166e-11 1.55765e-09 5.07316e-08 1.14412e-06 1.78672e-05 0.000193209 0.00144675 0.00750224 0.0269489 0.0671344 0.116511 0.143345 0.132986 0.109554 0.0971426 0.0883153 0.0700876 0.0480919 0.0323048 0.0230525 0.0162911 0.0102855 0.00549201 0.00242414 0.000872761
 3.57582e-11 1.68189e-09 5.47782e-08 1.23539e-06 1.92923e-05 0.00020862 0.00156214 0.00810028 0.0290931 0.0724361 0.12544 0.153057 0.137979 0.105718 0.0858072 0.0764373 0.0646877 0.0496541 0.0354804 0.0236005 0.0145922 0.00852829 0.00461348 0.00216074 0.00082349
 3.68204e-11 1.73185e-09 5.64053e-08 1.27208e-06 1.98654e-05 0.000214816 0.00160854 0.00834089 0.0299572 0.0745867 0.129158 0.157565 0.141927 0.108379 0.087042 0.0757137 0.0613902 0.0446397 0.0310084 0.0210369 0.0133729 0.00768264 0.00392918 0.00175924 0.000666435
 3.65596e-11 1.71959e-09 5.60058e-08 1.26307e-06 1.97247e-05 0.000213295 0.00159715 0.00828186 0.0297457 0.0740645 0.128286 0.156649 0.141579 0.109115 0.0888308 0.0778879 0.0630796 0.0452876 0.0305593 0.0199324 0.0122702 0.00694735 0.00352729 0.00155272 0.000572707
 3.86946e-11 1.82001e-09 5.92764e-08 1.33683e-06 2.08766e-05 0.000225751 0.00169041 0.00876532 0.0314803 0.0783652 0.13561 0.165002 0.147234 0.109509 0.0844315 0.071447 0.0573332 0.0412787 0.0279385 0.0180982 0.010908 0.00598729 0.00294786 0.00126705 0.000458681
 3.35283e-11 1.57701e-09 5.13621e-08 1.15835e-06 1.80893e-05 0.00019561 0.00146474 0.00759547 0.0272835 0.0679649 0.117932 0.145001 0.134244 0.11011 0.0974358 0.0893495 0.0724572 0.0507722 0.033078 0.0208614 0.0124085 0.00673137 0.00325194 0.00136242 0.000480173
 3.18641e-11 1.49873e-09 4.88128e-08 1.10085e-06 1.71914e-05 0.000185901 0.00139203 0.00721848 0.0259294 0.0645928 0.112088 0.137853 0.127769 0.105251 0.0942964 0.0889043 0.076196 0.058276 0.0414857 0.0273695 0.0162516 0.00861658 0.00406321 0.00166689 0.000575423
 3.63003e-11 1.70739e-09 5.56087e-08 1.25412e-06 1.95848e-05 0.000211782 0.00158582 0.00822304 0.0295334 0.073526 0.127285 0.155109 0.139183 0.10526 0.0836954 0.0734453 0.0618932 0.0480934 0.0357605 0.0252142 0.0161205 0.00905595 0.00438205 0.0017932 0.000608723
 3.51239e-11 1.65206e-09 5.38065e-08 1.21347e-06 1.89501e-05 0.000204919 0.00153444 0.00795675 0.0285791 0.0711714 0.123353 0.150993 0.137646 0.108534 0.091218 0.0814065 0.0660421 0.0473539 0.0323957 0.0219948 0.0142944 0.00844462 0.00433863 0.00186635 0.000652532
 3.34357e-11 1.57266e-09 5.12204e-08 1.15515e-06 1.80393e-05 0.00019507 0.00146069 0.00757442 0.027207 0.0677654 0.117525 0.144217 0.132625 0.107049 0.0931496 0.085645 0.0715003 0.0529052 0.0366686 0.0242008 0.014899 0.00845137 0.00432826 0.00191608 0.000698346
 2.99915e-11 1.41066e-09 4.59442e-08 1.03616e-06 1.61811e-05 0.000174977 0.00131024 0.00679441 0.0244078 0.0608179 0.105645 0.130434 0.122506 0.104201 0.0969926 0.0931577 0.0800329 0.0612412 0.0441895 0.0301896 0.0188817 0.0106045 0.00528545 0.00228612 0.000829593
 3.32963e-11 1.5661e-09 5.10067e-08 1.15033e-06 1.79641e-05 0.000194256 0.00145459 0.00754269 0.0270916 0.0674638 0.116906 0.143006 0.130091 0.10219 0.0861895 0.0792326 0.0690399 0.0554868 0.0425117 0.030619 0.0200037 0.0116144 0.00588747 0.00254374 0.000912353
 3.56148e-11 1.67515e-09 5.45585e-08 1.23043e-06 1.9215e-05 0.000207783 0.00155587 0.00806782 0.0289768 0.0721492 0.124962 0.152559 0.137792 0.106041 0.0863015 0.0761475 0.0629197 0.047247 0.0344123 0.0247505 0.0168116 0.0102865 0.00546281 0.00243843 0.000889818
 3.58863e-11 1.68792e-09 5.49744e-08 1.23981e-06 1.93614e-05 0.000209367 0.00156774 0.00812936 0.0291982 0.0727042 0.125948 0.153883 0.139367 0.108022 0.0887176 0.0783604 0.0639101 0.046439 0.0320225 0.0216194 0.0139868 0.00842718 0.00455853 0.00210977 0.000798874
 3.48208e-11 1.6378e-09 5.33421e-08 1.203e-06 1.87866e-05 0.000203151 0.00152119 0.00788809 0.0283326 0.0705588 0.122299 0.149743 0.136642 0.108063 0.091359 0.0822587 0.0676577 0.0492971 0.0337545 0.0222138 0.0137271 0.00783481 0.0040658 0.00185262 0.000707413
 3.45539e-11 1.62525e-09 5.29333e-08 1.19378e-06 1.86426e-05 0.000201594 0.00150953 0.00782761 0.0281153 0.0700166 0.121353 0.148556 0.13547 0.106987 0.0904171 0.0817984 0.0681655 0.0507963 0.0356496 0.0237942 0.0146478 0.00816397 0.00407344 0.00177957 0.000658571
 3.3692e-11 1.58471e-09 5.16129e-08 1.164e-06 1.81776e-05 0.000196565 0.00147188 0.00763242 0.0274149 0.0682792 0.118389 0.145145 0.133062 0.106544 0.0917421 0.0839029 0.070141 0.0523788 0.0370245 0.0250807 0.015724 0.00887043 0.00441256 0.00188984 0.000678515
 3.23759e-11 1.52281e-09 4.95968e-08 1.11853e-06 1.74675e-05 0.000188887 0.00141439 0.00733437 0.0263453 0.0656238 0.113844 0.139854 0.129114 0.105276 0.0929526 0.0865559 0.0733384 0.0556186 0.0399406 0.0273902 0.0173587 0.00991624 0.00499386 0.00215217 0.000769357
 3.27896e-11 1.54227e-09 5.02306e-08 1.13283e-06 1.76907e-05 0.000191301 0.00143246 0.00742803 0.0266809 0.0664523 0.11523 0.141315 0.129696 0.104202 0.0903571 0.0836133 0.0713996 0.0551768 0.0405839 0.0284608 0.018387 0.0106804 0.00545688 0.00238025 0.000858186
 3.3676e-11 1.58396e-09 5.15885e-08 1.16345e-06 1.8169e-05 0.000196472 0.00147118 0.00762876 0.0274013 0.0682403 0.118287 0.144863 0.132302 0.104923 0.0892856 0.0814171 0.0687026 0.052462 0.038362 0.027099 0.0178367 0.0106037 0.00553801 0.00246051 0.000900158
#spawning biomass
 26234.4 22498.6 16666.4 11602.7 13336.7 26444.7 38728.2 45210.6 53554.3 72048.9 88296.3 102677 104290 134103 148479 136395 142988 153726 164016 162050 152073 152275 156695 173121 182695 192766 205158 205264 218476 247034 272138 171795 99856.2 59382.5 38950.8 29282.6 24890.8 22948.4 22104.5 21742.2 21588 21522.7 21495.2 21483.6 21478.8 21476.7 21475.9 21475.5 21475.4 21475.3 21475.3 21475.3 21475.3 21475.3 21475.3 21475.3 21475.3 21475.3 21475.3 21475.3 21475.3 21475.3 21475.3 21475.3 21475.3 21475.3 21475.3 21475.3 21475.3 21475.3 21475.3 21475.3 21475.3 21475.3 21475.3 21475.3 21475.3 21475.3 21475.3 21475.3 21475.3 21475.3 21475.3 21475.3 21475.3 21475.3 21475.3 21475.3 21475.3 21475.3 21475.3 21475.3 21475.3 21475.3 21475.3 21475.3 21475.3 21475.3 21475.3 21475.3 21475.3 21475.3 21475.3 21475.3 21475.3 21475.3 21475.3 21475.3 21475.3 21475.3 21475.3 21475.3 21475.3 21475.3 21475.3 21475.3 21475.3 21475.3 21475.3 21475.3 21475.3 21475.3 21475.3 21475.3 21475.3 21475.3 21475.3 21475.3 21475.3 0 0 0 0 0 0 0 0 0 0 0 0 0 0 0 0 0 0 0 0 0 0 0 0 0
