SBPRF35
0.223154
Curr Bio
243756
B35
383563
F35
0.409598
FOFL
0.15225
OFL
30955.3
Bzero
63758.1
#pred survey bio
 88446.7 79031.1 59226.4 46060 73424 116726 174820 239724 318763 345202 359142 355954 385059 426124 425469 406724 417428 437909 495858 496888 469245 476507 460614 468886 457027 437806 457614 380790 1.01549e+07 5.67324e+06 3.99454e+06 2.6106e+06 1.72959e+06 1.23146e+06 965580 826918 754652 716426 695695 684105 677421 673452 671035 669531 668587 667988 667605 667358 667198 667094 667027 666983 666955 666936 666924 666916 666911 666907 666905 666904 666903 666902 666902 666901 666901 666901 666901 666901 666901 666901 666901 666901 666901 666901 666901 666901 666901 666901 666901 666901 666901 666901 666901 666901 666901 666901 666901 666901 666901 666901 666901 666901 666901 666901 666901 666901 666901 666901 666901 666901 666901 666901 666901 666901 666901 666901 666901 666901 666901 666901 666901 666901 666901 666901 666901 666901 666901 666901 666901 666901 666901 666901 666901 666901 666901 666901 666901 666901 0 0 0 0 0 0 0 0 0 0 0 0 0 0 0 0 0 0 0 0 0 0 0 0 0
#obs survey bio
 77972.1 50012.2 37000.6 61991.5 63505.8 152941 222647 240155 526104 289709 340449 372907 431616 489478 349423 377829 340361 436478 574930 555258 320170 430440 492428 404623 523071 465668 485372 369426
#pred catch bio
 13024.5 13944.3 12934 8528.67 15240.8 27236.6 43661.4 57803.5 102479 118649 149062 141252 147402 187991 199040 183394 186038 168810 207704 211744 190295 213058 194541 202765 199175 177035 231222 233940 30955.3 72809.5 49356.2 30848.8 19567.7 13522 10513.9 9084.4 8424.94 8126.65 7993.5 7934.6 7908.71 7897.38 7892.43 7890.27 7889.33 7888.93 7888.75 7888.68 7888.64 7888.63 7888.62 7888.62 7888.62 7888.62 7888.62 7888.62 7888.62 7888.62 7888.62 7888.62 7888.62 7888.62 7888.62 7888.62 7888.62 7888.62 7888.62 7888.62 7888.62 7888.62 7888.62 7888.62 7888.62 7888.62 7888.62 7888.62 7888.62 7888.62 7888.62 7888.62 7888.62 7888.62 7888.62 7888.62 7888.62 7888.62 7888.62 7888.62 7888.62 7888.62 7888.62 7888.62 7888.62 7888.62 7888.62 7888.62 7888.62 7888.62 7888.62 7888.62 7888.62 7888.62 7888.62 7888.62 7888.62 7888.62 7888.62 7888.62 7888.62 7888.62 7888.62 7888.62 7888.62 7888.62 7888.62 7888.62 7888.62 7888.62 7888.62 7888.62 7888.62 7888.62 7888.62 7888.62 7888.62 7888.62 7888.62 7888.62 0 0 0 0 0 0 0 0 0 0 0 0 0 0 0 0 0 0 0 0 0 0 0 0 0
#obs catch bio
 16569.5 14481.8 14134 8770 15579.9 26996.9 42245.7 54779.8 93955.3 110975 144995 138470 141388 181460 204568 188112 194295 172498 210292 206582 190750 214022 194812 201765 194936 169618 232533 237556
#pred cpue bio
 85695.4 77886.2 58909.9 44623.7 67183.3 109080 163339 225264 300327 327169 339508 333331 360114 399166 397521 379633 388661 407687 464086 466655 442019 446995 430765 439238 428870 410972 428674 356591 9.30794e+06 5.64715e+06 3.96845e+06 2.58451e+06 1.70349e+06 1.20537e+06 939489 800826 728560 690335 669604 658014 651329 647360 644944 643439 642496 641897 641514 641267 641107 641003 640936 640892 640863 640845 640832 640824 640819 640816 640814 640812 640811 640811 640810 640810 640810 640810 640810 640810 640810 640810 640810 640810 640810 640810 640810 640810 640810 640810 640810 640810 640810 640810 640810 640810 640810 640810 640810 640810 640810 640810 640810 640810 640810 640810 640810 640810 640810 640810 640810 640810 640810 640810 640810 640810 640810 640810 640810 640810 640810 640810 640810 640810 640810 640810 640810 640810 640810 640810 640810 640810 640810 640810 640810 640810 640810 640810 640810 640810 0 0 0 0 0 0 0 0 0 0 0 0 0 0 0 0 0 0 0 0 0 0 0 0 0
#obs cpue bio
 55230.7 73314.3 39199.3 44130.7 99655.8 124462 187271 287976 335729 372107 338975 317509 405392 398782 349542 355961 393175 358219 445595 534274 532479 527808 382975 546800 443078 453697 358786 344712
#pred surv len freq
 2.7129e-11 1.27602e-09 4.15591e-08 9.3726e-07 1.46367e-05 0.000158276 0.00118517 0.00614579 0.0220762 0.0549947 0.095436 0.117391 0.108884 0.0899839 0.0814852 0.0789074 0.0717 0.0611279 0.0513429 0.0426923 0.0351308 0.0290061 0.0236065 0.0176496 0.011081
 1.50376e-11 7.07296e-10 2.30362e-08 5.19523e-07 8.11314e-06 8.77335e-05 0.000656985 0.00340751 0.0122497 0.030611 0.0537726 0.0692111 0.0740204 0.0814354 0.097007 0.106761 0.101209 0.087785 0.0743457 0.0614882 0.0490298 0.0378866 0.0282072 0.0193836 0.0114357
 6.96942e-12 3.27808e-10 1.06765e-08 2.40782e-07 3.76018e-06 4.06621e-05 0.000304506 0.00157959 0.00568185 0.0142318 0.0252283 0.0335487 0.0393087 0.0501663 0.0689624 0.088836 0.104633 0.114857 0.114982 0.1029 0.0836112 0.063122 0.0443356 0.0282083 0.0154584
 3.07486e-11 1.44627e-09 4.7104e-08 1.06231e-06 1.65895e-05 0.000179391 0.00134326 0.00696483 0.0250082 0.0621994 0.107261 0.128749 0.109278 0.0697871 0.0413049 0.0329648 0.0382474 0.050024 0.0622159 0.0687786 0.0659464 0.0545083 0.0389269 0.0239239 0.0123711
 4.73182e-11 2.22562e-09 7.2487e-08 1.63476e-06 2.55291e-05 0.000276061 0.0020671 0.010718 0.0384849 0.0957215 0.165091 0.198256 0.168451 0.107244 0.0599029 0.0361423 0.0235478 0.0155555 0.0124758 0.0133227 0.0149166 0.0145708 0.0117035 0.00759375 0.00393249
 3.81825e-11 1.79592e-09 5.8492e-08 1.31914e-06 2.06003e-05 0.000222763 0.00166805 0.00864953 0.0310665 0.0773574 0.134016 0.163764 0.148358 0.114865 0.0932978 0.0792745 0.0588305 0.0353878 0.0185405 0.0101528 0.00710855 0.00620898 0.0053293 0.00378981 0.00208971
 3.87095e-11 1.82071e-09 5.92994e-08 1.33735e-06 2.08846e-05 0.000225838 0.00169106 0.00876868 0.0314918 0.0783903 0.135627 0.164898 0.146754 0.108415 0.0830136 0.0708135 0.058511 0.0437152 0.0296653 0.0178761 0.00948673 0.00491037 0.00288518 0.00182328 0.00101685
 3.68807e-11 1.73469e-09 5.64979e-08 1.27417e-06 1.9898e-05 0.000215169 0.00161118 0.00835456 0.0300061 0.0747076 0.129361 0.157779 0.142017 0.108252 0.0867798 0.0756116 0.0617479 0.045422 0.0317733 0.021272 0.0129158 0.00685113 0.00322985 0.00144296 0.000628668
 3.62335e-11 1.70425e-09 5.55063e-08 1.25181e-06 1.95487e-05 0.000211392 0.0015829 0.00820794 0.0294795 0.0733967 0.127093 0.155021 0.139571 0.106515 0.0857574 0.0755185 0.0629461 0.0476873 0.0342682 0.0234232 0.0147078 0.00824827 0.0040358 0.00169505 0.000613145
 3.41555e-11 1.60651e-09 5.23231e-08 1.18002e-06 1.84276e-05 0.000199269 0.00149213 0.00773737 0.027791 0.0692085 0.119948 0.146814 0.133815 0.105559 0.0891426 0.0808393 0.0679425 0.051597 0.0373989 0.0260732 0.0168407 0.00976183 0.00494306 0.00212308 0.000754247
 3.54356e-11 1.66672e-09 5.4284e-08 1.22424e-06 1.91183e-05 0.000206737 0.00154804 0.00802719 0.0288303 0.0717807 0.124296 0.151617 0.136536 0.104305 0.0842799 0.0748949 0.0636241 0.0497837 0.0372665 0.0265729 0.0174609 0.0103346 0.00537602 0.00237613 0.000862406
 3.85543e-11 1.81341e-09 5.90616e-08 1.33199e-06 2.08009e-05 0.000224932 0.00168428 0.00873349 0.0313651 0.0780719 0.135055 0.164105 0.145723 0.106912 0.0807476 0.0677822 0.0552517 0.0415556 0.0302692 0.0215829 0.0144824 0.00880784 0.00470211 0.00213011 0.000791775
 3.85274e-11 1.81214e-09 5.90204e-08 1.33106e-06 2.07864e-05 0.000224775 0.00168311 0.00872746 0.0313442 0.0780272 0.135028 0.164307 0.146654 0.109147 0.0841729 0.0710718 0.0567243 0.0406387 0.0277452 0.0186785 0.0120941 0.00727763 0.00392463 0.00181598 0.000691416
 3.78954e-11 1.78242e-09 5.80522e-08 1.30922e-06 2.04454e-05 0.000221088 0.0016555 0.00858434 0.0308306 0.0767536 0.132856 0.161818 0.14493 0.108943 0.0854504 0.0732598 0.0592065 0.0428879 0.0292455 0.0191566 0.0117891 0.00671423 0.00348262 0.00158684 0.000606229
 3.87462e-11 1.82243e-09 5.93555e-08 1.33861e-06 2.09044e-05 0.000226051 0.00169266 0.00877699 0.0315218 0.0784668 0.135771 0.165129 0.147126 0.108969 0.083491 0.0704749 0.0567893 0.0413406 0.0284457 0.0187639 0.0114994 0.00639874 0.00318862 0.00139157 0.000514764
 3.89292e-11 1.83104e-09 5.96359e-08 1.34494e-06 2.10031e-05 0.000227119 0.00170066 0.00881847 0.0316709 0.0788388 0.136421 0.165949 0.147948 0.109749 0.0842009 0.0708574 0.0564971 0.0403779 0.0272496 0.0177907 0.0108928 0.00605982 0.00299236 0.00127734 0.00045794
 3.96587e-11 1.86536e-09 6.07534e-08 1.37014e-06 2.13967e-05 0.000231375 0.00173253 0.00898366 0.0322636 0.0803086 0.138926 0.168814 0.149917 0.109969 0.0828408 0.0688338 0.0546891 0.0390676 0.0262654 0.0169654 0.0102324 0.00561584 0.00274706 0.00116253 0.000411412
 3.95967e-11 1.86244e-09 6.06585e-08 1.368e-06 2.13633e-05 0.000231014 0.00172982 0.00896965 0.0322134 0.0801858 0.138727 0.168637 0.149965 0.110429 0.0836642 0.0696466 0.0550608 0.038902 0.0258137 0.016505 0.00987499 0.00536668 0.00259273 0.00108311 0.000378735
 3.79497e-11 1.78497e-09 5.81355e-08 1.3111e-06 2.04747e-05 0.000221405 0.00165787 0.00859667 0.0308752 0.0768666 0.133067 0.162145 0.145447 0.109791 0.0866131 0.074359 0.059746 0.0427128 0.0285816 0.0182806 0.0108538 0.00583208 0.00278452 0.00114973 0.000397304
 3.69935e-11 1.74e-09 5.66705e-08 1.27806e-06 1.99588e-05 0.000215826 0.0016161 0.00838009 0.0300977 0.0749353 0.129752 0.158242 0.142389 0.108452 0.0868802 0.075753 0.0619519 0.0454507 0.0313508 0.0205447 0.0123697 0.00667654 0.00317668 0.00130027 0.000444431
 3.61227e-11 1.69904e-09 5.53366e-08 1.24798e-06 1.9489e-05 0.000210746 0.00157806 0.00818288 0.0293899 0.0731777 0.126741 0.15472 0.139709 0.107454 0.087406 0.0771488 0.0637121 0.0473862 0.0333599 0.0224299 0.0138898 0.00769282 0.00372685 0.00153799 0.000525613
 3.77378e-11 1.775e-09 5.78107e-08 1.30378e-06 2.03603e-05 0.000220168 0.00164861 0.00854859 0.0307018 0.0764285 0.132264 0.160958 0.143721 0.10715 0.0831362 0.0712707 0.0586696 0.0441587 0.0316718 0.0217318 0.0137642 0.00782349 0.00389367 0.00164541 0.000572078
 3.8539e-11 1.81269e-09 5.90382e-08 1.33146e-06 2.07926e-05 0.000224843 0.00168361 0.00873008 0.0313535 0.0780491 0.135057 0.164303 0.146526 0.108801 0.0836573 0.070666 0.0567614 0.0411823 0.0285121 0.019276 0.0122957 0.0071269 0.00363492 0.00157575 0.000561207
 3.7852e-11 1.78038e-09 5.79858e-08 1.30772e-06 2.0422e-05 0.000220835 0.0016536 0.00857452 0.0307955 0.076667 0.132713 0.161674 0.1449 0.109121 0.0857982 0.0735804 0.0592957 0.0427498 0.0290792 0.0191143 0.011834 0.00672925 0.00342633 0.00150436 0.000546608
 3.73213e-11 1.75542e-09 5.71728e-08 1.28939e-06 2.01357e-05 0.000217739 0.00163042 0.00845434 0.0303641 0.0755958 0.130878 0.159527 0.143265 0.108521 0.0861823 0.0746411 0.0607859 0.044442 0.0306269 0.0201875 0.0123563 0.00687314 0.00341826 0.00147767 0.000535078
 3.72883e-11 1.75386e-09 5.71222e-08 1.28825e-06 2.01178e-05 0.000217546 0.00162898 0.00844684 0.0303371 0.0755275 0.130752 0.159342 0.142996 0.108109 0.0856343 0.0741382 0.0605826 0.0446485 0.0311461 0.0208105 0.0128777 0.0071866 0.00354777 0.00151037 0.00053801
 3.8035e-11 1.78899e-09 5.82661e-08 1.31405e-06 2.05207e-05 0.000221903 0.0016616 0.00861594 0.0309437 0.0770313 0.133311 0.16225 0.144926 0.108134 0.0839015 0.0716303 0.0583027 0.0430319 0.0301664 0.0203192 0.012712 0.00717853 0.00357496 0.00152526 0.00054057
 3.79652e-11 1.7857e-09 5.81592e-08 1.31163e-06 2.04831e-05 0.000221495 0.00165855 0.00860016 0.0308875 0.0768953 0.133103 0.162127 0.14523 0.109203 0.0856315 0.0732332 0.0588533 0.0423381 0.0288464 0.0190964 0.011907 0.00676133 0.00339891 0.00146374 0.000522072
#obs surv len freq
 2.50412e-11 1.17782e-09 3.83608e-08 8.65134e-07 1.35103e-05 0.000146096 0.00109397 0.00567297 0.0203793 0.0507819 0.0882243 0.108987 0.102582 0.0878474 0.0830558 0.0823741 0.0757877 0.0659781 0.0576764 0.0501931 0.0418904 0.0326658 0.0231331 0.0142546 0.0072614
 5.04692e-12 2.37383e-10 7.7314e-09 1.74364e-07 2.72298e-06 2.94472e-05 0.000220557 0.00114487 0.0041289 0.0104478 0.0192391 0.0288878 0.0435321 0.070575 0.103951 0.12363 0.121512 0.108708 0.0948738 0.0809097 0.0664431 0.0516047 0.0364971 0.0223619 0.0113006
 1.68831e-14 7.94115e-13 2.58659e-11 5.83527e-10 9.12417e-09 9.91614e-08 7.57279e-07 4.23095e-06 1.9539e-05 9.16722e-05 0.000455265 0.00198551 0.00666665 0.0170117 0.0349992 0.0626916 0.0997317 0.135214 0.151944 0.144673 0.12245 0.0948551 0.0664632 0.0404277 0.0203158
 5.24926e-11 2.469e-09 8.04137e-08 1.81353e-06 2.83209e-05 0.000306249 0.00229313 0.0118896 0.0426868 0.106122 0.182686 0.217767 0.179761 0.102823 0.0410478 0.0124544 0.0055777 0.00757907 0.0123912 0.0167763 0.0182927 0.0162959 0.0120655 0.00742953 0.00372463
 3.37202e-11 1.58604e-09 5.16561e-08 1.16498e-06 1.81928e-05 0.00019673 0.00147313 0.00763922 0.0274437 0.0683937 0.118878 0.147108 0.139138 0.119736 0.110607 0.0991689 0.0709191 0.0372176 0.0153476 0.00774008 0.00728517 0.00778456 0.00681808 0.00464421 0.00244095
 4.04363e-11 1.90193e-09 6.19445e-08 1.39701e-06 2.18162e-05 0.000235911 0.00176648 0.00915961 0.0328937 0.0818576 0.141475 0.171304 0.150199 0.10628 0.0760322 0.0630818 0.0542157 0.0434299 0.0307347 0.0180835 0.00889318 0.00444987 0.0028424 0.0019426 0.00109902
 3.8202e-11 1.79684e-09 5.85218e-08 1.31981e-06 2.06108e-05 0.000222877 0.00166889 0.00865379 0.0310804 0.0773767 0.133946 0.163195 0.146314 0.110232 0.0864891 0.0734376 0.0579622 0.040773 0.0276433 0.0185979 0.0115208 0.00613729 0.00286153 0.00128625 0.000579313
 3.76502e-11 1.77088e-09 5.76765e-08 1.30075e-06 2.03131e-05 0.000219657 0.00164478 0.00852879 0.0306313 0.0762576 0.132002 0.160797 0.144084 0.108478 0.0853966 0.0736705 0.0601449 0.0441575 0.0303858 0.019844 0.0120215 0.00662208 0.00323213 0.00136279 0.0004967
 3.75387e-11 1.76564e-09 5.75057e-08 1.2969e-06 2.02529e-05 0.000219007 0.00163992 0.00850353 0.0305406 0.0760319 0.131611 0.160323 0.143662 0.108158 0.0851168 0.0733676 0.0598804 0.0441649 0.03087 0.0206554 0.0127569 0.00706973 0.0034503 0.00144829 0.000509754
 3.3195e-11 1.56133e-09 5.08516e-08 1.14683e-06 1.79094e-05 0.000193666 0.00145017 0.0075199 0.0270114 0.0672801 0.116697 0.143265 0.131956 0.106921 0.093471 0.0860738 0.0717749 0.0531216 0.0371264 0.0249338 0.0155701 0.00877412 0.00435123 0.00184283 0.000646761
 3.8494e-11 1.81057e-09 5.89692e-08 1.3299e-06 2.07684e-05 0.00022458 0.00168164 0.00871978 0.0313155 0.0779437 0.134802 0.163654 0.144869 0.105396 0.0787978 0.0665307 0.0559354 0.044054 0.0330286 0.0231906 0.0147668 0.00840624 0.00421359 0.00180702 0.000641109
 3.89264e-11 1.83091e-09 5.96316e-08 1.34484e-06 2.10016e-05 0.000227103 0.00170053 0.00881781 0.0316685 0.0788315 0.1364 0.165885 0.147763 0.109322 0.0834415 0.069784 0.0552849 0.0394401 0.0271227 0.0186431 0.0122706 0.00731599 0.00379677 0.00166309 0.000598246
 3.79888e-11 1.78681e-09 5.81953e-08 1.31245e-06 2.04958e-05 0.000221633 0.00165958 0.00860551 0.0309069 0.0769441 0.133192 0.162257 0.145416 0.109491 0.0860422 0.0736845 0.0591712 0.0423296 0.0284195 0.0184127 0.0113158 0.00647884 0.00336254 0.00150937 0.000558597
 3.80589e-11 1.79011e-09 5.83026e-08 1.31487e-06 2.05336e-05 0.000222042 0.00166264 0.00862136 0.0309636 0.0770831 0.133419 0.162467 0.145395 0.109049 0.085246 0.072952 0.0589928 0.0428235 0.0292342 0.0190468 0.0115026 0.00631908 0.00312462 0.0013568 0.000497619
 3.91972e-11 1.84365e-09 6.00463e-08 1.3542e-06 2.11477e-05 0.000228683 0.00171236 0.00887913 0.0318885 0.0793769 0.137329 0.166945 0.148489 0.109426 0.0831103 0.0695999 0.0557141 0.0402376 0.0274559 0.017995 0.0109583 0.00602433 0.00293312 0.001236 0.0004385
 3.65202e-11 1.71773e-09 5.59454e-08 1.26171e-06 1.97034e-05 0.000213065 0.00159543 0.00827294 0.0297138 0.0739868 0.128162 0.15655 0.141655 0.10951 0.0895188 0.0785959 0.0634906 0.0453238 0.0303622 0.0196241 0.0118834 0.0065351 0.00318462 0.00133534 0.000467057
 4.07612e-11 1.91721e-09 6.24423e-08 1.40823e-06 2.19916e-05 0.000237808 0.00178068 0.00923328 0.0331589 0.0825237 0.142669 0.172943 0.152237 0.108843 0.0786137 0.0637701 0.051211 0.0379062 0.0265312 0.0175477 0.0106231 0.00578327 0.00279318 0.00116514 0.000405741
 3.58442e-11 1.68594e-09 5.49099e-08 1.23836e-06 1.93387e-05 0.000209121 0.0015659 0.0081199 0.0291651 0.0726302 0.125878 0.15407 0.140398 0.110558 0.0926019 0.0820362 0.0655035 0.0455179 0.0296744 0.0190223 0.0116276 0.00646609 0.00316035 0.0013186 0.000456767
 3.80284e-11 1.78868e-09 5.8256e-08 1.31382e-06 2.05172e-05 0.000221864 0.00166131 0.00861442 0.0309382 0.0770146 0.133265 0.162113 0.144553 0.107373 0.0829209 0.0711222 0.0589583 0.0446335 0.0316281 0.0208323 0.0124247 0.00667819 0.00321436 0.00134409 0.000468731
 3.5305e-11 1.66058e-09 5.40839e-08 1.21973e-06 1.90478e-05 0.000205976 0.00154234 0.00799774 0.0287261 0.0715343 0.123962 0.151643 0.137938 0.108166 0.0903115 0.0805638 0.0659029 0.0479858 0.0332289 0.0223824 0.0140517 0.00787235 0.0038318 0.00158694 0.000546872
 3.6339e-11 1.70921e-09 5.56679e-08 1.25545e-06 1.96057e-05 0.000212008 0.00158751 0.00823182 0.0295652 0.0736082 0.127448 0.155401 0.139745 0.106305 0.0852197 0.0749655 0.062694 0.0477486 0.0343872 0.023422 0.0146579 0.00827882 0.00413026 0.00175737 0.000615365
 3.81217e-11 1.79306e-09 5.83988e-08 1.31704e-06 2.05675e-05 0.000222408 0.00166538 0.00863554 0.031014 0.0772037 0.133593 0.162517 0.144921 0.107613 0.0828715 0.0704316 0.0573941 0.0427018 0.0304559 0.0210456 0.0135461 0.00784208 0.00397689 0.00171655 0.000611271
 3.81027e-11 1.79217e-09 5.83697e-08 1.31638e-06 2.05572e-05 0.000222298 0.00166455 0.00863128 0.0309992 0.0771713 0.133568 0.162634 0.145492 0.108996 0.0849859 0.0724298 0.0582066 0.0419801 0.0287489 0.0192038 0.0121591 0.0070593 0.00363949 0.00160397 0.000582207
 3.68393e-11 1.73275e-09 5.64344e-08 1.27274e-06 1.98756e-05 0.000214927 0.00160937 0.00834519 0.0299727 0.0746257 0.129229 0.157668 0.142074 0.108622 0.0874582 0.0763502 0.0621601 0.0452002 0.0309357 0.0203198 0.0124811 0.00702435 0.0035536 0.00156187 0.000572204
 3.73771e-11 1.75804e-09 5.72581e-08 1.29132e-06 2.01658e-05 0.000218064 0.00163286 0.00846693 0.0304092 0.0757052 0.131049 0.159651 0.143105 0.107848 0.0850563 0.0735549 0.0603291 0.0447724 0.0314119 0.0209916 0.0129366 0.00719702 0.00356173 0.00152992 0.000551922
 3.69531e-11 1.7381e-09 5.66086e-08 1.27667e-06 1.9937e-05 0.000215591 0.00161434 0.00837093 0.0300649 0.0748528 0.129605 0.158045 0.142155 0.108144 0.0864462 0.0751939 0.0613575 0.0450252 0.0313543 0.0210635 0.013182 0.00744379 0.00370279 0.00157951 0.000561506
 3.93037e-11 1.84866e-09 6.02096e-08 1.35788e-06 2.12052e-05 0.000229304 0.00171702 0.00890323 0.0319747 0.079588 0.13767 0.167247 0.148395 0.108607 0.081632 0.0680825 0.0548932 0.040334 0.0281443 0.0188612 0.0117639 0.00665415 0.00333484 0.00143407 0.00051135
 3.57422e-11 1.68114e-09 5.47536e-08 1.23483e-06 1.92837e-05 0.000208526 0.00156144 0.00809676 0.0290817 0.0724201 0.125497 0.153522 0.139645 0.109473 0.0912516 0.0809781 0.0654157 0.046466 0.0310518 0.0202215 0.0124713 0.00703243 0.00352346 0.00151836 0.000543593
#pred catch len freq
 2.49483e-11 1.17345e-09 3.82184e-08 8.6192e-07 1.34601e-05 0.000145553 0.00108991 0.00565193 0.0203039 0.0505965 0.087918 0.108683 0.102535 0.0882972 0.0840275 0.0835629 0.0765528 0.0653837 0.0549336 0.0456795 0.037589 0.0310358 0.0252583 0.0188846 0.0118564
 1.34474e-11 6.32501e-10 2.06002e-08 4.64585e-07 7.2552e-06 7.84563e-05 0.000587521 0.00304739 0.0109574 0.0274039 0.0482913 0.0628652 0.0694035 0.080235 0.0989132 0.110231 0.104843 0.0910008 0.0770777 0.0637486 0.0508322 0.0392794 0.0292441 0.0200962 0.0118561
 6.14196e-12 2.88888e-10 9.40891e-09 2.12195e-07 3.31375e-06 3.58346e-05 0.000268359 0.00139218 0.0050092 0.0125612 0.0223643 0.0301907 0.0367243 0.0491357 0.0693463 0.0900688 0.106283 0.116703 0.116835 0.104559 0.0849592 0.0641396 0.0450504 0.0286631 0.0157077
 2.86178e-11 1.34605e-09 4.38398e-08 9.88697e-07 1.54399e-05 0.00016696 0.00125018 0.00648224 0.0232758 0.0578945 0.0998644 0.120002 0.102291 0.0663602 0.0410073 0.0345576 0.0410243 0.0538697 0.0670264 0.0740987 0.0710477 0.0587247 0.0419381 0.0257745 0.0133281
 4.59988e-11 2.16356e-09 7.04659e-08 1.58918e-06 2.48173e-05 0.000268364 0.00200947 0.0104192 0.0374128 0.0930615 0.160549 0.193017 0.164705 0.106422 0.0616759 0.0389994 0.0260961 0.0173883 0.0139721 0.0149239 0.0167097 0.0163223 0.0131103 0.00850657 0.0044052
 3.632e-11 1.70832e-09 5.56389e-08 1.2548e-06 1.95955e-05 0.000211898 0.00158669 0.00822779 0.0295535 0.0736076 0.127639 0.156535 0.143612 0.114937 0.0977563 0.0854699 0.064061 0.0386363 0.0202549 0.0110929 0.00776684 0.00678396 0.00582283 0.00414076 0.00228323
 3.69016e-11 1.73567e-09 5.65298e-08 1.27489e-06 1.99092e-05 0.00021529 0.00161208 0.00835926 0.0300228 0.0747474 0.129418 0.157795 0.141874 0.107891 0.0865088 0.0762084 0.0636958 0.0477223 0.0324013 0.0195262 0.0103625 0.00536368 0.00315153 0.0019916 0.00111072
 3.49852e-11 1.64554e-09 5.35941e-08 1.20868e-06 1.88753e-05 0.00020411 0.00152838 0.00792532 0.028466 0.0708885 0.122853 0.150339 0.136919 0.107735 0.0904646 0.0812094 0.067006 0.0494155 0.0345834 0.0231548 0.0140591 0.0074576 0.00351575 0.0015707 0.000684318
 3.44901e-11 1.62225e-09 5.28357e-08 1.19158e-06 1.86082e-05 0.000201222 0.00150675 0.00781315 0.028063 0.0698837 0.121104 0.148161 0.134826 0.105917 0.0889662 0.0805084 0.0677348 0.0514314 0.036974 0.0252741 0.0158701 0.00890009 0.00435473 0.001829 0.000661598
 3.24134e-11 1.52457e-09 4.96543e-08 1.11983e-06 1.74878e-05 0.000189106 0.00141603 0.00734286 0.0263755 0.065698 0.113963 0.139956 0.129066 0.104943 0.0923174 0.0857805 0.0726765 0.0552985 0.040096 0.0279548 0.0180561 0.0104664 0.00529981 0.0022763 0.000808681
 3.38914e-11 1.59409e-09 5.19185e-08 1.17089e-06 1.82852e-05 0.000197728 0.00148059 0.0076775 0.0275756 0.0686685 0.118988 0.145522 0.132276 0.103645 0.0869231 0.0791184 0.0677635 0.053126 0.0397821 0.0283678 0.0186405 0.0110327 0.00573919 0.00253664 0.000920665
 3.7058e-11 1.74303e-09 5.67694e-08 1.28029e-06 1.99936e-05 0.000216203 0.00161892 0.00839464 0.0301493 0.0750566 0.129914 0.158213 0.141638 0.106368 0.0834457 0.0719822 0.0592619 0.0446822 0.0325615 0.0232187 0.0155802 0.00947549 0.00505854 0.00229157 0.000851793
 3.69986e-11 1.74024e-09 5.66783e-08 1.27824e-06 1.99615e-05 0.000215856 0.00161632 0.00838125 0.030102 0.0749471 0.12978 0.158311 0.142558 0.108765 0.0871909 0.0756117 0.06093 0.0437579 0.029889 0.020123 0.0130295 0.00784051 0.00422818 0.00195644 0.000744893
 3.64843e-11 1.71605e-09 5.58906e-08 1.26047e-06 1.96841e-05 0.000212856 0.00159386 0.0082648 0.0296842 0.0739107 0.128013 0.156283 0.141147 0.108587 0.088238 0.0774716 0.0631397 0.0458333 0.0312666 0.0204816 0.0126046 0.00717868 0.00372353 0.00169661 0.000648165
 3.74289e-11 1.76048e-09 5.73376e-08 1.2931e-06 2.01937e-05 0.000218367 0.00163512 0.00847869 0.0304515 0.0758129 0.131249 0.15996 0.143589 0.108624 0.0860745 0.0743901 0.0604579 0.0441056 0.0303607 0.0200282 0.0122743 0.00682993 0.00340349 0.00148535 0.000549453
 3.75766e-11 1.76742e-09 5.75638e-08 1.29821e-06 2.02734e-05 0.000219228 0.00164157 0.00851217 0.0305719 0.0761138 0.131779 0.160649 0.14434 0.109446 0.0869284 0.0749424 0.0602794 0.0431767 0.029151 0.0190333 0.0116537 0.00648309 0.00320138 0.00136656 0.000489927
 3.832e-11 1.80239e-09 5.87027e-08 1.32389e-06 2.06745e-05 0.000223565 0.00167405 0.00868051 0.0311759 0.0776117 0.134332 0.163569 0.146347 0.109673 0.0855482 0.0728897 0.0584492 0.041852 0.0281502 0.018184 0.0109675 0.00601927 0.00294441 0.00124604 0.000440967
 3.8116e-11 1.79279e-09 5.83902e-08 1.31684e-06 2.05644e-05 0.000222375 0.00166514 0.00863433 0.0310104 0.0772029 0.133647 0.16284 0.146033 0.110139 0.0867142 0.0741823 0.0592355 0.0419585 0.0278558 0.017812 0.010657 0.0057917 0.00279806 0.00116889 0.00040873
 3.64865e-11 1.71615e-09 5.58939e-08 1.26055e-06 1.96853e-05 0.000212869 0.00159396 0.00826532 0.0296863 0.0739189 0.128046 0.156413 0.141551 0.109482 0.0895951 0.0788172 0.0638743 0.0457627 0.0306353 0.0195953 0.0116344 0.00625154 0.00298479 0.00123242 0.00042588
 3.55183e-11 1.67061e-09 5.44107e-08 1.2271e-06 1.91629e-05 0.00020722 0.00155166 0.00804604 0.0288992 0.0719632 0.124688 0.152453 0.138426 0.108062 0.08977 0.0801423 0.0660798 0.048577 0.03352 0.0219674 0.0132264 0.00713892 0.00339668 0.00139032 0.000475209
 3.45729e-11 1.62615e-09 5.29625e-08 1.19444e-06 1.86529e-05 0.000201705 0.00151036 0.00783193 0.0281307 0.0700551 0.121419 0.148631 0.135522 0.10699 0.0903595 0.0816766 0.0680014 0.0506769 0.0356898 0.0239976 0.0148607 0.00823054 0.00398735 0.00164549 0.000562353
 3.6336e-11 1.70907e-09 5.56633e-08 1.25535e-06 1.9604e-05 0.00021199 0.00158738 0.00823115 0.0295628 0.0736038 0.127449 0.155443 0.13991 0.106676 0.0857264 0.0752871 0.0625103 0.047149 0.0338297 0.0232137 0.0147029 0.008357 0.0041592 0.00175761 0.00061109
 3.71033e-11 1.74516e-09 5.68387e-08 1.28185e-06 2.0018e-05 0.000216467 0.0016209 0.00840495 0.0301869 0.0751564 0.130128 0.158669 0.142668 0.108417 0.0864557 0.0749026 0.0607161 0.0441529 0.0305822 0.0206768 0.0131893 0.00764486 0.00389909 0.00169027 0.000601994
 3.64182e-11 1.71294e-09 5.57893e-08 1.25819e-06 1.96484e-05 0.00021247 0.00159097 0.00824983 0.0296305 0.0737784 0.127792 0.156052 0.141063 0.108772 0.0886491 0.0778735 0.0632901 0.0457267 0.0311169 0.0204549 0.0126641 0.00720125 0.00366666 0.00160988 0.000584948
 3.58795e-11 1.6876e-09 5.4964e-08 1.23958e-06 1.93578e-05 0.000209327 0.00156744 0.00812783 0.0291926 0.0726909 0.125928 0.153869 0.139391 0.108138 0.089003 0.0789219 0.0648034 0.0474761 0.0327305 0.0215752 0.0132058 0.00734566 0.00365326 0.00157926 0.000571864
 3.57686e-11 1.68239e-09 5.47942e-08 1.23575e-06 1.9298e-05 0.00020868 0.0015626 0.00810271 0.0291024 0.0724657 0.125535 0.153375 0.138901 0.107676 0.0885629 0.0786065 0.0647956 0.0478562 0.0333973 0.0223159 0.0138094 0.00770651 0.00380443 0.00161964 0.000576932
 3.67919e-11 1.73052e-09 5.63618e-08 1.2711e-06 1.985e-05 0.00021465 0.00160729 0.00833443 0.0299337 0.0745266 0.129042 0.157366 0.141571 0.107768 0.0862792 0.0752663 0.0617362 0.0456534 0.0320157 0.0215659 0.013492 0.00761902 0.00379433 0.00161886 0.000573741
 3.70313e-11 1.74178e-09 5.67286e-08 1.27937e-06 1.99792e-05 0.000216047 0.00161775 0.00838868 0.0301287 0.0750139 0.129898 0.158465 0.142732 0.108978 0.0874911 0.076029 0.0614491 0.0442689 0.0301703 0.0199736 0.0124539 0.00707193 0.00355505 0.00153099 0.000546056
#obs catch len freq
 2.46521e-11 1.15951e-09 3.77646e-08 8.51688e-07 1.33003e-05 0.000143825 0.00107697 0.00558474 0.0200617 0.0499837 0.086792 0.107007 0.10007 0.0845264 0.0792141 0.0797853 0.0764393 0.0695767 0.0617243 0.0528589 0.0434615 0.0340638 0.0245066 0.0152844 0.00782506
 2.38891e-11 1.12363e-09 3.65959e-08 8.2533e-07 1.28887e-05 0.000139374 0.00104365 0.00541206 0.019443 0.0484585 0.0842536 0.104392 0.0992451 0.0869938 0.0844538 0.0848838 0.078378 0.0682465 0.0596285 0.0518706 0.04328 0.0337448 0.0238953 0.0147236 0.00750015
 4.71063e-12 2.21566e-10 7.21625e-09 1.62746e-07 2.54155e-06 2.74853e-05 0.000205868 0.00106871 0.00385563 0.00976989 0.0180819 0.0275551 0.0425863 0.0703897 0.104458 0.124467 0.122335 0.109379 0.095399 0.0813231 0.0667657 0.0518476 0.0366659 0.0224643 0.0113521
 1.5698e-14 7.38375e-13 2.40505e-11 5.42586e-10 8.48484e-09 9.22492e-08 7.05562e-07 3.9636e-06 1.85906e-05 8.94274e-05 0.000452173 0.00198548 0.00667867 0.017046 0.0350566 0.0627559 0.0997808 0.135234 0.151933 0.144637 0.122399 0.094804 0.0664221 0.0404009 0.0203018
 5.21208e-11 2.45151e-09 7.98441e-08 1.80069e-06 2.81203e-05 0.000304079 0.00227688 0.0118054 0.0423844 0.10537 0.181392 0.216225 0.178489 0.102101 0.0407849 0.0124601 0.00578585 0.00804662 0.0131849 0.0178519 0.0194644 0.0173389 0.0128372 0.00790449 0.00396266
 3.2707e-11 1.53838e-09 5.0104e-08 1.12997e-06 1.76462e-05 0.000190819 0.00142887 0.0074098 0.0266207 0.0663546 0.115416 0.143205 0.136651 0.119985 0.113331 0.102775 0.0737665 0.0387476 0.0159761 0.00804592 0.00756421 0.00808072 0.00707717 0.00482062 0.00253364
 3.96088e-11 1.86301e-09 6.0677e-08 1.36842e-06 2.13698e-05 0.000231084 0.00173034 0.00897223 0.0322213 0.08019 0.138631 0.16804 0.147922 0.105946 0.0775036 0.0654655 0.0566248 0.0454037 0.0321225 0.018894 0.00928946 0.00464666 0.00296723 0.00202768 0.00114712
 3.73134e-11 1.75504e-09 5.71605e-08 1.28911e-06 2.01314e-05 0.000217693 0.00163008 0.00845258 0.0303585 0.0755868 0.130898 0.159721 0.14397 0.11009 0.0883594 0.0761772 0.0604362 0.0425463 0.0288299 0.0193844 0.0120038 0.00639347 0.00298061 0.00133963 0.000603315
 3.68357e-11 1.73257e-09 5.64288e-08 1.27261e-06 1.98737e-05 0.000214906 0.00160921 0.00834436 0.0299696 0.0746169 0.129207 0.157605 0.141908 0.108289 0.0870312 0.0761308 0.0624382 0.0458666 0.031545 0.0205895 0.0124686 0.00686685 0.00335115 0.00141286 0.000514921
 3.67696e-11 1.72946e-09 5.63275e-08 1.27033e-06 1.9838e-05 0.00021452 0.00160632 0.00832937 0.0299158 0.0744824 0.128972 0.157307 0.141603 0.107971 0.086647 0.0756724 0.0620273 0.0457693 0.0319726 0.0213808 0.0132002 0.00731387 0.00356899 0.00149799 0.000527221
 3.24718e-11 1.52732e-09 4.97437e-08 1.12185e-06 1.75193e-05 0.000189447 0.00141858 0.00735613 0.0264238 0.0658232 0.114216 0.140431 0.130025 0.106756 0.0949252 0.0882535 0.0737944 0.0546177 0.0381451 0.0256021 0.0159815 0.00900397 0.00446464 0.00189072 0.000663536
 3.78095e-11 1.77838e-09 5.79206e-08 1.30626e-06 2.0399e-05 0.000220587 0.00165174 0.00856477 0.0307593 0.0765642 0.13245 0.160956 0.142993 0.105131 0.0800142 0.0684514 0.0578047 0.0455447 0.0341266 0.0239493 0.015245 0.00867676 0.00434865 0.0018648 0.000661578
 3.82564e-11 1.7994e-09 5.86051e-08 1.32169e-06 2.06402e-05 0.000223194 0.00167127 0.00866609 0.0311242 0.0774818 0.134101 0.163262 0.145984 0.109189 0.0848134 0.071814 0.0571331 0.0407772 0.0280235 0.0192493 0.0126645 0.00754933 0.00391742 0.00171583 0.00061719
 3.74156e-11 1.75985e-09 5.73171e-08 1.29265e-06 2.01865e-05 0.000218289 0.00163454 0.0084757 0.0304412 0.0757894 0.131226 0.160015 0.143901 0.109395 0.0872464 0.0754603 0.0607901 0.0434948 0.029181 0.0188932 0.0116061 0.00664343 0.00344747 0.00154737 0.000572636
 3.75126e-11 1.76441e-09 5.74657e-08 1.296e-06 2.02389e-05 0.000218855 0.00163878 0.00849765 0.0305198 0.0759827 0.131545 0.160329 0.143946 0.108947 0.0863794 0.0746332 0.0605366 0.0439488 0.0299806 0.0195202 0.0117837 0.00647199 0.00319976 0.00138931 0.000509516
 3.85945e-11 1.8153e-09 5.91231e-08 1.33338e-06 2.08226e-05 0.000225167 0.00168604 0.00874266 0.0313989 0.0781629 0.135261 0.164586 0.14689 0.10931 0.0843548 0.0714479 0.0574119 0.0414774 0.028283 0.0185252 0.0112768 0.00619798 0.00301725 0.00127135 0.000451017
 3.59605e-11 1.69141e-09 5.50881e-08 1.24238e-06 1.94015e-05 0.0002098 0.00157098 0.00814621 0.0292591 0.0728595 0.126243 0.154363 0.140181 0.109428 0.0907122 0.080346 0.0650776 0.0464577 0.0310981 0.0200856 0.0121577 0.00668438 0.00325691 0.00136554 0.000477595
 4.01606e-11 1.88896e-09 6.15222e-08 1.38748e-06 2.16675e-05 0.000234303 0.00175445 0.00909726 0.0326709 0.0813137 0.140607 0.170587 0.150627 0.108693 0.079804 0.0655703 0.0528973 0.0391746 0.0274026 0.0181135 0.0109616 0.00596622 0.00288114 0.00120173 0.000418462
 3.5199e-11 1.65559e-09 5.39216e-08 1.21607e-06 1.89907e-05 0.000205357 0.00153772 0.00797381 0.028641 0.0713309 0.123667 0.151552 0.138711 0.110491 0.0940161 0.0840839 0.0673339 0.046796 0.030485 0.0195277 0.0119312 0.00663339 0.00324169 0.00135243 0.000468464
 3.73747e-11 1.75792e-09 5.72545e-08 1.29123e-06 2.01645e-05 0.00021805 0.00163275 0.00846637 0.030407 0.0756973 0.13102 0.159546 0.142792 0.107191 0.0841906 0.0730632 0.0607982 0.0460396 0.0326045 0.0214636 0.0127966 0.00687658 0.00330937 0.00138369 0.000482518
 3.46426e-11 1.62942e-09 5.30691e-08 1.19684e-06 1.86904e-05 0.000202111 0.00151341 0.00784773 0.0281878 0.0701998 0.121689 0.149049 0.136178 0.108033 0.0916698 0.0825808 0.0677524 0.0493367 0.0341393 0.0229806 0.0144217 0.00807791 0.00393137 0.00162805 0.000561012
 3.56569e-11 1.67713e-09 5.4623e-08 1.23189e-06 1.92377e-05 0.000208029 0.00155771 0.00807736 0.0290111 0.0722339 0.125105 0.152721 0.137902 0.106102 0.0865215 0.0769616 0.0645859 0.0491985 0.0354084 0.0241038 0.0150792 0.00851501 0.00424754 0.00180714 0.000632762
 3.74876e-11 1.76323e-09 5.74274e-08 1.29513e-06 2.02254e-05 0.000218709 0.00163768 0.00849194 0.0304988 0.075926 0.131416 0.160028 0.143217 0.107445 0.0841099 0.072305 0.0591419 0.0440143 0.0313707 0.0216643 0.0139392 0.00806801 0.00409096 0.00176566 0.000628732
 3.74383e-11 1.76092e-09 5.73519e-08 1.29343e-06 2.01988e-05 0.000218421 0.00163553 0.00848082 0.0304594 0.0758328 0.131289 0.160032 0.143726 0.108862 0.0863458 0.0744509 0.0600605 0.043332 0.029655 0.0197962 0.0125292 0.00727256 0.00374896 0.00165209 0.000599649
 3.61865e-11 1.70204e-09 5.54342e-08 1.25018e-06 1.95234e-05 0.000211118 0.00158085 0.00819735 0.0294423 0.0733105 0.126989 0.155111 0.140339 0.108491 0.088798 0.0783444 0.0639957 0.046544 0.0318336 0.0208962 0.0128301 0.0072191 0.00365162 0.00160482 0.000587912
 3.67384e-11 1.728e-09 5.62798e-08 1.26925e-06 1.98212e-05 0.000214338 0.00160496 0.00832231 0.0298903 0.0744185 0.128856 0.157146 0.141396 0.107693 0.0863278 0.0754709 0.0621151 0.0461074 0.0323268 0.0215898 0.0133003 0.00739774 0.00366057 0.00157224 0.000567164
 3.63589e-11 1.71015e-09 5.56984e-08 1.25614e-06 1.96164e-05 0.000212124 0.00158838 0.00823638 0.0295822 0.0736558 0.127567 0.155718 0.140572 0.108016 0.0876507 0.0769928 0.0630175 0.0462477 0.0321822 0.0216056 0.0135159 0.0076307 0.00379528 0.00161883 0.000575459
 3.8727e-11 1.82153e-09 5.93261e-08 1.33795e-06 2.08941e-05 0.00022594 0.00169183 0.00877264 0.0315062 0.0784262 0.135691 0.164986 0.146855 0.108474 0.0827886 0.0698185 0.0565038 0.0415292 0.0289586 0.0193946 0.012092 0.0068382 0.00342662 0.00147342 0.000525359
#spawning biomass
 72657.2 72036.3 57202.6 38087.7 38762.5 73240.3 109972 157691 214166 242407 247742 228276 243995 273481 267531 253592 255067 267242 315852 325400 314604 309600 291872 300970 297435 285751 293919 243756 154622 251230 171674 105023 64385.7 42608.1 31772.2 26622.8 24247.3 23172.8 22693.2 22481 22387.7 22346.9 22329.1 22321.3 22317.9 22316.5 22315.8 22315.6 22315.4 22315.4 22315.4 22315.4 22315.4 22315.4 22315.4 22315.4 22315.4 22315.4 22315.4 22315.4 22315.4 22315.4 22315.4 22315.4 22315.4 22315.4 22315.4 22315.4 22315.4 22315.4 22315.4 22315.4 22315.4 22315.4 22315.4 22315.4 22315.4 22315.4 22315.4 22315.4 22315.4 22315.4 22315.4 22315.4 22315.4 22315.4 22315.4 22315.4 22315.4 22315.4 22315.4 22315.4 22315.4 22315.4 22315.4 22315.4 22315.4 22315.4 22315.4 22315.4 22315.4 22315.4 22315.4 22315.4 22315.4 22315.4 22315.4 22315.4 22315.4 22315.4 22315.4 22315.4 22315.4 22315.4 22315.4 22315.4 22315.4 22315.4 22315.4 22315.4 22315.4 22315.4 22315.4 22315.4 22315.4 22315.4 22315.4 22315.4 0 0 0 0 0 0 0 0 0 0 0 0 0 0 0 0 0 0 0 0 0 0 0 0 0
