SBPRF35
0.819782
Curr Bio
207251
B35
928940
F35
0.232951
FOFL
0
OFL
0
Bzero
234224
#pred survey bio
 9914.23 8665.7 6999.81 7770.65 11823.7 18831.8 25095.5 32451.8 48950.9 75847.4 101852 139695 185154 204063 204028 190891 201831 203502 212830 212452 197471 214183 249659 276522 286893 271681 277230 287937 229764 3.36079e+06 5.03439e+06 5.61416e+06 5.46298e+06 4.9552e+06 4.34401e+06 3.76887e+06 3.28733e+06 2.91039e+06 2.62741e+06 2.42055e+06 2.27182e+06 2.16588e+06 2.09069e+06 2.03674e+06 1.99693e+06 1.96896e+06 1.94906e+06 1.93469e+06 1.92418e+06 1.91638e+06 1.91052e+06 1.90607e+06 1.90263e+06 1.89997e+06 1.89787e+06 1.89622e+06 1.89491e+06 1.89385e+06 1.89301e+06 1.89233e+06 1.89178e+06 1.89133e+06 1.89097e+06 1.89067e+06 1.89043e+06 1.89023e+06 1.89007e+06 1.88994e+06 1.88983e+06 1.88975e+06 1.88968e+06 1.88962e+06 1.88957e+06 1.88953e+06 1.8895e+06 1.88947e+06 1.88945e+06 1.88943e+06 1.88942e+06 1.88941e+06 1.8894e+06 1.88939e+06 1.88938e+06 1.88938e+06 1.88937e+06 1.88937e+06 1.88937e+06 1.88936e+06 1.88936e+06 1.88936e+06 1.88936e+06 1.88936e+06 1.88936e+06 1.88936e+06 1.88936e+06 1.88936e+06 1.88936e+06 1.88936e+06 1.88936e+06 1.88935e+06 1.88935e+06 1.88935e+06 1.88935e+06 1.88935e+06 1.88935e+06 1.88935e+06 1.88935e+06 1.88935e+06 1.88935e+06 1.88935e+06 1.88935e+06 1.88935e+06 1.88935e+06 1.88935e+06 1.88935e+06 1.88935e+06 1.88935e+06 1.88935e+06 1.88935e+06 1.88935e+06 1.88935e+06 1.88935e+06 1.88935e+06 1.88935e+06 1.88935e+06 1.88935e+06 1.88935e+06 1.88935e+06 1.88935e+06 0 0 0 0 0 0 0 0 0 0 0 0 0 0 0 0 0 0 0 0 0 0 0 0 0
#obs survey bio
 9664.44 8968.66 7753.15 8731.07 12046.9 15093.7 29443.1 40349.3 34902.2 68606.3 106637 133538 137849 201957 258136 153300 183581 152764 171449 223564 169384 209509 219318 262816 186702 268345 157971 330018 181026
#pred catch bio
 4153.08 4114.08 3469.06 3313.2 5788.64 12057.5 16697.1 20933 29822.3 49781.4 67407.8 89790.1 129286 142658 149921 134293 145794 143948 149536 157658 140676 148160 176954 197801 211933 198031 199719 217151 202649 0 43544 48903.6 47036.2 41998.5 36133.2 30715.9 26254.9 22825.5 20305.7 18511.6 17262.6 16407.6 15829.4 15439.8 15175.3 15003.8 14892.5 14820.4 14773.6 14743.2 14723.5 14710.8 14702.5 14697.1 14693.6 14691.4 14689.9 14688.9 14688.3 14687.9 14687.7 14687.5 14687.4 14687.3 14687.3 14687.2 14687.2 14687.2 14687.2 14687.2 14687.2 14687.2 14687.2 14687.2 14687.2 14687.2 14687.2 14687.2 14687.2 14687.2 14687.2 14687.2 14687.2 14687.2 14687.2 14687.2 14687.2 14687.2 14687.2 14687.2 14687.2 14687.2 14687.2 14687.2 14687.2 14687.2 14687.2 14687.2 14687.2 14687.2 14687.2 14687.2 14687.2 14687.2 14687.2 14687.2 14687.2 14687.2 14687.2 14687.2 14687.2 14687.2 14687.2 14687.2 14687.2 14687.2 14687.2 14687.2 14687.2 14687.2 14687.2 14687.2 14687.2 14687.2 14687.2 14687.2 14687.2 14687.2 14687.2 0 0 0 0 0 0 0 0 0 0 0 0 0 0 0 0 0 0 0 0 0 0 0 0 0
#obs catch bio
 4099.74 3957.48 3821.87 2920.07 5131.31 9214.52 14047.7 16321.8 25982.6 45998.7 58886.2 70941.1 121142 131929 142186 137560 147860 149169 147857 145717 130114 125380 169679 178451 210273 179059 200303 208197 200951
#pred cpue bio
 8289.41 7908.33 5713.83 4972.61 7545.77 10666.7 13878.4 17450 24023.4 39887.3 54433.4 72011 103896 116505 127249 111871 117302 116996 123943 130943 113939 118587 137922 152588 165177 157392 154365 162815 148932 1.46751e+06 4.83819e+06 5.48845e+06 5.33676e+06 4.82896e+06 4.21777e+06 3.64263e+06 3.16109e+06 2.78415e+06 2.50117e+06 2.29431e+06 2.14558e+06 2.03964e+06 1.96445e+06 1.9105e+06 1.87069e+06 1.84272e+06 1.82282e+06 1.80845e+06 1.79794e+06 1.79014e+06 1.78429e+06 1.77983e+06 1.7764e+06 1.77373e+06 1.77164e+06 1.76998e+06 1.76867e+06 1.76761e+06 1.76677e+06 1.76609e+06 1.76554e+06 1.76509e+06 1.76473e+06 1.76443e+06 1.76419e+06 1.76399e+06 1.76383e+06 1.7637e+06 1.7636e+06 1.76351e+06 1.76344e+06 1.76338e+06 1.76333e+06 1.76329e+06 1.76326e+06 1.76323e+06 1.76321e+06 1.76319e+06 1.76318e+06 1.76317e+06 1.76316e+06 1.76315e+06 1.76314e+06 1.76314e+06 1.76313e+06 1.76313e+06 1.76313e+06 1.76313e+06 1.76312e+06 1.76312e+06 1.76312e+06 1.76312e+06 1.76312e+06 1.76312e+06 1.76312e+06 1.76312e+06 1.76312e+06 1.76312e+06 1.76312e+06 1.76312e+06 1.76312e+06 1.76312e+06 1.76312e+06 1.76311e+06 1.76311e+06 1.76311e+06 1.76311e+06 1.76311e+06 1.76311e+06 1.76311e+06 1.76311e+06 1.76311e+06 1.76311e+06 1.76311e+06 1.76311e+06 1.76311e+06 1.76311e+06 1.76311e+06 1.76311e+06 1.76311e+06 1.76311e+06 1.76311e+06 1.76311e+06 1.76311e+06 1.76311e+06 1.76311e+06 1.76311e+06 1.76311e+06 1.76311e+06 0 0 0 0 0 0 0 0 0 0 0 0 0 0 0 0 0 0 0 0 0 0 0 0 0
#obs cpue bio
 9040.93 6741.68 6055.43 7444.21 9662.67 25577 24364.1 38995.7 41183.2 70579.2 103709 165203 187196 146833 147268 113299 133976 116324 159998 222843 166356 229758 194386 247280 234111 272086 223073 210800 233379
#pred surv len freq
 9.31093e-12 1.01106e-09 6.47288e-08 2.44319e-06 5.437e-05 0.000713377 0.00551966 0.0252074 0.0682574 0.1121 0.123423 0.121055 0.130632 0.126075 0.0977927 0.0689844 0.0464749 0.0287672 0.0170431 0.0102186 0.00643629 0.00442492 0.00327054 0.00228451 0.00126426
 5.52599e-12 6.00056e-10 3.84162e-08 1.45002e-06 3.22687e-05 0.000423413 0.00327696 0.0149855 0.0408539 0.0693146 0.0865849 0.109817 0.143205 0.148664 0.121624 0.0919539 0.0667054 0.044085 0.0265056 0.014671 0.00780596 0.00432745 0.00263848 0.00164752 0.000876556
 1.1213e-11 1.2176e-09 7.79517e-08 2.94229e-06 6.54764e-05 0.000859078 0.00664605 0.0303295 0.081826 0.131961 0.134136 0.10501 0.0898766 0.0867294 0.0826959 0.0764472 0.0633282 0.0458516 0.0298788 0.0174069 0.00900647 0.00430413 0.00207658 0.00105796 0.00050432
 1.55465e-11 1.68816e-09 1.08078e-07 4.0794e-06 9.07811e-05 0.00119108 0.00921431 0.0420451 0.113369 0.182304 0.182756 0.135683 0.103068 0.080903 0.0523106 0.0303708 0.0208993 0.0167063 0.012635 0.00823833 0.00457929 0.00218337 0.000925666 0.000375853 0.000147337
 1.44748e-11 1.57179e-09 1.00628e-07 3.7982e-06 8.45235e-05 0.00110899 0.00857966 0.0391586 0.105715 0.171043 0.17639 0.143871 0.125067 0.103696 0.0643096 0.030759 0.0138732 0.00678198 0.00392496 0.00260719 0.00163182 0.000853269 0.000365729 0.000132661 4.25844e-05
 1.60001e-11 1.73742e-09 1.11231e-07 4.19843e-06 9.34301e-05 0.00122584 0.00948334 0.0432756 0.116727 0.188028 0.190018 0.145034 0.114782 0.0908161 0.0555079 0.0261496 0.011173 0.00455785 0.00174909 0.0007137 0.000350133 0.000184395 8.50975e-05 3.13795e-05 9.21e-06
 1.57666e-11 1.71207e-09 1.09608e-07 4.13716e-06 9.20667e-05 0.00120796 0.00934519 0.0426499 0.115104 0.185932 0.190323 0.15145 0.126492 0.0998424 0.0548914 0.018491 0.00370372 0.00043946 3.134e-05 1.52878e-06 1.1522e-07 2.94037e-08 1.1285e-08 4.15615e-09 1.2254e-09
 1.61207e-11 1.75052e-09 1.1207e-07 4.23007e-06 9.41343e-05 0.00123508 0.00955496 0.0436053 0.117654 0.189831 0.193279 0.151143 0.123177 0.0960614 0.0526465 0.0177191 0.00354537 0.000418943 2.92043e-05 1.20151e-06 2.92466e-08 4.25164e-10 3.85771e-12 3.87128e-14 4.31026e-15
 1.71528e-11 1.86259e-09 1.19245e-07 4.50089e-06 0.000100161 0.00131415 0.0101664 0.0463899 0.12509 0.201197 0.201893 0.150235 0.113501 0.08503 0.0461071 0.0154838 0.00309686 0.000365963 2.55238e-05 1.05201e-06 2.57751e-08 3.83117e-10 3.68146e-12 2.64391e-14 1.63897e-16
 1.63885e-11 1.77959e-09 1.13931e-07 4.30033e-06 9.56978e-05 0.0012556 0.00971359 0.0443277 0.119583 0.19278 0.195514 0.150907 0.120667 0.0931994 0.0509499 0.0171393 0.00342907 0.000405226 2.82567e-05 1.1638e-06 2.84396e-08 4.18936e-10 3.91551e-12 2.64052e-14 1.51522e-16
 1.61956e-11 1.75865e-09 1.12591e-07 4.24973e-06 9.45717e-05 0.00124082 0.00959934 0.0438074 0.118194 0.190656 0.193904 0.151077 0.122475 0.0952608 0.0521718 0.0175568 0.00351271 0.000415048 2.89248e-05 1.18881e-06 2.88326e-08 4.13587e-10 3.53737e-12 1.85456e-14 6.47468e-17
 1.66195e-11 1.80468e-09 1.15537e-07 4.36095e-06 9.70467e-05 0.00127329 0.00985044 0.044951 0.121248 0.195324 0.197442 0.150704 0.118501 0.0907303 0.0494861 0.0166386 0.00332845 0.000393265 2.74069e-05 1.12648e-06 2.73253e-08 3.922e-10 3.36149e-12 1.77453e-14 6.31075e-17
 1.55747e-11 1.69123e-09 1.08274e-07 4.0868e-06 9.09459e-05 0.00119325 0.00923149 0.0421321 0.113721 0.183818 0.188722 0.151623 0.128297 0.101898 0.0561061 0.0189018 0.00378267 0.000446974 3.11523e-05 1.28072e-06 3.1092e-08 4.47562e-10 3.87521e-12 2.11469e-14 8.20556e-17
 1.53396e-11 1.6657e-09 1.0664e-07 4.02512e-06 8.95734e-05 0.00117525 0.00909224 0.0414979 0.112028 0.18123 0.18676 0.151829 0.1305 0.10441 0.0575954 0.0194108 0.00388479 0.000459029 3.19876e-05 1.31433e-06 3.18443e-08 4.55121e-10 3.84218e-12 1.92527e-14 5.824e-17
 1.40005e-11 1.52028e-09 9.73299e-08 3.67372e-06 8.17536e-05 0.00107265 0.00829887 0.0378847 0.10238 0.166482 0.175584 0.153007 0.143056 0.118724 0.0660807 0.0223116 0.00446696 0.000527859 3.67854e-05 1.51157e-06 3.66326e-08 5.24033e-10 4.43842e-12 2.24988e-14 7.0757e-17
 1.49687e-11 1.62542e-09 1.04061e-07 3.92777e-06 8.74071e-05 0.00114683 0.00887246 0.0404969 0.109355 0.177144 0.183664 0.152156 0.133979 0.108375 0.059946 0.0202144 0.00404608 0.000478103 3.33185e-05 1.36923e-06 3.31936e-08 4.75383e-10 4.04292e-12 2.07883e-14 6.84204e-17
 1.50889e-11 1.63848e-09 1.04897e-07 3.95933e-06 8.81094e-05 0.00115604 0.0089437 0.0408214 0.110221 0.178469 0.184668 0.15205 0.132851 0.10709 0.0591841 0.0199539 0.00399381 0.000471927 3.28889e-05 1.3517e-06 3.27796e-08 4.70019e-10 4.01437e-12 2.09441e-14 7.20189e-17
 1.52427e-11 1.65518e-09 1.05966e-07 3.99969e-06 8.90075e-05 0.00116782 0.00903482 0.0412364 0.111329 0.180163 0.185952 0.151915 0.131409 0.105446 0.0582095 0.0196207 0.00392691 0.000464008 3.23343e-05 1.32852e-06 3.21835e-08 4.59731e-10 3.87387e-12 1.92825e-14 5.698e-17
 1.50601e-11 1.63535e-09 1.04697e-07 3.95177e-06 8.79412e-05 0.00115383 0.00892664 0.0407437 0.110014 0.178151 0.184428 0.152075 0.133121 0.107398 0.0593666 0.0200163 0.00400631 0.000473395 3.2989e-05 1.35548e-06 3.28425e-08 4.69437e-10 3.96456e-12 1.9893e-14 6.04571e-17
 1.41946e-11 1.54137e-09 9.86797e-08 3.72467e-06 8.28873e-05 0.00108753 0.0084139 0.0384085 0.103779 0.16862 0.177204 0.152836 0.141236 0.116649 0.0648505 0.021891 0.00438257 0.000517887 3.60915e-05 1.48323e-06 3.59606e-08 5.15188e-10 4.38676e-12 2.26505e-14 7.55068e-17
 1.5192e-11 1.64967e-09 1.05613e-07 3.98638e-06 8.87112e-05 0.00116394 0.00900476 0.0410995 0.110964 0.179604 0.185528 0.151959 0.131885 0.105988 0.058531 0.0197307 0.00394897 0.000466616 3.25162e-05 1.33602e-06 3.23674e-08 4.6247e-10 3.90036e-12 1.94753e-14 5.81908e-17
 1.57511e-11 1.71039e-09 1.095e-07 4.1331e-06 9.19762e-05 0.00120677 0.00933601 0.0426081 0.114992 0.185761 0.190195 0.151468 0.126642 0.100012 0.0549881 0.0185195 0.00370591 0.00043788 3.05136e-05 1.25374e-06 3.03747e-08 4.34031e-10 3.66151e-12 1.83005e-14 5.48671e-17
 1.578e-11 1.71352e-09 1.09701e-07 4.14067e-06 9.21447e-05 0.00120898 0.00935311 0.042686 0.1152 0.186079 0.190436 0.151442 0.126372 0.0997033 0.0548053 0.018457 0.00369336 0.000436398 3.04105e-05 1.24953e-06 3.02752e-08 4.32737e-10 3.65447e-12 1.83346e-14 5.56945e-17
 1.57947e-11 1.71511e-09 1.09803e-07 4.14452e-06 9.22305e-05 0.00121011 0.00936181 0.0427256 0.115306 0.186241 0.190558 0.151429 0.126234 0.0995463 0.0547122 0.0184252 0.00368697 0.00043564 3.03572e-05 1.24727e-06 3.02143e-08 4.31548e-10 3.63478e-12 1.80637e-14 5.30751e-17
 1.52225e-11 1.65298e-09 1.05825e-07 3.99437e-06 8.88892e-05 0.00116627 0.00902282 0.0411817 0.111183 0.179939 0.185783 0.151932 0.131599 0.105662 0.0583378 0.0196646 0.00393572 0.000465048 3.24067e-05 1.33148e-06 3.22536e-08 4.60652e-10 3.87921e-12 1.92658e-14 5.64745e-17
 1.51347e-11 1.64345e-09 1.05215e-07 3.97135e-06 8.83768e-05 0.00115955 0.00897084 0.040945 0.110551 0.178973 0.18505 0.15201 0.132422 0.1066 0.0588938 0.0198547 0.00397386 0.000469558 3.27209e-05 1.34439e-06 3.25661e-08 4.65106e-10 3.91642e-12 1.94453e-14 5.69446e-17
 1.56771e-11 1.70235e-09 1.08986e-07 4.11368e-06 9.15441e-05 0.0012011 0.00929218 0.0424085 0.114459 0.184946 0.189577 0.151533 0.127336 0.100803 0.055457 0.0186798 0.00373807 0.000441681 3.07782e-05 1.26457e-06 3.06332e-08 4.37524e-10 3.68493e-12 1.83095e-14 5.37619e-17
 1.54714e-11 1.68001e-09 1.07556e-07 4.05971e-06 9.0343e-05 0.00118534 0.00917032 0.0418535 0.112977 0.182681 0.18786 0.151714 0.129265 0.103001 0.0567603 0.0191253 0.00382749 0.000452252 3.15149e-05 1.29483e-06 3.13659e-08 4.47971e-10 3.77233e-12 1.87334e-14 5.48965e-17
 1.33332e-11 1.44782e-09 9.26909e-08 3.49862e-06 7.78571e-05 0.00102154 0.00790356 0.0360843 0.0975726 0.159134 0.170015 0.153594 0.149312 0.125856 0.0703088 0.023757 0.00475703 0.000562147 3.91737e-05 1.60951e-06 3.89884e-08 5.56821e-10 4.68851e-12 2.32753e-14 6.8124e-17
#obs surv len freq
 8.08348e-12 8.77771e-10 5.61956e-08 2.12111e-06 4.72025e-05 0.000619329 0.00479178 0.0218789 0.0591845 0.0967258 0.104414 0.0981816 0.105645 0.112651 0.107034 0.094536 0.0759988 0.0541237 0.0341024 0.0184963 0.00813231 0.00269537 0.000630472 9.89617e-05 1.00577e-05
 1.15794e-12 1.25739e-10 8.04993e-09 3.03851e-07 6.7624e-06 8.87664e-05 0.000688318 0.00317785 0.00907056 0.0185981 0.0374963 0.078621 0.131337 0.161353 0.161703 0.142615 0.108413 0.0714492 0.041977 0.0213366 0.00873051 0.00267157 0.000574382 8.26634e-05 7.68975e-06
 1.61926e-11 1.75832e-09 1.12569e-07 4.24893e-06 9.45535e-05 0.00124055 0.00959612 0.0437658 0.117711 0.186888 0.176176 0.102585 0.0491788 0.0456684 0.0652841 0.0729572 0.0586338 0.0368582 0.0197305 0.00907777 0.00338704 0.000948803 0.000186655 2.45481e-05 2.08535e-06
 1.28975e-11 1.40052e-09 8.96624e-08 3.38432e-06 7.53137e-05 0.000988174 0.00764578 0.034913 0.0944548 0.15424 0.164738 0.146279 0.136229 0.111473 0.0658204 0.0327591 0.0206866 0.0149702 0.00891119 0.00402251 0.00137482 0.000347086 6.1688e-05 7.3601e-06 5.68602e-07
 1.23462e-11 1.34065e-09 8.58296e-08 3.23965e-06 7.20941e-05 0.000945923 0.00731855 0.033411 0.0902832 0.146551 0.15257 0.126969 0.115721 0.111472 0.094982 0.0659016 0.0341262 0.013086 0.00441979 0.00154589 0.000486627 0.000114308 1.84996e-05 1.99101e-06 1.38773e-07
 1.19037e-11 1.2926e-09 8.27533e-08 3.12354e-06 6.95104e-05 0.000912036 0.00705678 0.0322244 0.0871757 0.142185 0.150681 0.13077 0.122488 0.114493 0.0926268 0.0636433 0.0351261 0.0146047 0.00454498 0.00111395 0.000233011 4.20183e-05 5.8822e-06 5.70838e-07 3.60581e-08
 1.15887e-11 1.2584e-09 8.05639e-08 3.04089e-06 6.76715e-05 0.000887915 0.0068704 0.0313778 0.0849322 0.138802 0.148002 0.130046 0.123407 0.11724 0.09664 0.0662875 0.0355501 0.0143002 0.00435882 0.00101947 0.00018118 2.43155e-05 2.47122e-06 1.86343e-07 9.87672e-09
 1.27447e-11 1.38392e-09 8.85999e-08 3.34422e-06 7.44215e-05 0.000976478 0.00755548 0.0345018 0.0933177 0.151916 0.159167 0.132607 0.117392 0.107672 0.0876261 0.0592964 0.0311544 0.0121954 0.00358839 0.000803026 0.000134384 1.62909e-05 1.39308e-06 8.26826e-08 3.3694e-09
 1.20881e-11 1.31262e-09 8.40351e-08 3.17192e-06 7.05877e-05 0.000926198 0.00716718 0.032743 0.088722 0.145496 0.156463 0.138443 0.12864 0.115927 0.0886712 0.0557668 0.0274031 0.0100799 0.00278798 0.000586698 9.23027e-05 1.04619e-05 8.2402e-07 4.38417e-08 1.54331e-09
 1.13837e-11 1.23614e-09 7.91386e-08 2.9871e-06 6.64751e-05 0.000872253 0.00675027 0.0308478 0.0836848 0.13783 0.150301 0.137108 0.131914 0.122819 0.0966812 0.0606468 0.0282803 0.00942155 0.00228664 0.000420459 5.88891e-05 6.0673e-06 4.39322e-07 2.1523e-08 6.93694e-10
 1.2695e-11 1.37853e-09 8.82545e-08 3.33119e-06 7.41322e-05 0.000972715 0.00752735 0.0343898 0.0931716 0.152518 0.162214 0.138411 0.123383 0.111379 0.0871847 0.0541185 0.024633 0.00788634 0.00179429 0.00029866 3.67582e-05 3.29532e-06 2.09289e-07 9.12934e-09 2.65471e-10
 1.14762e-11 1.24618e-09 7.97817e-08 3.01139e-06 6.70163e-05 0.000879393 0.00680664 0.031124 0.0846122 0.140321 0.155808 0.145546 0.138896 0.123059 0.0899606 0.0519498 0.0223524 0.00685258 0.00149584 0.000236419 2.70671e-05 2.20218e-06 1.2427e-07 4.75894e-09 1.21282e-10
 1.11794e-11 1.21395e-09 7.77184e-08 2.93351e-06 6.52835e-05 0.000856669 0.0066311 0.030326 0.0824765 0.136886 0.152076 0.142114 0.137428 0.126669 0.096834 0.0564356 0.0232455 0.00650748 0.00125363 0.000172902 1.75066e-05 1.28519e-06 6.6054e-08 2.29655e-09 5.26448e-11
 8.62343e-12 9.36404e-10 5.99496e-08 2.26284e-06 5.036e-05 0.000660928 0.00511869 0.0234578 0.0643035 0.109831 0.13303 0.145233 0.157575 0.149109 0.112487 0.0642383 0.0260727 0.00724569 0.00138188 0.000184249 1.73278e-05 1.14125e-06 5.18539e-08 1.59741e-09 3.27304e-11
 9.12409e-12 9.90769e-10 6.34301e-08 2.39421e-06 5.32832e-05 0.000699266 0.00541464 0.0247943 0.067733 0.114117 0.132521 0.135503 0.145482 0.14686 0.119326 0.070346 0.0281386 0.00748047 0.00134536 0.000168793 1.49915e-05 9.31525e-07 3.94837e-08 1.11465e-09 2.05856e-11
 1.04845e-11 1.13849e-09 7.28875e-08 2.75119e-06 6.12281e-05 0.000803538 0.00622212 0.0284902 0.0777839 0.130571 0.149042 0.144699 0.142837 0.132046 0.0999978 0.0568997 0.0228618 0.00631243 0.00119767 0.000156608 1.40139e-05 8.46567e-07 3.40603e-08 9.01517e-10 1.5501e-11
 9.87803e-12 1.07264e-09 6.86717e-08 2.59209e-06 5.76889e-05 0.000757174 0.00586532 0.0268919 0.0737491 0.125582 0.148812 0.152802 0.154155 0.137945 0.0978519 0.0512457 0.0187167 0.00465859 0.000800873 9.73257e-05 8.37748e-06 4.98323e-07 1.98133e-08 5.12515e-10 8.47099e-12
 9.28777e-12 1.00855e-09 6.45685e-08 2.43722e-06 5.42435e-05 0.000712005 0.00551673 0.0253121 0.0695689 0.119192 0.143298 0.150736 0.156518 0.144335 0.10455 0.0548508 0.0197174 0.00476103 0.000780326 8.849e-05 6.9943e-06 3.8147e-07 1.40688e-08 3.43009e-10 5.4117e-12
 8.99263e-12 9.76497e-10 6.25169e-08 2.3598e-06 5.2522e-05 0.000689474 0.00534374 0.0245406 0.0676287 0.1167 0.142433 0.152496 0.159391 0.146373 0.10496 0.0544217 0.0194174 0.0046875 0.000770124 8.67625e-05 6.67563e-06 3.45925e-07 1.18789e-08 2.66438e-10 3.85377e-12
 9.89269e-12 1.07423e-09 6.87742e-08 2.596e-06 5.77792e-05 0.00075848 0.00587815 0.0269838 0.0742169 0.127052 0.151195 0.154336 0.154493 0.138242 0.0967582 0.0486526 0.0167647 0.00391064 0.000623346 6.84739e-05 5.14942e-06 2.60087e-07 8.63375e-09 1.84968e-10 2.52219e-12
 1.05426e-11 1.14481e-09 7.32927e-08 2.76658e-06 6.15773e-05 0.000808394 0.00626612 0.0287777 0.0792243 0.135755 0.160953 0.160686 0.153409 0.12948 0.0857695 0.0412965 0.0138064 0.00315316 0.000493044 5.28784e-05 3.85411e-06 1.87576e-07 5.98008e-09 1.22768e-10 1.59985e-12
 1.0234e-11 1.1113e-09 7.1148e-08 2.68567e-06 5.97797e-05 0.000784924 0.00608716 0.0279958 0.0773848 0.134014 0.162404 0.1662 0.159024 0.130791 0.0828534 0.0376818 0.0117995 0.00251151 0.000366078 3.68178e-05 2.53715e-06 1.17414e-07 3.56507e-09 6.96165e-11 8.60954e-13
 1.09093e-11 1.18463e-09 7.58427e-08 2.8629e-06 6.37252e-05 0.000836741 0.00648888 0.0298355 0.0823514 0.141767 0.168681 0.16693 0.15494 0.124934 0.07722 0.0337292 0.00996477 0.00196678 0.000261836 2.38404e-05 1.4879e-06 6.28253e-08 1.75723e-09 3.18738e-11 3.68262e-13
 1.03552e-11 1.12447e-09 7.1992e-08 2.71763e-06 6.04974e-05 0.000794578 0.00616684 0.0284197 0.0789411 0.138098 0.169664 0.173768 0.161466 0.125906 0.0744792 0.0312947 0.00897091 0.00172518 0.000222582 1.93347e-05 1.12759e-06 4.37038e-08 1.11058e-09 1.82508e-11 1.91478e-13
 8.94316e-12 9.71139e-10 6.21764e-08 2.34723e-06 5.22597e-05 0.000686683 0.0053361 0.0246784 0.069224 0.124195 0.160884 0.177077 0.173688 0.13842 0.0814397 0.0332915 0.00913775 0.00166677 0.000203158 1.66637e-05 9.17484e-07 3.34732e-08 7.95411e-10 1.2116e-11 1.16804e-13
 1.0045e-11 1.09079e-09 6.98366e-08 2.63638e-06 5.86949e-05 0.000771109 0.00598847 0.0276365 0.0769826 0.13533 0.167496 0.173755 0.164894 0.130604 0.0763016 0.0305236 0.00807826 0.00140365 0.000161296 1.23694e-05 6.33515e-07 2.14658e-08 4.73974e-10 6.71387e-12 6.01779e-14
 9.40498e-12 1.0213e-09 6.53897e-08 2.46871e-06 5.49748e-05 0.000722693 0.0056222 0.026067 0.0734868 0.132814 0.172355 0.185523 0.172636 0.128003 0.0692556 0.0258403 0.0064362 0.0010572 0.000114732 8.26846e-06 3.95425e-07 1.24391e-08 2.53966e-10 3.31891e-12 2.74224e-14
 9.48399e-12 1.02988e-09 6.59399e-08 2.48954e-06 5.54411e-05 0.00072888 0.00567083 0.0262898 0.0740351 0.133274 0.171583 0.183889 0.172611 0.129478 0.0698494 0.0254314 0.00606149 0.000938514 9.49702e-05 6.3392e-06 2.79985e-07 8.13044e-09 1.53245e-10 1.84796e-12 1.40743e-14
 9.74966e-12 1.05874e-09 6.77892e-08 2.5595e-06 5.70064e-05 0.00074969 0.00583677 0.0270988 0.0765214 0.138225 0.17776 0.187336 0.169999 0.122811 0.0642665 0.0229663 0.00543596 0.000841837 8.50758e-05 5.60498e-06 2.39778e-07 6.61243e-09 1.16531e-10 1.301e-12 9.12685e-15
#pred catch len freq
 5.41425e-13 5.87924e-11 3.76399e-09 1.42079e-07 3.16265e-06 4.15543e-05 0.000323805 0.00153196 0.00487805 0.0138831 0.0424212 0.107124 0.179023 0.194149 0.154559 0.109887 0.0742656 0.0460129 0.0272647 0.0163472 0.0102964 0.00707872 0.00523201 0.00365462 0.00202248
 2.64231e-13 2.86924e-11 1.83695e-09 6.93432e-08 1.54397e-06 2.03136e-05 0.000159367 0.00077888 0.00280975 0.0102531 0.0373601 0.0997244 0.169487 0.18728 0.155503 0.118261 0.0860129 0.0568874 0.0342068 0.0189336 0.0100739 0.00558474 0.00340505 0.00212619 0.00113123
 8.21907e-13 8.92493e-11 5.71385e-09 2.15674e-07 4.80008e-06 6.30166e-05 0.000488995 0.00226607 0.00658768 0.0144561 0.0327911 0.0735787 0.12352 0.148109 0.147698 0.137637 0.114205 0.0827146 0.0539017 0.031402 0.0162475 0.00776459 0.00374612 0.00190854 0.000909784
 1.75264e-12 1.90316e-10 1.21843e-08 4.59903e-07 1.02354e-05 0.000134355 0.00104184 0.00481121 0.013759 0.0284759 0.0584695 0.12228 0.191622 0.194279 0.133356 0.0784961 0.0542518 0.0434159 0.0328404 0.0214128 0.0119023 0.00567494 0.00240596 0.000976902 0.000382952
 1.68014e-12 1.82443e-10 1.16802e-08 4.4088e-07 9.81227e-06 0.000128816 0.000999499 0.00462989 0.0134331 0.0292671 0.065446 0.143612 0.22715 0.227308 0.147009 0.0709812 0.0321245 0.0157271 0.00910492 0.00604815 0.00378548 0.0019794 0.000848411 0.000307744 9.87867e-05
 6.76675e-12 7.34788e-10 4.70419e-08 1.7756e-06 3.95142e-05 0.000518492 0.00401311 0.0183587 0.0501438 0.0858202 0.110456 0.146258 0.190781 0.182256 0.11634 0.0552146 0.0235926 0.00961795 0.00368986 0.00150547 0.000738546 0.000388947 0.000179498 6.61894e-05 1.94268e-05
 8.04242e-12 8.73311e-10 5.59102e-08 2.11034e-06 4.69633e-05 0.000616227 0.00476923 0.0218096 0.0594578 0.10087 0.125857 0.158239 0.198906 0.182399 0.103834 0.0352265 0.00706565 0.00083858 5.98012e-05 2.91539e-06 2.19238e-07 5.58926e-08 2.145e-08 7.89981e-09 2.32918e-09
 8.03403e-12 8.72399e-10 5.58519e-08 2.10813e-06 4.69143e-05 0.000615584 0.00476425 0.0217869 0.0593973 0.100778 0.125789 0.158253 0.198995 0.182496 0.103885 0.0352354 0.00706091 0.000834608 5.81836e-05 2.39378e-06 5.82672e-08 8.46988e-10 7.68303e-12 7.69617e-14 8.55384e-15
 9.15639e-12 9.94274e-10 6.36544e-08 2.40264e-06 5.3468e-05 0.000701565 0.00542916 0.0248151 0.0674829 0.113138 0.135156 0.157266 0.188471 0.170499 0.0967736 0.0328047 0.00657332 0.000777067 5.41995e-05 2.23394e-06 5.47311e-08 8.13395e-10 7.81262e-12 5.60532e-14 3.47076e-16
 9.13066e-12 9.91481e-10 6.34755e-08 2.39589e-06 5.33177e-05 0.000699594 0.00541392 0.0247457 0.0672975 0.112854 0.134941 0.157289 0.188713 0.170774 0.0969366 0.0328603 0.00658437 0.00077833 5.42765e-05 2.23548e-06 5.46262e-08 8.0459e-10 7.51719e-12 5.06494e-14 2.90291e-16
 8.89432e-12 9.65817e-10 6.18325e-08 2.33388e-06 5.19377e-05 0.000681489 0.00527391 0.024108 0.065595 0.110252 0.132969 0.157497 0.190929 0.1733 0.0984339 0.0333718 0.00668672 0.000790305 5.50795e-05 2.2638e-06 5.49044e-08 7.87558e-10 6.73551e-12 3.53057e-14 1.23188e-16
 9.15255e-12 9.93858e-10 6.36277e-08 2.40163e-06 5.34456e-05 0.000701271 0.00542689 0.0248047 0.0674552 0.113095 0.135124 0.15727 0.188508 0.17054 0.0967977 0.0328124 0.00657447 0.000777037 5.41555e-05 2.22592e-06 5.39948e-08 7.74972e-10 6.64172e-12 3.50539e-14 1.24583e-16
 8.9108e-12 9.67606e-10 6.19471e-08 2.3382e-06 5.20339e-05 0.000682751 0.00528367 0.0241525 0.0657136 0.110433 0.133106 0.157482 0.190775 0.173124 0.0983295 0.0333361 0.00667961 0.000789481 5.50262e-05 2.26222e-06 5.49197e-08 7.90533e-10 6.84408e-12 3.73353e-14 1.44749e-16
 8.44459e-12 9.16982e-10 5.8706e-08 2.21587e-06 4.93116e-05 0.000647036 0.00500748 0.0228946 0.0623551 0.105299 0.129216 0.157892 0.195146 0.178107 0.101283 0.0343458 0.00688217 0.000813395 5.66845e-05 2.32911e-06 5.64311e-08 8.06515e-10 6.80861e-12 3.41158e-14 1.03189e-16
 7.13479e-12 7.74754e-10 4.96005e-08 1.87218e-06 4.16634e-05 0.000546696 0.00423153 0.0193607 0.0529192 0.0908752 0.118284 0.159044 0.207426 0.192107 0.109583 0.0371829 0.00745158 0.000880718 6.13776e-05 2.52212e-06 6.1123e-08 8.74366e-10 7.40549e-12 3.75361e-14 1.18017e-16
 7.83504e-12 8.50792e-10 5.44685e-08 2.05592e-06 4.57524e-05 0.000600341 0.00464637 0.02125 0.0579638 0.0985866 0.124128 0.158428 0.20086 0.184623 0.105146 0.0356662 0.00714718 0.000844736 5.88713e-05 2.41935e-06 5.8651e-08 8.39965e-10 7.14325e-12 3.67251e-14 1.20823e-16
 8.80294e-12 9.55894e-10 6.11972e-08 2.3099e-06 5.14041e-05 0.000674488 0.00521977 0.0238615 0.0649366 0.109245 0.132206 0.157577 0.191786 0.174277 0.0990129 0.0335697 0.00672644 0.000794999 5.54063e-05 2.27716e-06 5.52224e-08 7.91809e-10 6.76237e-12 3.52746e-14 1.2123e-16
 8.55758e-12 9.29251e-10 5.94915e-08 2.24551e-06 4.99714e-05 0.000655692 0.00507441 0.0231995 0.063169 0.106543 0.130159 0.157793 0.194086 0.1769 0.100568 0.0341011 0.00683305 0.000807585 5.62789e-05 2.31235e-06 5.60171e-08 8.00185e-10 6.74266e-12 3.35618e-14 9.91717e-17
 7.99167e-12 8.678e-10 5.55574e-08 2.09702e-06 4.66669e-05 0.000612339 0.00473916 0.0216726 0.0590922 0.100311 0.125436 0.158291 0.199392 0.182948 0.104153 0.0353269 0.00707907 0.000836673 5.83069e-05 2.3958e-06 5.80485e-08 8.2972e-10 7.00719e-12 3.51586e-14 1.06836e-16
 7.79708e-12 8.4667e-10 5.42046e-08 2.04596e-06 4.55307e-05 0.000597432 0.00462388 0.0211476 0.0576904 0.0981686 0.123812 0.158462 0.201216 0.185028 0.105386 0.0357484 0.00716369 0.00084669 5.90079e-05 2.42503e-06 5.87942e-08 8.42301e-10 7.17178e-12 3.7025e-14 1.23369e-16
 8.64257e-12 9.3848e-10 6.00824e-08 2.26782e-06 5.04677e-05 0.000662203 0.00512477 0.0234288 0.0637813 0.107479 0.130868 0.157718 0.193289 0.175991 0.100029 0.033917 0.0067961 0.000803218 5.59749e-05 2.2999e-06 5.57193e-08 7.96123e-10 6.71427e-12 3.3525e-14 1.00162e-16
 9.04369e-12 9.82037e-10 6.28709e-08 2.37307e-06 5.28099e-05 0.000692932 0.0053624 0.024511 0.066671 0.111897 0.134216 0.157366 0.189529 0.171704 0.0974875 0.0330481 0.00662173 0.000782604 5.45383e-05 2.24089e-06 5.42907e-08 7.7577e-10 6.54439e-12 3.27085e-14 9.8055e-17
 9.71398e-12 1.05482e-09 6.75307e-08 2.54895e-06 5.67239e-05 0.00074428 0.00575949 0.0263195 0.0714998 0.119278 0.13981 0.156776 0.183244 0.16454 0.0932404 0.0315963 0.00633035 0.000748156 5.21379e-05 2.14231e-06 5.19066e-08 7.41921e-10 6.26547e-12 3.14327e-14 9.54687e-17
 9.96538e-12 1.08212e-09 6.92784e-08 2.61492e-06 5.81918e-05 0.000763539 0.00590842 0.0269978 0.0733109 0.122047 0.141908 0.156555 0.180887 0.161853 0.0916475 0.0310517 0.00622106 0.000735232 5.12363e-05 2.10514e-06 5.09957e-08 7.28367e-10 6.13478e-12 3.04877e-14 8.95784e-17
 9.6347e-12 1.04621e-09 6.69796e-08 2.52815e-06 5.6261e-05 0.000738207 0.00571252 0.0261056 0.0709287 0.118405 0.139148 0.156846 0.183988 0.165387 0.0937427 0.031768 0.0063648 0.000752226 5.24206e-05 2.1538e-06 5.21735e-08 7.45152e-10 6.27503e-12 3.11644e-14 9.13526e-17
 9.12871e-12 9.91269e-10 6.3462e-08 2.39538e-06 5.33063e-05 0.000699444 0.00541276 0.0247404 0.0672835 0.112833 0.134925 0.157291 0.188732 0.170795 0.0969488 0.032864 0.00658477 0.000778231 5.4233e-05 2.22826e-06 5.39769e-08 7.70893e-10 6.4913e-12 3.22297e-14 9.43829e-17
 9.902e-12 1.07524e-09 6.88378e-08 2.59829e-06 5.78218e-05 0.000758685 0.00587088 0.0268268 0.0728544 0.121349 0.141379 0.156611 0.181482 0.16253 0.0920491 0.031189 0.0062486 0.000738489 5.14633e-05 2.11447e-06 5.12213e-08 7.31579e-10 6.16152e-12 3.0615e-14 8.9893e-17
 1.05845e-11 1.14935e-09 7.35825e-08 2.77738e-06 6.18071e-05 0.000810969 0.00627521 0.0286682 0.0777712 0.128865 0.147075 0.156011 0.175083 0.155235 0.0877246 0.0297107 0.00595191 0.000703412 4.90187e-05 2.01402e-06 4.87874e-08 6.96787e-10 5.86759e-12 2.91383e-14 8.5387e-17
 1.08215e-11 1.17508e-09 7.523e-08 2.83956e-06 6.31909e-05 0.000829123 0.0064156 0.0293076 0.0794784 0.131474 0.149053 0.155802 0.172861 0.152702 0.0862231 0.0291974 0.00584889 0.000691232 4.81698e-05 1.97914e-06 4.79422e-08 6.84697e-10 5.76525e-12 2.86206e-14 8.37689e-17
#obs catch len freq
 6.54986e-12 7.11238e-10 4.55341e-08 1.71869e-06 3.82472e-05 0.000501833 0.00388287 0.0177326 0.048019 0.0788905 0.0871262 0.0871678 0.100949 0.114944 0.117465 0.109226 0.0893236 0.0643633 0.0416773 0.0234273 0.0106328 0.00361511 0.000863949 0.000138179 1.42738e-05
 5.47723e-12 5.94763e-10 3.80772e-08 1.43723e-06 3.1984e-05 0.000419668 0.00324766 0.0148436 0.0403531 0.0675128 0.0799612 0.0923692 0.116822 0.130618 0.12491 0.109782 0.0874258 0.0615355 0.0381239 0.0201428 0.00852445 0.00268759 0.000592252 8.69534e-05 8.22385e-06
 5.5234e-13 5.99778e-11 3.83986e-09 1.44943e-07 3.22624e-06 4.23782e-05 0.000329715 0.00154688 0.00473655 0.0120703 0.0327193 0.0790235 0.135967 0.167306 0.16698 0.145894 0.109611 0.0713559 0.0411885 0.0203565 0.00800266 0.00232644 0.000470802 6.33386e-05 5.48103e-06
 8.97072e-12 9.74115e-10 6.23636e-08 2.35392e-06 5.2383e-05 0.000687275 0.00531649 0.0242513 0.0652783 0.104065 0.100279 0.0662675 0.0531465 0.0816057 0.125381 0.138216 0.109142 0.0675149 0.0354463 0.0158463 0.00567585 0.00150905 0.000279226 3.43116e-05 2.71057e-06
 9.5783e-12 1.04009e-09 6.65875e-08 2.51336e-06 5.59322e-05 0.000733912 0.00567986 0.0259656 0.0706222 0.118095 0.137956 0.149155 0.163451 0.140389 0.0833384 0.0417928 0.0264683 0.0187578 0.0108316 0.00472078 0.00154581 0.000370232 6.1875e-05 6.89585e-06 4.95305e-07
 1.17195e-11 1.2726e-09 8.14727e-08 3.0752e-06 6.84347e-05 0.00089792 0.0069475 0.0317242 0.0858076 0.139848 0.147803 0.127765 0.12098 0.117617 0.0993986 0.0676782 0.0342421 0.0128932 0.00430248 0.00146778 0.000442008 9.82497e-05 1.49392e-05 1.50174e-06 9.73177e-08
 1.15749e-11 1.25689e-09 8.04674e-08 3.03726e-06 6.75905e-05 0.000886856 0.0068623 0.0313428 0.0848626 0.138869 0.14881 0.13223 0.126043 0.117787 0.0944993 0.0638946 0.034448 0.0139364 0.00421291 0.00100209 0.000202319 3.47474e-05 4.57446e-06 4.1442e-07 2.43338e-08
 1.11847e-11 1.21453e-09 7.77552e-08 2.93488e-06 6.53125e-05 0.000856976 0.00663142 0.0302942 0.0820839 0.134684 0.145541 0.131542 0.127561 0.121312 0.0990367 0.0667004 0.0349062 0.0136601 0.00403548 0.000909522 0.000154866 1.97967e-05 1.90132e-06 1.34269e-07 6.61846e-09
 1.25931e-11 1.36746e-09 8.75463e-08 3.30445e-06 7.35367e-05 0.00096488 0.00746607 0.0340994 0.0922894 0.150591 0.158911 0.134258 0.119884 0.10951 0.0881003 0.0584623 0.0299364 0.0113849 0.00324194 0.000697848 0.000111571 1.28414e-05 1.03666e-06 5.77573e-08 2.19649e-09
 1.20917e-11 1.31302e-09 8.40606e-08 3.17289e-06 7.06094e-05 0.000926495 0.00716985 0.0327612 0.0888284 0.14597 0.157783 0.140471 0.130156 0.116101 0.0876196 0.0540111 0.025849 0.00922842 0.0024677 0.000498954 7.48933e-05 8.04714e-06 5.97577e-07 2.98353e-08 9.81508e-10
 1.14786e-11 1.24644e-09 7.97981e-08 3.012e-06 6.70294e-05 0.000879539 0.00680703 0.031113 0.0844558 0.139345 0.152503 0.139351 0.133066 0.122359 0.0947893 0.0580798 0.0263003 0.00848744 0.00199023 0.000351671 4.69858e-05 4.58584e-06 3.12768e-07 1.43675e-08 4.3261e-10
 1.28274e-11 1.3929e-09 8.9175e-08 3.36593e-06 7.49057e-05 0.000982878 0.00760634 0.034756 0.0942093 0.154419 0.164638 0.140498 0.124162 0.110564 0.0850408 0.0514775 0.022717 0.00703122 0.00154204 0.000246212 2.88882e-05 2.45346e-06 1.46772e-07 6.00081e-09 1.62916e-10
 1.16656e-11 1.26674e-09 8.10982e-08 3.06108e-06 6.81226e-05 0.000893927 0.00691958 0.0316469 0.0860851 0.142963 0.158983 0.147889 0.139156 0.121289 0.0870693 0.0490399 0.020451 0.00605522 0.00127214 0.000192516 2.09779e-05 1.61541e-06 8.58504e-08 3.08238e-09 7.33612e-11
 1.13817e-11 1.23592e-09 7.91248e-08 2.9866e-06 6.64654e-05 0.000872196 0.00675176 0.0308845 0.0840463 0.139682 0.155398 0.144618 0.137966 0.125053 0.0936153 0.0530224 0.021111 0.00569913 0.00105628 0.000139529 1.34434e-05 9.33194e-07 4.51241e-08 1.47015e-09 3.14759e-11
 8.84014e-12 9.59936e-10 6.14562e-08 2.31972e-06 5.16263e-05 0.000677574 0.00524822 0.0240599 0.0660149 0.112955 0.136892 0.148278 0.158309 0.147218 0.108703 0.0603008 0.0236419 0.00632703 0.00115834 0.000147581 1.31915e-05 8.21487e-07 3.51233e-08 1.01376e-09 1.93902e-11
 9.3425e-12 1.01449e-09 6.49486e-08 2.45154e-06 5.45595e-05 0.00071604 0.0055451 0.0253994 0.0694414 0.117187 0.136264 0.138657 0.146874 0.145577 0.11533 0.0658139 0.0253809 0.00649145 0.00112009 0.000134191 1.13141e-05 6.63805e-07 2.64527e-08 6.99618e-10 1.20671e-11
 1.07441e-11 1.16669e-09 7.46926e-08 2.81934e-06 6.27453e-05 0.000823477 0.00637715 0.0292082 0.0797985 0.134113 0.153083 0.147513 0.143221 0.129846 0.0959692 0.0529198 0.0205016 0.00543846 0.000987253 0.00012291 1.04212e-05 5.93929e-07 2.24562e-08 5.56575e-10 8.93371e-12
 1.01161e-11 1.09849e-09 7.03268e-08 2.65457e-06 5.90805e-05 0.000775476 0.00600794 0.0275564 0.0756417 0.129012 0.152901 0.155733 0.154419 0.135378 0.0936138 0.0474621 0.0167032 0.0039946 0.000657461 7.60692e-05 6.19521e-06 3.46887e-07 1.29355e-08 3.12959e-10 4.82685e-12
 9.52279e-12 1.03407e-09 6.62025e-08 2.49892e-06 5.56177e-05 0.000730084 0.00565774 0.0259705 0.0714523 0.122635 0.147483 0.153941 0.157176 0.141889 0.0999992 0.0506996 0.0175362 0.00406255 0.000636555 6.86659e-05 5.1337e-06 2.63475e-07 9.10467e-09 2.07283e-10 3.04602e-12
 9.23511e-12 1.00283e-09 6.42029e-08 2.42346e-06 5.39402e-05 0.000708139 0.00548945 0.0252222 0.0695843 0.120286 0.146793 0.155819 0.160031 0.143744 0.1002 0.0501748 0.017213 0.00398174 0.000624233 6.67658e-05 4.85224e-06 2.36454e-07 7.60714e-09 1.59328e-10 2.14585e-12
 1.01371e-11 1.10077e-09 7.04736e-08 2.66017e-06 5.92088e-05 0.000777302 0.00602513 0.0276715 0.076188 0.130645 0.155496 0.157503 0.154916 0.135421 0.0920147 0.0446405 0.0147802 0.00330146 0.000501694 5.22525e-05 3.70591e-06 1.75759e-07 5.45994e-09 1.09165e-10 1.38597e-12
 1.07982e-11 1.17256e-09 7.50696e-08 2.83368e-06 6.30725e-05 0.000828087 0.00642005 0.0294991 0.081294 0.139509 0.165321 0.163566 0.153218 0.12623 0.0811651 0.0377004 0.0121031 0.00264371 0.00039351 3.99585e-05 2.74345e-06 1.2524e-07 3.73239e-09 7.14313e-11 8.65871e-13
 1.04988e-11 1.14006e-09 7.29894e-08 2.75522e-06 6.13298e-05 0.000805354 0.0062471 0.0287477 0.0795529 0.137967 0.166986 0.169092 0.158509 0.12708 0.078046 0.034211 0.0102803 0.00209195 0.000290144 2.76075e-05 1.78997e-06 7.75963e-08 2.19977e-09 4.00047e-11 4.59815e-13
 1.11697e-11 1.21291e-09 7.76536e-08 2.9313e-06 6.52501e-05 0.000856847 0.00664641 0.0305768 0.0844903 0.145658 0.173166 0.169719 0.154323 0.121117 0.0724451 0.0304552 0.00862576 0.00162664 0.000206007 1.77445e-05 1.04166e-06 4.11711e-08 1.07405e-09 1.81217e-11 1.94364e-13
 1.06149e-11 1.15267e-09 7.37981e-08 2.78587e-06 6.20195e-05 0.000814676 0.0063248 0.0291678 0.0811242 0.142126 0.174323 0.176519 0.160507 0.121784 0.0697132 0.0281833 0.00773836 0.00141984 0.000173999 1.42837e-05 7.83318e-07 2.84256e-08 6.73879e-10 1.03005e-11 1.00276e-13
 9.20396e-12 9.99463e-10 6.39905e-08 2.41578e-06 5.379e-05 0.000706916 0.00549562 0.0254387 0.0714685 0.12842 0.165946 0.180311 0.172884 0.133883 0.0761016 0.0298959 0.00785424 0.00136621 0.000158078 1.22426e-05 6.33188e-07 2.16098e-08 4.78847e-10 6.78485e-12 6.07184e-14
 1.0329e-11 1.12163e-09 7.18118e-08 2.71102e-06 6.03605e-05 0.000793114 0.00616153 0.0284559 0.0793661 0.139699 0.172557 0.176866 0.163921 0.125861 0.0708838 0.0272113 0.00688687 0.00114035 0.000124325 8.9981e-06 4.32691e-07 1.37061e-08 2.82e-10 3.71296e-12 3.0875e-14
 9.67063e-12 1.05015e-09 6.72382e-08 2.53861e-06 5.65368e-05 0.000743399 0.00578619 0.0268544 0.0758303 0.137227 0.177492 0.188366 0.17105 0.123001 0.0641871 0.022982 0.005471 0.000855671 8.80277e-05 5.98315e-06 2.6852e-07 7.89402e-09 1.50135e-10 1.82313e-12 1.39697e-14
 9.73961e-12 1.05765e-09 6.7719e-08 2.55683e-06 5.69456e-05 0.000748842 0.00582918 0.0270519 0.076313 0.137605 0.176762 0.187004 0.171234 0.124334 0.0645656 0.0225302 0.00512936 0.000756019 7.2513e-05 4.56404e-06 1.89094e-07 5.12861e-09 8.99933e-11 1.00792e-12 7.11672e-15
#spawning biomass
 9469.4 8474.3 6632.24 6965.06 10609.7 16490.4 21899.7 28166.1 41777.1 65553.8 88298 120288 162039 179204 182494 168527 177883 178962 187654 189548 173785 186951 217822 241205 252370 239289 242251 252375 207251 117173 238111 262947 253068 226424 195404 166752 143159 125021 111694 102205 95599.6 91077.2 88019.4 85958.6 84559.9 83652.7 83064.3 82682.6 82435.1 82274.6 82170.4 82102.9 82059.1 82030.7 82012.2 82000.3 81992.5 81987.5 81984.3 81982.1 81980.8 81979.9 81979.3 81978.9 81978.7 81978.5 81978.4 81978.4 81978.3 81978.3 81978.3 81978.3 81978.3 81978.2 81978.2 81978.2 81978.2 81978.2 81978.2 81978.2 81978.2 81978.2 81978.2 81978.2 81978.2 81978.2 81978.2 81978.2 81978.2 81978.2 81978.2 81978.2 81978.2 81978.2 81978.2 81978.2 81978.2 81978.2 81978.2 81978.2 81978.2 81978.2 81978.2 81978.2 81978.2 81978.2 81978.2 81978.2 81978.2 81978.2 81978.2 81978.2 81978.2 81978.2 81978.2 81978.2 81978.2 81978.2 81978.2 81978.2 81978.2 81978.2 81978.2 81978.2 81978.2 81978.2 81978.2 81978.2 81978.2 0 0 0 0 0 0 0 0 0 0 0 0 0 0 0 0 0 0 0 0 0 0 0 0 0
