SBPRF35
0.819782
Curr Bio
148128
B35
697249
F35
0.209284
FOFL
0.048138
OFL
6823.79
Bzero
234224
#pred survey bio
 8995.68 6733.59 7774.84 11058.6 15279.6 17708.5 17003.5 21543.6 34810.5 50194 61656.1 84061.2 106423 141546 127651 107430 101306 103112 105659 106650 108371 107466 112794 120135 132193 137644 134334 158117 6.84769e+06 6.54565e+06 7.37745e+06 7.1386e+06 6.40913e+06 5.53785e+06 4.7113e+06 4.00931e+06 3.45035e+06 3.02303e+06 2.7049e+06 2.47206e+06 2.30337e+06 2.18167e+06 2.09315e+06 2.02772e+06 1.98134e+06 1.94813e+06 1.9241e+06 1.90651e+06 1.8935e+06 1.88376e+06 1.8764e+06 1.87077e+06 1.86643e+06 1.86306e+06 1.86041e+06 1.85832e+06 1.85666e+06 1.85534e+06 1.85428e+06 1.85342e+06 1.85273e+06 1.85218e+06 1.85172e+06 1.85136e+06 1.85106e+06 1.85081e+06 1.85062e+06 1.85045e+06 1.85032e+06 1.85021e+06 1.85013e+06 1.85005e+06 1.84999e+06 1.84995e+06 1.84991e+06 1.84987e+06 1.84985e+06 1.84983e+06 1.84981e+06 1.84979e+06 1.84978e+06 1.84977e+06 1.84976e+06 1.84976e+06 1.84975e+06 1.84975e+06 1.84974e+06 1.84974e+06 1.84974e+06 1.84974e+06 1.84974e+06 1.84973e+06 1.84973e+06 1.84973e+06 1.84973e+06 1.84973e+06 1.84973e+06 1.84973e+06 1.84973e+06 1.84973e+06 1.84973e+06 1.84973e+06 1.84973e+06 1.84973e+06 1.84973e+06 1.84973e+06 1.84973e+06 1.84973e+06 1.84973e+06 1.84973e+06 1.84973e+06 1.84973e+06 1.84973e+06 1.84973e+06 1.84973e+06 1.84973e+06 1.84973e+06 1.84973e+06 1.84973e+06 1.84973e+06 1.84973e+06 1.84973e+06 1.84973e+06 1.84973e+06 1.84973e+06 1.84973e+06 1.84973e+06 1.84973e+06 0 0 0 0 0 0 0 0 0 0 0 0 0 0 0 0 0 0 0 0 0 0 0 0 0
#obs survey bio
 8294.51 6478.86 10474.3 10820 10215.5 23833 13408 18593.6 41150.9 52861.5 70480 71308.3 128302 132781 143407 98259.4 134823 122836 102937 106088 128404 114293 88416.5 124755 157954 202314 129018 134050
#pred catch bio
 6719.92 4771.83 5294.83 7756.57 10719.7 13459.4 12788.2 15058.8 24568.1 37871.1 44643.2 64686.9 76351.4 113653 103855 86313.3 80614.2 81707.5 84789.7 86113 88949 88408.8 95041.7 100255 110458 117036 106373 110663 6823.79 52195 59449.5 56905 50415.3 42897.8 35883.8 30014.7 25417 21969.2 19461.2 17676.6 16426.9 15561.6 14964.2 14551 14276.5 14094.3 13973.2 13892.8 13839.4 13804 13780.4 13764.8 13754.4 13747.5 13742.9 13739.9 13737.9 13736.5 13735.6 13735.1 13734.7 13734.4 13734.2 13734.1 13734 13734 13733.9 13733.9 13733.9 13733.9 13733.9 13733.9 13733.9 13733.9 13733.9 13733.9 13733.9 13733.9 13733.9 13733.9 13733.9 13733.9 13733.9 13733.9 13733.9 13733.9 13733.9 13733.9 13733.9 13733.9 13733.9 13733.9 13733.9 13733.9 13733.9 13733.9 13733.9 13733.9 13733.9 13733.9 13733.9 13733.9 13733.9 13733.9 13733.9 13733.9 13733.9 13733.9 13733.9 13733.9 13733.9 13733.9 13733.9 13733.9 13733.9 13733.9 13733.9 13733.9 13733.9 13733.9 13733.9 13733.9 13733.9 13733.9 13733.9 13733.9 13733.9 13733.9 0 0 0 0 0 0 0 0 0 0 0 0 0 0 0 0 0 0 0 0 0 0 0 0 0
#obs catch bio
 4270.51 4657.14 5118.63 7706.8 10764.7 13187.4 12633.5 14851.8 23948.7 37366.9 43355.9 63180.2 74753.9 110466 102807 86367.3 78526.1 80306.3 81833.6 83811.5 84024.9 84523.6 94038.4 98220.8 105813 111455 102858 109962
#pred cpue bio
 7895.15 5557.6 6201.57 8676.53 12019.9 14563.3 13783.2 16531.3 26667 39370.5 48320.1 65524 82212.6 112092 103792 86772.1 80469.8 81601.5 83870.6 84181.5 85315.7 84325 87358.2 91896 101611 106819 104074 122742 5.57432e+06 6.37017e+06 7.33677e+06 7.09293e+06 6.35991e+06 5.48792e+06 4.66126e+06 3.95925e+06 3.40029e+06 2.97298e+06 2.65484e+06 2.422e+06 2.25331e+06 2.13161e+06 2.0431e+06 1.97766e+06 1.93128e+06 1.89807e+06 1.87404e+06 1.85646e+06 1.84344e+06 1.83371e+06 1.82634e+06 1.82071e+06 1.81637e+06 1.813e+06 1.81035e+06 1.80826e+06 1.8066e+06 1.80528e+06 1.80422e+06 1.80336e+06 1.80268e+06 1.80212e+06 1.80167e+06 1.8013e+06 1.801e+06 1.80076e+06 1.80056e+06 1.8004e+06 1.80026e+06 1.80016e+06 1.80007e+06 1.8e+06 1.79994e+06 1.79989e+06 1.79985e+06 1.79982e+06 1.79979e+06 1.79977e+06 1.79975e+06 1.79974e+06 1.79972e+06 1.79971e+06 1.79971e+06 1.7997e+06 1.79969e+06 1.79969e+06 1.79969e+06 1.79968e+06 1.79968e+06 1.79968e+06 1.79968e+06 1.79968e+06 1.79968e+06 1.79967e+06 1.79967e+06 1.79967e+06 1.79967e+06 1.79967e+06 1.79967e+06 1.79967e+06 1.79967e+06 1.79967e+06 1.79967e+06 1.79967e+06 1.79967e+06 1.79967e+06 1.79967e+06 1.79967e+06 1.79967e+06 1.79967e+06 1.79967e+06 1.79967e+06 1.79967e+06 1.79967e+06 1.79967e+06 1.79967e+06 1.79967e+06 1.79967e+06 1.79967e+06 1.79967e+06 1.79967e+06 1.79967e+06 1.79967e+06 1.79967e+06 1.79967e+06 1.79967e+06 1.79967e+06 1.79967e+06 0 0 0 0 0 0 0 0 0 0 0 0 0 0 0 0 0 0 0 0 0 0 0 0 0
#obs cpue bio
 4144.89 10402.7 8071.11 7722.16 14953.2 18296.4 22012.4 21535.2 38606.2 40226.8 79154.5 101793 92893.5 190749 96799.6 93091.5 103786 84823 165133 126041 204170 146958 112201 130751 185157 159655 170809 153149
#pred surv len freq
 2.56622e-27 2.59662e-27 4.05188e-26 8.00787e-20 1.96303e-14 5.81682e-10 2.08349e-06 0.00090207 0.0472111 0.29867 0.228643 0.0366911 0.118643 0.109698 0.0294368 0.0399567 0.0188334 0.0167848 0.0114959 0.00958476 0.00814622 0.00754488 0.00804949 0.00741346 0.00229347
 2.56804e-27 2.60121e-27 4.40669e-26 8.75616e-20 2.14647e-14 6.36037e-10 2.27818e-06 0.000986364 0.0516227 0.326579 0.25001 0.0402731 0.130893 0.120608 0.0246081 0.0259005 0.00998877 0.00619814 0.00344044 0.00240859 0.00178122 0.00146909 0.0014288 0.00134267 0.000458316
 2.5693e-27 2.6046e-27 4.70055e-26 9.37606e-20 2.29843e-14 6.81065e-10 2.43946e-06 0.00105619 0.0552774 0.3497 0.267661 0.0400222 0.116583 0.107417 0.0225945 0.0245487 0.00834057 0.00350278 0.00140849 0.00069428 0.000398493 0.00027437 0.000232465 0.000211661 7.55665e-05
 2.56991e-27 2.60621e-27 4.83753e-26 9.66502e-20 2.36926e-14 7.02055e-10 2.51464e-06 0.00108874 0.056981 0.360477 0.275891 0.0400729 0.111186 0.10235 0.0201457 0.020235 0.00696981 0.00304171 0.000990439 0.00031645 0.000114363 5.61414e-05 3.79783e-05 3.1452e-05 1.12989e-05
 2.5697e-27 2.6056e-27 4.78039e-26 9.54445e-20 2.33971e-14 6.93297e-10 2.48327e-06 0.00107516 0.0562701 0.35598 0.272465 0.0405341 0.117104 0.107757 0.0201289 0.0188187 0.00627939 0.0024496 0.000806976 0.000243934 5.68323e-05 1.56245e-05 6.8584e-06 4.6587e-06 1.6193e-06
 2.56744e-27 2.59948e-27 4.24107e-26 8.40673e-20 2.06081e-14 6.10655e-10 2.18726e-06 0.000947001 0.0495626 0.313547 0.240085 0.0419156 0.150366 0.138507 0.0265876 0.0258099 0.00842836 0.00298631 0.000925348 0.000257735 5.77518e-05 1.04289e-05 2.19208e-06 9.64122e-07 3.05085e-07
 2.56838e-27 2.60214e-27 4.48463e-26 8.92057e-20 2.18677e-14 6.47979e-10 2.32095e-06 0.00100488 0.052592 0.332712 0.254697 0.0405128 0.129425 0.119336 0.025956 0.0292072 0.00963591 0.00353251 0.00105564 0.000266855 5.44975e-05 8.98545e-06 1.11122e-06 2.0843e-07 5.14111e-08
 2.57086e-27 2.60877e-27 5.06378e-26 1.01423e-19 2.48626e-14 7.36724e-10 2.63882e-06 0.00114251 0.0597948 0.378278 0.289474 0.0394512 0.0969123 0.0891708 0.0176774 0.0179213 0.00623489 0.0028042 0.000865288 0.000221867 4.18305e-05 6.18528e-06 6.41659e-07 5.3216e-08 6.82827e-09
 2.57078e-27 2.60848e-27 5.0313e-26 1.00738e-19 2.46946e-14 7.31745e-10 2.62099e-06 0.00113479 0.0593907 0.375722 0.287533 0.0401358 0.103486 0.0951143 0.0165098 0.0137374 0.00458883 0.00181242 0.000607177 0.000183991 3.58763e-05 5.03593e-06 4.60017e-07 2.64669e-08 1.31439e-09
 2.56975e-27 2.60568e-27 4.78343e-26 9.55085e-20 2.34128e-14 6.93762e-10 2.48494e-06 0.00107588 0.0563079 0.356219 0.272652 0.0408413 0.11931 0.109736 0.0194662 0.0167858 0.00530771 0.00162163 0.000496853 0.00014048 3.17794e-05 4.87298e-06 4.27853e-07 2.08349e-08 5.57839e-10
 2.56982e-27 2.60592e-27 4.80641e-26 9.59934e-20 2.35316e-14 6.97284e-10 2.49756e-06 0.00108135 0.0565938 0.358028 0.274029 0.0405872 0.116409 0.107102 0.0197728 0.018152 0.00578141 0.00181557 0.000505483 0.000113224 2.3047e-05 3.81369e-06 3.74506e-07 1.75863e-08 3.66958e-10
 2.57009e-27 2.60665e-27 4.8724e-26 9.73856e-20 2.38729e-14 7.07397e-10 2.53378e-06 0.00109703 0.0574145 0.36322 0.277989 0.0403113 0.111527 0.10261 0.0192214 0.018032 0.00584887 0.00200517 0.0005697 0.000126412 2.11612e-05 2.95647e-06 3.00438e-07 1.55713e-08 3.09953e-10
 2.57042e-27 2.60751e-27 4.94548e-26 9.89272e-20 2.42508e-14 7.18595e-10 2.57389e-06 0.00111439 0.0583234 0.36897 0.28238 0.0403722 0.108905 0.100126 0.0176142 0.0149881 0.0048689 0.00169513 0.000497847 0.000119013 2.01119e-05 2.4439e-06 2.04613e-07 1.07021e-08 2.29336e-10
 2.56932e-27 2.60453e-27 4.68273e-26 9.33843e-20 2.2892e-14 6.78332e-10 2.42967e-06 0.00105195 0.0550555 0.348296 0.266605 0.0410455 0.125112 0.115112 0.0208087 0.0184978 0.00588017 0.00183766 0.000536602 0.00013138 2.36512e-05 2.97469e-06 2.21683e-07 9.67431e-09 2.0581e-10
 2.56798e-27 2.6009e-27 4.36216e-26 8.66216e-20 2.12342e-14 6.29208e-10 2.25372e-06 0.000975774 0.0510685 0.323073 0.24736 0.041957 0.14557 0.133999 0.0243022 0.0217167 0.00694508 0.00223206 0.000627934 0.000140704 2.54861e-05 3.37617e-06 2.61837e-07 1.02818e-08 1.86816e-10
 2.56844e-27 2.6022e-27 4.48286e-26 8.9168e-20 2.18585e-14 6.47705e-10 2.31997e-06 0.00100446 0.0525698 0.332571 0.254599 0.0411195 0.134111 0.123534 0.024438 0.0246653 0.00790872 0.00255437 0.000726343 0.000164361 2.76884e-05 3.54416e-06 2.87141e-07 1.16292e-08 1.91769e-10
 2.56925e-27 2.6044e-27 4.67495e-26 9.32203e-20 2.28518e-14 6.77141e-10 2.4254e-06 0.00105011 0.0549588 0.347685 0.266134 0.0407472 0.123173 0.113384 0.0216065 0.0207738 0.00690044 0.0026199 0.000758826 0.000173048 2.95078e-05 3.61913e-06 2.79107e-07 1.16574e-08 1.95813e-10
 2.56937e-27 2.60469e-27 4.69761e-26 9.36982e-20 2.2969e-14 6.80612e-10 2.43784e-06 0.00105549 0.0552406 0.349467 0.267498 0.0409381 0.123668 0.113785 0.0206831 0.0185564 0.00606555 0.00216816 0.000665009 0.000173107 3.016e-05 3.73477e-06 2.79553e-07 1.1163e-08 1.90964e-10
 2.56922e-27 2.60427e-27 4.6602e-26 9.2909e-20 2.27755e-14 6.7488e-10 2.41731e-06 0.0010466 0.0547753 0.346524 0.265252 0.041059 0.126166 0.116094 0.0211551 0.0190448 0.00610918 0.00199747 0.000591698 0.000149862 2.91492e-05 3.88356e-06 2.94124e-07 1.14497e-08 1.88818e-10
 2.56949e-27 2.605e-27 4.72459e-26 9.42673e-20 2.31085e-14 6.84746e-10 2.45265e-06 0.0010619 0.0555761 0.35159 0.269117 0.0408681 0.121997 0.112247 0.0204822 0.018478 0.00592939 0.00193804 0.000555045 0.000129537 2.41981e-05 3.42959e-06 2.85595e-07 1.13521e-08 1.83093e-10
 2.56958e-27 2.60524e-27 4.74503e-26 9.46986e-20 2.32142e-14 6.87879e-10 2.46387e-06 0.00106676 0.0558304 0.353198 0.270346 0.0409275 0.121585 0.11184 0.0199109 0.017276 0.00554097 0.00181212 0.000519076 0.000119736 2.08891e-05 2.78823e-06 2.41309e-07 1.04898e-08 1.74033e-10
 2.56971e-27 2.60558e-27 4.77394e-26 9.53083e-20 2.33637e-14 6.92308e-10 2.47973e-06 0.00107363 0.0561898 0.355472 0.272083 0.0409337 0.120413 0.110739 0.0193811 0.0163399 0.00518271 0.00160598 0.000457225 0.000105468 1.82728e-05 2.3155e-06 1.87616e-07 8.38384e-09 1.50251e-10
 2.57028e-27 2.60712e-27 4.90984e-26 9.81752e-20 2.40665e-14 7.13132e-10 2.55432e-06 0.00110592 0.05788 0.366165 0.280242 0.0405685 0.111901 0.102878 0.0178572 0.01484 0.00467413 0.00139563 0.000388089 8.5597e-05 1.47405e-05 1.85542e-06 1.43582e-07 6.04648e-09 1.10673e-10
 2.57075e-27 2.60837e-27 5.01746e-26 1.00446e-19 2.4623e-14 7.29624e-10 2.61339e-06 0.0011315 0.0592185 0.374633 0.286706 0.040473 0.106633 0.0979647 0.0160588 0.0119713 0.00374586 0.00108908 0.000298055 6.32983e-05 1.04571e-05 1.28361e-06 9.83058e-08 3.9622e-09 6.90116e-11
 2.57053e-27 2.60775e-27 4.96124e-26 9.92594e-20 2.43322e-14 7.21008e-10 2.58253e-06 0.00111814 0.0585192 0.370209 0.283332 0.0407329 0.110981 0.101959 0.0164441 0.0118393 0.00362566 0.000928866 0.000247751 5.12411e-05 8.19803e-06 9.61976e-07 7.11557e-08 2.81715e-09 4.70604e-11
 2.57013e-27 2.60666e-27 4.8656e-26 9.72418e-20 2.38376e-14 7.06352e-10 2.53003e-06 0.00109541 0.0573297 0.362683 0.27759 0.0409791 0.116889 0.107422 0.0176081 0.0131177 0.00399586 0.000982166 0.000250564 4.64151e-05 7.15847e-06 8.11402e-07 5.72389e-08 2.18001e-09 3.55358e-11
 2.57021e-27 2.6069e-27 4.88726e-26 9.76988e-20 2.39497e-14 7.09672e-10 2.54193e-06 0.00110056 0.0575992 0.364388 0.27889 0.0408638 0.115098 0.105781 0.0175172 0.013325 0.00408117 0.00103707 0.000262867 4.64316e-05 6.55506e-06 6.86324e-07 4.64338e-08 1.68508e-09 2.63807e-11
 2.57017e-27 2.60683e-27 4.88357e-26 9.7621e-20 2.39306e-14 7.09107e-10 2.5399e-06 0.00109968 0.0575533 0.364098 0.278665 0.0406565 0.113679 0.104521 0.0181966 0.0151947 0.00469496 0.00124974 0.000322043 5.84292e-05 8.03551e-06 7.76675e-07 4.77342e-08 1.63961e-09 2.44504e-11
#obs surv len freq
 1.64371e-41 2.28136e-33 3.82745e-26 7.762e-20 1.90276e-14 5.63823e-10 2.01952e-06 0.000874384 0.0457618 0.289502 0.221803 0.0443008 0.164319 0.139636 0.0429906 0.0347685 0.0112798 0.00382864 0.000820896 0.000106503 6.04287e-06 1.07706e-07 4.48601e-10 3.51952e-13 4.50873e-17
 1.89919e-41 2.63595e-33 4.42236e-26 8.96846e-20 2.19851e-14 6.51459e-10 2.33342e-06 0.00101029 0.0528746 0.3345 0.256174 0.0440658 0.132818 0.106868 0.0341271 0.0260922 0.00825017 0.00263579 0.000519781 5.88384e-05 2.76946e-06 3.88661e-08 1.21878e-10 6.98277e-14 6.41799e-18
 1.92915e-41 2.67753e-33 4.49211e-26 9.10991e-20 2.23319e-14 6.61734e-10 2.37022e-06 0.00102622 0.0537085 0.339776 0.260285 0.0470499 0.140746 0.105915 0.0269739 0.0172647 0.00533142 0.0016003 0.000290181 2.85717e-05 1.10272e-06 1.20718e-08 2.84681e-11 1.19479e-14 7.9055e-19
 1.96927e-41 2.73321e-33 4.58553e-26 9.29936e-20 2.27963e-14 6.75496e-10 2.41952e-06 0.00104757 0.0548255 0.346842 0.265744 0.0487183 0.13854 0.0981775 0.0260163 0.0153321 0.00367409 0.000914752 0.000151382 1.29278e-05 4.07265e-07 3.4514e-09 6.08674e-12 1.87009e-15 8.93133e-20
 1.76433e-41 2.44877e-33 4.10832e-26 8.33159e-20 2.04239e-14 6.05198e-10 2.16772e-06 0.000938548 0.0491199 0.310748 0.238376 0.0549131 0.176023 0.117104 0.031044 0.0169118 0.00390748 0.000804528 0.000100323 7.11205e-06 1.8203e-07 1.19117e-09 1.56541e-12 3.50997e-16 1.20877e-20
 1.45531e-41 2.01987e-33 3.38875e-26 6.87231e-20 1.68467e-14 4.99197e-10 1.78804e-06 0.000774161 0.0405165 0.256322 0.19709 0.0625215 0.22083 0.139981 0.0486234 0.0264038 0.00574871 0.00107183 0.000109358 5.61941e-06 1.09118e-07 5.46327e-10 5.34794e-13 8.74574e-17 2.16921e-21
 2.09064e-41 2.90167e-33 4.86815e-26 9.87252e-20 2.42013e-14 7.17129e-10 2.56864e-06 0.00111213 0.0582046 0.36822 0.282216 0.0503119 0.112396 0.0690344 0.0339736 0.0187497 0.00482147 0.000877007 7.75827e-05 3.07731e-06 4.18528e-08 1.49412e-10 1.06867e-13 1.27249e-17 2.27514e-22
 1.98485e-41 2.75485e-33 4.62183e-26 9.37297e-20 2.29767e-14 6.80843e-10 2.43867e-06 0.00105586 0.0552594 0.34959 0.268337 0.0602276 0.151954 0.0818555 0.0192657 0.0089 0.00291664 0.000581481 5.17756e-05 1.70833e-06 1.71032e-08 4.18455e-11 2.05473e-14 1.72265e-18 2.19695e-23
 2.0135e-41 2.79461e-33 4.68853e-26 9.50826e-20 2.33084e-14 6.9067e-10 2.47387e-06 0.0010711 0.056057 0.354636 0.272319 0.0618814 0.145568 0.0747687 0.0230133 0.00881729 0.00154215 0.000293542 2.87557e-05 9.00691e-07 7.29312e-09 1.28923e-11 4.32581e-15 2.44917e-19 2.13706e-24
 1.73091e-41 2.40238e-33 4.0305e-26 8.17377e-20 2.0037e-14 5.93734e-10 2.12666e-06 0.00092077 0.0481894 0.304867 0.234946 0.076145 0.198806 0.0951368 0.0284731 0.0103503 0.00191306 0.000232481 1.69637e-05 5.18281e-07 3.76562e-09 5.29617e-12 1.29461e-15 5.0816e-20 3.00934e-25
 2.0126e-41 2.79335e-33 4.68643e-26 9.50399e-20 2.32979e-14 6.9036e-10 2.47276e-06 0.00107062 0.0560319 0.35448 0.272582 0.0668408 0.140236 0.0668502 0.0296077 0.0103023 0.00178483 0.000201619 1.04288e-05 2.20343e-07 1.35617e-09 1.62096e-12 3.14107e-16 9.18052e-21 3.87546e-26
 1.85275e-41 2.5715e-33 4.31422e-26 8.74916e-20 2.14475e-14 6.3553e-10 2.27636e-06 0.000985587 0.0515817 0.326331 0.251847 0.0815057 0.179637 0.0752356 0.0230512 0.00793454 0.00170075 0.000178974 7.88957e-06 1.18434e-07 4.89081e-10 4.41129e-13 6.8248e-17 1.56926e-21 5.03417e-27
 1.92456e-41 2.67116e-33 4.48142e-26 9.08822e-20 2.22787e-14 6.60159e-10 2.36458e-06 0.00102378 0.0535807 0.338979 0.261668 0.0809444 0.160754 0.0671478 0.0268935 0.00760854 0.00125252 0.000138709 5.85871e-06 7.08333e-08 2.07237e-10 1.24319e-13 1.33536e-17 2.26759e-22 5.52771e-28
 1.61893e-41 2.24696e-33 3.76975e-26 7.64498e-20 1.87408e-14 5.55323e-10 1.98908e-06 0.000861202 0.0450719 0.28516 0.22203 0.104509 0.217381 0.083895 0.0306818 0.00878328 0.00149247 0.000127612 4.78883e-06 5.21839e-08 1.20999e-10 5.2076e-14 3.78537e-18 4.30897e-23 7.2313e-29
 1.47634e-41 2.04906e-33 3.43773e-26 6.97164e-20 1.70902e-14 5.06413e-10 1.81389e-06 0.00078535 0.0411021 0.260054 0.203762 0.113385 0.224702 0.0945671 0.0472911 0.0122629 0.00192504 0.000156695 4.71141e-06 4.11465e-08 7.94056e-11 2.69702e-14 1.44419e-18 1.15249e-23 1.31759e-29
 1.7132e-41 2.37781e-33 3.98928e-26 8.09017e-20 1.98321e-14 5.87662e-10 2.10491e-06 0.000911353 0.0476966 0.301774 0.235392 0.103032 0.177088 0.0769087 0.042211 0.0126493 0.00217613 0.000156498 4.07654e-06 2.81127e-08 4.11422e-11 1.08343e-14 4.49609e-19 2.70293e-24 2.25039e-30
 1.67181e-41 2.32036e-33 3.89289e-26 7.8947e-20 1.93529e-14 5.73463e-10 2.05405e-06 0.000889333 0.0465442 0.294498 0.23131 0.11892 0.19287 0.0714144 0.0317085 0.00983105 0.00186974 0.000141066 3.21559e-06 1.79585e-08 2.02411e-11 3.94742e-15 1.20882e-19 5.4202e-25 3.37612e-31
 1.6975e-41 2.35602e-33 3.95271e-26 8.01601e-20 1.96503e-14 5.82274e-10 2.08561e-06 0.000902998 0.0472594 0.299034 0.235703 0.123729 0.184437 0.0697002 0.0304066 0.0074492 0.00127514 9.84877e-05 2.16306e-06 1.02803e-08 9.08103e-12 1.33764e-15 3.01651e-20 9.80697e-26 4.41561e-32
 1.65681e-41 2.29954e-33 3.85795e-26 7.82385e-20 1.91792e-14 5.68316e-10 2.03562e-06 0.000881351 0.0461265 0.291889 0.231886 0.135513 0.188282 0.0689987 0.0286944 0.00672005 0.000944751 6.08105e-05 1.22335e-06 5.18161e-09 3.78904e-12 4.33835e-16 7.33259e-21 1.75265e-26 5.72944e-33
 1.74993e-41 2.42879e-33 4.0748e-26 8.26361e-20 2.02573e-14 6.0026e-10 2.15003e-06 0.00093089 0.0487192 0.308306 0.245094 0.133758 0.168065 0.0631423 0.0256702 0.00557695 0.000698931 3.6038e-05 5.71377e-07 2.01167e-09 1.22707e-12 1.13534e-16 1.49299e-21 2.69151e-27 6.49781e-34
 1.71214e-41 2.37634e-33 3.9868e-26 8.08515e-20 1.98198e-14 5.87296e-10 2.1036e-06 0.000910786 0.0476671 0.301686 0.24236 0.147986 0.172653 0.0596651 0.0219371 0.00459539 0.000515323 2.20554e-05 2.68276e-07 7.10249e-10 3.34615e-13 2.43507e-17 2.51229e-22 3.50341e-28 6.4283e-35
 1.72962e-41 2.4006e-33 4.02751e-26 8.16771e-20 2.00222e-14 5.93294e-10 2.12508e-06 0.000920087 0.048154 0.304801 0.246429 0.152779 0.164306 0.0584191 0.0201388 0.00367363 0.000363979 1.31462e-05 1.25228e-07 2.46503e-10 8.46654e-14 4.52735e-18 3.4869e-23 3.66912e-29 5.09521e-36
 1.73084e-41 2.40229e-33 4.03033e-26 8.17344e-20 2.00362e-14 5.9371e-10 2.12657e-06 0.000920733 0.0481878 0.305065 0.248951 0.160895 0.159554 0.0552343 0.0178802 0.0030475 0.000254327 7.50659e-06 5.6637e-08 8.43322e-11 2.11904e-14 8.14732e-19 4.49457e-24 3.40465e-30 3.43256e-37
 1.743e-41 2.41917e-33 4.05866e-26 8.23088e-20 2.0177e-14 5.97883e-10 2.14152e-06 0.000927203 0.0485266 0.307267 0.252921 0.166115 0.152318 0.0531496 0.0160764 0.00250981 0.00018232 4.32749e-06 2.51698e-08 2.83821e-11 5.28826e-15 1.47857e-19 5.8518e-25 3.15598e-31 2.25899e-38
 1.68898e-41 2.3442e-33 3.93288e-26 7.9758e-20 1.95517e-14 5.79354e-10 2.07515e-06 0.000898469 0.0470231 0.297853 0.249742 0.18081 0.154635 0.052183 0.0146209 0.00209805 0.000131197 2.53453e-06 1.13368e-08 9.51607e-12 1.30449e-15 2.6642e-20 7.63984e-26 2.96149e-32 1.51361e-39
 1.60481e-41 2.22737e-33 3.73687e-26 7.5783e-20 1.85773e-14 5.5048e-10 1.97173e-06 0.000853691 0.0446799 0.283161 0.243322 0.196231 0.159336 0.0558383 0.0145959 0.00187783 0.000100629 1.57598e-06 5.45373e-09 3.42262e-12 3.43137e-16 5.07186e-21 1.04846e-26 2.92382e-33 1.07256e-40
 1.59316e-41 2.2112e-33 3.70975e-26 7.52329e-20 1.84425e-14 5.46484e-10 1.95742e-06 0.000847494 0.0443561 0.281239 0.245293 0.199984 0.15429 0.0575291 0.0146377 0.00174173 7.89199e-05 9.93492e-07 2.65687e-09 1.25142e-12 9.23079e-17 9.9016e-22 1.47225e-27 2.93839e-34 7.69722e-42
 1.6407e-41 2.27718e-33 3.82044e-26 7.74778e-20 1.89928e-14 5.62791e-10 2.01582e-06 0.000872783 0.0456801 0.289754 0.254736 0.199268 0.142868 0.0523489 0.012943 0.00146946 5.77671e-05 5.83715e-07 1.19875e-09 4.23239e-13 2.30205e-17 1.79976e-22 1.93424e-28 2.77328e-35 5.19536e-43
#pred catch len freq
 2.56516e-27 2.59377e-27 3.80519e-26 7.48748e-20 1.83547e-14 5.43881e-10 1.94809e-06 0.000843449 0.0441431 0.279261 0.213826 0.0368958 0.13061 0.120789 0.0322327 0.0435778 0.0204969 0.0182159 0.0124661 0.0103895 0.00882905 0.00817705 0.00872389 0.00803458 0.00248562
 2.56693e-27 2.59819e-27 4.14162e-26 8.19698e-20 2.00939e-14 5.95419e-10 2.13269e-06 0.000923373 0.048326 0.305724 0.234095 0.0408908 0.146775 0.135282 0.0275116 0.0288432 0.0111075 0.00687014 0.00381038 0.00266634 0.00197156 0.00162602 0.00158142 0.00148609 0.000507272
 2.56818e-27 2.60158e-27 4.43463e-26 8.8151e-20 2.16092e-14 6.40318e-10 2.29351e-06 0.000993003 0.0519702 0.328778 0.251695 0.0406828 0.132827 0.122431 0.0256849 0.0278246 0.0094445 0.00395278 0.00158819 0.0007824 0.000448999 0.000309132 0.000261916 0.000238476 8.514e-05
 2.56893e-27 2.60354e-27 4.60226e-26 9.16869e-20 2.24759e-14 6.66002e-10 2.38551e-06 0.00103283 0.0540548 0.341965 0.261766 0.0407112 0.125968 0.116002 0.0227571 0.0227606 0.00783139 0.00340574 0.00110825 0.000353849 0.000127853 6.27605e-05 4.24556e-05 3.51599e-05 1.2631e-05
 2.5687e-27 2.60288e-27 4.54007e-26 9.03748e-20 2.21543e-14 6.56471e-10 2.35137e-06 0.00101805 0.0532812 0.337072 0.258037 0.0412244 0.132493 0.121962 0.0227129 0.0211403 0.00704727 0.00273933 0.000901776 0.000272414 6.34557e-05 1.7444e-05 7.65698e-06 5.20114e-06 1.80785e-06
 2.56651e-27 2.59696e-27 4.01894e-26 7.93813e-20 1.94594e-14 5.76616e-10 2.06534e-06 0.000894214 0.0467999 0.296069 0.22675 0.0425604 0.164642 0.151684 0.028975 0.0279405 0.00911539 0.00321723 0.000996149 0.000277262 6.21152e-05 1.1216e-05 2.35748e-06 1.03686e-06 3.28103e-07
 2.56748e-27 2.59968e-27 4.26857e-26 8.46478e-20 2.07504e-14 6.14871e-10 2.20237e-06 0.00095354 0.0499049 0.315712 0.241725 0.041069 0.142771 0.13167 0.0284817 0.0318665 0.0105031 0.00383568 0.00114543 0.000289347 5.9079e-05 9.74006e-06 1.20452e-06 2.25928e-07 5.57272e-08
 2.56996e-27 2.60634e-27 4.84938e-26 9.69001e-20 2.37539e-14 7.0387e-10 2.52114e-06 0.00109156 0.0571283 0.361409 0.276602 0.0400292 0.110354 0.101586 0.020069 0.0202567 0.00703958 0.00315507 0.000972965 0.000249306 4.69946e-05 6.9483e-06 7.20798e-07 5.97791e-08 7.67039e-09
 2.5699e-27 2.60609e-27 4.81892e-26 9.62572e-20 2.35963e-14 6.992e-10 2.50442e-06 0.00108432 0.0567493 0.359011 0.274783 0.0407855 0.117388 0.107937 0.0186788 0.0154593 0.00515883 0.00203016 0.00067963 0.000205815 4.01247e-05 5.63182e-06 5.14438e-07 2.95979e-08 1.46988e-09
 2.56894e-27 2.6035e-27 4.59033e-26 9.1435e-20 2.24142e-14 6.64172e-10 2.37895e-06 0.00103 0.0539063 0.341026 0.26106 0.0414385 0.131999 0.12144 0.0214457 0.0183551 0.00579894 0.00176471 0.000540235 0.000152639 3.45235e-05 5.29338e-06 4.64755e-07 2.26317e-08 6.05947e-10
 2.56891e-27 2.60345e-27 4.58803e-26 9.13865e-20 2.24023e-14 6.6382e-10 2.37769e-06 0.00102945 0.0538777 0.340845 0.260919 0.0412338 0.13054 0.120143 0.0220967 0.0201709 0.00641917 0.00200824 0.000558718 0.000125056 2.545e-05 4.21099e-06 4.13513e-07 1.94179e-08 4.05176e-10
 2.56937e-27 2.6047e-27 4.69988e-26 9.37461e-20 2.29807e-14 6.8096e-10 2.43908e-06 0.00105603 0.0552688 0.349646 0.267632 0.0408258 0.122718 0.112937 0.0210403 0.0195825 0.00634559 0.00216677 0.000615168 0.000136401 2.28286e-05 3.18912e-06 3.24072e-07 1.67962e-08 3.34333e-10
 2.56954e-27 2.60513e-27 4.73407e-26 9.44672e-20 2.31575e-14 6.86198e-10 2.45785e-06 0.00106415 0.055694 0.352335 0.269689 0.0410186 0.122741 0.112889 0.0197921 0.0167444 0.00543449 0.00188499 0.000553218 0.000132157 2.23287e-05 2.71304e-06 2.27141e-07 1.18803e-08 2.54584e-10
 2.56868e-27 2.6028e-27 4.52917e-26 9.01448e-20 2.20979e-14 6.54801e-10 2.34539e-06 0.00101546 0.0531456 0.336214 0.257387 0.0415279 0.13526 0.12447 0.0223615 0.0196843 0.00625133 0.00194545 0.000567608 0.00013887 2.49945e-05 3.14338e-06 2.34248e-07 1.02226e-08 2.17474e-10
 2.56732e-27 2.59911e-27 4.20337e-26 8.32718e-20 2.04131e-14 6.04876e-10 2.16656e-06 0.000938039 0.0490936 0.31058 0.237828 0.0424599 0.156094 0.143704 0.0258954 0.0229081 0.00731881 0.00234225 0.00065842 0.000147423 2.66975e-05 3.53634e-06 2.74252e-07 1.07692e-08 1.95673e-10
 2.56776e-27 2.60035e-27 4.31934e-26 8.57185e-20 2.10128e-14 6.22648e-10 2.23022e-06 0.000965601 0.0505361 0.319705 0.244782 0.0416016 0.144677 0.133285 0.0261848 0.0261959 0.00839148 0.002699 0.00076687 0.000173403 2.92055e-05 3.738e-06 3.02839e-07 1.22649e-08 2.02252e-10
 2.56858e-27 2.60258e-27 4.51406e-26 8.98262e-20 2.20198e-14 6.52486e-10 2.3371e-06 0.00101187 0.0529578 0.335026 0.256475 0.0412278 0.133617 0.12302 0.0232926 0.0221957 0.00736451 0.00278473 0.000806008 0.000183672 3.13129e-05 3.84018e-06 2.96147e-07 1.2369e-08 2.07766e-10
 2.5687e-27 2.60285e-27 4.53457e-26 9.02587e-20 2.21258e-14 6.55628e-10 2.34835e-06 0.00101675 0.0532128 0.336639 0.25771 0.0414418 0.134378 0.123664 0.0223467 0.0198651 0.00648646 0.00230914 0.000707702 0.000184091 3.20676e-05 3.97064e-06 2.97201e-07 1.18676e-08 2.03018e-10
 2.56857e-27 2.60252e-27 4.50494e-26 8.96336e-20 2.19726e-14 6.51087e-10 2.33209e-06 0.0010097 0.0528443 0.334307 0.255931 0.0415433 0.136399 0.125532 0.0227327 0.0202677 0.00649502 0.00211475 0.000625935 0.000158417 3.08071e-05 4.10412e-06 3.10821e-07 1.20996e-08 1.99535e-10
 2.56888e-27 2.60334e-27 4.57801e-26 9.11751e-20 2.23505e-14 6.62285e-10 2.37219e-06 0.00102707 0.0537531 0.340057 0.260318 0.0413268 0.13167 0.121168 0.0219677 0.0196211 0.00628984 0.00204721 0.000585849 0.000136624 2.55166e-05 3.61615e-06 3.01125e-07 1.19694e-08 1.93048e-10
 2.56904e-27 2.60375e-27 4.61277e-26 9.19083e-20 2.25302e-14 6.67611e-10 2.39127e-06 0.00103533 0.0541854 0.342791 0.262407 0.0413532 0.130404 0.11997 0.0212165 0.0182077 0.00583369 0.00189968 0.000543725 0.000125328 2.186e-05 2.91757e-06 2.52497e-07 1.09761e-08 1.821e-10
 2.56918e-27 2.60413e-27 4.64499e-26 9.2588e-20 2.26968e-14 6.72547e-10 2.40895e-06 0.00104298 0.054586 0.345326 0.264342 0.0413544 0.129053 0.118704 0.0206395 0.0172053 0.00545172 0.00168205 0.000478485 0.000110289 1.91041e-05 2.42063e-06 1.96129e-07 8.76422e-09 1.57068e-10
 2.56986e-27 2.60597e-27 4.80737e-26 9.60136e-20 2.35366e-14 6.97431e-10 2.49808e-06 0.00108157 0.0566056 0.358103 0.274091 0.0409119 0.118836 0.109268 0.0188316 0.0154537 0.00486246 0.00144541 0.000401589 8.85064e-05 1.52382e-05 1.91789e-06 1.48413e-07 6.24989e-09 1.14396e-10
 2.57032e-27 2.60719e-27 4.91269e-26 9.82353e-20 2.40812e-14 7.13569e-10 2.55588e-06 0.0011066 0.0579155 0.366389 0.280417 0.0408317 0.113781 0.10455 0.0170323 0.0125337 0.00391785 0.00113405 0.000310099 6.58053e-05 1.08689e-05 1.33403e-06 1.02165e-07 4.11771e-09 7.17201e-11
 2.57009e-27 2.60655e-27 4.85425e-26 9.70023e-20 2.37789e-14 7.04613e-10 2.5238e-06 0.00109271 0.0571885 0.36179 0.27691 0.0411033 0.118312 0.108713 0.0174284 0.0123839 0.00378892 0.000966393 0.000257519 5.322e-05 8.51276e-06 9.98812e-07 7.38785e-08 2.92492e-09 4.88607e-11
 2.56972e-27 2.60557e-27 4.768e-26 9.51829e-20 2.33329e-14 6.91397e-10 2.47647e-06 0.00107222 0.0561159 0.355004 0.271732 0.0413197 0.123597 0.113601 0.0184987 0.0135931 0.00413692 0.00101226 0.000257998 4.77538e-05 7.36319e-06 8.34526e-07 5.88685e-08 2.24206e-09 3.65472e-11
 2.56958e-27 2.60519e-27 4.73563e-26 9.45e-20 2.31655e-14 6.86436e-10 2.4587e-06 0.00106452 0.0557133 0.352457 0.269788 0.0413665 0.125319 0.115201 0.0189805 0.0142909 0.00437341 0.00110668 0.000280271 4.94674e-05 6.982e-06 7.30951e-07 4.94517e-08 1.79458e-09 2.8095e-11
 2.56921e-27 2.60421e-27 4.65166e-26 9.27287e-20 2.27313e-14 6.7357e-10 2.41261e-06 0.00104457 0.054669 0.345851 0.264743 0.0413741 0.128921 0.11858 0.0205871 0.017108 0.0052826 0.00140098 0.000360743 6.54026e-05 8.99255e-06 8.6909e-07 5.34124e-08 1.83463e-09 2.73587e-11
#obs catch len freq
 1.63698e-41 2.27202e-33 3.81178e-26 7.73021e-20 1.89497e-14 5.61514e-10 2.01125e-06 0.000870803 0.0455744 0.288317 0.220898 0.0443255 0.165065 0.140273 0.0432052 0.0349892 0.0114922 0.00398102 0.000882297 0.000117992 6.90956e-06 1.27902e-07 5.54823e-10 4.52064e-13 5.9871e-17
 1.64999e-41 2.29007e-33 3.84207e-26 7.79164e-20 1.91003e-14 5.65977e-10 2.02724e-06 0.000877723 0.0459365 0.290608 0.222711 0.0463906 0.168013 0.135234 0.0428928 0.032734 0.0104477 0.00338373 0.000685111 8.03554e-05 3.91282e-06 5.6662e-08 1.83528e-10 1.08614e-13 1.02893e-17
 1.91261e-41 2.65458e-33 4.4536e-26 9.03182e-20 2.21404e-14 6.56062e-10 2.34991e-06 0.00101743 0.0532481 0.336864 0.258038 0.0458237 0.134538 0.102297 0.0337105 0.0241861 0.00752656 0.00228194 0.000422087 4.28153e-05 1.71278e-06 1.93613e-08 4.69346e-11 2.02139e-14 1.37128e-18
 1.94805e-41 2.70376e-33 4.53613e-26 9.19917e-20 2.25507e-14 6.68218e-10 2.39345e-06 0.00103628 0.0542348 0.343106 0.262897 0.0489506 0.141372 0.100119 0.0261048 0.0157743 0.00479496 0.00135858 0.000229427 2.00476e-05 6.51153e-07 5.69737e-09 1.03302e-11 3.24826e-15 1.58339e-19
 1.9925e-41 2.76546e-33 4.63963e-26 9.40907e-20 2.30652e-14 6.83465e-10 2.44806e-06 0.00105993 0.0554723 0.350934 0.268947 0.0506494 0.138155 0.0919627 0.0249826 0.0137349 0.00321229 0.000761717 0.000116617 8.75177e-06 2.29706e-07 1.54424e-09 2.08366e-12 4.78165e-16 1.67933e-20
 1.7958e-41 2.49245e-33 4.1816e-26 8.48019e-20 2.07882e-14 6.15992e-10 2.20638e-06 0.000955288 0.049996 0.316291 0.242724 0.0574963 0.174804 0.109028 0.0296142 0.0149938 0.00336727 0.000647962 7.49782e-05 4.65438e-06 9.83114e-08 5.06606e-10 5.07003e-13 8.46685e-17 2.14046e-21
 1.49509e-41 2.07509e-33 3.48139e-26 7.06019e-20 1.73072e-14 5.12845e-10 1.83693e-06 0.000795326 0.0416242 0.26333 0.202613 0.0660893 0.219258 0.130554 0.046655 0.0232411 0.00490761 0.000848528 7.88592e-05 3.53562e-06 5.65627e-08 2.21702e-10 1.64531e-13 1.9985e-17 3.63273e-22
 2.12518e-41 2.9496e-33 4.94857e-26 1.00356e-19 2.46011e-14 7.28976e-10 2.61107e-06 0.0011305 0.0591661 0.374303 0.286955 0.0520201 0.109607 0.0636251 0.0321612 0.0162547 0.00404719 0.000671284 5.34658e-05 1.8214e-06 2.03118e-08 5.67274e-11 3.06793e-14 2.70659e-18 3.54079e-23
 2.02429e-41 2.80958e-33 4.71366e-26 9.5592e-20 2.34333e-14 6.9437e-10 2.48712e-06 0.00107684 0.0563574 0.356537 0.273786 0.0624783 0.147334 0.0739972 0.0177442 0.0077597 0.00244892 0.000442359 3.47451e-05 9.69034e-07 7.86611e-09 1.50029e-11 5.5685e-15 3.45537e-19 3.21983e-24
 2.05605e-41 2.85366e-33 4.78762e-26 9.70918e-20 2.38009e-14 7.05265e-10 2.52614e-06 0.00109373 0.0572417 0.362132 0.2782 0.0640264 0.140069 0.067338 0.02106 0.00733962 0.00125531 0.000222924 1.89537e-05 4.92567e-07 3.18671e-09 4.36012e-12 1.10351e-15 4.62375e-20 2.94681e-25
 1.78237e-41 2.47382e-33 4.15034e-26 8.41681e-20 2.06328e-14 6.11388e-10 2.18989e-06 0.000948148 0.0496223 0.313934 0.242134 0.0794361 0.191719 0.0858355 0.0260051 0.00866201 0.00152264 0.000168944 1.10607e-05 2.78079e-07 1.59001e-09 1.71354e-12 3.1452e-16 9.12687e-21 3.94925e-26
 2.06124e-41 2.86086e-33 4.79968e-26 9.73366e-20 2.38609e-14 7.07043e-10 2.53251e-06 0.00109649 0.0573859 0.363047 0.279327 0.068931 0.133349 0.060191 0.0266941 0.00843873 0.00138879 0.000140918 6.37618e-06 1.12693e-07 5.45512e-10 4.95122e-13 7.1586e-17 1.54234e-21 4.7551e-27
 1.90704e-41 2.64684e-33 4.44063e-26 9.0055e-20 2.20759e-14 6.5415e-10 2.34306e-06 0.00101446 0.053093 0.335895 0.259464 0.0843222 0.170595 0.0669754 0.020598 0.00659732 0.00131591 0.000122834 4.65967e-06 5.75443e-08 1.8779e-10 1.2883e-13 1.4809e-17 2.50006e-22 5.84529e-28
 1.97956e-41 2.7475e-33 4.6095e-26 9.34798e-20 2.29155e-14 6.79027e-10 2.43217e-06 0.00105304 0.0551121 0.34867 0.269391 0.0833479 0.151521 0.0600113 0.0237162 0.00612071 0.000956894 9.4047e-05 3.34329e-06 3.27732e-08 7.50368e-11 3.42277e-14 2.7339e-18 3.40144e-23 6.02503e-29
 1.68296e-41 2.33583e-33 3.91884e-26 7.94733e-20 1.9482e-14 5.77286e-10 2.06774e-06 0.000895262 0.0468545 0.296442 0.231196 0.108332 0.205677 0.0751811 0.0270605 0.00715296 0.00111864 8.48908e-05 2.69406e-06 2.34534e-08 4.20784e-11 1.36944e-14 7.39356e-19 6.16785e-24 7.51332e-30
 1.54473e-41 2.14398e-33 3.59697e-26 7.29458e-20 1.78818e-14 5.29871e-10 1.89791e-06 0.00082173 0.0430061 0.272107 0.213661 0.117819 0.21299 0.0866145 0.0415415 0.00989847 0.00143462 0.000101979 2.56367e-06 1.79056e-08 2.65573e-11 6.77364e-15 2.68496e-19 1.56926e-24 1.30319e-30
 1.78038e-41 2.47105e-33 4.1457e-26 8.4074e-20 2.06098e-14 6.10705e-10 2.18745e-06 0.000947088 0.0495669 0.313613 0.245037 0.105971 0.165929 0.070297 0.0367254 0.0102315 0.0015794 9.86401e-05 2.12508e-06 1.16027e-08 1.3021e-11 2.56755e-15 7.85836e-20 3.45226e-25 2.08691e-31
 1.74081e-41 2.41613e-33 4.05356e-26 8.22054e-20 2.01517e-14 5.97132e-10 2.13883e-06 0.000926039 0.0484652 0.306662 0.241374 0.121896 0.179618 0.0642437 0.0274012 0.00796822 0.00135512 8.70637e-05 1.6183e-06 7.10052e-09 6.09772e-12 8.87758e-16 2.00122e-20 6.54266e-26 2.95306e-32
 1.76714e-41 2.45268e-33 4.11487e-26 8.34488e-20 2.04565e-14 6.06163e-10 2.17118e-06 0.000940045 0.0491983 0.311314 0.245939 0.126269 0.170949 0.0627506 0.0257549 0.00590436 0.000916102 5.98775e-05 1.05568e-06 3.89312e-09 2.6042e-12 2.85293e-16 4.7252e-21 1.11859e-26 3.64483e-33
 1.72812e-41 2.39852e-33 4.02402e-26 8.16063e-20 2.00048e-14 5.92779e-10 2.12324e-06 0.000919289 0.0481121 0.304469 0.242531 0.137922 0.173988 0.0619751 0.0241446 0.00524076 0.000659479 3.61759e-05 5.81275e-07 1.89036e-09 1.03814e-12 8.79898e-17 1.08952e-21 1.89335e-27 4.47525e-34
 1.82013e-41 2.52623e-33 4.23827e-26 8.59512e-20 2.10699e-14 6.2434e-10 2.23629e-06 0.000968235 0.0506737 0.320692 0.255594 0.135229 0.15429 0.0564814 0.0213006 0.00427436 0.00047352 2.05808e-05 2.60784e-07 7.02783e-10 3.20016e-13 2.18059e-17 2.09383e-22 2.73942e-28 4.77731e-35
 1.78368e-41 2.47563e-33 4.15338e-26 8.42297e-20 2.06479e-14 6.11836e-10 2.1915e-06 0.000948842 0.0496589 0.314316 0.253265 0.149085 0.157858 0.0529542 0.0180815 0.00347717 0.000340969 1.21547e-05 1.17251e-07 2.37198e-10 8.32559e-14 4.44689e-18 3.33886e-23 3.37067e-29 4.46083e-36
 1.8014e-41 2.50022e-33 4.19464e-26 8.50664e-20 2.0853e-14 6.17913e-10 2.21326e-06 0.000958267 0.0501522 0.317479 0.257482 0.153213 0.149754 0.0516416 0.016346 0.00272959 0.000235072 6.99047e-06 5.23515e-08 7.83599e-11 2.00116e-14 7.84191e-19 4.38598e-24 3.33289e-30 3.33077e-37
 1.8025e-41 2.50176e-33 4.19722e-26 8.51187e-20 2.08658e-14 6.18293e-10 2.21463e-06 0.000958856 0.0501832 0.317735 0.260165 0.160691 0.14495 0.0485348 0.0143949 0.00222075 0.000159661 3.85523e-06 2.26945e-08 2.5558e-11 4.76102e-15 1.33946e-19 5.36034e-25 2.92852e-31 2.1212e-38
 1.81487e-41 2.51892e-33 4.22602e-26 8.57028e-20 2.1009e-14 6.22536e-10 2.22982e-06 0.000965436 0.0505278 0.319985 0.264297 0.165146 0.137978 0.0463979 0.0127917 0.00179584 0.00011114 2.13799e-06 9.65293e-09 8.19806e-12 1.12898e-15 2.30568e-20 6.61356e-26 2.5711e-32 1.32151e-39
 1.76217e-41 2.44577e-33 4.10329e-26 8.32139e-20 2.03989e-14 6.04456e-10 2.16507e-06 0.000937399 0.0490608 0.310822 0.261624 0.179264 0.139905 0.0452935 0.0115376 0.00147528 7.78806e-05 1.20806e-06 4.16757e-09 2.62554e-12 2.6539e-16 3.95204e-21 8.20387e-27 2.2909e-33 8.40538e-41
 1.6798e-41 2.33145e-33 3.91149e-26 7.93242e-20 1.94454e-14 5.76203e-10 2.06386e-06 0.000893582 0.0467681 0.296476 0.255872 0.194335 0.14457 0.0483153 0.0114107 0.00129832 5.81991e-05 7.25715e-07 1.92527e-09 9.03312e-13 6.66275e-17 7.17029e-22 1.07179e-27 2.15115e-34 5.6612e-42
 1.66876e-41 2.31613e-33 3.88579e-26 7.88031e-20 1.93177e-14 5.72418e-10 2.05031e-06 0.000887713 0.0464615 0.294688 0.258132 0.197495 0.140211 0.0495576 0.0113416 0.00117923 4.42844e-05 4.40526e-07 8.98179e-10 3.15154e-13 1.7064e-17 1.33085e-22 1.42961e-28 2.05224e-35 3.85447e-43
#spawning biomass
 8726.58 6442.56 7346.05 10385.1 14381.9 17017.1 16194.5 20025.4 32396.6 47232.3 57962.3 78801.9 99431.7 133759 122141 102326 95770.1 97383.8 99939.7 100609 102143 101164 105547 111852 123395 129042 125819 148128 187220 320215 349540 333447 295563 251786 210947 176774 150004 129929 115326 104935 97658.2 92620.2 89142 86735.9 85137.9 84076.7 83371.9 82903.8 82592.9 82386.5 82249.3 82158.3 82097.8 82057.7 82031 82013.3 82001.5 81993.7 81988.5 81985.1 81982.8 81981.2 81980.2 81979.6 81979.1 81978.8 81978.6 81978.5 81978.4 81978.4 81978.3 81978.3 81978.3 81978.3 81978.3 81978.2 81978.2 81978.2 81978.2 81978.2 81978.2 81978.2 81978.2 81978.2 81978.2 81978.2 81978.2 81978.2 81978.2 81978.2 81978.2 81978.2 81978.2 81978.2 81978.2 81978.2 81978.2 81978.2 81978.2 81978.2 81978.2 81978.2 81978.2 81978.2 81978.2 81978.2 81978.2 81978.2 81978.2 81978.2 81978.2 81978.2 81978.2 81978.2 81978.2 81978.2 81978.2 81978.2 81978.2 81978.2 81978.2 81978.2 81978.2 81978.2 81978.2 81978.2 81978.2 81978.2 0 0 0 0 0 0 0 0 0 0 0 0 0 0 0 0 0 0 0 0 0 0 0 0 0
