SBPRF35
0.185486
Curr Bio
208560
B35
191168
F35
1.40899
FOFL
1.40899
OFL
71734
Bzero
52994.1
#pred survey bio
 13783.8 16189.7 17989.6 19346.6 22672.1 27033.5 30386.1 35958.3 53514.9 71245.1 84577.4 98050.9 137815 165466 155688 119974 113044 112399 111283 115260 116390 125841 120920 135711 141901 142075 148625 161260 4.31072e+06 4.02319e+06 2.32484e+06 1.15151e+06 732716 572723 496778 454749 429800 414603 405272 399535 396011 393849 392518 391697 391205 390909 390732 390624 390560 390521 390498 390483 390475 390470 390466 390465 390463 390463 390462 390462 390462 390462 390462 390462 390462 390462 390462 390462 390462 390462 390462 390462 390462 390462 390462 390462 390462 390462 390462 390462 390462 390462 390462 390462 390462 390462 390462 390462 390462 390462 390462 390462 390462 390462 390462 390462 390462 390462 390462 390462 390462 390462 390462 390462 390462 390462 390462 390462 390462 390462 390462 390462 390462 390462 390462 390462 390462 390462 390462 390462 390462 390462 390462 390462 390462 390462 390462 390462 0 0 0 0 0 0 0 0 0 0 0 0 0 0 0 0 0 0 0 0 0 0 0 0 0
#obs survey bio
 10415.6 14015.2 20495.6 15797.7 15062.8 23614.2 24464.1 26881.7 48045.7 51198 81368.7 76105.1 170828 168485 89773 85536 69190.6 100679 66232.6 83981.2 121645 109786 90575.2 114614 121172 142134 104454 136463
#pred catch bio
 4890.55 6888.04 8467.76 9376.71 11080.9 13773.8 16962.9 17403.8 28295.9 39451.1 53244.9 58445.3 83876.8 105228 113225 84603 79746.4 80013 77450.8 85620 82265.5 96221.9 85508.5 104123 110776 105412 109541 103768 71734 97571.4 51661.1 17519.2 9066.08 7420.06 7125.63 7075.54 7067.31 7065.99 7065.78 7065.75 7065.75 7065.74 7065.74 7065.74 7065.74 7065.74 7065.74 7065.74 7065.74 7065.74 7065.74 7065.74 7065.74 7065.74 7065.74 7065.74 7065.74 7065.74 7065.74 7065.74 7065.74 7065.74 7065.74 7065.74 7065.74 7065.74 7065.74 7065.74 7065.74 7065.74 7065.74 7065.74 7065.74 7065.74 7065.74 7065.74 7065.74 7065.74 7065.74 7065.74 7065.74 7065.74 7065.74 7065.74 7065.74 7065.74 7065.74 7065.74 7065.74 7065.74 7065.74 7065.74 7065.74 7065.74 7065.74 7065.74 7065.74 7065.74 7065.74 7065.74 7065.74 7065.74 7065.74 7065.74 7065.74 7065.74 7065.74 7065.74 7065.74 7065.74 7065.74 7065.74 7065.74 7065.74 7065.74 7065.74 7065.74 7065.74 7065.74 7065.74 7065.74 7065.74 7065.74 7065.74 7065.74 7065.74 7065.74 7065.74 0 0 0 0 0 0 0 0 0 0 0 0 0 0 0 0 0 0 0 0 0 0 0 0 0
#obs catch bio
 7386.03 6955.74 8418.53 9404.58 11190.8 13809.5 16895.1 17123.4 27751.2 38137.4 51558.2 57670.3 80781.6 101822 114214 84686.4 79281.5 79128.9 76448.8 83699.5 79769.8 93450.9 81170 99916.9 108161 99637.4 106235 101496
#pred cpue bio
 8666 9966.64 10746.6 11269.6 12328.5 14626.2 16722.3 17896.7 25657.5 34992 43203.6 45623.8 60793.6 79793.4 82961.7 60991.9 53429.4 52468.2 51704 53418.2 51136.7 56759 53282.5 59778.2 59790.1 60870.1 65361.7 69480.4 2.03643e+06 3.03446e+06 2.17302e+06 1.03398e+06 609565 448291 372098 330020 305061 289862 280531 274793 271269 269107 267776 266955 266463 266167 265990 265882 265818 265779 265755 265741 265733 265728 265724 265723 265721 265721 265720 265720 265720 265720 265720 265720 265720 265720 265720 265720 265720 265720 265720 265720 265720 265720 265720 265720 265720 265720 265720 265720 265720 265720 265720 265720 265720 265720 265720 265720 265720 265720 265720 265720 265720 265720 265720 265720 265720 265720 265720 265720 265720 265720 265720 265720 265720 265720 265720 265720 265720 265720 265720 265720 265720 265720 265720 265720 265720 265720 265720 265720 265720 265720 265720 265720 265720 265720 265720 265720 0 0 0 0 0 0 0 0 0 0 0 0 0 0 0 0 0 0 0 0 0 0 0 0 0
#obs cpue bio
 9424.23 9350.44 12080.3 12560 13621.9 18162.1 28627.2 29798.9 42387.4 86781.4 75329.7 64499.6 98992.2 111220 104273 97279.2 83869.6 78690.6 97160.2 123582 79110.9 111545 165008 131565 95701.5 158893 129224 129715
#pred surv len freq
 2.56545e-27 2.59438e-27 3.82655e-26 7.53242e-20 1.84648e-14 5.47145e-10 1.95978e-06 0.000848511 0.044408 0.280937 0.215156 0.0400714 0.153844 0.141978 0.0316999 0.036841 0.0155602 0.0116217 0.0070401 0.00526883 0.00405834 0.00344012 0.00337786 0.00295062 0.000895621
 2.56534e-27 2.59426e-27 3.82843e-26 7.53641e-20 1.84746e-14 5.47435e-10 1.96082e-06 0.000848961 0.0444316 0.281086 0.215253 0.0390171 0.145755 0.135083 0.0409676 0.0595622 0.0201005 0.00819756 0.00364518 0.00206063 0.00129519 0.000938618 0.000813468 0.000707264 0.000234759
 2.56553e-27 2.59471e-27 3.85886e-26 7.60057e-20 1.86319e-14 5.52096e-10 1.97751e-06 0.000856188 0.0448098 0.283479 0.217093 0.0398746 0.150987 0.139685 0.0376871 0.0510174 0.0189788 0.0102741 0.00325245 0.00100312 0.000420073 0.00023211 0.000165928 0.000134751 4.61898e-05
 2.56577e-27 2.59526e-27 3.89886e-26 7.68493e-20 1.88387e-14 5.58224e-10 1.99946e-06 0.000865691 0.0453072 0.286626 0.219505 0.0404409 0.153603 0.142005 0.0364322 0.0474794 0.0164959 0.00738463 0.00265642 0.000880954 0.000195911 6.05521e-05 3.0564e-05 2.12144e-05 7.17308e-06
 2.56739e-27 2.59957e-27 4.27134e-26 8.47067e-20 2.07648e-14 6.15299e-10 2.2039e-06 0.000954203 0.0499395 0.315931 0.241876 0.0400104 0.13461 0.124357 0.0311403 0.0398076 0.0134719 0.00545854 0.00175469 0.000524343 0.00012972 2.35985e-05 5.63001e-06 2.77623e-06 8.75469e-07
 2.56676e-27 2.59775e-27 4.09784e-26 8.1046e-20 1.98675e-14 5.88708e-10 2.10865e-06 0.000912967 0.0477814 0.302278 0.231475 0.041541 0.153565 0.141634 0.0303096 0.0335341 0.0111145 0.00416208 0.00126865 0.000334647 7.19579e-05 1.29869e-05 1.69964e-06 3.75258e-07 9.77738e-08
 2.56645e-27 2.59694e-27 4.03056e-26 7.9627e-20 1.95196e-14 5.78401e-10 2.07173e-06 0.000896982 0.0469448 0.296986 0.227431 0.0413754 0.155146 0.143207 0.0326607 0.0384668 0.0120957 0.00349063 0.00100014 0.000242176 4.64987e-05 7.23151e-06 8.20008e-07 7.65024e-08 1.13404e-08
 2.56865e-27 2.60284e-27 4.54492e-26 9.04775e-20 2.21795e-14 6.57217e-10 2.35404e-06 0.00101921 0.0533418 0.337455 0.258318 0.0404671 0.126533 0.116658 0.0253304 0.0284266 0.00896834 0.00263283 0.000690174 0.000131053 2.264e-05 3.11249e-06 2.99368e-07 1.90476e-08 1.11848e-09
 2.56906e-27 2.60389e-27 4.63082e-26 9.22893e-20 2.26236e-14 6.70378e-10 2.40118e-06 0.00103962 0.05441 0.344212 0.263483 0.0408003 0.12544 0.115513 0.0226527 0.0226016 0.00710859 0.00206947 0.000546924 0.000103566 1.487e-05 1.68818e-06 1.40356e-07 7.19396e-09 2.18615e-10
 2.5682e-27 2.60149e-27 4.41237e-26 8.76808e-20 2.14939e-14 6.36902e-10 2.28128e-06 0.000987706 0.051693 0.327024 0.250376 0.0419196 0.143166 0.131774 0.0237918 0.0210864 0.00634756 0.00140267 0.000352981 6.5407e-05 9.37746e-06 9.41814e-07 6.23654e-08 2.6586e-09 5.85001e-11
 2.56747e-27 2.59953e-27 4.2431e-26 8.41101e-20 2.06186e-14 6.10965e-10 2.18838e-06 0.000947483 0.0495878 0.313706 0.24021 0.0421133 0.151783 0.139808 0.0267269 0.0257474 0.00759814 0.00139979 0.000317009 4.59159e-05 6.1771e-06 6.09653e-07 3.6457e-08 1.23543e-09 2.16488e-11
 2.5693e-27 2.60446e-27 4.67531e-26 9.32276e-20 2.28536e-14 6.77194e-10 2.42559e-06 0.00105019 0.0549631 0.347712 0.266161 0.0411539 0.12625 0.116164 0.0210517 0.0187582 0.00551119 0.000982389 0.000212186 2.51213e-05 2.74017e-06 2.26313e-07 1.29542e-08 3.9596e-10 5.54031e-12
 2.56997e-27 2.60624e-27 4.82768e-26 9.64419e-20 2.36416e-14 7.00542e-10 2.50922e-06 0.0010864 0.0568582 0.3597 0.275315 0.0411557 0.119832 0.110132 0.0179934 0.0133015 0.00385685 0.000620019 0.000129922 1.47764e-05 1.43152e-06 9.26555e-08 4.25091e-09 1.18875e-10 1.4886e-12
 2.56795e-27 2.60069e-27 4.33077e-26 8.59589e-20 2.10718e-14 6.24395e-10 2.23648e-06 0.000968309 0.0506778 0.320602 0.245491 0.0431003 0.155584 0.143021 0.0219535 0.0140465 0.00397157 0.000481558 9.08606e-05 9.29751e-06 8.54294e-07 5.04112e-08 1.83991e-09 4.01656e-11 4.4275e-13
 2.56593e-27 2.59528e-27 3.85962e-26 7.602e-20 1.86354e-14 5.522e-10 1.97789e-06 0.00085635 0.0448182 0.283533 0.217197 0.0438326 0.181036 0.166682 0.0293031 0.0248372 0.00700641 0.000754444 0.000130951 1.04482e-05 8.25773e-07 4.40804e-08 1.47032e-09 2.604e-11 2.22067e-13
 2.56721e-27 2.59877e-27 4.1693e-26 8.25529e-20 2.02368e-14 5.99654e-10 2.14786e-06 0.000929941 0.0486698 0.307898 0.235787 0.0428557 0.160541 0.147775 0.0260623 0.0222129 0.00632606 0.000787334 0.000142469 9.96557e-06 6.62143e-07 2.74467e-08 7.94569e-10 1.26242e-11 8.87459e-14
 2.56864e-27 2.60262e-27 4.50587e-26 8.96529e-20 2.19773e-14 6.51228e-10 2.33259e-06 0.00100992 0.0528557 0.334379 0.255996 0.0421659 0.141092 0.129747 0.0213871 0.0160955 0.00457761 0.000576056 0.000106249 8.40347e-06 5.70234e-07 1.98951e-08 4.50367e-10 5.83354e-12 3.6003e-14
 2.56856e-27 2.60232e-27 4.47345e-26 8.89689e-20 2.18097e-14 6.46259e-10 2.31479e-06 0.00100222 0.0524524 0.331828 0.254058 0.0427768 0.147103 0.135169 0.0201049 0.0118074 0.00329693 0.000336632 5.70348e-05 4.50255e-06 3.18766e-07 1.22793e-08 2.55379e-10 2.60156e-12 1.26811e-14
 2.56866e-27 2.6026e-27 4.49842e-26 8.94957e-20 2.19388e-14 6.50085e-10 2.3285e-06 0.00100815 0.0527629 0.333793 0.255557 0.0426815 0.145324 0.133535 0.019936 0.011831 0.00326541 0.000263227 3.82206e-05 2.50592e-06 1.59791e-07 6.2314e-09 1.3983e-10 1.41648e-12 5.65679e-15
 2.56876e-27 2.60289e-27 4.52551e-26 9.00671e-20 2.20789e-14 6.54236e-10 2.34336e-06 0.00101459 0.0530998 0.335924 0.257182 0.0425147 0.142913 0.131331 0.0199195 0.0123481 0.00341841 0.000288017 4.22633e-05 2.27749e-06 1.17066e-07 3.77357e-09 8.05003e-11 8.56317e-13 3.51338e-15
 2.5696e-27 2.60513e-27 4.72117e-26 9.41947e-20 2.30907e-14 6.84218e-10 2.45076e-06 0.00106108 0.0555333 0.351319 0.268931 0.0421558 0.131928 0.121135 0.0170533 0.00838304 0.0022976 0.00017579 2.41905e-05 1.31923e-06 6.4898e-08 1.64382e-09 2.78881e-11 2.61656e-13 1.08722e-15
 2.56908e-27 2.60372e-27 4.59534e-26 9.15402e-20 2.244e-14 6.64937e-10 2.38169e-06 0.00103118 0.0539683 0.341418 0.261378 0.0426092 0.140684 0.129198 0.0181768 0.00891375 0.00243182 0.000165871 2.0651e-05 1.04637e-06 4.82556e-08 1.21233e-09 1.78603e-11 1.28716e-13 4.4852e-16
 2.56942e-27 2.60461e-27 4.67306e-26 9.31796e-20 2.28419e-14 6.76845e-10 2.42435e-06 0.00104965 0.0549349 0.347533 0.266046 0.0425042 0.136606 0.125402 0.0169137 0.00699121 0.00188949 0.000114421 1.25022e-05 5.63989e-07 2.23864e-08 5.12174e-10 7.20433e-12 4.78797e-14 1.32791e-16
 2.56958e-27 2.60509e-27 4.71793e-26 9.41264e-20 2.30739e-14 6.83722e-10 2.44898e-06 0.00106031 0.055493 0.351064 0.268736 0.0421203 0.131795 0.121024 0.0172553 0.00886973 0.00241432 0.000148883 1.65206e-05 6.90588e-07 2.38929e-08 4.7074e-10 5.78058e-12 3.53817e-14 9.18962e-17
 2.57016e-27 2.60665e-27 4.85356e-26 9.69874e-20 2.37753e-14 7.04505e-10 2.52342e-06 0.00109254 0.0571798 0.361735 0.276881 0.041948 0.12476 0.114473 0.0150007 0.00538261 0.0014473 8.75067e-05 9.49125e-06 3.93629e-07 1.32399e-08 2.33729e-10 2.45734e-12 1.27677e-14 2.96311e-17
 2.56977e-27 2.60555e-27 4.7532e-26 9.48701e-20 2.32563e-14 6.89124e-10 2.46833e-06 0.00106869 0.0559315 0.353838 0.270859 0.0424579 0.132871 0.121907 0.0154027 0.0044287 0.00117157 5.64556e-05 4.30517e-06 1.71569e-07 5.53466e-09 9.58301e-11 9.47816e-13 4.26056e-15 8.36274e-18
 2.56944e-27 2.60467e-27 4.6776e-26 9.32754e-20 2.28653e-14 6.77541e-10 2.42684e-06 0.00105073 0.0549913 0.34789 0.266318 0.0425101 0.136459 0.125263 0.01681 0.00678943 0.00182116 8.75466e-05 6.58277e-06 2.24619e-07 5.12409e-09 8.22516e-11 7.85791e-13 3.39529e-15 5.99951e-18
 2.56988e-27 2.6059e-27 4.78828e-26 9.56103e-20 2.34377e-14 6.94501e-10 2.48759e-06 0.00107703 0.0563679 0.356599 0.27296 0.0420211 0.128071 0.11756 0.0161226 0.007161 0.00193621 0.000110511 1.10429e-05 3.81988e-07 8.48228e-09 1.09642e-10 7.93513e-13 3.17921e-15 5.41005e-18
#obs surv len freq
 1.24765e-41 1.73166e-33 2.90522e-26 5.89173e-20 1.44429e-14 4.27969e-10 1.53291e-06 0.000663699 0.0347354 0.219746 0.168528 0.0416842 0.17 0.142342 0.0892858 0.0846174 0.0334962 0.0121444 0.00246666 0.000275131 1.25024e-05 1.70301e-07 5.25334e-10 2.98723e-13 2.73532e-17
 1.55739e-41 2.16156e-33 3.62646e-26 7.35439e-20 1.80284e-14 5.34215e-10 1.91347e-06 0.000828467 0.0433587 0.2743 0.21022 0.0426505 0.142194 0.113318 0.0742261 0.0647762 0.0245069 0.00802906 0.00144758 0.000138202 5.11512e-06 5.37732e-08 1.23049e-10 5.07028e-14 3.32106e-18
 1.29187e-41 1.79303e-33 3.00818e-26 6.10053e-20 1.49547e-14 4.43136e-10 1.58724e-06 0.000687221 0.0359664 0.227535 0.174749 0.0516309 0.203366 0.149579 0.0735618 0.0557801 0.0201818 0.00594605 0.000937513 7.47421e-05 2.21679e-06 1.79003e-08 3.03717e-11 9.06562e-15 4.24404e-19
 1.55657e-41 2.16042e-33 3.62455e-26 7.35051e-20 1.80189e-14 5.33934e-10 1.91246e-06 0.000828031 0.0433358 0.274156 0.210283 0.0473811 0.149819 0.109631 0.0848102 0.0596832 0.0157636 0.00376015 0.000512227 3.35401e-05 7.80064e-07 4.77286e-09 5.98185e-12 1.29418e-15 4.33562e-20
 1.54296e-41 2.14152e-33 3.59285e-26 7.28623e-20 1.78613e-14 5.29264e-10 1.89574e-06 0.000820788 0.0429568 0.271759 0.208694 0.0553594 0.179943 0.11862 0.0635365 0.0412947 0.0138787 0.00284886 0.000271872 1.37932e-05 2.47237e-07 1.12755e-09 1.03235e-12 1.61189e-16 3.86368e-21
 1.34786e-41 1.87074e-33 3.13855e-26 6.36491e-20 1.56028e-14 4.6234e-10 1.65603e-06 0.000717003 0.0375251 0.237398 0.182704 0.0612747 0.205721 0.131267 0.0834468 0.0466141 0.0110104 0.00211801 0.000195337 7.01161e-06 8.83484e-08 2.93214e-10 1.93719e-13 2.16265e-17 3.68838e-22
 1.56752e-41 2.17562e-33 3.65006e-26 7.40224e-20 1.81457e-14 5.37691e-10 1.92592e-06 0.000833857 0.0436408 0.276087 0.212217 0.0581378 0.165653 0.104945 0.0828831 0.0436067 0.0103506 0.00153305 0.000106837 3.2947e-06 3.00236e-08 6.70159e-11 3.07194e-14 2.41704e-18 2.90848e-23
 1.72956e-41 2.40051e-33 4.02735e-26 8.16739e-20 2.00214e-14 5.93271e-10 2.125e-06 0.000920052 0.0481518 0.304626 0.234211 0.0627579 0.163261 0.0927963 0.0568727 0.0279349 0.00737569 0.0010301 5.85033e-05 1.29824e-06 9.00969e-09 1.4553e-11 4.48929e-15 2.37386e-19 1.96143e-24
 1.65713e-41 2.29999e-33 3.85872e-26 7.8254e-20 1.9183e-14 5.68429e-10 2.03602e-06 0.000881526 0.0461356 0.291873 0.22488 0.0713197 0.184984 0.0980049 0.0548581 0.0221428 0.00433684 0.00055143 2.96674e-05 5.27033e-07 2.58851e-09 2.96224e-12 6.51473e-16 2.37459e-20 1.3193e-25
 1.53261e-41 2.12716e-33 3.56876e-26 7.23738e-20 1.77416e-14 5.25715e-10 1.88303e-06 0.000815285 0.0426688 0.269944 0.208576 0.0785845 0.199979 0.104849 0.0665946 0.0237735 0.00383884 0.000359313 1.48364e-05 2.2586e-07 8.78791e-10 7.15706e-13 1.08281e-16 2.74088e-21 1.06127e-26
 1.46575e-41 2.03437e-33 3.41308e-26 6.92165e-20 1.69676e-14 5.02781e-10 1.80088e-06 0.000779719 0.0408074 0.258171 0.200015 0.0840804 0.203528 0.107426 0.0754801 0.0253001 0.00408554 0.000314478 9.26508e-06 9.96044e-08 2.97334e-10 1.86911e-13 2.05826e-17 3.61859e-22 9.59283e-28
 1.8821e-41 2.61223e-33 4.38255e-26 8.88772e-20 2.17872e-14 6.45595e-10 2.31242e-06 0.0010012 0.0523986 0.331499 0.255628 0.0729512 0.140712 0.0737014 0.0526798 0.016572 0.00266348 0.000186891 4.61804e-06 3.53147e-08 7.08894e-11 3.14014e-14 2.54343e-18 3.28423e-23 6.2324e-29
 1.57436e-41 2.18511e-33 3.66598e-26 7.43453e-20 1.82249e-14 5.40037e-10 1.93432e-06 0.000837495 0.0438312 0.27731 0.21595 0.102305 0.213701 0.0898499 0.0423916 0.0119098 0.0017951 0.00011424 2.50934e-06 1.56156e-08 2.27358e-11 6.75536e-15 3.66357e-19 3.27754e-24 4.43275e-30
 1.27265e-41 1.76636e-33 2.96343e-26 6.00978e-20 1.47323e-14 4.36544e-10 1.56363e-06 0.000676997 0.0354314 0.22418 0.176488 0.113959 0.233925 0.119229 0.0775258 0.016805 0.0016871 8.9068e-05 1.69834e-06 8.8933e-09 1.03269e-11 2.27614e-15 8.57364e-20 5.14141e-25 4.65113e-31
 1.14576e-41 1.59025e-33 2.66797e-26 5.41058e-20 1.32634e-14 3.93019e-10 1.40773e-06 0.000609498 0.0318987 0.20184 0.16018 0.11737 0.227313 0.135564 0.0983868 0.0239466 0.00278165 0.000106007 1.39038e-06 5.71197e-09 5.30486e-12 9.11856e-16 2.58382e-20 1.12057e-25 7.07933e-32
 1.55955e-41 2.16455e-33 3.63149e-26 7.36459e-20 1.80534e-14 5.34956e-10 1.91612e-06 0.000829616 0.0434188 0.274718 0.215133 0.100711 0.165281 0.104207 0.0739829 0.0191849 0.00243305 9.82527e-05 1.12325e-06 3.15213e-09 2.04256e-12 2.61976e-16 5.62303e-21 1.82941e-26 8.52788e-33
 1.41044e-41 1.9576e-33 3.28428e-26 6.66045e-20 1.63273e-14 4.83808e-10 1.73292e-06 0.000750295 0.0392675 0.248485 0.198135 0.136067 0.21525 0.0967355 0.0510019 0.0126747 0.00156672 6.45663e-05 7.38489e-07 1.85696e-09 9.02028e-13 7.85756e-17 1.16172e-21 2.70737e-27 9.22853e-34
 1.46176e-41 2.02882e-33 3.40377e-26 6.90277e-20 1.69213e-14 5.0141e-10 1.79597e-06 0.000777593 0.0406962 0.257533 0.205383 0.130162 0.190291 0.107641 0.0568943 0.0096978 0.000890078 3.31362e-05 3.54576e-07 8.28528e-10 3.54695e-13 2.48773e-17 2.68688e-22 4.31025e-28 1.00089e-34
 1.43953e-41 1.99797e-33 3.35201e-26 6.7978e-20 1.6664e-14 4.93785e-10 1.76866e-06 0.000765768 0.0400774 0.253647 0.204475 0.14419 0.195491 0.101847 0.049539 0.00922003 0.000726866 1.84146e-05 1.51936e-07 3.02104e-10 1.11399e-13 6.62112e-18 5.85823e-23 7.34905e-29 1.26866e-35
 1.55893e-41 2.16369e-33 3.63003e-26 7.36163e-20 1.80462e-14 5.34741e-10 1.91536e-06 0.000829283 0.0434015 0.274696 0.221281 0.141564 0.175178 0.0946257 0.0414001 0.00654625 0.000466349 1.04924e-05 6.25757e-08 8.67418e-11 2.42716e-14 1.14963e-18 8.18667e-24 8.21775e-30 1.12001e-36
 1.50929e-41 2.09479e-33 3.51445e-26 7.12724e-20 1.74716e-14 5.17715e-10 1.85437e-06 0.000802879 0.0420197 0.266008 0.217811 0.160591 0.184605 0.0889561 0.0339934 0.00491302 0.000292869 5.39838e-06 2.66046e-08 2.78995e-11 5.41541e-15 1.78704e-19 9.2711e-25 7.01545e-31 7.3202e-38
 1.55405e-41 2.15692e-33 3.61868e-26 7.33861e-20 1.79897e-14 5.33069e-10 1.90937e-06 0.00082669 0.043266 0.27393 0.225259 0.160202 0.172339 0.0894619 0.0308085 0.0037178 0.000184568 2.78612e-06 1.07459e-08 8.74068e-12 1.28887e-15 3.07417e-20 1.10751e-25 5.78033e-32 4.23107e-39
 1.55666e-41 2.16054e-33 3.62475e-26 7.35092e-20 1.80199e-14 5.33963e-10 1.91257e-06 0.000828076 0.0433387 0.27446 0.228687 0.171179 0.170384 0.0824397 0.025662 0.00289897 0.00011955 1.40589e-06 4.18556e-09 2.58029e-12 2.83927e-16 5.02776e-21 1.33174e-26 5.01024e-33 2.58561e-40
 1.59223e-41 2.20992e-33 3.70759e-26 7.51892e-20 1.84318e-14 5.46167e-10 1.95628e-06 0.000847002 0.0443294 0.280797 0.235825 0.174021 0.16214 0.0782646 0.0215799 0.00211744 7.5131e-05 7.30475e-07 1.66394e-09 7.59309e-13 6.14408e-17 7.95322e-22 1.53188e-27 4.18175e-34 1.56322e-41
 1.58851e-41 2.20475e-33 3.69893e-26 7.50135e-20 1.83887e-14 5.4489e-10 1.95171e-06 0.000845023 0.0442262 0.280255 0.239202 0.184341 0.15988 0.0721102 0.0175811 0.00151227 4.41344e-05 3.44837e-07 6.19915e-10 2.14779e-13 1.2721e-17 1.18615e-22 1.64046e-28 3.21401e-35 8.61548e-43
 1.37133e-41 1.90332e-33 3.19322e-26 6.47578e-20 1.58746e-14 4.70394e-10 1.68487e-06 0.000729493 0.0381805 0.242235 0.218565 0.216755 0.183285 0.0813616 0.0175525 0.00130205 3.15233e-05 1.96864e-07 2.72854e-10 7.16975e-14 3.17758e-18 2.17659e-23 2.17266e-29 3.03833e-36 5.7872e-44
 1.40544e-41 1.95066e-33 3.27264e-26 6.63685e-20 1.62695e-14 4.82094e-10 1.72678e-06 0.000747638 0.0391306 0.248348 0.224326 0.205782 0.176239 0.0872781 0.017047 0.00107949 2.11072e-05 1.03262e-07 1.0955e-10 2.15749e-14 7.06144e-19 3.5465e-24 2.58291e-30 2.61916e-37 3.59047e-45
 1.46851e-41 2.0382e-33 3.4195e-26 6.93467e-20 1.69995e-14 5.03727e-10 1.80427e-06 0.000781187 0.0408864 0.259441 0.232186 0.203103 0.169013 0.0778957 0.0156482 0.00102468 1.8303e-05 7.63995e-08 6.71501e-11 1.08235e-14 2.88107e-19 1.17088e-24 6.87343e-31 5.6069e-38 6.17938e-46
#pred catch len freq
 2.55771e-27 2.57383e-27 2.06185e-26 3.80985e-20 9.33938e-15 2.76742e-10 9.91245e-07 0.000429171 0.0224613 0.142097 0.109153 0.0409102 0.234701 0.21717 0.055237 0.0718717 0.0304724 0.0228491 0.0137791 0.0102706 0.00789107 0.00668148 0.00655803 0.00572809 0.00173867
 2.55786e-27 2.57452e-27 2.13788e-26 3.97028e-20 9.73265e-15 2.88396e-10 1.03299e-06 0.000447243 0.0234071 0.14808 0.113696 0.0392973 0.21924 0.203877 0.070885 0.110593 0.0373562 0.0152466 0.00675119 0.00379754 0.00238032 0.00172288 0.00149253 0.00129755 0.000430686
 2.55845e-27 2.57594e-27 2.24351e-26 4.19302e-20 1.02787e-14 3.04576e-10 1.09094e-06 0.000472335 0.0247203 0.156388 0.120067 0.0409949 0.227682 0.211197 0.0636551 0.0924258 0.0343812 0.0185744 0.00586288 0.0017968 0.000749976 0.000413784 0.000295656 0.000240078 8.22927e-05
 2.55887e-27 2.57693e-27 2.31463e-26 4.343e-20 1.06463e-14 3.1547e-10 1.12996e-06 0.00048923 0.0256045 0.161982 0.124355 0.0420834 0.232953 0.215878 0.0612359 0.0855618 0.0297193 0.0132586 0.00475107 0.0015674 0.000347562 0.000107198 5.40729e-05 3.75268e-05 1.26885e-05
 2.56067e-27 2.58167e-27 2.71883e-26 5.19563e-20 1.27365e-14 3.77404e-10 1.3518e-06 0.000585277 0.0306313 0.193783 0.148637 0.0420392 0.215557 0.199619 0.0546581 0.0745771 0.0252222 0.0101666 0.0032564 0.000967206 0.000238593 4.33332e-05 1.0328e-05 5.09171e-06 1.60561e-06
 2.56032e-27 2.58044e-27 2.58628e-26 4.91592e-20 1.20508e-14 3.57086e-10 1.27902e-06 0.000553768 0.0289822 0.18335 0.140708 0.0444077 0.239152 0.220973 0.0508675 0.0604965 0.0200385 0.0074569 0.002265 0.000593762 0.000127291 2.29322e-05 2.99878e-06 6.61835e-07 1.72434e-07
 2.5603e-27 2.58044e-27 2.59015e-26 4.92411e-20 1.20709e-14 3.57681e-10 1.28115e-06 0.000554691 0.0290305 0.183656 0.140935 0.0439823 0.235755 0.217987 0.0530405 0.0661413 0.0207787 0.00594248 0.00169593 0.00040798 7.80973e-05 1.21227e-05 1.37346e-06 1.28089e-07 1.89853e-08
 2.56234e-27 2.58589e-27 3.06271e-26 5.92097e-20 1.45145e-14 4.30092e-10 1.54052e-06 0.000666985 0.0349076 0.220835 0.169316 0.0433887 0.211299 0.195228 0.0455722 0.0548337 0.017293 0.00504267 0.00131803 0.000248615 4.28123e-05 5.87436e-06 5.64504e-07 3.59037e-08 2.10797e-09
 2.56333e-27 2.5884e-27 3.2694e-26 6.35693e-20 1.55833e-14 4.6176e-10 1.65395e-06 0.000716095 0.0374778 0.237096 0.181742 0.0440649 0.207713 0.19162 0.0395051 0.0418911 0.0131625 0.00379314 0.00099891 0.000187873 2.68938e-05 3.04646e-06 2.53042e-07 1.29645e-08 3.93916e-10
 2.5625e-27 2.58605e-27 3.0513e-26 5.89679e-20 1.44553e-14 4.28336e-10 1.53423e-06 0.000664261 0.0347651 0.219934 0.168662 0.0455751 0.228396 0.210527 0.0396328 0.0373869 0.0112491 0.00245891 0.000616244 0.000113403 1.62094e-05 1.62457e-06 1.07466e-07 4.57916e-09 1.00744e-10
 2.56222e-27 2.58533e-27 2.99096e-26 5.76953e-20 1.41433e-14 4.19092e-10 1.50112e-06 0.000649926 0.0340148 0.215187 0.165034 0.0453795 0.229456 0.211609 0.0417001 0.0418125 0.0123275 0.0022393 0.000504707 7.25628e-05 9.72744e-06 9.58001e-07 5.72315e-08 1.93851e-09 3.39629e-11
 2.56429e-27 2.59088e-27 3.47608e-26 6.79291e-20 1.6652e-14 4.93429e-10 1.76738e-06 0.000765207 0.0400482 0.253356 0.194165 0.0444956 0.202262 0.186377 0.0347263 0.0322618 0.00947082 0.00166458 0.000357893 4.20658e-05 4.57159e-06 3.76645e-07 2.15362e-08 6.5798e-10 9.20474e-12
 2.56539e-27 2.59378e-27 3.72267e-26 7.31307e-20 1.79271e-14 5.31212e-10 1.90271e-06 0.000823802 0.0431148 0.272757 0.208981 0.0445912 0.192581 0.177242 0.0294811 0.0225989 0.00654785 0.00103665 0.00021608 2.43964e-05 2.35509e-06 1.52046e-07 6.96721e-09 1.94731e-10 2.43803e-12
 2.56299e-27 2.58718e-27 3.13094e-26 6.06475e-20 1.4867e-14 4.40536e-10 1.57792e-06 0.000683181 0.0357552 0.226198 0.173468 0.0470091 0.235932 0.2171 0.0338992 0.0226309 0.00639847 0.000765171 0.000143466 1.45754e-05 1.33422e-06 7.85348e-08 2.86293e-09 6.246e-11 6.88339e-13
 2.56139e-27 2.58295e-27 2.7682e-26 5.29955e-20 1.29912e-14 3.84952e-10 1.37884e-06 0.000596983 0.0312439 0.197658 0.151676 0.0470652 0.251669 0.231883 0.0412458 0.0356458 0.0100493 0.00106543 0.000183519 1.45409e-05 1.14403e-06 6.09088e-08 2.02913e-09 3.59148e-11 3.06195e-13
 2.56267e-27 2.58642e-27 3.07645e-26 5.94983e-20 1.45853e-14 4.32188e-10 1.54802e-06 0.000670235 0.0350777 0.221912 0.17018 0.0460846 0.231206 0.213007 0.0380229 0.0330565 0.00940658 0.00115188 0.000207081 1.43913e-05 9.51684e-07 3.93394e-08 1.13724e-09 1.80569e-11 1.26902e-13
 2.56449e-27 2.59133e-27 3.5046e-26 6.85304e-20 1.67994e-14 4.97796e-10 1.78302e-06 0.000771981 0.0404027 0.255599 0.195891 0.0453314 0.20741 0.190914 0.0316684 0.0241357 0.00685749 0.000848156 0.000155349 1.2202e-05 8.2456e-07 2.86917e-08 6.48526e-10 8.39385e-12 5.17883e-14
 2.56448e-27 2.59119e-27 3.48341e-26 6.80829e-20 1.66897e-14 4.94546e-10 1.77138e-06 0.000766939 0.0401388 0.25393 0.19463 0.0461565 0.214575 0.197342 0.0294745 0.017516 0.00488781 0.000491012 8.24812e-05 6.46584e-06 4.55796e-07 1.75122e-08 3.63737e-10 3.70253e-12 1.8041e-14
 2.56446e-27 2.59113e-27 3.47846e-26 6.79785e-20 1.66641e-14 4.93787e-10 1.76866e-06 0.000765764 0.0400773 0.253541 0.194332 0.0461471 0.214713 0.197478 0.0296578 0.0178957 0.00493816 0.000392562 5.64231e-05 3.67543e-06 2.33193e-07 9.06931e-09 2.03243e-10 2.05743e-12 8.21363e-15
 2.56506e-27 2.59278e-27 3.6257e-26 7.10847e-20 1.74256e-14 5.16351e-10 1.84948e-06 0.000800755 0.0419086 0.265126 0.20317 0.0455755 0.204154 0.187764 0.0284832 0.0176633 0.00488636 0.000405289 5.88536e-05 3.15331e-06 1.6114e-07 5.17946e-09 1.10322e-10 1.17269e-12 4.8099e-15
 2.56583e-27 2.59484e-27 3.80407e-26 7.48473e-20 1.83479e-14 5.43682e-10 1.94738e-06 0.00084314 0.0441269 0.279159 0.213883 0.0454127 0.195388 0.179581 0.0253311 0.0125408 0.00343578 0.000259158 3.52681e-05 1.91223e-06 9.35527e-08 2.36327e-09 4.00229e-11 3.75193e-13 1.55842e-15
 2.56571e-27 2.59451e-27 3.77438e-26 7.42212e-20 1.81944e-14 5.39133e-10 1.93108e-06 0.000836086 0.0437577 0.276824 0.212102 0.045551 0.197692 0.181696 0.0255028 0.0123992 0.00338016 0.000227356 2.79315e-05 1.4073e-06 6.45127e-08 1.61636e-09 2.37734e-11 1.71177e-13 5.96218e-16
 2.5656e-27 2.59417e-27 3.74144e-26 7.3526e-20 1.8024e-14 5.34084e-10 1.913e-06 0.000828255 0.0433479 0.274231 0.210127 0.045898 0.20172 0.185352 0.025046 0.0104394 0.00282114 0.000168901 1.8204e-05 8.17122e-07 3.22263e-08 7.35267e-10 1.03242e-11 6.85554e-14 1.90052e-16
 2.5664e-27 2.59641e-27 3.944e-26 7.77994e-20 1.90716e-14 5.65125e-10 2.02418e-06 0.000876394 0.0458673 0.290169 0.222281 0.0448788 0.185424 0.170415 0.0242139 0.0122994 0.00334536 0.000203673 2.22699e-05 9.26642e-07 3.18395e-08 6.25579e-10 7.66702e-12 4.68848e-14 1.21719e-16
 2.56733e-27 2.5989e-27 4.16143e-26 8.23861e-20 2.0196e-14 5.98442e-10 2.14352e-06 0.000928062 0.0485714 0.307276 0.235339 0.0445363 0.173644 0.159464 0.0208194 0.00732262 0.00196657 0.000117383 1.25369e-05 5.17545e-07 1.72881e-08 3.04396e-10 3.19371e-12 1.65775e-14 3.84535e-17
 2.56642e-27 2.59638e-27 3.93414e-26 7.75911e-20 1.90205e-14 5.63612e-10 2.01876e-06 0.000874048 0.0457445 0.289393 0.221699 0.045564 0.191048 0.175441 0.0221467 0.00632812 0.00167317 7.99458e-05 5.98765e-06 2.37475e-07 7.60767e-09 1.3138e-10 1.29681e-12 5.82369e-15 1.14247e-17
 2.56592e-27 2.59504e-27 3.81829e-26 7.51473e-20 1.84214e-14 5.4586e-10 1.95518e-06 0.000846518 0.0443037 0.280278 0.214741 0.0456631 0.196691 0.180712 0.0242399 0.0097691 0.00261965 0.000124892 9.22665e-06 3.13708e-07 7.10153e-09 1.13645e-10 1.08347e-12 4.677e-15 8.25994e-18
 2.56564e-27 2.59431e-27 3.75544e-26 7.38214e-20 1.80964e-14 5.3623e-10 1.92068e-06 0.000831583 0.0435221 0.275333 0.210966 0.045719 0.199768 0.183585 0.0253554 0.0115874 0.00313484 0.000177249 1.74878e-05 6.03099e-07 1.32952e-08 1.71412e-10 1.23756e-12 4.95275e-15 8.4235e-18
#obs catch len freq
 5.96632e-42 8.28086e-34 1.38929e-26 2.81744e-20 6.90663e-15 2.04656e-10 7.33045e-07 0.000317383 0.0166106 0.105085 0.0810063 0.042242 0.226191 0.191092 0.132156 0.128069 0.052846 0.0197416 0.00414131 0.000478988 2.27927e-05 3.25957e-07 1.05056e-09 6.19973e-13 5.85799e-17
 6.82305e-42 9.46995e-34 1.58878e-26 3.22202e-20 7.89839e-15 2.34044e-10 8.38307e-07 0.000362958 0.0189958 0.120174 0.0926429 0.04613 0.229826 0.184563 0.129161 0.114542 0.0450537 0.0153386 0.00290844 0.000289514 1.11695e-05 1.22626e-07 2.92553e-10 1.25058e-13 8.45125e-18
 1.02674e-41 1.42504e-33 2.39081e-26 4.8485e-20 1.18855e-14 3.5219e-10 1.26149e-06 0.000546181 0.0285849 0.180838 0.139036 0.0481673 0.202503 0.154577 0.110536 0.0896008 0.0335078 0.0102409 0.00171182 0.00014459 4.49858e-06 3.78131e-08 6.65805e-11 2.05633e-14 9.92356e-19
 8.81018e-42 1.2228e-33 2.05149e-26 4.16038e-20 1.01987e-14 3.02206e-10 1.08245e-06 0.000468665 0.024528 0.155174 0.119771 0.0599515 0.261629 0.182695 0.096142 0.0678788 0.0241449 0.00659142 0.000955697 6.68392e-05 1.65206e-06 1.05891e-08 1.3758e-11 3.06941e-15 1.05703e-19
 1.21766e-41 1.69004e-33 2.83539e-26 5.75011e-20 1.40957e-14 4.17682e-10 1.49607e-06 0.000647747 0.0339005 0.214466 0.164947 0.0539551 0.193246 0.135587 0.110072 0.0704725 0.0181414 0.00403302 0.000501133 2.85227e-05 5.48418e-07 2.64723e-09 2.52965e-12 4.07963e-16 1.00385e-20
 1.2864e-41 1.78543e-33 2.99544e-26 6.07468e-20 1.48914e-14 4.41259e-10 1.58052e-06 0.000684309 0.035814 0.226573 0.174509 0.0636848 0.220301 0.137693 0.0767079 0.0460702 0.0149424 0.00276629 0.000241065 1.06043e-05 1.55953e-07 5.58048e-10 3.88158e-13 4.50697e-17 7.92302e-22
 1.17328e-41 1.62844e-33 2.73204e-26 5.54053e-20 1.3582e-14 4.02458e-10 1.44154e-06 0.000624137 0.0326649 0.206652 0.15958 0.0695267 0.235208 0.142865 0.0929611 0.0471055 0.0107559 0.00189528 0.000154682 4.75425e-06 4.91687e-08 1.2758e-10 6.38392e-14 5.28938e-18 6.60718e-23
 1.45383e-41 2.01783e-33 3.38532e-26 6.86536e-20 1.68296e-14 4.98693e-10 1.78624e-06 0.000773379 0.0404756 0.256065 0.197242 0.0647699 0.185019 0.112513 0.0894446 0.0426701 0.00965841 0.0012858 8.0224e-05 2.08868e-06 1.53995e-08 2.68546e-11 9.31695e-15 5.43313e-19 4.78336e-24
 1.67687e-41 2.32738e-33 3.90466e-26 7.91858e-20 1.94115e-14 5.75197e-10 2.06026e-06 0.000892023 0.0466849 0.295348 0.227443 0.0687358 0.174755 0.0945265 0.0580955 0.0261487 0.00651921 0.000808491 4.029e-05 7.53933e-07 4.21501e-09 5.27519e-12 1.2295e-15 4.81898e-20 2.91172e-25
 1.64512e-41 2.28331e-33 3.83073e-26 7.76865e-20 1.90439e-14 5.64307e-10 2.02125e-06 0.000875133 0.045801 0.289759 0.223626 0.0771551 0.190299 0.0957797 0.0532178 0.0194468 0.00360873 0.000410535 1.90766e-05 2.8102e-07 1.10567e-09 9.79044e-13 1.62214e-16 4.37801e-21 1.77967e-26
 1.55603e-41 2.15966e-33 3.62328e-26 7.34794e-20 1.80126e-14 5.33747e-10 1.91179e-06 0.000827741 0.0433207 0.274071 0.21213 0.0840984 0.199829 0.100245 0.0622183 0.0199805 0.00301859 0.000250705 9.00628e-06 1.12897e-07 3.47558e-10 2.17806e-13 2.47967e-17 4.64374e-22 1.31499e-27
 1.51862e-41 2.10774e-33 3.53617e-26 7.17129e-20 1.75796e-14 5.20915e-10 1.86583e-06 0.000807841 0.0422792 0.267485 0.207562 0.0890629 0.198993 0.101303 0.0684775 0.0207247 0.00308906 0.000207578 5.26704e-06 4.67064e-08 1.10176e-10 5.2968e-14 4.37215e-18 5.68125e-23 1.1013e-28
 1.93024e-41 2.67905e-33 4.49466e-26 9.11508e-20 2.23445e-14 6.62109e-10 2.37157e-06 0.00102681 0.053739 0.339982 0.262434 0.0760951 0.135583 0.0688782 0.0468172 0.0133583 0.00196212 0.000119359 2.4973e-06 1.55781e-08 2.46896e-11 8.36616e-15 5.06811e-19 4.82613e-24 6.69274e-30
 1.62909e-41 2.26107e-33 3.79342e-26 7.69298e-20 1.88584e-14 5.5881e-10 2.00157e-06 0.000866609 0.0453549 0.286956 0.223918 0.107217 0.205277 0.0822416 0.0372581 0.00953369 0.0013029 7.16227e-05 1.31849e-06 6.61501e-09 7.53722e-12 1.70926e-15 6.93347e-20 4.57034e-25 4.50949e-31
 1.33627e-41 1.85466e-33 3.11157e-26 6.31021e-20 1.54687e-14 4.58367e-10 1.64179e-06 0.000710841 0.0372026 0.235394 0.185872 0.120289 0.226103 0.112395 0.0676816 0.0130935 0.00120101 5.49354e-05 8.71965e-07 3.65346e-09 3.29409e-12 5.51138e-16 1.54975e-20 6.84865e-26 4.52055e-32
 1.21674e-41 1.68876e-33 2.83324e-26 5.74575e-20 1.4085e-14 4.17365e-10 1.49494e-06 0.000647255 0.0338748 0.214353 0.170691 0.12409 0.220175 0.129519 0.0857418 0.0189097 0.00193394 6.27144e-05 6.89027e-07 2.26214e-09 1.62275e-12 2.10728e-16 4.44295e-21 1.41813e-26 6.53981e-33
 1.63743e-41 2.27264e-33 3.81283e-26 7.73235e-20 1.89549e-14 5.61669e-10 2.01181e-06 0.000871044 0.045587 0.288444 0.22633 0.104478 0.156959 0.097745 0.0629764 0.0149026 0.00164882 5.60943e-05 5.23238e-07 1.16745e-09 5.85167e-13 5.65781e-17 9.00864e-22 2.15214e-27 7.31399e-34
 1.48865e-41 2.06615e-33 3.46639e-26 7.02977e-20 1.72326e-14 5.10635e-10 1.82901e-06 0.000791898 0.0414449 0.262277 0.209785 0.14066 0.202639 0.0885553 0.0429975 0.00976083 0.00105004 3.63325e-05 3.35232e-07 6.60225e-10 2.45784e-13 1.61215e-17 1.76703e-22 3.01764e-28 7.48276e-35
 1.54472e-41 2.14397e-33 3.59696e-26 7.29455e-20 1.78817e-14 5.29868e-10 1.8979e-06 0.000821726 0.043006 0.272165 0.217669 0.133927 0.178968 0.0989393 0.0467055 0.00719499 0.000582797 1.82091e-05 1.56355e-07 2.83823e-10 9.22987e-14 4.8439e-18 3.87089e-23 4.55191e-29 7.68719e-36
 1.52616e-41 2.11821e-33 3.55373e-26 7.20689e-20 1.76669e-14 5.23501e-10 1.8751e-06 0.000811852 0.0424893 0.268931 0.21746 0.147503 0.18258 0.0925365 0.0404586 0.0067612 0.000456211 9.70714e-06 6.45892e-08 9.94062e-11 2.76871e-14 1.22448e-18 7.98175e-24 7.32506e-30 9.19981e-37
 1.64734e-41 2.28641e-33 3.83592e-26 7.77917e-20 1.90697e-14 5.65071e-10 2.02399e-06 0.000876318 0.0458633 0.290299 0.234464 0.143446 0.162227 0.084805 0.0330425 0.00468388 0.000285558 5.29747e-06 2.52078e-08 2.70959e-11 5.72148e-15 2.00905e-19 1.04983e-24 7.68253e-31 7.59851e-38
 1.59877e-41 2.21899e-33 3.72281e-26 7.54978e-20 1.85074e-14 5.48408e-10 1.96431e-06 0.000850478 0.044511 0.281809 0.231442 0.162008 0.170087 0.0788243 0.0268402 0.00344955 0.000174488 2.64511e-06 1.03149e-08 8.31526e-12 1.21559e-15 2.97233e-20 1.12894e-25 6.20751e-32 4.68552e-39
 1.64561e-41 2.28399e-33 3.83187e-26 7.77096e-20 1.90496e-14 5.64475e-10 2.02186e-06 0.000875394 0.0458151 0.290104 0.239202 0.160653 0.158375 0.0784654 0.0238539 0.00254641 0.000106809 1.31538e-06 3.99459e-09 2.48746e-12 2.75028e-16 4.85054e-21 1.27919e-26 4.84898e-33 2.56266e-40
 1.64857e-41 2.28811e-33 3.83877e-26 7.78496e-20 1.90839e-14 5.65491e-10 2.0255e-06 0.00087697 0.0458978 0.290711 0.242877 0.170726 0.155756 0.0714849 0.0196562 0.00194432 6.70397e-05 6.40016e-07 1.49317e-09 7.01817e-13 5.77426e-17 7.54237e-22 1.45996e-27 3.98811e-34 1.48721e-41
 1.68499e-41 2.33866e-33 3.92359e-26 7.95695e-20 1.95055e-14 5.77985e-10 2.07025e-06 0.000896346 0.0469122 0.29721 0.250194 0.172514 0.147614 0.066989 0.0162396 0.00138815 4.09468e-05 3.20163e-07 5.68175e-10 1.97066e-13 1.18923e-17 1.13325e-22 1.59263e-28 3.15233e-35 8.50585e-43
 1.68117e-41 2.33335e-33 3.91468e-26 7.93889e-20 1.94613e-14 5.76673e-10 2.06555e-06 0.000894312 0.0468061 0.29667 0.253769 0.181886 0.144936 0.0610018 0.0130422 0.000968866 2.33575e-05 1.46016e-07 2.03356e-10 5.33177e-14 2.34976e-18 1.61055e-23 1.62302e-29 2.30292e-36 4.45162e-44
 1.46732e-41 2.03654e-33 3.41672e-26 6.92905e-20 1.69857e-14 5.03318e-10 1.80281e-06 0.000780553 0.0408534 0.259289 0.234485 0.214664 0.167438 0.0687069 0.0129412 0.000823206 1.63582e-05 8.12032e-08 8.68021e-11 1.7201e-14 5.65688e-19 2.84371e-24 2.06688e-30 2.09238e-37 2.87243e-45
 1.50323e-41 2.08638e-33 3.50034e-26 7.09863e-20 1.74014e-14 5.15637e-10 1.84693e-06 0.000799656 0.0418529 0.265529 0.235692 0.197597 0.166508 0.0772381 0.0139697 0.00079813 1.36912e-05 5.74098e-08 5.11509e-11 8.34074e-15 2.23722e-19 9.14326e-25 5.39192e-31 4.41197e-38 4.8682e-46
#spawning biomass
 16503.6 19551.4 21875.7 23657.8 28156.8 33565.4 37604.3 45434.7 68060.4 90123.3 106189 125325 177724 209780 193564 150670 143958 143360 142064 147229 150042 161463 155754 174886 184171 183826 191501 208560 238513 203284 92013.1 35259.7 21736 19113 18644 18564.2 18551.1 18549 18548.7 18548.6 18548.6 18548.6 18548.6 18548.6 18548.6 18548.6 18548.6 18548.6 18548.6 18548.6 18548.6 18548.6 18548.6 18548.6 18548.6 18548.6 18548.6 18548.6 18548.6 18548.6 18548.6 18548.6 18548.6 18548.6 18548.6 18548.6 18548.6 18548.6 18548.6 18548.6 18548.6 18548.6 18548.6 18548.6 18548.6 18548.6 18548.6 18548.6 18548.6 18548.6 18548.6 18548.6 18548.6 18548.6 18548.6 18548.6 18548.6 18548.6 18548.6 18548.6 18548.6 18548.6 18548.6 18548.6 18548.6 18548.6 18548.6 18548.6 18548.6 18548.6 18548.6 18548.6 18548.6 18548.6 18548.6 18548.6 18548.6 18548.6 18548.6 18548.6 18548.6 18548.6 18548.6 18548.6 18548.6 18548.6 18548.6 18548.6 18548.6 18548.6 18548.6 18548.6 18548.6 18548.6 18548.6 18548.6 18548.6 18548.6 0 0 0 0 0 0 0 0 0 0 0 0 0 0 0 0 0 0 0 0 0 0 0 0 0
