SBPRF35
0.18548
Curr Bio
165498
B35
190265
F35
0.860135
FOFL
0.639868
OFL
30602.9
Bzero
52994.1
#pred survey bio
 13056.1 14030.2 14948.5 16530.5 19011.6 21902.1 25017 27618.4 36761.1 51916.8 60583 73172 104842 134665 128085 105760 89931.8 89781.8 89429.4 88461.8 88056.9 92257 97057.9 99799.3 112551 113215 108759 111863 105742 3.02866e+06 2.68005e+06 1.62619e+06 947670 634382 495985 431761 399269 381426 371055 364832 361043 358722 357300 356425 355882 355556 355360 355242 355171 355128 355103 355087 355078 355072 355069 355066 355065 355064 355064 355064 355064 355063 355063 355063 355063 355063 355063 355063 355063 355063 355063 355063 355063 355063 355063 355063 355063 355063 355063 355063 355063 355063 355063 355063 355063 355063 355063 355063 355063 355063 355063 355063 355063 355063 355063 355063 355063 355063 355063 355063 355063 355063 355063 355063 355063 355063 355063 355063 355063 355063 355063 355063 355063 355063 355063 355063 355063 355063 355063 355063 355063 355063 355063 355063 355063 355063 355063 355063 355063 0 0 0 0 0 0 0 0 0 0 0 0 0 0 0 0 0 0 0 0 0 0 0 0 0
#obs survey bio
 11745.3 13129.4 15418.5 20385 16127.5 14479.4 22033.6 45928.3 38338.1 58236.4 48879.1 92238.6 93799.9 102371 93967.6 109907 74223.4 75042.7 97673.6 123763 103729 95199 134316 97510.8 102732 98335.5 126035 124382 79398.7
#pred catch bio
 5546.56 6885.17 7597.33 8728.6 10974.4 12920.3 16702.3 18374.3 23925.8 37961 45120.3 54130.7 78953.3 107332 105667 92785.2 78595 79222.8 81072.9 82197.4 80676.4 85775 94560.8 94156.3 110834 113495 103345 108020 116101 30602.9 63269.4 30725.9 15447.3 9628 7662.87 7048.41 6866.07 6813.93 6799.41 6795.45 6794.38 6794.1 6794.03 6794.01 6794 6794 6794 6794 6794 6794 6794 6794 6794 6794 6794 6794 6794 6794 6794 6794 6794 6794 6794 6794 6794 6794 6794 6794 6794 6794 6794 6794 6794 6794 6794 6794 6794 6794 6794 6794 6794 6794 6794 6794 6794 6794 6794 6794 6794 6794 6794 6794 6794 6794 6794 6794 6794 6794 6794 6794 6794 6794 6794 6794 6794 6794 6794 6794 6794 6794 6794 6794 6794 6794 6794 6794 6794 6794 6794 6794 6794 6794 6794 6794 6794 6794 6794 6794 6794 0 0 0 0 0 0 0 0 0 0 0 0 0 0 0 0 0 0 0 0 0 0 0 0 0
#obs catch bio
 7409.82 7017.45 7650.57 8750.41 10959.9 13072.3 16934.5 18061.3 23532.7 37787.9 44560 53582.1 77207 106362 107966 93645 78644.1 79267.7 80764.7 81530.8 78443.5 83560.4 92491.2 91870.6 106348 111071 101571 102585 116823
#pred cpue bio
 12911.4 13612.6 14465.2 15990.5 18077.8 20944.5 23946.6 25654.7 33601.8 48065.6 56972.9 66244.4 93874.1 126697 123500 100709 83037.2 83049.4 82429.8 80844.1 80155.4 83836.8 87439.6 88958.9 100850 101826 97727.9 102101 96046.3 2.60839e+06 2.95333e+06 1.63833e+06 944216 630157 491722 427496 395005 377161 366790 360567 356778 354457 353035 352160 351617 351291 351095 350977 350906 350863 350838 350822 350813 350807 350804 350801 350800 350799 350799 350799 350799 350798 350798 350798 350798 350798 350798 350798 350798 350798 350798 350798 350798 350798 350798 350798 350798 350798 350798 350798 350798 350798 350798 350798 350798 350798 350798 350798 350798 350798 350798 350798 350798 350798 350798 350798 350798 350798 350798 350798 350798 350798 350798 350798 350798 350798 350798 350798 350798 350798 350798 350798 350798 350798 350798 350798 350798 350798 350798 350798 350798 350798 350798 350798 350798 350798 350798 350798 350798 0 0 0 0 0 0 0 0 0 0 0 0 0 0 0 0 0 0 0 0 0 0 0 0 0
#obs cpue bio
 7467.1 9907.17 12796.9 15651.1 21299.2 20007.8 28512.7 26111.6 34340.6 44044.1 88123.3 66423.1 133975 173675 103266 110951 83038.8 101915 82942.5 70907.3 109929 121022 90846 129226 233413 140276 109300 249888 100442
#pred surv len freq
 2.56164e-27 2.58404e-27 2.91622e-26 5.61201e-20 1.37572e-14 4.07649e-10 1.46013e-06 0.000632181 0.0330861 0.209312 0.160501 0.0424023 0.209982 0.193792 0.0410184 0.0450917 0.0187007 0.0135336 0.00816108 0.00611888 0.00475779 0.00409135 0.00409055 0.00362196 0.00110523
 2.56245e-27 2.58662e-27 3.17384e-26 6.15558e-20 1.50897e-14 4.47134e-10 1.60156e-06 0.000693414 0.0362908 0.229586 0.175931 0.0391998 0.174772 0.162152 0.0509939 0.0757195 0.0266121 0.0125267 0.00570326 0.00326749 0.00207463 0.00152661 0.0013517 0.00119718 0.00040036
 2.56302e-27 2.58799e-27 3.27381e-26 6.36639e-20 1.56064e-14 4.62447e-10 1.65641e-06 0.000717161 0.0375336 0.237448 0.181963 0.041035 0.184498 0.170555 0.0420719 0.0534629 0.0230516 0.0170026 0.00604875 0.00223093 0.000975299 0.000549681 0.00040257 0.000334953 0.000116002
 2.56316e-27 2.5883e-27 3.29319e-26 6.40725e-20 1.57066e-14 4.65415e-10 1.66704e-06 0.000721764 0.0377745 0.238972 0.183135 0.0415257 0.18741 0.173232 0.0424224 0.0534041 0.0202016 0.0117825 0.00565188 0.00256742 0.000704622 0.000243216 0.000127089 9.09767e-05 3.1196e-05
 2.56435e-27 2.59146e-27 3.5662e-26 6.98316e-20 1.71184e-14 5.07248e-10 1.81688e-06 0.000786639 0.0411698 0.260452 0.199532 0.0412775 0.174001 0.160774 0.0387286 0.0480851 0.0181159 0.0102966 0.0040878 0.00179296 0.000663733 0.000158758 4.45259e-05 2.30745e-05 7.4197e-06
 2.56427e-27 2.59107e-27 3.5151e-26 6.87531e-20 1.6854e-14 4.99414e-10 1.78882e-06 0.00077449 0.040534 0.25643 0.196484 0.0427335 0.187223 0.172716 0.0361636 0.0391767 0.0146139 0.00813181 0.00318864 0.00126776 0.000412796 0.000118129 2.19529e-05 5.8429e-06 1.57878e-06
 2.5642e-27 2.59087e-27 3.49774e-26 6.83869e-20 1.67642e-14 4.96754e-10 1.77929e-06 0.000770364 0.0403181 0.255064 0.195441 0.042712 0.187793 0.173306 0.0374545 0.0419183 0.0146123 0.0066767 0.00254825 0.00099167 0.000299412 7.67177e-05 1.46887e-05 2.07594e-06 3.57904e-07
 2.56604e-27 2.59575e-27 3.91753e-26 7.72422e-20 1.8935e-14 5.61078e-10 2.00969e-06 0.000870117 0.0455388 0.288091 0.220655 0.0423938 0.167657 0.154528 0.0305821 0.0309488 0.0109362 0.00520016 0.00178103 0.000594065 0.000172885 4.10734e-05 7.1688e-06 8.19528e-07 7.30278e-08
 2.56696e-27 2.59814e-27 4.11877e-26 8.14872e-20 1.99756e-14 5.91913e-10 2.12013e-06 0.000917936 0.0480415 0.303924 0.232748 0.0426321 0.160973 0.148198 0.0265355 0.0232656 0.00787503 0.00326641 0.00113214 0.000372881 9.18282e-05 1.9991e-05 3.2003e-06 3.22211e-07 1.83926e-08
 2.56638e-27 2.59653e-27 3.97346e-26 7.84215e-20 1.92241e-14 5.69644e-10 2.04037e-06 0.000883402 0.0462341 0.29249 0.224028 0.0432954 0.172148 0.158475 0.0277338 0.0233891 0.00756922 0.00260323 0.00082779 0.000247131 6.04844e-05 1.15325e-05 1.62694e-06 1.46956e-07 6.69981e-09
 2.56564e-27 2.59448e-27 3.78818e-26 7.45129e-20 1.82659e-14 5.41252e-10 1.93868e-06 0.000839372 0.0439297 0.277912 0.21291 0.0441676 0.186596 0.171739 0.0288413 0.0225695 0.00722371 0.00236057 0.000690355 0.000172902 3.74882e-05 6.78785e-06 8.47711e-07 6.63891e-08 2.62531e-09
 2.56744e-27 2.5994e-27 4.22583e-26 8.37456e-20 2.05292e-14 6.08318e-10 2.17889e-06 0.000943377 0.0493729 0.312347 0.23918 0.0426267 0.156413 0.143948 0.0250355 0.0208768 0.00657451 0.00196303 0.000557733 0.000130341 2.40582e-05 3.71051e-06 4.22697e-07 2.90379e-08 9.89e-10
 2.56799e-27 2.60083e-27 4.34686e-26 8.62984e-20 2.1155e-14 6.26861e-10 2.24531e-06 0.000972133 0.050878 0.321868 0.246453 0.0427967 0.152597 0.140301 0.0221086 0.0151187 0.00481409 0.00154864 0.00043016 9.26982e-05 1.6071e-05 2.13908e-06 2.02288e-07 1.22878e-08 3.63374e-10
 2.56574e-27 2.59467e-27 3.7965e-26 7.4688e-20 1.83088e-14 5.42524e-10 1.94323e-06 0.000841344 0.0440329 0.278565 0.213419 0.0448259 0.191248 0.175886 0.0269444 0.0171767 0.00524474 0.00134192 0.000371493 8.4271e-05 1.38001e-05 1.68736e-06 1.37221e-07 6.85903e-09 1.756e-10
 2.56431e-27 2.59083e-27 3.46133e-26 6.76175e-20 1.65756e-14 4.91165e-10 1.75927e-06 0.000761697 0.0398645 0.252194 0.193293 0.04541 0.209834 0.193141 0.0318743 0.024074 0.0072933 0.00172281 0.000437593 8.25338e-05 1.37376e-05 1.65446e-06 1.22071e-07 5.18471e-09 1.09087e-10
 2.56496e-27 2.59263e-27 3.62489e-26 7.1068e-20 1.74215e-14 5.16229e-10 1.84905e-06 0.000800567 0.0418988 0.265064 0.203107 0.044628 0.196987 0.181345 0.030848 0.0247181 0.0077231 0.00220375 0.000562913 9.69255e-05 1.37733e-05 1.52937e-06 1.11781e-07 4.30086e-09 7.61866e-11
 2.56666e-27 2.59718e-27 4.01944e-26 7.93912e-20 1.94618e-14 5.76688e-10 2.0656e-06 0.000894325 0.0468058 0.296106 0.226802 0.0440746 0.176128 0.161947 0.0247114 0.0156025 0.00491396 0.00150612 0.000410194 8.24302e-05 1.13302e-05 1.08738e-06 7.02367e-08 2.61273e-09 4.18794e-11
 2.56663e-27 2.59705e-27 4.00413e-26 7.9068e-20 1.93826e-14 5.7434e-10 2.05719e-06 0.000890684 0.0466152 0.294901 0.225888 0.0444697 0.179777 0.165242 0.0239752 0.0130798 0.00392914 0.000920575 0.000247207 5.36136e-05 8.32703e-06 8.45435e-07 4.81291e-08 1.56377e-09 2.3619e-11
 2.5668e-27 2.59751e-27 4.04448e-26 7.99192e-20 1.95912e-14 5.80523e-10 2.07934e-06 0.000900273 0.047117 0.298076 0.22831 0.0443566 0.177215 0.162879 0.023595 0.0128026 0.00377144 0.000755826 0.00018206 3.16413e-05 5.01427e-06 5.68485e-07 3.52046e-08 1.0412e-09 1.37422e-11
 2.56721e-27 2.59861e-27 4.14092e-26 8.19537e-20 2.009e-14 5.95302e-10 2.13227e-06 0.000923192 0.0483165 0.305664 0.234102 0.0441868 0.171854 0.157903 0.0221938 0.01086 0.00318846 0.00063462 0.000147026 2.17569e-05 2.83878e-06 2.92184e-07 1.98476e-08 6.38042e-10 7.87589e-12
 2.56741e-27 2.59914e-27 4.18561e-26 8.28963e-20 2.0321e-14 6.02149e-10 2.1568e-06 0.00093381 0.0488722 0.309179 0.236787 0.0442019 0.170082 0.156233 0.0212731 0.00917885 0.00265452 0.000476551 0.000107908 1.56977e-05 1.84934e-06 1.54739e-07 9.09631e-09 3.09066e-10 4.10935e-12
 2.56748e-27 2.59933e-27 4.20276e-26 8.32582e-20 2.04097e-14 6.04777e-10 2.16621e-06 0.000937887 0.0490856 0.310529 0.237816 0.0441023 0.168601 0.15488 0.0212711 0.00951287 0.00272225 0.000432959 9.31711e-05 1.23593e-05 1.41268e-06 1.0995e-07 5.30181e-09 1.53295e-10 2.08158e-12
 2.56785e-27 2.60035e-27 4.29285e-26 8.51586e-20 2.08756e-14 6.18582e-10 2.21566e-06 0.000959294 0.050206 0.317617 0.243224 0.0438484 0.162869 0.149586 0.0202456 0.00850802 0.00243753 0.000400671 8.49662e-05 1.00561e-05 1.0574e-06 7.6468e-08 3.43825e-09 8.29009e-11 9.55627e-13
 2.56831e-27 2.60158e-27 4.4002e-26 8.74233e-20 2.14308e-14 6.35032e-10 2.27458e-06 0.000984805 0.0515412 0.326064 0.249671 0.0436686 0.156972 0.144109 0.0186463 0.00624002 0.00176333 0.000273479 5.74858e-05 6.96453e-06 6.94098e-07 4.47023e-08 1.83596e-09 4.06727e-11 3.96889e-13
 2.5681e-27 2.60099e-27 4.34853e-26 8.63333e-20 2.11636e-14 6.27115e-10 2.24622e-06 0.000972527 0.0508986 0.321998 0.246568 0.0437947 0.160111 0.147014 0.0193222 0.00704743 0.00196644 0.000249015 4.87044e-05 5.6025e-06 5.57411e-07 3.53796e-08 1.30761e-09 2.60149e-11 2.30168e-13
 2.56796e-27 2.6006e-27 4.31268e-26 8.5577e-20 2.09782e-14 6.2162e-10 2.22654e-06 0.000964007 0.0504526 0.319177 0.244418 0.0440505 0.163568 0.150169 0.0192198 0.00602147 0.00167895 0.000228831 4.44059e-05 4.24087e-06 3.86029e-07 2.36419e-08 8.63853e-10 1.57988e-11 1.24659e-13
 2.568e-27 2.60072e-27 4.32238e-26 8.57815e-20 2.10283e-14 6.23106e-10 2.23186e-06 0.000966311 0.0505732 0.31994 0.245001 0.0440584 0.163219 0.149838 0.019008 0.00562108 0.00154861 0.00018539 3.47938e-05 3.52283e-06 3.00427e-07 1.55555e-08 5.3237e-10 9.50613e-12 7.00334e-14
 2.56732e-27 2.59887e-27 4.15933e-26 8.2342e-20 2.01851e-14 5.98122e-10 2.14237e-06 0.000927565 0.0485454 0.307112 0.235212 0.0444789 0.173296 0.159156 0.0209977 0.00781033 0.00216587 0.000247148 4.46871e-05 4.02872e-06 3.37835e-07 1.76014e-08 5.22939e-10 8.37967e-12 5.93665e-14
 2.56753e-27 2.59944e-27 4.21034e-26 8.3418e-20 2.04489e-14 6.05938e-10 2.17037e-06 0.000939687 0.0491798 0.311125 0.238274 0.0442778 0.169615 0.155769 0.020578 0.00770781 0.00216773 0.000300498 5.77992e-05 4.97316e-06 3.88434e-07 1.85181e-08 5.47811e-10 7.9775e-12 4.98347e-14
#obs surv len freq
 1.24704e-41 1.73081e-33 2.90379e-26 5.88883e-20 1.44358e-14 4.27758e-10 1.53216e-06 0.000663372 0.0347183 0.219638 0.168446 0.0416921 0.170101 0.142441 0.0894622 0.0847638 0.0334172 0.0119919 0.00238846 0.000262281 1.1772e-05 1.58788e-07 4.85996e-10 2.74681e-13 2.5039e-17
 1.56164e-41 2.16746e-33 3.63636e-26 7.37447e-20 1.80776e-14 5.35673e-10 1.9187e-06 0.000830729 0.043477 0.275049 0.210792 0.0427122 0.142247 0.113308 0.0738591 0.0643024 0.0240796 0.0078188 0.00138778 0.000129733 4.71742e-06 4.89889e-08 1.11106e-10 4.54694e-14 2.9623e-18
 1.29404e-41 1.79605e-33 3.01324e-26 6.11079e-20 1.49799e-14 4.43881e-10 1.58991e-06 0.000688376 0.0360269 0.227918 0.175044 0.0517547 0.203918 0.149897 0.0731668 0.0552401 0.0196714 0.00571668 0.000885546 6.92729e-05 2.01192e-06 1.59753e-08 2.67963e-11 7.93384e-15 3.69142e-19
 1.56216e-41 2.16817e-33 3.63755e-26 7.37688e-20 1.80836e-14 5.35849e-10 1.91932e-06 0.000831001 0.0434913 0.27514 0.211035 0.047446 0.149793 0.109521 0.0842524 0.0590896 0.0153134 0.00357846 0.000475797 3.04899e-05 6.94731e-07 4.17137e-09 5.14991e-12 1.1022e-15 3.66389e-20
 1.54029e-41 2.13782e-33 3.58663e-26 7.27362e-20 1.78304e-14 5.28348e-10 1.89245e-06 0.000819368 0.0428824 0.271289 0.208337 0.0554378 0.180497 0.118958 0.0635876 0.0412843 0.0138217 0.00280922 0.000261524 1.29191e-05 2.26388e-07 1.01313e-09 9.1276e-13 1.40642e-16 3.33655e-21
 1.3481e-41 1.87108e-33 3.13912e-26 6.36608e-20 1.56057e-14 4.62426e-10 1.65633e-06 0.000717135 0.037532 0.237441 0.182735 0.0611953 0.205343 0.131124 0.0837372 0.0468006 0.0110513 0.00212102 0.000193833 6.80726e-06 8.35043e-08 2.71235e-10 1.76213e-13 1.94024e-17 3.27087e-22
 1.56783e-41 2.17604e-33 3.65076e-26 7.40367e-20 1.81492e-14 5.37795e-10 1.92629e-06 0.000834019 0.0436492 0.276141 0.212257 0.0581032 0.165489 0.104854 0.0828642 0.0436906 0.0104521 0.00155286 0.00010816 3.30898e-06 2.96211e-08 6.46234e-11 2.90403e-14 2.25015e-18 2.67462e-23
 1.73184e-41 2.40368e-33 4.03267e-26 8.17817e-20 2.00478e-14 5.94054e-10 2.1278e-06 0.000921265 0.0482154 0.305028 0.234521 0.0628773 0.163614 0.0928131 0.0563338 0.0274781 0.00714335 0.000994114 5.64218e-05 1.24899e-06 8.60463e-09 1.37162e-11 4.15872e-15 2.16137e-19 1.75993e-24
 1.65673e-41 2.29943e-33 3.85778e-26 7.8235e-20 1.91784e-14 5.68291e-10 2.03552e-06 0.000881312 0.0461243 0.291802 0.224824 0.0712696 0.184824 0.0980151 0.0550943 0.0222415 0.00434441 0.000547705 2.92479e-05 5.18787e-07 2.54374e-09 2.89715e-12 6.31874e-16 2.27746e-20 1.24926e-25
 1.53541e-41 2.13105e-33 3.57528e-26 7.25059e-20 1.7774e-14 5.26676e-10 1.88647e-06 0.000816775 0.0427467 0.270437 0.208951 0.0785538 0.199755 0.104638 0.0662754 0.0236439 0.00381132 0.000355459 1.45506e-05 2.19641e-07 8.51355e-10 6.92199e-13 1.04454e-16 2.63232e-21 1.01289e-26
 1.46624e-41 2.03504e-33 3.41421e-26 6.92394e-20 1.69732e-14 5.02948e-10 1.80148e-06 0.000779977 0.0408209 0.258257 0.200088 0.0842758 0.204095 0.107419 0.0749696 0.0249919 0.00398638 0.000304846 8.91528e-06 9.50124e-08 2.81204e-10 1.7583e-13 1.93128e-17 3.38979e-22 8.96836e-28
 1.88439e-41 2.6154e-33 4.38788e-26 8.89854e-20 2.18137e-14 6.4638e-10 2.31523e-06 0.00100241 0.0524624 0.331902 0.255933 0.0729175 0.140532 0.0735615 0.0524908 0.0164084 0.00260176 0.000180359 4.40025e-06 3.3354e-08 6.64024e-11 2.91859e-14 2.34961e-18 3.02209e-23 5.72182e-29
 1.57053e-41 2.17979e-33 3.65705e-26 7.41642e-20 1.81805e-14 5.38721e-10 1.92961e-06 0.000835455 0.0437244 0.276635 0.215437 0.102332 0.21391 0.0901562 0.0428429 0.012151 0.00185387 0.000117746 2.56526e-06 1.58029e-08 2.28073e-11 6.72876e-15 3.62568e-19 3.22496e-24 4.34105e-30
 1.26988e-41 1.76251e-33 2.95698e-26 5.99669e-20 1.47002e-14 4.35593e-10 1.56022e-06 0.000675523 0.0353542 0.223692 0.176102 0.113674 0.233394 0.119662 0.0784188 0.0171639 0.00176568 9.5104e-05 1.8313e-06 9.56418e-09 1.10274e-11 2.41222e-15 9.02688e-20 5.38342e-25 4.84617e-31
 1.14658e-41 1.59137e-33 2.66986e-26 5.41442e-20 1.32728e-14 3.93298e-10 1.40873e-06 0.000609931 0.0319214 0.201983 0.160286 0.117316 0.227163 0.13541 0.0983183 0.0240591 0.00282067 0.000109232 1.46741e-06 6.11902e-09 5.70325e-12 9.77361e-16 2.75471e-20 1.18802e-25 7.46708e-32
 1.5539e-41 2.15671e-33 3.61833e-26 7.33789e-20 1.7988e-14 5.33017e-10 1.90918e-06 0.000826608 0.0432614 0.273722 0.214378 0.100745 0.16554 0.10475 0.0746449 0.0195262 0.00250136 0.000102227 1.18712e-06 3.39931e-09 2.24425e-12 2.90749e-16 6.25811e-21 2.03336e-26 9.44827e-33
 1.40922e-41 1.9559e-33 3.28143e-26 6.65468e-20 1.63132e-14 4.83389e-10 1.73142e-06 0.000749645 0.0392335 0.24827 0.197952 0.135794 0.214853 0.09704 0.0514928 0.0129282 0.00161653 6.74905e-05 7.81763e-07 1.992e-09 9.82391e-13 8.6982e-17 1.30414e-21 3.06689e-27 1.05003e-33
 1.46606e-41 2.0348e-33 3.41379e-26 6.9231e-20 1.69712e-14 5.02887e-10 1.80126e-06 0.000779883 0.040816 0.258291 0.205975 0.130376 0.190404 0.106826 0.0561426 0.00948919 0.000866409 3.2408e-05 3.49888e-07 8.25847e-10 3.57106e-13 2.53098e-17 2.76462e-22 4.48744e-28 1.05371e-34
 1.44186e-41 2.00121e-33 3.35745e-26 6.80884e-20 1.66911e-14 4.94587e-10 1.77153e-06 0.000767011 0.0401425 0.254059 0.204803 0.144374 0.195636 0.101458 0.0490444 0.00899624 0.000700183 1.75541e-05 1.44546e-07 2.88928e-10 1.07324e-13 6.42742e-18 5.72935e-23 7.24146e-29 1.25983e-35
 1.55795e-41 2.16233e-33 3.62776e-26 7.35702e-20 1.80349e-14 5.34406e-10 1.91416e-06 0.000828763 0.0433743 0.274524 0.221143 0.141483 0.175148 0.0948705 0.0415737 0.00657615 0.000465618 1.03555e-05 6.11358e-08 8.42997e-11 2.36079e-14 1.12295e-18 8.03919e-24 8.11386e-30 1.1118e-36
 1.50772e-41 2.09262e-33 3.5108e-26 7.11983e-20 1.74534e-14 5.17177e-10 1.85244e-06 0.000802044 0.0419761 0.265731 0.217591 0.16049 0.184588 0.0892593 0.0342603 0.00499605 0.000299499 5.51809e-06 2.70087e-08 2.80766e-11 5.41296e-15 1.78035e-19 9.23734e-25 7.00602e-31 7.33475e-38
 1.55251e-41 2.15478e-33 3.61508e-26 7.33132e-20 1.79719e-14 5.32539e-10 1.90747e-06 0.000825868 0.043223 0.273659 0.22509 0.160519 0.172663 0.0893955 0.0307328 0.00370295 0.000184333 2.79614e-06 1.07997e-08 8.75638e-12 1.28342e-15 3.04157e-20 1.08998e-25 5.66895e-32 4.14295e-39
 1.55602e-41 2.15965e-33 3.62325e-26 7.34789e-20 1.80125e-14 5.33743e-10 1.91178e-06 0.000827735 0.0433209 0.274346 0.22856 0.170864 0.170257 0.0828669 0.0258932 0.00293858 0.000121527 1.43415e-06 4.29003e-09 2.65372e-12 2.92141e-16 5.16161e-21 1.36188e-26 5.10074e-33 2.621e-40
 1.59664e-41 2.21603e-33 3.71785e-26 7.53972e-20 1.84827e-14 5.47678e-10 1.96169e-06 0.000849345 0.0444521 0.281573 0.236422 0.174079 0.1618 0.0774554 0.0212275 0.00206575 7.29974e-05 7.088e-07 1.61545e-09 7.38861e-13 5.9959e-17 7.77818e-22 1.49926e-27 4.08975e-34 1.52596e-41
 1.58802e-41 2.20406e-33 3.69777e-26 7.499e-20 1.83829e-14 5.44719e-10 1.9511e-06 0.000844758 0.0442123 0.280168 0.239163 0.184514 0.159998 0.0720503 0.0175088 0.00149596 4.33575e-05 3.36786e-07 6.03748e-10 2.09044e-13 1.23896e-17 1.15709e-22 1.60345e-28 3.14736e-35 8.44819e-43
 1.37375e-41 1.90667e-33 3.19884e-26 6.48718e-20 1.59026e-14 4.71222e-10 1.68784e-06 0.000730777 0.0382477 0.242661 0.218903 0.216843 0.183083 0.080894 0.0173335 0.00127085 3.04409e-05 1.8819e-07 2.58819e-10 6.76748e-14 2.99171e-18 2.04736e-23 2.04372e-29 2.8599e-36 5.45321e-44
 1.40127e-41 1.94487e-33 3.26293e-26 6.61716e-20 1.62212e-14 4.80663e-10 1.72166e-06 0.000745419 0.0390145 0.247611 0.223659 0.205255 0.176661 0.088429 0.0174775 0.00112279 2.20293e-05 1.07417e-07 1.13286e-10 2.21724e-14 7.21999e-19 3.61288e-24 2.6251e-30 2.65846e-37 3.64219e-45
 1.46684e-41 2.03588e-33 3.41561e-26 6.92679e-20 1.69802e-14 5.03155e-10 1.80222e-06 0.0007803 0.04084 0.259146 0.231927 0.202918 0.169096 0.0783119 0.0159019 0.00105808 1.91897e-05 8.10153e-08 7.14303e-11 1.14889e-14 3.0457e-19 1.23228e-24 7.20446e-31 5.85713e-38 6.43823e-46
 1.46686e-41 2.0359e-33 3.41565e-26 6.92686e-20 1.69804e-14 5.0316e-10 1.80224e-06 0.000780307 0.0408404 0.259149 0.231929 0.202922 0.169182 0.0784844 0.0157035 0.000990414 1.66751e-05 6.39891e-08 5.04477e-11 7.17656e-15 1.66978e-19 5.89974e-25 3.00136e-31 2.11768e-38 2.01642e-46
#pred catch len freq
 2.55917e-27 2.57733e-27 2.31984e-26 4.3539e-20 1.0673e-14 3.16262e-10 1.1328e-06 0.000490457 0.0256688 0.162388 0.124702 0.0443579 0.250015 0.230668 0.04633 0.0479364 0.0197789 0.0141992 0.00855228 0.00640897 0.00498289 0.00428485 0.00428401 0.00379326 0.0011575
 2.56023e-27 2.58061e-27 2.64269e-26 5.03509e-20 1.23429e-14 3.65742e-10 1.31003e-06 0.000567192 0.0296848 0.187795 0.144044 0.0407105 0.208672 0.19344 0.056626 0.080698 0.0282705 0.0131847 0.00599454 0.0034322 0.00217896 0.00160335 0.00141964 0.00125736 0.000420485
 2.56084e-27 2.58204e-27 2.7462e-26 5.25336e-20 1.2878e-14 3.81598e-10 1.36682e-06 0.000591781 0.0309717 0.195936 0.150292 0.0427094 0.219493 0.202809 0.0470776 0.056779 0.0243539 0.0178255 0.00633601 0.00233503 0.00102065 0.000575228 0.000421278 0.000350519 0.000121393
 2.56105e-27 2.58256e-27 2.78356e-26 5.33214e-20 1.30711e-14 3.8732e-10 1.38732e-06 0.000600654 0.0314361 0.198874 0.152543 0.0432001 0.221646 0.204781 0.0472082 0.0563855 0.0212415 0.0122816 0.00588406 0.00267136 0.000733058 0.000253021 0.000132211 9.46438e-05 3.24535e-05
 2.56249e-27 2.58637e-27 3.1134e-26 6.02793e-20 1.47767e-14 4.37861e-10 1.56835e-06 0.000679034 0.0355382 0.224825 0.172352 0.0428016 0.204696 0.189054 0.042907 0.0505022 0.0189485 0.0106764 0.00423378 0.00185567 0.00068686 0.000164285 4.60757e-05 2.38776e-05 7.67796e-06
 2.56243e-27 2.58604e-27 3.06674e-26 5.92944e-20 1.45353e-14 4.30707e-10 1.54272e-06 0.00066794 0.0349576 0.221152 0.169572 0.0443438 0.218385 0.201406 0.0400425 0.040804 0.0151568 0.00836019 0.00327446 0.00130096 0.000423549 0.000121202 2.25239e-05 5.99486e-06 1.61984e-06
 2.5628e-27 2.58702e-27 3.15336e-26 6.11216e-20 1.49832e-14 4.4398e-10 1.59026e-06 0.000688523 0.0360348 0.227966 0.174771 0.0440587 0.212564 0.196091 0.0401655 0.0423632 0.0147153 0.00666173 0.00253924 0.000987457 0.000298099 7.63786e-05 1.46237e-05 2.06675e-06 3.56319e-07
 2.56465e-27 2.59193e-27 3.57656e-26 7.0049e-20 1.71717e-14 5.08827e-10 1.82253e-06 0.000789087 0.041298 0.261263 0.20019 0.0436931 0.191922 0.176855 0.033349 0.0316383 0.0111371 0.00524745 0.00179511 0.000598289 0.000174087 4.13576e-05 7.21836e-06 8.25192e-07 7.35325e-08
 2.5655e-27 2.59414e-27 3.76153e-26 7.39508e-20 1.81281e-14 5.37169e-10 1.92405e-06 0.00083304 0.0435983 0.275815 0.211307 0.0439839 0.186325 0.171526 0.029457 0.0240561 0.00811278 0.00333341 0.00115383 0.000379734 9.35017e-05 2.03544e-05 3.25846e-06 3.28066e-07 1.87268e-08
 2.56535e-27 2.59369e-27 3.71849e-26 7.30425e-20 1.79055e-14 5.30572e-10 1.90042e-06 0.000822809 0.0430629 0.272428 0.208726 0.0443552 0.190963 0.175769 0.0295503 0.0231764 0.00747581 0.00254632 0.000808492 0.000241171 5.90163e-05 1.12521e-05 1.58737e-06 1.43382e-07 6.53686e-09
 2.56465e-27 2.59175e-27 3.54283e-26 6.93368e-20 1.69971e-14 5.03654e-10 1.804e-06 0.000781065 0.0408781 0.258607 0.198186 0.0452132 0.204899 0.188557 0.0305105 0.0221408 0.00706295 0.0022857 0.000667472 0.000167025 3.62074e-05 6.55563e-06 8.18703e-07 6.41173e-08 2.53547e-09
 2.5665e-27 2.59683e-27 3.99519e-26 7.88798e-20 1.93364e-14 5.72973e-10 2.05229e-06 0.000888565 0.0465043 0.294199 0.225338 0.0435848 0.17343 0.159588 0.0266755 0.0206786 0.00649248 0.00191966 0.000544546 0.000127148 2.34643e-05 3.61871e-06 4.12236e-07 2.83193e-08 9.64522e-10
 2.56714e-27 2.59848e-27 4.13587e-26 8.18474e-20 2.00639e-14 5.94529e-10 2.1295e-06 0.000921994 0.0482539 0.305267 0.233791 0.0436782 0.168201 0.154642 0.0235933 0.0148932 0.00472522 0.00150533 0.000417525 8.98949e-05 1.55818e-05 2.07386e-06 1.96119e-07 1.1913e-08 3.52291e-10
 2.56505e-27 2.59277e-27 3.62528e-26 7.10758e-20 1.74234e-14 5.16286e-10 1.84925e-06 0.000800654 0.0419033 0.265092 0.203145 0.0456079 0.204418 0.187977 0.0279428 0.0164091 0.00499372 0.00126518 0.000349613 7.92377e-05 1.29734e-05 1.58619e-06 1.28992e-07 6.44768e-09 1.65069e-10
 2.56381e-27 2.58945e-27 3.33548e-26 6.49625e-20 1.59248e-14 4.7188e-10 1.69019e-06 0.000731789 0.0382992 0.242292 0.185742 0.0460909 0.220321 0.202746 0.0322808 0.0225818 0.00682206 0.00159574 0.000404557 7.6232e-05 1.26859e-05 1.5277e-06 1.12717e-07 4.78743e-09 1.00728e-10
 2.56487e-27 2.59235e-27 3.59641e-26 7.04672e-20 1.72742e-14 5.11865e-10 1.83342e-06 0.000793799 0.0415446 0.262823 0.201402 0.0449995 0.201013 0.184993 0.0302923 0.0225296 0.00701812 0.00198306 0.00050576 8.70038e-05 1.23605e-05 1.3724e-06 1.00307e-07 3.85938e-09 6.83662e-11
 2.56651e-27 2.59674e-27 3.97855e-26 7.85284e-20 1.92503e-14 5.70421e-10 2.04315e-06 0.000884607 0.0462971 0.292889 0.22435 0.0443971 0.180305 0.165756 0.0245505 0.0142748 0.0044792 0.00135952 0.000369713 7.42288e-05 1.02009e-05 9.78931e-07 6.32307e-08 2.35211e-09 3.77018e-11
 2.56651e-27 2.59672e-27 3.97248e-26 7.84002e-20 1.92189e-14 5.6949e-10 2.03982e-06 0.000883163 0.0462215 0.29241 0.22399 0.0447321 0.183107 0.168275 0.0237977 0.0119108 0.00356509 0.000827105 0.000221674 4.8033e-05 7.45885e-06 7.57244e-07 4.3108e-08 1.40062e-09 2.11548e-11
 2.56685e-27 2.59762e-27 4.05276e-26 8.00939e-20 1.96341e-14 5.81792e-10 2.08388e-06 0.000902242 0.0472201 0.298727 0.22881 0.0444728 0.177748 0.163337 0.023066 0.0114807 0.00337053 0.000668932 0.000160779 2.79164e-05 4.42292e-06 5.01412e-07 3.10506e-08 9.18342e-10 1.21206e-11
 2.5674e-27 2.59911e-27 4.18357e-26 8.28533e-20 2.03105e-14 6.01836e-10 2.15567e-06 0.000933325 0.0488469 0.309019 0.236663 0.0441572 0.169828 0.15601 0.0214315 0.00959786 0.00280742 0.000553366 0.000127927 1.89126e-05 2.46701e-06 2.53901e-07 1.72468e-08 5.54435e-10 6.84385e-12
 2.5675e-27 2.59936e-27 4.20421e-26 8.32888e-20 2.04172e-14 6.04999e-10 2.16701e-06 0.000938231 0.0491036 0.310643 0.237905 0.0442379 0.169571 0.15574 0.020784 0.00818801 0.00235844 0.000419336 9.47269e-05 1.37671e-05 1.62148e-06 1.35662e-07 7.97477e-09 2.70959e-10 3.60267e-12
 2.56765e-27 2.5998e-27 4.24345e-26 8.41165e-20 2.06201e-14 6.11011e-10 2.18854e-06 0.000947554 0.0495916 0.31373 0.240259 0.044061 0.16657 0.152986 0.0205772 0.00840775 0.00239696 0.000377631 8.10495e-05 1.0741e-05 1.22736e-06 9.55188e-08 4.60587e-09 1.33172e-10 1.80833e-12
 2.5683e-27 2.60157e-27 4.40101e-26 8.74404e-20 2.1435e-14 6.35157e-10 2.27502e-06 0.000984999 0.0515513 0.326128 0.249717 0.0435468 0.156012 0.143252 0.019013 0.00729199 0.00208072 0.000338782 7.16598e-05 8.47314e-06 8.90676e-07 6.44056e-08 2.89583e-09 6.98222e-11 8.04864e-13
 2.56854e-27 2.6022e-27 4.45458e-26 8.85705e-20 2.1712e-14 6.43365e-10 2.30442e-06 0.000997728 0.0522175 0.330342 0.252935 0.0435344 0.153656 0.141042 0.0179703 0.00547101 0.00153837 0.000236351 4.95474e-05 5.99705e-06 5.97497e-07 3.84776e-08 1.58027e-09 3.50082e-11 3.41614e-13
 2.56859e-27 2.60234e-27 4.46829e-26 8.88597e-20 2.17829e-14 6.45466e-10 2.31195e-06 0.00100099 0.052388 0.331421 0.253757 0.043426 0.152254 0.139766 0.0180622 0.00599969 0.00166679 0.00020918 4.07784e-05 4.68624e-06 4.66101e-07 2.95815e-08 1.09329e-09 2.1751e-11 1.92442e-13
 2.56857e-27 2.60226e-27 4.45999e-26 8.86846e-20 2.174e-14 6.44194e-10 2.30739e-06 0.000999014 0.0522848 0.330768 0.253261 0.0435606 0.153627 0.141005 0.0177893 0.0050667 0.00140546 0.000189807 3.67219e-05 3.50376e-06 3.18811e-07 1.95234e-08 7.13354e-10 1.30463e-11 1.02941e-13
 2.56828e-27 2.60145e-27 4.38737e-26 8.71526e-20 2.13644e-14 6.33066e-10 2.26753e-06 0.000981756 0.0513816 0.325054 0.248903 0.0438739 0.159073 0.146009 0.0182732 0.00490993 0.00134546 0.000159651 2.98597e-05 3.02037e-06 2.57486e-07 1.33309e-08 4.56223e-10 8.1464e-12 6.0016e-14
 2.56772e-27 2.59997e-27 4.25633e-26 8.43881e-20 2.06867e-14 6.12985e-10 2.19561e-06 0.000950615 0.0497517 0.314743 0.241035 0.044204 0.167113 0.153445 0.0198986 0.0067425 0.00186193 0.000210623 3.79457e-05 3.41775e-06 2.86487e-07 1.49248e-08 4.43405e-10 7.10516e-12 5.0337e-14
 2.56881e-27 2.60294e-27 4.52198e-26 8.99923e-20 2.20605e-14 6.53693e-10 2.34142e-06 0.00101374 0.0530557 0.335645 0.25698 0.0432035 0.148297 0.136128 0.0176741 0.00603121 0.00168888 0.000231972 4.44871e-05 3.82429e-06 2.98578e-07 1.42329e-08 4.21034e-10 6.13126e-12 3.83014e-14
#obs catch len freq
 5.99416e-42 8.3195e-34 1.39577e-26 2.83059e-20 6.93886e-15 2.05611e-10 7.36466e-07 0.000318864 0.0166881 0.105575 0.0813854 0.0424974 0.227623 0.192162 0.131798 0.127176 0.0514377 0.0189473 0.00392093 0.000448474 2.11253e-05 2.99503e-07 9.58796e-10 5.63182e-13 5.3059e-17
 6.85915e-42 9.52005e-34 1.59719e-26 3.23906e-20 7.94018e-15 2.35282e-10 8.42741e-07 0.000364878 0.0190963 0.12081 0.0931285 0.0461476 0.22966 0.184427 0.12905 0.114372 0.0447798 0.0150749 0.00280285 0.000274744 1.04725e-05 1.13883e-07 2.69646e-10 1.14593e-13 7.71033e-18
 1.03566e-41 1.43743e-33 2.41158e-26 4.89064e-20 1.19888e-14 3.55251e-10 1.27245e-06 0.000550927 0.0288333 0.18241 0.140237 0.0482573 0.202382 0.154373 0.109727 0.0886994 0.0328181 0.00993768 0.0016341 0.000135147 4.13343e-06 3.43364e-08 5.99413e-11 1.83907e-14 8.82899e-19
 8.87551e-42 1.23186e-33 2.0667e-26 4.19123e-20 1.02743e-14 3.04447e-10 1.09048e-06 0.00047214 0.0247099 0.156325 0.120652 0.0600903 0.261934 0.182756 0.0953519 0.0669933 0.0234422 0.0063104 0.000898732 6.16545e-05 1.49276e-06 9.4147e-09 1.2098e-11 2.67801e-15 9.16758e-20
 1.22243e-41 1.69666e-33 2.84649e-26 5.77263e-20 1.41509e-14 4.19318e-10 1.50193e-06 0.000650283 0.0340332 0.215306 0.16559 0.0540597 0.193469 0.13561 0.109494 0.0698327 0.0176244 0.00383697 0.000465353 2.59237e-05 4.88453e-07 2.3149e-09 2.18021e-12 3.47952e-16 8.4975e-21
 1.28313e-41 1.78091e-33 2.98784e-26 6.05928e-20 1.48536e-14 4.40139e-10 1.57651e-06 0.000682573 0.0357232 0.225999 0.174074 0.0637913 0.220978 0.13808 0.076772 0.0460561 0.0148765 0.00272405 0.000231407 9.91411e-06 1.42614e-07 5.01012e-10 3.4308e-13 3.93278e-17 6.84458e-22
 1.17227e-41 1.62703e-33 2.72969e-26 5.53575e-20 1.35702e-14 4.02111e-10 1.4403e-06 0.000623598 0.0326367 0.206474 0.159442 0.0694533 0.234952 0.14284 0.0933765 0.0473382 0.0108053 0.00189897 0.000153432 4.61037e-06 4.64422e-08 1.1802e-10 5.8102e-14 4.74997e-18 5.86681e-23
 1.45877e-41 2.02467e-33 3.39681e-26 6.88867e-20 1.68868e-14 5.00385e-10 1.7923e-06 0.000776004 0.0406129 0.256934 0.197901 0.0646405 0.184264 0.112055 0.0891032 0.0426114 0.00972 0.00129763 8.08823e-05 2.08756e-06 1.51137e-08 2.57712e-11 8.77069e-15 5.03904e-19 4.38375e-24
 1.67753e-41 2.3283e-33 3.9062e-26 7.9217e-20 1.94191e-14 5.75424e-10 2.06107e-06 0.000892374 0.0467033 0.295464 0.227538 0.0689121 0.175359 0.0946383 0.057616 0.025734 0.00632036 0.00078139 3.89113e-05 7.26142e-07 4.02873e-09 4.97565e-12 1.14021e-15 4.39448e-20 2.61767e-25
 1.6456e-41 2.28399e-33 3.83186e-26 7.77094e-20 1.90496e-14 5.64473e-10 2.02185e-06 0.000875392 0.0458145 0.289844 0.223688 0.0770718 0.190005 0.0957371 0.053408 0.0195169 0.00361054 0.000407127 1.87884e-05 2.76387e-07 1.08546e-09 9.5648e-13 1.57176e-16 4.19588e-21 1.68461e-26
 1.5602e-41 2.16546e-33 3.633e-26 7.36766e-20 1.8061e-14 5.35179e-10 1.91692e-06 0.000829962 0.0434369 0.274806 0.212687 0.084007 0.199381 0.0999145 0.0618412 0.0198452 0.00299268 0.000247571 8.81509e-06 1.09608e-07 3.36247e-10 2.10369e-13 2.38886e-17 4.45433e-22 1.25377e-27
 1.5197e-41 2.10924e-33 3.53869e-26 7.17639e-20 1.75921e-14 5.21285e-10 1.86716e-06 0.000808415 0.0423092 0.267676 0.207715 0.0892382 0.199431 0.1012 0.0679607 0.0204437 0.00301065 0.000200993 5.062e-06 4.4497e-08 1.04096e-10 4.97904e-14 4.09973e-18 5.31875e-23 1.02905e-28
 1.93085e-41 2.67989e-33 4.49607e-26 9.11794e-20 2.23516e-14 6.62318e-10 2.37231e-06 0.00102713 0.0537559 0.340089 0.262517 0.0761217 0.135629 0.0688586 0.0467245 0.0132387 0.00191864 0.00011528 2.3823e-06 1.47323e-08 2.31594e-11 7.78825e-15 4.69019e-19 4.44919e-24 6.15607e-30
 1.62393e-41 2.25391e-33 3.7814e-26 7.66861e-20 1.87987e-14 5.5704e-10 1.99523e-06 0.000863864 0.0452112 0.286047 0.223233 0.107344 0.205748 0.0826579 0.0377201 0.009751 0.00134761 7.38902e-05 1.3489e-06 6.70023e-09 7.56927e-12 1.70466e-15 6.87136e-20 4.50391e-25 4.42336e-31
 1.33367e-41 1.85105e-33 3.10552e-26 6.29793e-20 1.54386e-14 4.57475e-10 1.6386e-06 0.000709457 0.0371302 0.234936 0.185507 0.120006 0.225633 0.112877 0.0684882 0.0133928 0.00125895 5.87289e-05 9.40334e-07 3.92802e-09 3.51676e-12 5.84053e-16 1.63183e-20 7.17258e-26 4.71166e-32
 1.21674e-41 1.68875e-33 2.83324e-26 5.74575e-20 1.4085e-14 4.17365e-10 1.49493e-06 0.000647255 0.0338748 0.214352 0.17069 0.124073 0.220131 0.129437 0.0857443 0.0190205 0.00196371 6.47635e-05 7.28508e-07 2.42559e-09 1.74543e-12 2.25964e-16 4.73938e-21 1.5045e-26 6.90341e-33
 1.63146e-41 2.26436e-33 3.79893e-26 7.70416e-20 1.88858e-14 5.59622e-10 2.00447e-06 0.000867868 0.0454208 0.287393 0.225537 0.104567 0.157317 0.0983426 0.0636074 0.01519 0.00169755 5.84624e-05 5.54015e-07 1.26123e-09 6.43699e-13 6.28397e-17 1.00328e-21 2.39386e-27 8.11048e-34
 1.48861e-41 2.06609e-33 3.4663e-26 7.02958e-20 1.72322e-14 5.10621e-10 1.82896e-06 0.000791878 0.0414438 0.26227 0.209753 0.140313 0.202146 0.0888031 0.0433991 0.00995696 0.00108358 3.79836e-05 3.54882e-07 7.08193e-10 2.67618e-13 1.78362e-17 1.98191e-22 3.41498e-28 8.50606e-35
 1.54932e-41 2.15036e-33 3.60767e-26 7.31629e-20 1.7935e-14 5.31448e-10 1.90356e-06 0.000824175 0.0431342 0.272976 0.218298 0.13408 0.178936 0.0980902 0.0460431 0.00703148 0.000567053 1.78081e-05 1.54288e-07 2.82863e-10 9.28965e-14 4.92558e-18 3.97984e-23 4.7341e-29 8.08267e-36
 1.52806e-41 2.12085e-33 3.55816e-26 7.21588e-20 1.76889e-14 5.24154e-10 1.87743e-06 0.000812864 0.0425422 0.269267 0.217732 0.147694 0.182714 0.0921658 0.04003 0.00659134 0.000439179 9.25129e-06 6.14709e-08 9.51149e-11 2.66835e-14 1.18887e-18 7.80623e-24 7.21655e-30 9.13221e-37
 1.64611e-41 2.2847e-33 3.83305e-26 7.77336e-20 1.90555e-14 5.64648e-10 2.02248e-06 0.000875663 0.045829 0.290082 0.234295 0.143401 0.162263 0.0850619 0.0331946 0.00470575 0.00028499 5.22642e-06 2.46266e-08 2.63417e-11 5.56755e-15 1.96316e-19 1.03116e-24 7.58619e-31 7.54258e-38
 1.59751e-41 2.21724e-33 3.71988e-26 7.54384e-20 1.84928e-14 5.47976e-10 1.96276e-06 0.000849808 0.0444759 0.281587 0.231261 0.1619 0.170072 0.079101 0.0270613 0.00350921 0.000178438 2.70256e-06 1.04656e-08 8.36485e-12 1.21483e-15 2.96099e-20 1.12469e-25 6.19764e-32 4.69308e-39
 1.6438e-41 2.28149e-33 3.82767e-26 7.76244e-20 1.90287e-14 5.63856e-10 2.01964e-06 0.000874434 0.0457649 0.289787 0.239006 0.161 0.1587 0.0784211 0.0237992 0.00253715 0.000106739 1.32069e-06 4.01531e-09 2.49214e-12 2.73918e-16 4.80074e-21 1.25949e-26 4.75762e-33 2.51017e-40
 1.64843e-41 2.28792e-33 3.83846e-26 7.78432e-20 1.90823e-14 5.65445e-10 2.02533e-06 0.000876899 0.0458941 0.290686 0.24281 0.170383 0.155628 0.0718483 0.0198325 0.00197066 6.81387e-05 6.52847e-07 1.53022e-09 7.21575e-13 5.93921e-17 7.74097e-22 1.49278e-27 4.06003e-34 1.50764e-41
 1.68917e-41 2.34446e-33 3.93332e-26 7.97669e-20 1.95539e-14 5.79418e-10 2.07538e-06 0.000898569 0.0470285 0.297946 0.250754 0.172528 0.147225 0.0662616 0.0159628 0.00135351 3.97706e-05 3.10591e-07 5.5153e-10 1.91726e-13 1.16027e-17 1.10799e-22 1.55833e-28 3.08251e-35 8.303e-43
 1.68087e-41 2.33294e-33 3.91399e-26 7.9375e-20 1.94578e-14 5.76571e-10 2.06518e-06 0.000894154 0.0467979 0.296618 0.253755 0.182029 0.14501 0.0609322 0.0129814 0.000957847 2.29337e-05 1.42557e-07 1.98009e-10 5.18847e-14 2.28812e-18 1.57071e-23 1.58593e-29 2.25441e-36 4.36383e-44
 1.46926e-41 2.03923e-33 3.42124e-26 6.93821e-20 1.70082e-14 5.03984e-10 1.80519e-06 0.000781585 0.0409074 0.259631 0.234766 0.214766 0.167249 0.0683048 0.0127738 0.00080314 1.57909e-05 7.76128e-08 8.23411e-11 1.62388e-14 5.32714e-19 2.6754e-24 1.94452e-30 1.9697e-37 2.70676e-45
 1.49915e-41 2.08073e-33 3.49085e-26 7.07937e-20 1.73542e-14 5.14238e-10 1.84192e-06 0.000797487 0.0417394 0.264809 0.235056 0.197168 0.166967 0.078288 0.0143294 0.000830325 1.42937e-05 5.97452e-08 5.29248e-11 8.57748e-15 2.28905e-19 9.32067e-25 5.48333e-31 4.48053e-38 4.94054e-46
 1.57141e-41 2.18101e-33 3.65909e-26 7.42057e-20 1.81907e-14 5.39022e-10 1.93069e-06 0.000835923 0.0437509 0.277515 0.243923 0.192742 0.156258 0.0702411 0.0138533 0.00086361 1.44323e-05 5.50635e-08 4.32317e-11 6.13231e-15 1.42387e-19 5.02337e-25 2.55266e-31 1.79952e-38 1.71229e-46
#spawning biomass
 16916.9 18577.8 20225.6 22535.3 26689.2 30894.9 35261 40854.8 55962.7 77999 89497.1 113134 165083 200202 183511 153671 136827 136784 136882 137004 137245 144024 153125 159655 178917 179436 172630 174132 165498 143977 138861 69531.6 36982.7 24585.4 20399 19090 18701.5 18590.4 18559.5 18551.1 18548.8 18548.2 18548 18548 18548 18548 18548 18548 18548 18548 18548 18548 18548 18548 18548 18548 18548 18548 18548 18548 18548 18548 18548 18548 18548 18548 18548 18548 18548 18548 18548 18548 18548 18548 18548 18548 18548 18548 18548 18548 18548 18548 18548 18548 18548 18548 18548 18548 18548 18548 18548 18548 18548 18548 18548 18548 18548 18548 18548 18548 18548 18548 18548 18548 18548 18548 18548 18548 18548 18548 18548 18548 18548 18548 18548 18548 18548 18548 18548 18548 18548 18548 18548 18548 18548 18548 18548 18548 18548 0 0 0 0 0 0 0 0 0 0 0 0 0 0 0 0 0 0 0 0 0 0 0 0 0
