SBPRF35
0.208074
Curr Bio
244519
B35
316098
F35
0.669143
FOFL
0.471611
OFL
50011.5
Bzero
59449.7
#pred survey bio
 12920 11116.7 10044.8 9547.99 13946.9 21276.5 28496 36136.1 51773.2 70182.7 91582.7 132332 169380 167165 181140 175229 170448 177345 176786 180949 185181 198707 224744 243930 262038 255836 252705 219538 204896 6.57373e+06 5.91378e+06 3.66093e+06 2.1264e+06 1.30032e+06 890906 691035 590559 537250 507255 489532 478697 471935 467667 464941 463185 462088 461400 460968 460696 460524 460417 460348 460306 460278 460261 460251 460244 460239 460237 460235 460234 460233 460233 460232 460232 460232 460232 460232 460232 460232 460232 460232 460232 460232 460232 460232 460232 460232 460232 460232 460232 460232 460232 460232 460232 460232 460232 460232 460232 460232 460232 460232 460232 460232 460232 460232 460232 460232 460232 460232 460232 460232 460232 460232 460232 460232 460232 460232 460232 460232 460232 460232 460232 460232 460232 460232 460232 460232 460232 460232 460232 460232 460232 460232 460232 460232 460232 460232 460232 0 0 0 0 0 0 0 0 0 0 0 0 0 0 0 0 0 0 0 0 0 0 0 0 0
#obs survey bio
 13207.6 8971.47 9204.67 11385.3 14930.2 29910.4 29825.9 43377.4 64807.3 57711.9 76526.2 126211 198222 113208 168009 155961 148857 189721 132967 138626 175609 182893 334738 203499 331770 175261 278089 229488 170858
#pred catch bio
 4220.23 3208.51 4295.7 3533.29 5266.99 10265.7 15662.3 16798 27035.5 42362.5 54397.7 85243.9 125793 109459 121091 122438 120861 130756 125855 135461 142040 145845 172420 189278 216552 210144 218874 189534 183567 50011.5 107161 61679.3 31924.2 17427.3 11199.5 8727.76 7797.89 7461 7342.24 7301.21 7287.25 7282.55 7280.99 7280.47 7280.3 7280.24 7280.22 7280.22 7280.21 7280.21 7280.21 7280.21 7280.21 7280.21 7280.21 7280.21 7280.21 7280.21 7280.21 7280.21 7280.21 7280.21 7280.21 7280.21 7280.21 7280.21 7280.21 7280.21 7280.21 7280.21 7280.21 7280.21 7280.21 7280.21 7280.21 7280.21 7280.21 7280.21 7280.21 7280.21 7280.21 7280.21 7280.21 7280.21 7280.21 7280.21 7280.21 7280.21 7280.21 7280.21 7280.21 7280.21 7280.21 7280.21 7280.21 7280.21 7280.21 7280.21 7280.21 7280.21 7280.21 7280.21 7280.21 7280.21 7280.21 7280.21 7280.21 7280.21 7280.21 7280.21 7280.21 7280.21 7280.21 7280.21 7280.21 7280.21 7280.21 7280.21 7280.21 7280.21 7280.21 7280.21 7280.21 7280.21 7280.21 7280.21 7280.21 7280.21 7280.21 0 0 0 0 0 0 0 0 0 0 0 0 0 0 0 0 0 0 0 0 0 0 0 0 0
#obs catch bio
 4343.19 3247.72 5080.56 3534.81 5212.57 10122.6 15528.6 15551.2 25193.6 40977.6 55020.3 85737.8 132444 113815 126990 129184 120949 135171 120700 134746 147674 136492 163484 173334 198105 215292 211676 174157 185535
#pred cpue bio
 12240 10623.9 9432.22 8470.27 12188.4 18676.1 24851.3 31439.1 45027.3 60714.4 77714.7 112345 146258 144523 159411 153659 147574 152977 153163 156167 157529 169207 191113 206946 222768 216445 215772 185755 173024 5.47394e+06 5.75432e+06 3.63031e+06 2.09648e+06 1.2704e+06 860985 661114 560638 507329 477334 459611 448776 442014 437746 435021 433264 432167 431479 431047 430775 430604 430496 430427 430385 430357 430340 430330 430323 430318 430316 430314 430313 430312 430312 430312 430311 430311 430311 430311 430311 430311 430311 430311 430311 430311 430311 430311 430311 430311 430311 430311 430311 430311 430311 430311 430311 430311 430311 430311 430311 430311 430311 430311 430311 430311 430311 430311 430311 430311 430311 430311 430311 430311 430311 430311 430311 430311 430311 430311 430311 430311 430311 430311 430311 430311 430311 430311 430311 430311 430311 430311 430311 430311 430311 430311 430311 430311 430311 430311 430311 0 0 0 0 0 0 0 0 0 0 0 0 0 0 0 0 0 0 0 0 0 0 0 0 0
#obs cpue bio
 8450.34 6923.85 7622.23 8887.66 11204 17939.6 24291.9 39363.9 46648.6 71101.6 73260 117741 111370 142289 150704 146190 179409 121594 259765 198150 133938 274036 162181 357828 252155 219317 279966 253808 190913
#pred surv len freq
 5.47903e-12 5.94957e-10 3.80897e-08 1.4377e-06 3.19946e-05 0.000419823 0.00324943 0.0148654 0.0406067 0.0695338 0.0896951 0.119585 0.158995 0.161299 0.122354 0.0822066 0.0535346 0.0327555 0.0193651 0.0116021 0.00728989 0.00498769 0.00366561 0.00254923 0.00140701
 5.21944e-12 5.66769e-10 3.62851e-08 1.36958e-06 3.04786e-05 0.000399923 0.00309511 0.0141527 0.0385675 0.0653075 0.0810302 0.10183 0.133431 0.143297 0.126423 0.103511 0.0768463 0.0494975 0.0287538 0.0156162 0.00825652 0.00456075 0.00276574 0.00171724 0.000910092
 7.74149e-12 8.40633e-10 5.38181e-08 2.03137e-06 4.52055e-05 0.000593133 0.00458935 0.0209603 0.056778 0.0934163 0.103654 0.103794 0.115233 0.11651 0.100401 0.0842572 0.0699173 0.0535216 0.0360443 0.0207873 0.0104785 0.00491547 0.00234926 0.00118895 0.000563811
 1.15243e-11 1.25141e-09 8.01161e-08 3.02399e-06 6.72947e-05 0.000882947 0.00683121 0.031186 0.0842953 0.137221 0.145434 0.128814 0.124468 0.111346 0.0778574 0.0488373 0.0335455 0.0251889 0.0187715 0.0125907 0.00712386 0.00336433 0.00139732 0.000558347 0.000216893
 1.14295e-11 1.24111e-09 7.94571e-08 2.99911e-06 6.67412e-05 0.000875691 0.00677531 0.0309364 0.0836969 0.136862 0.147908 0.138052 0.140326 0.126124 0.0839865 0.0458975 0.0246918 0.0137794 0.00830895 0.00541676 0.00337707 0.00178763 0.000767625 0.000274724 8.67214e-05
 1.09195e-11 1.18573e-09 7.59113e-08 2.86528e-06 6.3763e-05 0.000836618 0.00647313 0.0295598 0.0800166 0.131196 0.143426 0.137922 0.144486 0.132149 0.0899683 0.0507326 0.0271567 0.0135469 0.00634491 0.00306612 0.00161255 0.000855371 0.000395677 0.000146056 4.25305e-05
 1.11736e-11 1.21332e-09 7.76779e-08 2.93196e-06 6.52468e-05 0.000856087 0.00662374 0.0302469 0.0818667 0.134152 0.146294 0.139763 0.145295 0.131728 0.0879642 0.0479422 0.0250385 0.0124735 0.00569173 0.00239295 0.000960285 0.00039578 0.000166074 6.21041e-05 1.83202e-05
 1.10984e-11 1.20516e-09 7.71553e-08 2.91223e-06 6.48079e-05 0.00085033 0.00657928 0.0300457 0.0813482 0.133511 0.146553 0.142283 0.149824 0.13539 0.0881727 0.0453975 0.0220937 0.0104135 0.00457407 0.0018647 0.000691724 0.000234005 7.5797e-05 2.39511e-05 6.71696e-06
 1.12993e-11 1.22697e-09 7.85519e-08 2.96494e-06 6.59809e-05 0.000865718 0.00669822 0.0305861 0.0827731 0.135542 0.147373 0.139752 0.144378 0.13097 0.0881161 0.0484864 0.0249804 0.0117244 0.00488077 0.00186659 0.000655612 0.000206391 5.75676e-05 1.44777e-05 3.3278e-06
 1.15001e-11 1.24878e-09 7.99478e-08 3.01763e-06 6.71534e-05 0.000881102 0.00681724 0.0311294 0.0842408 0.137925 0.149861 0.141808 0.145867 0.130957 0.0856645 0.0447402 0.0222034 0.0106002 0.00460912 0.00178516 0.000603856 0.000178185 4.58015e-05 1.01193e-05 1.91424e-06
 1.24322e-11 1.34998e-09 8.64273e-08 3.2622e-06 7.25959e-05 0.000952505 0.0073695 0.0336465 0.0909877 0.148451 0.158884 0.144427 0.142459 0.124867 0.0790992 0.0386093 0.0174739 0.00770883 0.00318341 0.00122156 0.000421284 0.00012474 3.08745e-05 6.32002e-06 1.06226e-06
 1.22865e-11 1.33417e-09 8.54149e-08 3.22399e-06 7.17456e-05 0.000941351 0.00728326 0.0332543 0.0899482 0.146924 0.158035 0.145571 0.145425 0.12768 0.0800608 0.0379478 0.0163114 0.00671753 0.00253808 0.000889315 0.000288589 8.37292e-05 2.07332e-05 4.18503e-06 6.67873e-07
 1.11616e-11 1.21202e-09 7.75946e-08 2.92881e-06 6.51769e-05 0.000855174 0.00661684 0.0302193 0.0818463 0.134554 0.148729 0.146792 0.156345 0.140028 0.0872747 0.0402424 0.0165447 0.00650462 0.00232571 0.000755075 0.000223173 5.91463e-05 1.37692e-05 2.70263e-06 4.24568e-07
 1.09696e-11 1.19117e-09 7.62596e-08 2.87842e-06 6.40556e-05 0.000840464 0.00650312 0.0297021 0.0804742 0.13253 0.147559 0.148154 0.159986 0.143382 0.0881804 0.0391656 0.0151504 0.00561514 0.00190059 0.000580999 0.000160287 3.90467e-05 8.26239e-06 1.48804e-06 2.2041e-07
 1.00055e-11 1.08648e-09 6.95572e-08 2.62544e-06 5.84259e-05 0.000766604 0.00593185 0.0270983 0.0734935 0.121628 0.138162 0.145287 0.163371 0.149957 0.0959117 0.0465165 0.0202019 0.00794388 0.00264859 0.000766675 0.000198222 4.5041e-05 8.8037e-06 1.44807e-06 1.95432e-07
 1.03682e-11 1.12586e-09 7.20789e-08 2.72062e-06 6.0544e-05 0.000794391 0.00614671 0.0280763 0.0760978 0.125551 0.140847 0.144015 0.158459 0.144859 0.0935017 0.0466165 0.0212846 0.00899914 0.00330153 0.00103852 0.000274844 6.02909e-05 1.10392e-05 1.68043e-06 2.08124e-07
 1.10926e-11 1.20452e-09 7.71147e-08 2.9107e-06 6.47738e-05 0.000849885 0.00657591 0.0300323 0.0813378 0.133703 0.147722 0.145659 0.15514 0.139413 0.0879239 0.0418065 0.0180853 0.00752505 0.00284666 0.000956826 0.000275938 6.53749e-05 1.23769e-05 1.84475e-06 2.15315e-07
 1.12098e-11 1.21725e-09 7.79295e-08 2.94145e-06 6.54582e-05 0.000858864 0.00664539 0.0303495 0.0821957 0.135103 0.14922 0.146994 0.156267 0.139767 0.0868802 0.0398071 0.0162176 0.00633905 0.00226655 0.000737995 0.00021593 5.41239e-05 1.10556e-05 1.7612e-06 2.12064e-07
 1.08412e-11 1.17723e-09 7.53671e-08 2.84473e-06 6.33059e-05 0.000830628 0.00642705 0.0293555 0.0795476 0.131103 0.146423 0.14809 0.160921 0.144582 0.0890844 0.0397066 0.0154262 0.00571848 0.00192523 0.000584657 0.000160754 3.89754e-05 8.03737e-06 1.34216e-06 1.722e-07
 1.11801e-11 1.21403e-09 7.7723e-08 2.93366e-06 6.52848e-05 0.000856589 0.00662779 0.0302692 0.0819793 0.134756 0.148877 0.146765 0.156188 0.139963 0.0874543 0.0404928 0.0165649 0.00627801 0.00206794 0.00059634 0.000153463 3.46558e-05 6.72784e-06 1.08997e-06 1.40967e-07
 1.19494e-11 1.29756e-09 8.30711e-08 3.13552e-06 6.97769e-05 0.000915525 0.00708359 0.0323461 0.0875398 0.143376 0.156004 0.14803 0.151926 0.133667 0.0816898 0.036044 0.0138255 0.0050966 0.00171156 0.000507178 0.000129998 2.81482e-05 5.11929e-06 7.73807e-07 9.47405e-08
 1.17829e-11 1.27949e-09 8.1914e-08 3.09185e-06 6.8805e-05 0.000902774 0.00698502 0.0318978 0.0863511 0.141628 0.155018 0.149289 0.155201 0.136652 0.0824361 0.0349844 0.0124928 0.00425844 0.00133414 0.000376335 9.53953e-05 2.08764e-05 3.7826e-06 5.51826e-07 6.37017e-08
 1.19387e-11 1.2964e-09 8.29969e-08 3.13272e-06 6.97146e-05 0.000914707 0.00707728 0.0323175 0.087465 0.143276 0.155996 0.148266 0.152402 0.134141 0.0819225 0.0359815 0.0135293 0.00471984 0.00143253 0.000376267 8.82166e-05 1.82264e-05 3.21779e-06 4.66808e-07 5.33079e-08
 1.20011e-11 1.30318e-09 8.34306e-08 3.14909e-06 7.00789e-05 0.000919487 0.00711426 0.0324865 0.0879237 0.144038 0.156873 0.149191 0.1533 0.134426 0.0810371 0.0344071 0.0122943 0.00417964 0.00128965 0.000347758 8.09111e-05 1.58631e-05 2.60552e-06 3.55887e-07 3.92585e-08
 1.18545e-11 1.28726e-09 8.24116e-08 3.11063e-06 6.9223e-05 0.000908258 0.00702743 0.0320911 0.0868695 0.142438 0.155718 0.149511 0.154975 0.136225 0.0819626 0.0345227 0.0121082 0.00399311 0.00118269 0.000307172 7.06969e-05 1.39811e-05 2.28353e-06 2.99888e-07 3.11359e-08
 1.205e-11 1.30849e-09 8.37708e-08 3.16193e-06 7.03646e-05 0.000923236 0.00714329 0.0326194 0.0882886 0.144677 0.157756 0.150457 0.154847 0.135274 0.0802691 0.0325477 0.0106318 0.00327071 0.0009272 0.000232184 5.12996e-05 9.77048e-06 1.56243e-06 2.03901e-07 2.09304e-08
 1.15007e-11 1.24884e-09 7.99518e-08 3.01778e-06 6.71569e-05 0.000881152 0.00681784 0.0311371 0.0843292 0.138613 0.153103 0.150755 0.159723 0.140992 0.0838964 0.0340581 0.0110961 0.00335262 0.000908415 0.000212546 4.39642e-05 7.95513e-06 1.2179e-06 1.53129e-07 1.53241e-08
 1.19844e-11 1.30136e-09 8.33142e-08 3.1447e-06 6.99811e-05 0.000918206 0.0071044 0.0324426 0.0878216 0.144004 0.157445 0.151169 0.156465 0.136663 0.0804621 0.0318204 0.00984301 0.00281846 0.000740775 0.000169385 3.37195e-05 5.75001e-06 8.22758e-07 9.73935e-08 9.28408e-09
 1.20836e-11 1.31213e-09 8.40038e-08 3.17073e-06 7.05604e-05 0.000925805 0.00716317 0.0327104 0.088538 0.14511 0.158341 0.15127 0.155826 0.135808 0.0797824 0.0313657 0.00956142 0.00266863 0.000675318 0.000146785 2.7818e-05 4.56493e-06 6.27375e-07 7.03614e-08 6.29445e-09
#obs surv len freq
 8.74171e-12 9.49247e-10 6.07716e-08 2.29383e-06 5.1046e-05 0.000669751 0.00518163 0.0236526 0.0638951 0.103721 0.108706 0.0943336 0.0946673 0.102851 0.104818 0.0976482 0.0792381 0.0556832 0.0345763 0.0186027 0.00819259 0.00274501 0.000651669 0.000103669 1.06364e-05
 1.24406e-12 1.3509e-10 8.6486e-09 3.26448e-07 7.26532e-06 9.53688e-05 0.000739542 0.003415 0.00975601 0.0200641 0.0406165 0.0848789 0.139184 0.163728 0.154537 0.132438 0.103149 0.0709332 0.0426122 0.0216565 0.00881551 0.0026971 0.000583249 8.47259e-05 7.96182e-06
 1.54338e-11 1.67593e-09 1.07294e-07 4.04982e-06 9.01226e-05 0.00118242 0.00914645 0.0417154 0.112203 0.178192 0.168238 0.0989191 0.0500609 0.0504687 0.0728136 0.0799411 0.0626292 0.0387325 0.0208975 0.00979902 0.00369648 0.00103781 0.000204252 2.69288e-05 2.29891e-06
 1.38328e-11 1.50207e-09 9.61641e-08 3.62972e-06 8.07747e-05 0.00105982 0.00819976 0.0374349 0.101177 0.164439 0.172191 0.144797 0.126919 0.101561 0.0605014 0.031416 0.0206891 0.0149721 0.00880978 0.00396522 0.00136521 0.000348002 6.22423e-05 7.44887e-06 5.76563e-07
 1.11307e-11 1.20867e-09 7.73798e-08 2.92071e-06 6.49968e-05 0.000852814 0.0065986 0.0301339 0.0815509 0.133311 0.142901 0.128773 0.127337 0.123594 0.101383 0.067797 0.0347275 0.0136291 0.004854 0.00176816 0.000563806 0.000133104 2.16627e-05 2.34485e-06 1.64172e-07
 1.24834e-11 1.35555e-09 8.67837e-08 3.27566e-06 7.28956e-05 0.000956442 0.00739999 0.0337837 0.0912921 0.148144 0.153776 0.126223 0.112234 0.106755 0.0921192 0.067047 0.0379061 0.0157972 0.00492951 0.00123438 0.000268441 5.00299e-05 7.1225e-06 6.9657e-07 4.42162e-08
 1.21762e-11 1.32219e-09 8.46479e-08 3.19505e-06 7.1102e-05 0.000932924 0.00721859 0.0329663 0.0892109 0.145637 0.154574 0.133822 0.123504 0.112798 0.0887203 0.0592192 0.0321737 0.0135275 0.00434184 0.00105638 0.000192983 2.66102e-05 2.78762e-06 2.15887e-07 1.16489e-08
 1.16987e-11 1.27035e-09 8.13287e-08 3.06976e-06 6.83141e-05 0.000896355 0.00693594 0.0316812 0.0857926 0.140412 0.15024 0.132384 0.124801 0.116983 0.0948074 0.0635824 0.0332613 0.0131021 0.00394638 0.000918947 0.000160868 2.02937e-05 1.7921e-06 1.09326e-07 4.56929e-09
 1.22915e-11 1.33472e-09 8.54496e-08 3.22531e-06 7.17757e-05 0.000941777 0.00728747 0.0332869 0.0901287 0.147336 0.156585 0.1348 0.122941 0.11305 0.0904328 0.059101 0.029496 0.0108264 0.00297267 0.000625898 0.000100002 1.16595e-05 9.50223e-07 5.22883e-08 1.89684e-09
 1.17146e-11 1.27207e-09 8.14391e-08 3.07394e-06 6.84075e-05 0.000897608 0.00694645 0.0317435 0.0861052 0.141747 0.154255 0.139767 0.13257 0.120654 0.0922414 0.0563561 0.0257775 0.00844195 0.00200887 0.000361763 4.98979e-05 5.1183e-06 3.73363e-07 1.86034e-08 6.13393e-10
 1.2705e-11 1.37962e-09 8.83242e-08 3.33382e-06 7.41907e-05 0.000973485 0.00753333 0.0344177 0.0932543 0.152699 0.162586 0.139081 0.124191 0.111817 0.0869054 0.0533125 0.0238223 0.00741359 0.00162264 0.000258664 3.06251e-05 2.66612e-06 1.66089e-07 7.17378e-09 2.08329e-10
 1.12241e-11 1.21881e-09 7.80294e-08 2.94525e-06 6.55445e-05 0.000860085 0.00665735 0.0304444 0.0827985 0.137538 0.153578 0.145246 0.140339 0.125203 0.0919713 0.0533559 0.0230509 0.0070803 0.00153939 0.000239821 2.67583e-05 2.10637e-06 1.14883e-07 4.26918e-09 1.06277e-10
 1.10253e-11 1.19722e-09 7.66473e-08 2.89308e-06 6.43839e-05 0.000844865 0.00653979 0.0299096 0.0813572 0.135116 0.15046 0.141446 0.137977 0.128305 0.0987696 0.0576583 0.0236152 0.00652151 0.0012298 0.000165288 1.63215e-05 1.1717e-06 5.89125e-08 2.00012e-09 4.46964e-11
 8.90607e-12 9.67096e-10 6.19146e-08 2.33701e-06 5.20103e-05 0.000682577 0.00528602 0.0242187 0.0663248 0.112879 0.135289 0.145135 0.155636 0.14688 0.110762 0.0630524 0.0253757 0.00694505 0.00129477 0.000167777 1.53016e-05 9.78425e-07 4.32831e-08 1.30246e-09 2.61404e-11
 8.54703e-12 9.28108e-10 5.94186e-08 2.2428e-06 4.9914e-05 0.000655073 0.00507315 0.0232433 0.0636302 0.108031 0.128376 0.136612 0.150401 0.151751 0.122347 0.0718254 0.0287526 0.00767404 0.00138573 0.000173789 1.53059e-05 9.35482e-07 3.87966e-08 1.06946e-09 1.92913e-11
 1.0064e-11 1.09283e-09 6.99642e-08 2.64085e-06 5.87724e-05 0.000771315 0.00597269 0.0273498 0.0746881 0.125498 0.143825 0.14142 0.143142 0.136586 0.106308 0.0613907 0.0247295 0.00679548 0.00128018 0.000166441 1.48448e-05 8.94582e-07 3.58441e-08 9.41526e-10 1.60036e-11
 1.00976e-11 1.09649e-09 7.01985e-08 2.64971e-06 5.89711e-05 0.000773987 0.00599514 0.0274797 0.0752881 0.127773 0.14998 0.151573 0.151345 0.135618 0.0971248 0.0516844 0.0193272 0.00496778 0.000886421 0.000111367 9.79574e-06 5.8843e-07 2.34561e-08 6.0637e-10 1.00026e-11
 9.7856e-12 1.0626e-09 6.80294e-08 2.56785e-06 5.71504e-05 0.00075014 0.00581162 0.0266553 0.0731639 0.124783 0.148062 0.151965 0.153894 0.139338 0.0996437 0.0518932 0.0186202 0.00451567 0.000749386 8.68543e-05 7.06516e-06 3.97049e-07 1.50225e-08 3.73037e-10 5.95153e-12
 9.73575e-12 1.05719e-09 6.7683e-08 2.5548e-06 5.68611e-05 0.000746395 0.00578382 0.026544 0.0729792 0.124961 0.14927 0.153841 0.155086 0.139047 0.0981824 0.0504535 0.0179259 0.00432268 0.00071123 8.05009e-05 6.2494e-06 3.28358e-07 1.14845e-08 2.63114e-10 3.88941e-12
 1.01098e-11 1.09781e-09 7.02833e-08 2.65297e-06 5.90472e-05 0.000775131 0.0060073 0.0275784 0.0758668 0.129931 0.154608 0.156998 0.154622 0.135151 0.0925793 0.0458708 0.0156687 0.00363549 0.000577432 6.33024e-05 4.75984e-06 2.40915e-07 8.03404e-09 1.73362e-10 2.38716e-12
 1.03427e-11 1.1231e-09 7.1903e-08 2.71413e-06 6.04103e-05 0.000793094 0.00614803 0.0282433 0.0778258 0.133751 0.159805 0.161604 0.155818 0.13165 0.0865354 0.0409767 0.0133474 0.00294618 0.000443847 4.60533e-05 3.27757e-06 1.57265e-07 4.97853e-09 1.01951e-10 1.32901e-12
 1.01142e-11 1.09829e-09 7.03152e-08 2.65424e-06 5.908e-05 0.000775739 0.00601599 0.0276694 0.0764913 0.132526 0.160863 0.165375 0.159518 0.132457 0.0845852 0.0386279 0.01208 0.00254982 0.000365372 3.58234e-05 2.39498e-06 1.07548e-07 3.1817e-09 6.0895e-11 7.42528e-13
 1.0497e-11 1.13986e-09 7.29769e-08 2.75474e-06 6.13185e-05 0.000805179 0.00624509 0.0287289 0.0794212 0.137363 0.165365 0.166833 0.157564 0.128506 0.0802909 0.0355868 0.0107285 0.00217184 0.000296866 2.75903e-05 1.73721e-06 7.30609e-08 2.01555e-09 3.58622e-11 4.05745e-13
 1.07218e-11 1.16428e-09 7.45404e-08 2.81381e-06 6.26368e-05 0.000822612 0.00638284 0.0293927 0.0814562 0.141588 0.171499 0.17239 0.158627 0.123719 0.0731447 0.0304806 0.00859208 0.00161636 0.000204191 1.74992e-05 1.01755e-06 3.96385e-08 1.01487e-09 1.67625e-11 1.75878e-13
 9.79003e-12 1.0631e-09 6.80637e-08 2.56943e-06 5.72038e-05 0.000751522 0.00583699 0.0269532 0.0752564 0.133296 0.167728 0.17681 0.166956 0.129918 0.0754914 0.0307393 0.00845139 0.00154687 0.000188747 1.54204e-05 8.41751e-07 3.03995e-08 7.1649e-10 1.08686e-11 1.04773e-13
 8.71634e-12 9.46513e-10 6.06006e-08 2.28783e-06 5.09427e-05 0.000669562 0.00520675 0.0241226 0.0679452 0.12296 0.161489 0.179944 0.176859 0.139431 0.0800281 0.0314841 0.00822152 0.00141282 0.000160865 1.22486e-05 6.24022e-07 2.10487e-08 4.62455e-10 6.51171e-12 5.79816e-14
 9.8614e-12 1.07086e-09 6.85615e-08 2.58835e-06 5.76315e-05 0.000757341 0.00588553 0.0272069 0.0760869 0.1349 0.16935 0.177792 0.168003 0.130132 0.073398 0.0280854 0.00705541 0.00115454 0.000123868 8.7948e-06 4.14421e-07 1.28754e-08 2.60404e-10 3.3798e-12 2.77823e-14
 9.96867e-12 1.08251e-09 6.93098e-08 2.61677e-06 5.82746e-05 0.000766138 0.00596076 0.0276334 0.0777951 0.139761 0.178326 0.186454 0.16832 0.121491 0.0638829 0.0230555 0.00552836 0.00086985 8.98156e-05 6.10388e-06 2.7261e-07 7.93988e-09 1.49125e-10 1.78532e-12 1.34828e-14
 9.48847e-12 1.03038e-09 6.59739e-08 2.49101e-06 5.54845e-05 0.000729798 0.00568453 0.0264253 0.0748676 0.136318 0.177932 0.190566 0.173651 0.123798 0.0629097 0.0215011 0.00479684 0.000692308 6.49823e-05 4.00771e-06 1.63281e-07 4.37416e-09 7.60745e-11 8.45848e-13 5.92944e-15
#pred catch len freq
 3.94115e-12 4.27962e-10 2.73985e-08 1.03416e-06 2.30145e-05 0.000302007 0.00233824 0.0107133 0.0294893 0.0522872 0.0753825 0.116843 0.167014 0.172882 0.132324 0.0896805 0.0587409 0.0360166 0.0213035 0.0127646 0.00802038 0.00548749 0.00403293 0.00280468 0.00154801
 3.648e-12 3.96129e-10 2.53606e-08 9.5724e-07 2.13025e-05 0.000279535 0.00216399 0.00990892 0.0271927 0.0475659 0.0658415 0.0974685 0.139198 0.153336 0.136834 0.112973 0.0842138 0.0543117 0.0315598 0.0171412 0.00906292 0.00500621 0.00303587 0.00188497 0.000998982
 6.07424e-12 6.5959e-10 4.22276e-08 1.59388e-06 3.547e-05 0.000465406 0.00360146 0.0164578 0.0447092 0.0745873 0.0875095 0.0990643 0.121069 0.126502 0.110356 0.0933442 0.0777448 0.0595742 0.0401283 0.0231434 0.0116662 0.00547264 0.00261556 0.00132372 0.00062772
 9.35172e-12 1.01549e-09 6.50123e-08 2.45389e-06 5.46082e-05 0.000716506 0.00554397 0.0253208 0.068597 0.112918 0.125504 0.125728 0.136917 0.128155 0.09088 0.0575506 0.0397948 0.02995 0.022329 0.0149776 0.00847443 0.00400216 0.00166223 0.000664202 0.000258013
 9.32394e-12 1.01247e-09 6.48192e-08 2.4466e-06 5.44461e-05 0.000714386 0.00552782 0.0252532 0.0684981 0.113431 0.129181 0.136709 0.155088 0.144904 0.0976266 0.0538002 0.0291522 0.0163225 0.00985066 0.00642265 0.00400425 0.00211962 0.000910186 0.000325745 0.000102827
 9.30688e-12 1.01062e-09 6.47006e-08 2.44213e-06 5.43465e-05 0.000713078 0.00551772 0.0252072 0.0683758 0.113249 0.129072 0.136868 0.155791 0.146676 0.100792 0.057246 0.0308236 0.0154169 0.00722607 0.00349245 0.00183681 0.000974333 0.000450706 0.000166369 4.84455e-05
 9.90538e-12 1.07561e-09 6.88613e-08 2.59917e-06 5.78413e-05 0.00075893 0.00587236 0.0268239 0.0727135 0.12005 0.135065 0.139099 0.154439 0.143336 0.0964489 0.0528962 0.0277786 0.0138744 0.00633552 0.00266399 0.00106908 0.000440622 0.000184891 6.91405e-05 2.03958e-05
 9.4103e-12 1.02185e-09 6.54196e-08 2.46927e-06 5.49505e-05 0.000721005 0.00557914 0.0254897 0.0691682 0.114771 0.131752 0.141803 0.162626 0.151309 0.0994166 0.0515395 0.0252491 0.0119414 0.00525042 0.00214086 0.000794192 0.00026867 8.70257e-05 2.74993e-05 7.71202e-06
 9.88526e-12 1.07342e-09 6.87214e-08 2.59389e-06 5.77238e-05 0.000757389 0.00586044 0.0267695 0.0725674 0.11982 0.134856 0.139023 0.154605 0.143986 0.0976965 0.0541147 0.0280366 0.0131935 0.00549654 0.00210244 0.000738476 0.000232479 6.48441e-05 1.63077e-05 3.74843e-06
 1.05432e-11 1.14486e-09 7.32951e-08 2.76653e-06 6.15655e-05 0.000807791 0.00625028 0.0285467 0.0773355 0.127295 0.141439 0.141446 0.152987 0.139884 0.0920635 0.0483404 0.0241146 0.0115427 0.00502269 0.00194563 0.000658156 0.000194209 4.99203e-05 1.10293e-05 2.08638e-06
 1.14353e-11 1.24173e-09 7.94969e-08 3.00061e-06 6.67747e-05 0.000876135 0.00677889 0.0309561 0.0837966 0.137397 0.150203 0.144308 0.150276 0.134461 0.0857234 0.0420578 0.0191391 0.00846991 0.00350114 0.00134375 0.000463442 0.000137223 3.39643e-05 6.9525e-06 1.16857e-06
 1.15965e-11 1.25924e-09 8.06176e-08 3.04291e-06 6.7716e-05 0.000888485 0.00687442 0.031392 0.0849707 0.139276 0.152043 0.145537 0.150913 0.134385 0.0846568 0.0402972 0.0174072 0.00719057 0.00271959 0.000953131 0.000309311 8.97419e-05 2.22221e-05 4.48557e-06 7.15834e-07
 1.1137e-11 1.20934e-09 7.74234e-08 2.92235e-06 6.50331e-05 0.000853287 0.00660225 0.0301528 0.0816679 0.134274 0.148484 0.146704 0.156409 0.140177 0.0874709 0.0404437 0.0166916 0.00657925 0.00235453 0.000764596 0.000225996 5.98949e-05 1.39435e-05 2.73684e-06 4.29942e-07
 1.03441e-11 1.12324e-09 7.1911e-08 2.71428e-06 6.0403e-05 0.000792543 0.00613252 0.028014 0.0759634 0.125606 0.142171 0.148244 0.165148 0.149594 0.0923209 0.0411499 0.0159952 0.00594905 0.00201628 0.000616564 0.000170109 4.14399e-05 8.76881e-06 1.57925e-06 2.3392e-07
 9.46382e-12 1.02766e-09 6.57916e-08 2.48331e-06 5.5263e-05 0.000725108 0.00561094 0.0256364 0.0695858 0.115619 0.133433 0.145189 0.167573 0.155161 0.0995746 0.0484848 0.0211531 0.00834051 0.00278346 0.000805909 0.000208377 4.7349e-05 9.25486e-06 1.52228e-06 2.05448e-07
 1.00236e-11 1.08844e-09 6.96831e-08 2.63019e-06 5.85316e-05 0.000767989 0.00594253 0.0271461 0.0736108 0.121722 0.137809 0.143871 0.161006 0.148078 0.0958467 0.0479656 0.0219933 0.00932083 0.00342217 0.00107666 0.000284948 6.2508e-05 1.14452e-05 1.74223e-06 2.15778e-07
 1.08239e-11 1.17535e-09 7.52471e-08 2.8402e-06 6.32051e-05 0.000829304 0.00641675 0.0293072 0.0793994 0.13072 0.145364 0.145577 0.157171 0.14195 0.0897358 0.0428123 0.0185991 0.00775903 0.00293772 0.000987623 0.00028483 6.7482e-05 1.27759e-05 1.90421e-06 2.22255e-07
 1.11461e-11 1.21033e-09 7.74867e-08 2.92474e-06 6.50863e-05 0.000853985 0.00660765 0.0301775 0.0817356 0.134391 0.14864 0.146916 0.15666 0.140309 0.0873328 0.0401257 0.0164116 0.00643189 0.00230192 0.000749677 0.000219357 5.49834e-05 1.12312e-05 1.78917e-06 2.15432e-07
 1.05969e-11 1.1507e-09 7.36689e-08 2.78064e-06 6.18795e-05 0.000811914 0.00628233 0.0286963 0.0777856 0.128395 0.1443 0.148072 0.162857 0.146954 0.0907222 0.040554 0.0158216 0.00588284 0.00198283 0.000602318 0.000165619 4.01553e-05 8.28071e-06 1.3828e-06 1.77414e-07
 1.11996e-11 1.21615e-09 7.78589e-08 2.93879e-06 6.53989e-05 0.000858087 0.00663937 0.0303219 0.0821193 0.134965 0.149012 0.146669 0.155885 0.139674 0.0873617 0.0405587 0.016654 0.00632738 0.00208608 0.000601709 0.000154852 3.497e-05 6.78884e-06 1.09985e-06 1.42245e-07
 1.21075e-11 1.31473e-09 8.41702e-08 3.17701e-06 7.07001e-05 0.000927636 0.00717726 0.0327727 0.0886789 0.145119 0.15733 0.14791 0.150473 0.131997 0.0806806 0.0356752 0.0137329 0.00507595 0.00170635 0.00050576 0.000129641 2.80711e-05 5.10529e-06 7.7169e-07 9.44814e-08
 1.17008e-11 1.27056e-09 8.13426e-08 3.07028e-06 6.83251e-05 0.000896478 0.00693632 0.031676 0.0857581 0.140715 0.154295 0.14926 0.155816 0.137427 0.0829982 0.0353036 0.0126553 0.00432765 0.00135763 0.000383096 9.71158e-05 2.12532e-05 3.85088e-06 5.61787e-07 6.48516e-08
 1.20984e-11 1.31374e-09 8.41067e-08 3.17461e-06 7.06468e-05 0.000926936 0.00717185 0.0327482 0.0886152 0.145035 0.157335 0.148145 0.150934 0.132454 0.0809029 0.0356088 0.0134362 0.00469978 0.00142796 0.000375174 8.79659e-05 1.81748e-05 3.2087e-06 4.6549e-07 5.31574e-08
 1.22276e-11 1.32777e-09 8.50053e-08 3.20853e-06 7.14016e-05 0.00093684 0.00724846 0.0330977 0.089556 0.146536 0.158781 0.14904 0.15125 0.132054 0.0795821 0.0338495 0.0121359 0.00413747 0.00127815 0.000344764 8.02196e-05 1.57277e-05 2.5833e-06 3.52851e-07 3.89237e-08
 1.24785e-11 1.35502e-09 8.67494e-08 3.27436e-06 7.28665e-05 0.000956059 0.00739709 0.0337748 0.0913668 0.149327 0.161008 0.149189 0.14947 0.129785 0.0779126 0.0328525 0.0115544 0.00381973 0.00113253 0.000294231 6.77226e-05 1.3393e-05 2.18749e-06 2.87276e-07 2.98265e-08
 1.26295e-11 1.37141e-09 8.77989e-08 3.31397e-06 7.3748e-05 0.000967625 0.00748656 0.0341828 0.0924644 0.15107 0.162652 0.150114 0.149668 0.129248 0.0765264 0.0310582 0.0101726 0.00313792 0.0008907 0.000223127 4.93022e-05 9.3902e-06 1.50162e-06 1.95965e-07 2.01159e-08
 1.24679e-11 1.35386e-09 8.66755e-08 3.27157e-06 7.28044e-05 0.000955245 0.00739082 0.0337468 0.0912997 0.149287 0.161287 0.150211 0.151121 0.130961 0.0776322 0.0315274 0.0102942 0.00311735 0.000845591 0.000197911 4.09402e-05 7.40806e-06 1.13415e-06 1.42599e-07 1.42703e-08
 1.29077e-11 1.40163e-09 8.97334e-08 3.38699e-06 7.53729e-05 0.000988943 0.00765143 0.0349341 0.094476 0.154191 0.165241 0.150602 0.148182 0.127039 0.0745021 0.0294704 0.00913545 0.00262221 0.000690071 0.000157853 3.14266e-05 5.35911e-06 7.66827e-07 9.07727e-08 8.65296e-09
 1.32769e-11 1.44171e-09 9.22996e-08 3.48385e-06 7.75284e-05 0.00101722 0.00787012 0.0359303 0.0971377 0.158276 0.168415 0.150535 0.145115 0.123366 0.0720786 0.028331 0.00865164 0.0024199 0.000613086 0.000133308 2.52661e-05 4.14625e-06 5.69836e-07 6.39083e-08 5.71717e-09
#obs catch len freq
 5.57072e-12 6.04915e-10 3.87272e-08 1.46176e-06 3.25297e-05 0.000426823 0.00330277 0.01509 0.0409544 0.0680204 0.0785398 0.086875 0.108273 0.123836 0.123489 0.112686 0.0915449 0.0654415 0.0419713 0.0236775 0.010948 0.00380265 0.000922624 0.000148675 1.53882e-05
 6.01423e-12 6.53074e-10 4.18104e-08 1.57814e-06 3.51195e-05 0.000460802 0.00356562 0.0162887 0.044171 0.0730273 0.0826008 0.0870065 0.10476 0.120887 0.124166 0.114885 0.0922384 0.0640569 0.0391265 0.0205215 0.00870516 0.00277488 0.000620389 9.22742e-05 8.80813e-06
 5.89429e-13 6.40052e-11 4.0977e-09 1.54675e-07 3.4429e-06 4.52255e-05 0.000351918 0.00165217 0.00507335 0.0130236 0.0355131 0.0854093 0.144111 0.169681 0.159703 0.135965 0.104788 0.0710937 0.0418918 0.0206934 0.00809648 0.00235418 0.000479207 6.50585e-05 5.68549e-06
 8.2377e-12 8.94517e-10 5.72677e-08 2.16157e-06 4.81026e-05 0.000631117 0.00488212 0.0222708 0.0599585 0.095677 0.092676 0.0629719 0.0547007 0.0875853 0.133939 0.144847 0.11155 0.0679983 0.0360157 0.0163988 0.00593426 0.0015811 0.000292709 3.60568e-05 2.86205e-06
 1.04104e-11 1.13044e-09 7.2372e-08 2.73169e-06 6.07908e-05 0.000797651 0.00617268 0.0282083 0.0765911 0.12709 0.144271 0.147114 0.154259 0.131059 0.0787998 0.0412771 0.0272058 0.0192658 0.0110052 0.00478652 0.00157903 0.000381725 6.41831e-05 7.17428e-06 5.16265e-07
 1.04627e-11 1.13613e-09 7.27359e-08 2.74543e-06 6.10963e-05 0.000801649 0.00620315 0.0283366 0.0767879 0.126213 0.13798 0.129915 0.133146 0.130004 0.105751 0.0694836 0.0348242 0.0134404 0.00472829 0.00167702 0.000511328 0.000114235 1.74658e-05 1.76553e-06 1.14915e-07
 1.21505e-11 1.3194e-09 8.44692e-08 3.1883e-06 7.09516e-05 0.000930945 0.00720302 0.03289 0.0889394 0.144723 0.151676 0.127365 0.115665 0.110324 0.0943959 0.0674938 0.0372384 0.0151032 0.00458272 0.00111475 0.000233898 4.1475e-05 5.55008e-06 5.06646e-07 2.98926e-08
 1.17101e-11 1.27158e-09 8.14079e-08 3.07275e-06 6.83807e-05 0.000897233 0.00694286 0.0317155 0.0859181 0.140847 0.151617 0.135332 0.127994 0.117159 0.0913864 0.0600224 0.0318684 0.0130369 0.00405188 0.000949335 0.000166159 2.18233e-05 2.1594e-06 1.5653e-07 7.85283e-09
 1.15537e-11 1.2546e-09 8.03206e-08 3.03172e-06 6.74676e-05 0.00088526 0.00685045 0.0312972 0.0848183 0.139198 0.150156 0.134224 0.127384 0.118759 0.0951228 0.0625734 0.0319194 0.0122257 0.00356633 0.000798788 0.000133509 1.59803e-05 1.33166e-06 7.62291e-08 2.97194e-09
 1.23461e-11 1.34064e-09 8.5829e-08 3.23963e-06 7.20946e-05 0.000945973 0.00732025 0.0334417 0.090595 0.148337 0.158261 0.136783 0.124223 0.113035 0.0891484 0.057029 0.0276974 0.00986598 0.0026203 0.000530453 8.08856e-05 8.93791e-06 6.86362e-07 3.54206e-08 1.20023e-09
 1.18195e-11 1.28346e-09 8.21684e-08 3.10147e-06 6.90205e-05 0.000905664 0.00700916 0.0320359 0.0869493 0.143376 0.156541 0.141969 0.13351 0.119921 0.0902304 0.0538688 0.0239298 0.00759055 0.00174519 0.000302111 3.97689e-05 3.86546e-06 2.65579e-07 1.24028e-08 3.81825e-10
 1.28276e-11 1.39293e-09 8.91767e-08 3.366e-06 7.49072e-05 0.000982898 0.00760654 0.0347577 0.0942225 0.154497 0.164935 0.141168 0.125015 0.111042 0.0847878 0.0507081 0.0219603 0.0066055 0.00139384 0.00021324 2.40807e-05 1.98678e-06 1.16607e-07 4.72072e-09 1.27964e-10
 1.14299e-11 1.24115e-09 7.94596e-08 2.99924e-06 6.67463e-05 0.000875871 0.00677998 0.0310115 0.0843905 0.140367 0.156915 0.147636 0.140532 0.123311 0.0889448 0.0503241 0.0210691 0.00624847 0.001307 0.000194917 2.07026e-05 1.54316e-06 7.93072e-08 2.76423e-09 6.42735e-11
 1.12419e-11 1.22074e-09 7.81529e-08 2.94992e-06 6.56491e-05 0.000861486 0.0066689 0.0305066 0.0830296 0.13807 0.153914 0.143994 0.138486 0.126603 0.0954014 0.0541011 0.0214128 0.00570157 0.00103452 0.000133206 1.25195e-05 8.49944e-07 4.02137e-08 1.27988e-09 2.67265e-11
 9.12089e-12 9.90422e-10 6.3408e-08 2.39339e-06 5.32656e-05 0.000699076 0.00541441 0.0248153 0.0680195 0.115968 0.139096 0.14813 0.156354 0.145005 0.107005 0.0591552 0.0229921 0.00605909 0.00108444 0.000134317 1.1647e-05 7.04408e-07 2.93314e-08 8.27154e-10 1.55003e-11
 8.76051e-12 9.5129e-10 6.09027e-08 2.29883e-06 5.11615e-05 0.000671471 0.00520076 0.0238361 0.0653115 0.111086 0.132168 0.139863 0.151844 0.150453 0.118323 0.0672596 0.025961 0.00666556 0.00115449 0.000138228 1.15572e-05 6.67163e-07 2.60248e-08 6.72384e-10 1.13317e-11
 1.03134e-11 1.11992e-09 7.16983e-08 2.70631e-06 6.023e-05 0.00079047 0.00612165 0.02804 0.0766279 0.128928 0.14781 0.144381 0.143888 0.134676 0.102234 0.0571763 0.022202 0.0058618 0.00105677 0.00013083 1.10562e-05 6.28558e-07 2.36692e-08 5.82323e-10 9.24367e-12
 1.03403e-11 1.12284e-09 7.18855e-08 2.7134e-06 6.03895e-05 0.00079264 0.00614043 0.028156 0.0772084 0.131231 0.154057 0.154458 0.1516 0.133106 0.0929465 0.0478957 0.0172608 0.00426209 0.000727647 8.69816e-05 7.23695e-06 4.09252e-07 1.53032e-08 3.70064e-10 5.69696e-12
 1.00197e-11 1.08803e-09 6.9657e-08 2.62931e-06 5.85192e-05 0.000768148 0.00595206 0.0273109 0.0750373 0.128197 0.152175 0.155024 0.154374 0.136832 0.0952317 0.0479427 0.0165566 0.0038532 0.00061138 6.73907e-05 5.18278e-06 2.73939e-07 9.70848e-09 2.25119e-10 3.34597e-12
 9.98084e-12 1.08381e-09 6.93871e-08 2.61914e-06 5.82944e-05 0.000765258 0.00593101 0.0272318 0.0749465 0.12854 0.153542 0.156946 0.155458 0.136327 0.0936019 0.0464638 0.0158748 0.0036684 0.00057599 6.18948e-05 4.53818e-06 2.24176e-07 7.34253e-09 1.57005e-10 2.16019e-12
 1.03639e-11 1.1254e-09 7.20504e-08 2.71969e-06 6.05337e-05 0.000794699 0.0061601 0.028293 0.0779115 0.133638 0.158969 0.160028 0.15473 0.132113 0.0878909 0.0420302 0.0137966 0.00306544 0.000464194 4.82512e-05 3.42164e-06 1.62607e-07 5.0738e-09 1.0215e-10 1.30918e-12
 1.05963e-11 1.15064e-09 7.36666e-08 2.78073e-06 6.18944e-05 0.000812642 0.00630089 0.0289603 0.0798871 0.137507 0.164206 0.164537 0.155634 0.12832 0.0818429 0.0373761 0.0116905 0.00246903 0.000354322 3.48287e-05 2.33542e-06 1.05101e-07 3.10963e-09 5.9352e-11 7.19539e-13
 1.0368e-11 1.12586e-09 7.20802e-08 2.7209e-06 6.0566e-05 0.000795327 0.00616942 0.0283916 0.0785811 0.136365 0.165385 0.16835 0.159186 0.128866 0.0797689 0.0351021 0.010532 0.00212508 0.000289784 2.68921e-05 1.6926e-06 7.12363e-08 1.96819e-09 3.50819e-11 3.97502e-13
 1.07724e-11 1.16976e-09 7.48915e-08 2.82705e-06 6.29306e-05 0.000826431 0.00641151 0.0295111 0.0816727 0.141441 0.170032 0.169717 0.156932 0.124577 0.0753359 0.0321393 0.00928762 0.00179559 0.000233338 2.05065e-05 1.21457e-06 4.78413e-08 1.2319e-09 2.04031e-11 2.14405e-13
 1.09799e-11 1.1923e-09 7.63351e-08 2.88161e-06 6.41493e-05 0.000842577 0.00653966 0.0301344 0.0836147 0.145555 0.176076 0.175107 0.157702 0.119629 0.0684048 0.0274199 0.00740478 0.00132976 0.00015965 1.29322e-05 7.06886e-07 2.57686e-08 6.15304e-10 9.45387e-12 9.20858e-14
 1.0059e-11 1.09231e-09 6.99347e-08 2.64013e-06 5.87817e-05 0.000772374 0.00600116 0.0277331 0.0775419 0.137532 0.172647 0.179718 0.165881 0.125437 0.0704346 0.0275645 0.00725295 0.00126565 0.000146582 1.13093e-05 5.80112e-07 1.9604e-08 4.30874e-10 6.07824e-12 5.43696e-14
 8.98249e-12 9.75421e-10 6.24523e-08 2.35782e-06 5.25057e-05 0.000690249 0.00537013 0.0249035 0.0702595 0.127331 0.166735 0.183267 0.175888 0.134546 0.0745032 0.0281385 0.00702802 0.00115109 0.000124362 8.93719e-06 4.27485e-07 1.34803e-08 2.7601e-10 3.61324e-12 2.98539e-14
 1.01397e-11 1.10108e-09 7.04977e-08 2.66153e-06 5.92658e-05 0.000778961 0.00605604 0.0280183 0.0784666 0.139311 0.174504 0.180918 0.166823 0.125132 0.0679702 0.0249389 0.00598724 0.000933159 9.49492e-05 6.36087e-06 2.81354e-07 8.16943e-09 1.53902e-10 1.85588e-12 1.41465e-14
 1.02508e-11 1.11317e-09 7.12736e-08 2.69103e-06 5.99347e-05 0.000788148 0.00613505 0.0284686 0.0802648 0.14434 0.183494 0.18907 0.166374 0.116287 0.0588993 0.020378 0.004666 0.000698422 6.83067e-05 4.37569e-06 1.83348e-07 4.99032e-09 8.73138e-11 9.7136e-13 6.80286e-15
#spawning biomass
 13630.5 11653.7 10793.7 10926.2 16153.6 24503.1 33029.5 41940.9 60188.6 82002.2 109151 157529 197762 194757 207092 201318 198538 207279 205485 211383 219653 235270 266642 289994 310767 304839 298073 261455 244519 227451 274208 156469 82255.2 46108.3 30579.7 24416.7 22098.2 21258.2 20962 20859.7 20824.9 20813.2 20809.3 20808 20807.6 20807.4 20807.4 20807.4 20807.4 20807.4 20807.4 20807.4 20807.4 20807.4 20807.4 20807.4 20807.4 20807.4 20807.4 20807.4 20807.4 20807.4 20807.4 20807.4 20807.4 20807.4 20807.4 20807.4 20807.4 20807.4 20807.4 20807.4 20807.4 20807.4 20807.4 20807.4 20807.4 20807.4 20807.4 20807.4 20807.4 20807.4 20807.4 20807.4 20807.4 20807.4 20807.4 20807.4 20807.4 20807.4 20807.4 20807.4 20807.4 20807.4 20807.4 20807.4 20807.4 20807.4 20807.4 20807.4 20807.4 20807.4 20807.4 20807.4 20807.4 20807.4 20807.4 20807.4 20807.4 20807.4 20807.4 20807.4 20807.4 20807.4 20807.4 20807.4 20807.4 20807.4 20807.4 20807.4 20807.4 20807.4 20807.4 20807.4 20807.4 20807.4 20807.4 20807.4 20807.4 0 0 0 0 0 0 0 0 0 0 0 0 0 0 0 0 0 0 0 0 0 0 0 0 0
