SBPRF35
0.256306
Curr Bio
132317
B35
196575
F35
0.405672
FOFL
0.202205
OFL
22730.5
Bzero
73230.3
#pred survey bio
 26319.9 22552.9 17268.4 15398.8 26129.8 44910.7 56304.9 73410.6 98897.4 123411 137981 172838 222027 258453 232490 205839 220342 201527 195763 215083 213599 213466 232994 242591 292149 276003 230939 216827 201891 6.02645e+06 3.47129e+06 2.64233e+06 1.89185e+06 1.39242e+06 1.09995e+06 938863 852445 806262 781283 767460 759581 754944 752132 750377 749256 748532 748059 747746 747537 747398 747305 747242 747199 747170 747151 747138 747129 747123 747119 747116 747115 747113 747112 747112 747111 747111 747111 747111 747111 747111 747111 747111 747111 747111 747111 747111 747111 747111 747111 747111 747111 747111 747111 747111 747111 747111 747111 747111 747111 747111 747111 747111 747111 747111 747111 747111 747111 747111 747111 747111 747111 747111 747111 747111 747111 747111 747111 747111 747111 747111 747111 747111 747111 747111 747111 747111 747111 747111 747111 747111 747111 747111 747111 747111 747111 747111 747111 747111 747111 0 0 0 0 0 0 0 0 0 0 0 0 0 0 0 0 0 0 0 0 0 0 0 0 0
#obs survey bio
 24557.3 17162.7 12476.2 17812.5 33870.9 43189.1 50067.6 115524 137175 105642 105967 227569 162178 274351 188268 150053 284091 187972 173728 205842 197660 226746 236624 277841 394658 296082 203650 266653 185201
#pred catch bio
 4202.97 3979.47 3492.81 3126.73 4073.83 11385.6 11036.2 16588.8 24835.8 43337.7 46459.6 54824.8 80167.4 116471 106579 82040.3 98202.6 82171.7 69045.1 85759.4 87766.9 82122.7 97784.9 83758.3 127520 127200 95362.6 97322.8 108959 22730.5 43109.9 32484.8 22391.6 15849.9 12189.2 10292.9 9355.24 8905.21 8693.43 8595.08 8549.82 8529.11 8519.68 8515.4 8513.46 8512.58 8512.19 8512.01 8511.93 8511.89 8511.88 8511.87 8511.87 8511.87 8511.86 8511.86 8511.86 8511.86 8511.86 8511.86 8511.86 8511.86 8511.86 8511.86 8511.86 8511.86 8511.86 8511.86 8511.86 8511.86 8511.86 8511.86 8511.86 8511.86 8511.86 8511.86 8511.86 8511.86 8511.86 8511.86 8511.86 8511.86 8511.86 8511.86 8511.86 8511.86 8511.86 8511.86 8511.86 8511.86 8511.86 8511.86 8511.86 8511.86 8511.86 8511.86 8511.86 8511.86 8511.86 8511.86 8511.86 8511.86 8511.86 8511.86 8511.86 8511.86 8511.86 8511.86 8511.86 8511.86 8511.86 8511.86 8511.86 8511.86 8511.86 8511.86 8511.86 8511.86 8511.86 8511.86 8511.86 8511.86 8511.86 8511.86 8511.86 8511.86 8511.86 8511.86 8511.86 0 0 0 0 0 0 0 0 0 0 0 0 0 0 0 0 0 0 0 0 0 0 0 0 0
#obs catch bio
 3504.38 4090.14 3714.67 3300.46 3999.45 11526.4 10687.3 15756.4 22120.7 39328.4 44275.7 51038.4 77207.6 111809 110075 86884.2 98187.9 82065.9 68453.2 85803 90937.8 84210.3 100818 85164.8 130054 130912 96766.5 98747.4 110674
#pred cpue bio
 24647.9 21672.9 16833.5 14232.4 21931 38774.9 49984.6 65452.7 86790.7 109234 120658 149359 192603 224746 204342 180516 191472 176938 172319 188803 187821 186668 202825 210473 253876 241931 204388 191298 176009 5.14831e+06 3.28275e+06 2.56374e+06 1.82847e+06 1.33071e+06 1.0384e+06 877329 790913 744729 719751 705927 698048 693412 690599 688845 687723 687000 686526 686213 686005 685866 685772 685709 685667 685638 685619 685606 685597 685591 685587 685584 685582 685581 685580 685579 685579 685579 685579 685579 685578 685578 685578 685578 685578 685578 685578 685578 685578 685578 685578 685578 685578 685578 685578 685578 685578 685578 685578 685578 685578 685578 685578 685578 685578 685578 685578 685578 685578 685578 685578 685578 685578 685578 685578 685578 685578 685578 685578 685578 685578 685578 685578 685578 685578 685578 685578 685578 685578 685578 685578 685578 685578 685578 685578 685578 685578 685578 685578 685578 685578 0 0 0 0 0 0 0 0 0 0 0 0 0 0 0 0 0 0 0 0 0 0 0 0 0
#obs cpue bio
 16277.3 17042.9 12170 13070.9 28712 53269.5 60139.8 79965.2 148291 128662 134273 171517 239647 264321 164776 153412 229567 175371 192285 207865 150487 154269 197691 142696 221229 195733 202367 154462 193908
#pred surv len freq
 2.51852e-11 1.18459e-09 3.85814e-08 8.70106e-07 1.3588e-05 0.000146935 0.00110026 0.00570548 0.020495 0.0510599 0.0886362 0.109162 0.101695 0.0850114 0.0783207 0.0772367 0.0719264 0.0635104 0.0555048 0.048002 0.041079 0.0351837 0.0294762 0.0224661 0.014267
 1.19227e-11 5.60785e-10 1.82644e-08 4.11908e-07 6.43258e-06 6.95607e-05 0.00052091 0.00270198 0.00971667 0.0243134 0.0429296 0.0562783 0.0633263 0.0753175 0.094742 0.106836 0.103008 0.0913717 0.0797669 0.0685146 0.0571457 0.0463386 0.0360481 0.0256091 0.0154382
 1.02165e-11 4.80534e-10 1.56507e-08 3.52962e-07 5.51202e-06 5.96054e-05 0.00044634 0.00231479 0.00831866 0.02076 0.0362812 0.0458457 0.046568 0.0476858 0.0572826 0.0731956 0.0907073 0.105165 0.109482 0.10116 0.0853066 0.0674687 0.0498644 0.0332242 0.0188571
 3.53284e-11 1.66168e-09 5.41198e-08 1.22054e-06 1.90604e-05 0.000206111 0.00154333 0.00800222 0.0287332 0.0714658 0.123251 0.14799 0.125718 0.0802665 0.046377 0.0330207 0.0321362 0.0376097 0.0459899 0.0524208 0.052411 0.0452713 0.0338946 0.0218633 0.0118092
 4.67436e-11 2.1986e-09 7.16069e-08 1.61491e-06 2.52192e-05 0.000272709 0.00204201 0.010588 0.038019 0.0945723 0.163176 0.196272 0.167798 0.109117 0.0642166 0.0413038 0.0275835 0.0173967 0.012063 0.0111929 0.0120248 0.0119541 0.00997279 0.00675692 0.00365129
 3.70181e-11 1.74115e-09 5.67082e-08 1.27891e-06 1.99721e-05 0.00021597 0.00161718 0.00838584 0.0301203 0.0750104 0.130011 0.159162 0.145128 0.114351 0.0953602 0.082802 0.0627196 0.0389373 0.0212133 0.0115685 0.00734583 0.00578366 0.00480857 0.0034679 0.00197014
 3.24592e-11 1.52672e-09 4.97244e-08 1.12141e-06 1.75124e-05 0.000189373 0.00141803 0.00735324 0.0264129 0.0657922 0.114134 0.140203 0.129426 0.105588 0.0935989 0.0881348 0.0760826 0.0584196 0.0406784 0.0250991 0.013489 0.00680694 0.00372175 0.00221721 0.00121693
 3.35099e-11 1.57615e-09 5.13341e-08 1.15771e-06 1.80793e-05 0.000195503 0.00146392 0.00759104 0.0272646 0.0678893 0.117605 0.143683 0.130141 0.101091 0.0840983 0.0772137 0.0683696 0.0565645 0.0445515 0.0322988 0.0204688 0.0110838 0.00521425 0.00225524 0.000936676
 3.72589e-11 1.75248e-09 5.70771e-08 1.28723e-06 2.0102e-05 0.000217374 0.00162769 0.00844005 0.0303114 0.075451 0.130534 0.158671 0.141099 0.104001 0.0793728 0.0677697 0.0568904 0.0449776 0.034941 0.0264729 0.0185134 0.0113541 0.00588533 0.00253486 0.000913704
 3.40304e-11 1.60063e-09 5.21314e-08 1.17569e-06 1.83601e-05 0.00019854 0.00148666 0.00770906 0.0276896 0.0689593 0.119538 0.146415 0.133771 0.106142 0.0901573 0.081478 0.0673594 0.0498423 0.0355448 0.025262 0.0173576 0.0110142 0.00613363 0.00285234 0.00106945
 3.73299e-11 1.75582e-09 5.71859e-08 1.28969e-06 2.01403e-05 0.000217789 0.00163079 0.00845618 0.0303697 0.0755991 0.130811 0.159109 0.141819 0.105251 0.0812831 0.0700629 0.0589071 0.0458354 0.0338895 0.0237017 0.0153851 0.00924565 0.0050579 0.00240468 0.000941571
 3.89484e-11 1.83195e-09 5.96653e-08 1.3456e-06 2.10135e-05 0.000227231 0.00170149 0.00882277 0.0316858 0.0788711 0.136444 0.165822 0.147336 0.108254 0.0818347 0.0683736 0.0549241 0.0402393 0.0283948 0.0196854 0.0129039 0.0077134 0.00410746 0.00189931 0.00073678
 3.75576e-11 1.76653e-09 5.75347e-08 1.29755e-06 2.02631e-05 0.000219117 0.00164074 0.00850785 0.0305563 0.0760737 0.131702 0.160516 0.144099 0.109017 0.086321 0.0743579 0.0599644 0.0431815 0.0293518 0.0193532 0.0121054 0.00701749 0.00367624 0.00167698 0.000640363
 3.72329e-11 1.75126e-09 5.70373e-08 1.28633e-06 2.0088e-05 0.000217223 0.00162656 0.0084343 0.0302921 0.0754159 0.130562 0.159125 0.142849 0.108107 0.0857968 0.0744515 0.0609963 0.0450189 0.0312726 0.0206368 0.0125814 0.00698453 0.00349705 0.00153924 0.000573504
 3.47113e-11 1.63265e-09 5.31744e-08 1.19922e-06 1.87275e-05 0.000202512 0.00151641 0.00786328 0.0282434 0.0703369 0.121915 0.149274 0.136219 0.10775 0.0911583 0.082231 0.0679251 0.0499028 0.0345583 0.0229311 0.0140967 0.00781016 0.00383186 0.00162927 0.000584414
 3.59833e-11 1.69248e-09 5.51231e-08 1.24316e-06 1.94138e-05 0.000209933 0.00157197 0.00815128 0.0292761 0.072891 0.126222 0.153984 0.138722 0.106065 0.0857124 0.0758766 0.0637384 0.0487709 0.035259 0.0239981 0.0148874 0.00827182 0.00405633 0.00171116 0.000602662
 3.79082e-11 1.78302e-09 5.80718e-08 1.30966e-06 2.04523e-05 0.000221163 0.00165605 0.00858719 0.0308403 0.0767724 0.132853 0.161643 0.144229 0.107298 0.0829185 0.0707652 0.0579708 0.0434386 0.0311749 0.0215752 0.0138332 0.00793966 0.00397598 0.00169165 0.000595227
 3.48718e-11 1.6402e-09 5.34204e-08 1.20476e-06 1.88141e-05 0.000203449 0.00152342 0.00789966 0.0283741 0.0706627 0.122483 0.14998 0.136896 0.108325 0.0915798 0.0822637 0.0672787 0.0486542 0.0332499 0.0221244 0.0139317 0.00802725 0.00409815 0.00178525 0.000639987
 3.52154e-11 1.65637e-09 5.39468e-08 1.21663e-06 1.89995e-05 0.000205453 0.00153843 0.00797738 0.028652 0.0713424 0.123576 0.150924 0.136509 0.105534 0.0867539 0.0778053 0.0658936 0.0507355 0.0367563 0.0249264 0.0154016 0.00860182 0.00430142 0.0018683 0.000676594
 3.60845e-11 1.69724e-09 5.52781e-08 1.24666e-06 1.94684e-05 0.000210523 0.00157639 0.00817418 0.0293581 0.0730935 0.12656 0.154337 0.138843 0.105729 0.0848625 0.0746582 0.0624398 0.0478196 0.035104 0.0247005 0.0159773 0.00920671 0.00462958 0.00198846 0.000711339
 3.53441e-11 1.66242e-09 5.41439e-08 1.22108e-06 1.90689e-05 0.000206204 0.00154405 0.00800655 0.028757 0.0716061 0.124048 0.151569 0.137303 0.106527 0.087774 0.0781444 0.0648175 0.048509 0.0346722 0.0240322 0.0156191 0.00920946 0.00477398 0.0021006 0.000759661
 3.67187e-11 1.72707e-09 5.62497e-08 1.26857e-06 1.98106e-05 0.000214223 0.0016041 0.00831782 0.0298737 0.0743737 0.128754 0.156903 0.140802 0.106475 0.084524 0.0737181 0.0612297 0.046367 0.0333966 0.022996 0.0147048 0.00856354 0.0044448 0.00198398 0.000731807
 3.73759e-11 1.75798e-09 5.72564e-08 1.29127e-06 2.01651e-05 0.000218057 0.0016328 0.00846666 0.030408 0.0757018 0.131038 0.159616 0.143003 0.10761 0.0846312 0.0729526 0.0596378 0.0442028 0.0312559 0.0213799 0.0136776 0.00794965 0.00410079 0.001822 0.000673464
 3.7736e-11 1.77492e-09 5.7808e-08 1.30371e-06 2.03594e-05 0.000220158 0.00164854 0.00854823 0.030701 0.0764306 0.132296 0.161132 0.144305 0.108458 0.0850784 0.0730344 0.059251 0.0432911 0.0299659 0.0200141 0.0125343 0.00717693 0.00367105 0.00162308 0.000597953
 3.74028e-11 1.75925e-09 5.72976e-08 1.2922e-06 2.01796e-05 0.000218214 0.00163398 0.00847277 0.0304302 0.0757585 0.131147 0.159799 0.143328 0.108195 0.0855002 0.0738992 0.060331 0.0443933 0.0308618 0.0205268 0.0126781 0.00711665 0.00356857 0.00155342 0.00056646
 3.53407e-11 1.66226e-09 5.41387e-08 1.22096e-06 1.90671e-05 0.000206184 0.0015439 0.00800582 0.0287549 0.0716053 0.124077 0.15175 0.137928 0.107955 0.0899845 0.0804147 0.0661828 0.048527 0.0335395 0.0222276 0.0136857 0.00762654 0.00377301 0.0016139 0.000578339
 3.36084e-11 1.58078e-09 5.1485e-08 1.16111e-06 1.81325e-05 0.000196078 0.00146823 0.00761349 0.0273466 0.0681078 0.118081 0.144717 0.132513 0.105814 0.0909188 0.08343 0.070512 0.053516 0.0382556 0.0258293 0.0159583 0.00885716 0.004351 0.00184312 0.000652203
 3.52065e-11 1.65595e-09 5.39331e-08 1.21633e-06 1.89947e-05 0.000205401 0.00153804 0.00797532 0.0286443 0.0713199 0.123515 0.150742 0.136002 0.104436 0.085059 0.0760198 0.0647599 0.0507203 0.0378513 0.0266777 0.0171082 0.00975656 0.00485924 0.00206299 0.000726437
 3.74342e-11 1.76073e-09 5.73457e-08 1.29329e-06 2.01966e-05 0.000218398 0.00163535 0.00847985 0.0304551 0.0758162 0.131217 0.159743 0.142825 0.106869 0.0833431 0.0715573 0.0587194 0.0440692 0.0318548 0.0224275 0.0147752 0.00876177 0.00452838 0.0019758 0.000706784
#obs surv len freq
 2.29819e-11 1.08096e-09 3.52061e-08 7.93987e-07 1.23993e-05 0.000134081 0.00100401 0.00520649 0.0187041 0.0466131 0.0810196 0.100266 0.0949561 0.0825624 0.0796974 0.0806489 0.0761309 0.0685649 0.0619575 0.0555073 0.0479396 0.0392362 0.0295881 0.019561 0.0106887
 9.45588e-16 4.45456e-14 1.45983e-12 3.37303e-11 5.76829e-10 8.38865e-09 1.2679e-07 1.97506e-06 2.5885e-05 0.000250026 0.00170162 0.0080676 0.0266353 0.0616338 0.101806 0.125409 0.125663 0.11509 0.103634 0.091782 0.0786595 0.0640504 0.047792 0.0310845 0.0167139
 1.36355e-11 6.41349e-10 2.08883e-08 4.71084e-07 7.35665e-06 7.95514e-05 0.000595664 0.00308845 0.0110884 0.0275666 0.0474585 0.0566158 0.0471111 0.0292006 0.0210738 0.0338306 0.0656134 0.100723 0.120337 0.119282 0.105222 0.0855633 0.0632601 0.0406803 0.021602
 5.14485e-11 2.41989e-09 7.88142e-08 1.77746e-06 2.77575e-05 0.000300157 0.00224752 0.0116532 0.0418396 0.104029 0.179175 0.214019 0.17809 0.105055 0.0467654 0.0187632 0.00925458 0.00767136 0.010297 0.0143504 0.0165997 0.0156077 0.0121753 0.00790385 0.00417288
 3.44613e-11 1.62089e-09 5.27914e-08 1.19058e-06 1.85926e-05 0.000201054 0.0015055 0.00780701 0.0280453 0.0698816 0.121387 0.14985 0.140592 0.118778 0.107601 0.0959989 0.069503 0.0377352 0.0163489 0.00793099 0.00661857 0.00693862 0.00629416 0.00449067 0.00247275
 3.90969e-11 1.83893e-09 5.98927e-08 1.35073e-06 2.10936e-05 0.000228098 0.00170798 0.00885633 0.0318057 0.0791613 0.136892 0.166116 0.146823 0.106412 0.0793507 0.0676306 0.0580297 0.0458601 0.0321935 0.0190124 0.00940072 0.00460552 0.0028357 0.00193428 0.00112187
 2.40277e-11 1.13015e-09 3.68082e-08 8.30119e-07 1.29635e-05 0.000140184 0.00104973 0.00544401 0.0195637 0.0488175 0.0852746 0.107515 0.108052 0.106051 0.113541 0.114754 0.0969293 0.0706616 0.0490919 0.033321 0.0205961 0.0109137 0.0050415 0.00223214 0.000996439
 4.27271e-11 2.00968e-09 6.54538e-08 1.47615e-06 2.30522e-05 0.000249276 0.00186654 0.00967821 0.0347527 0.0864507 0.149187 0.179571 0.153985 0.101534 0.0632453 0.0476781 0.04269 0.0390998 0.0332334 0.0247526 0.0159833 0.00903803 0.00444094 0.00186562 0.000674067
 3.65447e-11 1.71889e-09 5.5983e-08 1.26256e-06 1.97167e-05 0.000213208 0.0015965 0.00827857 0.0297349 0.0740473 0.128322 0.157002 0.142862 0.11195 0.0926582 0.0802165 0.0613685 0.0401344 0.0255806 0.0178948 0.0128062 0.00822508 0.00443004 0.00195581 0.00070187
 3.62581e-11 1.70541e-09 5.5544e-08 1.25266e-06 1.95621e-05 0.000211536 0.00158398 0.00821354 0.0295 0.0734501 0.127202 0.155237 0.140034 0.107446 0.0872453 0.0773003 0.0644287 0.0481064 0.0330965 0.0210792 0.0124828 0.00708358 0.00380226 0.00178902 0.000685662
 4.10337e-11 1.93003e-09 6.28597e-08 1.41764e-06 2.21386e-05 0.000239397 0.00179258 0.00929498 0.0333802 0.0830722 0.143601 0.173997 0.152916 0.108782 0.0778168 0.0625363 0.049925 0.036939 0.0261549 0.0177117 0.0109789 0.00606875 0.00298488 0.00129913 0.000485463
 3.78801e-11 1.7817e-09 5.80287e-08 1.30869e-06 2.04371e-05 0.000220999 0.00165483 0.00858094 0.0308193 0.0767327 0.132872 0.162079 0.145931 0.111241 0.0888284 0.0761753 0.0598642 0.0410667 0.0264107 0.0167961 0.0103046 0.00581443 0.00290138 0.00124086 0.000443875
 3.88308e-11 1.82641e-09 5.94851e-08 1.34154e-06 2.09501e-05 0.000226545 0.00169636 0.00879617 0.0315909 0.0786388 0.136071 0.165507 0.147505 0.109352 0.0839513 0.0710547 0.0574035 0.0417153 0.0282471 0.0179627 0.010477 0.00556732 0.00267958 0.00113266 0.000402577
 3.58132e-11 1.68448e-09 5.48624e-08 1.23729e-06 1.9322e-05 0.000208941 0.00156455 0.00811286 0.0291395 0.0725631 0.125739 0.153794 0.139817 0.10946 0.091109 0.080896 0.0655771 0.0468506 0.0314067 0.0202715 0.0121557 0.00653481 0.00308714 0.00125847 0.000432465
 3.23841e-11 1.52319e-09 4.96094e-08 1.11882e-06 1.7472e-05 0.000188935 0.00141475 0.00733626 0.0263523 0.0656443 0.113899 0.140014 0.129556 0.106237 0.0944638 0.0882336 0.0745972 0.0560401 0.039396 0.0260699 0.0157439 0.00851412 0.00405808 0.00165892 0.00056407
 3.64012e-11 1.71214e-09 5.57632e-08 1.2576e-06 1.96392e-05 0.000212371 0.00159022 0.00824584 0.0296149 0.0737251 0.127603 0.155373 0.139026 0.104346 0.0821461 0.0720304 0.0614683 0.0487478 0.0368153 0.0260353 0.0165919 0.0093282 0.00455135 0.00188344 0.000643859
 3.69539e-11 1.73813e-09 5.66099e-08 1.2767e-06 1.99374e-05 0.000215595 0.00161437 0.00837112 0.0300655 0.074854 0.129606 0.158036 0.14211 0.108008 0.0861115 0.0745094 0.0602832 0.0439113 0.0308668 0.0215566 0.0143082 0.00855335 0.00441887 0.00190883 0.000671081
 3.17183e-11 1.49188e-09 4.85894e-08 1.09581e-06 1.71127e-05 0.000185051 0.00138567 0.0071855 0.0258116 0.0643051 0.111629 0.137475 0.128004 0.106564 0.0964138 0.0904977 0.0758382 0.0559871 0.0388419 0.0259323 0.0163338 0.00952475 0.00499451 0.00224596 0.000826283
 3.67775e-11 1.72984e-09 5.63396e-08 1.2706e-06 1.98423e-05 0.000214566 0.00160666 0.00833105 0.0299204 0.074481 0.12888 0.156777 0.139801 0.103928 0.0806705 0.0703156 0.060355 0.0483889 0.0367655 0.0259377 0.0165 0.00941192 0.00478882 0.00212021 0.00078558
 3.3957e-11 1.59717e-09 5.20189e-08 1.17316e-06 1.83205e-05 0.000198111 0.00148346 0.00769245 0.0276305 0.0688152 0.119312 0.146248 0.133969 0.107 0.0916056 0.0829156 0.0681276 0.0498817 0.0352646 0.0248354 0.0166166 0.0100014 0.00522533 0.0023119 0.000846903
 3.47693e-11 1.63538e-09 5.32633e-08 1.20122e-06 1.87588e-05 0.00020285 0.00151894 0.00787633 0.0282895 0.0704417 0.122031 0.149111 0.135104 0.104941 0.0868603 0.0782382 0.0663635 0.0511887 0.037331 0.0257893 0.0165395 0.00975371 0.00516709 0.00235222 0.000880683
 3.58836e-11 1.68779e-09 5.49702e-08 1.23972e-06 1.936e-05 0.000209351 0.00156761 0.00812868 0.0291951 0.0726895 0.125876 0.153576 0.138391 0.105863 0.0854991 0.0753726 0.0627939 0.0477259 0.0348272 0.0245536 0.0160944 0.0095269 0.00498998 0.00225258 0.000847017
 3.65751e-11 1.72032e-09 5.60296e-08 1.26361e-06 1.97331e-05 0.000213385 0.00159782 0.00828531 0.0297574 0.0740876 0.128283 0.156445 0.140758 0.107181 0.0858495 0.0749243 0.0615165 0.0456674 0.0323946 0.022357 0.0145528 0.00866505 0.00458267 0.00207888 0.000781384
 3.60543e-11 1.69582e-09 5.52318e-08 1.24562e-06 1.94521e-05 0.000210347 0.00157507 0.00816739 0.0293344 0.0730398 0.126505 0.154448 0.139513 0.107396 0.0874353 0.0771134 0.0634715 0.0469588 0.032961 0.0223269 0.0141978 0.00828426 0.00433535 0.00196459 0.000740923
 3.63243e-11 1.70852e-09 5.56454e-08 1.25494e-06 1.95978e-05 0.000211922 0.00158687 0.00822852 0.0295537 0.073583 0.127427 0.155484 0.14016 0.1073 0.0866774 0.0761633 0.0628122 0.0467276 0.0329623 0.0223106 0.0140572 0.00806517 0.00413754 0.00184355 0.000688147
 3.31727e-11 1.56028e-09 5.08174e-08 1.14606e-06 1.78974e-05 0.000193535 0.0014492 0.00751483 0.0269931 0.0672335 0.11661 0.143126 0.131727 0.106535 0.0929337 0.0855565 0.0715086 0.0531923 0.0374425 0.0253535 0.0159968 0.00915849 0.00465807 0.0020465 0.000752054
 3.18149e-11 1.49642e-09 4.87373e-08 1.09915e-06 1.71648e-05 0.000185614 0.00138988 0.00720725 0.0258885 0.0644842 0.111855 0.137356 0.126643 0.102993 0.0909098 0.0854298 0.0740829 0.0582677 0.0433663 0.0303647 0.0193965 0.0111326 0.00565494 0.00247321 0.000901361
 3.66201e-11 1.72243e-09 5.60985e-08 1.26516e-06 1.97573e-05 0.000213648 0.00159978 0.0082954 0.0297926 0.0741643 0.128343 0.156176 0.139425 0.103954 0.0809169 0.0702624 0.0595959 0.0472515 0.0361936 0.026494 0.0177866 0.010638 0.00553815 0.0024461 0.000892267
 3.7486e-11 1.76316e-09 5.7425e-08 1.29508e-06 2.02245e-05 0.0002187 0.00163761 0.00849161 0.0304978 0.0759258 0.13143 0.160115 0.14351 0.10808 0.0849509 0.0727626 0.0585849 0.0425206 0.029809 0.0208901 0.014104 0.00872766 0.00473884 0.00217077 0.000811685
#pred catch len freq
 2.16336e-11 1.01754e-09 3.31407e-08 7.47406e-07 1.16718e-05 0.000126215 0.000945113 0.00490113 0.017608 0.0438902 0.0763469 0.0947658 0.0906516 0.0806801 0.08003 0.0823538 0.0783786 0.0703874 0.0623268 0.0543284 0.046689 0.0400748 0.0336063 0.0256234 0.016274
 9.72158e-12 4.57256e-10 1.48926e-08 3.35865e-07 5.24505e-06 5.67194e-05 0.000424758 0.00220346 0.00792708 0.0198667 0.0352914 0.0472528 0.0561462 0.0718818 0.0946687 0.10892 0.106512 0.095917 0.084815 0.0734202 0.0614892 0.0499662 0.038909 0.027653 0.0166728
 8.21362e-12 3.86329e-10 1.25825e-08 2.83767e-07 4.43144e-06 4.79205e-05 0.000358846 0.00186114 0.00668993 0.0167107 0.0293092 0.0375301 0.0396989 0.0438094 0.0560856 0.0740094 0.0933982 0.109564 0.114852 0.106561 0.0901096 0.0713938 0.0528155 0.0352054 0.019985
 3.16226e-11 1.48738e-09 4.84429e-08 1.09251e-06 1.70611e-05 0.000184491 0.00138144 0.00716289 0.0257202 0.0639787 0.110387 0.132772 0.113549 0.074254 0.04571 0.0354392 0.036338 0.0435091 0.0537272 0.0614908 0.061592 0.053252 0.0398908 0.0257385 0.0139043
 4.43444e-11 2.08575e-09 6.79316e-08 1.53203e-06 2.39248e-05 0.000258712 0.0019372 0.0100447 0.0360693 0.0897352 0.154916 0.186747 0.160987 0.107625 0.0674656 0.0465722 0.0323456 0.0208479 0.0147816 0.0139481 0.0150761 0.0150107 0.0125285 0.00849001 0.00458818
 3.40766e-11 1.6028e-09 5.22022e-08 1.17729e-06 1.83851e-05 0.000198809 0.00148869 0.00771976 0.0277306 0.0690858 0.119925 0.147673 0.137402 0.113955 0.101659 0.0919427 0.0708254 0.0444541 0.0245338 0.0135654 0.00870416 0.00688876 0.00573703 0.00413931 0.00235184
 2.91009e-11 1.36877e-09 4.45798e-08 1.00539e-06 1.57006e-05 0.00016978 0.00127133 0.00659272 0.0236838 0.0590217 0.102576 0.126885 0.119953 0.103711 0.0987699 0.0970072 0.0854384 0.0665804 0.046937 0.0291991 0.015771 0.00798821 0.00438023 0.00261334 0.00143503
 3.0181e-11 1.41957e-09 4.62344e-08 1.0427e-06 1.62833e-05 0.000176081 0.0013185 0.00683714 0.0245591 0.0611751 0.106128 0.130387 0.120443 0.098529 0.0881179 0.0848177 0.0768561 0.0646219 0.0515353 0.0376455 0.0239541 0.0130013 0.00612552 0.00265206 0.00110217
 3.41589e-11 1.60667e-09 5.23283e-08 1.18013e-06 1.84295e-05 0.000199289 0.00149227 0.00773803 0.0277922 0.0691998 0.119853 0.146321 0.132168 0.101827 0.083388 0.0749701 0.0645362 0.0518883 0.040863 0.0312271 0.0219349 0.0134824 0.00699671 0.00301547 0.00108734
 3.11474e-11 1.46502e-09 4.77149e-08 1.07609e-06 1.68047e-05 0.00018172 0.00136073 0.00705617 0.0253469 0.0631473 0.109617 0.134988 0.125657 0.10455 0.0945377 0.0887889 0.0747279 0.056044 0.0404824 0.0290351 0.0200488 0.012753 0.00711044 0.00330848 0.00124082
 3.45068e-11 1.62304e-09 5.28612e-08 1.19215e-06 1.86172e-05 0.000201319 0.00150747 0.00781685 0.0280755 0.0699068 0.121089 0.147887 0.133768 0.103464 0.085264 0.0770247 0.0662403 0.0523109 0.03914 0.0275887 0.0179884 0.010838 0.00593752 0.00282489 0.00110647
 3.61985e-11 1.7026e-09 5.54527e-08 1.2506e-06 1.95299e-05 0.000211188 0.00158137 0.00820002 0.0294512 0.0733281 0.126985 0.154944 0.139667 0.106895 0.0862597 0.0756063 0.0621271 0.0462047 0.0330414 0.023121 0.0152326 0.00912893 0.00486788 0.00225254 0.000874114
 3.48762e-11 1.64041e-09 5.34271e-08 1.20491e-06 1.88165e-05 0.000203474 0.00152361 0.00790063 0.0283775 0.0706695 0.122483 0.149931 0.136692 0.107853 0.0908918 0.0816904 0.0671845 0.0490347 0.0337457 0.022453 0.0141172 0.0082065 0.00430549 0.00196549 0.000750799
 3.48143e-11 1.6375e-09 5.33323e-08 1.20278e-06 1.87831e-05 0.000203113 0.00152091 0.00788659 0.0283268 0.0705409 0.122244 0.149562 0.13612 0.106952 0.0897729 0.0809588 0.0675345 0.0504586 0.0354307 0.0235581 0.0144244 0.00802712 0.00402465 0.00177279 0.000660763
 3.22253e-11 1.51572e-09 4.93662e-08 1.11333e-06 1.73863e-05 0.000188009 0.00140782 0.00730032 0.0262234 0.0653261 0.113366 0.139446 0.129306 0.106569 0.0952508 0.0889114 0.0746157 0.0554583 0.0388224 0.0259599 0.0160278 0.00890099 0.0043728 0.00186061 0.000667645
 3.33135e-11 1.56691e-09 5.10332e-08 1.15093e-06 1.79734e-05 0.000194357 0.00145535 0.00754667 0.0271065 0.0675085 0.117033 0.143394 0.131183 0.104542 0.0897348 0.0827261 0.0708425 0.0549311 0.0401596 0.0275394 0.0171567 0.00955564 0.00469245 0.00198103 0.000697985
 3.54907e-11 1.66931e-09 5.43685e-08 1.22614e-06 1.9148e-05 0.000207059 0.00155045 0.00803973 0.0288759 0.071899 0.124535 0.152067 0.137447 0.106014 0.0866874 0.0770415 0.0643394 0.0488355 0.0354387 0.0247118 0.0159096 0.00915136 0.00458825 0.00195341 0.000687566
 3.22245e-11 1.51569e-09 4.9365e-08 1.1133e-06 1.73859e-05 0.000188004 0.00140778 0.00730016 0.026223 0.065327 0.11338 0.139524 0.129565 0.107134 0.0960279 0.0894362 0.0743687 0.0544435 0.0376465 0.0252675 0.0159885 0.00923587 0.00472155 0.00205824 0.000738104
 3.23661e-11 1.52234e-09 4.95818e-08 1.11819e-06 1.74622e-05 0.00018883 0.00141396 0.0073321 0.0263365 0.0655977 0.113768 0.139615 0.128439 0.103858 0.0909762 0.0850613 0.0734769 0.0573618 0.0420422 0.0287333 0.0178328 0.00998549 0.00500097 0.00217393 0.000787598
 3.34123e-11 1.57156e-09 5.11846e-08 1.15434e-06 1.80267e-05 0.000194934 0.00145966 0.00756904 0.0271866 0.067706 0.117362 0.14373 0.131275 0.104152 0.088792 0.0813754 0.0693932 0.053868 0.0400034 0.0283652 0.0184244 0.0106406 0.00535729 0.00230261 0.000824021
 3.26973e-11 1.53792e-09 5.00892e-08 1.12964e-06 1.76409e-05 0.000190762 0.00142843 0.00740715 0.0266062 0.0662702 0.11494 0.141081 0.129863 0.105092 0.0918525 0.084963 0.0717472 0.0543896 0.039328 0.0274793 0.0179388 0.0106019 0.00550263 0.00242277 0.000876458
 3.40367e-11 1.60093e-09 5.21411e-08 1.17591e-06 1.83636e-05 0.000198576 0.00148694 0.00771045 0.0276942 0.0689668 0.119524 0.146269 0.133242 0.104973 0.0885943 0.0805937 0.0682903 0.0524235 0.0382018 0.026514 0.0170298 0.00994187 0.00516721 0.00230806 0.000851642
 3.48514e-11 1.63924e-09 5.33891e-08 1.20406e-06 1.88031e-05 0.000203329 0.00152253 0.00789497 0.0283566 0.070613 0.122354 0.149625 0.135946 0.106327 0.0886524 0.0795851 0.066314 0.0497946 0.0356173 0.024559 0.0157811 0.00919391 0.00474871 0.00211129 0.000780657
 3.50072e-11 1.64657e-09 5.36277e-08 1.20944e-06 1.88871e-05 0.000204238 0.00152933 0.00793027 0.0284836 0.0709303 0.122912 0.150347 0.136727 0.107184 0.0895983 0.0803792 0.0665663 0.0493195 0.0345688 0.0232951 0.0146626 0.00841838 0.00431243 0.00190812 0.000703231
 3.49447e-11 1.64363e-09 5.3532e-08 1.20728e-06 1.88534e-05 0.000203873 0.0015266 0.00791611 0.0284327 0.0708038 0.122693 0.150081 0.136492 0.107026 0.0895452 0.0805043 0.0669466 0.049882 0.0350645 0.023505 0.0145819 0.00820523 0.00412003 0.00179478 0.000654708
 3.28844e-11 1.54672e-09 5.03758e-08 1.1361e-06 1.77418e-05 0.000191853 0.0014366 0.00744956 0.0267589 0.0666541 0.11563 0.142041 0.131103 0.106803 0.0940484 0.0870337 0.0727986 0.0540037 0.0377287 0.0251972 0.0155816 0.00870355 0.0043115 0.00184555 0.000661586
 3.09166e-11 1.45417e-09 4.73614e-08 1.06812e-06 1.66802e-05 0.000180374 0.00135065 0.00700391 0.0251592 0.0626812 0.108817 0.134044 0.124927 0.104313 0.0950246 0.0903808 0.077688 0.0597034 0.0431533 0.0293577 0.018216 0.0101347 0.00498554 0.00211353 0.000748183
 3.26588e-11 1.53611e-09 5.00303e-08 1.12831e-06 1.76201e-05 0.000190537 0.00142675 0.00739836 0.0265739 0.0661829 0.114741 0.140612 0.12873 0.102808 0.0886278 0.0822825 0.0713841 0.0566213 0.0426995 0.0303005 0.0195046 0.0111465 0.00555817 0.00236129 0.000831767
 3.53258e-11 1.66156e-09 5.41158e-08 1.22045e-06 1.9059e-05 0.000206097 0.00154325 0.00800238 0.0287418 0.0715658 0.123962 0.151388 0.136895 0.105715 0.0865731 0.0769594 0.0642034 0.0487266 0.0355658 0.025207 0.0166658 0.00990115 0.00512225 0.00223607 0.0008001
#obs catch len freq
 2.09303e-11 9.84462e-10 3.20633e-08 7.23109e-07 1.12924e-05 0.000122112 0.000914388 0.0047418 0.0170357 0.0424648 0.0738745 0.0917332 0.0878786 0.0785478 0.0785969 0.0821111 0.0800951 0.0740944 0.0671413 0.0593364 0.0511256 0.0426456 0.033004 0.0222407 0.0122838
 2.07054e-11 9.7388e-10 3.17186e-08 7.15335e-07 1.1171e-05 0.000120799 0.000904563 0.00469091 0.0168538 0.0420199 0.0731594 0.0911199 0.0881448 0.0803859 0.0817058 0.084836 0.0807769 0.0729921 0.0660709 0.0592401 0.0511797 0.0418931 0.0315931 0.020887 0.0114133
 8.06666e-16 3.80111e-14 1.24698e-12 2.8927e-11 5.01641e-10 7.56799e-09 1.20419e-07 1.93736e-06 2.56831e-05 0.000248867 0.00169514 0.00803867 0.0265424 0.0614264 0.101493 0.125103 0.125508 0.115134 0.10381 0.0920036 0.0788727 0.0642311 0.047929 0.0311741 0.0167621
 1.20508e-11 5.6681e-10 1.84606e-08 4.16334e-07 6.50164e-06 7.03057e-05 0.000526434 0.00272951 0.00979965 0.0243628 0.0419434 0.0500432 0.0416994 0.0261876 0.0202166 0.0345847 0.0678448 0.10427 0.124595 0.123515 0.108967 0.088614 0.0655178 0.0421327 0.0223734
 5.04368e-11 2.3723e-09 7.72644e-08 1.74251e-06 2.72117e-05 0.000294255 0.00220332 0.0114241 0.0410171 0.101987 0.175672 0.209905 0.174899 0.103697 0.0469678 0.0196689 0.0102486 0.00875248 0.0118265 0.0164963 0.0190843 0.0179442 0.0139981 0.00908725 0.00479767
 3.23691e-11 1.52249e-09 4.95864e-08 1.1183e-06 1.74639e-05 0.000188848 0.00141411 0.00733326 0.0263458 0.0656704 0.114233 0.141771 0.135397 0.119158 0.113033 0.10329 0.075367 0.0410152 0.0177948 0.00865198 0.00723383 0.0075871 0.00688283 0.0049107 0.00270404
 3.71659e-11 1.7481e-09 5.69346e-08 1.28402e-06 2.00518e-05 0.000216832 0.00162363 0.00841903 0.0302366 0.0752693 0.130253 0.158492 0.141485 0.10558 0.0827038 0.0731163 0.0636195 0.0504963 0.0355069 0.0209853 0.0103802 0.00508666 0.00313249 0.00213686 0.00123939
 2.2061e-11 1.03764e-09 3.37954e-08 7.62172e-07 1.19024e-05 0.00012871 0.000963816 0.00499864 0.0179657 0.0448549 0.0785221 0.0997932 0.102756 0.1055 0.117334 0.120509 0.102318 0.0747574 0.0520209 0.035345 0.0218573 0.011584 0.00535155 0.00236951 0.00105778
 4.10814e-11 1.93227e-09 6.29328e-08 1.41929e-06 2.21643e-05 0.000239675 0.00179465 0.00930551 0.0334152 0.083131 0.14351 0.172982 0.14914 0.100157 0.0650851 0.0513453 0.0469352 0.0432341 0.0368046 0.0274273 0.0177145 0.0100181 0.00492282 0.00206812 0.000747241
 3.47796e-11 1.63586e-09 5.3279e-08 1.20158e-06 1.87644e-05 0.000202911 0.0015194 0.00787887 0.0283009 0.0704923 0.122271 0.150112 0.138237 0.111733 0.0964479 0.0856596 0.0661303 0.0433839 0.0277023 0.0194025 0.0138923 0.00892409 0.00480674 0.00212215 0.000761567
 3.456e-11 1.62554e-09 5.29427e-08 1.19399e-06 1.86459e-05 0.000201629 0.0015098 0.00782899 0.0281202 0.0700283 0.121369 0.148558 0.135421 0.106886 0.0904178 0.0822414 0.0691968 0.0518259 0.0357049 0.0227572 0.0134813 0.00765139 0.00410731 0.0019326 0.000740695
 3.94672e-11 1.85635e-09 6.046e-08 1.36353e-06 2.12934e-05 0.000230258 0.00172416 0.00894025 0.0321074 0.0799157 0.13822 0.167835 0.14866 0.10826 0.0807208 0.0670345 0.054226 0.0402909 0.028577 0.0193678 0.0120097 0.0066395 0.00326579 0.00142143 0.000531169
 3.62642e-11 1.7057e-09 5.55534e-08 1.25287e-06 1.95654e-05 0.000211572 0.00158425 0.00821503 0.0295065 0.0734779 0.127329 0.155761 0.141665 0.110977 0.0922293 0.0811751 0.0644011 0.044318 0.0285457 0.0181705 0.0111527 0.00629398 0.00314085 0.0013433 0.000480524
 3.72954e-11 1.7542e-09 5.71331e-08 1.2885e-06 2.01217e-05 0.000217588 0.00162929 0.00844848 0.0303434 0.0755453 0.1308 0.15948 0.143378 0.108941 0.0869564 0.075635 0.0617339 0.0450102 0.0305214 0.0194233 0.0113328 0.00602292 0.00289903 0.00122544 0.00043556
 3.4303e-11 1.61345e-09 5.25489e-08 1.18511e-06 1.85072e-05 0.00020013 0.00149857 0.00777086 0.0279124 0.0695205 0.120556 0.147875 0.135784 0.109112 0.0941416 0.0854507 0.0698108 0.0500036 0.0335615 0.0216772 0.0130027 0.00699098 0.00330278 0.00134639 0.000462681
 3.06845e-11 1.44325e-09 4.70057e-08 1.0601e-06 1.6555e-05 0.000179019 0.00134051 0.00695137 0.0249713 0.0622194 0.108061 0.133327 0.124936 0.105668 0.0976203 0.0931407 0.0793172 0.0597344 0.0420457 0.0278424 0.0168196 0.00909703 0.00433613 0.00177262 0.000602736
 3.48998e-11 1.64152e-09 5.34631e-08 1.20573e-06 1.88292e-05 0.000203611 0.00152464 0.00790584 0.0283949 0.0706988 0.12244 0.149438 0.134852 0.103636 0.0846202 0.0760653 0.0655053 0.0520983 0.039391 0.0278715 0.017766 0.00998913 0.00487398 0.00201697 0.00068951
 3.52602e-11 1.65847e-09 5.40153e-08 1.21818e-06 1.90237e-05 0.000205714 0.00154039 0.00798758 0.0286894 0.0714414 0.123789 0.151379 0.137525 0.107477 0.089291 0.0793757 0.0648582 0.0473998 0.0333712 0.0233252 0.0154877 0.00925969 0.00478401 0.00206659 0.00072655
 2.99906e-11 1.41061e-09 4.59428e-08 1.03613e-06 1.61806e-05 0.000174971 0.0013102 0.00679426 0.0244078 0.0608239 0.105695 0.130683 0.123324 0.10602 0.0996649 0.0955037 0.0805933 0.0596431 0.041432 0.0276821 0.0174419 0.0101723 0.00533433 0.00239882 0.000882524
 3.50841e-11 1.65019e-09 5.37454e-08 1.2121e-06 1.89286e-05 0.000204686 0.00153269 0.00794755 0.0285443 0.0710674 0.123055 0.150075 0.135069 0.103076 0.0833879 0.0748061 0.0648989 0.0522083 0.0397217 0.0280411 0.017843 0.0101791 0.00517943 0.0022932 0.00084968
 3.22461e-11 1.5167e-09 4.9398e-08 1.11405e-06 1.73975e-05 0.00018813 0.00140872 0.00730502 0.0262404 0.0653678 0.113436 0.139521 0.129331 0.10645 0.094794 0.0878038 0.0727263 0.0533963 0.0378029 0.026644 0.0178328 0.0107347 0.00560866 0.00248154 0.00090905
 3.30002e-11 1.55217e-09 5.05532e-08 1.1401e-06 1.78044e-05 0.000192529 0.00144166 0.00747572 0.026852 0.0668763 0.11595 0.14213 0.130227 0.104196 0.0899128 0.0831159 0.0711538 0.0550519 0.0402047 0.0277945 0.0178312 0.0105169 0.00557167 0.00253645 0.000949667
 3.42164e-11 1.60937e-09 5.24163e-08 1.18212e-06 1.84605e-05 0.000199625 0.00149479 0.00775114 0.0278404 0.0693297 0.120147 0.147003 0.133815 0.105201 0.0884266 0.0799921 0.0672679 0.051284 0.0374759 0.0264397 0.0173359 0.0102629 0.00537573 0.00242675 0.000912516
 3.48331e-11 1.63838e-09 5.33611e-08 1.20343e-06 1.87932e-05 0.000203223 0.00152173 0.00789084 0.028342 0.0705774 0.122299 0.14959 0.136014 0.106576 0.0890372 0.0798719 0.0662389 0.0493371 0.0350521 0.0242108 0.0157653 0.00938827 0.00496542 0.00225256 0.000846669
 3.44115e-11 1.61855e-09 5.27152e-08 1.18886e-06 1.85658e-05 0.000200763 0.00150331 0.00779538 0.0279997 0.0697296 0.120863 0.147987 0.135052 0.106855 0.0904899 0.0818338 0.0679668 0.0504348 0.0354499 0.0240305 0.0152861 0.00892041 0.00466848 0.00211558 0.000797873
 3.46735e-11 1.63087e-09 5.31165e-08 1.19791e-06 1.87071e-05 0.000202291 0.00151476 0.00785469 0.0282124 0.0702565 0.121756 0.148989 0.135672 0.106742 0.0897284 0.0808943 0.0673361 0.0502465 0.0354942 0.024042 0.015153 0.00869503 0.00446088 0.00198766 0.000741942
 3.14439e-11 1.47897e-09 4.81691e-08 1.08633e-06 1.69647e-05 0.00018345 0.00137368 0.00712335 0.0255884 0.0637501 0.110672 0.136326 0.127031 0.105961 0.0961423 0.0905211 0.0762455 0.0568669 0.040083 0.0271616 0.0171434 0.00981622 0.00499285 0.00219362 0.000806123
 3.01169e-11 1.41656e-09 4.61363e-08 1.04049e-06 1.62488e-05 0.000175708 0.00131571 0.00682275 0.0245088 0.061062 0.106017 0.130648 0.121938 0.102223 0.0937585 0.0900377 0.0786588 0.0620223 0.046216 0.0323799 0.0206893 0.0118759 0.00603275 0.00263849 0.000961601
 3.50073e-11 1.64658e-09 5.36279e-08 1.20944e-06 1.88872e-05 0.000204239 0.00152933 0.00793018 0.0284821 0.0709135 0.122796 0.149795 0.134925 0.10315 0.0835056 0.0745038 0.0638327 0.0507736 0.0389429 0.028524 0.0191543 0.011457 0.00596475 0.00263456 0.000961014
#spawning biomass
 22248.5 21056.7 16464.5 11958.6 13660.6 28889.2 40446.4 52748.9 66079 86897.6 91252.1 108814 143413 168546 159820 138948 142413 137996 134380 145430 146129 142041 152186 156432 189849 187323 163045 149697 132317 102912 151757 111966 75320.3 51872.4 38778.7 31998.4 28646 27036.9 26279.8 25928.1 25766.3 25692.3 25658.6 25643.3 25636.3 25633.2 25631.8 25631.1 25630.9 25630.7 25630.7 25630.6 25630.6 25630.6 25630.6 25630.6 25630.6 25630.6 25630.6 25630.6 25630.6 25630.6 25630.6 25630.6 25630.6 25630.6 25630.6 25630.6 25630.6 25630.6 25630.6 25630.6 25630.6 25630.6 25630.6 25630.6 25630.6 25630.6 25630.6 25630.6 25630.6 25630.6 25630.6 25630.6 25630.6 25630.6 25630.6 25630.6 25630.6 25630.6 25630.6 25630.6 25630.6 25630.6 25630.6 25630.6 25630.6 25630.6 25630.6 25630.6 25630.6 25630.6 25630.6 25630.6 25630.6 25630.6 25630.6 25630.6 25630.6 25630.6 25630.6 25630.6 25630.6 25630.6 25630.6 25630.6 25630.6 25630.6 25630.6 25630.6 25630.6 25630.6 25630.6 25630.6 25630.6 25630.6 25630.6 25630.6 25630.6 0 0 0 0 0 0 0 0 0 0 0 0 0 0 0 0 0 0 0 0 0 0 0 0 0
