SBPRF35
0.256306
Curr Bio
122491
B35
200497
F35
0.481702
FOFL
0.387567
OFL
53145.3
Bzero
73230.3
#pred survey bio
 48277.8 41614 49646.4 46417.6 52951.5 59666.5 65101.4 81308.4 75246.8 73268.6 92064.7 90763.1 102207 115686 113238 129098 123889 134031 140315 141936 150133 172285 163276 150774 171056 168295 183579 216940 9.05108e+06 5.38671e+06 3.78359e+06 2.47795e+06 1.67763e+06 1.23811e+06 1.00803e+06 888981 826577 792879 773956 762883 756153 751932 749218 747440 746271 745494 744974 744626 744391 744233 744126 744054 744006 743973 743950 743935 743925 743918 743914 743910 743908 743907 743906 743905 743905 743904 743904 743904 743904 743904 743904 743904 743904 743904 743904 743904 743904 743904 743904 743904 743904 743904 743904 743904 743904 743904 743904 743904 743904 743904 743904 743904 743904 743904 743904 743904 743904 743904 743904 743904 743904 743904 743904 743904 743904 743904 743904 743904 743904 743904 743904 743904 743904 743904 743904 743904 743904 743904 743904 743904 743904 743904 743904 743904 743904 743904 743904 743904 0 0 0 0 0 0 0 0 0 0 0 0 0 0 0 0 0 0 0 0 0 0 0 0 0
#obs survey bio
 43654.1 63570.4 61455.1 55176.9 56414.1 55641.2 74804.7 80217.5 59336 70275.3 78637.1 77234.1 118340 134628 110216 91838.7 90006 161304 194261 125576 187322 153594 171350 104010 166195 186748 198584 224356
#pred catch bio
 29979.5 22867.4 31621.5 25344 28750.4 34806.8 35091.2 50930.3 47580.9 39801.1 58147.6 55572.3 59049.7 69563.2 59912.9 79219.7 72056.4 77880.3 80699.6 81193.3 78365.5 101102 99253.1 82161.6 101293 92039 95219.8 97320.7 53145.3 76868.3 52597.7 32261.8 20402.9 14315.1 11406.1 10076.6 9486.22 9229.01 9118.39 9071.24 9051.25 9042.82 9039.27 9037.78 9037.16 9036.9 9036.79 9036.74 9036.72 9036.72 9036.71 9036.71 9036.71 9036.71 9036.71 9036.71 9036.71 9036.71 9036.71 9036.71 9036.71 9036.71 9036.71 9036.71 9036.71 9036.71 9036.71 9036.71 9036.71 9036.71 9036.71 9036.71 9036.71 9036.71 9036.71 9036.71 9036.71 9036.71 9036.71 9036.71 9036.71 9036.71 9036.71 9036.71 9036.71 9036.71 9036.71 9036.71 9036.71 9036.71 9036.71 9036.71 9036.71 9036.71 9036.71 9036.71 9036.71 9036.71 9036.71 9036.71 9036.71 9036.71 9036.71 9036.71 9036.71 9036.71 9036.71 9036.71 9036.71 9036.71 9036.71 9036.71 9036.71 9036.71 9036.71 9036.71 9036.71 9036.71 9036.71 9036.71 9036.71 9036.71 9036.71 9036.71 9036.71 9036.71 9036.71 9036.71 0 0 0 0 0 0 0 0 0 0 0 0 0 0 0 0 0 0 0 0 0 0 0 0 0
#obs catch bio
 23374.2 23107.9 31630.2 24773.8 26745.7 34784.8 33634.1 52509 50681.4 41414.9 58909.7 56981.6 61130.9 69063.8 56023.7 82188 74846.1 76607.4 76178.5 78416.1 74452.8 101372 98787.9 84663.6 101410 89214.2 92849.2 95985.1
#pred cpue bio
 38415.4 28051.9 33775.7 31463 36744.9 41490.4 44019.9 54964.5 51906.8 49060.1 62001.1 60892.2 66924.2 78642.7 78593.4 90548.6 84808.2 91390.2 96974.9 99660.9 103595 121477 115489 105132 118282 117263 128607 151181 6.6891e+06 5.10764e+06 3.67368e+06 2.3733e+06 1.5731e+06 1.13359e+06 903509 784459 722056 688357 669434 658361 651631 647410 644696 642919 641749 640972 640452 640104 639869 639711 639604 639532 639484 639451 639428 639413 639403 639396 639392 639388 639386 639385 639384 639383 639383 639383 639382 639382 639382 639382 639382 639382 639382 639382 639382 639382 639382 639382 639382 639382 639382 639382 639382 639382 639382 639382 639382 639382 639382 639382 639382 639382 639382 639382 639382 639382 639382 639382 639382 639382 639382 639382 639382 639382 639382 639382 639382 639382 639382 639382 639382 639382 639382 639382 639382 639382 639382 639382 639382 639382 639382 639382 639382 639382 639382 639382 639382 639382 0 0 0 0 0 0 0 0 0 0 0 0 0 0 0 0 0 0 0 0 0 0 0 0 0
#obs cpue bio
 22861.8 18367.6 31365.3 26801.8 52771.4 38361.4 47578.5 45821.2 48317 40325.7 82167.8 61419 47789.7 82882.4 105427 98138.4 93370.6 96470.6 93118.1 123755 101232 126661 115465 112947 145306 121937 132119 145086
#pred surv len freq
 3.65452e-11 1.71891e-09 5.59838e-08 1.26257e-06 1.97169e-05 0.000213211 0.00159651 0.00827838 0.0297307 0.0740044 0.128024 0.155585 0.138236 0.101595 0.0769953 0.0649239 0.0533261 0.0408291 0.031029 0.0243422 0.0198916 0.0170709 0.0148033 0.011767 0.00773764
 4.39825e-11 2.06873e-09 6.73771e-08 1.51952e-06 2.37295e-05 0.000256601 0.0019214 0.00996291 0.0357782 0.0890352 0.153873 0.186274 0.163124 0.114615 0.0794123 0.060114 0.0429754 0.0261177 0.0143131 0.00807935 0.00505767 0.00350361 0.00257879 0.00184197 0.00114024
 4.22695e-11 1.98815e-09 6.47529e-08 1.46034e-06 2.28053e-05 0.000246607 0.00184658 0.00957507 0.0343876 0.0855962 0.148077 0.179949 0.15982 0.11708 0.0872261 0.0696686 0.0502359 0.0294876 0.0145803 0.00664755 0.00296544 0.00134932 0.000672142 0.000368349 0.000196969
 4.22955e-11 1.98938e-09 6.47928e-08 1.46124e-06 2.28193e-05 0.000246759 0.00184772 0.00958098 0.0344089 0.0856502 0.148177 0.180101 0.160053 0.117454 0.0877402 0.0701692 0.0505146 0.0294663 0.0143316 0.00627791 0.00254911 0.000940846 0.000320053 0.000108002 3.83918e-05
 4.10885e-11 1.9326e-09 6.29437e-08 1.41954e-06 2.21681e-05 0.000239717 0.00179499 0.00930762 0.0334279 0.083216 0.144017 0.175289 0.156571 0.116612 0.0893795 0.07324 0.0540219 0.0327819 0.016981 0.00796903 0.00337326 0.00123666 0.000386909 0.00010487 2.53817e-05
 4.11353e-11 1.93481e-09 6.30155e-08 1.42116e-06 2.21934e-05 0.00023999 0.00179704 0.00931822 0.0334658 0.0833078 0.14416 0.175389 0.156424 0.11602 0.0883944 0.072299 0.0536455 0.033104 0.0176963 0.00868274 0.00387186 0.00150095 0.000492904 0.000135477 3.08034e-05
 4.27577e-11 2.01112e-09 6.55008e-08 1.4772e-06 2.30687e-05 0.000249455 0.0018679 0.0096856 0.0347839 0.0865759 0.149726 0.181739 0.160726 0.116318 0.0849919 0.0671816 0.0488163 0.0294752 0.0153219 0.00735003 0.00327133 0.00129548 0.000442118 0.000127243 3.01315e-05
 4.27241e-11 2.00954e-09 6.54493e-08 1.47604e-06 2.30506e-05 0.000249259 0.00186644 0.00967799 0.0347566 0.0865089 0.149616 0.181629 0.160708 0.116469 0.0852963 0.0675037 0.0489954 0.0294562 0.0151702 0.00716778 0.00313014 0.00121694 0.000410924 0.000118757 2.86911e-05
 4.1182e-11 1.937e-09 6.3087e-08 1.42277e-06 2.22186e-05 0.000240263 0.00179908 0.00932884 0.0335044 0.0834092 0.144371 0.175809 0.157316 0.117722 0.0907457 0.0742049 0.0538209 0.0314138 0.0152776 0.00673328 0.00277908 0.00104029 0.000341544 9.64906e-05 2.29521e-05
 4.31334e-11 2.02879e-09 6.60764e-08 1.49019e-06 2.32714e-05 0.000251647 0.00188432 0.0097707 0.0350893 0.0873349 0.151029 0.183277 0.161941 0.116874 0.0849341 0.0666813 0.0479731 0.0283836 0.0141821 0.00639618 0.00262977 0.000949798 0.000295218 7.88841e-05 1.79418e-05
 4.28794e-11 2.01684e-09 6.56873e-08 1.48141e-06 2.31344e-05 0.000250166 0.00187322 0.00971318 0.0348829 0.0868225 0.150153 0.182257 0.161184 0.11664 0.0851878 0.0672266 0.0486396 0.0290694 0.0147952 0.00685147 0.00290119 0.00107684 0.000340605 9.08115e-05 2.01479e-05
 4.28762e-11 2.01669e-09 6.56824e-08 1.4813e-06 2.31326e-05 0.000250147 0.00187308 0.00971248 0.0348807 0.0868196 0.150166 0.182361 0.161553 0.117472 0.0863927 0.0682249 0.0487627 0.0282528 0.0136287 0.00593958 0.00241774 0.000888648 0.000283997 7.71469e-05 1.74123e-05
 4.43146e-11 2.08435e-09 6.78859e-08 1.53099e-06 2.39087e-05 0.000258538 0.00193591 0.0100382 0.036049 0.0897138 0.155078 0.187883 0.16502 0.116973 0.0822901 0.0628298 0.0444721 0.0258971 0.012643 0.00554844 0.00223052 0.000792758 0.000242848 6.37545e-05 1.41618e-05
 4.20825e-11 1.97936e-09 6.44665e-08 1.45388e-06 2.27044e-05 0.000245516 0.00183841 0.00953276 0.034236 0.0852219 0.147451 0.17929 0.159563 0.117578 0.0884251 0.0710469 0.0511974 0.0298198 0.0144509 0.00629247 0.00252482 0.000899931 0.000275557 7.1496e-05 1.5507e-05
 4.09133e-11 1.92436e-09 6.26753e-08 1.41348e-06 2.20736e-05 0.000238695 0.00178734 0.00926797 0.0332859 0.0828659 0.143435 0.174695 0.156401 0.11723 0.0906844 0.0745729 0.0546504 0.0325528 0.016336 0.00739506 0.003044 0.00109407 0.000334647 8.6545e-05 1.87015e-05
 4.06209e-11 1.91061e-09 6.22274e-08 1.40338e-06 2.19158e-05 0.000236989 0.00177456 0.00920172 0.0330477 0.082271 0.142392 0.173361 0.155012 0.115823 0.0893344 0.0738315 0.0552237 0.0344212 0.018616 0.00918096 0.00405823 0.00153932 0.000491216 0.000131008 2.88111e-05
 4.19572e-11 1.97347e-09 6.42746e-08 1.44955e-06 2.26368e-05 0.000244786 0.00183294 0.00950436 0.0341337 0.0849654 0.146993 0.178669 0.158806 0.116614 0.0873037 0.0702138 0.0512227 0.0307877 0.0158565 0.00754356 0.00334852 0.0013265 0.000451235 0.000128403 2.9816e-05
 4.21499e-11 1.98253e-09 6.45697e-08 1.45621e-06 2.27408e-05 0.000245909 0.00184135 0.00954797 0.0342903 0.0853537 0.147656 0.179431 0.159345 0.116716 0.0870107 0.0697424 0.0507694 0.0304082 0.0155178 0.00723924 0.00311962 0.00119812 0.000400492 0.000114883 2.75787e-05
 4.12723e-11 1.94125e-09 6.32253e-08 1.42589e-06 2.22673e-05 0.000240789 0.00180302 0.00934926 0.0335774 0.0835876 0.144656 0.17605 0.15719 0.116933 0.0893957 0.0729589 0.0534318 0.0319965 0.0162721 0.0075478 0.00322544 0.00122219 0.000400334 0.00011214 2.64137e-05
 4.03472e-11 1.89774e-09 6.18082e-08 1.39393e-06 2.17682e-05 0.000235393 0.00176261 0.00913978 0.0328258 0.0817235 0.141479 0.17241 0.154674 0.116625 0.0911337 0.0756999 0.0561399 0.0341703 0.0178027 0.00846842 0.00367584 0.00139869 0.000456296 0.00012654 2.93696e-05
 4.16235e-11 1.95777e-09 6.37633e-08 1.43802e-06 2.24568e-05 0.000242838 0.00181836 0.00942876 0.0338623 0.0842907 0.145832 0.177286 0.157672 0.116007 0.0872234 0.0706401 0.0521834 0.0321171 0.0171233 0.00838623 0.00374449 0.00146189 0.000487567 0.000137269 3.20477e-05
 4.02331e-11 1.89237e-09 6.16333e-08 1.38999e-06 2.17066e-05 0.000234727 0.00175762 0.00911392 0.0327329 0.0814914 0.141072 0.171893 0.154144 0.116099 0.0906252 0.0753809 0.0562532 0.0347491 0.0186044 0.00919623 0.00417614 0.00167116 0.000574165 0.000166545 3.98989e-05
 3.99582e-11 1.87944e-09 6.12122e-08 1.38049e-06 2.15583e-05 0.000233123 0.00174562 0.00905167 0.0325096 0.0809389 0.140138 0.170859 0.153553 0.116351 0.0916381 0.0766094 0.0571156 0.0350647 0.0185748 0.00908019 0.00409682 0.00164007 0.000568113 0.000167457 4.10161e-05
 4.08654e-11 1.92211e-09 6.2602e-08 1.41183e-06 2.20478e-05 0.000238416 0.00178525 0.00925711 0.0332467 0.082766 0.143248 0.174397 0.155914 0.116422 0.0896065 0.0736684 0.0544708 0.0332087 0.0174187 0.00840918 0.0037454 0.00148113 0.000507933 0.000148972 3.65614e-05
 4.15274e-11 1.95325e-09 6.36161e-08 1.4347e-06 2.24049e-05 0.000242278 0.00181416 0.009407 0.0337842 0.0840967 0.1455 0.176897 0.157375 0.115896 0.0872873 0.0708178 0.0524257 0.0323859 0.0173713 0.0085737 0.00386399 0.00152918 0.000521175 0.000151466 3.6845e-05
 4.07945e-11 1.91878e-09 6.24933e-08 1.40938e-06 2.20095e-05 0.000238002 0.00178215 0.00924106 0.0331892 0.0826252 0.143018 0.174185 0.155941 0.116882 0.0904342 0.0744462 0.0547326 0.0328866 0.0168572 0.00796197 0.00351209 0.00139044 0.00047824 0.000139973 3.40804e-05
 4.0668e-11 1.91283e-09 6.22996e-08 1.40501e-06 2.19413e-05 0.000237264 0.00177662 0.0092124 0.0330861 0.0823666 0.142559 0.173568 0.155208 0.115987 0.0894528 0.0738434 0.0550552 0.0340998 0.0182874 0.00897789 0.00399708 0.00155517 0.000521365 0.000149874 3.62739e-05
 4.11525e-11 1.93562e-09 6.30418e-08 1.42175e-06 2.22027e-05 0.00024009 0.00179778 0.00932209 0.0334795 0.0833401 0.144204 0.175385 0.156237 0.115507 0.0875987 0.0715687 0.0533975 0.0334322 0.0183297 0.00929168 0.00429533 0.00173559 0.000598904 0.000174144 4.19328e-05
#obs surv len freq
 4.13064e-11 1.94285e-09 6.32775e-08 1.42707e-06 2.22857e-05 0.000240988 0.00180451 0.00935694 0.0336047 0.0836501 0.144731 0.175983 0.15663 0.115499 0.0872125 0.0709961 0.0528436 0.0330144 0.0180926 0.00923016 0.0043481 0.00181934 0.000661128 0.000205283 5.32683e-05
 4.25818e-11 2.00285e-09 6.52314e-08 1.47113e-06 2.29738e-05 0.000248429 0.00186022 0.00964577 0.034641 0.0862205 0.149115 0.181013 0.160137 0.116012 0.084957 0.0673737 0.0492254 0.0300467 0.015911 0.00781576 0.00357011 0.00146027 0.000521819 0.00016012 4.11838e-05
 4.26536e-11 2.00622e-09 6.53412e-08 1.47361e-06 2.30125e-05 0.000248848 0.00186336 0.00966202 0.0346995 0.0863674 0.149377 0.181371 0.160577 0.116579 0.0856191 0.0678618 0.0492 0.029466 0.0150859 0.00709737 0.00310549 0.00121953 0.000419384 0.00012454 3.12476e-05
 4.13094e-11 1.943e-09 6.32822e-08 1.42717e-06 2.22873e-05 0.000241006 0.00180464 0.00935766 0.0336077 0.0836615 0.144778 0.176166 0.157194 0.116733 0.0890197 0.0725945 0.0532888 0.0321114 0.016502 0.00774185 0.00333542 0.00127141 0.000419864 0.000119267 2.86941e-05
 4.18122e-11 1.96664e-09 6.40523e-08 1.44454e-06 2.25586e-05 0.000243939 0.0018266 0.00947148 0.0340158 0.0846708 0.146479 0.178023 0.15817 0.116038 0.0868298 0.0700663 0.0516706 0.0317527 0.0168736 0.00820803 0.00362457 0.00139493 0.000458712 0.000128028 2.9915e-05
 4.13436e-11 1.9446e-09 6.33344e-08 1.42835e-06 2.23058e-05 0.000241205 0.00180613 0.00936538 0.0336352 0.0837286 0.144884 0.176247 0.157114 0.11636 0.088389 0.0719871 0.0530387 0.032306 0.0169483 0.0081889 0.00364685 0.00143496 0.000484671 0.000138123 3.25496e-05
 4.39589e-11 2.06762e-09 6.73409e-08 1.51871e-06 2.37168e-05 0.000256463 0.00192038 0.0099576 0.0357597 0.0889927 0.153826 0.186343 0.163594 0.115841 0.0814781 0.0625998 0.0452145 0.0275549 0.0145765 0.00709275 0.00316005 0.00123936 0.000418717 0.000120375 2.88273e-05
 4.14401e-11 1.94914e-09 6.34823e-08 1.43169e-06 2.23578e-05 0.000241768 0.00181035 0.00938728 0.0337142 0.0839284 0.145251 0.176798 0.157932 0.117616 0.0899785 0.0731897 0.0529944 0.030948 0.0151009 0.0067118 0.00281233 0.00107413 0.000359912 0.000103206 2.47117e-05
 4.0172e-11 1.8895e-09 6.15397e-08 1.38788e-06 2.16737e-05 0.00023437 0.00175496 0.0091001 0.0326836 0.0813709 0.14088 0.171734 0.154242 0.116669 0.0916242 0.076395 0.0567738 0.0345969 0.0179909 0.00846697 0.00358859 0.00131882 0.000415092 0.000112427 2.59571e-05
 4.3762e-11 2.05835e-09 6.70391e-08 1.5119e-06 2.36105e-05 0.000255314 0.00191177 0.00991298 0.0355995 0.0885941 0.153139 0.185515 0.162889 0.115402 0.0813106 0.06274 0.045742 0.0283947 0.0154416 0.00771144 0.00347403 0.00135057 0.000443053 0.00012149 2.75005e-05
 4.15587e-11 1.95472e-09 6.3664e-08 1.43578e-06 2.24218e-05 0.000242461 0.00181553 0.00941414 0.0338105 0.0841671 0.145657 0.177254 0.158219 0.117576 0.0896355 0.0727193 0.0525865 0.0306928 0.0149954 0.00670996 0.00285397 0.00111222 0.000379084 0.000109241 2.58472e-05
 4.42557e-11 2.08158e-09 6.77956e-08 1.52896e-06 2.38769e-05 0.000258195 0.00193334 0.0100248 0.0360009 0.0895919 0.154853 0.187546 0.164517 0.1162 0.0813141 0.0621018 0.0445242 0.0267573 0.013782 0.00643331 0.00271432 0.000998314 0.000316427 8.67779e-05 2.03098e-05
 4.20049e-11 1.97571e-09 6.43476e-08 1.4512e-06 2.26626e-05 0.000245064 0.00183502 0.00951517 0.034173 0.085065 0.147181 0.178971 0.159307 0.11745 0.0884138 0.0711161 0.0513321 0.0300169 0.014689 0.0065252 0.00270395 0.001006 0.00032328 8.78783e-05 1.98732e-05
 4.19504e-11 1.97315e-09 6.42641e-08 1.44932e-06 2.26332e-05 0.000244746 0.00183264 0.0095028 0.0341283 0.084951 0.146965 0.178622 0.158722 0.116476 0.0871504 0.0701812 0.051435 0.0311668 0.016144 0.00757733 0.0032088 0.00117822 0.000368786 9.83307e-05 2.20652e-05
 4.03377e-11 1.89729e-09 6.17935e-08 1.3936e-06 2.17631e-05 0.000235337 0.00176219 0.0091376 0.0328181 0.0817033 0.141439 0.172342 0.154551 0.116406 0.0908355 0.0754497 0.0560946 0.0343615 0.0181113 0.00874802 0.00385397 0.00148159 0.000483459 0.00013209 2.97407e-05
 4.1945e-11 1.97289e-09 6.42557e-08 1.44913e-06 2.26302e-05 0.000244714 0.0018324 0.00950155 0.0341236 0.0849381 0.146933 0.178537 0.158503 0.116018 0.0864813 0.0695702 0.0512201 0.0314448 0.0167192 0.00817421 0.00365347 0.00143221 0.000480543 0.000135976 3.17533e-05
 4.12244e-11 1.939e-09 6.31519e-08 1.42424e-06 2.22415e-05 0.00024051 0.00180093 0.00933841 0.0335385 0.0834896 0.144481 0.17581 0.156894 0.11655 0.0889447 0.0726173 0.0534273 0.0323665 0.0168223 0.00804666 0.00356133 0.00140076 0.000475853 0.000137148 3.27783e-05
 4.24853e-11 1.99831e-09 6.50835e-08 1.4678e-06 2.29218e-05 0.000247866 0.00185601 0.00962391 0.0345626 0.086026 0.148783 0.180633 0.159874 0.115982 0.0851585 0.0677262 0.0496354 0.0304162 0.0161356 0.00785348 0.0034867 0.00135842 0.000455686 0.000130445 3.12587e-05
 3.99912e-11 1.88099e-09 6.12626e-08 1.38163e-06 2.15761e-05 0.000233315 0.00174706 0.00905915 0.0325369 0.0810085 0.140273 0.17109 0.15397 0.117086 0.0926269 0.0774061 0.0571895 0.0343554 0.0175463 0.00822612 0.00358652 0.0013974 0.000471432 0.000135168 3.22592e-05
 4.19521e-11 1.97322e-09 6.42666e-08 1.44937e-06 2.2634e-05 0.000244755 0.00183271 0.00950316 0.0341293 0.0849517 0.146953 0.178544 0.158454 0.115873 0.0862644 0.0694091 0.0512487 0.0316488 0.0169403 0.00828548 0.00366168 0.00140739 0.000463771 0.000130574 3.09077e-05
 4.07079e-11 1.9147e-09 6.23606e-08 1.40639e-06 2.19628e-05 0.000237496 0.00177836 0.00922143 0.0331189 0.0824492 0.142711 0.1738 0.155561 0.116534 0.0901368 0.074321 0.0549374 0.0334028 0.0174535 0.00840828 0.00374709 0.00147948 0.000501574 0.000143338 3.38731e-05
 4.08754e-11 1.92258e-09 6.26172e-08 1.41218e-06 2.20532e-05 0.000238474 0.00178568 0.00925933 0.0332545 0.0827825 0.143257 0.174319 0.155565 0.115597 0.0883964 0.0726581 0.0543323 0.0340072 0.0185654 0.0093043 0.0042197 0.00166714 0.00056494 0.000162841 3.91242e-05
 3.92011e-11 1.84383e-09 6.00524e-08 1.35433e-06 2.11499e-05 0.000228706 0.00171255 0.00888024 0.0318947 0.0794139 0.137541 0.167896 0.151543 0.116205 0.0932038 0.0789447 0.0592813 0.0366705 0.0196566 0.00975909 0.00447219 0.00181234 0.000631173 0.000185472 4.50346e-05
 4.18483e-11 1.96834e-09 6.41076e-08 1.44579e-06 2.25781e-05 0.00024415 0.00182818 0.00947963 0.0340448 0.0847405 0.146582 0.178069 0.157954 0.115355 0.0857442 0.0690682 0.0513375 0.0322021 0.0177154 0.00898954 0.00414731 0.00167561 0.000583192 0.000172921 4.27095e-05
 4.07702e-11 1.91763e-09 6.24561e-08 1.40854e-06 2.19964e-05 0.00023786 0.00178109 0.00923555 0.0331695 0.0825749 0.142925 0.174043 0.155724 0.116538 0.089986 0.074081 0.0546819 0.0331907 0.0173319 0.00839134 0.00379753 0.00154126 0.000543018 0.000162508 4.03604e-05
 4.05595e-11 1.90772e-09 6.21333e-08 1.40126e-06 2.18827e-05 0.000236631 0.00177188 0.00918782 0.0329981 0.0821485 0.14219 0.17316 0.154977 0.11609 0.0898541 0.0743169 0.0553636 0.0341838 0.0182538 0.0089433 0.00399699 0.001572 0.000535907 0.000157203 3.8857e-05
 4.08804e-11 1.92282e-09 6.26249e-08 1.41235e-06 2.20559e-05 0.000238503 0.0017859 0.00926047 0.0332586 0.0827922 0.143271 0.174324 0.15553 0.11549 0.0882201 0.0724767 0.0542311 0.034027 0.0186847 0.00946307 0.00435535 0.00174902 0.000600951 0.00017491 4.24317e-05
 4.083e-11 1.92044e-09 6.25476e-08 1.41061e-06 2.20287e-05 0.000238209 0.0017837 0.00924905 0.0332177 0.0826913 0.143103 0.174151 0.155472 0.115645 0.0885524 0.072792 0.0543255 0.0338885 0.0184867 0.00936064 0.00435956 0.00179141 0.000633033 0.000188936 4.65731e-05
#pred catch len freq
 3.03887e-11 1.42934e-09 4.65526e-08 1.04988e-06 1.63954e-05 0.000177293 0.00132757 0.00688416 0.0247276 0.061591 0.106823 0.131113 0.120674 0.0976386 0.0853752 0.0791861 0.0674562 0.0523953 0.040147 0.0316357 0.0258972 0.0222367 0.0192854 0.0153303 0.0100808
 3.87156e-11 1.821e-09 5.93087e-08 1.33756e-06 2.08879e-05 0.000225874 0.00169134 0.00877025 0.0314995 0.0784299 0.135834 0.165802 0.149616 0.114632 0.0917568 0.0774394 0.0578327 0.035701 0.0197534 0.0112382 0.00706658 0.00490289 0.00361008 0.00257879 0.00159638
 3.77095e-11 1.77368e-09 5.77675e-08 1.3028e-06 2.03451e-05 0.000220004 0.00164739 0.00854253 0.0306835 0.0764175 0.13248 0.162325 0.148454 0.117834 0.0990578 0.0858527 0.0638399 0.037874 0.018848 0.00864357 0.00387207 0.00176555 0.00088016 0.000482453 0.000257997
 3.66746e-11 1.725e-09 5.6182e-08 1.26704e-06 1.97867e-05 0.000213966 0.00160218 0.00830818 0.029843 0.0743363 0.128955 0.158395 0.1461 0.118515 0.102529 0.0903307 0.0674184 0.0398266 0.0195244 0.00861545 0.00351709 0.00130177 0.000443365 0.000149687 5.32196e-05
 3.51432e-11 1.65297e-09 5.38361e-08 1.21414e-06 1.89605e-05 0.000205032 0.00153529 0.00796138 0.0285985 0.0712475 0.123674 0.152273 0.141624 0.11732 0.104424 0.0940753 0.0718527 0.0441629 0.0230689 0.0109034 0.00463694 0.00170382 0.000533591 0.00014469 3.50266e-05
 3.56576e-11 1.67716e-09 5.46242e-08 1.23191e-06 1.92381e-05 0.000208033 0.00155776 0.00807784 0.029016 0.0722798 0.125411 0.154156 0.142565 0.116477 0.101968 0.0912364 0.0699931 0.0437241 0.023558 0.0116327 0.00520787 0.00202259 0.000664711 0.000182757 4.15596e-05
 3.71401e-11 1.74689e-09 5.68952e-08 1.28313e-06 2.00379e-05 0.000216682 0.00162252 0.00841356 0.0302206 0.0752671 0.130504 0.15999 0.146598 0.116973 0.0991789 0.0868157 0.065589 0.0401604 0.0210591 0.0101762 0.00455056 0.00180607 0.000616913 0.000177612 4.20651e-05
 3.81227e-11 1.79311e-09 5.84005e-08 1.31708e-06 2.0568e-05 0.000222415 0.00166544 0.00863607 0.0310189 0.0772461 0.133872 0.163822 0.149161 0.117063 0.0970026 0.0836645 0.0627613 0.0381723 0.0197954 0.00940697 0.00412344 0.001606 0.000542696 0.000156885 3.79072e-05
 3.63601e-11 1.71021e-09 5.57003e-08 1.25618e-06 1.96171e-05 0.000212132 0.00158845 0.00823698 0.0295876 0.0737038 0.127882 0.157191 0.145355 0.118649 0.103454 0.0915118 0.0683085 0.04027 0.0197082 0.00873738 0.00362189 0.00135878 0.000446514 0.00012619 3.00208e-05
 3.76718e-11 1.7719e-09 5.77096e-08 1.3015e-06 2.03247e-05 0.000219784 0.00164574 0.00853397 0.0306528 0.076341 0.132348 0.162164 0.148313 0.117752 0.0990832 0.0860947 0.0643909 0.0386212 0.0194579 0.00883889 0.00365217 0.00132238 0.000411467 0.000109996 2.50233e-05
 3.83817e-11 1.80529e-09 5.87972e-08 1.32602e-06 2.07078e-05 0.000223926 0.00167675 0.00869471 0.0312293 0.0777685 0.134766 0.16486 0.149925 0.117284 0.0967237 0.0831107 0.0621305 0.0375585 0.0192448 0.0089622 0.00380917 0.00141645 0.000448367 0.000119581 2.65345e-05
 3.81625e-11 1.79498e-09 5.84614e-08 1.31845e-06 2.05895e-05 0.000222647 0.00166718 0.00864512 0.0310518 0.0773321 0.134049 0.164166 0.149878 0.118417 0.0988725 0.0851932 0.0629382 0.0368813 0.0179107 0.00785399 0.0032116 0.00118322 0.000378504 0.000102858 2.3219e-05
 3.95443e-11 1.85997e-09 6.05781e-08 1.36619e-06 2.1335e-05 0.000230708 0.00172754 0.00895799 0.032174 0.080112 0.138765 0.16946 0.153173 0.117862 0.0948266 0.0799347 0.058833 0.0347217 0.0170802 0.00754523 0.00304756 0.00108579 0.000332961 8.74498e-05 1.9429e-05
 3.70614e-11 1.74319e-09 5.67746e-08 1.28041e-06 1.99954e-05 0.000216223 0.00161908 0.00839578 0.0301573 0.0751154 0.130281 0.159905 0.147113 0.118559 0.101684 0.0891001 0.0663123 0.0390576 0.0190578 0.00835124 0.00336651 0.00120285 0.00036869 9.57004e-05 2.07606e-05
 3.47892e-11 1.63632e-09 5.32938e-08 1.20191e-06 1.87695e-05 0.000202967 0.00151983 0.00788124 0.0283112 0.0705384 0.122487 0.151017 0.141106 0.118182 0.106504 0.0963038 0.0730564 0.0440656 0.0222991 0.0101708 0.00420846 0.00151659 0.000464407 0.000120161 2.59712e-05
 3.54097e-11 1.6655e-09 5.42443e-08 1.22334e-06 1.91043e-05 0.000206587 0.00154693 0.00802168 0.0288144 0.0717791 0.124553 0.15315 0.141791 0.11618 0.102139 0.0917678 0.0707896 0.0446278 0.0243119 0.0120591 0.00534919 0.00203233 0.000648993 0.00017314 3.80823e-05
 3.66481e-11 1.72375e-09 5.61415e-08 1.26613e-06 1.97725e-05 0.000213812 0.00160103 0.00830215 0.029821 0.0742778 0.128829 0.158123 0.145484 0.1173 0.100807 0.0888468 0.0670795 0.0408169 0.0211858 0.0101464 0.00452368 0.00179573 0.000611352 0.000174021 4.04141e-05
 3.68805e-11 1.73468e-09 5.64975e-08 1.27416e-06 1.98978e-05 0.000215168 0.00161118 0.00835479 0.0300099 0.0747464 0.129629 0.159046 0.146144 0.117444 0.100486 0.088311 0.0665512 0.0403549 0.0207526 0.00974555 0.00421826 0.00162355 0.000543176 0.000155867 3.7423e-05
 3.57469e-11 1.68136e-09 5.47609e-08 1.23499e-06 1.92862e-05 0.000208554 0.00156166 0.00809809 0.0290891 0.0724649 0.125754 0.154677 0.143357 0.117718 0.103558 0.0924588 0.0699905 0.042414 0.0217368 0.0101511 0.00435777 0.00165494 0.000542586 0.000152044 3.58185e-05
 3.45907e-11 1.62698e-09 5.29898e-08 1.19505e-06 1.86625e-05 0.000201809 0.00151116 0.00783627 0.0281496 0.0701349 0.121781 0.15012 0.140188 0.117278 0.10565 0.0958187 0.0733667 0.0451846 0.023727 0.0113628 0.00495381 0.00188894 0.000616769 0.000171105 3.97194e-05
 3.55431e-11 1.67178e-09 5.44487e-08 1.22795e-06 1.91763e-05 0.000207365 0.00155276 0.00805191 0.028923 0.0720494 0.12502 0.153717 0.142291 0.116521 0.102301 0.0916683 0.0703269 0.0438928 0.0236146 0.0116513 0.00522643 0.00204487 0.000682603 0.00019225 4.48914e-05
 3.46198e-11 1.62835e-09 5.30343e-08 1.19606e-06 1.86781e-05 0.000201979 0.00151243 0.00784283 0.0281729 0.0701903 0.121859 0.150133 0.139937 0.116556 0.104515 0.094759 0.0729743 0.0456087 0.0246093 0.0122429 0.00558192 0.00223783 0.000769429 0.000223251 5.34908e-05
 3.45604e-11 1.62556e-09 5.29433e-08 1.194e-06 1.86461e-05 0.000201632 0.00150983 0.00782939 0.0281248 0.0700721 0.121665 0.149945 0.139924 0.116863 0.105099 0.0953317 0.0732084 0.0454388 0.0242468 0.011926 0.00540173 0.00216638 0.000750969 0.00022142 5.42401e-05
 3.48898e-11 1.64105e-09 5.3448e-08 1.20538e-06 1.88238e-05 0.000203554 0.00152422 0.00790399 0.0283925 0.0707362 0.122798 0.151251 0.140854 0.11705 0.104598 0.0944743 0.0723093 0.0446497 0.0236193 0.0114852 0.0051392 0.00203675 0.000699094 0.00020511 5.03467e-05
 3.62344e-11 1.70429e-09 5.55077e-08 1.25184e-06 1.95493e-05 0.000211398 0.00158295 0.00820844 0.0294845 0.0734404 0.127382 0.156376 0.143972 0.116314 0.100368 0.0890826 0.0682063 0.0426551 0.0230573 0.0114508 0.00518043 0.00205382 0.000700488 0.00020364 4.95431e-05
 3.48375e-11 1.63859e-09 5.33679e-08 1.20358e-06 1.87956e-05 0.000203249 0.00152194 0.00789217 0.0283503 0.0706336 0.122638 0.151136 0.141003 0.117674 0.105617 0.0953816 0.0725334 0.0441238 0.0228056 0.0108512 0.00481016 0.00190881 0.000657143 0.000192403 4.68532e-05
 3.43459e-11 1.61547e-09 5.26147e-08 1.18659e-06 1.85304e-05 0.000200381 0.00150046 0.00778081 0.0279504 0.0696384 0.120918 0.149054 0.13919 0.116465 0.10505 0.0956476 0.0739251 0.0464113 0.0251165 0.0124223 0.00555613 0.00216645 0.000726954 0.000209053 5.06058e-05
 3.41763e-11 1.60749e-09 5.23549e-08 1.18073e-06 1.84389e-05 0.000199391 0.00149305 0.00774239 0.0278123 0.0692942 0.120319 0.148308 0.138471 0.115835 0.104512 0.095356 0.0741241 0.0471421 0.0261208 0.0133533 0.0062042 0.00251265 0.000867852 0.000252444 6.07972e-05
#obs catch len freq
 3.40821e-11 1.60306e-09 5.22105e-08 1.17748e-06 1.8388e-05 0.000198841 0.00148893 0.00772103 0.0277357 0.0691024 0.119982 0.147878 0.138024 0.115377 0.104053 0.0950419 0.0741638 0.0475734 0.0267584 0.0139685 0.00667109 0.00280943 0.00102613 0.000321521 8.47693e-05
 3.602e-11 1.69421e-09 5.51792e-08 1.24443e-06 1.94336e-05 0.000210147 0.00157359 0.00815987 0.0293102 0.0730064 0.126632 0.155467 0.143176 0.115765 0.10005 0.0890259 0.0685184 0.0433456 0.0239489 0.0122985 0.0058176 0.00243943 0.000887447 0.00027573 7.15749e-05
 3.7641e-11 1.77045e-09 5.76624e-08 1.30043e-06 2.03081e-05 0.000219604 0.00164439 0.00852695 0.0306273 0.0762735 0.132205 0.161868 0.147661 0.116477 0.0972723 0.0844986 0.0639366 0.0395233 0.0210951 0.0104304 0.00478495 0.00196158 0.000701766 0.000215474 5.54419e-05
 3.76523e-11 1.77098e-09 5.76798e-08 1.30082e-06 2.03142e-05 0.00021967 0.00164489 0.00852954 0.0306369 0.0762996 0.132266 0.162019 0.148038 0.117248 0.098374 0.0854495 0.0641566 0.038907 0.0200761 0.00950964 0.0041806 0.00164588 0.000566736 0.000168419 4.22748e-05
 3.59783e-11 1.69225e-09 5.51154e-08 1.24299e-06 1.94111e-05 0.000209904 0.00157177 0.00815048 0.029277 0.0729296 0.126537 0.155534 0.143815 0.117419 0.10258 0.0913222 0.0692522 0.0422293 0.0218723 0.0103323 0.00447264 0.00170928 0.00056523 0.000160685 3.86773e-05
 3.66147e-11 1.72218e-09 5.60903e-08 1.26498e-06 1.97545e-05 0.000213617 0.00159957 0.00829456 0.0297936 0.074207 0.12869 0.15788 0.145032 0.1165 0.0997513 0.0880742 0.0671965 0.0418121 0.0223973 0.0109669 0.00486369 0.00187607 0.000617687 0.000172524 4.03301e-05
 3.60604e-11 1.69611e-09 5.52412e-08 1.24583e-06 1.94554e-05 0.000210383 0.00157535 0.00816906 0.0293435 0.0730927 0.126804 0.155784 0.1438 0.116917 0.101646 0.090383 0.0688081 0.0424183 0.0224303 0.0109115 0.00488137 0.00192531 0.000651088 0.000185678 4.37745e-05
 3.96228e-11 1.86367e-09 6.06984e-08 1.3689e-06 2.13774e-05 0.000231166 0.00173097 0.00897572 0.0322373 0.0802632 0.138986 0.169542 0.152649 0.11626 0.0923053 0.0776573 0.0581597 0.0358994 0.0191301 0.00936233 0.00418685 0.00164531 0.000556443 0.000160065 3.83458e-05
 3.64643e-11 1.7151e-09 5.58598e-08 1.25978e-06 1.96733e-05 0.000212739 0.001593 0.00826056 0.0296723 0.0739131 0.128236 0.157583 0.145578 0.11855 0.103058 0.0910149 0.0679262 0.0400922 0.0196975 0.00881262 0.00371095 0.00142123 0.000476859 0.000136838 3.27778e-05
 3.46598e-11 1.63023e-09 5.30956e-08 1.19744e-06 1.86998e-05 0.000202212 0.00151417 0.00785192 0.0282059 0.0702741 0.122017 0.150389 0.14037 0.117294 0.105529 0.0956773 0.0733037 0.0451807 0.023677 0.011218 0.00477619 0.0017596 0.000554581 0.000150334 3.47276e-05
 3.94332e-11 1.85475e-09 6.0408e-08 1.36235e-06 2.12751e-05 0.00023006 0.00172268 0.00893277 0.032083 0.0798789 0.13832 0.168723 0.151896 0.115674 0.091908 0.0775976 0.0586455 0.0368724 0.0201983 0.0101424 0.00458479 0.00178555 0.000586302 0.000160861 3.64257e-05
 3.66841e-11 1.72544e-09 5.61965e-08 1.26737e-06 1.97919e-05 0.000214022 0.0016026 0.00831033 0.0298509 0.0743554 0.128987 0.158429 0.146116 0.118489 0.102443 0.0901704 0.0671985 0.0396371 0.0194966 0.0087809 0.00375305 0.00146649 0.000500466 0.000144313 3.41578e-05
 3.98323e-11 1.87352e-09 6.10193e-08 1.37614e-06 2.14904e-05 0.000232388 0.00174012 0.00902317 0.0324077 0.0806871 0.139719 0.170426 0.153411 0.116759 0.0925555 0.077644 0.0577973 0.0351938 0.0182635 0.00857687 0.00363344 0.00133932 0.000425027 0.000116647 2.7313e-05
 3.69811e-11 1.73941e-09 5.66516e-08 1.27764e-06 1.99521e-05 0.000215755 0.00161557 0.00837759 0.0300921 0.074953 0.130001 0.159568 0.146826 0.118378 0.101598 0.0891008 0.0664197 0.0392821 0.0193619 0.00865956 0.00360657 0.00134557 0.000433003 0.000117794 2.66503e-05
 3.6657e-11 1.72417e-09 5.61551e-08 1.26644e-06 1.97773e-05 0.000213864 0.00160142 0.00830416 0.0298283 0.0742948 0.128853 0.158128 0.145413 0.117104 0.100542 0.0887292 0.0673104 0.041302 0.0215669 0.0101922 0.00433612 0.00159615 0.000500284 0.000133504 2.99739e-05
 3.51904e-11 1.65519e-09 5.39084e-08 1.21577e-06 1.8986e-05 0.000205308 0.00153735 0.00797205 0.0286367 0.0713409 0.123824 0.152402 0.141567 0.116924 0.103718 0.0933522 0.071474 0.0442605 0.0234986 0.0114204 0.00505192 0.0019463 0.000635817 0.00017383 3.91547e-05
 3.6881e-11 1.7347e-09 5.64982e-08 1.27418e-06 1.98981e-05 0.00021517 0.0016112 0.00835485 0.0300099 0.0747431 0.129601 0.158911 0.145703 0.11647 0.0990707 0.0871084 0.0663297 0.0412247 0.0220908 0.0108702 0.00487886 0.00191681 0.000643882 0.000182317 4.25921e-05
 3.59298e-11 1.68996e-09 5.5041e-08 1.24131e-06 1.93849e-05 0.000209621 0.00156965 0.00813949 0.0292375 0.0728308 0.126364 0.155311 0.143577 0.117166 0.102314 0.0911236 0.0692418 0.0424461 0.0222347 0.0107085 0.00476142 0.00187739 0.000638573 0.000184176 4.40365e-05
 3.76336e-11 1.7701e-09 5.76511e-08 1.30018e-06 2.03042e-05 0.000219561 0.00164407 0.00852528 0.0306213 0.0762584 0.132178 0.161832 0.147617 0.116428 0.0972409 0.0845502 0.0641229 0.0397823 0.0212654 0.0104146 0.00464245 0.00181258 0.000608726 0.000174371 4.18016e-05
 3.47935e-11 1.63652e-09 5.33004e-08 1.20206e-06 1.87719e-05 0.000202992 0.00152001 0.00788221 0.0283147 0.0705455 0.122491 0.150982 0.140948 0.117801 0.105912 0.0957085 0.0727366 0.0441493 0.022708 0.0107147 0.00469254 0.00183273 0.000619048 0.000177611 4.24054e-05
 3.68046e-11 1.73111e-09 5.63812e-08 1.27154e-06 1.98569e-05 0.000214725 0.00160786 0.00833756 0.0299478 0.0745885 0.129334 0.158587 0.14542 0.116281 0.0989916 0.0871886 0.0666244 0.0416654 0.0224802 0.0110662 0.00491098 0.00189176 0.000624138 0.000175854 4.16446e-05
 3.50243e-11 1.64737e-09 5.36539e-08 1.21003e-06 1.88964e-05 0.000204338 0.00153009 0.00793444 0.0285019 0.0710074 0.123262 0.151789 0.141247 0.117154 0.104428 0.0941334 0.071899 0.0442543 0.0233191 0.0113177 0.00506887 0.00200663 0.000681202 0.000194818 4.60595e-05
 3.55029e-11 1.66989e-09 5.43871e-08 1.22657e-06 1.91546e-05 0.000207131 0.001551 0.00804278 0.0288902 0.0719656 0.124864 0.153472 0.1419 0.115887 0.10148 0.0910379 0.0703323 0.044564 0.024525 0.0123708 0.0056334 0.00223048 0.000756722 0.000218275 5.2465e-05
 3.37016e-11 1.58516e-09 5.16277e-08 1.16433e-06 1.81828e-05 0.000196622 0.00147232 0.00763491 0.0274271 0.0683418 0.118716 0.146575 0.137618 0.116639 0.10679 0.0979044 0.075643 0.0473029 0.0255508 0.012769 0.00587662 0.00238678 0.000832179 0.000244695 5.94375e-05
 3.67233e-11 1.72729e-09 5.62566e-08 1.26873e-06 1.9813e-05 0.00021425 0.00160431 0.00831912 0.0298814 0.0744217 0.129035 0.158175 0.144898 0.115585 0.0981544 0.0865342 0.0665705 0.042292 0.0234537 0.0119765 0.00554711 0.00224578 0.000782502 0.00023217 5.73656e-05
 3.54621e-11 1.66796e-09 5.43245e-08 1.22516e-06 1.91326e-05 0.000206892 0.00154922 0.00803357 0.0288575 0.0718888 0.124761 0.153488 0.142361 0.117129 0.103347 0.0925873 0.0705016 0.0432867 0.0227795 0.0111041 0.00504832 0.00205382 0.000724475 0.000216954 5.39033e-05
 3.48114e-11 1.63736e-09 5.33278e-08 1.20268e-06 1.87815e-05 0.000203097 0.0015208 0.00788622 0.0283287 0.0705762 0.122515 0.150876 0.140426 0.116553 0.104073 0.0941676 0.0725116 0.0453362 0.0244172 0.0120498 0.00541092 0.00213346 0.000728304 0.000213813 5.28749e-05
 3.51821e-11 1.6548e-09 5.38957e-08 1.21548e-06 1.89816e-05 0.000205259 0.00153699 0.00797014 0.0286295 0.0713191 0.123761 0.152206 0.141015 0.115751 0.102026 0.0919025 0.0711687 0.0452418 0.0250614 0.0127827 0.00590937 0.00237859 0.00081828 0.00023834 5.78455e-05
#spawning biomass
 34096.8 21903.1 26799.6 24898.3 29714.6 33580.2 34667.8 43290.1 41818.5 38297.6 48663.1 47686.4 51027.2 62433.9 63640.6 73871.8 67663.5 72647 78155.1 81504.6 83212.1 99638.1 95049 85374.4 95184.9 95238.1 104827 122491 163275 239117 161342 97896.6 60995 42053.7 33002.8 28866.1 27029.2 26228.9 25884.8 25738 25675.9 25649.6 25638.6 25633.9 25632 25631.2 25630.9 25630.7 25630.7 25630.6 25630.6 25630.6 25630.6 25630.6 25630.6 25630.6 25630.6 25630.6 25630.6 25630.6 25630.6 25630.6 25630.6 25630.6 25630.6 25630.6 25630.6 25630.6 25630.6 25630.6 25630.6 25630.6 25630.6 25630.6 25630.6 25630.6 25630.6 25630.6 25630.6 25630.6 25630.6 25630.6 25630.6 25630.6 25630.6 25630.6 25630.6 25630.6 25630.6 25630.6 25630.6 25630.6 25630.6 25630.6 25630.6 25630.6 25630.6 25630.6 25630.6 25630.6 25630.6 25630.6 25630.6 25630.6 25630.6 25630.6 25630.6 25630.6 25630.6 25630.6 25630.6 25630.6 25630.6 25630.6 25630.6 25630.6 25630.6 25630.6 25630.6 25630.6 25630.6 25630.6 25630.6 25630.6 25630.6 25630.6 25630.6 25630.6 0 0 0 0 0 0 0 0 0 0 0 0 0 0 0 0 0 0 0 0 0 0 0 0 0
