SBPRF35
0.256306
Curr Bio
333238
B35
429001
F35
0.40319
FOFL
0.301479
OFL
98070.4
Bzero
73230.3
#pred survey bio
 92140.8 78715.2 60087.7 49688.6 73101.3 112678 166661 215197 281229 353867 325796 325800 346760 386277 409180 450631 433763 425063 431884 400515 392947 372288 402094 434187 459396 491727 521458 515232 1.77835e+07 9.62397e+06 6.84982e+06 4.42425e+06 2.81954e+06 1.88164e+06 1.36502e+06 1.08735e+06 938474 857611 812650 786904 771690 762425 756631 752923 750526 748956 747918 747226 746763 746452 746242 746101 746006 745941 745898 745869 745849 745835 745826 745820 745816 745813 745811 745810 745809 745808 745808 745808 745807 745807 745807 745807 745807 745807 745807 745807 745807 745807 745807 745807 745807 745807 745807 745807 745807 745807 745807 745807 745807 745807 745807 745807 745807 745807 745807 745807 745807 745807 745807 745807 745807 745807 745807 745807 745807 745807 745807 745807 745807 745807 745807 745807 745807 745807 745807 745807 745807 745807 745807 745807 745807 745807 745807 745807 745807 745807 745807 745807 0 0 0 0 0 0 0 0 0 0 0 0 0 0 0 0 0 0 0 0 0 0 0 0 0
#obs survey bio
 93483.7 48063.5 37836 82654.4 80516.8 116474 182524 262155 356769 416860 483179 323987 278206 401418 333248 427280 533420 341404 436843 302224 374224 351322 443216 405486 530098 464328 582807 505495
#pred catch bio
 19910.6 15912.1 13255.9 11757.2 17375.3 30186.9 52617.9 58999.8 72289.8 153458 134814 134909 144431 172292 182199 219474 199056 184551 203848 185020 190362 154714 165552 191225 194884 203911 232070 231926 98070.4 117651 83569.4 52108.3 31568.7 20041 14066.1 11110.7 9691.24 9022.43 8711.34 8567.9 8502.17 8472.16 8458.5 8452.29 8449.48 8448.21 8447.64 8447.38 8447.26 8447.21 8447.19 8447.18 8447.17 8447.17 8447.17 8447.17 8447.17 8447.17 8447.17 8447.17 8447.17 8447.17 8447.17 8447.17 8447.17 8447.17 8447.17 8447.17 8447.17 8447.17 8447.17 8447.17 8447.17 8447.17 8447.17 8447.17 8447.17 8447.17 8447.17 8447.17 8447.17 8447.17 8447.17 8447.17 8447.17 8447.17 8447.17 8447.17 8447.17 8447.17 8447.17 8447.17 8447.17 8447.17 8447.17 8447.17 8447.17 8447.17 8447.17 8447.17 8447.17 8447.17 8447.17 8447.17 8447.17 8447.17 8447.17 8447.17 8447.17 8447.17 8447.17 8447.17 8447.17 8447.17 8447.17 8447.17 8447.17 8447.17 8447.17 8447.17 8447.17 8447.17 8447.17 8447.17 8447.17 8447.17 8447.17 8447.17 0 0 0 0 0 0 0 0 0 0 0 0 0 0 0 0 0 0 0 0 0 0 0 0 0
#obs catch bio
 11896.6 16962.3 14511.7 12157.4 17381.8 29850.5 50977.5 55418.2 66598.6 146443 124026 128832 144921 171812 181578 227786 194838 179770 208970 191410 203888 156862 160370 198132 197614 198616 219380 231666
#pred cpue bio
 85058.3 73902.3 57811.6 46672 63238.2 97557.4 144544 187733 247013 313184 287158 285882 302205 334937 354320 388801 375595 370051 376765 349403 341600 322979 350033 378284 398338 427579 454924 449532 1.54979e+07 8.99596e+06 6.64907e+06 4.33381e+06 2.7514e+06 1.81754e+06 1.30162e+06 1.02407e+06 875207 794347 749387 723641 708427 699162 693368 689660 687263 685693 684655 683963 683500 683189 682979 682838 682743 682679 682635 682606 682586 682572 682563 682557 682553 682550 682548 682547 682546 682545 682545 682545 682545 682544 682544 682544 682544 682544 682544 682544 682544 682544 682544 682544 682544 682544 682544 682544 682544 682544 682544 682544 682544 682544 682544 682544 682544 682544 682544 682544 682544 682544 682544 682544 682544 682544 682544 682544 682544 682544 682544 682544 682544 682544 682544 682544 682544 682544 682544 682544 682544 682544 682544 682544 682544 682544 682544 682544 682544 682544 682544 682544 0 0 0 0 0 0 0 0 0 0 0 0 0 0 0 0 0 0 0 0 0 0 0 0 0
#obs cpue bio
 87163.3 41025 41916.9 58415.1 76690.6 112010 191146 237376 269902 267207 282826 289205 297163 348391 423966 335729 390608 503176 296718 374024 265547 348870 443946 275705 351483 581870 586234 366254
#pred surv len freq
 2.76671e-11 1.30133e-09 4.23835e-08 9.55853e-07 1.4927e-05 0.000161415 0.00120868 0.00626767 0.0225136 0.0560802 0.0972918 0.119542 0.110458 0.0904214 0.0809039 0.0778457 0.0706429 0.0602567 0.0506222 0.0420455 0.0345029 0.0283717 0.0229903 0.0171287 0.0107283
 1.66099e-11 7.81251e-10 2.54448e-08 5.73845e-07 8.96144e-06 9.69067e-05 0.000725671 0.00376363 0.0135281 0.0337871 0.0592265 0.0756469 0.0791127 0.0838104 0.0969524 0.105207 0.0987601 0.0847162 0.0709588 0.0581488 0.0459899 0.0352562 0.0260542 0.0177956 0.0104537
 7.59103e-12 3.57046e-10 1.16288e-08 2.62258e-07 4.09556e-06 4.42888e-05 0.000331665 0.00172047 0.00618856 0.0155006 0.0274744 0.036519 0.0427171 0.0542646 0.0738689 0.0934405 0.107166 0.114439 0.111988 0.0982746 0.078382 0.0581882 0.0403092 0.025377 0.0138026
 3.12295e-11 1.46889e-09 4.78407e-08 1.07893e-06 1.6849e-05 0.000182197 0.00136427 0.00707378 0.0253995 0.0631739 0.10895 0.130819 0.111176 0.0713425 0.0428181 0.0347831 0.0403884 0.0519187 0.0628045 0.0673001 0.0626552 0.0504603 0.0352435 0.0212739 0.010855
 4.62151e-11 2.17374e-09 7.07972e-08 1.59665e-06 2.4934e-05 0.000269625 0.00201892 0.0104682 0.0375887 0.093499 0.161303 0.193923 0.165473 0.106912 0.0619643 0.0392252 0.0263458 0.0176665 0.0141606 0.0147795 0.0160283 0.0151743 0.0118509 0.00750814 0.00381428
 3.81325e-11 1.79357e-09 5.84155e-08 1.31741e-06 2.05733e-05 0.000222472 0.00166587 0.0086382 0.0310256 0.0772534 0.133821 0.163457 0.147863 0.114052 0.0922269 0.0784057 0.0587187 0.0361073 0.0196357 0.0111415 0.00780166 0.0066081 0.0054878 0.00379809 0.00204859
 3.91377e-11 1.84085e-09 5.99553e-08 1.35214e-06 2.11156e-05 0.000228336 0.00170976 0.00886563 0.0318396 0.0792525 0.137094 0.166565 0.147861 0.108428 0.082 0.0693069 0.0570776 0.0426675 0.0290944 0.0177243 0.00956584 0.00501441 0.00291577 0.00179277 0.000973932
 3.72708e-11 1.75304e-09 5.70954e-08 1.28764e-06 2.01084e-05 0.000217444 0.00162822 0.00844291 0.0303232 0.0754953 0.130713 0.159369 0.143258 0.108785 0.0866611 0.0750599 0.0609043 0.0443682 0.0306586 0.0203125 0.0122638 0.00650227 0.00306936 0.00136349 0.000583762
 3.60159e-11 1.69402e-09 5.5173e-08 1.24429e-06 1.94314e-05 0.000210123 0.0015734 0.00815867 0.0293028 0.0729595 0.126354 0.154204 0.139107 0.106733 0.0866251 0.0766661 0.0639454 0.0482965 0.0344334 0.0232207 0.014327 0.00789594 0.00381238 0.00158671 0.000568956
 3.43686e-11 1.61654e-09 5.26495e-08 1.18738e-06 1.85426e-05 0.000200513 0.00150144 0.0077856 0.0279638 0.0696349 0.120659 0.147555 0.134078 0.104938 0.0877609 0.0794438 0.0673504 0.0519594 0.0381755 0.0266667 0.0170479 0.00970601 0.00481485 0.00202862 0.000709177
 3.61722e-11 1.70137e-09 5.54124e-08 1.24969e-06 1.95157e-05 0.000211035 0.00158022 0.00819401 0.0294291 0.0732672 0.126842 0.154588 0.138776 0.105081 0.083701 0.0735026 0.0618788 0.0479685 0.0356243 0.0252775 0.0165222 0.00967875 0.00495181 0.00214386 0.000761688
 3.6937e-11 1.73734e-09 5.65841e-08 1.27611e-06 1.99283e-05 0.000215497 0.00161363 0.00836726 0.0300512 0.0748146 0.12951 0.157793 0.141492 0.106745 0.0843377 0.0730808 0.0601711 0.0451511 0.0325224 0.0227675 0.0149494 0.00890327 0.00466374 0.00207408 0.000756291
 3.85078e-11 1.81122e-09 5.89904e-08 1.33038e-06 2.07758e-05 0.000224661 0.00168225 0.00872299 0.0313277 0.0779823 0.134923 0.164052 0.146023 0.107867 0.0823728 0.0696038 0.0565884 0.0419502 0.0296296 0.0201893 0.0129004 0.00755124 0.00394914 0.00177727 0.000660815
 3.9239e-11 1.84561e-09 6.01104e-08 1.35564e-06 2.11703e-05 0.000228926 0.00171419 0.00888859 0.0319223 0.0794603 0.137467 0.167082 0.148511 0.109231 0.0826921 0.0690767 0.0552418 0.0399214 0.0273561 0.0181384 0.0113021 0.00644632 0.00329381 0.00146124 0.000541862
 3.91065e-11 1.83938e-09 5.99075e-08 1.35106e-06 2.10988e-05 0.000228154 0.0017084 0.00885861 0.0318149 0.0791961 0.137031 0.166651 0.148447 0.109854 0.0839661 0.0705107 0.0562303 0.0401878 0.0270003 0.0174261 0.0105153 0.00579629 0.00286776 0.00123786 0.000449717
 4.0082e-11 1.88527e-09 6.14019e-08 1.38476e-06 2.16251e-05 0.000233845 0.00175102 0.00907951 0.0326074 0.0811609 0.140376 0.17046 0.151005 0.10998 0.0818859 0.0675338 0.053659 0.0384856 0.0259316 0.0166541 0.00988949 0.00530917 0.00254147 0.00105994 0.000373213
 3.85564e-11 1.81351e-09 5.90647e-08 1.33206e-06 2.0802e-05 0.000224944 0.00168437 0.00873406 0.0313683 0.0780913 0.135167 0.164606 0.14734 0.110535 0.0862819 0.0733146 0.0582725 0.041039 0.0270074 0.0170599 0.0100378 0.00533516 0.00251003 0.00102041 0.000348514
 3.75304e-11 1.76525e-09 5.74931e-08 1.29661e-06 2.02485e-05 0.000218959 0.00163956 0.0085017 0.0305342 0.076019 0.131609 0.16041 0.144034 0.109054 0.086555 0.0749449 0.0610014 0.044429 0.0302147 0.0193568 0.0113201 0.00592594 0.00274388 0.0010979 0.000368097
 3.75294e-11 1.76521e-09 5.74916e-08 1.29658e-06 2.0248e-05 0.000218953 0.00163951 0.00850145 0.030533 0.0760132 0.131579 0.160281 0.143621 0.108133 0.0851504 0.0735521 0.0602822 0.0446778 0.0312267 0.0206661 0.0124693 0.00667332 0.00311251 0.00123818 0.000409745
 3.7546e-11 1.76598e-09 5.7517e-08 1.29715e-06 2.02569e-05 0.00021905 0.00164024 0.00850521 0.0305465 0.0760474 0.131641 0.160374 0.143756 0.108327 0.0853613 0.0736107 0.0600142 0.0441379 0.0307195 0.0204644 0.0125833 0.00691793 0.0033159 0.00134633 0.00044995
 3.8615e-11 1.81626e-09 5.91545e-08 1.33408e-06 2.08336e-05 0.000225286 0.00168693 0.00874727 0.0314151 0.078201 0.13531 0.164566 0.146616 0.108587 0.0832421 0.0704311 0.0570677 0.0419249 0.0291411 0.0193605 0.0118945 0.00657894 0.00320129 0.0013277 0.000453535
 3.87267e-11 1.82152e-09 5.93258e-08 1.33794e-06 2.08939e-05 0.000225938 0.00169181 0.00877261 0.0315063 0.07843 0.13572 0.165127 0.147316 0.109503 0.0843259 0.0712553 0.0570897 0.0410671 0.0278726 0.0182103 0.0110948 0.00611643 0.0029792 0.00124363 0.000429986
 3.77571e-11 1.77591e-09 5.78403e-08 1.30444e-06 2.03708e-05 0.000220281 0.00164946 0.00855302 0.0307183 0.0764754 0.132385 0.16129 0.144608 0.109026 0.0859328 0.0739697 0.0599526 0.0435433 0.0297021 0.0193071 0.0116043 0.00630216 0.00303804 0.0012632 0.000437493
 3.79315e-11 1.78412e-09 5.81075e-08 1.31047e-06 2.04649e-05 0.000221299 0.00165707 0.00859249 0.0308597 0.0768235 0.132961 0.161869 0.144736 0.108314 0.0844672 0.0724299 0.0591259 0.0436692 0.030418 0.0201081 0.0121905 0.00661883 0.0031666 0.00130291 0.000447328
 3.92663e-11 1.8469e-09 6.01523e-08 1.35658e-06 2.1185e-05 0.000229086 0.00171538 0.00889477 0.0319443 0.079514 0.137552 0.167147 0.148447 0.108939 0.082225 0.0687086 0.0552812 0.0404 0.0279857 0.0185811 0.0114101 0.0062859 0.00303669 0.00125228 0.000428307
 3.79354e-11 1.7843e-09 5.81135e-08 1.3106e-06 2.0467e-05 0.000221322 0.00165725 0.00859342 0.0308634 0.0768366 0.13301 0.162052 0.145288 0.109512 0.0861984 0.0738986 0.0593915 0.0425913 0.0287557 0.0187079 0.0113747 0.00626705 0.00305021 0.00127055 0.000438039
 3.74087e-11 1.75953e-09 5.73067e-08 1.29241e-06 2.01828e-05 0.000218249 0.00163424 0.00847412 0.030435 0.0757709 0.131171 0.159838 0.143396 0.108323 0.0857262 0.0742467 0.0607756 0.0448044 0.0310268 0.0203317 0.0122271 0.00662139 0.00318246 0.0013205 0.000456586
 3.762e-11 1.76947e-09 5.76304e-08 1.29971e-06 2.02968e-05 0.000219482 0.00164347 0.00852196 0.0306066 0.0761955 0.131889 0.160632 0.143849 0.108115 0.0848833 0.0731168 0.0597796 0.0442177 0.0309398 0.0206332 0.0126448 0.00692599 0.0033269 0.00136864 0.000468913
#obs surv len freq
 2.65963e-11 1.25096e-09 4.0743e-08 9.18858e-07 1.43493e-05 0.000155168 0.0011619 0.00602509 0.0216424 0.0539107 0.0935335 0.114953 0.106321 0.0873272 0.0788073 0.0771813 0.0724553 0.0651319 0.057956 0.0501494 0.0410423 0.0312178 0.0215366 0.0129706 0.00650639
 5.85226e-12 2.75262e-10 8.96511e-09 2.02187e-07 3.15748e-06 3.41458e-05 0.000255742 0.00132735 0.00478492 0.012087 0.0221169 0.0325819 0.0474269 0.0746089 0.107933 0.12603 0.120458 0.104469 0.0899452 0.0772872 0.0640412 0.0494851 0.0343642 0.020577 0.0101832
 1.80861e-14 8.50702e-13 2.77092e-11 6.25127e-10 9.77559e-09 1.06282e-07 8.12862e-07 4.56583e-06 2.14074e-05 0.000102901 0.000519732 0.00227751 0.00762535 0.0192596 0.0388349 0.0676325 0.104579 0.138247 0.151612 0.14113 0.117674 0.0905906 0.063131 0.0379752 0.0187809
 5.26663e-11 2.47717e-09 8.06798e-08 1.81953e-06 2.84146e-05 0.000307262 0.00230071 0.0119289 0.042828 0.106473 0.18329 0.218488 0.180358 0.103172 0.0412194 0.0125962 0.00578599 0.00781653 0.012471 0.016482 0.0175861 0.0153867 0.0112378 0.00684586 0.00339614
 3.35097e-11 1.57614e-09 5.13337e-08 1.15771e-06 1.80792e-05 0.000195502 0.00146394 0.00759157 0.0272728 0.0679709 0.118164 0.146322 0.138701 0.119968 0.111457 0.10023 0.0717575 0.0376907 0.0155637 0.00780265 0.00719192 0.00753017 0.006486 0.00435716 0.00226358
 4.14339e-11 1.94885e-09 6.34727e-08 1.43147e-06 2.23545e-05 0.000241731 0.00181006 0.00938552 0.0337043 0.083868 0.144903 0.175233 0.152925 0.106642 0.0742067 0.0601874 0.051366 0.0411761 0.029201 0.0172005 0.00843939 0.00416763 0.00260104 0.00174426 0.00097381
 3.7565e-11 1.76688e-09 5.7546e-08 1.29781e-06 2.02672e-05 0.000219161 0.00164107 0.00850959 0.0305633 0.0760971 0.131784 0.160815 0.144991 0.110924 0.0890018 0.0764551 0.0600652 0.04151 0.0274997 0.0182129 0.0112161 0.00595788 0.00275756 0.0012192 0.000538046
 3.8728e-11 1.82158e-09 5.93276e-08 1.33799e-06 2.08946e-05 0.000225945 0.00169187 0.00877286 0.0315069 0.0784276 0.135691 0.164974 0.146808 0.108391 0.0827711 0.0701081 0.0572547 0.0424502 0.0294355 0.0191528 0.0114398 0.00619751 0.0029857 0.00124587 0.000448557
 3.5465e-11 1.6681e-09 5.4329e-08 1.22526e-06 1.91342e-05 0.000206909 0.00154933 0.00803397 0.0288561 0.0718569 0.124512 0.152277 0.138389 0.108264 0.0901192 0.0803074 0.0657678 0.0479375 0.0330718 0.0220208 0.0136084 0.00752611 0.00364202 0.00150939 0.000524099
 3.51871e-11 1.65503e-09 5.39033e-08 1.21566e-06 1.89842e-05 0.000205288 0.00153719 0.00797097 0.0286293 0.0712869 0.123489 0.150863 0.136594 0.105876 0.0872952 0.0782365 0.0658899 0.0503238 0.036307 0.0247346 0.015424 0.00863711 0.00425968 0.00179404 0.000624806
 3.80565e-11 1.78999e-09 5.82989e-08 1.31479e-06 2.05323e-05 0.000222028 0.00166253 0.00862074 0.0309606 0.0770682 0.133341 0.162129 0.144317 0.106645 0.081595 0.0693601 0.0571704 0.0434584 0.031725 0.0222609 0.0144207 0.00835286 0.00421995 0.0018087 0.000638739
 3.68084e-11 1.73129e-09 5.6387e-08 1.27167e-06 1.98589e-05 0.000214747 0.00160802 0.00833818 0.0299475 0.0745631 0.129121 0.157536 0.141955 0.108509 0.0872595 0.0759063 0.0613986 0.0443813 0.0305908 0.0207395 0.013394 0.007913 0.00412141 0.00182153 0.000659707
 3.98592e-11 1.87478e-09 6.10604e-08 1.37707e-06 2.15049e-05 0.000232545 0.00174128 0.00902901 0.0324259 0.080706 0.13957 0.169395 0.149785 0.10853 0.0802308 0.0661959 0.0533572 0.0393906 0.0275549 0.0184105 0.0114575 0.00654317 0.00336565 0.00150118 0.000555278
 3.71528e-11 1.74749e-09 5.69145e-08 1.28357e-06 2.00447e-05 0.000216756 0.00162306 0.00841622 0.030228 0.0752635 0.130348 0.159099 0.143568 0.11014 0.0889146 0.077145 0.0615449 0.0432403 0.0286108 0.0185403 0.0114297 0.0064562 0.00325308 0.00142113 0.000520419
 3.99828e-11 1.8806e-09 6.12499e-08 1.38134e-06 2.15716e-05 0.000233266 0.00174668 0.00905702 0.0325266 0.0809569 0.140007 0.169936 0.150301 0.108984 0.0806669 0.0666033 0.0536365 0.0394155 0.0272327 0.0177575 0.0106401 0.00579134 0.00283516 0.00121324 0.000436809
 3.90383e-11 1.83617e-09 5.98029e-08 1.34871e-06 2.1062e-05 0.000227756 0.00170542 0.00884319 0.03176 0.0790625 0.136823 0.166506 0.148661 0.110706 0.085344 0.0717163 0.0564964 0.039474 0.025984 0.0167029 0.0101438 0.00558268 0.00270919 0.0011321 0.000396954
 3.65512e-11 1.71919e-09 5.59929e-08 1.26278e-06 1.97201e-05 0.000213246 0.00159678 0.00827995 0.0297389 0.0740489 0.128266 0.156661 0.141707 0.109464 0.0894369 0.0786536 0.0638202 0.0457866 0.0306037 0.0194572 0.0114749 0.00615704 0.0029554 0.00122997 0.00042775
 3.81463e-11 1.79422e-09 5.84365e-08 1.31789e-06 2.05808e-05 0.000222552 0.00166646 0.00864112 0.0310341 0.0772538 0.133682 0.162634 0.145058 0.107808 0.0832315 0.0711041 0.0584142 0.0437426 0.0308996 0.0205564 0.0124283 0.00669122 0.00317089 0.00129591 0.00044391
 3.59329e-11 1.69011e-09 5.50458e-08 1.24142e-06 1.93866e-05 0.000209639 0.00156977 0.00813992 0.0292362 0.0727997 0.126119 0.154117 0.139657 0.108408 0.0892145 0.0788725 0.0643168 0.0467316 0.0322156 0.0215651 0.0134901 0.00756985 0.00369698 0.001529 0.000522202
 3.70412e-11 1.74224e-09 5.67436e-08 1.27971e-06 1.99845e-05 0.000216105 0.00161818 0.00839086 0.0301361 0.0750258 0.129877 0.158245 0.141918 0.107129 0.0847873 0.0737288 0.0610141 0.0458764 0.0326138 0.0220067 0.0136846 0.00769139 0.00382524 0.00162558 0.000568632
 3.78452e-11 1.78006e-09 5.79752e-08 1.30749e-06 2.04183e-05 0.000220795 0.0016533 0.00857295 0.0307896 0.0766491 0.132661 0.161514 0.144445 0.108138 0.084319 0.0721344 0.058592 0.0430988 0.030238 0.0205461 0.0130295 0.0074525 0.00374624 0.00160762 0.000570394
 3.70848e-11 1.74429e-09 5.68104e-08 1.28122e-06 2.00081e-05 0.000216359 0.00162009 0.00840078 0.0301721 0.0751198 0.130069 0.158614 0.142677 0.108553 0.0867462 0.0753152 0.0611621 0.0444734 0.0305983 0.0203625 0.0127344 0.00727192 0.00368971 0.00160538 0.000577345
 3.6869e-11 1.73414e-09 5.64798e-08 1.27376e-06 1.98916e-05 0.0002151 0.00161066 0.00835189 0.0299965 0.0746822 0.129309 0.157677 0.141806 0.107856 0.0862546 0.0752244 0.0617377 0.0456456 0.0318789 0.0212722 0.0131646 0.00739871 0.00370871 0.00160818 0.000581095
 3.80724e-11 1.79074e-09 5.83234e-08 1.31534e-06 2.05409e-05 0.000222121 0.00166323 0.0086244 0.0309743 0.0771066 0.133439 0.162395 0.145022 0.108134 0.0838122 0.0715002 0.0581837 0.0429503 0.0301214 0.0202951 0.0126946 0.00716948 0.00358012 0.00153869 0.000551618
 3.8273e-11 1.80018e-09 5.86307e-08 1.32227e-06 2.06491e-05 0.000223291 0.00167199 0.00866985 0.0311376 0.0775145 0.134153 0.163302 0.14595 0.109049 0.0846859 0.0720235 0.0579303 0.0418828 0.0287035 0.0190645 0.011892 0.00674768 0.00339093 0.00146217 0.000523483
 3.65626e-11 1.71973e-09 5.60104e-08 1.26318e-06 1.97263e-05 0.000213312 0.00159728 0.00828252 0.0297479 0.0740691 0.128286 0.156614 0.141437 0.108785 0.0883478 0.0774838 0.0630332 0.0456508 0.0311051 0.0203734 0.0124759 0.00696809 0.0034738 0.00149664 0.000537
 3.84272e-11 1.80743e-09 5.88669e-08 1.3276e-06 2.07323e-05 0.000224191 0.00167873 0.00870474 0.0312624 0.0778205 0.13465 0.163757 0.145877 0.10802 0.0828546 0.0703354 0.0574391 0.0427276 0.0300633 0.0200887 0.0123432 0.00683437 0.00335961 0.00142864 0.000508285
 3.736e-11 1.75723e-09 5.7232e-08 1.29073e-06 2.01565e-05 0.000217965 0.00163211 0.0084631 0.0303959 0.0756761 0.131026 0.159754 0.143612 0.109057 0.0868297 0.0750237 0.060504 0.0435822 0.0297581 0.019757 0.012318 0.00694699 0.00344656 0.00146272 0.000516054
#pred catch len freq
 2.52467e-11 1.18749e-09 3.86756e-08 8.72232e-07 1.36212e-05 0.000147294 0.00110295 0.00571948 0.0205459 0.0511926 0.088907 0.109686 0.102787 0.0871451 0.081578 0.0808568 0.0748081 0.0650312 0.0555753 0.0467283 0.0386663 0.0319715 0.0259895 0.0193926 0.0121542
 1.4687e-11 6.90805e-10 2.24991e-08 5.0741e-07 7.92398e-06 8.5688e-05 0.000641668 0.00332809 0.0119645 0.0299013 0.0525463 0.0677277 0.0727284 0.0805603 0.0965167 0.106681 0.101685 0.0888224 0.07568 0.0627787 0.0500586 0.0385864 0.0286114 0.019577 0.0115098
 6.48164e-12 3.04865e-10 9.92927e-09 2.2393e-07 3.49702e-06 3.78164e-05 0.0002832 0.00146916 0.00528598 0.0132535 0.0235844 0.0317797 0.0384767 0.0511376 0.0717043 0.0923782 0.107801 0.116951 0.115763 0.102415 0.0822086 0.0613278 0.0426214 0.0268823 0.0146352
 2.84453e-11 1.33793e-09 4.35756e-08 9.82738e-07 1.53469e-05 0.000165954 0.00124264 0.00644317 0.0231356 0.0575466 0.0992696 0.119313 0.1018 0.0663079 0.0415661 0.0359668 0.0434545 0.056897 0.0694977 0.0749304 0.0700588 0.0565962 0.0396148 0.0239472 0.0122298
 4.46131e-11 2.09839e-09 6.83432e-08 1.54131e-06 2.40697e-05 0.00026028 0.00194894 0.0101054 0.0362866 0.0902668 0.155772 0.187485 0.160669 0.105334 0.0632189 0.0417548 0.0288336 0.0197946 0.0163304 0.0173736 0.0189745 0.0180104 0.0140847 0.00893098 0.00453965
 3.63254e-11 1.70857e-09 5.56472e-08 1.25498e-06 1.95984e-05 0.000211929 0.00158693 0.00822898 0.0295573 0.0736123 0.127616 0.156359 0.142985 0.113515 0.095642 0.0835499 0.063394 0.0394259 0.0217904 0.0126152 0.00898597 0.00767983 0.0063984 0.00443302 0.00239206
 3.73768e-11 1.75802e-09 5.72577e-08 1.2913e-06 2.01656e-05 0.000218062 0.00163284 0.00846685 0.0304086 0.0757018 0.131029 0.159562 0.14283 0.1073 0.0844958 0.0737566 0.0618958 0.0469954 0.0324967 0.0200003 0.0108775 0.00574547 0.00336309 0.00207501 0.00112864
 3.53572e-11 1.66303e-09 5.41639e-08 1.22153e-06 1.9076e-05 0.00020628 0.00154462 0.00800954 0.0287681 0.0716369 0.124123 0.151766 0.137814 0.107603 0.0894007 0.0798147 0.065898 0.0487951 0.0342959 0.0230219 0.0140145 0.00747074 0.00354099 0.0015782 0.000677222
 3.3994e-11 1.59892e-09 5.20757e-08 1.17444e-06 1.83405e-05 0.000198327 0.00148507 0.00770079 0.0276597 0.068882 0.119385 0.146141 0.133258 0.105271 0.0892105 0.0814242 0.0691562 0.0531164 0.0384981 0.0262866 0.0163543 0.00906542 0.00439443 0.00183377 0.000658713
 3.26843e-11 1.53731e-09 5.00693e-08 1.12919e-06 1.76339e-05 0.000190686 0.00142786 0.00740416 0.0265949 0.0662375 0.11485 0.140817 0.129139 0.103568 0.0896785 0.0831651 0.0715485 0.0559856 0.0417053 0.0294314 0.0189416 0.0108332 0.00539065 0.00227581 0.000796621
 3.44715e-11 1.62138e-09 5.28072e-08 1.19093e-06 1.85981e-05 0.000201113 0.00150593 0.00780887 0.0280469 0.0698368 0.120976 0.147783 0.133783 0.103684 0.0856126 0.0772231 0.0660708 0.051987 0.0391614 0.0280795 0.01848 0.0108758 0.00558142 0.00242118 0.000861269
 3.52816e-11 1.65948e-09 5.40481e-08 1.21892e-06 1.90352e-05 0.000205839 0.00154132 0.00799235 0.0287058 0.0714758 0.123804 0.151187 0.136691 0.105516 0.0863901 0.0768675 0.0642867 0.048949 0.0357813 0.0253319 0.016755 0.0100263 0.00526823 0.00234741 0.000856957
 3.69249e-11 1.73677e-09 5.65656e-08 1.27569e-06 1.99218e-05 0.000215426 0.0016131 0.00836452 0.0300413 0.0747902 0.129469 0.157748 0.14147 0.106777 0.0844684 0.0733668 0.060618 0.0455925 0.0326718 0.0225125 0.0144924 0.00852584 0.0044736 0.00201738 0.000750986
 3.77742e-11 1.77672e-09 5.78666e-08 1.30504e-06 2.038e-05 0.000220381 0.00165021 0.00855689 0.030732 0.0765071 0.132424 0.161264 0.14435 0.108337 0.0848038 0.0727241 0.0590473 0.0432555 0.0300612 0.0201557 0.0126525 0.0072524 0.00371792 0.0016528 0.000613656
 3.76479e-11 1.77078e-09 5.76731e-08 1.30067e-06 2.03119e-05 0.000219644 0.00164469 0.00852831 0.0306297 0.0762556 0.132011 0.160867 0.144331 0.109028 0.0861696 0.0742503 0.0600924 0.0435215 0.0296497 0.0193513 0.0117651 0.00651844 0.00323626 0.00140001 0.000509301
 3.87599e-11 1.82308e-09 5.93765e-08 1.33909e-06 2.09118e-05 0.000226132 0.00169326 0.0087801 0.0315331 0.0784955 0.135825 0.165217 0.147275 0.109232 0.0838887 0.0709373 0.0571851 0.0415386 0.028355 0.0183991 0.0110014 0.00593419 0.00285005 0.00119121 0.000419994
 3.71242e-11 1.74614e-09 5.68708e-08 1.28258e-06 2.00293e-05 0.000216589 0.00162181 0.00840973 0.0302045 0.0752043 0.130239 0.158936 0.143329 0.109792 0.0885485 0.0770874 0.062117 0.0443017 0.0295556 0.0188799 0.0111921 0.00597845 0.00282228 0.00114993 0.000393305
 3.59853e-11 1.69258e-09 5.51262e-08 1.24323e-06 1.94149e-05 0.000209945 0.00157206 0.00815179 0.0292786 0.0729038 0.126289 0.154274 0.139647 0.108123 0.0888133 0.0788611 0.0651314 0.0480769 0.0331452 0.0214619 0.0126418 0.0066514 0.00309091 0.00123971 0.000416264
 3.60601e-11 1.69609e-09 5.52407e-08 1.24582e-06 1.94552e-05 0.000210381 0.00157533 0.0081687 0.0293389 0.0730503 0.126517 0.154434 0.139411 0.107159 0.0871627 0.0771379 0.06413 0.0481581 0.0341046 0.0227982 0.013847 0.00744413 0.00348301 0.00138851 0.000460127
 3.60538e-11 1.6958e-09 5.5231e-08 1.2456e-06 1.94518e-05 0.000210344 0.00157505 0.00816727 0.0293339 0.0730385 0.126502 0.154438 0.139486 0.107353 0.087422 0.077255 0.0638933 0.047619 0.0335949 0.0226163 0.0140028 0.00773388 0.00371855 0.00151288 0.000506262
 3.72136e-11 1.75035e-09 5.70078e-08 1.28567e-06 2.00776e-05 0.000217111 0.00162572 0.00842992 0.0302762 0.0753753 0.130484 0.158992 0.142611 0.107681 0.0851918 0.0738687 0.0607193 0.0451902 0.0318248 0.0213589 0.0132109 0.00734036 0.00358282 0.00148887 0.00050921
 3.71801e-11 1.74878e-09 5.69565e-08 1.28451e-06 2.00595e-05 0.000216915 0.00162425 0.00842237 0.0302494 0.0753119 0.130396 0.158989 0.142938 0.108597 0.086616 0.0751734 0.061159 0.0446098 0.0307201 0.0203043 0.0124658 0.00690751 0.00337612 0.00141243 0.000489014
 3.61635e-11 1.70096e-09 5.53991e-08 1.24939e-06 1.9511e-05 0.000210984 0.00157984 0.00819214 0.0294233 0.0732623 0.126898 0.15496 0.140081 0.108058 0.0882449 0.0779755 0.0641608 0.047251 0.0326959 0.0214943 0.013017 0.00710625 0.00343795 0.00143279 0.00049693
 3.63986e-11 1.71202e-09 5.57593e-08 1.25751e-06 1.96378e-05 0.000212356 0.00159011 0.00824535 0.029614 0.0737325 0.127681 0.155771 0.14035 0.107313 0.0865872 0.0761869 0.0631385 0.0472771 0.0333865 0.0223045 0.0136173 0.00742929 0.00356632 0.00147063 0.000505613
 3.77483e-11 1.7755e-09 5.78269e-08 1.30414e-06 2.0366e-05 0.00022023 0.00164907 0.008551 0.0307107 0.0764533 0.132324 0.161114 0.144123 0.107989 0.0843821 0.0724709 0.0592456 0.0439145 0.0308582 0.0207168 0.0128147 0.00709428 0.0034386 0.00142109 0.000486708
 3.63613e-11 1.71026e-09 5.57021e-08 1.25622e-06 1.96177e-05 0.000212138 0.00158848 0.00823694 0.0295842 0.073663 0.127591 0.155806 0.140836 0.108597 0.0885405 0.0778971 0.0635375 0.0461929 0.0316443 0.0208292 0.0127632 0.0070685 0.00345217 0.00144116 0.000497533
 3.58729e-11 1.68729e-09 5.49539e-08 1.23935e-06 1.93542e-05 0.000209289 0.00156715 0.00812631 0.0291869 0.072674 0.125881 0.153729 0.139004 0.107326 0.0878631 0.0780286 0.0648141 0.0484296 0.0339947 0.022511 0.0136334 0.00741944 0.00357833 0.00148808 0.000515232
 3.60977e-11 1.69786e-09 5.52983e-08 1.24711e-06 1.94755e-05 0.0002106 0.00157697 0.00817721 0.0293695 0.0731258 0.126645 0.154574 0.139486 0.107104 0.0869603 0.0768146 0.0637367 0.0477894 0.0338995 0.0228455 0.0140977 0.00775805 0.00373864 0.00154131 0.000528787
#obs catch len freq
 2.32638e-11 1.09422e-09 3.56379e-08 8.03725e-07 1.25513e-05 0.000135726 0.00101633 0.00527041 0.0189344 0.0471929 0.0820683 0.101758 0.0969896 0.085612 0.0841332 0.0860801 0.0815343 0.0726294 0.0632891 0.0534013 0.0429612 0.0327004 0.0229367 0.0141227 0.00722093
 2.54595e-11 1.19749e-09 3.90015e-08 8.79582e-07 1.37359e-05 0.000148535 0.00111224 0.00576763 0.0207185 0.0516177 0.0896135 0.110409 0.102999 0.0864206 0.0800953 0.0795858 0.0750123 0.0674486 0.0599888 0.0518884 0.0424556 0.0322883 0.0222733 0.0134136 0.00672847
 5.46052e-12 2.56836e-10 8.365e-09 1.88653e-07 2.94613e-06 3.18603e-05 0.00023863 0.00123864 0.00446659 0.0112973 0.0207692 0.0310308 0.0463294 0.0744023 0.108536 0.127012 0.121412 0.105234 0.0905435 0.0777663 0.0644218 0.0497721 0.0345608 0.0206938 0.0102408
 1.68452e-14 7.92335e-13 2.58082e-11 5.82256e-10 9.10613e-09 9.9044e-08 7.58712e-07 4.28598e-06 2.04158e-05 0.000100565 0.000516593 0.00227795 0.00763944 0.0192989 0.0388996 0.0677035 0.10463 0.138265 0.151596 0.141088 0.117619 0.0905364 0.0630881 0.0379477 0.0187668
 5.23181e-11 2.46079e-09 8.01464e-08 1.8075e-06 2.82267e-05 0.000305231 0.0022855 0.0118501 0.0425449 0.105769 0.182079 0.217044 0.179167 0.102496 0.0409763 0.0126106 0.00599993 0.00828269 0.0132422 0.017502 0.0186733 0.0163371 0.0119315 0.0072682 0.00360558
 3.25308e-11 1.53009e-09 4.98341e-08 1.12388e-06 1.75511e-05 0.000189791 0.00142118 0.00736991 0.0264777 0.0660007 0.114819 0.142551 0.136302 0.120217 0.114101 0.103728 0.074519 0.0391751 0.0161738 0.00809721 0.0074546 0.00780317 0.00672085 0.00451486 0.00234548
 4.06613e-11 1.91251e-09 6.22892e-08 1.40478e-06 2.19376e-05 0.000237224 0.00177631 0.00921056 0.0330765 0.0823109 0.142247 0.172185 0.150798 0.106328 0.0755771 0.0624111 0.0536176 0.0430252 0.0305039 0.0179623 0.00881094 0.00434973 0.00271389 0.00181972 0.00101591
 3.67028e-11 1.72632e-09 5.62251e-08 1.26802e-06 1.98019e-05 0.00021413 0.0016034 0.00831433 0.0298627 0.0743604 0.128828 0.157449 0.142732 0.110821 0.0908684 0.07916 0.0624806 0.0432074 0.0286073 0.0189341 0.0116559 0.00619034 0.0028648 0.00126649 0.000558874
 3.78364e-11 1.77964e-09 5.79618e-08 1.30719e-06 2.04136e-05 0.000220744 0.00165292 0.00857096 0.0307825 0.0766314 0.13263 0.161475 0.144415 0.10816 0.084528 0.0727769 0.0597682 0.0443509 0.0307401 0.0199916 0.0119367 0.00646534 0.0031143 0.00129943 0.000467814
 3.47371e-11 1.63387e-09 5.3214e-08 1.20011e-06 1.87414e-05 0.000202663 0.00151754 0.00786914 0.0282647 0.0703906 0.122015 0.149427 0.136454 0.108115 0.0916075 0.0825229 0.0678067 0.0494333 0.0340807 0.0226783 0.0140094 0.00774626 0.00374808 0.00155322 0.000539291
 3.44556e-11 1.62063e-09 5.27827e-08 1.19038e-06 1.85896e-05 0.00020102 0.00150524 0.00780532 0.0280349 0.069813 0.120978 0.147989 0.134617 0.105656 0.0886883 0.0803749 0.0679191 0.0518822 0.0374074 0.02547 0.0158772 0.008889 0.00438334 0.00184598 0.000642865
 3.73783e-11 1.7581e-09 5.726e-08 1.29136e-06 2.01664e-05 0.000218071 0.00163291 0.00846717 0.0304096 0.0757017 0.131012 0.159463 0.142481 0.106432 0.0828695 0.0713187 0.0590253 0.044884 0.0327449 0.0229633 0.0148706 0.00861178 0.00435024 0.00186441 0.000658383
 3.6136e-11 1.69967e-09 5.5357e-08 1.24844e-06 1.94962e-05 0.000210824 0.00157865 0.00818593 0.0294013 0.0732086 0.126814 0.154903 0.140167 0.10837 0.0886303 0.0779432 0.0632643 0.0457406 0.0315056 0.0213456 0.0137799 0.00813924 0.00423873 0.00187325 0.00067841
 3.92721e-11 1.84717e-09 6.01611e-08 1.35678e-06 2.11881e-05 0.00022912 0.00171563 0.00889606 0.0319489 0.0795233 0.137555 0.167092 0.148212 0.108385 0.0813952 0.0679528 0.0549959 0.0406154 0.0283935 0.0189591 0.0117944 0.00673406 0.00346336 0.00154464 0.000571329
 3.65704e-11 1.72009e-09 5.60223e-08 1.26345e-06 1.97305e-05 0.000213358 0.00159762 0.00828433 0.0297549 0.0740904 0.128351 0.156824 0.142039 0.110065 0.0901704 0.0789749 0.0631912 0.0444023 0.0293576 0.0190105 0.0117144 0.00661546 0.00333287 0.00145587 0.000533115
 3.94601e-11 1.85601e-09 6.04491e-08 1.36328e-06 2.12896e-05 0.000230217 0.00172385 0.00893866 0.0321019 0.0799039 0.138213 0.167888 0.148907 0.108871 0.0817277 0.0681934 0.0551134 0.0405104 0.0279702 0.0182269 0.0109172 0.00594073 0.00290787 0.00124425 0.000447949
 3.84554e-11 1.80876e-09 5.89101e-08 1.32857e-06 2.07476e-05 0.000224356 0.00167996 0.00871121 0.0312865 0.0778886 0.134824 0.164231 0.147132 0.110634 0.0866052 0.0735528 0.0581488 0.0406404 0.0267329 0.0171722 0.0104243 0.00573569 0.00278306 0.00116287 0.000407723
 3.58607e-11 1.68671e-09 5.49351e-08 1.23893e-06 1.93476e-05 0.000209218 0.00156662 0.0081236 0.029178 0.0726581 0.125898 0.153961 0.139883 0.10935 0.090893 0.0808029 0.0657857 0.0472078 0.0315329 0.0200353 0.0118111 0.00633591 0.00304082 0.0012654 0.000440051
 3.74837e-11 1.76305e-09 5.74214e-08 1.295e-06 2.02233e-05 0.000218686 0.00163751 0.00849107 0.0304957 0.0759189 0.131407 0.160034 0.143279 0.107636 0.0845343 0.0730809 0.0602723 0.0451485 0.0318728 0.0211916 0.0128078 0.00689406 0.00326656 0.0013349 0.000457242
 3.53117e-11 1.66089e-09 5.40942e-08 1.21996e-06 1.90514e-05 0.000206015 0.00154264 0.00799926 0.0287316 0.0715483 0.123988 0.151685 0.138008 0.108288 0.0904945 0.0807707 0.0660557 0.0479983 0.0330643 0.0221184 0.0138308 0.00775933 0.00378904 0.00156696 0.000535139
 3.64024e-11 1.71219e-09 5.57649e-08 1.25764e-06 1.96399e-05 0.000212378 0.00159028 0.00824619 0.029617 0.0737386 0.127684 0.155738 0.140201 0.106957 0.0860338 0.0756229 0.0627941 0.0472228 0.0335485 0.022624 0.0140633 0.00790252 0.00392972 0.00166985 0.000584092
 3.72154e-11 1.75043e-09 5.70105e-08 1.28573e-06 2.00785e-05 0.000217121 0.00162579 0.00843033 0.030278 0.0753804 0.1305 0.159045 0.142762 0.10799 0.0855775 0.0740225 0.0603409 0.0443959 0.0311265 0.0211365 0.0133988 0.0076621 0.00385111 0.0016525 0.000586292
 3.64205e-11 1.71305e-09 5.57928e-08 1.25827e-06 1.96497e-05 0.000212484 0.00159107 0.00825035 0.0296324 0.0737816 0.127789 0.156012 0.14091 0.108415 0.088101 0.0773338 0.0630203 0.0458355 0.031514 0.0209584 0.013102 0.00748013 0.00379486 0.001651 0.000593725
 3.62494e-11 1.705e-09 5.55307e-08 1.25236e-06 1.95574e-05 0.000211485 0.0015836 0.00821159 0.0294931 0.073434 0.127182 0.155248 0.140151 0.107713 0.0874979 0.0770914 0.0634715 0.0469337 0.0327555 0.0218435 0.013513 0.0075928 0.00380548 0.00165001 0.000596182
 3.74556e-11 1.76173e-09 5.73784e-08 1.29403e-06 2.02081e-05 0.000218522 0.00163628 0.00848471 0.0304731 0.0758639 0.131322 0.159977 0.143373 0.107987 0.0850432 0.0733508 0.059903 0.0442298 0.0309976 0.0208724 0.0130508 0.00736903 0.00367928 0.00158119 0.000566826
 3.76558e-11 1.77115e-09 5.76852e-08 1.30095e-06 2.03162e-05 0.000219691 0.00164503 0.00853009 0.0306362 0.0762712 0.132035 0.160886 0.144311 0.108927 0.0859541 0.0739073 0.059659 0.0431441 0.0295475 0.0196123 0.0122288 0.00693724 0.00348573 0.00150293 0.000538051
 3.59345e-11 1.69019e-09 5.50483e-08 1.24148e-06 1.93875e-05 0.000209648 0.00156984 0.0081403 0.0292377 0.0728039 0.126132 0.154156 0.139772 0.108668 0.0896494 0.0794135 0.0648028 0.0469385 0.0319598 0.0209195 0.0128052 0.00715033 0.00356417 0.00153544 0.000550898
 3.78016e-11 1.77801e-09 5.79085e-08 1.30598e-06 2.03948e-05 0.000220541 0.0016514 0.00856307 0.0307541 0.0765601 0.132503 0.161303 0.144201 0.107863 0.0840924 0.0722063 0.0591888 0.0440416 0.0309677 0.0206806 0.0127022 0.00703161 0.0034561 0.00146955 0.000522814
#spawning biomass
 75166.5 70827.1 57776 40672.2 40018.5 70978.9 103683 139859 189254 247689 220678 215991 220700 239640 253408 271737 270958 273700 279597 259244 247932 233167 258003 278472 284837 313725 338243 333238 326191 433104 300684 183487 108878 67318.1 45826 35202.6 30101.2 27697.8 26579.9 26064.5 25828.3 25720.4 25671.3 25649 25638.9 25634.4 25632.3 25631.4 25631 25630.8 25630.7 25630.6 25630.6 25630.6 25630.6 25630.6 25630.6 25630.6 25630.6 25630.6 25630.6 25630.6 25630.6 25630.6 25630.6 25630.6 25630.6 25630.6 25630.6 25630.6 25630.6 25630.6 25630.6 25630.6 25630.6 25630.6 25630.6 25630.6 25630.6 25630.6 25630.6 25630.6 25630.6 25630.6 25630.6 25630.6 25630.6 25630.6 25630.6 25630.6 25630.6 25630.6 25630.6 25630.6 25630.6 25630.6 25630.6 25630.6 25630.6 25630.6 25630.6 25630.6 25630.6 25630.6 25630.6 25630.6 25630.6 25630.6 25630.6 25630.6 25630.6 25630.6 25630.6 25630.6 25630.6 25630.6 25630.6 25630.6 25630.6 25630.6 25630.6 25630.6 25630.6 25630.6 25630.6 25630.6 25630.6 25630.6 0 0 0 0 0 0 0 0 0 0 0 0 0 0 0 0 0 0 0 0 0 0 0 0 0
