SBPRF35
0.127354
Curr Bio
200869
B35
154226
F35
1.45918
FOFL
1.45918
OFL
111152
Bzero
36386.5
#pred survey bio
 4048.35 6231.24 10572.5 17964.3 31045.2 36699.3 31725.2 40933.9 72677.8 93684.5 98450.4 122262 170673 202137 178279 160534 157350 144297 131492 156570 187030 185894 188278 211513 208530 216521 214475 239636 6.68173e+06 4.43021e+06 1.95131e+06 918374 596851 475474 418501 388573 372205 363154 358143 355374 353849 353010 352549 352295 352158 352085 352045 352024 352012 352006 352003 352001 352000 351999 351999 351999 351999 351999 351999 351999 351999 351999 351999 351999 351999 351999 351999 351999 351999 351999 351999 351999 351999 351999 351999 351999 351999 351999 351999 351999 351999 351999 351999 351999 351999 351999 351999 351999 351999 351999 351999 351999 351999 351999 351999 351999 351999 351999 351999 351999 351999 351999 351999 351999 351999 351999 351999 351999 351999 351999 351999 351999 351999 351999 351999 351999 351999 351999 351999 351999 351999 351999 351999 351999 351999 351999 351999 351999 0 0 0 0 0 0 0 0 0 0 0 0 0 0 0 0 0 0 0 0 0 0 0 0 0
#obs survey bio
 2891.99 7428.63 8445.75 21945.2 23391.3 22704.1 19188 23036.3 49659.8 68390.4 51324.9 150557 122392 207266 139064 95957.7 124107 93762.2 105628 124512 152348 171186 174465 201256 190931 173603 139759 142189
#pred catch bio
 1074.18 2035.13 3398.89 5601.66 10727.8 16306.3 14062.8 14332.4 31309.3 46341.6 46792.1 52298.3 75897.4 105287 91474.2 79129.6 82586.3 81102.7 64936.4 77445.5 103001 103968 97228.8 121122 111793 121190 111978 95114.8 111152 99830.1 37120.2 11790.8 6812.12 5995.55 5871.61 5853.7 5851.19 5850.85 5850.81 5850.8 5850.8 5850.8 5850.8 5850.8 5850.8 5850.8 5850.8 5850.8 5850.8 5850.8 5850.8 5850.8 5850.8 5850.8 5850.8 5850.8 5850.8 5850.8 5850.8 5850.8 5850.8 5850.8 5850.8 5850.8 5850.8 5850.8 5850.8 5850.8 5850.8 5850.8 5850.8 5850.8 5850.8 5850.8 5850.8 5850.8 5850.8 5850.8 5850.8 5850.8 5850.8 5850.8 5850.8 5850.8 5850.8 5850.8 5850.8 5850.8 5850.8 5850.8 5850.8 5850.8 5850.8 5850.8 5850.8 5850.8 5850.8 5850.8 5850.8 5850.8 5850.8 5850.8 5850.8 5850.8 5850.8 5850.8 5850.8 5850.8 5850.8 5850.8 5850.8 5850.8 5850.8 5850.8 5850.8 5850.8 5850.8 5850.8 5850.8 5850.8 5850.8 5850.8 5850.8 5850.8 5850.8 5850.8 5850.8 5850.8 0 0 0 0 0 0 0 0 0 0 0 0 0 0 0 0 0 0 0 0 0 0 0 0 0
#obs catch bio
 1735.55 2115.6 3297.87 5182.42 9871.36 15614.7 15336.3 14343.8 30235.5 44962.6 48153.7 49880.1 71166.5 98022.3 89719.1 79576.2 77102.1 78874.6 60418.4 76918 102182 91699.1 87091.4 109862 99838.3 107314 107392 90092.9
#pred cpue bio
 2446.82 3115.56 4836.19 8303.4 14362 20137.1 18176.3 18768.4 31965 44412.1 47528.8 55551 77832.6 98237.6 90807.1 81423.5 78637.1 71364.2 61577.5 71061.6 84881.8 85474.9 84509 96142.1 93088.7 99586.5 97275.5 108270 3.40375e+06 3.39393e+06 1.75857e+06 778556 459083 337799 280831 250903 234535 225484 220473 217705 216179 215340 214879 214625 214488 214415 214375 214354 214342 214336 214333 214331 214330 214330 214329 214329 214329 214329 214329 214329 214329 214329 214329 214329 214329 214329 214329 214329 214329 214329 214329 214329 214329 214329 214329 214329 214329 214329 214329 214329 214329 214329 214329 214329 214329 214329 214329 214329 214329 214329 214329 214329 214329 214329 214329 214329 214329 214329 214329 214329 214329 214329 214329 214329 214329 214329 214329 214329 214329 214329 214329 214329 214329 214329 214329 214329 214329 214329 214329 214329 214329 214329 214329 214329 214329 214329 214329 214329 0 0 0 0 0 0 0 0 0 0 0 0 0 0 0 0 0 0 0 0 0 0 0 0 0
#obs cpue bio
 3930.07 2793.72 7221.2 13152.5 22578.3 26529.7 19576.4 35773.4 66419.6 67276.2 64135.8 77895.1 126588 135490 105438 125392 163133 114535 103358 78846.8 120961 188726 128626 154280 157362 200172 151763 242702
#pred surv len freq
 1.69169e-11 1.83616e-09 1.17514e-07 4.43462e-06 9.86757e-05 0.00129466 0.0100165 0.0457092 0.123196 0.197426 0.194403 0.134931 0.0910614 0.0677316 0.045538 0.0281668 0.0180248 0.0119268 0.00820234 0.00596901 0.00466459 0.00395673 0.00345056 0.0026683 0.00155906
 1.83517e-11 1.9919e-09 1.27481e-07 4.81075e-06 0.000107045 0.00140447 0.0108659 0.0495828 0.133599 0.2138 0.209112 0.141286 0.0898672 0.0630524 0.0395895 0.0216 0.0115373 0.00607921 0.00322223 0.00184107 0.0011719 0.000842514 0.000660294 0.000489112 0.000285338
 1.87758e-11 2.03793e-09 1.30427e-07 4.92192e-06 0.000109519 0.00143692 0.011117 0.0507283 0.136683 0.218713 0.21381 0.144127 0.0909653 0.0625686 0.0372494 0.018056 0.00817262 0.00357281 0.00147351 0.000608675 0.000273405 0.000144505 9.14093e-05 6.06711e-05 3.40002e-05
 1.8424e-11 1.99974e-09 1.27983e-07 4.82969e-06 0.000107467 0.00141 0.0109088 0.0497799 0.134151 0.214853 0.21094 0.144632 0.0946091 0.0667178 0.0397803 0.0189354 0.0081911 0.0032746 0.00114878 0.000369748 0.000117157 3.97358e-05 1.64391e-05 8.37819e-06 4.18723e-06
 1.8512e-11 2.0093e-09 1.28595e-07 4.85277e-06 0.00010798 0.00141674 0.0109609 0.050017 0.134781 0.215789 0.211518 0.144123 0.0931284 0.0653562 0.0394438 0.0193999 0.00872131 0.00353596 0.00121085 0.000358683 9.48863e-05 2.30733e-05 5.7027e-06 1.70191e-06 6.19384e-07
 1.50052e-11 1.62867e-09 1.04234e-07 3.93348e-06 8.7525e-05 0.00114838 0.00888532 0.0405607 0.109506 0.176996 0.181412 0.144943 0.122591 0.100551 0.0625111 0.0300265 0.0130355 0.005221 0.00180569 0.000539484 0.000139087 3.0464e-05 5.77123e-06 1.0246e-06 2.01623e-07
 1.48515e-11 1.61199e-09 1.03167e-07 3.8932e-06 8.66287e-05 0.00113661 0.00879425 0.0401434 0.108358 0.174965 0.178524 0.140661 0.117306 0.0977531 0.065408 0.0366124 0.0186021 0.00793104 0.00269576 0.000773189 0.000194597 4.20254e-05 7.56471e-06 1.12308e-06 1.42754e-07
 1.91608e-11 2.07973e-09 1.33102e-07 5.02286e-06 0.000111765 0.00146639 0.0113449 0.0517653 0.139439 0.222819 0.216384 0.142021 0.0846558 0.0566584 0.0355771 0.0198034 0.0104015 0.00483837 0.001888 0.000615432 0.000163494 3.50242e-05 6.13707e-06 8.76641e-07 9.9972e-08
 1.903e-11 2.06552e-09 1.32193e-07 4.98855e-06 0.000111001 0.00145637 0.0112675 0.0514146 0.138526 0.221615 0.21642 0.145249 0.0906557 0.0613227 0.0353126 0.0158952 0.00652662 0.00267676 0.00104047 0.000364705 0.000109042 2.63675e-05 4.98505e-06 7.24893e-07 8.08077e-08
 1.75843e-11 1.90861e-09 1.22151e-07 4.60959e-06 0.000102569 0.00134575 0.0104119 0.047517 0.128115 0.205688 0.204319 0.146451 0.104164 0.0769056 0.0448586 0.0194241 0.00720689 0.00247314 0.000742569 0.000201239 5.29623e-05 1.29963e-05 2.68687e-06 4.32631e-07 5.18583e-08
 1.73754e-11 1.88593e-09 1.20699e-07 4.55482e-06 0.00010135 0.00132976 0.0102882 0.0469532 0.126604 0.203334 0.202321 0.145938 0.105074 0.0784823 0.0465682 0.0209406 0.00817391 0.0028485 0.00080654 0.000185464 3.73862e-05 6.94683e-06 1.20934e-06 1.88907e-07 2.39809e-08
 1.85273e-11 2.01096e-09 1.28701e-07 4.85679e-06 0.000108069 0.00141791 0.01097 0.050059 0.134901 0.216039 0.21203 0.145168 0.0946221 0.0663662 0.039106 0.0180699 0.00739472 0.0027011 0.000802892 0.000193325 3.87953e-05 6.42773e-06 8.86446e-07 1.06184e-07 1.12551e-08
 1.83672e-11 1.99359e-09 1.27589e-07 4.81482e-06 0.000107136 0.00140566 0.0108753 0.0496277 0.133752 0.214304 0.210828 0.145679 0.0966832 0.0684279 0.0399106 0.0178459 0.00700273 0.00252493 0.000772864 0.000197602 4.24231e-05 7.40996e-06 1.02823e-06 1.12724e-07 9.82168e-09
 1.72424e-11 1.8715e-09 1.19776e-07 4.51996e-06 0.000100575 0.00131958 0.0102095 0.0465946 0.125646 0.201869 0.201208 0.146047 0.106304 0.0798681 0.0473552 0.0211855 0.00824509 0.00291472 0.000862127 0.000212543 4.52571e-05 8.16648e-06 1.19854e-06 1.38043e-07 1.21142e-08
 1.62947e-11 1.76863e-09 1.13192e-07 4.27153e-06 9.50469e-05 0.00124706 0.00964861 0.0440392 0.118816 0.191389 0.193089 0.146316 0.114347 0.0894672 0.0536494 0.024063 0.00934723 0.00326801 0.000940555 0.000221216 4.44886e-05 7.63674e-06 1.09294e-06 1.27215e-07 1.15882e-08
 1.66974e-11 1.81234e-09 1.1599e-07 4.37709e-06 9.73956e-05 0.00127787 0.00988691 0.0451241 0.121706 0.195741 0.196061 0.144888 0.108929 0.0840704 0.0515547 0.024711 0.010522 0.0039204 0.00116312 0.000277219 5.5452e-05 9.2401e-06 1.26047e-06 1.3976e-07 1.23563e-08
 1.69881e-11 1.8439e-09 1.18009e-07 4.4533e-06 9.90914e-05 0.00130012 0.010059 0.0459081 0.123802 0.198966 0.198601 0.144938 0.10665 0.0812016 0.0494511 0.0235392 0.0100302 0.00383776 0.0012133 0.00031608 6.82438e-05 1.18562e-05 1.63311e-06 1.77937e-07 1.51555e-08
 1.69622e-11 1.84108e-09 1.17829e-07 4.4465e-06 9.89401e-05 0.00129814 0.0100437 0.0458388 0.123624 0.198753 0.19873 0.145911 0.108348 0.0824618 0.0492528 0.0222899 0.00884297 0.00320269 0.0009792 0.00025191 5.57137e-05 1.02862e-05 1.52266e-06 1.75082e-07 1.52582e-08
 1.78062e-11 1.93269e-09 1.23692e-07 4.66774e-06 0.000103863 0.00136272 0.0105432 0.0481151 0.129713 0.208135 0.206191 0.146308 0.102167 0.0746115 0.0434883 0.0189316 0.00706026 0.00239133 0.000676727 0.000158143 3.2089e-05 5.65695e-06 8.37377e-07 1.00099e-07 9.24315e-09
 1.83881e-11 1.99585e-09 1.27734e-07 4.82029e-06 0.000107257 0.00140726 0.0108876 0.0496841 0.133904 0.214549 0.211073 0.145859 0.0967998 0.0684489 0.0397811 0.0175985 0.00673817 0.00231986 0.000654301 0.00014903 2.8681e-05 4.67822e-06 6.37475e-07 7.19309e-08 6.53892e-09
 1.82707e-11 1.9831e-09 1.26918e-07 4.78951e-06 0.000106572 0.00139827 0.0108181 0.0493678 0.133063 0.21329 0.210255 0.146411 0.0985834 0.0701494 0.0403151 0.0172026 0.00622971 0.00206426 0.000578107 0.000132863 2.56958e-05 4.12733e-06 5.38486e-07 5.67247e-08 4.77541e-09
 1.79003e-11 1.9429e-09 1.24345e-07 4.69241e-06 0.000104412 0.00136993 0.0105989 0.0483695 0.1304 0.209245 0.207323 0.14718 0.102741 0.0745789 0.0425044 0.017401 0.00582708 0.0017754 0.000459648 9.67261e-05 1.72992e-05 2.66494e-06 3.42006e-07 3.53774e-08 2.86906e-09
 1.83383e-11 1.99045e-09 1.27389e-07 4.80725e-06 0.000106967 0.00140345 0.0108582 0.0495506 0.133554 0.214071 0.210989 0.146815 0.0986613 0.0699203 0.0397413 0.0164494 0.00561574 0.00172262 0.000434601 8.55907e-05 1.38734e-05 1.92238e-06 2.24543e-07 2.17063e-08 1.69308e-09
 1.81826e-11 1.97355e-09 1.26307e-07 4.76643e-06 0.000106059 0.00139153 0.010766 0.0491305 0.13243 0.212335 0.209589 0.146678 0.0997053 0.0713087 0.0408416 0.0171682 0.00602527 0.0019047 0.000495092 0.000100965 1.67705e-05 2.28725e-06 2.50337e-07 2.19734e-08 1.55207e-09
 1.8344e-11 1.99107e-09 1.27428e-07 4.80874e-06 0.000107 0.00140389 0.0108616 0.0495661 0.133599 0.21416 0.211165 0.147164 0.0991454 0.0702059 0.039531 0.0159173 0.00517299 0.00152337 0.000381081 7.62036e-05 1.25647e-05 1.72632e-06 1.91393e-07 1.67202e-08 1.13277e-09
 1.79212e-11 1.94517e-09 1.24491e-07 4.69789e-06 0.000104534 0.00137153 0.0106113 0.0484257 0.130549 0.209466 0.207455 0.147045 0.10237 0.0742535 0.0424555 0.0175512 0.00596224 0.00181691 0.000454295 8.80302e-05 1.38733e-05 1.8391e-06 2.00425e-07 1.74855e-08 1.19216e-09
 1.8163e-11 1.97142e-09 1.26171e-07 4.76128e-06 0.000105944 0.00139003 0.0107544 0.0490778 0.132291 0.212136 0.209505 0.146916 0.100226 0.0717428 0.0408735 0.0169004 0.00575695 0.00176611 0.000447616 8.86147e-05 1.42182e-05 1.87614e-06 1.98443e-07 1.665e-08 1.10192e-09
 1.82974e-11 1.98601e-09 1.27104e-07 4.79652e-06 0.000106728 0.00140032 0.010834 0.04944 0.133257 0.213598 0.210542 0.146562 0.0986052 0.0700657 0.0401221 0.0169435 0.00599495 0.00190666 0.00049616 0.000101016 1.67632e-05 2.28687e-06 2.48469e-07 2.11004e-08 1.38283e-09
#obs surv len freq
 1.28686e-11 1.39676e-09 8.93928e-08 3.37341e-06 7.50629e-05 0.000984877 0.0076207 0.0347967 0.0940533 0.152814 0.159994 0.13588 0.124957 0.111909 0.0818444 0.0506068 0.0270952 0.0118567 0.00410986 0.00112153 0.000235451 3.67611e-05 4.13236e-06 3.24389e-07 1.72882e-08
 1.83864e-11 1.99567e-09 1.27722e-07 4.81985e-06 0.000107248 0.00140713 0.0108867 0.0496794 0.133875 0.214299 0.209538 0.140673 0.0878111 0.0621739 0.0423675 0.0255735 0.0133872 0.00569553 0.00190662 0.000498448 9.94265e-05 1.46334e-05 1.53956e-06 1.12447e-07 5.55098e-09
 1.55896e-11 1.6921e-09 1.08294e-07 4.08669e-06 9.09344e-05 0.00119312 0.00923187 0.0421489 0.113851 0.184271 0.189123 0.149346 0.120711 0.0938171 0.0558069 0.0253315 0.010006 0.00361196 0.00111781 0.000277421 5.25503e-05 7.3003e-06 7.20135e-07 4.90251e-08 2.24488e-09
 1.80867e-11 1.96314e-09 1.25641e-07 4.74129e-06 0.0001055 0.00138421 0.0107097 0.048879 0.131803 0.211554 0.209103 0.145261 0.0954511 0.0674574 0.0425105 0.0221834 0.00950516 0.0031389 0.000774622 0.000148975 2.3227e-05 2.85237e-06 2.58292e-07 1.63178e-08 6.93403e-10
 1.66312e-11 1.80516e-09 1.1553e-07 4.35975e-06 9.70103e-05 0.00127284 0.00984873 0.0449639 0.121421 0.196148 0.199124 0.150594 0.112478 0.0825359 0.0480698 0.0217003 0.00826223 0.00265739 0.00067378 0.000128164 1.78386e-05 1.79971e-06 1.31812e-07 6.965e-09 2.58467e-10
 7.25464e-12 7.87423e-10 5.03951e-08 1.90177e-06 4.23186e-05 0.000555348 0.00430052 0.0197062 0.0541046 0.093838 0.12239 0.156328 0.188443 0.170103 0.108467 0.052802 0.0207907 0.00638 0.00146115 0.000250816 3.25003e-05 3.09861e-06 2.08875e-07 9.66674e-09 3.02371e-10
 1.60209e-11 1.73892e-09 1.1129e-07 4.19976e-06 9.34501e-05 0.00122612 0.00948688 0.0433035 0.116819 0.187764 0.186359 0.131326 0.0920961 0.0791796 0.0685475 0.0483125 0.0244948 0.00852631 0.00205914 0.00035404 4.36814e-05 3.82556e-06 2.34304e-07 9.88472e-09 2.81872e-10
 1.80132e-11 1.95516e-09 1.2513e-07 4.72203e-06 0.000105072 0.00137862 0.0106672 0.0486993 0.131463 0.211844 0.212008 0.151143 0.0998233 0.0658552 0.0368984 0.0176343 0.00800783 0.00323679 0.000991146 0.000208605 2.91128e-05 2.67496e-06 1.6218e-07 6.49478e-09 1.71125e-10
 1.59613e-11 1.73245e-09 1.10876e-07 4.18414e-06 9.31037e-05 0.00122163 0.00945379 0.0431844 0.116857 0.19018 0.197592 0.156718 0.120509 0.0861308 0.04791 0.0204244 0.00709182 0.0020378 0.000482937 9.35067e-05 1.3848e-05 1.43083e-06 9.68529e-08 4.17025e-09 1.12966e-10
 1.46899e-11 1.59446e-09 1.02045e-07 3.85088e-06 8.56887e-05 0.00112436 0.008702 0.0397668 0.107784 0.176505 0.187317 0.156458 0.128258 0.0965308 0.0574606 0.0267946 0.00984624 0.00272246 0.000548656 8.18189e-05 9.28201e-06 7.99339e-07 5.01408e-08 2.1612e-09 6.08331e-11
 1.42359e-11 1.54517e-09 9.88911e-08 3.73187e-06 8.30408e-05 0.00108964 0.00843389 0.038552 0.104592 0.171827 0.184038 0.156403 0.130154 0.0992094 0.0606623 0.029518 0.0113551 0.00328058 0.000684474 0.000101618 1.06204e-05 7.73417e-07 3.90805e-08 1.36707e-09 3.27434e-11
 1.67167e-11 1.81444e-09 1.16124e-07 4.38218e-06 9.75109e-05 0.00127947 0.00990177 0.0452334 0.122385 0.198774 0.20388 0.153986 0.109261 0.07603 0.0453642 0.022097 0.00856751 0.00251154 0.000536347 8.17431e-05 8.69355e-06 6.29379e-07 3.04063e-08 9.67429e-10 2.01009e-11
 1.52766e-11 1.65813e-09 1.06121e-07 4.00469e-06 8.91123e-05 0.00116934 0.00905145 0.0413838 0.112327 0.18459 0.196786 0.162607 0.126501 0.0878613 0.0477856 0.0203751 0.00705999 0.00194034 0.000402508 6.06505e-05 6.42527e-06 4.64306e-07 2.23209e-08 7.00075e-10 1.41069e-11
 1.29104e-11 1.4013e-09 8.96834e-08 3.38442e-06 7.5312e-05 0.000988342 0.0076531 0.0350362 0.0955587 0.15975 0.179578 0.165771 0.144819 0.108188 0.062365 0.0277604 0.00951393 0.00242297 0.00044917 6.06019e-05 5.89713e-06 4.02374e-07 1.86034e-08 5.66166e-10 1.10982e-11
 1.22478e-11 1.32938e-09 8.50809e-08 3.21075e-06 7.14482e-05 0.000937679 0.00726187 0.0332611 0.0908534 0.152542 0.173271 0.162752 0.145504 0.113345 0.0701285 0.0338226 0.012316 0.00324057 0.000602166 7.83802e-05 7.07832e-06 4.37582e-07 1.82583e-08 5.0654e-10 9.18677e-12
 1.36482e-11 1.48139e-09 9.4809e-08 3.57786e-06 7.96171e-05 0.00104486 0.0080909 0.0370376 0.100927 0.167833 0.184502 0.161118 0.133142 0.099743 0.0613891 0.0300416 0.0112668 0.00309079 0.000600451 8.0734e-05 7.35355e-06 4.45387e-07 1.7691e-08 4.56028e-10 7.56001e-12
 1.3574e-11 1.47333e-09 9.42939e-08 3.55844e-06 7.91866e-05 0.00103928 0.00804949 0.0368746 0.10071 0.16858 0.188226 0.167599 0.13759 0.0981672 0.0559189 0.0252769 0.00896193 0.00239233 0.000462243 6.26077e-05 5.76932e-06 3.52342e-07 1.39716e-08 3.54277e-10 5.67921e-12
 1.3993e-11 1.51882e-09 9.72049e-08 3.66831e-06 8.16322e-05 0.0010714 0.00829876 0.0380203 0.103839 0.173611 0.192533 0.168067 0.134328 0.0941303 0.0528343 0.0231405 0.00773745 0.0019137 0.000342639 4.36154e-05 3.84709e-06 2.28208e-07 8.86375e-09 2.20745e-10 3.46981e-12
 1.41579e-11 1.53671e-09 9.83501e-08 3.71155e-06 8.25959e-05 0.00108411 0.00839845 0.0384932 0.105242 0.176346 0.196061 0.170487 0.133762 0.0910658 0.0494429 0.0208992 0.00673183 0.00159433 0.00026992 3.20318e-05 2.61287e-06 1.43467e-07 5.19567e-09 1.21798e-10 1.81754e-12
 1.42123e-11 1.54262e-09 9.87287e-08 3.72587e-06 8.29164e-05 0.00108839 0.00843321 0.0386727 0.105874 0.17793 0.198697 0.172817 0.133909 0.0890898 0.0469258 0.0190702 0.0058562 0.00131504 0.000210264 2.34616e-05 1.78898e-06 9.12126e-08 3.04984e-09 6.58076e-11 9.04071e-13
 1.43934e-11 1.56228e-09 9.99872e-08 3.77339e-06 8.39758e-05 0.00110236 0.00854294 0.0391924 0.107397 0.180767 0.20194 0.17438 0.132596 0.0861179 0.0441581 0.0173473 0.00510186 0.00108787 0.000163943 1.71364e-05 1.21861e-06 5.77589e-08 1.79034e-09 3.5711e-11 4.52251e-13
 1.47959e-11 1.60596e-09 1.02783e-07 3.87894e-06 8.63265e-05 0.00113328 0.00878353 0.0403053 0.110476 0.185838 0.2065 0.175161 0.12921 0.081317 0.0404535 0.0153644 0.00434357 0.000885034 0.000126608 1.24704e-05 8.29936e-07 3.66124e-08 1.05205e-09 1.93997e-11 2.26689e-13
 1.45522e-11 1.57951e-09 1.01091e-07 3.81514e-06 8.49108e-05 0.00111484 0.00864395 0.0397058 0.109126 0.184751 0.207837 0.178661 0.131586 0.0809631 0.0388108 0.0140819 0.00378761 0.000732781 9.92629e-05 9.22099e-06 5.76132e-07 2.37534e-08 6.35244e-10 1.08621e-11 1.17345e-13
 1.45248e-11 1.57654e-09 1.00902e-07 3.80805e-06 8.47568e-05 0.00111295 0.00863173 0.0396772 0.109216 0.185443 0.209353 0.179901 0.131427 0.0798952 0.0377227 0.0133525 0.00345464 0.000634976 8.10342e-05 7.05632e-06 4.12071e-07 1.58466e-08 3.94521e-10 6.26714e-12 6.2768e-14
 1.43955e-11 1.56252e-09 1.00005e-07 3.77428e-06 8.40101e-05 0.00110331 0.0085604 0.0393875 0.108663 0.185352 0.210715 0.181862 0.132067 0.0790886 0.0366268 0.0126639 0.00318344 0.00056483 6.90102e-05 5.69869e-06 3.1278e-07 1.12281e-08 2.59778e-10 3.82484e-12 3.54506e-14
 1.32049e-11 1.4333e-09 9.17364e-08 3.46243e-06 7.70804e-05 0.00101273 0.00786634 0.0363024 0.100931 0.175423 0.207125 0.188279 0.141838 0.0854114 0.0389019 0.0130599 0.00316254 0.00053784 6.27389e-05 4.92578e-06 2.55827e-07 8.64507e-09 1.87307e-10 2.5702e-12 2.2112e-14
 1.33553e-11 1.44963e-09 9.27824e-08 3.50199e-06 7.79651e-05 0.00102446 0.00795919 0.0367422 0.102165 0.177306 0.208052 0.186889 0.139658 0.0844893 0.0388822 0.0130669 0.00311138 0.000511682 5.7044e-05 4.2481e-06 2.08249e-07 6.61945e-09 1.34524e-10 1.72689e-12 1.38629e-14
 1.34689e-11 1.46197e-09 9.35739e-08 3.532e-06 7.8641e-05 0.00103358 0.0080341 0.0371281 0.103447 0.18005 0.211479 0.188421 0.137804 0.0810288 0.0362813 0.0119204 0.00278716 0.000450131 4.89963e-05 3.52699e-06 1.65297e-07 4.97599e-09 9.51088e-11 1.14291e-12 8.56201e-15
#pred catch len freq
 1.08031e-11 1.17257e-09 7.50443e-08 2.83194e-06 6.30145e-05 0.000826794 0.00639755 0.0292138 0.0790015 0.128742 0.13691 0.122404 0.120093 0.110259 0.0816071 0.0549983 0.0375132 0.0255681 0.0177976 0.0130113 0.0101826 0.00864058 0.00753579 0.00582746 0.00340494
 1.33746e-11 1.45169e-09 9.29076e-08 3.50605e-06 7.80141e-05 0.00102359 0.00791999 0.0361579 0.0976714 0.15829 0.164234 0.136488 0.122322 0.105763 0.0722957 0.042267 0.0239391 0.0130041 0.00698663 0.0040157 0.00256135 0.00184241 0.00144409 0.00106972 0.000624058
 1.41373e-11 1.53447e-09 9.82056e-08 3.70597e-06 8.24627e-05 0.00108196 0.00837157 0.0382187 0.103227 0.167203 0.17305 0.14262 0.125926 0.106235 0.0683071 0.0351767 0.0169277 0.00767584 0.0032182 0.00133993 0.000603927 0.000319548 0.000202187 0.000134203 7.52081e-05
 1.35931e-11 1.4754e-09 9.44256e-08 3.56333e-06 7.92888e-05 0.00104032 0.00804953 0.0367519 0.0993128 0.161245 0.168669 0.143564 0.131837 0.112939 0.0724063 0.0365708 0.0168299 0.00698708 0.00249401 0.00081017 0.000257958 8.76666e-05 3.62914e-05 1.84985e-05 9.2453e-06
 1.39083e-11 1.50961e-09 9.66148e-08 3.64595e-06 8.1127e-05 0.00106444 0.00823604 0.0376012 0.101576 0.164668 0.171076 0.142668 0.127943 0.108982 0.070767 0.0368773 0.0175331 0.00734136 0.00255091 0.000761693 0.000202404 4.93222e-05 1.22011e-05 3.64244e-06 1.3257e-06
 1.00983e-11 1.09607e-09 7.01485e-08 2.64719e-06 5.89038e-05 0.000772876 0.00598103 0.0273276 0.0741183 0.122536 0.138438 0.143756 0.160251 0.147403 0.0957114 0.0481167 0.0219813 0.0090847 0.00318645 0.000958796 0.000248116 5.4439e-05 1.03212e-05 1.833e-06 3.6075e-07
 9.79613e-12 1.06328e-09 6.80495e-08 2.56798e-06 5.71412e-05 0.000749748 0.00580197 0.0265076 0.0718696 0.11862 0.133122 0.136333 0.151375 0.1429 0.100966 0.0596483 0.0316863 0.0138113 0.00474353 0.0013697 0.000346167 7.4907e-05 1.34947e-05 2.00416e-06 2.54782e-07
 1.48009e-11 1.60649e-09 1.02815e-07 3.87993e-06 8.63333e-05 0.00113274 0.00876421 0.0400053 0.107972 0.174237 0.177289 0.138451 0.11423 0.0955132 0.0656833 0.0390099 0.0215324 0.0102646 0.0040503 0.00132827 0.000353978 7.59466e-05 1.33179e-05 1.90308e-06 2.17062e-07
 1.53034e-11 1.66103e-09 1.06306e-07 4.01165e-06 8.92644e-05 0.0011712 0.00906183 0.0413651 0.111659 0.180328 0.18413 0.145302 0.120695 0.0977987 0.0599757 0.0281518 0.0121198 0.00513358 0.00202349 0.000713355 0.000213801 5.17511e-05 9.78827e-06 1.42362e-06 1.58714e-07
 1.37281e-11 1.49006e-09 9.53636e-08 3.59873e-06 8.00764e-05 0.00105065 0.00812956 0.0371185 0.10032 0.163016 0.171148 0.147173 0.136305 0.115498 0.0704432 0.0314828 0.0121493 0.00429414 0.00130757 0.00035686 9.42807e-05 2.31724e-05 4.79323e-06 7.71921e-07 9.25342e-08
 1.32802e-11 1.44144e-09 9.22518e-08 3.4813e-06 7.74635e-05 0.00101637 0.0078644 0.0359099 0.0970816 0.157979 0.166913 0.14621 0.138461 0.119001 0.0740201 0.0345131 0.0140497 0.00503782 0.00144493 0.000334505 6.77331e-05 1.26175e-05 2.19893e-06 3.43622e-07 4.36267e-08
 1.45323e-11 1.57734e-09 1.0095e-07 3.80953e-06 8.47671e-05 0.00111219 0.00860547 0.0392857 0.106098 0.171762 0.177338 0.145021 0.126558 0.105456 0.0660228 0.0318589 0.0136495 0.00513307 0.00154572 0.000374741 7.55238e-05 1.25423e-05 1.73168e-06 2.07548e-07 2.20046e-08
 1.44391e-11 1.56722e-09 1.00302e-07 3.78508e-06 8.4223e-05 0.00110506 0.00855029 0.0390348 0.105434 0.170801 0.176872 0.145963 0.128733 0.107273 0.0661472 0.0307578 0.0126203 0.00469202 0.00145634 0.000374908 8.0799e-05 1.41402e-05 1.96391e-06 2.15395e-07 1.87715e-08
 1.34495e-11 1.45982e-09 9.3428e-08 3.52568e-06 7.84511e-05 0.00102933 0.00796461 0.0363666 0.0983042 0.159871 0.168455 0.146413 0.137395 0.117488 0.0726864 0.0335546 0.0135478 0.00491294 0.00147015 0.000364555 7.78934e-05 1.40802e-05 2.06804e-06 2.38266e-07 2.09125e-08
 1.21623e-11 1.3201e-09 8.44864e-08 3.18826e-06 7.09431e-05 0.000930828 0.00720276 0.0328956 0.0890262 0.145625 0.157375 0.146634 0.148101 0.130387 0.0813112 0.0376791 0.0152244 0.00547003 0.00159394 0.00037726 7.61695e-05 1.31028e-05 1.87702e-06 2.18571e-07 1.99134e-08
 1.24754e-11 1.35409e-09 8.66613e-08 3.27033e-06 7.27693e-05 0.000954786 0.007388 0.0337383 0.0912609 0.148912 0.159225 0.144254 0.141954 0.124909 0.0802256 0.0399751 0.0177264 0.00676812 0.00202973 0.00048665 9.7727e-05 1.63197e-05 2.22849e-06 2.4721e-07 2.18608e-08
 1.31015e-11 1.42204e-09 9.10107e-08 3.43446e-06 7.64213e-05 0.0010027 0.00775859 0.0354269 0.0957773 0.155869 0.164744 0.1445 0.137262 0.118897 0.0756918 0.0373064 0.01649 0.00645316 0.00206058 0.000539576 0.000116845 2.03307e-05 2.80244e-06 3.05454e-07 2.6021e-08
 1.34018e-11 1.45464e-09 9.30968e-08 3.51319e-06 7.81731e-05 0.00102568 0.00793639 0.0362379 0.0979583 0.159324 0.167954 0.14617 0.137399 0.117675 0.0730397 0.0339969 0.0139299 0.00515709 0.00159249 0.000411702 9.13079e-05 1.68808e-05 2.50036e-06 2.87578e-07 2.50652e-08
 1.40255e-11 1.52233e-09 9.74289e-08 3.67667e-06 8.18106e-05 0.00107341 0.00830553 0.0379202 0.102462 0.166296 0.173655 0.146981 0.13363 0.112435 0.0686336 0.0308511 0.0119597 0.00416739 0.00119497 0.000281076 5.72613e-05 1.01159e-05 1.49881e-06 1.79233e-07 1.6553e-08
 1.48423e-11 1.61099e-09 1.03103e-07 3.89079e-06 8.65752e-05 0.00113592 0.00878898 0.0401225 0.108345 0.175297 0.180501 0.146332 0.126068 0.103768 0.0634425 0.0290108 0.0115315 0.0040752 0.0011631 0.000266498 5.14814e-05 8.41491e-06 1.14778e-06 1.2957e-07 1.17809e-08
 1.51249e-11 1.64166e-09 1.05066e-07 3.96488e-06 8.82236e-05 0.00115754 0.00895627 0.0408852 0.110391 0.178497 0.183277 0.147226 0.125152 0.101877 0.0611238 0.0267565 0.00998868 0.00338811 0.000959356 0.000221627 4.29915e-05 6.91651e-06 9.03068e-07 9.51638e-08 8.01277e-09
 1.46985e-11 1.59538e-09 1.02104e-07 3.85309e-06 8.57363e-05 0.00112491 0.00870391 0.0397361 0.107328 0.173861 0.180005 0.148398 0.130376 0.107273 0.063537 0.0265945 0.00916599 0.00286368 0.000750777 0.000158902 2.85166e-05 4.40155e-06 5.65382e-07 5.85061e-08 4.74556e-09
 1.49721e-11 1.62507e-09 1.04005e-07 3.92481e-06 8.7332e-05 0.00114585 0.00886582 0.0404735 0.109296 0.176859 0.182218 0.147963 0.127516 0.10417 0.0619329 0.0263218 0.0092905 0.00292969 0.000749099 0.000148444 2.41583e-05 3.35615e-06 3.92523e-07 3.79667e-08 2.96213e-09
 1.51849e-11 1.64817e-09 1.05483e-07 3.98059e-06 8.85732e-05 0.00116213 0.00899176 0.0410471 0.110827 0.17919 0.183937 0.147615 0.125271 0.10172 0.0606338 0.0260743 0.00940506 0.00303869 0.000798081 0.000163536 2.72458e-05 3.72275e-06 4.07833e-07 3.58141e-08 2.53028e-09
 1.51434e-11 1.64367e-09 1.05194e-07 3.96971e-06 8.83312e-05 0.00115895 0.00896723 0.0409359 0.110536 0.178799 0.183903 0.148512 0.12697 0.103022 0.0605051 0.0249282 0.00834822 0.00252661 0.000640981 0.000128987 2.13472e-05 2.93952e-06 3.26256e-07 2.85166e-08 1.93244e-09
 1.47269e-11 1.59846e-09 1.02301e-07 3.86054e-06 8.5902e-05 0.00112708 0.00872072 0.0398126 0.10753 0.17416 0.180172 0.148182 0.129825 0.106803 0.0634937 0.0268517 0.0093885 0.00293102 0.000741535 0.000144463 2.28455e-05 3.03533e-06 3.31173e-07 2.89076e-08 1.9714e-09
 1.47681e-11 1.60293e-09 1.02587e-07 3.87133e-06 8.61422e-05 0.00113024 0.00874509 0.0399235 0.107826 0.174608 0.180495 0.148087 0.129347 0.106296 0.0632445 0.0268349 0.00944731 0.00297915 0.000765245 0.000152429 2.45517e-05 3.24757e-06 3.43933e-07 2.88745e-08 1.91154e-09
 1.4049e-11 1.52488e-09 9.75923e-08 3.68283e-06 8.19478e-05 0.00107521 0.00831946 0.037984 0.102637 0.166604 0.174084 0.147602 0.134398 0.112879 0.068306 0.0299823 0.011145 0.00368364 0.000976136 0.00020048 3.3461e-05 4.5812e-06 4.98652e-07 4.23835e-08 2.77883e-09
#obs catch len freq
 1.09139e-11 1.18461e-09 7.58146e-08 2.86101e-06 6.36615e-05 0.000835296 0.00646375 0.0295246 0.0799457 0.131015 0.142305 0.133674 0.137189 0.128811 0.095971 0.0602128 0.0326602 0.0144698 0.00508821 0.0014121 0.00030202 4.80866e-05 5.51233e-06 4.40877e-07 2.39071e-08
 1.11804e-11 1.21353e-09 7.76656e-08 2.93086e-06 6.52159e-05 0.000855694 0.00662169 0.0302477 0.0819169 0.134286 0.14575 0.135875 0.137211 0.126895 0.0932961 0.0575374 0.0304615 0.0130918 0.00443426 0.00117511 0.000237967 3.56038e-05 3.81126e-06 2.83276e-07 1.42238e-08
 1.72269e-11 1.86982e-09 1.19668e-07 4.51591e-06 0.000100485 0.00131841 0.0102006 0.0465553 0.125541 0.201581 0.199778 0.140725 0.0963169 0.0725295 0.0501911 0.0302281 0.0156236 0.006518 0.00212864 0.000539547 0.00010365 1.45974e-05 1.46063e-06 1.00904e-07 4.68902e-09
 1.4374e-11 1.56016e-09 9.98503e-08 3.76805e-06 8.38444e-05 0.00110011 0.00851277 0.0388775 0.105157 0.171215 0.179909 0.151466 0.13169 0.104967 0.0623828 0.0281671 0.0110283 0.0039141 0.00118139 0.000283879 5.17078e-05 6.86366e-06 6.43127e-07 4.13679e-08 1.78164e-09
 1.72016e-11 1.86707e-09 1.19492e-07 4.50927e-06 0.000100337 0.00131648 0.0101861 0.0464969 0.12547 0.202021 0.202245 0.146388 0.102929 0.075521 0.0478112 0.0247476 0.0104195 0.00336006 0.000807585 0.000150692 2.26277e-05 2.65414e-06 2.28018e-07 1.35949e-08 5.42848e-10
 1.57769e-11 1.71243e-09 1.09596e-07 4.13581e-06 9.20276e-05 0.00120748 0.0093435 0.0426676 0.115338 0.187117 0.19306 0.152641 0.120392 0.0900754 0.0522979 0.023403 0.00877966 0.00275917 0.000679025 0.000124676 1.66666e-05 1.60696e-06 1.11824e-07 5.57796e-09 1.94322e-10
 6.58535e-12 7.14778e-10 4.57458e-08 1.72633e-06 3.84152e-05 0.000504156 0.00390517 0.0179151 0.0494165 0.0871823 0.118846 0.159598 0.1953 0.175224 0.110614 0.0531707 0.0205275 0.00613565 0.0013632 0.00022595 2.80902e-05 2.55353e-06 1.63296e-07 7.13786e-09 2.09951e-10
 1.53613e-11 1.66732e-09 1.06709e-07 4.02685e-06 8.9603e-05 0.00117566 0.00909676 0.0415291 0.112102 0.180636 0.181005 0.131412 0.0968716 0.0855349 0.0737212 0.0508988 0.0251001 0.00847348 0.00197918 0.000327666 3.87218e-05 3.2316e-06 1.87683e-07 7.47223e-09 2.00237e-10
 1.75542e-11 1.90535e-09 1.21942e-07 4.60173e-06 0.000102395 0.00134351 0.010396 0.0474696 0.128231 0.207174 0.209226 0.152799 0.104114 0.0694086 0.0387289 0.018386 0.00822115 0.0032257 0.000949823 0.000191277 2.54568e-05 2.22333e-06 1.27662e-07 4.82292e-09 1.19425e-10
 1.5525e-11 1.6851e-09 1.07846e-07 4.0698e-06 9.05597e-05 0.00118827 0.00919628 0.0420196 0.113821 0.185924 0.195449 0.158974 0.124905 0.0892296 0.049075 0.0206057 0.00700829 0.00196195 0.000450609 8.38133e-05 1.18132e-05 1.15484e-06 7.37214e-08 2.98661e-09 7.59514e-11
 1.43179e-11 1.55407e-09 9.94607e-08 3.75336e-06 8.35192e-05 0.00109592 0.00848261 0.0387767 0.105224 0.17301 0.185817 0.158755 0.132123 0.0990513 0.0582318 0.0266648 0.00954722 0.00255704 0.000497414 7.13032e-05 7.72681e-06 6.3085e-07 3.72662e-08 1.50582e-09 3.96333e-11
 1.39326e-11 1.51225e-09 9.67843e-08 3.65237e-06 8.12724e-05 0.00106647 0.0082553 0.0377486 0.102536 0.169121 0.183165 0.158683 0.133447 0.101111 0.0610126 0.0291191 0.0108988 0.00304454 0.000611272 8.68974e-05 8.65352e-06 5.97658e-07 2.85007e-08 9.359e-10 2.09385e-11
 1.65213e-11 1.79323e-09 1.14767e-07 4.33096e-06 9.63715e-05 0.00126455 0.00978687 0.0447183 0.121082 0.197125 0.203537 0.155702 0.111456 0.0771356 0.0453971 0.0216665 0.00816566 0.00231219 0.000474436 6.90913e-05 6.98453e-06 4.78522e-07 2.17942e-08 6.51388e-10 1.26699e-11
 1.51279e-11 1.64199e-09 1.05087e-07 3.96571e-06 8.82457e-05 0.001158 0.00896453 0.0409995 0.111399 0.18363 0.197245 0.164709 0.128236 0.0880008 0.0470838 0.0196778 0.00663499 0.00176132 0.000350706 5.0422e-05 5.06891e-06 3.45991e-07 1.56512e-08 4.60427e-10 8.67866e-12
 1.28128e-11 1.39072e-09 8.90061e-08 3.35888e-06 7.47445e-05 0.000980938 0.00759686 0.034795 0.0950368 0.159509 0.180811 0.168241 0.146321 0.107736 0.0609789 0.0265063 0.00880711 0.00216279 0.000384864 4.95629e-05 4.57457e-06 2.94444e-07 1.27878e-08 3.64385e-10 6.67056e-12
 1.22041e-11 1.32464e-09 8.47775e-08 3.19931e-06 7.11949e-05 0.0009344 0.00723762 0.0331664 0.0907258 0.152906 0.17496 0.16525 0.146812 0.112676 0.0683781 0.0321254 0.0113128 0.00286339 0.000509453 6.3172e-05 5.40727e-06 3.15348e-07 1.23587e-08 3.20778e-10 5.42556e-12
 1.36625e-11 1.48294e-09 9.49084e-08 3.58163e-06 7.9702e-05 0.00104602 0.00810093 0.037098 0.101203 0.16875 0.186429 0.163255 0.133857 0.098703 0.0595446 0.0283687 0.0102804 0.0027085 0.000502586 6.42096e-05 5.53172e-06 3.15653e-07 1.17705e-08 2.83912e-10 4.39111e-12
 1.36272e-11 1.47911e-09 9.46633e-08 3.57241e-06 7.94986e-05 0.00104343 0.00808286 0.0370437 0.101291 0.170007 0.190586 0.16966 0.137663 0.096431 0.0537953 0.0236823 0.00811495 0.00207933 0.000383279 4.92397e-05 4.2828e-06 2.4591e-07 9.13861e-09 2.1659e-10 3.23783e-12
 1.40792e-11 1.52817e-09 9.78039e-08 3.69094e-06 8.21372e-05 0.00107809 0.00835182 0.0382796 0.10466 0.175389 0.195093 0.169985 0.134073 0.092095 0.0505141 0.0214958 0.00693577 0.00164573 0.00028106 3.39171e-05 2.82041e-06 1.57034e-07 5.70556e-09 1.32574e-10 1.94032e-12
 1.42809e-11 1.55006e-09 9.92047e-08 3.74383e-06 8.33159e-05 0.00109362 0.00847354 0.0388541 0.106339 0.178545 0.198892 0.172239 0.133036 0.0886283 0.0469645 0.0192658 0.00597997 0.00135649 0.000218741 2.45878e-05 1.88994e-06 9.73465e-08 3.29474e-09 7.19661e-11 9.98371e-13
 1.43661e-11 1.55931e-09 9.9797e-08 3.76621e-06 8.38162e-05 0.00110027 0.00852679 0.0391193 0.107205 0.180488 0.201758 0.174427 0.132783 0.0863032 0.0443002 0.0174483 0.00515729 0.00110802 0.000168559 1.77958e-05 1.27748e-06 6.10605e-08 1.90728e-09 3.83325e-11 4.8932e-13
 1.45694e-11 1.58138e-09 1.0121e-07 3.81956e-06 8.50057e-05 0.00111596 0.00864995 0.0397013 0.108898 0.183577 0.205133 0.175832 0.13116 0.0831031 0.0414666 0.0157657 0.00445724 0.000908278 0.000130098 1.28554e-05 8.59968e-07 3.81848e-08 1.10506e-09 2.05219e-11 2.41417e-13
 1.49923e-11 1.62728e-09 1.04148e-07 3.93048e-06 8.74762e-05 0.00114846 0.00890287 0.0408711 0.112127 0.188851 0.209746 0.176396 0.127473 0.0781453 0.037775 0.013867 0.00376393 0.000732044 9.94222e-05 9.24873e-06 5.78589e-07 2.38975e-08 6.40814e-10 1.09971e-11 1.19325e-13
 1.47686e-11 1.60301e-09 1.02595e-07 3.87196e-06 8.61785e-05 0.00113159 0.00877573 0.0403308 0.110946 0.188038 0.211264 0.17976 0.129492 0.0775179 0.0360689 0.0126368 0.0032601 0.000601386 7.72586e-05 6.77163e-06 3.9738e-07 1.53293e-08 3.82374e-10 6.08261e-12 6.10021e-14
 1.47565e-11 1.6017e-09 1.02512e-07 3.86891e-06 8.61148e-05 0.0011309 0.00877302 0.0403473 0.111162 0.188918 0.212882 0.180905 0.129139 0.076291 0.0349107 0.0119136 0.00295294 0.000517041 6.2528e-05 5.13348e-06 2.81352e-07 1.01163e-08 2.34772e-10 3.46788e-12 3.22312e-14
 1.46458e-11 1.58969e-09 1.01745e-07 3.84004e-06 8.5478e-05 0.00112272 0.00871328 0.0401125 0.110761 0.18906 0.214372 0.18274 0.129521 0.0752969 0.0337559 0.0112382 0.00270298 0.000456279 5.27686e-05 4.10485e-06 2.11329e-07 7.09009e-09 1.52853e-10 2.0919e-12 1.79859e-14
 1.34763e-11 1.46277e-09 9.36234e-08 3.53375e-06 7.86737e-05 0.00103383 0.00803304 0.037097 0.103248 0.17954 0.21118 0.189195 0.138933 0.0811816 0.0357686 0.0115515 0.00267369 0.000432155 4.76667e-05 3.52198e-06 1.71432e-07 5.41084e-09 1.09193e-10 1.39238e-12 1.11106e-14
 1.36379e-11 1.48031e-09 9.47471e-08 3.57626e-06 7.96247e-05 0.00104645 0.00813289 0.0375692 0.104565 0.181532 0.212163 0.187818 0.136748 0.0801663 0.0356168 0.0114928 0.0026123 0.000407941 4.29705e-05 3.00932e-06 1.38159e-07 4.09894e-09 7.75412e-11 9.24556e-13 6.88151e-15
#spawning biomass
 3578.07 5284.5 8820.76 15069.7 26014.2 32568 28306.2 33978.3 60167.3 79632 84046.1 102231 143069 172958 154944 138822 135417 124095 111320 131144 156901 156904 157631 177670 174480 182708 180166 200869 251900 190161 64564.2 22412.2 14298.4 12970.7 12769.2 12740.1 12736 12735.4 12735.4 12735.4 12735.4 12735.4 12735.4 12735.4 12735.4 12735.4 12735.4 12735.4 12735.4 12735.4 12735.4 12735.4 12735.4 12735.4 12735.4 12735.4 12735.4 12735.4 12735.4 12735.4 12735.4 12735.4 12735.4 12735.4 12735.4 12735.4 12735.4 12735.4 12735.4 12735.4 12735.4 12735.4 12735.4 12735.4 12735.4 12735.4 12735.4 12735.4 12735.4 12735.4 12735.4 12735.4 12735.4 12735.4 12735.4 12735.4 12735.4 12735.4 12735.4 12735.4 12735.4 12735.4 12735.4 12735.4 12735.4 12735.4 12735.4 12735.4 12735.4 12735.4 12735.4 12735.4 12735.4 12735.4 12735.4 12735.4 12735.4 12735.4 12735.4 12735.4 12735.4 12735.4 12735.4 12735.4 12735.4 12735.4 12735.4 12735.4 12735.4 12735.4 12735.4 12735.4 12735.4 12735.4 12735.4 12735.4 12735.4 12735.4 0 0 0 0 0 0 0 0 0 0 0 0 0 0 0 0 0 0 0 0 0 0 0 0 0
