SBPRF35
0.0922388
Curr Bio
186192
B35
123405
F35
2.076
FOFL
2.076
OFL
110415
Bzero
26351.4
#pred survey bio
 13295.9 13693.4 13300.9 17147.2 19672.1 21412.2 24464.6 35277.4 46789 64150.3 81544 97696.7 120822 139137 136565 120051 111895 110847 108731 105685 111137 103892 110973 126035 138221 145570 149190 141393 3.45029e+06 2.62961e+06 802218 415097 293432 240148 214262 201445 195106 191988 190462 189720 189361 189188 189104 189064 189045 189036 189031 189029 189028 189028 189028 189028 189028 189028 189028 189028 189028 189028 189028 189028 189028 189028 189028 189028 189028 189028 189028 189028 189028 189028 189028 189028 189028 189028 189028 189028 189028 189028 189028 189028 189028 189028 189028 189028 189028 189028 189028 189028 189028 189028 189028 189028 189028 189028 189028 189028 189028 189028 189028 189028 189028 189028 189028 189028 189028 189028 189028 189028 189028 189028 189028 189028 189028 189028 189028 189028 189028 189028 189028 189028 189028 189028 189028 189028 189028 189028 189028 189028 0 0 0 0 0 0 0 0 0 0 0 0 0 0 0 0 0 0 0 0 0 0 0 0 0
#obs survey bio
 10538.9 9893.69 11814.5 21776.5 17985.2 21861.3 25685.5 43101.6 51986.3 70239.8 87081.3 134499 100869 99919.8 118337 119711 97757.6 99498.6 81587.6 122779 123566 117528 135446 171200 161725 111378 137325 140520
#pred catch bio
 4718.51 7031 6807.78 9511.94 10392.8 12972.3 13456 21810.8 26393.3 38968.3 51491.9 62205.6 85075.9 101327 97563 85807.1 81571.1 84903.6 87096.5 79525 91322 82321.3 83935.6 97505.5 111285 118640 125075 109032 110415 77801.2 12438.8 5861.44 5301.97 5259.06 5255.99 5255.78 5255.76 5255.76 5255.76 5255.76 5255.76 5255.76 5255.76 5255.76 5255.76 5255.76 5255.76 5255.76 5255.76 5255.76 5255.76 5255.76 5255.76 5255.76 5255.76 5255.76 5255.76 5255.76 5255.76 5255.76 5255.76 5255.76 5255.76 5255.76 5255.76 5255.76 5255.76 5255.76 5255.76 5255.76 5255.76 5255.76 5255.76 5255.76 5255.76 5255.76 5255.76 5255.76 5255.76 5255.76 5255.76 5255.76 5255.76 5255.76 5255.76 5255.76 5255.76 5255.76 5255.76 5255.76 5255.76 5255.76 5255.76 5255.76 5255.76 5255.76 5255.76 5255.76 5255.76 5255.76 5255.76 5255.76 5255.76 5255.76 5255.76 5255.76 5255.76 5255.76 5255.76 5255.76 5255.76 5255.76 5255.76 5255.76 5255.76 5255.76 5255.76 5255.76 5255.76 5255.76 5255.76 5255.76 5255.76 5255.76 5255.76 5255.76 5255.76 5255.76 0 0 0 0 0 0 0 0 0 0 0 0 0 0 0 0 0 0 0 0 0 0 0 0 0
#obs catch bio
 10109.6 7791.8 7397.84 9224.61 11018 13215.7 13451.6 20909.6 25337.9 37027.8 48999.1 58379.5 85330.9 106776 103495 93734.8 81393.9 85295.6 90578.6 78866.1 86112.5 79455.8 77342.2 88668.3 102744 117093 120287 108024
#pred cpue bio
 12552.6 13064.4 12079 15591.1 18464.3 19706.9 21942.4 31377.9 42138.7 57619.7 73836.5 88426.4 108054 125793 127143 111044 102228 100738 98317.9 95059.3 100915 92933.5 99127.9 112570 123713 129584 134529 126583 3.12095e+06 2.77325e+06 791220 402469 280779 227494 201608 188790 182452 179333 177808 177066 176707 176533 176450 176409 176390 176381 176377 176375 176374 176374 176373 176373 176373 176373 176373 176373 176373 176373 176373 176373 176373 176373 176373 176373 176373 176373 176373 176373 176373 176373 176373 176373 176373 176373 176373 176373 176373 176373 176373 176373 176373 176373 176373 176373 176373 176373 176373 176373 176373 176373 176373 176373 176373 176373 176373 176373 176373 176373 176373 176373 176373 176373 176373 176373 176373 176373 176373 176373 176373 176373 176373 176373 176373 176373 176373 176373 176373 176373 176373 176373 176373 176373 176373 176373 176373 176373 176373 176373 0 0 0 0 0 0 0 0 0 0 0 0 0 0 0 0 0 0 0 0 0 0 0 0 0
#obs cpue bio
 8486.8 10480 12552.7 15442.7 14153.5 20747 21419 34153.3 41621.3 70033.5 78775 88777 102664 126857 113378 80669.8 135939 109909 104640 88433.5 139576 82367.6 126007 120518 139468 147763 194714 127736
#pred surv len freq
 1.15126e-11 1.24958e-09 7.99728e-08 3.01793e-06 6.71529e-05 0.000881094 0.00681773 0.0311329 0.0841976 0.137259 0.146186 0.131136 0.128465 0.115573 0.0805289 0.048716 0.029799 0.0185912 0.011981 0.00821775 0.00611103 0.00498733 0.00423964 0.00323321 0.00187623
 1.05346e-11 1.14343e-09 7.31796e-08 2.76157e-06 6.14489e-05 0.000806263 0.00623909 0.0284994 0.0771976 0.126832 0.139654 0.1366 0.145305 0.133555 0.0909175 0.0514283 0.0282582 0.0151409 0.0079749 0.00437002 0.0026038 0.00175326 0.00131041 0.000945596 0.000544832
 1.36471e-11 1.48126e-09 9.48007e-08 3.57748e-06 7.96037e-05 0.00104445 0.0080814 0.0368954 0.0996722 0.161601 0.167986 0.140358 0.126304 0.108233 0.0714765 0.0389604 0.0203306 0.0101167 0.00470588 0.00212248 0.000972074 0.000488971 0.000287301 0.000181117 9.89992e-05
 1.35318e-11 1.46875e-09 9.39997e-08 3.54726e-06 7.89312e-05 0.00103563 0.00801329 0.0365877 0.0988856 0.160686 0.168707 0.145118 0.134616 0.114746 0.0714096 0.0338711 0.0149071 0.00661263 0.00283721 0.00115444 0.000443545 0.000167702 6.92347e-05 3.30949e-05 1.57451e-05
 1.16655e-11 1.26618e-09 8.10354e-08 3.05803e-06 6.80453e-05 0.000892811 0.00690871 0.0315555 0.085439 0.140076 0.152855 0.146035 0.151109 0.134316 0.084201 0.0395319 0.0166531 0.00666087 0.00243737 0.000844634 0.000283005 8.97761e-05 2.74609e-05 8.88508e-06 3.1419e-06
 1.28197e-11 1.39145e-09 8.90528e-08 3.36058e-06 7.47773e-05 0.000981129 0.00759171 0.0346654 0.0937261 0.15259 0.161563 0.142458 0.136363 0.119353 0.0779497 0.0406609 0.0194348 0.0082852 0.00298837 0.000945575 0.0002712 7.15385e-05 1.76297e-05 4.14266e-06 9.80992e-07
 1.42203e-11 1.54348e-09 9.87823e-08 3.72774e-06 8.2947e-05 0.00108832 0.00842081 0.0384448 0.103856 0.168368 0.174934 0.145836 0.13022 0.108942 0.0669639 0.0310331 0.0131238 0.00550799 0.00215291 0.000740277 0.000214524 5.20064e-05 1.08307e-05 1.99789e-06 3.37266e-07
 1.46135e-11 1.58616e-09 1.01514e-07 3.83081e-06 8.52406e-05 0.00111841 0.00865355 0.0395054 0.106694 0.172754 0.178482 0.146226 0.1277 0.105695 0.0645924 0.0295279 0.0119869 0.00462258 0.00162076 0.000524606 0.000156045 3.99707e-05 8.3388e-06 1.3952e-06 1.90881e-07
 1.39928e-11 1.51878e-09 9.7202e-08 3.6681e-06 8.16201e-05 0.00107091 0.00828622 0.0378327 0.102235 0.165999 0.173679 0.147821 0.135138 0.113449 0.0681816 0.0294921 0.0109663 0.00393319 0.00130378 0.000390735 0.00010579 2.5483e-05 5.30798e-06 9.05675e-07 1.20403e-07
 1.4127e-11 1.53335e-09 9.81342e-08 3.70328e-06 8.24029e-05 0.00108118 0.0083656 0.0381935 0.103188 0.167369 0.174292 0.146306 0.131763 0.110659 0.0680422 0.0312752 0.0126477 0.00469376 0.00149361 0.000413404 0.000103092 2.28118e-05 4.36655e-06 7.04386e-07 9.20011e-08
 1.37183e-11 1.48899e-09 9.52949e-08 3.59613e-06 8.00187e-05 0.0010499 0.00812371 0.037092 0.10025 0.162916 0.171106 0.147291 0.136537 0.115593 0.0702203 0.031149 0.0120623 0.00446628 0.00149059 0.00043357 0.000107726 2.24394e-05 3.93832e-06 5.80535e-07 7.00886e-08
 1.37372e-11 1.49104e-09 9.54262e-08 3.60109e-06 8.0129e-05 0.00105134 0.00813489 0.0371429 0.100386 0.163126 0.171271 0.147294 0.1364 0.115457 0.0701831 0.0311565 0.0120113 0.00436174 0.00140971 0.000402486 0.000101811 2.19165e-05 3.85764e-06 5.42923e-07 6.05569e-08
 1.43388e-11 1.55634e-09 9.96057e-08 3.75881e-06 8.36384e-05 0.00109739 0.008491 0.0387654 0.104723 0.169786 0.176459 0.147216 0.131439 0.109476 0.0661887 0.0292393 0.0112008 0.00404825 0.00130149 0.000366399 9.05316e-05 1.91631e-05 3.38992e-06 4.84777e-07 5.39311e-08
 1.3793e-11 1.4971e-09 9.5814e-08 3.61572e-06 8.04546e-05 0.00105562 0.00816798 0.0372946 0.100805 0.163872 0.172361 0.148964 0.138502 0.116621 0.0691478 0.0286632 0.00984563 0.00324955 0.00100309 0.000278204 6.81059e-05 1.42248e-05 2.47084e-06 3.48591e-07 3.87441e-08
 1.21889e-11 1.32299e-09 8.46711e-08 3.19523e-06 7.10982e-05 0.000932865 0.00721859 0.0329694 0.0892467 0.146153 0.158713 0.149681 0.15252 0.133155 0.0797333 0.0332022 0.0113777 0.00364289 0.00104415 0.000262461 5.95618e-05 1.19815e-05 2.04452e-06 2.84281e-07 3.11206e-08
 1.25503e-11 1.36221e-09 8.71813e-08 3.28995e-06 7.32059e-05 0.000960517 0.00743241 0.0339426 0.0918345 0.150016 0.161175 0.147834 0.146797 0.127744 0.0781008 0.0345879 0.0131422 0.00457808 0.0013551 0.000336639 7.23074e-05 1.33555e-05 2.10006e-06 2.76834e-07 2.94576e-08
 1.32436e-11 1.43746e-09 9.19976e-08 3.4717e-06 7.72501e-05 0.00101357 0.00784278 0.0358124 0.0968345 0.157709 0.167239 0.147976 0.141415 0.121004 0.0732325 0.0319011 0.0119259 0.00422043 0.0013314 0.000361119 8.26145e-05 1.54346e-05 2.33444e-06 2.86284e-07 2.82084e-08
 1.35248e-11 1.46799e-09 9.39509e-08 3.54542e-06 7.88902e-05 0.00103509 0.00800924 0.0365712 0.0988686 0.16088 0.169939 0.1487 0.140259 0.118998 0.0710833 0.0299658 0.0105825 0.00355384 0.00108918 0.000295552 7.0394e-05 1.40964e-05 2.2716e-06 2.85543e-07 2.74957e-08
 1.37825e-11 1.49596e-09 9.57412e-08 3.61298e-06 8.03935e-05 0.00105482 0.0081618 0.0372667 0.100733 0.163787 0.17242 0.149378 0.139227 0.117187 0.0691304 0.0281952 0.00933998 0.00291921 0.000839643 0.000214584 4.89561e-05 9.70561e-06 1.60725e-06 2.13117e-07 2.16552e-08
 1.40452e-11 1.52447e-09 9.75658e-08 3.68183e-06 8.19256e-05 0.00107492 0.00831728 0.0379753 0.102632 0.166736 0.174881 0.149884 0.137889 0.115141 0.0671944 0.0266309 0.00830831 0.00241153 0.000646701 0.000153198 3.23391e-05 5.99203e-06 9.46054e-07 1.23372e-07 1.27499e-08
 1.35657e-11 1.47243e-09 9.42351e-08 3.55614e-06 7.91288e-05 0.00103822 0.00803347 0.0366821 0.0991717 0.1614 0.17061 0.149573 0.14128 0.11956 0.0705994 0.0287435 0.00942245 0.00284178 0.000753498 0.000168549 3.2853e-05 5.59595e-06 8.13422e-07 9.86924e-08 9.69864e-09
 1.43121e-11 1.55345e-09 9.94203e-08 3.75182e-06 8.34828e-05 0.00109535 0.00847529 0.0386953 0.104557 0.169697 0.177207 0.149916 0.135789 0.112552 0.0653894 0.0256825 0.00786594 0.00223524 0.000588935 0.000135431 2.67556e-05 4.41932e-06 5.99674e-07 6.67966e-08 6.02989e-09
 1.43788e-11 1.56068e-09 9.98832e-08 3.76928e-06 8.38715e-05 0.00110045 0.00851473 0.0388749 0.105036 0.170427 0.177747 0.149813 0.135099 0.111813 0.0650242 0.025635 0.00788862 0.00222364 0.000565026 0.000122878 2.3335e-05 3.84008e-06 5.24649e-07 5.74063e-08 4.91207e-09
 1.43856e-11 1.56142e-09 9.99304e-08 3.77107e-06 8.39111e-05 0.00110097 0.00851874 0.0388929 0.105081 0.17047 0.177651 0.149387 0.134396 0.111319 0.0651678 0.0262198 0.00841127 0.00247884 0.000645277 0.000140793 2.62047e-05 4.13825e-06 5.42207e-07 5.80223e-08 4.92672e-09
 1.42848e-11 1.55048e-09 9.92303e-08 3.74465e-06 8.33233e-05 0.00109325 0.00845909 0.0386214 0.104357 0.169375 0.176881 0.149672 0.135639 0.112582 0.0656941 0.0261345 0.00821124 0.002388 0.000629968 0.000142425 2.74838e-05 4.414e-06 5.73593e-07 5.96092e-08 4.87983e-09
 1.45421e-11 1.57841e-09 1.01018e-07 3.8121e-06 8.48243e-05 0.00111295 0.00861141 0.0393154 0.106214 0.172241 0.179182 0.149863 0.133859 0.110251 0.063888 0.0249942 0.00757962 0.00211247 0.000539877 0.000119614 2.30235e-05 3.7718e-06 5.05384e-07 5.36998e-08 4.4039e-09
 1.39184e-11 1.51071e-09 9.66853e-08 3.64861e-06 8.11863e-05 0.00106522 0.00824227 0.0376339 0.101723 0.165376 0.17399 0.150458 0.139787 0.116983 0.067838 0.0262863 0.00778333 0.00209731 0.000517488 0.000110138 2.03545e-05 3.23916e-06 4.29355e-07 4.6026e-08 3.85694e-09
 1.42702e-11 1.54889e-09 9.91289e-08 3.74082e-06 8.32382e-05 0.00109214 0.00845047 0.0385824 0.104258 0.16926 0.176975 0.150279 0.136684 0.113351 0.0655584 0.0253507 0.00747235 0.00199522 0.00048436 0.000100309 1.78617e-05 2.72681e-06 3.46821e-07 3.59624e-08 2.96163e-09
#obs surv len freq
 1.16403e-11 1.26345e-09 8.08604e-08 3.05142e-06 6.78984e-05 0.00089088 0.00689359 0.0314817 0.0851605 0.138898 0.14787 0.131796 0.128644 0.119861 0.0914559 0.0597481 0.0337795 0.0155968 0.00573998 0.0016698 0.000373472 6.19487e-05 7.36642e-06 6.08507e-07 3.39512e-08
 8.37225e-12 9.08729e-10 5.81586e-08 2.19473e-06 4.88362e-05 0.000640798 0.00495954 0.0226728 0.0616374 0.102862 0.119782 0.131086 0.152228 0.149421 0.114093 0.0733592 0.0404517 0.0181059 0.00641756 0.00178538 0.000379457 5.94675e-05 6.64509e-06 5.13251e-07 2.66547e-08
 1.84849e-11 2.00636e-09 1.28407e-07 4.84568e-06 0.000107822 0.00141467 0.0109448 0.0499414 0.134532 0.214947 0.208257 0.134837 0.0785068 0.0564251 0.0450476 0.0328859 0.0194046 0.00873469 0.00301536 0.000804256 0.000162324 2.39862e-05 2.51288e-06 1.81151e-07 8.74929e-09
 8.44128e-12 9.16223e-10 5.86382e-08 2.21284e-06 4.92397e-05 0.000646127 0.005002 0.0228918 0.062529 0.106392 0.131668 0.157392 0.184273 0.162386 0.0967014 0.0426388 0.0171967 0.00694146 0.00246228 0.000673399 0.000133971 1.89354e-05 1.86671e-06 1.25581e-07 5.63381e-09
 1.41776e-11 1.53885e-09 9.84861e-08 3.71656e-06 8.26985e-05 0.00108506 0.00839571 0.0383292 0.103492 0.167109 0.169502 0.129273 0.104068 0.0956869 0.0825072 0.0577619 0.0292955 0.0102214 0.00256747 0.000517774 8.80837e-05 1.17552e-05 1.11873e-06 7.1842e-08 3.03094e-09
 1.19642e-11 1.2986e-09 8.31103e-08 3.13633e-06 6.97884e-05 0.000915719 0.0070871 0.0323896 0.0878757 0.144895 0.159341 0.14902 0.143279 0.120483 0.0780036 0.0425116 0.0213564 0.00911701 0.00290249 0.000641573 9.71854e-05 1.03493e-05 7.98423e-07 4.44206e-08 1.71101e-09
 1.64564e-11 1.78618e-09 1.14315e-07 4.31392e-06 9.59906e-05 0.00125947 0.00974528 0.0444913 0.120124 0.193785 0.195159 0.143264 0.103038 0.0790843 0.0550569 0.0322681 0.0151698 0.00549543 0.00155212 0.000343628 5.65137e-05 6.43431e-06 4.86385e-07 2.41241e-08 7.87557e-10
 1.3475e-11 1.46259e-09 9.36053e-08 3.53239e-06 7.86015e-05 0.00103137 0.00798225 0.0364804 0.09894 0.162668 0.176018 0.156067 0.138639 0.108655 0.0646982 0.0305353 0.0124473 0.00430215 0.00117322 0.00024054 3.61173e-05 3.88184e-06 2.89511e-07 1.44399e-08 4.66513e-10
 1.42099e-11 1.54235e-09 9.87101e-08 3.72503e-06 8.28879e-05 0.0010876 0.00841701 0.0384571 0.104166 0.170232 0.179782 0.149716 0.125356 0.100338 0.0663408 0.0353518 0.0147717 0.0046106 0.00106994 0.000189295 2.54608e-05 2.50077e-06 1.71428e-07 7.93168e-09 2.41671e-10
 1.42498e-11 1.54668e-09 9.89875e-08 3.7355e-06 8.31212e-05 0.00109068 0.00844139 0.0385779 0.104585 0.171424 0.182567 0.154012 0.128402 0.0990915 0.0618554 0.031395 0.0130501 0.00421645 0.00100804 0.000173717 2.12389e-05 1.82408e-06 1.09076e-07 4.46968e-09 1.22585e-10
 1.28404e-11 1.39371e-09 8.91973e-08 3.36606e-06 7.49014e-05 0.000982868 0.0076084 0.0347965 0.0946024 0.156726 0.172836 0.157149 0.140607 0.111276 0.069454 0.0346226 0.0138392 0.00425726 0.000977989 0.000164965 1.98967e-05 1.66043e-06 9.33585e-08 3.47582e-09 8.4713e-11
 1.41527e-11 1.53614e-09 9.83129e-08 3.71005e-06 8.25557e-05 0.00108329 0.00838502 0.0383325 0.104021 0.170928 0.182819 0.154216 0.127376 0.0986144 0.0632074 0.0326654 0.0132212 0.00400004 0.000884519 0.000141779 1.61996e-05 1.2862e-06 6.9135e-08 2.45796e-09 5.66733e-11
 1.35368e-11 1.46929e-09 9.40346e-08 3.54861e-06 7.89643e-05 0.00103621 0.00802205 0.0366972 0.0998202 0.165388 0.181313 0.160244 0.136194 0.102868 0.0620397 0.0300908 0.0117511 0.00353149 0.000782356 0.00012412 1.37494e-05 1.03979e-06 5.26871e-08 1.75922e-09 3.80975e-11
 1.13742e-11 1.23456e-09 7.9012e-08 2.98172e-06 6.63517e-05 0.0008708 0.00674428 0.0308997 0.0845291 0.142864 0.166113 0.163994 0.15359 0.121334 0.0746004 0.0360513 0.0135691 0.0038374 0.0007979 0.000120303 1.28341e-05 9.38586e-07 4.57487e-08 1.45494e-09 2.97188e-11
 9.22925e-12 1.00175e-09 6.41124e-08 2.41947e-06 5.38424e-05 0.000706732 0.00547654 0.0251403 0.0692477 0.119732 0.148008 0.16149 0.164942 0.139669 0.0926053 0.0478128 0.0186123 0.00526507 0.00106537 0.000152848 1.53055e-05 1.0475e-06 4.79625e-08 1.43999e-09 2.78356e-11
 1.21705e-11 1.32099e-09 8.45436e-08 3.19048e-06 7.09972e-05 0.000931756 0.00721572 0.0330421 0.0901493 0.150591 0.16815 0.153133 0.136455 0.113462 0.0790316 0.0434029 0.0178217 0.00526705 0.0010975 0.000158425 1.55422e-05 1.01832e-06 4.39129e-08 1.2301e-09 2.21055e-11
 1.17448e-11 1.27479e-09 8.1587e-08 3.07894e-06 6.85178e-05 0.00089934 0.00696796 0.0319587 0.0876611 0.148895 0.173379 0.16723 0.148915 0.112797 0.0686196 0.0340165 0.0135098 0.00405987 0.000874851 0.000129999 1.29477e-05 8.46636e-07 3.57862e-08 9.65889e-10 1.64802e-11
 1.24685e-11 1.35334e-09 8.66147e-08 3.26868e-06 7.27404e-05 0.000954763 0.00739708 0.033918 0.0929094 0.156893 0.179174 0.166263 0.143341 0.10794 0.0653208 0.0309258 0.0111798 0.00301602 0.000597644 8.48035e-05 8.29557e-06 5.3898e-07 2.26185e-08 6.01662e-10 1.00172e-11
 1.17226e-11 1.27239e-09 8.14336e-08 3.0732e-06 6.83935e-05 0.000897844 0.00695949 0.0319611 0.0879704 0.150622 0.177662 0.172382 0.151429 0.1118 0.0651164 0.029633 0.0103017 0.00263983 0.000485646 6.29026e-05 5.61818e-06 3.38004e-07 1.33711e-08 3.40094e-10 5.45828e-12
 1.20684e-11 1.30991e-09 8.38357e-08 3.16387e-06 7.04123e-05 0.000924378 0.00716567 0.0329102 0.0905566 0.154667 0.180606 0.171502 0.14786 0.10895 0.0636977 0.0286599 0.00962536 0.00234303 0.00040543 4.89763e-05 4.04075e-06 2.22646e-07 8.03449e-09 1.86787e-10 2.75802e-12
 1.28269e-11 1.39225e-09 8.91055e-08 3.36276e-06 7.48397e-05 0.000982533 0.00761688 0.0349828 0.0962076 0.163763 0.188648 0.173199 0.142484 0.100474 0.0565674 0.0246653 0.00806679 0.00190835 0.000317637 3.63925e-05 2.8117e-06 1.43709e-07 4.77756e-09 1.018e-10 1.37282e-12
 1.21225e-11 1.31579e-09 8.42126e-08 3.17819e-06 7.07374e-05 0.000928885 0.00720582 0.0331599 0.0917047 0.158402 0.188231 0.179771 0.150044 0.103359 0.0554483 0.0227935 0.0070268 0.00157352 0.000248809 2.70952e-05 1.98333e-06 9.54544e-08 2.96644e-09 5.86807e-11 7.30483e-13
 1.28406e-11 1.39374e-09 8.92016e-08 3.36649e-06 7.49288e-05 0.000983922 0.00763218 0.035106 0.0968918 0.166117 0.193213 0.177583 0.143379 0.0977323 0.0523243 0.0211577 0.00626318 0.00132133 0.000194961 1.97704e-05 1.34968e-06 6.0697e-08 1.76356e-09 3.25816e-11 3.7791e-13
 1.20528e-11 1.30824e-09 8.37305e-08 3.16013e-06 7.03438e-05 0.000924011 0.00717398 0.033082 0.0919297 0.16029 0.192766 0.184279 0.150612 0.100248 0.0515278 0.0200178 0.00572718 0.00116749 0.000164918 1.57957e-05 1.00658e-06 4.19566e-08 1.12677e-09 1.92381e-11 2.06397e-13
 1.21474e-11 1.31851e-09 8.43888e-08 3.18504e-06 7.09018e-05 0.000931449 0.00723355 0.0333728 0.0927986 0.161793 0.193875 0.183749 0.149267 0.0995602 0.051186 0.0195619 0.00539684 0.00104757 0.000140243 1.27093e-05 7.64246e-07 2.99128e-08 7.49725e-10 1.18775e-11 1.17723e-13
 1.08297e-11 1.17549e-09 7.52373e-08 2.83987e-06 6.3232e-05 0.000831193 0.00646562 0.0299619 0.0842711 0.15094 0.190245 0.191273 0.160162 0.106203 0.0533205 0.0198154 0.0053096 0.000996218 0.000127743 1.09758e-05 6.20815e-07 2.27463e-08 5.32244e-10 7.85687e-12 7.24136e-14
 1.09108e-11 1.18431e-09 7.58023e-08 2.86127e-06 6.37123e-05 0.000837608 0.00651685 0.0302053 0.084924 0.15168 0.189668 0.188948 0.158669 0.107075 0.0546713 0.0203124 0.00533046 0.000965408 0.000118529 9.69986e-06 5.19944e-07 1.79569e-08 3.93973e-10 5.42856e-12 4.65438e-14
 1.12286e-11 1.21881e-09 7.80122e-08 2.94482e-06 6.55796e-05 0.000862357 0.00671269 0.0311416 0.0876711 0.156637 0.19474 0.190358 0.155146 0.101609 0.0507068 0.0185608 0.00481553 0.000858895 0.000102819 8.10608e-06 4.14224e-07 1.35333e-08 2.794e-10 3.60875e-12 2.89123e-14
#pred catch len freq
 9.4923e-12 1.0303e-09 6.59389e-08 2.48833e-06 5.53689e-05 0.000726493 0.00562197 0.0256845 0.0696263 0.114825 0.128435 0.13047 0.143592 0.1342 0.0932374 0.0552421 0.0331303 0.0204902 0.0131713 0.00902842 0.00671292 0.00547841 0.00465708 0.00355156 0.00206096
 9.23487e-12 1.00236e-09 6.41507e-08 2.42085e-06 5.38675e-05 0.000706798 0.0054698 0.0249947 0.067831 0.112464 0.128545 0.13704 0.156419 0.146677 0.0992812 0.0550306 0.0296178 0.0157099 0.00824755 0.00451514 0.0026896 0.00181095 0.00135351 0.000976702 0.000562755
 1.23376e-11 1.33913e-09 8.57042e-08 3.23421e-06 7.19656e-05 0.00094424 0.00730635 0.0333643 0.0902346 0.147119 0.15676 0.140708 0.137363 0.121378 0.0799837 0.0427732 0.0218545 0.0107579 0.00498589 0.00224622 0.00102839 0.000517257 0.000303916 0.000191591 0.000104724
 1.24104e-11 1.34703e-09 8.62098e-08 3.25329e-06 7.23902e-05 0.000949813 0.00734958 0.0335641 0.090807 0.148311 0.159223 0.145774 0.144638 0.1264 0.0786186 0.0367113 0.0157862 0.00689742 0.00294347 0.00119586 0.000459263 0.000173626 7.16782e-05 3.42628e-05 1.63008e-05
 1.03686e-11 1.12541e-09 7.20263e-08 2.71805e-06 6.04806e-05 0.000793565 0.00614112 0.0280587 0.0760964 0.125767 0.1419 0.146834 0.162764 0.147849 0.0925525 0.0427904 0.0176232 0.00694255 0.00252541 0.000873435 0.00029247 9.27619e-05 2.8373e-05 9.18011e-06 3.24622e-06
 1.19858e-11 1.30095e-09 8.32605e-08 3.142e-06 6.99137e-05 0.000917321 0.00709821 0.0324173 0.0877202 0.143397 0.154549 0.143053 0.143981 0.12814 0.0832932 0.0426498 0.0199584 0.00840971 0.00302022 0.000954128 0.000273478 7.21234e-05 1.77727e-05 4.1762e-06 9.8893e-07
 1.30938e-11 1.42121e-09 9.09572e-08 3.43244e-06 7.63765e-05 0.00100211 0.0077541 0.0354075 0.0957409 0.155938 0.165409 0.146502 0.140299 0.120661 0.0742152 0.0338909 0.0140047 0.00578539 0.00224813 0.000771701 0.000223514 5.41765e-05 1.1282e-05 2.0811e-06 3.51311e-07
 1.38707e-11 1.50553e-09 9.6354e-08 3.6361e-06 8.09081e-05 0.00106157 0.00821394 0.0375028 0.101345 0.164568 0.172251 0.1468 0.134554 0.113568 0.0693343 0.0312379 0.0123978 0.00470507 0.00163911 0.000529423 0.000157368 4.0301e-05 8.40722e-06 1.40663e-06 1.92443e-07
 1.29165e-11 1.40197e-09 8.97256e-08 3.38597e-06 7.53423e-05 0.000988546 0.00764922 0.0349308 0.0944821 0.15413 0.164619 0.148568 0.144939 0.124769 0.0750849 0.0320861 0.011668 0.00410903 0.00135143 0.000403996 0.000109291 2.63196e-05 5.48183e-06 9.3532e-07 1.24343e-07
 1.33059e-11 1.44423e-09 9.24304e-08 3.48804e-06 7.76135e-05 0.00101834 0.00787963 0.0359797 0.0972737 0.158318 0.167395 0.146919 0.139306 0.11934 0.0732953 0.0331985 0.0131298 0.00479743 0.00151694 0.000418916 0.000104374 2.30882e-05 4.41903e-06 7.12833e-07 9.31037e-08
 1.30133e-11 1.41246e-09 9.03975e-08 3.41132e-06 7.59065e-05 0.000995947 0.00770645 0.0351912 0.0951731 0.155151 0.165214 0.147897 0.143136 0.123129 0.0746979 0.0326886 0.0123761 0.0045042 0.00149259 0.000433158 0.00010754 2.23945e-05 3.93008e-06 5.79303e-07 6.99392e-08
 1.3063e-11 1.41786e-09 9.07429e-08 3.42436e-06 7.61965e-05 0.000999752 0.00773588 0.0353253 0.0955315 0.155701 0.165641 0.147889 0.142734 0.122679 0.0744588 0.0326075 0.0122923 0.00438828 0.00140817 0.000401076 0.000101368 2.18148e-05 3.83939e-06 5.40339e-07 6.02682e-08
 1.40746e-11 1.52766e-09 9.777e-08 3.68954e-06 8.20971e-05 0.00107716 0.00833461 0.0380531 0.102822 0.166891 0.174325 0.147649 0.134226 0.112511 0.0677854 0.0295325 0.011062 0.00392975 0.00125426 0.000352244 8.69593e-05 1.84013e-05 3.25486e-06 4.65449e-07 5.17804e-08
 1.36545e-11 1.48207e-09 9.48522e-08 3.57943e-06 7.96471e-05 0.00104502 0.00808605 0.0369215 0.0998097 0.162364 0.171282 0.1493 0.140128 0.118323 0.0699404 0.0286657 0.00963682 0.00311747 0.000953312 0.000263591 6.4466e-05 1.34602e-05 2.33782e-06 3.29814e-07 3.66567e-08
 1.19517e-11 1.29724e-09 8.30233e-08 3.13305e-06 6.97146e-05 0.000914713 0.0070782 0.03233 0.0875406 0.143557 0.15681 0.150107 0.155078 0.135914 0.0811446 0.0334073 0.0112069 0.00351863 0.000999177 0.000250338 5.67446e-05 1.14101e-05 1.94677e-06 2.70679e-07 2.96312e-08
 1.23334e-11 1.33867e-09 8.56746e-08 3.2331e-06 7.19408e-05 0.00094392 0.00730406 0.033358 0.0902753 0.147649 0.159467 0.148309 0.149266 0.130353 0.0793548 0.0346549 0.0128789 0.004411 0.0012962 0.000321176 6.89146e-05 1.27235e-05 2.00039e-06 2.63684e-07 2.8058e-08
 1.3119e-11 1.42394e-09 9.11319e-08 3.43904e-06 7.65232e-05 0.00100404 0.00776904 0.0354766 0.0959398 0.156359 0.166304 0.148378 0.143032 0.122638 0.0739057 0.031764 0.0116121 0.00403664 0.00126369 0.000341885 7.81447e-05 1.45948e-05 2.20717e-06 2.70665e-07 2.6669e-08
 1.36301e-11 1.47941e-09 9.46822e-08 3.57301e-06 7.95043e-05 0.00104315 0.00807155 0.0368553 0.09963 0.162065 0.170943 0.148949 0.139793 0.11822 0.0702763 0.0292627 0.0101107 0.00333071 0.00101188 0.000273774 6.51434e-05 1.30406e-05 2.10124e-06 2.6412e-07 2.54325e-08
 1.41043e-11 1.53089e-09 9.79765e-08 3.69733e-06 8.22704e-05 0.00107944 0.00835225 0.0381345 0.103054 0.167358 0.175237 0.149452 0.13675 0.114103 0.0669393 0.0270003 0.00875882 0.00268195 0.000763614 0.000194477 4.43176e-05 8.78254e-06 1.45421e-06 1.92817e-07 1.95923e-08
 1.40471e-11 1.52468e-09 9.75795e-08 3.68235e-06 8.19371e-05 0.00107507 0.00831845 0.0379808 0.102648 0.166773 0.174969 0.150081 0.138173 0.115319 0.0670952 0.0263447 0.00805928 0.00228946 0.000606879 0.000143174 3.01814e-05 5.58953e-06 8.82367e-07 1.15062e-07 1.18909e-08
 1.40282e-11 1.52263e-09 9.74482e-08 3.67739e-06 8.18268e-05 0.00107362 0.00830724 0.0379295 0.102506 0.166525 0.174619 0.149569 0.13755 0.11501 0.067486 0.0271714 0.00872512 0.00257875 0.000676821 0.000150841 2.93606e-05 4.99833e-06 7.26412e-07 8.81302e-08 8.66052e-09
 1.45591e-11 1.58026e-09 1.01136e-07 3.81657e-06 8.49236e-05 0.00111425 0.00862149 0.0393614 0.106338 0.172436 0.179361 0.149949 0.133851 0.110159 0.0637135 0.0247948 0.00744922 0.00207108 0.000539116 0.000123443 2.43526e-05 4.02034e-06 5.45437e-07 6.07515e-08 5.48407e-09
 1.4403e-11 1.56331e-09 1.00051e-07 3.77563e-06 8.40128e-05 0.0011023 0.00852907 0.0389404 0.105212 0.170709 0.178019 0.149983 0.135163 0.111744 0.0647842 0.0253089 0.00763973 0.00210781 0.000529287 0.000114607 2.17304e-05 3.5739e-06 4.88181e-07 5.34126e-08 4.57024e-09
 1.45206e-11 1.57607e-09 1.00869e-07 3.80647e-06 8.46988e-05 0.0011113 0.00859867 0.0392572 0.106056 0.171977 0.178871 0.149522 0.133515 0.110127 0.0641972 0.0255655 0.00803757 0.0023203 0.000597574 0.00012988 2.41389e-05 3.80981e-06 4.99065e-07 5.34018e-08 4.53429e-09
 1.46155e-11 1.58637e-09 1.01527e-07 3.83133e-06 8.52521e-05 0.00111856 0.00865482 0.0395131 0.106741 0.17304 0.179751 0.149679 0.132988 0.109341 0.0634654 0.0249975 0.00769973 0.00219214 0.000571777 0.000128748 2.48095e-05 3.98239e-06 5.17406e-07 5.37665e-08 4.40143e-09
 1.49241e-11 1.61986e-09 1.03671e-07 3.91223e-06 8.70521e-05 0.00114217 0.00883747 0.0403454 0.108967 0.176468 0.182471 0.149803 0.130692 0.106437 0.0613432 0.023778 0.00707498 0.00192926 0.000487016 0.00010742 2.06444e-05 3.38015e-06 4.52816e-07 4.81111e-08 3.94549e-09
 1.44671e-11 1.57026e-09 1.00497e-07 3.79243e-06 8.43865e-05 0.0011072 0.008567 0.0391133 0.105677 0.171441 0.178683 0.150282 0.135102 0.111414 0.0642205 0.0246653 0.00717026 0.00188995 0.000460306 9.74955e-05 1.79878e-05 2.86074e-06 3.7911e-07 4.06368e-08 3.40526e-09
 1.43814e-11 1.56096e-09 9.99013e-08 3.76997e-06 8.38867e-05 0.00110065 0.00851628 0.0388823 0.10506 0.170499 0.177972 0.15037 0.135927 0.112349 0.0647672 0.0248399 0.00719003 0.00187802 0.000449989 9.27348e-05 1.64843e-05 2.51485e-06 3.19782e-07 3.31561e-08 2.73045e-09
#obs catch len freq
 9.74999e-12 1.05827e-09 6.77292e-08 2.55589e-06 5.68724e-05 0.000746222 0.00577471 0.0263828 0.0715115 0.11777 0.130546 0.129078 0.139595 0.135586 0.10521 0.0696773 0.0398849 0.0186373 0.00694497 0.00204531 0.000462937 7.77305e-05 9.36264e-06 7.83854e-07 4.4339e-08
 1.00427e-11 1.09004e-09 6.97626e-08 2.63263e-06 5.85799e-05 0.00076863 0.00594821 0.0271768 0.0736747 0.121351 0.134301 0.131492 0.139751 0.13376 0.102506 0.0667548 0.0373015 0.0169165 0.00608329 0.00171808 0.000370482 5.88489e-05 6.65858e-06 5.20374e-07 2.73331e-08
 7.12428e-12 7.73274e-10 4.94895e-08 1.86759e-06 4.15571e-05 0.000545306 0.0042212 0.0193129 0.0526952 0.0893316 0.109745 0.131766 0.161553 0.160284 0.122352 0.0782562 0.0425805 0.0186909 0.00646343 0.00174302 0.00035662 5.34432e-05 5.67497e-06 4.14213e-07 2.02322e-08
 1.7522e-11 1.90185e-09 1.21718e-07 4.59326e-06 0.000102206 0.00134098 0.010375 0.0473461 0.127602 0.204306 0.19978 0.133907 0.0843051 0.0646045 0.0524044 0.037957 0.0219978 0.00968346 0.00325516 0.000840206 0.000162996 2.29993e-05 2.28684e-06 1.55621e-07 7.06284e-09
 7.50494e-12 8.14591e-10 5.21338e-08 1.96739e-06 4.37784e-05 0.000574493 0.00444843 0.0203781 0.0558963 0.0967016 0.125695 0.160704 0.193451 0.169986 0.100327 0.0439792 0.0176292 0.00699605 0.0024113 0.000635906 0.000121291 1.6343e-05 1.52727e-06 9.68928e-08 4.08115e-09
 1.32468e-11 1.43781e-09 9.20199e-08 3.47255e-06 7.72691e-05 0.00101384 0.00784501 0.0358232 0.0968194 0.15697 0.161756 0.129144 0.110547 0.104388 0.089794 0.0617632 0.0305474 0.0103786 0.00253958 0.000497 8.12385e-05 1.03185e-05 9.28882e-07 5.61739e-08 2.22328e-09
 1.11722e-11 1.21263e-09 7.76084e-08 2.92871e-06 6.5169e-05 0.000855129 0.0066189 0.030264 0.0822679 0.136682 0.15412 0.151283 0.15039 0.12691 0.0817727 0.0442866 0.0219043 0.00909418 0.00279333 0.00059319 8.60796e-05 8.7456e-06 6.39532e-07 3.34897e-08 1.20796e-09
 1.58635e-11 1.72183e-09 1.10197e-07 4.1585e-06 9.25325e-05 0.00121411 0.00939476 0.0428992 0.115914 0.187557 0.19096 0.14444 0.108087 0.0842947 0.0584675 0.0337792 0.0155346 0.00548388 0.00150241 0.000319981 5.02091e-05 5.42503e-06 3.87789e-07 1.81241e-08 5.55195e-10
 1.29256e-11 1.40295e-09 8.97889e-08 3.38838e-06 7.53974e-05 0.000989348 0.0076578 0.0350112 0.0950986 0.157222 0.173097 0.158625 0.144065 0.11273 0.066484 0.0310073 0.0124078 0.0041735 0.00109992 0.000216634 3.10607e-05 3.16805e-06 2.22956e-07 1.0449e-08 3.16276e-10
 1.37831e-11 1.49603e-09 9.5746e-08 3.61318e-06 8.03994e-05 0.00105497 0.00816512 0.0373175 0.101194 0.166043 0.177579 0.151729 0.12963 0.103749 0.0678893 0.0355349 0.0144728 0.00438337 0.00098367 0.000167325 2.14778e-05 1.99984e-06 1.29275e-07 5.61576e-09 1.60062e-10
 1.39037e-11 1.50911e-09 9.65832e-08 3.64477e-06 8.1103e-05 0.00106422 0.00823734 0.0376574 0.102208 0.168194 0.18122 0.156197 0.132021 0.101485 0.0626411 0.0312656 0.0126758 0.00396623 0.000913154 0.000150751 1.75678e-05 1.43081e-06 8.07037e-08 3.10373e-09 7.95649e-11
 1.25758e-11 1.36499e-09 8.73592e-08 3.2967e-06 7.33587e-05 0.000962654 0.00745277 0.0340986 0.0928357 0.154499 0.172429 0.159602 0.143683 0.112769 0.0694396 0.0339659 0.0132215 0.00393685 0.000870668 0.000140515 1.61176e-05 1.27279e-06 6.74356e-08 2.35693e-09 5.37319e-11
 1.39543e-11 1.51461e-09 9.69352e-08 3.65807e-06 8.13995e-05 0.00106815 0.00826858 0.0378124 0.102719 0.169358 0.182746 0.156336 0.129857 0.0997464 0.0630152 0.0318778 0.012534 0.00366358 0.000778772 0.000119309 1.2953e-05 9.7209e-07 4.91687e-08 1.63889e-09 3.53207e-11
 1.34113e-11 1.45567e-09 9.3163e-08 3.51573e-06 7.82334e-05 0.00102665 0.00794897 0.0363767 0.0990686 0.164725 0.182078 0.162529 0.13799 0.102984 0.0611422 0.0290413 0.0110192 0.00319541 0.000679038 0.000102742 1.07971e-05 7.70981e-07 3.67313e-08 1.14887e-09 2.32335e-11
 1.13029e-11 1.22683e-09 7.85173e-08 2.96307e-06 6.59376e-05 0.000865409 0.00670367 0.0307305 0.0842057 0.142956 0.167688 0.166665 0.155131 0.120795 0.0729643 0.0344388 0.0125688 0.00342717 0.000683347 9.81902e-05 9.9234e-06 6.84121e-07 3.131e-08 9.3191e-10 1.77654e-11
 9.21767e-12 1.00049e-09 6.40321e-08 2.41646e-06 5.37765e-05 0.00070592 0.00547154 0.0251355 0.0693795 0.12058 0.150316 0.164523 0.166497 0.138853 0.0902985 0.0454022 0.0170924 0.00465182 0.000900981 0.000123033 1.1662e-05 7.51837e-07 3.22918e-08 9.06275e-10 1.63312e-11
 1.2202e-11 1.32442e-09 8.47632e-08 3.19878e-06 7.11829e-05 0.000934236 0.00723594 0.0331485 0.0905452 0.15169 0.170268 0.155562 0.137685 0.112819 0.0769776 0.041092 0.0162886 0.00462143 0.000919373 0.000126024 1.16842e-05 7.20417e-07 2.91241e-08 7.6227e-10 1.27629e-11
 1.18211e-11 1.28308e-09 8.21177e-08 3.09898e-06 6.89654e-05 0.000905273 0.00701527 0.0321932 0.0884302 0.150672 0.176167 0.169616 0.149089 0.110965 0.0662169 0.0320012 0.0122813 0.00353837 0.000726237 0.000102224 9.60065e-06 5.89713e-07 2.33387e-08 5.88143e-10 9.34684e-12
 1.25779e-11 1.36521e-09 8.73746e-08 3.29738e-06 7.33806e-05 0.000963226 0.00746398 0.0342415 0.0939109 0.15899 0.182115 0.168523 0.143297 0.105829 0.0625923 0.0287879 0.010046 0.00260085 0.000491295 6.59944e-05 6.07638e-06 3.70061e-07 1.45127e-08 3.59906e-10 5.5755e-12
 1.18664e-11 1.28799e-09 8.24327e-08 3.11093e-06 6.92351e-05 0.000908967 0.0070473 0.0323834 0.0892573 0.153219 0.181071 0.174664 0.150897 0.109111 0.0620698 0.0274146 0.00918282 0.00225326 0.000394624 4.8374e-05 4.06654e-06 2.29178e-07 8.46057e-09 2.00266e-10 2.98532e-12
 1.2242e-11 1.32876e-09 8.50424e-08 3.20944e-06 7.14286e-05 0.000937798 0.00727132 0.0334142 0.0920593 0.157571 0.184185 0.173701 0.147142 0.106042 0.0604218 0.0263273 0.00850641 0.00198053 0.000325875 3.72149e-05 2.88762e-06 1.4899e-07 5.0164e-09 1.08486e-10 1.48654e-12
 1.30264e-11 1.4139e-09 9.04914e-08 3.4151e-06 7.6007e-05 0.000997942 0.00773802 0.0355578 0.097898 0.166922 0.19229 0.175088 0.141303 0.0973195 0.0533486 0.0225068 0.00707191 0.00159745 0.00025243 2.73098e-05 1.98286e-06 9.48528e-08 2.94119e-09 5.82888e-11 7.29416e-13
 1.23426e-11 1.33969e-09 8.57427e-08 3.23598e-06 7.20268e-05 0.000945921 0.00734001 0.0337989 0.0935896 0.161919 0.192204 0.181615 0.148409 0.0997279 0.0520438 0.0206847 0.00612185 0.00130777 0.000196098 2.01402e-05 1.38388e-06 6.22845e-08 1.80448e-09 3.31919e-11 3.83393e-13
 1.30787e-11 1.41959e-09 9.08565e-08 3.429e-06 7.63234e-05 0.00100234 0.00777707 0.035793 0.0988945 0.169763 0.197169 0.179279 0.141637 0.0940274 0.0488558 0.0190586 0.00540862 0.00108761 0.000152086 1.45354e-05 9.30713e-07 3.91063e-08 1.05839e-09 1.81701e-11 1.95467e-13
 1.23072e-11 1.33586e-09 8.54991e-08 3.22695e-06 7.18355e-05 0.00094374 0.00732958 0.0338233 0.0941047 0.164262 0.197012 0.185894 0.148439 0.0961745 0.0479625 0.0179643 0.00492074 0.000954529 0.000127606 1.15087e-05 6.87562e-07 2.67679e-08 6.69342e-10 1.0614e-11 1.05552e-13
 1.24206e-11 1.34816e-09 8.62874e-08 3.25678e-06 7.25035e-05 0.000952635 0.0074006 0.0341671 0.0951151 0.165967 0.198246 0.185355 0.146991 0.0952867 0.0474294 0.0174445 0.00460273 0.000849518 0.000107537 9.1672e-06 5.16296e-07 1.88611e-08 4.39997e-10 6.47321e-12 5.94671e-14
 1.11108e-11 1.20602e-09 7.71922e-08 2.91377e-06 6.48836e-05 0.00085309 0.00663907 0.0307935 0.0867279 0.155432 0.19499 0.192968 0.157592 0.101547 0.0493392 0.0176296 0.00451158 0.000803703 9.73309e-05 7.86034e-06 4.16163e-07 1.42239e-08 3.09611e-10 4.2421e-12 3.6225e-14
 1.12051e-11 1.21625e-09 7.78485e-08 2.93864e-06 6.54417e-05 0.000860538 0.00669841 0.0310743 0.0874777 0.156311 0.194542 0.19079 0.156181 0.102247 0.0504076 0.0179733 0.00449927 0.000772966 8.95419e-05 6.88059e-06 3.44933e-07 1.11055e-08 2.26563e-10 2.89676e-12 2.30065e-14
#spawning biomass
 15814.5 16341.4 16900.1 21975.6 24420.2 26975.6 31854.7 46367.3 60925.6 83519.3 105483 126439 158270 180883 172326 152022 143604 143257 141457 138392 144027 136818 146324 166060 181832 192629 195087 186192 195298 114053 19608.4 10099.5 9290.69 9228.65 9224.21 9223.9 9223.88 9223.88 9223.88 9223.88 9223.88 9223.88 9223.88 9223.88 9223.88 9223.88 9223.88 9223.88 9223.88 9223.88 9223.88 9223.88 9223.88 9223.88 9223.88 9223.88 9223.88 9223.88 9223.88 9223.88 9223.88 9223.88 9223.88 9223.88 9223.88 9223.88 9223.88 9223.88 9223.88 9223.88 9223.88 9223.88 9223.88 9223.88 9223.88 9223.88 9223.88 9223.88 9223.88 9223.88 9223.88 9223.88 9223.88 9223.88 9223.88 9223.88 9223.88 9223.88 9223.88 9223.88 9223.88 9223.88 9223.88 9223.88 9223.88 9223.88 9223.88 9223.88 9223.88 9223.88 9223.88 9223.88 9223.88 9223.88 9223.88 9223.88 9223.88 9223.88 9223.88 9223.88 9223.88 9223.88 9223.88 9223.88 9223.88 9223.88 9223.88 9223.88 9223.88 9223.88 9223.88 9223.88 9223.88 9223.88 9223.88 9223.88 9223.88 9223.88 0 0 0 0 0 0 0 0 0 0 0 0 0 0 0 0 0 0 0 0 0 0 0 0 0
