SBPRF35
0.827133
Curr Bio
124846
B35
627603
F35
0.221063
FOFL
0.0934681
OFL
18863.2
Bzero
236324
#pred survey bio
 9528.34 9807.54 11800 16708.1 22050.5 27118.1 31993.5 35945.3 40427.5 49212 65902.4 80985.7 96835.5 113841 118474 108600 103778 96239.7 91703.9 90235.5 88431.3 93567.1 100636 106886 113818 120212 107496 94890.8 85761.1 8.37526e+06 7.38667e+06 7.71028e+06 7.14859e+06 6.24953e+06 5.30572e+06 4.46357e+06 3.77526e+06 3.24201e+06 2.84283e+06 2.55054e+06 2.33943e+06 2.18807e+06 2.07937e+06 2.00045e+06 1.9431e+06 1.90245e+06 1.87329e+06 1.85211e+06 1.83654e+06 1.82495e+06 1.81621e+06 1.80955e+06 1.80443e+06 1.80044e+06 1.79732e+06 1.79486e+06 1.7929e+06 1.79133e+06 1.79008e+06 1.78907e+06 1.78825e+06 1.78759e+06 1.78705e+06 1.78661e+06 1.78626e+06 1.78597e+06 1.78573e+06 1.78554e+06 1.78538e+06 1.78526e+06 1.78515e+06 1.78506e+06 1.78499e+06 1.78494e+06 1.78489e+06 1.78485e+06 1.78482e+06 1.78479e+06 1.78477e+06 1.78475e+06 1.78474e+06 1.78473e+06 1.78472e+06 1.78471e+06 1.78471e+06 1.7847e+06 1.7847e+06 1.78469e+06 1.78469e+06 1.78469e+06 1.78469e+06 1.78468e+06 1.78468e+06 1.78468e+06 1.78468e+06 1.78468e+06 1.78468e+06 1.78468e+06 1.78468e+06 1.78468e+06 1.78468e+06 1.78468e+06 1.78468e+06 1.78468e+06 1.78468e+06 1.78468e+06 1.78468e+06 1.78468e+06 1.78468e+06 1.78468e+06 1.78468e+06 1.78468e+06 1.78468e+06 1.78468e+06 1.78468e+06 1.78468e+06 1.78468e+06 1.78468e+06 1.78468e+06 1.78468e+06 1.78468e+06 1.78468e+06 1.78468e+06 1.78468e+06 1.78468e+06 1.78468e+06 1.78468e+06 1.78468e+06 1.78468e+06 0 0 0 0 0 0 0 0 0 0 0 0 0 0 0 0 0 0 0 0 0 0 0 0 0
#obs survey bio
 9160.36 7404.3 12055.3 19397.4 18656.8 26132 38926.2 55745.2 40082.2 51586.3 73522.8 90634.8 136412 92134.2 104145 121606 69192 92769.1 80165.1 99826.4 110671 92344.9 81254.2 121249 90827.1 111315 87480.6 82364.6 95932.6
#pred catch bio
 5404.88 5939.12 6936.71 9846.36 14079.1 18402.9 22392.6 25916.2 30916.1 37452.2 50236.5 65871.4 82196.1 94419.2 98547.8 92964.9 94411.5 88290.9 83217.5 82514.1 83968.2 88352.2 96477.5 106599 112754 121170 104946 92204.4 1.09495 18863.2 64306.3 65334.3 59833.1 51579.3 43087 35622.9 29616.2 25045.6 21697.8 19311 17642.5 16492.8 15706.9 15171.3 14809.7 14572.3 14416.6 14314.3 14247.2 14203.2 14174.3 14155.3 14142.8 14134.7 14129.3 14125.8 14123.5 14121.9 14120.9 14120.3 14119.9 14119.6 14119.4 14119.3 14119.2 14119.1 14119.1 14119.1 14119.1 14119.1 14119.1 14119.1 14119.1 14119 14119 14119 14119 14119 14119 14119 14119 14119 14119 14119 14119 14119 14119 14119 14119 14119 14119 14119 14119 14119 14119 14119 14119 14119 14119 14119 14119 14119 14119 14119 14119 14119 14119 14119 14119 14119 14119 14119 14119 14119 14119 14119 14119 14119 14119 14119 14119 14119 14119 14119 14119 14119 14119 14119 14119 0 0 0 0 0 0 0 0 0 0 0 0 0 0 0 0 0 0 0 0 0 0 0 0 0
#obs catch bio
 5614.07 6056.21 6941.24 9818.85 14398.2 18239.8 22323.6 25111 30998.7 36753.9 48660.6 64556.2 78895.9 94359 99178.4 92870.2 94846.3 88755.4 81174.2 80708.6 82251.6 85644.5 94990.7 103342 111614 119538 104918 96662.8 1.00015
#pred cpue bio
 9250.55 9243.03 10772.3 15602.6 20572.2 25160.5 29845.6 33528.6 37172.5 43918 60285.6 73756 86389.5 103852 110948 100361 94684 87666.5 82954.3 82602 78605.8 83132.6 89764.8 93901.2 99445.7 107307 96290.1 87491.3 73610.8 8.12825e+06 7.51963e+06 7.70505e+06 7.13538e+06 6.23595e+06 5.29213e+06 4.44997e+06 3.76166e+06 3.22842e+06 2.82923e+06 2.53694e+06 2.32583e+06 2.17448e+06 2.06577e+06 1.98686e+06 1.92951e+06 1.88886e+06 1.85969e+06 1.83852e+06 1.82294e+06 1.81135e+06 1.80261e+06 1.79596e+06 1.79083e+06 1.78685e+06 1.78372e+06 1.78126e+06 1.7793e+06 1.77774e+06 1.77648e+06 1.77547e+06 1.77465e+06 1.77399e+06 1.77345e+06 1.77302e+06 1.77266e+06 1.77237e+06 1.77214e+06 1.77194e+06 1.77179e+06 1.77166e+06 1.77155e+06 1.77147e+06 1.7714e+06 1.77134e+06 1.77129e+06 1.77125e+06 1.77122e+06 1.7712e+06 1.77117e+06 1.77116e+06 1.77114e+06 1.77113e+06 1.77112e+06 1.77111e+06 1.77111e+06 1.7711e+06 1.7711e+06 1.7711e+06 1.77109e+06 1.77109e+06 1.77109e+06 1.77109e+06 1.77109e+06 1.77108e+06 1.77108e+06 1.77108e+06 1.77108e+06 1.77108e+06 1.77108e+06 1.77108e+06 1.77108e+06 1.77108e+06 1.77108e+06 1.77108e+06 1.77108e+06 1.77108e+06 1.77108e+06 1.77108e+06 1.77108e+06 1.77108e+06 1.77108e+06 1.77108e+06 1.77108e+06 1.77108e+06 1.77108e+06 1.77108e+06 1.77108e+06 1.77108e+06 1.77108e+06 1.77108e+06 1.77108e+06 1.77108e+06 1.77108e+06 1.77108e+06 1.77108e+06 1.77108e+06 1.77108e+06 1.77108e+06 1.77108e+06 0 0 0 0 0 0 0 0 0 0 0 0 0 0 0 0 0 0 0 0 0 0 0 0 0
#obs cpue bio
 8394.06 9437 10265.9 12768.8 17151.6 35760.8 27805.7 40327.4 29861.5 60116.5 84438.8 107232 105590 94989.2 109097 114352 104593 102021 125120 120115 87832 122121 148123 143801 119335 150533 112518 134843 117007
#pred surv len freq
 2.55897e-27 2.57686e-27 2.28736e-26 4.28542e-20 1.05052e-14 3.11287e-10 1.11498e-06 0.000482743 0.025265 0.159834 0.122741 0.0436816 0.246246 0.227336 0.048358 0.0534252 0.0218185 0.0153216 0.00910732 0.00676586 0.00524843 0.00452433 0.00455109 0.00405231 0.00123947
 2.56099e-27 2.58291e-27 2.86984e-26 5.51437e-20 1.35178e-14 4.00557e-10 1.43473e-06 0.000621182 0.0325104 0.20567 0.157652 0.0381023 0.179263 0.166682 0.0587459 0.0923423 0.032925 0.0161613 0.00724115 0.00405316 0.00253804 0.00186201 0.00165657 0.00147724 0.000495589
 2.5637e-27 2.58979e-27 3.43051e-26 6.69695e-20 1.64168e-14 4.86458e-10 1.74241e-06 0.000754397 0.0394824 0.249777 0.191375 0.0408668 0.176606 0.163142 0.0383675 0.0469453 0.022078 0.0185449 0.00681096 0.00258515 0.00110198 0.000610127 0.0004463 0.000373977 0.000130037
 2.56215e-27 2.5854e-27 3.02349e-26 5.83825e-20 1.43118e-14 4.24083e-10 1.51899e-06 0.000657667 0.0344199 0.21775 0.166961 0.0434666 0.213544 0.197101 0.0421834 0.0468039 0.0174951 0.0100693 0.00547791 0.00274721 0.000784837 0.000267197 0.00013709 9.84886e-05 3.39281e-05
 2.56204e-27 2.58529e-27 3.0316e-26 5.85541e-20 1.43538e-14 4.2533e-10 1.52346e-06 0.0006596 0.0345211 0.21839 0.167425 0.0418998 0.201296 0.186201 0.047573 0.0618419 0.0220741 0.0108135 0.00421309 0.00195219 0.00082979 0.000210052 5.84294e-05 2.99718e-05 9.67474e-06
 2.56252e-27 2.58651e-27 3.13084e-26 6.06474e-20 1.4867e-14 4.40535e-10 1.57792e-06 0.00068318 0.0357552 0.226198 0.173394 0.0424031 0.200931 0.18563 0.0431883 0.0520655 0.0203403 0.0124987 0.00453059 0.00161595 0.000541711 0.000176533 3.51721e-05 9.30096e-06 2.50782e-06
 2.5622e-27 2.58553e-27 3.0333e-26 5.85893e-20 1.43625e-14 4.25586e-10 1.52438e-06 0.000659997 0.0345418 0.218522 0.16755 0.0434931 0.213332 0.196936 0.0427304 0.0480926 0.0178751 0.00988991 0.00411167 0.00166966 0.000449192 0.000115138 2.48849e-05 3.75046e-06 6.44832e-07
 2.56219e-27 2.58551e-27 3.0316e-26 5.85535e-20 1.43537e-14 4.25326e-10 1.52344e-06 0.000659593 0.0345207 0.218388 0.167448 0.0434335 0.212951 0.196633 0.0435798 0.0500734 0.0179703 0.00897532 0.00344352 0.0013732 0.000433694 9.59738e-05 1.66699e-05 2.13211e-06 1.99281e-07
 2.56322e-27 2.58825e-27 3.26858e-26 6.35525e-20 1.55791e-14 4.61637e-10 1.65351e-06 0.000715906 0.0374679 0.237033 0.18168 0.0431814 0.201033 0.185541 0.0399245 0.0445195 0.0161406 0.00827497 0.00299874 0.0010759 0.000320268 7.83598e-05 1.20851e-05 1.23789e-06 7.79132e-08
 2.56513e-27 2.59326e-27 3.69468e-26 7.25409e-20 1.77825e-14 5.26928e-10 1.88737e-06 0.000817158 0.0427671 0.270557 0.20728 0.0432789 0.183789 0.169355 0.0321264 0.0307438 0.0109617 0.00539301 0.00198039 0.000707622 0.000189748 4.32592e-05 6.98091e-06 6.23387e-07 2.96309e-08
 2.5637e-27 2.58927e-27 3.33203e-26 6.48902e-20 1.5907e-14 4.71354e-10 1.68831e-06 0.000730974 0.0382566 0.242022 0.185522 0.0451719 0.213482 0.196604 0.0342132 0.0285961 0.00957984 0.00383727 0.00135371 0.000471682 0.000126808 2.6569e-05 3.98753e-06 3.54393e-07 1.4183e-08
 2.56391e-27 2.58993e-27 3.39933e-26 6.63102e-20 1.62552e-14 4.81669e-10 1.72526e-06 0.000746971 0.0390938 0.247318 0.18955 0.0441635 0.202978 0.187117 0.0362736 0.0356706 0.0115206 0.00388012 0.00121493 0.000357598 9.18507e-05 1.89832e-05 2.63877e-06 2.19479e-07 8.34672e-09
 2.56517e-27 2.59326e-27 3.68531e-26 7.23428e-20 1.7734e-14 5.25489e-10 1.88221e-06 0.000814926 0.0426503 0.269818 0.206728 0.0440666 0.190171 0.17511 0.030725 0.0260521 0.00881728 0.00362952 0.00108004 0.000266257 5.67543e-05 1.06416e-05 1.43056e-06 1.10298e-07 3.93625e-09
 2.56393e-27 2.58977e-27 3.36626e-26 6.56119e-20 1.6084e-14 4.76597e-10 1.70709e-06 0.000739105 0.0386821 0.244714 0.187588 0.0458818 0.217432 0.200084 0.0318546 0.0223093 0.00719143 0.00246643 0.000785293 0.000221845 4.13645e-05 6.27994e-06 7.38251e-07 5.38834e-08 1.78583e-09
 2.56214e-27 2.58502e-27 2.95432e-26 5.6922e-20 1.39537e-14 4.13474e-10 1.48099e-06 0.000641214 0.0335588 0.212303 0.162847 0.0463249 0.238187 0.219436 0.0389015 0.0334973 0.010392 0.00284142 0.000814172 0.000204552 4.28517e-05 6.23142e-06 5.85737e-07 3.6782e-08 1.13605e-09
 2.56296e-27 2.58737e-27 3.17376e-26 6.15516e-20 1.50886e-14 4.47103e-10 1.60145e-06 0.000693366 0.0362883 0.22957 0.176007 0.0447587 0.217022 0.200094 0.038886 0.038372 0.0124953 0.00433767 0.00118341 0.000239797 4.35e-05 6.48374e-06 6.01203e-07 3.0541e-08 8.09028e-10
 2.56386e-27 2.58971e-27 3.37001e-26 6.56913e-20 1.61034e-14 4.77174e-10 1.70916e-06 0.000739999 0.0387289 0.24501 0.187802 0.0450712 0.211113 0.194417 0.0338141 0.0282427 0.00956754 0.0039586 0.00119393 0.000287649 4.52547e-05 5.56102e-06 4.99426e-07 2.4529e-08 5.35475e-10
 2.56403e-27 2.59003e-27 3.38661e-26 6.60411e-20 1.61892e-14 4.79714e-10 1.71826e-06 0.000743939 0.0389351 0.246315 0.188812 0.0459878 0.217379 0.199998 0.031176 0.0207793 0.00666568 0.00224498 0.000714977 0.000203624 3.77049e-05 4.5606e-06 3.34942e-07 1.53694e-08 3.15208e-10
 2.56444e-27 2.59113e-27 3.48345e-26 6.80839e-20 1.66899e-14 4.94553e-10 1.77141e-06 0.000766951 0.0401395 0.253934 0.194626 0.0457518 0.211498 0.194575 0.0302852 0.0200929 0.00614996 0.00159101 0.000449237 0.000111278 2.34073e-05 3.36503e-06 2.56011e-07 9.90422e-09 1.85395e-10
 2.56373e-27 2.58921e-27 3.31224e-26 6.44721e-20 1.58046e-14 4.68317e-10 1.67743e-06 0.000726265 0.0380101 0.240463 0.184349 0.0463347 0.223154 0.205316 0.0319115 0.0210979 0.00645293 0.00165522 0.000427906 8.24796e-05 1.4667e-05 2.17748e-06 1.96983e-07 7.97463e-09 1.30155e-10
 2.5654e-27 2.59377e-27 3.71932e-26 7.30598e-20 1.79097e-14 5.30698e-10 1.90087e-06 0.000823004 0.0430731 0.272492 0.208783 0.0448485 0.194678 0.179101 0.0284153 0.0197236 0.00603492 0.00154199 0.000397648 7.4025e-05 1.08269e-05 1.28019e-06 1.13645e-07 5.32882e-09 9.08355e-11
 2.56546e-27 2.59386e-27 3.71828e-26 7.30377e-20 1.79043e-14 5.30537e-10 1.90029e-06 0.000822755 0.04306 0.27241 0.208732 0.0455879 0.20034 0.184152 0.0261371 0.0132551 0.00406097 0.001095 0.000284226 5.27039e-05 7.55106e-06 7.69974e-07 5.34347e-08 2.39772e-09 4.58342e-11
 2.56525e-27 2.59328e-27 3.66722e-26 7.19606e-20 1.76403e-14 5.22713e-10 1.87227e-06 0.000810621 0.042425 0.268392 0.205666 0.0457105 0.203427 0.187016 0.0269358 0.0143437 0.0042062 0.000815041 0.000203379 3.94316e-05 5.67493e-06 5.67691e-07 3.45203e-08 1.22681e-09 2.21684e-11
 2.56604e-27 2.59542e-27 3.85765e-26 7.59779e-20 1.86251e-14 5.51894e-10 1.97679e-06 0.000855875 0.0447934 0.283376 0.217098 0.0451119 0.190841 0.175406 0.0249757 0.012798 0.00377078 0.000764997 0.000176793 2.58596e-05 3.64656e-06 3.73701e-07 2.22749e-08 6.95607e-10 1.01795e-11
 2.56632e-27 2.59616e-27 3.91864e-26 7.72644e-20 1.89404e-14 5.61239e-10 2.01026e-06 0.000870367 0.0455519 0.288174 0.220764 0.045268 0.189452 0.174044 0.0232681 0.00924607 0.00269098 0.000525391 0.000121806 1.8103e-05 2.12485e-06 1.8473e-07 1.1133e-08 3.40719e-10 4.39084e-12
 2.56524e-27 2.59318e-27 3.65299e-26 7.16601e-20 1.75666e-14 5.2053e-10 1.86445e-06 0.000807236 0.0422478 0.267272 0.204819 0.0462242 0.207932 0.191064 0.0256684 0.0104306 0.00296531 0.000453861 9.85541e-05 1.41879e-05 1.67586e-06 1.32059e-07 6.52525e-09 1.92938e-10 2.42642e-12
 2.56505e-27 2.59267e-27 3.60783e-26 7.07075e-20 1.73331e-14 5.13611e-10 1.83967e-06 0.000796505 0.0416862 0.263719 0.202108 0.0463575 0.210851 0.193758 0.0261582 0.0108694 0.00309805 0.000483263 0.000100547 1.16187e-05 1.27198e-06 9.83754e-08 4.53114e-09 1.11766e-10 1.30798e-12
 2.56335e-27 2.58807e-27 3.20145e-26 6.21345e-20 1.52315e-14 4.51337e-10 1.61661e-06 0.000699932 0.0366319 0.231744 0.177711 0.0475213 0.236848 0.217763 0.0306952 0.0151708 0.00435498 0.000693592 0.000145594 1.69075e-05 1.64453e-06 1.06679e-07 4.68085e-09 1.07876e-10 1.07806e-12
 2.56714e-27 2.59845e-27 4.13018e-26 8.17272e-20 2.00344e-14 5.93656e-10 2.12638e-06 0.00092064 0.048183 0.304819 0.233452 0.0439159 0.170248 0.156496 0.0232895 0.0137111 0.00401963 0.000755921 0.000165533 1.96156e-05 1.92597e-06 1.17673e-07 4.3254e-09 9.06515e-11 8.42033e-13
#obs surv len freq
 1.08325e-41 1.50347e-33 2.52239e-26 5.11535e-20 1.25397e-14 3.71574e-10 1.33092e-06 0.000576241 0.0301582 0.19079 0.146394 0.0401075 0.173054 0.146478 0.104042 0.102072 0.0444622 0.0174287 0.00392077 0.000489913 2.50541e-05 3.80075e-07 1.28593e-09 7.9049e-13 7.73349e-17
 1.60353e-41 2.2256e-33 3.7339e-26 7.57228e-20 1.85625e-14 5.50042e-10 1.97016e-06 0.000853012 0.0446432 0.282426 0.216384 0.0406863 0.126727 0.102274 0.0759684 0.0686774 0.0287791 0.0102758 0.0020725 0.000222017 9.25832e-06 1.08605e-07 2.72859e-10 1.21536e-13 8.49725e-18
 1.5361e-41 2.13201e-33 3.57688e-26 7.25385e-20 1.7782e-14 5.26912e-10 1.88731e-06 0.000817141 0.0427659 0.270551 0.207544 0.0500029 0.176694 0.128802 0.0565213 0.0426372 0.0170932 0.00550063 0.000977735 8.81759e-05 2.95103e-06 2.65822e-08 4.95541e-11 1.60045e-14 8.00265e-19
 1.07562e-41 1.49289e-33 2.50464e-26 5.07936e-20 1.24515e-14 3.68959e-10 1.32155e-06 0.000572186 0.029946 0.189449 0.145847 0.0564512 0.230085 0.163012 0.0981381 0.0659607 0.0160048 0.0038899 0.000597417 4.45237e-05 1.175e-06 8.03075e-09 1.10552e-11 2.58875e-15 9.27178e-20
 1.50174e-41 2.08432e-33 3.49688e-26 7.09161e-20 1.73842e-14 5.15127e-10 1.8451e-06 0.000798865 0.0418094 0.2645 0.202957 0.0471841 0.142094 0.104131 0.104176 0.0692822 0.0191371 0.00357541 0.000333423 1.87529e-05 3.82615e-07 1.95717e-09 1.97215e-12 3.33458e-16 8.5483e-21
 1.19862e-41 1.6636e-33 2.79104e-26 5.66017e-20 1.38752e-14 4.11149e-10 1.47267e-06 0.000637614 0.0333702 0.211113 0.162748 0.064937 0.231104 0.143989 0.0786402 0.0500306 0.0193163 0.00380044 0.000301436 1.03673e-05 1.4067e-07 5.21653e-10 3.80472e-13 4.61217e-17 8.42629e-22
 1.37784e-41 1.91236e-33 3.20838e-26 6.50652e-20 1.595e-14 4.72627e-10 1.69287e-06 0.000732955 0.03836 0.24268 0.186732 0.0579539 0.17513 0.116567 0.109557 0.0567883 0.0127778 0.00249011 0.000224005 6.46646e-06 5.53792e-08 1.2809e-10 6.37204e-14 5.44474e-18 7.03764e-23
 1.19276e-41 1.65547e-33 2.77739e-26 5.6325e-20 1.38074e-14 4.09139e-10 1.46547e-06 0.000634497 0.0332071 0.210084 0.162404 0.0721374 0.226858 0.133285 0.0942315 0.0498783 0.0150224 0.00211321 0.000139584 3.94602e-06 2.83849e-08 4.36101e-11 1.33682e-14 7.37103e-19 6.46888e-24
 1.51291e-41 2.09982e-33 3.52289e-26 7.14435e-20 1.75135e-14 5.18958e-10 1.85882e-06 0.000804806 0.0421203 0.266471 0.205283 0.0643478 0.166753 0.103992 0.0965439 0.0424561 0.00972872 0.00141291 8.30804e-05 1.66277e-06 9.88959e-09 1.24783e-11 2.73181e-15 9.71196e-20 5.38613e-25
 1.52265e-41 2.11334e-33 3.54557e-26 7.19035e-20 1.76263e-14 5.22299e-10 1.87079e-06 0.000809988 0.0423916 0.26819 0.207219 0.0780323 0.19851 0.103496 0.0656057 0.0280325 0.00689614 0.00077605 3.77591e-05 6.44269e-07 2.78353e-09 2.60505e-12 4.44389e-16 1.18877e-20 4.62245e-26
 1.09543e-41 1.52039e-33 2.55076e-26 5.1729e-20 1.26808e-14 3.75754e-10 1.34589e-06 0.000582724 0.0304974 0.192951 0.150836 0.0971345 0.258033 0.136224 0.0956242 0.0319962 0.00552507 0.000571077 2.34795e-05 3.06409e-07 1.03903e-09 7.17346e-13 8.69705e-17 1.69425e-21 4.9014e-27
 1.66528e-41 2.3113e-33 3.87769e-26 7.86388e-20 1.92774e-14 5.71224e-10 2.04603e-06 0.000885861 0.0463624 0.293313 0.226467 0.0712093 0.144612 0.0940362 0.0896081 0.0285707 0.00458732 0.000335733 1.02221e-05 1.067e-07 2.70663e-10 1.38198e-13 1.22976e-17 1.71036e-22 3.4859e-28
 1.33426e-41 1.85187e-33 3.10689e-26 6.30071e-20 1.54455e-14 4.57677e-10 1.63932e-06 0.000709771 0.0371466 0.235025 0.184135 0.110412 0.242675 0.106849 0.0579334 0.0207346 0.00409746 0.000274266 6.30204e-06 4.52792e-08 8.39198e-11 3.14782e-14 2.01912e-18 2.01871e-23 2.95054e-29
 1.11833e-41 1.55217e-33 2.60409e-26 5.28105e-20 1.29459e-14 3.8361e-10 1.37403e-06 0.000594907 0.0311351 0.197001 0.155699 0.11197 0.235367 0.137655 0.103522 0.0238948 0.00294937 0.00020673 4.65756e-06 2.59405e-08 3.29116e-11 8.45621e-15 3.83716e-19 2.7357e-24 2.83985e-30
 8.71802e-42 1.21e-33 2.03003e-26 4.11686e-20 1.0092e-14 2.99045e-10 1.07113e-06 0.000463762 0.0242715 0.153592 0.123806 0.123207 0.248922 0.160316 0.125375 0.0350814 0.00475042 0.000210791 3.62602e-06 1.84212e-08 1.89589e-11 3.47234e-15 1.06644e-19 5.16793e-25 3.71843e-31
 1.4153e-41 1.96434e-33 3.29558e-26 6.68337e-20 1.63835e-14 4.85473e-10 1.73889e-06 0.000752878 0.0394027 0.249308 0.195438 0.0947189 0.16004 0.126337 0.1013 0.0284641 0.00404301 0.00019036 2.56027e-06 8.85186e-09 7.12642e-12 1.05559e-15 2.45626e-20 8.4372e-26 4.15321e-32
 9.78618e-42 1.35826e-33 2.27876e-26 4.62128e-20 1.13285e-14 3.35684e-10 1.20237e-06 0.000520584 0.0272454 0.172448 0.142167 0.162509 0.273311 0.12581 0.0712677 0.0215263 0.00305137 0.000140623 1.83722e-06 5.33248e-09 3.0273e-12 3.1361e-16 5.44249e-21 1.42798e-26 5.26409e-33
 1.43911e-41 1.99739e-33 3.35103e-26 6.79582e-20 1.66592e-14 4.93641e-10 1.76814e-06 0.000765545 0.0400656 0.253529 0.200666 0.108113 0.161499 0.135429 0.0833668 0.0149154 0.00157937 7.01911e-05 8.52392e-07 2.22736e-09 1.06745e-12 8.39656e-17 1.02242e-21 1.86002e-27 4.88452e-34
 1.00193e-41 1.39061e-33 2.33303e-26 4.73134e-20 1.15983e-14 3.4368e-10 1.231e-06 0.000532983 0.0278944 0.176612 0.149284 0.183334 0.260944 0.121456 0.0625364 0.0158961 0.00146684 4.18889e-05 4.07046e-07 9.23205e-10 3.75751e-13 2.43674e-17 2.34509e-22 3.19735e-28 6.00413e-35
 1.28467e-41 1.78304e-33 2.99141e-26 6.06652e-20 1.48714e-14 4.40666e-10 1.57839e-06 0.00068339 0.0357661 0.226386 0.183763 0.132327 0.181465 0.152771 0.0744055 0.0114404 0.00096404 2.74307e-05 1.90257e-07 3.02553e-10 9.5965e-14 5.00593e-18 3.84503e-23 4.12079e-29 5.97014e-36
 1.41446e-41 1.96317e-33 3.29363e-26 6.67942e-20 1.63738e-14 4.85186e-10 1.73786e-06 0.000752432 0.0393796 0.249305 0.205013 0.159256 0.187245 0.10127 0.0474979 0.00962361 0.000643659 1.30638e-05 7.77098e-08 9.61751e-11 2.11501e-14 7.77791e-19 4.4348e-24 3.62533e-30 4.02721e-37
 1.13135e-41 1.57023e-33 2.63439e-26 5.34249e-20 1.30965e-14 3.88073e-10 1.39002e-06 0.000601828 0.0314978 0.199546 0.173073 0.19693 0.225393 0.122116 0.0441483 0.00627481 0.00041048 7.76329e-06 3.37615e-08 3.12e-11 5.30384e-15 1.42955e-19 5.68399e-25 3.22691e-31 2.54547e-38
 1.37487e-41 1.90823e-33 3.20146e-26 6.49249e-20 1.59156e-14 4.71608e-10 1.68922e-06 0.000731375 0.0382778 0.242425 0.20302 0.160401 0.179211 0.126496 0.0439039 0.00528311 0.000246199 3.64923e-06 1.37089e-08 9.86469e-12 1.20682e-15 2.3636e-20 6.93698e-26 2.86932e-32 1.60731e-39
 1.35211e-41 1.87664e-33 3.14845e-26 6.38499e-20 1.56521e-14 4.63799e-10 1.66125e-06 0.000719265 0.0376443 0.238558 0.206618 0.193761 0.1882 0.0975367 0.0325371 0.00425096 0.000171633 1.85688e-06 4.99397e-09 2.77376e-12 2.65258e-16 3.87142e-21 8.14207e-27 2.3958e-33 9.62919e-41
 1.18893e-41 1.65015e-33 2.76847e-26 5.61441e-20 1.37631e-14 4.07825e-10 1.46076e-06 0.00063246 0.0331017 0.209973 0.190532 0.213866 0.206567 0.112719 0.0295864 0.00291281 0.000107552 1.03378e-06 2.1046e-09 8.18e-13 5.55483e-17 5.97959e-22 9.408e-28 2.04615e-34 5.95088e-42
 1.06677e-41 1.48061e-33 2.48403e-26 5.03757e-20 1.2349e-14 3.65923e-10 1.31068e-06 0.000567479 0.0297014 0.188617 0.178648 0.221683 0.21724 0.128797 0.0319414 0.0027296 7.44586e-05 5.55264e-07 9.34377e-10 2.84378e-13 1.39722e-17 1.04765e-22 1.15026e-28 1.77871e-35 3.74191e-43
 1.05063e-41 1.4582e-33 2.44643e-26 4.96131e-20 1.21621e-14 3.60385e-10 1.29084e-06 0.00055889 0.0292525 0.185933 0.179942 0.221834 0.216881 0.131401 0.0315559 0.00257983 5.98213e-05 3.37037e-07 4.11183e-10 9.43074e-14 3.56243e-18 2.00792e-23 1.59684e-29 1.73904e-36 2.5453e-44
 1.26937e-41 1.76181e-33 2.9558e-26 5.9943e-20 1.46943e-14 4.35419e-10 1.5596e-06 0.000675254 0.0353423 0.224353 0.204777 0.20006 0.192508 0.113017 0.0270143 0.00220141 4.95527e-05 2.55818e-07 2.6229e-10 4.77489e-14 1.42299e-18 6.47001e-24 4.23114e-30 3.80208e-37 4.54793e-45
 1.2694e-41 1.76184e-33 2.95586e-26 5.99442e-20 1.46946e-14 4.35428e-10 1.55963e-06 0.000675268 0.035343 0.224358 0.204781 0.200069 0.192674 0.113363 0.0266393 0.002054 4.28113e-05 2.00574e-07 1.83853e-10 2.95667e-14 7.71581e-19 3.05558e-24 1.73565e-30 1.353e-37 1.40276e-45
#pred catch len freq
 2.55726e-27 2.57221e-27 1.87643e-26 3.41852e-20 8.38009e-15 2.48317e-10 8.8943e-07 0.000385089 0.0201542 0.127502 0.0980712 0.0448897 0.272772 0.251789 0.0522292 0.0561147 0.0228884 0.0160456 0.00953609 0.00708406 0.00549524 0.00473708 0.0047651 0.00424287 0.00129776
 2.55926e-27 2.57827e-27 2.46385e-26 4.65791e-20 1.14183e-14 3.38345e-10 1.21189e-06 0.000524704 0.0274611 0.173727 0.133273 0.03888 0.202309 0.188027 0.063927 0.0988057 0.0352022 0.0172459 0.00772554 0.00432402 0.00270764 0.00198643 0.00176726 0.00157596 0.000528704
 2.5618e-27 2.58467e-27 2.98012e-26 5.74683e-20 1.40877e-14 4.17443e-10 1.49521e-06 0.000647368 0.0338809 0.214341 0.164334 0.0419838 0.204105 0.188533 0.043124 0.0514482 0.0241617 0.0202651 0.00744188 0.00282441 0.00120396 0.000666588 0.000487601 0.000408584 0.00014207
 2.56029e-27 2.58035e-27 2.57682e-26 4.89596e-20 1.20019e-14 3.55637e-10 1.27383e-06 0.00055152 0.0288646 0.182606 0.140146 0.044783 0.242402 0.223719 0.046683 0.0503804 0.0188118 0.0108071 0.0058782 0.00294781 0.000842142 0.000286706 0.0001471 0.00010568 3.64053e-05
 2.56044e-27 2.58096e-27 2.64909e-26 5.04849e-20 1.23758e-14 3.66716e-10 1.31351e-06 0.000568701 0.0297638 0.188294 0.144461 0.0429547 0.225458 0.208508 0.0517104 0.0656745 0.0234215 0.0114515 0.00446083 0.00206684 0.000878517 0.000222387 6.18604e-05 3.17317e-05 1.02428e-05
 2.56113e-27 2.58275e-27 2.79775e-26 5.36206e-20 1.31444e-14 3.89494e-10 1.3951e-06 0.000604025 0.0316125 0.19999 0.153398 0.0433981 0.222552 0.205571 0.0465298 0.0546798 0.0213381 0.0130886 0.00474372 0.00169184 0.000567147 0.000184822 3.68235e-05 9.73766e-06 2.62557e-06
 2.56094e-27 2.58209e-27 2.72828e-26 5.21548e-20 1.27851e-14 3.78846e-10 1.35696e-06 0.000587513 0.0307483 0.194523 0.149241 0.0444816 0.233719 0.215725 0.0456196 0.0499593 0.0185494 0.010244 0.00425812 0.00172902 0.000465158 0.00011923 2.57693e-05 3.88376e-06 6.6775e-07
 2.56106e-27 2.58242e-27 2.7573e-26 5.27669e-20 1.29352e-14 3.83292e-10 1.37289e-06 0.000594408 0.0311092 0.196806 0.150982 0.0443475 0.231475 0.213701 0.0461349 0.0516085 0.0185033 0.00922393 0.00353823 0.00141087 0.000445587 9.86056e-05 1.7127e-05 2.19057e-06 2.04745e-07
 2.56237e-27 2.58592e-27 3.06094e-26 5.91722e-20 1.45054e-14 4.2982e-10 1.53954e-06 0.000666563 0.0348855 0.220696 0.169217 0.0439296 0.215482 0.198844 0.0417109 0.0452468 0.0163878 0.00838581 0.00303836 0.00109003 0.000324472 7.93883e-05 1.22437e-05 1.25413e-06 7.89359e-08
 2.56426e-27 2.59088e-27 3.48318e-26 6.8079e-20 1.66887e-14 4.94517e-10 1.77128e-06 0.000766895 0.0401365 0.253915 0.194585 0.0440404 0.198503 0.182902 0.0339476 0.031489 0.0112152 0.00550717 0.00202193 0.000722413 0.000193712 4.41629e-05 7.12674e-06 6.3641e-07 3.025e-08
 2.5628e-27 2.58681e-27 3.11179e-26 6.0244e-20 1.47681e-14 4.37605e-10 1.56743e-06 0.000678636 0.0355173 0.224693 0.172303 0.0460014 0.229082 0.210959 0.0360194 0.0291021 0.0097389 0.00389318 0.00137312 0.000478411 0.000128616 2.69477e-05 4.04437e-06 3.59444e-07 1.43851e-08
 2.56338e-27 2.58848e-27 3.2692e-26 6.35648e-20 1.55822e-14 4.61727e-10 1.65383e-06 0.000716045 0.0374752 0.237079 0.18174 0.044718 0.212684 0.196035 0.0371581 0.0354416 0.0114369 0.00384404 0.00120331 0.00035415 9.09642e-05 1.87999e-05 2.61329e-06 2.1736e-07 8.26615e-09
 2.5649e-27 2.59252e-27 3.61805e-26 7.09239e-20 1.73861e-14 5.15183e-10 1.8453e-06 0.000798943 0.0418138 0.264526 0.202693 0.0444168 0.195671 0.180151 0.0310053 0.0254203 0.0085941 0.00353065 0.00105039 0.000258928 5.51912e-05 1.03485e-05 1.39115e-06 1.0726e-07 3.82783e-09
 2.56348e-27 2.58855e-27 3.25611e-26 6.32881e-20 1.55143e-14 4.59717e-10 1.64663e-06 0.000712927 0.0373121 0.236047 0.180978 0.0463679 0.225776 0.207747 0.0325532 0.0219726 0.0070746 0.00242141 0.000770759 0.000217722 4.05952e-05 6.16314e-06 7.24519e-07 5.28812e-08 1.75261e-09
 2.56173e-27 2.58387e-27 2.85068e-26 5.47356e-20 1.34178e-14 3.97592e-10 1.42411e-06 0.000616585 0.0322698 0.204148 0.156628 0.0468195 0.24632 0.226898 0.039442 0.0328504 0.0101824 0.00277835 0.000795846 0.00019993 4.1883e-05 6.09054e-06 5.72495e-07 3.59504e-08 1.11036e-09
 2.56276e-27 2.5868e-27 3.12063e-26 6.04307e-20 1.48139e-14 4.38961e-10 1.57229e-06 0.000680739 0.0356274 0.22539 0.17282 0.0451127 0.221955 0.204601 0.0388754 0.0372107 0.0121066 0.0041942 0.00114399 0.000231789 4.20466e-05 6.26708e-06 5.81114e-07 2.95204e-08 7.81994e-10
 2.56408e-27 2.59029e-27 3.41954e-26 6.67361e-20 1.63595e-14 4.84763e-10 1.73634e-06 0.000751768 0.0393448 0.248907 0.190777 0.0450821 0.209106 0.19253 0.0328555 0.0265266 0.00897634 0.00370663 0.0011177 0.000269262 4.23613e-05 5.20546e-06 4.67493e-07 2.29606e-08 5.01238e-10
 2.56428e-27 2.5907e-27 3.44534e-26 6.72801e-20 1.64929e-14 4.88714e-10 1.75049e-06 0.000757896 0.0396655 0.250936 0.19234 0.0459114 0.214319 0.197153 0.0302717 0.0194311 0.00622564 0.00209249 0.000666236 0.000189728 3.51313e-05 4.2493e-06 3.12079e-07 1.43203e-08 2.93692e-10
 2.5646e-27 2.59156e-27 3.52037e-26 6.88628e-20 1.68809e-14 5.00211e-10 1.79167e-06 0.000775725 0.0405987 0.256839 0.196844 0.0457394 0.209845 0.193027 0.0295955 0.018909 0.00578115 0.0014925 0.000421278 0.000104343 2.19483e-05 3.15529e-06 2.40054e-07 9.28687e-09 1.73839e-10
 2.56396e-27 2.58981e-27 3.36454e-26 6.55753e-20 1.6075e-14 4.76331e-10 1.70614e-06 0.000738692 0.0386605 0.244577 0.18749 0.046276 0.2205 0.202844 0.0310581 0.0197731 0.00604099 0.00154634 0.000399628 7.70218e-05 1.36962e-05 2.03335e-06 1.83944e-07 7.44678e-09 1.2154e-10
 2.5659e-27 2.59512e-27 3.83805e-26 7.55646e-20 1.85238e-14 5.48892e-10 1.96604e-06 0.00085122 0.0445498 0.281834 0.215912 0.0445649 0.187511 0.172471 0.0269355 0.0180168 0.00550688 0.00140416 0.000361982 6.73795e-05 9.85473e-06 1.16524e-06 1.0344e-07 4.85033e-09 8.26791e-11
 2.56589e-27 2.59502e-27 3.82101e-26 7.52048e-20 1.84355e-14 5.46278e-10 1.95668e-06 0.000847166 0.0443376 0.280492 0.214899 0.0452987 0.193807 0.178118 0.0249938 0.0121659 0.00372177 0.00100146 0.000259865 4.81821e-05 6.9031e-06 7.039e-07 4.88493e-08 2.19197e-09 4.19009e-11
 2.56581e-27 2.59479e-27 3.80084e-26 7.47793e-20 1.83312e-14 5.43188e-10 1.94561e-06 0.000842374 0.0440868 0.278906 0.213688 0.0453183 0.194807 0.179058 0.0254817 0.0130309 0.00381631 0.000737976 0.000184067 3.5684e-05 5.13549e-06 5.13727e-07 3.12388e-08 1.11019e-09 2.00611e-11
 2.56688e-27 2.59771e-27 4.06065e-26 8.02602e-20 1.96748e-14 5.83e-10 2.08821e-06 0.000904115 0.0473181 0.299348 0.229283 0.0444625 0.177337 0.162954 0.0229363 0.011282 0.00331957 0.000672072 0.000155254 2.27068e-05 3.2019e-06 3.28131e-07 1.95586e-08 6.10782e-10 8.93816e-12
 2.56708e-27 2.59822e-27 4.10169e-26 8.11258e-20 1.9887e-14 5.89288e-10 2.11073e-06 0.000913866 0.0478284 0.302576 0.231751 0.0446461 0.177 0.16257 0.021542 0.00819845 0.00238186 0.000464084 0.000107546 1.59821e-05 1.87587e-06 1.63084e-07 9.82849e-09 3.00794e-10 3.87633e-12
 2.5662e-27 2.59581e-27 3.88746e-26 7.66065e-20 1.87791e-14 5.5646e-10 1.99315e-06 0.000862956 0.045164 0.28572 0.218893 0.0454201 0.191925 0.176315 0.0234726 0.00913687 0.00259319 0.000396117 8.59671e-05 1.23747e-05 1.46164e-06 1.15178e-07 5.69116e-09 1.68276e-10 2.11626e-12
 2.56575e-27 2.59457e-27 3.77685e-26 7.42731e-20 1.82071e-14 5.3951e-10 1.93243e-06 0.000836671 0.0437883 0.277017 0.212253 0.0457977 0.199463 0.183261 0.024512 0.00975834 0.00277684 0.000432294 8.9894e-05 1.03866e-05 1.13707e-06 8.79408e-08 4.05053e-09 9.9911e-11 1.16925e-12
 2.56408e-27 2.59004e-27 3.37624e-26 6.58218e-20 1.61354e-14 4.78121e-10 1.71255e-06 0.000741469 0.0388058 0.245497 0.188203 0.0469788 0.225348 0.207155 0.0288766 0.0136949 0.00392602 0.000624024 0.000130921 1.52021e-05 1.47861e-06 9.59153e-08 4.20857e-09 9.69916e-11 9.69291e-13
 2.56303e-27 2.58724e-27 3.13147e-26 6.06584e-20 1.48697e-14 4.40615e-10 1.57821e-06 0.000683305 0.0357617 0.226239 0.173506 0.04744 0.239184 0.219986 0.0323048 0.0182857 0.00535459 0.00100491 0.00021996 2.60627e-05 2.55891e-06 1.56344e-07 5.74685e-09 1.20442e-10 1.11875e-12
#obs catch len freq
 5.00568e-42 6.94756e-34 1.1656e-26 2.36381e-20 5.7946e-15 1.71705e-10 6.15018e-07 0.000266281 0.0139361 0.0881651 0.0680477 0.0399574 0.219134 0.187007 0.143781 0.143247 0.0639801 0.0256907 0.0059738 0.000771687 4.1095e-05 6.51736e-07 2.29862e-09 1.46581e-12 1.48098e-16
 5.72657e-42 7.9481e-34 1.33346e-26 2.70423e-20 6.6291e-15 1.96432e-10 7.03588e-07 0.000304629 0.0159431 0.100862 0.0778517 0.0435989 0.222733 0.181271 0.143222 0.131327 0.0569755 0.0209808 0.00441477 0.000492883 2.13738e-05 2.60656e-07 6.80064e-10 3.13439e-13 2.25801e-17
 1.08217e-41 1.50198e-33 2.51988e-26 5.11027e-20 1.25272e-14 3.71205e-10 1.3296e-06 0.000575669 0.0301282 0.190601 0.146424 0.0451831 0.181538 0.140743 0.113726 0.0954968 0.0396427 0.0132216 0.0024753 0.000234805 8.22063e-06 7.68936e-08 1.48209e-10 4.93512e-14 2.53671e-18
 1.11464e-41 1.54704e-33 2.59549e-26 5.2636e-20 1.29031e-14 3.82342e-10 1.36949e-06 0.000592941 0.0310322 0.196321 0.151136 0.0584248 0.237945 0.164315 0.0768698 0.0543517 0.0214626 0.00641321 0.00104977 8.30759e-05 2.31314e-06 1.64944e-08 2.34763e-11 5.65245e-15 2.07478e-19
 7.83721e-42 1.08775e-33 1.82493e-26 3.70092e-20 9.07238e-15 2.68831e-10 9.62909e-07 0.000416906 0.0218192 0.138038 0.106896 0.0647913 0.273821 0.184612 0.116755 0.0714948 0.016902 0.00387255 0.000543616 3.52285e-05 7.66955e-07 4.12318e-09 4.31512e-12 7.51315e-16 1.97238e-20
 1.2558e-41 1.74297e-33 2.92419e-26 5.93019e-20 1.45372e-14 4.30763e-10 1.54292e-06 0.000668032 0.0349621 0.221183 0.170115 0.0528825 0.172571 0.122333 0.125534 0.0758168 0.0202028 0.00342036 0.000294192 1.44189e-05 2.40896e-07 9.63793e-10 7.35593e-13 9.22627e-17 1.73113e-21
 1.03753e-41 1.44002e-33 2.41594e-26 4.89947e-20 1.20105e-14 3.55892e-10 1.27475e-06 0.000551922 0.0288854 0.182743 0.14146 0.07364 0.259886 0.153409 0.0860837 0.0510148 0.0187862 0.00329836 0.000232809 6.92482e-06 7.74692e-08 2.24108e-10 1.23428e-13 1.10766e-17 1.47923e-22
 1.27544e-41 1.77022e-33 2.96991e-26 6.02292e-20 1.47645e-14 4.37499e-10 1.56705e-06 0.000678478 0.0355088 0.224644 0.173272 0.0644185 0.192645 0.123984 0.116358 0.0543674 0.0118389 0.00211386 0.000165216 4.00026e-06 2.7928e-08 5.06337e-11 1.90363e-14 1.20268e-18 1.13509e-23
 1.14701e-41 1.59197e-33 2.67087e-26 5.41646e-20 1.32778e-14 3.93446e-10 1.40926e-06 0.000610161 0.0319334 0.202028 0.156663 0.0796877 0.238879 0.134217 0.0948593 0.0463154 0.0130708 0.0016362 9.65537e-05 2.26946e-06 1.30039e-08 1.55106e-11 3.59944e-15 1.46977e-19 9.41452e-25
 1.51642e-41 2.10469e-33 3.53105e-26 7.16089e-20 1.75541e-14 5.2016e-10 1.86313e-06 0.00080667 0.0422179 0.26709 0.206072 0.0694842 0.170781 0.103464 0.0935205 0.0373337 0.00812052 0.00105368 5.33729e-05 8.92758e-07 4.23175e-09 4.098e-12 6.74975e-16 1.77806e-20 7.21053e-26
 1.55388e-41 2.15668e-33 3.61828e-26 7.33779e-20 1.79877e-14 5.33009e-10 1.90915e-06 0.000826597 0.0432608 0.273692 0.21181 0.0832953 0.197396 0.0983839 0.0612081 0.0240792 0.00547804 0.000545323 2.30235e-05 3.22366e-07 1.10292e-09 7.92688e-13 1.01326e-16 2.00204e-21 5.69643e-27
 1.15222e-41 1.59921e-33 2.683e-26 5.44107e-20 1.33381e-14 3.95234e-10 1.41566e-06 0.000612933 0.0320785 0.202957 0.15905 0.10389 0.253875 0.129242 0.08724 0.0263828 0.00426551 0.000390051 1.36485e-05 1.45937e-07 3.89299e-10 2.05134e-13 1.86085e-17 2.67255e-22 5.64415e-28
 1.72457e-41 2.39359e-33 4.01574e-26 8.14385e-20 1.99637e-14 5.91561e-10 2.11887e-06 0.000917399 0.048013 0.303758 0.234795 0.0748456 0.140438 0.0902819 0.0801774 0.0231486 0.00340007 0.00021776 5.68325e-06 4.81623e-08 9.55813e-11 3.71458e-14 2.46561e-18 2.5243e-23 3.75235e-29
 1.39717e-41 1.93919e-33 3.25339e-26 6.5978e-20 1.61737e-14 4.79257e-10 1.71662e-06 0.000743238 0.0388981 0.246112 0.193305 0.116367 0.234076 0.0987333 0.0515176 0.0170691 0.0030004 0.000172833 3.34495e-06 1.9511e-08 2.82513e-11 8.03576e-15 3.83691e-19 2.81951e-24 3.00236e-30
 1.18693e-41 1.64738e-33 2.76382e-26 5.60498e-20 1.37399e-14 4.0714e-10 1.45831e-06 0.000631397 0.0330448 0.209091 0.165777 0.1188 0.228842 0.131769 0.0908955 0.0188644 0.00215009 0.000130167 2.41166e-06 1.07388e-08 1.06017e-11 2.06557e-15 6.96852e-20 3.64669e-25 2.75556e-31
 9.41506e-42 1.30675e-33 2.19234e-26 4.44602e-20 1.08989e-14 3.22954e-10 1.15677e-06 0.000500842 0.0262121 0.165881 0.134299 0.131537 0.243622 0.155345 0.110808 0.0283052 0.00335706 0.000127996 1.84383e-06 7.41326e-09 5.865e-12 8.10749e-16 1.85023e-20 6.57938e-26 3.44287e-32
 1.50321e-41 2.08636e-33 3.5003e-26 7.09854e-20 1.74012e-14 5.15631e-10 1.84691e-06 0.000799646 0.0418503 0.264803 0.207974 0.0988229 0.153341 0.120294 0.0868596 0.0223649 0.00277836 0.000110312 1.21127e-06 3.33178e-09 2.06255e-12 2.29197e-16 3.94856e-21 9.94858e-27 3.56418e-33
 1.05553e-41 1.465e-33 2.45785e-26 4.98447e-20 1.22188e-14 3.62067e-10 1.29686e-06 0.000561497 0.0293866 0.186017 0.154125 0.170468 0.261365 0.117232 0.0616244 0.0170455 0.00209188 8.10732e-05 8.54214e-07 1.93904e-09 8.42243e-13 6.54846e-17 8.39421e-22 1.61076e-27 4.3172e-34
 1.53182e-41 2.12606e-33 3.56691e-26 7.23362e-20 1.77324e-14 5.25442e-10 1.88205e-06 0.000814862 0.0426467 0.269873 0.214057 0.111641 0.153689 0.126424 0.0686055 0.011158 0.0010498 3.89999e-05 3.78876e-07 7.67918e-10 2.79002e-13 1.63845e-17 1.47225e-22 1.95737e-28 3.72837e-35
 1.08495e-41 1.50584e-33 2.52637e-26 5.12342e-20 1.25595e-14 3.7216e-10 1.33302e-06 0.00057715 0.030206 0.191274 0.162525 0.190329 0.2472 0.111959 0.052928 0.012036 0.000942246 2.27076e-05 1.77547e-07 3.10413e-10 9.51978e-14 4.58494e-18 3.24457e-23 3.22965e-29 4.40255e-36
 1.38288e-41 1.91935e-33 3.22011e-26 6.53032e-20 1.60083e-14 4.74356e-10 1.69907e-06 0.000735637 0.0385005 0.243714 0.198374 0.136124 0.173043 0.140477 0.0600484 0.00835729 0.000609927 1.42e-05 7.8323e-08 9.64101e-11 2.30021e-14 8.87411e-19 4.99362e-24 3.89608e-30 4.09047e-37
 1.51013e-41 2.09596e-33 3.51642e-26 7.13122e-20 1.74813e-14 5.18004e-10 1.85541e-06 0.000803327 0.0420433 0.266198 0.219531 0.161271 0.173603 0.0908025 0.0384933 0.00686022 0.000386128 6.49549e-06 3.05176e-08 2.88948e-11 4.77253e-15 1.29746e-19 5.40528e-25 3.20661e-31 2.57455e-38
 1.22462e-41 1.69969e-33 2.85158e-26 5.78295e-20 1.41762e-14 4.20067e-10 1.50461e-06 0.000651445 0.0340947 0.216043 0.188158 0.200658 0.2113 0.109328 0.0350592 0.00445566 0.000246349 3.76265e-06 1.28578e-08 9.08962e-12 1.15488e-15 2.2953e-20 6.66803e-26 2.74507e-32 1.56132e-39
 1.47563e-41 2.04807e-33 3.43606e-26 6.96827e-20 1.70819e-14 5.06168e-10 1.81301e-06 0.000784971 0.0410829 0.260232 0.218491 0.161849 0.168074 0.111672 0.0340701 0.00359996 0.000141276 1.70225e-06 4.97747e-09 2.71765e-12 2.48083e-16 3.57623e-21 7.65151e-27 2.29368e-33 9.2733e-41
 1.45045e-41 2.01313e-33 3.37744e-26 6.84938e-20 1.67904e-14 4.97532e-10 1.78208e-06 0.000771578 0.0403825 0.25597 0.222303 0.193855 0.173523 0.0850213 0.0252322 0.00284468 9.505e-05 8.28998e-07 1.73717e-09 7.3036e-13 5.18771e-17 5.56155e-22 8.52342e-28 1.81578e-34 5.25806e-42
 1.28676e-41 1.78594e-33 2.99628e-26 6.07639e-20 1.48956e-14 4.41383e-10 1.58096e-06 0.000684502 0.0358258 0.227333 0.206868 0.214764 0.192457 0.0975793 0.0224993 0.00192841 5.881e-05 4.48979e-07 7.06261e-10 2.0745e-13 1.04516e-17 8.24192e-23 9.42622e-29 1.48314e-35 3.10952e-43
 1.16352e-41 1.61489e-33 2.70931e-26 5.49444e-20 1.3469e-14 3.9911e-10 1.42955e-06 0.000618945 0.0323956 0.205824 0.195446 0.223588 0.204723 0.11143 0.0241659 0.00176687 3.96531e-05 2.35123e-07 3.03741e-10 6.94536e-14 2.5274e-18 1.38798e-23 1.10657e-29 1.23511e-36 1.86838e-44
 1.1479e-41 1.59321e-33 2.67295e-26 5.42068e-20 1.32882e-14 3.93752e-10 1.41036e-06 0.000610637 0.0319607 0.203037 0.191789 0.216676 0.208866 0.11865 0.0264263 0.001944 3.95441e-05 1.9075e-07 1.95044e-10 3.69177e-14 1.14045e-18 5.22868e-24 3.36769e-30 2.9584e-37 3.48048e-45
 1.35435e-41 1.87975e-33 3.15366e-26 6.39556e-20 1.5678e-14 4.64567e-10 1.664e-06 0.000720456 0.0377079 0.239293 0.215081 0.194529 0.182335 0.104281 0.02417 0.0018424 3.81234e-05 1.77684e-07 1.62281e-10 2.60278e-14 6.77877e-19 2.68059e-24 1.52104e-30 1.1848e-37 1.22766e-45
#spawning biomass
 11204.8 11998.5 15398.5 21242.1 27920.6 34724.2 40781.3 45830 52763.8 67420.2 87552.4 107915 133244 152446 152072 141622 138414 129250 124439 120422 122827 130488 139593 151295 162524 166947 148576 125819 124846 283471 360881 366579 336088 290340 243271 201900 168608 143275 124720 111490 102242 95870.1 91514.3 88545.5 86541.2 85225.8 84362.4 83795.7 83423.7 83179.6 83019.4 82914.2 82845.2 82799.9 82770.1 82750.6 82737.8 82729.4 82723.9 82720.2 82717.9 82716.3 82715.3 82714.6 82714.2 82713.9 82713.7 82713.6 82713.5 82713.4 82713.4 82713.4 82713.4 82713.3 82713.3 82713.3 82713.3 82713.3 82713.3 82713.3 82713.3 82713.3 82713.3 82713.3 82713.3 82713.3 82713.3 82713.3 82713.3 82713.3 82713.3 82713.3 82713.3 82713.3 82713.3 82713.3 82713.3 82713.3 82713.3 82713.3 82713.3 82713.3 82713.3 82713.3 82713.3 82713.3 82713.3 82713.3 82713.3 82713.3 82713.3 82713.3 82713.3 82713.3 82713.3 82713.3 82713.3 82713.3 82713.3 82713.3 82713.3 82713.3 82713.3 82713.3 82713.3 82713.3 82713.3 82713.3 82713.3 0 0 0 0 0 0 0 0 0 0 0 0 0 0 0 0 0 0 0 0 0 0 0 0 0
