SBPRF35
0.119882
Curr Bio
91407
B35
138025
F35
0.972797
FOFL
0.417117
OFL
13314.8
Bzero
34252.1
#pred survey bio
 7908.66 9435.33 11596.3 13014.8 21437.8 33682.9 35055.5 42108.7 54231.1 64666.5 83731.6 105174 136813 154376 163124 142838 135249 131939 114793 114133 117612 140385 140623 149215 147828 149356 152849 98843 2.51767e+06 1.51661e+06 854126 520366 392881 343598 322567 312585 307491 304792 303340 302556 302133 301906 301783 301717 301682 301663 301654 301649 301646 301644 301644 301643 301643 301643 301643 301643 301643 301643 301643 301643 301643 301643 301643 301643 301643 301643 301643 301643 301643 301643 301643 301643 301643 301643 301643 301643 301643 301643 301643 301643 301643 301643 301643 301643 301643 301643 301643 301643 301643 301643 301643 301643 301643 301643 301643 301643 301643 301643 301643 301643 301643 301643 301643 301643 301643 301643 301643 301643 301643 301643 301643 301643 301643 301643 301643 301643 301643 301643 301643 301643 301643 301643 301643 301643 301643 301643 301643 301643 0 0 0 0 0 0 0 0 0 0 0 0 0 0 0 0 0 0 0 0 0 0 0 0 0
#obs survey bio
 6693.4 8439 9645.97 8614.75 31943.1 19693.5 35531.4 41815.3 47877.5 57346.1 102008 96998.3 157869 93745.8 115698 110570 135279 120205 93515.6 88891.3 115484 153996 128394 152142 164891 117253 184342 60756.6
#pred catch bio
 3295.75 4526.23 6136.81 7157.04 8914.73 18103.6 19774.4 22920 31520.5 35763 47972 57449.7 81217.1 91519.1 107437 93686.7 86407.9 89848.6 75578.2 77627.1 73746.6 93461.9 89909.6 103056 103068 102459 122025 90692.6 13314.8 32076 15607 8347.08 6167.15 5592.82 5452.67 5420.2 5412.94 5411.36 5411.03 5410.96 5410.94 5410.94 5410.94 5410.94 5410.94 5410.94 5410.94 5410.94 5410.94 5410.94 5410.94 5410.94 5410.94 5410.94 5410.94 5410.94 5410.94 5410.94 5410.94 5410.94 5410.94 5410.94 5410.94 5410.94 5410.94 5410.94 5410.94 5410.94 5410.94 5410.94 5410.94 5410.94 5410.94 5410.94 5410.94 5410.94 5410.94 5410.94 5410.94 5410.94 5410.94 5410.94 5410.94 5410.94 5410.94 5410.94 5410.94 5410.94 5410.94 5410.94 5410.94 5410.94 5410.94 5410.94 5410.94 5410.94 5410.94 5410.94 5410.94 5410.94 5410.94 5410.94 5410.94 5410.94 5410.94 5410.94 5410.94 5410.94 5410.94 5410.94 5410.94 5410.94 5410.94 5410.94 5410.94 5410.94 5410.94 5410.94 5410.94 5410.94 5410.94 5410.94 5410.94 5410.94 5410.94 5410.94 5410.94 5410.94 0 0 0 0 0 0 0 0 0 0 0 0 0 0 0 0 0 0 0 0 0 0 0 0 0
#obs catch bio
 4477.87 4523.94 6088.68 7316.77 8802.68 18289.3 19954.7 22678.7 31566.3 35690.2 46945 56456.8 79124.2 92415.2 109697 94915.2 86020.9 89567.9 75291 77635.2 73207.6 90797 85657.8 99378.3 100001 100073 120471 91458.8
#pred cpue bio
 6629.51 7403.94 9060.7 10166.1 15378.7 26271.8 27804.5 31680.3 41252.9 48949.7 63275 79240 103767 117559 125921 109891 102618 101008 87405.1 85905.4 87084.4 104571 105973 112462 109549 110421 113580 74048.2 1.67648e+06 1.43387e+06 810365 475246 347524 298219 277187 267205 262110 259411 257960 257176 256753 256525 256403 256336 256301 256283 256273 256268 256265 256264 256263 256263 256263 256262 256262 256262 256262 256262 256262 256262 256262 256262 256262 256262 256262 256262 256262 256262 256262 256262 256262 256262 256262 256262 256262 256262 256262 256262 256262 256262 256262 256262 256262 256262 256262 256262 256262 256262 256262 256262 256262 256262 256262 256262 256262 256262 256262 256262 256262 256262 256262 256262 256262 256262 256262 256262 256262 256262 256262 256262 256262 256262 256262 256262 256262 256262 256262 256262 256262 256262 256262 256262 256262 256262 256262 256262 256262 256262 0 0 0 0 0 0 0 0 0 0 0 0 0 0 0 0 0 0 0 0 0 0 0 0 0
#obs cpue bio
 4650.5 9546.55 11581.2 8812.57 18177.7 23501.4 33649.8 39012.2 42661.2 56126.1 96460 98922.6 151838 107781 132845 126449 120202 119747 109841 112461 100000 190190 272044 175705 151727 185651 115790 102623
#pred surv len freq
 2.56907e-27 2.60423e-27 4.7056e-26 9.38688e-20 2.30108e-14 6.81851e-10 2.44228e-06 0.00105741 0.0553412 0.350103 0.267915 0.0366394 0.0906584 0.0837032 0.0218872 0.0291633 0.0137238 0.0121932 0.00826616 0.00680381 0.00568141 0.00515187 0.0053637 0.00485375 0.00149148
 2.5706e-27 2.60811e-27 5.01107e-26 1.00311e-19 2.45901e-14 7.2865e-10 2.6099e-06 0.00112999 0.0591395 0.374132 0.286301 0.0390344 0.0959691 0.0883125 0.0176781 0.0181873 0.00706258 0.0044539 0.00247699 0.0017245 0.00125484 0.0010116 0.000955435 0.000876543 0.00029638
 2.57029e-27 2.60721e-27 4.92363e-26 9.84664e-20 2.41378e-14 7.15248e-10 2.5619e-06 0.0011092 0.0580517 0.367251 0.281062 0.0399904 0.106926 0.0983728 0.018609 0.0177185 0.00600534 0.0025182 0.00102554 0.000512512 0.000292953 0.000197633 0.000161978 0.000142905 5.03651e-05
 2.57023e-27 2.60704e-27 4.90922e-26 9.81625e-20 2.40633e-14 7.1304e-10 2.55399e-06 0.00110578 0.0578725 0.366117 0.280198 0.0400538 0.108016 0.0993959 0.0191062 0.0185859 0.0061293 0.00226986 0.00072821 0.000233847 8.59801e-05 4.20381e-05 2.75381e-05 2.19187e-05 7.73866e-06
 2.57331e-27 2.61538e-27 5.64448e-26 1.13673e-19 2.78656e-14 8.25709e-10 2.95755e-06 0.00128051 0.0670171 0.423968 0.32434 0.0380804 0.0619843 0.0568757 0.0108133 0.0103633 0.00343642 0.00129952 0.000396801 0.000105396 2.43125e-05 6.78414e-06 2.93635e-06 1.90572e-06 6.47182e-07
 2.5701e-27 2.60658e-27 4.8575e-26 9.70709e-20 2.37958e-14 7.05111e-10 2.52559e-06 0.00109348 0.057229 0.362046 0.277105 0.0410702 0.117923 0.108344 0.0171863 0.011943 0.00394322 0.00149855 0.000462444 0.000122783 2.4242e-05 4.13011e-06 8.72731e-07 3.69746e-07 1.13481e-07
 2.56952e-27 2.60514e-27 4.74239e-26 9.4643e-20 2.32006e-14 6.87475e-10 2.46242e-06 0.00106613 0.0557976 0.352991 0.27018 0.0404133 0.11779 0.108472 0.0217445 0.0222919 0.00684528 0.00172984 0.000509153 0.000135902 2.69438e-05 3.9846e-06 4.52452e-07 8.28964e-08 1.97354e-08
 2.57175e-27 2.61118e-27 5.27531e-26 1.05885e-19 2.59565e-14 7.69139e-10 2.75493e-06 0.00119278 0.0624257 0.394922 0.302174 0.0389314 0.0840339 0.0772743 0.0153531 0.015598 0.00526816 0.00211985 0.000571223 0.000108593 2.06426e-05 3.04456e-06 2.85268e-07 2.14744e-08 2.64356e-09
 2.57119e-27 2.60959e-27 5.12747e-26 1.02766e-19 2.51919e-14 7.46481e-10 2.67377e-06 0.00115764 0.0605867 0.383288 0.293308 0.0399821 0.0982593 0.0902622 0.015131 0.0118113 0.00395954 0.0015874 0.000506111 0.000134981 2.0445e-05 2.505e-06 2.27347e-07 1.18446e-08 5.30531e-10
 2.57139e-27 2.61013e-27 5.17646e-26 1.038e-19 2.54453e-14 7.53989e-10 2.70066e-06 0.00116928 0.0611961 0.387143 0.296247 0.039741 0.0943591 0.0866984 0.0151455 0.0127245 0.00397247 0.00113379 0.000347102 9.75397e-05 1.97814e-05 2.44337e-06 1.76155e-07 8.20961e-09 1.98347e-10
 2.57146e-27 2.61032e-27 5.19334e-26 1.04156e-19 2.55326e-14 7.56576e-10 2.70993e-06 0.0011733 0.0614061 0.388471 0.297261 0.0396745 0.0931412 0.0855761 0.0149756 0.012624 0.0040117 0.0012524 0.000341008 7.24608e-05 1.4638e-05 2.22075e-06 1.77026e-07 6.78187e-09 1.3052e-10
 2.57155e-27 2.61058e-27 5.21522e-26 1.04617e-19 2.56457e-14 7.59928e-10 2.72194e-06 0.00117849 0.0616781 0.390193 0.298575 0.0396812 0.0922686 0.0847542 0.0145275 0.0118079 0.00374904 0.00117059 0.000328694 7.21531e-05 1.15666e-05 1.56089e-06 1.45544e-07 6.17367e-09 1.01048e-10
 2.57131e-27 2.60991e-27 5.15702e-26 1.0339e-19 2.53447e-14 7.5101e-10 2.68999e-06 0.00116466 0.0609543 0.385613 0.29508 0.0398143 0.0957369 0.0879652 0.0152873 0.0127317 0.00401534 0.00120758 0.000337561 7.48533e-05 1.2442e-05 1.46232e-06 1.1637e-07 5.51462e-09 9.78293e-11
 2.57114e-27 2.60945e-27 5.11489e-26 1.02501e-19 2.51269e-14 7.44554e-10 2.66687e-06 0.00115465 0.0604303 0.382299 0.292552 0.0400011 0.0989339 0.0909007 0.0155407 0.012571 0.00397584 0.0012161 0.000336184 7.22004e-05 1.20126e-05 1.44217e-06 1.0394e-07 4.27288e-09 8.14255e-11
 2.5706e-27 2.60798e-27 4.98611e-26 9.97842e-20 2.44609e-14 7.2482e-10 2.59618e-06 0.00112405 0.0588286 0.372166 0.284821 0.0403354 0.106911 0.0982744 0.017075 0.0142139 0.00446874 0.00132065 0.00036569 7.93164e-05 1.28856e-05 1.52598e-06 1.10885e-07 4.17693e-09 7.10013e-11
 2.57073e-27 2.60832e-27 5.0152e-26 1.00398e-19 2.46113e-14 7.29277e-10 2.61215e-06 0.00113096 0.0591904 0.374455 0.286568 0.0403086 0.105479 0.0969389 0.0165781 0.0134168 0.00422853 0.00126897 0.000347814 7.33434e-05 1.1971e-05 1.40266e-06 1.00046e-07 3.74697e-09 5.87545e-11
 2.57127e-27 2.60981e-27 5.1469e-26 1.03176e-19 2.52924e-14 7.49459e-10 2.68444e-06 0.00116226 0.0608284 0.384817 0.294474 0.0399278 0.0970263 0.0891371 0.0151678 0.0121618 0.00380924 0.00110587 0.000303439 6.45635e-05 1.03174e-05 1.19555e-06 8.47073e-08 3.11801e-09 4.80534e-11
 2.5709e-27 2.60877e-27 5.05372e-26 1.01211e-19 2.48105e-14 7.35181e-10 2.63329e-06 0.00114012 0.0596695 0.377486 0.288882 0.0403148 0.1039 0.0954547 0.0158316 0.0120849 0.00377752 0.00108888 0.000295294 6.12265e-05 9.82482e-06 1.12821e-06 7.85791e-08 2.86682e-09 4.34865e-11
 2.57111e-27 2.60934e-27 5.10332e-26 1.02257e-19 2.5067e-14 7.42781e-10 2.66052e-06 0.0011519 0.0602864 0.381388 0.29186 0.0401884 0.100846 0.0926336 0.0152785 0.0115305 0.00356028 0.000955564 0.000256036 5.25348e-05 8.24745e-06 9.37217e-07 6.49162e-08 2.32972e-09 3.49333e-11
 2.57156e-27 2.61056e-27 5.21222e-26 1.04554e-19 2.56302e-14 7.59469e-10 2.72029e-06 0.00117778 0.0616408 0.389957 0.298397 0.0398255 0.0934919 0.0858564 0.0142423 0.0108727 0.00335476 0.000894272 0.000234199 4.52235e-05 6.98383e-06 7.78725e-07 5.30426e-08 1.88881e-09 2.791e-11
 2.57212e-27 2.61207e-27 5.34446e-26 1.07344e-19 2.6314e-14 7.79732e-10 2.79287e-06 0.00120921 0.0632855 0.400361 0.306338 0.0395638 0.085921 0.0788386 0.0124295 0.0085039 0.00262068 0.000702185 0.000183641 3.4998e-05 5.15627e-06 5.51796e-07 3.682e-08 1.28751e-09 1.8826e-11
 2.5719e-27 2.61149e-27 5.29226e-26 1.06243e-19 2.60441e-14 7.71734e-10 2.76422e-06 0.0011968 0.0626363 0.396254 0.303204 0.0397283 0.089374 0.0820251 0.0129969 0.00899299 0.00272646 0.000655359 0.000168997 3.23552e-05 4.73204e-06 4.88414e-07 3.09975e-08 1.05533e-09 1.51478e-11
 2.57146e-27 2.61027e-27 5.18421e-26 1.03963e-19 2.54853e-14 7.55175e-10 2.70491e-06 0.00117112 0.0612924 0.387752 0.296719 0.0401258 0.0969565 0.0890049 0.0139199 0.00934105 0.00283065 0.000680068 0.00017 2.96484e-05 4.2828e-06 4.4051e-07 2.70913e-08 8.77519e-10 1.22032e-11
 2.57149e-27 2.61039e-27 5.19682e-26 1.04229e-19 2.55505e-14 7.57108e-10 2.71183e-06 0.00117412 0.0614492 0.388744 0.297473 0.0399027 0.0947289 0.0869937 0.0143689 0.010871 0.00329034 0.000771259 0.000192087 3.31981e-05 4.48498e-06 4.36094e-07 2.65947e-08 8.36898e-10 1.11037e-11
 2.57208e-27 2.61198e-27 5.33601e-26 1.07166e-19 2.62703e-14 7.78437e-10 2.78823e-06 0.0012072 0.0631804 0.399696 0.305831 0.0396045 0.0865868 0.0794498 0.0124804 0.00846578 0.00260272 0.000686688 0.000172909 2.92275e-05 3.91451e-06 3.637e-07 2.06968e-08 6.36907e-10 8.21838e-12
 2.57214e-27 2.61211e-27 5.34562e-26 1.07368e-19 2.632e-14 7.79909e-10 2.7935e-06 0.00120948 0.0632998 0.400452 0.306409 0.0397015 0.0869186 0.0797282 0.0120279 0.00736023 0.00221549 0.000515267 0.000131525 2.45431e-05 3.29488e-06 3.00659e-07 1.64671e-08 4.74158e-10 5.91499e-12
 2.57196e-27 2.61162e-27 5.30243e-26 1.06457e-19 2.60967e-14 7.73292e-10 2.7698e-06 0.00119922 0.0627628 0.397054 0.303817 0.0398283 0.089705 0.0823018 0.012526 0.00784634 0.00233032 0.000486015 0.000117552 1.98762e-05 2.80888e-06 2.70302e-07 1.45886e-08 4.04394e-10 4.74623e-12
 2.5716e-27 2.61062e-27 5.21049e-26 1.04517e-19 2.56212e-14 7.59202e-10 2.71933e-06 0.00117737 0.0616191 0.389819 0.298301 0.0403917 0.0978672 0.0897656 0.0126107 0.00616016 0.00181346 0.000369525 8.65755e-05 1.31306e-05 1.69406e-06 1.59487e-07 9.14193e-09 2.53347e-10 2.86474e-12
#obs surv len freq
 1.75728e-41 2.43899e-33 4.09192e-26 8.29832e-20 2.03424e-14 6.02782e-10 2.15907e-06 0.000934801 0.0489237 0.309506 0.23707 0.0440246 0.152695 0.129411 0.0369481 0.028572 0.00862855 0.00269647 0.000523499 6.08594e-05 3.08218e-06 4.9512e-08 1.88496e-10 1.37074e-13 1.6474e-17
 2.17284e-41 3.01576e-33 5.05957e-26 1.02607e-19 2.51529e-14 7.45327e-10 2.66964e-06 0.00115586 0.0604932 0.382697 0.29293 0.0419998 0.0973269 0.0779347 0.0225553 0.0163804 0.00482381 0.00142139 0.000252593 2.55566e-05 1.07032e-06 1.34979e-08 3.86411e-11 2.05174e-14 1.76935e-18
 1.72207e-41 2.39012e-33 4.00993e-26 8.13206e-20 1.99348e-14 5.90704e-10 2.11581e-06 0.000916071 0.0479435 0.303305 0.232529 0.0512295 0.181916 0.135883 0.0267027 0.0142594 0.00401302 0.00110347 0.000180582 1.58656e-05 5.44281e-07 5.34744e-09 1.14937e-11 4.46536e-15 2.77036e-19
 2.0941e-41 2.90648e-33 4.87622e-26 9.88887e-20 2.42414e-14 7.18317e-10 2.5729e-06 0.00111398 0.058301 0.368829 0.282463 0.0457981 0.113013 0.0810312 0.0277519 0.0175943 0.00333818 0.000659363 9.64068e-05 7.34389e-06 2.05954e-07 1.56728e-09 2.51833e-12 7.15435e-16 3.19971e-20
 2.37445e-41 3.29558e-33 5.52902e-26 1.12127e-19 2.74867e-14 8.14481e-10 2.91734e-06 0.00126311 0.066106 0.418206 0.320138 0.0442666 0.0787744 0.0518439 0.011434 0.00591787 0.0016773 0.000337193 3.16697e-05 1.87592e-06 4.25964e-08 2.50972e-10 3.00924e-13 6.23945e-17 2.01067e-21
 1.31796e-41 1.82924e-33 3.06893e-26 6.22374e-20 1.52568e-14 4.52086e-10 1.6193e-06 0.0007011 0.0366928 0.232132 0.178846 0.0712616 0.272585 0.16661 0.0279885 0.0107361 0.00201385 0.000387823 4.16258e-05 1.72557e-06 2.72685e-08 1.21121e-10 1.08318e-13 1.64075e-17 3.80993e-22
 2.21364e-41 3.07238e-33 5.15456e-26 1.04533e-19 2.56251e-14 7.5932e-10 2.71976e-06 0.00117756 0.0616289 0.389883 0.298649 0.046758 0.0889898 0.0565412 0.0354076 0.0181784 0.00246091 0.00029713 2.46335e-05 9.89627e-07 1.16275e-08 3.44398e-11 2.17855e-14 2.3895e-18 4.00184e-23
 1.98315e-41 2.75249e-33 4.61787e-26 9.36494e-20 2.2957e-14 6.80259e-10 2.43658e-06 0.00105495 0.0552121 0.34929 0.268134 0.0610978 0.155731 0.0829405 0.0160236 0.00739862 0.00271047 0.000384649 1.94785e-05 5.32882e-07 5.19053e-09 1.15978e-11 4.93435e-15 3.65561e-19 4.2755e-24
 2.02953e-41 2.81685e-33 4.72585e-26 9.58392e-20 2.34939e-14 6.96166e-10 2.49355e-06 0.00107962 0.0565031 0.357458 0.274455 0.0613468 0.142677 0.0734069 0.0229487 0.0085505 0.00130293 0.000248687 1.93841e-05 3.84007e-07 2.34937e-09 3.85315e-12 1.22564e-15 6.35518e-20 5.003e-25
 1.98119e-41 2.74976e-33 4.61329e-26 9.35565e-20 2.29343e-14 6.79585e-10 2.43416e-06 0.00105391 0.0551574 0.348946 0.268248 0.0670343 0.154369 0.0737434 0.0218464 0.00795785 0.00146558 0.000164156 1.08807e-05 2.74078e-07 1.42518e-09 1.49851e-12 3.17835e-16 1.1783e-20 6.66283e-26
 2.10343e-41 2.91943e-33 4.89795e-26 9.93294e-20 2.43494e-14 7.21518e-10 2.58436e-06 0.00111894 0.0585608 0.370478 0.284734 0.0657095 0.13251 0.0598389 0.0193953 0.00642239 0.00110051 0.000123094 5.97771e-06 1.12779e-07 5.9057e-10 5.61264e-13 8.51881e-17 2.06044e-21 7.78294e-27
 2.04123e-41 2.83309e-33 4.75309e-26 9.63917e-20 2.36293e-14 7.0018e-10 2.50793e-06 0.00108585 0.0568289 0.359524 0.276817 0.0733488 0.147394 0.0611747 0.0175321 0.00529882 0.0008991 8.98483e-05 3.88857e-06 5.53705e-08 2.07673e-10 1.65614e-13 2.20535e-17 4.27236e-22 1.15394e-27
 1.99637e-41 2.77082e-33 4.64863e-26 9.42734e-20 2.311e-14 6.84791e-10 2.45281e-06 0.00106198 0.05558 0.351626 0.271243 0.0795739 0.154173 0.0611586 0.0195245 0.00522937 0.000756688 6.80148e-05 2.56402e-06 3.00059e-08 8.43484e-11 4.73254e-14 4.66518e-18 7.18723e-23 1.57304e-28
 1.86912e-41 2.59421e-33 4.35233e-26 8.82643e-20 2.1637e-14 6.41143e-10 2.29647e-06 0.000994292 0.0520373 0.32922 0.254956 0.0912887 0.17529 0.0666495 0.0228329 0.00583868 0.000826375 6.16835e-05 1.91688e-06 1.83752e-08 4.04618e-11 1.68834e-14 1.17957e-18 1.27409e-23 2.01037e-29
 1.69642e-41 2.35451e-33 3.95018e-26 8.01089e-20 1.96378e-14 5.81903e-10 2.08428e-06 0.000902421 0.0472292 0.298812 0.23289 0.106211 0.200513 0.0756514 0.0294919 0.007217 0.00100847 6.89288e-05 1.75861e-06 1.30586e-08 2.22091e-11 7.03505e-15 3.63549e-19 2.82774e-24 3.14369e-30
 1.912e-41 2.65373e-33 4.45219e-26 9.02894e-20 2.21334e-14 6.55853e-10 2.34916e-06 0.0010171 0.0532312 0.336783 0.261601 0.0955483 0.154896 0.0609947 0.0279564 0.00691508 0.000990473 6.30171e-05 1.39968e-06 8.2575e-09 1.05208e-11 2.46649e-15 9.41833e-20 5.37376e-25 4.33386e-31
 1.85361e-41 2.57269e-33 4.31623e-26 8.75323e-20 2.14575e-14 6.35825e-10 2.27742e-06 0.000986045 0.0516057 0.326513 0.255096 0.109984 0.170258 0.0578149 0.0213205 0.00552426 0.000842031 5.20158e-05 1.0297e-06 5.02326e-09 4.96369e-12 8.61103e-16 2.38238e-20 9.81159e-26 5.71654e-32
 1.84285e-41 2.55775e-33 4.29116e-26 8.70239e-20 2.13329e-14 6.32132e-10 2.2642e-06 0.000980319 0.051306 0.32463 0.254663 0.116582 0.167535 0.0576147 0.0215775 0.00446829 0.000603649 3.70996e-05 6.75445e-07 2.79688e-09 2.20776e-12 2.92933e-16 5.99939e-21 1.78899e-26 7.45964e-33
 1.86366e-41 2.58664e-33 4.33962e-26 8.80066e-20 2.15738e-14 6.39271e-10 2.28976e-06 0.000991388 0.0518854 0.32831 0.258475 0.121358 0.160163 0.054285 0.0200297 0.00401718 0.000459432 2.30934e-05 3.74513e-07 1.34432e-09 8.68004e-13 9.01781e-17 1.40235e-21 3.10539e-27 9.455e-34
 1.94756e-41 2.70309e-33 4.535e-26 9.19688e-20 2.25451e-14 6.68052e-10 2.39285e-06 0.00103602 0.0542214 0.343101 0.270434 0.120956 0.143733 0.0468776 0.0162216 0.00308016 0.000323529 1.34096e-05 1.69553e-07 4.93556e-10 2.60474e-13 2.15546e-17 2.5944e-22 4.34846e-28 9.85662e-35
 1.9411e-41 2.69411e-33 4.51993e-26 9.16633e-20 2.24702e-14 6.65833e-10 2.38491e-06 0.00103258 0.0540414 0.34199 0.271255 0.129877 0.142683 0.043228 0.0133614 0.0023046 0.000216307 7.7001e-06 7.68884e-08 1.68226e-10 6.73475e-14 4.30465e-18 4.00728e-23 5.14094e-29 8.80054e-36
 1.98368e-41 2.75322e-33 4.6191e-26 9.36744e-20 2.29632e-14 6.80441e-10 2.43723e-06 0.00105524 0.0552271 0.349517 0.278141 0.131457 0.131636 0.0396455 0.011467 0.00171123 0.000136291 4.05718e-06 3.26046e-08 5.4542e-11 1.60784e-14 7.50083e-19 5.14138e-24 4.90809e-30 6.28366e-37
 1.91244e-41 2.65434e-33 4.45321e-26 9.03102e-20 2.21385e-14 6.56004e-10 2.3497e-06 0.00101734 0.0532437 0.337026 0.271586 0.146975 0.13827 0.0397466 0.0105849 0.00144984 9.66835e-05 2.29129e-06 1.44344e-08 1.85495e-11 4.09372e-15 1.39651e-19 6.89903e-25 4.72741e-31 4.35787e-38
 1.96526e-41 2.72765e-33 4.57621e-26 9.28045e-20 2.27499e-14 6.74122e-10 2.4146e-06 0.00104544 0.0547144 0.346368 0.279893 0.145192 0.124847 0.03726 0.00945751 0.00115332 6.57709e-05 1.24517e-06 5.94997e-09 5.71985e-12 9.38346e-16 2.35802e-20 8.4892e-26 4.19637e-32 2.7692e-39
 1.93947e-41 2.69185e-33 4.51614e-26 9.15865e-20 2.24513e-14 6.65274e-10 2.3829e-06 0.00103172 0.0539965 0.341904 0.279573 0.155685 0.123916 0.0347358 0.00816639 0.000943003 4.60551e-05 7.00415e-07 2.55902e-09 1.81399e-12 2.16378e-16 3.94428e-21 1.02933e-26 3.68058e-33 1.75094e-40
 1.86919e-41 2.59431e-33 4.3525e-26 8.82678e-20 2.16378e-14 6.41167e-10 2.29656e-06 0.000994331 0.0520403 0.329641 0.274436 0.170026 0.127783 0.036358 0.00787575 0.000807698 3.44728e-05 4.29251e-07 1.20671e-09 6.36021e-13 5.51724e-17 7.22101e-22 1.34659e-27 3.43955e-34 1.17001e-41
 1.79121e-41 2.48608e-33 4.17092e-26 8.45855e-20 2.07351e-14 6.1442e-10 2.20075e-06 0.00095285 0.0498698 0.31606 0.268991 0.184393 0.131783 0.039059 0.00810531 0.000757103 2.72208e-05 2.7614e-07 6.08255e-10 2.41218e-13 1.53419e-17 1.45084e-22 1.93691e-28 3.5212e-35 8.49897e-43
 1.8284e-41 2.5377e-33 4.25752e-26 8.63417e-20 2.11657e-14 6.27177e-10 2.24645e-06 0.000972634 0.0509057 0.32273 0.276399 0.181891 0.121633 0.037302 0.00748685 0.000657045 2.03252e-05 1.65615e-07 2.82598e-10 8.50127e-14 4.01843e-18 2.77507e-23 2.67295e-29 3.47951e-36 5.98456e-44
#pred catch len freq
 2.56714e-27 2.59908e-27 4.26165e-26 8.45038e-20 2.07151e-14 6.13825e-10 2.19862e-06 0.000951917 0.0498199 0.315174 0.241248 0.0368972 0.111355 0.102903 0.0270408 0.0361577 0.0169884 0.01506 0.0102018 0.00839361 0.00700801 0.00635462 0.00661586 0.00598686 0.00183967
 2.56914e-27 2.60416e-27 4.66503e-26 9.30114e-20 2.28006e-14 6.75624e-10 2.41997e-06 0.00104775 0.0548357 0.346906 0.265524 0.0398155 0.116511 0.107295 0.021503 0.0221533 0.00859162 0.00540221 0.00300196 0.00208897 0.00151982 0.00122518 0.00115714 0.0010616 0.00035895
 2.56896e-27 2.60361e-27 4.60599e-26 9.17657e-20 2.24952e-14 6.66574e-10 2.38756e-06 0.00103372 0.0541012 0.342259 0.261993 0.0408566 0.126915 0.116831 0.0220893 0.0210164 0.0071164 0.00297373 0.00121005 0.000604345 0.000345385 0.000232995 0.000190958 0.000168474 5.93763e-05
 2.56896e-27 2.60362e-27 4.60677e-26 9.1782e-20 2.24993e-14 6.66693e-10 2.38798e-06 0.00103391 0.0541109 0.34232 0.26204 0.0408864 0.127109 0.117028 0.0224681 0.0218198 0.00718951 0.00265286 0.000850447 0.000272901 0.000100318 4.90455e-05 3.21281e-05 2.5572e-05 9.02851e-06
 2.57219e-27 2.61235e-27 5.37727e-26 1.08036e-19 2.64838e-14 7.84762e-10 2.81089e-06 0.00121701 0.0636937 0.402944 0.308298 0.0388101 0.0788084 0.0724139 0.0138007 0.0132703 0.0043973 0.00165776 0.000505868 0.000134271 3.09669e-05 8.64024e-06 3.73965e-06 2.42707e-06 8.24232e-07
 2.56878e-27 2.60299e-27 4.53942e-26 9.03608e-20 2.21509e-14 6.5637e-10 2.35101e-06 0.0010179 0.053273 0.33702 0.258011 0.0420992 0.139168 0.127929 0.0202813 0.0140752 0.00464306 0.00175827 0.000542214 0.00014386 2.83974e-05 4.83763e-06 1.02221e-06 4.33074e-07 1.32917e-07
 2.56823e-27 2.60164e-27 4.43305e-26 8.81174e-20 2.16009e-14 6.40074e-10 2.29264e-06 0.000992624 0.0519504 0.328652 0.251609 0.0412513 0.137215 0.126418 0.0253003 0.0258845 0.00794379 0.0019999 0.000588094 0.000156858 3.10922e-05 4.59769e-06 5.22055e-07 9.56481e-08 2.27713e-08
 2.57067e-27 2.60826e-27 5.01822e-26 1.00462e-19 2.4627e-14 7.29743e-10 2.61382e-06 0.00113168 0.0592282 0.374694 0.286739 0.0396159 0.100087 0.0921041 0.0182737 0.0185319 0.006253 0.00250717 0.000675208 0.000128259 2.43746e-05 3.59469e-06 3.36805e-07 2.53538e-08 3.12112e-09
 2.57015e-27 2.60677e-27 4.8775e-26 9.7493e-20 2.38992e-14 7.08177e-10 2.53657e-06 0.00109824 0.0574778 0.36362 0.278302 0.0407611 0.11473 0.105451 0.0176422 0.0137185 0.00459411 0.0018349 0.000584599 0.000155804 2.35947e-05 2.89057e-06 2.62334e-07 1.36673e-08 6.1217e-10
 2.57029e-27 2.60714e-27 4.91174e-26 9.82154e-20 2.40763e-14 7.13425e-10 2.55537e-06 0.00110638 0.0579038 0.366315 0.280356 0.0405455 0.111646 0.102647 0.0179071 0.0150091 0.00468251 0.00133142 0.000407252 0.000114361 2.31882e-05 2.86394e-06 2.06471e-07 9.62234e-09 2.32479e-10
 2.57043e-27 2.60752e-27 4.94572e-26 9.89321e-20 2.4252e-14 7.1863e-10 2.57401e-06 0.00111445 0.0583263 0.368988 0.282395 0.0404272 0.109313 0.100496 0.0175522 0.0147462 0.0046824 0.0014562 0.000396211 8.41238e-05 1.699e-05 2.57736e-06 2.05448e-07 7.87067e-09 1.51475e-10
 2.57046e-27 2.6076e-27 4.95108e-26 9.90453e-20 2.42798e-14 7.19453e-10 2.57696e-06 0.00111572 0.058393 0.36941 0.282719 0.0404937 0.109592 0.100734 0.0172464 0.013988 0.00443792 0.00138056 0.000387366 8.49681e-05 1.3618e-05 1.83752e-06 1.71333e-07 7.26758e-09 1.18952e-10
 2.57033e-27 2.60724e-27 4.92033e-26 9.83966e-20 2.41207e-14 7.14741e-10 2.56008e-06 0.00110842 0.0580106 0.366991 0.280872 0.0405415 0.111253 0.102278 0.0177305 0.0147018 0.00463301 0.00138787 0.00038765 8.58938e-05 1.4274e-05 1.67747e-06 1.33487e-07 6.32575e-09 1.12219e-10
 2.57013e-27 2.60671e-27 4.87236e-26 9.73847e-20 2.38727e-14 7.0739e-10 2.53375e-06 0.00109702 0.057414 0.363216 0.277994 0.0407552 0.114901 0.105628 0.0180157 0.0145097 0.00458528 0.00139702 0.000385901 8.28133e-05 1.37752e-05 1.65362e-06 1.19176e-07 4.89919e-09 9.33605e-11
 2.56976e-27 2.6057e-27 4.78355e-26 9.55111e-20 2.34134e-14 6.9378e-10 2.485e-06 0.00107591 0.0563094 0.356228 0.272661 0.0409689 0.120274 0.110599 0.0191349 0.01581 0.00496616 0.00146145 0.000404339 8.76293e-05 1.42329e-05 1.68536e-06 1.22462e-07 4.61302e-09 7.8414e-11
 2.56989e-27 2.60604e-27 4.81307e-26 9.61338e-20 2.3566e-14 6.98304e-10 2.50121e-06 0.00108293 0.0566765 0.358551 0.274434 0.0409472 0.118864 0.109282 0.0186129 0.0149513 0.0047079 0.00140688 0.0003853 8.11827e-05 1.32475e-05 1.55206e-06 1.10699e-07 4.14593e-09 6.50104e-11
 2.57044e-27 2.60753e-27 4.94435e-26 9.89032e-20 2.42449e-14 7.1842e-10 2.57326e-06 0.00111412 0.0583092 0.36888 0.282315 0.0405676 0.110438 0.101505 0.0172094 0.0137054 0.00428906 0.00124001 0.000339959 7.22766e-05 1.15473e-05 1.33794e-06 9.47929e-08 3.48923e-09 5.37743e-11
 2.57016e-27 2.60678e-27 4.87647e-26 9.74713e-20 2.38939e-14 7.08019e-10 2.53601e-06 0.00109799 0.057465 0.36354 0.278242 0.040892 0.115768 0.106396 0.0175665 0.0132877 0.00414967 0.00119096 0.0003227 6.68544e-05 1.07254e-05 1.2315e-06 8.57706e-08 3.12917e-09 4.74659e-11
 2.57031e-27 2.60718e-27 4.91191e-26 9.82187e-20 2.40771e-14 7.13449e-10 2.55545e-06 0.00110641 0.0579057 0.366327 0.28037 0.0408108 0.113655 0.104442 0.0171589 0.0128464 0.00396332 0.00105922 0.000283557 5.81346e-05 9.12443e-06 1.03677e-06 7.18095e-08 2.57709e-09 3.86424e-11
 2.57088e-27 2.60872e-27 5.04902e-26 1.01111e-19 2.47862e-14 7.34459e-10 2.63071e-06 0.001139 0.059611 0.377115 0.2886 0.0403578 0.104426 0.0959358 0.0158413 0.0119823 0.00369394 0.000980388 0.000256523 4.94933e-05 7.64134e-06 8.5195e-07 5.80286e-08 2.06634e-09 3.05332e-11
 2.57134e-27 2.60995e-27 5.15597e-26 1.03367e-19 2.53393e-14 7.50848e-10 2.68941e-06 0.00116441 0.0609411 0.38553 0.295023 0.0401913 0.0986457 0.0905659 0.0142363 0.00967269 0.00297847 0.000794759 0.000207676 3.95465e-05 5.825e-06 6.23293e-07 4.15895e-08 1.45427e-09 2.12644e-11
 2.57122e-27 2.60962e-27 5.12599e-26 1.02735e-19 2.51842e-14 7.46254e-10 2.67296e-06 0.00115729 0.0605683 0.383171 0.293223 0.0402856 0.100628 0.0923961 0.0145836 0.010001 0.00302965 0.000725102 0.000186803 3.57347e-05 5.22505e-06 5.39242e-07 3.42222e-08 1.16511e-09 1.67234e-11
 2.57064e-27 2.60805e-27 4.98609e-26 9.97837e-20 2.44608e-14 7.24817e-10 2.59617e-06 0.00112404 0.0588284 0.372164 0.284826 0.0407915 0.110378 0.101373 0.0158054 0.0105274 0.00318779 0.00076268 0.000190478 3.31925e-05 4.79353e-06 4.92988e-07 3.03178e-08 9.8202e-10 1.36564e-11
 2.57085e-27 2.60863e-27 5.04048e-26 1.00931e-19 2.47421e-14 7.33152e-10 2.62603e-06 0.00113697 0.0595049 0.376444 0.288088 0.0404172 0.105237 0.0966798 0.0158919 0.011906 0.00360075 0.000840299 0.000209079 3.61045e-05 4.87639e-06 4.74098e-07 2.89114e-08 9.09793e-10 1.20708e-11
 2.57151e-27 2.61042e-27 5.19746e-26 1.04243e-19 2.55538e-14 7.57206e-10 2.71218e-06 0.00117427 0.0614572 0.388795 0.297514 0.0400749 0.0960098 0.0881322 0.0137817 0.00924787 0.00284053 0.000746091 0.000187702 3.17013e-05 4.24474e-06 3.94335e-07 2.24394e-08 6.90526e-10 8.91024e-12
 2.57154e-27 2.61047e-27 5.19964e-26 1.04289e-19 2.55651e-14 7.57539e-10 2.71338e-06 0.00117479 0.0614843 0.388966 0.297647 0.0402083 0.0969315 0.0889519 0.0133677 0.00809371 0.00243422 0.000563645 0.00014373 2.67984e-05 3.5968e-06 3.28172e-07 1.79733e-08 5.17525e-10 6.45596e-12
 2.5717e-27 2.6109e-27 5.23869e-26 1.05112e-19 2.5767e-14 7.63523e-10 2.73481e-06 0.00118407 0.0619699 0.392038 0.299991 0.040063 0.0941796 0.0864208 0.0130709 0.00805195 0.00238908 0.000495836 0.000119788 2.02365e-05 2.85901e-06 2.75095e-07 1.48469e-08 4.11548e-10 4.83018e-12
 2.57174e-27 2.61099e-27 5.24308e-26 1.05205e-19 2.57897e-14 7.64196e-10 2.73722e-06 0.00118511 0.0620245 0.392384 0.300258 0.0402959 0.0957635 0.0878239 0.0122574 0.00584325 0.00171788 0.000348176 8.14711e-05 1.23451e-05 1.59224e-06 1.49883e-07 8.59114e-09 2.38081e-10 2.69211e-12
#obs catch len freq
 1.74839e-41 2.42665e-33 4.07121e-26 8.25634e-20 2.02394e-14 5.99731e-10 2.14814e-06 0.000930071 0.0486762 0.30794 0.235876 0.0441347 0.154213 0.130662 0.0369541 0.0284687 0.00872456 0.00278747 0.000559604 6.73313e-05 3.54083e-06 5.93255e-08 2.35853e-10 1.78485e-13 2.2206e-17
 1.76039e-41 2.4433e-33 4.09915e-26 8.31298e-20 2.03783e-14 6.03846e-10 2.16288e-06 0.000936452 0.0490102 0.310053 0.237547 0.0459776 0.15642 0.125507 0.036813 0.0269157 0.00796161 0.00237425 0.000434239 4.5586e-05 1.98331e-06 2.59454e-08 7.70263e-11 4.2361e-14 3.77292e-18
 2.18077e-41 3.02677e-33 5.07803e-26 1.02981e-19 2.52447e-14 7.48046e-10 2.67938e-06 0.00116008 0.0607139 0.384093 0.294039 0.0432922 0.0987633 0.0746812 0.0222319 0.0151896 0.00438495 0.00122516 0.000203789 1.84567e-05 6.57676e-07 6.69787e-09 1.48652e-11 5.94847e-15 3.79418e-19
 1.73917e-41 2.41386e-33 4.04974e-26 8.2128e-20 2.01327e-14 5.96569e-10 2.13681e-06 0.000925166 0.0484195 0.306317 0.234921 0.0537396 0.183537 0.128805 0.0255898 0.0130543 0.00360193 0.000934905 0.000142184 1.1075e-05 3.2015e-07 2.52055e-09 4.17758e-12 1.21911e-15 5.58375e-20
 2.11411e-41 2.93424e-33 4.9228e-26 9.98333e-20 2.4473e-14 7.25179e-10 2.59747e-06 0.00112462 0.0588579 0.372353 0.285218 0.0474009 0.112786 0.0761552 0.0269277 0.0156896 0.00286203 0.000544242 7.36441e-05 4.92767e-06 1.15286e-07 6.97773e-10 8.60296e-13 1.83013e-16 6.03147e-21
 2.39051e-41 3.31787e-33 5.56641e-26 1.12886e-19 2.76726e-14 8.1999e-10 2.93707e-06 0.00127165 0.0665531 0.421034 0.322347 0.0453533 0.0777744 0.047906 0.0107614 0.00525673 0.0014498 0.000265074 2.31069e-05 1.20797e-06 2.2693e-08 1.05561e-10 9.66538e-14 1.4963e-17 3.54684e-22
 1.35268e-41 1.87744e-33 3.14979e-26 6.38771e-20 1.56587e-14 4.63996e-10 1.66196e-06 0.000719571 0.0376595 0.238249 0.183731 0.0757019 0.271578 0.154738 0.0261276 0.00943402 0.00171644 0.000311494 2.97732e-05 1.06848e-06 1.40475e-08 4.90789e-11 3.33691e-14 3.76317e-18 6.4167e-23
 2.24285e-41 3.11292e-33 5.22258e-26 1.05913e-19 2.59633e-14 7.69339e-10 2.75565e-06 0.0011931 0.0624421 0.395028 0.302652 0.0481373 0.0868217 0.0524777 0.0336081 0.0154137 0.00198043 0.000225139 1.70418e-05 5.81799e-07 5.56642e-09 1.29809e-11 6.24017e-15 5.08449e-19 6.24232e-24
 2.0202e-41 2.80391e-33 4.70414e-26 9.53989e-20 2.33859e-14 6.92968e-10 2.4821e-06 0.00107466 0.0562436 0.355817 0.273267 0.0634578 0.15136 0.0749827 0.0146986 0.0065475 0.00225531 0.000279916 1.27801e-05 3.0235e-07 2.38441e-09 4.14049e-12 1.33579e-15 7.35273e-20 6.29713e-25
 2.06901e-41 2.87165e-33 4.81779e-26 9.77037e-20 2.39509e-14 7.09709e-10 2.54206e-06 0.00110063 0.0576024 0.364413 0.279923 0.0635295 0.137682 0.066326 0.0210633 0.00709463 0.0010616 0.000187914 1.23633e-05 2.04629e-07 1.02237e-09 1.30468e-12 3.13073e-16 1.20384e-20 6.94255e-26
 2.02529e-41 2.81096e-33 4.71597e-26 9.5639e-20 2.34448e-14 6.94712e-10 2.48834e-06 0.00107737 0.0563851 0.356715 0.274378 0.0694099 0.148098 0.0661746 0.0198489 0.00662991 0.00115631 0.000117677 6.98078e-06 1.42842e-07 5.86157e-10 4.78296e-13 7.67141e-17 2.10628e-21 8.71622e-27
 2.14543e-41 2.97771e-33 4.99573e-26 1.01312e-19 2.48355e-14 7.35922e-10 2.63595e-06 0.00114128 0.0597299 0.377875 0.290575 0.0676574 0.126023 0.0533793 0.0174087 0.00526109 0.000856803 8.58472e-05 3.62726e-06 5.71099e-08 2.34583e-10 1.69701e-13 1.93451e-17 3.46748e-22 9.58266e-28
 2.08775e-41 2.89766e-33 4.86143e-26 9.85888e-20 2.41679e-14 7.16139e-10 2.56509e-06 0.0011106 0.0581242 0.367721 0.283326 0.0754967 0.139444 0.0541665 0.0155448 0.00431171 0.000688353 6.13712e-05 2.28186e-06 2.664e-08 7.88965e-11 4.79093e-14 4.75338e-18 6.79077e-23 1.34266e-28
 2.0465e-41 2.8404e-33 4.76537e-26 9.66406e-20 2.36903e-14 7.01988e-10 2.51441e-06 0.00108865 0.0569757 0.360459 0.278295 0.0818319 0.145219 0.0541761 0.0171525 0.0041834 0.000568976 4.5482e-05 1.45829e-06 1.38517e-08 3.0438e-11 1.29887e-14 9.53716e-19 1.0793e-23 1.72211e-29
 1.92597e-41 2.67312e-33 4.48471e-26 9.0949e-20 2.22951e-14 6.60644e-10 2.36632e-06 0.00102453 0.0536201 0.339238 0.263025 0.0939587 0.164714 0.0591836 0.0199271 0.00465599 0.000609659 4.01425e-05 1.05733e-06 8.16394e-09 1.39544e-11 4.40509e-15 2.28736e-19 1.81317e-24 2.08074e-30
 1.75928e-41 2.44177e-33 4.09657e-26 8.30776e-20 2.03655e-14 6.03467e-10 2.16152e-06 0.000935864 0.0489794 0.309892 0.241941 0.109615 0.188601 0.0678457 0.0256549 0.00575096 0.000737077 4.39471e-05 9.38608e-07 5.58916e-09 7.34633e-12 1.75318e-15 6.7142e-20 3.82736e-25 3.09372e-31
 1.9712e-41 2.73589e-33 4.59002e-26 9.30847e-20 2.28186e-14 6.76158e-10 2.42189e-06 0.00104859 0.0548792 0.347216 0.27007 0.0976895 0.144107 0.0548009 0.023976 0.00546204 0.00070837 3.89943e-05 7.16321e-07 3.35595e-09 3.28947e-12 5.79494e-16 1.63609e-20 6.82922e-26 4.0005e-32
 1.91568e-41 2.65884e-33 4.46076e-26 9.04633e-20 2.2176e-14 6.57116e-10 2.35368e-06 0.00101906 0.0533337 0.337454 0.264106 0.112154 0.157558 0.0512017 0.0181682 0.00437499 0.000596032 3.15294e-05 5.10292e-07 1.95874e-09 1.47909e-12 1.92121e-16 3.92276e-21 1.18024e-26 4.98841e-33
 1.90637e-41 2.64592e-33 4.43908e-26 9.00237e-20 2.20683e-14 6.53923e-10 2.34225e-06 0.00101411 0.0530746 0.335831 0.263971 0.118504 0.154454 0.0511697 0.018071 0.00346264 0.000423215 2.2073e-05 3.24556e-07 1.04744e-09 6.27714e-13 6.2094e-17 9.36213e-22 2.03695e-27 6.15696e-34
 1.92776e-41 2.6756e-33 4.48887e-26 9.10334e-20 2.23158e-14 6.61257e-10 2.36852e-06 0.00102549 0.0536699 0.339614 0.26794 0.122791 0.14686 0.0480881 0.0166172 0.00306527 0.000312123 1.33771e-05 1.74353e-07 4.83256e-10 2.35285e-13 1.81425e-17 2.07109e-22 3.34052e-28 7.36628e-35
 2.00921e-41 2.78866e-33 4.67855e-26 9.48801e-20 2.32587e-14 6.89199e-10 2.4686e-06 0.00106882 0.0559378 0.353978 0.279582 0.121606 0.1308 0.0412055 0.0132826 0.00231556 0.000214054 7.46505e-06 7.57276e-08 1.69773e-10 6.72004e-14 4.10849e-18 3.61878e-23 4.4089e-29 7.22853e-36
 2.00336e-41 2.78053e-33 4.66492e-26 9.46036e-20 2.3191e-14 6.8719e-10 2.4614e-06 0.0010657 0.0557749 0.35298 0.28062 0.13002 0.12919 0.0376885 0.0108088 0.00170556 0.000139984 4.14647e-06 3.28967e-08 5.52423e-11 1.65553e-14 7.79488e-19 5.29403e-24 4.92524e-30 6.08871e-37
 2.04457e-41 2.83772e-33 4.76087e-26 9.65494e-20 2.3668e-14 7.01325e-10 2.51203e-06 0.00108762 0.0569221 0.360269 0.287369 0.13093 0.118586 0.0343767 0.00912993 0.00123926 8.58441e-05 2.11086e-06 1.33705e-08 1.70618e-11 3.75365e-15 1.2878e-19 6.42803e-25 4.44026e-31 4.09666e-38
 1.97667e-41 2.74349e-33 4.60277e-26 9.33433e-20 2.2882e-14 6.78036e-10 2.42861e-06 0.00105151 0.0550321 0.348379 0.281518 0.145975 0.124295 0.0342987 0.00835633 0.00103184 5.92136e-05 1.15223e-06 5.69082e-09 5.55189e-12 9.11187e-16 2.28119e-20 8.19714e-26 4.06028e-32 2.69381e-39
 2.02771e-41 2.81433e-33 4.72163e-26 9.57536e-20 2.34729e-14 6.95544e-10 2.49133e-06 0.00107866 0.0564532 0.357415 0.289596 0.143465 0.111809 0.0319808 0.00735695 0.000803779 3.90758e-05 6.01575e-07 2.24231e-09 1.63103e-12 1.98439e-16 3.65197e-21 9.55012e-27 3.40994e-33 1.61887e-40
 2.00283e-41 2.77979e-33 4.66368e-26 9.45784e-20 2.31848e-14 6.87007e-10 2.46075e-06 0.00106542 0.0557607 0.353125 0.289601 0.153266 0.110603 0.0296 0.00630492 0.000645577 2.65977e-05 3.26247e-07 9.23885e-10 4.93765e-13 4.35887e-17 5.80926e-22 1.09966e-27 2.83714e-34 9.7029e-42
 1.93538e-41 2.68618e-33 4.50663e-26 9.13934e-20 2.2404e-14 6.63872e-10 2.37788e-06 0.00102954 0.0538834 0.341384 0.285156 0.167006 0.114117 0.0308469 0.00601037 0.000543929 1.94133e-05 1.93081e-07 4.1823e-10 1.65577e-13 1.06061e-17 1.01356e-22 1.36963e-28 2.52187e-35 6.16153e-43
 1.86028e-41 2.58195e-33 4.33175e-26 8.7847e-20 2.15347e-14 6.38112e-10 2.28561e-06 0.000989592 0.0517932 0.328339 0.28046 0.180806 0.117924 0.0330379 0.00613327 0.000500167 1.49233e-05 1.20078e-07 2.02533e-10 6.00968e-14 2.81623e-18 1.94201e-23 1.87722e-29 2.45885e-36 4.26092e-44
#spawning biomass
 7535.73 8835.45 10880.8 12215.6 19375.6 31679.4 33132.6 38845.1 50379.9 59928.4 77532.8 97278.1 126909 143490 152542 133391 125515 122986 106748 105569 108039 129309 130239 138121 135853 137175 140702 91407 63124.7 70206.3 33167.9 18063.6 13552.5 12364.5 12074.6 12007.4 11992.4 11989.1 11988.4 11988.3 11988.2 11988.2 11988.2 11988.2 11988.2 11988.2 11988.2 11988.2 11988.2 11988.2 11988.2 11988.2 11988.2 11988.2 11988.2 11988.2 11988.2 11988.2 11988.2 11988.2 11988.2 11988.2 11988.2 11988.2 11988.2 11988.2 11988.2 11988.2 11988.2 11988.2 11988.2 11988.2 11988.2 11988.2 11988.2 11988.2 11988.2 11988.2 11988.2 11988.2 11988.2 11988.2 11988.2 11988.2 11988.2 11988.2 11988.2 11988.2 11988.2 11988.2 11988.2 11988.2 11988.2 11988.2 11988.2 11988.2 11988.2 11988.2 11988.2 11988.2 11988.2 11988.2 11988.2 11988.2 11988.2 11988.2 11988.2 11988.2 11988.2 11988.2 11988.2 11988.2 11988.2 11988.2 11988.2 11988.2 11988.2 11988.2 11988.2 11988.2 11988.2 11988.2 11988.2 11988.2 11988.2 11988.2 11988.2 11988.2 0 0 0 0 0 0 0 0 0 0 0 0 0 0 0 0 0 0 0 0 0 0 0 0 0
