SBPRF35
0.232867
Curr Bio
163451
B35
186226
F35
0.414377
FOFL
0.325843
OFL
48661.4
Bzero
66533.4
#pred survey bio
 29701 24165.1 17846.7 14401.3 22449.6 35422.3 49364 57712.8 80247.5 111775 134994 163969 193262 223804 236986 240493 241628 249696 222720 211926 206210 216466 237651 230048 247923 261256 245072 251461 240604 7.8908e+06 4.27727e+06 3.03248e+06 2.04408e+06 1.42503e+06 1.07706e+06 891508 794581 743897 716962 702267 693993 689181 686297 684523 683408 682701 682247 681954 681762 681637 681555 681501 681465 681442 681426 681416 681409 681405 681402 681400 681399 681398 681397 681397 681397 681397 681396 681396 681396 681396 681396 681396 681396 681396 681396 681396 681396 681396 681396 681396 681396 681396 681396 681396 681396 681396 681396 681396 681396 681396 681396 681396 681396 681396 681396 681396 681396 681396 681396 681396 681396 681396 681396 681396 681396 681396 681396 681396 681396 681396 681396 681396 681396 681396 681396 681396 681396 681396 681396 681396 681396 681396 681396 681396 681396 681396 681396 681396 681396 0 0 0 0 0 0 0 0 0 0 0 0 0 0 0 0 0 0 0 0 0 0 0 0 0
#obs survey bio
 29278.5 18338.2 15494.5 20665.9 25243.1 47210.5 68046.3 52363.5 102130 80621 195247 176702 309770 162750 246624 223028 210735 243539 221126 221191 224447 181394 203663 253611 215560 258583 275472 229395 239137
#pred catch bio
 5166.84 4259.16 3959.66 2497.96 4681.91 7216.01 13926.2 13462.7 19273.8 38084.9 46674 61740.4 71684.1 87220 94971.5 95515.1 87646.1 106365 88075.6 84479.7 76166.2 78448.5 105994 89456.9 95871.7 114273 94768 108344 111543 48661.4 55431.9 37938.9 24505 16438.8 12137.9 9998.41 8979.38 8507.52 8293.09 8196.86 8154.06 8135.13 8126.79 8123.13 8121.52 8120.82 8120.51 8120.38 8120.32 8120.3 8120.29 8120.28 8120.28 8120.28 8120.28 8120.28 8120.28 8120.28 8120.28 8120.28 8120.28 8120.28 8120.28 8120.28 8120.28 8120.28 8120.28 8120.28 8120.28 8120.28 8120.28 8120.28 8120.28 8120.28 8120.28 8120.28 8120.28 8120.28 8120.28 8120.28 8120.28 8120.28 8120.28 8120.28 8120.28 8120.28 8120.28 8120.28 8120.28 8120.28 8120.28 8120.28 8120.28 8120.28 8120.28 8120.28 8120.28 8120.28 8120.28 8120.28 8120.28 8120.28 8120.28 8120.28 8120.28 8120.28 8120.28 8120.28 8120.28 8120.28 8120.28 8120.28 8120.28 8120.28 8120.28 8120.28 8120.28 8120.28 8120.28 8120.28 8120.28 8120.28 8120.28 8120.28 8120.28 8120.28 8120.28 8120.28 8120.28 0 0 0 0 0 0 0 0 0 0 0 0 0 0 0 0 0 0 0 0 0 0 0 0 0
#obs catch bio
 3911.24 4443.79 4291.19 2532.24 4725.94 7035.63 13569.3 13037.5 18273 37141.8 44140.7 58906.3 69340.7 86266.1 94653 94416.1 87714.9 107676 86673.9 84378.2 75698 77947.4 108885 89776.6 97482.2 120483 96193.3 109423 112193
#pred cpue bio
 28827.8 23854 17685.7 13780.2 20334.6 32702 46231.4 54115.7 74234.4 103725 124858 151585 178156 207240 220561 223917 225352 233858 208747 198477 192441 201841 220834 212937 230221 243154 228195 234515 223638 7.29818e+06 4.23136e+06 3.00113e+06 2.01302e+06 1.39399e+06 1.04601e+06 860461 763534 712850 685915 671220 662946 658134 655250 653476 652361 651654 651200 650907 650715 650590 650508 650454 650418 650395 650379 650369 650362 650358 650355 650353 650352 650351 650350 650350 650350 650350 650349 650349 650349 650349 650349 650349 650349 650349 650349 650349 650349 650349 650349 650349 650349 650349 650349 650349 650349 650349 650349 650349 650349 650349 650349 650349 650349 650349 650349 650349 650349 650349 650349 650349 650349 650349 650349 650349 650349 650349 650349 650349 650349 650349 650349 650349 650349 650349 650349 650349 650349 650349 650349 650349 650349 650349 650349 650349 650349 650349 650349 650349 650349 0 0 0 0 0 0 0 0 0 0 0 0 0 0 0 0 0 0 0 0 0 0 0 0 0
#obs cpue bio
 22116.6 12495.6 14178.7 12469.9 27596 32446.7 45223.5 59603.1 84368.9 136286 115859 162570 113810 270971 207615 270625 216748 256339 231444 185798 177339 233354 237193 184193 230970 196278 193023 275906 226069
#pred surv len freq
 2.26341e-11 1.0646e-09 3.46734e-08 7.81971e-07 1.22116e-05 0.000132052 0.00098882 0.00512776 0.0184218 0.045915 0.0798431 0.0989837 0.0942959 0.0831198 0.0814999 0.0831273 0.0783777 0.0694949 0.0606091 0.0519416 0.0437795 0.0368165 0.0303229 0.0228186 0.0143711
 1.0805e-11 5.08216e-10 1.65523e-08 3.73296e-07 5.82958e-06 6.30401e-05 0.000472083 0.00244877 0.00880697 0.0220456 0.0389839 0.0513774 0.0586451 0.0712648 0.0912558 0.10468 0.103544 0.0949626 0.0852538 0.0742368 0.0619179 0.0496694 0.0379996 0.026556 0.0158098
 9.27232e-12 4.36125e-10 1.42043e-08 3.20343e-07 5.00263e-06 5.4097e-05 0.000405094 0.00210092 0.00755059 0.0188483 0.0329753 0.0418329 0.0430122 0.0450591 0.055148 0.0710208 0.0885582 0.103977 0.110652 0.105226 0.0911189 0.0730714 0.0539308 0.0355438 0.0199103
 3.33891e-11 1.57046e-09 5.1149e-08 1.15354e-06 1.80141e-05 0.000194797 0.00145861 0.00756298 0.0271564 0.0675471 0.116515 0.140006 0.119279 0.0769417 0.0456691 0.033651 0.0333021 0.0392545 0.0485427 0.056367 0.0577241 0.0510761 0.0389008 0.0252434 0.0135887
 4.50912e-11 2.12088e-09 6.90755e-08 1.55782e-06 2.43277e-05 0.000263069 0.00196982 0.0102138 0.036676 0.0912393 0.157476 0.189662 0.162942 0.107715 0.065861 0.044273 0.0303363 0.0194537 0.0137937 0.01314 0.0144572 0.0146974 0.0125108 0.00860541 0.00468826
 3.71009e-11 1.74505e-09 5.68351e-08 1.28177e-06 2.00167e-05 0.000216453 0.0016208 0.00840458 0.0301873 0.0751744 0.130276 0.159393 0.145044 0.113684 0.0941452 0.0814962 0.0618697 0.0387175 0.0214227 0.0119819 0.00790057 0.00647612 0.00554435 0.00407694 0.00234685
 3.32745e-11 1.56507e-09 5.09735e-08 1.14958e-06 1.79523e-05 0.00019413 0.00145365 0.00753789 0.0270756 0.0674377 0.116952 0.143492 0.131905 0.106428 0.0928585 0.0862869 0.0735469 0.0556457 0.0383017 0.0236057 0.0128681 0.00673153 0.00388076 0.00241695 0.00136173
 3.35852e-11 1.57969e-09 5.14494e-08 1.16031e-06 1.812e-05 0.000195942 0.00146721 0.00760816 0.0273267 0.0680504 0.117928 0.144282 0.131328 0.103302 0.087204 0.0799627 0.0691824 0.0550148 0.0416265 0.0293612 0.0183551 0.00994082 0.00476496 0.00214503 0.000934797
 3.79375e-11 1.7844e-09 5.81167e-08 1.31068e-06 2.04681e-05 0.000221334 0.00165733 0.00859376 0.0308632 0.0768223 0.132891 0.161462 0.143342 0.105137 0.0795588 0.0674142 0.056191 0.0438522 0.0332652 0.0243866 0.0164771 0.00983675 0.00503156 0.00217466 0.000800763
 3.63536e-11 1.7099e-09 5.56903e-08 1.25595e-06 1.96135e-05 0.000212093 0.00158815 0.00823518 0.0295778 0.0736456 0.127552 0.155713 0.140604 0.108085 0.0876306 0.0765782 0.0619579 0.0447891 0.0310987 0.0215489 0.01443 0.00889832 0.00482079 0.00219701 0.000816707
 3.72986e-11 1.75435e-09 5.71379e-08 1.2886e-06 2.01234e-05 0.000217606 0.00162943 0.00844916 0.0303453 0.0755465 0.130776 0.159325 0.142836 0.107695 0.0849968 0.0735345 0.06029 0.0446595 0.0312378 0.0209124 0.0131437 0.00767805 0.00408626 0.00189353 0.000725872
 3.72756e-11 1.75327e-09 5.71028e-08 1.28781e-06 2.0111e-05 0.000217472 0.00162842 0.00844398 0.0303269 0.0755035 0.130719 0.15934 0.143115 0.108437 0.0861155 0.0744891 0.0604948 0.0441276 0.030526 0.02041 0.012773 0.00728705 0.00372711 0.00166735 0.00062937
 3.80108e-11 1.78785e-09 5.8229e-08 1.31321e-06 2.05077e-05 0.000221761 0.00166054 0.00861047 0.0309243 0.0769854 0.133248 0.162247 0.145163 0.108801 0.0849588 0.0726504 0.0587522 0.0427333 0.0293744 0.0194291 0.0120098 0.00676695 0.00340586 0.00148851 0.000546782
 3.66047e-11 1.72171e-09 5.60749e-08 1.26463e-06 1.9749e-05 0.000213558 0.00159912 0.00829206 0.0297821 0.0741547 0.128437 0.156806 0.141635 0.108982 0.088531 0.0775743 0.0629378 0.0453906 0.030819 0.0201693 0.012352 0.00688469 0.00341881 0.00147043 0.000530152
 3.52525e-11 1.65811e-09 5.40036e-08 1.21792e-06 1.90195e-05 0.00020567 0.00154005 0.00798584 0.0286831 0.0714262 0.123765 0.151359 0.137546 0.107619 0.0897242 0.0803722 0.0665193 0.0491731 0.034179 0.0226017 0.0137942 0.00760826 0.00373121 0.0015837 0.000562865
 3.53705e-11 1.66366e-09 5.41843e-08 1.22199e-06 1.90831e-05 0.000206358 0.0015452 0.00801252 0.0287784 0.0716592 0.124139 0.151674 0.137383 0.106575 0.0878658 0.0784452 0.065447 0.0493114 0.0352046 0.0239346 0.0149556 0.00837221 0.0041204 0.00173891 0.000611448
 3.48921e-11 1.64116e-09 5.34515e-08 1.20546e-06 1.88251e-05 0.000203567 0.00152431 0.0079042 0.0283898 0.0706957 0.122498 0.149803 0.136116 0.106475 0.0887906 0.0797033 0.0663815 0.0497942 0.0355545 0.0244411 0.0156044 0.00896591 0.00451565 0.00193455 0.000684106
 3.36729e-11 1.58381e-09 5.15837e-08 1.16334e-06 1.81673e-05 0.000196454 0.00147105 0.00762807 0.0273988 0.0682359 0.11829 0.144913 0.132496 0.105388 0.0900484 0.082304 0.06943 0.0527819 0.0381377 0.0263995 0.0169537 0.00985014 0.00505114 0.00221015 0.000796549
 3.35822e-11 1.57955e-09 5.14449e-08 1.16021e-06 1.81184e-05 0.000195925 0.00146709 0.00760753 0.0273249 0.0680506 0.11796 0.144468 0.131961 0.10471 0.089227 0.0815818 0.0691607 0.0531091 0.0389061 0.0273205 0.0177773 0.0104497 0.00542031 0.00240349 0.000879943
 3.39418e-11 1.59646e-09 5.19956e-08 1.17263e-06 1.83123e-05 0.000198022 0.00148279 0.00768893 0.0276169 0.0687737 0.119186 0.145839 0.132797 0.104509 0.0880561 0.0800025 0.0677853 0.0522288 0.038526 0.0273368 0.0180315 0.0107624 0.00566663 0.00254767 0.000945047
 3.50463e-11 1.64841e-09 5.36876e-08 1.21079e-06 1.89082e-05 0.000204466 0.00153104 0.00793906 0.0285145 0.071001 0.122991 0.150239 0.135978 0.105275 0.0865832 0.0773135 0.0648249 0.0494783 0.0362281 0.0256688 0.0170206 0.0102666 0.00548032 0.0025007 0.000941076
 3.51575e-11 1.65364e-09 5.38579e-08 1.21463e-06 1.89682e-05 0.000205115 0.0015359 0.00796427 0.0286052 0.0712283 0.123395 0.150781 0.13662 0.106069 0.087512 0.0780638 0.0649646 0.0488842 0.0351813 0.0245723 0.0161515 0.00972032 0.00521128 0.00240048 0.000914393
 3.6164e-11 1.70098e-09 5.54e-08 1.24941e-06 1.95113e-05 0.000210987 0.00157987 0.00819221 0.0294231 0.0732569 0.126855 0.154749 0.139383 0.106477 0.08579 0.0754138 0.0625307 0.0470538 0.0337687 0.023367 0.0151414 0.00898407 0.00477231 0.00219291 0.000838224
 3.70233e-11 1.7414e-09 5.67162e-08 1.27909e-06 1.99749e-05 0.000216 0.0016174 0.00838683 0.0301218 0.074994 0.129845 0.158315 0.142324 0.10811 0.0861902 0.0747552 0.0607935 0.0444389 0.0309242 0.0209526 0.0134088 0.00786816 0.00412836 0.00187579 0.00071178
 3.59464e-11 1.69075e-09 5.50665e-08 1.24189e-06 1.93939e-05 0.000209718 0.00157036 0.00814298 0.029247 0.0728256 0.126157 0.15413 0.139564 0.108133 0.0888064 0.078568 0.0643398 0.0469927 0.0323837 0.0214991 0.0133933 0.00765758 0.00393695 0.00176195 0.000660746
 3.53998e-11 1.66504e-09 5.42292e-08 1.223e-06 1.9099e-05 0.000206529 0.00154648 0.00801918 0.0288025 0.0717204 0.124254 0.151857 0.137683 0.107077 0.0885499 0.0790562 0.0656441 0.0489696 0.0344942 0.02316 0.014374 0.00808344 0.00405835 0.00177262 0.000651221
 3.53122e-11 1.66092e-09 5.40951e-08 1.21998e-06 1.90517e-05 0.000206018 0.00154266 0.00799934 0.0287313 0.0715436 0.12395 0.1515 0.137401 0.106939 0.0885121 0.0790138 0.0655434 0.0489003 0.0346304 0.0235492 0.0148512 0.00844346 0.00423644 0.00182801 0.000659041
 3.49182e-11 1.64239e-09 5.34915e-08 1.20637e-06 1.88392e-05 0.000203719 0.00152545 0.00791011 0.028411 0.0707478 0.122584 0.149889 0.136131 0.106365 0.0885851 0.0795374 0.0663855 0.049939 0.0356749 0.0244357 0.0155306 0.00892264 0.00452668 0.00196654 0.00070833
 3.59821e-11 1.69242e-09 5.51212e-08 1.24312e-06 1.94131e-05 0.000209926 0.00157192 0.00815102 0.0292754 0.0728914 0.126238 0.154071 0.139013 0.106696 0.0865579 0.0763789 0.0633119 0.0475126 0.0339692 0.0233754 0.014971 0.00868037 0.00444672 0.00195021 0.000707923
#obs surv len freq
 2.17032e-11 1.02081e-09 3.32473e-08 7.4981e-07 1.17094e-05 0.000126621 0.000948149 0.00491682 0.0176637 0.0440221 0.0765287 0.0947717 0.0899816 0.0788647 0.0774721 0.0808378 0.0798808 0.0750236 0.0682283 0.0595489 0.0500715 0.0404916 0.0302928 0.01974 0.0105762
 9.50106e-16 4.47546e-14 1.4662e-12 3.38343e-11 5.75991e-10 8.2739e-09 1.22788e-07 1.88957e-06 2.46547e-05 0.000237846 0.00161823 0.00767185 0.0253308 0.0586334 0.0969522 0.119854 0.121401 0.113964 0.106423 0.0972774 0.0842325 0.0678768 0.0497674 0.0318544 0.0168782
 1.27317e-11 5.98839e-10 1.95038e-08 4.3986e-07 6.86904e-06 7.42785e-05 0.000556182 0.00288374 0.0103534 0.0257394 0.044313 0.052865 0.0440039 0.0273578 0.0200685 0.0327706 0.0639129 0.0987586 0.119604 0.121372 0.110141 0.0913929 0.0678579 0.0432822 0.0226848
 5.06098e-11 2.38044e-09 7.75294e-08 1.74848e-06 2.7305e-05 0.000295264 0.00221088 0.0114633 0.0411576 0.102335 0.176263 0.21057 0.175318 0.103641 0.0464791 0.0190104 0.00966412 0.00826723 0.0113438 0.0160623 0.0189182 0.018154 0.0144076 0.00943348 0.00497702
 3.49388e-11 1.64335e-09 5.35229e-08 1.20708e-06 1.88503e-05 0.00020384 0.00152636 0.00791512 0.0284329 0.0708399 0.123 0.151602 0.141476 0.11801 0.1053 0.0932118 0.0673859 0.0366998 0.0161226 0.00816968 0.00718117 0.00773736 0.00714046 0.00516024 0.00286412
 3.96911e-11 1.86688e-09 6.0803e-08 1.37126e-06 2.14142e-05 0.000231564 0.00173394 0.0089909 0.0322886 0.0803602 0.138944 0.168503 0.148595 0.106947 0.0786935 0.0661699 0.0561267 0.0438601 0.0305328 0.0180072 0.0090221 0.0046124 0.00300147 0.00211363 0.00124399
 2.74495e-11 1.29109e-09 4.20501e-08 9.48337e-07 1.48097e-05 0.000160147 0.0011992 0.00621891 0.0223443 0.0557149 0.0970442 0.121051 0.117595 0.107749 0.108055 0.105794 0.0879904 0.0631396 0.043015 0.0286921 0.017556 0.00931096 0.00438674 0.00202478 0.000943938
 4.10833e-11 1.93236e-09 6.29357e-08 1.41936e-06 2.21653e-05 0.000239686 0.00179474 0.00930602 0.0334178 0.0831449 0.143585 0.173312 0.150195 0.102493 0.0685456 0.054503 0.0480459 0.041877 0.0340576 0.0246174 0.0155483 0.00864408 0.00421217 0.00177936 0.000657369
 3.69785e-11 1.73929e-09 5.66475e-08 1.27754e-06 1.99507e-05 0.000215739 0.00161545 0.00837677 0.0300867 0.0749157 0.129773 0.158524 0.143445 0.110791 0.0900031 0.0775248 0.0602104 0.0407568 0.0269074 0.0188323 0.0130833 0.00812974 0.00426937 0.00185555 0.000662567
 3.8741e-11 1.82219e-09 5.93475e-08 1.33844e-06 2.09016e-05 0.000226021 0.00169243 0.00877579 0.0315175 0.0784541 0.135738 0.165038 0.146886 0.10849 0.0828867 0.0701819 0.0571826 0.0421394 0.0289072 0.0186306 0.0112425 0.00642596 0.00340601 0.00156759 0.000588934
 3.76443e-11 1.77061e-09 5.76675e-08 1.30055e-06 2.03099e-05 0.000219623 0.00164453 0.0085275 0.030627 0.0762506 0.132014 0.160925 0.144555 0.109534 0.086885 0.0747847 0.0600389 0.0429378 0.0290066 0.0189696 0.0115863 0.00640727 0.00317092 0.00138219 0.000512595
 3.94514e-11 1.85561e-09 6.04359e-08 1.36298e-06 2.12849e-05 0.000230166 0.00172347 0.0089367 0.032095 0.079888 0.138194 0.167904 0.149045 0.109219 0.082234 0.0685777 0.0550745 0.040069 0.0274675 0.0179471 0.0108543 0.00594741 0.00290267 0.0012294 0.000438577
 3.79545e-11 1.7852e-09 5.81427e-08 1.31126e-06 2.04773e-05 0.000221433 0.00165808 0.00859776 0.0308793 0.0768783 0.133097 0.162231 0.145679 0.110266 0.087256 0.0747948 0.0595744 0.0419828 0.0277928 0.0178517 0.010791 0.00592349 0.00287771 0.00120409 0.000421409
 3.6201e-11 1.70272e-09 5.54565e-08 1.25069e-06 1.95313e-05 0.000211203 0.00158148 0.00820065 0.0294542 0.0733408 0.127046 0.155202 0.140488 0.108754 0.0892106 0.078873 0.0645383 0.0469403 0.0318975 0.0205528 0.0122121 0.00656641 0.00314797 0.00130761 0.000454203
 3.40202e-11 1.60015e-09 5.21157e-08 1.17534e-06 1.83547e-05 0.00019848 0.00148622 0.00770676 0.0276817 0.0689415 0.119522 0.146464 0.134044 0.106867 0.091509 0.0834748 0.0698096 0.0521402 0.0366566 0.024438 0.0149084 0.00811564 0.00387884 0.00159204 0.000545847
 3.67855e-11 1.73021e-09 5.63519e-08 1.27088e-06 1.98466e-05 0.000214613 0.00160701 0.00833292 0.0299278 0.074506 0.128968 0.157093 0.140747 0.105978 0.0836539 0.0729227 0.0610347 0.0469025 0.0343084 0.0237787 0.0150452 0.00847247 0.00415832 0.00173205 0.000595553
 3.26591e-11 1.53613e-09 5.00307e-08 1.12832e-06 1.76203e-05 0.000190539 0.00142676 0.00739855 0.026576 0.0662009 0.11486 0.141173 0.130545 0.106819 0.0944802 0.087343 0.0725259 0.0533253 0.0373676 0.025636 0.0165857 0.00969795 0.00494868 0.00213093 0.000750966
 3.44937e-11 1.62242e-09 5.28411e-08 1.1917e-06 1.86101e-05 0.000201242 0.0015069 0.00781388 0.028065 0.069881 0.121048 0.147856 0.133801 0.103623 0.0855762 0.0774661 0.0667594 0.0528301 0.0395233 0.0276728 0.0176846 0.0102297 0.00526812 0.00232764 0.000846295
 3.28484e-11 1.54503e-09 5.03206e-08 1.13486e-06 1.77224e-05 0.000191643 0.00143503 0.00744134 0.0267288 0.0665725 0.115444 0.141604 0.130039 0.104597 0.0906775 0.0834674 0.0704466 0.0537181 0.0394984 0.0283107 0.0189246 0.0113434 0.00593313 0.00263868 0.000969415
 3.53197e-11 1.66127e-09 5.41064e-08 1.22024e-06 1.90557e-05 0.000206061 0.00154298 0.00800093 0.0287362 0.071546 0.12389 0.151125 0.136105 0.104005 0.0840922 0.0748126 0.0636654 0.0499225 0.0374503 0.0268212 0.0178344 0.0107959 0.00579 0.00264601 0.000992315
 3.46236e-11 1.62853e-09 5.30401e-08 1.19619e-06 1.86802e-05 0.000202 0.00151258 0.00784337 0.0281716 0.0701531 0.121565 0.148699 0.135226 0.106 0.0885987 0.0794978 0.0659891 0.0493964 0.0355963 0.0251894 0.0168733 0.0103152 0.00558159 0.00258343 0.000986301
 3.54435e-11 1.66709e-09 5.42961e-08 1.22451e-06 1.91226e-05 0.000206784 0.00154839 0.00802902 0.0288375 0.0718021 0.12436 0.151824 0.137131 0.105585 0.0861706 0.0766388 0.0642568 0.0489915 0.0355572 0.0247463 0.0161082 0.0096454 0.00519236 0.00241691 0.000932479
 3.70115e-11 1.74084e-09 5.6698e-08 1.27868e-06 1.99685e-05 0.000215931 0.00161688 0.00838411 0.0301118 0.0749649 0.129769 0.158099 0.141739 0.106873 0.084366 0.0730562 0.0601145 0.0450423 0.0323206 0.0224678 0.01463 0.00868565 0.004601 0.00211151 0.000809801
 3.63979e-11 1.71198e-09 5.57582e-08 1.25749e-06 1.96375e-05 0.000212352 0.00159008 0.00824522 0.0296138 0.0737342 0.127699 0.155866 0.14066 0.107979 0.0874695 0.0766713 0.0625703 0.0457401 0.0317723 0.0214752 0.0137263 0.00806094 0.00423613 0.00192617 0.000730993
 3.45529e-11 1.6252e-09 5.29318e-08 1.19375e-06 1.86421e-05 0.000201588 0.00150949 0.0078274 0.0281146 0.0700146 0.121349 0.148548 0.135452 0.106946 0.0903341 0.0816464 0.0679287 0.0505142 0.0354389 0.0237807 0.014856 0.00848431 0.00435546 0.00194827 0.00073083
 3.51209e-11 1.65192e-09 5.38018e-08 1.21337e-06 1.89485e-05 0.000204901 0.0015343 0.00795597 0.0285754 0.0711529 0.123258 0.150583 0.136347 0.105694 0.0871352 0.0780407 0.065659 0.0501697 0.0363859 0.0250689 0.0158679 0.00904265 0.00457046 0.00200004 0.000734623
 3.40235e-11 1.6003e-09 5.21208e-08 1.17546e-06 1.83565e-05 0.000198499 0.00148636 0.00770748 0.0276839 0.0689433 0.1195 0.146318 0.133531 0.105678 0.0896152 0.0813828 0.0682615 0.0516237 0.037287 0.0259952 0.0168566 0.00984627 0.00504989 0.00221163 0.000804076
 3.52446e-11 1.65774e-09 5.39914e-08 1.21764e-06 1.90153e-05 0.000205623 0.0015397 0.00798398 0.0286758 0.0714003 0.12367 0.151006 0.136474 0.105259 0.086152 0.0768548 0.064696 0.0496588 0.0363666 0.0254937 0.0165779 0.00977054 0.00509281 0.00226871 0.000833934
 3.6616e-11 1.72224e-09 5.60922e-08 1.26502e-06 1.97551e-05 0.000213624 0.00159961 0.00829457 0.0297906 0.0741689 0.128416 0.15657 0.140749 0.106925 0.0853603 0.0743941 0.0611917 0.0456686 0.0326663 0.0227332 0.0148656 0.00884331 0.00465353 0.00209555 0.000779792
#pred catch len freq
 2.02716e-11 9.5348e-10 3.10542e-08 7.00351e-07 1.0937e-05 0.000118269 0.000885618 0.00459272 0.0165016 0.0411486 0.0716883 0.089502 0.0872605 0.0809378 0.0837112 0.0876241 0.0833211 0.0741091 0.0647322 0.0555134 0.0468016 0.0393607 0.0324189 0.024396 0.0153646
 9.3523e-12 4.39887e-10 1.43269e-08 3.23107e-07 5.04581e-06 5.45649e-05 0.000408624 0.00211977 0.00762618 0.0191142 0.0339655 0.0455285 0.0542585 0.0697885 0.0924151 0.107261 0.106523 0.0979026 0.0880092 0.076684 0.0639732 0.0513215 0.0392643 0.0274399 0.016336
 8.03767e-12 3.78053e-10 1.2313e-08 2.77688e-07 4.33652e-06 4.6894e-05 0.000351159 0.00182128 0.0065468 0.0163544 0.028693 0.0367806 0.0390189 0.0432103 0.0552328 0.0723352 0.0906484 0.106613 0.113535 0.107996 0.0935266 0.0750048 0.0553584 0.0364848 0.0204374
 3.08577e-11 1.4514e-09 4.72711e-08 1.06608e-06 1.66484e-05 0.000180028 0.00134803 0.00698964 0.0250983 0.0624338 0.107735 0.129648 0.111088 0.0731076 0.0456316 0.0357213 0.0363922 0.0432098 0.053514 0.0621603 0.0636621 0.0563314 0.0429036 0.027841 0.0149869
 4.33304e-11 2.03805e-09 6.63781e-08 1.49699e-06 2.33776e-05 0.000252796 0.00189291 0.009815 0.0352451 0.0876899 0.15142 0.182697 0.15803 0.106817 0.0685492 0.0484511 0.0340206 0.0219985 0.0156532 0.0149364 0.0164412 0.0167157 0.014229 0.00978725 0.00533213
 3.48231e-11 1.63791e-09 5.33457e-08 1.20308e-06 1.87878e-05 0.000203164 0.0015213 0.00788878 0.0283368 0.0705874 0.122472 0.150526 0.139157 0.113592 0.0993387 0.0888588 0.0682412 0.0428671 0.0237674 0.0133142 0.00878712 0.00720502 0.00616874 0.00453612 0.00261118
 3.10897e-11 1.46231e-09 4.76265e-08 1.0741e-06 1.67736e-05 0.000181383 0.00135821 0.00704313 0.0253004 0.063035 0.109447 0.134895 0.125961 0.10569 0.0969237 0.0926546 0.0797453 0.060534 0.0417321 0.0257414 0.0140378 0.00734465 0.00423451 0.00263732 0.0014859
 3.12636e-11 1.47049e-09 4.78929e-08 1.08011e-06 1.68674e-05 0.000182398 0.0013658 0.00708241 0.0254402 0.0633709 0.109944 0.135105 0.124877 0.102209 0.0910372 0.0862077 0.0754299 0.0602098 0.0456355 0.0322157 0.0201463 0.0109122 0.00523077 0.00235476 0.0010262
 3.57753e-11 1.6827e-09 5.48045e-08 1.23598e-06 1.93016e-05 0.000208719 0.00156288 0.00810412 0.0291063 0.0724642 0.125455 0.152916 0.137335 0.10412 0.0831153 0.0731711 0.0618789 0.0485167 0.0368745 0.0270563 0.0182872 0.0109185 0.00558509 0.00241393 0.000888869
 3.44192e-11 1.61892e-09 5.27271e-08 1.18913e-06 1.85699e-05 0.000200808 0.00150365 0.00779715 0.0280061 0.0697481 0.12091 0.148113 0.135377 0.107502 0.091295 0.0821651 0.0671875 0.0487424 0.0339016 0.0235128 0.0157512 0.00971422 0.005263 0.00239856 0.000891634
 3.54113e-11 1.66558e-09 5.42468e-08 1.2234e-06 1.91051e-05 0.000206596 0.00154698 0.00802177 0.0288118 0.0717435 0.124293 0.151901 0.137709 0.107068 0.088501 0.0789633 0.0654777 0.0486817 0.0341072 0.0228527 0.0143684 0.0083945 0.00446773 0.00207032 0.000793648
 3.5481e-11 1.66886e-09 5.43536e-08 1.22581e-06 1.91428e-05 0.000207002 0.00155003 0.00803758 0.0288688 0.0718875 0.124557 0.15229 0.13827 0.107906 0.0895419 0.0797291 0.06544 0.0479013 0.0331893 0.0222091 0.0139039 0.00793321 0.00405776 0.00181529 0.000685214
 3.62273e-11 1.70396e-09 5.54969e-08 1.25159e-06 1.95454e-05 0.000211356 0.00158263 0.0082066 0.0294753 0.0733919 0.127124 0.155243 0.140355 0.10829 0.0883902 0.0778891 0.0636936 0.0464959 0.0320126 0.021192 0.0131043 0.00738457 0.00371686 0.00162446 0.000596721
 3.48292e-11 1.6382e-09 5.3355e-08 1.20329e-06 1.87911e-05 0.0002032 0.00152156 0.00789 0.0283395 0.0705776 0.122342 0.149839 0.136868 0.108517 0.0920128 0.0828501 0.0678796 0.0491137 0.033398 0.0218753 0.0134017 0.0074707 0.00370996 0.00159567 0.00057531
 3.34713e-11 1.57433e-09 5.12749e-08 1.15638e-06 1.80585e-05 0.000195278 0.00146224 0.00758247 0.0272358 0.0678371 0.117648 0.144358 0.132726 0.107068 0.0930955 0.085563 0.0714613 0.0529865 0.0368824 0.024408 0.0149015 0.00821996 0.00403135 0.00171112 0.000608153
 3.3579e-11 1.5794e-09 5.144e-08 1.1601e-06 1.81166e-05 0.000195906 0.00146695 0.00760684 0.0273228 0.0680492 0.117984 0.144621 0.132496 0.105935 0.0911264 0.0835395 0.0703575 0.0531769 0.0380188 0.0258669 0.016168 0.00905188 0.00445506 0.00188017 0.00066112
 3.29808e-11 1.55126e-09 5.05235e-08 1.13943e-06 1.77939e-05 0.000192416 0.00144081 0.00747137 0.0268368 0.0668441 0.115931 0.142279 0.130904 0.105796 0.0922699 0.0851263 0.0715876 0.0538738 0.0385266 0.0265053 0.0169279 0.00972746 0.00489938 0.00209896 0.000742251
 3.19366e-11 1.50215e-09 4.89239e-08 1.10336e-06 1.72305e-05 0.000186324 0.0013952 0.00723489 0.025988 0.0647369 0.112323 0.138071 0.127739 0.104721 0.093135 0.0871641 0.0741381 0.0565175 0.0408908 0.0283244 0.018195 0.0105724 0.00542167 0.0023723 0.000854991
 3.17437e-11 1.49307e-09 4.86283e-08 1.09669e-06 1.71264e-05 0.000185198 0.00138677 0.00719117 0.025831 0.0643451 0.11164 0.137216 0.126902 0.103953 0.0924195 0.0866528 0.0741064 0.0570751 0.0418698 0.0294224 0.0191506 0.0112581 0.00583977 0.00258952 0.000948051
 3.21195e-11 1.51075e-09 4.92041e-08 1.10968e-06 1.73292e-05 0.000187391 0.00140319 0.00727628 0.0261362 0.0651011 0.112922 0.138648 0.127772 0.103735 0.0911808 0.0849854 0.0726561 0.05615 0.0414763 0.0294508 0.0194313 0.011599 0.00610731 0.00274582 0.00101855
 3.3157e-11 1.55954e-09 5.07934e-08 1.14552e-06 1.78889e-05 0.000193444 0.00144851 0.00751122 0.0269793 0.0671934 0.116498 0.142788 0.130781 0.1045 0.0898638 0.0825127 0.069876 0.05351 0.0392395 0.0278236 0.0184551 0.011133 0.00594299 0.00271185 0.00102054
 3.32508e-11 1.56396e-09 5.09371e-08 1.14876e-06 1.79395e-05 0.000193991 0.00145261 0.0075325 0.027056 0.067386 0.116844 0.14327 0.131403 0.10535 0.0909174 0.0833999 0.0700991 0.052923 0.038147 0.0266649 0.0175328 0.0105527 0.00565775 0.00260616 0.000992745
 3.45518e-11 1.62515e-09 5.29301e-08 1.19371e-06 1.86414e-05 0.000201581 0.00150944 0.00782711 0.0281131 0.0700078 0.121315 0.148398 0.134975 0.105876 0.0886828 0.0799455 0.0668956 0.0504887 0.036282 0.025123 0.0162838 0.00966277 0.00513298 0.00235866 0.000901584
 3.5257e-11 1.65832e-09 5.40105e-08 1.21807e-06 1.90219e-05 0.000205696 0.00154025 0.00798686 0.0286867 0.0714351 0.12378 0.151374 0.137546 0.107566 0.0895268 0.0798712 0.0656262 0.0481343 0.0335479 0.0227488 0.0145633 0.00854658 0.00448447 0.00203761 0.00077319
 3.41401e-11 1.60579e-09 5.22995e-08 1.17948e-06 1.84193e-05 0.00019918 0.00149146 0.00773394 0.0277794 0.0691862 0.119955 0.147034 0.134688 0.107601 0.0922611 0.0838524 0.0693306 0.0508 0.0350604 0.0232951 0.0145172 0.00830119 0.00426801 0.00191014 0.000716319
 3.37404e-11 1.58699e-09 5.16872e-08 1.16567e-06 1.82037e-05 0.000196848 0.001474 0.0076434 0.0274542 0.0683767 0.118554 0.145329 0.133173 0.106521 0.0916259 0.0838276 0.0702136 0.0525291 0.0370508 0.0248937 0.0154546 0.00869201 0.00436403 0.00190615 0.000700282
 3.34867e-11 1.57506e-09 5.12986e-08 1.15691e-06 1.80668e-05 0.000195368 0.00146292 0.00758595 0.027248 0.0678651 0.117679 0.144317 0.132435 0.106318 0.0918778 0.0842369 0.0705415 0.0527958 0.0374445 0.0254826 0.0160757 0.00914063 0.0045864 0.00197904 0.000713493
 3.32246e-11 1.56273e-09 5.0897e-08 1.14785e-06 1.79254e-05 0.000193839 0.00145147 0.00752658 0.0270348 0.0673349 0.116765 0.14322 0.13151 0.105756 0.0916585 0.0843377 0.0710048 0.0535679 0.0383186 0.0262646 0.0166979 0.00959418 0.00486752 0.00211463 0.000761675
 3.44244e-11 1.61916e-09 5.2735e-08 1.18931e-06 1.85727e-05 0.000200838 0.00150388 0.00779828 0.0280097 0.0697525 0.120886 0.147938 0.134763 0.106136 0.0893838 0.0807891 0.0675496 0.0508367 0.0363921 0.0250589 0.0160535 0.00930885 0.00476881 0.00209148 0.000759209
#obs catch len freq
 1.92484e-11 9.05353e-10 2.94868e-08 6.65002e-07 1.0385e-05 0.0001123 0.000840924 0.00436105 0.0156709 0.0390931 0.0682164 0.0856779 0.0851246 0.0819724 0.0874219 0.091584 0.0852027 0.0740607 0.0651378 0.0581858 0.0509354 0.0422496 0.0319319 0.020928 0.0112814
 1.95149e-11 9.17886e-10 2.9895e-08 6.74207e-07 1.05287e-05 0.000113854 0.000852555 0.00442122 0.015885 0.0396061 0.0689684 0.0859574 0.0833621 0.076617 0.0791917 0.0847257 0.0844165 0.0795263 0.0724295 0.0632594 0.0532072 0.0430326 0.0321954 0.0209801 0.0112407
 8.09884e-16 3.8159e-14 1.25135e-12 2.89861e-11 5.00104e-10 7.44572e-09 1.16361e-07 1.85161e-06 2.44523e-05 0.00023669 0.00161178 0.00764309 0.0252384 0.058427 0.096639 0.119546 0.121242 0.114003 0.106599 0.0975042 0.0844514 0.0680602 0.0499039 0.0319423 0.0169249
 1.12308e-11 5.28241e-10 1.72045e-08 3.88004e-07 6.05923e-06 6.55217e-05 0.000490613 0.00254377 0.00913282 0.022705 0.0390894 0.0466398 0.0388776 0.0245 0.0192395 0.0334352 0.0659273 0.101985 0.123532 0.125371 0.11378 0.0944184 0.0701064 0.0447169 0.0234369
 4.951e-11 2.32871e-09 7.58446e-08 1.71049e-06 2.67117e-05 0.000288848 0.00216284 0.0112142 0.0402635 0.100114 0.172453 0.206093 0.171831 0.102122 0.0466311 0.0199197 0.010683 0.00939849 0.012975 0.0183868 0.0216584 0.020784 0.0164949 0.0108003 0.00569814
 3.28403e-11 1.54465e-09 5.03082e-08 1.13458e-06 1.77181e-05 0.000191597 0.0014347 0.00743994 0.0267283 0.0666158 0.115823 0.14349 0.136237 0.118327 0.11065 0.100419 0.0731945 0.0399625 0.0175821 0.00893023 0.00786394 0.00847653 0.00782304 0.00565356 0.00313794
 3.78686e-11 1.78116e-09 5.80112e-08 1.3083e-06 2.0431e-05 0.000220932 0.00165433 0.00857819 0.0308078 0.0766871 0.132679 0.161311 0.143572 0.106193 0.081901 0.0713743 0.0613843 0.0481744 0.0335904 0.0198253 0.00993675 0.00508125 0.00330707 0.00232895 0.00137074
 2.53634e-11 1.19297e-09 3.88543e-08 8.76262e-07 1.36841e-05 0.000147976 0.00110807 0.00574649 0.0206493 0.0515119 0.0898838 0.11287 0.112011 0.107238 0.112187 0.112002 0.0937466 0.0674426 0.0460258 0.0307341 0.0188149 0.00998059 0.00470262 0.00217067 0.00101197
 3.9364e-11 1.85149e-09 6.03019e-08 1.35996e-06 2.12377e-05 0.000229656 0.00171964 0.00891666 0.0320205 0.0796777 0.13766 0.16646 0.145235 0.101281 0.0708035 0.0586414 0.0525906 0.046067 0.0375237 0.0271391 0.0171455 0.00953326 0.00464574 0.00196258 0.000725067
 3.52255e-11 1.65684e-09 5.39621e-08 1.21698e-06 1.90049e-05 0.000205512 0.00153888 0.00797981 0.0286625 0.0713847 0.12376 0.151667 0.138805 0.110474 0.0936233 0.0828185 0.0649424 0.0441046 0.0291698 0.0204382 0.0142056 0.00882846 0.00463652 0.00201515 0.000719561
 3.70838e-11 1.74425e-09 5.68089e-08 1.28119e-06 2.00075e-05 0.000216353 0.00162005 0.00840053 0.030171 0.0751151 0.130047 0.158523 0.142397 0.107971 0.086019 0.0750233 0.061814 0.0457167 0.0314097 0.0202597 0.0122302 0.00699165 0.00370609 0.00170574 0.000640842
 3.59601e-11 1.69139e-09 5.50874e-08 1.24236e-06 1.94013e-05 0.000209797 0.00157096 0.0081461 0.0292586 0.0728574 0.126233 0.15432 0.140044 0.109118 0.0902232 0.0798163 0.0647263 0.0464448 0.0314253 0.0205693 0.0125684 0.00695145 0.00344044 0.00149971 0.000556182
 3.78963e-11 1.78246e-09 5.80535e-08 1.30925e-06 2.04459e-05 0.000221093 0.00165554 0.00858453 0.0308314 0.0767546 0.132854 0.161797 0.144854 0.108778 0.0852368 0.0731653 0.0594116 0.0433783 0.0297813 0.0194741 0.0117819 0.00645662 0.00315136 0.00133477 0.000476168
 3.63381e-11 1.70917e-09 5.56665e-08 1.25542e-06 1.96052e-05 0.000212003 0.00158747 0.00823173 0.0295661 0.073622 0.127551 0.1559 0.141374 0.109922 0.090543 0.0797029 0.0641065 0.0453222 0.0300491 0.0193174 0.0116817 0.00641338 0.00311589 0.00130378 0.000456301
 3.46181e-11 1.62827e-09 5.30316e-08 1.196e-06 1.86772e-05 0.000201968 0.00151234 0.00784219 0.0281681 0.0701516 0.121612 0.148989 0.136234 0.10833 0.0923065 0.083584 0.0689795 0.0503116 0.0342332 0.0220735 0.01312 0.00705549 0.00338261 0.0014051 0.00048807
 3.24057e-11 1.52421e-09 4.96424e-08 1.11956e-06 1.74836e-05 0.000189061 0.00141569 0.00734114 0.0263699 0.0656882 0.113976 0.140114 0.129662 0.10634 0.0945237 0.088143 0.0742789 0.0556206 0.0391515 0.0261185 0.0159382 0.00867727 0.00414746 0.00170232 0.00058366
 3.51579e-11 1.65366e-09 5.38585e-08 1.21465e-06 1.89684e-05 0.000205117 0.00153591 0.00796433 0.0286053 0.0712257 0.123373 0.150674 0.136272 0.105317 0.0864975 0.077442 0.0654564 0.0504601 0.036961 0.0256343 0.016224 0.0091373 0.00448482 0.00186808 0.00064233
 3.09082e-11 1.45377e-09 4.73484e-08 1.06783e-06 1.66757e-05 0.000180324 0.00135028 0.00700205 0.0251534 0.0626728 0.108847 0.13429 0.125803 0.106267 0.0977676 0.0923895 0.0772945 0.0569807 0.0399845 0.0274529 0.0177674 0.0103903 0.00530221 0.00228321 0.000804634
 3.27706e-11 1.54137e-09 5.02014e-08 1.13217e-06 1.76805e-05 0.00019119 0.00143163 0.00742367 0.0266648 0.0664078 0.115123 0.141044 0.129011 0.102809 0.0884202 0.0821046 0.0713997 0.0566696 0.042451 0.0297417 0.0190121 0.0109989 0.00566449 0.00250281 0.000909991
 3.1049e-11 1.4604e-09 4.75641e-08 1.07269e-06 1.67516e-05 0.000181146 0.00135643 0.00703386 0.0252667 0.0629462 0.109259 0.134508 0.125091 0.103865 0.093806 0.0884118 0.0752328 0.0575306 0.0423619 0.0303861 0.0203185 0.0121803 0.00637119 0.00283355 0.00104102
 3.3619e-11 1.58128e-09 5.15011e-08 1.16148e-06 1.81382e-05 0.000196139 0.00146869 0.0076158 0.0273542 0.0681181 0.118041 0.144403 0.13138 0.103204 0.0868946 0.079362 0.0681799 0.053628 0.0402845 0.0288701 0.0192023 0.0116252 0.00623502 0.00284942 0.00106861
 3.28483e-11 1.54502e-09 5.03204e-08 1.13485e-06 1.77224e-05 0.000191643 0.00143502 0.00744134 0.0267291 0.0665755 0.115465 0.141706 0.130371 0.105337 0.0917737 0.0844558 0.0707352 0.0531105 0.0383299 0.0271454 0.0181898 0.0111214 0.00601815 0.00278553 0.00106347
 3.37173e-11 1.5859e-09 5.16516e-08 1.16487e-06 1.81912e-05 0.000196712 0.00147298 0.0076381 0.0274348 0.0683231 0.118427 0.145017 0.132387 0.104889 0.0891902 0.0814224 0.0689103 0.0527027 0.038305 0.0266781 0.0173713 0.010403 0.00560047 0.00260692 0.00100579
 3.53475e-11 1.66257e-09 5.41489e-08 1.2212e-06 1.90707e-05 0.000206223 0.00154419 0.00800729 0.0287597 0.0716116 0.124051 0.151546 0.137193 0.10626 0.0873608 0.0777362 0.0646095 0.0485695 0.034903 0.0242812 0.015816 0.00939091 0.00497482 0.0022831 0.000875616
 3.47156e-11 1.63285e-09 5.3181e-08 1.19937e-06 1.87298e-05 0.000202537 0.0015166 0.00786424 0.0282469 0.0703444 0.121922 0.149254 0.136109 0.107463 0.0906507 0.0815482 0.0671767 0.0492607 0.0342684 0.0231808 0.0148218 0.00870547 0.00457507 0.00208032 0.0007895
 3.28988e-11 1.5474e-09 5.03978e-08 1.1366e-06 1.77496e-05 0.000191937 0.00143723 0.00745281 0.0267705 0.0666814 0.115667 0.142041 0.13096 0.1064 0.0934109 0.0864093 0.0724785 0.0540447 0.0379653 0.025494 0.0159313 0.00909958 0.00467153 0.00208969 0.000783883
 3.34323e-11 1.57249e-09 5.1215e-08 1.15503e-06 1.80374e-05 0.00019505 0.00146053 0.00757357 0.0272033 0.0677498 0.117455 0.143926 0.131714 0.105031 0.0901185 0.0827576 0.0702511 0.0538372 0.0390984 0.0269564 0.0170677 0.00972758 0.00491688 0.00215167 0.000790323
 3.23546e-11 1.52181e-09 4.95642e-08 1.1178e-06 1.74561e-05 0.000188763 0.00141346 0.00732955 0.0263279 0.0655801 0.113765 0.139743 0.128964 0.105049 0.0925967 0.0860595 0.0727712 0.0551844 0.039911 0.0278436 0.0180606 0.0105507 0.00541141 0.00237 0.000861656
 3.36772e-11 1.58401e-09 5.15902e-08 1.16349e-06 1.81696e-05 0.000196479 0.00147123 0.00762902 0.0274021 0.0682412 0.118282 0.144823 0.13216 0.104613 0.0888727 0.0811788 0.0689161 0.0530437 0.0388928 0.0272812 0.0177448 0.0104593 0.00545201 0.00242876 0.000892766
#spawning biomass
 25747.4 22778.1 17124.4 11566.9 12799 23056.4 35138.2 41367.5 52874.5 75167.1 88884.5 107635 124525 148484 162329 165137 167652 177744 159236 150809 143611 149977 161167 152216 167440 178965 168353 174435 163451 148427 189164 129171 81464.8 52823.7 37552.1 29955.4 26337.1 24661.7 23900.3 23558.6 23406.6 23339.4 23309.8 23296.8 23291.1 23288.6 23287.5 23287 23286.8 23286.8 23286.7 23286.7 23286.7 23286.7 23286.7 23286.7 23286.7 23286.7 23286.7 23286.7 23286.7 23286.7 23286.7 23286.7 23286.7 23286.7 23286.7 23286.7 23286.7 23286.7 23286.7 23286.7 23286.7 23286.7 23286.7 23286.7 23286.7 23286.7 23286.7 23286.7 23286.7 23286.7 23286.7 23286.7 23286.7 23286.7 23286.7 23286.7 23286.7 23286.7 23286.7 23286.7 23286.7 23286.7 23286.7 23286.7 23286.7 23286.7 23286.7 23286.7 23286.7 23286.7 23286.7 23286.7 23286.7 23286.7 23286.7 23286.7 23286.7 23286.7 23286.7 23286.7 23286.7 23286.7 23286.7 23286.7 23286.7 23286.7 23286.7 23286.7 23286.7 23286.7 23286.7 23286.7 23286.7 23286.7 23286.7 23286.7 23286.7 0 0 0 0 0 0 0 0 0 0 0 0 0 0 0 0 0 0 0 0 0 0 0 0 0
