SBPRF35
0.224663
Curr Bio
37784
B35
179549
F35
0.338171
FOFL
0.202648
OFL
34944.7
Bzero
64189.3
#pred survey bio
 7476.56 7107.34 7914.99 6977.25 9304.21 13700.8 16272.7 18613 30651.2 47783.3 64308.2 85592.7 110561 135522 143140 121109 108876 106915 114886 116887 125158 122850 136652 141157 153495 167456 155403 145640 118867 8.18444e+06 4.76183e+06 3.60916e+06 2.54109e+06 1.80481e+06 1.35542e+06 1.09765e+06 954382 875750 832565 808603 795078 787277 782668 779876 778147 777060 776366 775915 775620 775425 775295 775208 775150 775111 775085 775067 775055 775047 775041 775038 775035 775033 775032 775031 775031 775031 775030 775030 775030 775030 775030 775030 775030 775030 775030 775030 775030 775030 775030 775030 775030 775030 775030 775030 775030 775030 775030 775030 775030 775030 775030 775030 775030 775030 775030 775030 775030 775030 775030 775030 775030 775030 775030 775030 775030 775030 775030 775030 775030 775030 775030 775030 775030 775030 775030 775030 775030 775030 775030 775030 775030 775030 775030 775030 775030 775030 775030 775030 775030 0 0 0 0 0 0 0 0 0 0 0 0 0 0 0 0 0 0 0 0 0 0 0 0 0
#obs survey bio
 6968.37 7380.43 7409.03 6635.55 12564.3 20901.8 14792.4 36149.8 66456.6 53732.3 68910.6 130708 234396 158584 107570 83750 68733.7 80571.9 105270 99109.8 142521 184370 183597 136010 105626 157285 156847 146016 259370
#pred catch bio
 5098 5039.31 6203.04 5120.81 6357.46 9594.47 12171.4 12106.9 19480.1 32170.5 44011.1 59446.9 77240.1 96842.1 110322 93087.6 82300.8 78837.8 86502.8 86361.1 95118.4 86175.3 98585.5 101819 110385 124940 111061 108152 1.41269 34944.7 53932.6 39607.7 27081.6 18732.4 13806 11096 9668.79 8938.09 8570.93 8388.76 8299.15 8255.32 8233.98 8223.6 8218.57 8216.15 8214.98 8214.41 8214.14 8214.01 8213.95 8213.92 8213.9 8213.89 8213.89 8213.89 8213.89 8213.89 8213.89 8213.89 8213.89 8213.89 8213.89 8213.89 8213.89 8213.89 8213.89 8213.89 8213.89 8213.89 8213.89 8213.89 8213.89 8213.89 8213.89 8213.89 8213.89 8213.89 8213.89 8213.89 8213.89 8213.89 8213.89 8213.89 8213.89 8213.89 8213.89 8213.89 8213.89 8213.89 8213.89 8213.89 8213.89 8213.89 8213.89 8213.89 8213.89 8213.89 8213.89 8213.89 8213.89 8213.89 8213.89 8213.89 8213.89 8213.89 8213.89 8213.89 8213.89 8213.89 8213.89 8213.89 8213.89 8213.89 8213.89 8213.89 8213.89 8213.89 8213.89 8213.89 8213.89 8213.89 8213.89 8213.89 8213.89 8213.89 8213.89 8213.89 8213.89 0 0 0 0 0 0 0 0 0 0 0 0 0 0 0 0 0 0 0 0 0 0 0 0 0
#obs catch bio
 4965.77 5142.15 6310.22 5083.4 6241.07 9314.55 12103.1 11493.8 18208.7 30633.6 42709.2 56813.6 73214.4 95196.3 112477 94996.4 82749.2 79374.3 88369.6 87491.6 94941.4 84191.1 96229.2 101565 112428 128599 112368 116288 1.29486
#pred cpue bio
 7085.48 6491.64 7259.09 6391.64 8383.13 12450.5 14935.6 16879.7 27744.4 43560.4 58713.4 77985.8 100821 123932 131822 111515 99818.4 97876.8 105014 106945 114429 112499 125640 129692 140490 153556 143295 134985 110326 7.93644e+06 4.78608e+06 3.60027e+06 2.5253e+06 1.78828e+06 1.33883e+06 1.08105e+06 937782 859150 815964 792003 778478 770677 766068 763275 761546 760460 759765 759315 759020 758825 758695 758608 758550 758511 758484 758467 758455 758446 758441 758437 758435 758433 758432 758431 758431 758430 758430 758430 758430 758430 758430 758430 758430 758430 758430 758430 758430 758430 758430 758430 758429 758429 758429 758429 758429 758429 758429 758429 758429 758429 758429 758429 758429 758429 758429 758429 758429 758429 758429 758429 758429 758429 758429 758429 758429 758429 758429 758429 758429 758429 758429 758429 758429 758429 758429 758429 758429 758429 758429 758429 758429 758429 758429 758429 758429 758429 758429 758429 758429 0 0 0 0 0 0 0 0 0 0 0 0 0 0 0 0 0 0 0 0 0 0 0 0 0
#obs cpue bio
 6643.48 4163.22 6542.21 8254.54 8880.22 14133.7 15519.7 29137 43427.1 65355.3 74679.9 119492 115087 104312 108714 118589 152916 113731 76477.6 106437 118538 119288 138873 118563 133193 103693 128239 89936.8 101661
#pred surv len freq
 2.14613e-27 2.17387e-27 6.66198e-27 1.53572e-21 9.13354e-17 1.24885e-12 3.92577e-09 2.83717e-06 0.000471391 0.0180068 0.158137 0.319282 0.148602 0.0264546 0.0653636 0.0917296 0.0373096 0.0299682 0.026667 0.0180317 0.0152009 0.0131746 0.0136197 0.0126605 0.00531883
 2.14889e-27 2.18193e-27 7.57666e-27 1.84611e-21 1.09795e-16 1.50125e-12 4.71921e-09 3.41058e-06 0.000566663 0.0216462 0.190098 0.38381 0.178483 0.027763 0.0539079 0.0752394 0.0274694 0.01324 0.0104408 0.00557022 0.00386297 0.00273701 0.00235157 0.00198621 0.000824316
 2.14806e-27 2.18006e-27 7.38379e-27 1.78067e-21 1.05904e-16 1.44804e-12 4.55194e-09 3.2897e-06 0.000546578 0.0208789 0.18336 0.370207 0.172257 0.0294402 0.068248 0.0953613 0.0334591 0.0118651 0.00823929 0.00300818 0.00143667 0.000746222 0.00047659 0.000334848 0.000131539
 2.14813e-27 2.18026e-27 7.40879e-27 1.78917e-21 1.06409e-16 1.45495e-12 4.57365e-09 3.30539e-06 0.000549186 0.0209785 0.184234 0.371973 0.173068 0.0292779 0.0667254 0.0932477 0.033186 0.0132593 0.00926799 0.00280001 0.000939105 0.000299681 0.000114419 5.67165e-05 1.95782e-05
 2.14971e-27 2.18416e-27 7.8223e-27 1.92944e-21 1.14751e-16 1.56902e-12 4.93224e-09 3.56454e-06 0.000592244 0.0226233 0.198679 0.401136 0.186496 0.0278298 0.0490955 0.0684007 0.0244572 0.0101386 0.00719928 0.00231341 0.000792536 0.000191894 3.93907e-05 9.93943e-06 2.51808e-06
 2.1489e-27 2.18214e-27 7.60473e-27 1.85562e-21 1.10361e-16 1.50899e-12 4.74353e-09 3.42816e-06 0.000569584 0.0217577 0.191077 0.385788 0.17944 0.0288845 0.0601595 0.0839427 0.0292177 0.00959881 0.00645403 0.00212069 0.00075804 0.000190389 3.28571e-05 4.12541e-06 5.14909e-07
 2.14791e-27 2.17973e-27 7.35211e-27 1.76994e-21 1.05265e-16 1.43931e-12 4.52449e-09 3.26986e-06 0.000543283 0.020753 0.182254 0.367975 0.17123 0.0295544 0.069618 0.0973148 0.0344887 0.0133175 0.00920007 0.00267565 0.000822755 0.000208218 3.70064e-05 3.93233e-06 2.49787e-07
 2.14912e-27 2.1827e-27 7.66905e-27 1.87746e-21 1.1166e-16 1.52675e-12 4.79936e-09 3.46851e-06 0.000576287 0.0220138 0.193326 0.390329 0.181517 0.0283085 0.0552752 0.0771207 0.0276656 0.0117522 0.00836848 0.00263652 0.000873312 0.000198489 3.17514e-05 3.32557e-06 1.79249e-07
 2.14928e-27 2.1831e-27 7.70896e-27 1.89099e-21 1.12464e-16 1.53775e-12 4.83394e-09 3.4935e-06 0.00058044 0.0221724 0.194719 0.393141 0.182819 0.028336 0.0545949 0.0761309 0.0268912 0.0101087 0.0070538 0.00235362 0.000850031 0.000208613 3.37171e-05 3.21142e-06 1.60765e-07
 2.1486e-27 2.18142e-27 7.53111e-27 1.83066e-21 1.08876e-16 1.48869e-12 4.67971e-09 3.38204e-06 0.000561921 0.021465 0.188507 0.380599 0.177044 0.0289676 0.062231 0.0868936 0.0306841 0.0115005 0.00795316 0.00248405 0.000844668 0.00021932 3.87961e-05 3.8649e-06 1.8583e-07
 2.14846e-27 2.18109e-27 7.49766e-27 1.81932e-21 1.08202e-16 1.47947e-12 4.65072e-09 3.36109e-06 0.00055844 0.021332 0.187339 0.378241 0.175952 0.0289372 0.062756 0.087659 0.0313 0.0128353 0.00905726 0.00281875 0.000936885 0.000229244 3.98461e-05 4.2385e-06 2.16451e-07
 2.14867e-27 2.1816e-27 7.55169e-27 1.83765e-21 1.09292e-16 1.49437e-12 4.69758e-09 3.39495e-06 0.000564067 0.021547 0.189227 0.382052 0.177707 0.0287389 0.0603972 0.0843337 0.0301161 0.0123652 0.00877987 0.00286911 0.00100915 0.000245944 4.11081e-05 4.2253e-06 2.21067e-07
 2.14858e-27 2.18138e-27 7.52729e-27 1.82937e-21 1.088e-16 1.48764e-12 4.67641e-09 3.37966e-06 0.000561525 0.0214499 0.188374 0.38033 0.176917 0.0288936 0.0618602 0.0863835 0.0306718 0.012036 0.00846127 0.00276848 0.000988301 0.000252785 4.38608e-05 4.43351e-06 2.24761e-07
 2.1483e-27 2.18069e-27 7.45442e-27 1.80465e-21 1.07329e-16 1.46754e-12 4.61322e-09 3.33399e-06 0.000553937 0.02116 0.185829 0.375191 0.174549 0.0291186 0.0647828 0.0905087 0.0322061 0.0128567 0.0090451 0.00288603 0.00100129 0.000257073 4.59904e-05 4.84228e-06 2.47675e-07
 2.14757e-27 2.1789e-27 7.26576e-27 1.74065e-21 1.03523e-16 1.4155e-12 4.44964e-09 3.21577e-06 0.000534295 0.0204097 0.179239 0.361887 0.16842 0.0296933 0.0723008 0.101118 0.0361151 0.0148425 0.0105202 0.00338529 0.00117793 0.00029538 5.19427e-05 5.55934e-06 2.93904e-07
 2.14759e-27 2.17897e-27 7.27394e-27 1.74343e-21 1.03689e-16 1.41776e-12 4.45674e-09 3.2209e-06 0.000535147 0.0204423 0.179525 0.362465 0.168682 0.0295634 0.0713339 0.0997713 0.0358598 0.015452 0.0110803 0.00361748 0.00128217 0.000323871 5.65177e-05 5.94207e-06 3.14677e-07
 2.14805e-27 2.18009e-27 7.39305e-27 1.78384e-21 1.06092e-16 1.45061e-12 4.56003e-09 3.29554e-06 0.00054755 0.020916 0.183686 0.370865 0.172551 0.0291793 0.0664571 0.0928911 0.0333466 0.0142457 0.0102322 0.00343289 0.00125867 0.000324016 5.74386e-05 6.04132e-06 3.16373e-07
 2.14819e-27 2.18044e-27 7.4282e-27 1.79576e-21 1.06801e-16 1.46031e-12 4.59049e-09 3.31756e-06 0.000551208 0.0210558 0.184913 0.373343 0.173697 0.0291656 0.0656271 0.0917032 0.0326842 0.0132203 0.00938089 0.00313469 0.00115359 0.000305555 5.59703e-05 6.004e-06 3.16685e-07
 2.14835e-27 2.18081e-27 7.46793e-27 1.80923e-21 1.07602e-16 1.47127e-12 4.62495e-09 3.34246e-06 0.000555345 0.0212138 0.186301 0.376145 0.174987 0.0290337 0.0639774 0.089379 0.0318807 0.0129712 0.0091812 0.00297664 0.00105825 0.000279131 5.19292e-05 5.74537e-06 3.10796e-07
 2.14825e-27 2.18056e-27 7.44011e-27 1.79979e-21 1.07041e-16 1.46359e-12 4.60081e-09 3.32502e-06 0.000552447 0.0211031 0.185329 0.374182 0.174086 0.029199 0.0655777 0.0916229 0.0325127 0.0126958 0.00890714 0.00289282 0.00102214 0.000261565 4.7435e-05 5.27309e-06 2.91893e-07
 2.14832e-27 2.18075e-27 7.46103e-27 1.80689e-21 1.07463e-16 1.46936e-12 4.61895e-09 3.33813e-06 0.000554626 0.0211863 0.186059 0.375657 0.174763 0.0290716 0.0643556 0.089911 0.0320554 0.0129928 0.00916705 0.00291282 0.00100343 0.000255401 4.55042e-05 4.92477e-06 2.70423e-07
 2.14816e-27 2.18034e-27 7.41679e-27 1.79188e-21 1.0657e-16 1.45715e-12 4.58059e-09 3.3104e-06 0.000550018 0.0210103 0.184514 0.372537 0.173328 0.0292841 0.0665933 0.0930539 0.0330103 0.0128574 0.00901261 0.00291871 0.00102222 0.000255237 4.44945e-05 4.74069e-06 2.54793e-07
 2.14775e-27 2.17935e-27 7.31375e-27 1.75693e-21 1.04492e-16 1.42874e-12 4.49125e-09 3.24584e-06 0.000539292 0.0206006 0.180915 0.365272 0.169976 0.0294619 0.0698685 0.0977015 0.0350745 0.0149808 0.0106875 0.00339632 0.00116878 0.000295837 5.17572e-05 5.41011e-06 2.85143e-07
 2.14783e-27 2.17955e-27 7.33669e-27 1.76472e-21 1.04955e-16 1.43507e-12 4.51116e-09 3.26023e-06 0.000541682 0.0206919 0.181717 0.366891 0.170719 0.0293037 0.0684143 0.0956619 0.0344881 0.0151943 0.010977 0.00366919 0.00133003 0.00033338 5.78918e-05 6.08178e-06 3.17861e-07
 2.14823e-27 2.18052e-27 7.43914e-27 1.79947e-21 1.07022e-16 1.46333e-12 4.6e-09 3.32443e-06 0.00055235 0.0210994 0.185296 0.374116 0.174048 0.0289986 0.0643744 0.0899581 0.0323463 0.0139852 0.0100889 0.00343739 0.0012892 0.000339867 6.10648e-05 6.3977e-06 3.33748e-07
 2.14802e-27 2.18002e-27 7.38457e-27 1.78096e-21 1.0592e-16 1.44827e-12 4.55266e-09 3.29022e-06 0.000546666 0.0208823 0.183389 0.370266 0.172279 0.0292903 0.0673155 0.0940867 0.0335722 0.0137021 0.00975226 0.00328747 0.00122661 0.000331276 6.22975e-05 6.81379e-06 3.61149e-07
 2.14744e-27 2.17857e-27 7.23134e-27 1.72898e-21 1.02829e-16 1.406e-12 4.41979e-09 3.19419e-06 0.00053071 0.0202728 0.178036 0.35946 0.167302 0.0297889 0.0736166 0.102975 0.0368047 0.0152099 0.0108083 0.00352163 0.00126219 0.000336829 6.38897e-05 7.2442e-06 4.00437e-07
 2.14687e-27 2.17722e-27 7.09122e-27 1.68146e-21 1.00003e-16 1.36736e-12 4.29833e-09 3.10641e-06 0.000516126 0.0197157 0.173144 0.349582 0.162741 0.0299651 0.0776689 0.108738 0.0395344 0.0184539 0.0134483 0.00441662 0.00158093 0.000407714 7.48259e-05 8.4669e-06 4.79253e-07
 2.14672e-27 2.17685e-27 7.05416e-27 1.6689e-21 9.92558e-17 1.35715e-12 4.2662e-09 3.0832e-06 0.000512269 0.0195683 0.17185 0.346969 0.161534 0.0299615 0.0784342 0.109833 0.0401222 0.0193288 0.0142962 0.00503625 0.00194248 0.000506868 9.15592e-05 1.00306e-05 5.5966e-07
#obs surv len freq
 1.23523e-39 6.04559e-33 6.80259e-27 1.75977e-21 1.0466e-16 1.43104e-12 4.49847e-09 3.25105e-06 0.000540167 0.0206337 0.181205 0.365858 0.170241 0.0292931 0.0686616 0.0960161 0.0346814 0.0154909 0.0112886 0.0039619 0.00156378 0.000452491 9.50359e-05 1.22383e-05 8.03752e-07
 1.31557e-39 6.4388e-33 7.24504e-27 1.87422e-21 1.11467e-16 1.52411e-12 4.79106e-09 3.46251e-06 0.000575301 0.0219757 0.192991 0.389653 0.181202 0.0282286 0.0549914 0.0767341 0.0276994 0.0123175 0.00894721 0.00308293 0.00118623 0.000334019 6.83167e-05 8.60819e-06 5.51431e-07
 1.15674e-39 5.66144e-33 6.37035e-27 1.64795e-21 9.80097e-17 1.34011e-12 4.21263e-09 3.04448e-06 0.000505844 0.0193226 0.169691 0.342612 0.159553 0.0308664 0.0852723 0.119357 0.0419376 0.0150564 0.0104226 0.00357566 0.00136382 0.000375606 7.44493e-05 9.10262e-06 5.68593e-07
 1.34975e-39 6.60607e-33 7.43326e-27 1.92291e-21 1.14363e-16 1.56371e-12 4.91552e-09 3.55246e-06 0.000590246 0.0225466 0.198005 0.399775 0.185854 0.0274855 0.0474047 0.0660901 0.0246314 0.0133627 0.00989904 0.00302062 0.00100258 0.000269546 5.24614e-05 6.22757e-06 3.77064e-07
 1.39029e-39 6.80448e-33 7.65651e-27 1.98067e-21 1.17798e-16 1.61067e-12 5.06316e-09 3.65916e-06 0.000607974 0.0232238 0.203952 0.411782 0.191409 0.0275818 0.0443735 0.0616932 0.0213785 0.00672564 0.00456705 0.00176419 0.000724915 0.000178108 3.10184e-05 3.55142e-06 2.09393e-07
 1.2673e-39 6.20254e-33 6.9792e-27 1.80545e-21 1.07377e-16 1.46819e-12 4.61526e-09 3.33546e-06 0.000554191 0.0211694 0.185909 0.375356 0.174644 0.0296056 0.0677067 0.0945492 0.0325373 0.00947382 0.00603585 0.00172176 0.000540237 0.000157956 3.08038e-05 3.2573e-06 1.789e-07
 1.27613e-39 6.24578e-33 7.02785e-27 1.81804e-21 1.08126e-16 1.47842e-12 4.64743e-09 3.35871e-06 0.000558054 0.0213169 0.187205 0.377973 0.175829 0.0289362 0.0628316 0.0877748 0.0314772 0.013326 0.00933679 0.00255931 0.000691188 0.00015208 2.61817e-05 3.07129e-06 1.70512e-07
 1.42176e-39 6.95851e-33 7.82983e-27 2.0255e-21 1.20464e-16 1.64713e-12 5.17777e-09 3.74199e-06 0.000621736 0.0237495 0.208568 0.421103 0.195694 0.0269288 0.0375776 0.0521528 0.0185466 0.00737265 0.00520953 0.00172786 0.000598288 0.000126861 1.74857e-05 1.66554e-06 9.0912e-08
 1.41579e-39 6.92932e-33 7.79698e-27 2.017e-21 1.19959e-16 1.64022e-12 5.15605e-09 3.72629e-06 0.000619128 0.0236499 0.207693 0.419336 0.194894 0.0273862 0.0409023 0.0567766 0.0193281 0.00494326 0.00304592 0.000976068 0.000342677 8.72512e-05 1.40914e-05 1.21183e-06 5.38828e-08
 1.34728e-39 6.59399e-33 7.41966e-27 1.9194e-21 1.14154e-16 1.56085e-12 4.90653e-09 3.54596e-06 0.000589166 0.0225054 0.197642 0.399044 0.185553 0.0284517 0.0535228 0.0745578 0.0255026 0.00691512 0.0042569 0.0011006 0.000276122 6.61096e-05 1.15613e-05 1.15979e-06 5.29393e-08
 1.32062e-39 6.4635e-33 7.27284e-27 1.88141e-21 1.11895e-16 1.52996e-12 4.80944e-09 3.47579e-06 0.000577508 0.02206 0.193731 0.391148 0.181908 0.0286246 0.0569585 0.0794385 0.0277458 0.00941389 0.00623674 0.00165149 0.000411065 7.87897e-05 1.05723e-05 1.03608e-06 5.23078e-08
 1.35491e-39 6.63133e-33 7.46168e-27 1.93027e-21 1.148e-16 1.56969e-12 4.93432e-09 3.56604e-06 0.000592503 0.0226329 0.198762 0.401304 0.186581 0.0280182 0.0501957 0.0699216 0.0245922 0.00889953 0.00606337 0.00178486 0.000529368 0.000105177 1.28694e-05 9.95874e-07 4.36165e-08
 1.33426e-39 6.53028e-33 7.34798e-27 1.90085e-21 1.13051e-16 1.54577e-12 4.85913e-09 3.5117e-06 0.000583474 0.022288 0.195733 0.395189 0.18377 0.0284497 0.0546724 0.0762075 0.0264787 0.00854398 0.00566435 0.00172487 0.000549718 0.000122828 1.72307e-05 1.32588e-06 4.97583e-08
 1.29315e-39 6.32909e-33 7.12159e-27 1.84229e-21 1.09568e-16 1.49814e-12 4.70942e-09 3.40351e-06 0.000565498 0.0216013 0.189703 0.383014 0.178162 0.0289913 0.0616482 0.0860515 0.0301114 0.0104013 0.00698229 0.00200854 0.000595922 0.000137642 2.12731e-05 1.85218e-06 7.42682e-08
 1.16465e-39 5.70015e-33 6.4139e-27 1.65921e-21 9.86798e-17 1.34927e-12 4.24143e-09 3.06529e-06 0.000509303 0.0194547 0.170851 0.344954 0.160628 0.0306447 0.0832131 0.116484 0.0413314 0.016119 0.0111926 0.00333085 0.00102222 0.000225126 3.35705e-05 3.09228e-06 1.37381e-07
 1.26201e-39 6.17668e-33 6.95009e-27 1.79792e-21 1.06929e-16 1.46206e-12 4.59601e-09 3.32155e-06 0.00055188 0.0210811 0.185134 0.373791 0.173884 0.0286288 0.0622154 0.0869861 0.0322709 0.0170628 0.0126549 0.00402274 0.00135217 0.000310148 4.6591e-05 4.15575e-06 1.86693e-07
 1.23397e-39 6.03943e-33 6.79566e-27 1.75797e-21 1.04553e-16 1.42958e-12 4.49389e-09 3.24774e-06 0.000539617 0.0206127 0.18102 0.365485 0.170077 0.0295059 0.0700731 0.0979687 0.0348621 0.0139421 0.0100495 0.00382693 0.00156862 0.000393949 6.42418e-05 5.91781e-06 2.63972e-07
 1.28167e-39 6.27289e-33 7.05835e-27 1.82593e-21 1.08595e-16 1.48484e-12 4.6676e-09 3.37329e-06 0.000560476 0.0214095 0.188018 0.379613 0.176579 0.0287072 0.0609391 0.0851226 0.0307317 0.013672 0.00985164 0.00319181 0.00117722 0.00034865 6.81197e-05 6.94695e-06 3.28166e-07
 1.24046e-39 6.0712e-33 6.83142e-27 1.76722e-21 1.05103e-16 1.4371e-12 4.51753e-09 3.26483e-06 0.000542456 0.0207211 0.181973 0.367408 0.170965 0.0294822 0.0693489 0.0969432 0.034446 0.0136008 0.00963239 0.00330192 0.00123637 0.000323553 6.31453e-05 7.54857e-06 4.08061e-07
 1.25767e-39 6.15543e-33 6.92619e-27 1.79174e-21 1.06562e-16 1.45704e-12 4.5802e-09 3.31012e-06 0.000549982 0.0210086 0.184497 0.372505 0.173305 0.0290417 0.0651236 0.0910239 0.0328594 0.0146084 0.0105165 0.00337515 0.00119329 0.000320617 6.03554e-05 6.91372e-06 4.04961e-07
 1.28071e-39 6.26819e-33 7.05307e-27 1.82456e-21 1.08514e-16 1.48373e-12 4.66411e-09 3.37076e-06 0.000560057 0.0213934 0.187877 0.379329 0.176451 0.0288156 0.0616867 0.0861579 0.030843 0.0129071 0.00925694 0.00317165 0.00118303 0.000302196 5.49308e-05 6.20484e-06 3.53514e-07
 1.26269e-39 6.17999e-33 6.95383e-27 1.79889e-21 1.06987e-16 1.46285e-12 4.59848e-09 3.32333e-06 0.000552176 0.0210924 0.185234 0.373992 0.173997 0.0291582 0.0653868 0.0913609 0.0325136 0.0129969 0.00918828 0.00304531 0.00111705 0.000300714 5.56446e-05 6.05712e-06 3.3618e-07
 1.26351e-39 6.18399e-33 6.95832e-27 1.80005e-21 1.07056e-16 1.4638e-12 4.60145e-09 3.32548e-06 0.000552533 0.0211061 0.185353 0.374234 0.174105 0.029053 0.0646715 0.0903702 0.0324049 0.0137241 0.00979235 0.00316182 0.00111566 0.000292057 5.44865e-05 6.10399e-06 3.35386e-07
 1.25426e-39 6.13874e-33 6.9074e-27 1.78688e-21 1.06272e-16 1.45308e-12 4.56778e-09 3.30114e-06 0.00054849 0.0209516 0.183997 0.371495 0.172843 0.0291603 0.0661521 0.0924597 0.0331738 0.0141151 0.0101228 0.00337637 0.00122625 0.000312864 5.62056e-05 6.23003e-06 3.47474e-07
 1.26564e-39 6.19441e-33 6.97005e-27 1.80309e-21 1.07236e-16 1.46626e-12 4.60921e-09 3.33109e-06 0.000553465 0.0211416 0.185666 0.374864 0.174393 0.0289702 0.063976 0.0893966 0.0321473 0.013907 0.0100104 0.00335 0.0012318 0.000323563 5.86421e-05 6.31847e-06 3.45065e-07
 1.19822e-39 5.86444e-33 6.59876e-27 1.70704e-21 1.01524e-16 1.38816e-12 4.36368e-09 3.15364e-06 0.000523982 0.0200154 0.175776 0.354896 0.165198 0.0299468 0.0759562 0.106281 0.03808 0.0160374 0.0114948 0.00388418 0.00144469 0.000382769 7.07983e-05 7.75828e-06 4.19445e-07
 1.20211e-39 5.88348e-33 6.62018e-27 1.71258e-21 1.01854e-16 1.39266e-12 4.37785e-09 3.16388e-06 0.000525683 0.0200804 0.176346 0.356048 0.165714 0.0295006 0.0728852 0.102019 0.0374847 0.01872 0.0138293 0.00460627 0.00169049 0.000451653 8.46394e-05 9.42598e-06 5.17983e-07
 1.22853e-39 6.01282e-33 6.76572e-27 1.75023e-21 1.04093e-16 1.42328e-12 4.47409e-09 3.23343e-06 0.000537239 0.0205218 0.180223 0.363875 0.16932 0.0291583 0.0684362 0.0957332 0.0350484 0.0171295 0.0127823 0.00471421 0.00190408 0.000507874 9.46857e-05 1.06547e-05 5.94313e-07
 1.22853e-39 6.01282e-33 6.76572e-27 1.75023e-21 1.04093e-16 1.42328e-12 4.47409e-09 3.23343e-06 0.000537239 0.0205218 0.180223 0.363875 0.16932 0.0291583 0.0684362 0.0957332 0.0350484 0.0171295 0.0127823 0.00471421 0.00190408 0.000507874 9.46857e-05 1.06547e-05 5.94313e-07
#pred catch len freq
 2.14612e-27 2.17387e-27 6.66374e-27 1.53632e-21 9.1371e-17 1.24934e-12 3.9273e-09 2.83827e-06 0.000471575 0.0180138 0.158198 0.319406 0.148664 0.0265716 0.0660405 0.0926727 0.0375081 0.0296073 0.0262803 0.0177201 0.0149195 0.0129255 0.0133608 0.0124196 0.00521763
 2.14891e-27 2.18197e-27 7.58115e-27 1.84763e-21 1.09886e-16 1.50249e-12 4.72309e-09 3.41339e-06 0.00056713 0.021664 0.190254 0.384126 0.178631 0.0277986 0.0540305 0.0754063 0.0274527 0.0129902 0.0102044 0.00542925 0.00375942 0.00266243 0.0022872 0.0019318 0.000801733
 2.1482e-27 2.1804e-27 7.41961e-27 1.79282e-21 1.06626e-16 1.45792e-12 4.583e-09 3.31215e-06 0.000550308 0.0210214 0.184611 0.372733 0.173422 0.0293513 0.0669437 0.093518 0.0327445 0.0113933 0.00787022 0.00286684 0.00136618 0.000709202 0.000452866 0.000318171 0.000124987
 2.14818e-27 2.18038e-27 7.42121e-27 1.79338e-21 1.06659e-16 1.45837e-12 4.58441e-09 3.31317e-06 0.000550478 0.0210279 0.184668 0.372848 0.173472 0.0292692 0.0664083 0.092795 0.0329487 0.0129229 0.00899353 0.00271211 0.000907407 0.000289367 0.000110449 5.4746e-05 1.88979e-05
 2.14968e-27 2.18409e-27 7.81473e-27 1.92687e-21 1.14599e-16 1.56693e-12 4.92567e-09 3.5598e-06 0.000591455 0.0225932 0.198414 0.400602 0.186251 0.0278798 0.0495616 0.0690537 0.0246334 0.0100309 0.0070939 0.00227511 0.000777678 0.000188188 3.86168e-05 9.74314e-06 2.46831e-06
 2.14889e-27 2.18211e-27 7.60169e-27 1.85459e-21 1.103e-16 1.50815e-12 4.74089e-09 3.42625e-06 0.000569267 0.0217456 0.190971 0.385574 0.179342 0.0289186 0.0604327 0.0843239 0.0292989 0.00945829 0.00632607 0.0020744 0.000739859 0.000185719 3.20415e-05 4.02258e-06 5.02057e-07
 2.14799e-27 2.17992e-27 7.37116e-27 1.7764e-21 1.05649e-16 1.44456e-12 4.54101e-09 3.2818e-06 0.000545266 0.0208288 0.182919 0.369318 0.171849 0.0295219 0.0690153 0.0964595 0.034109 0.0129275 0.00889001 0.00258096 0.000791663 0.000200215 3.55737e-05 3.77973e-06 2.40085e-07
 2.14904e-27 2.18252e-27 7.6487e-27 1.87056e-21 1.11249e-16 1.52114e-12 4.78171e-09 3.45575e-06 0.000574168 0.0219328 0.192615 0.388893 0.180857 0.0284038 0.0562892 0.0785458 0.0281113 0.0117352 0.00832419 0.00261762 0.000865102 0.00019651 3.14246e-05 3.29098e-06 1.77379e-07
 2.14919e-27 2.18286e-27 7.68347e-27 1.88234e-21 1.1195e-16 1.53072e-12 4.81183e-09 3.47752e-06 0.000577786 0.022071 0.193829 0.391343 0.181992 0.0284474 0.0558173 0.07785 0.027444 0.0101424 0.00704649 0.00234642 0.000845616 0.000207417 3.35138e-05 3.19173e-06 1.59773e-07
 2.14855e-27 2.1813e-27 7.51754e-27 1.82605e-21 1.08602e-16 1.48494e-12 4.66794e-09 3.37353e-06 0.000560507 0.021411 0.188032 0.379641 0.176604 0.0290419 0.0629733 0.0879353 0.0309889 0.0114131 0.00785746 0.00244951 0.000830998 0.00021564 3.81344e-05 3.79862e-06 1.82638e-07
 2.14843e-27 2.18101e-27 7.48878e-27 1.8163e-21 1.08023e-16 1.47702e-12 4.64302e-09 3.35552e-06 0.000557515 0.0212967 0.187029 0.377614 0.175665 0.028998 0.0633162 0.0884436 0.0315079 0.012692 0.00891946 0.00277065 0.000918775 0.000224678 3.90405e-05 4.15239e-06 2.12047e-07
 2.14865e-27 2.18156e-27 7.54719e-27 1.83612e-21 1.09201e-16 1.49313e-12 4.69367e-09 3.39213e-06 0.000563598 0.021529 0.189069 0.381734 0.177562 0.0287845 0.0607711 0.0848557 0.0302325 0.0121916 0.0086207 0.00281149 0.000986705 0.000240337 4.01587e-05 4.1273e-06 2.15932e-07
 2.14857e-27 2.18135e-27 7.5242e-27 1.82832e-21 1.08737e-16 1.48678e-12 4.67373e-09 3.37772e-06 0.000561202 0.0214375 0.188266 0.380112 0.176817 0.0289338 0.0621718 0.0868179 0.0307584 0.0118549 0.00829765 0.00270951 0.000965104 0.000246711 4.27946e-05 4.32531e-06 2.19269e-07
 2.14832e-27 2.18073e-27 7.45812e-27 1.8059e-21 1.07404e-16 1.46856e-12 4.61642e-09 3.3363e-06 0.000554322 0.0211747 0.185957 0.375452 0.17467 0.0291381 0.0648233 0.0905604 0.0321514 0.0126029 0.00882822 0.00281134 0.000973151 0.000249701 4.46587e-05 4.70161e-06 2.40473e-07
 2.14769e-27 2.1792e-27 7.29739e-27 1.75138e-21 1.04161e-16 1.42422e-12 4.47706e-09 3.23558e-06 0.000537587 0.0205355 0.180344 0.364117 0.169449 0.029626 0.0712181 0.0995848 0.0354802 0.0143051 0.0100949 0.00324196 0.00112549 0.000282065 4.95863e-05 5.30662e-06 2.80535e-07
 2.14771e-27 2.17926e-27 7.30472e-27 1.75387e-21 1.04309e-16 1.42625e-12 4.48342e-09 3.24018e-06 0.000538352 0.0205647 0.1806 0.364635 0.169683 0.0295026 0.0703086 0.0983185 0.0352458 0.0148989 0.0106391 0.00346646 0.00122587 0.000309474 5.39892e-05 5.67568e-06 3.00561e-07
 2.14814e-27 2.18031e-27 7.41615e-27 1.79167e-21 1.06558e-16 1.45699e-12 4.58005e-09 3.31002e-06 0.000549954 0.0210079 0.184492 0.372493 0.173303 0.0291404 0.065729 0.0918582 0.0328919 0.0137874 0.00986159 0.00330171 0.00120792 0.000310779 5.5076e-05 5.79226e-06 3.03321e-07
 2.14825e-27 2.18057e-27 7.44219e-27 1.8005e-21 1.07083e-16 1.46417e-12 4.60262e-09 3.32633e-06 0.000552665 0.0211114 0.185402 0.374329 0.174152 0.0291526 0.0652504 0.0911665 0.0324167 0.0128704 0.00909278 0.00303216 0.00111341 0.000294744 5.39748e-05 5.7894e-06 3.05357e-07
 2.14843e-27 2.18101e-27 7.48852e-27 1.81621e-21 1.08017e-16 1.47694e-12 4.64279e-09 3.35536e-06 0.000557488 0.0212957 0.18702 0.377596 0.175657 0.0289981 0.0633222 0.0884496 0.0314737 0.0125666 0.00885593 0.00286544 0.00101641 0.000267938 4.98324e-05 5.51288e-06 2.98211e-07
 2.1483e-27 2.1807e-27 7.45444e-27 1.80465e-21 1.0733e-16 1.46754e-12 4.61323e-09 3.334e-06 0.000553939 0.0211601 0.185829 0.375192 0.174552 0.0291825 0.0651727 0.0910465 0.0322355 0.0123562 0.0086297 0.0027971 0.000986093 0.000252195 4.57223e-05 5.08221e-06 2.81318e-07
 2.14842e-27 2.18098e-27 7.4848e-27 1.81495e-21 1.07942e-16 1.47592e-12 4.63957e-09 3.35303e-06 0.000557101 0.0212809 0.18689 0.377334 0.175536 0.029025 0.0635659 0.0887919 0.0315806 0.0125602 0.00882282 0.00279796 0.000961639 0.000244618 4.35702e-05 4.71501e-06 2.58897e-07
 2.14815e-27 2.18032e-27 7.41471e-27 1.79117e-21 1.06528e-16 1.45658e-12 4.57878e-09 3.30909e-06 0.000549801 0.021002 0.184441 0.37239 0.173262 0.029323 0.0668747 0.0934451 0.0330769 0.0126535 0.00883066 0.00285412 0.000997368 0.000248888 4.33747e-05 4.62093e-06 2.48348e-07
 2.14778e-27 2.17942e-27 7.32127e-27 1.75948e-21 1.04643e-16 1.43081e-12 4.49777e-09 3.25055e-06 0.000540075 0.0206305 0.181178 0.365802 0.170222 0.0294746 0.0697861 0.0975789 0.0349438 0.0146521 0.0104107 0.00330196 0.00113371 0.000286791 5.01597e-05 5.24263e-06 2.76306e-07
 2.14786e-27 2.17963e-27 7.34432e-27 1.76731e-21 1.05109e-16 1.43718e-12 4.51778e-09 3.26501e-06 0.000542477 0.0207222 0.181984 0.367429 0.170968 0.0293174 0.0683362 0.0955452 0.0343575 0.0148594 0.0106928 0.00356689 0.00129013 0.0003232 5.61072e-05 5.89372e-06 3.08023e-07
 2.14825e-27 2.18059e-27 7.44537e-27 1.80159e-21 1.07147e-16 1.46505e-12 4.6054e-09 3.32833e-06 0.000552998 0.0211241 0.185513 0.374555 0.174251 0.029014 0.0643358 0.0898976 0.0322435 0.0136861 0.0098334 0.00334336 0.00125124 0.000329678 5.92173e-05 6.20356e-06 3.2361e-07
 2.1481e-27 2.1802e-27 7.40296e-27 1.78719e-21 1.06291e-16 1.45334e-12 4.5686e-09 3.30174e-06 0.000548579 0.0209554 0.184031 0.371562 0.172877 0.0292644 0.0667666 0.0933069 0.0332144 0.0133043 0.00942786 0.0031715 0.00118075 0.000318711 5.99178e-05 6.55293e-06 3.47312e-07
 2.14746e-27 2.17862e-27 7.23573e-27 1.73047e-21 1.02917e-16 1.40721e-12 4.42359e-09 3.19694e-06 0.000531167 0.0202902 0.17819 0.359769 0.167446 0.0298125 0.0736668 0.10304 0.0367406 0.014908 0.0105495 0.00343046 0.00122676 0.000327183 6.20422e-05 7.03409e-06 3.88812e-07
 2.14696e-27 2.17741e-27 7.11114e-27 1.68822e-21 1.00405e-16 1.37286e-12 4.31559e-09 3.11889e-06 0.000518199 0.0197949 0.173839 0.350986 0.16339 0.0299491 0.0771482 0.107996 0.0391544 0.0179347 0.0130209 0.00426767 0.00152421 0.00039286 7.20785e-05 8.15525e-06 4.616e-07
 2.14569e-27 2.17432e-27 6.78646e-27 1.57809e-21 9.38551e-17 1.2833e-12 4.03407e-09 2.91544e-06 0.000484395 0.0185036 0.162499 0.328091 0.152838 0.0308239 0.0893893 0.125283 0.0456947 0.0217909 0.016084 0.00565535 0.00217719 0.000567829 0.000102542 1.12328e-05 6.26717e-07
#obs catch len freq
 1.22509e-39 5.99594e-33 6.74673e-27 1.74532e-21 1.038e-16 1.41928e-12 4.46153e-09 3.22436e-06 0.000535731 0.0204643 0.179717 0.362854 0.168856 0.029387 0.07014 0.0981068 0.0355081 0.0160869 0.011788 0.00422461 0.00170582 0.000500262 0.00010707 1.414e-05 9.57087e-07
 1.22572e-39 5.99906e-33 6.75024e-27 1.74622e-21 1.03854e-16 1.42002e-12 4.46385e-09 3.22603e-06 0.00053601 0.0204749 0.17981 0.363042 0.168946 0.029455 0.0704984 0.0986013 0.0355397 0.015638 0.0113578 0.00397404 0.00156346 0.00045171 9.47589e-05 1.21941e-05 8.00485e-07
 1.30771e-39 6.40031e-33 7.20173e-27 1.86302e-21 1.10801e-16 1.515e-12 4.76242e-09 3.44181e-06 0.000571862 0.0218444 0.191837 0.387324 0.180131 0.0283617 0.0565058 0.0788655 0.0284087 0.0124444 0.00900919 0.003095 0.00118695 0.000333712 6.81715e-05 8.58378e-06 5.49621e-07
 1.14726e-39 5.61506e-33 6.31815e-27 1.63445e-21 9.72066e-17 1.32913e-12 4.17812e-09 3.01953e-06 0.0005017 0.0191643 0.168301 0.339805 0.158262 0.0310368 0.0871581 0.12201 0.0427994 0.0151395 0.0104363 0.00356956 0.001357 0.000373164 7.38753e-05 9.02594e-06 5.63546e-07
 1.34327e-39 6.57439e-33 7.39761e-27 1.91369e-21 1.13814e-16 1.55621e-12 4.89195e-09 3.53542e-06 0.000587415 0.0224385 0.197055 0.397858 0.184972 0.0275945 0.0486478 0.0678398 0.0252155 0.0134734 0.00995459 0.00302971 0.00100191 0.000268934 5.22786e-05 6.20143e-06 3.75308e-07
 1.38478e-39 6.77755e-33 7.62621e-27 1.97283e-21 1.17331e-16 1.6043e-12 5.04312e-09 3.64467e-06 0.000605567 0.0231319 0.203144 0.410152 0.190659 0.0276793 0.0454595 0.0632209 0.0218775 0.00678306 0.00458347 0.00176461 0.000723003 0.000177403 3.08547e-05 3.52996e-06 2.08031e-07
 1.25976e-39 6.16563e-33 6.93766e-27 1.79471e-21 1.06738e-16 1.45945e-12 4.58779e-09 3.31561e-06 0.000550893 0.0210434 0.184803 0.373123 0.173617 0.0297412 0.0692076 0.0966603 0.0332219 0.00953574 0.0060447 0.00172007 0.00053757 0.000156906 3.05671e-05 3.23006e-06 1.77314e-07
 1.26934e-39 6.21254e-33 6.99045e-27 1.80836e-21 1.0755e-16 1.47055e-12 4.6227e-09 3.34083e-06 0.000555085 0.0212035 0.186209 0.375961 0.174904 0.0290585 0.0641845 0.0896778 0.0320942 0.0133816 0.00934382 0.00255558 0.000687527 0.000151024 2.59622e-05 3.04327e-06 1.68887e-07
 1.41692e-39 6.93486e-33 7.80321e-27 2.01862e-21 1.20055e-16 1.64153e-12 5.16017e-09 3.72927e-06 0.000619622 0.0236688 0.207859 0.419672 0.195035 0.0270129 0.0385227 0.0534827 0.018984 0.00743343 0.00523271 0.00173054 0.000597274 0.000126485 1.74103e-05 1.65688e-06 9.03905e-08
 1.41073e-39 6.90456e-33 7.76912e-27 2.0098e-21 1.1953e-16 1.63436e-12 5.13762e-09 3.71297e-06 0.000616916 0.0235654 0.206951 0.417838 0.194205 0.0274761 0.0419031 0.0581844 0.0197865 0.00499125 0.00305753 0.00097697 0.000341803 8.69009e-05 1.40193e-05 1.20479e-06 5.35399e-08
 1.34118e-39 6.56414e-33 7.38608e-27 1.91071e-21 1.13637e-16 1.55378e-12 4.88432e-09 3.52991e-06 0.0005865 0.0224035 0.196748 0.397238 0.184722 0.028561 0.0547343 0.0762619 0.0260556 0.00696642 0.00426546 0.00110055 0.000274984 6.57164e-05 1.14783e-05 1.15068e-06 5.25012e-08
 1.31387e-39 6.4305e-33 7.23571e-27 1.87181e-21 1.11323e-16 1.52215e-12 4.78488e-09 3.45805e-06 0.000574559 0.0219474 0.192742 0.389151 0.18099 0.0287443 0.0582908 0.0813129 0.0283568 0.0094802 0.00625397 0.00165259 0.000409754 7.84173e-05 1.05068e-05 1.02875e-06 5.19138e-08
 1.34915e-39 6.60317e-33 7.43e-27 1.92207e-21 1.14313e-16 1.56302e-12 4.91337e-09 3.5509e-06 0.000589987 0.0225367 0.197918 0.3996 0.185797 0.0281209 0.051336 0.0715256 0.0251142 0.00895327 0.00607519 0.00178387 0.000527182 0.000104602 1.27823e-05 9.88287e-07 4.32581e-08
 1.32851e-39 6.50214e-33 7.31631e-27 1.89266e-21 1.12564e-16 1.5391e-12 4.83818e-09 3.49657e-06 0.000580959 0.0221919 0.194889 0.393486 0.182987 0.028554 0.0558229 0.0778256 0.0270016 0.00858507 0.00566531 0.00172058 0.000546405 0.000121914 1.70819e-05 1.3135e-06 4.92674e-08
 1.28591e-39 6.29366e-33 7.08172e-27 1.83197e-21 1.08954e-16 1.48975e-12 4.68306e-09 3.38445e-06 0.000562332 0.0214804 0.18864 0.38087 0.177175 0.0291199 0.06308 0.0880658 0.0307679 0.0104719 0.00699999 0.00200875 0.000593755 0.000136929 2.11368e-05 1.83904e-06 7.37078e-08
 1.15561e-39 5.65593e-33 6.36414e-27 1.64634e-21 9.79142e-17 1.3388e-12 4.20853e-09 3.04151e-06 0.000505352 0.0193038 0.169526 0.342278 0.159397 0.0308074 0.0850128 0.119015 0.0421525 0.016194 0.0112025 0.00332538 0.00101687 0.000223621 3.33023e-05 3.06525e-06 1.36118e-07
 1.2549e-39 6.14187e-33 6.91093e-27 1.78779e-21 1.06327e-16 1.45383e-12 4.57012e-09 3.30283e-06 0.00054877 0.0209623 0.184091 0.371685 0.172915 0.0287549 0.06362 0.0889622 0.0329172 0.01714 0.0126767 0.0040187 0.00134618 0.000308341 4.62616e-05 4.12328e-06 1.85141e-07
 1.22597e-39 6.00028e-33 6.75161e-27 1.74658e-21 1.03875e-16 1.42031e-12 4.46475e-09 3.22669e-06 0.000536119 0.0204791 0.179847 0.363116 0.168987 0.029649 0.0716604 0.100202 0.0355897 0.0140197 0.0100666 0.00382086 0.00156152 0.000391648 6.37908e-05 5.87214e-06 2.61809e-07
 1.27317e-39 6.2313e-33 7.01156e-27 1.81382e-21 1.07875e-16 1.47499e-12 4.63666e-09 3.35092e-06 0.00055676 0.0212675 0.186771 0.377096 0.175421 0.0288517 0.06258 0.0874319 0.0314987 0.0138042 0.0099142 0.00320304 0.00117717 0.000348089 6.7939e-05 6.92417e-06 3.26945e-07
 1.23134e-39 6.02654e-33 6.78115e-27 1.75422e-21 1.0433e-16 1.42653e-12 4.48429e-09 3.24081e-06 0.000538465 0.0205687 0.180634 0.364705 0.169722 0.0296405 0.0711295 0.0994487 0.0352715 0.0137207 0.00968068 0.00330856 0.00123483 0.000322669 6.28916e-05 7.51317e-06 4.0599e-07
 1.24932e-39 6.11453e-33 6.88017e-27 1.77984e-21 1.05853e-16 1.44736e-12 4.54977e-09 3.28813e-06 0.000546328 0.020869 0.183272 0.37003 0.172166 0.0291865 0.0667531 0.0933168 0.0336155 0.0147205 0.0105622 0.0033804 0.00119097 0.0003195 6.00734e-05 6.87637e-06 4.02589e-07
 1.27185e-39 6.22481e-33 7.00425e-27 1.81193e-21 1.07762e-16 1.47346e-12 4.63183e-09 3.34743e-06 0.00055618 0.0212454 0.186577 0.376704 0.175243 0.0289662 0.0633969 0.0885648 0.0316426 0.0130456 0.00932315 0.00318484 0.0011841 0.000302032 5.48316e-05 6.18912e-06 3.52456e-07
 1.25303e-39 6.1327e-33 6.90061e-27 1.78512e-21 1.06168e-16 1.45166e-12 4.56329e-09 3.2979e-06 0.000547951 0.020931 0.183816 0.37113 0.17268 0.029322 0.0672493 0.0939823 0.0333848 0.0131492 0.00926191 0.00306087 0.00111896 0.000300776 5.55909e-05 6.04696e-06 3.35456e-07
 1.25251e-39 6.13018e-33 6.89778e-27 1.78439e-21 1.06124e-16 1.45106e-12 4.56142e-09 3.29655e-06 0.000547726 0.0209224 0.183741 0.370977 0.172606 0.0292338 0.0667567 0.0933058 0.0333922 0.0139365 0.00991014 0.00319097 0.00112209 0.000293295 5.46505e-05 6.11806e-06 3.36008e-07
 1.24372e-39 6.08716e-33 6.84937e-27 1.77187e-21 1.0538e-16 1.44088e-12 4.5294e-09 3.27341e-06 0.000543882 0.0207756 0.182451 0.368374 0.171406 0.0293355 0.0681622 0.0952893 0.0341215 0.0143057 0.0102244 0.00340041 0.00123089 0.00031359 5.62658e-05 6.23214e-06 3.47433e-07
 1.25483e-39 6.14151e-33 6.91052e-27 1.78769e-21 1.0632e-16 1.45374e-12 4.56984e-09 3.30264e-06 0.000548738 0.0209611 0.18408 0.371663 0.17292 0.0291477 0.0660243 0.0922802 0.0331178 0.0141177 0.0101281 0.00337958 0.00123855 0.000324858 5.88065e-05 6.33163e-06 3.4562e-07
 1.18596e-39 5.80447e-33 6.53128e-27 1.68958e-21 1.00486e-16 1.37396e-12 4.31906e-09 3.12139e-06 0.000518624 0.0198108 0.173978 0.351267 0.163528 0.0301501 0.078291 0.109568 0.0391816 0.0162611 0.0116151 0.00391336 0.00145075 0.000383808 7.09052e-05 7.76454e-06 4.19592e-07
 1.1888e-39 5.81837e-33 6.54692e-27 1.69363e-21 1.00726e-16 1.37725e-12 4.3294e-09 3.12886e-06 0.000519865 0.0198582 0.174395 0.352108 0.1639 0.0297115 0.0753599 0.105505 0.0386744 0.0190343 0.0140213 0.00465694 0.00170339 0.00045442 8.50561e-05 9.46574e-06 5.19933e-07
 1.1566e-39 5.66073e-33 6.36954e-27 1.64774e-21 9.79973e-17 1.33994e-12 4.2121e-09 3.04409e-06 0.000505781 0.0193202 0.16967 0.342569 0.159505 0.0301038 0.0806297 0.112935 0.0413071 0.0200676 0.0149537 0.00550116 0.00221641 0.000590447 0.000109958 1.23651e-05 6.89425e-07
#spawning biomass
 3833.41 2169.2 2205.4 1918.29 2210.17 3420.96 4506.81 4715.69 7519.05 12468.3 17221.6 22563.4 29178.9 36714.6 41351.2 35236 30546.1 29367.6 31121.8 31726.7 33911.8 33573.2 39158.7 40521.7 42570.8 46752.8 45446.8 45321.4 37784 111192 157118 145150 100471 66235.5 45751.7 34468.1 28524.9 25482.1 23953.1 23194.5 22821.3 22638.8 22549.9 22506.7 22485.8 22475.7 22470.8 22468.5 22467.3 22466.8 22466.5 22466.4 22466.3 22466.3 22466.3 22466.3 22466.3 22466.3 22466.3 22466.3 22466.3 22466.3 22466.3 22466.3 22466.3 22466.3 22466.3 22466.3 22466.3 22466.3 22466.3 22466.3 22466.3 22466.3 22466.3 22466.3 22466.3 22466.3 22466.3 22466.3 22466.3 22466.3 22466.3 22466.3 22466.3 22466.3 22466.3 22466.3 22466.3 22466.3 22466.3 22466.3 22466.3 22466.3 22466.3 22466.3 22466.3 22466.3 22466.3 22466.3 22466.3 22466.3 22466.3 22466.3 22466.3 22466.3 22466.3 22466.3 22466.3 22466.3 22466.3 22466.3 22466.3 22466.3 22466.3 22466.3 22466.3 22466.3 22466.3 22466.3 22466.3 22466.3 22466.3 22466.3 22466.3 22466.3 22466.3 22466.3 22466.3 0 0 0 0 0 0 0 0 0 0 0 0 0 0 0 0 0 0 0 0 0 0 0 0 0
