SBPRF35
0.205888
Curr Bio
119096
B35
167648
F35
0.453069
FOFL
0.258757
OFL
26783.6
Bzero
58825.1
#pred survey bio
 31160.9 27014.1 19749.2 17246.3 27091.3 41235.4 54661.1 66593.3 95230.9 120096 150123 175984 217595 257017 266222 234600 226967 232271 219040 239063 251769 263880 264528 272531 261705 235884 230584 213110 177740 5.52176e+06 2.9606e+06 2.0742e+06 1.41754e+06 1.03288e+06 829631 727140 676131 650496 637283 630235 626333 624096 622775 621976 621483 621178 620986 620866 620790 620741 620710 620691 620678 620670 620665 620662 620660 620659 620658 620657 620657 620657 620656 620656 620656 620656 620656 620656 620656 620656 620656 620656 620656 620656 620656 620656 620656 620656 620656 620656 620656 620656 620656 620656 620656 620656 620656 620656 620656 620656 620656 620656 620656 620656 620656 620656 620656 620656 620656 620656 620656 620656 620656 620656 620656 620656 620656 620656 620656 620656 620656 620656 620656 620656 620656 620656 620656 620656 620656 620656 620656 620656 620656 620656 620656 620656 620656 620656 620656 0 0 0 0 0 0 0 0 0 0 0 0 0 0 0 0 0 0 0 0 0 0 0 0 0
#obs survey bio
 24483.4 20282.8 10373.1 24547.4 37874 49706.4 81267.1 91646.4 107487 119717 197172 158780 328006 183016 210023 240870 223285 251825 193229 291665 258662 339004 233100 286023 312004 283258 258040 200763 194747
#pred catch bio
 4099.9 4844.58 3656.82 3003.11 4921.93 8256.69 13495.7 12893.5 25308.1 35062.8 51563.1 59387.3 74269.8 92845.9 118245 96813.3 80299.8 88120.3 70617.9 83721.9 88566.3 102890 99939.2 107662 107748 85145.6 93314.4 101962 88061.9 26783.6 40255.2 27143.1 17719.8 12465.7 9862.24 8657.96 8124.42 7894.58 7797.39 7756.81 7740.01 7733.1 7730.27 7729.11 7728.63 7728.44 7728.36 7728.33 7728.32 7728.32 7728.31 7728.31 7728.31 7728.31 7728.31 7728.31 7728.31 7728.31 7728.31 7728.31 7728.31 7728.31 7728.31 7728.31 7728.31 7728.31 7728.31 7728.31 7728.31 7728.31 7728.31 7728.31 7728.31 7728.31 7728.31 7728.31 7728.31 7728.31 7728.31 7728.31 7728.31 7728.31 7728.31 7728.31 7728.31 7728.31 7728.31 7728.31 7728.31 7728.31 7728.31 7728.31 7728.31 7728.31 7728.31 7728.31 7728.31 7728.31 7728.31 7728.31 7728.31 7728.31 7728.31 7728.31 7728.31 7728.31 7728.31 7728.31 7728.31 7728.31 7728.31 7728.31 7728.31 7728.31 7728.31 7728.31 7728.31 7728.31 7728.31 7728.31 7728.31 7728.31 7728.31 7728.31 7728.31 7728.31 7728.31 7728.31 7728.31 0 0 0 0 0 0 0 0 0 0 0 0 0 0 0 0 0 0 0 0 0 0 0 0 0
#obs catch bio
 4191.72 5131.68 3960.34 3106.74 4933.08 8156.73 13388.5 12248.4 24122.2 33069.7 49526.3 57733.8 69937.6 91054.6 125894 100117 82814.9 90031.7 70225.8 84229.7 86283 100936 98740.8 104946 106535 82879.2 92724.3 104326 88173.1
#pred cpue bio
 29874.4 26448.6 19494 16258 24041.8 37690.2 50528 61370.7 86782 110094 136756 160041 196920 234251 245451 214972 207618 214575 202564 219579 231270 242557 242057 249701 240999 217731 213249 195944 162321 4.98625e+06 2.90218e+06 2.03625e+06 1.38023e+06 995594 792343 689852 638843 613208 599995 592947 589045 586808 585487 584688 584195 583890 583699 583578 583502 583453 583423 583403 583390 583382 583377 583374 583372 583371 583370 583369 583369 583369 583369 583369 583368 583368 583368 583368 583368 583368 583368 583368 583368 583368 583368 583368 583368 583368 583368 583368 583368 583368 583368 583368 583368 583368 583368 583368 583368 583368 583368 583368 583368 583368 583368 583368 583368 583368 583368 583368 583368 583368 583368 583368 583368 583368 583368 583368 583368 583368 583368 583368 583368 583368 583368 583368 583368 583368 583368 583368 583368 583368 583368 583368 583368 583368 583368 583368 583368 0 0 0 0 0 0 0 0 0 0 0 0 0 0 0 0 0 0 0 0 0 0 0 0 0
#obs cpue bio
 14344.3 17730.9 16455.5 18427 28478.5 38782.9 38515.8 66046 101028 128304 108974 171139 208738 258479 195683 197548 164506 222441 230137 184178 281336 206708 262887 290069 205034 197759 181672 184055 150635
#pred surv len freq
 2.54926e-11 1.19905e-09 3.90523e-08 8.80726e-07 1.37538e-05 0.000148729 0.00111369 0.0057751 0.0207449 0.0516804 0.0896992 0.110405 0.102639 0.0853591 0.0781239 0.0767261 0.0713009 0.0628958 0.0550006 0.0476534 0.0408203 0.0348864 0.0290744 0.0220245 0.0139133
 1.32437e-11 6.22919e-10 2.02881e-08 4.57547e-07 7.14529e-06 7.72677e-05 0.000578619 0.00300121 0.0107912 0.0269867 0.0475452 0.0618435 0.0681189 0.0784552 0.0963879 0.107066 0.101477 0.0881161 0.0756095 0.0644517 0.0537076 0.0435766 0.0338558 0.0239647 0.0143816
 9.89968e-12 4.65634e-10 1.51654e-08 3.42018e-07 5.34112e-06 5.77574e-05 0.000432508 0.00224317 0.00806294 0.0201382 0.0353061 0.0451346 0.047459 0.051542 0.0640273 0.0805559 0.095736 0.106453 0.107444 0.0970414 0.0804973 0.0630754 0.0464378 0.0308734 0.0174768
 3.51962e-11 1.65546e-09 5.39174e-08 1.21597e-06 1.89891e-05 0.00020534 0.00153755 0.00797229 0.0286259 0.0711997 0.122799 0.147478 0.125394 0.080353 0.047034 0.0344287 0.0343788 0.0402375 0.0479389 0.0527784 0.0511756 0.043212 0.0318779 0.0203901 0.0109634
 4.48856e-11 2.1112e-09 6.87605e-08 1.55072e-06 2.42167e-05 0.000261869 0.00196084 0.0101672 0.0365093 0.090829 0.156798 0.188987 0.162825 0.108644 0.0677933 0.0465094 0.0320746 0.020441 0.0142209 0.0130751 0.0137196 0.0132744 0.0108209 0.0072091 0.00385334
 3.53223e-11 1.66139e-09 5.41104e-08 1.22032e-06 1.90571e-05 0.000206077 0.00154311 0.00800181 0.0287423 0.071592 0.124178 0.152449 0.140383 0.113481 0.098056 0.0872639 0.0672064 0.0426232 0.0239448 0.0134565 0.00864345 0.00672 0.00546522 0.00386333 0.00216112
 3.33448e-11 1.56838e-09 5.10811e-08 1.15201e-06 1.79902e-05 0.000194539 0.00145671 0.00755375 0.027132 0.0675725 0.117147 0.143552 0.131391 0.104893 0.0904508 0.0841073 0.0728938 0.0567757 0.0403093 0.0254339 0.0140482 0.00730479 0.00405917 0.00240421 0.00130073
 3.477e-11 1.63542e-09 5.32645e-08 1.20125e-06 1.87592e-05 0.000202854 0.00151897 0.00787647 0.0282895 0.0704384 0.122002 0.14896 0.134603 0.103802 0.085086 0.0764126 0.0654023 0.0517623 0.0393676 0.0282531 0.0180937 0.0100154 0.00484249 0.0021478 0.000903261
 3.76315e-11 1.77001e-09 5.7648e-08 1.30011e-06 2.0303e-05 0.000219549 0.00164397 0.0085245 0.030615 0.0762093 0.131864 0.160371 0.142878 0.105852 0.0813334 0.0693784 0.0573575 0.0438999 0.0325991 0.0236096 0.0159651 0.00964184 0.00501331 0.00219471 0.000808616
 3.54857e-11 1.66908e-09 5.43608e-08 1.22597e-06 1.91453e-05 0.00020703 0.00155024 0.00803865 0.0288726 0.0718971 0.124574 0.152312 0.138289 0.1079 0.0894306 0.0793475 0.0646597 0.0468884 0.0324496 0.022202 0.014614 0.00890137 0.00481194 0.0022066 0.000827632
 3.72989e-11 1.75436e-09 5.71384e-08 1.28861e-06 2.01235e-05 0.000217608 0.00162944 0.0084492 0.0303452 0.0755437 0.130754 0.159218 0.142485 0.106916 0.0838535 0.0725303 0.0600326 0.0452741 0.0322898 0.0218708 0.013754 0.00796608 0.00418939 0.00192452 0.00073584
 3.73693e-11 1.75767e-09 5.72462e-08 1.29105e-06 2.01615e-05 0.000218019 0.00163252 0.0084652 0.0304031 0.075693 0.131046 0.159733 0.14345 0.108638 0.0861607 0.0743271 0.0600739 0.04355 0.0300526 0.0202219 0.0128133 0.00738801 0.00379057 0.00168878 0.000633
 3.8454e-11 1.80869e-09 5.89079e-08 1.32852e-06 2.07467e-05 0.000224347 0.0016799 0.00871083 0.0312844 0.0778784 0.13477 0.163992 0.146371 0.108959 0.08416 0.0714185 0.057588 0.0418177 0.0286643 0.0188861 0.0116499 0.00658151 0.00333458 0.00146675 0.000540248
 3.65238e-11 1.71791e-09 5.59511e-08 1.26184e-06 1.97054e-05 0.000213086 0.00159559 0.00827377 0.0297166 0.0739935 0.12817 0.156541 0.141589 0.109342 0.0892531 0.0783251 0.0633344 0.0453285 0.0304853 0.0197954 0.0120573 0.00669566 0.00332048 0.00143048 0.000517646
 3.37315e-11 1.58657e-09 5.16735e-08 1.16537e-06 1.81989e-05 0.000196796 0.00147361 0.0076414 0.0274472 0.0683614 0.118542 0.145383 0.13344 0.107177 0.0926656 0.0849201 0.0709077 0.0525945 0.036551 0.0240597 0.0145645 0.00796031 0.00387521 0.00163757 0.000581121
 3.58229e-11 1.68494e-09 5.48774e-08 1.23762e-06 1.93272e-05 0.000208997 0.00156497 0.00811496 0.0291458 0.0725682 0.125674 0.153367 0.138328 0.106095 0.0861016 0.0763319 0.0639926 0.0488341 0.0353498 0.0242305 0.0151587 0.0084515 0.00412968 0.00172905 0.000603915
 3.60514e-11 1.69569e-09 5.52274e-08 1.24552e-06 1.94505e-05 0.00021033 0.00157495 0.00816675 0.0293321 0.0730349 0.126502 0.154467 0.139599 0.107596 0.0877004 0.0772574 0.0633284 0.0466368 0.0327836 0.0224376 0.0143961 0.00832466 0.00420328 0.00179688 0.000632181
 3.33801e-11 1.57004e-09 5.11353e-08 1.15323e-06 1.80093e-05 0.000194746 0.00145826 0.00756182 0.0271615 0.0676514 0.117321 0.143935 0.132268 0.106559 0.0925005 0.0849656 0.0710355 0.0528737 0.0371568 0.0250624 0.0157879 0.00907628 0.00464235 0.00203397 0.000733779
 3.35499e-11 1.57803e-09 5.13953e-08 1.15909e-06 1.81009e-05 0.000195736 0.00146567 0.00760019 0.0272985 0.0679838 0.117838 0.144291 0.131715 0.104363 0.0888576 0.0814818 0.0696266 0.0540291 0.0397462 0.027638 0.0175946 0.0100805 0.00511924 0.00224044 0.000815295
 3.56086e-11 1.67486e-09 5.4549e-08 1.23022e-06 1.92116e-05 0.000207747 0.0015556 0.00806638 0.0289711 0.0721314 0.124905 0.152366 0.13723 0.10485 0.0846408 0.0749063 0.0630927 0.0488368 0.036356 0.0260182 0.0172039 0.0101912 0.00527729 0.00232511 0.000847138
 3.51971e-11 1.6555e-09 5.39186e-08 1.216e-06 1.89896e-05 0.000205346 0.00153763 0.00797325 0.0286376 0.0713106 0.123549 0.151018 0.136991 0.106661 0.0882676 0.0786194 0.0649018 0.048202 0.0343305 0.0239792 0.0158813 0.00960696 0.00512402 0.00232063 0.000862092
 3.50005e-11 1.64626e-09 5.36176e-08 1.20921e-06 1.88836e-05 0.000204199 0.00152904 0.00792874 0.0284778 0.0709132 0.122864 0.150198 0.136308 0.106288 0.0882674 0.0791176 0.0659965 0.0496043 0.0353723 0.0242306 0.0155493 0.00917924 0.00487115 0.00223355 0.000847071
 3.61576e-11 1.70068e-09 5.539e-08 1.24918e-06 1.95078e-05 0.000210949 0.00157958 0.00819076 0.029418 0.0732451 0.126841 0.154767 0.139506 0.106791 0.0862838 0.0759133 0.0628221 0.0470728 0.033595 0.0230795 0.0147793 0.00861355 0.00448256 0.00202374 0.000764183
 3.56244e-11 1.6756e-09 5.45732e-08 1.23076e-06 1.92201e-05 0.000207839 0.00155629 0.00807004 0.0289851 0.0721745 0.125036 0.15279 0.138452 0.107488 0.0885667 0.0786155 0.0646705 0.0476568 0.0333563 0.0226142 0.0143971 0.0083635 0.00432631 0.00193259 0.000720815
 3.42838e-11 1.61255e-09 5.25196e-08 1.18445e-06 1.84969e-05 0.000200018 0.00149773 0.00776645 0.0278957 0.069472 0.120423 0.147479 0.134688 0.106782 0.0907114 0.0822753 0.0685472 0.0510418 0.0359137 0.024218 0.0152088 0.00870504 0.00445229 0.00197224 0.000729729
 3.3855e-11 1.59238e-09 5.18627e-08 1.16963e-06 1.82655e-05 0.000197516 0.001479 0.00766932 0.0275469 0.0686034 0.118919 0.145647 0.13305 0.105586 0.0899408 0.0820726 0.0692204 0.0526037 0.0378958 0.0260191 0.0164791 0.00942022 0.00477587 0.00209054 0.000764792
 3.35369e-11 1.57742e-09 5.13754e-08 1.15864e-06 1.80939e-05 0.00019566 0.00146511 0.00759726 0.0272881 0.0679589 0.117802 0.144279 0.131805 0.104623 0.0892141 0.0816518 0.0693338 0.0533697 0.0391766 0.0275036 0.0178234 0.0103864 0.00532372 0.00233412 0.000849436
 3.51948e-11 1.6554e-09 5.39152e-08 1.21592e-06 1.89884e-05 0.000205333 0.00153753 0.00797271 0.0286352 0.0713004 0.123501 0.150823 0.136379 0.105321 0.0863195 0.0769484 0.0645611 0.0493697 0.0361893 0.0255883 0.0168468 0.0100276 0.00525117 0.00234192 0.00086096
 3.65247e-11 1.71795e-09 5.59524e-08 1.26187e-06 1.97059e-05 0.000213091 0.00159562 0.00827392 0.0297166 0.0739887 0.128128 0.156331 0.140894 0.107768 0.0868242 0.0758331 0.061836 0.0453 0.0316976 0.0217237 0.0141382 0.00844323 0.0044795 0.00203335 0.000760718
#obs surv len freq
 2.57273e-11 1.21009e-09 3.94118e-08 8.88837e-07 1.38805e-05 0.000150098 0.00112394 0.00582822 0.0209352 0.0521482 0.0904701 0.111161 0.102724 0.0841645 0.0756222 0.0736624 0.068786 0.0620018 0.0566703 0.0521013 0.0464966 0.0387511 0.0289105 0.018514 0.00976341
 9.08351e-16 4.28021e-14 1.40408e-12 3.25655e-11 5.64376e-10 8.5004e-09 1.34956e-07 2.16831e-06 2.87305e-05 0.000278337 0.00189539 0.00898305 0.0296159 0.0682738 0.111713 0.134619 0.129257 0.111701 0.0960409 0.0837584 0.0725443 0.0603235 0.0456579 0.0296346 0.0156724
 1.27152e-11 5.9806e-10 1.94784e-08 4.39288e-07 6.8601e-06 7.41819e-05 0.000555458 0.00287999 0.0103399 0.025706 0.044256 0.0528043 0.0440162 0.0277337 0.0217213 0.0374227 0.0726885 0.109397 0.126395 0.120008 0.101963 0.0815791 0.0604816 0.0391634 0.0208082
 5.15606e-11 2.42516e-09 7.89858e-08 1.78133e-06 2.7818e-05 0.000300811 0.00225241 0.0116786 0.0419305 0.104254 0.179555 0.214437 0.178321 0.104928 0.046314 0.0182346 0.00896639 0.00782477 0.010837 0.0149204 0.0167756 0.0153039 0.0116776 0.00750481 0.00395317
 3.14052e-11 1.47715e-09 4.81098e-08 1.085e-06 1.69438e-05 0.000183225 0.00137201 0.007115 0.0255629 0.0637311 0.110941 0.138072 0.133081 0.119503 0.115782 0.106857 0.0781132 0.0424158 0.0183437 0.00897637 0.00756366 0.00784076 0.00697595 0.00489084 0.00266098
 3.89644e-11 1.8327e-09 5.96898e-08 1.34616e-06 2.10222e-05 0.000227325 0.00170219 0.00882626 0.031697 0.0788845 0.13637 0.165277 0.145433 0.104103 0.0763375 0.0653215 0.0580592 0.0482867 0.0353878 0.0214201 0.0107133 0.00527201 0.00323169 0.00217885 0.00124831
 2.73024e-11 1.28417e-09 4.18247e-08 9.43252e-07 1.47303e-05 0.000159288 0.00119277 0.00618555 0.0222243 0.0554143 0.0965109 0.12034 0.11676 0.106693 0.106673 0.104255 0.0867676 0.0628525 0.0440951 0.0308455 0.0197941 0.0108268 0.00510587 0.00227729 0.00101223
 4.2929e-11 2.01917e-09 6.57631e-08 1.48312e-06 2.31611e-05 0.000250454 0.00187537 0.009724 0.0349176 0.0868665 0.149942 0.180653 0.155471 0.103676 0.0659132 0.049767 0.0428119 0.0370185 0.0301061 0.0219741 0.0142155 0.00819721 0.00414507 0.00179062 0.00066007
 3.57186e-11 1.68003e-09 5.47175e-08 1.23402e-06 1.9271e-05 0.000208389 0.00156042 0.00809152 0.0290638 0.0723845 0.125497 0.153808 0.140801 0.112103 0.0949054 0.0834701 0.0644375 0.0423227 0.0266465 0.0179556 0.0123274 0.00772405 0.00414312 0.00185108 0.000677993
 3.81925e-11 1.79639e-09 5.85073e-08 1.31949e-06 2.06057e-05 0.000222821 0.00166847 0.00865156 0.0310714 0.0773444 0.133823 0.162736 0.14493 0.107292 0.0824837 0.0707088 0.0588618 0.0446673 0.0313347 0.0201653 0.0118598 0.00656293 0.00341728 0.00157585 0.0006007
 3.89962e-11 1.8342e-09 5.97385e-08 1.34726e-06 2.10393e-05 0.00022751 0.00170359 0.00883363 0.0317253 0.0789726 0.136643 0.166174 0.148002 0.109474 0.0835847 0.0700802 0.0558424 0.0401165 0.0275048 0.0183785 0.0114338 0.00635367 0.00310928 0.00133098 0.000487529
 3.71252e-11 1.74619e-09 5.68723e-08 1.28261e-06 2.00299e-05 0.000216595 0.00162186 0.00840996 0.0302054 0.0752062 0.130242 0.158935 0.143315 0.109749 0.0884572 0.076922 0.0618577 0.0439814 0.0293002 0.0188483 0.011426 0.00634246 0.00313512 0.00133397 0.000473736
 4.10593e-11 1.93123e-09 6.28989e-08 1.41853e-06 2.21524e-05 0.000239546 0.0017937 0.00930079 0.0334012 0.0831263 0.143707 0.174183 0.153266 0.10943 0.078781 0.0635631 0.0506026 0.0369572 0.025477 0.0166443 0.00999039 0.00541288 0.00261574 0.00109836 0.000386783
 3.35239e-11 1.5768e-09 5.13554e-08 1.15819e-06 1.80869e-05 0.000195585 0.00146454 0.00759449 0.0272802 0.067959 0.117937 0.14508 0.134543 0.110789 0.0984101 0.0901218 0.0724731 0.0500251 0.0321259 0.0202119 0.0121288 0.00663914 0.00320881 0.00133138 0.000461213
 3.27092e-11 1.53848e-09 5.01073e-08 1.13005e-06 1.76473e-05 0.000190831 0.00142895 0.0074098 0.0266154 0.0662894 0.114948 0.140976 0.129415 0.104101 0.0906608 0.0847452 0.0736028 0.0577622 0.0420689 0.027994 0.016585 0.00876385 0.0041359 0.00170067 0.000586286
 3.72147e-11 1.7504e-09 5.70093e-08 1.28571e-06 2.00781e-05 0.000217117 0.00162576 0.00843008 0.0302761 0.0753669 0.130415 0.158655 0.141497 0.105174 0.0813632 0.0700753 0.0587775 0.0459125 0.0346388 0.0249483 0.0162964 0.00929439 0.0045287 0.00185639 0.000630175
 3.32599e-11 1.56438e-09 5.0951e-08 1.14907e-06 1.79444e-05 0.000194044 0.00145301 0.0075346 0.0270643 0.0674126 0.116932 0.143577 0.132308 0.107297 0.09373 0.0858021 0.0705957 0.0513286 0.0357061 0.0246682 0.0163325 0.00984562 0.00515563 0.00225032 0.000793876
 3.20746e-11 1.50864e-09 4.91353e-08 1.10812e-06 1.7305e-05 0.000187129 0.00140123 0.00726608 0.0260996 0.0650079 0.112749 0.138386 0.127378 0.103153 0.0905759 0.0849187 0.0736358 0.0578256 0.0427334 0.0295955 0.0188218 0.0109537 0.00573952 0.00259274 0.00096097
 3.43693e-11 1.61657e-09 5.26506e-08 1.1874e-06 1.8543e-05 0.000200517 0.00150146 0.00778569 0.0279636 0.0696272 0.120599 0.147261 0.133113 0.102763 0.0844277 0.0760969 0.0655052 0.0522627 0.0401664 0.0294058 0.0196788 0.0117326 0.00612687 0.002742 0.00102054
 3.637e-11 1.71067e-09 5.57154e-08 1.25652e-06 1.96224e-05 0.000212189 0.00158886 0.00823882 0.0295902 0.0736684 0.127539 0.155449 0.139579 0.105706 0.0840359 0.0732 0.060578 0.0459265 0.0337895 0.0244693 0.0167605 0.0104151 0.00565923 0.00259729 0.000977037
 3.39268e-11 1.59575e-09 5.19726e-08 1.17211e-06 1.83042e-05 0.000197935 0.00148214 0.0076856 0.0276058 0.0687534 0.119202 0.146103 0.133805 0.106833 0.0915238 0.083137 0.068771 0.0505997 0.0354257 0.0243006 0.0159554 0.00974806 0.00535257 0.00252266 0.000976302
 3.66802e-11 1.72526e-09 5.61905e-08 1.26724e-06 1.97898e-05 0.000213998 0.00160241 0.00830906 0.0298421 0.0742921 0.128595 0.156628 0.140295 0.105574 0.0833048 0.0727243 0.061101 0.0471586 0.03453 0.0238988 0.0152494 0.00890829 0.00471477 0.00218715 0.000849852
 3.62689e-11 1.70591e-09 5.55605e-08 1.25303e-06 1.95679e-05 0.000211599 0.00158445 0.00821599 0.0295089 0.0734734 0.127251 0.155332 0.140222 0.107731 0.0873533 0.076576 0.0624691 0.0457712 0.0321219 0.0221111 0.0143699 0.00848299 0.00443312 0.00200153 0.000758644
 3.54678e-11 1.66823e-09 5.43333e-08 1.22535e-06 1.91357e-05 0.000206925 0.00154945 0.00803457 0.0288579 0.0718577 0.124489 0.152134 0.137896 0.107157 0.0884879 0.0788513 0.0652809 0.0484786 0.0340177 0.0228986 0.0144241 0.00834277 0.00433361 0.00195019 0.000731848
 3.3858e-11 1.59252e-09 5.18673e-08 1.16974e-06 1.82671e-05 0.000197534 0.00147913 0.00767001 0.0275495 0.0686107 0.118937 0.145695 0.133176 0.105849 0.0903223 0.0824094 0.0693156 0.0524156 0.0375558 0.0256844 0.0162343 0.00928513 0.0047294 0.00208972 0.000774201
 3.39558e-11 1.59712e-09 5.20171e-08 1.17312e-06 1.83199e-05 0.000198104 0.0014834 0.0076921 0.0276283 0.0688012 0.119229 0.145871 0.132762 0.104365 0.0878657 0.0799776 0.0681299 0.0528667 0.0390858 0.0274911 0.01777 0.0103184 0.00527911 0.00231765 0.000847596
 3.31655e-11 1.55995e-09 5.08064e-08 1.14581e-06 1.78935e-05 0.000193494 0.00144888 0.00751314 0.0269863 0.0672093 0.116518 0.142779 0.130667 0.104198 0.0893934 0.0820696 0.0697132 0.0537279 0.0397229 0.0283409 0.0187976 0.0112327 0.00588451 0.00262125 0.000963227
 3.75867e-11 1.7679e-09 5.75792e-08 1.29856e-06 2.02788e-05 0.000219287 0.00164201 0.00851432 0.0305785 0.0761174 0.131699 0.160148 0.142608 0.105519 0.0809962 0.0692666 0.0576962 0.0445596 0.0331139 0.0236799 0.015773 0.00954374 0.0051041 0.00232693 0.000872033
 3.49438e-11 1.64359e-09 5.35306e-08 1.20725e-06 1.8853e-05 0.000203868 0.00152657 0.00791595 0.0284326 0.070807 0.122724 0.150239 0.137008 0.10814 0.0910425 0.0814137 0.0662395 0.0477046 0.0327903 0.0223632 0.014677 0.00889325 0.00479699 0.00221689 0.000845117
#pred catch len freq
 2.24639e-11 1.0566e-09 3.44126e-08 7.7609e-07 1.21198e-05 0.000131059 0.000981383 0.00508919 0.0182832 0.0455695 0.0792416 0.0982344 0.0935691 0.0824452 0.0807726 0.0822819 0.077472 0.0687253 0.0602874 0.0523129 0.044837 0.0383263 0.0319429 0.0241978 0.0152862
 1.12567e-11 5.29461e-10 1.72442e-08 3.889e-07 6.07328e-06 6.56755e-05 0.000491821 0.00255121 0.00917618 0.0229776 0.0406846 0.0538594 0.0621707 0.076551 0.0981451 0.110756 0.105611 0.0920709 0.0792325 0.0676426 0.0563992 0.045769 0.035561 0.0251722 0.0151063
 8.30953e-12 3.9084e-10 1.27294e-08 2.87081e-07 4.4832e-06 4.84803e-05 0.000363043 0.00188302 0.00677014 0.0169264 0.0297923 0.0386345 0.0423392 0.0492176 0.0642413 0.0824046 0.0986173 0.110015 0.111217 0.10052 0.0834076 0.0653641 0.0481251 0.0319957 0.0181121
 3.22273e-11 1.51582e-09 4.93693e-08 1.1134e-06 1.73873e-05 0.000188019 0.00140786 0.00729987 0.0262121 0.0652029 0.112503 0.135334 0.115802 0.0758986 0.0470939 0.0370784 0.0383868 0.0453703 0.0541854 0.0596958 0.0578946 0.0488886 0.0360664 0.0230694 0.012404
 4.27087e-11 2.00881e-09 6.54257e-08 1.47551e-06 2.30422e-05 0.000249169 0.00186575 0.00967425 0.0347405 0.0864416 0.149315 0.180394 0.156807 0.107658 0.0713113 0.0518885 0.0367989 0.0236953 0.0165817 0.0152981 0.0160691 0.0155507 0.0126769 0.00844571 0.00451432
 3.25542e-11 1.5312e-09 4.987e-08 1.12469e-06 1.75637e-05 0.000189928 0.00142219 0.007375 0.0264935 0.0660175 0.114691 0.141663 0.133196 0.113296 0.104266 0.0961375 0.0749664 0.0477766 0.0269355 0.0151833 0.00977055 0.0076014 0.006183 0.00437085 0.00244503
 3.06375e-11 1.44104e-09 4.69337e-08 1.05847e-06 1.65296e-05 0.000178745 0.00133845 0.00694067 0.0249321 0.062116 0.10784 0.132865 0.123916 0.103736 0.0951343 0.0916912 0.0805038 0.0630308 0.0448833 0.0283668 0.0156806 0.00815665 0.00453335 0.00268524 0.0014528
 3.19312e-11 1.50189e-09 4.89157e-08 1.10317e-06 1.72276e-05 0.000186293 0.00139496 0.0072336 0.0259827 0.0647162 0.112237 0.13773 0.126682 0.102392 0.0896563 0.0839156 0.0729382 0.0580804 0.0443237 0.0318671 0.0204235 0.0113081 0.00546814 0.00242541 0.00102003
 3.51296e-11 1.65233e-09 5.38153e-08 1.21367e-06 1.89532e-05 0.000204952 0.00153468 0.00795793 0.028582 0.0711666 0.123261 0.150489 0.135949 0.10472 0.0855156 0.0760993 0.0639543 0.0492562 0.036701 0.0266289 0.0180206 0.0108861 0.00566082 0.00247825 0.000913096
 3.29873e-11 1.55156e-09 5.05334e-08 1.13965e-06 1.77974e-05 0.000192454 0.0014411 0.00747288 0.0268426 0.0668628 0.115992 0.142487 0.131513 0.107092 0.0940876 0.0865082 0.0714253 0.0520688 0.0361547 0.0247872 0.0163306 0.0099501 0.00537943 0.00246693 0.000925282
 3.5035e-11 1.64788e-09 5.36704e-08 1.2104e-06 1.89022e-05 0.000204401 0.00153055 0.00793655 0.0285057 0.0709814 0.122973 0.150294 0.136273 0.106026 0.0878542 0.0788628 0.0662057 0.050201 0.0359109 0.0243642 0.0153336 0.00888355 0.00467239 0.00214649 0.00082072
 3.50946e-11 1.65068e-09 5.37617e-08 1.21246e-06 1.89343e-05 0.000204748 0.00153315 0.0079501 0.028555 0.0711097 0.123234 0.150793 0.137294 0.107934 0.0904544 0.0809138 0.0663015 0.0483222 0.0334517 0.0225516 0.0143017 0.00824875 0.00423265 0.00188581 0.000706862
 3.62441e-11 1.70475e-09 5.55226e-08 1.25217e-06 1.95545e-05 0.000211454 0.00158337 0.00821039 0.0294889 0.0734256 0.127181 0.155307 0.140394 0.108284 0.088351 0.0778581 0.0637 0.0465127 0.0319827 0.0211114 0.0130337 0.00736564 0.0037323 0.00164176 0.000604718
 3.42974e-11 1.61319e-09 5.25404e-08 1.18492e-06 1.85042e-05 0.000200097 0.00149833 0.00776959 0.0279076 0.0695078 0.120527 0.147804 0.135607 0.10875 0.0936059 0.0849298 0.06953 0.0500066 0.033733 0.0219452 0.0133784 0.00743178 0.00368597 0.001588 0.000574657
 3.17172e-11 1.49183e-09 4.85878e-08 1.09578e-06 1.71121e-05 0.000185044 0.00138562 0.00718526 0.0258106 0.0643026 0.111623 0.137459 0.127965 0.106501 0.0964011 0.0907267 0.0764895 0.0569603 0.0396835 0.0261605 0.0158472 0.00866373 0.00421808 0.00178253 0.000632572
 3.37422e-11 1.58707e-09 5.16899e-08 1.16574e-06 1.82046e-05 0.000196858 0.00147407 0.00764376 0.0274551 0.0683747 0.118522 0.145159 0.132602 0.105243 0.0897279 0.0821064 0.0696559 0.0534039 0.0387599 0.026607 0.0166563 0.00928877 0.00453923 0.00190059 0.000663841
 3.37762e-11 1.58867e-09 5.1742e-08 1.16691e-06 1.8223e-05 0.000197056 0.00147556 0.00765151 0.0274834 0.0684501 0.118686 0.145513 0.133407 0.106814 0.0918784 0.0837372 0.069515 0.051451 0.0362775 0.0248732 0.0159714 0.00923826 0.00466504 0.00199435 0.000701665
 3.11187e-11 1.46368e-09 4.7671e-08 1.0751e-06 1.67892e-05 0.000181553 0.00135948 0.00704971 0.0253241 0.0630944 0.109552 0.135032 0.126099 0.105749 0.0966111 0.091387 0.0772185 0.0577295 0.040682 0.0274859 0.0173277 0.00996432 0.0050971 0.00223329 0.000805698
 3.10886e-11 1.46226e-09 4.76248e-08 1.07406e-06 1.6773e-05 0.000181377 0.00135816 0.00704281 0.0252985 0.0630229 0.109375 0.134568 0.124896 0.10325 0.0929898 0.088163 0.0762588 0.0594695 0.0438757 0.0305588 0.0194679 0.0111568 0.00566641 0.00248001 0.000902487
 3.32968e-11 1.56612e-09 5.10076e-08 1.15035e-06 1.79644e-05 0.00019426 0.00145462 0.00754287 0.0270927 0.0674719 0.116955 0.143232 0.130815 0.103779 0.0884722 0.0811038 0.0692237 0.0538617 0.0402139 0.0288248 0.0190725 0.0113009 0.00585244 0.00257859 0.000939505
 3.28838e-11 1.54669e-09 5.03749e-08 1.13608e-06 1.77415e-05 0.00019185 0.00143658 0.0074494 0.026758 0.0666488 0.1156 0.141905 0.130663 0.105792 0.0923999 0.0850852 0.0711089 0.0530739 0.0379145 0.0265293 0.0175838 0.0106398 0.00567542 0.00257044 0.000954904
 3.28137e-11 1.5434e-09 5.02675e-08 1.13366e-06 1.77037e-05 0.000191441 0.00143351 0.00743352 0.0267009 0.066506 0.115348 0.141579 0.130312 0.105436 0.0921385 0.0852248 0.0719214 0.0543093 0.0388345 0.0266448 0.0171108 0.0101037 0.00536227 0.00245882 0.000932518
 3.39659e-11 1.59759e-09 5.20326e-08 1.17347e-06 1.83254e-05 0.000198163 0.00148385 0.00769445 0.0276372 0.0688284 0.11931 0.146131 0.133503 0.105952 0.0901849 0.0820501 0.06876 0.0517772 0.0370586 0.0255008 0.0163416 0.00952668 0.00495824 0.00223858 0.000845317
 3.34782e-11 1.57465e-09 5.12855e-08 1.15662e-06 1.80622e-05 0.000195318 0.00146254 0.00758403 0.0272413 0.0678498 0.117663 0.144345 0.132611 0.106751 0.0925114 0.0847379 0.0705232 0.0522117 0.0366474 0.0248869 0.0158559 0.00921349 0.00476647 0.00212929 0.000794188
 3.2159e-11 1.5126e-09 4.92646e-08 1.11104e-06 1.73505e-05 0.000187622 0.00140492 0.00728528 0.0261693 0.0651902 0.113123 0.139113 0.128891 0.10602 0.0945721 0.0883082 0.0743585 0.055609 0.0392315 0.0264971 0.0166519 0.00953362 0.00487656 0.00216026 0.000799306
 3.15356e-11 1.48329e-09 4.83096e-08 1.0895e-06 1.70142e-05 0.000183985 0.00137769 0.00714408 0.0256623 0.0639291 0.110947 0.1365 0.126673 0.104646 0.093996 0.0885121 0.0755124 0.0576546 0.041652 0.0286444 0.018155 0.010381 0.00526351 0.00230408 0.000842926
 3.13636e-11 1.4752e-09 4.80462e-08 1.08356e-06 1.69214e-05 0.000182981 0.00137017 0.00710511 0.0255221 0.0635787 0.11033 0.135698 0.125795 0.103665 0.0928936 0.0875633 0.0751589 0.0581089 0.0427677 0.0300691 0.0194984 0.0113653 0.00582596 0.00255441 0.000929614
 3.33411e-11 1.56821e-09 5.10755e-08 1.15188e-06 1.79883e-05 0.000194518 0.00145655 0.00755293 0.027129 0.0675643 0.117129 0.143505 0.131258 0.104514 0.0894705 0.0819922 0.0695073 0.0533703 0.0392146 0.027764 0.0182896 0.0108887 0.00570253 0.00254328 0.000934998
 3.47839e-11 1.63607e-09 5.32857e-08 1.20172e-06 1.87667e-05 0.000202935 0.00151958 0.00787971 0.0283022 0.0704808 0.122148 0.149482 0.136159 0.107175 0.0900259 0.0807895 0.0665535 0.0489522 0.0343353 0.0235648 0.0153461 0.0091667 0.00486371 0.00220781 0.000825995
#obs catch len freq
 2.0384e-11 9.58766e-10 3.12264e-08 7.04234e-07 1.09976e-05 0.000118925 0.00089052 0.00461803 0.0165911 0.0413567 0.0719484 0.0893482 0.0856112 0.0765329 0.0765221 0.0798476 0.0782307 0.0740747 0.0703362 0.0651129 0.0566783 0.0456276 0.0334312 0.0215358 0.0115754
 2.33839e-11 1.09987e-09 3.5822e-08 8.07877e-07 1.26162e-05 0.000136427 0.00102157 0.00529751 0.0190305 0.04742 0.0823779 0.10174 0.0956943 0.0818801 0.0776154 0.0778759 0.0734629 0.0664608 0.0608523 0.0559907 0.0499829 0.0416613 0.0310829 0.0199054 0.0104973
 7.74706e-16 3.65159e-14 1.19931e-12 2.79444e-11 4.92029e-10 7.71027e-09 1.28807e-07 2.13165e-06 2.85306e-05 0.000277167 0.00188878 0.00895343 0.0295206 0.0680611 0.111391 0.134304 0.129097 0.111743 0.0962181 0.0839829 0.0727635 0.0605131 0.0458033 0.0297294 0.0157226
 1.12133e-11 5.27421e-10 1.71778e-08 3.87402e-07 6.04982e-06 6.542e-05 0.000489851 0.00253983 0.00911864 0.0226698 0.0390294 0.0465758 0.0388891 0.0248876 0.0209465 0.0382405 0.0749921 0.112974 0.130547 0.123962 0.105333 0.084282 0.0624879 0.0404632 0.0214989
 5.05727e-11 2.3787e-09 7.74726e-08 1.7472e-06 2.72851e-05 0.000295048 0.00220926 0.0114549 0.0411275 0.10226 0.176134 0.210415 0.175188 0.103563 0.046451 0.0190587 0.00991289 0.00892154 0.0124347 0.0171333 0.0192658 0.017576 0.0134115 0.00861918 0.00454018
 2.92598e-11 1.37624e-09 4.48232e-08 1.01088e-06 1.57863e-05 0.000170708 0.00127829 0.0066292 0.0238202 0.0594128 0.103605 0.129789 0.127756 0.119899 0.121363 0.114339 0.0841231 0.0457686 0.0198195 0.00972085 0.00820647 0.00851098 0.0075727 0.00530927 0.00288864
 3.70513e-11 1.74272e-09 5.67591e-08 1.28006e-06 1.999e-05 0.000216163 0.00161862 0.00839301 0.0301424 0.0750276 0.129785 0.157692 0.140043 0.103053 0.0793344 0.0704871 0.0635616 0.0530912 0.0389678 0.0236023 0.0118086 0.00581227 0.00356343 0.00240267 0.00137656
 2.52436e-11 1.18734e-09 3.86708e-08 8.72124e-07 1.36195e-05 0.000147277 0.00110284 0.00571933 0.0205515 0.0512662 0.0894426 0.112258 0.111219 0.106117 0.110635 0.110243 0.0923337 0.0670565 0.0471261 0.0330011 0.0211872 0.0115908 0.00546652 0.00243823 0.00108379
 4.13205e-11 1.94352e-09 6.32991e-08 1.42756e-06 2.22933e-05 0.00024107 0.00180511 0.00935974 0.0336105 0.0836228 0.144399 0.174242 0.150829 0.102538 0.0680156 0.0536181 0.0470286 0.0408936 0.0333133 0.0243301 0.0157438 0.00907967 0.00459158 0.00198356 0.000731202
 3.38628e-11 1.59274e-09 5.18745e-08 1.1699e-06 1.82697e-05 0.000197562 0.00147935 0.00767126 0.0275561 0.0686467 0.119134 0.146566 0.135946 0.111893 0.0989246 0.0892481 0.069514 0.0457984 0.028888 0.0194905 0.0133888 0.00839059 0.00450089 0.00201097 0.000736559
 3.65348e-11 1.71842e-09 5.59678e-08 1.26222e-06 1.97113e-05 0.00021315 0.00159606 0.00827616 0.0297244 0.0740038 0.128127 0.156206 0.140399 0.106685 0.0854943 0.0754603 0.0635074 0.0483607 0.0339746 0.0218799 0.0128726 0.00712449 0.00370993 0.00171085 0.000652165
 3.74125e-11 1.7597e-09 5.73124e-08 1.29254e-06 2.01849e-05 0.000218271 0.00163441 0.008475 0.0304385 0.0757818 0.131206 0.159959 0.143748 0.109055 0.0866794 0.0747626 0.0602155 0.0434098 0.0298095 0.019935 0.0124066 0.00689521 0.00337447 0.00144453 0.000529124
 3.54967e-11 1.6696e-09 5.43777e-08 1.22635e-06 1.91513e-05 0.000207094 0.00155072 0.00804119 0.0288823 0.0719255 0.124653 0.152552 0.138965 0.109374 0.0917273 0.0818331 0.0664197 0.0473699 0.0316037 0.0203468 0.0123391 0.00685033 0.00338635 0.0014409 0.000511713
 3.95506e-11 1.86027e-09 6.05877e-08 1.36641e-06 2.13384e-05 0.000230744 0.0017278 0.00895914 0.0321754 0.0800865 0.138526 0.168256 0.149192 0.108985 0.0816699 0.0679956 0.054813 0.0401921 0.0277517 0.0181447 0.0108949 0.00590378 0.00285313 0.00119807 0.0004219
 3.1931e-11 1.50188e-09 4.89152e-08 1.10316e-06 1.72275e-05 0.000186292 0.00139496 0.00723378 0.0259861 0.0647504 0.112474 0.138853 0.130341 0.110537 0.101777 0.0950695 0.0769671 0.0532496 0.0342395 0.0215586 0.0129418 0.00708514 0.00342453 0.00142091 0.00049223
 3.11204e-11 1.46376e-09 4.76736e-08 1.07516e-06 1.67902e-05 0.000181562 0.00135955 0.00705002 0.0253245 0.0630874 0.109487 0.134707 0.125034 0.103432 0.0934146 0.0891759 0.0780112 0.0613672 0.0447424 0.029789 0.0176528 0.00932903 0.00440281 0.00181045 0.000624135
 3.55699e-11 1.67304e-09 5.44898e-08 1.22888e-06 1.91908e-05 0.000207521 0.00155391 0.00805762 0.0289397 0.0720518 0.12476 0.152158 0.136941 0.104429 0.0841157 0.0745114 0.0631583 0.0495015 0.0373995 0.0269547 0.0176119 0.0100457 0.00489497 0.00200656 0.000681159
 3.15148e-11 1.4823e-09 4.82776e-08 1.08878e-06 1.70029e-05 0.000183863 0.00137678 0.00713942 0.0256464 0.0638964 0.11094 0.13672 0.127592 0.10677 0.0970367 0.0908481 0.0753278 0.0549167 0.0382566 0.0264519 0.0175197 0.0105627 0.00553139 0.00241437 0.000851754
 3.02235e-11 1.42157e-09 4.62995e-08 1.04417e-06 1.63062e-05 0.00017633 0.00132036 0.00684688 0.0245954 0.0612768 0.106384 0.131073 0.122248 0.102315 0.0936849 0.0899529 0.0786419 0.0619305 0.0458291 0.0317619 0.0202061 0.0117609 0.00616282 0.00278402 0.00103187
 3.26002e-11 1.53335e-09 4.99404e-08 1.12628e-06 1.75885e-05 0.000190195 0.00142418 0.00738505 0.026526 0.0660609 0.114513 0.14026 0.128169 0.101865 0.0872432 0.0807281 0.0701473 0.0561402 0.0432058 0.0316521 0.021188 0.0126337 0.00659772 0.00295277 0.001099
 3.47416e-11 1.63408e-09 5.32209e-08 1.20027e-06 1.87439e-05 0.000202689 0.00151773 0.00787007 0.028267 0.0703867 0.121942 0.149026 0.135099 0.105035 0.0868523 0.077652 0.0648789 0.0493414 0.0363529 0.026344 0.0180499 0.0112175 0.00609545 0.00279753 0.00105237
 3.21767e-11 1.51344e-09 4.92917e-08 1.11165e-06 1.73601e-05 0.000187725 0.00140569 0.0072893 0.0261839 0.0652271 0.113191 0.13922 0.129055 0.106257 0.0947742 0.0881465 0.0735168 0.054244 0.0380314 0.0261088 0.0171488 0.0104786 0.00575397 0.00271189 0.00104954
 3.5039e-11 1.64806e-09 5.36764e-08 1.21054e-06 1.89043e-05 0.000204423 0.00153072 0.0079374 0.0285085 0.0709844 0.122953 0.150151 0.135769 0.104879 0.0861301 0.0772426 0.0655421 0.0507478 0.0372086 0.0257699 0.0164481 0.00960965 0.0050862 0.0023595 0.000916824
 3.46039e-11 1.6276e-09 5.301e-08 1.19551e-06 1.86696e-05 0.000201886 0.00151172 0.00783896 0.0281561 0.0701186 0.121533 0.148787 0.135712 0.107203 0.0904735 0.0813658 0.0669923 0.0492366 0.0346043 0.0238386 0.0154979 0.00915004 0.00478193 0.00215905 0.000818355
 3.37435e-11 1.58713e-09 5.16918e-08 1.16578e-06 1.82054e-05 0.000196865 0.00147413 0.00764409 0.0274568 0.0683831 0.118566 0.145351 0.133211 0.106582 0.0916862 0.0838056 0.070014 0.0521512 0.0366474 0.0246879 0.0155566 0.00899907 0.00467477 0.00210376 0.000789484
 3.20819e-11 1.50898e-09 4.91465e-08 1.10838e-06 1.73089e-05 0.000187172 0.00140155 0.0072678 0.0261064 0.0650315 0.112834 0.1387 0.128322 0.105194 0.0935216 0.0874246 0.0741595 0.0562403 0.0403529 0.0276181 0.0174624 0.00998887 0.00508812 0.00224827 0.000832948
 3.22127e-11 1.51513e-09 4.93468e-08 1.1129e-06 1.73795e-05 0.000187935 0.00140726 0.00729737 0.026212 0.0652881 0.113236 0.138991 0.127949 0.103612 0.0908407 0.0847434 0.0728166 0.0566672 0.0419521 0.0295273 0.019092 0.0110873 0.00567275 0.00249051 0.000910821
 3.15037e-11 1.48178e-09 4.82606e-08 1.0884e-06 1.69969e-05 0.000183798 0.00137629 0.0071368 0.0256359 0.0638599 0.110805 0.136221 0.126084 0.103491 0.0922402 0.086607 0.0741438 0.057293 0.0424117 0.0302787 0.0200884 0.0120052 0.00628944 0.00280167 0.00102953
 3.59838e-11 1.69251e-09 5.51238e-08 1.24318e-06 1.94141e-05 0.000209936 0.00157199 0.00815135 0.0292761 0.0728869 0.126189 0.15382 0.138175 0.104809 0.0837015 0.0736075 0.0619588 0.0480127 0.03573 0.0255678 0.0170353 0.0103086 0.00551338 0.00251355 0.000941975
#spawning biomass
 26327.5 25026.3 18842.3 13414.1 15305.4 27848.1 39036.6 46755.7 62970.8 82154.2 99166 115268 138694 170538 187748 159985 153452 165441 156684 164961 173992 182997 179081 185875 183333 167190 164991 147913 119096 99342.3 128435 85632.8 54052.8 36455.3 27735.7 23702.4 21915.4 21145.6 20820.1 20684.2 20628 20604.8 20595.3 20591.4 20589.9 20589.2 20589 20588.9 20588.8 20588.8 20588.8 20588.8 20588.8 20588.8 20588.8 20588.8 20588.8 20588.8 20588.8 20588.8 20588.8 20588.8 20588.8 20588.8 20588.8 20588.8 20588.8 20588.8 20588.8 20588.8 20588.8 20588.8 20588.8 20588.8 20588.8 20588.8 20588.8 20588.8 20588.8 20588.8 20588.8 20588.8 20588.8 20588.8 20588.8 20588.8 20588.8 20588.8 20588.8 20588.8 20588.8 20588.8 20588.8 20588.8 20588.8 20588.8 20588.8 20588.8 20588.8 20588.8 20588.8 20588.8 20588.8 20588.8 20588.8 20588.8 20588.8 20588.8 20588.8 20588.8 20588.8 20588.8 20588.8 20588.8 20588.8 20588.8 20588.8 20588.8 20588.8 20588.8 20588.8 20588.8 20588.8 20588.8 20588.8 20588.8 20588.8 20588.8 20588.8 0 0 0 0 0 0 0 0 0 0 0 0 0 0 0 0 0 0 0 0 0 0 0 0 0
