SBPRF35
0.283263
Curr Bio
298740
B35
468865
F35
0.354661
FOFL
0.186633
OFL
58601.4
Bzero
80932.3
#pred survey bio
 84005.6 79842.9 63022.5 51090.6 74448.3 109877 160827 231149 289117 329900 336009 391192 416389 368492 390169 398273 373411 347783 358719 371659 367384 356706 404983 421085 461071 459853 478586 465665 1.48422e+07 8.81672e+06 6.63017e+06 4.53132e+06 3.02902e+06 2.08515e+06 1.53054e+06 1.21529e+06 1.03825e+06 938583 881756 848703 829009 816970 809423 804575 801425 799344 797952 797011 796371 795934 795633 795426 795283 795185 795117 795069 795037 795014 794998 794988 794980 794975 794971 794969 794967 794966 794965 794964 794964 794964 794964 794963 794963 794963 794963 794963 794963 794963 794963 794963 794963 794963 794963 794963 794963 794963 794963 794963 794963 794963 794963 794963 794963 794963 794963 794963 794963 794963 794963 794963 794963 794963 794963 794963 794963 794963 794963 794963 794963 794963 794963 794963 794963 794963 794963 794963 794963 794963 794963 794963 794963 794963 794963 794963 794963 794963 794963 794963 0 0 0 0 0 0 0 0 0 0 0 0 0 0 0 0 0 0 0 0 0 0 0 0 0
#obs survey bio
 72569.1 50635 52609 82892.4 97650.7 154903 204624 323419 240164 237534 468380 265877 461678 285355 280246 418438 300432 428234 345976 319893 385372 302597 333926 543721 513616 531521 413849 373763
#pred catch bio
 12945.8 15171.5 14646.6 10586 18742.8 29088.6 40503.7 73755 103583 140524 123197 171388 219349 171472 197241 212923 195430 158185 158994 176034 183211 156532 188597 178219 218522 216963 239439 257343 58601.4 103896 75869.5 50062.5 32193.6 21388.1 15337.6 12106.3 10432.4 9582.43 9156.68 8945.38 8841.16 8789.98 8764.91 8752.65 8746.69 8743.79 8742.39 8741.7 8741.37 8741.21 8741.13 8741.09 8741.07 8741.06 8741.06 8741.05 8741.05 8741.05 8741.05 8741.05 8741.05 8741.05 8741.05 8741.05 8741.05 8741.05 8741.05 8741.05 8741.05 8741.05 8741.05 8741.05 8741.05 8741.05 8741.05 8741.05 8741.05 8741.05 8741.05 8741.05 8741.05 8741.05 8741.05 8741.05 8741.05 8741.05 8741.05 8741.05 8741.05 8741.05 8741.05 8741.05 8741.05 8741.05 8741.05 8741.05 8741.05 8741.05 8741.05 8741.05 8741.05 8741.05 8741.05 8741.05 8741.05 8741.05 8741.05 8741.05 8741.05 8741.05 8741.05 8741.05 8741.05 8741.05 8741.05 8741.05 8741.05 8741.05 8741.05 8741.05 8741.05 8741.05 8741.05 8741.05 8741.05 8741.05 8741.05 8741.05 0 0 0 0 0 0 0 0 0 0 0 0 0 0 0 0 0 0 0 0 0 0 0 0 0
#obs catch bio
 11292.3 16007.6 16026.9 10713.5 18459.2 27808.6 37507.8 69917.6 101448 142207 113918 171596 212640 168975 214544 219337 206759 154572 153484 179273 185552 158585 200240 169759 207022 213827 247679 259228
#pred cpue bio
 82522.3 79176.6 62831 50159.8 71080.8 105980 154848 223167 279372 319071 324454 377573 400729 354640 374868 381670 358481 334386 345869 358340 353718 342810 389021 405304 444506 442557 459844 447779 1.42154e+07 8.80678e+06 6.61541e+06 4.51634e+06 3.01404e+06 2.07017e+06 1.51555e+06 1.2003e+06 1.02326e+06 923598 866772 833718 814025 801986 794439 789591 786440 784360 782967 782027 781387 780949 780649 780442 780299 780201 780132 780085 780053 780030 780014 780003 779996 779991 779987 779985 779983 779982 779981 779980 779980 779979 779979 779979 779979 779979 779979 779979 779979 779979 779979 779979 779979 779979 779979 779979 779979 779979 779979 779979 779979 779979 779979 779979 779979 779979 779979 779979 779979 779979 779979 779979 779979 779979 779979 779979 779979 779979 779979 779979 779979 779979 779979 779979 779979 779979 779979 779979 779979 779979 779979 779979 779979 779979 779979 779979 779979 779979 779979 779979 0 0 0 0 0 0 0 0 0 0 0 0 0 0 0 0 0 0 0 0 0 0 0 0 0
#obs cpue bio
 109924 60700.3 36796.4 56161.7 99751.2 114217 196853 158255 269012 400184 433236 384266 498042 406422 289080 403559 329301 363338 430491 322929 341660 343466 346185 541389 519050 335868 404157 608889
#pred surv len freq
 2.61233e-11 1.22871e-09 4.00184e-08 9.02515e-07 1.40941e-05 0.000152408 0.00114124 0.00591804 0.0212589 0.0529669 0.0919726 0.113393 0.106015 0.0893464 0.0829063 0.081405 0.0743579 0.0635132 0.05331 0.0441578 0.0360847 0.0295278 0.0238194 0.0176861 0.0110527
 1.48726e-11 6.99538e-10 2.27835e-08 5.13825e-07 8.02415e-06 8.67712e-05 0.000649778 0.00337013 0.0121153 0.0302743 0.0531767 0.0684234 0.0731206 0.0803754 0.0958193 0.105866 0.101179 0.0887561 0.0758858 0.0630159 0.050174 0.0385374 0.0284408 0.0193736 0.0113517
 6.91189e-12 3.25102e-10 1.05884e-08 2.38795e-07 3.72915e-06 4.03265e-05 0.000301994 0.00156657 0.00563528 0.0141175 0.025042 0.033375 0.0393195 0.050495 0.0694888 0.0891075 0.104227 0.113943 0.114284 0.102935 0.0842026 0.0637344 0.0446316 0.028206 0.0153419
 3.00941e-11 1.41548e-09 4.61013e-08 1.0397e-06 1.62364e-05 0.000175573 0.00131466 0.00681659 0.0244761 0.0608777 0.104994 0.126086 0.107212 0.0689226 0.0415314 0.0338486 0.0394393 0.0513023 0.0634247 0.0699087 0.067099 0.0556465 0.0398382 0.0244661 0.0126028
 4.48136e-11 2.10782e-09 6.86503e-08 1.54823e-06 2.41779e-05 0.000261449 0.0019577 0.0101508 0.0364496 0.0906716 0.156466 0.188302 0.161308 0.105611 0.0631638 0.0414753 0.0283675 0.0191022 0.0154203 0.0164382 0.0183476 0.0179045 0.0143919 0.00934654 0.00483873
 3.62972e-11 1.70725e-09 5.56039e-08 1.25401e-06 1.95831e-05 0.000211764 0.00158569 0.00822257 0.0295342 0.0735542 0.12751 0.156208 0.142779 0.113211 0.0952306 0.0831224 0.063079 0.0392667 0.0217498 0.0126822 0.00922086 0.00812924 0.0069807 0.00496341 0.00273684
 3.76428e-11 1.77054e-09 5.76653e-08 1.30049e-06 2.03091e-05 0.000219614 0.00164446 0.00852708 0.0306245 0.076236 0.13193 0.16055 0.143362 0.106956 0.0833289 0.0722791 0.0606853 0.046308 0.0322783 0.0201007 0.01117 0.00614774 0.00380134 0.00245348 0.00137514
 3.6005e-11 1.6935e-09 5.51563e-08 1.24391e-06 1.94255e-05 0.000210059 0.00157292 0.00815622 0.0292942 0.0729403 0.126336 0.154253 0.139372 0.107356 0.0874607 0.0771272 0.0634889 0.0471782 0.033522 0.0229232 0.0143068 0.0078784 0.00390932 0.00185148 0.000843488
 3.56526e-11 1.67693e-09 5.46165e-08 1.23174e-06 1.92354e-05 0.000208004 0.00155753 0.00807639 0.0290074 0.0722254 0.125092 0.152709 0.137903 0.106115 0.0865002 0.0767987 0.0642093 0.0487326 0.0351494 0.0242228 0.0154364 0.00885683 0.00447432 0.00196036 0.000745852
 3.51638e-11 1.65394e-09 5.38676e-08 1.21485e-06 1.89716e-05 0.000205152 0.00153617 0.00796568 0.0286102 0.0712397 0.123408 0.150764 0.136501 0.105776 0.0870917 0.0777622 0.0650692 0.0494301 0.0358871 0.0250771 0.016273 0.00952474 0.00490513 0.00216027 0.000793428
 3.61896e-11 1.70219e-09 5.54391e-08 1.25029e-06 1.95251e-05 0.000211136 0.00158098 0.00819799 0.0294437 0.0733064 0.126929 0.154787 0.139249 0.10603 0.0850544 0.0746765 0.0621573 0.0471912 0.0342894 0.0240216 0.0156941 0.00930262 0.00487152 0.00217931 0.000805379
 3.63668e-11 1.71052e-09 5.57105e-08 1.25641e-06 1.96207e-05 0.00021217 0.00158872 0.00823813 0.0295879 0.073666 0.127555 0.155566 0.139998 0.10668 0.0855941 0.0749342 0.0618806 0.0463743 0.0332491 0.0231139 0.0150819 0.00897365 0.00473808 0.00214441 0.000802188
 3.79375e-11 1.7844e-09 5.81167e-08 1.31068e-06 2.04681e-05 0.000221334 0.00165734 0.00859384 0.0308643 0.0768329 0.132963 0.161804 0.144459 0.107641 0.0833569 0.0711185 0.0579874 0.0430137 0.0304529 0.0208715 0.0134393 0.00792314 0.00417116 0.00189357 0.000713399
 3.76317e-11 1.77001e-09 5.76482e-08 1.30011e-06 2.03031e-05 0.00021955 0.00164398 0.00852463 0.0306165 0.0762235 0.13196 0.160823 0.144351 0.109148 0.0863156 0.0741952 0.0596365 0.0427933 0.0290935 0.0193022 0.0121558 0.00704657 0.0036613 0.00164839 0.000619246
 3.85721e-11 1.81425e-09 5.90888e-08 1.3326e-06 2.08105e-05 0.000225036 0.00168506 0.00873757 0.0313803 0.0781159 0.135173 0.164443 0.146649 0.108906 0.0838183 0.0710123 0.0573416 0.0417701 0.0286814 0.0188376 0.0115261 0.00645362 0.00325578 0.0014355 0.000532036
 3.9792e-11 1.87163e-09 6.09577e-08 1.37475e-06 2.14687e-05 0.000232153 0.00173835 0.00901385 0.0323719 0.0805773 0.139384 0.16934 0.150281 0.110012 0.0825642 0.0683461 0.0541203 0.0385595 0.0259641 0.0169159 0.0103322 0.00573602 0.00283391 0.00121515 0.000438615
 3.86585e-11 1.81831e-09 5.92211e-08 1.33558e-06 2.08571e-05 0.00022554 0.00168883 0.00875719 0.0314513 0.0782979 0.135523 0.165035 0.147705 0.110758 0.0863512 0.0731908 0.0578946 0.0404554 0.0264232 0.0166904 0.00994522 0.00542531 0.00264531 0.00111816 0.000396141
 3.79281e-11 1.78396e-09 5.81023e-08 1.31035e-06 2.0463e-05 0.000221279 0.00165693 0.00859177 0.0308576 0.0768229 0.132992 0.162057 0.145382 0.109775 0.0866632 0.0744955 0.0599734 0.0429619 0.0287206 0.0182393 0.0106976 0.00567804 0.00269256 0.00111247 0.000386961
 3.6499e-11 1.71674e-09 5.59131e-08 1.26098e-06 1.9692e-05 0.000212942 0.0015945 0.00826813 0.0296961 0.0739401 0.128062 0.156334 0.141168 0.108558 0.0881983 0.0775375 0.0634373 0.0463612 0.0318263 0.0207795 0.0124619 0.00668175 0.00314953 0.00127732 0.000434084
 3.67399e-11 1.72807e-09 5.62821e-08 1.2693e-06 1.9822e-05 0.000214347 0.00160502 0.00832264 0.0298913 0.0744203 0.128854 0.157114 0.141277 0.107421 0.0859225 0.0751086 0.0620163 0.0463399 0.0327653 0.0220356 0.0135966 0.00748947 0.00360569 0.00147749 0.000501136
 3.75615e-11 1.76671e-09 5.75407e-08 1.29769e-06 2.02652e-05 0.00021914 0.00164091 0.0085087 0.030559 0.0760772 0.131685 0.160388 0.143642 0.107976 0.0847592 0.0729132 0.0594512 0.043879 0.0308377 0.0209185 0.0132043 0.0074953 0.00371974 0.00156439 0.000540684
 3.84519e-11 1.8086e-09 5.89048e-08 1.32845e-06 2.07457e-05 0.000224335 0.00167981 0.00871037 0.0312828 0.0778744 0.134763 0.163984 0.146366 0.108951 0.0841201 0.0712935 0.0573545 0.0415705 0.0285826 0.0190439 0.0119268 0.00680552 0.00343717 0.00148193 0.000525671
 3.86113e-11 1.81609e-09 5.91489e-08 1.33395e-06 2.08316e-05 0.000225265 0.00168677 0.00874646 0.0314124 0.078197 0.135322 0.164663 0.146971 0.109393 0.0844264 0.071457 0.0572936 0.0412293 0.0279989 0.0183388 0.0112643 0.00632131 0.00316779 0.00137084 0.000492769
 3.74376e-11 1.76089e-09 5.7351e-08 1.29341e-06 2.01984e-05 0.000218418 0.0016355 0.0084807 0.030459 0.0758336 0.1313 0.160095 0.143939 0.109353 0.0871382 0.0753604 0.0608025 0.0436859 0.0295024 0.0191556 0.0116181 0.00641297 0.00315835 0.00134845 0.00048179
 3.66764e-11 1.72508e-09 5.61849e-08 1.26711e-06 1.97877e-05 0.000213977 0.00160225 0.00830829 0.02984 0.0742953 0.128655 0.156957 0.141405 0.108072 0.0870535 0.0762603 0.0626192 0.0461803 0.0320585 0.0211599 0.0128664 0.00705178 0.00342923 0.00144224 0.000508015
 3.77775e-11 1.77687e-09 5.78715e-08 1.30515e-06 2.03818e-05 0.0002204 0.00165035 0.00855761 0.0307344 0.0765121 0.132425 0.16123 0.144206 0.108003 0.0843219 0.0723439 0.0590656 0.0437225 0.0307238 0.0206859 0.0128711 0.00718664 0.00352359 0.00147838 0.000515985
 3.85554e-11 1.81346e-09 5.90633e-08 1.33203e-06 2.08015e-05 0.000224939 0.00168433 0.00873381 0.0313669 0.078083 0.13512 0.164395 0.146661 0.109016 0.0839713 0.0710325 0.0570824 0.0413489 0.0284364 0.0189571 0.0118533 0.00672025 0.00335716 0.00143055 0.000503453
 3.7981e-11 1.78644e-09 5.81833e-08 1.31218e-06 2.04916e-05 0.000221587 0.00165924 0.00860374 0.0309004 0.0769286 0.133168 0.162239 0.145437 0.109579 0.0861809 0.0737949 0.0591925 0.0423182 0.0284863 0.0185377 0.01135 0.00635575 0.00317354 0.00136468 0.000486551
#obs surv len freq
 2.50308e-11 1.17733e-09 3.83448e-08 8.64772e-07 1.35047e-05 0.000146034 0.00109351 0.00567055 0.0203701 0.0507537 0.0881393 0.108715 0.101809 0.0862235 0.0808146 0.0807477 0.0761091 0.0681492 0.0601901 0.0518057 0.0425396 0.0327864 0.0229733 0.0139569 0.00699217
 5.30221e-12 2.4939e-10 8.12249e-09 1.83183e-07 2.86072e-06 3.09366e-05 0.000231709 0.00120268 0.00433641 0.010963 0.0201211 0.0299155 0.0442944 0.0707675 0.103456 0.122378 0.119622 0.106915 0.0942505 0.0816876 0.0676905 0.052368 0.036606 0.0221279 0.0110328
 1.38798e-14 6.52856e-13 2.12653e-11 4.79781e-10 7.50461e-09 8.16733e-08 6.27077e-07 3.57121e-06 1.73892e-05 8.84876e-05 0.000464539 0.00206627 0.00696037 0.0176854 0.0360144 0.0636148 0.0999316 0.134347 0.150355 0.143336 0.122145 0.0953522 0.06695 0.0405091 0.0201579
 5.28054e-11 2.48371e-09 8.08928e-08 1.82434e-06 2.84896e-05 0.000308073 0.00230679 0.0119605 0.0429411 0.106754 0.183774 0.219065 0.180832 0.103433 0.041282 0.0124874 0.00547198 0.00725814 0.0117395 0.0158039 0.0172077 0.0153634 0.0114161 0.00704188 0.00352303
 3.24511e-11 1.52634e-09 4.9712e-08 1.12113e-06 1.75081e-05 0.000189327 0.0014177 0.00735186 0.026413 0.0658408 0.114549 0.142257 0.136147 0.120328 0.114458 0.104163 0.0748379 0.039288 0.0160976 0.00790522 0.00725782 0.00770756 0.00674952 0.0046029 0.00242086
 4.23269e-11 1.99085e-09 6.48407e-08 1.46232e-06 2.28362e-05 0.000246941 0.00184907 0.00958773 0.0344296 0.085665 0.147954 0.178669 0.155101 0.106385 0.0717338 0.0568935 0.0486991 0.0396612 0.0285377 0.0169328 0.00830415 0.00407795 0.00254767 0.00172548 0.000974422
 3.72521e-11 1.75216e-09 5.70666e-08 1.287e-06 2.00983e-05 0.000217335 0.0016274 0.00843874 0.0303093 0.0754693 0.130728 0.159673 0.144429 0.111452 0.0904873 0.0780879 0.0609817 0.0415307 0.0271024 0.0178878 0.0110895 0.00593742 0.00276149 0.00122511 0.000543773
 3.87582e-11 1.823e-09 5.93739e-08 1.33903e-06 2.09109e-05 0.000226122 0.00169319 0.00877969 0.0315314 0.0784876 0.135789 0.165066 0.146804 0.108216 0.0824691 0.0698736 0.0572826 0.0427079 0.0296852 0.0192267 0.0113813 0.00612514 0.00294968 0.00123601 0.00044762
 3.44569e-11 1.62069e-09 5.27847e-08 1.19043e-06 1.85902e-05 0.000201028 0.0015053 0.00780568 0.028037 0.0698261 0.121054 0.148334 0.135725 0.108093 0.0922224 0.0833874 0.0685436 0.0499326 0.0344342 0.0229582 0.0142024 0.0078404 0.0037775 0.00155916 0.000540739
 3.63566e-11 1.71004e-09 5.56949e-08 1.25606e-06 1.96152e-05 0.000212111 0.00158828 0.00823578 0.0295791 0.0736394 0.127479 0.155332 0.139344 0.105318 0.083734 0.0736466 0.0623355 0.048506 0.0356929 0.0246049 0.0154133 0.00864229 0.00426154 0.00179216 0.000622646
 3.66083e-11 1.72188e-09 5.60804e-08 1.26475e-06 1.9751e-05 0.000213579 0.00159927 0.00829281 0.0297843 0.0741536 0.128392 0.156551 0.140765 0.107 0.0854688 0.0744484 0.061131 0.0455803 0.0327177 0.0229336 0.0150243 0.00881569 0.00449199 0.00193257 0.000682984
 3.81125e-11 1.79263e-09 5.83847e-08 1.31672e-06 2.05625e-05 0.000222355 0.00166498 0.00863346 0.0310066 0.0771858 0.133567 0.162506 0.144977 0.107798 0.08319 0.0707915 0.0576327 0.0426619 0.0300953 0.0205451 0.0132003 0.00777032 0.00406181 0.00180903 0.000659835
 3.82508e-11 1.79914e-09 5.85967e-08 1.3215e-06 2.06372e-05 0.000223162 0.00167102 0.00866482 0.0311195 0.0774695 0.134075 0.163204 0.145855 0.108959 0.0845916 0.0719216 0.057833 0.0418102 0.0286817 0.0191192 0.0120332 0.00695089 0.00359407 0.00160625 0.00059584
 3.74977e-11 1.76371e-09 5.7443e-08 1.29548e-06 2.02308e-05 0.000218768 0.00163813 0.00849429 0.0305078 0.0759533 0.131497 0.160287 0.14396 0.109057 0.0865488 0.0747236 0.0604045 0.0436178 0.0296593 0.0194107 0.0119051 0.0066882 0.00337587 0.00148391 0.000546649
 3.85737e-11 1.81432e-09 5.90913e-08 1.33266e-06 2.08114e-05 0.000225046 0.00168513 0.00873794 0.0313818 0.0781187 0.135174 0.164431 0.146593 0.108773 0.0836189 0.0708359 0.057305 0.0419186 0.0289497 0.0190939 0.0116588 0.00644625 0.00317796 0.00136216 0.000491204
 3.89719e-11 1.83305e-09 5.97013e-08 1.34641e-06 2.10262e-05 0.000227369 0.00170252 0.00882813 0.0317057 0.0789249 0.136568 0.16612 0.148073 0.109783 0.0841474 0.0707507 0.0563716 0.0402633 0.0271713 0.0177536 0.0108757 0.00604134 0.00296914 0.00125644 0.000444538
 3.77267e-11 1.77448e-09 5.77938e-08 1.3034e-06 2.03544e-05 0.000220104 0.00164813 0.00854617 0.0306941 0.0764176 0.132304 0.161281 0.144884 0.109808 0.0871435 0.075049 0.0602436 0.0429296 0.0286677 0.0184025 0.0110531 0.00605011 0.00295256 0.00124513 0.000438065
 3.72644e-11 1.75274e-09 5.70855e-08 1.28742e-06 2.0105e-05 0.000217407 0.00162793 0.00844144 0.030318 0.0754811 0.130682 0.159305 0.143117 0.108526 0.0863593 0.0749722 0.0612334 0.0449041 0.0309315 0.0202158 0.012148 0.00657248 0.00315632 0.00131213 0.000456925
 3.63886e-11 1.71154e-09 5.57438e-08 1.25716e-06 1.96324e-05 0.000212297 0.00158967 0.00824308 0.0296061 0.0737144 0.127661 0.155801 0.140545 0.107795 0.0872892 0.0767301 0.0631071 0.0466764 0.0326552 0.0218414 0.0134699 0.00743718 0.00360006 0.00149057 0.00051363
 3.74333e-11 1.76068e-09 5.73442e-08 1.29326e-06 2.01961e-05 0.000218392 0.00163531 0.00847965 0.0304548 0.0758171 0.131233 0.159829 0.143118 0.107548 0.0844529 0.0728608 0.0598197 0.0446048 0.0315953 0.0214261 0.0134362 0.00757496 0.00374781 0.00157873 0.00054884
 3.70998e-11 1.745e-09 5.68334e-08 1.28174e-06 2.00162e-05 0.000216447 0.00162075 0.00840417 0.0301842 0.0751484 0.130109 0.158621 0.142547 0.108174 0.0861319 0.0746921 0.0608287 0.0445664 0.0310311 0.0209219 0.0132075 0.00755434 0.0038066 0.00163509 0.00057883
 3.91505e-11 1.84145e-09 5.99749e-08 1.35259e-06 2.11226e-05 0.000228411 0.00171033 0.00886855 0.0318503 0.0792794 0.137144 0.166645 0.147983 0.108564 0.0819271 0.0685301 0.0553075 0.040634 0.0283356 0.0189801 0.0118503 0.00673149 0.00340047 0.0014767 0.000530877
 3.68865e-11 1.73496e-09 5.65066e-08 1.27437e-06 1.99011e-05 0.000215202 0.00161143 0.0083559 0.0300115 0.074725 0.129421 0.157991 0.142649 0.109621 0.088786 0.0773844 0.0621821 0.0441818 0.0295795 0.0192879 0.0119013 0.00671566 0.00337238 0.00145997 0.000526101
 3.71884e-11 1.74917e-09 5.69692e-08 1.2848e-06 2.0064e-05 0.000216964 0.00162462 0.00842422 0.0302559 0.0753248 0.130399 0.158899 0.142563 0.10773 0.0853682 0.0741876 0.0611456 0.045564 0.0319115 0.0210906 0.0127912 0.00702471 0.00345317 0.00147651 0.000528809
 3.79868e-11 1.78671e-09 5.81921e-08 1.31238e-06 2.04947e-05 0.000221621 0.00165949 0.00860501 0.0309047 0.076935 0.133151 0.162088 0.144888 0.10832 0.0842791 0.0719978 0.0584528 0.0429605 0.0300404 0.0202451 0.0126546 0.00709486 0.00348961 0.00147155 0.000518244
 3.87527e-11 1.82274e-09 5.93654e-08 1.33884e-06 2.09079e-05 0.000226089 0.00169295 0.00877846 0.0315272 0.0784801 0.135794 0.16516 0.14716 0.109002 0.0835012 0.0704067 0.0565951 0.0410699 0.0282554 0.0187842 0.0116984 0.00661954 0.0033108 0.00141545 0.000500419
 3.82626e-11 1.79969e-09 5.86146e-08 1.32191e-06 2.06435e-05 0.00022323 0.00167154 0.0086675 0.0311293 0.0774956 0.134132 0.163331 0.14615 0.109559 0.0854888 0.0728321 0.0583705 0.0417987 0.0282108 0.018395 0.0112641 0.00629629 0.00313597 0.00134656 0.000480344
 3.69653e-11 1.73867e-09 5.66272e-08 1.27709e-06 1.99436e-05 0.000215662 0.00161487 0.00837371 0.0300751 0.0748801 0.129667 0.158185 0.14249 0.108834 0.0874966 0.0762997 0.062073 0.0450778 0.0307482 0.0200401 0.0121222 0.00665418 0.00325794 0.00138283 0.000490998
#pred catch len freq
 2.49228e-11 1.17225e-09 3.81794e-08 8.61041e-07 1.34464e-05 0.000145405 0.0010888 0.00564617 0.0202833 0.0505458 0.0878348 0.108603 0.102532 0.088445 0.0843481 0.0840128 0.0770603 0.065866 0.0552793 0.0457833 0.0374109 0.0306124 0.0246941 0.0183356 0.0114586
 1.40069e-11 6.58816e-10 2.14572e-08 4.83914e-07 7.55705e-06 8.17202e-05 0.000611958 0.00317406 0.0114117 0.0285283 0.0501927 0.0649699 0.0706119 0.0797331 0.0968745 0.107773 0.103169 0.0905101 0.0773703 0.0642401 0.0511459 0.0392831 0.028991 0.0197484 0.0115713
 6.47025e-12 3.0433e-10 9.91183e-09 2.23537e-07 3.49087e-06 3.77499e-05 0.000282701 0.00146655 0.00527627 0.013226 0.0235143 0.0315873 0.0379549 0.0499779 0.0697425 0.0898099 0.105123 0.114911 0.115238 0.103787 0.0848968 0.0642589 0.0449987 0.0284379 0.0154681
 2.89707e-11 1.36264e-09 4.43805e-08 1.00089e-06 1.56303e-05 0.000169019 0.00126559 0.00656217 0.0235628 0.0586083 0.101095 0.121477 0.103536 0.0671331 0.041402 0.0347192 0.0409257 0.0533336 0.0659428 0.0726822 0.06976 0.0578531 0.0414178 0.0254361 0.0131024
 4.40575e-11 2.07225e-09 6.74919e-08 1.52211e-06 2.37699e-05 0.000257038 0.00192466 0.0099796 0.0358351 0.0891471 0.153863 0.185301 0.159164 0.105146 0.0641903 0.0431247 0.029838 0.0201586 0.0162782 0.0173496 0.0193635 0.0188956 0.0151885 0.00986387 0.00510655
 3.53234e-11 1.66144e-09 5.41121e-08 1.22036e-06 1.90577e-05 0.000206083 0.00154315 0.00800206 0.0287431 0.0715932 0.124174 0.152419 0.140268 0.113183 0.0974637 0.0862697 0.0657743 0.0409879 0.0227024 0.0132338 0.00961999 0.00848058 0.00728231 0.00517785 0.00285508
 3.6674e-11 1.72497e-09 5.61811e-08 1.26702e-06 1.97864e-05 0.000213962 0.00160214 0.00830769 0.0298374 0.0742838 0.128602 0.156739 0.140729 0.106635 0.0851396 0.0751065 0.0634261 0.0484554 0.0337744 0.0210292 0.0116849 0.00643087 0.00397633 0.0025664 0.00143843
 3.51259e-11 1.65216e-09 5.38096e-08 1.21354e-06 1.89512e-05 0.000204931 0.00153452 0.00795716 0.02858 0.0711692 0.123317 0.150801 0.137003 0.107106 0.0891517 0.0797011 0.0659067 0.0490168 0.0348241 0.023809 0.0148581 0.00818171 0.00405977 0.00192272 0.000875942
 3.48428e-11 1.63884e-09 5.33759e-08 1.20376e-06 1.87984e-05 0.000203279 0.00152215 0.007893 0.0283494 0.0705936 0.12231 0.149523 0.135703 0.105846 0.0880033 0.0791248 0.0664287 0.0504538 0.0363856 0.0250698 0.0159746 0.00916528 0.00463008 0.0020286 0.000771812
 3.44834e-11 1.62193e-09 5.28253e-08 1.19134e-06 1.86045e-05 0.000201182 0.00150645 0.00781161 0.0280573 0.0698687 0.121071 0.148087 0.134653 0.105549 0.0883517 0.0797095 0.0669219 0.0508638 0.0369204 0.0257936 0.0167361 0.00979547 0.00504449 0.00222164 0.000815965
 3.54031e-11 1.66519e-09 5.42342e-08 1.22312e-06 1.91007e-05 0.000206548 0.00154662 0.00801988 0.0288046 0.0717215 0.124227 0.151692 0.137109 0.105759 0.0864983 0.0769152 0.0642927 0.0488492 0.035489 0.024857 0.0162383 0.00962487 0.00504021 0.00225476 0.000833262
 3.57246e-11 1.68032e-09 5.47268e-08 1.23423e-06 1.92742e-05 0.000208424 0.00156067 0.00809271 0.0290661 0.0723721 0.12535 0.153042 0.138259 0.10648 0.0868035 0.0767889 0.0636315 0.0477129 0.0342018 0.0237708 0.0155089 0.00922732 0.00487195 0.00220499 0.000824849
 3.75023e-11 1.76393e-09 5.745e-08 1.29564e-06 2.02333e-05 0.000218795 0.00163833 0.00849529 0.0305107 0.075956 0.131469 0.160096 0.143287 0.10752 0.0841983 0.0723966 0.059184 0.043916 0.0310833 0.0212981 0.0137123 0.00808375 0.00425565 0.00193192 0.000727844
 3.70608e-11 1.74316e-09 5.67737e-08 1.28039e-06 1.99951e-05 0.000216219 0.00161904 0.00839536 0.0301527 0.0750735 0.130001 0.158588 0.142831 0.109027 0.0874752 0.0759232 0.0612256 0.0439571 0.0298781 0.0198177 0.0124788 0.00723347 0.00375835 0.00169207 0.000635656
 3.80976e-11 1.79193e-09 5.8362e-08 1.31621e-06 2.05545e-05 0.000222268 0.00166433 0.00863013 0.0309949 0.0771601 0.133544 0.162583 0.145381 0.108796 0.0847708 0.0724428 0.0586704 0.0427569 0.0293519 0.019273 0.011791 0.00660163 0.00333039 0.00146839 0.000544224
 3.93939e-11 1.8529e-09 6.03478e-08 1.36099e-06 2.12539e-05 0.000229831 0.00172096 0.00892371 0.0320485 0.0797754 0.138018 0.167782 0.149226 0.109939 0.0833899 0.069569 0.0552397 0.0393727 0.0265046 0.0172632 0.0105428 0.00585266 0.00289149 0.00123983 0.000447523
 3.82226e-11 1.79781e-09 5.85535e-08 1.32053e-06 2.06219e-05 0.000222997 0.0016698 0.00865849 0.0310972 0.07742 0.134028 0.163333 0.146559 0.110698 0.0872863 0.074559 0.0591327 0.0413364 0.0269915 0.0170443 0.0101546 0.00553922 0.00270079 0.0011416 0.000404447
 3.73395e-11 1.75627e-09 5.72006e-08 1.29002e-06 2.01455e-05 0.000217845 0.00163122 0.00845848 0.0303794 0.0756372 0.130973 0.159754 0.143821 0.109665 0.0878839 0.0763093 0.0616437 0.0441839 0.0295316 0.0187497 0.0109954 0.00583585 0.00276734 0.00114336 0.000397705
 3.58686e-11 1.68709e-09 5.49473e-08 1.2392e-06 1.93519e-05 0.000209264 0.00156696 0.00812537 0.0291839 0.07267 0.125898 0.153863 0.139485 0.108414 0.0894667 0.0794429 0.0652102 0.0476819 0.0327261 0.0213619 0.0128096 0.00686788 0.00323721 0.00131288 0.000446165
 3.61764e-11 1.70157e-09 5.54189e-08 1.24983e-06 1.9518e-05 0.00021106 0.00158041 0.00819504 0.0294335 0.073285 0.126919 0.154902 0.13976 0.107264 0.087013 0.0767706 0.0635826 0.0475316 0.0336003 0.0225919 0.0139382 0.00767731 0.00369606 0.00151452 0.000513693
 3.70608e-11 1.74316e-09 5.67736e-08 1.28039e-06 1.99951e-05 0.000216219 0.00161904 0.00839531 0.0301521 0.0750683 0.129966 0.158423 0.142298 0.107844 0.0857398 0.0743969 0.0608371 0.0449205 0.0315618 0.0214044 0.0135093 0.00766812 0.00380544 0.00160043 0.000553138
 3.7839e-11 1.77976e-09 5.79658e-08 1.30727e-06 2.04149e-05 0.000220759 0.00165303 0.00857156 0.0307848 0.0766394 0.132659 0.161581 0.144727 0.108807 0.0853452 0.0731328 0.0590596 0.0428355 0.029447 0.0196152 0.012283 0.00700849 0.00353963 0.0015261 0.000541337
 3.80544e-11 1.7899e-09 5.82958e-08 1.31472e-06 2.05312e-05 0.000222016 0.00166245 0.00862036 0.03096 0.0770752 0.133411 0.162482 0.145488 0.109275 0.0855587 0.0731475 0.0588537 0.0423771 0.0287724 0.0188407 0.0115712 0.00649318 0.00325386 0.00140808 0.000506155
 3.67786e-11 1.72989e-09 5.63414e-08 1.27064e-06 1.98429e-05 0.000214573 0.00160672 0.00833147 0.0299235 0.074506 0.129039 0.157514 0.142186 0.109218 0.0884863 0.0773696 0.062655 0.0450464 0.0304155 0.0197438 0.0119734 0.00660874 0.00325471 0.00138959 0.000496485
 3.61127e-11 1.69857e-09 5.53213e-08 1.24763e-06 1.94836e-05 0.000210688 0.00157762 0.00818063 0.029382 0.0731595 0.12672 0.154746 0.139895 0.107932 0.0881703 0.0779477 0.0641971 0.0473649 0.0328733 0.0216925 0.0131886 0.00722805 0.0035149 0.00147826 0.000520701
 3.72224e-11 1.75076e-09 5.70212e-08 1.28597e-06 2.00823e-05 0.000217162 0.0016261 0.0084319 0.0302834 0.0753937 0.130519 0.159051 0.142714 0.107855 0.085405 0.0739873 0.0606065 0.0448864 0.0315347 0.0212269 0.0132061 0.00737339 0.00361509 0.00151677 0.000529381
 3.80696e-11 1.79061e-09 5.83191e-08 1.31524e-06 2.05394e-05 0.000222105 0.00166311 0.0086238 0.0309722 0.0771043 0.133452 0.162492 0.145364 0.108906 0.084949 0.0724962 0.0584357 0.0423489 0.029117 0.0194057 0.0121323 0.0068781 0.00343596 0.00146412 0.000515266
 3.76036e-11 1.76869e-09 5.76052e-08 1.29914e-06 2.02879e-05 0.000219386 0.00164275 0.00851828 0.0305938 0.0761684 0.131873 0.160762 0.144438 0.109511 0.0869663 0.0749567 0.0602547 0.0430878 0.0289956 0.0188637 0.0115479 0.00646624 0.00322865 0.00138837 0.000494996
#obs catch len freq
 2.34921e-11 1.10496e-09 3.59877e-08 8.11613e-07 1.26745e-05 0.000137058 0.0010263 0.00532212 0.0191201 0.0476547 0.0828645 0.102712 0.0977869 0.0860549 0.0841413 0.0854777 0.0801232 0.070632 0.06151 0.0526717 0.0434246 0.0337386 0.0237926 0.0145066 0.00729006
 2.38949e-11 1.1239e-09 3.66048e-08 8.25531e-07 1.28919e-05 0.000139408 0.0010439 0.00541332 0.019447 0.0484628 0.084223 0.104177 0.0984939 0.0853273 0.0821165 0.0831657 0.0786721 0.0704575 0.0621987 0.0535137 0.0439316 0.0338544 0.0237197 0.0144097 0.00721886
 4.95155e-12 2.32897e-10 7.58531e-09 1.71069e-07 2.67153e-06 2.88908e-05 0.000216392 0.00112327 0.00405146 0.0102561 0.0189144 0.0285254 0.0433066 0.0705706 0.103978 0.123241 0.12047 0.107608 0.0947997 0.0821286 0.0680393 0.0526303 0.0367864 0.022236 0.0110864
 1.29087e-14 6.07181e-13 1.97777e-11 4.46233e-10 6.98074e-09 7.60097e-08 5.8471e-07 3.35238e-06 1.66155e-05 8.66824e-05 0.00046224 0.00206736 0.00697385 0.0177218 0.0360743 0.0636814 0.0999816 0.134367 0.150343 0.143297 0.122092 0.0952989 0.0669074 0.0404816 0.0201437
 5.24557e-11 2.46726e-09 8.03571e-08 1.81225e-06 2.83009e-05 0.000306033 0.00229151 0.0118812 0.0426567 0.106047 0.182557 0.217614 0.179635 0.102754 0.0410356 0.0124953 0.00567218 0.00770253 0.0124871 0.0168113 0.0183035 0.016341 0.0121421 0.00748944 0.00374687
 3.14563e-11 1.47955e-09 4.81881e-08 1.08676e-06 1.69714e-05 0.000183523 0.00137424 0.00712661 0.0256049 0.0638388 0.111149 0.138426 0.133711 0.120584 0.117152 0.107724 0.0776486 0.0407967 0.0167129 0.00819608 0.00751571 0.0079793 0.00698718 0.0047649 0.00250603
 4.15263e-11 1.9532e-09 6.36144e-08 1.43467e-06 2.24044e-05 0.000242271 0.0018141 0.00940644 0.0337791 0.0840515 0.145202 0.175506 0.152881 0.106024 0.0731029 0.059156 0.0510281 0.0416122 0.0299355 0.0177571 0.00870639 0.00427416 0.00266946 0.00180775 0.00102085
 3.64035e-11 1.71225e-09 5.57667e-08 1.25768e-06 1.96405e-05 0.000212385 0.00159033 0.00824658 0.0296199 0.0737603 0.12782 0.156364 0.142216 0.111374 0.092358 0.0807774 0.0633612 0.0431772 0.0281594 0.0185725 0.0115096 0.00616117 0.00286522 0.001271 0.0005641
 3.7896e-11 1.78245e-09 5.80531e-08 1.30924e-06 2.04457e-05 0.000221092 0.00165552 0.00858445 0.0308308 0.0767505 0.132829 0.161682 0.144487 0.107987 0.0841594 0.0724499 0.0597184 0.0445588 0.0309579 0.0200409 0.0118593 0.00638096 0.00307244 0.00128735 0.000466186
 3.36531e-11 1.58288e-09 5.15534e-08 1.16266e-06 1.81566e-05 0.000196339 0.00147019 0.00762367 0.027384 0.068207 0.118296 0.145187 0.133588 0.107928 0.0938648 0.0858321 0.0707927 0.0515829 0.0355491 0.023687 0.0146478 0.00808466 0.00389469 0.0016074 0.000557442
 3.56184e-11 1.67532e-09 5.45641e-08 1.23056e-06 1.92169e-05 0.000207804 0.00155603 0.00806862 0.0289793 0.0721519 0.124943 0.152427 0.137333 0.105061 0.0850892 0.0757599 0.0643712 0.0501038 0.0368467 0.0253869 0.015898 0.00891224 0.00439409 0.00184776 0.000641934
 3.59176e-11 1.68939e-09 5.50223e-08 1.24089e-06 1.93783e-05 0.000209549 0.0015691 0.0081364 0.0292231 0.072762 0.126021 0.15384 0.138908 0.106812 0.0868091 0.0764773 0.0630227 0.0470016 0.0337149 0.0236179 0.015467 0.0090737 0.00462293 0.00198877 0.000702813
 3.74431e-11 1.76114e-09 5.73593e-08 1.2936e-06 2.02014e-05 0.000218449 0.00163574 0.00848188 0.0304628 0.0758373 0.131269 0.159879 0.143181 0.107624 0.0845029 0.072776 0.059483 0.0440468 0.0310522 0.0211854 0.0136066 0.00800775 0.0041854 0.00186394 0.000679836
 3.76622e-11 1.77145e-09 5.76948e-08 1.30116e-06 2.03196e-05 0.000219727 0.00164531 0.00853152 0.0306413 0.0762835 0.132055 0.160899 0.144291 0.108843 0.0858004 0.0737166 0.0594786 0.043009 0.029483 0.0196403 0.0123562 0.00713581 0.00368919 0.00164863 0.000611536
 3.68956e-11 1.73539e-09 5.65206e-08 1.27468e-06 1.9906e-05 0.000215256 0.00161183 0.00835795 0.0300186 0.0747405 0.129432 0.157932 0.142365 0.108946 0.0877985 0.076575 0.0621005 0.0448499 0.0304754 0.0199316 0.0122196 0.00686331 0.00346377 0.00152243 0.00056081
 3.80625e-11 1.79028e-09 5.83082e-08 1.315e-06 2.05356e-05 0.000222063 0.0016628 0.00862217 0.0309664 0.0770889 0.13342 0.162429 0.145234 0.10867 0.0846673 0.0723976 0.0587446 0.0429749 0.0296572 0.0195477 0.0119311 0.00659529 0.00325098 0.00139334 0.000502422
 3.84627e-11 1.8091e-09 5.89213e-08 1.32882e-06 2.07515e-05 0.000224398 0.00168028 0.00871283 0.031292 0.0778993 0.134822 0.164129 0.14673 0.109702 0.0852234 0.0723328 0.0578096 0.0412956 0.0278469 0.0181823 0.0111336 0.00618316 0.00303842 0.00128565 0.000454852
 3.70897e-11 1.74452e-09 5.68179e-08 1.28139e-06 2.00107e-05 0.000216388 0.00162031 0.00840192 0.0301766 0.0751345 0.130119 0.158791 0.143204 0.109708 0.0884922 0.0770334 0.0620504 0.0442283 0.0295149 0.0189339 0.0113676 0.00622076 0.0030354 0.00127996 0.000450297
 3.65732e-11 1.72023e-09 5.60266e-08 1.26354e-06 1.9732e-05 0.000213374 0.00159774 0.00828491 0.0297564 0.0740886 0.12831 0.156597 0.141276 0.108378 0.0877642 0.077075 0.0631831 0.0463473 0.0319052 0.0208396 0.0125182 0.00677125 0.00325133 0.00135151 0.000470614
 3.57502e-11 1.68152e-09 5.4766e-08 1.23511e-06 1.9288e-05 0.000208573 0.00156179 0.00809853 0.0290875 0.0724285 0.125471 0.153299 0.138841 0.10765 0.0885724 0.0786556 0.0648941 0.0480039 0.0335604 0.0224328 0.0138295 0.00763406 0.00369487 0.0015297 0.000527089
 3.67725e-11 1.7296e-09 5.63319e-08 1.27043e-06 1.98396e-05 0.000214537 0.00160644 0.00833001 0.0299179 0.0744857 0.128964 0.157236 0.141344 0.107377 0.085751 0.0748252 0.0616566 0.045986 0.0325521 0.0220617 0.0138297 0.00779518 0.00385627 0.00162429 0.000564655
 3.64559e-11 1.71471e-09 5.5847e-08 1.25949e-06 1.96688e-05 0.00021269 0.00159262 0.00825834 0.029661 0.0738511 0.127899 0.156097 0.140829 0.10803 0.0874304 0.0766342 0.0626224 0.0458897 0.0319302 0.0215143 0.0135763 0.0077636 0.00391154 0.00168004 0.000594717
 3.85864e-11 1.81492e-09 5.91107e-08 1.3331e-06 2.08182e-05 0.000225119 0.00168568 0.0087408 0.0313919 0.0781428 0.135208 0.164434 0.146476 0.108435 0.0830603 0.0702299 0.0568833 0.0418019 0.0291298 0.0194997 0.01217 0.00691152 0.00349095 0.00151587 0.000544935
 3.618e-11 1.70173e-09 5.54243e-08 1.24996e-06 1.95199e-05 0.00021108 0.00158057 0.0081959 0.0294374 0.0733019 0.126997 0.155229 0.140784 0.109507 0.0902754 0.0795748 0.064172 0.0456094 0.0305149 0.0198848 0.0122646 0.00691907 0.00347406 0.00150387 0.000541896
 3.65618e-11 1.71969e-09 5.60093e-08 1.26315e-06 1.97259e-05 0.000213308 0.00159724 0.00828232 0.0297468 0.0740623 0.128248 0.156442 0.140886 0.107577 0.0866158 0.0760709 0.0629064 0.0468838 0.0328138 0.0216739 0.0131401 0.00721467 0.00354604 0.0015161 0.00054296
 3.73134e-11 1.75504e-09 5.71605e-08 1.28911e-06 2.01314e-05 0.000217692 0.00163007 0.00845252 0.0303576 0.0755783 0.13084 0.159449 0.143088 0.108163 0.085627 0.0740208 0.060329 0.0443543 0.0309948 0.0208754 0.0130437 0.00731151 0.00359571 0.00151617 0.000533933
 3.81482e-11 1.79431e-09 5.84395e-08 1.31796e-06 2.05818e-05 0.000222563 0.00166654 0.00864159 0.0310361 0.0772624 0.13372 0.162793 0.145552 0.108878 0.0847361 0.0722459 0.0582879 0.0423105 0.0290891 0.0193259 0.012031 0.00680622 0.00340372 0.00145507 0.000514401
 3.76217e-11 1.76954e-09 5.76329e-08 1.29977e-06 2.02978e-05 0.000219492 0.00164354 0.00852238 0.0306087 0.0762047 0.131934 0.160824 0.144455 0.109446 0.0868269 0.0748094 0.060177 0.0431057 0.0290735 0.0189452 0.0115963 0.00648047 0.00322726 0.00138564 0.000494264
#spawning biomass
 69875 73002.3 60921 42609.2 43662.9 73166.9 105134 156371 197849 228352 227984 263858 270516 239139 247712 244042 234176 222698 238382 247178 239892 227277 256311 273596 306107 298602 304060 298740 257837 398156 293950 191848 121135 78374.5 54431 41643.8 35019.4 31655.9 29971.1 29134.9 28722.5 28519.9 28420.7 28372.2 28348.6 28337.2 28331.6 28328.9 28327.6 28326.9 28326.6 28326.5 28326.4 28326.4 28326.3 28326.3 28326.3 28326.3 28326.3 28326.3 28326.3 28326.3 28326.3 28326.3 28326.3 28326.3 28326.3 28326.3 28326.3 28326.3 28326.3 28326.3 28326.3 28326.3 28326.3 28326.3 28326.3 28326.3 28326.3 28326.3 28326.3 28326.3 28326.3 28326.3 28326.3 28326.3 28326.3 28326.3 28326.3 28326.3 28326.3 28326.3 28326.3 28326.3 28326.3 28326.3 28326.3 28326.3 28326.3 28326.3 28326.3 28326.3 28326.3 28326.3 28326.3 28326.3 28326.3 28326.3 28326.3 28326.3 28326.3 28326.3 28326.3 28326.3 28326.3 28326.3 28326.3 28326.3 28326.3 28326.3 28326.3 28326.3 28326.3 28326.3 28326.3 28326.3 28326.3 28326.3 0 0 0 0 0 0 0 0 0 0 0 0 0 0 0 0 0 0 0 0 0 0 0 0 0
