SBPRF35
0.178135
Curr Bio
185178
B35
436690
F35
0.571447
FOFL
0.223801
OFL
28020.5
Bzero
50895.7
#pred survey bio
 34454.4 33061.1 22825.7 14629.3 25676.9 39338.8 57733.4 89960.8 124057 166169 144808 160515 176702 209964 234279 218990 210716 202397 171219 188460 212819 214997 212765 194704 207760 195036 207749 195796 6.8224e+06 6.0101e+06 3.89327e+06 2.30615e+06 1.38782e+06 912942 677494 560577 500823 468988 451305 441141 435155 431577 429416 428080 427283 426805 426519 426346 426242 426179 426142 426119 426105 426097 426092 426089 426087 426086 426085 426085 426084 426084 426084 426084 426084 426084 426084 426084 426084 426084 426084 426084 426084 426084 426084 426084 426084 426084 426084 426084 426084 426084 426084 426084 426084 426084 426084 426084 426084 426084 426084 426084 426084 426084 426084 426084 426084 426084 426084 426084 426084 426084 426084 426084 426084 426084 426084 426084 426084 426084 426084 426084 426084 426084 426084 426084 426084 426084 426084 426084 426084 426084 426084 426084 426084 426084 426084 426084 0 0 0 0 0 0 0 0 0 0 0 0 0 0 0 0 0 0 0 0 0 0 0 0 0
#obs survey bio
 31727.4 26692.8 11802.1 14173.6 30872.3 41454.4 46112.7 114226 155586 126169 132055 180082 177398 225414 220924 194016 256788 219644 250592 129482 300664 209925 198100 207652 209556 204639 242785 170956
#pred catch bio
 14469.6 14735.1 11639.1 6390.84 14045.8 23991 35738.5 56717.2 70063.9 124785 111985 131979 140177 169134 205342 201264 201785 200153 161467 186386 216841 223365 232554 214047 238779 229101 249634 235401 28020.5 96876 58495.3 31728.3 17459.5 10857.7 8057.48 6936.44 6505.35 6344.32 6285.43 6264.24 6256.71 6254.05 6253.13 6252.8 6252.69 6252.65 6252.64 6252.63 6252.63 6252.63 6252.63 6252.63 6252.63 6252.63 6252.63 6252.63 6252.63 6252.63 6252.63 6252.63 6252.63 6252.63 6252.63 6252.63 6252.63 6252.63 6252.63 6252.63 6252.63 6252.63 6252.63 6252.63 6252.63 6252.63 6252.63 6252.63 6252.63 6252.63 6252.63 6252.63 6252.63 6252.63 6252.63 6252.63 6252.63 6252.63 6252.63 6252.63 6252.63 6252.63 6252.63 6252.63 6252.63 6252.63 6252.63 6252.63 6252.63 6252.63 6252.63 6252.63 6252.63 6252.63 6252.63 6252.63 6252.63 6252.63 6252.63 6252.63 6252.63 6252.63 6252.63 6252.63 6252.63 6252.63 6252.63 6252.63 6252.63 6252.63 6252.63 6252.63 6252.63 6252.63 6252.63 6252.63 6252.63 6252.63 6252.63 6252.63 0 0 0 0 0 0 0 0 0 0 0 0 0 0 0 0 0 0 0 0 0 0 0 0 0
#obs catch bio
 17615.3 16113.9 14626.4 6845.29 13896.5 23755.8 36576.7 54438.7 63357.2 129198 116561 125997 136806 165994 202357 221958 196577 199386 146182 196574 200197 200096 212143 191902 214102 222379 214967 234196
#pred cpue bio
 32758.7 32029 22470.1 13963.3 23462.1 36653.6 52971.9 82729.7 114748 155196 133954 146410 161071 191654 214002 199058 190042 181898 154016 169097 189348 191817 188902 171815 182921 170812 181142 170603 5.94065e+06 5.99678e+06 3.87995e+06 2.29283e+06 1.37449e+06 899617 664169 547253 487498 455663 437980 427816 421831 418252 416092 414755 413958 413481 413194 413021 412917 412855 412817 412794 412780 412772 412767 412764 412762 412761 412760 412760 412760 412759 412759 412759 412759 412759 412759 412759 412759 412759 412759 412759 412759 412759 412759 412759 412759 412759 412759 412759 412759 412759 412759 412759 412759 412759 412759 412759 412759 412759 412759 412759 412759 412759 412759 412759 412759 412759 412759 412759 412759 412759 412759 412759 412759 412759 412759 412759 412759 412759 412759 412759 412759 412759 412759 412759 412759 412759 412759 412759 412759 412759 412759 412759 412759 412759 412759 412759 0 0 0 0 0 0 0 0 0 0 0 0 0 0 0 0 0 0 0 0 0 0 0 0 0
#obs cpue bio
 27835.1 18645.8 13165.8 16397.1 28223 38863.5 51381.1 96686.9 147486 140187 123694 180455 164035 191137 247832 136358 197052 170731 159502 177483 206762 303409 290665 243156 281773 174524 295169 189321
#pred surv len freq
 1.50249e-11 1.63081e-09 1.04372e-07 3.93867e-06 8.76403e-05 0.00114988 0.00889679 0.0406085 0.109573 0.176602 0.178663 0.136786 0.109289 0.0889559 0.0591314 0.0339553 0.0197464 0.0118904 0.00745955 0.00501074 0.00367111 0.00297028 0.0025168 0.00191866 0.00111393
 1.07755e-11 1.16957e-09 7.48525e-08 2.8247e-06 6.28535e-05 0.00082469 0.00638157 0.0291477 0.0789184 0.129376 0.141152 0.134979 0.140915 0.129634 0.0901681 0.0531066 0.0300457 0.0160112 0.00818879 0.00433369 0.0025044 0.00164926 0.00121825 0.000875613 0.000504178
 6.69382e-12 7.2655e-10 4.64991e-08 1.75474e-06 3.90456e-05 0.000512328 0.00396518 0.0181275 0.0493088 0.0826726 0.0987403 0.115557 0.143645 0.147809 0.121292 0.0902216 0.0607849 0.034743 0.0173538 0.00798417 0.00357748 0.00173157 0.000986211 0.000612467 0.0003332
 1.52443e-11 1.65462e-09 1.05895e-07 3.99616e-06 8.89195e-05 0.00116666 0.00902611 0.0411882 0.110992 0.177721 0.174329 0.119496 0.0804374 0.0661536 0.0588206 0.0526274 0.0431412 0.0305521 0.0184484 0.00929065 0.00395451 0.00153043 0.00061488 0.000283683 0.000132566
 1.98695e-11 2.15664e-09 1.38025e-07 5.20862e-06 0.000115898 0.00152061 0.0117643 0.0536758 0.144542 0.230626 0.222311 0.14136 0.077555 0.0473165 0.0275246 0.0146324 0.00917804 0.00698112 0.00514169 0.00319455 0.00159904 0.000642442 0.000218382 7.1469e-05 2.46081e-05
 1.68945e-11 1.83374e-09 1.17359e-07 4.42877e-06 9.85456e-05 0.00129296 0.0100036 0.0456567 0.12314 0.198033 0.198279 0.146269 0.109338 0.0830426 0.0486038 0.0209464 0.00802155 0.00336344 0.00173616 0.00107527 0.000636813 0.000305017 0.00011272 3.31626e-05 8.52774e-06
 1.88952e-11 2.05089e-09 1.31257e-07 4.95322e-06 0.000110215 0.00144606 0.0111877 0.05105 0.137538 0.219993 0.214641 0.143572 0.0892041 0.0610372 0.0370981 0.0188377 0.00874423 0.00356614 0.00123271 0.000423428 0.000178265 8.50553e-05 3.57128e-05 1.15013e-05 2.79789e-06
 1.85091e-11 2.00898e-09 1.28575e-07 4.85201e-06 0.000107963 0.00141651 0.0109592 0.05001 0.134771 0.215847 0.211922 0.1453 0.0949185 0.0664548 0.0387235 0.0175405 0.0072757 0.00302021 0.00116913 0.000394368 0.000115128 3.31945e-05 1.08816e-05 3.52375e-06 9.09756e-07
 1.7826e-11 1.93484e-09 1.2383e-07 4.67295e-06 0.000103979 0.00136424 0.0105549 0.0481679 0.129845 0.208268 0.205948 0.145159 0.100224 0.0731131 0.0435538 0.020207 0.00844688 0.00332678 0.00117813 0.00038294 0.000113653 2.92258e-05 6.60544e-06 1.46607e-06 3.2461e-07
 1.6654e-11 1.80764e-09 1.15688e-07 4.36572e-06 9.71428e-05 0.00127456 0.00986123 0.0450067 0.121386 0.195202 0.195404 0.144105 0.108033 0.0834767 0.0517192 0.025539 0.0115701 0.00482506 0.00174392 0.000551811 0.000153988 3.75645e-05 7.90038e-06 1.41202e-06 2.21716e-07
 1.78852e-11 1.94127e-09 1.24241e-07 4.68846e-06 0.000104324 0.00136877 0.0105899 0.0483269 0.130265 0.208867 0.206193 0.144419 0.0985911 0.071663 0.0432325 0.0208421 0.0093126 0.00398003 0.00153002 0.000516699 0.000148868 3.57866e-05 7.15535e-06 1.18284e-06 1.60001e-07
 1.93944e-11 2.10508e-09 1.34725e-07 5.08409e-06 0.000113127 0.00148427 0.0114832 0.0523974 0.141153 0.225652 0.219573 0.145233 0.0877084 0.0577758 0.0329681 0.0147675 0.00598751 0.00238439 0.000889652 0.000303456 9.15134e-05 2.32469e-05 4.7932e-06 7.83218e-07 1.00202e-07
 1.93635e-11 2.10172e-09 1.3451e-07 5.07597e-06 0.000112947 0.0014819 0.0114649 0.0523146 0.14094 0.225388 0.219682 0.146274 0.0895617 0.0592085 0.0328878 0.01355 0.0047364 0.00162445 0.000537646 0.000167214 4.80693e-05 1.22155e-05 2.60718e-06 4.44415e-07 5.81101e-08
 1.92222e-11 2.08639e-09 1.33529e-07 5.03895e-06 0.000112123 0.00147109 0.0113813 0.0519337 0.139921 0.223817 0.218427 0.146191 0.0905822 0.0605538 0.0339564 0.0142243 0.00505478 0.00168798 0.000504622 0.00013446 3.32826e-05 7.58934e-06 1.53158e-06 2.59296e-07 3.47284e-08
 1.91468e-11 2.0782e-09 1.33005e-07 5.01918e-06 0.000111683 0.00146532 0.0113367 0.0517303 0.139377 0.222982 0.217777 0.146204 0.0912083 0.0613015 0.0344451 0.0144529 0.00515933 0.00174019 0.000525668 0.000137954 3.16086e-05 6.27503e-06 1.08742e-06 1.64037e-07 2.06929e-08
 1.96408e-11 2.13182e-09 1.36436e-07 5.14867e-06 0.000114564 0.00150312 0.0116291 0.0530624 0.142939 0.228461 0.22209 0.146286 0.0873566 0.0565354 0.0310966 0.0126648 0.00430654 0.0013943 0.00041502 0.000109148 2.51059e-05 4.89151e-06 7.89876e-07 1.05143e-07 1.15174e-08
 2.03908e-11 2.21323e-09 1.41646e-07 5.34529e-06 0.000118939 0.00156052 0.012073 0.0550851 0.148347 0.236769 0.228576 0.146239 0.0812507 0.0491341 0.0260999 0.0102031 0.00322339 0.000961104 0.000268171 6.70038e-05 1.49268e-05 2.87638e-06 4.61802e-07 5.9901e-08 6.12518e-09
 2.06959e-11 2.24634e-09 1.43766e-07 5.42526e-06 0.000120719 0.00158386 0.0122536 0.0559079 0.150547 0.240158 0.231266 0.146362 0.078983 0.0462685 0.0240112 0.00900646 0.00260665 0.000693933 0.000175468 4.00231e-05 8.20333e-06 1.48268e-06 2.28293e-07 2.89531e-08 2.91171e-09
 2.05973e-11 2.23564e-09 1.4308e-07 5.39941e-06 0.000120143 0.00157632 0.0121952 0.0556421 0.149838 0.239082 0.230486 0.14657 0.0800953 0.0474518 0.0245939 0.00905593 0.00249589 0.000614453 0.000142068 2.91186e-05 5.30217e-06 8.58982e-07 1.20391e-07 1.41807e-08 1.35597e-09
 2.08444e-11 2.26245e-09 1.44797e-07 5.46418e-06 0.000121584 0.00159522 0.0123414 0.0563081 0.151617 0.241797 0.232521 0.146275 0.077658 0.0447323 0.0230694 0.00864114 0.00248841 0.000644016 0.000150179 2.94146e-05 4.91526e-06 7.14086e-07 8.86607e-08 9.26667e-09 7.98932e-10
 2.15795e-11 2.34225e-09 1.49904e-07 5.65689e-06 0.000125873 0.00165148 0.0127766 0.0582904 0.156914 0.249916 0.238771 0.145932 0.0712156 0.0371595 0.0182632 0.00661628 0.00180153 0.000437309 9.9884e-05 2.00365e-05 3.4389e-06 4.93377e-07 5.75127e-08 5.43296e-09 4.15442e-10
 2.13251e-11 2.31464e-09 1.48136e-07 5.59021e-06 0.000124389 0.00163201 0.012626 0.0576046 0.155083 0.247123 0.236685 0.146263 0.0737677 0.0399916 0.0198303 0.00701282 0.00177442 0.00038178 7.80845e-05 1.44503e-05 2.35266e-06 3.33086e-07 3.92691e-08 3.70388e-09 2.71792e-10
 2.1744e-11 2.3601e-09 1.51046e-07 5.7e-06 0.000126832 0.00166406 0.0128739 0.0587339 0.158099 0.25174 0.240205 0.145954 0.0699257 0.0355677 0.0171506 0.0060279 0.00152368 0.000325159 6.41739e-05 1.09664e-05 1.5925e-06 2.02165e-07 2.20872e-08 2.00453e-09 1.45616e-10
 2.22345e-11 2.41334e-09 1.54453e-07 5.82858e-06 0.000129693 0.0017016 0.0131642 0.0600564 0.161633 0.257154 0.244359 0.145683 0.0655633 0.0304737 0.0139642 0.00473834 0.0011178 0.000211326 3.74082e-05 6.06363e-06 8.51499e-07 1.02193e-07 1.01872e-08 8.29429e-10 5.48834e-11
 2.24101e-11 2.4324e-09 1.55673e-07 5.87463e-06 0.000130717 0.00171504 0.0132681 0.06053 0.162898 0.259092 0.245844 0.14558 0.0639919 0.0286439 0.0128272 0.00428649 0.000979941 0.000172986 2.78271e-05 4.0626e-06 5.07662e-07 5.49829e-08 5.12143e-09 3.93887e-10 2.41837e-11
 2.28122e-11 2.47604e-09 1.58466e-07 5.98002e-06 0.000133063 0.00174581 0.0135061 0.0616141 0.165794 0.263525 0.249226 0.145293 0.0603185 0.0244051 0.0102459 0.00332275 0.000727199 0.000116769 1.65212e-05 2.17128e-06 2.47276e-07 2.40876e-08 1.99753e-09 1.37122e-10 7.65312e-12
 2.31366e-11 2.51126e-09 1.6072e-07 6.06508e-06 0.000134955 0.00177064 0.0136981 0.0624889 0.168131 0.267102 0.25195 0.145046 0.0573302 0.0209687 0.00817026 0.00256795 0.000542864 8.04757e-05 9.97625e-06 1.15001e-06 1.16033e-07 9.94328e-09 7.3069e-10 4.48579e-11 2.23237e-12
 2.31849e-11 2.5165e-09 1.61056e-07 6.07773e-06 0.000135237 0.00177433 0.0137267 0.062619 0.168479 0.267634 0.252359 0.145019 0.0568999 0.0204667 0.00785691 0.00244192 0.000503783 6.9803e-05 7.58673e-06 7.55681e-07 6.71861e-08 5.03109e-09 3.20368e-10 1.71375e-11 7.46921e-13
#obs surv len freq
 4.80682e-11 4.45479e-09 2.43436e-07 7.84383e-06 0.000149026 0.00166954 0.0110306 0.0430145 0.0994241 0.139276 0.131211 0.113548 0.115063 0.111188 0.0921831 0.0675256 0.041563 0.0206906 0.00853736 0.00292885 0.000798977 0.000164133 2.42275e-05 2.46915e-06 1.6806e-07
 3.00413e-11 2.68526e-09 1.41528e-07 4.3983e-06 8.05985e-05 0.000870991 0.00555393 0.0209623 0.0476002 0.0703402 0.0880518 0.124297 0.163812 0.16362 0.130598 0.0911108 0.0536393 0.025467 0.0098788 0.00314392 0.000793684 0.000151269 2.07178e-05 1.95413e-06 1.22773e-07
 1.47668e-11 1.27088e-09 6.44929e-08 1.92979e-06 3.40501e-05 0.00035436 0.00217798 0.0079603 0.0179193 0.0289048 0.0473142 0.0863077 0.13599 0.175062 0.188611 0.15686 0.093265 0.0404246 0.0138273 0.00391532 0.000893929 0.000155239 1.94335e-05 1.67952e-06 9.68377e-08
 2.65686e-10 2.19803e-08 1.07222e-06 3.08405e-05 0.000523054 0.00523068 0.0308432 0.107242 0.219903 0.266141 0.190981 0.0836651 0.0275004 0.0152801 0.0164045 0.0158131 0.011296 0.00597253 0.00233609 0.000670589 0.00014151 2.19501e-05 2.45369e-06 1.90831e-07 9.96388e-09
 1.77318e-10 1.40798e-08 6.59219e-07 1.81991e-05 0.000296256 0.00284394 0.0161072 0.0539619 0.108378 0.139255 0.144253 0.162956 0.171101 0.123173 0.0550905 0.0160598 0.00411407 0.00149745 0.000630684 0.00020785 4.77038e-05 7.43839e-06 7.8225e-07 5.5138e-08 2.57693e-09
 4.28702e-10 3.26254e-08 1.464e-06 3.8736e-05 0.000604334 0.00555951 0.0301603 0.0965395 0.182832 0.20787 0.152417 0.0938544 0.0710582 0.0618232 0.0492285 0.0307362 0.0130732 0.00351454 0.000602433 7.59928e-05 9.5013e-06 1.23729e-06 1.27716e-07 8.85835e-09 3.94108e-10
 5.50626e-10 4.01071e-08 1.72256e-06 4.36227e-05 0.000651394 0.00573573 0.0297894 0.0913826 0.166773 0.187757 0.151849 0.123233 0.106721 0.0739629 0.0378079 0.0159715 0.00597974 0.00184047 0.000423314 6.8383e-05 7.4958e-06 5.66338e-07 3.21624e-08 1.50155e-09 5.55038e-11
 7.68901e-10 5.3536e-08 2.19791e-06 5.32059e-05 0.000759458 0.00639245 0.0317386 0.0931073 0.162777 0.177012 0.142414 0.119497 0.107065 0.0793368 0.0467134 0.0224809 0.00818345 0.00205952 0.000356587 4.56323e-05 4.61682e-06 3.59918e-07 1.991e-08 7.39475e-10 1.831e-11
 1.10906e-09 7.37263e-08 2.88986e-06 6.67913e-05 0.000910243 0.00731513 0.0346806 0.0971957 0.162753 0.171537 0.138919 0.120989 0.108627 0.0789578 0.0458541 0.0218673 0.00791704 0.00200708 0.000352453 4.40745e-05 3.99775e-06 2.62257e-07 1.2343e-08 4.12009e-10 9.50588e-12
 1.21693e-09 7.71502e-08 2.88401e-06 6.3569e-05 0.000826226 0.0063333 0.0286563 0.0768857 0.125167 0.137133 0.135799 0.14928 0.14329 0.102292 0.0571629 0.0259035 0.00877989 0.0020545 0.000329844 3.78635e-05 3.20977e-06 1.98883e-07 8.6991e-09 2.60517e-10 5.24029e-12
 2.63816e-09 1.59339e-07 5.67451e-06 0.000119158 0.00147542 0.010773 0.0464057 0.118186 0.179959 0.172962 0.128967 0.105478 0.0922747 0.0697641 0.0436408 0.0211181 0.00707513 0.00154868 0.000223346 2.22971e-05 1.62297e-06 8.74241e-08 3.40492e-09 9.26925e-11 1.71241e-12
 3.68714e-09 2.11949e-07 7.18394e-06 0.000143576 0.00169202 0.0117595 0.0482346 0.117205 0.171953 0.166159 0.138343 0.127234 0.105524 0.0649576 0.03069 0.0117889 0.00347366 0.000720795 0.000102985 1.0348e-05 7.42317e-07 3.75766e-08 1.31407e-09 3.13129e-11 5.04192e-13
 5.24078e-09 2.86461e-07 9.23257e-06 0.000175457 0.00196619 0.0129947 0.0507002 0.117347 0.165079 0.157126 0.136026 0.130026 0.108544 0.0683644 0.0338961 0.0132653 0.00371224 0.000681509 8.03547e-05 6.28946e-06 3.48811e-07 1.44588e-08 4.46819e-10 9.83206e-12 1.46913e-13
 7.29608e-09 3.78895e-07 1.16021e-05 0.000209482 0.00223034 0.0140062 0.0519487 0.114563 0.155251 0.148327 0.137432 0.137195 0.113873 0.0713045 0.0354468 0.0137221 0.00373277 0.000663721 7.63268e-05 5.84637e-06 3.10012e-07 1.15776e-08 3.01515e-10 5.39051e-12 6.56924e-14
 1.10233e-08 5.43458e-07 1.57983e-05 0.000270799 0.00273719 0.0163198 0.0574854 0.120574 0.156448 0.146454 0.136742 0.135331 0.109779 0.0678909 0.0334576 0.0126081 0.00327273 0.000549455 5.94229e-05 4.28118e-06 2.1443e-07 7.61112e-09 1.88732e-10 3.18142e-12 3.56758e-14
 1.60565e-08 7.50991e-07 2.07113e-05 0.000336801 0.00322976 0.0182712 0.0610979 0.121975 0.152425 0.142742 0.138271 0.137442 0.109343 0.066782 0.0325486 0.0119639 0.00300365 0.000490749 5.25564e-05 3.81888e-06 1.93557e-07 6.83087e-09 1.64158e-10 2.63076e-12 2.77791e-14
 2.71661e-08 1.20469e-06 3.15003e-05 0.000485677 0.0044158 0.0236844 0.0750827 0.142027 0.167718 0.147034 0.132093 0.123055 0.0931054 0.0545468 0.0254362 0.00884944 0.00208233 0.000316499 3.13447e-05 2.10382e-06 9.93942e-08 3.32952e-09 7.73432e-11 1.21061e-12 1.24865e-14
 3.90535e-08 1.64118e-06 4.06668e-05 0.000594186 0.00511975 0.0260284 0.0782819 0.141096 0.1618 0.145496 0.138656 0.128863 0.092574 0.0505638 0.0219132 0.00713226 0.00158555 0.000230192 2.20288e-05 1.43839e-06 6.57385e-08 2.09543e-09 4.55757e-11 6.62853e-13 6.36272e-15
 5.41835e-08 2.15688e-06 5.06263e-05 0.000700694 0.00571933 0.0275508 0.0786007 0.135106 0.151097 0.140226 0.141113 0.133025 0.0969596 0.0551236 0.0246855 0.00802199 0.00174477 0.000248392 2.36539e-05 1.55591e-06 7.14922e-08 2.25881e-09 4.7909e-11 6.70226e-13 6.11527e-15
 8.8286e-08 3.32794e-06 7.39688e-05 0.000969449 0.00749321 0.0341814 0.0923499 0.150347 0.159266 0.139915 0.13341 0.120262 0.0852197 0.0476343 0.020808 0.0065053 0.00135597 0.000186269 1.73259e-05 1.12455e-06 5.11579e-08 1.59834e-09 3.34472e-11 4.60098e-13 4.10359e-15
 1.20903e-07 4.31464e-06 9.0791e-05 0.00112655 0.00824459 0.0356258 0.0913789 0.14269 0.150868 0.14299 0.145649 0.128539 0.085135 0.0437659 0.0176176 0.00512666 0.00100394 0.000130598 1.1588e-05 7.21475e-07 3.15842e-08 9.5161e-10 1.92426e-11 2.56155e-13 2.2114e-15
 1.86694e-07 6.3066e-06 0.000125618 0.00147545 0.0102215 0.0418151 0.101592 0.150596 0.152331 0.139963 0.138593 0.119752 0.0796266 0.041645 0.0166518 0.00464449 0.000850327 0.000101769 8.22335e-06 4.65511e-07 1.86769e-08 5.21864e-10 9.88357e-12 1.24006e-13 1.01268e-15
 2.71309e-07 8.67481e-06 0.00016355 0.00181829 0.0119243 0.0461991 0.10653 0.151302 0.151498 0.144022 0.14338 0.118087 0.0729463 0.0351252 0.0129766 0.0033706 0.000578078 6.49965e-05 4.9271e-06 2.59779e-07 9.59926e-09 2.44568e-10 4.20225e-12 4.7864e-14 3.56545e-16
 3.96877e-07 1.20111e-05 0.000214341 0.00225558 0.0140026 0.051377 0.112408 0.152738 0.150215 0.144425 0.14253 0.11404 0.0687225 0.0323011 0.0114591 0.00280323 0.000446286 4.60232e-05 3.16732e-06 1.50919e-07 5.05666e-09 1.17584e-10 1.8508e-12 1.92972e-14 1.31142e-16
 5.53375e-07 1.58526e-05 0.000267782 0.00266751 0.0156784 0.0545051 0.113388 0.148675 0.147361 0.147946 0.146448 0.113681 0.0662841 0.0300991 0.0102152 0.00237189 0.000358022 3.51081e-05 2.30123e-06 1.03851e-07 3.25042e-09 6.94911e-11 9.94029e-13 9.36895e-15 5.75486e-17
 8.22615e-07 2.23085e-05 0.000356736 0.00336417 0.0187205 0.0616423 0.121685 0.152521 0.147339 0.145952 0.140818 0.106744 0.0616569 0.0277018 0.00912756 0.00202712 0.000291701 2.73905e-05 1.72971e-06 7.53305e-08 2.26391e-09 4.60678e-11 6.21355e-13 5.47087e-15 3.11028e-17
 1.11276e-06 2.85709e-05 0.000432566 0.00386248 0.0203576 0.0635828 0.119837 0.147153 0.147969 0.155109 0.147834 0.105571 0.056321 0.0232363 0.00705007 0.00144514 0.000191502 1.64635e-05 9.47139e-07 3.7637e-08 1.0418e-09 1.97582e-11 2.50544e-13 2.08142e-15 1.11577e-17
 1.50103e-06 3.64933e-05 0.00052318 0.00442388 0.0220871 0.0654405 0.117736 0.14125 0.14539 0.156843 0.149007 0.106458 0.0578899 0.0241357 0.00717712 0.00140922 0.000177264 1.44383e-05 7.85451e-07 2.93105e-08 7.53155e-10 1.3113e-11 1.51649e-13 1.14794e-15 5.62662e-18
#pred catch len freq
 1.48807e-11 1.61516e-09 1.0337e-07 3.90086e-06 8.6799e-05 0.00113885 0.00881142 0.0402195 0.108532 0.174995 0.177371 0.136671 0.110264 0.0902048 0.0600389 0.0344845 0.0200547 0.0120761 0.00757605 0.00508899 0.00372844 0.00301667 0.0025561 0.00194863 0.00113133
 1.068e-11 1.15922e-09 7.41896e-08 2.79969e-06 6.2297e-05 0.000817388 0.0063251 0.0288904 0.0782299 0.128314 0.140302 0.134915 0.14158 0.130487 0.0907989 0.0534819 0.0302582 0.0161245 0.00824673 0.00436435 0.00252212 0.00166093 0.00122687 0.000881809 0.000507745
 6.74141e-12 7.31715e-10 4.68297e-08 1.76721e-06 3.93231e-05 0.00051597 0.00399335 0.0182559 0.0496527 0.0832058 0.0991808 0.115635 0.143383 0.147433 0.120967 0.0899774 0.0606203 0.0346488 0.0173068 0.00796254 0.00356779 0.00172688 0.000983539 0.000610808 0.000332297
 1.51364e-11 1.64291e-09 1.05146e-07 3.96789e-06 8.82903e-05 0.0011584 0.00896225 0.0408971 0.110212 0.176504 0.173288 0.119202 0.0808392 0.0668375 0.0595121 0.0532561 0.0436573 0.0309176 0.0186691 0.00940179 0.00400182 0.00154874 0.000622236 0.000287077 0.000134152
 1.99522e-11 2.16562e-09 1.38599e-07 5.2303e-06 0.00011638 0.00152694 0.0118132 0.0538989 0.145139 0.231546 0.223046 0.141411 0.0769768 0.0465946 0.0270253 0.0143581 0.00900524 0.00684965 0.00504486 0.00313439 0.00156893 0.000630343 0.000214269 7.0123e-05 2.41446e-05
 1.71486e-11 1.86131e-09 1.19124e-07 4.49535e-06 0.000100027 0.0013124 0.010154 0.0463416 0.124971 0.200842 0.200454 0.146194 0.107183 0.0804888 0.0469629 0.0202265 0.00774503 0.00324746 0.00167629 0.00103819 0.000614854 0.000294499 0.000108833 3.20191e-05 8.23368e-06
 1.91117e-11 2.07439e-09 1.32761e-07 5.00998e-06 0.000111478 0.00146263 0.0113158 0.0516339 0.1391 0.222394 0.216526 0.143594 0.0874954 0.0589369 0.0356422 0.0180803 0.00839152 0.00342225 0.00118297 0.000406343 0.000171072 8.16234e-05 3.42718e-05 1.10373e-05 2.685e-06
 1.87581e-11 2.03601e-09 1.30305e-07 4.91729e-06 0.000109416 0.00143557 0.0111066 0.0506815 0.136566 0.218603 0.214063 0.145249 0.0928374 0.0639664 0.0370908 0.016784 0.0069608 0.00288945 0.00111851 0.000377293 0.000110143 3.17573e-05 1.04105e-05 3.37118e-06 8.70367e-07
 1.79702e-11 1.95049e-09 1.24831e-07 4.71074e-06 0.00010482 0.00137527 0.0106403 0.0485566 0.130884 0.209863 0.207189 0.145136 0.0990284 0.0716764 0.0426009 0.0197559 0.00825772 0.00325226 0.00115174 0.000374362 0.000111107 2.85711e-05 6.45747e-06 1.43323e-06 3.17338e-07
 1.72475e-11 1.87205e-09 1.19811e-07 4.52129e-06 0.000100604 0.00131997 0.0102125 0.046607 0.125664 0.201777 0.20055 0.144105 0.10326 0.0776651 0.0477636 0.0235519 0.0106677 0.00444865 0.00160787 0.000508762 0.000141975 3.4634e-05 7.28405e-06 1.30186e-06 2.04419e-07
 1.84534e-11 2.00294e-09 1.28188e-07 4.83741e-06 0.000107638 0.00141225 0.0109262 0.0498592 0.134361 0.215161 0.21111 0.144391 0.0939804 0.066077 0.0394702 0.0189908 0.00848292 0.00362535 0.00139367 0.000470652 0.000135601 3.25974e-05 6.51768e-06 1.07743e-06 1.45742e-07
 1.99313e-11 2.16335e-09 1.38454e-07 5.22484e-06 0.000116259 0.00152535 0.011801 0.0538452 0.145023 0.231591 0.224183 0.145109 0.0832013 0.0523928 0.029443 0.0131458 0.00532725 0.00212134 0.000791504 0.000269978 8.14175e-05 2.06822e-05 4.26441e-06 6.96812e-07 8.91476e-08
 1.98514e-11 2.15468e-09 1.37899e-07 5.20388e-06 0.000115793 0.00151924 0.0117537 0.0536303 0.144456 0.230778 0.223834 0.146058 0.0853068 0.0542046 0.0297125 0.0122068 0.00426479 0.00146261 0.000484081 0.000150555 4.32803e-05 1.09985e-05 2.34743e-06 4.00139e-07 5.23207e-08
 1.97445e-11 2.14308e-09 1.37157e-07 5.17586e-06 0.000115169 0.00151106 0.0116905 0.053342 0.143684 0.229587 0.222876 0.145976 0.0860498 0.0552085 0.0305421 0.012757 0.00453114 0.00151303 0.000452319 0.000120523 2.98329e-05 6.80271e-06 1.37284e-06 2.3242e-07 3.11288e-08
 1.98086e-11 2.15004e-09 1.37602e-07 5.19267e-06 0.000115543 0.00151596 0.0117284 0.0535148 0.144146 0.230294 0.223417 0.145934 0.0854685 0.054531 0.030119 0.0125913 0.00449201 0.001515 0.000457642 0.000120102 2.75182e-05 5.46299e-06 9.46701e-07 1.42809e-07 1.80151e-08
 2.03182e-11 2.20535e-09 1.41142e-07 5.32626e-06 0.000118516 0.00155496 0.01203 0.0548891 0.147821 0.235944 0.227848 0.145967 0.0814177 0.0495627 0.0266858 0.0108177 0.00367546 0.00118986 0.000354166 9.31437e-05 2.14246e-05 4.17427e-06 6.74057e-07 8.97261e-08 9.82858e-09
 2.1021e-11 2.28163e-09 1.46024e-07 5.5105e-06 0.000122615 0.00160874 0.012446 0.0567843 0.152887 0.243725 0.233915 0.145893 0.0756497 0.042596 0.0220152 0.00855271 0.00269895 0.000804613 0.000224504 5.60933e-05 1.24962e-05 2.408e-06 3.86604e-07 5.0147e-08 5.12779e-09
 2.13207e-11 2.31416e-09 1.48106e-07 5.58904e-06 0.000124363 0.00163167 0.0126234 0.0575924 0.155048 0.247051 0.23654 0.145968 0.0733525 0.0397342 0.0199813 0.00743998 0.00215031 0.000572335 0.000144718 3.30093e-05 6.76574e-06 1.22284e-06 1.88286e-07 2.38792e-08 2.40145e-09
 2.11741e-11 2.29825e-09 1.47088e-07 5.55063e-06 0.000123508 0.00162046 0.0125366 0.0571974 0.153993 0.245444 0.235347 0.146183 0.0748614 0.0413948 0.0208815 0.00764073 0.00210333 0.000517717 0.0001197 2.45339e-05 4.46735e-06 7.23736e-07 1.01435e-07 1.1948e-08 1.14247e-09
 2.1444e-11 2.32753e-09 1.48962e-07 5.62136e-06 0.000125082 0.00164111 0.0126963 0.0579248 0.155936 0.248411 0.237582 0.145895 0.0722522 0.0384586 0.0191992 0.0071366 0.00205219 0.000531009 0.000123824 2.42527e-05 4.05269e-06 5.88773e-07 7.31018e-08 7.64048e-09 6.58729e-10
 2.20829e-11 2.39689e-09 1.53401e-07 5.78886e-06 0.000128809 0.00169 0.0130745 0.0596477 0.16054 0.255468 0.243011 0.14559 0.066642 0.0318696 0.0150252 0.00538688 0.00146382 0.000355223 8.11324e-05 1.62749e-05 2.7933e-06 4.00753e-07 4.67156e-08 4.41301e-09 3.37449e-10
 2.18978e-11 2.37679e-09 1.52114e-07 5.74032e-06 0.000127729 0.00167584 0.0129649 0.0591486 0.159207 0.253436 0.241498 0.145843 0.0685181 0.0339431 0.0161604 0.00565816 0.00142883 0.000307325 6.28542e-05 1.16318e-05 1.89377e-06 2.68117e-07 3.16096e-08 2.98143e-09 2.18779e-10
 2.22874e-11 2.41908e-09 1.54821e-07 5.84245e-06 0.000130001 0.00170565 0.0131955 0.060199 0.162013 0.25773 0.244772 0.145556 0.0649448 0.0298283 0.0136672 0.00474118 0.00119532 0.000254976 5.032e-05 8.59891e-06 1.24871e-06 1.58521e-07 1.7319e-08 1.57178e-09 1.1418e-10
 2.26767e-11 2.46134e-09 1.57525e-07 5.94451e-06 0.000132272 0.00173544 0.0134259 0.0612488 0.164818 0.262028 0.248069 0.14534 0.0614805 0.0257837 0.0111384 0.00371909 0.000874448 0.000165223 2.9245e-05 4.7404e-06 6.65681e-07 7.98917e-08 7.96409e-09 6.48428e-10 4.29066e-11
 2.2848e-11 2.47993e-09 1.58715e-07 5.98942e-06 0.000133272 0.00174855 0.0135273 0.0617106 0.166052 0.263918 0.249515 0.145232 0.0599374 0.0239924 0.0100328 0.00328841 0.000748738 0.000132076 2.1244e-05 3.10148e-06 3.87561e-07 4.19752e-08 3.90982e-09 3.00702e-10 1.84624e-11
 2.31677e-11 2.51463e-09 1.60936e-07 6.07322e-06 0.000135136 0.00177301 0.0137165 0.0625725 0.168355 0.267442 0.252203 0.145003 0.0570148 0.0206208 0.00798104 0.00252407 0.000549423 8.81329e-05 1.24677e-05 1.63852e-06 1.86604e-07 1.81774e-08 1.50741e-09 1.03477e-10 5.77532e-12
 2.34227e-11 2.54231e-09 1.62708e-07 6.14008e-06 0.000136624 0.00179253 0.0138675 0.0632602 0.170192 0.270253 0.254344 0.144809 0.0546647 0.017919 0.00634984 0.00193181 0.000405421 6.00161e-05 7.43822e-06 8.57413e-07 8.65108e-08 7.41343e-09 5.44781e-10 3.34448e-11 1.66439e-12
 2.34589e-11 2.54624e-09 1.62959e-07 6.14955e-06 0.000136835 0.0017953 0.0138889 0.0633577 0.170452 0.270652 0.25465 0.144788 0.0543423 0.017543 0.00611516 0.00183748 0.000376206 5.2048e-05 5.6555e-06 5.633e-07 5.00817e-08 3.75026e-09 2.38808e-10 1.27746e-11 5.56768e-13
#obs catch len freq
 4.40861e-11 4.08575e-09 2.23269e-07 7.19403e-06 0.00013668 0.00153125 0.0101173 0.0394606 0.0913049 0.12859 0.123998 0.113511 0.12022 0.117194 0.0970187 0.0718931 0.0458233 0.0239659 0.0103237 0.00364037 0.00101465 0.000213103 3.21064e-05 3.32577e-06 2.29269e-07
 6.61597e-11 5.91372e-09 3.11685e-07 9.68629e-06 0.000177496 0.0019179 0.0122219 0.0459762 0.102594 0.139284 0.129226 0.113528 0.116201 0.111186 0.0912147 0.0659331 0.0398051 0.0194188 0.00784391 0.00261805 0.000688924 0.00013539 1.89757e-05 1.82447e-06 1.16539e-07
 4.25878e-11 3.66525e-09 1.85998e-07 5.56549e-06 9.81969e-05 0.00102175 0.00627384 0.0228132 0.0500323 0.0721804 0.0904483 0.12804 0.165573 0.161861 0.127449 0.0876768 0.0505787 0.0234868 0.00889944 0.00275187 0.000669657 0.000122001 1.58506e-05 1.40923e-06 8.30322e-08
 2.13917e-11 1.76974e-09 8.63299e-08 2.48316e-06 4.21177e-05 0.000421365 0.00249014 0.00876031 0.0190792 0.0303278 0.0499972 0.0905779 0.140194 0.17781 0.187835 0.151695 0.0873675 0.0368334 0.0122955 0.00338516 0.000745068 0.00012363 1.46746e-05 1.19487e-06 6.4578e-08
 3.82722e-10 3.03899e-08 1.42285e-06 3.92807e-05 0.000639418 0.0061373 0.0347344 0.115917 0.228143 0.265049 0.182692 0.0772168 0.0252612 0.0148352 0.015975 0.0149801 0.0103771 0.00531251 0.00200563 0.000554056 0.000112166 1.66078e-05 1.7605e-06 1.29008e-07 6.31334e-09
 2.63761e-10 2.00729e-08 9.00734e-07 2.38326e-05 0.00037183 0.00342105 0.0185717 0.0596562 0.115075 0.143069 0.146136 0.163435 0.166354 0.114887 0.0493026 0.0139618 0.00361645 0.00134498 0.000553308 0.000174585 3.81262e-05 5.63575e-06 5.59852e-07 3.71306e-08 1.62617e-09
 6.3707e-10 4.64036e-08 1.99298e-06 5.0471e-05 0.00075365 0.00663584 0.0344562 0.105569 0.191438 0.208755 0.147916 0.0899057 0.0680438 0.0585978 0.0456988 0.027556 0.0112089 0.00287449 0.000472643 5.82582e-05 7.21012e-06 9.07524e-07 8.85829e-08 5.76441e-09 2.3979e-10
 8.30028e-10 5.77921e-08 2.37264e-06 5.74358e-05 0.000819834 0.00690058 0.03426 0.100482 0.175474 0.189761 0.149351 0.119586 0.100959 0.0676304 0.0336709 0.0139893 0.00513016 0.00152976 0.000338095 5.21841e-05 5.45206e-06 3.93394e-07 2.1402e-08 9.5251e-10 3.31666e-11
 1.1721e-09 7.79171e-08 3.05413e-06 7.05878e-05 0.00096198 0.00773081 0.0366486 0.102671 0.171581 0.179131 0.140301 0.116032 0.101372 0.0729948 0.0419883 0.0196554 0.00688486 0.00165967 0.000276061 3.41066e-05 3.325e-06 2.47506e-07 1.2969e-08 4.54379e-10 1.05903e-11
 1.71423e-09 1.08678e-07 4.06255e-06 8.95461e-05 0.00116383 0.00891995 0.0403323 0.107827 0.172401 0.17424 0.136986 0.116722 0.101629 0.0717008 0.0406699 0.0188511 0.00656556 0.00159418 0.000268253 3.21565e-05 2.79024e-06 1.74531e-07 7.80427e-09 2.46426e-10 5.35201e-12
 1.93276e-09 1.16734e-07 4.15725e-06 8.72978e-05 0.00108095 0.00789397 0.0340311 0.0870256 0.135258 0.142369 0.136898 0.145694 0.134575 0.0930035 0.0506717 0.0222668 0.0072431 0.00161998 0.00024896 2.74086e-05 2.22413e-06 1.31252e-07 5.43959e-09 1.53727e-10 2.90847e-12
 4.13861e-09 2.37902e-07 8.06358e-06 0.000161156 0.00189916 0.013198 0.0541109 0.131185 0.190283 0.174737 0.125562 0.0996565 0.0845229 0.0622296 0.0378597 0.0176145 0.00562379 0.00117082 0.000160996 1.5377e-05 1.07136e-06 5.50407e-08 2.0338e-09 5.22752e-11 9.08125e-13
 5.85901e-09 3.20253e-07 1.03217e-05 0.000196154 0.0021981 0.0145266 0.0566609 0.130952 0.182893 0.168795 0.135037 0.119218 0.094649 0.0561372 0.0257838 0.0096059 0.00271732 0.000538375 7.34417e-05 7.04854e-06 4.8189e-07 2.31584e-08 7.66157e-10 1.72218e-11 2.6083e-13
 8.40877e-09 4.36678e-07 1.33715e-05 0.000241428 0.00257041 0.0161402 0.059833 0.131609 0.176122 0.15999 0.132824 0.121587 0.0972453 0.0591754 0.0284892 0.0107384 0.00286267 0.000498221 5.57296e-05 4.15429e-06 2.20244e-07 8.72082e-09 2.5602e-10 5.31838e-12 7.46695e-14
 1.1877e-08 5.85549e-07 1.70219e-05 0.000291772 0.00294914 0.0175824 0.0619134 0.129656 0.166968 0.151888 0.134197 0.127664 0.101451 0.0614215 0.0296084 0.0110077 0.00284724 0.000479679 5.23161e-05 3.80962e-06 1.92207e-07 6.81566e-09 1.67975e-10 2.83377e-12 3.25076e-14
 1.79697e-08 8.40475e-07 2.31791e-05 0.000376931 0.0036145 0.0204452 0.068327 0.136001 0.167595 0.149301 0.132817 0.12522 0.097336 0.0582369 0.0277782 0.0100228 0.00246841 0.000392115 4.01822e-05 2.75082e-06 1.31068e-07 4.41582e-09 1.03516e-10 1.64351e-12 1.73089e-14
 2.64962e-08 1.17499e-06 3.07235e-05 0.000473702 0.00430693 0.0231012 0.0732443 0.138648 0.164268 0.145675 0.133372 0.125759 0.0958467 0.0566346 0.0266637 0.00936352 0.00222867 0.000344697 3.50112e-05 2.4174e-06 1.16337e-07 3.88548e-09 8.8047e-11 1.32682e-12 1.31454e-14
 4.43931e-08 1.86556e-06 4.62268e-05 0.000675418 0.00581942 0.0295789 0.088861 0.159291 0.178196 0.147705 0.125137 0.110442 0.0800281 0.0453291 0.0203831 0.00676247 0.00150629 0.000216442 2.031e-05 1.29513e-06 5.81425e-08 1.84494e-09 4.04241e-11 5.94643e-13 5.74771e-15
 6.37381e-08 2.53722e-06 5.95535e-05 0.000824242 0.00672741 0.032398 0.0923042 0.157621 0.171264 0.145807 0.131342 0.115755 0.0795879 0.0419917 0.0175468 0.00544798 0.0011469 0.000157485 1.42826e-05 8.85374e-07 3.83771e-08 1.15629e-09 2.36871e-11 3.2356e-13 2.91017e-15
 8.9727e-08 3.38226e-06 7.51761e-05 0.000985272 0.00761547 0.0347384 0.0938445 0.1527 0.161391 0.140831 0.133044 0.118853 0.0831227 0.0456607 0.0196376 0.00606568 0.00124792 0.000168114 1.51824e-05 9.47665e-07 4.1222e-08 1.22833e-09 2.44903e-11 3.21267e-13 2.7429e-15
 1.45453e-07 5.19072e-06 0.000109225 0.00135526 0.00991713 0.0428274 0.109531 0.168692 0.168537 0.138485 0.123275 0.105146 0.0715146 0.0385838 0.0161495 0.00479201 0.000944632 0.000122854 1.08423e-05 6.67665e-07 2.87309e-08 8.4575e-10 1.66198e-11 2.14129e-13 1.78475e-15
 2.01631e-07 6.81117e-06 0.000135668 0.00159348 0.0110387 0.0451491 0.109585 0.161698 0.160582 0.141217 0.133697 0.111458 0.0707319 0.0350609 0.0135245 0.00373665 0.000692199 8.52683e-05 7.17887e-06 4.23952e-07 1.75482e-08 4.97909e-10 9.44961e-12 1.17742e-13 9.49209e-16
 3.12402e-07 9.98872e-06 0.00018832 0.00209362 0.013728 0.0531506 0.122155 0.170883 0.161561 0.136319 0.12455 0.101602 0.0647976 0.0326047 0.0124371 0.00328228 0.000567207 6.41813e-05 4.91634e-06 2.63987e-07 1.00201e-08 2.6379e-10 4.68945e-12 5.50616e-14 4.19743e-16
 4.56276e-07 1.38087e-05 0.000246419 0.00259306 0.0160953 0.0590128 0.128673 0.172151 0.160107 0.138492 0.126768 0.0984267 0.0582221 0.0269472 0.00949664 0.00233421 0.000377841 4.01489e-05 2.88247e-06 1.4395e-07 5.02511e-09 1.20512e-10 1.94293e-12 2.07103e-14 1.44034e-16
 6.68594e-07 1.91532e-05 0.000323532 0.0032227 0.0189366 0.0657499 0.135979 0.173737 0.157803 0.137118 0.124274 0.0938188 0.054144 0.0244143 0.00824049 0.00190386 0.000285654 2.78028e-05 1.81037e-06 8.16834e-08 2.58605e-09 5.66087e-11 8.3585e-13 8.15205e-15 5.16997e-17
 9.37398e-07 2.54213e-05 0.000406509 0.00383338 0.0213273 0.0701593 0.137887 0.169563 0.154116 0.139202 0.126801 0.0930171 0.0519386 0.022593 0.00728444 0.00159638 0.000227072 2.10143e-05 1.30241e-06 5.55735e-08 1.64057e-09 3.29708e-11 4.42067e-13 3.89636e-15 2.23341e-17
 1.4059e-06 3.60971e-05 0.000546501 0.00487928 0.0257031 0.0800788 0.149208 0.174667 0.152831 0.134161 0.118402 0.0847548 0.0468398 0.0201044 0.00627757 0.0013145 0.000178238 1.57978e-05 9.43138e-07 3.88043e-08 1.09858e-09 2.09884e-11 2.65052e-13 2.18023e-15 1.15574e-17
 1.91131e-06 4.64679e-05 0.000666162 0.00563219 0.0281032 0.0830373 0.147546 0.168395 0.152034 0.141444 0.124005 0.0837009 0.0426832 0.0168119 0.00483244 0.000933547 0.000116485 9.44539e-06 5.13516e-07 1.92836e-08 5.03138e-10 8.96269e-12 1.06409e-13 8.25572e-16 4.12428e-18
#spawning biomass
 33733.6 32617.9 22670.9 14347.3 24741 38198.9 55718.4 86898.4 120111 161511 140208 154548 170088 202215 225697 210559 201978 193736 163950 180281 202911 205209 202694 185048 197284 184823 196535 185178 184308 276515 167029 90577.2 49822.7 30966.4 22968.5 19766.6 18535.3 18075.4 17907.2 17846.7 17825.1 17817.5 17814.9 17814 17813.6 17813.5 17813.5 17813.5 17813.5 17813.5 17813.5 17813.5 17813.5 17813.5 17813.5 17813.5 17813.5 17813.5 17813.5 17813.5 17813.5 17813.5 17813.5 17813.5 17813.5 17813.5 17813.5 17813.5 17813.5 17813.5 17813.5 17813.5 17813.5 17813.5 17813.5 17813.5 17813.5 17813.5 17813.5 17813.5 17813.5 17813.5 17813.5 17813.5 17813.5 17813.5 17813.5 17813.5 17813.5 17813.5 17813.5 17813.5 17813.5 17813.5 17813.5 17813.5 17813.5 17813.5 17813.5 17813.5 17813.5 17813.5 17813.5 17813.5 17813.5 17813.5 17813.5 17813.5 17813.5 17813.5 17813.5 17813.5 17813.5 17813.5 17813.5 17813.5 17813.5 17813.5 17813.5 17813.5 17813.5 17813.5 17813.5 17813.5 17813.5 17813.5 17813.5 17813.5 0 0 0 0 0 0 0 0 0 0 0 0 0 0 0 0 0 0 0 0 0 0 0 0 0
