SBPRF35
0.224663
Curr Bio
46128.2
B35
182965
F35
0.335874
FOFL
0.0723471
OFL
8258.62
Bzero
64189.3
#pred survey bio
 8413.3 7864.45 8469.03 8005.21 10565.3 14661.2 15189.8 18315.6 31191.8 52256.2 72306.3 86152.3 112031 142593 154889 136841 130025 125080 116961 123197 126424 135843 146180 155673 180177 185563 178364 163300 5.74534e+06 3.9575e+06 3.17167e+06 2.33244e+06 1.71409e+06 1.3227e+06 1.09337e+06 964251 892840 853457 831570 819220 812107 807916 805386 803819 802838 802213 801808 801543 801368 801252 801175 801123 801088 801064 801048 801037 801030 801025 801022 801020 801018 801017 801017 801016 801016 801016 801015 801015 801015 801015 801015 801015 801015 801015 801015 801015 801015 801015 801015 801015 801015 801015 801015 801015 801015 801015 801015 801015 801015 801015 801015 801015 801015 801015 801015 801015 801015 801015 801015 801015 801015 801015 801015 801015 801015 801015 801015 801015 801015 801015 801015 801015 801015 801015 801015 801015 801015 801015 801015 801015 801015 801015 801015 801015 801015 801015 801015 801015 0 0 0 0 0 0 0 0 0 0 0 0 0 0 0 0 0 0 0 0 0 0 0 0 0
#obs survey bio
 7876.57 9781.68 6642.52 10463.7 15876.6 12391.3 13594.7 25105.8 36180.4 69116.3 66379.3 99120.4 116972 175356 103178 158402 157913 153464 92057.8 120238 101927 118907 100702 131836 205335 170541 164505 175512
#pred catch bio
 5342.69 5006.82 5852.42 5306.41 6572.03 9997.34 10431.3 11524 18675.9 32921.2 50076.4 57558.2 73660.1 92971.7 107501 93455.1 90068.3 88260.4 77769.5 83416.9 85496.9 92236.1 100071 102070 120197 122378 120108 105395 8258.62 43749.3 34372.1 24564 17549.1 13252.5 10835.1 9542.97 8874.55 8536.11 8367.2 8283.72 8242.73 8222.7 8212.93 8208.18 8205.88 8204.77 8204.23 8203.97 8203.85 8203.79 8203.76 8203.74 8203.74 8203.73 8203.73 8203.73 8203.73 8203.73 8203.73 8203.73 8203.73 8203.73 8203.73 8203.73 8203.73 8203.73 8203.73 8203.73 8203.73 8203.73 8203.73 8203.73 8203.73 8203.73 8203.73 8203.73 8203.73 8203.73 8203.73 8203.73 8203.73 8203.73 8203.73 8203.73 8203.73 8203.73 8203.73 8203.73 8203.73 8203.73 8203.73 8203.73 8203.73 8203.73 8203.73 8203.73 8203.73 8203.73 8203.73 8203.73 8203.73 8203.73 8203.73 8203.73 8203.73 8203.73 8203.73 8203.73 8203.73 8203.73 8203.73 8203.73 8203.73 8203.73 8203.73 8203.73 8203.73 8203.73 8203.73 8203.73 8203.73 8203.73 8203.73 8203.73 8203.73 8203.73 8203.73 8203.73 0 0 0 0 0 0 0 0 0 0 0 0 0 0 0 0 0 0 0 0 0 0 0 0 0
#obs catch bio
 5857.75 4963.3 5928.67 5224.47 6372.57 9815.62 10485.3 11271.5 18004.4 31748.9 50149.8 56385.3 73281 92518.1 110239 92638.3 91024.6 88662.3 78196.8 83177.6 86304.6 93903.8 102896 103151 121922 122997 121788 105353
#pred cpue bio
 7624.51 6737.19 7290.69 6845.79 8838.59 12419 12968.3 15340.9 25867.4 43815 61097.6 72279.2 94118 120416 133130 117859 111488 106818 99787 105447 107923 115509 124288 132237 153326 159217 154376 140963 4.96332e+06 3.89704e+06 3.13245e+06 2.29351e+06 1.67516e+06 1.28377e+06 1.05444e+06 925323 853911 814529 792642 780291 773179 768987 766457 764891 763910 763284 762879 762614 762440 762323 762246 762194 762159 762135 762119 762109 762101 762097 762093 762091 762090 762089 762088 762087 762087 762087 762087 762087 762087 762086 762086 762086 762086 762086 762086 762086 762086 762086 762086 762086 762086 762086 762086 762086 762086 762086 762086 762086 762086 762086 762086 762086 762086 762086 762086 762086 762086 762086 762086 762086 762086 762086 762086 762086 762086 762086 762086 762086 762086 762086 762086 762086 762086 762086 762086 762086 762086 762086 762086 762086 762086 762086 762086 762086 762086 762086 762086 762086 0 0 0 0 0 0 0 0 0 0 0 0 0 0 0 0 0 0 0 0 0 0 0 0 0
#obs cpue bio
 6745.94 7019.81 6578.07 8005.65 10561.5 17740.4 11453.5 19112.1 45159.4 56386.8 50390.4 100242 86895.4 107766 115360 144204 67650.6 87435.4 108481 122791 105101 94585.2 111562 142220 108995 167889 130609 141507
#pred surv len freq
 2.14641e-27 2.17457e-27 6.73564e-27 1.56071e-21 9.28213e-17 1.26917e-12 3.98964e-09 2.88332e-06 0.00047906 0.0182998 0.160709 0.324476 0.151002 0.0264306 0.0636522 0.0892943 0.0361642 0.0286156 0.0254388 0.0172432 0.0145886 0.0127219 0.0132576 0.0124003 0.00522413
 2.14885e-27 2.1818e-27 7.56232e-27 1.84124e-21 1.09506e-16 1.49729e-12 4.70676e-09 3.40159e-06 0.000565169 0.0215891 0.189596 0.382798 0.178015 0.0277555 0.0541674 0.0756086 0.0276366 0.0134241 0.0106334 0.00576063 0.0040379 0.00288452 0.00250343 0.00213258 0.000888629
 2.14792e-27 2.1797e-27 7.34621e-27 1.76793e-21 1.05146e-16 1.43768e-12 4.51937e-09 3.26616e-06 0.000542668 0.0207295 0.182048 0.367558 0.171033 0.0294504 0.0691085 0.0965896 0.0340937 0.0127486 0.00900511 0.00338367 0.00167119 0.000887317 0.000576011 0.000409631 0.000161874
 2.14833e-27 2.18077e-27 7.46457e-27 1.8081e-21 1.07535e-16 1.47034e-12 4.62204e-09 3.34036e-06 0.000554996 0.0212005 0.186184 0.375908 0.174873 0.0289173 0.063338 0.0884984 0.0318484 0.0138471 0.00990951 0.00314723 0.00113556 0.000379599 0.000151158 7.67214e-05 2.67471e-05
 2.14973e-27 2.18422e-27 7.82935e-27 1.93184e-21 1.14894e-16 1.57097e-12 4.93836e-09 3.56897e-06 0.000592978 0.0226514 0.198925 0.401633 0.186724 0.0277878 0.0486887 0.0678268 0.0242431 0.0100274 0.00717989 0.00247508 0.000927781 0.000240768 5.38153e-05 1.44578e-05 3.75904e-06
 2.14889e-27 2.18212e-27 7.60382e-27 1.85532e-21 1.10343e-16 1.50874e-12 4.74274e-09 3.42759e-06 0.00056949 0.0217541 0.191046 0.385725 0.179409 0.0288471 0.0599503 0.0836535 0.0291909 0.00983093 0.00667161 0.00223714 0.00083436 0.000227305 4.341e-05 6.04244e-06 8.19258e-07
 2.14838e-27 2.18088e-27 7.47345e-27 1.8111e-21 1.07713e-16 1.47278e-12 4.62971e-09 3.3459e-06 0.000555917 0.0212356 0.186492 0.376532 0.175171 0.0291553 0.0646027 0.0902404 0.0319205 0.0121344 0.008379 0.00250949 0.000809825 0.000213047 4.06505e-05 4.78759e-06 3.42867e-07
 2.14964e-27 2.184e-27 7.80537e-27 1.9237e-21 1.1441e-16 1.56435e-12 4.91756e-09 3.55393e-06 0.000590481 0.022556 0.198088 0.399942 0.185947 0.0279126 0.0499605 0.0696163 0.0248371 0.0101226 0.00715481 0.00228062 0.000772433 0.000182377 3.091e-05 3.46398e-06 2.05335e-07
 2.1502e-27 2.18534e-27 7.94583e-27 1.97134e-21 1.17243e-16 1.60309e-12 5.03933e-09 3.64194e-06 0.000605102 0.0231145 0.202993 0.409845 0.190514 0.0276285 0.0452413 0.0629291 0.021994 0.00752022 0.00511904 0.00169873 0.000612648 0.00015294 2.56078e-05 2.5741e-06 1.38069e-07
 2.14952e-27 2.18367e-27 7.76663e-27 1.91054e-21 1.13627e-16 1.55365e-12 4.88392e-09 3.52962e-06 0.000586441 0.0224017 0.196733 0.397206 0.184698 0.0283534 0.0534763 0.0745209 0.0258772 0.0082988 0.00548472 0.00165515 0.000538718 0.000138946 2.48057e-05 2.54286e-06 1.28135e-07
 2.14905e-27 2.18253e-27 7.64702e-27 1.86997e-21 1.11215e-16 1.52066e-12 4.78022e-09 3.45468e-06 0.000573989 0.021926 0.192555 0.388772 0.18081 0.0286424 0.0577823 0.0806133 0.028342 0.0102208 0.0069486 0.00202658 0.000612763 0.000143293 2.4118e-05 2.56431e-06 1.33643e-07
 2.14951e-27 2.18366e-27 7.76734e-27 1.91079e-21 1.13642e-16 1.55385e-12 4.88456e-09 3.53008e-06 0.000586518 0.0224046 0.196758 0.397258 0.184717 0.028201 0.0525304 0.073213 0.0257594 0.0093552 0.00641484 0.0019847 0.000644178 0.000145474 2.23112e-05 2.18768e-06 1.1271e-07
 2.14941e-27 2.18341e-27 7.74063e-27 1.90173e-21 1.13103e-16 1.54648e-12 4.86138e-09 3.51333e-06 0.000583735 0.0222983 0.195825 0.395373 0.183852 0.0283651 0.0541001 0.0754129 0.0263623 0.00902562 0.00609763 0.00189595 0.000628838 0.000150378 2.387e-05 2.21055e-06 1.04847e-07
 2.14909e-27 2.18262e-27 7.65691e-27 1.87333e-21 1.11414e-16 1.52339e-12 4.78879e-09 3.46087e-06 0.000575019 0.0219653 0.192901 0.389469 0.181132 0.0286201 0.0574363 0.0801223 0.0281199 0.00998446 0.00678605 0.00204639 0.000653167 0.000157157 2.5899e-05 2.50203e-06 1.17202e-07
 2.1479e-27 2.17971e-27 7.34904e-27 1.76889e-21 1.05203e-16 1.43846e-12 4.52182e-09 3.26793e-06 0.000542962 0.0207408 0.182147 0.367758 0.171131 0.0295876 0.0698864 0.0976867 0.0345283 0.0130446 0.00902324 0.00277304 0.000899741 0.000210689 3.39165e-05 3.33771e-06 1.61972e-07
 2.14781e-27 2.17949e-27 7.32959e-27 1.76231e-21 1.04811e-16 1.43311e-12 4.505e-09 3.25578e-06 0.000540942 0.0206636 0.181469 0.36639 0.17049 0.0293678 0.0689571 0.0964239 0.0347198 0.015156 0.0108623 0.00345347 0.001173 0.000280591 4.52264e-05 4.35845e-06 2.11256e-07
 2.14814e-27 2.18032e-27 7.41818e-27 1.79237e-21 1.06599e-16 1.45755e-12 4.58183e-09 3.3113e-06 0.000550168 0.021016 0.184564 0.372638 0.173366 0.0290302 0.0650124 0.0908636 0.0327478 0.0143992 0.0104436 0.00360893 0.00135484 0.000339772 5.70884e-05 5.5825e-06 2.68515e-07
 2.1484e-27 2.18095e-27 7.48319e-27 1.81441e-21 1.0791e-16 1.47548e-12 4.63818e-09 3.35203e-06 0.000556934 0.0212745 0.186834 0.377221 0.175481 0.0289409 0.063086 0.0881251 0.0314659 0.012912 0.00923715 0.00321104 0.00124206 0.000339911 6.26474e-05 6.45706e-06 3.19282e-07
 2.14845e-27 2.18106e-27 7.49339e-27 1.81787e-21 1.08115e-16 1.47829e-12 4.64701e-09 3.35841e-06 0.000557995 0.021315 0.18719 0.377939 0.175816 0.029005 0.0632608 0.0883572 0.0313572 0.0122578 0.0086294 0.00287978 0.00107044 0.000296745 5.80916e-05 6.55705e-06 3.47928e-07
 2.14824e-27 2.18054e-27 7.43926e-27 1.79951e-21 1.07024e-16 1.46336e-12 4.60009e-09 3.3245e-06 0.00055236 0.0210998 0.185299 0.374123 0.174055 0.0291138 0.0650755 0.0909298 0.0324686 0.0133203 0.00944675 0.0030668 0.00109246 0.000290236 5.57487e-05 6.54353e-06 3.73865e-07
 2.14843e-27 2.18101e-27 7.48996e-27 1.81671e-21 1.08047e-16 1.47735e-12 4.64405e-09 3.35627e-06 0.000557639 0.0213014 0.18707 0.377699 0.175701 0.0289089 0.0627471 0.0876517 0.0313617 0.0130703 0.00933238 0.00311131 0.00113243 0.000292052 5.34459e-05 6.09132e-06 3.53479e-07
 2.14869e-27 2.18164e-27 7.55602e-27 1.83912e-21 1.09379e-16 1.49557e-12 4.70133e-09 3.39767e-06 0.000564517 0.0215642 0.189378 0.382357 0.177848 0.028743 0.0603301 0.0842339 0.0300072 0.0120915 0.00858092 0.00288829 0.00107005 0.000282611 5.17638e-05 5.67978e-06 3.1841e-07
 2.14868e-27 2.18161e-27 7.55204e-27 1.83776e-21 1.09299e-16 1.49446e-12 4.69787e-09 3.39516e-06 0.000564101 0.0215483 0.189238 0.382075 0.177721 0.0288309 0.0609519 0.0850988 0.0301571 0.0116489 0.00816798 0.00269651 0.000981333 0.000261895 4.90158e-05 5.43296e-06 2.98601e-07
 2.14874e-27 2.18176e-27 7.56728e-27 1.84293e-21 1.09606e-16 1.49867e-12 4.71109e-09 3.40472e-06 0.000565689 0.0216089 0.189771 0.38315 0.178216 0.0287853 0.0603492 0.0842494 0.029862 0.0115516 0.00807849 0.00260287 0.000916602 0.000239504 4.44903e-05 5.0028e-06 2.78472e-07
 2.14862e-27 2.18148e-27 7.53832e-27 1.83311e-21 1.09022e-16 1.49068e-12 4.68598e-09 3.38657e-06 0.000562673 0.0214937 0.188759 0.381108 0.177275 0.0288476 0.0613449 0.0856593 0.0304468 0.0120485 0.00847122 0.00273169 0.00095624 0.000243247 4.37455e-05 4.84357e-06 2.70627e-07
 2.14805e-27 2.18008e-27 7.39043e-27 1.78294e-21 1.06038e-16 1.44989e-12 4.55773e-09 3.29389e-06 0.000547274 0.0209055 0.183593 0.370678 0.172471 0.0293342 0.0674591 0.0942805 0.033528 0.0133225 0.00939014 0.00306634 0.00108901 0.000276834 4.89654e-05 5.26054e-06 2.87474e-07
 2.14745e-27 2.17863e-27 7.23835e-27 1.73136e-21 1.02971e-16 1.40794e-12 4.42588e-09 3.1986e-06 0.000531442 0.0203007 0.178282 0.359955 0.167525 0.0296333 0.0725171 0.101447 0.0365661 0.0160827 0.0115845 0.00379533 0.0013568 0.000349392 6.23626e-05 6.63841e-06 3.54373e-07
 2.14768e-27 2.17921e-27 7.30191e-27 1.75293e-21 1.04254e-16 1.42548e-12 4.48103e-09 3.23845e-06 0.000538064 0.0205537 0.180503 0.36444 0.169584 0.0292636 0.0689086 0.0963822 0.0350572 0.0164189 0.0120603 0.0041914 0.00159554 0.00041588 7.50104e-05 8.0676e-06 4.2993e-07
#obs surv len freq
 1.23831e-39 6.06066e-33 6.81956e-27 1.76416e-21 1.04921e-16 1.4346e-12 4.50969e-09 3.25916e-06 0.000541514 0.0206852 0.181657 0.366771 0.17066 0.029214 0.0679033 0.0949529 0.0343807 0.015618 0.0114254 0.00402785 0.00159293 0.000457942 9.5878e-05 1.23813e-05 8.16654e-07
 1.30905e-39 6.40691e-33 7.20915e-27 1.86494e-21 1.10915e-16 1.51656e-12 4.76733e-09 3.44536e-06 0.000572451 0.0218669 0.192035 0.387723 0.180313 0.0283144 0.056097 0.0782931 0.0282571 0.0125507 0.009127 0.00317802 0.00123732 0.000349953 7.14829e-05 8.97067e-06 5.74879e-07
 1.15722e-39 5.66379e-33 6.37299e-27 1.64863e-21 9.80503e-17 1.34066e-12 4.21438e-09 3.04574e-06 0.000506054 0.0193306 0.169761 0.342754 0.159617 0.0308228 0.0849634 0.118928 0.0418687 0.0152947 0.0106328 0.00364652 0.00139449 0.000388239 7.7735e-05 9.52331e-06 5.93504e-07
 1.35114e-39 6.61291e-33 7.44095e-27 1.9249e-21 1.14481e-16 1.56532e-12 4.92061e-09 3.55614e-06 0.000590857 0.02257 0.19821 0.400189 0.186045 0.0274749 0.0472151 0.0658207 0.0245058 0.0132192 0.00979432 0.00301559 0.00101263 0.000272993 5.35016e-05 6.41752e-06 3.90637e-07
 1.39402e-39 6.82276e-33 7.67708e-27 1.98599e-21 1.18114e-16 1.615e-12 5.07676e-09 3.66898e-06 0.000609607 0.0232862 0.204499 0.412888 0.191918 0.0275343 0.0437499 0.0608133 0.0210569 0.00656977 0.0044474 0.00171157 0.000702877 0.000174242 3.06539e-05 3.53368e-06 2.10155e-07
 1.26479e-39 6.19025e-33 6.96537e-27 1.80188e-21 1.07164e-16 1.46528e-12 4.60611e-09 3.32885e-06 0.000553093 0.0211274 0.185541 0.374613 0.174303 0.029657 0.0682442 0.0953044 0.0327708 0.00945512 0.00600307 0.00170541 0.000531204 0.000154834 3.02983e-05 3.2347e-06 1.79262e-07
 1.27234e-39 6.22724e-33 7.00699e-27 1.81264e-21 1.07805e-16 1.47403e-12 4.63364e-09 3.34874e-06 0.000556398 0.0212537 0.18665 0.376851 0.175311 0.0289689 0.0633693 0.0885371 0.0318035 0.0136304 0.00957024 0.00261278 0.000700042 0.000153105 2.61914e-05 3.07334e-06 1.71742e-07
 1.41715e-39 6.93594e-33 7.80444e-27 2.01893e-21 1.20074e-16 1.64179e-12 5.16098e-09 3.72985e-06 0.00061972 0.0236725 0.207892 0.419737 0.195064 0.0269764 0.0382801 0.0531461 0.018937 0.00764603 0.00542647 0.00181296 0.000632027 0.00013353 1.82539e-05 1.72639e-06 9.39997e-08
 1.41662e-39 6.93339e-33 7.80156e-27 2.01819e-21 1.20029e-16 1.64118e-12 5.15908e-09 3.72848e-06 0.000619491 0.0236638 0.207815 0.419583 0.195007 0.0273624 0.0406832 0.0564695 0.0192441 0.00499008 0.00309475 0.00100061 0.000355578 9.12484e-05 1.47879e-05 1.26542e-06 5.58354e-08
 1.34894e-39 6.60211e-33 7.4288e-27 1.92176e-21 1.14294e-16 1.56277e-12 4.91257e-09 3.55033e-06 0.000589892 0.0225331 0.197886 0.399536 0.185779 0.0284302 0.0532439 0.074164 0.0253547 0.0068317 0.00419813 0.00109179 0.000277795 6.73179e-05 1.1915e-05 1.20267e-06 5.48647e-08
 1.32038e-39 6.46235e-33 7.27154e-27 1.88108e-21 1.11875e-16 1.52969e-12 4.80858e-09 3.47517e-06 0.000577404 0.0220561 0.193697 0.391078 0.181877 0.0286346 0.0570403 0.0795529 0.0277715 0.00937633 0.0062018 0.00163778 0.000406137 7.83456e-05 1.06769e-05 1.06121e-06 5.40477e-08
 1.35759e-39 6.64445e-33 7.47644e-27 1.93408e-21 1.15027e-16 1.57279e-12 4.94408e-09 3.5731e-06 0.000593675 0.0226776 0.199155 0.402098 0.186947 0.0279827 0.0497395 0.0692782 0.0243585 0.00879126 0.00598381 0.00175678 0.000518791 0.00010277 1.25732e-05 9.82918e-07 4.37121e-08
 1.3267e-39 6.49329e-33 7.30636e-27 1.89009e-21 1.1241e-16 1.53701e-12 4.8316e-09 3.49181e-06 0.000580169 0.0221617 0.194624 0.392951 0.182739 0.0285607 0.0560251 0.078114 0.0271484 0.00878371 0.00582715 0.00177258 0.000563768 0.000125582 1.75454e-05 1.34785e-06 5.0823e-08
 1.28466e-39 6.28751e-33 7.07481e-27 1.83019e-21 1.08848e-16 1.4883e-12 4.67849e-09 3.38115e-06 0.000561783 0.0214594 0.188456 0.380498 0.177002 0.0290726 0.0629029 0.0878274 0.0308373 0.0109884 0.00743786 0.00214344 0.000637296 0.000147058 2.26672e-05 1.96661e-06 7.86506e-08
 1.16774e-39 5.71528e-33 6.43092e-27 1.66362e-21 9.89416e-17 1.35285e-12 4.25269e-09 3.07343e-06 0.000510654 0.0195063 0.171305 0.34587 0.161048 0.030559 0.082414 0.115363 0.0410169 0.016262 0.0113545 0.00343329 0.00107695 0.000238315 3.55803e-05 3.27211e-06 1.44941e-07
 1.26113e-39 6.17238e-33 6.94526e-27 1.79667e-21 1.06855e-16 1.46105e-12 4.59282e-09 3.31924e-06 0.000551496 0.0210664 0.185005 0.373531 0.173765 0.0286526 0.0624391 0.0872987 0.0323431 0.0169692 0.0125837 0.00403778 0.00137792 0.000321723 4.9202e-05 4.41262e-06 1.98247e-07
 1.23323e-39 6.03583e-33 6.79161e-27 1.75693e-21 1.04491e-16 1.42873e-12 4.49121e-09 3.24581e-06 0.000539296 0.0206004 0.180913 0.365268 0.169977 0.0295099 0.0701627 0.0980964 0.0349255 0.0140236 0.0101099 0.00383207 0.00156871 0.000398211 6.61316e-05 6.2061e-06 2.80138e-07
 1.28006e-39 6.265e-33 7.04948e-27 1.82363e-21 1.08458e-16 1.48297e-12 4.66174e-09 3.36905e-06 0.000559772 0.0213826 0.187782 0.379136 0.176359 0.0287235 0.0611823 0.0854664 0.0308672 0.0137679 0.00992856 0.00322367 0.00119024 0.000351581 6.89769e-05 7.13655e-06 3.43157e-07
 1.24684e-39 6.10242e-33 6.86655e-27 1.77631e-21 1.05644e-16 1.44449e-12 4.54076e-09 3.28162e-06 0.000545246 0.0208277 0.182909 0.369298 0.171836 0.029397 0.0682593 0.0954061 0.0338875 0.0133414 0.00944398 0.00324152 0.00121606 0.000318785 6.22212e-05 7.45359e-06 4.06771e-07
 1.2537e-39 6.13597e-33 6.90429e-27 1.78608e-21 1.06225e-16 1.45243e-12 4.56572e-09 3.29966e-06 0.000548243 0.0209422 0.183914 0.371328 0.172764 0.0291199 0.065956 0.0921938 0.0332254 0.0145948 0.01048 0.00335842 0.00118583 0.000319035 6.01796e-05 6.90226e-06 4.05086e-07
 1.27721e-39 6.25107e-33 7.0338e-27 1.81958e-21 1.08217e-16 1.47967e-12 4.65137e-09 3.36155e-06 0.000558527 0.021335 0.187364 0.378293 0.175973 0.0288377 0.0621338 0.0867932 0.0311378 0.0132423 0.00952073 0.0032399 0.00119951 0.000305754 5.55604e-05 6.28601e-06 3.58749e-07
 1.2593e-39 6.16339e-33 6.93514e-27 1.79406e-21 1.06699e-16 1.45892e-12 4.58612e-09 3.3144e-06 0.000550692 0.0210357 0.184736 0.372987 0.173533 0.0291814 0.0658312 0.0919912 0.0327871 0.0132631 0.0094123 0.00314863 0.00116425 0.000311657 5.73143e-05 6.22815e-06 3.45905e-07
 1.26364e-39 6.18466e-33 6.95908e-27 1.80025e-21 1.07067e-16 1.46395e-12 4.60195e-09 3.32584e-06 0.000552593 0.0211083 0.185373 0.374274 0.174123 0.0290363 0.0645575 0.0902116 0.0323758 0.0137999 0.00986747 0.00320797 0.00114375 0.000302193 5.65642e-05 6.30517e-06 3.4519e-07
 1.26042e-39 6.16886e-33 6.9413e-27 1.79565e-21 1.06794e-16 1.46021e-12 4.5902e-09 3.31735e-06 0.000551182 0.0210544 0.1849 0.373318 0.173683 0.0290906 0.0651769 0.0910817 0.0326401 0.0137651 0.00985785 0.00329951 0.00120519 0.0003101 5.63396e-05 6.2859e-06 3.5029e-07
 1.26562e-39 6.19434e-33 6.96996e-27 1.80306e-21 1.07235e-16 1.46624e-12 4.60915e-09 3.33104e-06 0.000553458 0.0211414 0.185664 0.37486 0.174392 0.0289969 0.0641404 0.089624 0.0321714 0.0137358 0.00985443 0.00328131 0.00120135 0.000316762 5.78749e-05 6.30138e-06 3.47009e-07
 1.1984e-39 5.86532e-33 6.59975e-27 1.70729e-21 1.01539e-16 1.38836e-12 4.36433e-09 3.15411e-06 0.00052406 0.0200184 0.175802 0.354949 0.165223 0.0299446 0.0759267 0.10624 0.0380738 0.0160607 0.0115042 0.00385748 0.00142111 0.000374495 6.91868e-05 7.62789e-06 4.16239e-07
 1.19867e-39 5.86666e-33 6.60126e-27 1.70768e-21 1.01562e-16 1.38868e-12 4.36533e-09 3.15484e-06 0.00052418 0.020023 0.175842 0.355031 0.165245 0.0295385 0.0734227 0.102779 0.0377794 0.0189151 0.0139813 0.00466088 0.00170834 0.000452717 8.40755e-05 9.33075e-06 5.1424e-07
 1.22725e-39 6.00656e-33 6.75867e-27 1.7484e-21 1.03984e-16 1.4218e-12 4.46943e-09 3.23006e-06 0.00053668 0.0205005 0.180035 0.363496 0.169144 0.0291518 0.0685109 0.0958425 0.0351398 0.0173332 0.0129581 0.00478724 0.00193686 0.000516583 9.58612e-05 1.06948e-05 5.93225e-07
#pred catch len freq
 2.14592e-27 2.17327e-27 6.59312e-27 1.51235e-21 8.99455e-17 1.22984e-12 3.86603e-09 2.79399e-06 0.000464217 0.0177328 0.15573 0.314423 0.14636 0.0265678 0.0675191 0.094772 0.0384158 0.0304902 0.027114 0.0183796 0.0155503 0.0135606 0.0141316 0.0132178 0.00556853
 2.14847e-27 2.18086e-27 7.462e-27 1.80721e-21 1.07482e-16 1.46962e-12 4.61977e-09 3.33872e-06 0.000554723 0.0211901 0.186092 0.375723 0.174754 0.0280144 0.0578799 0.0808483 0.0295662 0.0144057 0.0114171 0.00618558 0.00433585 0.00309737 0.00268816 0.00228994 0.000954201
 2.1476e-27 2.17892e-27 7.26397e-27 1.74003e-21 1.03486e-16 1.41499e-12 4.44805e-09 3.21462e-06 0.000534104 0.0204024 0.179175 0.361758 0.168362 0.02972 0.0725028 0.101375 0.035794 0.0134201 0.00948551 0.00356435 0.00176047 0.000934724 0.000606786 0.000431516 0.000170522
 2.14798e-27 2.1799e-27 7.3728e-27 1.77697e-21 1.05683e-16 1.44503e-12 4.54247e-09 3.28285e-06 0.000545441 0.0208355 0.182978 0.369437 0.171892 0.0292102 0.0670762 0.0937711 0.0337595 0.0147204 0.0105406 0.0033478 0.00120797 0.000403806 0.000160798 8.1614e-05 2.84528e-05
 2.14939e-27 2.18338e-27 7.74005e-27 1.90155e-21 1.13092e-16 1.54633e-12 4.86092e-09 3.513e-06 0.00058368 0.0222962 0.195806 0.395336 0.183823 0.0280781 0.0523591 0.0730029 0.026104 0.0108307 0.00776029 0.00267529 0.00100286 0.000260253 5.81707e-05 1.56279e-05 4.06326e-06
 2.1486e-27 2.18141e-27 7.52791e-27 1.82956e-21 1.08811e-16 1.4878e-12 4.67692e-09 3.38002e-06 0.000561586 0.0214522 0.188394 0.380371 0.176944 0.0291112 0.0631761 0.0881997 0.030786 0.0103957 0.00706009 0.00236751 0.00088301 0.000240559 4.59413e-05 6.3948e-06 8.67032e-07
 2.14808e-27 2.18013e-27 7.39419e-27 1.78421e-21 1.06114e-16 1.45092e-12 4.56098e-09 3.29623e-06 0.000547664 0.0209204 0.183724 0.370942 0.172597 0.0294225 0.0679186 0.0949154 0.033585 0.0128015 0.00884525 0.00264923 0.000854949 0.000224919 4.29158e-05 5.05439e-06 3.61974e-07
 2.14931e-27 2.18317e-27 7.71737e-27 1.89385e-21 1.12635e-16 1.54008e-12 4.84125e-09 3.49879e-06 0.000581318 0.022206 0.195014 0.393736 0.183089 0.0282021 0.0535986 0.0747466 0.026678 0.0109063 0.00771388 0.00245894 0.000832858 0.000196645 3.33282e-05 3.73497e-06 2.21399e-07
 2.14985e-27 2.1845e-27 7.85631e-27 1.94097e-21 1.15437e-16 1.57839e-12 4.9617e-09 3.58583e-06 0.000595781 0.0227584 0.199866 0.403531 0.187607 0.0279399 0.0490454 0.0682903 0.0238759 0.00818965 0.00557953 0.00185164 0.000667819 0.000166713 2.7914e-05 2.80592e-06 1.50504e-07
 2.14918e-27 2.18282e-27 7.67681e-27 1.88007e-21 1.11815e-16 1.52887e-12 4.80603e-09 3.47333e-06 0.000577089 0.0220444 0.193595 0.390871 0.181782 0.0286728 0.0573355 0.079959 0.0277738 0.00893341 0.00590927 0.00178336 0.000580469 0.000149716 2.67283e-05 2.73996e-06 1.38066e-07
 2.14879e-27 2.18187e-27 7.57794e-27 1.84654e-21 1.09821e-16 1.5016e-12 4.72031e-09 3.41138e-06 0.000566796 0.0216512 0.190142 0.3839 0.178567 0.0288798 0.0607 0.0847262 0.0297968 0.0107736 0.00732925 0.00213768 0.000646377 0.000151154 2.54412e-05 2.705e-06 1.40975e-07
 2.14923e-27 2.18296e-27 7.69311e-27 1.88561e-21 1.12144e-16 1.53337e-12 4.82018e-09 3.48356e-06 0.000578788 0.0221093 0.194165 0.392022 0.182306 0.0284552 0.0556598 0.0776243 0.0273201 0.00994957 0.00682715 0.00211236 0.000685634 0.000154837 2.37472e-05 2.32849e-06 1.19965e-07
 2.14911e-27 2.18266e-27 7.66059e-27 1.87457e-21 1.11488e-16 1.5244e-12 4.79198e-09 3.46317e-06 0.000575401 0.0219799 0.193029 0.389729 0.181252 0.028644 0.057504 0.0802103 0.0280478 0.00962979 0.00651077 0.0020245 0.000671497 0.00016058 2.54894e-05 2.36052e-06 1.1196e-07
 2.14876e-27 2.1818e-27 7.57e-27 1.84384e-21 1.09661e-16 1.49941e-12 4.71342e-09 3.4064e-06 0.000565969 0.0216196 0.189865 0.38334 0.178309 0.0289202 0.0611156 0.0853084 0.0299496 0.0106648 0.00725382 0.00218755 0.000698247 0.000168005 2.76867e-05 2.67473e-06 1.25292e-07
 2.1476e-27 2.17895e-27 7.26871e-27 1.74164e-21 1.03582e-16 1.4163e-12 4.45216e-09 3.21759e-06 0.000534598 0.0204213 0.179341 0.362093 0.168522 0.0298585 0.0732478 0.102426 0.0362147 0.0137179 0.00949495 0.00291812 0.000946845 0.00022172 3.56923e-05 3.51246e-06 1.70453e-07
 2.14747e-27 2.17867e-27 7.24233e-27 1.73271e-21 1.03051e-16 1.40904e-12 4.42934e-09 3.20109e-06 0.000531857 0.0203166 0.178421 0.360236 0.167655 0.0296464 0.0725124 0.101439 0.0365396 0.0159944 0.0114695 0.00364667 0.00123867 0.000296299 4.77583e-05 4.60244e-06 2.23083e-07
 2.14784e-27 2.17958e-27 7.33953e-27 1.76569e-21 1.05012e-16 1.43586e-12 4.51363e-09 3.26202e-06 0.000541979 0.0207032 0.181817 0.367092 0.170811 0.0292786 0.0682004 0.0953606 0.0343816 0.0151582 0.0109999 0.00380134 0.00142712 0.000357899 6.01341e-05 5.88033e-06 2.8284e-07
 2.14813e-27 2.18029e-27 7.41379e-27 1.79087e-21 1.0651e-16 1.45633e-12 4.57801e-09 3.30854e-06 0.000549709 0.0209985 0.18441 0.372327 0.173227 0.0291657 0.0659336 0.0921409 0.0329108 0.0135398 0.00969164 0.00336916 0.00130326 0.000356661 6.57345e-05 6.77525e-06 3.35015e-07
 2.14811e-27 2.18021e-27 7.40412e-27 1.78759e-21 1.06315e-16 1.45366e-12 4.56961e-09 3.30247e-06 0.0005487 0.02096 0.184072 0.371644 0.172916 0.0293012 0.0669663 0.0935819 0.0332231 0.0130241 0.00917487 0.00306195 0.00113819 0.000315528 6.17686e-05 6.97209e-06 3.69951e-07
 2.14791e-27 2.17973e-27 7.35357e-27 1.77044e-21 1.05295e-16 1.43972e-12 4.52578e-09 3.27079e-06 0.000543438 0.0207589 0.182306 0.36808 0.171272 0.0293936 0.0686051 0.0959073 0.0342584 0.0140936 0.0100012 0.00324693 0.00115666 0.000307294 5.90251e-05 6.92811e-06 3.95837e-07
 2.1481e-27 2.18022e-27 7.40604e-27 1.78824e-21 1.06354e-16 1.4542e-12 4.57128e-09 3.30368e-06 0.000548901 0.0209677 0.184139 0.37178 0.172975 0.0291809 0.0661912 0.0925089 0.0331119 0.0138381 0.00988645 0.00329617 0.00119975 0.000309416 5.66234e-05 6.45346e-06 3.74495e-07
 2.14838e-27 2.18089e-27 7.4764e-27 1.81211e-21 1.07773e-16 1.4736e-12 4.63229e-09 3.34777e-06 0.000556227 0.0212475 0.186597 0.376742 0.175262 0.0290041 0.0636163 0.0888679 0.0316692 0.0127964 0.00908663 0.00305864 0.0011332 0.000299289 5.48187e-05 6.01497e-06 3.37202e-07
 2.14838e-27 2.18089e-27 7.47499e-27 1.81162e-21 1.07744e-16 1.47321e-12 4.63106e-09 3.34688e-06 0.000556079 0.0212418 0.186547 0.376641 0.175219 0.0290877 0.064157 0.0896178 0.0317691 0.0123047 0.00863325 0.00285023 0.00103731 0.000276834 5.18119e-05 5.74287e-06 3.15635e-07
 2.14839e-27 2.18091e-27 7.47725e-27 1.81239e-21 1.0779e-16 1.47383e-12 4.63302e-09 3.34829e-06 0.000556314 0.0212508 0.186626 0.376801 0.175292 0.0290862 0.0640997 0.0895373 0.0317475 0.0123165 0.00861926 0.00277723 0.000978034 0.000255558 4.74724e-05 5.33813e-06 2.97138e-07
 2.14829e-27 2.18067e-27 7.45223e-27 1.80391e-21 1.07285e-16 1.46693e-12 4.61132e-09 3.33262e-06 0.000553709 0.0211513 0.185752 0.375037 0.174479 0.0291329 0.0649164 0.0906953 0.0322482 0.0127975 0.00900358 0.00290348 0.00101641 0.000258554 4.64983e-05 5.14837e-06 2.87657e-07
 2.14768e-27 2.17917e-27 7.29366e-27 1.75011e-21 1.04086e-16 1.42319e-12 4.47382e-09 3.23324e-06 0.000537198 0.0205206 0.180213 0.363854 0.169328 0.0296541 0.071469 0.0999348 0.0355518 0.0141675 0.00999222 0.00326309 0.00115892 0.000294608 5.21092e-05 5.59829e-06 3.05931e-07
 2.14708e-27 2.17772e-27 7.14222e-27 1.69875e-21 1.01031e-16 1.38143e-12 4.34253e-09 3.13836e-06 0.000521433 0.0199184 0.174924 0.353177 0.164402 0.0299385 0.0764231 0.106957 0.0385676 0.0170111 0.01226 0.00401683 0.00143603 0.000369796 6.60045e-05 7.02608e-06 3.75068e-07
 2.14726e-27 2.17818e-27 7.19347e-27 1.71615e-21 1.02066e-16 1.39557e-12 4.38699e-09 3.17049e-06 0.000526773 0.0201224 0.176716 0.356793 0.166061 0.0295975 0.0732514 0.10251 0.0373031 0.0175237 0.0128791 0.00447613 0.00170398 0.000444148 8.01089e-05 8.61597e-06 4.59153e-07
#obs catch len freq
 1.21628e-39 5.95283e-33 6.69822e-27 1.73277e-21 1.03054e-16 1.40908e-12 4.42945e-09 3.20117e-06 0.000531879 0.0203171 0.178425 0.360245 0.167654 0.0294902 0.0715566 0.100108 0.0362747 0.0165648 0.0121435 0.00431879 0.001733 0.000509547 0.000109417 1.45111e-05 9.8932e-07
 1.22789e-39 6.00969e-33 6.7622e-27 1.74932e-21 1.04038e-16 1.42254e-12 4.47176e-09 3.23175e-06 0.00053696 0.0205112 0.180129 0.363686 0.169241 0.0293871 0.0698902 0.0977498 0.0353176 0.0158068 0.0115258 0.00405088 0.00159686 0.000458377 9.58544e-05 1.23695e-05 8.15509e-07
 1.30116e-39 6.36826e-33 7.16567e-27 1.85369e-21 1.10246e-16 1.50741e-12 4.73857e-09 3.42458e-06 0.000568998 0.021735 0.190877 0.385385 0.179237 0.0284485 0.0576203 0.080437 0.0289696 0.012675 0.00918645 0.00318905 0.00123755 0.000349488 7.13023e-05 8.94164e-06 5.7276e-07
 1.14809e-39 5.6191e-33 6.3227e-27 1.63562e-21 9.72766e-17 1.33008e-12 4.18112e-09 3.02171e-06 0.000502061 0.0191781 0.168422 0.34005 0.158373 0.0309881 0.0867873 0.121493 0.0426999 0.0153674 0.0106394 0.00363778 0.00138653 0.000385439 7.70812e-05 9.43648e-06 5.87826e-07
 1.3451e-39 6.58332e-33 7.40765e-27 1.91629e-21 1.13969e-16 1.55832e-12 4.89859e-09 3.54022e-06 0.000588213 0.022469 0.197322 0.398398 0.185221 0.0275786 0.0483878 0.067471 0.0250528 0.0133097 0.00983479 0.00302011 0.00101045 0.000271969 5.3236e-05 6.3811e-06 3.88242e-07
 1.38837e-39 6.7951e-33 7.64595e-27 1.97794e-21 1.17635e-16 1.60845e-12 5.05618e-09 3.65411e-06 0.000607135 0.0231918 0.20367 0.411214 0.191148 0.0276337 0.0448613 0.062377 0.0215687 0.00663256 0.00446781 0.00171369 0.000701715 0.000173722 3.05221e-05 3.5158e-06 2.08995e-07
 1.25671e-39 6.1507e-33 6.92087e-27 1.79036e-21 1.0648e-16 1.45592e-12 4.57668e-09 3.30758e-06 0.000549559 0.0209925 0.184356 0.372219 0.173201 0.029801 0.0698447 0.0975559 0.0335035 0.00953016 0.00602011 0.0017061 0.000529314 0.000154017 3.01067e-05 3.21205e-06 1.77917e-07
 1.26482e-39 6.1904e-33 6.96553e-27 1.80192e-21 1.07167e-16 1.46531e-12 4.60622e-09 3.32893e-06 0.000553106 0.0211279 0.185545 0.374621 0.174286 0.0291015 0.0648512 0.0906219 0.0324857 0.0137133 0.00959631 0.00261417 0.000697724 0.000152345 2.60236e-05 3.05135e-06 1.70442e-07
 1.41232e-39 6.91231e-33 7.77785e-27 2.01205e-21 1.19664e-16 1.6362e-12 5.14339e-09 3.71714e-06 0.000617608 0.0235918 0.207184 0.418307 0.194406 0.0270608 0.0392261 0.0544771 0.0193742 0.00770501 0.00544803 0.00181487 0.000630658 0.000133073 1.81667e-05 1.71661e-06 9.34165e-08
 1.41175e-39 6.90952e-33 7.77471e-27 2.01124e-21 1.19616e-16 1.63553e-12 5.14132e-09 3.71564e-06 0.000617359 0.0235823 0.2071 0.418139 0.194343 0.0274495 0.0416498 0.0578293 0.0196863 0.00503441 0.0031042 0.00100075 0.000354398 9.08127e-05 1.47011e-05 1.25713e-06 5.54385e-08
 1.34288e-39 6.57248e-33 7.39545e-27 1.91313e-21 1.13781e-16 1.55575e-12 4.89052e-09 3.53439e-06 0.000587244 0.022432 0.196998 0.397743 0.184954 0.0285388 0.054447 0.0758563 0.0259038 0.00688236 0.00420638 0.00109167 0.000276631 6.69136e-05 1.18288e-05 1.19318e-06 5.44085e-08
 1.31398e-39 6.43102e-33 7.23629e-27 1.87196e-21 1.11332e-16 1.52227e-12 4.78527e-09 3.45833e-06 0.000574606 0.0219492 0.192758 0.389183 0.181004 0.0287492 0.0583114 0.0813407 0.0283521 0.00943167 0.00621165 0.00163697 0.000404364 7.78818e-05 1.0598e-05 1.05244e-06 5.35769e-08
 1.35097e-39 6.61208e-33 7.44002e-27 1.92466e-21 1.14467e-16 1.56513e-12 4.91999e-09 3.55569e-06 0.000590783 0.0225671 0.198185 0.400139 0.186045 0.0280977 0.0510317 0.0710963 0.0249565 0.00887462 0.0060162 0.0017619 0.000518447 0.000102565 1.25316e-05 9.78816e-07 4.35035e-08
 1.32003e-39 6.46066e-33 7.26963e-27 1.88059e-21 1.11845e-16 1.52928e-12 4.80732e-09 3.47426e-06 0.000577253 0.0220503 0.193646 0.390976 0.181831 0.0286792 0.0573439 0.0799691 0.027753 0.00884886 0.00584357 0.00177288 0.000561866 0.000124981 1.74404e-05 1.33884e-06 5.04558e-08
 1.27765e-39 6.2532e-33 7.0362e-27 1.8202e-21 1.08254e-16 1.48018e-12 4.65295e-09 3.3627e-06 0.000558717 0.0213423 0.187428 0.378422 0.176046 0.0291983 0.0642965 0.0897876 0.0314738 0.0110491 0.00744824 0.00214121 0.000634254 0.00014613 2.24964e-05 1.95043e-06 7.79681e-08
 1.1586e-39 5.67052e-33 6.38057e-27 1.65059e-21 9.81669e-17 1.34226e-12 4.21939e-09 3.04936e-06 0.000506656 0.0193536 0.169963 0.343162 0.159802 0.0307229 0.0842308 0.117919 0.0418475 0.0163437 0.0113695 0.00342893 0.00107177 0.000236826 3.53118e-05 3.24496e-06 1.43672e-07
 1.25392e-39 6.13705e-33 6.90551e-27 1.78639e-21 1.06243e-16 1.45268e-12 4.56653e-09 3.30024e-06 0.000548339 0.0209459 0.183947 0.371393 0.172781 0.0287802 0.0638625 0.0893013 0.0329989 0.0170503 0.0126084 0.00403452 0.00137212 0.000319915 4.88652e-05 4.37917e-06 1.96646e-07
 1.2251e-39 5.99603e-33 6.74683e-27 1.74534e-21 1.03802e-16 1.41931e-12 4.4616e-09 3.22441e-06 0.00053574 0.0204646 0.17972 0.36286 0.168869 0.0296548 0.0717731 0.100362 0.0356646 0.014106 0.0101304 0.00382728 0.00156211 0.000396005 6.56872e-05 6.16011e-06 2.7793e-07
 1.27222e-39 6.22664e-33 7.00632e-27 1.81247e-21 1.07794e-16 1.47389e-12 4.63319e-09 3.34842e-06 0.000556344 0.0212516 0.186632 0.376815 0.175291 0.0288593 0.0627112 0.0876178 0.0315766 0.0138728 0.00997114 0.00322835 0.00118774 0.000350293 6.86515e-05 7.09838e-06 3.41171e-07
 1.23742e-39 6.05632e-33 6.81467e-27 1.76289e-21 1.04846e-16 1.43358e-12 4.50646e-09 3.25682e-06 0.000541126 0.0206703 0.181527 0.366508 0.170552 0.0295589 0.0700883 0.09798 0.0347384 0.0134748 0.00950251 0.00325186 0.00121598 0.000318291 6.20449e-05 7.42743e-06 4.05185e-07
 1.24481e-39 6.09248e-33 6.85535e-27 1.77341e-21 1.05472e-16 1.44213e-12 4.53336e-09 3.27627e-06 0.000544357 0.0207937 0.18261 0.368696 0.171553 0.0292723 0.0676794 0.0946191 0.0340283 0.0147246 0.010538 0.00336764 0.00118493 0.000318301 5.99696e-05 6.87313e-06 4.03192e-07
 1.26785e-39 6.20522e-33 6.98221e-27 1.80623e-21 1.07423e-16 1.46882e-12 4.61725e-09 3.3369e-06 0.00055443 0.0211785 0.18599 0.375518 0.174696 0.0289951 0.0639307 0.0893225 0.0319816 0.0134003 0.00960102 0.0032576 0.00120213 0.000305979 5.5531e-05 6.27809e-06 3.58132e-07
 1.24966e-39 6.11622e-33 6.88206e-27 1.78032e-21 1.05883e-16 1.44775e-12 4.55103e-09 3.28904e-06 0.000546478 0.0208748 0.183322 0.370132 0.172219 0.0293449 0.0676895 0.0946065 0.0336561 0.0134143 0.00948509 0.00316375 0.00116593 0.00031164 5.72437e-05 6.21602e-06 3.45066e-07
 1.25347e-39 6.13484e-33 6.90302e-27 1.78575e-21 1.06205e-16 1.45216e-12 4.56488e-09 3.29905e-06 0.000548142 0.0209383 0.18388 0.371259 0.172735 0.0292058 0.066501 0.0929473 0.0332915 0.0139819 0.00996363 0.00323015 0.00114772 0.000302781 5.66057e-05 6.30538e-06 3.45046e-07
 1.24981e-39 6.11697e-33 6.88291e-27 1.78054e-21 1.05896e-16 1.44793e-12 4.55159e-09 3.28944e-06 0.000546545 0.0208773 0.183345 0.370178 0.172238 0.0292663 0.0671962 0.0939243 0.0335932 0.0139599 0.00996292 0.00332504 0.0012105 0.00031101 5.64348e-05 6.29196e-06 3.50468e-07
 1.25482e-39 6.14149e-33 6.9105e-27 1.78768e-21 1.0632e-16 1.45374e-12 4.56983e-09 3.30263e-06 0.000548736 0.020961 0.18408 0.371662 0.17292 0.0291746 0.0661888 0.0925078 0.0331411 0.0139434 0.00996947 0.00331008 0.00120784 0.000318 5.80317e-05 6.31392e-06 3.47536e-07
 1.1858e-39 5.80365e-33 6.53036e-27 1.68934e-21 1.00471e-16 1.37377e-12 4.31844e-09 3.12095e-06 0.00051855 0.0198079 0.173953 0.351217 0.163505 0.0301526 0.078321 0.109611 0.0392058 0.0162983 0.0116344 0.00388987 0.0014283 0.000375833 6.93501e-05 7.6405e-06 4.16737e-07
 1.18512e-39 5.80032e-33 6.52661e-27 1.68837e-21 1.00414e-16 1.37298e-12 4.31597e-09 3.11916e-06 0.000518253 0.0197966 0.173854 0.351016 0.163397 0.0297527 0.0759405 0.106325 0.0389911 0.0192394 0.0141805 0.00471385 0.00172201 0.000455663 8.4521e-05 9.37355e-06 5.16363e-07
#spawning biomass
 4170.89 2344.71 2318.65 2106.9 2390.65 3505.32 3859.3 4153.21 6456.65 11560.2 17057 19435.3 25329.5 33483.3 40992.1 37512.7 34888.1 32421.9 29859.5 32264 32680.8 34105.9 36430.4 38527.8 45243.2 49101.2 50494 46128.2 46588.3 102688 121615 90249.5 61566.2 43610.8 33487.6 28075.7 25276 23858.5 23151 22801.3 22629.6 22545.7 22504.8 22484.9 22475.3 22470.6 22468.4 22467.3 22466.8 22466.5 22466.4 22466.3 22466.3 22466.3 22466.3 22466.3 22466.3 22466.3 22466.3 22466.3 22466.3 22466.3 22466.3 22466.3 22466.3 22466.3 22466.3 22466.3 22466.3 22466.3 22466.3 22466.3 22466.3 22466.3 22466.3 22466.3 22466.3 22466.3 22466.3 22466.3 22466.3 22466.3 22466.3 22466.3 22466.3 22466.3 22466.3 22466.3 22466.3 22466.3 22466.3 22466.3 22466.3 22466.3 22466.3 22466.3 22466.3 22466.3 22466.3 22466.3 22466.3 22466.3 22466.3 22466.3 22466.3 22466.3 22466.3 22466.3 22466.3 22466.3 22466.3 22466.3 22466.3 22466.3 22466.3 22466.3 22466.3 22466.3 22466.3 22466.3 22466.3 22466.3 22466.3 22466.3 22466.3 22466.3 22466.3 22466.3 0 0 0 0 0 0 0 0 0 0 0 0 0 0 0 0 0 0 0 0 0 0 0 0 0
