SBPRF35
0.327475
Curr Bio
198965
B35
682091
F35
0.402226
FOFL
0.113786
OFL
14063.8
Bzero
93564.3
#pred survey bio
 23867.3 26261.9 21854.6 20581.6 30771.7 48436.3 67739.2 96126.2 116281 134339 172889 176619 227078 235372 208056 213844 204635 197318 216080 214481 172540 192091 221948 214443 230319 201565 193142 176792 6.80387e+06 7.56726e+06 6.49296e+06 4.76271e+06 3.31986e+06 2.32008e+06 1.68815e+06 1.30756e+06 1.08316e+06 951131 872547 824789 795013 775953 763399 754789 749051 745166 742505 740669 739394 738505 737883 737448 737142 736928 736777 736671 736597 736544 736507 736482 736463 736451 736442 736435 736431 736428 736425 736424 736423 736422 736421 736421 736421 736421 736420 736420 736420 736420 736420 736420 736420 736420 736420 736420 736420 736420 736420 736420 736420 736420 736420 736420 736420 736420 736420 736420 736420 736420 736420 736420 736420 736420 736420 736420 736420 736420 736420 736420 736420 736420 736420 736420 736420 736420 736420 736420 736420 736420 736420 736420 736420 736420 736420 736420 736420 736420 736420 736420 0 0 0 0 0 0 0 0 0 0 0 0 0 0 0 0 0 0 0 0 0 0 0 0 0
#obs survey bio
 20693 17093.9 10130.1 18493.7 36785.7 53691.8 84376 125844 103144 156868 142333 166409 295471 185660 246072 217531 181932 190614 242318 172266 181268 213430 277320 219146 260182 235422 135258 179871
#pred catch bio
 9712.1 14496.7 12387.4 8235.89 16615.5 31575.2 41442.3 66434 85156 89069 139066 131721 186296 203365 172353 192324 191373 176521 198970 219857 175666 198260 238489 225150 263694 234501 231805 200414 14063.8 104206 83376.4 58462.2 38730.7 25673.4 17873.3 13509 11173.7 9963.11 9349.84 9044.45 8894.34 8821.27 8785.92 8768.78 8760.71 8756.91 8755.13 8754.29 8753.89 8753.71 8753.62 8753.58 8753.56 8753.55 8753.54 8753.54 8753.54 8753.54 8753.54 8753.54 8753.54 8753.54 8753.54 8753.54 8753.54 8753.54 8753.54 8753.54 8753.54 8753.54 8753.54 8753.54 8753.54 8753.54 8753.54 8753.54 8753.54 8753.54 8753.54 8753.54 8753.54 8753.54 8753.54 8753.54 8753.54 8753.54 8753.54 8753.54 8753.54 8753.54 8753.54 8753.54 8753.54 8753.54 8753.54 8753.54 8753.54 8753.54 8753.54 8753.54 8753.54 8753.54 8753.54 8753.54 8753.54 8753.54 8753.54 8753.54 8753.54 8753.54 8753.54 8753.54 8753.54 8753.54 8753.54 8753.54 8753.54 8753.54 8753.54 8753.54 8753.54 8753.54 8753.54 8753.54 8753.54 8753.54 8753.54 8753.54 0 0 0 0 0 0 0 0 0 0 0 0 0 0 0 0 0 0 0 0 0 0 0 0 0
#obs catch bio
 14439.1 15771.2 15285.6 8659.37 17986.2 33489.8 39256.4 62051.5 80805.4 79313.9 139954 133602 175576 199321 169339 183831 189289 166540 178410 197806 169356 187042 210987 197232 228630 215733 227306 194490
#pred cpue bio
 22356.8 25301.4 20250.1 19259.9 26881.3 41984.5 58953.3 84970.9 101779 117781 152545 151883 195375 206347 181466 184207 173175 165884 182198 181781 140596 152199 177307 171798 182907 156003 148380 133633 5.32318e+06 7.84278e+06 6.48759e+06 4.74291e+06 3.29946e+06 2.29966e+06 1.66773e+06 1.28714e+06 1.06274e+06 930711 852127 804369 774593 755533 742979 734370 728631 724746 722086 720249 718974 718085 717463 717028 716722 716508 716357 716251 716177 716125 716088 716062 716044 716031 716022 716015 716011 716008 716006 716004 716003 716002 716002 716001 716001 716001 716001 716001 716001 716001 716000 716000 716000 716000 716000 716000 716000 716000 716000 716000 716000 716000 716000 716000 716000 716000 716000 716000 716000 716000 716000 716000 716000 716000 716000 716000 716000 716000 716000 716000 716000 716000 716000 716000 716000 716000 716000 716000 716000 716000 716000 716000 716000 716000 716000 716000 716000 716000 716000 716000 0 0 0 0 0 0 0 0 0 0 0 0 0 0 0 0 0 0 0 0 0 0 0 0 0
#obs cpue bio
 19767 20268.2 21729.6 13127.5 21248.5 40173.1 65753.8 97938.7 128007 169899 152539 134515 237461 252331 161172 237323 192563 220081 269319 349560 139387 179066 246199 274317 296960 173327 224666 144929
#pred surv len freq
 1.09317e-11 1.18653e-09 7.59378e-08 2.86566e-06 6.37648e-05 0.000836646 0.00647407 0.0295696 0.0800526 0.13117 0.1428 0.135735 0.140497 0.127464 0.085761 0.0479219 0.0267512 0.0154597 0.00932302 0.0060591 0.00432664 0.00343301 0.0028707 0.0021721 0.0012562
 8.31759e-12 9.02794e-10 5.77787e-08 2.18039e-06 4.85169e-05 0.000636594 0.00492652 0.0225126 0.0611021 0.101364 0.116148 0.124778 0.144967 0.142649 0.109342 0.0740999 0.0460676 0.0247234 0.0120694 0.0060137 0.00329528 0.00208412 0.00149956 0.00106267 0.000607744
 1.16681e-11 1.26646e-09 8.10531e-08 3.05869e-06 6.80599e-05 0.00089299 0.00690959 0.0315479 0.0852583 0.138494 0.145217 0.12478 0.117688 0.10841 0.0842702 0.0608764 0.0423251 0.0264457 0.0144121 0.00679602 0.00292357 0.00131998 0.00070837 0.000425546 0.000228176
 1.08314e-11 1.17565e-09 7.52412e-08 2.83937e-06 6.318e-05 0.000828973 0.0064147 0.0292987 0.0793232 0.130006 0.141683 0.135054 0.140277 0.127849 0.0871473 0.0505457 0.0303526 0.019024 0.0114585 0.00613387 0.00277985 0.00108587 0.000413035 0.000177707 7.98332e-05
 1.51251e-11 1.64169e-09 1.05068e-07 3.96493e-06 8.82246e-05 0.00115755 0.00895596 0.0408758 0.110256 0.177394 0.178025 0.132685 0.102518 0.0851075 0.0630059 0.0428039 0.0270027 0.0149999 0.00781454 0.00407135 0.00198952 0.000831784 0.000291075 9.27284e-05 3.00371e-05
 1.51652e-11 1.64603e-09 1.05346e-07 3.97543e-06 8.84584e-05 0.00116062 0.00897998 0.040991 0.110643 0.17863 0.182138 0.143075 0.118169 0.0958304 0.0596529 0.0296168 0.0148139 0.00813482 0.00438719 0.00214149 0.000954859 0.000393641 0.000141562 4.22025e-05 1.07351e-05
 1.48342e-11 1.61011e-09 1.03047e-07 3.88867e-06 8.6528e-05 0.0011353 0.00878415 0.0400997 0.108273 0.175097 0.179909 0.144876 0.123812 0.101926 0.0631818 0.0301314 0.0131297 0.00556743 0.00231328 0.00099908 0.000428967 0.000167301 5.72002e-05 1.66236e-05 3.93336e-06
 1.40681e-11 1.52696e-09 9.7725e-08 3.68784e-06 8.20592e-05 0.00107667 0.00833066 0.0380329 0.102739 0.166523 0.172859 0.143757 0.12829 0.108394 0.0689823 0.0345528 0.0158798 0.00672332 0.00250082 0.000853709 0.000284728 9.49888e-05 3.00407e-05 8.2626e-06 1.85906e-06
 1.45589e-11 1.58023e-09 1.01135e-07 3.8165e-06 8.49221e-05 0.00111423 0.00862118 0.0393568 0.106282 0.171996 0.177281 0.144215 0.125024 0.103979 0.0653769 0.0321563 0.0146134 0.00630065 0.00243132 0.000829178 0.00024752 6.5863e-05 1.64338e-05 3.86334e-06 7.965e-07
 1.44375e-11 1.56705e-09 1.00291e-07 3.78468e-06 8.4214e-05 0.00110494 0.00854936 0.0390304 0.10542 0.170758 0.176739 0.145622 0.128166 0.10668 0.065766 0.0307369 0.0130216 0.00533719 0.00201343 0.00068914 0.000208688 5.39391e-05 1.17756e-05 2.21824e-06 3.69907e-07
 1.41471e-11 1.53553e-09 9.82737e-08 3.70855e-06 8.252e-05 0.00108271 0.00837743 0.0382462 0.103312 0.167428 0.173686 0.144151 0.128273 0.108092 0.0684374 0.03388 0.0152948 0.00633922 0.00228881 0.000739268 0.000216032 5.53027e-05 1.19325e-05 2.10303e-06 3.00066e-07
 1.53226e-11 1.66312e-09 1.0644e-07 4.0167e-06 8.93767e-05 0.00117267 0.00907325 0.0414178 0.111808 0.180624 0.184692 0.146393 0.12223 0.0988275 0.059616 0.0267709 0.0107396 0.00425112 0.00157411 0.000521428 0.000149577 3.65863e-05 7.59752e-06 1.30597e-06 1.78886e-07
 1.52882e-11 1.65939e-09 1.06201e-07 4.00769e-06 8.91762e-05 0.00117004 0.00905291 0.0413251 0.111561 0.180247 0.184411 0.146444 0.122614 0.0993448 0.06008 0.0270393 0.0107023 0.00400366 0.00134755 0.000412722 0.000116077 2.85725e-05 5.85923e-06 9.73154e-07 1.28371e-07
 1.43716e-11 1.5599e-09 9.98335e-08 3.76741e-06 8.38297e-05 0.0010999 0.00851043 0.0388543 0.104966 0.170203 0.176995 0.147909 0.132228 0.109839 0.0656415 0.0281217 0.0102841 0.00362262 0.00117825 0.000343742 8.93873e-05 2.0407e-05 4.02464e-06 6.59633e-07 8.55844e-08
 1.46144e-11 1.58626e-09 1.0152e-07 3.83106e-06 8.5246e-05 0.00111848 0.00865414 0.039509 0.106717 0.172891 0.179092 0.147887 0.130253 0.107489 0.0641328 0.0274297 0.00993628 0.00339302 0.00103968 0.000282177 6.89876e-05 1.48332e-05 2.72241e-06 4.16789e-07 5.17225e-08
 1.52066e-11 1.65053e-09 1.05634e-07 3.98628e-06 8.86999e-05 0.00116379 0.0090046 0.0411054 0.110979 0.1794 0.183978 0.147204 0.124445 0.100987 0.0604534 0.0263911 0.00989617 0.0034682 0.00106653 0.000283236 6.58787e-05 1.32225e-05 2.25837e-06 3.22283e-07 3.72817e-08
 1.59348e-11 1.72957e-09 1.10692e-07 4.17718e-06 9.29476e-05 0.00121952 0.00943566 0.04307 0.116241 0.187557 0.19071 0.148356 0.120338 0.0949951 0.0550621 0.0222888 0.00735392 0.00233177 0.000700823 0.000189238 4.45321e-05 8.81129e-06 1.44068e-06 1.9265e-07 2.07109e-08
 1.61792e-11 1.7561e-09 1.1239e-07 4.24125e-06 9.43731e-05 0.00123822 0.00958032 0.0437295 0.118008 0.190309 0.193039 0.148936 0.119265 0.0932236 0.0532565 0.0207148 0.00625007 0.00174961 0.000461692 0.000110367 2.41231e-05 4.69149e-06 7.68651e-07 1.01504e-07 1.05005e-08
 1.60677e-11 1.74399e-09 1.11615e-07 4.21201e-06 9.37227e-05 0.00122969 0.00951431 0.0434285 0.117201 0.189051 0.191966 0.148644 0.119722 0.0940462 0.0541767 0.0215479 0.0067834 0.00195668 0.000501351 0.000108826 2.07482e-05 3.53187e-06 5.26483e-07 6.65093e-08 6.77588e-09
 1.58468e-11 1.72002e-09 1.10081e-07 4.15412e-06 9.24344e-05 0.00121279 0.0093836 0.0428332 0.115612 0.186633 0.190187 0.149017 0.122067 0.0965804 0.0554761 0.0217496 0.0066558 0.00187837 0.000485131 0.000107908 2.0536e-05 3.28185e-06 4.34715e-07 4.81003e-08 4.41308e-09
 1.73383e-11 1.88191e-09 1.20442e-07 4.5451e-06 0.000101134 0.00132692 0.0102664 0.0468553 0.126365 0.203157 0.203111 0.148997 0.110028 0.0819058 0.0454492 0.0166986 0.00441516 0.00102614 0.000232207 4.86345e-05 9.08646e-06 1.45914e-06 1.92749e-07 2.03864e-08 1.7e-09
 1.82842e-11 1.98458e-09 1.27013e-07 4.79306e-06 0.000106652 0.00139931 0.0108262 0.0494058 0.13318 0.213597 0.211117 0.148459 0.101595 0.0720802 0.0393381 0.0142573 0.00364875 0.000790747 0.000159813 2.8486e-05 4.4623e-06 6.33301e-07 7.91029e-08 8.22752e-09 6.78001e-10
 1.80072e-11 1.95451e-09 1.25088e-07 4.72045e-06 0.000105036 0.00137811 0.0106623 0.0486591 0.131186 0.210557 0.208854 0.148839 0.104404 0.075182 0.0410322 0.0146582 0.00359542 0.00072181 0.000135083 2.24809e-05 3.20097e-06 3.94231e-07 4.15667e-08 3.72075e-09 2.79023e-10
 1.79064e-11 1.94357e-09 1.24388e-07 4.69403e-06 0.000104448 0.0013704 0.0106026 0.0483874 0.130462 0.209457 0.208058 0.149056 0.105545 0.0763887 0.0416128 0.0146914 0.00347809 0.000649965 0.000111895 1.7265e-05 2.26627e-06 2.55809e-07 2.44821e-08 1.93114e-09 1.23906e-10
 1.82006e-11 1.9755e-09 1.26432e-07 4.77114e-06 0.000106164 0.00139291 0.0107767 0.0491805 0.13258 0.212691 0.210488 0.148723 0.10267 0.0731673 0.0397865 0.0141687 0.00344642 0.000676674 0.000120812 1.83961e-05 2.27319e-06 2.35759e-07 2.06523e-08 1.48665e-09 8.62493e-11
 1.89862e-11 2.06077e-09 1.31889e-07 4.97708e-06 0.000110746 0.00145303 0.0112417 0.0512988 0.13824 0.221372 0.217189 0.148417 0.095878 0.0651329 0.0346172 0.0119123 0.00263677 0.00042458 6.09202e-05 8.3816e-06 1.03293e-06 1.08725e-07 9.33886e-09 6.32847e-10 3.37421e-11
 1.9201e-11 2.08408e-09 1.33381e-07 5.03338e-06 0.000111999 0.00146946 0.0113688 0.0518778 0.139788 0.223742 0.219005 0.148292 0.0939578 0.0628967 0.0332271 0.0113592 0.00246734 0.000376995 4.88209e-05 5.8074e-06 5.9207e-07 5.13974e-08 3.93473e-09 2.57858e-10 1.36015e-11
 1.96548e-11 2.13334e-09 1.36533e-07 5.15235e-06 0.000114646 0.00150419 0.0116374 0.0531014 0.143056 0.228746 0.222823 0.147971 0.0898156 0.0581144 0.0303114 0.0102668 0.00217872 0.000312593 3.61966e-05 3.85641e-06 3.58793e-07 2.77564e-08 1.8095e-09 9.83396e-11 4.38523e-12
#obs surv len freq
 3.7123e-11 3.44043e-09 1.88005e-07 6.05779e-06 0.000115093 0.0012894 0.00851958 0.0332336 0.0769525 0.108786 0.106688 0.102243 0.115619 0.124219 0.11734 0.095532 0.0617034 0.0307264 0.0121151 0.00380198 0.000921233 0.000165916 2.14529e-05 1.93028e-06 1.17611e-07
 2.29514e-11 2.05152e-09 1.08126e-07 3.36028e-06 6.1577e-05 0.000665448 0.00424374 0.0160265 0.036503 0.054709 0.0714675 0.106771 0.149567 0.166234 0.154177 0.119615 0.0715186 0.0323492 0.0116699 0.0034528 0.000806787 0.000140289 1.73015e-05 1.46153e-06 8.23868e-08
 1.36332e-10 1.17332e-08 5.95418e-07 1.78162e-05 0.000314336 0.00327012 0.0200604 0.072578 0.155026 0.196581 0.152514 0.0846592 0.0564618 0.0627946 0.0729428 0.0632768 0.0374509 0.0155509 0.00492256 0.00126696 0.000263695 4.21246e-05 4.87029e-06 3.88112e-07 2.05687e-08
 1.42613e-10 1.17984e-08 5.7554e-07 1.65544e-05 0.000280767 0.00280797 0.0165645 0.0577248 0.119785 0.154082 0.145075 0.140329 0.141985 0.110953 0.0618618 0.0284248 0.0126034 0.00519122 0.00175879 0.000455192 8.75062e-05 1.23842e-05 1.26934e-06 9.12799e-08 4.43845e-09
 1.96821e-10 1.56284e-08 7.31724e-07 2.02007e-05 0.000328835 0.00315644 0.0178701 0.0597425 0.118689 0.14473 0.124961 0.109193 0.113329 0.112072 0.0949193 0.0626504 0.0283419 0.00820813 0.00154558 0.000212514 2.57774e-05 2.89512e-06 2.60961e-07 1.67226e-08 7.23413e-10
 3.34422e-10 2.54504e-08 1.14204e-06 3.02172e-05 0.000471433 0.00433704 0.0235327 0.0753965 0.1435 0.167319 0.136942 0.111125 0.105162 0.0928844 0.0700453 0.0429175 0.0191278 0.00580652 0.00120545 0.000176298 1.84668e-05 1.39977e-06 7.95152e-08 3.52677e-09 1.2004e-10
 3.72981e-10 2.71676e-08 1.16682e-06 2.9549e-05 0.000441244 0.00388552 0.0201863 0.062024 0.114146 0.133832 0.125331 0.130335 0.137242 0.117783 0.0825018 0.0466191 0.0191532 0.00532633 0.00100971 0.000137469 1.39693e-05 1.04624e-06 5.54495e-08 2.01626e-09 4.98468e-11
 6.72933e-10 4.68541e-08 1.92358e-06 4.65652e-05 0.000664668 0.00559456 0.0277762 0.0814702 0.142317 0.154213 0.122999 0.104892 0.105499 0.100195 0.080331 0.0483826 0.0195613 0.00508077 0.000862941 0.000101461 8.78076e-06 5.71744e-07 2.73619e-08 9.25902e-10 2.13904e-11
 8.43604e-10 5.60797e-08 2.19817e-06 5.08047e-05 0.000692383 0.00556466 0.0263903 0.074086 0.125131 0.137302 0.126612 0.13186 0.133367 0.108982 0.0727858 0.0384469 0.0144302 0.00361247 0.000606732 7.11781e-05 6.00826e-06 3.63506e-07 1.54471e-08 4.54196e-10 9.14696e-12
 1.24191e-09 7.87338e-08 2.9432e-06 6.48736e-05 0.000843169 0.00646265 0.0292293 0.0782523 0.126013 0.131729 0.116015 0.1186 0.125337 0.114571 0.0854328 0.0465327 0.016623 0.00371745 0.000522718 4.82645e-05 3.14511e-06 1.54084e-07 5.707e-09 1.52806e-10 2.81433e-12
 1.72489e-09 1.04179e-07 3.71014e-06 7.7909e-05 0.000964695 0.00704482 0.0303674 0.0776187 0.120353 0.125543 0.119112 0.130133 0.134547 0.115372 0.080255 0.0411413 0.0139909 0.00301853 0.000416281 3.81361e-05 2.42575e-06 1.09321e-07 3.45777e-09 7.55666e-11 1.13414e-12
 2.78258e-09 1.59952e-07 5.42152e-06 0.000108353 0.00127693 0.00887499 0.0364096 0.0885558 0.130553 0.129035 0.115582 0.121506 0.125748 0.110766 0.0777607 0.0386747 0.0123716 0.00244741 0.000299972 2.35066e-05 1.24411e-06 4.70796e-08 1.30269e-09 2.57907e-11 3.51895e-13
 3.94818e-09 2.15808e-07 6.95545e-06 0.000132183 0.00148128 0.00979069 0.0382156 0.0886433 0.126049 0.12554 0.121689 0.133488 0.132454 0.108054 0.0701236 0.0325229 0.00976519 0.00181884 0.000210011 1.54479e-05 7.57758e-07 2.58983e-08 6.26441e-10 1.05726e-11 1.21959e-13
 4.61148e-09 2.3948e-07 7.33311e-06 0.000132404 0.00140976 0.00885503 0.0328796 0.0729199 0.101522 0.107383 0.121222 0.146009 0.150308 0.126079 0.0819381 0.0368003 0.0104873 0.00183502 0.000197473 1.34073e-05 6.00189e-07 1.85699e-08 4.06235e-10 6.20982e-12 6.46251e-14
 8.23375e-09 4.05933e-07 1.18004e-05 0.000202272 0.00204454 0.0121903 0.0429447 0.0901319 0.11735 0.111809 0.111353 0.128138 0.136955 0.121252 0.079776 0.0347515 0.00938761 0.00153848 0.000153431 9.51282e-06 3.81253e-07 1.037e-08 1.98209e-10 2.66436e-12 2.46139e-14
 1.24881e-08 5.84091e-07 1.61084e-05 0.000261952 0.00251205 0.0142126 0.0475533 0.0952067 0.120593 0.118628 0.126359 0.141409 0.134765 0.1044 0.0617181 0.0248947 0.00635891 0.00100507 9.93624e-05 6.3458e-06 2.72278e-07 8.0267e-09 1.61213e-10 2.15063e-12 1.86783e-14
 1.87649e-08 8.3214e-07 2.17588e-05 0.000335484 0.00305038 0.0163647 0.0519395 0.098827 0.119936 0.115775 0.12365 0.138889 0.134499 0.105501 0.0611945 0.0235092 0.00561307 0.000816266 7.27528e-05 4.08129e-06 1.50681e-07 3.84648e-09 6.96897e-11 8.859e-13 7.65662e-15
 2.61121e-08 1.09733e-06 2.71908e-05 0.000397293 0.00342348 0.0174108 0.0524555 0.09536 0.11363 0.115188 0.131408 0.147306 0.137477 0.102914 0.0567287 0.0207539 0.00476988 0.000682865 6.21813e-05 3.73396e-06 1.52473e-07 4.25236e-09 7.93785e-11 9.68812e-13 7.64246e-15
 4.07499e-08 1.62213e-06 3.80747e-05 0.000526977 0.00430151 0.0207242 0.0591697 0.10209 0.116156 0.114138 0.127884 0.142578 0.134378 0.10055 0.0538982 0.0188335 0.00411687 0.000563767 4.9779e-05 2.9544e-06 1.21527e-07 3.46493e-09 6.69025e-11 8.52925e-13 7.05335e-15
 5.75353e-08 2.16879e-06 4.82052e-05 0.000631804 0.00488408 0.0222941 0.0604286 0.0999163 0.112964 0.117936 0.1382 0.149928 0.133308 0.0934471 0.0469505 0.0154232 0.00318483 0.0004151 3.52418e-05 2.03108e-06 8.15336e-08 2.26876e-09 4.27555e-11 5.33788e-13 4.34878e-15
 9.52737e-08 3.4e-06 7.15447e-05 0.000887744 0.00649693 0.0280752 0.0720275 0.112608 0.119898 0.117416 0.131406 0.140775 0.125724 0.0870204 0.0419031 0.0129105 0.00246133 0.000291154 2.19785e-05 1.10775e-06 3.89281e-08 9.68632e-10 1.67822e-11 1.96751e-13 1.52311e-15
 1.40444e-07 4.74427e-06 9.44994e-05 0.00110997 0.00769037 0.0314773 0.0766748 0.11505 0.12211 0.125559 0.141893 0.143077 0.116895 0.0740666 0.0329674 0.00945108 0.00168025 0.000185139 1.29531e-05 5.989e-07 1.9016e-08 4.2084e-10 6.41323e-12 6.58874e-14 4.48971e-16
 1.7244e-07 5.51358e-06 0.000103951 0.00115575 0.00758143 0.0294107 0.0682349 0.0996526 0.11027 0.1269 0.152465 0.155369 0.12663 0.0783761 0.0332596 0.00894766 0.00147704 0.000149402 9.44525e-06 3.87182e-07 1.07463e-08 2.07706e-10 2.78983e-12 2.54764e-14 1.54647e-16
 2.77868e-07 8.40942e-06 0.000150069 0.00157927 0.00980531 0.0359984 0.0789905 0.108786 0.112632 0.121741 0.142725 0.147906 0.123452 0.0759169 0.0310293 0.00791826 0.00123524 0.00011839 7.13587e-06 2.80443e-07 7.44635e-09 1.35641e-10 1.67736e-12 1.37906e-14 7.42148e-17
 3.63556e-07 1.04149e-05 0.00017593 0.00175267 0.0103052 0.0358888 0.0752834 0.10233 0.113542 0.13585 0.159101 0.152759 0.115934 0.0653716 0.0248064 0.00593093 0.000873885 7.99252e-05 4.6605e-06 1.79705e-07 4.7141e-09 8.44262e-11 1.01398e-12 7.99362e-15 4.07834e-17
 5.26264e-07 1.42718e-05 0.000228225 0.00215242 0.0119819 0.0395228 0.0786624 0.10215 0.110261 0.130826 0.15468 0.153378 0.119337 0.0664603 0.0241182 0.00541843 0.000742621 6.26121e-05 3.33218e-06 1.16313e-07 2.7631e-09 4.53588e-11 5.08475e-13 3.80153e-15 1.85706e-17
 6.17943e-07 1.58662e-05 0.000240226 0.00214544 0.011318 0.0354998 0.0682162 0.0904491 0.110287 0.145224 0.171085 0.160928 0.117383 0.061248 0.0208906 0.00443755 0.000580875 4.75178e-05 2.50286e-06 8.77936e-08 2.09076e-09 3.36259e-11 3.58138e-13 2.48218e-15 1.1094e-17
 8.61736e-07 2.09508e-05 0.000300368 0.00254021 0.0126913 0.0377249 0.0688851 0.0876418 0.104714 0.138171 0.167921 0.16605 0.124227 0.0636754 0.0207338 0.00415129 0.000509896 3.91153e-05 1.93614e-06 6.41551e-08 1.45521e-09 2.25101e-11 2.32587e-13 1.57165e-15 6.842e-18
#pred catch len freq
 8.853e-12 9.60909e-10 6.1498e-08 2.32075e-06 5.16401e-05 0.000677575 0.00524373 0.0239637 0.0650618 0.108102 0.124608 0.135253 0.156395 0.146946 0.0989899 0.054624 0.030065 0.0172526 0.0103805 0.00674205 0.00481357 0.00381925 0.00319367 0.00241647 0.00139752
 6.94845e-12 7.54187e-10 4.82679e-08 1.82149e-06 4.05309e-05 0.00053182 0.00411615 0.0188201 0.0512263 0.0861544 0.104088 0.124252 0.155149 0.155399 0.118422 0.0791317 0.0486908 0.0260163 0.012678 0.006312 0.0034578 0.00218677 0.0015734 0.001115 0.00063767
 1.02234e-11 1.10966e-09 7.10178e-08 2.67999e-06 5.96335e-05 0.000782438 0.00605451 0.0276513 0.0748317 0.122395 0.132253 0.123559 0.12737 0.120989 0.0937357 0.0667741 0.0459694 0.0286113 0.0155712 0.00733882 0.00315645 0.00142502 0.000764728 0.000459401 0.000246329
 8.73916e-12 9.48552e-10 6.07072e-08 2.29091e-06 5.09761e-05 0.000668862 0.00517633 0.0236562 0.0642338 0.106782 0.123343 0.134491 0.156162 0.147391 0.100548 0.0575559 0.034081 0.0212235 0.0127593 0.00682667 0.00309335 0.00120828 0.000459587 0.000197736 8.88305e-05
 1.3655e-11 1.48212e-09 9.48555e-08 3.57955e-06 7.96496e-05 0.00104505 0.00808581 0.0369106 0.0996462 0.161019 0.16487 0.131549 0.112563 0.0981471 0.0728493 0.0488638 0.0305149 0.0168769 0.00877712 0.00456961 0.0022325 0.000933317 0.000326601 0.000104046 3.3703e-05
 1.41545e-11 1.53634e-09 9.83253e-08 3.71049e-06 8.25633e-05 0.00108328 0.0083818 0.0382657 0.103359 0.167453 0.173475 0.143347 0.126698 0.105936 0.0661358 0.0324821 0.0159899 0.00870067 0.00467942 0.00228253 0.00101754 0.000419454 0.000150842 4.49689e-05 1.14388e-05
 1.36081e-11 1.47702e-09 9.45294e-08 3.56725e-06 7.93759e-05 0.00104146 0.00805842 0.0367934 0.0994371 0.161545 0.169435 0.14531 0.134336 0.114372 0.0711657 0.0336129 0.0144313 0.00605997 0.00250817 0.00108182 0.000464308 0.000181067 6.19056e-05 1.7991e-05 4.2569e-06
 1.31961e-11 1.43231e-09 9.16679e-08 3.45926e-06 7.69732e-05 0.00100994 0.00781458 0.0356818 0.0964559 0.156889 0.165429 0.144116 0.135854 0.117307 0.0746608 0.0369824 0.0167534 0.00703285 0.00260726 0.000888894 0.000296307 9.88348e-05 3.12557e-05 8.59669e-06 1.93423e-06
 1.39182e-11 1.51069e-09 9.66841e-08 3.64856e-06 8.11852e-05 0.0010652 0.00824199 0.0376294 0.101666 0.164925 0.171856 0.144571 0.130721 0.110621 0.0695129 0.0338155 0.0151422 0.00647012 0.00248818 0.000847536 0.000252883 6.72788e-05 1.67861e-05 3.9461e-06 8.13558e-07
 1.34302e-11 1.45771e-09 9.32935e-08 3.52061e-06 7.83382e-05 0.00102785 0.00795315 0.0363142 0.0981618 0.159633 0.168174 0.146089 0.136982 0.117027 0.0723014 0.0334694 0.0139683 0.00566729 0.0021294 0.000727828 0.000220296 5.69299e-05 1.24279e-05 2.34106e-06 3.90387e-07
 1.38998e-11 1.50869e-09 9.65562e-08 3.64373e-06 8.10778e-05 0.00106379 0.0082311 0.0375797 0.101533 0.164715 0.17167 0.144504 0.130801 0.110881 0.069958 0.0342323 0.0152307 0.00625765 0.0022516 0.000726274 0.000212119 5.42904e-05 1.17134e-05 2.06437e-06 2.94548e-07
 1.47674e-11 1.60286e-09 1.02583e-07 3.87115e-06 8.61381e-05 0.00113018 0.00874464 0.0399208 0.107809 0.174501 0.180016 0.146773 0.127277 0.10466 0.0631763 0.028114 0.0111088 0.00434831 0.00160285 0.000530164 0.000152006 3.71737e-05 7.71903e-06 1.32683e-06 1.81742e-07
 1.51308e-11 1.6423e-09 1.05107e-07 3.96641e-06 8.82577e-05 0.00115799 0.00895972 0.0409007 0.110428 0.178523 0.183143 0.146712 0.12429 0.101164 0.0610295 0.0272022 0.0106075 0.00392517 0.00131506 0.000402091 0.000113013 2.78122e-05 5.70293e-06 9.47176e-07 1.24943e-07
 1.44581e-11 1.56928e-09 1.00434e-07 3.79007e-06 8.4334e-05 0.00110651 0.0085616 0.0390875 0.105591 0.171173 0.177804 0.148074 0.131784 0.109161 0.0650005 0.0276054 0.00994729 0.00346108 0.00111955 0.000325991 8.47123e-05 1.93348e-05 3.81288e-06 6.24909e-07 8.10784e-08
 1.44867e-11 1.5724e-09 1.00633e-07 3.79758e-06 8.45012e-05 0.00110871 0.00857858 0.0391649 0.105798 0.171495 0.178073 0.148131 0.131653 0.10899 0.0648888 0.0275215 0.00982563 0.00331461 0.00101004 0.000273574 6.68305e-05 1.43651e-05 2.63623e-06 4.03583e-07 5.00832e-08
 1.54978e-11 1.68214e-09 1.07657e-07 4.06263e-06 9.03988e-05 0.00118608 0.00917699 0.0418909 0.11308 0.182634 0.186536 0.147295 0.12224 0.0982213 0.058463 0.0252783 0.00933971 0.0032355 0.000989917 0.000262389 6.09821e-05 1.22358e-05 2.08961e-06 2.9819e-07 3.44942e-08
 1.63936e-11 1.77937e-09 1.13879e-07 4.29745e-06 9.56237e-05 0.00125463 0.0097072 0.0443072 0.119547 0.192632 0.194646 0.148241 0.116471 0.0903779 0.052036 0.0208986 0.0067994 0.00212628 0.000634667 0.000170964 4.01985e-05 7.95144e-06 1.29995e-06 1.73825e-07 1.86869e-08
 1.64003e-11 1.7801e-09 1.13926e-07 4.29921e-06 9.56629e-05 0.00125514 0.0097112 0.0443258 0.119602 0.192756 0.194942 0.148895 0.117423 0.0910106 0.0517874 0.0200205 0.00596523 0.00164568 0.000430649 0.000102623 2.24048e-05 4.35552e-06 7.13509e-07 9.42185e-08 9.74667e-09
 1.64372e-11 1.7841e-09 1.14182e-07 4.30887e-06 9.58779e-05 0.00125796 0.009733 0.0444249 0.119864 0.193138 0.195133 0.148544 0.116595 0.0903147 0.051732 0.020429 0.00634685 0.00180563 0.000459231 9.93979e-05 1.89282e-05 3.22038e-06 4.79959e-07 6.06282e-08 6.1766e-09
 1.6821e-11 1.82576e-09 1.16848e-07 4.40949e-06 9.81168e-05 0.00128734 0.00996018 0.04546 0.122631 0.19739 0.19846 0.14854 0.113497 0.0865292 0.0491305 0.0191101 0.00577232 0.00160583 0.000411436 9.12395e-05 1.73438e-05 2.77039e-06 3.66899e-07 4.05936e-08 3.72427e-09
 1.81007e-11 1.96466e-09 1.25738e-07 4.74495e-06 0.000105581 0.00138527 0.0107176 0.0489109 0.131857 0.211567 0.209542 0.148503 0.103137 0.0739181 0.0405362 0.014805 0.00387505 0.000887019 0.000198459 4.13718e-05 7.71735e-06 1.23859e-06 1.63583e-07 1.73003e-08 1.44262e-09
 1.89963e-11 2.06187e-09 1.31959e-07 4.97973e-06 0.000110805 0.0014538 0.0112477 0.0513257 0.138309 0.22145 0.217115 0.147973 0.0951223 0.0645945 0.0347571 0.01252 0.00317428 0.000677898 0.00013539 2.40041e-05 3.75264e-06 5.32142e-07 6.64465e-08 6.9104e-09 5.69444e-10
 1.89264e-11 2.05427e-09 1.31473e-07 4.96139e-06 0.000110397 0.00144845 0.0112063 0.0511372 0.137807 0.22069 0.21658 0.14817 0.0959852 0.0654782 0.0351385 0.0124759 0.00303496 0.00060074 0.000110975 1.83528e-05 2.60706e-06 3.2078e-07 3.38089e-08 3.02587e-09 2.26901e-10
 1.8736e-11 2.03361e-09 1.30151e-07 4.91149e-06 0.000109287 0.00143388 0.0110936 0.050624 0.136437 0.218601 0.215024 0.148432 0.0979161 0.0676105 0.0363026 0.0127507 0.00299743 0.000552762 9.38529e-05 1.43749e-05 1.88164e-06 2.12156e-07 2.02946e-08 1.60053e-09 1.02687e-10
 1.93636e-11 2.10174e-09 1.34511e-07 5.07602e-06 0.000112948 0.00148191 0.0114651 0.0523161 0.140956 0.225511 0.220259 0.147861 0.0919937 0.0608725 0.0323351 0.0114293 0.00275713 0.000533886 9.4092e-05 1.42353e-05 1.75466e-06 1.81776e-07 1.59147e-08 1.14536e-09 6.64431e-11
 2.00459e-11 2.17579e-09 1.3925e-07 5.25488e-06 0.000116927 0.00153412 0.0118689 0.0541559 0.145872 0.233048 0.226066 0.147562 0.0860435 0.0538616 0.027862 0.00951892 0.00209578 0.000333893 4.7187e-05 6.42422e-06 7.88389e-07 8.28644e-08 7.11371e-09 4.81958e-10 2.56948e-11
 2.03245e-11 2.20603e-09 1.41185e-07 5.3279e-06 0.000118552 0.00155544 0.0120338 0.054907 0.147879 0.23612 0.228412 0.147371 0.08351 0.0509328 0.0260715 0.00884161 0.00191122 0.000289306 3.69216e-05 4.34179e-06 4.4039e-07 3.81542e-08 2.91834e-09 1.9118e-10 1.0083e-11
 2.04886e-11 2.22384e-09 1.42325e-07 5.37091e-06 0.000119509 0.001568 0.0121309 0.0553493 0.149061 0.237931 0.2298 0.147277 0.0820468 0.049226 0.0250063 0.00841355 0.00177878 0.000253303 2.89296e-05 3.042e-06 2.81177e-07 2.1698e-08 1.41306e-09 7.67583e-11 3.4222e-12
#obs catch len freq
 2.89133e-11 2.67958e-09 1.46428e-07 4.71812e-06 8.96407e-05 0.00100428 0.00663651 0.0259055 0.060199 0.086651 0.091412 0.1014 0.126296 0.139725 0.133031 0.107911 0.0686042 0.0332878 0.0127664 0.00393053 0.000947043 0.000172152 2.27959e-05 2.12352e-06 1.34548e-07
 4.47358e-11 3.99874e-09 2.10755e-07 6.54967e-06 0.00012002 0.00129689 0.00826569 0.0311176 0.0697206 0.096629 0.0976471 0.103225 0.123662 0.133394 0.124904 0.0999299 0.0630457 0.030654 0.0117884 0.00359021 0.000838597 0.000144616 1.77891e-05 1.51373e-06 8.67657e-08
 2.77146e-11 2.38521e-09 1.21041e-07 3.62183e-06 6.3904e-05 0.000664974 0.00408459 0.0148809 0.0329565 0.0496587 0.0697801 0.111056 0.155985 0.171071 0.156501 0.118883 0.0692125 0.0305273 0.0107532 0.0030914 0.000695909 0.000115652 1.35418e-05 1.08012e-06 5.72221e-08
 2.03028e-18 8.92475e-16 2.31326e-13 3.53545e-11 3.18614e-09 1.69322e-07 5.3074e-06 9.81881e-05 0.00107438 0.00699915 0.0276947 0.0703049 0.128268 0.18925 0.222315 0.18686 0.106782 0.0429965 0.0132546 0.00331673 0.000666218 0.000101806 1.11713e-05 8.397e-07 4.17762e-08
 1.58132e-10 1.25564e-08 5.87891e-07 1.623e-05 0.000264202 0.00253625 0.0143654 0.0481402 0.0968286 0.125289 0.132771 0.15503 0.168418 0.130362 0.0711696 0.0323705 0.0142328 0.0057458 0.0018884 0.000471181 8.6958e-05 1.17587e-05 1.14457e-06 7.76712e-08 3.54498e-09
 2.81098e-10 2.13923e-08 9.59938e-07 2.53991e-05 0.000396263 0.00364556 0.0197823 0.0634081 0.120956 0.142649 0.122355 0.110075 0.115516 0.112969 0.0937438 0.0598449 0.0259463 0.00718786 0.00130098 0.000173935 2.06432e-05 2.23998e-06 1.92107e-07 1.16142e-08 4.71601e-10
 4.85071e-10 3.53322e-08 1.51748e-06 3.84292e-05 0.000573843 0.00505286 0.0262427 0.0805 0.146891 0.16529 0.133802 0.111096 0.105845 0.0922029 0.0682272 0.0405933 0.0174049 0.00507003 0.00101088 0.000141986 1.42592e-05 1.03499e-06 5.62486e-08 2.3759e-09 7.63569e-11
 5.51313e-10 3.83861e-08 1.57593e-06 3.81495e-05 0.000544551 0.00458385 0.0227667 0.0669087 0.118069 0.1342 0.125493 0.131814 0.136679 0.114688 0.0786278 0.0431004 0.0170095 0.00453151 0.000824812 0.00010806 1.05445e-05 7.54161e-07 3.79642e-08 1.30614e-09 3.04608e-11
 1.0181e-09 6.76796e-08 2.65284e-06 6.13132e-05 0.000835584 0.00671502 0.0318325 0.0891705 0.148949 0.155224 0.12146 0.103917 0.103757 0.0968559 0.0756144 0.0437729 0.0168873 0.00418185 0.000679112 7.66311e-05 6.36999e-06 3.96928e-07 1.80751e-08 5.78885e-10 1.2601e-11
 1.31563e-09 8.34073e-08 3.1179e-06 6.87244e-05 0.000893222 0.00684641 0.0309677 0.0829451 0.133879 0.141345 0.127414 0.130131 0.127876 0.101832 0.0663571 0.0338532 0.0121585 0.00290578 0.000466744 5.24503e-05 4.23463e-06 2.44109e-07 9.846e-09 2.73873e-10 5.2e-12
 1.95959e-09 1.18355e-07 4.21495e-06 8.85094e-05 0.00109594 0.00800271 0.0344847 0.0879871 0.135232 0.13575 0.116552 0.116894 0.120634 0.107732 0.0778526 0.0405728 0.0137692 0.00292082 0.000390327 3.43958e-05 2.14776e-06 1.008e-07 3.55736e-09 9.01684e-11 1.56426e-12
 2.78141e-09 1.59885e-07 5.41925e-06 0.000108308 0.0012764 0.0088715 0.0363993 0.0885803 0.130948 0.130898 0.120172 0.127249 0.127623 0.106668 0.0718836 0.0352591 0.0113912 0.0023317 0.000305661 2.66905e-05 1.61972e-06 6.94947e-08 2.0854e-09 4.31077e-11 6.10338e-13
 4.53121e-09 2.47676e-07 7.98255e-06 0.000151701 0.00169997 0.011235 0.0438301 0.101393 0.142292 0.134303 0.115656 0.117424 0.117985 0.101186 0.0684922 0.0324491 0.00982725 0.00183809 0.000213306 1.58765e-05 8.00951e-07 2.89216e-08 7.61313e-10 1.42672e-11 1.8344e-13
 6.52052e-09 3.38619e-07 1.03688e-05 0.000187214 0.00199325 0.0125171 0.0464209 0.102323 0.138361 0.131304 0.121657 0.128004 0.12282 0.097397 0.0609378 0.026917 0.0076469 0.00134548 0.00014693 1.02494e-05 4.7808e-07 1.55455e-08 3.56863e-10 5.6951e-12 6.19221e-14
 7.85834e-09 3.87424e-07 1.12624e-05 0.000193051 0.00195138 0.0116364 0.0410195 0.0863681 0.114141 0.114485 0.122578 0.141165 0.140595 0.114404 0.0713571 0.0304157 0.00818345 0.00135044 0.00013722 8.81988e-06 3.74886e-07 1.10261e-08 2.28835e-10 3.30608e-12 3.24035e-14
 1.3966e-08 6.53217e-07 1.80148e-05 0.00029295 0.00280919 0.0158902 0.053107 0.105737 0.130541 0.117742 0.111077 0.122518 0.126979 0.108642 0.0681989 0.028087 0.00714715 0.0011027 0.000103638 6.06948e-06 2.30453e-07 5.95068e-09 1.07894e-10 1.37129e-12 1.19337e-14
 2.13998e-08 9.48985e-07 2.48141e-05 0.00038259 0.0034786 0.01866 0.0591913 0.112313 0.134577 0.124487 0.124394 0.132429 0.121871 0.0913127 0.0516315 0.0197192 0.00474924 0.000707599 6.60658e-05 3.99526e-06 1.62559e-07 4.53835e-09 8.60336e-11 1.07978e-12 8.80416e-15
 3.21812e-08 1.35238e-06 3.35106e-05 0.000489626 0.00421881 0.021448 0.0645039 0.116251 0.133349 0.120913 0.12124 0.129918 0.12163 0.0919914 0.0508227 0.0184327 0.00414045 0.000566261 4.75326e-05 2.51823e-06 8.80857e-08 2.13375e-09 3.66195e-11 4.3918e-13 3.56679e-15
 4.53195e-08 1.80404e-06 4.23443e-05 0.000586068 0.00478373 0.0230446 0.0657549 0.113117 0.127057 0.120287 0.128371 0.137185 0.123672 0.0891571 0.046773 0.0161553 0.00349669 0.000471815 4.05909e-05 2.30799e-06 8.92373e-08 2.35027e-09 4.12881e-11 4.73034e-13 3.49761e-15
 7.11876e-08 2.68342e-06 5.96433e-05 0.000781699 0.00604211 0.0275641 0.0744997 0.121519 0.129943 0.118426 0.12348 0.131234 0.119389 0.0857284 0.0435986 0.0143617 0.00295547 0.000381615 3.18651e-05 1.79257e-06 6.98558e-08 1.88091e-09 3.41684e-11 4.08611e-13 3.16257e-15
 1.02372e-07 3.65332e-06 7.6875e-05 0.00095388 0.00698082 0.0301635 0.0773514 0.120679 0.127359 0.121791 0.13194 0.136152 0.116672 0.0784065 0.0373564 0.0115662 0.00224863 0.000276435 2.22023e-05 1.21279e-06 4.60944e-08 1.21028e-09 2.14452e-11 2.51034e-13 1.91331e-15
 1.69613e-07 5.72958e-06 0.000114125 0.00134044 0.00928564 0.0379763 0.092146 0.13579 0.134454 0.119514 0.12274 0.124909 0.107298 0.070917 0.0322801 0.00935397 0.00167569 0.000186548 1.32933e-05 6.34441e-07 2.11296e-08 4.97061e-10 8.10917e-12 8.91889e-14 6.45838e-16
 2.52505e-07 8.07356e-06 0.000152214 0.00169223 0.0110969 0.0429795 0.098952 0.139574 0.136515 0.1258 0.129901 0.12417 0.0974529 0.0589633 0.0248128 0.0066893 0.00111705 0.000115754 7.63626e-06 3.33781e-07 1.00259e-08 2.09473e-10 3.00366e-12 2.89495e-14 1.84619e-16
 3.199e-07 9.68147e-06 0.000172769 0.00181812 0.0112874 0.0414244 0.0907359 0.123961 0.124685 0.127385 0.140541 0.136202 0.106494 0.0627429 0.0251147 0.00634467 0.000982542 9.3325e-05 5.55278e-06 2.14814e-07 5.63605e-09 1.02873e-10 1.30084e-12 1.11457e-14 6.33053e-17
 5.15064e-07 1.47551e-05 0.00024924 0.00248271 0.0145893 0.0506712 0.10495 0.135056 0.126519 0.120252 0.12886 0.126932 0.101318 0.0590714 0.0227219 0.0054403 0.000796066 7.16607e-05 4.06587e-06 1.50748e-07 3.77845e-09 6.48559e-11 7.5346e-13 5.80381e-15 2.92047e-17
 6.89095e-07 1.86876e-05 0.000298835 0.00281816 0.0156828 0.0516497 0.102056 0.128513 0.126596 0.132418 0.142434 0.130021 0.0943455 0.0504611 0.0180291 0.00404621 0.000559546 4.81041e-05 2.64261e-06 9.61591e-08 2.37945e-09 4.00963e-11 4.51717e-13 3.33212e-15 1.58787e-17
 1.00649e-06 2.58422e-05 0.000391249 0.00349333 0.0184066 0.0574117 0.107547 0.128929 0.122514 0.126374 0.137397 0.129565 0.0960395 0.0505392 0.0172311 0.00362958 0.000466471 3.69331e-05 1.84997e-06 6.09063e-08 1.36528e-09 2.1107e-11 2.22119e-13 1.55431e-15 7.09022e-18
 1.22538e-06 2.97916e-05 0.000427102 0.00361148 0.0180314 0.0534295 0.0961832 0.115832 0.121678 0.140107 0.153086 0.137072 0.095177 0.0469075 0.0150335 0.00299579 0.000368089 2.83129e-05 1.40501e-06 4.64718e-08 1.0422e-09 1.57417e-11 1.57028e-13 1.01729e-15 4.2435e-18
#spawning biomass
 25292 27512.5 23095.6 21836.9 33135.5 52669.1 73742.7 104189 126365 146100 187538 193072 248232 256486 226997 233860 224919 217317 237763 235802 191361 214220 247176 238722 256793 225870 216731 198965 217413 370482 296905 208711 138864 92642.1 65030.6 49581.5 41314.8 37029.3 34858.3 33777.3 33245.9 32987.3 32862.1 32801.4 32772.9 32759.5 32753.1 32750.2 32748.8 32748.1 32747.8 32747.6 32747.6 32747.5 32747.5 32747.5 32747.5 32747.5 32747.5 32747.5 32747.5 32747.5 32747.5 32747.5 32747.5 32747.5 32747.5 32747.5 32747.5 32747.5 32747.5 32747.5 32747.5 32747.5 32747.5 32747.5 32747.5 32747.5 32747.5 32747.5 32747.5 32747.5 32747.5 32747.5 32747.5 32747.5 32747.5 32747.5 32747.5 32747.5 32747.5 32747.5 32747.5 32747.5 32747.5 32747.5 32747.5 32747.5 32747.5 32747.5 32747.5 32747.5 32747.5 32747.5 32747.5 32747.5 32747.5 32747.5 32747.5 32747.5 32747.5 32747.5 32747.5 32747.5 32747.5 32747.5 32747.5 32747.5 32747.5 32747.5 32747.5 32747.5 32747.5 32747.5 32747.5 32747.5 32747.5 32747.5 0 0 0 0 0 0 0 0 0 0 0 0 0 0 0 0 0 0 0 0 0 0 0 0 0
