SBPRF35
0.178137
Curr Bio
272393
B35
476496
F35
0.989371
FOFL
0.751178
OFL
82840.7
Bzero
50895.7
#pred survey bio
 34016.2 31714.6 22150.4 18459.6 36980.7 52337.8 97915 153066 203122 224724 194033 217523 257963 315114 357592 293194 301684 298443 271520 270506 284965 278812 325998 313308 324220 289168 331781 347427 1.54705e+07 1.02639e+07 4.95108e+06 2.41895e+06 1.36927e+06 927212 722662 616724 556931 521478 499963 486790 478706 473747 470696 468806 467673 466993 466583 466336 466187 466098 466043 466011 465991 465979 465972 465968 465965 465963 465962 465962 465961 465961 465961 465961 465961 465961 465961 465961 465961 465961 465961 465961 465961 465961 465961 465961 465961 465961 465961 465961 465961 465961 465961 465961 465961 465961 465961 465961 465961 465961 465961 465961 465961 465961 465961 465961 465961 465961 465961 465961 465961 465961 465961 465961 465961 465961 465961 465961 465961 465961 465961 465961 465961 465961 465961 465961 465961 465961 465961 465961 465961 465961 465961 465961 465961 465961 465961 465961 0 0 0 0 0 0 0 0 0 0 0 0 0 0 0 0 0 0 0 0 0 0 0 0 0
#obs survey bio
 29138 17116.9 10691.5 25030.4 49025.1 51655.7 90106.7 131554 168466 200486 205732 138801 246218 218622 252146 227462 152961 169989 217473 257288 249665 246701 271150 225540 159868 289321 344257 251660
#pred catch bio
 12707.4 13890.4 11507.6 7853.21 22089.1 28749.2 57145.7 94153.3 130828 162651 136953 147899 176398 217689 277276 214318 227602 233552 208232 205470 225525 212705 257958 246625 270768 225741 269868 222398 82840.7 240123 95117.9 35129.9 15244.5 9375.59 7768.48 7350.35 7245.44 7219.81 7213.67 7212.22 7211.88 7211.8 7211.78 7211.78 7211.78 7211.78 7211.78 7211.78 7211.78 7211.78 7211.78 7211.78 7211.78 7211.78 7211.78 7211.78 7211.78 7211.78 7211.78 7211.78 7211.78 7211.78 7211.78 7211.78 7211.78 7211.78 7211.78 7211.78 7211.78 7211.78 7211.78 7211.78 7211.78 7211.78 7211.78 7211.78 7211.78 7211.78 7211.78 7211.78 7211.78 7211.78 7211.78 7211.78 7211.78 7211.78 7211.78 7211.78 7211.78 7211.78 7211.78 7211.78 7211.78 7211.78 7211.78 7211.78 7211.78 7211.78 7211.78 7211.78 7211.78 7211.78 7211.78 7211.78 7211.78 7211.78 7211.78 7211.78 7211.78 7211.78 7211.78 7211.78 7211.78 7211.78 7211.78 7211.78 7211.78 7211.78 7211.78 7211.78 7211.78 7211.78 7211.78 7211.78 7211.78 7211.78 7211.78 7211.78 0 0 0 0 0 0 0 0 0 0 0 0 0 0 0 0 0 0 0 0 0 0 0 0 0
#obs catch bio
 17723.3 15264.5 14624 8086.42 15261.9 22652.7 46200 76437.7 105185 155112 119711 138514 138742 193290 265683 193367 220224 230522 188474 174014 200248 184500 225548 207530 257583 186107 223362 182117
#pred cpue bio
 24461.9 23520.1 19330 10085.2 14906.8 22735 36956 62973.6 89440.6 107724 90527.6 85816 104831 123429 145970 116376 117156 109711 95253.7 93760.4 97009.8 88309.1 100177 100521 99733.1 79579.4 96073.7 93728.9 6.57698e+06 1.01124e+07 4.83552e+06 2.30233e+06 1.25263e+06 810569 606019 500081 440288 404835 383320 370147 362063 357104 354053 352163 351030 350350 349940 349693 349544 349455 349400 349368 349348 349336 349329 349325 349322 349320 349319 349319 349318 349318 349318 349318 349318 349318 349318 349318 349318 349318 349318 349318 349318 349318 349318 349318 349318 349318 349318 349318 349318 349318 349318 349318 349318 349318 349318 349318 349318 349318 349318 349318 349318 349318 349318 349318 349318 349318 349318 349318 349318 349318 349318 349318 349318 349318 349318 349318 349318 349318 349318 349318 349318 349318 349318 349318 349318 349318 349318 349318 349318 349318 349318 349318 349318 349318 349318 349318 0 0 0 0 0 0 0 0 0 0 0 0 0 0 0 0 0 0 0 0 0 0 0 0 0
#obs cpue bio
 35005.6 21727 10723.5 20398.8 37376.4 57807.1 85557.9 164414 240305 152141 167436 148489 324110 252098 266204 219959 246895 213414 187294 195826 175982 173542 209200 267786 240419 181320 206905 255950
#pred surv len freq
 1.39005e-11 1.50876e-09 9.65606e-08 3.6439e-06 8.10814e-05 0.00106383 0.00823114 0.0375737 0.101432 0.163868 0.167606 0.13315 0.112572 0.0953134 0.0660957 0.0405559 0.0250201 0.0154782 0.00977635 0.00654758 0.00476038 0.00381683 0.00320929 0.00243446 0.00140948
 1.23929e-11 1.34513e-09 8.60879e-08 3.24869e-06 7.22877e-05 0.000948465 0.00733897 0.0335115 0.0906083 0.147532 0.156291 0.138055 0.13262 0.117024 0.0783454 0.0436832 0.0239494 0.0130803 0.00704626 0.00386605 0.00225568 0.00147682 0.00108009 0.000770476 0.00044174
 7.14301e-12 7.75305e-10 4.96194e-08 1.87249e-06 4.16658e-05 0.000546717 0.00423161 0.0193521 0.0527288 0.0891177 0.109612 0.134865 0.170048 0.165499 0.115329 0.0665715 0.0365543 0.018667 0.0088407 0.00408319 0.00190295 0.000949155 0.000542403 0.000334183 0.000180632
 1.79541e-11 1.94875e-09 1.2472e-07 4.70653e-06 0.000104726 0.00137404 0.0106304 0.048505 0.130655 0.208766 0.20268 0.133049 0.0804032 0.0581668 0.0448973 0.0339959 0.0230814 0.0129727 0.00624083 0.00269669 0.00107282 0.000415139 0.000171632 8.02837e-05 3.74151e-05
 1.94841e-11 2.11481e-09 1.35348e-07 5.1076e-06 0.00011365 0.00149113 0.0115364 0.0526404 0.141816 0.226772 0.220948 0.146871 0.0894463 0.0583865 0.0313323 0.0118324 0.00377251 0.00156315 0.00082687 0.000401799 0.000162546 5.64104e-05 1.80206e-05 5.90048e-06 2.05937e-06
 1.87345e-11 2.03345e-09 1.30141e-07 4.91111e-06 0.000109278 0.00143377 0.0110928 0.0506204 0.136431 0.21862 0.215183 0.148903 0.0986423 0.0680869 0.0360844 0.0120679 0.00241379 0.000285525 1.99445e-05 8.28299e-07 2.3067e-08 1.43001e-09 3.51176e-10 9.11023e-11 2.24138e-11
 1.97612e-11 2.14489e-09 1.37272e-07 5.18023e-06 0.000115266 0.00151233 0.0117004 0.0533884 0.143824 0.229928 0.223759 0.148008 0.0890147 0.0571027 0.0295721 0.00984557 0.00197165 0.000235046 1.68825e-05 7.66385e-07 2.4871e-08 6.7995e-10 1.57498e-11 2.99158e-13 1.19685e-14
 1.91592e-11 2.07955e-09 1.33091e-07 5.02243e-06 0.000111755 0.00146627 0.0113441 0.0517653 0.139489 0.223298 0.218731 0.148535 0.094663 0.0635454 0.0333898 0.0111458 0.00222849 0.000263573 1.84018e-05 7.59006e-07 1.85818e-08 2.74634e-10 2.59919e-12 1.87068e-14 1.36665e-16
 1.86222e-11 2.02126e-09 1.29361e-07 4.88167e-06 0.000108623 0.00142518 0.0110263 0.0503176 0.135622 0.217384 0.214245 0.149 0.0996948 0.069288 0.036797 0.0123117 0.00246269 0.000291279 2.03315e-05 8.37864e-07 2.04464e-08 2.98631e-10 2.70603e-12 1.68253e-14 8.52696e-17
 1.78578e-11 1.93829e-09 1.2405e-07 4.68127e-06 0.000104164 0.00136668 0.0105738 0.0482566 0.130117 0.208964 0.207857 0.149663 0.106859 0.0774639 0.041648 0.0139716 0.00279615 0.000330736 2.30816e-05 9.50529e-07 2.31374e-08 3.34941e-10 2.94577e-12 1.68184e-14 7.2366e-17
 1.81137e-11 1.96607e-09 1.25828e-07 4.74837e-06 0.000105657 0.00138626 0.0107253 0.0489467 0.13196 0.211783 0.209996 0.149441 0.10446 0.0747263 0.0400237 0.0134157 0.00268441 0.000317486 2.21512e-05 9.11386e-07 2.21123e-08 3.16386e-10 2.6709e-12 1.33253e-14 3.95156e-17
 1.94622e-11 2.11243e-09 1.35195e-07 5.10185e-06 0.000113522 0.00148945 0.0115234 0.0525822 0.141671 0.226635 0.221263 0.148272 0.0918238 0.060305 0.031467 0.0104877 0.00209615 0.000247859 1.72926e-05 7.11494e-07 1.72639e-08 2.47092e-10 2.08828e-12 1.04606e-14 3.14622e-17
 1.92503e-11 2.08943e-09 1.33723e-07 5.0463e-06 0.000112286 0.00147324 0.011398 0.0520109 0.140145 0.224301 0.219492 0.148456 0.0938097 0.0625715 0.0328118 0.0109479 0.00218861 0.000258801 1.8056e-05 7.42886e-07 1.80238e-08 2.57876e-10 2.17659e-12 1.08524e-14 3.21098e-17
 1.9512e-11 2.11783e-09 1.35541e-07 5.1149e-06 0.000113813 0.00149326 0.0115529 0.0527164 0.142029 0.227183 0.221679 0.148229 0.0913575 0.0597728 0.0311512 0.0103797 0.00207444 0.000245288 1.71131e-05 7.04093e-07 1.70828e-08 2.44422e-10 2.06334e-12 1.02932e-14 3.05126e-17
 1.92174e-11 2.08586e-09 1.33495e-07 5.03768e-06 0.000112095 0.00147072 0.0113785 0.0519222 0.139908 0.223939 0.219217 0.148485 0.0941178 0.0629231 0.0330204 0.0110193 0.00220295 0.000260498 1.81744e-05 7.47751e-07 1.81413e-08 2.59527e-10 2.18964e-12 1.09016e-14 3.20882e-17
 1.94195e-11 2.1078e-09 1.34899e-07 5.09066e-06 0.000113273 0.00148618 0.0114981 0.052467 0.141363 0.226164 0.220906 0.148309 0.0922241 0.0607619 0.0317381 0.0105805 0.00211479 0.000250063 1.74462e-05 7.17786e-07 1.74139e-08 2.49102e-10 2.10108e-12 1.04499e-14 3.06445e-17
 1.9571e-11 2.12424e-09 1.35951e-07 5.13037e-06 0.000114157 0.00149778 0.0115878 0.0528755 0.142454 0.227833 0.222172 0.148178 0.0908045 0.0591417 0.0307768 0.0102515 0.0020487 0.000242241 1.69004e-05 6.95327e-07 1.68691e-08 2.41308e-10 2.03538e-12 1.01237e-14 2.96939e-17
 1.99289e-11 2.16309e-09 1.38438e-07 5.2242e-06 0.000116245 0.00152517 0.0117997 0.0538406 0.145032 0.231775 0.225163 0.147868 0.0874501 0.0553134 0.0285053 0.00947429 0.00189254 0.000223757 1.56106e-05 6.42258e-07 1.55816e-08 2.2289e-10 1.88e-12 9.35035e-15 2.74205e-17
 2.0211e-11 2.19371e-09 1.40397e-07 5.29815e-06 0.00011789 0.00154676 0.0119666 0.0546011 0.147063 0.234882 0.22752 0.147623 0.0848066 0.0522965 0.0267153 0.00886177 0.00176948 0.000209191 1.45941e-05 6.00438e-07 1.4567e-08 2.08376e-10 1.75758e-12 8.74143e-15 2.56343e-17
 2.02806e-11 2.20126e-09 1.4088e-07 5.31639e-06 0.000118296 0.00155208 0.0120078 0.0547887 0.147564 0.235648 0.228101 0.147563 0.0841547 0.0515526 0.0262739 0.00871072 0.00173913 0.000205599 1.43435e-05 5.90125e-07 1.43168e-08 2.04797e-10 1.72739e-12 8.59129e-15 2.51941e-17
 2.03821e-11 2.21228e-09 1.41586e-07 5.343e-06 0.000118888 0.00155985 0.0120679 0.0550624 0.148295 0.236766 0.228949 0.147475 0.0832035 0.050467 0.0256297 0.00849031 0.00169485 0.000200358 1.39777e-05 5.75076e-07 1.39517e-08 1.99575e-10 1.68334e-12 8.3722e-15 2.45516e-17
 2.07627e-11 2.25359e-09 1.4423e-07 5.44278e-06 0.000121108 0.00158898 0.0122931 0.0560886 0.151036 0.240959 0.232129 0.147145 0.0796366 0.0463962 0.0232144 0.00766383 0.0015288 0.000180703 1.26062e-05 5.18646e-07 1.25826e-08 1.79991e-10 1.51816e-12 7.55066e-15 2.21424e-17
 2.09108e-11 2.26967e-09 1.45258e-07 5.4816e-06 0.000121972 0.00160031 0.0123808 0.0564879 0.152103 0.24259 0.233367 0.147016 0.0782488 0.0448123 0.0222746 0.00734224 0.00146419 0.000173056 1.20726e-05 4.96689e-07 1.20499e-08 1.72371e-10 1.45389e-12 7.231e-15 2.1205e-17
 2.06977e-11 2.24654e-09 1.43778e-07 5.42574e-06 0.000120729 0.001584 0.0122547 0.0559134 0.150568 0.240243 0.231586 0.147201 0.0802457 0.0470913 0.0236268 0.00780494 0.00155715 0.000184059 1.28404e-05 5.28281e-07 1.28164e-08 1.83335e-10 1.54636e-12 7.69093e-15 2.25537e-17
 2.09059e-11 2.26914e-09 1.45224e-07 5.48031e-06 0.000121943 0.00159993 0.0123779 0.0564746 0.152067 0.242536 0.233326 0.147021 0.0782949 0.0448649 0.0223058 0.00735292 0.00146634 0.00017331 1.20903e-05 4.97419e-07 1.20676e-08 1.72624e-10 1.45602e-12 7.24162e-15 2.12361e-17
 2.13999e-11 2.32275e-09 1.48656e-07 5.6098e-06 0.000124825 0.00163773 0.0126702 0.0578064 0.155625 0.247976 0.237453 0.146592 0.073666 0.0395822 0.0191714 0.00628037 0.00125085 0.000147804 1.03104e-05 4.24189e-07 1.0291e-08 1.4721e-10 1.24166e-12 6.17549e-15 1.81097e-17
 2.11836e-11 2.29928e-09 1.47154e-07 5.55311e-06 0.000123563 0.00162119 0.0125423 0.0572234 0.154067 0.245594 0.235646 0.14678 0.0756923 0.0418947 0.0205435 0.00674989 0.00134518 0.000158969 1.10896e-05 4.56246e-07 1.10687e-08 1.58335e-10 1.3355e-12 6.64219e-15 1.94783e-17
 2.14803e-11 2.33148e-09 1.49215e-07 5.63089e-06 0.000125294 0.00164389 0.0127179 0.0580233 0.156204 0.248862 0.238125 0.146522 0.0729119 0.0387215 0.0186607 0.00610563 0.00121574 0.000143648 1.00205e-05 4.12258e-07 1.00016e-08 1.43069e-10 1.20674e-12 6.00179e-15 1.76003e-17
#obs surv len freq
 4.90489e-11 4.54568e-09 2.48402e-07 8.00386e-06 0.000152066 0.0017036 0.0112556 0.043891 0.101438 0.142014 0.133419 0.11451 0.114575 0.10874 0.0882619 0.0645879 0.041083 0.0213861 0.0089837 0.00301508 0.000791997 0.000157955 2.2912e-05 2.30822e-06 1.55467e-07
 2.856e-11 2.55285e-09 1.34549e-07 4.18142e-06 7.66243e-05 0.000828054 0.00528047 0.0199368 0.0453495 0.067546 0.0865003 0.125067 0.166202 0.166005 0.13196 0.091474 0.0536261 0.0256272 0.0101683 0.00332034 0.000845215 0.000158951 2.12541e-05 1.95926e-06 1.20987e-07
 1.52596e-11 1.31329e-09 6.66448e-08 1.99418e-06 3.5186e-05 0.000366167 0.00225009 0.00821517 0.0183951 0.0290506 0.0456523 0.0815906 0.129898 0.171885 0.190314 0.161258 0.097404 0.0430299 0.0150592 0.00436872 0.00102053 0.000180134 2.2653e-05 1.94373e-06 1.10461e-07
 2.68892e-10 2.22455e-08 1.08516e-06 3.12126e-05 0.000529364 0.00529379 0.0312153 0.108535 0.222553 0.26933 0.193187 0.0843545 0.0269757 0.0136595 0.0139001 0.0132371 0.00945257 0.00502746 0.00198941 0.000580892 0.000125188 1.98479e-05 2.26097e-06 1.78126e-07 9.35262e-09
 1.7577e-10 1.39569e-08 6.53462e-07 1.80402e-05 0.000293669 0.00281911 0.0159668 0.0534953 0.107479 0.138334 0.144063 0.163815 0.172464 0.124159 0.055374 0.0158923 0.00382172 0.00127039 0.000517438 0.000170357 3.94688e-05 6.24278e-06 6.67644e-07 4.78762e-08 2.27239e-09
 4.43132e-10 3.37235e-08 1.51328e-06 4.00398e-05 0.000624675 0.00574661 0.0311748 0.0997774 0.188871 0.214192 0.155172 0.0919201 0.066394 0.0568289 0.045195 0.0282326 0.0120006 0.00321343 0.000542171 6.49512e-05 7.42102e-06 9.14802e-07 9.35842e-08 6.53768e-09 2.9423e-10
 5.38297e-10 3.9209e-08 1.68398e-06 4.26459e-05 0.000636809 0.00560734 0.0291235 0.0893548 0.163214 0.184532 0.151678 0.126712 0.11131 0.0766214 0.0381247 0.0154019 0.00553447 0.00166105 0.000376156 5.9994e-05 6.46683e-06 4.73233e-07 2.53958e-08 1.11201e-09 3.95307e-11
 7.87742e-10 5.48479e-08 2.25176e-06 5.45097e-05 0.000778067 0.00654904 0.0325149 0.0953676 0.166574 0.180325 0.142676 0.116414 0.103034 0.0768169 0.0459269 0.0223868 0.00816317 0.00203034 0.000341352 4.16005e-05 3.98745e-06 2.98629e-07 1.60907e-08 5.83554e-10 1.40047e-11
 9.90916e-10 6.58724e-08 2.58201e-06 5.96763e-05 0.000813283 0.00653615 0.030993 0.0869409 0.14627 0.157611 0.137229 0.131759 0.123393 0.0900408 0.0519114 0.0246581 0.00898638 0.00231918 0.000417885 5.35076e-05 4.89311e-06 3.16513e-07 1.44221e-08 4.62805e-10 1.03045e-11
 1.25086e-09 7.93015e-08 2.96442e-06 6.53415e-05 0.00084926 0.00650972 0.0294511 0.0789698 0.128169 0.138611 0.133003 0.142851 0.138158 0.102221 0.0602592 0.028452 0.00976839 0.00226232 0.000353674 3.92914e-05 3.25474e-06 2.00496e-07 8.80297e-09 2.64016e-10 5.26852e-12
 2.51958e-09 1.52177e-07 5.41946e-06 0.000113803 0.00140911 0.010289 0.0443251 0.112942 0.172398 0.167611 0.129757 0.111478 0.0989736 0.0739841 0.0455293 0.0218832 0.00737901 0.00164809 0.000246029 2.56339e-05 1.93081e-06 1.05285e-07 4.07398e-09 1.09533e-10 2.00548e-12
 3.74489e-09 2.15269e-07 7.29646e-06 0.000145825 0.00171851 0.0119435 0.0489855 0.118984 0.174226 0.166949 0.135957 0.122736 0.102422 0.065137 0.0325367 0.0132057 0.00404087 0.000863655 0.000127684 1.33897e-05 1.00668e-06 5.33235e-08 1.94091e-09 4.77141e-11 7.83071e-13
 5.25618e-09 2.87303e-07 9.2597e-06 0.000175973 0.00197197 0.0130329 0.0508493 0.117693 0.165574 0.157622 0.136468 0.130288 0.108306 0.0676131 0.0331401 0.0128813 0.00361369 0.000672656 8.17607e-05 6.75661e-06 4.04862e-07 1.82402e-08 6.05045e-10 1.40647e-11 2.19534e-13
 7.97798e-09 4.14307e-07 1.26864e-05 0.00022906 0.00243875 0.015314 0.056779 0.124994 0.167934 0.155068 0.133737 0.126698 0.10353 0.0646475 0.0321301 0.0124338 0.00337848 0.000599453 6.87434e-05 5.25842e-06 2.80342e-07 1.06695e-08 2.88213e-10 5.43466e-12 7.05921e-14
 1.00949e-08 4.97688e-07 1.44678e-05 0.000247994 0.00250673 0.0149474 0.05268 0.110798 0.145631 0.142771 0.143955 0.147931 0.118864 0.0706976 0.0331902 0.012095 0.00309294 0.000516886 5.59003e-05 4.03528e-06 2.02579e-07 7.20251e-09 1.78905e-10 3.02838e-12 3.4296e-14
 1.73141e-08 8.09809e-07 2.23334e-05 0.000363178 0.00348263 0.0196996 0.0658399 0.131097 0.161833 0.145161 0.131164 0.126389 0.101896 0.0645922 0.0326557 0.0122079 0.00305381 0.000488166 5.01724e-05 3.43964e-06 1.63817e-07 5.50327e-09 1.28412e-10 2.02979e-12 2.13298e-14
 2.48238e-08 1.10082e-06 2.87843e-05 0.000443805 0.0040352 0.0216463 0.0686719 0.130373 0.15653 0.14505 0.141376 0.136236 0.101685 0.0572398 0.0255922 0.00870197 0.00204149 0.00031383 3.17705e-05 2.18809e-06 1.05097e-07 3.50603e-09 7.93987e-11 1.19563e-12 1.18288e-14
 3.81623e-08 1.60373e-06 3.97387e-05 0.000580626 0.00500291 0.0254343 0.076493 0.137855 0.158014 0.142022 0.135929 0.128662 0.0964488 0.0563615 0.026052 0.00879929 0.0019847 0.000289181 2.7672e-05 1.80905e-06 8.32163e-08 2.68695e-09 5.94094e-11 8.76799e-13 8.47898e-15
 5.7158e-08 2.27529e-06 5.34055e-05 0.000739157 0.00603317 0.0290601 0.0828704 0.142145 0.15752 0.142366 0.138666 0.127977 0.0912702 0.050443 0.0220372 0.00705753 0.00152235 0.000215211 2.0325e-05 1.32449e-06 6.03469e-08 1.89584e-09 4.01241e-11 5.62276e-13 5.15886e-15
 8.41989e-08 3.17388e-06 7.05447e-05 0.000924577 0.00714659 0.0326052 0.0881566 0.144029 0.154864 0.141537 0.140252 0.12702 0.0881098 0.0475727 0.020131 0.00614499 0.00125063 0.000166278 1.47952e-05 9.1392e-07 3.98309e-08 1.20753e-09 2.4792e-11 3.36955e-13 2.98185e-15
 1.13637e-07 4.05532e-06 8.53343e-05 0.00105886 0.00774943 0.0334923 0.0859836 0.13483 0.144943 0.142647 0.150209 0.134852 0.0907042 0.0474073 0.0192498 0.00557134 0.00106774 0.000133326 1.11261e-05 6.43371e-07 2.61949e-08 7.4136e-10 1.42329e-11 1.81561e-13 1.51522e-15
 2.06632e-07 6.98013e-06 0.000139034 0.00163299 0.0113121 0.0462593 0.112188 0.164912 0.161329 0.137099 0.126956 0.107695 0.0719772 0.0380438 0.015308 0.00426724 0.000775278 9.12434e-05 7.16224e-06 3.88722e-07 1.48005e-08 3.90086e-10 6.94999e-12 8.20848e-14 6.33565e-16
 2.6166e-07 8.36629e-06 0.000157733 0.00175364 0.011501 0.0445707 0.102904 0.146983 0.150182 0.148021 0.150024 0.122095 0.0727579 0.0334335 0.011945 0.00306822 0.000529435 6.06134e-05 4.70835e-06 2.53588e-07 9.45174e-09 2.38951e-10 4.01488e-12 4.42342e-14 3.16489e-16
 4.20915e-07 1.27386e-05 0.000227322 0.00239215 0.0148494 0.0544645 0.118963 0.160427 0.153632 0.140892 0.135157 0.107886 0.06564 0.0311894 0.0111036 0.00269734 0.000421294 4.19804e-05 2.74895e-06 1.23946e-07 3.97889e-09 9.06727e-11 1.42387e-12 1.49107e-14 1.01552e-16
 5.55786e-07 1.59217e-05 0.000268949 0.00267915 0.0157471 0.0547492 0.113946 0.149689 0.149192 0.150633 0.148336 0.112708 0.0631874 0.0274373 0.00901704 0.0020553 0.000306038 2.95199e-05 1.88876e-06 8.24585e-08 2.47924e-09 5.07138e-11 6.93505e-13 6.26978e-15 3.72428e-17
 7.77725e-07 2.10912e-05 0.000337271 0.00318068 0.0177015 0.0583178 0.115406 0.146169 0.145653 0.150219 0.147489 0.111702 0.0639166 0.0283565 0.00921368 0.00200819 0.000280398 2.51e-05 1.48364e-06 5.99877e-08 1.68568e-09 3.25431e-11 4.21333e-13 3.58113e-15 1.96834e-17
 1.13559e-06 2.91571e-05 0.000441439 0.00394161 0.0207725 0.064847 0.121948 0.148408 0.145792 0.149535 0.143182 0.105608 0.0594587 0.0258972 0.0081631 0.00171977 0.00023439 2.08669e-05 1.24703e-06 5.09512e-08 1.41659e-09 2.62934e-11 3.2014e-13 2.53083e-15 1.29065e-17
 1.5778e-06 3.83597e-05 0.000549934 0.00464999 0.0232133 0.0687408 0.123377 0.146628 0.147432 0.155077 0.144827 0.101525 0.0539117 0.0220538 0.00651157 0.0012842 0.000164047 1.37387e-05 7.78005e-07 3.04479e-08 8.20389e-10 1.48908e-11 1.77921e-13 1.37543e-15 6.79183e-18
#pred catch len freq
 2.3403e-12 2.54018e-10 1.62571e-08 6.13501e-07 1.3652e-05 0.000179179 0.00138861 0.00639128 0.0179745 0.0348591 0.0629926 0.120903 0.185874 0.191622 0.138714 0.0857506 0.0529525 0.0327594 0.0206901 0.0138564 0.0100741 0.0080773 0.00679161 0.00515189 0.0029828
 2.00625e-12 2.1776e-10 1.39366e-08 5.25934e-07 1.17037e-05 0.000153625 0.00119124 0.00549846 0.0156761 0.0320482 0.0643394 0.132758 0.207685 0.211583 0.146024 0.0818527 0.0449034 0.0245239 0.0132098 0.00724738 0.00422846 0.00276841 0.00202472 0.00144432 0.000828076
 8.52669e-13 9.25492e-11 5.92318e-09 2.23532e-07 4.97494e-06 6.53454e-05 0.00050842 0.00238667 0.00734642 0.0191628 0.0538517 0.131473 0.215327 0.22302 0.157336 0.0910049 0.0499797 0.0255212 0.0120858 0.00558166 0.00260123 0.00129744 0.000741432 0.000456808 0.000246912
 5.84446e-12 6.3436e-10 4.05989e-08 1.53208e-06 3.40913e-05 0.000447328 0.00346236 0.0158345 0.0431503 0.0729782 0.0900323 0.111867 0.144912 0.152671 0.129142 0.0990696 0.0673205 0.037833 0.0181987 0.00786327 0.00312816 0.00121046 0.000500444 0.00023409 0.000109095
 1.4992e-11 1.62723e-09 1.04143e-07 3.93002e-06 8.74481e-05 0.00114737 0.00887764 0.0405282 0.109454 0.177198 0.182951 0.149481 0.129522 0.104863 0.0598419 0.0228816 0.00730029 0.00301935 0.00159592 0.0007754 0.000313678 0.000108859 3.47755e-05 1.13865e-05 3.97411e-06
 1.21855e-11 1.32262e-09 8.46475e-08 3.19434e-06 7.10784e-05 0.000932609 0.00721672 0.0329636 0.0892686 0.14649 0.160463 0.154581 0.160012 0.138127 0.0776419 0.0262884 0.005271 0.000623803 4.35776e-05 1.80973e-06 5.03635e-08 3.11083e-09 7.63133e-10 1.97965e-10 4.87051e-11
 1.54473e-11 1.67666e-09 1.07306e-07 4.04939e-06 9.01043e-05 0.00118222 0.00914723 0.0417578 0.112758 0.182415 0.187714 0.151744 0.129433 0.103234 0.0569483 0.0192192 0.00385918 0.000460288 3.30592e-05 1.50002e-06 4.86215e-08 1.32702e-09 3.07016e-11 5.82845e-13 2.33099e-14
 1.47729e-11 1.60345e-09 1.02621e-07 3.87259e-06 8.61701e-05 0.0011306 0.00874804 0.0399394 0.107901 0.174987 0.182081 0.152338 0.135767 0.110456 0.0612236 0.0206703 0.00414214 0.000490125 3.42217e-05 1.41153e-06 3.45551e-08 5.10627e-10 4.82991e-12 3.47112e-14 2.53086e-16
 1.4269e-11 1.54877e-09 9.91208e-08 3.74051e-06 8.32314e-05 0.00109205 0.00844985 0.038581 0.104273 0.169438 0.177872 0.152775 0.140488 0.115844 0.0644207 0.0217641 0.00436184 0.0005161 3.60268e-05 1.48467e-06 3.62295e-08 5.29092e-10 4.79258e-12 2.97693e-14 1.50617e-16
 1.44343e-11 1.56671e-09 1.00269e-07 3.78385e-06 8.41956e-05 0.0011047 0.00854769 0.0390267 0.105463 0.171259 0.179253 0.152631 0.138939 0.114076 0.0633716 0.0214051 0.00428964 0.000507525 3.54213e-05 1.4587e-06 3.55065e-08 5.13965e-10 4.51925e-12 2.57845e-14 1.10783e-16
 1.45397e-11 1.57814e-09 1.01001e-07 3.81147e-06 8.48101e-05 0.00111276 0.00861005 0.0393107 0.106222 0.172419 0.180133 0.15254 0.137952 0.11295 0.0627031 0.0211762 0.00424357 0.000502037 3.50294e-05 1.44126e-06 3.49683e-08 5.00332e-10 4.22374e-12 2.10722e-14 6.24846e-17
 1.64926e-11 1.79012e-09 1.14567e-07 4.32342e-06 9.62015e-05 0.00126221 0.0097659 0.0445761 0.120286 0.193929 0.196451 0.150847 0.119651 0.0920635 0.0503104 0.0169356 0.0033916 0.000401195 2.79927e-05 1.15176e-06 2.79468e-08 3.99991e-10 3.38046e-12 1.69327e-14 5.09211e-17
 1.61734e-11 1.75546e-09 1.12349e-07 4.23972e-06 9.43391e-05 0.00123778 0.00957693 0.0437152 0.117987 0.190412 0.193783 0.151124 0.122643 0.0954783 0.0523366 0.0176289 0.00353089 0.000417681 2.91429e-05 1.19905e-06 2.90914e-08 4.16224e-10 3.51311e-12 1.7516e-14 5.18234e-17
 1.67375e-11 1.8167e-09 1.16269e-07 4.38761e-06 9.763e-05 0.00128095 0.00991085 0.0452364 0.12205 0.196626 0.198497 0.150635 0.117356 0.0894443 0.0487564 0.0164039 0.00328477 0.000388548 2.711e-05 1.11541e-06 2.70624e-08 3.87211e-10 3.2687e-12 1.6306e-14 4.83337e-17
 1.73392e-11 1.88201e-09 1.20448e-07 4.54534e-06 0.000101139 0.00132699 0.0102669 0.0468585 0.126382 0.203253 0.203525 0.150113 0.111718 0.0830096 0.0449384 0.0150974 0.00302229 0.000357479 2.49419e-05 1.0262e-06 2.48967e-08 3.56169e-10 3.00501e-12 1.4961e-14 4.40359e-17
 1.71165e-11 1.85783e-09 1.18901e-07 4.48694e-06 9.98401e-05 0.00130995 0.0101351 0.0462579 0.124778 0.200799 0.201663 0.150306 0.113805 0.085392 0.046352 0.0155811 0.00311947 0.000368982 2.57445e-05 1.05921e-06 2.56972e-08 3.67592e-10 3.1005e-12 1.54206e-14 4.52212e-17
 1.76294e-11 1.9135e-09 1.22464e-07 4.6214e-06 0.000102832 0.0013492 0.0104387 0.0476409 0.128472 0.206449 0.205949 0.149861 0.108999 0.0799063 0.0430971 0.0144674 0.0028957 0.000342496 2.38963e-05 9.83169e-07 2.38524e-08 3.41203e-10 2.87796e-12 1.43146e-14 4.19862e-17
 1.84394e-11 2.00142e-09 1.2809e-07 4.83373e-06 0.000107557 0.00141118 0.0109181 0.0498246 0.134305 0.21537 0.212717 0.149159 0.101408 0.0712438 0.0379573 0.0127086 0.00254235 0.000300672 2.09777e-05 8.63087e-07 2.09391e-08 2.99527e-10 2.52641e-12 1.25653e-14 3.68486e-17
 1.87031e-11 2.03004e-09 1.29922e-07 4.90286e-06 0.000109095 0.00143136 0.0110741 0.0505356 0.136204 0.218274 0.21492 0.14893 0.0989375 0.0684237 0.0362841 0.0121361 0.00242732 0.000287056 2.00276e-05 8.23994e-07 1.99906e-08 2.8596e-10 2.41197e-12 1.19961e-14 3.51787e-17
 1.87396e-11 2.034e-09 1.30176e-07 4.91243e-06 0.000109308 0.00143416 0.0110958 0.050634 0.136467 0.218676 0.215225 0.148899 0.0985952 0.068033 0.0360523 0.0120567 0.00241138 0.000285169 1.9896e-05 8.18579e-07 1.98592e-08 2.84081e-10 2.39612e-12 1.19173e-14 3.49475e-17
 1.91492e-11 2.07846e-09 1.33021e-07 5.01979e-06 0.000111697 0.0014655 0.0113382 0.0517383 0.139416 0.223187 0.218647 0.148544 0.0947572 0.0636529 0.0334534 0.0111674 0.00223271 0.000264022 1.84203e-05 7.57861e-07 1.83862e-08 2.63009e-10 2.21839e-12 1.10333e-14 3.23553e-17
 1.94685e-11 2.11312e-09 1.35239e-07 5.10351e-06 0.000113559 0.00148994 0.0115272 0.0525993 0.141716 0.226704 0.221316 0.148267 0.0917646 0.0602374 0.0314269 0.010474 0.0020934 0.000247531 1.72695e-05 7.10516e-07 1.72375e-08 2.46578e-10 2.0798e-12 1.0344e-14 3.03339e-17
 1.98744e-11 2.15717e-09 1.38059e-07 5.20991e-06 0.000115927 0.001521 0.0117674 0.0536935 0.144639 0.231174 0.224707 0.147915 0.0879612 0.0558968 0.0288515 0.00959273 0.00191634 0.000226574 1.58071e-05 6.50345e-07 1.57778e-08 2.25697e-10 1.90367e-12 9.46802e-15 2.7765e-17
 1.95537e-11 2.12237e-09 1.35831e-07 5.12584e-06 0.000114056 0.00149646 0.0115776 0.052829 0.14233 0.227643 0.222028 0.148193 0.0909662 0.0593263 0.0308863 0.010289 0.00205623 0.000243132 1.69626e-05 6.97885e-07 1.69311e-08 2.42195e-10 2.04282e-12 1.01601e-14 2.97946e-17
 2.01362e-11 2.1856e-09 1.39878e-07 5.27855e-06 0.000117454 0.00154104 0.0119224 0.0543996 0.146525 0.234059 0.226895 0.147688 0.0855072 0.0530962 0.0271897 0.00902411 0.0018021 0.000213052 1.48635e-05 6.11522e-07 1.48359e-08 2.12223e-10 1.79002e-12 8.9028e-15 2.61075e-17
 2.04797e-11 2.22288e-09 1.42264e-07 5.36859e-06 0.000119458 0.00156732 0.0121256 0.0553256 0.148998 0.237842 0.229765 0.14739 0.0822886 0.0494228 0.0250102 0.00827831 0.00165226 0.000195316 1.36259e-05 5.60601e-07 1.36005e-08 1.94551e-10 1.64097e-12 8.16147e-15 2.39336e-17
 2.03713e-11 2.2111e-09 1.4151e-07 5.34016e-06 0.000118825 0.00155902 0.0120615 0.0550332 0.148217 0.236647 0.228859 0.147484 0.083305 0.0505828 0.0256984 0.00851382 0.00169957 0.000200917 1.40167e-05 5.76681e-07 1.39906e-08 2.00132e-10 1.68804e-12 8.39556e-15 2.46201e-17
 1.96431e-11 2.13207e-09 1.36452e-07 5.14928e-06 0.000114578 0.0015033 0.0116305 0.05307 0.142973 0.228627 0.222774 0.148115 0.0901286 0.0583703 0.0303191 0.0100949 0.00201724 0.000238516 1.66405e-05 6.84634e-07 1.66096e-08 2.37596e-10 2.00403e-12 9.9672e-15 2.92289e-17
#obs catch len freq
 4.43916e-11 4.11406e-09 2.24816e-07 7.24388e-06 0.000137627 0.00154185 0.010187 0.0397266 0.0918457 0.128817 0.122059 0.107554 0.112497 0.114578 0.102427 0.0795951 0.0498811 0.0245809 0.00998245 0.00341232 0.000940349 0.000195736 2.91206e-05 2.97407e-06 2.02469e-07
 6.74499e-11 6.02905e-09 3.17763e-07 9.8752e-06 0.000180958 0.0019553 0.0124602 0.0468715 0.10458 0.141893 0.131279 0.114409 0.115663 0.108667 0.0873467 0.0632414 0.0395274 0.0201392 0.00825428 0.00269012 0.000681945 0.000130255 1.79519e-05 1.70667e-06 1.079e-07
 4.03247e-11 3.47048e-09 1.76114e-07 5.26975e-06 9.2979e-05 0.000967473 0.00594101 0.0216117 0.0474959 0.0691659 0.0889081 0.12901 0.168176 0.164367 0.128868 0.088091 0.0506359 0.0236991 0.0091923 0.00291331 0.00071358 0.000128163 1.62597e-05 1.41362e-06 8.19027e-08
 2.22108e-11 1.8375e-09 8.96356e-08 2.57824e-06 4.37299e-05 0.000437475 0.00258473 0.00908178 0.0196576 0.0305104 0.0481921 0.0856492 0.134145 0.174968 0.189811 0.156098 0.0913447 0.0392642 0.0134128 0.00378305 0.000851496 0.000143484 1.70958e-05 1.38163e-06 7.36092e-08
 3.87194e-10 3.07449e-08 1.43948e-06 3.97396e-05 0.000646888 0.006209 0.0351402 0.117271 0.230804 0.26812 0.184718 0.0777747 0.0246534 0.0131615 0.0134934 0.0125186 0.00867441 0.00446943 0.00170785 0.000480062 9.92563e-05 1.50168e-05 1.62133e-06 1.20294e-07 5.91815e-09
 2.61712e-10 1.99169e-08 8.93736e-07 2.36475e-05 0.000368942 0.00339448 0.0184277 0.0591979 0.114233 0.142261 0.146052 0.164307 0.167618 0.115742 0.0495046 0.0137692 0.00333059 0.0011349 0.000453442 0.000143113 3.15622e-05 4.73299e-06 4.78081e-07 3.22484e-08 1.43387e-09
 6.57928e-10 4.79229e-08 2.05823e-06 5.21234e-05 0.000778324 0.00685306 0.0355834 0.109011 0.197572 0.214838 0.150231 0.08765 0.0633092 0.0536969 0.0418332 0.025236 0.0102566 0.0026184 0.000422974 4.93243e-05 5.58117e-06 6.67974e-07 6.47297e-08 4.24362e-09 1.78552e-10
 8.12621e-10 5.65801e-08 2.32288e-06 5.62313e-05 0.000802642 0.00675592 0.033543 0.098397 0.171992 0.186834 0.149521 0.123146 0.105278 0.0699401 0.0338335 0.0134348 0.00473458 0.00137824 0.000300046 4.57221e-05 4.69424e-06 3.27605e-07 1.68273e-08 7.03338e-10 2.35953e-11
 1.19772e-09 7.96204e-08 3.12089e-06 7.21308e-05 0.000983007 0.00789973 0.037448 0.104892 0.175123 0.18199 0.140204 0.112969 0.0977095 0.0708735 0.0414072 0.019617 0.00687547 0.00163583 0.000263786 3.10074e-05 2.86634e-06 2.05276e-07 1.04844e-08 3.58699e-10 8.10229e-12
 1.54397e-09 9.78838e-08 3.65906e-06 8.06524e-05 0.00104824 0.00803437 0.0363349 0.0972343 0.156236 0.161563 0.136648 0.127933 0.115817 0.0819286 0.0461308 0.0213151 0.00748045 0.00185055 0.000319559 3.91839e-05 3.42195e-06 2.10744e-07 9.11822e-09 2.76886e-10 5.80753e-12
 1.98251e-09 1.19739e-07 4.26426e-06 8.9545e-05 0.00110877 0.00809694 0.0349017 0.089195 0.138192 0.143541 0.133801 0.139407 0.130034 0.0933457 0.0536497 0.0245025 0.00805399 0.00177991 0.000266127 2.8367e-05 2.25262e-06 1.32306e-07 5.50482e-09 1.55731e-10 2.92168e-12
 3.95574e-09 2.2739e-07 7.70729e-06 0.000154035 0.00181525 0.0126152 0.0517267 0.125473 0.182492 0.1697 0.126942 0.106004 0.0912014 0.0663577 0.0397448 0.018391 0.00591727 0.00125861 0.000179317 1.787e-05 1.28624e-06 6.67731e-08 2.4495e-09 6.21892e-11 1.07113e-12
 5.94021e-09 3.24692e-07 1.04647e-05 0.000198873 0.00222856 0.0147277 0.0574407 0.132701 0.184976 0.169293 0.132543 0.115037 0.0920729 0.0565541 0.027491 0.0108062 0.00317048 0.000647042 9.13957e-05 9.15851e-06 6.56121e-07 3.29756e-08 1.1346e-09 2.62865e-11 4.05426e-13
 8.43112e-09 4.37839e-07 1.3407e-05 0.00024207 0.00257724 0.0161832 0.0599922 0.131961 0.176601 0.160452 0.133215 0.121774 0.096948 0.0584497 0.0278228 0.0104245 0.0027886 0.000492707 5.69181e-05 4.48879e-06 2.57361e-07 1.10655e-08 3.48118e-10 7.62941e-12 1.11796e-13
 1.28896e-08 6.35472e-07 1.84731e-05 0.000316647 0.00320052 0.0190798 0.0671618 0.140392 0.17922 0.157528 0.129571 0.117037 0.0915847 0.0552975 0.0266498 0.00990365 0.00255854 0.000430093 4.67785e-05 3.40308e-06 1.72779e-07 6.25144e-09 1.59981e-10 2.84819e-12 3.48178e-14
 1.66044e-08 7.76617e-07 2.1418e-05 0.000348294 0.00333996 0.0188944 0.063179 0.126099 0.157392 0.146716 0.14062 0.137333 0.105504 0.0606061 0.027559 0.0096349 0.00234065 0.000370319 3.79571e-05 2.60375e-06 1.24339e-07 4.1959e-09 9.85364e-11 1.57139e-12 1.67193e-14
 2.8365e-08 1.25786e-06 3.28905e-05 0.00050711 0.00461059 0.0247273 0.0783586 0.147942 0.173164 0.147163 0.125807 0.115143 0.0890851 0.0546743 0.0266588 0.00950078 0.00224916 0.00033977 3.30657e-05 2.15249e-06 9.74229e-08 3.10288e-09 6.83766e-11 1.01723e-12 1.00335e-14
 4.08051e-08 1.71478e-06 4.24907e-05 0.000620833 0.00534928 0.0271934 0.0817566 0.147103 0.167376 0.146807 0.135159 0.123428 0.0881066 0.0479099 0.0206876 0.00672285 0.00149533 0.000217556 2.08805e-05 1.36569e-06 6.22321e-08 1.96293e-09 4.18802e-11 5.92541e-13 5.49617e-15
 6.28655e-08 2.50249e-06 5.87382e-05 0.000812957 0.00663527 0.0319537 0.0910304 0.15538 0.16853 0.142825 0.128574 0.115313 0.0829008 0.0468318 0.0208199 0.00668947 0.00142675 0.000196509 1.78197e-05 1.10636e-06 4.82935e-08 1.47447e-09 3.07035e-11 4.25394e-13 3.85195e-15
 9.44314e-08 3.55959e-06 7.91176e-05 0.00103692 0.00801456 0.0365554 0.098707 0.160252 0.16773 0.142266 0.129699 0.113185 0.0773369 0.0412829 0.0173353 0.00528097 0.00107778 0.000144166 1.29104e-05 7.98361e-07 3.44432e-08 1.02081e-09 2.03152e-11 2.67024e-13 2.2929e-15
 1.39974e-07 4.9952e-06 0.000105111 0.00130422 0.00954391 0.0412214 0.105494 0.162993 0.165039 0.140574 0.129642 0.110887 0.0737096 0.0383986 0.0155801 0.00451498 0.000868454 0.000109196 9.21192e-06 5.40077e-07 2.22921e-08 6.37496e-10 1.23004e-11 1.5665e-13 1.29583e-15
 1.91714e-07 6.4762e-06 0.000128996 0.00151513 0.0104963 0.0429373 0.104298 0.154458 0.155624 0.141562 0.138296 0.11729 0.0756147 0.0380864 0.0147986 0.00406012 0.00073477 8.67131e-05 6.85616e-06 3.76013e-07 1.44896e-08 3.86658e-10 6.9744e-12 8.33515e-14 6.50092e-16
 3.40197e-07 1.08774e-05 0.000205075 0.00227985 0.0149481 0.0578548 0.132749 0.184293 0.16899 0.132417 0.113161 0.0905896 0.0580828 0.02953 0.0113287 0.00298616 0.000511699 5.68794e-05 4.22768e-06 2.17445e-07 7.82903e-09 1.94407e-10 3.25219e-12 3.59678e-14 2.5935e-16
 4.43755e-07 1.34298e-05 0.000239657 0.00252194 0.0156546 0.0574095 0.125308 0.168448 0.15939 0.142403 0.132497 0.101499 0.0578273 0.0255506 0.00872508 0.00212445 0.000346404 3.75073e-05 2.75922e-06 1.40622e-07 4.94441e-09 1.17515e-10 1.85118e-12 1.908e-14 1.27451e-16
 7.05496e-07 2.02104e-05 0.000341388 0.00340051 0.01998 0.0693489 0.143191 0.181629 0.160707 0.132861 0.116562 0.087666 0.0510657 0.0232611 0.00787039 0.00180369 0.000265153 2.49018e-05 1.54155e-06 6.58627e-08 2.00164e-09 4.30162e-11 6.34174e-13 6.21212e-15 3.94684e-17
 9.46013e-07 2.56549e-05 0.000410245 0.00386862 0.0215235 0.0708078 0.139187 0.171294 0.156016 0.141018 0.127373 0.0912518 0.0489216 0.0203575 0.00636324 0.0013697 0.000192164 1.74824e-05 1.05683e-06 4.35983e-08 1.23603e-09 2.37681e-11 3.04762e-13 2.57831e-15 1.43041e-17
 1.32741e-06 3.4082e-05 0.000515995 0.00460703 0.0242718 0.0756612 0.141337 0.167266 0.151432 0.139634 0.126241 0.0904594 0.0495483 0.021006 0.00646739 0.00132806 0.000174495 1.47211e-05 8.21902e-07 3.14106e-08 8.32659e-10 1.51123e-11 1.83336e-13 1.45639e-15 7.466e-18
 1.9488e-06 4.73793e-05 0.000679224 0.00574251 0.028651 0.0846189 0.150058 0.169876 0.149957 0.136237 0.119869 0.0836582 0.0450483 0.0187111 0.00558152 0.0011081 0.000142285 1.19528e-05 6.74662e-07 2.60032e-08 6.80019e-10 1.18371e-11 1.34859e-13 9.95789e-16 4.73523e-18
#spawning biomass
 31255.4 29377.9 21398.8 15995.2 30491 43664.4 79985.9 126626 169829 190568 163783 178827 213008 258786 295473 241252 247448 242901 219596 218429 229567 222593 259325 250525 257942 227194 262130 272393 367514 473536 188927 72157.4 33449.7 22025.7 18897.4 18083.5 17879.3 17829.4 17817.4 17814.6 17813.9 17813.8 17813.7 17813.7 17813.7 17813.7 17813.7 17813.7 17813.7 17813.7 17813.7 17813.7 17813.7 17813.7 17813.7 17813.7 17813.7 17813.7 17813.7 17813.7 17813.7 17813.7 17813.7 17813.7 17813.7 17813.7 17813.7 17813.7 17813.7 17813.7 17813.7 17813.7 17813.7 17813.7 17813.7 17813.7 17813.7 17813.7 17813.7 17813.7 17813.7 17813.7 17813.7 17813.7 17813.7 17813.7 17813.7 17813.7 17813.7 17813.7 17813.7 17813.7 17813.7 17813.7 17813.7 17813.7 17813.7 17813.7 17813.7 17813.7 17813.7 17813.7 17813.7 17813.7 17813.7 17813.7 17813.7 17813.7 17813.7 17813.7 17813.7 17813.7 17813.7 17813.7 17813.7 17813.7 17813.7 17813.7 17813.7 17813.7 17813.7 17813.7 17813.7 17813.7 17813.7 17813.7 17813.7 17813.7 0 0 0 0 0 0 0 0 0 0 0 0 0 0 0 0 0 0 0 0 0 0 0 0 0
