SBPRF35
0.827133
Curr Bio
135137
B35
610057
F35
0.258706
FOFL
0.112716
OFL
16228.8
Bzero
236324
#pred survey bio
 12772.4 10573.3 13115.7 18429.2 23731 28518.6 34503.2 39286.3 42851.7 55596.7 73242.2 90834.3 109104 130339 137770 115799 103001 102802 107198 104857 108980 117672 116502 120980 128940 134332 130399 115758 106040 8.39998e+06 7.19079e+06 7.80963e+06 7.22083e+06 6.19984e+06 5.16497e+06 4.28102e+06 3.58818e+06 3.07188e+06 2.69894e+06 2.43459e+06 2.24912e+06 2.11942e+06 2.02814e+06 1.9629e+06 1.9159e+06 1.88274e+06 1.85894e+06 1.84157e+06 1.82868e+06 1.81897e+06 1.81155e+06 1.80581e+06 1.80133e+06 1.79778e+06 1.79497e+06 1.79272e+06 1.79091e+06 1.78944e+06 1.78826e+06 1.7873e+06 1.78652e+06 1.78588e+06 1.78537e+06 1.78494e+06 1.7846e+06 1.78431e+06 1.78408e+06 1.7839e+06 1.78374e+06 1.78361e+06 1.78351e+06 1.78343e+06 1.78336e+06 1.7833e+06 1.78325e+06 1.78322e+06 1.78318e+06 1.78316e+06 1.78314e+06 1.78312e+06 1.78311e+06 1.7831e+06 1.78309e+06 1.78308e+06 1.78307e+06 1.78307e+06 1.78306e+06 1.78306e+06 1.78306e+06 1.78305e+06 1.78305e+06 1.78305e+06 1.78305e+06 1.78305e+06 1.78305e+06 1.78305e+06 1.78305e+06 1.78305e+06 1.78305e+06 1.78305e+06 1.78305e+06 1.78305e+06 1.78304e+06 1.78304e+06 1.78304e+06 1.78304e+06 1.78304e+06 1.78304e+06 1.78304e+06 1.78304e+06 1.78304e+06 1.78304e+06 1.78304e+06 1.78304e+06 1.78304e+06 1.78304e+06 1.78304e+06 1.78304e+06 1.78304e+06 1.78304e+06 1.78304e+06 1.78304e+06 1.78304e+06 1.78304e+06 1.78304e+06 1.78304e+06 1.78304e+06 1.78304e+06 1.78304e+06 0 0 0 0 0 0 0 0 0 0 0 0 0 0 0 0 0 0 0 0 0 0 0 0 0
#obs survey bio
 11542.6 9435.05 22296.7 24715.8 21838.9 26587.7 23090.4 32419.3 31902.3 59657.8 63304.9 87680.2 102680 118089 65800.1 83825.9 89897.5 80462.1 86586.8 82670.3 79107.8 125605 98703 125990 106675 97808.7 159676 118957 66110
#pred catch bio
 8423.86 6084.65 6621.86 9704.94 13863.8 17078.7 22152.5 27303.4 28926.3 36273.4 48713.7 65697.8 78689.2 92901.4 110067 93958 81124.5 81026.7 87318.7 86301.1 89547.5 99258.1 97608.7 101460 108053 114037 113146 104673 8396.07 16228.8 63006.2 74424.6 68402.1 57403.5 46596.8 37577.9 30653.4 25609.8 22066.5 19640.5 18010.6 16930.7 16220.9 15756 15454.1 15263.3 15142.6 15066.4 15018.2 14987.7 14968.4 14956.3 14948.6 14943.7 14940.6 14938.7 14937.5 14936.7 14936.2 14935.9 14935.7 14935.6 14935.5 14935.4 14935.4 14935.4 14935.4 14935.4 14935.4 14935.4 14935.4 14935.4 14935.4 14935.4 14935.4 14935.4 14935.4 14935.4 14935.4 14935.4 14935.4 14935.4 14935.4 14935.4 14935.4 14935.4 14935.4 14935.4 14935.4 14935.4 14935.4 14935.4 14935.4 14935.4 14935.4 14935.4 14935.4 14935.4 14935.4 14935.4 14935.4 14935.4 14935.4 14935.4 14935.4 14935.4 14935.4 14935.4 14935.4 14935.4 14935.4 14935.4 14935.4 14935.4 14935.4 14935.4 14935.4 14935.4 14935.4 14935.4 14935.4 14935.4 14935.4 14935.4 14935.4 14935.4 14935.4 14935.4 14935.4 0 0 0 0 0 0 0 0 0 0 0 0 0 0 0 0 0 0 0 0 0 0 0 0 0
#obs catch bio
 5921.62 6131.76 6427.48 9370.23 13511.7 16519 22055.9 27227.8 28804.5 35309.5 46525.4 64127.7 74502.1 90190.5 111140 96008.4 78388.3 80115.4 85721.8 86206.6 89379.7 95205.4 94728.4 95643.2 102345 110298 110350 101447 8172.52
#pred cpue bio
 9485.88 7252.45 8138.06 11762 15644 18174.3 21686.8 24431.5 25568 31128.3 42446.5 53398.9 60251.1 73748.9 84379.8 69293.1 58866 58147.6 59286.8 58237 57590.1 62177.1 62425.8 63346.4 67089.9 70987.1 70035.3 62927 52797.4 5.77828e+06 6.29821e+06 7.60292e+06 7.1075e+06 6.07056e+06 5.02611e+06 4.13918e+06 3.44556e+06 2.92906e+06 2.55608e+06 2.29172e+06 2.10625e+06 1.97655e+06 1.88527e+06 1.82003e+06 1.77303e+06 1.73987e+06 1.71607e+06 1.6987e+06 1.68581e+06 1.6761e+06 1.66868e+06 1.66294e+06 1.65845e+06 1.65491e+06 1.65209e+06 1.64984e+06 1.64803e+06 1.64657e+06 1.64539e+06 1.64443e+06 1.64365e+06 1.64301e+06 1.64249e+06 1.64207e+06 1.64172e+06 1.64144e+06 1.64121e+06 1.64102e+06 1.64087e+06 1.64074e+06 1.64064e+06 1.64055e+06 1.64048e+06 1.64043e+06 1.64038e+06 1.64034e+06 1.64031e+06 1.64028e+06 1.64026e+06 1.64025e+06 1.64023e+06 1.64022e+06 1.64021e+06 1.6402e+06 1.6402e+06 1.64019e+06 1.64019e+06 1.64019e+06 1.64018e+06 1.64018e+06 1.64018e+06 1.64018e+06 1.64018e+06 1.64017e+06 1.64017e+06 1.64017e+06 1.64017e+06 1.64017e+06 1.64017e+06 1.64017e+06 1.64017e+06 1.64017e+06 1.64017e+06 1.64017e+06 1.64017e+06 1.64017e+06 1.64017e+06 1.64017e+06 1.64017e+06 1.64017e+06 1.64017e+06 1.64017e+06 1.64017e+06 1.64017e+06 1.64017e+06 1.64017e+06 1.64017e+06 1.64017e+06 1.64017e+06 1.64017e+06 1.64017e+06 1.64017e+06 1.64017e+06 1.64017e+06 1.64017e+06 1.64017e+06 1.64017e+06 1.64017e+06 1.64017e+06 0 0 0 0 0 0 0 0 0 0 0 0 0 0 0 0 0 0 0 0 0 0 0 0 0
#obs cpue bio
 5642.65 6911.91 10978.7 13152.3 26276.3 29715.6 28110.5 31913.2 39410.6 52639.4 97222.3 89081.4 146154 97167.9 121005 84535.5 119011 88510.2 86772.3 77688.8 85111.4 127257 120834 175499 161964 138188 93021.2 138493 112983
#pred surv len freq
 2.56098e-27 2.58257e-27 2.82041e-26 5.41003e-20 1.3262e-14 3.92978e-10 1.40758e-06 0.000609429 0.0318953 0.201779 0.154707 0.0397613 0.193954 0.179408 0.0457006 0.0595513 0.0255495 0.0195753 0.0119878 0.00907963 0.00709969 0.00612311 0.00613041 0.00543032 0.00165712
 2.56352e-27 2.58959e-27 3.4418e-26 6.72089e-20 1.64755e-14 4.88197e-10 1.74864e-06 0.000757094 0.0396236 0.25067 0.192009 0.0378868 0.153485 0.142682 0.0507324 0.0799788 0.0271987 0.0113834 0.00503947 0.00284028 0.0018031 0.00133069 0.00118084 0.00104671 0.00035009
 2.56613e-27 2.59639e-27 4.01382e-26 7.92749e-20 1.94333e-14 5.75843e-10 2.06257e-06 0.000893016 0.0467372 0.295673 0.22639 0.0389676 0.137554 0.127331 0.0362291 0.0508812 0.020155 0.0126121 0.0040493 0.00125719 0.000522714 0.000291972 0.000214268 0.000178556 6.18584e-05
 2.56418e-27 2.59103e-27 3.53006e-26 6.90694e-20 1.69315e-14 5.01711e-10 1.79705e-06 0.000778052 0.0407204 0.257609 0.197359 0.0411131 0.174277 0.161121 0.040468 0.0519394 0.0188938 0.00980564 0.00392037 0.00145886 0.000329702 0.000101731 5.2342e-05 3.75304e-05 1.28779e-05
 2.56383e-27 2.5903e-27 3.48806e-26 6.8184e-20 1.67145e-14 4.9528e-10 1.77401e-06 0.000768079 0.0401985 0.254307 0.19481 0.0393609 0.162735 0.150935 0.0471092 0.0696401 0.0240963 0.010572 0.00369795 0.00129858 0.000370588 7.10626e-05 1.71209e-05 8.72905e-06 2.80919e-06
 2.56488e-27 2.59304e-27 3.7194e-26 7.3064e-20 1.79108e-14 5.30728e-10 1.90098e-06 0.000823051 0.0430755 0.272508 0.208712 0.0396395 0.155087 0.143611 0.0409679 0.0575375 0.0213548 0.0115028 0.00374404 0.00109053 0.000274878 5.86351e-05 8.32761e-06 1.90116e-06 5.08797e-07
 2.56471e-27 2.59244e-27 3.65389e-26 7.16815e-20 1.75719e-14 5.20686e-10 1.86501e-06 0.000807477 0.0422605 0.267351 0.204793 0.0408086 0.166737 0.154186 0.0396802 0.0518558 0.0183615 0.00873178 0.00312362 0.00103138 0.000222015 4.06536e-05 5.55695e-06 5.74686e-07 8.8773e-08
 2.56484e-27 2.59276e-27 3.67833e-26 7.21969e-20 1.76982e-14 5.24429e-10 1.87842e-06 0.000813283 0.0425643 0.269274 0.206264 0.0410141 0.167268 0.154663 0.0395598 0.051399 0.0172659 0.00680234 0.0022257 0.000684688 0.000167611 2.85613e-05 3.30242e-06 2.5612e-07 1.68347e-08
 2.56576e-27 2.59514e-27 3.87692e-26 7.63859e-20 1.87251e-14 5.54858e-10 1.98741e-06 0.000860471 0.045034 0.284897 0.2182 0.041363 0.161537 0.149185 0.0351655 0.042717 0.0140345 0.00503254 0.00149275 0.000378197 8.30262e-05 1.49556e-05 1.66802e-06 1.06228e-07 3.96389e-09
 2.56743e-27 2.59959e-27 4.26265e-26 8.45229e-20 2.07198e-14 6.13964e-10 2.19912e-06 0.000952133 0.0498312 0.315246 0.241365 0.0408411 0.14129 0.130373 0.0295368 0.034585 0.0111048 0.0035779 0.00101433 0.000230798 4.22108e-05 6.52273e-06 7.31082e-07 4.42578e-08 1.24521e-09
 2.56587e-27 2.59527e-27 3.87274e-26 7.62972e-20 1.87033e-14 5.54213e-10 1.9851e-06 0.000859472 0.0449817 0.284567 0.217968 0.0426451 0.171457 0.15807 0.0318752 0.0329344 0.01043 0.00314843 0.000854161 0.000175441 2.91355e-05 3.76265e-06 3.53476e-07 2.07644e-08 5.34649e-10
 2.56603e-27 2.59583e-27 3.93433e-26 7.7597e-20 1.9022e-14 5.63655e-10 2.01892e-06 0.000874114 0.045748 0.289415 0.22165 0.0414322 0.15964 0.147422 0.0346537 0.0419363 0.0129182 0.00326803 0.000849346 0.000163449 2.48791e-05 2.85254e-06 2.22298e-07 1.09274e-08 2.65524e-10
 2.5674e-27 2.59942e-27 4.24059e-26 8.40573e-20 2.06056e-14 6.10582e-10 2.187e-06 0.000946888 0.0495567 0.313509 0.24005 0.0415247 0.147416 0.135894 0.0281261 0.0299604 0.00943883 0.00275356 0.000691756 0.000111677 1.57166e-05 1.64218e-06 1.11639e-07 4.50671e-09 9.22334e-11
 2.56621e-27 2.5961e-27 3.9393e-26 7.7701e-20 1.90475e-14 5.64411e-10 2.02162e-06 0.000875286 0.0458093 0.289803 0.221972 0.0430547 0.171761 0.158226 0.0296742 0.0278459 0.00843877 0.00194783 0.0004903 8.75169e-05 1.11519e-05 1.00798e-06 6.15872e-08 2.13945e-09 3.58001e-11
 2.56408e-27 2.59048e-27 3.45463e-26 6.74771e-20 1.65412e-14 4.90145e-10 1.75562e-06 0.000760116 0.0397817 0.25167 0.19286 0.0433511 0.19447 0.179469 0.0386237 0.0428978 0.0128167 0.00259299 0.000602394 8.93318e-05 1.17716e-05 1.05907e-06 5.55182e-08 1.68984e-09 2.4077e-11
 2.56514e-27 2.59337e-27 3.71268e-26 7.29209e-20 1.78757e-14 5.29688e-10 1.89725e-06 0.000821439 0.0429911 0.271974 0.208349 0.0424078 0.17641 0.162834 0.0362394 0.0416613 0.0126521 0.0028972 0.000666591 8.49802e-05 9.56503e-06 7.87183e-07 4.15826e-08 1.11294e-09 1.36408e-11
 2.56607e-27 2.59577e-27 3.91274e-26 7.71409e-20 1.89102e-14 5.60342e-10 2.00705e-06 0.000868976 0.0454791 0.287713 0.220374 0.0428458 0.171294 0.157866 0.0308806 0.0306879 0.00929517 0.00211832 0.000498155 6.94451e-05 7.35009e-06 5.05043e-07 2.3327e-08 6.07857e-10 6.69141e-12
 2.56627e-27 2.59628e-27 3.95644e-26 7.80627e-20 1.91361e-14 5.67038e-10 2.03103e-06 0.00087936 0.0460225 0.291151 0.223 0.0428893 0.16978 0.156437 0.0300422 0.0291223 0.00861833 0.00162813 0.000369685 5.182e-05 5.77697e-06 4.05105e-07 1.6015e-08 3.56708e-10 3.69588e-12
 2.56687e-27 2.59791e-27 4.09892e-26 8.10685e-20 1.9873e-14 5.88871e-10 2.10924e-06 0.00091322 0.0477946 0.302362 0.231555 0.0425898 0.16149 0.148757 0.0281488 0.0267361 0.00787525 0.00142588 0.000309276 3.6716e-05 3.93101e-06 2.83811e-07 1.16174e-08 2.30976e-10 2.03455e-12
 2.56636e-27 2.59643e-27 3.96079e-26 7.81541e-20 1.91585e-14 5.67702e-10 2.03341e-06 0.00088039 0.0460764 0.291492 0.223271 0.0435957 0.174965 0.161053 0.0278125 0.02287 0.00664911 0.00107833 0.000225628 2.51664e-05 2.41778e-06 1.53802e-07 6.30398e-09 1.28958e-10 1.04673e-12
 2.5679e-27 2.60064e-27 4.33611e-26 8.60719e-20 2.10995e-14 6.25216e-10 2.23942e-06 0.000969583 0.0507445 0.321023 0.245799 0.0422388 0.148811 0.136976 0.0246054 0.021612 0.00619559 0.00083961 0.000164139 1.65512e-05 1.49387e-06 8.61643e-08 3.08068e-09 6.05633e-11 4.99914e-13
 2.56747e-27 2.5994e-27 4.21886e-26 8.35983e-20 2.04931e-14 6.07247e-10 2.17506e-06 0.000941717 0.0492861 0.311797 0.238771 0.0432671 0.161575 0.14859 0.0236712 0.0165625 0.00473922 0.00065913 0.000126656 1.07782e-05 8.68109e-07 4.51856e-08 1.46796e-09 2.52779e-11 1.94979e-13
 2.56709e-27 2.59837e-27 4.12748e-26 8.16703e-20 2.00205e-14 5.93243e-10 2.1249e-06 0.00092 0.0481495 0.304607 0.233284 0.0435338 0.167459 0.154026 0.0247626 0.0176758 0.0049627 0.00051914 8.99057e-05 7.70407e-06 5.80848e-07 2.5392e-08 7.28673e-10 1.12449e-11 7.64436e-14
 2.56786e-27 2.60049e-27 4.31765e-26 8.56823e-20 2.1004e-14 6.22385e-10 2.22928e-06 0.000965193 0.0505147 0.31957 0.244697 0.0427164 0.15322 0.140945 0.0235044 0.0181 0.0051031 0.000558885 9.58601e-05 6.467e-06 4.31323e-07 1.83164e-08 4.56642e-10 6.01737e-12 3.61999e-14
 2.56782e-27 2.60034e-27 4.30097e-26 8.53302e-20 2.09177e-14 6.19828e-10 2.22012e-06 0.000961227 0.0503072 0.318257 0.2437 0.0430878 0.156747 0.14412 0.0226219 0.0152921 0.004314 0.000496047 8.71211e-05 6.05136e-06 3.77603e-07 1.27181e-08 2.91509e-10 3.45325e-12 1.762e-14
 2.56743e-27 2.59927e-27 4.20655e-26 8.33384e-20 2.04294e-14 6.0536e-10 2.1683e-06 0.00093879 0.0491329 0.310828 0.238032 0.0433569 0.162777 0.149691 0.0237178 0.0163853 0.00458928 0.000465045 7.77101e-05 5.62599e-06 3.63376e-07 1.21936e-08 2.3704e-10 2.38123e-12 1.09704e-14
 2.56701e-27 2.59814e-27 4.1062e-26 8.12214e-20 1.99104e-14 5.89982e-10 2.11322e-06 0.000914942 0.0478848 0.302932 0.232007 0.0436301 0.169089 0.155523 0.0248936 0.0175974 0.00493298 0.000503323 8.33572e-05 5.41112e-06 3.31349e-07 1.15978e-08 2.2935e-10 2.08573e-12 8.01911e-15
 2.56664e-27 2.59714e-27 4.01774e-26 7.93554e-20 1.9453e-14 5.76428e-10 2.06467e-06 0.000893922 0.0467847 0.295973 0.226698 0.0439334 0.175127 0.161087 0.025729 0.018101 0.0050702 0.000511037 8.41468e-05 5.44863e-06 3.21531e-07 1.01195e-08 1.98338e-10 1.85632e-12 6.75306e-15
 2.56884e-27 2.60311e-27 4.54565e-26 9.0492e-20 2.2183e-14 6.57323e-10 2.35442e-06 0.00101937 0.0533504 0.337509 0.25839 0.0423839 0.14107 0.129646 0.0199206 0.012775 0.00355371 0.00032587 5.09848e-05 3.21099e-06 1.85806e-07 5.73379e-09 1.04044e-10 9.16872e-13 3.3874e-15
#obs surv len freq
 1.08542e-41 1.50649e-33 2.52745e-26 5.12562e-20 1.25648e-14 3.72319e-10 1.33359e-06 0.000577397 0.0302187 0.191173 0.146688 0.0402128 0.17356 0.146822 0.10363 0.101503 0.0440299 0.0172101 0.00386416 0.000483774 2.49239e-05 3.81888e-07 1.30213e-09 8.04133e-13 7.88607e-17
 1.60287e-41 2.22467e-33 3.73235e-26 7.56913e-20 1.85548e-14 5.49814e-10 1.96934e-06 0.000852658 0.0446247 0.282309 0.216294 0.0406829 0.126757 0.102317 0.0761275 0.0687943 0.0287273 0.0102271 0.00205544 0.000219846 9.19063e-06 1.08525e-07 2.74838e-10 1.23239e-13 8.65639e-18
 1.53418e-41 2.12933e-33 3.5724e-26 7.24476e-20 1.77597e-14 5.26251e-10 1.88495e-06 0.000816117 0.0427123 0.270211 0.207285 0.0499704 0.176645 0.128797 0.0567103 0.0428782 0.0173103 0.00557944 0.00099004 8.9048e-05 2.97741e-06 2.6883e-08 5.03661e-11 1.63647e-14 8.22897e-19
 1.0778e-41 1.49592e-33 2.50971e-26 5.08964e-20 1.24767e-14 3.69706e-10 1.32423e-06 0.000573344 0.0300066 0.189832 0.14614 0.0564518 0.229943 0.162883 0.0979141 0.0657824 0.0159452 0.00388382 0.000597998 4.44945e-05 1.17134e-06 7.99899e-09 1.10272e-11 2.59045e-15 9.31624e-20
 1.50087e-41 2.08311e-33 3.49485e-26 7.08749e-20 1.73742e-14 5.14828e-10 1.84403e-06 0.000798401 0.0417852 0.264346 0.202841 0.0472379 0.142414 0.104306 0.104099 0.0691884 0.0190716 0.00355877 0.000332059 1.87119e-05 3.81433e-07 1.9474e-09 1.96038e-12 3.31601e-16 8.51409e-21
 1.19955e-41 1.66489e-33 2.7932e-26 5.66456e-20 1.3886e-14 4.11468e-10 1.47381e-06 0.000638109 0.0333961 0.211277 0.162873 0.0649117 0.230935 0.143913 0.0787089 0.0500171 0.0192423 0.00377782 0.00029894 1.0279e-05 1.39628e-07 5.17627e-10 3.7704e-13 4.56554e-17 8.33769e-22
 1.37629e-41 1.9102e-33 3.20475e-26 6.49918e-20 1.5932e-14 4.72093e-10 1.69096e-06 0.000732128 0.0383167 0.242406 0.186523 0.057967 0.175269 0.116662 0.10966 0.0568892 0.0128415 0.00250075 0.000224456 6.46708e-06 5.53489e-08 1.28098e-10 6.37363e-14 5.44272e-18 7.02859e-23
 1.19323e-41 1.65612e-33 2.77849e-26 5.63471e-20 1.38128e-14 4.093e-10 1.46605e-06 0.000634747 0.0332201 0.210166 0.162466 0.0720898 0.226648 0.133211 0.0943174 0.0499339 0.0150467 0.00212034 0.000140212 3.95724e-06 2.8416e-08 4.36167e-11 1.33705e-14 7.37478e-19 6.47226e-24
 1.51456e-41 2.10211e-33 3.52673e-26 7.15213e-20 1.75326e-14 5.19523e-10 1.86085e-06 0.000805683 0.0421663 0.266761 0.205507 0.0644481 0.167037 0.103971 0.0960949 0.0421461 0.0095903 0.00138765 8.14978e-05 1.63116e-06 9.68989e-09 1.22073e-11 2.66943e-15 9.48497e-20 5.26003e-25
 1.52235e-41 2.11292e-33 3.54487e-26 7.18892e-20 1.76228e-14 5.22195e-10 1.87042e-06 0.000809827 0.0423831 0.268136 0.207175 0.0779245 0.198168 0.103469 0.0659036 0.028236 0.00697069 0.000783503 3.80229e-05 6.48081e-07 2.7999e-09 2.61921e-12 4.46355e-16 1.19279e-20 4.63434e-26
 1.09622e-41 1.52147e-33 2.55259e-26 5.1766e-20 1.26898e-14 3.76023e-10 1.34685e-06 0.000583141 0.0305193 0.193089 0.150942 0.0971656 0.258092 0.13614 0.0953943 0.0319442 0.0055317 0.000573278 2.35763e-05 3.07019e-07 1.03948e-09 7.1732e-13 8.69494e-17 1.69307e-21 4.89458e-27
 1.65979e-41 2.30368e-33 3.8649e-26 7.83794e-20 1.92138e-14 5.6934e-10 2.03928e-06 0.000882939 0.0462095 0.292345 0.225728 0.0711672 0.144711 0.0944643 0.090427 0.0289968 0.00470772 0.000347308 1.06576e-05 1.11569e-07 2.82905e-10 1.44272e-13 1.28282e-17 1.7836e-22 3.63457e-28
 1.33798e-41 1.85703e-33 3.11556e-26 6.31829e-20 1.54885e-14 4.58954e-10 1.6439e-06 0.000711751 0.0372502 0.235681 0.18464 0.110515 0.242796 0.106582 0.0573122 0.0202726 0.00396659 0.000265541 6.12409e-06 4.42316e-08 8.22547e-11 3.08751e-14 1.97916e-18 1.97694e-23 2.88749e-29
 1.11787e-41 1.55153e-33 2.60302e-26 5.27888e-20 1.29405e-14 3.83452e-10 1.37346e-06 0.000594662 0.0311222 0.19692 0.155636 0.111944 0.235329 0.137744 0.103658 0.0239086 0.0029348 0.000203835 4.57767e-06 2.55547e-08 3.25616e-11 8.39883e-15 3.81951e-19 2.72492e-24 2.82805e-30
 8.77467e-42 1.21787e-33 2.04322e-26 4.14362e-20 1.01576e-14 3.00988e-10 1.07809e-06 0.000466775 0.0244292 0.15459 0.124588 0.123611 0.249546 0.159649 0.124049 0.0342805 0.00458522 0.000201269 3.41362e-06 1.72173e-08 1.77011e-11 3.24849e-15 1.00069e-19 4.86274e-25 3.50562e-31
 1.41392e-41 1.96243e-33 3.29238e-26 6.67688e-20 1.63676e-14 4.85001e-10 1.7372e-06 0.000752146 0.0393644 0.249066 0.195246 0.0945887 0.159853 0.126553 0.101672 0.0286513 0.00406095 0.000189582 2.52575e-06 8.636e-09 6.89151e-12 1.01681e-15 2.36465e-20 8.13221e-26 4.011e-32
 9.74378e-42 1.35237e-33 2.26888e-26 4.60125e-20 1.12794e-14 3.3423e-10 1.19716e-06 0.000518328 0.0271273 0.171701 0.141583 0.162274 0.273058 0.126251 0.0720814 0.0220929 0.00316353 0.000146478 1.90806e-06 5.49949e-09 3.09653e-12 3.18149e-16 5.48714e-21 1.43473e-26 5.28182e-33
 1.43673e-41 1.99408e-33 3.34548e-26 6.78457e-20 1.66316e-14 4.92824e-10 1.76522e-06 0.000764277 0.0399993 0.253109 0.200323 0.1078 0.161144 0.13593 0.0839912 0.0152176 0.00164457 7.4272e-05 9.08968e-07 2.37731e-09 1.13529e-12 8.88158e-17 1.07489e-21 1.94368e-27 5.07759e-34
 1.00148e-41 1.38999e-33 2.33199e-26 4.72924e-20 1.15932e-14 3.43527e-10 1.23046e-06 0.000532746 0.027882 0.176534 0.149269 0.183863 0.261621 0.121094 0.0620126 0.0156953 0.00145276 4.20672e-05 4.15193e-07 9.50244e-10 3.88103e-13 2.51622e-17 2.41555e-22 3.2814e-28 6.13628e-35
 1.28566e-41 1.78441e-33 2.99371e-26 6.07119e-20 1.48828e-14 4.41005e-10 1.57961e-06 0.000683915 0.0357936 0.226559 0.183879 0.132159 0.181277 0.15291 0.0743942 0.0113643 0.000951616 2.7082e-05 1.89468e-07 3.05326e-10 9.78582e-14 5.13514e-18 3.95506e-23 4.24108e-29 6.13889e-36
 1.41076e-41 1.95804e-33 3.28502e-26 6.66195e-20 1.6331e-14 4.83917e-10 1.73331e-06 0.000750464 0.0392766 0.248653 0.204518 0.159248 0.187379 0.101688 0.0480054 0.00980985 0.000656823 1.32953e-05 7.90517e-08 9.82771e-11 2.18012e-14 8.09598e-19 4.65275e-24 3.82386e-30 4.2617e-37
 1.12954e-41 1.56772e-33 2.63018e-26 5.33395e-20 1.30756e-14 3.87453e-10 1.38779e-06 0.000600866 0.0314474 0.199227 0.172796 0.196615 0.225255 0.122656 0.044562 0.00640745 0.000424167 8.071e-06 3.51161e-08 3.24297e-11 5.52019e-15 1.49373e-19 5.97479e-25 3.41537e-31 2.71174e-38
 1.37653e-41 1.91053e-33 3.20531e-26 6.5003e-20 1.59347e-14 4.72175e-10 1.69125e-06 0.000732255 0.0383238 0.242716 0.20324 0.160395 0.179068 0.126189 0.0438004 0.00528218 0.000247858 3.71353e-06 1.40545e-08 1.01417e-11 1.24097e-15 2.43008e-20 7.13749e-26 2.95827e-32 1.66247e-39
 1.35549e-41 1.88133e-33 3.15632e-26 6.40096e-20 1.56912e-14 4.64959e-10 1.66541e-06 0.000721064 0.0377384 0.239153 0.207079 0.193837 0.188016 0.0969614 0.0321499 0.00417231 0.00016811 1.82352e-06 4.93903e-09 2.76332e-12 2.65483e-16 3.88285e-21 8.17085e-27 2.40422e-33 9.66363e-41
 1.18795e-41 1.6488e-33 2.7662e-26 5.6098e-20 1.37518e-14 4.0749e-10 1.45956e-06 0.000631941 0.0330745 0.209802 0.190428 0.214034 0.206721 0.112742 0.0295577 0.00289887 0.000106463 1.01988e-06 2.07705e-09 8.10331e-13 5.53336e-17 5.98797e-22 9.45793e-28 2.06203e-34 6.00495e-42
 1.06202e-41 1.47402e-33 2.47297e-26 5.01513e-20 1.2294e-14 3.64294e-10 1.30484e-06 0.000564952 0.0295691 0.187777 0.177886 0.220976 0.217506 0.130188 0.0326292 0.00282507 7.75244e-05 5.78644e-07 9.72289e-10 2.95712e-13 1.45455e-17 1.09368e-22 1.20537e-28 1.8714e-35 3.95109e-43
 1.04849e-41 1.45524e-33 2.44146e-26 4.95124e-20 1.21374e-14 3.59653e-10 1.28822e-06 0.000557755 0.0291931 0.185556 0.179615 0.221614 0.216933 0.131886 0.0319364 0.00264405 6.21053e-05 3.53444e-07 4.33043e-10 9.9374e-14 3.75117e-18 2.11333e-23 1.68128e-29 1.83327e-36 2.68853e-44
 1.27095e-41 1.764e-33 2.95947e-26 6.00174e-20 1.47126e-14 4.3596e-10 1.56154e-06 0.000676093 0.0353862 0.224629 0.204906 0.199644 0.192241 0.113098 0.0271398 0.00222851 5.07273e-05 2.65168e-07 2.74776e-10 5.03828e-14 1.50688e-18 6.85919e-24 4.48537e-30 4.02892e-37 4.818e-45
 1.27098e-41 1.76403e-33 2.95953e-26 6.00186e-20 1.47129e-14 4.35969e-10 1.56157e-06 0.000676106 0.0353869 0.224633 0.20491 0.199653 0.192407 0.113447 0.0267626 0.00207911 4.38143e-05 2.07811e-07 1.92505e-10 3.11843e-14 8.16878e-19 3.23918e-24 1.84002e-30 1.43382e-37 1.4861e-45
#pred catch len freq
 2.5562e-27 2.56994e-27 1.74108e-26 3.13323e-20 7.68073e-15 2.27594e-10 8.15203e-07 0.000352952 0.0184722 0.116861 0.0898651 0.0397834 0.239677 0.222028 0.0607965 0.0834441 0.0357608 0.0273103 0.016643 0.0125563 0.00979582 0.00844 0.00844726 0.00748209 0.00228323
 2.5578e-27 2.57457e-27 2.16325e-26 4.02386e-20 9.86402e-15 2.92288e-10 1.04693e-06 0.00045328 0.023723 0.150079 0.115193 0.0374437 0.204082 0.190251 0.0749886 0.12343 0.0419875 0.0175628 0.00774617 0.00434688 0.00275285 0.00202944 0.00180025 0.00159564 0.000533683
 2.56012e-27 2.58052e-27 2.65242e-26 5.05566e-20 1.23933e-14 3.67237e-10 1.31538e-06 0.00056951 0.0298061 0.188562 0.144611 0.0395514 0.199452 0.185107 0.058277 0.0868417 0.0344421 0.0215803 0.00691384 0.00213586 0.000885599 0.000494033 0.0003624 0.000301974 0.000104614
 2.55851e-27 2.57596e-27 2.23047e-26 4.16547e-20 1.02112e-14 3.02575e-10 1.08377e-06 0.000469232 0.0245579 0.155361 0.119303 0.0422852 0.238038 0.220499 0.0606995 0.0832595 0.0303206 0.0157513 0.00627835 0.00232757 0.000524794 0.000161636 8.31162e-05 5.95895e-05 2.04469e-05
 2.5583e-27 2.57571e-27 2.2376e-26 4.18061e-20 1.02483e-14 3.03674e-10 1.08771e-06 0.000470937 0.0246471 0.155925 0.119693 0.0397118 0.218182 0.202823 0.0693431 0.107392 0.0371586 0.0162763 0.00567617 0.00198384 0.000564802 0.000108164 2.60376e-05 1.32726e-05 4.27134e-06
 2.55946e-27 2.57868e-27 2.48427e-26 4.70093e-20 1.15238e-14 3.41469e-10 1.22309e-06 0.00052955 0.0277147 0.175331 0.134523 0.0404411 0.213311 0.197922 0.0610821 0.0898815 0.0333363 0.0179014 0.00581054 0.00168383 0.000423318 9.01698e-05 1.27981e-05 2.92083e-06 7.81656e-07
 2.55968e-27 2.57905e-27 2.49454e-26 4.7225e-20 1.15766e-14 3.43037e-10 1.2287e-06 0.00053198 0.0278419 0.176136 0.135165 0.0421719 0.226032 0.209337 0.0572787 0.0781938 0.0276497 0.0130721 0.00465918 0.00153098 0.000328754 6.01008e-05 8.20955e-06 8.48772e-07 1.31101e-07
 2.56021e-27 2.5804e-27 2.60457e-26 4.95458e-20 1.21456e-14 3.59895e-10 1.28908e-06 0.000558124 0.0292102 0.184792 0.14178 0.0425389 0.224178 0.207546 0.0555576 0.0746188 0.0250162 0.0097641 0.00318221 0.000973434 0.000237674 4.04431e-05 4.67275e-06 3.62291e-07 2.38109e-08
 2.56111e-27 2.58267e-27 2.78938e-26 5.34441e-20 1.31012e-14 3.88211e-10 1.39051e-06 0.000602037 0.0315084 0.199332 0.152893 0.0432571 0.221835 0.205129 0.0505276 0.0637025 0.0208951 0.00742473 0.00219465 0.000552761 0.000121012 2.1764e-05 2.42576e-06 1.54439e-07 5.76225e-09
 2.56286e-27 2.58731e-27 3.18992e-26 6.18934e-20 1.51724e-14 4.49586e-10 1.61034e-06 0.000697216 0.0364898 0.230845 0.176951 0.0429274 0.202423 0.187041 0.0441793 0.0537354 0.0172293 0.00549936 0.00155372 0.000351439 6.40993e-05 9.88769e-06 1.10741e-06 6.70216e-08 1.88548e-09
 2.56127e-27 2.58288e-27 2.78519e-26 5.33548e-20 1.30793e-14 3.87562e-10 1.38818e-06 0.00060103 0.0314558 0.198998 0.152669 0.0451279 0.236229 0.218018 0.045687 0.0493572 0.0156141 0.0046712 0.00126322 0.000257914 4.27151e-05 5.50655e-06 5.16875e-07 3.03535e-08 7.81471e-10
 2.56179e-27 2.58443e-27 2.93802e-26 5.65794e-20 1.38698e-14 4.10986e-10 1.47208e-06 0.000637355 0.0333569 0.211025 0.161824 0.0433727 0.21644 0.200085 0.0484673 0.0601878 0.0185113 0.00462514 0.00119728 0.000228939 3.47501e-05 3.97686e-06 3.09651e-07 1.52158e-08 3.69685e-10
 2.56341e-27 2.58865e-27 3.29441e-26 6.40972e-20 1.57126e-14 4.65594e-10 1.66768e-06 0.000722041 0.037789 0.239064 0.183241 0.0437755 0.204458 0.188668 0.0399112 0.0435623 0.0136954 0.00394171 0.000986793 0.000158255 2.22043e-05 2.31562e-06 1.57283e-07 6.34684e-09 1.29875e-10
 2.56203e-27 2.5848e-27 2.94261e-26 5.66751e-20 1.38932e-14 4.11681e-10 1.47457e-06 0.000638434 0.0334133 0.211382 0.162134 0.0456836 0.233808 0.215571 0.0414132 0.0401822 0.012163 0.00277342 0.000695317 0.00012333 1.56741e-05 1.41381e-06 8.63039e-08 2.99689e-09 5.01401e-11
 2.56038e-27 2.58047e-27 2.57559e-26 4.89331e-20 1.19954e-14 3.55444e-10 1.27314e-06 0.000551222 0.028849 0.182507 0.140081 0.0454057 0.247188 0.22826 0.0498697 0.0562582 0.0167817 0.00334387 0.000773253 0.000113885 1.49599e-05 1.34335e-06 7.03561e-08 2.14053e-09 3.04934e-11
 2.56158e-27 2.58378e-27 2.87059e-26 5.51565e-20 1.35209e-14 4.0065e-10 1.43506e-06 0.000621326 0.032518 0.205718 0.157788 0.0443521 0.226729 0.209409 0.047045 0.0545788 0.0165397 0.0037248 0.000853385 0.000108043 1.2121e-05 9.95359e-07 5.25304e-08 1.40537e-09 1.72218e-11
 2.56245e-27 2.58597e-27 3.04916e-26 5.89231e-20 1.44443e-14 4.2801e-10 1.53306e-06 0.000663757 0.0347386 0.219767 0.168527 0.0451349 0.225141 0.207629 0.0410341 0.0413158 0.0124896 0.00280073 0.000655785 9.07977e-05 9.58224e-06 6.56953e-07 3.03119e-08 7.8951e-10 8.68956e-12
 2.56269e-27 2.58659e-27 3.10083e-26 6.00129e-20 1.47114e-14 4.35926e-10 1.56142e-06 0.000676033 0.0353811 0.223831 0.171632 0.0452197 0.223604 0.206166 0.0399615 0.0392205 0.0115885 0.00215423 0.000486696 6.77532e-05 7.53063e-06 5.26983e-07 2.08126e-08 4.6333e-10 4.79965e-12
 2.56362e-27 2.5891e-27 3.32011e-26 6.46387e-20 1.58454e-14 4.69528e-10 1.68177e-06 0.000728142 0.0381083 0.241084 0.1848 0.0447985 0.211148 0.194616 0.0369124 0.0351726 0.0103417 0.00183956 0.000396901 4.67875e-05 4.99216e-06 3.59652e-07 1.47078e-08 2.92279e-10 2.57399e-12
 2.56312e-27 2.58764e-27 3.18221e-26 6.17293e-20 1.51322e-14 4.48394e-10 1.60607e-06 0.000695367 0.036393 0.230233 0.176532 0.0459875 0.226004 0.208143 0.0360043 0.0296921 0.00861902 0.00137349 0.000285749 3.16506e-05 3.03045e-06 1.9233e-07 7.87493e-09 1.6102e-10 1.30671e-12
 2.56492e-27 2.59255e-27 3.61967e-26 7.0958e-20 1.73945e-14 5.1543e-10 1.84618e-06 0.000799327 0.0418339 0.264653 0.20279 0.0444011 0.195484 0.180049 0.0322904 0.0282882 0.00809827 0.00107816 0.000209347 2.09629e-05 1.88523e-06 1.08486e-07 3.87453e-09 7.61296e-11 6.28275e-13
 2.56462e-27 2.59164e-27 3.52908e-26 6.90465e-20 1.69259e-14 5.01545e-10 1.79645e-06 0.000777795 0.040707 0.257524 0.197365 0.045556 0.208084 0.191461 0.0303967 0.0211035 0.00602896 0.00082315 0.00015713 1.32817e-05 1.06543e-06 5.5323e-08 1.79528e-09 3.08973e-11 2.38269e-13
 2.56412e-27 2.59028e-27 3.40878e-26 6.65087e-20 1.63038e-14 4.83111e-10 1.73042e-06 0.000749207 0.0392108 0.248059 0.190143 0.0458982 0.215763 0.198557 0.0318566 0.0226372 0.00634908 0.000653296 0.000112187 9.54872e-06 7.17199e-07 3.12759e-08 8.96423e-10 1.38256e-11 9.39642e-14
 2.56504e-27 2.59281e-27 3.63585e-26 7.12992e-20 1.74781e-14 5.17908e-10 1.85506e-06 0.00080317 0.042035 0.265926 0.20377 0.0449138 0.198697 0.182881 0.0303814 0.0232199 0.00653893 0.000703921 0.000119776 8.03095e-06 5.33118e-07 2.25835e-08 5.62359e-10 7.40571e-12 4.454e-14
 2.56499e-27 2.59263e-27 3.61555e-26 7.08706e-20 1.73731e-14 5.14795e-10 1.84391e-06 0.000798343 0.0417824 0.264327 0.202557 0.0453862 0.203144 0.186883 0.0292396 0.0196137 0.00552612 0.000624417 0.000108831 7.51266e-06 4.66767e-07 1.56821e-08 3.58945e-10 4.24942e-12 2.16762e-14
 2.56462e-27 2.59162e-27 3.52647e-26 6.89915e-20 1.69124e-14 5.01146e-10 1.79502e-06 0.000777175 0.0406746 0.257319 0.197209 0.0456308 0.208763 0.192076 0.0303126 0.0207492 0.00580502 0.000578424 9.58119e-05 6.89237e-06 4.43305e-07 1.48399e-08 2.88109e-10 2.89215e-12 1.33201e-14
 2.5643e-27 2.59076e-27 3.45035e-26 6.73857e-20 1.65188e-14 4.89481e-10 1.75324e-06 0.000759086 0.0397278 0.251329 0.192639 0.0458225 0.213433 0.196395 0.0312555 0.0218111 0.00610671 0.000612388 0.000100531 6.48633e-06 3.95322e-07 1.38028e-08 2.72616e-10 2.47752e-12 9.5223e-15
 2.56424e-27 2.59058e-27 3.43409e-26 6.70426e-20 1.64347e-14 4.86989e-10 1.74431e-06 0.000755221 0.0395255 0.25005 0.191663 0.0459203 0.214862 0.197702 0.0312744 0.0215252 0.00602067 0.000595891 9.72006e-05 6.25507e-06 3.67396e-07 1.15342e-08 2.25753e-10 2.1115e-12 7.679e-15
 2.56199e-27 2.58451e-27 2.90122e-26 5.58014e-20 1.3679e-14 4.05334e-10 1.45184e-06 0.000628591 0.0328982 0.208124 0.159668 0.0471226 0.246491 0.226994 0.0383647 0.0303084 0.00847317 0.000792149 0.00012522 7.8755e-06 4.54985e-07 1.40163e-08 2.54062e-10 2.23744e-12 8.26376e-15
#obs catch len freq
 5.03788e-42 6.99225e-34 1.1731e-26 2.37901e-20 5.83187e-15 1.72809e-10 6.18974e-07 0.000267994 0.0140258 0.0887322 0.0684803 0.0399442 0.218788 0.186718 0.143615 0.143081 0.0638845 0.0256602 0.00598053 0.00077855 4.19439e-05 6.70919e-07 2.3769e-09 1.51874e-12 1.53555e-16
 5.73571e-42 7.96078e-34 1.33559e-26 2.70854e-20 6.63968e-15 1.96746e-10 7.04711e-07 0.000305116 0.0159685 0.101023 0.0779775 0.0437474 0.223569 0.181822 0.142786 0.130724 0.0564735 0.0207382 0.00435626 0.000487513 2.13048e-05 2.62362e-07 6.89608e-10 3.19239e-13 2.30523e-17
 1.07883e-41 1.49735e-33 2.51211e-26 5.09451e-20 1.24886e-14 3.7006e-10 1.32549e-06 0.000573893 0.0300353 0.190013 0.145975 0.0451808 0.181763 0.140963 0.11416 0.0958172 0.0396363 0.0131802 0.00245908 0.000232969 8.17964e-06 7.70229e-08 1.49613e-10 5.01408e-14 2.58893e-18
 1.11471e-41 1.54714e-33 2.59564e-26 5.26391e-20 1.29039e-14 3.82365e-10 1.36957e-06 0.000592976 0.031034 0.196333 0.151143 0.0583513 0.237549 0.164084 0.0769993 0.0545739 0.0216998 0.00649203 0.00106068 8.37211e-05 2.3295e-06 1.6653e-08 2.38197e-11 5.76864e-15 2.12901e-19
 7.85845e-42 1.0907e-33 1.82988e-26 3.71095e-20 9.09697e-15 2.6956e-10 9.65519e-07 0.000418037 0.0218784 0.138413 0.107181 0.0647958 0.273711 0.184499 0.116504 0.0713093 0.016842 0.00386821 0.000544195 3.52024e-05 7.64579e-07 4.10759e-09 4.30517e-12 7.51922e-16 1.98185e-20
 1.25547e-41 1.74252e-33 2.92343e-26 5.92866e-20 1.45334e-14 4.30651e-10 1.54252e-06 0.000667859 0.0349531 0.221126 0.170073 0.0529472 0.172887 0.122472 0.125373 0.0756688 0.0201208 0.00340252 0.000292892 1.43798e-05 2.3999e-07 9.58396e-10 7.30816e-13 9.17001e-17 1.72317e-21
 1.03765e-41 1.4402e-33 2.41623e-26 4.90006e-20 1.20119e-14 3.55935e-10 1.2749e-06 0.000551988 0.0288889 0.182765 0.141477 0.073625 0.259816 0.153408 0.0862078 0.0510194 0.0187225 0.00328006 0.000230999 6.8706e-06 7.69433e-08 2.22498e-10 1.22383e-13 1.09712e-17 1.46455e-22
 1.27388e-41 1.76806e-33 2.96629e-26 6.01559e-20 1.47465e-14 4.36966e-10 1.56514e-06 0.000677652 0.0354656 0.224371 0.173063 0.0644347 0.192786 0.124079 0.116462 0.0544692 0.011898 0.00212237 0.000165511 4.00002e-06 2.79118e-08 5.0635e-11 1.90398e-14 1.20216e-18 1.13359e-23
 1.14926e-41 1.5951e-33 2.67612e-26 5.42711e-20 1.33039e-14 3.9422e-10 1.41203e-06 0.000611361 0.0319962 0.202425 0.156963 0.0795917 0.238429 0.134015 0.0948375 0.0463133 0.0130775 0.00164004 9.68624e-05 2.27285e-06 1.30015e-08 1.54941e-11 3.59578e-15 1.46876e-19 9.40821e-25
 1.51636e-41 2.10461e-33 3.53093e-26 7.16064e-20 1.75535e-14 5.20142e-10 1.86306e-06 0.000806642 0.0422164 0.267081 0.20607 0.0696294 0.171262 0.103539 0.0931977 0.0370941 0.00801275 0.00103603 5.24261e-05 8.76888e-07 4.15135e-09 4.01405e-12 6.60422e-16 1.7388e-20 7.05098e-26
 1.55392e-41 2.15673e-33 3.61837e-26 7.33798e-20 1.79882e-14 5.33023e-10 1.9092e-06 0.000826619 0.0432619 0.273699 0.211811 0.0831718 0.197022 0.0983601 0.0614796 0.0242564 0.00553612 0.000550325 2.31764e-05 3.24202e-07 1.10916e-09 7.96798e-13 1.0175e-16 2.00839e-21 5.70999e-27
 1.1516e-41 1.59834e-33 2.68154e-26 5.43812e-20 1.33309e-14 3.95019e-10 1.41489e-06 0.0006126 0.0320611 0.202847 0.15897 0.103973 0.254126 0.129252 0.0871079 0.0263674 0.00427538 0.000391956 1.37153e-05 1.4634e-07 3.89807e-10 2.05312e-13 1.86208e-17 2.67313e-22 5.64159e-28
 1.72151e-41 2.38934e-33 4.00861e-26 8.12937e-20 1.99282e-14 5.90509e-10 2.11511e-06 0.000915768 0.0479277 0.303218 0.234379 0.0747447 0.140301 0.0905601 0.0807697 0.0234666 0.00348443 0.000224981 5.91592e-06 5.02636e-08 9.97035e-11 3.87019e-14 2.56698e-18 2.62729e-23 3.90482e-29
 1.40024e-41 1.94344e-33 3.26052e-26 6.61227e-20 1.62092e-14 4.80308e-10 1.72039e-06 0.000744867 0.0389834 0.246652 0.193722 0.116485 0.234235 0.0984717 0.0509545 0.0166756 0.00290499 0.000167412 3.25254e-06 1.907e-08 2.77e-11 7.88376e-15 3.76191e-19 2.76193e-24 2.93904e-30
 1.18804e-41 1.64892e-33 2.76641e-26 5.61022e-20 1.37528e-14 4.0752e-10 1.45967e-06 0.000631987 0.0330757 0.209287 0.16592 0.118701 0.228606 0.131736 0.0909219 0.0188523 0.00213573 0.000128154 2.36802e-06 1.05707e-08 1.04801e-11 2.04957e-15 6.92924e-20 3.62851e-25 2.7413e-31
 9.46413e-42 1.31356e-33 2.20377e-26 4.46919e-20 1.09557e-14 3.24638e-10 1.1628e-06 0.000503452 0.0263487 0.166746 0.134983 0.13196 0.24422 0.154646 0.109597 0.0276329 0.00323885 0.000122102 1.73489e-06 6.92881e-09 5.47708e-12 7.58654e-16 1.73643e-20 6.19145e-26 3.2461e-32
 1.50096e-41 2.08324e-33 3.49506e-26 7.08792e-20 1.73752e-14 5.14859e-10 1.84414e-06 0.000798449 0.0417877 0.264406 0.207667 0.0987378 0.153287 0.120615 0.0872648 0.0225322 0.00279149 0.000109881 1.19511e-06 3.2514e-09 1.99584e-12 2.2096e-16 3.80455e-21 9.5967e-27 3.44469e-33
 1.05077e-41 1.4584e-33 2.44676e-26 4.96198e-20 1.21637e-14 3.60433e-10 1.29101e-06 0.000558964 0.0292541 0.185178 0.153476 0.170303 0.261281 0.117754 0.0624167 0.017521 0.00217118 8.4494e-05 8.873e-07 2.00013e-09 8.61751e-13 6.64644e-17 8.46841e-22 1.61945e-27 4.33445e-34
 1.53023e-41 2.12386e-33 3.56322e-26 7.22613e-20 1.7714e-14 5.24899e-10 1.8801e-06 0.000814019 0.0426026 0.269594 0.213816 0.111304 0.153333 0.126876 0.0691262 0.0113961 0.0010943 4.12842e-05 4.03946e-07 8.19198e-10 2.96572e-13 1.73232e-17 1.54733e-22 2.04506e-28 3.87537e-35
 1.08444e-41 1.50514e-33 2.52518e-26 5.12101e-20 1.25536e-14 3.71985e-10 1.33239e-06 0.000576878 0.0301918 0.191185 0.162507 0.190861 0.247795 0.11158 0.0524625 0.011883 0.000933838 2.28304e-05 1.81217e-07 3.19555e-10 9.83203e-14 4.73397e-18 3.34192e-23 3.31479e-29 4.50034e-36
 1.38346e-41 1.92015e-33 3.22145e-26 6.53304e-20 1.6015e-14 4.74553e-10 1.69977e-06 0.000735943 0.0385165 0.243815 0.198435 0.135976 0.172921 0.140643 0.0600391 0.00829955 0.000602137 1.40293e-05 7.80811e-08 9.73736e-11 2.34668e-14 9.10576e-19 5.13778e-24 4.01098e-30 4.20769e-37
 1.50628e-41 2.09061e-33 3.50744e-26 7.11301e-20 1.74367e-14 5.16681e-10 1.85067e-06 0.000801276 0.0419359 0.265519 0.219022 0.16132 0.173813 0.0912418 0.0389479 0.00699749 0.000394127 6.61265e-06 3.10633e-08 2.95486e-11 4.92263e-15 1.35108e-19 5.67239e-25 3.38294e-31 2.7251e-38
 1.22298e-41 1.69741e-33 2.84776e-26 5.7752e-20 1.41572e-14 4.19504e-10 1.5026e-06 0.000650573 0.034049 0.215753 0.187901 0.200358 0.21122 0.109843 0.0354106 0.0045543 0.000254726 3.91236e-06 1.33737e-08 9.44871e-12 1.20215e-15 2.39846e-20 7.00824e-26 2.90446e-32 1.66258e-39
 1.47747e-41 2.05063e-33 3.44036e-26 6.97699e-20 1.71033e-14 5.06801e-10 1.81528e-06 0.000785953 0.0411343 0.260557 0.218732 0.161808 0.167884 0.11137 0.0339834 0.00359956 0.00014229 1.7327e-06 5.10246e-09 2.79321e-12 2.55033e-16 3.67585e-21 7.87023e-27 2.36378e-33 9.58585e-41
 1.4537e-41 2.01763e-33 3.385e-26 6.86471e-20 1.6828e-14 4.98646e-10 1.78607e-06 0.000773306 0.0404729 0.256542 0.222742 0.193894 0.173293 0.0844811 0.024915 0.00279099 9.30899e-05 8.14247e-07 1.71833e-09 7.27573e-13 5.19114e-17 5.5768e-22 8.55197e-28 1.82186e-34 5.27585e-42
 1.28539e-41 1.78404e-33 2.99309e-26 6.06993e-20 1.48797e-14 4.40913e-10 1.57928e-06 0.000683774 0.0357878 0.227093 0.206724 0.214979 0.192649 0.0976245 0.0224803 0.00191909 5.8217e-05 4.43063e-07 6.97311e-10 2.05589e-13 1.04141e-17 8.25481e-23 9.47744e-29 1.49487e-35 3.1384e-43
 1.15874e-41 1.60825e-33 2.69818e-26 5.47185e-20 1.34136e-14 3.97469e-10 1.42367e-06 0.000616401 0.0322624 0.204979 0.194683 0.222983 0.205152 0.112733 0.0247179 0.00183022 4.1307e-05 2.45106e-07 3.16186e-10 7.22531e-14 2.63217e-18 1.4494e-23 1.15978e-29 1.29956e-36 1.97287e-44
 1.14573e-41 1.5902e-33 2.6679e-26 5.41044e-20 1.32631e-14 3.93009e-10 1.40769e-06 0.000609484 0.0319003 0.202654 0.191465 0.2165 0.208957 0.119123 0.0267542 0.00199297 4.10603e-05 2.00043e-07 2.05432e-10 3.89086e-14 1.20116e-18 5.50433e-24 3.54615e-30 3.1186e-37 3.67567e-45
 1.35696e-41 1.88336e-33 3.15974e-26 6.40788e-20 1.57082e-14 4.65462e-10 1.66721e-06 0.000721844 0.0377805 0.23975 0.21533 0.194022 0.181951 0.104278 0.0242621 0.00186335 3.89825e-05 1.83937e-07 1.69776e-10 2.74298e-14 7.17116e-19 2.83949e-24 1.61128e-30 1.25462e-37 1.29962e-45
#spawning biomass
 14645.3 12485.5 15925.3 22178.2 28342.5 34372.2 41708.1 47623.7 52489 69177.6 90270.7 111679 136112 161506 167421 141647 127356 127416 133581 130434 137208 148023 146081 152551 162752 168967 163413 144646 135137 283009 370060 380750 341775 287530 235319 191840 158466 134159 117081 105390 97534.3 92329.7 88908.9 86668.6 85213.5 84293.7 83712.3 83344.7 83112.4 82965.6 82872.8 82814.1 82777 82753.6 82738.8 82729.4 82723.5 82719.8 82717.4 82715.9 82714.9 82714.3 82714 82713.7 82713.6 82713.5 82713.4 82713.4 82713.4 82713.3 82713.3 82713.3 82713.3 82713.3 82713.3 82713.3 82713.3 82713.3 82713.3 82713.3 82713.3 82713.3 82713.3 82713.3 82713.3 82713.3 82713.3 82713.3 82713.3 82713.3 82713.3 82713.3 82713.3 82713.3 82713.3 82713.3 82713.3 82713.3 82713.3 82713.3 82713.3 82713.3 82713.3 82713.3 82713.3 82713.3 82713.3 82713.3 82713.3 82713.3 82713.3 82713.3 82713.3 82713.3 82713.3 82713.3 82713.3 82713.3 82713.3 82713.3 82713.3 82713.3 82713.3 82713.3 82713.3 82713.3 82713.3 82713.3 82713.3 0 0 0 0 0 0 0 0 0 0 0 0 0 0 0 0 0 0 0 0 0 0 0 0 0
