SBPRF35
0.256306
Curr Bio
257735
B35
428480
F35
0.378206
FOFL
0.213779
OFL
59762.1
Bzero
73230.3
#pred survey bio
 74641.7 71841.2 58884 45883.4 70957.3 110613 164025 211573 270935 297844 294741 299463 340454 380917 407490 418173 406939 396688 484266 522792 486844 418694 428062 456238 492654 487208 448868 403030 1.38813e+07 7.55982e+06 5.4364e+06 3.60761e+06 2.38383e+06 1.65506e+06 1.24604e+06 1.02263e+06 901380 835031 798050 776917 764499 756995 752341 749387 747492 746258 745445 744906 744546 744305 744143 744034 743960 743911 743877 743854 743839 743829 743822 743817 743814 743811 743810 743809 743808 743808 743807 743807 743807 743807 743807 743807 743807 743807 743807 743807 743807 743807 743807 743807 743807 743807 743807 743807 743807 743807 743807 743807 743807 743807 743807 743807 743807 743807 743807 743807 743807 743807 743807 743807 743807 743807 743807 743807 743807 743807 743807 743807 743807 743807 743807 743807 743807 743807 743807 743807 743807 743807 743807 743807 743807 743807 743807 743807 743807 743807 743807 743807 0 0 0 0 0 0 0 0 0 0 0 0 0 0 0 0 0 0 0 0 0 0 0 0 0
#obs survey bio
 67044.9 43783.4 41935.6 68134.9 80028.1 107069 159820 326506 319547 309636 286308 263006 227999 478985 258910 638835 559169 311425 546245 576216 460180 529273 446004 362121 534050 345203 488044 341903
#pred catch bio
 9597 10551.7 14532.2 8557.5 13815 27899.7 52454.8 59151 91385.3 117405 122755 122617 156508 181885 199645 211320 198334 138247 188658 243256 246388 183445 186127 192219 212715 233412 220932 184954 59762.1 92121.7 64382.6 41054.5 25995 17413.2 12862.4 10554.7 9417.9 8868.55 8606.49 8482.58 8424.34 8397.08 8384.36 8378.43 8375.68 8374.41 8373.82 8373.54 8373.42 8373.36 8373.33 8373.32 8373.31 8373.31 8373.31 8373.31 8373.31 8373.31 8373.31 8373.31 8373.31 8373.31 8373.31 8373.31 8373.31 8373.31 8373.31 8373.31 8373.31 8373.31 8373.31 8373.31 8373.31 8373.31 8373.31 8373.31 8373.31 8373.31 8373.31 8373.31 8373.31 8373.31 8373.31 8373.31 8373.31 8373.31 8373.31 8373.31 8373.31 8373.31 8373.31 8373.31 8373.31 8373.31 8373.31 8373.31 8373.31 8373.31 8373.31 8373.31 8373.31 8373.31 8373.31 8373.31 8373.31 8373.31 8373.31 8373.31 8373.31 8373.31 8373.31 8373.31 8373.31 8373.31 8373.31 8373.31 8373.31 8373.31 8373.31 8373.31 8373.31 8373.31 8373.31 8373.31 8373.31 8373.31 8373.31 8373.31 0 0 0 0 0 0 0 0 0 0 0 0 0 0 0 0 0 0 0 0 0 0 0 0 0
#obs catch bio
 10969 10939.8 16562.1 8653.26 13533.5 27246.1 51165.2 55688 85741.6 111286 114381 118906 160195 177841 216122 212366 196120 137899 180404 236844 246597 179406 186380 195412 204688 242535 225388 183777
#pred cpue bio
 72058.5 70477.3 58449.5 44415.8 65194.3 103460 152702 197613 254811 280953 277471 279983 316090 351467 376762 386912 376900 368750 452890 489992 455028 390789 399427 424408 459379 456916 418632 376145 1.29426e+07 7.49064e+06 5.40666e+06 3.57921e+06 2.35547e+06 1.6267e+06 1.21768e+06 994269 873017 806669 769687 748555 736137 728633 723979 721025 719129 717895 717083 716544 716184 715943 715781 715672 715598 715548 715515 715492 715477 715466 715459 715455 715451 715449 715448 715447 715446 715446 715445 715445 715445 715445 715445 715445 715445 715445 715445 715445 715445 715445 715445 715445 715445 715445 715445 715445 715445 715445 715445 715445 715445 715445 715445 715445 715445 715445 715445 715445 715445 715445 715445 715445 715445 715445 715445 715445 715445 715445 715445 715445 715445 715445 715445 715445 715445 715445 715445 715445 715445 715445 715445 715445 715445 715445 715445 715445 715445 715445 715445 715445 0 0 0 0 0 0 0 0 0 0 0 0 0 0 0 0 0 0 0 0 0 0 0 0 0
#obs cpue bio
 67200.1 46821.2 37077.1 60006.5 109052 120221 188167 178886 286706 296593 392551 284757 364209 362886 307942 327744 315151 368295 673826 454773 454021 335020 357902 465057 623067 426029 393233 464161
#pred surv len freq
 2.78933e-11 1.31197e-09 4.27299e-08 9.63667e-07 1.50491e-05 0.000162735 0.00121856 0.00631888 0.0226973 0.0565352 0.0980634 0.120407 0.11099 0.0903001 0.0801365 0.0767073 0.0694409 0.0591968 0.0498629 0.0417145 0.0346287 0.0288705 0.0236927 0.0178158 0.0112237
 1.62382e-11 7.63765e-10 2.48753e-08 5.61001e-07 8.76087e-06 9.47378e-05 0.000709431 0.00367943 0.0132258 0.0330356 0.0579334 0.0741081 0.0778504 0.0831047 0.0966896 0.105132 0.0987202 0.08472 0.0711366 0.0586549 0.0469023 0.0365164 0.0274516 0.0190293 0.0112958
 7.1361e-12 3.35648e-10 1.09318e-08 2.46541e-07 3.85011e-06 4.16346e-05 0.00031179 0.00161739 0.00581819 0.0145766 0.025862 0.0344936 0.040708 0.052359 0.0719605 0.0917771 0.106272 0.114572 0.113015 0.0999675 0.0805734 0.0606888 0.0427958 0.0274346 0.0151504
 3.08492e-11 1.451e-09 4.72581e-08 1.06579e-06 1.66438e-05 0.000179979 0.00134765 0.00698763 0.0250901 0.0624033 0.107614 0.129182 0.109677 0.0701362 0.0417383 0.0336946 0.0393753 0.0512682 0.0629122 0.0684007 0.0645996 0.0528156 0.0375179 0.023065 0.0119772
 4.61214e-11 2.16933e-09 7.06538e-08 1.59342e-06 2.48835e-05 0.000269079 0.00201483 0.010447 0.0375124 0.0933085 0.160969 0.193496 0.165025 0.106436 0.0614208 0.0386622 0.025878 0.0173779 0.0141136 0.0150565 0.0166666 0.0160677 0.0127687 0.008231 0.00425315
 3.67883e-11 1.73035e-09 5.63563e-08 1.27097e-06 1.98481e-05 0.00021463 0.00160715 0.0083338 0.0299334 0.0745456 0.129209 0.158197 0.144299 0.11379 0.0949472 0.0823255 0.0620598 0.0382107 0.0208131 0.0119407 0.00860422 0.00753303 0.00641353 0.00452274 0.00247888
 3.91787e-11 1.84278e-09 6.00182e-08 1.35356e-06 2.11378e-05 0.000228575 0.00171156 0.0088749 0.0318725 0.0793307 0.137204 0.166581 0.147498 0.107389 0.080371 0.0677932 0.0565088 0.0431985 0.0301556 0.0187057 0.0102777 0.00555511 0.00337361 0.00215145 0.00119676
 3.77781e-11 1.7769e-09 5.78725e-08 1.30517e-06 2.03821e-05 0.000220404 0.00165037 0.00855778 0.0307353 0.0765172 0.132454 0.161357 0.14461 0.108882 0.0855531 0.0732762 0.0590158 0.0427833 0.0296618 0.0199814 0.0123864 0.00677652 0.0033218 0.00154547 0.000692365
 3.55038e-11 1.66993e-09 5.43885e-08 1.22659e-06 1.91551e-05 0.000207135 0.00155102 0.00804271 0.0288869 0.0719293 0.124607 0.152246 0.137901 0.10697 0.0881599 0.0786078 0.0653606 0.0488814 0.0344925 0.0231834 0.0144173 0.00810498 0.00403271 0.00174395 0.000654021
 3.4792e-11 1.63645e-09 5.3298e-08 1.202e-06 1.8771e-05 0.000202982 0.00151993 0.00788146 0.0283077 0.0704873 0.122109 0.1492 0.135162 0.104934 0.0867688 0.0780602 0.0661697 0.0511763 0.0376624 0.0262898 0.0167956 0.0096009 0.00482327 0.00207838 0.000749658
 3.57456e-11 1.6813e-09 5.47589e-08 1.23495e-06 1.92855e-05 0.000208546 0.00156158 0.0080974 0.0290825 0.0724076 0.125376 0.15291 0.137617 0.104928 0.0844359 0.0745597 0.0627337 0.048517 0.0360868 0.025821 0.0170939 0.0101457 0.00525526 0.00230696 0.000834571
 3.80781e-11 1.79101e-09 5.83321e-08 1.31553e-06 2.0544e-05 0.000222154 0.00166348 0.00862565 0.0309781 0.0771121 0.133418 0.162224 0.144406 0.106707 0.081584 0.069168 0.0566897 0.0427528 0.0310908 0.022029 0.0146853 0.00890802 0.00475828 0.00215602 0.000800007
 3.99575e-11 1.87941e-09 6.12112e-08 1.38046e-06 2.15579e-05 0.000233119 0.00174558 0.0090513 0.0325059 0.0809062 0.139922 0.169845 0.150254 0.108992 0.0805945 0.066151 0.0525918 0.0380858 0.0264 0.0179499 0.0116411 0.00697879 0.00374525 0.00172723 0.000656538
 4.14253e-11 1.94845e-09 6.34597e-08 1.43117e-06 2.23498e-05 0.000241682 0.00180969 0.00938372 0.0336991 0.0838693 0.145001 0.175796 0.154822 0.110782 0.0798555 0.063902 0.0496063 0.0347202 0.0229505 0.0147965 0.00910601 0.00521547 0.00271353 0.00123522 0.000470576
 4.04657e-11 1.90331e-09 6.19896e-08 1.39802e-06 2.18321e-05 0.000236083 0.00176778 0.00916644 0.0329199 0.0819406 0.141739 0.172182 0.152738 0.111635 0.0834131 0.0683942 0.0531069 0.0364758 0.0233151 0.0143977 0.00841995 0.00455365 0.00224034 0.000974914 0.00036072
 4.03178e-11 1.89636e-09 6.17631e-08 1.39291e-06 2.17523e-05 0.000235221 0.00176132 0.00913294 0.0327995 0.0816403 0.141215 0.171525 0.152092 0.111055 0.0829487 0.0682869 0.0536468 0.0375848 0.0244862 0.0151522 0.00866829 0.00449305 0.00209253 0.000859438 0.000301837
 4.00201e-11 1.88236e-09 6.13071e-08 1.38263e-06 2.15917e-05 0.000233484 0.00174831 0.00906554 0.0325576 0.0810406 0.140193 0.170356 0.15129 0.110966 0.0834965 0.0690866 0.0543411 0.0380949 0.02493 0.0155892 0.00902222 0.00468608 0.00214603 0.000849932 0.000284386
 3.89118e-11 1.83023e-09 5.96093e-08 1.34434e-06 2.09938e-05 0.000227018 0.0016999 0.00881455 0.031657 0.0788068 0.136382 0.16598 0.148228 0.110485 0.0853931 0.0721441 0.0573778 0.0405747 0.0267803 0.0168636 0.0098213 0.00513696 0.0023645 0.000933625 0.000307407
 3.71842e-11 1.74897e-09 5.69628e-08 1.28465e-06 2.00617e-05 0.000216939 0.00162443 0.00842329 0.0302528 0.0753203 0.130412 0.159014 0.142981 0.108685 0.0867994 0.0755175 0.0616801 0.0451571 0.0309971 0.020128 0.0119497 0.00632797 0.00293872 0.00116732 0.000384992
 3.67451e-11 1.72831e-09 5.629e-08 1.26948e-06 1.98248e-05 0.000214377 0.00160525 0.00832381 0.0298955 0.0744303 0.128869 0.157121 0.141246 0.107323 0.085766 0.074963 0.0619693 0.0464224 0.0329296 0.0221962 0.0136885 0.0075047 0.00357995 0.00144779 0.000482788
 3.78085e-11 1.77833e-09 5.7919e-08 1.30622e-06 2.03985e-05 0.000220581 0.0016517 0.00856462 0.0307595 0.076573 0.132521 0.161303 0.144129 0.107651 0.0836989 0.07166 0.0585963 0.0436132 0.0309592 0.0211559 0.0134066 0.00761929 0.00377484 0.0015794 0.000541114
 3.80701e-11 1.79063e-09 5.83198e-08 1.31526e-06 2.05396e-05 0.000222107 0.00166313 0.00862389 0.0309725 0.0771045 0.133449 0.162471 0.145292 0.108741 0.0846916 0.072227 0.0582603 0.0423131 0.0292026 0.0195792 0.0123572 0.00710073 0.00360214 0.00155487 0.00055047
 3.81456e-11 1.79418e-09 5.84354e-08 1.31786e-06 2.05804e-05 0.000222548 0.00166643 0.00864098 0.0310337 0.077256 0.133704 0.162749 0.145437 0.108641 0.08441 0.0720056 0.0583231 0.0426045 0.0294174 0.0195037 0.012071 0.00681724 0.00343863 0.00149661 0.000539978
 3.91622e-11 1.842e-09 5.99929e-08 1.35299e-06 2.11289e-05 0.000228479 0.00171084 0.0088712 0.0318598 0.0793045 0.137196 0.166745 0.148188 0.108954 0.0824801 0.0690308 0.0554923 0.0404469 0.0279417 0.0185547 0.0114693 0.00642812 0.0032023 0.00137878 0.000495801
 3.82039e-11 1.79693e-09 5.85248e-08 1.31988e-06 2.06118e-05 0.000222888 0.00166897 0.0086542 0.0310814 0.0773767 0.133926 0.163081 0.145928 0.109398 0.085383 0.072791 0.0584311 0.0419773 0.0284722 0.0186662 0.0114736 0.00641463 0.00318408 0.00136208 0.000485916
 3.62992e-11 1.70734e-09 5.56069e-08 1.25407e-06 1.95842e-05 0.000211776 0.00158577 0.00822286 0.0295336 0.0735363 0.127368 0.155513 0.140509 0.108231 0.088168 0.0776997 0.0637235 0.046723 0.0322167 0.0211895 0.0129074 0.00712446 0.00350066 0.00148738 0.000527718
 3.85527e-11 1.81334e-09 5.90592e-08 1.33193e-06 2.08e-05 0.000224923 0.00168421 0.00873315 0.0313641 0.0780716 0.135069 0.164192 0.14603 0.107639 0.08198 0.0693486 0.0567916 0.0426046 0.0303495 0.0205483 0.0127652 0.00710758 0.0034868 0.00147014 0.00051699
 3.79808e-11 1.78644e-09 5.81831e-08 1.31217e-06 2.04915e-05 0.000221587 0.00165923 0.0086037 0.0309002 0.0769268 0.133157 0.162188 0.145271 0.109199 0.0855658 0.0730895 0.0586382 0.0421318 0.0287766 0.0192046 0.0120926 0.00690067 0.00345737 0.00147457 0.000519794
#obs surv len freq
 2.6487e-11 1.24582e-09 4.05755e-08 9.15081e-07 1.42903e-05 0.00015453 0.00115713 0.00600034 0.0215537 0.0536918 0.0931672 0.114566 0.106161 0.0875717 0.0793234 0.0774443 0.0718493 0.0634932 0.0558569 0.0486444 0.0409844 0.0326031 0.0235437 0.0146869 0.00753197
 5.20937e-12 2.45024e-10 7.98027e-09 1.79976e-07 2.81063e-06 3.03951e-05 0.000227658 0.00118175 0.00426229 0.0107889 0.019891 0.0299696 0.0454096 0.0737959 0.108244 0.127073 0.121845 0.10573 0.0905365 0.0771195 0.0638448 0.050166 0.0360035 0.0224057 0.0114716
 1.90697e-14 8.96964e-13 2.92157e-11 6.59079e-10 1.03044e-08 1.11938e-07 8.53395e-07 4.73845e-06 2.14918e-05 9.78264e-05 0.000474885 0.00205337 0.00688332 0.0175866 0.036278 0.0650849 0.103203 0.138458 0.152837 0.142433 0.118587 0.0914792 0.0645422 0.0397422 0.0202331
 5.28714e-11 2.48682e-09 8.09939e-08 1.82662e-06 2.85252e-05 0.000308458 0.00230967 0.0119754 0.0429948 0.106888 0.184004 0.219339 0.181058 0.103561 0.0413286 0.0124922 0.00547914 0.00731964 0.0118602 0.0158625 0.0170378 0.0149679 0.0109944 0.00677173 0.00341714
 3.39524e-11 1.59696e-09 5.20118e-08 1.173e-06 1.83181e-05 0.000198085 0.00148328 0.00769181 0.0276325 0.0688624 0.119682 0.148048 0.139855 0.120015 0.11051 0.0989148 0.0706905 0.0370601 0.0151893 0.00746937 0.00683126 0.00718824 0.00623102 0.00421652 0.00221166
 4.01881e-11 1.89025e-09 6.15643e-08 1.38843e-06 2.16823e-05 0.000234464 0.00175564 0.00910341 0.0326921 0.0813584 0.140629 0.170357 0.14962 0.106411 0.0768196 0.0641249 0.0550893 0.0439665 0.0309932 0.0181632 0.00885136 0.00432213 0.00267733 0.00179862 0.00101008
 3.98178e-11 1.87284e-09 6.09971e-08 1.37564e-06 2.14826e-05 0.000232304 0.00173948 0.00901971 0.0323932 0.0806312 0.139485 0.169501 0.150539 0.110409 0.0829766 0.0683835 0.0535045 0.0376977 0.0256541 0.0172728 0.0106678 0.0056426 0.00259168 0.00113632 0.000499431
 3.69841e-11 1.73955e-09 5.66561e-08 1.27774e-06 1.99537e-05 0.000215771 0.00161569 0.00837799 0.0300907 0.0749214 0.129754 0.158368 0.142896 0.109631 0.0886452 0.0773474 0.0624317 0.0445524 0.0296825 0.0189854 0.0114139 0.00627192 0.00304813 0.0012726 0.000456094
 3.58374e-11 1.68562e-09 5.48994e-08 1.23812e-06 1.93351e-05 0.000209081 0.0015656 0.00811825 0.029158 0.0726012 0.125751 0.153551 0.138783 0.107039 0.0875263 0.0777811 0.0648355 0.0487506 0.0344507 0.0228932 0.0138472 0.00750038 0.00360055 0.001496 0.000521996
 3.50973e-11 1.65081e-09 5.37658e-08 1.21255e-06 1.89358e-05 0.000204764 0.00153327 0.00795065 0.0285565 0.0711074 0.12319 0.150553 0.136487 0.106132 0.0878185 0.0786319 0.0657941 0.0498549 0.0359732 0.0248185 0.015727 0.00886571 0.00434628 0.00180999 0.000625123
 3.73141e-11 1.75507e-09 5.71616e-08 1.28914e-06 2.01318e-05 0.000217696 0.0016301 0.00845262 0.0303574 0.0755721 0.13079 0.159206 0.14229 0.106379 0.0829538 0.0715023 0.0592553 0.0450793 0.0328291 0.0229556 0.0148693 0.00866069 0.00440991 0.00189853 0.000669587
 3.96799e-11 1.86635e-09 6.07858e-08 1.37087e-06 2.14082e-05 0.000231499 0.00173345 0.00898842 0.0322804 0.0803461 0.138964 0.168732 0.149434 0.108751 0.0808889 0.0667475 0.0532972 0.0388253 0.0271265 0.0185609 0.0120218 0.00710391 0.00370453 0.00164268 0.00059727
 3.9553e-11 1.86038e-09 6.05915e-08 1.36649e-06 2.13397e-05 0.000230759 0.00172791 0.00895974 0.0321781 0.080098 0.138579 0.168474 0.149873 0.110463 0.0837718 0.0696604 0.0548226 0.0384538 0.0254183 0.0164245 0.0101522 0.00582725 0.00301421 0.00134898 0.000500182
 4.16009e-11 1.9567e-09 6.37285e-08 1.43724e-06 2.24446e-05 0.000242706 0.00181736 0.00942347 0.0338419 0.0842235 0.145607 0.176501 0.155347 0.11096 0.079759 0.0637599 0.0495971 0.0347957 0.0228824 0.0144313 0.00852447 0.00462926 0.00228085 0.000989998 0.000362987
 3.81525e-11 1.79451e-09 5.8446e-08 1.3181e-06 2.05841e-05 0.000222588 0.00166673 0.00864264 0.0310408 0.0772832 0.133818 0.1632 0.146836 0.111716 0.0889692 0.0762041 0.0598961 0.0409868 0.0259679 0.015898 0.00918944 0.00485561 0.00229799 0.000951887 0.000334884
 3.91438e-11 1.84114e-09 5.99646e-08 1.35235e-06 2.11189e-05 0.000228371 0.00171003 0.00886705 0.0318452 0.0792698 0.137148 0.166748 0.148389 0.109533 0.0834958 0.0703072 0.056696 0.0411891 0.0278778 0.0176536 0.0101435 0.00521412 0.00238593 0.000953459 0.000322771
 4.02749e-11 1.89434e-09 6.16973e-08 1.39143e-06 2.17292e-05 0.00023497 0.00175944 0.00912321 0.0327645 0.0815516 0.141052 0.171282 0.151733 0.110487 0.0821484 0.0674443 0.0530863 0.0375695 0.0250886 0.016165 0.00967204 0.00516215 0.0023956 0.000946374 0.000311749
 3.64439e-11 1.71415e-09 5.58287e-08 1.25908e-06 1.96623e-05 0.00021262 0.0015921 0.00825571 0.0296522 0.0738364 0.127922 0.156354 0.141786 0.110242 0.09081 0.0799382 0.0642558 0.0452743 0.0297177 0.0187587 0.0110873 0.005947 0.0028173 0.00113946 0.000380281
 3.6464e-11 1.71509e-09 5.58594e-08 1.25977e-06 1.96731e-05 0.000212737 0.00159297 0.00826016 0.0296672 0.0738638 0.127902 0.156011 0.140472 0.107225 0.0863605 0.0760675 0.0633418 0.047706 0.0336724 0.0222087 0.0132531 0.00705257 0.00331488 0.00134268 0.000452783
 3.76231e-11 1.76961e-09 5.76351e-08 1.29982e-06 2.02985e-05 0.0002195 0.0016436 0.00852265 0.030609 0.0761998 0.131886 0.160582 0.143652 0.107645 0.0841256 0.0722704 0.0591548 0.0440557 0.0313206 0.0214121 0.013488 0.00754306 0.00365081 0.00149362 0.000504464
 3.7926e-11 1.78385e-09 5.8099e-08 1.31028e-06 2.04619e-05 0.000221266 0.00165683 0.00859125 0.0308555 0.0768141 0.132954 0.161903 0.144896 0.108683 0.0849465 0.0726346 0.0586651 0.0426465 0.0294593 0.0197667 0.0124752 0.00714851 0.00359714 0.00153126 0.000532885
 3.71537e-11 1.74753e-09 5.69159e-08 1.2836e-06 2.00452e-05 0.000216761 0.0016231 0.00841637 0.0302281 0.0752584 0.130305 0.158883 0.14286 0.108574 0.0866379 0.0752016 0.0611504 0.0445424 0.0306166 0.0202394 0.012514 0.00706367 0.00355611 0.00154025 0.000551083
 3.81254e-11 1.79323e-09 5.84044e-08 1.31717e-06 2.05695e-05 0.00022243 0.00166554 0.00863639 0.0310174 0.0772142 0.133627 0.162634 0.145267 0.108381 0.0840783 0.0717488 0.0583258 0.042904 0.0298597 0.0198809 0.0122687 0.00685486 0.0034056 0.00146263 0.000524158
 3.89412e-11 1.83161e-09 5.96542e-08 1.34535e-06 2.10096e-05 0.000227189 0.00170118 0.00882116 0.0316805 0.078861 0.136449 0.165935 0.147781 0.109308 0.0835103 0.0701896 0.0561912 0.040542 0.0277208 0.0183345 0.0113522 0.00637356 0.00316604 0.00135209 0.000481055
 3.62873e-11 1.70678e-09 5.55886e-08 1.25366e-06 1.95778e-05 0.000211706 0.00158525 0.00822019 0.0295245 0.0735166 0.127356 0.155604 0.140926 0.10922 0.0896363 0.0789785 0.0640244 0.0459197 0.030916 0.0200627 0.0122091 0.00677742 0.00335207 0.00143049 0.00050834
 3.58111e-11 1.68438e-09 5.48593e-08 1.23722e-06 1.93209e-05 0.000208928 0.00156445 0.00811231 0.0291367 0.0725479 0.125657 0.153433 0.138665 0.106923 0.0874048 0.077669 0.0647631 0.0487372 0.0345065 0.0230274 0.0140409 0.00769683 0.00374787 0.00158018 0.000557537
 3.9575e-11 1.86142e-09 6.06251e-08 1.36725e-06 2.13515e-05 0.000230887 0.00172886 0.00896463 0.0321948 0.0801312 0.138579 0.168207 0.148783 0.107915 0.0799434 0.0661523 0.0536113 0.0400732 0.0286819 0.019715 0.0125003 0.00707815 0.00349823 0.00147311 0.000515107
 3.5355e-11 1.66293e-09 5.41605e-08 1.22146e-06 1.90748e-05 0.000206267 0.00154453 0.0080091 0.0287672 0.0716406 0.124171 0.152015 0.138645 0.10945 0.0920895 0.0820887 0.0662286 0.0468601 0.0312961 0.020573 0.0129344 0.00745233 0.00378882 0.00163729 0.000581601
#pred catch len freq
 2.57382e-11 1.2106e-09 3.94286e-08 8.89213e-07 1.38864e-05 0.000150162 0.00112442 0.00583082 0.0209457 0.0521879 0.0906283 0.111775 0.104629 0.0884354 0.082347 0.081007 0.0740696 0.0634139 0.0535462 0.0448506 0.0372496 0.0310603 0.0254908 0.0191682 0.0120757
 1.45757e-11 6.85573e-10 2.23287e-08 5.03568e-07 7.86397e-06 8.50392e-05 0.000636811 0.00330294 0.0118746 0.029682 0.0521972 0.0674457 0.0729316 0.0816434 0.0983707 0.108458 0.102372 0.0881303 0.0741662 0.0612254 0.0489805 0.0381403 0.0286738 0.0198767 0.0117989
 6.3251e-12 2.97503e-10 9.68947e-09 2.18522e-07 3.41256e-06 3.69032e-05 0.000276362 0.00143371 0.00515884 0.0129385 0.0230495 0.031177 0.0380921 0.051164 0.0720598 0.0927244 0.107777 0.116455 0.115013 0.101791 0.0820622 0.061816 0.0435923 0.0279455 0.0154326
 2.87378e-11 1.35169e-09 4.40237e-08 9.92842e-07 1.55047e-05 0.00016766 0.00125542 0.00650941 0.0233734 0.0581372 0.100283 0.120505 0.102726 0.0666813 0.0413628 0.0352203 0.0421573 0.0551911 0.0678074 0.0737479 0.0696578 0.0569537 0.0404581 0.0248728 0.0129159
 4.47274e-11 2.10376e-09 6.85183e-08 1.54526e-06 2.41314e-05 0.000260946 0.00195393 0.0101313 0.0363795 0.0904976 0.156168 0.18795 0.161032 0.105487 0.0631722 0.041556 0.0284968 0.019318 0.0157649 0.0168543 0.0186667 0.0179977 0.0143026 0.00921985 0.00476411
 3.50008e-11 1.64627e-09 5.3618e-08 1.20922e-06 1.88837e-05 0.000204201 0.00152907 0.00792904 0.0284813 0.0709459 0.123084 0.151236 0.139669 0.113693 0.0989787 0.0880387 0.0669787 0.0413844 0.0226007 0.012998 0.0093799 0.00821589 0.00699551 0.00493322 0.00270387
 3.75891e-11 1.76801e-09 5.75829e-08 1.29864e-06 2.02801e-05 0.000219301 0.00164211 0.0085149 0.0305808 0.0761269 0.13174 0.160311 0.143127 0.106748 0.0831774 0.0722965 0.0609893 0.0468323 0.0327666 0.0203502 0.0111879 0.00604881 0.00367391 0.00234306 0.00130336
 3.60629e-11 1.69623e-09 5.5245e-08 1.24591e-06 1.94567e-05 0.000210397 0.00157545 0.00816937 0.0293417 0.0730613 0.126564 0.154617 0.139972 0.108358 0.0887999 0.0782498 0.0637156 0.0463925 0.0322493 0.0217586 0.0134974 0.00738623 0.00362101 0.00168473 0.000754764
 3.38323e-11 1.59131e-09 5.1828e-08 1.16885e-06 1.82533e-05 0.000197384 0.00147801 0.0076642 0.0275288 0.068561 0.118863 0.145663 0.133332 0.106352 0.0911725 0.0833393 0.0699444 0.0525097 0.0371389 0.0249961 0.0155542 0.00874615 0.0043521 0.00188213 0.000705851
 3.32221e-11 1.56261e-09 5.08932e-08 1.14777e-06 1.79241e-05 0.000193824 0.00145135 0.00752596 0.0270321 0.0673232 0.116712 0.142999 0.130814 0.104225 0.0894047 0.0823186 0.0703921 0.0546382 0.0402958 0.0281613 0.0180005 0.0102916 0.00517066 0.00222813 0.000803679
 3.42452e-11 1.61073e-09 5.24604e-08 1.18311e-06 1.8476e-05 0.000199792 0.00149604 0.00775763 0.0278633 0.0693834 0.120217 0.14698 0.13345 0.104227 0.0869135 0.0785738 0.06671 0.0517813 0.0385965 0.0276489 0.0183131 0.0108712 0.00563143 0.00247215 0.000894338
 3.66296e-11 1.72288e-09 5.61131e-08 1.26549e-06 1.97625e-05 0.000213703 0.0016002 0.00829762 0.0298011 0.0741928 0.128439 0.156509 0.140413 0.106096 0.0840733 0.0731274 0.0605455 0.0458428 0.033413 0.023704 0.0158104 0.00959231 0.00512413 0.00232184 0.000861543
 3.8688e-11 1.8197e-09 5.92665e-08 1.33661e-06 2.0873e-05 0.000225712 0.00169012 0.00876382 0.0314744 0.0783482 0.135561 0.164852 0.146808 0.108574 0.0829517 0.0697869 0.0560413 0.0407416 0.0283034 0.019269 0.0125038 0.00749747 0.00402388 0.00185578 0.000705404
 4.02557e-11 1.89343e-09 6.16679e-08 1.39077e-06 2.17188e-05 0.000234858 0.0017586 0.00911886 0.0327488 0.081513 0.140987 0.17121 0.151692 0.110498 0.0821818 0.0674033 0.0528613 0.0371426 0.0246061 0.0158854 0.0097823 0.00560414 0.00291598 0.00132741 0.000505703
 3.92884e-11 1.84794e-09 6.01861e-08 1.35735e-06 2.11969e-05 0.000229215 0.00171635 0.00889985 0.0319634 0.0795691 0.1377 0.167575 0.149619 0.11142 0.0858623 0.0720252 0.0564398 0.0389022 0.0249191 0.0154094 0.00901769 0.00487819 0.00240023 0.00104453 0.00038648
 3.91685e-11 1.8423e-09 6.00025e-08 1.3532e-06 2.11322e-05 0.000228515 0.00171111 0.00887268 0.0318657 0.079325 0.137271 0.167022 0.14903 0.110808 0.0852868 0.071793 0.056909 0.0400089 0.0261187 0.016183 0.00926365 0.00480283 0.00223701 0.000918809 0.000322692
 3.88195e-11 1.82588e-09 5.94679e-08 1.34115e-06 2.0944e-05 0.00022648 0.00169587 0.00879366 0.0315822 0.0786219 0.136073 0.165652 0.14809 0.110704 0.0859333 0.0727402 0.0577378 0.0406196 0.0266381 0.0166792 0.0096591 0.00501811 0.00229829 0.000910265 0.000304577
 3.73764e-11 1.75801e-09 5.72571e-08 1.29129e-06 2.01654e-05 0.00021806 0.00163283 0.00846685 0.0304095 0.0757135 0.131113 0.159961 0.144124 0.110126 0.0884743 0.0767852 0.0617121 0.0438187 0.0289924 0.0182845 0.0106565 0.0055754 0.00256659 0.00101346 0.000333698
 3.56713e-11 1.67781e-09 5.46451e-08 1.23238e-06 1.92454e-05 0.000208113 0.00155834 0.00808068 0.0290235 0.0722719 0.125216 0.153068 0.138886 0.108217 0.0896663 0.079939 0.065904 0.0484305 0.0333189 0.0216647 0.01287 0.00681697 0.0031661 0.00125768 0.000414801
 3.5386e-11 1.66439e-09 5.42081e-08 1.22253e-06 1.90915e-05 0.000206448 0.00154588 0.00801604 0.0287912 0.0716915 0.124199 0.151768 0.13753 0.106819 0.0882132 0.0788086 0.0656995 0.0493848 0.0351019 0.023688 0.0146161 0.00801487 0.0038236 0.00154637 0.000515666
 3.65744e-11 1.72029e-09 5.60286e-08 1.26358e-06 1.97327e-05 0.000213381 0.00159779 0.00828516 0.0297568 0.0740862 0.128281 0.156442 0.140756 0.107193 0.0859182 0.0751391 0.0619558 0.0462678 0.032908 0.022513 0.0142737 0.00811355 0.00401997 0.00168201 0.000576272
 3.66891e-11 1.72568e-09 5.62044e-08 1.26755e-06 1.97946e-05 0.000214051 0.00160281 0.00831118 0.0298505 0.074322 0.128706 0.157042 0.14155 0.108302 0.0872835 0.0762169 0.0620476 0.0452292 0.0312839 0.0210023 0.0132632 0.00762302 0.00386738 0.0016694 0.000591024
 3.67595e-11 1.72899e-09 5.63121e-08 1.26998e-06 1.98325e-05 0.000214461 0.00160588 0.0083271 0.0299075 0.0744631 0.128944 0.157298 0.141677 0.108193 0.0870025 0.0760114 0.062145 0.0455643 0.0315298 0.0209312 0.0129622 0.00732214 0.0036936 0.00160762 0.000580039
 3.77815e-11 1.77706e-09 5.78777e-08 1.30529e-06 2.03839e-05 0.000220424 0.00165052 0.00855854 0.0307379 0.0765224 0.132454 0.161316 0.144445 0.108512 0.0850695 0.0730264 0.0592996 0.0433921 0.030044 0.019977 0.0123559 0.00692658 0.0034509 0.00148586 0.000534312
 3.68148e-11 1.73159e-09 5.63968e-08 1.27189e-06 1.98624e-05 0.000214784 0.0016083 0.00833965 0.0299528 0.0745779 0.129157 0.157626 0.142184 0.109002 0.0880596 0.0768747 0.0622807 0.0449071 0.0305271 0.0200405 0.0123261 0.00689282 0.00342173 0.00146378 0.000522203
 3.4964e-11 1.64454e-09 5.35616e-08 1.20795e-06 1.88639e-05 0.000203986 0.00152745 0.00792052 0.0284488 0.070846 0.122782 0.150262 0.136888 0.107801 0.090669 0.0815673 0.0674209 0.0495932 0.0342641 0.0225633 0.0137519 0.0075922 0.00373078 0.00158519 0.00056243
 3.73069e-11 1.75474e-09 5.71508e-08 1.28889e-06 2.01279e-05 0.000217655 0.00162979 0.00845104 0.0303518 0.075561 0.130788 0.159283 0.142617 0.107163 0.0842024 0.0728533 0.0602002 0.0453212 0.0323488 0.0219264 0.013628 0.00758943 0.00372345 0.00156996 0.000552097
 3.66449e-11 1.7236e-09 5.61366e-08 1.26602e-06 1.97707e-05 0.000213793 0.00160088 0.00830118 0.0298148 0.0742352 0.12857 0.156941 0.141666 0.108807 0.0881203 0.0769896 0.0623107 0.044928 0.0307529 0.0205506 0.0129479 0.00739034 0.00370297 0.00157936 0.000556739
#obs catch len freq
 2.35597e-11 1.10813e-09 3.60912e-08 8.13947e-07 1.2711e-05 0.000137452 0.00102925 0.00533737 0.0191742 0.0477839 0.083049 0.102752 0.0972255 0.084357 0.0811993 0.0819375 0.0770186 0.068852 0.0615645 0.0544217 0.0461152 0.0366152 0.0264036 0.016512 0.00850149
 2.53293e-11 1.19137e-09 3.88021e-08 8.75085e-07 1.36657e-05 0.000147776 0.00110655 0.00573816 0.0206128 0.0513568 0.0891757 0.109941 0.102783 0.0866599 0.0806483 0.0798935 0.074423 0.0657872 0.0578472 0.0503574 0.0424174 0.0337383 0.0243616 0.0151964 0.00779312
 4.85991e-12 2.28587e-10 7.44493e-09 1.67903e-07 2.62209e-06 2.83563e-05 0.000212393 0.00110261 0.00397832 0.0100845 0.018689 0.0285871 0.0444344 0.0736204 0.108796 0.127963 0.122704 0.106411 0.0910593 0.0775298 0.0641678 0.0504123 0.0361774 0.0225129 0.0115262
 1.77552e-14 8.35137e-13 2.7202e-11 6.13666e-10 9.59521e-09 1.04271e-07 7.96025e-07 4.44182e-06 2.04387e-05 9.53249e-05 0.000471377 0.00205297 0.00689541 0.0176219 0.0363369 0.0651506 0.103253 0.138477 0.152825 0.142396 0.118536 0.091428 0.0645007 0.0397149 0.0202187
 5.25214e-11 2.47035e-09 8.04577e-08 1.81453e-06 2.83364e-05 0.000306416 0.00229438 0.0118961 0.0427102 0.10618 0.182786 0.217887 0.17986 0.102882 0.041082 0.0125004 0.00568234 0.00777367 0.0126252 0.0168867 0.018137 0.0159327 0.0117027 0.0072077 0.00363706
 3.29862e-11 1.55151e-09 5.05317e-08 1.13962e-06 1.77968e-05 0.000192448 0.00144107 0.00747303 0.0268476 0.0669179 0.11638 0.144327 0.13749 0.120265 0.113128 0.102376 0.0734224 0.0385266 0.015788 0.00775299 0.007082 0.00745009 0.00645771 0.00436985 0.00229206
 3.93736e-11 1.85195e-09 6.03166e-08 1.36029e-06 2.12429e-05 0.000229712 0.00172007 0.00891898 0.0320303 0.079717 0.13783 0.167146 0.147384 0.106094 0.0782853 0.0664873 0.0574673 0.0459053 0.0323501 0.0189523 0.00923358 0.00450733 0.00279122 0.0018749 0.00105288
 3.89962e-11 1.8342e-09 5.97385e-08 1.34726e-06 2.10393e-05 0.000227511 0.00170359 0.00883366 0.0317257 0.0789762 0.136667 0.166288 0.148369 0.110272 0.0846982 0.0709108 0.0557928 0.0393447 0.0267607 0.0180069 0.0111173 0.00587932 0.00270008 0.00118373 0.000520229
 3.61117e-11 1.69852e-09 5.53198e-08 1.2476e-06 1.94831e-05 0.000210682 0.00157759 0.00818046 0.029382 0.0731642 0.126762 0.154956 0.140588 0.109479 0.0904704 0.0800473 0.0649039 0.0463437 0.0308595 0.0197267 0.0118551 0.00651287 0.0031648 0.00132121 0.00047349
 3.51098e-11 1.65139e-09 5.37848e-08 1.21298e-06 1.89425e-05 0.000204836 0.00153381 0.00795348 0.0285669 0.0711353 0.123253 0.150695 0.136829 0.106848 0.0889546 0.0799501 0.0668757 0.0502954 0.0355199 0.0235903 0.0142639 0.00772441 0.00370758 0.00154034 0.000537439
 3.43985e-11 1.61794e-09 5.26952e-08 1.18841e-06 1.85587e-05 0.000200687 0.00150274 0.00779239 0.0279886 0.0696993 0.120791 0.147809 0.134603 0.105933 0.0891641 0.0806828 0.0677245 0.0513233 0.0370075 0.0255171 0.016164 0.00911023 0.0044656 0.00185954 0.000642207
 3.66283e-11 1.72282e-09 5.61111e-08 1.26545e-06 1.97618e-05 0.000213696 0.00160015 0.00829734 0.0298002 0.0741904 0.128435 0.15651 0.140434 0.106164 0.0842445 0.0734855 0.0611335 0.0465214 0.0338575 0.0236611 0.0153209 0.00892196 0.0045424 0.00195543 0.000689626
 3.90854e-11 1.83839e-09 5.98751e-08 1.35034e-06 2.10874e-05 0.000228031 0.00170748 0.00885379 0.0317974 0.0791485 0.136923 0.166402 0.147846 0.108613 0.082078 0.068528 0.0549404 0.0400375 0.0279544 0.019115 0.0123758 0.00731156 0.00381235 0.00169037 0.000614585
 3.90461e-11 1.83654e-09 5.98149e-08 1.34898e-06 2.10662e-05 0.000227802 0.00170577 0.00884495 0.0317662 0.0790769 0.13684 0.166494 0.148542 0.110396 0.0848621 0.0712514 0.056256 0.0394668 0.0260684 0.0168324 0.0103996 0.00596778 0.00308646 0.00138121 0.00051211
 4.10962e-11 1.93297e-09 6.29554e-08 1.4198e-06 2.21723e-05 0.000239762 0.00179532 0.00930919 0.0334319 0.083207 0.143876 0.17453 0.154021 0.110892 0.0808447 0.0653488 0.0510363 0.0358204 0.0235405 0.0148362 0.00875986 0.00475588 0.00234288 0.00101683 0.000372806
 3.76144e-11 1.7692e-09 5.76217e-08 1.29951e-06 2.02938e-05 0.000219449 0.00164323 0.00852079 0.0306037 0.0761995 0.131974 0.161104 0.14544 0.111683 0.090184 0.0779489 0.0614454 0.042053 0.0266236 0.0162871 0.00940998 0.00497083 0.00235216 0.000974233 0.000342727
 3.86585e-11 1.81831e-09 5.92212e-08 1.33559e-06 2.08571e-05 0.00022554 0.00168883 0.00875715 0.0314509 0.0782922 0.135484 0.16485 0.147105 0.10945 0.0845154 0.0718177 0.058085 0.0422014 0.0285422 0.0180626 0.0103744 0.00533148 0.00243925 0.000974673 0.000329933
 3.96373e-11 1.86435e-09 6.07206e-08 1.3694e-06 2.13852e-05 0.000231251 0.00173159 0.00897883 0.0322465 0.0802673 0.138865 0.16879 0.150051 0.110387 0.0834987 0.06943 0.0548934 0.0388696 0.0259408 0.0167033 0.00999015 0.00533074 0.00247351 0.000977068 0.000321843
 3.5758e-11 1.68189e-09 5.47779e-08 1.23538e-06 1.92923e-05 0.000208619 0.00156214 0.00810038 0.0290949 0.0724549 0.125571 0.153675 0.139985 0.110154 0.0922919 0.0821027 0.0662126 0.0466637 0.030609 0.0193084 0.0114075 0.00611725 0.00289754 0.00117182 0.00039106
 3.58219e-11 1.68489e-09 5.48757e-08 1.23759e-06 1.93267e-05 0.000208991 0.00156492 0.00811475 0.0291455 0.0725701 0.125698 0.153492 0.138749 0.10706 0.087628 0.0779906 0.0651508 0.0490745 0.0346153 0.0228173 0.0136114 0.00724165 0.00340327 0.00137836 0.000464792
 3.70299e-11 1.74171e-09 5.67262e-08 1.27932e-06 1.99784e-05 0.000216039 0.00161769 0.0083883 0.030127 0.0750046 0.12985 0.158255 0.142062 0.107497 0.0852985 0.074039 0.0608022 0.0452891 0.0321745 0.0219821 0.013842 0.00773939 0.00374538 0.00153219 0.000517466
 3.72651e-11 1.75277e-09 5.70866e-08 1.28745e-06 2.01053e-05 0.000217411 0.00162796 0.0084416 0.0303186 0.0754828 0.130686 0.159314 0.143136 0.108541 0.0862878 0.0746355 0.0605082 0.0440001 0.0303741 0.0203675 0.0128494 0.00736131 0.00370375 0.00157653 0.000548614
 3.65423e-11 1.71877e-09 5.59793e-08 1.26248e-06 1.97154e-05 0.000213194 0.00159639 0.00827792 0.0297313 0.0740269 0.128207 0.156489 0.141235 0.10845 0.0878905 0.0770664 0.0628668 0.0457994 0.0314584 0.0207823 0.0128446 0.00724861 0.00364871 0.00158024 0.000565364
 3.75345e-11 1.76544e-09 5.74993e-08 1.29676e-06 2.02507e-05 0.000218983 0.00163973 0.0085026 0.0305373 0.0760239 0.1316 0.160319 0.143691 0.108248 0.0852701 0.0735347 0.059981 0.0441299 0.0306915 0.0204219 0.0125977 0.00703709 0.00349566 0.00150119 0.00053795
 3.83183e-11 1.80231e-09 5.86999e-08 1.32383e-06 2.06735e-05 0.000223555 0.00167397 0.0086801 0.0311744 0.0776062 0.134312 0.163496 0.146127 0.109186 0.0847921 0.0720933 0.0579386 0.0418173 0.0285738 0.0188864 0.0116893 0.00656136 0.00325889 0.00139164 0.000495101
 3.56222e-11 1.6755e-09 5.45699e-08 1.23069e-06 1.9219e-05 0.000207826 0.0015562 0.0080696 0.0289842 0.0721771 0.125075 0.153003 0.139168 0.109108 0.0910326 0.0810382 0.0659034 0.0472756 0.0318068 0.0206271 0.0125475 0.00696365 0.0034437 0.00146947 0.000522169
 3.5221e-11 1.65662e-09 5.39552e-08 1.21683e-06 1.90025e-05 0.000205485 0.00153867 0.00797866 0.0286572 0.071359 0.123632 0.151118 0.137083 0.106775 0.088573 0.0794361 0.0664183 0.0499823 0.0353627 0.0235844 0.0143752 0.00787833 0.00383571 0.00161708 0.000570527
 3.89357e-11 1.83135e-09 5.96458e-08 1.34516e-06 2.10067e-05 0.000227157 0.00170094 0.00881988 0.0316754 0.0788432 0.136384 0.165697 0.147062 0.107737 0.0811797 0.0680329 0.0553773 0.0414118 0.0296215 0.0203488 0.0128976 0.00730163 0.00360823 0.00151932 0.00053124
#spawning biomass
 60826 64880.5 56783.8 37826.6 39307.1 72166.2 102621 136144 184137 206928 201584 193988 208248 220872 240879 248662 244135 245555 314932 345776 314786 267818 273206 283790 312767 323987 285111 257735 251510 339088 237902 149473 92405.8 59886.2 42641.4 33896.8 29589 27507.3 26514.2 26044.7 25824 25720.7 25672.5 25650 25639.6 25634.8 25632.6 25631.5 25631 25630.8 25630.7 25630.7 25630.6 25630.6 25630.6 25630.6 25630.6 25630.6 25630.6 25630.6 25630.6 25630.6 25630.6 25630.6 25630.6 25630.6 25630.6 25630.6 25630.6 25630.6 25630.6 25630.6 25630.6 25630.6 25630.6 25630.6 25630.6 25630.6 25630.6 25630.6 25630.6 25630.6 25630.6 25630.6 25630.6 25630.6 25630.6 25630.6 25630.6 25630.6 25630.6 25630.6 25630.6 25630.6 25630.6 25630.6 25630.6 25630.6 25630.6 25630.6 25630.6 25630.6 25630.6 25630.6 25630.6 25630.6 25630.6 25630.6 25630.6 25630.6 25630.6 25630.6 25630.6 25630.6 25630.6 25630.6 25630.6 25630.6 25630.6 25630.6 25630.6 25630.6 25630.6 25630.6 25630.6 25630.6 25630.6 25630.6 0 0 0 0 0 0 0 0 0 0 0 0 0 0 0 0 0 0 0 0 0 0 0 0 0
