SBPRF35
0.256306
Curr Bio
134443
B35
196785
F35
0.462132
FOFL
0.305955
OFL
38706.2
Bzero
73230.3
#pred survey bio
 46082.2 37750.5 38718.6 41539 48183 58032.6 60059.6 63835.7 67735.2 72012.4 90261.9 87030 87970 103469 125636 130345 144925 142258 144005 154028 157259 160724 150379 149432 169938 187257 220925 233747 8.15102e+06 4.98834e+06 3.55593e+06 2.38171e+06 1.64108e+06 1.22547e+06 1.00439e+06 888740 827770 794823 776387 765665 759197 755169 752595 750916 749815 749086 748600 748274 748055 747907 747808 747740 747695 747664 747643 747629 747620 747613 747609 747606 747604 747603 747602 747601 747601 747600 747600 747600 747600 747600 747600 747600 747600 747600 747600 747600 747600 747600 747600 747600 747600 747600 747600 747600 747600 747600 747600 747600 747600 747600 747600 747600 747600 747600 747600 747600 747600 747600 747600 747600 747600 747600 747600 747600 747600 747600 747600 747600 747600 747600 747600 747600 747600 747600 747600 747600 747600 747600 747600 747600 747600 747600 747600 747600 747600 747600 747600 747600 0 0 0 0 0 0 0 0 0 0 0 0 0 0 0 0 0 0 0 0 0 0 0 0 0
#obs survey bio
 41466.3 45610.1 42221 51575.4 48064.1 81704.8 60413.5 80088.8 57421.5 80109.2 113167 108660 71195.8 121489 144090 125560 112285 128995 148605 163309 111265 114890 157415 136201 198518 199020 235423 218881
#pred catch bio
 27189.1 21164.7 21872.4 22158.7 25417.8 34755.9 35232.6 36767.6 39566.6 36168.1 52916.3 50488.8 48105.1 53073 73966.2 70979.3 82825.7 82171.1 80266.9 88546.6 88582.6 95463.8 86085.8 79715.9 92677.8 94721.4 118435 130376 38706.2 70946.6 48130.8 30345.8 19676.2 14052.9 11301.7 10016.2 9433.12 9173.81 9060.01 9010.51 8989.11 8979.9 8975.95 8974.25 8973.53 8973.22 8973.09 8973.03 8973.01 8973 8973 8972.99 8972.99 8972.99 8972.99 8972.99 8972.99 8972.99 8972.99 8972.99 8972.99 8972.99 8972.99 8972.99 8972.99 8972.99 8972.99 8972.99 8972.99 8972.99 8972.99 8972.99 8972.99 8972.99 8972.99 8972.99 8972.99 8972.99 8972.99 8972.99 8972.99 8972.99 8972.99 8972.99 8972.99 8972.99 8972.99 8972.99 8972.99 8972.99 8972.99 8972.99 8972.99 8972.99 8972.99 8972.99 8972.99 8972.99 8972.99 8972.99 8972.99 8972.99 8972.99 8972.99 8972.99 8972.99 8972.99 8972.99 8972.99 8972.99 8972.99 8972.99 8972.99 8972.99 8972.99 8972.99 8972.99 8972.99 8972.99 8972.99 8972.99 8972.99 8972.99 8972.99 8972.99 8972.99 8972.99 8972.99 0 0 0 0 0 0 0 0 0 0 0 0 0 0 0 0 0 0 0 0 0 0 0 0 0
#obs catch bio
 23964 19798.9 21633.2 21510.8 24483.6 34954.4 35864.8 35739.9 40174 35288.4 49563.2 46608.3 47583.2 52110.5 68957.8 70760.5 84338.9 80714.6 80757.3 91672.3 91771.3 97299.2 87258.4 80718.4 96956.1 91834 117760 129506
#pred cpue bio
 36979.3 27759.8 28063.4 29658.6 34590.1 41264.9 42145.4 45092.7 48341.3 50809.6 64948.8 63363.7 63176.3 72902.4 90617.6 92086.4 104855 104399 103414 111199 113351 117249 109432 108874 122307 135188 161183 172329 6.00138e+06 4.89747e+06 3.46506e+06 2.29084e+06 1.55021e+06 1.1346e+06 913515 797866 736897 703950 685514 674792 668323 664295 661721 660043 658942 658213 657727 657401 657181 657034 656934 656867 656821 656791 656770 656756 656746 656740 656736 656733 656731 656729 656728 656728 656727 656727 656727 656727 656727 656727 656727 656727 656727 656727 656727 656727 656727 656727 656727 656727 656727 656727 656727 656727 656727 656727 656727 656727 656727 656727 656727 656727 656727 656727 656727 656727 656727 656727 656727 656727 656727 656727 656727 656727 656727 656727 656727 656727 656727 656727 656727 656727 656727 656727 656727 656727 656727 656727 656727 656727 656727 656727 656727 656727 656727 656727 656727 656727 0 0 0 0 0 0 0 0 0 0 0 0 0 0 0 0 0 0 0 0 0 0 0 0 0
#obs cpue bio
 20540.3 38777.8 23113.7 28365.8 37948.6 29620.8 35411.7 45795.2 48309.9 51325.2 80624.6 69388.1 67499.7 66553.7 127899 76904.1 124293 139229 87436.3 90763.4 133772 164551 100127 105132 89025.4 160196 153060 186032
#pred surv len freq
 3.80053e-11 1.78759e-09 5.82206e-08 1.31302e-06 2.05047e-05 0.000221729 0.00166029 0.00860905 0.0309174 0.0769498 0.133061 0.161432 0.14254 0.102846 0.075486 0.062022 0.0502484 0.0380771 0.0286529 0.0223074 0.0181443 0.0155416 0.0134786 0.0107243 0.007059
 4.13146e-11 1.94324e-09 6.32901e-08 1.42735e-06 2.22901e-05 0.000241036 0.00180486 0.00935877 0.0336108 0.0836633 0.144737 0.17591 0.156302 0.114666 0.0857139 0.0688928 0.0504094 0.0308103 0.0169325 0.00964024 0.00612237 0.00429375 0.00317962 0.00227612 0.00141048
 4.14963e-11 1.95179e-09 6.35685e-08 1.43363e-06 2.23882e-05 0.000242097 0.00181281 0.00939997 0.0337591 0.0840351 0.145399 0.176804 0.157386 0.116087 0.0875953 0.0709916 0.0521998 0.0317737 0.0167019 0.00819946 0.00390307 0.00187202 0.000972415 0.000546276 0.000295067
 4.23112e-11 1.99012e-09 6.48168e-08 1.46178e-06 2.28278e-05 0.00024685 0.0018484 0.00958449 0.0344211 0.0856763 0.148193 0.179984 0.159516 0.116175 0.0858312 0.0684814 0.0500603 0.0304318 0.0159783 0.00775934 0.00351037 0.00144465 0.000550054 0.000205888 7.86402e-05
 4.19684e-11 1.97399e-09 6.42916e-08 1.44994e-06 2.26428e-05 0.00024485 0.00183343 0.00950686 0.0341426 0.0849861 0.147019 0.178655 0.158648 0.116204 0.0866843 0.06968 0.0511126 0.0311395 0.0163891 0.0079727 0.0035954 0.00144828 0.000511542 0.000158972 4.42256e-05
 4.25887e-11 2.00317e-09 6.5242e-08 1.47137e-06 2.29775e-05 0.00024847 0.00186052 0.00964733 0.0346465 0.086234 0.149136 0.181026 0.160109 0.115913 0.0848022 0.0672465 0.049218 0.0301622 0.0160597 0.0079121 0.0035992 0.00145366 0.000509348 0.000152933 3.88009e-05
 4.3174e-11 2.0307e-09 6.61386e-08 1.49159e-06 2.32933e-05 0.000251884 0.00188609 0.0097799 0.0351224 0.0874167 0.151169 0.183434 0.162042 0.11686 0.0847896 0.0664224 0.0476424 0.0280843 0.0140559 0.00649194 0.00284154 0.00113576 0.000399026 0.000120014 3.01274e-05
 4.27507e-11 2.01079e-09 6.54902e-08 1.47697e-06 2.30649e-05 0.000249415 0.0018676 0.00968405 0.0347785 0.086565 0.149724 0.181812 0.161032 0.117033 0.0860525 0.0681105 0.0490458 0.0289023 0.0143682 0.00650225 0.00273793 0.00103908 0.000346934 0.000100642 2.47993e-05
 4.21813e-11 1.98401e-09 6.46179e-08 1.45729e-06 2.27577e-05 0.000246093 0.00184273 0.00955511 0.0343159 0.0854177 0.147768 0.179574 0.159491 0.11686 0.0871471 0.0698213 0.0507239 0.0302373 0.0152991 0.00705414 0.0029975 0.00113002 0.000368431 0.0001029 2.42676e-05
 4.28953e-11 2.01759e-09 6.57116e-08 1.48196e-06 2.31429e-05 0.000250258 0.00187392 0.00971677 0.0348958 0.0868543 0.150206 0.182315 0.161211 0.11661 0.0850983 0.0671062 0.0485266 0.0289974 0.0147866 0.00690273 0.00297764 0.00114018 0.000376336 0.000105429 2.46099e-05
 4.18248e-11 1.96724e-09 6.40717e-08 1.44498e-06 2.25654e-05 0.000244013 0.00182715 0.00947435 0.0340259 0.0846967 0.146526 0.178087 0.158251 0.116143 0.0869457 0.0701279 0.0516067 0.0315775 0.0166909 0.00810492 0.0036023 0.00140718 0.000471925 0.000134156 3.16955e-05
 4.09958e-11 1.92825e-09 6.28018e-08 1.41634e-06 2.21181e-05 0.000239177 0.00179094 0.00928665 0.0333528 0.0830302 0.143705 0.174954 0.156413 0.116781 0.0898094 0.0736358 0.0540938 0.0325518 0.0167511 0.00796279 0.00354056 0.00141273 0.000488416 0.000142905 3.45398e-05
 4.1933e-11 1.97233e-09 6.42375e-08 1.44871e-06 2.26238e-05 0.000244644 0.00183188 0.00949886 0.0341139 0.0849149 0.146899 0.17852 0.158565 0.116223 0.086804 0.0698517 0.0512787 0.0312568 0.016433 0.00794842 0.00353964 0.00139802 0.000479253 0.000140696 3.45483e-05
 4.30906e-11 2.02678e-09 6.60108e-08 1.48871e-06 2.32483e-05 0.000251398 0.00188245 0.00976098 0.0350542 0.0872452 0.150859 0.182997 0.161461 0.116053 0.0838213 0.0657343 0.0477613 0.0290309 0.0152823 0.00744173 0.00335629 0.00134566 0.000466497 0.00013747 3.3723e-05
 4.16538e-11 1.95919e-09 6.38097e-08 1.43907e-06 2.24731e-05 0.000243015 0.00181968 0.00943562 0.0338871 0.0843532 0.145946 0.177453 0.15791 0.116358 0.0876494 0.0709216 0.052072 0.0316271 0.0165513 0.00800714 0.00360053 0.00144694 0.000505352 0.000150516 3.73192e-05
 4.28611e-11 2.01598e-09 6.56592e-08 1.48078e-06 2.31245e-05 0.000250059 0.00187242 0.00970902 0.0348679 0.0867847 0.150085 0.182161 0.161055 0.116457 0.0849487 0.0670006 0.048529 0.0291267 0.0149963 0.00712274 0.00315581 0.00125576 0.000436094 0.000129716 3.22619e-05
 4.14015e-11 1.94733e-09 6.34233e-08 1.43035e-06 2.2337e-05 0.000241543 0.00180867 0.00937852 0.0336823 0.0838466 0.145091 0.176514 0.157398 0.116658 0.0886841 0.0721579 0.0529297 0.0319154 0.0164616 0.00780317 0.00342996 0.00134678 0.000460528 0.000135135 3.32981e-05
 4.05347e-11 1.90656e-09 6.20954e-08 1.40041e-06 2.18694e-05 0.000236487 0.0017708 0.00918223 0.0329781 0.0821004 0.142117 0.173118 0.155087 0.116471 0.0904573 0.0748391 0.0554653 0.0338349 0.0177473 0.00856411 0.00380918 0.00150149 0.000511929 0.000148967 3.62798e-05
 4.1985e-11 1.97477e-09 6.43171e-08 1.45051e-06 2.26518e-05 0.000244947 0.00183415 0.00951062 0.034156 0.0850186 0.14707 0.178688 0.15859 0.115981 0.0863247 0.069359 0.0510315 0.0313275 0.0166898 0.00821825 0.00372846 0.00149633 0.000517951 0.000152219 3.71915e-05
 4.15948e-11 1.95642e-09 6.37193e-08 1.43703e-06 2.24413e-05 0.000242671 0.00181711 0.00942227 0.0338392 0.0842346 0.145745 0.177229 0.157775 0.116392 0.0878332 0.0711453 0.0522237 0.0316822 0.0165623 0.00802344 0.00362782 0.00147027 0.000517747 0.000155029 3.85056e-05
 4.16777e-11 1.96032e-09 6.38463e-08 1.43989e-06 2.2486e-05 0.000243154 0.00182073 0.00944104 0.0339065 0.0844017 0.14603 0.177557 0.158007 0.116438 0.0877104 0.0709475 0.0520351 0.031525 0.0164191 0.0078894 0.00352205 0.00140739 0.000490739 0.000146792 3.67474e-05
 4.09287e-11 1.92509e-09 6.26989e-08 1.41402e-06 2.20819e-05 0.000238785 0.00178801 0.00927143 0.0332981 0.0828934 0.143465 0.174644 0.156081 0.11643 0.0894658 0.0734546 0.0542628 0.0330499 0.0173229 0.0083715 0.00374375 0.00149058 0.00051544 0.000152542 3.78278e-05
 4.10764e-11 1.93204e-09 6.29252e-08 1.41912e-06 2.21616e-05 0.000239646 0.00179446 0.00930488 0.0334181 0.0831911 0.143972 0.175226 0.156487 0.116489 0.089201 0.0730231 0.053821 0.0326817 0.0170614 0.00822129 0.00367806 0.00146873 0.000509235 0.000150665 3.72102e-05
 4.10382e-11 1.93024e-09 6.28666e-08 1.4178e-06 2.2141e-05 0.000239424 0.00179279 0.00929622 0.0333869 0.0831132 0.143835 0.175047 0.156287 0.116266 0.0889702 0.0728863 0.0539028 0.0329768 0.0174168 0.00848799 0.00381997 0.00152704 0.000529239 0.000156633 3.87208e-05
 4.19152e-11 1.97149e-09 6.42102e-08 1.4481e-06 2.26142e-05 0.00024454 0.0018311 0.00949481 0.0340992 0.0848766 0.146821 0.17837 0.158258 0.115644 0.0859991 0.0691737 0.0511535 0.0317562 0.0172239 0.00864803 0.00398498 0.00161923 0.0005674 0.000169017 4.19064e-05
 4.16362e-11 1.95837e-09 6.37828e-08 1.43846e-06 2.24637e-05 0.000242913 0.00181892 0.00943165 0.0338728 0.0843173 0.145882 0.177364 0.157796 0.116203 0.0874549 0.0707507 0.0520138 0.0317173 0.016749 0.00823442 0.00378841 0.00156427 0.000561118 0.000170829 4.30496e-05
 4.10638e-11 1.93145e-09 6.2906e-08 1.41869e-06 2.21548e-05 0.000239573 0.00179391 0.00930202 0.0334075 0.0831623 0.143905 0.175062 0.156081 0.115665 0.0880356 0.0720536 0.053678 0.0334405 0.0181881 0.00915302 0.00422885 0.00172956 0.000614848 0.000187416 4.7785e-05
 4.03702e-11 1.89882e-09 6.18434e-08 1.39472e-06 2.17806e-05 0.000235527 0.00176361 0.00914496 0.0328441 0.0817664 0.141534 0.172389 0.154374 0.115826 0.0898901 0.0745255 0.0556675 0.0345819 0.0187504 0.00947129 0.00443733 0.00184977 0.000667614 0.000204727 5.21771e-05
#obs surv len freq
 3.97364e-11 1.86901e-09 6.08723e-08 1.37282e-06 2.14386e-05 0.000231829 0.00173593 0.00900144 0.0323296 0.080493 0.139384 0.170023 0.153068 0.116537 0.0924224 0.0775538 0.057759 0.0352815 0.0185524 0.00903077 0.00409365 0.00166357 0.000590516 0.000180045 4.61139e-05
 4.19799e-11 1.97453e-09 6.43092e-08 1.45033e-06 2.2649e-05 0.000244917 0.00183393 0.00950944 0.0341518 0.0850061 0.147038 0.178602 0.158362 0.115511 0.0856659 0.0688407 0.0510257 0.0318466 0.0173666 0.00870416 0.00395621 0.00157268 0.000539954 0.000159345 3.97115e-05
 4.09704e-11 1.92705e-09 6.27627e-08 1.41546e-06 2.21044e-05 0.000239028 0.00178983 0.00928088 0.0333321 0.0829779 0.14361 0.174819 0.156228 0.116518 0.089488 0.0733965 0.0541076 0.032834 0.0171376 0.00827924 0.00372693 0.00149885 0.000521512 0.000153905 3.77557e-05
 4.28239e-11 2.01423e-09 6.56021e-08 1.47949e-06 2.31044e-05 0.000249841 0.00187079 0.00970057 0.0348376 0.086707 0.149938 0.181925 0.160665 0.11581 0.0841104 0.0663775 0.0485899 0.0298826 0.0159629 0.00783152 0.00350297 0.00137681 0.000467916 0.000136396 3.34031e-05
 4.04088e-11 1.90063e-09 6.19024e-08 1.39606e-06 2.18014e-05 0.000235752 0.0017653 0.00915372 0.032876 0.0818484 0.141696 0.17268 0.154932 0.11684 0.0912845 0.0756963 0.0558828 0.0337188 0.0173802 0.00824785 0.00363961 0.00143417 0.000489286 0.000141935 3.43171e-05
 4.37957e-11 2.05994e-09 6.70908e-08 1.51307e-06 2.36287e-05 0.000255511 0.00191324 0.00992063 0.035627 0.0886641 0.153268 0.185712 0.163189 0.115873 0.0819146 0.0632075 0.0457468 0.0278997 0.014743 0.00713599 0.00314422 0.0012142 0.000404049 0.000115129 2.75863e-05
 4.13591e-11 1.94534e-09 6.33583e-08 1.42889e-06 2.23142e-05 0.000241296 0.00180681 0.00936894 0.0336484 0.0837647 0.144969 0.17646 0.157648 0.117449 0.0899285 0.0732598 0.0532048 0.031269 0.0154302 0.00695214 0.00294132 0.00112618 0.000375744 0.000106749 2.52715e-05
 4.32819e-11 2.03577e-09 6.63038e-08 1.49532e-06 2.33515e-05 0.000252514 0.0018908 0.0098043 0.0352098 0.0876309 0.151517 0.183757 0.162008 0.11618 0.0835811 0.0653441 0.0474072 0.0287351 0.0149633 0.00707545 0.0030209 0.001121 0.00035656 9.7344e-05 2.25312e-05
 4.11044e-11 1.93335e-09 6.2968e-08 1.42009e-06 2.21767e-05 0.00023981 0.00179568 0.00931124 0.0334412 0.0832499 0.144085 0.175414 0.156814 0.117054 0.089962 0.0736511 0.0539179 0.032187 0.0162969 0.00754622 0.00323715 0.00123342 0.00040327 0.000111058 2.53221e-05
 4.28605e-11 2.01595e-09 6.56582e-08 1.48076e-06 2.31242e-05 0.000250055 0.00187239 0.00970887 0.0348673 0.0867811 0.150065 0.182079 0.160796 0.115892 0.0841525 0.0663886 0.0485644 0.0298101 0.0158445 0.00768875 0.00337141 0.00128393 0.000417583 0.000115372 2.66239e-05
 4.15344e-11 1.95358e-09 6.36268e-08 1.43494e-06 2.24087e-05 0.000242319 0.00181447 0.00940861 0.0337905 0.0841151 0.145552 0.177059 0.157832 0.116863 0.0886661 0.0719555 0.0525648 0.0314521 0.0160303 0.00750789 0.00327293 0.00127331 0.000426772 0.000120616 2.8146e-05
 4.18958e-11 1.97058e-09 6.41804e-08 1.44743e-06 2.26037e-05 0.000244427 0.00183025 0.00949043 0.0340838 0.0848403 0.146773 0.178385 0.158504 0.116301 0.0870148 0.0701127 0.0514874 0.0313541 0.0164127 0.00784579 0.00341579 0.00130384 0.000428449 0.000120344 2.83483e-05
 4.2506e-11 1.99928e-09 6.51152e-08 1.46851e-06 2.29329e-05 0.000247987 0.00185691 0.0096286 0.0345796 0.0860693 0.148865 0.180767 0.160101 0.116365 0.0856615 0.0681113 0.0496262 0.0299989 0.0155814 0.00742933 0.00325921 0.0012618 0.000419362 0.000117959 2.75902e-05
 4.14368e-11 1.94899e-09 6.34772e-08 1.43157e-06 2.2356e-05 0.000241749 0.0018102 0.00938649 0.0337111 0.0839178 0.145213 0.176659 0.157514 0.116716 0.0886914 0.0721323 0.0528792 0.0318401 0.0163647 0.00769914 0.0033395 0.00128431 0.000426509 0.000120556 2.84094e-05
 4.30154e-11 2.02324e-09 6.58956e-08 1.48611e-06 2.32078e-05 0.000250959 0.00187916 0.00974396 0.0349934 0.0870947 0.150607 0.182733 0.161363 0.116265 0.0843204 0.0663005 0.048136 0.0291094 0.0151314 0.0071947 0.00312855 0.00119578 0.000392893 0.000109937 2.57496e-05
 4.26562e-11 2.00634e-09 6.53452e-08 1.4737e-06 2.30139e-05 0.000248863 0.00186347 0.00966262 0.0347017 0.0863732 0.14939 0.181398 0.160639 0.116702 0.0857955 0.0680199 0.0492518 0.0293911 0.0149412 0.00695096 0.00299202 0.00114511 0.00037818 0.000106047 2.47635e-05
 3.89754e-11 1.83322e-09 5.97066e-08 1.34653e-06 2.10281e-05 0.000227389 0.00170269 0.00882915 0.0317117 0.0789635 0.136796 0.167153 0.151401 0.117175 0.0951637 0.080974 0.0603215 0.0364298 0.0186695 0.0087126 0.00372731 0.00140666 0.000457415 0.000126909 2.95135e-05
 4.242e-11 1.99523e-09 6.49835e-08 1.46554e-06 2.28865e-05 0.000247485 0.00185315 0.0096091 0.0345091 0.0858899 0.148528 0.180232 0.159231 0.114936 0.0838073 0.0667044 0.0496878 0.031585 0.0176878 0.00904667 0.00411518 0.00160029 0.00052577 0.000145661 3.36044e-05
 4.02744e-11 1.89431e-09 6.16965e-08 1.39141e-06 2.17289e-05 0.000234968 0.00175943 0.00912328 0.0327668 0.0815775 0.141234 0.172151 0.154566 0.116791 0.091513 0.0760246 0.0561502 0.0339038 0.0175602 0.00846182 0.00384127 0.00156743 0.000550438 0.000161457 3.86035e-05
 4.08648e-11 1.92208e-09 6.2601e-08 1.41181e-06 2.20475e-05 0.000238412 0.00178522 0.00925696 0.0332461 0.0827627 0.143231 0.174327 0.155696 0.115948 0.0889325 0.0731335 0.0544569 0.0337279 0.0180959 0.00889214 0.00396923 0.00155501 0.000528289 0.000154606 3.80303e-05
 4.15133e-11 1.95258e-09 6.35944e-08 1.43421e-06 2.23973e-05 0.000242195 0.00181354 0.0094038 0.033773 0.0840692 0.145457 0.176869 0.157428 0.116091 0.087597 0.0710802 0.0524623 0.0321893 0.017107 0.00839321 0.00378892 0.00150883 0.000516351 0.000149751 3.61811e-05
 4.0204e-11 1.891e-09 6.15887e-08 1.38898e-06 2.16909e-05 0.000234557 0.00175635 0.00910733 0.0327094 0.0814337 0.140979 0.171808 0.154162 0.116303 0.0909928 0.0757412 0.0564071 0.034648 0.0183649 0.00896414 0.00402326 0.00159664 0.000547372 0.000159792 3.88612e-05
 4.07349e-11 1.91597e-09 6.2402e-08 1.40732e-06 2.19774e-05 0.000237654 0.00177954 0.00922753 0.0331405 0.0825004 0.142781 0.173797 0.15528 0.115763 0.0889618 0.073311 0.0547429 0.0340958 0.0184885 0.00922879 0.00419471 0.0016694 0.000570947 0.000166132 4.03515e-05
 3.94169e-11 1.85398e-09 6.0383e-08 1.36179e-06 2.12663e-05 0.000229965 0.00172197 0.00892909 0.0320699 0.0798472 0.138272 0.168696 0.151973 0.115931 0.0923005 0.0778972 0.0586077 0.0365099 0.0197841 0.0099168 0.00456246 0.00184888 0.00064404 0.00018986 4.63971e-05
 4.1711e-11 1.96188e-09 6.38972e-08 1.44104e-06 2.2504e-05 0.000243349 0.00182218 0.00944854 0.0339333 0.0844641 0.146113 0.177538 0.157613 0.115379 0.0860982 0.0695406 0.0517151 0.032419 0.0178307 0.00906898 0.00420874 0.00171451 0.00060145 0.000179307 4.44319e-05
 4.01904e-11 1.89036e-09 6.15679e-08 1.38851e-06 2.16836e-05 0.000234478 0.00175576 0.00910424 0.0326983 0.0814054 0.140926 0.171725 0.154028 0.116083 0.0906918 0.0754651 0.0562982 0.0347602 0.0186336 0.00927405 0.00427835 0.00175603 0.000623871 0.000188233 4.71238e-05
 4.16748e-11 1.96018e-09 6.38418e-08 1.43979e-06 2.24845e-05 0.000243138 0.0018206 0.00944035 0.0339038 0.084391 0.145987 0.177389 0.157493 0.11532 0.0861011 0.0696026 0.0518349 0.0325709 0.0179607 0.00914006 0.00423093 0.0017177 0.000602538 0.00018082 4.54171e-05
 3.88402e-11 1.82685e-09 5.94994e-08 1.34186e-06 2.09551e-05 0.0002266 0.00169678 0.00879849 0.0316014 0.0786872 0.136306 0.166499 0.150638 0.116252 0.0941161 0.0801905 0.0603174 0.037303 0.0199924 0.00995002 0.00459355 0.00188683 0.000670254 0.000202076 5.06081e-05
#pred catch len freq
 3.16278e-11 1.48762e-09 4.84508e-08 1.09269e-06 1.70639e-05 0.000184522 0.0013817 0.0071648 0.0257349 0.0640931 0.111116 0.136158 0.1246 0.0993117 0.0850209 0.0776284 0.0653054 0.0499493 0.0376508 0.029319 0.0238478 0.0204269 0.0177155 0.0140953 0.00927793
 3.5364e-11 1.66335e-09 5.41744e-08 1.22177e-06 1.90797e-05 0.00020632 0.00154493 0.00801131 0.0287768 0.0716822 0.124362 0.152808 0.141124 0.114868 0.0999289 0.0887002 0.0672529 0.0414999 0.0228567 0.0130181 0.00826797 0.00579854 0.00429394 0.0030738 0.00190479
 3.56802e-11 1.67823e-09 5.46587e-08 1.23269e-06 1.92502e-05 0.000208165 0.00155875 0.00808296 0.0290345 0.0723266 0.125498 0.154289 0.142766 0.116778 0.102291 0.0912878 0.0694608 0.0426685 0.0224752 0.0110379 0.00525448 0.0025202 0.00130911 0.000735423 0.000397233
 3.6329e-11 1.70874e-09 5.56526e-08 1.25511e-06 1.96003e-05 0.00021195 0.00158709 0.00822988 0.0295616 0.0736337 0.127725 0.156834 0.144508 0.116955 0.101057 0.0894819 0.0679185 0.0417067 0.0219483 0.0106629 0.00482423 0.00198537 0.000755935 0.00028295 0.000108074
 3.58397e-11 1.68573e-09 5.4903e-08 1.2382e-06 1.93363e-05 0.000209095 0.00156571 0.00811908 0.0291641 0.0726486 0.126051 0.154937 0.14327 0.116997 0.102275 0.0911929 0.069419 0.0427136 0.0225311 0.010965 0.0049451 0.00199197 0.000703577 0.000218651 6.08281e-05
 3.74291e-11 1.76049e-09 5.73379e-08 1.29311e-06 2.01938e-05 0.000218368 0.00163514 0.00847898 0.0304551 0.075847 0.13148 0.161049 0.147132 0.116513 0.0978282 0.0852738 0.0646162 0.03997 0.0213266 0.0105109 0.00478162 0.00193123 0.000676685 0.000203177 5.15483e-05
 3.80207e-11 1.78831e-09 5.82442e-08 1.31355e-06 2.0513e-05 0.00022182 0.00166099 0.00861299 0.0309363 0.077044 0.133545 0.16353 0.149238 0.117805 0.098299 0.0848437 0.0630801 0.0375511 0.0188369 0.00870398 0.00381 0.00152286 0.000535026 0.000160918 4.03957e-05
 3.73723e-11 1.75782e-09 5.72509e-08 1.29115e-06 2.01632e-05 0.000218037 0.00163266 0.00846618 0.0304097 0.0757394 0.131331 0.161043 0.147682 0.118051 0.100205 0.0873969 0.0652045 0.0387965 0.0193303 0.0087516 0.0036853 0.00139863 0.000466983 0.000135467 3.33805e-05
 3.6763e-11 1.72915e-09 5.63174e-08 1.2701e-06 1.98344e-05 0.000214482 0.00160605 0.00832818 0.0299145 0.0745112 0.129236 0.158637 0.145999 0.117791 0.101269 0.0891397 0.0669917 0.0403017 0.0204345 0.00942572 0.00400547 0.00151003 0.000492327 0.000137504 3.24283e-05
 3.6725e-11 1.72737e-09 5.62593e-08 1.26879e-06 1.9814e-05 0.000214261 0.00160439 0.00831958 0.0298836 0.0744341 0.129101 0.158466 0.145825 0.11762 0.101105 0.0890375 0.0670304 0.040493 0.0207004 0.00966797 0.00417076 0.00159706 0.000527134 0.000147675 3.44712e-05
 3.63422e-11 1.70936e-09 5.56729e-08 1.25556e-06 1.96074e-05 0.000212027 0.00158767 0.00823288 0.0295723 0.0736598 0.127767 0.156867 0.144482 0.116827 0.100859 0.0893541 0.0680048 0.0419869 0.022238 0.0108025 0.00480148 0.00187563 0.000629029 0.000178817 4.22469e-05
 3.52672e-11 1.6588e-09 5.40261e-08 1.21842e-06 1.90275e-05 0.000205756 0.00154071 0.00798948 0.0286994 0.0714989 0.12411 0.152806 0.142107 0.117672 0.104598 0.0939237 0.0712303 0.0432298 0.0222892 0.0105992 0.00471306 0.00188058 0.000650164 0.000190231 4.59783e-05
 3.60144e-11 1.69394e-09 5.51707e-08 1.24424e-06 1.94306e-05 0.000210115 0.00157334 0.00815865 0.0293061 0.0730004 0.126649 0.155616 0.143717 0.116995 0.101871 0.0906444 0.0689795 0.0424525 0.0223676 0.0108231 0.00482009 0.00190376 0.000652624 0.000191594 4.70462e-05
 3.70788e-11 1.74401e-09 5.68013e-08 1.28101e-06 2.00048e-05 0.000216325 0.00161984 0.00839967 0.0301707 0.0751431 0.13029 0.159732 0.146376 0.116829 0.0991119 0.0868343 0.0657189 0.0403885 0.0213142 0.0103837 0.00468343 0.00187776 0.000650963 0.000191829 4.7058e-05
 3.61649e-11 1.70103e-09 5.54013e-08 1.24944e-06 1.95118e-05 0.000210993 0.00157992 0.00819274 0.0294284 0.0733041 0.127168 0.156217 0.144155 0.117107 0.101667 0.0902336 0.0684735 0.0419576 0.0220016 0.0106477 0.00478814 0.00192421 0.000672043 0.000200163 4.9629e-05
 3.71426e-11 1.74701e-09 5.68991e-08 1.28322e-06 2.00393e-05 0.000216697 0.00162263 0.00841414 0.0302228 0.0752738 0.130523 0.16005 0.146769 0.117334 0.0996946 0.0872418 0.0656406 0.0398048 0.0205425 0.00976132 0.00432512 0.00172106 0.000597683 0.000177781 4.42161e-05
 3.56554e-11 1.67706e-09 5.46207e-08 1.23183e-06 1.92369e-05 0.00020802 0.00155766 0.00807736 0.0290146 0.0722798 0.125435 0.154295 0.143038 0.117532 0.103492 0.0924941 0.0701356 0.0426669 0.0220517 0.0104569 0.00459668 0.00180491 0.000617183 0.000181103 4.46249e-05
 3.46788e-11 1.63112e-09 5.31247e-08 1.19809e-06 1.871e-05 0.000202323 0.001515 0.00785621 0.0282212 0.0703122 0.122082 0.15046 0.140406 0.117257 0.105396 0.0954364 0.0729801 0.04489 0.0235901 0.0113875 0.00506519 0.0019966 0.000680733 0.000198088 4.82427e-05
 3.61964e-11 1.70251e-09 5.54495e-08 1.25052e-06 1.95288e-05 0.000211176 0.00158129 0.00819985 0.0294538 0.0733654 0.127262 0.156276 0.14403 0.116653 0.100938 0.0895849 0.0683109 0.0423371 0.0226037 0.0111346 0.00505179 0.00202743 0.000701789 0.000206246 5.03921e-05
 3.59271e-11 1.68984e-09 5.5037e-08 1.24122e-06 1.93835e-05 0.000209606 0.00156953 0.00813889 0.0292353 0.0728255 0.126355 0.155302 0.143576 0.117174 0.102319 0.091092 0.0691512 0.0423303 0.0221739 0.010746 0.00485906 0.00196928 0.000693468 0.000207645 5.15743e-05
 3.58929e-11 1.68823e-09 5.49846e-08 1.24004e-06 1.9365e-05 0.000209406 0.00156804 0.00813114 0.0292075 0.0727569 0.12624 0.15518 0.143524 0.117255 0.102526 0.0913391 0.069333 0.0423926 0.0221254 0.0106354 0.00474818 0.00189736 0.000661584 0.000197896 4.95405e-05
 3.53508e-11 1.66273e-09 5.41541e-08 1.22131e-06 1.90725e-05 0.000206243 0.00154436 0.00800838 0.028767 0.071665 0.124381 0.153062 0.142098 0.117182 0.103699 0.0930742 0.0709383 0.0435667 0.0228782 0.0110599 0.00494625 0.00196937 0.000681003 0.00020154 4.99784e-05
 3.52696e-11 1.65891e-09 5.40297e-08 1.21851e-06 1.90287e-05 0.00020577 0.00154081 0.00799 0.0287011 0.071502 0.124107 0.152763 0.141943 0.117299 0.104057 0.0934774 0.0711806 0.0435998 0.022806 0.0109934 0.00491848 0.00196407 0.000680979 0.000201478 4.97597e-05
 3.47682e-11 1.63533e-09 5.32616e-08 1.20118e-06 1.87582e-05 0.000202844 0.00151891 0.00787645 0.0282937 0.0704913 0.122382 0.15078 0.140546 0.117058 0.104891 0.0948737 0.0726355 0.0448469 0.0237351 0.0115715 0.00520795 0.00208189 0.00072154 0.000213546 5.27902e-05
 3.59687e-11 1.6918e-09 5.51007e-08 1.24266e-06 1.94059e-05 0.000209848 0.00157135 0.00814828 0.0292686 0.072905 0.126469 0.155329 0.143244 0.116209 0.100829 0.0897956 0.068873 0.0431737 0.0234671 0.0117872 0.00543174 0.00220712 0.000773402 0.00023038 5.7121e-05
 3.51912e-11 1.65523e-09 5.39096e-08 1.2158e-06 1.89864e-05 0.000205312 0.00153739 0.00797224 0.0286373 0.071343 0.12383 0.15242 0.141617 0.117021 0.103822 0.0933373 0.07123 0.0438697 0.0232185 0.0114197 0.00525415 0.0021695 0.00077822 0.000236924 5.97059e-05
 3.48225e-11 1.63788e-09 5.33448e-08 1.20306e-06 1.87875e-05 0.000203161 0.00152128 0.00788872 0.0283375 0.0705971 0.122544 0.150876 0.140313 0.116236 0.103569 0.0936717 0.0722714 0.045442 0.0247663 0.0124679 0.00576067 0.00235607 0.000837568 0.000255304 6.50945e-05
 3.42369e-11 1.61034e-09 5.24478e-08 1.18283e-06 1.84716e-05 0.000199745 0.0014957 0.00775614 0.0278618 0.0694189 0.120544 0.148626 0.138895 0.116421 0.105199 0.095793 0.0739127 0.0463099 0.025157 0.0127116 0.00595571 0.00248274 0.000896064 0.000274782 7.00314e-05
#obs catch len freq
 3.64431e-11 1.71411e-09 5.58273e-08 1.25905e-06 1.96618e-05 0.000212615 0.00159207 0.00825567 0.0296539 0.0738584 0.128082 0.157117 0.144281 0.115807 0.0991204 0.0876832 0.067322 0.0425094 0.0234094 0.0119522 0.00560979 0.00233455 0.000846283 0.000263806 6.9112e-05
 3.42687e-11 1.61183e-09 5.24964e-08 1.18393e-06 1.84887e-05 0.00019993 0.00149709 0.00776334 0.027888 0.0694856 0.120672 0.148843 0.139281 0.117094 0.106112 0.0965571 0.0740498 0.0457332 0.0242337 0.0118763 0.00540803 0.00220296 0.000782935 0.000238874 6.12055e-05
 3.68398e-11 1.73277e-09 5.6435e-08 1.27275e-06 1.98759e-05 0.00021493 0.0016094 0.00834551 0.0299762 0.0746572 0.12944 0.158657 0.145292 0.115797 0.0981959 0.0864347 0.0663313 0.041933 0.0230521 0.0116277 0.00530635 0.00211389 0.000726607 0.000214577 5.34987e-05
 3.55978e-11 1.67435e-09 5.45324e-08 1.22984e-06 1.92058e-05 0.000207684 0.00155515 0.0080643 0.0289678 0.072162 0.125225 0.154014 0.142704 0.117118 0.103015 0.092133 0.0701273 0.0430602 0.0226542 0.0110208 0.00498438 0.00200949 0.00070005 0.000206736 5.07363e-05
 3.77509e-11 1.77562e-09 5.78307e-08 1.30423e-06 2.03674e-05 0.000220245 0.0016492 0.00855183 0.0307165 0.0764937 0.132573 0.162259 0.147826 0.116225 0.0966695 0.0839053 0.0637254 0.0397193 0.021394 0.0105664 0.0047467 0.00186994 0.000636288 0.00018561 4.54754e-05
 3.53273e-11 1.66163e-09 5.4118e-08 1.2205e-06 1.90599e-05 0.000206106 0.00154333 0.00800306 0.0287482 0.071619 0.12431 0.153014 0.142177 0.117488 0.104197 0.0935233 0.0710659 0.0433343 0.0224947 0.0107423 0.00476087 0.0018803 0.000642234 0.000186423 4.50905e-05
 3.93e-11 1.84848e-09 6.02038e-08 1.35775e-06 2.12032e-05 0.000229283 0.00171686 0.00890262 0.031975 0.0796133 0.137882 0.168294 0.151841 0.116308 0.0931436 0.0788277 0.0591827 0.0365658 0.0194685 0.00947968 0.00419313 0.0016226 0.000540552 0.000154125 3.69449e-05
 3.63495e-11 1.7097e-09 5.56839e-08 1.25581e-06 1.96114e-05 0.00021207 0.00158798 0.00823456 0.029579 0.0736809 0.127836 0.157106 0.145184 0.118331 0.103011 0.0911344 0.0682275 0.0405316 0.0201412 0.00913464 0.00388351 0.00149088 0.000498076 0.000141602 3.35363e-05
 3.84404e-11 1.80805e-09 5.8887e-08 1.32805e-06 2.07394e-05 0.000224268 0.00167932 0.00870798 0.0312769 0.0778842 0.13495 0.165009 0.149822 0.116727 0.0957905 0.0822743 0.0619186 0.0380254 0.0199573 0.00949782 0.00407255 0.00151475 0.000482412 0.000131805 3.05223e-05
 3.57972e-11 1.68373e-09 5.4838e-08 1.23674e-06 1.93134e-05 0.000208848 0.00156386 0.0081095 0.0291301 0.0725668 0.12593 0.154889 0.143539 0.117834 0.1036 0.0924048 0.069814 0.0421559 0.0215077 0.0100283 0.00432296 0.00165147 0.00054067 0.000149008 3.39901e-05
 3.79715e-11 1.786e-09 5.81687e-08 1.31185e-06 2.04865e-05 0.000221532 0.00165883 0.00860179 0.0308958 0.0769383 0.133332 0.163131 0.148437 0.116326 0.0963077 0.0833331 0.0631809 0.0392861 0.0210458 0.0102774 0.00452492 0.00172698 0.000562341 0.000155477 3.58945e-05
 3.64152e-11 1.7128e-09 5.57847e-08 1.25809e-06 1.96468e-05 0.000212453 0.00159085 0.00824942 0.0296321 0.0738101 0.128039 0.157256 0.145012 0.11758 0.101768 0.0899955 0.0678776 0.041085 0.0210978 0.00994786 0.00435693 0.00169926 0.000570249 0.000161277 3.76496e-05
 3.68453e-11 1.73303e-09 5.64435e-08 1.27295e-06 1.98789e-05 0.000214962 0.00160964 0.0083468 0.0299811 0.0746729 0.12949 0.158824 0.14578 0.116843 0.0997069 0.0877277 0.0665972 0.041047 0.0216514 0.0104166 0.00455447 0.00174248 0.000573292 0.000161145 3.7976e-05
 3.75305e-11 1.76525e-09 5.74932e-08 1.29662e-06 2.02485e-05 0.00021896 0.00163957 0.00850196 0.0305378 0.0760531 0.13184 0.161504 0.14759 0.116951 0.0982364 0.0855161 0.0645005 0.0394784 0.0206651 0.00991853 0.00437055 0.00169605 0.00056437 0.000158858 3.71718e-05
 3.64492e-11 1.7144e-09 5.58368e-08 1.25926e-06 1.96652e-05 0.000212652 0.00159234 0.00825712 0.0296596 0.0738776 0.128149 0.157358 0.145001 0.117365 0.101388 0.0896574 0.067806 0.0412891 0.0213753 0.0101203 0.00440879 0.0016995 0.00056507 0.000159831 3.76799e-05
 3.81315e-11 1.79352e-09 5.84139e-08 1.31738e-06 2.05728e-05 0.000222466 0.00166582 0.00863805 0.031026 0.0772628 0.133895 0.163824 0.149078 0.116832 0.0966548 0.0833831 0.0627493 0.0384365 0.020137 0.00963759 0.00420921 0.0016126 0.0005305 0.000148549 3.48084e-05
 3.77217e-11 1.77425e-09 5.7786e-08 1.30322e-06 2.03517e-05 0.000220075 0.00164792 0.00854525 0.0306933 0.07644 0.132509 0.162311 0.148287 0.117405 0.0984446 0.0854318 0.0640296 0.0386815 0.0198147 0.00928002 0.00401315 0.00153977 0.000509168 0.00014288 3.33788e-05
 3.32129e-11 1.56217e-09 5.08789e-08 1.14745e-06 1.79191e-05 0.00019377 0.00145097 0.00752428 0.0270306 0.0673632 0.11708 0.144853 0.136945 0.117929 0.109841 0.101236 0.0775853 0.0473614 0.0244603 0.0114963 0.00494257 0.0018703 0.000609042 0.000169116 3.93485e-05
 3.73437e-11 1.75647e-09 5.72069e-08 1.29016e-06 2.01477e-05 0.00021787 0.00163141 0.00845959 0.0303852 0.0756685 0.131143 0.160509 0.14624 0.115037 0.0959227 0.083873 0.0647959 0.0417469 0.0235708 0.0121295 0.005538 0.00215778 0.000709705 0.000196754 4.54116e-05
 3.4979e-11 1.64524e-09 5.35845e-08 1.20847e-06 1.8872e-05 0.000204074 0.00152812 0.0079242 0.0284653 0.0709175 0.123116 0.151654 0.141262 0.117438 0.104924 0.0945485 0.0719275 0.0439065 0.0229121 0.0111157 0.00506935 0.00207349 0.000728993 0.000213962 5.11753e-05
 3.5626e-11 1.67568e-09 5.45757e-08 1.23082e-06 1.9221e-05 0.000207849 0.00155638 0.00807068 0.0289904 0.0722156 0.125299 0.154015 0.142424 0.116347 0.10186 0.0912021 0.0700899 0.0439225 0.0237476 0.0117433 0.00526346 0.00206656 0.000702919 0.000205857 5.06587e-05
 3.61955e-11 1.70246e-09 5.54481e-08 1.25049e-06 1.95283e-05 0.000211171 0.00158125 0.00819964 0.0294531 0.0733632 0.127256 0.15626 0.143988 0.116566 0.100817 0.0894895 0.068311 0.042438 0.0227381 0.0112325 0.00509337 0.00203304 0.000696592 0.000202165 4.88652e-05
 3.47518e-11 1.63456e-09 5.32364e-08 1.20062e-06 1.87493e-05 0.000202748 0.00151819 0.00787272 0.0282803 0.0704571 0.122318 0.15068 0.140388 0.116804 0.104568 0.0946373 0.0726672 0.0451504 0.0241197 0.0118525 0.00534324 0.00212545 0.000729557 0.000213126 5.18534e-05
 3.51964e-11 1.65547e-09 5.39176e-08 1.21598e-06 1.89893e-05 0.000205343 0.00153761 0.00797339 0.0286413 0.0713495 0.123821 0.152312 0.141214 0.116109 0.102516 0.09231 0.0712334 0.0449206 0.0245615 0.0123441 0.00563519 0.00224782 0.000769712 0.000224129 5.44624e-05
 3.3878e-11 1.59346e-09 5.18979e-08 1.17043e-06 1.82779e-05 0.000197651 0.00148002 0.00767485 0.0275703 0.0686954 0.11931 0.147211 0.137911 0.116288 0.105869 0.0968986 0.075077 0.0472983 0.0258319 0.0130337 0.00602188 0.00244566 0.0008529 0.000251596 6.15083e-05
 3.61554e-11 1.70058e-09 5.53867e-08 1.24911e-06 1.95067e-05 0.000210938 0.0015795 0.00819054 0.0294201 0.0732785 0.127091 0.155973 0.143457 0.115622 0.09954 0.0884597 0.0682139 0.0433486 0.0240547 0.0123214 0.00574352 0.00234514 0.000823688 0.000245738 6.09198e-05
 3.44301e-11 1.61943e-09 5.27437e-08 1.1895e-06 1.85758e-05 0.000200872 0.00150414 0.00779988 0.0280189 0.0698083 0.121208 0.149392 0.139439 0.116528 0.104907 0.095307 0.0734227 0.0458918 0.0248117 0.0124395 0.00576601 0.00237249 0.000843955 0.000254817 6.38196e-05
 3.61415e-11 1.69992e-09 5.53654e-08 1.24863e-06 1.94991e-05 0.000210856 0.00157889 0.00818738 0.0294088 0.0732501 0.127041 0.155907 0.143383 0.11554 0.0994592 0.0884243 0.0682724 0.0434858 0.0241915 0.012397 0.00576359 0.00234529 0.000823697 0.00024737 6.21597e-05
#spawning biomass
 31443.3 21644.6 21529.5 22405 26274.9 31048.4 31243 33656.2 36475.1 37893.5 49453.7 48788.6 48005.6 54322.6 69151.2 68783.2 80241.9 81035.4 78597.6 84934 86434.9 90484.5 84242.1 83930 93195.1 103277 124493 134443 133607 220771 151549 94365.7 60052.2 41967.6 33119.6 28985.5 27110.4 26276.5 25910.5 25751.3 25682.5 25652.8 25640.1 25634.7 25632.3 25631.4 25630.9 25630.8 25630.7 25630.6 25630.6 25630.6 25630.6 25630.6 25630.6 25630.6 25630.6 25630.6 25630.6 25630.6 25630.6 25630.6 25630.6 25630.6 25630.6 25630.6 25630.6 25630.6 25630.6 25630.6 25630.6 25630.6 25630.6 25630.6 25630.6 25630.6 25630.6 25630.6 25630.6 25630.6 25630.6 25630.6 25630.6 25630.6 25630.6 25630.6 25630.6 25630.6 25630.6 25630.6 25630.6 25630.6 25630.6 25630.6 25630.6 25630.6 25630.6 25630.6 25630.6 25630.6 25630.6 25630.6 25630.6 25630.6 25630.6 25630.6 25630.6 25630.6 25630.6 25630.6 25630.6 25630.6 25630.6 25630.6 25630.6 25630.6 25630.6 25630.6 25630.6 25630.6 25630.6 25630.6 25630.6 25630.6 25630.6 25630.6 25630.6 25630.6 0 0 0 0 0 0 0 0 0 0 0 0 0 0 0 0 0 0 0 0 0 0 0 0 0
