SBPRF35
0.256306
Curr Bio
113241
B35
198427
F35
0.485782
FOFL
0.21074
OFL
18515
Bzero
73230.3
#pred survey bio
 54799.4 41013 37943.8 44802.7 47864.6 53752.3 59889.2 74141.6 78881.2 79135.9 70754.3 73344.7 88476.8 101820 110739 114353 120949 131414 152224 149007 154896 169069 190736 205539 225070 219684 209524 194207 6.0282e+06 3.87959e+06 2.86263e+06 1.96515e+06 1.40493e+06 1.0956e+06 933626 850030 806388 782930 769817 762172 757540 754640 752779 751559 750757 750225 749869 749630 749470 749361 749288 749239 749206 749183 749168 749158 749151 749146 749143 749141 749139 749138 749137 749137 749137 749136 749136 749136 749136 749136 749136 749136 749136 749136 749136 749136 749136 749136 749136 749136 749136 749136 749136 749136 749136 749136 749136 749136 749136 749136 749136 749136 749136 749136 749136 749136 749136 749136 749136 749136 749136 749136 749136 749136 749136 749136 749136 749136 749136 749136 749136 749136 749136 749136 749136 749136 749136 749136 749136 749136 749136 749136 749136 749136 749136 749136 749136 749136 0 0 0 0 0 0 0 0 0 0 0 0 0 0 0 0 0 0 0 0 0 0 0 0 0
#obs survey bio
 48800.6 37523.2 35847.6 39760.9 56262.8 44506 59947.5 90286.2 74256.7 96028.9 58986.1 61237 93593.4 153234 124913 106159 126330 178889 172015 154816 200230 178430 209880 207803 180241 208528 213746 164547
#pred catch bio
 34138.3 25065 20278.6 25248.4 26318.9 31237.2 31566.2 42333.6 45930.9 49596.9 43041.1 42011.2 50032.8 57566.7 64942 68364.9 69254.3 68531.4 89301.1 83166.3 85818.8 91068.2 103886 108859 125223 122824 120241 122295 18515 54605.4 39757 25605.6 17177 12821.2 10735.7 9782.76 9360.31 9176.72 9098.01 9064.56 9050.44 9044.5 9042.01 9040.97 9040.53 9040.35 9040.28 9040.25 9040.23 9040.23 9040.23 9040.23 9040.22 9040.22 9040.22 9040.22 9040.22 9040.22 9040.22 9040.22 9040.22 9040.22 9040.22 9040.22 9040.22 9040.22 9040.22 9040.22 9040.22 9040.22 9040.22 9040.22 9040.22 9040.22 9040.22 9040.22 9040.22 9040.22 9040.22 9040.22 9040.22 9040.22 9040.22 9040.22 9040.22 9040.22 9040.22 9040.22 9040.22 9040.22 9040.22 9040.22 9040.22 9040.22 9040.22 9040.22 9040.22 9040.22 9040.22 9040.22 9040.22 9040.22 9040.22 9040.22 9040.22 9040.22 9040.22 9040.22 9040.22 9040.22 9040.22 9040.22 9040.22 9040.22 9040.22 9040.22 9040.22 9040.22 9040.22 9040.22 9040.22 9040.22 9040.22 9040.22 9040.22 9040.22 9040.22 9040.22 0 0 0 0 0 0 0 0 0 0 0 0 0 0 0 0 0 0 0 0 0 0 0 0 0
#obs catch bio
 19099.4 24036.2 20258.9 25612.6 23917.5 32783.3 32309.7 40880 43172.7 48808 43558.8 44517.8 49201.2 54975.3 63508.5 68973.8 72484.1 65882.3 87977.9 81480.2 83284.6 90988 101082 105296 126236 128608 120021 123538
#pred cpue bio
 43059.1 28095.7 25368.6 29843.3 32169.5 35902.4 38915.1 49112.5 52739.9 53341.6 47210 47497.7 56674.7 66893.9 73975 75929.9 78732 87295.8 103528 100563 105525 113362 128640 140058 154430 153149 146485 134995 3.99535e+06 3.57862e+06 2.74049e+06 1.85068e+06 1.29072e+06 981392 819418 735822 692180 668722 655609 647964 643331 640432 638571 637351 636549 636016 635661 635422 635261 635153 635080 635031 634997 634975 634960 634949 634942 634938 634934 634932 634931 634930 634929 634929 634928 634928 634928 634928 634928 634928 634928 634928 634928 634928 634928 634928 634928 634928 634928 634928 634928 634928 634928 634928 634928 634928 634928 634928 634928 634928 634928 634928 634928 634928 634928 634928 634928 634928 634928 634928 634928 634928 634928 634928 634928 634928 634928 634928 634928 634928 634928 634928 634928 634928 634928 634928 634928 634928 634928 634928 634928 634928 634928 634928 634928 634928 634928 634928 0 0 0 0 0 0 0 0 0 0 0 0 0 0 0 0 0 0 0 0 0 0 0 0 0
#obs cpue bio
 27055 45316.2 22331.5 33754.9 48605.8 27056.4 34008.5 59924.6 68800.8 46703.6 47598.9 41238.7 67511.1 57536.2 67086.6 75290.1 58189.6 85731.5 100713 99217.2 95673.2 99928.4 139223 159087 169851 125188 165609 149750
#pred surv len freq
 3.68402e-11 1.73279e-09 5.64358e-08 1.27277e-06 1.98761e-05 0.000214932 0.0016094 0.00834518 0.0299702 0.0745968 0.129023 0.156676 0.13881 0.101178 0.075642 0.0632128 0.0519043 0.0399705 0.0306682 0.0243456 0.0201769 0.0175823 0.0154515 0.0123989 0.00820202
 4.18405e-11 1.96798e-09 6.40958e-08 1.44552e-06 2.25739e-05 0.000244104 0.00182784 0.00947787 0.0340381 0.0847225 0.14654 0.177959 0.157665 0.114699 0.0845445 0.0672538 0.0490292 0.0299294 0.0163876 0.00923458 0.00579316 0.00405046 0.00302372 0.00218852 0.00136759
 4.2048e-11 1.97773e-09 6.44136e-08 1.45269e-06 2.26858e-05 0.000245315 0.0018369 0.00952491 0.0342076 0.0851493 0.147312 0.179059 0.159161 0.116881 0.0874644 0.0701823 0.0508767 0.0301385 0.0151172 0.00698732 0.00312728 0.00141229 0.000699114 0.000384795 0.000207782
 4.24181e-11 1.99514e-09 6.49805e-08 1.46547e-06 2.28855e-05 0.000247474 0.00185307 0.00960869 0.0345079 0.0858909 0.148555 0.180381 0.159731 0.116051 0.0854243 0.0680637 0.0499011 0.0305384 0.0161218 0.00775773 0.00338264 0.00130067 0.000451509 0.000153474 5.46853e-05
 4.17306e-11 1.96281e-09 6.39274e-08 1.44172e-06 2.25146e-05 0.000243463 0.00182304 0.00945304 0.0339497 0.0845092 0.146218 0.177791 0.158234 0.116638 0.0878806 0.0710333 0.0519584 0.0312857 0.0161147 0.0076233 0.00333528 0.00129478 0.000434105 0.000125385 3.17628e-05
 4.22389e-11 1.98672e-09 6.47061e-08 1.45928e-06 2.27888e-05 0.000246429 0.00184524 0.00956812 0.0343623 0.0855304 0.147943 0.179694 0.159303 0.116119 0.0859403 0.0687301 0.0504143 0.0308096 0.0162492 0.00784506 0.0034507 0.00133009 0.000440827 0.000124743 2.97203e-05
 4.36799e-11 2.05449e-09 6.69135e-08 1.50907e-06 2.35662e-05 0.000254835 0.00190819 0.00989443 0.0355331 0.0884335 0.152889 0.185344 0.163159 0.11646 0.0830299 0.0642817 0.0461492 0.0275322 0.0140539 0.00658516 0.00286062 0.00110649 0.000369644 0.000104848 2.47648e-05
 4.2562e-11 2.00191e-09 6.5201e-08 1.47044e-06 2.29631e-05 0.000248313 0.00185935 0.00964129 0.034625 0.0861831 0.149065 0.181021 0.160364 0.11663 0.0859188 0.0682671 0.0495527 0.029684 0.0151625 0.00706751 0.00302847 0.00114879 0.000376782 0.000105717 2.4896e-05
 4.19913e-11 1.97507e-09 6.43268e-08 1.45073e-06 2.26552e-05 0.000244984 0.00183443 0.00951208 0.0341615 0.0850347 0.147114 0.17882 0.158953 0.116749 0.0874367 0.0703294 0.0512755 0.0307325 0.0156812 0.00729496 0.00311607 0.00117494 0.000381258 0.00010536 2.44005e-05
 4.15166e-11 1.95274e-09 6.35996e-08 1.43433e-06 2.23991e-05 0.000242215 0.00181369 0.00940458 0.0337758 0.0840787 0.145487 0.176971 0.157724 0.116729 0.0885274 0.0719019 0.0526891 0.0317178 0.0162759 0.00761393 0.00326176 0.00122945 0.000397741 0.00010931 2.51067e-05
 4.20289e-11 1.97684e-09 6.43844e-08 1.45203e-06 2.26755e-05 0.000245204 0.00183607 0.0095206 0.0341922 0.0851115 0.147251 0.179004 0.159174 0.117024 0.0877446 0.0705338 0.0512108 0.0303963 0.0152567 0.00696685 0.00293583 0.00109846 0.000354419 9.7234e-05 2.22725e-05
 4.37795e-11 2.05918e-09 6.70661e-08 1.51251e-06 2.362e-05 0.000255417 0.00191254 0.00991699 0.0356141 0.088635 0.153237 0.185761 0.163511 0.116675 0.0831165 0.0642504 0.0459786 0.0272254 0.0136779 0.00623615 0.00260643 0.000960873 0.00030463 8.2316e-05 1.86676e-05
 4.43114e-11 2.0842e-09 6.7881e-08 1.53088e-06 2.3907e-05 0.00025852 0.00193577 0.0100374 0.0360463 0.0897066 0.155062 0.187847 0.164934 0.116802 0.0820442 0.0626112 0.0444074 0.026018 0.0128675 0.00576848 0.00238482 0.00087512 0.000276465 7.41904e-05 1.66396e-05
 4.28422e-11 2.01509e-09 6.56303e-08 1.48013e-06 2.31143e-05 0.000249948 0.0018716 0.00970477 0.0348529 0.08675 0.150042 0.182192 0.161346 0.117208 0.0860988 0.0680468 0.0488684 0.0286265 0.0140563 0.00622688 0.0025384 0.000917834 0.000285849 7.58055e-05 1.68535e-05
 4.20141e-11 1.97614e-09 6.43617e-08 1.45152e-06 2.26675e-05 0.000245117 0.00183542 0.00951724 0.03418 0.0850807 0.147193 0.178915 0.159033 0.116801 0.0874666 0.0703512 0.0512891 0.0307191 0.0156185 0.007188 0.00300308 0.00109304 0.00033848 8.87076e-05 1.94549e-05
 4.24168e-11 1.99509e-09 6.49787e-08 1.46543e-06 2.28848e-05 0.000247467 0.00185302 0.00960843 0.0345071 0.085891 0.148568 0.180459 0.159999 0.116647 0.0862873 0.0687833 0.0500058 0.0299863 0.0153299 0.00714057 0.00304327 0.00113747 0.000362275 9.70316e-05 2.15001e-05
 4.34893e-11 2.04553e-09 6.66216e-08 1.50248e-06 2.34634e-05 0.000253724 0.00189986 0.00985128 0.0353784 0.088051 0.152245 0.184643 0.162797 0.116743 0.0838948 0.0652912 0.0468223 0.0277141 0.0139157 0.00636124 0.00268183 0.00100261 0.000322598 8.79675e-05 1.99257e-05
 4.2261e-11 1.98775e-09 6.47398e-08 1.46004e-06 2.28007e-05 0.000246557 0.00184621 0.00957314 0.0343807 0.085579 0.148047 0.179915 0.159798 0.117087 0.0872922 0.0698443 0.0505587 0.0298969 0.0149053 0.00673554 0.00280083 0.0010321 0.000327856 8.87438e-05 2.01177e-05
 4.11309e-11 1.9346e-09 6.30086e-08 1.421e-06 2.2191e-05 0.000239964 0.00179684 0.00931721 0.0334622 0.0832994 0.144149 0.175391 0.156475 0.116161 0.088623 0.0725375 0.0537869 0.0330907 0.017545 0.00846513 0.00367591 0.00137812 0.000438125 0.000117751 2.644e-05
 4.15485e-11 1.95425e-09 6.36485e-08 1.43543e-06 2.24163e-05 0.000242401 0.00181509 0.0094118 0.0338016 0.0841416 0.145587 0.177051 0.157664 0.116412 0.0879834 0.0713706 0.052457 0.0318649 0.0166462 0.00799715 0.00353632 0.0013776 0.000458326 0.000127878 2.93361e-05
 4.10055e-11 1.9287e-09 6.28166e-08 1.41667e-06 2.21234e-05 0.000239233 0.00179137 0.00928883 0.0333604 0.0830476 0.143724 0.174923 0.156216 0.116296 0.0890995 0.0730684 0.0540784 0.0330978 0.0174525 0.0084423 0.00373697 0.00145525 0.000487588 0.000138782 3.2826e-05
 4.20952e-11 1.97996e-09 6.44859e-08 1.45432e-06 2.27112e-05 0.00024559 0.00183896 0.00953556 0.0342455 0.0852399 0.147444 0.1791 0.158821 0.11587 0.0859128 0.0688849 0.0507431 0.0312753 0.016742 0.00824467 0.00370509 0.00145904 0.000492755 0.000141115 3.36275e-05
 4.16552e-11 1.95926e-09 6.38119e-08 1.43912e-06 2.24739e-05 0.000243023 0.00181975 0.00943595 0.0338882 0.0843555 0.145947 0.177438 0.157847 0.11621 0.0874358 0.0707516 0.052069 0.0317965 0.0167729 0.0081632 0.00366539 0.00145759 0.000499769 0.000145304 3.50551e-05
 4.10351e-11 1.93009e-09 6.28619e-08 1.41769e-06 2.21393e-05 0.000239405 0.00179266 0.00929552 0.0333844 0.0831066 0.143821 0.17502 0.156233 0.116165 0.0888372 0.0727971 0.0539387 0.0331283 0.0175821 0.00858087 0.00383825 0.00151397 0.0005157 0.000149913 3.64155e-05
 4.07391e-11 1.91617e-09 6.24085e-08 1.40747e-06 2.19796e-05 0.000237679 0.00177973 0.00922848 0.0331437 0.0825085 0.142794 0.173805 0.155265 0.115706 0.0888688 0.0732245 0.0547134 0.0341339 0.0185609 0.00929513 0.00423669 0.00168907 0.000577772 0.000167841 4.06517e-05
 3.9621e-11 1.86358e-09 6.06956e-08 1.36884e-06 2.13764e-05 0.000231156 0.00173089 0.0089753 0.0322355 0.0802585 0.138974 0.169504 0.152543 0.116034 0.091969 0.0773383 0.0580229 0.0360036 0.0193998 0.00967047 0.0044347 0.0017956 0.000625964 0.000184813 4.52283e-05
 3.95786e-11 1.86159e-09 6.06307e-08 1.36737e-06 2.13535e-05 0.000230908 0.00172903 0.00896569 0.0322009 0.0801709 0.138813 0.169265 0.152194 0.115505 0.0913079 0.076854 0.0580777 0.0366095 0.0201846 0.0102673 0.00475218 0.00192708 0.000673 0.00020012 4.95767e-05
 3.99254e-11 1.8779e-09 6.1162e-08 1.37936e-06 2.15406e-05 0.000232932 0.00174418 0.00904423 0.0324827 0.08087 0.140006 0.170639 0.153165 0.115679 0.0907326 0.0758656 0.0570113 0.0356733 0.0195063 0.0098937 0.00461117 0.00189622 0.000671955 0.00020194 5.03717e-05
#obs surv len freq
 4.19052e-11 1.97102e-09 6.41948e-08 1.44776e-06 2.26088e-05 0.000244482 0.00183066 0.00949254 0.0340912 0.0848568 0.146789 0.178342 0.15827 0.115727 0.0861419 0.0693072 0.0511964 0.0316911 0.0171063 0.00854749 0.00393414 0.00161002 0.000575549 0.000177398 4.59989e-05
 4.16048e-11 1.95689e-09 6.37347e-08 1.43738e-06 2.24467e-05 0.000242729 0.00181754 0.00942455 0.0338476 0.0842561 0.145788 0.177308 0.157933 0.116685 0.0882396 0.0714887 0.0522903 0.031434 0.0161628 0.00766387 0.00339372 0.00135178 0.000470866 0.000141036 3.55602e-05
 4.1612e-11 1.95723e-09 6.37456e-08 1.43762e-06 2.24506e-05 0.000242771 0.00181786 0.00942615 0.0338532 0.0842682 0.145797 0.177262 0.157713 0.116164 0.0874834 0.0708893 0.0522842 0.0320303 0.0169253 0.00818509 0.0036061 0.00139488 0.000466421 0.000134235 3.27161e-05
 4.26621e-11 2.00662e-09 6.53543e-08 1.47391e-06 2.30171e-05 0.000248898 0.00186373 0.00966395 0.0347063 0.0863826 0.149393 0.18134 0.16039 0.116118 0.0849337 0.0672778 0.0490961 0.0298909 0.0157264 0.00761688 0.0033904 0.00133025 0.00044827 0.000128026 3.04772e-05
 4.11467e-11 1.93534e-09 6.30328e-08 1.42155e-06 2.21995e-05 0.000240057 0.00179753 0.00932081 0.0334755 0.0833339 0.144221 0.175538 0.156791 0.116763 0.0894396 0.0731479 0.0537192 0.0323471 0.016628 0.00784369 0.00342654 0.00133348 0.000449531 0.000129102 3.08988e-05
 4.35657e-11 2.04912e-09 6.67384e-08 1.50512e-06 2.35046e-05 0.000254169 0.0019032 0.00986854 0.0354402 0.0882013 0.152483 0.184829 0.162635 0.115953 0.0825737 0.0640777 0.046446 0.0282908 0.0149074 0.00719283 0.00316043 0.00121621 0.000402354 0.00011365 2.69475e-05
 4.04059e-11 1.9005e-09 6.1898e-08 1.39596e-06 2.17999e-05 0.000235735 0.00176517 0.00915308 0.0328739 0.0818445 0.141699 0.172731 0.155127 0.117288 0.0919437 0.0762655 0.0560073 0.0333435 0.0167824 0.00773321 0.00332371 0.00128113 0.00042789 0.000121338 2.86123e-05
 4.42275e-11 2.08025e-09 6.77523e-08 1.52799e-06 2.38617e-05 0.00025803 0.00193211 0.0100184 0.0359777 0.0895327 0.154741 0.187364 0.16421 0.115681 0.080626 0.0615501 0.0444768 0.0272612 0.0145193 0.00705487 0.00308859 0.00117221 0.000380585 0.000105588 2.46696e-05
 4.06382e-11 1.91142e-09 6.22538e-08 1.40398e-06 2.19252e-05 0.00023709 0.00177532 0.00920569 0.0330628 0.0823145 0.14251 0.173706 0.155956 0.1178 0.0921336 0.0760959 0.0553928 0.032377 0.0157954 0.00702738 0.00295218 0.00112832 0.000375454 0.00010573 2.46298e-05
 4.29234e-11 2.01891e-09 6.57546e-08 1.48293e-06 2.31581e-05 0.000250422 0.00187514 0.00972312 0.0349185 0.0869083 0.150284 0.18234 0.161011 0.116013 0.0841891 0.0663619 0.0484742 0.0296504 0.015632 0.00746933 0.0031977 0.00118076 0.000372348 0.000100814 2.31734e-05
 4.09233e-11 1.92484e-09 6.26906e-08 1.41383e-06 2.2079e-05 0.000238754 0.00178778 0.00927024 0.0332942 0.0828858 0.143468 0.174724 0.156395 0.117155 0.0905316 0.0743689 0.0544503 0.0324326 0.016364 0.00756281 0.00325225 0.00124635 0.000409672 0.000112995 2.56858e-05
 4.46455e-11 2.09991e-09 6.83927e-08 1.54243e-06 2.40872e-05 0.000260469 0.00195037 0.0101131 0.0363175 0.0903762 0.156185 0.189046 0.165467 0.116085 0.0802225 0.0606289 0.0432957 0.0260251 0.0134608 0.00634757 0.00272502 0.00102473 0.000331076 9.12773e-05 2.10794e-05
 4.22891e-11 1.98907e-09 6.47829e-08 1.46102e-06 2.28159e-05 0.000246721 0.00184744 0.00957952 0.0344038 0.0856374 0.148155 0.18008 0.16005 0.117481 0.0877871 0.0701952 0.0504852 0.029404 0.0143025 0.00631275 0.00260914 0.000974552 0.00031652 8.73802e-05 2.00778e-05
 4.24792e-11 1.99802e-09 6.5074e-08 1.46758e-06 2.29184e-05 0.00024783 0.00185574 0.00962254 0.0345579 0.0860163 0.148781 0.180697 0.160145 0.116619 0.08611 0.0685788 0.0498903 0.0299657 0.0153194 0.00708353 0.00296267 0.00107806 0.000335413 8.92711e-05 2.01065e-05
 4.16501e-11 1.95902e-09 6.3804e-08 1.43894e-06 2.24711e-05 0.000242993 0.00181952 0.0094348 0.0338844 0.0843471 0.145942 0.17748 0.158035 0.116659 0.0881095 0.0713628 0.0522688 0.0315054 0.0162176 0.00762234 0.00327975 0.00123702 0.000397065 0.000107 2.38501e-05
 4.29756e-11 2.02136e-09 6.58345e-08 1.48473e-06 2.31862e-05 0.000250726 0.00187742 0.00973493 0.034961 0.087015 0.150475 0.182601 0.161334 0.116426 0.0846475 0.0666281 0.0482806 0.0290359 0.0149567 0.00704416 0.00304331 0.00115797 0.000377836 0.00010425 2.3838e-05
 4.18958e-11 1.97058e-09 6.41805e-08 1.44743e-06 2.26037e-05 0.000244427 0.00183026 0.00949046 0.0340841 0.0848432 0.146793 0.178476 0.1588 0.116951 0.0879507 0.0708829 0.0515734 0.0307112 0.0155055 0.00714182 0.0030411 0.00115154 0.00037645 0.000104582 2.41931e-05
 4.0051e-11 1.8838e-09 6.13543e-08 1.38369e-06 2.16084e-05 0.000233664 0.00174967 0.00907268 0.0325852 0.0811265 0.140461 0.171245 0.153873 0.116536 0.0917074 0.0766019 0.0570333 0.0348841 0.0182894 0.00873845 0.00378859 0.00143216 0.000462983 0.000127259 2.92943e-05
 4.24886e-11 1.99846e-09 6.50885e-08 1.46791e-06 2.29235e-05 0.000247885 0.00185615 0.00962465 0.0345652 0.0860317 0.148788 0.180617 0.159789 0.115776 0.0848506 0.067458 0.0495743 0.0305917 0.0164206 0.00810025 0.00363239 0.00141881 0.000471638 0.00013188 3.05019e-05
 4.04648e-11 1.90327e-09 6.19882e-08 1.39799e-06 2.18316e-05 0.000236078 0.00176774 0.00916638 0.0329214 0.0819597 0.141878 0.17285 0.154922 0.116501 0.0906603 0.0750906 0.0556402 0.0339075 0.0177761 0.00860056 0.00385309 0.00153292 0.000525338 0.000151985 3.62564e-05
 4.06286e-11 1.91097e-09 6.22392e-08 1.40365e-06 2.192e-05 0.000237034 0.0017749 0.00920346 0.0330541 0.0822858 0.142413 0.173363 0.154942 0.115621 0.0890113 0.0735107 0.0550608 0.0344727 0.0188197 0.00943636 0.00428597 0.00169815 0.000578061 0.000167698 4.06216e-05
 4.26365e-11 2.00541e-09 6.5315e-08 1.47302e-06 2.30033e-05 0.000248748 0.00186261 0.00965813 0.0346854 0.0863304 0.149302 0.181225 0.160274 0.116006 0.0848223 0.0671909 0.0490781 0.0299654 0.0158761 0.00779517 0.00354497 0.00143082 0.00049758 0.000146309 3.56191e-05
 4.00004e-11 1.88143e-09 6.12769e-08 1.38195e-06 2.15811e-05 0.000233369 0.00174746 0.00906124 0.0325442 0.0810248 0.140288 0.17105 0.153746 0.116539 0.0918148 0.0767117 0.0570563 0.0348371 0.0182761 0.00882306 0.00393195 0.00155794 0.000536221 0.000157947 3.88796e-05
 4.20565e-11 1.97814e-09 6.44266e-08 1.45298e-06 2.26904e-05 0.000245365 0.00183727 0.00952679 0.034214 0.0851601 0.147297 0.178886 0.158513 0.11541 0.0853392 0.0684624 0.0507835 0.0317939 0.0174243 0.00877432 0.00399506 0.00158288 0.000537819 0.000155784 3.78317e-05
 3.92978e-11 1.84838e-09 6.02004e-08 1.35767e-06 2.1202e-05 0.00022927 0.00171677 0.00890212 0.0319733 0.0796096 0.137879 0.168308 0.15191 0.116466 0.0933518 0.0789298 0.0590289 0.0362162 0.0191749 0.00941247 0.00429277 0.00174218 0.000609422 0.000179955 4.39042e-05
 3.81372e-11 1.79379e-09 5.84226e-08 1.31758e-06 2.05759e-05 0.000222499 0.00166607 0.00863928 0.0310298 0.0772659 0.133858 0.163577 0.148221 0.114909 0.0938504 0.0809918 0.0622891 0.0401164 0.0227272 0.0118156 0.0055112 0.00222788 0.000773192 0.000228963 5.66459e-05
 4.05994e-11 1.9096e-09 6.21944e-08 1.40264e-06 2.19043e-05 0.000236864 0.00177362 0.00919681 0.0330299 0.0822223 0.142281 0.173103 0.15439 0.11456 0.0875084 0.0721812 0.0546721 0.0352165 0.020199 0.010797 0.00525679 0.00223433 0.000809798 0.000246103 6.15135e-05
 4.02579e-11 1.89354e-09 6.16712e-08 1.39084e-06 2.172e-05 0.000234871 0.0017587 0.0091195 0.0327529 0.0815394 0.141144 0.171929 0.154012 0.11566 0.0899028 0.0746545 0.0558747 0.0348514 0.0190543 0.00976411 0.00467363 0.00200493 0.00074767 0.00023623 6.14359e-05
#pred catch len freq
 3.04249e-11 1.43104e-09 4.66081e-08 1.05113e-06 1.64149e-05 0.000177504 0.00132916 0.00689233 0.0247567 0.0616603 0.106922 0.131136 0.120382 0.0967655 0.0839244 0.0776031 0.0663158 0.0519397 0.0402656 0.0321488 0.0267065 0.0232898 0.0204713 0.0164278 0.0108673
 3.65615e-11 1.71968e-09 5.60089e-08 1.26314e-06 1.97258e-05 0.000213307 0.00159724 0.00828248 0.0297496 0.0740927 0.128458 0.157435 0.144108 0.114672 0.0968516 0.0845544 0.063886 0.0395367 0.0218633 0.0124288 0.00783725 0.00548988 0.00410024 0.002968 0.00185471
 3.60098e-11 1.69373e-09 5.51637e-08 1.24408e-06 1.94281e-05 0.000210088 0.00157315 0.00815763 0.0293027 0.0729944 0.126655 0.155702 0.14404 0.117726 0.10291 0.0914299 0.0688686 0.0413924 0.0209786 0.00979241 0.00441368 0.00200045 0.000991716 0.000546098 0.000294917
 3.6782e-11 1.73005e-09 5.63466e-08 1.27076e-06 1.98447e-05 0.000214593 0.00160688 0.00833246 0.0299295 0.0745442 0.129265 0.158537 0.145484 0.116549 0.099435 0.0875957 0.0667495 0.0414586 0.022109 0.0107295 0.00470403 0.00181365 0.000630365 0.000214398 7.6414e-05
 3.57908e-11 1.68343e-09 5.48282e-08 1.23651e-06 1.93099e-05 0.00020881 0.00156358 0.00810803 0.0291246 0.0725518 0.125894 0.154797 0.143305 0.117353 0.102916 0.0918281 0.0697123 0.0425801 0.0221583 0.0105795 0.00465728 0.00181346 0.000608785 0.000175939 4.45811e-05
 3.67689e-11 1.72943e-09 5.63265e-08 1.2703e-06 1.98376e-05 0.000214516 0.0016063 0.00832948 0.0299188 0.074518 0.129222 0.158497 0.145484 0.116623 0.0995657 0.0877047 0.066758 0.041379 0.0220357 0.0107263 0.00474289 0.00183285 0.000608138 0.000172177 4.10314e-05
 3.79725e-11 1.78604e-09 5.81703e-08 1.31188e-06 2.0487e-05 0.000221538 0.00165888 0.00860204 0.0308968 0.0769441 0.133362 0.163258 0.148841 0.117206 0.0975616 0.0843351 0.063222 0.038333 0.0197808 0.00935837 0.00409177 0.00158777 0.000531147 0.000150747 3.56154e-05
 3.70646e-11 1.74334e-09 5.67795e-08 1.28052e-06 1.99972e-05 0.000216242 0.00161922 0.00839647 0.0301594 0.0751167 0.130256 0.159748 0.146573 0.117348 0.0999174 0.0875926 0.0660186 0.040111 0.0206877 0.00972632 0.00419212 0.00159483 0.000523733 0.000147031 3.46344e-05
 3.64958e-11 1.71659e-09 5.59082e-08 1.26087e-06 1.96903e-05 0.000212923 0.00159437 0.00826767 0.0296974 0.0739719 0.128312 0.157554 0.14517 0.117476 0.101445 0.089661 0.0677399 0.0411503 0.0211942 0.0099428 0.00427136 0.00161515 0.00052475 0.000145093 3.36113e-05
 3.64642e-11 1.7151e-09 5.58598e-08 1.25978e-06 1.96732e-05 0.000212739 0.00159299 0.00826051 0.0296716 0.0739078 0.128201 0.157417 0.145041 0.117372 0.101369 0.0896452 0.0678235 0.0413218 0.0213804 0.0100757 0.00433774 0.00163903 0.000530816 0.000145953 3.35306e-05
 3.68658e-11 1.73399e-09 5.64749e-08 1.27365e-06 1.98899e-05 0.000215082 0.00161054 0.00835146 0.0299981 0.0747183 0.129589 0.15904 0.146272 0.11781 0.101054 0.0888205 0.0666971 0.0400862 0.0202934 0.00934002 0.00395753 0.00148485 0.000479667 0.000131665 3.01667e-05
 3.86147e-11 1.81625e-09 5.91541e-08 1.33407e-06 2.08335e-05 0.000225285 0.00168693 0.00874748 0.0314187 0.0782384 0.135569 0.165789 0.150598 0.117449 0.0964148 0.0825351 0.0614807 0.036944 0.0187383 0.0086162 0.00362237 0.00133939 0.000425191 0.000114962 2.60784e-05
 3.92127e-11 1.84438e-09 6.00702e-08 1.35473e-06 2.11561e-05 0.000228774 0.00171305 0.0088829 0.0319046 0.0794434 0.137623 0.168143 0.152228 0.117655 0.0953012 0.0807677 0.0597225 0.035523 0.017738 0.00802148 0.0033368 0.00122835 0.000388595 0.000104345 2.34094e-05
 3.73668e-11 1.75756e-09 5.72425e-08 1.29096e-06 2.01602e-05 0.000218005 0.00163242 0.00846493 0.0304053 0.0757288 0.131316 0.161037 0.147719 0.118166 0.100395 0.0875981 0.0653302 0.0388039 0.0192331 0.00859584 0.00352662 0.00127942 0.000399049 0.000105895 2.35505e-05
 3.65759e-11 1.72036e-09 5.60309e-08 1.26364e-06 1.97335e-05 0.000213391 0.00159787 0.00828582 0.0297625 0.0741335 0.128588 0.157874 0.145404 0.117541 0.101363 0.0895203 0.0676123 0.0410382 0.0210575 0.00977111 0.00410519 0.00149842 0.000464601 0.000121833 2.67275e-05
 3.72045e-11 1.74992e-09 5.69938e-08 1.28535e-06 2.00726e-05 0.000217058 0.00162533 0.00842814 0.030273 0.0753982 0.130735 0.160289 0.146923 0.11733 0.0995645 0.0871132 0.0656253 0.0398795 0.0205719 0.00965897 0.00413874 0.00155106 0.000494576 0.000132537 2.93748e-05
 3.82476e-11 1.79898e-09 5.85918e-08 1.32139e-06 2.06354e-05 0.000223143 0.0016709 0.00866436 0.0311205 0.0774996 0.134314 0.164373 0.149694 0.117533 0.0973965 0.0838476 0.0625437 0.0375593 0.0190398 0.0087786 0.00372302 0.00139605 0.000449776 0.000122717 2.78044e-05
 3.61425e-11 1.69997e-09 5.5367e-08 1.24866e-06 1.94997e-05 0.000210862 0.00157894 0.0081877 0.0294106 0.073263 0.127119 0.15626 0.14452 0.118044 0.103104 0.0915517 0.0689263 0.0413676 0.0208425 0.0095121 0.00398315 0.00147306 0.000468665 0.000126946 2.87875e-05
 3.54811e-11 1.66886e-09 5.43538e-08 1.22581e-06 1.91429e-05 0.000207004 0.00155005 0.00803788 0.0288727 0.0719251 0.124811 0.153492 0.142184 0.116641 0.102641 0.0920997 0.0706871 0.0440762 0.0235925 0.0114749 0.00500849 0.00188243 0.000599129 0.000161109 3.61855e-05
 3.56565e-11 1.67711e-09 5.46225e-08 1.23187e-06 1.92375e-05 0.000208027 0.00155771 0.00807761 0.0290153 0.0722799 0.125424 0.154229 0.142811 0.117024 0.102757 0.09188 0.07005 0.04316 0.0227773 0.011041 0.00491092 0.00191849 0.000639049 0.000178396 4.09356e-05
 3.49429e-11 1.64355e-09 5.35293e-08 1.20722e-06 1.88525e-05 0.000203864 0.00152654 0.00791602 0.0284356 0.0708423 0.122974 0.151429 0.140897 0.116847 0.104188 0.094083 0.0721785 0.044805 0.0238705 0.0116509 0.00518716 0.00202566 0.000679531 0.000193521 4.57852e-05
 3.60904e-11 1.69752e-09 5.52871e-08 1.24686e-06 1.94716e-05 0.000210558 0.00157666 0.00817583 0.0293675 0.0731504 0.126888 0.155814 0.143598 0.116303 0.100693 0.0895572 0.0686405 0.042967 0.023252 0.0115553 0.00522264 0.00206227 0.000697307 0.000199802 4.76247e-05
 3.56254e-11 1.67565e-09 5.45748e-08 1.2308e-06 1.92207e-05 0.000207845 0.00155635 0.00807055 0.0289899 0.0722161 0.125309 0.154071 0.142612 0.11676 0.102441 0.09164 0.070045 0.0434108 0.0231437 0.011368 0.0051347 0.00204768 0.000702942 0.000204482 4.93441e-05
 3.46945e-11 1.63187e-09 5.31488e-08 1.19864e-06 1.87185e-05 0.000202415 0.00151569 0.00785977 0.0282337 0.0703414 0.122119 0.150441 0.140186 0.116684 0.104533 0.0946992 0.0728465 0.0454131 0.0243677 0.0120059 0.00540294 0.00213738 0.00072897 0.000212029 5.15179e-05
 3.46301e-11 1.62884e-09 5.30501e-08 1.19641e-06 1.86837e-05 0.000202039 0.00151288 0.00784516 0.0281811 0.0702088 0.121878 0.150098 0.13972 0.116022 0.103724 0.0940999 0.0728891 0.0461342 0.0253505 0.0128064 0.00586853 0.00234559 0.000803232 0.000233454 5.65568e-05
 3.33319e-11 1.56777e-09 5.10613e-08 1.15156e-06 1.79833e-05 0.000194465 0.00145617 0.00755118 0.0271266 0.0675964 0.117444 0.145108 0.136575 0.116434 0.107367 0.0989073 0.0767229 0.0482594 0.0262744 0.0132146 0.0060939 0.00247392 0.000863391 0.000255037 6.24281e-05
 3.34449e-11 1.57309e-09 5.12344e-08 1.15546e-06 1.80442e-05 0.000195124 0.0014611 0.00757675 0.0272181 0.0678207 0.117809 0.145446 0.136535 0.115707 0.106056 0.0976678 0.0762908 0.0487476 0.0271501 0.013926 0.00647818 0.00263322 0.000920553 0.000273858 6.78592e-05
 3.45651e-11 1.62578e-09 5.29505e-08 1.19417e-06 1.86486e-05 0.000201659 0.00151004 0.00783043 0.0281282 0.0700775 0.121653 0.149834 0.139518 0.115938 0.103736 0.0941425 0.0729204 0.0461799 0.0254715 0.0130126 0.0060915 0.00251009 0.000890256 0.000267646 6.67731e-05
#obs catch len freq
 3.47495e-11 1.63445e-09 5.32329e-08 1.20054e-06 1.87481e-05 0.000202735 0.00151809 0.00787218 0.0282782 0.0704496 0.12229 0.150577 0.140076 0.116121 0.103549 0.0936789 0.0722722 0.0454815 0.0249233 0.012745 0.00605596 0.00256772 0.000945852 0.000296792 7.74997e-05
 3.70222e-11 1.74135e-09 5.67146e-08 1.27906e-06 1.99743e-05 0.000215994 0.00161737 0.00838683 0.0301245 0.0750258 0.130073 0.159406 0.145887 0.11607 0.0981457 0.0860938 0.0657201 0.0411716 0.0223912 0.0112562 0.00520105 0.00213283 0.000763259 0.000235398 6.10599e-05
 3.63084e-11 1.70777e-09 5.5621e-08 1.25439e-06 1.95892e-05 0.00021183 0.00158619 0.00822522 0.0295451 0.073594 0.127667 0.156811 0.144641 0.117367 0.101707 0.0900747 0.0681106 0.0414421 0.021479 0.0102568 0.00456412 0.00182268 0.000635732 0.000190555 4.8066e-05
 3.63905e-11 1.71163e-09 5.57468e-08 1.25723e-06 1.96335e-05 0.000212309 0.00158977 0.00824379 0.0296115 0.0737562 0.127927 0.157031 0.14453 0.116661 0.100513 0.0890209 0.0678867 0.0421015 0.0224237 0.010916 0.00483024 0.00187275 0.000626997 0.000180583 4.4032e-05
 3.7657e-11 1.77121e-09 5.7687e-08 1.30099e-06 2.03168e-05 0.000219698 0.0016451 0.00853059 0.0306405 0.0763065 0.132264 0.161951 0.147769 0.116629 0.0974696 0.0846878 0.0640368 0.0394911 0.0209442 0.0102117 0.00456538 0.0017954 0.000605745 0.000173121 4.12293e-05
 3.5974e-11 1.69204e-09 5.51088e-08 1.24284e-06 1.94088e-05 0.000209879 0.00157158 0.0081495 0.0292735 0.0729209 0.126523 0.15552 0.143812 0.117433 0.102601 0.0913146 0.0691895 0.0421387 0.0218242 0.0103632 0.00454791 0.00177419 0.000598852 0.000172106 4.12084e-05
 3.87789e-11 1.82397e-09 5.94055e-08 1.33974e-06 2.0922e-05 0.000226243 0.0016941 0.00878461 0.0315517 0.0785645 0.136101 0.166284 0.150558 0.11643 0.0945479 0.0807247 0.0607547 0.0375072 0.0199228 0.00967511 0.00426914 0.00164657 0.000545385 0.00015416 3.6569e-05
 3.51867e-11 1.65501e-09 5.39026e-08 1.21564e-06 1.8984e-05 0.000205286 0.00153719 0.00797124 0.0286342 0.0713384 0.123846 0.152551 0.142089 0.118092 0.105408 0.0947492 0.0716384 0.0431024 0.0218498 0.0101352 0.00437678 0.00169135 0.000565629 0.00016051 3.78648e-05
 3.98661e-11 1.87511e-09 6.1071e-08 1.37731e-06 2.15086e-05 0.000232585 0.00174159 0.00903079 0.0324348 0.0807521 0.139813 0.170459 0.153181 0.11606 0.0914589 0.0766592 0.0575195 0.0357271 0.0191715 0.00936929 0.004117 0.0015656 0.000508853 0.000141267 3.30192e-05
 3.55575e-11 1.67246e-09 5.44708e-08 1.22845e-06 1.91841e-05 0.000207449 0.00155339 0.00805524 0.0289358 0.0720881 0.125136 0.154087 0.143344 0.118758 0.105493 0.0942978 0.0706351 0.0417068 0.0204848 0.00917382 0.00387308 0.00148434 0.000494573 0.000139371 3.24794e-05
 3.82049e-11 1.79697e-09 5.85263e-08 1.31992e-06 2.06124e-05 0.000222894 0.00166903 0.00865465 0.0310855 0.077409 0.134136 0.164059 0.149104 0.116477 0.0959902 0.082784 0.0626145 0.0387802 0.0205984 0.00990131 0.00425542 0.00157464 0.000497136 0.0001347 3.09768e-05
 3.6095e-11 1.69774e-09 5.52941e-08 1.24702e-06 1.94741e-05 0.000210585 0.00157687 0.00817693 0.0293721 0.0731667 0.126951 0.156055 0.144332 0.117894 0.10298 0.0914623 0.0689105 0.0414672 0.0210618 0.00979277 0.00422919 0.00162444 0.000534556 0.000147532 3.3549e-05
 4.02603e-11 1.89365e-09 6.16749e-08 1.39093e-06 2.17213e-05 0.000234885 0.00175881 0.00912008 0.0327553 0.0815483 0.14118 0.172071 0.154448 0.11662 0.0913368 0.0760051 0.056434 0.0343889 0.0179242 0.00850462 0.00366611 0.00138167 0.000446928 0.000123304 2.84877e-05
 3.74343e-11 1.76073e-09 5.73458e-08 1.29329e-06 2.01966e-05 0.000218399 0.00163537 0.00848022 0.0304603 0.0758657 0.131554 0.161334 0.148004 0.118409 0.100574 0.0876121 0.0650681 0.0383239 0.0187717 0.00833993 0.00346409 0.00129745 0.000421968 0.000116576 2.67977e-05
 3.74892e-11 1.76331e-09 5.743e-08 1.29519e-06 2.02263e-05 0.000218719 0.00163777 0.00849262 0.0305044 0.0759714 0.131709 0.16139 0.147635 0.117291 0.098851 0.0861617 0.0648714 0.0394454 0.0203201 0.0094572 0.00397319 0.00144932 0.000451517 0.000120269 2.71019e-05
 3.67799e-11 1.72995e-09 5.63432e-08 1.27068e-06 1.98435e-05 0.00021458 0.00160678 0.00833198 0.0299281 0.074543 0.129279 0.158632 0.145814 0.117287 0.100501 0.0884745 0.0668543 0.0407504 0.0211259 0.00999032 0.00431664 0.00163174 0.000524369 0.000141399 3.15306e-05
 3.82224e-11 1.7978e-09 5.85531e-08 1.32052e-06 2.06218e-05 0.000222996 0.0016698 0.00865864 0.0310999 0.0774467 0.134213 0.164205 0.149403 0.117032 0.0967301 0.0833185 0.0625115 0.0380615 0.0197535 0.00936238 0.00406227 0.00154925 0.000506109 0.000139738 3.1966e-05
 3.66985e-11 1.72612e-09 5.62187e-08 1.26787e-06 1.97997e-05 0.000214106 0.00160323 0.00831358 0.0298623 0.0743812 0.129014 0.158378 0.145806 0.117729 0.101328 0.08927 0.0671516 0.0404691 0.0205905 0.00955002 0.00408654 0.00155153 0.000507905 0.00014121 3.26812e-05
 3.47988e-11 1.63677e-09 5.33085e-08 1.20224e-06 1.87747e-05 0.000203023 0.00152025 0.00788338 0.0283187 0.0705531 0.122487 0.150902 0.140636 0.11709 0.104893 0.0949115 0.0727511 0.044981 0.0237555 0.0114213 0.00497249 0.00188393 0.000609759 0.000167723 3.86261e-05
 3.71799e-11 1.74876e-09 5.69561e-08 1.2845e-06 2.00594e-05 0.000216914 0.00162425 0.00842253 0.0302526 0.0753437 0.130616 0.160033 0.146339 0.116179 0.0979478 0.0857611 0.0654055 0.040915 0.0221521 0.0110042 0.00495675 0.00194067 0.000645918 0.000180746 4.18228e-05
 3.48347e-11 1.63846e-09 5.33635e-08 1.20348e-06 1.87941e-05 0.000203232 0.00152181 0.00789151 0.0283479 0.0706254 0.122611 0.151043 0.140733 0.117093 0.104785 0.0946878 0.0724339 0.0446721 0.0236132 0.0115076 0.00518053 0.0020663 0.000709054 0.000205284 4.89922e-05
 3.54785e-11 1.66874e-09 5.43497e-08 1.22572e-06 1.91415e-05 0.000206988 0.00154993 0.00803726 0.0288704 0.0719166 0.124781 0.153379 0.141845 0.115904 0.101561 0.0911355 0.0703971 0.0445842 0.0245232 0.0123704 0.00564004 0.00223914 0.000763044 0.000221505 5.36766e-05
 3.7282e-11 1.75357e-09 5.71125e-08 1.28803e-06 2.01145e-05 0.00021751 0.00162872 0.00844567 0.0303358 0.0755508 0.130976 0.160476 0.14675 0.116502 0.0981563 0.0857408 0.0650245 0.0402516 0.0215143 0.0106416 0.0048628 0.00196766 0.000685148 0.000201607 4.91025e-05
 3.43928e-11 1.61767e-09 5.26865e-08 1.18821e-06 1.85557e-05 0.000200654 0.00150251 0.00779144 0.0279889 0.0697357 0.121098 0.149329 0.13961 0.117121 0.105873 0.0962271 0.0737927 0.0455771 0.0241025 0.0117178 0.00524666 0.00208408 0.00071825 0.000211721 5.21391e-05
 3.66653e-11 1.72456e-09 5.61677e-08 1.26672e-06 1.97817e-05 0.000213912 0.00160177 0.00830599 0.0298344 0.0743053 0.128839 0.157961 0.144786 0.11567 0.098424 0.0868683 0.066831 0.042413 0.0234458 0.0118873 0.00543563 0.0021585 0.000734296 0.000212853 5.17143e-05
 3.32744e-11 1.56507e-09 5.09732e-08 1.14957e-06 1.79523e-05 0.000194129 0.00145366 0.00753819 0.0270803 0.0674832 0.117264 0.144967 0.136695 0.117022 0.108347 0.0997895 0.0769584 0.0477805 0.0255174 0.0126222 0.00578604 0.00235445 0.000824704 0.000243708 5.94844e-05
 3.21825e-11 1.51371e-09 4.93005e-08 1.11185e-06 1.73632e-05 0.000187759 0.00140596 0.00729086 0.0261923 0.0652753 0.113461 0.140426 0.132931 0.114913 0.107891 0.100972 0.0799497 0.0520958 0.0297606 0.0155742 0.00729356 0.00295464 0.00102663 0.000304231 7.53007e-05
 3.49181e-11 1.64238e-09 5.34913e-08 1.20636e-06 1.88391e-05 0.000203719 0.00152545 0.00791032 0.0284145 0.0707821 0.12282 0.151005 0.13977 0.114491 0.100786 0.0911101 0.0714195 0.0466184 0.0269752 0.0145166 0.00709619 0.0030223 0.00109657 0.000333464 8.33811e-05
#spawning biomass
 38562 23120.3 20578.7 24073.7 26219.8 29044.7 30654 39468.3 42786.4 43612.1 38254.8 37312.9 44033.6 53414.3 59975.8 61167.8 62191.1 70445.6 85235.8 82238.8 87043.2 91984.8 105070 115508 128027 128930 123475 113241 91698.5 170155 120835 76836.6 50778.6 37316.2 30870.5 27925.5 26619.9 26052.5 25809.2 25705.8 25662.2 25643.8 25636.1 25632.9 25631.6 25631 25630.8 25630.7 25630.6 25630.6 25630.6 25630.6 25630.6 25630.6 25630.6 25630.6 25630.6 25630.6 25630.6 25630.6 25630.6 25630.6 25630.6 25630.6 25630.6 25630.6 25630.6 25630.6 25630.6 25630.6 25630.6 25630.6 25630.6 25630.6 25630.6 25630.6 25630.6 25630.6 25630.6 25630.6 25630.6 25630.6 25630.6 25630.6 25630.6 25630.6 25630.6 25630.6 25630.6 25630.6 25630.6 25630.6 25630.6 25630.6 25630.6 25630.6 25630.6 25630.6 25630.6 25630.6 25630.6 25630.6 25630.6 25630.6 25630.6 25630.6 25630.6 25630.6 25630.6 25630.6 25630.6 25630.6 25630.6 25630.6 25630.6 25630.6 25630.6 25630.6 25630.6 25630.6 25630.6 25630.6 25630.6 25630.6 25630.6 25630.6 25630.6 25630.6 0 0 0 0 0 0 0 0 0 0 0 0 0 0 0 0 0 0 0 0 0 0 0 0 0
