SBPRF35
0.256306
Curr Bio
204939
B35
199390
F35
0.39239
FOFL
0.39239
OFL
88876.8
Bzero
73230.3
#pred survey bio
 29718.5 27090.8 21183.4 17819.3 28116.9 42548.3 54259 68032.9 93260.8 115872 130265 159206 199221 221379 227606 214429 213508 197577 192011 197954 191127 182951 181302 219304 238734 237217 250819 271156 299127 7.88539e+06 6.34487e+06 4.47485e+06 2.9653e+06 1.99035e+06 1.42326e+06 1.11041e+06 941688 850930 801529 774046 758324 749055 743427 739919 737682 736240 735298 734675 734262 733985 733799 733674 733590 733533 733495 733469 733451 733439 733431 733426 733422 733420 733418 733417 733416 733416 733415 733415 733415 733415 733415 733415 733415 733415 733415 733415 733415 733415 733415 733415 733415 733415 733415 733415 733415 733415 733415 733415 733415 733415 733415 733415 733415 733415 733415 733415 733415 733415 733415 733415 733415 733415 733415 733415 733415 733415 733415 733415 733415 733415 733415 733415 733415 733415 733415 733415 733415 733415 733415 733415 733415 733415 733415 733415 733415 733415 733415 733415 733415 0 0 0 0 0 0 0 0 0 0 0 0 0 0 0 0 0 0 0 0 0 0 0 0 0
#obs survey bio
 25353.1 20621.2 17181.9 25443.7 36992.8 44530.4 41366.2 80668.9 141299 89510.9 150560 161371 271203 161648 147780 203415 217288 122030 197894 197862 261356 231709 219271 178606 260256 194093 224627 233211 252857
#pred catch bio
 4072.49 4559.39 4631.7 3257.77 6274.35 10808.8 14030.4 16609.5 26487.6 42678.3 47467 56372.4 77643.1 89027.7 101543 90543.3 94665.5 81847.4 72976.3 84439 85373.3 81554.4 62992.6 87442.5 102027 92519.5 96478.2 102102 94753.1 88876.8 79814 54444.5 34610.4 22274.5 15425.9 11870.2 10100.3 9243.08 8835.44 8643.96 8554.77 8513.47 8494.42 8485.66 8481.63 8479.79 8478.95 8478.57 8478.39 8478.31 8478.28 8478.26 8478.25 8478.25 8478.25 8478.25 8478.25 8478.25 8478.25 8478.25 8478.25 8478.25 8478.25 8478.25 8478.25 8478.25 8478.25 8478.25 8478.25 8478.25 8478.25 8478.25 8478.25 8478.25 8478.25 8478.25 8478.25 8478.25 8478.25 8478.25 8478.25 8478.25 8478.25 8478.25 8478.25 8478.25 8478.25 8478.25 8478.25 8478.25 8478.25 8478.25 8478.25 8478.25 8478.25 8478.25 8478.25 8478.25 8478.25 8478.25 8478.25 8478.25 8478.25 8478.25 8478.25 8478.25 8478.25 8478.25 8478.25 8478.25 8478.25 8478.25 8478.25 8478.25 8478.25 8478.25 8478.25 8478.25 8478.25 8478.25 8478.25 8478.25 8478.25 8478.25 8478.25 8478.25 8478.25 8478.25 8478.25 0 0 0 0 0 0 0 0 0 0 0 0 0 0 0 0 0 0 0 0 0 0 0 0 0
#obs catch bio
 3517.86 4757.2 4984.55 3277.72 6363.73 10779.1 14072.9 15686.3 24303.7 40668.1 45863.8 52888.8 70690 83425.9 107303 92730.3 95185.2 84635.7 70323.3 83285.2 82977.9 81653.4 59926.7 87660.5 99384.2 95717.6 101611 105060 93980.4
#pred cpue bio
 28730.6 26691.6 21006.8 17058.1 25508.9 39573.6 51053.7 63740.6 86695 108557 121023 147004 184351 206090 212813 199962 199148 184972 179749 185454 178358 170293 168310 203669 221949 221390 234079 252599 278678 7.41247e+06 6.30026e+06 4.44425e+06 2.93489e+06 1.95994e+06 1.39286e+06 1.08e+06 911283 820525 771124 743641 727919 718650 713022 709513 707277 705835 704892 704270 703856 703579 703394 703269 703185 703128 703089 703063 703046 703034 703026 703021 703017 703014 703013 703012 703011 703010 703010 703010 703010 703009 703009 703009 703009 703009 703009 703009 703009 703009 703009 703009 703009 703009 703009 703009 703009 703009 703009 703009 703009 703009 703009 703009 703009 703009 703009 703009 703009 703009 703009 703009 703009 703009 703009 703009 703009 703009 703009 703009 703009 703009 703009 703009 703009 703009 703009 703009 703009 703009 703009 703009 703009 703009 703009 703009 703009 703009 703009 703009 703009 0 0 0 0 0 0 0 0 0 0 0 0 0 0 0 0 0 0 0 0 0 0 0 0 0
#obs cpue bio
 20638.9 16897.3 17929.2 18492.5 21717.9 48649.2 57198.9 119176 92142 121373 105527 217382 229905 294733 164637 208647 220239 221573 270434 182007 154786 123077 191198 206515 267750 163073 200814 308173 381621
#pred surv len freq
 2.51407e-11 1.1825e-09 3.85132e-08 8.68568e-07 1.3564e-05 0.000146676 0.00109831 0.00569543 0.0204592 0.0509737 0.0885072 0.1091 0.101943 0.0858328 0.0797075 0.0787495 0.073 0.0639027 0.0553213 0.0474324 0.040255 0.0341978 0.0284472 0.0215672 0.0136478
 1.23967e-11 5.83081e-10 1.89906e-08 4.28286e-07 6.68833e-06 7.23264e-05 0.00054162 0.00280938 0.0101025 0.0252756 0.0446057 0.058369 0.0653544 0.0771505 0.0964729 0.108236 0.103578 0.0908788 0.0784041 0.0666187 0.0549927 0.0441408 0.0340193 0.0239871 0.0143835
 8.50189e-12 3.99888e-10 1.30241e-08 2.93726e-07 4.58698e-06 4.96025e-05 0.000371444 0.00192653 0.00692576 0.0173073 0.030407 0.0391732 0.0421484 0.0476708 0.0613938 0.0792914 0.0965828 0.10975 0.112554 0.102743 0.0856019 0.066872 0.0488494 0.0322254 0.0181514
 3.32226e-11 1.56263e-09 5.08939e-08 1.14778e-06 1.79243e-05 0.000193825 0.00145133 0.00752524 0.0270207 0.0672071 0.115913 0.139209 0.118372 0.0759098 0.0446831 0.0334366 0.0347655 0.0424824 0.0523728 0.0590865 0.0582369 0.0496069 0.0366538 0.0233617 0.0124938
 4.49254e-11 2.11308e-09 6.88216e-08 1.5521e-06 2.42382e-05 0.000262102 0.00196258 0.0101762 0.0365413 0.090905 0.156905 0.189003 0.162468 0.107598 0.0660428 0.0445415 0.0305396 0.0196736 0.0142516 0.0138685 0.0151513 0.014999 0.0123746 0.00828331 0.00442703
 3.52721e-11 1.65903e-09 5.40335e-08 1.21859e-06 1.90301e-05 0.000205784 0.00154091 0.00799045 0.0287016 0.0714915 0.12401 0.152273 0.140313 0.113599 0.0982974 0.0873855 0.0669604 0.0420241 0.0233025 0.0131135 0.00874165 0.00717391 0.00604993 0.0043527 0.00245357
 3.22937e-11 1.51894e-09 4.9471e-08 1.11569e-06 1.74232e-05 0.000188408 0.0014108 0.00731575 0.0262781 0.0654553 0.113542 0.139438 0.128605 0.104702 0.0926498 0.0873919 0.0759355 0.0589573 0.0416078 0.0260684 0.0143437 0.00755146 0.0043576 0.00268984 0.00149326
 3.44322e-11 1.61953e-09 5.2747e-08 1.18958e-06 1.85769e-05 0.000200884 0.00150421 0.00779994 0.0280145 0.0697533 0.120811 0.147487 0.133216 0.102649 0.0841825 0.0760277 0.0659503 0.0532421 0.0412104 0.029811 0.0190947 0.0105563 0.00513411 0.00232591 0.00101058
 3.6734e-11 1.72779e-09 5.62731e-08 1.2691e-06 1.98188e-05 0.000214312 0.00160476 0.00832125 0.0298857 0.0744001 0.128776 0.156821 0.140372 0.105389 0.082703 0.0715376 0.0593478 0.0454537 0.0339414 0.0248995 0.0170937 0.0104421 0.00546708 0.00241003 0.000899538
 3.38384e-11 1.59159e-09 5.18372e-08 1.16906e-06 1.82565e-05 0.000197419 0.00147828 0.00766558 0.0275338 0.0685746 0.118894 0.14573 0.133484 0.106615 0.0913824 0.0830336 0.0687134 0.0506448 0.0356474 0.02471 0.0164411 0.0101358 0.00554981 0.00257425 0.000975341
 3.66983e-11 1.72611e-09 5.62184e-08 1.26787e-06 1.97995e-05 0.000214104 0.0016032 0.00831318 0.0298568 0.0743292 0.128661 0.156715 0.140394 0.105688 0.0834183 0.0727687 0.0609957 0.0469115 0.0342586 0.0237327 0.0152316 0.00898502 0.00480093 0.0022359 0.00086529
 3.80872e-11 1.79144e-09 5.8346e-08 1.31585e-06 2.05489e-05 0.000222207 0.00166388 0.00862776 0.0309862 0.0771373 0.133496 0.162483 0.145154 0.108321 0.0839679 0.0713685 0.0575418 0.0419753 0.0293712 0.0201714 0.0131016 0.00775313 0.00407513 0.00185345 0.000706582
 3.71879e-11 1.74914e-09 5.69684e-08 1.28478e-06 2.00637e-05 0.000216961 0.00162459 0.00842414 0.030256 0.0753297 0.130438 0.159092 0.143191 0.109108 0.0873262 0.0757172 0.0610989 0.0438751 0.0297018 0.0195097 0.012155 0.00700752 0.00364223 0.00164429 0.000620024
 3.54317e-11 1.66654e-09 5.42781e-08 1.22411e-06 1.91162e-05 0.000206715 0.00154788 0.00802644 0.0288289 0.0717895 0.124396 0.152135 0.138265 0.108191 0.0901435 0.0805173 0.0661946 0.048377 0.0331836 0.0217323 0.0132244 0.00734297 0.00367251 0.00161007 0.000595778
 3.43251e-11 1.61449e-09 5.25829e-08 1.18587e-06 1.85192e-05 0.000200259 0.00149954 0.0077758 0.0279292 0.0695537 0.120554 0.147592 0.134641 0.10645 0.0901595 0.081838 0.0685961 0.0516076 0.0366334 0.0246752 0.0152498 0.00846253 0.00415772 0.00176986 0.000634537
 3.53442e-11 1.66242e-09 5.41441e-08 1.22108e-06 1.9069e-05 0.000206204 0.00154405 0.00800656 0.0287569 0.0716046 0.124036 0.151514 0.137125 0.106143 0.087251 0.0778108 0.0650393 0.0492809 0.0355541 0.0245468 0.015628 0.00891284 0.00445118 0.00189651 0.000671123
 3.51927e-11 1.6553e-09 5.3912e-08 1.21585e-06 1.89872e-05 0.000205321 0.00153744 0.00797227 0.0286341 0.0713022 0.123536 0.151013 0.137019 0.106764 0.0884918 0.0790143 0.0654732 0.0488106 0.0346895 0.023874 0.0153721 0.00896076 0.00459197 0.00200065 0.000717446
 3.3983e-11 1.5984e-09 5.20588e-08 1.17406e-06 1.83346e-05 0.000198263 0.00148459 0.00769833 0.0276512 0.0688648 0.119382 0.146261 0.133758 0.106424 0.090858 0.0826819 0.0690287 0.0515637 0.0365159 0.0248938 0.0158628 0.00921493 0.00475892 0.00210805 0.000770863
 3.42372e-11 1.61036e-09 5.24482e-08 1.18284e-06 1.84717e-05 0.000199746 0.0014957 0.00775586 0.0278572 0.0693715 0.120217 0.14708 0.133859 0.105201 0.0884618 0.0802386 0.0678335 0.0519548 0.0377977 0.0261956 0.0167577 0.00969828 0.00498465 0.00220764 0.000812564
 3.4054e-11 1.60174e-09 5.21675e-08 1.17651e-06 1.83729e-05 0.000198677 0.00148769 0.00771436 0.0277083 0.0690021 0.119587 0.146354 0.133341 0.10508 0.0886487 0.0804413 0.0678219 0.0518194 0.0378697 0.0266509 0.0174183 0.0102687 0.00533017 0.00236677 0.000871314
 3.52922e-11 1.65998e-09 5.40644e-08 1.21929e-06 1.90409e-05 0.000205901 0.00154178 0.00799478 0.0287145 0.0714982 0.123847 0.151256 0.136808 0.105721 0.0866918 0.0771923 0.064512 0.0489748 0.0355753 0.0249639 0.0163774 0.00976721 0.00515187 0.00232198 0.000863613
 3.58458e-11 1.68601e-09 5.49124e-08 1.23841e-06 1.93396e-05 0.00020913 0.00156596 0.00812016 0.0291648 0.0726187 0.125783 0.153599 0.138849 0.1071 0.0874397 0.0772305 0.0635819 0.0471166 0.0333178 0.0229251 0.0148842 0.00885126 0.00468743 0.00213279 0.000802842
 3.65022e-11 1.71689e-09 5.5918e-08 1.26109e-06 1.96937e-05 0.00021296 0.00159464 0.00826883 0.0296984 0.0739432 0.12805 0.156239 0.140824 0.107756 0.0869196 0.0761245 0.0623696 0.045915 0.0320498 0.0216055 0.013688 0.00796405 0.00416037 0.00188458 0.000711285
 3.63752e-11 1.71092e-09 5.57235e-08 1.2567e-06 1.96252e-05 0.000212219 0.00158909 0.00824007 0.0295951 0.0736869 0.127611 0.155724 0.140428 0.107607 0.087017 0.0764248 0.0628418 0.0464886 0.032568 0.021908 0.0137338 0.00784575 0.00401091 0.00178275 0.000664552
 3.60129e-11 1.69387e-09 5.51683e-08 1.24418e-06 1.94297e-05 0.000210105 0.00157326 0.00815802 0.0293008 0.0729577 0.126373 0.154331 0.13955 0.107721 0.0880306 0.0777589 0.0639035 0.0470885 0.0328646 0.0220823 0.013838 0.00787374 0.0039833 0.00174254 0.000638292
 3.48322e-11 1.63834e-09 5.33597e-08 1.20339e-06 1.87927e-05 0.000203217 0.00152169 0.00789065 0.0283415 0.0705784 0.122316 0.14968 0.136322 0.107284 0.0901665 0.0811324 0.0672047 0.049725 0.0347723 0.0233438 0.0145881 0.00827344 0.00416843 0.00181142 0.000656776
 3.50778e-11 1.64989e-09 5.37359e-08 1.21188e-06 1.89252e-05 0.00020465 0.00153242 0.00794622 0.0285404 0.0710677 0.123122 0.150468 0.136409 0.106078 0.0878101 0.0787198 0.0659968 0.0500581 0.035991 0.0246289 0.015527 0.00882515 0.0044399 0.00192247 0.000693365
 3.56713e-11 1.67781e-09 5.4645e-08 1.23238e-06 1.92454e-05 0.000208112 0.00155834 0.00808062 0.0290227 0.0722644 0.125165 0.152827 0.138097 0.10643 0.0868788 0.0769964 0.0639825 0.0481665 0.0346212 0.0239875 0.0154469 0.00896409 0.00457218 0.00199141 0.000718518
 3.55707e-11 1.67308e-09 5.4491e-08 1.22891e-06 1.91912e-05 0.000207526 0.00155395 0.00805786 0.0289412 0.0720636 0.124833 0.152493 0.138024 0.106842 0.0877292 0.0778952 0.0644666 0.0480706 0.034136 0.0234387 0.0150748 0.00882163 0.00456884 0.00202269 0.00073897
#obs surv len freq
 2.48173e-11 1.16729e-09 3.80177e-08 8.57396e-07 1.33895e-05 0.000144789 0.00108418 0.00562214 0.0201958 0.0503147 0.0873459 0.10759 0.100287 0.0839762 0.0776346 0.0770434 0.0726733 0.0656897 0.0592889 0.0528588 0.0455251 0.0371852 0.0278066 0.0180658 0.00965344
 8.55379e-16 4.0308e-14 1.32253e-12 3.06973e-11 5.33406e-10 8.08838e-09 1.29577e-07 2.09319e-06 2.77874e-05 0.000269347 0.00183455 0.00869657 0.0286855 0.0662125 0.108688 0.131979 0.128717 0.113817 0.099786 0.0873448 0.0745183 0.0604285 0.0448133 0.0288671 0.0153121
 1.02543e-11 4.82315e-10 1.57087e-08 3.5427e-07 5.53243e-06 5.98251e-05 0.000447958 0.00232261 0.0083388 0.020731 0.0356919 0.0425967 0.0355996 0.0229778 0.0200799 0.0377511 0.074665 0.113387 0.132663 0.127975 0.109998 0.087865 0.0642773 0.0409944 0.0215724
 5.20226e-11 2.44689e-09 7.96937e-08 1.79729e-06 2.80673e-05 0.000303506 0.0022726 0.0117832 0.0423058 0.105184 0.181136 0.216223 0.179473 0.104855 0.045134 0.0166454 0.007664 0.00701499 0.010345 0.0146044 0.0166369 0.0153063 0.0117002 0.00747835 0.00390407
 3.27355e-11 1.53972e-09 5.01478e-08 1.13096e-06 1.76616e-05 0.000190986 0.00143012 0.00741626 0.0266438 0.0664107 0.115504 0.143271 0.136582 0.119698 0.112963 0.102768 0.0745079 0.0399875 0.0168808 0.00804282 0.00685671 0.00725036 0.0065132 0.00457848 0.00248605
 3.75251e-11 1.765e-09 5.74849e-08 1.29643e-06 2.02456e-05 0.000218928 0.00163932 0.00850034 0.0305279 0.0759876 0.13145 0.159729 0.141892 0.104451 0.0802545 0.0706526 0.0625515 0.0510327 0.036677 0.021851 0.0107567 0.0052134 0.00318767 0.00216204 0.0012434
 2.65384e-11 1.24824e-09 4.06543e-08 9.16858e-07 1.43181e-05 0.000154831 0.0011594 0.0060125 0.0216029 0.0538682 0.0938414 0.117121 0.113993 0.104914 0.105891 0.104623 0.0886334 0.0659948 0.0474723 0.0334034 0.0212173 0.0114209 0.00529745 0.00233258 0.00103169
 4.30039e-11 2.0227e-09 6.58779e-08 1.48571e-06 2.32015e-05 0.000250891 0.00187864 0.00974096 0.0349784 0.0870155 0.150186 0.180885 0.155466 0.103226 0.0650227 0.0487339 0.0420406 0.0367718 0.0304262 0.022679 0.0149683 0.00872814 0.00440769 0.00188465 0.000685634
 3.50297e-11 1.64763e-09 5.36622e-08 1.21022e-06 1.88993e-05 0.00020437 0.00153033 0.00793552 0.0285042 0.0709971 0.123135 0.15112 0.138998 0.112018 0.0963621 0.0855094 0.0661126 0.0433415 0.0272776 0.0185213 0.0129161 0.00824161 0.00448969 0.00202362 0.000741717
 3.64707e-11 1.71541e-09 5.58697e-08 1.26e-06 1.96767e-05 0.000212776 0.00159326 0.00826164 0.0296722 0.0738728 0.127894 0.155892 0.140024 0.106219 0.0849628 0.0750774 0.0635346 0.0488054 0.034568 0.0223729 0.0132187 0.00737795 0.00389436 0.00182228 0.000702719
 3.89736e-11 1.83313e-09 5.97038e-08 1.34647e-06 2.10271e-05 0.000227378 0.00170259 0.00882846 0.0317064 0.0789218 0.13653 0.165917 0.147395 0.108252 0.0818171 0.0684683 0.0552667 0.0408202 0.0289691 0.0199008 0.0125987 0.00708104 0.00349893 0.00151397 0.000561249
 3.95663e-11 1.86101e-09 6.06118e-08 1.36695e-06 2.13469e-05 0.000230836 0.00172849 0.00896274 0.0321888 0.0801239 0.138618 0.168498 0.149817 0.11026 0.0834341 0.0693191 0.054646 0.0385152 0.0256725 0.0167613 0.0104373 0.00596621 0.00302024 0.00130714 0.00047023
 3.82848e-11 1.80073e-09 5.86487e-08 1.32268e-06 2.06555e-05 0.00022336 0.00167251 0.00867257 0.0311478 0.0775442 0.134234 0.163539 0.146605 0.11045 0.0867916 0.0740885 0.0589727 0.041503 0.0272444 0.0171851 0.0101907 0.00556306 0.00274379 0.00118119 0.000425515
 3.56846e-11 1.67843e-09 5.46655e-08 1.23284e-06 1.92526e-05 0.00020819 0.00155893 0.00808372 0.0290348 0.0723018 0.125283 0.153219 0.139244 0.108935 0.0906948 0.0808459 0.0661551 0.0478951 0.0323447 0.0207072 0.0121972 0.00647897 0.00307206 0.00127331 0.000446671
 3.30168e-11 1.55295e-09 5.05786e-08 1.14067e-06 1.78133e-05 0.000192626 0.00144239 0.00747952 0.0268663 0.0669186 0.116069 0.142487 0.131223 0.106328 0.0930879 0.0861621 0.0726345 0.0546056 0.0385642 0.025708 0.0156106 0.00843262 0.00399241 0.00162329 0.000552998
 3.61447e-11 1.70007e-09 5.53703e-08 1.24874e-06 1.95009e-05 0.000210874 0.00157902 0.00818778 0.0294067 0.0732103 0.126736 0.154427 0.138532 0.104711 0.0832793 0.0733382 0.0623033 0.0489193 0.036593 0.0257666 0.0164387 0.00927782 0.00454132 0.00188 0.000641528
 3.41115e-11 1.60444e-09 5.22555e-08 1.1785e-06 1.84039e-05 0.000199013 0.00149021 0.00772743 0.0277558 0.0691248 0.119831 0.146803 0.134219 0.106687 0.0908322 0.0821819 0.0679334 0.0502194 0.0356716 0.0249593 0.0164969 0.00981997 0.00506693 0.00219118 0.000771526
 3.38057e-11 1.59006e-09 5.1787e-08 1.16793e-06 1.82389e-05 0.000197228 0.00147684 0.00765811 0.0275065 0.0684999 0.118722 0.145321 0.132489 0.104624 0.0886361 0.0809476 0.0688932 0.0531383 0.0388142 0.0269247 0.0173175 0.0101842 0.00534669 0.00240099 0.000882354
 3.44321e-11 1.61952e-09 5.27467e-08 1.18957e-06 1.85769e-05 0.000200883 0.00150421 0.00779997 0.0280154 0.0697612 0.120866 0.147751 0.134076 0.104552 0.0869659 0.0784257 0.0663874 0.0513 0.0380107 0.0270461 0.0178062 0.010564 0.00553256 0.00248712 0.000926887
 3.48755e-11 1.64038e-09 5.3426e-08 1.20489e-06 1.88161e-05 0.00020347 0.00152358 0.00790039 0.0283759 0.0706571 0.122406 0.149574 0.135536 0.105265 0.0869641 0.0778465 0.0652729 0.0497649 0.0364121 0.0258186 0.0171469 0.0103481 0.00551417 0.00250826 0.000941683
 3.64511e-11 1.71448e-09 5.58396e-08 1.25932e-06 1.96661e-05 0.000212662 0.0015924 0.0082572 0.0296564 0.0738348 0.127838 0.155868 0.140129 0.10649 0.0851097 0.0743773 0.0614959 0.0462344 0.0332697 0.0232103 0.0152301 0.00915408 0.004904 0.00225675 0.000858302
 3.60427e-11 1.69527e-09 5.5214e-08 1.24522e-06 1.94458e-05 0.000210279 0.00157457 0.00816476 0.0293251 0.0730172 0.126471 0.154428 0.139562 0.107565 0.0876825 0.0772653 0.063351 0.0466004 0.0326087 0.022182 0.0142556 0.00842472 0.00446362 0.00204709 0.000781297
 3.72511e-11 1.75211e-09 5.70652e-08 1.28696e-06 2.00978e-05 0.000217329 0.00162735 0.0084384 0.0303068 0.0754502 0.130608 0.159116 0.142634 0.107512 0.0848244 0.0734006 0.0602753 0.0448488 0.0316373 0.0213795 0.0134585 0.00774708 0.00400801 0.00180661 0.000682645
 3.66364e-11 1.7232e-09 5.61236e-08 1.26573e-06 1.97662e-05 0.000213743 0.0016005 0.00829924 0.0298077 0.0742156 0.128524 0.156828 0.141387 0.108241 0.0873208 0.0763275 0.0622131 0.0454256 0.0314563 0.0210879 0.0132533 0.00758147 0.00386145 0.00170402 0.000630937
 3.57803e-11 1.68293e-09 5.48121e-08 1.23615e-06 1.93043e-05 0.000208749 0.00156311 0.00810536 0.0291119 0.0724888 0.125572 0.153407 0.138888 0.107583 0.0884006 0.0784514 0.064722 0.0478514 0.0333906 0.0222973 0.0138413 0.00781512 0.00393736 0.00171779 0.000626953
 3.36282e-11 1.58171e-09 5.15153e-08 1.1618e-06 1.81432e-05 0.000196193 0.0014691 0.00761798 0.027363 0.0681487 0.118155 0.144825 0.132664 0.106025 0.0911357 0.0834647 0.0701817 0.0529128 0.0377368 0.0256621 0.0160973 0.00909972 0.00455333 0.00196459 0.000708283
 3.43543e-11 1.61586e-09 5.26275e-08 1.18688e-06 1.85349e-05 0.000200429 0.00150081 0.00778233 0.027952 0.0696036 0.120594 0.147421 0.133788 0.104375 0.0869582 0.0787219 0.0670955 0.0522417 0.0387325 0.0272328 0.0175353 0.0101118 0.00512101 0.0022168 0.000796118
 3.53687e-11 1.66357e-09 5.41815e-08 1.22193e-06 1.90822e-05 0.000206347 0.00154512 0.00801208 0.0287767 0.0716517 0.124105 0.151539 0.136954 0.105602 0.0863016 0.0766529 0.0640001 0.0486685 0.0356 0.0252732 0.0167443 0.00999195 0.00521278 0.00230458 0.000837816
 3.52666e-11 1.65877e-09 5.40251e-08 1.2184e-06 1.90271e-05 0.000205752 0.00154066 0.00798899 0.028694 0.0714487 0.123773 0.151225 0.136966 0.106218 0.0874899 0.07795 0.0648111 0.0486922 0.0349428 0.0243161 0.0159265 0.00954595 0.00507862 0.00230585 0.000859653
#pred catch len freq
 2.26025e-11 1.06311e-09 3.4625e-08 7.80879e-07 1.21946e-05 0.000131868 0.000987439 0.00512061 0.0183963 0.0458533 0.0797486 0.0989259 0.094425 0.0835777 0.0822142 0.0836966 0.0783429 0.0687925 0.0596311 0.0511552 0.0434223 0.0368902 0.0306872 0.0232655 0.0147225
 1.0773e-11 5.0671e-10 1.65032e-08 3.72189e-07 5.81231e-06 6.28536e-05 0.000470691 0.00244166 0.00878287 0.022 0.0390031 0.0518624 0.0605519 0.0757255 0.0981103 0.111456 0.107078 0.0941166 0.0812832 0.0690999 0.0570508 0.0457948 0.0352944 0.0248863 0.0149226
 7.35725e-12 3.4605e-10 1.12706e-08 2.54181e-07 3.96942e-06 4.29245e-05 0.000321441 0.00166729 0.00599518 0.0149956 0.0264397 0.0345025 0.0384899 0.0460575 0.061637 0.080705 0.0986912 0.112293 0.115222 0.105198 0.0876538 0.0684763 0.0500217 0.0329988 0.0185871
 3.07258e-11 1.44519e-09 4.7069e-08 1.06152e-06 1.65772e-05 0.000179259 0.00134226 0.00695974 0.0249907 0.0621635 0.107251 0.128984 0.110264 0.0720693 0.0445774 0.0354742 0.0379588 0.046683 0.0576146 0.065014 0.0640822 0.0545866 0.0403333 0.0257069 0.013748
 4.31837e-11 2.03115e-09 6.61533e-08 1.49192e-06 2.32985e-05 0.00025194 0.0018865 0.00978178 0.0351259 0.0873942 0.150915 0.182115 0.157614 0.10672 0.0687136 0.0486798 0.034179 0.0221909 0.0161219 0.0157071 0.0171651 0.0169933 0.0140201 0.00938477 0.00501571
 3.30642e-11 1.55518e-09 5.06512e-08 1.14231e-06 1.78389e-05 0.000192903 0.00144447 0.00749048 0.0269079 0.0670454 0.116445 0.143679 0.134611 0.113518 0.103344 0.094533 0.073139 0.0460399 0.0255663 0.0144025 0.00960647 0.00788506 0.00664988 0.00478436 0.0026969
 3.00274e-11 1.41235e-09 4.59992e-08 1.0374e-06 1.62005e-05 0.000175186 0.0013118 0.00680253 0.0244366 0.060888 0.105753 0.130506 0.122391 0.10383 0.0967119 0.0938637 0.0823351 0.0641128 0.0453004 0.0283981 0.0156295 0.00822919 0.00474885 0.00293137 0.00162735
 3.21612e-11 1.51271e-09 4.9268e-08 1.11112e-06 1.73517e-05 0.000187634 0.00140501 0.00728565 0.0261691 0.0651754 0.112999 0.1385 0.126872 0.101506 0.0878173 0.082014 0.0719807 0.0583158 0.0451973 0.0327133 0.0209581 0.0115872 0.0056356 0.00255312 0.0011093
 3.46472e-11 1.62964e-09 5.30763e-08 1.197e-06 1.86929e-05 0.000202138 0.00151361 0.00784868 0.02819 0.0701944 0.121603 0.148586 0.134618 0.104503 0.0862723 0.0772044 0.0648435 0.0498486 0.0372756 0.0273622 0.0187886 0.0114782 0.00600964 0.00264922 0.000988814
 3.19247e-11 1.50158e-09 4.89056e-08 1.10294e-06 1.72241e-05 0.000186255 0.00139468 0.00723222 0.0259789 0.0647185 0.112321 0.138205 0.128292 0.105992 0.0949432 0.0885114 0.0738892 0.054607 0.0384798 0.0266883 0.0177613 0.0109504 0.00599594 0.00278119 0.00105375
 3.48463e-11 1.639e-09 5.33812e-08 1.20388e-06 1.88003e-05 0.000203299 0.0015223 0.00789376 0.0283519 0.0705966 0.122295 0.14941 0.135299 0.104932 0.0866469 0.0779007 0.0660109 0.0509322 0.037238 0.0258097 0.0165677 0.00977379 0.00522247 0.00243224 0.000941271
 3.62585e-11 1.70543e-09 5.55447e-08 1.25267e-06 1.95623e-05 0.000211538 0.001584 0.00821365 0.0295004 0.0734527 0.127217 0.155297 0.140212 0.107767 0.0874326 0.0766641 0.0625225 0.0457665 0.0320658 0.0220352 0.0143154 0.00847204 0.00445308 0.00202536 0.000772117
 3.54346e-11 1.66667e-09 5.42825e-08 1.2242e-06 1.91177e-05 0.000206732 0.00154801 0.0080271 0.0288314 0.0717973 0.12442 0.152214 0.138491 0.108665 0.0907862 0.0809406 0.0659678 0.0475143 0.032203 0.0211644 0.013189 0.00760419 0.00395243 0.00178433 0.000672833
 3.36636e-11 1.58338e-09 5.15695e-08 1.16302e-06 1.81623e-05 0.0001964 0.00147064 0.00762605 0.0273923 0.0682271 0.118325 0.145194 0.133506 0.107704 0.0935769 0.0857465 0.0711208 0.0521168 0.035787 0.0234493 0.0142723 0.00792534 0.00396385 0.0017378 0.000643044
 3.26747e-11 1.53686e-09 5.00546e-08 1.12886e-06 1.76287e-05 0.00019063 0.00142744 0.00740205 0.0265881 0.066228 0.114885 0.141099 0.130154 0.105894 0.0932146 0.0865821 0.0731466 0.055161 0.0391914 0.0264092 0.0163242 0.00905919 0.00445092 0.00189468 0.000679287
 3.36364e-11 1.5821e-09 5.15279e-08 1.16208e-06 1.81476e-05 0.000196241 0.00146945 0.00761982 0.0273693 0.0681631 0.118169 0.144789 0.132461 0.10552 0.0903372 0.0826386 0.0696917 0.0529464 0.0382368 0.0264107 0.0168176 0.00959176 0.00479031 0.00204101 0.000722257
 3.35519e-11 1.57812e-09 5.13984e-08 1.15916e-06 1.8102e-05 0.000195748 0.00146576 0.0076007 0.0273009 0.0679959 0.1179 0.144558 0.132561 0.106214 0.0915272 0.0837091 0.0699447 0.0522746 0.0371868 0.0256039 0.0164888 0.00961218 0.00492586 0.00214612 0.000769614
 3.22193e-11 1.51544e-09 4.9357e-08 1.11312e-06 1.7383e-05 0.000187974 0.00140755 0.00729894 0.0262182 0.0653109 0.113324 0.139323 0.128965 0.105834 0.0941242 0.0877382 0.0738525 0.0553045 0.0392041 0.026739 0.0170418 0.00990041 0.005113 0.00226491 0.000828221
 3.23671e-11 1.5224e-09 4.95834e-08 1.11823e-06 1.74628e-05 0.000188836 0.00141401 0.00733237 0.0263377 0.0656027 0.11379 0.139709 0.128731 0.104472 0.0917724 0.0854639 0.0729086 0.0559951 0.0407804 0.0282765 0.0180922 0.0104713 0.00538202 0.00238364 0.000877345
 3.23307e-11 1.52068e-09 4.95276e-08 1.11697e-06 1.74431e-05 0.000188623 0.00141242 0.00732411 0.0263081 0.0655292 0.113664 0.139561 0.128615 0.104406 0.0916915 0.0852358 0.0724623 0.0555028 0.0406006 0.0285851 0.0186855 0.0110162 0.00571829 0.00253911 0.000934762
 3.36635e-11 1.58337e-09 5.15694e-08 1.16302e-06 1.81622e-05 0.000196399 0.00147064 0.00762595 0.0273911 0.068216 0.11825 0.144839 0.132348 0.105099 0.0895895 0.0817426 0.0689009 0.0524395 0.0381278 0.0267661 0.0175625 0.0104745 0.00552498 0.00249014 0.00092616
 3.42294e-11 1.60999e-09 5.24363e-08 1.18257e-06 1.84675e-05 0.000199701 0.00149536 0.00775413 0.0278515 0.0693617 0.120231 0.147242 0.134461 0.106569 0.0904433 0.0818632 0.0679789 0.0505048 0.0357483 0.0246083 0.0159798 0.00950327 0.00503278 0.00228993 0.000861995
 3.45953e-11 1.6272e-09 5.29967e-08 1.19521e-06 1.86649e-05 0.000201835 0.00151134 0.00783699 0.0281489 0.0701008 0.121501 0.148744 0.135663 0.107166 0.090522 0.0816562 0.0676075 0.0499297 0.0348954 0.0235375 0.0149156 0.0086789 0.0045339 0.00205379 0.00077515
 3.46219e-11 1.62845e-09 5.30375e-08 1.19613e-06 1.86793e-05 0.00020199 0.0015125 0.00784302 0.0281705 0.070154 0.121589 0.148832 0.13568 0.107057 0.0903197 0.0815073 0.0676686 0.050204 0.0352096 0.0236969 0.0148583 0.00848865 0.00433965 0.00192887 0.000719022
 3.43412e-11 1.61524e-09 5.26075e-08 1.18643e-06 1.85278e-05 0.000200353 0.00150024 0.00777946 0.0279425 0.0695894 0.120632 0.147762 0.135031 0.107214 0.091205 0.0826265 0.0685104 0.0506179 0.0353639 0.0237729 0.0149002 0.0084786 0.00428936 0.00187644 0.000687339
 3.30094e-11 1.5526e-09 5.05673e-08 1.14042e-06 1.78093e-05 0.000192583 0.00144207 0.00747787 0.0268604 0.0669056 0.116056 0.142516 0.131389 0.106721 0.0936133 0.0864294 0.0722302 0.0535877 0.037514 0.0251974 0.0157497 0.00893283 0.00450073 0.00195583 0.000709137
 3.32425e-11 1.56357e-09 5.09244e-08 1.14847e-06 1.7935e-05 0.000193943 0.00145224 0.00753061 0.0270492 0.0673693 0.116816 0.14324 0.131396 0.105409 0.0911297 0.0839177 0.0710143 0.0540153 0.0388782 0.0266177 0.0167841 0.00954019 0.00479971 0.00207828 0.000749559
 3.38264e-11 1.59103e-09 5.18189e-08 1.16864e-06 1.82501e-05 0.000197349 0.00147775 0.00766284 0.0275237 0.0685467 0.118827 0.145563 0.133065 0.10577 0.0902292 0.0822193 0.0689939 0.0520925 0.0374856 0.0259855 0.0167368 0.00971327 0.00495438 0.00215788 0.000778585
 3.35427e-11 1.57769e-09 5.13843e-08 1.15884e-06 1.8097e-05 0.000195694 0.00146536 0.00759862 0.0272934 0.0679771 0.117867 0.144514 0.132509 0.106155 0.0914688 0.0836887 0.0699935 0.0523599 0.0372297 0.0255783 0.0164549 0.00962995 0.00498757 0.00220808 0.000806702
#obs catch len freq
 2.07971e-11 9.78197e-10 3.18592e-08 7.18507e-07 1.12205e-05 0.000121335 0.000908571 0.00471167 0.0169279 0.0422006 0.0734456 0.0913439 0.0879529 0.0794608 0.0802158 0.0836171 0.0806217 0.0736665 0.0666481 0.0594581 0.0515748 0.0426175 0.032167 0.0210274 0.0113007
 2.25122e-11 1.05887e-09 3.44865e-08 7.77759e-07 1.21458e-05 0.000131341 0.000983491 0.0051001 0.0183222 0.0456639 0.0793871 0.0983284 0.0933885 0.0817693 0.0796689 0.0812983 0.0774147 0.0702181 0.0634824 0.0566413 0.048798 0.0398632 0.0298105 0.019368 0.0103494
 7.27511e-16 3.42935e-14 1.12661e-12 2.62758e-11 4.64171e-10 7.33174e-09 1.23674e-07 2.05771e-06 2.75904e-05 0.00026817 0.00182783 0.00866639 0.0285884 0.0659957 0.10836 0.131659 0.128556 0.113864 0.0999724 0.0875781 0.0747419 0.0606173 0.0449553 0.0289591 0.015361
 8.98332e-12 4.22532e-10 1.37616e-08 3.10359e-07 4.84669e-06 5.24098e-05 0.000392434 0.00203473 0.00730521 0.0181615 0.0312686 0.0373254 0.0312601 0.0205666 0.0194137 0.0384147 0.0765636 0.116361 0.136161 0.131361 0.11292 0.0902053 0.0659917 0.0420885 0.0221482
 5.1121e-11 2.40449e-09 7.83125e-08 1.76614e-06 2.75809e-05 0.000298246 0.00223321 0.011579 0.0415728 0.103363 0.17801 0.212539 0.17657 0.103512 0.0451058 0.0172322 0.00840946 0.00797447 0.0118371 0.0167222 0.019051 0.0175277 0.0133984 0.00856378 0.00447073
 3.06202e-11 1.44023e-09 4.69072e-08 1.05788e-06 1.65203e-05 0.000178645 0.00133772 0.00693726 0.0249255 0.062153 0.108271 0.135109 0.131351 0.120131 0.118528 0.110199 0.0804476 0.0432632 0.0182864 0.00873268 0.00745971 0.00789166 0.00708972 0.00498378 0.00270613
 3.55819e-11 1.6736e-09 5.45082e-08 1.2293e-06 1.91972e-05 0.000207591 0.00155443 0.0080603 0.0289489 0.0720707 0.124765 0.152038 0.136463 0.103486 0.0834468 0.0760286 0.0681729 0.0558367 0.0401888 0.0239591 0.0117983 0.00571957 0.00349773 0.00237249 0.00136445
 2.44778e-11 1.15132e-09 3.74977e-08 8.45668e-07 1.32064e-05 0.000142809 0.00106939 0.00554587 0.0199286 0.0497161 0.0867637 0.109017 0.108396 0.104229 0.109698 0.110486 0.0941894 0.0703124 0.0506633 0.0356845 0.022676 0.012208 0.00566297 0.00249362 0.00110294
 4.13589e-11 1.94532e-09 6.33579e-08 1.42888e-06 2.2314e-05 0.000241294 0.00180678 0.00936842 0.0336415 0.0836979 0.144515 0.174321 0.150694 0.102007 0.0670867 0.0525794 0.0462898 0.0407269 0.033757 0.0251776 0.0166219 0.00969355 0.00489551 0.00209329 0.000761547
 3.319e-11 1.5611e-09 5.0844e-08 1.14666e-06 1.79068e-05 0.000193637 0.00144996 0.00751892 0.0270095 0.0672917 0.116828 0.14394 0.134184 0.111807 0.100341 0.0912258 0.0711266 0.0467654 0.029485 0.0200448 0.0139863 0.00892601 0.00486277 0.00219182 0.00080337
 3.47602e-11 1.63495e-09 5.32492e-08 1.20091e-06 1.87539e-05 0.000202797 0.00151854 0.00787427 0.0282822 0.0704255 0.122015 0.149149 0.13533 0.105551 0.0880088 0.0799272 0.0683142 0.052645 0.0373387 0.0241829 0.0142928 0.00797865 0.00421171 0.00197082 0.000760009
 3.74107e-11 1.75962e-09 5.73096e-08 1.29248e-06 2.01839e-05 0.00021826 0.00163432 0.00847455 0.0304365 0.0757725 0.131162 0.159771 0.143153 0.107739 0.084722 0.0729508 0.0595295 0.0441239 0.031361 0.0215602 0.0136536 0.0076749 0.00379254 0.00164105 0.000608362
 3.80317e-11 1.78883e-09 5.82609e-08 1.31393e-06 2.05189e-05 0.000221883 0.00166145 0.00861523 0.0309419 0.0770322 0.133352 0.162483 0.14572 0.10991 0.0865169 0.0739369 0.0589164 0.0416701 0.0278186 0.0181778 0.0113238 0.00647384 0.00327738 0.00141845 0.000510278
 3.66967e-11 1.72604e-09 5.62159e-08 1.26781e-06 1.97987e-05 0.000214095 0.00160314 0.00831294 0.0298575 0.0743449 0.128785 0.15732 0.142381 0.110123 0.0900402 0.078937 0.063453 0.0448 0.0294525 0.0185934 0.0110302 0.00602231 0.00297048 0.0012788 0.000460684
 3.41812e-11 1.60772e-09 5.23623e-08 1.1809e-06 1.84415e-05 0.000199419 0.00149325 0.00774326 0.0278132 0.0692728 0.120122 0.147321 0.135213 0.108555 0.0936681 0.0853505 0.0703848 0.0510871 0.0345414 0.0221278 0.0130379 0.00692636 0.00328433 0.00136131 0.000477543
 3.13023e-11 1.47231e-09 4.79521e-08 1.08144e-06 1.68883e-05 0.000182624 0.00136749 0.00709127 0.0254732 0.0634638 0.110179 0.135741 0.126561 0.105748 0.0962607 0.0910973 0.0773818 0.0583263 0.0412452 0.0275146 0.016713 0.00902926 0.00427511 0.00173827 0.000592173
 3.45153e-11 1.62343e-09 5.28741e-08 1.19245e-06 1.86218e-05 0.000201368 0.00150784 0.00781878 0.0280827 0.069926 0.121133 0.14799 0.134017 0.103972 0.0860117 0.0777581 0.0666936 0.0525279 0.0393435 0.0277205 0.0176899 0.00998506 0.00488769 0.00202343 0.000690474
 3.23708e-11 1.52257e-09 4.9589e-08 1.11836e-06 1.74648e-05 0.000188857 0.00141417 0.00733325 0.0263415 0.0656173 0.113852 0.139955 0.129487 0.1061 0.0940405 0.087134 0.0726289 0.0538439 0.0383011 0.0268204 0.017733 0.0105571 0.00544754 0.00235581 0.000829499
 3.20542e-11 1.50768e-09 4.9104e-08 1.10742e-06 1.7294e-05 0.00018701 0.00140034 0.00726148 0.0260833 0.06497 0.112701 0.138411 0.127663 0.10389 0.0916618 0.0857764 0.0736285 0.0569537 0.0416571 0.0289169 0.0186046 0.0109425 0.00574508 0.00257994 0.000948124
 3.26869e-11 1.53743e-09 5.00732e-08 1.12928e-06 1.76353e-05 0.000190701 0.00142797 0.00740475 0.0265973 0.0662438 0.114867 0.140863 0.129257 0.103798 0.0899403 0.0831806 0.0710453 0.055064 0.0408563 0.0290914 0.0191585 0.0113676 0.00595371 0.00267648 0.000997466
 3.32616e-11 1.56447e-09 5.09536e-08 1.14913e-06 1.79454e-05 0.000194054 0.00145308 0.00753491 0.0270645 0.0674046 0.116859 0.14321 0.131099 0.104608 0.0897738 0.0822935 0.0695871 0.0532023 0.0389768 0.0276552 0.0183716 0.0110884 0.00590884 0.00268781 0.0010091
 3.48377e-11 1.6386e-09 5.3368e-08 1.20358e-06 1.87957e-05 0.000203249 0.00152193 0.00789184 0.0283454 0.0705835 0.122294 0.149512 0.135714 0.105883 0.0879926 0.078895 0.0658439 0.0496549 0.03578 0.0249791 0.0163956 0.00985573 0.00528009 0.00242986 0.000924144
 3.43669e-11 1.61645e-09 5.26468e-08 1.18732e-06 1.85417e-05 0.000200503 0.00150136 0.00778527 0.0279635 0.0696405 0.120715 0.147839 0.135018 0.107026 0.0908146 0.0820884 0.0679243 0.0501168 0.0351198 0.0239087 0.0153707 0.00908486 0.00481361 0.00220764 0.000842577
 3.55941e-11 1.67418e-09 5.45268e-08 1.22972e-06 1.92038e-05 0.000207662 0.00155497 0.00806317 0.0289604 0.0721112 0.124916 0.152596 0.138126 0.106948 0.0878794 0.0781443 0.0648175 0.0483869 0.0341832 0.0231175 0.0145575 0.0083808 0.0043361 0.00195453 0.000738544
 3.49925e-11 1.64588e-09 5.36051e-08 1.20893e-06 1.88792e-05 0.000204152 0.00152869 0.00792695 0.028472 0.0709031 0.122879 0.15037 0.136947 0.107752 0.0904551 0.0811223 0.0667386 0.0488799 0.033897 0.0227417 0.0142976 0.00817999 0.00416649 0.00183867 0.000680795
 3.4048e-11 1.60145e-09 5.21583e-08 1.1763e-06 1.83697e-05 0.000198642 0.00148743 0.00771306 0.0277044 0.0689982 0.119622 0.146596 0.134193 0.107032 0.0916537 0.083469 0.0695012 0.0515438 0.03602 0.0240722 0.0149485 0.00844148 0.00425317 0.00185562 0.00067726
 3.18712e-11 1.49907e-09 4.88236e-08 1.1011e-06 1.71952e-05 0.000185942 0.00139234 0.00722008 0.0259353 0.0646079 0.112118 0.137907 0.12787 0.105394 0.0943292 0.0884553 0.0749912 0.0566973 0.0404915 0.0275558 0.0172909 0.00977576 0.00489186 0.0021107 0.000760965
 3.27046e-11 1.53826e-09 5.01003e-08 1.12989e-06 1.76448e-05 0.000190804 0.00142874 0.00740874 0.0266115 0.0662786 0.114922 0.140908 0.129229 0.103654 0.089763 0.0832256 0.0715355 0.0558537 0.0414624 0.0291703 0.018788 0.0108352 0.00548761 0.00237553 0.000853128
 3.36408e-11 1.5823e-09 5.15345e-08 1.16223e-06 1.815e-05 0.000196266 0.00146964 0.00762079 0.0273727 0.0681694 0.118167 0.144726 0.132208 0.104908 0.0893234 0.0814252 0.0686219 0.0523457 0.0383451 0.0272422 0.0180545 0.0107751 0.00562161 0.00248536 0.000903545
#spawning biomass
 25165 25240.7 20368 14319.9 16120.6 28837.5 39489.1 48265.3 63029 82165.9 87711.1 103024 130740 150948 159455 147794 147362 139503 135522 140368 132313 124654 121469 147296 161422 164304 173712 185687 204939 248092 284937 194563 121668 76332.3 51163.5 38096.3 31591.7 28441.4 26943.3 26239.6 25911.9 25760.1 25690.1 25657.9 25643.1 25636.3 25633.2 25631.8 25631.2 25630.9 25630.7 25630.7 25630.6 25630.6 25630.6 25630.6 25630.6 25630.6 25630.6 25630.6 25630.6 25630.6 25630.6 25630.6 25630.6 25630.6 25630.6 25630.6 25630.6 25630.6 25630.6 25630.6 25630.6 25630.6 25630.6 25630.6 25630.6 25630.6 25630.6 25630.6 25630.6 25630.6 25630.6 25630.6 25630.6 25630.6 25630.6 25630.6 25630.6 25630.6 25630.6 25630.6 25630.6 25630.6 25630.6 25630.6 25630.6 25630.6 25630.6 25630.6 25630.6 25630.6 25630.6 25630.6 25630.6 25630.6 25630.6 25630.6 25630.6 25630.6 25630.6 25630.6 25630.6 25630.6 25630.6 25630.6 25630.6 25630.6 25630.6 25630.6 25630.6 25630.6 25630.6 25630.6 25630.6 25630.6 25630.6 25630.6 25630.6 0 0 0 0 0 0 0 0 0 0 0 0 0 0 0 0 0 0 0 0 0 0 0 0 0
