SBPRF35
0.224663
Curr Bio
28754.4
B35
67940.9
F35
0.510931
FOFL
0.251937
OFL
9954.56
Bzero
64189.3
#pred survey bio
 7886.81 7724.02 8639.86 10893 14764.9 17180.6 16503.9 15233.3 25205.1 38566.2 38182.5 45328.6 71770.4 85269 73371.5 62511.6 57785.9 63195 60209.8 63274.4 64168.7 66761.8 73268.1 77704.3 80584.9 85074 78953.9 85920.2 3.47386e+06 2.46184e+06 1.99833e+06 1.48207e+06 1.16508e+06 995740 909985 867163 845504 834194 828024 824494 822383 821073 820236 819690 819331 819093 818935 818828 818757 818708 818676 818654 818639 818629 818622 818617 818614 818612 818611 818610 818609 818609 818608 818608 818608 818608 818608 818608 818608 818608 818608 818608 818608 818608 818608 818608 818608 818608 818608 818608 818608 818608 818608 818608 818608 818608 818608 818608 818608 818608 818608 818608 818608 818608 818608 818608 818608 818608 818608 818608 818608 818608 818608 818608 818608 818608 818608 818608 818608 818608 818608 818608 818608 818608 818608 818608 818608 818608 818608 818608 818608 818608 818608 818608 818608 818608 818608 818608 0 0 0 0 0 0 0 0 0 0 0 0 0 0 0 0 0 0 0 0 0 0 0 0 0
#obs survey bio
 6590.35 9690.97 6651.48 12422.3 21183.2 13735.8 15527.4 23504.7 44266.8 35936.2 28773.3 59498.5 78424.9 72603.9 58731.7 39628.5 51021.8 51376.3 49740.4 78184.2 62620.3 78355.2 96534.2 67153.2 96145.9 69995.6 55298.5 84465.1
#pred catch bio
 3821.59 3803.31 3999.6 4572.62 6776.11 8441.7 9650.21 7514.68 8771.57 20008.7 22933.7 19404.4 33502.2 49248.1 43293.6 38574.9 29284.3 36699.7 32568.9 35007 37017.7 35476.8 39911.9 44044.3 41978.7 49235.9 44276.9 43524.6 9954.56 31227.9 27367.9 18988.3 13930.8 11385.9 10200.6 9673.41 9445.73 9349.32 9309.02 9292.33 9285.46 9282.65 9281.49 9281.02 9280.83 9280.76 9280.73 9280.71 9280.71 9280.71 9280.7 9280.7 9280.7 9280.7 9280.7 9280.7 9280.7 9280.7 9280.7 9280.7 9280.7 9280.7 9280.7 9280.7 9280.7 9280.7 9280.7 9280.7 9280.7 9280.7 9280.7 9280.7 9280.7 9280.7 9280.7 9280.7 9280.7 9280.7 9280.7 9280.7 9280.7 9280.7 9280.7 9280.7 9280.7 9280.7 9280.7 9280.7 9280.7 9280.7 9280.7 9280.7 9280.7 9280.7 9280.7 9280.7 9280.7 9280.7 9280.7 9280.7 9280.7 9280.7 9280.7 9280.7 9280.7 9280.7 9280.7 9280.7 9280.7 9280.7 9280.7 9280.7 9280.7 9280.7 9280.7 9280.7 9280.7 9280.7 9280.7 9280.7 9280.7 9280.7 9280.7 9280.7 9280.7 9280.7 9280.7 9280.7 0 0 0 0 0 0 0 0 0 0 0 0 0 0 0 0 0 0 0 0 0 0 0 0 0
#obs catch bio
 2961.89 3842.95 3970.64 4501.32 6544.22 8304.04 9870.76 7573.4 8365.59 19033.5 24317.2 18814.8 32145.7 49348.5 44331 41286 28950.4 37109.4 32768.3 34851.4 37308 35275.6 39976 43903.1 41411.4 50969.5 45057.2 43855.4
#pred cpue bio
 5136.96 4366.72 4558.62 5593.04 7679.74 9426.01 9793.24 7742.15 10429.1 20757.9 21216.2 19299 34165.5 46214.2 40747.9 33907.2 28365.5 34082.7 30919 32965.4 33418.2 32828.2 37928.6 39791.4 40618.6 45735.1 41540.2 41973.2 1.80639e+06 1.9064e+06 1.77201e+06 1.27949e+06 963404 794091 708337 665515 643857 632546 626376 622846 620735 619426 618588 618042 617683 617446 617287 617180 617109 617061 617028 617006 616991 616981 616974 616970 616967 616965 616963 616962 616962 616961 616961 616961 616960 616960 616960 616960 616960 616960 616960 616960 616960 616960 616960 616960 616960 616960 616960 616960 616960 616960 616960 616960 616960 616960 616960 616960 616960 616960 616960 616960 616960 616960 616960 616960 616960 616960 616960 616960 616960 616960 616960 616960 616960 616960 616960 616960 616960 616960 616960 616960 616960 616960 616960 616960 616960 616960 616960 616960 616960 616960 616960 616960 616960 616960 616960 616960 0 0 0 0 0 0 0 0 0 0 0 0 0 0 0 0 0 0 0 0 0 0 0 0 0
#obs cpue bio
 4827.06 3888.63 5873.96 7398.43 11322.5 9680.67 7261.32 7096.69 14745 28709.8 12676.8 28204.9 49573.8 46675.4 25740.8 24668.3 33751.2 41628.6 31141.5 29929.6 36482 23343 34544.3 48051.9 35813.6 29124.4 47736.5 44210.1
#pred surv len freq
 2.14264e-27 2.16587e-27 5.8551e-27 1.26215e-21 7.50647e-17 1.02638e-12 3.22643e-09 2.33175e-06 0.000387417 0.0147991 0.129966 0.262407 0.122401 0.0289495 0.0977374 0.137458 0.0548338 0.0409511 0.0352262 0.0212592 0.0161878 0.0124276 0.0113514 0.0097129 0.00394289
 2.14318e-27 2.16804e-27 6.12166e-27 1.35261e-21 8.04449e-17 1.09994e-12 3.45768e-09 2.49887e-06 0.000415184 0.0158597 0.139281 0.281214 0.131193 0.0315421 0.107901 0.151552 0.057207 0.0332985 0.0258378 0.0105376 0.00577506 0.00341472 0.00244437 0.00181194 0.000711921
 2.14384e-27 2.16978e-27 6.30866e-27 1.41603e-21 8.42166e-17 1.15151e-12 3.61979e-09 2.61604e-06 0.00043465 0.0166033 0.145811 0.294399 0.137305 0.0319748 0.10657 0.149581 0.0553704 0.0289059 0.021469 0.00706846 0.00270789 0.000990814 0.000455988 0.000257538 9.21138e-05
 2.14427e-27 2.17084e-27 6.4201e-27 1.45382e-21 8.64645e-17 1.18225e-12 3.71641e-09 2.68586e-06 0.000446252 0.0170465 0.149703 0.302257 0.140932 0.0318167 0.103236 0.14486 0.0534129 0.0272341 0.0200202 0.00621818 0.00207943 0.000545994 0.000134256 4.29079e-05 1.22372e-05
 2.14407e-27 2.17037e-27 6.37239e-27 1.43765e-21 8.55025e-17 1.16909e-12 3.67506e-09 2.65598e-06 0.000441287 0.0168568 0.148038 0.298894 0.139376 0.0318012 0.104156 0.146186 0.0543005 0.0289084 0.0214286 0.00672337 0.00224143 0.000536202 9.38442e-05 1.42323e-05 2.29723e-06
 2.14262e-27 2.16679e-27 5.99113e-27 1.30831e-21 7.781e-17 1.06391e-12 3.34442e-09 2.41703e-06 0.000401585 0.0153403 0.134719 0.272004 0.127 0.0332608 0.12117 0.170144 0.0624173 0.0308526 0.0225868 0.00707547 0.00235911 0.000563846 9.2139e-05 9.7069e-06 7.25602e-07
 2.14077e-27 2.1623e-27 5.52471e-27 1.15013e-21 6.84028e-17 9.35286e-13 2.94008e-09 2.12481e-06 0.000353034 0.0134856 0.118432 0.239121 0.111824 0.0339719 0.135423 0.190395 0.071772 0.0413834 0.0308781 0.00924601 0.00290335 0.000686893 0.000111553 1.09649e-05 5.74564e-07
 2.1447e-27 2.17193e-27 6.53959e-27 1.49438e-21 8.88764e-17 1.21523e-12 3.82008e-09 2.76078e-06 0.0004587 0.017522 0.153879 0.310688 0.144801 0.0310536 0.0960369 0.134775 0.0507191 0.0289942 0.021679 0.00667492 0.0021483 0.000485767 7.47418e-05 7.186e-06 3.51136e-07
 2.14763e-27 2.17904e-27 7.27969e-27 1.74537e-21 1.03804e-16 1.41934e-12 4.4617e-09 3.22449e-06 0.000535743 0.020465 0.179725 0.362869 0.168875 0.0297227 0.0721849 0.100943 0.0359034 0.0142812 0.0100205 0.00314269 0.00104465 0.000243037 3.74919e-05 3.44722e-06 1.61427e-07
 2.14239e-27 2.16611e-27 5.90498e-27 1.27902e-21 7.60681e-17 1.0401e-12 3.26955e-09 2.36292e-06 0.000392595 0.0149969 0.131703 0.265916 0.12424 0.0347383 0.132025 0.185253 0.0651566 0.0235677 0.0159558 0.00444687 0.00125994 0.000294089 4.71759e-05 4.41725e-06 2.02854e-07
 2.14251e-27 2.16655e-27 5.96991e-27 1.30113e-21 7.73834e-17 1.05808e-12 3.32609e-09 2.40377e-06 0.000399384 0.0152562 0.133981 0.270513 0.126294 0.0328404 0.119054 0.167275 0.0630025 0.0361291 0.026505 0.00678634 0.00159257 0.00031905 4.51994e-05 4.22549e-06 1.98727e-07
 2.1472e-27 2.178e-27 7.16861e-27 1.70769e-21 1.01563e-16 1.38869e-12 4.36538e-09 3.15487e-06 0.000524177 0.0200232 0.175845 0.355035 0.165268 0.030104 0.0768738 0.107557 0.0383138 0.0154164 0.010765 0.00315693 0.000919782 0.00017308 1.99967e-05 1.58382e-06 6.94752e-08
 2.14496e-27 2.17243e-27 6.57163e-27 1.50515e-21 8.95168e-17 1.22398e-12 3.8476e-09 2.78068e-06 0.000462005 0.0176483 0.154988 0.312927 0.145899 0.0327405 0.10566 0.148038 0.0513149 0.0161459 0.0104762 0.00279774 0.000724775 0.000152652 2.03185e-05 1.47593e-06 5.4008e-08
 2.14251e-27 2.16646e-27 5.94821e-27 1.29371e-21 7.69419e-17 1.05204e-12 3.30711e-09 2.39006e-06 0.000397105 0.0151691 0.133216 0.26897 0.125626 0.0340289 0.126775 0.177964 0.0641322 0.0281084 0.0196122 0.00478554 0.00100194 0.000186455 2.36144e-05 1.88301e-06 7.14045e-08
 2.14197e-27 2.16516e-27 5.81212e-27 1.24756e-21 7.41969e-17 1.01451e-12 3.18913e-09 2.30479e-06 0.000382938 0.014628 0.128463 0.259375 0.1212 0.0342997 0.13132 0.184399 0.0667847 0.0303274 0.0214758 0.00568638 0.00138867 0.000241038 2.49257e-05 1.76046e-06 6.69115e-08
 2.14271e-27 2.16697e-27 6.00634e-27 1.31345e-21 7.81159e-17 1.0681e-12 3.35757e-09 2.42653e-06 0.000403164 0.0154006 0.135249 0.273074 0.127503 0.0334992 0.122304 0.171711 0.0625839 0.0296492 0.021187 0.00568461 0.00144461 0.000272408 3.07275e-05 1.98252e-06 6.42497e-08
 2.14455e-27 2.17145e-27 6.47202e-27 1.47137e-21 8.75083e-17 1.19652e-12 3.76128e-09 2.71829e-06 0.000451639 0.0172523 0.151511 0.305906 0.142653 0.0327287 0.107704 0.150984 0.0532369 0.0196779 0.0133224 0.00351405 0.00086929 0.000165506 1.96501e-05 1.36983e-06 4.49802e-08
 2.14252e-27 2.16648e-27 5.94807e-27 1.29365e-21 7.69384e-17 1.052e-12 3.30696e-09 2.38995e-06 0.000397087 0.0151684 0.13321 0.268958 0.125628 0.0342348 0.128035 0.1797 0.064189 0.0263616 0.0182154 0.00462396 0.00105602 0.000195991 2.30923e-05 1.65199e-06 5.74441e-08
 2.1439e-27 2.16988e-27 6.31122e-27 1.41686e-21 8.4266e-17 1.15219e-12 3.62191e-09 2.61757e-06 0.000434905 0.0166131 0.145897 0.294572 0.137413 0.0327173 0.111051 0.155804 0.0563571 0.0253664 0.0178819 0.00460347 0.00107253 0.000191698 2.10384e-05 1.45912e-06 5.09951e-08
 2.14339e-27 2.1686e-27 6.17261e-27 1.36982e-21 8.14685e-17 1.11394e-12 3.50167e-09 2.53067e-06 0.000420467 0.0160616 0.141053 0.284793 0.132921 0.0334939 0.118739 0.166584 0.059382 0.0240118 0.0166407 0.00450188 0.00115632 0.000213284 2.35146e-05 1.56142e-06 5.18118e-08
 2.14348e-27 2.16885e-27 6.20027e-27 1.37921e-21 8.20272e-17 1.12158e-12 3.52569e-09 2.54802e-06 0.00042335 0.0161717 0.142021 0.286746 0.133814 0.0332429 0.116618 0.163626 0.0587691 0.0251523 0.0175605 0.00453881 0.00108042 0.000206388 2.46597e-05 1.69325e-06 5.54992e-08
 2.14456e-27 2.17148e-27 6.47599e-27 1.47273e-21 8.75887e-17 1.19762e-12 3.76473e-09 2.72078e-06 0.000452054 0.0172682 0.15165 0.306187 0.142779 0.0326331 0.107036 0.150057 0.0531287 0.0203341 0.0138575 0.00358921 0.000850807 0.000155443 1.77297e-05 1.26203e-06 4.3748e-08
 2.14338e-27 2.16856e-27 6.16488e-27 1.36718e-21 8.13117e-17 1.11179e-12 3.49493e-09 2.5258e-06 0.000419658 0.0160306 0.140782 0.284245 0.132678 0.0337742 0.120615 0.16919 0.0597652 0.0224332 0.0151826 0.00383913 0.000866988 0.000157004 1.76318e-05 1.20621e-06 4.13281e-08
 2.14393e-27 2.16995e-27 6.3188e-27 1.41943e-21 8.44187e-17 1.15428e-12 3.62848e-09 2.62231e-06 0.000435693 0.0166432 0.146161 0.295106 0.13766 0.0327384 0.111019 0.155752 0.0562478 0.0250323 0.0175753 0.00443787 0.000992676 0.000175292 1.89459e-05 1.27002e-06 4.24383e-08
 2.14396e-27 2.16999e-27 6.31666e-27 1.41867e-21 8.43738e-17 1.15366e-12 3.62655e-09 2.62092e-06 0.000435462 0.0166343 0.146084 0.294949 0.137609 0.0333043 0.11452 0.160585 0.056544 0.0206497 0.0139378 0.003671 0.000895232 0.000160065 1.69951e-05 1.10381e-06 3.5736e-08
 2.14273e-27 2.16699e-27 6.00458e-27 1.31283e-21 7.80791e-17 1.06759e-12 3.35599e-09 2.42538e-06 0.000402974 0.0153933 0.135185 0.272945 0.127456 0.0338423 0.124437 0.174664 0.0628992 0.027436 0.0191839 0.00483855 0.00108873 0.000200303 2.28252e-05 1.50751e-06 4.78474e-08
 2.14328e-27 2.16835e-27 6.1483e-27 1.36159e-21 8.09789e-17 1.10724e-12 3.48063e-09 2.51546e-06 0.00041794 0.015965 0.140206 0.283081 0.132124 0.0333527 0.118393 0.166139 0.0598078 0.0260274 0.0182678 0.004811 0.00117083 0.000209671 2.26842e-05 1.53745e-06 5.10001e-08
 2.14486e-27 2.17223e-27 6.55874e-27 1.50081e-21 8.9259e-17 1.22046e-12 3.83653e-09 2.77267e-06 0.000460675 0.0175975 0.154542 0.312025 0.145458 0.0320793 0.101895 0.142857 0.0512083 0.0216027 0.015075 0.00399496 0.00099253 0.000185877 2.11388e-05 1.40682e-06 4.58547e-08
#obs surv len freq
 8.66767e-40 4.24223e-33 4.77342e-27 1.23484e-21 7.34405e-17 1.00417e-12 3.1566e-09 2.28128e-06 0.000379039 0.0144788 0.127153 0.256729 0.119897 0.0321856 0.11921 0.167648 0.0650978 0.0433018 0.0338709 0.0126951 0.00535428 0.0016003 0.000347513 4.63898e-05 3.17924e-06
 1.0376e-39 5.07834e-33 5.71422e-27 1.47822e-21 8.7915e-17 1.20208e-12 3.77875e-09 2.73091e-06 0.000453744 0.0173324 0.152214 0.307325 0.143229 0.0305935 0.0942416 0.132321 0.0508471 0.0322636 0.0249914 0.00911203 0.00372633 0.00108544 0.00022898 2.96335e-05 1.95746e-06
 9.69563e-40 4.74534e-33 5.33953e-27 1.38129e-21 8.21503e-17 1.12326e-12 3.53097e-09 2.55184e-06 0.000423991 0.0161959 0.142233 0.287175 0.133997 0.0328194 0.113903 0.159833 0.0578457 0.0261894 0.0191349 0.00671168 0.0026269 0.000739061 0.000150241 1.88166e-05 1.20331e-06
 1.05026e-39 5.1403e-33 5.78394e-27 1.49625e-21 8.89877e-17 1.21675e-12 3.82485e-09 2.76423e-06 0.00045928 0.0175439 0.154071 0.311075 0.144992 0.0313607 0.097795 0.137202 0.0508939 0.0268684 0.0197069 0.00571331 0.00175643 0.000459421 8.86319e-05 1.0638e-05 6.5586e-07
 9.8826e-40 4.83685e-33 5.4425e-27 1.40792e-21 8.37345e-17 1.14492e-12 3.59906e-09 2.60105e-06 0.000432168 0.0165083 0.144976 0.292713 0.13656 0.032889 0.112659 0.15804 0.0566899 0.0240625 0.0170885 0.00526757 0.00168252 0.000366551 5.68768e-05 6.22498e-06 3.64686e-07
 8.13586e-40 3.98194e-33 4.48054e-27 1.15907e-21 6.89345e-17 9.42554e-13 2.96293e-09 2.14131e-06 0.000355782 0.0135904 0.119351 0.240978 0.112713 0.0347764 0.139774 0.196384 0.0719411 0.0352167 0.0253968 0.0070533 0.00196162 0.000435287 6.4395e-05 5.79375e-06 2.90076e-07
 7.88599e-40 3.85965e-33 4.34294e-27 1.12348e-21 6.68173e-17 9.13606e-13 2.87193e-09 2.07555e-06 0.000344856 0.013173 0.115686 0.233577 0.109245 0.0335532 0.134537 0.189271 0.0730783 0.0473083 0.0358011 0.0105538 0.00313645 0.000639065 8.51968e-05 7.33443e-06 3.24144e-07
 1.32847e-39 6.50192e-33 7.31607e-27 1.8926e-21 1.1256e-16 1.53905e-12 4.83802e-09 3.49645e-06 0.00058094 0.0221912 0.194883 0.393473 0.182939 0.0274514 0.0490958 0.0685261 0.0261921 0.0161989 0.0123924 0.00419972 0.00149738 0.000327913 4.45284e-05 3.53351e-06 1.43522e-07
 1.10495e-39 5.40795e-33 6.08511e-27 1.57416e-21 9.36212e-17 1.2801e-12 4.024e-09 2.90816e-06 0.000483195 0.0184574 0.162093 0.327272 0.152529 0.0326538 0.100807 0.141081 0.0472657 0.00955944 0.00528355 0.00171946 0.000612559 0.000153038 2.4426e-05 2.06736e-06 8.20373e-08
 6.36109e-40 3.11331e-33 3.50315e-27 9.06231e-22 5.3897e-17 7.36944e-13 2.31659e-09 1.6742e-06 0.000278171 0.0106258 0.0933157 0.188415 0.088559 0.038704 0.179593 0.2523 0.0888502 0.0324515 0.0214991 0.00459529 0.000657674 0.000130562 2.16867e-05 2.10312e-06 9.32662e-08
 1.2324e-39 6.03174e-33 6.78701e-27 1.75573e-21 1.0442e-16 1.42776e-12 4.48816e-09 3.24361e-06 0.00053893 0.0205864 0.18079 0.36502 0.169801 0.0278766 0.0602678 0.0844704 0.0345436 0.02797 0.0213677 0.00540569 0.00117191 0.000172624 1.35722e-05 1.00891e-06 4.75094e-08
 1.18229e-39 5.78649e-33 6.51105e-27 1.68435e-21 1.00174e-16 1.3697e-12 4.30568e-09 3.11172e-06 0.000517017 0.0197494 0.173439 0.350179 0.163066 0.0312535 0.0853543 0.119345 0.040198 0.00886119 0.00521862 0.00193459 0.000730526 0.00013656 1.31088e-05 6.81171e-07 1.88417e-08
 8.84312e-40 4.32809e-33 4.87004e-27 1.25983e-21 7.4927e-17 1.02449e-12 3.2205e-09 2.32746e-06 0.000386711 0.0147719 0.129726 0.261926 0.122432 0.0356965 0.139077 0.195073 0.0670098 0.0190859 0.0117693 0.00254522 0.000395455 8.76955e-05 1.36178e-05 9.28499e-07 2.56686e-08
 9.23605e-40 4.52041e-33 5.08643e-27 1.31581e-21 7.82563e-17 1.07001e-12 3.3636e-09 2.43088e-06 0.000403894 0.0154282 0.135491 0.273563 0.127721 0.0332824 0.120833 0.169689 0.0625808 0.0318913 0.0227685 0.00527664 0.000925387 0.000131437 1.12051e-05 8.61509e-07 3.35968e-08
 7.3882e-40 3.61601e-33 4.0688e-27 1.05256e-21 6.25996e-17 8.55937e-13 2.69065e-09 1.94454e-06 0.000323087 0.0123415 0.108383 0.218835 0.10253 0.0362343 0.155347 0.218268 0.0787397 0.034806 0.0247376 0.00712272 0.00197626 0.000325775 2.6617e-05 1.32047e-06 3.80962e-08
 1.12405e-39 5.50146e-33 6.19033e-27 1.60138e-21 9.524e-17 1.30223e-12 4.09359e-09 2.95844e-06 0.00049155 0.0187766 0.164896 0.33293 0.15504 0.0298747 0.0821371 0.115213 0.0442542 0.0279623 0.0209102 0.00568021 0.00149294 0.000300036 3.55536e-05 2.06236e-06 5.06757e-08
 8.71167e-40 4.26376e-33 4.79765e-27 1.24111e-21 7.38133e-17 1.00926e-12 3.17263e-09 2.29286e-06 0.000380963 0.0145523 0.127798 0.258033 0.120632 0.0356857 0.140184 0.196645 0.0676914 0.0197868 0.0128102 0.00412165 0.00136818 0.000273788 3.32936e-05 2.41097e-06 7.72506e-08
 9.53743e-40 4.66791e-33 5.25241e-27 1.35875e-21 8.08099e-17 1.10493e-12 3.47335e-09 2.5102e-06 0.000417073 0.0159317 0.139912 0.282489 0.131829 0.0327768 0.115056 0.161554 0.0598298 0.0312502 0.0224179 0.00525822 0.00102503 0.00021644 3.13638e-05 2.39028e-06 8.48817e-08
 1.01013e-39 4.94387e-33 5.56292e-27 1.43908e-21 8.55872e-17 1.17025e-12 3.67869e-09 2.6586e-06 0.00044173 0.0168735 0.148183 0.299189 0.139545 0.0326519 0.10926 0.153241 0.0549025 0.0230886 0.0162696 0.00474936 0.00134834 0.000229678 2.28219e-05 1.75539e-06 6.97022e-08
 8.65358e-40 4.23533e-33 4.76566e-27 1.23283e-21 7.33211e-17 1.00253e-12 3.15147e-09 2.27758e-06 0.000378422 0.0144553 0.126946 0.256312 0.119812 0.0350495 0.136819 0.192043 0.0680167 0.0261074 0.0178445 0.00473616 0.00120179 0.000243291 2.97316e-05 1.89504e-06 6.14155e-08
 1.11338e-39 5.44924e-33 6.13158e-27 1.58618e-21 9.43361e-17 1.28988e-12 4.05474e-09 2.93037e-06 0.000486885 0.0185984 0.163331 0.329771 0.15361 0.0306911 0.088073 0.123468 0.0456495 0.0236271 0.0170694 0.00438587 0.00102246 0.000188913 2.2379e-05 1.64158e-06 5.57049e-08
 8.90485e-40 4.35831e-33 4.90404e-27 1.26863e-21 7.545e-17 1.03164e-12 3.24298e-09 2.34371e-06 0.00038941 0.014875 0.130632 0.263754 0.123263 0.0353119 0.136177 0.191022 0.0660472 0.0202478 0.0131496 0.00381114 0.0010921 0.000201741 2.18432e-05 1.49158e-06 5.20958e-08
 1.00175e-39 4.90289e-33 5.51681e-27 1.42715e-21 8.48777e-17 1.16055e-12 3.6482e-09 2.63656e-06 0.000438068 0.0167336 0.146955 0.296709 0.138384 0.0322701 0.107677 0.151117 0.0556421 0.028086 0.0200616 0.00477253 0.000946381 0.000181679 2.2869e-05 1.564e-06 5.08646e-08
 1.03804e-39 5.08049e-33 5.71665e-27 1.47884e-21 8.79524e-17 1.20259e-12 3.78035e-09 2.73207e-06 0.000453937 0.0173398 0.152278 0.307457 0.143365 0.032578 0.106317 0.149037 0.0526528 0.0197999 0.0135744 0.00387547 0.00106816 0.000182541 1.7729e-05 1.22038e-06 4.28185e-08
 8.72646e-40 4.271e-33 4.8058e-27 1.24321e-21 7.39386e-17 1.01098e-12 3.17801e-09 2.29676e-06 0.00038161 0.014577 0.128015 0.258471 0.12081 0.0350517 0.136182 0.19113 0.0674852 0.0252361 0.0170742 0.00434839 0.00101281 0.000197833 2.36334e-05 1.48484e-06 4.52944e-08
 9.24929e-40 4.52689e-33 5.09373e-27 1.3177e-21 7.83685e-17 1.07155e-12 3.36842e-09 2.43436e-06 0.000404473 0.0154503 0.135685 0.273955 0.127901 0.0332267 0.120374 0.169039 0.062291 0.031606 0.0227339 0.00577209 0.00130259 0.000229289 2.51496e-05 1.76553e-06 5.85483e-08
 9.67723e-40 4.73633e-33 5.3294e-27 1.37866e-21 8.19944e-17 1.12112e-12 3.52426e-09 2.54699e-06 0.000423187 0.0161652 0.141963 0.28663 0.133752 0.0330123 0.115245 0.161723 0.0585138 0.0264066 0.0188503 0.00545177 0.00154851 0.00028194 2.93635e-05 1.88491e-06 6.18007e-08
 1.12743e-39 5.518e-33 6.20894e-27 1.60619e-21 9.55263e-17 1.30615e-12 4.10589e-09 2.96734e-06 0.000493028 0.018833 0.165391 0.333932 0.155547 0.0310501 0.0890102 0.124684 0.0446339 0.0186451 0.0130278 0.0035713 0.000957284 0.000195084 2.43368e-05 1.62374e-06 5.03665e-08
#pred catch len freq
 2.13539e-27 2.1473e-27 3.8693e-27 5.88565e-22 3.50041e-17 4.78619e-13 1.50455e-09 1.08734e-06 0.00018066 0.00690108 0.0606057 0.122371 0.057714 0.0303984 0.148784 0.209929 0.0868501 0.0737249 0.0643528 0.0391289 0.0298913 0.0229604 0.0209741 0.0179468 0.00728541
 2.13583e-27 2.14995e-27 4.21792e-27 7.06903e-22 4.20422e-17 5.74852e-13 1.80705e-09 1.30596e-06 0.000216984 0.00828863 0.0727912 0.146975 0.0692821 0.0355512 0.172834 0.243417 0.0941039 0.0614263 0.0484391 0.0198641 0.0109307 0.00646741 0.00463012 0.00343222 0.00134853
 2.13634e-27 2.15144e-27 4.38137e-27 7.62326e-22 4.53384e-17 6.19921e-13 1.94873e-09 1.40835e-06 0.000233996 0.00893848 0.0784982 0.158497 0.0746595 0.0368904 0.177539 0.249893 0.0945277 0.0555213 0.0420019 0.0138953 0.00534998 0.00195937 0.000901928 0.000509413 0.000182202
 2.13648e-27 2.1518e-27 4.41942e-27 7.75226e-22 4.61056e-17 6.30412e-13 1.98171e-09 1.43219e-06 0.000237956 0.00908974 0.0798266 0.161179 0.0759052 0.0370448 0.177673 0.250064 0.0943842 0.0547933 0.0411173 0.0128357 0.00431769 0.00113497 0.000279174 8.92286e-05 2.54478e-05
 2.13655e-27 2.152e-27 4.44335e-27 7.83358e-22 4.65893e-17 6.37025e-13 2.0025e-09 1.44721e-06 0.000240452 0.00918509 0.080664 0.16287 0.0766758 0.0367534 0.175385 0.246875 0.0937492 0.056129 0.0423562 0.0133498 0.00447341 0.00107117 0.000187529 2.84427e-05 4.59096e-06
 2.13537e-27 2.14908e-27 4.12911e-27 6.76738e-22 4.02482e-17 5.50322e-13 1.72994e-09 1.25024e-06 0.000207725 0.00793494 0.0696851 0.140704 0.0664839 0.0382357 0.191115 0.268978 0.100626 0.0557387 0.0415831 0.0130834 0.00438381 0.00104873 0.000171424 1.80609e-05 1.35009e-06
 2.13432e-27 2.14658e-27 3.87669e-27 5.9117e-22 3.51591e-17 4.80738e-13 1.51121e-09 1.09215e-06 0.00018146 0.00693163 0.060874 0.122915 0.0582496 0.0379702 0.194856 0.27446 0.105408 0.0666001 0.0503367 0.0151198 0.00476654 0.00112856 0.000183321 1.80201e-05 9.44272e-07
 2.13754e-27 2.15445e-27 4.70569e-27 8.7236e-22 5.18826e-17 7.09402e-13 2.23001e-09 1.61164e-06 0.000267771 0.0102287 0.0898287 0.181373 0.0851889 0.0356557 0.163107 0.229608 0.0882005 0.0557947 0.0423201 0.0130782 0.00422749 0.000956695 0.000147238 1.41571e-05 6.91781e-07
 2.14031e-27 2.16108e-27 5.38331e-27 1.10211e-21 6.55464e-17 8.9623e-13 2.81731e-09 2.03608e-06 0.000338291 0.0129225 0.113486 0.229136 0.107267 0.0355503 0.148068 0.208023 0.0753166 0.0341652 0.024647 0.00777201 0.00259878 0.000605276 9.34045e-05 8.58897e-06 4.02212e-07
 2.13554e-27 2.14931e-27 4.12764e-27 6.76115e-22 4.02111e-17 5.49814e-13 1.72835e-09 1.24908e-06 0.000207533 0.00792763 0.0696209 0.140575 0.0665065 0.0404288 0.204542 0.287549 0.102373 0.0409921 0.0284362 0.0079533 0.00226438 0.000529078 8.48931e-05 7.94936e-06 3.65064e-07
 2.13618e-27 2.1511e-27 4.34689e-27 7.5063e-22 4.46428e-17 6.10411e-13 1.91883e-09 1.38675e-06 0.000230406 0.00880135 0.0772939 0.156066 0.0735418 0.0370613 0.179316 0.252471 0.0965486 0.0597253 0.0442871 0.011361 0.00267543 0.000536444 7.60128e-05 7.10647e-06 3.34224e-07
 2.14045e-27 2.16143e-27 5.41784e-27 1.11381e-21 6.62427e-17 9.0575e-13 2.84724e-09 2.05771e-06 0.000341885 0.0130598 0.114692 0.23157 0.108393 0.035577 0.147497 0.207205 0.0748562 0.0334291 0.0238613 0.00702403 0.00205603 0.000387244 4.47537e-05 3.54505e-06 1.55509e-07
 2.13792e-27 2.15511e-27 4.73533e-27 8.82223e-22 5.24691e-17 7.17422e-13 2.25522e-09 1.62986e-06 0.000270798 0.0103443 0.0908443 0.183424 0.0862633 0.0390147 0.182994 0.257061 0.0900398 0.031365 0.0209485 0.00561428 0.00146188 0.000308255 4.10413e-05 2.98147e-06 1.09102e-07
 2.1361e-27 2.15075e-27 4.28942e-27 7.31038e-22 4.34776e-17 5.94478e-13 1.86875e-09 1.35055e-06 0.000224392 0.00857162 0.0752764 0.151993 0.0717335 0.0390487 0.192676 0.270991 0.0988493 0.0470517 0.0333516 0.0081545 0.00171407 0.000319323 4.04518e-05 3.22583e-06 1.22327e-07
 2.13565e-27 2.14967e-27 4.17865e-27 6.93479e-22 4.12438e-17 5.63935e-13 1.77274e-09 1.28116e-06 0.000212863 0.00813123 0.0714089 0.144185 0.068126 0.0391154 0.195436 0.274926 0.100823 0.0496763 0.0357097 0.00947729 0.00232299 0.000403549 4.17407e-05 2.94834e-06 1.12062e-07
 2.13667e-27 2.15219e-27 4.44779e-27 7.84786e-22 4.66742e-17 6.38187e-13 2.00615e-09 1.44985e-06 0.00024089 0.00920184 0.0808111 0.163167 0.0768629 0.0380767 0.183374 0.25794 0.0950347 0.0481833 0.0348464 0.00936718 0.00238739 0.000450476 5.08223e-05 3.2792e-06 1.06274e-07
 2.13775e-27 2.15473e-27 4.70274e-27 8.71203e-22 5.18137e-17 7.0846e-13 2.22705e-09 1.6095e-06 0.000267416 0.0102151 0.0897095 0.181133 0.0851836 0.03847 0.18036 0.253466 0.0903949 0.0366787 0.0253797 0.00671387 0.00166829 0.000317954 3.77601e-05 2.63252e-06 8.64437e-08
 2.13617e-27 2.1509e-27 4.30127e-27 7.35039e-22 4.37155e-17 5.97732e-13 1.87898e-09 1.35794e-06 0.00022562 0.00861853 0.0756884 0.152825 0.0721298 0.0393628 0.194342 0.27327 0.0986933 0.0439387 0.0308724 0.00785405 0.00180051 0.000334476 3.9418e-05 2.82011e-06 9.80642e-08
 2.13723e-27 2.15354e-27 4.58733e-27 8.32109e-22 4.94886e-17 6.76669e-13 2.12712e-09 1.53727e-06 0.000255416 0.00975671 0.0856839 0.173005 0.0814034 0.0378683 0.179137 0.251925 0.0923473 0.0453686 0.0325052 0.00838821 0.00196238 0.000351088 3.85411e-05 2.67325e-06 9.34298e-08
 2.13683e-27 2.1525e-27 4.47141e-27 7.92754e-22 4.71481e-17 6.44666e-13 2.02651e-09 1.46457e-06 0.000243336 0.00929526 0.0816315 0.164824 0.0776563 0.0388092 0.187346 0.263393 0.0949733 0.0418224 0.0295099 0.00800449 0.00206396 0.00038102 4.20176e-05 2.7903e-06 9.25904e-08
 2.13715e-27 2.15332e-27 4.56028e-27 8.22912e-22 4.89417e-17 6.6919e-13 2.10361e-09 1.52028e-06 0.000252593 0.00964888 0.084737 0.171094 0.0805356 0.0382945 0.182315 0.256344 0.0930832 0.043014 0.0304897 0.00789717 0.00188644 0.000360659 4.31012e-05 2.95972e-06 9.70114e-08
 2.13799e-27 2.15534e-27 4.76868e-27 8.93579e-22 5.31445e-17 7.26657e-13 2.28425e-09 1.65084e-06 0.000274284 0.0104775 0.0920137 0.185785 0.0873218 0.0381377 0.176929 0.248651 0.0889842 0.0370704 0.0257497 0.0066859 0.00159121 0.00029099 3.31982e-05 2.36329e-06 8.19243e-08
 2.13677e-27 2.15233e-27 4.44842e-27 7.84933e-22 4.66829e-17 6.38306e-13 2.00652e-09 1.45012e-06 0.000240935 0.00920356 0.0808262 0.163198 0.0769238 0.0393182 0.190944 0.268397 0.0958393 0.0392557 0.0271064 0.00687113 0.00155827 0.000282484 3.17317e-05 2.17098e-06 7.4385e-08
 2.13755e-27 2.1543e-27 4.66647e-27 8.58944e-22 5.10847e-17 6.98492e-13 2.19572e-09 1.58685e-06 0.000263653 0.0100714 0.0884472 0.178584 0.0839784 0.0377539 0.176757 0.248544 0.0908067 0.0436805 0.0311212 0.00787414 0.00176766 0.000312421 3.37745e-05 2.26422e-06 7.56611e-08
 2.1372e-27 2.15339e-27 4.55931e-27 8.22544e-22 4.89198e-17 6.68891e-13 2.10267e-09 1.5196e-06 0.00025248 0.00964457 0.0846991 0.171017 0.0805277 0.0390246 0.186795 0.262527 0.0934652 0.0374153 0.0258105 0.00681751 0.00166986 0.000298864 3.17408e-05 2.06174e-06 6.67503e-08
 2.13634e-27 2.15133e-27 4.35075e-27 7.51843e-22 4.47149e-17 6.11397e-13 1.92193e-09 1.38899e-06 0.000230778 0.00881557 0.0774188 0.156319 0.0737262 0.0388616 0.19023 0.267533 0.0974879 0.0461029 0.0327422 0.00827574 0.00186921 0.00034422 3.92339e-05 2.59143e-06 8.22515e-08
 2.13675e-27 2.15234e-27 4.45868e-27 7.88457e-22 4.68925e-17 6.41171e-13 2.01553e-09 1.45663e-06 0.000242017 0.00924488 0.081189 0.16393 0.0772306 0.0384727 0.185561 0.260949 0.0950973 0.0450109 0.0321088 0.00847658 0.00207087 0.000371175 4.01669e-05 2.7226e-06 9.03151e-08
 2.13806e-27 2.15555e-27 4.79621e-27 9.02946e-22 5.37016e-17 7.34274e-13 2.3082e-09 1.66814e-06 0.000277159 0.0105873 0.0929783 0.187732 0.0881982 0.0375005 0.172453 0.242435 0.0880558 0.0407697 0.0289835 0.00770219 0.00192198 0.000360297 4.09856e-05 2.72788e-06 8.89163e-08
#obs catch len freq
 4.08704e-40 2.00032e-33 2.2508e-27 5.8226e-22 3.46292e-17 4.73491e-13 1.48842e-09 1.07569e-06 0.000178727 0.00682714 0.059956 0.121061 0.0573185 0.0359909 0.183329 0.258464 0.103016 0.0762627 0.0605765 0.0231886 0.0100012 0.00304784 0.000680035 9.41287e-05 6.73397e-06
 4.20792e-40 2.05949e-33 2.31737e-27 5.99481e-22 3.56534e-17 4.87495e-13 1.53245e-09 1.1075e-06 0.000184013 0.00702906 0.0617292 0.124642 0.058982 0.0362118 0.183599 0.258789 0.102411 0.0737192 0.0582105 0.021845 0.00921691 0.00275 0.000595935 7.94188e-05 5.43596e-06
 5.7487e-40 2.81359e-33 3.1659e-27 8.18987e-22 4.87083e-17 6.65997e-13 2.09357e-09 1.51303e-06 0.000251391 0.00960283 0.0843321 0.170276 0.0800394 0.035142 0.163314 0.230023 0.0899285 0.061579 0.0481574 0.0175745 0.00718786 0.00208997 0.000439946 5.6839e-05 3.74976e-06
 5.20226e-40 2.54615e-33 2.86496e-27 7.41139e-22 4.40783e-17 6.02691e-13 1.89457e-09 1.36921e-06 0.000227496 0.00869004 0.0763159 0.154092 0.0726788 0.0383742 0.187923 0.264317 0.0967207 0.0470987 0.0348763 0.0122403 0.00478956 0.00134497 0.000272798 3.41063e-05 2.17823e-06
 6.04911e-40 2.96062e-33 3.33134e-27 8.61785e-22 5.12536e-17 7.00801e-13 2.20297e-09 1.59209e-06 0.000264528 0.0101046 0.088739 0.179174 0.0842076 0.036594 0.169497 0.238483 0.0895567 0.0506007 0.0375022 0.0108735 0.00334042 0.000871985 0.000167823 2.01064e-05 1.23795e-06
 5.47145e-40 2.67789e-33 3.01321e-27 7.79488e-22 4.63591e-17 6.33877e-13 1.9926e-09 1.44005e-06 0.000239267 0.00913969 0.0802648 0.162065 0.0763746 0.0386365 0.187122 0.263109 0.0952685 0.0432327 0.0311125 0.00959156 0.00306182 0.000665928 0.000103055 1.12565e-05 6.58532e-07
 4.05143e-40 1.98289e-33 2.23118e-27 5.77186e-22 3.43274e-17 4.69365e-13 1.47545e-09 1.06631e-06 0.00017717 0.00676765 0.0594335 0.120008 0.0569713 0.0397224 0.206428 0.290511 0.10756 0.0561511 0.0409324 0.0113666 0.00315806 0.00069951 0.000103239 9.27087e-06 4.63409e-07
 3.91317e-40 1.91523e-33 2.15504e-27 5.57489e-22 3.3156e-17 4.53348e-13 1.4251e-09 1.02993e-06 0.000171124 0.0065367 0.0574053 0.115912 0.0549956 0.0375277 0.194264 0.273772 0.107152 0.0735944 0.0560938 0.0165267 0.00490494 0.00099767 0.000132652 1.13975e-05 5.02962e-07
 9.78977e-40 4.79141e-33 5.39137e-27 1.3947e-21 8.29479e-17 1.13416e-12 3.56525e-09 2.57661e-06 0.000428108 0.0163532 0.143614 0.289963 0.135225 0.031207 0.10322 0.145032 0.0561157 0.0367129 0.0282865 0.00957664 0.00340907 0.000745172 0.000100938 7.99486e-06 3.24222e-07
 6.91572e-40 3.38477e-33 3.80859e-27 9.85247e-22 5.85963e-17 8.01199e-13 2.51858e-09 1.82018e-06 0.000302426 0.0115523 0.101452 0.204842 0.0961784 0.0393645 0.178673 0.25071 0.0842273 0.0178177 0.0100893 0.00328153 0.00116669 0.000290832 4.63099e-05 3.91297e-06 1.55055e-07
 3.02187e-40 1.47899e-33 1.66419e-27 4.3051e-22 2.5604e-17 3.50089e-13 1.10051e-09 7.95339e-07 0.000132147 0.00504783 0.0443301 0.0895155 0.0430111 0.0433729 0.237903 0.334535 0.118501 0.0454882 0.0304978 0.0065171 0.000930152 0.000184077 3.04919e-05 2.95172e-06 1.30732e-07
 8.57465e-40 4.1967e-33 4.72219e-27 1.22159e-21 7.26523e-17 9.93388e-13 3.12273e-09 2.2568e-06 0.000374971 0.0143234 0.125788 0.253973 0.118588 0.0312493 0.114326 0.161046 0.0667548 0.0565152 0.0433556 0.0109559 0.00236865 0.000348408 2.7307e-05 2.02332e-06 9.51251e-08
 7.97834e-40 3.90484e-33 4.39379e-27 1.13663e-21 6.75998e-17 9.24305e-13 2.90556e-09 2.09986e-06 0.000348894 0.0133273 0.11704 0.236314 0.110654 0.037394 0.157158 0.220451 0.074454 0.0170842 0.010253 0.00379467 0.00142983 0.000266871 2.55544e-05 1.32538e-06 3.65828e-08
 4.88805e-40 2.39236e-33 2.69192e-27 6.96375e-22 4.1416e-17 5.6629e-13 1.78014e-09 1.28651e-06 0.000213755 0.00816517 0.0717065 0.144787 0.068503 0.0417374 0.21126 0.296776 0.102354 0.0304869 0.0190805 0.00412518 0.000638821 0.000141202 2.18802e-05 1.48988e-06 4.11342e-08
 5.21978e-40 2.55472e-33 2.87461e-27 7.43635e-22 4.42267e-17 6.0472e-13 1.90094e-09 1.37382e-06 0.000228262 0.0087193 0.0765729 0.154611 0.0729146 0.0382676 0.187117 0.263284 0.0978903 0.0522988 0.0376219 0.00871251 0.0015237 0.000216045 1.8357e-05 1.40739e-06 5.48207e-08
 3.74863e-40 1.83469e-33 2.06443e-27 5.34047e-22 3.17618e-17 4.34285e-13 1.36518e-09 9.86618e-07 0.000163928 0.00626184 0.0549915 0.11104 0.0528704 0.0409276 0.216487 0.304552 0.110628 0.05128 0.0367727 0.0105739 0.00292651 0.00048173 3.92605e-05 1.94332e-06 5.59461e-08
 7.21374e-40 3.53063e-33 3.97272e-27 1.0277e-21 6.11215e-17 8.35725e-13 2.62711e-09 1.89862e-06 0.000315458 0.0120501 0.105824 0.213667 0.100067 0.0342563 0.144831 0.203845 0.0791295 0.0524334 0.039441 0.0107007 0.00280465 0.000562448 6.64896e-05 3.85107e-06 9.449e-08
 4.76497e-40 2.33212e-33 2.62414e-27 6.7884e-22 4.03732e-17 5.5203e-13 1.73531e-09 1.25411e-06 0.000208373 0.00795957 0.069901 0.141142 0.0668117 0.0415792 0.211392 0.296984 0.10266 0.0314102 0.0206315 0.00662898 0.0021953 0.000438468 5.3171e-05 3.84316e-06 1.22988e-07
 5.47363e-40 2.67896e-33 3.01441e-27 7.798e-22 4.63776e-17 6.3413e-13 1.99339e-09 1.44063e-06 0.000239363 0.00914335 0.0802969 0.16213 0.0763713 0.0377526 0.181707 0.25568 0.0954983 0.0523408 0.0378298 0.00886639 0.00172303 0.000362828 5.2446e-05 3.9901e-06 1.41485e-07
 6.03444e-40 2.95344e-33 3.32326e-27 8.59696e-22 5.11293e-17 6.99101e-13 2.19763e-09 1.58823e-06 0.000263887 0.0100802 0.0885239 0.17874 0.0840634 0.0380973 0.178805 0.251349 0.0906363 0.0399512 0.0284172 0.00828401 0.00234591 0.00039897 3.95186e-05 3.03202e-06 1.20226e-07
 4.70525e-40 2.3029e-33 2.59125e-27 6.70333e-22 3.98672e-17 5.45112e-13 1.71356e-09 1.2384e-06 0.000205761 0.00785982 0.0690249 0.139373 0.0659537 0.0405104 0.205401 0.288765 0.102886 0.0414381 0.0286303 0.0075912 0.00192093 0.000388025 4.73039e-05 3.00977e-06 9.73629e-08
 7.11717e-40 3.48336e-33 3.91954e-27 1.01395e-21 6.03032e-17 8.24538e-13 2.59194e-09 1.8732e-06 0.000311235 0.0118888 0.104407 0.210807 0.0987969 0.0356482 0.15419 0.216825 0.0808332 0.0438674 0.0319277 0.00819478 0.00190494 0.00035121 4.14853e-05 3.03706e-06 1.02919e-07
 4.92083e-40 2.40841e-33 2.70998e-27 7.01045e-22 4.16938e-17 5.70087e-13 1.79207e-09 1.29514e-06 0.000215189 0.00821993 0.0721874 0.145758 0.0689322 0.0412165 0.207787 0.291938 0.101394 0.0325623 0.0214421 0.00620751 0.00177441 0.000327199 3.53288e-05 2.40734e-06 8.39468e-08
 5.97405e-40 2.92389e-33 3.29e-27 8.51093e-22 5.06177e-17 6.92105e-13 2.17564e-09 1.57234e-06 0.000261246 0.00997927 0.087638 0.176951 0.0832077 0.0373317 0.174671 0.245704 0.0911768 0.0481816 0.0346719 0.00824073 0.00162881 0.000311887 3.91561e-05 2.67303e-06 8.67945e-08
 6.29461e-40 3.08077e-33 3.46654e-27 8.9676e-22 5.33337e-17 7.29242e-13 2.29238e-09 1.65671e-06 0.000275264 0.0105147 0.0923404 0.186446 0.0876332 0.0382938 0.177682 0.249668 0.0887173 0.0349952 0.0242566 0.00691696 0.00190182 0.000324491 3.14232e-05 2.15792e-06 7.56034e-08
 4.78144e-40 2.34019e-33 2.63321e-27 6.81188e-22 4.05128e-17 5.53939e-13 1.74131e-09 1.25845e-06 0.000209093 0.00798709 0.0701427 0.141629 0.0669996 0.0405782 0.205135 0.288364 0.102397 0.0401381 0.0274549 0.00698556 0.00162234 0.000316182 3.76775e-05 2.36307e-06 7.1961e-08
 5.19214e-40 2.54119e-33 2.85939e-27 7.39697e-22 4.39925e-17 6.01519e-13 1.89088e-09 1.36654e-06 0.000227053 0.00867313 0.0761674 0.153793 0.0725346 0.0382263 0.187112 0.263274 0.0978406 0.0521591 0.0378162 0.00959263 0.00215913 0.000379324 4.14875e-05 2.90649e-06 9.62532e-08
 5.60228e-40 2.74193e-33 3.08526e-27 7.98128e-22 4.74677e-17 6.49035e-13 2.04025e-09 1.47449e-06 0.000244989 0.00935825 0.0821842 0.16594 0.0781532 0.038292 0.183851 0.258539 0.0942207 0.0446283 0.0321415 0.00928375 0.00263037 0.000478077 4.96555e-05 3.18082e-06 1.0412e-07
#spawning biomass
 4193.21 3233.86 3238.53 3935.39 5430.93 6640.54 7034.23 5500.17 7056.81 14145.3 15079.5 13071.2 22838.6 31914.7 28328.2 23642.9 19224.7 23417.3 21356.7 22606.2 23005.2 22304 25796.4 27438.8 27544.5 31579.2 28668 28754.4 35223.2 68865.9 72286.7 51041.8 36264.7 28718.6 25198.6 23632.7 22956.4 22670.1 22550.4 22500.8 22480.4 22472 22468.6 22467.2 22466.7 22466.4 22466.3 22466.3 22466.3 22466.3 22466.3 22466.3 22466.3 22466.3 22466.3 22466.3 22466.3 22466.3 22466.3 22466.3 22466.3 22466.3 22466.3 22466.3 22466.3 22466.3 22466.3 22466.3 22466.3 22466.3 22466.3 22466.3 22466.3 22466.3 22466.3 22466.3 22466.3 22466.3 22466.3 22466.3 22466.3 22466.3 22466.3 22466.3 22466.3 22466.3 22466.3 22466.3 22466.3 22466.3 22466.3 22466.3 22466.3 22466.3 22466.3 22466.3 22466.3 22466.3 22466.3 22466.3 22466.3 22466.3 22466.3 22466.3 22466.3 22466.3 22466.3 22466.3 22466.3 22466.3 22466.3 22466.3 22466.3 22466.3 22466.3 22466.3 22466.3 22466.3 22466.3 22466.3 22466.3 22466.3 22466.3 22466.3 22466.3 22466.3 22466.3 22466.3 0 0 0 0 0 0 0 0 0 0 0 0 0 0 0 0 0 0 0 0 0 0 0 0 0
