SBPRF35
0.17814
Curr Bio
213165
B35
449231
F35
1.03641
FOFL
0.496872
OFL
29618.7
Bzero
50895.7
#pred survey bio
 42738.4 39827 22179.4 16038.8 31515.3 49958.3 86133.5 132689 173139 184989 197963 223048 252572 296699 310527 256484 271104 265158 289270 302674 288442 345839 307465 347717 354183 341368 300894 268071 9.86643e+06 7.16159e+06 3.44233e+06 1.73892e+06 1.05195e+06 766981 635292 566636 527598 504330 490167 481481 476146 472871 470859 469608 468859 468409 468138 467974 467876 467817 467781 467759 467746 467738 467734 467731 467729 467728 467727 467727 467727 467727 467726 467726 467726 467726 467726 467726 467726 467726 467726 467726 467726 467726 467726 467726 467726 467726 467726 467726 467726 467726 467726 467726 467726 467726 467726 467726 467726 467726 467726 467726 467726 467726 467726 467726 467726 467726 467726 467726 467726 467726 467726 467726 467726 467726 467726 467726 467726 467726 467726 467726 467726 467726 467726 467726 467726 467726 467726 467726 467726 467726 467726 467726 467726 467726 467726 467726 0 0 0 0 0 0 0 0 0 0 0 0 0 0 0 0 0 0 0 0 0 0 0 0 0
#obs survey bio
 33818.4 29141.8 17044.4 14486.2 33047.7 65771 54456 128981 146104 164966 179064 204850 184931 278593 232668 188947 186781 221277 241656 208560 248993 217791 218683 257855 255670 196735 212756 181155
#pred catch bio
 15043.7 20436.5 12021.1 8071.55 17890.8 28782.3 52039.3 84121.6 115968 127717 138447 159608 177114 207269 239097 188632 205069 196929 218105 237173 207899 270707 232496 272265 286050 271602 242930 201528 29618.7 173376 67180.5 25522.8 12318 8594.67 7621.05 7379.22 7321.31 7307.8 7304.71 7304.02 7303.86 7303.83 7303.82 7303.82 7303.82 7303.82 7303.82 7303.82 7303.82 7303.82 7303.82 7303.82 7303.82 7303.82 7303.82 7303.82 7303.82 7303.82 7303.82 7303.82 7303.82 7303.82 7303.82 7303.82 7303.82 7303.82 7303.82 7303.82 7303.82 7303.82 7303.82 7303.82 7303.82 7303.82 7303.82 7303.82 7303.82 7303.82 7303.82 7303.82 7303.82 7303.82 7303.82 7303.82 7303.82 7303.82 7303.82 7303.82 7303.82 7303.82 7303.82 7303.82 7303.82 7303.82 7303.82 7303.82 7303.82 7303.82 7303.82 7303.82 7303.82 7303.82 7303.82 7303.82 7303.82 7303.82 7303.82 7303.82 7303.82 7303.82 7303.82 7303.82 7303.82 7303.82 7303.82 7303.82 7303.82 7303.82 7303.82 7303.82 7303.82 7303.82 7303.82 7303.82 7303.82 7303.82 7303.82 7303.82 0 0 0 0 0 0 0 0 0 0 0 0 0 0 0 0 0 0 0 0 0 0 0 0 0
#obs catch bio
 16680 22790.5 13465.7 8951.12 12821.6 22617.8 43715 73543.9 100746 108155 128273 142857 164578 180689 214472 164248 188131 169683 196698 218236 171422 240166 186094 236173 250637 256203 198872 164729
#pred cpue bio
 28843.6 31349 19888.2 8952.11 11189.8 20464.2 32112 51002.9 71726.9 83311.8 83581.1 86574 91460.1 108908 128345 99966.1 96955.3 92834.1 96854.9 100179 90839 114989 103715 106147 104739 93516.6 94977 79299.3 3.25955e+06 7.04185e+06 3.32282e+06 1.61877e+06 931795 646828 515139 446483 407445 384177 370015 361329 355993 352719 350706 349456 348706 348256 347985 347822 347724 347664 347628 347607 347594 347586 347581 347578 347576 347575 347575 347574 347574 347574 347574 347574 347574 347574 347574 347574 347574 347574 347574 347574 347574 347574 347574 347574 347574 347574 347574 347574 347574 347574 347574 347574 347574 347574 347574 347574 347574 347574 347574 347574 347574 347574 347574 347574 347574 347574 347574 347574 347574 347574 347574 347574 347574 347574 347574 347574 347574 347574 347574 347574 347574 347574 347574 347574 347574 347574 347574 347574 347574 347574 347574 347574 347574 347574 347574 347574 0 0 0 0 0 0 0 0 0 0 0 0 0 0 0 0 0 0 0 0 0 0 0 0 0
#obs cpue bio
 42706.7 27932.8 12211.9 15038.8 25725.4 49296.9 70480.9 108301 140762 182142 134393 151962 151649 213574 271611 226308 201084 199851 177602 203911 223550 298031 343413 256242 245273 196179 321083 247602
#pred surv len freq
 1.50135e-11 1.62957e-09 1.04292e-07 3.93567e-06 8.75737e-05 0.00114901 0.00888994 0.0405756 0.109461 0.17624 0.177445 0.133675 0.104462 0.0851336 0.0588574 0.0365315 0.0228527 0.014311 0.00914323 0.00618535 0.0045348 0.00365978 0.00309047 0.00234966 0.00136185
 1.0491e-11 1.1387e-09 7.28766e-08 2.75014e-06 6.11945e-05 0.000802927 0.00621338 0.0283844 0.0769182 0.126632 0.140622 0.140314 0.151365 0.13795 0.0900886 0.0468727 0.0239623 0.012788 0.00694894 0.00387351 0.00229373 0.00152017 0.00112118 0.000803412 0.000461578
 5.93102e-12 6.43756e-10 4.12003e-08 1.55478e-06 3.45965e-05 0.000453969 0.00351424 0.0160831 0.0439821 0.0756178 0.0987689 0.133958 0.17851 0.176869 0.124636 0.0726815 0.0395276 0.0192939 0.00856966 0.00380458 0.00177174 0.000898593 0.000522068 0.000324879 0.000176398
 1.75891e-11 1.90913e-09 1.22184e-07 4.61085e-06 0.000102597 0.0013461 0.0104143 0.047519 0.128 0.204529 0.198601 0.130521 0.0794189 0.0588917 0.0478236 0.0382868 0.026898 0.0153512 0.00734291 0.0030599 0.00115384 0.000431389 0.000178612 8.49071e-05 3.99983e-05
 1.98703e-11 2.15673e-09 1.3803e-07 5.20883e-06 0.000115903 0.00152068 0.0117649 0.0536823 0.144607 0.231107 0.224569 0.14763 0.087544 0.055581 0.0288625 0.00987756 0.00226961 0.000514978 0.000200003 9.34514e-05 3.72765e-05 1.24788e-05 3.81686e-06 1.22581e-06 4.30668e-07
 1.88923e-11 2.05058e-09 1.31237e-07 4.95246e-06 0.000110198 0.00144584 0.0111861 0.0510457 0.137567 0.220358 0.216501 0.148766 0.0971642 0.0663999 0.0350833 0.0117252 0.00234477 0.000277285 1.93458e-05 7.95941e-07 1.931e-08 2.76226e-10 2.33034e-12 1.17101e-14 6.32346e-17
 1.95344e-11 2.12027e-09 1.35697e-07 5.12078e-06 0.000113944 0.00149498 0.0115662 0.0527769 0.142191 0.22743 0.221866 0.14821 0.0911473 0.0595329 0.0310089 0.010331 0.00206466 0.00024413 1.70322e-05 7.0075e-07 1.70007e-08 2.43192e-10 2.05129e-12 1.02033e-14 2.99324e-17
 1.93364e-11 2.09878e-09 1.34322e-07 5.06888e-06 0.000112789 0.00147983 0.011449 0.0522431 0.140765 0.225249 0.220212 0.148381 0.0930025 0.0616503 0.0322652 0.0107609 0.00215103 0.000254353 1.77455e-05 7.30101e-07 1.77127e-08 2.53375e-10 2.13712e-12 1.06291e-14 3.117e-17
 1.88087e-11 2.04151e-09 1.30656e-07 4.93056e-06 0.000109711 0.00143945 0.0111367 0.0508204 0.136965 0.219438 0.215803 0.148839 0.0979473 0.0672936 0.0356136 0.0119066 0.00238122 0.0002816 1.96469e-05 8.0833e-07 1.96106e-08 2.80524e-10 2.36612e-12 1.1768e-14 3.45099e-17
 1.81394e-11 1.96886e-09 1.26007e-07 4.7551e-06 0.000105807 0.00138823 0.0107405 0.0490159 0.132145 0.212066 0.210211 0.149419 0.104219 0.0744516 0.0398607 0.0133599 0.0026732 0.00031616 2.20585e-05 9.07555e-07 2.20179e-08 3.1496e-10 2.65657e-12 1.32126e-14 3.87461e-17
 1.86647e-11 2.02588e-09 1.29656e-07 4.8928e-06 0.000108871 0.00142843 0.0110514 0.0504322 0.135928 0.217851 0.2146 0.148964 0.0992969 0.0688338 0.0365275 0.0122193 0.00244405 0.000289036 2.01658e-05 8.2968e-07 2.01286e-08 2.87934e-10 2.42861e-12 1.20789e-14 3.54214e-17
 1.92713e-11 2.09171e-09 1.33869e-07 5.05181e-06 0.000112409 0.00147485 0.0114104 0.0520676 0.140296 0.224532 0.219668 0.148438 0.0936126 0.0623466 0.0326783 0.0109022 0.00217943 0.000257714 1.79801e-05 7.39753e-07 1.79469e-08 2.56725e-10 2.16538e-12 1.07697e-14 3.15821e-17
 1.97147e-11 2.13984e-09 1.36949e-07 5.16804e-06 0.000114995 0.00150877 0.0116728 0.0532629 0.143489 0.229415 0.223372 0.148053 0.0894579 0.0576049 0.0298649 0.00993952 0.00198601 0.000234821 1.63826e-05 6.74023e-07 1.63522e-08 2.33914e-10 1.97297e-12 9.81273e-15 2.87759e-17
 1.96316e-11 2.13083e-09 1.36372e-07 5.14627e-06 0.000114511 0.00150242 0.0116237 0.0530391 0.142891 0.228501 0.222679 0.148125 0.0902359 0.0584929 0.0303918 0.0101198 0.00202223 0.000239108 1.66818e-05 6.86332e-07 1.66508e-08 2.38186e-10 2.00901e-12 9.99193e-15 2.93014e-17
 1.8826e-11 2.04338e-09 1.30776e-07 4.93509e-06 0.000109812 0.00144077 0.0111469 0.0508671 0.137089 0.219628 0.215947 0.148824 0.0977852 0.0671086 0.0355038 0.0118691 0.00237368 0.000280706 1.95846e-05 8.05765e-07 1.95484e-08 2.79634e-10 2.35861e-12 1.17307e-14 3.44004e-17
 1.92432e-11 2.08866e-09 1.33674e-07 5.04445e-06 0.000112245 0.0014727 0.0113938 0.0519918 0.140094 0.224223 0.219433 0.148462 0.0938759 0.062647 0.0328566 0.0109632 0.00219168 0.000259165 1.80814e-05 7.43918e-07 1.80479e-08 2.5817e-10 2.17757e-12 1.08303e-14 3.17599e-17
 1.97894e-11 2.14795e-09 1.37468e-07 5.18762e-06 0.000115431 0.00151449 0.0117171 0.0534643 0.144027 0.230238 0.223997 0.147989 0.0887578 0.0568059 0.0293909 0.00977731 0.00195342 0.000230963 1.61134e-05 6.62947e-07 1.60835e-08 2.3007e-10 1.94055e-12 9.65148e-15 2.8303e-17
 1.99136e-11 2.16144e-09 1.38332e-07 5.2202e-06 0.000116156 0.001524 0.0117906 0.0537994 0.144922 0.231607 0.225035 0.147881 0.0875932 0.0554768 0.0286022 0.00950746 0.00189921 0.000224546 1.56656e-05 6.44523e-07 1.56365e-08 2.23676e-10 1.88662e-12 9.38325e-15 2.75164e-17
 2.01621e-11 2.1884e-09 1.40057e-07 5.28533e-06 0.000117605 0.00154301 0.0119377 0.0544692 0.146711 0.234343 0.227111 0.147665 0.0852651 0.0528198 0.0270258 0.00896801 0.00179083 0.000211718 1.47704e-05 6.07692e-07 1.4743e-08 2.10894e-10 1.77881e-12 8.84704e-15 2.5944e-17
 2.02237e-11 2.19509e-09 1.40485e-07 5.30148e-06 0.000117964 0.00154773 0.0119741 0.0546354 0.147155 0.235022 0.227626 0.147612 0.0846876 0.0521608 0.0266347 0.0088342 0.00176394 0.000208535 1.45484e-05 5.98555e-07 1.45213e-08 2.07723e-10 1.75207e-12 8.71402e-15 2.55539e-17
 2.04775e-11 2.22264e-09 1.42249e-07 5.36802e-06 0.000119445 0.00156715 0.0121244 0.0553197 0.148983 0.237818 0.229747 0.147392 0.0823089 0.049446 0.025024 0.00828303 0.00165321 0.000195428 1.36337e-05 5.60923e-07 1.36083e-08 1.94663e-10 1.64191e-12 8.16615e-15 2.39473e-17
 2.01995e-11 2.19247e-09 1.40318e-07 5.29514e-06 0.000117823 0.00154588 0.0119598 0.0545702 0.146981 0.234756 0.227424 0.147633 0.0849141 0.0524193 0.0267881 0.00888668 0.00177449 0.000209784 1.46355e-05 6.02139e-07 1.46082e-08 2.08967e-10 1.76255e-12 8.76619e-15 2.57069e-17
 2.01219e-11 2.18403e-09 1.39778e-07 5.27478e-06 0.00011737 0.00153993 0.0119138 0.0543608 0.146421 0.2339 0.226775 0.1477 0.0856421 0.0532501 0.027281 0.00905536 0.00180838 0.000213795 1.49154e-05 6.13656e-07 1.48876e-08 2.12964e-10 1.79627e-12 8.93386e-15 2.61986e-17
 2.06276e-11 2.23893e-09 1.43291e-07 5.40737e-06 0.00012032 0.00157864 0.0122132 0.0557244 0.150063 0.239471 0.231001 0.147262 0.0809025 0.0478409 0.0240716 0.00795714 0.00158773 0.000187678 1.30929e-05 5.38673e-07 1.30685e-08 1.86941e-10 1.57678e-12 7.84222e-15 2.29974e-17
 2.0774e-11 2.25482e-09 1.44308e-07 5.44573e-06 0.000121174 0.00158984 0.0122998 0.0561189 0.151117 0.241083 0.232223 0.147135 0.0795311 0.0462758 0.023143 0.00763939 0.00152389 0.000180122 1.25657e-05 5.16977e-07 1.25422e-08 1.79412e-10 1.51327e-12 7.52637e-15 2.20711e-17
 2.11006e-11 2.29027e-09 1.46577e-07 5.53136e-06 0.000123079 0.00161483 0.0124931 0.0569996 0.15347 0.24468 0.234953 0.146852 0.07647 0.0427823 0.0210701 0.00693009 0.00138139 0.000163254 1.13886e-05 4.68549e-07 1.13672e-08 1.62605e-10 1.37151e-12 6.82132e-15 2.00036e-17
 2.04663e-11 2.22142e-09 1.42171e-07 5.36507e-06 0.000119379 0.00156629 0.0121177 0.0552894 0.148902 0.237694 0.229653 0.147402 0.0824144 0.0495664 0.0250954 0.00830748 0.00165812 0.00019601 1.36743e-05 5.62592e-07 1.36488e-08 1.95242e-10 1.6468e-12 8.19045e-15 2.40186e-17
 2.07725e-11 2.25466e-09 1.44298e-07 5.44535e-06 0.000121166 0.00158973 0.012299 0.056115 0.151107 0.241067 0.232211 0.147136 0.0795446 0.0462912 0.0231521 0.00764251 0.00152452 0.000180196 1.25708e-05 5.17191e-07 1.25473e-08 1.79486e-10 1.5139e-12 7.52947e-15 2.20802e-17
#obs surv len freq
 4.91243e-11 4.55267e-09 2.48784e-07 8.01616e-06 0.0001523 0.00170622 0.0112729 0.0439579 0.101588 0.142188 0.133444 0.114276 0.114353 0.109098 0.0891706 0.0650898 0.0406649 0.0206706 0.00856263 0.00287098 0.00075366 0.000148688 2.11578e-05 2.0902e-06 1.38808e-07
 2.6554e-11 2.37355e-09 1.25099e-07 3.88774e-06 7.12429e-05 0.000769917 0.00491032 0.0185512 0.0423384 0.0640171 0.0854406 0.128584 0.172747 0.171374 0.133679 0.0902796 0.0512681 0.0234714 0.00886646 0.00278494 0.000694184 0.000129359 1.71832e-05 1.56888e-06 9.5637e-08
 1.38745e-11 1.19409e-09 6.05959e-08 1.81318e-06 3.19924e-05 0.000332938 0.00204605 0.00747313 0.0167669 0.0267 0.0427539 0.0779402 0.127028 0.173315 0.196365 0.167282 0.0998779 0.0428329 0.0142925 0.00392064 0.000871048 0.000148287 1.82411e-05 1.54556e-06 8.70949e-08
 2.67912e-10 2.21644e-08 1.0812e-06 3.10989e-05 0.000527436 0.00527451 0.0311016 0.10814 0.221743 0.268352 0.192499 0.0841034 0.0270448 0.0140096 0.0145534 0.0140732 0.0101913 0.0054567 0.00214159 0.0006092 0.000126002 1.90543e-05 2.07896e-06 1.58452e-07 8.13205e-09
 1.85946e-10 1.4765e-08 6.91297e-07 1.90847e-05 0.000310671 0.00298229 0.0168898 0.056566 0.113425 0.144641 0.146234 0.160108 0.165798 0.118907 0.0530271 0.0152804 0.00375058 0.00129473 0.000538334 0.000177696 4.07307e-05 6.299e-06 6.52746e-07 4.51616e-08 2.07024e-09
 4.3687e-10 3.32469e-08 1.49189e-06 3.9474e-05 0.000615848 0.00566543 0.0307348 0.098376 0.186287 0.211663 0.154702 0.094128 0.0696379 0.0589054 0.0456447 0.0280125 0.0118184 0.0031594 0.000535087 6.51757e-05 7.68805e-06 9.654e-07 9.84119e-08 6.77227e-09 2.98377e-10
 5.11434e-10 3.72524e-08 1.59995e-06 4.05178e-05 0.000605032 0.00532759 0.027672 0.0849254 0.155351 0.176905 0.149361 0.130794 0.118338 0.0826827 0.0419288 0.0173612 0.00632197 0.00188796 0.000421948 6.65377e-05 7.13865e-06 5.24905e-07 2.86223e-08 1.27806e-09 4.5854e-11
 7.95954e-10 5.54197e-08 2.27524e-06 5.50779e-05 0.000786178 0.00661728 0.032853 0.0963479 0.168185 0.181539 0.142089 0.11389 0.100394 0.0759807 0.046697 0.0233467 0.00863739 0.00216431 0.000365618 4.46511e-05 4.2663e-06 3.1721e-07 1.69821e-08 6.14574e-10 1.48066e-11
 9.99572e-10 6.64479e-08 2.60457e-06 6.01976e-05 0.000820388 0.00659324 0.0312636 0.0876987 0.147534 0.158912 0.138164 0.132245 0.123132 0.0887676 0.0502119 0.0234562 0.00849022 0.00219427 0.000397883 5.13691e-05 4.73297e-06 3.07709e-07 1.40457e-08 4.49977e-10 9.97973e-12
 1.38468e-09 8.77853e-08 3.28156e-06 7.23317e-05 0.000940107 0.00720578 0.0325935 0.0873026 0.140935 0.148863 0.134055 0.135184 0.127616 0.0936066 0.0548044 0.0257049 0.0087613 0.00200726 0.00030846 3.35123e-05 2.72181e-06 1.66006e-07 7.28122e-09 2.19052e-10 4.38671e-12
 2.45152e-09 1.48066e-07 5.27305e-06 0.000110728 0.00137105 0.0100112 0.0431318 0.109946 0.168166 0.165024 0.131462 0.116631 0.103613 0.0754672 0.0449133 0.0211547 0.00711429 0.00160627 0.000244862 2.6152e-05 2.00546e-06 1.09814e-07 4.21818e-09 1.12095e-10 2.03258e-12
 3.6988e-09 2.1262e-07 7.20666e-06 0.00014403 0.00169736 0.0117965 0.0483832 0.117528 0.172146 0.165183 0.135102 0.122827 0.103586 0.0672107 0.0345449 0.0143355 0.00441626 0.000938583 0.00013706 1.42074e-05 1.06485e-06 5.68232e-08 2.09609e-09 5.21903e-11 8.62926e-13
 5.21903e-09 2.85272e-07 9.19425e-06 0.000174729 0.00195803 0.0129409 0.0504914 0.116878 0.164525 0.157007 0.136722 0.131158 0.109179 0.0681536 0.0333954 0.0129854 0.00364886 0.000681556 8.33234e-05 6.93653e-06 4.17925e-07 1.88338e-08 6.22702e-10 1.44461e-11 2.25981e-13
 7.60334e-09 3.94852e-07 1.20907e-05 0.000218304 0.00232425 0.0145956 0.0541265 0.119278 0.161062 0.151731 0.136553 0.133313 0.10937 0.0676249 0.0330972 0.0126347 0.00339374 0.000593494 6.65053e-05 4.91433e-06 2.5142e-07 9.23364e-09 2.44108e-10 4.56149e-12 5.90771e-14
 1.04499e-08 5.1519e-07 1.49765e-05 0.000256714 0.00259485 0.0154721 0.0545159 0.11452 0.149665 0.143814 0.140469 0.142418 0.115392 0.0703224 0.0340211 0.0126545 0.00326184 0.00054488 5.85284e-05 4.16723e-06 2.0479e-07 7.08288e-09 1.70459e-10 2.79082e-12 3.06076e-14
 1.80068e-08 8.42209e-07 2.32269e-05 0.000377708 0.00362194 0.020487 0.0684614 0.136216 0.16756 0.14832 0.130644 0.123197 0.0973302 0.0600545 0.0295973 0.0109085 0.00271699 0.000435031 4.49672e-05 3.1087e-06 1.49221e-07 5.02819e-09 1.16836e-10 1.82601e-12 1.88621e-14
 2.63421e-08 1.16815e-06 3.05448e-05 0.000470947 0.00428192 0.022968 0.0728369 0.138017 0.164273 0.147886 0.138044 0.129733 0.0954808 0.0528668 0.0232136 0.00778526 0.00180745 0.000274607 2.7352e-05 1.84646e-06 8.70602e-08 2.87084e-09 6.47711e-11 9.76603e-13 9.68694e-15
 3.61675e-08 1.5199e-06 3.76616e-05 0.000550279 0.00474154 0.0241083 0.0725469 0.131111 0.152164 0.142013 0.142297 0.136433 0.100713 0.0570453 0.0255778 0.00847363 0.00188794 0.000271677 2.55413e-05 1.62952e-06 7.28863e-08 2.29107e-09 4.94993e-11 7.16846e-13 6.83233e-15
 6.04255e-08 2.40536e-06 5.64585e-05 0.000781407 0.00637783 0.0307156 0.0875266 0.149594 0.163204 0.14091 0.130326 0.119263 0.0875926 0.0508753 0.0232201 0.00762479 0.00166615 0.000237686 2.26366e-05 1.48445e-06 6.76861e-08 2.11204e-09 4.40907e-11 6.06518e-13 5.45083e-15
 8.21956e-08 3.09836e-06 6.88662e-05 0.000902585 0.00697679 0.0318348 0.0861301 0.141158 0.153729 0.144983 0.147219 0.131948 0.0874485 0.0439446 0.0174025 0.00509739 0.00101121 0.000131274 1.13477e-05 6.79242e-07 2.88545e-08 8.62083e-10 1.75989e-11 2.38699e-13 2.10666e-15
 1.33626e-07 4.76866e-06 0.000100344 0.00124508 0.00911131 0.0393568 0.100771 0.156055 0.159556 0.139531 0.132696 0.116084 0.0791996 0.0425054 0.0175829 0.00510547 0.00096765 0.000117721 9.41495e-06 5.15239e-07 1.98182e-08 5.34018e-10 9.86283e-12 1.22166e-13 9.9811e-16
 1.82774e-07 6.17418e-06 0.000122981 0.00144448 0.0100074 0.0409473 0.0995803 0.148273 0.152532 0.144972 0.145922 0.123213 0.0771249 0.0372729 0.0140228 0.00378857 0.000682697 8.05859e-05 6.36595e-06 3.46189e-07 1.30574e-08 3.362e-10 5.78477e-12 6.55589e-14 4.85102e-16
 2.66806e-07 8.53084e-06 0.000160835 0.00178811 0.0117265 0.0454326 0.104765 0.148814 0.149111 0.142175 0.14271 0.119715 0.0764127 0.0382077 0.0144671 0.0037839 0.000644627 7.11839e-05 5.248e-06 2.67652e-07 9.56841e-09 2.36149e-10 3.92021e-12 4.28259e-14 3.03021e-16
 4.02847e-07 1.21918e-05 0.000217565 0.0022895 0.0142129 0.0521431 0.114028 0.154596 0.15088 0.14318 0.140329 0.112453 0.0682462 0.032398 0.0116159 0.00287796 0.000466956 4.9552e-05 3.53737e-06 1.74532e-07 5.97071e-09 1.39113e-10 2.16143e-12 2.20589e-14 1.46234e-16
 5.32215e-07 1.52464e-05 0.000257543 0.00256555 0.0150801 0.0524401 0.10924 0.144081 0.145472 0.149982 0.15054 0.117279 0.0684381 0.0311161 0.0105954 0.00247728 0.00037881 3.79746e-05 2.57157e-06 1.20823e-07 3.94419e-09 8.76977e-11 1.29766e-12 1.25572e-14 7.84405e-17
 7.75491e-07 2.10306e-05 0.000336302 0.00317153 0.0176504 0.0581466 0.115042 0.145572 0.144704 0.148978 0.146776 0.11235 0.065425 0.0295737 0.00975707 0.00215842 0.000307735 2.84827e-05 1.76889e-06 7.61032e-08 2.28513e-09 4.70748e-11 6.49537e-13 5.88637e-15 3.45164e-17
 1.11301e-06 2.85774e-05 0.000432664 0.00386332 0.0203613 0.063585 0.119759 0.146659 0.146484 0.152798 0.14645 0.106542 0.0585785 0.0249095 0.00771201 0.00160026 0.000214204 1.8626e-05 1.0849e-06 4.35255e-08 1.20826e-09 2.28287e-11 2.87506e-13 2.37569e-15 1.27282e-17
 1.5312e-06 3.72268e-05 0.000533694 0.00451271 0.0225289 0.0667272 0.119869 0.142971 0.145134 0.154637 0.146591 0.105267 0.0577956 0.0243736 0.00734373 0.00146921 0.000190403 1.62169e-05 9.33635e-07 3.69073e-08 9.94148e-10 1.78857e-11 2.11165e-13 1.61758e-15 7.97217e-18
#pred catch len freq
 1.34097e-12 1.45549e-10 9.31517e-09 3.51534e-07 7.82298e-06 0.000102703 0.000797052 0.00369462 0.0107456 0.0235911 0.0533984 0.118306 0.189735 0.197803 0.144383 0.0903913 0.0565738 0.0354215 0.0226283 0.0153074 0.0112225 0.00905704 0.00764812 0.0058148 0.00337022
 7.67043e-13 8.32554e-11 5.32838e-09 2.01087e-07 4.47557e-06 5.87976e-05 0.000457926 0.00216008 0.00678844 0.0186937 0.055382 0.137691 0.22526 0.229093 0.152985 0.079863 0.0408147 0.021772 0.0118288 0.0065933 0.00390422 0.00258752 0.00190838 0.0013675 0.000785661
 3.10643e-13 3.37175e-11 2.15796e-09 8.14446e-08 1.81335e-06 2.38663e-05 0.000187591 0.000924577 0.00343299 0.0131114 0.0489381 0.130908 0.218976 0.228416 0.162524 0.0948681 0.0515705 0.0251642 0.0111754 0.0049611 0.00231025 0.00117171 0.000680743 0.000423621 0.000230012
 4.0488e-12 4.39458e-10 2.81253e-08 1.06137e-06 2.36173e-05 0.000309908 0.00239929 0.0109861 0.0301217 0.0524137 0.071288 0.103082 0.145728 0.160339 0.142789 0.115679 0.0813049 0.0463933 0.0221888 0.00924593 0.00348644 0.00130347 0.000539687 0.000256551 0.000120857
 1.50281e-11 1.63116e-09 1.04394e-07 3.9395e-06 8.76591e-05 0.00115014 0.00889911 0.0406272 0.109734 0.177753 0.183997 0.151513 0.132422 0.106974 0.0595725 0.0206929 0.00476578 0.00107966 0.000418524 0.000195477 7.79698e-05 2.61013e-05 7.98353e-06 2.56397e-06 9.00805e-07
 1.28132e-11 1.39075e-09 8.90079e-08 3.35888e-06 7.47397e-05 0.000980643 0.00758823 0.034656 0.0937889 0.153404 0.165708 0.154037 0.154131 0.131414 0.0736586 0.024925 0.00499674 0.000591185 4.12501e-05 1.69718e-06 4.11748e-08 5.88998e-10 4.96898e-12 2.49682e-14 1.34503e-16
 1.50694e-11 1.63564e-09 1.04681e-07 3.95033e-06 8.79001e-05 0.0011533 0.00892358 0.040739 0.110037 0.178254 0.18456 0.152081 0.132988 0.107284 0.0593415 0.0200259 0.00401247 0.000474682 3.31204e-05 1.36269e-06 3.30599e-08 4.72916e-10 3.98899e-12 1.98415e-14 5.8207e-17
 1.52527e-11 1.65553e-09 1.05954e-07 3.99837e-06 8.89688e-05 0.00116732 0.00903202 0.041233 0.111356 0.180272 0.186091 0.151922 0.131271 0.105325 0.0581788 0.0196281 0.00393254 0.000465221 3.24602e-05 1.33552e-06 3.24007e-08 4.63484e-10 3.90931e-12 1.94432e-14 5.70175e-17
 1.48936e-11 1.61656e-09 1.03459e-07 3.90424e-06 8.68745e-05 0.00113984 0.00881951 0.0402649 0.108771 0.176317 0.18309 0.152233 0.134636 0.109165 0.0604573 0.0204077 0.00408918 0.000483761 3.37539e-05 1.38876e-06 3.36922e-08 4.81958e-10 4.06513e-12 2.02182e-14 5.92901e-17
 1.40246e-11 1.52224e-09 9.74228e-08 3.67644e-06 8.18056e-05 0.00107334 0.00830519 0.037922 0.102513 0.166746 0.175829 0.152987 0.142779 0.118459 0.0659717 0.0222946 0.00446828 0.000528634 3.68852e-05 1.51759e-06 3.68178e-08 5.26668e-10 4.44225e-12 2.20938e-14 6.47904e-17
 1.51868e-11 1.64838e-09 1.05496e-07 3.9811e-06 8.85847e-05 0.00116228 0.00899304 0.0410554 0.110882 0.179546 0.18554 0.151979 0.131888 0.106029 0.0585967 0.0197711 0.00396127 0.000468621 3.26975e-05 1.34529e-06 3.26376e-08 4.66872e-10 3.93789e-12 1.95854e-14 5.74343e-17
 1.65287e-11 1.79403e-09 1.14818e-07 4.33287e-06 9.64117e-05 0.00126497 0.00978724 0.0446733 0.120546 0.194326 0.196752 0.150816 0.119313 0.091678 0.0500817 0.0168574 0.00337588 0.000399332 2.78624e-05 1.14635e-06 2.78112e-08 3.97832e-10 3.35556e-12 1.66891e-14 4.8941e-17
 1.70915e-11 1.85512e-09 1.18727e-07 4.4804e-06 9.96945e-05 0.00130804 0.0101203 0.0461906 0.124598 0.200524 0.201455 0.150328 0.114039 0.0856589 0.0465104 0.0156353 0.00313036 0.000370271 2.58344e-05 1.06291e-06 2.5787e-08 3.68876e-10 3.11133e-12 1.54744e-14 4.53788e-17
 1.69092e-11 1.83533e-09 1.17461e-07 4.43262e-06 9.86313e-05 0.00129409 0.0100125 0.0456992 0.123286 0.198517 0.199932 0.150486 0.115747 0.0876083 0.047667 0.0160311 0.00320987 0.000379683 2.64912e-05 1.08994e-06 2.64426e-08 3.78254e-10 3.19043e-12 1.58678e-14 4.65325e-17
 1.65762e-11 1.79919e-09 1.15148e-07 4.34532e-06 9.6689e-05 0.00126861 0.00981537 0.0448014 0.120888 0.194849 0.197149 0.150774 0.118868 0.0911697 0.0497801 0.0167542 0.00335514 0.000396878 2.76911e-05 1.1393e-06 2.76403e-08 3.95387e-10 3.33494e-12 1.65866e-14 4.86402e-17
 1.67648e-11 1.81966e-09 1.16458e-07 4.39476e-06 9.77889e-05 0.00128304 0.00992697 0.0453098 0.122246 0.196926 0.198725 0.150611 0.117101 0.0891529 0.0485835 0.0163447 0.00327288 0.00038714 2.70116e-05 1.11135e-06 2.6962e-08 3.85685e-10 3.2531e-12 1.61795e-14 4.74467e-17
 1.78891e-11 1.94169e-09 1.24268e-07 4.68949e-06 0.000104347 0.00136908 0.0105924 0.0483411 0.130343 0.209309 0.208119 0.149636 0.106565 0.0771285 0.041449 0.0139034 0.00278239 0.000329084 2.29604e-05 9.44662e-07 2.29181e-08 3.27837e-10 2.76519e-12 1.37528e-14 4.03303e-17
 1.79309e-11 1.94622e-09 1.24558e-07 4.70043e-06 0.00010459 0.00137227 0.0106171 0.0484536 0.130643 0.209769 0.208468 0.1496 0.106174 0.0766823 0.0411842 0.0138128 0.00276419 0.00032693 2.28101e-05 9.38477e-07 2.27681e-08 3.25691e-10 2.74708e-12 1.36628e-14 4.00663e-17
 1.84336e-11 2.00079e-09 1.2805e-07 4.83222e-06 0.000107523 0.00141074 0.0109147 0.0498091 0.134263 0.215306 0.212669 0.149164 0.101463 0.0713056 0.037994 0.0127212 0.00254487 0.00030097 2.09986e-05 8.63944e-07 2.09598e-08 2.99825e-10 2.52891e-12 1.25777e-14 3.68842e-17
 1.88002e-11 2.04058e-09 1.30597e-07 4.92833e-06 0.000109661 0.0014388 0.0111316 0.0507975 0.136904 0.219344 0.215732 0.148846 0.098027 0.0673846 0.0356676 0.0119251 0.00238493 0.000282039 1.96775e-05 8.09591e-07 1.96412e-08 2.80962e-10 2.36981e-12 1.17864e-14 3.45637e-17
 1.85992e-11 2.01876e-09 1.292e-07 4.87562e-06 0.000108489 0.00142341 0.0110127 0.0502555 0.135456 0.21713 0.214052 0.149021 0.099911 0.0695347 0.0369433 0.0123616 0.00247264 0.00029242 2.04019e-05 8.39396e-07 2.03643e-08 2.91306e-10 2.45705e-12 1.22203e-14 3.58362e-17
 1.87582e-11 2.03602e-09 1.30305e-07 4.9173e-06 0.000109416 0.00143558 0.0111067 0.0506841 0.136601 0.218881 0.21538 0.148883 0.0984212 0.0678345 0.0359345 0.0120164 0.00240328 0.000284211 1.98291e-05 8.15827e-07 1.97925e-08 2.83126e-10 2.38806e-12 1.18772e-14 3.483e-17
 1.83941e-11 1.9965e-09 1.27776e-07 4.82186e-06 0.000107292 0.00140772 0.0108913 0.0497025 0.133979 0.214871 0.212338 0.149198 0.101833 0.0717283 0.0382449 0.012807 0.00256212 0.000303011 2.1141e-05 8.69804e-07 2.1102e-08 3.01858e-10 2.54606e-12 1.2663e-14 3.71344e-17
 1.93711e-11 2.10255e-09 1.34563e-07 5.07798e-06 0.000112991 0.00148248 0.0114695 0.0523367 0.141015 0.225632 0.220502 0.148351 0.0926771 0.0612789 0.0320448 0.0106855 0.00213588 0.000252559 1.76204e-05 7.24953e-07 1.75878e-08 2.51589e-10 2.12205e-12 1.05542e-14 3.09502e-17
 1.97515e-11 2.14383e-09 1.37205e-07 5.17769e-06 0.00011521 0.00151159 0.0116946 0.0533622 0.143754 0.229821 0.22368 0.148021 0.0891129 0.0572111 0.0296313 0.00985958 0.00196995 0.00023292 1.62499e-05 6.68565e-07 1.62198e-08 2.32019e-10 1.957e-12 9.73326e-15 2.85429e-17
 2.01173e-11 2.18354e-09 1.39746e-07 5.27359e-06 0.000117344 0.00153958 0.0119112 0.0543485 0.146388 0.23385 0.226737 0.147704 0.0856848 0.0532988 0.02731 0.00906526 0.00181036 0.00021403 1.49318e-05 6.14331e-07 1.4904e-08 2.13198e-10 1.79824e-12 8.9437e-15 2.62275e-17
 1.93324e-11 2.09835e-09 1.34294e-07 5.06784e-06 0.000112766 0.00147952 0.0114466 0.0522324 0.140736 0.225206 0.220179 0.148385 0.0930398 0.0616928 0.0322904 0.0107695 0.00215276 0.000254558 1.77599e-05 7.30691e-07 1.7727e-08 2.5358e-10 2.13885e-12 1.06377e-14 3.11952e-17
 1.93361e-11 2.09875e-09 1.3432e-07 5.06881e-06 0.000112787 0.00147981 0.0114488 0.0522424 0.140763 0.225246 0.22021 0.148382 0.093005 0.0616531 0.0322669 0.0107614 0.00215114 0.000254366 1.77465e-05 7.3014e-07 1.77136e-08 2.53389e-10 2.13724e-12 1.06297e-14 3.11717e-17
#obs catch len freq
 4.57021e-11 4.23552e-09 2.31453e-07 7.45774e-06 0.000141691 0.00158737 0.0104878 0.0409013 0.0945805 0.132786 0.126336 0.112129 0.116467 0.114455 0.0967411 0.0722388 0.0450811 0.022595 0.00928588 0.00313931 0.000841084 0.000170247 2.49092e-05 2.53239e-06 1.72907e-07
 6.7901e-11 6.06937e-09 3.19888e-07 9.94124e-06 0.000182168 0.00196837 0.0125435 0.0471836 0.105263 0.14273 0.131701 0.114109 0.115076 0.108614 0.087863 0.0633739 0.0388706 0.019347 0.00782859 0.00254983 0.00064556 0.000121907 1.64833e-05 1.53739e-06 9.5872e-08
 3.75498e-11 3.23166e-09 1.63995e-07 4.90712e-06 8.65813e-05 0.000900926 0.00553311 0.0201424 0.0444302 0.0657657 0.088181 0.132844 0.174734 0.16944 0.130256 0.0867063 0.048239 0.0216105 0.00798378 0.00243759 0.000585359 0.000104222 1.3135e-05 1.13106e-06 6.47025e-08
 2.02234e-11 1.67309e-09 8.16152e-08 2.34755e-06 3.98172e-05 0.000398338 0.00235369 0.0082735 0.0179465 0.028099 0.0452249 0.0819723 0.131523 0.176873 0.196067 0.161868 0.0934945 0.0389521 0.0126735 0.0033808 0.000724613 0.000117925 1.37567e-05 1.09836e-06 5.80389e-08
 3.85827e-10 3.06364e-08 1.4344e-06 3.95993e-05 0.000644605 0.00618709 0.0350162 0.116857 0.22999 0.267178 0.184084 0.0775619 0.0247462 0.0135318 0.0141555 0.0133346 0.00936584 0.00485221 0.0018361 0.00050215 9.95914e-05 1.43783e-05 1.4884e-06 1.06938e-07 5.14596e-09
 2.76532e-10 2.10448e-08 9.44345e-07 2.49865e-05 0.000389832 0.00358663 0.0194693 0.0625176 0.120378 0.148417 0.147744 0.16017 0.160897 0.110717 0.0473597 0.0132357 0.00327488 0.00115839 0.000471542 0.00014902 3.24845e-05 4.76038e-06 4.65921e-07 3.03365e-08 1.30361e-09
 6.48895e-10 4.72649e-08 2.02997e-06 5.14078e-05 0.000767639 0.006759 0.0350955 0.107525 0.194958 0.212437 0.14998 0.0899651 0.0664443 0.055594 0.0422147 0.025045 0.0101096 0.00257759 0.000418256 4.9661e-05 5.80096e-06 7.05867e-07 6.80979e-08 4.39706e-09 1.8115e-10
 7.74198e-10 5.39049e-08 2.21305e-06 5.35725e-05 0.000764693 0.00643657 0.0319593 0.0937799 0.164179 0.179711 0.147867 0.127564 0.112166 0.0756413 0.0373203 0.0151837 0.00541335 0.00156627 0.000336507 5.07247e-05 5.18693e-06 3.63998e-07 1.9006e-08 8.09754e-10 2.7399e-11
 1.21099e-09 8.0502e-08 3.15545e-06 7.29295e-05 0.000993891 0.00798716 0.0378615 0.106035 0.176911 0.183238 0.13948 0.110318 0.0951033 0.0701074 0.0421176 0.0204466 0.00726454 0.00174069 0.000281988 3.32041e-05 3.05843e-06 2.17446e-07 1.10374e-08 3.76939e-10 8.54947e-12
 1.55768e-09 9.8753e-08 3.69155e-06 8.13686e-05 0.00105755 0.00810571 0.0366574 0.0980951 0.157601 0.162887 0.137501 0.128243 0.115347 0.0805484 0.0444875 0.0202315 0.00705802 0.00174946 0.00030409 3.75956e-05 3.30737e-06 2.0467e-07 8.86884e-09 2.68823e-10 5.61624e-12
 2.17793e-09 1.31542e-07 4.68459e-06 9.83713e-05 0.00121806 0.0088946 0.0383318 0.0978525 0.150768 0.152886 0.133847 0.131334 0.119753 0.0852418 0.0486591 0.0220768 0.00720278 0.00157394 0.000231208 2.4101e-05 1.87786e-06 1.09294e-07 4.54469e-09 1.28977e-10 2.42813e-12
 3.854e-09 2.21542e-07 7.50906e-06 0.000150074 0.00176857 0.012291 0.0504015 0.122311 0.17828 0.167418 0.12897 0.11113 0.0954996 0.0676189 0.0391957 0.0178055 0.00572166 0.00123149 0.000179267 1.83071e-05 1.34006e-06 6.97848e-08 2.54006e-09 6.37453e-11 1.08767e-12
 5.87554e-09 3.21157e-07 1.03508e-05 0.000196708 0.0022043 0.0145674 0.0568161 0.131266 0.183027 0.167725 0.131853 0.115244 0.09328 0.0585176 0.0292697 0.0117472 0.00346516 0.000702643 9.80157e-05 9.71437e-06 6.94433e-07 3.51816e-08 1.22684e-09 2.87784e-11 4.46981e-13
 8.39671e-09 4.36053e-07 1.33523e-05 0.000241082 0.00256673 0.0161172 0.0597486 0.131435 0.175965 0.160128 0.133434 0.122335 0.0974661 0.0587469 0.027955 0.0104785 0.00280798 0.000497941 5.78665e-05 4.59701e-06 2.64908e-07 1.13884e-08 3.57097e-10 7.81236e-12 1.14754e-13
 1.23333e-08 6.08046e-07 1.76758e-05 0.000302981 0.00306242 0.0182573 0.06428 0.134511 0.172593 0.154802 0.13286 0.123608 0.0970513 0.0579893 0.0275203 0.0100918 0.0025771 0.000426726 4.53098e-05 3.18186e-06 1.55056e-07 5.41984e-09 1.35904e-10 2.39928e-12 2.92504e-14
 1.71589e-08 8.02553e-07 2.21333e-05 0.000359925 0.00345146 0.0195242 0.0652681 0.130103 0.161437 0.147432 0.13683 0.131883 0.102269 0.0602521 0.0282193 0.0100566 0.00246022 0.000388833 3.95621e-05 2.67509e-06 1.24987e-07 4.10185e-09 9.33288e-11 1.43985e-12 1.48424e-14
 2.93912e-08 1.30337e-06 3.40804e-05 0.000525456 0.00477736 0.025621 0.0811783 0.15315 0.178624 0.149793 0.124784 0.111665 0.0845611 0.0504899 0.0240205 0.00844932 0.00199298 0.000301685 2.95358e-05 1.93897e-06 8.8422e-08 2.8232e-09 6.19202e-11 9.10472e-13 8.82621e-15
 4.30929e-08 1.81092e-06 4.48729e-05 0.000655638 0.00564908 0.0287152 0.0862977 0.154972 0.174782 0.14888 0.131177 0.116733 0.0820987 0.0438869 0.0186151 0.00596919 0.00131393 0.000188868 1.78279e-05 1.14292e-06 5.11522e-08 1.59602e-09 3.39423e-11 4.80937e-13 4.47229e-15
 5.9631e-08 2.37373e-06 5.57162e-05 0.000771135 0.00629408 0.0303144 0.0864134 0.14794 0.162584 0.14338 0.135515 0.123208 0.0871505 0.0477062 0.0205955 0.00649722 0.00136917 0.000186182 1.65776e-05 1.00405e-06 4.26193e-08 1.26727e-09 2.57979e-11 3.50878e-13 3.13272e-15
 9.99283e-08 3.76679e-06 8.37229e-05 0.00109728 0.00848074 0.0386754 0.104348 0.16876 0.173705 0.140229 0.120718 0.104264 0.0734417 0.0411967 0.0180371 0.00562485 0.00116219 0.000156853 1.41628e-05 8.80958e-07 3.80102e-08 1.11824e-09 2.19426e-11 2.83085e-13 2.38129e-15
 1.36827e-07 4.8829e-06 0.000102748 0.00127491 0.00932968 0.0403014 0.103207 0.159949 0.164007 0.144137 0.136242 0.115162 0.0729445 0.0353425 0.0134502 0.00374777 0.000703047 8.62814e-05 7.0687e-06 4.0172e-07 1.61782e-08 4.56385e-10 8.76e-12 1.1134e-13 9.18432e-16
 2.2133e-07 7.47661e-06 0.000148923 0.00174913 0.0121161 0.0495375 0.120024 0.175643 0.168673 0.136593 0.120203 0.0992111 0.0649019 0.0335524 0.0132615 0.0036449 0.000651459 7.47934e-05 5.66027e-06 2.9367e-07 1.0698e-08 2.72095e-10 4.72613e-12 5.48876e-14 4.19367e-16
 3.05308e-07 9.76188e-06 0.000184044 0.00204609 0.013417 0.051957 0.119529 0.167969 0.161574 0.141322 0.131557 0.10476 0.0627567 0.029201 0.0105117 0.00269266 0.000458245 5.11144e-05 3.82269e-06 1.96836e-07 7.01235e-09 1.69946e-10 2.74437e-12 2.91254e-14 2.0142e-16
 4.48813e-07 1.35829e-05 0.000242388 0.00255065 0.0158321 0.0580488 0.12658 0.169413 0.157817 0.1372 0.126902 0.100548 0.0615331 0.0295564 0.0106581 0.00263431 0.000423125 4.41169e-05 3.07859e-06 1.48716e-07 5.02405e-09 1.16726e-10 1.81775e-12 1.85771e-14 1.22693e-16
 6.75204e-07 1.93426e-05 0.000326731 0.00325455 0.0191234 0.0663935 0.13726 0.175089 0.158118 0.135977 0.122558 0.0927253 0.0539179 0.0245618 0.0083805 0.00196202 0.000300268 3.00984e-05 2.03325e-06 9.48984e-08 3.06251e-09 6.70796e-11 9.76987e-13 9.32511e-15 5.76944e-17
 9.10229e-07 2.46845e-05 0.000394728 0.00372232 0.0207104 0.0681455 0.134072 0.165637 0.152844 0.141349 0.130486 0.0960577 0.0536766 0.0233788 0.00756432 0.00166998 0.000240812 2.28028e-05 1.46112e-06 6.49212e-08 1.99829e-09 4.17436e-11 5.7857e-13 5.2316e-15 3.04743e-17
 1.33575e-06 3.42962e-05 0.000519238 0.00463595 0.0244235 0.0761252 0.142125 0.167808 0.150876 0.137961 0.124742 0.0902894 0.0503218 0.0217249 0.00678954 0.0014155 0.000190079 1.66015e-05 9.74921e-07 3.96601e-08 1.12305e-09 2.17395e-11 2.80965e-13 2.37882e-15 1.30034e-17
 1.89996e-06 4.61919e-05 0.000662205 0.00559872 0.0279359 0.0825381 0.146622 0.167176 0.150593 0.140094 0.12384 0.0852971 0.0448644 0.0182068 0.00533706 0.00104351 0.000131542 1.07902e-05 5.93874e-07 2.25047e-08 5.88547e-10 1.04414e-11 1.23126e-13 9.50418e-16 4.74699e-18
#spawning biomass
 38740.7 37452.8 21574.2 13981.9 25615.5 41419.6 70467.4 109012 143786 155616 164869 183498 205829 242227 257794 211128 220569 215137 233384 243851 231006 278783 248292 277477 281629 269226 241043 213165 227062 332748 131074 52276.3 27298.6 20255.7 18414.1 17956.6 17847.1 17821.5 17815.7 17814.4 17814.1 17814 17814 17814 17814 17814 17814 17814 17814 17814 17814 17814 17814 17814 17814 17814 17814 17814 17814 17814 17814 17814 17814 17814 17814 17814 17814 17814 17814 17814 17814 17814 17814 17814 17814 17814 17814 17814 17814 17814 17814 17814 17814 17814 17814 17814 17814 17814 17814 17814 17814 17814 17814 17814 17814 17814 17814 17814 17814 17814 17814 17814 17814 17814 17814 17814 17814 17814 17814 17814 17814 17814 17814 17814 17814 17814 17814 17814 17814 17814 17814 17814 17814 17814 17814 17814 17814 17814 0 0 0 0 0 0 0 0 0 0 0 0 0 0 0 0 0 0 0 0 0 0 0 0 0
