SBPRF35
0.175648
Curr Bio
211453
B35
333529
F35
0.663284
FOFL
0.351749
OFL
34913.3
Bzero
50185.1
#pred survey bio
 7510.4 6491.78 4801.33 5552.78 8993.66 13486.6 20816 29321.4 39826.4 61234.5 78399.2 94927.3 138931 170253 149925 144281 160177 178921 160779 155477 172479 183949 187499 199216 209435 240913 241987 219126 183939 5.58444e+06 4.72329e+06 3.0289e+06 1.73451e+06 1.04621e+06 714528 557146 480193 440527 418917 406605 399375 395054 392446 390862 389885 389303 388955 388746 388621 388546 388501 388474 388458 388448 388442 388438 388436 388435 388434 388434 388433 388433 388433 388433 388433 388433 388433 388433 388433 388433 388433 388433 388433 388433 388433 388433 388433 388433 388433 388433 388433 388433 388433 388433 388433 388433 388433 388433 388433 388433 388433 388433 388433 388433 388433 388433 388433 388433 388433 388433 388433 388433 388433 388433 388433 388433 388433 388433 388433 388433 388433 388433 388433 388433 388433 388433 388433 388433 388433 388433 388433 388433 388433 388433 388433 388433 388433 388433 388433 0 0 0 0 0 0 0 0 0 0 0 0 0 0 0 0 0 0 0 0 0 0 0 0 0
#obs survey bio
 6549.93 3637.29 4007.15 5093.04 11287.1 18901.4 22018.7 40119.6 46688.3 63538.6 60464.1 100201 119704 199579 116727 144651 148558 191610 116061 135224 157517 207847 110512 230149 211077 268078 277402 249900 142121
#pred catch bio
 4216.7 4166.02 2958.83 3127.72 5713.7 8225.18 14186.5 21545.2 25535.5 45198 64753.1 71651.9 108731 153879 136013 125193 136820 168221 152445 142266 163111 183196 185022 197109 200072 241965 252977 228620 195174 34913.3 91783.1 50285.6 25661.4 14071.9 9276.19 7446.05 6784.69 6554.68 6476.87 6451.09 6442.67 6439.96 6439.09 6438.81 6438.73 6438.7 6438.69 6438.69 6438.69 6438.69 6438.69 6438.69 6438.69 6438.69 6438.69 6438.69 6438.69 6438.69 6438.69 6438.69 6438.69 6438.69 6438.69 6438.69 6438.69 6438.69 6438.69 6438.69 6438.69 6438.69 6438.69 6438.69 6438.69 6438.69 6438.69 6438.69 6438.69 6438.69 6438.69 6438.69 6438.69 6438.69 6438.69 6438.69 6438.69 6438.69 6438.69 6438.69 6438.69 6438.69 6438.69 6438.69 6438.69 6438.69 6438.69 6438.69 6438.69 6438.69 6438.69 6438.69 6438.69 6438.69 6438.69 6438.69 6438.69 6438.69 6438.69 6438.69 6438.69 6438.69 6438.69 6438.69 6438.69 6438.69 6438.69 6438.69 6438.69 6438.69 6438.69 6438.69 6438.69 6438.69 6438.69 6438.69 6438.69 6438.69 6438.69 6438.69 6438.69 0 0 0 0 0 0 0 0 0 0 0 0 0 0 0 0 0 0 0 0 0 0 0 0 0
#obs catch bio
 4258.7 4687.88 3235.24 2929.46 5337.4 7192.11 13331.5 19376.9 23532.8 39793.9 63144.9 63530.6 101184 147189 140083 116573 128441 156447 154108 136561 150580 176955 197781 169312 182296 230808 234097 212317 194923
#pred cpue bio
 7198.67 6495.75 4651.21 5135.14 8355.19 12493.6 19389 27071.3 36674.9 56947.6 72515.9 86366.1 127188 158889 138959 132421 147168 164945 147878 141107 157056 165929 168008 179247 187888 216645 217236 196478 167592 4.92916e+06 5.10358e+06 3.05264e+06 1.73256e+06 1.04275e+06 710985 553599 476645 436979 415369 403057 395827 391506 388898 387314 386337 385755 385407 385198 385073 384998 384953 384926 384910 384900 384894 384890 384888 384887 384886 384886 384886 384885 384885 384885 384885 384885 384885 384885 384885 384885 384885 384885 384885 384885 384885 384885 384885 384885 384885 384885 384885 384885 384885 384885 384885 384885 384885 384885 384885 384885 384885 384885 384885 384885 384885 384885 384885 384885 384885 384885 384885 384885 384885 384885 384885 384885 384885 384885 384885 384885 384885 384885 384885 384885 384885 384885 384885 384885 384885 384885 384885 384885 384885 384885 384885 384885 384885 384885 384885 0 0 0 0 0 0 0 0 0 0 0 0 0 0 0 0 0 0 0 0 0 0 0 0 0
#obs cpue bio
 7469.97 5242.8 5382.58 8810.25 10387.7 15558.7 19749.4 33233 38568.8 99856.2 88335.1 152796 169051 158121 150004 192032 202910 210209 177019 200246 249434 162005 187438 395794 230276 230377 274008 225226 206581
#pred surv len freq
 1.43824e-11 1.56176e-09 9.9985e-08 3.77394e-06 8.39835e-05 0.0011019 0.00852452 0.0389007 0.104933 0.169081 0.171129 0.131449 0.105981 0.0880362 0.0616626 0.0390572 0.0251643 0.0163847 0.01094 0.00770477 0.00584037 0.0048355 0.00415146 0.00318332 0.00185158
 1.05566e-11 1.14632e-09 7.33887e-08 2.77006e-06 6.16441e-05 0.000808822 0.00625821 0.0285818 0.0774162 0.127311 0.140918 0.139637 0.149786 0.136422 0.0895034 0.0470995 0.0243666 0.0130975 0.00722594 0.00417049 0.00259089 0.00179734 0.00136895 0.000997811 0.000577477
 1.33209e-11 1.44649e-09 9.26057e-08 3.4954e-06 7.77853e-05 0.00102058 0.00789572 0.0360378 0.0973006 0.157513 0.16286 0.134147 0.119487 0.105025 0.0759145 0.0483099 0.0282501 0.0141599 0.00629581 0.00279597 0.0013297 0.00070756 0.000434177 0.000280071 0.00015457
 1.67888e-11 1.82306e-09 1.16714e-07 4.40538e-06 9.80353e-05 0.00128626 0.00995047 0.0454012 0.122377 0.196457 0.195378 0.140942 0.102005 0.0780556 0.0501484 0.0275831 0.0151391 0.00823014 0.00407819 0.00175285 0.000668049 0.000253628 0.000109864 5.52853e-05 2.69997e-05
 1.65461e-11 1.79671e-09 1.15027e-07 4.3417e-06 9.66182e-05 0.00126767 0.00980678 0.0447486 0.120658 0.194027 0.194508 0.144361 0.109317 0.0845599 0.0516752 0.0248164 0.0111867 0.00509355 0.00228822 0.000996079 0.000393443 0.000134493 4.22187e-05 1.41903e-05 5.26451e-06
 1.67038e-11 1.81384e-09 1.16123e-07 4.38308e-06 9.75391e-05 0.00127975 0.00990023 0.0451745 0.1218 0.195804 0.196017 0.144764 0.108729 0.083707 0.0510341 0.0242993 0.0105459 0.00433424 0.0016272 0.0005832 0.000205059 6.7673e-05 1.96919e-05 5.06589e-06 1.26783e-06
 1.63789e-11 1.77856e-09 1.13865e-07 4.29782e-06 9.56419e-05 0.00125486 0.00970774 0.0442976 0.119456 0.192199 0.193177 0.144697 0.111242 0.0868427 0.0532874 0.0255611 0.0111782 0.00458045 0.00166218 0.000539593 0.000159698 4.37978e-05 1.1186e-05 2.55779e-06 5.07687e-07
 1.68972e-11 1.83483e-09 1.17467e-07 4.43381e-06 9.8668e-05 0.00129456 0.0100148 0.0456964 0.123197 0.197967 0.197793 0.145042 0.107607 0.082129 0.0496988 0.0233488 0.00996306 0.00403487 0.00146381 0.000472058 0.000133965 3.29502e-05 7.08641e-06 1.35011e-06 2.25518e-07
 1.70535e-11 1.8518e-09 1.18554e-07 4.47482e-06 9.95806e-05 0.00130653 0.0101074 0.0461188 0.124333 0.199769 0.19948 0.145961 0.107763 0.081578 0.048366 0.021622 0.00857493 0.00327633 0.00114654 0.000361778 0.000101482 2.44784e-05 4.96038e-06 8.35006e-07 1.16934e-07
 1.64793e-11 1.78945e-09 1.14563e-07 4.32416e-06 9.6228e-05 0.00126255 0.00976722 0.0445689 0.120186 0.19336 0.194278 0.145336 0.111434 0.0866109 0.0525565 0.0245186 0.0102292 0.00394543 0.00132201 0.000390839 0.000104032 2.4299e-05 4.81117e-06 7.80528e-07 1.00986e-07
 1.6801e-11 1.82439e-09 1.16799e-07 4.40857e-06 9.81064e-05 0.00128719 0.00995781 0.0454373 0.122509 0.196953 0.197205 0.14572 0.109426 0.0838111 0.0501669 0.0228286 0.00927384 0.00358376 0.00123815 0.000374543 9.78557e-05 2.1696e-05 4.06733e-06 6.33341e-07 7.90491e-08
 1.76997e-11 1.92198e-09 1.23047e-07 4.6444e-06 0.000103354 0.00135604 0.0104903 0.0478632 0.128999 0.20697 0.205273 0.146493 0.103393 0.075836 0.0439133 0.0187771 0.00692395 0.00246647 0.00081392 0.000242372 6.4015e-05 1.43905e-05 2.66549e-06 3.98491e-07 4.73113e-08
 1.73747e-11 1.88668e-09 1.20787e-07 4.55912e-06 0.000101457 0.00133114 0.0102977 0.0469862 0.126655 0.203376 0.202488 0.14658 0.106147 0.0791525 0.046144 0.019839 0.00730934 0.00253015 0.000779171 0.000212117 5.22734e-05 1.13873e-05 2.10254e-06 3.15154e-07 3.69297e-08
 1.63029e-11 1.7703e-09 1.13336e-07 4.27788e-06 9.5198e-05 0.00124904 0.00966277 0.044094 0.118929 0.191532 0.19335 0.146991 0.115385 0.090068 0.0531539 0.0229039 0.00844433 0.00292766 0.000900049 0.000240096 5.60312e-05 1.12732e-05 1.93593e-06 2.78254e-07 3.21235e-08
 1.67083e-11 1.81432e-09 1.16154e-07 4.38425e-06 9.75651e-05 0.00128009 0.00990294 0.0451883 0.121856 0.196052 0.197 0.147372 0.112708 0.0864825 0.050279 0.020996 0.00734879 0.00244159 0.000737638 0.000195912 4.54889e-05 8.9654e-06 1.46708e-06 1.96658e-07 2.12247e-08
 1.7248e-11 1.87292e-09 1.19906e-07 4.52586e-06 0.000100717 0.00132144 0.0102227 0.0466447 0.125749 0.20203 0.201667 0.147344 0.108333 0.0811845 0.0467091 0.0192343 0.00655412 0.00209942 0.000606764 0.000153541 3.44156e-05 6.66886e-06 1.07845e-06 1.41226e-07 1.45788e-08
 1.71895e-11 1.86658e-09 1.195e-07 4.51053e-06 0.000100375 0.00131696 0.0101881 0.0464869 0.125327 0.201378 0.201138 0.147284 0.108713 0.081705 0.0471435 0.019533 0.00671873 0.00215786 0.000615213 0.000150867 3.2353e-05 5.97534e-06 9.2797e-07 1.18324e-07 1.19759e-08
 1.70049e-11 1.84653e-09 1.18216e-07 4.46207e-06 9.9297e-05 0.00130281 0.0100787 0.0459886 0.123994 0.199327 0.199516 0.147222 0.110102 0.0834496 0.0484043 0.020245 0.00708051 0.00231253 0.000667168 0.000164586 3.50628e-05 6.31829e-06 9.42593e-07 1.14752e-07 1.11414e-08
 1.71398e-11 1.86118e-09 1.19155e-07 4.49749e-06 0.000100085 0.00131315 0.0101586 0.0463533 0.124973 0.200869 0.200904 0.147822 0.10993 0.0827259 0.0472289 0.0189283 0.00612549 0.00186996 0.000527926 0.000131204 2.83375e-05 5.14754e-06 7.64906e-07 9.12645e-08 8.55711e-09
 1.78295e-11 1.93607e-09 1.23949e-07 4.67845e-06 0.000104112 0.00136598 0.0105672 0.0482142 0.129945 0.208489 0.20678 0.147549 0.103977 0.0757084 0.0427509 0.0169947 0.00540584 0.00159511 0.000425859 9.86725e-05 2.02337e-05 3.61672e-06 5.40189e-07 6.48987e-08 6.06971e-09
 1.76632e-11 1.91801e-09 1.22793e-07 4.63481e-06 0.000103141 0.00135324 0.0104687 0.0477654 0.128746 0.206654 0.205378 0.147657 0.105477 0.0774498 0.0438282 0.0174167 0.00552771 0.00162278 0.000428242 9.66486e-05 1.88984e-05 3.17322e-06 4.47846e-07 5.21383e-08 4.83998e-09
 1.8131e-11 1.96881e-09 1.26045e-07 4.75756e-06 0.000105873 0.00138908 0.0107458 0.0490278 0.132119 0.211828 0.209387 0.147534 0.101531 0.0727384 0.0407354 0.015992 0.00496467 0.00142418 0.000371004 8.3098e-05 1.60685e-05 2.63654e-06 3.57116e-07 3.93317e-08 3.45798e-09
 1.84487e-11 2.00331e-09 1.28254e-07 4.84094e-06 0.000107728 0.00141342 0.0109341 0.0498854 0.134413 0.215366 0.212223 0.14776 0.0993202 0.0698487 0.0385008 0.0145877 0.0041968 0.00109869 0.000269398 5.82428e-05 1.10018e-05 1.77822e-06 2.37529e-07 2.55874e-08 2.1696e-09
 1.8254e-11 1.98216e-09 1.269e-07 4.78984e-06 0.000106591 0.0013985 0.0108187 0.04936 0.13301 0.213219 0.21059 0.147912 0.101119 0.07192 0.0397605 0.0150517 0.00430336 0.00110417 0.000258611 5.18359e-05 9.01093e-06 1.37036e-06 1.76467e-07 1.85828e-08 1.54731e-09
 1.83924e-11 1.99719e-09 1.27862e-07 4.82615e-06 0.000107399 0.00140911 0.0109007 0.0497334 0.134007 0.214743 0.211744 0.147786 0.0998159 0.0704374 0.0388864 0.0147587 0.00424839 0.00109867 0.000257696 5.10771e-05 8.59094e-06 1.23011e-06 1.46625e-07 1.43747e-08 1.13783e-09
 1.8279e-11 1.98488e-09 1.27074e-07 4.7964e-06 0.000106737 0.00140042 0.0108335 0.0494273 0.133188 0.213482 0.210736 0.147718 0.100624 0.0714825 0.0396816 0.0152451 0.00450684 0.0012045 0.000288763 5.79262e-05 9.79787e-06 1.39537e-06 1.62327e-07 1.516e-08 1.12187e-09
 1.83618e-11 1.99388e-09 1.2765e-07 4.81814e-06 0.000107221 0.00140677 0.0108826 0.0496511 0.133787 0.214413 0.211517 0.147891 0.10022 0.0708375 0.0390367 0.0147064 0.00416541 0.00106092 0.00025015 5.09595e-05 8.85408e-06 1.2877e-06 1.51377e-07 1.4118e-08 1.0264e-09
 1.84186e-11 2.00004e-09 1.28045e-07 4.83304e-06 0.000107552 0.00141112 0.0109163 0.0498044 0.134199 0.215056 0.212074 0.148068 0.100033 0.0704591 0.0385795 0.0142632 0.0038572 0.000916972 0.000203166 3.92815e-05 6.56598e-06 9.44913e-07 1.12622e-07 1.0725e-08 7.91347e-10
 1.76417e-11 1.91568e-09 1.22643e-07 4.62917e-06 0.000103016 0.0013516 0.010456 0.0477081 0.1286 0.206489 0.205538 0.148609 0.107102 0.0786265 0.0435768 0.0161588 0.00437154 0.00103298 0.00022367 4.12177e-05 6.44385e-06 8.68926e-07 9.86042e-08 9.14957e-09 6.73862e-10
#obs surv len freq
 1.25536e-11 1.36318e-09 8.72718e-08 3.29408e-06 7.33053e-05 0.000961808 0.00744126 0.0339693 0.0917928 0.149226 0.157265 0.137244 0.130967 0.117143 0.0808796 0.0463385 0.0251468 0.0128177 0.0057391 0.00215511 0.000652865 0.000153007 2.64232e-05 3.19993e-06 2.60514e-07
 5.45996e-12 5.92888e-10 3.79572e-08 1.4327e-06 3.18837e-05 0.000418382 0.00323884 0.0148293 0.0406654 0.0708061 0.0961426 0.137001 0.186229 0.185214 0.129685 0.072571 0.0366404 0.0167058 0.00669999 0.00230947 0.000647335 0.000138538 2.1531e-05 2.33368e-06 1.70359e-07
 1.82531e-11 1.98208e-09 1.26894e-07 4.78963e-06 0.000106586 0.00139844 0.0108179 0.0493497 0.132883 0.212179 0.20547 0.133415 0.0789074 0.0578814 0.0466986 0.0346335 0.0210619 0.00995367 0.00373894 0.00115033 0.000286028 5.48874e-05 7.69676e-06 7.5143e-07 4.92172e-08
 1.42204e-11 1.54417e-09 9.88591e-08 3.73144e-06 8.30385e-05 0.00108952 0.00842971 0.0384874 0.104056 0.169387 0.178566 0.15301 0.136932 0.109571 0.0617076 0.0244378 0.00868221 0.00354506 0.00142768 0.000455662 0.000107622 1.85852e-05 2.30883e-06 2.00231e-07 1.17161e-08
 1.86266e-11 2.02263e-09 1.29491e-07 4.88763e-06 0.000108767 0.00142707 0.0110399 0.0503729 0.135768 0.217717 0.214697 0.148174 0.0956562 0.0645832 0.0365789 0.0159306 0.00567625 0.00170068 0.000435761 0.000102833 2.18282e-05 3.61815e-06 4.22452e-07 3.33174e-08 1.74121e-09
 1.47216e-11 1.59859e-09 1.02343e-07 3.86295e-06 8.59651e-05 0.00112793 0.0087272 0.0398508 0.107788 0.175645 0.185234 0.156983 0.135799 0.104387 0.0563959 0.02058 0.00566199 0.00136689 0.000298328 5.50275e-05 8.29207e-06 1.01893e-06 9.86998e-08 6.98048e-09 3.35053e-10
 1.72638e-11 1.87465e-09 1.20017e-07 4.53004e-06 0.00010081 0.00132269 0.0102332 0.0467083 0.126081 0.203488 0.205882 0.153689 0.111278 0.0778248 0.041563 0.0158288 0.00464072 0.00111086 0.000210527 3.07638e-05 3.54309e-06 3.25366e-07 2.31827e-08 1.23351e-09 4.7232e-11
 1.57575e-11 1.71108e-09 1.09545e-07 4.13479e-06 9.20148e-05 0.00120732 0.00934152 0.0426563 0.115355 0.187634 0.195643 0.158724 0.12739 0.0920795 0.0476658 0.0167383 0.00434219 0.000931722 0.000167623 2.37586e-05 2.52797e-06 1.9678e-07 1.10512e-08 4.45119e-10 1.27541e-11
 1.65864e-11 1.80109e-09 1.15308e-07 4.3523e-06 9.68551e-05 0.00127082 0.00983279 0.0448961 0.121356 0.196906 0.202912 0.158339 0.119543 0.082876 0.0422247 0.0148707 0.00389476 0.000820905 0.000137744 1.75783e-05 1.68089e-06 1.19405e-07 6.12381e-09 2.18799e-10 5.3039e-12
 1.49423e-11 1.62256e-09 1.03878e-07 3.92089e-06 8.72554e-05 0.00114491 0.00885985 0.0404788 0.109699 0.179854 0.192413 0.164655 0.137206 0.0976376 0.0481108 0.0155737 0.00353742 0.000632573 9.39502e-05 1.11184e-05 9.93516e-07 6.47572e-08 2.99426e-09 9.59172e-11 2.08754e-12
 1.70274e-11 1.84898e-09 1.18373e-07 4.46802e-06 9.94308e-05 0.00130464 0.010095 0.0461013 0.124681 0.202564 0.208977 0.161567 0.117401 0.0766774 0.0362166 0.0113636 0.00247604 0.000411764 5.45584e-05 5.56883e-06 4.23614e-07 2.38263e-08 9.76359e-10 2.82292e-11 5.56517e-13
 1.65526e-11 1.79742e-09 1.15072e-07 4.34342e-06 9.66585e-05 0.00126829 0.00981451 0.0448345 0.121397 0.198064 0.207106 0.1649 0.122908 0.0798157 0.0365244 0.0108021 0.00212242 0.000303916 3.4493e-05 3.09933e-06 2.09988e-07 1.03792e-08 3.66862e-10 9.07854e-12 1.54056e-13
 1.59459e-11 1.73154e-09 1.10855e-07 4.18425e-06 9.3117e-05 0.00122186 0.00945621 0.0432155 0.11719 0.192222 0.20433 0.168329 0.129137 0.083838 0.0377058 0.01088 0.00206523 0.00027984 2.91488e-05 2.33112e-06 1.36959e-07 5.77799e-09 1.74372e-10 3.72002e-12 5.47692e-14
 1.28723e-11 1.39778e-09 8.94876e-08 3.37777e-06 7.51717e-05 0.000986503 0.00763842 0.034973 0.095517 0.160823 0.1855 0.17992 0.15988 0.109228 0.0488933 0.0137266 0.00248918 0.000314926 3.01177e-05 2.20797e-06 1.18879e-07 4.54115e-09 1.2159e-10 2.25823e-12 2.86057e-14
 1.59409e-11 1.73099e-09 1.1082e-07 4.18294e-06 9.3089e-05 0.00122154 0.00945517 0.0432315 0.117407 0.193359 0.207209 0.171418 0.128945 0.0806186 0.0350009 0.00988243 0.00187083 0.000255039 2.60751e-05 1.94477e-06 1.01028e-07 3.59062e-09 8.76326e-11 1.46951e-12 1.67211e-14
 1.42957e-11 1.55235e-09 9.93829e-08 3.75128e-06 8.34849e-05 0.00109562 0.00848348 0.0388385 0.105963 0.177272 0.198888 0.179605 0.145626 0.0925032 0.039152 0.0104525 0.00179885 0.000214277 1.91554e-05 1.31629e-06 6.68981e-08 2.40402e-09 5.93121e-11 9.82001e-13 1.06961e-14
 1.58957e-11 1.72609e-09 1.10506e-07 4.17112e-06 9.28278e-05 0.00121819 0.00943121 0.0431502 0.117415 0.194374 0.210434 0.175244 0.129281 0.0773628 0.0318541 0.00845922 0.00148037 0.000182047 1.65364e-05 1.09896e-06 5.13327e-08 1.64906e-09 3.64417e-11 5.53783e-13 5.70629e-15
 1.41752e-11 1.53927e-09 9.85458e-08 3.71972e-06 8.2785e-05 0.00108655 0.00841595 0.0385676 0.105525 0.177821 0.2021 0.183621 0.145795 0.0891648 0.0364314 0.00952492 0.00164162 0.000199283 1.79143e-05 1.18271e-06 5.50915e-08 1.75951e-09 3.80175e-11 5.49282e-13 5.23134e-15
 1.50494e-11 1.6342e-09 1.04623e-07 3.94913e-06 8.7891e-05 0.00115356 0.00893481 0.0409368 0.111879 0.187551 0.209193 0.181889 0.13668 0.0801401 0.0318284 0.0081564 0.00138479 0.000165664 1.45881e-05 9.36011e-07 4.2191e-08 1.30359e-09 2.72987e-11 3.82985e-13 3.54153e-15
 1.5304e-11 1.66184e-09 1.06393e-07 4.01595e-06 8.93796e-05 0.00117315 0.00908764 0.0416496 0.113899 0.191074 0.212697 0.182606 0.133655 0.0760421 0.0293552 0.00731336 0.00120311 0.000138605 1.17006e-05 7.20038e-07 3.12157e-08 9.28451e-10 1.86761e-11 2.50766e-13 2.21259e-15
 1.54208e-11 1.67452e-09 1.07206e-07 4.04665e-06 9.00647e-05 0.00118222 0.00915939 0.0419971 0.114971 0.193246 0.21539 0.183733 0.131834 0.0730512 0.0274725 0.00667276 0.00106822 0.000119041 9.63717e-06 5.64809e-07 2.32251e-08 6.53593e-10 1.24226e-11 1.57591e-13 1.31447e-15
 1.57702e-11 1.71246e-09 1.09635e-07 4.13837e-06 9.21077e-05 0.00120909 0.00936871 0.0429677 0.117671 0.197726 0.219323 0.183805 0.127761 0.0683726 0.0248717 0.00583125 0.000893923 9.42612e-05 7.15885e-06 3.93407e-07 1.52156e-08 4.03132e-10 7.20033e-12 8.56016e-14 6.67714e-16
 1.44553e-11 1.56969e-09 1.00495e-07 3.79347e-06 8.44383e-05 0.00110869 0.00859722 0.0395184 0.108939 0.186369 0.21531 0.191742 0.139299 0.0750654 0.0268496 0.00611509 0.000900841 9.00404e-05 6.39827e-06 3.26743e-07 1.17195e-08 2.8756e-10 4.7507e-12 5.22448e-14 3.77476e-16
 1.69295e-11 1.83835e-09 1.17695e-07 4.44266e-06 9.88829e-05 0.0012981 0.0100592 0.0461334 0.126216 0.210878 0.228744 0.180893 0.115103 0.0565567 0.0191569 0.00420098 0.000597227 5.72285e-05 3.85568e-06 1.8476e-07 6.17043e-09 1.40047e-10 2.12775e-12 2.14383e-14 1.41738e-16
 1.52235e-11 1.65311e-09 1.05837e-07 3.99522e-06 8.89346e-05 0.00116791 0.0090596 0.0416712 0.114955 0.196319 0.223713 0.191133 0.129855 0.0651062 0.021692 0.00456912 0.000609656 5.33944e-05 3.22278e-06 1.38263e-07 4.19299e-09 8.75917e-11 1.23166e-12 1.14759e-14 6.99262e-17
 1.45672e-11 1.58185e-09 1.01276e-07 3.82318e-06 8.51136e-05 0.00111804 0.00867928 0.0400013 0.110907 0.191628 0.223148 0.195504 0.134377 0.067064 0.0221441 0.00465291 0.000627492 5.62158e-05 3.46109e-06 1.4765e-07 4.28743e-09 8.29162e-11 1.056e-12 8.8305e-15 4.83374e-17
 1.56555e-11 1.70003e-09 1.08842e-07 4.10883e-06 9.14723e-05 0.00120151 0.00932518 0.042939 0.118658 0.202834 0.229569 0.190724 0.123177 0.0584683 0.018638 0.00381752 0.000504802 4.45026e-05 2.70141e-06 1.13779e-07 3.26709e-09 6.2482e-11 7.82953e-13 6.36258e-15 3.32334e-17
 1.41999e-11 1.54198e-09 9.87266e-08 3.72726e-06 8.29959e-05 0.00109082 0.00847927 0.0392041 0.109464 0.191673 0.227099 0.200064 0.134384 0.0640365 0.0199606 0.00392604 0.000489677 3.99485e-05 2.21622e-06 8.55263e-08 2.28307e-09 4.12515e-11 4.94094e-13 3.86354e-15 1.9477e-17
 1.23624e-11 1.34247e-09 8.59576e-08 3.24566e-06 7.22996e-05 0.000951187 0.00741315 0.0345029 0.0979085 0.17762 0.223741 0.211266 0.148203 0.0713645 0.0220862 0.00429336 0.000529675 4.27118e-05 2.3217e-06 8.61915e-08 2.16519e-09 3.61492e-11 3.95769e-13 2.821e-15 1.30164e-17
#pred catch len freq
 1.38163e-11 1.50029e-09 9.60498e-08 3.6254e-06 8.06782e-05 0.00105853 0.00818918 0.0373735 0.100856 0.162857 0.166451 0.132077 0.111502 0.094286 0.0653381 0.0402597 0.0253186 0.0162949 0.010829 0.00761286 0.00576737 0.00477433 0.00409882 0.00314294 0.00182809
 1.01701e-11 1.10435e-09 7.07015e-08 2.66863e-06 5.9387e-05 0.000779209 0.00602923 0.0275394 0.0746382 0.123109 0.137953 0.140701 0.154544 0.14142 0.0919292 0.0472213 0.0237377 0.0125482 0.00687659 0.00395875 0.00245722 0.0017042 0.00129794 0.000946039 0.000547514
 1.28958e-11 1.40033e-09 8.96506e-08 3.38386e-06 7.53031e-05 0.000988018 0.00764391 0.0348913 0.094243 0.15287 0.159494 0.135022 0.124248 0.110127 0.078502 0.0486347 0.0278358 0.0138075 0.00610618 0.00270317 0.00128375 0.000682804 0.00041894 0.000270238 0.000149142
 1.62263e-11 1.76198e-09 1.12804e-07 4.25778e-06 9.47507e-05 0.00124316 0.00961723 0.0438835 0.118324 0.190261 0.190679 0.141425 0.107263 0.0840662 0.0537387 0.0288381 0.0153992 0.00824958 0.00406447 0.00174287 0.000663545 0.000251792 0.000109047 5.48717e-05 2.67975e-05
 1.61669e-11 1.75553e-09 1.12391e-07 4.24218e-06 9.44037e-05 0.00123861 0.00958211 0.0437255 0.117928 0.189864 0.191407 0.144874 0.113151 0.0888147 0.0540423 0.025425 0.0111332 0.00497176 0.00221482 0.000960871 0.000379055 0.000129517 4.06498e-05 1.3662e-05 5.06843e-06
 1.62416e-11 1.76365e-09 1.1291e-07 4.2618e-06 9.48402e-05 0.00124434 0.00962641 0.0439275 0.118471 0.190722 0.192195 0.14527 0.113216 0.0887552 0.0539353 0.0251746 0.0106239 0.00428456 0.00159464 0.000569144 0.000199733 6.58694e-05 1.91628e-05 4.92943e-06 1.23365e-06
 1.61475e-11 1.75342e-09 1.12256e-07 4.23709e-06 9.42904e-05 0.00123713 0.00957063 0.0436734 0.117791 0.189672 0.191349 0.145188 0.113852 0.0896186 0.0546563 0.0256813 0.0109209 0.00439299 0.00158087 0.000511128 0.000150971 4.13682e-05 1.05619e-05 2.4148e-06 4.7929e-07
 1.68507e-11 1.82978e-09 1.17145e-07 4.42162e-06 9.83967e-05 0.001291 0.00998727 0.0455713 0.122865 0.197484 0.197539 0.145452 0.108608 0.0830128 0.0498652 0.0229569 0.00952253 0.00378233 0.00136021 0.000436866 0.000123736 3.04084e-05 6.53738e-06 1.24532e-06 2.08003e-07
 1.66899e-11 1.81233e-09 1.16027e-07 4.37943e-06 9.74579e-05 0.00127868 0.00989204 0.0451381 0.121715 0.195775 0.196492 0.146406 0.111364 0.0855964 0.0506274 0.022243 0.00857584 0.00320661 0.00111091 0.000348963 9.76834e-05 2.35412e-05 4.76873e-06 8.02624e-07 1.12393e-07
 1.64399e-11 1.78518e-09 1.14289e-07 4.31383e-06 9.5998e-05 0.00125953 0.0097439 0.0444629 0.119905 0.192955 0.194087 0.145752 0.112386 0.0874246 0.0526598 0.0240826 0.00977125 0.00369674 0.00122769 0.000361344 9.5957e-05 2.23899e-05 4.43134e-06 7.18792e-07 9.29923e-08
 1.70689e-11 1.85347e-09 1.18661e-07 4.47886e-06 9.96706e-05 0.00130771 0.0101165 0.0461604 0.124444 0.199943 0.19963 0.146006 0.107712 0.0814887 0.0482767 0.0215412 0.00850583 0.00321959 0.00110182 0.000331859 8.6521e-05 1.91645e-05 3.59122e-06 5.591e-07 6.97777e-08
 1.76997e-11 1.92198e-09 1.23047e-07 4.6444e-06 0.000103354 0.00135604 0.0104903 0.0478634 0.129001 0.206989 0.205364 0.146743 0.103775 0.0760941 0.0438192 0.0184371 0.00661249 0.00230057 0.000750505 0.000222369 5.85958e-05 1.31592e-05 2.43642e-06 3.64183e-07 4.32348e-08
 1.74668e-11 1.89668e-09 1.21428e-07 4.58328e-06 0.000101994 0.0013382 0.0103523 0.0472349 0.127322 0.204413 0.203368 0.146806 0.105752 0.0784804 0.0454353 0.0192132 0.0068871 0.00233014 0.000709588 0.000192161 4.72272e-05 1.02755e-05 1.89632e-06 2.8419e-07 3.32988e-08
 1.68739e-11 1.8323e-09 1.17306e-07 4.4277e-06 9.85322e-05 0.00129278 0.0100011 0.045635 0.123048 0.197863 0.198322 0.147058 0.1109 0.0845431 0.0493021 0.0208744 0.0074863 0.00253674 0.000771218 0.000204673 4.76378e-05 9.57246e-06 1.64296e-06 2.36089e-07 2.72532e-08
 1.72606e-11 1.8743e-09 1.19994e-07 4.52918e-06 0.00010079 0.0013224 0.0102302 0.0466788 0.12584 0.202171 0.201781 0.147357 0.108247 0.081057 0.0465858 0.019144 0.00652174 0.00211429 0.000630857 0.000166626 3.8584e-05 7.59501e-06 1.24215e-06 1.66467e-07 1.79644e-08
 1.76241e-11 1.91377e-09 1.22521e-07 4.62457e-06 0.000102913 0.00135025 0.0104455 0.0476599 0.128462 0.2062 0.204936 0.147369 0.105349 0.0775234 0.0441746 0.0179192 0.00594667 0.00185794 0.000530054 0.000133343 2.97995e-05 5.76631e-06 9.3194e-07 1.2201e-07 1.25939e-08
 1.7522e-11 1.90268e-09 1.21811e-07 4.59776e-06 0.000102316 0.00134243 0.010385 0.0473841 0.127725 0.205065 0.204041 0.147343 0.106132 0.0785063 0.044886 0.0183167 0.00613549 0.0019229 0.000541366 0.000131993 2.82196e-05 5.20418e-06 8.07681e-07 1.02957e-07 1.04194e-08
 1.76609e-11 1.91777e-09 1.22777e-07 4.63423e-06 0.000103128 0.00135307 0.0104673 0.047759 0.128725 0.20659 0.205174 0.147149 0.104718 0.0769451 0.0440311 0.0181134 0.0061666 0.00196615 0.000560369 0.000137469 2.91995e-05 5.25408e-06 7.83317e-07 9.53336e-08 9.25488e-09
 1.78048e-11 1.93339e-09 1.23777e-07 4.67197e-06 0.000103968 0.00136409 0.0105526 0.0481476 0.129767 0.208222 0.206598 0.147635 0.104302 0.0760202 0.0428466 0.0169287 0.00534025 0.00158772 0.000441798 0.000109106 2.34934e-05 4.26157e-06 6.32857e-07 7.54876e-08 7.07694e-09
 1.83261e-11 1.98999e-09 1.27401e-07 4.80875e-06 0.000107012 0.00140403 0.0108614 0.0495541 0.133525 0.213981 0.211038 0.147425 0.0997959 0.0707132 0.0394667 0.0154758 0.00480138 0.00138 0.000363051 8.35621e-05 1.70766e-05 3.04728e-06 4.54813e-07 5.46254e-08 5.10825e-09
 1.82742e-11 1.98436e-09 1.27041e-07 4.79516e-06 0.000106709 0.00140006 0.0108307 0.0494144 0.133152 0.21341 0.210604 0.147467 0.100277 0.0712663 0.0398013 0.0155974 0.00482842 0.00138075 0.00035906 8.05009e-05 1.56869e-05 2.62937e-06 3.70797e-07 4.31532e-08 4.00531e-09
 1.88592e-11 2.04788e-09 1.31107e-07 4.94864e-06 0.000110125 0.00144487 0.0111772 0.0509927 0.137368 0.219873 0.21559 0.147239 0.095229 0.0653003 0.0359671 0.0139222 0.0042175 0.00117786 0.000302144 6.721e-05 1.2951e-05 2.12129e-06 2.87096e-07 3.16085e-08 2.77852e-09
 1.91079e-11 2.07489e-09 1.32836e-07 5.0139e-06 0.000111577 0.00146392 0.0113246 0.051664 0.139164 0.222643 0.217813 0.147425 0.0935128 0.0630476 0.0342139 0.0128098 0.003605 0.000917618 0.000220942 4.73796e-05 8.9153e-06 1.43827e-06 1.91959e-07 2.06708e-08 1.75242e-09
 1.89415e-11 2.05683e-09 1.3168e-07 4.97026e-06 0.000110606 0.00145118 0.011226 0.0512153 0.137965 0.22081 0.216419 0.147557 0.0950523 0.0648183 0.0352881 0.0132026 0.00369363 0.000921841 0.000212048 4.21547e-05 7.29736e-06 1.1073e-06 1.42446e-07 1.49938e-08 1.24824e-09
 1.89626e-11 2.05912e-09 1.31826e-07 4.97579e-06 0.000110729 0.00145279 0.0112385 0.0512721 0.138117 0.221041 0.216586 0.147514 0.094817 0.0645688 0.035167 0.0131937 0.00371569 0.000934789 0.00021541 4.23547e-05 7.09476e-06 1.01361e-06 1.2069e-07 1.18262e-08 9.35895e-10
 1.90126e-11 2.06454e-09 1.32174e-07 4.9889e-06 0.000111021 0.00145662 0.0112681 0.0514069 0.138476 0.221583 0.216966 0.147366 0.09419 0.0639309 0.0348977 0.0132348 0.00382384 0.000994538 0.000234482 4.66846e-05 7.86538e-06 1.11773e-06 1.29892e-07 1.2125e-08 8.97067e-10
 1.92073e-11 2.08568e-09 1.33527e-07 5.03998e-06 0.000112157 0.00147153 0.0113835 0.0519323 0.139881 0.223744 0.218672 0.147418 0.092704 0.0620692 0.0335558 0.0124868 0.00346137 0.000857249 0.000198407 4.00815e-05 6.93591e-06 1.00664e-06 1.18221e-07 1.10207e-08 8.01046e-10
 1.92466e-11 2.08995e-09 1.33801e-07 5.0503e-06 0.000112387 0.00147455 0.0114068 0.0520385 0.140166 0.224191 0.219064 0.147561 0.0926061 0.061828 0.0332301 0.0121507 0.0032221 0.000744798 0.000161683 3.0966e-05 5.15263e-06 7.39785e-07 8.80777e-08 8.38366e-09 6.1846e-10
 1.86354e-11 2.02358e-09 1.29552e-07 4.88992e-06 0.000108818 0.00142772 0.0110447 0.0503893 0.135761 0.217452 0.213926 0.147995 0.0981803 0.0682618 0.0371574 0.0136293 0.00361588 0.000831009 0.000176353 3.21951e-05 5.00995e-06 6.73831e-07 7.6369e-08 7.08239e-09 5.21487e-10
#obs catch len freq
 1.25007e-11 1.35743e-09 8.69037e-08 3.28019e-06 7.29961e-05 0.000957747 0.00740972 0.0338223 0.0913555 0.148191 0.154686 0.131448 0.122695 0.11206 0.0835112 0.0537571 0.0317165 0.0165827 0.00754198 0.00295004 0.000950812 0.000237562 4.32691e-05 5.45293e-06 4.56991e-07
 1.22499e-11 1.3302e-09 8.51603e-08 3.21438e-06 7.15318e-05 0.000938545 0.00726149 0.0331529 0.0896393 0.146089 0.155392 0.138485 0.134107 0.119683 0.082148 0.046833 0.0251999 0.0126601 0.00555422 0.00202983 0.000593715 0.00013315 2.18096e-05 2.48634e-06 1.89441e-07
 5.32705e-12 5.78455e-10 3.70332e-08 1.39783e-06 3.11077e-05 0.000408209 0.00316042 0.014477 0.0397767 0.0697627 0.0964184 0.13939 0.188831 0.185967 0.129112 0.0716925 0.0357804 0.0160577 0.00631064 0.00211515 0.000571257 0.000116791 1.72034e-05 1.75496e-06 1.19887e-07
 1.81561e-11 1.97154e-09 1.2622e-07 4.76417e-06 0.00010602 0.00139101 0.0107605 0.0490894 0.1322 0.211204 0.204944 0.13392 0.08007 0.0590036 0.0474009 0.034719 0.0207227 0.00958981 0.00351821 0.00105109 0.000251727 4.61175e-05 6.12443e-06 5.62487e-07 3.44738e-08
 1.41936e-11 1.54126e-09 9.86725e-08 3.7244e-06 8.28819e-05 0.00108748 0.00841409 0.0384203 0.103919 0.169422 0.179393 0.154664 0.137922 0.108889 0.060464 0.0237172 0.00838608 0.00337656 0.00132179 0.000407046 9.22706e-05 1.5196e-05 1.78752e-06 1.4582e-07 7.98296e-09
 1.867e-11 2.02734e-09 1.29792e-07 4.899e-06 0.00010902 0.00143039 0.0110657 0.0504929 0.136113 0.218383 0.215654 0.149068 0.0957451 0.0637176 0.0355474 0.0152596 0.00533989 0.00156556 0.000392463 9.01116e-05 1.83701e-05 2.89486e-06 3.19382e-07 2.36828e-08 1.15828e-09
 1.48678e-11 1.61447e-09 1.0336e-07 3.90133e-06 8.68193e-05 0.00113915 0.00881418 0.0402516 0.108904 0.177611 0.187542 0.158466 0.135094 0.101832 0.0540395 0.0194076 0.00525108 0.00123988 0.000262896 4.68912e-05 6.80027e-06 7.98105e-07 7.31466e-08 4.85837e-09 2.17996e-10
 1.7406e-11 1.89009e-09 1.21005e-07 4.56734e-06 0.00010164 0.00133359 0.0103177 0.0470967 0.127153 0.205324 0.207879 0.15475 0.110454 0.07564 0.0396403 0.0148386 0.00426285 0.000993392 0.000182451 2.57576e-05 2.85102e-06 2.49845e-07 1.68709e-08 8.4506e-10 3.02696e-11
 1.59516e-11 1.73216e-09 1.10894e-07 4.18572e-06 9.31483e-05 0.0012222 0.00945689 0.0431866 0.116818 0.190124 0.198287 0.159975 0.126057 0.0890586 0.0451825 0.0155794 0.00396145 0.0008279 0.000144096 1.96627e-05 2.00469e-06 1.48793e-07 7.92749e-09 3.01222e-10 8.09448e-12
 1.68156e-11 1.82598e-09 1.16901e-07 4.41243e-06 9.81935e-05 0.00128839 0.00996893 0.0455208 0.123068 0.199752 0.205736 0.159366 0.117795 0.0796202 0.0397032 0.0137136 0.0035132 0.00071947 0.000116635 1.43252e-05 1.31199e-06 8.8743e-08 4.3112e-09 1.453e-10 3.30986e-12
 1.52258e-11 1.65334e-09 1.05848e-07 3.99527e-06 8.8911e-05 0.00116664 0.00902831 0.0412525 0.111823 0.183396 0.195918 0.165843 0.134854 0.0934837 0.0450432 0.0142851 0.00317398 0.000551814 7.90978e-05 8.98863e-06 7.67818e-07 4.76109e-08 2.08472e-09 6.29724e-11 1.28726e-12
 1.72886e-11 1.87733e-09 1.20189e-07 4.53654e-06 0.000100956 0.00132466 0.0102501 0.0468132 0.126629 0.205769 0.212013 0.162358 0.115098 0.0730375 0.0336643 0.010334 0.00219941 0.000355051 4.53473e-05 4.44245e-06 3.23064e-07 1.72787e-08 6.69646e-10 1.82333e-11 3.37391e-13
 1.68356e-11 1.82815e-09 1.1704e-07 4.41769e-06 9.83115e-05 0.00128999 0.00998274 0.045607 0.123513 0.201551 0.210391 0.165671 0.120279 0.0758305 0.0338337 0.00978068 0.00187664 0.000260993 2.8538e-05 2.45621e-06 1.58815e-07 7.45991e-09 2.49424e-10 5.8143e-12 9.25887e-14
 1.62536e-11 1.76495e-09 1.12994e-07 4.26499e-06 9.49143e-05 0.00124545 0.00963921 0.0440564 0.119498 0.19603 0.207904 0.169098 0.126182 0.0794979 0.0348456 0.00982144 0.00181898 0.000239158 2.39786e-05 1.83559e-06 1.02909e-07 4.12656e-09 1.17766e-10 2.3649e-12 3.26601e-14
 1.32203e-11 1.43557e-09 9.19068e-08 3.46909e-06 7.72046e-05 0.00101321 0.00784577 0.0359294 0.0981689 0.165311 0.189934 0.181125 0.156412 0.103889 0.045358 0.0124369 0.00219967 0.000269982 2.48402e-05 1.74096e-06 8.93289e-08 3.24155e-09 8.20941e-11 1.43608e-12 1.70751e-14
 1.62566e-11 1.76527e-09 1.13015e-07 4.2658e-06 9.49335e-05 0.00124577 0.00964316 0.0440968 0.119788 0.197295 0.210853 0.172043 0.125753 0.0762206 0.0322154 0.00887273 0.00163506 0.000215579 2.11583e-05 1.50842e-06 7.473e-08 2.5246e-09 5.82922e-11 9.20524e-13 9.82971e-15
 1.46373e-11 1.58944e-09 1.01758e-07 3.84093e-06 8.54807e-05 0.00112184 0.0086872 0.0397789 0.108569 0.181643 0.20303 0.180365 0.141988 0.0875049 0.0360616 0.00938946 0.00157383 0.000181585 1.55856e-05 1.02104e-06 4.92943e-08 1.67799e-09 3.90937e-11 6.0949e-13 6.23677e-15
 1.62094e-11 1.76015e-09 1.12687e-07 4.25345e-06 9.46607e-05 0.00124228 0.0096183 0.0440135 0.119801 0.198338 0.214072 0.175708 0.125896 0.0729788 0.0292195 0.00755964 0.00128632 0.000152841 1.33087e-05 8.43548e-07 3.74832e-08 1.14183e-09 2.38139e-11 3.39921e-13 3.2791e-15
 1.45194e-11 1.57664e-09 1.00939e-07 3.81006e-06 8.47967e-05 0.00111299 0.00862167 0.03952 0.108177 0.182289 0.206284 0.184209 0.141937 0.0841715 0.0334589 0.00852075 0.0014269 0.000167186 1.43881e-05 9.04584e-07 4.00126e-08 1.2099e-09 2.46604e-11 3.34976e-13 2.99138e-15
 1.53813e-11 1.67023e-09 1.06931e-07 4.03623e-06 8.98309e-05 0.00117907 0.00913328 0.0418559 0.114437 0.191832 0.2131 0.182248 0.132893 0.0754778 0.0291361 0.00726653 0.00119749 0.000138101 1.163e-05 7.09968e-07 3.03591e-08 8.87003e-10 1.74967e-11 2.30423e-13 1.99514e-15
 1.56314e-11 1.6974e-09 1.0867e-07 4.10192e-06 9.12943e-05 0.00119834 0.00928373 0.0425589 0.116433 0.195308 0.216502 0.182816 0.129824 0.0715092 0.0268137 0.00649721 0.00103681 0.000115072 9.28167e-06 5.42783e-07 2.22924e-08 6.26173e-10 1.18518e-11 1.49247e-13 1.23194e-15
 1.57474e-11 1.70999e-09 1.09476e-07 4.13239e-06 9.19747e-05 0.00120735 0.00935524 0.0429065 0.117508 0.19748 0.219134 0.183802 0.12793 0.0685996 0.0250444 0.00591265 0.000917501 9.84232e-05 7.60763e-06 4.23348e-07 1.64775e-08 4.37535e-10 7.81765e-12 9.29138e-14 7.24234e-16
 1.60904e-11 1.74723e-09 1.11861e-07 4.22244e-06 9.39809e-05 0.00123375 0.00956102 0.0438617 0.120167 0.201876 0.222915 0.183708 0.123855 0.0641031 0.0226208 0.00515208 0.000765325 7.76721e-05 5.62948e-06 2.93429e-07 1.07284e-08 2.67918e-10 4.49487e-12 5.00313e-14 3.64457e-16
 1.47971e-11 1.60681e-09 1.02872e-07 3.88325e-06 8.64392e-05 0.00113505 0.00880327 0.0404806 0.111648 0.19092 0.219284 0.191611 0.134949 0.0703873 0.0244345 0.00540617 0.000771636 7.42296e-05 5.0329e-06 2.43628e-07 8.25386e-09 1.90756e-10 2.95827e-12 3.04358e-14 2.05183e-16
 1.72249e-11 1.87044e-09 1.1975e-07 4.52026e-06 0.000100613 0.00132088 0.0102371 0.0469616 0.128525 0.214666 0.231845 0.180473 0.111418 0.0528645 0.0173371 0.00368788 0.000507531 4.67837e-05 3.0065e-06 1.36512e-07 4.30465e-09 9.20028e-11 1.31199e-12 1.23642e-14 7.62405e-17
 1.555e-11 1.68857e-09 1.08108e-07 4.08101e-06 9.08479e-05 0.00119315 0.00925728 0.0425971 0.117565 0.200661 0.227315 0.19064 0.125562 0.0608699 0.0196588 0.00401965 0.000519743 4.38604e-05 2.52821e-06 1.02708e-07 2.93467e-09 5.76104e-11 7.59372e-13 6.61416e-15 3.75823e-17
 1.49016e-11 1.61817e-09 1.03602e-07 3.91108e-06 8.7075e-05 0.00114395 0.00888266 0.0409578 0.113618 0.196162 0.226897 0.194933 0.129879 0.0626965 0.0200666 0.00408969 0.0005335 4.59376e-05 2.69653e-06 1.08997e-07 2.98924e-09 5.44741e-11 6.51658e-13 5.09792e-15 2.60079e-17
 1.59722e-11 1.73443e-09 1.11046e-07 4.19211e-06 9.33312e-05 0.00122607 0.00951807 0.0438455 0.121216 0.207051 0.232907 0.189973 0.118962 0.0545599 0.0168368 0.00334127 0.0004269 3.61262e-05 2.08785e-06 8.31924e-08 2.25229e-09 4.05235e-11 4.76546e-13 3.62438e-15 1.76748e-17
 1.45345e-11 1.57833e-09 1.01055e-07 3.8153e-06 8.49633e-05 0.00111687 0.00868477 0.0401774 0.112243 0.196312 0.230794 0.19919 0.129683 0.0597678 0.0180506 0.00344214 0.000415222 3.25603e-05 1.72103e-06 6.27684e-08 1.57578e-09 2.67072e-11 2.99413e-13 2.1864e-15 1.02723e-17
#spawning biomass
 8210.22 7128.52 5296.22 6263.63 10197.4 15321.6 23610.7 33361.3 45421.1 69570.9 89264.1 108744 158907 193787 171105 165132 183252 204473 184055 178589 197970 211657 216236 229549 241468 277539 278999 252810 211453 184708 235872 129775 66758.5 37099.3 24826.4 20142.8 18450.3 17861.6 17662.5 17596.5 17575 17568 17565.8 17565.1 17564.9 17564.8 17564.8 17564.8 17564.8 17564.8 17564.8 17564.8 17564.8 17564.8 17564.8 17564.8 17564.8 17564.8 17564.8 17564.8 17564.8 17564.8 17564.8 17564.8 17564.8 17564.8 17564.8 17564.8 17564.8 17564.8 17564.8 17564.8 17564.8 17564.8 17564.8 17564.8 17564.8 17564.8 17564.8 17564.8 17564.8 17564.8 17564.8 17564.8 17564.8 17564.8 17564.8 17564.8 17564.8 17564.8 17564.8 17564.8 17564.8 17564.8 17564.8 17564.8 17564.8 17564.8 17564.8 17564.8 17564.8 17564.8 17564.8 17564.8 17564.8 17564.8 17564.8 17564.8 17564.8 17564.8 17564.8 17564.8 17564.8 17564.8 17564.8 17564.8 17564.8 17564.8 17564.8 17564.8 17564.8 17564.8 17564.8 17564.8 17564.8 17564.8 17564.8 17564.8 17564.8 0 0 0 0 0 0 0 0 0 0 0 0 0 0 0 0 0 0 0 0 0 0 0 0 0
