SBPRF35
0.224663
Curr Bio
31681.3
B35
175049
F35
0.32532
FOFL
0.153575
OFL
21406.5
Bzero
64189.3
#pred survey bio
 11065 8117.16 8144.07 8159.11 10044 13711.9 16405.1 18983.3 31921.3 54271.6 71438.5 85689.9 115890 139290 150138 139121 122873 123343 123153 120498 124233 129122 145985 150542 172235 181114 189934 157180 100094 6.55834e+06 3.70532e+06 2.84095e+06 2.07786e+06 1.54946e+06 1.22391e+06 1.03548e+06 929940 871668 839543 821695 811632 805849 802449 800403 799146 798361 797863 797541 797332 797193 797102 797041 797000 796973 796954 796942 796933 796928 796924 796921 796920 796918 796918 796917 796917 796916 796916 796916 796916 796916 796916 796916 796916 796916 796916 796916 796916 796916 796916 796916 796916 796916 796916 796916 796916 796916 796916 796916 796916 796916 796916 796916 796916 796916 796916 796916 796916 796916 796916 796916 796916 796916 796916 796916 796916 796916 796916 796916 796916 796916 796916 796916 796916 796916 796916 796916 796916 796916 796916 796916 796916 796916 796916 796916 796916 796916 796916 796916 796916 0 0 0 0 0 0 0 0 0 0 0 0 0 0 0 0 0 0 0 0 0 0 0 0 0
#obs survey bio
 10636.1 7840.19 9181.68 7971.9 10054.1 15717.2 14113.1 17902.4 44541.9 55658.7 89219.7 115347 117802 179130 98438.5 112986 92327.7 149395 93372.8 86491.7 101306 123759 125940 152379 210298 172729 159192 195701 114560
#pred catch bio
 7710.57 5358.46 5452.38 5596.98 6497.23 8774.58 11358.6 12019.5 19319.8 35173.1 48155.4 55504.9 78085.6 90677.4 102627 98902.2 83120.8 83629.1 85788.2 83426.7 85142.8 83809.1 98894.7 96875.9 111902 112192 128022 114717 1.17761 21406.5 40121.9 30069.2 21449.4 15635.2 12160.2 10223.8 9190.89 8655.22 8382.58 8245.56 8177.28 8143.46 8126.77 8118.56 8114.53 8112.56 8111.59 8111.12 8110.89 8110.78 8110.72 8110.7 8110.68 8110.68 8110.67 8110.67 8110.67 8110.67 8110.67 8110.67 8110.67 8110.67 8110.67 8110.67 8110.67 8110.67 8110.67 8110.67 8110.67 8110.67 8110.67 8110.67 8110.67 8110.67 8110.67 8110.67 8110.67 8110.67 8110.67 8110.67 8110.67 8110.67 8110.67 8110.67 8110.67 8110.67 8110.67 8110.67 8110.67 8110.67 8110.67 8110.67 8110.67 8110.67 8110.67 8110.67 8110.67 8110.67 8110.67 8110.67 8110.67 8110.67 8110.67 8110.67 8110.67 8110.67 8110.67 8110.67 8110.67 8110.67 8110.67 8110.67 8110.67 8110.67 8110.67 8110.67 8110.67 8110.67 8110.67 8110.67 8110.67 8110.67 8110.67 8110.67 8110.67 8110.67 8110.67 8110.67 8110.67 0 0 0 0 0 0 0 0 0 0 0 0 0 0 0 0 0 0 0 0 0 0 0 0 0
#obs catch bio
 4849 5348.62 5478.31 5560.85 6420.63 8609.98 11385.7 11652.2 18806.5 34304.3 46885 54152.1 77684.5 88504.9 104721 101983 83667.4 82219.7 88198.1 85820.5 86148.1 83201.8 99506.7 97100.1 112403 112330 130080 120475 1.07902
#pred cpue bio
 10433.9 7418.72 7456.26 7455.16 9038.13 12404.5 14964 17128.2 28602.9 48874.7 64748.3 77577 104732 126186 137545 127365 112091 112640 112431 109685 112924 117547 133159 137214 157097 165889 174935 145148 92660.5 6.29817e+06 3.68263e+06 2.81825e+06 2.05517e+06 1.52677e+06 1.20122e+06 1.01279e+06 907249 848977 816853 799004 788942 783158 779759 777713 776455 775671 775172 774851 774641 774503 774411 774350 774309 774282 774264 774251 774243 774237 774233 774231 774229 774228 774227 774226 774226 774226 774226 774226 774225 774225 774225 774225 774225 774225 774225 774225 774225 774225 774225 774225 774225 774225 774225 774225 774225 774225 774225 774225 774225 774225 774225 774225 774225 774225 774225 774225 774225 774225 774225 774225 774225 774225 774225 774225 774225 774225 774225 774225 774225 774225 774225 774225 774225 774225 774225 774225 774225 774225 774225 774225 774225 774225 774225 774225 774225 774225 774225 774225 774225 0 0 0 0 0 0 0 0 0 0 0 0 0 0 0 0 0 0 0 0 0 0 0 0 0
#obs cpue bio
 7547.18 8216.1 5759.8 9277.1 11052.1 15309 14858.2 36633.6 30288 70131 79496.2 82332.3 99567.5 165564 112512 97998.4 146060 142834 72275.9 98040.9 128509 149852 132545 128767 122672 166801 157942 126898 147761
#pred surv len freq
 2.14649e-27 2.17478e-27 6.75718e-27 1.56801e-21 9.32556e-17 1.2751e-12 4.00831e-09 2.89681e-06 0.000481301 0.0183854 0.161461 0.325994 0.151703 0.0264164 0.0631081 0.0885209 0.0358094 0.0282183 0.02508 0.0170158 0.0144179 0.0126074 0.0131874 0.0123713 0.00521903
 2.14876e-27 2.18156e-27 7.53619e-27 1.83238e-21 1.08978e-16 1.49009e-12 4.68411e-09 3.38522e-06 0.000562449 0.0214852 0.188684 0.380956 0.177164 0.0277734 0.054832 0.0765524 0.0280574 0.0138647 0.0110241 0.00599579 0.00421323 0.00301668 0.002629 0.00224838 0.000938686
 2.14802e-27 2.17994e-27 7.37364e-27 1.77724e-21 1.057e-16 1.44525e-12 4.54317e-09 3.28336e-06 0.000545526 0.0208387 0.183007 0.369494 0.171918 0.0291853 0.0669065 0.0935109 0.0333431 0.0135459 0.00977594 0.00373932 0.00187786 0.00100267 0.000653904 0.000467308 0.000185168
 2.14819e-27 2.18045e-27 7.43305e-27 1.79742e-21 1.06899e-16 1.46166e-12 4.59474e-09 3.32063e-06 0.000551718 0.0210753 0.185084 0.373688 0.173843 0.0288021 0.063304 0.0884837 0.0322891 0.0154432 0.0113271 0.00379599 0.00146368 0.000502554 0.00020334 0.000103976 3.63903e-05
 2.14984e-27 2.18449e-27 7.85954e-27 1.94209e-21 1.15503e-16 1.5793e-12 4.96456e-09 3.5879e-06 0.000596124 0.0227715 0.199981 0.403764 0.1877 0.0275498 0.0465937 0.0648925 0.0234553 0.010532 0.00773606 0.00284884 0.00115363 0.000319593 7.61491e-05 2.10616e-05 5.52601e-06
 2.14922e-27 2.18294e-27 7.69179e-27 1.88516e-21 1.12118e-16 1.53301e-12 4.81904e-09 3.48274e-06 0.000578651 0.0221041 0.194119 0.39193 0.182264 0.0284759 0.0558143 0.0778325 0.0272535 0.00948617 0.00654163 0.00232039 0.000934245 0.000275198 5.73662e-05 8.6487e-06 1.22741e-06
 2.14832e-27 2.18074e-27 7.46057e-27 1.80674e-21 1.07454e-16 1.46924e-12 4.61856e-09 3.33785e-06 0.000554578 0.0211845 0.186043 0.375625 0.174748 0.0290685 0.0643459 0.0898995 0.0320833 0.0131019 0.00921888 0.00282925 0.000958348 0.000270567 5.66668e-05 7.34294e-06 5.77065e-07
 2.14955e-27 2.18378e-27 7.78363e-27 1.91633e-21 1.13972e-16 1.55836e-12 4.89873e-09 3.54032e-06 0.00058822 0.0224696 0.197329 0.39841 0.185235 0.0278265 0.0498966 0.0695511 0.0251488 0.0113132 0.00820701 0.00274291 0.000985821 0.000242232 4.40686e-05 5.42429e-06 3.55448e-07
 2.15021e-27 2.18539e-27 7.95203e-27 1.97345e-21 1.17368e-16 1.6048e-12 5.04472e-09 3.64584e-06 0.00060575 0.0231392 0.20321 0.410283 0.190712 0.027496 0.0443007 0.0616193 0.0217472 0.00812146 0.00570199 0.00202016 0.000788693 0.000208641 3.72051e-05 4.00012e-06 2.34589e-07
 2.14968e-27 2.18408e-27 7.81128e-27 1.92569e-21 1.14528e-16 1.56597e-12 4.92265e-09 3.55761e-06 0.000591092 0.0225793 0.198293 0.400356 0.186146 0.0281122 0.0510543 0.07112 0.02485 0.00847208 0.0057313 0.00182506 0.000647506 0.000180855 3.51002e-05 3.85661e-06 2.0839e-07
 2.14902e-27 2.18244e-27 7.63902e-27 1.86726e-21 1.11053e-16 1.51846e-12 4.77329e-09 3.44967e-06 0.000573157 0.0218942 0.192276 0.388209 0.180548 0.0286097 0.0577525 0.08058 0.0284466 0.0106341 0.0073235 0.00221673 0.00071566 0.000179799 3.34447e-05 3.89745e-06 2.19437e-07
 2.14916e-27 2.18282e-27 7.68069e-27 1.88141e-21 1.11894e-16 1.52996e-12 4.80944e-09 3.4758e-06 0.000577498 0.02206 0.193732 0.391149 0.181897 0.0283175 0.0550825 0.0768402 0.0274439 0.0112778 0.00798244 0.0025369 0.000858399 0.000203632 3.38749e-05 3.662e-06 2.08066e-07
 2.14936e-27 2.18329e-27 7.73022e-27 1.89821e-21 1.12894e-16 1.54362e-12 4.85239e-09 3.50684e-06 0.000582656 0.0222571 0.195463 0.394642 0.183506 0.028164 0.0530926 0.0740297 0.0263718 0.0106258 0.00753868 0.00252951 0.000921515 0.000229916 3.84886e-05 3.83343e-06 1.99685e-07
 2.14908e-27 2.18261e-27 7.65721e-27 1.87344e-21 1.11421e-16 1.52348e-12 4.78907e-09 3.46108e-06 0.000575052 0.0219666 0.192912 0.389492 0.181137 0.0284908 0.0566399 0.0790172 0.0279601 0.0106677 0.00746409 0.00247878 0.000907081 0.000239907 4.31654e-05 4.42453e-06 2.21483e-07
 2.14781e-27 2.17949e-27 7.32828e-27 1.76186e-21 1.04785e-16 1.43274e-12 4.50385e-09 3.25494e-06 0.000540804 0.0206583 0.181423 0.366296 0.170451 0.0294806 0.0696736 0.0974141 0.0347984 0.0143207 0.0101532 0.00327011 0.00115257 0.000302735 5.61032e-05 6.12914e-06 3.20834e-07
 2.14795e-27 2.17986e-27 7.37206e-27 1.77673e-21 1.05669e-16 1.44484e-12 4.54186e-09 3.28242e-06 0.000545369 0.0208327 0.182954 0.369388 0.17186 0.0289583 0.0655533 0.0916664 0.0335825 0.0164709 0.0121464 0.00408387 0.0014955 0.000382701 6.90108e-05 7.6328e-06 4.18152e-07
 2.14836e-27 2.18087e-27 7.4772e-27 1.81239e-21 1.0779e-16 1.47384e-12 4.63302e-09 3.3483e-06 0.000556315 0.0212509 0.186626 0.376801 0.175279 0.0287369 0.0619669 0.0865799 0.0313504 0.0142535 0.0105186 0.00393622 0.00161642 0.000434867 7.97314e-05 8.63771e-06 4.71737e-07
 2.14822e-27 2.18053e-27 7.44061e-27 1.79998e-21 1.07052e-16 1.46374e-12 4.60129e-09 3.32536e-06 0.000552504 0.0211053 0.185348 0.37422 0.174093 0.0289212 0.06387 0.0892549 0.0321964 0.0142493 0.0103914 0.00372085 0.00151718 0.000453377 9.20682e-05 1.03796e-05 5.66638e-07
 2.14827e-27 2.18063e-27 7.45218e-27 1.8039e-21 1.07285e-16 1.46693e-12 4.61132e-09 3.33262e-06 0.000553709 0.0211513 0.185752 0.375037 0.174468 0.0288412 0.063136 0.0882285 0.0319476 0.0145175 0.0106178 0.00373553 0.00147817 0.000429915 9.11851e-05 1.13608e-05 6.62151e-07
 2.1486e-27 2.18145e-27 7.53761e-27 1.83288e-21 1.09009e-16 1.4905e-12 4.6854e-09 3.38615e-06 0.000562604 0.0214911 0.188736 0.381061 0.177244 0.0286134 0.0599296 0.0836975 0.030192 0.0133634 0.00974521 0.00348176 0.00139066 0.000395845 8.16648e-05 1.03464e-05 6.47201e-07
 2.14874e-27 2.1818e-27 7.57342e-27 1.84502e-21 1.09731e-16 1.50037e-12 4.71643e-09 3.40858e-06 0.00056633 0.0216334 0.189986 0.383585 0.17841 0.0285877 0.0590118 0.0823887 0.0295274 0.0124651 0.00898394 0.00315971 0.00124912 0.000359254 7.37935e-05 9.15424e-06 5.74668e-07
 2.14857e-27 2.18135e-27 7.52617e-27 1.82899e-21 1.08777e-16 1.48733e-12 4.67545e-09 3.37896e-06 0.00056141 0.0214455 0.188335 0.380252 0.176876 0.0287728 0.0611466 0.0853957 0.0305627 0.0127652 0.00914549 0.00312565 0.0011953 0.000338208 6.91979e-05 8.58069e-06 5.32505e-07
 2.14836e-27 2.18085e-27 7.47395e-27 1.81129e-21 1.07724e-16 1.47294e-12 4.63019e-09 3.34625e-06 0.000555975 0.0212379 0.186512 0.376571 0.175177 0.0288322 0.0626184 0.0874909 0.0315827 0.0140428 0.0101812 0.00345637 0.00130113 0.000356801 7.08039e-05 8.67311e-06 5.3629e-07
 2.14845e-27 2.18107e-27 7.49804e-27 1.81946e-21 1.0821e-16 1.47958e-12 4.65108e-09 3.36135e-06 0.000558483 0.0213337 0.187353 0.37827 0.175958 0.0287347 0.0615112 0.0859304 0.03103 0.0138346 0.010085 0.00355259 0.00138495 0.000377211 7.29415e-05 8.65225e-06 5.24372e-07
 2.14837e-27 2.18088e-27 7.47849e-27 1.81283e-21 1.07816e-16 1.47419e-12 4.63413e-09 3.3491e-06 0.000556448 0.0212559 0.186671 0.376892 0.175323 0.0287745 0.0621693 0.0868621 0.0314129 0.0141505 0.0103383 0.00365173 0.00144282 0.000407091 8.03496e-05 9.381e-06 5.52491e-07
 2.14788e-27 2.17968e-27 7.35092e-27 1.76956e-21 1.05242e-16 1.439e-12 4.52352e-09 3.26916e-06 0.000543166 0.0207486 0.182215 0.367896 0.171178 0.0291649 0.0672644 0.0940507 0.0340423 0.0154284 0.0112946 0.00401488 0.00159749 0.000454686 9.19937e-05 1.10224e-05 6.4879e-07
 2.14722e-27 2.17808e-27 7.18526e-27 1.71337e-21 1.01901e-16 1.39331e-12 4.3799e-09 3.16537e-06 0.000525921 0.0200898 0.17643 0.356216 0.165789 0.0294431 0.0724828 0.101453 0.0372916 0.0186794 0.0139305 0.0049732 0.00198991 0.000570545 0.00011667 1.42493e-05 8.58251e-07
 2.1469e-27 2.17732e-27 7.1069e-27 1.6868e-21 1.00321e-16 1.37171e-12 4.31198e-09 3.11628e-06 0.000517765 0.0197783 0.173694 0.350692 0.163239 0.0295331 0.074697 0.104597 0.0386945 0.0201537 0.0152627 0.00580194 0.00245789 0.000712507 0.000146871 1.8135e-05 1.11011e-06
 2.14657e-27 2.17651e-27 7.0217e-27 1.65791e-21 9.8602e-17 1.34821e-12 4.23811e-09 3.06289e-06 0.000508895 0.0194394 0.170718 0.344684 0.160471 0.0298105 0.0782014 0.109534 0.0404012 0.0206812 0.0156766 0.006124 0.00270581 0.000835495 0.000180301 2.25886e-05 1.39767e-06
#obs surv len freq
 1.23597e-39 6.0492e-33 6.80665e-27 1.76082e-21 1.04722e-16 1.43189e-12 4.50116e-09 3.25299e-06 0.00054049 0.020646 0.181313 0.366077 0.170341 0.0292668 0.0684353 0.0957002 0.0346104 0.0155934 0.0113758 0.0039755 0.00156193 0.000451513 9.50659e-05 1.23028e-05 8.12713e-07
 1.30957e-39 6.40942e-33 7.21198e-27 1.86567e-21 1.10958e-16 1.51716e-12 4.76919e-09 3.44671e-06 0.000572675 0.0218755 0.19211 0.387875 0.180383 0.0282981 0.0559517 0.0780901 0.0282112 0.0126154 0.00918015 0.00318019 0.0012287 0.000344695 7.026e-05 8.86151e-06 5.69961e-07
 1.15438e-39 5.64989e-33 6.35735e-27 1.64459e-21 9.78097e-17 1.33737e-12 4.20404e-09 3.03827e-06 0.000504812 0.0192832 0.169345 0.341913 0.15923 0.0308615 0.085453 0.119618 0.0421134 0.0153903 0.0107061 0.00368621 0.00141316 0.000391163 7.76325e-05 9.4639e-06 5.90805e-07
 1.35033e-39 6.60891e-33 7.43645e-27 1.92374e-21 1.14412e-16 1.56438e-12 4.91763e-09 3.55398e-06 0.000590499 0.0225563 0.19809 0.399947 0.185933 0.0274713 0.0472659 0.0658949 0.0245676 0.0133558 0.00990777 0.00305171 0.00102637 0.000277573 5.43362e-05 6.47037e-06 3.91461e-07
 1.38915e-39 6.79892e-33 7.65025e-27 1.97905e-21 1.17701e-16 1.60935e-12 5.05902e-09 3.65616e-06 0.000607477 0.0232048 0.203785 0.411445 0.191254 0.0275991 0.0445806 0.0619848 0.0214777 0.00675098 0.00458403 0.0017737 0.000731629 0.000181612 3.20239e-05 3.69314e-06 2.18652e-07
 1.2682e-39 6.20697e-33 6.98418e-27 1.80674e-21 1.07454e-16 1.46923e-12 4.61855e-09 3.33784e-06 0.000554586 0.0211845 0.186042 0.375624 0.174768 0.029588 0.0675185 0.0942848 0.0324547 0.00947715 0.00604349 0.00172326 0.000540661 0.000158522 3.11405e-05 3.33169e-06 1.84796e-07
 1.28019e-39 6.26562e-33 7.05018e-27 1.82381e-21 1.08469e-16 1.48312e-12 4.6622e-09 3.36938e-06 0.000559827 0.0213847 0.1878 0.379174 0.176382 0.0288925 0.0622029 0.086886 0.0311256 0.0130744 0.00914668 0.00251002 0.000679158 0.000149457 2.57727e-05 3.04089e-06 1.70426e-07
 1.42281e-39 6.96367e-33 7.83563e-27 2.027e-21 1.20553e-16 1.64835e-12 5.18161e-09 3.74476e-06 0.000622197 0.0237671 0.208723 0.421415 0.195838 0.0269257 0.0374648 0.0519919 0.018464 0.00725892 0.00511344 0.00168832 0.000581914 0.000123456 1.70424e-05 1.62593e-06 8.91432e-08
 1.41924e-39 6.94621e-33 7.81599e-27 2.02192e-21 1.20251e-16 1.64422e-12 5.16862e-09 3.73537e-06 0.000620637 0.0237075 0.2082 0.420359 0.195365 0.0273375 0.040297 0.0559233 0.0190261 0.00482792 0.00296325 0.000943411 0.000328317 8.31576e-05 1.33875e-05 1.15187e-06 5.13108e-08
 1.34848e-39 6.59986e-33 7.42627e-27 1.92111e-21 1.14255e-16 1.56224e-12 4.9109e-09 3.54912e-06 0.000589691 0.0225255 0.197818 0.3994 0.185717 0.0284451 0.0533752 0.0743479 0.0254033 0.00679749 0.00416269 0.00107238 0.000266736 6.33237e-05 1.09793e-05 1.09614e-06 4.99626e-08
 1.32207e-39 6.47061e-33 7.28084e-27 1.88348e-21 1.12018e-16 1.53164e-12 4.81473e-09 3.47961e-06 0.000578143 0.0220843 0.193944 0.391578 0.182107 0.0286106 0.056743 0.0791338 0.0276237 0.00932169 0.00616291 0.00162232 0.000399076 7.59901e-05 1.00943e-05 9.79531e-07 4.91286e-08
 1.35947e-39 6.65364e-33 7.48679e-27 1.93676e-21 1.15186e-16 1.57497e-12 4.95092e-09 3.57804e-06 0.000594496 0.022709 0.19943 0.402654 0.187203 0.0279634 0.0494538 0.0688741 0.0241973 0.00867187 0.00589182 0.00172903 0.000509949 0.000100594 1.21717e-05 9.32402e-07 4.04053e-08
 1.33586e-39 6.53811e-33 7.35679e-27 1.90313e-21 1.13186e-16 1.54762e-12 4.86495e-09 3.51591e-06 0.000584174 0.0223147 0.195968 0.395663 0.183989 0.0284431 0.0544894 0.0759468 0.0263504 0.00837994 0.00552868 0.00167469 0.00052971 0.000117815 1.64141e-05 1.25139e-06 4.64479e-08
 1.29525e-39 6.33937e-33 7.13316e-27 1.84528e-21 1.09746e-16 1.50057e-12 4.71707e-09 3.40904e-06 0.000566416 0.0216364 0.190011 0.383636 0.178448 0.0289695 0.0613281 0.0855991 0.0299353 0.0102825 0.00688682 0.00196674 0.00057641 0.000132159 2.02718e-05 1.75355e-06 6.97578e-08
 1.17004e-39 5.72654e-33 6.44359e-27 1.6669e-21 9.91366e-17 1.35551e-12 4.26107e-09 3.07948e-06 0.000511661 0.0195448 0.171642 0.346552 0.161364 0.0305916 0.0824072 0.115344 0.0408733 0.0157699 0.0109193 0.00323905 0.000987948 0.000215677 3.17749e-05 2.9009e-06 1.27948e-07
 1.26073e-39 6.17038e-33 6.94301e-27 1.79609e-21 1.0682e-16 1.46057e-12 4.59133e-09 3.31816e-06 0.000551317 0.0210596 0.184945 0.37341 0.173709 0.0286649 0.0625506 0.087456 0.032403 0.0170034 0.0125868 0.00397793 0.00132676 0.000302824 4.51208e-05 3.98066e-06 1.76923e-07
 1.23172e-39 6.02843e-33 6.78328e-27 1.75477e-21 1.04363e-16 1.42697e-12 4.4857e-09 3.24183e-06 0.000538634 0.0205751 0.180691 0.36482 0.16977 0.0295266 0.0703997 0.0984313 0.0350566 0.0141141 0.0101815 0.0038583 0.0015725 0.000392331 6.34765e-05 5.80364e-06 2.56399e-07
 1.27763e-39 6.25309e-33 7.03608e-27 1.82017e-21 1.08252e-16 1.48015e-12 4.65287e-09 3.36264e-06 0.000558708 0.0213419 0.187425 0.378415 0.176026 0.0287434 0.0615212 0.0859466 0.0310702 0.0139508 0.0100754 0.00327677 0.00121192 0.00035718 6.93042e-05 7.01388e-06 3.28743e-07
 1.24241e-39 6.08072e-33 6.84213e-27 1.76999e-21 1.05268e-16 1.43935e-12 4.52462e-09 3.26995e-06 0.000543307 0.0207536 0.182258 0.367985 0.17123 0.029439 0.0689111 0.0963282 0.0342583 0.0136252 0.00967224 0.00333383 0.00125651 0.000330053 6.43833e-05 7.65119e-06 4.10682e-07
 1.26074e-39 6.17047e-33 6.94311e-27 1.79612e-21 1.06822e-16 1.46059e-12 4.59139e-09 3.31821e-06 0.000551325 0.0210599 0.184948 0.373415 0.173725 0.0290183 0.0647065 0.0904322 0.0325978 0.0143427 0.010309 0.00332156 0.00118167 0.000319529 6.05196e-05 6.94346e-06 4.05278e-07
 1.2751e-39 6.24073e-33 7.02216e-27 1.81657e-21 1.08038e-16 1.47723e-12 4.64367e-09 3.35599e-06 0.000557603 0.0212997 0.187054 0.377667 0.175686 0.0288953 0.0626741 0.0875501 0.0313414 0.013115 0.00939875 0.00320189 0.00118866 0.00030487 5.58301e-05 6.34875e-06 3.62914e-07
 1.26497e-39 6.19117e-33 6.9664e-27 1.80214e-21 1.0718e-16 1.46549e-12 4.6068e-09 3.32934e-06 0.000553175 0.0211306 0.185569 0.374668 0.174307 0.0291023 0.0648416 0.0905964 0.0322972 0.0130871 0.00927973 0.00307512 0.00112587 0.000301561 5.57215e-05 6.0996e-06 3.40874e-07
 1.26983e-39 6.21496e-33 6.99317e-27 1.80907e-21 1.07592e-16 1.47113e-12 4.6245e-09 3.34214e-06 0.000555301 0.0212118 0.186282 0.376108 0.174969 0.02899 0.0637218 0.0890264 0.031859 0.0132923 0.00946305 0.00307759 0.00109495 0.000286658 5.33009e-05 5.95465e-06 3.27971e-07
 1.25525e-39 6.14358e-33 6.91285e-27 1.78829e-21 1.06356e-16 1.45423e-12 4.57138e-09 3.30375e-06 0.000548923 0.0209681 0.184142 0.371788 0.172979 0.0291785 0.0661747 0.0924866 0.0331164 0.0138788 0.00991117 0.00327794 0.00118204 0.000303422 5.48247e-05 6.07093e-06 3.37753e-07
 1.26124e-39 6.17292e-33 6.94587e-27 1.79683e-21 1.06864e-16 1.46118e-12 4.59322e-09 3.31953e-06 0.000551544 0.0210683 0.185022 0.373564 0.173794 0.029024 0.0646966 0.0904144 0.0325372 0.0141495 0.0101848 0.00337904 0.00122805 0.000319842 5.7817e-05 6.26005e-06 3.4258e-07
 1.19034e-39 5.82588e-33 6.55537e-27 1.69581e-21 1.00856e-16 1.37903e-12 4.33499e-09 3.1329e-06 0.000520536 0.0198838 0.17462 0.352563 0.164122 0.0300136 0.0770669 0.107855 0.0387389 0.0166153 0.0119591 0.00405401 0.00150907 0.000396157 7.24152e-05 7.88823e-06 4.26872e-07
 1.19377e-39 5.84266e-33 6.57425e-27 1.7007e-21 1.01147e-16 1.383e-12 4.34747e-09 3.14193e-06 0.000522036 0.0199411 0.175123 0.353578 0.164573 0.0295416 0.0738796 0.103433 0.0381493 0.0194991 0.0144811 0.00487638 0.00181213 0.000485757 9.06985e-05 9.99655e-06 5.44854e-07
 1.23415e-39 6.0403e-33 6.79664e-27 1.75823e-21 1.04568e-16 1.42978e-12 4.49453e-09 3.24821e-06 0.000539694 0.0206156 0.181046 0.365538 0.170085 0.029059 0.0673291 0.0941745 0.0345194 0.0170019 0.0127303 0.00476406 0.00195493 0.00052799 9.94311e-05 1.11894e-05 6.19782e-07
 1.23415e-39 6.0403e-33 6.79664e-27 1.75823e-21 1.04568e-16 1.42978e-12 4.49453e-09 3.24821e-06 0.000539694 0.0206156 0.181046 0.365538 0.170085 0.029059 0.0673291 0.0941745 0.0345194 0.0170019 0.0127303 0.00476406 0.00195493 0.00052799 9.94311e-05 1.11894e-05 6.19782e-07
#pred catch len freq
 2.14645e-27 2.17465e-27 6.74347e-27 1.56336e-21 9.29789e-17 1.27132e-12 3.99641e-09 2.88822e-06 0.000479873 0.0183308 0.160982 0.325027 0.151257 0.0264316 0.0634919 0.0890644 0.0360293 0.0283915 0.025234 0.0171203 0.0145064 0.0126848 0.0132684 0.0124473 0.00525108
 2.14867e-27 2.18135e-27 7.5134e-27 1.82464e-21 1.08519e-16 1.4838e-12 4.66434e-09 3.37093e-06 0.000560076 0.0213945 0.187888 0.379348 0.176423 0.0278333 0.055682 0.0777519 0.0284971 0.014082 0.0111968 0.00608974 0.00427926 0.00306395 0.00267019 0.00228361 0.000953396
 2.14793e-27 2.17974e-27 7.35248e-27 1.77007e-21 1.05273e-16 1.43942e-12 4.52482e-09 3.2701e-06 0.000543323 0.0207546 0.182268 0.368002 0.171231 0.0292537 0.0677742 0.0947344 0.0337794 0.0137231 0.00990386 0.00378825 0.00190243 0.00101579 0.000662461 0.000473422 0.000187591
 2.14814e-27 2.18031e-27 7.41851e-27 1.79248e-21 1.06606e-16 1.45765e-12 4.58213e-09 3.31152e-06 0.000550204 0.0210174 0.184576 0.372662 0.17337 0.0288474 0.0638895 0.0893098 0.0325906 0.0155873 0.0114329 0.00383143 0.00147735 0.000507246 0.000205238 0.000104946 3.673e-05
 2.14975e-27 2.18428e-27 7.83743e-27 1.93459e-21 1.15057e-16 1.5732e-12 4.94538e-09 3.57404e-06 0.000593822 0.0226836 0.199208 0.402204 0.186982 0.0276201 0.0474929 0.0661609 0.0239138 0.0107378 0.00788727 0.00290453 0.00117618 0.00032584 7.76375e-05 2.14733e-05 5.63402e-06
 2.14912e-27 2.18269e-27 7.66489e-27 1.87604e-21 1.11575e-16 1.52559e-12 4.79572e-09 3.46588e-06 0.00057585 0.0219971 0.19318 0.390033 0.18139 0.0285696 0.0569579 0.0794442 0.0278179 0.00968261 0.0066771 0.00236844 0.000953592 0.000280897 5.85542e-05 8.8278e-06 1.25283e-06
 2.14827e-27 2.18063e-27 7.44858e-27 1.80267e-21 1.07212e-16 1.46593e-12 4.60816e-09 3.33033e-06 0.00055333 0.0211368 0.185625 0.37478 0.174359 0.0291086 0.0648456 0.090604 0.0323348 0.0132046 0.00929113 0.00285142 0.000965859 0.000272688 5.71108e-05 7.40049e-06 5.81587e-07
 2.14944e-27 2.18352e-27 7.75636e-27 1.90708e-21 1.13422e-16 1.55084e-12 4.87508e-09 3.52323e-06 0.00058538 0.0223611 0.196376 0.396487 0.18435 0.027914 0.0510107 0.0711225 0.025717 0.0115688 0.00839245 0.00280489 0.0010081 0.000247705 4.50643e-05 5.54685e-06 3.6348e-07
 2.15009e-27 2.1851e-27 7.92111e-27 1.96296e-21 1.16745e-16 1.59628e-12 5.01791e-09 3.62646e-06 0.000602531 0.0230163 0.20213 0.408103 0.189708 0.0276015 0.0456017 0.0634532 0.0223945 0.00836318 0.0058717 0.00208029 0.000812168 0.000214851 3.83125e-05 4.11918e-06 2.41572e-07
 2.1496e-27 2.18387e-27 7.78874e-27 1.91805e-21 1.14074e-16 1.55975e-12 4.90311e-09 3.54349e-06 0.000588746 0.0224897 0.197506 0.398766 0.185414 0.0281916 0.0520184 0.0724786 0.0253248 0.00863393 0.00584079 0.00185992 0.000659876 0.00018431 3.57708e-05 3.93029e-06 2.12371e-07
 2.14895e-27 2.18228e-27 7.62215e-27 1.86154e-21 1.10713e-16 1.5138e-12 4.75865e-09 3.43909e-06 0.0005714 0.0218271 0.191687 0.387018 0.18 0.0286678 0.0584662 0.0815861 0.0288017 0.0107669 0.00741494 0.0022444 0.000724596 0.000182043 3.38623e-05 3.94611e-06 2.22177e-07
 2.14907e-27 2.18259e-27 7.65599e-27 1.87303e-21 1.11396e-16 1.52314e-12 4.78803e-09 3.46032e-06 0.000574927 0.0219618 0.19287 0.389407 0.181095 0.0283998 0.0561098 0.0782887 0.0279612 0.0114904 0.00813293 0.00258472 0.000874582 0.00020747 3.45136e-05 3.73104e-06 2.11988e-07
 2.14929e-27 2.18314e-27 7.71419e-27 1.89277e-21 1.1257e-16 1.5392e-12 4.83849e-09 3.49679e-06 0.000580987 0.0221933 0.194903 0.393511 0.182985 0.0282176 0.0537605 0.0749713 0.0267072 0.0107609 0.00763458 0.00256168 0.000933236 0.00023284 3.89782e-05 3.88219e-06 2.02225e-07
 2.14899e-27 2.18238e-27 7.63318e-27 1.86529e-21 1.10936e-16 1.51685e-12 4.76823e-09 3.44602e-06 0.00057255 0.021871 0.192073 0.387798 0.180357 0.0285726 0.05765 0.080441 0.0284639 0.0108599 0.0075986 0.00252345 0.000923427 0.000244231 4.39433e-05 4.50426e-06 2.25474e-07
 2.14775e-27 2.17934e-27 7.31208e-27 1.75637e-21 1.04458e-16 1.42827e-12 4.4898e-09 3.24479e-06 0.000539117 0.0205939 0.180857 0.365153 0.169924 0.0295345 0.0703469 0.0983633 0.0351375 0.0144602 0.0102521 0.00330198 0.0011638 0.000305686 5.66499e-05 6.18887e-06 3.23961e-07
 2.14793e-27 2.17981e-27 7.3667e-27 1.77492e-21 1.05561e-16 1.44336e-12 4.53722e-09 3.27906e-06 0.000544811 0.0208114 0.182767 0.36901 0.171686 0.0289748 0.0657683 0.0919698 0.0336936 0.0165254 0.0121866 0.00409739 0.00150045 0.000383968 6.92392e-05 7.65807e-06 4.19536e-07
 2.14829e-27 2.1807e-27 7.45957e-27 1.80641e-21 1.07434e-16 1.46897e-12 4.61774e-09 3.33725e-06 0.000554479 0.0211807 0.18601 0.375558 0.174707 0.0287926 0.0626818 0.0875883 0.0317156 0.0144195 0.0106411 0.00398207 0.00163525 0.000439932 8.06601e-05 8.73832e-06 4.77232e-07
 2.14816e-27 2.18036e-27 7.42322e-27 1.79408e-21 1.06701e-16 1.45894e-12 4.58621e-09 3.31446e-06 0.000550693 0.0210361 0.18474 0.372994 0.173528 0.0289769 0.06458 0.0902563 0.0325576 0.0144091 0.010508 0.0037626 0.00153421 0.000458464 9.31012e-05 1.04961e-05 5.72995e-07
 2.14823e-27 2.18053e-27 7.44169e-27 1.80035e-21 1.07073e-16 1.46404e-12 4.60222e-09 3.32604e-06 0.000552617 0.0211096 0.185385 0.374297 0.174127 0.0288746 0.0635626 0.0888303 0.0321655 0.0146165 0.0106902 0.00376101 0.00148825 0.000432847 9.18071e-05 1.14383e-05 6.66668e-07
 2.14855e-27 2.18134e-27 7.52608e-27 1.82897e-21 1.08776e-16 1.48732e-12 4.6754e-09 3.37892e-06 0.000561403 0.0214452 0.188333 0.380247 0.176869 0.0286504 0.0604007 0.0843618 0.0304317 0.0134695 0.00982257 0.0035094 0.0014017 0.000398988 8.23131e-05 1.04285e-05 6.52338e-07
 2.14869e-27 2.18167e-27 7.55971e-27 1.84037e-21 1.09454e-16 1.49659e-12 4.70454e-09 3.39999e-06 0.000564903 0.0215789 0.189507 0.382618 0.177965 0.0286325 0.059577 0.0831856 0.0298131 0.0125857 0.00907085 0.00319027 0.00126121 0.00036273 7.45074e-05 9.2428e-06 5.80227e-07
 2.14846e-27 2.1811e-27 7.49961e-27 1.81999e-21 1.08242e-16 1.48001e-12 4.65243e-09 3.36232e-06 0.000558645 0.0213399 0.187408 0.37838 0.176014 0.0288603 0.0622446 0.0869439 0.0311168 0.0129966 0.00931129 0.00318232 0.00121697 0.00034434 7.04525e-05 8.73626e-06 5.4216e-07
 2.14829e-27 2.18068e-27 7.45664e-27 1.80541e-21 1.07375e-16 1.46816e-12 4.61518e-09 3.33541e-06 0.000554173 0.021169 0.185907 0.37535 0.174614 0.0288879 0.0633265 0.0884895 0.0319432 0.0142031 0.0102975 0.00349583 0.00131599 0.000360873 7.16121e-05 8.7721e-06 5.42411e-07
 2.14834e-27 2.1808e-27 7.46919e-27 1.80967e-21 1.07628e-16 1.47162e-12 4.62606e-09 3.34327e-06 0.000555479 0.0212189 0.186346 0.376235 0.175021 0.0288271 0.0626887 0.0875911 0.0316297 0.0141019 0.0102799 0.00362125 0.00141172 0.000384501 7.43512e-05 8.81947e-06 5.34507e-07
 2.14826e-27 2.18063e-27 7.45148e-27 1.80367e-21 1.07271e-16 1.46674e-12 4.61071e-09 3.33217e-06 0.000553636 0.0211485 0.185727 0.374987 0.174445 0.0288606 0.0632692 0.0884134 0.0319739 0.0144032 0.0105229 0.00371695 0.00146859 0.000414362 8.17847e-05 9.54855e-06 5.62359e-07
 2.14772e-27 2.1793e-27 7.3113e-27 1.75612e-21 1.04443e-16 1.42807e-12 4.48916e-09 3.24433e-06 0.000539041 0.020591 0.180831 0.365102 0.169891 0.0292909 0.0688754 0.0963231 0.0348648 0.0158011 0.0115675 0.00411189 0.00163609 0.000465672 9.42165e-05 1.12887e-05 6.64466e-07
 2.14714e-27 2.17788e-27 7.16416e-27 1.70622e-21 1.01475e-16 1.38749e-12 4.36161e-09 3.15214e-06 0.000523724 0.0200059 0.175693 0.354728 0.165103 0.0295073 0.0733231 0.102639 0.0377275 0.0188977 0.0140933 0.00503132 0.00201317 0.000577213 0.000118034 1.44158e-05 8.68282e-07
 2.14691e-27 2.17734e-27 7.10932e-27 1.68762e-21 1.0037e-16 1.37237e-12 4.31408e-09 3.1178e-06 0.000518017 0.0197879 0.173778 0.350862 0.163317 0.0295259 0.0746019 0.104463 0.0386448 0.0201278 0.0152431 0.0057945 0.00245474 0.000711593 0.000146682 1.81118e-05 1.10869e-06
 2.14567e-27 2.17431e-27 6.78913e-27 1.57902e-21 9.39101e-17 1.28405e-12 4.03644e-09 2.91715e-06 0.000484679 0.0185144 0.162595 0.328283 0.152915 0.0305026 0.0873692 0.122472 0.0451734 0.0231241 0.0175283 0.00684736 0.00302542 0.000934184 0.000201598 2.52567e-05 1.56276e-06
#obs catch len freq
 1.22165e-39 5.97913e-33 6.72781e-27 1.74042e-21 1.03509e-16 1.4153e-12 4.44902e-09 3.21531e-06 0.000534229 0.0204069 0.179213 0.361836 0.168388 0.029449 0.0708255 0.0990709 0.0358205 0.016114 0.0117894 0.00421933 0.00170424 0.000502195 0.000107937 1.43358e-05 9.80282e-07
 1.22555e-39 5.99821e-33 6.74928e-27 1.74597e-21 1.0384e-16 1.41982e-12 4.46322e-09 3.22558e-06 0.000535934 0.020472 0.179785 0.362991 0.168922 0.0294405 0.0704254 0.0985014 0.0355479 0.0157794 0.0114738 0.00399761 0.00156549 0.000451853 9.50241e-05 1.22887e-05 8.1142e-07
 1.30144e-39 6.36964e-33 7.16722e-27 1.85409e-21 1.1027e-16 1.50774e-12 4.7396e-09 3.42532e-06 0.000569121 0.0217397 0.190918 0.385468 0.179275 0.0284351 0.0575136 0.0802885 0.0289438 0.0127501 0.00924739 0.00319386 0.00122993 0.00034452 7.01391e-05 8.83995e-06 5.68319e-07
 1.14503e-39 5.60411e-33 6.30583e-27 1.63126e-21 9.70171e-17 1.32653e-12 4.16997e-09 3.01365e-06 0.000500721 0.0191269 0.167973 0.339143 0.157956 0.0310302 0.0873175 0.122241 0.0429645 0.0154692 0.0107167 0.00367871 0.00140564 0.000388495 7.70097e-05 9.38122e-06 5.85375e-07
 1.34373e-39 6.57664e-33 7.40014e-27 1.91435e-21 1.13853e-16 1.55674e-12 4.89362e-09 3.53663e-06 0.000587616 0.0224462 0.197122 0.397994 0.185035 0.0275816 0.048528 0.0676715 0.025162 0.0134732 0.00996832 0.00306232 0.00102619 0.000277081 5.41742e-05 6.44648e-06 3.89836e-07
 1.3837e-39 6.77225e-33 7.62024e-27 1.97128e-21 1.1724e-16 1.60304e-12 5.03917e-09 3.64182e-06 0.000605094 0.0231138 0.202985 0.409831 0.190511 0.0276958 0.0456573 0.0634995 0.021972 0.00680636 0.00459895 0.0017735 0.000729444 0.000180828 3.18437e-05 3.66955e-06 2.17156e-07
 1.26119e-39 6.17267e-33 6.94558e-27 1.79676e-21 1.0686e-16 1.46112e-12 4.59303e-09 3.31939e-06 0.000551522 0.0210674 0.185014 0.373549 0.173813 0.0297153 0.0689213 0.0962576 0.0330917 0.00952511 0.00604342 0.00171902 0.000537191 0.000157233 3.08549e-05 3.29888e-06 1.82884e-07
 1.27357e-39 6.23322e-33 7.01372e-27 1.81438e-21 1.07908e-16 1.47545e-12 4.63808e-09 3.35195e-06 0.000556932 0.0212741 0.186829 0.377212 0.17548 0.0290122 0.0635247 0.0887452 0.0317276 0.0131254 0.00915081 0.00250559 0.000675355 0.000148374 2.55488e-05 3.01221e-06 1.68749e-07
 1.41837e-39 6.94192e-33 7.81116e-27 2.02067e-21 1.20177e-16 1.6432e-12 5.16543e-09 3.73306e-06 0.000620254 0.0236929 0.208071 0.420099 0.195232 0.0270044 0.0383418 0.0532257 0.0188671 0.00730575 0.00512676 0.00168784 0.000579853 0.000122862 1.69373e-05 1.61447e-06 8.84669e-08
 1.41434e-39 6.9222e-33 7.78897e-27 2.01493e-21 1.19836e-16 1.63854e-12 5.15075e-09 3.72246e-06 0.000618492 0.0236256 0.20748 0.418906 0.194696 0.0274249 0.0412687 0.0572901 0.0194708 0.00487324 0.00297345 0.000943953 0.000327359 8.2793e-05 1.33139e-05 1.14475e-06 5.0965e-08
 1.34263e-39 6.57122e-33 7.39404e-27 1.91277e-21 1.1376e-16 1.55546e-12 4.88959e-09 3.53372e-06 0.000587132 0.0224277 0.19696 0.397666 0.184919 0.0285505 0.0545412 0.0759878 0.0259343 0.00684281 0.00416759 0.00107146 0.000265416 6.28948e-05 1.08913e-05 1.08662e-06 4.95073e-08
 1.3159e-39 6.44041e-33 7.24685e-27 1.87469e-21 1.11495e-16 1.52449e-12 4.79225e-09 3.46337e-06 0.000575444 0.0219812 0.193039 0.389751 0.181266 0.0287217 0.0579723 0.0808628 0.028184 0.00937065 0.00616866 0.00162047 0.000397077 7.54922e-05 1.00134e-05 9.70814e-07 4.86687e-08
 1.35389e-39 6.62637e-33 7.4561e-27 1.92882e-21 1.14714e-16 1.56851e-12 4.93062e-09 3.56337e-06 0.00059206 0.0226159 0.198613 0.401004 0.186444 0.0280631 0.0505603 0.0704305 0.0247032 0.00872149 0.00590119 0.00172746 0.000507663 0.000100009 1.20851e-05 9.24967e-07 4.00589e-08
 1.33032e-39 6.51099e-33 7.32627e-27 1.89524e-21 1.12717e-16 1.5412e-12 4.84477e-09 3.50133e-06 0.00058175 0.0222221 0.195155 0.394022 0.183234 0.0285442 0.0556015 0.0775108 0.0268546 0.00841528 0.00552594 0.00166944 0.000526167 0.00011686 1.62615e-05 1.23888e-06 4.59588e-08
 1.28858e-39 6.30671e-33 7.09641e-27 1.83577e-21 1.0918e-16 1.49284e-12 4.69277e-09 3.39147e-06 0.000563498 0.0215249 0.189032 0.38166 0.177539 0.0290898 0.0626577 0.0874693 0.0305413 0.0103358 0.00689302 0.00196378 0.000573375 0.000131259 2.01088e-05 1.73824e-06 6.91173e-08
 1.16068e-39 5.68072e-33 6.39204e-27 1.65356e-21 9.83434e-17 1.34467e-12 4.22698e-09 3.05485e-06 0.000507567 0.0193884 0.170269 0.343779 0.160089 0.0307586 0.0842624 0.117953 0.041723 0.0158586 0.0109393 0.00323682 0.000983718 0.000214441 3.15513e-05 2.87829e-06 1.26892e-07
 1.25338e-39 6.13444e-33 6.90257e-27 1.78563e-21 1.06198e-16 1.45207e-12 4.56458e-09 3.29883e-06 0.000548106 0.0209369 0.183868 0.371235 0.172708 0.0287941 0.0639948 0.089488 0.0330696 0.01709 0.0126156 0.0039762 0.00132162 0.000301227 4.4827e-05 3.95176e-06 1.75549e-07
 1.22323e-39 5.98686e-33 6.73651e-27 1.74267e-21 1.03643e-16 1.41713e-12 4.45477e-09 3.21947e-06 0.00053492 0.0204333 0.179445 0.362304 0.168613 0.0296765 0.0720731 0.100786 0.0358274 0.0142091 0.0102109 0.00385685 0.00156727 0.000390511 6.31069e-05 5.76581e-06 2.54605e-07
 1.26929e-39 6.21229e-33 6.99017e-27 1.80829e-21 1.07546e-16 1.4705e-12 4.62251e-09 3.3407e-06 0.000555062 0.0212027 0.186202 0.375946 0.17489 0.028886 0.0631358 0.0882188 0.0318232 0.0140753 0.0101321 0.00328588 0.00121099 0.000356351 6.90708e-05 6.98586e-06 3.27284e-07
 1.2338e-39 6.03859e-33 6.79472e-27 1.75773e-21 1.04539e-16 1.42938e-12 4.49326e-09 3.24729e-06 0.000539542 0.0206098 0.180995 0.365435 0.170057 0.0295898 0.0706001 0.0987046 0.0350383 0.0137281 0.00970865 0.00333631 0.00125337 0.000328739 6.40447e-05 7.60583e-06 4.08089e-07
 1.25174e-39 6.1264e-33 6.89352e-27 1.78329e-21 1.06059e-16 1.45016e-12 4.5586e-09 3.29451e-06 0.000547388 0.0209095 0.183627 0.370748 0.172498 0.0291716 0.0664462 0.0928805 0.0334106 0.0144815 0.0103742 0.00333326 0.0011817 0.000319047 6.03564e-05 6.91969e-06 4.03707e-07
 1.26628e-39 6.19757e-33 6.97361e-27 1.80401e-21 1.07291e-16 1.46701e-12 4.61156e-09 3.33279e-06 0.000553747 0.0211524 0.185761 0.375056 0.174484 0.0290457 0.0643789 0.0899493 0.0321372 0.0132485 0.00946083 0.00321351 0.00118908 0.000304534 5.56982e-05 6.32915e-06 3.61627e-07
 1.25614e-39 6.14794e-33 6.91776e-27 1.78956e-21 1.06432e-16 1.45526e-12 4.57463e-09 3.30609e-06 0.000549312 0.020983 0.184273 0.372052 0.173103 0.0292542 0.0665574 0.0930109 0.0330954 0.0132118 0.00933407 0.0030842 0.00112537 0.000300976 5.55476e-05 6.0762e-06 3.39405e-07
 1.259e-39 6.16192e-33 6.93349e-27 1.79363e-21 1.06674e-16 1.45857e-12 4.58503e-09 3.31361e-06 0.000550561 0.0210307 0.184692 0.372898 0.173491 0.0291685 0.0657792 0.0919227 0.0328324 0.0134992 0.00957721 0.003106 0.0011013 0.000287885 5.34636e-05 5.96861e-06 3.28591e-07
 1.2441e-39 6.08902e-33 6.85146e-27 1.77241e-21 1.05412e-16 1.44131e-12 4.53079e-09 3.27441e-06 0.000544048 0.0207819 0.182507 0.368486 0.171459 0.0293623 0.0682918 0.095467 0.0341177 0.0140904 0.0100276 0.003307 0.00118854 0.000304642 5.49771e-05 6.08337e-06 3.3829e-07
 1.24956e-39 6.11572e-33 6.8815e-27 1.78018e-21 1.05874e-16 1.44763e-12 4.55065e-09 3.28877e-06 0.000546433 0.020873 0.183307 0.370102 0.1722 0.0292136 0.066897 0.0935126 0.0335848 0.0143935 0.0103263 0.00341621 0.00123741 0.000321808 5.81021e-05 6.28639e-06 3.4386e-07
 1.17708e-39 5.76101e-33 6.48238e-27 1.67693e-21 9.97333e-17 1.36367e-12 4.28672e-09 3.09802e-06 0.000514741 0.0196624 0.172675 0.348637 0.162315 0.0302305 0.0795741 0.111384 0.0399281 0.0168777 0.0121073 0.00409226 0.00151832 0.000398004 7.26651e-05 7.90984e-06 4.27844e-07
 1.18128e-39 5.78155e-33 6.50549e-27 1.68291e-21 1.00089e-16 1.36853e-12 4.302e-09 3.10907e-06 0.000516576 0.0197325 0.173291 0.34988 0.162871 0.029742 0.0762175 0.106726 0.0392679 0.0197775 0.0146464 0.00491782 0.00182147 0.000487538 9.09229e-05 1.00142e-05 5.45569e-07
 1.16283e-39 5.69127e-33 6.4039e-27 1.65663e-21 9.85259e-17 1.34716e-12 4.23482e-09 3.06052e-06 0.000508509 0.0194244 0.170585 0.344417 0.160355 0.0299917 0.0793883 0.111187 0.0407167 0.0199343 0.0149049 0.00556366 0.00227744 0.000614328 0.000115563 1.29963e-05 7.19563e-07
#spawning biomass
 5463.81 2462.85 2256.87 2226.85 2293.35 3203.99 4254.65 4447.62 6722.4 11948.3 17070.6 20530.4 27215.5 33351.1 40822.5 38747.8 32794.3 33080.3 33022 31213.1 31432 33095.8 38553.5 39548 45680.6 50222.8 56636 48631.2 31681.3 87256.6 119981 111274 79476.4 54830.9 39895.4 31561.9 27115.9 24810.2 23636.6 23046.9 22753 22607.4 22535.6 22500.2 22482.9 22474.4 22470.2 22468.2 22467.2 22466.7 22466.5 22466.4 22466.3 22466.3 22466.3 22466.3 22466.3 22466.3 22466.3 22466.3 22466.3 22466.3 22466.3 22466.3 22466.3 22466.3 22466.3 22466.3 22466.3 22466.3 22466.3 22466.3 22466.3 22466.3 22466.3 22466.3 22466.3 22466.3 22466.3 22466.3 22466.3 22466.3 22466.3 22466.3 22466.3 22466.3 22466.3 22466.3 22466.3 22466.3 22466.3 22466.3 22466.3 22466.3 22466.3 22466.3 22466.3 22466.3 22466.3 22466.3 22466.3 22466.3 22466.3 22466.3 22466.3 22466.3 22466.3 22466.3 22466.3 22466.3 22466.3 22466.3 22466.3 22466.3 22466.3 22466.3 22466.3 22466.3 22466.3 22466.3 22466.3 22466.3 22466.3 22466.3 22466.3 22466.3 22466.3 22466.3 22466.3 0 0 0 0 0 0 0 0 0 0 0 0 0 0 0 0 0 0 0 0 0 0 0 0 0
