SBPRF35
0.175648
Curr Bio
92849.2
B35
200696
F35
0.710399
FOFL
0.485997
OFL
32256.2
Bzero
50185.1
#pred survey bio
 10684.8 8777.77 5983.04 6251.43 9071.29 14946.5 19434.1 23790.4 36179.4 56791 65629.3 82872.7 108177 128335 123590 95634.7 115081 112698 116328 98128.2 99094.7 116077 110746 115157 111245 110532 111386 102699 128705 6.16466e+06 3.97831e+06 2.42275e+06 1.42101e+06 917712 682765 573186 519787 492064 476782 467975 462757 459618 457718 456559 455844 455418 455163 455010 454918 454863 454830 454810 454798 454791 454787 454784 454783 454782 454781 454781 454781 454781 454780 454780 454780 454780 454780 454780 454780 454780 454780 454780 454780 454780 454780 454780 454780 454780 454780 454780 454780 454780 454780 454780 454780 454780 454780 454780 454780 454780 454780 454780 454780 454780 454780 454780 454780 454780 454780 454780 454780 454780 454780 454780 454780 454780 454780 454780 454780 454780 454780 454780 454780 454780 454780 454780 454780 454780 454780 454780 454780 454780 454780 454780 454780 454780 454780 454780 454780 0 0 0 0 0 0 0 0 0 0 0 0 0 0 0 0 0 0 0 0 0 0 0 0 0
#obs survey bio
 8993.54 6415.61 4395.29 8362.27 10093.8 17327.6 15265.9 26205.7 53361.2 66280.9 55897.6 52045.9 85944.6 105827 153234 84800.6 91830.6 82856 109445 66010.9 95042.5 97360.8 114942 93782.8 97072.2 78207.6 80697.1 82878.4 89324.4
#pred catch bio
 4685.87 4872.51 3469.43 3237.17 4212.47 8367.43 11829.2 13813.6 20149.6 39318.9 45249.9 57779.3 74427.5 96711.7 100803 73313.9 92794 91658.8 99483.3 85816.7 86998 105778 101053 108688 104921 108768 110418 97712.7 87043.6 32256.2 72474.7 40367.2 20705.7 11901.5 8433.83 7173.2 6739.02 6595.06 6548.63 6533.95 6529.38 6527.98 6527.55 6527.42 6527.38 6527.37 6527.36 6527.36 6527.36 6527.36 6527.36 6527.36 6527.36 6527.36 6527.36 6527.36 6527.36 6527.36 6527.36 6527.36 6527.36 6527.36 6527.36 6527.36 6527.36 6527.36 6527.36 6527.36 6527.36 6527.36 6527.36 6527.36 6527.36 6527.36 6527.36 6527.36 6527.36 6527.36 6527.36 6527.36 6527.36 6527.36 6527.36 6527.36 6527.36 6527.36 6527.36 6527.36 6527.36 6527.36 6527.36 6527.36 6527.36 6527.36 6527.36 6527.36 6527.36 6527.36 6527.36 6527.36 6527.36 6527.36 6527.36 6527.36 6527.36 6527.36 6527.36 6527.36 6527.36 6527.36 6527.36 6527.36 6527.36 6527.36 6527.36 6527.36 6527.36 6527.36 6527.36 6527.36 6527.36 6527.36 6527.36 6527.36 6527.36 6527.36 6527.36 6527.36 6527.36 0 0 0 0 0 0 0 0 0 0 0 0 0 0 0 0 0 0 0 0 0 0 0 0 0
#obs catch bio
 5236.47 5359.78 3889.24 2952.21 3784.24 7526.82 10994 11646.8 17339.3 35013.5 42550.5 53965.7 66412.5 85192.4 89318.1 62968.3 89706.1 78700.2 91204.9 75859.8 76758.2 96724.6 83094.2 97931.6 92946.8 98904.2 108444 83033.2 81486.6
#pred cpue bio
 8094.56 7103.87 4511.26 3889.89 5562.29 9180.49 11965.3 14205.1 20686.4 33046.5 36448 45159.8 57927.9 71760.7 67058.5 49975.1 57954.2 56621.8 57080.9 47098.7 44547.6 50949.9 47660.5 49002 45592.6 45329.1 43364.7 39890.9 51478.9 3.41076e+06 3.80097e+06 2.33953e+06 1.33865e+06 835360 600413 490835 437435 409713 394431 385623 380405 377266 375366 374208 373492 373066 372811 372658 372566 372511 372478 372458 372447 372439 372435 372432 372431 372430 372429 372429 372429 372429 372429 372429 372429 372429 372429 372429 372429 372429 372429 372429 372429 372429 372429 372429 372429 372429 372429 372429 372429 372429 372429 372429 372429 372429 372429 372429 372429 372429 372429 372429 372429 372429 372429 372429 372429 372429 372429 372429 372429 372429 372429 372429 372429 372429 372429 372429 372429 372429 372429 372429 372429 372429 372429 372429 372429 372429 372429 372429 372429 372429 372429 372429 372429 372429 372429 372429 372429 0 0 0 0 0 0 0 0 0 0 0 0 0 0 0 0 0 0 0 0 0 0 0 0 0
#obs cpue bio
 5492.11 5396.45 5152.93 5526.72 7427.59 11829.4 18857 30548 23709 40986.6 51089.4 91433.2 125474 137730 95009.2 94527.8 80824.5 146944 84406.9 112398 74540.1 87663 100712 88769.7 83498.8 92490.9 64695 95701.2 92591.3
#pred surv len freq
 1.62404e-11 1.76351e-09 1.12902e-07 4.26148e-06 9.4833e-05 0.00124424 0.00962536 0.0439165 0.118356 0.189846 0.18808 0.133823 0.0948761 0.0731522 0.0501603 0.0315896 0.0203478 0.0132981 0.00892369 0.0063103 0.00479702 0.0039797 0.00342148 0.0026258 0.00152803
 1.26268e-11 1.37112e-09 8.77806e-08 3.31328e-06 7.37325e-05 0.000967415 0.0074847 0.0341689 0.0923518 0.150284 0.15903 0.140123 0.133956 0.116914 0.076015 0.0400134 0.0207985 0.011279 0.00629716 0.00367773 0.00230604 0.0016091 0.00122941 0.000897488 0.000519813
 1.51961e-11 1.65012e-09 1.05642e-07 3.98747e-06 8.87353e-05 0.00116424 0.00900679 0.0411006 0.110854 0.178523 0.180214 0.137197 0.109126 0.089995 0.0625918 0.0382087 0.0217151 0.0108167 0.00485255 0.00219163 0.00106182 0.000573846 0.000355502 0.000230303 0.000127312
 1.91519e-11 2.07967e-09 1.33142e-07 5.02545e-06 0.000111834 0.00146729 0.0113505 0.05178 0.139443 0.222823 0.216732 0.143379 0.0868657 0.0579643 0.0344885 0.0172666 0.00852222 0.00430925 0.00205411 0.000871801 0.000335084 0.000129961 5.75667e-05 2.93694e-05 1.4422e-05
 1.90851e-11 2.07241e-09 1.32678e-07 5.00792e-06 0.000111444 0.00146217 0.011311 0.0516016 0.138986 0.222283 0.217105 0.146015 0.091516 0.0617054 0.0346736 0.0145808 0.00535234 0.00201717 0.000787434 0.000311083 0.000116871 3.94083e-05 1.25214e-05 4.31234e-06 1.62827e-06
 1.90812e-11 2.07199e-09 1.32651e-07 5.00689e-06 0.000111421 0.00146187 0.0113087 0.0515907 0.138953 0.222203 0.216898 0.145542 0.0908531 0.0613817 0.0351374 0.0154895 0.00597782 0.00213958 0.000672498 0.000194505 5.68485e-05 1.67076e-05 4.60775e-06 1.17454e-06 2.98916e-07
 1.89573e-11 2.05853e-09 1.31789e-07 4.97438e-06 0.000110697 0.00145238 0.0112353 0.0512569 0.138068 0.220898 0.216143 0.146421 0.0931847 0.06347 0.0355704 0.0146613 0.00509253 0.00170574 0.000531615 0.000147324 3.59808e-05 7.90153e-06 1.654e-06 3.34349e-07 6.31341e-08
 1.94443e-11 2.11141e-09 1.35175e-07 5.10216e-06 0.000113541 0.00148969 0.0115238 0.0525712 0.141581 0.226301 0.2204 0.146523 0.0894335 0.0588309 0.032321 0.0129151 0.00421356 0.00129366 0.000365131 9.20065e-05 2.1028e-05 4.25199e-06 7.39048e-07 1.11937e-07 1.53827e-08
 2.0119e-11 2.18468e-09 1.39865e-07 5.27921e-06 0.000117481 0.00154138 0.0119236 0.0543918 0.146445 0.233753 0.226132 0.146207 0.083531 0.051906 0.0279431 0.0110787 0.00357592 0.00107431 0.000290476 6.78841e-05 1.40264e-05 2.55627e-06 4.02942e-07 5.37749e-08 5.96252e-09
 1.98331e-11 2.15364e-09 1.37878e-07 5.20421e-06 0.000115812 0.00151948 0.0117542 0.0536206 0.144386 0.230611 0.223776 0.14654 0.0863354 0.055044 0.0297203 0.011584 0.00359907 0.00103814 0.000273663 6.25436e-05 1.24351e-05 2.11866e-06 3.03487e-07 3.62788e-08 3.56373e-09
 2.04669e-11 2.22246e-09 1.42284e-07 5.3705e-06 0.000119513 0.00156803 0.0121297 0.055331 0.148959 0.237645 0.229325 0.146699 0.0814836 0.0489887 0.0253914 0.00919625 0.00243063 0.000566802 0.000128437 2.68981e-05 5.0524e-06 8.26656e-07 1.13379e-07 1.2704e-08 1.13938e-09
 2.07161e-11 2.24952e-09 1.44016e-07 5.43589e-06 0.000120967 0.00158712 0.0122773 0.0560034 0.150755 0.240401 0.231463 0.146639 0.0793914 0.0464898 0.0237511 0.00843759 0.00212246 0.000448505 8.83967e-05 1.5414e-05 2.36345e-06 3.30513e-07 4.12192e-08 4.3493e-09 3.70197e-10
 2.09423e-11 2.27408e-09 1.45589e-07 5.49525e-06 0.000122288 0.00160445 0.0124113 0.0566138 0.152386 0.242899 0.233384 0.146533 0.0774115 0.0441641 0.0222755 0.00781474 0.00190874 0.00038165 7.04768e-05 1.13768e-05 1.54672e-06 1.8184e-07 1.85162e-08 1.62112e-09 1.20627e-10
 2.03449e-11 2.20922e-09 1.41436e-07 5.3385e-06 0.0001188 0.00155869 0.0120575 0.0550021 0.148082 0.236317 0.228381 0.147007 0.0829347 0.0504995 0.0260864 0.00918416 0.00223162 0.000440123 7.95095e-05 1.24007e-05 1.59457e-06 1.73271e-07 1.58316e-08 1.18894e-09 7.30313e-11
 2.07567e-11 2.25393e-09 1.44299e-07 5.44655e-06 0.000121205 0.00159023 0.0123014 0.0561132 0.15105 0.240862 0.231864 0.146774 0.0792694 0.0462243 0.0234149 0.00810438 0.00189267 0.000345745 5.77259e-05 8.58459e-06 1.0683e-06 1.11935e-07 9.74048e-09 6.82522e-10 3.80029e-11
 2.12299e-11 2.30531e-09 1.47588e-07 5.57071e-06 0.000123968 0.00162648 0.0125817 0.05739 0.15446 0.246087 0.235879 0.146539 0.0751079 0.0413442 0.0203286 0.00681477 0.00146177 0.00021847 2.75811e-05 3.31114e-06 3.59693e-07 3.41103e-08 2.77142e-09 1.85059e-10 9.8302e-12
 2.16787e-11 2.35404e-09 1.50708e-07 5.68847e-06 0.000126588 0.00166086 0.0128476 0.0586008 0.157693 0.251027 0.239618 0.146126 0.070873 0.0365303 0.017495 0.00587008 0.00128905 0.000204674 2.78864e-05 3.34325e-06 3.18248e-07 2.39354e-08 1.53858e-09 8.67629e-11 4.12932e-12
 2.1699e-11 2.35625e-09 1.50849e-07 5.69381e-06 0.000126707 0.00166242 0.0128596 0.0586558 0.15784 0.251256 0.23981 0.146171 0.0707762 0.0363731 0.0173349 0.00573455 0.00120327 0.000169384 1.89747e-05 1.96365e-06 1.80817e-07 1.38906e-08 8.75676e-10 4.37056e-11 1.69438e-12
 2.19642e-11 2.38505e-09 1.52693e-07 5.7634e-06 0.000128256 0.00168274 0.0130167 0.0593713 0.159751 0.254177 0.242028 0.14595 0.0683085 0.0335507 0.0156487 0.00514226 0.00107273 0.00014873 1.60535e-05 1.55438e-06 1.28625e-07 8.46194e-09 4.58217e-10 2.10736e-11 7.9425e-13
 2.21986e-11 2.4105e-09 1.54322e-07 5.82489e-06 0.000129624 0.00170069 0.0131556 0.0600036 0.161439 0.25676 0.243995 0.145774 0.066158 0.0310758 0.0141484 0.00458929 0.000932681 0.000119675 1.08117e-05 8.30438e-07 5.86537e-08 3.52681e-09 1.74912e-10 7.15046e-12 2.3348e-13
 2.28435e-11 2.48053e-09 1.58806e-07 5.99412e-06 0.00013339 0.0017501 0.0135377 0.0617437 0.166086 0.263864 0.249382 0.145221 0.0601317 0.0241954 0.0100552 0.00317244 0.000635592 7.90692e-05 6.5664e-06 4.30722e-07 2.5479e-08 1.28316e-09 5.16236e-11 1.71788e-12 4.81803e-14
 2.30591e-11 2.50394e-09 1.60304e-07 6.05068e-06 0.000134649 0.00176661 0.0136654 0.0623253 0.167639 0.266238 0.251183 0.145036 0.0581185 0.0218964 0.00868677 0.00269794 0.000535507 6.51591e-05 5.06829e-06 2.88075e-07 1.42595e-08 6.22776e-10 2.17817e-11 6.05807e-13 1.38313e-14
 2.32299e-11 2.52249e-09 1.61492e-07 6.09552e-06 0.000135647 0.0017797 0.0137666 0.0627863 0.16887 0.26812 0.252611 0.144889 0.0565215 0.0200732 0.00760243 0.00232291 0.000457099 5.45472e-05 3.98914e-06 1.92431e-07 7.21783e-09 2.43723e-10 7.0896e-12 1.64879e-13 3.11349e-15
 2.33251e-11 2.53283e-09 1.62154e-07 6.12049e-06 0.000136202 0.00178699 0.013823 0.0630431 0.169555 0.269168 0.253405 0.144806 0.0556299 0.0190564 0.00699915 0.00211604 0.000415129 4.93912e-05 3.5806e-06 1.68178e-07 5.93462e-09 1.83342e-10 4.77189e-12 9.33619e-14 1.37359e-15
 2.36278e-11 2.56569e-09 1.64258e-07 6.19991e-06 0.00013797 0.00181018 0.0140023 0.0638597 0.171736 0.272501 0.255931 0.144541 0.0527938 0.0158224 0.00508087 0.00145892 0.000282272 3.32681e-05 2.35229e-06 1.02148e-07 2.96075e-09 6.78956e-11 1.39678e-12 2.40717e-14 3.2167e-16
 2.36229e-11 2.56516e-09 1.64224e-07 6.19863e-06 0.000137941 0.0018098 0.0139994 0.0638465 0.1717 0.272447 0.255891 0.144546 0.0528399 0.0158749 0.00511189 0.00146937 0.00028426 3.34566e-05 2.35369e-06 1.00455e-07 2.76394e-09 5.66448e-11 1.01067e-12 1.51918e-14 1.70239e-16
 2.40101e-11 2.60721e-09 1.66916e-07 6.30025e-06 0.000140202 0.00183947 0.0142288 0.0648914 0.17449 0.276712 0.259123 0.144205 0.0492093 0.0117357 0.0026579 0.000630161 0.000115615 1.34251e-05 9.34168e-07 3.86479e-08 9.61708e-10 1.50614e-11 1.67691e-13 1.59361e-15 1.35634e-17
 2.40264e-11 2.60898e-09 1.67029e-07 6.30452e-06 0.000140297 0.00184072 0.0142384 0.0649353 0.174608 0.276891 0.259259 0.144191 0.0490567 0.0115617 0.00255473 0.000594873 0.000108519 1.25804e-05 8.73832e-07 3.59517e-08 8.77392e-10 1.28721e-11 1.18786e-13 7.77257e-16 4.29592e-18
 2.38135e-11 2.58586e-09 1.65549e-07 6.24864e-06 0.000139054 0.0018244 0.0141123 0.0643608 0.173074 0.274546 0.257481 0.144378 0.0510531 0.0138378 0.00390403 0.0010562 0.000201148 2.35496e-05 1.64289e-06 6.823e-08 1.71865e-09 2.79422e-11 3.38459e-13 3.53062e-15 2.99794e-17
#obs surv len freq
 3.44724e-11 3.33047e-09 1.89705e-07 6.37074e-06 0.000126137 0.00147247 0.0101361 0.0411766 0.0991395 0.144694 0.142346 0.12894 0.13295 0.120128 0.0821457 0.047574 0.0261553 0.0133719 0.00613585 0.00245154 0.000805231 0.000203453 3.72579e-05 4.7112e-06 3.96178e-07
 2.67363e-11 2.49144e-09 1.36879e-07 4.43367e-06 8.46712e-05 0.000953427 0.00633288 0.0248689 0.0584364 0.0872716 0.103884 0.136871 0.175485 0.165444 0.113468 0.0655972 0.0348601 0.0164351 0.00673615 0.00238245 0.000696951 0.000158434 2.63048e-05 3.02693e-06 2.3195e-07
 1.00428e-10 9.01077e-09 4.76661e-07 1.4866e-05 0.000273351 0.0029634 0.0189421 0.0714113 0.159045 0.211109 0.174745 0.109109 0.0755938 0.0613434 0.0474744 0.0333325 0.0198534 0.00951278 0.00371003 0.00118943 0.000306595 6.10597e-05 8.94928e-06 9.18651e-07 6.33209e-08
 1.30057e-10 1.12174e-08 5.70415e-07 1.71012e-05 0.000302277 0.00315017 0.0193585 0.0701984 0.150785 0.195731 0.168819 0.129491 0.111384 0.082706 0.0424183 0.0159213 0.0058173 0.00247274 0.00100567 0.000325671 7.91851e-05 1.4175e-05 1.82646e-06 1.64261e-07 9.97827e-09
 1.96009e-10 1.62261e-08 7.9194e-07 2.27881e-05 0.000386603 0.003867 0.0228082 0.0793825 0.163649 0.203825 0.168441 0.123423 0.101797 0.0736526 0.0378913 0.0144572 0.00464972 0.00131437 0.000331412 7.97327e-05 1.7379e-05 2.94827e-06 3.52986e-07 2.86415e-08 1.54236e-09
 2.66332e-10 2.11306e-08 9.88409e-07 2.72585e-05 0.000443208 0.00424885 0.0240201 0.08016 0.158766 0.191893 0.160364 0.128108 0.112434 0.0801965 0.0393866 0.0141833 0.00431632 0.00114894 0.000250687 4.39629e-05 6.39237e-06 7.83806e-07 7.7273e-08 5.58604e-09 2.73978e-10
 3.98408e-10 3.0253e-08 1.3544e-06 3.57492e-05 0.000556322 0.00510443 0.0276197 0.0882328 0.167406 0.194507 0.158335 0.125525 0.107946 0.0739568 0.0346028 0.0117857 0.00335876 0.000830187 0.000166663 2.62225e-05 3.20305e-06 2.98603e-07 2.09752e-08 1.10162e-09 4.22381e-11
 6.01704e-10 4.36735e-08 1.86893e-06 4.71525e-05 0.000701393 0.00615147 0.0318171 0.0971734 0.176398 0.196807 0.155885 0.122258 0.102572 0.06732 0.0299447 0.0096321 0.00257199 0.000592166 0.000109974 1.58354e-05 1.74586e-06 1.43598e-07 8.53657e-09 3.5834e-10 1.04574e-11
 9.23256e-10 6.39775e-08 2.61379e-06 6.29585e-05 0.000894089 0.00748636 0.0369686 0.107807 0.186955 0.19973 0.15271 0.11665 0.0945698 0.0596382 0.0256829 0.0081261 0.00214359 0.000477336 8.35307e-05 1.11287e-05 1.12205e-06 8.36611e-08 4.46352e-09 1.65759e-10 4.19067e-12
 1.20877e-09 7.98779e-08 3.11207e-06 7.14843e-05 0.000968099 0.00773058 0.036415 0.101424 0.169069 0.178961 0.14946 0.134755 0.115744 0.0697867 0.0269059 0.00699226 0.00141613 0.000253102 3.90316e-05 4.81227e-06 4.5197e-07 3.10954e-08 1.51407e-09 5.08717e-11 1.15573e-12
 2.0869e-09 1.31372e-07 4.87576e-06 0.00010669 0.00137641 0.01047 0.046976 0.124552 0.197058 0.19519 0.145955 0.114352 0.0892349 0.0505715 0.0185316 0.00458991 0.000872615 0.000139059 1.78236e-05 1.73831e-06 1.29631e-07 7.44829e-09 3.19061e-10 9.69006e-12 2.00318e-13
 2.76053e-09 1.6538e-07 5.8413e-06 0.000121641 0.00149347 0.0108123 0.0461861 0.116782 0.177704 0.175891 0.146024 0.13271 0.107381 0.0588188 0.0203889 0.0047162 0.000826706 0.000121157 1.43328e-05 1.27402e-06 8.33481e-08 4.00191e-09 1.38788e-10 3.40744e-12 5.82771e-14
 4.66797e-09 2.65892e-07 8.92936e-06 0.000176798 0.00206387 0.0142063 0.0576912 0.138609 0.199883 0.185239 0.139498 0.113934 0.0855208 0.0443628 0.0147715 0.00335198 0.00058771 8.51004e-05 9.58682e-06 7.86691e-07 4.66575e-08 2.01244e-09 6.21113e-11 1.33313e-12 1.94531e-14
 4.94338e-09 2.67496e-07 8.53395e-06 0.000160519 0.00178022 0.0116444 0.0449897 0.103479 0.147237 0.151525 0.155741 0.164427 0.129623 0.0646107 0.0199944 0.00407393 0.000618912 7.8183e-05 8.04736e-06 6.25935e-07 3.55586e-08 1.45284e-09 4.16179e-11 8.13847e-13 1.06789e-14
 1.02351e-08 5.25732e-07 1.59212e-05 0.000284269 0.00299254 0.0185773 0.0680684 0.147887 0.194963 0.172809 0.137245 0.118028 0.0842775 0.0398164 0.012048 0.00251712 0.000409422 5.39306e-05 5.34176e-06 3.7414e-07 1.85601e-08 6.65592e-10 1.7168e-11 3.09286e-13 3.77354e-15
 1.27435e-08 6.20923e-07 1.78372e-05 0.000302107 0.00301696 0.0177706 0.0618466 0.128314 0.165687 0.157627 0.151898 0.146909 0.104141 0.0465858 0.0130394 0.00244772 0.00035001 4.15413e-05 3.92193e-06 2.7386e-07 1.37246e-08 4.85288e-10 1.17973e-11 1.92577e-13 2.08633e-15
 2.24465e-08 1.03684e-06 2.82365e-05 0.000453374 0.00429211 0.0239652 0.0790366 0.155121 0.187907 0.162883 0.138405 0.121188 0.080519 0.0344831 0.00952953 0.00186075 0.000287144 3.53751e-05 3.20965e-06 2.04315e-07 9.19083e-09 2.96516e-10 6.77785e-12 1.0643e-13 1.11528e-15
 3.05517e-08 1.33716e-06 3.45044e-05 0.000524943 0.00470909 0.0249198 0.0779718 0.145921 0.172454 0.156728 0.148382 0.13455 0.0866831 0.0354953 0.00947348 0.00182847 0.000284139 3.53265e-05 3.24869e-06 2.11952e-07 9.74588e-09 3.1203e-10 6.78727e-12 9.82267e-14 9.36411e-16
 4.41706e-08 1.831e-06 4.47489e-05 0.000644805 0.00547871 0.027466 0.0814898 0.145268 0.16675 0.154946 0.153036 0.137052 0.0844353 0.0329811 0.0085045 0.00161792 0.000249529 3.04378e-05 2.72624e-06 1.73983e-07 7.88938e-09 2.50546e-10 5.41909e-12 7.78473e-14 7.30334e-16
 7.81981e-08 3.0691e-06 7.10177e-05 0.000968884 0.00779416 0.0369894 0.103822 0.174503 0.186056 0.154107 0.133058 0.108585 0.0629483 0.0236468 0.00605201 0.00118276 0.000187503 2.284e-05 2.00286e-06 1.24458e-07 5.48037e-09 1.68295e-10 3.50979e-12 4.86275e-14 4.40958e-16
 9.79068e-08 3.63736e-06 7.96714e-05 0.00102891 0.00783596 0.0352254 0.0939053 0.151844 0.164169 0.155466 0.156156 0.130556 0.0720602 0.0249244 0.00565678 0.000944192 0.000129196 1.43931e-05 1.21556e-06 7.45529e-08 3.2422e-09 9.72258e-11 1.95754e-12 2.5991e-14 2.24883e-16
 1.72922e-07 6.08018e-06 0.000126045 0.00154059 0.0111038 0.0472301 0.11901 0.180971 0.180174 0.150217 0.132592 0.101792 0.0529466 0.0175848 0.00393938 0.000665414 9.03725e-05 9.40948e-06 7.04864e-07 3.75722e-08 1.44073e-09 3.9397e-11 7.45636e-13 9.46269e-15 7.8595e-17
 2.25075e-07 7.48955e-06 0.000146936 0.00169968 0.0115955 0.0467143 0.111838 0.163934 0.166147 0.155303 0.150276 0.114408 0.0563749 0.0173989 0.00354819 0.000535185 6.54543e-05 6.34933e-06 4.55597e-07 2.33682e-08 8.44986e-10 2.11106e-11 3.56171e-13 3.99578e-15 2.95353e-17
 3.66538e-07 1.15427e-05 0.000214309 0.00234607 0.0151467 0.0577446 0.130782 0.181049 0.172099 0.148981 0.133781 0.0957944 0.0450488 0.0136231 0.00285287 0.000460005 5.87358e-05 5.55605e-06 3.68708e-07 1.71054e-08 5.61027e-10 1.29056e-11 2.02945e-13 2.12542e-15 1.45424e-17
 4.60441e-07 1.37229e-05 0.00024114 0.00249849 0.0152709 0.055176 0.119059 0.16072 0.160688 0.159334 0.153402 0.107758 0.0484123 0.0140357 0.00286715 0.000459063 5.85825e-05 5.56953e-06 3.75366e-07 1.76928e-08 5.76614e-10 1.27136e-11 1.85694e-13 1.77486e-15 1.10333e-17
 6.64766e-07 1.87527e-05 0.000311897 0.00305884 0.0176985 0.0605733 0.124155 0.161053 0.159759 0.160346 0.151224 0.101796 0.0441048 0.0126978 0.00268645 0.000451687 5.86815e-05 5.50156e-06 3.61939e-07 1.66983e-08 5.35367e-10 1.1649e-11 1.67834e-13 1.57286e-15 9.46753e-18
 1.09168e-06 2.91516e-05 0.000458967 0.00426086 0.0233362 0.0755868 0.146477 0.178807 0.164465 0.150966 0.13129 0.08189 0.0324648 0.0082619 0.00147298 0.000206831 2.37576e-05 2.10686e-06 1.36258e-07 6.23322e-09 1.96371e-10 4.14847e-12 5.76205e-14 5.1957e-16 3.01103e-18
 1.29597e-06 3.27638e-05 0.000488375 0.00429298 0.0222748 0.0685224 0.127555 0.156499 0.160971 0.170638 0.153296 0.0918841 0.0341278 0.00798138 0.00126733 0.000152729 1.47795e-05 1.10078e-06 5.99306e-08 2.35184e-09 6.59799e-11 1.29028e-12 1.70181e-14 1.47247e-16 8.19164e-19
 1.55869e-06 3.73119e-05 0.000526635 0.00438416 0.0215593 0.0630724 0.113357 0.141654 0.161895 0.186202 0.166366 0.0961687 0.0348359 0.00829667 0.00143096 0.000192065 1.94886e-05 1.39218e-06 6.79114e-08 2.28524e-09 5.38144e-11 8.82308e-13 9.87377e-15 7.38912e-17 3.63714e-19
#pred catch len freq
 1.22766e-11 1.33309e-09 8.53457e-08 3.22138e-06 7.16873e-05 0.000940576 0.00727687 0.0332159 0.0897177 0.14553 0.151832 0.128515 0.118155 0.104469 0.0743911 0.0473912 0.0306799 0.0200846 0.0134828 0.00953485 0.00724834 0.00601337 0.00516989 0.00396761 0.00230888
 9.07157e-12 9.85064e-10 6.30647e-08 2.38038e-06 5.29725e-05 0.000695053 0.00537837 0.0245735 0.0666971 0.11079 0.127732 0.138747 0.160267 0.149645 0.0989341 0.0524183 0.0273707 0.0148744 0.00830902 0.00485315 0.0030431 0.00212341 0.00162236 0.00118435 0.000685957
 1.19495e-11 1.29757e-09 8.30715e-08 3.13554e-06 6.97771e-05 0.000915519 0.00708323 0.0323371 0.0874136 0.142354 0.151144 0.134605 0.13118 0.11881 0.0846715 0.0520642 0.0296845 0.0148041 0.00664359 0.00300078 0.00145387 0.000785722 0.000486761 0.000315335 0.000174319
 1.66164e-11 1.80434e-09 1.15516e-07 4.36013e-06 9.70285e-05 0.00127305 0.00984837 0.0449373 0.121153 0.194703 0.194631 0.143011 0.106617 0.0821619 0.0510874 0.0258724 0.0128309 0.00650078 0.00310037 0.00131597 0.000505813 0.000196178 8.68976e-05 4.43335e-05 2.17701e-05
 1.62664e-11 1.76633e-09 1.13082e-07 4.26829e-06 9.49848e-05 0.00124624 0.00964113 0.0439955 0.118667 0.191134 0.193066 0.147076 0.115767 0.0903306 0.0529888 0.0225326 0.00831887 0.00314676 0.00123006 0.000486088 0.000182628 6.15814e-05 1.95666e-05 6.73867e-06 2.54441e-06
 1.6785e-11 1.82265e-09 1.16688e-07 4.40438e-06 9.80131e-05 0.00128597 0.00994836 0.0453945 0.122399 0.196813 0.197239 0.146199 0.110305 0.0845442 0.0502537 0.0223639 0.00866618 0.00310866 0.00097789 0.000282894 8.26859e-05 2.43013e-05 6.70201e-06 1.70837e-06 4.34776e-07
 1.69122e-11 1.83646e-09 1.17572e-07 4.43775e-06 9.87558e-05 0.00129571 0.0100238 0.0457386 0.123327 0.19831 0.198757 0.147342 0.111019 0.0844329 0.0488815 0.020307 0.00707703 0.00237532 0.000740913 0.000205368 5.01588e-05 1.10152e-05 2.30576e-06 4.66101e-07 8.80123e-08
 1.74107e-11 1.8906e-09 1.21038e-07 4.56857e-06 0.000101667 0.0013339 0.0103191 0.0470841 0.126925 0.203851 0.203162 0.147578 0.107383 0.0798288 0.0455222 0.0183543 0.00601022 0.00184976 0.000522657 0.000131741 3.01111e-05 6.08871e-06 1.05829e-06 1.60291e-07 2.20275e-08
 1.82225e-11 1.97874e-09 1.26681e-07 4.78157e-06 0.000106407 0.00139609 0.0108 0.0492745 0.132776 0.212817 0.210062 0.147209 0.1003 0.0715117 0.0402549 0.0161327 0.00522878 0.00157501 0.000426358 9.96741e-05 2.05966e-05 3.75371e-06 5.91694e-07 7.89651e-08 8.75559e-09
 1.8548e-11 2.01409e-09 1.28944e-07 4.867e-06 0.000108308 0.00142103 0.0109929 0.0501531 0.135125 0.216429 0.212908 0.147277 0.0977864 0.068387 0.0380379 0.0149272 0.00464727 0.00134198 0.000353932 8.08994e-05 1.60849e-05 2.74051e-06 3.92563e-07 4.69269e-08 4.60971e-09
 1.93546e-11 2.10168e-09 1.34551e-07 5.07864e-06 0.000113018 0.00148282 0.0114708 0.0523299 0.140944 0.225382 0.219975 0.147492 0.0916318 0.0606939 0.0325228 0.0118695 0.0031436 0.000733924 0.000166423 3.48614e-05 6.54847e-06 1.07144e-06 1.46951e-07 1.64657e-08 1.47675e-09
 1.97123e-11 2.14052e-09 1.37038e-07 5.17249e-06 0.000115106 0.00151022 0.0116826 0.0532951 0.143523 0.229337 0.223037 0.14739 0.088602 0.0570888 0.0301744 0.0108039 0.00272303 0.000576016 0.000113605 1.98149e-05 3.03842e-06 4.24905e-07 5.29907e-08 5.59139e-09 4.75918e-10
 1.99653e-11 2.168e-09 1.38797e-07 5.23889e-06 0.000116584 0.00152961 0.0118326 0.0539779 0.145347 0.232132 0.225191 0.147282 0.0864044 0.0544986 0.0285188 0.0100911 0.00246993 0.000494408 9.13701e-05 1.47544e-05 2.00609e-06 2.35848e-07 2.40155e-08 2.10258e-09 1.56453e-10
 1.95057e-11 2.11808e-09 1.35602e-07 5.11828e-06 0.0001139 0.00149439 0.0115602 0.0527377 0.142035 0.227068 0.221343 0.147655 0.0906662 0.0593815 0.0314483 0.0111343 0.00270885 0.0005345 9.65869e-05 1.50659e-05 1.93731e-06 2.10513e-07 1.92341e-08 1.44446e-09 8.87264e-11
 2.02635e-11 2.20038e-09 1.4087e-07 5.31714e-06 0.000118325 0.00155245 0.0120092 0.0547825 0.147496 0.235428 0.227733 0.147167 0.0838315 0.0514559 0.0265598 0.00923232 0.00215774 0.000394154 6.57968e-05 9.78373e-06 1.21746e-06 1.27559e-07 1.10999e-08 7.77771e-10 4.33063e-11
 2.06345e-11 2.24066e-09 1.43449e-07 5.41447e-06 0.000120491 0.00158087 0.012229 0.0557835 0.15017 0.239528 0.230902 0.147041 0.0806575 0.0476873 0.0241121 0.0081364 0.00174761 0.000261274 3.29901e-05 3.96084e-06 4.30277e-07 4.08034e-08 3.31517e-09 2.21366e-10 1.17588e-11
 2.12942e-11 2.3123e-09 1.48036e-07 5.5876e-06 0.000124344 0.00163141 0.0126198 0.0575636 0.154923 0.246792 0.236403 0.146445 0.0744484 0.0406207 0.0199403 0.00673081 0.00147978 0.000234979 3.20102e-05 3.83711e-06 3.65235e-07 2.74681e-08 1.76562e-09 9.9564e-11 4.73853e-12
 2.13381e-11 2.31706e-09 1.4834e-07 5.5991e-06 0.0001246 0.00163477 0.0126458 0.0576819 0.15524 0.247281 0.236795 0.146479 0.074146 0.0402218 0.0196265 0.00653007 0.00137175 0.000193123 2.163e-05 2.23794e-06 2.06048e-07 1.58279e-08 9.97777e-10 4.9799e-11 1.9306e-12
 2.17466e-11 2.36142e-09 1.5118e-07 5.7063e-06 0.000126985 0.00166606 0.0128878 0.0587841 0.158183 0.251781 0.24021 0.146136 0.0703411 0.0358717 0.0170301 0.00562108 0.00117361 0.000162712 1.75558e-05 1.69909e-06 1.40565e-07 9.24654e-09 5.00679e-10 2.30257e-11 8.67814e-13
 2.2045e-11 2.39382e-09 1.53255e-07 5.7846e-06 0.000128727 0.00168892 0.0130646 0.0595893 0.160333 0.255069 0.242713 0.145908 0.067595 0.0327153 0.0151222 0.00492442 0.00100157 0.000128517 1.16066e-05 8.90985e-07 6.29023e-08 3.78154e-09 1.8753e-10 7.66603e-12 2.5031e-13
 2.27443e-11 2.46975e-09 1.58116e-07 5.96808e-06 0.000132811 0.00174249 0.0134789 0.0614759 0.165371 0.262771 0.248554 0.145307 0.0610611 0.0252554 0.0106843 0.00338843 0.0006796 8.45543e-05 7.02024e-06 4.60244e-07 2.72105e-08 1.36997e-09 5.511e-11 1.8338e-12 5.14301e-14
 2.30132e-11 2.49896e-09 1.59986e-07 6.03866e-06 0.000134381 0.0017631 0.0136382 0.0622016 0.167308 0.265733 0.250801 0.145076 0.0585478 0.022386 0.00897722 0.00279747 0.000555657 6.76159e-05 5.25834e-06 2.98718e-07 1.47757e-08 6.45017e-10 2.25552e-11 6.27272e-13 1.43208e-14
 2.31919e-11 2.51836e-09 1.61228e-07 6.08554e-06 0.000135424 0.00177678 0.013744 0.0626836 0.168595 0.267701 0.252293 0.144923 0.0568781 0.0204799 0.00784355 0.00240542 0.00047372 5.65382e-05 4.13443e-06 1.99378e-07 7.47358e-09 2.52186e-10 7.3331e-12 1.70517e-13 3.21977e-15
 2.33162e-11 2.53186e-09 1.62092e-07 6.11817e-06 0.00013615 0.00178631 0.0138177 0.0630192 0.169491 0.26907 0.253331 0.144814 0.055713 0.0191512 0.00705532 0.00213526 0.000418995 4.9852e-05 3.61367e-06 1.6968e-07 5.98358e-09 1.84707e-10 4.80518e-12 9.39959e-14 1.38281e-15
 2.36214e-11 2.56501e-09 1.64214e-07 6.19825e-06 0.000137933 0.00180969 0.0139985 0.0638426 0.17169 0.272432 0.255879 0.144547 0.0528531 0.0158901 0.005121 0.00147264 0.000285028 3.35951e-05 2.37535e-06 1.03135e-07 2.98819e-09 6.8473e-11 1.40761e-12 2.42491e-14 3.23994e-16
 2.36372e-11 2.56671e-09 1.64323e-07 6.20238e-06 0.000138025 0.0018109 0.0140078 0.0638851 0.171803 0.272605 0.25601 0.144533 0.0527058 0.015722 0.00502124 0.00143838 0.000278033 3.27179e-05 2.30157e-06 9.82188e-08 2.70151e-09 5.53235e-11 9.8619e-13 1.48155e-14 1.65987e-16
 2.40172e-11 2.60798e-09 1.66965e-07 6.3021e-06 0.000140244 0.00184001 0.014233 0.0649104 0.174541 0.27679 0.259182 0.144199 0.0491432 0.0116604 0.00261323 0.000614889 0.00011255 1.30624e-05 9.08833e-07 3.75981e-08 9.35508e-10 1.46473e-11 1.62974e-13 1.54728e-15 1.31598e-17
 2.40257e-11 2.6089e-09 1.67024e-07 6.30433e-06 0.000140293 0.00184066 0.014238 0.0649333 0.174602 0.276883 0.259253 0.144192 0.0490636 0.0115696 0.00255944 0.000596482 0.000108842 1.26185e-05 8.76493e-07 3.60611e-08 8.80043e-10 1.29101e-11 1.1911e-13 7.78934e-16 4.30158e-18
 2.36787e-11 2.57122e-09 1.64612e-07 6.21328e-06 0.000138267 0.00181408 0.0140324 0.0639971 0.172103 0.273062 0.256357 0.144497 0.0523168 0.0152784 0.00475804 0.00134816 0.000259758 3.04849e-05 2.12774e-06 8.83759e-08 2.22628e-09 3.62026e-11 4.387e-13 4.57858e-15 3.88895e-17
#obs catch len freq
 3.5397e-11 3.4198e-09 1.94793e-07 6.5416e-06 0.00012952 0.00151196 0.0104076 0.0422743 0.101712 0.147916 0.143197 0.124554 0.124454 0.112983 0.0803886 0.0501422 0.0300599 0.0167485 0.00833746 0.00355761 0.00122675 0.00032202 6.09064e-05 7.91333e-06 6.79982e-07
 4.60815e-11 4.29413e-09 2.35918e-07 7.64165e-06 0.000145933 0.00164315 0.0109102 0.0427605 0.0994399 0.140993 0.137993 0.129711 0.136829 0.12207 0.0821686 0.047288 0.02584 0.0130608 0.00589762 0.00230089 0.000730515 0.000176611 3.06711e-05 3.65108e-06 2.87398e-07
 3.61074e-11 3.2397e-09 1.71377e-07 5.34492e-06 9.82826e-05 0.00106561 0.00681604 0.0257902 0.0585662 0.0857009 0.103825 0.141017 0.17931 0.164927 0.111063 0.0636459 0.0334622 0.0155322 0.00625068 0.00215754 0.000610163 0.00013273 2.08943e-05 2.26273e-06 1.62254e-07
 1.41645e-10 1.22169e-08 6.2124e-07 1.8625e-05 0.000329209 0.00343078 0.0210808 0.0764038 0.163651 0.209325 0.168577 0.105751 0.0757023 0.0619343 0.0476338 0.0330295 0.0192729 0.00902567 0.0034373 0.00107135 0.000266556 5.08021e-05 7.06347e-06 6.8263e-07 4.4037e-08
 1.86118e-10 1.54073e-08 7.51975e-07 2.16381e-05 0.000367094 0.00367189 0.0216582 0.0753947 0.155591 0.194838 0.164899 0.128295 0.111068 0.0804278 0.0399729 0.0147653 0.00543715 0.00230876 0.000916522 0.000286515 6.68689e-05 1.1424e-05 1.39555e-06 1.18209e-07 6.72452e-09
 2.84899e-10 2.26036e-08 1.05731e-06 2.91587e-05 0.000474104 0.004545 0.0256929 0.0857176 0.169513 0.203283 0.164273 0.121352 0.100288 0.0706977 0.0352705 0.0131661 0.00416663 0.00115711 0.000287579 6.80428e-05 1.43431e-05 2.31905e-06 2.6252e-07 2.00344e-08 1.01016e-09
 3.94171e-10 2.99313e-08 1.34e-06 3.5369e-05 0.000550406 0.00505015 0.0273262 0.0872986 0.165667 0.192683 0.157513 0.126011 0.109197 0.0753273 0.0357639 0.0125818 0.00376549 0.000979923 0.000207802 3.53881e-05 4.99155e-06 5.89847e-07 5.53947e-08 3.77462e-09 1.73336e-10
 5.96162e-10 4.32712e-08 1.85171e-06 4.67182e-05 0.000694932 0.00609482 0.0315243 0.0962829 0.174816 0.195239 0.155271 0.122795 0.103736 0.0685443 0.0309454 0.0102788 0.00287608 0.000693953 0.000135097 2.05434e-05 2.4153e-06 2.15691e-07 1.44459e-08 7.19199e-10 2.59552e-11
 9.0756e-10 6.28898e-08 2.56935e-06 6.18881e-05 0.000878889 0.00735912 0.0363411 0.105989 0.183913 0.197071 0.152441 0.119004 0.0977307 0.0617219 0.0264468 0.00828293 0.00216865 0.000486779 8.75223e-05 1.21584e-05 1.28761e-06 1.01162e-07 5.71485e-09 2.26928e-10 6.23737e-12
 1.41431e-09 9.34602e-08 3.64123e-06 8.36392e-05 0.0011327 0.00904454 0.0425935 0.118472 0.196107 0.200681 0.148737 0.111516 0.0876479 0.0530239 0.0219864 0.00677254 0.00174789 0.000378149 6.38878e-05 8.19578e-06 7.92629e-07 5.6382e-08 2.85508e-09 1.00184e-10 2.38362e-12
 1.88717e-09 1.18799e-07 4.40912e-06 9.64789e-05 0.00124469 0.00946837 0.0424898 0.112766 0.179298 0.181824 0.147144 0.12894 0.106204 0.0610399 0.0224939 0.00564153 0.00111648 0.000195294 2.92279e-05 3.47239e-06 3.12426e-07 2.04753e-08 9.4511e-10 2.99803e-11 6.40644e-13
 3.24812e-09 1.9459e-07 6.87304e-06 0.000143125 0.00175724 0.012721 0.0543197 0.13709 0.206616 0.195618 0.141185 0.107316 0.0802969 0.0433498 0.015171 0.00362107 0.000669959 0.000103772 1.28287e-05 1.20325e-06 8.62251e-08 4.74035e-09 1.92977e-10 5.53601e-12 1.07608e-13
 4.37561e-09 2.49238e-07 8.3701e-06 0.000165725 0.00193462 0.0133171 0.0540895 0.130071 0.188424 0.17823 0.142502 0.124506 0.0959408 0.0499217 0.0164946 0.00366907 0.000624895 8.89664e-05 1.01388e-05 8.63904e-07 5.4066e-08 2.47548e-09 8.15283e-11 1.89347e-12 3.05187e-14
 7.38483e-09 3.99608e-07 1.27487e-05 0.000239794 0.00265926 0.0173892 0.0670876 0.15315 0.209973 0.185438 0.133718 0.104454 0.0745012 0.0366846 0.0116466 0.00254417 0.000433121 6.06957e-05 6.5608e-06 5.14706e-07 2.91569e-08 1.19797e-09 3.50652e-11 7.10815e-13 9.76338e-15
 8.13572e-09 4.17896e-07 1.26556e-05 0.000225963 0.00237883 0.0147704 0.0541745 0.118311 0.159947 0.156624 0.153076 0.153061 0.114112 0.0538549 0.015841 0.00309385 0.000455342 5.5805e-05 5.52836e-06 4.11458e-07 2.22994e-08 8.65961e-10 2.34761e-11 4.32937e-13 5.3425e-15
 1.64486e-08 8.01452e-07 2.30232e-05 0.000389939 0.00389389 0.0229301 0.0796997 0.164271 0.205489 0.172861 0.130108 0.105722 0.0713186 0.0319127 0.00919916 0.00184896 0.000291248 3.69536e-05 3.49612e-06 2.33267e-07 1.1028e-08 3.764e-10 9.20296e-12 1.56439e-13 1.79426e-15
 2.1015e-08 9.70713e-07 2.64358e-05 0.000424462 0.00401846 0.0224391 0.0740348 0.145612 0.178169 0.160228 0.145259 0.132125 0.0883141 0.0373503 0.00993165 0.00178743 0.000247392 2.83875e-05 2.56977e-06 1.71181e-07 8.16031e-09 2.73457e-10 6.27567e-12 9.64287e-14 9.81297e-16
 3.64816e-08 1.5967e-06 4.12014e-05 0.000626824 0.00562274 0.0297472 0.0929567 0.172852 0.198257 0.162215 0.12932 0.10624 0.0665106 0.0269538 0.00709745 0.00133365 0.000198877 2.35104e-05 2.03202e-06 1.23014e-07 5.26408e-09 1.6125e-10 3.48503e-12 5.15207e-14 5.06581e-16
 5.05535e-08 2.09558e-06 5.12153e-05 0.000737975 0.00627003 0.0314252 0.0931194 0.164973 0.184166 0.156876 0.138132 0.117127 0.0710488 0.0275351 0.0070096 0.00130351 0.000195689 2.33293e-05 2.04411e-06 1.26787e-07 5.53125e-09 1.67429e-10 3.43081e-12 4.66522e-14 4.17083e-16
 7.36768e-08 2.89165e-06 6.69117e-05 0.00091287 0.00734375 0.0348564 0.0978993 0.165079 0.178549 0.154554 0.141227 0.118109 0.0684967 0.0253314 0.00623641 0.00114359 0.000170125 1.98631e-05 1.6941e-06 1.02787e-07 4.42158e-09 1.32686e-10 2.7012e-12 3.64127e-14 3.19809e-16
 1.28174e-07 4.76182e-06 0.0001043 0.00134694 0.0102565 0.0460733 0.122384 0.194483 0.195141 0.149907 0.11868 0.0899311 0.0490169 0.0174527 0.00427451 0.000805634 0.000122815 1.42759e-05 1.19038e-06 7.02658e-08 2.93214e-09 8.49973e-11 1.66715e-12 2.16622e-14 1.83795e-16
 1.65477e-07 5.81839e-06 0.000120618 0.00147427 0.0106261 0.0452048 0.113989 0.173934 0.175678 0.152057 0.139324 0.108316 0.0561891 0.0183744 0.0039742 0.000638362 8.42596e-05 8.99684e-06 7.24177e-07 4.21875e-08 1.73593e-09 4.90521e-11 9.27573e-13 1.15385e-14 9.33332e-17
 2.85265e-07 9.49238e-06 0.000186228 0.00215411 0.0146929 0.0591379 0.140942 0.202231 0.188037 0.142759 0.113897 0.0808845 0.0395027 0.012416 0.00265501 0.000431126 5.61635e-05 5.57047e-06 3.96345e-07 2.00663e-08 7.29738e-10 1.88497e-11 3.3548e-13 3.98884e-15 3.09519e-17
 3.80057e-07 1.19684e-05 0.000222213 0.00243258 0.0157047 0.0598627 0.135477 0.186892 0.175243 0.147191 0.128788 0.0909949 0.0421179 0.0122857 0.00238596 0.000345492 4.0585e-05 3.75769e-06 2.56215e-07 1.24595e-08 4.2591e-10 1.00231e-11 1.58806e-13 1.66921e-15 1.15356e-17
 6.07789e-07 1.81144e-05 0.000318303 0.00329776 0.0201493 0.0726829 0.155606 0.202674 0.178001 0.137856 0.111346 0.0738542 0.0326443 0.00935297 0.00187083 0.000289337 3.5272e-05 3.16632e-06 1.9905e-07 8.74912e-09 2.71476e-10 5.88726e-12 8.69421e-14 8.52441e-16 5.44703e-18
 7.87557e-07 2.22166e-05 0.000369504 0.00362361 0.0209608 0.0716481 0.14598 0.184446 0.167742 0.146833 0.127714 0.0834451 0.0352884 0.00970189 0.00189427 0.000290833 3.54203e-05 3.19693e-06 2.0411e-07 9.09754e-09 2.79515e-10 5.79067e-12 7.92647e-14 7.08684e-16 4.11389e-18
 1.15284e-06 3.07848e-05 0.000484678 0.00449944 0.0246403 0.0797691 0.154203 0.186238 0.165481 0.144181 0.122188 0.0764703 0.0312247 0.00854309 0.00172907 0.000277999 3.43429e-05 3.0514e-06 1.901e-07 8.29269e-09 2.50578e-10 5.12002e-12 6.90685e-14 6.04669e-16 3.39358e-18
 1.85034e-06 4.67787e-05 0.000697255 0.00612802 0.0317695 0.0973431 0.177896 0.202032 0.165807 0.130687 0.101148 0.0584135 0.0217616 0.00524255 0.000891279 0.000119839 1.31435e-05 1.10784e-06 6.78868e-08 2.93291e-09 8.69374e-11 1.72251e-12 2.23838e-14 1.88453e-16 1.01779e-18
 2.2931e-06 5.48914e-05 0.000774715 0.00644768 0.0316666 0.0920925 0.161123 0.181478 0.162395 0.147781 0.119881 0.0668996 0.0233633 0.00516359 0.00077917 8.95862e-05 8.25656e-06 5.83579e-07 3.01102e-08 1.1185e-09 2.96111e-11 5.44138e-13 6.71841e-15 5.42576e-17 2.81104e-19
#spawning biomass
 9536.11 8077.59 5340.91 5187.49 7495.79 12356.4 16085.8 19476.3 29167 46071.3 52393.7 65735.3 85303.6 102706 97897.4 74809.1 88935.9 87031.5 89157.7 74687.6 73926.6 85984.2 81564.1 84536 80797.8 80294.6 79765.7 73499.1 92849.2 140470 181744 100007 52091.9 30651.8 22207.4 19137.5 18080.2 17729.6 17616.6 17580.8 17569.7 17566.3 17565.2 17564.9 17564.8 17564.8 17564.8 17564.8 17564.8 17564.8 17564.8 17564.8 17564.8 17564.8 17564.8 17564.8 17564.8 17564.8 17564.8 17564.8 17564.8 17564.8 17564.8 17564.8 17564.8 17564.8 17564.8 17564.8 17564.8 17564.8 17564.8 17564.8 17564.8 17564.8 17564.8 17564.8 17564.8 17564.8 17564.8 17564.8 17564.8 17564.8 17564.8 17564.8 17564.8 17564.8 17564.8 17564.8 17564.8 17564.8 17564.8 17564.8 17564.8 17564.8 17564.8 17564.8 17564.8 17564.8 17564.8 17564.8 17564.8 17564.8 17564.8 17564.8 17564.8 17564.8 17564.8 17564.8 17564.8 17564.8 17564.8 17564.8 17564.8 17564.8 17564.8 17564.8 17564.8 17564.8 17564.8 17564.8 17564.8 17564.8 17564.8 17564.8 17564.8 17564.8 17564.8 17564.8 17564.8 0 0 0 0 0 0 0 0 0 0 0 0 0 0 0 0 0 0 0 0 0 0 0 0 0
