SBPRF35
0.819782
Curr Bio
170355
B35
832069
F35
0.231059
FOFL
0.0694466
OFL
10254.7
Bzero
234224
#pred survey bio
 41255.6 28731.2 21395.2 13449.8 21557.4 28586.2 39477.3 42947.7 55550.5 58881.5 65074.5 84322.3 101395 97444.6 105763 107688 107788 97883.3 98856.5 109534 134308 132472 130071 127219 146857 140517 155734 216734 1.13764e+07 1.10711e+07 1.19237e+07 1.12018e+07 9.74521e+06 8.12462e+06 6.6445e+06 5.42259e+06 4.47256e+06 3.76128e+06 3.2414e+06 2.86694e+06 2.59933e+06 2.4086e+06 2.27094e+06 2.16958e+06 2.09783e+06 2.04638e+06 2.00897e+06 1.9814e+06 1.96081e+06 1.94524e+06 1.93332e+06 1.9241e+06 1.91691e+06 1.91124e+06 1.90675e+06 1.90317e+06 1.9003e+06 1.89799e+06 1.89613e+06 1.89462e+06 1.89339e+06 1.89239e+06 1.89158e+06 1.89092e+06 1.89038e+06 1.88994e+06 1.88958e+06 1.88929e+06 1.88905e+06 1.88885e+06 1.88869e+06 1.88856e+06 1.88845e+06 1.88837e+06 1.88829e+06 1.88823e+06 1.88819e+06 1.88815e+06 1.88811e+06 1.88809e+06 1.88807e+06 1.88805e+06 1.88803e+06 1.88802e+06 1.88801e+06 1.888e+06 1.888e+06 1.88799e+06 1.88799e+06 1.88798e+06 1.88798e+06 1.88798e+06 1.88798e+06 1.88798e+06 1.88797e+06 1.88797e+06 1.88797e+06 1.88797e+06 1.88797e+06 1.88797e+06 1.88797e+06 1.88797e+06 1.88797e+06 1.88797e+06 1.88797e+06 1.88797e+06 1.88797e+06 1.88797e+06 1.88797e+06 1.88797e+06 1.88797e+06 1.88797e+06 1.88797e+06 1.88797e+06 1.88797e+06 1.88797e+06 1.88797e+06 1.88797e+06 1.88797e+06 1.88797e+06 1.88797e+06 1.88797e+06 1.88797e+06 1.88797e+06 1.88797e+06 1.88797e+06 1.88797e+06 1.88797e+06 0 0 0 0 0 0 0 0 0 0 0 0 0 0 0 0 0 0 0 0 0 0 0 0 0
#obs survey bio
 41517.7 17337.6 9897.42 15553.4 19079.5 42633.4 33679.9 42357 52488.5 33019 68957.4 94884.7 111823 87220.2 77323.1 71604.8 80215.5 81299.8 84849.7 75956.1 137369 125646 136984 100714 173933 98194.8 109288 198667
#pred catch bio
 25199.9 15347.5 14496.8 8126.97 14731 18840.7 30039.3 30004.4 42206.1 46076.1 47846.4 63312.7 81486.2 76661.5 83792.3 88757.2 90805.4 81470 82365.9 85374.6 113048 115024 112753 107061 129889 122224 133860 142330 10254.7 97534.5 104328 96798.8 82834.9 67660.5 54029.8 42963.2 34523.2 28350.5 23966.8 20919.4 18834 17423.7 16472.1 15828.3 15410 15138.2 14961.6 14846.8 14772.2 14723.7 14692.2 14671.7 14658.4 14649.8 14644.2 14640.5 14638.2 14636.6 14635.6 14635 14634.6 14634.3 14634.1 14634 14633.9 14633.9 14633.8 14633.8 14633.8 14633.8 14633.8 14633.8 14633.8 14633.8 14633.8 14633.8 14633.8 14633.8 14633.8 14633.8 14633.8 14633.8 14633.8 14633.8 14633.8 14633.8 14633.8 14633.8 14633.8 14633.8 14633.8 14633.8 14633.8 14633.8 14633.8 14633.8 14633.8 14633.8 14633.8 14633.8 14633.8 14633.8 14633.8 14633.8 14633.8 14633.8 14633.8 14633.8 14633.8 14633.8 14633.8 14633.8 14633.8 14633.8 14633.8 14633.8 14633.8 14633.8 14633.8 14633.8 14633.8 14633.8 14633.8 14633.8 14633.8 14633.8 14633.8 14633.8 0 0 0 0 0 0 0 0 0 0 0 0 0 0 0 0 0 0 0 0 0 0 0 0 0
#obs catch bio
 18369.1 15564.7 17965.3 8769.73 10762.5 14581 25486.5 23915.1 39038.8 44285.5 44627.2 54495.9 70495.3 63977.2 75328.9 77620.4 90737.6 71304.2 73268.7 78079.6 88769.6 94195.9 97320.7 93062.3 103847 107197 118585 114632
#pred cpue bio
 34202.6 23684.1 19786.7 8882.61 10227 15035.6 21081.6 21148.4 28582.9 29945.5 29364 39125 47801.5 46396.3 48096.4 51071.4 45262.3 41891.1 40178.1 41011.9 57315.5 52680.8 45846.2 45985 51637.3 47088.1 49875.2 60137.8 5.88725e+06 1.09376e+07 1.18063e+07 1.10827e+07 9.62607e+06 8.00548e+06 6.52536e+06 5.30346e+06 4.35342e+06 3.64215e+06 3.12226e+06 2.7478e+06 2.4802e+06 2.28947e+06 2.1518e+06 2.05044e+06 1.9787e+06 1.92724e+06 1.88983e+06 1.86226e+06 1.84167e+06 1.8261e+06 1.81419e+06 1.80497e+06 1.79777e+06 1.79211e+06 1.78762e+06 1.78404e+06 1.78117e+06 1.77886e+06 1.77699e+06 1.77548e+06 1.77426e+06 1.77326e+06 1.77245e+06 1.77179e+06 1.77125e+06 1.77081e+06 1.77045e+06 1.77016e+06 1.76992e+06 1.76972e+06 1.76956e+06 1.76943e+06 1.76932e+06 1.76923e+06 1.76916e+06 1.7691e+06 1.76905e+06 1.76901e+06 1.76898e+06 1.76895e+06 1.76893e+06 1.76891e+06 1.7689e+06 1.76889e+06 1.76888e+06 1.76887e+06 1.76886e+06 1.76886e+06 1.76885e+06 1.76885e+06 1.76885e+06 1.76884e+06 1.76884e+06 1.76884e+06 1.76884e+06 1.76884e+06 1.76884e+06 1.76884e+06 1.76884e+06 1.76884e+06 1.76884e+06 1.76884e+06 1.76884e+06 1.76884e+06 1.76883e+06 1.76883e+06 1.76883e+06 1.76883e+06 1.76883e+06 1.76883e+06 1.76883e+06 1.76883e+06 1.76883e+06 1.76883e+06 1.76883e+06 1.76883e+06 1.76883e+06 1.76883e+06 1.76883e+06 1.76883e+06 1.76883e+06 1.76883e+06 1.76883e+06 1.76883e+06 1.76883e+06 1.76883e+06 1.76883e+06 1.76883e+06 0 0 0 0 0 0 0 0 0 0 0 0 0 0 0 0 0 0 0 0 0 0 0 0 0
#obs cpue bio
 32675.7 26584.6 16720.2 13080 20315.8 33205.7 49739.9 42786 48226.2 56376.4 38374.2 68930.3 80656.1 99870.2 96964.1 129542 63727.1 86352.3 75815.3 74810.5 173625 120342 77174.6 94766.9 117884 101718 116646 153545
#pred surv len freq
 9.95437e-12 1.08045e-09 6.91487e-08 2.60946e-06 5.80641e-05 0.000761851 0.00589537 0.0269283 0.0729265 0.119693 0.131245 0.127171 0.134816 0.126212 0.0913264 0.0582081 0.0367779 0.022758 0.0141897 0.00934924 0.00669175 0.00529818 0.00441975 0.00333998 0.00193076
 9.42358e-12 1.02284e-09 6.54616e-08 2.47032e-06 5.49682e-05 0.000721238 0.00558142 0.0255019 0.0691692 0.114374 0.129321 0.13464 0.151059 0.141595 0.0973911 0.0561686 0.0321052 0.0182396 0.0101049 0.00557351 0.00320752 0.00205906 0.00148272 0.00104892 0.000599258
 4.8161e-12 5.22742e-10 3.34554e-08 1.26251e-06 2.80931e-05 0.00036864 0.00285397 0.0130676 0.0358221 0.0622781 0.0844127 0.120958 0.167134 0.172318 0.132791 0.0899032 0.0564717 0.0311317 0.0155749 0.00753287 0.00360678 0.00179803 0.00100876 0.000611395 0.000327789
 1.56199e-11 1.69539e-09 1.08505e-07 4.09463e-06 9.11104e-05 0.0011954 0.00924859 0.0422052 0.113757 0.182341 0.17977 0.125599 0.0872677 0.0710521 0.0586329 0.047493 0.035404 0.022755 0.0126573 0.00610492 0.0026139 0.00106095 0.000445863 0.000206364 9.48223e-05
 1.79823e-11 1.9518e-09 1.24915e-07 4.7139e-06 0.00010489 0.0013762 0.0106475 0.0485912 0.131 0.210226 0.208381 0.14812 0.103424 0.0743296 0.0407448 0.0150064 0.00441506 0.00172179 0.000973039 0.000537538 0.000249699 9.72583e-05 3.36191e-05 1.14312e-05 3.99827e-06
 1.67307e-11 1.81596e-09 1.16221e-07 4.38583e-06 9.75903e-05 0.00128043 0.00990682 0.045218 0.122001 0.196551 0.19844 0.15064 0.11742 0.0895171 0.0487996 0.0164187 0.00328774 0.000388901 2.7135e-05 1.11659e-06 2.7155e-08 4.16048e-10 1.31936e-11 2.90301e-12 7.57903e-13
 1.65555e-11 1.79694e-09 1.15004e-07 4.3399e-06 9.65682e-05 0.00126702 0.00980312 0.0447456 0.120739 0.194621 0.196976 0.150792 0.119061 0.0913906 0.0499117 0.0167998 0.00336479 0.000398219 2.78349e-05 1.15266e-06 2.86152e-08 4.42877e-10 4.7553e-12 4.20113e-14 3.37273e-16
 1.74374e-11 1.89266e-09 1.2113e-07 4.57108e-06 0.000101712 0.00133451 0.0103251 0.0471232 0.127089 0.204334 0.204345 0.150028 0.110798 0.0819595 0.0443154 0.0148842 0.00297945 0.000352409 2.45881e-05 1.01163e-06 2.4543e-08 3.51085e-10 2.96141e-12 1.47313e-14 4.3227e-17
 1.6976e-11 1.84258e-09 1.17925e-07 4.45011e-06 9.90206e-05 0.0012992 0.010052 0.0458791 0.123766 0.199252 0.200489 0.150428 0.115122 0.0868946 0.0472435 0.0158862 0.00318076 0.000376238 2.62511e-05 1.0801e-06 2.62077e-08 3.75085e-10 3.16951e-12 1.5868e-14 4.76341e-17
 1.71021e-11 1.85627e-09 1.18801e-07 4.48317e-06 9.97562e-05 0.00130885 0.0101266 0.0462191 0.124675 0.200641 0.201543 0.150319 0.11394 0.0855459 0.0464433 0.0156124 0.00312574 0.000369725 2.57964e-05 1.06135e-06 2.5749e-08 3.68334e-10 3.10682e-12 1.54529e-14 4.5326e-17
 1.82544e-11 1.98134e-09 1.26806e-07 4.78525e-06 0.000106478 0.00139703 0.0108086 0.049326 0.132973 0.213332 0.211171 0.149319 0.103142 0.0732218 0.039131 0.0131102 0.00262304 0.000310222 2.16442e-05 8.90508e-07 2.16043e-08 3.09044e-10 2.60667e-12 1.29645e-14 3.8019e-17
 1.8007e-11 1.95449e-09 1.25087e-07 4.72039e-06 0.000105034 0.0013781 0.0106622 0.0486589 0.131191 0.210607 0.209104 0.149534 0.10546 0.0758679 0.040701 0.0136475 0.00273097 0.000322998 2.25357e-05 9.27189e-07 2.24942e-08 3.21774e-10 2.71406e-12 1.34989e-14 3.95894e-17
 1.78603e-11 1.93856e-09 1.24068e-07 4.68193e-06 0.000104179 0.00136687 0.0105753 0.0482634 0.130135 0.208992 0.207878 0.149661 0.106835 0.0774368 0.0416319 0.013966 0.00279497 0.000330573 2.30643e-05 9.48937e-07 2.30218e-08 3.29321e-10 2.77771e-12 1.38153e-14 4.05149e-17
 1.7767e-11 1.92843e-09 1.2342e-07 4.65747e-06 0.000103634 0.00135973 0.0105201 0.0480118 0.129463 0.207964 0.207099 0.149742 0.10771 0.0784349 0.0422241 0.0141686 0.00283568 0.000335392 2.34006e-05 9.62772e-07 2.33575e-08 3.34122e-10 2.8182e-12 1.40165e-14 4.11035e-17
 1.81866e-11 1.97399e-09 1.26335e-07 4.76748e-06 0.000106082 0.00139184 0.0107685 0.0491433 0.132485 0.212586 0.210605 0.149378 0.103777 0.0739466 0.039561 0.0132574 0.0026526 0.000313721 2.18884e-05 9.00554e-07 2.1848e-08 3.1253e-10 2.63607e-12 1.31107e-14 3.84473e-17
 1.78044e-11 1.93249e-09 1.23679e-07 4.66727e-06 0.000103853 0.00136259 0.0105422 0.0481126 0.129732 0.208376 0.207411 0.14971 0.107359 0.078035 0.0419868 0.0140874 0.00281937 0.000333461 2.32658e-05 9.57228e-07 2.3223e-08 3.32198e-10 2.80197e-12 1.39358e-14 4.08668e-17
 1.88414e-11 2.04506e-09 1.30883e-07 4.93913e-06 0.000109902 0.00144195 0.011156 0.0509086 0.1372 0.219798 0.216076 0.14881 0.0976408 0.0669439 0.0354061 0.0118356 0.00236695 0.000279911 1.9529e-05 8.03481e-07 1.9493e-08 2.78841e-10 2.35192e-12 1.16975e-14 3.43029e-17
 1.86932e-11 2.02897e-09 1.29854e-07 4.90028e-06 0.000109037 0.00143061 0.0110683 0.050509 0.136133 0.218166 0.214838 0.148939 0.0990297 0.0685289 0.0363465 0.0121574 0.00243161 0.000287564 2.00631e-05 8.25453e-07 2.0026e-08 2.86467e-10 2.41624e-12 1.20173e-14 3.52409e-17
 1.90858e-11 2.07158e-09 1.32581e-07 5.0032e-06 0.000111327 0.00146065 0.0113007 0.0515675 0.13896 0.22249 0.218118 0.148599 0.0953506 0.0643301 0.0338552 0.0113049 0.00226034 0.000267291 1.86484e-05 7.67248e-07 1.86139e-08 2.66267e-10 2.24586e-12 1.117e-14 3.2756e-17
 1.96462e-11 2.13241e-09 1.36474e-07 5.1501e-06 0.000114596 0.00150354 0.0116323 0.0530784 0.142996 0.228662 0.222801 0.148113 0.0900992 0.0583368 0.0302992 0.0100881 0.00201587 0.000238354 1.66292e-05 6.84168e-07 1.65983e-08 2.37435e-10 2.00267e-12 9.96043e-15 2.9209e-17
 1.87158e-11 2.03142e-09 1.30011e-07 4.90621e-06 0.000109169 0.00143234 0.0110817 0.05057 0.136296 0.218415 0.215027 0.148919 0.0988177 0.068287 0.036203 0.0121083 0.00242174 0.000286396 1.99816e-05 8.221e-07 1.99447e-08 2.85303e-10 2.40642e-12 1.19685e-14 3.50978e-17
 1.92417e-11 2.08851e-09 1.33664e-07 5.04406e-06 0.000112237 0.00147258 0.0113929 0.0519879 0.140083 0.224207 0.219421 0.148463 0.0938897 0.0626628 0.0328659 0.0109664 0.00219233 0.000259241 1.80867e-05 7.44136e-07 1.80532e-08 2.58246e-10 2.17821e-12 1.08335e-14 3.17692e-17
 2.00156e-11 2.1725e-09 1.3904e-07 5.24693e-06 0.00011675 0.0015318 0.011851 0.0540743 0.145656 0.23273 0.225887 0.147792 0.0866378 0.0543864 0.0279553 0.00928608 0.00185473 0.000219281 1.52982e-05 6.29408e-07 1.52698e-08 2.1843e-10 1.84238e-12 9.16319e-15 2.68711e-17
 1.98657e-11 2.15623e-09 1.37998e-07 5.20763e-06 0.000115876 0.00152033 0.0117622 0.0536701 0.144576 0.231079 0.224634 0.147922 0.0880426 0.0559897 0.0289066 0.00961159 0.00192013 0.000227022 1.58384e-05 6.51633e-07 1.5809e-08 2.26143e-10 1.90743e-12 9.48676e-15 2.782e-17
 2.00298e-11 2.17404e-09 1.39138e-07 5.25064e-06 0.000116833 0.00153289 0.0118593 0.0541125 0.145758 0.232886 0.226005 0.14778 0.0865051 0.054235 0.0278655 0.00925534 0.00184855 0.00021855 1.52472e-05 6.27309e-07 1.52189e-08 2.17702e-10 1.83623e-12 9.13264e-15 2.67815e-17
 2.02996e-11 2.20333e-09 1.41012e-07 5.32137e-06 0.000118407 0.00155353 0.012019 0.0548399 0.147701 0.235858 0.22826 0.147546 0.0839766 0.0513493 0.0261532 0.00866945 0.00173084 0.000204618 1.4275e-05 5.87307e-07 1.42484e-08 2.03819e-10 1.71914e-12 8.55026e-15 2.50737e-17
 2.05369e-11 2.22908e-09 1.42661e-07 5.38358e-06 0.000119791 0.00157169 0.0121595 0.0554797 0.14941 0.238471 0.230243 0.14734 0.0817528 0.0488113 0.0246474 0.00815416 0.00162732 0.000192364 1.34199e-05 5.52125e-07 1.33949e-08 1.9161e-10 1.61615e-12 8.03806e-15 2.35717e-17
 2.11938e-11 2.30038e-09 1.47224e-07 5.55577e-06 0.000123622 0.00162196 0.0125482 0.0572507 0.15414 0.245706 0.235731 0.146771 0.0755974 0.0417864 0.0204793 0.0067279 0.00134077 0.000158446 1.10531e-05 4.54745e-07 1.10323e-08 1.57814e-10 1.3311e-12 6.62034e-15 1.94142e-17
#obs surv len freq
 3.9571e-11 3.6673e-09 2.00402e-07 6.45725e-06 0.000122682 0.00137443 0.00908144 0.0354265 0.0820441 0.116079 0.114171 0.109587 0.12159 0.1236 0.107657 0.0825695 0.0526062 0.0270054 0.0115102 0.00409933 0.00117212 0.000254547 3.97787e-05 4.26988e-06 3.03642e-07
 2.31975e-11 2.07352e-09 1.09286e-07 3.39631e-06 6.22375e-05 0.000672596 0.00428968 0.0162073 0.0369991 0.0560201 0.0751326 0.114317 0.157471 0.165799 0.14344 0.108335 0.0676196 0.033778 0.0137759 0.00459026 0.00120873 0.000240384 3.44409e-05 3.40327e-06 2.23728e-07
 1.3632e-11 1.17321e-09 5.95364e-08 1.78148e-06 3.1433e-05 0.000327112 0.00201013 0.00733955 0.0164405 0.0260091 0.0411028 0.0743443 0.121254 0.166623 0.191712 0.168394 0.10672 0.0506455 0.0192776 0.0059942 0.00146597 0.000267989 3.50117e-05 3.14661e-06 1.8841e-07
 2.47688e-10 2.04912e-08 9.99583e-07 2.87512e-05 0.00048762 0.00487634 0.028754 0.0999809 0.205054 0.248423 0.179276 0.0811299 0.0314272 0.0232857 0.0275242 0.0280355 0.0216186 0.0125212 0.00539243 0.0017098 0.000397984 6.72754e-05 8.04391e-06 6.58223e-07 3.57758e-08
 1.31301e-10 1.04259e-08 4.8814e-07 1.34762e-05 0.000219376 0.0021061 0.0119335 0.0400712 0.0814344 0.110387 0.133189 0.177141 0.198333 0.145642 0.0666713 0.0210003 0.00667213 0.0030581 0.0014499 0.000521537 0.000130422 2.21429e-05 2.52479e-06 1.91282e-07 9.49677e-09
 3.49438e-10 2.65932e-08 1.19332e-06 3.1574e-05 0.000492599 0.00453167 0.0245861 0.0787264 0.149391 0.171603 0.132072 0.0946506 0.0879178 0.0899111 0.0807328 0.0538798 0.023615 0.00648659 0.0011681 0.000170565 2.69862e-05 4.1564e-06 4.71956e-07 3.51715e-08 1.66856e-09
 4.48505e-10 3.26687e-08 1.40308e-06 3.55323e-05 0.000530589 0.0046722 0.0242709 0.0745361 0.13681 0.158363 0.141745 0.136329 0.131066 0.0964235 0.0537743 0.025795 0.0108924 0.00367333 0.000906526 0.000155182 1.81435e-05 1.52759e-06 1.03428e-07 5.831e-09 2.4642e-10
 6.12063e-10 4.26159e-08 1.74958e-06 4.23532e-05 0.000604552 0.0050888 0.0252715 0.0742208 0.130529 0.146037 0.129862 0.127771 0.127939 0.104892 0.0702011 0.0378085 0.0148326 0.00400097 0.000768797 0.000114218 1.34373e-05 1.17133e-06 7.03421e-08 2.83888e-09 7.84046e-11
 9.82789e-10 6.53322e-08 2.56084e-06 5.91868e-05 0.000806611 0.00648244 0.0307362 0.0861908 0.144753 0.154728 0.131529 0.12363 0.118383 0.0933465 0.0606051 0.0320074 0.0125279 0.00343889 0.00066863 9.45642e-05 9.79989e-06 7.38537e-07 3.99492e-08 1.51266e-09 3.86747e-11
 1.36778e-09 8.67137e-08 3.2415e-06 7.14488e-05 0.000928633 0.00711789 0.0321971 0.0862578 0.139385 0.147866 0.134725 0.137276 0.129397 0.0938362 0.0541702 0.0253657 0.00884351 0.00214402 0.00036483 4.57618e-05 4.33548e-06 3.02668e-07 1.49266e-08 5.03654e-10 1.13975e-11
 2.01634e-09 1.21782e-07 4.33702e-06 9.10729e-05 0.00112769 0.00823497 0.0354944 0.0906791 0.140257 0.144651 0.132501 0.136228 0.127444 0.0929542 0.0545774 0.0252885 0.00833948 0.00183048 0.000268807 2.78242e-05 2.14279e-06 1.2434e-07 5.2884e-09 1.58568e-10 3.23665e-12
 3.2593e-09 1.87356e-07 6.35035e-06 0.000126917 0.0014957 0.0103954 0.0426463 0.103713 0.1528 0.150423 0.131984 0.130013 0.116863 0.0826694 0.0472885 0.021202 0.00672696 0.00142339 0.00020219 2.0049e-05 1.42825e-06 7.28922e-08 2.61645e-09 6.50949e-11 1.10996e-12
 4.31999e-09 2.36131e-07 7.61045e-06 0.000144631 0.00162079 0.0107133 0.0418261 0.0971272 0.13885 0.140963 0.140247 0.149198 0.129704 0.0837473 0.0426958 0.0171596 0.00492869 0.000938629 0.000117671 1.01112e-05 6.25834e-07 2.83832e-08 9.22107e-10 2.07255e-11 3.1346e-13
 6.9081e-09 3.58747e-07 1.09851e-05 0.000198343 0.00211174 0.0132616 0.0491897 0.108511 0.147262 0.14156 0.133266 0.13651 0.118798 0.0808233 0.0441475 0.0182083 0.00510435 0.000921147 0.000107379 8.40891e-06 4.63284e-07 1.83313e-08 5.14653e-10 1.00152e-11 1.32481e-13
 9.95994e-09 4.91036e-07 1.42744e-05 0.000244679 0.00247322 0.0147474 0.0519728 0.109286 0.143497 0.140224 0.140976 0.145861 0.120054 0.0748379 0.0371994 0.014161 0.00373021 0.000642261 7.24703e-05 5.55124e-06 2.98253e-07 1.12766e-08 2.93949e-10 5.17098e-12 6.05979e-14
 1.41586e-08 6.62224e-07 1.82632e-05 0.000296994 0.00284809 0.0161141 0.0539193 0.107987 0.136943 0.134782 0.14098 0.14727 0.121638 0.0779198 0.0397538 0.015014 0.00381412 0.000626586 6.74861e-05 4.95928e-06 2.56818e-07 9.37467e-09 2.35588e-10 3.97563e-12 4.42688e-14
 2.2961e-08 1.01822e-06 2.66243e-05 0.000410502 0.00373244 0.020023 0.0635363 0.120756 0.145727 0.137459 0.138335 0.138771 0.11095 0.0695429 0.0345768 0.0125633 0.00305346 0.000482072 5.0414e-05 3.62795e-06 1.83789e-07 6.49992e-09 1.56642e-10 2.51926e-12 2.66615e-14
 3.2414e-08 1.36216e-06 3.37531e-05 0.000493174 0.00424962 0.0216106 0.0650825 0.118077 0.139383 0.136737 0.145792 0.145321 0.111451 0.066521 0.0314291 0.0108594 0.00252694 0.000387148 3.99581e-05 2.87009e-06 1.44858e-07 5.0485e-09 1.18542e-10 1.84154e-12 1.86894e-14
 5.12756e-08 2.04113e-06 4.79094e-05 0.000663093 0.00541251 0.0260752 0.0744243 0.128205 0.144725 0.137883 0.143151 0.137824 0.102797 0.0601053 0.0274735 0.00897661 0.00193723 0.000270752 2.5162e-05 1.62544e-06 7.50072e-08 2.45141e-09 5.50977e-11 8.27537e-13 8.12743e-15
 6.94668e-08 2.61855e-06 5.82019e-05 0.000762823 0.00589684 0.0269155 0.0729341 0.120418 0.135177 0.13746 0.151265 0.144914 0.10576 0.0606811 0.0270705 0.00859037 0.00181559 0.000253601 2.40245e-05 1.5807e-06 7.2149e-08 2.24099e-09 4.6515e-11 6.38574e-13 5.75474e-15
 1.08455e-07 3.87042e-06 8.14436e-05 0.00101058 0.00739613 0.031966 0.0820732 0.128761 0.138731 0.137583 0.147404 0.137189 0.0986036 0.0559889 0.0242554 0.00730355 0.00144387 0.000187446 1.65391e-05 1.02665e-06 4.50825e-08 1.36923e-09 2.79368e-11 3.74221e-13 3.23683e-15
 1.6524e-07 5.58189e-06 0.000111184 0.00130593 0.0090479 0.0370299 0.0901533 0.134931 0.141605 0.140683 0.148405 0.132065 0.089902 0.0482237 0.0197163 0.00561554 0.00105641 0.000131527 1.1178e-05 6.65088e-07 2.76631e-08 7.8795e-10 1.50456e-11 1.89546e-13 1.55421e-15
 1.89384e-07 6.05536e-06 0.000114166 0.00126935 0.00832757 0.0323225 0.0751801 0.110978 0.126606 0.14923 0.170509 0.150004 0.0986377 0.0507696 0.0197118 0.0052844 0.000931616 0.00010856 8.6447e-06 4.83501e-07 1.89746e-08 5.10863e-10 9.20619e-12 1.08978e-13 8.35167e-16
 3.66766e-07 1.10998e-05 0.000198079 0.00208444 0.0129401 0.0474765 0.103854 0.141016 0.138586 0.134515 0.138633 0.122534 0.0863187 0.047403 0.0186517 0.00486075 0.00081828 9.06264e-05 6.84683e-06 3.61711e-07 1.33176e-08 3.34517e-10 5.60984e-12 6.17951e-14 4.41144e-16
 4.34022e-07 1.24335e-05 0.000210031 0.00209241 0.0123033 0.0428567 0.0899851 0.122707 0.136517 0.159072 0.169203 0.13396 0.0787268 0.0361772 0.0125721 0.00304921 0.000495933 5.45023e-05 4.13583e-06 2.17799e-07 7.83313e-09 1.88318e-10 2.97877e-12 3.06631e-14 2.03378e-16
 7.16166e-07 1.94218e-05 0.000310576 0.00292896 0.0163014 0.0537192 0.106435 0.135518 0.137367 0.146077 0.149591 0.121545 0.0767848 0.037272 0.0127983 0.00287869 0.000413282 3.85578e-05 2.44309e-06 1.09684e-07 3.52433e-09 7.90578e-11 1.1945e-12 1.18036e-14 7.47426e-17
 8.88967e-07 2.28249e-05 0.000345579 0.00308608 0.0162737 0.0509481 0.0970639 0.124388 0.139189 0.163251 0.165511 0.124587 0.0711903 0.0315 0.0101137 0.00218746 0.000310613 2.93495e-05 1.88799e-06 8.32771e-08 2.48909e-09 4.96078e-11 6.52965e-13 5.64968e-15 3.19296e-17
 1.29128e-06 3.13939e-05 0.000450081 0.00380602 0.0190084 0.0564028 0.102159 0.125784 0.137726 0.158674 0.158842 0.121324 0.0716267 0.0319622 0.00991272 0.00200474 0.000260821 2.23491e-05 1.30933e-06 5.36697e-08 1.52862e-09 2.94749e-11 3.74651e-13 3.07765e-15 1.61148e-17
#pred catch len freq
 1.1354e-12 1.23237e-10 7.88722e-09 2.97647e-07 6.62395e-06 8.6971e-05 0.00067534 0.00313923 0.00924907 0.0211964 0.0510616 0.116789 0.189135 0.198551 0.147001 0.0939945 0.0593849 0.0367395 0.0229049 0.015091 0.0108013 0.00855189 0.007134 0.00539113 0.00311647
 9.226e-13 1.0014e-10 6.40897e-09 2.41864e-07 5.38282e-06 7.06953e-05 0.000549748 0.0025738 0.00783066 0.019776 0.0536816 0.129243 0.210809 0.21761 0.152608 0.0882809 0.0504638 0.0286649 0.0158792 0.008758 0.0050401 0.00323547 0.00232985 0.00164821 0.000941635
 4.15964e-13 4.5149e-11 2.88957e-09 1.09052e-07 2.42751e-06 3.19148e-05 0.000249484 0.00119826 0.00405044 0.0131308 0.0443941 0.11578 0.194447 0.209348 0.1626 0.110161 0.0691768 0.0381286 0.0190735 0.00922452 0.00441667 0.00220176 0.00123527 0.000748678 0.000401391
 3.76769e-12 4.08946e-10 2.61725e-08 9.87675e-07 2.19776e-05 0.000288394 0.00223283 0.0102263 0.0280708 0.0491026 0.0679042 0.100327 0.142884 0.156327 0.137652 0.112414 0.0838162 0.053861 0.0299571 0.0144485 0.00618625 0.00251091 0.0010552 0.000488394 0.000224412
 1.33725e-11 1.45146e-09 9.28933e-08 3.50551e-06 7.80022e-05 0.00102344 0.00791919 0.0361623 0.0977937 0.159377 0.16949 0.151075 0.144976 0.122321 0.0699141 0.0259629 0.00764022 0.00297374 0.00167912 0.000927482 0.00043083 0.000167809 5.80061e-05 1.97232e-05 6.89858e-06
 1.01456e-11 1.10121e-09 7.04773e-08 2.6596e-06 5.918e-05 0.000776508 0.00600942 0.0274639 0.0745787 0.124023 0.143419 0.15635 0.179129 0.159943 0.0905859 0.0307172 0.00616047 0.000728932 5.08632e-05 2.09301e-06 5.09008e-08 7.79595e-10 2.46345e-11 5.41352e-12 1.4133e-12
 1.27124e-11 1.37981e-09 8.83074e-08 3.33245e-06 7.41516e-05 0.000972927 0.00752855 0.0343841 0.0930628 0.152293 0.164865 0.154124 0.155075 0.132492 0.0742988 0.025145 0.00504164 0.000596798 4.17166e-05 1.72748e-06 4.28802e-08 6.63412e-10 7.11637e-12 6.27731e-14 5.03306e-16
 1.2797e-11 1.389e-09 8.88956e-08 3.35465e-06 7.46454e-05 0.000979407 0.00757866 0.0346124 0.0936725 0.153226 0.165573 0.154051 0.154282 0.131587 0.0737612 0.0249601 0.00500379 0.00059202 4.13083e-05 1.69958e-06 4.12331e-08 5.89837e-10 4.97528e-12 2.47492e-14 7.26228e-17
 1.3395e-11 1.4539e-09 9.30496e-08 3.51141e-06 7.81335e-05 0.00102517 0.00793259 0.0362247 0.0979789 0.159812 0.170569 0.153533 0.148678 0.125192 0.0699665 0.0236616 0.00474292 0.000561143 3.91542e-05 1.61101e-06 3.90897e-08 5.59452e-10 4.72739e-12 2.36667e-14 7.10366e-17
 1.40686e-11 1.52701e-09 9.77283e-08 3.68796e-06 8.20621e-05 0.00107671 0.00833121 0.0380405 0.102829 0.16723 0.176197 0.152949 0.142367 0.117988 0.0656926 0.0221992 0.0044491 0.000526363 3.67267e-05 1.51107e-06 3.66597e-08 5.24409e-10 4.42327e-12 2.20008e-14 6.45319e-17
 1.50747e-11 1.63621e-09 1.04717e-07 3.95171e-06 8.79306e-05 0.0011537 0.00892668 0.0407531 0.110075 0.178311 0.184603 0.152076 0.132939 0.107228 0.0593083 0.0200146 0.00401019 0.000474412 3.31015e-05 1.36191e-06 3.30409e-08 4.72642e-10 3.98656e-12 1.98275e-14 5.8145e-17
 1.49388e-11 1.62146e-09 1.03773e-07 3.91609e-06 8.71381e-05 0.0011433 0.00884626 0.0403868 0.109096 0.176815 0.183468 0.152194 0.134212 0.108681 0.0601705 0.0203096 0.00406946 0.000481428 3.35911e-05 1.38206e-06 3.35297e-08 4.79634e-10 4.04556e-12 2.01214e-14 5.90116e-17
 1.55896e-11 1.6921e-09 1.08294e-07 4.08668e-06 9.09339e-05 0.0011931 0.00923141 0.0421413 0.113782 0.183982 0.188905 0.15163 0.128114 0.101722 0.0560411 0.0188966 0.00378557 0.000447825 3.12463e-05 1.28558e-06 3.1189e-08 4.46151e-10 3.76313e-12 1.87164e-14 5.4888e-17
 1.51781e-11 1.64744e-09 1.05436e-07 3.97883e-06 8.85341e-05 0.00116162 0.00898791 0.041032 0.11082 0.179451 0.185468 0.151987 0.131969 0.106122 0.0586518 0.0197899 0.00396505 0.000469069 3.27287e-05 1.34657e-06 3.26688e-08 4.67318e-10 3.94165e-12 1.96041e-14 5.74892e-17
 1.59011e-11 1.72591e-09 1.10458e-07 4.16834e-06 9.27508e-05 0.00121694 0.00941577 0.0429811 0.116026 0.187413 0.191508 0.15136 0.125195 0.0983904 0.0540644 0.0182202 0.00364968 0.00043174 3.01239e-05 1.2394e-06 3.00687e-08 4.30124e-10 3.62794e-12 1.80438e-14 5.29137e-17
 1.58165e-11 1.71673e-09 1.09871e-07 4.14617e-06 9.22577e-05 0.00121047 0.00936573 0.0427532 0.115417 0.186482 0.190802 0.151433 0.125987 0.0992945 0.0546009 0.0184038 0.00368656 0.000436106 3.04285e-05 1.25193e-06 3.03727e-08 4.34474e-10 3.66462e-12 1.82263e-14 5.34487e-17
 1.746e-11 1.89512e-09 1.21287e-07 4.577e-06 0.000101844 0.00133624 0.0103384 0.0471842 0.127252 0.204583 0.204534 0.150008 0.110586 0.0817179 0.044172 0.0148352 0.0029696 0.000351242 2.45066e-05 1.00828e-06 2.44616e-08 3.49916e-10 2.95141e-12 1.46791e-14 4.30464e-17
 1.71484e-11 1.86129e-09 1.19122e-07 4.49531e-06 0.000100026 0.00131239 0.010154 0.0463439 0.125008 0.201151 0.20193 0.150278 0.113506 0.0850508 0.0461495 0.0155118 0.00310555 0.000367334 2.56295e-05 1.05448e-06 2.55824e-08 3.6595e-10 3.08665e-12 1.53517e-14 4.50189e-17
 1.76872e-11 1.91978e-09 1.22866e-07 4.63657e-06 0.000103169 0.00135363 0.0104729 0.0477968 0.128889 0.207086 0.206432 0.149811 0.108457 0.0792876 0.0427301 0.0143418 0.00287046 0.000339509 2.36878e-05 9.74592e-07 2.36443e-08 3.38225e-10 2.8528e-12 1.41886e-14 4.16082e-17
 1.79066e-11 1.94359e-09 1.2439e-07 4.69407e-06 0.000104449 0.00137041 0.0106028 0.0483882 0.130468 0.209502 0.208265 0.149621 0.106401 0.0769415 0.041338 0.0138654 0.00277477 0.000328182 2.28974e-05 9.42071e-07 2.28553e-08 3.26938e-10 2.7576e-12 1.37151e-14 4.02197e-17
 1.72854e-11 1.87616e-09 1.20074e-07 4.53122e-06 0.000100825 0.00132287 0.0102351 0.0467133 0.125995 0.202659 0.203075 0.15016 0.112223 0.0835856 0.0452802 0.0152144 0.00304578 0.00036026 2.51359e-05 1.03417e-06 2.50897e-08 3.58902e-10 3.0272e-12 1.5056e-14 4.41518e-17
 1.82304e-11 1.97874e-09 1.26639e-07 4.77896e-06 0.000106338 0.00139519 0.0107944 0.0492613 0.1328 0.213068 0.210971 0.14934 0.103367 0.0734785 0.0392833 0.0131623 0.00263351 0.000311461 2.17306e-05 8.94065e-07 2.16906e-08 3.10278e-10 2.61708e-12 1.30162e-14 3.81702e-17
 1.91818e-11 2.082e-09 1.33248e-07 5.02836e-06 0.000111887 0.001468 0.0113575 0.0518264 0.139652 0.223547 0.21892 0.148515 0.094451 0.0633033 0.033246 0.0110965 0.00221846 0.000262334 1.83025e-05 7.53016e-07 1.82686e-08 2.61328e-10 2.2042e-12 1.09627e-14 3.21483e-17
 1.87948e-11 2.03999e-09 1.30559e-07 4.9269e-06 0.00010963 0.00143838 0.0111284 0.0507828 0.136864 0.219284 0.215686 0.148851 0.098078 0.0674427 0.0357021 0.0119369 0.0023873 0.00028232 1.96971e-05 8.10397e-07 1.96607e-08 2.81242e-10 2.37217e-12 1.17981e-14 3.45981e-17
 1.93247e-11 2.09751e-09 1.34241e-07 5.06582e-06 0.000112721 0.00147893 0.0114421 0.0522116 0.140681 0.225121 0.220114 0.148391 0.093112 0.0617752 0.0323393 0.0107862 0.00215612 0.000254956 1.77876e-05 7.31833e-07 1.77547e-08 2.53976e-10 2.14219e-12 1.06544e-14 3.1244e-17
 1.95526e-11 2.12224e-09 1.35823e-07 5.12555e-06 0.00011405 0.00149637 0.0115769 0.0528259 0.142322 0.22763 0.222018 0.148194 0.0909768 0.0593384 0.0308935 0.0102915 0.00205672 0.00024319 1.69666e-05 6.98053e-07 1.69352e-08 2.42253e-10 2.04331e-12 1.01626e-14 2.98018e-17
 1.97786e-11 2.14677e-09 1.37393e-07 5.18479e-06 0.000115368 0.00151366 0.0117107 0.0534352 0.143949 0.230119 0.223906 0.147998 0.0888591 0.0569215 0.0294594 0.00980077 0.00195814 0.000231521 1.61523e-05 6.6455e-07 1.61224e-08 2.30626e-10 1.94524e-12 9.67481e-15 2.83715e-17
 1.91757e-11 2.08134e-09 1.33205e-07 5.02675e-06 0.000111851 0.00146753 0.0113539 0.0518098 0.139608 0.223479 0.218869 0.148521 0.0945084 0.0633689 0.0332849 0.0111098 0.00222113 0.000262651 1.83246e-05 7.53925e-07 1.82907e-08 2.61643e-10 2.20686e-12 1.0976e-14 3.21872e-17
#obs catch len freq
 4.09082e-11 3.79123e-09 2.07175e-07 6.67545e-06 0.000126828 0.00142088 0.00938835 0.0366242 0.0848227 0.120043 0.11817 0.113355 0.124391 0.122635 0.101877 0.0756234 0.0483919 0.0257063 0.0114977 0.00430018 0.00128166 0.000286405 4.54206e-05 4.9004e-06 3.48935e-07
 5.45313e-11 4.87432e-09 2.56902e-07 7.98381e-06 0.0001463 0.00158083 0.0100748 0.0379146 0.0847902 0.116403 0.113182 0.110442 0.123132 0.123754 0.106671 0.0806648 0.0503823 0.0253486 0.0105802 0.00366838 0.00101229 0.00021025 3.11676e-05 3.15254e-06 2.10169e-07
 3.28963e-11 2.83116e-09 1.43671e-07 4.29899e-06 7.58514e-05 0.000789276 0.00484744 0.017647 0.0389345 0.0576959 0.0776917 0.118315 0.159833 0.165067 0.141049 0.104894 0.06409 0.0313114 0.0124707 0.00403558 0.00102406 0.000194628 2.64397e-05 2.46071e-06 1.51561e-07
 1.97554e-11 1.63437e-09 7.97263e-08 2.29322e-06 3.88956e-05 0.000389114 0.00229906 0.00807908 0.017499 0.027241 0.0433758 0.0781805 0.125651 0.170315 0.191942 0.163722 0.100704 0.0465777 0.0172954 0.00521721 0.00122759 0.000214162 2.65072e-05 2.24282e-06 1.25785e-07
 3.57991e-10 2.8426e-08 1.33091e-06 3.67423e-05 0.000598098 0.00574071 0.0324902 0.108431 0.213454 0.248262 0.172184 0.0754222 0.0294275 0.0228313 0.0268519 0.0266526 0.0199639 0.0112013 0.00465625 0.00142033 0.00031676 5.10085e-05 5.77249e-06 4.44442e-07 2.26185e-08
 1.97519e-10 1.50317e-08 6.74522e-07 1.78473e-05 0.000278454 0.00256216 0.0139157 0.0448112 0.0875417 0.115167 0.137257 0.179325 0.193632 0.136314 0.0600026 0.0185184 0.00601386 0.00279063 0.00128556 0.000442315 0.000105173 1.69092e-05 1.81863e-06 1.29437e-07 6.01336e-09
 5.25409e-10 3.82703e-08 1.64367e-06 4.16249e-05 0.000621558 0.00547285 0.0284196 0.0871088 0.158296 0.174508 0.130117 0.0923537 0.0855848 0.0864537 0.0756946 0.0485825 0.0203296 0.00533144 0.000925865 0.000133453 2.08696e-05 3.08136e-06 3.29666e-07 2.30117e-08 1.01944e-09
 6.8198e-10 4.7484e-08 1.94944e-06 4.71913e-05 0.000673611 0.00567007 0.0281572 0.0826831 0.145291 0.161882 0.141637 0.134234 0.125332 0.0892502 0.0486874 0.023002 0.00949087 0.00309388 0.000732494 0.000119745 1.33681e-05 1.07928e-06 7.01213e-08 3.7533e-09 1.48734e-10
 9.44323e-10 6.27752e-08 2.46061e-06 5.68703e-05 0.000775043 0.00622879 0.0295351 0.0828451 0.139327 0.149899 0.130147 0.125942 0.122787 0.0981352 0.0642071 0.0335142 0.0126265 0.00326816 0.000605691 8.70117e-05 9.83304e-06 8.15478e-07 4.63172e-08 1.76332e-09 4.5841e-11
 1.5368e-09 9.74289e-08 3.64205e-06 8.02775e-05 0.00104337 0.00799689 0.0361626 0.0967349 0.155123 0.15897 0.130985 0.12001 0.111428 0.0855621 0.0542978 0.0278005 0.0104576 0.00275329 0.000513917 6.97248e-05 6.91144e-06 4.96348e-07 2.54695e-08 9.10053e-10 2.18517e-11
 2.16818e-09 1.30953e-07 4.66361e-06 9.79308e-05 0.0012126 0.00885482 0.0381613 0.0974293 0.15021 0.15273 0.134633 0.132752 0.120553 0.0847475 0.0477193 0.0216553 0.00724638 0.00168169 0.000274601 3.31029e-05 3.00381e-06 1.99609e-07 9.31821e-09 2.96358e-10 6.29917e-12
 3.22326e-09 1.85284e-07 6.28013e-06 0.000125513 0.00147916 0.0102806 0.0421763 0.102586 0.151252 0.149379 0.132138 0.13114 0.118205 0.0836809 0.0478285 0.0213683 0.00672895 0.00140671 0.000197241 1.9564e-05 1.44413e-06 7.99853e-08 3.22791e-09 9.13351e-11 1.75133e-12
 5.25706e-09 2.87351e-07 9.26126e-06 0.000176002 0.00197229 0.0130347 0.0508495 0.117613 0.164916 0.154883 0.130164 0.122871 0.106161 0.0728474 0.0405078 0.0174803 0.00529023 0.00106546 0.000144335 1.3673e-05 9.29305e-07 4.50854e-08 1.53265e-09 3.59919e-11 5.77313e-13
 7.06371e-09 3.66828e-07 1.12326e-05 0.00020281 0.00215932 0.0135606 0.0503031 0.111014 0.150963 0.146159 0.138962 0.141045 0.117396 0.0732778 0.0362782 0.0140382 0.00384285 0.000694981 8.28714e-05 6.79532e-06 4.0172e-07 1.73449e-08 5.33721e-10 1.13101e-11 1.607e-13
 1.13558e-08 5.59853e-07 1.62749e-05 0.000278968 0.00281973 0.016811 0.059199 0.123995 0.159828 0.146003 0.130618 0.1274 0.106444 0.0701979 0.0371076 0.0146421 0.00389458 0.000665561 7.36139e-05 5.48658e-06 2.88023e-07 1.08343e-08 2.88009e-10 5.28667e-12 6.57448e-14
 1.64602e-08 7.69871e-07 2.12319e-05 0.000345268 0.00331094 0.01873 0.0626249 0.124952 0.155726 0.144464 0.137748 0.135399 0.106724 0.0643627 0.0309649 0.0112887 0.00282335 0.000460569 4.9324e-05 3.59388e-06 1.83607e-07 6.58021e-09 1.61975e-10 2.68253e-12 2.95224e-14
 2.36897e-08 1.05053e-06 2.74693e-05 0.00042353 0.00385086 0.0206575 0.0655375 0.124444 0.149548 0.139151 0.137316 0.136115 0.107886 0.066914 0.032925 0.0118578 0.0028532 0.00044363 4.53313e-05 3.16779e-06 1.55909e-07 5.39024e-09 1.2778e-10 2.02748e-12 2.11714e-14
 3.82455e-08 1.60722e-06 3.98254e-05 0.000581891 0.00501378 0.0254888 0.0766453 0.138028 0.157699 0.140363 0.132987 0.126533 0.0971342 0.0589209 0.0281968 0.00975316 0.00224386 0.000335326 3.32767e-05 2.27607e-06 1.09428e-07 3.65919e-09 8.30724e-11 1.25499e-12 1.24456e-14
 5.48872e-08 2.1849e-06 5.12839e-05 0.000709794 0.00579356 0.0279072 0.0796014 0.136692 0.152234 0.139671 0.138946 0.13091 0.0962765 0.05555 0.0252355 0.0082975 0.00182834 0.000265375 2.60068e-05 1.7745e-06 8.48564e-08 2.79104e-09 6.16409e-11 8.98317e-13 8.53292e-15
 8.59235e-08 3.23888e-06 7.19894e-05 0.000943509 0.00729278 0.0332689 0.0899082 0.146557 0.156092 0.139224 0.13516 0.123228 0.0882363 0.0498263 0.0218369 0.00677135 0.00138069 0.000182459 1.60827e-05 9.87447e-07 4.32459e-08 1.33582e-09 2.82524e-11 3.97892e-13 3.65411e-15
 1.18793e-07 4.23932e-06 8.92059e-05 0.00110688 0.00810056 0.0350018 0.0897584 0.140015 0.147472 0.138829 0.141879 0.128581 0.0901048 0.049878 0.0212999 0.00641241 0.00128186 0.00016955 1.52353e-05 9.50155e-07 4.09821e-08 1.19879e-09 2.33723e-11 3.00747e-13 2.53492e-15
 1.85227e-07 6.25705e-06 0.000124631 0.00146385 0.0101411 0.0414841 0.100766 0.14922 0.150376 0.137252 0.136116 0.119869 0.0827662 0.0452504 0.0187052 0.00533115 0.000995512 0.000122312 1.02405e-05 6.03232e-07 2.50581e-08 7.16819e-10 1.37242e-11 1.72015e-13 1.38896e-15
 2.82374e-07 9.0286e-06 0.00017022 0.00189241 0.0124097 0.0480647 0.110668 0.156126 0.152522 0.138399 0.13464 0.113242 0.0739864 0.0381723 0.0148823 0.00401184 0.000713078 8.40318e-05 6.77183e-06 3.81765e-07 1.49966e-08 4.01954e-10 7.20037e-12 8.48808e-14 6.49713e-16
 3.33751e-07 1.01007e-05 0.00018025 0.00189691 0.0117783 0.0432559 0.0950572 0.131701 0.138269 0.147909 0.156611 0.130584 0.0824191 0.040741 0.015059 0.00381704 0.000635424 7.00578e-05 5.28882e-06 2.80233e-07 1.03837e-08 2.6293e-10 4.44173e-12 4.91584e-14 3.51428e-16
 6.31073e-07 1.80784e-05 0.000305376 0.00304183 0.0178735 0.0620534 0.128284 0.163649 0.148063 0.129175 0.12219 0.102375 0.0692128 0.036314 0.0135313 0.00332535 0.000528082 5.53071e-05 3.95819e-06 1.9788e-07 6.87175e-09 1.62217e-10 2.549e-12 2.62437e-14 1.74712e-16
 7.73855e-07 2.09862e-05 0.000335593 0.00316487 0.0176139 0.0580363 0.114913 0.145876 0.14628 0.151817 0.148737 0.11136 0.0626737 0.0275978 0.00912222 0.00209318 0.000321883 3.34878e-05 2.40534e-06 1.19595e-07 4.04683e-09 9.12625e-11 1.35093e-12 1.29866e-14 8.02788e-17
 1.25522e-06 3.22285e-05 0.000487935 0.00435651 0.0229525 0.0715563 0.133737 0.158648 0.144939 0.136646 0.128676 0.0991265 0.0599447 0.0277169 0.00899317 0.00190419 0.000257441 2.26815e-05 1.3612e-06 5.79026e-08 1.7571e-09 3.70482e-11 5.23973e-13 4.83172e-15 2.84863e-17
 1.60289e-06 3.89698e-05 0.000558679 0.00472385 0.0235801 0.0698004 0.125065 0.147648 0.14611 0.151658 0.142005 0.101316 0.055373 0.0233601 0.00710005 0.0014486 0.000194082 1.73261e-05 1.05297e-06 4.37861e-08 1.23021e-09 2.2991e-11 2.83238e-13 2.28944e-15 1.20622e-17
#spawning biomass
 39245.9 27307.5 20974.5 12107.1 18230.2 24626.8 34105.9 36561.5 47663.5 50414.8 54583.9 71055.6 85671.5 82472.6 88826.3 91080.5 89386.2 81412 81574.5 89320.3 111657 108961 105200 103241 118739 112908 124432 170355 279184 525667 559825 519712 445319 364478 291860 232903 187939 155054 131700 115465 104355 96841.7 91771.9 88342.3 86113.8 84665.6 83724.5 83113 82715.6 82457.4 82289.6 82180.6 82109.7 82063.7 82033.8 82014.3 82001.7 81993.5 81988.1 81984.7 81982.4 81981 81980 81979.4 81979 81978.7 81978.6 81978.4 81978.4 81978.3 81978.3 81978.3 81978.3 81978.3 81978.3 81978.2 81978.2 81978.2 81978.2 81978.2 81978.2 81978.2 81978.2 81978.2 81978.2 81978.2 81978.2 81978.2 81978.2 81978.2 81978.2 81978.2 81978.2 81978.2 81978.2 81978.2 81978.2 81978.2 81978.2 81978.2 81978.2 81978.2 81978.2 81978.2 81978.2 81978.2 81978.2 81978.2 81978.2 81978.2 81978.2 81978.2 81978.2 81978.2 81978.2 81978.2 81978.2 81978.2 81978.2 81978.2 81978.2 81978.2 81978.2 81978.2 81978.2 81978.2 81978.2 81978.2 0 0 0 0 0 0 0 0 0 0 0 0 0 0 0 0 0 0 0 0 0 0 0 0 0
