SBPRF35
0.819782
Curr Bio
150853
B35
674099
F35
0.212564
FOFL
0.055486
OFL
8308.02
Bzero
234224
#pred survey bio
 14941.8 11237.1 11462.5 15029.2 19912.4 19690.8 22677.9 32474.4 51453.2 64858.5 81513 93942.5 123141 126163 138736 107972 95790.7 102357 108125 107844 123563 113215 124579 118069 127456 140838 147413 149557 6.98571e+06 6.95158e+06 7.47913e+06 7.14538e+06 6.37819e+06 5.49221e+06 4.66308e+06 3.96476e+06 3.4121e+06 2.99163e+06 2.67981e+06 2.45231e+06 2.28792e+06 2.16955e+06 2.08339e+06 2.01996e+06 1.97501e+06 1.94281e+06 1.91949e+06 1.9024e+06 1.88973e+06 1.88024e+06 1.87304e+06 1.86753e+06 1.86327e+06 1.85995e+06 1.85734e+06 1.85528e+06 1.85364e+06 1.85233e+06 1.85128e+06 1.85043e+06 1.84974e+06 1.84919e+06 1.84874e+06 1.84837e+06 1.84807e+06 1.84783e+06 1.84763e+06 1.84747e+06 1.84734e+06 1.84723e+06 1.84714e+06 1.84707e+06 1.84701e+06 1.84696e+06 1.84692e+06 1.84689e+06 1.84687e+06 1.84684e+06 1.84683e+06 1.84681e+06 1.8468e+06 1.84679e+06 1.84678e+06 1.84678e+06 1.84677e+06 1.84677e+06 1.84676e+06 1.84676e+06 1.84676e+06 1.84676e+06 1.84675e+06 1.84675e+06 1.84675e+06 1.84675e+06 1.84675e+06 1.84675e+06 1.84675e+06 1.84675e+06 1.84675e+06 1.84675e+06 1.84675e+06 1.84675e+06 1.84675e+06 1.84675e+06 1.84675e+06 1.84675e+06 1.84675e+06 1.84675e+06 1.84675e+06 1.84675e+06 1.84675e+06 1.84675e+06 1.84675e+06 1.84675e+06 1.84675e+06 1.84675e+06 1.84675e+06 1.84675e+06 1.84675e+06 1.84675e+06 1.84675e+06 1.84675e+06 1.84675e+06 1.84675e+06 1.84675e+06 1.84675e+06 1.84675e+06 1.84675e+06 0 0 0 0 0 0 0 0 0 0 0 0 0 0 0 0 0 0 0 0 0 0 0 0 0
#obs survey bio
 14178.7 11410 12580.2 19068.1 25571.8 25974.9 17124.6 35884.8 58997 97056 118058 93200.1 169336 153905 131055 100230 108228 116125 85417.9 95294.2 124402 126076 145380 155674 127730 131276 145140 178097
#pred catch bio
 10321.9 7212.95 7218.8 8600.32 13597.6 13601 15356.1 20153.3 36638.1 45680 60512 65763.4 98111.9 90132.9 111864 86456.2 74863.1 80342.9 88284.7 83331 106477 92185.6 108585 97877.4 103777 117120 125639 101272 8308.02 57113.9 61017 57700 50832.2 43095.5 35969.4 30057.2 25456.1 22024.7 19540.7 17780.8 16553.6 15707.1 15124.2 14723.5 14458.2 14282.6 14166.3 14089.4 14038.5 14004.7 13982.4 13967.7 13957.9 13951.4 13947.1 13944.3 13942.4 13941.2 13940.3 13939.8 13939.4 13939.2 13939 13938.9 13938.9 13938.8 13938.8 13938.8 13938.8 13938.7 13938.7 13938.7 13938.7 13938.7 13938.7 13938.7 13938.7 13938.7 13938.7 13938.7 13938.7 13938.7 13938.7 13938.7 13938.7 13938.7 13938.7 13938.7 13938.7 13938.7 13938.7 13938.7 13938.7 13938.7 13938.7 13938.7 13938.7 13938.7 13938.7 13938.7 13938.7 13938.7 13938.7 13938.7 13938.7 13938.7 13938.7 13938.7 13938.7 13938.7 13938.7 13938.7 13938.7 13938.7 13938.7 13938.7 13938.7 13938.7 13938.7 13938.7 13938.7 13938.7 13938.7 13938.7 13938.7 13938.7 13938.7 13938.7 0 0 0 0 0 0 0 0 0 0 0 0 0 0 0 0 0 0 0 0 0 0 0 0 0
#obs catch bio
 8818.58 7264.93 7450.29 7451.48 12834.6 12276.2 14749.1 18424 33561 39705.4 51299.2 61105.8 88108.4 78596.4 113163 86680.5 76023.7 75606.6 82806.2 80853.4 98058.8 82835.7 101707 84476.5 88851.1 105214 121489 97812.3
#pred cpue bio
 13454 10061.1 9655.33 12496.8 17444.4 16775.8 18713.8 25849.4 42320.7 52932.2 67546.6 76729.1 100677 104062 118945 92090.3 78713 83818.9 89026.5 87384.9 100952 91021.9 100294 94454.4 102430 113261 118802 119057 5.91821e+06 6.90926e+06 7.4368e+06 7.10305e+06 6.33586e+06 5.44988e+06 4.62075e+06 3.92244e+06 3.36978e+06 2.94931e+06 2.63748e+06 2.40998e+06 2.2456e+06 2.12722e+06 2.04107e+06 1.97764e+06 1.93268e+06 1.90048e+06 1.87716e+06 1.86007e+06 1.84741e+06 1.83791e+06 1.83072e+06 1.82521e+06 1.82095e+06 1.81763e+06 1.81502e+06 1.81296e+06 1.81132e+06 1.81e+06 1.80895e+06 1.8081e+06 1.80742e+06 1.80686e+06 1.80641e+06 1.80605e+06 1.80575e+06 1.8055e+06 1.80531e+06 1.80515e+06 1.80501e+06 1.80491e+06 1.80482e+06 1.80475e+06 1.80469e+06 1.80464e+06 1.8046e+06 1.80457e+06 1.80454e+06 1.80452e+06 1.8045e+06 1.80449e+06 1.80447e+06 1.80446e+06 1.80446e+06 1.80445e+06 1.80444e+06 1.80444e+06 1.80444e+06 1.80443e+06 1.80443e+06 1.80443e+06 1.80443e+06 1.80443e+06 1.80443e+06 1.80442e+06 1.80442e+06 1.80442e+06 1.80442e+06 1.80442e+06 1.80442e+06 1.80442e+06 1.80442e+06 1.80442e+06 1.80442e+06 1.80442e+06 1.80442e+06 1.80442e+06 1.80442e+06 1.80442e+06 1.80442e+06 1.80442e+06 1.80442e+06 1.80442e+06 1.80442e+06 1.80442e+06 1.80442e+06 1.80442e+06 1.80442e+06 1.80442e+06 1.80442e+06 1.80442e+06 1.80442e+06 1.80442e+06 1.80442e+06 1.80442e+06 1.80442e+06 1.80442e+06 1.80442e+06 1.80442e+06 0 0 0 0 0 0 0 0 0 0 0 0 0 0 0 0 0 0 0 0 0 0 0 0 0
#obs cpue bio
 9377.17 8546.09 9665.89 19126.2 18014.8 17877 27618.9 32284.2 57302.2 65885.1 89824.4 83983.5 129578 134360 102045 103258 60578.1 106567 143123 100245 167664 116599 114756 133961 186495 169499 135096 118043
#pred surv len freq
 1.11558e-11 1.21086e-09 7.74947e-08 2.92441e-06 6.5072e-05 0.000853792 0.0066065 0.0301689 0.0815988 0.13309 0.142059 0.128247 0.126683 0.115035 0.0817479 0.0512413 0.0325123 0.0208852 0.0138184 0.00971856 0.00741491 0.00621353 0.00540383 0.00418474 0.00245009
 1.05285e-11 1.14277e-09 7.31371e-08 2.75997e-06 6.14132e-05 0.000805795 0.00623549 0.0284834 0.07716 0.126816 0.139848 0.137265 0.146273 0.133865 0.0897832 0.0495385 0.0270341 0.0150011 0.00837696 0.00483713 0.00300298 0.00209775 0.00161911 0.00119491 0.000697539
 1.38563e-11 1.50397e-09 9.62538e-08 3.63232e-06 8.08238e-05 0.00106045 0.00820509 0.0374566 0.101141 0.163599 0.168277 0.136152 0.118117 0.101522 0.0710067 0.0432487 0.0249113 0.0129522 0.00618409 0.00292242 0.00143073 0.000768585 0.000476215 0.000311215 0.00017362
 1.40282e-11 1.52262e-09 9.74476e-08 3.67737e-06 8.18263e-05 0.00107361 0.00830699 0.0379243 0.102439 0.165979 0.17203 0.142393 0.126319 0.106469 0.0679176 0.0347732 0.0174576 0.00901319 0.00443997 0.00198245 0.000809479 0.000327834 0.000147138 7.53579e-05 3.7267e-05
 1.13879e-11 1.23605e-09 7.91069e-08 2.98525e-06 6.64259e-05 0.000871562 0.00674424 0.0308033 0.0833886 0.136605 0.14857 0.140844 0.145295 0.131199 0.0870436 0.046549 0.0233107 0.0108775 0.00468755 0.00195594 0.000771723 0.000275571 9.27769e-05 3.31338e-05 1.26832e-05
 1.30038e-11 1.41144e-09 9.0332e-08 3.40885e-06 7.58514e-05 0.000995219 0.00770061 0.0351597 0.0950217 0.154372 0.161928 0.139042 0.129509 0.11337 0.0767002 0.0434619 0.0233341 0.0114504 0.0049594 0.00192785 0.000680394 0.000220442 6.50376e-05 1.76804e-05 4.73764e-06
 1.43016e-11 1.5523e-09 9.93471e-08 3.74905e-06 8.34212e-05 0.00109453 0.00846883 0.0386619 0.104412 0.169024 0.174474 0.142608 0.124528 0.104362 0.066731 0.0342802 0.0169215 0.00827045 0.00377151 0.00154026 0.000543716 0.000164719 4.33443e-05 1.00128e-05 2.05994e-06
 1.56087e-11 1.69417e-09 1.08427e-07 4.09169e-06 9.10453e-05 0.00119456 0.00924251 0.0421877 0.11385 0.183629 0.186389 0.144227 0.116578 0.0936174 0.0581758 0.0283988 0.0129009 0.0057097 0.00238204 0.000941119 0.000340399 0.000106181 2.7453e-05 5.81978e-06 1.0199e-06
 1.4241e-11 1.54572e-09 9.89261e-08 3.73316e-06 8.30678e-05 0.0010899 0.00843303 0.0385 0.103997 0.168532 0.174802 0.144979 0.128754 0.107904 0.0672456 0.0321932 0.0140929 0.00591831 0.0022806 0.000814197 0.000269985 8.1087e-05 2.10555e-05 4.46711e-06 7.45582e-07
 1.45612e-11 1.58048e-09 1.0115e-07 3.81711e-06 8.49355e-05 0.0011144 0.00862256 0.0393635 0.106305 0.172077 0.177564 0.144943 0.126137 0.104788 0.0652433 0.0312907 0.0136794 0.0056663 0.0021117 0.000711479 0.000216825 5.90145e-05 1.416e-05 2.89198e-06 4.76154e-07
 1.38942e-11 1.50808e-09 9.65171e-08 3.64226e-06 8.1045e-05 0.00106336 0.00822778 0.037565 0.101499 0.16471 0.171894 0.145254 0.131978 0.111642 0.0695707 0.0331029 0.0143161 0.0058945 0.00218753 0.00072694 0.000213912 5.4645e-05 1.2005e-05 2.23628e-06 3.43518e-07
 1.45092e-11 1.57483e-09 1.00789e-07 3.80347e-06 8.46322e-05 0.00111042 0.00859178 0.0392234 0.105933 0.17152 0.177206 0.1452 0.126953 0.105584 0.0655336 0.0311558 0.0134482 0.00550544 0.00202417 0.000666413 0.000194235 4.86661e-05 1.02564e-05 1.78379e-06 2.5141e-07
 1.44786e-11 1.57151e-09 1.00576e-07 3.79545e-06 8.44536e-05 0.00110808 0.00857366 0.0391408 0.105711 0.171169 0.176882 0.145039 0.126953 0.105716 0.0657979 0.0314793 0.0136997 0.00563532 0.00207199 0.000679091 0.000196288 4.8659e-05 1.0104e-05 1.71033e-06 2.29729e-07
 1.39713e-11 1.51645e-09 9.70525e-08 3.66246e-06 8.14945e-05 0.00106926 0.00827346 0.0377742 0.102074 0.165714 0.173272 0.147211 0.134357 0.11294 0.0683775 0.030232 0.0117602 0.00450238 0.00162385 0.000532571 0.000154074 3.80491e-05 7.83546e-06 1.30973e-06 1.72478e-07
 1.22917e-11 1.33415e-09 8.53854e-08 3.22218e-06 7.16979e-05 0.000940731 0.00727931 0.0332434 0.089942 0.14692 0.157837 0.14481 0.144231 0.127062 0.0807901 0.0394066 0.0172876 0.00687694 0.00233914 0.000705155 0.000194245 4.72985e-05 9.71279e-06 1.61644e-06 2.10966e-07
 1.25539e-11 1.3626e-09 8.72063e-08 3.2909e-06 7.32269e-05 0.00096079 0.00743447 0.0339505 0.091835 0.14985 0.160228 0.145128 0.142558 0.124605 0.0784892 0.0377212 0.0165518 0.00691507 0.00257537 0.000830815 0.000226562 5.1904e-05 1.00982e-05 1.63793e-06 2.11815e-07
 1.42635e-11 1.54816e-09 9.90822e-08 3.73905e-06 8.31988e-05 0.00109162 0.00844633 0.0385607 0.10416 0.168792 0.175051 0.145131 0.12882 0.107899 0.0671589 0.0320361 0.0139063 0.00574042 0.00213662 0.000712429 0.000207607 5.04037e-05 9.87382e-06 1.54099e-06 1.9041e-07
 1.43158e-11 1.55384e-09 9.94458e-08 3.75278e-06 8.35042e-05 0.00109563 0.00847736 0.0387029 0.104551 0.169481 0.17602 0.146552 0.130578 0.108883 0.0663271 0.0299735 0.0120557 0.0047201 0.00171387 0.000564436 0.000164909 4.12278e-05 8.50004e-06 1.38603e-06 1.72835e-07
 1.40656e-11 1.52669e-09 9.77079e-08 3.6872e-06 8.20449e-05 0.00107648 0.00832929 0.0380284 0.10275 0.166725 0.173926 0.146761 0.13293 0.111636 0.0680892 0.0306833 0.0121691 0.00458855 0.00156404 0.000482253 0.000135055 3.31923e-05 6.87803e-06 1.15244e-06 1.49545e-07
 1.46998e-11 1.59552e-09 1.02113e-07 3.85344e-06 8.57441e-05 0.00112501 0.00870466 0.0397388 0.107325 0.173774 0.179532 0.147057 0.128282 0.105734 0.0637568 0.028168 0.010849 0.00399571 0.00133557 0.000398005 0.000105379 2.43169e-05 4.80895e-06 7.89876e-07 1.03001e-07
 1.43803e-11 1.56085e-09 9.98941e-08 3.76969e-06 8.38806e-05 0.00110056 0.00851556 0.0388771 0.105019 0.170216 0.176673 0.146814 0.130487 0.108642 0.0660403 0.0296259 0.0116365 0.00430587 0.00141562 0.000410694 0.000105641 2.34663e-05 4.39968e-06 6.82203e-07 8.51749e-08
 1.49284e-11 1.62033e-09 1.03701e-07 3.91335e-06 8.70771e-05 0.0011425 0.00883996 0.0403559 0.108983 0.176393 0.181925 0.148192 0.128179 0.104667 0.0618015 0.0258531 0.00908804 0.00310433 0.00100023 0.00029066 7.41418e-05 1.60899e-05 2.91894e-06 4.33897e-07 5.1471e-08
 1.49025e-11 1.61752e-09 1.03521e-07 3.90657e-06 8.69263e-05 0.00114052 0.00882464 0.0402858 0.108792 0.176067 0.181515 0.147682 0.127625 0.104468 0.0623161 0.026768 0.00975212 0.00332254 0.00100267 0.000266478 6.42072e-05 1.36597e-05 2.44822e-06 3.56045e-07 4.08507e-08
 1.50813e-11 1.63693e-09 1.04763e-07 3.95343e-06 8.7969e-05 0.0011542 0.00893047 0.0407685 0.11009 0.178121 0.183413 0.148641 0.127644 0.103666 0.0606766 0.024787 0.0082944 0.00265505 0.00079433 0.000211418 4.90921e-05 9.72725e-06 1.63455e-06 2.29104e-07 2.57253e-08
 1.49429e-11 1.6219e-09 1.03802e-07 3.91715e-06 8.71616e-05 0.00114361 0.00884853 0.0403948 0.109086 0.176543 0.182 0.148057 0.127877 0.104475 0.0619327 0.0261471 0.00922443 0.00302679 0.000873993 0.000218156 4.84946e-05 9.41095e-06 1.53039e-06 2.02704e-07 2.14487e-08
 1.49444e-11 1.62207e-09 1.03812e-07 3.91755e-06 8.71706e-05 0.00114373 0.00884943 0.0403987 0.109094 0.176531 0.181876 0.147677 0.127278 0.104046 0.0620271 0.0266293 0.00970738 0.00331941 0.00100233 0.000259263 5.74606e-05 1.06932e-05 1.65643e-06 2.11298e-07 2.15224e-08
 1.48408e-11 1.61082e-09 1.03092e-07 3.89039e-06 8.65662e-05 0.0011358 0.00878812 0.0401195 0.10835 0.175411 0.181111 0.148042 0.128666 0.105417 0.0625353 0.0264364 0.00940786 0.00318006 0.000974418 0.00026118 6.04592e-05 1.16516e-05 1.81911e-06 2.26335e-07 2.211e-08
 1.52936e-11 1.65997e-09 1.06238e-07 4.00909e-06 8.92073e-05 0.00117045 0.00905611 0.0413407 0.111616 0.180437 0.185078 0.148156 0.125199 0.101103 0.0594782 0.0247668 0.00857296 0.00281044 0.000839006 0.000220973 5.12814e-05 1.01385e-05 1.64346e-06 2.1119e-07 2.08699e-08
#obs surv len freq
 1.16698e-11 1.26664e-09 8.10651e-08 3.05915e-06 6.80702e-05 0.000893135 0.00691104 0.0315613 0.0853753 0.139243 0.148214 0.132038 0.128781 0.119855 0.0912525 0.0594014 0.0334226 0.0153354 0.00560084 0.00161696 0.000359402 5.93641e-05 7.04425e-06 5.81707e-07 3.24871e-08
 8.32186e-12 9.0326e-10 5.78086e-08 2.18152e-06 4.85423e-05 0.000636942 0.0049297 0.0225366 0.0612701 0.102271 0.119195 0.130683 0.152048 0.149569 0.114631 0.0740537 0.0409835 0.0183761 0.00651066 0.00180598 0.000381937 5.95165e-05 6.61641e-06 5.09067e-07 2.63742e-08
 1.84977e-11 2.00775e-09 1.28495e-07 4.84902e-06 0.000107897 0.00141564 0.0109524 0.0499757 0.134624 0.215089 0.208373 0.134852 0.078425 0.0562977 0.0449254 0.0328081 0.019383 0.00874316 0.00302508 0.00080788 0.000162969 2.40228e-05 2.50697e-06 1.79913e-07 8.65167e-09
 8.42396e-12 9.14342e-10 5.85178e-08 2.20829e-06 4.91386e-05 0.000644801 0.00499175 0.0228451 0.0624042 0.1062 0.131515 0.157379 0.184384 0.162525 0.0968075 0.0427111 0.0172486 0.00697572 0.00247982 0.000679745 0.000135513 1.91782e-05 1.89076e-06 1.27034e-07 5.68543e-09
 1.41505e-11 1.5359e-09 9.82975e-08 3.70945e-06 8.25402e-05 0.00108298 0.00837963 0.0382559 0.103295 0.166795 0.169207 0.129116 0.104072 0.0958577 0.0828091 0.0580574 0.0294742 0.0102944 0.0025905 0.00052393 8.94172e-05 1.19652e-05 1.14097e-06 7.33647e-08 3.09681e-09
 1.19533e-11 1.29742e-09 8.30345e-08 3.13348e-06 6.97249e-05 0.000914885 0.00708064 0.0323601 0.0877964 0.144768 0.15922 0.148948 0.143257 0.120514 0.0780915 0.042636 0.0214695 0.00918453 0.00292882 0.000648353 9.83848e-05 1.05017e-05 8.12461e-07 4.53238e-08 1.74956e-09
 1.65061e-11 1.79158e-09 1.14661e-07 4.32696e-06 9.62808e-05 0.00126327 0.00977473 0.0446256 0.120484 0.194348 0.195653 0.143438 0.102886 0.0787141 0.0545932 0.0318701 0.0149346 0.00539619 0.00152088 0.000336314 5.53032e-05 6.30008e-06 4.76728e-07 2.36789e-08 7.744e-10
 1.34852e-11 1.4637e-09 9.36765e-08 3.53508e-06 7.86613e-05 0.00103215 0.00798832 0.0365082 0.0990159 0.162797 0.17617 0.156222 0.138758 0.108649 0.0645401 0.0303196 0.0122824 0.00421849 0.00114396 0.000233462 3.49346e-05 3.74641e-06 2.79098e-07 1.39168e-08 4.49757e-10
 1.42376e-11 1.54535e-09 9.89025e-08 3.73229e-06 8.30494e-05 0.00108972 0.0084334 0.0385319 0.104367 0.170545 0.180056 0.149814 0.125275 0.100138 0.06609 0.0351321 0.014634 0.00454722 0.00104837 0.000184006 2.4562e-05 2.39795e-06 1.63657e-07 7.5492e-09 2.29569e-10
 1.42441e-11 1.54607e-09 9.89482e-08 3.73402e-06 8.30883e-05 0.00109025 0.00843805 0.0385626 0.104543 0.171355 0.18249 0.153947 0.128372 0.0991289 0.0619515 0.0314897 0.0131029 0.00423398 0.00101119 0.000173831 2.11659e-05 1.80782e-06 1.0744e-07 4.37714e-09 1.19467e-10
 1.28568e-11 1.39548e-09 8.93108e-08 3.37034e-06 7.49967e-05 0.000984117 0.00761807 0.0348406 0.0947213 0.156915 0.173016 0.157242 0.140589 0.111144 0.0692587 0.0344585 0.0137524 0.00422637 0.000970115 0.000163477 1.9689e-05 1.63959e-06 9.19124e-08 3.40891e-09 8.27125e-11
 1.41142e-11 1.53197e-09 9.80459e-08 3.69998e-06 8.23315e-05 0.00108035 0.00836227 0.0382289 0.103743 0.170495 0.182446 0.154101 0.12753 0.098943 0.0635789 0.0329424 0.0133592 0.00404707 0.000895767 0.00014368 1.64226e-05 1.30384e-06 7.00469e-08 2.48782e-09 5.72719e-11
 1.35385e-11 1.46948e-09 9.40467e-08 3.54907e-06 7.89745e-05 0.00103635 0.00802308 0.0367018 0.0998317 0.1654 0.181303 0.160193 0.136127 0.102837 0.0620621 0.0301372 0.011788 0.00354894 0.000787607 0.000125137 1.38772e-05 1.05024e-06 5.32403e-08 1.77801e-09 3.85006e-11
 1.13645e-11 1.23351e-09 7.89447e-08 2.97918e-06 6.62953e-05 0.000870058 0.00673855 0.0308736 0.0844596 0.142757 0.166027 0.16398 0.153639 0.12141 0.0746749 0.0361088 0.013603 0.00385208 0.000802346 0.00012121 1.29554e-05 9.49002e-07 4.63171e-08 1.47448e-09 3.01393e-11
 9.24562e-12 1.00353e-09 6.42261e-08 2.42377e-06 5.39379e-05 0.000707985 0.00548623 0.0251844 0.0693663 0.119919 0.148174 0.161552 0.164885 0.139524 0.092434 0.0476857 0.0185506 0.00524536 0.00106128 0.000152318 1.52654e-05 1.046e-06 4.79594e-08 1.44185e-09 2.79056e-11
 1.21445e-11 1.31817e-09 8.43632e-08 3.18367e-06 7.08457e-05 0.000929768 0.00720034 0.0329719 0.08996 0.150289 0.167865 0.152995 0.13651 0.113693 0.079335 0.0436411 0.0179433 0.00530869 0.00110712 0.00015992 1.56979e-05 1.02917e-06 4.44142e-08 1.24528e-09 2.24012e-11
 1.17604e-11 1.27649e-09 8.16957e-08 3.08304e-06 6.86091e-05 0.000900537 0.00697721 0.0320008 0.0877731 0.149066 0.173512 0.167239 0.148812 0.11265 0.0684951 0.0339464 0.0134845 0.00405439 0.000874238 0.000129991 1.29543e-05 8.47493e-07 3.58385e-08 9.67719e-10 1.6519e-11
 1.24609e-11 1.35251e-09 8.65614e-08 3.26666e-06 7.26956e-05 0.000954176 0.00739255 0.0338974 0.0928548 0.156811 0.179113 0.166264 0.143392 0.108006 0.0653736 0.0309572 0.0111943 0.00302119 0.000599024 8.50588e-05 8.32647e-06 5.41344e-07 2.2731e-08 6.04958e-10 1.00765e-11
 1.17476e-11 1.2751e-09 8.16073e-08 3.07975e-06 6.85393e-05 0.000899758 0.00697433 0.0320291 0.0881567 0.150935 0.178002 0.172613 0.151428 0.111526 0.0647265 0.0293376 0.0101612 0.00259569 0.000476351 6.15938e-05 5.49597e-06 3.3052e-07 1.30747e-08 3.32616e-10 5.33976e-12
 1.20816e-11 1.31135e-09 8.39278e-08 3.16734e-06 7.04896e-05 0.000925393 0.00717353 0.0329462 0.090654 0.154825 0.180763 0.171592 0.147851 0.108839 0.0635307 0.0285153 0.00954554 0.00231455 0.000398873 4.80059e-05 3.94879e-06 2.17093e-07 7.82203e-09 1.8167e-10 2.681e-12
 1.28278e-11 1.39235e-09 8.91117e-08 3.363e-06 7.4845e-05 0.000982602 0.00761742 0.0349852 0.096214 0.163772 0.188655 0.173202 0.142488 0.100478 0.0565632 0.0246521 0.00805419 0.00190205 0.000315811 3.60747e-05 2.77809e-06 1.4154e-07 4.69195e-09 9.97342e-11 1.34237e-12
 1.20856e-11 1.31179e-09 8.39566e-08 3.16852e-06 7.05224e-05 0.000926063 0.00718396 0.0330598 0.0914326 0.157958 0.187797 0.179566 0.150185 0.103782 0.0559099 0.0230884 0.00714692 0.00160553 0.000254391 2.77259e-05 2.02886e-06 9.75308e-08 3.02569e-09 5.97309e-11 7.41979e-13
 1.28186e-11 1.39135e-09 8.90489e-08 3.36072e-06 7.48006e-05 0.00098224 0.00761918 0.0350469 0.0967346 0.165877 0.193021 0.177551 0.143495 0.097921 0.05251 0.0212839 0.00632088 0.0013386 0.000198286 2.01774e-05 1.38108e-06 6.22128e-08 1.80902e-09 3.34226e-11 3.87458e-13
 1.20427e-11 1.30714e-09 8.36604e-08 3.15748e-06 7.02849e-05 0.000923235 0.00716791 0.0330534 0.0918462 0.160127 0.192539 0.184078 0.150591 0.100446 0.0517904 0.0201929 0.00579921 0.00118682 0.000168332 1.61893e-05 1.03575e-06 4.33278e-08 1.16714e-09 1.99755e-11 2.14689e-13
 1.21872e-11 1.32283e-09 8.46653e-08 3.19547e-06 7.1134e-05 0.000934496 0.00725716 0.0334809 0.0930918 0.162266 0.194309 0.183881 0.149001 0.0990667 0.0507659 0.0193525 0.00533214 0.00103493 0.00013868 1.2589e-05 7.58728e-07 2.97739e-08 7.4829e-10 1.18871e-11 1.18123e-13
 1.08347e-11 1.17604e-09 7.52721e-08 2.84118e-06 6.32612e-05 0.000831578 0.00646861 0.0299758 0.0843103 0.15101 0.190331 0.191343 0.160172 0.106134 0.0532158 0.0197387 0.00527733 0.00098809 0.000126503 1.08607e-05 6.14317e-07 2.25241e-08 5.27688e-10 7.80191e-12 7.20367e-14
 1.09229e-11 1.18561e-09 7.5886e-08 2.86443e-06 6.37828e-05 0.000838535 0.00652406 0.0302389 0.0850187 0.151848 0.18986 0.189063 0.158618 0.106885 0.0544735 0.020196 0.00528742 0.000955155 0.000116962 9.54817e-06 5.10766e-07 1.76133e-08 3.86072e-10 5.31756e-12 4.55952e-14
 1.12371e-11 1.21973e-09 7.80712e-08 2.94705e-06 6.56291e-05 0.000863007 0.00671771 0.0311645 0.0877324 0.156732 0.194823 0.190383 0.155107 0.101526 0.05062 0.0185049 0.004793 0.000853208 0.000101921 8.01754e-06 4.088e-07 1.33281e-08 2.74639e-10 3.54137e-12 2.83338e-14
#pred catch len freq
 9.62152e-12 1.04432e-09 6.68366e-08 2.52221e-06 5.61226e-05 0.000736379 0.00569834 0.0260302 0.07052 0.11595 0.128092 0.12639 0.136029 0.127451 0.0911997 0.0572325 0.0363184 0.0233303 0.0154361 0.0108564 0.008283 0.00694097 0.00603649 0.00467466 0.00273694
 8.77525e-12 9.5247e-10 6.09579e-08 2.30037e-06 5.11866e-05 0.000671626 0.00519775 0.0237548 0.0645116 0.107324 0.124334 0.136391 0.158966 0.149809 0.101116 0.0558545 0.0304852 0.0169163 0.00944646 0.00545469 0.00338638 0.00236557 0.00182583 0.00134747 0.000786595
 1.20714e-11 1.31024e-09 8.38551e-08 3.16443e-06 7.04128e-05 0.000923865 0.00714862 0.0326424 0.0882597 0.143718 0.15231 0.134786 0.130342 0.117397 0.0830133 0.0506562 0.0291842 0.015174 0.00724493 0.00342374 0.00167617 0.00090043 0.000557907 0.000364602 0.000203404
 1.19749e-11 1.29976e-09 8.31846e-08 3.13913e-06 6.985e-05 0.000916485 0.00709171 0.0323872 0.0876325 0.143203 0.154106 0.142048 0.142263 0.12603 0.0813416 0.0417369 0.02096 0.0108217 0.00533085 0.00238023 0.000971902 0.000393614 0.000176662 9.04785e-05 4.47447e-05
 9.84705e-12 1.0688e-09 6.84032e-08 2.58133e-06 5.74383e-05 0.000753648 0.00583223 0.0266478 0.0722761 0.119502 0.13507 0.140453 0.157078 0.145828 0.0973408 0.0521126 0.0261006 0.0121794 0.00524863 0.00219005 0.000864094 0.000308555 0.000103882 3.70998e-05 1.42013e-05
 1.15306e-11 1.25154e-09 8.00984e-08 3.02267e-06 6.72584e-05 0.000882483 0.00682864 0.0311865 0.0843945 0.137999 0.148916 0.138379 0.140325 0.12703 0.0866047 0.0491408 0.0263873 0.0129489 0.00560842 0.00218014 0.000769434 0.00024929 7.35487e-05 1.99942e-05 5.35763e-06
 1.28212e-11 1.39161e-09 8.9063e-08 3.36096e-06 7.47859e-05 0.000981243 0.00759259 0.0346694 0.0937364 0.152604 0.161559 0.142385 0.136074 0.11854 0.0764994 0.0393658 0.0194364 0.00949983 0.00433213 0.00176921 0.000624538 0.000189204 4.97873e-05 1.15012e-05 2.36615e-06
 1.39375e-11 1.51278e-09 9.68176e-08 3.6536e-06 8.12973e-05 0.00106667 0.00825336 0.037681 0.101802 0.165114 0.171908 0.14425 0.130045 0.109965 0.0692163 0.0338709 0.0153923 0.00681252 0.00284213 0.0011229 0.000406147 0.00012669 3.27556e-05 6.94387e-06 1.2169e-06
 1.2968e-11 1.40755e-09 9.00828e-08 3.39945e-06 7.56422e-05 0.000992479 0.00767955 0.0350671 0.09482 0.154435 0.163805 0.145089 0.13916 0.120472 0.0756601 0.0362747 0.0158831 0.00667022 0.00257034 0.00091764 0.000304287 9.1389e-05 2.37306e-05 5.03465e-06 8.40308e-07
 1.32629e-11 1.43956e-09 9.21317e-08 3.47677e-06 7.73627e-05 0.00101505 0.00785413 0.0358625 0.0969462 0.1577 0.166348 0.145054 0.136749 0.117611 0.07384 0.0354699 0.01551 0.00642472 0.00239434 0.000806709 0.000245846 6.69134e-05 1.60553e-05 3.27907e-06 5.39886e-07
 1.27895e-11 1.38817e-09 8.88429e-08 3.35266e-06 7.46011e-05 0.00097882 0.00757392 0.034586 0.0935359 0.152479 0.16236 0.145376 0.141049 0.122581 0.0768763 0.0366233 0.0158413 0.00652264 0.00242064 0.000804405 0.000236708 6.04682e-05 1.32843e-05 2.47458e-06 3.80124e-07
 1.3183e-11 1.43089e-09 9.15766e-08 3.45582e-06 7.68966e-05 0.00100894 0.00780684 0.0356472 0.0963728 0.156837 0.165762 0.145348 0.137847 0.118721 0.0743078 0.0353836 0.0152767 0.00625414 0.00229945 0.000757041 0.00022065 5.52844e-05 1.16513e-05 2.02638e-06 2.856e-07
 1.37597e-11 1.49348e-09 9.55827e-08 3.607e-06 8.02604e-05 0.00105307 0.00814817 0.0372022 0.100528 0.163209 0.170675 0.145107 0.132839 0.112824 0.0705585 0.0337876 0.0147062 0.00604943 0.00222425 0.000728995 0.000210712 5.22348e-05 1.08465e-05 1.83601e-06 2.4661e-07
 1.27018e-11 1.37866e-09 8.82341e-08 3.32968e-06 7.40899e-05 0.000972114 0.00752211 0.0343511 0.092925 0.151677 0.162405 0.147593 0.145153 0.125766 0.076688 0.0339534 0.0132107 0.00505784 0.00182418 0.000598275 0.000173083 4.27432e-05 8.80213e-06 1.47131e-06 1.93757e-07
 1.15667e-11 1.25545e-09 8.03489e-08 3.03212e-06 6.74688e-05 0.000885247 0.00685018 0.0312882 0.0847152 0.13889 0.151566 0.144853 0.15013 0.134214 0.0856224 0.0417896 0.0183347 0.0072935 0.00248084 0.00074787 0.000206011 5.01636e-05 1.03011e-05 1.71435e-06 2.23745e-07
 1.17942e-11 1.28015e-09 8.19295e-08 3.09177e-06 6.87961e-05 0.00090266 0.00698486 0.031902 0.086359 0.141438 0.153666 0.145194 0.148768 0.132107 0.0835162 0.0401644 0.0176256 0.00736376 0.00274248 0.000884723 0.000241263 5.52718e-05 1.07534e-05 1.74421e-06 2.25559e-07
 1.34321e-11 1.45793e-09 9.33073e-08 3.52113e-06 7.83497e-05 0.001028 0.00795429 0.0363189 0.0981677 0.159588 0.167874 0.145216 0.135635 0.116125 0.072659 0.0346943 0.0150624 0.00621774 0.00231428 0.00077167 0.00022487 5.4595e-05 1.06949e-05 1.66913e-06 2.06243e-07
 1.35123e-11 1.46663e-09 9.38643e-08 3.54215e-06 7.88175e-05 0.00103414 0.0080018 0.0365362 0.0987603 0.160593 0.169125 0.146749 0.137342 0.116954 0.0716038 0.0323897 0.0130295 0.00510144 0.00185233 0.000610039 0.000178233 4.45587e-05 9.18678e-06 1.49801e-06 1.86799e-07
 1.34696e-11 1.462e-09 9.35676e-08 3.53095e-06 7.85684e-05 0.00103087 0.00797653 0.0364212 0.098454 0.160132 0.168814 0.146916 0.137962 0.117637 0.0720103 0.032473 0.0128804 0.0048568 0.00165547 0.000510445 0.000142951 3.51327e-05 7.28012e-06 1.21982e-06 1.58288e-07
 1.38373e-11 1.5019e-09 9.61216e-08 3.62733e-06 8.07129e-05 0.00105901 0.00819415 0.0374129 0.101109 0.164237 0.17215 0.147323 0.135628 0.114462 0.0694168 0.030703 0.0118275 0.00435616 0.00145605 0.000433909 0.000114886 2.65106e-05 5.24278e-06 8.61132e-07 1.12293e-07
 1.41229e-11 1.5329e-09 9.81055e-08 3.7022e-06 8.23787e-05 0.00108086 0.00836317 0.0381828 0.103163 0.167368 0.174466 0.146884 0.132666 0.111239 0.0677347 0.0303961 0.0119396 0.00441807 0.00145251 0.000421396 0.000108394 2.40778e-05 4.51433e-06 6.9998e-07 8.73944e-08
 1.43534e-11 1.55793e-09 9.9707e-08 3.76263e-06 8.37235e-05 0.0010985 0.00849967 0.0388056 0.10484 0.170042 0.177031 0.148443 0.133189 0.110562 0.0655463 0.0274416 0.00964775 0.00329557 0.00106185 0.000308566 7.87093e-05 1.70812e-05 3.09876e-06 4.60627e-07 5.46419e-08
 1.47274e-11 1.59852e-09 1.02305e-07 3.86068e-06 8.59051e-05 0.00112712 0.00872102 0.0398137 0.10753 0.174133 0.180021 0.147749 0.129136 0.106255 0.0634629 0.0272675 0.00993451 0.00338469 0.00102143 0.000271463 6.54084e-05 1.39152e-05 2.49402e-06 3.62706e-07 4.16149e-08
 1.46129e-11 1.58609e-09 1.01509e-07 3.83065e-06 8.52369e-05 0.00111836 0.00865325 0.0395055 0.106715 0.172949 0.179436 0.148872 0.131766 0.108498 0.0637207 0.0260483 0.00871749 0.00279052 0.00083486 0.000222205 5.1597e-05 1.02236e-05 1.71796e-06 2.40794e-07 2.70379e-08
 1.43684e-11 1.55955e-09 9.98108e-08 3.76655e-06 8.38107e-05 0.00109965 0.00850851 0.0388458 0.104947 0.170196 0.177108 0.148301 0.132873 0.110362 0.0656885 0.027755 0.00979298 0.0032134 0.000927878 0.000231606 5.14845e-05 9.99117e-06 1.62474e-06 2.15201e-07 2.27711e-08
 1.44876e-11 1.57248e-09 1.00639e-07 3.7978e-06 8.45059e-05 0.00110877 0.00857905 0.0391669 0.105802 0.171483 0.177979 0.147852 0.131222 0.108707 0.0650187 0.0279317 0.0101832 0.00348216 0.00105148 0.000271976 6.0278e-05 1.12176e-05 1.73765e-06 2.21658e-07 2.25777e-08
 1.45259e-11 1.57664e-09 1.00905e-07 3.80784e-06 8.47294e-05 0.0011117 0.00860174 0.0392704 0.106081 0.171932 0.178428 0.148174 0.131401 0.108641 0.0645918 0.0273179 0.00972226 0.00328636 0.00100699 0.000269911 6.24802e-05 1.20411e-05 1.87992e-06 2.33901e-07 2.28491e-08
 1.3906e-11 1.50936e-09 9.65991e-08 3.64535e-06 8.11139e-05 0.00106427 0.00823488 0.0375993 0.101618 0.16511 0.173274 0.148782 0.137321 0.115357 0.0685242 0.0285885 0.00989905 0.00324529 0.000968826 0.000255165 5.92162e-05 1.17072e-05 1.89775e-06 2.43868e-07 2.40991e-08
#obs catch len freq
 9.82619e-12 1.06654e-09 6.82585e-08 2.57587e-06 5.73168e-05 0.000752054 0.00581983 0.0265886 0.0720662 0.118657 0.131409 0.12963 0.139812 0.1354 0.104549 0.0687682 0.0390989 0.0181558 0.00672833 0.00197433 0.000446295 7.49779e-05 9.04755e-06 7.59525e-07 4.3107e-08
 1.00412e-11 1.08988e-09 6.97524e-08 2.63224e-06 5.85713e-05 0.000768517 0.00594734 0.0271731 0.0736666 0.121354 0.134377 0.131729 0.14012 0.134044 0.102518 0.0665295 0.0369988 0.0166739 0.00595069 0.00166804 0.000357497 5.65533e-05 6.38575e-06 4.98891e-07 2.62288e-08
 7.08671e-12 7.69196e-10 4.92285e-08 1.85774e-06 4.1338e-05 0.000542431 0.00419895 0.0192112 0.0524199 0.0888803 0.109259 0.131344 0.161256 0.160317 0.12283 0.078926 0.043096 0.018948 0.00654882 0.00176073 0.000358467 5.34193e-05 5.64382e-06 4.10378e-07 1.99974e-08
 1.75301e-11 1.90273e-09 1.21774e-07 4.59539e-06 0.000102253 0.0013416 0.0103798 0.047368 0.12766 0.204396 0.199852 0.133912 0.0842436 0.0645093 0.0523145 0.0379087 0.0219988 0.00970416 0.00326929 0.000844865 0.000163802 2.30564e-05 2.28376e-06 1.54726e-07 6.99224e-09
 7.48425e-12 8.12345e-10 5.19901e-08 1.96196e-06 4.36578e-05 0.000572909 0.00443618 0.0203223 0.0557473 0.0964731 0.125516 0.160694 0.193589 0.170155 0.100453 0.0440629 0.0176871 0.00703274 0.00242924 0.000642089 0.000122717 1.65558e-05 1.54721e-06 9.80341e-08 4.11966e-09
 1.32174e-11 1.43463e-09 9.18158e-08 3.46485e-06 7.70978e-05 0.00101159 0.00782762 0.0357438 0.0966059 0.156631 0.161436 0.128974 0.110555 0.104582 0.0901266 0.0620801 0.0307341 0.0104532 0.00256256 0.000502952 8.24728e-05 1.05029e-05 9.47324e-07 5.7362e-08 2.27151e-09
 1.11791e-11 1.21339e-09 7.76567e-08 2.93054e-06 6.52095e-05 0.00085566 0.00662301 0.0302827 0.0823167 0.13675 0.154144 0.1512 0.150227 0.126781 0.0817537 0.0443537 0.0219878 0.00914746 0.00281425 0.000598516 8.7005e-05 8.86029e-06 6.49715e-07 3.41135e-08 1.23308e-09
 1.59221e-11 1.7282e-09 1.10604e-07 4.17387e-06 9.28747e-05 0.0012186 0.00942947 0.0430574 0.116338 0.188219 0.191532 0.144623 0.107879 0.0838405 0.0579289 0.0333364 0.015282 0.00538078 0.00147112 0.000312961 4.91016e-05 5.30837e-06 3.79835e-07 1.77772e-08 5.45516e-10
 1.29431e-11 1.40486e-09 8.99107e-08 3.39297e-06 7.54997e-05 0.000990689 0.00766819 0.0350587 0.0952269 0.157431 0.173313 0.158782 0.14413 0.112654 0.0662703 0.0307612 0.0122322 0.00408867 0.00107158 0.000210095 3.0022e-05 3.05545e-06 2.14794e-07 1.00638e-08 3.04705e-10
 1.38033e-11 1.49822e-09 9.58862e-08 3.61847e-06 8.05171e-05 0.00105651 0.00817707 0.037372 0.10134 0.166275 0.177794 0.151833 0.129607 0.103613 0.0676824 0.0353404 0.0143482 0.00432595 0.000964452 0.000162765 2.07365e-05 1.91934e-06 1.23534e-07 5.35024e-09 1.52198e-10
 1.39041e-11 1.50916e-09 9.65859e-08 3.64488e-06 8.11052e-05 0.00106425 0.00823756 0.0376583 0.102209 0.168189 0.181188 0.156124 0.131943 0.101472 0.0627042 0.0313412 0.0127186 0.00397986 0.000915303 0.000150728 1.74933e-05 1.41701e-06 7.94433e-08 3.0378e-09 7.75024e-11
 1.25835e-11 1.36583e-09 8.7413e-08 3.29873e-06 7.34038e-05 0.000963246 0.00745736 0.0341196 0.0928933 0.154596 0.172543 0.159705 0.143732 0.112708 0.0692928 0.0338307 0.0131493 0.00391153 0.000864375 0.000139362 1.59625e-05 1.25786e-06 6.64496e-08 2.31378e-09 5.25189e-11
 1.39172e-11 1.51058e-09 9.66774e-08 3.64834e-06 8.1183e-05 0.00106531 0.00824661 0.0377122 0.102451 0.16894 0.182384 0.156222 0.130007 0.100071 0.0633798 0.0321437 0.0126627 0.00370596 0.000788516 0.000120882 1.31283e-05 9.85191e-07 4.9806e-08 1.65846e-09 3.56885e-11
 1.34118e-11 1.45573e-09 9.31668e-08 3.51587e-06 7.82366e-05 0.0010267 0.00794929 0.0363781 0.0990713 0.164724 0.182057 0.162478 0.137933 0.102967 0.0611746 0.0290917 0.011056 0.00321183 0.000683711 0.000103599 1.08989e-05 7.7882e-07 3.71213e-08 1.16128e-09 2.34824e-11
 1.12956e-11 1.22603e-09 7.84664e-08 2.96115e-06 6.58949e-05 0.000864849 0.00669934 0.0307107 0.084153 0.142874 0.16762 0.166648 0.155162 0.120851 0.0730251 0.0344881 0.0125984 0.00343979 0.000687052 9.89137e-05 1.00151e-05 6.91558e-07 3.16914e-08 9.44189e-10 1.80123e-11
 9.23014e-12 1.00185e-09 6.41188e-08 2.41973e-06 5.38493e-05 0.000706875 0.00547893 0.0251693 0.0694703 0.120725 0.150451 0.164585 0.166465 0.138737 0.0901526 0.0452932 0.0170405 0.0046358 0.000897811 0.000122647 1.16352e-05 7.50993e-07 3.22988e-08 9.07675e-10 1.63762e-11
 1.21782e-11 1.32183e-09 8.45975e-08 3.19252e-06 7.10437e-05 0.00093241 0.00722181 0.0330839 0.0903709 0.151411 0.17 0.155428 0.137736 0.113041 0.0772662 0.0413126 0.0163976 0.00465725 0.000927274 0.00012719 1.17991e-05 7.27953e-07 2.94506e-08 7.71503e-10 1.29304e-11
 1.18357e-11 1.28465e-09 8.22185e-08 3.10279e-06 6.90501e-05 0.000906384 0.00702385 0.0322323 0.088534 0.150829 0.176289 0.169623 0.148991 0.110826 0.0661019 0.0319386 0.0122598 0.00353404 0.000725812 0.000102228 9.6065e-06 5.90363e-07 2.33747e-08 5.89303e-10 9.36949e-12
 1.25751e-11 1.36491e-09 8.73552e-08 3.29664e-06 7.33643e-05 0.000963013 0.00746233 0.034234 0.0938908 0.158958 0.182089 0.168517 0.143311 0.105854 0.0626168 0.0288047 0.0100546 0.00260417 0.000492212 6.61632e-05 6.09618e-06 3.71507e-07 1.45777e-08 3.61699e-10 5.60571e-12
 1.1892e-11 1.29077e-09 8.26107e-08 3.11765e-06 6.93846e-05 0.000910929 0.00706251 0.0324532 0.0894484 0.153539 0.181413 0.174884 0.150871 0.108819 0.0616825 0.0271351 0.00905583 0.00221523 0.000387026 4.73634e-05 3.97778e-06 2.24085e-07 8.27227e-09 1.95842e-10 2.92016e-12
 1.22549e-11 1.33016e-09 8.51316e-08 3.2128e-06 7.15035e-05 0.000938781 0.00727893 0.0334491 0.0921538 0.157725 0.184338 0.173788 0.147128 0.105927 0.0602575 0.0261911 0.00843474 0.00195626 0.00032059 3.6478e-05 2.82206e-06 1.45285e-07 4.88415e-09 1.05521e-10 1.4451e-12
 1.30236e-11 1.4136e-09 9.04722e-08 3.41438e-06 7.59909e-05 0.00099773 0.00773639 0.0355505 0.0978788 0.166894 0.192275 0.1751 0.141338 0.097352 0.0533613 0.0225015 0.00706288 0.00159262 0.000251054 2.70806e-05 1.95995e-06 9.34641e-08 2.88994e-09 5.7136e-11 7.13613e-13
 1.23059e-11 1.33571e-09 8.54878e-08 3.22636e-06 7.18127e-05 0.000943112 0.00731825 0.0336993 0.0933189 0.161478 0.191778 0.181429 0.148572 0.100159 0.0524886 0.020956 0.00622727 0.00133446 0.000200504 2.06093e-05 1.4157e-06 6.36447e-08 1.84079e-09 3.37927e-11 3.89525e-13
 1.30553e-11 1.41704e-09 9.06935e-08 3.42285e-06 7.61866e-05 0.00100055 0.0077632 0.03573 0.0987275 0.16951 0.196972 0.179258 0.141773 0.0942306 0.0490432 0.0191783 0.00546015 0.00110212 0.000154712 1.48368e-05 9.52478e-07 4.00878e-08 1.08583e-09 1.86428e-11 2.00458e-13
 1.22996e-11 1.33503e-09 8.54459e-08 3.22495e-06 7.17907e-05 0.00094315 0.00732494 0.0338011 0.0940375 0.164122 0.196801 0.185699 0.148416 0.0963611 0.0482042 0.0181199 0.00498211 0.000970195 0.000130223 1.17925e-05 7.07267e-07 2.76325e-08 6.93047e-10 1.10165e-11 1.09751e-13
 1.24599e-11 1.35244e-09 8.6561e-08 3.26711e-06 7.27333e-05 0.000955651 0.00742397 0.0342741 0.0954051 0.166433 0.198666 0.185464 0.146707 0.0947999 0.0470354 0.017257 0.0045475 0.00083926 0.000106335 9.07986e-06 5.12504e-07 1.877e-08 4.39044e-10 6.47642e-12 5.96479e-14
 1.11165e-11 1.20664e-09 7.72319e-08 2.91527e-06 6.4917e-05 0.000853528 0.00664247 0.0308093 0.086772 0.15551 0.195079 0.19303 0.157589 0.101468 0.0492352 0.017559 0.00448368 0.000797097 9.63833e-05 7.77769e-06 4.11782e-07 1.40834e-08 3.06907e-10 4.21142e-12 3.60255e-14
 1.12171e-11 1.21756e-09 7.79324e-08 2.94181e-06 6.55123e-05 0.000861467 0.00670565 0.0311079 0.0875728 0.156479 0.19473 0.190893 0.156116 0.102054 0.0502199 0.0178686 0.00446258 0.000764723 8.83583e-05 6.7733e-06 3.38869e-07 1.08938e-08 2.22029e-10 2.83753e-12 2.25363e-14
#spawning biomass
 15004 11285.6 11539.3 15136.4 20014.8 19813.6 22846 32757 51839.6 65364.2 82102.6 94672 124093 127095 139562 108636 96513.4 103141 108931 108711 124520 114156 125609 119071 128517 142008 148626 150853 200869 329779 352276 333232 293801 249381 208467 174522 148105 128403 114142 104038 96991.5 92131.5 88784.8 86483.8 84960.7 83952.5 83285.1 82843.3 82550.9 82357.3 82229.2 82144.3 82088.2 82051 82026.4 82010.1 81999.4 81992.2 81987.5 81984.4 81982.3 81980.9 81980 81979.4 81979 81978.8 81978.6 81978.5 81978.4 81978.3 81978.3 81978.3 81978.3 81978.3 81978.3 81978.2 81978.2 81978.2 81978.2 81978.2 81978.2 81978.2 81978.2 81978.2 81978.2 81978.2 81978.2 81978.2 81978.2 81978.2 81978.2 81978.2 81978.2 81978.2 81978.2 81978.2 81978.2 81978.2 81978.2 81978.2 81978.2 81978.2 81978.2 81978.2 81978.2 81978.2 81978.2 81978.2 81978.2 81978.2 81978.2 81978.2 81978.2 81978.2 81978.2 81978.2 81978.2 81978.2 81978.2 81978.2 81978.2 81978.2 81978.2 81978.2 81978.2 81978.2 81978.2 81978.2 0 0 0 0 0 0 0 0 0 0 0 0 0 0 0 0 0 0 0 0 0 0 0 0 0
