SBPRF35
0.819782
Curr Bio
102199
B35
681657
F35
0.233016
FOFL
0
OFL
0
Bzero
234224
#pred survey bio
 8705.19 8575.38 7204 7177.33 10356.3 16621.8 21267.7 26636.7 40309.7 61628.4 85128 118756 130413 130951 141079 139040 117670 124610 126838 126700 123290 121249 121372 115171 132719 130567 142711 146915 123743 2.97975e+06 4.60241e+06 5.18828e+06 5.08719e+06 4.64752e+06 4.10423e+06 3.58796e+06 3.15361e+06 2.8127e+06 2.55639e+06 2.36891e+06 2.2341e+06 2.13809e+06 2.07e+06 2.02124e+06 1.9852e+06 1.95992e+06 1.94196e+06 1.92902e+06 1.91957e+06 1.91257e+06 1.90732e+06 1.90333e+06 1.90026e+06 1.89788e+06 1.89602e+06 1.89454e+06 1.89337e+06 1.89244e+06 1.89168e+06 1.89108e+06 1.89059e+06 1.89019e+06 1.88987e+06 1.88961e+06 1.88939e+06 1.88922e+06 1.88908e+06 1.88896e+06 1.88887e+06 1.88879e+06 1.88872e+06 1.88867e+06 1.88863e+06 1.8886e+06 1.88857e+06 1.88854e+06 1.88852e+06 1.88851e+06 1.8885e+06 1.88849e+06 1.88848e+06 1.88847e+06 1.88846e+06 1.88846e+06 1.88846e+06 1.88845e+06 1.88845e+06 1.88845e+06 1.88845e+06 1.88845e+06 1.88844e+06 1.88844e+06 1.88844e+06 1.88844e+06 1.88844e+06 1.88844e+06 1.88844e+06 1.88844e+06 1.88844e+06 1.88844e+06 1.88844e+06 1.88844e+06 1.88844e+06 1.88844e+06 1.88844e+06 1.88844e+06 1.88844e+06 1.88844e+06 1.88844e+06 1.88844e+06 1.88844e+06 1.88844e+06 1.88844e+06 1.88844e+06 1.88844e+06 1.88844e+06 1.88844e+06 1.88844e+06 1.88844e+06 1.88844e+06 1.88844e+06 1.88844e+06 1.88844e+06 1.88844e+06 1.88844e+06 1.88844e+06 1.88844e+06 1.88844e+06 1.88844e+06 0 0 0 0 0 0 0 0 0 0 0 0 0 0 0 0 0 0 0 0 0 0 0 0 0
#obs survey bio
 8227.3 5339.15 5926.06 7367.95 11566 21745 29602.8 28972.5 39098.1 56614.3 69907.6 147000 105353 99343.4 111119 110622 91915.2 106664 136030 99138.7 125308 85707.5 108537 106653 101325 162200 132799 107468 104480
#pred catch bio
 3203.44 3783.53 3592.26 2762.7 4455.01 10881.1 14804.4 17363.5 25656.8 42547.6 56751.3 86266.8 98245.9 96341.9 104028 111142 87478.1 96724 97243.4 99832.8 98019.9 95722.3 100339 88860.3 110273 103677 113960 126942 103191 0 39683.8 45146.5 43766.1 39371.2 34135.4 29255.1 25216.8 22103.3 19811.2 18177.1 17038.5 16258.4 15730.8 15375.3 15133.5 14976.7 14875 14809.1 14766.3 14738.6 14720.6 14708.9 14701.3 14696.4 14693.2 14691.2 14689.8 14689 14688.4 14688 14687.8 14687.6 14687.5 14687.5 14687.4 14687.4 14687.4 14687.4 14687.4 14687.4 14687.4 14687.4 14687.4 14687.4 14687.4 14687.4 14687.4 14687.4 14687.4 14687.4 14687.4 14687.4 14687.4 14687.4 14687.4 14687.4 14687.4 14687.4 14687.4 14687.4 14687.4 14687.4 14687.4 14687.4 14687.4 14687.4 14687.4 14687.4 14687.4 14687.4 14687.4 14687.4 14687.4 14687.4 14687.4 14687.4 14687.4 14687.4 14687.4 14687.4 14687.4 14687.4 14687.4 14687.4 14687.4 14687.4 14687.4 14687.4 14687.4 14687.4 14687.4 14687.4 14687.4 14687.4 14687.4 14687.4 14687.4 14687.4 14687.4 0 0 0 0 0 0 0 0 0 0 0 0 0 0 0 0 0 0 0 0 0 0 0 0 0
#obs catch bio
 3794.91 3807.34 4481.48 2647.88 3702.88 8425.99 11309.5 13018.1 22148.1 36396.9 45987.8 72110.8 88895.5 89824.9 98245.5 109098 81769.6 90082.8 95493.1 87685.6 86603.5 89917 89059.2 75713.9 95396.6 84974.2 89572.7 109579 90499.9
#pred cpue bio
 7109.37 7707.45 6146.02 4858.81 7096.91 9788.52 11757.8 13664.6 19626.6 31020.5 40882.8 60512.7 69791.9 69377.3 74312.2 79319 60912.9 65184.1 61179.1 65005.4 59407.4 56604.4 57170.2 48592.1 59151.7 52580.8 61613.1 65489.9 48660.9 1.17756e+06 4.40555e+06 5.06327e+06 4.96144e+06 4.52174e+06 3.97845e+06 3.46218e+06 3.02783e+06 2.68692e+06 2.43061e+06 2.24313e+06 2.10832e+06 2.01231e+06 1.94422e+06 1.89546e+06 1.85942e+06 1.83414e+06 1.81618e+06 1.80324e+06 1.79379e+06 1.78679e+06 1.78154e+06 1.77755e+06 1.77448e+06 1.7721e+06 1.77024e+06 1.76876e+06 1.76759e+06 1.76666e+06 1.76591e+06 1.7653e+06 1.76481e+06 1.76441e+06 1.76409e+06 1.76383e+06 1.76361e+06 1.76344e+06 1.7633e+06 1.76318e+06 1.76309e+06 1.76301e+06 1.76295e+06 1.76289e+06 1.76285e+06 1.76282e+06 1.76279e+06 1.76277e+06 1.76275e+06 1.76273e+06 1.76272e+06 1.76271e+06 1.7627e+06 1.76269e+06 1.76269e+06 1.76268e+06 1.76268e+06 1.76267e+06 1.76267e+06 1.76267e+06 1.76267e+06 1.76267e+06 1.76267e+06 1.76266e+06 1.76266e+06 1.76266e+06 1.76266e+06 1.76266e+06 1.76266e+06 1.76266e+06 1.76266e+06 1.76266e+06 1.76266e+06 1.76266e+06 1.76266e+06 1.76266e+06 1.76266e+06 1.76266e+06 1.76266e+06 1.76266e+06 1.76266e+06 1.76266e+06 1.76266e+06 1.76266e+06 1.76266e+06 1.76266e+06 1.76266e+06 1.76266e+06 1.76266e+06 1.76266e+06 1.76266e+06 1.76266e+06 1.76266e+06 1.76266e+06 1.76266e+06 1.76266e+06 1.76266e+06 1.76266e+06 1.76266e+06 1.76266e+06 1.76266e+06 0 0 0 0 0 0 0 0 0 0 0 0 0 0 0 0 0 0 0 0 0 0 0 0 0
#obs cpue bio
 7541.42 7343.08 5672.4 6350.12 14004.8 15798.1 26394.7 28677.3 34328.5 71909.5 99911.7 122568 113359 114550 114721 128357 90732.1 110895 63282.4 140324 101047 92536.4 118190 91864.2 144424 97580.9 163153 162504 95520.8
#pred surv len freq
 1.00318e-11 1.08933e-09 6.97398e-08 2.63233e-06 5.85791e-05 0.0007686 0.00594679 0.0271546 0.073483 0.120302 0.130694 0.123898 0.129303 0.122465 0.0929722 0.0638357 0.0422794 0.0260534 0.0154539 0.00928669 0.00585523 0.00402023 0.00296289 0.00206402 0.00114018
 6.25076e-12 6.78757e-10 4.34547e-08 1.6402e-06 3.65008e-05 0.000478937 0.0037064 0.0169426 0.0460986 0.0774849 0.0935339 0.111696 0.140475 0.144483 0.118074 0.0889475 0.063654 0.0411433 0.0242572 0.0133104 0.00707698 0.00392694 0.0023916 0.00148946 0.000790646
 9.42584e-12 1.02353e-09 6.55276e-08 2.47334e-06 5.50408e-05 0.000722166 0.00558718 0.0255046 0.0689087 0.111937 0.117586 0.102052 0.0995492 0.10046 0.0943429 0.0852394 0.0698121 0.0501386 0.0322023 0.018385 0.00934985 0.00443113 0.00213341 0.00108531 0.000516252
 1.49864e-11 1.62734e-09 1.04184e-07 3.93243e-06 8.75105e-05 0.00114817 0.00888234 0.04053 0.109279 0.175692 0.175971 0.13031 0.0990292 0.0794022 0.0551047 0.036521 0.027681 0.0224048 0.0167447 0.0107703 0.00588496 0.00275427 0.00115169 0.000464515 0.000181584
 1.35481e-11 1.47116e-09 9.41849e-08 3.55501e-06 7.91118e-05 0.00103799 0.00803048 0.0366551 0.0989976 0.160504 0.167074 0.140288 0.126777 0.107924 0.0694419 0.0361383 0.0187452 0.010773 0.00706681 0.00488607 0.00304226 0.00156589 0.00065921 0.000235355 7.48014e-05
 1.59153e-11 1.72821e-09 1.10641e-07 4.17616e-06 9.29345e-05 0.00121934 0.00943292 0.0430434 0.116071 0.186732 0.18759 0.140355 0.10821 0.0863699 0.0569067 0.0317903 0.0167279 0.00805598 0.00365356 0.00180569 0.00101186 0.000554434 0.00025468 9.24473e-05 2.67074e-05
 1.57683e-11 1.71224e-09 1.09619e-07 4.13759e-06 9.20762e-05 0.00120808 0.00934616 0.0426543 0.115115 0.185949 0.190335 0.151445 0.126471 0.0998208 0.0548818 0.0184919 0.00370759 0.000442294 3.28032e-05 2.17623e-06 3.89096e-07 1.51945e-07 6.60766e-08 2.49854e-08 7.31728e-09
 1.6674e-11 1.8106e-09 1.15916e-07 4.37526e-06 9.73651e-05 0.00127747 0.00988274 0.0450981 0.12164 0.195924 0.197897 0.150656 0.11799 0.0901476 0.0491406 0.0165205 0.00330472 0.000390451 2.72085e-05 1.11799e-06 2.70907e-08 3.87389e-10 3.2896e-12 2.12205e-14 1.39827e-15
 1.72359e-11 1.87161e-09 1.19822e-07 4.52268e-06 0.000100646 0.00132051 0.0102156 0.0466139 0.125688 0.202111 0.202586 0.150162 0.112722 0.0841425 0.0455808 0.0153036 0.00306051 0.000361588 2.51993e-05 1.03578e-06 2.51286e-08 3.60847e-10 3.09806e-12 1.64476e-14 5.94071e-17
 1.68846e-11 1.83347e-09 1.1738e-07 4.43052e-06 9.85948e-05 0.0012936 0.0100075 0.0456663 0.123158 0.198243 0.199654 0.150471 0.116015 0.0878966 0.0478063 0.0160644 0.00321319 0.000379634 2.64559e-05 1.08726e-06 2.63623e-08 3.77781e-10 3.21987e-12 1.66806e-14 5.61742e-17
 1.7375e-11 1.88672e-09 1.20789e-07 4.5592e-06 0.000101458 0.00133117 0.010298 0.0469894 0.12669 0.203644 0.203747 0.15004 0.111418 0.0826551 0.0446991 0.0150021 0.00299998 0.000354421 2.46968e-05 1.0147e-06 2.458e-08 3.51058e-10 2.95635e-12 1.46832e-14 4.30495e-17
 1.67496e-11 1.81881e-09 1.16442e-07 4.39509e-06 9.78065e-05 0.00128326 0.00992752 0.045302 0.122185 0.196757 0.198528 0.15059 0.117281 0.0893397 0.0486617 0.0163568 0.00327185 0.000386563 2.69369e-05 1.10674e-06 2.68101e-08 3.82928e-10 3.22534e-12 1.60301e-14 4.71127e-17
 1.61775e-11 1.75668e-09 1.12464e-07 4.24496e-06 9.44656e-05 0.00123943 0.00958858 0.0437584 0.118063 0.190456 0.193753 0.151093 0.122645 0.095455 0.0522869 0.0175961 0.00352057 0.000415967 2.89861e-05 1.19093e-06 2.88488e-08 4.1201e-10 3.46919e-12 1.72222e-14 5.04081e-17
 1.62994e-11 1.76992e-09 1.13312e-07 4.27697e-06 9.51778e-05 0.00124877 0.00966084 0.0440875 0.118942 0.191799 0.194771 0.150985 0.121502 0.0941513 0.051514 0.0173319 0.00346755 0.000409698 2.85492e-05 1.17298e-06 2.84139e-08 4.058e-10 3.41689e-12 1.69625e-14 4.96465e-17
 1.63683e-11 1.77741e-09 1.13791e-07 4.29505e-06 9.55802e-05 0.00125405 0.00970166 0.0442734 0.119438 0.192558 0.195346 0.150925 0.120856 0.0934148 0.0510774 0.0171826 0.00343759 0.000406157 2.83024e-05 1.16284e-06 2.81683e-08 4.02292e-10 3.38737e-12 1.68161e-14 4.92202e-17
 1.53463e-11 1.66642e-09 1.06686e-07 4.02687e-06 8.96122e-05 0.00117576 0.00909618 0.0415158 0.112075 0.181303 0.186816 0.151824 0.130438 0.104339 0.0575533 0.0193964 0.00388189 0.000458684 3.19631e-05 1.31325e-06 3.18118e-08 4.54327e-10 3.8255e-12 1.89911e-14 5.55852e-17
 1.65712e-11 1.79944e-09 1.15202e-07 4.34828e-06 9.67648e-05 0.00126959 0.00982184 0.0448207 0.1209 0.194792 0.197039 0.150746 0.118954 0.0912464 0.049792 0.0167432 0.0033494 0.00039573 2.75758e-05 1.13298e-06 2.74451e-08 3.91963e-10 3.30038e-12 1.63841e-14 4.79532e-17
 1.64499e-11 1.78627e-09 1.14358e-07 4.31646e-06 9.60567e-05 0.0012603 0.00975 0.0444935 0.120026 0.193457 0.196027 0.150853 0.120091 0.0925426 0.0505604 0.0170059 0.00340212 0.000401963 2.80101e-05 1.15083e-06 2.78774e-08 3.98137e-10 3.35237e-12 1.66422e-14 4.8709e-17
 1.73314e-11 1.88198e-09 1.20486e-07 4.54776e-06 0.000101204 0.00132783 0.0102722 0.0468718 0.126376 0.203164 0.203383 0.150078 0.111826 0.0831211 0.0449753 0.0150966 0.00301893 0.000356661 2.4853e-05 1.02111e-06 2.47351e-08 3.5326e-10 2.97449e-12 1.47663e-14 4.32182e-17
 1.66726e-11 1.81044e-09 1.15906e-07 4.37488e-06 9.73568e-05 0.00127736 0.0098819 0.0450942 0.12163 0.195909 0.197885 0.150657 0.118003 0.0901629 0.0491497 0.0165236 0.00330533 0.000390521 2.72127e-05 1.11807e-06 2.70837e-08 3.86802e-10 3.25692e-12 1.61683e-14 4.73218e-17
 1.73416e-11 1.88309e-09 1.20557e-07 4.55043e-06 0.000101263 0.00132861 0.0102782 0.0468992 0.12645 0.203276 0.203468 0.150069 0.111731 0.0830124 0.0449109 0.0150745 0.00301451 0.000356139 2.48165e-05 1.01962e-06 2.46988e-08 3.52742e-10 2.97013e-12 1.47446e-14 4.31549e-17
 1.76513e-11 1.91672e-09 1.2271e-07 4.6317e-06 0.000103072 0.00135234 0.0104617 0.0477349 0.128681 0.206687 0.206053 0.149797 0.108827 0.0797018 0.0429483 0.0144036 0.00287987 0.00034022 2.37071e-05 9.74033e-07 2.35947e-08 3.36972e-10 2.83735e-12 1.40855e-14 4.12256e-17
 1.75656e-11 1.90741e-09 1.22114e-07 4.6092e-06 0.000102571 0.00134577 0.0104109 0.0475036 0.128063 0.205742 0.205338 0.149872 0.109631 0.0806183 0.0434916 0.0145894 0.00291714 0.000344627 2.40142e-05 9.86651e-07 2.39003e-08 3.41338e-10 2.87411e-12 1.42679e-14 4.17597e-17
 1.85353e-11 2.01271e-09 1.28855e-07 4.86364e-06 0.000108233 0.00142005 0.0109854 0.0501198 0.135049 0.216421 0.21343 0.149019 0.10054 0.0702539 0.0373476 0.012489 0.0024956 0.000294791 2.05411e-05 8.43949e-07 2.04435e-08 2.91969e-10 2.45842e-12 1.22043e-14 3.57198e-17
 1.80753e-11 1.96276e-09 1.25658e-07 4.74294e-06 0.000105547 0.00138481 0.0107129 0.0488787 0.131735 0.211355 0.209591 0.149424 0.104852 0.0751704 0.0402621 0.0134853 0.00269557 0.000318432 2.21887e-05 9.11643e-07 2.20833e-08 3.15388e-10 2.65561e-12 1.31832e-14 3.85849e-17
 1.88945e-11 2.05172e-09 1.31353e-07 4.95791e-06 0.000110331 0.00144757 0.0111982 0.0510891 0.137637 0.220377 0.216429 0.148704 0.0971716 0.0664141 0.0350714 0.0117109 0.00233944 0.000276328 1.92544e-05 7.91081e-07 1.91629e-08 2.73679e-10 2.30441e-12 1.14398e-14 3.34822e-17
 1.83474e-11 1.99231e-09 1.27549e-07 4.81435e-06 0.000107136 0.00140566 0.0108741 0.0496129 0.133695 0.214352 0.211862 0.149185 0.102301 0.072262 0.038538 0.0128959 0.00257728 0.000304447 2.1214e-05 8.71598e-07 2.11133e-08 3.01534e-10 2.53896e-12 1.26041e-14 3.68901e-17
 1.80738e-11 1.9626e-09 1.25647e-07 4.74256e-06 0.000105539 0.0013847 0.010712 0.0488748 0.131725 0.211339 0.209579 0.149425 0.104866 0.0751861 0.0402714 0.0134885 0.00269621 0.000318507 2.21939e-05 9.11858e-07 2.20886e-08 3.15462e-10 2.65624e-12 1.31863e-14 3.85941e-17
 1.90678e-11 2.07053e-09 1.32558e-07 5.00338e-06 0.000111343 0.00146085 0.0113009 0.0515566 0.138885 0.222285 0.217875 0.148551 0.0955468 0.0645618 0.0339733 0.0113355 0.0022641 0.000267422 1.86337e-05 7.65579e-07 1.85451e-08 2.64856e-10 2.23012e-12 1.1071e-14 3.24028e-17
#obs surv len freq
 2.4257e-11 2.34353e-09 1.33488e-07 4.48285e-06 8.87578e-05 0.00103612 0.00713233 0.0289738 0.0697531 0.101766 0.100062 0.0915484 0.100505 0.108821 0.106188 0.0951112 0.0749094 0.0519216 0.0325704 0.017971 0.00810452 0.00275653 0.000660023 0.000105666 1.09118e-05
 4.11262e-12 3.83236e-10 2.1055e-08 6.82005e-07 1.30256e-05 0.00014674 0.000977091 0.00388811 0.00977356 0.0192248 0.0414528 0.0886518 0.140902 0.162569 0.156344 0.135797 0.102723 0.0672884 0.0391138 0.0197786 0.00816286 0.00254421 0.000558627 8.20019e-05 7.76141e-06
 8.44032e-11 7.57299e-09 4.00604e-07 1.2494e-05 0.000229734 0.00249051 0.0159183 0.0599888 0.133333 0.175076 0.137266 0.0696845 0.0391788 0.0525547 0.0796093 0.0865122 0.0676758 0.0421684 0.0226357 0.010428 0.00389167 0.00109586 0.000218036 2.91006e-05 2.51044e-06
 1.19114e-10 1.02735e-08 5.22418e-07 1.56623e-05 0.000276842 0.00288511 0.0177299 0.0642969 0.138158 0.179674 0.156262 0.122495 0.107609 0.0815186 0.0461456 0.026884 0.0218069 0.0171855 0.0103241 0.00465583 0.00159228 0.000402819 7.18771e-05 8.63258e-06 6.72927e-07
 1.21559e-10 1.0063e-08 4.91137e-07 1.41325e-05 0.000239762 0.00239832 0.0141487 0.0492999 0.102255 0.131393 0.123843 0.122386 0.133073 0.123029 0.0928363 0.0581658 0.0284662 0.0113146 0.00451125 0.00183973 0.000613373 0.000146025 2.37167e-05 2.55966e-06 1.79084e-07
 2.09759e-10 1.6642e-08 7.78453e-07 2.14683e-05 0.000349063 0.00334631 0.0189175 0.0631276 0.124991 0.150858 0.125706 0.102409 0.101893 0.10104 0.0890372 0.0644423 0.0347187 0.0136218 0.00412825 0.00107427 0.000256523 5.18768e-05 7.69173e-06 7.62683e-07 4.85438e-08
 3.18618e-10 2.41942e-08 1.08315e-06 2.85897e-05 0.000444908 0.0040822 0.0220895 0.0705843 0.134102 0.1569 0.131654 0.112882 0.109896 0.0958409 0.072077 0.0477383 0.0259999 0.0110326 0.00358154 0.000876814 0.000162474 2.33806e-05 2.61574e-06 2.15304e-07 1.20892e-08
 4.19956e-10 3.04817e-08 1.30441e-06 3.29099e-05 0.000489537 0.00429357 0.0222115 0.0679021 0.123888 0.141765 0.123973 0.118368 0.121895 0.107854 0.0806838 0.050269 0.0241737 0.00886653 0.00259729 0.000610904 0.000109185 1.40428e-05 1.26874e-06 8.00673e-08 3.49919e-09
 6.6739e-10 4.62471e-08 1.88942e-06 4.55105e-05 0.000646309 0.0054118 0.0267277 0.0779968 0.135758 0.147746 0.121742 0.109627 0.110607 0.100583 0.0787048 0.0498804 0.0235646 0.0082173 0.00219746 0.000459504 7.36278e-05 8.67257e-06 7.17767e-07 4.02055e-08 1.48771e-09
 9.78842e-10 6.46838e-08 2.5201e-06 5.78868e-05 0.000783952 0.00626014 0.0294892 0.082145 0.137032 0.145632 0.123968 0.118757 0.118344 0.100188 0.0714301 0.0411727 0.017626 0.00551303 0.00131396 0.000244915 3.49173e-05 3.64961e-06 2.68981e-07 1.35214e-08 4.50478e-10
 1.42759e-09 8.98677e-08 3.33537e-06 7.29834e-05 0.000941572 0.00716273 0.032147 0.0853707 0.136191 0.140364 0.120465 0.118785 0.119542 0.102518 0.0734809 0.0409946 0.0162932 0.00455683 0.000941535 0.000150296 1.8464e-05 1.68127e-06 1.0882e-07 4.82926e-09 1.42686e-10
 1.97815e-09 1.18508e-07 4.18579e-06 8.71659e-05 0.00107021 0.00774836 0.0331056 0.0838078 0.128313 0.130676 0.118652 0.12479 0.126423 0.107242 0.0756417 0.0411613 0.0159288 0.00434253 0.000862767 0.00012764 1.39251e-05 1.0959e-06 6.08723e-08 2.3307e-09 5.99572e-11
 2.61807e-09 1.49127e-07 5.00811e-06 9.9159e-05 0.00115758 0.00796931 0.0323906 0.078165 0.115253 0.117817 0.116036 0.131133 0.135983 0.117365 0.0826787 0.0433719 0.0157566 0.00397707 0.000730209 0.00010049 1.022e-05 7.41116e-07 3.71197e-08 1.2546e-09 2.81083e-11
 4.01889e-09 2.1747e-07 6.93796e-06 0.000130499 0.00144726 0.00946555 0.0365534 0.0838623 0.117894 0.116173 0.112588 0.126477 0.132504 0.117322 0.0832807 0.0428202 0.0150637 0.00367274 0.000646887 8.4025e-05 7.93462e-06 5.29714e-07 2.43569e-08 7.53471e-10 1.5348e-11
 5.193e-09 2.66742e-07 8.07799e-06 0.000144232 0.00151844 0.00942911 0.0346029 0.0757815 0.103873 0.107391 0.118305 0.140509 0.143763 0.121835 0.0828975 0.0413199 0.0143682 0.00353291 0.000630823 8.17301e-05 7.5001e-06 4.75201e-07 2.03771e-08 5.81138e-10 1.08426e-11
 8.47475e-09 4.1293e-07 1.18622e-05 0.000200909 0.00200637 0.0118182 0.0411355 0.0853987 0.110666 0.107342 0.111421 0.130191 0.137858 0.122143 0.0833539 0.0398786 0.0130099 0.00299049 0.000505654 6.32911e-05 5.6847e-06 3.52511e-07 1.46414e-08 3.9852e-10 6.99534e-12
 1.26058e-08 5.82281e-07 1.58575e-05 0.000254616 0.00241061 0.013464 0.0444763 0.0880108 0.110848 0.110675 0.122046 0.140429 0.138046 0.112284 0.0714532 0.0325528 0.0102928 0.00231253 0.00037945 4.53399e-05 3.84718e-06 2.25485e-07 8.90461e-09 2.31553e-10 3.88516e-12
 1.94497e-08 8.51261e-07 2.19661e-05 0.00033419 0.00299799 0.0158673 0.0496848 0.0933387 0.112346 0.109249 0.119297 0.136553 0.13562 0.111396 0.0700352 0.03111 0.00962338 0.00213398 0.000346104 4.0517e-05 3.32209e-06 1.85578e-07 6.91037e-09 1.68417e-10 2.64442e-12
 2.77928e-08 1.15209e-06 2.81567e-05 0.000405726 0.00344749 0.0172873 0.0513545 0.0921181 0.10878 0.110728 0.127891 0.144594 0.137057 0.106517 0.0632824 0.0266543 0.00787473 0.00168205 0.000264408 3.00626e-05 2.39017e-06 1.28846e-07 4.59621e-09 1.0642e-10 1.57505e-12
 4.64809e-08 1.82427e-06 4.2213e-05 0.000575915 0.00463329 0.0219972 0.0618628 0.104993 0.117 0.111891 0.122815 0.136143 0.129524 0.10011 0.0575264 0.0229904 0.00639589 0.00128509 0.000190485 2.05021e-05 1.54861e-06 7.94825e-08 2.70058e-09 5.94815e-11 8.35246e-13
 6.27738e-08 2.33213e-06 5.10821e-05 0.000659706 0.00502457 0.0225957 0.0603505 0.098486 0.110719 0.116613 0.137316 0.14735 0.129949 0.0933473 0.0509615 0.0198323 0.0054739 0.0010932 0.000158267 1.62643e-05 1.15571e-06 5.54936e-08 1.76353e-09 3.6384e-11 4.79274e-13
 9.72194e-08 3.41837e-06 7.08646e-05 0.000866174 0.00624389 0.0265776 0.0672115 0.103993 0.111421 0.113287 0.131278 0.142777 0.130015 0.09387 0.0491554 0.0177695 0.00450279 0.000832307 0.00011372 1.11913e-05 7.62716e-07 3.48469e-08 1.0427e-09 2.00886e-11 2.45946e-13
 1.48599e-07 4.94476e-06 9.70106e-05 0.00112219 0.00765636 0.0308575 0.0740238 0.109556 0.115551 0.119915 0.137658 0.141879 0.120741 0.0818518 0.0407384 0.0141713 0.0034744 0.000615895 7.92307e-05 7.24609e-06 4.58391e-07 1.95502e-08 5.49096e-10 9.94799e-12 1.1432e-13
 2.22558e-07 7.00862e-06 0.000130128 0.00142458 0.00919906 0.0351023 0.0798568 0.11289 0.116429 0.121425 0.138218 0.139555 0.116299 0.0766151 0.0368399 0.0124351 0.00298401 0.000518871 6.49054e-05 5.68488e-06 3.39066e-07 1.34679e-08 3.49822e-10 5.84957e-12 6.21272e-14
 2.99861e-07 8.93703e-06 0.000157043 0.0016272 0.00994708 0.0359676 0.0778981 0.106951 0.113674 0.127926 0.148375 0.145467 0.115724 0.0717284 0.0320165 0.00994159 0.00219176 0.000353447 4.16206e-05 3.46868e-06 1.97293e-07 7.43964e-09 1.82036e-10 2.84411e-12 2.80293e-14
 4.24951e-07 1.19877e-05 0.000199381 0.00195545 0.0113161 0.0387605 0.0797534 0.105295 0.111198 0.127223 0.148307 0.146594 0.117187 0.0710681 0.0302334 0.00880299 0.00179803 0.000265863 2.85567e-05 2.17573e-06 1.13972e-07 3.99128e-09 9.12558e-11 1.33595e-12 1.2333e-14
 5.44595e-07 1.45427e-05 0.000228969 0.00212596 0.0116518 0.0378669 0.0745423 0.0973014 0.109357 0.134871 0.157996 0.151839 0.116968 0.0679744 0.0277166 0.00777414 0.00153227 0.000216602 2.18422e-05 1.53524e-06 7.33877e-08 2.3363e-09 4.86205e-11 6.50465e-13 5.51396e-15
 7.48404e-07 1.89207e-05 0.000282035 0.00247936 0.0128689 0.0396533 0.0743899 0.09433 0.106989 0.134381 0.158866 0.154926 0.119392 0.0672296 0.025941 0.00681358 0.00125596 0.000166697 1.58409e-05 1.04799e-06 4.68445e-08 1.38168e-09 2.64074e-11 3.22401e-13 2.48554e-15
 1.20701e-06 2.88933e-05 0.000407802 0.00339451 0.0166839 0.0486899 0.086576 0.10427 0.112661 0.13507 0.153291 0.144405 0.107448 0.0583833 0.0218832 0.00563965 0.00102231 0.000131812 1.19365e-05 7.41526e-07 3.0906e-08 8.47839e-10 1.5047e-11 1.7016e-13 1.21084e-15
#pred catch len freq
 6.16685e-13 6.69647e-11 4.28718e-09 1.61828e-07 3.60214e-06 4.7322e-05 0.000368479 0.00173709 0.0054486 0.0149413 0.0441396 0.110076 0.183025 0.196876 0.153814 0.106557 0.0708394 0.0437028 0.0259277 0.0155806 0.00982346 0.00674482 0.00497091 0.00346284 0.00191291
 3.18491e-13 3.45845e-11 2.21417e-09 8.35812e-08 1.86082e-06 2.4471e-05 0.000191536 0.000925826 0.00320817 0.0109117 0.0381059 0.100517 0.170463 0.188449 0.15665 0.118784 0.0852495 0.0551466 0.0325169 0.0178424 0.00948653 0.00526396 0.00320587 0.00199658 0.00105984
 6.306e-13 6.84757e-11 4.3839e-09 1.65476e-07 3.68303e-06 4.83634e-05 0.000375749 0.00175195 0.00523744 0.0125755 0.0322706 0.0767421 0.130083 0.154106 0.149642 0.136162 0.111716 0.0802628 0.0515512 0.0294312 0.0149674 0.00709339 0.00341517 0.00173738 0.00082642
 1.51545e-12 1.6456e-10 1.05353e-08 3.97664e-07 8.85027e-06 0.000116175 0.00090096 0.00416279 0.0119339 0.0249225 0.0520115 0.110044 0.174162 0.181048 0.133506 0.089747 0.068316 0.0553499 0.0413719 0.0266108 0.0145402 0.00680506 0.0028455 0.00114769 0.000448644
 1.27858e-12 1.38838e-10 8.88861e-09 3.3551e-07 7.46738e-06 9.80473e-05 0.000761369 0.00354092 0.0104641 0.0242295 0.0591654 0.135812 0.217931 0.220873 0.147761 0.0776667 0.0404666 0.023298 0.0152882 0.0105706 0.00658164 0.00338765 0.00142613 0.000509167 0.000161825
 6.59058e-12 7.15659e-10 4.58172e-08 1.72937e-06 3.84854e-05 0.000504989 0.00390845 0.0178765 0.0487804 0.0831173 0.105362 0.136397 0.176912 0.172862 0.119269 0.067091 0.0352931 0.0169871 0.0077022 0.0038063 0.0021329 0.00116869 0.000536838 0.000194868 5.62962e-05
 9.22999e-12 1.00227e-09 6.41661e-08 2.42195e-06 5.38978e-05 0.000707203 0.00547276 0.0250137 0.068013 0.113947 0.135766 0.157189 0.187762 0.169699 0.0963109 0.0326613 0.00655681 0.000782349 5.80091e-05 3.84153e-06 6.85083e-07 2.67425e-07 1.16294e-07 4.39738e-08 1.28783e-08
 9.62395e-12 1.04505e-09 6.69048e-08 2.52533e-06 5.61982e-05 0.000737384 0.00570615 0.0260766 0.0708512 0.118287 0.139058 0.156855 0.184088 0.165502 0.0938109 0.0317913 0.00636949 0.000752785 5.24609e-05 2.15563e-06 5.22344e-08 7.46933e-10 6.34248e-12 4.08667e-14 2.68282e-15
 1.04025e-11 1.12958e-09 7.23169e-08 2.72961e-06 6.0744e-05 0.000797022 0.00616735 0.0281771 0.0764596 0.12686 0.145555 0.156171 0.176789 0.157181 0.0888782 0.0301051 0.00603112 0.0007128 4.96787e-05 2.04199e-06 4.95397e-08 7.1137e-10 6.10693e-12 3.24117e-14 1.1697e-16
 1.13798e-11 1.23571e-09 7.91115e-08 2.98607e-06 6.64511e-05 0.000871896 0.00674636 0.030814 0.0835006 0.137623 0.153712 0.155311 0.167626 0.146734 0.0826854 0.027988 0.00560622 0.000662555 4.61746e-05 1.89766e-06 4.60116e-08 6.59351e-10 5.61938e-12 2.91055e-14 9.79567e-17
 1.17079e-11 1.27134e-09 8.13922e-08 3.07215e-06 6.83668e-05 0.000897028 0.00694072 0.0316992 0.0858641 0.141236 0.15645 0.155023 0.16455 0.143228 0.0806067 0.0272774 0.00546356 0.000645677 4.4995e-05 1.8487e-06 4.47829e-08 6.396e-10 5.38623e-12 2.67516e-14 7.84319e-17
 1.21323e-11 1.31743e-09 8.43429e-08 3.18353e-06 7.08452e-05 0.000929544 0.00719217 0.0328444 0.0889218 0.14591 0.159993 0.15465 0.160571 0.138691 0.0779174 0.026358 0.00527905 0.000623863 4.34748e-05 1.78624e-06 4.32706e-08 6.18033e-10 5.20559e-12 2.58718e-14 7.60362e-17
 1.18071e-11 1.28211e-09 8.20817e-08 3.09818e-06 6.89459e-05 0.000904626 0.00699947 0.0319668 0.0865786 0.142328 0.157278 0.154936 0.16362 0.142168 0.0799783 0.0270625 0.00542044 0.000640579 4.46397e-05 1.8341e-06 4.44287e-08 6.34518e-10 5.34274e-12 2.65232e-14 7.76312e-17
 1.15474e-11 1.25391e-09 8.02766e-08 3.03004e-06 6.74297e-05 0.000884735 0.00684565 0.0312662 0.084708 0.139468 0.155111 0.155164 0.166055 0.144943 0.0816235 0.027625 0.00553332 0.000653924 4.55697e-05 1.87231e-06 4.53543e-08 6.47737e-10 5.45404e-12 2.70755e-14 7.92457e-17
 1.17204e-11 1.2727e-09 8.14795e-08 3.07545e-06 6.84401e-05 0.00089799 0.00694815 0.0317331 0.0859545 0.141374 0.156555 0.155012 0.164433 0.143094 0.0805272 0.0272502 0.0054581 0.000645031 4.495e-05 1.84684e-06 4.47375e-08 6.38929e-10 5.37989e-12 2.67077e-14 7.81726e-17
 1.16144e-11 1.26118e-09 8.07422e-08 3.04762e-06 6.78208e-05 0.000889865 0.00688533 0.0314469 0.0851905 0.140206 0.15567 0.155105 0.165427 0.144227 0.0811992 0.0274799 0.00550421 0.000650482 4.53299e-05 1.86245e-06 4.51156e-08 6.44328e-10 5.42534e-12 2.69332e-14 7.88312e-17
 1.22489e-11 1.33009e-09 8.51534e-08 3.21412e-06 7.1526e-05 0.000938476 0.00726124 0.0331589 0.0897618 0.147194 0.160966 0.154547 0.159478 0.137445 0.0771786 0.0261055 0.00522836 0.00061787 4.30571e-05 1.76907e-06 4.28535e-08 6.12022e-10 5.1533e-12 2.55825e-14 7.48755e-17
 1.28378e-11 1.39403e-09 8.92472e-08 3.36864e-06 7.49646e-05 0.000983588 0.0076101 0.0347478 0.0940041 0.153679 0.165881 0.154029 0.153957 0.131151 0.0734474 0.0248299 0.00497237 0.000587606 4.09479e-05 1.68241e-06 4.07542e-08 5.82041e-10 4.90086e-12 2.43294e-14 7.12082e-17
 1.40823e-11 1.52917e-09 9.78987e-08 3.69519e-06 8.22313e-05 0.00107892 0.00834735 0.0381054 0.102969 0.167383 0.176267 0.152935 0.142289 0.117849 0.0655623 0.0221343 0.00443138 0.000523647 3.64905e-05 1.49927e-06 3.63178e-08 5.18681e-10 4.36737e-12 2.16809e-14 6.34561e-17
 1.34562e-11 1.46119e-09 9.35465e-08 3.53092e-06 7.85758e-05 0.00103096 0.00797647 0.0364163 0.0984593 0.160489 0.171042 0.153486 0.148158 0.124541 0.0695289 0.0234904 0.00470353 0.000555822 3.87328e-05 1.5914e-06 3.85496e-08 5.50554e-10 4.63574e-12 2.30132e-14 6.73555e-17
 1.46363e-11 1.58933e-09 1.0175e-07 3.84057e-06 8.54665e-05 0.00112137 0.00867558 0.0396003 0.106961 0.173485 0.180891 0.152448 0.137094 0.111927 0.0620518 0.0209342 0.00419053 0.000495173 3.45061e-05 1.41773e-06 3.43427e-08 4.90473e-10 4.12985e-12 2.05018e-14 6.00051e-17
 1.50134e-11 1.63027e-09 1.04371e-07 3.9395e-06 8.76681e-05 0.00115025 0.00889894 0.0406175 0.109677 0.177637 0.184037 0.152116 0.13356 0.107898 0.0596628 0.0201176 0.00402663 0.000475795 3.31556e-05 1.36225e-06 3.29987e-08 4.71278e-10 3.96822e-12 1.96994e-14 5.76567e-17
 1.54909e-11 1.68213e-09 1.07692e-07 4.06482e-06 9.04568e-05 0.00118684 0.00918187 0.0419061 0.113117 0.182896 0.188023 0.151696 0.129082 0.102793 0.0566368 0.0190831 0.00381901 0.000451251 3.14451e-05 1.29196e-06 3.12961e-08 4.46963e-10 3.76349e-12 1.86831e-14 5.4682e-17
 1.60955e-11 1.74778e-09 1.11895e-07 4.22346e-06 9.39872e-05 0.00123315 0.00954004 0.0435373 0.117473 0.189554 0.193069 0.151165 0.123414 0.0963307 0.052806 0.0177735 0.00355619 0.000420178 2.92796e-05 1.20299e-06 2.91408e-08 4.16181e-10 3.5043e-12 1.73964e-14 5.09161e-17
 1.62631e-11 1.76598e-09 1.1306e-07 4.26744e-06 9.49658e-05 0.00124599 0.00963932 0.0439895 0.11868 0.191399 0.194468 0.151017 0.121842 0.0945395 0.0517441 0.0174105 0.00348333 0.000411565 2.86793e-05 1.17833e-06 2.85434e-08 4.07649e-10 3.43246e-12 1.70397e-14 4.98723e-17
 1.69487e-11 1.84042e-09 1.17825e-07 4.44732e-06 9.89688e-05 0.00129851 0.0100454 0.0458391 0.123619 0.198949 0.200189 0.150415 0.115415 0.0872122 0.0474005 0.0159256 0.00318532 0.000376333 2.62239e-05 1.07744e-06 2.60996e-08 3.72747e-10 3.13858e-12 1.55808e-14 4.56023e-17
 1.62034e-11 1.7595e-09 1.12645e-07 4.25178e-06 9.46172e-05 0.00124142 0.00960396 0.0438284 0.11825 0.190742 0.193969 0.15107 0.122402 0.0951775 0.0521223 0.0175398 0.00350928 0.000414633 2.88931e-05 1.18711e-06 2.87562e-08 4.10688e-10 3.45805e-12 1.71668e-14 5.02441e-17
 1.66866e-11 1.81196e-09 1.16003e-07 4.37855e-06 9.74383e-05 0.00127843 0.00989017 0.0451319 0.121731 0.196062 0.198001 0.150645 0.117872 0.0900136 0.0490612 0.0164934 0.00329926 0.000389803 2.71627e-05 1.11601e-06 2.70339e-08 3.86091e-10 3.25094e-12 1.61386e-14 4.72348e-17
 1.76531e-11 1.91692e-09 1.22723e-07 4.63217e-06 0.000103082 0.00135248 0.0104628 0.0477398 0.128694 0.206707 0.206068 0.149795 0.10881 0.0796825 0.0429369 0.0143997 0.00287908 0.000340127 2.37007e-05 9.73767e-07 2.35882e-08 3.3688e-10 2.83658e-12 1.40816e-14 4.12143e-17
#obs catch len freq
 1.63242e-11 1.57712e-09 8.98333e-08 3.01682e-06 5.97316e-05 0.000697304 0.00480078 0.0195194 0.0472139 0.0705737 0.0768284 0.0874394 0.111223 0.123352 0.118591 0.106355 0.0867389 0.0635661 0.0421666 0.0243615 0.011385 0.00397775 0.000972153 0.000158175 1.65486e-05
 1.68889e-11 1.5738e-09 8.64643e-08 2.80068e-06 5.34855e-05 0.000602264 0.00400033 0.0157081 0.0368991 0.0550361 0.065406 0.0874481 0.120056 0.136129 0.133017 0.118068 0.0918373 0.0629626 0.0389485 0.0209803 0.00911772 0.00295146 0.000665892 9.97207e-05 9.58392e-06
 1.20021e-12 1.07688e-10 5.69671e-09 1.77688e-07 3.26925e-06 3.55582e-05 0.000231302 0.000953715 0.0031054 0.0110745 0.0381418 0.0930271 0.148478 0.16895 0.161001 0.138257 0.103068 0.0665998 0.0380903 0.0187809 0.007464 0.00221272 0.000457529 6.27951e-05 5.52947e-06
 1.57863e-11 1.36157e-09 6.92369e-08 2.07575e-06 3.66905e-05 0.000382376 0.00235002 0.00852641 0.0183711 0.0242871 0.0234003 0.0286234 0.058954 0.122738 0.18829 0.198636 0.151521 0.0927126 0.0488477 0.0219038 0.00786421 0.00210567 0.000394498 4.92238e-05 3.95006e-06
 6.21189e-11 5.14237e-09 2.50981e-07 7.22205e-06 0.000122528 0.00122584 0.00723829 0.0253433 0.0539062 0.0778611 0.104192 0.15405 0.18663 0.149869 0.0849435 0.0508876 0.0416858 0.0319896 0.0185679 0.00807507 0.00264775 0.000636411 0.000106933 1.20088e-05 8.709e-07
 1.39471e-10 1.10655e-08 5.17605e-07 1.42746e-05 0.000232101 0.00222523 0.0125852 0.042093 0.0843571 0.108067 0.112118 0.130671 0.151472 0.139509 0.103652 0.0634797 0.0302561 0.0118844 0.00473666 0.0018872 0.000601298 0.000135446 2.06809e-05 2.08662e-06 1.35849e-07
 2.7236e-10 2.06816e-08 9.25899e-07 2.44389e-05 0.000380316 0.00348957 0.0188834 0.0603518 0.114786 0.135056 0.116096 0.105727 0.112534 0.112127 0.0973836 0.0685725 0.0357076 0.0135627 0.00400538 0.00102168 0.000237344 4.58257e-05 6.39483e-06 5.92336e-07 3.50681e-08
 3.94934e-10 2.86655e-08 1.22669e-06 3.09491e-05 0.000460371 0.00403781 0.0208899 0.063885 0.116781 0.134863 0.121715 0.121355 0.126312 0.110118 0.0818739 0.0532112 0.0282009 0.0115964 0.00363471 0.000856342 0.000152475 2.10151e-05 2.23248e-06 1.72636e-07 9.03503e-09
 5.56239e-10 3.85449e-08 1.57475e-06 3.7931e-05 0.000538675 0.00451076 0.0222837 0.0651203 0.114181 0.128695 0.119171 0.125198 0.132231 0.115672 0.0850518 0.0516163 0.0240396 0.00855654 0.00243368 0.000551981 9.42812e-05 1.15148e-05 9.83482e-07 5.84038e-08 2.38873e-09
 9.62256e-10 6.35878e-08 2.4774e-06 5.69059e-05 0.000770666 0.006154 0.0289879 0.0807292 0.134505 0.142131 0.118901 0.11226 0.114239 0.102519 0.0786243 0.0483159 0.0220177 0.00741666 0.00191773 0.000386369 5.92514e-05 6.63022e-06 5.17849e-07 2.72326e-08 9.4223e-10
 1.45164e-09 9.13817e-08 3.39156e-06 7.42129e-05 0.000957435 0.00728341 0.0326889 0.0868132 0.138519 0.142876 0.122775 0.120526 0.119076 0.0988908 0.0689925 0.0385227 0.01588 0.0047899 0.00110299 0.000197973 2.69934e-05 2.67977e-06 1.86456e-07 8.80259e-09 2.74232e-10
 2.14683e-09 1.28614e-07 4.54272e-06 9.45986e-05 0.00116146 0.00840878 0.0359218 0.0908652 0.13856 0.138609 0.119863 0.120072 0.1193 0.100282 0.0700746 0.0376752 0.0143512 0.00385465 0.000767565 0.000117952 1.38686e-05 1.20024e-06 7.33717e-08 3.05904e-09 8.45477e-11
 3.05215e-09 1.73853e-07 5.83846e-06 0.000115599 0.00134949 0.00928995 0.0377462 0.0909397 0.132993 0.131317 0.119083 0.1249 0.123882 0.102802 0.0705614 0.0369494 0.013694 0.00358005 0.000682991 9.68046e-05 1.00726e-05 7.52471e-07 3.94872e-08 1.4216e-09 3.42376e-11
 4.11141e-09 2.22477e-07 7.09769e-06 0.000133504 0.00148058 0.00968364 0.0373984 0.0858342 0.12089 0.119953 0.117473 0.130997 0.132575 0.111761 0.0762865 0.0383522 0.0133079 0.00321676 0.000567018 7.4753e-05 7.24237e-06 4.97478e-07 2.34925e-08 7.45735e-10 1.56387e-11
 6.36318e-09 3.26849e-07 9.89825e-06 0.000176732 0.00186052 0.0115514 0.0423543 0.092345 0.123899 0.118351 0.113709 0.12584 0.128834 0.111287 0.0762459 0.0374672 0.0125734 0.00293233 0.000494822 6.14252e-05 5.51657e-06 3.48556e-07 1.5102e-08 4.38473e-10 8.35426e-12
 8.36839e-09 4.07747e-07 1.17133e-05 0.000198389 0.00198123 0.0116711 0.0406412 0.0845576 0.110698 0.111091 0.120367 0.139261 0.138667 0.114523 0.0752108 0.0358622 0.0119126 0.00280299 0.000478641 5.90708e-05 5.13901e-06 3.07417e-07 1.24011e-08 3.31605e-10 5.78363e-12
 1.38182e-08 6.38281e-07 1.73825e-05 0.000279101 0.00264233 0.0147558 0.0487016 0.0959583 0.118486 0.110888 0.112502 0.128105 0.132239 0.113733 0.0744506 0.033936 0.0105573 0.00232257 0.00037608 4.48829e-05 3.82038e-06 2.23333e-07 8.70933e-09 2.21868e-10 3.63559e-12
 2.04591e-08 8.9544e-07 2.31061e-05 0.000351533 0.00315357 0.0166906 0.0522602 0.0981531 0.117996 0.114157 0.123025 0.137414 0.131415 0.103835 0.0634942 0.0275997 0.00832726 0.00178916 0.000280503 3.18915e-05 2.56214e-06 1.41542e-07 5.24728e-09 1.27641e-10 1.9976e-12
 3.19958e-08 1.32631e-06 3.24147e-05 0.000467076 0.00396857 0.0198947 0.0590183 0.105147 0.12052 0.112803 0.119373 0.132362 0.127873 0.101737 0.0612839 0.025951 0.00766224 0.0016246 0.000251425 2.79484e-05 2.16513e-06 1.138e-07 3.97306e-09 9.0509e-11 1.32492e-12
 4.6124e-08 1.81026e-06 4.18889e-05 0.000571495 0.00459781 0.0218306 0.0614202 0.104454 0.117394 0.114642 0.127439 0.139009 0.127957 0.0962275 0.0547496 0.0219843 0.00620155 0.00126683 0.000189967 2.04944e-05 1.53789e-06 7.79013e-08 2.60192e-09 5.62428e-11 7.75263e-13
 7.68213e-08 2.85401e-06 6.25129e-05 0.00080731 0.00614802 0.0276309 0.0735744 0.118327 0.125331 0.114696 0.121057 0.129676 0.119776 0.0892715 0.0489714 0.0186265 0.00494372 0.000949611 0.000134256 1.37091e-05 9.77031e-07 4.70976e-08 1.49733e-09 3.07652e-11 4.02036e-13
 1.05294e-07 3.70229e-06 7.67503e-05 0.000938113 0.00676241 0.0287835 0.0727737 0.112474 0.119896 0.119918 0.134521 0.138796 0.118677 0.0823128 0.04299 0.0159517 0.0042021 0.000800719 0.000110223 1.07195e-05 7.17731e-07 3.23482e-08 9.61544e-10 1.85001e-11 2.267e-13
 1.64329e-07 5.46818e-06 0.000107279 0.00124095 0.00846576 0.034103 0.0816155 0.119467 0.120888 0.115815 0.12738 0.133356 0.117503 0.0814372 0.0406008 0.0139595 0.00337526 0.000596148 7.75583e-05 7.22361e-06 4.63359e-07 1.98406e-08 5.5459e-10 9.95539e-12 1.13322e-13
 2.4886e-07 7.8369e-06 0.000145505 0.0015929 0.0102851 0.0392294 0.089059 0.124693 0.124185 0.121428 0.132305 0.131189 0.108024 0.0703557 0.0333741 0.0110486 0.00258252 0.00043642 5.33385e-05 4.61244e-06 2.74638e-07 1.09797e-08 2.88039e-10 4.85991e-12 5.18931e-14
 3.79047e-07 1.12971e-05 0.000198512 0.00205676 0.0125695 0.045389 0.0976717 0.130299 0.125766 0.121724 0.130414 0.126412 0.101742 0.0642738 0.0294419 0.00946203 0.00216487 0.00035844 4.25096e-05 3.51279e-06 1.96846e-07 7.32039e-09 1.77489e-10 2.76328e-12 2.72661e-14
 5.18017e-07 1.4613e-05 0.000243044 0.00238357 0.0137907 0.0471873 0.0966141 0.124832 0.123156 0.127608 0.139079 0.130788 0.100285 0.0594746 0.025248 0.00745791 0.00156803 0.000241043 2.69355e-05 2.11795e-06 1.13095e-07 3.9884e-09 9.09947e-11 1.32248e-12 1.21007e-14
 7.41208e-07 1.97929e-05 0.000311623 0.00289306 0.0158472 0.0513638 0.0998564 0.12373 0.120405 0.126083 0.138138 0.131022 0.10067 0.0582063 0.0234951 0.00649681 0.0012635 0.000177875 1.81232e-05 1.30314e-06 6.41184e-08 2.10059e-09 4.47806e-11 6.09635e-13 5.22281e-15
 9.69592e-07 2.45125e-05 0.00036538 0.00321173 0.0166627 0.0512313 0.0951506 0.115868 0.118546 0.13317 0.146744 0.135273 0.100021 0.0553719 0.0214236 0.00570687 0.0010699 0.000143677 1.37107e-05 9.07986e-07 4.07356e-08 1.21294e-09 2.35383e-11 2.9289e-13 2.30436e-15
 1.34473e-06 3.21898e-05 0.000454324 0.00378155 0.0185812 0.0541597 0.0957583 0.112798 0.115636 0.132153 0.147305 0.137742 0.101531 0.0542901 0.0198438 0.00494673 0.000867261 0.000109354 9.83043e-06 6.12215e-07 2.56541e-08 7.06978e-10 1.25905e-11 1.42908e-13 1.02237e-15
#spawning biomass
 8275.06 8358.41 6912.78 6520.26 9453.49 14688.6 18606.3 22977.8 34449.8 52980.5 72579.3 102318 113386 113638 122295 122393 101675 107880 108222 109299 105176 102877 103137 96132.2 111747 108214 119550 123704 102199 102614 217832 243035 235733 212495 184811 159006 137653 121190 109071 100430 94409.8 90285.3 87495.2 85615.7 84337.3 83508.2 82970.5 82621.8 82395.6 82248.9 82153.8 82092.1 82052.1 82026.1 82009.3 81998.4 81991.3 81986.7 81983.7 81981.8 81980.6 81979.7 81979.2 81978.9 81978.6 81978.5 81978.4 81978.4 81978.3 81978.3 81978.3 81978.3 81978.3 81978.2 81978.2 81978.2 81978.2 81978.2 81978.2 81978.2 81978.2 81978.2 81978.2 81978.2 81978.2 81978.2 81978.2 81978.2 81978.2 81978.2 81978.2 81978.2 81978.2 81978.2 81978.2 81978.2 81978.2 81978.2 81978.2 81978.2 81978.2 81978.2 81978.2 81978.2 81978.2 81978.2 81978.2 81978.2 81978.2 81978.2 81978.2 81978.2 81978.2 81978.2 81978.2 81978.2 81978.2 81978.2 81978.2 81978.2 81978.2 81978.2 81978.2 81978.2 81978.2 81978.2 81978.2 81978.2 81978.2 0 0 0 0 0 0 0 0 0 0 0 0 0 0 0 0 0 0 0 0 0 0 0 0 0
