SBPRF35
0.061927
Curr Bio
127.265
B35
91.0599
F35
0.731287
FOFL
0.731287
OFL
32.3158
Bzero
17693.4
#pred survey bio
 855.522 678.906 574.295 511.304 485.06 462.883 450.723 396.27 384.315 389.957 384.064 372.652 391.962 415.726 426.619 430.721 412.234 415.404 411.014 418.084 405.19 411.297 411.944 415.147 421.429 416.106 414.81 407.984 407.359 399.565 393.557 376.434 385.867 403.291 426.821 444.79 427.104 392.461 408.93 414.117 385.45 370.648 369.857 353.585 338.333 329.381 315.612 304.803 294.547 276.413 262.162 254.814 256.321 246.538 235.521 225.421 205.928 202.316 202.739 199.427 202.475 198.522 199.464 199.86 191.835 201.315 195.96 200.26 199.67 203.842 207.208 224.802 230.181 234.774 232.49 238.236 241.971 252.709 247.845 264.577 266.645 279.562 284.003 305.768 292.493 293.555 301.35 294.637 300.491 294.077 299.145 302.016 312.327 353.829 424.062 277.088 229.868 51.4394 141.741 256.012 319.093 317.159 41.7407 42.7633 40.295 60.9371 108.012 123.372 127.088 2273.77 38412.9 84598.6 116451 132647 140211 143744 145531 146508 147075 147417 147628 147760 147843 147895 147928 147949 147963 147971 147977 147980 147982 147984 147985 147985 147986 147986 147986 147986 147986 147986 147986 147986 147986 147986 147986 147986 147986 147986 147986 147986 147986 147986 147986 147986 147986 147986 147986 147986 147986 147986 147986 147986 147986 147986 147986 147986 147986 147986 147986 147986 147986 147986 147986 147986 147986 147986 147986 147986 147986 147986 147986 147986 147986 147986 147986 147986 147986 147986 147986 147986 147986 147986 147986 147986 147986 147986 147986 147986 147986 147986 147986 147986 147986 147986 147986 147986 147986 147986 147986 0 0 0 0 0 0 0 0 0 0 0 0 0 0 0 0 0 0 0 0 0 0 0 0 0
#obs survey bio
 825.473 755.065 541.308 803.548 608.523 402.19 529.983 320.827 414.34 437.738 359.661 331.208 373.087 488.868 443.846 576.648 382.919 404.23 333.16 496.248 413.675 497.292 530.273 372.01 662.728 426.558 425.63 346.347 418.198 434.504 357.391 238.352 563.121 424.927 367.144 504.288 555.774 249.854 400.808 633.725 393.889 317.284 395.237 205.723 446.287 360.786 247.558 350.632 360.175 318.058 293.135 193.504 385.785 224.037 278.287 171.254 176.711 186.569 213.65 154.143 195.527 170.587 156.992 200.873 168.412 190.897 226.125 174.147 209.734 169.369 167.238 240.087 258.965 253.213 158.692 163.27 184.369 194.74 192.325 278.534 243.081 298.813 252.05 213.163 224.358 204.627 253.196 292.019 218.024 232.761 256.539 192.63 278.052 256.99 241.928 224.963 205.917 27.2377 159.723 277.675 270.024 263.64 37.7931 33.2463 39.5556 54.0597 124.352 106.972 129.533
#pred catch bio
 187.207 148.832 133.703 104.064 90.3587 74.7815 77.3448 67.3737 64.6434 67.3157 67.4125 58.1043 61.7577 65.2281 62.9435 66.5091 61.0763 66.1879 64.4609 70.2221 64.7255 68.8763 62.9102 68.159 63.1618 69.6817 70.1119 65.6435 67.1105 62.0949 67.4705 66.044 63.5693 55.7755 58.1154 67.8895 73.6332 59.1174 61.9032 58.9151 67.0983 67.5597 80.2854 92.1161 85.4937 91.0506 96.0908 94.1341 90.2082 88.0617 89.7413 91.3049 93.8126 93.3232 94.8843 106.763 95.5996 95.661 100.385 96.5417 101.904 100.067 102.918 108.771 96.7535 108.905 100.678 107.454 107.401 113.579 113.391 129.705 132.587 139.513 138.53 145.703 145.913 160.328 149.987 166.803 163.273 173.253 167.721 197.352 185.105 184.319 195.451 185.413 194.797 184.824 189.59 190.305 184.1 178.353 185.094 177.86 217.595 0.000269525 4.51233 13.5559 43.0102 288.73 38.0214 39.2558 28.8598 24.6688 50.2828 50.2042 58.4278 32.3158 510.673 1225.72 1739.38 1980.49 2073.9 2106.25 2117.08 2120.62 2121.76 2122.12 2122.24 2122.27 2122.28 2122.29 2122.29 2122.29 2122.29 2122.29 2122.29 2122.29 2122.29 2122.29 2122.29 2122.29 2122.29 2122.29 2122.29 2122.29 2122.29 2122.29 2122.29 2122.29 2122.29 2122.29 2122.29 2122.29 2122.29 2122.29 2122.29 2122.29 2122.29 2122.29 2122.29 2122.29 2122.29 2122.29 2122.29 2122.29 2122.29 2122.29 2122.29 2122.29 2122.29 2122.29 2122.29 2122.29 2122.29 2122.29 2122.29 2122.29 2122.29 2122.29 2122.29 2122.29 2122.29 2122.29 2122.29 2122.29 2122.29 2122.29 2122.29 2122.29 2122.29 2122.29 2122.29 2122.29 2122.29 2122.29 2122.29 2122.29 2122.29 2122.29 2122.29 2122.29 2122.29 2122.29 2122.29 2122.29 2122.29 2122.29 2122.29 2122.29 2122.29 2122.29 2122.29 2122.29 2122.29 2122.29 2122.29 0 0 0 0 0 0 0 0 0 0 0 0 0 0 0 0 0 0 0 0 0 0 0 0 0
#obs catch bio
 0 149.213 135.077 104.803 90.7049 75.0598 77.4087 67.7445 65.1515 67.6329 67.6148 58.3813 62.1717 65.5012 63.1341 66.6937 61.324 66.451 64.7991 70.4558 65.0466 69.3137 63.035 68.7083 63.2003 70.1793 70.4469 65.9132 67.4379 62.2835 67.6442 66.5834 64.0261 55.8817 58.2885 68.0701 73.9389 59.4958 62.2428 58.8287 67.4676 67.8511 80.4661 93.148 85.857 91.4301 97.1708 95.1077 90.3342 88.2843 90.2145 92.8232 93.9788 93.2866 95.0166 108.432 96.6343 96.893 101.608 97.8113 101.532 100.236 104.412 108.947 97.1657 109.516 99.8851 107.213 107.17 112.054 114.017 130.04 131.19 136.363 138.383 146.811 147.068 160.166 150.55 165.853 163.001 170.878 165.632 197.814 185.002 185.863 196.615 184.238 196.449 184.234 189.209 191.506 181.829 182.882 193.124 185.037 227.528 0.000210781 4.70381 13.5055 42.241 296.721 38.1947 40.512 28.7244 24.4652 50.3561 49.8483 58.4963
#pred cpue bio
 821.897 630.165 518.458 451.246 425.858 405.346 396.705 345.929 333.497 339.946 334.899 321.426 338.326 359.693 368.562 372.586 355.788 360.681 356.122 362.608 348.121 353.442 353.215 356.439 361.974 358.412 359.654 354.193 354.037 346.959 343.596 326.518 331.968 347.256 368.708 385.734 369.461 335.939 350.538 352.885 325.369 311.685 311.89 295.549 275.882 266.035 252.149 240.255 232.28 216.218 203.543 196.05 197.25 187.475 171.326 162.61 143.284 137.285 137.342 136.243 143.911 136.633 133.76 136.721 124.585 134.882 129.255 132.841 128.798 134.328 122.712 133.031 140.236 148.958 139.159 138.111 135.245 146.83 133.311 144.836 142.641 160.257 165.291 182.129 168.913 162.113 166.296 162.722 169.153 174.491 179.457 184.123 192.669 215.436 345.008 241.486 209.092 3.25656 116.603 212.567 274.298 272.577 23.6506 22.6562 23.3715 35.7969 67.4023 83.4032 88.2439 1585.95 21816.4 55662.2 83101.9 98182.1 105492 108967 110737 111707 112272 112612 112823 112954 113037 113090 113123 113144 113157 113166 113171 113175 113177 113178 113179 113180 113180 113181 113181 113181 113181 113181 113181 113181 113181 113181 113181 113181 113181 113181 113181 113181 113181 113181 113181 113181 113181 113181 113181 113181 113181 113181 113181 113181 113181 113181 113181 113181 113181 113181 113181 113181 113181 113181 113181 113181 113181 113181 113181 113181 113181 113181 113181 113181 113181 113181 113181 113181 113181 113181 113181 113181 113181 113181 113181 113181 113181 113181 113181 113181 113181 113181 113181 113181 113181 113181 113181 113181 113181 113181 113181 0 0 0 0 0 0 0 0 0 0 0 0 0 0 0 0 0 0 0 0 0 0 0 0 0
#obs cpue bio
 931.808 617.708 403.526 254.809 376.394 349.402 532.877 265.931 236.869 368.566 400.219 232.266 304.841 361.833 322.25 328.268 269.468 412.054 321.758 405.444 240.077 290.896 289.092 276.912 315.881 243.014 369.981 358.664 342.698 297.222 441.425 301.614 227.685 348.006 365.442 407.345 306.103 263.857 405.47 344.401 229.671 300.408 360.779 324.72 237.266 240.601 220.077 186.796 226.478 170.56 158 149.933 188.479 199.529 143.553 150.369 137.635 118.088 114.894 128.815 194.645 139.624 119.519 158.33 115.862 139.692 137.371 147.163 132.098 200.095 113.59 135.494 163.535 211.062 160.957 166.711 154.058 208.189 147.469 171.488 150.574 206.745 210.73 235.135 220.491 187.842 194.623 193.802 185.853 242.158 216.846 238.439 298.199 138.859 227.493 252.851 211.659 18.3516 117.089 189.501 394.624 242.237 22.3428 18.0626 26.2497 41.0076 61.3098 111.343 83.5149
#pred surv len freq
 1.11948e-026 1.26721e-020 2.40489e-015 6.22608e-011 2.19888e-007 0.000105941 0.00696291 0.0624297 0.0763611 0.0131628 0.0141241 0.0618823 0.0386644 0.0237953 0.0642883 0.0382938 0.0518269 0.0477856 0.051695 0.0486612 0.044951 0.0465884 0.0994768 0.15655 0.0523944
 1.35855e-026 1.61566e-020 3.06617e-015 7.9381e-011 2.80352e-007 0.000135071 0.00887754 0.0795963 0.0973562 0.0162506 0.00148239 0.0270188 0.0895663 0.0450794 0.0439002 0.0550875 0.0461469 0.0532212 0.0521757 0.053186 0.0514038 0.0557167 0.111392 0.0976163 0.0147902
 1.47797e-026 1.78932e-020 3.39574e-015 8.79131e-011 3.10485e-007 0.000149589 0.00983172 0.0881516 0.10782 0.017996 0.00151504 0.0295313 0.107603 0.0540564 0.0214213 0.0766707 0.0616719 0.0524274 0.0505787 0.0522096 0.0528098 0.0600452 0.0961747 0.0543236 0.00501127
 1.55885e-026 1.90687e-020 3.61882e-015 9.36887e-011 3.30883e-007 0.000159417 0.0104776 0.0939429 0.114904 0.0191774 0.00150281 0.0300897 0.115809 0.061321 0.0224623 0.0870195 0.0646 0.0535924 0.0599843 0.049754 0.0498841 0.0578524 0.0742736 0.031065 0.00212798
 1.59499e-026 1.95939e-020 3.71849e-015 9.62689e-011 3.39996e-007 0.000163807 0.0107662 0.0965301 0.118068 0.0197073 0.0017807 0.0343177 0.120581 0.0584093 0.0241534 0.0928123 0.0666671 0.0604601 0.0625322 0.0545711 0.0494969 0.0542513 0.0564189 0.0174246 0.000887529
 1.58128e-026 1.93944e-020 3.68063e-015 9.52888e-011 3.36534e-007 0.00016214 0.0106566 0.0955473 0.116866 0.0195112 0.00231111 0.0412984 0.124599 0.0522791 0.0297268 0.0987794 0.061824 0.0663689 0.0654761 0.0592816 0.0522674 0.0518364 0.0417553 0.00912485 0.000327177
 1.56977e-026 1.9227e-020 3.64887e-015 9.44666e-011 3.3363e-007 0.000160741 0.0105646 0.0947229 0.115858 0.0193463 0.00263575 0.0443048 0.121953 0.0473105 0.0359696 0.101942 0.0591426 0.0720877 0.0667023 0.0641478 0.0565558 0.0505925 0.0309889 0.00488741 0.000126285
 1.59418e-026 1.95817e-020 3.71618e-015 9.62091e-011 3.39785e-007 0.000163706 0.0107595 0.0964702 0.117995 0.0197151 0.00371813 0.0538489 0.120982 0.0395919 0.0442792 0.0999236 0.0562092 0.0750999 0.0663677 0.0656681 0.0587618 0.0473936 0.0208342 0.00218045 3.71187e-005
 1.58489e-026 1.94465e-020 3.69051e-015 9.55447e-011 3.37438e-007 0.000162575 0.0106852 0.0958039 0.11718 0.0195785 0.00368243 0.05395 0.122669 0.041242 0.0494807 0.09907 0.0562017 0.0753403 0.0668933 0.0665658 0.0603805 0.0446186 0.0152771 0.00120235 1.55188e-005
 1.56556e-026 1.91656e-020 3.6372e-015 9.41644e-011 3.32563e-007 0.000160226 0.0105308 0.0944199 0.115487 0.0192947 0.00355492 0.0528211 0.122156 0.0416346 0.0492612 0.101242 0.0596505 0.0765983 0.067604 0.0674275 0.0617696 0.0430823 0.0124833 0.000811792 8.75814e-006
 1.59439e-026 1.95847e-020 3.71675e-015 9.62238e-011 3.39836e-007 0.000163731 0.0107611 0.0964849 0.118013 0.0197188 0.00376647 0.0540058 0.119928 0.0395653 0.0498158 0.0999429 0.059311 0.077718 0.0691324 0.0676247 0.0619108 0.0411508 0.0104089 0.000572028 5.22676e-006
 1.62431e-026 2.00195e-020 3.79926e-015 9.83601e-011 3.47381e-007 0.000167366 0.0110001 0.098627 0.120633 0.0201594 0.00406014 0.0566318 0.121492 0.0391063 0.0512629 0.0971079 0.0577524 0.0762651 0.0687274 0.0678291 0.0611694 0.0387973 0.00878902 0.000419157 3.30767e-006
 1.61829e-026 1.99321e-020 3.78267e-015 9.79305e-011 3.45864e-007 0.000166635 0.010952 0.0981962 0.120106 0.0200668 0.00369941 0.0539739 0.122558 0.0413284 0.050428 0.0982382 0.058356 0.075872 0.0683172 0.0683355 0.0619418 0.0386105 0.00846302 0.000386896 2.92322e-006
 1.61918e-026 1.99451e-020 3.78514e-015 9.79944e-011 3.4609e-007 0.000166743 0.0109592 0.0982603 0.120185 0.020079 0.00361936 0.0532372 0.12226 0.0413766 0.0485353 0.0990807 0.0591951 0.0763661 0.0684234 0.0681657 0.0624545 0.0388472 0.008407 0.000378845 2.82232e-006
 1.61556e-026 1.98923e-020 3.77513e-015 9.77353e-011 3.45175e-007 0.000166303 0.0109302 0.0980005 0.119867 0.0200289 0.00385208 0.0551594 0.122212 0.0401697 0.0494446 0.0984582 0.058378 0.0766436 0.0690115 0.0683271 0.0624294 0.0384843 0.0080836 0.000350717 2.51241e-006
 1.6155e-026 1.98915e-020 3.77497e-015 9.77311e-011 3.4516e-007 0.000166295 0.0109297 0.0979963 0.119862 0.0200262 0.00370317 0.0537563 0.121395 0.0406605 0.0497044 0.0983613 0.0582963 0.0766814 0.069175 0.0690979 0.0629522 0.0387794 0.00810569 0.000348184 2.46582e-006
 1.6096e-026 1.98057e-020 3.75869e-015 9.73098e-011 3.43672e-007 0.000165578 0.0108826 0.0975738 0.119345 0.0199435 0.00398511 0.0562 0.12202 0.0395581 0.0505669 0.0979173 0.0585242 0.0763977 0.0688041 0.0689313 0.0629483 0.0381723 0.0077421 0.000319785 2.16801e-006
 1.6076e-026 1.97767e-020 3.75318e-015 9.7167e-011 3.43168e-007 0.000165336 0.0108666 0.0974307 0.11917 0.0199097 0.00361258 0.0530063 0.121317 0.0411553 0.0499407 0.0987373 0.0586134 0.0767946 0.0692179 0.0691452 0.0635413 0.0389929 0.00804173 0.000338796 2.34428e-006
 1.60225e-026 1.96989e-020 3.73842e-015 9.67849e-011 3.41818e-007 0.000164685 0.0108239 0.0970475 0.118701 0.019835 0.00389748 0.0555156 0.122007 0.0398671 0.0497663 0.0982736 0.0589388 0.0766741 0.0690844 0.0691205 0.0634009 0.0386984 0.00785699 0.000324071 2.19073e-006
 1.60591e-026 1.97521e-020 3.74851e-015 9.70461e-011 3.4274e-007 0.00016513 0.0108531 0.0973094 0.119022 0.0198848 0.00359757 0.0529282 0.121514 0.0412745 0.0496081 0.0990723 0.0583843 0.0765096 0.0692556 0.0691626 0.0636378 0.0393184 0.00815509 0.0003447 2.39061e-006
 1.61233e-026 1.98454e-020 3.76622e-015 9.75048e-011 3.4436e-007 0.00016591 0.0109044 0.0977693 0.119584 0.0199843 0.00405372 0.0567682 0.122158 0.0392789 0.0506768 0.0984054 0.0586662 0.0761251 0.0682319 0.0683778 0.0627171 0.0381454 0.00767312 0.000311999 2.074e-006
 1.61076e-026 1.98226e-020 3.76189e-015 9.73927e-011 3.43965e-007 0.000165719 0.0108919 0.0976569 0.119447 0.0199569 0.00370506 0.053974 0.122252 0.0411768 0.0509476 0.0992076 0.0585278 0.0766644 0.0685436 0.0679687 0.0624477 0.0383127 0.00782749 0.000324302 2.19888e-006
 1.61602e-026 1.9899e-020 3.7764e-015 9.77681e-011 3.4529e-007 0.000166358 0.0109339 0.0980334 0.119907 0.0200348 0.00379605 0.0547903 0.12261 0.0406853 0.049867 0.0993893 0.0594513 0.0767181 0.0683093 0.0676729 0.0616953 0.0378623 0.00775293 0.000321996 2.1885e-006
 1.61472e-026 1.98802e-020 3.77282e-015 9.76754e-011 3.44963e-007 0.000166201 0.0109235 0.0979404 0.119793 0.020017 0.00387689 0.0552095 0.121539 0.0398953 0.0506612 0.0987241 0.058902 0.0775518 0.0693937 0.0681865 0.0617709 0.0375313 0.00760291 0.000311826 2.09071e-006
 1.61411e-026 1.98713e-020 3.77113e-015 9.76318e-011 3.44809e-007 0.000166126 0.0109186 0.0978967 0.11974 0.0200042 0.00357376 0.0530301 0.123019 0.0420741 0.0491048 0.099063 0.0588072 0.0766912 0.0690944 0.0686094 0.061954 0.0380011 0.00791304 0.000336669 2.34914e-006
 1.59052e-026 1.95283e-020 3.70605e-015 9.59468e-011 3.38858e-007 0.000163259 0.0107302 0.0962071 0.117673 0.0196637 0.00390497 0.0555895 0.121929 0.039767 0.0500395 0.0995086 0.0595023 0.0775933 0.0696327 0.0693128 0.0628011 0.0379374 0.00772153 0.000320467 2.17965e-006
 1.59313e-026 1.95663e-020 3.71325e-015 9.61332e-011 3.39516e-007 0.000163576 0.010751 0.096394 0.117902 0.0196976 0.00356624 0.0527917 0.121938 0.0416434 0.0499221 0.100101 0.0588774 0.0773035 0.0696667 0.0692439 0.0630953 0.0385903 0.00800839 0.000341279 2.39186e-006
 1.59804e-026 1.96377e-020 3.72681e-015 9.64842e-011 3.40756e-007 0.000164174 0.0107903 0.096746 0.118332 0.0197723 0.00379844 0.0547128 0.121957 0.0402872 0.0495078 0.099566 0.0594149 0.0771172 0.0691426 0.0691025 0.0629735 0.0383961 0.00788444 0.000331449 2.29124e-006
 1.60182e-026 1.96926e-020 3.73723e-015 9.67541e-011 3.41709e-007 0.000164633 0.0108205 0.0970167 0.118663 0.0198263 0.00369819 0.0538037 0.121625 0.040763 0.0498646 0.0991449 0.0585445 0.0770677 0.069565 0.0691631 0.0632436 0.0387078 0.00797812 0.000336458 2.33357e-006
 1.58402e-026 1.94338e-020 3.6881e-015 9.54823e-011 3.37217e-007 0.000162469 0.0106782 0.0957413 0.117104 0.0195674 0.00381822 0.055096 0.122776 0.0406167 0.0501495 0.0993955 0.0590101 0.0768163 0.0692361 0.0694195 0.0634122 0.0387351 0.00793146 0.000331288 2.27269e-006
 1.58178e-026 1.94013e-020 3.68194e-015 9.53228e-011 3.36654e-007 0.000162197 0.0106604 0.0955814 0.116908 0.0195337 0.00370967 0.0537045 0.120505 0.040223 0.0506335 0.100102 0.0593389 0.0776383 0.0698497 0.0697834 0.064083 0.0392085 0.00803641 0.000335718 2.30195e-006
 1.61225e-026 1.98442e-020 3.76599e-015 9.74988e-011 3.44339e-007 0.0001659 0.0109037 0.0977633 0.119577 0.0199835 0.00407428 0.0565314 0.120455 0.0385815 0.0514895 0.0977144 0.0586326 0.0768621 0.0691787 0.0690729 0.0631649 0.0380229 0.00752364 0.000300621 1.96401e-006
 1.62956e-026 2.00958e-020 3.81375e-015 9.87351e-011 3.48706e-007 0.000168004 0.011042 0.099003 0.121093 0.0202311 0.00367283 0.0538713 0.123244 0.0418088 0.0503223 0.0981828 0.0578489 0.0751741 0.0679394 0.0679411 0.0623122 0.0380797 0.00774314 0.000319486 2.15944e-006
 1.64508e-026 2.03215e-020 3.85657e-015 9.98437e-011 3.52621e-007 0.00016989 0.011166 0.100115 0.122453 0.0204593 0.00378948 0.0547165 0.122876 0.0408263 0.0492984 0.0991535 0.0589058 0.07532 0.066974 0.0667722 0.0613645 0.0376243 0.00769442 0.000319488 2.17285e-006
 1.63093e-026 2.01159e-020 3.81755e-015 9.88334e-011 3.49053e-007 0.000168171 0.011053 0.0991016 0.121214 0.0202544 0.0039226 0.0556374 0.121993 0.0398534 0.0501127 0.0974912 0.058369 0.0773024 0.068889 0.0675574 0.0616355 0.0375522 0.00758172 0.000309748 2.06953e-006
 1.60045e-026 1.96727e-020 3.73344e-015 9.6656e-011 3.41363e-007 0.000164466 0.0108095 0.0969182 0.118543 0.0198069 0.00376053 0.0543832 0.121904 0.0406138 0.0500742 0.0978345 0.0585606 0.077135 0.0702125 0.0698515 0.0629762 0.0383364 0.00779222 0.000320971 2.16299e-006
 1.61274e-026 1.98514e-020 3.76737e-015 9.75343e-011 3.44465e-007 0.000165961 0.0109077 0.0977989 0.11962 0.0199885 0.0038943 0.0551411 0.120602 0.0393978 0.0506356 0.0982598 0.058609 0.0762751 0.0692719 0.0698602 0.0635105 0.038118 0.00763178 0.000309385 2.04966e-006
 1.64987e-026 2.0391e-020 3.86976e-015 1.00185e-010 3.53827e-007 0.000170471 0.0112042 0.100457 0.122872 0.0205349 0.00422518 0.0579779 0.122035 0.0387957 0.0525462 0.0969521 0.0575714 0.0748779 0.067119 0.0672866 0.0616991 0.0363984 0.00700352 0.00027125 1.71302e-006
 1.65361e-026 2.04455e-020 3.88011e-015 1.00453e-010 3.54773e-007 0.000170927 0.0112341 0.100726 0.1232 0.0205828 0.0036936 0.0539874 0.123287 0.0418018 0.050536 0.0977415 0.0583128 0.0755099 0.0670221 0.0664773 0.0610964 0.036971 0.00735137 0.000295975 1.95085e-006
 1.65775e-026 2.05057e-020 3.89153e-015 1.00749e-010 3.55817e-007 0.00017143 0.0112672 0.101022 0.123563 0.0206468 0.00397713 0.0562879 0.123237 0.0401204 0.0498645 0.0979952 0.0587454 0.0755121 0.0673991 0.0662145 0.060158 0.0363351 0.00719383 0.000286943 1.87116e-006
 1.67084e-026 2.06958e-020 3.9276e-015 1.01683e-010 3.59116e-007 0.000173019 0.0113716 0.101959 0.124708 0.0208465 0.00460729 0.0606348 0.12137 0.0372439 0.0544535 0.0961779 0.0576947 0.0756795 0.0674619 0.0659918 0.0589585 0.0341213 0.00631406 0.000231677 1.37932e-006
 1.67892e-026 2.08132e-020 3.94989e-015 1.0226e-010 3.61153e-007 0.000174001 0.0114362 0.102537 0.125416 0.0209623 0.00448374 0.0606598 0.125299 0.0396813 0.0564445 0.0967942 0.0579092 0.0739134 0.0653503 0.0640824 0.0567318 0.0321288 0.00578911 0.000206259 1.1895e-006
 1.67381e-026 2.07388e-020 3.93577e-015 1.01894e-010 3.59863e-007 0.000173379 0.0113953 0.102171 0.124967 0.0208901 0.00468103 0.0623822 0.126247 0.0393502 0.057989 0.0998228 0.0599203 0.0740824 0.0641982 0.0618757 0.0544013 0.0300503 0.0052219 0.000178849 9.90016e-007
 1.71841e-026 2.13869e-020 4.05876e-015 1.05078e-010 3.71108e-007 0.000178797 0.0117514 0.105364 0.128873 0.0215536 0.00551807 0.0681539 0.126068 0.0372882 0.0633184 0.0992498 0.0595868 0.0729583 0.062286 0.0580794 0.0496434 0.0259015 0.00410095 0.000126037 6.22706e-007
 1.77014e-026 2.21388e-020 4.20146e-015 1.08773e-010 3.84155e-007 0.000185083 0.0121645 0.109068 0.133403 0.022311 0.00571005 0.0710183 0.132299 0.0397383 0.0670099 0.0996984 0.0589021 0.0695173 0.0580357 0.0527362 0.0433255 0.0215721 0.00321239 9.20882e-005 4.23184e-007
 1.79261e-026 2.24652e-020 4.26341e-015 1.10377e-010 3.8982e-007 0.000187812 0.0123439 0.110676 0.135371 0.0226481 0.00631413 0.0752951 0.133429 0.0390752 0.0712321 0.102095 0.0612938 0.0690999 0.0552111 0.0480974 0.0376804 0.0174946 0.00239266 6.24419e-005 2.6018e-007
 1.83441e-026 2.30728e-020 4.3787e-015 1.13361e-010 4.00362e-007 0.000192891 0.0126777 0.113669 0.139031 0.0232642 0.00669324 0.0783039 0.135772 0.039706 0.0749002 0.101981 0.0613886 0.0682561 0.0531137 0.0435299 0.0319787 0.0137681 0.00173117 4.13977e-005 1.57751e-007
 1.87605e-026 2.3678e-020 4.49356e-015 1.16335e-010 4.10863e-007 0.000197951 0.0130103 0.116651 0.142678 0.0238702 0.00663306 0.0794033 0.141302 0.0418832 0.0757234 0.103953 0.0607328 0.0654707 0.050039 0.0394248 0.0268717 0.0108308 0.00129524 2.96899e-005 1.08801e-007
 1.92032e-026 2.43215e-020 4.61569e-015 1.19497e-010 4.2203e-007 0.000203331 0.0133639 0.119821 0.146556 0.0245172 0.00668052 0.0803476 0.143903 0.0425698 0.0758675 0.106353 0.0604755 0.063942 0.0471264 0.0358071 0.0228895 0.00857615 0.000978135 2.17234e-005 7.76479e-008
 1.96023e-026 2.49016e-020 4.72578e-015 1.22347e-010 4.32097e-007 0.000208181 0.0136826 0.122679 0.150052 0.0251031 0.00689754 0.0823723 0.146375 0.0429065 0.075733 0.10569 0.0594218 0.0628154 0.0453966 0.0331195 0.0198894 0.00690069 0.00074102 1.57974e-005 5.47377e-008
 2.00116e-026 2.54965e-020 4.83868e-015 1.2527e-010 4.42419e-007 0.000213154 0.0140095 0.12561 0.153637 0.025697 0.0066922 0.0819939 0.150223 0.044699 0.0749586 0.106687 0.0576885 0.0601389 0.0430945 0.030806 0.0175296 0.00571985 0.000589998 1.23704e-005 4.27743e-008
 2.01854e-026 2.57492e-020 4.88663e-015 1.26511e-010 4.46804e-007 0.000215267 0.0141483 0.126855 0.155159 0.0259497 0.00668172 0.0833854 0.155768 0.0464588 0.0739074 0.108871 0.0564859 0.0574117 0.0399273 0.0280692 0.0154363 0.00478367 0.000477021 9.89772e-006 3.4405e-008
 2.02707e-026 2.58731e-020 4.91015e-015 1.2712e-010 4.48954e-007 0.000216303 0.0142164 0.127465 0.155906 0.0260652 0.00610597 0.0804203 0.160073 0.0495445 0.0719916 0.113359 0.0562523 0.0562858 0.0378208 0.0257636 0.0138577 0.00422394 0.000422926 9.0558e-006 3.31041e-008
 2.05028e-026 2.62106e-020 4.97419e-015 1.28778e-010 4.54809e-007 0.000219124 0.0144018 0.129127 0.157939 0.0264084 0.00641348 0.082928 0.16143 0.0487223 0.0707581 0.113679 0.0559497 0.0557123 0.0363012 0.0237923 0.0122458 0.00361138 0.000353145 7.48555e-006 2.74429e-008
 2.02773e-026 2.58826e-020 4.91194e-015 1.27167e-010 4.49118e-007 0.000216382 0.0142216 0.127512 0.155963 0.0260745 0.00617463 0.0826296 0.166906 0.0517076 0.0707879 0.115596 0.0551504 0.0547179 0.0352997 0.0224911 0.0110678 0.00316844 0.000308782 6.64258e-006 2.50206e-008
 2.00771e-026 2.55917e-020 4.85673e-015 1.25737e-010 4.4407e-007 0.000213949 0.0140618 0.126078 0.15421 0.0257775 0.00585394 0.080701 0.168687 0.0534143 0.0699915 0.120753 0.0574599 0.0554627 0.0337271 0.0207311 0.00986232 0.00274108 0.000267618 5.9201e-006 2.32649e-008
 2.09008e-026 2.6789e-020 5.08397e-015 1.3162e-010 4.64847e-007 0.00022396 0.0147197 0.131977 0.161425 0.0269761 0.00552613 0.0791524 0.173994 0.056769 0.0655093 0.120415 0.0550542 0.0506652 0.0300873 0.0173196 0.00783229 0.00213634 0.000211365 4.89385e-006 2.05383e-008
 2.11322e-026 2.71255e-020 5.14782e-015 1.33273e-010 4.70685e-007 0.000226772 0.0149045 0.133635 0.163452 0.0273113 0.00532652 0.0782632 0.177592 0.059056 0.0624914 0.121837 0.0552052 0.0490543 0.0280685 0.0152507 0.00645881 0.00169337 0.000168776 4.06833e-006 1.816e-008
 2.12715e-026 2.7328e-020 5.18625e-015 1.34268e-010 4.74199e-007 0.000228465 0.0150158 0.134632 0.164672 0.0275114 0.00506163 0.0765013 0.179989 0.0614635 0.0602302 0.123539 0.055584 0.0477702 0.0269752 0.01385 0.00547806 0.00135927 0.000134458 3.36144e-006 1.59509e-008
 2.1414e-026 2.75351e-020 5.22555e-015 1.35286e-010 4.77792e-007 0.000230197 0.0151296 0.135653 0.16592 0.0277191 0.00505806 0.0773517 0.184354 0.063359 0.058122 0.123133 0.0548856 0.0452556 0.0253578 0.0125847 0.00469392 0.00108643 0.000103541 2.60571e-006 1.28216e-008
 2.15254e-026 2.76971e-020 5.2563e-015 1.36082e-010 4.80604e-007 0.000231551 0.0152186 0.136451 0.166897 0.0278795 0.00484195 0.0753495 0.184069 0.0645525 0.056629 0.123503 0.0554332 0.0452815 0.0255721 0.0124967 0.00451466 0.000987163 8.97087e-005 2.23537e-006 1.12548e-008
 2.21722e-026 2.86375e-020 5.43477e-015 1.40702e-010 4.96922e-007 0.000239413 0.0157354 0.141084 0.172563 0.0288258 0.00495409 0.0766577 0.186497 0.0648564 0.0530765 0.116783 0.0527286 0.0432288 0.0249206 0.0124055 0.00443095 0.000931118 8.01183e-005 1.91866e-006 9.52493e-009
 2.20836e-026 2.85086e-020 5.4103e-015 1.40069e-010 4.94685e-007 0.000238335 0.0156645 0.140449 0.171786 0.0286936 0.00475283 0.0758379 0.191355 0.0686816 0.0525294 0.118606 0.0524779 0.0394318 0.0228765 0.0114619 0.00419806 0.000883097 7.45208e-005 1.75309e-006 8.6892e-009
 2.2368e-026 2.8922e-020 5.48876e-015 1.421e-010 5.01859e-007 0.000241792 0.0158917 0.142486 0.174278 0.0291065 0.00450211 0.0733013 0.190876 0.0703646 0.050828 0.120574 0.0541368 0.037863 0.0211504 0.00988483 0.00365399 0.000791886 6.80633e-005 1.6153e-006 8.11149e-009
 2.31146e-026 3.00074e-020 5.69474e-015 1.47433e-010 5.20692e-007 0.000250866 0.0164881 0.147833 0.180818 0.0301987 0.00465277 0.0753784 0.195441 0.0714436 0.0470845 0.112841 0.0507963 0.0349694 0.0195035 0.00861795 0.00298411 0.000641393 5.63127e-005 1.35504e-006 6.84594e-009
 2.27002e-026 2.94049e-020 5.58041e-015 1.44473e-010 5.10238e-007 0.000245829 0.016157 0.144865 0.177188 0.0295905 0.00439904 0.0730402 0.19532 0.0735498 0.048174 0.118295 0.0532856 0.0346907 0.0194217 0.00838018 0.00277923 0.000567061 4.99567e-005 1.24605e-006 6.53952e-009
 2.33719e-026 3.03815e-020 5.76575e-015 1.49271e-010 5.27184e-007 0.000253993 0.0166937 0.149676 0.183072 0.0305733 0.00451627 0.0741285 0.196186 0.0729706 0.045506 0.11258 0.0512014 0.033423 0.018469 0.00772503 0.0024979 0.000485012 4.07913e-005 1.00921e-006 5.37767e-009
 2.38702e-026 3.11059e-020 5.90321e-015 1.5283e-010 5.39754e-007 0.000260049 0.0170917 0.153245 0.187437 0.0313083 0.00512296 0.0790186 0.193107 0.0668836 0.0480554 0.110921 0.0477109 0.0323226 0.0174754 0.00733246 0.00226362 0.000412754 3.17712e-005 7.16558e-007 3.53484e-009
 2.44042e-026 3.18821e-020 6.05052e-015 1.56643e-010 5.53222e-007 0.000266538 0.0175182 0.157068 0.192114 0.0320963 0.00581659 0.0857137 0.197034 0.0647297 0.049856 0.10348 0.0417192 0.0292017 0.0149163 0.00624718 0.00187811 0.000320719 2.23185e-005 4.46056e-007 1.94287e-009
 2.50616e-026 3.28376e-020 6.23186e-015 1.61338e-010 5.69803e-007 0.000274527 0.0180432 0.161776 0.197872 0.0330679 0.00667379 0.0920324 0.195125 0.0600572 0.0536422 0.0998163 0.0374871 0.025568 0.0120426 0.00488243 0.00140003 0.000224072 1.39272e-005 2.40212e-007 8.8916e-010
 2.59581e-026 3.41407e-020 6.47916e-015 1.67741e-010 5.92414e-007 0.000285421 0.0187592 0.168196 0.205724 0.0343942 0.00788321 0.100971 0.195872 0.0560824 0.0541114 0.0880769 0.032013 0.0228804 0.00987495 0.00373465 0.000987956 0.000144391 7.92279e-006 1.15904e-007 3.54971e-010
 2.54726e-026 3.34346e-020 6.34516e-015 1.64271e-010 5.80162e-007 0.000279518 0.0183712 0.164717 0.20147 0.0336966 0.00873873 0.107723 0.198592 0.0554025 0.061759 0.0905693 0.0295548 0.0184994 0.00735709 0.00257604 0.00061005 7.941e-005 3.83732e-006 4.83323e-008 1.2475e-010
 2.5357e-026 3.32662e-020 6.31319e-015 1.63444e-010 5.77239e-007 0.00027811 0.0182787 0.163887 0.200455 0.033558 0.0106184 0.119167 0.196623 0.0511601 0.0670089 0.0860008 0.0277613 0.0173347 0.00576764 0.00170738 0.000352698 3.88832e-005 1.5641e-006 1.61834e-008 3.38074e-011
 2.54444e-026 3.33931e-020 6.33728e-015 1.64068e-010 5.79442e-007 0.000279171 0.0183484 0.164513 0.20122 0.0337288 0.0128572 0.129187 0.188425 0.0468568 0.0740242 0.0791832 0.0268737 0.0172998 0.00550057 0.00144498 0.000236376 2.0868e-005 6.61245e-007 5.31112e-009 8.54532e-012
 2.62197e-026 3.45201e-020 6.55116e-015 1.69605e-010 5.98998e-007 0.000288593 0.0189677 0.170065 0.208011 0.0349165 0.0153392 0.13818 0.179276 0.0435293 0.075983 0.0679067 0.0252888 0.0157037 0.0050697 0.00128412 0.000177852 1.18287e-005 2.78762e-007 1.66425e-009 1.98287e-012
 2.67187e-026 3.52454e-020 6.6888e-015 1.73168e-010 6.11583e-007 0.000294656 0.0193662 0.173638 0.212381 0.0356858 0.0170157 0.143873 0.174556 0.0430744 0.078699 0.0615158 0.0223881 0.0124813 0.00394103 0.000959466 0.000123547 6.65809e-006 1.16192e-007 5.09931e-010 4.52191e-013
 2.72506e-026 3.60186e-020 6.83554e-015 1.76967e-010 6.25e-007 0.00030112 0.019791 0.177447 0.217041 0.0365319 0.0196521 0.152192 0.168287 0.0417232 0.0787652 0.0546078 0.0201992 0.00999574 0.002781 0.000608651 7.19472e-005 3.34966e-006 4.5531e-008 1.45811e-010 9.34541e-014
 2.74244e-026 3.62712e-020 6.88347e-015 1.78208e-010 6.29382e-007 0.000303232 0.0199298 0.178691 0.218563 0.0368895 0.0230871 0.160373 0.158336 0.041731 0.082224 0.0492886 0.0193617 0.00862419 0.00216162 0.000395001 3.91872e-005 1.53997e-006 1.68255e-008 4.04894e-011 1.86257e-014
 2.86069e-026 3.79903e-020 7.20972e-015 1.86654e-010 6.59212e-007 0.000317603 0.0208744 0.187161 0.228922 0.0387677 0.027264 0.166391 0.144103 0.0409216 0.0779869 0.0403253 0.0178557 0.00712628 0.00169816 0.000263072 2.06134e-005 6.27773e-007 5.30561e-009 9.61329e-012 3.20735e-015
 2.87221e-026 3.81576e-020 7.24148e-015 1.87477e-010 6.62116e-007 0.000319003 0.0209664 0.187985 0.229932 0.0391015 0.0314599 0.173245 0.135379 0.0437413 0.0786369 0.0356989 0.0162732 0.00577205 0.0013029 0.000175279 1.10358e-005 2.51106e-007 1.56437e-009 2.09809e-012 5.15073e-016
 2.86904e-026 3.81114e-020 7.23271e-015 1.87249e-010 6.61314e-007 0.000318616 0.020941 0.187757 0.229653 0.0391078 0.0327821 0.175952 0.134171 0.0457267 0.0773909 0.0338371 0.0159574 0.00518231 0.00108344 0.000130572 7.00934e-006 1.26992e-007 6.05006e-010 6.1888e-013 1.17215e-016
 2.83437e-026 3.76074e-020 7.13705e-015 1.84773e-010 6.52568e-007 0.000314402 0.020664 0.185274 0.226616 0.0386012 0.0327561 0.175753 0.134075 0.0475899 0.0805006 0.0351422 0.0163593 0.00519034 0.00104255 0.000114469 5.46461e-006 8.51419e-008 3.35926e-010 2.78642e-013 4.2734e-017
 2.87075e-026 3.81364e-020 7.23745e-015 1.87372e-010 6.61748e-007 0.000318825 0.0209547 0.187881 0.229804 0.0391768 0.0334102 0.173316 0.128014 0.0472447 0.0795945 0.0354118 0.0178644 0.00572883 0.0011532 0.000121491 5.27602e-006 7.22989e-008 2.4563e-010 1.7199e-013 2.19626e-017
 2.82865e-026 3.75243e-020 7.12128e-015 1.84365e-010 6.51126e-007 0.000313708 0.0206183 0.184865 0.226116 0.0385519 0.0332306 0.173526 0.129063 0.0484658 0.0807454 0.036563 0.0196207 0.00670683 0.00145094 0.000155429 6.5641e-006 8.3747e-008 2.58142e-010 1.62157e-013 1.84375e-017
 2.88979e-026 3.84133e-020 7.28999e-015 1.88733e-010 6.66552e-007 0.00032114 0.0211068 0.189245 0.231472 0.0393929 0.0320354 0.17174 0.131077 0.0462137 0.0767079 0.0347829 0.0179526 0.00631654 0.00145875 0.00016916 7.46032e-006 9.53893e-008 2.86072e-010 1.71746e-013 1.85167e-017
 2.92612e-026 3.89415e-020 7.39024e-015 1.91328e-010 6.75719e-007 0.000325556 0.0213971 0.191847 0.234655 0.0399123 0.0316972 0.170493 0.130546 0.0450793 0.0756819 0.0341212 0.0169057 0.0058309 0.00133537 0.000163567 7.759e-006 1.0432e-007 3.18373e-010 1.89949e-013 2.00507e-017
 2.91673e-026 3.8805e-020 7.36434e-015 1.90657e-010 6.7335e-007 0.000324415 0.0213221 0.191175 0.233833 0.0397444 0.0311012 0.170883 0.133588 0.0449604 0.0756788 0.0341152 0.016424 0.00550396 0.00119489 0.000144302 7.14857e-006 1.03359e-007 3.36658e-010 2.10229e-013 2.28229e-017
 2.94897e-026 3.92736e-020 7.45327e-015 1.9296e-010 6.81481e-007 0.000328333 0.0215796 0.193483 0.236657 0.0402254 0.0312627 0.170314 0.132014 0.044032 0.0745354 0.0334592 0.0157549 0.00515905 0.0010672 0.000121378 5.82857e-006 8.57487e-008 2.91982e-010 1.91068e-013 2.15363e-017
 2.94297e-026 3.91865e-020 7.43673e-015 1.92531e-010 6.79969e-007 0.000327604 0.0215317 0.193054 0.236131 0.0401749 0.0320459 0.170654 0.129357 0.0446708 0.0753846 0.0336562 0.0164478 0.00535491 0.00108616 0.000117439 5.27597e-006 7.38527e-008 2.47064e-010 1.62377e-013 1.8532e-017
 2.98482e-026 3.9795e-020 7.55221e-015 1.95521e-010 6.90528e-007 0.000332691 0.021866 0.196052 0.239798 0.0407666 0.0315077 0.16904 0.129177 0.0438807 0.072747 0.0324309 0.0159445 0.00525158 0.00108434 0.000115688 4.99355e-006 6.63751e-008 2.13164e-010 1.37372e-013 1.56596e-017
 2.99944e-026 4.00076e-020 7.59256e-015 1.96566e-010 6.94217e-007 0.000334468 0.0219828 0.197099 0.241079 0.0410267 0.0323486 0.168092 0.1245 0.043832 0.0728732 0.0328115 0.0169359 0.0057136 0.00123116 0.000134099 5.71196e-006 7.23693e-008 2.18024e-010 1.31805e-013 1.42209e-017
 3.04219e-026 4.06291e-020 7.71051e-015 1.99619e-010 7.05002e-007 0.000339664 0.0223244 0.200161 0.244825 0.0416559 0.0323594 0.167156 0.123178 0.04319 0.0699475 0.031238 0.0164771 0.00570994 0.00128548 0.000145727 6.35109e-006 7.98716e-008 2.32476e-010 1.33775e-013 1.36789e-017
 3.13263e-026 4.19441e-020 7.96007e-015 2.0608e-010 7.2782e-007 0.000350658 0.0230469 0.20664 0.252749 0.0429675 0.0317996 0.163071 0.119471 0.0415117 0.0665369 0.0295713 0.0154489 0.00541153 0.00126609 0.000150465 6.82651e-006 8.77395e-008 2.55054e-010 1.43703e-013 1.41972e-017
 3.1141e-026 4.16748e-020 7.90895e-015 2.04757e-010 7.23146e-007 0.000348406 0.0228989 0.205312 0.251125 0.0426716 0.0312694 0.162713 0.120948 0.0416558 0.0669057 0.0303756 0.0163499 0.00583813 0.00140257 0.000174984 8.40328e-006 1.13512e-007 3.42077e-010 1.96914e-013 1.96204e-017
 2.1672e-026 2.79069e-020 5.29612e-015 1.37113e-010 4.84245e-007 0.000233305 0.0153339 0.137485 0.168162 0.0286436 0.0293261 0.191862 0.176753 0.0570665 0.0995957 0.051925 0.0286594 0.0114812 0.0030225 0.000425366 2.408e-005 3.98081e-007 1.49289e-009 1.07444e-012 1.3375e-016
 2.2937e-026 2.9729e-020 5.64191e-015 1.46065e-010 5.15865e-007 0.000248564 0.0163602 0.149737 0.23744 0.171598 0.0592509 0.102976 0.127251 0.0683988 0.0455524 0.0168393 0.003921 0.000410884 1.47837e-005 1.37354e-007 2.66304e-010 9.37177e-014 5.4921e-018 5.07861e-023 2.54749e-027
 2.89016e-026 3.8419e-020 7.29108e-015 1.88761e-010 6.66651e-007 0.000321188 0.02111 0.189273 0.231507 0.0393658 0.0277585 0.144344 0.151114 0.0647487 0.064791 0.043298 0.0180983 0.00392367 0.000338014 8.69206e-006 5.25052e-008 6.24915e-011 1.30453e-014 4.43471e-019 2.34321e-024
 5.60658e-026 7.80936e-020 1.48446e-014 3.85052e-010 1.36295e-006 0.000658386 0.0434056 0.390581 0.479757 0.0807069 0.00305368 0.00103003 0.000481415 0.000255974 6.31672e-005 5.47778e-006 1.2773e-007 6.52311e-010 6.30281e-013 1.0453e-016 2.78911e-021 1.39469e-026 2.47388e-027 2.47244e-027 2.47137e-027
 3.73601e-026 5.07163e-020 9.62485e-015 2.4918e-010 8.80037e-007 0.000423995 0.027867 0.249856 0.305607 0.0516891 0.0311438 0.175885 0.140885 0.0158374 0.000620033 0.000151045 3.11321e-005 1.88811e-006 2.58854e-008 6.89044e-011 3.21532e-014 2.45595e-018 2.93111e-023 2.52879e-027 2.47375e-027
 2.99022e-026 3.98732e-020 7.56705e-015 1.95905e-010 6.91885e-007 0.000333345 0.021909 0.196437 0.240273 0.0414705 0.0430653 0.175576 0.103498 0.0587043 0.0939223 0.0237888 0.000978711 3.98351e-005 2.27708e-006 3.09018e-008 7.63039e-011 3.15653e-014 2.07631e-018 2.09552e-023 2.50856e-027
 2.60314e-026 3.4246e-020 6.49914e-015 1.68258e-010 5.94241e-007 0.000286301 0.0188171 0.168714 0.206364 0.035585 0.0374014 0.158697 0.0992496 0.0687883 0.0985616 0.0610918 0.0409293 0.00539474 0.000117784 1.24054e-006 8.60231e-009 1.23325e-011 2.83502e-015 9.97249e-020 5.26059e-025
 2.67104e-026 3.52342e-020 6.68667e-015 1.73113e-010 6.11388e-007 0.000294562 0.01936 0.173583 0.212316 0.0361121 0.0264724 0.130908 0.0945507 0.0559731 0.0922597 0.0642386 0.0579912 0.0305053 0.00528282 0.000151861 7.40787e-007 1.06723e-009 5.34049e-013 5.20786e-017 7.78802e-022
 5.48634e-026 7.61626e-020 1.44541e-014 3.74219e-010 1.32182e-006 0.000637171 0.0419615 0.379119 0.477351 0.088562 0.00462338 0.00361271 0.00180638 0.00128167 0.000750104 0.000266215 2.68826e-005 4.79361e-007 1.2922e-009 5.60845e-013 4.92996e-017 9.9916e-022 6.30481e-027 2.47259e-027 2.47146e-027
 5.53125e-026 7.68156e-020 1.4578e-014 3.77425e-010 1.33311e-006 0.000642576 0.0423113 0.382212 0.481693 0.0901017 0.00299018 3.85451e-005 6.66459e-006 2.24216e-006 3.60769e-007 1.3842e-008 9.00234e-011 8.74023e-014 1.22711e-017 2.55502e-022 3.32747e-027 2.47584e-027 2.47387e-027 2.47245e-027 2.47138e-027
 5.49399e-026 7.62739e-020 1.44751e-014 3.74755e-010 1.32361e-006 0.000637896 0.0419871 0.37919 0.480394 0.0940067 0.00374448 3.8158e-005 9.57685e-008 1.66644e-009 5.79892e-011 3.8833e-013 4.07856e-016 6.25175e-020 1.36089e-024 2.48748e-027 2.47875e-027 2.47586e-027 2.47389e-027 2.47246e-027 2.47139e-027
 5.01336e-026 6.92909e-020 1.31499e-014 3.40441e-010 1.20234e-006 0.00057928 0.038073 0.341364 0.417532 0.069905 0.0119892 0.0623875 0.0518852 0.00617012 0.00011279 3.57082e-007 2.25252e-010 1.73544e-013 2.81362e-016 8.06654e-020 3.3765e-024 2.49947e-027 2.47582e-027 2.47368e-027 2.47222e-027
 4.10345e-026 5.60598e-020 1.06389e-014 2.75434e-010 9.72757e-007 0.000468667 0.030803 0.276181 0.337805 0.0568242 0.0219498 0.126624 0.10614 0.0184246 0.0177379 0.00668348 0.000355273 2.69435e-006 3.01844e-009 5.25515e-013 1.84332e-017 6.0692e-022 1.29612e-026 2.47662e-027 2.47388e-027
 4.10846e-026 5.61331e-020 1.06528e-014 2.75794e-010 9.7403e-007 0.00046928 0.0308433 0.276542 0.338247 0.0569155 0.021004 0.111073 0.0860832 0.0230446 0.0364265 0.0146469 0.00392466 0.000755383 2.34058e-005 1.00905e-007 6.0731e-011 5.16202e-015 6.3014e-020 1.18685e-025 2.47527e-027
 3.86818e-026 5.26394e-020 9.98981e-015 2.58629e-010 9.13407e-007 0.000440072 0.0289236 0.25933 0.317195 0.0533249 0.0199445 0.119846 0.105212 0.0259436 0.0376666 0.0189043 0.00988509 0.00298568 0.000381436 1.61891e-005 1.11377e-007 1.06941e-010 1.4146e-014 2.58229e-019 6.55258e-025
#obs surv len freq
 nan nan nan nan nan nan nan nan nan nan nan nan nan nan nan nan nan nan nan nan nan nan nan nan nan
 4.91039e-027 7.72858e-021 1.65941e-015 4.86046e-011 1.9421e-007 0.000105861 0.00787178 0.0798507 0.1105 0.0213159 0.0184394 0.0957776 0.0706293 0.0277652 0.0806922 0.0515482 0.0552041 0.0534622 0.0510546 0.0495224 0.0503005 0.0512849 0.0542192 0.0512759 0.01918
 5.28411e-027 8.31679e-021 1.7857e-015 5.23038e-011 2.08991e-007 0.000113918 0.00847089 0.085928 0.11891 0.0229387 0.0198596 0.103157 0.0760704 0.029882 0.0868173 0.0552597 0.0581734 0.0548638 0.0484149 0.0439155 0.0424006 0.0424089 0.0445762 0.0420968 0.0157422
 5.52485e-027 8.6957e-021 1.86706e-015 5.46868e-011 2.18513e-007 0.000119108 0.00885682 0.0898429 0.124327 0.0239848 0.0208073 0.108087 0.0797064 0.0313347 0.0910617 0.0579605 0.0610007 0.0572552 0.0494008 0.0420245 0.0371179 0.0348644 0.0358878 0.0337481 0.0126123
 5.69947e-027 8.97053e-021 1.92607e-015 5.64152e-011 2.25419e-007 0.000122873 0.00913674 0.0926824 0.128257 0.0247416 0.0214151 0.111236 0.0820305 0.0322892 0.0938755 0.0597403 0.0628196 0.0589271 0.0506759 0.0423466 0.0350445 0.0296263 0.0286199 0.0265198 0.00989297
 5.80071e-027 9.12987e-021 1.96028e-015 5.74173e-011 2.29423e-007 0.000125055 0.00929904 0.0943287 0.130535 0.0251811 0.0217951 0.11321 0.083484 0.0328139 0.0953555 0.0607238 0.0640504 0.0601107 0.0517262 0.0431294 0.0349825 0.027213 0.0234472 0.0207833 0.00770639
 5.8577e-027 9.21956e-021 1.97954e-015 5.79813e-011 2.31677e-007 0.000126284 0.00939039 0.0952554 0.131817 0.0254286 0.0220153 0.114355 0.0843286 0.0331507 0.0963386 0.0613411 0.0646639 0.0607547 0.0524656 0.0437931 0.0354157 0.0265768 0.0203421 0.0164517 0.0059891
 5.90384e-027 9.29219e-021 1.99513e-015 5.84381e-011 2.33502e-007 0.000127279 0.00946437 0.0960058 0.132856 0.025628 0.0221517 0.115057 0.0848469 0.0333569 0.0969403 0.061716 0.0650193 0.0610615 0.0526883 0.0440838 0.0357212 0.0265348 0.0187331 0.0133498 0.00465758
 5.92935e-027 9.33233e-021 2.00375e-015 5.86905e-011 2.34511e-007 0.000127829 0.00950525 0.0964205 0.133429 0.0257399 0.0222941 0.115804 0.085396 0.0335226 0.0973721 0.0619751 0.0652173 0.0612097 0.0527246 0.0440666 0.0357497 0.0265498 0.0179589 0.0112751 0.00366078
