SBPRF35
0.819782
Curr Bio
250991
B35
982106
F35
0.216491
FOFL
0.0487241
OFL
8800.7
Bzero
234224
#pred survey bio
 12052.8 8529.51 6856.85 7279.05 10814.6 16895.5 23969.2 33902.1 46462.2 64572.6 87919.5 115456 140733 176248 173377 162395 152969 163924 176907 167847 167182 194012 200871 223105 233596 238462 251889 254813 227661 8.25181e+06 9.37651e+06 1.00711e+07 9.53725e+06 8.39313e+06 7.09144e+06 5.8826e+06 4.86987e+06 4.07171e+06 3.46655e+06 3.01905e+06 2.69333e+06 2.4584e+06 2.28954e+06 2.16684e+06 2.0764e+06 2.01225e+06 1.96624e+06 1.93284e+06 1.90831e+06 1.89008e+06 1.87637e+06 1.86594e+06 1.85793e+06 1.85172e+06 1.84687e+06 1.84304e+06 1.84001e+06 1.83759e+06 1.83565e+06 1.83409e+06 1.83283e+06 1.83182e+06 1.83099e+06 1.83032e+06 1.82978e+06 1.82933e+06 1.82897e+06 1.82867e+06 1.82843e+06 1.82824e+06 1.82807e+06 1.82794e+06 1.82784e+06 1.82775e+06 1.82768e+06 1.82762e+06 1.82757e+06 1.82753e+06 1.8275e+06 1.82747e+06 1.82745e+06 1.82743e+06 1.82742e+06 1.8274e+06 1.82739e+06 1.82739e+06 1.82738e+06 1.82737e+06 1.82737e+06 1.82737e+06 1.82736e+06 1.82736e+06 1.82736e+06 1.82736e+06 1.82736e+06 1.82736e+06 1.82735e+06 1.82735e+06 1.82735e+06 1.82735e+06 1.82735e+06 1.82735e+06 1.82735e+06 1.82735e+06 1.82735e+06 1.82735e+06 1.82735e+06 1.82735e+06 1.82735e+06 1.82735e+06 1.82735e+06 1.82735e+06 1.82735e+06 1.82735e+06 1.82735e+06 1.82735e+06 1.82735e+06 1.82735e+06 1.82735e+06 1.82735e+06 1.82735e+06 1.82735e+06 1.82735e+06 1.82735e+06 1.82735e+06 1.82735e+06 1.82735e+06 1.82735e+06 1.82735e+06 0 0 0 0 0 0 0 0 0 0 0 0 0 0 0 0 0 0 0 0 0 0 0 0 0
#obs survey bio
 12566.1 9503.55 8650.52 6132.03 14321.4 19775.4 25443.7 35033 52889.4 58826.2 106594 100170 118331 158636 139124 86940.5 137408 197957 187711 206673 144720 278565 194950 201130 261040 240840 236465 210108 235427
#pred catch bio
 6815.13 4231.67 3347.39 3366.79 5049.18 9319.89 13815.8 20773 30502.6 43996.5 59042.3 83173.3 97239.8 129890 130702 132072 120736 124160 141231 138047 134756 165236 169747 191569 201115 204159 220479 232955 197308 8800.7 78540.3 83726.9 78449.4 68097.1 56591 46073.1 37396.7 30677.7 25689.4 22094.1 19557.5 17796 16586.6 15757.6 15189.4 14814.8 14567.7 14404.9 14297.5 14226.7 14180 14149.2 14128.9 14115.5 14106.7 14100.9 14097 14094.5 14092.8 14091.7 14091 14090.5 14090.2 14090 14089.9 14089.8 14089.7 14089.7 14089.6 14089.6 14089.6 14089.6 14089.6 14089.6 14089.6 14089.6 14089.6 14089.6 14089.6 14089.6 14089.6 14089.6 14089.6 14089.6 14089.6 14089.6 14089.6 14089.6 14089.6 14089.6 14089.6 14089.6 14089.6 14089.6 14089.6 14089.6 14089.6 14089.6 14089.6 14089.6 14089.6 14089.6 14089.6 14089.6 14089.6 14089.6 14089.6 14089.6 14089.6 14089.6 14089.6 14089.6 14089.6 14089.6 14089.6 14089.6 14089.6 14089.6 14089.6 14089.6 14089.6 14089.6 14089.6 14089.6 14089.6 14089.6 14089.6 14089.6 14089.6 0 0 0 0 0 0 0 0 0 0 0 0 0 0 0 0 0 0 0 0 0 0 0 0 0
#obs catch bio
 3388.87 4083.96 3550.43 3360.11 4728.44 8488.23 12782.5 19298.1 29653.4 44127.2 52048.6 75544.4 90719.3 119726 128097 151627 122919 113102 134792 127787 134378 148890 160310 177632 189953 182908 197675 217145 198313
#pred cpue bio
 11612.5 8271.09 6490.69 6541.86 9618.25 15061.8 21180.2 30037.5 40641.9 55886.3 76919.5 101333 122284 157507 156409 144062 133469 143924 156983 148053 143481 168121 171926 191574 201584 205313 215942 220260 195266 7.11814e+06 9.34546e+06 1.00401e+07 9.50625e+06 8.36213e+06 7.06044e+06 5.8516e+06 4.83886e+06 4.04071e+06 3.43555e+06 2.98805e+06 2.66233e+06 2.4274e+06 2.25854e+06 2.13584e+06 2.04539e+06 1.98125e+06 1.93523e+06 1.90184e+06 1.87731e+06 1.85908e+06 1.84537e+06 1.83494e+06 1.82693e+06 1.82072e+06 1.81586e+06 1.81204e+06 1.809e+06 1.80658e+06 1.80465e+06 1.80309e+06 1.80183e+06 1.80081e+06 1.79999e+06 1.79932e+06 1.79877e+06 1.79833e+06 1.79797e+06 1.79767e+06 1.79743e+06 1.79723e+06 1.79707e+06 1.79694e+06 1.79683e+06 1.79674e+06 1.79667e+06 1.79661e+06 1.79657e+06 1.79653e+06 1.79649e+06 1.79647e+06 1.79645e+06 1.79643e+06 1.79641e+06 1.7964e+06 1.79639e+06 1.79638e+06 1.79638e+06 1.79637e+06 1.79637e+06 1.79636e+06 1.79636e+06 1.79636e+06 1.79636e+06 1.79635e+06 1.79635e+06 1.79635e+06 1.79635e+06 1.79635e+06 1.79635e+06 1.79635e+06 1.79635e+06 1.79635e+06 1.79635e+06 1.79635e+06 1.79635e+06 1.79635e+06 1.79635e+06 1.79635e+06 1.79635e+06 1.79635e+06 1.79635e+06 1.79635e+06 1.79635e+06 1.79635e+06 1.79635e+06 1.79635e+06 1.79635e+06 1.79635e+06 1.79635e+06 1.79635e+06 1.79635e+06 1.79635e+06 1.79635e+06 1.79635e+06 1.79635e+06 1.79635e+06 1.79635e+06 1.79635e+06 1.79635e+06 0 0 0 0 0 0 0 0 0 0 0 0 0 0 0 0 0 0 0 0 0 0 0 0 0
#obs cpue bio
 8564.24 7146.24 5221.74 6869.47 12243.5 21829.4 22558.3 38471.6 34069.3 56450.7 136862 160647 161589 247686 185697 133657 158063 197483 166071 179884 135271 223578 196235 285071 225030 334582 339938 346881 191325
#pred surv len freq
 5.11877e-12 5.55837e-10 3.55853e-08 1.34317e-06 2.9891e-05 0.000392223 0.00303596 0.0138924 0.0379981 0.0654594 0.0861795 0.11849 0.160158 0.163439 0.124623 0.08427 0.0550907 0.0337388 0.0199806 0.0120386 0.00764102 0.0052972 0.00394284 0.00276657 0.00153476
 4.61635e-12 5.0128e-10 3.20924e-08 1.21133e-06 2.6957e-05 0.000353721 0.0027378 0.0125249 0.034214 0.0585953 0.0756594 0.101413 0.137532 0.1483 0.129641 0.105128 0.0780398 0.0506649 0.0296894 0.0162139 0.00862259 0.00481527 0.00296464 0.00186513 0.000996523
 7.81206e-12 8.48297e-10 5.43087e-08 2.04989e-06 4.56175e-05 0.000598537 0.00463107 0.0211487 0.0572585 0.0939674 0.103168 0.100751 0.109886 0.11211 0.0998785 0.0868426 0.073066 0.0559767 0.0377825 0.0219442 0.0111573 0.00528153 0.00255722 0.00131501 0.000631367
 1.16096e-11 1.26066e-09 8.07086e-08 3.04635e-06 6.77923e-05 0.000889474 0.00688159 0.0314136 0.0848762 0.137892 0.144869 0.125166 0.117853 0.105182 0.0754038 0.0501141 0.0369651 0.0293153 0.0224471 0.0151931 0.00864481 0.00411581 0.001729 0.00070149 0.00027682
 1.13754e-11 1.23524e-09 7.90809e-08 2.98491e-06 6.64252e-05 0.000871545 0.0067432 0.0307891 0.0832891 0.136119 0.146757 0.136143 0.137648 0.123817 0.0832199 0.0465976 0.0262013 0.0156761 0.0102948 0.00714486 0.00458632 0.00245752 0.001065 0.000385822 0.000123706
 1.10232e-11 1.19698e-09 7.6632e-08 2.89248e-06 6.43682e-05 0.000844558 0.00653448 0.029838 0.0807427 0.132171 0.143496 0.135625 0.140036 0.128294 0.0891466 0.0524014 0.0293618 0.0152912 0.00760966 0.00401832 0.00231168 0.0012966 0.000615311 0.000230283 6.79251e-05
 1.14475e-11 1.24306e-09 7.9582e-08 3.00382e-06 6.68461e-05 0.000877067 0.00678593 0.0309844 0.0838204 0.137011 0.147831 0.137441 0.139435 0.126165 0.0860132 0.0491831 0.0273105 0.0144543 0.00702218 0.00315618 0.00137916 0.000629435 0.000286032 0.000111597 3.36234e-05
 1.11627e-11 1.21214e-09 7.76024e-08 2.92911e-06 6.51834e-05 0.000855254 0.00661728 0.0302171 0.0817823 0.133983 0.145968 0.139118 0.144354 0.130987 0.0879002 0.0484551 0.0257443 0.0131607 0.00627344 0.00277364 0.00111426 0.00041272 0.000148852 5.17909e-05 1.54108e-05
 1.18779e-11 1.2898e-09 8.25739e-08 3.11676e-06 6.93592e-05 0.00091004 0.00704098 0.0321475 0.086947 0.141962 0.152429 0.139857 0.139808 0.125053 0.0834637 0.0456535 0.0238438 0.0118097 0.00538975 0.00228807 0.000887846 0.000307702 9.49654e-05 2.6739e-05 6.83831e-06
 1.23135e-11 1.3371e-09 8.56026e-08 3.23107e-06 7.19031e-05 0.000943416 0.00729916 0.0333251 0.0901154 0.147002 0.157215 0.14265 0.140629 0.1239 0.0799674 0.0408581 0.0198105 0.0093987 0.0041737 0.0017124 0.000635885 0.000209867 6.04309e-05 1.49625e-05 3.18791e-06
 1.1602e-11 1.25983e-09 8.06558e-08 3.04436e-06 6.77481e-05 0.000888905 0.00687764 0.0314058 0.0849969 0.139228 0.151572 0.144101 0.148626 0.132637 0.0847283 0.0418081 0.0191255 0.00844851 0.00347153 0.00133671 0.000474643 0.000150086 4.10263e-05 9.45051e-06 1.79769e-06
 1.14831e-11 1.24693e-09 7.98294e-08 3.01316e-06 6.7054e-05 0.000879798 0.00680717 0.031084 0.0841248 0.137791 0.149976 0.142546 0.147225 0.132289 0.0863088 0.0445332 0.021299 0.00943125 0.00370723 0.00132554 0.000433753 0.00012773 3.29745e-05 7.18562e-06 1.2742e-06
 1.19974e-11 1.30278e-09 8.34051e-08 3.14813e-06 7.00574e-05 0.000919201 0.00711193 0.0324729 0.087847 0.143592 0.154915 0.143871 0.145098 0.128535 0.0821987 0.0408525 0.0189085 0.00842319 0.00341571 0.00123619 0.000390964 0.000107186 2.54666e-05 5.14779e-06 8.5447e-07
 1.03095e-11 1.11949e-09 7.16706e-08 2.70521e-06 6.02011e-05 0.000789892 0.00611191 0.0279177 0.0756726 0.124888 0.140278 0.143844 0.158631 0.145091 0.0936108 0.0466835 0.0214836 0.00935592 0.00368619 0.0013219 0.000423253 0.000116245 2.66475e-05 5.02537e-06 7.69494e-07
 9.76336e-12 1.06018e-09 6.7874e-08 2.56191e-06 5.70121e-05 0.000748052 0.00578831 0.0264427 0.0717171 0.118702 0.134908 0.142085 0.160317 0.148566 0.0978217 0.0508389 0.0245354 0.0109649 0.00433103 0.00152929 0.000479065 0.000130083 2.97852e-05 5.54604e-06 8.144e-07
 1.0886e-11 1.18209e-09 7.56784e-08 2.85649e-06 6.35674e-05 0.000834055 0.0064534 0.0294721 0.0798112 0.131119 0.14453 0.141788 0.150814 0.137133 0.0901521 0.0471988 0.023198 0.0107106 0.00441765 0.00161491 0.000511486 0.000137584 3.09891e-05 5.70007e-06 8.27843e-07
 1.1648e-11 1.26484e-09 8.09759e-08 3.05644e-06 6.80171e-05 0.000892435 0.00690498 0.0315315 0.0853482 0.139892 0.152704 0.146119 0.151346 0.134291 0.083708 0.0389798 0.0166131 0.00711006 0.0029102 0.00109225 0.000359541 9.98959e-05 2.27976e-05 4.17254e-06 5.98309e-07
 1.1251e-11 1.22173e-09 7.82161e-08 2.95227e-06 6.56989e-05 0.000862022 0.0066698 0.0304603 0.0824877 0.135517 0.149374 0.146435 0.155083 0.138787 0.0868125 0.0404101 0.016813 0.00665273 0.00240428 0.000812104 0.000257362 7.24804e-05 1.70759e-05 3.21103e-06 4.65844e-07
 1.06908e-11 1.1609e-09 7.43216e-08 2.80527e-06 6.24278e-05 0.000819106 0.00633786 0.0289474 0.0784318 0.129185 0.143925 0.144795 0.157078 0.142584 0.0911988 0.0445795 0.0197677 0.00811134 0.00290632 0.000921071 0.00026202 6.67624e-05 1.50048e-05 2.82787e-06 4.19693e-07
 1.10362e-11 1.1984e-09 7.67229e-08 2.89591e-06 6.44447e-05 0.000845567 0.00654251 0.02988 0.0809286 0.133056 0.147129 0.145372 0.155157 0.139677 0.0884291 0.0424111 0.01854 0.00773973 0.00290695 0.000962131 0.000274071 6.6028e-05 1.3498e-05 2.3329e-06 3.31237e-07
 1.24978e-11 1.35712e-09 8.68838e-08 3.27943e-06 7.29794e-05 0.000957538 0.00740846 0.0338251 0.0914807 0.149335 0.160197 0.146485 0.145135 0.126601 0.078398 0.0360917 0.0148871 0.00593774 0.0021797 0.000725005 0.000213163 5.30475e-05 1.0821e-05 1.77643e-06 2.32726e-07
 1.19081e-11 1.29308e-09 8.27842e-08 3.12469e-06 6.95359e-05 0.000912362 0.00705913 0.0322346 0.0872402 0.142904 0.155573 0.147827 0.151941 0.133836 0.0819878 0.0363997 0.0141179 0.00528277 0.0018244 0.000574473 0.000163604 4.06501e-05 8.46334e-06 1.41523e-06 1.83539e-07
 1.25241e-11 1.35997e-09 8.70663e-08 3.28632e-06 7.31326e-05 0.00095955 0.00742407 0.0338972 0.091687 0.149763 0.161078 0.14829 0.147715 0.128347 0.0778215 0.0338063 0.0126035 0.00449193 0.00146292 0.000429397 0.000114025 2.67409e-05 5.38049e-06 8.93949e-07 1.17143e-07
 1.23316e-11 1.33907e-09 8.57283e-08 3.23582e-06 7.20088e-05 0.000944806 0.00731006 0.0333781 0.0903032 0.147665 0.159572 0.148737 0.149951 0.13072 0.0789935 0.0338991 0.0123446 0.00427242 0.00134122 0.000374245 9.3261e-05 2.03355e-05 3.80578e-06 5.96763e-07 7.56022e-08
 1.20549e-11 1.30902e-09 8.38044e-08 3.1632e-06 7.03928e-05 0.000923605 0.00714611 0.0326315 0.08831 0.144622 0.157283 0.149039 0.152639 0.133755 0.0807583 0.0344504 0.0123937 0.0042212 0.00129753 0.000351344 8.41117e-05 1.73976e-05 3.04698e-06 4.43683e-07 5.23849e-08
 1.21857e-11 1.32322e-09 8.47139e-08 3.19753e-06 7.11567e-05 0.000933628 0.00722361 0.0329844 0.0892514 0.146054 0.158334 0.14881 0.151241 0.13225 0.0799942 0.0343423 0.0124793 0.00427206 0.00130614 0.000348546 8.16157e-05 1.63666e-05 2.74724e-06 3.78495e-07 4.18036e-08
 1.2414e-11 1.34802e-09 8.63012e-08 3.25744e-06 7.24901e-05 0.00095112 0.00735888 0.0336005 0.0908972 0.148575 0.160273 0.148701 0.149238 0.129894 0.0784936 0.0337065 0.0122685 0.00421801 0.00129901 0.00034892 8.16205e-05 1.61759e-05 2.65585e-06 3.54257e-07 3.74545e-08
 1.19377e-11 1.29629e-09 8.29895e-08 3.13244e-06 6.97083e-05 0.000914626 0.00707668 0.0323155 0.0874698 0.143366 0.156471 0.149598 0.154434 0.135471 0.0813122 0.0340683 0.0118778 0.0039404 0.001197 0.000321405 7.55697e-05 1.50554e-05 2.47087e-06 3.26209e-07 3.37631e-08
 1.23118e-11 1.33691e-09 8.55903e-08 3.23061e-06 7.18929e-05 0.000943287 0.00729834 0.0333255 0.0901731 0.147551 0.1599 0.150116 0.152223 0.132356 0.0786395 0.0321189 0.0106548 0.00334078 0.000966208 0.000248483 5.68145e-05 1.12112e-05 1.84191e-06 2.43933e-07 2.52176e-08
#obs surv len freq
 8.1807e-12 8.88327e-10 5.68715e-08 2.14662e-06 4.77701e-05 0.000626773 0.00484923 0.022138 0.0598399 0.0974331 0.10351 0.0934518 0.0980009 0.108039 0.109795 0.101157 0.0806839 0.05575 0.034431 0.0186024 0.00818825 0.00271224 0.00063288 9.90501e-05 1.00378e-05
 1.23663e-12 1.34284e-10 8.597e-09 3.245e-07 7.22194e-06 9.47978e-05 0.000735053 0.00339285 0.00967382 0.0197542 0.0394978 0.0821087 0.135514 0.162613 0.158127 0.137809 0.106117 0.0708794 0.0413988 0.0207071 0.00838125 0.00255477 0.000548576 7.88506e-05 7.32264e-06
 1.5493e-11 1.68236e-09 1.07706e-07 4.06536e-06 9.04686e-05 0.00118696 0.00918156 0.0418756 0.112634 0.17888 0.168896 0.0992949 0.0500635 0.0499894 0.0720192 0.0794838 0.0627451 0.0388452 0.0206588 0.00946254 0.00350075 0.000971652 0.000189963 2.49032e-05 2.1121e-06
 1.3715e-11 1.48929e-09 9.53456e-08 3.59883e-06 8.00872e-05 0.0010508 0.00813001 0.0371172 0.100327 0.163129 0.171134 0.144668 0.127609 0.102423 0.0611166 0.0318537 0.0211214 0.0153692 0.0090469 0.0040388 0.00136894 0.000343114 6.05611e-05 7.18278e-06 5.52485e-07
 1.14477e-11 1.24309e-09 7.95837e-08 3.00389e-06 6.68479e-05 0.000877099 0.0067864 0.0309891 0.0838343 0.136809 0.145619 0.128792 0.124937 0.120644 0.0992416 0.066614 0.0341802 0.0134087 0.00476709 0.0017312 0.000548538 0.000128182 2.06073e-05 2.20449e-06 1.52848e-07
 1.27667e-11 1.38632e-09 8.87532e-08 3.35e-06 7.45499e-05 0.000978146 0.00756789 0.0345494 0.0933518 0.151414 0.156842 0.127844 0.112229 0.10511 0.0891263 0.0639688 0.0359067 0.0149197 0.00464786 0.00116137 0.000251643 4.66396e-05 6.59191e-06 6.39279e-07 4.02225e-08
 1.15517e-11 1.25438e-09 8.03063e-08 3.03118e-06 6.74553e-05 0.000885083 0.00684866 0.0312822 0.084719 0.138783 0.149331 0.133962 0.128382 0.118724 0.0930488 0.0615373 0.0330643 0.0137334 0.00435752 0.00105128 0.000191032 2.62352e-05 2.7362e-06 2.10778e-07 1.13054e-08
 1.20455e-11 1.308e-09 8.37393e-08 3.16075e-06 7.03389e-05 0.000922916 0.00714124 0.0326142 0.0882616 0.144041 0.152435 0.130689 0.12034 0.113623 0.0943334 0.0643045 0.0335167 0.0129175 0.00376935 0.000851964 0.000146067 1.81971e-05 1.59497e-06 9.68042e-08 4.02846e-09
 1.20395e-11 1.30734e-09 8.36972e-08 3.15917e-06 7.03038e-05 0.000922471 0.00713826 0.0326092 0.0883393 0.14473 0.155096 0.136211 0.126265 0.115319 0.0905324 0.0585365 0.0294044 0.0109922 0.00306909 0.000647553 0.000102039 1.16531e-05 9.31838e-07 5.05625e-08 1.81695e-09
 1.2297e-11 1.33531e-09 8.5488e-08 3.22676e-06 7.18082e-05 0.000942218 0.0072913 0.0333117 0.0902682 0.147978 0.158573 0.138525 0.127012 0.115215 0.0893291 0.0553024 0.0254358 0.00833677 0.00198808 0.000360653 5.02017e-05 5.1678e-06 3.74989e-07 1.84649e-08 6.00283e-10
 1.12892e-11 1.22587e-09 7.84813e-08 2.9623e-06 6.59235e-05 0.000865035 0.006695 0.0306055 0.0831295 0.137501 0.151802 0.141304 0.136674 0.124808 0.094836 0.0568305 0.0250879 0.00778043 0.00170399 0.000272199 3.233e-05 2.82797e-06 1.7715e-07 7.68139e-09 2.23103e-10
 1.23467e-11 1.34071e-09 8.58332e-08 3.2398e-06 7.20988e-05 0.000946055 0.00732163 0.0334599 0.0907507 0.149114 0.160419 0.140124 0.127564 0.115771 0.0896103 0.0536874 0.0229265 0.00667798 0.00133845 0.000191381 2.00062e-05 1.5189e-06 8.16546e-08 3.02548e-09 7.54534e-11
 1.07488e-11 1.16719e-09 7.47249e-08 2.82053e-06 6.27695e-05 0.000823702 0.00637663 0.0291755 0.0794929 0.132861 0.15093 0.146934 0.144713 0.129564 0.0946274 0.0538448 0.0224673 0.00657174 0.00133973 0.000192308 1.94411e-05 1.36713e-06 6.58647e-08 2.14355e-09 4.64495e-11
 8.51829e-12 9.24987e-10 5.92187e-08 2.23525e-06 4.97458e-05 0.000652862 0.00505601 0.0231669 0.0634669 0.10817 0.130319 0.141706 0.155496 0.151219 0.11725 0.0676031 0.0270543 0.00726923 0.00132887 0.00017144 1.59638e-05 1.05954e-06 4.84754e-08 1.4806e-09 2.95191e-11
 8.89401e-12 9.65786e-10 6.18307e-08 2.33384e-06 5.19399e-05 0.000681645 0.00527847 0.0241755 0.0660929 0.111662 0.130747 0.135597 0.146778 0.148098 0.120423 0.0716036 0.0291674 0.007962 0.00147321 0.000188392 1.67672e-05 1.03044e-06 4.3102e-08 1.20768e-09 2.22763e-11
 1.02012e-11 1.10773e-09 7.09184e-08 2.67687e-06 5.95741e-05 0.000781839 0.0060543 0.0277255 0.075734 0.127366 0.146262 0.143907 0.144367 0.135151 0.103022 0.0585292 0.0233103 0.00635962 0.00119602 0.000156361 1.41119e-05 8.62758e-07 3.50241e-08 9.29249e-10 1.59185e-11
 1.0225e-11 1.11031e-09 7.10837e-08 2.68312e-06 5.97146e-05 0.000783738 0.00607045 0.0278214 0.0761885 0.129093 0.150845 0.151311 0.150402 0.134812 0.0966006 0.0512449 0.0189978 0.00481226 0.000842548 0.000103904 9.022e-06 5.3932e-07 2.15462e-08 5.60851e-10 9.33664e-12
 9.5377e-12 1.03569e-09 6.6306e-08 2.50281e-06 5.57031e-05 0.000731162 0.00566507 0.0259914 0.071422 0.122272 0.146569 0.152875 0.156298 0.141366 0.100603 0.0521653 0.0186494 0.00450161 0.00074124 8.48745e-05 6.79752e-06 3.75835e-07 1.40209e-08 3.44707e-10 5.47048e-12
 8.98797e-12 9.75991e-10 6.24845e-08 2.35858e-06 5.24948e-05 0.000689117 0.00534097 0.0245279 0.0675932 0.116636 0.142334 0.152324 0.159118 0.146151 0.10504 0.0547586 0.0197132 0.00481707 0.000802488 9.16433e-05 7.1368e-06 3.73883e-07 1.29762e-08 2.9417e-10 4.29897e-12
 1.08873e-11 1.18224e-09 7.56889e-08 2.85699e-06 6.35863e-05 0.000834638 0.00646637 0.0296524 0.0812607 0.137476 0.158383 0.152762 0.14607 0.128926 0.0907258 0.0463361 0.0163625 0.0039447 0.000652995 7.4378e-05 5.76173e-06 2.97487e-07 1.00344e-08 2.17596e-10 2.99663e-12
 1.02584e-11 1.11395e-09 7.13172e-08 2.69204e-06 5.99195e-05 0.000786695 0.0060996 0.0280387 0.077421 0.13386 0.162069 0.165995 0.15849 0.129749 0.0826951 0.0386457 0.0126986 0.00288317 0.000453244 4.94075e-05 3.68991e-06 1.84623e-07 6.04499e-09 1.27004e-10 1.68651e-12
 1.06527e-11 1.15676e-09 7.40583e-08 2.79551e-06 6.22228e-05 0.000816932 0.00633356 0.0291017 0.0802021 0.137679 0.163462 0.162881 0.154679 0.12906 0.0830958 0.0379827 0.0117923 0.00246158 0.000350061 3.44471e-05 2.34504e-06 1.08474e-07 3.32422e-09 6.59266e-11 8.30562e-13
 1.09253e-11 1.18636e-09 7.59539e-08 2.86711e-06 6.38196e-05 0.000838008 0.0064994 0.0298939 0.0825954 0.142571 0.17051 0.169168 0.155445 0.122969 0.0748763 0.0326071 0.00971997 0.00195022 0.000264057 2.42886e-05 1.51594e-06 6.35153e-08 1.75871e-09 3.1658e-11 3.64766e-13
 9.45872e-12 1.02712e-09 6.57596e-08 2.48241e-06 5.52642e-05 0.000725971 0.00563745 0.0260242 0.0726628 0.128993 0.163892 0.176232 0.169867 0.134099 0.0787526 0.0323104 0.00890421 0.00162561 0.000198163 1.63746e-05 9.22599e-07 3.50981e-08 8.84152e-10 1.44544e-11 1.50854e-13
 9.73009e-12 1.05659e-09 6.76466e-08 2.55366e-06 5.68506e-05 0.000746801 0.00579842 0.0267492 0.0744857 0.131073 0.163254 0.171952 0.166437 0.13465 0.080682 0.033231 0.00905875 0.00161641 0.000189858 1.48239e-05 7.72402e-07 2.67214e-08 6.06992e-10 8.9355e-12 8.41474e-14
 1.01899e-11 1.10652e-09 7.08442e-08 2.67444e-06 5.95439e-05 0.000782325 0.00607699 0.0280635 0.0783087 0.138189 0.171804 0.177222 0.163961 0.125717 0.0719009 0.0286788 0.00769189 0.00136763 0.000160917 1.25243e-05 6.4122e-07 2.1375e-08 4.58614e-10 6.26789e-12 5.40917e-14
 9.51986e-12 1.03377e-09 6.6188e-08 2.49883e-06 5.56436e-05 0.000731418 0.00568858 0.0263552 0.0741507 0.133375 0.17166 0.183561 0.17128 0.128336 0.0703031 0.0265487 0.00669894 0.00111872 0.000124087 9.17949e-06 4.5089e-07 1.45086e-08 3.00664e-10 3.95055e-12 3.25111e-14
 8.80447e-12 9.56098e-10 6.12165e-08 2.3113e-06 5.14773e-05 0.000676977 0.00527156 0.0244975 0.069435 0.126978 0.168421 0.186699 0.178343 0.133985 0.0720732 0.0262163 0.00626569 0.000976725 9.99278e-05 6.77149e-06 3.04674e-07 9.03333e-09 1.73977e-10 2.1421e-12 1.66209e-14
 1.00435e-11 1.09064e-09 6.9831e-08 2.63652e-06 5.87172e-05 0.000772022 0.00600712 0.0278462 0.0783208 0.140225 0.177732 0.185224 0.168504 0.122673 0.0641038 0.0225241 0.00516318 0.000765921 7.38508e-05 4.66288e-06 1.93332e-07 5.23954e-09 9.18839e-11 1.0302e-12 7.29987e-15
#pred catch len freq
 3.94584e-12 4.28471e-10 2.74311e-08 1.03539e-06 2.30419e-05 0.000302366 0.00234102 0.010726 0.0295239 0.0523458 0.0754545 0.116929 0.167103 0.1729 0.132193 0.0894273 0.0584648 0.0358053 0.0212044 0.0127759 0.00810904 0.00562165 0.00418434 0.00293603 0.00162876
 3.37529e-12 3.66517e-10 2.34648e-08 8.85683e-07 1.97102e-05 0.000258645 0.00200247 0.00917385 0.0252379 0.0446413 0.0639373 0.0987248 0.143263 0.157099 0.137763 0.111763 0.0829679 0.0538644 0.0315643 0.0172379 0.00916711 0.00511936 0.00315185 0.00198291 0.00105945
 5.97226e-12 6.48516e-10 4.15186e-08 1.56712e-06 3.48745e-05 0.000457591 0.00354095 0.0161804 0.0439441 0.0732189 0.0854918 0.0959182 0.116941 0.123641 0.110931 0.0965432 0.0812338 0.0622344 0.0420062 0.0243973 0.0124046 0.00587197 0.0028431 0.00146202 0.000701948
 9.34532e-12 1.01479e-09 6.49678e-08 2.45221e-06 5.45708e-05 0.000716012 0.00554006 0.0253008 0.0685145 0.112553 0.124047 0.121801 0.130565 0.122391 0.0887084 0.0590648 0.0435758 0.0345583 0.0264618 0.0179104 0.0101909 0.00485192 0.00203823 0.000826951 0.000326329
 9.15469e-12 9.9409e-10 6.36426e-08 2.40219e-06 5.34578e-05 0.000701418 0.0054275 0.0247952 0.0672597 0.111413 0.127032 0.134793 0.153299 0.143598 0.097378 0.0546112 0.0307134 0.018376 0.0120679 0.00837541 0.00537621 0.00288078 0.00124842 0.000452271 0.000145012
 9.19056e-12 9.97985e-10 6.3892e-08 2.41161e-06 5.36673e-05 0.000704166 0.00544874 0.0248917 0.0675145 0.111779 0.1272 0.13447 0.152938 0.144803 0.101339 0.0596415 0.0334236 0.0174067 0.00866243 0.00457424 0.00263149 0.00147598 0.000700437 0.000262142 7.73223e-05
 9.72799e-12 1.05634e-09 6.76281e-08 2.55263e-06 5.68055e-05 0.000745339 0.00576719 0.0263435 0.0714104 0.117893 0.132616 0.136565 0.151861 0.141882 0.0974121 0.0557697 0.0309726 0.0163927 0.0079639 0.00357944 0.00156411 0.000713846 0.00032439 0.000126563 3.81325e-05
 9.6344e-12 1.04618e-09 6.69775e-08 2.52807e-06 5.6259e-05 0.00073817 0.0057118 0.0260922 0.070754 0.117007 0.132521 0.138551 0.155732 0.145216 0.0980317 0.0540974 0.0287459 0.0146954 0.00700498 0.00309707 0.00124419 0.000460847 0.000166209 5.78302e-05 1.72078e-05
 1.05895e-11 1.14989e-09 7.3617e-08 2.77868e-06 6.18359e-05 0.000811337 0.00627766 0.0286702 0.0776505 0.127654 0.141111 0.139429 0.149481 0.137123 0.0920363 0.0503932 0.0263227 0.0130376 0.00595014 0.00252598 0.000980159 0.000339695 0.000104839 2.95191e-05 7.54932e-06
 1.11812e-11 1.21414e-09 7.77306e-08 2.93394e-06 6.52911e-05 0.000856669 0.0066283 0.0302692 0.0819473 0.134446 0.147358 0.142524 0.149518 0.134786 0.0874451 0.0447214 0.0216865 0.0102889 0.004569 0.00187459 0.00069611 0.000229743 6.61543e-05 1.63796e-05 3.48984e-06
 1.04053e-11 1.12989e-09 7.23366e-08 2.73035e-06 6.07605e-05 0.000797231 0.00616868 0.0281764 0.0763662 0.12597 0.141208 0.144113 0.158248 0.14432 0.0926365 0.0457512 0.0209319 0.00924662 0.00379948 0.00146299 0.000519482 0.000164264 4.4902e-05 1.03433e-05 1.96751e-06
 1.05831e-11 1.1492e-09 7.35731e-08 2.77702e-06 6.1799e-05 0.000810855 0.006274 0.0286552 0.0776331 0.127813 0.142142 0.142445 0.154294 0.140968 0.092312 0.0476628 0.0227979 0.010095 0.00396816 0.00141883 0.000464282 0.00013672 3.52953e-05 7.69138e-06 1.36388e-06
 1.09204e-11 1.18583e-09 7.5918e-08 2.86553e-06 6.37686e-05 0.000836696 0.00647387 0.0295665 0.0800793 0.131659 0.14558 0.143861 0.153727 0.139029 0.0893233 0.0444317 0.0205676 0.0091624 0.00371547 0.00134468 0.000425275 0.000116593 2.77016e-05 5.59955e-06 9.29458e-07
 9.51731e-12 1.03347e-09 6.61635e-08 2.49735e-06 5.55753e-05 0.000729204 0.00564259 0.0257799 0.069959 0.11611 0.133411 0.143836 0.164978 0.152815 0.0988653 0.0493287 0.0227026 0.00988684 0.00389537 0.00139691 0.000447272 0.000122841 2.81597e-05 5.31055e-06 8.13161e-07
 9.08536e-12 9.86562e-10 6.31606e-08 2.384e-06 5.30531e-05 0.000696112 0.00538663 0.0246129 0.0668263 0.111184 0.129001 0.141996 0.165623 0.155091 0.102346 0.0532119 0.025682 0.0114774 0.00453346 0.00160077 0.000501457 0.000136163 3.11773e-05 5.80527e-06 8.52466e-07
 1.06353e-11 1.15486e-09 7.39353e-08 2.79069e-06 6.21032e-05 0.000814846 0.00630485 0.0287954 0.0780024 0.128337 0.142343 0.141747 0.152763 0.139535 0.0918221 0.0480818 0.0236326 0.0109113 0.00450042 0.00164516 0.000521069 0.000140162 3.15697e-05 5.80688e-06 8.43355e-07
 1.12237e-11 1.21876e-09 7.8026e-08 2.94509e-06 6.55393e-05 0.000859927 0.00665359 0.0303864 0.0822884 0.135196 0.149053 0.146191 0.154861 0.138504 0.0864882 0.040288 0.0171715 0.00734911 0.00300805 0.00112898 0.000371629 0.000103255 2.35641e-05 4.31283e-06 6.18426e-07
 1.05987e-11 1.1509e-09 7.36814e-08 2.78111e-06 6.189e-05 0.000812051 0.00628335 0.0287001 0.0777843 0.128299 0.143767 0.146558 0.160509 0.145292 0.0911114 0.0424314 0.0176553 0.00698607 0.00252475 0.000852796 0.000270258 7.61122e-05 1.79316e-05 3.37192e-06 4.89186e-07
 1.03274e-11 1.12143e-09 7.1795e-08 2.70991e-06 6.03056e-05 0.000791263 0.00612254 0.0279666 0.0758108 0.12516 0.140783 0.144817 0.16003 0.14616 0.0936127 0.0457709 0.0202967 0.00832845 0.00298411 0.000945726 0.000269033 6.85495e-05 1.54065e-05 2.90357e-06 4.30927e-07
 1.0859e-11 1.17916e-09 7.54911e-08 2.84941e-06 6.34101e-05 0.000831993 0.00643754 0.0294018 0.0796508 0.131094 0.1456 0.145391 0.156608 0.141427 0.0895996 0.0429781 0.0187882 0.00784338 0.00294588 0.000975016 0.000277741 6.69122e-05 1.36787e-05 2.36414e-06 3.35673e-07
 1.22057e-11 1.32539e-09 8.48528e-08 3.20277e-06 7.12734e-05 0.000935157 0.00723538 0.0330367 0.0893742 0.146103 0.157688 0.146547 0.147576 0.129521 0.0803185 0.0369858 0.0152566 0.00608511 0.0022338 0.000742999 0.000218454 5.43641e-05 1.10896e-05 1.82052e-06 2.38502e-07
 1.19663e-11 1.2994e-09 8.31889e-08 3.13997e-06 6.98759e-05 0.000916822 0.00709362 0.0323917 0.0876599 0.143547 0.156071 0.147808 0.151446 0.133247 0.0816065 0.0362287 0.0140515 0.0052579 0.00181581 0.000571769 0.000162834 4.04588e-05 8.4235e-06 1.40857e-06 1.82675e-07
 1.25287e-11 1.36047e-09 8.70986e-08 3.28754e-06 7.31597e-05 0.000959906 0.00742682 0.0339097 0.0917205 0.149815 0.161117 0.148288 0.147675 0.1283 0.0777911 0.033793 0.0125986 0.00449016 0.00146235 0.000429228 0.000113981 2.67304e-05 5.37838e-06 8.93598e-07 1.17097e-07
 1.24445e-11 1.35132e-09 8.65129e-08 3.26543e-06 7.26678e-05 0.000953452 0.00737692 0.0336826 0.0911167 0.148912 0.160534 0.148692 0.148976 0.129569 0.0782562 0.0335793 0.012228 0.00423204 0.00132854 0.000370708 9.23795e-05 2.01433e-05 3.76981e-06 5.91123e-07 7.48876e-08
 1.21878e-11 1.32345e-09 8.47283e-08 3.19807e-06 7.11689e-05 0.000933787 0.00722484 0.0329901 0.089268 0.14609 0.158415 0.148984 0.151487 0.132397 0.0798907 0.0340763 0.0122589 0.00417528 0.00128341 0.000347522 8.31967e-05 1.72084e-05 3.01384e-06 4.38857e-07 5.18151e-08
 1.2279e-11 1.33336e-09 8.53627e-08 3.22202e-06 7.17017e-05 0.000940778 0.0072789 0.0332362 0.0899242 0.147085 0.159129 0.148773 0.150434 0.131298 0.0793841 0.0340776 0.012383 0.00423907 0.00129605 0.000345855 8.09855e-05 1.62402e-05 2.72603e-06 3.75572e-07 4.14808e-08
 1.26618e-11 1.37492e-09 8.80239e-08 3.32247e-06 7.3937e-05 0.000970103 0.00750569 0.0342692 0.0926835 0.151313 0.162384 0.148602 0.147096 0.127366 0.0768742 0.0330034 0.0120122 0.00412985 0.00127186 0.000341628 7.99148e-05 1.58379e-05 2.60035e-06 3.46854e-07 3.66718e-08
 1.2529e-11 1.3605e-09 8.71003e-08 3.2876e-06 7.31612e-05 0.000959925 0.00742699 0.0339111 0.0917321 0.149897 0.161497 0.149329 0.149272 0.129405 0.0774619 0.0324381 0.0113084 0.00375148 0.00113961 0.000305994 7.19463e-05 1.43335e-05 2.3524e-06 3.10568e-07 3.21443e-08
 1.24892e-11 1.35618e-09 8.6824e-08 3.27718e-06 7.29292e-05 0.000956882 0.00740347 0.0338043 0.0914521 0.14951 0.161405 0.150025 0.150658 0.130524 0.0774875 0.0316433 0.0104968 0.00329121 0.000951872 0.000244796 5.59715e-05 1.10449e-05 1.81458e-06 2.40314e-07 2.48434e-08
#obs catch len freq
 5.82121e-12 6.32115e-10 4.04685e-08 1.52749e-06 3.39924e-05 0.000446015 0.00345128 0.0157684 0.0427947 0.0710686 0.0820065 0.09046 0.111854 0.125619 0.121487 0.107621 0.0863827 0.0624165 0.0407446 0.022956 0.0103867 0.00351712 0.00083763 0.000133504 1.37342e-05
 5.63385e-12 6.1177e-10 3.9166e-08 1.47833e-06 3.28984e-05 0.000431662 0.00334027 0.0152621 0.0414267 0.0688041 0.079259 0.0869014 0.107847 0.125294 0.128094 0.117145 0.0924341 0.0631595 0.0383993 0.0202175 0.00856435 0.00269821 0.000593171 8.68421e-05 8.19057e-06
 5.91752e-13 6.42574e-11 4.11385e-09 1.55285e-07 3.45643e-06 4.54008e-05 0.00035319 0.00165609 0.0050588 0.0128046 0.0344195 0.0825427 0.140353 0.168669 0.163477 0.141329 0.107567 0.0708753 0.0406363 0.0197715 0.00769325 0.00222827 0.000450372 6.05155e-05 5.22816e-06
 8.25267e-12 8.96142e-10 5.73718e-08 2.1655e-06 4.819e-05 0.000632264 0.00489099 0.0223114 0.0600692 0.095864 0.0928984 0.0631813 0.0547241 0.0871296 0.133278 0.144925 0.112419 0.0685274 0.0357483 0.0159042 0.0056483 0.0014884 0.000273762 3.3536e-05 2.6451e-06
 1.0322e-11 1.12085e-09 7.17577e-08 2.70851e-06 6.02749e-05 0.000790882 0.00612033 0.0279698 0.0759529 0.126102 0.143454 0.146949 0.154662 0.131603 0.0792321 0.0416639 0.0276507 0.0196823 0.0112401 0.00484616 0.00157389 0.000374281 6.21302e-05 6.88436e-06 4.92376e-07
 1.07856e-11 1.17119e-09 7.49805e-08 2.83015e-06 6.29816e-05 0.000826382 0.0063944 0.0292074 0.0791116 0.129764 0.140712 0.129873 0.130654 0.127003 0.103612 0.0683274 0.0343007 0.013232 0.0046464 0.00164253 0.000497535 0.000110025 1.66214e-05 1.66103e-06 1.0709e-07
 1.24307e-11 1.34983e-09 8.64174e-08 3.26183e-06 7.25881e-05 0.000952415 0.00736911 0.0336476 0.0909775 0.147963 0.154726 0.128999 0.115663 0.108628 0.0913507 0.0644332 0.035302 0.0142759 0.00432428 0.00104955 0.000219392 3.86857e-05 5.13986e-06 4.65355e-07 2.72211e-08
 1.11261e-11 1.20816e-09 7.73477e-08 2.9195e-06 6.49704e-05 0.000852493 0.00659694 0.030141 0.0817219 0.134465 0.146805 0.13563 0.132711 0.122734 0.0953379 0.0620319 0.0325694 0.0131627 0.00404495 0.000939908 0.000163645 2.14064e-05 2.10885e-06 1.52068e-07 7.58464e-09
 1.18878e-11 1.29088e-09 8.26431e-08 3.11938e-06 6.94183e-05 0.000910849 0.00704821 0.0321955 0.0871911 0.14266 0.152161 0.132413 0.122995 0.115637 0.0948516 0.0633544 0.0321731 0.0120524 0.00340691 0.000741094 0.000121364 1.43489e-05 1.1869e-06 6.76001e-08 2.62432e-09
 1.20864e-11 1.31244e-09 8.40233e-08 3.17148e-06 7.0578e-05 0.00092608 0.00716652 0.0327437 0.0887542 0.145666 0.156756 0.138239 0.127561 0.115264 0.0892644 0.056549 0.0276575 0.0100314 0.0027069 0.000548762 8.25251e-05 8.93559e-06 6.73525e-07 3.4281e-08 1.15076e-09
 1.24106e-11 1.34765e-09 8.62777e-08 3.25657e-06 7.24719e-05 0.000950939 0.00735912 0.0336268 0.0911687 0.14967 0.160849 0.140625 0.12788 0.114497 0.0873403 0.0528113 0.0235853 0.00748825 0.00172578 0.00030095 3.99669e-05 3.89749e-06 2.66385e-07 1.22981e-08 3.73411e-10
 1.14598e-11 1.2444e-09 7.96679e-08 3.00709e-06 6.69206e-05 0.000878133 0.00679677 0.0310765 0.0844574 0.139899 0.154755 0.143654 0.137237 0.123445 0.0921683 0.05388 0.0230603 0.00691287 0.00145957 0.000223762 2.53497e-05 2.10136e-06 1.24001e-07 5.03932e-09 1.36635e-10
 1.25129e-11 1.35875e-09 8.69886e-08 3.28341e-06 7.30698e-05 0.00095881 0.00742073 0.0339186 0.0920417 0.15143 0.16323 0.142349 0.128193 0.114578 0.0869638 0.0506953 0.0209467 0.00588853 0.00113641 0.000155787 1.55194e-05 1.11601e-06 5.65222e-08 1.96379e-09 4.57364e-11
 1.09654e-11 1.19071e-09 7.62305e-08 2.87736e-06 6.40348e-05 0.000840326 0.00650583 0.0297738 0.0811767 0.135865 0.154478 0.14946 0.1449 0.127512 0.0913264 0.0506016 0.0204318 0.00576207 0.00112853 0.000154888 1.48927e-05 9.91206e-07 4.49915e-08 1.37362e-09 2.78153e-11
 8.7233e-12 9.47249e-10 6.0644e-08 2.28906e-06 5.09439e-05 0.000668609 0.00517857 0.0237367 0.065089 0.111146 0.134056 0.144819 0.156564 0.149649 0.113449 0.0634621 0.0245181 0.00634534 0.00111459 0.00013754 1.21733e-05 7.63435e-07 3.28552e-08 9.40712e-10 1.75304e-11
 9.12004e-12 9.9033e-10 6.34021e-08 2.39316e-06 5.32606e-05 0.000699003 0.00541346 0.0248015 0.0678589 0.114828 0.134585 0.138784 0.148127 0.146765 0.116416 0.0670342 0.0263301 0.0069128 0.00122625 0.000149644 1.26438e-05 7.34058e-07 2.88781e-08 7.57977e-10 1.30539e-11
 1.04511e-11 1.13487e-09 7.26558e-08 2.74246e-06 6.10344e-05 0.000801032 0.00620358 0.0284174 0.0776805 0.130812 0.150257 0.146804 0.14493 0.133073 0.0989655 0.0544695 0.0209168 0.00548442 0.000987287 0.00012291 1.05082e-05 6.05888e-07 2.31114e-08 5.74306e-10 9.1876e-12
 1.04701e-11 1.13693e-09 7.2788e-08 2.74747e-06 6.11474e-05 0.00080258 0.00621719 0.028504 0.0781241 0.132568 0.154921 0.154179 0.150642 0.13228 0.0923955 0.04745 0.0169499 0.00412464 0.000691148 8.11269e-05 6.66482e-06 3.75059e-07 1.40525e-08 3.4207e-10 5.31286e-12
 9.76013e-12 1.05984e-09 6.78525e-08 2.5612e-06 5.70038e-05 0.000748278 0.00579867 0.0266163 0.0732177 0.125583 0.150637 0.155979 0.156849 0.138915 0.0962339 0.0482417 0.0165987 0.00384459 0.000605244 6.59169e-05 4.99241e-06 2.59686e-07 9.07623e-09 2.08369e-10 3.08012e-12
 9.21527e-12 1.00067e-09 6.40649e-08 2.41826e-06 5.38243e-05 0.000706619 0.00547769 0.0251686 0.0694405 0.120058 0.146571 0.155646 0.159871 0.143688 0.100419 0.0505662 0.0175042 0.00409825 0.000651364 7.06062e-05 5.19308e-06 2.55817e-07 8.31688e-09 1.76028e-10 2.39497e-12
 1.11438e-11 1.21009e-09 7.74718e-08 2.92431e-06 6.50859e-05 0.00085437 0.00662027 0.03037 0.0832988 0.141119 0.162593 0.155687 0.14629 0.126126 0.0861743 0.0424738 0.0144127 0.0033263 0.000524624 5.66226e-05 4.13517e-06 2.00453e-07 6.32725e-09 1.28045e-10 1.64178e-12
 1.05075e-11 1.141e-09 7.30496e-08 2.75746e-06 6.13776e-05 0.000805908 0.00624999 0.028746 0.0794661 0.137616 0.166474 0.16879 0.158011 0.126308 0.0782146 0.0352905 0.0111407 0.00242004 0.000362193 3.73733e-05 2.62786e-06 1.23259e-07 3.77094e-09 7.38407e-11 9.12036e-13
 1.09162e-11 1.18538e-09 7.58905e-08 2.8647e-06 6.3765e-05 0.000837249 0.00649248 0.0298472 0.0823424 0.141555 0.167946 0.165794 0.154342 0.125466 0.0782457 0.0344499 0.0102622 0.00204861 0.000277373 2.58357e-05 1.65496e-06 7.16855e-08 2.04987e-09 3.78357e-11 4.42759e-13
 1.12071e-11 1.21697e-09 7.79139e-08 2.94114e-06 6.54698e-05 0.000859762 0.00666972 0.030694 0.0848937 0.146705 0.175139 0.171799 0.154467 0.118937 0.0701256 0.0294025 0.0084018 0.00160989 0.000207247 1.803e-05 1.05875e-06 4.15441e-08 1.07325e-09 1.79699e-11 1.92135e-13
 9.71842e-12 1.05532e-09 6.75659e-08 2.55066e-06 5.67869e-05 0.000746086 0.00579573 0.026776 0.0748706 0.133118 0.168766 0.179228 0.168954 0.129732 0.0736891 0.0290805 0.00767821 0.00133865 0.000155184 1.21281e-05 6.42563e-07 2.28749e-08 5.37317e-10 8.16932e-12 7.91229e-14
 9.99375e-12 1.08522e-09 6.94804e-08 2.62295e-06 5.83967e-05 0.000767224 0.00595905 0.0275108 0.0767117 0.135206 0.168164 0.175172 0.165822 0.130251 0.0753255 0.0297954 0.00777259 0.00132287 0.000147606 1.08943e-05 5.33863e-07 1.72913e-08 3.66365e-10 5.01539e-12 4.38169e-14
 1.04593e-11 1.13579e-09 7.27187e-08 2.74528e-06 6.11255e-05 0.000803238 0.00624182 0.0288474 0.0806066 0.142438 0.176703 0.180065 0.162784 0.12115 0.0668749 0.0256101 0.0065671 0.00111193 0.000124038 9.10938e-06 4.38154e-07 1.36714e-08 2.73728e-10 3.48198e-12 2.79047e-14
 9.78866e-12 1.06297e-09 6.80584e-08 2.56954e-06 5.72237e-05 0.000752353 0.00585421 0.0271487 0.0765036 0.137787 0.176795 0.186463 0.169798 0.123359 0.0651644 0.0236126 0.00569438 0.000905326 9.51492e-05 6.63423e-06 3.05638e-07 9.18927e-09 1.77452e-10 2.16838e-12 1.65687e-14
 9.07201e-12 9.85159e-10 6.30786e-08 2.38173e-06 5.30523e-05 0.000697878 0.00543744 0.0252967 0.0718265 0.131527 0.173838 0.189894 0.176822 0.128606 0.0666075 0.023223 0.00530134 0.000786547 7.62506e-05 4.87009e-06 2.0544e-07 5.68589e-09 1.01898e-10 1.16486e-12 8.37839e-15
#spawning biomass
 12368 8714.66 7120.45 7810.35 11676.3 18216 25977.9 36684.9 50654.7 70830.1 95840.2 125625 154020 189731 185580 175593 167010 178321 191245 182094 184254 212655 221719 245814 256647 262334 277778 279692 250991 259090 445841 475264 445459 386993 322010 262609 213608 175662 147490 127184 112859 102911 96080.2 91398.5 88189.5 86073.7 84678.6 83758.7 83152.2 82752.3 82488.6 82314.8 82200.1 82124.5 82074.7 82041.8 82020.2 82005.9 81996.5 81990.3 81986.2 81983.5 81981.7 81980.5 81979.7 81979.2 81978.9 81978.7 81978.5 81978.4 81978.4 81978.3 81978.3 81978.3 81978.3 81978.3 81978.3 81978.2 81978.2 81978.2 81978.2 81978.2 81978.2 81978.2 81978.2 81978.2 81978.2 81978.2 81978.2 81978.2 81978.2 81978.2 81978.2 81978.2 81978.2 81978.2 81978.2 81978.2 81978.2 81978.2 81978.2 81978.2 81978.2 81978.2 81978.2 81978.2 81978.2 81978.2 81978.2 81978.2 81978.2 81978.2 81978.2 81978.2 81978.2 81978.2 81978.2 81978.2 81978.2 81978.2 81978.2 81978.2 81978.2 81978.2 81978.2 81978.2 81978.2 81978.2 81978.2 0 0 0 0 0 0 0 0 0 0 0 0 0 0 0 0 0 0 0 0 0 0 0 0 0
