SBPRF35
0.185483
Curr Bio
207996
B35
194552
F35
1.28078
FOFL
1.28078
OFL
114752
Bzero
52994.1
#pred survey bio
 13864.9 15211.6 16962.6 19840.1 22714.3 27654.5 31812.8 38606.2 51968.2 65940.5 79992.7 95514.9 134599 164637 150980 133896 119602 114330 113583 110528 118406 117756 123068 131190 135743 143757 133970 136291 159012 6.1298e+06 4.90106e+06 2.72566e+06 1.34734e+06 824503 618265 520881 467732 436472 417518 405906 398774 394396 391710 390056 389040 388431 388065 387845 387712 387632 387584 387555 387537 387526 387520 387516 387514 387512 387512 387511 387511 387511 387510 387510 387510 387510 387510 387510 387510 387510 387510 387510 387510 387510 387510 387510 387510 387510 387510 387510 387510 387510 387510 387510 387510 387510 387510 387510 387510 387510 387510 387510 387510 387510 387510 387510 387510 387510 387510 387510 387510 387510 387510 387510 387510 387510 387510 387510 387510 387510 387510 387510 387510 387510 387510 387510 387510 387510 387510 387510 387510 387510 387510 387510 387510 387510 387510 387510 387510 0 0 0 0 0 0 0 0 0 0 0 0 0 0 0 0 0 0 0 0 0 0 0 0 0
#obs survey bio
 11037.6 12613.6 15224.2 17626.3 15516.6 21686.4 21518.9 32434.5 42420.3 61727.5 65971.1 68092.8 123155 114935 140323 139476 126178 97069 61885.9 86836.4 103342 70424.5 153396 126749 83413.1 93748.4 90314.8 86726.8 105423
#pred catch bio
 5452.98 6639.44 7198.8 9879.56 10792.4 14052.5 16965 20055.8 28866.2 35983.1 49264 56164.9 79316.3 108840 99724 93139.1 83325.7 79456.1 82641.6 77028.5 88592.1 87229.4 89049.1 99225.4 100707 113944 102701 101399 43607.3 114752 116291 57705.1 20116.3 9816.17 7545.97 7085.48 6996.58 6980 6976.98 6976.44 6976.35 6976.33 6976.33 6976.33 6976.33 6976.33 6976.33 6976.33 6976.33 6976.33 6976.33 6976.33 6976.33 6976.33 6976.33 6976.33 6976.33 6976.33 6976.33 6976.33 6976.33 6976.33 6976.33 6976.33 6976.33 6976.33 6976.33 6976.33 6976.33 6976.33 6976.33 6976.33 6976.33 6976.33 6976.33 6976.33 6976.33 6976.33 6976.33 6976.33 6976.33 6976.33 6976.33 6976.33 6976.33 6976.33 6976.33 6976.33 6976.33 6976.33 6976.33 6976.33 6976.33 6976.33 6976.33 6976.33 6976.33 6976.33 6976.33 6976.33 6976.33 6976.33 6976.33 6976.33 6976.33 6976.33 6976.33 6976.33 6976.33 6976.33 6976.33 6976.33 6976.33 6976.33 6976.33 6976.33 6976.33 6976.33 6976.33 6976.33 6976.33 6976.33 6976.33 6976.33 6976.33 6976.33 6976.33 6976.33 6976.33 0 0 0 0 0 0 0 0 0 0 0 0 0 0 0 0 0 0 0 0 0 0 0 0 0
#obs catch bio
 6478.5 6706.02 7242.42 10051.9 10916.5 14114.3 17391.1 19718.5 28252.9 34984.9 48222.7 56095.2 76721.4 107904 99527 91825.7 79773.4 77933.6 83059.3 75089.9 86215.4 86872.9 85019.8 94442.7 97626.7 110694 101746 101098 42731.7
#pred cpue bio
 9230.66 9886.56 10573.8 12304.6 13186.2 16101.5 18504.7 21149.1 27560.6 35029 44094.8 48605.5 65750.2 87478.6 85060.1 75726.5 63966 59794.8 58651.5 55434.7 59203 57310 59386.2 64212.4 64392 69287 64085.3 64730.9 72732.4 3.67493e+06 4.00439e+06 2.59435e+06 1.24387e+06 714158 506329 408635 355423 324150 305194 293582 286450 282072 279385 277731 276715 276106 275740 275520 275387 275307 275259 275230 275212 275202 275195 275191 275189 275187 275187 275186 275186 275186 275186 275185 275185 275185 275185 275185 275185 275185 275185 275185 275185 275185 275185 275185 275185 275185 275185 275185 275185 275185 275185 275185 275185 275185 275185 275185 275185 275185 275185 275185 275185 275185 275185 275185 275185 275185 275185 275185 275185 275185 275185 275185 275185 275185 275185 275185 275185 275185 275185 275185 275185 275185 275185 275185 275185 275185 275185 275185 275185 275185 275185 275185 275185 275185 275185 275185 275185 0 0 0 0 0 0 0 0 0 0 0 0 0 0 0 0 0 0 0 0 0 0 0 0 0
#obs cpue bio
 5909.33 8669.7 8968.73 12758.5 14763.7 21146.7 17380.3 54392.2 45728.5 58513.6 69475.4 62526.6 141857 108044 92693.9 124183 123872 77935.8 87285.1 130333 104781 87364.3 138813 142021 140341 162637 98690.8 117955 169274
#pred surv len freq
 2.56519e-27 2.59369e-27 3.76713e-26 7.40706e-20 1.81575e-14 5.38039e-10 1.92717e-06 0.000834389 0.0436689 0.276262 0.211587 0.0401457 0.156917 0.144822 0.0323418 0.0375971 0.0159105 0.0119269 0.00724742 0.00543987 0.00420161 0.00357074 0.00351515 0.00307598 0.000934303
 2.56528e-27 2.59411e-27 3.81587e-26 7.50992e-20 1.84097e-14 5.45511e-10 1.95393e-06 0.000845977 0.0442754 0.280098 0.214498 0.03899 0.14608 0.135393 0.0412051 0.0600297 0.0203002 0.00834545 0.00371938 0.00210789 0.00132892 0.000966107 0.000840056 0.000732199 0.00024327
 2.56609e-27 2.59623e-27 3.99359e-26 7.8848e-20 1.93286e-14 5.72742e-10 2.05147e-06 0.000888207 0.0464855 0.29408 0.225182 0.0394714 0.142236 0.131599 0.0360462 0.0493238 0.018668 0.0105504 0.0033659 0.00104889 0.000440687 0.000244362 0.000175416 0.000142948 4.9066e-05
 2.56589e-27 2.59565e-27 3.93671e-26 7.76478e-20 1.90344e-14 5.64024e-10 2.02024e-06 0.000874686 0.0457779 0.289604 0.221773 0.040062 0.149126 0.137897 0.0361153 0.0478359 0.0172957 0.00877619 0.00329787 0.00114509 0.000258257 8.04181e-05 4.07967e-05 2.84518e-05 9.63883e-06
 2.56746e-27 2.59977e-27 4.28962e-26 8.50923e-20 2.08594e-14 6.181e-10 2.21393e-06 0.000958548 0.0501669 0.31737 0.242973 0.0399379 0.133287 0.123123 0.0306583 0.0390371 0.0135204 0.00597697 0.00206487 0.000693609 0.00018213 3.40472e-05 8.21798e-06 4.07992e-06 1.29027e-06
 2.56688e-27 2.5981e-27 4.1337e-26 8.18028e-20 2.0053e-14 5.94206e-10 2.12834e-06 0.000921492 0.0482276 0.305101 0.233623 0.0410822 0.148565 0.137084 0.0306607 0.0355025 0.0120573 0.00496995 0.00159586 0.000467594 0.00011374 2.24459e-05 3.05737e-06 6.8624e-07 1.7968e-07
 2.56695e-27 2.59831e-27 4.15326e-26 8.22154e-20 2.01541e-14 5.97202e-10 2.13908e-06 0.000926139 0.0484708 0.30664 0.234794 0.0408679 0.146111 0.134882 0.0314176 0.037752 0.0122573 0.00417625 0.00127368 0.000342135 7.27287e-05 1.29467e-05 1.64038e-06 1.61157e-07 2.42645e-08
 2.56835e-27 2.60205e-27 4.47849e-26 8.90762e-20 2.18359e-14 6.47038e-10 2.31758e-06 0.00100342 0.0525156 0.332228 0.254326 0.0404098 0.128902 0.118886 0.0264949 0.0305447 0.00996635 0.00346687 0.000982223 0.000221502 4.28116e-05 6.64677e-06 7.42309e-07 5.33564e-08 3.31634e-09
 2.56873e-27 2.603e-27 4.55443e-26 9.0678e-20 2.22286e-14 6.58674e-10 2.35926e-06 0.00102147 0.05346 0.338203 0.258895 0.0408615 0.129129 0.118947 0.02382 0.0244102 0.00782533 0.00252178 0.000713743 0.00015948 2.66077e-05 3.55526e-06 3.41754e-07 2.05783e-08 7.10357e-10
 2.56842e-27 2.60211e-27 4.47088e-26 8.89152e-20 2.17965e-14 6.45869e-10 2.31339e-06 0.00100161 0.0524207 0.331628 0.253885 0.0414943 0.137465 0.126566 0.0238285 0.0224897 0.00690179 0.001741 0.000462962 9.60523e-05 1.58176e-05 1.90056e-06 1.52329e-07 7.70606e-09 2.00755e-10
 2.56764e-27 2.60003e-27 4.29028e-26 8.51054e-20 2.08626e-14 6.18195e-10 2.21427e-06 0.000958694 0.0501746 0.317418 0.243038 0.0417272 0.146858 0.135312 0.0268028 0.0270662 0.0082067 0.00188481 0.000460972 7.70196e-05 1.15463e-05 1.32113e-06 9.61435e-08 4.01968e-09 8.52359e-11
 2.56943e-27 2.60486e-27 4.71413e-26 9.40468e-20 2.30544e-14 6.83145e-10 2.44691e-06 0.00105942 0.0554461 0.350767 0.268487 0.0407208 0.121319 0.111682 0.0214791 0.0208722 0.00632061 0.00144201 0.000343057 5.09332e-05 6.40937e-06 6.15976e-07 4.14256e-08 1.55609e-09 2.71909e-11
 2.56995e-27 2.6062e-27 4.82657e-26 9.64185e-20 2.36358e-14 7.00372e-10 2.50861e-06 0.00108613 0.0568443 0.359613 0.275245 0.0409274 0.118144 0.108624 0.0186197 0.0151178 0.00453184 0.000977203 0.000229876 3.36576e-05 3.93577e-06 3.18008e-07 1.74318e-08 5.84501e-10 9.04814e-12
 2.56793e-27 2.60067e-27 4.33438e-26 8.60353e-20 2.10905e-14 6.2495e-10 2.23847e-06 0.00096917 0.0507229 0.320887 0.245702 0.0426559 0.152054 0.139864 0.0232039 0.0176982 0.00515505 0.000865803 0.000190834 2.64513e-05 3.03241e-06 2.32354e-07 1.08157e-08 2.9279e-10 3.93676e-12
 2.56659e-27 2.59711e-27 4.02339e-26 7.94748e-20 1.94823e-14 5.77295e-10 2.06777e-06 0.000895267 0.046855 0.296418 0.227026 0.0431669 0.169064 0.155669 0.0279725 0.0245849 0.00708567 0.0010275 0.00020751 2.26863e-05 2.36004e-06 1.72493e-07 7.63026e-09 1.77346e-10 1.92552e-12
 2.56693e-27 2.59812e-27 4.12144e-26 8.15435e-20 1.99894e-14 5.92322e-10 2.1216e-06 0.000918571 0.0480747 0.304134 0.232901 0.0421563 0.157246 0.144929 0.0290858 0.0298349 0.00878635 0.00156975 0.000327483 3.13465e-05 2.75582e-06 1.64489e-07 6.73545e-09 1.47359e-10 1.38619e-12
 2.56808e-27 2.60114e-27 4.38197e-26 8.70394e-20 2.13367e-14 6.32243e-10 2.26459e-06 0.000980481 0.0513148 0.324632 0.248551 0.0420112 0.145146 0.133605 0.0241919 0.0215336 0.00641505 0.00129638 0.000285851 3.23022e-05 2.82963e-06 1.41691e-07 4.66144e-09 8.98465e-11 7.85295e-13
 2.56833e-27 2.60178e-27 4.43245e-26 8.81042e-20 2.15977e-14 6.39978e-10 2.29229e-06 0.000992475 0.0519426 0.328603 0.251588 0.042323 0.145385 0.133719 0.0222955 0.0171724 0.00498183 0.000799615 0.000171011 2.14981e-05 2.09413e-06 1.16908e-07 3.42388e-09 5.27434e-11 3.92445e-13
 2.56859e-27 2.60248e-27 4.49447e-26 8.94126e-20 2.19184e-14 6.49482e-10 2.32633e-06 0.00100721 0.0527139 0.333483 0.255312 0.0421832 0.141705 0.130315 0.0215433 0.0163101 0.0046615 0.000627149 0.000122621 1.26226e-05 1.22143e-06 7.67876e-08 2.5316e-09 3.73954e-11 2.26351e-13
 2.56907e-27 2.60373e-27 4.60173e-26 9.16751e-20 2.2473e-14 6.65916e-10 2.3852e-06 0.0010327 0.0540478 0.341921 0.261755 0.042146 0.136894 0.125807 0.0194912 0.0127662 0.00361123 0.000437255 8.03295e-05 6.90853e-06 5.65071e-07 3.09855e-08 1.10099e-09 1.83233e-11 1.11409e-13
 2.56917e-27 2.60401e-27 4.62733e-26 9.22151e-20 2.26054e-14 6.69839e-10 2.39925e-06 0.00103878 0.0543662 0.343936 0.263291 0.0420052 0.134744 0.123839 0.019443 0.0131498 0.00369964 0.000407684 7.13827e-05 5.61444e-06 4.09243e-07 1.82427e-08 5.4645e-10 9.13485e-12 6.18059e-14
 2.56954e-27 2.60501e-27 4.712e-26 9.40013e-20 2.30433e-14 6.82814e-10 2.44572e-06 0.00105891 0.0554193 0.350598 0.268378 0.0420425 0.131453 0.120731 0.0175882 0.00970502 0.00270343 0.000271564 4.50563e-05 3.1876e-06 2.12195e-07 8.36621e-09 2.07512e-10 2.84271e-12 1.83275e-14
 2.56969e-27 2.60541e-27 4.74747e-26 9.47495e-20 2.32267e-14 6.88249e-10 2.46519e-06 0.00106733 0.0558604 0.353388 0.270508 0.0419611 0.129338 0.118773 0.0171419 0.00917917 0.00253247 0.000213749 3.19601e-05 2.07967e-06 1.26911e-07 4.4357e-09 9.74888e-11 1.11424e-12 5.8459e-15
 2.56943e-27 2.60468e-27 4.68301e-26 9.33897e-20 2.28933e-14 6.78371e-10 2.42981e-06 0.00105202 0.0550587 0.348316 0.266638 0.0421372 0.133397 0.122524 0.0178971 0.00995646 0.00275059 0.000233952 3.46693e-05 1.95453e-06 1.04296e-07 3.28601e-09 6.43935e-11 6.42663e-13 2.83969e-15
 2.57001e-27 2.60628e-27 4.82396e-26 9.63632e-20 2.36223e-14 6.99971e-10 2.50718e-06 0.00108551 0.0568118 0.359407 0.2751 0.0417387 0.124419 0.114231 0.0162917 0.00838454 0.00230827 0.000190075 2.75851e-05 1.54516e-06 7.867e-08 2.09765e-09 3.59762e-11 3.17473e-13 1.22247e-15
 2.56965e-27 2.60527e-27 4.73322e-26 9.44488e-20 2.3153e-14 6.86064e-10 2.45737e-06 0.00106395 0.0556831 0.352267 0.269654 0.0421256 0.131189 0.120452 0.016901 0.00820815 0.00225121 0.000176454 2.47087e-05 1.34812e-06 6.70188e-08 1.74647e-09 2.68748e-11 2.00566e-13 6.75414e-16
 2.56971e-27 2.60543e-27 4.74566e-26 9.47113e-20 2.32173e-14 6.87971e-10 2.4642e-06 0.0010669 0.0558378 0.353245 0.270403 0.0422249 0.131419 0.12063 0.0163228 0.00684578 0.00185874 0.000126657 1.57713e-05 8.09294e-07 3.77807e-08 9.50161e-10 1.42346e-11 9.88694e-14 2.8561e-16
 2.56993e-27 2.60603e-27 4.80043e-26 9.58667e-20 2.35006e-14 6.96364e-10 2.49426e-06 0.00107992 0.056519 0.357555 0.273689 0.0419195 0.126786 0.11639 0.0161995 0.00763088 0.00207631 0.000135862 1.61487e-05 7.44929e-07 3.04201e-08 7.08283e-10 1.00478e-11 6.73363e-14 1.84492e-16
 2.57068e-27 2.6081e-27 4.98551e-26 9.97713e-20 2.44577e-14 7.24726e-10 2.59585e-06 0.0011239 0.058821 0.372118 0.284798 0.0412117 0.113595 0.104252 0.0146888 0.00724243 0.0019818 0.00014547 1.9106e-05 8.60035e-07 3.30404e-08 6.73339e-10 8.48057e-12 5.26938e-14 1.37898e-16
#obs surv len freq
 1.24578e-41 1.72906e-33 2.90086e-26 5.88288e-20 1.44212e-14 4.27326e-10 1.53061e-06 0.000662703 0.0346832 0.219417 0.168277 0.0417081 0.170307 0.142617 0.089594 0.0848411 0.0333102 0.0119299 0.00237818 0.000261645 1.17215e-05 1.57674e-07 4.82227e-10 2.72802e-13 2.49119e-17
 1.56089e-41 2.16642e-33 3.63461e-26 7.37092e-20 1.8069e-14 5.35416e-10 1.91777e-06 0.00083033 0.0434561 0.274917 0.21069 0.0426168 0.141723 0.11296 0.0741245 0.064701 0.0244559 0.00797063 0.00141583 0.000132599 4.82965e-06 5.01035e-08 1.13409e-10 4.63638e-14 3.02089e-18
 1.29235e-41 1.7937e-33 3.00931e-26 6.10281e-20 1.49603e-14 4.43302e-10 1.58784e-06 0.000687478 0.0359798 0.22762 0.174817 0.051781 0.204188 0.150068 0.0730856 0.0552138 0.0197887 0.00579173 0.000904086 7.08949e-05 2.06259e-06 1.63982e-08 2.74957e-11 8.13016e-15 3.77827e-19
 1.5567e-41 2.1606e-33 3.62486e-26 7.35113e-20 1.80204e-14 5.33979e-10 1.91262e-06 0.0008281 0.0433395 0.274179 0.2103 0.0473701 0.149753 0.109622 0.0849991 0.0597488 0.0156341 0.00369347 0.000497728 3.22096e-05 7.37166e-07 4.43482e-09 5.48171e-12 1.17351e-15 3.89877e-20
 1.54181e-41 2.13993e-33 3.59018e-26 7.2808e-20 1.7848e-14 5.2887e-10 1.89433e-06 0.000820178 0.0429248 0.271557 0.20854 0.0553353 0.179895 0.118615 0.063667 0.0414662 0.0140209 0.00287254 0.000271389 1.36093e-05 2.40986e-07 1.08401e-09 9.78824e-13 1.51008e-16 3.58488e-21
 1.34833e-41 1.8714e-33 3.13966e-26 6.36716e-20 1.56084e-14 4.62504e-10 1.65661e-06 0.000717257 0.0375384 0.237482 0.182768 0.0612835 0.205734 0.131254 0.083357 0.0465501 0.0109916 0.00211972 0.000195527 6.95922e-06 8.66461e-08 2.84349e-10 1.85791e-13 2.05161e-17 3.46392e-22
 1.56325e-41 2.16969e-33 3.6401e-26 7.38205e-20 1.80962e-14 5.36224e-10 1.92067e-06 0.000831582 0.0435217 0.275334 0.211638 0.0579688 0.165165 0.104914 0.08377 0.0443657 0.0107598 0.00161234 0.000113595 3.51694e-06 3.18971e-08 7.05341e-11 3.20269e-14 2.49803e-18 2.98102e-23
 1.73009e-41 2.40126e-33 4.02861e-26 8.16994e-20 2.00276e-14 5.93456e-10 2.12566e-06 0.000920338 0.0481668 0.304721 0.234285 0.0628008 0.163401 0.0927912 0.056629 0.0278152 0.00736631 0.00103971 5.99882e-05 1.34588e-06 9.3881e-09 1.51372e-11 4.64108e-15 2.43591e-19 1.9984e-24
 1.65632e-41 2.29887e-33 3.85683e-26 7.82157e-20 1.91737e-14 5.68151e-10 2.03502e-06 0.000881095 0.046113 0.29173 0.22477 0.0712971 0.184941 0.098046 0.055038 0.0222312 0.00436237 0.000557035 3.02751e-05 5.45733e-07 2.71354e-09 3.12633e-12 6.88589e-16 2.50406e-20 1.38503e-25
 1.53592e-41 2.13176e-33 3.57646e-26 7.25299e-20 1.77799e-14 5.2685e-10 1.88709e-06 0.000817045 0.0427609 0.270526 0.209019 0.078551 0.199724 0.104609 0.0662274 0.0236015 0.00379341 0.000354326 1.46514e-05 2.24718e-07 8.84421e-10 7.28462e-13 1.11103e-16 2.82449e-21 1.095e-26
 1.46771e-41 2.03708e-33 3.41762e-26 6.93087e-20 1.69902e-14 5.03451e-10 1.80328e-06 0.000780757 0.0408618 0.258515 0.200284 0.0842621 0.203994 0.107311 0.0748031 0.0249119 0.0039634 0.000302292 8.83225e-06 9.47648e-08 2.84051e-10 1.79964e-13 1.99954e-17 3.54389e-22 9.45305e-28
 1.88248e-41 2.61276e-33 4.38345e-26 8.88955e-20 2.17917e-14 6.45727e-10 2.31289e-06 0.0010014 0.0524094 0.331567 0.255682 0.0730268 0.140906 0.0737039 0.0525214 0.0164005 0.00259481 0.00017947 4.36519e-06 3.3036e-08 6.5977e-11 2.92394e-14 2.37809e-18 3.08886e-23 5.89934e-29
 1.57078e-41 2.18014e-33 3.65764e-26 7.41761e-20 1.81834e-14 5.38807e-10 1.92992e-06 0.000835589 0.0437314 0.276679 0.215468 0.10227 0.213749 0.090172 0.042947 0.0121717 0.00185376 0.000117514 2.55375e-06 1.569e-08 2.25984e-11 6.66924e-15 3.60663e-19 3.228e-24 4.37698e-30
 1.27356e-41 1.76762e-33 2.96555e-26 6.01407e-20 1.47428e-14 4.36856e-10 1.56475e-06 0.000677481 0.0354567 0.224341 0.176602 0.113799 0.233533 0.1192 0.07767 0.0169087 0.00171798 9.17402e-05 1.75557e-06 9.13271e-09 1.04978e-11 2.29089e-15 8.56096e-20 5.10633e-25 4.60572e-31
 1.14632e-41 1.59102e-33 2.66927e-26 5.41322e-20 1.32699e-14 3.9321e-10 1.40842e-06 0.000609795 0.0319143 0.201939 0.16025 0.117277 0.227098 0.135489 0.0984281 0.0240683 0.0028152 0.000108319 1.44113e-06 5.96811e-09 5.5387e-12 9.46381e-16 2.66133e-20 1.14569e-25 7.192e-32
 1.55431e-41 2.15728e-33 3.61928e-26 7.33983e-20 1.79927e-14 5.33157e-10 1.90968e-06 0.000826827 0.0432729 0.273794 0.214433 0.100747 0.165527 0.104696 0.074589 0.0195112 0.00249813 0.000101887 1.17769e-06 3.34657e-09 2.19256e-12 2.82578e-16 6.0618e-21 1.96489e-26 9.11314e-33
 1.40703e-41 1.95287e-33 3.27634e-26 6.64435e-20 1.62878e-14 4.82638e-10 1.72873e-06 0.000748481 0.0391726 0.247884 0.197659 0.13579 0.214925 0.0972737 0.0517699 0.0130656 0.00164036 6.86292e-05 7.94883e-07 2.02043e-09 9.91795e-13 8.72889e-17 1.30133e-21 3.04715e-27 1.04011e-33
 1.4633e-41 2.03096e-33 3.40736e-26 6.91005e-20 1.69392e-14 5.01939e-10 1.79786e-06 0.000778413 0.0407391 0.257804 0.20557 0.129918 0.189872 0.107562 0.0569903 0.00981196 0.000916064 3.47428e-05 3.77687e-07 8.93633e-10 3.86366e-13 2.73311e-17 2.9758e-22 4.81071e-28 1.12486e-34
 1.44291e-41 2.00266e-33 3.35988e-26 6.81377e-20 1.67031e-14 4.94945e-10 1.77281e-06 0.000767566 0.0401715 0.254243 0.204964 0.144631 0.195887 0.101006 0.0486788 0.00893093 0.000699969 1.78553e-05 1.49382e-07 3.01147e-10 1.12296e-13 6.7344e-18 6.00249e-23 7.57848e-29 1.31604e-35
 1.55868e-41 2.16335e-33 3.62946e-26 7.36047e-20 1.80433e-14 5.34657e-10 1.91505e-06 0.000829152 0.0433947 0.274653 0.221231 0.141378 0.175017 0.0949108 0.041562 0.00654937 0.000463109 1.03473e-05 6.18302e-08 8.65584e-11 2.45083e-14 1.17293e-18 8.42374e-24 8.51507e-30 1.16741e-36
 1.50406e-41 2.08753e-33 3.50226e-26 7.10252e-20 1.7411e-14 5.1592e-10 1.84794e-06 0.000800095 0.041874 0.265086 0.217128 0.160744 0.185004 0.0895609 0.0344478 0.00504459 0.000302675 5.57323e-06 2.73504e-08 2.86417e-11 5.58239e-15 1.85667e-19 9.71691e-25 7.4119e-31 7.78735e-38
 1.55427e-41 2.15722e-33 3.61918e-26 7.33963e-20 1.79922e-14 5.33143e-10 1.90963e-06 0.000826805 0.043272 0.273968 0.225284 0.160165 0.172305 0.0894738 0.0307982 0.00371675 0.000185577 2.82221e-06 1.0906e-08 8.85073e-12 1.30155e-15 3.10262e-20 1.12036e-25 5.87445e-32 4.32508e-39
 1.55554e-41 2.15899e-33 3.62216e-26 7.34566e-20 1.8007e-14 5.33581e-10 1.9112e-06 0.000827485 0.0433078 0.274264 0.228523 0.171062 0.170383 0.0827177 0.0258498 0.00293949 0.000121757 1.44004e-06 4.31833e-09 2.67509e-12 2.9468e-16 5.21165e-21 1.378e-26 5.17871e-33 2.67306e-40
 1.5976e-41 2.21736e-33 3.72009e-26 7.54426e-20 1.84939e-14 5.48007e-10 1.96287e-06 0.000849856 0.0444788 0.281743 0.236548 0.174066 0.161737 0.0773288 0.021129 0.00204502 7.2126e-05 7.00528e-07 1.59832e-09 7.32239e-13 5.95164e-17 7.72895e-22 1.49069e-27 4.06867e-34 1.51945e-41
 1.58469e-41 2.19945e-33 3.69004e-26 7.48332e-20 1.83445e-14 5.43581e-10 1.94702e-06 0.000842992 0.0441199 0.279583 0.238718 0.184503 0.160283 0.0726097 0.0177629 0.00153157 4.45289e-05 3.46124e-07 6.21117e-10 2.15333e-13 1.278e-17 1.19525e-22 1.65853e-28 3.25893e-35 8.75431e-43
 1.37388e-41 1.90686e-33 3.19915e-26 6.4878e-20 1.59041e-14 4.71267e-10 1.688e-06 0.000730847 0.0382514 0.242683 0.218867 0.216543 0.182996 0.081132 0.0174705 0.00129294 3.12692e-05 1.9473e-07 2.68627e-10 7.03209e-14 3.11165e-18 2.13157e-23 2.12995e-29 2.98363e-36 5.69489e-44
 1.40082e-41 1.94424e-33 3.26187e-26 6.615e-20 1.62159e-14 4.80507e-10 1.7211e-06 0.000745176 0.0390018 0.247532 0.223682 0.20567 0.176717 0.0881311 0.0173811 0.00111556 2.19711e-05 1.07901e-07 1.14592e-10 2.25341e-14 7.35522e-19 3.68462e-24 2.67915e-30 2.71498e-37 3.72216e-45
 1.46563e-41 2.0342e-33 3.41279e-26 6.92107e-20 1.69662e-14 5.02739e-10 1.80073e-06 0.000779655 0.0408062 0.258932 0.231711 0.202659 0.169251 0.0787423 0.01603 0.00106876 1.94104e-05 8.21898e-08 7.284e-11 1.17872e-14 3.14199e-19 1.27647e-24 7.48282e-31 6.09304e-38 6.70375e-46
 1.46565e-41 2.03422e-33 3.41283e-26 6.92114e-20 1.69664e-14 5.02744e-10 1.80075e-06 0.000779662 0.0408066 0.258934 0.231713 0.202664 0.169338 0.0789165 0.0158295 0.00100037 1.68664e-05 6.49079e-08 5.14271e-11 7.35955e-15 1.72173e-19 6.10876e-25 3.11634e-31 2.2025e-38 2.09926e-46
#pred catch len freq
 2.55866e-27 2.57633e-27 2.27322e-26 4.2557e-20 1.04323e-14 3.09129e-10 1.10725e-06 0.000479396 0.0250898 0.158726 0.121853 0.0410799 0.22707 0.210012 0.0518922 0.0659998 0.0279891 0.0210099 0.012704 0.00949472 0.00731374 0.006208 0.00610871 0.00534503 0.00162349
 2.55886e-27 2.57714e-27 2.3616e-26 4.44219e-20 1.08895e-14 3.22675e-10 1.15577e-06 0.000500404 0.0261893 0.165682 0.127137 0.0393673 0.210329 0.195497 0.066554 0.102811 0.0347834 0.0142906 0.00634065 0.00357495 0.00224723 0.00163153 0.00141799 0.0012358 0.000410584
 2.55968e-27 2.57926e-27 2.53384e-26 4.80548e-20 1.17801e-14 3.49064e-10 1.25029e-06 0.000541327 0.0283311 0.179231 0.137499 0.040393 0.210854 0.195593 0.0595208 0.0869381 0.032921 0.0185974 0.00591665 0.00183229 0.000767219 0.000424749 0.000304742 0.000248307 8.52287e-05
 2.55999e-27 2.57996e-27 2.58188e-26 4.90679e-20 1.20284e-14 3.56423e-10 1.27665e-06 0.000552739 0.0289284 0.183009 0.140401 0.0414046 0.216514 0.200629 0.0570758 0.0799688 0.0288885 0.0145947 0.00546149 0.00188641 0.000424166 0.000131783 6.68057e-05 4.65835e-05 1.57812e-05
 2.56162e-27 2.5842e-27 2.93953e-26 5.66121e-20 1.38778e-14 4.11223e-10 1.47293e-06 0.000637723 0.0333761 0.211147 0.161891 0.0417032 0.203688 0.188565 0.0508502 0.0686971 0.023778 0.0104648 0.00360134 0.00120266 0.000314872 5.87621e-05 1.41682e-05 7.03219e-06 2.22387e-06
 2.56129e-27 2.58314e-27 2.82896e-26 5.4279e-20 1.33058e-14 3.94276e-10 1.41223e-06 0.000611441 0.0320006 0.202445 0.155273 0.0433597 0.220944 0.20422 0.0487829 0.0599901 0.0203554 0.00833955 0.00266785 0.000776839 0.000188368 3.71075e-05 5.05012e-06 1.13304e-06 2.96653e-07
 2.56152e-27 2.58377e-27 2.88631e-26 5.54887e-20 1.36024e-14 4.03063e-10 1.4437e-06 0.000625069 0.0327139 0.206957 0.158713 0.0430312 0.216027 0.199765 0.0494945 0.0626801 0.0203302 0.0068739 0.00208826 0.000557355 0.000118107 2.09836e-05 2.65637e-06 2.60872e-07 3.92733e-08
 2.5631e-27 2.58798e-27 3.24867e-26 6.31326e-20 1.54762e-14 4.58588e-10 1.64258e-06 0.000711176 0.0372204 0.235467 0.180478 0.0427549 0.198633 0.183531 0.0433162 0.0526676 0.0171654 0.00592324 0.0016724 0.0003746 7.21667e-05 1.1182e-05 1.24763e-06 8.96446e-08 5.57101e-09
 2.56392e-27 2.59002e-27 3.41453e-26 6.66312e-20 1.63338e-14 4.84001e-10 1.73361e-06 0.000750587 0.039283 0.248515 0.190454 0.0435318 0.197536 0.182239 0.0380299 0.0409032 0.0130933 0.00417476 0.00117692 0.000261172 4.34371e-05 5.79122e-06 5.56139e-07 3.34736e-08 1.15533e-09
 2.56351e-27 2.58884e-27 3.3019e-26 6.42549e-20 1.57513e-14 4.6674e-10 1.67178e-06 0.000723818 0.037882 0.239653 0.183701 0.0444717 0.209433 0.193101 0.0378623 0.03775 0.0115766 0.00289111 0.000765732 0.000157768 2.58979e-05 3.10524e-06 2.48624e-07 1.25718e-08 3.27464e-10
 2.56306e-27 2.58765e-27 3.20051e-26 6.2116e-20 1.5227e-14 4.51203e-10 1.61613e-06 0.000699723 0.036621 0.231675 0.177609 0.0444185 0.213309 0.196771 0.0402117 0.042175 0.0127718 0.00289517 0.000705081 0.000116927 1.7467e-05 1.99414e-06 1.44973e-07 6.05836e-09 1.28442e-10
 2.5651e-27 2.59315e-27 3.68265e-26 7.2287e-20 1.77203e-14 5.25084e-10 1.88076e-06 0.000814298 0.0426174 0.26961 0.206559 0.0433863 0.185113 0.170655 0.033807 0.0341416 0.0103262 0.00232506 0.0005509 8.11863e-05 1.01808e-05 9.76008e-07 6.55658e-08 2.46172e-09 4.30076e-11
 2.56585e-27 2.59509e-27 3.84357e-26 7.56813e-20 1.85524e-14 5.49739e-10 1.96907e-06 0.000852534 0.0446185 0.282269 0.216232 0.0438129 0.181563 0.167165 0.0293085 0.024756 0.00741305 0.00157658 0.000369274 5.36662e-05 6.25437e-06 5.04088e-07 2.75986e-08 9.249e-10 1.43147e-11
 2.56384e-27 2.58956e-27 3.34986e-26 6.52659e-20 1.59991e-14 4.74083e-10 1.69809e-06 0.000735207 0.0384781 0.243423 0.186599 0.0456709 0.216522 0.199345 0.0335784 0.0263783 0.00767614 0.00126964 0.000278313 3.82813e-05 4.37318e-06 3.3426e-07 1.55409e-08 4.20454e-10 5.65197e-12
 2.56225e-27 2.58532e-27 2.98181e-26 5.7502e-20 1.40959e-14 4.17687e-10 1.49609e-06 0.000647748 0.0339008 0.214466 0.164495 0.046099 0.23531 0.216855 0.0398108 0.0361698 0.010418 0.00148992 0.000299296 3.24782e-05 3.36521e-06 2.45336e-07 1.08396e-08 2.51794e-10 2.73313e-12
 2.56287e-27 2.58712e-27 3.1526e-26 6.11054e-20 1.49792e-14 4.43862e-10 1.58984e-06 0.00068834 0.0360252 0.227906 0.174734 0.0446325 0.216957 0.20014 0.0408538 0.042767 0.0125773 0.00221096 0.000459059 4.36184e-05 3.81885e-06 2.27301e-07 9.29522e-09 2.03242e-10 1.91137e-12
 2.56428e-27 2.59084e-27 3.4716e-26 6.78344e-20 1.66288e-14 4.92741e-10 1.76491e-06 0.00076414 0.0399923 0.253003 0.193898 0.0446206 0.203402 0.187396 0.0343157 0.0310772 0.00924187 0.00183559 0.00040281 4.51726e-05 3.94324e-06 1.96907e-07 6.46884e-09 1.24596e-10 1.08872e-12
 2.56461e-27 2.59165e-27 3.53507e-26 6.91732e-20 1.6957e-14 5.02465e-10 1.79975e-06 0.000779221 0.0407816 0.257996 0.197718 0.0451025 0.204385 0.188149 0.031661 0.024823 0.00719248 0.00113499 0.000241284 3.00967e-05 2.92164e-06 1.62687e-07 4.75871e-09 7.32517e-11 5.44862e-13
 2.56522e-27 2.59329e-27 3.67899e-26 7.22092e-20 1.77012e-14 5.24519e-10 1.87874e-06 0.000813422 0.0425716 0.26932 0.206359 0.0447655 0.195749 0.180161 0.0298967 0.0228056 0.00651011 0.000860402 0.000167048 1.70617e-05 1.64405e-06 1.0309e-07 3.39478e-09 5.0114e-11 3.03237e-13
 2.56557e-27 2.59421e-27 3.7556e-26 7.38252e-20 1.80974e-14 5.36257e-10 1.92078e-06 0.000831626 0.0435243 0.275347 0.210964 0.0449412 0.193851 0.178311 0.0277911 0.0184704 0.0052206 0.000621812 0.000113426 9.68318e-06 7.88476e-07 4.3113e-08 1.52989e-09 2.5446e-11 1.54674e-13
 2.56613e-27 2.59573e-27 3.89155e-26 7.66932e-20 1.88004e-14 5.5709e-10 1.9954e-06 0.000863933 0.0452151 0.286044 0.219124 0.0444505 0.184383 0.169595 0.0266208 0.0179945 0.00505718 0.000547486 9.50572e-05 7.4217e-06 5.38453e-07 2.39326e-08 7.15824e-10 1.19577e-11 8.08825e-14
 2.56656e-27 2.59687e-27 3.98713e-26 7.87093e-20 1.92946e-14 5.71734e-10 2.04786e-06 0.000886644 0.0464037 0.293563 0.224868 0.0445715 0.181268 0.16662 0.0242707 0.0133875 0.00372568 0.000367924 6.04948e-05 4.24979e-06 2.81496e-07 1.10663e-08 2.74069e-10 3.7515e-12 2.41784e-14
 2.56662e-27 2.59701e-27 3.99921e-26 7.89643e-20 1.93571e-14 5.73587e-10 2.05449e-06 0.000889516 0.0465541 0.294514 0.225594 0.0445809 0.18083 0.166205 0.0240167 0.0129112 0.00355998 0.00029595 4.37977e-05 2.83078e-06 1.71854e-07 5.98901e-09 1.3142e-10 1.50082e-12 7.87118e-15
 2.56654e-27 2.5968e-27 3.98145e-26 7.85896e-20 1.92653e-14 5.70865e-10 2.04474e-06 0.000885296 0.0463332 0.293117 0.224527 0.0445895 0.181645 0.166968 0.024356 0.0134923 0.00372424 0.000311734 4.57106e-05 2.56104e-06 1.35862e-07 4.26788e-09 8.34975e-11 8.32611e-13 3.67755e-15
 2.56719e-27 2.59855e-27 4.1357e-26 8.18436e-20 2.0063e-14 5.94501e-10 2.1294e-06 0.000921951 0.0482516 0.305253 0.233788 0.044177 0.171999 0.158054 0.0225219 0.0115561 0.00317893 0.000257723 3.70004e-05 2.0598e-06 1.04276e-07 2.7724e-09 4.74626e-11 4.18459e-13 1.61065e-15
 2.56714e-27 2.5984e-27 4.1211e-26 8.15354e-20 1.99874e-14 5.92263e-10 2.12139e-06 0.00091848 0.0480699 0.304104 0.232913 0.0443332 0.173803 0.159691 0.0223138 0.0106702 0.00292317 0.000225461 3.11921e-05 1.69136e-06 8.3585e-08 2.17192e-09 3.33633e-11 2.48753e-13 8.37298e-16
 2.567e-27 2.59802e-27 4.08438e-26 8.07607e-20 1.97975e-14 5.86636e-10 2.10123e-06 0.000909753 0.0476132 0.301214 0.230712 0.0446474 0.17774 0.163274 0.0220484 0.00916389 0.00248612 0.000167066 2.05279e-05 1.04716e-06 4.85851e-08 1.21836e-09 1.822e-11 1.26434e-13 3.65069e-16
 2.56709e-27 2.59828e-27 4.10963e-26 8.12934e-20 1.99281e-14 5.90505e-10 2.11509e-06 0.000915754 0.0479273 0.303201 0.232225 0.0444034 0.174821 0.160622 0.0223368 0.0104872 0.0028519 0.000184203 2.16044e-05 9.9136e-07 4.0215e-08 9.33597e-10 1.32195e-11 8.85077e-14 2.42386e-16
 2.56502e-27 2.59265e-27 3.61217e-26 7.07991e-20 1.73556e-14 5.14276e-10 1.84205e-06 0.000797537 0.0417402 0.264061 0.20236 0.0458039 0.206461 0.189848 0.0280289 0.0161033 0.00442433 0.000325649 4.28535e-05 1.92311e-06 7.35432e-08 1.49516e-09 1.87962e-11 1.16679e-13 3.052e-16
#obs catch len freq
 6.00534e-42 8.33501e-34 1.39837e-26 2.83587e-20 6.9518e-15 2.05995e-10 7.37839e-07 0.000319459 0.0167192 0.105772 0.0815374 0.0425884 0.228122 0.192496 0.131354 0.126629 0.0511843 0.0188912 0.00391897 0.00044686 2.09824e-05 2.97371e-07 9.53615e-10 5.61631e-13 5.30672e-17
 6.81536e-42 9.45927e-34 1.58699e-26 3.21838e-20 7.88948e-15 2.3378e-10 8.37361e-07 0.000362549 0.0189743 0.120039 0.0925401 0.0461624 0.230083 0.184795 0.129491 0.114707 0.0447287 0.0150324 0.00279806 0.00027473 1.04503e-05 1.1335e-07 2.68211e-10 1.14087e-13 7.68947e-18
 1.03472e-41 1.43613e-33 2.4094e-26 4.88621e-20 1.1978e-14 3.54929e-10 1.2713e-06 0.000550429 0.0288072 0.182245 0.140108 0.0481087 0.201601 0.1539 0.110129 0.0892686 0.033343 0.0101301 0.00166711 0.000138144 4.23125e-06 3.51093e-08 6.11734e-11 1.87503e-14 9.00243e-19
 8.81842e-42 1.22394e-33 2.05341e-26 4.16428e-20 1.02082e-14 3.02489e-10 1.08347e-06 0.000469103 0.024551 0.155319 0.119886 0.0601583 0.262675 0.183248 0.0954777 0.0671552 0.0236582 0.00641553 0.000920422 6.32861e-05 1.53492e-06 9.69164e-09 1.24487e-11 2.75209e-15 9.41027e-20
 1.21589e-41 1.68758e-33 2.83126e-26 5.74174e-20 1.40752e-14 4.17074e-10 1.49389e-06 0.000646803 0.0338511 0.214154 0.164708 0.053956 0.193362 0.135735 0.110471 0.0706288 0.0180061 0.0039641 0.000487247 2.73987e-05 5.18363e-07 2.46125e-09 2.32068e-12 3.70458e-16 9.04226e-21
 1.28621e-41 1.78518e-33 2.99501e-26 6.07382e-20 1.48893e-14 4.41196e-10 1.58029e-06 0.000684212 0.0358089 0.226541 0.174484 0.063636 0.220087 0.137595 0.076806 0.0462367 0.0150839 0.00278519 0.000240201 1.04438e-05 1.51731e-07 5.35608e-10 3.6756e-13 4.21843e-17 7.34658e-22
 1.16688e-41 1.61955e-33 2.71712e-26 5.51027e-20 1.35078e-14 4.0026e-10 1.43367e-06 0.000620729 0.0324865 0.205524 0.158723 0.0696624 0.23613 0.14342 0.093304 0.0472693 0.010792 0.00190672 0.000155541 4.73817e-06 4.84262e-08 1.24276e-10 6.15161e-14 5.0431e-18 6.23821e-23
 1.45188e-41 2.01512e-33 3.38078e-26 6.85615e-20 1.68071e-14 4.98024e-10 1.78384e-06 0.000772341 0.0404213 0.255721 0.196973 0.0645271 0.184165 0.112333 0.0902446 0.0433728 0.0100302 0.0013507 8.5175e-05 2.22473e-06 1.63183e-08 2.81939e-11 9.69166e-15 5.60392e-19 4.89407e-24
 1.67633e-41 2.32664e-33 3.90342e-26 7.91605e-20 1.94053e-14 5.75014e-10 2.0596e-06 0.000891738 0.04667 0.295254 0.227374 0.0688131 0.175057 0.0945916 0.0579012 0.0260653 0.00652072 0.00081787 4.1394e-05 7.82826e-07 4.39659e-09 5.49125e-12 1.27215e-15 4.9501e-20 2.9703e-25
 1.64556e-41 2.28393e-33 3.83177e-26 7.77074e-20 1.90491e-14 5.64459e-10 2.0218e-06 0.000875369 0.0458133 0.289837 0.223683 0.0770903 0.190067 0.0957323 0.0533351 0.019504 0.00362658 0.000414487 1.94658e-05 2.90948e-07 1.15836e-09 1.03223e-12 1.71255e-16 4.61153e-21 1.86652e-26
 1.56096e-41 2.16651e-33 3.63478e-26 7.37125e-20 1.80698e-14 5.3544e-10 1.91786e-06 0.000830367 0.0434581 0.27494 0.212788 0.0839932 0.199308 0.0998638 0.0617805 0.0198017 0.00297779 0.000246847 8.88431e-06 1.12241e-07 3.49498e-10 2.21437e-13 2.54072e-17 4.77811e-22 1.35475e-27
 1.52124e-41 2.11138e-33 3.54227e-26 7.18366e-20 1.76099e-14 5.21813e-10 1.86905e-06 0.000809234 0.0423521 0.267947 0.20792 0.089215 0.199307 0.101079 0.0677993 0.0203728 0.00299242 0.000199247 5.0156e-06 4.44101e-08 1.05215e-10 5.09774e-14 4.24474e-18 5.55934e-23 1.08422e-28
 1.929e-41 2.67732e-33 4.49177e-26 9.10921e-20 2.23302e-14 6.61684e-10 2.37004e-06 0.00102615 0.0537045 0.339763 0.262275 0.0762395 0.135991 0.0689872 0.0467507 0.0132306 0.00191328 0.000114688 2.36293e-06 1.45931e-08 2.30195e-11 7.80531e-15 4.74768e-19 4.54701e-24 6.34511e-30
 1.62551e-41 2.2561e-33 3.78507e-26 7.67604e-20 1.88169e-14 5.5758e-10 1.99716e-06 0.000864701 0.045255 0.286324 0.223436 0.107204 0.205379 0.0825922 0.0377673 0.00975494 0.00134579 7.36442e-05 1.34101e-06 6.64344e-09 7.49079e-12 1.68771e-15 6.8275e-20 4.50231e-25 4.45327e-31
 1.33681e-41 1.8554e-33 3.11283e-26 6.31275e-20 1.5475e-14 4.58551e-10 1.64246e-06 0.000711127 0.0372176 0.235489 0.185935 0.120142 0.225786 0.112414 0.0678354 0.0131865 0.00122437 5.66323e-05 9.01349e-07 3.75079e-09 3.34808e-12 5.54754e-16 1.54789e-20 6.80453e-26 4.47813e-32
 1.21656e-41 1.68851e-33 2.83283e-26 5.74491e-20 1.4083e-14 4.17304e-10 1.49472e-06 0.000647161 0.0338699 0.214321 0.170663 0.124031 0.220066 0.129516 0.0858356 0.019025 0.00195923 6.41777e-05 7.15069e-07 2.36503e-09 1.6948e-12 2.18782e-16 4.57857e-21 1.4509e-26 6.64917e-33
 1.63142e-41 2.2643e-33 3.79884e-26 7.70397e-20 1.88854e-14 5.59608e-10 2.00442e-06 0.000867847 0.0454197 0.287386 0.225533 0.10459 0.157355 0.0983245 0.0635832 0.0151837 0.00169582 5.82752e-05 5.49586e-07 1.24159e-09 6.2897e-13 6.10924e-17 9.72186e-22 2.31424e-27 7.82641e-34
 1.48522e-41 2.06138e-33 3.4584e-26 7.01357e-20 1.71929e-14 5.09458e-10 1.82479e-06 0.000790073 0.0413494 0.261672 0.209307 0.140418 0.202423 0.0891269 0.0436927 0.0100779 0.00110102 3.86703e-05 3.61208e-07 7.18973e-10 2.70434e-13 1.79179e-17 1.97997e-22 3.39725e-28 8.43649e-35
 1.54735e-41 2.14762e-33 3.60308e-26 7.30698e-20 1.79122e-14 5.30771e-10 1.90114e-06 0.000823126 0.0430793 0.272628 0.217993 0.133597 0.178431 0.0987887 0.0467582 0.0072809 0.00060007 1.90975e-05 1.66532e-07 3.05995e-10 1.00473e-13 5.31715e-18 4.28271e-23 5.07434e-29 8.62792e-36
 1.52897e-41 2.12211e-33 3.56027e-26 7.22016e-20 1.76994e-14 5.24465e-10 1.87855e-06 0.000813346 0.0425675 0.269427 0.217877 0.147946 0.182916 0.0917284 0.0397284 0.00654491 0.000439475 9.4213e-06 6.35652e-08 9.91553e-11 2.79197e-14 1.24559e-18 8.17807e-24 7.55251e-30 9.5406e-37
 1.64666e-41 2.28546e-33 3.83433e-26 7.77594e-20 1.90618e-14 5.64836e-10 2.02315e-06 0.000875954 0.0458442 0.290178 0.234358 0.143308 0.162166 0.08511 0.0331831 0.00468631 0.000283541 5.22634e-06 2.49312e-08 2.70656e-11 5.78163e-15 2.05081e-19 1.08058e-24 7.96202e-31 7.92079e-38
 1.59391e-41 2.21224e-33 3.7115e-26 7.52684e-20 1.84512e-14 5.46742e-10 1.95834e-06 0.000847894 0.0443757 0.280953 0.230813 0.162181 0.17049 0.0793886 0.027221 0.00354444 0.000180349 2.73026e-06 1.06032e-08 8.53805e-12 1.25335e-15 3.08833e-20 1.18306e-25 6.5563e-32 4.98246e-39
 1.64559e-41 2.28397e-33 3.83183e-26 7.77086e-20 1.90494e-14 5.64467e-10 2.02183e-06 0.000875383 0.0458145 0.2901 0.239198 0.160639 0.158375 0.0784907 0.0238496 0.00254687 0.000107473 1.33297e-06 4.0546e-09 2.51905e-12 2.77791e-16 4.89654e-21 1.29417e-26 4.92751e-33 2.61884e-40
 1.64806e-41 2.2874e-33 3.8376e-26 7.78257e-20 1.9078e-14 5.65317e-10 2.02488e-06 0.000876702 0.0458838 0.290621 0.242787 0.170565 0.155715 0.0717095 0.0197996 0.00197127 6.82683e-05 6.55553e-07 1.54027e-09 7.27322e-13 5.99027e-17 7.81511e-22 1.51015e-27 4.12065e-34 1.53676e-41
 1.68979e-41 2.34532e-33 3.93476e-26 7.97962e-20 1.95611e-14 5.79631e-10 2.07614e-06 0.000898898 0.0470457 0.298055 0.250839 0.172541 0.147191 0.0661604 0.0158871 0.00134 3.9305e-05 3.0705e-07 5.45843e-10 1.90058e-13 1.15196e-17 1.10121e-22 1.54974e-28 3.06719e-35 8.26858e-43
 1.67763e-41 2.32844e-33 3.90644e-26 7.92218e-20 1.94203e-14 5.75459e-10 2.0612e-06 0.000892429 0.0467076 0.296047 0.253327 0.182064 0.145335 0.0614385 0.0131807 0.000981155 2.35601e-05 1.46555e-07 2.03768e-10 5.34607e-14 2.3608e-18 1.62286e-23 1.64072e-29 2.33476e-36 4.52282e-44
 1.46955e-41 2.03964e-33 3.42191e-26 6.93957e-20 1.70115e-14 5.04083e-10 1.80554e-06 0.000781739 0.0409154 0.25968 0.234744 0.214466 0.167181 0.0685149 0.0128803 0.000817494 1.62265e-05 8.03162e-08 8.54578e-11 1.68728e-14 5.54029e-19 2.78516e-24 2.0263e-30 2.05459e-37 2.82621e-45
 1.49854e-41 2.07988e-33 3.48943e-26 7.07649e-20 1.73472e-14 5.14029e-10 1.84117e-06 0.000797163 0.0417224 0.264703 0.235056 0.197567 0.167031 0.0780309 0.0142513 0.000825096 1.42572e-05 6.00117e-08 5.35276e-11 8.71631e-15 2.33179e-19 9.5056e-25 5.59614e-31 4.57566e-38 5.04875e-46
 1.55235e-41 2.15456e-33 3.61473e-26 7.3306e-20 1.79701e-14 5.32487e-10 1.90728e-06 0.000825788 0.0432205 0.274168 0.24175 0.194657 0.158608 0.0716901 0.0141782 0.00088574 1.48235e-05 5.67179e-08 4.47525e-11 6.38596e-15 1.49091e-19 5.28196e-25 2.69156e-31 1.90064e-38 1.81032e-46
#spawning biomass
 16616.9 18422.4 20775.9 24330.1 28317.3 34436 39632.9 48765 66085 83800.1 100848 122511 173995 209095 189292 167818 151744 145706 145143 142060 152291 152232 159362 169409 176351 186173 173730 177005 207996 329493 242290 106242 40637.9 23305.7 19502.2 18731 18582.2 18554.4 18549.4 18548.5 18548.3 18548.3 18548.3 18548.3 18548.3 18548.3 18548.3 18548.3 18548.3 18548.3 18548.3 18548.3 18548.3 18548.3 18548.3 18548.3 18548.3 18548.3 18548.3 18548.3 18548.3 18548.3 18548.3 18548.3 18548.3 18548.3 18548.3 18548.3 18548.3 18548.3 18548.3 18548.3 18548.3 18548.3 18548.3 18548.3 18548.3 18548.3 18548.3 18548.3 18548.3 18548.3 18548.3 18548.3 18548.3 18548.3 18548.3 18548.3 18548.3 18548.3 18548.3 18548.3 18548.3 18548.3 18548.3 18548.3 18548.3 18548.3 18548.3 18548.3 18548.3 18548.3 18548.3 18548.3 18548.3 18548.3 18548.3 18548.3 18548.3 18548.3 18548.3 18548.3 18548.3 18548.3 18548.3 18548.3 18548.3 18548.3 18548.3 18548.3 18548.3 18548.3 18548.3 18548.3 18548.3 18548.3 18548.3 18548.3 18548.3 0 0 0 0 0 0 0 0 0 0 0 0 0 0 0 0 0 0 0 0 0 0 0 0 0
