SBPRF35
0.18548
Curr Bio
165811
B35
187106
F35
0.864455
FOFL
0.745535
OFL
41591.7
Bzero
52994.1
#pred survey bio
 13169.9 14245.2 15668.5 17415.5 20022.5 25398.4 26926.7 29894.1 37852.3 52681.8 64000.6 76395.4 107582 133471 130453 103914 96816.3 95232.1 89144.9 90454.7 91948.5 95562 102395 115449 112545 122770 113995 109673 3.73527e+06 3.02408e+06 1.75179e+06 1.00581e+06 667479 518363 449000 413776 394368 383063 376273 372137 369604 368051 367095 366503 366147 365934 365805 365728 365681 365653 365636 365626 365620 365616 365614 365612 365612 365611 365611 365611 365610 365610 365610 365610 365610 365610 365610 365610 365610 365610 365610 365610 365610 365610 365610 365610 365610 365610 365610 365610 365610 365610 365610 365610 365610 365610 365610 365610 365610 365610 365610 365610 365610 365610 365610 365610 365610 365610 365610 365610 365610 365610 365610 365610 365610 365610 365610 365610 365610 365610 365610 365610 365610 365610 365610 365610 365610 365610 365610 365610 365610 365610 365610 365610 365610 365610 365610 365610 0 0 0 0 0 0 0 0 0 0 0 0 0 0 0 0 0 0 0 0 0 0 0 0 0
#obs survey bio
 11904.5 14026.6 15910.8 14324.4 20179.1 30985.5 23799.8 39950.9 37181.6 58687.2 61807.4 105990 121988 181137 94670.6 87615.7 60170.3 98967.6 87090.8 78368.7 126362 92508.9 117702 102508 140261 95566.9 98395.4 114814
#pred catch bio
 5381.06 6601.51 7762.82 9268.49 9961.08 14857.3 16759.2 19988.9 24795.8 36675.5 46601 54067.7 79239.2 99738.3 105264 84541.1 80659 81952.9 75768.9 79380 81595.1 85553.2 90468 112028 106266 119823 107377 104779 41591.7 68206.7 32530 16029.1 9803.84 7717.02 7068.58 6877.23 6822.8 6807.72 6803.63 6802.53 6802.24 6802.17 6802.15 6802.14 6802.14 6802.14 6802.14 6802.14 6802.14 6802.14 6802.14 6802.14 6802.14 6802.14 6802.14 6802.14 6802.14 6802.14 6802.14 6802.14 6802.14 6802.14 6802.14 6802.14 6802.14 6802.14 6802.14 6802.14 6802.14 6802.14 6802.14 6802.14 6802.14 6802.14 6802.14 6802.14 6802.14 6802.14 6802.14 6802.14 6802.14 6802.14 6802.14 6802.14 6802.14 6802.14 6802.14 6802.14 6802.14 6802.14 6802.14 6802.14 6802.14 6802.14 6802.14 6802.14 6802.14 6802.14 6802.14 6802.14 6802.14 6802.14 6802.14 6802.14 6802.14 6802.14 6802.14 6802.14 6802.14 6802.14 6802.14 6802.14 6802.14 6802.14 6802.14 6802.14 6802.14 6802.14 6802.14 6802.14 6802.14 6802.14 6802.14 6802.14 6802.14 6802.14 6802.14 6802.14 0 0 0 0 0 0 0 0 0 0 0 0 0 0 0 0 0 0 0 0 0 0 0 0 0
#obs catch bio
 7323.09 6743.98 7866.83 9467.34 9992.75 14697 16850.2 19712.2 24760.1 36577.9 46670.1 53128.5 76888.5 97838.7 107412 85990.9 80495 81404.3 75034.5 78813.3 79498.4 84056.6 88096.4 109556 103690 119145 104953 105059
#pred cpue bio
 12580.5 13323.7 14581.5 16192.2 18131.5 23524.1 24797.1 26695.2 32912.8 46406.3 57219.1 66183.7 92405.6 119546 120582 93855.2 85382.2 84470.2 78466.6 78886.1 79577.5 82456.5 87323.9 99019.6 94454.2 104292 98363.6 94028.5 3.18048e+06 3.1871e+06 1.74296e+06 990717 652194 503072 433709 398484 379076 367771 360981 356845 354312 352759 351804 351211 350856 350642 350514 350436 350390 350362 350345 350334 350328 350324 350322 350321 350320 350320 350319 350319 350319 350319 350319 350319 350319 350319 350319 350319 350319 350319 350319 350319 350319 350319 350319 350319 350319 350319 350319 350319 350319 350319 350319 350319 350319 350319 350319 350319 350319 350319 350319 350319 350319 350319 350319 350319 350319 350319 350319 350319 350319 350319 350319 350319 350319 350319 350319 350319 350319 350319 350319 350319 350319 350319 350319 350319 350319 350319 350319 350319 350319 350319 350319 350319 350319 350319 350319 350319 0 0 0 0 0 0 0 0 0 0 0 0 0 0 0 0 0 0 0 0 0 0 0 0 0
#obs cpue bio
 9329.89 8212.18 11634.9 15830.7 17782.8 30720.2 22416.7 30781.3 24662.5 47417.6 55783.6 81019.2 118599 105226 101346 95706.9 135037 100288 88695.9 105761 94398.2 106114 118144 164640 106185 130312 177405 86712.2
#pred surv len freq
 2.56162e-27 2.58398e-27 2.90677e-26 5.59206e-20 1.37083e-14 4.06201e-10 1.45494e-06 0.000629934 0.0329685 0.208568 0.159938 0.0427291 0.212864 0.196408 0.0406948 0.0436808 0.0180513 0.012984 0.00781417 0.005849 0.00454067 0.00389808 0.00389027 0.00344028 0.0010493
 2.56264e-27 2.58712e-27 3.21377e-26 6.23981e-20 1.52961e-14 4.53252e-10 1.62347e-06 0.000702901 0.0367873 0.232727 0.178333 0.0394067 0.17466 0.161987 0.0498642 0.0731719 0.0256452 0.011966 0.00543626 0.00310849 0.00197013 0.00144685 0.00127817 0.00113006 0.000377656
 2.56317e-27 2.58835e-27 3.30176e-26 6.42534e-20 1.5751e-14 4.66729e-10 1.67174e-06 0.000723802 0.0378812 0.239647 0.183646 0.0412722 0.185122 0.171071 0.0411062 0.0511105 0.022032 0.0162481 0.00576861 0.00212012 0.00092495 0.000520128 0.000379875 0.000315307 0.000109094
 2.56327e-27 2.58855e-27 3.31001e-26 6.44271e-20 1.57935e-14 4.67991e-10 1.67626e-06 0.000725758 0.0379836 0.240295 0.184151 0.041918 0.189682 0.175243 0.0412444 0.0501896 0.0189 0.0109159 0.00525107 0.00238995 0.000653997 0.000225065 0.000117217 8.36382e-05 2.86408e-05
 2.56494e-27 2.59297e-27 3.69121e-26 7.24685e-20 1.77648e-14 5.26402e-10 1.88548e-06 0.000816343 0.0427244 0.270287 0.207047 0.0415602 0.170873 0.157766 0.0359974 0.0425751 0.0158546 0.00876254 0.00346052 0.00151468 0.000562645 0.000134346 3.75157e-05 1.93563e-05 6.21191e-06
 2.56365e-27 2.58938e-27 3.36688e-26 6.56263e-20 1.60875e-14 4.76701e-10 1.70746e-06 0.000739266 0.0386905 0.244767 0.187585 0.0430835 0.196139 0.180973 0.0381652 0.041656 0.015256 0.00808105 0.00311247 0.00121483 0.000393925 0.000112964 2.09589e-05 5.54477e-06 1.49358e-06
 2.56399e-27 2.59031e-27 3.44828e-26 6.73435e-20 1.65084e-14 4.89175e-10 1.75214e-06 0.000758611 0.0397029 0.251172 0.192471 0.0428264 0.19075 0.176036 0.0379467 0.0423655 0.0149294 0.00705098 0.00262598 0.000983005 0.000289987 7.36561e-05 1.41094e-05 1.98698e-06 3.40743e-07
 2.56579e-27 2.59509e-27 3.86098e-26 7.60492e-20 1.86426e-14 5.52412e-10 1.97865e-06 0.000856679 0.0448355 0.283642 0.217258 0.0424298 0.170316 0.157006 0.0314398 0.0322907 0.0114881 0.00558097 0.0019535 0.000663779 0.00018569 4.27773e-05 7.37548e-06 8.4185e-07 7.4633e-08
 2.56715e-27 2.59863e-27 4.15895e-26 8.23347e-20 2.01834e-14 5.98069e-10 2.14218e-06 0.000927484 0.0485411 0.307085 0.235164 0.0427792 0.160395 0.147602 0.025287 0.0205671 0.00703907 0.00305389 0.00107723 0.000364729 9.21834e-05 1.95801e-05 3.0232e-06 3.00301e-07 1.70792e-08
 2.56656e-27 2.59698e-27 4.00871e-26 7.9165e-20 1.94064e-14 5.75045e-10 2.05971e-06 0.000891778 0.0466724 0.295263 0.22615 0.0435949 0.172936 0.159114 0.0262522 0.019838 0.00632068 0.00203746 0.000658594 0.00020556 5.18762e-05 1.01622e-05 1.40897e-06 1.22889e-07 5.52873e-09
 2.56584e-27 2.59501e-27 3.83338e-26 7.54662e-20 1.84996e-14 5.48177e-10 1.96348e-06 0.000850112 0.0444918 0.281467 0.215626 0.0441899 0.184858 0.170106 0.0280236 0.0211049 0.0066166 0.0019455 0.000549451 0.000132102 2.9735e-05 5.61029e-06 7.19853e-07 5.54267e-08 2.12557e-09
 2.56732e-27 2.59903e-27 4.18998e-26 8.29891e-20 2.03438e-14 6.02822e-10 2.15921e-06 0.000934855 0.0489269 0.309525 0.237032 0.0430394 0.161063 0.148169 0.0245238 0.0186437 0.00584218 0.00170903 0.000467795 9.98305e-05 1.75581e-05 2.73639e-06 3.268e-07 2.3002e-08 7.69581e-10
 2.56771e-27 2.60005e-27 4.27624e-26 8.48086e-20 2.07898e-14 6.16039e-10 2.20655e-06 0.000955351 0.0499996 0.316312 0.242215 0.043083 0.157754 0.145045 0.0226966 0.0152604 0.00478021 0.00141359 0.000386886 8.13833e-05 1.31031e-05 1.6217e-06 1.52783e-07 9.70082e-09 2.92466e-10
 2.5658e-27 2.59483e-27 3.80931e-26 7.49582e-20 1.83751e-14 5.44487e-10 1.95026e-06 0.000844388 0.0441922 0.279573 0.21419 0.0449061 0.191317 0.175922 0.0264453 0.0160294 0.00489452 0.00125972 0.000339621 7.20341e-05 1.1504e-05 1.32402e-06 9.91795e-08 4.90291e-09 1.30323e-10
 2.56405e-27 2.59011e-27 3.39729e-26 6.62664e-20 1.62444e-14 4.81351e-10 1.72412e-06 0.000746477 0.0390679 0.247155 0.189449 0.0456578 0.214421 0.197362 0.0324071 0.0242248 0.00730894 0.00167856 0.00042583 8.03809e-05 1.26934e-05 1.45519e-06 1.01231e-07 3.97113e-09 8.23544e-11
 2.56532e-27 2.59359e-27 3.70669e-26 7.27936e-20 1.78445e-14 5.28764e-10 1.89394e-06 0.000820005 0.0429161 0.271499 0.208021 0.0446221 0.19349 0.178062 0.0292462 0.0218903 0.006848 0.00198057 0.000503719 8.51101e-05 1.20842e-05 1.29767e-06 8.92854e-08 3.22147e-09 5.30394e-11
 2.56654e-27 2.59686e-27 3.99152e-26 7.88021e-20 1.93174e-14 5.72409e-10 2.05027e-06 0.000887689 0.0464585 0.293909 0.225126 0.044159 0.177948 0.163629 0.025045 0.0159372 0.00497042 0.00144345 0.000392901 8.00454e-05 1.08891e-05 1.0332e-06 6.49259e-08 2.27186e-09 3.40025e-11
 2.5663e-27 2.59615e-27 3.92324e-26 7.73616e-20 1.89643e-14 5.61945e-10 2.01279e-06 0.000871462 0.0456092 0.288537 0.221034 0.0448096 0.185774 0.170752 0.0245191 0.0129342 0.00390097 0.000945137 0.000251008 5.23709e-05 8.18088e-06 8.31319e-07 4.66525e-08 1.47229e-09 2.09562e-11
 2.56667e-27 2.59713e-27 4.00924e-26 7.91757e-20 1.9409e-14 5.75123e-10 2.05999e-06 0.000891898 0.0466787 0.295303 0.226197 0.0446155 0.180669 0.16603 0.0234917 0.0117736 0.00345761 0.00068727 0.000167016 2.98642e-05 4.61506e-06 5.15545e-07 3.20172e-08 9.34639e-10 1.19556e-11
 2.56708e-27 2.59827e-27 4.11035e-26 8.13087e-20 1.99318e-14 5.90616e-10 2.11549e-06 0.000915925 0.0479362 0.303258 0.232266 0.0442599 0.1737 0.159612 0.0225968 0.0113473 0.00331359 0.0006247 0.000143042 2.11692e-05 2.81974e-06 2.90156e-07 1.92999e-08 6.19318e-10 7.55409e-12
 2.56743e-27 2.59919e-27 4.18969e-26 8.29825e-20 2.03422e-14 6.02775e-10 2.15904e-06 0.000934781 0.048923 0.309501 0.237032 0.0441927 0.16984 0.156009 0.0212076 0.00908691 0.00264165 0.000498782 0.000112953 1.57342e-05 1.83542e-06 1.55429e-07 9.21256e-09 3.0779e-10 4.06636e-12
 2.56756e-27 2.59953e-27 4.2198e-26 8.36176e-20 2.04979e-14 6.07388e-10 2.17556e-06 0.000941935 0.0492975 0.31187 0.23884 0.0441721 0.168413 0.154676 0.0206965 0.00825478 0.00235735 0.000381989 8.35561e-05 1.1611e-05 1.30875e-06 9.88606e-08 4.78837e-09 1.39643e-10 1.87433e-12
 2.56804e-27 2.60085e-27 4.33662e-26 8.60821e-20 2.1102e-14 6.25289e-10 2.23968e-06 0.000969697 0.0507504 0.321061 0.245853 0.0437915 0.16059 0.147464 0.0195509 0.00745736 0.00211374 0.000320228 6.67654e-05 8.09299e-06 8.80309e-07 6.49859e-08 2.84333e-09 6.82077e-11 7.91456e-13
 2.56781e-27 2.60022e-27 4.27998e-26 8.48872e-20 2.08091e-14 6.1661e-10 2.20859e-06 0.000956236 0.050046 0.316605 0.242453 0.0440117 0.164653 0.151203 0.0200051 0.00755142 0.00213231 0.000310119 6.31662e-05 7.14892e-06 7.07356e-07 4.70879e-08 1.99193e-09 4.35272e-11 4.20215e-13
 2.56868e-27 2.60255e-27 4.48545e-26 8.92216e-20 2.18716e-14 6.48094e-10 2.32137e-06 0.00100506 0.0526014 0.332771 0.25479 0.0435201 0.152245 0.139721 0.0173931 0.0044873 0.00124462 0.000179274 3.61654e-05 3.93286e-06 3.71518e-07 2.25079e-08 8.48378e-10 1.74209e-11 1.53755e-13
 2.56821e-27 2.60128e-27 4.3715e-26 8.68178e-20 2.12823e-14 6.30634e-10 2.25882e-06 0.000977984 0.0511842 0.323805 0.24795 0.0439321 0.160186 0.147034 0.018419 0.00498363 0.00135558 0.00014202 2.5475e-05 2.735e-06 2.52606e-07 1.45499e-08 5.03344e-10 9.1942e-12 7.46723e-14
 2.56758e-27 2.59955e-27 4.21623e-26 8.35421e-20 2.04793e-14 6.06839e-10 2.1736e-06 0.000941084 0.0492529 0.311588 0.238632 0.0445854 0.171704 0.157618 0.0194818 0.00474334 0.00128564 0.000139647 2.43397e-05 1.9522e-06 1.59733e-07 8.99133e-09 2.9733e-10 5.0028e-12 3.62635e-14
 2.56784e-27 2.60027e-27 4.28226e-26 8.49352e-20 2.08208e-14 6.16959e-10 2.20984e-06 0.000956778 0.0500743 0.316784 0.242593 0.0441695 0.165756 0.152183 0.0194875 0.00612268 0.00167319 0.000167478 2.82527e-05 2.31844e-06 1.69459e-07 7.34956e-09 2.25954e-10 3.64346e-12 2.44428e-14
#obs surv len freq
 1.25036e-41 1.73542e-33 2.91152e-26 5.90451e-20 1.44742e-14 4.28897e-10 1.53624e-06 0.000665139 0.0348107 0.220223 0.168894 0.0417811 0.170411 0.142637 0.0890905 0.0842157 0.0328994 0.0117622 0.0023403 0.00025638 1.15119e-05 1.55866e-07 4.79114e-10 2.71592e-13 2.4793e-17
 1.55773e-41 2.16202e-33 3.62724e-26 7.35597e-20 1.80323e-14 5.3433e-10 1.91388e-06 0.000828645 0.043368 0.274359 0.210265 0.0426607 0.142231 0.11335 0.0742698 0.0647825 0.0244122 0.00793129 0.00140422 0.000131198 4.76589e-06 4.95236e-08 1.12632e-10 4.62497e-14 3.0216e-18
 1.29137e-41 1.79234e-33 3.00702e-26 6.09817e-20 1.4949e-14 4.42965e-10 1.58663e-06 0.000686955 0.0359525 0.227447 0.174683 0.0516735 0.203645 0.149763 0.0735139 0.0556858 0.0200708 0.00588604 0.000917913 7.18043e-05 2.0841e-06 1.65405e-08 2.77551e-11 8.23148e-15 3.839e-19
 1.55604e-41 2.15967e-33 3.6233e-26 7.34798e-20 1.80127e-14 5.3375e-10 1.9118e-06 0.000827745 0.0433209 0.274062 0.21021 0.0473386 0.149629 0.109547 0.0850233 0.0598739 0.0158433 0.00377757 0.000512248 3.31701e-05 7.57758e-07 4.54939e-09 5.6152e-12 1.2019e-15 3.99826e-20
 1.53848e-41 2.13531e-33 3.58243e-26 7.2651e-20 1.78095e-14 5.27729e-10 1.89024e-06 0.000818409 0.0428322 0.270971 0.208091 0.0552793 0.179824 0.118643 0.0640395 0.0418812 0.0143456 0.00297239 0.00028581 1.44782e-05 2.57013e-07 1.15507e-09 1.04139e-12 1.60451e-16 3.80624e-21
 1.34865e-41 1.87183e-33 3.14039e-26 6.36865e-20 1.5612e-14 4.62612e-10 1.657e-06 0.000717424 0.0375471 0.237537 0.182809 0.0612328 0.205483 0.131131 0.0834302 0.0466516 0.0110883 0.002161 0.000202324 7.32202e-06 9.22693e-08 3.04025e-10 1.98692e-13 2.19201e-17 3.69692e-22
 1.56446e-41 2.17136e-33 3.64291e-26 7.38775e-20 1.81102e-14 5.36638e-10 1.92215e-06 0.000832225 0.0435553 0.275547 0.211805 0.0581282 0.165777 0.105086 0.0832013 0.0438785 0.0105055 0.00156841 0.00011104 3.48058e-06 3.20285e-08 7.16593e-11 3.27292e-14 2.55744e-18 3.052e-23
 1.73184e-41 2.40368e-33 4.03267e-26 8.17817e-20 2.00478e-14 5.94054e-10 2.1278e-06 0.000921266 0.0482154 0.305028 0.234516 0.0627081 0.162952 0.0926178 0.0567531 0.0278529 0.00734355 0.0010292 5.89594e-05 1.3264e-06 9.34638e-09 1.5253e-11 4.72736e-15 2.50002e-19 2.05945e-24
 1.65344e-41 2.29487e-33 3.85012e-26 7.80797e-20 1.91403e-14 5.67163e-10 2.03148e-06 0.000879562 0.0460328 0.291223 0.224382 0.0712489 0.184901 0.0981617 0.0554611 0.0225686 0.00452469 0.00058244 3.16458e-05 5.68125e-07 2.82702e-09 3.27951e-12 7.29044e-16 2.67556e-20 1.49165e-25
 1.53322e-41 2.12801e-33 3.57019e-26 7.24026e-20 1.77487e-14 5.25925e-10 1.88378e-06 0.000815611 0.0426858 0.270052 0.208655 0.0784898 0.19964 0.104754 0.0667109 0.0238994 0.00390877 0.000372495 1.57152e-05 2.42262e-07 9.51996e-10 7.83501e-13 1.19847e-16 3.06432e-21 1.19607e-26
 1.46257e-41 2.02994e-33 3.40565e-26 6.90659e-20 1.69307e-14 5.01688e-10 1.79696e-06 0.000778023 0.0407186 0.25761 0.199592 0.0841837 0.203969 0.10765 0.0756358 0.0254042 0.00412749 0.000320736 9.63003e-06 1.0578e-07 3.2069e-10 2.03571e-13 2.26026e-17 4.00648e-22 1.07083e-27
 1.88287e-41 2.6133e-33 4.38435e-26 8.89138e-20 2.17962e-14 6.4586e-10 2.31337e-06 0.00100161 0.0524202 0.331635 0.255731 0.0729528 0.140688 0.0736642 0.0526019 0.016482 0.00263125 0.000184691 4.59223e-06 3.56103e-08 7.28256e-11 3.27797e-14 2.68419e-18 3.4924e-23 6.66939e-29
 1.5746e-41 2.18544e-33 3.66653e-26 7.43565e-20 1.82276e-14 5.40118e-10 1.93461e-06 0.000837621 0.0438378 0.277352 0.215976 0.102186 0.213395 0.0898587 0.0425854 0.0120267 0.00182458 0.000116034 2.54858e-06 1.59342e-08 2.34289e-11 7.05838e-15 3.88392e-19 3.51714e-24 4.79991e-30
 1.27449e-41 1.76891e-33 2.96772e-26 6.01847e-20 1.47536e-14 4.37175e-10 1.56589e-06 0.000677977 0.0354826 0.224505 0.176739 0.114043 0.234042 0.118963 0.0770946 0.0166875 0.00167267 8.85364e-05 1.69004e-06 8.84397e-09 1.02875e-11 2.27942e-15 8.65731e-20 5.24498e-25 4.79592e-31
 1.14439e-41 1.58834e-33 2.66477e-26 5.40409e-20 1.32475e-14 3.92548e-10 1.40604e-06 0.000608767 0.0318605 0.201598 0.159997 0.117391 0.227408 0.135722 0.0985476 0.0239751 0.00278304 0.00010603 1.3928e-06 5.73356e-09 5.3273e-12 9.16039e-16 2.60051e-20 1.13203e-25 7.19021e-32
 1.5596e-41 2.16462e-33 3.6316e-26 7.36481e-20 1.8054e-14 5.34972e-10 1.91618e-06 0.000829641 0.0434201 0.274726 0.215135 0.100652 0.165173 0.104243 0.0740617 0.0192199 0.0024383 9.84196e-05 1.12473e-06 3.15802e-09 2.04951e-12 2.63186e-16 5.6516e-21 1.83938e-26 8.58242e-33
 1.41001e-41 1.95699e-33 3.28326e-26 6.65839e-20 1.63223e-14 4.83659e-10 1.73239e-06 0.000750064 0.0392554 0.248408 0.19808 0.136115 0.21534 0.0967365 0.050995 0.0126838 0.00156917 6.47009e-05 7.39983e-07 1.8601e-09 9.03547e-13 7.87585e-17 1.16567e-21 2.71917e-27 9.27412e-34
 1.46111e-41 2.02792e-33 3.40226e-26 6.89971e-20 1.69138e-14 5.01188e-10 1.79517e-06 0.000777248 0.0406782 0.257419 0.20529 0.130087 0.190214 0.107799 0.0570542 0.00974808 0.000897486 3.34898e-05 3.58823e-07 8.38838e-10 3.59106e-13 2.51838e-17 2.72016e-22 4.36526e-28 1.01432e-34
 1.4404e-41 1.99918e-33 3.35404e-26 6.80192e-20 1.66741e-14 4.94084e-10 1.76973e-06 0.000766232 0.0401016 0.253801 0.204602 0.144323 0.195616 0.101613 0.0492983 0.00913902 0.000718978 1.82177e-05 1.50481e-07 2.99525e-10 1.1051e-13 6.56957e-18 5.81249e-23 7.29102e-29 1.25858e-35
 1.56149e-41 2.16724e-33 3.636e-26 7.37373e-20 1.80758e-14 5.3562e-10 1.9185e-06 0.000830646 0.0434729 0.275148 0.221624 0.14157 0.175071 0.0942814 0.0410964 0.00643863 0.000454837 1.01744e-05 6.05292e-08 8.38886e-11 2.34868e-14 1.11312e-18 7.92969e-24 7.96129e-30 1.08511e-36
 1.50438e-41 2.08798e-33 3.50302e-26 7.10405e-20 1.74147e-14 5.16031e-10 1.84834e-06 0.000800267 0.041883 0.265143 0.21714 0.160447 0.18473 0.0898129 0.0346426 0.00508783 0.000305468 5.62726e-06 2.76597e-08 2.89457e-11 5.61462e-15 1.85324e-19 9.62003e-25 7.28354e-31 7.60322e-38
 1.55439e-41 2.15739e-33 3.61947e-26 7.34022e-20 1.79937e-14 5.33186e-10 1.90978e-06 0.00082687 0.0432755 0.27399 0.225316 0.160301 0.172378 0.0892837 0.0307244 0.00371411 0.000185778 2.82819e-06 1.09324e-08 8.87817e-12 1.30626e-15 3.11065e-20 1.11978e-25 5.84345e-32 4.27818e-39
 1.55633e-41 2.16008e-33 3.62398e-26 7.34936e-20 1.80161e-14 5.3385e-10 1.91216e-06 0.000827901 0.0433295 0.274402 0.228628 0.171065 0.170345 0.0826093 0.0257537 0.00291557 0.000120584 1.42691e-06 4.28233e-09 2.65392e-12 2.92431e-16 5.17402e-21 1.36848e-26 5.14164e-33 2.65085e-40
 1.59538e-41 2.21429e-33 3.71492e-26 7.53379e-20 1.84682e-14 5.47247e-10 1.96015e-06 0.000848677 0.0444171 0.281352 0.236264 0.174145 0.161946 0.0776222 0.0212636 0.0020652 7.28475e-05 7.06856e-07 1.61312e-09 7.39655e-13 6.01643e-17 7.81671e-22 1.50807e-27 4.1173e-34 1.53807e-41
 1.58814e-41 2.20424e-33 3.69806e-26 7.4996e-20 1.83844e-14 5.44763e-10 1.95125e-06 0.000844825 0.0442158 0.280189 0.239134 0.184229 0.159893 0.0722907 0.0176415 0.00151621 4.40505e-05 3.42267e-07 6.13471e-10 2.12504e-13 1.26117e-17 1.18002e-22 1.63822e-28 3.22034e-35 8.65314e-43
 1.3707e-41 1.90244e-33 3.19174e-26 6.47278e-20 1.58673e-14 4.70176e-10 1.68409e-06 0.000729155 0.0381628 0.242125 0.218531 0.217041 0.183392 0.0812037 0.0174874 0.00129416 3.12558e-05 1.9441e-07 2.68088e-10 7.01494e-14 3.10185e-18 2.12362e-23 2.12157e-29 2.97223e-36 5.67482e-44
 1.4038e-41 1.94838e-33 3.26881e-26 6.62909e-20 1.62504e-14 4.8153e-10 1.72476e-06 0.000746763 0.0390848 0.248056 0.223982 0.205176 0.176396 0.0880852 0.017341 0.00110964 2.182e-05 1.07004e-07 1.13469e-10 2.22915e-14 7.27247e-19 3.64176e-24 2.64674e-30 2.68083e-37 3.67389e-45
 1.46707e-41 2.03619e-33 3.41614e-26 6.92785e-20 1.69828e-14 5.03232e-10 1.8025e-06 0.000780419 0.0408462 0.259188 0.232027 0.203264 0.169105 0.0779758 0.0157522 0.00104092 1.87677e-05 7.90042e-08 6.97752e-11 1.12671e-14 2.99871e-19 1.21696e-24 7.12921e-31 5.80262e-38 6.38202e-46
#pred catch len freq
 2.55904e-27 2.57696e-27 2.28754e-26 4.28576e-20 1.0506e-14 3.11312e-10 1.11507e-06 0.000482782 0.025267 0.159847 0.122763 0.0444666 0.252205 0.232686 0.046645 0.0481476 0.0198529 0.0142343 0.00856353 0.00640913 0.00497542 0.0042713 0.00426274 0.00376967 0.00114976
 2.56022e-27 2.58059e-27 2.6414e-26 5.03237e-20 1.23363e-14 3.65545e-10 1.30932e-06 0.000566886 0.0296688 0.187693 0.143965 0.0406626 0.208362 0.193167 0.0568141 0.0811955 0.0284183 0.0132111 0.0059992 0.00342985 0.00217376 0.00159639 0.00141028 0.00124685 0.000416689
 2.56088e-27 2.58216e-27 2.75582e-26 5.27366e-20 1.29277e-14 3.83072e-10 1.3721e-06 0.000594066 0.0310913 0.196693 0.15087 0.0427265 0.219217 0.202544 0.0468387 0.0563013 0.0242154 0.0178039 0.00631923 0.00232203 0.00101301 0.000569643 0.000416038 0.000345323 0.000119479
 2.56117e-27 2.58284e-27 2.80575e-26 5.37893e-20 1.31858e-14 3.90719e-10 1.39949e-06 0.000605925 0.031712 0.200619 0.153878 0.0433598 0.221923 0.204993 0.0464643 0.0546242 0.0205331 0.011818 0.0056828 0.00258608 0.00070765 0.000243528 0.000126833 9.04991e-05 3.09903e-05
 2.56265e-27 2.58676e-27 3.14326e-26 6.0909e-20 1.49311e-14 4.42435e-10 1.58473e-06 0.000686127 0.0359094 0.227173 0.17415 0.0431014 0.205714 0.189922 0.0417786 0.0476861 0.0177263 0.00976284 0.00385412 0.00168666 0.000626514 0.000149595 4.17741e-05 2.15535e-05 6.91702e-06
 2.56182e-27 2.5844e-27 2.92494e-26 5.63032e-20 1.3802e-14 4.08979e-10 1.46489e-06 0.000634244 0.033194 0.209995 0.161056 0.0444956 0.225524 0.20806 0.0424232 0.0445583 0.0162897 0.0085981 0.00331036 0.00129184 0.000418883 0.00012012 2.22866e-05 5.89604e-06 1.5882e-06
 2.56238e-27 2.58593e-27 3.05934e-26 5.91384e-20 1.44971e-14 4.29574e-10 1.53866e-06 0.000666182 0.0348655 0.22057 0.169124 0.0440947 0.216805 0.20005 0.0416598 0.0447947 0.0157598 0.00741604 0.00276079 0.00103328 0.000304809 7.74207e-05 1.48305e-05 2.08853e-06 3.58158e-07
 2.56451e-27 2.59159e-27 3.54966e-26 6.94817e-20 1.70326e-14 5.04706e-10 1.80777e-06 0.000782697 0.0409635 0.259147 0.198571 0.0435004 0.191593 0.176604 0.0342608 0.0337947 0.0120023 0.00580965 0.00203275 0.000690572 0.00019318 4.45023e-05 7.6729e-06 8.75799e-07 7.76426e-08
 2.56583e-27 2.59501e-27 3.83652e-26 7.55327e-20 1.85159e-14 5.4866e-10 1.96521e-06 0.00085086 0.0445309 0.281715 0.215811 0.0439302 0.182752 0.168186 0.0281024 0.0218085 0.00745005 0.00322018 0.00113538 0.000384347 9.71389e-05 2.06326e-05 3.18569e-06 3.16442e-07 1.79972e-08
 2.56545e-27 2.59394e-27 3.73678e-26 7.34284e-20 1.80001e-14 5.33375e-10 1.91046e-06 0.000827156 0.0432904 0.273867 0.209829 0.044615 0.192166 0.176811 0.0285027 0.0205156 0.00652572 0.00209539 0.000676942 0.000211244 5.33088e-05 1.04427e-05 1.44786e-06 1.26282e-07 5.68137e-09
 2.56491e-27 2.59245e-27 3.60422e-26 7.06319e-20 1.73145e-14 5.13061e-10 1.8377e-06 0.000795653 0.0416416 0.263437 0.201872 0.0450839 0.201325 0.185253 0.0298208 0.0213904 0.00669536 0.00196099 0.000553503 0.000133046 2.99463e-05 5.65011e-06 7.24961e-07 5.582e-08 2.14065e-09
 2.56632e-27 2.5963e-27 3.94564e-26 7.78344e-20 1.90802e-14 5.65379e-10 2.02509e-06 0.000876788 0.0458879 0.2903 0.222367 0.0439612 0.178382 0.164106 0.0265343 0.0192169 0.00601227 0.00175193 0.000479262 0.000102254 1.79836e-05 2.80267e-06 3.34716e-07 2.35591e-08 7.88222e-10
 2.5669e-27 2.59784e-27 4.0785e-26 8.0637e-20 1.97672e-14 5.85737e-10 2.09801e-06 0.000908359 0.0475403 0.300753 0.230347 0.0438568 0.171981 0.158131 0.0242399 0.0154855 0.00484216 0.00142633 0.000390151 8.20513e-05 1.32101e-05 1.63492e-06 1.54029e-07 9.77991e-09 2.9485e-10
 2.56498e-27 2.59257e-27 3.60649e-26 7.06795e-20 1.73262e-14 5.13407e-10 1.83894e-06 0.00079619 0.0416697 0.263615 0.202018 0.0457215 0.206074 0.189491 0.0279624 0.016073 0.00489885 0.0012559 0.000338369 7.17519e-05 1.14584e-05 1.31876e-06 9.87856e-08 4.88343e-09 1.29806e-10
 2.56364e-27 2.58899e-27 3.29568e-26 6.4123e-20 1.5719e-14 4.65781e-10 1.66835e-06 0.000722332 0.0378042 0.239161 0.183352 0.0461635 0.222552 0.204818 0.0328674 0.023397 0.00704902 0.00161254 0.000408786 7.71453e-05 1.21819e-05 1.39653e-06 9.71501e-08 3.81105e-09 7.90346e-11
 2.56498e-27 2.59265e-27 3.62167e-26 7.09999e-20 1.74048e-14 5.15735e-10 1.84728e-06 0.0007998 0.0418586 0.26481 0.20292 0.0450589 0.200398 0.184394 0.0295978 0.021097 0.00658927 0.00189832 0.000482528 8.15102e-05 1.15724e-05 1.2427e-06 8.55032e-08 3.08501e-09 5.07926e-11
 2.56635e-27 2.59632e-27 3.94179e-26 7.7753e-20 1.90602e-14 5.64788e-10 2.02298e-06 0.000875871 0.0458399 0.289996 0.222143 0.0444475 0.18224 0.167556 0.0251519 0.0151913 0.00472905 0.001368 0.000372148 7.58002e-05 1.03112e-05 9.78352e-07 6.14791e-08 2.15125e-09 3.21974e-11
 2.56629e-27 2.59611e-27 3.91868e-26 7.72653e-20 1.89407e-14 5.61246e-10 2.01029e-06 0.000870378 0.0455524 0.288177 0.220761 0.0449227 0.186827 0.171699 0.0242626 0.0121102 0.00364501 0.000879666 0.000233457 4.86978e-05 7.60677e-06 7.72973e-07 4.33781e-08 1.36895e-09 1.94853e-11
 2.56657e-27 2.59687e-27 3.98491e-26 7.86625e-20 1.92832e-14 5.71394e-10 2.04664e-06 0.000886116 0.0463761 0.293388 0.224738 0.0447894 0.183018 0.168173 0.0234352 0.0111053 0.00325473 0.000644437 0.000156476 2.79729e-05 4.32255e-06 4.82864e-07 2.99875e-08 8.75391e-10 1.11977e-11
 2.56719e-27 2.59855e-27 4.13452e-26 8.18186e-20 2.00569e-14 5.9432e-10 2.12876e-06 0.00092167 0.0482369 0.30516 0.233718 0.0442573 0.172659 0.158635 0.0221182 0.010502 0.00306065 0.00057479 0.0001315 1.94562e-05 2.59142e-06 2.66658e-07 1.77369e-08 5.69161e-10 6.94231e-12
 2.56759e-27 2.59962e-27 4.22808e-26 8.37922e-20 2.05407e-14 6.08656e-10 2.18011e-06 0.000943902 0.0494004 0.312521 0.239337 0.0441198 0.167666 0.153992 0.0206641 0.00835521 0.00242325 0.000455779 0.000103126 1.43617e-05 1.67521e-06 1.41861e-07 8.40832e-09 2.8092e-10 3.71137e-12
 2.56777e-27 2.60011e-27 4.27028e-26 8.46825e-20 2.07589e-14 6.15123e-10 2.20327e-06 0.00095393 0.0499253 0.315841 0.241871 0.0440467 0.165329 0.151824 0.0200721 0.00754898 0.00215052 0.000347156 7.58602e-05 1.0539e-05 1.18784e-06 8.97259e-08 4.34591e-09 1.2674e-10 1.70114e-12
 2.56817e-27 2.60118e-27 4.36551e-26 8.66915e-20 2.12514e-14 6.29716e-10 2.25554e-06 0.000976561 0.0511097 0.323334 0.247587 0.0437391 0.158972 0.145963 0.0191309 0.00687788 0.00194456 0.000293496 6.11263e-05 7.4076e-06 8.05697e-07 5.94771e-08 2.6023e-09 6.24256e-11 7.24362e-13
 2.56853e-27 2.60218e-27 4.45463e-26 8.85715e-20 2.17122e-14 6.43373e-10 2.30445e-06 0.00099774 0.0522181 0.330346 0.252937 0.0434191 0.152778 0.140261 0.0183477 0.00652724 0.00183842 0.000266385 5.4198e-05 6.1324e-06 6.06729e-07 4.03887e-08 1.70853e-09 3.73344e-11 3.60429e-13
 2.56916e-27 2.60387e-27 4.60301e-26 9.17017e-20 2.24796e-14 6.6611e-10 2.38589e-06 0.001033 0.0540636 0.342021 0.261846 0.0431031 0.144114 0.132232 0.0163359 0.00396202 0.00109478 0.000157105 3.16577e-05 3.44181e-06 3.25105e-07 1.96957e-08 7.42378e-10 1.52442e-11 1.34544e-13
 2.56893e-27 2.60324e-27 4.54622e-26 9.05036e-20 2.21859e-14 6.57407e-10 2.35472e-06 0.0010195 0.0533572 0.337552 0.258437 0.0433013 0.148017 0.135829 0.0168795 0.00429438 0.00116403 0.00012154 2.17675e-05 2.33636e-06 2.15769e-07 1.2428e-08 4.29936e-10 7.8533e-12 6.37819e-14
 2.5681e-27 2.60097e-27 4.3426e-26 8.62081e-20 2.11329e-14 6.26205e-10 2.24296e-06 0.000971116 0.0508247 0.321531 0.246217 0.0441341 0.16294 0.149547 0.0183523 0.00419966 0.00113383 0.000122736 2.13604e-05 1.71283e-06 1.40132e-07 7.88783e-09 2.60838e-10 4.3888e-12 3.18128e-14
 2.56844e-27 2.60192e-27 4.42977e-26 8.80471e-20 2.15837e-14 6.39563e-10 2.29081e-06 0.000991833 0.051909 0.32839 0.251447 0.0436567 0.155633 0.142857 0.0181225 0.00535837 0.00145999 0.000145655 2.45316e-05 2.01258e-06 1.47088e-07 6.37919e-09 1.9612e-10 3.16239e-12 2.12154e-14
#obs catch len freq
 6.02757e-42 8.36588e-34 1.40355e-26 2.84637e-20 6.97754e-15 2.06757e-10 7.40571e-07 0.000320642 0.0167811 0.106163 0.0818345 0.0424894 0.2273 0.191865 0.13141 0.12687 0.0515614 0.0190075 0.00392596 0.000449595 2.12803e-05 3.03277e-07 9.7371e-10 5.72482e-13 5.39497e-17
 6.84298e-42 9.49761e-34 1.59342e-26 3.23143e-20 7.92146e-15 2.34727e-10 8.40755e-07 0.000364018 0.0190513 0.120525 0.0929138 0.0462801 0.23059 0.185096 0.12898 0.11406 0.0442513 0.0148498 0.00275784 0.000269719 1.02885e-05 1.12313e-07 2.67038e-10 1.13806e-13 7.66813e-18
 1.02872e-41 1.42779e-33 2.39541e-26 4.85785e-20 1.19084e-14 3.52869e-10 1.26392e-06 0.000547233 0.02864 0.181186 0.139302 0.0481788 0.202428 0.154518 0.110484 0.0894983 0.0333263 0.0100928 0.00165576 0.000136862 4.18192e-06 3.47667e-08 6.08612e-11 1.87343e-14 9.01846e-19
 8.79195e-42 1.22026e-33 2.04725e-26 4.15178e-20 1.01776e-14 3.01581e-10 1.08021e-06 0.000467695 0.0244773 0.154853 0.119527 0.0600209 0.26212 0.183009 0.0961528 0.0678145 0.0240277 0.00652708 0.000935361 6.41566e-05 1.55239e-06 9.78643e-09 1.25812e-11 2.78955e-15 9.57134e-20
 1.2107e-41 1.68038e-33 2.81918e-26 5.71724e-20 1.40151e-14 4.15294e-10 1.48752e-06 0.000644043 0.0337067 0.21324 0.164011 0.05395 0.193654 0.13598 0.110856 0.0710322 0.0183215 0.00407037 0.000503248 2.83079e-05 5.34565e-07 2.53314e-09 2.38519e-12 3.80705e-16 9.30389e-21
 1.28266e-41 1.78024e-33 2.98673e-26 6.05702e-20 1.48481e-14 4.39976e-10 1.57592e-06 0.000682319 0.0357099 0.225914 0.174004 0.0635614 0.219949 0.137614 0.0772529 0.0467199 0.0154414 0.00288501 0.000253193 1.11126e-05 1.61789e-07 5.70569e-10 3.90963e-13 4.48137e-17 7.79881e-22
 1.17175e-41 1.62632e-33 2.72848e-26 5.53331e-20 1.35642e-14 4.01933e-10 1.43966e-06 0.000623323 0.0326223 0.206383 0.159374 0.0695187 0.235256 0.142923 0.0931008 0.0472333 0.0108585 0.00193966 0.000160626 4.97473e-06 5.14225e-08 1.32448e-10 6.55714e-14 5.37061e-18 6.63624e-23
 1.45197e-41 2.01523e-33 3.38097e-26 6.85654e-20 1.6808e-14 4.98052e-10 1.78394e-06 0.000772385 0.0404236 0.255736 0.19699 0.0647363 0.18498 0.112562 0.0896948 0.0429056 0.00979678 0.00131522 8.34026e-05 2.20607e-06 1.64144e-08 2.868e-11 9.91365e-15 5.74226e-19 5.01511e-24
 1.6742e-41 2.32368e-33 3.89845e-26 7.90597e-20 1.93806e-14 5.74282e-10 2.05698e-06 0.000890602 0.0466106 0.294878 0.227087 0.0688119 0.175153 0.0947501 0.0582462 0.0261934 0.00652285 0.000812141 4.08375e-05 7.74944e-07 4.3972e-09 5.55749e-12 1.30105e-15 5.09983e-20 3.07257e-25
 1.64106e-41 2.27769e-33 3.82129e-26 7.74951e-20 1.8997e-14 5.62916e-10 2.01627e-06 0.000872977 0.0456881 0.289045 0.22308 0.077099 0.190291 0.096003 0.0538394 0.0198542 0.00377081 0.00043415 2.03729e-05 3.03329e-07 1.2091e-09 1.08495e-12 1.81641e-16 4.93499e-21 2.01294e-26
 1.55629e-41 2.16002e-33 3.62389e-26 7.34917e-20 1.80156e-14 5.33836e-10 1.91211e-06 0.000827879 0.0433279 0.274116 0.212162 0.0840101 0.199551 0.100196 0.0623538 0.0201051 0.00307779 0.000260449 9.55384e-06 1.21223e-07 3.7686e-10 2.38625e-13 2.74603e-17 5.19321e-22 1.48218e-27
 1.51629e-41 2.10451e-33 3.53075e-26 7.16029e-20 1.75526e-14 5.20116e-10 1.86297e-06 0.000806602 0.0422143 0.267075 0.207254 0.0891493 0.199319 0.101457 0.0685812 0.0208043 0.00312038 0.000211824 5.47991e-06 4.96327e-08 1.18829e-10 5.76717e-14 4.79891e-18 6.2859e-23 1.22824e-28
 1.93011e-41 2.67886e-33 4.49435e-26 9.11445e-20 2.2343e-14 6.62064e-10 2.37141e-06 0.00102674 0.0537353 0.339958 0.262418 0.0761317 0.135681 0.0689049 0.0467888 0.0132921 0.00194009 0.000118106 2.48778e-06 1.57423e-08 2.54124e-11 8.74578e-15 5.35445e-19 5.13673e-24 7.16747e-30
 1.63001e-41 2.26235e-33 3.79556e-26 7.69731e-20 1.8869e-14 5.59124e-10 2.00269e-06 0.000867097 0.0453804 0.287117 0.224032 0.107056 0.204883 0.082223 0.0374141 0.0096273 0.00132359 7.26992e-05 1.33862e-06 6.74947e-09 7.76734e-12 1.7857e-15 7.34709e-20 4.90082e-25 4.87865e-31
 1.33779e-41 1.85677e-33 3.11511e-26 6.31739e-20 1.54863e-14 4.58888e-10 1.64366e-06 0.000711649 0.0372449 0.235662 0.186081 0.120382 0.22623 0.112129 0.0673096 0.0130015 0.00119103 5.46235e-05 8.67755e-07 3.63378e-09 3.28258e-12 5.52112e-16 1.56515e-20 6.98608e-26 4.65968e-32
 1.21534e-41 1.68682e-33 2.82998e-26 5.73915e-20 1.40689e-14 4.16886e-10 1.49322e-06 0.000646511 0.0338359 0.214106 0.170505 0.12412 0.220283 0.129685 0.0858863 0.0189325 0.00193496 6.27356e-05 6.90385e-07 2.27095e-09 1.62972e-12 2.11716e-16 4.472e-21 1.43258e-26 6.64076e-33
 1.6375e-41 2.27274e-33 3.81299e-26 7.73267e-20 1.89557e-14 5.61693e-10 2.01189e-06 0.000871081 0.0455889 0.288456 0.226335 0.104418 0.156859 0.0977845 0.0630459 0.0149306 0.00165234 5.61876e-05 5.23931e-07 1.16972e-09 5.87195e-13 5.68401e-17 9.05443e-22 2.16384e-27 7.36028e-34
 1.488e-41 2.06525e-33 3.46488e-26 7.02671e-20 1.72252e-14 5.10413e-10 1.82822e-06 0.000791555 0.0414269 0.262163 0.209703 0.140727 0.202757 0.0885696 0.0430012 0.00977036 0.00105193 3.64153e-05 3.35965e-07 6.61457e-10 2.46248e-13 1.61623e-17 1.77335e-22 3.03129e-28 7.52095e-35
 1.54448e-41 2.14364e-33 3.59639e-26 7.29342e-20 1.7879e-14 5.29786e-10 1.89761e-06 0.000821598 0.0429993 0.272122 0.217629 0.13383 0.178861 0.0990687 0.0468285 0.00723198 0.000587598 1.84006e-05 1.58192e-07 2.87278e-10 9.34207e-14 4.90226e-18 3.91776e-23 4.60867e-29 7.78787e-36
 1.52732e-41 2.11982e-33 3.55643e-26 7.21237e-20 1.76803e-14 5.23899e-10 1.87652e-06 0.000812469 0.0425216 0.269136 0.217624 0.1476 0.182627 0.0922785 0.0402396 0.006698 0.000451095 9.60065e-06 6.39529e-08 9.85261e-11 2.74567e-14 1.21452e-18 7.91666e-24 7.26469e-30 9.12354e-37
 1.64888e-41 2.28854e-33 3.8395e-26 7.78643e-20 1.90875e-14 5.65598e-10 2.02588e-06 0.000877137 0.0459061 0.29057 0.234677 0.143514 0.162217 0.0845389 0.0328082 0.00460712 0.00027858 5.13941e-06 2.43999e-08 2.62238e-11 5.5405e-15 1.94662e-19 1.01759e-24 7.448e-31 7.36696e-38
 1.59438e-41 2.21289e-33 3.71258e-26 7.52904e-20 1.84566e-14 5.46902e-10 1.95891e-06 0.000848141 0.0443887 0.281035 0.23084 0.161879 0.170248 0.0796212 0.0273781 0.00357494 0.000182001 2.75686e-06 1.07227e-08 8.62683e-12 1.26032e-15 3.08247e-20 1.17142e-25 6.44461e-32 4.86658e-39
 1.64578e-41 2.28424e-33 3.83228e-26 7.77178e-20 1.90516e-14 5.64534e-10 2.02207e-06 0.000875486 0.04582 0.290135 0.239239 0.160759 0.158412 0.0783113 0.0237917 0.00254508 0.000107587 1.33567e-06 4.06406e-09 2.52664e-12 2.7876e-16 4.90866e-21 1.2935e-26 4.90239e-33 2.59138e-40
 1.64866e-41 2.28823e-33 3.83897e-26 7.78536e-20 1.90849e-14 5.6552e-10 2.0256e-06 0.000877016 0.0459002 0.290725 0.242868 0.170578 0.155688 0.0716157 0.0197225 0.00195512 6.76187e-05 6.49672e-07 1.52761e-09 7.21642e-13 5.94517e-17 7.7594e-22 1.49985e-27 4.09171e-34 1.52436e-41
 1.68781e-41 2.34257e-33 3.93015e-26 7.97027e-20 1.95382e-14 5.78952e-10 2.07371e-06 0.000897845 0.0469906 0.297707 0.250587 0.172621 0.147393 0.0664173 0.0159915 0.00135326 3.96942e-05 3.09815e-07 5.50897e-10 1.9198e-13 1.16447e-17 1.11367e-22 1.56775e-28 3.1037e-35 8.36943e-43
 1.68093e-41 2.33302e-33 3.91413e-26 7.93777e-20 1.94585e-14 5.76591e-10 2.06526e-06 0.000894185 0.0467995 0.296627 0.253716 0.181772 0.144953 0.0611545 0.0130862 0.000971128 2.33039e-05 1.44895e-07 2.01227e-10 5.27519e-14 2.32943e-18 1.60196e-23 1.62038e-29 2.30675e-36 4.46987e-44
 1.4664e-41 2.03526e-33 3.41457e-26 6.92468e-20 1.69751e-14 5.03002e-10 1.80167e-06 0.000780062 0.0408277 0.259128 0.234425 0.214975 0.167551 0.0685824 0.0128943 0.000818298 1.622e-05 8.01913e-08 8.52944e-11 1.68332e-14 5.52347e-19 2.77512e-24 2.01855e-30 2.04692e-37 2.81643e-45
 1.50171e-41 2.08427e-33 3.4968e-26 7.09144e-20 1.73838e-14 5.15115e-10 1.84506e-06 0.000798847 0.0418106 0.265258 0.235377 0.197057 0.166682 0.0779655 0.0142142 0.000820507 1.41553e-05 5.94979e-08 5.29912e-11 8.62046e-15 2.30499e-19 9.3928e-25 5.52725e-31 4.51716e-38 4.98221e-46
#spawning biomass
 16497.5 18315.6 20524.2 22958.9 27493.7 33955 36296.1 42172.8 55624.3 76405.9 91162.5 113063 161138 190449 178000 146138 140684 137788 130278 133651 137255 143224 155544 174276 174280 187623 171285 165811 162654 148927 73175.5 38139.4 24921.4 20490.5 19113.7 18707.4 18591.9 18559.8 18551.1 18548.8 18548.2 18548 18548 18548 18548 18548 18548 18548 18548 18548 18548 18548 18548 18548 18548 18548 18548 18548 18548 18548 18548 18548 18548 18548 18548 18548 18548 18548 18548 18548 18548 18548 18548 18548 18548 18548 18548 18548 18548 18548 18548 18548 18548 18548 18548 18548 18548 18548 18548 18548 18548 18548 18548 18548 18548 18548 18548 18548 18548 18548 18548 18548 18548 18548 18548 18548 18548 18548 18548 18548 18548 18548 18548 18548 18548 18548 18548 18548 18548 18548 18548 18548 18548 18548 18548 18548 18548 18548 0 0 0 0 0 0 0 0 0 0 0 0 0 0 0 0 0 0 0 0 0 0 0 0 0
