SBPRF35
0.819782
Curr Bio
133911
B35
698370
F35
0.209385
FOFL
0.0534214
OFL
8049.42
Bzero
234224
#pred survey bio
 8328.88 8519.72 6965.78 7128.26 8890.33 13318 18403.9 28187.7 43750.8 59616.9 67237.3 80845.8 94550 100301 104610 108037 104552 101516 97875.6 106793 103579 111457 108844 106594 110247 118848 114562 110553 138880 7.32171e+06 7.74789e+06 8.48371e+06 8.16693e+06 7.29988e+06 6.26454e+06 5.2799e+06 4.44205e+06 3.77393e+06 3.26257e+06 2.88147e+06 2.60225e+06 2.39979e+06 2.25369e+06 2.14729e+06 2.06846e+06 2.01252e+06 1.97241e+06 1.94335e+06 1.92205e+06 1.90627e+06 1.89444e+06 1.88549e+06 1.87863e+06 1.87334e+06 1.86922e+06 1.86599e+06 1.86343e+06 1.8614e+06 1.85978e+06 1.85848e+06 1.85743e+06 1.85659e+06 1.85591e+06 1.85535e+06 1.8549e+06 1.85453e+06 1.85423e+06 1.85399e+06 1.85379e+06 1.85363e+06 1.8535e+06 1.85339e+06 1.8533e+06 1.85323e+06 1.85317e+06 1.85312e+06 1.85308e+06 1.85305e+06 1.85302e+06 1.853e+06 1.85298e+06 1.85297e+06 1.85296e+06 1.85295e+06 1.85294e+06 1.85293e+06 1.85293e+06 1.85292e+06 1.85292e+06 1.85292e+06 1.85291e+06 1.85291e+06 1.85291e+06 1.85291e+06 1.85291e+06 1.85291e+06 1.85291e+06 1.8529e+06 1.8529e+06 1.8529e+06 1.8529e+06 1.8529e+06 1.8529e+06 1.8529e+06 1.8529e+06 1.8529e+06 1.8529e+06 1.8529e+06 1.8529e+06 1.8529e+06 1.8529e+06 1.8529e+06 1.8529e+06 1.8529e+06 1.8529e+06 1.8529e+06 1.8529e+06 1.8529e+06 1.8529e+06 1.8529e+06 1.8529e+06 1.8529e+06 1.8529e+06 1.8529e+06 1.8529e+06 1.8529e+06 1.8529e+06 1.8529e+06 1.8529e+06 0 0 0 0 0 0 0 0 0 0 0 0 0 0 0 0 0 0 0 0 0 0 0 0 0
#obs survey bio
 7683.06 6673.94 7955.02 5380.19 13244.4 13766.7 23540.8 23980 45776.5 67171 70819.9 73770.5 112162 67849.8 75078.3 82503.8 111557 152895 87469.8 112082 84545.8 108851 110094 202237 90940.8 91172.1 106767 103382 109432
#pred catch bio
 3124.06 3969.19 3037.65 2953.31 3371.24 6884.44 9014.76 13523.4 24809.4 40646.9 45153.9 57647.7 72825.9 77241.8 80691.4 87928.8 85246.9 82989.6 79464 93899.1 89607.1 101404 101909 102156 104895 116354 114111 107569 107526 8049.42 62864.5 68373.1 65169.1 57503.1 48587.7 40245.1 33252.2 27768.3 23653 20658.2 18526.3 17033.4 16000.2 15286.6 14792.5 14464.4 14246.5 14101.8 14005.8 13942 13899.6 13871.5 13852.8 13840.4 13832.1 13826.7 13823 13820.6 13819 13817.9 13817.2 13816.8 13816.5 13816.3 13816.1 13816 13816 13815.9 13815.9 13815.9 13815.9 13815.9 13815.9 13815.9 13815.8 13815.8 13815.8 13815.8 13815.8 13815.8 13815.8 13815.8 13815.8 13815.8 13815.8 13815.8 13815.8 13815.8 13815.8 13815.8 13815.8 13815.8 13815.8 13815.8 13815.8 13815.8 13815.8 13815.8 13815.8 13815.8 13815.8 13815.8 13815.8 13815.8 13815.8 13815.8 13815.8 13815.8 13815.8 13815.8 13815.8 13815.8 13815.8 13815.8 13815.8 13815.8 13815.8 13815.8 13815.8 13815.8 13815.8 13815.8 13815.8 13815.8 13815.8 13815.8 13815.8 13815.8 13815.8 0 0 0 0 0 0 0 0 0 0 0 0 0 0 0 0 0 0 0 0 0 0 0 0 0
#obs catch bio
 3827.2 4112.3 3445.12 3223.41 3253.78 7083.19 8496.06 13000.8 21664.7 37944.7 41155.4 54214.6 71941.1 79284.4 83528.3 89446.1 78419.2 70653.2 76503.8 94877.8 88626 89675.3 86606.6 89458.3 98869.7 100567 103493 93668.4 102127
#pred cpue bio
 7745.45 8221.79 6515.1 6459.05 7911.57 11568.7 15657 23995.2 37302.8 50521.2 56565.5 67594.3 77794.8 82572.7 86613.8 89155.1 85000.2 83578.1 79604.8 84981.1 81750.5 87162.2 84451.6 80948 82176.1 89633.1 85564.5 81690.6 99469.9 5.94238e+06 7.7062e+06 8.44209e+06 8.12531e+06 7.25826e+06 6.22291e+06 5.23828e+06 4.40042e+06 3.73231e+06 3.22095e+06 2.83985e+06 2.56063e+06 2.35817e+06 2.21207e+06 2.10567e+06 2.02684e+06 1.9709e+06 1.93079e+06 1.90173e+06 1.88043e+06 1.86465e+06 1.85282e+06 1.84387e+06 1.83701e+06 1.83172e+06 1.8276e+06 1.82437e+06 1.82181e+06 1.81978e+06 1.81816e+06 1.81686e+06 1.81581e+06 1.81497e+06 1.81428e+06 1.81373e+06 1.81328e+06 1.81291e+06 1.81261e+06 1.81237e+06 1.81217e+06 1.81201e+06 1.81188e+06 1.81177e+06 1.81168e+06 1.81161e+06 1.81155e+06 1.8115e+06 1.81146e+06 1.81143e+06 1.8114e+06 1.81138e+06 1.81136e+06 1.81135e+06 1.81133e+06 1.81132e+06 1.81132e+06 1.81131e+06 1.81131e+06 1.8113e+06 1.8113e+06 1.81129e+06 1.81129e+06 1.81129e+06 1.81129e+06 1.81129e+06 1.81129e+06 1.81128e+06 1.81128e+06 1.81128e+06 1.81128e+06 1.81128e+06 1.81128e+06 1.81128e+06 1.81128e+06 1.81128e+06 1.81128e+06 1.81128e+06 1.81128e+06 1.81128e+06 1.81128e+06 1.81128e+06 1.81128e+06 1.81128e+06 1.81128e+06 1.81128e+06 1.81128e+06 1.81128e+06 1.81128e+06 1.81128e+06 1.81128e+06 1.81128e+06 1.81128e+06 1.81128e+06 1.81128e+06 1.81128e+06 1.81128e+06 1.81128e+06 1.81128e+06 1.81128e+06 1.81128e+06 0 0 0 0 0 0 0 0 0 0 0 0 0 0 0 0 0 0 0 0 0 0 0 0 0
#obs cpue bio
 8462.24 6555.79 3595.25 4960.84 10754.6 9418.83 19921.3 28500.7 84058.4 46274.8 76068.9 89054.6 64821.6 98539.1 102045 121888 125078 112036 85898.2 78289.2 102204 171530 156423 72028.2 114943 223570 132090 155908 140860
#pred surv len freq
 8.99585e-12 9.76842e-10 6.25383e-08 2.36051e-06 5.25302e-05 0.000689242 0.00533308 0.0243592 0.0660146 0.108848 0.121833 0.124214 0.138099 0.132899 0.0997239 0.0668896 0.0435639 0.0266552 0.0157301 0.00937445 0.00583667 0.00394681 0.00286825 0.00197921 0.0010876
 5.42177e-12 5.88739e-10 3.76916e-08 1.42268e-06 3.16601e-05 0.000415425 0.00321507 0.0147008 0.0400554 0.0677807 0.0838831 0.104872 0.136537 0.144813 0.124665 0.099473 0.0730205 0.04705 0.0274295 0.0149163 0.00785878 0.00429982 0.00257261 0.00157876 0.000830728
 9.64997e-12 1.04787e-09 6.70857e-08 2.53215e-06 5.63495e-05 0.000739334 0.00571987 0.0261072 0.0704943 0.11417 0.118332 0.0986671 0.0920299 0.0923793 0.0892427 0.0843841 0.0731494 0.0558026 0.0372434 0.0214385 0.0108205 0.00506508 0.00239783 0.00119682 0.000561305
 1.18176e-11 1.28325e-09 8.21547e-08 3.10093e-06 6.90069e-05 0.000905406 0.00700473 0.0319726 0.086345 0.139941 0.145451 0.121715 0.110371 0.0972174 0.0704194 0.0491401 0.039815 0.0345256 0.0275796 0.0187568 0.0105849 0.00498761 0.00206478 0.000817438 0.000313517
 1.24163e-11 1.34826e-09 8.63171e-08 3.25804e-06 7.25032e-05 0.000951281 0.00735967 0.0335934 0.0907322 0.147132 0.153305 0.12927 0.118399 0.104819 0.0751387 0.0480557 0.0307834 0.0203662 0.0148522 0.0111907 0.0074442 0.00400611 0.00172045 0.000612845 0.00019173
 1.35947e-11 1.47622e-09 9.4509e-08 3.56724e-06 7.93839e-05 0.00104155 0.00805785 0.036775 0.099253 0.160367 0.16437 0.13169 0.113039 0.0976257 0.0704412 0.0458875 0.0292128 0.0175278 0.0102072 0.00624728 0.0040313 0.00241094 0.00116891 0.000436398 0.000126798
 1.42362e-11 1.54588e-09 9.89687e-08 3.73558e-06 8.313e-05 0.0010907 0.00843809 0.0385104 0.103937 0.167936 0.172125 0.137779 0.117436 0.0987129 0.0661627 0.038075 0.0220407 0.0128078 0.00715361 0.00380823 0.00200341 0.00107388 0.000537268 0.000218057 6.61639e-05
 1.40402e-11 1.5246e-09 9.76062e-08 3.68415e-06 8.19855e-05 0.00107569 0.008322 0.037982 0.10253 0.16582 0.170694 0.138546 0.120367 0.102237 0.068861 0.0393739 0.0217495 0.0114529 0.00574632 0.0028199 0.00133092 0.000602925 0.000264428 0.000104922 3.31909e-05
 1.39622e-11 1.51613e-09 9.70637e-08 3.66367e-06 8.15299e-05 0.00106971 0.00827575 0.037771 0.101962 0.164908 0.169793 0.137929 0.120067 0.102438 0.0698026 0.0407785 0.0229528 0.0120519 0.00578071 0.00258251 0.00108466 0.000431535 0.000162215 5.64464e-05 1.69341e-05
 1.41676e-11 1.53843e-09 9.84915e-08 3.71756e-06 8.27291e-05 0.00108545 0.00839748 0.0383264 0.103459 0.167313 0.172185 0.139617 0.121013 0.102238 0.0679344 0.0379529 0.0206338 0.010807 0.00523914 0.00231802 0.000919645 0.000328191 0.000106752 3.16971e-05 8.33303e-06
 1.43112e-11 1.55403e-09 9.94901e-08 3.75526e-06 8.3568e-05 0.00109645 0.00848267 0.0387161 0.104522 0.169127 0.174486 0.142543 0.12442 0.104242 0.0666571 0.0342313 0.0168253 0.00817605 0.00378317 0.00164381 0.000647832 0.000223983 6.69318e-05 1.73203e-05 3.88304e-06
 1.45703e-11 1.58216e-09 1.01291e-07 3.82323e-06 8.50807e-05 0.0011163 0.00863614 0.0394152 0.106391 0.172002 0.176754 0.142617 0.122519 0.102077 0.0655007 0.0338423 0.0164123 0.00752411 0.00316549 0.00125578 0.000466948 0.000156654 4.54242e-05 1.10076e-05 2.19487e-06
 1.52069e-11 1.65128e-09 1.05717e-07 3.99028e-06 8.8798e-05 0.00116507 0.00901334 0.0411341 0.110995 0.179153 0.182735 0.143901 0.119384 0.0972448 0.0609174 0.0301242 0.0139263 0.00622584 0.00256192 0.000962543 0.000327502 0.000100454 2.73379e-05 6.32794e-06 1.18962e-06
 1.50385e-11 1.633e-09 1.04546e-07 3.9461e-06 8.78148e-05 0.00115217 0.00891364 0.040681 0.109799 0.177434 0.181972 0.145821 0.123704 0.101015 0.0615979 0.0283397 0.0118015 0.00483545 0.00186899 0.000671305 0.000219095 6.30524e-05 1.5733e-05 3.34733e-06 5.88334e-07
 1.47797e-11 1.6049e-09 1.02747e-07 3.87819e-06 8.63036e-05 0.00113234 0.00876031 0.0399825 0.107931 0.174557 0.179684 0.145702 0.125629 0.103549 0.0636229 0.0296111 0.012357 0.00487335 0.00172934 0.000561272 0.000168696 4.56449e-05 1.07301e-05 2.11999e-06 3.42396e-07
 1.49455e-11 1.6229e-09 1.039e-07 3.9217e-06 8.72718e-05 0.00114505 0.00885854 0.0404298 0.109124 0.176372 0.181015 0.145411 0.123849 0.101614 0.0626073 0.0294432 0.012493 0.00500082 0.00178001 0.000561213 0.000156724 3.84375e-05 8.24606e-06 1.51023e-06 2.26872e-07
 1.55213e-11 1.68543e-09 1.07903e-07 4.07278e-06 9.0634e-05 0.00118916 0.00919968 0.0419843 0.113285 0.182821 0.186335 0.146321 0.120613 0.0969126 0.0584035 0.0262478 0.0104771 0.00405082 0.0014402 0.00045908 0.000128242 3.04966e-05 6.09748e-06 1.01648e-06 1.39135e-07
 1.49351e-11 1.62178e-09 1.03828e-07 3.91897e-06 8.72112e-05 0.00114425 0.00885243 0.0404029 0.109065 0.176382 0.181518 0.147046 0.126444 0.103453 0.0621532 0.0273333 0.010461 0.00383706 0.00128758 0.00039112 0.000107075 2.54293e-05 5.04309e-06 8.10649e-07 1.03509e-07
 1.54889e-11 1.6819e-09 1.07677e-07 4.06427e-06 9.04446e-05 0.00118667 0.00918048 0.0418968 0.113052 0.182468 0.186082 0.146402 0.121019 0.0974036 0.0587693 0.0264105 0.0104215 0.00386166 0.00126546 0.000365782 9.44036e-05 2.13215e-05 4.10698e-06 6.51169e-07 8.16029e-08
 1.6342e-11 1.77454e-09 1.13608e-07 4.28812e-06 9.5426e-05 0.00125203 0.00968589 0.0441991 0.119206 0.191927 0.193512 0.146504 0.114316 0.0891334 0.0529787 0.0233469 0.00899611 0.00331304 0.00110261 0.00032341 8.25272e-05 1.78885e-05 3.26019e-06 4.91927e-07 5.96184e-08
 1.65365e-11 1.79567e-09 1.1496e-07 4.33918e-06 9.65622e-05 0.00126693 0.0098012 0.0447252 0.120623 0.194194 0.195726 0.14796 0.114979 0.0887361 0.0511337 0.0207088 0.00687687 0.00221712 0.000689283 0.000197177 5.03367e-05 1.09823e-05 1.98158e-06 2.8879e-07 3.33343e-08
 1.68737e-11 1.83228e-09 1.17304e-07 4.42764e-06 9.85308e-05 0.00129276 0.0100009 0.0456348 0.123052 0.19791 0.198556 0.14771 0.111901 0.0852321 0.0490843 0.0200092 0.00666682 0.00207613 0.000584038 0.000145487 3.32807e-05 6.88667e-06 1.22433e-06 1.77822e-07 2.02613e-08
 1.7104e-11 1.85729e-09 1.18905e-07 4.48808e-06 9.98757e-05 0.00131041 0.0101374 0.0462567 0.124719 0.200503 0.200745 0.148243 0.11086 0.0835067 0.0473007 0.0184681 0.00565542 0.0016204 0.000437383 0.000105263 2.23049e-05 4.09577e-06 6.48664e-07 8.76479e-08 9.68244e-09
 1.78014e-11 1.93302e-09 1.23754e-07 4.67108e-06 0.000103948 0.00136383 0.0105506 0.0481388 0.129748 0.208223 0.206752 0.148142 0.105105 0.0765811 0.0426852 0.016255 0.00470985 0.0012444 0.000308025 6.77748e-05 1.33164e-05 2.30415e-06 3.38351e-07 4.1143e-08 4.07942e-09
 1.83602e-11 1.9937e-09 1.27638e-07 4.8177e-06 0.000107211 0.00140664 0.0108816 0.0496467 0.133777 0.21441 0.211578 0.148098 0.100548 0.0710591 0.0389529 0.0144147 0.00390996 0.000938933 0.000213294 4.32286e-05 7.73771e-06 1.21591e-06 1.63443e-07 1.83703e-08 1.67656e-09
 1.7989e-11 1.95339e-09 1.25058e-07 4.72031e-06 0.000105044 0.00137821 0.0106617 0.0486452 0.131103 0.210323 0.208482 0.148428 0.104034 0.0750356 0.041314 0.015223 0.00406567 0.00094567 0.000204258 3.83501e-05 6.22966e-06 8.86649e-07 1.07941e-07 1.09693e-08 9.09551e-10
 1.82845e-11 1.98547e-09 1.27112e-07 4.79784e-06 0.000106769 0.00140084 0.0108368 0.0494425 0.133233 0.213588 0.211002 0.148317 0.10149 0.0720254 0.0393738 0.0143695 0.0037521 0.000842223 0.000176113 3.20802e-05 4.98822e-06 6.64234e-07 7.39416e-08 6.77774e-09 5.05541e-10
 1.85959e-11 2.0193e-09 1.29277e-07 4.87957e-06 0.000108588 0.0014247 0.0110213 0.050283 0.135479 0.217032 0.213668 0.148227 0.0988497 0.0688786 0.0373154 0.0134302 0.00338765 0.000717451 0.000142118 2.48456e-05 3.71711e-06 4.76514e-07 5.08045e-08 4.38696e-09 3.01728e-10
 1.94774e-11 2.11501e-09 1.35405e-07 5.11085e-06 0.000113734 0.00149223 0.0115435 0.0526612 0.141829 0.226743 0.221043 0.147505 0.0906657 0.0595107 0.0317087 0.0114477 0.00293897 0.000638982 0.000127561 2.17138e-05 3.08528e-06 3.74516e-07 3.81065e-08 3.15269e-09 2.07247e-10
#obs surv len freq
 2.32991e-11 2.25098e-09 1.28217e-07 4.30582e-06 8.52528e-05 0.000995208 0.00685069 0.02783 0.067003 0.0977818 0.0962767 0.0884586 0.0978051 0.107185 0.10672 0.0979818 0.07927 0.0564237 0.036129 0.0201596 0.00910367 0.00307772 0.000730765 0.000116187 1.19482e-05
 4.37308e-12 4.07508e-10 2.23884e-08 7.25198e-07 1.38504e-05 0.000156024 0.00103863 0.00412701 0.0103006 0.019763 0.0411023 0.0864334 0.136949 0.158341 0.153333 0.135042 0.104631 0.0709127 0.0427143 0.0221921 0.00929747 0.00291178 0.000638249 9.32496e-05 8.77965e-06
 8.9625e-11 8.04152e-09 4.25388e-07 1.3267e-05 0.000243947 0.0026446 0.0169031 0.0636997 0.141576 0.185859 0.145508 0.0729926 0.038305 0.0477079 0.0711213 0.0772033 0.0607939 0.0385787 0.0213596 0.0101927 0.0039158 0.00112304 0.000225427 3.01615e-05 2.599e-06
 1.07801e-10 9.29787e-09 4.72804e-07 1.41748e-05 0.000250551 0.00261115 0.0160473 0.0582152 0.12532 0.164531 0.149107 0.129008 0.122736 0.0949141 0.0527318 0.0285926 0.0217557 0.0169306 0.0102853 0.00475097 0.0016738 0.000435108 7.92064e-05 9.63247e-06 7.55893e-07
 1.30134e-10 1.07729e-08 5.25785e-07 1.51295e-05 0.000256675 0.00256746 0.0151453 0.0527494 0.109156 0.138634 0.124833 0.113649 0.119828 0.115163 0.0935486 0.0623273 0.031443 0.0126297 0.00505828 0.00208388 0.000707288 0.000172164 2.85956e-05 3.14633e-06 2.23394e-07
 2.15273e-10 1.70795e-08 7.98917e-07 2.20326e-05 0.000358239 0.00343429 0.0194151 0.0647912 0.128319 0.155077 0.129856 0.106393 0.104075 0.0982463 0.0818968 0.0579207 0.0316915 0.0129436 0.00411191 0.00111097 0.000271646 5.59039e-05 8.43044e-06 8.50325e-07 5.50084e-08
 2.95963e-10 2.24739e-08 1.00614e-06 2.65568e-05 0.000413275 0.00379199 0.0205204 0.0655905 0.124818 0.147234 0.127557 0.116123 0.117425 0.103793 0.0782533 0.051219 0.0272091 0.0112712 0.00364053 0.000909021 0.000174434 2.60173e-05 2.9923e-06 2.51149e-07 1.43172e-08
 4.50072e-10 3.26676e-08 1.39795e-06 3.52699e-05 0.00052464 0.00460136 0.0238016 0.0727264 0.132341 0.149497 0.124745 0.110778 0.111449 0.101238 0.0791685 0.0511076 0.0251298 0.00933754 0.00274245 0.000642711 0.000115075 1.50105e-05 1.38978e-06 9.02175e-08 4.04517e-09
 6.34368e-10 4.39588e-08 1.79593e-06 4.32587e-05 0.000614332 0.00514413 0.0254081 0.0741819 0.129444 0.142595 0.122524 0.116775 0.118592 0.103742 0.077604 0.0484579 0.0233635 0.00851033 0.00238758 0.000516729 8.41869e-05 9.97863e-06 8.30076e-07 4.69391e-08 1.76329e-09
 9.28452e-10 6.1354e-08 2.39037e-06 5.49069e-05 0.000743595 0.00593791 0.0279722 0.0779311 0.130108 0.138814 0.119806 0.117574 0.120668 0.106535 0.0792301 0.0466347 0.019972 0.00620418 0.00148271 0.000282566 4.16724e-05 4.49413e-06 3.38438e-07 1.72279e-08 5.78415e-10
 1.26666e-09 7.97374e-08 2.95939e-06 6.47564e-05 0.00083544 0.00635558 0.0285296 0.0758354 0.121563 0.128074 0.117224 0.12419 0.12914 0.112803 0.0823434 0.0468887 0.019158 0.00556627 0.00119938 0.00019794 2.48803e-05 2.31369e-06 1.53396e-07 6.97843e-09 2.10696e-10
 2.06885e-09 1.23942e-07 4.37769e-06 9.1162e-05 0.00111927 0.00810327 0.0346161 0.0875549 0.133456 0.133287 0.115022 0.116349 0.119705 0.106497 0.0784021 0.0434315 0.016781 0.00453188 0.000896344 0.000134014 1.49842e-05 1.21442e-06 6.92842e-08 2.71313e-09 7.12082e-11
 2.86407e-09 1.6314e-07 5.47868e-06 0.000108476 0.00126634 0.00871782 0.0354275 0.0854275 0.125474 0.126181 0.119485 0.12973 0.129763 0.107487 0.0735685 0.0384934 0.0142863 0.00374737 0.000717881 0.000101927 1.05461e-05 7.73996e-07 3.93438e-08 1.35571e-09 3.10361e-11
 3.99335e-09 2.16088e-07 6.89388e-06 0.00012967 0.00143807 0.00940562 0.0363254 0.0833798 0.117494 0.116849 0.11517 0.129851 0.133825 0.115579 0.0805694 0.0411458 0.0145088 0.00358004 0.000645781 8.67974e-05 8.51114e-06 5.87645e-07 2.77197e-08 8.73023e-10 1.80277e-11
 5.30318e-09 2.72401e-07 8.24939e-06 0.000147292 0.00155065 0.00962888 0.0353313 0.0773252 0.105656 0.10804 0.117105 0.138516 0.14281 0.122152 0.0831231 0.0408712 0.013821 0.00327119 0.000563607 7.16319e-05 6.58185e-06 4.24146e-07 1.86563e-08 5.47032e-10 1.04736e-11
 9.76424e-09 4.7576e-07 1.36671e-05 0.000231478 0.0023116 0.0136148 0.0473647 0.0980771 0.12553 0.116266 0.111135 0.123155 0.127313 0.110937 0.0746894 0.0352019 0.0112196 0.00248614 0.000400759 4.77556e-05 4.1168e-06 2.48211e-07 1.01673e-08 2.76482e-10 4.89705e-12
 1.31434e-08 6.07115e-07 1.65338e-05 0.000265475 0.00251343 0.0140385 0.046378 0.0918109 0.115833 0.116134 0.127836 0.143776 0.134805 0.103741 0.0634894 0.0282901 0.00879096 0.00193365 0.000308461 3.55994e-05 2.90413e-06 1.6341e-07 6.21219e-09 1.56487e-10 2.56436e-12
 1.80706e-08 7.90901e-07 2.04086e-05 0.000310495 0.00278548 0.0147439 0.046189 0.0869758 0.105803 0.106272 0.120824 0.141035 0.141234 0.116396 0.0730004 0.0321335 0.00977895 0.0021204 0.000335429 3.82984e-05 3.06111e-06 1.66388e-07 6.01582e-09 1.42163e-10 2.1644e-12
 3.11307e-08 1.29046e-06 3.15383e-05 0.000454449 0.00386131 0.0193575 0.0574319 0.102386 0.117692 0.111125 0.11892 0.132765 0.129165 0.103997 0.0639274 0.0279668 0.00864177 0.00192605 0.000310646 3.54812e-05 2.79192e-06 1.47894e-07 5.17132e-09 1.17275e-10 1.69914e-12
 3.93367e-08 1.54388e-06 3.5725e-05 0.000487408 0.00392163 0.0186277 0.0525157 0.0901925 0.105573 0.11377 0.137327 0.151684 0.136775 0.100708 0.0569348 0.0230882 0.00668391 0.00142204 0.000223909 2.53442e-05 1.98141e-06 1.03573e-07 3.53633e-09 7.75341e-11 1.0776e-12
 6.86432e-08 2.55018e-06 5.58581e-05 0.000721372 0.00549372 0.0246939 0.0658003 0.10619 0.114173 0.108956 0.121129 0.135499 0.130562 0.100686 0.0565855 0.0220291 0.00602425 0.0012014 0.000177018 1.88518e-05 1.40079e-06 7.02871e-08 2.31773e-09 4.91439e-11 6.58956e-13
 1.03828e-07 3.65075e-06 7.56819e-05 0.000925057 0.00666838 0.0283853 0.0717913 0.111133 0.119195 0.120696 0.136244 0.139883 0.118502 0.081843 0.0430117 0.016241 0.00439798 0.000867043 0.000123735 1.24763e-05 8.65893e-07 4.04307e-08 1.24371e-09 2.47251e-11 3.12452e-13
 1.3579e-07 4.51851e-06 8.86484e-05 0.00102547 0.00699701 0.0282102 0.0677922 0.101149 0.109881 0.120369 0.143113 0.149068 0.126899 0.0853583 0.0417733 0.0141836 0.00340089 0.000600698 7.91093e-05 7.5342e-06 4.96748e-07 2.18964e-08 6.29962e-10 1.16307e-11 1.36043e-13
 2.23718e-07 7.04517e-06 0.000130806 0.00143199 0.00924666 0.0352782 0.0801948 0.112974 0.115157 0.118148 0.134972 0.139839 0.119892 0.0796922 0.0376404 0.0121597 0.00273596 0.000443983 5.26194e-05 4.48018e-06 2.66378e-07 1.07459e-08 2.86366e-10 4.92596e-12 5.37073e-14
 2.90093e-07 8.64591e-06 0.000151927 0.00157422 0.00962379 0.0348091 0.0754959 0.104294 0.112954 0.130148 0.151781 0.14742 0.115843 0.0714004 0.0319448 0.00996845 0.00219303 0.000346808 3.92768e-05 3.1144e-06 1.68781e-07 6.12898e-09 1.46563e-10 2.27071e-12 2.24558e-14
 3.93348e-07 1.10962e-05 0.000184555 0.00181006 0.0104757 0.0358963 0.0740025 0.0985163 0.106664 0.126235 0.150725 0.152054 0.123685 0.075746 0.0323329 0.00941929 0.00192424 0.000284513 3.0456e-05 2.29448e-06 1.17653e-07 3.99824e-09 8.83047e-11 1.24898e-12 1.1185e-14
 5.81506e-07 1.55283e-05 0.000244485 0.00226994 0.0124384 0.0403852 0.0791526 0.101503 0.109065 0.129076 0.15069 0.147818 0.117095 0.0700249 0.0295175 0.00863233 0.00178099 0.000261669 2.7042e-05 1.92299e-06 9.21831e-08 2.9245e-09 6.03187e-11 7.95636e-13 6.61999e-15
 7.55736e-07 1.9106e-05 0.000284798 0.00250368 0.012996 0.0400554 0.0752346 0.0958154 0.109494 0.13718 0.158914 0.150735 0.1147 0.0657844 0.0267773 0.00767317 0.00157465 0.000231649 2.38643e-05 1.67028e-06 7.74799e-08 2.33866e-09 4.52867e-11 5.56215e-13 4.29195e-15
 1.06554e-06 2.55068e-05 0.00036001 0.00299691 0.0147346 0.0430687 0.0771266 0.0954385 0.109475 0.138145 0.160193 0.15237 0.113811 0.061801 0.0231466 0.00601451 0.00112304 0.000153354 1.50145e-05 1.01451e-06 4.56818e-08 1.33572e-09 2.48948e-11 2.91804e-13 2.13003e-15
#pred catch len freq
 6.72011e-12 7.29724e-10 4.67176e-08 1.76336e-06 3.92416e-05 0.0005149 0.00398475 0.0182158 0.0495736 0.0834116 0.101054 0.121269 0.151706 0.151365 0.114431 0.076846 0.0500545 0.0306268 0.0180739 0.0107713 0.00670634 0.00453489 0.00329562 0.00227412 0.00124966
 3.96474e-12 4.30523e-10 2.75625e-08 1.04035e-06 2.31521e-05 0.000303803 0.00235177 0.0107667 0.0295184 0.0514083 0.0701687 0.101848 0.143475 0.155315 0.134223 0.107158 0.0786654 0.0506875 0.0295501 0.0160695 0.00846635 0.00463223 0.0027715 0.00170081 0.000894952
 7.45183e-12 8.0918e-10 5.18044e-08 1.95536e-06 4.3514e-05 0.000570934 0.00441739 0.0201705 0.0545769 0.0893012 0.0968377 0.0918544 0.0988339 0.104921 0.102508 0.0970616 0.0841474 0.0641929 0.0428432 0.0246619 0.0124475 0.00582664 0.00275836 0.00137677 0.000645701
 9.40599e-12 1.02138e-09 6.53896e-08 2.46813e-06 5.4925e-05 0.000720657 0.00557587 0.0254616 0.0689118 0.112899 0.123017 0.117403 0.122687 0.11431 0.0838611 0.058644 0.0475255 0.0412122 0.032921 0.0223895 0.0126349 0.00595358 0.00246467 0.000975754 0.000374237
 9.88432e-12 1.07332e-09 6.87149e-08 2.59365e-06 5.77182e-05 0.000757307 0.00585951 0.0267583 0.0724411 0.118842 0.130238 0.126129 0.133699 0.125295 0.0909726 0.0583065 0.0373586 0.0247168 0.0180248 0.0135812 0.00903439 0.00486188 0.00208796 0.000743758 0.000232687
 1.15681e-11 1.25615e-09 8.04201e-08 3.03546e-06 6.755e-05 0.000886297 0.00685712 0.0313043 0.0846144 0.137736 0.14597 0.129357 0.125619 0.114458 0.0836219 0.0545863 0.0347583 0.0208555 0.0121451 0.00743333 0.00479664 0.00286865 0.00139083 0.000519248 0.00015087
 1.21424e-11 1.31852e-09 8.44126e-08 3.18616e-06 7.09036e-05 0.000930299 0.00719758 0.032859 0.0888234 0.14464 0.153518 0.136486 0.132182 0.117443 0.0797583 0.0460065 0.0266398 0.0154806 0.00864648 0.00460296 0.00242149 0.00129799 0.000649389 0.000263563 7.99715e-05
 1.19014e-11 1.29235e-09 8.27377e-08 3.12294e-06 6.94968e-05 0.000911842 0.00705487 0.0322094 0.087094 0.142038 0.151752 0.13741 0.135754 0.121739 0.0830465 0.047592 0.0262963 0.0138475 0.00694777 0.00340949 0.00160919 0.000728986 0.000319715 0.000126859 4.01305e-05
 1.21729e-11 1.32183e-09 8.46251e-08 3.19418e-06 7.1082e-05 0.00093264 0.00721569 0.0329417 0.089047 0.145005 0.15391 0.136879 0.132789 0.118665 0.0817435 0.0478453 0.0269367 0.014144 0.00678418 0.0030308 0.00127295 0.000506446 0.000190374 6.6245e-05 1.98737e-05
 1.29274e-11 1.40376e-09 8.98697e-08 3.39214e-06 7.54873e-05 0.000990437 0.00766271 0.0349792 0.094509 0.153531 0.161245 0.139082 0.130126 0.113689 0.07615 0.042604 0.0231667 0.0121337 0.00588234 0.0026026 0.00103255 0.000368482 0.000119858 3.55885e-05 9.35606e-06
 1.30327e-11 1.4152e-09 9.06023e-08 3.41979e-06 7.61027e-05 0.000998512 0.00772524 0.0352658 0.0952999 0.154948 0.163342 0.142359 0.134388 0.116474 0.0750845 0.0386172 0.018985 0.00922571 0.00426886 0.00185485 0.000731003 0.000252738 7.55247e-05 1.95439e-05 4.38156e-06
 1.35199e-11 1.4681e-09 9.39891e-08 3.54762e-06 7.89474e-05 0.00103583 0.00801386 0.0365805 0.0988144 0.160353 0.167599 0.14247 0.130721 0.112161 0.0724841 0.0374998 0.0181893 0.00833891 0.00350829 0.00139177 0.000517516 0.000173619 5.03433e-05 1.21997e-05 2.43256e-06
 1.45033e-11 1.57489e-09 1.00826e-07 3.80567e-06 8.46897e-05 0.00111117 0.00859652 0.0392354 0.105921 0.171358 0.176637 0.143895 0.125021 0.104098 0.0655678 0.0324575 0.0150072 0.00670917 0.00276081 0.00103727 0.000352927 0.000108253 2.94602e-05 6.8192e-06 1.28198e-06
 1.43291e-11 1.55597e-09 9.96147e-08 3.75996e-06 8.36727e-05 0.00109783 0.00849339 0.0387668 0.104684 0.169585 0.175876 0.145963 0.129615 0.108089 0.0662535 0.0305122 0.0127082 0.00520703 0.00201261 0.000722893 0.000235932 6.78979e-05 1.69421e-05 3.60456e-06 6.33546e-07
 1.40654e-11 1.52734e-09 9.77817e-08 3.69077e-06 8.2133e-05 0.00107763 0.00833717 0.0380551 0.102781 0.166653 0.173542 0.145832 0.131564 0.110667 0.068335 0.0318346 0.0132868 0.00524014 0.0018595 0.000603516 0.000181393 4.90804e-05 1.15377e-05 2.27955e-06 3.68167e-07
 1.44864e-11 1.57305e-09 1.00708e-07 3.80124e-06 8.45913e-05 0.00110988 0.00858657 0.039191 0.105814 0.171291 0.177063 0.145481 0.127643 0.106176 0.0656398 0.0308895 0.013108 0.00524704 0.00186765 0.000588846 0.000164441 4.033e-05 8.65207e-06 1.58459e-06 2.38042e-07
 1.50918e-11 1.63879e-09 1.04917e-07 3.96008e-06 8.8126e-05 0.00115625 0.00894523 0.0408252 0.110189 0.178071 0.182655 0.146436 0.124238 0.101231 0.0612211 0.0275331 0.0109913 0.00424971 0.00151092 0.00048162 0.000134539 3.19939e-05 6.39685e-06 1.06639e-06 1.45966e-07
 1.44993e-11 1.57446e-09 1.00798e-07 3.80463e-06 8.46666e-05 0.00111087 0.00859427 0.039227 0.105923 0.171564 0.177794 0.14719 0.130163 0.107864 0.0650074 0.0286062 0.0109492 0.0040162 0.00134769 0.00040938 0.000112074 2.66165e-05 5.27854e-06 8.48496e-07 1.08341e-07
 1.50384e-11 1.63299e-09 1.04545e-07 3.94606e-06 8.78141e-05 0.00115216 0.00891359 0.0406812 0.109804 0.177486 0.182224 0.146527 0.124828 0.101941 0.0617324 0.027762 0.010956 0.00405979 0.00133039 0.000384549 9.92471e-05 2.24155e-05 4.3177e-06 6.84578e-07 8.57897e-08
 1.63016e-11 1.77016e-09 1.13327e-07 4.27754e-06 9.51906e-05 0.00124894 0.009662 0.0440903 0.118915 0.191482 0.193167 0.146517 0.114659 0.0895411 0.053243 0.0234653 0.00904187 0.0033299 0.00110823 0.000325056 8.29472e-05 1.79795e-05 3.27678e-06 4.94431e-07 5.99218e-08
 1.64181e-11 1.78281e-09 1.14137e-07 4.30811e-06 9.58708e-05 0.00125786 0.00973105 0.0444057 0.11977 0.192887 0.194722 0.148021 0.116023 0.0899575 0.0519012 0.0210249 0.00698213 0.00225108 0.000699838 0.000200197 5.11076e-05 1.11505e-05 2.01192e-06 2.93212e-07 3.38448e-08
 1.70034e-11 1.84636e-09 1.18206e-07 4.46168e-06 9.92883e-05 0.0013027 0.0100778 0.0459848 0.123987 0.199343 0.199656 0.147644 0.110758 0.0838943 0.0482411 0.0196594 0.00654994 0.00203972 0.000573796 0.000142936 3.26971e-05 6.76591e-06 1.20286e-06 1.74704e-07 1.9906e-08
 1.73729e-11 1.88649e-09 1.20775e-07 4.55865e-06 0.000101446 0.00133101 0.0102967 0.0469825 0.126657 0.203471 0.203018 0.148082 0.108455 0.0807086 0.0455633 0.0177775 0.00544325 0.00155958 0.000420967 0.000101312 2.14678e-05 3.94205e-06 6.24319e-07 8.43582e-08 9.31904e-09
 1.81534e-11 1.97124e-09 1.26201e-07 4.76344e-06 0.000106003 0.0013908 0.0107591 0.0490885 0.132284 0.212105 0.20972 0.147916 0.101931 0.0729015 0.0404176 0.0153742 0.00445372 0.0011767 0.000291265 6.4087e-05 1.25919e-05 2.17878e-06 3.1994e-07 3.89044e-08 3.85745e-09
 1.86501e-11 2.02518e-09 1.29654e-07 4.89378e-06 0.000108904 0.00142885 0.0110534 0.0504289 0.135866 0.217607 0.214017 0.147896 0.0979095 0.0680127 0.0370917 0.0137109 0.00371829 0.000892876 0.000202831 4.11081e-05 7.35814e-06 1.15627e-06 1.55425e-07 1.74691e-08 1.59431e-09
 1.84292e-11 2.00119e-09 1.28118e-07 4.83581e-06 0.000107614 0.00141193 0.0109225 0.0498329 0.134275 0.215176 0.212183 0.148116 0.100022 0.0704049 0.0384896 0.0141609 0.00378093 0.000879402 0.000189944 3.56626e-05 5.7931e-06 8.24514e-07 1.00377e-07 1.02006e-08 8.45811e-10
 1.87811e-11 2.0394e-09 1.30564e-07 4.92815e-06 0.000109669 0.00143888 0.011131 0.0507825 0.136812 0.219063 0.215174 0.147957 0.0969507 0.0667928 0.0361909 0.0131829 0.00344102 0.000772351 0.000161501 2.94186e-05 4.57437e-06 6.09125e-07 6.78069e-08 6.21541e-09 4.63598e-10
 1.89664e-11 2.05952e-09 1.31853e-07 4.97677e-06 0.000110751 0.00145308 0.0112408 0.0512825 0.138148 0.221116 0.216777 0.14795 0.0954498 0.0649666 0.0349452 0.0125578 0.00316665 0.000670615 0.000132839 2.32235e-05 3.47444e-06 4.45405e-07 4.74877e-08 4.10055e-09 2.82029e-10
 1.9081e-11 2.07197e-09 1.32649e-07 5.00685e-06 0.00011142 0.00146186 0.0113087 0.0515918 0.138974 0.222374 0.217715 0.147796 0.0942957 0.0636914 0.0342474 0.0123889 0.00318182 0.000691824 0.000138111 2.35097e-05 3.34045e-06 4.05491e-07 4.12582e-08 3.41344e-09 2.24388e-10
#obs catch len freq
 1.50687e-11 1.45583e-09 8.29243e-08 2.7848e-06 5.51377e-05 0.000643677 0.00443166 0.0180203 0.0436104 0.065359 0.0719072 0.0835712 0.108339 0.122806 0.121465 0.111175 0.0915828 0.0678717 0.0454771 0.0262136 0.0120981 0.0041754 0.00101356 0.000164551 1.72135e-05
 1.60091e-11 1.49181e-09 8.19599e-08 2.65478e-06 5.06991e-05 0.00057089 0.00379196 0.0148905 0.0349864 0.0522403 0.0623235 0.0838525 0.115912 0.13304 0.132696 0.120765 0.0965099 0.0679288 0.0428592 0.0233247 0.0101423 0.00326265 0.000730087 0.000108611 1.03963e-05
 1.28304e-12 1.1512e-10 6.08984e-09 1.89949e-07 3.49463e-06 3.79982e-05 0.000246784 0.00100975 0.00320226 0.0110053 0.0372635 0.0905449 0.144553 0.164972 0.158395 0.138035 0.105514 0.0705842 0.0418107 0.0211562 0.00852571 0.00253794 0.000523771 7.1552e-05 6.26829e-06
 1.83704e-11 1.58444e-09 8.05702e-08 2.41552e-06 4.26963e-05 0.000444964 0.0027346 0.00992033 0.0213574 0.0281087 0.0264584 0.0302932 0.0589821 0.120055 0.182827 0.192875 0.148246 0.0925056 0.050311 0.023359 0.00862374 0.00234927 0.000443766 5.54944e-05 4.44807e-06
 4.90394e-11 4.05961e-09 1.98136e-07 5.70142e-06 9.67308e-05 0.000967843 0.00571778 0.0200735 0.0432873 0.0662168 0.100445 0.162738 0.202384 0.162529 0.0897323 0.0498426 0.0384892 0.0292579 0.0171985 0.00766663 0.002589 0.000638902 0.000109429 1.24368e-05 9.07724e-07
 1.51901e-10 1.20517e-08 5.63734e-07 1.55468e-05 0.000252785 0.00242347 0.0137044 0.045801 0.0914173 0.114859 0.111744 0.120085 0.137199 0.132306 0.105904 0.0687872 0.0337236 0.0133743 0.00535638 0.00215769 0.000700124 0.000161224 2.51621e-05 2.58673e-06 1.7083e-07
 2.79665e-10 2.12363e-08 9.50731e-07 2.50943e-05 0.000390516 0.00358317 0.0193902 0.0619768 0.117928 0.139045 0.120385 0.110304 0.115074 0.108964 0.0897067 0.0619617 0.0328588 0.0130073 0.00402485 0.00106454 0.000253006 4.96957e-05 7.05162e-06 6.64193e-07 3.99511e-08
 3.59613e-10 2.61018e-08 1.11698e-06 2.81811e-05 0.000419198 0.00367677 0.019024 0.0582112 0.106717 0.124957 0.118097 0.125376 0.134505 0.118503 0.0882013 0.056564 0.0292256 0.0117478 0.00367232 0.000883987 0.000163049 2.32745e-05 2.53931e-06 2.00094e-07 1.06274e-08
 5.98261e-10 4.14568e-08 1.69371e-06 4.07965e-05 0.000579367 0.00485138 0.0239632 0.0699788 0.122251 0.135433 0.118706 0.116818 0.121975 0.110033 0.0845853 0.0531161 0.0252703 0.00910343 0.00259376 0.000586244 0.00010041 1.24479e-05 1.08974e-06 6.65393e-08 2.79035e-09
 9.09697e-10 6.01146e-08 2.34208e-06 5.37977e-05 0.000728576 0.00581802 0.0274087 0.0763802 0.127681 0.137028 0.120376 0.120135 0.12233 0.105353 0.0773994 0.0470362 0.0219366 0.00772708 0.00209419 0.000435882 6.78773e-05 7.64009e-06 5.99853e-07 3.18514e-08 1.11878e-09
 1.37291e-09 8.64256e-08 3.20761e-06 7.0188e-05 0.00090551 0.00688846 0.0309175 0.082126 0.131182 0.135999 0.11883 0.119748 0.122024 0.105789 0.0768699 0.0437265 0.01801 0.00539733 0.00124846 0.00022945 3.2363e-05 3.3119e-06 2.35234e-07 1.12392e-08 3.52763e-10
 1.91761e-09 1.14882e-07 4.05769e-06 8.44983e-05 0.00103746 0.00751132 0.0320944 0.081269 0.124589 0.12762 0.117669 0.125704 0.12852 0.109971 0.0782635 0.042967 0.0168418 0.00470265 0.000976013 0.000154873 1.86207e-05 1.64584e-06 1.03054e-07 4.40285e-09 1.24287e-10
 3.18517e-09 1.8143e-07 6.09291e-06 0.000120637 0.00140829 0.00969438 0.0393819 0.0947862 0.13793 0.133326 0.114855 0.11649 0.117877 0.102695 0.0734039 0.0390369 0.0144276 0.0037366 0.000710546 0.000101932 1.08769e-05 8.36587e-07 4.50659e-08 1.65857e-09 4.07403e-11
 4.46107e-09 2.41397e-07 7.70131e-06 0.000144857 0.00160648 0.0105068 0.0405713 0.0930434 0.130535 0.127463 0.120348 0.129335 0.12626 0.102206 0.0679628 0.0341733 0.0121387 0.003052 0.000560892 7.61715e-05 7.50101e-06 5.21447e-07 2.49971e-08 8.09015e-10 1.73323e-11
 6.34896e-09 3.26118e-07 9.87613e-06 0.000176337 0.00185637 0.0115259 0.0422645 0.0921927 0.123975 0.119429 0.116356 0.128787 0.129461 0.109083 0.0734777 0.0358989 0.0120864 0.00285587 0.000494106 6.35005e-05 5.91996e-06 3.86516e-07 1.71651e-08 5.07096e-10 9.79167e-12
 8.59453e-09 4.18766e-07 1.20299e-05 0.00020375 0.00203475 0.011986 0.0417305 0.0867474 0.113099 0.111929 0.118924 0.136904 0.137356 0.114396 0.0750229 0.0352325 0.0113663 0.00257369 0.000424641 5.15173e-05 4.49519e-06 2.73734e-07 1.13287e-08 3.11364e-10 5.57027e-12
 1.58217e-08 7.30827e-07 1.99029e-05 0.000319566 0.00302537 0.016893 0.0557248 0.109491 0.133418 0.118983 0.111132 0.120177 0.121148 0.102501 0.0661994 0.0297078 0.00901759 0.0019099 0.000294694 3.35063e-05 2.7409e-06 1.56012e-07 6.00752e-09 1.53023e-10 2.53121e-12
 2.11798e-08 9.26984e-07 2.39201e-05 0.000363918 0.00326469 0.0172791 0.0541097 0.101689 0.122567 0.119352 0.128607 0.140244 0.127724 0.0955936 0.0563442 0.023979 0.00710928 0.00149443 0.000227636 2.49873e-05 1.92987e-06 1.02389e-07 3.6566e-09 8.62362e-11 1.31913e-12
 2.95274e-08 1.22399e-06 2.9914e-05 0.000431045 0.00366252 0.0183626 0.0545048 0.097385 0.113061 0.109929 0.121764 0.137946 0.134435 0.10729 0.0644351 0.0270192 0.00784303 0.00162551 0.000245377 2.66062e-05 2.00927e-06 1.02759e-07 3.48367e-09 7.69673e-11 1.09286e-12
 5.12785e-08 2.01257e-06 4.65701e-05 0.000635353 0.0051113 0.0242623 0.0681725 0.1152 0.125961 0.114112 0.11788 0.12736 0.120506 0.0938871 0.0552812 0.0230748 0.0068096 0.00144937 0.000222473 2.40662e-05 1.78574e-06 8.88684e-08 2.90969e-09 6.16117e-11 8.31523e-13
 6.52297e-08 2.42337e-06 5.30806e-05 0.000685513 0.00522103 0.0234773 0.0626789 0.102082 0.113852 0.117779 0.136554 0.145308 0.127155 0.0905809 0.0490689 0.0189942 0.00525802 0.0010704 0.000160624 1.7219e-05 1.26786e-06 6.2154e-08 1.98377e-09 4.05538e-11 5.2444e-13
 1.14425e-07 4.02335e-06 8.34057e-05 0.00101944 0.00734795 0.0312607 0.0788498 0.120507 0.12287 0.111556 0.118696 0.12828 0.119844 0.0888439 0.0475855 0.0176338 0.00460382 0.000877644 0.000123215 1.24327e-05 8.70486e-07 4.09661e-08 1.26223e-09 2.49343e-11 3.10787e-13
 1.74144e-07 5.79477e-06 0.000113686 0.00131506 0.00897146 0.0361413 0.0865068 0.126706 0.128405 0.122552 0.131064 0.129189 0.106032 0.0706521 0.0355228 0.0127984 0.00330918 0.000622154 8.43286e-05 8.03747e-06 5.25031e-07 2.29849e-08 6.60633e-10 1.22353e-11 1.43701e-13
 2.32132e-07 7.31012e-06 0.000135725 0.00148585 0.00959447 0.0366063 0.0832255 0.11731 0.119728 0.12252 0.137557 0.137589 0.113178 0.0730412 0.0340298 0.0109921 0.00251623 0.000424898 5.32837e-05 4.80025e-06 2.9763e-07 1.22841e-08 3.29845e-10 5.66927e-12 6.16063e-14
 3.81463e-07 1.13691e-05 0.000199777 0.00206985 0.0126491 0.045669 0.0981986 0.130552 0.124547 0.118563 0.127541 0.126931 0.104945 0.0667045 0.0299276 0.00918212 0.00196756 0.000304359 3.42894e-05 2.76211e-06 1.54613e-07 5.8459e-09 1.45452e-10 2.32884e-12 2.35786e-14
 5.01615e-07 1.41503e-05 0.00023535 0.00230813 0.013355 0.0457101 0.0937198 0.121826 0.122472 0.130063 0.142627 0.132875 0.100698 0.0594422 0.0253067 0.00750941 0.00157305 0.000236628 2.53951e-05 1.89978e-06 9.67574e-08 3.2908e-09 7.34765e-11 1.06001e-12 9.73824e-15
 6.84638e-07 1.82823e-05 0.000287841 0.00267233 0.0146394 0.0474704 0.0924821 0.115643 0.115753 0.126183 0.142212 0.137869 0.107776 0.0628955 0.0254669 0.00704571 0.0013706 0.000192915 1.95769e-05 1.39068e-06 6.6929e-08 2.12709e-09 4.38092e-11 5.76496e-13 4.79404e-15
 1.00785e-06 2.54796e-05 0.000379793 0.00333832 0.017317 0.0532075 0.0985165 0.118466 0.117283 0.12776 0.140952 0.132924 0.101171 0.0576849 0.0230992 0.00642101 0.00125969 0.000175586 1.71474e-05 1.14777e-06 5.16081e-08 1.53073e-09 2.94312e-11 3.61007e-13 2.78771e-15
 1.35303e-06 3.23885e-05 0.000457129 0.00380495 0.0186973 0.0545123 0.0964953 0.11416 0.117981 0.134584 0.146949 0.133766 0.0976382 0.053367 0.0206525 0.00563196 0.00109953 0.000153341 1.4902e-05 9.79606e-07 4.25309e-08 1.19816e-09 2.1604e-11 2.46584e-13 1.76523e-15
#spawning biomass
 8253.86 8480.76 6908.49 7043.14 8765.8 13095.9 18055.2 27655.2 42931.7 58461.7 65881.3 79163 92424.5 98049.9 102325 105640 102072 99237.5 95557.8 104031 100814 108381 105757 103352 106702 115156 110899 106909 133911 204188 367327 399502 380854 336238 284350 235796 195098 163182 139231 121801 109393 100704 94690.9 90538.1 87662.5 85752.9 84484.8 83642.8 83083.6 82712.3 82465.7 82301.9 82193.2 82121 82073 82041.2 82020 82006 81996.7 81990.5 81986.4 81983.6 81981.8 81980.6 81979.8 81979.3 81978.9 81978.7 81978.5 81978.4 81978.4 81978.3 81978.3 81978.3 81978.3 81978.3 81978.3 81978.2 81978.2 81978.2 81978.2 81978.2 81978.2 81978.2 81978.2 81978.2 81978.2 81978.2 81978.2 81978.2 81978.2 81978.2 81978.2 81978.2 81978.2 81978.2 81978.2 81978.2 81978.2 81978.2 81978.2 81978.2 81978.2 81978.2 81978.2 81978.2 81978.2 81978.2 81978.2 81978.2 81978.2 81978.2 81978.2 81978.2 81978.2 81978.2 81978.2 81978.2 81978.2 81978.2 81978.2 81978.2 81978.2 81978.2 81978.2 81978.2 81978.2 81978.2 81978.2 0 0 0 0 0 0 0 0 0 0 0 0 0 0 0 0 0 0 0 0 0 0 0 0 0
