SBPRF35
0.819782
Curr Bio
109290
B35
645568
F35
0.21284
FOFL
0
OFL
0
Bzero
234224
#pred survey bio
 18529.5 19235.2 22100.7 25276.6 26786.2 31850.8 39145.1 44785.9 52766.4 61865.4 71283.1 74822.3 96630.9 111116 120834 110296 112108 108568 118468 109444 104427 121282 119700 117870 123765 124325 120310 106114 2.5894e+06 4.25943e+06 4.7584e+06 4.69994e+06 4.34063e+06 3.87798e+06 3.42676e+06 3.03876e+06 2.72811e+06 2.49021e+06 2.31317e+06 2.18384e+06 2.09043e+06 2.02332e+06 1.97464e+06 1.93861e+06 1.91321e+06 1.89512e+06 1.8821e+06 1.87262e+06 1.86564e+06 1.86043e+06 1.85651e+06 1.85353e+06 1.85123e+06 1.84945e+06 1.84805e+06 1.84695e+06 1.84608e+06 1.84538e+06 1.84482e+06 1.84438e+06 1.84402e+06 1.84372e+06 1.84349e+06 1.84329e+06 1.84314e+06 1.84301e+06 1.8429e+06 1.84282e+06 1.84275e+06 1.84269e+06 1.84265e+06 1.84261e+06 1.84258e+06 1.84255e+06 1.84253e+06 1.84252e+06 1.8425e+06 1.84249e+06 1.84248e+06 1.84247e+06 1.84247e+06 1.84246e+06 1.84246e+06 1.84246e+06 1.84245e+06 1.84245e+06 1.84245e+06 1.84245e+06 1.84245e+06 1.84244e+06 1.84244e+06 1.84244e+06 1.84244e+06 1.84244e+06 1.84244e+06 1.84244e+06 1.84244e+06 1.84244e+06 1.84244e+06 1.84244e+06 1.84244e+06 1.84244e+06 1.84244e+06 1.84244e+06 1.84244e+06 1.84244e+06 1.84244e+06 1.84244e+06 1.84244e+06 1.84244e+06 1.84244e+06 1.84244e+06 1.84244e+06 1.84244e+06 1.84244e+06 1.84244e+06 1.84244e+06 1.84244e+06 1.84244e+06 1.84244e+06 1.84244e+06 1.84244e+06 1.84244e+06 1.84244e+06 1.84244e+06 1.84244e+06 1.84244e+06 1.84244e+06 0 0 0 0 0 0 0 0 0 0 0 0 0 0 0 0 0 0 0 0 0 0 0 0 0
#obs survey bio
 16785.5 15746.1 38213 21399 17507.8 33579.1 44019.3 50324.2 54641.5 77580.6 89555 92118.2 114231 94186.3 95519 125698 152972 122944 160152 110679 103369 110490 171527 97856.6 147050 116288 136575 74951.2
#pred catch bio
 11614.7 12802 14839.3 18616 18931.8 22326.5 28841.4 32036.7 37709.2 44386.5 54785.6 52834.5 74355.7 85031.1 98492.6 87247.1 91659 84138.2 100271 93291.3 82595.3 103340 102930 101119 108890 110213 109695 92501.9 0 34956.8 38809 37970.5 34648.8 30532.7 26593.4 23258.2 20630.6 18655.2 17217.4 16194.9 15480 14986.2 14645.8 14410.2 14254.4 14151.2 14082.9 14037.8 14007.9 13988.1 13975 13966.3 13960.6 13956.8 13954.3 13952.6 13951.5 13950.8 13950.3 13950 13949.8 13949.6 13949.6 13949.5 13949.5 13949.4 13949.4 13949.4 13949.4 13949.4 13949.4 13949.4 13949.4 13949.4 13949.4 13949.4 13949.4 13949.4 13949.4 13949.4 13949.4 13949.4 13949.4 13949.4 13949.4 13949.4 13949.4 13949.4 13949.4 13949.4 13949.4 13949.4 13949.4 13949.4 13949.4 13949.4 13949.4 13949.4 13949.4 13949.4 13949.4 13949.4 13949.4 13949.4 13949.4 13949.4 13949.4 13949.4 13949.4 13949.4 13949.4 13949.4 13949.4 13949.4 13949.4 13949.4 13949.4 13949.4 13949.4 13949.4 13949.4 13949.4 13949.4 13949.4 13949.4 13949.4 13949.4 13949.4 0 0 0 0 0 0 0 0 0 0 0 0 0 0 0 0 0 0 0 0 0 0 0 0 0
#obs catch bio
 10543.2 13404.6 13551.4 17823 18605.8 21927 28527.5 30365 33664.2 39016.9 52080.7 48835.5 73168.3 81716 95164.6 80420.2 83609.9 77878.5 90189 86734.4 73323.2 101249 94276.2 104397 97949.2 100740 99611.2 92312.1
#pred cpue bio
 16667.6 16512 19112.9 21667.4 22695.2 26896 32929.7 37807.2 44635.8 52314.7 60562.5 62688.2 80271.6 92583.2 102833 92963.9 94212.5 90943.6 99192.3 91091.4 86127.6 99836.1 99037.7 96197.2 100733 100941 98627.4 86281.3 2.11342e+06 4.22083e+06 4.7198e+06 4.66134e+06 4.30202e+06 3.83938e+06 3.38815e+06 3.00016e+06 2.68951e+06 2.45161e+06 2.27457e+06 2.14524e+06 2.05183e+06 1.98472e+06 1.93604e+06 1.90001e+06 1.87461e+06 1.85652e+06 1.8435e+06 1.83402e+06 1.82704e+06 1.82183e+06 1.81791e+06 1.81492e+06 1.81263e+06 1.81084e+06 1.80945e+06 1.80835e+06 1.80748e+06 1.80678e+06 1.80622e+06 1.80577e+06 1.80541e+06 1.80512e+06 1.80488e+06 1.80469e+06 1.80453e+06 1.80441e+06 1.8043e+06 1.80422e+06 1.80415e+06 1.80409e+06 1.80405e+06 1.80401e+06 1.80398e+06 1.80395e+06 1.80393e+06 1.80391e+06 1.8039e+06 1.80389e+06 1.80388e+06 1.80387e+06 1.80387e+06 1.80386e+06 1.80386e+06 1.80385e+06 1.80385e+06 1.80385e+06 1.80385e+06 1.80385e+06 1.80384e+06 1.80384e+06 1.80384e+06 1.80384e+06 1.80384e+06 1.80384e+06 1.80384e+06 1.80384e+06 1.80384e+06 1.80384e+06 1.80384e+06 1.80384e+06 1.80384e+06 1.80384e+06 1.80384e+06 1.80384e+06 1.80384e+06 1.80384e+06 1.80384e+06 1.80384e+06 1.80384e+06 1.80384e+06 1.80384e+06 1.80384e+06 1.80384e+06 1.80384e+06 1.80384e+06 1.80384e+06 1.80384e+06 1.80384e+06 1.80384e+06 1.80384e+06 1.80384e+06 1.80384e+06 1.80384e+06 1.80384e+06 1.80384e+06 1.80384e+06 1.80384e+06 1.80384e+06 0 0 0 0 0 0 0 0 0 0 0 0 0 0 0 0 0 0 0 0 0 0 0 0 0
#obs cpue bio
 16158 16469.7 22257 27223.7 31657.8 29157.4 30742 43803.2 76112.8 67328.2 53588.5 66861.7 68103.4 127500 152839 121703 97661.4 103573 122177 111997 140675 108158 105458 86908.9 157373 145421 130773 118730
#pred surv len freq
 1.17454e-11 1.27541e-09 8.16528e-08 3.08199e-06 6.85854e-05 0.00089988 0.00696211 0.0317813 0.0858722 0.139529 0.146683 0.126987 0.119937 0.107422 0.0770722 0.0495595 0.0323901 0.0214083 0.0145518 0.0104617 0.00811375 0.00687534 0.00601618 0.00466988 0.00273488
 1.33735e-11 1.4522e-09 9.29714e-08 3.50921e-06 7.80926e-05 0.00102462 0.00792702 0.0361828 0.0977209 0.158426 0.164874 0.138386 0.12522 0.107446 0.0709053 0.0390041 0.021451 0.0121768 0.00703377 0.00421101 0.00270065 0.00193333 0.00151388 0.00112424 0.000657478
 1.24357e-11 1.35037e-09 8.64517e-08 3.26312e-06 7.26164e-05 0.000952773 0.00737153 0.0336547 0.090996 0.148352 0.158258 0.142602 0.139529 0.122449 0.0786993 0.0398822 0.0191706 0.00916317 0.00431784 0.0020865 0.00106328 0.000596704 0.00038223 0.000254045 0.000142581
 1.29082e-11 1.40167e-09 8.97364e-08 3.3871e-06 7.53754e-05 0.000988969 0.00765141 0.0349289 0.0943906 0.15348 0.161846 0.141221 0.133719 0.116825 0.0769719 0.0411769 0.0206152 0.00951522 0.00395106 0.00155774 0.000612666 0.000254313 0.000119958 6.39434e-05 3.22118e-05
 1.33385e-11 1.4484e-09 9.27277e-08 3.50001e-06 7.78879e-05 0.00102193 0.00790641 0.0360919 0.0975197 0.158455 0.166562 0.143942 0.134418 0.11541 0.0730604 0.0360772 0.0167354 0.00763224 0.00323122 0.00123393 0.000421111 0.000133866 4.36638e-05 1.61501e-05 6.43944e-06
 1.34879e-11 1.46462e-09 9.37665e-08 3.53922e-06 7.87604e-05 0.00103338 0.00799493 0.0364951 0.0985962 0.160101 0.167811 0.143823 0.133087 0.114048 0.0725513 0.0361303 0.0166261 0.00722928 0.00285759 0.0010459 0.000349562 0.000102778 2.67188e-05 6.66566e-06 1.77494e-06
 1.36647e-11 1.48382e-09 9.49955e-08 3.58561e-06 7.97927e-05 0.00104692 0.00809967 0.0369722 0.099872 0.162066 0.169372 0.143904 0.131789 0.112398 0.0713401 0.0354465 0.0163076 0.00710741 0.00278753 0.000983871 0.00031049 8.64554e-05 2.08913e-05 4.33076e-06 8.02192e-07
 1.34252e-11 1.45781e-09 9.33305e-08 3.52276e-06 7.83942e-05 0.00102858 0.00795781 0.0363267 0.0981555 0.159501 0.167714 0.145055 0.135479 0.115956 0.0725559 0.0347336 0.0152407 0.00645543 0.00250776 0.000881782 0.000274567 7.37516e-05 1.68345e-05 3.21501e-06 5.07571e-07
 1.33688e-11 1.45169e-09 9.29388e-08 3.50798e-06 7.80652e-05 0.00102426 0.00792441 0.036174 0.0977409 0.15881 0.16691 0.144188 0.134624 0.115688 0.0734123 0.0362427 0.0164016 0.00693148 0.00260414 0.000882924 0.000269201 7.13949e-05 1.59521e-05 2.91949e-06 4.28134e-07
 1.33981e-11 1.45487e-09 9.31422e-08 3.51565e-06 7.8236e-05 0.0010265 0.00794173 0.0362529 0.0979508 0.159126 0.167125 0.144077 0.134203 0.115215 0.0731144 0.0361729 0.0165212 0.00713008 0.00274981 0.000940802 0.000281344 7.22899e-05 1.57357e-05 2.81762e-06 4.0047e-07
 1.31607e-11 1.4291e-09 9.14922e-08 3.45337e-06 7.68501e-05 0.00100832 0.00780112 0.0356125 0.0962402 0.156505 0.165111 0.144196 0.136288 0.117647 0.0746275 0.0367798 0.0167209 0.00721147 0.00280104 0.000974791 0.000297488 7.70316e-05 1.65409e-05 2.88469e-06 3.9888e-07
 1.37729e-11 1.49557e-09 9.57476e-08 3.61399e-06 8.04245e-05 0.00105521 0.0081638 0.037265 0.100664 0.163362 0.170771 0.145177 0.13288 0.112712 0.0702517 0.0334551 0.0145604 0.00610684 0.00234447 0.000813922 0.00024998 6.56705e-05 1.43137e-05 2.50604e-06 3.42349e-07
 1.42024e-11 1.54221e-09 9.87337e-08 3.7267e-06 8.29326e-05 0.00108812 0.00841826 0.0384237 0.103755 0.168064 0.174222 0.144432 0.128308 0.107811 0.0678085 0.0331519 0.0148275 0.00620675 0.0023111 0.00077511 0.000233317 6.09781e-05 1.33662e-05 2.36759e-06 3.26681e-07
 1.39462e-11 1.51439e-09 9.69529e-08 3.65949e-06 8.14369e-05 0.0010685 0.00826656 0.0377338 0.101926 0.165377 0.172718 0.146404 0.133373 0.112326 0.0687194 0.0312879 0.0127818 0.00512307 0.00191305 0.000644161 0.000190376 4.83204e-05 1.03687e-05 1.82404e-06 2.52688e-07
 1.29411e-11 1.40525e-09 8.99653e-08 3.39574e-06 7.55676e-05 0.000991495 0.00767106 0.0350211 0.0946753 0.154227 0.163947 0.146238 0.14122 0.122109 0.0757311 0.0351131 0.0145067 0.00564626 0.0019672 0.000621381 0.000178878 4.50409e-05 9.51625e-06 1.63608e-06 2.22592e-07
 1.34098e-11 1.45615e-09 9.3224e-08 3.51874e-06 7.83047e-05 0.0010274 0.00794877 0.0362861 0.0980564 0.159423 0.168022 0.146276 0.137507 0.117538 0.0725433 0.0334526 0.0137689 0.00538553 0.00188804 0.000586199 0.000160327 3.80621e-05 7.7414e-06 1.30483e-06 1.74489e-07
 1.35577e-11 1.4722e-09 9.42518e-08 3.55754e-06 7.9168e-05 0.00103873 0.00803635 0.036685 0.0991213 0.16105 0.169249 0.146126 0.136093 0.115945 0.0716302 0.0331721 0.0137246 0.00537473 0.00188097 0.00058421 0.000159607 3.72045e-05 7.25072e-06 1.16145e-06 1.49307e-07
 1.36592e-11 1.48323e-09 9.49578e-08 3.58419e-06 7.97611e-05 0.00104651 0.00809655 0.0369597 0.0998616 0.162238 0.170428 0.146948 0.136533 0.115795 0.0706293 0.0316991 0.0125458 0.00477734 0.00166088 0.000516241 0.00014106 3.28379e-05 6.35626e-06 9.96613e-07 1.23327e-07
 1.3733e-11 1.49124e-09 9.54703e-08 3.60353e-06 8.01915e-05 0.00105216 0.00814019 0.037158 0.100384 0.162981 0.170715 0.145983 0.134477 0.114131 0.0706113 0.0328637 0.0136296 0.00527314 0.00179277 0.000539257 0.00014457 3.34769e-05 6.47236e-06 1.01143e-06 1.23834e-07
 1.39019e-11 1.50958e-09 9.66445e-08 3.64785e-06 8.11778e-05 0.0010651 0.00824031 0.037615 0.101619 0.164987 0.17282 0.147748 0.135805 0.114244 0.0687024 0.0297904 0.0111843 0.00410463 0.00140851 0.000432927 0.000115653 2.61667e-05 4.95354e-06 7.66104e-07 9.33738e-08
 1.42838e-11 1.55105e-09 9.92997e-08 3.74807e-06 8.3408e-05 0.00109436 0.00846659 0.0386458 0.104375 0.16923 0.17618 0.147888 0.132972 0.110736 0.0662659 0.0284573 0.0104068 0.00361679 0.00114398 0.000326559 8.48441e-05 1.92649e-05 3.64431e-06 5.55336e-07 6.64937e-08
 1.44289e-11 1.5668e-09 1.00308e-07 3.78614e-06 8.42552e-05 0.00110547 0.00855251 0.0390366 0.105412 0.170757 0.177059 0.146849 0.130225 0.108273 0.0657506 0.0294435 0.0114892 0.00417029 0.00131809 0.000361019 8.73929e-05 1.84791e-05 3.35152e-06 5.04051e-07 6.00006e-08
 1.4121e-11 1.53337e-09 9.81677e-08 3.70534e-06 8.24573e-05 0.00108188 0.00837014 0.0382067 0.103205 0.167461 0.174936 0.148348 0.134973 0.112767 0.0671081 0.0283223 0.0101012 0.0034893 0.00112359 0.000321425 7.91975e-05 1.63054e-05 2.78591e-06 3.92721e-07 4.46771e-08
 1.47124e-11 1.59759e-09 1.02279e-07 3.86052e-06 8.59105e-05 0.00112719 0.00872049 0.0398024 0.107467 0.173989 0.179947 0.148038 0.129763 0.106719 0.0633934 0.0268517 0.00956709 0.00321287 0.000971322 0.000260583 6.29614e-05 1.32153e-05 2.2925e-06 3.17448e-07 3.44251e-08
 1.48028e-11 1.60741e-09 1.02908e-07 3.88425e-06 8.64386e-05 0.00113412 0.00877408 0.0400467 0.108123 0.175016 0.180847 0.148358 0.129524 0.106155 0.0626491 0.0260958 0.00903654 0.00296565 0.000885912 0.000232606 5.36326e-05 1.06501e-05 1.79004e-06 2.47573e-07 2.6958e-08
 1.48738e-11 1.61511e-09 1.03401e-07 3.90287e-06 8.68529e-05 0.00113955 0.00881613 0.0402385 0.108638 0.175833 0.181611 0.148768 0.129582 0.105888 0.0620268 0.0253025 0.00841382 0.00264177 0.000761654 0.000194103 4.36971e-05 8.45162e-06 1.36463e-06 1.80164e-07 1.8982e-08
 1.44556e-11 1.5697e-09 1.00494e-07 3.79314e-06 8.44112e-05 0.00110752 0.0085684 0.0391102 0.105626 0.171229 0.178123 0.149143 0.133516 0.11038 0.064705 0.0262269 0.00858542 0.0026309 0.000733557 0.000178952 3.8547e-05 7.18667e-06 1.12512e-06 1.43948e-07 1.46059e-08
 1.47857e-11 1.60555e-09 1.02789e-07 3.87978e-06 8.6339e-05 0.00113281 0.008764 0.0400013 0.108008 0.174891 0.181005 0.149201 0.130953 0.107207 0.0624714 0.0250279 0.00800787 0.00239172 0.000652936 0.000155525 3.24208e-05 5.7982e-06 8.67705e-07 1.06523e-07 1.04291e-08
#obs surv len freq
 1.42098e-11 1.54302e-09 9.87854e-08 3.72866e-06 8.29761e-05 0.00108868 0.00842234 0.0384355 0.103688 0.167125 0.169263 0.130291 0.106749 0.0943423 0.0745896 0.0520261 0.0311683 0.0149949 0.00564963 0.00164858 0.000364075 5.94235e-05 7.00962e-06 5.8171e-07 3.29416e-08
 1.23771e-11 1.34401e-09 8.60444e-08 3.24775e-06 7.22745e-05 0.000948293 0.00733704 0.0335 0.0905996 0.147764 0.15739 0.140054 0.134404 0.119028 0.0817659 0.0465095 0.0240514 0.0109531 0.00410422 0.00120375 0.000264373 4.19376e-05 4.67528e-06 3.58047e-07 1.84573e-08
 1.33486e-11 1.4495e-09 9.27982e-08 3.50267e-06 7.79474e-05 0.00102272 0.00791261 0.0361216 0.0975959 0.158385 0.164897 0.137108 0.122043 0.10776 0.0792276 0.0487781 0.0249213 0.00999756 0.00315128 0.000805182 0.000163865 2.49916e-05 2.69582e-06 1.97671e-07 9.5982e-09
 1.41428e-11 1.53575e-09 9.83197e-08 3.71109e-06 8.25854e-05 0.00108357 0.00838348 0.0382715 0.1034 0.167705 0.173843 0.141757 0.121123 0.101739 0.0702708 0.0406446 0.0202237 0.00817634 0.00255905 0.000609014 0.000108882 1.44418e-05 1.39147e-06 9.40388e-08 4.28594e-09
 1.26579e-11 1.37449e-09 8.79962e-08 3.32143e-06 7.39144e-05 0.000969828 0.0075042 0.0342732 0.0927898 0.151866 0.163085 0.145657 0.136579 0.117015 0.0783052 0.0424845 0.0194822 0.00724272 0.0021048 0.000472573 7.99088e-05 9.80718e-06 8.47721e-07 5.05131e-08 2.03582e-09
 1.38081e-11 1.4994e-09 9.59928e-08 3.62326e-06 8.06312e-05 0.00105795 0.0081857 0.0373771 0.101074 0.164462 0.172186 0.143076 0.123603 0.104183 0.0729601 0.0422318 0.019898 0.00719522 0.00195404 0.00040161 6.19918e-05 6.98691e-06 5.56407e-07 3.03797e-08 1.10857e-09
 1.323e-11 1.43663e-09 9.19741e-08 3.47158e-06 7.7256e-05 0.00101368 0.0078438 0.0358279 0.0970192 0.158753 0.169554 0.147476 0.132057 0.109717 0.07309 0.0400507 0.018432 0.00675639 0.00187882 0.000385885 5.71581e-05 5.97918e-06 4.34416e-07 2.15438e-08 7.14727e-10
 1.31374e-11 1.42656e-09 9.13298e-08 3.44726e-06 7.67151e-05 0.00100659 0.00778925 0.0355834 0.0964002 0.15795 0.169179 0.147419 0.131635 0.109749 0.074403 0.0413334 0.0187254 0.00658646 0.00175369 0.000349941 5.09824e-05 5.22775e-06 3.65671e-07 1.70614e-08 5.22407e-10
 1.36814e-11 1.48564e-09 9.51117e-08 3.59001e-06 7.98919e-05 0.00104828 0.00811194 0.0370582 0.100388 0.164322 0.174925 0.149061 0.12843 0.104186 0.0694252 0.0380688 0.0170612 0.00593621 0.00155058 0.000298962 4.16034e-05 4.06696e-06 2.72092e-07 1.2159e-08 3.55071e-10
 1.25964e-11 1.36782e-09 8.75692e-08 3.30532e-06 7.35572e-05 0.000965199 0.00747013 0.0341469 0.0927243 0.153187 0.168161 0.153041 0.139439 0.113725 0.0738759 0.0389849 0.0168049 0.00565553 0.00143504 0.000268689 3.61192e-05 3.3821e-06 2.14928e-07 9.07235e-09 2.49715e-10
 1.25384e-11 1.36152e-09 8.71659e-08 3.29011e-06 7.32188e-05 0.000960775 0.00743632 0.0339989 0.0923771 0.152848 0.168215 0.153051 0.1388 0.113584 0.0749443 0.0398955 0.0168561 0.00540801 0.00128999 0.000226758 2.87547e-05 2.55025e-06 1.53593e-07 6.12949e-09 1.5889e-10
 1.28763e-11 1.39821e-09 8.95148e-08 3.37877e-06 7.51922e-05 0.000986679 0.00763699 0.0349177 0.0948683 0.156798 0.171415 0.152687 0.134748 0.109212 0.0728542 0.0395894 0.0170652 0.0055574 0.0013273 0.000228178 2.76367e-05 2.3065e-06 1.29961e-07 4.84873e-09 1.17585e-10
 1.28739e-11 1.39796e-09 8.94985e-08 3.37816e-06 7.51795e-05 0.00098655 0.00763705 0.0349353 0.0950796 0.158031 0.175363 0.159585 0.140457 0.108878 0.0671689 0.0333204 0.0132841 0.00408496 0.000935242 0.000155288 1.81587e-05 1.45223e-06 7.75384e-08 2.71228e-09 6.12114e-11
 1.22957e-11 1.33517e-09 8.54789e-08 3.22645e-06 7.18042e-05 0.000942299 0.00729565 0.0333918 0.0910465 0.152212 0.171529 0.160173 0.144025 0.113528 0.071384 0.035591 0.0137984 0.00400636 0.000854514 0.000132333 1.45483e-05 1.10166e-06 5.58521e-08 1.85229e-09 3.9456e-11
 1.1159e-11 1.21173e-09 7.75766e-08 2.92819e-06 6.51679e-05 0.00085528 0.00662383 0.0303478 0.0830371 0.140417 0.163228 0.160694 0.150942 0.122261 0.0790781 0.0405631 0.0160417 0.00469084 0.000988599 0.000147585 1.53059e-05 1.0804e-06 5.09116e-08 1.57245e-09 3.12863e-11
 1.30551e-11 1.41763e-09 9.07585e-08 3.42574e-06 7.62401e-05 0.00100054 0.007747 0.0354593 0.0966404 0.160951 0.178111 0.158438 0.135018 0.105116 0.0677835 0.0348892 0.0137801 0.00401084 0.000838629 0.000123283 1.24362e-05 8.41178e-07 3.7434e-08 1.07934e-09 1.99044e-11
 1.10881e-11 1.20404e-09 7.70845e-08 2.90966e-06 6.47582e-05 0.000850026 0.00658623 0.0302203 0.0830597 0.142165 0.169283 0.169823 0.15612 0.119155 0.071334 0.0340227 0.0128032 0.00364035 0.000750651 0.000108643 1.0724e-05 7.04499e-07 3.01978e-08 8.31153e-10 1.44989e-11
 1.22348e-11 1.32855e-09 8.50559e-08 3.21054e-06 7.14539e-05 0.000937862 0.0072651 0.0333029 0.0911787 0.153867 0.17574 0.163917 0.14362 0.111139 0.0693749 0.033548 0.0121339 0.00320089 0.000609437 8.25444e-05 7.74091e-06 4.87223e-07 2.00437e-08 5.28273e-10 8.78897e-12
 1.22689e-11 1.33226e-09 8.52935e-08 3.21954e-06 7.16564e-05 0.000940609 0.00728849 0.0334393 0.0917837 0.155906 0.180328 0.169648 0.145777 0.107499 0.0635812 0.0297029 0.0106408 0.00279654 0.00052094 6.716e-05 5.87751e-06 3.43074e-07 1.31286e-08 3.23808e-10 5.06671e-12
 1.19126e-11 1.29357e-09 8.28171e-08 3.1261e-06 6.95797e-05 0.000913467 0.00708095 0.0325252 0.0895765 0.153521 0.180942 0.174135 0.150557 0.109192 0.0622137 0.0274227 0.00915459 0.00224594 0.000394826 4.84993e-05 4.04777e-06 2.23642e-07 8.01514e-09 1.83541e-10 2.65442e-12
 1.22017e-11 1.32497e-09 8.48273e-08 3.20201e-06 7.12706e-05 0.000935712 0.0072542 0.0333274 0.0917911 0.157085 0.18374 0.173663 0.147481 0.106435 0.0607199 0.0265191 0.00859514 0.00200638 0.000330626 3.77939e-05 2.93489e-06 1.51388e-07 5.08032e-09 1.08972e-10 1.47281e-12
 1.17459e-11 1.27548e-09 8.16594e-08 3.08249e-06 6.86145e-05 0.000900999 0.00698865 0.0321539 0.0889089 0.153654 0.183234 0.177022 0.1513 0.108134 0.0607882 0.026191 0.00838344 0.00192451 0.000308246 3.36987e-05 2.46489e-06 1.1848e-07 3.68428e-09 7.31061e-11 9.14506e-13
 1.10875e-11 1.20399e-09 7.70829e-08 2.90982e-06 6.47761e-05 0.000850791 0.0066035 0.0304367 0.0845675 0.14789 0.180517 0.179541 0.156394 0.112543 0.0631352 0.0268528 0.00840208 0.00187523 0.000291117 3.07223e-05 2.15505e-06 9.84874e-08 2.88505e-09 5.34809e-11 6.20966e-13
 1.18895e-11 1.29107e-09 8.26588e-08 3.12033e-06 6.94637e-05 0.000912387 0.00708163 0.0326324 0.0905305 0.157308 0.188269 0.180187 0.150268 0.104309 0.0565916 0.0231772 0.00694273 0.00147654 0.000217716 2.17813e-05 1.44695e-06 6.25595e-08 1.73062e-09 3.02114e-11 3.29146e-13
 1.22167e-11 1.32661e-09 8.4935e-08 3.20633e-06 7.13826e-05 0.000937734 0.00728101 0.0335784 0.0932995 0.162433 0.194129 0.183233 0.148183 0.0987 0.0511346 0.0199731 0.0057082 0.00115688 0.000161962 1.53132e-05 9.5753e-07 3.88602e-08 1.00738e-09 1.64623e-11 1.67761e-13
 1.17817e-11 1.27938e-09 8.19124e-08 3.09238e-06 6.88542e-05 0.000904821 0.00703155 0.0324994 0.0907867 0.159928 0.19502 0.187727 0.15215 0.0994606 0.049769 0.0185437 0.00501241 0.000956295 0.000125745 1.11519e-05 6.53238e-07 2.47932e-08 5.99951e-10 9.13574e-12 8.663e-14
 1.07419e-11 1.16649e-09 7.46865e-08 2.8198e-06 6.27983e-05 0.000825689 0.00642569 0.0298067 0.0840091 0.150981 0.190909 0.191969 0.160429 0.106173 0.0529678 0.0193544 0.00504503 0.000915243 0.000113254 9.38739e-06 5.11883e-07 1.80496e-08 4.05388e-10 5.72632e-12 5.03455e-14
 1.26691e-11 1.37576e-09 8.80847e-08 3.32552e-06 7.40509e-05 0.000973234 0.0075641 0.0349498 0.0973861 0.169808 0.201268 0.184642 0.14357 0.0923092 0.0457638 0.0165989 0.0042464 0.000746154 8.83016e-05 6.92062e-06 3.5356e-07 1.16029e-08 2.41483e-10 3.15281e-12 2.55858e-14
#pred catch len freq
 1.00711e-11 1.0936e-09 7.00134e-08 2.64266e-06 5.88089e-05 0.000771615 0.00597013 0.0272614 0.0737756 0.120808 0.131363 0.124716 0.129718 0.120585 0.08724 0.0561756 0.0367196 0.0242701 0.0164971 0.0118603 0.0091984 0.00779444 0.00682043 0.00529415 0.00310048
 1.19625e-11 1.29898e-09 8.31621e-08 3.13896e-06 6.98532e-05 0.00091652 0.00709104 0.0323744 0.0875373 0.142738 0.152389 0.137662 0.135379 0.120199 0.0799562 0.0440462 0.0242284 0.0137537 0.0079446 0.00475632 0.00305036 0.00218369 0.00170992 0.00126983 0.000742617
 1.1045e-11 1.19935e-09 7.67838e-08 2.89821e-06 6.44958e-05 0.000846236 0.00654762 0.0299016 0.0809644 0.132932 0.146151 0.14244 0.150429 0.135785 0.0878287 0.0445609 0.0214231 0.01024 0.00482524 0.00233169 0.00118823 0.000666824 0.000427148 0.000283899 0.000159336
 1.19117e-11 1.29347e-09 8.28091e-08 3.12563e-06 6.95568e-05 0.000912632 0.00706106 0.0322396 0.0872014 0.142421 0.153124 0.140979 0.141344 0.126285 0.0836338 0.0447823 0.022423 0.0103497 0.00429758 0.00169436 0.000666398 0.000276617 0.000130479 6.95514e-05 3.50369e-05
 1.21808e-11 1.32269e-09 8.468e-08 3.19625e-06 7.11283e-05 0.000933251 0.00722058 0.0329679 0.0891705 0.145629 0.15653 0.143938 0.143699 0.126683 0.0806902 0.0398906 0.0185074 0.00844046 0.00357339 0.0013646 0.000465705 0.000148042 4.82877e-05 1.78603e-05 7.12137e-06
 1.23026e-11 1.33591e-09 8.55264e-08 3.2282e-06 7.18392e-05 0.000942578 0.00729271 0.0332963 0.0900472 0.146967 0.157534 0.143806 0.142576 0.125601 0.0804159 0.0400948 0.0184536 0.00802401 0.00317173 0.00116088 0.00038799 0.000114077 2.9656e-05 7.39843e-06 1.97007e-06
 1.2701e-11 1.37918e-09 8.82962e-08 3.33274e-06 7.41657e-05 0.0009731 0.00752875 0.0343716 0.0929216 0.151389 0.16102 0.143897 0.139515 0.121798 0.0777306 0.0386613 0.0177892 0.00775323 0.00304082 0.00107327 0.000338703 9.43113e-05 2.27897e-05 4.72428e-06 8.75085e-07
 1.23241e-11 1.33825e-09 8.5676e-08 3.23384e-06 7.19648e-05 0.000944227 0.00730549 0.0333553 0.0902152 0.147309 0.158213 0.145164 0.144485 0.12682 0.0798198 0.0382533 0.0167878 0.00711085 0.00276238 0.000971309 0.000302444 8.12396e-05 1.85437e-05 3.54143e-06 5.59105e-07
 1.22603e-11 1.33132e-09 8.52324e-08 3.2171e-06 7.15922e-05 0.000939338 0.00726767 0.0331825 0.0897459 0.146529 0.157313 0.144209 0.143557 0.126542 0.0807747 0.0399213 0.0180692 0.00763633 0.00286895 0.000972708 0.000296576 7.86551e-05 1.75742e-05 3.21637e-06 4.71671e-07
 1.23072e-11 1.33641e-09 8.55584e-08 3.2294e-06 7.1866e-05 0.00094293 0.00729544 0.0333089 0.090083 0.14704 0.157676 0.144087 0.142975 0.125876 0.0803492 0.0397958 0.0181787 0.00784551 0.00302573 0.0010352 0.000309574 7.95435e-05 1.73146e-05 3.10034e-06 4.40654e-07
 1.23816e-11 1.34449e-09 8.60758e-08 3.24893e-06 7.23007e-05 0.000948632 0.00733954 0.0335099 0.090621 0.147874 0.158366 0.144212 0.142566 0.12527 0.0797903 0.0393546 0.0178934 0.00771723 0.00299748 0.00104316 0.000318351 8.2434e-05 1.77009e-05 3.087e-06 4.26854e-07
 1.26325e-11 1.37174e-09 8.78202e-08 3.31478e-06 7.37658e-05 0.000967856 0.00748823 0.0341878 0.0924411 0.150738 0.160938 0.145308 0.142234 0.123983 0.0777734 0.0370821 0.0161418 0.00677024 0.00259916 0.00090234 0.000277135 7.28044e-05 1.58686e-05 2.77827e-06 3.79539e-07
 1.34665e-11 1.4623e-09 9.36177e-08 3.5336e-06 7.86354e-05 0.00103174 0.00798227 0.0364377 0.0984478 0.159913 0.167857 0.144466 0.134268 0.115037 0.0726912 0.0355703 0.0159111 0.00666044 0.00248004 0.000831769 0.000250372 6.54354e-05 1.43433e-05 2.54066e-06 3.5056e-07
 1.3176e-11 1.43076e-09 9.15983e-08 3.45738e-06 7.69393e-05 0.00100949 0.00781024 0.0356553 0.0963729 0.156857 0.16611 0.146586 0.139835 0.120038 0.0737709 0.0336172 0.0137352 0.00550529 0.00205578 0.00069222 0.000204579 5.19255e-05 1.11423e-05 1.96013e-06 2.7154e-07
 1.24776e-11 1.35491e-09 8.67428e-08 3.27411e-06 7.28609e-05 0.000955984 0.00739644 0.0337703 0.0913329 0.149098 0.159964 0.146331 0.145085 0.126738 0.0787883 0.0365471 0.0151001 0.00587728 0.00204769 0.000646806 0.000186197 4.68838e-05 9.90562e-06 1.70303e-06 2.317e-07
 1.27904e-11 1.38888e-09 8.89176e-08 3.3562e-06 7.46876e-05 0.000979949 0.00758178 0.0346145 0.0935899 0.15257 0.162702 0.146407 0.142683 0.123731 0.0766234 0.0353568 0.0145541 0.00569271 0.00199573 0.000619635 0.000169472 4.02332e-05 8.18296e-06 1.37926e-06 1.84441e-07
 1.31247e-11 1.42518e-09 9.12416e-08 3.44392e-06 7.66397e-05 0.00100556 0.00777983 0.0355166 0.0959992 0.156259 0.165529 0.146213 0.139703 0.12027 0.0744847 0.0345102 0.0142793 0.00559197 0.001957 0.000607824 0.000166058 3.87084e-05 7.5438e-06 1.2084e-06 1.55342e-07
 1.29421e-11 1.40536e-09 8.99726e-08 3.39602e-06 7.55738e-05 0.000991576 0.00767171 0.0350246 0.0946915 0.154308 0.164287 0.147149 0.142599 0.123015 0.0753343 0.0338369 0.0133935 0.00510021 0.00177313 0.00055113 0.000150593 3.50572e-05 6.78583e-06 1.06397e-06 1.31662e-07
 1.35091e-11 1.46693e-09 9.39139e-08 3.54478e-06 7.88843e-05 0.00103501 0.00800756 0.0365538 0.0987698 0.160504 0.168791 0.146025 0.13634 0.116365 0.07209 0.0335605 0.0139192 0.00538517 0.00183086 0.000550715 0.000147642 3.41882e-05 6.60987e-06 1.03291e-06 1.26465e-07
 1.37246e-11 1.49033e-09 9.54124e-08 3.60134e-06 8.01429e-05 0.00105152 0.00813531 0.0371367 0.100341 0.163029 0.171308 0.147812 0.137327 0.116044 0.0698594 0.0302985 0.0113755 0.00417479 0.00143259 0.000440327 0.00011763 2.6614e-05 5.03821e-06 7.792e-07 9.49699e-08
 1.36941e-11 1.48701e-09 9.51998e-08 3.59332e-06 7.99644e-05 0.00104918 0.00811721 0.0370544 0.100124 0.162713 0.171153 0.148119 0.138062 0.116746 0.0701196 0.0301339 0.0110212 0.00383038 0.00121154 0.000345845 8.98547e-05 2.04026e-05 3.85953e-06 5.88132e-07 7.04206e-08
 1.42552e-11 1.54794e-09 9.91006e-08 3.74055e-06 8.32408e-05 0.00109216 0.0084496 0.0385678 0.104159 0.168837 0.175572 0.1469 0.131698 0.110026 0.0668934 0.029962 0.0116919 0.0042439 0.00134136 0.000367392 8.89356e-05 1.88052e-05 3.41068e-06 5.12948e-07 6.10597e-08
 1.40004e-11 1.52028e-09 9.73295e-08 3.67371e-06 8.17532e-05 0.00107265 0.00829871 0.0378814 0.102336 0.166129 0.17391 0.1484 0.136021 0.114 0.0678933 0.028658 0.0102212 0.00353075 0.00113694 0.000325243 8.01384e-05 1.64991e-05 2.81901e-06 3.97387e-07 4.52079e-08
 1.45829e-11 1.58353e-09 1.01379e-07 3.82656e-06 8.51547e-05 0.00111727 0.00864381 0.0394532 0.106534 0.172559 0.178846 0.148093 0.130887 0.108043 0.0642382 0.0272144 0.00969661 0.00325637 0.000984476 0.000264112 6.38141e-05 1.33943e-05 2.32354e-06 3.21747e-07 3.48913e-08
 1.48267e-11 1.61e-09 1.03074e-07 3.89052e-06 8.65781e-05 0.00113595 0.00878824 0.0401112 0.108295 0.17528 0.18105 0.148347 0.129315 0.10591 0.0624936 0.0260301 0.00901374 0.00295817 0.000883676 0.000232019 5.34973e-05 1.06232e-05 1.78553e-06 2.46948e-07 2.68899e-08
 1.49443e-11 1.62278e-09 1.03892e-07 3.92139e-06 8.7265e-05 0.00114496 0.00885794 0.0404289 0.109147 0.176613 0.182209 0.148732 0.12896 0.10516 0.0615685 0.0251129 0.00835064 0.00262193 0.000755933 0.000192645 4.33689e-05 8.38814e-06 1.35438e-06 1.78811e-07 1.88394e-08
 1.47153e-11 1.59791e-09 1.02299e-07 3.86129e-06 8.59277e-05 0.00112742 0.00872227 0.039811 0.107498 0.174096 0.180324 0.149006 0.131221 0.107696 0.0630195 0.0255347 0.0083583 0.00256128 0.000714145 0.000174217 3.7527e-05 6.99649e-06 1.09535e-06 1.40139e-07 1.42194e-08
 1.4753e-11 1.602e-09 1.02562e-07 3.8712e-06 8.61481e-05 0.00113031 0.00874463 0.0399131 0.107772 0.17453 0.180729 0.149219 0.131243 0.107545 0.0626832 0.025114 0.00803546 0.00239996 0.000655187 0.000156061 3.25325e-05 5.81818e-06 8.70696e-07 1.0689e-07 1.04651e-08
#obs catch len freq
 8.83959e-12 9.59875e-10 6.1452e-08 2.31951e-06 5.16179e-05 0.000677277 0.00524068 0.0239408 0.0649215 0.107321 0.121182 0.125838 0.143151 0.14321 0.113689 0.0766551 0.0439805 0.0201887 0.00729739 0.00209244 0.000469527 7.98373e-05 9.87361e-06 8.50947e-07 4.92896e-08
 1.26577e-11 1.37448e-09 8.79955e-08 3.3214e-06 7.39132e-05 0.000969783 0.00750292 0.0342487 0.0925079 0.149969 0.155688 0.12919 0.116687 0.107578 0.0857872 0.0596273 0.0352551 0.016635 0.00611506 0.00173036 0.000368267 5.75648e-05 6.46108e-06 5.07045e-07 2.70096e-08
 1.10562e-11 1.20057e-09 7.68615e-08 2.90115e-06 6.45615e-05 0.000847108 0.00655474 0.0299404 0.0811258 0.133434 0.146844 0.141196 0.14501 0.130749 0.089805 0.0509185 0.0260771 0.0116627 0.00426008 0.00120917 0.000255273 3.8687e-05 4.09686e-06 2.96454e-07 1.43703e-08
 1.22011e-11 1.32489e-09 8.48209e-08 3.20157e-06 7.1247e-05 0.00093482 0.00723305 0.0330297 0.0893684 0.145936 0.155673 0.137833 0.130896 0.118018 0.0867754 0.0529756 0.026613 0.0104485 0.00321339 0.000796156 0.000155769 2.26619e-05 2.31754e-06 1.60311e-07 7.31283e-09
 1.32333e-11 1.43698e-09 9.19966e-08 3.47242e-06 7.72745e-05 0.00101391 0.00784495 0.0358228 0.0969003 0.157964 0.166948 0.143054 0.128684 0.10975 0.075654 0.0434012 0.0212422 0.00838746 0.00254999 0.00058628 0.000100687 1.27476e-05 1.16446e-06 7.41626e-08 3.17079e-09
 1.18309e-11 1.2847e-09 8.22477e-08 3.10446e-06 6.90862e-05 0.000906495 0.00701477 0.0320498 0.0869085 0.143169 0.157306 0.147623 0.143981 0.12416 0.0826221 0.0443712 0.0199905 0.00725387 0.00204713 0.00044355 7.18869e-05 8.40506e-06 6.8836e-07 3.86612e-08 1.46162e-09
 1.30676e-11 1.41899e-09 9.08449e-08 3.42896e-06 7.63075e-05 0.00100123 0.00774743 0.0353866 0.0958101 0.156678 0.166973 0.144672 0.130045 0.110661 0.0771031 0.0440572 0.0203179 0.00715136 0.0018827 0.000373059 5.51571e-05 5.91712e-06 4.45973e-07 2.29325e-08 7.84829e-10
 1.25873e-11 1.36684e-09 8.75062e-08 3.30294e-06 7.35035e-05 0.000964465 0.00746361 0.0341033 0.0924799 0.152154 0.165491 0.149545 0.138005 0.115052 0.076106 0.0411878 0.0185671 0.00661854 0.0017794 0.000351267 4.97303e-05 4.94625e-06 3.39936e-07 1.58693e-08 4.93507e-10
 1.26069e-11 1.36897e-09 8.76424e-08 3.30808e-06 7.36182e-05 0.000965981 0.00747562 0.0341626 0.0926763 0.152615 0.166116 0.1495 0.136733 0.114105 0.0766902 0.0419646 0.0185766 0.00634746 0.00163341 0.000313023 4.35111e-05 4.23321e-06 2.79641e-07 1.22722e-08 3.52162e-10
 1.32471e-11 1.43848e-09 9.20926e-08 3.47606e-06 7.73565e-05 0.00101504 0.00785533 0.0358975 0.0973622 0.160069 0.17272 0.151155 0.132768 0.107602 0.071012 0.0383178 0.0167614 0.00565622 0.00142515 0.000263461 3.49416e-05 3.23745e-06 2.04286e-07 8.57441e-09 2.34393e-10
 1.22947e-11 1.33506e-09 8.54717e-08 3.22616e-06 7.1796e-05 0.000942115 0.00729223 0.0333464 0.0906749 0.150494 0.167332 0.155433 0.142868 0.115728 0.0742724 0.0385185 0.016191 0.00527944 0.00129054 0.000231326 2.95893e-05 2.62235e-06 1.56999e-07 6.21855e-09 1.60073e-10
 1.22268e-11 1.32769e-09 8.49998e-08 3.20835e-06 7.14001e-05 0.00093694 0.00725269 0.0331733 0.0902676 0.150087 0.167374 0.155493 0.142336 0.115724 0.075371 0.0393426 0.0161737 0.00502051 0.0011527 0.000193835 2.33657e-05 1.95909e-06 1.11026e-07 4.15321e-09 1.00596e-10
 1.27678e-11 1.38643e-09 8.87607e-08 3.35031e-06 7.45595e-05 0.000978404 0.00757369 0.03464 0.0942175 0.156241 0.17218 0.154938 0.136702 0.109621 0.0720455 0.0383235 0.0160461 0.00504522 0.00115695 0.000189855 2.18285e-05 1.72065e-06 9.11555e-08 3.18511e-09 7.21085e-11
 1.2762e-11 1.38581e-09 8.87209e-08 3.34882e-06 7.45272e-05 0.000978025 0.00757198 0.0346517 0.0944302 0.157544 0.17632 0.161992 0.142251 0.10889 0.0661106 0.0321046 0.0124342 0.00369019 0.000810466 0.000128283 1.42176e-05 1.0724e-06 5.37797e-08 1.76067e-09 3.70771e-11
 1.21988e-11 1.32464e-09 8.48053e-08 3.20104e-06 7.12395e-05 0.000934929 0.00723964 0.0331512 0.0905223 0.151953 0.172736 0.162707 0.145804 0.113422 0.0700795 0.0341151 0.0128198 0.00358776 0.000733606 0.000108239 1.12681e-05 8.03834e-07 3.82305e-08 1.18537e-09 2.35417e-11
 1.11512e-11 1.21089e-09 7.7523e-08 2.92618e-06 6.51243e-05 0.000854753 0.00662089 0.0303505 0.0831737 0.141205 0.165311 0.163358 0.152187 0.121415 0.0770668 0.0385322 0.0147431 0.00414641 0.000835828 0.00011867 1.16423e-05 7.73684e-07 3.41793e-08 9.86144e-10 1.82768e-11
 1.30802e-11 1.42036e-09 9.09333e-08 3.43236e-06 7.63883e-05 0.00100253 0.00776345 0.0355489 0.0969943 0.161994 0.180173 0.160706 0.135872 0.104145 0.0658256 0.0329786 0.0125867 0.00351888 0.00070258 9.80497e-05 9.34113e-06 5.94107e-07 2.47673e-08 6.66821e-10 1.14511e-11
 1.117e-11 1.21293e-09 7.76537e-08 2.93117e-06 6.52385e-05 0.000856391 0.00663696 0.0304717 0.0838839 0.14407 0.172277 0.172375 0.156244 0.117065 0.0686691 0.0319015 0.0116004 0.00316465 0.000622116 8.53355e-05 7.94282e-06 4.89951e-07 1.96504e-08 5.04587e-10 8.19232e-12
 1.2342e-11 1.3402e-09 8.58016e-08 3.23871e-06 7.20823e-05 0.000946169 0.00733076 0.0336204 0.0921628 0.155939 0.178691 0.166303 0.143801 0.109152 0.0665445 0.0312214 0.0108882 0.00275476 0.000500053 6.41573e-05 5.66675e-06 3.34432e-07 1.2856e-08 3.15757e-10 4.88493e-12
 1.24273e-11 1.34947e-09 8.63954e-08 3.26116e-06 7.25845e-05 0.000952859 0.00738488 0.0338991 0.0931591 0.158596 0.183725 0.17182 0.145182 0.104844 0.06057 0.0274587 0.00947217 0.0023815 0.000421953 5.1464e-05 4.23999e-06 2.31965e-07 8.28854e-09 1.90312e-10 2.76589e-12
 1.20866e-11 1.31247e-09 8.40271e-08 3.17182e-06 7.05993e-05 0.000926934 0.00718704 0.0330322 0.0910939 0.156472 0.184586 0.17631 0.149668 0.106143 0.0589687 0.0251896 0.00809304 0.00189893 0.000317286 3.68231e-05 2.88904e-06 1.49454e-07 4.99889e-09 1.06542e-10 1.4308e-12
 1.2388e-11 1.3452e-09 8.61225e-08 3.25094e-06 7.23621e-05 0.000950131 0.00736777 0.0338692 0.0934024 0.160167 0.187439 0.17578 0.146523 0.103307 0.0573663 0.0242317 0.00754547 0.00168237 0.000263278 2.84173e-05 2.07311e-06 1.00038e-07 3.13014e-09 6.24389e-11 7.83198e-13
 1.19544e-11 1.29812e-09 8.31093e-08 3.13727e-06 6.98369e-05 0.000917154 0.00711599 0.0327615 0.0907113 0.157063 0.187212 0.179125 0.150058 0.104694 0.0572465 0.0238319 0.00731846 0.00160184 0.000243239 2.50789e-05 1.72211e-06 7.74068e-08 2.24352e-09 4.13811e-11 4.80145e-13
 1.1337e-11 1.23108e-09 7.88179e-08 2.97537e-06 6.6239e-05 0.000870123 0.00675574 0.0311607 0.0866938 0.151823 0.184933 0.181697 0.154837 0.10862 0.059177 0.0242835 0.00728085 0.00154754 0.000227466 2.26083e-05 1.48704e-06 6.34957e-08 1.73281e-09 2.98528e-11 3.21491e-13
 1.21502e-11 1.31939e-09 8.44725e-08 3.18887e-06 7.09934e-05 0.000932605 0.00724084 0.0333885 0.0927377 0.161323 0.192608 0.182053 0.148409 0.100286 0.052762 0.0208218 0.00597003 0.00120791 0.000168467 1.58583e-05 9.86854e-07 3.9827e-08 1.02554e-09 1.66271e-11 1.67942e-13
 1.24893e-11 1.35621e-09 8.68309e-08 3.27799e-06 7.29824e-05 0.000958894 0.00744782 0.0343713 0.0956105 0.166594 0.198475 0.184814 0.145929 0.0945083 0.0474328 0.0178352 0.00487339 0.000938509 0.000124142 1.10336e-05 6.45782e-07 2.44464e-08 5.89484e-10 8.94082e-12 8.44169e-14
 1.20634e-11 1.30998e-09 8.38726e-08 3.16648e-06 7.05099e-05 0.00092675 0.00720486 0.0333266 0.093209 0.164297 0.19954 0.189238 0.149597 0.0949889 0.0459911 0.0164778 0.00425438 0.000770581 9.56512e-05 7.96737e-06 4.36481e-07 1.54416e-08 3.47365e-10 4.90687e-12 4.30908e-14
 1.1034e-11 1.19821e-09 7.67192e-08 2.89668e-06 6.45173e-05 0.000848496 0.00660651 0.0306743 0.0865693 0.155641 0.195787 0.193679 0.157748 0.101321 0.0488384 0.0171337 0.00426068 0.000733106 8.55717e-05 6.65758e-06 3.39332e-07 1.11467e-08 2.32609e-10 3.04649e-12 2.47936e-14
#spawning biomass
 18827.2 19671.1 22577.6 25853.5 27440.4 32643.3 40139.4 45901.6 54066.4 63392.5 72996.5 76763.6 99250.4 114081 123708 113066 114969 111386 121551 112380 107356 124716 123006 121342 127454 128071 123780 109290 111068 202389 224542 219734 200684 177079 154489 135362 120293 108965 100720 94855.9 90755.9 87923.9 85972 84621.2 83727.3 83135.7 82744.2 82485.1 82313.7 82200.2 82125.1 82075.5 82042.6 82020.8 82006.4 81996.9 81990.6 81986.4 81983.6 81981.8 81980.6 81979.8 81979.3 81978.9 81978.7 81978.5 81978.4 81978.4 81978.3 81978.3 81978.3 81978.3 81978.3 81978.3 81978.2 81978.2 81978.2 81978.2 81978.2 81978.2 81978.2 81978.2 81978.2 81978.2 81978.2 81978.2 81978.2 81978.2 81978.2 81978.2 81978.2 81978.2 81978.2 81978.2 81978.2 81978.2 81978.2 81978.2 81978.2 81978.2 81978.2 81978.2 81978.2 81978.2 81978.2 81978.2 81978.2 81978.2 81978.2 81978.2 81978.2 81978.2 81978.2 81978.2 81978.2 81978.2 81978.2 81978.2 81978.2 81978.2 81978.2 81978.2 81978.2 81978.2 81978.2 81978.2 81978.2 81978.2 0 0 0 0 0 0 0 0 0 0 0 0 0 0 0 0 0 0 0 0 0 0 0 0 0
