SBPRF35
0.11287
Curr Bio
129.46
B35
362.909
F35
1.53338
FOFL
1.17606
OFL
29.626
Bzero
32247.4
#pred survey bio
 1982.19 1566.54 1214.29 996.11 848.364 762.788 712.067 677.196 655.941 643.811 641.405 639.434 634.248 629.376 629.419 629.706 631.429 625.155 622.738 626.251 626.581 624.788 629.699 628.004 636.172 639.914 636.259 637.546 637.994 641.632 638.208 637.464 634.464 630.603 620.924 615.096 614.583 605.074 601.333 599.781 596.021 585.015 563.549 528.628 500.115 474.917 452.67 429.721 412.05 403.907 389.875 386.9 382.116 379.216 376.391 374.332 354.858 343.33 339.375 342.572 336.918 334.173 324.985 315.964 313.916 307.847 306.077 309.633 307.523 304.099 297.409 306.945 322.938 330.22 331.893 341.243 333.358 352.186 355.419 354.21 356.922 355.482 366.747 363.15 374.432 369.91 371.554 361.934 379.751 367.63 360.363 384.055 383.897 387.375 376.852 331.272 244.325 37.2169 40.5448 39.5008 41.0914 40.9782 38.8399 38.6478 38.012 38.3994 38.2312 39.824 90.2911 8519 33566 110062 186960 230615 248310 256216 260518 263137 264804 265884 266587 267046 267346 267542 267670 267753 267806 267841 267863 267878 267887 267893 267897 267900 267902 267903 267903 267904 267904 267904 267904 267905 267905 267905 267905 267905 267905 267905 267905 267905 267905 267905 267905 267905 267905 267905 267905 267905 267905 267905 267905 267905 267905 267905 267905 267905 267905 267905 267905 267905 267905 267905 267905 267905 267905 267905 267905 267905 267905 267905 267905 267905 267905 267905 267905 267905 267905 267905 267905 267905 267905 267905 267905 267905 267905 267905 267905 267905 267905 267905 267905 267905 267905 267905 267905 267905 267905 267905 267905 0 0 0 0 0 0 0 0 0 0 0 0 0 0 0 0 0 0 0 0 0 0 0 0 0
#obs survey bio
 1005.98 844.453 653.879 970.764 432.08 390.414 531.529 432.154 412.85 504.014 327.33 389.971 418.24 436.401 354.659 373.021 339.178 405.561 607.516 393.743 461.963 595.615 376.186 532.258 495.049 391.279 443.556 410.228 729.357 293.592 434.909 560.662 563.013 364.612 352.632 305.374 367.767 402.667 430.401 427.01 435.917 563.559 480.721 400.632 421.164 323.474 329.671 270.353 232.483 194.373 259.976 214.231 223.729 264.363 236.795 368.913 168.031 188.845 242.03 270.205 261.767 208.278 157.874 187.412 189.123 154.422 185.139 233.619 164.827 145.211 257.346 217.441 162.692 191.967 198.251 178.706 209.233 263.507 266.888 209.248 273.644 220.155 302.876 186.648 256.951 214.487 165.578 221.644 149.565 261.774 306.664 185.43 163.095 202.426 350.076 218.214 187.395 37.8999 32.0126 41.7956 46.372 43.6547 38.7535 38.107 40.2554 42.7528 46.7856 36.2639 28.6312
#pred catch bio
 143.468 178.783 127.174 111.389 87.5522 76.4858 75.2481 71.4892 68.2859 61.773 61.5531 64.0391 63.8412 60.0404 60.8946 60.5398 68.4418 65.9709 60.4966 62.5292 64.0354 58.1045 64.628 56.2998 59.406 65.6258 61.3379 61.6577 57.7566 63.5758 61.4269 62.6027 61.6171 65.4624 61.6567 56.486 64.318 59.3538 56.9486 58.194 63.8264 72.9424 86.8628 84.9058 85.8525 86.8412 90.7191 89.2166 83.6207 91.7727 85.3337 89.5151 90.938 93.2473 92.2254 105.492 99.4891 95.183 90.5733 98.5915 96.3056 102.107 102.766 97.0921 100.4 98.0677 95.9318 104.129 110.566 118.746 109.948 110.874 125.836 137.175 136.555 155.851 140.829 160.891 169.944 171.046 175.427 168.513 183.721 174.39 185.058 178.321 189.391 171.367 194.604 188.388 169.802 194.183 190.674 198.174 208.42 201.163 248.15 42.8862 46.8779 44.7325 46.0268 46.399 44.106 44.9549 44.5429 44.7488 43.8555 44.4296 45.1984 29.626 208.687 923.17 2434.4 3410.98 3674.24 3723.94 3732.22 3733.53 3733.73 3733.76 3733.76 3733.76 3733.76 3733.76 3733.76 3733.76 3733.76 3733.76 3733.76 3733.76 3733.76 3733.76 3733.76 3733.76 3733.76 3733.76 3733.76 3733.76 3733.76 3733.76 3733.76 3733.76 3733.76 3733.76 3733.76 3733.76 3733.76 3733.76 3733.76 3733.76 3733.76 3733.76 3733.76 3733.76 3733.76 3733.76 3733.76 3733.76 3733.76 3733.76 3733.76 3733.76 3733.76 3733.76 3733.76 3733.76 3733.76 3733.76 3733.76 3733.76 3733.76 3733.76 3733.76 3733.76 3733.76 3733.76 3733.76 3733.76 3733.76 3733.76 3733.76 3733.76 3733.76 3733.76 3733.76 3733.76 3733.76 3733.76 3733.76 3733.76 3733.76 3733.76 3733.76 3733.76 3733.76 3733.76 3733.76 3733.76 3733.76 3733.76 3733.76 3733.76 3733.76 3733.76 3733.76 3733.76 3733.76 3733.76 3733.76 0 0 0 0 0 0 0 0 0 0 0 0 0 0 0 0 0 0 0 0 0 0 0 0 0
#obs catch bio
 0 182.7 130.089 114.746 90.0896 79.3312 78.6775 74.8345 71.7365 64.5903 64.4142 67.2459 66.8805 62.5804 63.6467 63.099 72.4677 69.5565 63.1955 65.6291 67.2165 60.4409 67.7428 58.5353 61.9365 69.0404 64.0857 64.544 59.9382 66.6592 64.0801 65.3824 64.3204 68.7297 64.3808 58.7363 67.4446 62.0207 59.2841 60.6035 66.7551 76.5021 91.9643 89.4626 90.1408 91.3077 95.9924 94.4046 87.8195 97.3235 89.143 94.5277 95.7389 97.4407 97.317 111.416 103.697 99.3424 94.1368 102.498 99.3747 106.01 107.609 101.367 104.994 102.017 99.519 107.957 114.199 123.389 113.633 112.117 126.806 139.41 139.139 157.54 142.312 158.234 168.924 168.256 173.821 165.658 182.451 174.751 186.45 176.002 187.199 168.925 196.871 185.616 163.027 192.228 190.139 193.709 198.815 198.572 238.541 37.9627 41.8893 39.3043 39.9817 40.1629 38.6624 39.4004 39.87 39.4649 38.6508 39.1496 44.0454
#pred cpue bio
 1699.51 1315.47 982.021 772.487 630.091 546.03 495.232 460.556 439.375 427.36 425.009 423.961 420.491 416.932 416.819 415.922 416.205 410.068 407.705 411.153 412.137 411.03 415.232 412.731 418.959 422.304 419.443 420.705 421.361 425.4 422.875 422.106 420.282 419.151 412.983 409.244 409.565 401.722 399.063 398.598 396.329 388.189 371.401 342.264 317.513 294.886 274.727 254.201 238.11 229.798 215.959 210.846 204.535 199.375 194.628 193.127 179.822 170.744 165.532 166.288 161.38 159.097 151.804 144.098 142.108 137.686 135.209 135.501 130.666 123.021 112.728 114.556 120.415 118.962 114.068 115.173 106.136 112.017 108.993 104.052 102.113 100.496 104.619 100.888 105.056 104.401 106.577 99.96 106.511 101.064 97.9653 106.772 104.262 106.364 103.229 88.8953 65.4981 3.35401 3.76474 3.66826 3.92571 3.97033 3.68019 3.65626 3.40925 3.51985 3.50009 3.73782 7.22281 1181.79 4214.09 18852.4 57021.5 92845.8 109760 117589 121883 124501 126168 127248 127951 128410 128710 128906 129034 129117 129170 129205 129227 129242 129251 129257 129261 129264 129265 129266 129267 129268 129268 129268 129268 129268 129268 129268 129268 129268 129269 129269 129269 129269 129269 129269 129269 129269 129269 129269 129269 129269 129269 129269 129269 129269 129269 129269 129269 129269 129269 129269 129269 129269 129269 129269 129269 129269 129269 129269 129269 129269 129269 129269 129269 129269 129269 129269 129269 129269 129269 129269 129269 129269 129269 129269 129269 129269 129269 129269 129269 129269 129269 129269 129269 129269 129269 129269 129269 129269 129269 129269 129269 0 0 0 0 0 0 0 0 0 0 0 0 0 0 0 0 0 0 0 0 0 0 0 0 0
#obs cpue bio
 743.687 590.323 492.922 407.319 526.862 234.849 244.047 320.375 232.892 265.331 372.898 317.222 410.626 349.475 306.76 405.073 172.852 349.325 306.079 229.484 323.022 280.704 329.649 222.645 287.029 244.471 362.428 294.531 324.979 270.254 403.581 267.614 228.02 304.981 450.26 357.178 383.432 264.247 361.034 310.712 286.37 314.913 269.305 268.265 262.901 207.399 165.157 183.949 219.085 195.346 231.673 131.764 186.574 194.249 98.4687 152.662 223.777 139.165 132.801 144.781 144.996 133.667 128.706 126.462 129.935 154.298 124.23 128.162 164.541 137.044 87.7629 177.133 211.66 154.254 144.515 224.694 140.092 284.608 156.955 239.819 155.402 201.741 142.736 155.983 155.765 264.611 270.722 200.311 194.803 253.45 254.485 189.141 249.891 366.94 288.554 130.62 141.252 23.2889 27.4345 27.8924 32.5105 35.3957 28.5321 28.525 18.1336 23.3077 21.3 29.7303 27.4862
#pred surv len freq
 5.96578e-027 6.1758e-021 1.326e-015 3.88392e-011 1.5519e-007 8.45921e-005 0.0062902 0.0638075 0.0882991 0.0171523 0.0194082 0.101538 0.0748255 0.0279491 0.0797995 0.0514375 0.0573027 0.0567237 0.056915 0.0556574 0.0559147 0.0560412 0.0601038 0.0536405 0.0171089
 6.52363e-027 7.1624e-021 1.53784e-015 4.50439e-011 1.79982e-007 9.8106e-005 0.00729509 0.074001 0.102405 0.0198371 0.0203375 0.106143 0.0782158 0.0291341 0.0830825 0.0528754 0.0557205 0.0540818 0.0520442 0.0501309 0.0500688 0.0496458 0.0515505 0.0470396 0.0162928
 6.9892e-027 7.98606e-021 1.71468e-015 5.02239e-011 2.0068e-007 0.000109388 0.008134 0.0825109 0.114181 0.0221296 0.0231198 0.120722 0.0888672 0.0305338 0.0844097 0.0534669 0.055137 0.0521949 0.0468368 0.0429951 0.0414972 0.0406222 0.0412952 0.0376775 0.0135591
 7.35548e-027 8.6345e-021 1.85391e-015 5.43019e-011 2.16974e-007 0.00011827 0.00879446 0.0892105 0.123452 0.0239158 0.0245787 0.128286 0.0944528 0.0329386 0.0915778 0.0569894 0.0539541 0.0504486 0.0441815 0.0382972 0.0345053 0.0323628 0.0322213 0.0291031 0.0106111
 7.69403e-027 9.23402e-021 1.98263e-015 5.80722e-011 2.32039e-007 0.000126482 0.00940509 0.0954047 0.132024 0.0255631 0.0257643 0.134406 0.0989415 0.0340217 0.0940595 0.0586624 0.0561014 0.0511591 0.0413183 0.0347107 0.0294419 0.0254401 0.0241777 0.0214551 0.0078166
 7.89102e-027 9.58296e-021 2.05756e-015 6.02667e-011 2.40808e-007 0.000131261 0.00976049 0.0990098 0.137013 0.0265291 0.0267414 0.139504 0.102677 0.0348251 0.0957373 0.0595466 0.0561881 0.0513584 0.0415808 0.0329347 0.0261529 0.0209142 0.0182064 0.0155673 0.0056218
 7.99156e-027 9.76118e-021 2.09582e-015 6.13875e-011 2.45286e-007 0.000133702 0.00994201 0.100851 0.139561 0.027025 0.027338 0.142629 0.104977 0.0356045 0.0978744 0.060691 0.0563737 0.0512677 0.0410542 0.0325181 0.0246838 0.0180791 0.0141508 0.0112544 0.00398989
 8.07337e-027 9.90619e-021 2.12696e-015 6.22995e-011 2.4893e-007 0.000135689 0.0100897 0.102349 0.141635 0.0274251 0.0276893 0.144455 0.106322 0.0361013 0.099285 0.0615157 0.0568861 0.0514382 0.040424 0.0316389 0.0237574 0.0164599 0.0114399 0.00816107 0.00279096
 8.11642e-027 9.98255e-021 2.14335e-015 6.27797e-011 2.50849e-007 0.000136735 0.0101675 0.103138 0.142726 0.0276377 0.0279473 0.145807 0.107315 0.0363721 0.0999544 0.0619317 0.0572747 0.0517144 0.0403739 0.0311424 0.0229565 0.0155268 0.0098182 0.0060977 0.00196119
 8.12529e-027 9.99837e-021 2.14675e-015 6.28792e-011 2.51247e-007 0.000136951 0.0101836 0.103302 0.142952 0.0276839 0.028087 0.146548 0.107862 0.036599 0.100625 0.0623225 0.0575174 0.0519254 0.040521 0.0311084 0.0225987 0.0149249 0.00889624 0.00479615 0.00140905
 8.10418e-027 9.96113e-021 2.13875e-015 6.26449e-011 2.50311e-007 0.000136441 0.0101457 0.102917 0.14242 0.0275822 0.0280402 0.146312 0.107693 0.0366822 0.101015 0.0626268 0.0581 0.0525017 0.0410481 0.0315445 0.0228349 0.0148212 0.00846215 0.00405209 0.00106472
 8.07417e-027 9.9081e-021 2.12737e-015 6.23115e-011 2.48978e-007 0.000135715 0.0100917 0.102369 0.141662 0.0274385 0.0280135 0.146189 0.107605 0.0367053 0.10114 0.0627554 0.0584665 0.0529228 0.0415683 0.0320076 0.0231998 0.0149692 0.00829078 0.00362126 0.000848895
 8.08782e-027 9.93233e-021 2.13257e-015 6.24639e-011 2.49587e-007 0.000136047 0.0101163 0.10262 0.142008 0.0275019 0.0279343 0.145756 0.107289 0.0366844 0.10118 0.0627735 0.0584492 0.0529316 0.0416593 0.032172 0.0233912 0.0150963 0.00822844 0.00335994 0.000711826
 8.11957e-027 9.98855e-021 2.14464e-015 6.28174e-011 2.51e-007 0.000136817 0.0101736 0.1032 0.142812 0.0276537 0.0279419 0.145776 0.107299 0.036545 0.100636 0.0624636 0.0582973 0.0527919 0.0415242 0.0321081 0.023418 0.0151638 0.00821962 0.00321163 0.000627563
 8.16949e-027 1.00769e-020 2.16361e-015 6.33732e-011 2.53221e-007 0.000138027 0.0102636 0.104113 0.144076 0.027891 0.0278994 0.145516 0.107103 0.0363739 0.100046 0.0620785 0.0578521 0.0524554 0.0414492 0.0320827 0.023437 0.0152329 0.00826274 0.00314913 0.000580425
 8.18674e-027 1.01074e-020 2.17016e-015 6.3565e-011 2.53987e-007 0.000138445 0.0102947 0.104428 0.144512 0.027978 0.0280878 0.146512 0.107827 0.0363395 0.0996318 0.0617736 0.0573399 0.0519425 0.04098 0.0318086 0.0233036 0.0151796 0.00825832 0.00311191 0.000552469
 8.15677e-027 1.00544e-020 2.15877e-015 6.32313e-011 2.52654e-007 0.000137718 0.0102406 0.10388 0.143753 0.0278378 0.0281987 0.147125 0.108282 0.0365924 0.100437 0.0621728 0.0572264 0.0517515 0.0406883 0.031533 0.0231336 0.0151223 0.00825109 0.00309854 0.000538525
 8.18126e-027 1.00977e-020 2.16807e-015 6.35037e-011 2.53742e-007 0.000138312 0.0102847 0.104328 0.144372 0.0279552 0.0282211 0.147229 0.108364 0.0367743 0.101111 0.0625457 0.0573446 0.0516311 0.0400286 0.0308247 0.0225112 0.0147247 0.00806234 0.00302866 0.000521169
 8.16557e-027 1.00699e-020 2.1621e-015 6.33289e-011 2.53044e-007 0.000137931 0.0102564 0.104041 0.143975 0.0278823 0.0283042 0.147684 0.108695 0.0368112 0.101128 0.062628 0.0577641 0.052001 0.0401775 0.030632 0.0221203 0.0143929 0.00788916 0.00297044 0.00050954
 8.14183e-027 1.00279e-020 2.15309e-015 6.3065e-011 2.51989e-007 0.000137356 0.0102137 0.103607 0.143375 0.0277654 0.0281567 0.14691 0.108134 0.0368299 0.101418 0.0628347 0.0580896 0.0524502 0.0408994 0.0311886 0.022343 0.0143577 0.00783075 0.00295277 0.000506731
 8.1357e-027 1.00171e-020 2.15076e-015 6.29968e-011 2.51717e-007 0.000137208 0.0102026 0.103495 0.14322 0.0277351 0.0281166 0.1467 0.107977 0.0367316 0.101098 0.0626969 0.0582542 0.0526332 0.0411094 0.0315467 0.0226825 0.0144493 0.00778533 0.00292623 0.000502787
 8.15255e-027 1.00469e-020 2.15717e-015 6.31844e-011 2.52466e-007 0.000137616 0.010233 0.103803 0.143646 0.0278151 0.0280982 0.14659 0.107896 0.0366794 0.100926 0.0625593 0.0579807 0.0524277 0.0410857 0.0315704 0.0228124 0.014576 0.00777296 0.00289327 0.000496525
 8.18526e-027 1.01048e-020 2.16961e-015 6.35488e-011 2.53922e-007 0.00013841 0.010292 0.104402 0.144475 0.027968 0.027966 0.145862 0.107358 0.0364664 0.100306 0.0622264 0.0579199 0.0524282 0.0412022 0.0317907 0.0230724 0.0148217 0.00790033 0.00290846 0.00049621
 8.20244e-027 1.01352e-020 2.17612e-015 6.37396e-011 2.54685e-007 0.000138825 0.0103229 0.104715 0.144909 0.0280561 0.0282127 0.14717 0.108309 0.0364481 0.0998667 0.0618805 0.0572509 0.0517827 0.0406606 0.031388 0.0228501 0.0147557 0.00790011 0.00289322 0.000489305
 8.14881e-027 1.00403e-020 2.15574e-015 6.31427e-011 2.523e-007 0.000137525 0.0102263 0.103735 0.143552 0.0277992 0.028177 0.147014 0.108203 0.0366527 0.100701 0.062356 0.0574868 0.0519954 0.040872 0.0315962 0.0230499 0.0149476 0.00805105 0.0029511 0.000495606
 8.12398e-027 9.99635e-021 2.14631e-015 6.28665e-011 2.51196e-007 0.000136924 0.0101815 0.103281 0.142924 0.0276779 0.028065 0.146431 0.107781 0.036699 0.101046 0.0626355 0.0580561 0.0524572 0.0410386 0.0317104 0.0231591 0.015059 0.00815507 0.00300281 0.000502947
 8.1412e-027 1.00268e-020 2.15286e-015 6.30581e-011 2.51962e-007 0.000137341 0.0102126 0.103596 0.143359 0.0277604 0.0280763 0.146481 0.107815 0.0366579 0.100873 0.0625391 0.0580197 0.0524334 0.0410064 0.0315365 0.0229415 0.0149291 0.00811596 0.00300543 0.000504152
 8.14339e-027 1.00307e-020 2.15369e-015 6.30826e-011 2.52059e-007 0.000137394 0.0102165 0.103636 0.143415 0.0277701 0.0280473 0.146324 0.107699 0.0365915 0.100661 0.0624275 0.0580162 0.0524976 0.041217 0.0317376 0.0230257 0.0149233 0.00812456 0.00302406 0.000509374
 8.09961e-027 9.95321e-021 2.13705e-015 6.25952e-011 2.50112e-007 0.000136333 0.0101376 0.102835 0.142307 0.0275634 0.0281399 0.146848 0.108084 0.0366832 0.100868 0.0625449 0.0580721 0.0525663 0.0413429 0.0319289 0.0232221 0.0150125 0.00814972 0.00304262 0.000515023
 8.09734e-027 9.94927e-021 2.13621e-015 6.25704e-011 2.50013e-007 0.000136279 0.0101336 0.102794 0.14225 0.027546 0.0278732 0.145423 0.107046 0.0366652 0.101199 0.0627775 0.0584167 0.0529239 0.0417281 0.0323073 0.0235912 0.0152922 0.00828084 0.00309 0.000525076
 8.13868e-027 1.00224e-020 2.15191e-015 6.30304e-011 2.51851e-007 0.000137281 0.0102081 0.10355 0.143296 0.0277446 0.0279233 0.145664 0.107213 0.0364247 0.100202 0.0622278 0.0582394 0.0527551 0.0415121 0.032149 0.0235228 0.0153088 0.00830284 0.00309279 0.000526299
 8.10308e-027 9.95938e-021 2.13838e-015 6.26339e-011 2.50267e-007 0.000136417 0.0101439 0.102899 0.142395 0.0275793 0.0281086 0.146678 0.107955 0.0365508 0.100404 0.0622613 0.0578369 0.0524603 0.041537 0.0321659 0.0235305 0.0153533 0.00835937 0.00311501 0.000529876
 8.03438e-027 9.83779e-021 2.11227e-015 6.18693e-011 2.47212e-007 0.000134752 0.01002 0.101643 0.140657 0.0272515 0.0281161 0.146764 0.10803 0.0369033 0.101743 0.063033 0.0582602 0.0527008 0.0414397 0.0321887 0.0236105 0.0154088 0.00841667 0.00314523 0.000534949
 8.01394e-027 9.80167e-021 2.10451e-015 6.16421e-011 2.46304e-007 0.000134257 0.00998325 0.101269 0.14014 0.0271475 0.0278582 0.145397 0.107036 0.0369044 0.102133 0.0634051 0.0592217 0.0535554 0.0419228 0.0323888 0.0237333 0.0155375 0.00850093 0.0031876 0.000542916
 8.05055e-027 9.86648e-021 2.11843e-015 6.20498e-011 2.47932e-007 0.000135145 0.0100493 0.101939 0.141067 0.0273213 0.0278171 0.145154 0.10685 0.0366483 0.101212 0.0629168 0.0591741 0.0536415 0.0422235 0.0325154 0.0236638 0.0154585 0.00847984 0.00318872 0.000544478
 8.07581e-027 9.91117e-021 2.12803e-015 6.23308e-011 2.49055e-007 0.000135757 0.0100948 0.102401 0.141706 0.0274427 0.0278517 0.145322 0.106967 0.0365081 0.100621 0.0625081 0.0586011 0.0532425 0.042284 0.0327536 0.0238541 0.0154816 0.00847993 0.00319762 0.000547538
 8.07116e-027 9.90296e-021 2.12626e-015 6.22791e-011 2.48849e-007 0.000135644 0.0100864 0.102316 0.141588 0.0274204 0.0278467 0.145298 0.106949 0.0364676 0.10047 0.0623964 0.0584107 0.0530757 0.0422252 0.0329584 0.0242313 0.0157495 0.00858204 0.00323637 0.000555703
 8.08469e-027 9.92686e-021 2.13139e-015 6.24294e-011 2.4945e-007 0.000135972 0.0101108 0.102563 0.14193 0.0274888 0.0279993 0.146106 0.10754 0.036598 0.100747 0.0624727 0.0580203 0.0525667 0.0415049 0.0323406 0.0238925 0.0156752 0.00854418 0.00321186 0.000552171
 8.07983e-027 9.91825e-021 2.12955e-015 6.23753e-011 2.49233e-007 0.000135854 0.010102 0.102474 0.141807 0.0274645 0.0279595 0.145896 0.107391 0.036671 0.101089 0.0626993 0.0582962 0.0527595 0.0414715 0.0321503 0.0236685 0.0156128 0.00857729 0.00322153 0.000553212
 8.07525e-027 9.91017e-021 2.12781e-015 6.23245e-011 2.4903e-007 0.000135743 0.0100938 0.10239 0.141691 0.0274411 0.0278973 0.145566 0.107148 0.0365971 0.100896 0.0626477 0.0585753 0.0530789 0.0418186 0.0323443 0.0236831 0.0155745 0.00861162 0.00325017 0.000557563
 8.0478e-027 9.86158e-021 2.11738e-015 6.20189e-011 2.47809e-007 0.000135078 0.0100443 0.101889 0.140997 0.0273118 0.0279643 0.145943 0.107423 0.0366385 0.100951 0.0626705 0.0585465 0.0531109 0.0420121 0.0325553 0.0238091 0.0155688 0.00860153 0.0032669 0.000561572
 8.01374e-027 9.80126e-021 2.10443e-015 6.16396e-011 2.46294e-007 0.000134252 0.00998284 0.101265 0.140134 0.0271518 0.0280682 0.146521 0.107853 0.0369083 0.101831 0.0631317 0.0585617 0.0530021 0.0416977 0.0323295 0.023682 0.0154548 0.00849683 0.00323417 0.00055835
 8.05444e-027 9.87327e-021 2.11989e-015 6.20924e-011 2.48103e-007 0.000135238 0.0100562 0.102009 0.141164 0.0273476 0.0281313 0.146832 0.108087 0.0371209 0.102565 0.063512 0.0585419 0.052716 0.0408161 0.0313654 0.0228611 0.0149202 0.00817596 0.00310487 0.000537768
 8.19705e-027 1.01255e-020 2.17405e-015 6.36788e-011 2.54442e-007 0.000138693 0.0103131 0.104616 0.144771 0.0280377 0.0285112 0.148771 0.109501 0.0372358 0.102463 0.0632832 0.0575275 0.0514168 0.0388875 0.0293083 0.0209526 0.0135604 0.0074143 0.00280615 0.000486194
 8.32893e-027 1.03588e-020 2.22413e-015 6.51458e-011 2.60303e-007 0.000141888 0.0105507 0.107026 0.148106 0.0286777 0.0289393 0.150974 0.111109 0.0373906 0.10244 0.0630721 0.0563817 0.0500741 0.037151 0.0274289 0.0190679 0.0120553 0.00652724 0.00246172 0.000425753
 8.43878e-027 1.0553e-020 2.26584e-015 6.63675e-011 2.65185e-007 0.000144549 0.0107485 0.109033 0.150883 0.0292142 0.0294287 0.15352 0.112971 0.0376859 0.102864 0.063094 0.0552373 0.0486577 0.0352267 0.0255116 0.0172401 0.0105376 0.00556419 0.00207932 0.000358486
 8.52363e-027 1.07031e-020 2.29805e-015 6.7311e-011 2.68955e-007 0.000146604 0.0109013 0.110583 0.153028 0.0296302 0.0298754 0.155854 0.114682 0.0380766 0.103717 0.0633935 0.0544015 0.0474851 0.0333843 0.0236114 0.0154767 0.00912905 0.00463876 0.00169518 0.000290241
 8.64698e-027 1.09212e-020 2.3449e-015 6.8683e-011 2.74437e-007 0.000149592 0.0111236 0.112837 0.156147 0.0302284 0.0302556 0.157807 0.116112 0.0383759 0.104322 0.0635368 0.0534063 0.0461507 0.03137 0.0215598 0.0136093 0.00771662 0.00374944 0.00131967 0.000222401
 8.75313e-027 1.1109e-020 2.38521e-015 6.98638e-011 2.79155e-007 0.000152164 0.0113148 0.114777 0.158832 0.0307445 0.030638 0.159783 0.117555 0.0385278 0.104353 0.0634029 0.0525406 0.0450448 0.0297525 0.0198697 0.0120264 0.0065081 0.00300644 0.00100734 0.000164983
 8.85244e-027 1.12847e-020 2.42293e-015 7.09688e-011 2.8357e-007 0.000154571 0.0114937 0.116592 0.161344 0.0312214 0.0307547 0.160342 0.117962 0.0385426 0.104251 0.0632413 0.0519159 0.0443366 0.0288761 0.0188963 0.011024 0.00567424 0.00247328 0.00078145 0.000122778
 8.9906e-027 1.1529e-020 2.4754e-015 7.25055e-011 2.89711e-007 0.000157918 0.0117426 0.119117 0.164837 0.0318934 0.0312601 0.162955 0.119862 0.038548 0.103534 0.0625433 0.0500526 0.0423551 0.0267889 0.0171976 0.0097403 0.00478936 0.00196072 0.00057859 8.61755e-005
 9.0221e-027 1.15847e-020 2.48735e-015 7.28557e-011 2.9111e-007 0.00015868 0.0117993 0.119692 0.165633 0.0320509 0.0315499 0.164485 0.120984 0.0388024 0.104085 0.062717 0.0493997 0.0415428 0.0257091 0.0161582 0.0088842 0.00421311 0.00162734 0.000445547 6.22073e-005
 9.12102e-027 1.17597e-020 2.52493e-015 7.39563e-011 2.95508e-007 0.000161077 0.0119776 0.1215 0.168136 0.0325261 0.0316744 0.165086 0.121424 0.0388856 0.104235 0.0626425 0.0485185 0.0404924 0.0243754 0.0149967 0.00798983 0.00365106 0.00134201 0.000341417 4.42895e-005
 9.20602e-027 1.19101e-020 2.55721e-015 7.49018e-011 2.99285e-007 0.000163137 0.0121307 0.123053 0.170285 0.0329391 0.0319677 0.166599 0.122522 0.0388137 0.10353 0.0621121 0.0475784 0.0394626 0.0231746 0.0139335 0.0071765 0.00315689 0.00110633 0.000263434 3.16625e-005
 9.13542e-027 1.1785e-020 2.53035e-015 7.41151e-011 2.96142e-007 0.000161423 0.0120033 0.121761 0.168497 0.0326173 0.0325778 0.16991 0.124948 0.039342 0.104642 0.0625537 0.0467998 0.0385606 0.0221739 0.0130587 0.00650248 0.00274656 0.000917121 0.000205364 2.2949e-005
 8.97457e-027 1.15003e-020 2.46922e-015 7.23246e-011 2.88988e-007 0.000157523 0.0117133 0.118819 0.164426 0.0318519 0.0326791 0.170557 0.125452 0.04029 0.108126 0.0645474 0.0478234 0.0391756 0.0219952 0.0127309 0.00616689 0.00250555 0.000795943 0.000167845 1.75211e-005
 9.18136e-027 1.18663e-020 2.54781e-015 7.46263e-011 2.98185e-007 0.000162537 0.0120861 0.122601 0.169659 0.0328306 0.0323465 0.168642 0.124053 0.0401079 0.107955 0.0643121 0.0469675 0.0380904 0.0204664 0.01149 0.00535811 0.00209869 0.000634971 0.000126042 1.23243e-005
 9.38821e-027 1.22323e-020 2.62639e-015 7.69282e-011 3.07382e-007 0.00016755 0.0124589 0.126382 0.174892 0.0338244 0.0326042 0.169885 0.124924 0.0391949 0.104075 0.0620414 0.0455287 0.0368348 0.0194544 0.0106248 0.00472386 0.00176846 0.000510273 9.54922e-005 8.75296e-006
 9.42578e-027 1.22987e-020 2.64064e-015 7.73456e-011 3.0905e-007 0.000168459 0.0125265 0.127068 0.175841 0.0340178 0.0331676 0.172874 0.1271 0.0392419 0.103412 0.0613188 0.0433838 0.0349788 0.0185113 0.0100231 0.00432772 0.00153869 0.000419941 7.41454e-005 6.37895e-006
 9.38083e-027 1.22191e-020 2.62355e-015 7.6845e-011 3.0705e-007 0.000167369 0.0124454 0.126246 0.174703 0.0338041 0.0332045 0.173101 0.127281 0.0397028 0.105129 0.0622287 0.0434701 0.0348241 0.0179612 0.00968636 0.00416941 0.00143915 0.00037082 6.13881e-005 4.95904e-006
 9.40885e-027 1.22686e-020 2.63419e-015 7.71566e-011 3.08295e-007 0.000168048 0.0124959 0.126758 0.175411 0.0339426 0.0333964 0.174109 0.128019 0.0398167 0.105285 0.0622149 0.0429214 0.0341276 0.0170053 0.00893415 0.00374456 0.00127941 0.000318056 4.93434e-005 3.72692e-006
 9.42518e-027 1.22975e-020 2.64039e-015 7.73382e-011 3.09021e-007 0.000168443 0.0125253 0.127056 0.175824 0.0340213 0.0334274 0.174264 0.128134 0.0398834 0.105498 0.0623013 0.0427774 0.0339222 0.016679 0.00858488 0.00346293 0.0011464 0.000279047 4.13584e-005 2.92008e-006
 9.54759e-027 1.25141e-020 2.6869e-015 7.87004e-011 3.14463e-007 0.00017141 0.0127459 0.129294 0.178921 0.0346095 0.0335839 0.175021 0.128677 0.0396779 0.104486 0.061501 0.0412107 0.0324347 0.0155162 0.00784271 0.00307024 0.000974014 0.000228153 3.27412e-005 2.19204e-006
 9.61124e-027 1.26266e-020 2.71106e-015 7.94081e-011 3.17291e-007 0.000172951 0.0128605 0.130456 0.18053 0.0349252 0.034064 0.177547 0.130513 0.0396353 0.103608 0.0607389 0.039468 0.0307482 0.0141392 0.00695565 0.00262756 0.000804148 0.000179545 2.46849e-005 1.58717e-006
 9.57251e-027 1.2558e-020 2.69633e-015 7.89767e-011 3.15568e-007 0.000172012 0.0127907 0.129748 0.179549 0.0347438 0.0342041 0.178322 0.131089 0.0400062 0.104823 0.0613409 0.0392923 0.0304434 0.0136646 0.00656154 0.00237903 0.000699422 0.000149304 1.94926e-005 1.19874e-006
 9.70946e-027 1.28004e-020 2.74837e-015 8.05011e-011 3.21659e-007 0.000175332 0.0130376 0.132252 0.183015 0.0353924 0.0340016 0.177149 0.130227 0.0397566 0.104184 0.0608685 0.0384852 0.0296337 0.0129111 0.00606127 0.0021178 0.000594831 0.000120796 1.49626e-005 8.73459e-007
 9.81436e-027 1.2986e-020 2.78823e-015 8.16684e-011 3.26323e-007 0.000177874 0.0132266 0.13417 0.185669 0.0358976 0.0341783 0.178025 0.130846 0.039237 0.101928 0.0595336 0.0375667 0.0288606 0.0123983 0.00571973 0.00193133 0.000521071 0.000100367 1.17438e-005 6.4861e-007
 9.87146e-027 1.30871e-020 2.80992e-015 8.23038e-011 3.28862e-007 0.000179258 0.0133295 0.135214 0.187113 0.0361724 0.0342676 0.178466 0.131162 0.0391193 0.101346 0.0590558 0.0365703 0.02803 0.0120434 0.00552552 0.00183073 0.000477269 8.76239e-005 9.66475e-006 5.0292e-007
 1.0099e-026 1.34898e-020 2.89639e-015 8.48364e-011 3.38981e-007 0.000184774 0.0137397 0.139375 0.192871 0.03726 0.0343242 0.178619 0.131253 0.038555 0.0991131 0.0574619 0.034098 0.0258034 0.0105702 0.00475048 0.00154936 0.000394773 6.96381e-005 7.26865e-006 3.55591e-007
 1.03427e-026 1.39209e-020 2.98896e-015 8.7548e-011 3.49816e-007 0.00019068 0.0141788 0.143829 0.199035 0.0384369 0.0348711 0.181384 0.133238 0.0378021 0.0954164 0.0549032 0.0304734 0.0225982 0.00855291 0.00364274 0.0011177 0.000276474 4.73288e-005 4.71791e-006 2.17679e-007
 1.04775e-026 1.41592e-020 3.04012e-015 8.90464e-011 3.55803e-007 0.000193944 0.0144215 0.146291 0.202442 0.0391058 0.0359023 0.186812 0.137178 0.0375791 0.0930181 0.0528728 0.0260169 0.0186479 0.00624125 0.00243187 0.000666655 0.000151915 2.47394e-005 2.37384e-006 1.04197e-007
 1.05268e-026 1.42464e-020 3.05884e-015 8.95946e-011 3.57994e-007 0.000195138 0.0145103 0.147192 0.203688 0.0393376 0.0357733 0.18609 0.136661 0.0378282 0.0941792 0.0533579 0.0253288 0.0178647 0.00545734 0.00195729 0.000469541 9.44032e-005 1.38419e-005 1.24969e-006 5.24897e-008
 1.06331e-026 1.44347e-020 3.09927e-015 9.0779e-011 3.62726e-007 0.000197717 0.0147021 0.149137 0.206381 0.039838 0.0354766 0.184432 0.135439 0.0373677 0.0928652 0.0527224 0.0255968 0.0180862 0.00540689 0.00186678 0.000403134 7.08618e-005 8.92183e-006 7.16501e-007 2.81519e-008
 1.07632e-026 1.46647e-020 3.14866e-015 9.22257e-011 3.68507e-007 0.000200868 0.0149364 0.151514 0.20967 0.0404717 0.0359939 0.187114 0.137367 0.0367145 0.0895819 0.0505768 0.0231131 0.016111 0.00468159 0.00157396 0.000321941 5.12287e-005 5.51317e-006 3.74307e-007 1.30246e-008
 1.08419e-026 1.4804e-020 3.17856e-015 9.31013e-011 3.72005e-007 0.000202775 0.0150782 0.152953 0.211661 0.040865 0.0366897 0.190785 0.140029 0.0365163 0.0877763 0.0490883 0.0199925 0.013488 0.00352895 0.00110013 0.000211583 3.15603e-005 3.0405e-006 1.74242e-007 5.0983e-009
 1.09239e-026 1.4949e-020 3.20971e-015 9.40137e-011 3.75651e-007 0.000204762 0.015226 0.154451 0.213735 0.0412545 0.0366221 0.190369 0.139725 0.0364539 0.0876474 0.0488377 0.0189422 0.0125415 0.00297902 0.00084537 0.00014417 1.96713e-005 1.74644e-006 8.8729e-008 2.1815e-009
 1.11637e-026 1.53732e-020 3.30078e-015 9.66814e-011 3.8631e-007 0.000210573 0.015658 0.158834 0.219799 0.042412 0.0371469 0.193019 0.14161 0.035274 0.0823349 0.0454838 0.0155914 0.00992808 0.00209051 0.000521243 7.60146e-005 8.87174e-006 6.89192e-007 3.16088e-008 6.82644e-010
 1.1201e-026 1.54394e-020 3.31498e-015 9.70973e-011 3.87972e-007 0.000211479 0.0157254 0.159518 0.220745 0.0425848 0.0369276 0.191821 0.14074 0.0353076 0.0827992 0.0457183 0.0155458 0.00984691 0.00198035 0.000462687 5.95725e-005 5.92319e-006 3.82144e-007 1.49997e-008 2.87316e-010
 1.12853e-026 1.55884e-020 3.34699e-015 9.80347e-011 3.91718e-007 0.00021352 0.0158772 0.161057 0.222876 0.043002 0.0375211 0.194941 0.142985 0.0346326 0.0793115 0.0435664 0.0136364 0.00840582 0.00158708 0.000342221 4.03464e-005 3.52498e-006 1.89053e-007 6.05024e-009 9.73159e-011
 1.15172e-026 1.59988e-020 3.43511e-015 1.00616e-010 4.02031e-007 0.000219142 0.0162952 0.165298 0.228744 0.0441082 0.0374937 0.194641 0.142736 0.033736 0.0759224 0.0414023 0.0113552 0.00666967 0.00114073 0.000213905 2.26882e-005 1.74856e-006 8.11974e-008 2.14437e-009 2.77769e-011
 1.14124e-026 1.58131e-020 3.39524e-015 9.94479e-011 3.97365e-007 0.000216598 0.0161061 0.163379 0.226089 0.0436339 0.0385328 0.200269 0.146826 0.0336504 0.074013 0.0402049 0.0102114 0.00580178 0.000906382 0.000144758 1.34321e-005 8.7373e-007 3.49574e-008 7.87989e-010 8.39362e-012
 1.15382e-026 1.60359e-020 3.44306e-015 1.00849e-010 4.02962e-007 0.000219649 0.016333 0.165681 0.229274 0.0442237 0.0381011 0.197877 0.145081 0.0335143 0.0741528 0.0401343 0.00938907 0.00514272 0.000759553 0.000107432 8.82338e-006 4.71789e-007 1.55946e-008 2.93446e-010 2.63125e-012
 1.14911e-026 1.59525e-020 3.42516e-015 1.00324e-010 4.00866e-007 0.000218507 0.016248 0.164819 0.228082 0.0440005 0.0381683 0.198267 0.145368 0.0335983 0.0743707 0.0403517 0.00998117 0.00559222 0.000814389 0.000111009 8.61746e-006 4.07306e-007 1.12697e-008 1.71271e-010 1.25499e-012
 1.16641e-026 1.62587e-020 3.4909e-015 1.0225e-010 4.08561e-007 0.000222701 0.0165599 0.167983 0.232459 0.0448244 0.038091 0.19774 0.144956 0.0327861 0.0713762 0.038592 0.00883417 0.00478664 0.000689406 9.14792e-005 6.85778e-006 3.00387e-007 7.46842e-009 9.55451e-011 5.62294e-013
 1.14205e-026 1.58274e-020 3.39829e-015 9.95374e-011 3.97722e-007 0.000216793 0.0161206 0.163526 0.226293 0.0436801 0.0388383 0.201898 0.148007 0.0335546 0.0731835 0.0395998 0.00922911 0.00503755 0.000716474 9.22412e-005 6.86699e-006 2.9597e-007 6.9892e-009 8.12363e-011 4.10287e-013
 1.13362e-026 1.56782e-020 3.36627e-015 9.85995e-011 3.93975e-007 0.000214751 0.0159687 0.161985 0.22416 0.0432788 0.0388781 0.202167 0.148223 0.0341309 0.075334 0.0407136 0.00920022 0.00495124 0.0006993 8.83941e-005 6.43658e-006 2.66572e-007 6.17472e-009 6.91329e-011 3.22174e-013
 1.14585e-026 1.58949e-020 3.41279e-015 9.99621e-011 3.99419e-007 0.000217718 0.0161894 0.164224 0.227258 0.0438408 0.0379985 0.19738 0.144739 0.0340465 0.0763497 0.0413794 0.00996657 0.0055171 0.000784412 0.000100653 7.34741e-006 3.02965e-007 6.83714e-009 7.42846e-011 3.36163e-013
 1.17179e-026 1.6354e-020 3.51137e-015 1.0285e-010 4.10956e-007 0.000224007 0.016657 0.168968 0.233822 0.0450805 0.0380497 0.197483 0.144759 0.0324911 0.0703082 0.0380111 0.00869014 0.0047015 0.000663995 8.3849e-005 6.06412e-006 2.46178e-007 5.50142e-009 5.85589e-011 2.56633e-013
 1.14887e-026 1.59482e-020 3.42424e-015 1.00297e-010 4.00759e-007 0.000218449 0.0162437 0.164775 0.22802 0.0439995 0.038583 0.200488 0.146974 0.0333558 0.0728099 0.0394081 0.00924039 0.00505851 0.000723666 9.42861e-005 6.89853e-006 2.84138e-007 6.33599e-009 6.69097e-011 2.89304e-013
 1.14885e-026 1.59478e-020 3.42416e-015 1.00295e-010 4.00749e-007 0.000218443 0.0162433 0.164771 0.228015 0.0440081 0.0389616 0.202513 0.148442 0.0332223 0.0717236 0.0386656 0.00823831 0.00430614 0.000594765 7.10736e-005 5.11097e-006 2.07943e-007 4.63956e-009 4.89705e-011 2.09996e-013
 1.17642e-026 1.64358e-020 3.52893e-015 1.03364e-010 4.13011e-007 0.000225127 0.0167403 0.169813 0.234992 0.0453013 0.0380589 0.197502 0.14477 0.0324269 0.0700509 0.0377205 0.00779894 0.00400725 0.000532231 5.67043e-005 3.86312e-006 1.44605e-007 3.1352e-009 3.27897e-011 1.40525e-013
 1.16974e-026 1.63176e-020 3.50355e-015 1.02621e-010 4.10041e-007 0.000223508 0.0166199 0.168591 0.233302 0.0449801 0.0379641 0.197039 0.144442 0.0326613 0.0710907 0.0384681 0.00897156 0.00489047 0.000671681 7.84492e-005 5.29444e-006 1.86257e-007 3.79299e-009 3.75131e-011 1.57831e-013
 1.1637e-026 1.62107e-020 3.48059e-015 1.01948e-010 4.07354e-007 0.000222043 0.016511 0.167486 0.231773 0.044712 0.0387657 0.201367 0.147582 0.0324464 0.0690463 0.0372312 0.00800024 0.00419994 0.000581869 6.98123e-005 4.82135e-006 1.76185e-007 3.47323e-009 3.19037e-011 1.25482e-013
 1.14989e-026 1.59662e-020 3.4281e-015 1.0041e-010 4.0121e-007 0.000218695 0.016262 0.16496 0.228277 0.0440564 0.0389126 0.202244 0.148247 0.0332365 0.0718537 0.0387173 0.00814662 0.00422711 0.000571024 6.40156e-005 4.43374e-006 1.67384e-007 3.41491e-009 3.17404e-011 1.18461e-013
 1.14884e-026 1.59476e-020 3.42411e-015 1.00294e-010 4.00744e-007 0.000218441 0.0162431 0.164769 0.228012 0.0440084 0.0389926 0.202679 0.148564 0.0332567 0.0718094 0.0386735 0.00803002 0.0041345 0.000547265 5.75671e-005 3.82607e-006 1.34588e-007 2.74445e-009 2.63192e-011 1.00722e-013
 1.06335e-026 1.44339e-020 3.0991e-015 9.07739e-011 3.62706e-007 0.000197706 0.0147013 0.149129 0.20637 0.0400267 0.0429631 0.224483 0.164486 0.0350904 0.07279 0.0389926 0.00700696 0.00330913 0.000415641 3.64721e-005 2.25258e-006 7.00092e-008 1.30643e-009 1.18042e-011 4.5507e-014
 1.03754e-026 1.39768e-020 3.00096e-015 8.78994e-011 3.5122e-007 0.000191446 0.0142357 0.144407 0.199835 0.0388071 0.0434798 0.227417 0.166677 0.0367073 0.0782097 0.0416116 0.00587297 0.00227119 0.000261292 1.50336e-005 7.77837e-007 1.86376e-008 2.928e-010 2.29036e-012 8.0446e-015
 2.04993e-026 3.19007e-020 6.8494e-015 2.00622e-010 8.01626e-007 0.000436956 0.0324917 0.329594 0.456096 0.0863217 0.0109332 0.0466359 0.0340294 0.00339154 6.03368e-005 7.63426e-006 5.42717e-007 5.32236e-009 7.1212e-012 1.31108e-015 5.47324e-020 6.04182e-024 2.68964e-027 2.47328e-027 2.47193e-027
 2.02504e-026 3.14599e-020 6.75474e-015 1.97849e-010 7.90547e-007 0.000430917 0.0320427 0.325039 0.449793 0.0851618 0.0120784 0.0529264 0.0386201 0.00384622 5.73863e-005 2.81963e-006 1.95772e-007 1.91974e-009 2.56829e-012 4.68835e-016 1.1846e-020 8.87552e-026 2.47708e-027 2.47339e-027 2.47201e-027
 2.02491e-026 3.14577e-020 6.75427e-015 1.97836e-010 7.90493e-007 0.000430887 0.0320405 0.325017 0.449762 0.085156 0.0120841 0.0529579 0.0386431 0.00384839 5.69661e-005 2.58188e-006 1.78676e-007 1.75208e-009 2.34398e-012 4.27821e-016 1.06791e-020 4.61741e-026 2.47567e-027 2.47339e-027 2.47201e-027
 1.99987e-026 3.10143e-020 6.65908e-015 1.95047e-010 7.79351e-007 0.000424814 0.0315889 0.320436 0.443423 0.0839895 0.0132336 0.0592722 0.0432514 0.00430817 6.70595e-005 4.6289e-006 3.25008e-007 3.18717e-009 4.26389e-012 7.78295e-016 1.95349e-020 1.10771e-025 2.47712e-027 2.47351e-027 2.47209e-027
 1.98679e-026 3.07826e-020 6.60932e-015 1.9359e-010 7.73528e-007 0.00042164 0.0313528 0.318041 0.44011 0.0833798 0.0138342 0.0625715 0.0456593 0.00454865 7.3264e-005 6.18886e-006 4.36721e-007 4.28275e-009 5.7296e-012 1.04596e-015 2.65021e-020 2.14796e-025 2.48016e-027 2.47357e-027 2.47213e-027
 2.00736e-026 3.11469e-020 6.68754e-015 1.95881e-010 7.82682e-007 0.00042663 0.0317239 0.321805 0.445318 0.0843382 0.0128898 0.0573837 0.0418732 0.00417087 6.48463e-005 4.44118e-006 3.11761e-007 3.05726e-009 4.09009e-012 7.46591e-016 1.87779e-020 1.16759e-025 2.47738e-027 2.47347e-027 2.47207e-027
 2.00875e-026 3.11715e-020 6.69283e-015 1.96036e-010 7.83301e-007 0.000426968 0.031749 0.32206 0.445671 0.0844031 0.012826 0.0570329 0.0416171 0.00414525 6.4014e-005 4.18437e-006 2.93344e-007 2.87664e-009 3.84846e-012 7.02473e-016 1.76448e-020 1.03701e-025 2.47703e-027 2.47347e-027 2.47206e-027
 2.0534e-026 3.19621e-020 6.86258e-015 2.01008e-010 8.03168e-007 0.000437797 0.0325542 0.330228 0.456974 0.0864832 0.0107758 0.0457714 0.0333983 0.00332589 4.85429e-005 1.86702e-006 1.28226e-007 1.25734e-009 1.6821e-012 3.07011e-016 7.65757e-021 3.22335e-026 2.47532e-027 2.47326e-027 2.47192e-027
 2.03583e-026 3.1651e-020 6.79579e-015 1.99052e-010 7.95351e-007 0.000433536 0.0322374 0.327014 0.452527 0.0856648 0.0115828 0.050204 0.0366332 0.00364792 5.28027e-005 1.8149e-006 1.23898e-007 1.21488e-009 1.62529e-012 2.96642e-016 7.3953e-021 3.02546e-026 2.47541e-027 2.47334e-027 2.47198e-027
 2.03687e-026 3.16694e-020 6.79973e-015 1.99167e-010 7.95813e-007 0.000433788 0.0322561 0.327204 0.452789 0.0857131 0.0115351 0.0499418 0.0364419 0.00362898 5.29551e-005 2.03103e-006 1.3947e-007 1.36759e-009 1.8296e-012 3.33931e-016 8.32413e-021 3.35337e-026 2.47541e-027 2.47334e-027 2.47197e-027
 2.01573e-026 3.1295e-020 6.71935e-015 1.96813e-010 7.86405e-007 0.000428659 0.0318748 0.323336 0.447437 0.0847281 0.0125059 0.0552745 0.0403338 0.00401704 6.05296e-005 3.2593e-006 2.27072e-007 2.2267e-009 2.97894e-012 5.43722e-016 1.35887e-020 6.24258e-026 2.47597e-027 2.47344e-027 2.47204e-027
 2.13218e-026 3.3357e-020 7.16207e-015 2.0978e-010 8.38219e-007 0.000456903 0.0339749 0.34464 0.476916 0.0901532 0.00715714 0.0258938 0.0188914 0.00188209 3.06897e-005 2.7593e-006 1.94975e-007 1.91205e-009 2.558e-012 4.66986e-016 1.18545e-020 1.03246e-025 2.47683e-027 2.4729e-027 2.47167e-027
#obs surv len freq
 nan nan nan nan nan nan nan nan nan nan nan nan nan nan nan nan nan nan nan nan nan nan nan nan nan
 4.91973e-027 7.74327e-021 1.66256e-015 4.8697e-011 1.94579e-007 0.000106063 0.00788674 0.0800025 0.11071 0.0213572 0.0185069 0.0961336 0.0708913 0.0278549 0.080939 0.0516755 0.0551964 0.0534004 0.0508791 0.0493106 0.0500621 0.0510333 0.0539499 0.0510203 0.0190843
 5.29362e-027 8.33175e-021 1.78892e-015 5.2398e-011 2.09367e-007 0.000114123 0.00848613 0.0860826 0.119124 0.02298 0.0198971 0.103352 0.0762155 0.0299756 0.0871249 0.0554416 0.0582969 0.0549224 0.0483164 0.0437227 0.0421387 0.0421187 0.0442621 0.0417981 0.0156304
 5.55134e-027 8.73738e-021 1.87601e-015 5.49489e-011 2.1956e-007 0.000119679 0.00889927 0.0902735 0.124923 0.0240972 0.0208039 0.108053 0.0796817 0.0313279 0.0910455 0.0579687 0.0610951 0.0573327 0.0494086 0.041927 0.0369106 0.0345926 0.0355818 0.0334553 0.0125026
 5.71082e-027 8.98839e-021 1.9299e-015 5.65275e-011 2.25868e-007 0.000123117 0.00915494 0.092867 0.128512 0.0247915 0.0214836 0.111596 0.0822913 0.0322722 0.0937091 0.0596399 0.0627431 0.0588878 0.0507147 0.0423522 0.0349604 0.0294413 0.0283764 0.0262804 0.00980306
 5.81371e-027 9.15033e-021 1.96467e-015 5.75459e-011 2.29937e-007 0.000125336 0.00931987 0.0945401 0.130827 0.0252383 0.0218754 0.113632 0.0837961 0.0329527 0.0957728 0.0609058 0.0638484 0.0598622 0.0514363 0.042905 0.0347849 0.0269704 0.0231391 0.0204766 0.00759101
 5.88806e-027 9.26736e-021 1.9898e-015 5.82819e-011 2.32878e-007 0.000126939 0.00943907 0.0957492 0.132501 0.025559 0.0220732 0.114647 0.0845448 0.0332587 0.0966747 0.0615321 0.0647501 0.0606785 0.0520093 0.0433014 0.0349863 0.0262247 0.0199819 0.0161039 0.0058584
 5.89991e-027 9.286e-021 1.9938e-015 5.83992e-011 2.33347e-007 0.000127194 0.00945806 0.0959418 0.132767 0.0256138 0.0222519 0.115596 0.0852417 0.0334475 0.0971403 0.0618535 0.0652117 0.0612144 0.0526987 0.0438338 0.0353289 0.0261986 0.0184413 0.0130782 0.00455525
 5.92424e-027 9.32429e-021 2.00203e-015 5.864e-011 2.34309e-007 0.000127718 0.00949706 0.0963374 0.133315 0.0257178 0.0222794 0.115729 0.0853448 0.0336352 0.0978288 0.0622387 0.0653669 0.0613556 0.052877 0.0441215 0.0355949 0.0262693 0.0177135 0.0110676 0.00358321
