SBPRF35
0.178135
Curr Bio
143735
B35
200192
F35
0.673154
FOFL
0.561119
OFL
49837.7
Bzero
50895.7
#pred survey bio
 3379.05 4121.21 6276.1 11120.7 21365.6 30279.1 27534.1 28789.3 46599.8 65621.6 81147.3 96098 116707 148702 143750 130465 118923 113357 111822 114689 125331 131462 158807 166816 169904 163479 157807 141130 5.80805e+06 3.89357e+06 2.33574e+06 1.3763e+06 885178 651314 540697 486488 458390 442978 434138 428916 425779 423876 422712 421995 421565 421307 421152 421059 421003 420969 420948 420936 420928 420924 420921 420920 420919 420918 420918 420917 420917 420917 420917 420917 420917 420917 420917 420917 420917 420917 420917 420917 420917 420917 420917 420917 420917 420917 420917 420917 420917 420917 420917 420917 420917 420917 420917 420917 420917 420917 420917 420917 420917 420917 420917 420917 420917 420917 420917 420917 420917 420917 420917 420917 420917 420917 420917 420917 420917 420917 420917 420917 420917 420917 420917 420917 420917 420917 420917 420917 420917 420917 420917 420917 420917 420917 420917 420917 0 0 0 0 0 0 0 0 0 0 0 0 0 0 0 0 0 0 0 0 0 0 0 0 0
#obs survey bio
 2903.97 4492.5 6500.26 14693.8 17033.6 23982.3 38353.2 29667.8 71749.4 83536.4 88059.3 106786 123757 138306 117882 95450.1 113294 111714 98261.1 112186 144473 150712 159255 176663 168249 183865 126234 155789
#pred catch bio
 1403.47 1980.42 2728.93 4540.94 9486.12 16828.4 16632.7 15238 26504.4 39142.8 51786.4 63884.3 71335 101501 99151.2 92394.8 85232.5 81952.6 80988.8 79961.8 92172 92236.2 122142 131075 136790 126931 126994 93507.1 49837.7 69881.4 38150.6 20136.1 11858.2 8487.65 7217.12 6762.62 6605.94 6553.36 6536.06 6530.45 6528.65 6528.08 6527.9 6527.85 6527.83 6527.82 6527.82 6527.82 6527.82 6527.82 6527.82 6527.82 6527.82 6527.82 6527.82 6527.82 6527.82 6527.82 6527.82 6527.82 6527.82 6527.82 6527.82 6527.82 6527.82 6527.82 6527.82 6527.82 6527.82 6527.82 6527.82 6527.82 6527.82 6527.82 6527.82 6527.82 6527.82 6527.82 6527.82 6527.82 6527.82 6527.82 6527.82 6527.82 6527.82 6527.82 6527.82 6527.82 6527.82 6527.82 6527.82 6527.82 6527.82 6527.82 6527.82 6527.82 6527.82 6527.82 6527.82 6527.82 6527.82 6527.82 6527.82 6527.82 6527.82 6527.82 6527.82 6527.82 6527.82 6527.82 6527.82 6527.82 6527.82 6527.82 6527.82 6527.82 6527.82 6527.82 6527.82 6527.82 6527.82 6527.82 6527.82 6527.82 6527.82 6527.82 6527.82 6527.82 0 0 0 0 0 0 0 0 0 0 0 0 0 0 0 0 0 0 0 0 0 0 0 0 0
#obs catch bio
 1970.99 1997.04 2589.3 4160.9 9033.7 15897.6 17319.9 14356.4 23397.8 36221.6 52207.4 61756.3 64036.6 100409 102905 94763.1 84380 80743.6 79840.7 74785.5 83151.4 85326.6 114422 124266 128225 118793 116279 91135.4
#pred cpue bio
 3009.13 3466 5089.01 9061.49 17172.4 26416.8 24289.1 23314.7 37425.6 54081.9 67112.9 78346.4 94149.6 122972 120768 109402 98466.3 93284.1 91290.3 93229.3 102287 105476 127164 132942 135485 130406 128373 112679 4.81227e+06 3.85911e+06 2.30128e+06 1.34184e+06 850715 616851 506234 452025 423927 408515 399675 394453 391316 389413 388249 387532 387102 386844 386689 386596 386540 386506 386485 386473 386465 386461 386458 386457 386456 386455 386455 386454 386454 386454 386454 386454 386454 386454 386454 386454 386454 386454 386454 386454 386454 386454 386454 386454 386454 386454 386454 386454 386454 386454 386454 386454 386454 386454 386454 386454 386454 386454 386454 386454 386454 386454 386454 386454 386454 386454 386454 386454 386454 386454 386454 386454 386454 386454 386454 386454 386454 386454 386454 386454 386454 386454 386454 386454 386454 386454 386454 386454 386454 386454 386454 386454 386454 386454 386454 386454 0 0 0 0 0 0 0 0 0 0 0 0 0 0 0 0 0 0 0 0 0 0 0 0 0
#obs cpue bio
 3014.78 3867.47 6279.42 12577.4 18872.9 37923.8 15627.4 32295.3 47474.1 46519.2 49140.4 97690.1 144499 110577 116872 145081 113039 101187 109710 133213 145157 114333 166008 150816 182254 145760 245287 102609
#pred surv len freq
 1.37497e-11 1.4924e-09 9.55133e-08 3.60437e-06 8.02019e-05 0.00105229 0.0081418 0.0371646 0.10031 0.161915 0.164951 0.129357 0.107513 0.090761 0.0639707 0.0408543 0.0268315 0.0180871 0.0126498 0.00937419 0.00748281 0.00649867 0.00578737 0.00453978 0.00267487
 1.58034e-11 1.7153e-09 1.09779e-07 4.14273e-06 9.21809e-05 0.00120946 0.00935759 0.0427093 0.115207 0.185402 0.186248 0.139126 0.106833 0.0847631 0.0552435 0.0307134 0.0170898 0.00974415 0.00567851 0.00348274 0.00231604 0.00172194 0.00138873 0.00104974 0.000619785
 1.68526e-11 1.82918e-09 1.17067e-07 4.41776e-06 9.83007e-05 0.00128975 0.0099787 0.0455415 0.122811 0.197351 0.196886 0.143426 0.105279 0.0803076 0.0495519 0.0246166 0.0116764 0.0055898 0.00266333 0.00130314 0.000678459 0.000395916 0.000265164 0.00018183 0.000103751
 1.65067e-11 1.79164e-09 1.14665e-07 4.3271e-06 9.62834e-05 0.00126328 0.00977402 0.0446094 0.120324 0.193575 0.194155 0.144177 0.109291 0.0848292 0.0523268 0.0255628 0.0115748 0.00502921 0.00203444 0.000797804 0.000317067 0.000134961 6.65107e-05 3.71563e-05 1.92881e-05
 1.71058e-11 1.85667e-09 1.18826e-07 4.48414e-06 9.97776e-05 0.00130912 0.0101286 0.0462244 0.124637 0.200163 0.199112 0.143526 0.10349 0.0783494 0.048713 0.0246049 0.0115699 0.00506676 0.00197122 0.000695477 0.000227325 7.16422e-05 2.38875e-05 9.26248e-06 3.86913e-06
 1.2999e-11 1.41092e-09 9.02986e-08 3.40759e-06 7.58234e-05 0.000994856 0.00769793 0.0351507 0.0950412 0.154757 0.163966 0.144788 0.138429 0.119768 0.0753937 0.0364379 0.0162508 0.00703323 0.00279428 0.000995466 0.000310897 8.48795e-05 2.11122e-05 5.27837e-06 1.46422e-06
 1.26009e-11 1.3677e-09 8.75329e-08 3.30322e-06 7.3501e-05 0.000964384 0.00746212 0.0340733 0.0921201 0.149935 0.158569 0.139429 0.133444 0.118166 0.0801502 0.045134 0.0234998 0.010735 0.00417874 0.00145309 0.000453163 0.000122189 2.78054e-05 5.41739e-06 9.75638e-07
 1.69866e-11 1.84374e-09 1.17999e-07 4.45291e-06 9.90828e-05 0.00130001 0.010058 0.0459018 0.12376 0.198691 0.197357 0.141519 0.101289 0.0770498 0.0494833 0.0270419 0.0143076 0.00718143 0.00320678 0.00122709 0.000391083 0.000104157 2.32585e-05 4.27009e-06 6.38411e-07
 1.70269e-11 1.8481e-09 1.18278e-07 4.46346e-06 9.93176e-05 0.00130309 0.0100819 0.0460129 0.124085 0.199422 0.199058 0.145255 0.106735 0.080763 0.0482834 0.0222165 0.00949869 0.00420838 0.00184761 0.000756649 0.0002694 7.86179e-05 1.8233e-05 3.32904e-06 4.75927e-07
 1.58521e-11 1.72059e-09 1.10118e-07 4.1555e-06 9.24652e-05 0.00121319 0.00938664 0.0428454 0.115622 0.18646 0.189133 0.145984 0.117359 0.0932798 0.056358 0.0256383 0.0103835 0.00403353 0.00145784 0.000508133 0.000172361 5.28248e-05 1.3392e-05 2.63701e-06 3.9e-07
 1.57455e-11 1.70902e-09 1.09377e-07 4.12755e-06 9.18433e-05 0.00120503 0.00932351 0.0425573 0.114845 0.185213 0.187899 0.145131 0.11692 0.0934775 0.0574692 0.0272514 0.0116585 0.00464064 0.00161927 0.000502448 0.000142786 3.76453e-05 9.05465e-06 1.84526e-06 2.92132e-07
 1.63554e-11 1.77522e-09 1.13614e-07 4.28744e-06 9.54009e-05 0.0012517 0.00968452 0.0442023 0.119246 0.192001 0.193329 0.145519 0.112595 0.0878486 0.0531434 0.024581 0.0102618 0.00410806 0.00148554 0.000474229 0.000131053 3.09679e-05 6.35652e-06 1.14173e-06 1.72977e-07
 1.67327e-11 1.81617e-09 1.16235e-07 4.38634e-06 9.76015e-05 0.00128058 0.00990784 0.0452202 0.121973 0.196241 0.196883 0.146301 0.110764 0.0849951 0.0503974 0.0223049 0.00869977 0.00328671 0.00114788 0.000363337 0.000102128 2.44444e-05 4.83635e-06 7.82108e-07 1.03556e-07
 1.56675e-11 1.70055e-09 1.08835e-07 4.1071e-06 9.13882e-05 0.00119906 0.00927736 0.0423476 0.114293 0.184435 0.187633 0.146264 0.119288 0.0954476 0.0576298 0.0260297 0.0103628 0.00388403 0.00129509 0.000385187 0.000103361 2.43068e-05 4.82067e-06 7.74708e-07 9.773e-08
 1.49136e-11 1.61873e-09 1.03598e-07 3.90948e-06 8.6991e-05 0.00114137 0.00883117 0.0403148 0.10886 0.176096 0.181161 0.146441 0.125619 0.102998 0.0625573 0.0282888 0.0112991 0.00427978 0.00144799 0.000430789 0.000112037 2.49905e-05 4.72984e-06 7.41644e-07 9.25444e-08
 1.50488e-11 1.6334e-09 1.04538e-07 3.94493e-06 8.77797e-05 0.00115172 0.00891119 0.040679 0.109829 0.177543 0.182092 0.145775 0.123513 0.100986 0.0619087 0.0287445 0.0119224 0.00463302 0.00158554 0.000476149 0.000125028 2.7834e-05 5.13429e-06 7.70633e-07 9.21992e-08
 1.56277e-11 1.69623e-09 1.08559e-07 4.09667e-06 9.11561e-05 0.00119602 0.00925381 0.0422403 0.114005 0.183983 0.187235 0.146115 0.119367 0.0956264 0.0578388 0.0262683 0.0106228 0.00411475 0.00144088 0.000446015 0.000119638 2.6974e-05 5.00866e-06 7.47751e-07 8.73997e-08
 1.58612e-11 1.72158e-09 1.10181e-07 4.15788e-06 9.25181e-05 0.00121388 0.00939202 0.0428703 0.115694 0.186614 0.189466 0.146687 0.11837 0.0939564 0.0561147 0.0247464 0.00954397 0.00353867 0.00120144 0.000366914 9.94244e-05 2.29696e-05 4.36492e-06 6.6136e-07 7.76987e-08
 1.61917e-11 1.75745e-09 1.12477e-07 4.24452e-06 9.44458e-05 0.00123917 0.00958764 0.0437617 0.118078 0.190288 0.192392 0.146855 0.115975 0.0909218 0.0539057 0.0234638 0.00883197 0.00316895 0.00103132 0.000300199 7.82824e-05 1.77577e-05 3.3869e-06 5.2252e-07 6.26426e-08
 1.63572e-11 1.77542e-09 1.13626e-07 4.28791e-06 9.54113e-05 0.00125184 0.00968562 0.0442082 0.119273 0.192137 0.193899 0.147052 0.114947 0.0895136 0.0527461 0.0226584 0.00833677 0.00292005 0.000926791 0.0002609 6.51679e-05 1.41028e-05 2.58635e-06 3.90911e-07 4.68454e-08
 1.61996e-11 1.75831e-09 1.12531e-07 4.24659e-06 9.4492e-05 0.00123978 0.00959232 0.043783 0.118135 0.190378 0.192471 0.146883 0.11596 0.0908997 0.0538959 0.0234495 0.00878762 0.00310242 0.000974142 0.000267842 6.49607e-05 1.35651e-05 2.38231e-06 3.44127e-07 3.97436e-08
 1.6891e-11 1.83336e-09 1.17335e-07 4.42784e-06 9.8525e-05 0.00129269 0.0100016 0.0456477 0.123121 0.198048 0.198506 0.146993 0.110561 0.0842183 0.0491992 0.0209435 0.00760295 0.0026334 0.00082908 0.000229941 5.56061e-05 1.13957e-05 1.94216e-06 2.70229e-07 2.99116e-08
 1.69643e-11 1.84131e-09 1.17844e-07 4.44706e-06 9.89526e-05 0.0012983 0.010045 0.0458454 0.12365 0.198862 0.199153 0.147026 0.110025 0.0835485 0.0487259 0.0206771 0.00744671 0.00253867 0.000779957 0.000211126 5.05191e-05 1.03584e-05 1.75981e-06 2.40985e-07 2.59328e-08
 1.70987e-11 1.85589e-09 1.18777e-07 4.48228e-06 9.97362e-05 0.00130858 0.0101245 0.0462081 0.124625 0.200402 0.200561 0.147695 0.109965 0.0829124 0.0475538 0.0192935 0.00640885 0.00203135 0.00060166 0.00015946 3.73122e-05 7.47825e-06 1.2514e-06 1.70239e-07 1.81975e-08
 1.70547e-11 1.85112e-09 1.18472e-07 4.47075e-06 9.94798e-05 0.00130522 0.0100985 0.0460898 0.124311 0.199934 0.20027 0.147943 0.110703 0.0836201 0.0477924 0.0191361 0.00616122 0.00185765 0.000514269 0.000126019 2.76959e-05 5.34505e-06 8.71343e-07 1.15953e-07 1.21929e-08
 1.70276e-11 1.84819e-09 1.18284e-07 4.46366e-06 9.9322e-05 0.00130315 0.0100825 0.0460169 0.124117 0.199648 0.2001 0.148123 0.111196 0.0840734 0.0479105 0.0189873 0.00597919 0.00175187 0.000469996 0.000110085 2.26782e-05 4.05667e-06 6.16894e-07 7.80852e-08 7.94502e-09
 1.62355e-11 1.76221e-09 1.12781e-07 4.25602e-06 9.47018e-05 0.00124253 0.00961365 0.0438809 0.118408 0.190881 0.193276 0.148243 0.117758 0.0919826 0.0531985 0.0215235 0.00703095 0.00212709 0.00057297 0.000131549 2.62006e-05 4.47703e-06 6.40027e-07 7.53158e-08 7.14686e-09
 1.70195e-11 1.8473e-09 1.18227e-07 4.46152e-06 9.92744e-05 0.00130252 0.0100776 0.0459946 0.124055 0.19953 0.1999 0.147766 0.110717 0.0837911 0.0481142 0.0195159 0.00643932 0.00198315 0.00054862 0.000130032 2.6409e-05 4.4869e-06 6.23558e-07 7.01393e-08 6.27283e-09
#obs surv len freq
 1.28617e-11 1.39602e-09 8.93449e-08 3.3716e-06 7.50227e-05 0.00098435 0.00761662 0.0347781 0.0940031 0.152733 0.159913 0.135821 0.12492 0.111901 0.0818801 0.0506824 0.027185 0.0119303 0.00415228 0.00113856 0.000240171 3.76526e-05 4.24559e-06 3.33944e-07 1.78187e-08
 1.83662e-11 1.99348e-09 1.27583e-07 4.81457e-06 0.00010713 0.00140559 0.0108748 0.0496251 0.13373 0.214072 0.209345 0.140621 0.0878923 0.0623174 0.0425199 0.0257056 0.0134795 0.00574653 0.00192908 0.000506173 0.000101407 1.49948e-05 1.58474e-06 1.16205e-07 5.75459e-09
 1.5612e-11 1.69454e-09 1.0845e-07 4.09259e-06 9.10655e-05 0.00119484 0.00924518 0.0422095 0.114012 0.184514 0.189292 0.149285 0.120452 0.0935582 0.0556859 0.0253227 0.0100315 0.00363261 0.0011277 0.000280769 5.33652e-05 7.44117e-06 7.36979e-07 5.03775e-08 2.31589e-09
 1.80736e-11 1.96172e-09 1.2555e-07 4.73785e-06 0.000105423 0.0013832 0.0107019 0.0488436 0.131708 0.211409 0.208986 0.145249 0.0955341 0.0675683 0.0426018 0.0222456 0.00954223 0.00315717 0.00078172 0.000151065 2.36768e-05 2.92111e-06 2.65565e-07 1.68381e-08 7.18011e-10
 1.66179e-11 1.80372e-09 1.15438e-07 4.35626e-06 9.69327e-05 0.00127182 0.00984086 0.0449281 0.121325 0.196 0.199001 0.150569 0.112545 0.0826428 0.0481756 0.0217818 0.00830979 0.00267775 0.000680231 0.000129692 1.81072e-05 1.83424e-06 1.34989e-07 7.16762e-09 2.67134e-10
 7.24853e-12 7.86759e-10 5.03526e-08 1.90017e-06 4.2283e-05 0.00055488 0.0042969 0.0196896 0.0540585 0.0937552 0.122272 0.156169 0.188289 0.170081 0.108624 0.0530155 0.0209359 0.00644292 0.00148031 0.00025505 3.31724e-05 3.17345e-06 2.14619e-07 9.96716e-09 3.12968e-10
 1.60093e-11 1.73766e-09 1.1121e-07 4.19672e-06 9.33826e-05 0.00122524 0.00948003 0.0432722 0.116735 0.187632 0.186241 0.131275 0.092113 0.0792445 0.0686447 0.0484163 0.0245743 0.00856883 0.00207466 0.000357837 4.43025e-05 3.89379e-06 2.39338e-07 1.0132e-08 2.89856e-10
 1.80487e-11 1.95902e-09 1.25377e-07 4.73134e-06 0.000105279 0.00138133 0.0106882 0.0487951 0.131719 0.212244 0.212352 0.151253 0.099712 0.0656245 0.0366179 0.0173636 0.00781183 0.00313792 0.000958062 0.000201454 2.81225e-05 2.58681e-06 1.57102e-07 6.30483e-09 1.66518e-10
 1.59528e-11 1.73153e-09 1.10818e-07 4.18194e-06 9.30546e-05 0.00122098 0.00944881 0.0431618 0.116797 0.190094 0.197547 0.156774 0.120637 0.086231 0.0479327 0.020399 0.00706009 0.00201758 0.000474412 9.1133e-05 1.34247e-05 1.3835e-06 9.35682e-08 4.02931e-09 1.09229e-10
 1.4708e-11 1.59641e-09 1.0217e-07 3.85561e-06 8.57938e-05 0.00112574 0.00871266 0.0398154 0.107914 0.176707 0.187489 0.156505 0.128182 0.0963847 0.0572993 0.0266696 0.00977853 0.00269631 0.000541181 8.02105e-05 9.02681e-06 7.70885e-07 4.80253e-08 2.06056e-09 5.78504e-11
 1.42119e-11 1.54256e-09 9.87241e-08 3.72557e-06 8.29006e-05 0.0010878 0.00841967 0.0384872 0.104418 0.171556 0.183805 0.156332 0.13025 0.0994137 0.0608953 0.0296934 0.011442 0.00330899 0.000690601 0.000102465 1.06891e-05 7.75756e-07 3.90013e-08 1.35591e-09 3.22717e-11
 1.67207e-11 1.81488e-09 1.16152e-07 4.38324e-06 9.75344e-05 0.00127978 0.00990415 0.0452442 0.122413 0.198813 0.203895 0.153948 0.109192 0.0759843 0.0453635 0.0221197 0.00858797 0.00252149 0.000539344 8.2311e-05 8.76083e-06 6.34287e-07 3.06198e-08 9.72571e-10 2.01536e-11
 1.52818e-11 1.6587e-09 1.06157e-07 4.00605e-06 8.91426e-05 0.00116974 0.00905452 0.0413977 0.112364 0.184642 0.196816 0.162582 0.126439 0.0878107 0.0477675 0.0203783 0.00706772 0.00194507 0.000404163 6.10105e-05 6.47468e-06 4.68578e-07 2.25518e-08 7.078e-10 1.42651e-11
 1.29182e-11 1.40215e-09 8.97377e-08 3.38647e-06 7.53576e-05 0.000988941 0.00765775 0.0350577 0.0956188 0.159859 0.179729 0.165938 0.144913 0.108107 0.0621549 0.0275744 0.00942085 0.00239321 0.000442744 5.96491e-05 5.80106e-06 3.95909e-07 1.83178e-08 5.57988e-10 1.09478e-11
 1.23234e-11 1.33759e-09 8.56059e-08 3.23056e-06 7.18891e-05 0.000943463 0.00730661 0.0334651 0.0914009 0.153403 0.174037 0.163038 0.145247 0.112682 0.0693433 0.0332326 0.0120223 0.00314208 0.00057984 7.49867e-05 6.73569e-06 4.1474e-07 1.72581e-08 4.7801e-10 8.66263e-12
 1.36845e-11 1.48533e-09 9.50612e-08 3.58738e-06 7.98289e-05 0.00104764 0.00811242 0.0371361 0.101195 0.168273 0.18496 0.161424 0.133174 0.0994347 0.0608788 0.0295964 0.0110206 0.00300029 0.000578254 7.7143e-05 6.97511e-06 4.19661e-07 1.65718e-08 4.25072e-10 7.01906e-12
 1.35533e-11 1.47108e-09 9.41497e-08 3.553e-06 7.90655e-05 0.00103769 0.00803721 0.0368187 0.100561 0.168351 0.18804 0.167572 0.137729 0.0983893 0.0561113 0.0253717 0.00898236 0.0023896 0.000459432 6.18617e-05 5.66484e-06 3.43782e-07 1.35493e-08 3.41606e-10 5.44739e-12
 1.39691e-11 1.51622e-09 9.70384e-08 3.66203e-06 8.14924e-05 0.00106957 0.00828454 0.0379552 0.103661 0.173314 0.192218 0.167858 0.134334 0.0943882 0.0531997 0.0234151 0.00786553 0.00195256 0.000350364 4.46073e-05 3.92754e-06 2.32222e-07 8.98259e-09 2.22699e-10 3.48448e-12
 1.41464e-11 1.53546e-09 9.82705e-08 3.70855e-06 8.2529e-05 0.00108323 0.00839168 0.0384625 0.105161 0.176228 0.195983 0.170503 0.133836 0.0911363 0.049501 0.0209488 0.00676379 0.00160735 0.000273181 3.2536e-05 2.66113e-06 1.4632e-07 5.2992e-09 1.24081e-10 1.84779e-12
 1.41737e-11 1.53842e-09 9.84601e-08 3.71573e-06 8.26908e-05 0.00108543 0.00841033 0.0385687 0.105597 0.177509 0.198368 0.17279 0.134158 0.0894493 0.0472316 0.0192461 0.00592609 0.0013345 0.000214062 2.39723e-05 1.83485e-06 9.38878e-08 3.14901e-09 6.81086e-11 9.37121e-13
 1.4372e-11 1.55995e-09 9.98383e-08 3.76777e-06 8.38509e-05 0.00110072 0.00853021 0.0391338 0.107235 0.180491 0.201635 0.174176 0.132624 0.0863944 0.0445057 0.0175823 0.00520076 0.00111513 0.000168947 1.77465e-05 1.26762e-06 6.03245e-08 1.87682e-09 3.75644e-11 4.77203e-13
 1.48133e-11 1.60785e-09 1.02904e-07 3.8835e-06 8.6428e-05 0.00113461 0.00879383 0.0403522 0.110601 0.186033 0.20666 0.175182 0.129081 0.0811207 0.0403011 0.0152977 0.0043284 0.000884003 0.000126896 1.25494e-05 8.38712e-07 3.71514e-08 1.07165e-09 1.9831e-11 2.3248e-13
 1.45688e-11 1.58131e-09 1.01206e-07 3.81949e-06 8.50075e-05 0.00111611 0.00865374 0.0397501 0.109241 0.184917 0.207941 0.178622 0.131454 0.0808337 0.0387269 0.0140418 0.00377411 0.000729867 9.8894e-05 9.19751e-06 5.75855e-07 2.38073e-08 6.38684e-10 1.09567e-11 1.18749e-13
 1.44839e-11 1.57211e-09 1.00618e-07 3.79733e-06 8.45182e-05 0.00110982 0.00860756 0.0395674 0.108925 0.185002 0.209014 0.17989 0.13172 0.080293 0.0380322 0.0135084 0.00350629 0.000646284 8.26725e-05 7.21302e-06 4.21922e-07 1.62511e-08 4.05279e-10 6.45043e-12 6.47428e-14
 1.44272e-11 1.56596e-09 1.00225e-07 3.7826e-06 8.4195e-05 0.00110574 0.00857911 0.0394723 0.108886 0.185681 0.210943 0.181819 0.13181 0.0788 0.0364357 0.0125828 0.00316134 0.000561001 6.85908e-05 5.67e-06 3.1158e-07 1.11987e-08 2.594e-10 3.82353e-12 3.5477e-14
 1.3201e-11 1.43287e-09 9.1709e-08 3.46139e-06 7.70574e-05 0.00101243 0.00786406 0.0362926 0.100909 0.175408 0.207159 0.188361 0.141892 0.0853923 0.0388509 0.0130252 0.00314982 0.000535048 6.23605e-05 4.89406e-06 2.54188e-07 8.59321e-09 1.86309e-10 2.55862e-12 2.2032e-14
 1.33353e-11 1.44746e-09 9.26435e-08 3.49674e-06 7.78485e-05 0.00102293 0.00794736 0.0366884 0.102021 0.177086 0.20788 0.186886 0.13982 0.0847019 0.0390307 0.0131298 0.00312795 0.000514439 5.73364e-05 4.26804e-06 2.09132e-07 6.64512e-09 1.35019e-10 1.73326e-12 1.39166e-14
 1.34935e-11 1.46464e-09 9.37445e-08 3.53844e-06 7.87844e-05 0.00103546 0.00804868 0.0371949 0.103629 0.180341 0.211738 0.188477 0.137614 0.0807272 0.0360477 0.0118123 0.00275567 0.000444233 4.82812e-05 3.47103e-06 1.62491e-07 4.88666e-09 9.33204e-11 1.12059e-12 8.38968e-15
#pred catch len freq
 1.18773e-11 1.28917e-09 8.25066e-08 3.11354e-06 6.92804e-05 0.000909003 0.0070335 0.0321136 0.0867866 0.140972 0.147777 0.126728 0.118318 0.105328 0.075185 0.0481196 0.0316105 0.021309 0.0149031 0.011044 0.00881573 0.00765628 0.00681827 0.00534845 0.00315135
 1.43363e-11 1.55607e-09 9.95882e-08 3.75815e-06 8.36236e-05 0.00109719 0.00848925 0.0387525 0.104622 0.169082 0.173219 0.138261 0.117237 0.097908 0.0646498 0.0360292 0.0200537 0.0114343 0.0066635 0.00408686 0.00271778 0.00202063 0.00162961 0.00123183 0.000727292
 1.53256e-11 1.66345e-09 1.06461e-07 4.01749e-06 8.93943e-05 0.0011729 0.00907495 0.0414238 0.111801 0.180422 0.183598 0.143285 0.117321 0.095008 0.0595555 0.0296762 0.0140823 0.00674186 0.00321226 0.00157172 0.000818292 0.000477515 0.000319815 0.000219306 0.000125134
 1.48434e-11 1.61111e-09 1.03111e-07 3.89109e-06 8.65817e-05 0.001136 0.00878958 0.0401241 0.108333 0.175147 0.17974 0.144191 0.122683 0.101098 0.0633327 0.0310313 0.014057 0.00610794 0.00247081 0.000968929 0.000385076 0.000163909 8.07768e-05 4.51261e-05 2.34253e-05
 1.56462e-11 1.69825e-09 1.08688e-07 4.10154e-06 9.12644e-05 0.00119743 0.00926472 0.0422885 0.114113 0.183982 0.186415 0.143406 0.115042 0.0924986 0.0584421 0.0296099 0.0139293 0.00610025 0.0023733 0.000837337 0.000273694 8.62554e-05 2.876e-05 1.11518e-05 4.65834e-06
 1.17307e-11 1.27325e-09 8.14881e-08 3.07511e-06 6.84254e-05 0.000897797 0.00694724 0.0317305 0.0858979 0.140709 0.152998 0.144864 0.148742 0.132245 0.0837701 0.0405338 0.0180807 0.0078253 0.00310897 0.00110757 0.00034591 9.44386e-05 2.34899e-05 5.87281e-06 1.62912e-06
 1.15499e-11 1.25363e-09 8.02325e-08 3.02773e-06 6.7371e-05 0.00088396 0.00684009 0.031239 0.0845393 0.138259 0.149304 0.139007 0.141248 0.128006 0.0872826 0.0491958 0.0256176 0.0117025 0.00455537 0.00158405 0.000494006 0.000133202 3.03114e-05 5.90566e-06 1.06357e-06
 1.58402e-11 1.71931e-09 1.10035e-07 4.15239e-06 9.23959e-05 0.00121228 0.00937947 0.04281 0.115491 0.185958 0.18727 0.141111 0.109867 0.0877769 0.0571216 0.0312929 0.0165619 0.00831318 0.00371215 0.00142048 0.000452715 0.000120572 2.69239e-05 4.94304e-06 7.39021e-07
 1.60517e-11 1.74226e-09 1.11505e-07 4.20784e-06 9.36297e-05 0.00122847 0.00950478 0.0433834 0.117056 0.188629 0.190659 0.145409 0.114807 0.0904388 0.0546549 0.0252021 0.0107787 0.00477565 0.00209667 0.000858642 0.000305714 8.92153e-05 2.06907e-05 3.77778e-06 5.4008e-07
 1.49067e-11 1.61798e-09 1.0355e-07 3.90766e-06 8.69506e-05 0.00114084 0.00882706 0.040296 0.108808 0.176 0.181013 0.146194 0.125286 0.102758 0.0625803 0.0285133 0.0115506 0.00448702 0.00162175 0.000565263 0.00019174 5.8764e-05 1.48977e-05 2.9335e-06 4.33849e-07
 1.49861e-11 1.62659e-09 1.04102e-07 3.92847e-06 8.74136e-05 0.00114691 0.00887402 0.0405094 0.109371 0.176805 0.181348 0.145222 0.123168 0.101013 0.0625039 0.0296757 0.0126979 0.0050545 0.00176368 0.000547257 0.00015552 4.10025e-05 9.86216e-06 2.00982e-06 3.18185e-07
 1.57547e-11 1.71002e-09 1.09441e-07 4.12997e-06 9.18972e-05 0.00120574 0.00932899 0.0425825 0.114916 0.185353 0.188159 0.145626 0.11759 0.093841 0.0571042 0.0264435 0.0110413 0.00442019 0.00159841 0.000510261 0.000141011 3.33209e-05 6.8395e-06 1.22848e-06 1.8612e-07
 1.59156e-11 1.72748e-09 1.10559e-07 4.17214e-06 9.28355e-05 0.00121805 0.00942422 0.0430169 0.116085 0.187205 0.189885 0.146539 0.1177 0.0932452 0.0557571 0.0247184 0.00964371 0.00364343 0.00127246 0.000402772 0.000113212 2.70975e-05 5.36126e-06 8.66994e-07 1.14795e-07
 1.51214e-11 1.64128e-09 1.05042e-07 3.96395e-06 8.82031e-05 0.00115727 0.00895416 0.0408752 0.110358 0.178395 0.182948 0.1464 0.123891 0.100942 0.0612272 0.0276794 0.0110211 0.00413083 0.00137738 0.000409663 0.000109929 2.58513e-05 5.12699e-06 8.23935e-07 1.0394e-07
 1.43762e-11 1.5604e-09 9.98654e-08 3.76861e-06 8.38565e-05 0.00110025 0.00851312 0.0388658 0.104987 0.170152 0.176551 0.146575 0.130147 0.108403 0.0660953 0.0299112 0.0119486 0.00452582 0.00153123 0.000455555 0.000118478 2.64272e-05 5.00176e-06 7.84281e-07 9.78647e-08
 1.46122e-11 1.58602e-09 1.01505e-07 3.83048e-06 8.52331e-05 0.00111831 0.00865278 0.0395017 0.106682 0.172711 0.178335 0.145854 0.127146 0.105346 0.0647946 0.0301036 0.0124873 0.00485259 0.00166069 0.000498715 0.000130954 2.91531e-05 5.37762e-06 8.07155e-07 9.65688e-08
 1.52527e-11 1.65553e-09 1.05954e-07 3.99837e-06 8.89689e-05 0.00116732 0.00903187 0.0412291 0.111302 0.179835 0.184015 0.146202 0.122516 0.0993897 0.0603068 0.0274063 0.0110841 0.00429347 0.00150347 0.000465387 0.000124835 2.81456e-05 5.22621e-06 7.80229e-07 9.11959e-08
 1.55253e-11 1.68513e-09 1.07848e-07 4.06985e-06 9.05593e-05 0.00118818 0.00919326 0.0419648 0.113274 0.182901 0.186592 0.14679 0.121229 0.0973536 0.0583175 0.0257331 0.00992542 0.00368014 0.00124947 0.000381582 0.000103399 2.38879e-05 4.53942e-06 6.87801e-07 8.0805e-08
 1.5872e-11 1.72275e-09 1.10256e-07 4.16072e-06 9.25812e-05 0.00121471 0.00939844 0.0428997 0.115775 0.186755 0.18966 0.146964 0.118713 0.0941678 0.056001 0.0243906 0.00918174 0.00329448 0.00107217 0.000312092 8.13836e-05 1.84612e-05 3.52107e-06 5.4322e-07 6.51242e-08
 1.59117e-11 1.72706e-09 1.10532e-07 4.17113e-06 9.28129e-05 0.00121775 0.00942195 0.043007 0.116063 0.187214 0.190097 0.147218 0.118785 0.0940525 0.0556617 0.0239317 0.0088065 0.00308462 0.000979027 0.000275605 6.88409e-05 1.48976e-05 2.73212e-06 4.12944e-07 4.94857e-08
 1.59357e-11 1.72967e-09 1.10699e-07 4.17742e-06 9.2953e-05 0.00121959 0.00943616 0.0430716 0.116234 0.187462 0.190216 0.146974 0.118222 0.0935807 0.0556266 0.0242147 0.00907514 0.00320395 0.00100602 0.000276608 6.70867e-05 1.4009e-05 2.46028e-06 3.5539e-07 4.10444e-08
 1.64882e-11 1.78964e-09 1.14537e-07 4.32226e-06 9.61758e-05 0.00126187 0.00976319 0.0445617 0.120219 0.193597 0.195071 0.14715 0.114043 0.0883299 0.0518324 0.0220843 0.0080183 0.00277731 0.000874388 0.000242507 5.86449e-05 1.20184e-05 2.04829e-06 2.84997e-07 3.15462e-08
 1.68781e-11 1.83196e-09 1.17245e-07 4.42447e-06 9.845e-05 0.00129171 0.00999396 0.045613 0.123029 0.19791 0.198419 0.14706 0.110771 0.084429 0.0492893 0.0209205 0.00753461 0.00256865 0.000789167 0.000213619 5.11157e-05 1.04807e-05 1.78059e-06 2.43831e-07 2.6239e-08
 1.70917e-11 1.85514e-09 1.18729e-07 4.48046e-06 9.96958e-05 0.00130805 0.0101204 0.0461894 0.124575 0.200326 0.200502 0.147698 0.110026 0.082984 0.0475989 0.0193121 0.00641505 0.00203331 0.000602243 0.000159615 3.73483e-05 7.48549e-06 1.25261e-06 1.70404e-07 1.82151e-08
 1.71394e-11 1.86032e-09 1.1906e-07 4.49296e-06 9.99741e-05 0.0013117 0.0101486 0.0463182 0.124921 0.200869 0.200988 0.147898 0.109953 0.0827425 0.0472424 0.0189119 0.00608881 0.00183581 0.000508222 0.000124537 2.73703e-05 5.28221e-06 8.61098e-07 1.14589e-07 1.20495e-08
 1.69767e-11 1.84266e-09 1.1793e-07 4.45031e-06 9.9025e-05 0.00129925 0.0100523 0.0458796 0.12375 0.199086 0.199669 0.148151 0.111649 0.084602 0.0482405 0.0191205 0.00602125 0.0017642 0.000473304 0.00011086 2.28378e-05 4.08522e-06 6.21236e-07 7.86348e-08 8.00093e-09
 1.63263e-11 1.77206e-09 1.13412e-07 4.27981e-06 9.52312e-05 0.00124948 0.00966738 0.0441257 0.119062 0.191883 0.194046 0.148196 0.116956 0.0910438 0.0526083 0.0212808 0.00695146 0.00210304 0.000566489 0.000130061 2.59043e-05 4.42639e-06 6.32788e-07 7.4464e-08 7.06603e-09
 1.64487e-11 1.78535e-09 1.14262e-07 4.31189e-06 9.59451e-05 0.00125885 0.00973981 0.0444556 0.119943 0.193228 0.195055 0.148054 0.115751 0.0896874 0.0518265 0.0210488 0.00694665 0.00213946 0.000591862 0.000140281 2.84905e-05 4.84055e-06 6.72706e-07 7.56676e-08 6.76725e-09
#obs catch len freq
 1.08719e-11 1.18004e-09 7.55226e-08 2.84999e-06 6.34164e-05 0.000832079 0.00643886 0.0294111 0.0796399 0.130527 0.141833 0.133381 0.137087 0.128926 0.096334 0.0607006 0.0330776 0.0147247 0.00520323 0.00145008 0.000311016 4.95951e-05 5.68955e-06 4.55297e-07 2.4708e-08
 1.11664e-11 1.21201e-09 7.75687e-08 2.92721e-06 6.51346e-05 0.000854626 0.00661344 0.03021 0.0818157 0.134126 0.145602 0.1358 0.137206 0.126939 0.0933834 0.0576562 0.030582 0.0131823 0.00448329 0.00119381 0.000242897 3.6489e-05 3.91782e-06 2.91771e-07 1.46678e-08
 1.71996e-11 1.86686e-09 1.19479e-07 4.50876e-06 0.000100326 0.00131632 0.0101844 0.0464817 0.125344 0.201274 0.199519 0.140662 0.0964368 0.0727309 0.0503978 0.0304009 0.0157404 0.00658043 0.00215514 0.000548277 0.000105784 1.49669e-05 1.5043e-06 1.04326e-07 4.86311e-09
 1.43881e-11 1.5617e-09 9.99485e-08 3.77175e-06 8.39268e-05 0.00110119 0.00852114 0.0389156 0.105258 0.171365 0.180003 0.151398 0.131491 0.104787 0.0623229 0.0281941 0.0110715 0.00394198 0.00119353 0.000287712 5.25837e-05 7.00578e-06 6.59048e-07 4.25629e-08 1.84019e-09
 1.71836e-11 1.86512e-09 1.19367e-07 4.50456e-06 0.000100232 0.00131511 0.0101754 0.0464484 0.125341 0.201823 0.202087 0.146376 0.103048 0.0756755 0.0479352 0.024829 0.0104656 0.00338158 0.000815494 0.000152901 2.30793e-05 2.71957e-06 2.34556e-07 1.40346e-08 5.62328e-10
 1.57544e-11 1.70999e-09 1.09439e-07 4.1299e-06 9.18962e-05 0.00120576 0.00933018 0.0426069 0.115176 0.186868 0.192861 0.152622 0.120534 0.090269 0.0524632 0.0235149 0.0088395 0.00278329 0.000686277 0.000126302 1.69364e-05 1.63959e-06 1.14637e-07 5.74575e-09 2.01019e-10
 6.57815e-12 7.13997e-10 4.56958e-08 1.72444e-06 3.83732e-05 0.000503605 0.0039009 0.0178955 0.0493623 0.0870861 0.118714 0.159431 0.195149 0.175219 0.11079 0.0533941 0.020674 0.00619716 0.0013813 0.000229797 2.86743e-05 2.61542e-06 1.67796e-07 7.35972e-09 2.17294e-10
 1.53705e-11 1.66832e-09 1.06772e-07 4.02926e-06 8.96566e-05 0.00117636 0.00910219 0.0415538 0.112168 0.180735 0.181075 0.131394 0.0967752 0.0854225 0.0736473 0.0508814 0.0251187 0.00849456 0.00198912 0.000330344 3.91719e-05 3.28069e-06 1.91208e-07 7.63851e-09 2.05345e-10
 1.75916e-11 1.9094e-09 1.22202e-07 4.61152e-06 0.000102613 0.00134637 0.0104182 0.0475704 0.128501 0.207595 0.209588 0.152914 0.103997 0.069162 0.0384273 0.0180984 0.00801854 0.00312718 0.000918217 0.000184748 2.45949e-05 2.1504e-06 1.23681e-07 4.68226e-09 1.16214e-10
 1.55232e-11 1.68489e-09 1.07833e-07 4.06931e-06 9.05488e-05 0.00118813 0.00919519 0.0420147 0.113809 0.185909 0.195457 0.159025 0.124977 0.0892672 0.0490563 0.0205606 0.00696952 0.00194019 0.000442132 8.16008e-05 1.14416e-05 1.11567e-06 7.11591e-08 2.88311e-09 7.33707e-11
 1.43283e-11 1.5552e-09 9.9533e-08 3.75609e-06 8.35799e-05 0.00109672 0.00848877 0.0388049 0.1053 0.17313 0.185931 0.158812 0.132111 0.0989716 0.0581131 0.0265618 0.00948925 0.00253447 0.000491003 6.99528e-05 7.52037e-06 6.08952e-07 3.57302e-08 1.43721e-09 3.7729e-11
 1.39086e-11 1.50965e-09 9.66177e-08 3.64608e-06 8.11326e-05 0.00106463 0.00824111 0.037684 0.102363 0.168851 0.182932 0.158611 0.133544 0.101319 0.0612476 0.0292917 0.0109817 0.00307065 0.000616675 8.76099e-05 8.70819e-06 5.99393e-07 2.8442e-08 9.28332e-10 2.06408e-11
 1.6524e-11 1.79353e-09 1.14786e-07 4.33168e-06 9.63874e-05 0.00126475 0.00978848 0.0447256 0.1211 0.197149 0.203541 0.155664 0.111398 0.0771038 0.0454068 0.0216942 0.00818729 0.00232195 0.000477199 6.95856e-05 7.03988e-06 4.82339e-07 2.19515e-08 6.55012e-10 1.27074e-11
 1.51394e-11 1.64324e-09 1.05167e-07 3.96874e-06 8.83129e-05 0.00115888 0.00897134 0.0410304 0.111481 0.183749 0.197319 0.16467 0.128119 0.0878968 0.0470346 0.0196674 0.00663767 0.00176439 0.000351899 5.06841e-05 5.10401e-06 3.48901e-07 1.58005e-08 4.65135e-10 8.7691e-12
 1.28312e-11 1.39271e-09 8.91338e-08 3.3637e-06 7.48517e-05 0.000982345 0.00760775 0.0348448 0.0951721 0.15973 0.18104 0.168388 0.146317 0.107552 0.0607088 0.0263002 0.00871155 0.00213394 0.000378958 4.87334e-05 4.49545e-06 2.89413e-07 1.25781e-08 3.58732e-10 6.57293e-12
 1.22841e-11 1.33332e-09 8.5333e-08 3.22028e-06 7.16613e-05 0.000940519 0.00728495 0.0333821 0.0913043 0.153812 0.175754 0.165516 0.146496 0.111953 0.0675698 0.0315448 0.0110361 0.00277469 0.000490306 6.04108e-05 5.14364e-06 2.98789e-07 1.1678e-08 3.0261e-10 5.11417e-12
 1.36953e-11 1.4865e-09 9.51366e-08 3.59024e-06 7.98936e-05 0.00104853 0.0081204 0.0371872 0.101446 0.169155 0.186863 0.16356 0.133896 0.0984028 0.059051 0.027949 0.0100561 0.00262939 0.000484084 6.13694e-05 5.24892e-06 2.97555e-07 1.10317e-08 2.64792e-10 4.07932e-12
 1.36016e-11 1.47633e-09 9.44856e-08 3.5657e-06 7.93493e-05 0.00104147 0.00806772 0.0369749 0.101108 0.169729 0.19037 0.169649 0.137848 0.0966943 0.054006 0.0237808 0.00813624 0.00207762 0.00038108 4.86731e-05 4.20736e-06 2.40081e-07 8.86861e-09 2.09009e-10 3.10836e-12
 1.4056e-11 1.52565e-09 9.76426e-08 3.68485e-06 8.20018e-05 0.00107631 0.00833805 0.0382165 0.104487 0.1751 0.194784 0.169782 0.13409 0.0923597 0.0508708 0.0217533 0.00705095 0.00167911 0.000287368 3.46837e-05 2.87908e-06 1.59791e-07 5.78242e-09 1.33769e-10 1.94902e-12
 1.42673e-11 1.54859e-09 9.91107e-08 3.74028e-06 8.3237e-05 0.00109259 0.00846555 0.0388179 0.106244 0.178407 0.198802 0.172262 0.133127 0.088716 0.047033 0.0193182 0.00601063 0.00136806 0.000221451 2.49808e-05 1.92522e-06 9.93014e-08 3.36117e-09 7.33378e-11 1.0154e-12
 1.43244e-11 1.55479e-09 9.95077e-08 3.7553e-06 8.35733e-05 0.00109708 0.00850217 0.0390074 0.106908 0.18004 0.201418 0.174419 0.133069 0.086687 0.0446094 0.0176175 0.00522135 0.00112496 0.000171685 1.81909e-05 1.31072e-06 6.28711e-08 1.96984e-09 3.96836e-11 5.07361e-13
 1.455e-11 1.57928e-09 1.01075e-07 3.81449e-06 8.48929e-05 0.00111448 0.00863845 0.0396483 0.108751 0.183322 0.204843 0.175636 0.13119 0.0833725 0.041794 0.015979 0.00454341 0.000930954 0.000134048 1.33103e-05 8.94319e-07 3.98686e-08 1.15802e-09 2.15782e-11 2.54623e-13
 1.50093e-11 1.62913e-09 1.04266e-07 3.93494e-06 8.75755e-05 0.00114976 0.00891295 0.0409169 0.112249 0.189041 0.2099 0.176411 0.127341 0.077954 0.0376329 0.0138077 0.00375115 0.000731256 9.96525e-05 9.30706e-06 5.84653e-07 2.42455e-08 6.52612e-10 1.12387e-11 1.22337e-13
 1.47825e-11 1.60452e-09 1.02692e-07 3.87562e-06 8.62598e-05 0.00113266 0.00878395 0.040368 0.111043 0.188177 0.211351 0.179726 0.129382 0.0774099 0.0359991 0.0126038 0.00324937 0.000599174 7.69957e-05 6.75638e-06 3.97285e-07 1.53666e-08 3.84478e-10 6.13566e-12 6.17292e-14
 1.47179e-11 1.59751e-09 1.02244e-07 3.85877e-06 8.58893e-05 0.00112794 0.00875018 0.0402435 0.110887 0.188502 0.212565 0.180903 0.129425 0.0766687 0.0351956 0.0120517 0.00299672 0.000526169 6.37809e-05 5.24648e-06 2.8802e-07 1.03723e-08 2.41112e-10 3.56817e-12 3.32324e-14
 1.46772e-11 1.5931e-09 1.01963e-07 3.84826e-06 8.56608e-05 0.00112512 0.00873176 0.0401962 0.110981 0.189381 0.21459 0.182688 0.129262 0.0750171 0.0335779 0.0111658 0.00268417 0.000453173 5.24454e-05 4.08388e-06 2.10496e-07 7.07061e-09 1.52609e-10 2.09085e-12 1.7996e-14
 1.34718e-11 1.46227e-09 9.3592e-08 3.53257e-06 7.86474e-05 0.00103348 0.00803045 0.0370858 0.103222 0.17952 0.211212 0.189276 0.138986 0.0811643 0.0357226 0.0115212 0.00266311 0.000429948 4.73837e-05 3.49961e-06 1.70345e-07 5.3786e-09 1.08612e-10 1.38607e-12 1.10699e-14
 1.36194e-11 1.4783e-09 9.46186e-08 3.57141e-06 7.95168e-05 0.00104503 0.00812196 0.0375194 0.104432 0.181328 0.212005 0.187819 0.136904 0.0803634 0.0357497 0.0115468 0.00262589 0.000410091 4.31862e-05 3.02318e-06 1.38733e-07 4.11452e-09 7.78199e-11 9.27863e-13 6.90725e-15
#spawning biomass
 3412.8 4181.17 6384.89 11309.2 21750.1 30628.6 27827.9 29291.5 47440.4 66675.5 82429 97721.8 118771 151050 145843 132384 120790 115190 113699 116651 127437 133841 161704 169918 173056 166507 160497 143735 168539 177871 97737.3 52207.2 31285.5 22766.8 19555.6 18406.9 18010.9 17878 17834.3 17820.1 17815.6 17814.1 17813.7 17813.6 17813.5 17813.5 17813.5 17813.5 17813.5 17813.5 17813.5 17813.5 17813.5 17813.5 17813.5 17813.5 17813.5 17813.5 17813.5 17813.5 17813.5 17813.5 17813.5 17813.5 17813.5 17813.5 17813.5 17813.5 17813.5 17813.5 17813.5 17813.5 17813.5 17813.5 17813.5 17813.5 17813.5 17813.5 17813.5 17813.5 17813.5 17813.5 17813.5 17813.5 17813.5 17813.5 17813.5 17813.5 17813.5 17813.5 17813.5 17813.5 17813.5 17813.5 17813.5 17813.5 17813.5 17813.5 17813.5 17813.5 17813.5 17813.5 17813.5 17813.5 17813.5 17813.5 17813.5 17813.5 17813.5 17813.5 17813.5 17813.5 17813.5 17813.5 17813.5 17813.5 17813.5 17813.5 17813.5 17813.5 17813.5 17813.5 17813.5 17813.5 17813.5 17813.5 17813.5 17813.5 0 0 0 0 0 0 0 0 0 0 0 0 0 0 0 0 0 0 0 0 0 0 0 0 0
