SBPRF35
0.224663
Curr Bio
27199.1
B35
67216.1
F35
0.503016
FOFL
0.175389
OFL
5203.41
Bzero
64189.3
#pred survey bio
 4800.11 6737.79 8051.03 10233.5 13135.9 15286.2 14307.8 13513.1 22535.2 36300.7 38221.9 44207.8 69353.4 79244.1 69097 55144.6 53004.2 57967 52948.6 54137.2 55153.2 60799.6 64503.4 64555.1 72921.5 74849.6 68631.2 65879.1 2.24671e+06 1.70333e+06 1.51998e+06 1.20874e+06 997297 881241 822096 792642 777882 770283 766209 763921 762576 761753 761232 760895 760674 760529 760432 760367 760323 760294 760274 760261 760252 760246 760242 760239 760237 760236 760235 760234 760234 760233 760233 760233 760233 760233 760233 760233 760233 760233 760233 760233 760233 760233 760233 760233 760233 760233 760233 760233 760233 760233 760233 760233 760233 760233 760233 760233 760233 760233 760233 760233 760233 760233 760233 760233 760233 760233 760233 760233 760233 760233 760233 760233 760233 760233 760233 760233 760233 760233 760233 760233 760233 760233 760233 760233 760233 760233 760233 760233 760233 760233 760233 760233 760233 760233 760233 760233 0 0 0 0 0 0 0 0 0 0 0 0 0 0 0 0 0 0 0 0 0 0 0 0 0
#obs survey bio
 3488.67 7778.83 12686.5 9744.58 22171.4 10986.6 13119.7 17146 27125.2 27002.7 46419.1 57715.9 63254.2 72187.4 57333.2 45655.1 50978.8 63280.7 82021.1 41145.6 51353.2 68870.6 45006.5 62006.4 98528.3 56853.7 82889.1 79068
#pred catch bio
 1632.68 3190.21 3667.31 4838.21 6448.55 8409.01 8864.05 7020.31 8049.05 19532.7 24194.4 19588.1 37162.4 49172 46800.4 36098.7 29781 38241.9 32005.6 33674.4 33685.2 36354.4 41434.6 37074.3 42448.9 47377.2 43774.9 42976.9 5203.41 21980.6 20842.3 15782.6 12369.4 10599.8 9763.83 9387.99 9224.13 9154.11 9124.6 9112.27 9107.15 9105.04 9104.16 9103.81 9103.66 9103.6 9103.57 9103.56 9103.56 9103.56 9103.56 9103.56 9103.56 9103.56 9103.56 9103.56 9103.56 9103.56 9103.56 9103.56 9103.56 9103.56 9103.56 9103.56 9103.56 9103.56 9103.56 9103.56 9103.56 9103.56 9103.56 9103.56 9103.56 9103.56 9103.56 9103.56 9103.56 9103.56 9103.56 9103.56 9103.56 9103.56 9103.56 9103.56 9103.56 9103.56 9103.56 9103.56 9103.56 9103.56 9103.56 9103.56 9103.56 9103.56 9103.56 9103.56 9103.56 9103.56 9103.56 9103.56 9103.56 9103.56 9103.56 9103.56 9103.56 9103.56 9103.56 9103.56 9103.56 9103.56 9103.56 9103.56 9103.56 9103.56 9103.56 9103.56 9103.56 9103.56 9103.56 9103.56 9103.56 9103.56 9103.56 9103.56 9103.56 9103.56 9103.56 9103.56 0 0 0 0 0 0 0 0 0 0 0 0 0 0 0 0 0 0 0 0 0 0 0 0 0
#obs catch bio
 3709.98 3175.33 3532.68 4749.57 6260.41 8327.17 8905 7100.34 7812.79 19058.2 24737.9 18916.5 36145.7 48860.2 47720.1 37797.8 29432.3 38746.3 32036.8 33817.4 34509.9 36485.3 42387.6 37119.1 41778.3 48560.8 43678.1 43750.8
#pred cpue bio
 3084.05 4300.65 5040.89 6341.18 7988.71 9682.86 9515.55 8087.87 11642.5 22285 24348.9 23877.7 40098.8 49125.5 44244.9 33934.5 30940.5 35726.6 31506.3 32831.6 32640.6 35254.9 38928 37695.7 43592.7 46393.4 42085.3 39333 1.31927e+06 1.34385e+06 1.34697e+06 1.05737e+06 845806 729425 670209 640743 625981 618382 614308 612020 610675 609851 609331 608993 608773 608627 608530 608465 608422 608393 608373 608359 608350 608344 608340 608337 608335 608334 608333 608333 608332 608332 608332 608332 608332 608332 608332 608332 608332 608332 608332 608332 608331 608331 608331 608331 608331 608331 608331 608331 608331 608331 608331 608331 608331 608331 608331 608331 608331 608331 608331 608331 608331 608331 608331 608331 608331 608331 608331 608331 608331 608331 608331 608331 608331 608331 608331 608331 608331 608331 608331 608331 608331 608331 608331 608331 608331 608331 608331 608331 608331 608331 608331 608331 608331 608331 608331 608331 0 0 0 0 0 0 0 0 0 0 0 0 0 0 0 0 0 0 0 0 0 0 0 0 0
#obs cpue bio
 5194.88 6292.22 7554.78 6290.43 8695.61 10038 10113.5 6589.34 18836.9 27955.7 19608.5 40634.9 45293.9 54148.7 31088.4 22165.7 40495.5 28641.8 20930.4 33238 24783.1 28869.3 40631.7 41232.7 44539.3 32316.6 48892.1 26882.1
#pred surv len freq
 2.14491e-27 2.17172e-27 6.48422e-27 1.47555e-21 8.77569e-17 1.19992e-12 3.77196e-09 2.72601e-06 0.000452922 0.0173013 0.151941 0.306773 0.142892 0.028414 0.0810979 0.113857 0.0447072 0.0313512 0.0266742 0.0158156 0.0118873 0.00901446 0.00813138 0.00689696 0.00278933
 2.14271e-27 2.16691e-27 6.00766e-27 1.31397e-21 7.81466e-17 1.06852e-12 3.35889e-09 2.42748e-06 0.000403322 0.0154066 0.135302 0.27318 0.127471 0.031344 0.109113 0.153343 0.0589399 0.0374836 0.029561 0.0123644 0.00679063 0.00387348 0.002692 0.00196265 0.000766205
 2.14311e-27 2.16812e-27 6.1525e-27 1.36316e-21 8.10721e-17 1.10852e-12 3.48463e-09 2.51835e-06 0.000418421 0.0159834 0.140367 0.283406 0.132173 0.0306405 0.101737 0.143059 0.0569615 0.0419821 0.0330526 0.0119535 0.00503259 0.00183533 0.000804299 0.000436303 0.000153923
 2.14326e-27 2.16851e-27 6.19431e-27 1.37733e-21 8.19152e-17 1.12004e-12 3.52087e-09 2.54454e-06 0.000422772 0.0161496 0.141827 0.286354 0.133542 0.030815 0.101914 0.143245 0.0561473 0.038902 0.030875 0.0123184 0.00537546 0.00155919 0.000397701 0.000120564 3.31623e-05
 2.1437e-27 2.16957e-27 6.30267e-27 1.41407e-21 8.41004e-17 1.14992e-12 3.6148e-09 2.61243e-06 0.000434051 0.0165804 0.14561 0.293992 0.137072 0.030782 0.0994102 0.139672 0.0543114 0.0363545 0.0285046 0.0108164 0.0046604 0.00142766 0.000311031 5.05005e-05 7.86945e-06
 2.14203e-27 2.16545e-27 5.86495e-27 1.26558e-21 7.52691e-17 1.02917e-12 3.23521e-09 2.3381e-06 0.000388471 0.0148393 0.13032 0.263122 0.122859 0.0323624 0.118363 0.166381 0.0636701 0.0396197 0.0306182 0.0111824 0.00458794 0.00135024 0.000291275 3.93609e-05 3.34172e-06
 2.14049e-27 2.16177e-27 5.48674e-27 1.13734e-21 6.7642e-17 9.24884e-13 2.90738e-09 2.10117e-06 0.000349107 0.0133357 0.117114 0.236461 0.110541 0.0325614 0.127613 0.179619 0.0710739 0.0510957 0.0398117 0.0135472 0.00512098 0.00142433 0.00028997 3.7137e-05 2.53352e-06
 2.14442e-27 2.17136e-27 6.4957e-27 1.47957e-21 8.79958e-17 1.20319e-12 3.78223e-09 2.73343e-06 0.000454155 0.0173484 0.152355 0.307609 0.143331 0.0298109 0.0893781 0.125599 0.050285 0.0378431 0.0298445 0.0106857 0.00415801 0.00107313 0.000198516 2.36692e-05 1.48906e-06
 2.14735e-27 2.17843e-27 7.22431e-27 1.72663e-21 1.02689e-16 1.40409e-12 4.41379e-09 3.18986e-06 0.00052999 0.0202453 0.177795 0.358972 0.167052 0.0291572 0.0699066 0.0978406 0.0362554 0.0190701 0.0144914 0.00556871 0.00234408 0.000637588 0.000117453 1.28817e-05 7.43049e-07
 2.14223e-27 2.16581e-27 5.88526e-27 1.27238e-21 7.56735e-17 1.0347e-12 3.25259e-09 2.35066e-06 0.000390559 0.0149191 0.13102 0.264536 0.123567 0.0337994 0.126709 0.177911 0.0646032 0.0299035 0.0217701 0.00720394 0.00269793 0.000788177 0.000158703 1.7884e-05 9.84888e-07
 2.14218e-27 2.16588e-27 5.91854e-27 1.2838e-21 7.63524e-17 1.04398e-12 3.28177e-09 2.37175e-06 0.000394062 0.0150529 0.132195 0.266908 0.124573 0.0313841 0.11125 0.15654 0.0627924 0.0475123 0.0365498 0.0106433 0.00323329 0.000799462 0.000150212 1.80223e-05 1.04087e-06
 2.1465e-27 2.17636e-27 7.00887e-27 1.65357e-21 9.83441e-17 1.34468e-12 4.22702e-09 3.05488e-06 0.000507563 0.0193886 0.170272 0.343782 0.160043 0.0295183 0.0766893 0.107472 0.0406302 0.0238151 0.0182319 0.00655463 0.00246428 0.000539204 7.97852e-05 8.34321e-06 4.79724e-07
 2.14421e-27 2.17069e-27 6.4007e-27 1.44723e-21 8.60723e-17 1.17689e-12 3.69956e-09 2.67368e-06 0.000444228 0.0169692 0.149024 0.300886 0.140311 0.0321634 0.105766 0.148368 0.0538578 0.0248804 0.0181607 0.00614041 0.00230107 0.000611962 0.000102879 9.27931e-06 4.46216e-07
 2.14235e-27 2.16618e-27 5.9341e-27 1.289e-21 7.66616e-17 1.04821e-12 3.29506e-09 2.38135e-06 0.000395658 0.0151139 0.132731 0.26799 0.125125 0.032769 0.119378 0.167749 0.0633675 0.0369234 0.0274687 0.00790653 0.00237368 0.000589593 0.00010533 1.09164e-05 5.19079e-07
 2.14139e-27 2.16387e-27 5.69532e-27 1.20803e-21 7.18462e-17 9.82368e-13 3.08809e-09 2.23177e-06 0.000370805 0.0141645 0.124393 0.251157 0.117353 0.0330368 0.126087 0.17729 0.0678803 0.0422892 0.0320385 0.00995754 0.00319224 0.000678227 9.92396e-05 1.00182e-05 5.17567e-07
 2.14284e-27 2.16741e-27 6.06791e-27 1.33441e-21 7.93622e-17 1.08514e-12 3.41114e-09 2.46524e-06 0.000409596 0.0156463 0.137407 0.27743 0.129462 0.0320357 0.112057 0.157464 0.0602032 0.0372533 0.0282065 0.00879998 0.00287806 0.000644624 9.25567e-05 7.92787e-06 3.67498e-07
 2.14417e-27 2.17061e-27 6.39774e-27 1.44625e-21 8.6014e-17 1.17609e-12 3.69705e-09 2.67187e-06 0.000443927 0.0169577 0.148923 0.300682 0.1402 0.0317191 0.103116 0.14472 0.0537888 0.0287345 0.0213015 0.00665324 0.00218308 0.000494107 7.32493e-05 6.35311e-06 2.70301e-07
 2.14243e-27 2.16637e-27 5.95108e-27 1.29475e-21 7.70035e-17 1.05289e-12 3.30976e-09 2.39197e-06 0.000397423 0.0151813 0.133323 0.269185 0.125685 0.0329568 0.120165 0.168807 0.0630475 0.0346031 0.025681 0.00781677 0.00248836 0.00056755 8.57723e-05 7.62072e-06 3.30029e-07
 2.14369e-27 2.16946e-27 6.27904e-27 1.406e-21 8.362e-17 1.14335e-12 3.59415e-09 2.5975e-06 0.000431571 0.0164857 0.144778 0.292313 0.136336 0.0318396 0.106373 0.14937 0.0562345 0.032204 0.0239546 0.00703043 0.00211054 0.000461667 6.75156e-05 6.02771e-06 2.66151e-07
 2.14294e-27 2.1676e-27 6.07976e-27 1.33839e-21 7.9599e-17 1.08837e-12 3.42132e-09 2.4726e-06 0.000410818 0.015693 0.137817 0.278258 0.129869 0.0326725 0.115694 0.162477 0.0604242 0.0323838 0.0239821 0.00738616 0.00235162 0.000502817 6.97166e-05 5.97457e-06 2.59927e-07
 2.1439e-27 2.16999e-27 6.33516e-27 1.42504e-21 8.47525e-17 1.15884e-12 3.64282e-09 2.63268e-06 0.000437416 0.016709 0.146739 0.296272 0.138157 0.0316094 0.103775 0.145713 0.0550081 0.0319543 0.0238433 0.00706744 0.00215923 0.000478035 6.8591e-05 5.71407e-06 2.37453e-07
 2.14426e-27 2.17083e-27 6.41862e-27 1.45332e-21 8.64347e-17 1.18184e-12 3.71513e-09 2.68493e-06 0.000446098 0.0170406 0.149652 0.302152 0.140884 0.0318255 0.103322 0.144982 0.0534929 0.0273805 0.0201307 0.00620945 0.00198513 0.000428678 6.03318e-05 5.15138e-06 2.14997e-07
 2.14294e-27 2.16758e-27 6.07431e-27 1.33653e-21 7.94883e-17 1.08686e-12 3.41656e-09 2.46916e-06 0.000410247 0.0156712 0.137625 0.277871 0.1297 0.0329405 0.117447 0.164911 0.0608016 0.0309724 0.0226024 0.0065805 0.001962 0.000434157 6.27967e-05 5.29465e-06 2.20963e-07
 2.14421e-27 2.17072e-27 6.40978e-27 1.45034e-21 8.62572e-17 1.17941e-12 3.7075e-09 2.67942e-06 0.000445182 0.0170057 0.149344 0.301532 0.140587 0.0315521 0.10184 0.142956 0.0536389 0.0301704 0.0223142 0.0063636 0.00181378 0.000377545 5.19084e-05 4.42624e-06 1.8631e-07
 2.14339e-27 2.16871e-27 6.19632e-27 1.37792e-21 8.19504e-17 1.12053e-12 3.52239e-09 2.54564e-06 0.000422954 0.0161566 0.141888 0.286477 0.133657 0.0323642 0.111335 0.156316 0.0580235 0.0307668 0.0227617 0.0070477 0.00224641 0.000467331 6.13405e-05 4.9478e-06 2.035e-07
 2.14242e-27 2.16637e-27 5.9553e-27 1.29619e-21 7.70896e-17 1.05406e-12 3.31346e-09 2.39465e-06 0.000397867 0.0151982 0.133472 0.269486 0.125811 0.0326113 0.117965 0.165765 0.0627784 0.0370712 0.0277763 0.00836857 0.00262044 0.000586373 8.37415e-05 6.72052e-06 2.63764e-07
 2.14287e-27 2.16746e-27 6.07093e-27 1.33542e-21 7.94226e-17 1.08596e-12 3.41374e-09 2.46712e-06 0.000409908 0.0156582 0.137511 0.277641 0.129565 0.0321885 0.112925 0.158662 0.0602604 0.0361055 0.0272037 0.00844444 0.00272903 0.000599368 8.61962e-05 7.39498e-06 3.02514e-07
 2.14356e-27 2.16913e-27 6.24312e-27 1.39381e-21 8.28952e-17 1.13344e-12 3.563e-09 2.57499e-06 0.00042783 0.0163428 0.143524 0.28978 0.135171 0.0320226 0.108254 0.152003 0.056905 0.0316402 0.0235862 0.00732962 0.00238795 0.0005376 7.87015e-05 6.75726e-06 2.85472e-07
#obs surv len freq
 8.6732e-40 4.24493e-33 4.77646e-27 1.23563e-21 7.34873e-17 1.00481e-12 3.15861e-09 2.28274e-06 0.00037928 0.014488 0.127234 0.256892 0.119973 0.0321861 0.119164 0.16758 0.0650373 0.0431637 0.0337685 0.0127005 0.00539246 0.00163069 0.00035721 4.79271e-05 3.30514e-06
 1.03465e-39 5.06391e-33 5.69799e-27 1.47402e-21 8.76653e-17 1.19866e-12 3.76801e-09 2.72315e-06 0.000452455 0.0172832 0.151781 0.306452 0.142825 0.0305754 0.0943936 0.132545 0.0510533 0.0327483 0.0254091 0.00928321 0.00380807 0.00111585 0.000237946 3.11344e-05 2.07152e-06
 9.70539e-40 4.75012e-33 5.34491e-27 1.38268e-21 8.2233e-17 1.12439e-12 3.53452e-09 2.55441e-06 0.000424418 0.0162122 0.142376 0.287464 0.13413 0.0327967 0.113677 0.159516 0.0577409 0.0261744 0.0191439 0.00675558 0.00266116 0.000751087 0.000153527 1.94114e-05 1.25483e-06
 1.05049e-39 5.14142e-33 5.78521e-27 1.49658e-21 8.90071e-17 1.21701e-12 3.82569e-09 2.76483e-06 0.000459381 0.0175478 0.154104 0.311143 0.145023 0.0313656 0.0978046 0.137214 0.0508766 0.0267934 0.0196453 0.00569913 0.00175661 0.000462345 8.97828e-05 1.08383e-05 6.73728e-07
 9.86413e-40 4.8278e-33 5.43232e-27 1.40529e-21 8.35779e-17 1.14278e-12 3.59233e-09 2.59618e-06 0.00043136 0.0164774 0.144704 0.292165 0.136307 0.032886 0.112806 0.158252 0.056833 0.0243338 0.0173138 0.00534168 0.00170841 0.00037287 5.81602e-05 6.41219e-06 3.78212e-07
 8.10812e-40 3.96836e-33 4.46526e-27 1.15512e-21 6.86994e-17 9.3934e-13 2.95282e-09 2.13401e-06 0.000354569 0.0135441 0.118944 0.240157 0.112332 0.0347576 0.139906 0.19658 0.0721405 0.0357076 0.0258154 0.00721027 0.0020244 0.000450506 6.68055e-05 6.03566e-06 3.04247e-07
 7.9273e-40 3.87986e-33 4.36569e-27 1.12936e-21 6.71674e-17 9.18392e-13 2.88698e-09 2.08642e-06 0.000346662 0.013242 0.116292 0.234801 0.109812 0.0335868 0.134374 0.189024 0.0727637 0.046465 0.0351078 0.0103662 0.00309123 0.000633305 8.50543e-05 7.34956e-06 3.25956e-07
 1.32924e-39 6.50573e-33 7.32035e-27 1.89371e-21 1.12626e-16 1.53995e-12 4.84086e-09 3.4985e-06 0.000581281 0.0222042 0.194997 0.393703 0.183046 0.0274574 0.0490628 0.0684773 0.0261447 0.0160836 0.0122825 0.00412906 0.00146036 0.000320091 4.36634e-05 3.48757e-06 1.425e-07
 1.10515e-39 5.40897e-33 6.08626e-27 1.57446e-21 9.36388e-17 1.28034e-12 4.02477e-09 2.90871e-06 0.000483286 0.0184609 0.162124 0.327334 0.152557 0.0326578 0.100813 0.141088 0.0472546 0.00951146 0.0052401 0.00169766 0.00060052 0.000148802 2.36077e-05 2.00111e-06 7.9821e-08
 6.36769e-40 3.11654e-33 3.50679e-27 9.07172e-22 5.39529e-17 7.37709e-13 2.31899e-09 1.67594e-06 0.00027846 0.0106368 0.0934125 0.18861 0.0886489 0.0386928 0.179465 0.252121 0.0887924 0.0324472 0.0214972 0.00458992 0.000653311 0.000128777 2.12045e-05 2.04125e-06 9.03065e-08
 1.23018e-39 6.02085e-33 6.77476e-27 1.75257e-21 1.04232e-16 1.42518e-12 4.48007e-09 3.23775e-06 0.000537957 0.0205493 0.180464 0.364361 0.169496 0.0278694 0.060422 0.0846947 0.0347176 0.0283379 0.0216696 0.00549185 0.0011949 0.000175952 1.37571e-05 1.01291e-06 4.73157e-08
 1.18089e-39 5.77961e-33 6.50331e-27 1.68235e-21 1.00055e-16 1.36808e-12 4.30056e-09 3.10802e-06 0.000516403 0.0197259 0.173233 0.349763 0.162874 0.0312564 0.0854978 0.11955 0.0403036 0.00900805 0.00534805 0.00200105 0.000761813 0.00014283 1.37544e-05 7.14079e-07 1.96107e-08
 8.81511e-40 4.31438e-33 4.85461e-27 1.25584e-21 7.46897e-17 1.02125e-12 3.2103e-09 2.32009e-06 0.000385486 0.0147251 0.129316 0.261097 0.122048 0.0356856 0.13926 0.19534 0.0672304 0.0195708 0.0121626 0.00264519 0.00042089 9.49597e-05 1.48727e-05 1.01802e-06 2.81946e-08
 9.21353e-40 4.50939e-33 5.07403e-27 1.3126e-21 7.80655e-17 1.0674e-12 3.3554e-09 2.42495e-06 0.000402909 0.0153906 0.13516 0.272896 0.127413 0.0332712 0.120965 0.169882 0.0627483 0.0322712 0.0230892 0.00539006 0.000965804 0.000138932 1.21248e-05 9.50563e-07 3.73362e-08
 7.39989e-40 3.62174e-33 4.07523e-27 1.05422e-21 6.26987e-17 8.57291e-13 2.6949e-09 1.94761e-06 0.000323598 0.012361 0.108555 0.219181 0.10269 0.0362392 0.155273 0.218159 0.0786431 0.0345842 0.024562 0.00709105 0.00197782 0.000328618 2.73382e-05 1.3838e-06 4.08755e-08
 1.11885e-39 5.47599e-33 6.16167e-27 1.59397e-21 9.47991e-17 1.29621e-12 4.07464e-09 2.94475e-06 0.000489274 0.0186896 0.164132 0.331389 0.154327 0.0298479 0.0824375 0.115655 0.0446526 0.0288862 0.0216724 0.00590374 0.00156033 0.000315095 3.76276e-05 2.20749e-06 5.52294e-08
 8.70604e-40 4.261e-33 4.79455e-27 1.2403e-21 7.37655e-17 1.00861e-12 3.17057e-09 2.29138e-06 0.000380716 0.0145429 0.127715 0.257866 0.120554 0.0356783 0.140189 0.196653 0.0677158 0.0198656 0.0128967 0.00420197 0.00141562 0.000284654 3.48202e-05 2.53831e-06 8.20399e-08
 9.57599e-40 4.68678e-33 5.27364e-27 1.36424e-21 8.11365e-17 1.1094e-12 3.4874e-09 2.52035e-06 0.000418759 0.0159961 0.140477 0.283631 0.132358 0.0327998 0.114852 0.161253 0.0595276 0.0305125 0.0218187 0.00511065 0.000995148 0.000212322 3.11474e-05 2.38963e-06 8.53879e-08
 1.0107e-39 4.9467e-33 5.5661e-27 1.4399e-21 8.56361e-17 1.17092e-12 3.6808e-09 2.66012e-06 0.000441983 0.0168832 0.148268 0.29936 0.139624 0.0326606 0.109261 0.153241 0.0548735 0.0229834 0.0161658 0.00467731 0.00131058 0.000222607 2.21807e-05 1.72482e-06 6.91543e-08
 8.62063e-40 4.2192e-33 4.74751e-27 1.22814e-21 7.30419e-17 9.98716e-13 3.13947e-09 2.2689e-06 0.000376981 0.0144002 0.126463 0.255336 0.119361 0.0350377 0.137041 0.192367 0.0682743 0.0266614 0.0182988 0.00486475 0.00123583 0.00024836 3.0054e-05 1.91176e-06 6.23414e-08
 1.11768e-39 5.47026e-33 6.15522e-27 1.5923e-21 9.46999e-17 1.29485e-12 4.07037e-09 2.94167e-06 0.000488762 0.0186701 0.163961 0.331043 0.154198 0.0306789 0.0876149 0.122813 0.0452912 0.0230883 0.0166436 0.00429013 0.00100695 0.000186369 2.20194e-05 1.60238e-06 5.40299e-08
 8.88373e-40 4.34797e-33 4.8924e-27 1.26562e-21 7.52711e-17 1.0292e-12 3.23529e-09 2.33815e-06 0.000388487 0.0148397 0.130322 0.263129 0.122975 0.035349 0.136593 0.191606 0.0662443 0.020291 0.0131656 0.00379354 0.00107848 0.000199633 2.17392e-05 1.48614e-06 5.16773e-08
 1.00726e-39 4.92983e-33 5.54712e-27 1.43499e-21 8.53442e-17 1.16693e-12 3.66825e-09 2.65105e-06 0.000440476 0.0168256 0.147762 0.298339 0.139138 0.0322795 0.107243 0.150489 0.0552034 0.027229 0.0193663 0.0045882 0.000898863 0.000170961 2.13722e-05 1.4634e-06 4.77402e-08
 1.03085e-39 5.04531e-33 5.67707e-27 1.4686e-21 8.73434e-17 1.19426e-12 3.75418e-09 2.71315e-06 0.000450794 0.0172197 0.151224 0.305328 0.142381 0.0325843 0.106997 0.150012 0.0532336 0.0207713 0.0143622 0.00409607 0.00112619 0.000191757 1.84541e-05 1.25912e-06 4.40274e-08
 8.71546e-40 4.26561e-33 4.79974e-27 1.24165e-21 7.38454e-17 1.0097e-12 3.17401e-09 2.29386e-06 0.000381128 0.0145586 0.127854 0.258145 0.120658 0.0350168 0.136067 0.190976 0.0675366 0.0255946 0.0173965 0.00449577 0.00107866 0.000211733 2.52281e-05 1.57622e-06 4.7659e-08
 9.27591e-40 4.53991e-33 5.10838e-27 1.32149e-21 7.8594e-17 1.07463e-12 3.37811e-09 2.44137e-06 0.000405637 0.0154948 0.136075 0.274744 0.128266 0.033246 0.120254 0.168859 0.06208 0.0310572 0.0222914 0.00567458 0.0012912 0.000230812 2.59045e-05 1.83052e-06 6.05195e-08
 9.73123e-40 4.76276e-33 5.35914e-27 1.38636e-21 8.24519e-17 1.12738e-12 3.54393e-09 2.56121e-06 0.000425548 0.0162554 0.142755 0.288229 0.134493 0.0330508 0.114998 0.161356 0.0581236 0.0254262 0.0180154 0.00514453 0.0014345 0.000261025 2.74393e-05 1.79281e-06 5.9721e-08
 1.1328e-39 5.54428e-33 6.23851e-27 1.61384e-21 9.59814e-17 1.31237e-12 4.12545e-09 2.98147e-06 0.000495376 0.0189227 0.166179 0.335522 0.156283 0.0310702 0.0886532 0.124165 0.0442334 0.0178003 0.0123136 0.00330992 0.000855131 0.000170925 2.0985e-05 1.3996e-06 4.3908e-08
#pred catch len freq
 2.13967e-27 2.15836e-27 5.05875e-27 9.92046e-22 5.90007e-17 8.0673e-13 2.53597e-09 1.83275e-06 0.000304509 0.011632 0.102153 0.206253 0.096465 0.0296132 0.118712 0.167238 0.0680511 0.0546286 0.0472653 0.0282964 0.0213359 0.0161582 0.0145581 0.0123428 0.00499136
 2.1379e-27 2.1551e-27 4.76956e-27 8.94056e-22 5.31729e-17 7.27044e-13 2.28547e-09 1.65172e-06 0.00027443 0.0104831 0.0920628 0.185883 0.0871945 0.0335408 0.148835 0.209613 0.0825091 0.0581853 0.046497 0.0195243 0.010741 0.00611468 0.0042428 0.00309151 0.00120677
 2.13812e-27 2.156e-27 4.89239e-27 9.35814e-22 5.56564e-17 7.61002e-13 2.39222e-09 1.72886e-06 0.000287248 0.0109727 0.0963627 0.194564 0.0911766 0.032703 0.141105 0.19891 0.0815231 0.066678 0.0530916 0.0192758 0.0081386 0.00296343 0.00129616 0.00070255 0.000247811
 2.13838e-27 2.15669e-27 4.96427e-27 9.60184e-22 5.71058e-17 7.8082e-13 2.45452e-09 1.77389e-06 0.000294729 0.0112584 0.0988722 0.19963 0.0935308 0.0330179 0.1415 0.199356 0.0801608 0.0613678 0.0492736 0.0197283 0.0086268 0.00249878 0.000636105 0.000192602 5.29599e-05
 2.13899e-27 2.15813e-27 5.11071e-27 1.00983e-21 6.00584e-17 8.21191e-13 2.58142e-09 1.8656e-06 0.000309967 0.0118405 0.103984 0.209951 0.0983056 0.0331028 0.138908 0.195626 0.0778286 0.05721 0.0453617 0.0172574 0.00744617 0.00227757 0.000495365 8.03338e-05 1.25106e-05
 2.1376e-27 2.1547e-27 4.74207e-27 8.84752e-22 5.26195e-17 7.19479e-13 2.26169e-09 1.63453e-06 0.000271575 0.010374 0.0911047 0.183949 0.086346 0.0347527 0.156818 0.22082 0.0860628 0.0581584 0.045422 0.0166077 0.00681546 0.0020021 0.000431082 5.81919e-05 4.93738e-06
 2.13644e-27 2.15193e-27 4.46231e-27 7.89916e-22 4.69793e-17 6.42358e-13 2.01926e-09 1.45932e-06 0.000242465 0.00926198 0.0813392 0.164232 0.0772205 0.0344793 0.161092 0.227075 0.0914352 0.07025 0.0551273 0.0187483 0.00707757 0.00196423 0.000399031 5.10462e-05 3.48035e-06
 2.13992e-27 2.16046e-27 5.36141e-27 1.09489e-21 6.51173e-17 8.90363e-13 2.79887e-09 2.02275e-06 0.000336077 0.0128379 0.112743 0.227635 0.106434 0.031846 0.125906 0.177391 0.0726805 0.0593796 0.0472315 0.0169327 0.00659271 0.00169877 0.000313625 3.73515e-05 2.34844e-06
 2.14281e-27 2.16736e-27 6.06386e-27 1.33304e-21 7.9281e-17 1.08403e-12 3.40765e-09 2.46272e-06 0.000409177 0.0156303 0.137266 0.277146 0.12933 0.0320156 0.112019 0.157375 0.0596183 0.035331 0.0273545 0.0105718 0.00446787 0.00121433 0.000223392 2.44776e-05 1.4111e-06
 2.13788e-27 2.15518e-27 4.76722e-27 8.93158e-22 5.31195e-17 7.26314e-13 2.28318e-09 1.65006e-06 0.000274155 0.0104725 0.0919703 0.185697 0.0872332 0.0368585 0.169146 0.237858 0.0875224 0.0440901 0.0325877 0.0107975 0.0040456 0.00117982 0.000237148 2.66969e-05 1.46935e-06
 2.13822e-27 2.15626e-27 4.91483e-27 9.43393e-22 5.61071e-17 7.67165e-13 2.41159e-09 1.74287e-06 0.000289574 0.0110615 0.0971431 0.19614 0.0919291 0.0333424 0.144535 0.20372 0.0830275 0.0665034 0.0514526 0.0149648 0.00453478 0.00111856 0.000209655 2.5124e-05 1.45019e-06
 2.14212e-27 2.1657e-27 5.89261e-27 1.27497e-21 7.58274e-17 1.0368e-12 3.25921e-09 2.35544e-06 0.000391353 0.0149494 0.131286 0.265074 0.123753 0.0321358 0.116391 0.163632 0.0631306 0.0407941 0.0316531 0.0114123 0.00429961 0.000939861 0.000138799 1.44964e-05 8.32999e-07
 2.14e-27 2.16037e-27 5.31474e-27 1.07888e-21 6.41651e-17 8.77343e-13 2.75794e-09 1.99317e-06 0.000331162 0.0126502 0.111095 0.224308 0.105022 0.0352142 0.147471 0.207265 0.0761647 0.038067 0.0281803 0.00953464 0.00357247 0.000948424 0.000159159 1.43399e-05 6.89033e-07
 2.13842e-27 2.15659e-27 4.9277e-27 9.47652e-22 5.63605e-17 7.70629e-13 2.42248e-09 1.75073e-06 0.000290882 0.0111115 0.0975817 0.197026 0.0924113 0.0352763 0.156073 0.219642 0.0839967 0.0520056 0.039009 0.0112172 0.00335992 0.000832604 0.000148404 1.5363e-05 7.30074e-07
 2.13777e-27 2.15505e-27 4.77089e-27 8.9449e-22 5.31987e-17 7.27397e-13 2.28658e-09 1.65252e-06 0.000274564 0.0104881 0.0921074 0.185973 0.0873006 0.0352493 0.15924 0.224189 0.0867175 0.0566171 0.0431403 0.0133763 0.0042731 0.000905769 0.000132163 1.33219e-05 6.87776e-07
 2.13914e-27 2.1584e-27 5.12314e-27 1.01397e-21 6.03044e-17 8.24556e-13 2.592e-09 1.87325e-06 0.000311237 0.011889 0.10441 0.210812 0.0987494 0.0343284 0.146131 0.205659 0.0794659 0.051638 0.0393357 0.0122451 0.0039913 0.000891881 0.000127743 1.09265e-05 5.06076e-07
 2.14006e-27 2.16058e-27 5.34392e-27 1.08881e-21 6.47558e-17 8.8542e-13 2.78333e-09 2.01152e-06 0.000334211 0.0127666 0.112117 0.226372 0.105949 0.0344805 0.14237 0.2002 0.0753955 0.0432691 0.0324249 0.0101267 0.00332016 0.000750161 0.000110968 9.61291e-06 4.087e-07
 2.13878e-27 2.15745e-27 5.01325e-27 9.76648e-22 5.8085e-17 7.94208e-13 2.4966e-09 1.8043e-06 0.000299782 0.0114515 0.100567 0.203054 0.0952045 0.035442 0.155268 0.218416 0.0823225 0.0474348 0.0354502 0.010767 0.00341542 0.000777095 0.000117148 1.03946e-05 4.49824e-07
 2.13978e-27 2.1599e-27 5.27541e-27 1.06559e-21 6.33745e-17 8.66533e-13 2.72396e-09 1.96861e-06 0.000327082 0.0124943 0.109726 0.221544 0.103714 0.0344015 0.143343 0.201639 0.0768337 0.0467582 0.0350744 0.0102837 0.00308066 0.000672496 9.81129e-05 8.74788e-06 3.85981e-07
 2.13908e-27 2.15817e-27 5.08881e-27 1.00227e-21 5.9609e-17 8.15047e-13 2.56211e-09 1.85164e-06 0.000307648 0.0117519 0.103206 0.208381 0.0976621 0.0353012 0.152802 0.214919 0.0807828 0.0458894 0.0342794 0.0105437 0.00334909 0.000714655 9.88452e-05 8.45916e-06 3.6774e-07
 2.14005e-27 2.16058e-27 5.34796e-27 1.0902e-21 6.48382e-17 8.86547e-13 2.78687e-09 2.01408e-06 0.000334637 0.0127829 0.11226 0.22666 0.106068 0.0341167 0.140063 0.197019 0.0752533 0.0463323 0.0348458 0.0103158 0.00314402 0.000694583 9.94295e-05 8.27236e-06 3.43498e-07
 2.14041e-27 2.16141e-27 5.42818e-27 1.11737e-21 6.64544e-17 9.08646e-13 2.85634e-09 2.06429e-06 0.000342978 0.0131015 0.115058 0.23231 0.108697 0.0345475 0.140989 0.198195 0.0738982 0.0401827 0.0298256 0.00918974 0.00293181 0.000631858 8.8713e-05 7.56462e-06 3.15485e-07
 2.13923e-27 2.15851e-27 5.11992e-27 1.0128e-21 6.02353e-17 8.2361e-13 2.58903e-09 1.8711e-06 0.00031088 0.0118754 0.104291 0.210571 0.0986855 0.0355986 0.153958 0.216488 0.0805327 0.0432094 0.0317915 0.00923986 0.00274594 0.000606205 8.74681e-05 7.36497e-06 3.07126e-07
 2.14017e-27 2.16087e-27 5.37549e-27 1.09953e-21 6.53931e-17 8.94133e-13 2.81072e-09 2.03132e-06 0.0003375 0.0128923 0.113221 0.2286 0.106969 0.0342161 0.140085 0.197024 0.0749098 0.0450895 0.0336709 0.00959887 0.00273254 0.000567797 7.78839e-05 6.63242e-06 2.78971e-07
 2.13933e-27 2.15877e-27 5.15203e-27 1.02372e-21 6.08844e-17 8.32485e-13 2.61693e-09 1.89126e-06 0.00031423 0.0120034 0.105414 0.212839 0.0997162 0.0351151 0.150323 0.211418 0.0794593 0.0451174 0.0337271 0.0104391 0.00332373 0.00069031 9.04005e-05 7.28199e-06 2.99271e-07
 2.13857e-27 2.15697e-27 4.96896e-27 9.61653e-22 5.71932e-17 7.82014e-13 2.45827e-09 1.7766e-06 0.00029518 0.0112757 0.0990234 0.199936 0.0937486 0.0350533 0.153835 0.216492 0.0829514 0.0518453 0.0391404 0.0117758 0.00367789 0.000821222 0.00011701 9.37848e-06 3.67792e-07
 2.13907e-27 2.1582e-27 5.09933e-27 1.00588e-21 5.98236e-17 8.17981e-13 2.57133e-09 1.85831e-06 0.000308755 0.0117942 0.103578 0.209131 0.0979819 0.0345831 0.148193 0.208537 0.0800982 0.0506472 0.0384282 0.011908 0.00383756 0.000840997 0.000120645 1.03367e-05 4.22548e-07
 2.13996e-27 2.16033e-27 5.31788e-27 1.07998e-21 6.42306e-17 8.78239e-13 2.76075e-09 1.99521e-06 0.0003315 0.0126631 0.111208 0.224536 0.1051 0.0344758 0.142894 0.200957 0.0759057 0.0442342 0.0331921 0.0102903 0.00334029 0.000750179 0.000109546 9.39281e-06 3.96511e-07
#obs catch len freq
 4.08124e-40 1.99748e-33 2.2476e-27 5.81433e-22 3.458e-17 4.72819e-13 1.48631e-09 1.07416e-06 0.000178473 0.00681744 0.0598708 0.120889 0.0572359 0.0359075 0.182872 0.257828 0.102908 0.0766043 0.0609963 0.0236388 0.0102981 0.00314421 0.000705137 9.83105e-05 7.06266e-06
 4.19306e-40 2.05221e-33 2.30918e-27 5.97363e-22 3.55274e-17 4.85774e-13 1.52703e-09 1.10359e-06 0.000183363 0.00700423 0.0615112 0.124201 0.0587789 0.0362234 0.183802 0.259075 0.102502 0.0737204 0.058233 0.0219324 0.00931687 0.00281266 0.000614871 8.23607e-05 5.67262e-06
 5.7228e-40 2.80092e-33 3.15164e-27 8.15299e-22 4.84888e-17 6.62997e-13 2.08414e-09 1.50621e-06 0.000250259 0.00955958 0.0839522 0.169509 0.0796824 0.0350755 0.163139 0.229793 0.0900642 0.0623249 0.0488142 0.01785 0.00732288 0.00214187 0.000455749 5.95321e-05 3.95593e-06
 5.21129e-40 2.55057e-33 2.86994e-27 7.42426e-22 4.41548e-17 6.03738e-13 1.89785e-09 1.37158e-06 0.000227891 0.00870513 0.0764484 0.15436 0.0728014 0.0383454 0.187667 0.263957 0.0966067 0.0471005 0.0349133 0.0123276 0.00485484 0.00136764 0.000278922 3.5204e-05 2.27277e-06
 6.03513e-40 2.95378e-33 3.32364e-27 8.59794e-22 5.11352e-17 6.99181e-13 2.19788e-09 1.58841e-06 0.000263917 0.0100813 0.088534 0.17876 0.0840172 0.0366195 0.169778 0.238878 0.0896795 0.0505942 0.0374916 0.0108782 0.00335089 0.000880218 0.000170527 2.05483e-05 1.2756e-06
 5.43859e-40 2.66181e-33 2.99511e-27 7.74807e-22 4.60807e-17 6.3007e-13 1.98063e-09 1.43141e-06 0.00023783 0.00908481 0.0797828 0.161092 0.0759242 0.038624 0.187339 0.263425 0.0955179 0.0437665 0.0315577 0.00973805 0.00311293 0.000678294 0.00010552 1.16105e-05 6.83873e-07
 4.05504e-40 1.98466e-33 2.23317e-27 5.77701e-22 3.4358e-17 4.69784e-13 1.47677e-09 1.06726e-06 0.000177327 0.00677368 0.0594865 0.120115 0.0570178 0.0396429 0.20591 0.289793 0.107466 0.0566268 0.0413648 0.0115503 0.00323904 0.00071946 0.000106433 9.5972e-06 4.82983e-07
 3.94482e-40 1.93071e-33 2.17247e-27 5.61998e-22 3.34241e-17 4.57014e-13 1.43663e-09 1.03825e-06 0.000172507 0.00658956 0.0578695 0.116849 0.0554323 0.0376181 0.194533 0.274126 0.106946 0.0724579 0.0551475 0.0162742 0.00484646 0.000991167 0.000132764 1.14499e-05 5.07051e-07
 9.81158e-40 4.80209e-33 5.40338e-27 1.3978e-21 8.31327e-17 1.13669e-12 3.57319e-09 2.58235e-06 0.000429062 0.0163896 0.143934 0.290608 0.135524 0.0312186 0.103096 0.144852 0.0559745 0.0364096 0.028003 0.00940427 0.00332061 0.000726471 9.88498e-05 7.88068e-06 3.21497e-07
 6.91706e-40 3.38542e-33 3.80933e-27 9.85437e-22 5.86077e-17 8.01354e-13 2.51906e-09 1.82053e-06 0.000302484 0.0115545 0.101472 0.204882 0.0961971 0.0393763 0.178733 0.250793 0.0842296 0.0177319 0.0100099 0.00324114 0.0011442 0.000282894 4.47755e-05 3.78897e-06 1.50921e-07
 3.0154e-40 1.47583e-33 1.66063e-27 4.29588e-22 2.55492e-17 3.49339e-13 1.09815e-09 7.93636e-07 0.000131864 0.00503703 0.0442352 0.0893239 0.0429226 0.0433753 0.237975 0.334639 0.118558 0.0455733 0.0305623 0.00652405 0.000926156 0.000182 2.98868e-05 2.87188e-06 1.26892e-07
 8.52035e-40 4.17012e-33 4.69228e-27 1.21385e-21 7.21922e-17 9.87097e-13 3.10295e-09 2.24251e-06 0.000372596 0.0142327 0.124991 0.252365 0.117844 0.0312347 0.114722 0.161621 0.0671824 0.0573928 0.0440736 0.0111578 0.00242138 0.000356058 2.77531e-05 2.03681e-06 9.49929e-08
 7.92304e-40 3.87778e-33 4.36334e-27 1.12876e-21 6.71313e-17 9.17899e-13 2.88542e-09 2.0853e-06 0.000346476 0.0132349 0.116229 0.234676 0.109899 0.0374401 0.157933 0.221549 0.0749054 0.017459 0.0105678 0.00394828 0.00150015 0.000280836 2.69784e-05 1.39804e-06 3.83134e-08
 4.85533e-40 2.37635e-33 2.6739e-27 6.91714e-22 4.11388e-17 5.62499e-13 1.76822e-09 1.2779e-06 0.000212324 0.00811052 0.0712266 0.143818 0.0680534 0.0416979 0.211311 0.296863 0.102597 0.0312553 0.0197103 0.00428546 0.000679661 0.00015285 2.38895e-05 1.63307e-06 4.51699e-08
 5.21179e-40 2.55081e-33 2.87021e-27 7.42497e-22 4.41591e-17 6.03796e-13 1.89804e-09 1.37171e-06 0.000227912 0.00870596 0.0764557 0.154375 0.0728033 0.0382156 0.186871 0.262948 0.0979118 0.052756 0.0380249 0.00886968 0.00158474 0.000227566 1.97933e-05 1.5474e-06 6.07087e-08
 3.72468e-40 1.82297e-33 2.05124e-27 5.30635e-22 3.15589e-17 4.3151e-13 1.35646e-09 9.80314e-07 0.000162881 0.00622183 0.0546401 0.11033 0.0525443 0.0409759 0.216996 0.305267 0.110839 0.0512268 0.0367256 0.0105902 0.00294713 0.000488991 4.05793e-05 2.04947e-06 6.04107e-08
 7.1572e-40 3.50296e-33 3.94158e-27 1.01965e-21 6.06424e-17 8.29175e-13 2.60652e-09 1.88374e-06 0.000312986 0.0119556 0.104995 0.211992 0.099289 0.0341595 0.144745 0.203755 0.0795204 0.0539301 0.0406926 0.011071 0.00291777 0.000587953 7.00428e-05 4.10296e-06 1.02502e-07
 4.78862e-40 2.3437e-33 2.63717e-27 6.8221e-22 4.05736e-17 5.54771e-13 1.74393e-09 1.26034e-06 0.000209407 0.00799908 0.070248 0.141842 0.0671335 0.0415245 0.210847 0.296217 0.102413 0.0313992 0.0206692 0.00672389 0.00225959 0.000453474 5.53146e-05 4.02464e-06 1.29917e-07
 5.50934e-40 2.69644e-33 3.03408e-27 7.84888e-22 4.66802e-17 6.38267e-13 2.0064e-09 1.45003e-06 0.000240924 0.009203 0.0808207 0.163187 0.0768631 0.0378295 0.181858 0.25587 0.0952469 0.0512316 0.0369163 0.00864048 0.00167723 0.000356859 5.22216e-05 3.99958e-06 1.42706e-07
 6.01028e-40 2.94162e-33 3.30995e-27 8.56254e-22 5.09246e-17 6.96302e-13 2.18883e-09 1.58187e-06 0.000262831 0.0100398 0.0881695 0.178024 0.0837346 0.0381514 0.179351 0.252116 0.090882 0.0399601 0.0283821 0.00820169 0.00229268 0.000388814 3.86201e-05 2.9957e-06 1.19943e-07
 4.70602e-40 2.30327e-33 2.59168e-27 6.70442e-22 3.98737e-17 5.45201e-13 1.71384e-09 1.2386e-06 0.000205795 0.0078611 0.0690362 0.139396 0.065961 0.0404242 0.204868 0.288029 0.10283 0.0420677 0.0291691 0.00774587 0.00196196 0.00039341 4.74888e-05 3.01537e-06 9.81463e-08
 7.15606e-40 3.5024e-33 3.94095e-27 1.01949e-21 6.06327e-17 8.29043e-13 2.6061e-09 1.88344e-06 0.000312936 0.0119537 0.104978 0.211959 0.0993305 0.0356768 0.154017 0.216566 0.0805258 0.0430644 0.0312815 0.00805478 0.00188526 0.000348194 4.10214e-05 2.97932e-06 1.00321e-07
 4.94361e-40 2.41955e-33 2.72252e-27 7.0429e-22 4.18868e-17 5.72726e-13 1.80037e-09 1.30113e-06 0.000216185 0.00825798 0.0725215 0.146433 0.0692435 0.0411995 0.20748 0.291503 0.101212 0.0324026 0.0213032 0.00613034 0.00173807 0.000321125 3.48705e-05 2.37872e-06 8.25834e-08
 5.95386e-40 2.914e-33 3.27888e-27 8.48216e-22 5.04466e-17 6.89766e-13 2.16829e-09 1.56702e-06 0.000260363 0.00994554 0.0873418 0.176353 0.0829366 0.0374765 0.175735 0.247184 0.0914238 0.0473952 0.0339894 0.00804701 0.0015721 0.0002983 3.71957e-05 2.54235e-06 8.28089e-08
 6.21412e-40 3.04138e-33 3.42221e-27 8.85293e-22 5.26517e-17 7.19917e-13 2.26306e-09 1.63552e-06 0.000271744 0.0103803 0.0911596 0.184062 0.0865288 0.0382342 0.178037 0.250199 0.0893298 0.0365805 0.0255626 0.00728179 0.00199729 0.000339546 3.25813e-05 2.21776e-06 7.74349e-08
 4.79326e-40 2.34597e-33 2.63972e-27 6.82872e-22 4.06129e-17 5.55309e-13 1.74562e-09 1.26156e-06 0.00020961 0.00800684 0.0703161 0.14198 0.067158 0.0404866 0.20447 0.287439 0.102222 0.0405603 0.0278588 0.00719191 0.00172032 0.000336925 4.0044e-05 2.49753e-06 7.53858e-08
 5.26105e-40 2.57492e-33 2.89734e-27 7.49515e-22 4.45765e-17 6.09503e-13 1.91598e-09 1.38468e-06 0.000230067 0.00878825 0.0771784 0.155834 0.0734789 0.0382431 0.186599 0.262531 0.0972822 0.0510074 0.0368918 0.00938129 0.00212844 0.000379684 4.24894e-05 2.99634e-06 9.89276e-08
 5.70609e-40 2.79273e-33 3.14243e-27 8.12917e-22 4.83472e-17 6.61061e-13 2.07805e-09 1.50181e-06 0.000249528 0.00953165 0.083707 0.169015 0.079577 0.038358 0.183327 0.257764 0.0934617 0.0427904 0.0305822 0.00872045 0.00242478 0.0004404 4.61657e-05 3.00988e-06 1.001e-07
#spawning biomass
 2370.74 3157.7 3666.12 4573.05 5690.41 6960.38 7038.92 5762.58 7532.22 15411.9 17707.5 15889.2 27041.9 34574.8 31760.8 23967.3 21127.1 24997 21774.2 22781.3 22536 23917.8 26822.4 25785.9 30044.8 32712 29599.3 27199.1 25625.5 50201.3 55954.1 42465 32284 26965.1 24451.6 23321.5 22828.8 22618.3 22529.5 22492.5 22477.1 22470.7 22468.1 22467 22466.6 22466.4 22466.3 22466.3 22466.3 22466.3 22466.3 22466.3 22466.3 22466.3 22466.3 22466.3 22466.3 22466.3 22466.3 22466.3 22466.3 22466.3 22466.3 22466.3 22466.3 22466.3 22466.3 22466.3 22466.3 22466.3 22466.3 22466.3 22466.3 22466.3 22466.3 22466.3 22466.3 22466.3 22466.3 22466.3 22466.3 22466.3 22466.3 22466.3 22466.3 22466.3 22466.3 22466.3 22466.3 22466.3 22466.3 22466.3 22466.3 22466.3 22466.3 22466.3 22466.3 22466.3 22466.3 22466.3 22466.3 22466.3 22466.3 22466.3 22466.3 22466.3 22466.3 22466.3 22466.3 22466.3 22466.3 22466.3 22466.3 22466.3 22466.3 22466.3 22466.3 22466.3 22466.3 22466.3 22466.3 22466.3 22466.3 22466.3 22466.3 22466.3 22466.3 22466.3 0 0 0 0 0 0 0 0 0 0 0 0 0 0 0 0 0 0 0 0 0 0 0 0 0
