SBPRF35
0.0566017
Curr Bio
386639
B35
199381
F35
5.50451
FOFL
5.50451
OFL
300317
Bzero
16165.6
#pred survey bio
 18817.5 21590.6 20857.6 28946.4 46252.1 57697.6 80072.7 105129 123867 143914 145024 169406 207692 231492 246233 244540 215211 203000 221548 234643 256905 247207 261203 338687 299301 268665 294690 280562 6.05984e+06 3.68483e+06 731298 349651 209240 154194 132720 124445 121294 120106 119661 119496 119435 119413 119404 119401 119400 119400 119400 119400 119400 119400 119400 119400 119400 119400 119400 119400 119400 119400 119400 119400 119400 119400 119400 119400 119400 119400 119400 119400 119400 119400 119400 119400 119400 119400 119400 119400 119400 119400 119400 119400 119400 119400 119400 119400 119400 119400 119400 119400 119400 119400 119400 119400 119400 119400 119400 119400 119400 119400 119400 119400 119400 119400 119400 119400 119400 119400 119400 119400 119400 119400 119400 119400 119400 119400 119400 119400 119400 119400 119400 119400 119400 119400 119400 119400 119400 119400 119400 119400 0 0 0 0 0 0 0 0 0 0 0 0 0 0 0 0 0 0 0 0 0 0 0 0 0
#obs survey bio
 17300.7 19909.7 16327.3 26694.3 67421.2 43498.9 67694 106172 111061 117012 114490 202083 214443 214761 184704 207641 227797 164900 212002 289209 221888 229666 216234 363475 255806 214817 332874 244740
#pred catch bio
 10680.7 14648.8 12299.9 9950.04 21015.3 33223.9 44908.1 61646.5 85658.1 113913 116107 128161 146777 181073 204680 238335 205860 204264 234934 211374 247008 221086 217402 226907 253619 207058 216649 191922 300317 90251.8 4831.78 4610.8 4610.34 4610.34 4610.34 4610.34 4610.34 4610.34 4610.34 4610.34 4610.34 4610.34 4610.34 4610.34 4610.34 4610.34 4610.34 4610.34 4610.34 4610.34 4610.34 4610.34 4610.34 4610.34 4610.34 4610.34 4610.34 4610.34 4610.34 4610.34 4610.34 4610.34 4610.34 4610.34 4610.34 4610.34 4610.34 4610.34 4610.34 4610.34 4610.34 4610.34 4610.34 4610.34 4610.34 4610.34 4610.34 4610.34 4610.34 4610.34 4610.34 4610.34 4610.34 4610.34 4610.34 4610.34 4610.34 4610.34 4610.34 4610.34 4610.34 4610.34 4610.34 4610.34 4610.34 4610.34 4610.34 4610.34 4610.34 4610.34 4610.34 4610.34 4610.34 4610.34 4610.34 4610.34 4610.34 4610.34 4610.34 4610.34 4610.34 4610.34 4610.34 4610.34 4610.34 4610.34 4610.34 4610.34 4610.34 4610.34 4610.34 4610.34 4610.34 4610.34 4610.34 4610.34 4610.34 4610.34 0 0 0 0 0 0 0 0 0 0 0 0 0 0 0 0 0 0 0 0 0 0 0 0 0
#obs catch bio
 14821.5 15409.9 14774.9 9594.11 20820.3 34776.3 44337.2 61899.7 86063 115987 120863 130591 141064 179581 203058 245950 202798 205154 248754 206590 248223 219070 218165 218856 256836 203674 215213 188982
#pred cpue bio
 17718.5 20526.1 19053.3 26797.1 41407.1 49763.6 67591.5 89145.9 104730 123849 124358 140916 171445 195432 208271 204596 177481 165761 180592 188074 203173 192613 198720 252598 220901 196805 211851 203540 4.29095e+06 3.63862e+06 708071 326432 186021 130975 109501 101226 98074.9 96886.5 96442.1 96276.9 96215.9 96193.4 96185.2 96182.1 96181 96180.7 96180.5 96180.5 96180.4 96180.4 96180.4 96180.4 96180.4 96180.4 96180.4 96180.4 96180.4 96180.4 96180.4 96180.4 96180.4 96180.4 96180.4 96180.4 96180.4 96180.4 96180.4 96180.4 96180.4 96180.4 96180.4 96180.4 96180.4 96180.4 96180.4 96180.4 96180.4 96180.4 96180.4 96180.4 96180.4 96180.4 96180.4 96180.4 96180.4 96180.4 96180.4 96180.4 96180.4 96180.4 96180.4 96180.4 96180.4 96180.4 96180.4 96180.4 96180.4 96180.4 96180.4 96180.4 96180.4 96180.4 96180.4 96180.4 96180.4 96180.4 96180.4 96180.4 96180.4 96180.4 96180.4 96180.4 96180.4 96180.4 96180.4 96180.4 96180.4 96180.4 96180.4 96180.4 96180.4 96180.4 96180.4 96180.4 96180.4 96180.4 96180.4 96180.4 0 0 0 0 0 0 0 0 0 0 0 0 0 0 0 0 0 0 0 0 0 0 0 0 0
#obs cpue bio
 21115.3 16105.9 13476.2 29770 38431.8 49583.9 86313.8 90066.7 111726 144337 125280 116359 196266 205725 296460 214785 182772 186286 148178 176678 231237 212170 223845 296367 245005 251158 199689 246684
#pred surv len freq
 7.74208e-12 8.40329e-10 5.37809e-08 2.02953e-06 4.51602e-05 0.00059256 0.00458614 0.0209664 0.0570318 0.0956254 0.114178 0.133027 0.161762 0.154794 0.10567 0.0595894 0.0336062 0.0196435 0.0120034 0.00791264 0.00573406 0.00461612 0.00390608 0.00297819 0.00172978
 6.67587e-12 7.24602e-10 4.63744e-08 1.75003e-06 3.8941e-05 0.000510961 0.00395483 0.0180853 0.0492646 0.0831621 0.101856 0.124603 0.157813 0.158143 0.119499 0.0789118 0.0484167 0.0261706 0.013039 0.00664945 0.00372369 0.00240475 0.00176163 0.00126347 0.000727408
 1.04982e-11 1.13947e-09 7.29262e-08 2.75201e-06 6.1236e-05 0.000803466 0.00621729 0.0283962 0.0768681 0.12589 0.13678 0.129505 0.134469 0.125378 0.0915388 0.0594999 0.0381997 0.0230056 0.0123974 0.0058911 0.0025924 0.00120664 0.000666853 0.000409 0.000221802
 8.82811e-12 9.58207e-10 6.13251e-08 2.31422e-06 5.14949e-05 0.000675671 0.00522907 0.0238982 0.0649044 0.108005 0.125243 0.13765 0.160575 0.15109 0.101444 0.0556103 0.0304572 0.0172056 0.00951066 0.00485874 0.00217403 0.000859482 0.000337327 0.000150418 6.91378e-05
 1.20429e-11 1.30714e-09 8.36566e-08 3.15694e-06 7.02461e-05 0.000921674 0.00713154 0.0325613 0.087997 0.142943 0.149883 0.128775 0.12133 0.111253 0.0850547 0.0585516 0.0367367 0.0196701 0.00946546 0.0044496 0.00200048 0.000801064 0.000278778 9.09936e-05 3.05392e-05
 1.37727e-11 1.49489e-09 9.56729e-08 3.6104e-06 8.03361e-05 0.00105406 0.00815575 0.0372349 0.10059 0.163093 0.16955 0.141639 0.127078 0.107571 0.0686531 0.0355003 0.0187788 0.0107245 0.0058186 0.00273803 0.00112504 0.00042074 0.000141006 4.08831e-05 1.05022e-05
 1.45063e-11 1.57452e-09 1.00769e-07 3.80272e-06 8.46154e-05 0.0011102 0.00859011 0.0392164 0.105922 0.171572 0.177575 0.146278 0.12858 0.106529 0.0647212 0.02921 0.0118817 0.00495448 0.00215243 0.00097632 0.000420973 0.000156441 4.91739e-05 1.31648e-05 2.96735e-06
 1.41591e-11 1.53684e-09 9.83574e-08 3.71171e-06 8.25903e-05 0.00108364 0.00838465 0.0382808 0.103428 0.167799 0.17492 0.147266 0.132947 0.11123 0.0672468 0.0296421 0.0113622 0.00418069 0.00143045 0.000472625 0.00016125 5.54642e-05 1.73078e-05 4.48715e-06 9.35757e-07
 1.42886e-11 1.55089e-09 9.92567e-08 3.74564e-06 8.33454e-05 0.00109354 0.00846127 0.0386301 0.104364 0.16925 0.176119 0.147479 0.132243 0.110228 0.0663995 0.0290227 0.0109408 0.00391835 0.00126697 0.000366652 9.76467e-05 2.47629e-05 6.19609e-06 1.46106e-06 2.91592e-07
 1.32182e-11 1.43471e-09 9.18214e-08 3.46506e-06 7.71022e-05 0.00101163 0.00782781 0.0357449 0.0966631 0.157521 0.167459 0.149187 0.143466 0.122485 0.0729046 0.0302924 0.0104399 0.00345646 0.00106953 0.000298008 7.39431e-05 1.60521e-05 3.08929e-06 5.47149e-07 8.95604e-08
 1.33776e-11 1.45201e-09 9.29286e-08 3.50684e-06 7.80319e-05 0.00102383 0.00792217 0.0361751 0.0978175 0.159329 0.169043 0.149747 0.14305 0.12154 0.0717003 0.0290557 0.00949181 0.0029199 0.000830184 0.000211268 4.86673e-05 9.91767e-06 1.73002e-06 2.5457e-07 3.19274e-08
 1.49822e-11 1.62617e-09 1.04075e-07 3.92746e-06 8.73911e-05 0.00114662 0.00887184 0.0405016 0.109379 0.177052 0.182688 0.149012 0.129018 0.105059 0.0612735 0.0246798 0.00797388 0.00240047 0.000655811 0.000156145 3.29375e-05 6.10515e-06 9.74144e-07 1.30922e-07 1.44127e-08
 1.53096e-11 1.66171e-09 1.06349e-07 4.0133e-06 8.9301e-05 0.00117168 0.00906566 0.0413849 0.111743 0.180712 0.185678 0.149427 0.127013 0.102261 0.0588945 0.0229821 0.00696044 0.00195335 0.000511867 0.000118532 2.40724e-05 4.19709e-06 6.15093e-07 7.4995e-08 7.4703e-09
 1.41888e-11 1.54005e-09 9.85632e-08 3.71947e-06 8.27631e-05 0.0010859 0.00840226 0.0383626 0.103667 0.168331 0.176144 0.149936 0.136817 0.113803 0.0662469 0.0261053 0.00802329 0.00225988 0.00057495 0.000125451 2.39504e-05 3.98529e-06 5.58686e-07 6.41405e-08 5.89081e-09
 1.40885e-11 1.52917e-09 9.78666e-08 3.69318e-06 8.21782e-05 0.00107823 0.00834291 0.0380922 0.102945 0.167224 0.175295 0.14999 0.137706 0.114838 0.0668898 0.0263633 0.00811001 0.0022933 0.000588169 0.000129067 2.43101e-05 3.87819e-06 5.12748e-07 5.56036e-08 4.84048e-09
 1.46176e-11 1.5866e-09 1.01542e-07 3.8319e-06 8.52648e-05 0.00111873 0.00865612 0.0395194 0.106762 0.173107 0.179973 0.150239 0.133823 0.109885 0.0632137 0.0242025 0.0069965 0.00184062 0.000453684 9.85033e-05 1.85901e-05 2.97425e-06 3.89656e-07 4.09613e-08 3.39234e-09
 1.52382e-11 1.65396e-09 1.05853e-07 3.99457e-06 8.88844e-05 0.00116621 0.00902343 0.0411933 0.111244 0.180044 0.185644 0.151038 0.130043 0.104589 0.0586843 0.0209513 0.00505679 0.000995703 0.000191969 3.61641e-05 6.29737e-06 9.69646e-07 1.25606e-07 1.3172e-08 1.0816e-09
 1.56976e-11 1.70382e-09 1.09044e-07 4.115e-06 9.1564e-05 0.00120137 0.00929532 0.042432 0.114553 0.185109 0.18951 0.150717 0.125859 0.0997635 0.0557535 0.0198593 0.00475696 0.000906915 0.000158585 2.45128e-05 3.2563e-06 3.94933e-07 4.42236e-08 4.31505e-09 3.43804e-10
 1.57686e-11 1.71153e-09 1.09538e-07 4.13361e-06 9.19781e-05 0.0012068 0.00933735 0.0426235 0.115065 0.1859 0.190145 0.150771 0.125369 0.0991173 0.0552476 0.0195373 0.00458292 0.000837569 0.000139836 2.08174e-05 2.59717e-06 2.74083e-07 2.44835e-08 1.8518e-09 1.20505e-10
 1.64914e-11 1.78998e-09 1.14558e-07 4.32308e-06 9.61939e-05 0.00126211 0.00976512 0.0445723 0.120272 0.19388 0.196276 0.150395 0.118977 0.0916342 0.0505401 0.0176016 0.00395513 0.000656846 9.73013e-05 1.32961e-05 1.56256e-06 1.56253e-07 1.31176e-08 8.93055e-10 4.85972e-11
 1.70618e-11 1.85189e-09 1.18521e-07 4.47261e-06 9.95211e-05 0.00130576 0.0101027 0.0461101 0.124378 0.200147 0.20097 0.149702 0.11333 0.0853406 0.0470206 0.0166566 0.00395301 0.000736768 0.000123097 1.73725e-05 1.92555e-06 1.73934e-07 1.33027e-08 8.42928e-10 4.28694e-11
 1.76169e-11 1.91214e-09 1.22377e-07 4.61813e-06 0.000102759 0.00134824 0.0104313 0.0476069 0.128379 0.206285 0.205724 0.14954 0.108611 0.0797142 0.0433387 0.0149814 0.0033149 0.000531415 7.52673e-05 1.0069e-05 1.18206e-06 1.16249e-07 9.15254e-09 5.5413e-10 2.58509e-11
 1.84782e-11 2.00563e-09 1.2836e-07 4.84391e-06 0.000107783 0.00141415 0.010941 0.049929 0.134581 0.215772 0.212922 0.148797 0.100547 0.0705083 0.0378738 0.0131072 0.00293357 0.000482178 6.93778e-05 8.881e-06 9.28911e-07 8.02842e-08 5.97202e-09 3.71508e-10 1.82197e-11
 1.91384e-11 2.07729e-09 1.32946e-07 5.01698e-06 0.000111634 0.00146468 0.0113318 0.051709 0.139336 0.223043 0.218438 0.148224 0.0943596 0.0634469 0.033684 0.0116737 0.002646 0.000448672 6.74029e-05 8.9385e-06 9.58364e-07 8.30263e-08 5.88462e-09 3.32385e-10 1.48055e-11
 1.94672e-11 2.11298e-09 1.3523e-07 5.10317e-06 0.000113552 0.00148984 0.0115264 0.0525956 0.141704 0.226665 0.221184 0.147935 0.0912718 0.0599259 0.0315991 0.0109655 0.00250784 0.000434495 6.72518e-05 9.17902e-06 1.01733e-06 9.17382e-08 6.74024e-09 3.88309e-10 1.7124e-11
 1.96773e-11 2.13578e-09 1.3669e-07 5.15824e-06 0.000114777 0.00150591 0.0116507 0.053162 0.143218 0.228994 0.223012 0.147953 0.0896065 0.0578747 0.0301675 0.0102158 0.00216769 0.000311532 3.65885e-05 4.11081e-06 4.28947e-07 3.8978e-08 2.94479e-09 1.75523e-10 8.0256e-12
 2.0225e-11 2.19523e-09 1.40494e-07 5.30181e-06 0.000117972 0.00154782 0.0119749 0.0546386 0.147162 0.235023 0.227576 0.147444 0.0844234 0.0519851 0.0267099 0.00907693 0.00197032 0.000300923 3.85939e-05 4.40937e-06 4.07221e-07 2.97472e-08 1.85015e-09 1.00572e-10 4.54162e-12
 1.99647e-11 2.16698e-09 1.38686e-07 5.23359e-06 0.000116454 0.00152791 0.0118208 0.053937 0.145288 0.232158 0.225404 0.147678 0.0868744 0.0547761 0.0283568 0.0096296 0.00207372 0.000310163 3.86607e-05 4.39572e-06 4.20864e-07 3.246e-08 2.02669e-09 9.95262e-11 3.76733e-12
#obs surv len freq
 3.84689e-11 3.56517e-09 1.94821e-07 6.27742e-06 0.000119266 0.00133616 0.00882857 0.0344408 0.0797695 0.112923 0.111344 0.107645 0.120916 0.125579 0.112659 0.0879514 0.0553619 0.0268943 0.0102489 0.00309623 0.000730655 0.000131131 1.72576e-05 1.59745e-06 1.00174e-07
 1.87631e-11 1.67715e-09 8.83948e-08 2.74708e-06 5.03406e-05 0.000544045 0.00347039 0.0131236 0.0300984 0.046524 0.0659278 0.106295 0.153221 0.172315 0.161088 0.125042 0.0740005 0.0327342 0.0114298 0.00325871 0.000734375 0.000123845 1.49776e-05 1.25873e-06 7.15316e-08
 1.47328e-10 1.26795e-08 6.43441e-07 1.92531e-05 0.000339688 0.00353385 0.0216779 0.0784221 0.167421 0.2117 0.161848 0.0841221 0.0488859 0.0527035 0.0630255 0.0553139 0.0325244 0.013208 0.00403023 0.000992479 0.000197839 3.04094e-05 3.40257e-06 2.64244e-07 1.37588e-08
 1.19231e-10 9.86402e-09 4.81177e-07 1.38403e-05 0.000234735 0.00234769 0.013852 0.0483224 0.100821 0.133155 0.137706 0.153957 0.166838 0.129859 0.0682704 0.0277881 0.0108529 0.00418442 0.00137626 0.00034683 6.4458e-05 8.76963e-06 8.64e-07 5.99731e-08 2.83117e-09
 1.86223e-10 1.47869e-08 6.92324e-07 1.9113e-05 0.000311128 0.00298646 0.0169073 0.0565158 0.112196 0.136324 0.116181 0.100068 0.107682 0.117066 0.109475 0.0765158 0.0353411 0.0102383 0.00189339 0.000248371 2.79768e-05 2.94339e-06 2.53831e-07 1.56986e-08 6.57095e-10
 3.36761e-10 2.56284e-08 1.15003e-06 3.04286e-05 0.00047473 0.00436738 0.0236973 0.0759248 0.144513 0.168542 0.138054 0.112021 0.105311 0.0915484 0.0678231 0.0414067 0.0187993 0.00594779 0.00130998 0.000203343 2.21188e-05 1.68077e-06 9.22449e-08 3.86301e-09 1.24342e-10
 3.91717e-10 2.85323e-08 1.22543e-06 3.10334e-05 0.000463409 0.00408066 0.0211988 0.0651148 0.119643 0.139217 0.127159 0.127879 0.132705 0.113605 0.0795632 0.04487 0.0183318 0.00504807 0.000945995 0.000128392 1.32746e-05 1.02993e-06 5.66733e-08 2.11267e-09 5.24261e-11
 6.61135e-10 4.60326e-08 1.88986e-06 4.57488e-05 0.000653016 0.00549652 0.0272904 0.0800602 0.139989 0.152397 0.123624 0.108155 0.109029 0.1015 0.079587 0.047309 0.0190096 0.00491691 0.000830293 9.66765e-05 8.25903e-06 5.32209e-07 2.54568e-08 8.72239e-10 2.06036e-11
 8.40417e-10 5.58679e-08 2.18986e-06 5.06128e-05 0.000689767 0.00554362 0.02629 0.0737986 0.124593 0.136461 0.12522 0.130034 0.132399 0.11004 0.0750294 0.0401805 0.0151585 0.00379423 0.000635071 7.40668e-05 6.20577e-06 3.72293e-07 1.56723e-08 4.56431e-10 9.12419e-12
 1.14331e-09 7.24829e-08 2.70953e-06 5.97232e-05 0.000776233 0.00594978 0.0269137 0.0721089 0.116576 0.124029 0.114842 0.123684 0.132853 0.121298 0.0900829 0.0489188 0.0174296 0.00388232 0.000541783 4.93417e-05 3.14962e-06 1.50802e-07 5.48183e-09 1.44889e-10 2.64337e-12
 1.77091e-09 1.06959e-07 3.80912e-06 7.99876e-05 0.000990427 0.00723255 0.0311725 0.0796225 0.123044 0.126524 0.115985 0.123994 0.130301 0.116055 0.0834254 0.0433405 0.014679 0.00310313 0.000410489 3.51219e-05 2.04367e-06 8.43015e-08 2.48912e-09 5.1911e-11 7.54674e-13
 3.14386e-09 1.8072e-07 6.12543e-06 0.000122421 0.00144271 0.0100267 0.0411255 0.099912 0.146457 0.14117 0.118137 0.115533 0.11465 0.097836 0.067244 0.0332137 0.0106775 0.00214871 0.00027247 2.25691e-05 1.28056e-06 5.12882e-08 1.4423e-09 2.7783e-11 3.59213e-13
 3.66822e-09 2.00505e-07 6.46224e-06 0.00012281 0.00137626 0.00909731 0.0355232 0.0825627 0.118537 0.122492 0.127231 0.144275 0.140194 0.109031 0.0677941 0.0307222 0.00913244 0.00169248 0.000194648 1.42684e-05 7.00297e-07 2.42257e-08 6.03473e-10 1.06412e-11 1.28673e-13
 5.17414e-09 2.687e-07 8.22784e-06 0.000148558 0.00158171 0.00993373 0.0368585 0.0814499 0.111489 0.111052 0.114134 0.133085 0.141233 0.124363 0.083594 0.0380815 0.010879 0.0018939 0.000201089 1.33064e-05 5.71587e-07 1.67776e-08 3.49118e-10 5.15825e-12 5.29235e-14
 8.50768e-09 4.19437e-07 1.2193e-05 0.000209002 0.00211258 0.0125964 0.0443833 0.0932341 0.121885 0.117697 0.118804 0.133577 0.134265 0.111247 0.0702689 0.0301151 0.00811273 0.00133705 0.000135296 8.61689e-06 3.59771e-07 1.02641e-08 2.03671e-10 2.77437e-12 2.53332e-14
 1.20674e-08 5.64412e-07 1.55657e-05 0.000253127 0.00242742 0.0137341 0.0459568 0.0920555 0.116868 0.115879 0.12513 0.142026 0.137739 0.108664 0.0649955 0.0263447 0.0067358 0.00106333 0.000104818 6.66832e-06 2.85379e-07 8.43536e-09 1.71338e-10 2.33334e-12 2.08467e-14
 1.99138e-08 8.8309e-07 2.3091e-05 0.000356024 0.00323708 0.0173649 0.0550905 0.104603 0.125748 0.117772 0.120873 0.133781 0.129881 0.102453 0.0596057 0.0228979 0.00545139 0.000787326 6.92073e-05 3.78444e-06 1.34096e-07 3.2458e-09 5.58448e-11 6.84118e-13 5.79824e-15
 2.56934e-08 1.07973e-06 2.67548e-05 0.000390924 0.00336865 0.0171334 0.0516415 0.0940715 0.113057 0.117129 0.135876 0.151041 0.137347 0.10002 0.0541493 0.0195992 0.00446007 0.000629176 5.59195e-05 3.23952e-06 1.2661e-07 3.3796e-09 6.06582e-11 7.1394e-13 5.42645e-15
 3.76848e-08 1.50012e-06 3.52109e-05 0.000487342 0.00397808 0.0191682 0.0547593 0.094748 0.109113 0.11077 0.128745 0.147059 0.141386 0.10721 0.0576406 0.0199978 0.00428751 0.000565069 4.66891e-05 2.51295e-06 9.20923e-08 2.35774e-09 4.18588e-11 5.01708e-13 3.95637e-15
 6.3372e-08 2.38881e-06 5.30953e-05 0.000695887 0.00537913 0.0245464 0.066434 0.109071 0.119857 0.117208 0.130674 0.141515 0.12829 0.0914707 0.0462175 0.0151019 0.00306531 0.000386013 3.08955e-05 1.63408e-06 5.91551e-08 1.48021e-09 2.51924e-11 2.85161e-13 2.11507e-15
 8.34585e-08 2.97836e-06 6.26726e-05 0.000777676 0.00569207 0.0246114 0.063319 0.100298 0.112266 0.121695 0.14481 0.15293 0.130498 0.0868853 0.0409784 0.0125048 0.00236941 0.000278124 2.07052e-05 1.01769e-06 3.43543e-08 8.08711e-10 1.30897e-11 1.42057e-13 1.01271e-15
 1.33452e-07 4.50809e-06 8.97949e-05 0.00105471 0.00730734 0.0299065 0.0728137 0.109027 0.114939 0.117516 0.135762 0.145228 0.127883 0.0856731 0.0391905 0.0113467 0.0020203 0.000221854 1.53985e-05 7.02742e-07 2.19253e-08 4.75371e-10 7.07806e-12 7.07342e-14 4.65755e-16
 1.79402e-07 5.73618e-06 0.000108148 0.0012024 0.00788721 0.0305922 0.0709243 0.103243 0.112995 0.127709 0.151339 0.1525 0.123029 0.0757786 0.0322502 0.00878057 0.00148673 0.000157626 1.07714e-05 4.92317e-07 1.54162e-08 3.2975e-10 4.72001e-12 4.43437e-14 2.70502e-16
 2.87857e-07 8.71172e-06 0.000155463 0.00163603 0.0101575 0.0372866 0.0817694 0.112318 0.115231 0.122555 0.141687 0.145067 0.119856 0.0733126 0.0299514 0.00767319 0.00120858 0.000118076 7.36806e-06 3.06151e-07 8.77519e-09 1.74956e-10 2.38289e-12 2.16117e-14 1.27884e-16
 3.52912e-07 1.011e-05 0.00017078 0.00170139 0.0100044 0.0348528 0.0732231 0.100166 0.113074 0.137751 0.161886 0.154442 0.11619 0.0651024 0.0246135 0.00586846 0.000861697 7.84014e-05 4.5394e-06 1.73863e-07 4.55611e-09 8.24744e-11 1.01637e-12 8.34694e-15 4.49551e-17
 5.38258e-07 1.45971e-05 0.000233425 0.00220143 0.0122538 0.0404049 0.0802834 0.103545 0.10978 0.128122 0.151779 0.152495 0.120243 0.067556 0.0246656 0.00557939 0.000773165 6.64422e-05 3.64543e-06 1.32606e-07 3.29169e-09 5.5975e-11 6.41008e-13 4.84289e-15 2.38044e-17
 6.07158e-07 1.55893e-05 0.000236035 0.00210806 0.0111221 0.0349043 0.067234 0.0899319 0.111536 0.148209 0.173533 0.160836 0.11559 0.0596935 0.0202028 0.00425182 0.000548296 4.37499e-05 2.22019e-06 7.44174e-08 1.70078e-09 2.67158e-11 2.84033e-13 1.99933e-15 9.16133e-18
 8.7151e-07 2.11884e-05 0.000303773 0.00256895 0.0128336 0.0381307 0.0694867 0.087777 0.103502 0.135879 0.166432 0.166613 0.125796 0.064761 0.0211123 0.00422369 0.000517342 3.9456e-05 1.9323e-06 6.29365e-08 1.39359e-09 2.09245e-11 2.09095e-13 1.36509e-15 5.75733e-18
#pred catch len freq
 6.7115e-12 7.28469e-10 4.66219e-08 1.75937e-06 3.91489e-05 0.000513693 0.00397614 0.0181867 0.0495946 0.0841482 0.104965 0.13225 0.168798 0.163788 0.112199 0.0633818 0.0357909 0.0209318 0.0127922 0.00843278 0.00611099 0.00491956 0.00416285 0.00317396 0.00184349
 6.15822e-12 6.68416e-10 4.27785e-08 1.61433e-06 3.59216e-05 0.000471348 0.00364842 0.0166889 0.0455263 0.0773764 0.0971295 0.123943 0.160947 0.162438 0.123003 0.0813326 0.0499419 0.0270031 0.0134547 0.00686154 0.00384247 0.00248146 0.00181783 0.00130377 0.000750612
 9.47559e-12 1.02848e-09 6.58229e-08 2.48396e-06 5.52715e-05 0.000725213 0.00561202 0.0256379 0.069485 0.114472 0.127495 0.128341 0.140856 0.133936 0.0982739 0.0640028 0.0411327 0.0247807 0.013355 0.00634622 0.00279268 0.00129986 0.000718372 0.000440597 0.000238938
 7.0371e-12 7.6381e-10 4.88837e-08 1.84473e-06 4.10481e-05 0.000538613 0.00416899 0.0190678 0.0519841 0.0880966 0.109414 0.136808 0.173629 0.167476 0.11311 0.0621581 0.0341013 0.0192784 0.0106582 0.00544514 0.00243642 0.000963215 0.00037804 0.000168573 7.74822e-05
 1.0665e-11 1.15758e-09 7.4085e-08 2.79574e-06 6.2209e-05 0.000816229 0.00631594 0.0288443 0.078046 0.127538 0.137281 0.126961 0.129599 0.122695 0.0945533 0.0652509 0.0409815 0.0219503 0.0105636 0.0049659 0.0022326 0.000894016 0.000311127 0.000101552 3.40828e-05
 1.30682e-11 1.41843e-09 9.07794e-08 3.42573e-06 7.62271e-05 0.00100015 0.0077388 0.0353351 0.0955093 0.155273 0.16337 0.141436 0.13241 0.11415 0.0731994 0.0379197 0.0200843 0.0114767 0.00622749 0.00293049 0.00120412 0.000450315 0.000150918 4.37569e-05 1.12404e-05
 1.38309e-11 1.50122e-09 9.60776e-08 3.62567e-06 8.0676e-05 0.00105852 0.00819038 0.0373952 0.101054 0.164098 0.171766 0.146406 0.134206 0.11326 0.069138 0.0312546 0.0127299 0.00531256 0.00230862 0.00104722 0.000451545 0.000167802 5.27451e-05 1.41208e-05 3.18284e-06
 1.3651e-11 1.48169e-09 9.48279e-08 3.57851e-06 7.96266e-05 0.00104475 0.00808392 0.0369108 0.0997666 0.16218 0.170566 0.147406 0.13725 0.116354 0.0705849 0.031154 0.0119557 0.00440263 0.00150684 0.000497901 0.000169876 5.84311e-05 1.82336e-05 4.72718e-06 9.85813e-07
 1.42965e-11 1.55175e-09 9.93118e-08 3.74772e-06 8.33917e-05 0.00109415 0.00846597 0.0386515 0.104421 0.169336 0.176182 0.147463 0.132154 0.110134 0.0663528 0.0290181 0.0109487 0.00392382 0.00126907 0.000367283 9.78156e-05 2.48057e-05 6.20682e-06 1.46359e-06 2.92097e-07
 1.38135e-11 1.49932e-09 9.59563e-08 3.6211e-06 8.05742e-05 0.00105719 0.00818012 0.0373499 0.100952 0.164094 0.172517 0.148904 0.138245 0.116358 0.069033 0.0286752 0.00988814 0.0032757 0.00101386 0.000282516 7.00997e-05 1.52178e-05 2.92872e-06 5.1871e-07 8.49054e-08
 1.3999e-11 1.51945e-09 9.72449e-08 3.66972e-06 8.16562e-05 0.00107138 0.00828992 0.0378504 0.102294 0.166189 0.174311 0.149418 0.137547 0.115106 0.0676679 0.027411 0.0089591 0.00275769 0.000784296 0.000199606 4.59817e-05 9.37039e-06 1.63456e-06 2.40522e-07 3.01656e-08
 1.54066e-11 1.67223e-09 1.07023e-07 4.03871e-06 8.98664e-05 0.0011791 0.00912302 0.0416458 0.112436 0.181736 0.186284 0.148782 0.12525 0.100659 0.0585205 0.0235635 0.00761758 0.00229474 0.00062713 0.000149331 3.15006e-05 5.83882e-06 9.31648e-07 1.2521e-07 1.3784e-08
 1.55083e-11 1.68327e-09 1.07729e-07 4.06537e-06 9.04597e-05 0.00118688 0.00918323 0.0419204 0.113174 0.182903 0.187355 0.149303 0.125226 0.100186 0.0576127 0.022482 0.00681339 0.0019136 0.000501664 0.000116184 2.35962e-05 4.11408e-06 6.02927e-07 7.35118e-08 7.32255e-09
 1.47636e-11 1.60245e-09 1.02556e-07 3.87017e-06 8.61162e-05 0.0011299 0.00874249 0.0399125 0.107808 0.174675 0.181006 0.149598 0.131674 0.107815 0.0625265 0.0246275 0.00757269 0.00213434 0.0005432 0.000118536 2.26308e-05 3.76572e-06 5.27906e-07 6.06067e-08 5.56626e-09
 1.49903e-11 1.62706e-09 1.04132e-07 3.9296e-06 8.74387e-05 0.00114725 0.00887669 0.0405239 0.109442 0.177177 0.182923 0.149464 0.129644 0.105449 0.0610518 0.024039 0.00739732 0.00209292 0.000536939 0.000117836 2.21951e-05 3.5408e-06 4.68142e-07 5.07663e-08 4.41939e-09
 1.635e-11 1.77463e-09 1.13576e-07 4.28601e-06 9.53691e-05 0.00125129 0.0096814 0.0441901 0.119241 0.192217 0.194592 0.149136 0.118197 0.0917574 0.0520416 0.0198701 0.00574286 0.00151129 0.000372594 8.0903e-05 1.52687e-05 2.44286e-06 3.20039e-07 3.36431e-08 2.78626e-09
 1.6807e-11 1.82424e-09 1.16751e-07 4.40583e-06 9.80352e-05 0.00128627 0.00995195 0.0454232 0.122543 0.197334 0.198808 0.149832 0.115577 0.0879645 0.0486577 0.0173216 0.00417922 0.000823161 0.000158763 2.99138e-05 5.20921e-06 8.02101e-07 1.03903e-07 1.0896e-08 8.94712e-10
 1.73691e-11 1.88524e-09 1.20655e-07 4.55316e-06 0.000101313 0.00132928 0.0102846 0.0469385 0.126591 0.203531 0.203534 0.149427 0.110437 0.0820436 0.0450698 0.0159974 0.00382994 0.000730344 0.000127751 1.97499e-05 2.62373e-06 3.18216e-07 3.56331e-08 3.47684e-09 2.7702e-10
 1.77048e-11 1.92169e-09 1.22988e-07 4.64118e-06 0.000103272 0.00135497 0.0104833 0.0478439 0.12901 0.207238 0.206382 0.149252 0.107467 0.0785663 0.0428831 0.0150991 0.00353929 0.000646918 0.000108036 1.60857e-05 2.00695e-06 2.11797e-07 1.89197e-08 1.43098e-09 9.31206e-11
 1.76812e-11 1.91912e-09 1.22823e-07 4.63497e-06 0.000103134 0.00135316 0.0104693 0.0477801 0.128841 0.206989 0.206242 0.149433 0.107931 0.0789769 0.0429565 0.0149174 0.00335063 0.000556612 8.2494e-05 1.12763e-05 1.32533e-06 1.32534e-07 1.11264e-08 7.57495e-10 4.12205e-11
 1.84872e-11 2.0066e-09 1.28422e-07 4.84626e-06 0.000107835 0.00141484 0.0109463 0.0499531 0.134644 0.215856 0.212926 0.148595 0.100167 0.0702218 0.0379124 0.0133732 0.00317176 0.000591304 9.88306e-05 1.39506e-05 1.54638e-06 1.39685e-07 1.06833e-08 6.76954e-10 3.44283e-11
 1.87246e-11 2.03237e-09 1.30071e-07 4.90849e-06 0.00010922 0.00143301 0.0110868 0.0505933 0.136356 0.218489 0.214999 0.148634 0.098315 0.0679219 0.0362831 0.0124957 0.00276327 0.000443086 6.27888e-05 8.40268e-06 9.86566e-07 9.70255e-08 7.63908e-09 4.625e-10 2.15762e-11
 1.9247e-11 2.08908e-09 1.33701e-07 5.04544e-06 0.000112267 0.00147299 0.0113961 0.0520019 0.140118 0.224243 0.219361 0.148174 0.0934078 0.0623281 0.0329738 0.0113744 0.00254458 0.000418382 6.02336e-05 7.71341e-06 8.069e-07 6.97415e-08 5.18783e-09 3.22726e-10 1.58273e-11
 1.94229e-11 2.10817e-09 1.34922e-07 5.09155e-06 0.000113293 0.00148644 0.0115001 0.052476 0.141385 0.226178 0.220821 0.147995 0.0917204 0.0604217 0.0318703 0.0110304 0.00250019 0.000424198 6.37764e-05 8.46158e-06 9.07381e-07 7.86127e-08 5.57185e-09 3.14719e-10 1.40186e-11
 2.0246e-11 2.19751e-09 1.4064e-07 5.30732e-06 0.000118094 0.00154943 0.0119873 0.0546952 0.147312 0.235246 0.22771 0.147313 0.0840553 0.0516495 0.026631 0.00919587 0.00210151 0.000364208 5.64037e-05 7.7009e-06 8.53604e-07 7.69761e-08 5.65566e-09 3.25826e-10 1.43686e-11
 2.02136e-11 2.19399e-09 1.40415e-07 5.29883e-06 0.000117905 0.00154695 0.0119681 0.054608 0.147081 0.234902 0.227498 0.147503 0.084604 0.052154 0.0267568 0.00902884 0.00191469 0.000275231 3.23455e-05 3.63631e-06 3.79537e-07 3.44905e-08 2.6058e-09 1.55317e-10 7.10174e-12
 2.06313e-11 2.23933e-09 1.43317e-07 5.40832e-06 0.000120342 0.00157892 0.0122153 0.0557341 0.150088 0.239499 0.230976 0.147109 0.0806409 0.0476558 0.0241235 0.00817049 0.00177266 0.000270825 3.47579e-05 3.97327e-06 3.67029e-07 2.6813e-08 1.66768e-09 9.06532e-11 4.09372e-12
 2.02754e-11 2.2007e-09 1.40845e-07 5.31504e-06 0.000118266 0.00155169 0.0120047 0.0547747 0.147526 0.23558 0.228004 0.14742 0.0839797 0.051464 0.0263797 0.00893863 0.00192439 0.000287939 3.59179e-05 4.08643e-06 3.91356e-07 3.01863e-08 1.88476e-09 9.25566e-11 3.50351e-12
#obs catch len freq
 3.29275e-11 3.05161e-09 1.66758e-07 5.37316e-06 0.000102086 0.0011437 0.00755728 0.0294891 0.0683962 0.0975138 0.0990639 0.102371 0.12235 0.134353 0.12769 0.102278 0.0631108 0.0293428 0.0108779 0.00334457 0.000829689 0.000157053 2.15677e-05 2.06114e-06 1.32412e-07
 4.61399e-11 4.12424e-09 2.1737e-07 6.75525e-06 0.000123787 0.0013376 0.00852531 0.032098 0.0719539 0.0999722 0.101946 0.109123 0.129793 0.135143 0.120185 0.0923331 0.0567989 0.0269248 0.010002 0.00293425 0.000668588 0.000115066 1.44143e-05 1.26147e-06 7.43755e-08
 2.2835e-11 1.96526e-09 9.973e-08 2.98416e-06 5.26535e-05 0.000547937 0.00336678 0.0122866 0.0274469 0.0428869 0.0654048 0.110846 0.159136 0.176355 0.16252 0.123414 0.0710495 0.0306187 0.0104338 0.00289055 0.000627881 0.000101287 1.16414e-05 9.24364e-07 4.93742e-08
 1.72794e-18 7.59573e-16 1.96879e-13 3.00899e-11 2.71172e-09 1.44115e-07 4.5178e-06 8.36103e-05 0.00091591 0.00598792 0.0239447 0.062496 0.120343 0.188868 0.230354 0.195667 0.110946 0.0436366 0.0129564 0.00310197 0.00059705 8.78469e-05 9.33598e-06 6.84343e-07 3.34674e-08
 1.24073e-10 9.85191e-09 4.61267e-07 1.27343e-05 0.0002073 0.00199017 0.0112769 0.0378714 0.0770153 0.104711 0.127397 0.171264 0.194659 0.148691 0.0761038 0.0305556 0.0118773 0.00450727 0.00143937 0.000349568 6.23475e-05 8.10616e-06 7.58891e-07 4.97466e-08 2.20575e-09
 2.66287e-10 2.02652e-08 9.09361e-07 2.40608e-05 0.000375385 0.00345346 0.0187393 0.0600543 0.114455 0.134399 0.113575 0.100838 0.110324 0.118906 0.108629 0.0731554 0.0323149 0.00894296 0.00158686 0.000201916 2.22468e-05 2.26565e-06 1.86135e-07 1.0868e-08 4.27238e-10
 4.89373e-10 3.56455e-08 1.53093e-06 3.877e-05 0.000578931 0.00509767 0.0264754 0.0812142 0.148197 0.166771 0.134999 0.111858 0.105672 0.090524 0.0658533 0.0391127 0.0171169 0.00520525 0.00110155 0.000163993 1.70598e-05 1.23818e-06 6.49082e-08 2.58898e-09 7.8778e-11
 5.79401e-10 4.03418e-08 1.65622e-06 4.00932e-05 0.000572293 0.00481731 0.0239246 0.0702856 0.123794 0.139484 0.12694 0.128999 0.131998 0.110527 0.0757576 0.0414331 0.0162546 0.00428691 0.000771611 0.000100913 1.00346e-05 7.43779e-07 3.88443e-08 1.36845e-09 3.20022e-11
 9.99183e-10 6.64221e-08 2.60355e-06 6.01741e-05 0.00082006 0.00659032 0.0312427 0.0875374 0.146384 0.153371 0.122279 0.107362 0.107263 0.0980774 0.0749376 0.0428509 0.0164356 0.00405289 0.000654205 7.30832e-05 5.99711e-06 3.7004e-07 1.68557e-08 5.46904e-10 1.21731e-11
 1.31424e-09 8.33194e-08 3.11462e-06 6.8652e-05 0.00089228 0.00683916 0.0309343 0.082846 0.133643 0.140744 0.126051 0.128225 0.126879 0.102822 0.0683769 0.0353345 0.0127481 0.00304524 0.000487358 5.44389e-05 4.36237e-06 2.49349e-07 9.96339e-09 2.74535e-10 5.17537e-12
 1.82148e-09 1.10013e-07 3.91789e-06 8.22715e-05 0.00101871 0.00743896 0.0320602 0.0818642 0.12631 0.128994 0.116131 0.12209 0.127727 0.113857 0.0819456 0.0425805 0.0144117 0.00304426 0.000403584 3.50595e-05 2.14381e-06 9.83556e-08 3.40849e-09 8.53165e-11 1.46644e-12
 2.84105e-09 1.63313e-07 5.53545e-06 0.00011063 0.00130376 0.00906143 0.0371737 0.0904044 0.133204 0.131329 0.116791 0.12152 0.124239 0.107919 0.075028 0.0372272 0.0119608 0.00239508 0.000300549 2.44658e-05 1.35775e-06 5.34015e-08 1.49895e-09 2.96121e-11 4.06464e-13
 5.07585e-09 2.77446e-07 8.94202e-06 0.000169935 0.00190428 0.0125847 0.0490843 0.113414 0.15823 0.145571 0.117039 0.110524 0.10643 0.0884501 0.0586977 0.027652 0.00842498 0.00160502 0.000193021 1.52078e-05 8.22255e-07 3.13402e-08 8.35636e-10 1.52059e-11 1.8519e-13
 6.08907e-09 3.16214e-07 9.68274e-06 0.000174827 0.00186139 0.01169 0.0433711 0.0957948 0.130797 0.12879 0.127735 0.138618 0.129935 0.0981862 0.0589676 0.0254921 0.00717491 0.00125636 0.000136659 9.50172e-06 4.43748e-07 1.46217e-08 3.4604e-10 5.77144e-12 6.57414e-14
 8.74914e-09 4.31342e-07 1.25391e-05 0.000214933 0.00217251 0.0129531 0.0456285 0.0957275 0.124396 0.117575 0.114777 0.128256 0.131935 0.112606 0.0724858 0.0312938 0.00843376 0.00138376 0.000138607 8.673e-06 3.53379e-07 9.85959e-09 1.94856e-10 2.7251e-12 2.63638e-14
 1.43559e-08 6.71451e-07 1.85177e-05 0.000301129 0.00288763 0.0163346 0.0546024 0.108816 0.134916 0.123393 0.117987 0.126873 0.123448 0.0990394 0.059861 0.0242961 0.00617097 0.000958156 9.14558e-05 5.50798e-06 2.18036e-07 5.9028e-09 1.10926e-10 1.42601e-12 1.22516e-14
 2.07958e-08 9.22199e-07 2.41137e-05 0.000371791 0.00338043 0.0181337 0.0575263 0.109197 0.131087 0.122067 0.123486 0.133338 0.124915 0.0952672 0.0544583 0.0208898 0.00503479 0.0007491 6.97303e-05 4.20064e-06 1.70527e-07 4.77632e-09 9.16278e-11 1.17452e-12 9.85298e-15
 3.40796e-08 1.43215e-06 3.54874e-05 0.000518507 0.00446759 0.0227107 0.0682719 0.122779 0.139483 0.122601 0.117886 0.124334 0.116672 0.088708 0.0491378 0.0178156 0.00398904 0.000541545 4.47949e-05 2.31061e-06 7.74846e-08 1.77943e-09 2.90302e-11 3.35999e-13 2.67894e-15
 4.4929e-08 1.78849e-06 4.19795e-05 0.000581019 0.00474259 0.022848 0.0652165 0.112377 0.127105 0.12248 0.132374 0.139934 0.122788 0.0861642 0.0444344 0.0151879 0.00325394 0.000432325 3.62664e-05 1.9878e-06 7.35539e-08 1.85505e-09 3.13505e-11 3.46463e-13 2.46852e-15
 6.67694e-08 2.51687e-06 5.59416e-05 0.000733187 0.00566725 0.0258565 0.0699185 0.114314 0.123477 0.115766 0.124903 0.135985 0.126151 0.0916954 0.046721 0.0152637 0.00307611 0.000381405 2.97205e-05 1.51326e-06 5.25523e-08 1.2733e-09 2.13176e-11 2.40057e-13 1.77347e-15
 1.1191e-07 3.9937e-06 8.40373e-05 0.00104274 0.00763067 0.0329619 0.0844087 0.130816 0.134374 0.120415 0.123764 0.127373 0.111242 0.0759484 0.0363469 0.0111818 0.00213384 0.000252947 1.91073e-05 9.56189e-07 3.27635e-08 7.74152e-10 1.23992e-11 1.31705e-13 9.14802e-16
 1.50434e-07 5.08174e-06 0.000101221 0.0011889 0.00823682 0.0337047 0.0819914 0.122276 0.126828 0.124594 0.136583 0.137116 0.112602 0.0717244 0.0320219 0.00919526 0.00163717 0.000180784 1.26945e-05 5.90148e-07 1.88576e-08 4.19312e-10 6.38784e-12 6.50351e-14 4.33853e-16
 2.40465e-07 7.68859e-06 0.000144956 0.00161154 0.0105676 0.0409265 0.0941943 0.132675 0.129207 0.118917 0.126115 0.128339 0.108529 0.0692421 0.029886 0.00812928 0.00135892 0.000140289 9.17762e-06 3.95812e-07 1.168e-08 2.39053e-10 3.34873e-12 3.13876e-14 1.93378e-16
 3.29753e-07 9.97965e-06 0.000178089 0.0018741 0.0116347 0.0426943 0.0934685 0.127393 0.127064 0.127816 0.139127 0.133306 0.103212 0.0605631 0.0243331 0.00622807 0.000990941 9.88933e-05 6.37703e-06 2.75467e-07 8.14478e-09 1.64016e-10 2.20339e-12 1.93829e-14 1.10521e-16
 5.31112e-07 1.52148e-05 0.000257005 0.00256005 0.0150435 0.052243 0.108151 0.138858 0.128995 0.120574 0.127199 0.123704 0.0977633 0.0567212 0.0218169 0.00524649 0.000775669 7.12548e-05 4.19206e-06 1.64597e-07 4.45834e-09 8.3783e-11 1.07175e-12 9.1013e-15 5.03047e-17
 6.67877e-07 1.81122e-05 0.000289634 0.00273143 0.0152011 0.0500792 0.0990968 0.125556 0.125938 0.134661 0.145733 0.132266 0.0951746 0.0506013 0.0180157 0.00403189 0.000555576 4.75075e-05 2.59134e-06 9.36922e-08 2.31785e-09 3.95193e-11 4.57258e-13 3.51613e-15 1.76928e-17
 1.03286e-06 2.65192e-05 0.000401497 0.00358478 0.0188871 0.0588904 0.110145 0.131182 0.122312 0.123493 0.134123 0.128057 0.0961402 0.0510198 0.0175007 0.00371266 0.000482714 3.89869e-05 2.01499e-06 6.91567e-08 1.61893e-09 2.58971e-11 2.78133e-13 1.96584e-15 9.02252e-18
 1.20556e-06 2.93098e-05 0.000420197 0.00355317 0.0177419 0.0525943 0.0948619 0.11508 0.122861 0.142995 0.155378 0.137087 0.0938182 0.0457754 0.0145561 0.00287273 0.000347478 2.60463e-05 1.24439e-06 3.93351e-08 8.47615e-10 1.25244e-11 1.24871e-13 8.22108e-16 3.51604e-18
#spawning biomass
 20250.1 22967.4 23273.9 31772.4 52801.5 68445.2 96999.2 126764 149785 170938 172872 208072 256938 280258 297548 298647 266427 253638 277252 298144 330320 321921 346930 457012 407150 367561 408847 386639 369557 107352 5922.97 5660.72 5660.17 5660.17 5660.17 5660.17 5660.17 5660.17 5660.17 5660.17 5660.17 5660.17 5660.17 5660.17 5660.17 5660.17 5660.17 5660.17 5660.17 5660.17 5660.17 5660.17 5660.17 5660.17 5660.17 5660.17 5660.17 5660.17 5660.17 5660.17 5660.17 5660.17 5660.17 5660.17 5660.17 5660.17 5660.17 5660.17 5660.17 5660.17 5660.17 5660.17 5660.17 5660.17 5660.17 5660.17 5660.17 5660.17 5660.17 5660.17 5660.17 5660.17 5660.17 5660.17 5660.17 5660.17 5660.17 5660.17 5660.17 5660.17 5660.17 5660.17 5660.17 5660.17 5660.17 5660.17 5660.17 5660.17 5660.17 5660.17 5660.17 5660.17 5660.17 5660.17 5660.17 5660.17 5660.17 5660.17 5660.17 5660.17 5660.17 5660.17 5660.17 5660.17 5660.17 5660.17 5660.17 5660.17 5660.17 5660.17 5660.17 5660.17 5660.17 5660.17 5660.17 5660.17 5660.17 5660.17 0 0 0 0 0 0 0 0 0 0 0 0 0 0 0 0 0 0 0 0 0 0 0 0 0
