SBPRF35
0.126509
Curr Bio
171482
B35
144449
F35
1.79995
FOFL
1.79995
OFL
61127.1
Bzero
36140.5
#pred survey bio
 16475.2 15189.3 15466.7 16620.4 18843.5 23135.5 25350.7 28510.8 38919 51473.8 62262.8 72962.9 102462 129116 115014 97372.6 93058.5 88799.2 90020.5 86101.1 81771.8 85553.2 91332.9 100754 104811 104165 104596 95651.9 1.88241e+06 1.95789e+06 810770 441689 322598 270459 243589 229035 221072 216723 214356 213074 212383 212011 211812 211704 211648 211618 211603 211594 211590 211588 211587 211586 211586 211585 211585 211585 211585 211585 211585 211585 211585 211585 211585 211585 211585 211585 211585 211585 211585 211585 211585 211585 211585 211585 211585 211585 211585 211585 211585 211585 211585 211585 211585 211585 211585 211585 211585 211585 211585 211585 211585 211585 211585 211585 211585 211585 211585 211585 211585 211585 211585 211585 211585 211585 211585 211585 211585 211585 211585 211585 211585 211585 211585 211585 211585 211585 211585 211585 211585 211585 211585 211585 211585 211585 211585 211585 211585 211585 0 0 0 0 0 0 0 0 0 0 0 0 0 0 0 0 0 0 0 0 0 0 0 0 0
#obs survey bio
 15044.3 17410.2 14880.9 14352 21196.4 24653 21421.1 38205.7 44415.6 63377 64648.8 75075.1 88519.4 102892 91555.7 70013.1 92066.9 89194.7 82147.6 112603 88666.7 94306.5 131862 104595 95897 90454.2 97281.4 79904
#pred catch bio
 7273.83 7064.19 7760.01 9282.84 10673.3 14596.4 17008.5 18423.4 26951.7 37197.1 48376 55471.5 80824.9 112391 98827.4 83266 84733.9 78829.5 83462.7 84331.3 79370.5 83346.7 89288.5 103096 110532 107506 110994 110002 61127.1 65050 15450 7039.65 5981.16 5861.58 5848.98 5847.71 5847.59 5847.58 5847.58 5847.58 5847.58 5847.58 5847.58 5847.58 5847.58 5847.58 5847.58 5847.58 5847.58 5847.58 5847.58 5847.58 5847.58 5847.58 5847.58 5847.58 5847.58 5847.58 5847.58 5847.58 5847.58 5847.58 5847.58 5847.58 5847.58 5847.58 5847.58 5847.58 5847.58 5847.58 5847.58 5847.58 5847.58 5847.58 5847.58 5847.58 5847.58 5847.58 5847.58 5847.58 5847.58 5847.58 5847.58 5847.58 5847.58 5847.58 5847.58 5847.58 5847.58 5847.58 5847.58 5847.58 5847.58 5847.58 5847.58 5847.58 5847.58 5847.58 5847.58 5847.58 5847.58 5847.58 5847.58 5847.58 5847.58 5847.58 5847.58 5847.58 5847.58 5847.58 5847.58 5847.58 5847.58 5847.58 5847.58 5847.58 5847.58 5847.58 5847.58 5847.58 5847.58 5847.58 5847.58 5847.58 5847.58 5847.58 5847.58 5847.58 0 0 0 0 0 0 0 0 0 0 0 0 0 0 0 0 0 0 0 0 0 0 0 0 0
#obs catch bio
 7219.65 7095.42 7805.72 9577.76 10869.6 14973.4 17311.3 18236 26627.7 36778.2 48494.1 54674.6 79684.9 113621 101116 84553 83593.1 78324.9 82244.1 82697.7 78354.1 81385.6 86876.6 100545 107087 104813 109870 111030
#pred cpue bio
 16784.9 15125.1 15338.2 16399.8 18168.7 22654.6 24910.9 27125.7 36680.1 49047.9 59971.6 68288.3 94332 124825 114006 94639.2 89053.8 84764.5 86098.2 81896 76424.7 79987.6 84655.4 93229.6 96728.4 96381.5 97532.3 89436.7 1.68927e+06 2.22464e+06 825723 440799 320886 268693 241820 227265 219303 214953 212586 211304 210613 210242 210042 209935 209878 209848 209833 209825 209820 209818 209817 209816 209816 209816 209816 209816 209816 209816 209816 209816 209816 209816 209816 209816 209816 209816 209816 209816 209816 209816 209816 209816 209816 209816 209816 209816 209816 209816 209816 209816 209816 209816 209816 209816 209816 209816 209816 209816 209816 209816 209816 209816 209816 209816 209816 209816 209816 209816 209816 209816 209816 209816 209816 209816 209816 209816 209816 209816 209816 209816 209816 209816 209816 209816 209816 209816 209816 209816 209816 209816 209816 209816 209816 209816 209816 209816 209816 209816 0 0 0 0 0 0 0 0 0 0 0 0 0 0 0 0 0 0 0 0 0 0 0 0 0
#obs cpue bio
 7884.98 13975.7 11568.1 10094.2 13006.8 13982.2 29095 29319 36539.8 45657.6 49812.2 104742 105718 121099 91045.6 120778 125210 84077.1 128914 93198.2 75542.2 116492 90661.4 133043 177767 143899 119938 98148.8
#pred surv len freq
 2.56067e-27 2.58152e-27 2.70435e-26 5.16509e-20 1.26616e-14 3.75186e-10 1.34385e-06 0.000581837 0.0304513 0.192644 0.147767 0.0420457 0.216214 0.199669 0.0442866 0.0511232 0.0214123 0.0157675 0.00957951 0.00723074 0.00565934 0.00489957 0.00493408 0.00439098 0.00134246
 2.56204e-27 2.58559e-27 3.08983e-26 5.9784e-20 1.46553e-14 4.34263e-10 1.55546e-06 0.000673454 0.0352461 0.222977 0.170879 0.0388405 0.175587 0.163022 0.0532568 0.0806799 0.0283955 0.0134276 0.00616196 0.00356393 0.00228136 0.00169262 0.00151237 0.00134897 0.000452359
 2.56288e-27 2.58763e-27 3.24541e-26 6.3065e-20 1.54596e-14 4.58096e-10 1.64082e-06 0.000710414 0.0371805 0.235214 0.180254 0.0407929 0.183857 0.170037 0.0433073 0.0564155 0.024017 0.0173325 0.00614456 0.00226514 0.00100044 0.000569844 0.000422132 0.000354641 0.000123292
 2.56349e-27 2.58918e-27 3.36882e-26 6.56678e-20 1.60977e-14 4.77003e-10 1.70854e-06 0.000739735 0.038715 0.244922 0.187678 0.041478 0.183856 0.169934 0.0415105 0.0521336 0.0194949 0.0110263 0.00514828 0.00228968 0.000625876 0.000218078 0.000115666 8.39028e-05 2.8926e-05
 2.56518e-27 2.59359e-27 3.74277e-26 7.35561e-20 1.80314e-14 5.34303e-10 1.91378e-06 0.000828594 0.0433656 0.274343 0.210146 0.0416473 0.169359 0.156336 0.0351666 0.0410146 0.0149877 0.00787263 0.00303473 0.00127774 0.000458242 0.000108655 3.0845e-05 1.62864e-05 5.27853e-06
 2.56452e-27 2.59167e-27 3.56056e-26 6.97117e-20 1.7089e-14 5.06377e-10 1.81376e-06 0.000785288 0.0410991 0.260005 0.199221 0.0431298 0.188317 0.173657 0.0351192 0.0364941 0.0128166 0.00600011 0.0022045 0.000812644 0.000251808 6.93451e-05 1.27495e-05 3.45893e-06 9.46609e-07
 2.56433e-27 2.59114e-27 3.51327e-26 6.8714e-20 1.68444e-14 4.9913e-10 1.7878e-06 0.000774049 0.0405109 0.256284 0.196382 0.0433003 0.191609 0.176721 0.0361537 0.0380462 0.0127368 0.00501061 0.00170395 0.000565632 0.000155172 3.71742e-05 6.8163e-06 9.59165e-07 1.68367e-07
 2.56618e-27 2.59613e-27 3.94923e-26 7.79108e-20 1.90989e-14 5.65934e-10 2.02708e-06 0.000877649 0.045933 0.290585 0.22256 0.0424164 0.16649 0.153455 0.0304723 0.0309331 0.0103867 0.00412159 0.0012924 0.0003652 8.8607e-05 1.84331e-05 2.95683e-06 3.24017e-07 2.898e-08
 2.56678e-27 2.59766e-27 4.07679e-26 8.06015e-20 1.97585e-14 5.85479e-10 2.09709e-06 0.000907959 0.0475193 0.30062 0.230228 0.0427259 0.163458 0.150509 0.0272702 0.0243505 0.00806571 0.00305431 0.000958267 0.000264663 5.51308e-05 9.75834e-06 1.32383e-06 1.21406e-07 6.69129e-09
 2.56635e-27 2.59641e-27 3.9604e-26 7.8146e-20 1.91566e-14 5.67643e-10 2.0332e-06 0.000880299 0.0460717 0.291462 0.223248 0.0435592 0.174703 0.160788 0.027333 0.0218832 0.00696547 0.00221433 0.000668524 0.000178049 3.64833e-05 5.6975e-06 6.35791e-07 4.79258e-08 1.99292e-09
 2.5658e-27 2.59493e-27 3.82916e-26 7.53773e-20 1.84778e-14 5.47532e-10 1.96117e-06 0.00084911 0.0444394 0.281136 0.215369 0.0439448 0.183174 0.168616 0.0289175 0.0235162 0.00730312 0.00201705 0.000559596 0.000128213 2.49364e-05 3.76566e-06 3.71502e-07 2.2583e-08 7.45631e-10
 2.56722e-27 2.59877e-27 4.16753e-26 8.25155e-20 2.02277e-14 5.99383e-10 2.14689e-06 0.000929521 0.0486478 0.307759 0.235684 0.0430605 0.162171 0.149205 0.0249491 0.0193501 0.00601543 0.00167568 0.00044464 8.85236e-05 1.4868e-05 2.02505e-06 1.89156e-07 1.00138e-08 2.63347e-10
 2.56799e-27 2.60083e-27 4.3464e-26 8.62887e-20 2.11526e-14 6.2679e-10 2.24506e-06 0.000972024 0.0508722 0.321832 0.246426 0.0428131 0.152741 0.140438 0.0222191 0.0153255 0.00471154 0.00124311 0.000328387 6.49031e-05 9.81323e-06 1.13142e-06 9.23983e-08 4.50852e-09 1.01449e-10
 2.56581e-27 2.59485e-27 3.81022e-26 7.49773e-20 1.83798e-14 5.44626e-10 1.95076e-06 0.000844604 0.0442035 0.279644 0.214245 0.0449458 0.191581 0.176159 0.0263805 0.0158166 0.00474978 0.00108951 0.000277137 5.23284e-05 7.83471e-06 8.38212e-07 5.74761e-08 2.41121e-09 4.87745e-11
 2.56444e-27 2.59111e-27 3.47998e-26 6.80107e-20 1.6672e-14 4.94021e-10 1.7695e-06 0.000766126 0.0400963 0.25366 0.19442 0.045882 0.212634 0.195607 0.0301716 0.0195595 0.00576495 0.00111957 0.000265886 4.4253e-05 6.26812e-06 6.49441e-07 4.15675e-08 1.46955e-09 2.53385e-11
 2.56539e-27 2.59378e-27 3.72321e-26 7.31421e-20 1.79299e-14 5.31295e-10 1.90301e-06 0.00082393 0.0431215 0.272799 0.209012 0.0445371 0.192147 0.176845 0.0294602 0.0226645 0.00677105 0.00143095 0.000332217 4.72712e-05 5.95136e-06 5.57197e-07 3.39535e-08 1.11176e-09 1.62622e-11
 2.56625e-27 2.59608e-27 3.92359e-26 7.73692e-20 1.89661e-14 5.62001e-10 2.01299e-06 0.000871548 0.0456137 0.288565 0.221046 0.0442231 0.181303 0.166762 0.0262946 0.0179929 0.00550911 0.00141282 0.000345097 5.23464e-05 6.07457e-06 4.85111e-07 2.61132e-08 7.97692e-10 1.07057e-11
 2.56648e-27 2.59664e-27 3.96733e-26 7.82916e-20 1.91922e-14 5.68701e-10 2.03699e-06 0.000881939 0.0461575 0.292005 0.223679 0.0446324 0.182567 0.167805 0.0242349 0.013025 0.00388468 0.00086292 0.000216604 3.90234e-05 4.86928e-06 3.84775e-07 1.77558e-08 4.70076e-10 5.78608e-12
 2.56637e-27 2.59634e-27 3.94175e-26 7.77521e-20 1.906e-14 5.64782e-10 2.02295e-06 0.000875862 0.0458394 0.289993 0.222143 0.0446033 0.183426 0.168629 0.0249454 0.0144304 0.00419092 0.000724997 0.000166581 2.68828e-05 3.67732e-06 3.32077e-07 1.56256e-08 3.64283e-10 3.85223e-12
 2.56667e-27 2.59714e-27 4.01035e-26 7.91992e-20 1.94147e-14 5.75293e-10 2.0606e-06 0.000892162 0.0466926 0.29539 0.226263 0.0445708 0.180283 0.165685 0.0236416 0.0122005 0.00355743 0.000656149 0.000144828 1.85389e-05 2.23087e-06 2.00311e-07 1.07772e-08 2.62667e-10 2.51022e-12
 2.56751e-27 2.59939e-27 4.20792e-26 8.3367e-20 2.04364e-14 6.05568e-10 2.16904e-06 0.000939112 0.0491497 0.310935 0.238126 0.0441614 0.168833 0.155075 0.0209723 0.00878292 0.0025131 0.000408483 8.86945e-05 1.18367e-05 1.25801e-06 9.17826e-08 4.67849e-09 1.26092e-10 1.27693e-12
 2.5675e-27 2.59937e-27 4.20542e-26 8.33142e-20 2.04235e-14 6.05184e-10 2.16767e-06 0.000938517 0.0491186 0.310738 0.237977 0.0442326 0.16948 0.155659 0.0208289 0.00830692 0.00233492 0.000312705 6.2714e-05 7.49497e-06 7.93439e-07 5.53173e-08 2.3011e-09 5.64263e-11 6.10483e-13
 2.56787e-27 2.60037e-27 4.29447e-26 8.51928e-20 2.0884e-14 6.1883e-10 2.21654e-06 0.000959679 0.0502261 0.317745 0.243322 0.0439163 0.163317 0.149984 0.020036 0.00792707 0.00222033 0.000284268 5.44092e-05 5.42388e-06 5.10782e-07 3.31055e-08 1.32909e-09 2.75324e-11 2.65026e-13
 2.56795e-27 2.60058e-27 4.3125e-26 8.55732e-20 2.09772e-14 6.21593e-10 2.22644e-06 0.000963964 0.0504504 0.319163 0.244405 0.0439068 0.162484 0.149204 0.0196979 0.00735292 0.00205409 0.000260933 4.94861e-05 4.69946e-06 3.98689e-07 2.15914e-08 7.80381e-10 1.526e-11 1.27737e-13
 2.56808e-27 2.60093e-27 4.34148e-26 8.61844e-20 2.11271e-14 6.26033e-10 2.24234e-06 0.000970849 0.0508107 0.321443 0.246147 0.0439515 0.161601 0.148356 0.0189638 0.00589298 0.00162712 0.000194524 3.60567e-05 3.39262e-06 2.80968e-07 1.39711e-08 4.26283e-10 7.23994e-12 5.59631e-14
 2.56799e-27 2.60067e-27 4.31749e-26 8.56783e-20 2.1003e-14 6.22357e-10 2.22918e-06 0.000965148 0.0505124 0.319555 0.244708 0.0441374 0.164026 0.150567 0.0188634 0.00510741 0.00138737 0.000141726 2.43933e-05 2.16779e-06 1.74913e-07 8.53304e-09 2.43515e-10 3.54887e-12 2.34122e-14
 2.56766e-27 2.59977e-27 4.2379e-26 8.39993e-20 2.05914e-14 6.10161e-10 2.18549e-06 0.000946235 0.0495225 0.313293 0.23993 0.0443625 0.169095 0.15525 0.0197771 0.00601043 0.00163312 0.000150943 2.42279e-05 1.85885e-06 1.36915e-07 6.32723e-09 1.76045e-10 2.42544e-12 1.39802e-14
 2.56755e-27 2.59948e-27 4.211e-26 8.34319e-20 2.04523e-14 6.06039e-10 2.17073e-06 0.000939843 0.049188 0.311177 0.238317 0.0445284 0.171491 0.15744 0.0197824 0.00547244 0.00148655 0.000148823 2.4615e-05 1.71731e-06 1.13345e-07 4.51103e-09 1.15938e-10 1.53354e-12 8.40089e-15
#obs surv len freq
 1.24679e-41 1.73047e-33 2.90322e-26 5.88767e-20 1.44329e-14 4.27674e-10 1.53186e-06 0.000663242 0.0347115 0.219595 0.168413 0.0416779 0.170029 0.142391 0.0895135 0.0848267 0.0334521 0.0120354 0.00241158 0.000266261 1.19925e-05 1.61986e-07 4.96113e-10 2.80628e-13 2.5611e-17
 1.55825e-41 2.16275e-33 3.62846e-26 7.35845e-20 1.80384e-14 5.3451e-10 1.91453e-06 0.000828924 0.0433826 0.274451 0.210336 0.0426732 0.142267 0.113359 0.0741367 0.0646555 0.0243926 0.00795764 0.00142007 0.000133678 4.89017e-06 5.09622e-08 1.15767e-10 4.74116e-14 3.0906e-18
 1.29362e-41 1.79546e-33 3.01225e-26 6.10878e-20 1.49749e-14 4.43735e-10 1.58939e-06 0.00068815 0.036015 0.227843 0.174985 0.0517058 0.203669 0.149748 0.0733016 0.0554224 0.0198395 0.00580135 0.000906264 7.13784e-05 2.08749e-06 1.66678e-08 2.80538e-11 8.32127e-15 3.87525e-19
 1.55962e-41 2.16465e-33 3.63165e-26 7.36492e-20 1.80542e-14 5.3498e-10 1.91621e-06 0.000829653 0.0434208 0.274693 0.210694 0.0474211 0.149829 0.109585 0.0844955 0.0593469 0.0155064 0.00365326 0.000490639 3.17479e-05 7.29103e-07 4.40581e-09 5.46649e-12 1.17395e-15 3.91075e-20
 1.53954e-41 2.13677e-33 3.58488e-26 7.27007e-20 1.78217e-14 5.2809e-10 1.89153e-06 0.000818969 0.0428616 0.271157 0.208233 0.0553062 0.179891 0.118666 0.0639461 0.0417302 0.0141837 0.00291384 0.000275709 1.38077e-05 2.44539e-07 1.10291e-09 9.99432e-13 1.5469e-16 3.68234e-21
 1.34929e-41 1.87273e-33 3.14189e-26 6.37169e-20 1.56194e-14 4.62833e-10 1.65779e-06 0.000717766 0.037565 0.23765 0.182897 0.0612778 0.205652 0.131188 0.083259 0.0464889 0.0109778 0.00212152 0.000196289 6.99588e-06 8.7054e-08 2.85654e-10 1.86924e-13 2.06916e-17 3.50263e-22
 1.56625e-41 2.17385e-33 3.64709e-26 7.39622e-20 1.8131e-14 5.37253e-10 1.92435e-06 0.000833179 0.0436053 0.275863 0.212046 0.0581314 0.165694 0.105002 0.0830301 0.0437252 0.0104119 0.00154535 0.000108207 3.34904e-06 3.03929e-08 6.71852e-11 3.04936e-14 2.37942e-18 2.84299e-23
 1.72893e-41 2.39964e-33 4.0259e-26 8.16445e-20 2.00142e-14 5.93057e-10 2.12423e-06 0.000919719 0.0481345 0.304517 0.234127 0.0627576 0.163291 0.0928302 0.0569428 0.0279834 0.00739898 0.00103556 5.90077e-05 1.31486e-06 9.1558e-09 1.4768e-11 4.52853e-15 2.37626e-19 1.94917e-24
 1.65683e-41 2.29957e-33 3.85801e-26 7.82398e-20 1.91796e-14 5.68325e-10 2.03565e-06 0.000881366 0.0461272 0.29182 0.224837 0.0712437 0.184725 0.097966 0.055087 0.0223068 0.00440971 0.000564008 3.04951e-05 5.44025e-07 2.68319e-09 3.08103e-12 6.78209e-16 2.46675e-20 1.36451e-25
 1.53441e-41 2.12966e-33 3.57295e-26 7.24586e-20 1.77624e-14 5.26332e-10 1.88523e-06 0.000816242 0.0427188 0.27026 0.208817 0.078591 0.199921 0.104715 0.0663054 0.0236583 0.0038203 0.000359059 1.49291e-05 2.28432e-07 8.92324e-10 7.29312e-13 1.10684e-16 2.80768e-21 1.0878e-26
 1.46613e-41 2.03489e-33 3.41395e-26 6.92342e-20 1.69719e-14 5.0291e-10 1.80134e-06 0.000779919 0.0408178 0.258237 0.200069 0.0841746 0.203796 0.107419 0.0752248 0.0251323 0.0040287 0.000309204 9.11542e-06 9.84912e-08 2.95531e-10 1.86475e-13 2.05967e-17 3.63075e-22 9.64743e-28
 1.88085e-41 2.6105e-33 4.37966e-26 8.88185e-20 2.17728e-14 6.45169e-10 2.31089e-06 0.00100053 0.052364 0.33128 0.255459 0.0729146 0.140661 0.0738139 0.0529401 0.0166842 0.00268735 0.000188128 4.6337e-06 3.54292e-08 7.13512e-11 3.17503e-14 2.58155e-18 3.34312e-23 6.3591e-29
 1.56828e-41 2.17666e-33 3.6518e-26 7.40579e-20 1.81544e-14 5.37948e-10 1.92684e-06 0.000834257 0.0436617 0.276238 0.215138 0.102397 0.214153 0.0903236 0.043013 0.0122355 0.00188028 0.000120898 2.67034e-06 1.66166e-08 2.41851e-11 7.19704e-15 3.91516e-19 3.51479e-24 4.76812e-30
 1.27273e-41 1.76647e-33 2.96362e-26 6.01017e-20 1.47332e-14 4.36572e-10 1.56373e-06 0.000677041 0.0354337 0.224195 0.176482 0.113621 0.233169 0.119405 0.0781221 0.0170531 0.0017455 9.41676e-05 1.82808e-06 9.65808e-09 1.12488e-11 2.48002e-15 9.34379e-20 5.60975e-25 5.08503e-31
 1.14738e-41 1.59249e-33 2.67173e-26 5.41821e-20 1.32821e-14 3.93573e-10 1.40971e-06 0.000610357 0.0319437 0.202125 0.160413 0.117661 0.22783 0.135144 0.0976733 0.0237331 0.0027576 0.000106041 1.41764e-06 5.93167e-09 5.57285e-12 9.63351e-16 2.73566e-20 1.18705e-25 7.50042e-32
 1.55926e-41 2.16415e-33 3.63081e-26 7.36322e-20 1.80501e-14 5.34856e-10 1.91577e-06 0.000829461 0.0434107 0.274667 0.215092 0.100683 0.165251 0.104331 0.0740739 0.0191404 0.00242044 9.77444e-05 1.12325e-06 3.19411e-09 2.10504e-12 2.7366e-16 5.92482e-21 1.9372e-26 9.05377e-33
 1.40865e-41 1.95512e-33 3.28012e-26 6.65201e-20 1.63066e-14 4.83195e-10 1.73073e-06 0.000749345 0.0392178 0.24817 0.19788 0.135841 0.214944 0.0970397 0.0515137 0.012961 0.0016143 6.66631e-05 7.63676e-07 1.92718e-09 9.43358e-13 8.31444e-17 1.24513e-21 2.93342e-27 1.00792e-33
 1.45924e-41 2.02533e-33 3.39792e-26 6.89091e-20 1.68923e-14 5.00548e-10 1.79288e-06 0.000776257 0.0406263 0.25709 0.205027 0.129902 0.190018 0.108127 0.0574914 0.00996781 0.0009365 3.5458e-05 3.82327e-07 8.96086e-10 3.84604e-13 2.70793e-17 2.94225e-22 4.75793e-28 1.11499e-34
 1.43995e-41 1.99856e-33 3.35299e-26 6.7998e-20 1.66689e-14 4.9393e-10 1.76918e-06 0.000765993 0.0400892 0.253722 0.204549 0.144398 0.195719 0.101569 0.0492795 0.00916142 0.000726715 1.87474e-05 1.57546e-07 3.16476e-10 1.17233e-13 6.98423e-18 6.19197e-23 7.78736e-29 1.34895e-35
 1.55676e-41 2.16068e-33 3.62499e-26 7.35141e-20 1.80211e-14 5.33999e-10 1.9127e-06 0.000828132 0.0433413 0.274315 0.220974 0.141371 0.175085 0.0951406 0.0418016 0.00665401 0.000476714 1.08076e-05 6.53783e-08 9.22271e-11 2.61479e-14 1.24775e-18 8.92042e-24 8.97446e-30 1.22512e-36
 1.50867e-41 2.09393e-33 3.513e-26 7.1243e-20 1.74644e-14 5.17502e-10 1.85361e-06 0.000802548 0.0420024 0.265898 0.217728 0.160594 0.184626 0.0890047 0.0340831 0.00495632 0.000297374 5.51981e-06 2.73976e-08 2.90084e-11 5.70235e-15 1.90613e-19 9.99022e-25 7.61162e-31 7.97674e-38
 1.5535e-41 2.15616e-33 3.6174e-26 7.33602e-20 1.79834e-14 5.32881e-10 1.90869e-06 0.000826398 0.0432507 0.273834 0.225203 0.160354 0.172488 0.0894081 0.0307448 0.00370222 0.000184094 2.79331e-06 1.08378e-08 8.86841e-12 1.3161e-15 3.16327e-20 1.1499e-25 6.05808e-32 4.47268e-39
 1.5526e-41 2.15491e-33 3.61531e-26 7.33177e-20 1.7973e-14 5.32572e-10 1.90759e-06 0.000825919 0.0432259 0.273746 0.228128 0.171044 0.170584 0.0832269 0.0261076 0.00298447 0.00012394 1.46548e-06 4.38878e-09 2.72141e-12 3.01067e-16 5.35777e-21 1.42612e-26 5.39352e-33 2.79957e-40
 1.59779e-41 2.21763e-33 3.72053e-26 7.54515e-20 1.84961e-14 5.48072e-10 1.9631e-06 0.000849956 0.0444841 0.281775 0.236532 0.17378 0.161581 0.0775514 0.0212907 0.00207929 7.38946e-05 7.21695e-07 1.6503e-09 7.56029e-13 6.14329e-17 7.98547e-22 1.54415e-27 4.23068e-34 1.58702e-41
 1.58633e-41 2.20172e-33 3.69384e-26 7.49104e-20 1.83634e-14 5.44141e-10 1.94903e-06 0.000843861 0.0441654 0.279871 0.238967 0.184693 0.160179 0.072145 0.0175786 0.00151011 4.39807e-05 3.436e-07 6.1955e-10 2.15461e-13 1.2804e-17 1.19762e-22 1.66146e-28 3.26517e-35 8.77848e-43
 1.37268e-41 1.9052e-33 3.19636e-26 6.48216e-20 1.58902e-14 4.70857e-10 1.68653e-06 0.000730211 0.0382181 0.242473 0.218722 0.216629 0.18316 0.0812678 0.0174771 0.00128925 3.10929e-05 1.93558e-07 2.67779e-10 7.03893e-14 3.12599e-18 2.14683e-23 2.14835e-29 3.01128e-36 5.74834e-44
 1.40066e-41 1.94402e-33 3.2615e-26 6.61426e-20 1.62141e-14 4.80453e-10 1.7209e-06 0.000745092 0.0389974 0.247503 0.223588 0.205309 0.176704 0.0884742 0.0175238 0.00113053 2.22937e-05 1.09394e-07 1.161e-10 2.285e-14 7.47579e-19 3.7562e-24 2.73903e-30 2.78227e-37 3.82126e-45
 1.46707e-41 2.0362e-33 3.41615e-26 6.92789e-20 1.69829e-14 5.03235e-10 1.8025e-06 0.000780423 0.0408464 0.259187 0.231962 0.202939 0.169081 0.0782548 0.0158717 0.00105561 1.91827e-05 8.12928e-08 7.20115e-11 1.16409e-14 3.10092e-19 1.26003e-24 7.3944e-31 6.03128e-38 6.649e-46
#pred catch len freq
 2.55842e-27 2.57534e-27 2.15199e-26 3.99983e-20 9.8051e-15 2.90543e-10 1.04068e-06 0.000450573 0.0235813 0.149183 0.114615 0.0441543 0.255552 0.235868 0.0488558 0.052427 0.0217403 0.0157464 0.00953816 0.00718942 0.00562519 0.0048697 0.00490395 0.00436416 0.00133426
 2.55979e-27 2.57945e-27 2.54488e-26 4.82876e-20 1.18371e-14 3.50755e-10 1.25635e-06 0.00054395 0.0284684 0.180099 0.138166 0.0406081 0.212022 0.19661 0.0585964 0.084402 0.0295185 0.0136939 0.00626322 0.00361615 0.00231392 0.00171665 0.00153382 0.0013681 0.000458775
 2.5607e-27 2.58168e-27 2.71556e-26 5.18871e-20 1.27195e-14 3.76902e-10 1.35e-06 0.000584498 0.0305905 0.193524 0.14845 0.0426837 0.220591 0.203862 0.0479805 0.0585595 0.0246804 0.0175261 0.00619981 0.00228048 0.00100673 0.000573366 0.000424735 0.000356827 0.000124052
 2.56155e-27 2.58384e-27 2.89135e-26 5.55951e-20 1.36285e-14 4.03836e-10 1.44647e-06 0.000626268 0.0327766 0.207354 0.15902 0.043291 0.217787 0.201158 0.045473 0.0533057 0.0197772 0.0109835 0.00511283 0.00227025 0.000620307 0.000216104 0.000114617 8.31412e-05 2.86634e-05
 2.56324e-27 2.58828e-27 3.26874e-26 6.35559e-20 1.558e-14 4.61662e-10 1.6536e-06 0.000715944 0.0374699 0.237045 0.181694 0.0434129 0.202785 0.187101 0.0391602 0.0423759 0.0153684 0.00792437 0.00304604 0.00127993 0.000458833 0.000108783 3.08803e-05 1.6305e-05 5.28456e-06
 2.56285e-27 2.58709e-27 3.1497e-26 6.10441e-20 1.49642e-14 4.43417e-10 1.58824e-06 0.000687649 0.0359891 0.227677 0.174562 0.0448161 0.218474 0.201382 0.0381619 0.0364477 0.0127102 0.00583758 0.00213845 0.000786687 0.000243651 6.70898e-05 1.23346e-05 3.34634e-06 9.15796e-07
 2.56288e-27 2.58713e-27 3.15254e-26 6.1104e-20 1.49789e-14 4.43852e-10 1.5898e-06 0.000688323 0.0360244 0.227901 0.174734 0.0448624 0.218706 0.201617 0.0385861 0.03732 0.0124181 0.00478955 0.00162358 0.000537795 0.000147463 3.53223e-05 6.47655e-06 9.11352e-07 1.59974e-07
 2.56463e-27 2.59187e-27 3.56752e-26 6.98583e-20 1.71249e-14 5.07442e-10 1.81757e-06 0.000786939 0.0411855 0.260551 0.199651 0.043957 0.19431 0.179035 0.0333503 0.0310533 0.0103626 0.00403178 0.00126048 0.000355362 8.61741e-05 1.79241e-05 2.87509e-06 3.15058e-07 2.81787e-08
 2.56548e-27 2.59406e-27 3.75366e-26 7.37847e-20 1.80874e-14 5.35963e-10 1.91973e-06 0.000831169 0.0435004 0.275196 0.210835 0.0440862 0.187435 0.172544 0.02954 0.0239761 0.00789199 0.0029297 0.000916326 0.000252507 5.25709e-05 9.30353e-06 1.26208e-06 1.15742e-07 6.37914e-09
 2.56515e-27 2.59312e-27 3.66437e-26 7.19008e-20 1.76256e-14 5.22278e-10 1.87071e-06 0.000809948 0.0423897 0.268169 0.205482 0.0448462 0.196979 0.181252 0.0292798 0.0211683 0.00669926 0.00208694 0.000627859 0.000166832 3.41666e-05 5.33475e-06 5.95287e-07 4.48723e-08 1.86594e-09
 2.5649e-27 2.59244e-27 3.60411e-26 7.06294e-20 1.7314e-14 5.13044e-10 1.83764e-06 0.000795626 0.0416402 0.263428 0.201864 0.0450266 0.200894 0.184873 0.0300817 0.0220756 0.00682029 0.00184557 0.000510102 0.000116588 2.2662e-05 3.42157e-06 3.37542e-07 2.05184e-08 6.77463e-10
 2.56627e-27 2.59615e-27 3.93119e-26 7.75295e-20 1.90054e-14 5.63165e-10 2.01716e-06 0.000873354 0.0457082 0.289163 0.221501 0.0441276 0.180256 0.16581 0.0263762 0.0184224 0.00569646 0.00155476 0.000411068 8.1636e-05 1.37023e-05 1.8659e-06 1.74282e-07 9.2263e-09 2.42636e-10
 2.56722e-27 2.59869e-27 4.15318e-26 8.22126e-20 2.01534e-14 5.97182e-10 2.13901e-06 0.000926107 0.0484691 0.306629 0.234831 0.0437042 0.167668 0.15414 0.0233252 0.0143969 0.00440163 0.00113781 0.000299434 5.90343e-05 8.9203e-06 1.02824e-06 8.3967e-08 4.09708e-09 9.21909e-11
 2.56543e-27 2.59376e-27 3.71042e-26 7.28719e-20 1.78637e-14 5.29332e-10 1.89598e-06 0.000820887 0.0429623 0.271791 0.208259 0.0455451 0.200347 0.184178 0.0265211 0.0141172 0.00421568 0.000947402 0.000239965 4.51958e-05 6.76241e-06 7.23327e-07 4.95957e-08 2.08059e-09 4.20865e-11
 2.56397e-27 2.5898e-27 3.3602e-26 6.54836e-20 1.60525e-14 4.75665e-10 1.70375e-06 0.000737659 0.0386064 0.244235 0.187234 0.0465976 0.223128 0.205205 0.0303381 0.0175224 0.00513966 0.000978139 0.000231174 3.83769e-05 5.43193e-06 5.62671e-07 3.60117e-08 1.27312e-09 2.19515e-11
 2.56495e-27 2.59254e-27 3.60911e-26 7.07349e-20 1.73398e-14 5.13809e-10 1.84038e-06 0.000796814 0.0417024 0.263821 0.202168 0.04526 0.202456 0.186269 0.0294974 0.0203757 0.00605989 0.00125485 0.000290065 4.11672e-05 5.17875e-06 4.84736e-07 2.95362e-08 9.67113e-10 1.41463e-11
 2.56615e-27 2.59578e-27 3.89413e-26 7.67476e-20 1.88137e-14 5.57485e-10 1.99682e-06 0.000864546 0.0452472 0.286247 0.219282 0.0446112 0.185496 0.170561 0.0256992 0.0156764 0.00477323 0.00119926 0.000291856 4.41581e-05 5.12063e-06 4.08816e-07 2.20048e-08 6.72181e-10 9.02118e-12
 2.5662e-27 2.59584e-27 3.89295e-26 7.67224e-20 1.88076e-14 5.57302e-10 1.99616e-06 0.000864262 0.0452324 0.286153 0.219218 0.0451054 0.189301 0.17396 0.0242565 0.0115239 0.00341647 0.000743547 0.000185827 3.33948e-05 4.16432e-06 3.28984e-07 1.51802e-08 4.01882e-10 4.94667e-12
 2.56634e-27 2.59624e-27 3.9303e-26 7.75105e-20 1.90008e-14 5.63027e-10 2.01667e-06 0.00087314 0.045697 0.289092 0.221459 0.0448712 0.185944 0.170897 0.0243309 0.0124582 0.00359998 0.000610436 0.000139504 2.24549e-05 3.0694e-06 2.77114e-07 1.30386e-08 3.03966e-10 3.21438e-12
 2.56696e-27 2.59792e-27 4.07732e-26 8.06118e-20 1.9761e-14 5.85554e-10 2.09736e-06 0.000908075 0.0475254 0.300659 0.230286 0.0445262 0.177117 0.162726 0.0224344 0.0101926 0.00295496 0.000534137 0.00011732 1.49788e-05 1.80091e-06 1.61661e-07 8.69727e-09 2.1197e-10 2.02572e-12
 2.5677e-27 2.59991e-27 4.25204e-26 8.42977e-20 2.06646e-14 6.12328e-10 2.19326e-06 0.000949597 0.0496985 0.314406 0.240777 0.0441387 0.166798 0.153171 0.020151 0.00739 0.00210083 0.000334766 7.22823e-05 9.62154e-06 1.02176e-06 7.45243e-08 3.79849e-09 1.02373e-10 1.03673e-12
 2.56771e-27 2.59993e-27 4.2536e-26 8.43306e-20 2.06726e-14 6.12567e-10 2.19411e-06 0.000949967 0.0497178 0.314529 0.240871 0.0441851 0.167084 0.153424 0.0199983 0.00697601 0.00194833 0.000256007 5.10011e-05 6.07928e-06 6.42994e-07 4.48158e-08 1.86412e-09 4.571e-11 4.9454e-13
 2.56809e-27 2.60097e-27 4.34585e-26 8.62766e-20 2.11497e-14 6.26703e-10 2.24474e-06 0.000971888 0.0508651 0.321787 0.246408 0.0438505 0.160648 0.147499 0.0191976 0.00664174 0.00184851 0.000232253 4.41487e-05 4.38982e-06 4.12971e-07 2.67578e-08 1.07416e-09 2.22511e-11 2.14187e-13
 2.56843e-27 2.60189e-27 4.42772e-26 8.80038e-20 2.15731e-14 6.39249e-10 2.28968e-06 0.000991345 0.0518834 0.328229 0.251323 0.0435929 0.155234 0.142505 0.0183544 0.00597633 0.00165826 0.000206729 3.8936e-05 3.68825e-06 3.12569e-07 1.69219e-08 6.11555e-10 1.19584e-11 1.001e-13
 2.56872e-27 2.60268e-27 4.49667e-26 8.94583e-20 2.19296e-14 6.49814e-10 2.32753e-06 0.00100773 0.0527409 0.333654 0.255463 0.043456 0.151284 0.138842 0.0173877 0.00469493 0.00128598 0.000150926 2.77705e-05 2.60636e-06 2.15623e-07 1.07183e-08 3.27003e-10 5.55362e-12 4.2928e-14
 2.5685e-27 2.60205e-27 4.44e-26 8.82628e-20 2.16366e-14 6.4113e-10 2.29642e-06 0.000994262 0.0520361 0.329195 0.252063 0.0437481 0.155896 0.143069 0.0176106 0.00413902 0.00111437 0.000111871 1.90904e-05 1.69224e-06 1.36389e-07 6.65146e-09 1.898e-10 2.76598e-12 1.82473e-14
 2.56836e-27 2.60169e-27 4.40849e-26 8.75982e-20 2.14736e-14 6.36302e-10 2.27913e-06 0.000986775 0.0516443 0.326716 0.250171 0.0438082 0.157682 0.144727 0.0180706 0.00476944 0.00128583 0.000116883 1.85854e-05 1.42244e-06 1.04636e-07 4.83385e-09 1.34481e-10 1.85274e-12 1.06791e-14
 2.5688e-27 2.60288e-27 4.51366e-26 8.98167e-20 2.20175e-14 6.52417e-10 2.33685e-06 0.00101177 0.0529522 0.33499 0.256483 0.043457 0.150575 0.138175 0.0170452 0.00408143 0.00109892 0.000108128 1.77301e-05 1.23409e-06 8.13389e-08 3.23603e-09 8.31596e-11 1.09994e-12 6.02553e-15
#obs catch len freq
 5.98751e-42 8.31027e-34 1.39422e-26 2.82745e-20 6.93116e-15 2.05383e-10 7.35648e-07 0.00031851 0.0166696 0.105458 0.0812958 0.0424914 0.227637 0.192156 0.131658 0.127108 0.0516535 0.0191048 0.0039726 0.000455738 2.14899e-05 3.04853e-07 9.77029e-10 5.74908e-13 5.42935e-17
 6.83262e-42 9.48323e-34 1.59101e-26 3.22653e-20 7.90947e-15 2.34372e-10 8.39483e-07 0.000363467 0.0190224 0.120343 0.0927714 0.0461215 0.229703 0.184495 0.129327 0.114651 0.044911 0.0151635 0.0028366 0.00027954 1.06904e-05 1.16403e-07 2.75789e-10 1.17297e-13 7.9011e-18
 1.03157e-41 1.43176e-33 2.40207e-26 4.87135e-20 1.19415e-14 3.53849e-10 1.26743e-06 0.000548754 0.0287196 0.18169 0.139686 0.0481923 0.202301 0.154376 0.110117 0.0891852 0.0332506 0.0101151 0.00167261 0.000139302 4.28523e-06 3.57158e-08 6.24432e-11 1.91719e-14 9.20911e-19
 8.85002e-42 1.22832e-33 2.06077e-26 4.1792e-20 1.02448e-14 3.03573e-10 1.08735e-06 0.000470784 0.024639 0.155876 0.120308 0.0600402 0.261837 0.182747 0.0956654 0.0673238 0.0236869 0.00641767 0.000921683 6.36625e-05 1.55194e-06 9.84027e-09 1.26862e-11 2.81312e-15 9.63876e-20
 1.21487e-41 1.68616e-33 2.82889e-26 5.73692e-20 1.40634e-14 4.16724e-10 1.49264e-06 0.000646261 0.0338227 0.213975 0.164574 0.0540649 0.193964 0.136033 0.11017 0.0703879 0.017918 0.00393347 0.000481929 2.71061e-05 5.14662e-07 2.4543e-09 2.32261e-12 3.71901e-16 9.10128e-21
 1.28524e-41 1.78383e-33 2.99274e-26 6.06922e-20 1.4878e-14 4.40862e-10 1.57909e-06 0.000683693 0.0357818 0.226369 0.174351 0.0635735 0.219856 0.137522 0.0770561 0.046485 0.0152433 0.00282212 0.000243695 1.05818e-05 1.53793e-07 5.44355e-10 3.74856e-13 4.31578e-17 7.53607e-22
 1.17327e-41 1.62842e-33 2.73202e-26 5.54048e-20 1.35818e-14 4.02455e-10 1.44153e-06 0.000624132 0.0326646 0.20665 0.159579 0.0695576 0.23534 0.142904 0.0928499 0.0470289 0.010738 0.00190145 0.000155567 4.74458e-06 4.84628e-08 1.24367e-10 6.16547e-14 5.06647e-18 6.28288e-23
 1.45254e-41 2.01603e-33 3.38231e-26 6.85925e-20 1.68146e-14 4.98249e-10 1.78465e-06 0.00077269 0.0404395 0.255837 0.197068 0.0647629 0.185056 0.112574 0.0896015 0.0427908 0.0097166 0.00129638 8.12842e-05 2.12284e-06 1.55794e-08 2.69075e-11 9.24591e-15 5.34837e-19 4.67643e-24
 1.6745e-41 2.32409e-33 3.89915e-26 7.9074e-20 1.93841e-14 5.74385e-10 2.05735e-06 0.000890763 0.046619 0.294931 0.227127 0.0687834 0.175036 0.0947026 0.058262 0.0262389 0.00655136 0.000814314 4.07162e-05 7.651e-07 4.29061e-09 5.36083e-12 1.24209e-15 4.832e-20 2.89899e-25
 1.64567e-41 2.28408e-33 3.83202e-26 7.77127e-20 1.90504e-14 5.64497e-10 2.02194e-06 0.000875428 0.0458164 0.289856 0.223697 0.077045 0.189912 0.0956945 0.0534072 0.0195861 0.00366844 0.000419762 1.96008e-05 2.89954e-07 1.14554e-09 1.01764e-12 1.68743e-16 4.54466e-21 1.83962e-26
 1.55848e-41 2.16306e-33 3.62898e-26 7.3595e-20 1.8041e-14 5.34587e-10 1.9148e-06 0.000829043 0.0433888 0.274502 0.212458 0.0840758 0.199659 0.100045 0.061908 0.0198708 0.00300261 0.000250501 9.06081e-06 1.14144e-07 3.52762e-10 2.21837e-13 2.53324e-17 4.75389e-22 1.34703e-27
 1.51826e-41 2.10724e-33 3.53534e-26 7.16959e-20 1.75754e-14 5.20792e-10 1.86539e-06 0.00080765 0.0422692 0.267422 0.20752 0.0891865 0.199346 0.101327 0.0682752 0.0205886 0.00304686 0.00020419 5.18627e-06 4.62267e-08 1.09592e-10 5.28789e-14 4.37768e-18 5.70326e-23 1.10808e-28
 1.92747e-41 2.67521e-33 4.48822e-26 9.10202e-20 2.23125e-14 6.61161e-10 2.36817e-06 0.00102534 0.053662 0.339495 0.262065 0.0761294 0.135773 0.0691233 0.0471415 0.0134774 0.00198339 0.000120349 2.5104e-06 1.56612e-08 2.49045e-11 8.47674e-15 5.15425e-19 4.92205e-24 6.84149e-30
 1.62247e-41 2.25188e-33 3.77799e-26 7.6617e-20 1.87817e-14 5.56537e-10 1.99343e-06 0.000863085 0.0451704 0.285789 0.223038 0.107377 0.205875 0.0827738 0.0378509 0.00981687 0.00136696 7.5905e-05 1.40435e-06 7.04462e-09 8.02479e-12 1.8227e-15 7.41609e-20 4.90504e-25 4.85419e-31
 1.33727e-41 1.85604e-33 3.11389e-26 6.31491e-20 1.54803e-14 4.58708e-10 1.64302e-06 0.000711371 0.0372303 0.235569 0.185983 0.119896 0.22528 0.112554 0.0681793 0.0132931 0.00124367 5.81383e-05 9.38783e-07 3.9665e-09 3.5863e-12 6.00177e-16 1.68805e-20 7.4682e-26 4.93905e-32
 1.21817e-41 1.69074e-33 2.83656e-26 5.75249e-20 1.41016e-14 4.17855e-10 1.49669e-06 0.000648015 0.0339145 0.214604 0.170901 0.124388 0.220647 0.129066 0.0851105 0.0187385 0.00191784 6.28044e-05 7.03439e-07 2.35091e-09 1.70516e-12 2.22634e-16 4.70385e-21 1.5022e-26 6.92848e-33
 1.63625e-41 2.27101e-33 3.81008e-26 7.72677e-20 1.89413e-14 5.61265e-10 2.01036e-06 0.000870416 0.0455542 0.288236 0.226173 0.1045 0.15705 0.0979441 0.0630955 0.0148761 0.00164152 5.58612e-05 5.24017e-07 1.18503e-09 6.03911e-13 5.9161e-17 9.49971e-22 2.2806e-27 7.77074e-34
 1.48604e-41 2.06252e-33 3.46031e-26 7.01745e-20 1.72024e-14 5.0974e-10 1.8258e-06 0.000790511 0.0413723 0.261817 0.209425 0.140515 0.202526 0.0889405 0.0434938 0.00999811 0.0010831 3.75494e-05 3.47028e-07 6.86012e-10 2.57368e-13 1.70774e-17 1.89542e-22 3.27156e-28 8.17672e-35
 1.54283e-41 2.14135e-33 3.59256e-26 7.28563e-20 1.78599e-14 5.2922e-10 1.89558e-06 0.000820721 0.0429534 0.271832 0.217393 0.133649 0.178699 0.0993971 0.0472149 0.00740596 0.000613917 1.94946e-05 1.68589e-07 3.06926e-10 1.00067e-13 5.27174e-18 4.23747e-23 5.02196e-29 8.55671e-36
 1.52597e-41 2.11794e-33 3.55329e-26 7.20599e-20 1.76646e-14 5.23436e-10 1.87486e-06 0.000811751 0.042484 0.268898 0.217458 0.147752 0.182843 0.0923033 0.040259 0.00672219 0.000456778 9.9005e-06 6.70533e-08 1.04206e-10 2.91511e-14 1.29219e-18 8.43974e-24 7.76431e-30 9.78363e-37
 1.64528e-41 2.28354e-33 3.83111e-26 7.76941e-20 1.90458e-14 5.64362e-10 2.02145e-06 0.000875219 0.0458057 0.289934 0.23417 0.143275 0.162194 0.0853022 0.0333798 0.00476382 0.000292071 5.46179e-06 2.63673e-08 2.88324e-11 6.16603e-15 2.18088e-19 1.14403e-24 8.39064e-31 8.3121e-38
 1.59831e-41 2.21835e-33 3.72174e-26 7.54761e-20 1.85021e-14 5.4825e-10 1.96374e-06 0.000850233 0.0444982 0.281727 0.23138 0.162003 0.170095 0.0788662 0.0269172 0.00348117 0.000177238 2.70552e-06 1.06261e-08 8.64897e-12 1.28021e-15 3.17001e-20 1.21612e-25 6.73253e-32 5.10396e-39
 1.64456e-41 2.28254e-33 3.82943e-26 7.76601e-20 1.90375e-14 5.64115e-10 2.02057e-06 0.000874836 0.0457859 0.28992 0.239088 0.160855 0.158569 0.0784477 0.0238121 0.00253692 0.000106615 1.31983e-06 4.03178e-09 2.52548e-12 2.80998e-16 4.99315e-21 1.32837e-26 5.08168e-33 2.70846e-40
 1.64511e-41 2.2833e-33 3.83071e-26 7.76861e-20 1.90438e-14 5.64304e-10 2.02124e-06 0.000875129 0.0458015 0.290101 0.242396 0.170591 0.155967 0.0721852 0.0200091 0.00200246 6.95144e-05 6.6727e-07 1.56586e-09 7.40214e-13 6.12226e-17 8.03583e-22 1.56294e-27 4.29116e-34 1.6092e-41
 1.69025e-41 2.34596e-33 3.93583e-26 7.98179e-20 1.95664e-14 5.79788e-10 2.07671e-06 0.000899143 0.0470585 0.298135 0.250852 0.17224 0.147044 0.0663516 0.0160136 0.00136287 4.0276e-05 3.16315e-07 5.63488e-10 1.96194e-13 1.18885e-17 1.13752e-22 1.60479e-28 3.18778e-35 8.63075e-43
 1.67912e-41 2.3305e-33 3.9099e-26 7.9292e-20 1.94375e-14 5.75968e-10 2.06303e-06 0.000893219 0.046749 0.296309 0.253556 0.182231 0.145199 0.0610292 0.0130395 0.000967356 2.32747e-05 1.4551e-07 2.03261e-10 5.34891e-14 2.36503e-18 1.62596e-23 1.64352e-29 2.33899e-36 4.53441e-44
 1.46825e-41 2.03784e-33 3.41889e-26 6.93344e-20 1.69965e-14 5.03638e-10 1.80395e-06 0.000781049 0.0408793 0.259452 0.234592 0.214578 0.167362 0.0686369 0.0128848 0.000815142 1.61364e-05 7.98533e-08 8.52108e-11 1.68921e-14 5.56633e-19 2.80528e-24 2.04396e-30 2.07388e-37 2.85317e-45
 1.49857e-41 2.07992e-33 3.4895e-26 7.07664e-20 1.73475e-14 5.14039e-10 1.84121e-06 0.00079718 0.0417233 0.264707 0.23499 0.197221 0.16701 0.078331 0.014368 0.00083607 1.44654e-05 6.08401e-08 5.42305e-11 8.8375e-15 2.36946e-19 9.68704e-25 5.7191e-31 4.68737e-38 5.18152e-46
#spawning biomass
 22774.2 21886.3 23081.5 25427.5 30423.7 36969.3 40359.3 47928.6 66930.7 87735.9 104480 127841 184325 218190 186836 161844 158855 153246 154730 149523 145948 152760 164931 182468 190826 189272 188022 171482 154691 102480 26914.3 14421 12849.2 12671.7 12653 12651.1 12650.9 12650.9 12650.9 12650.9 12650.9 12650.9 12650.9 12650.9 12650.9 12650.9 12650.9 12650.9 12650.9 12650.9 12650.9 12650.9 12650.9 12650.9 12650.9 12650.9 12650.9 12650.9 12650.9 12650.9 12650.9 12650.9 12650.9 12650.9 12650.9 12650.9 12650.9 12650.9 12650.9 12650.9 12650.9 12650.9 12650.9 12650.9 12650.9 12650.9 12650.9 12650.9 12650.9 12650.9 12650.9 12650.9 12650.9 12650.9 12650.9 12650.9 12650.9 12650.9 12650.9 12650.9 12650.9 12650.9 12650.9 12650.9 12650.9 12650.9 12650.9 12650.9 12650.9 12650.9 12650.9 12650.9 12650.9 12650.9 12650.9 12650.9 12650.9 12650.9 12650.9 12650.9 12650.9 12650.9 12650.9 12650.9 12650.9 12650.9 12650.9 12650.9 12650.9 12650.9 12650.9 12650.9 12650.9 12650.9 12650.9 12650.9 12650.9 12650.9 0 0 0 0 0 0 0 0 0 0 0 0 0 0 0 0 0 0 0 0 0 0 0 0 0
