SBPRF35
0.0203961
Curr Bio
56253.2
B35
22996.8
F35
11.7591
FOFL
11.7591
OFL
135187
Bzero
5823.86
#pred survey bio
 7992.38 7731.37 9098.05 11456.3 14502.7 17159.3 16538.1 16803.1 27582.8 38411.8 38015.7 46961.8 68498 77104.1 66691.7 56260.8 51815.3 55364.2 54182.5 55272.1 57494.2 63836.2 69033.6 69554.5 76557.2 79383.1 76624.1 88612 2.5132e+06 1.166e+06 276725 132532 99383.3 90711 88418.1 87808.5 87645.7 87602.1 87590.4 87587.2 87586.4 87586.1 87586.1 87586.1 87586 87586 87586 87586 87586 87586 87586 87586 87586 87586 87586 87586 87586 87586 87586 87586 87586 87586 87586 87586 87586 87586 87586 87586 87586 87586 87586 87586 87586 87586 87586 87586 87586 87586 87586 87586 87586 87586 87586 87586 87586 87586 87586 87586 87586 87586 87586 87586 87586 87586 87586 87586 87586 87586 87586 87586 87586 87586 87586 87586 87586 87586 87586 87586 87586 87586 87586 87586 87586 87586 87586 87586 87586 87586 87586 87586 87586 87586 87586 87586 87586 87586 87586 87586 0 0 0 0 0 0 0 0 0 0 0 0 0 0 0 0 0 0 0 0 0 0 0 0 0
#obs survey bio
 5192.76 8980.44 9650.47 10856.9 16159.5 13872.6 14432.2 23996.9 39217.1 43672.6 36391.7 77910.2 79792.5 57053.8 60473.6 48642.7 46474.6 61889.9 56952.7 42046.9 47385.5 81344.1 54330.2 58320 57357.9 82103.4 83100.9 95826.4
#pred catch bio
 2655.12 3172.08 3550.1 4802.18 5665.17 7771.37 8983.36 7199.46 9039.25 19530.9 22274.3 18279.8 30744.5 47388.6 42721.4 40184.1 29330.5 36138 34058.9 34098.7 34241.1 34366.6 43018.9 39962.5 44313 52996 47212.8 37894.8 135187 59411.6 4686.72 4234.63 4234.62 4234.62 4234.62 4234.62 4234.62 4234.62 4234.62 4234.62 4234.62 4234.62 4234.62 4234.62 4234.62 4234.62 4234.62 4234.62 4234.62 4234.62 4234.62 4234.62 4234.62 4234.62 4234.62 4234.62 4234.62 4234.62 4234.62 4234.62 4234.62 4234.62 4234.62 4234.62 4234.62 4234.62 4234.62 4234.62 4234.62 4234.62 4234.62 4234.62 4234.62 4234.62 4234.62 4234.62 4234.62 4234.62 4234.62 4234.62 4234.62 4234.62 4234.62 4234.62 4234.62 4234.62 4234.62 4234.62 4234.62 4234.62 4234.62 4234.62 4234.62 4234.62 4234.62 4234.62 4234.62 4234.62 4234.62 4234.62 4234.62 4234.62 4234.62 4234.62 4234.62 4234.62 4234.62 4234.62 4234.62 4234.62 4234.62 4234.62 4234.62 4234.62 4234.62 4234.62 4234.62 4234.62 4234.62 4234.62 4234.62 4234.62 4234.62 4234.62 4234.62 4234.62 4234.62 4234.62 0 0 0 0 0 0 0 0 0 0 0 0 0 0 0 0 0 0 0 0 0 0 0 0 0
#obs catch bio
 3379.79 3240.91 3536.38 4819.81 5622.47 7719.54 9089.71 7266.28 8806.68 18942.4 22785.8 17915.5 29511 47573.7 43020.9 41504.3 29038.2 36657.6 34406.1 34278.7 34677.3 33800.1 43401.9 39857.5 44281 54448 48036.9 37860.1
#pred cpue bio
 5422.8 4344.54 4837.52 6065.89 7529.56 9564.77 9892.53 8749.02 12169.5 20958.2 21670.7 21532.6 34683.9 43295 38069 31667 26310 29836.6 28290.9 29093.8 29934.6 32523.6 37515.6 36218.2 39785.5 42801.9 39975.1 43323.7 1.36237e+06 833260 246942 90958.5 56289.6 47506.2 45206 44595.9 44433.1 44389.5 44377.7 44374.6 44373.7 44373.5 44373.4 44373.4 44373.4 44373.4 44373.4 44373.4 44373.4 44373.4 44373.4 44373.4 44373.4 44373.4 44373.4 44373.4 44373.4 44373.4 44373.4 44373.4 44373.4 44373.4 44373.4 44373.4 44373.4 44373.4 44373.4 44373.4 44373.4 44373.4 44373.4 44373.4 44373.4 44373.4 44373.4 44373.4 44373.4 44373.4 44373.4 44373.4 44373.4 44373.4 44373.4 44373.4 44373.4 44373.4 44373.4 44373.4 44373.4 44373.4 44373.4 44373.4 44373.4 44373.4 44373.4 44373.4 44373.4 44373.4 44373.4 44373.4 44373.4 44373.4 44373.4 44373.4 44373.4 44373.4 44373.4 44373.4 44373.4 44373.4 44373.4 44373.4 44373.4 44373.4 44373.4 44373.4 44373.4 44373.4 44373.4 44373.4 44373.4 44373.4 44373.4 44373.4 44373.4 44373.4 44373.4 44373.4 0 0 0 0 0 0 0 0 0 0 0 0 0 0 0 0 0 0 0 0 0 0 0 0 0
#obs cpue bio
 5468.57 3328.78 6344.93 5270.07 8796.05 10658.7 8582.81 8647.12 18849.6 17923.2 16058.9 29529.7 52544.7 26721.5 33650.5 31425.7 27533.6 21772.4 24113.7 29013.3 37131.6 38357.1 35763.9 47905.6 38318.9 27658 31787.8 47956.7
#pred surv len freq
 2.14281e-27 2.16639e-27 5.92284e-27 1.28518e-21 7.64346e-17 1.04511e-12 3.28531e-09 2.3743e-06 0.000394487 0.0150691 0.132338 0.267195 0.124577 0.0279459 0.0901669 0.12688 0.0523049 0.0439021 0.0384409 0.0237474 0.0180809 0.0135133 0.0118134 0.00974125 0.00388758
 2.14374e-27 2.16949e-27 6.28107e-27 1.4067e-21 8.36617e-17 1.14392e-12 3.59594e-09 2.5988e-06 0.000431786 0.0164939 0.144851 0.292459 0.136379 0.0312027 0.10244 0.143874 0.0548471 0.0334899 0.0256013 0.0089138 0.00407698 0.00215385 0.00141546 0.000989141 0.000378352
 2.14411e-27 2.17045e-27 6.3791e-27 1.43992e-21 8.56376e-17 1.17094e-12 3.68087e-09 2.66018e-06 0.000441984 0.0168835 0.148272 0.299366 0.139596 0.0318239 0.104152 0.146194 0.0545125 0.0296188 0.0215829 0.00561003 0.0013983 0.00035327 0.000116564 5.71511e-05 1.94566e-05
 2.14418e-27 2.17062e-27 6.39725e-27 1.44608e-21 8.60038e-17 1.17595e-12 3.69661e-09 2.67155e-06 0.000443874 0.0169557 0.148906 0.300646 0.140186 0.0317822 0.103512 0.145294 0.0542424 0.0296632 0.0215643 0.00539613 0.00117376 0.000201788 2.50786e-05 4.6381e-06 1.10824e-06
 2.14447e-27 2.17133e-27 6.46991e-27 1.47071e-21 8.74689e-17 1.19598e-12 3.75958e-09 2.71706e-06 0.000451436 0.0172445 0.151442 0.305768 0.142552 0.0317505 0.101775 0.142809 0.0528558 0.0275182 0.0198106 0.00484884 0.00099592 0.000159936 1.47314e-05 9.96026e-07 7.56562e-08
 2.14274e-27 2.16708e-27 6.02083e-27 1.31838e-21 7.84092e-17 1.07211e-12 3.37018e-09 2.43564e-06 0.000404678 0.0154584 0.135757 0.274099 0.127962 0.0331119 0.11963 0.168013 0.062256 0.0326292 0.0235193 0.00576639 0.00118588 0.000187217 1.62291e-05 8.76638e-07 2.64605e-08
 2.14123e-27 2.16343e-27 5.64366e-27 1.19048e-21 7.08026e-17 9.68099e-13 3.04323e-09 2.19935e-06 0.000365419 0.0139588 0.122587 0.247509 0.115686 0.0335395 0.130255 0.183153 0.0698395 0.0425953 0.0313264 0.0074928 0.00144674 0.000223875 1.90953e-05 9.90606e-07 2.5314e-08
 2.14497e-27 2.1726e-27 6.61225e-27 1.51903e-21 9.03427e-17 1.23528e-12 3.88311e-09 2.80633e-06 0.000466268 0.0178111 0.156418 0.315813 0.147153 0.0305945 0.0916901 0.128716 0.0495498 0.0316037 0.023374 0.00557338 0.00106192 0.000158974 1.26272e-05 6.24959e-07 1.54401e-08
 2.14723e-27 2.17807e-27 7.17828e-27 1.71098e-21 1.01759e-16 1.39137e-12 4.37378e-09 3.16094e-06 0.000525186 0.0200618 0.176183 0.355718 0.165576 0.0299077 0.0754696 0.105616 0.0381519 0.017013 0.0119562 0.00303335 0.00067113 0.000104584 8.33011e-06 3.99254e-07 9.31558e-09
 2.14235e-27 2.16603e-27 5.8967e-27 1.27621e-21 7.59012e-17 1.03781e-12 3.26238e-09 2.35773e-06 0.000391733 0.014964 0.131414 0.265332 0.123968 0.034675 0.131815 0.184987 0.0655065 0.0250925 0.0169587 0.00400455 0.000756271 0.000120568 1.09764e-05 5.65895e-07 1.32431e-08
 2.14264e-27 2.16689e-27 6.00827e-27 1.31416e-21 7.81579e-17 1.06867e-12 3.35938e-09 2.42783e-06 0.000403381 0.0154089 0.135322 0.27322 0.127532 0.032476 0.116014 0.163055 0.0624261 0.0387913 0.0283373 0.00607585 0.000818421 0.0001083 8.49069e-06 4.3355e-07 1.11093e-08
 2.14673e-27 2.17686e-27 7.0518e-27 1.66809e-21 9.92075e-17 1.35649e-12 4.26413e-09 3.0817e-06 0.00051202 0.0195588 0.171766 0.346801 0.161462 0.0301311 0.079521 0.111372 0.0408197 0.0200253 0.0141848 0.00323297 0.000535797 7.00297e-05 4.14492e-06 1.58928e-07 3.56611e-09
 2.14421e-27 2.17061e-27 6.38216e-27 1.44089e-21 8.56952e-17 1.17173e-12 3.68335e-09 2.66196e-06 0.000442281 0.0168949 0.148371 0.299568 0.139735 0.0330475 0.111561 0.156427 0.0552692 0.0207767 0.0139665 0.00326075 0.000587518 8.35974e-05 5.84527e-06 2.30816e-07 4.14114e-09
 2.14246e-27 2.16639e-27 5.9467e-27 1.29323e-21 7.69134e-17 1.05165e-12 3.30589e-09 2.38917e-06 0.000396958 0.0151635 0.133167 0.26887 0.125556 0.0334134 0.123047 0.172835 0.0640456 0.0335548 0.0239292 0.00518463 0.000729188 9.73689e-05 7.25558e-06 3.19233e-07 6.42042e-09
 2.14178e-27 2.16471e-27 5.76647e-27 1.23208e-21 7.32766e-17 1.00193e-12 3.14957e-09 2.2762e-06 0.000378188 0.0144465 0.12687 0.256158 0.11971 0.0342227 0.13182 0.185167 0.067963 0.0336241 0.0237404 0.00511263 0.000695623 8.51243e-05 5.10298e-06 1.95257e-07 4.06626e-09
 2.14239e-27 2.16622e-27 5.9288e-27 1.28716e-21 7.65522e-17 1.04672e-12 3.29036e-09 2.37795e-06 0.000395094 0.0150923 0.132541 0.267608 0.124975 0.0334667 0.123753 0.173834 0.0644603 0.033903 0.0241455 0.00510345 0.000641084 7.52077e-05 4.31386e-06 1.4652e-07 2.55167e-09
 2.14431e-27 2.17087e-27 6.4124e-27 1.45116e-21 8.63061e-17 1.18008e-12 3.7096e-09 2.68094e-06 0.000445434 0.0170153 0.149429 0.301703 0.14071 0.0327314 0.108988 0.152847 0.054655 0.0226051 0.0153588 0.00313701 0.000335092 3.53426e-05 1.85644e-06 5.71582e-08 9.20654e-10
 2.14291e-27 2.16743e-27 6.04782e-27 1.32749e-21 7.89509e-17 1.07951e-12 3.39346e-09 2.45246e-06 0.000407473 0.0155652 0.136694 0.275993 0.128867 0.0338857 0.123784 0.173724 0.0623273 0.0264308 0.0180763 0.00375638 0.000436598 4.75034e-05 2.3395e-06 6.46835e-08 9.493e-10
 2.14385e-27 2.16974e-27 6.2947e-27 1.41125e-21 8.39322e-17 1.14762e-12 3.60757e-09 2.6072e-06 0.000433182 0.0165473 0.145319 0.293405 0.13688 0.0328986 0.11251 0.157857 0.057054 0.0255078 0.0176001 0.00357588 0.000370152 3.80072e-05 1.91984e-06 5.42452e-08 7.57793e-10
 2.14338e-27 2.16857e-27 6.16779e-27 1.36818e-21 8.13708e-17 1.1126e-12 3.49747e-09 2.52763e-06 0.000419963 0.0160423 0.140884 0.284452 0.132769 0.0336418 0.119745 0.167999 0.0598702 0.0241234 0.0163033 0.00334388 0.000364409 3.79911e-05 1.80341e-06 4.71268e-08 6.54132e-10
 2.14392e-27 2.16992e-27 6.31445e-27 1.41794e-21 8.43306e-17 1.15307e-12 3.62469e-09 2.61957e-06 0.000435238 0.0166258 0.146009 0.294798 0.137521 0.0328256 0.111644 0.156638 0.0566286 0.0253656 0.0175141 0.00357371 0.000378306 3.90907e-05 1.91479e-06 5.15058e-08 6.89698e-10
 2.1443e-27 2.17084e-27 6.40923e-27 1.45009e-21 8.62422e-17 1.17921e-12 3.70686e-09 2.67896e-06 0.000445105 0.0170027 0.149319 0.30148 0.140605 0.0326721 0.108693 0.152443 0.0546736 0.0231277 0.0158122 0.00329383 0.000387174 4.22664e-05 2.05554e-06 5.48303e-08 7.47978e-10
 2.14283e-27 2.16723e-27 6.02942e-27 1.32126e-21 7.85802e-17 1.07444e-12 3.37753e-09 2.44095e-06 0.00040556 0.0154921 0.136053 0.274697 0.128264 0.0337831 0.123548 0.173421 0.0626233 0.0278275 0.0192377 0.00406946 0.000513365 5.9109e-05 3.11213e-06 9.10633e-08 1.27079e-09
 2.14407e-27 2.17032e-27 6.35832e-27 1.43284e-21 8.52162e-17 1.16518e-12 3.66276e-09 2.64709e-06 0.000439809 0.0168004 0.147542 0.297893 0.13894 0.0324919 0.108674 0.152483 0.0556003 0.0263808 0.0184352 0.00382422 0.000440838 4.88984e-05 2.64562e-06 8.18142e-08 1.22543e-09
 2.14385e-27 2.16974e-27 6.29318e-27 1.41072e-21 8.3901e-17 1.1472e-12 3.60623e-09 2.60623e-06 0.000433021 0.0165411 0.145265 0.293296 0.136835 0.0330415 0.113415 0.159104 0.0571016 0.0242791 0.0166423 0.0035349 0.000453933 5.24089e-05 2.71622e-06 8.02763e-08 1.21946e-09
 2.14302e-27 2.16771e-27 6.08002e-27 1.33842e-21 7.96011e-17 1.0884e-12 3.42141e-09 2.47266e-06 0.000410829 0.0156934 0.13782 0.278265 0.129908 0.0336298 0.121537 0.170583 0.0615765 0.0272925 0.0188364 0.0039259 0.000463855 5.23834e-05 2.8894e-06 9.06597e-08 1.35562e-09
 2.14373e-27 2.16945e-27 6.26226e-27 1.40023e-21 8.32772e-17 1.13867e-12 3.57942e-09 2.58685e-06 0.000429802 0.0164181 0.144185 0.291116 0.135832 0.0331668 0.114837 0.161108 0.0578115 0.0245461 0.0167607 0.00339992 0.000349387 3.57489e-05 1.82188e-06 5.37124e-08 8.24353e-10
 2.14519e-27 2.17303e-27 6.64158e-27 1.52891e-21 9.093e-17 1.24331e-12 3.90835e-09 2.82457e-06 0.000469299 0.0179269 0.157435 0.317866 0.148151 0.0318953 0.0990121 0.138791 0.0497698 0.021028 0.0143553 0.00294252 0.000319226 3.31906e-05 1.57475e-06 4.12305e-08 5.8025e-10
#obs surv len freq
 8.66644e-40 4.24162e-33 4.77274e-27 1.23466e-21 7.343e-17 1.00402e-12 3.15615e-09 2.28096e-06 0.000378984 0.0144767 0.127135 0.256692 0.11988 0.032182 0.119199 0.167631 0.0650767 0.0432473 0.0338451 0.0127468 0.00543016 0.00165624 0.000367564 4.98925e-05 3.45603e-06
 1.03685e-39 5.07465e-33 5.71008e-27 1.47714e-21 8.78512e-17 1.20121e-12 3.77601e-09 2.72893e-06 0.000453415 0.0173199 0.152103 0.307102 0.143126 0.0305737 0.0941878 0.13225 0.0508844 0.0324777 0.0251801 0.00919211 0.00376931 0.00110682 0.000237627 3.14644e-05 2.11815e-06
 9.66103e-40 4.7284e-33 5.32047e-27 1.37636e-21 8.18571e-17 1.11925e-12 3.51836e-09 2.54273e-06 0.000422478 0.0161381 0.141725 0.28615 0.133523 0.0328126 0.11417 0.160219 0.058094 0.0266426 0.0195323 0.00690029 0.00272095 0.000768234 0.000157321 2.00083e-05 1.3066e-06
 1.05027e-39 5.14035e-33 5.784e-27 1.49627e-21 8.89886e-17 1.21676e-12 3.82489e-09 2.76426e-06 0.000459285 0.0175441 0.154072 0.311078 0.144993 0.0313533 0.0977486 0.137138 0.0508779 0.0268854 0.0197339 0.00575262 0.00178623 0.00047106 9.15631e-05 1.10721e-05 6.91523e-07
 9.85937e-40 4.82548e-33 5.42971e-27 1.40461e-21 8.35377e-17 1.14223e-12 3.5906e-09 2.59493e-06 0.000431152 0.0164695 0.144635 0.292025 0.136241 0.0328616 0.112699 0.158106 0.0568481 0.0245534 0.0175091 0.00542375 0.0017455 0.000383295 6.02049e-05 6.65571e-06 3.93331e-07
 8.12849e-40 3.97833e-33 4.47648e-27 1.15802e-21 6.8872e-17 9.41701e-13 2.96024e-09 2.13937e-06 0.00035546 0.0135781 0.119243 0.24076 0.112612 0.0347816 0.139871 0.196521 0.0719872 0.0352276 0.0254225 0.00711223 0.00200404 0.000447919 6.68617e-05 6.08321e-06 3.08201e-07
 7.92351e-40 3.87801e-33 4.3636e-27 1.12882e-21 6.71352e-17 9.17953e-13 2.88559e-09 2.08542e-06 0.000346496 0.0132357 0.116236 0.234689 0.109761 0.0335985 0.134479 0.189173 0.0728159 0.0464819 0.0350988 0.0103109 0.00305369 0.000626194 8.44807e-05 7.34436e-06 3.27993e-07
 1.32997e-39 6.50929e-33 7.32435e-27 1.89474e-21 1.12687e-16 1.5408e-12 4.84351e-09 3.50041e-06 0.000581599 0.0222163 0.195104 0.393918 0.183146 0.0274633 0.0490342 0.0684344 0.0260949 0.0159536 0.0121698 0.00408218 0.00143866 0.000313645 4.25636e-05 3.40466e-06 1.39839e-07
 1.10597e-39 5.41297e-33 6.09076e-27 1.57562e-21 9.37081e-17 1.28129e-12 4.02774e-09 2.91086e-06 0.000483643 0.0184746 0.162244 0.327576 0.152669 0.0326456 0.100665 0.140881 0.047184 0.00949343 0.00522681 0.00168758 0.000594313 0.000146814 2.31841e-05 1.95506e-06 7.78212e-08
 6.37806e-40 3.12162e-33 3.5125e-27 9.08649e-22 5.40408e-17 7.3891e-13 2.32277e-09 1.67867e-06 0.000278914 0.0106541 0.0935647 0.188917 0.0887932 0.0387521 0.179735 0.252488 0.0887364 0.0318346 0.0209914 0.00447427 0.000631998 0.00012368 2.02477e-05 1.94e-06 8.54164e-08
 1.23341e-39 6.03671e-33 6.7926e-27 1.75718e-21 1.04506e-16 1.42893e-12 4.49186e-09 3.24628e-06 0.000539374 0.0206034 0.180939 0.36532 0.169939 0.0278626 0.0600916 0.0842225 0.0344631 0.0279613 0.0213534 0.00537009 0.00114888 0.000168198 1.30439e-05 9.51315e-07 4.41781e-08
 1.17898e-39 5.77029e-33 6.49283e-27 1.67963e-21 9.9894e-17 1.36587e-12 4.29363e-09 3.10301e-06 0.00051557 0.0196941 0.172954 0.349199 0.162615 0.0312876 0.0858579 0.120057 0.0404753 0.00904886 0.00537129 0.00200519 0.000760789 0.00014156 1.34488e-05 6.91777e-07 1.8815e-08
 8.8532e-40 4.33303e-33 4.87559e-27 1.26127e-21 7.50124e-17 1.02566e-12 3.22417e-09 2.33011e-06 0.000387152 0.0147887 0.129874 0.262225 0.12257 0.0356867 0.138927 0.19486 0.0669202 0.0190061 0.0117109 0.00253899 0.000399059 8.92914e-05 1.3893e-05 9.42082e-07 2.57925e-08
 9.26027e-40 4.53226e-33 5.09977e-27 1.31926e-21 7.84615e-17 1.07282e-12 3.37242e-09 2.43725e-06 0.000404953 0.0154687 0.135846 0.274281 0.128054 0.0332978 0.120711 0.169507 0.062393 0.0314261 0.0223884 0.0051776 0.00090291 0.000128391 1.10583e-05 8.57048e-07 3.33992e-08
 7.39246e-40 3.6181e-33 4.07114e-27 1.05317e-21 6.26357e-17 8.5643e-13 2.6922e-09 1.94566e-06 0.000323273 0.0123486 0.108446 0.218961 0.102589 0.0362383 0.155334 0.218248 0.0787185 0.0347514 0.0246787 0.0070692 0.00194566 0.000319689 2.60281e-05 1.29458e-06 3.76915e-08
 1.12411e-39 5.50174e-33 6.19065e-27 1.60146e-21 9.5245e-17 1.3023e-12 4.0938e-09 2.9586e-06 0.000491575 0.0187775 0.164904 0.332948 0.155049 0.0298878 0.0822114 0.115316 0.0442593 0.0278649 0.0208252 0.00565016 0.00148023 0.000295838 3.48032e-05 2.01046e-06 4.93277e-08
 8.70938e-40 4.26264e-33 4.79639e-27 1.24078e-21 7.37938e-17 1.009e-12 3.17179e-09 2.29226e-06 0.000380862 0.0145485 0.127765 0.257965 0.1206 0.0356794 0.140166 0.196621 0.0677068 0.0198678 0.0128773 0.00413867 0.00137172 0.000274049 3.31862e-05 2.38838e-06 7.6097e-08
 9.57991e-40 4.68871e-33 5.2758e-27 1.3648e-21 8.11698e-17 1.10985e-12 3.48882e-09 2.52138e-06 0.000418931 0.0160026 0.140535 0.283748 0.132412 0.0328192 0.114936 0.161366 0.0595072 0.0303128 0.0216523 0.00506739 0.00098142 0.000206426 2.98194e-05 2.26486e-06 8.00137e-08
 1.01352e-39 4.96049e-33 5.58162e-27 1.44391e-21 8.58749e-17 1.17418e-12 3.69106e-09 2.66754e-06 0.000443215 0.0169302 0.148681 0.300195 0.140011 0.0326736 0.109089 0.15299 0.0546645 0.02252 0.015773 0.00453353 0.00125777 0.000212849 2.09955e-05 1.60596e-06 6.35357e-08
 8.66613e-40 4.24147e-33 4.77257e-27 1.23462e-21 7.34274e-17 1.00399e-12 3.15604e-09 2.28088e-06 0.000378971 0.0144762 0.12713 0.256684 0.119985 0.0350753 0.136865 0.192101 0.0679444 0.0257831 0.0175585 0.00461413 0.00114542 0.000227566 2.72539e-05 1.71936e-06 5.53076e-08
 1.12125e-39 5.48775e-33 6.1749e-27 1.59739e-21 9.50027e-17 1.29899e-12 4.08339e-09 2.95107e-06 0.000490325 0.0187298 0.164485 0.332101 0.154688 0.0306959 0.0873997 0.122499 0.0450278 0.0225022 0.0161463 0.00410633 0.000935366 0.000169975 1.96367e-05 1.40808e-06 4.69984e-08
 8.88655e-40 4.34935e-33 4.89396e-27 1.26602e-21 7.5295e-17 1.02952e-12 3.23631e-09 2.33889e-06 0.00038861 0.0148444 0.130364 0.263212 0.123014 0.0353645 0.136662 0.191701 0.0662422 0.020175 0.0130533 0.00372436 0.00104067 0.000189478 2.00531e-05 1.33742e-06 4.5588e-08
 1.00181e-39 4.90316e-33 5.51712e-27 1.42723e-21 8.48825e-17 1.16061e-12 3.6484e-09 2.63671e-06 0.000438093 0.0167346 0.146963 0.296725 0.138392 0.0322713 0.107679 0.15112 0.0556429 0.0280846 0.0200557 0.00475782 0.000933523 0.00017601 2.16192e-05 1.44823e-06 4.60028e-08
 1.03283e-39 5.05498e-33 5.68794e-27 1.47142e-21 8.75107e-17 1.19655e-12 3.76137e-09 2.71835e-06 0.000451657 0.0172527 0.151513 0.305912 0.14265 0.0325526 0.106627 0.149491 0.0530463 0.0206921 0.0143207 0.00412156 0.00114903 0.000196224 1.88417e-05 1.26982e-06 4.35634e-08
 8.74014e-40 4.27769e-33 4.81333e-27 1.24516e-21 7.40545e-17 1.01256e-12 3.183e-09 2.30036e-06 0.000382208 0.0145998 0.128216 0.258876 0.120997 0.0350313 0.135935 0.190781 0.0673469 0.0251378 0.0170205 0.00438948 0.00105083 0.000207835 2.50308e-05 1.56791e-06 4.71137e-08
 9.27002e-40 4.53703e-33 5.10514e-27 1.32065e-21 7.85441e-17 1.07395e-12 3.37597e-09 2.43982e-06 0.000405379 0.015485 0.135989 0.274569 0.128185 0.0332469 0.120313 0.168943 0.0621361 0.0311617 0.0223657 0.00566663 0.0012761 0.00022732 2.554e-05 1.81904e-06 6.05588e-08
 9.72806e-40 4.76121e-33 5.35739e-27 1.38591e-21 8.24251e-17 1.12701e-12 3.54278e-09 2.56037e-06 0.00042541 0.0162501 0.142708 0.288135 0.13445 0.0330472 0.115005 0.161366 0.0581452 0.0254918 0.0180726 0.00516793 0.00144271 0.000261365 2.72412e-05 1.77409e-06 5.92978e-08
 1.13e-39 5.53058e-33 6.22309e-27 1.60986e-21 9.57441e-17 1.30913e-12 4.11526e-09 2.9741e-06 0.000494152 0.018876 0.165769 0.334693 0.1559 0.0310622 0.0888545 0.124457 0.0444498 0.0182429 0.0126799 0.00342462 0.000892509 0.000178981 2.1985e-05 1.45938e-06 4.55175e-08
#pred catch len freq
 2.13514e-27 2.14705e-27 3.87872e-27 5.91914e-22 3.52033e-17 4.81342e-13 1.51311e-09 1.09353e-06 0.000181688 0.00694035 0.0609505 0.123066 0.0579639 0.028486 0.1369 0.193468 0.0849397 0.0855356 0.0753031 0.0444853 0.032859 0.024064 0.0208521 0.0171582 0.00684543
 2.13622e-27 2.15111e-27 4.35298e-27 7.52749e-22 4.47688e-17 6.12134e-13 1.92425e-09 1.39066e-06 0.000231056 0.00882619 0.0775121 0.156506 0.0736821 0.0353796 0.168915 0.237967 0.0933635 0.0648246 0.0501225 0.0167932 0.00730798 0.00376544 0.00244605 0.00170445 0.000651685
 2.13656e-27 2.152e-27 4.44146e-27 7.82711e-22 4.65508e-17 6.36499e-13 2.00084e-09 1.44601e-06 0.000240253 0.0091775 0.0805973 0.162735 0.0766135 0.036749 0.1754 0.246946 0.0945375 0.0587763 0.0435643 0.0110602 0.0026143 0.000642994 0.000207961 0.000101414 3.45004e-05
 2.13677e-27 2.15252e-27 4.4947e-27 8.00763e-22 4.76244e-17 6.51178e-13 2.04699e-09 1.47936e-06 0.000245794 0.00938917 0.0824561 0.166488 0.0783483 0.0367442 0.174239 0.24529 0.093694 0.057624 0.0425139 0.0104051 0.00214536 0.000360887 4.39113e-05 8.02073e-06 1.91185e-06
 2.13696e-27 2.15297e-27 4.53958e-27 8.15969e-22 4.85287e-17 6.63544e-13 2.08586e-09 1.50746e-06 0.000250462 0.00956746 0.0840219 0.16965 0.0798153 0.0368888 0.174169 0.245141 0.0929617 0.0551763 0.0404382 0.00970055 0.00189132 0.000297487 2.69085e-05 1.79749e-06 1.35673e-07
 2.13555e-27 2.14949e-27 4.17186e-27 6.91234e-22 4.11103e-17 5.6211e-13 1.767e-09 1.27702e-06 0.000212174 0.00810491 0.0711778 0.143718 0.0678707 0.0380631 0.189154 0.266283 0.100695 0.0589218 0.0430998 0.0103448 0.00201482 0.000311484 2.65238e-05 1.41668e-06 4.25235e-08
 2.13455e-27 2.14713e-27 3.93211e-27 6.0996e-22 3.62766e-17 4.96018e-13 1.55924e-09 1.12687e-06 0.000187227 0.00715195 0.0628088 0.126821 0.0600512 0.0378557 0.19298 0.271871 0.105334 0.069149 0.0512458 0.0119994 0.00218432 0.000330204 2.76585e-05 1.41874e-06 3.60677e-08
 2.13759e-27 2.15462e-27 4.72669e-27 8.79506e-22 5.23075e-17 7.15212e-13 2.24828e-09 1.62484e-06 0.000269964 0.0103125 0.0905645 0.182858 0.0858549 0.0351033 0.159288 0.224377 0.0885161 0.0627088 0.0468913 0.0109632 0.00197698 0.000289617 2.2601e-05 1.10524e-06 2.71612e-08
 2.14004e-27 2.16045e-27 5.31952e-27 1.08049e-21 6.42606e-17 8.78649e-13 2.76205e-09 1.99614e-06 0.000331655 0.012669 0.11126 0.224642 0.105182 0.0353709 0.148328 0.208496 0.0769835 0.0395211 0.0284252 0.00705745 0.00148581 0.000227454 1.78119e-05 8.43925e-07 1.95869e-08
 2.13557e-27 2.14937e-27 4.13431e-27 6.78376e-22 4.03456e-17 5.51654e-13 1.73413e-09 1.25326e-06 0.000208228 0.00795415 0.0698538 0.141046 0.0667223 0.0403862 0.204141 0.287015 0.102664 0.0425853 0.0292447 0.00676863 0.00120536 0.000187491 1.6766e-05 8.55714e-07 1.99287e-08
 2.13603e-27 2.15073e-27 4.30849e-27 7.3761e-22 4.38684e-17 5.99823e-13 1.88555e-09 1.36269e-06 0.000226409 0.00864868 0.0759532 0.153359 0.0722899 0.0370488 0.180056 0.253581 0.0979157 0.0632805 0.0464107 0.0098126 0.00124361 0.000159152 1.22375e-05 6.16983e-07 1.57274e-08
 2.13967e-27 2.15957e-27 5.22953e-27 1.04997e-21 6.24458e-17 8.53836e-13 2.68404e-09 1.93977e-06 0.000322289 0.0123112 0.108118 0.218298 0.10225 0.0353961 0.150394 0.211474 0.0789576 0.0431777 0.0310876 0.00696977 0.001094 0.000139919 8.15374e-06 3.0775e-07 6.85762e-09
 2.13712e-27 2.15317e-27 4.53689e-27 8.14941e-22 4.84676e-17 6.62709e-13 2.08323e-09 1.50556e-06 0.000250146 0.00955542 0.0839162 0.169437 0.0797977 0.0390442 0.187391 0.263395 0.094185 0.0389729 0.026729 0.00612594 0.00104357 0.000145239 9.98799e-06 3.89626e-07 6.95123e-09
 2.13607e-27 2.15071e-27 4.29125e-27 7.3169e-22 4.35163e-17 5.95008e-13 1.87042e-09 1.35176e-06 0.000224592 0.00857927 0.0753436 0.152129 0.0717721 0.0384095 0.188733 0.265571 0.0988443 0.0530994 0.0379713 0.00810225 0.00107011 0.000138337 1.01182e-05 4.39758e-07 8.79748e-09
 2.13558e-27 2.14947e-27 4.15604e-27 6.85801e-22 4.07872e-17 5.57692e-13 1.75311e-09 1.26698e-06 0.000210507 0.00804121 0.0706183 0.142589 0.0673934 0.0392562 0.196778 0.276842 0.101899 0.0512906 0.0362771 0.0076964 0.000983611 0.000116655 6.87428e-06 2.58919e-07 5.35604e-09
 2.13653e-27 2.15181e-27 4.4047e-27 7.70157e-22 4.58041e-17 6.2629e-13 1.96875e-09 1.42282e-06 0.0002364 0.00903031 0.0793046 0.160126 0.0754679 0.0383698 0.18608 0.261769 0.0966515 0.0495648 0.035116 0.00731718 0.000861366 9.75091e-05 5.49845e-06 1.83878e-07 3.17988e-09
 2.13778e-27 2.15482e-27 4.71182e-27 8.74282e-22 5.19968e-17 7.10964e-13 2.23493e-09 1.61519e-06 0.000268361 0.0102512 0.0900266 0.181773 0.0854762 0.0383791 0.179612 0.252455 0.0906577 0.0387023 0.0264502 0.00534851 0.000540085 5.48272e-05 2.8333e-06 8.58299e-08 1.37223e-09
 2.13675e-27 2.15228e-27 4.44254e-27 7.82935e-22 4.65641e-17 6.36681e-13 2.00141e-09 1.44643e-06 0.000240322 0.00918013 0.0806204 0.162783 0.0767314 0.0393093 0.191015 0.268528 0.0963482 0.0408787 0.0279341 0.00573428 0.000627075 6.58139e-05 3.19334e-06 8.68117e-08 1.26374e-09
 2.13759e-27 2.15437e-27 4.66652e-27 8.5893e-22 5.10838e-17 6.9848e-13 2.19568e-09 1.58683e-06 0.000263649 0.0100712 0.0884458 0.178582 0.0839972 0.0382881 0.180019 0.253075 0.0915213 0.041077 0.0283426 0.00570082 0.000557072 5.49142e-05 2.72954e-06 7.5882e-08 1.05218e-09
 2.13706e-27 2.15302e-27 4.51896e-27 8.08851e-22 4.81054e-17 6.57755e-13 2.06766e-09 1.49431e-06 0.000248277 0.009484 0.083289 0.168171 0.0792197 0.0392406 0.188971 0.265612 0.0948299 0.0387524 0.0262491 0.00532611 0.000547637 5.49909e-05 2.57272e-06 6.60941e-08 9.09738e-10
 2.13749e-27 2.15413e-27 4.64289e-27 8.50919e-22 5.06074e-17 6.91965e-13 2.1752e-09 1.57202e-06 0.00026119 0.00997727 0.0876209 0.176916 0.0832265 0.0382696 0.180408 0.253641 0.0919729 0.0420481 0.0291241 0.00588273 0.000588306 5.84857e-05 2.82153e-06 7.46633e-08 9.92123e-10
 2.13761e-27 2.15442e-27 4.67134e-27 8.60562e-22 5.11808e-17 6.99807e-13 2.19985e-09 1.58984e-06 0.000264149 0.0100903 0.0886138 0.178921 0.0841552 0.0383195 0.180108 0.253189 0.0914011 0.0405253 0.0279457 0.00575536 0.000639022 6.74874e-05 3.23596e-06 8.49068e-08 1.14915e-09
 2.13651e-27 2.15171e-27 4.38588e-27 7.63735e-22 4.54222e-17 6.21067e-13 1.95233e-09 1.41096e-06 0.000234428 0.008955 0.0786433 0.158791 0.0748803 0.0391593 0.191302 0.268996 0.0973689 0.0439887 0.0304754 0.00636048 0.000754647 8.40795e-05 4.35944e-06 1.2558e-07 1.74027e-09
 2.13753e-27 2.15426e-27 4.66047e-27 8.56903e-22 5.09633e-17 6.96832e-13 2.1905e-09 1.58308e-06 0.000263026 0.0100474 0.0882371 0.17816 0.0837856 0.0378427 0.177427 0.249506 0.0914136 0.0447125 0.0313871 0.00643716 0.000700015 7.49233e-05 3.98856e-06 1.21446e-07 1.80661e-09
 2.13734e-27 2.15374e-27 4.59942e-27 8.36162e-22 4.97297e-17 6.79965e-13 2.13748e-09 1.54476e-06 0.00025666 0.00980424 0.0861013 0.173848 0.081821 0.0386094 0.183407 0.25783 0.0929158 0.0406993 0.0280361 0.00587515 0.000710257 7.94636e-05 4.05721e-06 1.17975e-07 1.77875e-09
 2.13694e-27 2.15275e-27 4.49425e-27 8.00486e-22 4.76079e-17 6.50953e-13 2.04628e-09 1.47885e-06 0.000245709 0.00938592 0.0824277 0.166431 0.0784048 0.0389517 0.187732 0.263934 0.095168 0.0418466 0.0288079 0.00592856 0.000658222 7.16404e-05 3.88639e-06 1.20082e-07 1.78348e-09
 2.13741e-27 2.15391e-27 4.61578e-27 8.41706e-22 5.00594e-17 6.84474e-13 2.15165e-09 1.555e-06 0.000258362 0.00986924 0.0866722 0.175001 0.0823564 0.0386782 0.183479 0.257913 0.0926924 0.039803 0.0272214 0.00546804 0.000530887 5.2153e-05 2.61486e-06 7.5824e-08 1.15487e-09
 2.13804e-27 2.15549e-27 4.78752e-27 8.99986e-22 5.35255e-17 7.31866e-13 2.30063e-09 1.66267e-06 0.000276251 0.0105526 0.0926734 0.187117 0.0879204 0.0376806 0.173738 0.244255 0.0888552 0.0415115 0.0288813 0.00586807 0.000605611 6.09533e-05 2.85264e-06 7.34622e-08 1.02533e-09
#obs catch len freq
 4.07321e-40 1.99355e-33 2.24318e-27 5.80288e-22 3.45119e-17 4.71888e-13 1.48338e-09 1.07205e-06 0.000178122 0.00680403 0.059753 0.120651 0.0571247 0.0358765 0.182754 0.257665 0.102885 0.0767109 0.0611506 0.0238606 0.0104938 0.00324579 0.000734966 0.000102626 7.34331e-06
 4.19727e-40 2.05427e-33 2.3115e-27 5.97963e-22 3.55631e-17 4.86261e-13 1.52857e-09 1.1047e-06 0.000183547 0.00701127 0.061573 0.124326 0.058836 0.036207 0.183665 0.258882 0.102441 0.0737234 0.0582487 0.0219668 0.00936189 0.0028505 0.000631302 8.55497e-05 5.91863e-06
 5.71627e-40 2.79772e-33 3.14804e-27 8.14368e-22 4.84335e-17 6.6224e-13 2.08176e-09 1.50449e-06 0.000249973 0.00954866 0.0838564 0.169315 0.0795942 0.0351104 0.163411 0.230171 0.0901426 0.0621776 0.0486759 0.0177883 0.00729608 0.00213863 0.00045817 6.05647e-05 4.07204e-06
 5.17648e-40 2.53353e-33 2.85077e-27 7.37466e-22 4.38599e-17 5.99705e-13 1.88518e-09 1.36242e-06 0.000226368 0.00864697 0.0759377 0.153329 0.0723235 0.0383153 0.187794 0.264149 0.0968506 0.0477556 0.0354735 0.0125388 0.00494288 0.00139292 0.000284597 3.61315e-05 2.35642e-06
 6.0158e-40 2.94432e-33 3.31299e-27 8.5704e-22 5.09714e-17 6.96941e-13 2.19084e-09 1.58333e-06 0.000263072 0.010049 0.0882503 0.178187 0.083752 0.0366082 0.169882 0.23903 0.0898101 0.0508902 0.0377554 0.0110088 0.0034166 0.000899267 0.000174388 2.10497e-05 1.31292e-06
 5.45307e-40 2.6689e-33 3.00309e-27 7.76871e-22 4.62034e-17 6.31748e-13 1.98591e-09 1.43522e-06 0.000238464 0.009109 0.0799953 0.161521 0.07612 0.0385557 0.186793 0.262662 0.0953477 0.0440201 0.0317999 0.00985138 0.00316842 0.000694576 0.000108807 1.20047e-05 7.08448e-07
 4.06824e-40 1.99112e-33 2.24044e-27 5.79581e-22 3.44699e-17 4.71313e-13 1.48158e-09 1.07074e-06 0.000177905 0.00679573 0.0596801 0.120506 0.0572009 0.0397053 0.206173 0.290149 0.10739 0.0559548 0.0408071 0.0114136 0.00321224 0.000716615 0.000106714 9.69026e-06 4.90147e-07
 3.95235e-40 1.9344e-33 2.17662e-27 5.63071e-22 3.34879e-17 4.57887e-13 1.43937e-09 1.04024e-06 0.000172837 0.00660214 0.05798 0.117072 0.0555358 0.0376278 0.194526 0.274113 0.106915 0.0723609 0.0550348 0.0161575 0.00477841 0.000978126 0.000131609 1.1419e-05 5.09207e-07
 9.82285e-40 4.8076e-33 5.40959e-27 1.39941e-21 8.32282e-17 1.13799e-12 3.5773e-09 2.58532e-06 0.000429555 0.0164084 0.144099 0.290942 0.135679 0.0312381 0.103115 0.144872 0.0559063 0.0361427 0.0277687 0.00930519 0.00327402 0.000712443 9.64399e-05 7.69965e-06 3.1575e-07
 6.95669e-40 3.40482e-33 3.83116e-27 9.91084e-22 5.89435e-17 8.05945e-13 2.5335e-09 1.83096e-06 0.000304217 0.0116207 0.102053 0.206055 0.0967376 0.0393172 0.178018 0.249786 0.0838822 0.0176278 0.00993765 0.00320629 0.00112671 0.000277707 4.37487e-05 3.68291e-06 1.46387e-07
 3.02913e-40 1.48255e-33 1.66819e-27 4.31544e-22 2.56655e-17 3.5093e-13 1.10315e-09 7.9725e-07 0.000132464 0.00505996 0.0444366 0.0897306 0.0431139 0.0434639 0.238394 0.335209 0.118489 0.0446849 0.0298281 0.0063564 0.000895431 0.00017469 2.85203e-05 2.72771e-06 1.19944e-07
 8.55247e-40 4.18584e-33 4.70997e-27 1.21843e-21 7.24644e-17 9.90819e-13 3.11465e-09 2.25096e-06 0.000374001 0.0142863 0.125463 0.253316 0.118285 0.0312507 0.114533 0.161344 0.0669542 0.0568883 0.0436323 0.0109618 0.0023392 0.000341992 2.64406e-05 1.92215e-06 8.91195e-08
 7.95352e-40 3.8927e-33 4.38012e-27 1.1331e-21 6.73895e-17 9.2143e-13 2.89652e-09 2.09332e-06 0.000347809 0.0132858 0.116676 0.235579 0.110315 0.0373977 0.157403 0.220801 0.0746418 0.0173618 0.0104955 0.00391129 0.00148072 0.000275092 2.60699e-05 1.33844e-06 3.63257e-08
 4.91155e-40 2.40386e-33 2.70486e-27 6.99723e-22 4.16151e-17 5.69012e-13 1.78869e-09 1.29269e-06 0.000214783 0.00820442 0.0720513 0.145483 0.0688238 0.0417137 0.210905 0.296273 0.102146 0.0303125 0.0189523 0.00410762 0.000643397 0.000143487 2.22784e-05 1.5087e-06 4.12515e-08
 5.23944e-40 2.56434e-33 2.88544e-27 7.46435e-22 4.43933e-17 6.06999e-13 1.9081e-09 1.37899e-06 0.000229121 0.00875214 0.0768613 0.155194 0.0731858 0.0383188 0.187255 0.263464 0.0977591 0.0516285 0.037065 0.00856556 0.00148959 0.000211446 1.81515e-05 1.40283e-06 5.46054e-08
 3.75573e-40 1.83817e-33 2.06834e-27 5.3506e-22 3.1822e-17 4.35109e-13 1.36777e-09 9.88489e-07 0.000164239 0.00627371 0.0550957 0.11125 0.052968 0.0409344 0.216466 0.30452 0.110591 0.051182 0.0366711 0.0104904 0.00287998 0.000472528 3.8375e-05 1.90433e-06 5.53259e-08
 7.2083e-40 3.52796e-33 3.96972e-27 1.02693e-21 6.10753e-17 8.35094e-13 2.62513e-09 1.89718e-06 0.00031522 0.012041 0.105744 0.213506 0.0999933 0.034286 0.14506 0.204166 0.0791946 0.0523045 0.0393235 0.010656 0.002784 0.000555233 6.51629e-05 3.75857e-06 9.20841e-08
 4.79999e-40 2.34926e-33 2.64343e-27 6.8383e-22 4.06699e-17 5.56088e-13 1.74807e-09 1.26333e-06 0.000209904 0.00801807 0.0704148 0.142179 0.067289 0.0415192 0.210713 0.296028 0.102347 0.0313716 0.0206146 0.00661498 0.00218683 0.000436043 5.26539e-05 3.78224e-06 1.20356e-07
 5.54062e-40 2.71175e-33 3.05131e-27 7.89344e-22 4.69453e-17 6.41891e-13 2.01779e-09 1.45826e-06 0.000242292 0.00925526 0.0812797 0.164114 0.0772919 0.0378398 0.181642 0.255554 0.0950002 0.0507074 0.0364922 0.00853345 0.00164728 0.000345503 4.97844e-05 3.7747e-06 1.33158e-07
 6.08212e-40 2.97678e-33 3.34952e-27 8.66489e-22 5.15333e-17 7.04625e-13 2.215e-09 1.60078e-06 0.000265972 0.0101598 0.0892233 0.180152 0.0847185 0.0381553 0.178733 0.251228 0.0903252 0.0389734 0.0275567 0.00790947 0.00218864 0.00036978 3.63599e-05 2.77415e-06 1.09599e-07
 4.76639e-40 2.33282e-33 2.62492e-27 6.79043e-22 4.03852e-17 5.52195e-13 1.73583e-09 1.25449e-06 0.000208435 0.00796195 0.0699218 0.141184 0.0667909 0.0405086 0.204845 0.287967 0.102415 0.0406573 0.0279736 0.00734251 0.00181707 0.000360186 4.30286e-05 2.70964e-06 8.69996e-08
 7.20099e-40 3.52439e-33 3.9657e-27 1.02589e-21 6.10135e-17 8.34249e-13 2.62247e-09 1.89526e-06 0.000314901 0.0120288 0.105637 0.21329 0.0999481 0.0357389 0.153995 0.216514 0.0802268 0.0420539 0.0304117 0.00772642 0.00175499 0.000318249 3.6661e-05 2.6236e-06 8.74494e-08
 4.91192e-40 2.40404e-33 2.70507e-27 6.99775e-22 4.16182e-17 5.69054e-13 1.78883e-09 1.29279e-06 0.000214799 0.00820504 0.0720566 0.145494 0.0688122 0.0412713 0.208201 0.292516 0.101526 0.0323781 0.0212411 0.00605371 0.00168728 0.000306663 3.23654e-05 2.15398e-06 7.33044e-08
 5.91222e-40 2.89362e-33 3.25595e-27 8.42283e-22 5.00937e-17 6.84942e-13 2.15312e-09 1.55606e-06 0.000258542 0.00987598 0.0867308 0.17512 0.0823633 0.0373952 0.175611 0.247034 0.0917212 0.0486236 0.035 0.00829688 0.0016233 0.000305335 3.74082e-05 2.50145e-06 7.93338e-08
 6.25358e-40 3.0607e-33 3.44394e-27 8.90916e-22 5.29861e-17 7.24489e-13 2.27744e-09 1.64591e-06 0.00027347 0.0104462 0.0917386 0.18523 0.0870671 0.0381773 0.177337 0.249212 0.0889618 0.0363827 0.0254422 0.00731302 0.00203369 0.000346749 3.31979e-05 2.23207e-06 7.64629e-08
 4.80641e-40 2.3524e-33 2.64696e-27 6.84744e-22 4.07243e-17 5.56831e-13 1.7504e-09 1.26502e-06 0.000210185 0.00802879 0.0705089 0.142369 0.0673402 0.0405456 0.204713 0.287767 0.102151 0.0399358 0.0273326 0.0070417 0.00168073 0.000331666 3.98453e-05 2.49157e-06 7.47414e-08
 5.25359e-40 2.57127e-33 2.89323e-27 7.48452e-22 4.45132e-17 6.08638e-13 1.91326e-09 1.38272e-06 0.00022974 0.00877578 0.0770689 0.155613 0.0733766 0.0382408 0.186652 0.262608 0.0973545 0.0511767 0.037013 0.00936793 0.00210351 0.000373932 4.18903e-05 2.97743e-06 9.89893e-08
 5.67113e-40 2.77563e-33 3.12318e-27 8.07937e-22 4.8051e-17 6.57011e-13 2.06532e-09 1.49261e-06 0.000247999 0.00947326 0.0831942 0.16798 0.0790993 0.0383824 0.183788 0.258419 0.0937527 0.0430911 0.0308249 0.00880273 0.00245099 0.000443231 4.60687e-05 2.99382e-06 9.99032e-08
#spawning biomass
 6193.66 5348.31 6092.11 7649.64 9559.91 11917 12055.7 11038.2 16241.7 26476.3 26731.4 28364.7 44700.7 53878.7 47257 39385.1 33828.1 37740.7 36038.9 37074.1 38159.1 41754.1 47293 46098.1 50797.4 54073.5 50998.5 56253.2 74623.8 33809.1 2488.98 2039.61 2039.61 2039.61 2039.61 2039.61 2039.61 2039.61 2039.61 2039.61 2039.61 2039.61 2039.61 2039.61 2039.61 2039.61 2039.61 2039.61 2039.61 2039.61 2039.61 2039.61 2039.61 2039.61 2039.61 2039.61 2039.61 2039.61 2039.61 2039.61 2039.61 2039.61 2039.61 2039.61 2039.61 2039.61 2039.61 2039.61 2039.61 2039.61 2039.61 2039.61 2039.61 2039.61 2039.61 2039.61 2039.61 2039.61 2039.61 2039.61 2039.61 2039.61 2039.61 2039.61 2039.61 2039.61 2039.61 2039.61 2039.61 2039.61 2039.61 2039.61 2039.61 2039.61 2039.61 2039.61 2039.61 2039.61 2039.61 2039.61 2039.61 2039.61 2039.61 2039.61 2039.61 2039.61 2039.61 2039.61 2039.61 2039.61 2039.61 2039.61 2039.61 2039.61 2039.61 2039.61 2039.61 2039.61 2039.61 2039.61 2039.61 2039.61 2039.61 2039.61 2039.61 2039.61 2039.61 2039.61 0 0 0 0 0 0 0 0 0 0 0 0 0 0 0 0 0 0 0 0 0 0 0 0 0
