SBPRF35
0.142423
Curr Bio
174851
B35
154811
F35
1.66367
FOFL
1.66367
OFL
67908.3
Bzero
40687.8
#pred survey bio
 13092.2 11154.9 12896.8 18044 21612.5 25032 29922.9 36498.5 40353.3 48696.6 61772.3 76055 91846.5 114942 119178 96107.9 91228.5 81816.6 82177.5 83109.3 82151.9 87299.8 87423.7 96836.8 110803 114636 100786 91985.3 2.09241e+06 2.15878e+06 1.0217e+06 531709 373658 307172 273082 254191 243488 237402 233947 231992 230890 230270 229921 229724 229616 229557 229524 229506 229496 229491 229488 229486 229485 229485 229485 229484 229484 229484 229484 229484 229484 229484 229484 229484 229484 229484 229484 229484 229484 229484 229484 229484 229484 229484 229484 229484 229484 229484 229484 229484 229484 229484 229484 229484 229484 229484 229484 229484 229484 229484 229484 229484 229484 229484 229484 229484 229484 229484 229484 229484 229484 229484 229484 229484 229484 229484 229484 229484 229484 229484 229484 229484 229484 229484 229484 229484 229484 229484 229484 229484 229484 229484 229484 229484 229484 229484 229484 229484 0 0 0 0 0 0 0 0 0 0 0 0 0 0 0 0 0 0 0 0 0 0 0 0 0
#obs survey bio
 12068.5 8949.2 14633.9 18999.2 16023.7 27791.1 22874.2 30659.5 54373.9 54400.1 64974.2 108778 98938.6 90668.3 84934.9 102400 84246.8 69339.8 101574 76170.3 75190.4 81039.2 82650.7 141473 122126 167631 99758.3 70338.3
#pred catch bio
 6843.8 5899.26 6439.84 10069.9 12975.4 15958.1 18950.6 26197.1 30310.7 37801.9 45956.1 60999.7 75198.5 94507.5 106349 83465.1 88265.3 77442.7 78510.9 81238.7 82297.8 90162.1 88402.3 99991.7 114828 121022 105295 94454.7 67908.3 70161 20855.1 8403.02 6502.66 6245.15 6212.62 6208.7 6208.24 6208.19 6208.19 6208.19 6208.19 6208.19 6208.19 6208.19 6208.19 6208.19 6208.19 6208.19 6208.19 6208.19 6208.19 6208.19 6208.19 6208.19 6208.19 6208.19 6208.19 6208.19 6208.19 6208.19 6208.19 6208.19 6208.19 6208.19 6208.19 6208.19 6208.19 6208.19 6208.19 6208.19 6208.19 6208.19 6208.19 6208.19 6208.19 6208.19 6208.19 6208.19 6208.19 6208.19 6208.19 6208.19 6208.19 6208.19 6208.19 6208.19 6208.19 6208.19 6208.19 6208.19 6208.19 6208.19 6208.19 6208.19 6208.19 6208.19 6208.19 6208.19 6208.19 6208.19 6208.19 6208.19 6208.19 6208.19 6208.19 6208.19 6208.19 6208.19 6208.19 6208.19 6208.19 6208.19 6208.19 6208.19 6208.19 6208.19 6208.19 6208.19 6208.19 6208.19 6208.19 6208.19 6208.19 6208.19 6208.19 6208.19 6208.19 6208.19 0 0 0 0 0 0 0 0 0 0 0 0 0 0 0 0 0 0 0 0 0 0 0 0 0
#obs catch bio
 5535.81 6093.52 6474.22 10135.4 13274.1 16075.4 19407.5 26536.8 30551.8 37538.5 45307 59965.3 73267.1 94095 108508 83329.5 88726.4 77963.2 77372.1 81479.6 81037.3 87318.9 87109.2 96952.9 111006 114740 102287 94939
#pred cpue bio
 13260.7 10889.2 12223.8 17640.8 21094.8 24155.4 28859.2 35382.3 38771.4 45695.7 59127.5 72701.3 85754.3 110173 117732 93354.9 87649.2 78327.3 77904.7 79686.9 76927.2 82385.8 82178 89483.9 103166 109394 96162.4 86984.4 1.97485e+06 2.3397e+06 1.04082e+06 530161 370997 304442 270347 251456 240753 234667 231212 229257 228154 227535 227186 226989 226881 226822 226789 226771 226761 226756 226753 226751 226750 226750 226749 226749 226749 226749 226749 226749 226749 226749 226749 226749 226749 226749 226749 226749 226749 226749 226749 226749 226749 226749 226749 226749 226749 226749 226749 226749 226749 226749 226749 226749 226749 226749 226749 226749 226749 226749 226749 226749 226749 226749 226749 226749 226749 226749 226749 226749 226749 226749 226749 226749 226749 226749 226749 226749 226749 226749 226749 226749 226749 226749 226749 226749 226749 226749 226749 226749 226749 226749 226749 226749 226749 226749 226749 226749 0 0 0 0 0 0 0 0 0 0 0 0 0 0 0 0 0 0 0 0 0 0 0 0 0
#obs cpue bio
 6232.42 6800.57 11693.1 13932.5 20667.1 20419.4 21052.9 44036.2 30089 47922.9 60084.5 96755 92616.4 116217 115041 115150 70542.2 93593.7 71908.4 86824.3 121384 140914 107682 110782 145086 191739 128758 111997
#pred surv len freq
 2.55812e-27 2.57478e-27 2.12626e-26 3.94564e-20 9.67226e-15 2.86606e-10 1.02658e-06 0.000444468 0.0232619 0.147162 0.113042 0.0423261 0.242745 0.224395 0.0530277 0.064911 0.0267717 0.0190947 0.0112859 0.00830569 0.00635876 0.00539932 0.00534008 0.00469758 0.00143021
 2.56125e-27 2.58366e-27 2.93949e-26 5.66132e-20 1.3878e-14 4.11231e-10 1.47296e-06 0.000637736 0.0333768 0.211151 0.161829 0.0376077 0.172564 0.160599 0.0594767 0.0955152 0.0335034 0.015607 0.00694082 0.0038532 0.00237909 0.00171535 0.00149465 0.00131068 0.000436818
 2.56408e-27 2.59075e-27 3.50849e-26 6.86144e-20 1.682e-14 4.98406e-10 1.78521e-06 0.000772927 0.0404522 0.255912 0.196063 0.0410944 0.175045 0.161701 0.0381639 0.0467251 0.0201828 0.0149272 0.00523835 0.00187025 0.000784498 0.000426353 0.000304213 0.00024922 8.5866e-05
 2.56209e-27 2.58524e-27 3.00742e-26 5.80434e-20 1.42286e-14 4.2162e-10 1.51017e-06 0.000653847 0.03422 0.216486 0.165996 0.0435381 0.214766 0.198304 0.043809 0.0501455 0.0175331 0.00821969 0.00384923 0.00172485 0.000457795 0.000150013 7.4811e-05 5.21648e-05 1.77421e-05
 2.56201e-27 2.58517e-27 3.0165e-26 5.82356e-20 1.42758e-14 4.23016e-10 1.51517e-06 0.000656012 0.0343333 0.217202 0.166522 0.0421516 0.203847 0.188581 0.0485019 0.0632947 0.0214861 0.00882393 0.00298664 0.00109065 0.000391878 9.05155e-05 2.37189e-05 1.16884e-05 3.70455e-06
 2.56294e-27 2.58761e-27 3.22293e-26 6.259e-20 1.53432e-14 4.54646e-10 1.62847e-06 0.000705063 0.0369005 0.233443 0.178926 0.0423641 0.196749 0.181807 0.0432378 0.0530398 0.0190832 0.0094766 0.00307188 0.000890304 0.000229938 6.03664e-05 1.06836e-05 2.6128e-06 6.84135e-07
 2.56314e-27 2.58801e-27 3.24581e-26 6.30721e-20 1.54614e-14 4.58148e-10 1.64101e-06 0.000710494 0.0371847 0.235241 0.180315 0.043364 0.203381 0.18772 0.0405391 0.0453287 0.0157064 0.00700027 0.00247667 0.000813327 0.000176788 3.37087e-05 5.65481e-06 7.3648e-07 1.18354e-07
 2.56278e-27 2.58704e-27 3.16072e-26 6.12772e-20 1.50214e-14 4.4511e-10 1.59431e-06 0.000690275 0.0361265 0.228547 0.175206 0.043511 0.20809 0.192119 0.042299 0.0482039 0.0160932 0.00622694 0.00205406 0.000642581 0.000158464 2.73821e-05 3.38602e-06 3.2917e-07 2.65202e-08
 2.56349e-27 2.58888e-27 3.31412e-26 6.4513e-20 1.58146e-14 4.68614e-10 1.6785e-06 0.000726725 0.0380342 0.240615 0.184425 0.0437797 0.203658 0.187871 0.0386946 0.0410371 0.0136862 0.00527191 0.00163005 0.000445752 0.000101793 1.87356e-05 2.13619e-06 1.50723e-07 7.19555e-09
 2.56504e-27 2.59298e-27 3.66769e-26 7.19715e-20 1.76429e-14 5.22792e-10 1.87255e-06 0.000810744 0.0424314 0.268433 0.205662 0.0435018 0.186622 0.171993 0.0330387 0.0320977 0.0104033 0.00355982 0.00108637 0.000289114 5.83423e-05 9.68447e-06 1.1225e-06 7.05214e-08 2.282e-09
 2.56397e-27 2.58996e-27 3.38956e-26 6.61036e-20 1.62045e-14 4.80168e-10 1.71988e-06 0.000744643 0.0389719 0.246548 0.188978 0.0451965 0.211241 0.194524 0.0336506 0.0277989 0.00875487 0.00261815 0.000750423 0.000181115 3.54816e-05 5.31876e-06 5.4925e-07 3.37439e-08 9.20093e-10
 2.56392e-27 2.58996e-27 3.40061e-26 6.63372e-20 1.62618e-14 4.81865e-10 1.72596e-06 0.000747275 0.0391097 0.247419 0.189627 0.044221 0.203361 0.187488 0.0366899 0.0364875 0.0111686 0.00275611 0.000734452 0.000155997 2.75922e-05 3.86412e-06 3.61441e-07 1.98549e-08 5.09852e-10
 2.56539e-27 2.59385e-27 3.73784e-26 7.3451e-20 1.80056e-14 5.33539e-10 1.91105e-06 0.00082741 0.0433037 0.273951 0.209881 0.0438585 0.186372 0.171646 0.0308713 0.0272221 0.0086191 0.00262394 0.000679339 0.000120613 1.87775e-05 2.31049e-06 1.96304e-07 9.69137e-09 2.23788e-10
 2.56394e-27 2.58983e-27 3.37331e-26 6.57606e-20 1.61204e-14 4.77677e-10 1.71096e-06 0.00074078 0.0387697 0.245268 0.188008 0.0456617 0.215462 0.198332 0.0327522 0.0247758 0.00760355 0.00196464 0.000530409 0.000110525 1.55402e-05 1.60454e-06 1.1722e-07 5.15196e-09 1.06256e-10
 2.5618e-27 2.58409e-27 2.87402e-26 5.52279e-20 1.35385e-14 4.01169e-10 1.43692e-06 0.000622131 0.0325601 0.205985 0.158024 0.046424 0.24233 0.223311 0.040554 0.0362677 0.0108786 0.00233461 0.000581358 0.000107458 1.67176e-05 1.75191e-06 1.0671e-07 3.95208e-09 7.16001e-11
 2.56294e-27 2.58723e-27 3.15441e-26 6.11432e-20 1.49885e-14 4.44136e-10 1.59082e-06 0.000688765 0.0360475 0.228047 0.174853 0.0453293 0.222175 0.204762 0.0381565 0.035486 0.0109006 0.00275953 0.000672799 0.000104161 1.42962e-05 1.49689e-06 9.53279e-08 3.02238e-09 4.56354e-11
 2.56371e-27 2.58927e-27 3.33124e-26 6.48734e-20 1.59029e-14 4.71233e-10 1.68788e-06 0.000730786 0.0382467 0.24196 0.185474 0.0451702 0.213503 0.196667 0.0350477 0.0304377 0.00943217 0.00254553 0.000653579 0.000115203 1.44549e-05 1.27708e-06 7.73446e-08 2.50839e-09 3.32511e-11
 2.56409e-27 2.59018e-27 3.39711e-26 6.62625e-20 1.62435e-14 4.81323e-10 1.72402e-06 0.000746434 0.0390657 0.247141 0.189446 0.0461714 0.218331 0.200847 0.0308051 0.0196934 0.00593606 0.00138488 0.000353995 6.656e-05 9.20998e-06 8.26843e-07 4.25443e-08 1.27265e-09 1.67737e-11
 2.56465e-27 2.59172e-27 3.53581e-26 6.91885e-20 1.69607e-14 5.02577e-10 1.80015e-06 0.000779394 0.0407907 0.258053 0.197769 0.0455242 0.207558 0.190972 0.0302598 0.0209209 0.00607803 0.00101479 0.000233174 3.88674e-05 5.4975e-06 5.39557e-07 2.9116e-08 7.68477e-10 9.19369e-12
 2.56401e-27 2.58995e-27 3.37556e-26 6.58078e-20 1.6132e-14 4.7802e-10 1.71219e-06 0.000741311 0.0387976 0.245444 0.188153 0.0463183 0.220357 0.202706 0.0309475 0.0195387 0.00571075 0.00102877 0.000223785 2.74429e-05 3.33088e-06 3.10945e-07 1.80691e-08 5.0183e-10 5.48175e-12
 2.56536e-27 2.59364e-27 3.70401e-26 7.27367e-20 1.78305e-14 5.28351e-10 1.89246e-06 0.000819364 0.0428826 0.271287 0.207868 0.0451734 0.197793 0.181924 0.0279841 0.0180094 0.00520925 0.000841068 0.000180898 2.32652e-05 2.39296e-06 1.70814e-07 9.02102e-09 2.62393e-10 3.00296e-12
 2.56499e-27 2.59257e-27 3.60308e-26 7.06074e-20 1.73085e-14 5.12883e-10 1.83706e-06 0.000795377 0.0416272 0.263345 0.201817 0.0460119 0.208425 0.191606 0.0273517 0.014132 0.0040687 0.000660258 0.00013929 1.62993e-05 1.67967e-06 1.12453e-07 4.54302e-09 1.14216e-10 1.33139e-12
 2.56522e-27 2.59317e-27 3.65624e-26 7.17287e-20 1.75834e-14 5.21028e-10 1.86624e-06 0.000808009 0.0422883 0.267528 0.205009 0.0458945 0.205289 0.188705 0.0267102 0.0133948 0.0037796 0.000484659 9.55093e-05 1.11453e-05 1.0919e-06 6.8852e-08 2.65535e-09 5.32333e-11 5.20857e-13
 2.56611e-27 2.59561e-27 3.87395e-26 7.63216e-20 1.87093e-14 5.54391e-10 1.98573e-06 0.000859747 0.0449961 0.284658 0.218075 0.0450384 0.189594 0.17427 0.0250264 0.013189 0.00372296 0.000470566 8.8911e-05 8.3957e-06 7.65903e-07 4.68868e-08 1.69197e-09 3.182e-11 2.57483e-13
 2.56575e-27 2.59459e-27 3.78037e-26 7.43474e-20 1.82254e-14 5.4005e-10 1.93437e-06 0.000837508 0.0438321 0.277295 0.212463 0.0456473 0.198171 0.182105 0.0249628 0.0110739 0.0031183 0.000407722 7.77713e-05 7.18485e-06 5.88654e-07 3.01827e-08 1.0336e-09 1.83101e-11 1.37153e-13
 2.56439e-27 2.59089e-27 3.45106e-26 6.74003e-20 1.65224e-14 4.89587e-10 1.75362e-06 0.00075925 0.0397364 0.251384 0.192696 0.0467686 0.220592 0.202767 0.0281131 0.0130523 0.00364156 0.000407167 7.36562e-05 7.00413e-06 5.75573e-07 2.75964e-08 7.98581e-10 1.27461e-11 8.9915e-14
 2.56438e-27 2.59088e-27 3.45198e-26 6.74198e-20 1.65271e-14 4.89729e-10 1.75413e-06 0.00075947 0.0397479 0.251457 0.192749 0.046629 0.219492 0.201785 0.0285459 0.0142857 0.00400032 0.000457944 8.19105e-05 6.76164e-06 5.30223e-07 2.59114e-08 7.19855e-10 9.9638e-12 6.15507e-14
 2.56488e-27 2.59226e-27 3.57562e-26 7.00281e-20 1.71665e-14 5.08675e-10 1.82199e-06 0.000788852 0.0412856 0.261185 0.200169 0.0461273 0.210461 0.193481 0.0276204 0.0142667 0.00401811 0.000495257 9.13617e-05 7.67752e-06 5.72602e-07 2.47851e-08 6.80421e-10 9.20642e-12 5.06315e-14
#obs surv len freq
 1.08267e-41 1.50267e-33 2.52104e-26 5.11262e-20 1.2533e-14 3.71375e-10 1.33021e-06 0.000575933 0.030142 0.190688 0.146316 0.0401118 0.173128 0.146513 0.103852 0.101919 0.044599 0.0176171 0.00400702 0.00050377 2.60031e-05 4.00803e-07 1.37885e-09 8.58714e-13 8.47499e-17
 1.60435e-41 2.22674e-33 3.73581e-26 7.57615e-20 1.8572e-14 5.50323e-10 1.97117e-06 0.000853448 0.0446661 0.282571 0.216494 0.0406718 0.126576 0.102163 0.0759632 0.0686669 0.0287498 0.010292 0.00209427 0.000226842 9.53745e-06 1.12938e-07 2.87362e-10 1.29693e-13 9.17063e-18
 1.5365e-41 2.13256e-33 3.57781e-26 7.25572e-20 1.77865e-14 5.27048e-10 1.8878e-06 0.000817352 0.0427769 0.27062 0.207599 0.0500892 0.177158 0.129085 0.0562955 0.042325 0.0168094 0.00537818 0.000954309 8.66803e-05 2.93002e-06 2.66078e-08 4.99971e-11 1.62975e-14 8.23011e-19
 1.07753e-41 1.49554e-33 2.50908e-26 5.08837e-20 1.24735e-14 3.69614e-10 1.3239e-06 0.000573201 0.0299991 0.189785 0.146103 0.0564428 0.229913 0.162899 0.0981124 0.0658782 0.0158549 0.00381365 0.000579946 4.31242e-05 1.1447e-06 7.88925e-09 1.09386e-11 2.57765e-15 9.29195e-20
 1.50039e-41 2.08244e-33 3.49372e-26 7.0852e-20 1.73685e-14 5.14661e-10 1.84343e-06 0.000798143 0.0417716 0.264261 0.202775 0.0471916 0.142215 0.104214 0.104237 0.0693753 0.0192253 0.00358455 0.000330755 1.84139e-05 3.74738e-07 1.92462e-09 1.95174e-12 3.31999e-16 8.55496e-21
 1.20111e-41 1.66706e-33 2.79684e-26 5.67194e-20 1.39041e-14 4.12004e-10 1.47573e-06 0.00063894 0.0334396 0.211552 0.163085 0.0650045 0.231271 0.144021 0.0783511 0.0496295 0.0189775 0.00372352 0.000294116 1.00111e-05 1.34374e-07 4.96433e-10 3.62672e-13 4.41449e-17 8.10266e-22
 1.37726e-41 1.91155e-33 3.20702e-26 6.50377e-20 1.59432e-14 4.72427e-10 1.69216e-06 0.000732646 0.0383437 0.242577 0.186652 0.0579053 0.174955 0.116531 0.109773 0.0569561 0.0128476 0.00249443 0.000223446 6.42589e-06 5.45856e-08 1.2506e-10 6.18864e-14 5.28323e-18 6.84009e-23
 1.19384e-41 1.65697e-33 2.77991e-26 5.63759e-20 1.38199e-14 4.09509e-10 1.46679e-06 0.000635071 0.0332371 0.210274 0.162554 0.0722744 0.227341 0.133396 0.0938077 0.0494691 0.0147954 0.00207564 0.00013636 3.83352e-06 2.74552e-08 4.19257e-11 1.27536e-14 6.98772e-19 6.11117e-24
 1.51425e-41 2.10168e-33 3.52601e-26 7.15068e-20 1.75291e-14 5.19418e-10 1.86047e-06 0.00080552 0.0421577 0.266707 0.205464 0.0643911 0.166848 0.103986 0.0963785 0.0422307 0.00957001 0.00137714 8.04113e-05 1.60009e-06 9.46365e-09 1.18906e-11 2.5921e-15 9.16741e-20 5.05559e-25
 1.51976e-41 2.10932e-33 3.53883e-26 7.17667e-20 1.75928e-14 5.21306e-10 1.86723e-06 0.000808447 0.0423109 0.26768 0.206827 0.0779374 0.198322 0.103609 0.0661378 0.0284581 0.007073 0.000795011 3.84343e-05 6.51686e-07 2.80116e-09 2.60932e-12 4.43415e-16 1.18238e-20 4.58288e-26
 1.09747e-41 1.52321e-33 2.55551e-26 5.18252e-20 1.27043e-14 3.76453e-10 1.34839e-06 0.000583807 0.0305542 0.19331 0.151107 0.0970726 0.257761 0.13604 0.0954421 0.0319751 0.00555086 0.000578397 2.38506e-05 3.09825e-07 1.04439e-09 7.17578e-13 8.66481e-17 1.6821e-21 4.85214e-27
 1.66786e-41 2.31487e-33 3.88368e-26 7.87603e-20 1.93072e-14 5.72106e-10 2.04919e-06 0.000887229 0.046434 0.293766 0.226821 0.0714236 0.145099 0.0938273 0.0888261 0.0281206 0.00445791 0.000325197 9.92485e-06 1.03872e-07 2.6292e-10 1.33617e-13 1.18369e-17 1.64023e-22 3.33257e-28
 1.33555e-41 1.85365e-33 3.10989e-26 6.30679e-20 1.54604e-14 4.58119e-10 1.64091e-06 0.000710456 0.0371825 0.235252 0.184312 0.110494 0.242838 0.106825 0.0577134 0.0204218 0.00398052 0.000262971 5.97773e-06 4.28755e-08 7.95938e-11 2.98556e-14 1.91054e-18 1.90368e-23 2.77314e-29
 1.11558e-41 1.54835e-33 2.59769e-26 5.26805e-20 1.2914e-14 3.82666e-10 1.37065e-06 0.000593443 0.0310585 0.196516 0.15533 0.111966 0.235463 0.137952 0.103927 0.0240225 0.00295968 0.000205118 4.56473e-06 2.51554e-08 3.17493e-11 8.15454e-15 3.70327e-19 2.64002e-24 2.73698e-30
 8.78332e-42 1.21907e-33 2.04524e-26 4.1477e-20 1.01676e-14 3.01285e-10 1.07915e-06 0.000467236 0.0244533 0.154742 0.124697 0.123485 0.249263 0.159643 0.124136 0.0343136 0.00459399 0.000202119 3.42746e-06 1.71854e-08 1.75043e-11 3.18232e-15 9.73726e-20 4.71429e-25 3.39285e-31
 1.41475e-41 1.96359e-33 3.29432e-26 6.68082e-20 1.63772e-14 4.85288e-10 1.73822e-06 0.00075259 0.0393876 0.249213 0.195361 0.0946444 0.159918 0.126387 0.101478 0.0286089 0.00405623 0.000189458 2.52751e-06 8.64751e-09 6.88194e-12 1.0097e-15 2.3319e-20 7.96484e-26 3.90619e-32
 9.76325e-42 1.35508e-33 2.27342e-26 4.61045e-20 1.1302e-14 3.34898e-10 1.19955e-06 0.000519364 0.0271815 0.172044 0.141859 0.162485 0.273344 0.126006 0.0715753 0.021743 0.00309725 0.000143013 1.86084e-06 5.36435e-09 3.02194e-12 3.10309e-16 5.33911e-21 1.39066e-26 5.09581e-33
 1.43628e-41 1.99346e-33 3.34444e-26 6.78246e-20 1.66264e-14 4.92671e-10 1.76467e-06 0.00076404 0.0399869 0.25303 0.200277 0.107977 0.161423 0.13591 0.0838482 0.015096 0.00161388 7.22702e-05 8.80758e-07 2.29924e-09 1.0974e-12 8.58611e-17 1.03933e-21 1.87881e-27 4.90249e-34
 1.00441e-41 1.39405e-33 2.33882e-26 4.74307e-20 1.16271e-14 3.44532e-10 1.23406e-06 0.000534304 0.0279635 0.17705 0.149626 0.18346 0.261006 0.121073 0.062085 0.0157098 0.00144962 4.16058e-05 4.06892e-07 9.2645e-10 3.77427e-13 2.44409e-17 2.34523e-22 3.18574e-28 5.95808e-35
 1.28661e-41 1.78573e-33 2.99594e-26 6.0757e-20 1.48939e-14 4.41333e-10 1.58078e-06 0.000684424 0.0358202 0.226728 0.184043 0.132543 0.181609 0.152331 0.0739898 0.0112804 0.000942179 2.67164e-05 1.85651e-07 2.96635e-10 9.448e-14 4.94007e-18 3.79714e-23 4.06708e-29 5.88336e-36
 1.41171e-41 1.95936e-33 3.28722e-26 6.66642e-20 1.6342e-14 4.84242e-10 1.73448e-06 0.000750968 0.039303 0.24882 0.204655 0.159351 0.187478 0.101607 0.0477099 0.00966593 0.000644136 1.29765e-05 7.68217e-08 9.50368e-11 2.09514e-14 7.73201e-19 4.42228e-24 3.62276e-30 4.02913e-37
 1.12817e-41 1.56583e-33 2.627e-26 5.32751e-20 1.30598e-14 3.86985e-10 1.38612e-06 0.000600141 0.0314094 0.198986 0.172589 0.196404 0.225177 0.123062 0.0448592 0.00647583 0.00042763 8.10224e-06 3.51227e-08 3.232e-11 5.48239e-15 1.4778e-19 5.8852e-25 3.349e-31 2.64826e-38
 1.37539e-41 1.90895e-33 3.20266e-26 6.49493e-20 1.59216e-14 4.71785e-10 1.68986e-06 0.00073165 0.0382921 0.242516 0.203086 0.160382 0.179115 0.126345 0.0439487 0.00532704 0.000251105 3.76591e-06 1.42149e-08 1.0225e-11 1.24751e-15 2.4362e-20 7.13675e-26 2.95011e-32 1.65316e-39
 1.35267e-41 1.87741e-33 3.14975e-26 6.38763e-20 1.56585e-14 4.63991e-10 1.66194e-06 0.000719563 0.0376599 0.238656 0.206679 0.193671 0.188111 0.0975189 0.032547 0.0042605 0.000172966 1.89034e-06 5.14059e-09 2.87644e-12 2.75856e-16 4.02575e-21 8.45365e-27 2.48246e-33 9.9591e-41
 1.18243e-41 1.64114e-33 2.75335e-26 5.58374e-20 1.36879e-14 4.05597e-10 1.45278e-06 0.000629005 0.0329209 0.208828 0.189597 0.213443 0.206941 0.114122 0.03035 0.00305245 0.00011428 1.10943e-06 2.28079e-09 8.95582e-13 6.13513e-17 6.64344e-22 1.04853e-27 2.28303e-34 6.6389e-42
 1.06655e-41 1.4803e-33 2.48351e-26 5.03651e-20 1.23464e-14 3.65847e-10 1.3104e-06 0.000567361 0.0296952 0.188576 0.178546 0.22128 0.217095 0.129139 0.0322315 0.00279058 7.7504e-05 5.88394e-07 1.00163e-09 3.0742e-13 1.52224e-17 1.15006e-22 1.27129e-28 1.97661e-35 4.17456e-43
 1.04711e-41 1.45332e-33 2.43824e-26 4.94471e-20 1.21214e-14 3.59179e-10 1.28652e-06 0.000557019 0.0291546 0.185311 0.179363 0.221284 0.217021 0.132395 0.0321769 0.00267279 6.29928e-05 3.61719e-07 4.49358e-10 1.04504e-13 3.98478e-18 2.26145e-23 1.80915e-29 1.98128e-36 2.91529e-44
 1.27241e-41 1.76602e-33 2.96286e-26 6.00863e-20 1.47294e-14 4.3646e-10 1.56333e-06 0.000676869 0.0354268 0.224888 0.20519 0.200084 0.192147 0.112481 0.0268584 0.0021973 4.99863e-05 2.61577e-07 2.7214e-10 5.02864e-14 1.51903e-18 6.98271e-24 4.6042e-30 4.16299e-37 5.00434e-45
#pred catch len freq
 2.55652e-27 2.57036e-27 1.72743e-26 3.10424e-20 7.60967e-15 2.25488e-10 8.0766e-07 0.000349686 0.0183013 0.11578 0.0891091 0.0441605 0.27352 0.252677 0.0559403 0.0644125 0.026287 0.0184 0.0108384 0.00796346 0.00609457 0.00517463 0.00511781 0.00450206 0.00137068
 2.55939e-27 2.57858e-27 2.48785e-26 4.70853e-20 1.15424e-14 3.42022e-10 1.22506e-06 0.000530406 0.0277595 0.175615 0.134718 0.0390924 0.202911 0.188577 0.0639542 0.0986784 0.0343778 0.015673 0.00694408 0.00384716 0.00237436 0.0017118 0.00149154 0.00130795 0.000435908
 2.56189e-27 2.58479e-27 2.97838e-26 5.74311e-20 1.40785e-14 4.17172e-10 1.49424e-06 0.000646949 0.033859 0.214202 0.164242 0.0428693 0.210909 0.194744 0.0430833 0.049635 0.0211968 0.0154011 0.00539185 0.00192023 0.000805021 0.000437456 0.000312131 0.000255707 8.81009e-05
 2.56018e-27 2.58e-27 2.53806e-26 4.81417e-20 1.18013e-14 3.49695e-10 1.25255e-06 0.000542306 0.0283823 0.179555 0.137826 0.0453738 0.248528 0.229363 0.0475655 0.0508878 0.0176628 0.00810316 0.00378018 0.00169086 0.00044857 0.000146965 7.3289e-05 5.11034e-05 1.73811e-05
 2.56033e-27 2.58055e-27 2.60203e-26 4.94918e-20 1.21323e-14 3.59502e-10 1.28768e-06 0.000557515 0.0291783 0.184591 0.141647 0.0438434 0.234198 0.216489 0.0516398 0.0634168 0.0213886 0.00859145 0.00289782 0.00105553 0.000379064 8.75456e-05 2.29399e-05 1.13044e-05 3.58287e-06
 2.5614e-27 2.58336e-27 2.84156e-26 5.45445e-20 1.33709e-14 3.96204e-10 1.41914e-06 0.000614432 0.0321572 0.203436 0.156039 0.0439839 0.225156 0.207916 0.0459682 0.0526833 0.018804 0.0091409 0.00295442 0.000854057 0.000220445 5.78643e-05 1.02406e-05 2.50443e-06 6.55758e-07
 2.56154e-27 2.58359e-27 2.84891e-26 5.4699e-20 1.34088e-14 3.97327e-10 1.42316e-06 0.000616173 0.0322483 0.204012 0.156495 0.0450253 0.23276 0.214725 0.0434104 0.0450709 0.0155033 0.00675976 0.00238347 0.00078088 0.000169647 3.23408e-05 5.42514e-06 7.06564e-07 1.13547e-07
 2.56162e-27 2.58382e-27 2.8684e-26 5.51101e-20 1.35096e-14 4.00313e-10 1.43385e-06 0.000620804 0.0324906 0.205545 0.157665 0.0449677 0.231499 0.213591 0.0437569 0.0461127 0.0152947 0.00578454 0.0019012 0.000593265 0.000146222 2.52626e-05 3.12379e-06 3.03675e-07 2.44662e-08
 2.56248e-27 2.58606e-27 3.05821e-26 5.9114e-20 1.44911e-14 4.29397e-10 1.53803e-06 0.000665907 0.0348512 0.220479 0.16907 0.0451082 0.224555 0.207029 0.0398115 0.0387515 0.012837 0.00483281 0.00148908 0.000406126 9.26877e-05 1.70567e-05 1.94469e-06 1.37211e-07 6.55046e-09
 2.56415e-27 2.5905e-27 3.44213e-26 6.72129e-20 1.64764e-14 4.88226e-10 1.74874e-06 0.000757139 0.0396259 0.250685 0.192128 0.0446629 0.204967 0.188811 0.0340209 0.0300972 0.00969357 0.00324033 0.00098509 0.000261468 5.27318e-05 8.75139e-06 1.01431e-06 6.37239e-08 2.06204e-09
 2.56282e-27 2.5868e-27 3.10433e-26 6.00863e-20 1.47294e-14 4.36459e-10 1.56332e-06 0.000676859 0.0354244 0.224105 0.171862 0.0465257 0.233381 0.214845 0.0352645 0.0263594 0.00825214 0.00241058 0.000688095 0.000165616 3.24247e-05 4.85954e-06 5.01805e-07 3.08288e-08 8.40607e-10
 2.56317e-27 2.58783e-27 3.20586e-26 6.22284e-20 1.52545e-14 4.52019e-10 1.61906e-06 0.00070099 0.0366873 0.232094 0.177944 0.0453442 0.220117 0.202825 0.0371289 0.0336239 0.010243 0.00246827 0.000654639 0.00013865 2.45069e-05 3.43128e-06 3.20939e-07 1.76299e-08 4.52716e-10
 2.56471e-27 2.59195e-27 3.56395e-26 6.97825e-20 1.71063e-14 5.06892e-10 1.8156e-06 0.000786086 0.0411409 0.260269 0.199449 0.044833 0.201118 0.185148 0.0313731 0.0249621 0.00785573 0.00233555 0.000602405 0.000106643 1.65896e-05 2.04077e-06 1.7338e-07 8.55952e-09 1.97651e-10
 2.56321e-27 2.5878e-27 3.18802e-26 6.18517e-20 1.51622e-14 4.49283e-10 1.60926e-06 0.000696746 0.0364652 0.230689 0.176892 0.0466683 0.230932 0.212503 0.0333571 0.0225849 0.00689143 0.00173867 0.00046726 9.70943e-05 1.36428e-05 1.40826e-06 1.02874e-07 4.5214e-09 9.32509e-11
 2.56155e-27 2.58336e-27 2.80226e-26 5.37139e-20 1.31673e-14 3.90171e-10 1.39753e-06 0.000605076 0.0316675 0.200338 0.153725 0.0472349 0.251521 0.231653 0.0394817 0.0317201 0.00946996 0.00198415 0.000491484 9.058e-05 1.40812e-05 1.47529e-06 8.98551e-08 3.32781e-09 6.02899e-11
 2.56256e-27 2.58612e-27 3.04974e-26 5.89349e-20 1.44472e-14 4.28096e-10 1.53337e-06 0.00066389 0.0347456 0.219811 0.168578 0.0462181 0.233348 0.214938 0.0375284 0.0314875 0.00962233 0.00237817 0.000577297 8.91119e-05 1.22202e-05 1.27919e-06 8.14588e-08 2.58263e-09 3.89954e-11
 2.56396e-27 2.58989e-27 3.37999e-26 6.59015e-20 1.6155e-14 4.787e-10 1.71462e-06 0.000742367 0.0388528 0.245794 0.188408 0.0455485 0.21432 0.1973 0.0329592 0.0255098 0.00785912 0.00206995 0.000529191 9.30078e-05 1.16614e-05 1.02998e-06 6.23751e-08 2.02288e-09 2.68152e-11
 2.56409e-27 2.59013e-27 3.38892e-26 6.60896e-20 1.62011e-14 4.80066e-10 1.71952e-06 0.000744485 0.0389637 0.246495 0.188959 0.0465429 0.2215 0.20369 0.0298315 0.0167556 0.00501904 0.00114287 0.000290688 5.4499e-05 7.53568e-06 6.76354e-07 3.47988e-08 1.04093e-09 1.37196e-11
 2.56472e-27 2.59186e-27 3.54442e-26 6.93701e-20 1.70052e-14 5.03896e-10 1.80487e-06 0.00078144 0.0408977 0.258731 0.198291 0.0458506 0.209675 0.192841 0.0290531 0.0176993 0.00511707 0.000834447 0.000190469 3.16541e-05 4.47362e-06 4.38955e-07 2.36858e-08 6.25146e-10 7.47892e-12
 2.56421e-27 2.59044e-27 3.41577e-26 6.66559e-20 1.63399e-14 4.8418e-10 1.73425e-06 0.000750865 0.0392976 0.248608 0.190572 0.0465183 0.22018 0.202466 0.0295078 0.0163162 0.00474262 0.000834213 0.000180393 2.20556e-05 2.67421e-06 2.49572e-07 1.45017e-08 4.02749e-10 4.39942e-12
 2.56571e-27 2.59454e-27 3.78039e-26 7.43481e-20 1.82255e-14 5.40055e-10 1.93439e-06 0.000837516 0.0438326 0.277297 0.212458 0.0452236 0.19495 0.179233 0.0262775 0.0147962 0.00425773 0.000671427 0.000143451 1.8394e-05 1.89016e-06 1.34878e-07 7.12258e-09 2.0717e-10 2.37096e-12
 2.5655e-27 2.59393e-27 3.7212e-26 7.30992e-20 1.79194e-14 5.30984e-10 1.90189e-06 0.000823448 0.0430963 0.272639 0.208911 0.0458394 0.202128 0.185751 0.0255075 0.0114011 0.00326179 0.000516931 0.000108338 1.26395e-05 1.30117e-06 8.70855e-08 3.51788e-09 8.84409e-11 1.03093e-12
 2.56557e-27 2.59411e-27 3.73691e-26 7.34305e-20 1.80006e-14 5.3339e-10 1.91051e-06 0.000827179 0.0432916 0.273875 0.209854 0.0458368 0.201446 0.185113 0.0252463 0.0109627 0.00307533 0.000385609 7.5362e-05 8.76776e-06 8.58093e-07 5.40908e-08 2.08589e-09 4.1816e-11 4.09144e-13
 2.56658e-27 2.59688e-27 3.9848e-26 7.86602e-20 1.92826e-14 5.71378e-10 2.04658e-06 0.00088609 0.0463748 0.29338 0.224733 0.0448723 0.183653 0.168746 0.0232938 0.0106305 0.002984 0.00036882 6.91115e-05 6.50696e-06 5.92856e-07 3.62808e-08 1.30912e-09 2.46194e-11 1.99216e-13
 2.56623e-27 2.59589e-27 3.89378e-26 7.67399e-20 1.88119e-14 5.57429e-10 1.99662e-06 0.000864459 0.0452427 0.286218 0.219273 0.0454266 0.191707 0.17611 0.0233559 0.00892015 0.00249515 0.000318954 6.03541e-05 5.55963e-06 4.54934e-07 2.33177e-08 7.98427e-10 1.41437e-11 1.05943e-13
 2.56505e-27 2.59266e-27 3.60659e-26 7.06812e-20 1.73266e-14 5.13419e-10 1.83898e-06 0.000796209 0.0416707 0.263621 0.202034 0.046432 0.211469 0.194315 0.0260116 0.0103902 0.00288107 0.000315259 5.64956e-05 5.35639e-06 4.39639e-07 2.10712e-08 6.0969e-10 9.73098e-12 6.86447e-14
 2.56498e-27 2.59248e-27 3.59172e-26 7.03676e-20 1.72498e-14 5.11141e-10 1.83082e-06 0.000792676 0.0414858 0.262451 0.20114 0.0463758 0.21167 0.194525 0.0264985 0.0114469 0.0031871 0.000357008 6.32779e-05 5.20868e-06 4.07877e-07 1.99251e-08 5.53489e-10 7.66084e-12 4.7324e-14
 2.56535e-27 2.59351e-27 3.68409e-26 7.23163e-20 1.77275e-14 5.25297e-10 1.88152e-06 0.000814628 0.0426347 0.269719 0.206684 0.0459872 0.204818 0.188227 0.0258514 0.0115575 0.00323674 0.000390191 7.13751e-05 5.98096e-06 4.45472e-07 1.92749e-08 5.29086e-10 7.15859e-12 3.9369e-14
#obs catch len freq
 4.98962e-42 6.92527e-34 1.16186e-26 2.35622e-20 5.77601e-15 1.71154e-10 6.13044e-07 0.000265427 0.0138914 0.0878822 0.0678277 0.0397396 0.217851 0.186043 0.144055 0.143973 0.065146 0.0263337 0.00614701 0.000800392 4.34086e-05 7.02073e-07 2.5121e-09 1.61553e-12 1.63862e-16
 5.72102e-42 7.94039e-34 1.33217e-26 2.70161e-20 6.62267e-15 1.96242e-10 7.02906e-07 0.000304334 0.0159276 0.100764 0.0777771 0.0436035 0.222803 0.181285 0.142949 0.131144 0.0571724 0.0212256 0.00451439 0.00050711 2.2208e-05 2.75173e-07 7.29615e-10 3.40519e-13 2.47408e-17
 1.08754e-41 1.50944e-33 2.53239e-26 5.13564e-20 1.25894e-14 3.73048e-10 1.3362e-06 0.000578527 0.0302778 0.191547 0.147146 0.0451544 0.180992 0.140319 0.113381 0.0951794 0.0394751 0.0132054 0.00249531 0.000239288 8.44548e-06 7.97518e-08 1.55642e-10 5.24915e-14 2.72782e-18
 1.11621e-41 1.54923e-33 2.59916e-26 5.27104e-20 1.29213e-14 3.82883e-10 1.37142e-06 0.000593779 0.031076 0.196598 0.15135 0.0585386 0.238446 0.16457 0.0764874 0.0538889 0.021078 0.00626304 0.00102412 8.16673e-05 2.29625e-06 1.65037e-08 2.36731e-11 5.75127e-15 2.13131e-19
 7.84193e-42 1.08841e-33 1.82603e-26 3.70315e-20 9.07784e-15 2.68993e-10 9.6349e-07 0.000417158 0.0218324 0.138122 0.10696 0.0647977 0.273824 0.184632 0.116841 0.0714629 0.0167498 0.00379743 0.000528051 3.41685e-05 7.48459e-07 4.05673e-09 4.27514e-12 7.48919e-16 1.97839e-20
 1.25823e-41 1.74634e-33 2.92985e-26 5.94167e-20 1.45653e-14 4.31596e-10 1.54591e-06 0.000669325 0.0350298 0.221611 0.170441 0.0528604 0.172329 0.122136 0.125252 0.0757109 0.0202374 0.00341698 0.000290685 1.41096e-05 2.35273e-07 9.45256e-10 7.25953e-13 9.15856e-17 1.72704e-21
 1.03776e-41 1.44034e-33 2.41647e-26 4.90056e-20 1.20131e-14 3.55971e-10 1.27503e-06 0.000552044 0.0288918 0.182783 0.141495 0.0737627 0.260396 0.153626 0.0858871 0.0506533 0.0184809 0.0032362 0.000227383 6.69117e-06 7.4089e-08 2.13621e-10 1.17856e-13 1.06191e-17 1.42452e-22
 1.2776e-41 1.77323e-33 2.97495e-26 6.03314e-20 1.47895e-14 4.38241e-10 1.56971e-06 0.00067963 0.0355691 0.225025 0.173559 0.064318 0.192143 0.123749 0.116366 0.0544293 0.0118787 0.00211239 0.000164434 3.96529e-06 2.74542e-08 4.93188e-11 1.84501e-14 1.16465e-18 1.1009e-23
 1.14917e-41 1.59498e-33 2.6759e-26 5.42668e-20 1.33029e-14 3.94188e-10 1.41192e-06 0.000611312 0.0319936 0.202409 0.156958 0.0798118 0.239225 0.134207 0.0943457 0.0458753 0.01286 0.0016053 9.41976e-05 2.20222e-06 1.25635e-08 1.48941e-11 3.43054e-15 1.39221e-19 8.88707e-25
 1.51509e-41 2.10284e-33 3.52795e-26 7.15461e-20 1.75387e-14 5.19703e-10 1.86149e-06 0.000805962 0.0421808 0.266856 0.205897 0.0695912 0.171194 0.103651 0.0935494 0.037192 0.00799965 0.00102855 5.17478e-05 8.60573e-07 4.05711e-09 3.91276e-12 6.41777e-16 1.68204e-20 6.7839e-26
 1.5515e-41 2.15339e-33 3.61275e-26 7.32659e-20 1.79603e-14 5.32196e-10 1.90624e-06 0.000825335 0.0431948 0.273274 0.211487 0.0831882 0.197169 0.0984978 0.0617026 0.0244595 0.00561777 0.000558258 2.34165e-05 3.25866e-07 1.10929e-09 7.93642e-13 1.01071e-16 1.9908e-21 5.64686e-27
 1.15573e-41 1.60408e-33 2.69117e-26 5.45765e-20 1.33788e-14 3.96438e-10 1.41998e-06 0.000614801 0.0321762 0.203576 0.159516 0.103762 0.253385 0.128944 0.0869887 0.0263449 0.00428344 0.000394838 1.38467e-05 1.47349e-07 3.90791e-10 2.04957e-13 1.85194e-17 2.65074e-22 5.58224e-28
 1.72778e-41 2.39805e-33 4.02323e-26 8.15903e-20 2.00009e-14 5.92663e-10 2.12282e-06 0.000919109 0.0481025 0.304324 0.235234 0.075033 0.140783 0.0899564 0.0793878 0.0227418 0.0032998 0.000210741 5.51449e-06 4.68401e-08 9.27378e-11 3.5875e-14 2.37091e-18 2.41864e-23 3.58436e-29
 1.39785e-41 1.94012e-33 3.25495e-26 6.60098e-20 1.61815e-14 4.79488e-10 1.71745e-06 0.000743596 0.0389169 0.246231 0.193401 0.116475 0.234302 0.0987305 0.0513186 0.0167982 0.00291335 0.000165608 3.17305e-06 1.84837e-08 2.68059e-11 7.62384e-15 3.63176e-19 2.65995e-24 2.82323e-30
 1.18581e-41 1.64583e-33 2.76122e-26 5.5997e-20 1.3727e-14 4.06756e-10 1.45693e-06 0.000630802 0.0330137 0.208894 0.165623 0.118733 0.228751 0.131952 0.091167 0.0189482 0.00215393 0.000128898 2.35931e-06 1.03989e-08 1.02165e-11 1.98994e-15 6.71864e-20 3.51566e-25 2.65329e-31
 9.47378e-42 1.3149e-33 2.20601e-26 4.47375e-20 1.09669e-14 3.24969e-10 1.16398e-06 0.000503965 0.0263756 0.166916 0.135103 0.131821 0.243937 0.154644 0.109669 0.0276595 0.00324534 0.000122626 1.74132e-06 6.91209e-09 5.41362e-12 7.4303e-16 1.68957e-20 6.00252e-26 3.1417e-32
 1.50237e-41 2.08519e-33 3.49834e-26 7.09456e-20 1.73915e-14 5.15341e-10 1.84587e-06 0.000799197 0.0418268 0.264654 0.207857 0.0987645 0.153271 0.120386 0.087055 0.0224877 0.00278682 0.000109759 1.19542e-06 3.25372e-09 1.9916e-12 2.19266e-16 3.74988e-21 9.3957e-27 3.35372e-33
 1.05288e-41 1.46133e-33 2.45169e-26 4.97198e-20 1.21882e-14 3.6116e-10 1.29361e-06 0.00056009 0.029313 0.185552 0.153773 0.170486 0.26148 0.117467 0.0619301 0.01723 0.00212463 8.24639e-05 8.65114e-07 1.95053e-09 8.40772e-13 6.4807e-17 8.23786e-22 1.56949e-27 4.18182e-34
 1.52963e-41 2.12302e-33 3.56181e-26 7.22328e-20 1.7707e-14 5.24691e-10 1.87936e-06 0.000813698 0.0425858 0.269487 0.213751 0.111491 0.153601 0.126858 0.068999 0.0112977 0.00107315 4.01591e-05 3.91383e-07 7.92334e-10 2.86699e-13 1.67485e-17 1.49627e-22 1.97702e-28 3.74241e-35
 1.0877e-41 1.50966e-33 2.53277e-26 5.1364e-20 1.25913e-14 3.73103e-10 1.33639e-06 0.000578612 0.0302825 0.191758 0.1629 0.190408 0.247169 0.111547 0.0525117 0.0118896 0.000931127 2.25579e-05 1.77479e-07 3.11431e-10 9.55888e-14 4.59713e-18 3.24387e-23 3.21738e-29 4.36856e-36
 1.38458e-41 1.9217e-33 3.22405e-26 6.53832e-20 1.60279e-14 4.74936e-10 1.70115e-06 0.000736537 0.0385476 0.244013 0.198622 0.136337 0.173153 0.140054 0.059691 0.0082345 0.000595867 1.38307e-05 7.64471e-08 9.45445e-11 2.26478e-14 8.75734e-19 4.93139e-24 3.84548e-30 4.03154e-37
 1.50687e-41 2.09143e-33 3.50881e-26 7.1158e-20 1.74435e-14 5.16884e-10 1.8514e-06 0.00080159 0.0419524 0.265623 0.219114 0.161439 0.173926 0.0911659 0.0386897 0.00689347 0.000386462 6.45335e-06 3.01848e-08 2.85725e-11 4.73091e-15 1.29058e-19 5.39291e-25 3.20601e-31 2.57718e-38
 1.22159e-41 1.69548e-33 2.84452e-26 5.76863e-20 1.41411e-14 4.19027e-10 1.50089e-06 0.000649833 0.0340103 0.215508 0.187691 0.200171 0.211201 0.110241 0.0356626 0.00460329 0.000256759 3.92717e-06 1.33758e-08 9.41698e-12 1.19401e-15 2.37328e-20 6.90508e-26 2.84912e-32 1.62439e-39
 1.4761e-41 2.04873e-33 3.43718e-26 6.97052e-20 1.70874e-14 5.06331e-10 1.8136e-06 0.000785225 0.0410962 0.260316 0.218552 0.161829 0.167978 0.111547 0.0341173 0.00363233 0.000144217 1.75739e-06 5.16133e-09 2.8167e-12 2.56442e-16 3.68627e-21 7.87237e-27 2.35831e-33 9.53735e-41
 1.45044e-41 2.01312e-33 3.37743e-26 6.84936e-20 1.67904e-14 4.9753e-10 1.78207e-06 0.000771576 0.0403823 0.255969 0.222297 0.193825 0.173508 0.0850426 0.0252527 0.00285306 9.58834e-05 8.44825e-07 1.78958e-09 7.57775e-13 5.39717e-17 5.7858e-22 8.85413e-28 1.88254e-34 5.44144e-42
 1.28031e-41 1.77698e-33 2.98126e-26 6.04593e-20 1.48209e-14 4.3917e-10 1.57304e-06 0.000681071 0.0356462 0.226196 0.205949 0.214446 0.192979 0.0988936 0.0231207 0.00202382 6.25566e-05 4.82284e-07 7.6602e-10 2.27264e-13 1.15481e-17 9.15982e-23 1.05092e-28 1.65554e-35 3.47082e-43
 1.16311e-41 1.61432e-33 2.70835e-26 5.49249e-20 1.34642e-14 3.98968e-10 1.42904e-06 0.000618726 0.0323841 0.20575 0.19532 0.223229 0.204659 0.11178 0.0244079 0.00180855 4.1329e-05 2.49352e-07 3.25761e-10 7.51042e-14 2.75392e-18 1.52359e-23 1.2228e-29 1.37226e-36 2.08408e-44
 1.14451e-41 1.58851e-33 2.66505e-26 5.40467e-20 1.32489e-14 3.9259e-10 1.40619e-06 0.000608834 0.0318663 0.202438 0.191239 0.216193 0.20905 0.11959 0.0269573 0.00201473 4.16519e-05 2.04723e-07 2.13101e-10 4.08957e-14 1.27525e-18 5.88684e-24 3.81376e-30 3.36862e-37 3.98381e-45
#spawning biomass
 18585.4 17412.4 22685.4 30226.5 35891.7 42954.9 52080.2 62829.2 71412.7 91288.2 112441 137421 175123 209734 201986 168570 164459 150719 154101 152821 158125 166523 168164 191996 217400 214620 188448 174851 173542 117794 36496.2 17568.6 14688.5 14298.3 14249 14243.1 14242.4 14242.3 14242.3 14242.3 14242.3 14242.3 14242.3 14242.3 14242.3 14242.3 14242.3 14242.3 14242.3 14242.3 14242.3 14242.3 14242.3 14242.3 14242.3 14242.3 14242.3 14242.3 14242.3 14242.3 14242.3 14242.3 14242.3 14242.3 14242.3 14242.3 14242.3 14242.3 14242.3 14242.3 14242.3 14242.3 14242.3 14242.3 14242.3 14242.3 14242.3 14242.3 14242.3 14242.3 14242.3 14242.3 14242.3 14242.3 14242.3 14242.3 14242.3 14242.3 14242.3 14242.3 14242.3 14242.3 14242.3 14242.3 14242.3 14242.3 14242.3 14242.3 14242.3 14242.3 14242.3 14242.3 14242.3 14242.3 14242.3 14242.3 14242.3 14242.3 14242.3 14242.3 14242.3 14242.3 14242.3 14242.3 14242.3 14242.3 14242.3 14242.3 14242.3 14242.3 14242.3 14242.3 14242.3 14242.3 14242.3 14242.3 14242.3 14242.3 0 0 0 0 0 0 0 0 0 0 0 0 0 0 0 0 0 0 0 0 0 0 0 0 0
