SBPRF35
2.1647
Curr Bio
248034
B35
4.3882e+06
F35
0.12384
FOFL
0
OFL
0
Bzero
618487
#pred survey bio
 25652.4 29612.5 20987.5 15310.6 30187.7 42406.1 71520.6 93974.3 137635 165665 162183 159492 222455 239178 241421 229035 253028 222715 249767 261679 257335 292896 243463 256919 264490 290089 270544 316319 1.01527e+07 1.67456e+07 2.17114e+07 2.43962e+07 2.51216e+07 2.44468e+07 2.29204e+07 2.09733e+07 1.89029e+07 1.68939e+07 1.50479e+07 1.3411e+07 1.1994e+07 1.07882e+07 9.75713e+06 8.85545e+06 8.12837e+06 7.54102e+06 7.0656e+06 6.67998e+06 6.36649e+06 6.11103e+06 5.90232e+06 5.73134e+06 5.59085e+06 5.47507e+06 5.37934e+06 5.29992e+06 5.2338e+06 5.17854e+06 5.1322e+06 5.09317e+06 5.06019e+06 5.0322e+06 5.00836e+06 4.98798e+06 4.97048e+06 4.9554e+06 4.94237e+06 4.93106e+06 4.92122e+06 4.91263e+06 4.90511e+06 4.89851e+06 4.89269e+06 4.88756e+06 4.88303e+06 4.87901e+06 4.87545e+06 4.87228e+06 4.86945e+06 4.86693e+06 4.86469e+06 4.86268e+06 4.86088e+06 4.85927e+06 4.85783e+06 4.85654e+06 4.85537e+06 4.85433e+06 4.8534e+06 4.85255e+06 4.8518e+06 4.85112e+06 4.8505e+06 4.84995e+06 4.84946e+06 4.84901e+06 4.84861e+06 4.84824e+06 4.84792e+06 4.84762e+06 4.84736e+06 4.84712e+06 4.8469e+06 4.84671e+06 4.84653e+06 4.84637e+06 4.84623e+06 4.8461e+06 4.84599e+06 4.84588e+06 4.84579e+06 4.8457e+06 4.84563e+06 4.84556e+06 4.8455e+06 4.84544e+06 4.84539e+06 4.84534e+06 4.8453e+06 4.84526e+06 4.84523e+06 4.8452e+06 4.84517e+06 4.84515e+06 4.84513e+06 4.84511e+06 4.84509e+06 4.84507e+06 0 0 0 0 0 0 0 0 0 0 0 0 0 0 0 0 0 0 0 0 0 0 0 0 0
#obs survey bio
 21630.2 22254.5 16361 14280.6 36972.9 57724.4 86075.6 94149.7 139629 161734 147019 125584 178174 203078 219779 143330 313455 144882 172384 297442 169442 191633 164936 217723 258432 356159 216939 256476
#pred catch bio
 12361.5 18876 15311.6 9333.49 22082.2 29064 54848.4 68582.9 105159 133935 137538 127065 184063 205128 208119 195811 227351 187980 213520 230908 222736 268873 214788 230859 231054 266328 245560 243937 0 87893.5 114163 128296 131835 127770 119089 108159 96618.3 85485.8 75318.4 66362.1 58668.4 52178.2 46697.8 41993.3 38244 35255.8 32874.3 30976.3 29463.7 28258.1 27297.3 26531.6 25921.3 25434.9 25047.3 24738.4 24492.1 24295.9 24139.5 24014.9 23915.6 23836.4 23773.3 23723 23683 23651 23625.6 23605.3 23589.1 23576.2 23565.9 23557.8 23551.2 23546 23541.9 23538.6 23536 23533.9 23532.2 23530.9 23529.8 23529 23528.3 23527.7 23527.3 23527 23526.7 23526.5 23526.3 23526.2 23526.1 23526 23525.9 23525.9 23525.8 23525.8 23525.7 23525.7 23525.7 23525.7 23525.7 23525.7 23525.7 23525.7 23525.7 23525.7 23525.6 23525.6 23525.6 23525.6 23525.6 23525.6 23525.6 23525.6 23525.6 23525.6 23525.6 23525.6 23525.6 23525.6 23525.6 23525.6 23525.6 23525.6 23525.6 23525.6 23525.6 23525.6 0 0 0 0 0 0 0 0 0 0 0 0 0 0 0 0 0 0 0 0 0 0 0 0 0
#obs catch bio
 16096 20503.3 18588.2 9634.94 14578.1 20818.4 39767.8 51015.6 83980.1 110545 125405 116325 172935 177700 202115 176441 196141 172524 183998 179713 193366 243028 180676 187538 182252 190039 204119 199019
#pred cpue bio
 18372.6 24212.9 19153.8 9050.26 13771.4 20187.9 32517.6 42417.8 63311.7 82178.3 82078.4 66621.9 85588.5 105312 95903.6 96001.7 94116.8 82256 98331 103480 93153.1 102409 84332.1 88817.7 84987.5 102383 83641.1 86412.1 4.6402e+06 1.66459e+07 2.15908e+07 2.42737e+07 2.49989e+07 2.43242e+07 2.27978e+07 2.08506e+07 1.87802e+07 1.67712e+07 1.49253e+07 1.32883e+07 1.18714e+07 1.06656e+07 9.6345e+06 8.73282e+06 8.00575e+06 7.41839e+06 6.94297e+06 6.55735e+06 6.24386e+06 5.9884e+06 5.77969e+06 5.60871e+06 5.46823e+06 5.35245e+06 5.25672e+06 5.1773e+06 5.11117e+06 5.05592e+06 5.00957e+06 4.97055e+06 4.93757e+06 4.90958e+06 4.88574e+06 4.86535e+06 4.84785e+06 4.83278e+06 4.81975e+06 4.80844e+06 4.7986e+06 4.79001e+06 4.78249e+06 4.77588e+06 4.77007e+06 4.76494e+06 4.76041e+06 4.75639e+06 4.75282e+06 4.74965e+06 4.74683e+06 4.74431e+06 4.74206e+06 4.74005e+06 4.73826e+06 4.73665e+06 4.7352e+06 4.73391e+06 4.73275e+06 4.73171e+06 4.73077e+06 4.72993e+06 4.72917e+06 4.72849e+06 4.72788e+06 4.72733e+06 4.72683e+06 4.72638e+06 4.72598e+06 4.72562e+06 4.72529e+06 4.725e+06 4.72473e+06 4.72449e+06 4.72428e+06 4.72408e+06 4.72391e+06 4.72375e+06 4.72361e+06 4.72348e+06 4.72336e+06 4.72326e+06 4.72316e+06 4.72308e+06 4.723e+06 4.72293e+06 4.72287e+06 4.72282e+06 4.72276e+06 4.72272e+06 4.72268e+06 4.72264e+06 4.72261e+06 4.72258e+06 4.72255e+06 4.72252e+06 4.7225e+06 4.72248e+06 4.72246e+06 4.72245e+06 0 0 0 0 0 0 0 0 0 0 0 0 0 0 0 0 0 0 0 0 0 0 0 0 0
#obs cpue bio
 23514.9 24517.4 8542.33 20562.5 36083.2 61536 91488 119260 156400 173753 140724 111054 139120 223605 120561 218950 157555 152350 266530 272148 219210 250301 235997 250585 223035 333774 202349 229694
#pred surv len freq
 1.3889e-11 1.50752e-09 9.64812e-08 3.6409e-06 8.10147e-05 0.00106295 0.00822431 0.0375415 0.10133 0.163582 0.166749 0.131038 0.10931 0.0926862 0.0657831 0.0421326 0.0270124 0.0170978 0.0109584 0.00741451 0.00543383 0.00438733 0.00370957 0.00282404 0.00163832
 9.32613e-12 1.01226e-09 6.47846e-08 2.44477e-06 5.43998e-05 0.000713784 0.0055239 0.0252429 0.0685177 0.113707 0.130437 0.140065 0.160268 0.14872 0.0971491 0.0502751 0.0257779 0.0140601 0.00785464 0.00445325 0.00265203 0.00175947 0.00129866 0.000931687 0.000535836
 5.16645e-12 5.60768e-10 3.58891e-08 1.35435e-06 3.01367e-05 0.000395458 0.00306167 0.0140203 0.0384571 0.0670431 0.0916505 0.132605 0.18257 0.182863 0.130028 0.0768072 0.0421764 0.0206524 0.00923514 0.00418583 0.00200139 0.00103227 0.000603237 0.000376036 0.000204391
 1.65848e-11 1.80012e-09 1.15208e-07 4.34758e-06 9.67389e-05 0.00126925 0.0098199 0.0448116 0.120772 0.193509 0.190403 0.131923 0.0896284 0.070122 0.0538761 0.0396327 0.0266701 0.0151402 0.00730214 0.00307081 0.00117361 0.00044936 0.000190663 9.17793e-05 4.33959e-05
 1.7912e-11 1.94418e-09 1.24427e-07 4.6955e-06 0.000104481 0.00137083 0.010606 0.0484029 0.130507 0.209561 0.208306 0.149603 0.106329 0.0768674 0.041304 0.0138675 0.00278869 0.000340323 3.0423e-05 4.67587e-06 1.52639e-06 5.10006e-07 1.59232e-07 5.25242e-08 1.8785e-08
 1.75246e-11 1.90213e-09 1.21736e-07 4.59394e-06 0.000102221 0.00134118 0.0103767 0.0473583 0.127717 0.205295 0.205074 0.149952 0.109981 0.0810269 0.043762 0.0146949 0.00294141 0.000347906 2.42738e-05 9.98703e-07 2.42292e-08 3.46592e-10 2.92337e-12 1.45396e-14 4.26375e-17
 1.79398e-11 1.94719e-09 1.2462e-07 4.70277e-06 0.000104642 0.00137295 0.0106224 0.0484777 0.130707 0.209867 0.208543 0.149592 0.10609 0.0765867 0.0411275 0.0137934 0.00276029 0.000326469 2.27779e-05 9.37153e-07 2.27359e-08 3.25231e-10 2.7432e-12 1.36435e-14 4.00097e-17
 1.80023e-11 1.95398e-09 1.25054e-07 4.71915e-06 0.000105007 0.00137773 0.0106594 0.0486462 0.131157 0.210556 0.209065 0.149538 0.105504 0.0759183 0.0407309 0.0136577 0.00273303 0.000323241 2.25527e-05 9.27886e-07 2.25111e-08 3.22016e-10 2.71608e-12 1.35086e-14 3.96141e-17
 1.78375e-11 1.93609e-09 1.2391e-07 4.67597e-06 0.000104046 0.00136513 0.0105619 0.048202 0.129971 0.208741 0.207688 0.149681 0.107048 0.0776802 0.0417763 0.0140154 0.0028049 0.000331748 2.31463e-05 9.5231e-07 2.31037e-08 3.30492e-10 2.78757e-12 1.38642e-14 4.06569e-17
 1.71242e-11 1.85866e-09 1.18954e-07 4.48896e-06 9.9885e-05 0.00131054 0.0101397 0.0462787 0.124834 0.200884 0.201728 0.150299 0.113733 0.0853097 0.0463032 0.0155644 0.00311611 0.000368585 2.57168e-05 1.05807e-06 2.56695e-08 3.67196e-10 3.09716e-12 1.54039e-14 4.51722e-17
 1.69184e-11 1.83632e-09 1.17525e-07 4.43501e-06 9.86845e-05 0.00129479 0.0100179 0.0457238 0.123352 0.198617 0.200008 0.150478 0.115662 0.0875107 0.0476091 0.0160113 0.00320589 0.000379211 2.64583e-05 1.08858e-06 2.64097e-08 3.77784e-10 3.18647e-12 1.58481e-14 4.64748e-17
 1.86255e-11 2.02162e-09 1.29383e-07 4.88253e-06 0.000108642 0.00142543 0.0110282 0.0503265 0.135645 0.21742 0.214272 0.148998 0.0996642 0.069253 0.0367762 0.0123044 0.00246115 0.00029106 2.0307e-05 8.35492e-07 2.02696e-08 2.8995e-10 2.44562e-12 1.21635e-14 3.56695e-17
 1.92064e-11 2.08467e-09 1.33418e-07 5.0348e-06 0.00011203 0.00146988 0.011372 0.0518925 0.139829 0.223817 0.219125 0.148494 0.0942209 0.0630408 0.0330903 0.0110432 0.00220775 0.000261066 1.8214e-05 7.49377e-07 1.81803e-08 2.60065e-10 2.19355e-12 1.09098e-14 3.1993e-17
 1.82107e-11 1.9766e-09 1.26502e-07 4.7738e-06 0.000106223 0.00139369 0.0107827 0.0492082 0.132658 0.212851 0.210806 0.149357 0.103551 0.073689 0.0394082 0.0132051 0.00264209 0.000312478 2.18016e-05 8.96984e-07 2.17614e-08 3.11291e-10 2.62562e-12 1.30587e-14 3.82948e-17
 1.89894e-11 2.06112e-09 1.31911e-07 4.97792e-06 0.000110765 0.00145327 0.0112436 0.0513076 0.138266 0.221428 0.217313 0.148682 0.0962541 0.0653613 0.0344671 0.0115143 0.0023024 0.00027227 1.89958e-05 7.81543e-07 1.89607e-08 2.71228e-10 2.28771e-12 1.13781e-14 3.33663e-17
 1.85994e-11 2.01879e-09 1.29202e-07 4.87569e-06 0.00010849 0.00142343 0.0110128 0.0502561 0.135458 0.217132 0.214054 0.14902 0.0999087 0.0695321 0.0369418 0.0123611 0.00247253 0.000292407 2.04011e-05 8.3936e-07 2.03634e-08 2.91293e-10 2.45695e-12 1.22198e-14 3.58347e-17
 1.94242e-11 2.10831e-09 1.34932e-07 5.09191e-06 0.000113301 0.00148655 0.011501 0.0524799 0.141397 0.226217 0.220946 0.148305 0.0921794 0.0607109 0.0317078 0.0105701 0.00211271 0.000249817 1.74291e-05 7.17079e-07 1.73968e-08 2.48856e-10 2.09901e-12 1.04396e-14 3.06141e-17
 1.94685e-11 2.11312e-09 1.3524e-07 5.10352e-06 0.000113559 0.00148994 0.0115272 0.0525993 0.141716 0.226705 0.221316 0.148267 0.0917643 0.0602372 0.0314267 0.0104739 0.00209338 0.00024753 1.72694e-05 7.10512e-07 1.72374e-08 2.46577e-10 2.07978e-12 1.0344e-14 3.03337e-17
 1.90515e-11 2.06786e-09 1.32343e-07 4.9942e-06 0.000111127 0.00145803 0.0112804 0.051475 0.138713 0.222112 0.217832 0.148628 0.0956721 0.064697 0.0340729 0.0113794 0.0022753 0.000269063 1.8772e-05 7.72335e-07 1.87373e-08 2.68032e-10 2.26075e-12 1.1244e-14 3.29731e-17
 1.90209e-11 2.06454e-09 1.3213e-07 4.98618e-06 0.000110949 0.00145568 0.0112623 0.0513925 0.138493 0.221775 0.217576 0.148655 0.0959589 0.0650244 0.0342672 0.0114459 0.00228866 0.000270643 1.88823e-05 7.76873e-07 1.88474e-08 2.69607e-10 2.27403e-12 1.13101e-14 3.31669e-17
 1.95914e-11 2.12645e-09 1.36093e-07 5.13572e-06 0.000114276 0.00149934 0.0115999 0.0529305 0.142601 0.228058 0.222342 0.14816 0.0906133 0.0589235 0.0306473 0.0102072 0.0020398 0.000241187 1.68269e-05 6.92302e-07 1.67957e-08 2.40257e-10 2.02648e-12 1.00788e-14 2.95563e-17
 1.97951e-11 2.14857e-09 1.37508e-07 5.18914e-06 0.000115465 0.00151493 0.0117205 0.0534799 0.144068 0.230302 0.224045 0.147984 0.0887037 0.0567442 0.0293542 0.00976477 0.0019509 0.000230665 1.60926e-05 6.62092e-07 1.60627e-08 2.29773e-10 1.93805e-12 9.63902e-15 2.82665e-17
 1.98483e-11 2.15434e-09 1.37877e-07 5.20306e-06 0.000115774 0.001519 0.0117519 0.0536232 0.144451 0.230887 0.224489 0.147938 0.0882058 0.0561759 0.029017 0.00964939 0.00192772 0.000227921 1.59011e-05 6.54214e-07 1.58716e-08 2.27039e-10 1.91499e-12 9.52434e-15 2.79302e-17
 1.98594e-11 2.15555e-09 1.37955e-07 5.20598e-06 0.000115839 0.00151985 0.0117585 0.0536531 0.144531 0.231009 0.224582 0.147928 0.0881017 0.0560571 0.0289465 0.00962527 0.00192288 0.000227348 1.58611e-05 6.52567e-07 1.58317e-08 2.26467e-10 1.91017e-12 9.50036e-15 2.78599e-17
 2.02492e-11 2.19785e-09 1.40662e-07 5.30816e-06 0.000118113 0.00154968 0.0119892 0.054704 0.147338 0.235303 0.227839 0.14759 0.0844489 0.0518883 0.0264731 0.00877888 0.00175283 0.00020722 1.44566e-05 5.94778e-07 1.44297e-08 2.06412e-10 1.74101e-12 8.65904e-15 2.53927e-17
 1.97411e-11 2.14271e-09 1.37133e-07 5.17497e-06 0.000115149 0.0015108 0.0116885 0.0533343 0.143679 0.229707 0.223593 0.14803 0.0892099 0.0573219 0.029697 0.00988207 0.00197447 0.000233454 1.62873e-05 6.701e-07 1.6257e-08 2.32552e-10 1.96149e-12 9.75562e-15 2.86084e-17
 2.04389e-11 2.21844e-09 1.4198e-07 5.35788e-06 0.000119219 0.00156419 0.0121015 0.0552155 0.148704 0.237392 0.229423 0.147425 0.0826713 0.0498596 0.0252694 0.00836701 0.00167008 0.000197425 1.37731e-05 5.66657e-07 1.37474e-08 1.96653e-10 1.65869e-12 8.24963e-15 2.41921e-17
 2.09817e-11 2.27736e-09 1.45751e-07 5.50017e-06 0.000122385 0.00160573 0.0124227 0.0566789 0.152613 0.24337 0.233959 0.146955 0.077585 0.0440547 0.0218251 0.00718843 0.00143329 0.000169398 1.18173e-05 4.86188e-07 1.17952e-08 1.68727e-10 1.42314e-12 7.07811e-15 2.07566e-17
#obs surv len freq
 4.66356e-11 4.32203e-09 2.36181e-07 7.61007e-06 0.000144585 0.00161979 0.010702 0.0417357 0.0965001 0.135409 0.12852 0.113302 0.116609 0.113179 0.0939957 0.0692865 0.0432933 0.0220627 0.00931836 0.00323267 0.000876789 0.000176617 2.53806e-05 2.51745e-06 1.6747e-07
 3.2168e-11 2.87536e-09 1.51547e-07 4.70967e-06 8.6304e-05 0.000932635 0.00594655 0.022435 0.050837 0.0743906 0.0904432 0.123619 0.161101 0.160983 0.12892 0.0898311 0.0523986 0.0245782 0.00949535 0.00304754 0.000778714 0.000149147 2.03065e-05 1.88758e-06 1.16333e-07
 1.43293e-11 1.23323e-09 6.25822e-08 1.87262e-06 3.30415e-05 0.000343871 0.00211377 0.00773053 0.0174574 0.0285106 0.0477386 0.0880093 0.137856 0.174912 0.186325 0.154977 0.0932138 0.0411899 0.0143508 0.00410567 0.000942842 0.000164813 2.07617e-05 1.79848e-06 1.03346e-07
 2.65568e-10 2.19705e-08 1.07174e-06 3.08268e-05 0.00052282 0.00522835 0.0308295 0.107194 0.219806 0.26603 0.190926 0.0837218 0.027712 0.0156588 0.016767 0.0158519 0.0110223 0.00569461 0.00220713 0.000636524 0.000135788 2.12798e-05 2.39696e-06 1.87503e-07 9.83272e-09
 1.77083e-10 1.40612e-08 6.58345e-07 1.8175e-05 0.000295863 0.00284017 0.0160859 0.0538907 0.108238 0.139097 0.144161 0.162956 0.171157 0.123254 0.0551926 0.0161727 0.00420135 0.00153673 0.00063859 0.000207623 4.73612e-05 7.39613e-06 7.8266e-07 5.5589e-08 2.61611e-09
 4.40611e-10 3.35316e-08 1.50467e-06 3.98121e-05 0.000621122 0.00571394 0.0309978 0.0992145 0.187842 0.213239 0.155203 0.0932243 0.06807 0.0576365 0.0449795 0.0277458 0.0117308 0.00313731 0.000530663 6.41855e-05 7.43305e-06 9.17138e-07 9.29928e-08 6.43048e-09 2.86756e-10
 5.26629e-10 3.83592e-08 1.64748e-06 4.17216e-05 0.000623007 0.00548583 0.0284931 0.0874322 0.159811 0.181288 0.150894 0.128897 0.114753 0.0793191 0.0394918 0.0158552 0.00558081 0.00161896 0.000353238 5.46895e-05 5.79236e-06 4.21311e-07 2.26632e-08 9.96166e-10 3.53656e-11
 7.87034e-10 5.47986e-08 2.24974e-06 5.44607e-05 0.000777368 0.00654313 0.0324851 0.0952727 0.166341 0.179722 0.141203 0.114061 0.101329 0.0774389 0.0482685 0.0244906 0.00919277 0.00235046 0.000410364 5.23794e-05 5.1962e-06 3.92541e-07 2.09992e-08 7.54259e-10 1.79917e-11
 1.07402e-09 7.13973e-08 2.79857e-06 6.46813e-05 0.00088149 0.00708415 0.0335876 0.0941622 0.15793 0.167734 0.13936 0.125654 0.113919 0.0816412 0.0461531 0.0215686 0.00781276 0.00202315 0.000368816 4.81799e-05 4.53152e-06 3.0332e-07 1.43098e-08 4.71733e-10 1.06492e-11
 1.30108e-09 8.2485e-08 3.08343e-06 6.79645e-05 0.000883351 0.00677099 0.0306322 0.0821234 0.133178 0.1435 0.13625 0.14418 0.136597 0.097181 0.0541132 0.0243039 0.00808244 0.00182503 0.000276596 2.95684e-05 2.36826e-06 1.4375e-07 6.34418e-09 1.93736e-10 3.96115e-12
 2.29686e-09 1.38725e-07 4.94041e-06 0.000103743 0.00128456 0.0093799 0.0404156 0.103072 0.158038 0.156839 0.129397 0.120277 0.110566 0.0835528 0.0516745 0.0248715 0.00836586 0.00185502 0.000273042 2.78088e-05 2.03197e-06 1.07049e-07 4.00362e-09 1.04642e-10 1.88269e-12
 3.9219e-09 2.25445e-07 7.64135e-06 0.000152718 0.00179973 0.0125076 0.0512908 0.124482 0.181538 0.170845 0.132234 0.113521 0.0946847 0.0628836 0.0336865 0.0145465 0.00462898 0.00101782 0.000154695 1.66374e-05 1.26991e-06 6.73248e-08 2.42187e-09 5.83268e-11 9.33277e-13
 5.19672e-09 2.84053e-07 9.15496e-06 0.000173982 0.00194967 0.0128857 0.0502783 0.11641 0.16404 0.157222 0.138203 0.133207 0.110055 0.0672586 0.0319787 0.012171 0.00341465 0.000650534 8.3216e-05 7.46564e-06 4.93784e-07 2.42347e-08 8.49863e-10 2.0336e-11 3.20919e-13
 7.17329e-09 3.72519e-07 1.14068e-05 0.000205956 0.0021928 0.0137706 0.0510757 0.112651 0.152742 0.146259 0.13627 0.137142 0.115448 0.0741644 0.0380284 0.015055 0.00414527 0.000743601 8.66522e-05 6.81587e-06 3.79947e-07 1.53803e-08 4.4782e-10 9.15928e-12 1.2852e-13
 1.0785e-08 5.31712e-07 1.54568e-05 0.000264947 0.00267804 0.0159674 0.0562488 0.11803 0.153456 0.144736 0.137045 0.137059 0.112045 0.0700305 0.0349469 0.0133144 0.00349419 0.000596111 6.61908e-05 4.95851e-06 2.60302e-07 9.67691e-09 2.50497e-10 4.41943e-12 5.24203e-14
 1.82424e-08 8.53228e-07 2.35308e-05 0.00038265 0.00366932 0.0207549 0.0693537 0.137964 0.169551 0.149541 0.130736 0.122325 0.0957052 0.0582184 0.0283191 0.010386 0.00259848 0.000422179 4.48619e-05 3.23588e-06 1.63812e-07 5.83954e-09 1.43459e-10 2.3715e-12 2.59541e-14
 2.48991e-08 1.10416e-06 2.88717e-05 0.000445152 0.00404746 0.0217121 0.0688828 0.130791 0.157129 0.145871 0.142393 0.136829 0.101131 0.055892 0.0244579 0.00817768 0.00189346 0.000286791 2.8471e-05 1.91973e-06 9.10179e-08 3.05033e-09 7.07357e-11 1.10615e-12 1.14432e-14
 3.87635e-08 1.62899e-06 4.03647e-05 0.000589772 0.0050817 0.0258343 0.077689 0.139947 0.160085 0.142936 0.135485 0.127325 0.0947093 0.0547432 0.0250162 0.00836209 0.00186229 0.000265839 2.46026e-05 1.53478e-06 6.70004e-08 2.06532e-09 4.41222e-11 6.37212e-13 6.10444e-15
 5.51158e-08 2.194e-06 5.14975e-05 0.000712751 0.00581773 0.0280246 0.0799492 0.137396 0.153518 0.142028 0.142027 0.132388 0.0944171 0.0520028 0.0226366 0.00723134 0.00155642 0.00021927 2.05695e-05 1.32412e-06 5.91754e-08 1.8098e-09 3.70368e-11 4.99584e-13 4.40887e-15
 8.44025e-08 3.18155e-06 7.07152e-05 0.000926811 0.00716381 0.0326826 0.08835 0.144223 0.154533 0.140027 0.137957 0.12579 0.0890562 0.0495075 0.0214785 0.00665861 0.00137021 0.000184387 1.66566e-05 1.04528e-06 4.60789e-08 1.40224e-09 2.86763e-11 3.85689e-13 3.35946e-15
 1.28668e-07 4.59175e-06 9.66219e-05 0.0011989 0.00877365 0.0379044 0.0971285 0.150973 0.156706 0.142172 0.139354 0.12147 0.0803999 0.0413813 0.0166123 0.00478375 0.000916511 0.00011481 9.64517e-06 5.63459e-07 2.32365e-08 6.66788e-10 1.29726e-11 1.67347e-13 1.40733e-15
 1.88052e-07 6.35248e-06 0.000126532 0.00148619 0.010296 0.0421222 0.102366 0.151931 0.154386 0.143026 0.141512 0.119777 0.0762192 0.0376753 0.0143934 0.00389556 0.000694363 8.01499e-05 6.14169e-06 3.24775e-07 1.21125e-08 3.15874e-10 5.62145e-12 6.67403e-14 5.19565e-16
 2.67327e-07 8.54748e-06 0.000161149 0.0017916 0.0117495 0.0455245 0.105005 0.149336 0.150268 0.144238 0.144686 0.119702 0.0742921 0.0359153 0.0132612 0.00341797 0.000575982 6.2756e-05 4.53499e-06 2.25046e-07 7.79452e-09 1.86425e-10 3.01242e-12 3.22981e-14 2.26873e-16
 3.99699e-07 1.20965e-05 0.000215865 0.0022716 0.0141018 0.0517357 0.113139 0.153402 0.149777 0.142366 0.140131 0.113344 0.0698855 0.0337612 0.0122499 0.00305308 0.000496741 5.278e-05 3.76648e-06 1.85216e-07 6.28685e-09 1.44595e-10 2.20694e-12 2.20426e-14 1.42729e-16
 5.79568e-07 1.66029e-05 0.000280455 0.00279373 0.0164192 0.0570629 0.118539 0.15446 0.150022 0.145999 0.141807 0.109033 0.0629978 0.0283698 0.00959256 0.0022318 0.000339616 3.38319e-05 2.2733e-06 1.05986e-07 3.43897e-09 7.61379e-11 1.1224e-12 1.08104e-14 6.70788e-17
 7.83178e-07 2.12391e-05 0.000339636 0.00320297 0.0178254 0.0587238 0.116189 0.147047 0.146181 0.150225 0.146997 0.110835 0.0630663 0.027902 0.00910888 0.002016 0.000290149 2.73261e-05 1.73642e-06 7.63955e-08 2.32943e-09 4.83027e-11 6.66536e-13 6.02179e-15 3.51718e-17
 1.15492e-06 2.96533e-05 0.000448951 0.00400868 0.0211255 0.0659437 0.123963 0.150615 0.147246 0.14991 0.142317 0.103541 0.057128 0.0243735 0.00755489 0.00156597 0.000208994 1.80961e-05 1.05019e-06 4.21406e-08 1.17746e-09 2.2525e-11 2.88115e-13 2.41704e-15 1.31073e-17
 1.63567e-06 3.97666e-05 0.000570102 0.00482042 0.0240618 0.0712212 0.127568 0.150393 0.148198 0.15267 0.141206 0.098475 0.0520133 0.0211615 0.00621561 0.00121786 0.000153957 1.26759e-05 7.0024e-07 2.65809e-08 6.93768e-10 1.2235e-11 1.42992e-13 1.09224e-15 5.39704e-18
#pred catch len freq
 6.05108e-13 6.56788e-11 4.20348e-09 1.58634e-07 3.53076e-06 4.63883e-05 0.000361401 0.00170758 0.00540378 0.0151419 0.0456107 0.114392 0.189452 0.20001 0.148741 0.0959236 0.0615073 0.0389223 0.0249441 0.0168769 0.0123684 0.00998639 0.00844368 0.00642805 0.00372913
 3.36648e-13 3.65401e-11 2.33861e-09 8.82623e-08 1.96512e-06 2.58616e-05 0.000203187 0.00099946 0.00368573 0.0139268 0.0516582 0.137698 0.22864 0.23291 0.155008 0.080425 0.0412151 0.0224691 0.0125503 0.00711525 0.00423729 0.00281119 0.00207493 0.0014886 0.000856131
 1.53066e-13 1.6614e-11 1.06334e-09 4.0137e-08 8.94209e-07 1.18068e-05 9.42881e-05 0.00049879 0.00228524 0.011271 0.0471231 0.129669 0.218333 0.228607 0.163878 0.0968504 0.0531478 0.0260151 0.0116317 0.00527179 0.00252059 0.00130005 0.000759725 0.000473585 0.000257412
 3.43782e-12 3.73142e-10 2.38811e-08 9.01204e-07 2.00536e-05 0.000263159 0.00203791 0.00934409 0.0257931 0.0462609 0.0689206 0.111167 0.163073 0.174969 0.144385 0.107251 0.0721946 0.0409756 0.0197609 0.00830988 0.00317586 0.00121599 0.000515942 0.000248359 0.000117431
 1.43096e-11 1.55317e-09 9.94025e-08 3.75114e-06 8.34679e-05 0.00109515 0.00847385 0.0386903 0.104565 0.169883 0.178203 0.152719 0.140076 0.115386 0.064164 0.0216974 0.0043694 0.000533314 4.76394e-05 7.30649e-06 2.3834e-06 7.96313e-07 2.48621e-07 8.20098e-08 2.93304e-08
 1.24503e-11 1.35136e-09 8.6487e-08 3.26375e-06 7.2623e-05 0.000952873 0.00737345 0.0336776 0.0911756 0.149407 0.162676 0.154352 0.157531 0.135295 0.0759614 0.025713 0.00515505 0.000609923 4.25577e-05 1.75098e-06 4.248e-08 6.07665e-10 5.12543e-12 2.54917e-14 7.47546e-17
 1.50389e-11 1.63233e-09 1.04469e-07 3.94233e-06 8.77221e-05 0.00115097 0.00890552 0.0406567 0.109817 0.177917 0.184305 0.152107 0.133274 0.107611 0.0595352 0.0200922 0.00402578 0.000476258 3.32303e-05 1.36721e-06 3.31695e-08 4.74481e-10 4.00207e-12 1.99046e-14 5.83703e-17
 1.44371e-11 1.56701e-09 1.00288e-07 3.78457e-06 8.42117e-05 0.00110491 0.00854933 0.0390341 0.105483 0.171289 0.179276 0.152629 0.138913 0.114047 0.0633541 0.0213989 0.00428832 0.000507333 3.53988e-05 1.45643e-06 3.53341e-08 5.05445e-10 4.26324e-12 2.12035e-14 6.21795e-17
 1.48199e-11 1.60856e-09 1.02948e-07 3.88492e-06 8.64446e-05 0.0011342 0.00877589 0.0400662 0.10824 0.175505 0.182475 0.152297 0.135326 0.109953 0.060925 0.0205677 0.00412133 0.000487567 3.40195e-05 1.39968e-06 3.39573e-08 4.85749e-10 4.09711e-12 2.03773e-14 5.97566e-17
 1.45156e-11 1.57553e-09 1.00834e-07 3.80516e-06 8.46697e-05 0.00111092 0.0085958 0.0392458 0.106049 0.172154 0.179932 0.152561 0.138178 0.113207 0.0628558 0.0212284 0.00425407 0.000503279 3.51159e-05 1.44479e-06 3.50517e-08 5.01405e-10 4.22916e-12 2.1034e-14 6.16825e-17
 1.49067e-11 1.61798e-09 1.03551e-07 3.90768e-06 8.69509e-05 0.00114085 0.00882727 0.0403002 0.108865 0.176461 0.1832 0.152222 0.134513 0.109025 0.0603741 0.0203793 0.00408346 0.000483085 3.37067e-05 1.38681e-06 3.36451e-08 4.81283e-10 4.05945e-12 2.01899e-14 5.92072e-17
 1.65675e-11 1.79825e-09 1.15088e-07 4.34305e-06 9.66384e-05 0.00126794 0.00981023 0.044778 0.120825 0.194754 0.197077 0.150782 0.118949 0.0912625 0.0498352 0.016773 0.00335893 0.000397325 2.77224e-05 1.14059e-06 2.76715e-08 3.95833e-10 3.3387e-12 1.66053e-14 4.86951e-17
 1.77612e-11 1.92781e-09 1.23379e-07 4.65595e-06 0.000103601 0.00135928 0.0105167 0.0479962 0.129421 0.2079 0.20705 0.149747 0.107764 0.0784968 0.0422609 0.0141812 0.00283821 0.000335691 2.34214e-05 9.63631e-07 2.33783e-08 3.3442e-10 2.82071e-12 1.4029e-14 4.11402e-17
 1.67745e-11 1.82071e-09 1.16525e-07 4.39729e-06 9.78453e-05 0.00128378 0.0099327 0.0453359 0.122315 0.197033 0.198806 0.150603 0.11701 0.0890494 0.0485221 0.0163237 0.00326866 0.000386641 2.69767e-05 1.10991e-06 2.69272e-08 3.85187e-10 3.24891e-12 1.61587e-14 4.73854e-17
 1.78305e-11 1.93533e-09 1.23861e-07 4.67413e-06 0.000104005 0.00136459 0.0105577 0.0481832 0.129921 0.208664 0.20763 0.149687 0.107114 0.0777551 0.0418208 0.0140306 0.00280795 0.000332109 2.31715e-05 9.53348e-07 2.31289e-08 3.30852e-10 2.79061e-12 1.38793e-14 4.07012e-17
 1.7251e-11 1.87244e-09 1.19836e-07 4.52222e-06 0.000100625 0.00132025 0.0102148 0.0466208 0.125747 0.202282 0.202788 0.150189 0.112544 0.0839526 0.045498 0.0152889 0.00306075 0.000362032 2.52596e-05 1.03926e-06 2.52131e-08 3.60667e-10 3.04209e-12 1.51301e-14 4.4369e-17
 1.86929e-11 2.02894e-09 1.29852e-07 4.90021e-06 0.000109036 0.00143059 0.0110681 0.0505083 0.136131 0.218162 0.214836 0.148939 0.0990323 0.0685318 0.0363483 0.012158 0.00243173 0.000287578 2.00641e-05 8.25494e-07 2.0027e-08 2.86481e-10 2.41636e-12 1.20179e-14 3.52427e-17
 1.82768e-11 1.98377e-09 1.26961e-07 4.79111e-06 0.000106608 0.00139874 0.0108218 0.0493862 0.133134 0.213579 0.211358 0.1493 0.102932 0.0729827 0.0389891 0.0130617 0.00261328 0.000309068 2.15636e-05 8.87193e-07 2.15239e-08 3.07893e-10 2.59696e-12 1.29162e-14 3.78768e-17
 1.78384e-11 1.93619e-09 1.23916e-07 4.67619e-06 0.000104051 0.00136519 0.0105624 0.0482043 0.129977 0.208751 0.207695 0.14968 0.10704 0.077671 0.0417709 0.0140135 0.00280452 0.000331704 2.31432e-05 9.52183e-07 2.31006e-08 3.30448e-10 2.7872e-12 1.38623e-14 4.06514e-17
 1.80664e-11 1.96094e-09 1.255e-07 4.73597e-06 0.000105381 0.00138264 0.0106973 0.0488191 0.131619 0.211262 0.209601 0.149482 0.104903 0.0752323 0.0403239 0.0135184 0.00270504 0.000319929 2.23215e-05 9.18376e-07 2.22804e-08 3.18715e-10 2.68824e-12 1.33702e-14 3.92081e-17
 1.86256e-11 2.02163e-09 1.29384e-07 4.88254e-06 0.000108643 0.00142543 0.0110283 0.0503267 0.135646 0.21742 0.214273 0.148998 0.0996636 0.0692524 0.0367758 0.0123043 0.00246112 0.000291057 2.03068e-05 8.35482e-07 2.02693e-08 2.89947e-10 2.4456e-12 1.21633e-14 3.56691e-17
 1.92695e-11 2.09152e-09 1.33857e-07 5.05135e-06 0.000112399 0.00147471 0.0114094 0.0520628 0.140283 0.224513 0.219653 0.148439 0.0936291 0.0623654 0.0326895 0.010906 0.00218019 0.000257805 1.79865e-05 7.40013e-07 1.79532e-08 2.56815e-10 2.16614e-12 1.07735e-14 3.15932e-17
 1.90756e-11 2.07047e-09 1.3251e-07 5.00051e-06 0.000111267 0.00145987 0.0112946 0.0515399 0.138887 0.222377 0.218033 0.148607 0.0954467 0.0644398 0.0339203 0.0113272 0.00226481 0.000267821 1.86854e-05 7.68769e-07 1.86508e-08 2.66795e-10 2.25031e-12 1.11921e-14 3.28209e-17
 1.92083e-11 2.08488e-09 1.33432e-07 5.0353e-06 0.000112042 0.00147002 0.0113732 0.0518977 0.139842 0.223838 0.219141 0.148492 0.094203 0.0630204 0.0330781 0.011039 0.00220691 0.000260968 1.82072e-05 7.49094e-07 1.81735e-08 2.59967e-10 2.19272e-12 1.09056e-14 3.19809e-17
 1.95027e-11 2.11683e-09 1.35477e-07 5.11248e-06 0.000113759 0.00149256 0.0115474 0.0526915 0.141963 0.227081 0.221602 0.148237 0.0914439 0.0598714 0.0312097 0.0103997 0.00207847 0.000245764 1.71462e-05 7.05442e-07 1.71145e-08 2.44818e-10 2.06494e-12 1.02701e-14 3.01173e-17
 1.92085e-11 2.0849e-09 1.33433e-07 5.03536e-06 0.000112043 0.00147004 0.0113733 0.0518984 0.139844 0.223841 0.219144 0.148492 0.0942007 0.0630178 0.0330766 0.0110385 0.00220681 0.000260955 1.82063e-05 7.49057e-07 1.81726e-08 2.59954e-10 2.19261e-12 1.09051e-14 3.19793e-17
 1.99434e-11 2.16466e-09 1.38538e-07 5.22799e-06 0.000116329 0.00152628 0.0118082 0.0538796 0.145136 0.231935 0.225283 0.147855 0.0873146 0.0551588 0.0284136 0.0094429 0.00188624 0.000223011 1.55585e-05 6.40115e-07 1.55296e-08 2.22146e-10 1.87372e-12 9.31908e-15 2.73283e-17
 1.97591e-11 2.14466e-09 1.37258e-07 5.17968e-06 0.000115254 0.00151217 0.0116991 0.0533826 0.143809 0.229905 0.223743 0.148015 0.0890418 0.05713 0.0295831 0.0098431 0.00196664 0.000232528 1.62226e-05 6.6744e-07 1.61925e-08 2.31629e-10 1.9537e-12 9.71689e-15 2.84948e-17
#obs catch len freq
 4.55591e-11 4.22226e-09 2.30729e-07 7.43439e-06 0.000141247 0.0015824 0.0104552 0.0407763 0.0943218 0.13264 0.127074 0.114481 0.119395 0.115009 0.0938913 0.0688992 0.0439084 0.0230277 0.00985766 0.00340005 0.000916189 0.000185835 2.72368e-05 2.77087e-06 1.89056e-07
 6.43651e-11 5.75331e-09 3.0323e-07 9.42355e-06 0.000172682 0.00186588 0.0118906 0.0447326 0.0998525 0.135796 0.12692 0.113422 0.117609 0.112918 0.092801 0.0675413 0.0414245 0.0206938 0.00854984 0.0028818 0.00075313 0.000145068 1.97988e-05 1.85369e-06 1.15789e-07
 4.54119e-11 3.9083e-09 1.98332e-07 5.93455e-06 0.000104708 0.00108949 0.0066892 0.0243131 0.0532022 0.0759746 0.0925037 0.127177 0.162933 0.159443 0.125951 0.0864887 0.0494117 0.0226772 0.00856698 0.00267308 0.000658119 0.000120397 1.55427e-05 1.36181e-06 7.87338e-08
 2.0848e-11 1.72476e-09 8.41359e-08 2.42006e-06 4.10475e-05 0.000410668 0.00242723 0.00854463 0.0186701 0.0300436 0.0505658 0.0923593 0.141937 0.177393 0.185433 0.149923 0.0874159 0.0375794 0.01277 0.00355021 0.000785907 0.000131266 1.56752e-05 1.279e-06 6.88865e-08
 3.82516e-10 3.03735e-08 1.42209e-06 3.92595e-05 0.000639073 0.006134 0.0347157 0.115854 0.228021 0.264915 0.182629 0.0772802 0.0254894 0.0152256 0.0163254 0.0150006 0.0101148 0.00506553 0.0018976 0.000527044 0.000107865 1.61313e-05 1.7227e-06 1.26954e-07 6.23921e-09
 2.64603e-10 2.0137e-08 9.03612e-07 2.39088e-05 0.000373018 0.00343197 0.0186309 0.0598448 0.115423 0.143407 0.146193 0.163121 0.165889 0.114575 0.0492324 0.0140216 0.0036836 0.00137377 0.000557344 0.000173603 3.77079e-05 5.58467e-06 5.58286e-07 3.7306e-08 1.64498e-09
 6.55004e-10 4.77099e-08 2.04908e-06 5.18918e-05 0.000774865 0.00682261 0.0354256 0.108532 0.196742 0.21415 0.150437 0.0889122 0.0647393 0.0542234 0.0414593 0.0247146 0.00999551 0.00254928 0.00041302 4.86565e-05 5.57705e-06 6.67414e-07 6.40952e-08 4.16015e-09 1.73471e-10
 7.92103e-10 5.51515e-08 2.26423e-06 5.48115e-05 0.000782377 0.00658539 0.0326974 0.0959333 0.167837 0.183119 0.148914 0.125985 0.109365 0.0729895 0.0353261 0.0139274 0.00480161 0.00135027 0.000283368 4.19619e-05 4.23747e-06 2.94154e-07 1.51495e-08 6.35522e-10 2.12876e-11
 1.19887e-09 7.96966e-08 3.12388e-06 7.21999e-05 0.000983947 0.00790726 0.037483 0.104979 0.175182 0.181616 0.138744 0.110526 0.0960012 0.0714861 0.0435646 0.0214606 0.00773788 0.00189356 0.000317371 3.90591e-05 3.72935e-06 2.68964e-07 1.36334e-08 4.62052e-10 1.03764e-11
 1.66898e-09 1.05809e-07 3.95532e-06 8.71823e-05 0.00113311 0.00868461 0.0392705 0.105021 0.168179 0.171225 0.137862 0.121107 0.106144 0.073703 0.0406842 0.0185091 0.00646228 0.00160528 0.000280645 3.51304e-05 3.15679e-06 2.01185e-07 9.00763e-09 2.80731e-10 5.96535e-12
 2.0534e-09 1.24021e-07 4.41674e-06 9.27469e-05 0.00114842 0.00838641 0.0361485 0.0923679 0.143003 0.148054 0.136715 0.140455 0.128205 0.0883152 0.0479311 0.0208602 0.00664936 0.00143252 0.000207503 2.12833e-05 1.63637e-06 9.48645e-08 3.97164e-09 1.14444e-10 2.19976e-12
 3.62056e-09 2.08123e-07 7.05423e-06 0.000140984 0.00166146 0.0115468 0.0473548 0.114978 0.16804 0.159733 0.127697 0.115452 0.102797 0.0756036 0.0455 0.0210766 0.00676196 0.00142715 0.000200346 1.95043e-05 1.36141e-06 6.82883e-08 2.42239e-09 5.98339e-11 1.0135e-12
 6.19165e-09 3.38436e-07 1.09077e-05 0.000207291 0.00232287 0.0153505 0.05986 0.138175 0.191811 0.172387 0.128372 0.106259 0.0852803 0.0548722 0.0286221 0.0119444 0.00363879 0.000763772 0.000110899 1.13891e-05 8.2734e-07 4.15716e-08 1.4127e-09 3.2056e-11 4.8207e-13
 8.31898e-09 4.32016e-07 1.32287e-05 0.00023885 0.00254298 0.0159682 0.0592001 0.130271 0.174682 0.159976 0.135168 0.124907 0.0987934 0.0582495 0.0269045 0.00988956 0.00265143 0.000480585 5.85841e-05 5.02571e-06 3.17901e-07 1.48519e-08 4.92702e-10 1.10972e-11 1.64254e-13
 1.16793e-08 5.75804e-07 1.67386e-05 0.000286916 0.00290006 0.0172899 0.060885 0.127521 0.164332 0.149913 0.133351 0.128053 0.103345 0.0642599 0.0319397 0.0121297 0.00317388 0.000539522 5.96775e-05 4.46993e-06 2.37607e-07 9.15239e-09 2.5253e-10 4.87394e-12 6.42846e-14
 1.76453e-08 8.25299e-07 2.27606e-05 0.000370125 0.00354925 0.0200765 0.0670997 0.133609 0.164947 0.147934 0.133264 0.126868 0.0993978 0.0601225 0.0290358 0.0105903 0.00263768 0.000426097 4.48787e-05 3.1972e-06 1.59666e-07 5.63109e-09 1.37759e-10 2.28955e-12 2.55148e-14
 2.9731e-08 1.31843e-06 3.44744e-05 0.000531529 0.00483257 0.0259169 0.0821126 0.154883 0.18048 0.150815 0.124702 0.110692 0.0829637 0.0488252 0.0229411 0.00803757 0.00190613 0.000293101 2.95373e-05 2.02523e-06 9.7431e-08 3.2901e-09 7.6266e-11 1.1858e-12 1.21749e-14
 4.10225e-08 1.72392e-06 4.27171e-05 0.000624141 0.00537778 0.0273383 0.0821929 0.147893 0.168298 0.147651 0.135825 0.123495 0.0871974 0.046517 0.0196622 0.00628599 0.00137991 0.000197731 1.86044e-05 1.19181e-06 5.36801e-08 1.70371e-09 3.72637e-11 5.47751e-13 5.31184e-15
 6.37204e-08 2.53652e-06 5.9537e-05 0.000824012 0.00672548 0.0323876 0.0922583 0.157409 0.170402 0.143514 0.127988 0.113951 0.0812557 0.0453938 0.0199534 0.00634437 0.00133533 0.000179999 1.57667e-05 9.33424e-07 3.86818e-08 1.12873e-09 2.2737e-11 3.08574e-13 2.77033e-15
 9.11748e-08 3.43683e-06 7.63892e-05 0.00100117 0.00773833 0.0352985 0.0953529 0.155118 0.163766 0.142373 0.133518 0.117793 0.0804978 0.0428253 0.0179213 0.00544642 0.00110906 0.000147805 1.3142e-05 8.02347e-07 3.39329e-08 9.78593e-10 1.88266e-11 2.38211e-13 1.96827e-15
 1.40558e-07 5.01605e-06 0.00010555 0.00130966 0.00958365 0.0413914 0.105908 0.163481 0.164899 0.139107 0.127406 0.109739 0.0745187 0.039969 0.0166104 0.00488537 0.00095008 0.000120941 1.03599e-05 6.16869e-07 2.57369e-08 7.38289e-10 1.41816e-11 1.78666e-13 1.45444e-15
 2.14362e-07 7.24124e-06 0.000144234 0.00169408 0.0117351 0.047987 0.116352 0.170851 0.166372 0.139494 0.126407 0.103839 0.0658076 0.0326388 0.0125447 0.00342605 0.000620038 7.34296e-05 5.84667e-06 3.24016e-07 1.26477e-08 3.42184e-10 6.25361e-12 7.55565e-14 5.93637e-16
 3.14417e-07 1.00531e-05 0.000189535 0.00210712 0.0138167 0.0534968 0.12298 0.172229 0.163501 0.138981 0.126754 0.1011 0.0615889 0.0292967 0.0106943 0.0027406 0.000460822 5.02197e-05 3.64267e-06 1.82601e-07 6.44542e-09 1.58502e-10 2.65009e-12 2.94698e-14 2.14338e-16
 4.47645e-07 1.35475e-05 0.000241757 0.00254402 0.0157912 0.057903 0.126306 0.16931 0.1586 0.139223 0.128957 0.100749 0.0599115 0.027839 0.00980108 0.00238865 0.000379489 3.90208e-05 2.66732e-06 1.2532e-07 4.10178e-09 9.23901e-11 1.40143e-12 1.40684e-14 9.23183e-17
 6.72918e-07 1.92771e-05 0.000325624 0.00324352 0.0190586 0.0661673 0.136782 0.174423 0.157357 0.13519 0.12219 0.0933131 0.0551377 0.0255484 0.00881565 0.00207533 0.000318433 3.19556e-05 2.15744e-06 1.00322e-07 3.21104e-09 6.9404e-11 9.92776e-13 9.2731e-15 5.60458e-17
 9.73562e-07 2.6402e-05 0.00042219 0.00398121 0.0221485 0.0728418 0.142983 0.174887 0.156113 0.136838 0.122204 0.0887363 0.0490911 0.021185 0.00680889 0.001496 0.000214662 2.01967e-05 1.28411e-06 5.6626e-08 1.73281e-09 3.60475e-11 4.97755e-13 4.47946e-15 2.5917e-17
 1.34461e-06 3.45236e-05 0.000522681 0.0046667 0.0245856 0.0766321 0.143086 0.169007 0.152079 0.138945 0.124784 0.0889121 0.0484124 0.0204737 0.00633796 0.00132308 0.000179476 1.59594e-05 9.59041e-07 3.98756e-08 1.14575e-09 2.2311e-11 2.8829e-13 2.43315e-15 1.32485e-17
 1.9767e-06 4.80575e-05 0.000688947 0.00582469 0.0290606 0.0858221 0.152139 0.171978 0.151097 0.136173 0.118675 0.0816283 0.0430593 0.0175229 0.00514052 0.00100374 0.00012613 1.0302e-05 5.65049e-07 2.14258e-08 5.64246e-10 1.01377e-11 1.21406e-13 9.512e-16 4.80716e-18
#spawning biomass
 23506.8 28049.4 20475.4 13456.9 25332.4 35839.1 59984.6 78723.9 115656 141006 138532 131995 181896 199567 198312 189647 205923 181077 204901 214812 208656 236403 196266 207060 211223 234424 215068 248034 355099 798057 1.03455e+06 1.16211e+06 1.19405e+06 1.15736e+06 1.07901e+06 980353 876190 775711 683942 603104 533663 475083 425618 383156 349315 322345 300850 283719 270066 259185 250513 243601 238093 233703 230204 227416 225194 223423 222011 220886 219990 219275 218706 218252 217890 217602 217372 217189 217043 216927 216834 216760 216701 216654 216617 216587 216564 216545 216530 216517 216508 216500 216494 216489 216485 216482 216480 216478 216476 216475 216474 216473 216473 216472 216472 216472 216471 216471 216471 216471 216471 216471 216471 216470 216470 216470 216470 216470 216470 216470 216470 216470 216470 216470 216470 216470 216470 216470 216470 216470 216470 216470 216470 216470 216470 216470 216470 216470 0 0 0 0 0 0 0 0 0 0 0 0 0 0 0 0 0 0 0 0 0 0 0 0 0
