SBPRF35
27.6054
Curr Bio
186112
B35
4.59854e+07
F35
0.0244271
FOFL
0
OFL
0
Bzero
7.88726e+06
#pred survey bio
 23577 23370.7 15933.3 17987.5 29725.1 47664.1 62316.6 91745.8 131437 161247 166339 206633 253179 268519 276542 254154 255712 216202 248381 243820 242041 247289 286176 271146 331744 271762 265934 220557 5.10491e+06 9.79911e+06 1.5438e+07 2.10348e+07 2.62165e+07 3.07943e+07 3.47169e+07 3.80119e+07 4.07458e+07 4.2999e+07 4.4852e+07 4.63781e+07 4.76406e+07 4.86926e+07 4.94712e+07 4.97754e+07 5.00746e+07 5.03683e+07 5.06563e+07 5.09384e+07 5.12143e+07 5.14843e+07 5.17482e+07 5.20061e+07 5.22582e+07 5.25045e+07 5.27451e+07 5.29803e+07 5.32101e+07 5.34347e+07 5.36541e+07 5.38686e+07 5.40782e+07 5.42831e+07 5.44835e+07 5.46794e+07 5.48709e+07 5.50582e+07 5.52414e+07 5.54206e+07 5.5596e+07 5.57675e+07 5.59354e+07 5.60997e+07 5.62605e+07 5.64179e+07 5.65721e+07 5.6723e+07 5.68708e+07 5.70156e+07 5.71574e+07 5.72964e+07 5.74325e+07 5.75659e+07 5.76967e+07 5.78249e+07 5.79506e+07 5.80738e+07 5.81946e+07 5.83131e+07 5.84294e+07 5.85435e+07 5.86554e+07 5.87652e+07 5.8873e+07 5.89788e+07 5.90827e+07 5.91846e+07 5.92848e+07 5.93832e+07 5.94798e+07 5.95747e+07 5.96679e+07 5.97596e+07 5.98497e+07 5.99382e+07 6.00252e+07 6.01108e+07 6.01949e+07 6.02777e+07 6.03591e+07 6.04392e+07 6.05179e+07 6.05955e+07 6.06717e+07 6.07468e+07 6.08207e+07 6.08935e+07 6.09652e+07 6.10357e+07 6.11052e+07 6.11736e+07 6.12411e+07 6.13075e+07 6.1373e+07 6.14375e+07 6.15011e+07 6.15637e+07 6.16255e+07 6.16864e+07 0 0 0 0 0 0 0 0 0 0 0 0 0 0 0 0 0 0 0 0 0 0 0 0 0
#obs survey bio
 21736.1 19653.3 16747.7 20820 32910.3 54800.6 68597.9 92335.5 114044 156731 163835 155912 224421 241334 211805 213615 175358 161523 190488 179731 222572 244921 245469 199682 392469 181019 153608 168061
#pred catch bio
 13293 17030.1 10049 10907.3 19436.9 36351.1 45708.1 66924.3 100722 131546 128602 161832 204941 216587 233396 208741 224637 176408 212609 210534 211978 212710 258310 229339 306610 242841 242651 196747 0 11116.1 17747.9 24379.7 30551.5 36013.7 40689.7 44604.5 47834.5 50475.9 52626.4 54375.9 55802.6 56971.8 57812.7 58093.3 58365.3 58628.9 58884.5 59132.2 59372.3 59605 59830.6 60049.3 60261.2 60466.7 60665.8 60858.9 61046 61227.4 61403.2 61573.6 61738.8 61898.9 62054.1 62204.5 62350.4 62491.7 62628.7 62761.5 62890.3 63015 63136 63253.2 63366.9 63477.1 63583.8 63687.3 63787.7 63884.9 63979.2 64070.5 64159.1 64245 64328.2 64408.8 64487 64562.8 64636.3 64707.5 64776.5 64843.4 64908.3 64971.1 65032.1 65091.1 65148.4 65203.9 65257.7 65309.8 65360.4 65409.3 65456.8 65502.9 65547.5 65590.7 65632.7 65673.3 65712.7 65750.9 65787.9 65823.7 65858.5 65892.2 65924.9 65956.6 65987.3 66017 66045.9 66073.8 66100.9 66127.2 66152.6 66177.3 66201.2 66224.4 66246.9 66268.7 66289.8 66310.3 0 0 0 0 0 0 0 0 0 0 0 0 0 0 0 0 0 0 0 0 0 0 0 0 0
#obs catch bio
 14500 17395.4 11571.1 8481.85 16195.7 30439.8 35736.2 57163.8 89874.8 120688 111134 153689 183168 184945 232271 197537 236939 169767 197270 201071 188690 187195 245507 198812 262540 221121 235989 163244
#pred cpue bio
 18570.6 20716.9 12556.8 12526 16609.1 27395.9 31971.6 47000 70040.3 88530.2 89705.3 109186 131526 146538 155222 135157 139380 106051 123729 118953 113316 107061 120616 112753 142390 113631 112917 98531.3 2.17634e+06 9.67497e+06 1.5318e+07 2.09124e+07 2.60938e+07 3.06717e+07 3.45943e+07 3.78892e+07 4.06231e+07 4.28764e+07 4.47294e+07 4.62554e+07 4.75179e+07 4.857e+07 4.93485e+07 4.96527e+07 4.99519e+07 5.02457e+07 5.05337e+07 5.08157e+07 5.10917e+07 5.13616e+07 5.16255e+07 5.18834e+07 5.21355e+07 5.23818e+07 5.26225e+07 5.28577e+07 5.30875e+07 5.3312e+07 5.35315e+07 5.37459e+07 5.39556e+07 5.41605e+07 5.43608e+07 5.45567e+07 5.47483e+07 5.49356e+07 5.51188e+07 5.5298e+07 5.54733e+07 5.56449e+07 5.58128e+07 5.5977e+07 5.61379e+07 5.62953e+07 5.64494e+07 5.66004e+07 5.67482e+07 5.6893e+07 5.70348e+07 5.71737e+07 5.73099e+07 5.74433e+07 5.75741e+07 5.77022e+07 5.78279e+07 5.79511e+07 5.8072e+07 5.81905e+07 5.83068e+07 5.84208e+07 5.85327e+07 5.86426e+07 5.87503e+07 5.88561e+07 5.896e+07 5.9062e+07 5.91621e+07 5.92605e+07 5.93571e+07 5.9452e+07 5.95453e+07 5.96369e+07 5.9727e+07 5.98155e+07 5.99026e+07 5.99882e+07 6.00723e+07 6.0155e+07 6.02364e+07 6.03165e+07 6.03953e+07 6.04728e+07 6.05491e+07 6.06242e+07 6.06981e+07 6.07709e+07 6.08425e+07 6.09131e+07 6.09826e+07 6.1051e+07 6.11184e+07 6.11849e+07 6.12503e+07 6.13148e+07 6.13784e+07 6.14411e+07 6.15029e+07 6.15638e+07 0 0 0 0 0 0 0 0 0 0 0 0 0 0 0 0 0 0 0 0 0 0 0 0 0
#obs cpue bio
 19991 19717.3 15065 17637.8 25660.8 56337.7 61714 80179.4 135504 139085 143127 189158 240556 284720 222784 189315 180129 153530 230872 194079 209766 171107 182900 237026 268495 216182 221759 281037
#pred surv len freq
 1.11782e-11 1.21328e-09 7.765e-08 2.93027e-06 6.52025e-05 0.000855505 0.00661982 0.0302311 0.0817851 0.13354 0.143223 0.130974 0.131009 0.119131 0.0837908 0.0511937 0.0311537 0.018863 0.0116395 0.00766933 0.00553749 0.00444319 0.00375295 0.0028595 0.00166053
 6.51433e-12 7.07068e-10 4.52523e-08 1.70769e-06 3.79988e-05 0.000498605 0.00385944 0.017655 0.0481724 0.0819583 0.103237 0.132261 0.17078 0.167442 0.117284 0.0686966 0.0392566 0.0217091 0.0115748 0.00620747 0.00353611 0.00228373 0.00166758 0.00119378 0.000686817
 1.07644e-11 1.16837e-09 7.47754e-08 2.82179e-06 6.27887e-05 0.000823836 0.00637481 0.0291133 0.0787765 0.128752 0.138679 0.128419 0.130909 0.122707 0.0922844 0.061938 0.0389257 0.0215973 0.0107852 0.0050957 0.00235528 0.00114661 0.000642948 0.000394244 0.000213486
 1.31774e-11 1.43028e-09 9.15377e-08 3.45435e-06 7.68639e-05 0.0010085 0.00780337 0.0356285 0.0962834 0.156378 0.163824 0.140076 0.129442 0.11163 0.0728738 0.0392291 0.0214288 0.0122319 0.00663548 0.00319231 0.00135389 0.000535159 0.000218529 0.000100278 4.63857e-05
 1.60947e-11 1.74692e-09 1.11803e-07 4.21909e-06 9.38801e-05 0.00123175 0.00953022 0.0434997 0.117373 0.189168 0.191334 0.146245 0.115752 0.0909335 0.054142 0.0239545 0.00955688 0.00400952 0.00178593 0.000822303 0.000358578 0.000137035 4.64189e-05 1.53734e-05 5.30283e-06
 1.53061e-11 1.66133e-09 1.06325e-07 4.01238e-06 8.92807e-05 0.00117141 0.00906366 0.0413771 0.111741 0.18086 0.186537 0.151876 0.13077 0.104753 0.0578396 0.019512 0.00390921 0.00046246 3.22675e-05 1.3276e-06 3.22084e-08 4.60733e-10 3.88611e-12 1.93279e-14 5.66791e-17
 1.66666e-11 1.809e-09 1.15776e-07 4.36902e-06 9.72163e-05 0.00127552 0.00986888 0.0450452 0.121539 0.195845 0.197905 0.150696 0.118021 0.0902028 0.0492064 0.0165579 0.0033157 0.000392209 2.73653e-05 1.1259e-06 2.73151e-08 3.90735e-10 3.2957e-12 1.63914e-14 4.8068e-17
 1.66827e-11 1.81075e-09 1.15888e-07 4.37323e-06 9.731e-05 0.00127675 0.00987838 0.0450885 0.121655 0.196022 0.198039 0.150682 0.11787 0.090031 0.0491045 0.016523 0.00330869 0.00039138 2.73075e-05 1.12352e-06 2.72573e-08 3.89909e-10 3.28873e-12 1.63568e-14 4.79663e-17
 1.62444e-11 1.76317e-09 1.12843e-07 4.25834e-06 9.47535e-05 0.00124321 0.00961898 0.0439068 0.118498 0.191194 0.194377 0.151062 0.121977 0.0947184 0.0518857 0.0174747 0.0034999 0.000414012 2.88867e-05 1.1885e-06 2.88338e-08 4.12459e-10 3.47894e-12 1.73027e-14 5.07404e-17
 1.58902e-11 1.72473e-09 1.10383e-07 4.1655e-06 9.26876e-05 0.00121611 0.00940936 0.0429519 0.115948 0.187294 0.191418 0.151369 0.125296 0.0985063 0.0541332 0.0182437 0.00365441 0.0004323 3.01629e-05 1.241e-06 3.01076e-08 4.30681e-10 3.63264e-12 1.80672e-14 5.29821e-17
 1.61049e-11 1.74803e-09 1.11874e-07 4.22177e-06 9.39398e-05 0.00123254 0.00953641 0.0435307 0.117494 0.189658 0.193211 0.151183 0.123285 0.0962104 0.0527709 0.0177776 0.00356076 0.000421215 2.93894e-05 1.20918e-06 2.93355e-08 4.19636e-10 3.53948e-12 1.76038e-14 5.16234e-17
 1.63408e-11 1.77364e-09 1.13513e-07 4.28362e-06 9.53159e-05 0.00125059 0.00967605 0.0441668 0.119193 0.192256 0.195183 0.150979 0.121074 0.0936872 0.0512738 0.0172653 0.00345783 0.000409032 2.85393e-05 1.1742e-06 2.84869e-08 4.07498e-10 3.43709e-12 1.70946e-14 5.01301e-17
 1.65309e-11 1.79427e-09 1.14833e-07 4.33343e-06 9.64244e-05 0.00126513 0.00978852 0.0446791 0.120561 0.19435 0.19677 0.150814 0.119293 0.0916548 0.050068 0.0168527 0.00337493 0.00039922 2.78545e-05 1.14603e-06 2.78034e-08 3.97721e-10 3.35462e-12 1.66845e-14 4.89273e-17
 1.59635e-11 1.73268e-09 1.10892e-07 4.1847e-06 9.3115e-05 0.00122172 0.00945272 0.0431494 0.116475 0.188101 0.19203 0.151306 0.12461 0.0977226 0.0536682 0.0180846 0.00362244 0.000428516 2.98989e-05 1.23014e-06 2.98441e-08 4.26912e-10 3.60084e-12 1.7909e-14 5.25184e-17
 1.56151e-11 1.69486e-09 1.08471e-07 4.09336e-06 9.10826e-05 0.00119505 0.0092465 0.04221 0.113966 0.184263 0.189118 0.151608 0.127875 0.101449 0.0558793 0.0188412 0.00377445 0.000446509 3.11544e-05 1.2818e-06 3.10973e-08 4.44839e-10 3.75205e-12 1.86611e-14 5.47238e-17
 1.62679e-11 1.76573e-09 1.13006e-07 4.26451e-06 9.48907e-05 0.00124501 0.0096329 0.0439702 0.118668 0.191454 0.194573 0.151042 0.121757 0.0944669 0.0517365 0.0174236 0.00348964 0.000412797 2.8802e-05 1.18501e-06 2.87492e-08 4.11249e-10 3.46873e-12 1.7252e-14 5.05916e-17
 1.5978e-11 1.73426e-09 1.10993e-07 4.18852e-06 9.31999e-05 0.00122283 0.00946134 0.0431887 0.11658 0.188261 0.192151 0.151293 0.124473 0.097567 0.0535759 0.018053 0.00361609 0.000427765 2.98464e-05 1.22798e-06 2.97917e-08 4.26163e-10 3.59452e-12 1.78776e-14 5.24263e-17
 1.71305e-11 1.85936e-09 1.18999e-07 4.49063e-06 9.99222e-05 0.00131103 0.0101434 0.0462959 0.12488 0.200954 0.201781 0.150294 0.113673 0.0852414 0.0462626 0.0155505 0.00311332 0.000368255 2.56938e-05 1.05712e-06 2.56465e-08 3.66867e-10 3.09439e-12 1.53901e-14 4.51317e-17
 1.69754e-11 1.84252e-09 1.17921e-07 4.44997e-06 9.90175e-05 0.00129916 0.0100516 0.0458777 0.123763 0.199246 0.200485 0.150428 0.115127 0.0869003 0.0472469 0.0158874 0.00318099 0.000376264 2.62527e-05 1.08012e-06 2.62045e-08 3.74848e-10 3.1617e-12 1.57249e-14 4.61135e-17
 1.7184e-11 1.86515e-09 1.1937e-07 4.50464e-06 0.000100234 0.00131511 0.0101751 0.0464399 0.125264 0.201543 0.202227 0.150248 0.113173 0.0846702 0.0459237 0.0154346 0.00309002 0.000365497 2.55013e-05 1.04921e-06 2.54544e-08 3.64119e-10 3.07121e-12 1.52749e-14 4.47937e-17
 1.75748e-11 1.90758e-09 1.22085e-07 4.60709e-06 0.000102514 0.00134502 0.0104064 0.0474937 0.128079 0.205847 0.205493 0.149909 0.10951 0.0804901 0.0434435 0.0145859 0.00291951 0.000345315 2.4093e-05 9.91261e-07 2.40487e-08 3.4401e-10 2.90159e-12 1.44313e-14 4.23198e-17
 1.82448e-11 1.9803e-09 1.26739e-07 4.78273e-06 0.000106422 0.00139629 0.0108029 0.0493001 0.132904 0.213227 0.211091 0.149328 0.103232 0.0733245 0.0391919 0.0131311 0.00262723 0.000310718 2.16788e-05 8.91931e-07 2.16388e-08 3.09537e-10 2.61083e-12 1.29852e-14 3.80791e-17
 1.84553e-11 2.00314e-09 1.28201e-07 4.8379e-06 0.000107649 0.0014124 0.0109275 0.0498674 0.134419 0.215545 0.21285 0.149145 0.10126 0.0710739 0.0378566 0.0126741 0.00253542 0.000299852 2.09205e-05 8.60733e-07 2.08819e-08 2.9871e-10 2.51951e-12 1.2531e-14 3.67471e-17
 1.85574e-11 2.01423e-09 1.2891e-07 4.86467e-06 0.000108245 0.00142022 0.0109879 0.0501429 0.135155 0.21667 0.213703 0.149057 0.100302 0.0699814 0.0372084 0.0124523 0.00249086 0.000294577 2.05524e-05 8.45588e-07 2.05145e-08 2.93454e-10 2.47518e-12 1.23105e-14 3.61006e-17
 1.83135e-11 1.98776e-09 1.27216e-07 4.80074e-06 0.000106822 0.00140155 0.0108436 0.0494853 0.133399 0.213983 0.211665 0.149268 0.102588 0.0725897 0.038756 0.0129819 0.00259725 0.00030717 2.14312e-05 8.81746e-07 2.13917e-08 3.06003e-10 2.58102e-12 1.28369e-14 3.76442e-17
 1.8516e-11 2.00974e-09 1.28623e-07 4.85383e-06 0.000108004 0.00141705 0.0109634 0.0500313 0.134857 0.216214 0.213357 0.149093 0.10069 0.0704239 0.0374709 0.0125422 0.00250891 0.000296713 2.07015e-05 8.51722e-07 2.06633e-08 2.95583e-10 2.49313e-12 1.23998e-14 3.63624e-17
 1.83982e-11 1.99694e-09 1.27804e-07 4.82293e-06 0.000107316 0.00140803 0.0108937 0.0497135 0.134008 0.214916 0.212372 0.149195 0.101795 0.0716846 0.0382189 0.0127981 0.00256033 0.0003028 2.11263e-05 8.69199e-07 2.10873e-08 3.01648e-10 2.54429e-12 1.26542e-14 3.71086e-17
 1.79866e-11 1.95228e-09 1.24945e-07 4.71505e-06 0.000104916 0.00137654 0.0106501 0.048604 0.131045 0.210383 0.208934 0.149552 0.105651 0.0760857 0.0408302 0.0136917 0.00273986 0.000324049 2.26091e-05 9.30207e-07 2.25674e-08 3.22821e-10 2.72287e-12 1.35424e-14 3.97132e-17
#obs surv len freq
 3.80449e-11 3.52587e-09 1.92674e-07 6.20821e-06 0.000117951 0.00132141 0.0087308 0.0340518 0.0787759 0.110854 0.106649 0.0981571 0.109349 0.121211 0.120026 0.100035 0.0638859 0.0306848 0.011592 0.00353089 0.000846898 0.000153072 1.99508e-05 1.8057e-06 1.10193e-07
 1.97032e-11 1.76119e-09 9.2824e-08 2.88473e-06 5.28631e-05 0.000571307 0.00364431 0.0137817 0.0316125 0.0488917 0.0693164 0.111322 0.158152 0.17237 0.15494 0.117825 0.0701949 0.0317942 0.0113663 0.00327747 0.000741648 0.000125817 1.533e-05 1.29242e-06 7.30812e-08
 1.36654e-10 1.17609e-08 5.96824e-07 1.78582e-05 0.000315078 0.00327783 0.0201075 0.072745 0.155342 0.196714 0.151582 0.0819638 0.0531242 0.0614677 0.0745477 0.0659721 0.0393999 0.0164789 0.00525663 0.00135725 0.000280222 4.39242e-05 4.96322e-06 3.87794e-07 2.02863e-08
 1.39384e-10 1.15313e-08 5.62508e-07 1.61796e-05 0.00027441 0.00274441 0.0161899 0.0564267 0.11717 0.151218 0.144147 0.142336 0.145289 0.112822 0.0617431 0.0280386 0.0129614 0.00580379 0.00211577 0.000572495 0.000112436 1.60097e-05 1.63299e-06 1.15988e-07 5.55124e-09
 1.91711e-10 1.52227e-08 7.12728e-07 1.96763e-05 0.000320298 0.0030745 0.0174063 0.0581948 0.115642 0.141187 0.122537 0.108395 0.114087 0.114577 0.0985227 0.065627 0.0298078 0.00866844 0.00165753 0.000239493 3.17128e-05 3.83952e-06 3.59663e-07 2.33878e-08 1.01381e-09
 3.29811e-10 2.50994e-08 1.12629e-06 2.98006e-05 0.000464933 0.00427725 0.0232084 0.0743606 0.141559 0.165236 0.135852 0.111356 0.106335 0.0945767 0.0717708 0.0440834 0.0195894 0.0058969 0.0012085 0.000174523 1.82402e-05 1.41221e-06 8.45104e-08 4.01321e-09 1.44462e-10
 4.2816e-10 3.11868e-08 1.33944e-06 3.39205e-05 0.00050652 0.00446019 0.0231681 0.0711257 0.130327 0.149656 0.130598 0.122883 0.12366 0.10542 0.0740016 0.0417228 0.0169248 0.00457265 0.000822915 0.000104075 9.80472e-06 6.95174e-07 3.58364e-08 1.2979e-09 3.26612e-11
 6.05574e-10 4.21641e-08 1.73104e-06 4.19042e-05 0.000598141 0.00503475 0.0250011 0.0733953 0.128797 0.142651 0.122925 0.11738 0.121058 0.108995 0.0818624 0.0474635 0.0189351 0.00491423 0.000837921 9.85325e-05 8.39446e-06 5.25801e-07 2.37975e-08 7.5965e-10 1.67304e-11
 9.2046e-10 6.11888e-08 2.39843e-06 5.54331e-05 0.000755455 0.00607131 0.0287867 0.0807214 0.135548 0.144828 0.123281 0.117891 0.119281 0.104295 0.0757052 0.0420754 0.0160119 0.00396487 0.000646931 7.29153e-05 5.92268e-06 3.48635e-07 1.45333e-08 4.18614e-10 8.18855e-12
 1.20233e-09 7.62245e-08 2.8494e-06 6.28061e-05 0.000816303 0.00625693 0.0283035 0.0758385 0.122651 0.130668 0.121087 0.128757 0.132797 0.113434 0.0791844 0.0416203 0.0147053 0.00329865 0.00047012 4.43978e-05 2.96402e-06 1.46806e-07 5.38497e-09 1.40992e-10 2.53475e-12
 1.7207e-09 1.03926e-07 3.70111e-06 7.77193e-05 0.000962344 0.00702754 0.0302906 0.0773911 0.119761 0.123891 0.115382 0.125279 0.132631 0.118671 0.0855425 0.0444549 0.0150239 0.0031591 0.000413691 3.48385e-05 1.99043e-06 8.12212e-08 2.4121e-09 5.13779e-11 7.66588e-13
 3.06723e-09 1.76315e-07 5.97613e-06 0.000119437 0.00140754 0.00978243 0.0401248 0.0974976 0.143042 0.13842 0.117166 0.116257 0.116802 0.100927 0.070018 0.0347225 0.0111629 0.00223934 0.00028195 2.30606e-05 1.28441e-06 5.03271e-08 1.38504e-09 2.61859e-11 3.33957e-13
 3.77918e-09 2.0657e-07 6.65771e-06 0.000126525 0.00141788 0.00937218 0.0365917 0.0849896 0.121633 0.124178 0.126124 0.141267 0.137456 0.107693 0.0674364 0.0306763 0.00913089 0.00169219 0.000194413 1.42152e-05 6.94181e-07 2.38112e-08 5.86037e-10 1.01803e-11 1.21039e-13
 5.23488e-09 2.71854e-07 8.32442e-06 0.000150302 0.00160028 0.0100504 0.0372923 0.0824186 0.112878 0.11264 0.115923 0.134422 0.140697 0.121897 0.0809949 0.0366389 0.0103984 0.00179123 0.000186361 1.1864e-05 4.76765e-07 1.27166e-08 2.38073e-10 3.22603e-12 3.13314e-14
 7.87621e-09 3.88305e-07 1.1288e-05 0.00019349 0.0019558 0.0116625 0.0411064 0.0864974 0.113986 0.113258 0.119841 0.138407 0.14034 0.116763 0.0739741 0.0318023 0.00861003 0.00143233 0.000147459 9.66439e-06 4.19511e-07 1.24326e-08 2.51743e-10 3.40131e-12 2.99339e-14
 1.15021e-08 5.37974e-07 1.48366e-05 0.00024127 0.00231373 0.013091 0.0438091 0.0877943 0.111705 0.111654 0.122496 0.142044 0.14193 0.115406 0.0702856 0.028651 0.00730575 0.00114142 0.000110232 6.78306e-06 2.78089e-07 7.89984e-09 1.56957e-10 2.13671e-12 1.93801e-14
 1.70465e-08 7.55936e-07 1.97663e-05 0.000304764 0.00277111 0.0148682 0.0472159 0.0900853 0.110681 0.111014 0.124729 0.144183 0.142121 0.113054 0.0661873 0.0256021 0.00616528 0.000910077 8.33544e-05 4.89278e-06 1.92261e-07 5.23077e-09 9.88695e-11 1.27152e-12 1.08747e-14
 2.98915e-08 1.25615e-06 3.11263e-05 0.00045479 0.00391871 0.0199239 0.0599443 0.108246 0.125274 0.11687 0.122037 0.134427 0.128586 0.0990492 0.0554654 0.0203784 0.00466847 0.000661824 5.9245e-05 3.47754e-06 1.39039e-07 3.84368e-09 7.24447e-11 9.08548e-13 7.45299e-15
 3.60702e-08 1.43585e-06 3.37024e-05 0.000466469 0.00380795 0.0183544 0.0525184 0.0915637 0.108708 0.118146 0.142701 0.156714 0.138424 0.0971431 0.050083 0.0171259 0.00367481 0.000490144 4.14943e-05 2.31975e-06 8.91072e-08 2.38762e-09 4.39718e-11 5.42502e-13 4.39383e-15
 6.58759e-08 2.48319e-06 5.5193e-05 0.000723374 0.00559135 0.0255091 0.0689644 0.112641 0.121188 0.112678 0.121687 0.1353 0.129398 0.0963339 0.0497489 0.0163905 0.00333387 0.000419584 3.35292e-05 1.77263e-06 6.44466e-08 1.63292e-09 2.8407e-11 3.31265e-13 2.54277e-15
 8.73681e-08 3.11788e-06 6.56085e-05 0.000814105 0.00595868 0.0257636 0.0662771 0.104932 0.117179 0.126038 0.147461 0.151025 0.123668 0.0797058 0.0371568 0.0114275 0.00222541 0.00027546 2.23299e-05 1.2272e-06 4.64194e-08 1.19414e-09 2.04218e-11 2.2834e-13 1.65605e-15
 1.37329e-07 4.63904e-06 9.24032e-05 0.00108534 0.00751943 0.0307718 0.0748875 0.111905 0.117069 0.11782 0.134487 0.143127 0.125652 0.0839858 0.0383361 0.0110662 0.00196045 0.000213507 1.46525e-05 6.62511e-07 2.07752e-08 4.65298e-10 7.36653e-12 7.96828e-14 5.69438e-16
 1.94424e-07 6.21651e-06 0.000117203 0.00130307 0.00854689 0.0331393 0.076701 0.110819 0.118243 0.128193 0.147856 0.146819 0.117011 0.0713958 0.0301761 0.00815548 0.00136492 0.000141828 9.38335e-06 4.10365e-07 1.22454e-08 2.51237e-10 3.49363e-12 3.2347e-14 1.97467e-16
 2.61305e-07 7.90816e-06 0.000141125 0.00148518 0.00922231 0.0338786 0.0745534 0.10397 0.111969 0.127474 0.150832 0.151975 0.122421 0.0735233 0.0297125 0.00754323 0.00117295 0.00011206 6.73157e-06 2.64211e-07 7.05777e-09 1.31046e-10 1.67683e-12 1.44333e-14 8.17306e-17
 3.72479e-07 1.06705e-05 0.000180247 0.00179563 0.0105566 0.0367439 0.0768792 0.103393 0.111465 0.12981 0.153231 0.152315 0.120137 0.069436 0.0266323 0.00638508 0.000939187 8.54289e-05 4.93336e-06 1.87633e-07 4.8466e-09 8.56278e-11 1.01902e-12 8.00394e-15 4.09453e-17
 4.69224e-07 1.2725e-05 0.000203492 0.00191928 0.0106873 0.035302 0.0707171 0.0942492 0.108627 0.137018 0.163448 0.158932 0.121155 0.0669014 0.0243841 0.00557581 0.000792345 7.11955e-05 4.17768e-06 1.65068e-07 4.43642e-09 8.00157e-11 9.47599e-13 7.25228e-15 3.55898e-17
 5.62013e-07 1.44302e-05 0.000218484 0.00195129 0.0102944 0.0322996 0.0621577 0.0829162 0.102802 0.139165 0.170854 0.169444 0.129229 0.0690911 0.0237857 0.00505933 0.00066028 5.37206e-05 2.81737e-06 9.92892e-08 2.42217e-09 4.09337e-11 4.68765e-13 3.54353e-15 1.73196e-17
 1.00671e-06 2.44753e-05 0.000350889 0.00296716 0.0148171 0.0439435 0.0794259 0.0972685 0.107155 0.132862 0.159151 0.157936 0.118722 0.0609991 0.0198729 0.003976 0.000487365 3.72397e-05 1.8313e-06 6.01327e-08 1.35026e-09 2.07121e-11 2.13232e-13 1.44691e-15 6.39384e-18
#pred catch len freq
 1.22597e-13 1.33069e-11 8.51685e-10 3.2149e-08 7.16384e-07 9.46817e-06 7.59771e-05 0.000410165 0.00197682 0.0102143 0.0434217 0.119955 0.202252 0.212312 0.153744 0.094325 0.0573939 0.0347408 0.0214343 0.0141225 0.0101968 0.00818168 0.00691068 0.00526548 0.0030577
 6.29145e-14 6.82892e-12 4.371e-10 1.65045e-08 3.6835e-07 4.90686e-06 4.08859e-05 0.000254657 0.00162122 0.0101577 0.0457887 0.128046 0.215975 0.225154 0.15954 0.0935449 0.0534196 0.0295287 0.0157415 0.00844151 0.00480866 0.00310556 0.00226768 0.00162337 0.000933979
 1.30751e-13 1.41919e-11 9.08327e-10 3.42862e-08 7.63901e-07 1.00892e-05 8.06851e-05 0.0004294 0.00199783 0.0100001 0.0420609 0.11616 0.197296 0.212425 0.164173 0.110562 0.0694664 0.0385315 0.0192393 0.00908949 0.00420115 0.00204521 0.00114683 0.000703215 0.000380796
 2.25085e-13 2.4431e-11 1.56363e-09 5.90168e-08 1.31436e-06 1.73225e-05 0.000137089 0.000697063 0.00286018 0.0125189 0.0498756 0.135449 0.226092 0.231686 0.156839 0.0848971 0.0463601 0.026449 0.0143453 0.00690108 0.00292676 0.00115687 0.000472403 0.000216773 0.000100274
 7.12405e-12 7.73248e-10 4.94878e-08 1.86752e-06 4.15554e-05 0.000545276 0.0042208 0.0193104 0.0527218 0.0899566 0.114432 0.14864 0.191516 0.181012 0.112488 0.0501296 0.0199893 0.00837588 0.00372889 0.00171667 0.00074856 0.000286069 9.69024e-05 3.20929e-05 1.107e-05
 1.03235e-11 1.12051e-09 7.17128e-08 2.70622e-06 6.02174e-05 0.000790118 0.00611468 0.0279434 0.0758594 0.125982 0.144905 0.156196 0.177462 0.158041 0.0894574 0.0303311 0.00608287 0.000719745 5.02211e-05 2.06629e-06 5.01296e-08 7.17091e-10 6.0484e-12 3.00821e-14 8.82161e-17
 1.19982e-11 1.30229e-09 8.33464e-08 3.14524e-06 6.99859e-05 0.000918276 0.00710587 0.0324586 0.0879198 0.144427 0.158898 0.154744 0.161768 0.14013 0.0788303 0.0266946 0.00535228 0.000633269 4.41867e-05 1.81801e-06 4.41061e-08 6.30926e-10 5.32163e-12 2.64675e-14 7.76161e-17
 1.19166e-11 1.29343e-09 8.27795e-08 3.12385e-06 6.95099e-05 0.000912031 0.00705757 0.0322386 0.0873321 0.143529 0.158216 0.154814 0.162533 0.141003 0.0793481 0.0268718 0.00538788 0.000637482 4.44808e-05 1.8301e-06 4.43996e-08 6.35125e-10 5.35704e-12 2.66436e-14 7.81326e-17
 1.21116e-11 1.3146e-09 8.41341e-08 3.17496e-06 7.06474e-05 0.000926954 0.00717299 0.0327644 0.0887364 0.145676 0.159846 0.154645 0.160705 0.138918 0.0781107 0.0264484 0.00530281 0.000627413 4.37781e-05 1.80119e-06 4.36982e-08 6.25092e-10 5.27242e-12 2.62227e-14 7.68984e-17
 1.274e-11 1.3828e-09 8.84992e-08 3.33969e-06 7.43127e-05 0.00097504 0.00754489 0.0344586 0.0932616 0.152597 0.165096 0.154101 0.154817 0.132197 0.0741232 0.025084 0.00502868 0.000594966 4.15139e-05 1.70803e-06 4.14381e-08 5.92761e-10 4.99972e-12 2.48665e-14 7.29211e-17
 1.20475e-11 1.30764e-09 8.3689e-08 3.15817e-06 7.02736e-05 0.00092205 0.00713506 0.0325916 0.088275 0.144971 0.15931 0.154701 0.161306 0.139603 0.0785173 0.0265876 0.00533077 0.000630722 4.4009e-05 1.81069e-06 4.39287e-08 6.28389e-10 5.30022e-12 2.6361e-14 7.7304e-17
 1.26978e-11 1.37822e-09 8.8206e-08 3.32862e-06 7.40664e-05 0.000971809 0.00751991 0.0343447 0.0929576 0.152132 0.164743 0.154137 0.155213 0.132649 0.0743911 0.0251756 0.0050471 0.000597146 4.1666e-05 1.71429e-06 4.159e-08 5.94934e-10 5.01804e-12 2.49576e-14 7.31883e-17
 1.35861e-11 1.47464e-09 9.43766e-08 3.56148e-06 7.92478e-05 0.00103979 0.00804565 0.0367397 0.0993546 0.161916 0.172165 0.153367 0.146888 0.123149 0.0687543 0.0232468 0.00465958 0.000551277 3.84653e-05 1.5826e-06 3.8395e-08 5.4923e-10 4.63255e-12 2.30403e-14 6.75659e-17
 1.26414e-11 1.37211e-09 8.78146e-08 3.31385e-06 7.37378e-05 0.000967499 0.00748656 0.0341928 0.0925519 0.151512 0.164273 0.154186 0.155741 0.133251 0.0747486 0.025298 0.00507168 0.000600055 4.1869e-05 1.72264e-06 4.17926e-08 5.97832e-10 5.04249e-12 2.50792e-14 7.35449e-17
 1.29557e-11 1.40621e-09 8.99975e-08 3.39623e-06 7.55707e-05 0.000991545 0.00767254 0.0350401 0.0948148 0.154973 0.166898 0.153914 0.152796 0.129891 0.0727546 0.0246157 0.00493459 0.000583829 4.07368e-05 1.67606e-06 4.06624e-08 5.81665e-10 4.90612e-12 2.4401e-14 7.1556e-17
 1.34334e-11 1.45807e-09 9.33162e-08 3.52147e-06 7.83574e-05 0.00102811 0.0079553 0.0363281 0.0982553 0.160235 0.17089 0.153499 0.148319 0.124781 0.069723 0.0235783 0.00472617 0.000559159 3.90153e-05 1.60523e-06 3.8944e-08 5.57084e-10 4.6988e-12 2.33698e-14 6.85321e-17
 1.41276e-11 1.53342e-09 9.81386e-08 3.70345e-06 8.24066e-05 0.00108123 0.00836617 0.0381998 0.103255 0.167881 0.17669 0.152897 0.141813 0.117357 0.0653178 0.0220709 0.00442333 0.000523313 3.65139e-05 1.50231e-06 3.64471e-08 5.21367e-10 4.39753e-12 2.18714e-14 6.41382e-17
 1.46161e-11 1.58643e-09 1.01531e-07 3.83148e-06 8.52555e-05 0.00111861 0.00865524 0.0395166 0.106772 0.17326 0.180771 0.152474 0.137237 0.112133 0.0622185 0.0210104 0.00421026 0.000498093 3.4754e-05 1.4299e-06 3.46904e-08 4.96238e-10 4.18558e-12 2.08173e-14 6.10468e-17
 1.50743e-11 1.63617e-09 1.04715e-07 3.95161e-06 8.79286e-05 0.00115367 0.00892647 0.0407521 0.110072 0.178307 0.1846 0.152077 0.132942 0.107232 0.0593105 0.0200153 0.00401034 0.00047443 3.31028e-05 1.36196e-06 3.30422e-08 4.7266e-10 3.98671e-12 1.98282e-14 5.81463e-17
 1.54696e-11 1.67908e-09 1.07461e-07 4.05524e-06 9.02344e-05 0.00118393 0.00916044 0.041818 0.112919 0.182661 0.187903 0.151734 0.129238 0.103004 0.056802 0.0191569 0.00383788 0.000454017 3.16784e-05 1.30336e-06 3.16203e-08 4.52321e-10 3.81515e-12 1.89749e-14 5.56442e-17
 1.61524e-11 1.75318e-09 1.12203e-07 4.23421e-06 9.42166e-05 0.00123617 0.0095645 0.0436586 0.117835 0.190181 0.193608 0.151142 0.12284 0.0957029 0.0524698 0.0176745 0.00354005 0.000418765 2.92184e-05 1.20214e-06 2.91648e-08 4.17195e-10 3.51888e-12 1.75014e-14 5.1323e-17
 1.68214e-11 1.8258e-09 1.16851e-07 4.4096e-06 9.81192e-05 0.00128737 0.00996049 0.0454625 0.122654 0.19755 0.199198 0.150562 0.11657 0.0885473 0.0482242 0.0162217 0.00324817 0.000384216 2.68076e-05 1.10295e-06 2.67584e-08 3.82771e-10 3.22853e-12 1.60573e-14 4.70882e-17
 1.75541e-11 1.90533e-09 1.21941e-07 4.60166e-06 0.000102393 0.00134344 0.0103941 0.0474378 0.12793 0.205619 0.20532 0.149927 0.109704 0.0807117 0.043575 0.0146309 0.00292856 0.000346385 2.41676e-05 9.94334e-07 2.41232e-08 3.45076e-10 2.91058e-12 1.4476e-14 4.2451e-17
 1.70637e-11 1.85211e-09 1.18535e-07 4.47313e-06 9.95326e-05 0.00130591 0.0101039 0.0461158 0.124399 0.200219 0.201223 0.150352 0.114299 0.0859557 0.0466865 0.0156956 0.00314246 0.000371704 2.59344e-05 1.06703e-06 2.58868e-08 3.70303e-10 3.12337e-12 1.55343e-14 4.55545e-17
 1.76023e-11 1.91056e-09 1.22275e-07 4.6143e-06 0.000102674 0.00134712 0.0104226 0.0475677 0.128277 0.20615 0.205723 0.149885 0.109253 0.0801963 0.0432692 0.0145262 0.00290753 0.000343896 2.3994e-05 9.87188e-07 2.39498e-08 3.42596e-10 2.88967e-12 1.4372e-14 4.21459e-17
 1.75355e-11 1.90331e-09 1.21812e-07 4.59679e-06 0.000102284 0.00134202 0.0103831 0.0473877 0.127796 0.205415 0.205165 0.149943 0.109878 0.0809103 0.0436928 0.0146712 0.00293665 0.000347343 2.42345e-05 9.97086e-07 2.419e-08 3.46031e-10 2.91864e-12 1.45161e-14 4.25685e-17
 1.75846e-11 1.90864e-09 1.22153e-07 4.60967e-06 0.000102571 0.00134578 0.0104122 0.0475202 0.12815 0.205956 0.205575 0.1499 0.109418 0.0803848 0.0433811 0.0145645 0.00291522 0.000344806 2.40575e-05 9.89802e-07 2.40133e-08 3.43503e-10 2.89732e-12 1.441e-14 4.22575e-17
 1.68708e-11 1.83116e-09 1.17194e-07 4.42254e-06 9.84072e-05 0.00129115 0.00998971 0.0455956 0.123009 0.198093 0.199611 0.150519 0.116108 0.0880193 0.0479109 0.0161145 0.00322664 0.000381667 2.66297e-05 1.09563e-06 2.65808e-08 3.80231e-10 3.20711e-12 1.59508e-14 4.67757e-17
#obs catch len freq
 2.68543e-11 2.48876e-09 1.36e-07 4.38213e-06 8.32574e-05 0.000932782 0.00616453 0.0240738 0.0560729 0.081647 0.0898966 0.10683 0.136408 0.147349 0.133889 0.104322 0.0647011 0.0309678 0.0118673 0.00369706 0.000903501 0.000165415 2.1884e-05 2.02805e-06 1.2772e-07
 4.63105e-11 4.13949e-09 2.18173e-07 6.78021e-06 0.000124244 0.00134252 0.00855612 0.0322025 0.0720523 0.0991779 0.0975979 0.0985538 0.116814 0.130373 0.127856 0.104427 0.0649944 0.0304496 0.0112267 0.00332384 0.000769464 0.000133223 1.65171e-05 1.41343e-06 8.11354e-08
 2.33931e-11 2.01329e-09 1.02167e-07 3.0571e-06 5.39405e-05 0.000561336 0.00344931 0.0125916 0.0281708 0.0442862 0.0683266 0.116165 0.164547 0.176603 0.156622 0.116783 0.0677982 0.0299305 0.0104337 0.00292098 0.000637089 0.000103398 1.19706e-05 9.53202e-07 5.0657e-08
 1.70054e-18 7.4753e-16 1.93757e-13 2.96128e-11 2.66873e-09 1.4183e-07 4.44619e-06 8.22857e-05 0.000901424 0.00589371 0.023574 0.0615729 0.118756 0.186878 0.228897 0.196 0.112982 0.0458251 0.0142331 0.00357012 0.000710745 0.00010654 1.14294e-05 8.42764e-07 4.14037e-08
 1.52679e-10 1.21234e-08 5.67616e-07 1.56702e-05 0.000255091 0.00244882 0.0138709 0.0464963 0.0936597 0.122015 0.13197 0.15766 0.172291 0.13231 0.0708646 0.0319545 0.0147227 0.00646389 0.00228008 0.000593414 0.000111721 1.51861e-05 1.47033e-06 9.8546e-08 4.42796e-09
 2.74935e-10 2.09233e-08 9.38892e-07 2.48422e-05 0.000387576 0.00356564 0.0193488 0.0620207 0.118332 0.13969 0.120305 0.109252 0.116036 0.115199 0.0970069 0.0624617 0.0271845 0.00756552 0.00139314 0.000196389 2.54575e-05 2.96893e-06 2.6403e-07 1.61824e-08 6.58215e-10
 4.82604e-10 3.51524e-08 1.50976e-06 3.82337e-05 0.000570923 0.00502716 0.0261092 0.0800913 0.146151 0.164493 0.133281 0.110932 0.106092 0.0929403 0.0691732 0.0412362 0.0176198 0.0050876 0.00100122 0.000138935 1.39408e-05 1.03552e-06 5.93568e-08 2.68241e-09 9.10276e-11
 6.31461e-10 4.39665e-08 1.80503e-06 4.36955e-05 0.000623711 0.00525001 0.0260705 0.0765435 0.134398 0.149237 0.129493 0.123552 0.123116 0.102793 0.0706214 0.0385949 0.0150211 0.00388132 0.000669434 8.14167e-05 7.37558e-06 5.00488e-07 2.45491e-08 8.42236e-10 2.00063e-11
 9.17129e-10 6.09674e-08 2.38975e-06 5.52325e-05 0.000752721 0.00604933 0.0286824 0.0804268 0.135036 0.144198 0.122548 0.117118 0.119006 0.105001 0.076938 0.0429935 0.016391 0.0040582 0.000661593 7.4597e-05 6.09449e-06 3.64847e-07 1.57099e-08 4.75017e-10 9.8688e-12
 1.43362e-09 9.0888e-08 3.39755e-06 7.48881e-05 0.000973323 0.00746003 0.0337351 0.0902438 0.144738 0.148489 0.123162 0.115776 0.11439 0.0977623 0.0691027 0.0369505 0.0134201 0.00316707 0.000493651 5.32886e-05 4.14361e-06 2.32623e-07 9.20719e-09 2.50838e-10 4.62521e-12
 1.90786e-09 1.1523e-07 4.10368e-06 8.6173e-05 0.00106701 0.00779176 0.0335814 0.0857569 0.132378 0.135419 0.12206 0.126552 0.12679 0.105633 0.071637 0.0361282 0.0121456 0.00258672 0.000350639 3.16155e-05 2.02117e-06 9.57529e-08 3.34289e-09 8.28429e-11 1.40333e-12
 2.76771e-09 1.59098e-07 5.39256e-06 0.000107774 0.00127011 0.00882764 0.0362165 0.0881011 0.12999 0.128928 0.116424 0.122929 0.126579 0.110441 0.0769754 0.0381965 0.0122426 0.00243758 0.00030267 2.42426e-05 1.32138e-06 5.14673e-08 1.45475e-09 2.9366e-11 4.13573e-13
 4.96337e-09 2.71298e-07 8.74387e-06 0.000166169 0.00186209 0.012306 0.0479987 0.110925 0.154892 0.143055 0.116322 0.111447 0.108683 0.0914536 0.0612274 0.0289462 0.00881688 0.0016739 0.000199796 1.55364e-05 8.24342e-07 3.07392e-08 8.02321e-10 1.43347e-11 1.72282e-13
 6.29016e-09 3.26656e-07 1.00025e-05 0.000180601 0.00192285 0.0120756 0.0447949 0.098864 0.134494 0.130614 0.126296 0.135151 0.126832 0.0965437 0.0583702 0.0253214 0.00713509 0.00124927 0.000135732 9.41182e-06 4.37239e-07 1.4282e-08 3.3389e-10 5.48578e-12 6.1445e-14
 8.81709e-09 4.34692e-07 1.26365e-05 0.000216602 0.00218938 0.0130538 0.045985 0.0964933 0.125498 0.118958 0.116479 0.129502 0.131362 0.110352 0.0702608 0.0301273 0.00806462 0.00130847 0.000128273 7.70724e-06 2.93133e-07 7.42333e-09 1.32138e-10 1.69904e-12 1.55925e-14
 1.34046e-08 6.26957e-07 1.72906e-05 0.000281175 0.00269633 0.0152534 0.0510049 0.101812 0.127198 0.119541 0.119598 0.131998 0.129536 0.104342 0.0632519 0.0257553 0.00657625 0.00103125 0.000100232 6.21751e-06 2.55949e-07 7.19039e-09 1.3761e-10 1.75126e-12 1.44824e-14
 1.98037e-08 8.78204e-07 2.29633e-05 0.000354054 0.00321918 0.0172691 0.0547901 0.104066 0.125284 0.117873 0.121628 0.134582 0.130073 0.102172 0.0593897 0.0228899 0.00549819 0.000808973 7.37e-05 4.29038e-06 1.6684e-07 4.49655e-09 8.45262e-11 1.0845e-12 9.24097e-15
 2.9552e-08 1.24189e-06 3.07728e-05 0.000449626 0.00387424 0.0196983 0.0592727 0.107097 0.124273 0.116856 0.123124 0.135822 0.129454 0.0992492 0.0553218 0.0202025 0.00457893 0.000636227 5.49561e-05 3.05104e-06 1.13651e-07 2.93027e-09 5.23348e-11 6.33729e-13 5.08909e-15
 5.15933e-08 2.05378e-06 4.82061e-05 0.00066719 0.00544559 0.0262256 0.0747282 0.127696 0.139308 0.121204 0.117883 0.123589 0.114169 0.0845747 0.0450088 0.0155985 0.00336318 0.000449083 3.79588e-05 2.10953e-06 7.99248e-08 2.08951e-09 3.71135e-11 4.37297e-13 3.36308e-15
 6.3797e-08 2.40483e-06 5.34514e-05 0.000700559 0.0054154 0.0247153 0.066937 0.110251 0.122691 0.123195 0.138346 0.144541 0.123134 0.0831139 0.0407451 0.0131441 0.00265405 0.000333378 2.66479e-05 1.41062e-06 5.13511e-08 1.30116e-09 2.25772e-11 2.61573e-13 1.98447e-15
 1.15246e-07 4.11274e-06 8.65422e-05 0.00107381 0.00785774 0.0339363 0.0868217 0.133955 0.135094 0.115737 0.115668 0.122536 0.112905 0.0803216 0.0392239 0.0121576 0.00232422 0.000275319 2.07652e-05 1.03903e-06 3.57771e-08 8.56621e-10 1.40318e-11 1.53591e-13 1.10394e-15
 1.56653e-07 5.29181e-06 0.000105405 0.00123805 0.00857728 0.0350972 0.085371 0.127257 0.131694 0.128321 0.138091 0.134193 0.10574 0.0653223 0.0288843 0.00837443 0.00153571 0.00017931 1.37456e-05 7.15043e-07 2.55541e-08 6.19006e-10 9.9382e-12 1.04101e-13 7.06143e-16
 2.47379e-07 7.90966e-06 0.000149123 0.00165787 0.0108712 0.0420984 0.0968489 0.136135 0.131522 0.11893 0.124297 0.125709 0.105958 0.0674432 0.0290446 0.00787552 0.00130953 0.000134035 8.66964e-06 3.70747e-07 1.10175e-08 2.33471e-10 3.48248e-12 3.53348e-14 2.36059e-16
 3.55137e-07 1.07479e-05 0.000191798 0.00201834 0.0125293 0.0459622 0.100468 0.13599 0.132351 0.127354 0.134321 0.126591 0.096794 0.0562725 0.0224537 0.00570306 0.000896336 8.75843e-05 5.46232e-06 2.25654e-07 6.36068e-09 1.22991e-10 1.60701e-12 1.39469e-14 7.9661e-17
 4.87483e-07 1.3965e-05 0.000235895 0.00234983 0.01381 0.0479891 0.0996372 0.129602 0.125812 0.12608 0.136771 0.131047 0.101052 0.0576143 0.0219277 0.00522441 0.000762038 6.83759e-05 3.86677e-06 1.43243e-07 3.61525e-09 6.33214e-11 7.61791e-13 6.14498e-15 3.25263e-17
 6.96905e-07 1.88994e-05 0.00030222 0.00285003 0.0158589 0.0522099 0.102981 0.128725 0.124144 0.127107 0.13813 0.13071 0.0985143 0.0539438 0.0194662 0.00437905 0.000604362 5.16575e-05 2.80958e-06 1.00826e-07 2.45701e-09 4.08595e-11 4.56304e-13 3.355e-15 1.60366e-17
 9.11039e-07 2.33915e-05 0.000354149 0.00316224 0.016666 0.0520412 0.0979922 0.120014 0.121046 0.133313 0.146873 0.135964 0.0988522 0.0516406 0.0177035 0.00380098 0.000507533 4.29372e-05 2.37674e-06 8.86068e-08 2.24237e-09 3.79653e-11 4.2095e-13 3.01073e-15 1.37876e-17
 1.13531e-06 2.76019e-05 0.000395712 0.00334607 0.0167069 0.0495139 0.0892116 0.107858 0.114817 0.135891 0.15502 0.146385 0.106114 0.0535091 0.0172959 0.00344993 0.00042252 3.2323e-05 1.59788e-06 5.31651e-08 1.22352e-09 1.94484e-11 2.08758e-13 1.47486e-15 6.72202e-18
#spawning biomass
 22194.6 22679 15002.4 16468.7 26041 42001.2 53790.4 79172.5 114215 140879 144854 179288 219015 234340 242599 220770 223115 185199 213316 208669 205755 207673 239373 226355 278238 227050 222685 186112 178218 468080 742197 1.01794e+06 1.27456e+06 1.50168e+06 1.6961e+06 1.85888e+06 1.99318e+06 2.10301e+06 2.19242e+06 2.26517e+06 2.32449e+06 2.3731e+06 2.40807e+06 2.41974e+06 2.43104e+06 2.44201e+06 2.45263e+06 2.46293e+06 2.47291e+06 2.48259e+06 2.49197e+06 2.50106e+06 2.50987e+06 2.51842e+06 2.5267e+06 2.53472e+06 2.5425e+06 2.55005e+06 2.55736e+06 2.56444e+06 2.57131e+06 2.57797e+06 2.58442e+06 2.59068e+06 2.59674e+06 2.60262e+06 2.60831e+06 2.61384e+06 2.61919e+06 2.62438e+06 2.62941e+06 2.63428e+06 2.63901e+06 2.64359e+06 2.64803e+06 2.65233e+06 2.6565e+06 2.66055e+06 2.66447e+06 2.66826e+06 2.67195e+06 2.67552e+06 2.67898e+06 2.68233e+06 2.68558e+06 2.68873e+06 2.69179e+06 2.69475e+06 2.69762e+06 2.7004e+06 2.7031e+06 2.70571e+06 2.70824e+06 2.7107e+06 2.71308e+06 2.71539e+06 2.71762e+06 2.71979e+06 2.72189e+06 2.72393e+06 2.72591e+06 2.72782e+06 2.72967e+06 2.73147e+06 2.73322e+06 2.73491e+06 2.73654e+06 2.73813e+06 2.73967e+06 2.74116e+06 2.74261e+06 2.74401e+06 2.74537e+06 2.74668e+06 2.74796e+06 2.7492e+06 2.7504e+06 2.75156e+06 2.75269e+06 2.75378e+06 2.75484e+06 2.75586e+06 2.75686e+06 2.75782e+06 2.75876e+06 2.75966e+06 2.76054e+06 2.76139e+06 0 0 0 0 0 0 0 0 0 0 0 0 0 0 0 0 0 0 0 0 0 0 0 0 0
