SBPRF35
0.819782
Curr Bio
130067
B35
694650
F35
0.206395
FOFL
0
OFL
0
Bzero
234224
#pred survey bio
 5324.4 6307.88 8042.33 10282 14512.3 17099 17756.9 21937.2 32664.8 47596.4 61632.4 77333.4 101337 123811 120569 111342 105914 102706 95339.7 94463.8 102376 110897 108269 113828 121419 126589 137176 135996 4.12526e+06 6.17418e+06 6.79419e+06 6.59934e+06 5.97109e+06 5.20251e+06 4.46366e+06 3.83078e+06 3.32372e+06 2.93422e+06 2.6431e+06 2.42934e+06 2.27407e+06 2.16185e+06 2.08006e+06 2.01943e+06 1.97643e+06 1.94565e+06 1.92337e+06 1.90708e+06 1.89504e+06 1.88603e+06 1.87924e+06 1.87405e+06 1.87005e+06 1.86695e+06 1.86452e+06 1.86261e+06 1.86109e+06 1.85988e+06 1.85891e+06 1.85814e+06 1.85751e+06 1.857e+06 1.85659e+06 1.85625e+06 1.85598e+06 1.85576e+06 1.85558e+06 1.85543e+06 1.85531e+06 1.85522e+06 1.85514e+06 1.85507e+06 1.85502e+06 1.85497e+06 1.85494e+06 1.85491e+06 1.85489e+06 1.85487e+06 1.85485e+06 1.85484e+06 1.85483e+06 1.85482e+06 1.85481e+06 1.8548e+06 1.8548e+06 1.8548e+06 1.85479e+06 1.85479e+06 1.85479e+06 1.85479e+06 1.85478e+06 1.85478e+06 1.85478e+06 1.85478e+06 1.85478e+06 1.85478e+06 1.85478e+06 1.85478e+06 1.85478e+06 1.85478e+06 1.85478e+06 1.85478e+06 1.85478e+06 1.85478e+06 1.85478e+06 1.85478e+06 1.85478e+06 1.85478e+06 1.85478e+06 1.85478e+06 1.85478e+06 1.85478e+06 1.85478e+06 1.85478e+06 1.85478e+06 1.85478e+06 1.85478e+06 1.85478e+06 1.85478e+06 1.85478e+06 1.85478e+06 1.85478e+06 1.85478e+06 1.85478e+06 1.85478e+06 1.85478e+06 1.85478e+06 1.85478e+06 0 0 0 0 0 0 0 0 0 0 0 0 0 0 0 0 0 0 0 0 0 0 0 0 0
#obs survey bio
 4699.73 6471.25 12966.6 13540.7 21280.1 9623.44 25775.7 44190.9 37818.2 46638.4 76703.3 97204.7 141488 127534 109615 94679 91104.8 100688 108128 121922 104724 99482 122287 124137 120928 131351 115875 110325
#pred catch bio
 3364.12 4485.44 6080.66 7316.52 10442.4 12911.4 13811.1 16320.3 23513.6 36115.4 48711.8 59955.4 78729.7 101040 97970.7 91592.7 89097.4 88642.2 80935.1 78574.4 85521.8 97244 94352.1 99947.7 108193 110995 124093 103237 0 49423.5 54037.6 51990.3 46468.4 39906 33701.4 28465 24336.9 21225.2 18951.6 17327.2 16185.5 15392.5 14843.1 14461.2 14206.9 14037.5 13924.7 13849.5 13799.5 13766.2 13744 13729.2 13719.3 13712.8 13708.4 13705.5 13703.5 13702.3 13701.4 13700.8 13700.4 13700.2 13700 13699.9 13699.8 13699.8 13699.7 13699.7 13699.7 13699.7 13699.7 13699.7 13699.7 13699.7 13699.7 13699.7 13699.7 13699.7 13699.7 13699.7 13699.7 13699.7 13699.7 13699.7 13699.7 13699.7 13699.7 13699.7 13699.7 13699.7 13699.7 13699.7 13699.7 13699.7 13699.7 13699.7 13699.7 13699.7 13699.7 13699.7 13699.7 13699.7 13699.7 13699.7 13699.7 13699.7 13699.7 13699.7 13699.7 13699.7 13699.7 13699.7 13699.7 13699.7 13699.7 13699.7 13699.7 13699.7 13699.7 13699.7 13699.7 13699.7 13699.7 13699.7 13699.7 13699.7 13699.7 13699.7 0 0 0 0 0 0 0 0 0 0 0 0 0 0 0 0 0 0 0 0 0 0 0 0 0
#obs catch bio
 4906.88 4502.7 5898.97 7089.46 10154.5 12847.1 13599.6 15501.6 22386.5 35041.6 47671.4 57544.3 74924.3 98245.6 97881.4 90535.2 87299.6 88151.6 79187.3 75603.1 82722.6 93680.1 91313 96483.4 105470 108855 124009 102492
#pred cpue bio
 4705.99 5337.93 6656.69 8425.82 12003.7 14672.9 14919.4 17677 26463.5 39170.5 50501 62768.3 82742.7 102335 101744 93768 87918 84663.5 78505.9 77531.6 83531.6 90677 87658.1 91727.9 97372.9 101386 110252 108750 3.47135e+06 6.13743e+06 6.75744e+06 6.56258e+06 5.93433e+06 5.16575e+06 4.42691e+06 3.79402e+06 3.28696e+06 2.89746e+06 2.60635e+06 2.39258e+06 2.23731e+06 2.12509e+06 2.04331e+06 1.98267e+06 1.93968e+06 1.90889e+06 1.88661e+06 1.87032e+06 1.85828e+06 1.84928e+06 1.84248e+06 1.83729e+06 1.8333e+06 1.8302e+06 1.82777e+06 1.82585e+06 1.82434e+06 1.82313e+06 1.82216e+06 1.82138e+06 1.82075e+06 1.82024e+06 1.81983e+06 1.8195e+06 1.81923e+06 1.81901e+06 1.81882e+06 1.81868e+06 1.81856e+06 1.81846e+06 1.81838e+06 1.81831e+06 1.81826e+06 1.81822e+06 1.81818e+06 1.81815e+06 1.81813e+06 1.81811e+06 1.81809e+06 1.81808e+06 1.81807e+06 1.81806e+06 1.81805e+06 1.81805e+06 1.81804e+06 1.81804e+06 1.81804e+06 1.81803e+06 1.81803e+06 1.81803e+06 1.81803e+06 1.81803e+06 1.81802e+06 1.81802e+06 1.81802e+06 1.81802e+06 1.81802e+06 1.81802e+06 1.81802e+06 1.81802e+06 1.81802e+06 1.81802e+06 1.81802e+06 1.81802e+06 1.81802e+06 1.81802e+06 1.81802e+06 1.81802e+06 1.81802e+06 1.81802e+06 1.81802e+06 1.81802e+06 1.81802e+06 1.81802e+06 1.81802e+06 1.81802e+06 1.81802e+06 1.81802e+06 1.81802e+06 1.81802e+06 1.81802e+06 1.81802e+06 1.81802e+06 1.81802e+06 1.81802e+06 1.81802e+06 1.81802e+06 1.81802e+06 0 0 0 0 0 0 0 0 0 0 0 0 0 0 0 0 0 0 0 0 0 0 0 0 0
#obs cpue bio
 5717.75 5428.83 8280.32 10075.5 12028.2 22568.3 17317.9 22563.7 47821.3 51038.8 61103.3 99145.2 138055 125300 99094.5 150070 141308 89505.1 103711 120936 129891 188270 125861 148464 138722 125854 130331 158815
#pred surv len freq
 2.5666e-27 2.59758e-27 4.12457e-26 8.16118e-20 2.00061e-14 5.92818e-10 2.12337e-06 0.00091934 0.0481149 0.304388 0.233025 0.0377282 0.123456 0.114029 0.0282952 0.0361942 0.0166344 0.0142955 0.00954964 0.00778212 0.00646003 0.00584238 0.00608145 0.00550833 0.00169355
 2.56805e-27 2.60121e-27 4.40409e-26 8.75067e-20 2.14512e-14 6.35638e-10 2.27675e-06 0.000985744 0.0515903 0.326374 0.249859 0.0405649 0.13322 0.122707 0.0240995 0.0242094 0.00943596 0.0059876 0.00324644 0.00220709 0.00158314 0.00126705 0.00119387 0.00109584 0.000370758
 2.56879e-27 2.60313e-27 4.56215e-26 9.08406e-20 2.22685e-14 6.59855e-10 2.36349e-06 0.0010233 0.0535559 0.338809 0.259363 0.0411705 0.131151 0.120693 0.0219181 0.0196581 0.00677259 0.00302216 0.00125191 0.000624738 0.000346258 0.000229313 0.000186504 0.000164388 5.79659e-05
 2.56917e-27 2.60409e-27 4.64143e-26 9.25128e-20 2.26784e-14 6.72002e-10 2.407e-06 0.00104214 0.0545417 0.345046 0.264129 0.0414078 0.129609 0.119192 0.0202615 0.0162346 0.00537614 0.00205518 0.00068492 0.00023421 8.70387e-05 4.13167e-05 2.64979e-05 2.0982e-05 7.40778e-06
 2.5687e-27 2.60283e-27 4.53102e-26 9.01838e-20 2.21075e-14 6.55084e-10 2.3464e-06 0.0010159 0.0531686 0.336359 0.2575 0.041641 0.136041 0.12516 0.0219013 0.0184645 0.00593537 0.00197372 0.000605585 0.000168735 4.16361e-05 1.19403e-05 5.01332e-06 3.19878e-06 1.08432e-06
 2.56666e-27 2.59732e-27 4.04459e-26 7.99222e-20 1.9592e-14 5.80545e-10 2.07941e-06 0.000900307 0.0471188 0.298087 0.228296 0.04294 0.166444 0.153245 0.0274029 0.0239555 0.0078075 0.00275223 0.000804026 0.000195108 3.97101e-05 7.26284e-06 1.58381e-06 6.51618e-07 1.98459e-07
 2.56795e-27 2.6009e-27 4.36851e-26 8.67559e-20 2.12672e-14 6.30184e-10 2.25721e-06 0.000977287 0.0511477 0.323574 0.247733 0.0413848 0.140953 0.129853 0.0256416 0.0258367 0.00852326 0.00314311 0.000943866 0.000235697 4.28403e-05 6.2464e-06 7.62587e-07 1.42482e-07 3.33251e-08
 2.56997e-27 2.60629e-27 4.83764e-26 9.66523e-20 2.36931e-14 7.0207e-10 2.5147e-06 0.00108877 0.0569822 0.360485 0.275907 0.0406829 0.115818 0.106493 0.0184957 0.0154167 0.00531843 0.00234921 0.000729861 0.000190498 3.5834e-05 4.85501e-06 4.40135e-07 3.5343e-08 4.38347e-09
 2.56966e-27 2.6054e-27 4.75344e-26 9.48756e-20 2.32576e-14 6.89165e-10 2.46847e-06 0.00106875 0.0559348 0.353859 0.270857 0.0413486 0.124431 0.11436 0.0184235 0.0132473 0.00428848 0.00149956 0.000495143 0.000149888 2.97021e-05 4.18066e-06 3.53147e-07 1.78295e-08 8.40106e-10
 2.56892e-27 2.60342e-27 4.58005e-26 9.12181e-20 2.2361e-14 6.62597e-10 2.37331e-06 0.00102755 0.0537784 0.340217 0.260446 0.0416908 0.13435 0.123561 0.0209346 0.0166516 0.00522035 0.00152928 0.000445662 0.000115372 2.58258e-05 4.0036e-06 3.51879e-07 1.58422e-08 3.74506e-10
 2.56915e-27 2.60403e-27 4.63538e-26 9.23853e-20 2.26471e-14 6.71075e-10 2.40368e-06 0.0010407 0.0544665 0.34457 0.263767 0.0414655 0.130303 0.119836 0.0204439 0.0164779 0.0052847 0.0017349 0.000481236 0.000103802 1.9441e-05 3.08197e-06 3.04373e-07 1.42007e-08 2.73348e-10
 2.56957e-27 2.60517e-27 4.7334e-26 9.44531e-20 2.3154e-14 6.86095e-10 2.45748e-06 0.00106399 0.0556856 0.352282 0.269654 0.0413742 0.125471 0.115331 0.0187969 0.0138531 0.00444985 0.00148636 0.000430104 9.98651e-05 1.63969e-05 2.12702e-06 2.0354e-07 1.05172e-08 2.06152e-10
 2.56928e-27 2.60437e-27 4.66206e-26 9.2948e-20 2.27851e-14 6.75163e-10 2.41832e-06 0.00104704 0.0547983 0.346669 0.265373 0.0416468 0.130554 0.120011 0.0194494 0.0141572 0.00445415 0.00134105 0.000385799 9.204e-05 1.61635e-05 1.9773e-06 1.54632e-07 7.59471e-09 1.60856e-10
 2.56869e-27 2.60276e-27 4.52048e-26 8.99612e-20 2.20529e-14 6.53467e-10 2.34061e-06 0.00101339 0.0530374 0.335529 0.256872 0.0420171 0.139344 0.128135 0.0211212 0.0159255 0.0050011 0.00148228 0.000410069 8.9971e-05 1.59294e-05 2.05237e-06 1.55197e-07 6.37663e-09 1.27752e-10
 2.56758e-27 2.59974e-27 4.25203e-26 8.4298e-20 2.06646e-14 6.1233e-10 2.19326e-06 0.000949599 0.0496986 0.314407 0.240757 0.042897 0.157362 0.144742 0.0236906 0.0176089 0.00557011 0.00171854 0.000475369 0.000101711 1.67534e-05 2.09185e-06 1.64407e-07 6.52317e-09 1.12442e-10
 2.56773e-27 2.6002e-27 4.29793e-26 8.52665e-20 2.09021e-14 6.19365e-10 2.21846e-06 0.000960509 0.0502696 0.318019 0.243507 0.0423531 0.151291 0.139234 0.024436 0.0206978 0.00654128 0.00198638 0.000556006 0.000122797 1.99736e-05 2.35217e-06 1.76306e-07 7.1378e-09 1.1811e-10
 2.5685e-27 2.60228e-27 4.47995e-26 8.91063e-20 2.18433e-14 6.47257e-10 2.31837e-06 0.00100376 0.0525334 0.332341 0.254436 0.0419347 0.140429 0.129174 0.0219844 0.0176479 0.00575155 0.00203626 0.000576493 0.000126239 2.10353e-05 2.48957e-06 1.77354e-07 6.84506e-09 1.13596e-10
 2.56882e-27 2.60309e-27 4.54836e-26 9.05493e-20 2.21971e-14 6.57739e-10 2.35591e-06 0.00102002 0.0533841 0.337723 0.258548 0.0420521 0.138434 0.127262 0.0203709 0.0144394 0.00462979 0.00154098 0.000458834 0.000113737 1.91047e-05 2.28674e-06 1.64484e-07 6.08018e-09 9.6527e-11
 2.56884e-27 2.60314e-27 4.55016e-26 9.05873e-20 2.22064e-14 6.58015e-10 2.3569e-06 0.00102045 0.0534065 0.337865 0.258659 0.0422404 0.139788 0.128473 0.0198829 0.0130122 0.0040529 0.0011674 0.000333456 8.00903e-05 1.48637e-05 1.8934e-06 1.3766e-07 5.11953e-09 7.83708e-11
 2.56901e-27 2.6036e-27 4.59207e-26 9.14715e-20 2.24231e-14 6.64437e-10 2.3799e-06 0.00103041 0.0539278 0.341162 0.261173 0.0420273 0.1364 0.12537 0.0197665 0.0135243 0.00415475 0.00109311 0.000293336 6.19736e-05 1.09497e-05 1.46833e-06 1.16103e-07 4.41108e-09 6.76634e-11
 2.5693e-27 2.6044e-27 4.66368e-26 9.29822e-20 2.27935e-14 6.75411e-10 2.41921e-06 0.00104742 0.0548184 0.346796 0.265471 0.0417484 0.131258 0.120639 0.01918 0.0133799 0.00414515 0.00114409 0.00030058 5.78831e-05 9.11478e-06 1.11797e-06 9.07317e-08 3.73052e-09 5.89974e-11
 2.56919e-27 2.60409e-27 4.63452e-26 9.23669e-20 2.26426e-14 6.70942e-10 2.4032e-06 0.00104049 0.0544557 0.344502 0.263722 0.0419341 0.1339 0.123054 0.0191754 0.012762 0.00396446 0.00111877 0.00029918 5.94815e-05 8.81192e-06 9.57327e-07 6.98204e-08 2.89872e-09 4.90497e-11
 2.56963e-27 2.60528e-27 4.7383e-26 9.45562e-20 2.31793e-14 6.86845e-10 2.46016e-06 0.00106516 0.0557464 0.352667 0.269954 0.0417584 0.128184 0.117749 0.0176931 0.0107134 0.00329246 0.00088215 0.000235881 4.79942e-05 7.31632e-06 7.75206e-07 5.01197e-08 1.8648e-09 3.1507e-11
 2.56984e-27 2.60583e-27 4.78658e-26 9.55747e-20 2.3429e-14 6.94242e-10 2.48666e-06 0.00107663 0.0563469 0.356466 0.272853 0.0416528 0.125344 0.115121 0.0171056 0.0100315 0.00303298 0.000733259 0.000190029 3.70787e-05 5.70897e-06 6.21827e-07 3.96684e-08 1.32172e-09 2.00989e-11
 2.57005e-27 2.60639e-27 4.8356e-26 9.66088e-20 2.36825e-14 7.01754e-10 2.51356e-06 0.00108828 0.0569565 0.360323 0.275796 0.041548 0.122478 0.112468 0.0164689 0.00924643 0.00277952 0.000648912 0.000162381 2.88722e-05 4.24177e-06 4.55508e-07 2.97387e-08 9.77942e-10 1.34725e-11
 2.57009e-27 2.6065e-27 4.84486e-26 9.68042e-20 2.37304e-14 7.03173e-10 2.51865e-06 0.00109048 0.0570717 0.361051 0.276354 0.0416004 0.122486 0.112456 0.0161359 0.00848854 0.00253195 0.00056468 0.000138942 2.37567e-05 3.24823e-06 3.23073e-07 2.0525e-08 6.84105e-10 9.27717e-12
 2.56994e-27 2.6061e-27 4.80928e-26 9.60535e-20 2.35464e-14 6.97721e-10 2.49912e-06 0.00108202 0.0566292 0.358252 0.274217 0.0416767 0.124568 0.114386 0.0166304 0.00912927 0.00270312 0.000563779 0.000135469 2.2197e-05 2.93677e-06 2.73597e-07 1.59459e-08 5.1151e-10 6.96215e-12
 2.57016e-27 2.60667e-27 4.85963e-26 9.71157e-20 2.38067e-14 7.05436e-10 2.52675e-06 0.00109399 0.0572554 0.362213 0.277241 0.0415831 0.121731 0.111754 0.0159027 0.00813323 0.00241694 0.000526128 0.000125339 1.9307e-05 2.45438e-06 2.18777e-07 1.19602e-08 3.52115e-10 4.57877e-12
#obs surv len freq
 1.64314e-41 2.28057e-33 3.82612e-26 7.7593e-20 1.9021e-14 5.63628e-10 2.01882e-06 0.00087408 0.0457459 0.289402 0.221726 0.0442964 0.164337 0.139652 0.0430032 0.0347987 0.0113464 0.00386978 0.000832618 0.000108178 6.15918e-06 1.10811e-07 4.6665e-10 3.69307e-13 4.7601e-17
 1.90538e-41 2.64454e-33 4.43677e-26 8.99768e-20 2.20568e-14 6.53582e-10 2.34103e-06 0.00101358 0.0530469 0.33559 0.257006 0.0440389 0.132144 0.106302 0.0337708 0.0257613 0.00813975 0.00260619 0.000517025 5.87638e-05 2.77248e-06 3.9065e-08 1.23408e-10 7.13124e-14 6.60398e-18
 1.92713e-41 2.67472e-33 4.4874e-26 9.10037e-20 2.23085e-14 6.61041e-10 2.36774e-06 0.00102515 0.0536523 0.33942 0.260014 0.0470831 0.141102 0.10618 0.0270172 0.017276 0.00531566 0.00159243 0.000289296 2.86396e-05 1.11014e-06 1.21865e-08 2.88376e-11 1.21655e-14 8.09946e-19
 1.95984e-41 2.72013e-33 4.56358e-26 9.25484e-20 2.26872e-14 6.72262e-10 2.40793e-06 0.00104255 0.054563 0.345182 0.264479 0.0487931 0.139637 0.0990156 0.0266067 0.0157809 0.00378687 0.000941843 0.000155487 1.33021e-05 4.21038e-07 3.58241e-09 6.33472e-12 1.9513e-15 9.34957e-20
 1.76098e-41 2.44412e-33 4.10052e-26 8.31577e-20 2.03851e-14 6.04049e-10 2.1636e-06 0.000936766 0.0490266 0.310158 0.237926 0.0548927 0.176138 0.117245 0.0314462 0.0172434 0.0040361 0.000837246 0.000104412 7.39036e-06 1.8944e-07 1.24426e-09 1.64081e-12 3.68823e-16 1.2727e-20
 1.44727e-41 2.00872e-33 3.37004e-26 6.83438e-20 1.67537e-14 4.96442e-10 1.77817e-06 0.000769888 0.0402929 0.254907 0.19601 0.0625083 0.221264 0.140416 0.0495393 0.0270642 0.00597459 0.0011295 0.000116597 6.0057e-06 1.16543e-07 5.84099e-10 5.73242e-13 9.40067e-17 2.33707e-21
 2.09097e-41 2.90213e-33 4.86892e-26 9.87408e-20 2.42051e-14 7.17243e-10 2.56905e-06 0.00111231 0.0582138 0.368279 0.282259 0.0502609 0.112142 0.0689107 0.0340497 0.0188609 0.00491856 0.000906032 8.14946e-05 3.27245e-06 4.47018e-08 1.5962e-10 1.14222e-13 1.36205e-17 2.44007e-22
 1.99012e-41 2.76215e-33 4.63408e-26 9.39782e-20 2.30376e-14 6.82647e-10 2.44513e-06 0.00105866 0.0554059 0.350517 0.269042 0.0601371 0.151287 0.08143 0.0189237 0.00870582 0.00286121 0.000576196 5.20939e-05 1.74613e-06 1.76982e-08 4.35502e-11 2.14152e-14 1.79595e-18 2.29173e-23
 2.01546e-41 2.79732e-33 4.69309e-26 9.51748e-20 2.3331e-14 6.9134e-10 2.47627e-06 0.00107214 0.0561114 0.35498 0.272581 0.0618615 0.145392 0.0746332 0.0228286 0.00871442 0.00150722 0.000286569 2.83337e-05 9.00034e-07 7.39179e-09 1.32168e-11 4.46564e-15 2.53632e-19 2.21547e-24
 1.72537e-41 2.3947e-33 4.01761e-26 8.14764e-20 1.9973e-14 5.91836e-10 2.11986e-06 0.000917826 0.0480354 0.303892 0.234207 0.0762708 0.199518 0.0955809 0.0288804 0.0105098 0.00193428 0.000233253 1.69539e-05 5.21898e-07 3.83555e-09 5.45799e-12 1.34774e-15 5.3307e-20 3.17261e-25
 2.01264e-41 2.79341e-33 4.68653e-26 9.50419e-20 2.32984e-14 6.90374e-10 2.47281e-06 0.00107064 0.0560331 0.354487 0.272585 0.0667882 0.140061 0.0668287 0.029737 0.0103802 0.00181098 0.000204264 1.04926e-05 2.20862e-07 1.36577e-09 1.64607e-12 3.21837e-16 9.48607e-21 4.03393e-26
 1.84276e-41 2.55763e-33 4.29095e-26 8.70196e-20 2.13318e-14 6.32101e-10 2.26408e-06 0.00098027 0.0513034 0.324571 0.250517 0.0818011 0.180937 0.0759924 0.0237057 0.00821747 0.00177611 0.0001881 8.3033e-06 1.24032e-07 5.10301e-10 4.61021e-13 7.1689e-17 1.65869e-21 5.3552e-27
 1.9253e-41 2.67218e-33 4.48314e-26 9.09172e-20 2.22873e-14 6.60413e-10 2.36549e-06 0.00102418 0.0536013 0.339109 0.261765 0.0808842 0.160559 0.0670767 0.0268947 0.00765431 0.00127914 0.000143028 6.08085e-06 7.36822e-08 2.15019e-10 1.28541e-13 1.37931e-17 2.34641e-22 5.73968e-28
 1.62323e-41 2.25294e-33 3.77978e-26 7.66532e-20 1.87906e-14 5.568e-10 1.99437e-06 0.000863493 0.0451918 0.285918 0.222602 0.104397 0.216941 0.0835283 0.0302868 0.00865983 0.00147651 0.000127832 4.85418e-06 5.32434e-08 1.23816e-10 5.32682e-14 3.86333e-18 4.38812e-23 7.35736e-29
 1.48213e-41 2.0571e-33 3.45121e-26 6.99899e-20 1.71572e-14 5.08399e-10 1.821e-06 0.000788432 0.0412634 0.261074 0.204532 0.113262 0.224215 0.0940578 0.0467202 0.0120484 0.00187924 0.000153338 4.6571e-06 4.11254e-08 7.99111e-11 2.72404e-14 1.46069e-18 1.16529e-23 1.33043e-29
 1.71366e-41 2.37845e-33 3.99035e-26 8.09234e-20 1.98374e-14 5.87819e-10 2.10547e-06 0.000911597 0.0477094 0.301855 0.235458 0.103112 0.177236 0.0768453 0.0420431 0.012531 0.00214076 0.000153036 3.98941e-06 2.77141e-08 4.09279e-11 1.0854e-14 4.52437e-19 2.72713e-24 2.27365e-30
 1.6842e-41 2.33756e-33 3.92174e-26 7.95321e-20 1.94964e-14 5.77713e-10 2.06927e-06 0.000895924 0.0468891 0.296679 0.232948 0.118584 0.191813 0.0702572 0.030609 0.00941129 0.0017757 0.000132962 3.01427e-06 1.68224e-08 1.90393e-11 3.73695e-15 1.15166e-19 5.19034e-25 3.24492e-31
 1.69164e-41 2.34788e-33 3.93906e-26 7.98833e-20 1.95824e-14 5.80264e-10 2.07841e-06 0.00089988 0.0470962 0.298002 0.23495 0.124178 0.185392 0.0701759 0.0305813 0.00738014 0.00124522 9.5339e-05 2.0796e-06 9.83557e-09 8.67131e-12 1.27879e-15 2.89364e-20 9.44949e-26 4.27418e-32
 1.64974e-41 2.28973e-33 3.84149e-26 7.79046e-20 1.90974e-14 5.65891e-10 2.02693e-06 0.000877591 0.0459297 0.290644 0.230948 0.135605 0.18871 0.06992 0.0294358 0.00690617 0.000960749 6.09052e-05 1.21412e-06 5.11168e-09 3.72164e-12 4.24953e-16 7.1753e-21 1.7161e-26 5.62034e-33
 1.75378e-41 2.43413e-33 4.08376e-26 8.28177e-20 2.03018e-14 6.01579e-10 2.15476e-06 0.000932937 0.0488263 0.308983 0.24558 0.133427 0.167471 0.0628088 0.0255944 0.00562905 0.000708527 3.62148e-05 5.66823e-07 1.97801e-09 1.19987e-12 1.10578e-16 1.44979e-21 2.60817e-27 6.289e-34
 1.70722e-41 2.36951e-33 3.97535e-26 8.06193e-20 1.97629e-14 5.8561e-10 2.09756e-06 0.000908171 0.0475302 0.300821 0.241739 0.148372 0.173296 0.0600269 0.0221097 0.00464575 0.000525994 2.26205e-05 2.73543e-07 7.1713e-10 3.35108e-13 2.42504e-17 2.49214e-22 3.46494e-28 6.34255e-35
 1.73187e-41 2.40372e-33 4.03274e-26 8.17832e-20 2.00482e-14 5.94065e-10 2.12784e-06 0.000921283 0.0482165 0.305197 0.246697 0.152469 0.163909 0.058367 0.020156 0.00368515 0.000366593 1.33397e-05 1.27616e-07 2.50573e-10 8.55162e-14 4.54173e-18 3.47813e-23 3.64405e-29 5.04379e-36
 1.7208e-41 2.38835e-33 4.00696e-26 8.12603e-20 1.992e-14 5.90266e-10 2.11424e-06 0.000915392 0.0479083 0.303298 0.247692 0.161597 0.160689 0.0561708 0.0183185 0.0031379 0.000262858 7.79353e-06 5.91393e-08 8.84208e-11 2.22278e-14 8.523e-19 4.68127e-24 3.52925e-30 3.54253e-37
 1.74386e-41 2.42037e-33 4.06067e-26 8.23496e-20 2.0187e-14 5.98179e-10 2.14258e-06 0.000927663 0.0485507 0.307419 0.252998 0.165818 0.152067 0.0532598 0.0162112 0.00255489 0.000186733 4.45086e-06 2.59904e-08 2.94332e-11 5.50479e-15 1.5426e-19 6.10764e-25 3.28985e-31 2.3492e-38
 1.69233e-41 2.34884e-33 3.94066e-26 7.99158e-20 1.95904e-14 5.805e-10 2.07926e-06 0.000900247 0.0471161 0.298441 0.250136 0.180441 0.15419 0.0519519 0.0145802 0.0021067 0.000132908 2.58447e-06 1.16079e-08 9.77577e-12 1.34433e-15 2.75393e-20 7.91813e-26 3.07541e-32 1.57358e-39
 1.60117e-41 2.22232e-33 3.7284e-26 7.56112e-20 1.85352e-14 5.49232e-10 1.96726e-06 0.000851755 0.0445786 0.282522 0.242915 0.196721 0.159809 0.055985 0.0146276 0.00188525 0.000101665 1.6046e-06 5.58648e-09 3.52005e-12 3.53924e-16 5.24402e-21 1.08651e-26 3.03652e-33 1.11617e-40
 1.59661e-41 2.21598e-33 3.71777e-26 7.53956e-20 1.84824e-14 5.47666e-10 1.96165e-06 0.000849327 0.044452 0.281845 0.245704 0.199705 0.153895 0.0572123 0.0145285 0.00172664 7.83656e-05 9.91425e-07 2.66752e-09 1.26309e-12 9.35383e-17 1.00625e-21 1.49949e-27 2.99828e-34 7.8672e-42
 1.64813e-41 2.2875e-33 3.83775e-26 7.78289e-20 1.90788e-14 5.65341e-10 2.02496e-06 0.000876738 0.0458871 0.291061 0.255659 0.198898 0.142017 0.0514664 0.0126466 0.0014303 5.61506e-05 5.68024e-07 1.1704e-09 4.15024e-13 2.26707e-17 1.77902e-22 1.91772e-28 2.7562e-35 5.17327e-43
#pred catch len freq
 2.56537e-27 2.5943e-27 3.84035e-26 7.56161e-20 1.85364e-14 5.49266e-10 1.96738e-06 0.000851799 0.0445801 0.282026 0.215954 0.0379944 0.137476 0.127019 0.0315186 0.0403175 0.0185295 0.0159241 0.0106376 0.00866868 0.00719597 0.00650796 0.00677426 0.00613585 0.00188649
 2.5673e-27 2.59919e-27 4.22674e-26 8.37654e-20 2.05341e-14 6.08462e-10 2.17941e-06 0.0009436 0.0493846 0.312421 0.23921 0.0409791 0.143853 0.13253 0.0260287 0.0261475 0.0101913 0.00646693 0.00350633 0.00238378 0.00170988 0.00136848 0.00128944 0.00118357 0.000400439
 2.5683e-27 2.6018e-27 4.4444e-26 8.83567e-20 2.16596e-14 6.41812e-10 2.29886e-06 0.000995319 0.0520914 0.329545 0.252294 0.0415012 0.138635 0.1276 0.0231725 0.0207832 0.0071602 0.00319512 0.00132356 0.000660493 0.000366075 0.000242438 0.000197178 0.000173796 6.12834e-05
 2.5685e-27 2.60227e-27 4.47992e-26 8.91058e-20 2.18432e-14 6.47253e-10 2.31835e-06 0.00100376 0.0525331 0.332339 0.254434 0.0418991 0.140159 0.128924 0.0219159 0.0175602 0.0058151 0.00222298 0.000740843 0.000253333 9.41452e-05 4.46901e-05 2.86614e-05 2.26952e-05 8.01261e-06
 2.56804e-27 2.60104e-27 4.37198e-26 8.68288e-20 2.1285e-14 6.30713e-10 2.25911e-06 0.000978108 0.0511907 0.323846 0.247953 0.0421169 0.146371 0.134691 0.023569 0.0198706 0.00638735 0.00212402 0.000651701 0.000181585 4.48067e-05 1.28496e-05 5.39509e-06 3.44237e-06 1.16689e-06
 2.56609e-27 2.59577e-27 3.90826e-26 7.70462e-20 1.88869e-14 5.59654e-10 2.00459e-06 0.000867909 0.0454232 0.28736 0.220112 0.0433397 0.175236 0.161359 0.0288538 0.0252238 0.00822088 0.00289796 0.000846597 0.000205438 4.18127e-05 7.64739e-06 1.66767e-06 6.86119e-07 2.08967e-07
 2.56754e-27 2.59977e-27 4.26949e-26 8.4667e-20 2.07551e-14 6.1501e-10 2.20286e-06 0.000953756 0.0499161 0.315783 0.241789 0.0416484 0.147136 0.135565 0.0267696 0.0269733 0.0088982 0.00328138 0.000985387 0.000246066 4.47249e-05 6.52118e-06 7.96133e-07 1.4875e-07 3.4791e-08
 2.56948e-27 2.60496e-27 4.7201e-26 9.41727e-20 2.30853e-14 6.84059e-10 2.45018e-06 0.00106084 0.0555203 0.351237 0.26885 0.041032 0.123432 0.113518 0.0197158 0.0164337 0.00566927 0.00250418 0.000778007 0.000203065 3.81979e-05 5.17528e-06 4.6917e-07 3.76745e-08 4.67263e-09
 2.56905e-27 2.60375e-27 4.60722e-26 9.1791e-20 2.25015e-14 6.66758e-10 2.38822e-06 0.00103401 0.0541162 0.342354 0.26208 0.0418155 0.134151 0.123321 0.0198672 0.0142853 0.00462452 0.00161706 0.000533942 0.000161633 3.20295e-05 4.50825e-06 3.80819e-07 1.92266e-08 9.05936e-10
 2.56845e-27 2.60214e-27 4.4667e-26 8.88269e-20 2.17748e-14 6.45227e-10 2.3111e-06 0.00100062 0.0523687 0.331299 0.253642 0.0420409 0.141795 0.130428 0.0220981 0.017577 0.0055105 0.00161428 0.000470432 0.000121784 2.72612e-05 4.22612e-06 3.71437e-07 1.67227e-08 3.95321e-10
 2.56883e-27 2.60318e-27 4.55954e-26 9.07854e-20 2.22549e-14 6.59454e-10 2.36205e-06 0.00102268 0.0535233 0.338603 0.259214 0.0416977 0.135268 0.124416 0.0212254 0.0171078 0.00548671 0.00180122 0.000499631 0.00010777 2.01841e-05 3.19978e-06 3.16007e-07 1.47435e-08 2.83796e-10
 2.5692e-27 2.60416e-27 4.64421e-26 9.25714e-20 2.26928e-14 6.72427e-10 2.40852e-06 0.0010428 0.0545763 0.345264 0.2643 0.0416572 0.131387 0.120785 0.0196859 0.0145082 0.00466029 0.00155665 0.000450445 0.000104588 1.71723e-05 2.22762e-06 2.13166e-07 1.10145e-08 2.15901e-10
 2.56891e-27 2.60335e-27 4.57211e-26 9.10505e-20 2.23199e-14 6.61379e-10 2.36895e-06 0.00102566 0.0536796 0.339592 0.259973 0.0419343 0.136536 0.125526 0.0203432 0.0148078 0.00465883 0.00140267 0.000403528 9.62695e-05 1.69063e-05 2.06817e-06 1.61737e-07 7.94371e-09 1.68247e-10
 2.56849e-27 2.60222e-27 4.47231e-26 8.8945e-20 2.18038e-14 6.46086e-10 2.31417e-06 0.00100195 0.0524383 0.331739 0.253981 0.0421692 0.142533 0.131076 0.0216059 0.016291 0.00511588 0.00151629 0.00041948 9.20358e-05 1.62949e-05 2.09947e-06 1.58759e-07 6.52297e-09 1.30684e-10
 2.56734e-27 2.59909e-27 4.19491e-26 8.30931e-20 2.03693e-14 6.03578e-10 2.16191e-06 0.000936026 0.0489883 0.309913 0.237329 0.0430781 0.161149 0.148234 0.0242621 0.0180337 0.00570448 0.00176 0.000486837 0.000104165 1.71576e-05 2.14232e-06 1.68373e-07 6.68053e-09 1.15155e-10
 2.56755e-27 2.59971e-27 4.25461e-26 8.43527e-20 2.0678e-14 6.12727e-10 2.19469e-06 0.000950215 0.0497308 0.314611 0.240907 0.042483 0.154107 0.141832 0.024892 0.021084 0.00666333 0.00202345 0.000566381 0.000125088 2.03463e-05 2.39606e-06 1.79596e-07 7.27099e-09 1.20314e-10
 2.56843e-27 2.60208e-27 4.46257e-26 8.87398e-20 2.17535e-14 6.44595e-10 2.30883e-06 0.000999635 0.0523173 0.330974 0.253393 0.0419878 0.141566 0.130223 0.022163 0.0177912 0.00579826 0.0020528 0.000581175 0.000127265 2.12062e-05 2.50979e-06 1.78794e-07 6.90065e-09 1.14519e-10
 2.56886e-27 2.60321e-27 4.5589e-26 9.07718e-20 2.22516e-14 6.59355e-10 2.3617e-06 0.00102253 0.0535153 0.338553 0.259181 0.0420182 0.137731 0.126614 0.0202672 0.0143658 0.00460622 0.00153314 0.000456498 0.000113158 1.90074e-05 2.27509e-06 1.63646e-07 6.04922e-09 9.60355e-11
 2.56881e-27 2.60306e-27 4.54286e-26 9.04333e-20 2.21686e-14 6.56896e-10 2.35289e-06 0.00101871 0.0533157 0.33729 0.25822 0.0422645 0.14028 0.128926 0.0199531 0.0130581 0.0040672 0.00117152 0.000334633 8.03729e-05 1.49162e-05 1.90008e-06 1.38146e-07 5.13759e-09 7.86474e-11
 2.56889e-27 2.60329e-27 4.56404e-26 9.088e-20 2.22781e-14 6.60141e-10 2.36452e-06 0.00102374 0.0535791 0.338956 0.25949 0.0421191 0.138281 0.127104 0.0200398 0.0137113 0.0042122 0.00110823 0.000297392 6.28306e-05 1.11011e-05 1.48864e-06 1.17709e-07 4.47208e-09 6.85991e-11
 2.56921e-27 2.60414e-27 4.64064e-26 9.2496e-20 2.26743e-14 6.7188e-10 2.40656e-06 0.00104195 0.0545318 0.344983 0.264088 0.0418233 0.1328 0.122061 0.019406 0.0135375 0.00419399 0.00115757 0.000304122 5.85651e-05 9.22218e-06 1.13115e-06 9.18008e-08 3.77447e-09 5.96925e-11
 2.5693e-27 2.60439e-27 4.66178e-26 9.29421e-20 2.27836e-14 6.75119e-10 2.41816e-06 0.00104697 0.0547948 0.346647 0.265359 0.0418443 0.132067 0.121364 0.0189121 0.0125868 0.00391001 0.00110341 0.000295071 5.86646e-05 8.69089e-06 9.44179e-07 6.88615e-08 2.8589e-09 4.8376e-11
 2.56971e-27 2.6055e-27 4.75788e-26 9.49693e-20 2.32806e-14 6.89845e-10 2.47091e-06 0.00106981 0.05599 0.354208 0.27113 0.0416921 0.126854 0.116523 0.0175089 0.0106019 0.00325819 0.000872968 0.000233426 4.74947e-05 7.24017e-06 7.67137e-07 4.95981e-08 1.84539e-09 3.11791e-11
 2.56995e-27 2.60613e-27 4.81334e-26 9.61393e-20 2.35674e-14 6.98344e-10 2.50135e-06 0.00108299 0.0566797 0.358572 0.27446 0.0415614 0.12352 0.11344 0.0168558 0.00988501 0.0029887 0.000722552 0.000187255 3.65372e-05 5.6256e-06 6.12747e-07 3.90892e-08 1.30242e-09 1.98054e-11
 2.57021e-27 2.60685e-27 4.87652e-26 9.7472e-20 2.38941e-14 7.08024e-10 2.53602e-06 0.001098 0.0574654 0.363542 0.278253 0.0414068 0.119678 0.109888 0.0160911 0.00903434 0.00271576 0.000634027 0.000158656 2.821e-05 4.14447e-06 4.45059e-07 2.90566e-08 9.5551e-10 1.31635e-11
 2.57019e-27 2.60678e-27 4.86944e-26 9.73227e-20 2.38575e-14 7.0694e-10 2.53214e-06 0.00109632 0.0573774 0.362985 0.277829 0.0415144 0.120795 0.110899 0.0159124 0.00837098 0.00249689 0.000556859 0.000137017 2.34276e-05 3.20325e-06 3.18599e-07 2.02407e-08 6.7463e-10 9.14868e-12
 2.57018e-27 2.60674e-27 4.86653e-26 9.72612e-20 2.38424e-14 7.06493e-10 2.53054e-06 0.00109563 0.0573412 0.362756 0.277653 0.0414779 0.120641 0.110768 0.0161045 0.00884057 0.00261764 0.000545951 0.000131185 2.14951e-05 2.8439e-06 2.64945e-07 1.54416e-08 4.95334e-10 6.74198e-12
 2.56974e-27 2.60555e-27 4.75919e-26 9.49967e-20 2.32873e-14 6.90044e-10 2.47162e-06 0.00107012 0.0560061 0.35431 0.271212 0.0419365 0.128656 0.118132 0.0168104 0.00859744 0.00255489 0.000556157 0.000132493 2.04089e-05 2.59446e-06 2.31264e-07 1.26429e-08 3.72212e-10 4.8401e-12
#obs catch len freq
 1.63468e-41 2.26883e-33 3.80644e-26 7.71938e-20 1.89232e-14 5.60728e-10 2.00844e-06 0.000869583 0.0455105 0.287913 0.220589 0.0442946 0.165049 0.140288 0.0434696 0.0353149 0.0116362 0.0040408 0.000895862 0.00012008 7.10824e-06 1.33315e-07 5.83813e-10 4.78717e-13 6.369e-17
 1.65006e-41 2.29018e-33 3.84225e-26 7.792e-20 1.91012e-14 5.66003e-10 2.02733e-06 0.000877764 0.0459387 0.290622 0.222721 0.046381 0.167943 0.135179 0.0428818 0.0327473 0.0105073 0.00341898 0.0006946 8.15828e-05 3.98818e-06 5.83041e-08 1.90879e-10 1.13913e-13 1.08553e-17
 1.91827e-41 2.66244e-33 4.46679e-26 9.05857e-20 2.2206e-14 6.58005e-10 2.35687e-06 0.00102044 0.0534058 0.337861 0.258799 0.0457917 0.133914 0.101796 0.0333674 0.0238903 0.00742957 0.00225833 0.000420221 4.27913e-05 1.71587e-06 1.94778e-08 4.75634e-11 2.06555e-14 1.41148e-18
 1.945e-41 2.69953e-33 4.52902e-26 9.18476e-20 2.25154e-14 6.67171e-10 2.3897e-06 0.00103466 0.0541498 0.342568 0.262488 0.0490043 0.141895 0.100487 0.026178 0.0158031 0.00478582 0.00135367 0.000229113 2.01301e-05 6.56533e-07 5.75994e-09 1.04796e-11 3.31185e-15 1.62406e-19
 1.98301e-41 2.75229e-33 4.61753e-26 9.36427e-20 2.29554e-14 6.8021e-10 2.4364e-06 0.00105488 0.0552081 0.349263 0.267674 0.0507472 0.139307 0.0927975 0.025576 0.0141439 0.00331248 0.000784429 0.000119832 9.01245e-06 2.37663e-07 1.60385e-09 2.16969e-12 4.99156e-16 1.75854e-20
 1.7915e-41 2.48648e-33 4.17158e-26 8.45989e-20 2.07384e-14 6.14517e-10 2.2011e-06 0.000953001 0.0498763 0.315533 0.242146 0.057502 0.1751 0.109287 0.0300459 0.0153114 0.00348502 0.000675156 7.81105e-05 4.84213e-06 1.02457e-07 5.29906e-10 5.32082e-13 8.9071e-17 2.2561e-21
 1.48727e-41 2.06423e-33 3.46318e-26 7.02326e-20 1.72167e-14 5.10162e-10 1.82732e-06 0.000791165 0.0414064 0.261953 0.201562 0.0660891 0.21971 0.131002 0.0475601 0.0238352 0.00510625 0.000895186 8.41216e-05 3.77874e-06 6.04172e-08 2.37079e-10 1.76391e-13 2.14835e-17 3.91393e-22
 2.12614e-41 2.95094e-33 4.95081e-26 1.00401e-19 2.46122e-14 7.29305e-10 2.61225e-06 0.00113102 0.0591928 0.374472 0.287082 0.0519526 0.109269 0.0634631 0.0322081 0.0163464 0.00412861 0.000693727 5.61774e-05 1.93621e-06 2.16755e-08 6.05475e-11 3.27615e-14 2.89443e-18 3.79374e-23
 2.02943e-41 2.81671e-33 4.72562e-26 9.58347e-20 2.34927e-14 6.96133e-10 2.49344e-06 0.00107957 0.0565005 0.357442 0.274473 0.0623716 0.146659 0.0735867 0.0174178 0.00758962 0.00240317 0.000438792 3.49975e-05 9.91422e-07 8.14265e-09 1.5613e-11 5.80265e-15 3.6017e-19 3.358e-24
 2.0574e-41 2.85554e-33 4.79076e-26 9.71556e-20 2.38166e-14 7.05728e-10 2.5278e-06 0.00109445 0.0572792 0.362369 0.278381 0.0640204 0.139984 0.0672489 0.0209007 0.00725536 0.00122707 0.000217902 1.87094e-05 4.9311e-07 3.23476e-09 4.47477e-12 1.14007e-15 4.79148e-20 3.05694e-25
 1.77699e-41 2.46635e-33 4.13781e-26 8.39139e-20 2.05705e-14 6.09542e-10 2.18328e-06 0.000945285 0.0494724 0.312985 0.241416 0.0795808 0.192431 0.0862657 0.0263859 0.00879499 0.00153903 0.00016941 1.10605e-05 2.80301e-07 1.62102e-09 1.76702e-12 3.27536e-16 9.57532e-21 4.16357e-26
 2.06054e-41 2.8599e-33 4.79808e-26 9.7304e-20 2.38529e-14 7.06806e-10 2.53166e-06 0.00109612 0.0573667 0.362926 0.279234 0.0689084 0.13331 0.0602396 0.0268416 0.00851527 0.00141078 0.000142847 6.41838e-06 1.13098e-07 5.50227e-10 5.03521e-13 7.34384e-17 1.59528e-21 4.95364e-27
 1.89772e-41 2.63391e-33 4.41894e-26 8.96152e-20 2.19681e-14 6.50955e-10 2.33162e-06 0.00100951 0.0528337 0.334254 0.258228 0.0846375 0.17182 0.067679 0.0211901 0.00683603 0.00137478 0.000129129 4.90196e-06 6.02337e-08 1.95914e-10 1.3465e-13 1.55558e-17 2.6421e-22 6.21592e-28
 1.98056e-41 2.74889e-33 4.61184e-26 9.35272e-20 2.29271e-14 6.79372e-10 2.4334e-06 0.00105358 0.0551401 0.348847 0.269522 0.083269 0.151286 0.0599286 0.0237122 0.00616119 0.000977723 9.70017e-05 3.46989e-06 3.4075e-08 7.78071e-11 3.53737e-14 2.82286e-18 3.51823e-23 6.2527e-29
 1.68732e-41 2.34189e-33 3.92901e-26 7.96796e-20 1.95325e-14 5.78784e-10 2.07311e-06 0.000897585 0.0469761 0.297212 0.231774 0.108191 0.205198 0.0748035 0.0267009 0.00705072 0.0011072 8.51122e-05 2.73179e-06 2.39294e-08 4.30464e-11 1.40027e-14 7.54329e-19 6.27937e-24 7.64196e-30
 1.55039e-41 2.15184e-33 3.61016e-26 7.32134e-20 1.79474e-14 5.31814e-10 1.90487e-06 0.000824744 0.0431638 0.273105 0.214412 0.117669 0.212482 0.0860976 0.041024 0.00971756 0.0014002 9.98443e-05 2.53616e-06 1.79038e-08 2.67282e-11 6.84079e-15 2.71516e-19 1.58643e-24 1.31575e-30
 1.78154e-41 2.47266e-33 4.14841e-26 8.41289e-20 2.06232e-14 6.11103e-10 2.18887e-06 0.000947706 0.0495992 0.313818 0.245194 0.106003 0.165948 0.070174 0.0365421 0.0101221 0.00155162 9.63641e-05 2.07896e-06 1.14364e-08 1.29481e-11 2.57055e-15 7.90161e-20 3.48026e-25 2.10672e-31
 1.75248e-41 2.43233e-33 4.08074e-26 8.27565e-20 2.02868e-14 6.01134e-10 2.15317e-06 0.000932246 0.0487901 0.308717 0.24291 0.121524 0.178582 0.0631165 0.0264351 0.00762183 0.00128596 8.20066e-05 1.51651e-06 6.65186e-09 5.73677e-12 8.40485e-16 1.90642e-20 6.26389e-26 2.83756e-32
 1.7611e-41 2.44429e-33 4.1008e-26 8.31634e-20 2.03865e-14 6.0409e-10 2.16375e-06 0.00093683 0.04903 0.31025 0.245169 0.126776 0.171922 0.0632172 0.0258987 0.00584435 0.000894307 5.7956e-05 1.01503e-06 3.72595e-09 2.48806e-12 2.72907e-16 4.53514e-21 1.07825e-26 3.52913e-33
 1.72145e-41 2.38926e-33 4.00848e-26 8.12912e-20 1.99276e-14 5.90491e-10 2.11504e-06 0.00091574 0.0479263 0.303294 0.241649 0.138038 0.174438 0.062869 0.0247773 0.00538407 0.000669737 3.62014e-05 5.7665e-07 1.86449e-09 1.01964e-12 8.61958e-17 1.06627e-21 1.854e-27 4.38994e-34
 1.82371e-41 2.53119e-33 4.24659e-26 8.612e-20 2.11113e-14 6.25567e-10 2.24068e-06 0.000970136 0.0507732 0.321321 0.25604 0.134895 0.153743 0.0561828 0.0212541 0.00431767 0.00047983 2.06588e-05 2.58511e-07 6.90799e-10 3.12885e-13 2.1238e-17 2.03338e-22 2.65488e-28 4.62423e-35
 1.77896e-41 2.46907e-33 4.14238e-26 8.40066e-20 2.05932e-14 6.10215e-10 2.18569e-06 0.000946329 0.0495273 0.313485 0.252676 0.149492 0.158474 0.0532901 0.0182274 0.0035181 0.00034833 1.24644e-05 1.19483e-07 2.39403e-10 8.33706e-14 4.42892e-18 3.31265e-23 3.33443e-29 4.40252e-36
 1.80331e-41 2.50287e-33 4.19909e-26 8.51567e-20 2.08752e-14 6.18569e-10 2.21562e-06 0.000959285 0.0502055 0.317816 0.257704 0.152925 0.149426 0.0516121 0.016366 0.00273942 0.000236957 7.09876e-06 5.33599e-08 7.96483e-11 2.02131e-14 7.86839e-19 4.37642e-24 3.31149e-30 3.29864e-37
 1.79286e-41 2.48838e-33 4.17477e-26 8.46635e-20 2.07542e-14 6.14986e-10 2.20278e-06 0.000953728 0.0499148 0.316039 0.258975 0.16144 0.146062 0.0493991 0.0147574 0.00228806 0.000165122 4.00562e-06 2.37124e-08 2.68072e-11 4.99535e-15 1.40163e-19 5.58537e-25 3.03736e-31 2.19056e-38
 1.81574e-41 2.52013e-33 4.22805e-26 8.57439e-20 2.10191e-14 6.22835e-10 2.23089e-06 0.0009659 0.050552 0.320137 0.264372 0.164851 0.13776 0.0465067 0.0129074 0.00182908 0.000113869 2.19953e-06 9.97002e-09 8.50294e-12 1.17524e-15 2.40543e-20 6.90259e-26 2.68038e-32 1.37458e-39
 1.76538e-41 2.45023e-33 4.11077e-26 8.33656e-20 2.04361e-14 6.05559e-10 2.16901e-06 0.000939108 0.0491502 0.311387 0.261993 0.178885 0.139483 0.0450898 0.0115091 0.00148229 7.89376e-05 1.23217e-06 4.26771e-09 2.69729e-12 2.73484e-16 4.08468e-21 8.50127e-27 2.37859e-33 8.73717e-41
 1.67632e-41 2.32662e-33 3.90339e-26 7.91599e-20 1.94051e-14 5.75009e-10 2.05959e-06 0.000891731 0.0466712 0.295865 0.255495 0.194827 0.145005 0.0484428 0.0114363 0.00130403 5.88366e-05 7.39252e-07 1.97264e-09 9.2914e-13 6.87253e-17 7.41359e-22 1.11061e-27 2.2338e-34 5.89041e-42
 1.67225e-41 2.32098e-33 3.89392e-26 7.89679e-20 1.93581e-14 5.73614e-10 2.05459e-06 0.000889569 0.0465586 0.295301 0.258536 0.197178 0.139802 0.0492663 0.0112527 0.00116876 4.39756e-05 4.39664e-07 9.01771e-10 3.18039e-13 1.72867e-17 1.35203e-22 1.45551e-28 2.09322e-35 3.93784e-43
#spawning biomass
 5189.67 6096.56 7740.55 9877.83 13965.8 16569.2 17138.4 21010.3 31314.9 45761 59208.4 74162.7 97288 119132 116462 107509 101992 98775.4 91671.8 90775.3 98272.2 106493 103782 109017 116186 121104 131316 130067 165942 292520 319814 307743 275186 236493 199910 169036 144696 126349 112944 103366 96635.1 91959.4 88719.7 86468.4 84968.9 83970.2 83304.9 82861.9 82566.8 82370.2 82239.3 82152.1 82094.1 82055.4 82029.6 82012.5 82001 81993.4 81988.4 81985 81982.7 81981.2 81980.2 81979.6 81979.1 81978.8 81978.6 81978.5 81978.4 81978.4 81978.3 81978.3 81978.3 81978.3 81978.3 81978.3 81978.2 81978.2 81978.2 81978.2 81978.2 81978.2 81978.2 81978.2 81978.2 81978.2 81978.2 81978.2 81978.2 81978.2 81978.2 81978.2 81978.2 81978.2 81978.2 81978.2 81978.2 81978.2 81978.2 81978.2 81978.2 81978.2 81978.2 81978.2 81978.2 81978.2 81978.2 81978.2 81978.2 81978.2 81978.2 81978.2 81978.2 81978.2 81978.2 81978.2 81978.2 81978.2 81978.2 81978.2 81978.2 81978.2 81978.2 81978.2 81978.2 81978.2 81978.2 81978.2 0 0 0 0 0 0 0 0 0 0 0 0 0 0 0 0 0 0 0 0 0 0 0 0 0
