SBPRF35
0.819782
Curr Bio
122828
B35
655180
F35
0.213367
FOFL
0
OFL
0
Bzero
234224
#pred survey bio
 11364.1 12149.3 11868.7 14234.1 17258.2 17932.6 22470.3 33430.4 42641 57852.3 79491 88716.2 115343 130839 133154 116135 105109 92551.8 98966.2 109439 104636 115583 134247 125735 125266 130677 123126 119697 3.35753e+06 5.1533e+06 5.6436e+06 5.48436e+06 4.98733e+06 4.38609e+06 3.8133e+06 3.32667e+06 2.93977e+06 2.64474e+06 2.42575e+06 2.26601e+06 2.15068e+06 2.06778e+06 2.00753e+06 1.96311e+06 1.93172e+06 1.90931e+06 1.89313e+06 1.88132e+06 1.87258e+06 1.86606e+06 1.86112e+06 1.85735e+06 1.85445e+06 1.85219e+06 1.85041e+06 1.84901e+06 1.8479e+06 1.84701e+06 1.8463e+06 1.84573e+06 1.84526e+06 1.84489e+06 1.84458e+06 1.84434e+06 1.84413e+06 1.84397e+06 1.84384e+06 1.84373e+06 1.84364e+06 1.84357e+06 1.84351e+06 1.84346e+06 1.84342e+06 1.84339e+06 1.84336e+06 1.84334e+06 1.84332e+06 1.8433e+06 1.84329e+06 1.84328e+06 1.84328e+06 1.84327e+06 1.84326e+06 1.84326e+06 1.84326e+06 1.84325e+06 1.84325e+06 1.84325e+06 1.84325e+06 1.84324e+06 1.84324e+06 1.84324e+06 1.84324e+06 1.84324e+06 1.84324e+06 1.84324e+06 1.84324e+06 1.84324e+06 1.84324e+06 1.84324e+06 1.84324e+06 1.84324e+06 1.84324e+06 1.84324e+06 1.84324e+06 1.84324e+06 1.84324e+06 1.84324e+06 1.84324e+06 1.84324e+06 1.84324e+06 1.84324e+06 1.84324e+06 1.84324e+06 1.84324e+06 1.84324e+06 1.84324e+06 1.84324e+06 1.84324e+06 1.84324e+06 1.84324e+06 1.84324e+06 1.84324e+06 1.84324e+06 1.84324e+06 1.84324e+06 1.84324e+06 1.84324e+06 0 0 0 0 0 0 0 0 0 0 0 0 0 0 0 0 0 0 0 0 0 0 0 0 0
#obs survey bio
 10105.5 11192.5 15790.7 11876 18889.9 20122.2 24579.6 41154.9 41911.4 62776.7 92417.3 84244.9 139231 107238 115852 152655 105440 109171 108582 107255 123474 148866 167314 111235 128137 143390 131374 97237.9
#pred catch bio
 6494.98 8029.64 7988.89 9148.4 11843.9 12426.7 15218.9 25088.4 30735.1 40836.1 63183.9 66481.3 91357.8 102431 106534 91979.3 87504.5 73908.5 78585.2 93981.9 88171.3 94656.8 119000 110996 108650 115179 107018 92277.1 0 42421.2 46147.8 44403.9 39874.9 34560.5 29584 25419.8 22163 19726.9 17960.2 16707.2 15832.9 15229.9 14814.6 14528.5 14339.3 14214.2 14131.4 14076.6 14040.4 14016.5 14000.6 13990.1 13983.2 13978.6 13975.6 13973.6 13972.3 13971.4 13970.8 13970.4 13970.2 13970 13969.9 13969.8 13969.8 13969.7 13969.7 13969.7 13969.7 13969.7 13969.7 13969.7 13969.7 13969.7 13969.7 13969.7 13969.7 13969.7 13969.7 13969.7 13969.7 13969.7 13969.7 13969.7 13969.7 13969.7 13969.7 13969.7 13969.7 13969.7 13969.7 13969.7 13969.7 13969.7 13969.7 13969.7 13969.7 13969.7 13969.7 13969.7 13969.7 13969.7 13969.7 13969.7 13969.7 13969.7 13969.7 13969.7 13969.7 13969.7 13969.7 13969.7 13969.7 13969.7 13969.7 13969.7 13969.7 13969.7 13969.7 13969.7 13969.7 13969.7 13969.7 13969.7 13969.7 13969.7 13969.7 13969.7 0 0 0 0 0 0 0 0 0 0 0 0 0 0 0 0 0 0 0 0 0 0 0 0 0
#obs catch bio
 8517.87 8408.65 7790.11 8332.62 11284.3 11568.2 15253.7 22545.9 29063.5 37748.6 58782.3 65265.1 84926.4 99281.1 113158 89555 79081.4 66063.4 74828.7 90074.2 84345.9 87043.5 106231 100230 101002 103506 97327.6 89492.9
#pred cpue bio
 10045.6 10905.1 10129.6 11921.9 15105.5 15252.5 18332.7 27082.3 34955.9 46847.2 65581.8 72139 93630.4 108099 113338 99084.4 88774 76784.3 80949.6 90325.9 84565.2 92529.8 109054 101532 100084 105729 100319 96781.3 2.80756e+06 5.1128e+06 5.6031e+06 5.44386e+06 4.94682e+06 4.34558e+06 3.7728e+06 3.28616e+06 2.89926e+06 2.60423e+06 2.38525e+06 2.2255e+06 2.11018e+06 2.02727e+06 1.96703e+06 1.92261e+06 1.89122e+06 1.86881e+06 1.85263e+06 1.84081e+06 1.83208e+06 1.82555e+06 1.82062e+06 1.81685e+06 1.81394e+06 1.81168e+06 1.80991e+06 1.80851e+06 1.8074e+06 1.80651e+06 1.80579e+06 1.80522e+06 1.80476e+06 1.80438e+06 1.80408e+06 1.80383e+06 1.80363e+06 1.80347e+06 1.80333e+06 1.80322e+06 1.80313e+06 1.80306e+06 1.803e+06 1.80295e+06 1.80291e+06 1.80288e+06 1.80285e+06 1.80283e+06 1.80281e+06 1.8028e+06 1.80279e+06 1.80278e+06 1.80277e+06 1.80276e+06 1.80276e+06 1.80275e+06 1.80275e+06 1.80275e+06 1.80274e+06 1.80274e+06 1.80274e+06 1.80274e+06 1.80274e+06 1.80274e+06 1.80274e+06 1.80274e+06 1.80274e+06 1.80274e+06 1.80274e+06 1.80273e+06 1.80273e+06 1.80273e+06 1.80273e+06 1.80273e+06 1.80273e+06 1.80273e+06 1.80273e+06 1.80273e+06 1.80273e+06 1.80273e+06 1.80273e+06 1.80273e+06 1.80273e+06 1.80273e+06 1.80273e+06 1.80273e+06 1.80273e+06 1.80273e+06 1.80273e+06 1.80273e+06 1.80273e+06 1.80273e+06 1.80273e+06 1.80273e+06 1.80273e+06 1.80273e+06 1.80273e+06 1.80273e+06 1.80273e+06 1.80273e+06 0 0 0 0 0 0 0 0 0 0 0 0 0 0 0 0 0 0 0 0 0 0 0 0 0
#obs cpue bio
 8699.99 9234.38 12745.9 15885.8 20605.4 16054.8 15205.2 40340.5 39233.4 60233.8 76427.4 71140.7 118989 128717 92297.6 101287 142409 99331.3 78448.3 116372 84067.3 100765 150757 159649 126227 151601 137392 130287
#pred surv len freq
 1.2204e-11 1.32463e-09 8.47759e-08 3.19918e-06 7.1186e-05 0.000934006 0.00722698 0.0329974 0.0891805 0.144904 0.152102 0.130912 0.122529 0.108421 0.075675 0.046294 0.0287309 0.0182 0.0119227 0.00831631 0.00629561 0.00523516 0.00452366 0.00348819 0.00203726
 1.03781e-11 1.12645e-09 7.20924e-08 2.72055e-06 6.05359e-05 0.000794285 0.00614644 0.0280772 0.0760674 0.125083 0.138224 0.136387 0.146158 0.134511 0.0912892 0.0514235 0.0284266 0.0156173 0.00852963 0.00483053 0.00295713 0.00204219 0.00156145 0.00114504 0.000666
 1.3153e-11 1.42763e-09 9.13684e-08 3.44796e-06 7.67217e-05 0.00100664 0.00778885 0.0355605 0.0960759 0.155851 0.162391 0.136731 0.124638 0.108916 0.0752939 0.0446655 0.0253069 0.0132176 0.00637195 0.00299398 0.00143549 0.000754023 0.000459315 0.000296976 0.000164717
 1.3654e-11 1.48201e-09 9.48485e-08 3.57929e-06 7.96439e-05 0.00104498 0.00808554 0.0369156 0.0997448 0.161864 0.168929 0.142792 0.129964 0.110656 0.0704793 0.035677 0.017517 0.00879967 0.00424706 0.00188677 0.000770658 0.000308429 0.000135062 6.76873e-05 3.3085e-05
 1.13328e-11 1.23007e-09 7.87241e-08 2.97081e-06 6.61045e-05 0.000867346 0.00671167 0.030656 0.0830087 0.136135 0.14876 0.142688 0.148587 0.133767 0.0869656 0.0444824 0.0211717 0.00954641 0.00400265 0.00162365 0.00062729 0.000221667 7.37933e-05 2.57688e-05 9.64368e-06
 1.30191e-11 1.4131e-09 9.0438e-08 3.41285e-06 7.59404e-05 0.000996387 0.00770966 0.0352014 0.0951388 0.154598 0.162331 0.139797 0.130592 0.114229 0.0767769 0.0428167 0.0223904 0.0105741 0.00436022 0.0016181 0.000550215 0.000172932 4.98958e-05 1.33203e-05 3.49114e-06
 1.47251e-11 1.59826e-09 1.02289e-07 3.86006e-06 8.58912e-05 0.00112694 0.00871948 0.0398042 0.107471 0.173765 0.178377 0.143253 0.122135 0.101003 0.0639168 0.0322379 0.0155263 0.00740775 0.00328123 0.00128795 0.000433156 0.000124929 3.1516e-05 7.04355e-06 1.4112e-06
 1.48563e-11 1.61251e-09 1.03201e-07 3.89447e-06 8.6657e-05 0.00113699 0.00879724 0.0401596 0.108435 0.175366 0.180212 0.145183 0.124104 0.10203 0.062943 0.029726 0.0128705 0.00547569 0.00221314 0.000847216 0.000295756 8.83696e-05 2.17494e-05 4.38861e-06 7.36571e-07
 1.42474e-11 1.54642e-09 9.89706e-08 3.73485e-06 8.31052e-05 0.00109039 0.00843688 0.0385186 0.104061 0.168747 0.175541 0.146867 0.131612 0.109888 0.0666806 0.0297788 0.0117434 0.00451838 0.00163373 0.000553335 0.000175701 5.07255e-05 1.26347e-05 2.55964e-06 4.06719e-07
 1.48203e-11 1.60861e-09 1.02951e-07 3.88504e-06 8.6447e-05 0.00113423 0.00877595 0.0400627 0.108179 0.174991 0.180016 0.145512 0.124953 0.102971 0.0635679 0.029895 0.0125804 0.00490462 0.00167096 0.000508214 0.000142096 3.62096e-05 8.24096e-06 1.60662e-06 2.52753e-07
 1.40279e-11 1.5226e-09 9.74459e-08 3.67731e-06 8.18249e-05 0.00107359 0.00830694 0.0379261 0.10247 0.166249 0.173325 0.146003 0.13206 0.11116 0.0685048 0.0317423 0.0131994 0.00523997 0.00186756 0.000583974 0.000157586 3.6357e-05 7.26124e-06 1.25358e-06 1.81458e-07
 1.45716e-11 1.5816e-09 1.01222e-07 3.81982e-06 8.4996e-05 0.0011152 0.00862875 0.0393928 0.106398 0.17234 0.178355 0.146878 0.129031 0.106766 0.0646 0.0287666 0.0112633 0.00426032 0.00148346 0.00046575 0.000129057 3.027e-05 5.84468e-06 9.19482e-07 1.17767e-07
 1.46608e-11 1.59129e-09 1.01842e-07 3.84321e-06 8.55165e-05 0.00112203 0.00868155 0.0396331 0.107038 0.173296 0.178977 0.146463 0.127691 0.105519 0.0642764 0.0291389 0.0116436 0.00437954 0.0014649 0.000436442 0.000116848 2.72542e-05 5.32659e-06 8.38713e-07 1.03186e-07
 1.386e-11 1.50437e-09 9.62796e-08 3.63329e-06 8.08456e-05 0.00106075 0.00820762 0.0374745 0.101276 0.164514 0.172464 0.147646 0.135937 0.114564 0.0691246 0.0301711 0.0113944 0.00414759 0.0013858 0.000412365 0.000107548 2.4022e-05 4.53419e-06 7.04833e-07 8.66537e-08
 1.25303e-11 1.36005e-09 8.70428e-08 3.28473e-06 7.30896e-05 0.00095899 0.00742059 0.0338882 0.0916825 0.149728 0.160686 0.14696 0.145602 0.126955 0.0784024 0.0356965 0.0142596 0.00530384 0.00172657 0.000493842 0.00012597 2.77983e-05 5.12727e-06 7.69745e-07 9.17676e-08
 1.24853e-11 1.35516e-09 8.67298e-08 3.27291e-06 7.28268e-05 0.000955541 0.00739388 0.0337659 0.0913463 0.149138 0.159861 0.145762 0.144117 0.126093 0.0790285 0.0373741 0.0158459 0.00625185 0.00214772 0.000637462 0.000162561 3.49214e-05 6.26555e-06 9.2051e-07 1.07098e-07
 1.30089e-11 1.41199e-09 9.03672e-08 3.41018e-06 7.5881e-05 0.000995611 0.00770379 0.0351777 0.0951177 0.154909 0.164255 0.145357 0.139266 0.120459 0.0755167 0.0360123 0.0155544 0.00633618 0.00228887 0.000723038 0.00019542 4.36785e-05 7.9168e-06 1.14526e-06 1.29963e-07
 1.37252e-11 1.48974e-09 9.53429e-08 3.59795e-06 8.0059e-05 0.00105043 0.00812779 0.0371104 0.100298 0.162975 0.17108 0.147051 0.136093 0.115191 0.0700914 0.0312875 0.012337 0.00475674 0.00170992 0.000554659 0.000157098 3.7235e-05 7.14125e-06 1.07458e-06 1.23689e-07
 1.43358e-11 1.55601e-09 9.95846e-08 3.75801e-06 8.36207e-05 0.00109715 0.00848919 0.0387569 0.104697 0.169716 0.176261 0.146741 0.13073 0.108987 0.0663315 0.0298388 0.0117834 0.00440082 0.00147602 0.000446651 0.000122984 2.9603e-05 5.92366e-06 9.40643e-07 1.13953e-07
 1.39201e-11 1.51089e-09 9.66967e-08 3.64903e-06 8.11958e-05 0.00106534 0.00824315 0.0376362 0.101706 0.165157 0.17288 0.147358 0.135017 0.11369 0.068856 0.0303825 0.0116599 0.00427859 0.0014237 0.000420596 0.000109735 2.4845e-05 4.80996e-06 7.69229e-07 9.65349e-08
 1.47259e-11 1.59835e-09 1.02294e-07 3.86027e-06 8.58959e-05 0.001127 0.0087201 0.0398097 0.107522 0.174144 0.180143 0.148122 0.129705 0.106597 0.0632151 0.0266589 0.00947841 0.00324361 0.00103184 0.000295983 7.56177e-05 1.66401e-05 3.07444e-06 4.67467e-07 5.69877e-08
 1.50782e-11 1.6366e-09 1.04742e-07 3.95264e-06 8.79513e-05 0.00115397 0.00892867 0.04076 0.110064 0.178055 0.183229 0.148207 0.127009 0.103268 0.0609035 0.0254259 0.00883377 0.00290272 0.000867857 0.000230853 5.53406e-05 1.16704e-05 2.08966e-06 3.07098e-07 3.58803e-08
 1.45084e-11 1.57475e-09 1.00784e-07 3.80327e-06 8.46276e-05 0.00111036 0.00859141 0.0392234 0.105956 0.171747 0.178316 0.148284 0.131715 0.10895 0.0647156 0.0272691 0.00960616 0.00317839 0.000939629 0.000241567 5.46755e-05 1.07288e-05 1.7937e-06 2.50143e-07 2.80884e-08
 1.46941e-11 1.5949e-09 1.02073e-07 3.85193e-06 8.57104e-05 0.00112457 0.00870131 0.0397246 0.107302 0.173863 0.180206 0.149056 0.131396 0.107903 0.0631309 0.025544 0.00836225 0.00259782 0.00075209 0.000193408 4.34905e-05 8.29397e-06 1.31516e-06 1.71316e-07 1.79773e-08
 1.51044e-11 1.63943e-09 1.04924e-07 3.95949e-06 8.81038e-05 0.00115597 0.00894416 0.040831 0.110258 0.178396 0.183699 0.148879 0.12783 0.103723 0.0605063 0.0244497 0.00795437 0.002414 0.000664767 0.000160166 3.43368e-05 6.41992e-06 1.00513e-06 1.27439e-07 1.27458e-08
 1.46122e-11 1.58601e-09 1.01505e-07 3.83047e-06 8.52329e-05 0.00111831 0.00865285 0.0395039 0.106712 0.172959 0.179511 0.149098 0.132126 0.108779 0.0637233 0.025817 0.00843081 0.00256602 0.000704646 0.000166998 3.44381e-05 6.0877e-06 9.04276e-07 1.10796e-07 1.08296e-08
 1.43293e-11 1.5553e-09 9.95392e-08 3.7563e-06 8.35827e-05 0.00109666 0.0084854 0.038741 0.104673 0.169832 0.177099 0.14921 0.134574 0.11167 0.0655744 0.0266183 0.00872107 0.0026648 0.000734438 0.000174554 3.59321e-05 6.26469e-06 9.00807e-07 1.05157e-07 9.77403e-09
 1.4667e-11 1.59196e-09 1.01885e-07 3.84483e-06 8.55525e-05 0.0011225 0.00868527 0.0396513 0.107103 0.173531 0.179819 0.148638 0.130984 0.107776 0.0635509 0.0262788 0.0089223 0.00282057 0.000790994 0.000189448 3.91808e-05 6.84941e-06 9.82753e-07 1.13269e-07 1.02372e-08
#obs surv len freq
 1.16193e-11 1.26117e-09 8.07144e-08 3.04592e-06 6.77758e-05 0.000889272 0.00688115 0.0314249 0.0850066 0.138645 0.147596 0.131546 0.128431 0.119789 0.0916227 0.0600876 0.0341285 0.0158425 0.00586487 0.0017158 0.000385737 6.42979e-05 7.68265e-06 6.37585e-07 3.57302e-08
 8.33091e-12 9.04242e-10 5.78714e-08 2.18389e-06 4.85951e-05 0.000637634 0.00493506 0.0225611 0.0613357 0.102375 0.11929 0.130722 0.152013 0.149442 0.114432 0.0738958 0.0409592 0.0184485 0.00658849 0.00184753 0.000395597 6.2407e-05 7.01355e-06 5.44421e-07 2.83999e-08
 1.84474e-11 2.00229e-09 1.28146e-07 4.83584e-06 0.000107603 0.00141179 0.0109226 0.0498399 0.134259 0.214511 0.207842 0.134593 0.0784466 0.0565535 0.0453682 0.0332928 0.0197485 0.00894705 0.00311373 0.000837944 0.00017064 2.54289e-05 2.68432e-06 1.94782e-07 9.46e-09
 8.45006e-12 9.17175e-10 5.86991e-08 2.21514e-06 4.92909e-05 0.000646799 0.0050072 0.0229155 0.0625926 0.106491 0.131754 0.15742 0.184239 0.162306 0.096599 0.0425564 0.0171632 0.00694462 0.00247427 0.000680587 0.000136342 1.94194e-05 1.92951e-06 1.30775e-07 5.90639e-09
 1.41666e-11 1.53766e-09 9.84098e-08 3.71368e-06 8.26345e-05 0.00108422 0.0083892 0.0382995 0.103412 0.16698 0.169376 0.129193 0.104049 0.0957497 0.0826435 0.0579 0.029378 0.0102551 0.0025794 0.00052187 8.92343e-05 1.19796e-05 1.14721e-06 7.41439e-08 3.14819e-09
 1.19468e-11 1.29672e-09 8.29898e-08 3.13179e-06 6.96873e-05 0.000914392 0.00707683 0.0323428 0.0877503 0.1447 0.159175 0.148972 0.143338 0.120592 0.0781272 0.0426344 0.0214539 0.00917185 0.00292316 0.000646818 9.81319e-05 1.04785e-05 8.11737e-07 4.53908e-08 1.75768e-09
 1.65025e-11 1.79119e-09 1.14636e-07 4.32601e-06 9.62597e-05 0.001263 0.0097726 0.0446158 0.120458 0.194309 0.195624 0.143442 0.102919 0.0787527 0.0546193 0.0318806 0.0149342 0.00539249 0.00151836 0.000335413 5.51107e-05 6.27486e-06 4.74702e-07 2.35809e-08 7.71674e-10
 1.35013e-11 1.46544e-09 9.37879e-08 3.53928e-06 7.87548e-05 0.00103338 0.0079978 0.0365515 0.0991325 0.162983 0.176347 0.15632 0.138763 0.108557 0.0643706 0.0301441 0.0121635 0.00416268 0.00112542 0.000229088 3.42056e-05 3.6617e-06 2.72418e-07 1.35711e-08 4.38338e-10
 1.42331e-11 1.54487e-09 9.88715e-08 3.73112e-06 8.30233e-05 0.00108937 0.00843075 0.0385198 0.104334 0.170491 0.179996 0.149764 0.125255 0.100174 0.0661729 0.0352058 0.0146676 0.00455432 0.0010482 0.00018352 2.44318e-05 2.37947e-06 1.62065e-07 7.46324e-09 2.26651e-10
 1.42496e-11 1.54666e-09 9.89861e-08 3.73545e-06 8.31201e-05 0.00109066 0.00844128 0.0385774 0.104584 0.171427 0.182582 0.154049 0.128445 0.0991064 0.0618322 0.0313582 0.0130221 0.0042015 0.00100203 0.000171978 2.08984e-05 1.78066e-06 1.05546e-07 4.28892e-09 1.16796e-10
 1.28792e-11 1.39792e-09 8.94667e-08 3.37622e-06 7.51276e-05 0.000985835 0.00763136 0.0349011 0.0948835 0.157168 0.173233 0.15731 0.14051 0.110976 0.0690609 0.0342909 0.0136504 0.00418233 0.000956851 0.000160747 1.93109e-05 1.60469e-06 8.97781e-08 3.32304e-09 8.04586e-11
 1.41259e-11 1.53323e-09 9.81268e-08 3.70303e-06 8.23994e-05 0.00108124 0.00836917 0.0382604 0.103828 0.170633 0.182585 0.154189 0.127542 0.0988608 0.0634304 0.0328028 0.0132752 0.00401206 0.000885445 0.000141555 1.61248e-05 1.27613e-06 6.83677e-08 2.42247e-09 5.56562e-11
 1.35433e-11 1.46999e-09 9.40797e-08 3.55032e-06 7.90022e-05 0.00103671 0.0080259 0.0367149 0.0998687 0.165471 0.181411 0.160333 0.136238 0.102822 0.0619223 0.0299753 0.0116828 0.00350428 0.000774777 0.000122648 1.35533e-05 1.02225e-06 5.16521e-08 1.71969e-09 3.71349e-11
 1.13737e-11 1.23451e-09 7.90089e-08 2.98161e-06 6.63492e-05 0.000870765 0.006744 0.0308982 0.0845228 0.14284 0.166042 0.163865 0.153479 0.121351 0.0747256 0.0361713 0.0136289 0.00385563 0.000801488 0.000120756 1.28679e-05 9.39715e-07 4.57274e-08 1.45158e-09 2.95911e-11
 9.22888e-12 1.00171e-09 6.41099e-08 2.41938e-06 5.38402e-05 0.000706704 0.00547633 0.0251394 0.0692466 0.119737 0.148034 0.161541 0.164976 0.139644 0.092549 0.0477798 0.0186081 0.00526841 0.001067 0.000153173 1.53398e-05 1.04948e-06 4.80198e-08 1.44034e-09 2.78107e-11
 1.2155e-11 1.31931e-09 8.44364e-08 3.18643e-06 7.09071e-05 0.000930574 0.00720656 0.0330001 0.0900342 0.150396 0.167931 0.152959 0.13641 0.113607 0.0792915 0.0436253 0.0179401 0.00530945 0.0011079 0.00016015 1.57313e-05 1.03175e-06 4.45223e-08 1.24756e-09 2.24186e-11
 1.17449e-11 1.2748e-09 8.15876e-08 3.07896e-06 6.85182e-05 0.000899346 0.006968 0.0319589 0.0876615 0.148895 0.173375 0.167216 0.148888 0.112771 0.0686182 0.034042 0.013538 0.0040748 0.000879434 0.000130864 1.30506e-05 8.54367e-07 3.61519e-08 9.7668e-10 1.66773e-11
 1.24312e-11 1.34929e-09 8.63554e-08 3.25889e-06 7.25227e-05 0.000951906 0.00737497 0.0338169 0.092636 0.156451 0.178745 0.166041 0.143421 0.108304 0.0657817 0.0312692 0.0113493 0.00307413 0.000611554 8.70728e-05 8.54038e-06 5.56021e-07 2.3371e-08 6.22492e-10 1.03754e-11
 1.17052e-11 1.27049e-09 8.13124e-08 3.06862e-06 6.82917e-05 0.000896509 0.00694918 0.0319142 0.0878461 0.150434 0.17752 0.172369 0.151518 0.111922 0.0652389 0.0297338 0.0103614 0.00266347 0.000491759 6.39314e-05 5.7303e-06 3.45836e-07 1.37172e-08 3.49643e-10 5.62113e-12
 1.20815e-11 1.31134e-09 8.39266e-08 3.16729e-06 7.04886e-05 0.000925378 0.00717338 0.032945 0.0906468 0.154791 0.180666 0.171429 0.147723 0.108855 0.0636672 0.0286619 0.00963333 0.00234778 0.000407 4.92868e-05 4.07805e-06 2.25384e-07 8.15768e-09 1.90181e-10 2.81516e-12
 1.28325e-11 1.39285e-09 8.91439e-08 3.36421e-06 7.4872e-05 0.000982957 0.00762017 0.0349979 0.0962497 0.163836 0.188732 0.173257 0.142474 0.100392 0.05647 0.0246053 0.00804471 0.00190333 0.00031695 3.63445e-05 2.81151e-06 1.43936e-07 4.79448e-09 1.02381e-10 1.38376e-12
 1.21178e-11 1.31528e-09 8.41803e-08 3.17697e-06 7.07102e-05 0.000928528 0.00720304 0.033147 0.0916686 0.158337 0.188154 0.179716 0.150052 0.103434 0.0555356 0.0228465 0.00704653 0.00157843 0.000249658 2.71984e-05 1.99196e-06 9.59383e-08 2.98414e-09 5.90942e-11 7.36546e-13
 1.28067e-11 1.39006e-09 8.89661e-08 3.3576e-06 7.47311e-05 0.000981328 0.00761213 0.0350149 0.0966496 0.165748 0.192924 0.177556 0.143599 0.0980522 0.0525958 0.0213114 0.00632181 0.00133632 0.000197509 2.00557e-05 1.3705e-06 6.16793e-08 1.79323e-09 3.31496e-11 3.84739e-13
 1.20821e-11 1.31142e-09 8.39341e-08 3.16781e-06 7.05148e-05 0.000926256 0.00719135 0.0331613 0.0921441 0.160632 0.193077 0.184379 0.150444 0.0999117 0.0512164 0.019844 0.0056656 0.00115339 0.000162823 1.5594e-05 9.94044e-07 4.14547e-08 1.11388e-09 1.90274e-11 2.04227e-13
 1.21883e-11 1.32294e-09 8.46724e-08 3.19574e-06 7.11399e-05 0.000934572 0.0072577 0.0334827 0.0930923 0.162247 0.194248 0.183811 0.149009 0.0991496 0.0508288 0.0193616 0.00532285 0.0010296 0.000137407 1.24215e-05 7.4567e-07 2.91565e-08 7.30429e-10 1.15707e-11 1.14696e-13
 1.0765e-11 1.16847e-09 7.47882e-08 2.82292e-06 6.28548e-05 0.000826245 0.00642734 0.0297872 0.0838018 0.150204 0.189619 0.191155 0.160611 0.106922 0.0539087 0.0201104 0.00540359 0.00101542 0.000130261 1.11871e-05 6.3213e-07 2.31327e-08 5.40653e-10 7.9733e-12 7.3435e-14
 1.09537e-11 1.18895e-09 7.60998e-08 2.8725e-06 6.39622e-05 0.000840885 0.00654219 0.0303207 0.0852319 0.152153 0.190044 0.188962 0.158324 0.106616 0.0543461 0.0201722 0.00529236 0.000958725 0.000117752 9.63861e-06 5.16636e-07 1.78358e-08 3.91051e-10 5.38354e-12 4.61123e-14
 1.12541e-11 1.22157e-09 7.81889e-08 2.95149e-06 6.5728e-05 0.000864309 0.00672786 0.0312118 0.0878662 0.15697 0.195087 0.19052 0.154998 0.101241 0.0503612 0.0183752 0.00475414 0.00084613 0.000101143 7.96721e-06 4.0696e-07 1.32937e-08 2.74428e-10 3.54403e-12 2.83868e-14
#pred catch len freq
 1.00922e-11 1.09541e-09 7.01061e-08 2.64559e-06 5.8868e-05 0.000772398 0.00597698 0.0273009 0.0739339 0.121331 0.132965 0.1286 0.135783 0.125838 0.0887518 0.0543906 0.0337627 0.0213878 0.014011 0.00977292 0.0073983 0.0061521 0.00531598 0.00409916 0.00239409
 8.76646e-12 9.51516e-10 6.08969e-08 2.29806e-06 5.11353e-05 0.000670952 0.00519252 0.0237305 0.0644397 0.107158 0.12393 0.13549 0.157686 0.149084 0.101769 0.0573853 0.0317263 0.0174302 0.00951983 0.0053913 0.00330042 0.00227927 0.00174271 0.00127797 0.000743315
 1.16206e-11 1.26131e-09 8.07236e-08 3.04626e-06 6.77834e-05 0.000889368 0.00688183 0.0314274 0.0850184 0.138794 0.148738 0.135713 0.135369 0.122703 0.0855409 0.0508179 0.0287977 0.015041 0.00725099 0.00340701 0.00163352 0.000858043 0.000522679 0.000337945 0.00018744
 1.19858e-11 1.30094e-09 8.32602e-08 3.14198e-06 6.99134e-05 0.000917317 0.00709817 0.0324168 0.0877159 0.143364 0.154392 0.142584 0.143035 0.126646 0.0814041 0.0412774 0.0202716 0.0101836 0.004915 0.00218351 0.000891862 0.000356936 0.000156303 7.83326e-05 3.82884e-05
 9.85919e-12 1.07012e-09 6.84876e-08 2.58451e-06 5.75091e-05 0.000754579 0.00583948 0.026682 0.0723832 0.119795 0.135926 0.142526 0.160183 0.14799 0.0967625 0.0495449 0.0235847 0.0106345 0.00445888 0.00180872 0.000698791 0.000246933 8.22045e-05 2.87061e-05 1.07429e-05
 1.16081e-11 1.25995e-09 8.06366e-08 3.04298e-06 6.77104e-05 0.000888413 0.00687453 0.031396 0.0849612 0.138923 0.149902 0.139255 0.141102 0.127439 0.0862857 0.0481821 0.0252003 0.0119012 0.00490746 0.00182118 0.000619272 0.000194636 5.61582e-05 1.49921e-05 3.92931e-06
 1.3321e-11 1.44586e-09 9.25351e-08 3.49199e-06 7.77013e-05 0.00101949 0.00788844 0.0360178 0.0973468 0.158198 0.166159 0.143126 0.133219 0.114552 0.0731784 0.0369746 0.017812 0.00849845 0.00376435 0.00147759 0.000496934 0.000143323 3.61564e-05 8.08064e-06 1.61898e-06
 1.39054e-11 1.5093e-09 9.65951e-08 3.6452e-06 8.11105e-05 0.00106422 0.00823443 0.0375954 0.101581 0.164838 0.172007 0.145291 0.131914 0.111437 0.0692044 0.0327247 0.0141715 0.00602932 0.0024369 0.000932877 0.000325659 9.73044e-05 2.39484e-05 4.83234e-06 8.11044e-07
 1.30792e-11 1.41962e-09 9.08555e-08 3.42861e-06 7.62911e-05 0.00100099 0.00774545 0.0353685 0.0956418 0.155828 0.165529 0.147188 0.141501 0.12166 0.0743413 0.0332449 0.0131131 0.0050455 0.00182432 0.000617889 0.000196199 5.66433e-05 1.41087e-05 2.85825e-06 4.54167e-07
 1.35969e-11 1.47581e-09 9.44518e-08 3.56432e-06 7.93108e-05 0.00104061 0.00805182 0.0367636 0.09936 0.161449 0.169474 0.145693 0.135074 0.115151 0.0716742 0.0337604 0.0142104 0.00554021 0.0018875 0.000574075 0.000160511 4.09021e-05 9.30892e-06 1.81483e-06 2.85508e-07
 1.33298e-11 1.44682e-09 9.25965e-08 3.49431e-06 7.7753e-05 0.00102017 0.00789376 0.0360437 0.0974387 0.158524 0.167319 0.146132 0.137873 0.11813 0.0731089 0.0339031 0.0140997 0.00559743 0.00199496 0.000623812 0.000168337 3.88372e-05 7.75659e-06 1.33909e-06 1.93837e-07
 1.36009e-11 1.47625e-09 9.44797e-08 3.56537e-06 7.93342e-05 0.00104092 0.00805424 0.0367754 0.0994028 0.161606 0.17004 0.147155 0.137264 0.116561 0.0709698 0.0316415 0.0123914 0.0046871 0.00163207 0.000512407 0.000141986 3.33023e-05 6.43018e-06 1.01159e-06 1.29565e-07
 1.39719e-11 1.51652e-09 9.70571e-08 3.66264e-06 8.14985e-05 0.00106931 0.00827384 0.0377756 0.102073 0.165677 0.173066 0.146631 0.133491 0.112445 0.0688156 0.0312249 0.0124789 0.00469378 0.00157001 0.000467758 0.000125232 2.92098e-05 5.70879e-06 8.98894e-07 1.1059e-07
 1.30755e-11 1.41922e-09 9.08301e-08 3.42765e-06 7.62698e-05 0.00100071 0.00774331 0.0353592 0.0956223 0.155842 0.165759 0.147912 0.142656 0.122527 0.0742617 0.0324416 0.0122537 0.00446041 0.00149032 0.000443467 0.000115659 2.58338e-05 4.87617e-06 7.57994e-07 9.31895e-08
 1.18234e-11 1.28331e-09 8.21318e-08 3.0994e-06 6.89659e-05 0.000904889 0.00700215 0.0319819 0.0865872 0.141908 0.154619 0.147132 0.151553 0.134065 0.0830663 0.0378437 0.0151188 0.00562348 0.00183062 0.000523604 0.000133562 2.94737e-05 5.43628e-06 8.16135e-07 9.72981e-08
 1.1717e-11 1.27177e-09 8.13931e-08 3.07153e-06 6.83457e-05 0.000896751 0.00693918 0.0316943 0.0858086 0.140633 0.15324 0.14587 0.150463 0.133733 0.084118 0.0398079 0.0168795 0.00665971 0.00228784 0.000679049 0.000173166 3.71996e-05 6.67431e-06 9.80563e-07 1.14085e-07
 1.25537e-11 1.36259e-09 8.72053e-08 3.29086e-06 7.3226e-05 0.000960779 0.00743438 0.0339503 0.0918365 0.149869 0.160327 0.145407 0.143004 0.124969 0.0785305 0.0374663 0.0161835 0.00659249 0.00238146 0.000752286 0.000203325 4.54454e-05 8.23705e-06 1.19158e-06 1.3522e-07
 1.3043e-11 1.41569e-09 9.06039e-08 3.41911e-06 7.60798e-05 0.000998221 0.00772402 0.0352709 0.0953812 0.15543 0.165235 0.147241 0.141872 0.122068 0.074564 0.033309 0.0131357 0.00506474 0.00182064 0.000590573 0.000167271 3.9646e-05 7.60364e-06 1.14416e-06 1.31698e-07
 1.36463e-11 1.48118e-09 9.47952e-08 3.57728e-06 7.95991e-05 0.00104439 0.00808112 0.0368977 0.0997281 0.162091 0.170349 0.146924 0.136557 0.115934 0.0708688 0.0319069 0.0126018 0.00470652 0.00157855 0.000477677 0.000131527 3.16594e-05 6.33515e-06 1.00599e-06 1.21869e-07
 1.36858e-11 1.48547e-09 9.50696e-08 3.58764e-06 7.98296e-05 0.00104742 0.00810452 0.0370046 0.100018 0.162568 0.170876 0.147432 0.137014 0.116061 0.0703926 0.0310691 0.0119239 0.0043755 0.00145595 0.000430122 0.00011222 2.54077e-05 4.91891e-06 7.86652e-07 9.87214e-08
 1.43902e-11 1.56192e-09 9.99626e-08 3.77228e-06 8.39382e-05 0.00110132 0.00852145 0.0389047 0.105104 0.170436 0.177285 0.148263 0.132622 0.110033 0.0654046 0.0275949 0.00981196 0.00335778 0.00106816 0.000306402 7.82795e-05 1.72259e-05 3.18266e-06 4.83923e-07 5.89937e-08
 1.45907e-11 1.58368e-09 1.01355e-07 3.82483e-06 8.51074e-05 0.00111666 0.0086401 0.0394454 0.106551 0.172669 0.179081 0.148424 0.131265 0.108275 0.0640833 0.0267723 0.00930266 0.00305684 0.000913936 0.000243111 5.82789e-05 1.229e-05 2.20062e-06 3.23403e-07 3.77853e-08
 1.44911e-11 1.57287e-09 1.00663e-07 3.79872e-06 8.45265e-05 0.00110904 0.00858115 0.0391767 0.105831 0.171555 0.178169 0.148291 0.131866 0.109128 0.0648288 0.0273174 0.00962322 0.00318404 0.000941298 0.000241997 5.47727e-05 1.07479e-05 1.79689e-06 2.50587e-07 2.81383e-08
 1.46499e-11 1.5901e-09 1.01766e-07 3.84035e-06 8.54527e-05 0.00112119 0.00867516 0.0396055 0.106984 0.173375 0.179831 0.149079 0.131787 0.10836 0.0634178 0.0256616 0.00840085 0.00260981 0.000755563 0.000194301 4.36914e-05 8.33228e-06 1.32124e-06 1.72108e-07 1.80603e-08
 1.49519e-11 1.62289e-09 1.03865e-07 3.91953e-06 8.72145e-05 0.0011443 0.00885393 0.0404199 0.10916 0.176712 0.182406 0.148958 0.129179 0.1053 0.0614968 0.0248556 0.00808677 0.0024542 0.000675836 0.000162833 3.49085e-05 6.52681e-06 1.02187e-06 1.2956e-07 1.29581e-08
 1.45574e-11 1.58007e-09 1.01124e-07 3.81612e-06 8.49136e-05 0.00111412 0.00862045 0.0393562 0.106318 0.172354 0.179047 0.149126 0.13261 0.109345 0.0640791 0.0259631 0.00847863 0.00258058 0.000708644 0.000167945 3.46335e-05 6.12224e-06 9.09407e-07 1.11425e-07 1.0891e-08
 1.41806e-11 1.53917e-09 9.85069e-08 3.71735e-06 8.27158e-05 0.00108528 0.00839744 0.0383403 0.103603 0.168192 0.175838 0.149286 0.135887 0.113206 0.0665404 0.0270156 0.00885153 0.00270467 0.000745428 0.000177165 3.64698e-05 6.35843e-06 9.14286e-07 1.0673e-07 9.92028e-09
 1.38435e-11 1.50258e-09 9.61651e-08 3.62897e-06 8.07495e-05 0.00105949 0.00819791 0.037431 0.10117 0.164437 0.172821 0.149026 0.138205 0.116256 0.0689182 0.0285285 0.00968785 0.00306265 0.000858884 0.000205708 4.25436e-05 7.43728e-06 1.0671e-06 1.2299e-07 1.11158e-08
#obs catch len freq
 9.71518e-12 1.05449e-09 6.74874e-08 2.54677e-06 5.66693e-05 0.000743557 0.0057541 0.0262887 0.0712578 0.117362 0.130143 0.128803 0.139464 0.135657 0.10553 0.0701178 0.0402545 0.0188622 0.00705262 0.00208571 0.000474312 8.00308e-05 9.68604e-06 8.14659e-07 4.62832e-08
 1.00026e-11 1.08569e-09 6.94841e-08 2.62212e-06 5.8346e-05 0.000765562 0.00592447 0.0270685 0.0733826 0.120883 0.13384 0.131185 0.139608 0.133824 0.102827 0.067231 0.0377448 0.0172102 0.00622544 0.00176813 0.000383228 6.11703e-05 6.95419e-06 5.45967e-07 2.88013e-08
 7.07037e-12 7.67422e-10 4.9115e-08 1.85346e-06 4.12427e-05 0.000541181 0.00418928 0.0191672 0.0523024 0.0887016 0.109126 0.131356 0.161374 0.160396 0.122805 0.0788959 0.043156 0.0190643 0.00664259 0.00180552 0.000372138 5.61329e-05 5.99427e-06 4.39674e-07 2.15704e-08
 1.74899e-11 1.89837e-09 1.21495e-07 4.58485e-06 0.000102019 0.00133853 0.010356 0.0472595 0.127368 0.20393 0.199403 0.133643 0.0841765 0.0646696 0.0526989 0.0383661 0.0223528 0.00990395 0.00335632 0.000874053 0.000171069 2.43405e-05 2.43835e-06 1.67005e-07 7.62101e-09
 7.50696e-12 8.14811e-10 5.21479e-08 1.96791e-06 4.37902e-05 0.000574647 0.00444963 0.0203836 0.0559113 0.0967274 0.125728 0.160739 0.193476 0.169968 0.100261 0.0439145 0.0176057 0.00700449 0.00242503 0.000643235 0.000123537 1.67729e-05 1.57961e-06 1.00949e-07 4.28021e-09
 1.32329e-11 1.43631e-09 9.19237e-08 3.46892e-06 7.71884e-05 0.00101278 0.00783681 0.0357858 0.0967187 0.156809 0.161601 0.129053 0.110539 0.104477 0.0899606 0.0619228 0.0306393 0.0104152 0.00255215 0.000501119 8.2331e-05 1.0519e-05 9.52762e-07 5.79819e-08 2.30933e-09
 1.11746e-11 1.21289e-09 7.76251e-08 2.92934e-06 6.5183e-05 0.000855312 0.00662032 0.0302704 0.0822843 0.136703 0.154116 0.151226 0.150295 0.126842 0.081775 0.0443424 0.0219669 0.0091328 0.00280821 0.000596979 8.67657e-05 8.83926e-06 6.49027e-07 3.41567e-08 1.23844e-09
 1.5929e-11 1.72894e-09 1.10652e-07 4.17568e-06 9.29149e-05 0.00121912 0.00943355 0.043076 0.116388 0.188295 0.191593 0.14463 0.107839 0.0837856 0.0578811 0.0333016 0.01526 0.00536934 0.00146655 0.000311673 4.88608e-05 5.27962e-06 3.77688e-07 1.76786e-08 5.42812e-10
 1.29537e-11 1.406e-09 8.99839e-08 3.39573e-06 7.55611e-05 0.000991495 0.00767442 0.0350872 0.0953043 0.157558 0.173449 0.158891 0.144185 0.112608 0.0661255 0.0305965 0.0121195 0.00403661 0.00105477 0.000206276 2.9413e-05 2.98822e-06 2.09788e-07 9.82026e-09 2.97164e-10
 1.3806e-11 1.49851e-09 9.59047e-08 3.61916e-06 8.05326e-05 0.00105672 0.00817864 0.0373791 0.101358 0.166297 0.17779 0.151777 0.129532 0.103589 0.0677217 0.0353883 0.0143696 0.00432905 0.000963459 0.000162196 2.06093e-05 1.90302e-06 1.22237e-07 5.28532e-09 1.50152e-10
 1.39141e-11 1.51025e-09 9.66557e-08 3.64751e-06 8.11638e-05 0.00106502 0.00824351 0.0376856 0.102283 0.168311 0.181319 0.156225 0.131979 0.101403 0.0625506 0.0311937 0.0126337 0.00394727 0.000906531 0.000149043 1.72632e-05 1.39502e-06 7.80065e-08 2.97533e-09 7.57402e-11
 1.26084e-11 1.36852e-09 8.75853e-08 3.30523e-06 7.35485e-05 0.000965144 0.00747204 0.0341865 0.0930722 0.154874 0.172778 0.15977 0.143632 0.112515 0.0690781 0.0336568 0.0130479 0.00386959 0.00085232 0.000137002 1.56527e-05 1.23086e-06 6.48959e-08 2.2552e-09 5.10831e-11
 1.39342e-11 1.51243e-09 9.67955e-08 3.65279e-06 8.12822e-05 0.00106661 0.00825668 0.0377582 0.102575 0.169136 0.182565 0.156307 0.129975 0.0999363 0.0631945 0.0319878 0.012575 0.00367147 0.000778914 0.000119018 1.28825e-05 9.6372e-07 4.85869e-08 1.61411e-09 3.46654e-11
 1.34135e-11 1.45591e-09 9.31784e-08 3.51631e-06 7.82463e-05 0.00102682 0.00795029 0.0363829 0.0990866 0.164763 0.182145 0.162625 0.138066 0.10297 0.0610464 0.0289399 0.0109592 0.00317196 0.000672713 0.000101563 1.06475e-05 7.58309e-07 3.60274e-08 1.12366e-09 2.26599e-11
 1.13033e-11 1.22687e-09 7.85197e-08 2.96316e-06 6.59396e-05 0.000865435 0.00670386 0.0307311 0.0842047 0.142939 0.16762 0.166534 0.15502 0.120813 0.0730872 0.0345523 0.0126234 0.00344315 0.000686352 9.85494e-05 9.9486e-06 6.84891e-07 3.1294e-08 9.29743e-10 1.76896e-11
 9.21409e-12 1.00011e-09 6.40072e-08 2.41552e-06 5.37557e-05 0.000705646 0.00546943 0.0251261 0.0693556 0.120552 0.150319 0.164576 0.166553 0.138854 0.0902637 0.0453828 0.0170934 0.00465607 0.000902593 0.000123324 1.16909e-05 7.53445e-07 3.23387e-08 9.06747e-10 1.63216e-11
 1.21871e-11 1.32279e-09 8.46591e-08 3.19485e-06 7.10955e-05 0.000933089 0.00722705 0.0331077 0.0904331 0.1515 0.170051 0.155391 0.137648 0.112971 0.0772353 0.0413041 0.0163973 0.00465874 0.000928094 0.000127394 1.18259e-05 7.29882e-07 2.95266e-08 7.73051e-10 1.29432e-11
 1.1816e-11 1.28252e-09 8.20817e-08 3.09763e-06 6.89352e-05 0.000904876 0.00701221 0.0321793 0.0883934 0.150616 0.176125 0.16961 0.149104 0.110983 0.0662473 0.0320422 0.0123137 0.00355333 0.000730427 0.000102957 9.6817e-06 5.95381e-07 2.35879e-08 5.94979e-10 9.46282e-12
 1.25415e-11 1.36127e-09 8.71219e-08 3.28784e-06 7.31684e-05 0.000960441 0.00744243 0.0341429 0.093644 0.158558 0.181695 0.168311 0.143391 0.106199 0.0630421 0.0291111 0.0101994 0.00265121 0.000502752 6.77597e-05 6.25538e-06 3.81732e-07 1.49941e-08 3.72325e-10 5.77423e-12
 1.18491e-11 1.28612e-09 8.23127e-08 3.1064e-06 6.91344e-05 0.000907646 0.0070371 0.0323371 0.0891346 0.153034 0.180932 0.174655 0.150988 0.109235 0.0621914 0.027511 0.00923733 0.00227373 0.00039963 4.91677e-05 4.14769e-06 2.34477e-07 8.67881e-09 2.05868e-10 3.07404e-12
 1.22555e-11 1.33023e-09 8.51361e-08 3.21297e-06 7.15073e-05 0.00093883 0.00727927 0.0334501 0.092152 0.157698 0.184244 0.173626 0.147004 0.105947 0.0603914 0.0263287 0.00851345 0.00198459 0.000327143 3.74505e-05 2.91412e-06 1.50806e-07 5.0925e-09 1.10434e-10 1.51698e-12
 1.30309e-11 1.41439e-09 9.05228e-08 3.41629e-06 7.60334e-05 0.000998289 0.00774072 0.0355703 0.0979332 0.166985 0.192367 0.175145 0.141296 0.0972434 0.0532599 0.0224539 0.00705327 0.00159342 0.000251913 2.72768e-05 1.98291e-06 9.50079e-08 2.95164e-09 5.86193e-11 7.35164e-13
 1.23368e-11 1.33905e-09 8.57021e-08 3.23445e-06 7.19927e-05 0.000945473 0.00733653 0.0337829 0.0935452 0.161843 0.192121 0.181567 0.148432 0.0998137 0.0521328 0.0207353 0.00613982 0.00131202 0.000196794 2.02196e-05 1.39008e-06 6.26073e-08 1.81541e-09 3.34277e-11 3.86582e-13
 1.30476e-11 1.41621e-09 9.06407e-08 3.42085e-06 7.61421e-05 0.000999965 0.0077587 0.0357095 0.0986726 0.169425 0.196904 0.179257 0.141844 0.0943252 0.0491034 0.0191944 0.00545835 0.00109973 0.00015404 1.47416e-05 9.44839e-07 3.97293e-08 1.07592e-09 1.8482e-11 1.98943e-13
 1.23373e-11 1.33913e-09 8.57082e-08 3.23484e-06 7.2011e-05 0.000946044 0.00734741 0.0339048 0.0943244 0.16461 0.19732 0.185976 0.148248 0.0958314 0.0476627 0.0178052 0.00486713 0.000942883 0.00012597 1.13604e-05 6.78899e-07 2.64433e-08 6.61567e-10 1.04958e-11 1.04422e-13
 1.24582e-11 1.35225e-09 8.65492e-08 3.26666e-06 7.27233e-05 0.000955518 0.0074229 0.0342687 0.0953864 0.166387 0.198591 0.185409 0.146744 0.0949 0.0471022 0.0172677 0.00454027 0.000835116 0.000105389 8.96216e-06 5.03893e-07 1.83894e-08 4.28781e-10 6.30739e-12 5.79496e-14
 1.1048e-11 1.1992e-09 7.6756e-08 2.89731e-06 6.45174e-05 0.000848284 0.00660188 0.0306239 0.0862725 0.154721 0.194392 0.192877 0.158054 0.102246 0.0498865 0.0178919 0.00459115 0.000819122 9.92411e-05 8.01124e-06 4.23746e-07 1.4466e-08 3.14519e-10 4.3052e-12 3.67375e-14
 1.12485e-11 1.22097e-09 7.81502e-08 2.95002e-06 6.5695e-05 0.000863861 0.00672409 0.0311911 0.0877889 0.156785 0.194908 0.190781 0.155818 0.101792 0.0501011 0.0178472 0.00446659 0.000767513 8.89414e-05 6.83604e-06 3.42687e-07 1.10293e-08 2.24864e-10 2.87261e-12 2.27929e-14
#spawning biomass
 11544.1 12318 12106.2 14549.8 17550.5 18298.3 23036.4 34298.9 43690.9 59357.7 81390.5 90982.1 118312 133943 135851 118456 107335 94703.4 101428 112047 107379 118737 137689 129043 128710 134085 126240 122828 143021 244709 266101 256123 230208 199799 171323 147496 128860 114921 104812 97642.2 92639.6 89189.2 86813 85176.1 84093.4 83377.2 82903.5 82590.3 82383 82246 82155.3 82095.4 82055.7 82029.5 82012.1 82000.7 81993.1 81988 81984.7 81982.5 81981.1 81980.1 81979.5 81979.1 81978.8 81978.6 81978.5 81978.4 81978.3 81978.3 81978.3 81978.3 81978.3 81978.3 81978.2 81978.2 81978.2 81978.2 81978.2 81978.2 81978.2 81978.2 81978.2 81978.2 81978.2 81978.2 81978.2 81978.2 81978.2 81978.2 81978.2 81978.2 81978.2 81978.2 81978.2 81978.2 81978.2 81978.2 81978.2 81978.2 81978.2 81978.2 81978.2 81978.2 81978.2 81978.2 81978.2 81978.2 81978.2 81978.2 81978.2 81978.2 81978.2 81978.2 81978.2 81978.2 81978.2 81978.2 81978.2 81978.2 81978.2 81978.2 81978.2 81978.2 81978.2 81978.2 81978.2 81978.2 0 0 0 0 0 0 0 0 0 0 0 0 0 0 0 0 0 0 0 0 0 0 0 0 0
