SBPRF35
0.143709
Curr Bio
159474
B35
161738
F35
1.65622
FOFL
1.65622
OFL
66041.3
Bzero
41055.6
#pred survey bio
 9702.97 11790.3 13712.1 19578.4 24902.6 27469.1 32584.6 38466.1 41147.8 50989.1 69631.3 76417.5 95948.2 122086 123331 107754 100824 92646.8 92598.9 85092.1 85412.4 94977.5 99609.9 103271 106662 115012 100078 94008.2 83335.6 2.11297e+06 2.17927e+06 1.0315e+06 537711 380012 314135 280427 261728 251110 245056 241608 239651 238544 237919 237567 237367 237257 237197 237163 237145 237134 237129 237126 237124 237123 237122 237122 237122 237122 237122 237122 237122 237122 237122 237122 237122 237122 237122 237122 237122 237122 237122 237122 237122 237122 237122 237122 237122 237122 237122 237122 237122 237122 237122 237122 237122 237122 237122 237122 237122 237122 237122 237122 237122 237122 237122 237122 237122 237122 237122 237122 237122 237122 237122 237122 237122 237122 237122 237122 237122 237122 237122 237122 237122 237122 237122 237122 237122 237122 237122 237122 237122 237122 237122 237122 237122 237122 237122 237122 237122 0 0 0 0 0 0 0 0 0 0 0 0 0 0 0 0 0 0 0 0 0 0 0 0 0
#obs survey bio
 7385.13 11123.2 14809.5 19836.3 25842.3 24535.8 24593.9 44476 53992.6 55083.6 65200 58650.4 146137 126680 88099.8 73686.6 96174.3 107849 87010.8 75385.4 97370.9 112754 104633 175222 123402 103140 101692 90976.8 66881.2
#pred catch bio
 3199.35 6015.29 6381.4 9614.28 15330.5 17259.6 20526.7 27631.1 29806 35273.4 56686.2 62606 75409.2 95535.3 102433 94664.8 93158.9 82620.1 89031.9 81077.7 81533.4 91766.6 98415.3 106564 106574 126123 104154 102759 82305 66041.3 68622.2 21029.8 8479.24 6537.34 6271.31 6237.34 6233.2 6232.71 6232.66 6232.65 6232.65 6232.65 6232.65 6232.65 6232.65 6232.65 6232.65 6232.65 6232.65 6232.65 6232.65 6232.65 6232.65 6232.65 6232.65 6232.65 6232.65 6232.65 6232.65 6232.65 6232.65 6232.65 6232.65 6232.65 6232.65 6232.65 6232.65 6232.65 6232.65 6232.65 6232.65 6232.65 6232.65 6232.65 6232.65 6232.65 6232.65 6232.65 6232.65 6232.65 6232.65 6232.65 6232.65 6232.65 6232.65 6232.65 6232.65 6232.65 6232.65 6232.65 6232.65 6232.65 6232.65 6232.65 6232.65 6232.65 6232.65 6232.65 6232.65 6232.65 6232.65 6232.65 6232.65 6232.65 6232.65 6232.65 6232.65 6232.65 6232.65 6232.65 6232.65 6232.65 6232.65 6232.65 6232.65 6232.65 6232.65 6232.65 6232.65 6232.65 6232.65 6232.65 6232.65 6232.65 6232.65 6232.65 6232.65 6232.65 6232.65 0 0 0 0 0 0 0 0 0 0 0 0 0 0 0 0 0 0 0 0 0 0 0 0 0
#obs catch bio
 5449.48 6198.07 6391.9 9588.21 15801.9 17464.2 20944 27973.7 30053.1 34690.4 56429.9 64211.8 73464.3 91959.6 102990 99143.3 92395.1 81594.9 87514.7 81602.7 80142.4 87833.6 96451.8 101498 101608 126792 103072 101900 81661.3
#pred cpue bio
 9380.71 11205.6 12581 18429.2 23515.7 25577.1 30387.8 36025.2 38048 45838.5 64391.9 69387.2 85660.6 113545 116900 99889.5 93189.9 85400.3 84940.4 78155.1 76481.4 85848.4 90117.6 92536.5 95291.1 103746 90565.3 85264 74240.4 1.91438e+06 2.27572e+06 1.03756e+06 528783 370299 304378 270666 251967 241350 235295 231847 229890 228783 228159 227806 227606 227496 227436 227402 227384 227374 227368 227365 227363 227362 227362 227361 227361 227361 227361 227361 227361 227361 227361 227361 227361 227361 227361 227361 227361 227361 227361 227361 227361 227361 227361 227361 227361 227361 227361 227361 227361 227361 227361 227361 227361 227361 227361 227361 227361 227361 227361 227361 227361 227361 227361 227361 227361 227361 227361 227361 227361 227361 227361 227361 227361 227361 227361 227361 227361 227361 227361 227361 227361 227361 227361 227361 227361 227361 227361 227361 227361 227361 227361 227361 227361 227361 227361 227361 227361 0 0 0 0 0 0 0 0 0 0 0 0 0 0 0 0 0 0 0 0 0 0 0 0 0
#obs cpue bio
 6483.99 8798.8 11963.1 17395.9 14112.2 23224.9 28167.5 31429.8 28262.6 59082.3 61491.9 58008.1 110678 200776 97797.4 69357.3 134466 102152 100024 77070.3 104670 145706 114520 141786 140813 85807.1 107448 121594 101743
#pred surv len freq
 2.56009e-27 2.57997e-27 2.56692e-26 4.87518e-20 1.19509e-14 3.54127e-10 1.26842e-06 0.000549179 0.0287421 0.181831 0.13952 0.0426154 0.226344 0.209054 0.0466566 0.0541486 0.0220605 0.0153734 0.00896945 0.00651663 0.00492281 0.00412227 0.00401674 0.00349652 0.00106028
 2.56116e-27 2.58338e-27 2.91318e-26 5.6058e-20 1.3742e-14 4.07199e-10 1.45852e-06 0.000631482 0.0330495 0.209081 0.160252 0.0378493 0.175511 0.163311 0.0598361 0.095632 0.0332257 0.0149794 0.00655043 0.00356751 0.00216555 0.0015348 0.0013124 0.00113405 0.000375791
 2.56399e-27 2.59054e-27 3.49162e-26 6.82586e-20 1.67328e-14 4.95822e-10 1.77595e-06 0.000768919 0.0402425 0.254585 0.195048 0.0410012 0.175048 0.161737 0.0387662 0.0480966 0.0207029 0.0152069 0.00525683 0.00182202 0.000745657 0.000396158 0.000276 0.000221588 7.57326e-05
 2.56223e-27 2.58564e-27 3.04524e-26 5.88413e-20 1.44242e-14 4.27416e-10 1.53093e-06 0.000662835 0.0346904 0.219461 0.168264 0.0432695 0.211129 0.194975 0.0436919 0.0507292 0.0179033 0.00863983 0.00404126 0.00179555 0.000463019 0.000146674 7.08187e-05 4.80233e-05 1.61478e-05
 2.56188e-27 2.58487e-27 2.99509e-26 5.77841e-20 1.41651e-14 4.19736e-10 1.50342e-06 0.000650925 0.0340671 0.215518 0.165231 0.0418381 0.202368 0.187287 0.0495399 0.0660096 0.022646 0.00966835 0.00333892 0.00124865 0.000446042 0.000100301 2.50901e-05 1.18643e-05 3.69687e-06
 2.563e-27 2.58771e-27 3.22812e-26 6.26994e-20 1.537e-14 4.55441e-10 1.63131e-06 0.000706296 0.036965 0.233851 0.179243 0.0427244 0.199267 0.184043 0.0420251 0.049708 0.0180237 0.00917187 0.00303399 0.000914064 0.000243202 6.39567e-05 1.09589e-05 2.51876e-06 6.40546e-07
 2.56293e-27 2.58743e-27 3.19322e-26 6.19626e-20 1.51894e-14 4.50089e-10 1.61214e-06 0.000697996 0.0365306 0.231103 0.177159 0.0436165 0.20752 0.191529 0.0410383 0.0454909 0.0154885 0.0064998 0.00232189 0.000783375 0.000176876 3.50116e-05 5.8961e-06 7.30557e-07 1.11047e-07
 2.56263e-27 2.58662e-27 3.12284e-26 6.04781e-20 1.48255e-14 4.39305e-10 1.57352e-06 0.000681273 0.0356554 0.225566 0.172932 0.0436309 0.2106 0.194438 0.0427661 0.0486813 0.0161785 0.00613453 0.00196428 0.000590364 0.000148941 2.67541e-05 3.44939e-06 3.33735e-07 2.52646e-08
 2.56354e-27 2.58898e-27 3.32153e-26 6.46691e-20 1.58529e-14 4.69748e-10 1.68256e-06 0.000728484 0.0381262 0.241197 0.184872 0.0439177 0.204394 0.188517 0.0382087 0.0397607 0.0132095 0.0050123 0.00153614 0.000409793 8.96186e-05 1.65483e-05 1.96667e-06 1.44258e-07 6.74741e-09
 2.56526e-27 2.59358e-27 3.72058e-26 7.30871e-20 1.79164e-14 5.30896e-10 1.90158e-06 0.000823311 0.0430892 0.272594 0.208837 0.0433425 0.183179 0.16882 0.0325473 0.0317712 0.0102341 0.00339896 0.00102847 0.000270175 5.34156e-05 8.52165e-06 9.8173e-07 6.4234e-08 2.14133e-09
 2.56359e-27 2.58897e-27 3.30656e-26 6.43529e-20 1.57753e-14 4.67451e-10 1.67433e-06 0.000724922 0.0379398 0.240018 0.18399 0.0450773 0.213838 0.197004 0.0355868 0.0315976 0.0100146 0.00307795 0.000876529 0.000206615 3.99332e-05 5.86132e-06 5.82981e-07 3.56262e-08 1.00813e-09
 2.56471e-27 2.59199e-27 3.57125e-26 6.99366e-20 1.71441e-14 5.08011e-10 1.81961e-06 0.000787821 0.0412317 0.260843 0.199882 0.0444686 0.19804 0.182397 0.0324969 0.0282065 0.00866542 0.00222096 0.000600659 0.000130134 2.26489e-05 3.10813e-06 2.83826e-07 1.50642e-08 3.86287e-10
 2.56566e-27 2.59452e-27 3.78996e-26 7.45502e-20 1.82751e-14 5.41523e-10 1.93965e-06 0.000839793 0.0439517 0.278051 0.213018 0.0442752 0.187339 0.172416 0.0288043 0.0222928 0.00680297 0.0016845 0.000428644 7.88786e-05 1.25618e-05 1.5438e-06 1.28146e-07 6.15407e-09 1.37917e-10
 2.56326e-27 2.58798e-27 3.20916e-26 6.22978e-20 1.52715e-14 4.52523e-10 1.62086e-06 0.000701771 0.0367282 0.232353 0.178155 0.0461876 0.226387 0.208415 0.0345621 0.026354 0.00790601 0.00173292 0.000428435 7.52728e-05 1.05556e-05 1.12594e-06 8.27704e-08 3.5582e-09 7.12462e-11
 2.56187e-27 2.58437e-27 2.90451e-26 5.58715e-20 1.36962e-14 4.05844e-10 1.45366e-06 0.000629381 0.0329395 0.208385 0.159847 0.0457781 0.236134 0.217727 0.0419631 0.0408884 0.0122957 0.00266077 0.000636237 0.000100313 1.33902e-05 1.28504e-06 8.02062e-08 3.0014e-09 5.32889e-11
 2.5634e-27 2.58853e-27 3.27331e-26 6.36516e-20 1.56034e-14 4.62357e-10 1.65609e-06 0.000717022 0.0375263 0.237402 0.181986 0.044671 0.212154 0.195576 0.0376293 0.0366118 0.0114806 0.00328352 0.000816379 0.000126091 1.56167e-05 1.36816e-06 7.69513e-08 2.43618e-09 3.71761e-11
 2.56366e-27 2.58906e-27 3.3054e-26 6.43279e-20 1.57692e-14 4.6727e-10 1.67368e-06 0.000724641 0.0379251 0.239925 0.183932 0.0458749 0.219949 0.202467 0.0333703 0.0251505 0.00780804 0.00216511 0.000578501 0.000113242 1.4465e-05 1.19911e-06 6.08718e-08 1.71467e-09 2.21696e-11
 2.56384e-27 2.58952e-27 3.34114e-26 6.50818e-20 1.5954e-14 4.72746e-10 1.6933e-06 0.000733133 0.0383695 0.242737 0.186083 0.0461413 0.220464 0.20287 0.0321382 0.022216 0.00656293 0.0012885 0.000321962 6.26977e-05 9.40392e-06 8.99407e-07 4.42845e-08 1.12762e-09 1.28371e-11
 2.56413e-27 2.59033e-27 3.4159e-26 6.6659e-20 1.63407e-14 4.84203e-10 1.73433e-06 0.0007509 0.0392994 0.248619 0.190566 0.045628 0.213408 0.196431 0.0323145 0.024235 0.00711321 0.00129291 0.000291077 4.18966e-05 5.88661e-06 6.17659e-07 3.59619e-08 9.24314e-10 9.5799e-12
 2.56408e-27 2.59012e-27 3.38872e-26 6.60853e-20 1.62e-14 4.80035e-10 1.71941e-06 0.000744437 0.0389612 0.246479 0.188945 0.0464343 0.220684 0.202969 0.0302865 0.0179675 0.00527222 0.000998802 0.000223234 2.92201e-05 3.29405e-06 2.82631e-07 1.72584e-08 5.15195e-10 5.54822e-12
 2.56551e-27 2.59404e-27 3.73908e-26 7.34766e-20 1.80119e-14 5.33725e-10 1.91171e-06 0.000827699 0.0433188 0.274047 0.209974 0.0450989 0.195747 0.18003 0.02754 0.0174714 0.0050155 0.000746119 0.000158641 2.14325e-05 2.31484e-06 1.65115e-07 7.94935e-09 2.36016e-10 2.87726e-12
 2.56501e-27 2.59263e-27 3.60933e-26 7.07393e-20 1.73409e-14 5.13841e-10 1.84049e-06 0.000796864 0.041705 0.263837 0.202191 0.0459179 0.207447 0.190722 0.0275333 0.0147679 0.00424809 0.00067538 0.000139813 1.52578e-05 1.58173e-06 1.11873e-07 4.61509e-09 1.08381e-10 1.2618e-12
 2.56496e-27 2.59249e-27 3.59793e-26 7.04989e-20 1.72819e-14 5.12095e-10 1.83424e-06 0.000794155 0.0415632 0.262941 0.201506 0.0458851 0.207679 0.190955 0.0279251 0.015598 0.00442708 0.000591677 0.000117827 1.34808e-05 1.26854e-06 7.67735e-08 3.08301e-09 6.36429e-11 5.95598e-13
 2.56549e-27 2.59391e-27 3.72301e-26 7.31374e-20 1.79287e-14 5.31261e-10 1.90289e-06 0.000823878 0.0431188 0.272782 0.209016 0.0455807 0.200086 0.18393 0.0263438 0.0137623 0.00390644 0.000533938 0.000104141 1.02125e-05 9.35921e-07 5.54743e-08 1.91244e-09 3.65256e-11 3.04637e-13
 2.56565e-27 2.59432e-27 3.75561e-26 7.3825e-20 1.80973e-14 5.36256e-10 1.92078e-06 0.000831623 0.0435242 0.275346 0.210977 0.0457937 0.200329 0.184079 0.0250047 0.0106721 0.00299073 0.000372088 7.05605e-05 7.00087e-06 5.99156e-07 3.16225e-08 1.06224e-09 1.80419e-11 1.34876e-13
 2.56513e-27 2.59292e-27 3.63273e-26 7.12328e-20 1.74619e-14 5.17426e-10 1.85333e-06 0.000802423 0.0419959 0.265678 0.203599 0.0460651 0.207578 0.190795 0.0266773 0.0127915 0.00356207 0.000380149 6.69627e-05 6.10487e-06 5.09227e-07 2.61776e-08 7.87967e-10 1.25382e-11 8.53387e-14
 2.56497e-27 2.59243e-27 3.58311e-26 7.01858e-20 1.72052e-14 5.09821e-10 1.82609e-06 0.000790629 0.0413787 0.261773 0.200628 0.0467007 0.214502 0.197065 0.0256176 0.00880083 0.00242644 0.000264924 4.62058e-05 3.6414e-06 2.74363e-07 1.31114e-08 3.83359e-10 5.5987e-12 3.49206e-14
 2.56483e-27 2.59209e-27 3.55771e-26 6.96502e-20 1.70739e-14 5.0593e-10 1.81216e-06 0.000784595 0.0410629 0.259776 0.199098 0.0464329 0.21354 0.196263 0.0270525 0.0122688 0.00337479 0.000295117 4.61794e-05 3.69781e-06 2.65497e-07 1.09099e-08 2.89571e-10 4.0173e-12 2.33584e-14
 2.5658e-27 2.59471e-27 3.78781e-26 7.45042e-20 1.82638e-14 5.41189e-10 1.93845e-06 0.000839274 0.0439246 0.277879 0.212913 0.045885 0.199664 0.18342 0.0240708 0.00870815 0.00239928 0.000250144 4.18652e-05 2.74017e-06 1.7649e-07 7.15181e-09 1.69183e-10 2.06349e-12 1.11795e-14
#obs surv len freq
 1.08484e-41 1.50568e-33 2.52609e-26 5.12287e-20 1.25581e-14 3.7212e-10 1.33287e-06 0.000577088 0.0302025 0.19107 0.146609 0.040189 0.173453 0.146747 0.103694 0.10158 0.0440851 0.0173379 0.00393333 0.000493655 2.53639e-05 3.87555e-07 1.32163e-09 8.18073e-13 8.04675e-17
 1.60375e-41 2.2259e-33 3.7344e-26 7.57329e-20 1.8565e-14 5.50116e-10 1.97043e-06 0.000853126 0.0446492 0.282464 0.216412 0.0406546 0.126517 0.102136 0.0760807 0.0688042 0.0288262 0.0102857 0.00208067 0.000224695 9.4245e-06 1.11096e-07 2.80761e-10 1.25832e-13 8.84768e-18
 1.53586e-41 2.13167e-33 3.57631e-26 7.25269e-20 1.77791e-14 5.26828e-10 1.88701e-06 0.000817011 0.0427591 0.270507 0.207511 0.0499948 0.176665 0.128779 0.0565007 0.0426622 0.0171836 0.00554016 0.000985629 8.92167e-05 3.00694e-06 2.72404e-08 5.1005e-11 1.65463e-14 8.31191e-19
 1.07645e-41 1.49404e-33 2.50656e-26 5.08326e-20 1.2461e-14 3.69242e-10 1.32257e-06 0.000572626 0.0299689 0.189594 0.14596 0.0565339 0.23047 0.163203 0.0978163 0.0656261 0.015797 0.00382479 0.000587458 4.38076e-05 1.16001e-06 7.9722e-09 1.10289e-11 2.59243e-15 9.31608e-20
 1.49853e-41 2.07985e-33 3.48939e-26 7.07641e-20 1.7347e-14 5.14023e-10 1.84115e-06 0.000797152 0.0417198 0.263933 0.202523 0.0471281 0.142017 0.104186 0.104698 0.0697101 0.0193241 0.00360767 0.000335285 1.88576e-05 3.85263e-07 1.97645e-09 1.99985e-12 3.39531e-16 8.73364e-21
 1.201e-41 1.66691e-33 2.79659e-26 5.67143e-20 1.39028e-14 4.11967e-10 1.4756e-06 0.000638883 0.0334366 0.211533 0.16307 0.0649879 0.2312 0.143976 0.0783301 0.0496942 0.0190775 0.00374692 0.00029643 1.01539e-05 1.37554e-07 5.10515e-10 3.73077e-13 4.53507e-17 8.31097e-22
 1.37765e-41 1.91209e-33 3.20793e-26 6.50562e-20 1.59478e-14 4.72561e-10 1.69264e-06 0.000732854 0.0383547 0.242646 0.186705 0.0579256 0.17502 0.116538 0.109666 0.0568737 0.0128131 0.00249214 0.00022368 6.44404e-06 5.50178e-08 1.27002e-10 6.31801e-14 5.40435e-18 6.99684e-23
 1.19277e-41 1.65549e-33 2.77743e-26 5.63257e-20 1.38076e-14 4.09143e-10 1.46549e-06 0.000634504 0.0332074 0.210086 0.162405 0.0721014 0.226715 0.133226 0.0942707 0.0499764 0.0151023 0.0021283 0.000140621 3.96811e-06 2.84898e-08 4.36706e-11 1.33589e-14 7.35896e-19 6.45898e-24
 1.51396e-41 2.10128e-33 3.52533e-26 7.14931e-20 1.75257e-14 5.19318e-10 1.86011e-06 0.000805365 0.0421496 0.266656 0.205427 0.0644478 0.167064 0.104012 0.0961814 0.0421796 0.00960029 0.00139207 8.18698e-05 1.63801e-06 9.72712e-09 1.22521e-11 2.67762e-15 9.50226e-20 5.26196e-25
 1.51894e-41 2.10819e-33 3.53693e-26 7.17283e-20 1.75833e-14 5.21027e-10 1.86623e-06 0.000808014 0.0422883 0.267537 0.206716 0.0778834 0.19818 0.10364 0.0663733 0.0286 0.00712755 0.000805009 3.92662e-05 6.71159e-07 2.9017e-09 2.71424e-12 4.625e-16 1.2357e-20 4.79893e-26
 1.09426e-41 1.51876e-33 2.54803e-26 5.16735e-20 1.26671e-14 3.75351e-10 1.34445e-06 0.000582098 0.0304647 0.192744 0.15067 0.09694 0.257493 0.136223 0.0961204 0.0324156 0.0057189 0.000601769 2.50267e-05 3.28106e-07 1.11526e-09 7.70876e-13 9.34834e-17 1.82037e-21 5.26234e-27
 1.66319e-41 2.3084e-33 3.87282e-26 7.85401e-20 1.92532e-14 5.70507e-10 2.04346e-06 0.000884749 0.0463042 0.292945 0.226186 0.0711948 0.144651 0.0941546 0.0898557 0.0287867 0.00467655 0.000348406 1.08666e-05 1.15134e-07 2.94083e-10 1.50628e-13 1.34256e-17 1.86879e-22 3.80987e-28
 1.33337e-41 1.85063e-33 3.10482e-26 6.29652e-20 1.54352e-14 4.57372e-10 1.63823e-06 0.000709299 0.0371219 0.234868 0.18402 0.110484 0.242887 0.106914 0.0579203 0.0206994 0.00409233 0.000275938 6.4405e-06 4.72651e-08 8.91054e-11 3.37356e-14 2.17402e-18 2.17888e-23 3.18912e-29
 1.11714e-41 1.55052e-33 2.60132e-26 5.27543e-20 1.29321e-14 3.83201e-10 1.37256e-06 0.000594273 0.0311019 0.196791 0.155529 0.111769 0.234963 0.137886 0.104048 0.024104 0.00299632 0.000210863 4.78209e-06 2.69693e-08 3.48086e-11 9.09367e-15 4.17628e-19 2.99933e-24 3.12684e-30
 8.73748e-42 1.2127e-33 2.03456e-26 4.12605e-20 1.01145e-14 2.99712e-10 1.07352e-06 0.000464797 0.0243257 0.153935 0.124073 0.123319 0.249072 0.160012 0.124921 0.0349307 0.004732 0.000210689 3.64107e-06 1.85924e-08 1.92906e-11 3.574e-15 1.11224e-19 5.45706e-25 3.96565e-31
 1.40948e-41 1.95626e-33 3.28203e-26 6.6559e-20 1.63161e-14 4.83477e-10 1.73174e-06 0.000749782 0.0392406 0.248283 0.194634 0.0943333 0.159529 0.127009 0.102537 0.0292673 0.00421165 0.00019996 2.70801e-06 9.42272e-09 7.62827e-12 1.13613e-15 2.66163e-20 9.21911e-26 4.58061e-32
 9.72646e-42 1.34997e-33 2.26485e-26 4.59308e-20 1.12594e-14 3.33636e-10 1.19503e-06 0.000517407 0.0270791 0.171395 0.141333 0.162003 0.272656 0.126434 0.0726108 0.0225406 0.00327292 0.000154321 2.04554e-06 5.9889e-09 3.42249e-12 3.56521e-16 6.21602e-21 1.63794e-26 6.06577e-33
 1.43568e-41 1.99262e-33 3.34304e-26 6.77961e-20 1.66194e-14 4.92464e-10 1.76393e-06 0.000763719 0.0399701 0.252924 0.200192 0.107926 0.161356 0.135926 0.0839638 0.0152389 0.00166105 7.60746e-05 9.4569e-07 2.51175e-09 1.21585e-12 9.62762e-17 1.1784e-21 2.15316e-27 5.67557e-34
 1.0033e-41 1.39252e-33 2.33623e-26 4.73784e-20 1.16143e-14 3.44151e-10 1.23269e-06 0.000533714 0.0279327 0.176855 0.149495 0.183662 0.261308 0.121067 0.0619876 0.0156647 0.00145072 4.22755e-05 4.22345e-07 9.79297e-10 4.04994e-13 2.65578e-17 2.57536e-22 3.53041e-28 6.65774e-35
 1.28705e-41 1.78634e-33 2.99696e-26 6.07777e-20 1.48989e-14 4.41483e-10 1.58132e-06 0.000684657 0.0358324 0.226805 0.184086 0.132377 0.181426 0.152462 0.0740728 0.0112839 0.000941653 2.67688e-05 1.8793e-07 3.05422e-10 9.88918e-14 5.2405e-18 4.07316e-23 4.4045e-29 6.42435e-36
 1.41213e-41 1.95994e-33 3.28821e-26 6.66842e-20 1.63468e-14 4.84387e-10 1.73499e-06 0.000751193 0.0393147 0.248894 0.204704 0.159277 0.187367 0.101549 0.0477715 0.0097082 0.000647567 1.30491e-05 7.7396e-08 9.63128e-11 2.14586e-14 8.02242e-19 4.64478e-24 3.84479e-30 4.31392e-37
 1.13099e-41 1.56974e-33 2.63356e-26 5.34081e-20 1.30924e-14 3.87951e-10 1.38958e-06 0.000601639 0.0314878 0.199483 0.173013 0.196816 0.225328 0.122273 0.0442634 0.00631117 0.000414194 7.83142e-06 3.39097e-08 3.12057e-11 5.30541e-15 1.43707e-19 5.76466e-25 3.30925e-31 2.64059e-38
 1.37835e-41 1.91306e-33 3.20955e-26 6.50891e-20 1.59558e-14 4.728e-10 1.69349e-06 0.000733224 0.0383745 0.243037 0.203509 0.160601 0.179101 0.125759 0.0434496 0.00518803 0.000240852 3.56738e-06 1.3394e-08 9.6154e-12 1.17213e-15 2.28934e-20 6.71583e-26 2.78359e-32 1.56601e-39
 1.35725e-41 1.88377e-33 3.16041e-26 6.40925e-20 1.57115e-14 4.65561e-10 1.66756e-06 0.000721998 0.0377874 0.239463 0.207349 0.194089 0.188063 0.0965236 0.0317612 0.00407581 0.000162375 1.73779e-06 4.64993e-09 2.57797e-12 2.46195e-16 3.58612e-21 7.52346e-27 2.20859e-33 8.86282e-41
 1.18699e-41 1.64747e-33 2.76397e-26 5.60528e-20 1.37407e-14 4.07161e-10 1.45839e-06 0.000631431 0.0330479 0.209634 0.190328 0.214208 0.206898 0.112781 0.0294945 0.00287164 0.000104363 9.885e-07 1.99027e-09 7.67945e-13 5.1956e-17 5.58335e-22 8.7748e-28 1.90618e-34 5.53576e-42
 1.06621e-41 1.47983e-33 2.48272e-26 5.03491e-20 1.23425e-14 3.65731e-10 1.30999e-06 0.00056718 0.0296858 0.188516 0.178485 0.2212 0.217216 0.129337 0.0321635 0.0027523 7.46722e-05 5.50187e-07 9.13882e-10 2.75186e-13 1.34119e-17 9.99945e-23 1.09396e-28 1.68817e-35 3.54713e-43
 1.04781e-41 1.4543e-33 2.43989e-26 4.94804e-20 1.21295e-14 3.5942e-10 1.28739e-06 0.000557394 0.0291742 0.185436 0.17946 0.221295 0.216935 0.132276 0.0321392 0.00266264 6.2201e-05 3.50918e-07 4.25717e-10 9.67447e-14 3.62081e-18 2.02471e-23 1.59986e-29 1.73347e-36 2.52729e-44
 1.27188e-41 1.76529e-33 2.96164e-26 6.00615e-20 1.47234e-14 4.36281e-10 1.56269e-06 0.00067659 0.0354122 0.224797 0.205187 0.200422 0.192271 0.112279 0.0267248 0.00217912 4.94063e-05 2.56898e-07 2.64307e-10 4.80763e-14 1.42639e-18 6.44399e-24 4.18549e-30 3.73726e-37 4.44547e-45
 1.27191e-41 1.76533e-33 2.9617e-26 6.00627e-20 1.47237e-14 4.36289e-10 1.56272e-06 0.000676603 0.0354129 0.224801 0.205191 0.20043 0.192434 0.11262 0.0263562 0.00203324 4.26765e-05 2.01371e-07 1.85244e-10 2.9774e-14 7.73815e-19 3.0457e-24 1.71857e-30 1.33129e-37 1.37256e-45
#pred catch len freq
 2.55753e-27 2.57301e-27 1.95228e-26 3.57854e-20 8.77236e-15 2.59941e-10 9.31064e-07 0.000403115 0.0210976 0.13347 0.10262 0.0443569 0.265522 0.245193 0.0527844 0.059048 0.0238768 0.0164104 0.00955102 0.00693109 0.00523463 0.00438318 0.00427096 0.00371781 0.00112739
 2.55916e-27 2.57797e-27 2.43666e-26 4.60054e-20 1.12777e-14 3.34177e-10 1.19697e-06 0.000518241 0.0271229 0.171587 0.131642 0.0390793 0.204972 0.190537 0.0653633 0.101389 0.0350482 0.0155412 0.00677696 0.0036854 0.00223646 0.00158497 0.00135529 0.00117111 0.000388071
 2.56164e-27 2.58416e-27 2.9278e-26 5.63644e-20 1.38171e-14 4.09424e-10 1.46649e-06 0.000634934 0.0332301 0.210223 0.1612 0.0426187 0.211138 0.195035 0.0445562 0.0529467 0.0225957 0.0163741 0.00565054 0.00195489 0.000799727 0.000424852 0.000295988 0.000237635 8.12171e-05
 2.56004e-27 2.57965e-27 2.51292e-26 4.76114e-20 1.16714e-14 3.45844e-10 1.23875e-06 0.000536333 0.0280697 0.177578 0.13631 0.0450215 0.246912 0.227953 0.0487803 0.054036 0.0189628 0.00900333 0.00419965 0.00186349 0.00048039 0.000152159 7.34657e-05 4.98183e-05 1.67513e-05
 2.5603e-27 2.58054e-27 2.60845e-26 4.96275e-20 1.21656e-14 3.60488e-10 1.29121e-06 0.000559043 0.0292583 0.185097 0.142025 0.0432929 0.229744 0.212483 0.0528016 0.067101 0.0229003 0.00961105 0.00331053 0.00123578 0.00044129 9.92244e-05 2.48204e-05 1.17367e-05 3.65712e-06
 2.56143e-27 2.5834e-27 2.84263e-26 5.45669e-20 1.33764e-14 3.96367e-10 1.41972e-06 0.000614685 0.0321704 0.203519 0.156106 0.0441997 0.22675 0.209331 0.0451895 0.0505546 0.0182135 0.00911734 0.00300933 0.000904959 0.000240681 6.32869e-05 1.08439e-05 2.49234e-06 6.33826e-07
 2.56135e-27 2.58308e-27 2.8036e-26 5.37432e-20 1.31745e-14 3.90384e-10 1.39829e-06 0.000605407 0.0316848 0.200447 0.153775 0.0451292 0.235461 0.217235 0.0441628 0.0461419 0.0156256 0.00644514 0.00229617 0.000773384 0.000174557 3.45483e-05 5.81796e-06 7.20872e-07 1.09575e-07
 2.56153e-27 2.58357e-27 2.84777e-26 5.46749e-20 1.34029e-14 3.97152e-10 1.42253e-06 0.000615902 0.0322341 0.203922 0.156425 0.0449198 0.232006 0.214087 0.0443558 0.0473529 0.0156572 0.00583142 0.00186208 0.000558591 0.000140868 2.53014e-05 3.26201e-06 3.15605e-07 2.3892e-08
 2.56244e-27 2.58594e-27 3.04711e-26 5.88798e-20 1.44337e-14 4.27696e-10 1.53193e-06 0.000663269 0.0347131 0.219605 0.168404 0.0451683 0.225481 0.207879 0.0398831 0.0386988 0.0127892 0.00476657 0.00145693 0.00038791 8.47966e-05 1.56559e-05 1.86057e-06 1.36476e-07 6.38338e-09
 2.56398e-27 2.59005e-27 3.40447e-26 6.64185e-20 1.62817e-14 4.82456e-10 1.72808e-06 0.000748191 0.0391576 0.247722 0.189866 0.0446369 0.206358 0.190129 0.0348718 0.0317051 0.0101646 0.00331534 0.0010002 0.000262243 5.18255e-05 8.26684e-06 9.5235e-07 6.23114e-08 2.07724e-09
 2.56297e-27 2.58723e-27 3.14761e-26 6.09994e-20 1.49533e-14 4.43092e-10 1.58708e-06 0.000687145 0.0359627 0.227511 0.174454 0.045995 0.227522 0.209529 0.0359703 0.0293139 0.00924559 0.00278883 0.000791726 0.000186246 3.59799e-05 5.28033e-06 5.25179e-07 3.20938e-08 9.08167e-10
 2.56412e-27 2.59034e-27 3.42052e-26 6.67566e-20 1.63646e-14 4.84912e-10 1.73687e-06 0.000751999 0.0393569 0.248983 0.190839 0.0453179 0.210857 0.194132 0.0328975 0.0261633 0.00800325 0.00201285 0.000542427 0.000117274 2.0401e-05 2.79922e-06 2.55609e-07 1.35665e-08 3.47881e-10
 2.56486e-27 2.59231e-27 3.59006e-26 7.03331e-20 1.72413e-14 5.10891e-10 1.82992e-06 0.000792287 0.0414655 0.262322 0.201023 0.0452191 0.20295 0.186741 0.0298805 0.0211391 0.0064226 0.00156081 0.000395765 7.26728e-05 1.15672e-05 1.42134e-06 1.17977e-07 5.66568e-09 1.26972e-10
 2.56241e-27 2.58561e-27 2.9943e-26 5.77649e-20 1.41604e-14 4.19597e-10 1.50293e-06 0.00065071 0.0340558 0.215447 0.165262 0.0472317 0.243391 0.224012 0.0356196 0.0248377 0.00742108 0.00159664 0.00039319 6.89329e-05 9.66126e-06 1.03036e-06 7.57412e-08 3.256e-09 6.51952e-11
 2.56138e-27 2.58297e-27 2.77488e-26 5.31366e-20 1.30258e-14 3.85977e-10 1.38251e-06 0.000598572 0.0313271 0.198185 0.152072 0.0466973 0.248591 0.229097 0.0417101 0.037447 0.0112209 0.00238288 0.000567543 8.92878e-05 1.19114e-05 1.14291e-06 7.13323e-08 2.6693e-09 4.73926e-11
 2.56323e-27 2.58801e-27 3.22115e-26 6.2551e-20 1.53336e-14 4.54363e-10 1.62745e-06 0.000704624 0.0368775 0.233298 0.178862 0.0453417 0.219453 0.202192 0.0366509 0.032709 0.0102101 0.00286491 0.00071013 0.000109444 1.35468e-05 1.18659e-06 6.67361e-08 2.11276e-09 3.22406e-11
 2.56371e-27 2.58916e-27 3.30961e-26 6.44167e-20 1.5791e-14 4.67915e-10 1.67599e-06 0.000725641 0.0379774 0.240256 0.18419 0.046242 0.22256 0.204789 0.0321919 0.0218745 0.00675588 0.00183751 0.000489322 9.55854e-05 1.22038e-05 1.01147e-06 5.13438e-08 1.44627e-09 1.86993e-11
 2.56365e-27 2.58895e-27 3.28662e-26 6.39316e-20 1.56721e-14 4.64391e-10 1.66337e-06 0.000720176 0.0376914 0.238447 0.182815 0.0466448 0.226593 0.208444 0.0316606 0.019723 0.00580148 0.00111758 0.000277987 5.40185e-05 8.09802e-06 7.74382e-07 3.81272e-08 9.70825e-10 1.10521e-11
 2.56443e-27 2.59111e-27 3.48082e-26 6.80285e-20 1.66764e-14 4.9415e-10 1.76996e-06 0.000766327 0.0401068 0.253727 0.194469 0.0457774 0.211804 0.194867 0.0305373 0.0205761 0.00601495 0.00107259 0.000240335 3.45158e-05 4.84634e-06 5.08419e-07 2.96006e-08 7.60805e-10 7.88522e-12
 2.56427e-27 2.59059e-27 3.42733e-26 6.68999e-20 1.63997e-14 4.85952e-10 1.7406e-06 0.000753613 0.0394414 0.249518 0.191267 0.0465719 0.220099 0.202368 0.0290797 0.0153664 0.00448689 0.0008339 0.000185543 2.42331e-05 2.72997e-06 2.34183e-07 1.42993e-08 4.26858e-10 4.5969e-12
 2.56571e-27 2.59453e-27 3.78011e-26 7.43421e-20 1.82241e-14 5.40011e-10 1.93423e-06 0.000837448 0.043829 0.277275 0.212441 0.0452176 0.194917 0.179205 0.0263265 0.0149128 0.00426339 0.000622628 0.000131628 1.77434e-05 1.91514e-06 1.36575e-07 6.57499e-09 1.95209e-10 2.37978e-12
 2.56526e-27 2.59327e-27 3.66402e-26 7.18929e-20 1.76237e-14 5.22221e-10 1.87051e-06 0.000809859 0.0423851 0.26814 0.205477 0.0459471 0.205361 0.18875 0.0263313 0.012524 0.00358484 0.000559354 0.000115187 1.25429e-05 1.29923e-06 9.18722e-08 3.7898e-09 8.89988e-11 1.03614e-12
 2.56536e-27 2.59355e-27 3.68991e-26 7.24392e-20 1.77576e-14 5.26189e-10 1.88472e-06 0.000816013 0.0427072 0.270178 0.207031 0.045797 0.203127 0.186708 0.0263301 0.0130316 0.00368206 0.000483261 9.5631e-05 1.0917e-05 1.02652e-06 6.21115e-08 2.49407e-09 5.14848e-11 4.81816e-13
 2.56616e-27 2.59573e-27 3.88203e-26 7.6492e-20 1.87511e-14 5.55629e-10 1.99017e-06 0.000861667 0.0450965 0.285293 0.218564 0.0452265 0.190683 0.175221 0.024237 0.0111518 0.00314978 0.000422675 8.19355e-05 8.01738e-06 7.34104e-07 4.3502e-08 1.49962e-09 2.86406e-11 2.38873e-13
 2.56607e-27 2.59545e-27 3.85409e-26 7.59025e-20 1.86066e-14 5.51346e-10 1.97483e-06 0.000855026 0.044749 0.283095 0.216891 0.045595 0.194662 0.178825 0.0236305 0.00886237 0.00246946 0.000301811 5.68505e-05 5.62824e-06 4.81273e-07 2.53946e-08 8.52975e-10 1.44874e-11 1.08303e-13
 2.56626e-27 2.59598e-27 3.9029e-26 7.69323e-20 1.8859e-14 5.58827e-10 2.00162e-06 0.000866626 0.0453561 0.286935 0.219819 0.0452891 0.190277 0.174819 0.0236461 0.00990373 0.0027437 0.000287817 5.0298e-05 4.57547e-06 3.813e-07 1.95964e-08 5.8983e-10 9.3853e-12 6.38787e-14
 2.56567e-27 2.59431e-27 3.74997e-26 7.37059e-20 1.80681e-14 5.35391e-10 1.91768e-06 0.000830282 0.043454 0.274902 0.210645 0.0462105 0.203734 0.187124 0.023782 0.00711919 0.00194907 0.000209177 3.62061e-05 2.84736e-06 2.14308e-07 1.02387e-08 2.99345e-10 4.37166e-12 2.72671e-14
 2.56594e-27 2.59511e-27 3.82422e-26 7.52723e-20 1.84521e-14 5.46769e-10 1.95843e-06 0.000847927 0.0443774 0.280744 0.215097 0.0456531 0.196364 0.180406 0.0241016 0.00953446 0.00260907 0.000224614 3.48105e-05 2.78135e-06 1.99492e-07 8.19538e-09 2.17504e-10 3.01744e-12 1.75446e-14
 2.56612e-27 2.59558e-27 3.86347e-26 7.61004e-20 1.86551e-14 5.52784e-10 1.97998e-06 0.000857255 0.0448656 0.283833 0.217456 0.0457334 0.195318 0.17939 0.0230071 0.0072983 0.0019981 0.000204868 3.40201e-05 2.22238e-06 1.4296e-07 5.79145e-09 1.36992e-10 1.67081e-12 9.05205e-15
#obs catch len freq
 5.00964e-42 6.95305e-34 1.16652e-26 2.36568e-20 5.79918e-15 1.7184e-10 6.15504e-07 0.000266492 0.0139471 0.0882348 0.0680972 0.0397631 0.217842 0.186002 0.143779 0.143688 0.0650801 0.0263161 0.00614302 0.000796999 4.27932e-05 6.85058e-07 2.43574e-09 1.56239e-12 1.58443e-16
 5.72375e-42 7.94418e-34 1.3328e-26 2.70289e-20 6.62583e-15 1.96335e-10 7.03241e-07 0.000304479 0.0159352 0.100812 0.0778159 0.0437095 0.223428 0.181739 0.142927 0.130872 0.0565794 0.0209189 0.0044381 0.000497627 2.16848e-05 2.6636e-07 7.00303e-10 3.24928e-13 2.35308e-17
 1.08126e-41 1.50072e-33 2.51777e-26 5.10598e-20 1.25167e-14 3.70893e-10 1.32848e-06 0.000575186 0.0301029 0.190441 0.146301 0.0451356 0.181332 0.140643 0.113992 0.095753 0.0397405 0.0132464 0.00248882 0.000237987 8.3787e-06 7.8755e-08 1.52673e-10 5.11436e-14 2.6433e-18
 1.11814e-41 1.5519e-33 2.60363e-26 5.28011e-20 1.29436e-14 3.83542e-10 1.37378e-06 0.000594801 0.0311295 0.196937 0.151605 0.0583734 0.237439 0.163952 0.0766331 0.0542378 0.0215166 0.00644032 0.00105522 8.38495e-05 2.35099e-06 1.68562e-08 2.40941e-11 5.82623e-15 2.14813e-19
 7.81833e-42 1.08513e-33 1.82054e-26 3.69201e-20 9.05053e-15 2.68184e-10 9.6059e-07 0.000415902 0.0217667 0.137706 0.106646 0.0649255 0.274602 0.185039 0.116563 0.0712434 0.0167056 0.00381496 0.000535584 3.47347e-05 7.58923e-07 4.10227e-09 4.31371e-12 7.53838e-16 1.98541e-20
 1.25635e-41 1.74373e-33 2.92548e-26 5.93281e-20 1.45436e-14 4.30953e-10 1.5436e-06 0.000668327 0.0349776 0.221281 0.170187 0.0527779 0.172059 0.122107 0.12579 0.0760642 0.0203387 0.00343947 0.000294882 1.44549e-05 2.41839e-07 9.70429e-10 7.43676e-13 9.36475e-17 1.76293e-21
 1.03822e-41 1.44099e-33 2.41755e-26 4.90275e-20 1.20185e-14 3.56131e-10 1.2756e-06 0.000552291 0.0289047 0.182865 0.141556 0.0737325 0.260242 0.153532 0.0858353 0.0507136 0.0185733 0.00325547 0.000229154 6.78913e-06 7.58483e-08 2.19612e-10 1.21187e-13 1.09049e-17 1.46064e-22
 1.27461e-41 1.76907e-33 2.96798e-26 6.01901e-20 1.47549e-14 4.37215e-10 1.56603e-06 0.000678038 0.0354858 0.224498 0.17316 0.0643959 0.192599 0.124011 0.11653 0.0544787 0.0118767 0.00211612 0.000165032 3.98744e-06 2.7754e-08 5.02262e-11 1.88843e-14 1.19432e-18 1.12897e-23
 1.14878e-41 1.59443e-33 2.67499e-26 5.42483e-20 1.32983e-14 3.94054e-10 1.41144e-06 0.000611103 0.0319827 0.20234 0.156898 0.0796062 0.238502 0.134028 0.0947944 0.0463633 0.0131268 0.00164612 9.7143e-05 2.27914e-06 1.30347e-08 1.5512e-11 3.59255e-15 1.46563e-19 9.38876e-25
 1.51393e-41 2.10124e-33 3.52527e-26 7.14917e-20 1.75253e-14 5.19308e-10 1.86008e-06 0.000805349 0.0421488 0.266653 0.205746 0.0696741 0.171516 0.103726 0.0934214 0.0371793 0.00803428 0.00104109 5.27458e-05 8.81886e-07 4.17366e-09 4.03492e-12 6.63451e-16 1.74465e-20 7.06468e-26
 1.5489e-41 2.14977e-33 3.60669e-26 7.3143e-20 1.79301e-14 5.31303e-10 1.90304e-06 0.00082395 0.0431223 0.272815 0.211138 0.0831981 0.197305 0.0986844 0.062023 0.0246246 0.00567148 0.000566543 2.39783e-05 3.36298e-07 1.15127e-09 8.26987e-13 1.05594e-16 2.08389e-21 5.92211e-27
 1.15059e-41 1.59694e-33 2.67921e-26 5.43338e-20 1.33193e-14 3.94675e-10 1.41366e-06 0.000612066 0.0320331 0.20267 0.158824 0.103712 0.253448 0.129327 0.0877493 0.0267729 0.00442313 0.000411678 1.45608e-05 1.56372e-07 4.18085e-10 2.20545e-13 2.00108e-17 2.8728e-22 6.06269e-28
 1.72294e-41 2.39133e-33 4.01196e-26 8.13617e-20 1.99449e-14 5.91002e-10 2.11688e-06 0.000916534 0.0479677 0.303471 0.234575 0.0748242 0.140442 0.0903799 0.0803866 0.023333 0.00346854 0.000226339 6.04822e-06 5.19854e-08 1.03843e-10 4.04779e-14 2.69101e-18 2.75731e-23 4.09989e-29
 1.39549e-41 1.93685e-33 3.24947e-26 6.58986e-20 1.61543e-14 4.7868e-10 1.71455e-06 0.000742343 0.0388513 0.245816 0.193086 0.116488 0.234408 0.098846 0.0515344 0.0170493 0.00299952 0.000174161 3.42555e-06 2.04055e-08 3.00333e-11 8.61899e-15 4.13395e-19 3.04504e-24 3.24703e-30
 1.18626e-41 1.64645e-33 2.76226e-26 5.6018e-20 1.37321e-14 4.06909e-10 1.45748e-06 0.000631039 0.0330261 0.208973 0.165674 0.118576 0.228419 0.131999 0.0913473 0.0190343 0.00218449 0.00013279 2.47737e-06 1.11731e-08 1.12194e-11 2.22162e-15 7.58296e-20 3.99675e-25 3.03289e-31
 9.4194e-42 1.30735e-33 2.19335e-26 4.44807e-20 1.09039e-14 3.23103e-10 1.1573e-06 0.000501073 0.0262242 0.165958 0.134368 0.131713 0.243918 0.155142 0.110491 0.0282057 0.00334734 0.000128083 1.85359e-06 7.4914e-09 5.9753e-12 8.35442e-16 1.93135e-20 6.9515e-26 3.67331e-32
 1.49615e-41 2.07656e-33 3.48386e-26 7.06519e-20 1.73195e-14 5.13208e-10 1.83823e-06 0.000795889 0.0416537 0.263558 0.207007 0.098522 0.153096 0.121169 0.0881188 0.0230593 0.00290058 0.000116115 1.28368e-06 3.5533e-09 2.21169e-12 2.471e-16 4.28532e-21 1.0885e-26 3.93516e-33
 1.04925e-41 1.45629e-33 2.44323e-26 4.95482e-20 1.21462e-14 3.59913e-10 1.28915e-06 0.000558157 0.0292119 0.184911 0.153252 0.170031 0.260919 0.11796 0.0629208 0.0178949 0.00224927 8.91408e-05 9.5226e-07 2.17987e-09 9.52978e-13 7.44966e-17 9.59297e-22 1.84849e-27 4.97643e-34
 1.52922e-41 2.12245e-33 3.56085e-26 7.22134e-20 1.77023e-14 5.2455e-10 1.87885e-06 0.000813479 0.0425743 0.269415 0.213691 0.111434 0.153529 0.126868 0.0691062 0.0114168 0.00110641 4.23353e-05 4.20706e-07 8.66152e-10 3.17746e-13 1.8781e-17 1.69616e-22 2.26472e-28 4.32969e-35
 1.08651e-41 1.508e-33 2.52998e-26 5.13075e-20 1.25774e-14 3.72692e-10 1.33492e-06 0.000577976 0.0302492 0.191548 0.16276 0.190625 0.247461 0.111538 0.0524257 0.0118572 0.000932608 2.29576e-05 1.8446e-07 3.29472e-10 1.02617e-13 4.99602e-18 3.56185e-23 3.56444e-29 4.87928e-36
 1.38494e-41 1.92221e-33 3.22491e-26 6.54005e-20 1.60322e-14 4.75062e-10 1.7016e-06 0.000736732 0.0385579 0.244077 0.198654 0.136175 0.173003 0.140189 0.0597603 0.00823693 0.00059561 1.38658e-05 7.74642e-08 9.74292e-11 2.37161e-14 9.29105e-19 5.2892e-24 4.16318e-30 4.40017e-37
 1.50784e-41 2.09278e-33 3.51107e-26 7.12037e-20 1.74548e-14 5.17216e-10 1.85259e-06 0.000802105 0.0419794 0.265793 0.219229 0.161315 0.173752 0.0910799 0.0387315 0.0069212 0.000388348 6.48689e-06 3.04042e-08 2.89541e-11 4.84461e-15 1.33843e-19 5.6601e-25 3.39933e-31 2.75637e-38
 1.22463e-41 1.69971e-33 2.85161e-26 5.783e-20 1.41764e-14 4.20071e-10 1.50463e-06 0.000651452 0.034095 0.216045 0.188141 0.200516 0.211213 0.109454 0.0351488 0.00448173 0.000248546 3.79402e-06 1.29082e-08 9.0891e-12 1.15508e-15 2.30687e-20 6.75925e-26 2.81273e-32 1.61784e-39
 1.47946e-41 2.0534e-33 3.445e-26 6.9864e-20 1.71263e-14 5.07485e-10 1.81773e-06 0.000787013 0.0411898 0.260908 0.219021 0.16197 0.167836 0.110933 0.0336814 0.00353189 0.000138114 1.66304e-06 4.85979e-09 2.64708e-12 2.40801e-16 3.46193e-21 7.40303e-27 2.22339e-33 9.02545e-41
 1.45538e-41 2.01998e-33 3.38893e-26 6.87268e-20 1.68476e-14 4.99224e-10 1.78814e-06 0.000774204 0.0405199 0.25684 0.223002 0.194114 0.173283 0.0840586 0.0245918 0.00272415 8.98282e-05 7.75318e-07 1.61684e-09 6.78567e-13 4.81328e-17 5.15024e-22 7.87417e-28 1.6736e-34 4.83855e-42
 1.28466e-41 1.78303e-33 2.9914e-26 6.0665e-20 1.48713e-14 4.40664e-10 1.57839e-06 0.000683387 0.0357675 0.226965 0.206653 0.21513 0.192786 0.0976352 0.0224209 0.00189956 5.70206e-05 4.29125e-07 6.67815e-10 1.94776e-13 9.77747e-18 7.69723e-23 8.79364e-29 1.38203e-35 2.89352e-43
 1.16279e-41 1.61388e-33 2.70762e-26 5.49099e-20 1.34605e-14 3.9886e-10 1.42865e-06 0.000618557 0.0323753 0.205694 0.19526 0.223156 0.204791 0.111939 0.0243434 0.00178163 3.97517e-05 2.32882e-07 2.97049e-10 6.722e-14 2.42688e-18 1.32534e-23 1.05285e-29 1.17269e-36 1.77175e-44
 1.14528e-41 1.58958e-33 2.66685e-26 5.40831e-20 1.32578e-14 3.92854e-10 1.40714e-06 0.000609243 0.0318877 0.202573 0.191343 0.216189 0.208952 0.119474 0.0269226 0.00200667 4.11199e-05 1.9862e-07 2.01997e-10 3.7893e-14 1.15998e-18 5.27664e-24 3.37682e-30 2.95125e-37 3.45836e-45
 1.37134e-41 1.90333e-33 3.19324e-26 6.47582e-20 1.58747e-14 4.70397e-10 1.68489e-06 0.000729498 0.0381811 0.242281 0.217129 0.193363 0.180312 0.102504 0.0236564 0.00180392 3.75868e-05 1.76437e-07 1.61723e-10 2.59248e-14 6.72447e-19 2.64288e-24 1.4897e-30 1.15311e-37 1.18817e-45
#spawning biomass
 14352.1 17987.7 23433.4 32053.4 40060.1 46103.2 54916.2 64184.4 71066.7 93696.2 121423 138567 180430 211902 203215 186245 177199 164319 165520 152585 160659 176063 184239 194681 202716 214449 186171 173641 159474 169823 116192 36887.5 17779.1 14833.1 14429.6 14378 14371.8 14371 14370.9 14370.9 14370.9 14370.9 14370.9 14370.9 14370.9 14370.9 14370.9 14370.9 14370.9 14370.9 14370.9 14370.9 14370.9 14370.9 14370.9 14370.9 14370.9 14370.9 14370.9 14370.9 14370.9 14370.9 14370.9 14370.9 14370.9 14370.9 14370.9 14370.9 14370.9 14370.9 14370.9 14370.9 14370.9 14370.9 14370.9 14370.9 14370.9 14370.9 14370.9 14370.9 14370.9 14370.9 14370.9 14370.9 14370.9 14370.9 14370.9 14370.9 14370.9 14370.9 14370.9 14370.9 14370.9 14370.9 14370.9 14370.9 14370.9 14370.9 14370.9 14370.9 14370.9 14370.9 14370.9 14370.9 14370.9 14370.9 14370.9 14370.9 14370.9 14370.9 14370.9 14370.9 14370.9 14370.9 14370.9 14370.9 14370.9 14370.9 14370.9 14370.9 14370.9 14370.9 14370.9 14370.9 14370.9 14370.9 14370.9 14370.9 14370.9 0 0 0 0 0 0 0 0 0 0 0 0 0 0 0 0 0 0 0 0 0 0 0 0 0
