SBPRF35
0.827133
Curr Bio
145042
B35
624491
F35
0.255939
FOFL
0.121531
OFL
19880.6
Bzero
236324
#pred survey bio
 11581.4 10360.8 13296.6 18670.5 23751.7 27667 32462.4 38307 46579.6 59566.4 72034.4 83800.6 109556 135206 134241 120833 112387 100907 109484 95925.7 98396.1 113070 119152 120708 135935 139525 131988 108735 113466 9.29023e+06 7.89148e+06 8.52212e+06 7.84856e+06 6.71122e+06 5.56119e+06 4.57811e+06 3.80628e+06 3.22993e+06 2.81269e+06 2.51628e+06 2.30785e+06 2.16177e+06 2.05877e+06 1.98506e+06 1.93193e+06 1.89439e+06 1.86744e+06 1.84776e+06 1.83315e+06 1.82215e+06 1.81374e+06 1.80724e+06 1.80216e+06 1.79816e+06 1.79497e+06 1.79243e+06 1.79038e+06 1.78873e+06 1.7874e+06 1.78632e+06 1.78543e+06 1.78472e+06 1.78413e+06 1.78366e+06 1.78327e+06 1.78295e+06 1.78269e+06 1.78247e+06 1.7823e+06 1.78216e+06 1.78204e+06 1.78195e+06 1.78187e+06 1.7818e+06 1.78175e+06 1.78171e+06 1.78167e+06 1.78164e+06 1.78162e+06 1.7816e+06 1.78159e+06 1.78157e+06 1.78156e+06 1.78155e+06 1.78155e+06 1.78154e+06 1.78154e+06 1.78153e+06 1.78153e+06 1.78153e+06 1.78152e+06 1.78152e+06 1.78152e+06 1.78152e+06 1.78152e+06 1.78152e+06 1.78152e+06 1.78152e+06 1.78152e+06 1.78152e+06 1.78152e+06 1.78152e+06 1.78152e+06 1.78152e+06 1.78152e+06 1.78152e+06 1.78152e+06 1.78152e+06 1.78152e+06 1.78152e+06 1.78152e+06 1.78152e+06 1.78152e+06 1.78152e+06 1.78152e+06 1.78152e+06 1.78152e+06 1.78152e+06 1.78152e+06 1.78152e+06 1.78152e+06 1.78152e+06 1.78152e+06 1.78152e+06 1.78152e+06 1.78152e+06 1.78152e+06 1.78152e+06 1.78152e+06 0 0 0 0 0 0 0 0 0 0 0 0 0 0 0 0 0 0 0 0 0 0 0 0 0
#obs survey bio
 10457.5 9272.59 11301.9 24033.9 24906 25478.2 27329.9 34892.3 35197.8 41677.5 55335 56538.8 158903 134076 120183 84290.2 72299.6 100193 101620 68191.1 76214.8 105239 98089.6 99453.4 172179 132934 100399 127276 78116.4
#pred catch bio
 7326.87 5772.8 6846.14 10266.8 14657.6 17349.9 20607 24709.7 31703 41941.5 52226 60015.6 77810.6 100769 104351 95643.1 94041.1 78137.4 93900.6 80259.7 79843.1 93809.7 103258 99646.2 114963 119256 119581 95127.7 3980.66 19880.6 69617.6 80980.7 73906.2 61754.6 49874.5 39953.9 32323.8 26754.5 22832.6 20140.9 18327.8 17123.4 16329.6 15808.4 15469.1 15254 15117.6 15031.2 14976.4 14941.7 14919.7 14905.7 14896.9 14891.3 14887.7 14885.5 14884.1 14883.1 14882.6 14882.2 14882 14881.8 14881.7 14881.7 14881.6 14881.6 14881.6 14881.6 14881.6 14881.6 14881.6 14881.6 14881.6 14881.6 14881.6 14881.6 14881.6 14881.6 14881.6 14881.6 14881.6 14881.6 14881.6 14881.6 14881.6 14881.6 14881.6 14881.6 14881.6 14881.6 14881.6 14881.6 14881.6 14881.6 14881.6 14881.6 14881.6 14881.6 14881.6 14881.6 14881.6 14881.6 14881.6 14881.6 14881.6 14881.6 14881.6 14881.6 14881.6 14881.6 14881.6 14881.6 14881.6 14881.6 14881.6 14881.6 14881.6 14881.6 14881.6 14881.6 14881.6 14881.6 14881.6 14881.6 14881.6 14881.6 14881.6 14881.6 14881.6 0 0 0 0 0 0 0 0 0 0 0 0 0 0 0 0 0 0 0 0 0 0 0 0 0
#obs catch bio
 5820.89 5806.39 6728.97 10090.9 14571.6 17226.3 20275.3 24284.5 31951.5 41745.5 50907.5 60195.7 74636.7 97309.7 102673 96802.3 93924.8 76723.3 93235.5 80971.3 79069.5 91572 101392 97078.5 106120 115412 117902 94599.8 3858.46
#pred cpue bio
 8652.63 7249.68 8467.18 12110.7 15805.9 17817.1 20766.6 24283.5 28697.6 34388.1 42567.3 49010.8 60801.7 79333 84093.4 74523.4 66830.1 57769.6 62949.8 54616.7 53281.9 60953.3 65705.2 63641.6 73318.1 76170.9 73970.8 59458.1 58322.8 6.59049e+06 7.03556e+06 8.3576e+06 7.75482e+06 6.59439e+06 5.43306e+06 4.4466e+06 3.6739e+06 3.09733e+06 2.68005e+06 2.38362e+06 2.17518e+06 2.02911e+06 1.92611e+06 1.8524e+06 1.79927e+06 1.76173e+06 1.73478e+06 1.71509e+06 1.70049e+06 1.68949e+06 1.68108e+06 1.67458e+06 1.6695e+06 1.66549e+06 1.66231e+06 1.65977e+06 1.65772e+06 1.65607e+06 1.65474e+06 1.65365e+06 1.65277e+06 1.65205e+06 1.65147e+06 1.65099e+06 1.6506e+06 1.65028e+06 1.65002e+06 1.64981e+06 1.64964e+06 1.64949e+06 1.64938e+06 1.64928e+06 1.6492e+06 1.64914e+06 1.64909e+06 1.64905e+06 1.64901e+06 1.64898e+06 1.64896e+06 1.64894e+06 1.64892e+06 1.64891e+06 1.6489e+06 1.64889e+06 1.64888e+06 1.64888e+06 1.64887e+06 1.64887e+06 1.64887e+06 1.64886e+06 1.64886e+06 1.64886e+06 1.64886e+06 1.64886e+06 1.64886e+06 1.64886e+06 1.64886e+06 1.64885e+06 1.64885e+06 1.64885e+06 1.64885e+06 1.64885e+06 1.64885e+06 1.64885e+06 1.64885e+06 1.64885e+06 1.64885e+06 1.64885e+06 1.64885e+06 1.64885e+06 1.64885e+06 1.64885e+06 1.64885e+06 1.64885e+06 1.64885e+06 1.64885e+06 1.64885e+06 1.64885e+06 1.64885e+06 1.64885e+06 1.64885e+06 1.64885e+06 1.64885e+06 1.64885e+06 1.64885e+06 1.64885e+06 1.64885e+06 1.64885e+06 1.64885e+06 0 0 0 0 0 0 0 0 0 0 0 0 0 0 0 0 0 0 0 0 0 0 0 0 0
#obs cpue bio
 4369.31 7010.93 14127.5 10984.4 18549.2 19084 36890.2 31757 31527.3 57783.5 82383.6 67921 100315 116663 101789 91502.3 100875 88960.1 67025.8 65271.7 87516.9 94568.1 117560 116490 244245 97700.1 123144 78054.3 125732
#pred surv len freq
 2.56136e-27 2.58355e-27 2.9009e-26 5.5798e-20 1.36782e-14 4.0531e-10 1.45175e-06 0.000628553 0.0328962 0.208111 0.159546 0.0400411 0.192683 0.178177 0.0444516 0.0569798 0.0242633 0.0183496 0.0111628 0.00840947 0.00654922 0.00563134 0.00562478 0.00497592 0.00151782
 2.56361e-27 2.58985e-27 3.46524e-26 6.77034e-20 1.65967e-14 4.91789e-10 1.76151e-06 0.000762664 0.0399151 0.252514 0.193416 0.0378257 0.152031 0.141331 0.050314 0.079373 0.0271413 0.0115917 0.00514079 0.00289099 0.00182535 0.00134081 0.0011855 0.00104865 0.000350504
 2.56617e-27 2.59652e-27 4.0261e-26 7.9534e-20 1.94968e-14 5.77725e-10 2.06931e-06 0.000895934 0.0468899 0.296639 0.227125 0.0388292 0.135983 0.125886 0.0360436 0.0508439 0.0204822 0.0132742 0.00433178 0.00138245 0.00057621 0.000320073 0.000233539 0.000193957 6.71231e-05
 2.56448e-27 2.59182e-27 3.5975e-26 7.0492e-20 1.72803e-14 5.12045e-10 1.83406e-06 0.000794078 0.0415592 0.262915 0.201411 0.0411292 0.171553 0.158555 0.0390532 0.0493562 0.0180683 0.00956773 0.00394154 0.00151989 0.000353865 0.000110525 5.64988e-05 4.02813e-05 1.37979e-05
 2.56411e-27 2.59096e-27 3.53835e-26 6.92448e-20 1.69745e-14 5.02985e-10 1.80161e-06 0.000780028 0.0408238 0.258263 0.197838 0.0398473 0.164308 0.152256 0.0449738 0.0644101 0.0220914 0.00941535 0.00332734 0.00120458 0.000358898 7.12502e-05 1.74481e-05 8.83305e-06 2.83396e-06
 2.56504e-27 2.59338e-27 3.74174e-26 7.3535e-20 1.80262e-14 5.34149e-10 1.91323e-06 0.000828356 0.0433532 0.274264 0.210062 0.040173 0.158199 0.146382 0.0396375 0.0537531 0.0193966 0.00967643 0.00309548 0.000886713 0.000229572 5.12403e-05 7.58592e-06 1.75478e-06 4.67512e-07
 2.56475e-27 2.5925e-27 3.65366e-26 7.16765e-20 1.75706e-14 5.20649e-10 1.86488e-06 0.000807421 0.0422575 0.267333 0.204785 0.0412009 0.169728 0.156883 0.0390179 0.0496335 0.0171792 0.00757382 0.00258851 0.000804046 0.000169376 3.15243e-05 4.52377e-06 4.89276e-07 7.61584e-08
 2.56517e-27 2.59364e-27 3.75619e-26 7.38394e-20 1.81008e-14 5.3636e-10 1.92115e-06 0.000831786 0.0435327 0.2754 0.210938 0.0407427 0.161919 0.14974 0.0389293 0.0511976 0.0171645 0.00669556 0.00212684 0.000613711 0.00014064 2.31129e-05 2.70657e-06 2.21033e-07 1.51391e-08
 2.56586e-27 2.59546e-27 3.90928e-26 7.70687e-20 1.88925e-14 5.59818e-10 2.00517e-06 0.000868163 0.0454365 0.287444 0.220138 0.0409359 0.156925 0.144984 0.0354033 0.0443484 0.0150155 0.00607818 0.00183689 0.000467886 9.74297e-05 1.63335e-05 1.74087e-06 1.12431e-07 4.42714e-09
 2.56733e-27 2.59931e-27 4.23661e-26 8.39735e-20 2.05851e-14 6.09973e-10 2.18482e-06 0.000945944 0.0495073 0.313197 0.239804 0.0410355 0.143866 0.132714 0.029279 0.0334178 0.010908 0.00381589 0.0011496 0.000293411 5.491e-05 8.18372e-06 8.49764e-07 4.91521e-08 1.40774e-09
 2.56595e-27 2.59544e-27 3.88306e-26 7.65146e-20 1.87566e-14 5.55793e-10 1.99076e-06 0.000861922 0.0451099 0.285378 0.218593 0.0430273 0.173926 0.160258 0.0306306 0.0295327 0.00921071 0.00256813 0.000708775 0.000158743 2.93837e-05 4.05504e-06 3.70628e-07 2.0216e-08 4.99935e-10
 2.56669e-27 2.59751e-27 4.07462e-26 8.05561e-20 1.97474e-14 5.8515e-10 2.09591e-06 0.000907448 0.0474925 0.300451 0.230083 0.0417527 0.156155 0.144042 0.0310912 0.0346444 0.0104368 0.00226287 0.000560016 0.000101186 1.6239e-05 2.08628e-06 1.7737e-07 8.55155e-09 1.94204e-10
 2.56794e-27 2.60085e-27 4.36339e-26 8.66478e-20 2.12407e-14 6.29399e-10 2.2544e-06 0.00097607 0.051084 0.323171 0.247426 0.0414238 0.141466 0.130349 0.0261405 0.0268168 0.00831432 0.00221147 0.00053193 7.5664e-05 9.92502e-06 1.04184e-06 7.92023e-08 3.50253e-09 7.07485e-11
 2.56594e-27 2.59535e-27 3.87069e-26 7.62536e-20 1.86926e-14 5.53896e-10 1.98396e-06 0.00085898 0.0449559 0.284404 0.217856 0.0434195 0.177429 0.16342 0.0299163 0.0270904 0.00820441 0.00189017 0.000466491 7.76024e-05 9.07236e-06 7.33581e-07 4.39905e-08 1.68608e-09 3.07903e-11
 2.56423e-27 2.59086e-27 3.48592e-26 6.81371e-20 1.6703e-14 4.94939e-10 1.77279e-06 0.00076755 0.0401708 0.254132 0.194741 0.0434435 0.193852 0.178857 0.037765 0.0410891 0.0122019 0.00234685 0.000540638 8.02059e-05 1.01113e-05 8.33956e-07 3.89161e-08 1.14191e-09 1.76758e-11
 2.56526e-27 2.59373e-27 3.7479e-26 7.36641e-20 1.80579e-14 5.35087e-10 1.91659e-06 0.000829811 0.0434293 0.274746 0.210459 0.0420487 0.172194 0.158999 0.0365574 0.0433597 0.0132872 0.00323437 0.000748404 9.36817e-05 1.05307e-05 8.46621e-07 4.11632e-08 9.84388e-10 1.15166e-11
 2.56591e-27 2.59535e-27 3.8788e-26 7.6425e-20 1.87347e-14 5.55141e-10 1.98842e-06 0.000860911 0.045057 0.285043 0.218333 0.042748 0.171983 0.158539 0.031672 0.0323376 0.0100147 0.00264894 0.000650685 9.82594e-05 1.05077e-05 7.15856e-07 3.24693e-08 7.85023e-10 7.76841e-12
 2.56656e-27 2.59702e-27 4.01594e-26 7.93177e-20 1.94438e-14 5.76154e-10 2.06369e-06 0.000893497 0.0467624 0.295832 0.226579 0.0431985 0.169619 0.15617 0.0278663 0.0242276 0.00714737 0.00133341 0.000312638 5.02434e-05 6.04894e-06 4.47831e-07 1.76699e-08 3.85722e-10 3.73554e-12
 2.56668e-27 2.59739e-27 4.05327e-26 8.01054e-20 1.96369e-14 5.81876e-10 2.08418e-06 0.000902371 0.0472268 0.29877 0.228814 0.0426629 0.163973 0.151066 0.0288852 0.0278305 0.00814654 0.00138414 0.000296585 3.59569e-05 4.21116e-06 3.44574e-07 1.5156e-08 3.05884e-10 2.64023e-12
 2.56637e-27 2.59642e-27 3.9561e-26 7.8055e-20 1.91342e-14 5.66982e-10 2.03083e-06 0.000879273 0.046018 0.291123 0.222995 0.043956 0.177901 0.163678 0.0267645 0.0198201 0.00574127 0.00091225 0.000188122 1.99461e-05 1.90548e-06 1.29232e-07 6.02918e-09 1.3497e-10 1.12763e-12
 2.56805e-27 2.60104e-27 4.37043e-26 8.67959e-20 2.1277e-14 6.30474e-10 2.25825e-06 0.000977737 0.0511713 0.323723 0.247861 0.0422208 0.147226 0.135495 0.0239925 0.0205857 0.00586223 0.000729005 0.000138436 1.38987e-05 1.22518e-06 6.83886e-08 2.55334e-09 5.65785e-11 5.16614e-13
 2.56787e-27 2.60049e-27 4.31574e-26 8.5642e-20 2.09941e-14 6.22093e-10 2.22823e-06 0.000964739 0.050491 0.31942 0.244585 0.0428977 0.154678 0.142243 0.0228645 0.0163223 0.00469392 0.000690846 0.000134079 1.08619e-05 8.55437e-07 4.40428e-08 1.38789e-09 2.44677e-11 2.09741e-13
 2.56721e-27 2.5987e-27 4.15658e-26 8.22842e-20 2.0171e-14 5.97702e-10 2.14087e-06 0.000926915 0.0485114 0.306897 0.235031 0.043456 0.165639 0.152343 0.0243895 0.0172511 0.00487351 0.00056557 0.00010347 9.56902e-06 7.31893e-07 3.07238e-08 8.67156e-10 1.3073e-11 8.99067e-14
 2.56837e-27 2.60185e-27 4.43554e-26 8.81692e-20 2.16136e-14 6.4045e-10 2.29398e-06 0.000993207 0.0519809 0.328846 0.251778 0.0426005 0.147363 0.135481 0.0214563 0.014808 0.00416152 0.000447109 7.69143e-05 5.73557e-06 4.18571e-07 1.89703e-08 4.65741e-10 5.96208e-12 3.51449e-14
 2.56773e-27 2.60009e-27 4.27825e-26 8.48509e-20 2.08002e-14 6.16346e-10 2.20765e-06 0.000955828 0.0500246 0.316469 0.242337 0.0432067 0.158609 0.145827 0.0227092 0.0150612 0.00423843 0.000471678 8.18219e-05 5.7358e-06 3.72604e-07 1.41401e-08 3.5428e-10 4.27978e-12 2.12472e-14
 2.56745e-27 2.59934e-27 4.21242e-26 8.34623e-20 2.04598e-14 6.0626e-10 2.17152e-06 0.000940186 0.0492059 0.31129 0.238385 0.0433396 0.162398 0.14934 0.0236464 0.0163115 0.00457636 0.000477935 8.09038e-05 5.81014e-06 3.75035e-07 1.29298e-08 2.74488e-10 3.09046e-12 1.49111e-14
 2.56671e-27 2.59733e-27 4.03376e-26 7.96933e-20 1.95358e-14 5.78882e-10 2.07346e-06 0.000897728 0.0469839 0.297233 0.22766 0.0439046 0.174233 0.160256 0.0254771 0.0177372 0.00498473 0.000533869 9.0806e-05 6.1669e-06 3.88103e-07 1.35675e-08 2.72518e-10 2.64785e-12 1.13844e-14
 2.56729e-27 2.59889e-27 4.17002e-26 8.25678e-20 2.02405e-14 5.99762e-10 2.14825e-06 0.000930109 0.0486786 0.307954 0.235842 0.0436607 0.166627 0.153197 0.0234848 0.0149724 0.00417633 0.000404578 6.567e-05 4.46299e-06 2.75837e-07 9.12061e-09 1.8167e-10 1.71698e-12 6.55715e-15
 2.56894e-27 2.60339e-27 4.57169e-26 9.10413e-20 2.23177e-14 6.61313e-10 2.36871e-06 0.00102556 0.0536742 0.339558 0.259951 0.0422225 0.138744 0.12752 0.0199067 0.0132785 0.00370402 0.000352764 5.6319e-05 3.55225e-06 2.09216e-07 6.86893e-09 1.31627e-10 1.20289e-12 4.50093e-15
#obs surv len freq
 1.08247e-41 1.5024e-33 2.52059e-26 5.1117e-20 1.25307e-14 3.71309e-10 1.32997e-06 0.00057583 0.0301366 0.190654 0.146289 0.0400967 0.173045 0.146468 0.104006 0.102055 0.0445455 0.0175795 0.00401145 0.00050899 2.6416e-05 4.05267e-07 1.38106e-09 8.52904e-13 8.37091e-17
 1.60304e-41 2.22491e-33 3.73274e-26 7.56993e-20 1.85568e-14 5.49872e-10 1.96955e-06 0.000852747 0.0446294 0.282339 0.216316 0.0406598 0.126603 0.102193 0.0760414 0.0687866 0.0288907 0.0103443 0.00210349 0.000228738 9.69334e-06 1.15253e-07 2.92439e-10 1.31126e-13 9.20872e-18
 1.5341e-41 2.12922e-33 3.57221e-26 7.24438e-20 1.77587e-14 5.26224e-10 1.88485e-06 0.000816074 0.0427101 0.270197 0.207275 0.049989 0.176757 0.128864 0.0566468 0.0428032 0.017267 0.00558133 0.00099797 9.08991e-05 3.08736e-06 2.82167e-08 5.32197e-11 1.73397e-14 8.72564e-19
 1.07484e-41 1.4918e-33 2.50281e-26 5.07565e-20 1.24424e-14 3.6869e-10 1.32059e-06 0.000571769 0.0299241 0.189311 0.14574 0.056381 0.229763 0.162854 0.0984148 0.066238 0.0161753 0.003964 0.000614169 4.61382e-05 1.23053e-06 8.5183e-09 1.18694e-11 2.80744e-15 1.01351e-19
 1.49819e-41 2.07939e-33 3.48861e-26 7.07484e-20 1.73431e-14 5.13909e-10 1.84074e-06 0.000796976 0.0417106 0.263875 0.202479 0.0471309 0.14205 0.104179 0.104566 0.0697131 0.019465 0.00366694 0.000346578 1.97256e-05 4.06179e-07 2.09753e-09 2.13518e-12 3.64566e-16 9.4262e-21
 1.19966e-41 1.66505e-33 2.79346e-26 5.66508e-20 1.38873e-14 4.11505e-10 1.47395e-06 0.000638168 0.0333991 0.211296 0.162887 0.0649027 0.230886 0.143863 0.0786108 0.0500272 0.0193435 0.0038268 0.000306807 1.0692e-05 1.46946e-07 5.49874e-10 4.04197e-13 4.93774e-17 9.08948e-22
 1.37715e-41 1.91139e-33 3.20675e-26 6.50323e-20 1.59419e-14 4.72388e-10 1.69202e-06 0.000732585 0.0383406 0.242557 0.186636 0.057887 0.174883 0.116488 0.109752 0.0570065 0.0129405 0.00253862 0.000230035 6.71104e-06 5.8232e-08 1.3636e-10 6.84436e-14 5.88758e-18 7.65514e-23
 1.19454e-41 1.65795e-33 2.78155e-26 5.64093e-20 1.38281e-14 4.09751e-10 1.46766e-06 0.000635447 0.0332568 0.210398 0.162646 0.072184 0.226951 0.133235 0.0938972 0.0496283 0.0149184 0.00210535 0.000140117 3.99004e-06 2.8955e-08 4.49645e-11 1.39324e-14 7.7503e-19 6.84663e-24
 1.50861e-41 2.09386e-33 3.51288e-26 7.12405e-20 1.74638e-14 5.17483e-10 1.85354e-06 0.000802519 0.0420007 0.265714 0.204703 0.0642821 0.166717 0.104189 0.0972069 0.0429135 0.00993233 0.00144968 8.57093e-05 1.72939e-06 1.03683e-08 1.3178e-11 2.908e-15 1.04261e-19 5.82895e-25
 1.51926e-41 2.10864e-33 3.53768e-26 7.17434e-20 1.75871e-14 5.21136e-10 1.86663e-06 0.000808185 0.0422972 0.267593 0.206761 0.0779492 0.198382 0.103633 0.0661404 0.0284791 0.0071056 0.000809125 3.98428e-05 6.84744e-07 2.97989e-09 2.80914e-12 4.82202e-16 1.29738e-20 5.07469e-26
 1.09462e-41 1.51927e-33 2.54888e-26 5.16909e-20 1.26714e-14 3.75477e-10 1.3449e-06 0.000582294 0.030475 0.192809 0.150726 0.0971021 0.257967 0.136253 0.0957593 0.0321208 0.00559454 0.000585767 2.44315e-05 3.22775e-07 1.10373e-09 7.66759e-13 9.35084e-17 1.83147e-21 5.32344e-27
 1.663e-41 2.30813e-33 3.87237e-26 7.85309e-20 1.92509e-14 5.7044e-10 2.04322e-06 0.000884645 0.0462988 0.29291 0.226153 0.0710425 0.144243 0.0941961 0.0902207 0.0289707 0.0047177 0.000349587 1.08345e-05 1.14893e-07 2.95099e-10 1.52035e-13 1.36131e-17 1.90257e-22 3.89479e-28
 1.33541e-41 1.85346e-33 3.10956e-26 6.30612e-20 1.54587e-14 4.5807e-10 1.64073e-06 0.00071038 0.0371785 0.235227 0.184299 0.110633 0.243182 0.106714 0.0573763 0.0203908 0.0040117 0.000269846 6.26364e-06 4.5645e-08 8.5833e-11 3.25713e-14 2.10785e-18 2.12143e-23 3.11603e-29
 1.11964e-41 1.55399e-33 2.60714e-26 5.28722e-20 1.2961e-14 3.84058e-10 1.37563e-06 0.000595602 0.0311715 0.197231 0.155878 0.112039 0.235479 0.137561 0.103276 0.0236852 0.00287859 0.000199858 4.50071e-06 2.52403e-08 3.23707e-11 8.41792e-15 3.86131e-19 2.77712e-24 2.90304e-30
 8.77654e-42 1.21813e-33 2.04366e-26 4.1445e-20 1.01598e-14 3.01052e-10 1.07832e-06 0.000466875 0.0244344 0.154623 0.124617 0.123684 0.24969 0.159633 0.123935 0.0341648 0.00455012 0.000198169 3.34207e-06 1.68714e-08 1.73992e-11 3.20691e-15 9.93205e-20 4.85584e-25 3.52276e-31
 1.41356e-41 1.96193e-33 3.29154e-26 6.67517e-20 1.63634e-14 4.84877e-10 1.73675e-06 0.000751954 0.0393543 0.249002 0.195196 0.0945738 0.159841 0.126617 0.101746 0.0286664 0.00405795 0.000188781 2.50027e-06 8.49575e-09 6.76494e-12 9.99284e-16 2.32955e-20 8.03656e-26 3.97843e-32
 9.71317e-42 1.34812e-33 2.26176e-26 4.5868e-20 1.1244e-14 3.3318e-10 1.1934e-06 0.0005167 0.0270421 0.171161 0.141143 0.161823 0.272415 0.126703 0.0730247 0.0227293 0.00328592 0.000152932 1.99322e-06 5.72797e-09 3.21086e-12 3.28697e-16 5.66148e-21 1.48106e-26 5.46019e-33
 1.43632e-41 1.99352e-33 3.34454e-26 6.78266e-20 1.66269e-14 4.92686e-10 1.76472e-06 0.000764063 0.0399881 0.253038 0.200273 0.107856 0.161223 0.135847 0.0839693 0.0152897 0.0016726 7.64365e-05 9.41326e-07 2.46704e-09 1.17711e-12 9.18499e-17 1.10807e-21 1.99801e-27 5.21021e-34
 1.00052e-41 1.38866e-33 2.32976e-26 4.72471e-20 1.15821e-14 3.43198e-10 1.22928e-06 0.000532236 0.0278553 0.176365 0.149101 0.183395 0.261055 0.121488 0.0626563 0.0160122 0.00149446 4.39236e-05 4.39919e-07 1.01515e-09 4.16208e-13 2.7017e-17 2.59239e-22 3.51639e-28 6.56238e-35
 1.28665e-41 1.78578e-33 2.99602e-26 6.07587e-20 1.48943e-14 4.41345e-10 1.58082e-06 0.000684442 0.0358211 0.226734 0.184024 0.132291 0.181339 0.15254 0.0742054 0.0113725 0.000959222 2.75349e-05 1.94839e-07 3.18149e-10 1.02953e-13 5.43245e-18 4.19647e-23 4.50613e-29 6.52459e-36
 1.41475e-41 1.96358e-33 3.29431e-26 6.68079e-20 1.63772e-14 4.85286e-10 1.73821e-06 0.000752587 0.0393877 0.249356 0.205068 0.159421 0.187387 0.1011 0.0473153 0.00955928 0.000637534 1.29225e-05 7.72763e-08 9.68378e-11 2.16891e-14 8.13016e-19 4.70618e-24 3.88658e-30 4.34513e-37
 1.13101e-41 1.56977e-33 2.63361e-26 5.34091e-20 1.30926e-14 3.87958e-10 1.3896e-06 0.00060165 0.0314884 0.199486 0.173011 0.19678 0.225312 0.122333 0.0442711 0.00629622 0.00041153 7.7691e-06 3.37478e-08 3.12527e-11 5.3469e-15 1.45583e-19 5.86328e-25 3.37478e-31 2.69599e-38
 1.37296e-41 1.90558e-33 3.197e-26 6.48345e-20 1.58934e-14 4.70951e-10 1.68687e-06 0.000730356 0.0382244 0.242087 0.202747 0.160269 0.179234 0.126882 0.0442104 0.00536011 0.00025099 3.72824e-06 1.40029e-08 1.0068e-11 1.23186e-15 2.41773e-20 7.12642e-26 2.96605e-32 1.67445e-39
 1.35388e-41 1.87909e-33 3.15257e-26 6.39335e-20 1.56725e-14 4.64406e-10 1.66343e-06 0.000720207 0.0376936 0.23887 0.206875 0.193908 0.188153 0.0971326 0.0322716 0.00420309 0.000169991 1.84538e-06 4.97349e-09 2.76371e-12 2.64182e-16 3.85362e-21 8.10413e-27 2.38656e-33 9.60998e-41
 1.18881e-41 1.64999e-33 2.7682e-26 5.61386e-20 1.37617e-14 4.07785e-10 1.46062e-06 0.000632398 0.0330985 0.209954 0.190581 0.214274 0.206748 0.112402 0.0293432 0.00285982 0.000104848 1.0055e-06 2.04951e-09 7.98138e-13 5.42648e-17 5.84348e-22 9.19223e-28 1.99848e-34 5.81042e-42
 1.06687e-41 1.48075e-33 2.48426e-26 5.03802e-20 1.23501e-14 3.65957e-10 1.3108e-06 0.000567531 0.0297041 0.188633 0.178618 0.221452 0.217234 0.12902 0.0319737 0.00272306 7.37607e-05 5.45734e-07 9.14446e-10 2.78067e-13 1.36741e-17 1.02665e-22 1.12842e-28 1.74601e-35 3.67393e-43
 1.04783e-41 1.45432e-33 2.43992e-26 4.94811e-20 1.21297e-14 3.59426e-10 1.2874e-06 0.000557403 0.0291747 0.185438 0.179463 0.221305 0.216982 0.132283 0.0320837 0.00264935 6.16411e-05 3.46741e-07 4.20983e-10 9.61078e-14 3.62082e-18 2.03906e-23 1.62199e-29 1.76781e-36 2.58976e-44
 1.26666e-41 1.75804e-33 2.94947e-26 5.98147e-20 1.46629e-14 4.34488e-10 1.55626e-06 0.000673809 0.0352666 0.223872 0.204295 0.199459 0.192561 0.11393 0.0276009 0.00228815 5.22682e-05 2.72424e-07 2.80191e-10 5.09558e-14 1.514e-18 6.86161e-24 4.47619e-30 4.01635e-37 4.80114e-45
 1.26668e-41 1.75807e-33 2.94953e-26 5.98159e-20 1.46632e-14 4.34496e-10 1.5563e-06 0.000673823 0.0352674 0.223877 0.204299 0.199468 0.192732 0.114288 0.0272143 0.0021344 4.51412e-05 2.13529e-07 1.96383e-10 3.15569e-14 8.21182e-19 3.24167e-24 1.83672e-30 1.42952e-37 1.48097e-45
#pred catch len freq
 2.55648e-27 2.57062e-27 1.79393e-26 3.24471e-20 7.95401e-15 2.35691e-10 8.44207e-07 0.000365509 0.0191294 0.121019 0.093048 0.0402883 0.241283 0.223434 0.0597179 0.0805888 0.0342597 0.0257992 0.0156138 0.0117144 0.00910168 0.00781817 0.00780642 0.00690543 0.00210637
 2.55787e-27 2.57476e-27 2.17995e-26 4.05909e-20 9.95037e-15 2.94847e-10 1.05609e-06 0.000457248 0.0239307 0.151393 0.116196 0.0374506 0.20343 0.189626 0.0744541 0.12238 0.0418382 0.0178264 0.0078731 0.00440717 0.00277569 0.00203665 0.00180006 0.00159215 0.000532162
 2.56029e-27 2.58099e-27 2.69362e-26 5.14259e-20 1.26064e-14 3.73551e-10 1.338e-06 0.000579302 0.0303186 0.191804 0.147086 0.0394719 0.197109 0.182912 0.0572811 0.0851467 0.0342919 0.0221878 0.00722156 0.00229212 0.000952612 0.000528459 0.000385419 0.000320067 0.000110765
 2.559e-27 2.57723e-27 2.33556e-26 4.38713e-20 1.07545e-14 3.18675e-10 1.14144e-06 0.000494201 0.0258647 0.163628 0.125619 0.0425394 0.235534 0.218059 0.0579363 0.0775578 0.0283812 0.014984 0.0061492 0.00236137 0.000548413 0.000170976 8.73492e-05 6.22693e-05 2.13294e-05
 2.55889e-27 2.57714e-27 2.34868e-26 4.41488e-20 1.08225e-14 3.20691e-10 1.14866e-06 0.000497327 0.0260283 0.164663 0.12638 0.0406652 0.220738 0.204916 0.0648979 0.0966754 0.0331159 0.0140287 0.0049388 0.00177851 0.000528573 0.000104797 2.56413e-05 1.29783e-05 4.16385e-06
 2.55993e-27 2.57981e-27 2.56893e-26 4.87947e-20 1.19614e-14 3.54438e-10 1.26954e-06 0.000549662 0.0287673 0.181991 0.139622 0.0413892 0.216943 0.201061 0.0578157 0.0815478 0.0293687 0.0145503 0.0046393 0.00132137 0.000341146 7.60321e-05 1.12491e-05 2.60133e-06 6.93025e-07
 2.55978e-27 2.57923e-27 2.50206e-26 4.73835e-20 1.16155e-14 3.44188e-10 1.23282e-06 0.000533765 0.0279353 0.176727 0.135626 0.0427975 0.230469 0.213323 0.0560426 0.0743196 0.0256795 0.0112362 0.00382555 0.00118206 0.000248368 4.61472e-05 6.61759e-06 7.15539e-07 1.11368e-07
 2.56025e-27 2.58052e-27 2.61771e-26 4.98231e-20 1.22135e-14 3.61909e-10 1.2963e-06 0.000561247 0.0293737 0.185826 0.142565 0.0422555 0.221469 0.205107 0.056212 0.0767271 0.0256797 0.00993269 0.00314341 0.000901867 0.000206126 3.38243e-05 3.95781e-06 3.23122e-07 2.21292e-08
 2.56128e-27 2.58319e-27 2.84047e-26 5.45221e-20 1.33654e-14 3.96041e-10 1.41855e-06 0.00061418 0.032144 0.203352 0.155955 0.042707 0.215497 0.199342 0.0505997 0.0653677 0.0220774 0.00884074 0.00266188 0.000673878 0.00013993 2.34199e-05 2.4944e-06 1.61046e-07 6.34076e-09
 2.5632e-27 2.58817e-27 3.26129e-26 6.33988e-20 1.55415e-14 4.60521e-10 1.64951e-06 0.000714175 0.0373773 0.23646 0.181242 0.0431255 0.200917 0.185543 0.0419488 0.0490356 0.0159635 0.00550944 0.00165262 0.00041916 7.82276e-05 1.16383e-05 1.20754e-06 6.98262e-08 1.99963e-09
 2.56186e-27 2.58438e-27 2.9084e-26 5.59536e-20 1.37164e-14 4.0644e-10 1.4558e-06 0.000630306 0.0329879 0.208691 0.160077 0.045561 0.23432 0.216079 0.0421323 0.0417175 0.0129856 0.00357061 0.000981119 0.000218296 4.02902e-05 5.5507e-06 5.06919e-07 2.7641e-08 6.83478e-10
 2.56257e-27 2.5864e-27 3.09926e-26 5.99803e-20 1.47035e-14 4.3569e-10 1.56057e-06 0.000675666 0.0353619 0.22371 0.17152 0.0439783 0.214237 0.19781 0.0436951 0.0498516 0.0149961 0.00320675 0.00079004 0.000141784 2.26845e-05 2.90891e-06 2.47109e-07 1.19098e-08 2.70436e-10
 2.56402e-27 2.59027e-27 3.43243e-26 6.70086e-20 1.64264e-14 4.86742e-10 1.74343e-06 0.000754838 0.0395055 0.249923 0.191532 0.0437643 0.198547 0.183129 0.037407 0.0392294 0.012138 0.00318183 0.000762553 0.000107728 1.40848e-05 1.47542e-06 1.12063e-07 4.95396e-09 1.00053e-10
 2.56202e-27 2.58474e-27 2.9337e-26 5.64872e-20 1.38471e-14 4.10316e-10 1.46968e-06 0.000636316 0.0333025 0.210681 0.161604 0.0460221 0.236757 0.218218 0.0405504 0.0375472 0.0113522 0.00257659 0.000633072 0.000104607 1.21962e-05 9.83986e-07 5.89466e-08 2.25838e-09 4.12354e-11
 2.5604e-27 2.58051e-27 2.57699e-26 4.89626e-20 1.20026e-14 3.55658e-10 1.27391e-06 0.000551554 0.0288663 0.182617 0.140168 0.0456117 0.248694 0.229604 0.0492726 0.0545525 0.0161764 0.00306452 0.000702569 0.00010351 1.30086e-05 1.07083e-06 4.99218e-08 1.46412e-09 2.26594e-11
 2.56156e-27 2.58377e-27 2.87433e-26 5.52357e-20 1.35404e-14 4.01225e-10 1.43712e-06 0.000622219 0.0325647 0.206014 0.158007 0.043964 0.223622 0.206625 0.048055 0.0575933 0.0176087 0.00421569 0.000971562 0.000120769 1.35298e-05 1.08538e-06 5.27224e-08 1.26027e-09 1.47411e-11
 2.56273e-27 2.58675e-27 3.11952e-26 6.04073e-20 1.48081e-14 4.38791e-10 1.57168e-06 0.000680476 0.0356137 0.225302 0.172749 0.0448044 0.219659 0.202587 0.040424 0.0412111 0.0127239 0.00330155 0.000807253 0.000121028 1.29056e-05 8.77194e-07 3.97452e-08 9.605e-10 9.50313e-12
 2.56296e-27 2.58725e-27 3.15142e-26 6.108e-20 1.4973e-14 4.43678e-10 1.58918e-06 0.000688054 0.0360102 0.227811 0.174679 0.0457278 0.22533 0.2076 0.0373346 0.0328693 0.00968161 0.00177657 0.000414267 6.61108e-05 7.93635e-06 5.86383e-07 2.31143e-08 5.04309e-10 4.88303e-12
 2.56382e-27 2.58963e-27 3.3673e-26 6.56344e-20 1.60895e-14 4.7676e-10 1.70767e-06 0.000739358 0.0386953 0.244798 0.187633 0.0446648 0.20814 0.191841 0.0364382 0.0347856 0.0101616 0.00169251 0.000360415 4.33707e-05 5.06078e-06 4.13235e-07 1.81594e-08 3.66335e-10 3.16132e-12
 2.56329e-27 2.58805e-27 3.21243e-26 6.23667e-20 1.52884e-14 4.53024e-10 1.62265e-06 0.000702547 0.0367688 0.23261 0.178354 0.0463642 0.227592 0.209495 0.0341943 0.0252256 0.00729431 0.00113753 0.000233152 2.45444e-05 2.33624e-06 1.58065e-07 7.36669e-09 1.64841e-10 1.37693e-12
 2.56503e-27 2.59285e-27 3.64486e-26 7.14894e-20 1.75248e-14 5.1929e-10 1.86001e-06 0.000805313 0.0421472 0.266635 0.204304 0.0444384 0.194704 0.179304 0.0316944 0.0271146 0.00771178 0.000942285 0.000177609 1.77057e-05 1.55512e-06 8.65981e-08 3.22949e-09 7.1523e-11 6.52948e-13
 2.56499e-27 2.59265e-27 3.61896e-26 7.09427e-20 1.73907e-14 5.15319e-10 1.84578e-06 0.000799154 0.0418249 0.264596 0.202759 0.045194 0.20154 0.185442 0.0297048 0.0210425 0.00604098 0.000872422 0.000168258 1.35396e-05 1.06178e-06 5.45337e-08 1.71653e-09 3.02437e-11 2.59192e-13
 2.56455e-27 2.59143e-27 3.51035e-26 6.86514e-20 1.68291e-14 4.98675e-10 1.78617e-06 0.000773343 0.040474 0.25605 0.19624 0.045622 0.209376 0.192654 0.0306324 0.0213353 0.00601826 0.000685478 0.000124353 1.14188e-05 8.7022e-07 3.64394e-08 1.02716e-09 1.5476e-11 1.06405e-13
 2.56557e-27 2.59421e-27 3.75606e-26 7.3835e-20 1.80998e-14 5.36328e-10 1.92104e-06 0.000831736 0.0435301 0.275384 0.210991 0.0448688 0.193281 0.177804 0.0280535 0.0191931 0.00538738 0.000568842 9.70375e-05 7.18882e-06 5.22286e-07 2.36139e-08 5.79092e-10 7.40822e-12 4.36574e-14
 2.56497e-27 2.59256e-27 3.6088e-26 7.07282e-20 1.73382e-14 5.13761e-10 1.84021e-06 0.000796739 0.0416984 0.263796 0.202153 0.0454754 0.204107 0.187754 0.0290968 0.0190682 0.00535879 0.000585737 0.000100777 7.01962e-06 4.5396e-07 1.71835e-08 4.29969e-10 5.19105e-12 2.57639e-14
 2.56472e-27 2.59189e-27 3.5499e-26 6.94858e-20 1.70336e-14 5.04736e-10 1.80788e-06 0.000782743 0.040966 0.259162 0.198616 0.0455677 0.207294 0.190718 0.0300276 0.0204419 0.00572787 0.0005877 9.86096e-05 7.03587e-06 4.5219e-07 1.55512e-08 3.29694e-10 3.70946e-12 1.78926e-14
 2.56434e-27 2.59087e-27 3.45938e-26 6.75761e-20 1.65655e-14 4.90865e-10 1.75819e-06 0.000761231 0.0398401 0.25204 0.193182 0.0458723 0.21343 0.196373 0.0308916 0.0209886 0.00588898 0.000618773 0.000104291 7.03722e-06 4.40812e-07 1.53716e-08 3.08358e-10 2.994e-12 1.28685e-14
 2.56472e-27 2.59186e-27 3.54503e-26 6.9383e-20 1.70084e-14 5.03989e-10 1.80521e-06 0.000781585 0.0409053 0.258779 0.198327 0.0458203 0.209419 0.192621 0.0293181 0.0183458 0.00511044 0.000486406 7.81892e-05 5.27989e-06 3.24844e-07 1.07142e-08 2.13126e-10 2.01291e-12 7.68488e-15
 2.56199e-27 2.58454e-27 2.90549e-26 5.58917e-20 1.37012e-14 4.0599e-10 1.45419e-06 0.000629608 0.0329514 0.20846 0.159923 0.0469641 0.245106 0.225751 0.0387837 0.0315762 0.00884856 0.000856975 0.000137965 8.6848e-06 5.10445e-07 1.67275e-08 3.20191e-10 2.92422e-12 1.09384e-14
#obs catch len freq
 4.98875e-42 6.92405e-34 1.16165e-26 2.35581e-20 5.77499e-15 1.71124e-10 6.12937e-07 0.00026538 0.013889 0.0878667 0.0678172 0.0398087 0.218306 0.18636 0.14376 0.143577 0.0649276 0.0263496 0.00621361 0.000814061 4.38706e-05 7.00966e-07 2.48449e-09 1.58967e-12 1.60917e-16
 5.71336e-42 7.92977e-34 1.33038e-26 2.69799e-20 6.61381e-15 1.95979e-10 7.01966e-07 0.000303927 0.0159063 0.10063 0.0776738 0.043579 0.222712 0.181254 0.143214 0.131357 0.0571194 0.0211907 0.00452423 0.000512958 2.25677e-05 2.78198e-07 7.30829e-10 3.38339e-13 2.44499e-17
 1.07957e-41 1.49838e-33 2.51384e-26 5.09802e-20 1.24972e-14 3.70314e-10 1.32641e-06 0.000574288 0.030056 0.190144 0.146074 0.0451444 0.181502 0.140758 0.113991 0.0957896 0.0398603 0.0133348 0.00251878 0.000242614 8.62961e-06 8.17796e-08 1.59129e-10 5.33273e-14 2.75295e-18
 1.11064e-41 1.5415e-33 2.58619e-26 5.24473e-20 1.28568e-14 3.80972e-10 1.36458e-06 0.000590816 0.0309209 0.195617 0.150599 0.0584194 0.238182 0.164509 0.0771275 0.0546401 0.0217142 0.0065178 0.0010735 8.58467e-05 2.42582e-06 1.75437e-08 2.52528e-11 6.13185e-15 2.26468e-19
 7.80529e-42 1.08332e-33 1.8175e-26 3.68585e-20 9.03543e-15 2.67736e-10 9.58988e-07 0.000415209 0.0217304 0.137476 0.106465 0.0647253 0.273692 0.184635 0.117268 0.0719198 0.0171189 0.00395559 0.000560137 3.65951e-05 8.05281e-07 4.38397e-09 4.64228e-12 8.16164e-16 2.15918e-20
 1.25316e-41 1.7393e-33 2.91803e-26 5.91771e-20 1.45066e-14 4.29856e-10 1.53967e-06 0.000666626 0.0348885 0.220718 0.169758 0.0528052 0.172368 0.122295 0.125886 0.0762447 0.0205402 0.00350716 0.000305817 1.51632e-05 2.55639e-07 1.03242e-09 7.95831e-13 1.00767e-16 1.90649e-21
 1.03612e-41 1.43807e-33 2.41266e-26 4.89283e-20 1.19942e-14 3.5541e-10 1.27302e-06 0.000551174 0.0288463 0.182495 0.141272 0.0736451 0.259983 0.153486 0.0861947 0.0511008 0.0188497 0.00332944 0.000237589 7.16207e-06 8.11245e-08 2.36746e-10 1.31383e-13 1.18793e-17 1.59807e-22
 1.27619e-41 1.77126e-33 2.97166e-26 6.02648e-20 1.47732e-14 4.37757e-10 1.56797e-06 0.000678879 0.0355298 0.224777 0.17337 0.0643179 0.192213 0.123805 0.116455 0.0545411 0.0119839 0.00215393 0.00016961 4.15111e-06 2.93614e-08 5.38735e-11 2.04299e-14 1.29912e-18 1.23315e-23
 1.14589e-41 1.59041e-33 2.66825e-26 5.41115e-20 1.32648e-14 3.93061e-10 1.40788e-06 0.000609563 0.0319021 0.20183 0.156516 0.0798062 0.239358 0.134374 0.0946977 0.0461648 0.0130069 0.0016342 9.71713e-05 2.30072e-06 1.32999e-08 1.60321e-11 3.75966e-15 1.54842e-19 9.9821e-25
 1.51049e-41 2.09645e-33 3.51724e-26 7.13288e-20 1.74854e-14 5.18125e-10 1.85584e-06 0.000803515 0.0420527 0.266045 0.205275 0.0694615 0.170965 0.103827 0.094309 0.0378135 0.00830627 0.00108309 5.51744e-05 9.30482e-07 4.44515e-09 4.33563e-12 7.19694e-16 1.91154e-20 7.81286e-26
 1.55059e-41 2.15212e-33 3.61062e-26 7.32227e-20 1.79497e-14 5.31882e-10 1.90511e-06 0.000824849 0.0431693 0.273113 0.211366 0.0832173 0.197293 0.0985526 0.0617285 0.0244902 0.00564939 0.000569236 2.43119e-05 3.42827e-07 1.18138e-09 8.55119e-13 1.09971e-16 2.1851e-21 6.25309e-27
 1.15003e-41 1.59616e-33 2.67789e-26 5.43071e-20 1.33127e-14 3.94481e-10 1.41297e-06 0.000611766 0.0320174 0.202571 0.158757 0.103913 0.254023 0.129389 0.0874519 0.0265221 0.00432688 0.000400942 1.42301e-05 1.53987e-07 4.14098e-10 2.19529e-13 2.00287e-17 2.89169e-22 6.13513e-28
 1.72405e-41 2.39286e-33 4.01453e-26 8.14138e-20 1.99576e-14 5.91381e-10 2.11823e-06 0.000917121 0.0479985 0.303666 0.234714 0.074626 0.13991 0.0903492 0.0806287 0.0234618 0.00349434 0.00022671 6.02277e-06 5.18342e-08 1.04118e-10 4.08163e-14 2.72562e-18 2.8038e-23 4.18577e-29
 1.39877e-41 1.9414e-33 3.25711e-26 6.60535e-20 1.61922e-14 4.79806e-10 1.71859e-06 0.000744088 0.0389426 0.246394 0.193529 0.116559 0.23445 0.0985205 0.0509811 0.016768 0.00293662 0.000170069 3.32589e-06 1.96777e-08 2.88989e-11 8.31306e-15 4.00371e-19 2.96117e-24 3.16853e-30
 1.18984e-41 1.65142e-33 2.77059e-26 5.61871e-20 1.37736e-14 4.08137e-10 1.46188e-06 0.000632943 0.0331258 0.209603 0.166166 0.118788 0.228718 0.131524 0.0905599 0.0186599 0.00209418 0.000125658 2.32854e-06 1.0443e-08 1.04211e-11 2.05447e-15 7.00454e-20 3.69702e-25 2.81278e-31
 9.46537e-42 1.31373e-33 2.20406e-26 4.46978e-20 1.09571e-14 3.2468e-10 1.16295e-06 0.000503518 0.0263522 0.166768 0.135004 0.132037 0.244359 0.154623 0.109486 0.0275323 0.00321265 0.000120151 1.6985e-06 6.79073e-09 5.38462e-12 7.49041e-16 1.72349e-20 6.18187e-26 3.26102e-32
 1.49941e-41 2.08108e-33 3.49144e-26 7.08057e-20 1.73572e-14 5.14325e-10 1.84223e-06 0.000797622 0.0417444 0.264132 0.207461 0.0987771 0.153412 0.120793 0.0874133 0.022565 0.00279163 0.000109484 1.1837e-06 3.20112e-09 1.96118e-12 2.17378e-16 3.75179e-21 9.49242e-27 3.41941e-33
 1.04792e-41 1.45445e-33 2.44014e-26 4.94856e-20 1.21308e-14 3.59458e-10 1.28752e-06 0.000557452 0.0291749 0.184678 0.153061 0.16986 0.260728 0.11825 0.0632994 0.0180449 0.00225655 8.82421e-05 9.26894e-07 2.08303e-09 8.9355e-13 6.86752e-17 8.73871e-22 1.67191e-27 4.481e-34
 1.52916e-41 2.12237e-33 3.56072e-26 7.22106e-20 1.77016e-14 5.2453e-10 1.87878e-06 0.000813448 0.0425727 0.269405 0.213681 0.1114 0.15348 0.126866 0.0691577 0.011465 0.00111475 4.25369e-05 4.18651e-07 8.50593e-10 3.07647e-13 1.79245e-17 1.59605e-22 2.1036e-28 3.97915e-35
 1.08373e-41 1.50414e-33 2.52351e-26 5.11764e-20 1.25453e-14 3.7174e-10 1.33151e-06 0.000576498 0.0301719 0.191058 0.162367 0.190387 0.247293 0.111987 0.0530422 0.0121299 0.000961504 2.38667e-05 1.92135e-07 3.41469e-10 1.05447e-13 5.08295e-18 3.58668e-23 3.55247e-29 4.81357e-36
 1.38495e-41 1.92223e-33 3.22493e-26 6.5401e-20 1.60323e-14 4.75066e-10 1.70161e-06 0.000736738 0.0385581 0.244079 0.198644 0.136067 0.172888 0.140233 0.0598657 0.00830536 0.000607042 1.42671e-05 8.03208e-08 1.01466e-10 2.4681e-14 9.62849e-19 5.44857e-24 4.2595e-30 4.46999e-37
 1.51025e-41 2.09613e-33 3.51669e-26 7.13178e-20 1.74827e-14 5.18045e-10 1.85555e-06 0.00080339 0.0420466 0.266219 0.219566 0.161442 0.173733 0.0906459 0.0383405 0.00681351 0.000382409 6.42699e-06 3.03673e-08 2.91163e-11 4.89657e-15 1.35627e-19 5.73457e-25 3.4365e-31 2.77692e-38
 1.22408e-41 1.69895e-33 2.85033e-26 5.78042e-20 1.417e-14 4.19884e-10 1.50396e-06 0.000651161 0.0340798 0.215948 0.188071 0.200535 0.211275 0.10955 0.0351652 0.00447159 0.000246997 3.76578e-06 1.28556e-08 9.10855e-12 1.16468e-15 2.33782e-20 6.8769e-26 2.86925e-32 1.65237e-39
 1.47402e-41 2.04584e-33 3.43232e-26 6.96069e-20 1.70633e-14 5.05617e-10 1.81104e-06 0.000784117 0.0410382 0.259949 0.218258 0.161717 0.168109 0.112023 0.0343212 0.00365354 0.000144043 1.739e-06 5.08365e-09 2.77346e-12 2.53221e-16 3.65781e-21 7.85852e-27 2.36982e-33 9.65289e-41
 1.45232e-41 2.01572e-33 3.38179e-26 6.8582e-20 1.68121e-14 4.98172e-10 1.78437e-06 0.000772571 0.0404345 0.256299 0.222568 0.193958 0.173414 0.0846313 0.0250129 0.00281208 9.4138e-05 8.2377e-07 1.72966e-09 7.27521e-13 5.16536e-17 5.53466e-22 8.48151e-28 1.80817e-34 5.24507e-42
 1.28654e-41 1.78563e-33 2.99577e-26 6.07536e-20 1.4893e-14 4.41308e-10 1.58069e-06 0.000684386 0.0358198 0.227296 0.20691 0.215162 0.192593 0.0972824 0.0223009 0.00189229 5.73182e-05 4.36706e-07 6.87817e-10 2.02414e-13 1.02098e-17 8.05414e-23 9.21003e-29 1.44861e-35 3.03615e-43
 1.16343e-41 1.61476e-33 2.7091e-26 5.494e-20 1.34679e-14 3.99078e-10 1.42943e-06 0.000618897 0.032393 0.205807 0.195392 0.223388 0.204768 0.111639 0.0241906 0.00176229 3.92693e-05 2.31071e-07 2.97302e-10 6.79249e-14 2.47385e-18 1.36032e-23 1.08567e-29 1.21256e-36 1.83471e-44
 1.14495e-41 1.58912e-33 2.66607e-26 5.40674e-20 1.3254e-14 3.9274e-10 1.40673e-06 0.000609066 0.0318785 0.202515 0.191305 0.216233 0.209038 0.119502 0.0268808 0.00199702 4.07592e-05 1.96312e-07 1.99791e-10 3.76432e-14 1.15972e-18 5.31188e-24 3.42177e-30 3.00805e-37 3.54203e-45
 1.35226e-41 1.87685e-33 3.1488e-26 6.3857e-20 1.56538e-14 4.63851e-10 1.66144e-06 0.000719346 0.0376498 0.238923 0.214684 0.193934 0.182348 0.105103 0.0246828 0.0019139 4.01869e-05 1.89121e-07 1.73313e-10 2.7776e-14 7.21362e-19 2.84347e-24 1.60939e-30 1.25163e-37 1.29592e-45
#spawning biomass
 13356.4 12261 16169 22569.3 28531.8 33535.2 39402.9 46628.7 57121.6 74243.3 89183.9 104098 137795 167656 163737 148091 138955 125882 136489 119769 124392 143020 149909 153444 171889 175946 165407 137044 145042 312935 405960 415202 371156 310893 252978 204700 167576 140479 121398 108302 99480.4 93620.4 89758.5 87222.6 85571.6 84525 83861.7 83441.2 83174.7 83005.8 82898.7 82830.8 82787.8 82760.5 82743.2 82732.3 82725.3 82720.9 82718.2 82716.4 82715.3 82714.6 82714.1 82713.8 82713.6 82713.5 82713.4 82713.4 82713.4 82713.4 82713.3 82713.3 82713.3 82713.3 82713.3 82713.3 82713.3 82713.3 82713.3 82713.3 82713.3 82713.3 82713.3 82713.3 82713.3 82713.3 82713.3 82713.3 82713.3 82713.3 82713.3 82713.3 82713.3 82713.3 82713.3 82713.3 82713.3 82713.3 82713.3 82713.3 82713.3 82713.3 82713.3 82713.3 82713.3 82713.3 82713.3 82713.3 82713.3 82713.3 82713.3 82713.3 82713.3 82713.3 82713.3 82713.3 82713.3 82713.3 82713.3 82713.3 82713.3 82713.3 82713.3 82713.3 82713.3 82713.3 82713.3 82713.3 82713.3 0 0 0 0 0 0 0 0 0 0 0 0 0 0 0 0 0 0 0 0 0 0 0 0 0
