SBPRF35
0.225015
Curr Bio
308458
B35
415016
F35
0.404023
FOFL
0.260872
OFL
81664.6
Bzero
64290
#pred survey bio
 64381.2 59532.9 52588.3 48771.7 77830.1 128515 177012 227225 278698 348703 425095 404258 429178 409238 411894 394331 385449 372549 399217 427472 422626 433817 469352 467247 502108 526533 512288 479539 1.56095e+07 8.42791e+06 5.76884e+06 3.63422e+06 2.28771e+06 1.52757e+06 1.12118e+06 908623 797490 738536 706490 688545 678183 672025 668273 665936 664469 663537 662939 662553 662303 662140 662034 661965 661920 661891 661871 661859 661850 661845 661842 661839 661838 661837 661836 661836 661835 661835 661835 661835 661835 661835 661835 661835 661835 661835 661835 661835 661835 661835 661835 661835 661835 661835 661835 661835 661835 661835 661835 661835 661835 661835 661835 661835 661835 661835 661835 661835 661835 661835 661835 661835 661835 661835 661835 661835 661835 661835 661835 661835 661835 661835 661835 661835 661835 661835 661835 661835 661835 661835 661835 661835 661835 661835 661835 661835 661835 661835 661835 661835 0 0 0 0 0 0 0 0 0 0 0 0 0 0 0 0 0 0 0 0 0 0 0 0 0
#obs survey bio
 67527.5 65925.7 49368.4 70699.9 66643.9 146878 211696 243328 236940 293936 511462 407769 296230 389195 511358 396075 376608 434449 358828 418654 490956 324252 487964 402089 504822 435194 663560 438383
#pred catch bio
 19276 15286.9 13490.8 8981.5 17014.5 25673.7 48126.4 58952.9 77877.7 107583 148960 155090 208887 187910 185885 215058 211303 187764 164578 196986 177577 186583 208658 171389 171778 227906 173443 186274 81664.6 107427 70755.2 42601.2 25576.6 16457.1 11905.9 9732.73 8724.3 8265.18 8058.82 7966.87 7926.15 7908.19 7900.29 7896.82 7895.3 7894.64 7894.35 7894.22 7894.17 7894.14 7894.13 7894.13 7894.13 7894.13 7894.13 7894.13 7894.13 7894.13 7894.13 7894.13 7894.13 7894.13 7894.13 7894.13 7894.13 7894.13 7894.13 7894.13 7894.13 7894.13 7894.13 7894.13 7894.13 7894.13 7894.13 7894.13 7894.13 7894.13 7894.13 7894.13 7894.13 7894.13 7894.13 7894.13 7894.13 7894.13 7894.13 7894.13 7894.13 7894.13 7894.13 7894.13 7894.13 7894.13 7894.13 7894.13 7894.13 7894.13 7894.13 7894.13 7894.13 7894.13 7894.13 7894.13 7894.13 7894.13 7894.13 7894.13 7894.13 7894.13 7894.13 7894.13 7894.13 7894.13 7894.13 7894.13 7894.13 7894.13 7894.13 7894.13 7894.13 7894.13 7894.13 7894.13 7894.13 7894.13 7894.13 7894.13 0 0 0 0 0 0 0 0 0 0 0 0 0 0 0 0 0 0 0 0 0 0 0 0 0
#obs catch bio
 14710.6 15307 13777.5 8832.97 17222 25219.6 48778.6 58547.6 77858.6 108278 147726 154096 213961 188211 180008 224902 212005 193690 160404 200050 174918 187733 211662 170105 168844 236379 169884 187386
#pred cpue bio
 63410.4 59106.9 52453.4 47988 74520.4 123942 170309 218854 268909 337021 410732 390179 413303 394336 396486 379211 371625 359122 385125 413433 407291 417304 452317 450874 483630 507959 494098 462155 1.49999e+07 8.42395e+06 5.75524e+06 3.62027e+06 2.27376e+06 1.51362e+06 1.10723e+06 894669 783536 724582 692536 674592 664229 658071 654319 651983 650516 649583 648985 648599 648349 648187 648081 648012 647966 647937 647918 647905 647897 647891 647888 647886 647884 647883 647882 647882 647882 647882 647881 647881 647881 647881 647881 647881 647881 647881 647881 647881 647881 647881 647881 647881 647881 647881 647881 647881 647881 647881 647881 647881 647881 647881 647881 647881 647881 647881 647881 647881 647881 647881 647881 647881 647881 647881 647881 647881 647881 647881 647881 647881 647881 647881 647881 647881 647881 647881 647881 647881 647881 647881 647881 647881 647881 647881 647881 647881 647881 647881 647881 647881 0 0 0 0 0 0 0 0 0 0 0 0 0 0 0 0 0 0 0 0 0 0 0 0 0
#obs cpue bio
 58407.6 50060.7 38478.6 42667.7 81460.6 138758 124957 220110 298373 366865 426382 355698 548061 409062 412188 258237 420727 244876 543595 370416 400304 498124 425444 542408 531081 483329 463813 472973
#pred surv len freq
 2.47741e-11 1.16526e-09 3.79516e-08 8.55904e-07 1.33662e-05 0.000144537 0.0010823 0.00561246 0.020162 0.0502414 0.0872916 0.107864 0.101623 0.087247 0.0828059 0.0824304 0.0759172 0.0654016 0.0554524 0.046497 0.0386163 0.03225 0.0265697 0.0200752 0.0127012
 1.42983e-11 6.72524e-10 2.19037e-08 4.93983e-07 7.71429e-06 8.34205e-05 0.000624688 0.00324003 0.011648 0.0291107 0.0511601 0.0659567 0.0708796 0.0786373 0.094447 0.104855 0.100775 0.0891117 0.0769225 0.0645816 0.052154 0.0408174 0.0307948 0.0214255 0.0127671
 6.66126e-12 3.13314e-10 1.02044e-08 2.30136e-07 3.59392e-06 3.88642e-05 0.000291044 0.00150978 0.00543122 0.0136085 0.0241536 0.0322589 0.0382081 0.049413 0.068297 0.087782 0.102923 0.11292 0.113879 0.103428 0.0856321 0.0658809 0.0470732 0.0304009 0.0168666
 2.88863e-11 1.35867e-09 4.42512e-08 9.97973e-07 1.55848e-05 0.000168527 0.0012619 0.00654305 0.0234941 0.0584368 0.100795 0.121097 0.103146 0.066732 0.0409318 0.0341584 0.0402936 0.0526683 0.0653608 0.0724182 0.0700648 0.0587982 0.0427749 0.0267753 0.0140651
 4.4816e-11 2.10793e-09 6.86539e-08 1.54832e-06 2.41792e-05 0.000261463 0.0019578 0.0101514 0.0364512 0.0906737 0.156456 0.188225 0.161031 0.10497 0.0621565 0.0403979 0.0276106 0.0188321 0.015567 0.0168912 0.0190368 0.0187456 0.0152407 0.0100386 0.00528039
 3.77119e-11 1.77379e-09 5.77711e-08 1.30288e-06 2.03464e-05 0.000220018 0.00164749 0.00854292 0.0306835 0.0764031 0.132357 0.161715 0.146433 0.113258 0.0919667 0.0784484 0.0589304 0.0364396 0.0200801 0.0117634 0.00872499 0.00785468 0.00684226 0.00492207 0.00274614
 3.91282e-11 1.8404e-09 5.99408e-08 1.35181e-06 2.11105e-05 0.00022828 0.00170935 0.00886349 0.0318319 0.0792336 0.137062 0.166533 0.147852 0.10845 0.082011 0.0691984 0.0567522 0.042179 0.0286564 0.0175334 0.00967253 0.00535703 0.00337463 0.00221888 0.00126059
 3.83832e-11 1.80536e-09 5.87994e-08 1.32607e-06 2.07086e-05 0.000223934 0.00167681 0.00869481 0.0312271 0.0777379 0.134541 0.163781 0.146398 0.109415 0.084966 0.0721495 0.0578253 0.0416219 0.0284292 0.0187255 0.0113425 0.00611684 0.003009 0.0014335 0.000662661
 3.74077e-11 1.75948e-09 5.73051e-08 1.29237e-06 2.01823e-05 0.000218243 0.00163419 0.0084739 0.0304343 0.07577 0.131175 0.159873 0.143519 0.108596 0.0860992 0.0744859 0.060629 0.0442976 0.0304869 0.0200598 0.0122386 0.00674416 0.00329637 0.00141337 0.000533269
 3.65251e-11 1.71797e-09 5.5953e-08 1.26188e-06 1.97061e-05 0.000213094 0.00159564 0.00827401 0.0297169 0.0739886 0.128123 0.156305 0.140809 0.107602 0.086684 0.0760213 0.0626253 0.0465114 0.0326763 0.0219137 0.013558 0.00754155 0.00370015 0.00156357 0.000556388
 3.68336e-11 1.73248e-09 5.64256e-08 1.27254e-06 1.98725e-05 0.000214893 0.00160911 0.00834384 0.0299672 0.0746075 0.129165 0.157432 0.141364 0.107069 0.0851413 0.0741696 0.0612619 0.0459648 0.0327996 0.0224052 0.0141424 0.0080226 0.00399765 0.00170121 0.000600692
 3.74405e-11 1.76102e-09 5.73553e-08 1.2935e-06 2.01999e-05 0.000218434 0.00163562 0.00848129 0.0304606 0.0758325 0.131264 0.159886 0.14323 0.107747 0.0846887 0.0729461 0.0595638 0.0440649 0.0310859 0.0212171 0.0135351 0.00781499 0.00397206 0.00172045 0.000614681
 3.86361e-11 1.81726e-09 5.91869e-08 1.33481e-06 2.0845e-05 0.000225409 0.00168785 0.00875205 0.0314322 0.0782437 0.135385 0.164656 0.146696 0.108632 0.0832113 0.0702349 0.0566337 0.0413472 0.0286933 0.0192708 0.0121543 0.00699772 0.00358122 0.00157263 0.000570837
 3.80707e-11 1.79066e-09 5.83208e-08 1.31528e-06 2.054e-05 0.000222111 0.00166316 0.00862406 0.0309734 0.0771101 0.133481 0.162612 0.145744 0.109745 0.0861979 0.0736521 0.0588701 0.0418768 0.0280835 0.0183003 0.01128 0.00638213 0.00323064 0.00141466 0.000515895
 3.86778e-11 1.81922e-09 5.92507e-08 1.33625e-06 2.08675e-05 0.000225652 0.00168967 0.00876151 0.0314664 0.0783308 0.135549 0.16492 0.147137 0.109391 0.0843027 0.0713704 0.0573789 0.0414351 0.0281129 0.0182176 0.0109713 0.00602074 0.00296527 0.00127353 0.000459415
 3.91532e-11 1.84158e-09 5.9979e-08 1.35268e-06 2.1124e-05 0.000228426 0.00171044 0.00886918 0.0318529 0.0792905 0.137193 0.166844 0.148604 0.109934 0.0839653 0.070429 0.0560746 0.0400159 0.026902 0.0174192 0.0105219 0.00575205 0.00278849 0.00116976 0.000412235
 3.75888e-11 1.768e-09 5.75825e-08 1.29863e-06 2.028e-05 0.000219299 0.00164211 0.00851495 0.0305821 0.0761416 0.131843 0.160801 0.144712 0.110211 0.0880612 0.0760414 0.060818 0.0429539 0.0283724 0.0180554 0.0107693 0.00584298 0.00281737 0.00117236 0.000407611
 3.78433e-11 1.77997e-09 5.79724e-08 1.30742e-06 2.04173e-05 0.000220784 0.00165322 0.00857254 0.0307884 0.0766493 0.132683 0.161639 0.144876 0.109135 0.0859094 0.0738994 0.0598962 0.043487 0.0295825 0.0190931 0.0113413 0.00607036 0.00288551 0.0011871 0.000408842
 3.74396e-11 1.76098e-09 5.7354e-08 1.29348e-06 2.01995e-05 0.000218429 0.00163559 0.00848114 0.0304604 0.075836 0.131297 0.160052 0.14378 0.108991 0.0865985 0.0748765 0.0606681 0.0439919 0.0300743 0.0197159 0.0119665 0.00651504 0.00311302 0.00127363 0.000434054
 3.60077e-11 1.69363e-09 5.51605e-08 1.24401e-06 1.9427e-05 0.000210075 0.00157304 0.00815686 0.0292967 0.0729484 0.126362 0.154345 0.139648 0.107978 0.0884685 0.0782939 0.0643925 0.0473917 0.0328734 0.0217815 0.0133441 0.00735751 0.00357012 0.00147976 0.00050748
 3.82983e-11 1.80137e-09 5.86694e-08 1.32314e-06 2.06628e-05 0.000223439 0.0016731 0.00867554 0.0311575 0.0775598 0.134202 0.163221 0.145433 0.107761 0.0827469 0.0703153 0.0574975 0.0429149 0.0304291 0.0205934 0.0128441 0.00719147 0.00353817 0.00148604 0.000515964
 3.91325e-11 1.84061e-09 5.99474e-08 1.35196e-06 2.11129e-05 0.000228306 0.00170954 0.0088645 0.0318359 0.0792472 0.137111 0.166708 0.148365 0.109507 0.0833258 0.06971 0.0555018 0.0397828 0.0271174 0.0180449 0.0113332 0.00646438 0.00324495 0.00138717 0.000488888
 3.79473e-11 1.78486e-09 5.81317e-08 1.31101e-06 2.04734e-05 0.000221391 0.00165777 0.00859611 0.0308732 0.0768619 0.133061 0.162146 0.145473 0.109856 0.0866803 0.0743203 0.0594968 0.042298 0.0282163 0.0181722 0.011029 0.00614835 0.00307153 0.00132543 0.000474393
 3.72753e-11 1.75325e-09 5.71022e-08 1.2878e-06 2.01108e-05 0.00021747 0.00162841 0.00844391 0.0303268 0.0755046 0.13073 0.159399 0.143313 0.108897 0.0868756 0.075408 0.061314 0.0445772 0.0304048 0.0197392 0.0118442 0.00643745 0.00312662 0.00132219 0.000469591
 3.84774e-11 1.80979e-09 5.89438e-08 1.32933e-06 2.07594e-05 0.000224483 0.00168092 0.00871611 0.0313032 0.0779232 0.134835 0.164009 0.146192 0.10843 0.0833358 0.0706898 0.057428 0.0423446 0.0295501 0.0196649 0.0120457 0.00661406 0.00319783 0.00133033 0.000463163
 3.74743e-11 1.76261e-09 5.74071e-08 1.29467e-06 2.02182e-05 0.000218631 0.0016371 0.00848898 0.0304886 0.0759058 0.131415 0.160187 0.143868 0.108978 0.0864613 0.0746 0.06026 0.0435508 0.0297948 0.0197379 0.0122398 0.00685878 0.00337728 0.00141817 0.000493059
 3.76574e-11 1.77122e-09 5.76876e-08 1.301e-06 2.0317e-05 0.000219699 0.0016451 0.00853043 0.0306371 0.0762728 0.132031 0.160844 0.144163 0.108598 0.0855081 0.073627 0.0598395 0.0437323 0.0301447 0.0198928 0.0122042 0.00679624 0.00336125 0.00142845 0.000502853
 3.81375e-11 1.7938e-09 5.84231e-08 1.31759e-06 2.0576e-05 0.0002225 0.00166607 0.00863915 0.0310272 0.0772395 0.133675 0.162709 0.145389 0.108581 0.0843375 0.071947 0.0583254 0.0427052 0.029605 0.0196953 0.0121629 0.00678397 0.00334681 0.00141993 0.000501204
#obs surv len freq
 2.45952e-11 1.15684e-09 3.76775e-08 8.49722e-07 1.32696e-05 0.000143493 0.00107448 0.00557191 0.0200162 0.0498762 0.0866453 0.107013 0.100661 0.0861589 0.0817443 0.0821081 0.0773037 0.068864 0.0603942 0.0516784 0.042413 0.0329474 0.023445 0.0145172 0.00741038
 5.56633e-12 2.61813e-10 8.5271e-09 1.92308e-07 3.00321e-06 3.24774e-05 0.000243246 0.00126247 0.00455069 0.011492 0.0210067 0.0308521 0.0446801 0.070124 0.101907 0.120729 0.118753 0.10701 0.0947709 0.0820282 0.0676971 0.0522991 0.0367382 0.0224576 0.011363
 1.6535e-14 7.77747e-13 2.5333e-11 5.71528e-10 8.93793e-09 9.71967e-08 7.44036e-07 4.19249e-06 1.98315e-05 9.66478e-05 0.000492809 0.0021666 0.00725565 0.0183011 0.0368174 0.0640486 0.0994464 0.133127 0.149252 0.142918 0.122214 0.0955086 0.0671209 0.0407682 0.0204424
 5.27454e-11 2.48089e-09 8.08009e-08 1.82227e-06 2.84573e-05 0.000307723 0.00230417 0.0119469 0.0428924 0.106633 0.183565 0.218816 0.180627 0.10332 0.0412537 0.0125228 0.00555816 0.00736995 0.0118439 0.0159003 0.017324 0.015503 0.0115494 0.00714364 0.00358743
 3.32552e-11 1.56416e-09 5.09438e-08 1.14891e-06 1.79419e-05 0.000194018 0.00145282 0.00753394 0.0270661 0.0674589 0.117296 0.145348 0.138098 0.12008 0.112218 0.101217 0.0725209 0.0380588 0.0156206 0.00770563 0.00708905 0.00753052 0.00660222 0.00451158 0.00237905
 4.12573e-11 1.94054e-09 6.32022e-08 1.42537e-06 2.22592e-05 0.000240701 0.00180235 0.00934553 0.0335607 0.0835112 0.14429 0.174509 0.15235 0.106375 0.0742412 0.0604707 0.0518655 0.0418002 0.0297642 0.0175562 0.00859571 0.00422956 0.002651 0.00179931 0.00101789
 3.74392e-11 1.76096e-09 5.73533e-08 1.29346e-06 2.01993e-05 0.000218427 0.00163557 0.00848109 0.030461 0.0758429 0.131347 0.160295 0.144568 0.110698 0.0889533 0.0765351 0.0602633 0.0418299 0.027905 0.0186153 0.0115233 0.00613796 0.0028451 0.00126223 0.000561415
 3.90454e-11 1.83651e-09 5.98139e-08 1.34895e-06 2.10659e-05 0.000227797 0.00170573 0.00884473 0.0317648 0.0790666 0.136777 0.166204 0.147611 0.108362 0.0819748 0.068983 0.0562554 0.0417725 0.0290581 0.0189936 0.0114132 0.00622491 0.00301662 0.00126458 0.00045735
 3.55629e-11 1.67271e-09 5.44789e-08 1.22864e-06 1.9187e-05 0.00020748 0.00155361 0.00805615 0.0289358 0.0720557 0.124859 0.152713 0.138821 0.108663 0.0904718 0.0804847 0.0655937 0.0474112 0.0324162 0.0214802 0.0132788 0.00737192 0.00358751 0.001496 0.000522527
 3.67967e-11 1.73074e-09 5.63691e-08 1.27127e-06 1.98526e-05 0.000214678 0.0016075 0.00833547 0.0299371 0.07453 0.129016 0.157183 0.140929 0.10633 0.0842016 0.073557 0.0615448 0.0470644 0.0339889 0.0230867 0.0143136 0.00797547 0.00392746 0.00165761 0.000579801
 3.65995e-11 1.72147e-09 5.6067e-08 1.26445e-06 1.97462e-05 0.000213528 0.00159889 0.00829085 0.0297774 0.0741378 0.128374 0.156574 0.140929 0.107424 0.0861534 0.0751876 0.0616344 0.045676 0.0324053 0.022345 0.0143738 0.00829528 0.00417553 0.00178407 0.000629257
 3.83569e-11 1.80412e-09 5.87591e-08 1.32517e-06 2.06944e-05 0.000223781 0.00167566 0.00868881 0.0312052 0.0776783 0.134406 0.163464 0.145634 0.107867 0.0827369 0.0701449 0.0571111 0.0423564 0.029898 0.0203266 0.0129246 0.00749077 0.00384893 0.00168823 0.000608851
 3.90124e-11 1.83495e-09 5.97632e-08 1.34781e-06 2.1048e-05 0.000227605 0.00170429 0.00883729 0.0317384 0.0790053 0.136699 0.166243 0.148063 0.109522 0.083636 0.0701455 0.0558793 0.0400067 0.0271813 0.0180061 0.0112875 0.00648131 0.0033167 0.00146199 0.000534526
 3.67174e-11 1.72701e-09 5.62476e-08 1.26853e-06 1.98099e-05 0.000214216 0.00160404 0.00831761 0.029874 0.0743837 0.128835 0.157305 0.142124 0.10943 0.0889442 0.0778574 0.0629174 0.0449923 0.0301504 0.0194503 0.0117872 0.00655791 0.00328238 0.00143018 0.000521438
 4.07284e-11 1.91567e-09 6.23921e-08 1.4071e-06 2.19739e-05 0.000237616 0.00177925 0.00922586 0.0331322 0.0824579 0.142557 0.172821 0.152168 0.108877 0.0787355 0.0639057 0.0512851 0.0379078 0.0265048 0.0175305 0.0106208 0.00579437 0.00281726 0.00119309 0.000425813
 3.80436e-11 1.78939e-09 5.82792e-08 1.31434e-06 2.05253e-05 0.000221953 0.00166197 0.00861796 0.0309521 0.077061 0.133425 0.162684 0.146251 0.11102 0.0881253 0.0753699 0.0593741 0.0410208 0.0266257 0.017008 0.0103745 0.00576644 0.00282267 0.00118319 0.000413699
 3.64875e-11 1.7162e-09 5.58954e-08 1.26058e-06 1.96858e-05 0.000212875 0.001594 0.00826553 0.0296869 0.0739175 0.128026 0.156307 0.141196 0.108701 0.0884901 0.0779656 0.0639076 0.0466565 0.0317126 0.0202872 0.0119187 0.00636085 0.00305193 0.00127562 0.000445864
 3.89444e-11 1.83176e-09 5.96592e-08 1.34547e-06 2.10114e-05 0.000227208 0.00170132 0.00882187 0.0316827 0.0788628 0.136428 0.165795 0.147295 0.108219 0.0819317 0.0688772 0.0560353 0.0416698 0.0293833 0.0196733 0.0120271 0.00653411 0.00310743 0.00126997 0.000435069
 3.54375e-11 1.66681e-09 5.42869e-08 1.22431e-06 1.91193e-05 0.000206749 0.00154813 0.00802777 0.0288341 0.071805 0.124442 0.152282 0.138682 0.109067 0.0913549 0.0814059 0.0660472 0.0472552 0.0319276 0.0210414 0.0130759 0.00734799 0.00361063 0.00150338 0.000515887
 3.67582e-11 1.72893e-09 5.631e-08 1.26993e-06 1.98318e-05 0.000214453 0.00160582 0.00832674 0.0299058 0.0744529 0.128888 0.157052 0.140892 0.106472 0.0845212 0.0739446 0.0618554 0.0471994 0.0339179 0.0228588 0.0140501 0.007787 0.0038377 0.00162725 0.000570634
 3.96389e-11 1.86442e-09 6.0723e-08 1.36946e-06 2.13861e-05 0.00023126 0.00173166 0.00897913 0.032247 0.0802628 0.138818 0.168547 0.149243 0.108563 0.0807197 0.066686 0.0534694 0.0392594 0.0276756 0.0189767 0.0121342 0.00695472 0.00347793 0.00147979 0.000521315
 3.87831e-11 1.82417e-09 5.94121e-08 1.33989e-06 2.09243e-05 0.000226267 0.00169428 0.0087854 0.0315526 0.0785474 0.13594 0.165471 0.147865 0.110391 0.0854646 0.0720896 0.0569623 0.0399285 0.026381 0.0170905 0.010599 0.00606697 0.00309208 0.0013473 0.000483319
 3.67003e-11 1.72621e-09 5.62214e-08 1.26793e-06 1.98006e-05 0.000214116 0.00160329 0.00831373 0.02986 0.0743483 0.128771 0.15721 0.14199 0.10924 0.088747 0.0778237 0.0632131 0.0455341 0.0306101 0.0195815 0.0116398 0.00633439 0.00311663 0.00134266 0.000484798
 3.74278e-11 1.76042e-09 5.73359e-08 1.29307e-06 2.01931e-05 0.00021836 0.00163507 0.00847842 0.0304504 0.0758069 0.131219 0.159834 0.143192 0.107759 0.0848342 0.0733814 0.0603866 0.0450521 0.031703 0.0210856 0.0127983 0.00694283 0.00332945 0.00138523 0.000486207
 3.94029e-11 1.85332e-09 6.03615e-08 1.3613e-06 2.12587e-05 0.000229883 0.00172135 0.00892569 0.0320554 0.0797887 0.138017 0.167666 0.14876 0.108847 0.0817318 0.0679958 0.0545721 0.0398767 0.0277778 0.0187001 0.0117077 0.00657347 0.0032223 0.00134353 0.000464734
 3.52819e-11 1.65949e-09 5.40486e-08 1.21893e-06 1.90354e-05 0.000205841 0.00154134 0.00799255 0.0287079 0.0714933 0.12392 0.151728 0.138449 0.109442 0.0922953 0.0824969 0.0667946 0.0474313 0.0316246 0.0205246 0.0126261 0.00711023 0.00354995 0.00151423 0.000532401
 3.92978e-11 1.84838e-09 6.02005e-08 1.35767e-06 2.1202e-05 0.00022927 0.00171676 0.00890186 0.0319694 0.0795708 0.137614 0.167055 0.147833 0.107411 0.0799551 0.0668001 0.0549842 0.041804 0.0299713 0.0200833 0.0122201 0.00669514 0.00327665 0.00139248 0.000493925
 3.71352e-11 1.74666e-09 5.68876e-08 1.28296e-06 2.00353e-05 0.000216653 0.00162229 0.00841222 0.0302136 0.0752265 0.130277 0.158978 0.14335 0.109746 0.0883356 0.0765354 0.0611532 0.043253 0.0290607 0.0192594 0.0121109 0.00687543 0.00340862 0.00143925 0.000505103
#pred catch len freq
 2.38807e-11 1.12324e-09 3.65831e-08 8.2504e-07 1.28842e-05 0.000139325 0.00104328 0.00541015 0.019436 0.0484397 0.0842124 0.1043 0.0990325 0.0865777 0.0838791 0.084365 0.0779109 0.0671254 0.0568907 0.04769 0.0396026 0.0330725 0.027247 0.0205869 0.0130249
 1.35719e-11 6.38356e-10 2.07909e-08 4.68886e-07 7.32237e-06 7.91825e-05 0.000592955 0.00307552 0.0110576 0.0276457 0.0486567 0.0630608 0.0687803 0.0781106 0.0953493 0.106467 0.10244 0.0905605 0.0781384 0.0655854 0.0529592 0.0414461 0.0312687 0.0217553 0.0129636
 6.27058e-12 2.94938e-10 9.60596e-09 2.16639e-07 3.38315e-06 3.6585e-05 0.000273978 0.00142131 0.00511366 0.01282 0.0228029 0.0306807 0.0370114 0.0489785 0.0685549 0.0884324 0.103722 0.113756 0.11469 0.10415 0.086225 0.0663356 0.0473977 0.0306103 0.0169828
 2.77917e-11 1.30719e-09 4.25743e-08 9.60157e-07 1.49942e-05 0.000162141 0.00121409 0.00629513 0.0226041 0.0562253 0.0969958 0.116605 0.0995637 0.0649876 0.0408028 0.034998 0.0417231 0.0546174 0.0677791 0.0750928 0.0726506 0.0609675 0.0443529 0.0277629 0.014584
 4.40655e-11 2.07263e-09 6.75042e-08 1.52239e-06 2.37743e-05 0.000257084 0.00192501 0.0099814 0.0358414 0.0891605 0.153872 0.185242 0.158891 0.104481 0.063133 0.0419895 0.0290376 0.0198678 0.0164226 0.0178126 0.0200728 0.0197653 0.0160697 0.0105846 0.00556759
 3.67348e-11 1.72783e-09 5.62743e-08 1.26913e-06 1.98192e-05 0.000214317 0.00160481 0.00832167 0.0298897 0.0744355 0.12901 0.157914 0.143916 0.113236 0.0942163 0.0816108 0.0616281 0.0381495 0.0210174 0.0123056 0.00912379 0.00821277 0.00715405 0.00514634 0.00287127
 3.83074e-11 1.8018e-09 5.86833e-08 1.32345e-06 2.06677e-05 0.000223492 0.00167349 0.00867761 0.031165 0.0775798 0.134244 0.163312 0.145645 0.108231 0.0836224 0.0716605 0.0590889 0.0439547 0.0298545 0.0182605 0.0100718 0.00557765 0.00351347 0.00231015 0.00131244
 3.75268e-11 1.76508e-09 5.74876e-08 1.29649e-06 2.02465e-05 0.000218938 0.0016394 0.00850089 0.0305314 0.0760128 0.131603 0.160427 0.14412 0.109236 0.0867113 0.0747499 0.0602202 0.0433834 0.0296227 0.0195041 0.0118118 0.00636946 0.00313318 0.00149265 0.00069
 3.65596e-11 1.71959e-09 5.60059e-08 1.26307e-06 1.97247e-05 0.000213295 0.00159715 0.00828184 0.0297453 0.0740615 0.128265 0.156548 0.141253 0.108397 0.0877973 0.0770395 0.0630047 0.0460669 0.0316936 0.020846 0.0127158 0.00700663 0.00342456 0.00146832 0.000554
 3.57136e-11 1.6798e-09 5.47098e-08 1.23384e-06 1.92682e-05 0.000208359 0.00156019 0.00809023 0.0290575 0.0723535 0.125337 0.15312 0.138628 0.107387 0.0882706 0.0784283 0.0648826 0.0482158 0.033861 0.0226998 0.0140418 0.00781012 0.00383182 0.00161919 0.00057618
 3.61336e-11 1.69955e-09 5.53533e-08 1.24835e-06 1.94949e-05 0.00021081 0.00157854 0.00818533 0.0293985 0.0731971 0.126761 0.154683 0.139476 0.106867 0.0864852 0.0762207 0.0631945 0.0474361 0.0338355 0.0231042 0.014581 0.00827083 0.00412124 0.00175379 0.000619256
 3.67981e-11 1.73081e-09 5.63712e-08 1.27131e-06 1.98534e-05 0.000214686 0.00160756 0.00833582 0.0299386 0.0745383 0.129058 0.157366 0.141505 0.107577 0.0859449 0.0748465 0.0613373 0.045396 0.032011 0.0218399 0.0139297 0.00804229 0.00408749 0.00177043 0.000632537
 3.82056e-11 1.79701e-09 5.85274e-08 1.31994e-06 2.06127e-05 0.000222898 0.00166905 0.00865457 0.0310825 0.0773765 0.133907 0.162969 0.145548 0.108538 0.0840816 0.0715351 0.0578328 0.0422295 0.0292906 0.0196635 0.0123994 0.00713829 0.00365306 0.00160417 0.000582282
 3.75789e-11 1.76753e-09 5.75673e-08 1.29829e-06 2.02746e-05 0.000219241 0.00164167 0.00851269 0.0305738 0.0761193 0.131794 0.160688 0.144445 0.109664 0.0872316 0.0751741 0.0602544 0.0428715 0.0287362 0.0187171 0.0115344 0.00652549 0.00330311 0.00144638 0.000527461
 3.81923e-11 1.79638e-09 5.85071e-08 1.31948e-06 2.06056e-05 0.00022282 0.00166847 0.00865159 0.031072 0.0773529 0.133883 0.16302 0.145849 0.109298 0.0853065 0.0728613 0.0587495 0.0424358 0.0287781 0.0186406 0.0112236 0.00615872 0.00303314 0.00130266 0.000469923
 3.8824e-11 1.8261e-09 5.94748e-08 1.3413e-06 2.09464e-05 0.000226506 0.00169606 0.00879465 0.0315855 0.0786275 0.136065 0.165558 0.147738 0.109886 0.0846672 0.0714579 0.0570073 0.0406822 0.0273347 0.0176911 0.0106837 0.00584 0.00283104 0.0011876 0.000418519
 3.72503e-11 1.75208e-09 5.7064e-08 1.28694e-06 2.00974e-05 0.000217325 0.00162732 0.0084383 0.0303071 0.0754599 0.130683 0.159479 0.143825 0.110172 0.0887988 0.0771142 0.0617829 0.0436334 0.0288048 0.0183218 0.0109255 0.00592718 0.00285788 0.0011892 0.000413465
 3.74078e-11 1.75948e-09 5.73053e-08 1.29238e-06 2.01823e-05 0.000218243 0.0016342 0.00847393 0.0304346 0.0757721 0.131189 0.159935 0.143722 0.109054 0.0868142 0.075242 0.0611305 0.044388 0.03018 0.0194703 0.0115629 0.00618843 0.00294155 0.00121014 0.000416775
 3.68342e-11 1.73251e-09 5.64266e-08 1.27256e-06 1.98729e-05 0.000214897 0.00160915 0.00834405 0.0299686 0.0746165 0.129219 0.157682 0.142171 0.108867 0.0878382 0.0767235 0.0623705 0.0452424 0.0309152 0.0202587 0.0122935 0.00669251 0.00319774 0.00130828 0.000445859
 3.54924e-11 1.66939e-09 5.43711e-08 1.2262e-06 1.91489e-05 0.000207069 0.00155053 0.00804017 0.0288781 0.0719103 0.124594 0.152326 0.138274 0.107865 0.0895109 0.0798544 0.0658377 0.0484609 0.0335982 0.0222524 0.0136298 0.00751447 0.00364618 0.00151127 0.000518285
 3.77409e-11 1.77515e-09 5.78156e-08 1.30388e-06 2.0362e-05 0.000220187 0.00164875 0.00854932 0.0307046 0.0764368 0.132288 0.161033 0.143934 0.10761 0.0838323 0.071964 0.0590449 0.0440852 0.031245 0.0211374 0.0131809 0.00737952 0.00363059 0.00152484 0.000529435
 3.85919e-11 1.81518e-09 5.91192e-08 1.33329e-06 2.08212e-05 0.000225152 0.00168593 0.00874208 0.0313967 0.0781582 0.135256 0.164591 0.14693 0.1094 0.0844369 0.0713583 0.0570111 0.0408814 0.0278535 0.0185267 0.0116333 0.00663503 0.00333053 0.00142374 0.000501775
 3.7423e-11 1.7602e-09 5.73286e-08 1.2929e-06 2.01905e-05 0.000218332 0.00163487 0.0084774 0.0304473 0.0758059 0.131263 0.160096 0.144089 0.10977 0.0877853 0.0759475 0.0609783 0.0433632 0.028913 0.0186126 0.0112937 0.00629537 0.00314488 0.00135707 0.000485715
 3.65994e-11 1.72146e-09 5.60669e-08 1.26445e-06 1.97462e-05 0.000213527 0.00159889 0.00829087 0.0297778 0.0741431 0.128411 0.156752 0.141514 0.108754 0.0882535 0.077467 0.063219 0.0459828 0.0313503 0.0203449 0.0122052 0.0066331 0.00322155 0.00136232 0.000483842
 3.77792e-11 1.77695e-09 5.78743e-08 1.30521e-06 2.03827e-05 0.00022041 0.00165042 0.00855802 0.030736 0.0765167 0.132438 0.16127 0.144321 0.108255 0.0847163 0.0727757 0.0593777 0.0438088 0.0305602 0.0203294 0.0124503 0.00683575 0.00330493 0.00137487 0.000478668
 3.69278e-11 1.73691e-09 5.657e-08 1.27579e-06 1.99234e-05 0.000215443 0.00161323 0.00836524 0.0300446 0.074805 0.12954 0.158047 0.142416 0.108869 0.0875825 0.0762664 0.06179 0.0446686 0.0305448 0.0202261 0.0125398 0.00702638 0.00345971 0.00145277 0.000505087
 3.69551e-11 1.73819e-09 5.66117e-08 1.27674e-06 1.99381e-05 0.000215602 0.00161442 0.0083714 0.0300665 0.0748579 0.129621 0.158092 0.142287 0.108436 0.0869176 0.0757437 0.0618054 0.0451929 0.031139 0.0205409 0.0125993 0.00701574 0.00346971 0.00147453 0.000519073
 3.75394e-11 1.76567e-09 5.75069e-08 1.29692e-06 2.02533e-05 0.000219011 0.00163995 0.00850371 0.0305412 0.0760346 0.131622 0.160365 0.143791 0.108442 0.0855365 0.073747 0.059996 0.0439462 0.030452 0.0202505 0.0125034 0.00697333 0.00344013 0.00145951 0.000515173
#obs catch len freq
 2.36425e-11 1.11203e-09 3.62181e-08 8.1681e-07 1.27557e-05 0.000137935 0.00103287 0.0053562 0.0192424 0.0479589 0.0833887 0.103338 0.0983063 0.0863354 0.0841385 0.085097 0.0792392 0.0693254 0.0601647 0.0517446 0.0431837 0.0341763 0.0246322 0.0153415 0.00784654
 2.34769e-11 1.10424e-09 3.59644e-08 8.11089e-07 1.26663e-05 0.000136969 0.00102564 0.00531867 0.0191074 0.0476209 0.0827901 0.102547 0.0974029 0.0852886 0.0830443 0.0845069 0.0798359 0.0711305 0.062351 0.0533317 0.0437592 0.0339882 0.0241836 0.0149739 0.00764333
 5.19463e-12 2.44331e-10 7.9577e-09 1.79467e-07 2.80268e-06 3.03089e-05 0.000227009 0.0011783 0.00424864 0.0107426 0.0197272 0.0293769 0.0436273 0.0699023 0.102442 0.121626 0.119644 0.10775 0.0953658 0.0825089 0.0680774 0.0525854 0.0369362 0.0225777 0.0114235
 1.53837e-14 7.23593e-13 2.35692e-11 5.31751e-10 8.3168e-09 9.04816e-08 6.93796e-07 3.93288e-06 1.8912e-05 9.44855e-05 0.000489932 0.00216718 0.00726928 0.0183389 0.0368798 0.0641178 0.0994979 0.133146 0.149238 0.142878 0.12216 0.0954544 0.0670777 0.0407401 0.0204279
 5.23924e-11 2.46428e-09 8.02601e-08 1.81007e-06 2.82668e-05 0.000305664 0.00228875 0.0118669 0.0426053 0.105919 0.182337 0.217352 0.17942 0.102635 0.0410058 0.0125329 0.0057636 0.00782083 0.012597 0.0169122 0.0184255 0.0164879 0.0122827 0.00759695 0.00381499
 3.22582e-11 1.51727e-09 4.94165e-08 1.11447e-06 1.7404e-05 0.000188201 0.00140927 0.00730819 0.0262563 0.0654524 0.113889 0.141508 0.135655 0.120335 0.114913 0.104782 0.0753348 0.03957 0.0162383 0.00799933 0.0073504 0.00780607 0.00684351 0.00467639 0.00246593
 4.04439e-11 1.90228e-09 6.19561e-08 1.39727e-06 2.18203e-05 0.000235956 0.00176681 0.00916132 0.0328997 0.0818718 0.141494 0.171298 0.150106 0.106034 0.0756687 0.0627995 0.0542351 0.0437578 0.0311503 0.0183682 0.00899111 0.00442272 0.00277125 0.0018807 0.0010639
 3.65593e-11 1.71957e-09 5.60054e-08 1.26306e-06 1.97245e-05 0.000213293 0.00159714 0.00828184 0.0297461 0.0740705 0.12833 0.156859 0.142258 0.110584 0.0908444 0.079282 0.0627218 0.0435654 0.0290458 0.0193638 0.0119823 0.00638129 0.00295754 0.00131198 0.0005835
 3.82127e-11 1.79734e-09 5.85382e-08 1.32019e-06 2.06166e-05 0.000222939 0.00166936 0.00865616 0.0310882 0.0773889 0.133918 0.162936 0.145374 0.108144 0.0836113 0.0714709 0.0585994 0.0435466 0.0302781 0.0197807 0.0118822 0.00647924 0.00313944 0.00131596 0.000475908
 3.47405e-11 1.63403e-09 5.32191e-08 1.20023e-06 1.87433e-05 0.000202682 0.00151769 0.00786992 0.0282676 0.070399 0.122038 0.149494 0.136637 0.108502 0.0921628 0.0829957 0.0678977 0.049094 0.033546 0.0222153 0.0137282 0.00761978 0.00370766 0.00154598 0.000539959
 3.60899e-11 1.69749e-09 5.52863e-08 1.24685e-06 1.94713e-05 0.000210555 0.00157663 0.0081754 0.0293628 0.0731058 0.126588 0.154405 0.139016 0.106112 0.0855407 0.0756185 0.0635075 0.0485781 0.0350604 0.0238014 0.0147517 0.00821783 0.00404628 0.00170762 0.000597267
 3.5905e-11 1.6888e-09 5.5003e-08 1.24046e-06 1.93715e-05 0.000209476 0.00156855 0.00813357 0.0292131 0.0727385 0.12599 0.153849 0.139067 0.107247 0.087521 0.0772491 0.0635507 0.0471073 0.0333981 0.0230154 0.0147996 0.00853927 0.00429783 0.00183619 0.000647612
 3.7791e-11 1.77751e-09 5.78923e-08 1.30562e-06 2.03891e-05 0.000220479 0.00165094 0.00856067 0.0307455 0.0765382 0.132463 0.161245 0.144118 0.107726 0.0838565 0.0718328 0.0586822 0.0435287 0.0307038 0.0208611 0.0132594 0.0076831 0.00394724 0.00173123 0.00062433
 3.84161e-11 1.80691e-09 5.88499e-08 1.32721e-06 2.07263e-05 0.000224126 0.00167825 0.00870227 0.031254 0.0778042 0.134654 0.16391 0.146484 0.109413 0.0848734 0.0719751 0.0575496 0.0412152 0.027983 0.0185247 0.0116079 0.00666374 0.00340961 0.00150283 0.000549432
 3.61157e-11 1.69871e-09 5.53258e-08 1.24774e-06 1.94852e-05 0.000210705 0.00157776 0.00818134 0.0293851 0.0731716 0.126772 0.154953 0.140537 0.109335 0.0902175 0.0797305 0.0646216 0.0462159 0.0309479 0.0199512 0.0120858 0.00672237 0.00336421 0.00146571 0.000534367
 4.01956e-11 1.89061e-09 6.15758e-08 1.38869e-06 2.16864e-05 0.000234508 0.00175598 0.0091052 0.0326993 0.0813844 0.140729 0.170731 0.150743 0.108749 0.0797997 0.0655097 0.0527824 0.0390281 0.0272703 0.0180258 0.0109168 0.00595448 0.00289469 0.00122578 0.000437458
 3.7459e-11 1.76189e-09 5.73836e-08 1.29415e-06 2.02099e-05 0.000218542 0.00163644 0.00848558 0.0304771 0.0758835 0.131421 0.160403 0.144724 0.110962 0.0894119 0.0772304 0.0610344 0.0421768 0.0273559 0.0174614 0.0106464 0.0059161 0.00289554 0.00121364 0.000424324
 3.5906e-11 1.68884e-09 5.50045e-08 1.24049e-06 1.93721e-05 0.000209482 0.0015686 0.00813383 0.0292144 0.072746 0.126031 0.154031 0.139655 0.108594 0.0896997 0.0797627 0.0655634 0.0478671 0.0325123 0.0207855 0.0122066 0.0065129 0.0031244 0.00130579 0.000456388
 3.83445e-11 1.80354e-09 5.87401e-08 1.32474e-06 2.06877e-05 0.000223708 0.00167511 0.008686 0.0311952 0.077654 0.134368 0.163442 0.145688 0.108071 0.0831217 0.070674 0.0577145 0.0429306 0.0302523 0.020243 0.0123708 0.00671943 0.00319514 0.0013057 0.000447288
 3.47299e-11 1.63353e-09 5.32029e-08 1.19986e-06 1.87375e-05 0.00020262 0.00151722 0.00786753 0.0282592 0.0703796 0.122014 0.149514 0.136811 0.108947 0.0928389 0.0835918 0.068036 0.0486868 0.0328718 0.0216492 0.0134482 0.00755554 0.00371215 0.00154553 0.000530327
 3.61708e-11 1.7013e-09 5.54103e-08 1.24964e-06 1.9515e-05 0.000211027 0.00158016 0.00819374 0.0294286 0.0732695 0.126871 0.154745 0.139308 0.106303 0.0856526 0.0756757 0.0634949 0.048453 0.0347946 0.023436 0.0143997 0.00797899 0.00393178 0.00166701 0.000584547
 3.90984e-11 1.839e-09 5.9895e-08 1.35078e-06 2.10944e-05 0.000228106 0.00170805 0.00885673 0.0318078 0.0791738 0.136962 0.166428 0.147798 0.108437 0.0817997 0.068305 0.0549668 0.0403688 0.0284373 0.0194862 0.0124552 0.0071372 0.00356874 0.00151832 0.000534863
 3.81731e-11 1.79548e-09 5.84776e-08 1.31882e-06 2.05952e-05 0.000222708 0.00166763 0.00864726 0.031057 0.0773187 0.133848 0.163088 0.146261 0.110306 0.0867706 0.073998 0.0586839 0.0411486 0.0271684 0.0175882 0.010903 0.00623947 0.00317957 0.00138532 0.000496935
 3.60417e-11 1.69523e-09 5.52124e-08 1.24518e-06 1.94453e-05 0.000210273 0.00157452 0.00816458 0.0293249 0.0730216 0.126512 0.154634 0.140248 0.109127 0.0901275 0.0798655 0.0650836 0.0468905 0.0315007 0.0201383 0.011966 0.00651033 0.00320272 0.00137963 0.000498122
 3.67829e-11 1.73009e-09 5.63479e-08 1.27079e-06 1.98452e-05 0.000214598 0.0016069 0.00833238 0.0299264 0.0745076 0.129006 0.157305 0.141464 0.107599 0.0861133 0.0753144 0.0621955 0.0464117 0.0326382 0.0216947 0.0131633 0.00713925 0.00342317 0.0014241 0.000499824
 3.88178e-11 1.8258e-09 5.94652e-08 1.34109e-06 2.09431e-05 0.00022647 0.00169579 0.00879321 0.0315801 0.0786101 0.136009 0.165374 0.1472 0.108717 0.0829127 0.0697621 0.0562043 0.0410823 0.0285981 0.01924 0.0120411 0.00675921 0.00331293 0.00138121 0.000477745
 3.46463e-11 1.6296e-09 5.30749e-08 1.19697e-06 1.86925e-05 0.000202133 0.00151357 0.00784862 0.0281915 0.070213 0.12174 0.149244 0.136776 0.109351 0.0936519 0.0844831 0.0685911 0.0487101 0.0324531 0.0210476 0.0129423 0.00728659 0.00363751 0.00155146 0.000545466
 3.87272e-11 1.82154e-09 5.93264e-08 1.33796e-06 2.08942e-05 0.000225941 0.00169183 0.00877264 0.0315058 0.0784211 0.135655 0.164813 0.146293 0.107245 0.0810511 0.0684803 0.0565795 0.0430279 0.0308289 0.0206462 0.0125582 0.00687882 0.00336607 0.00143036 0.000507336
#spawning biomass
 54501 54750.2 50928.4 41268.3 46072.7 83150 111297 144820 182081 233163 283328 265481 273227 262310 260398 245823 248811 240155 260076 288250 271961 271696 301285 305511 320520 343174 332935 308458 275322 378369 251273 148824 86859.9 53668 37103.2 29193.4 25523.1 23852 23100.9 22766.3 22618 22552.7 22523.9 22511.3 22505.8 22503.4 22502.3 22501.8 22501.6 22501.6 22501.5 22501.5 22501.5 22501.5 22501.5 22501.5 22501.5 22501.5 22501.5 22501.5 22501.5 22501.5 22501.5 22501.5 22501.5 22501.5 22501.5 22501.5 22501.5 22501.5 22501.5 22501.5 22501.5 22501.5 22501.5 22501.5 22501.5 22501.5 22501.5 22501.5 22501.5 22501.5 22501.5 22501.5 22501.5 22501.5 22501.5 22501.5 22501.5 22501.5 22501.5 22501.5 22501.5 22501.5 22501.5 22501.5 22501.5 22501.5 22501.5 22501.5 22501.5 22501.5 22501.5 22501.5 22501.5 22501.5 22501.5 22501.5 22501.5 22501.5 22501.5 22501.5 22501.5 22501.5 22501.5 22501.5 22501.5 22501.5 22501.5 22501.5 22501.5 22501.5 22501.5 22501.5 22501.5 22501.5 22501.5 22501.5 0 0 0 0 0 0 0 0 0 0 0 0 0 0 0 0 0 0 0 0 0 0 0 0 0
