SBPRF35
0.126229
Curr Bio
47698
B35
113892
F35
0.440854
FOFL
0.135621
OFL
12737
Bzero
36065.5
#pred survey bio
 8145.25 7626.05 8564.77 8168.42 10413.2 14466.6 16406.2 19179.9 32881.3 51958.4 71380.7 91950.9 122171 151021 162465 137683 119765 114862 121953 127790 125220 128900 139923 157998 167085 191129 188817 155759 4.91882e+06 3.02329e+06 2.05996e+06 1.32036e+06 908200 704433 608849 564746 544254 534515 529738 527312 526038 525350 524969 524755 524633 524564 524523 524500 524487 524479 524474 524472 524470 524469 524469 524469 524468 524468 524468 524468 524468 524468 524468 524468 524468 524468 524468 524468 524468 524468 524468 524468 524468 524468 524468 524468 524468 524468 524468 524468 524468 524468 524468 524468 524468 524468 524468 524468 524468 524468 524468 524468 524468 524468 524468 524468 524468 524468 524468 524468 524468 524468 524468 524468 524468 524468 524468 524468 524468 524468 524468 524468 524468 524468 524468 524468 524468 524468 524468 524468 524468 524468 524468 524468 524468 524468 524468 524468 0 0 0 0 0 0 0 0 0 0 0 0 0 0 0 0 0 0 0 0 0 0 0 0 0
#obs survey bio
 7573 5680.57 7705.68 8664.01 11100.2 14347.2 19853.7 19056.8 49831.9 62827 75801.9 95380.8 156088 202436 137924 154998 105458 65363.5 154140 116477 98202.4 144710 120279 172256 188399 189690 210214 143780
#pred catch bio
 4941.58 4755.93 5892.5 5533.33 6612.8 9478.5 11237.3 11948.1 20166.8 31777.4 45570.4 59842.1 79459.4 96396.8 112107 95679.8 83535.9 78863.5 82353.2 90103 86939.9 85234.7 88377 104233 101634 118711 127865 107968 12737 40015.5 25915.4 15927.4 10663 8221.85 7169.98 6736.91 6563.77 6495.89 6469.62 6459.55 6455.71 6454.26 6453.71 6453.5 6453.42 6453.39 6453.38 6453.37 6453.37 6453.37 6453.37 6453.37 6453.37 6453.37 6453.37 6453.37 6453.37 6453.37 6453.37 6453.37 6453.37 6453.37 6453.37 6453.37 6453.37 6453.37 6453.37 6453.37 6453.37 6453.37 6453.37 6453.37 6453.37 6453.37 6453.37 6453.37 6453.37 6453.37 6453.37 6453.37 6453.37 6453.37 6453.37 6453.37 6453.37 6453.37 6453.37 6453.37 6453.37 6453.37 6453.37 6453.37 6453.37 6453.37 6453.37 6453.37 6453.37 6453.37 6453.37 6453.37 6453.37 6453.37 6453.37 6453.37 6453.37 6453.37 6453.37 6453.37 6453.37 6453.37 6453.37 6453.37 6453.37 6453.37 6453.37 6453.37 6453.37 6453.37 6453.37 6453.37 6453.37 6453.37 6453.37 6453.37 6453.37 6453.37 6453.37 6453.37 0 0 0 0 0 0 0 0 0 0 0 0 0 0 0 0 0 0 0 0 0 0 0 0 0
#obs catch bio
 4834.1 4818.04 5993.96 5548.24 6556.37 9455.52 11198.5 11762.2 19596.6 30875.6 44334.1 59478.4 77838.4 95463.7 112852 94476 85176.8 82026.4 83223.1 93013.9 89067.1 86602.7 88218.3 104648 101626 119026 126888 108112
#pred cpue bio
 7679.96 6912.64 7790.29 7417.19 9282.21 12999.5 14878.8 17181.6 29154.8 46518.7 64424.1 82732 109495 136268 148360 126053 109087 103922 110054 115887 113112 116469 126899 143607 151550 174414 173664 142953 4.46251e+06 3.04508e+06 2.04716e+06 1.30175e+06 889111 685310 589725 545621 525129 515391 510614 508187 506913 506225 505844 505630 505508 505439 505399 505376 505362 505354 505350 505347 505346 505345 505344 505344 505344 505344 505343 505343 505343 505343 505343 505343 505343 505343 505343 505343 505343 505343 505343 505343 505343 505343 505343 505343 505343 505343 505343 505343 505343 505343 505343 505343 505343 505343 505343 505343 505343 505343 505343 505343 505343 505343 505343 505343 505343 505343 505343 505343 505343 505343 505343 505343 505343 505343 505343 505343 505343 505343 505343 505343 505343 505343 505343 505343 505343 505343 505343 505343 505343 505343 505343 505343 505343 505343 505343 505343 0 0 0 0 0 0 0 0 0 0 0 0 0 0 0 0 0 0 0 0 0 0 0 0 0
#obs cpue bio
 6409.8 7096.08 6765.56 7361.17 10469.6 13021.8 13510.3 23375.8 35139.5 59647.6 91150.2 73021.5 136522 106781 145685 157552 71076.6 85667.6 90001.2 69015.5 102753 82880 170665 122658 132781 167098 201000 138271
#pred surv len freq
 2.14619e-27 2.17403e-27 6.68e-27 1.54184e-21 9.1699e-17 1.25382e-12 3.9414e-09 2.84846e-06 0.000473268 0.0180785 0.158766 0.320553 0.149189 0.0264519 0.064964 0.0911614 0.0370506 0.0296818 0.0264016 0.0178433 0.0150402 0.0130386 0.0134875 0.0125449 0.00527176
 2.1489e-27 2.18194e-27 7.57753e-27 1.8464e-21 1.09813e-16 1.50149e-12 4.71996e-09 3.41113e-06 0.000566754 0.0216496 0.190128 0.383871 0.17851 0.0277266 0.0536677 0.0749049 0.0274055 0.0133902 0.0105859 0.00565099 0.00391957 0.00277697 0.00238706 0.00201756 0.000837647
 2.14816e-27 2.18029e-27 7.40888e-27 1.78919e-21 1.0641e-16 1.45497e-12 4.57371e-09 3.30543e-06 0.000549192 0.0209788 0.184237 0.371977 0.173071 0.0293073 0.0669028 0.093472 0.0328825 0.0119396 0.00835365 0.00308423 0.00148835 0.000774321 0.000494744 0.00034783 0.000136704
 2.14826e-27 2.18059e-27 7.44432e-27 1.80122e-21 1.07126e-16 1.46475e-12 4.60447e-09 3.32766e-06 0.000552886 0.0211199 0.185476 0.374479 0.17422 0.0291065 0.0649233 0.090715 0.0323914 0.0132814 0.00935239 0.0028696 0.000985642 0.000319228 0.000122899 6.10109e-05 2.10726e-05
 2.14986e-27 2.18453e-27 7.86148e-27 1.94273e-21 1.15542e-16 1.57983e-12 4.96621e-09 3.58909e-06 0.000596323 0.0227791 0.200047 0.403898 0.187769 0.0277295 0.0476501 0.0663568 0.0236454 0.00954778 0.00675448 0.00220537 0.000772714 0.000190979 4.02344e-05 1.02987e-05 2.61685e-06
 2.14916e-27 2.18279e-27 7.67363e-27 1.87899e-21 1.11751e-16 1.52799e-12 4.80327e-09 3.47134e-06 0.000576757 0.0220317 0.193484 0.390647 0.181679 0.0286849 0.0574767 0.0801553 0.027803 0.00882044 0.00586065 0.00189958 0.000671839 0.000171491 3.03845e-05 3.9291e-06 5.00629e-07
 2.14835e-27 2.1808e-27 7.46386e-27 1.80784e-21 1.07519e-16 1.47013e-12 4.62138e-09 3.33989e-06 0.000554917 0.0211975 0.186157 0.375855 0.174862 0.0292651 0.0654773 0.0914623 0.0322056 0.0117704 0.00801039 0.00229053 0.000684594 0.000170671 3.03329e-05 3.2955e-06 2.16163e-07
 2.14945e-27 2.18351e-27 7.75342e-27 1.90608e-21 1.13362e-16 1.55002e-12 4.87251e-09 3.52137e-06 0.000585071 0.0223493 0.196273 0.396278 0.184261 0.0281179 0.0523181 0.0729369 0.0259759 0.0104386 0.00732134 0.00224221 0.00071414 0.0001585 2.46924e-05 2.56385e-06 1.39994e-07
 2.15026e-27 2.1855e-27 7.96254e-27 1.97701e-21 1.1758e-16 1.6077e-12 5.05383e-09 3.65241e-06 0.000606843 0.023181 0.203577 0.411024 0.191057 0.0275577 0.0444539 0.0618223 0.021649 0.00753606 0.00513783 0.00166018 0.000574619 0.000136247 2.11866e-05 1.96063e-06 9.6517e-08
 2.14947e-27 2.18353e-27 7.75115e-27 1.90529e-21 1.13315e-16 1.54938e-12 4.87049e-09 3.51992e-06 0.000584829 0.0223401 0.196192 0.396114 0.184198 0.0284713 0.0545253 0.0759887 0.0262486 0.0079685 0.00517528 0.0015494 0.000495221 0.000123259 2.08266e-05 1.99305e-06 9.26387e-08
 2.14879e-27 2.18187e-27 7.57703e-27 1.84623e-21 1.09802e-16 1.50135e-12 4.71952e-09 3.41081e-06 0.000566701 0.0216476 0.19011 0.383836 0.178537 0.0288908 0.0607867 0.0848487 0.029847 0.0108118 0.00732612 0.00205035 0.000580581 0.000132595 2.15975e-05 2.18319e-06 1.06794e-07
 2.14907e-27 2.18258e-27 7.65462e-27 1.87256e-21 1.11368e-16 1.52276e-12 4.78682e-09 3.45945e-06 0.000574782 0.0219563 0.192821 0.389309 0.181053 0.0284874 0.0566744 0.0790724 0.0280776 0.0110187 0.00768428 0.00234451 0.000739244 0.000158987 2.29391e-05 2.16223e-06 1.06496e-07
 2.1494e-27 2.18338e-27 7.73847e-27 1.901e-21 1.1306e-16 1.54589e-12 4.85952e-09 3.51199e-06 0.000583512 0.0222898 0.19575 0.395222 0.183779 0.0282889 0.0536802 0.0748345 0.0263396 0.00959885 0.00661033 0.00210697 0.000716742 0.000168516 2.56247e-05 2.23951e-06 1.00689e-07
 2.14881e-27 2.18192e-27 7.58253e-27 1.84809e-21 1.09913e-16 1.50287e-12 4.72428e-09 3.41425e-06 0.000567273 0.0216694 0.190302 0.384223 0.178717 0.0289104 0.0607895 0.0848422 0.0296957 0.0102855 0.00695817 0.00213273 0.00069972 0.000172382 2.86396e-05 2.68803e-06 1.19791e-07
 2.1477e-27 2.17921e-27 7.29707e-27 1.75127e-21 1.04155e-16 1.42413e-12 4.47676e-09 3.23537e-06 0.000537552 0.0205341 0.180332 0.364093 0.169441 0.0297074 0.071722 0.100286 0.0356078 0.013963 0.0097101 0.00289981 0.000908898 0.000215359 3.56106e-05 3.55937e-06 1.70762e-07
 2.14746e-27 2.17864e-27 7.23987e-27 1.73188e-21 1.03001e-16 1.40836e-12 4.4272e-09 3.19955e-06 0.0005316 0.0203068 0.178335 0.360062 0.167575 0.0296535 0.0726079 0.101574 0.0365916 0.016028 0.0114979 0.00366061 0.00123561 0.000286953 4.52572e-05 4.42514e-06 2.18548e-07
 2.14797e-27 2.17991e-27 7.37442e-27 1.77752e-21 1.05716e-16 1.44548e-12 4.54389e-09 3.28388e-06 0.000545612 0.020842 0.183036 0.369552 0.171944 0.0291624 0.06675 0.093317 0.0336728 0.0149313 0.0108214 0.00367178 0.00135247 0.000336973 5.55885e-05 5.30315e-06 2.54086e-07
 2.14859e-27 2.18141e-27 7.53196e-27 1.83095e-21 1.08894e-16 1.48893e-12 4.68047e-09 3.38259e-06 0.000562012 0.0214685 0.188537 0.38066 0.177066 0.0287991 0.0611838 0.0854407 0.0304783 0.0124132 0.00884789 0.00302691 0.00114528 0.000306518 5.54059e-05 5.62248e-06 2.72438e-07
 2.14881e-27 2.18194e-27 7.58614e-27 1.84933e-21 1.09987e-16 1.50387e-12 4.72744e-09 3.41653e-06 0.000567652 0.0216839 0.190429 0.38448 0.17883 0.028752 0.0597454 0.0833924 0.0294761 0.0111416 0.00775981 0.00252888 0.00091094 0.000246499 4.69326e-05 5.17546e-06 2.69671e-07
 2.14836e-27 2.18083e-27 7.46839e-27 1.80938e-21 1.07611e-16 1.47139e-12 4.62532e-09 3.34273e-06 0.00055539 0.0212155 0.186316 0.376175 0.175007 0.0291907 0.0649265 0.0906918 0.0320078 0.0119406 0.00824947 0.00257849 0.000872214 0.000223871 4.14586e-05 4.72133e-06 2.62989e-07
 2.14872e-27 2.18173e-27 7.56406e-27 1.84184e-21 1.09541e-16 1.49778e-12 4.70829e-09 3.40269e-06 0.000565353 0.0215961 0.189658 0.382923 0.178112 0.0287962 0.0604845 0.0844425 0.0299634 0.0116927 0.00815667 0.00252756 0.000835964 0.000204094 3.53135e-05 3.85719e-06 2.16315e-07
 2.14869e-27 2.18165e-27 7.55475e-27 1.83867e-21 1.09353e-16 1.49521e-12 4.70021e-09 3.39685e-06 0.000564382 0.021559 0.189332 0.382265 0.177812 0.0289029 0.061334 0.0856259 0.0301908 0.0111711 0.00771789 0.00244996 0.000832914 0.000201284 3.34801e-05 3.43627e-06 1.83068e-07
 2.14836e-27 2.18083e-27 7.46853e-27 1.80943e-21 1.07614e-16 1.47143e-12 4.62545e-09 3.34282e-06 0.000555405 0.0212161 0.186321 0.376185 0.17501 0.0291328 0.06457 0.0901998 0.0319792 0.0123925 0.00862798 0.00266666 0.000882575 0.000217339 3.66517e-05 3.66838e-06 1.85608e-07
 2.14816e-27 2.18036e-27 7.42083e-27 1.79326e-21 1.06652e-16 1.45828e-12 4.58411e-09 3.31295e-06 0.000550442 0.0210265 0.184656 0.372824 0.173456 0.0291458 0.0656624 0.0917643 0.032864 0.013788 0.00979882 0.00310689 0.00105326 0.000254195 4.23592e-05 4.28581e-06 2.14991e-07
 2.14836e-27 2.18085e-27 7.4724e-27 1.81075e-21 1.07692e-16 1.4725e-12 4.62883e-09 3.34527e-06 0.000555811 0.0212316 0.186457 0.37646 0.175131 0.028973 0.0635114 0.0887288 0.0317417 0.0132109 0.00942317 0.00312168 0.00112017 0.000278298 4.68391e-05 4.68214e-06 2.3442e-07
 2.14778e-27 2.17944e-27 7.3232e-27 1.76014e-21 1.04682e-16 1.43135e-12 4.49945e-09 3.25177e-06 0.000540276 0.0206382 0.181246 0.365939 0.170284 0.029432 0.0694847 0.0971573 0.0348351 0.0147444 0.0105502 0.00348865 0.00126447 0.000329088 5.83793e-05 5.97509e-06 2.99282e-07
 2.147e-27 2.17752e-27 7.12251e-27 1.69207e-21 1.00634e-16 1.37599e-12 4.32545e-09 3.12601e-06 0.000519383 0.0198401 0.174236 0.351788 0.163759 0.0299073 0.0766511 0.107294 0.0388891 0.017782 0.0129351 0.00431824 0.00158028 0.000413425 7.54173e-05 8.10933e-06 4.21222e-07
 2.14723e-27 2.1781e-27 7.18564e-27 1.7135e-21 1.01908e-16 1.39341e-12 4.38022e-09 3.16559e-06 0.000525959 0.0200913 0.176443 0.356241 0.165805 0.0295701 0.0732504 0.102517 0.0374214 0.0179385 0.0132375 0.00461657 0.00177159 0.00047029 8.67591e-05 9.52123e-06 5.13796e-07
#obs surv len freq
 1.23574e-39 6.04808e-33 6.8054e-27 1.76049e-21 1.04703e-16 1.43163e-12 4.50033e-09 3.2524e-06 0.00054039 0.0206422 0.18128 0.366009 0.17031 0.0292681 0.0684631 0.0957392 0.0346204 0.0155863 0.01138 0.00400568 0.00158418 0.000457998 9.66794e-05 1.25538e-05 8.27635e-07
 1.31581e-39 6.43998e-33 7.24637e-27 1.87457e-21 1.11488e-16 1.52439e-12 4.79194e-09 3.46314e-06 0.000575406 0.0219798 0.193026 0.389725 0.181235 0.0282262 0.0549551 0.0766824 0.0276743 0.0122864 0.00892735 0.00309082 0.00119602 0.000337807 6.92022e-05 8.74754e-06 5.64044e-07
 1.15482e-39 5.65202e-33 6.35975e-27 1.64521e-21 9.78466e-17 1.33787e-12 4.20562e-09 3.03941e-06 0.000505002 0.0192904 0.169409 0.342042 0.159291 0.0308934 0.0856086 0.119831 0.0421068 0.0151253 0.0104705 0.00358931 0.00136986 0.000379171 7.55641e-05 9.26688e-06 5.80623e-07
 1.34441e-39 6.57994e-33 7.40385e-27 1.91531e-21 1.1391e-16 1.55752e-12 4.89607e-09 3.5384e-06 0.000587911 0.0224574 0.197221 0.398194 0.185125 0.0275313 0.0481607 0.0671611 0.0250827 0.0137651 0.0102159 0.00311904 0.00103575 0.000278484 5.43554e-05 6.48706e-06 3.94438e-07
 1.38933e-39 6.79979e-33 7.65123e-27 1.9793e-21 1.17716e-16 1.60956e-12 5.05966e-09 3.65663e-06 0.000607554 0.0232078 0.203811 0.411498 0.191277 0.0275798 0.0444465 0.0617983 0.0214464 0.00685018 0.00467806 0.00182101 0.000752921 0.0001852 3.22746e-05 3.70256e-06 2.19228e-07
 1.25917e-39 6.16278e-33 6.93446e-27 1.79388e-21 1.06689e-16 1.45878e-12 4.58567e-09 3.31408e-06 0.000550638 0.0210337 0.184718 0.37295 0.173536 0.0297154 0.0691021 0.0965172 0.0332465 0.00978548 0.00626184 0.00180054 0.000573176 0.000169095 3.3143e-05 3.51021e-06 1.93122e-07
 1.27615e-39 6.24586e-33 7.02794e-27 1.81806e-21 1.08127e-16 1.47844e-12 4.64749e-09 3.35875e-06 0.000558061 0.0213172 0.187208 0.377978 0.17583 0.028901 0.0626154 0.087476 0.0314513 0.013571 0.00955048 0.00263139 0.000718119 0.000159768 2.79113e-05 3.30098e-06 1.83883e-07
 1.41913e-39 6.94564e-33 7.81535e-27 2.02176e-21 1.20241e-16 1.64408e-12 5.16819e-09 3.73506e-06 0.000620586 0.0237056 0.208183 0.420324 0.195335 0.0269617 0.0380135 0.0527677 0.0187693 0.00747454 0.00529116 0.00177463 0.000622633 0.000133039 1.85689e-05 1.79497e-06 9.9105e-08
 1.41597e-39 6.93021e-33 7.79799e-27 2.01727e-21 1.19974e-16 1.64043e-12 5.15671e-09 3.72677e-06 0.000619208 0.0236529 0.20772 0.419391 0.194919 0.0273765 0.0408266 0.0566711 0.0193065 0.0049853 0.00308385 0.000989589 0.000349027 8.99042e-05 1.47075e-05 1.27945e-06 5.77108e-08
 1.34762e-39 6.59569e-33 7.42157e-27 1.91989e-21 1.14183e-16 1.56125e-12 4.9078e-09 3.54688e-06 0.000589318 0.0225112 0.197693 0.399147 0.1856 0.0284472 0.0534643 0.0744751 0.0254707 0.00689455 0.00424321 0.00110152 0.000278709 6.70175e-05 1.18199e-05 1.20059e-06 5.54778e-08
 1.32316e-39 6.47597e-33 7.28687e-27 1.88504e-21 1.12111e-16 1.53291e-12 4.81871e-09 3.48249e-06 0.000578621 0.0221026 0.194105 0.391903 0.182256 0.0285927 0.0565364 0.0788428 0.027523 0.00929071 0.00614601 0.00162608 0.000404478 7.78659e-05 1.05361e-05 1.04107e-06 5.31164e-08
 1.35804e-39 6.64666e-33 7.47893e-27 1.93473e-21 1.15066e-16 1.57331e-12 4.94572e-09 3.57429e-06 0.000593873 0.0226852 0.199221 0.402232 0.187009 0.027986 0.0497191 0.0692476 0.0243244 0.00870411 0.00591156 0.00173533 0.00051261 0.000101728 1.2462e-05 9.70378e-07 4.28855e-08
 1.33495e-39 6.53367e-33 7.35179e-27 1.90184e-21 1.1311e-16 1.54657e-12 4.86165e-09 3.51353e-06 0.000583777 0.0222995 0.195834 0.395394 0.183865 0.0284505 0.0546159 0.0761262 0.0264273 0.0084522 0.00558522 0.00169063 0.000534266 0.000118903 1.66245e-05 1.27874e-06 4.81602e-08
 1.2911e-39 6.31903e-33 7.11027e-27 1.83936e-21 1.09394e-16 1.49576e-12 4.70194e-09 3.3981e-06 0.000564599 0.021567 0.189401 0.382405 0.177881 0.0290207 0.0620112 0.0865635 0.030296 0.0104822 0.00703643 0.0020154 0.000593176 0.000136006 2.08574e-05 1.80806e-06 7.2362e-08
 1.17311e-39 5.74155e-33 6.46048e-27 1.67127e-21 9.93964e-17 1.35907e-12 4.27224e-09 3.08755e-06 0.000513001 0.019596 0.172092 0.34746 0.161782 0.0305311 0.0817643 0.11444 0.0405886 0.0157736 0.0109445 0.00325843 0.000999549 0.000219022 3.23693e-05 2.95682e-06 1.30567e-07
 1.26254e-39 6.17928e-33 6.95302e-27 1.79868e-21 1.06974e-16 1.46268e-12 4.59795e-09 3.32295e-06 0.000552112 0.02109 0.185212 0.373948 0.173958 0.028662 0.0623706 0.087198 0.0322528 0.016759 0.0123919 0.00393156 0.00131871 0.000302379 4.53096e-05 4.01323e-06 1.78741e-07
 1.23159e-39 6.02779e-33 6.78256e-27 1.75458e-21 1.04352e-16 1.42682e-12 4.48522e-09 3.24148e-06 0.000538577 0.0205729 0.180671 0.364781 0.169753 0.0295378 0.0704801 0.0985435 0.0350816 0.0140758 0.0101368 0.00381762 0.00154948 0.000388033 6.31598e-05 5.8071e-06 2.57791e-07
 1.27793e-39 6.2546e-33 7.03778e-27 1.82061e-21 1.08278e-16 1.48051e-12 4.654e-09 3.36345e-06 0.000558843 0.0213471 0.18747 0.378507 0.176068 0.0287391 0.0614675 0.085871 0.0310457 0.0139485 0.0100726 0.00326899 0.00120383 0.000352841 6.83738e-05 6.95074e-06 3.27637e-07
 1.24375e-39 6.08728e-33 6.84951e-27 1.7719e-21 1.05382e-16 1.4409e-12 4.5295e-09 3.27348e-06 0.000543893 0.020776 0.182455 0.368382 0.171413 0.0294238 0.068699 0.0960286 0.0341432 0.0135526 0.00961682 0.00331559 0.00124922 0.000327158 6.3476e-05 7.51971e-06 4.04303e-07
 1.25616e-39 6.14803e-33 6.91787e-27 1.78959e-21 1.06433e-16 1.45528e-12 4.5747e-09 3.30615e-06 0.000549321 0.0209833 0.184276 0.372058 0.1731 0.0290754 0.0654643 0.0915019 0.032997 0.0145606 0.0104705 0.00337073 0.00119805 0.000323901 6.12385e-05 6.99545e-06 4.0679e-07
 1.2734e-39 6.23242e-33 7.01282e-27 1.81415e-21 1.07894e-16 1.47526e-12 4.63749e-09 3.35153e-06 0.000556861 0.0212714 0.186805 0.377164 0.175454 0.0288939 0.0628172 0.087756 0.0314711 0.0133461 0.00959329 0.00327413 0.00121739 0.000312045 5.70942e-05 6.48333e-06 3.69422e-07
 1.25711e-39 6.15268e-33 6.9231e-27 1.79094e-21 1.06514e-16 1.45639e-12 4.57816e-09 3.30865e-06 0.000549736 0.0209992 0.184415 0.372339 0.173234 0.0291902 0.0660802 0.092346 0.0329651 0.0134983 0.00960271 0.00320777 0.00118525 0.00031833 5.88747e-05 6.44038e-06 3.5943e-07
 1.25768e-39 6.15547e-33 6.92624e-27 1.79175e-21 1.06562e-16 1.45705e-12 4.58023e-09 3.31014e-06 0.000549985 0.0210087 0.184499 0.372508 0.173308 0.0290955 0.0654513 0.0914756 0.0328768 0.0141632 0.0101582 0.00332592 0.00119479 0.000315684 5.91608e-05 6.62605e-06 3.64991e-07
 1.25878e-39 6.16087e-33 6.93231e-27 1.79332e-21 1.06656e-16 1.45832e-12 4.58425e-09 3.31305e-06 0.000550467 0.0210272 0.18466 0.372834 0.173459 0.0290821 0.065271 0.0912194 0.032755 0.0140208 0.0100798 0.00339551 0.00125106 0.000324396 5.92719e-05 6.62445e-06 3.7039e-07
 1.26916e-39 6.21167e-33 6.98947e-27 1.80811e-21 1.07535e-16 1.47035e-12 4.62205e-09 3.34037e-06 0.000555007 0.0212005 0.186183 0.375909 0.174875 0.0289479 0.0635248 0.0887554 0.0318516 0.0135751 0.00974608 0.00327307 0.00121159 0.000322127 5.94233e-05 6.51763e-06 3.60329e-07
 1.19291e-39 5.83845e-33 6.56952e-27 1.69947e-21 1.01074e-16 1.38201e-12 4.34434e-09 3.13967e-06 0.00052166 0.0199267 0.174997 0.353324 0.164474 0.0300296 0.0769351 0.107661 0.0385612 0.0161978 0.011591 0.00388411 0.00143348 0.000381294 7.12835e-05 7.93907e-06 4.36847e-07
 1.19624e-39 5.85478e-33 6.5879e-27 1.70423e-21 1.01357e-16 1.38587e-12 4.3565e-09 3.14845e-06 0.000523119 0.0199825 0.175486 0.354312 0.164912 0.0295298 0.0735863 0.103017 0.0379664 0.0193138 0.0143101 0.0047597 0.00173992 0.000461224 8.61437e-05 9.66708e-06 5.38666e-07
 1.23122e-39 6.02597e-33 6.78051e-27 1.75405e-21 1.0432e-16 1.42639e-12 4.48387e-09 3.2405e-06 0.000538414 0.0205667 0.180617 0.364671 0.169685 0.0291015 0.0678495 0.0949083 0.0347832 0.0171155 0.0128079 0.00477784 0.00194825 0.000518896 9.61595e-05 1.07664e-05 6.02396e-07
#pred catch len freq
 2.14603e-27 2.17365e-27 6.63874e-27 1.52784e-21 9.08666e-17 1.24244e-12 3.90562e-09 2.82261e-06 0.000468972 0.0179144 0.157325 0.317643 0.14785 0.0266125 0.0668219 0.0937772 0.0379333 0.0298812 0.0265149 0.017871 0.0150454 0.0130383 0.0134858 0.0125432 0.00527103
 2.14879e-27 2.18166e-27 7.5483e-27 1.83648e-21 1.09223e-16 1.49343e-12 4.69461e-09 3.3928e-06 0.000563709 0.0215333 0.189107 0.381809 0.177562 0.0278523 0.055056 0.0768579 0.0280426 0.0134607 0.0106027 0.00564511 0.0039097 0.0027688 0.00237975 0.00201134 0.000835064
 2.14814e-27 2.18024e-27 7.40296e-27 1.78718e-21 1.0629e-16 1.45333e-12 4.56857e-09 3.30172e-06 0.000548575 0.0209552 0.18403 0.37156 0.17288 0.0293604 0.0673531 0.0941016 0.033037 0.0117802 0.00820198 0.00302152 0.00145507 0.000756601 0.000483341 0.000339804 0.000133549
 2.14822e-27 2.1805e-27 7.43378e-27 1.79764e-21 1.06913e-16 1.46184e-12 4.59532e-09 3.32105e-06 0.000551788 0.0210779 0.185107 0.373735 0.173878 0.0291748 0.0655647 0.0916138 0.0326358 0.0131399 0.0092142 0.00282208 0.000967066 0.00031301 0.000120474 5.9804e-05 2.06557e-05
 2.14977e-27 2.18432e-27 7.83859e-27 1.93497e-21 1.1508e-16 1.57351e-12 4.94636e-09 3.57475e-06 0.000593939 0.0226881 0.199248 0.402284 0.187027 0.0278296 0.0487481 0.0679009 0.0241418 0.00957766 0.00674757 0.00219886 0.00076879 0.000189906 3.99958e-05 1.02367e-05 2.60105e-06
 2.14909e-27 2.18261e-27 7.65455e-27 1.87252e-21 1.11366e-16 1.52273e-12 4.78672e-09 3.45937e-06 0.00057477 0.0219558 0.192817 0.389301 0.18106 0.0287748 0.0584313 0.0814968 0.0282212 0.00879989 0.0058154 0.00188121 0.000663901 0.000169372 3.00008e-05 3.87909e-06 4.94244e-07
 2.14832e-27 2.18073e-27 7.45617e-27 1.80523e-21 1.07364e-16 1.46801e-12 4.61471e-09 3.33506e-06 0.000554116 0.0211669 0.185888 0.375312 0.174613 0.0293203 0.0659776 0.0921626 0.0323859 0.0116241 0.0078737 0.00224772 0.000670163 0.000166965 2.96658e-05 3.22273e-06 2.11383e-07
 2.14934e-27 2.18324e-27 7.72418e-27 1.89615e-21 1.12772e-16 1.54195e-12 4.84714e-09 3.50304e-06 0.000582026 0.022233 0.195251 0.394215 0.183312 0.0282415 0.0536943 0.0748728 0.0266069 0.0105069 0.00733914 0.00224365 0.000712997 0.000158157 2.46312e-05 2.55722e-06 1.39628e-07
 2.15015e-27 2.18524e-27 7.93417e-27 1.96738e-21 1.17008e-16 1.59987e-12 5.02922e-09 3.63463e-06 0.000603889 0.0230681 0.202586 0.409023 0.190136 0.0276753 0.045775 0.0636811 0.0222594 0.00761763 0.00516872 0.00166696 0.000575725 0.000136436 2.12099e-05 1.96259e-06 9.66102e-08
 2.14934e-27 2.18321e-27 7.71679e-27 1.89363e-21 1.12621e-16 1.5399e-12 4.84068e-09 3.49837e-06 0.00058125 0.0222033 0.194991 0.39369 0.183083 0.0286149 0.0561327 0.0782502 0.0269887 0.00805871 0.0052054 0.00155565 0.000496068 0.000123396 2.08439e-05 1.99452e-06 9.27046e-08
 2.14868e-27 2.18162e-27 7.55025e-27 1.83714e-21 1.09262e-16 1.49396e-12 4.69629e-09 3.39402e-06 0.000563912 0.021541 0.189175 0.381947 0.177669 0.0290097 0.0620821 0.0866702 0.0304283 0.0108317 0.00730608 0.0020415 0.000576667 0.000131614 2.14312e-05 2.16617e-06 1.05959e-07
 2.149e-27 2.18239e-27 7.6343e-27 1.86566e-21 1.10958e-16 1.51716e-12 4.7692e-09 3.44671e-06 0.000572666 0.0218755 0.192111 0.387876 0.180394 0.0285831 0.0576905 0.0805004 0.0285226 0.0109958 0.00763555 0.00232548 0.000731592 0.000157253 2.26818e-05 2.13772e-06 1.05285e-07
 2.14933e-27 2.1832e-27 7.71882e-27 1.89433e-21 1.12663e-16 1.54047e-12 4.84248e-09 3.49968e-06 0.000581466 0.0222116 0.195063 0.393836 0.183142 0.0283804 0.0546566 0.0762067 0.0267694 0.00958503 0.00657012 0.00209018 0.000709476 0.000166717 2.53439e-05 2.21475e-06 9.95722e-08
 2.14871e-27 2.18167e-27 7.55569e-27 1.83899e-21 1.09372e-16 1.49546e-12 4.701e-09 3.39743e-06 0.000564478 0.0215627 0.189364 0.38233 0.177846 0.0290295 0.0620872 0.0866668 0.0302785 0.0103072 0.00693913 0.00212303 0.000694957 0.000171109 2.84201e-05 2.66719e-06 1.18858e-07
 2.14768e-27 2.17916e-27 7.29166e-27 1.74943e-21 1.04045e-16 1.42263e-12 4.47207e-09 3.23198e-06 0.000536988 0.0205126 0.180143 0.363712 0.169266 0.0297601 0.0721588 0.100896 0.0357443 0.013762 0.00952829 0.00284053 0.000888241 0.000210337 3.477e-05 3.47502e-06 1.6671e-07
 2.14745e-27 2.17863e-27 7.23754e-27 1.73108e-21 1.02954e-16 1.40772e-12 4.42517e-09 3.19808e-06 0.000531357 0.0202975 0.178253 0.359898 0.167501 0.0297014 0.0729503 0.10205 0.0366688 0.0157662 0.0112655 0.00357984 0.00120569 0.000279851 4.4124e-05 4.3139e-06 2.13046e-07
 2.14797e-27 2.1799e-27 7.37362e-27 1.77725e-21 1.057e-16 1.44526e-12 4.54319e-09 3.28337e-06 0.000545528 0.0208388 0.183007 0.369495 0.171919 0.0292034 0.0670173 0.0936875 0.0337184 0.0146755 0.0105942 0.00358742 0.00131864 0.000328373 5.41548e-05 5.16589e-06 2.47502e-07
 2.14857e-27 2.18136e-27 7.52596e-27 1.82892e-21 1.08773e-16 1.48727e-12 4.67527e-09 3.37883e-06 0.000561387 0.0214446 0.188328 0.380237 0.176872 0.0288508 0.0616273 0.0860607 0.0306278 0.0122472 0.00869221 0.00296757 0.0011205 0.000299726 5.41641e-05 5.496e-06 2.66301e-07
 2.14877e-27 2.18184e-27 7.57513e-27 1.84559e-21 1.09764e-16 1.50083e-12 4.71789e-09 3.40963e-06 0.000566505 0.0216401 0.190045 0.383703 0.178473 0.0288176 0.0603795 0.0842815 0.0297274 0.0110356 0.00765093 0.00248853 0.000894454 0.000241903 4.60454e-05 5.07721e-06 2.64545e-07
 2.14837e-27 2.18085e-27 7.47012e-27 1.80997e-21 1.07646e-16 1.47186e-12 4.62682e-09 3.34381e-06 0.00055557 0.0212224 0.186376 0.376297 0.175064 0.0292146 0.0650357 0.0908407 0.0319923 0.0117169 0.00805684 0.00251356 0.00084833 0.000217614 4.02886e-05 4.58769e-06 2.55538e-07
 2.14871e-27 2.1817e-27 7.56118e-27 1.84086e-21 1.09483e-16 1.49698e-12 4.70579e-09 3.40089e-06 0.000565052 0.0215846 0.189557 0.382719 0.178019 0.0288351 0.0607833 0.0848587 0.030044 0.0115107 0.00799397 0.00247259 0.00081593 0.000199088 3.44372e-05 3.76113e-06 2.10922e-07
 2.14863e-27 2.18149e-27 7.53742e-27 1.8328e-21 1.09003e-16 1.49043e-12 4.68518e-09 3.38599e-06 0.000562577 0.0214901 0.188727 0.381043 0.17725 0.0289901 0.0622347 0.0868909 0.0305745 0.0111134 0.00764265 0.00242149 0.000821423 0.000198396 3.29904e-05 3.38568e-06 1.80367e-07
 2.14824e-27 2.18054e-27 7.43757e-27 1.79893e-21 1.06989e-16 1.46288e-12 4.5986e-09 3.32342e-06 0.000552181 0.0210929 0.185239 0.374002 0.174005 0.0292682 0.0660543 0.0922873 0.0326503 0.012433 0.00861911 0.00265908 0.000878087 0.000216109 3.64341e-05 3.64625e-06 1.84483e-07
 2.14809e-27 2.18019e-27 7.40216e-27 1.78692e-21 1.06275e-16 1.45312e-12 4.56791e-09 3.30124e-06 0.000548496 0.0209522 0.184003 0.371506 0.17285 0.0292417 0.0666452 0.0931442 0.033279 0.0137127 0.00970604 0.00307173 0.00103904 0.000250624 4.17521e-05 4.22398e-06 2.11883e-07
 2.14821e-27 2.18047e-27 7.43191e-27 1.79701e-21 1.06875e-16 1.46133e-12 4.59371e-09 3.31989e-06 0.000551594 0.0210705 0.185043 0.373604 0.173817 0.0291393 0.0653872 0.0913685 0.0326122 0.01334 0.00947781 0.00313368 0.00112211 0.000278632 4.68822e-05 4.68602e-06 2.34607e-07
 2.14764e-27 2.17908e-27 7.28569e-27 1.74742e-21 1.03926e-16 1.421e-12 4.46692e-09 3.22826e-06 0.00053637 0.020489 0.179935 0.363293 0.169066 0.0295916 0.0712564 0.0996495 0.0356455 0.0148254 0.0105668 0.00348735 0.00126131 0.00032809 5.81867e-05 5.95486e-06 2.9826e-07
 2.14696e-27 2.17742e-27 7.11103e-27 1.68818e-21 1.00402e-16 1.37282e-12 4.31549e-09 3.11881e-06 0.000518186 0.0197944 0.173835 0.350977 0.163388 0.029989 0.0773945 0.108335 0.0391618 0.0175807 0.0127408 0.00424496 0.00155017 0.000405329 7.39203e-05 7.94768e-06 4.12814e-07
 2.14722e-27 2.17808e-27 7.18311e-27 1.71264e-21 1.01857e-16 1.39271e-12 4.37802e-09 3.16401e-06 0.000525695 0.0200812 0.176354 0.356063 0.165725 0.0296245 0.0736362 0.103053 0.0375099 0.017649 0.0129765 0.00451624 0.00172954 0.000458892 8.46337e-05 9.28719e-06 5.01153e-07
#obs catch len freq
 1.221e-39 5.97597e-33 6.72425e-27 1.7395e-21 1.03455e-16 1.41455e-12 4.44666e-09 3.21361e-06 0.000533947 0.0203961 0.179118 0.361645 0.168299 0.0294309 0.0707726 0.099001 0.0358583 0.0163279 0.0119706 0.00427737 0.00172804 0.000511961 0.000110356 1.45871e-05 9.89608e-07
 1.22616e-39 6.0012e-33 6.75264e-27 1.74685e-21 1.03891e-16 1.42053e-12 4.46544e-09 3.22718e-06 0.000536201 0.0204822 0.179875 0.363172 0.169005 0.0294307 0.070311 0.0983398 0.0354849 0.0157378 0.0114526 0.00401893 0.00158425 0.000457323 9.64213e-05 1.25114e-05 8.24478e-07
 1.30784e-39 6.40097e-33 7.20248e-27 1.86321e-21 1.10812e-16 1.51516e-12 4.76291e-09 3.44217e-06 0.000571921 0.0218466 0.191857 0.387364 0.180149 0.0283607 0.0564876 0.0788393 0.0283928 0.0124176 0.00899245 0.003104 0.00119718 0.00033762 6.90806e-05 8.72594e-06 5.62398e-07
 1.14444e-39 5.60122e-33 6.30258e-27 1.63042e-21 9.69671e-17 1.32585e-12 4.16782e-09 3.01209e-06 0.000500463 0.0191171 0.167886 0.338968 0.157877 0.0310768 0.0876547 0.12271 0.043048 0.0152373 0.0105043 0.00359006 0.00136563 0.000377429 7.51257e-05 9.2065e-06 5.76577e-07
 1.33777e-39 6.54746e-33 7.36731e-27 1.90585e-21 1.13348e-16 1.54983e-12 4.87191e-09 3.52094e-06 0.000585009 0.0223466 0.196248 0.396229 0.18422 0.0276426 0.0494327 0.0689516 0.0256813 0.0138815 0.0102753 0.00312904 0.00103527 0.000277907 5.41767e-05 6.4611e-06 3.92679e-07
 1.3831e-39 6.76931e-33 7.61694e-27 1.97043e-21 1.17189e-16 1.60235e-12 5.03699e-09 3.64024e-06 0.000604831 0.0231038 0.202897 0.409654 0.190429 0.0276879 0.0456623 0.063509 0.0220092 0.00692888 0.00470913 0.00182696 0.000753233 0.000185033 3.22028e-05 3.69148e-06 2.1847e-07
 1.25162e-39 6.12583e-33 6.89289e-27 1.78312e-21 1.06049e-16 1.45003e-12 4.55818e-09 3.29421e-06 0.000547337 0.0209076 0.18361 0.370714 0.172508 0.0298515 0.0706067 0.0986335 0.0339321 0.00984486 0.00626839 0.00179796 0.000570098 0.000167899 3.28745e-05 3.4794e-06 1.91331e-07
 1.26895e-39 6.21066e-33 6.98833e-27 1.80781e-21 1.07517e-16 1.47011e-12 4.6213e-09 3.33982e-06 0.000554916 0.0211971 0.186153 0.375847 0.17485 0.0290287 0.0640373 0.0894763 0.0321038 0.0136435 0.00956953 0.00263077 0.000715202 0.000158856 2.77117e-05 3.27497e-06 1.8236e-07
 1.41421e-39 6.92159e-33 7.78829e-27 2.01476e-21 1.19825e-16 1.63839e-12 5.1503e-09 3.72213e-06 0.000618437 0.0236235 0.207462 0.418869 0.194665 0.0270472 0.0389739 0.0541191 0.0192139 0.00753697 0.00531527 0.00177751 0.000621643 0.000132658 1.84907e-05 1.78583e-06 9.85476e-08
 1.41095e-39 6.90563e-33 7.77032e-27 2.01011e-21 1.19549e-16 1.63461e-12 5.13842e-09 3.71355e-06 0.000617011 0.023569 0.206983 0.417903 0.194234 0.0274659 0.0418208 0.0580696 0.0197618 0.0050328 0.00309522 0.000990374 0.000348089 8.95305e-05 1.46302e-05 1.27185e-06 5.7336e-08
 1.34188e-39 6.56757e-33 7.38994e-27 1.91171e-21 1.13696e-16 1.55459e-12 4.88688e-09 3.53176e-06 0.000586806 0.0224153 0.196851 0.397446 0.184817 0.0285509 0.0546103 0.0760869 0.025992 0.0069371 0.00424633 0.00110005 0.000277202 6.65333e-05 1.17198e-05 1.18963e-06 5.49478e-08
 1.31685e-39 6.44508e-33 7.25211e-27 1.87605e-21 1.11576e-16 1.5256e-12 4.79573e-09 3.46588e-06 0.000575862 0.0219972 0.193179 0.390033 0.181396 0.0287059 0.0577904 0.0806066 0.0280956 0.00934454 0.00615508 0.00162507 0.000402666 7.73969e-05 1.04572e-05 1.03236e-06 5.26476e-08
 1.35235e-39 6.61883e-33 7.44761e-27 1.92663e-21 1.14584e-16 1.56673e-12 4.92502e-09 3.55932e-06 0.000591386 0.0225902 0.198387 0.400548 0.186234 0.0280875 0.0508463 0.0708333 0.0248404 0.0087567 0.00592283 0.0017343 0.000510472 0.000101167 1.23771e-05 9.62933e-07 4.25309e-08
 1.32896e-39 6.50435e-33 7.3188e-27 1.89331e-21 1.12602e-16 1.53963e-12 4.83983e-09 3.49776e-06 0.000581158 0.0221995 0.194956 0.39362 0.183049 0.0285584 0.0558094 0.0778048 0.0269714 0.00850041 0.005591 0.00168792 0.000531511 0.000118122 1.64953e-05 1.2679e-06 4.77261e-08
 1.28469e-39 6.28768e-33 7.07499e-27 1.83023e-21 1.08851e-16 1.48834e-12 4.67861e-09 3.38124e-06 0.000561798 0.0214599 0.188461 0.380508 0.177009 0.0291372 0.0632946 0.0883685 0.0308786 0.0105254 0.00703541 0.00201023 0.000589433 0.000134938 2.0668e-05 1.79039e-06 7.1622e-08
 1.16403e-39 5.69711e-33 6.41048e-27 1.65833e-21 9.86271e-17 1.34855e-12 4.23917e-09 3.06366e-06 0.000509031 0.0194443 0.17076 0.34477 0.160545 0.0306938 0.0835682 0.116977 0.0414133 0.0158544 0.0109592 0.00325456 0.000994776 0.000217659 3.21257e-05 2.93234e-06 1.29426e-07
 1.25523e-39 6.14349e-33 6.91275e-27 1.78826e-21 1.06355e-16 1.45421e-12 4.57132e-09 3.3037e-06 0.000548915 0.0209678 0.18414 0.371783 0.172962 0.0287907 0.0638092 0.0892221 0.0329166 0.0168444 0.0124198 0.00392969 0.00131356 0.000300775 4.50131e-05 3.98398e-06 1.77348e-07
 1.22312e-39 5.98634e-33 6.73593e-27 1.74252e-21 1.03634e-16 1.41701e-12 4.45438e-09 3.21919e-06 0.000534873 0.0204315 0.179429 0.362273 0.168599 0.0296875 0.0721495 0.100892 0.0358502 0.0141694 0.0101653 0.00381592 0.0015442 0.000386196 6.27862e-05 5.7687e-06 2.55964e-07
 1.26972e-39 6.2144e-33 6.99254e-27 1.80891e-21 1.07582e-16 1.47099e-12 4.62408e-09 3.34184e-06 0.000555251 0.0212099 0.186265 0.376074 0.174949 0.0288801 0.0630611 0.0881136 0.0317881 0.0140683 0.0101259 0.003277 0.00120252 0.000351905 6.81203e-05 6.92059e-06 3.26071e-07
 1.23452e-39 6.0421e-33 6.79866e-27 1.75875e-21 1.04599e-16 1.43021e-12 4.49587e-09 3.24918e-06 0.000539855 0.0206218 0.1811 0.365647 0.170155 0.0295832 0.0704961 0.0985574 0.0349779 0.0136786 0.00966989 0.00332388 0.00124829 0.000326432 6.32538e-05 7.48833e-06 4.02458e-07
 1.24688e-39 6.1026e-33 6.86675e-27 1.77636e-21 1.05647e-16 1.44453e-12 4.5409e-09 3.28171e-06 0.000545262 0.0208283 0.182914 0.369309 0.171834 0.0292328 0.0672537 0.0940203 0.0338344 0.0147083 0.0105418 0.00338424 0.00119866 0.000323567 6.1103e-05 6.97489e-06 4.0541e-07
 1.26377e-39 6.18529e-33 6.95979e-27 1.80043e-21 1.07078e-16 1.4641e-12 4.60242e-09 3.32618e-06 0.00055265 0.0211105 0.185392 0.374312 0.174141 0.0290552 0.0646615 0.090352 0.0323381 0.0135118 0.00967867 0.00329351 0.00122062 0.000312419 5.70905e-05 6.47821e-06 3.68961e-07
 1.24675e-39 6.102e-33 6.86607e-27 1.77619e-21 1.05636e-16 1.44439e-12 4.54045e-09 3.28139e-06 0.000545208 0.0208262 0.182896 0.369272 0.171822 0.0293635 0.0680626 0.0951365 0.0338972 0.0136769 0.00969511 0.00322926 0.00118919 0.000318913 5.89131e-05 6.43997e-06 3.59236e-07
 1.24729e-39 6.1046e-33 6.86899e-27 1.77694e-21 1.05682e-16 1.445e-12 4.54238e-09 3.28279e-06 0.00054544 0.0208351 0.182974 0.369429 0.171892 0.0292682 0.0674333 0.0942656 0.0338116 0.0143522 0.0102591 0.00334947 0.00119917 0.000316361 5.92156e-05 6.62753e-06 3.64907e-07
 1.24858e-39 6.11094e-33 6.87613e-27 1.77879e-21 1.05791e-16 1.4465e-12 4.5471e-09 3.2862e-06 0.000546006 0.0208567 0.183164 0.369813 0.172068 0.0292522 0.06722 0.0939627 0.0336729 0.0142018 0.0101752 0.00341763 0.00125506 0.000324957 5.93011e-05 6.62291e-06 3.70135e-07
 1.2579e-39 6.15654e-33 6.92744e-27 1.79206e-21 1.06581e-16 1.4573e-12 4.58103e-09 3.31072e-06 0.000550081 0.0210124 0.184531 0.372573 0.17334 0.0291316 0.0656518 0.0917501 0.0328619 0.0138026 0.0098758 0.00330704 0.00122011 0.000323912 5.96815e-05 6.54129e-06 3.61468e-07
 1.17989e-39 5.77474e-33 6.49783e-27 1.68093e-21 9.9971e-17 1.36692e-12 4.29693e-09 3.1054e-06 0.000515967 0.0197093 0.173087 0.349468 0.1627 0.0302438 0.079405 0.111138 0.0397302 0.0164475 0.0117293 0.00391912 0.0014416 0.000382886 7.14951e-05 7.95704e-06 4.37637e-07
 1.18336e-39 5.79171e-33 6.51693e-27 1.68587e-21 1.00265e-16 1.37094e-12 4.30956e-09 3.11453e-06 0.000517484 0.0197672 0.173596 0.350495 0.163155 0.0297352 0.0759908 0.106403 0.0391199 0.0196109 0.0144894 0.00480562 0.00175084 0.000463428 8.64507e-05 9.69466e-06 5.39958e-07
#spawning biomass
 4158.13 2336.3 2380.81 2232.99 2424.92 3503.03 4343.04 4651.04 7142.16 12094.7 18129.5 23075.8 29411.9 38191 45924.5 40502.2 34056.7 30559.2 31342.7 34041.8 32497.3 33312.1 37474.3 43628.6 45423.5 54674.5 58104.7 47698 38979.5 76106.1 75058.3 45939.9 27576.3 18911.4 15171.4 13631.2 13015.5 12774.1 12680.7 12644.9 12631.2 12626.1 12624.1 12623.4 12623.1 12623 12622.9 12622.9 12622.9 12622.9 12622.9 12622.9 12622.9 12622.9 12622.9 12622.9 12622.9 12622.9 12622.9 12622.9 12622.9 12622.9 12622.9 12622.9 12622.9 12622.9 12622.9 12622.9 12622.9 12622.9 12622.9 12622.9 12622.9 12622.9 12622.9 12622.9 12622.9 12622.9 12622.9 12622.9 12622.9 12622.9 12622.9 12622.9 12622.9 12622.9 12622.9 12622.9 12622.9 12622.9 12622.9 12622.9 12622.9 12622.9 12622.9 12622.9 12622.9 12622.9 12622.9 12622.9 12622.9 12622.9 12622.9 12622.9 12622.9 12622.9 12622.9 12622.9 12622.9 12622.9 12622.9 12622.9 12622.9 12622.9 12622.9 12622.9 12622.9 12622.9 12622.9 12622.9 12622.9 12622.9 12622.9 12622.9 12622.9 12622.9 12622.9 12622.9 0 0 0 0 0 0 0 0 0 0 0 0 0 0 0 0 0 0 0 0 0 0 0 0 0
