SBPRF35
0.535412
Curr Bio
251013
B35
1.2208e+06
F35
0.315927
FOFL
0
OFL
0
Bzero
152975
#pred survey bio
 44129.8 33509.7 23889 18576.4 35568.3 49324.4 77873.4 111135 154585 219269 201221 225181 246283 287376 289158 262300 239924 271969 312186 306200 266178 258125 265465 268203 254175 278046 294385 324143 8.90962e+06 1.27107e+07 1.22683e+07 1.02416e+07 7.94206e+06 5.95918e+06 4.45622e+06 3.3965e+06 2.68027e+06 2.20745e+06 1.89849e+06 1.69669e+06 1.56391e+06 1.4754e+06 1.41508e+06 1.3722e+06 1.34263e+06 1.32181e+06 1.30686e+06 1.29596e+06 1.28792e+06 1.28191e+06 1.2774e+06 1.27399e+06 1.27139e+06 1.26941e+06 1.2679e+06 1.26674e+06 1.26585e+06 1.26517e+06 1.26465e+06 1.26424e+06 1.26393e+06 1.26369e+06 1.26351e+06 1.26337e+06 1.26326e+06 1.26318e+06 1.26311e+06 1.26306e+06 1.26302e+06 1.263e+06 1.26297e+06 1.26296e+06 1.26294e+06 1.26293e+06 1.26292e+06 1.26292e+06 1.26291e+06 1.26291e+06 1.26291e+06 1.2629e+06 1.2629e+06 1.2629e+06 1.2629e+06 1.2629e+06 1.2629e+06 1.2629e+06 1.2629e+06 1.2629e+06 1.2629e+06 1.2629e+06 1.2629e+06 1.2629e+06 1.2629e+06 1.2629e+06 1.2629e+06 1.2629e+06 1.2629e+06 1.2629e+06 1.2629e+06 1.2629e+06 1.2629e+06 1.2629e+06 1.2629e+06 1.2629e+06 1.2629e+06 1.2629e+06 1.2629e+06 1.2629e+06 1.2629e+06 1.2629e+06 1.2629e+06 1.2629e+06 1.2629e+06 1.2629e+06 1.2629e+06 1.2629e+06 1.2629e+06 1.2629e+06 1.2629e+06 1.2629e+06 1.2629e+06 1.2629e+06 1.2629e+06 1.2629e+06 1.2629e+06 1.2629e+06 1.2629e+06 1.2629e+06 0 0 0 0 0 0 0 0 0 0 0 0 0 0 0 0 0 0 0 0 0 0 0 0 0
#obs survey bio
 41947.6 25704.9 14662 21087.3 46044.9 42718.4 105012 116704 122820 155407 133283 162571 221961 220547 269355 179260 185266 207342 449892 169232 225196 209221 287216 188181 207140 249281 281416 241529
#pred catch bio
 24920.6 18115.4 14876.7 10426.8 23676.6 32663.2 52680.1 80617.2 99902.8 172064 149837 174062 181793 229565 234693 215528 187205 218979 257194 260050 222026 214422 227104 235990 211602 239411 256957 261401 0 141779 135721 110358 82750.3 59608.5 42572.7 30973.1 23470.4 18787.9 15939.4 14239 13238.2 12655.4 12318 12121.6 12011.4 11949.4 11914.7 11895.2 11884.2 11878.1 11874.6 11872.7 11871.6 11871 11870.6 11870.4 11870.3 11870.3 11870.2 11870.2 11870.2 11870.2 11870.2 11870.2 11870.2 11870.2 11870.2 11870.2 11870.2 11870.2 11870.2 11870.2 11870.2 11870.2 11870.2 11870.2 11870.2 11870.2 11870.2 11870.2 11870.2 11870.2 11870.2 11870.2 11870.2 11870.2 11870.2 11870.2 11870.2 11870.2 11870.2 11870.2 11870.2 11870.2 11870.2 11870.2 11870.2 11870.2 11870.2 11870.2 11870.2 11870.2 11870.2 11870.2 11870.2 11870.2 11870.2 11870.2 11870.2 11870.2 11870.2 11870.2 11870.2 11870.2 11870.2 11870.2 11870.2 11870.2 11870.2 11870.2 11870.2 11870.2 11870.2 11870.2 11870.2 11870.2 11870.2 11870.2 0 0 0 0 0 0 0 0 0 0 0 0 0 0 0 0 0 0 0 0 0 0 0 0 0
#obs catch bio
 18014.8 18116 17751.9 11227.5 16680.4 27829.2 36735 66483.5 84094.3 158033 151088 149881 143865 192286 219547 199425 157404 179744 210334 249203 187581 174766 173764 214138 184434 187795 214258 228923
#pred cpue bio
 34581.2 26595.5 21267.7 11146 14786.8 23496.6 33090.3 50055.8 61515.4 107814 93635 102065 102900 128799 117329 110949 95960.5 107562 110350 114946 97618.4 93013.2 92450.8 83799.3 73457.7 91833 85994.3 86343.8 3.18396e+06 1.24271e+07 1.21458e+07 1.0118e+07 7.81842e+06 5.83554e+06 4.33259e+06 3.27286e+06 2.55664e+06 2.08381e+06 1.77486e+06 1.57305e+06 1.44027e+06 1.35177e+06 1.29144e+06 1.24856e+06 1.219e+06 1.19817e+06 1.18322e+06 1.17232e+06 1.16428e+06 1.15828e+06 1.15376e+06 1.15035e+06 1.14776e+06 1.14578e+06 1.14426e+06 1.14311e+06 1.14222e+06 1.14153e+06 1.14101e+06 1.14061e+06 1.1403e+06 1.14006e+06 1.13987e+06 1.13973e+06 1.13962e+06 1.13954e+06 1.13948e+06 1.13943e+06 1.13939e+06 1.13936e+06 1.13934e+06 1.13932e+06 1.1393e+06 1.13929e+06 1.13929e+06 1.13928e+06 1.13928e+06 1.13927e+06 1.13927e+06 1.13927e+06 1.13927e+06 1.13926e+06 1.13926e+06 1.13926e+06 1.13926e+06 1.13926e+06 1.13926e+06 1.13926e+06 1.13926e+06 1.13926e+06 1.13926e+06 1.13926e+06 1.13926e+06 1.13926e+06 1.13926e+06 1.13926e+06 1.13926e+06 1.13926e+06 1.13926e+06 1.13926e+06 1.13926e+06 1.13926e+06 1.13926e+06 1.13926e+06 1.13926e+06 1.13926e+06 1.13926e+06 1.13926e+06 1.13926e+06 1.13926e+06 1.13926e+06 1.13926e+06 1.13926e+06 1.13926e+06 1.13926e+06 1.13926e+06 1.13926e+06 1.13926e+06 1.13926e+06 1.13926e+06 1.13926e+06 1.13926e+06 1.13926e+06 1.13926e+06 1.13926e+06 1.13926e+06 1.13926e+06 1.13926e+06 0 0 0 0 0 0 0 0 0 0 0 0 0 0 0 0 0 0 0 0 0 0 0 0 0
#obs cpue bio
 27252.2 31963.2 11489.4 19030.3 27611.1 55598.2 104642 99258.8 121974 232686 133744 295002 279546 338962 167705 216092 249196 307696 187705 216470 239395 257848 256197 164321 154088 278332 184385 185824
#pred surv len freq
 1.17178e-11 1.27185e-09 8.13982e-08 3.07172e-06 6.83498e-05 0.000896795 0.00693911 0.0316845 0.0856526 0.139336 0.147026 0.128531 0.122734 0.110438 0.0792297 0.0505648 0.0322754 0.0204042 0.0131088 0.00892492 0.00660306 0.0053913 0.0046043 0.003529 0.00205533
 1.01774e-11 1.10466e-09 7.0698e-08 2.66793e-06 5.93652e-05 0.000778927 0.00602771 0.0275376 0.0746431 0.123044 0.137365 0.138818 0.151519 0.139116 0.0919902 0.0491554 0.026008 0.0142648 0.00789972 0.00445662 0.00266408 0.00178661 0.00133574 0.000967704 0.000559778
 6.07301e-12 6.59167e-10 4.21866e-08 1.592e-06 3.54246e-05 0.00046483 0.00359812 0.0164623 0.0449558 0.0767868 0.0980792 0.128646 0.169133 0.169498 0.124676 0.078374 0.0455892 0.0232073 0.0106676 0.00488684 0.00233012 0.00120262 0.000710223 0.000448401 0.000245831
 1.67612e-11 1.81927e-09 1.16433e-07 4.39381e-06 9.77677e-05 0.00128275 0.00992424 0.0452861 0.122028 0.195334 0.191316 0.130202 0.0854549 0.066074 0.0522476 0.0403329 0.0284483 0.0169949 0.00865485 0.00380834 0.00150028 0.00058229 0.000248455 0.000120793 5.77446e-05
 1.89814e-11 2.06025e-09 1.31855e-07 4.97581e-06 0.000110718 0.00145266 0.0112388 0.0512853 0.1382 0.221276 0.216944 0.147853 0.0950145 0.0644247 0.0345116 0.0123588 0.00330986 0.00106407 0.000520683 0.000261753 0.000110725 3.92826e-05 1.26648e-05 4.25245e-06 1.53931e-06
 1.76867e-11 1.91972e-09 1.22862e-07 4.63642e-06 0.000103166 0.00135358 0.0104726 0.0477953 0.128885 0.20708 0.206428 0.149812 0.108462 0.0792935 0.0427336 0.014343 0.00287071 0.000339539 2.36904e-05 9.74799e-07 2.36811e-08 3.50245e-10 6.59487e-12 1.01651e-12 2.53593e-13
 1.86993e-11 2.02963e-09 1.29896e-07 4.90188e-06 0.000109073 0.00143108 0.0110719 0.0505255 0.136177 0.218233 0.214889 0.148934 0.0989722 0.0684634 0.0363077 0.0121442 0.00242902 0.000287284 2.00503e-05 8.25934e-07 2.01255e-08 2.92415e-10 2.60396e-12 1.54205e-14 7.2257e-17
 1.82081e-11 1.97632e-09 1.26484e-07 4.77311e-06 0.000106208 0.00139349 0.0107812 0.0492012 0.13264 0.212823 0.210785 0.14936 0.103575 0.0737169 0.0394248 0.0132107 0.00264323 0.000312614 2.18113e-05 8.97418e-07 2.17749e-08 3.1164e-10 2.63328e-12 1.31814e-14 3.9552e-17
 1.91987e-11 2.08383e-09 1.33365e-07 5.03278e-06 0.000111986 0.00146929 0.0113675 0.0518718 0.139773 0.223733 0.219061 0.148501 0.0942929 0.0631229 0.033139 0.0110598 0.0022111 0.000261463 1.82417e-05 7.50518e-07 1.82082e-08 2.60471e-10 2.19724e-12 1.09327e-14 3.21089e-17
 1.73684e-11 1.88517e-09 1.20651e-07 4.55299e-06 0.00010131 0.00132923 0.0102842 0.0469372 0.126593 0.203574 0.203768 0.150088 0.111444 0.0826974 0.0447532 0.0150341 0.00300956 0.000355976 2.48376e-05 1.022e-06 2.4803e-08 3.55249e-10 3.01001e-12 1.52146e-14 4.71961e-17
 1.7911e-11 1.94406e-09 1.2442e-07 4.69521e-06 0.000104474 0.00137075 0.0106053 0.0484 0.1305 0.20955 0.208302 0.149617 0.10636 0.076895 0.0413104 0.013856 0.00277287 0.000327957 2.28817e-05 9.41425e-07 2.28396e-08 3.26715e-10 2.75572e-12 1.37059e-14 4.01941e-17
 1.81519e-11 1.97021e-09 1.26093e-07 4.75837e-06 0.00010588 0.00138918 0.0107479 0.0490495 0.132235 0.212203 0.210315 0.149408 0.104103 0.0743184 0.0397816 0.0133329 0.00266777 0.000315517 2.20136e-05 9.05709e-07 2.19732e-08 3.14324e-10 2.65132e-12 1.31885e-14 3.86968e-17
 1.8833e-11 2.04414e-09 1.30825e-07 4.93692e-06 0.000109852 0.0014413 0.011151 0.0508859 0.13714 0.219705 0.216006 0.148818 0.0977199 0.067034 0.0354596 0.0118539 0.00237063 0.000280346 1.95594e-05 8.04731e-07 1.95233e-08 2.79275e-10 2.35559e-12 1.17157e-14 3.43571e-17
 1.82517e-11 1.98104e-09 1.26786e-07 4.78452e-06 0.000106462 0.00139682 0.010807 0.0493185 0.132953 0.213302 0.211148 0.149322 0.103168 0.0732514 0.0391486 0.0131162 0.00262424 0.000310365 2.16541e-05 8.90918e-07 2.16143e-08 3.09187e-10 2.6079e-12 1.29709e-14 3.80415e-17
 1.90561e-11 2.06836e-09 1.32375e-07 4.9954e-06 0.000111154 0.00145838 0.0112831 0.0514874 0.138746 0.222162 0.21787 0.148624 0.0956292 0.064648 0.0340439 0.0113695 0.00227331 0.000268826 1.87555e-05 7.71656e-07 1.87209e-08 2.67797e-10 2.25876e-12 1.12341e-14 3.29442e-17
 1.87359e-11 2.03361e-09 1.3015e-07 4.91147e-06 0.000109286 0.00143388 0.0110936 0.0506242 0.136441 0.218636 0.215195 0.148902 0.0986295 0.0680722 0.0360755 0.0120647 0.00241298 0.000285359 1.99092e-05 8.19122e-07 1.98724e-08 2.8427e-10 2.39771e-12 1.19252e-14 3.49706e-17
 1.9162e-11 2.07985e-09 1.3311e-07 5.02316e-06 0.000111771 0.00146648 0.0113458 0.0517729 0.139509 0.223328 0.218755 0.148533 0.0946369 0.0635156 0.033372 0.0111396 0.00222711 0.000263359 1.8374e-05 7.55958e-07 1.834e-08 2.62349e-10 2.21281e-12 1.10056e-14 3.2274e-17
 1.92429e-11 2.08863e-09 1.33672e-07 5.04438e-06 0.000112244 0.00147267 0.0113937 0.0519911 0.140092 0.22422 0.219431 0.148462 0.0938785 0.06265 0.0328584 0.0109638 0.00219181 0.00025918 1.80824e-05 7.43959e-07 1.80489e-08 2.58185e-10 2.17769e-12 1.08309e-14 3.17617e-17
 1.99781e-11 2.16843e-09 1.38779e-07 5.2371e-06 0.000116532 0.00152893 0.0118288 0.0539732 0.145386 0.232317 0.225574 0.147825 0.0869891 0.0547874 0.0281932 0.00936748 0.00187108 0.000221217 1.54333e-05 6.34966e-07 1.54046e-08 2.20359e-10 1.85865e-12 9.24411e-15 2.71084e-17
 1.96004e-11 2.12743e-09 1.36155e-07 5.13808e-06 0.000114329 0.00150003 0.0116052 0.0529548 0.142666 0.228157 0.222418 0.148152 0.0905288 0.0588271 0.0305901 0.0101877 0.00203587 0.000240722 1.67944e-05 6.90965e-07 1.67632e-08 2.39793e-10 2.02257e-12 1.00594e-14 2.94992e-17
 1.9751e-11 2.14378e-09 1.37202e-07 5.17756e-06 0.000115207 0.00151155 0.0116944 0.0533609 0.14375 0.229816 0.223676 0.148022 0.0891174 0.0572163 0.0296344 0.00986063 0.00197016 0.000232945 1.62517e-05 6.68637e-07 1.62215e-08 2.32044e-10 1.95721e-12 9.73431e-15 2.85459e-17
 1.98611e-11 2.15574e-09 1.37967e-07 5.20644e-06 0.00011585 0.00151998 0.0117595 0.0536578 0.144544 0.231029 0.224596 0.147926 0.0880852 0.0560383 0.0289354 0.00962147 0.00192211 0.000227257 1.58548e-05 6.52307e-07 1.58254e-08 2.26377e-10 1.90941e-12 9.49657e-15 2.78488e-17
 2.00662e-11 2.178e-09 1.39391e-07 5.2602e-06 0.000117046 0.00153568 0.0118809 0.0542107 0.146021 0.233287 0.22631 0.147749 0.0861635 0.0538451 0.0276341 0.00917618 0.00183265 0.000216668 1.51159e-05 6.21904e-07 1.50878e-08 2.15826e-10 1.82041e-12 9.05395e-15 2.65508e-17
 2.06533e-11 2.24172e-09 1.4347e-07 5.41409e-06 0.00012047 0.0015806 0.0122284 0.0557935 0.150248 0.239753 0.231215 0.14724 0.0806621 0.0475665 0.0239088 0.00790143 0.00157654 0.000186354 1.30005e-05 5.34869e-07 1.29762e-08 1.85621e-10 1.56564e-12 7.78684e-15 2.2835e-17
 2.10215e-11 2.28168e-09 1.46027e-07 5.51062e-06 0.000122618 0.00160878 0.0124463 0.0567863 0.1529 0.243809 0.234292 0.14692 0.0772114 0.0436284 0.0215722 0.00710188 0.0014159 0.00016734 1.16737e-05 4.80278e-07 1.16518e-08 1.66676e-10 1.40585e-12 6.99208e-15 2.05043e-17
 2.03648e-11 2.2104e-09 1.41465e-07 5.33846e-06 0.000118787 0.00155852 0.0120576 0.0550157 0.14817 0.236576 0.228804 0.14749 0.0833658 0.0506522 0.0257396 0.00852792 0.00170241 0.000201252 1.40401e-05 5.77643e-07 1.4014e-08 2.00466e-10 1.69085e-12 8.40958e-15 2.46612e-17
 2.09734e-11 2.27646e-09 1.45693e-07 5.498e-06 0.000122337 0.0016051 0.0124178 0.0566565 0.152553 0.243279 0.233889 0.146962 0.0776626 0.0441434 0.0218777 0.00720643 0.00143691 0.000169826 1.18472e-05 4.87417e-07 1.1825e-08 1.69153e-10 1.42674e-12 7.096e-15 2.08091e-17
 2.13656e-11 2.31903e-09 1.48418e-07 5.60082e-06 0.000124625 0.00163511 0.01265 0.057714 0.155378 0.247599 0.237167 0.146622 0.0739869 0.0399484 0.0193887 0.00635472 0.00126579 0.000149572 1.04338e-05 4.29265e-07 1.04142e-08 1.48972e-10 1.25652e-12 6.2494e-15 1.83264e-17
#obs surv len freq
 4.46893e-11 4.14165e-09 2.26324e-07 7.29246e-06 0.000138551 0.0015522 0.0102559 0.0400056 0.0926168 0.130801 0.127606 0.119712 0.127934 0.121564 0.0947987 0.0651632 0.0385991 0.0186743 0.0074022 0.00240608 0.000620997 0.000121797 1.73652e-05 1.72533e-06 1.15177e-07
 2.81316e-11 2.51456e-09 1.32531e-07 4.11871e-06 7.54749e-05 0.000815623 0.00520089 0.0196303 0.0445807 0.0659191 0.0827353 0.11765 0.157827 0.164122 0.139286 0.101466 0.0595779 0.0272113 0.0100047 0.00301971 0.000724416 0.000131261 1.71537e-05 1.55529e-06 9.47254e-08
 1.41361e-11 1.2166e-09 6.17381e-08 1.84736e-06 3.25956e-05 0.000339222 0.00208489 0.00761916 0.0171413 0.0275878 0.0449891 0.0820795 0.130255 0.170265 0.18759 0.160971 0.100338 0.0461977 0.0165577 0.00471212 0.00104248 0.000172877 2.06458e-05 1.70796e-06 9.47082e-08
 2.69923e-10 2.23308e-08 1.08932e-06 3.13323e-05 0.000531394 0.00531408 0.031335 0.10895 0.223397 0.270307 0.193712 0.0841754 0.0263248 0.0128881 0.013204 0.0127379 0.00923509 0.00502884 0.00205228 0.000616366 0.000134268 2.09565e-05 2.30006e-06 1.73159e-07 8.71396e-09
 1.61614e-10 1.28329e-08 6.00837e-07 1.65874e-05 0.00027002 0.00259215 0.0146831 0.0492242 0.09921 0.129569 0.141071 0.169021 0.181757 0.131389 0.0584954 0.0166552 0.0039456 0.0013151 0.000548491 0.000185291 4.39542e-05 7.07277e-06 7.60545e-07 5.4046e-08 2.50967e-09
 4.43438e-10 3.37468e-08 1.51432e-06 4.00675e-05 0.000625106 0.00575058 0.0311961 0.0998423 0.188962 0.214105 0.154483 0.0904713 0.0650468 0.0568337 0.0464661 0.0295261 0.01263 0.0033807 0.000565772 6.61582e-05 7.29026e-06 8.87972e-07 9.16817e-08 6.47527e-09 2.93066e-10
 5.03941e-10 3.67067e-08 1.57651e-06 3.99242e-05 0.000596169 0.00524957 0.0272675 0.0836952 0.153207 0.175052 0.149597 0.133505 0.121579 0.0841212 0.0414797 0.0164969 0.00587145 0.00176557 0.000402516 6.44966e-05 6.94316e-06 5.02875e-07 2.64392e-08 1.13355e-09 3.99651e-11
 7.94107e-10 5.5291e-08 2.26996e-06 5.49501e-05 0.000784353 0.00660191 0.0327765 0.0961215 0.16777 0.180984 0.141361 0.113018 0.0999462 0.0765671 0.0479404 0.0243289 0.00904995 0.00226251 0.000379379 4.59566e-05 4.38454e-06 3.27983e-07 1.76631e-08 6.38396e-10 1.51923e-11
 1.12208e-09 7.45919e-08 2.92379e-06 6.75754e-05 0.000920929 0.007401 0.0350875 0.0983332 0.164633 0.173391 0.140022 0.121211 0.107803 0.0770095 0.0436555 0.0205388 0.00752241 0.00197921 0.0003672 4.84531e-05 4.52736e-06 2.95865e-07 1.35101e-08 4.32987e-10 9.62418e-12
 1.18315e-09 7.50086e-08 2.80395e-06 6.18044e-05 0.000803294 0.0061576 0.0278632 0.074784 0.121959 0.134615 0.135726 0.151508 0.146144 0.104391 0.0582793 0.0263534 0.00890248 0.00207472 0.000332634 3.85462e-05 3.35627e-06 2.16176e-07 9.8113e-09 3.00795e-10 6.08063e-12
 2.39425e-09 1.44607e-07 5.14988e-06 0.000108142 0.00133902 0.00977734 0.0421233 0.107364 0.164132 0.160716 0.127407 0.113507 0.10417 0.0810317 0.0519219 0.0255337 0.00864265 0.00191103 0.000279486 2.84159e-05 2.10801e-06 1.15516e-07 4.58085e-09 1.27564e-10 2.42113e-12
 3.76354e-09 2.16341e-07 7.33281e-06 0.000146551 0.00172707 0.0120029 0.0492269 0.119544 0.174858 0.166766 0.134113 0.119876 0.100763 0.065869 0.0344449 0.0146871 0.00471284 0.00106523 0.000168581 1.88871e-05 1.48473e-06 8.00372e-08 2.91243e-09 7.12501e-11 1.17014e-12
 5.21498e-09 2.85051e-07 9.18712e-06 0.000174593 0.00195651 0.0129308 0.0504512 0.116776 0.164318 0.156568 0.135894 0.130232 0.108937 0.0688658 0.0344137 0.0136678 0.0039329 0.000762782 9.98275e-05 9.28383e-06 6.44212e-07 3.32209e-08 1.21428e-09 2.99545e-11 4.82716e-13
 7.26209e-09 3.7713e-07 1.15481e-05 0.000208506 0.00221995 0.013941 0.0517075 0.114039 0.154589 0.147877 0.137369 0.137453 0.114341 0.0718502 0.035878 0.0139424 0.00380614 0.000680707 7.93156e-05 6.25875e-06 3.52119e-07 1.45185e-08 4.35001e-10 9.22765e-12 1.34668e-13
 1.09336e-08 5.39039e-07 1.56698e-05 0.000268597 0.00271493 0.016187 0.0570157 0.11957 0.155034 0.144776 0.134785 0.133956 0.110516 0.0705694 0.0361059 0.0140208 0.00373526 0.000648901 7.40201e-05 5.74914e-06 3.13508e-07 1.2017e-08 3.17588e-10 5.68824e-12 6.84891e-14
 1.63582e-08 7.65103e-07 2.11005e-05 0.00034313 0.00329043 0.018614 0.0622371 0.124178 0.154765 0.1436 0.137072 0.135191 0.107411 0.0656953 0.0321261 0.0118783 0.00301452 0.000502458 5.56808e-05 4.25474e-06 2.29469e-07 8.66172e-09 2.23064e-10 3.8328e-12 4.32983e-14
 2.75523e-08 1.22182e-06 3.19481e-05 0.000492582 0.00447855 0.0240205 0.0761392 0.143944 0.169534 0.147268 0.130392 0.12072 0.0916608 0.0542189 0.0255789 0.00900047 0.00214815 0.000334167 3.43881e-05 2.43843e-06 1.22829e-07 4.38144e-09 1.07847e-10 1.78364e-12 1.94266e-14
 3.78857e-08 1.5921e-06 3.94508e-05 0.00057642 0.00496672 0.0252518 0.0759672 0.137108 0.158171 0.144885 0.141405 0.132744 0.0953709 0.0519007 0.0224182 0.007298 0.00163049 0.000239418 2.33794e-05 1.57362e-06 7.4753e-08 2.48985e-09 5.68087e-11 8.69364e-13 8.78973e-15
 5.52279e-08 2.19846e-06 5.16022e-05 0.0007142 0.00582952 0.0280805 0.0800964 0.137548 0.153212 0.140592 0.139696 0.130987 0.0953024 0.0540742 0.0241171 0.00777555 0.0016669 0.000231606 2.13021e-05 1.3488e-06 6.02401e-08 1.88443e-09 4.0292e-11 5.75713e-13 5.40892e-15
 8.13603e-08 3.06687e-06 6.81664e-05 0.000893409 0.00690577 0.0315084 0.0852171 0.13943 0.150843 0.14016 0.141556 0.130067 0.0919219 0.0508885 0.0220426 0.00685677 0.00142404 0.000194634 1.79373e-05 1.14618e-06 5.09909e-08 1.55037e-09 3.15269e-11 4.22703e-13 3.7015e-15
 1.23823e-07 4.41884e-06 9.29836e-05 0.00115375 0.00844338 0.0364794 0.0935005 0.145508 0.151795 0.139607 0.139424 0.124526 0.0858958 0.0466962 0.019666 0.00587203 0.00116772 0.000153969 1.38562e-05 8.73278e-07 3.84721e-08 1.15779e-09 2.32255e-11 3.05048e-13 2.58821e-15
 1.92886e-07 6.51578e-06 0.000129785 0.00152438 0.0105604 0.0431988 0.104925 0.155329 0.156274 0.141666 0.137913 0.116627 0.0748969 0.0375627 0.0145629 0.00400098 0.000728417 8.70921e-05 7.05233e-06 4.01373e-07 1.62396e-08 4.58347e-10 8.76464e-12 1.10769e-13 9.07844e-16
 2.78728e-07 8.91202e-06 0.000168022 0.00186799 0.01225 0.0474537 0.109346 0.154807 0.153203 0.142393 0.139729 0.115069 0.0716794 0.0349226 0.0130303 0.00340997 0.000589399 6.69708e-05 5.14648e-06 2.75281e-07 1.02958e-08 2.64656e-10 4.57925e-12 5.25046e-14 3.93866e-16
 3.68724e-07 1.11591e-05 0.000199137 0.00209563 0.0130109 0.0477604 0.104725 0.14369 0.146064 0.148275 0.150923 0.121315 0.0726482 0.0338629 0.0119633 0.00293203 0.000470613 4.92907e-05 3.47201e-06 1.70126e-07 5.85594e-09 1.39235e-10 2.2299e-12 2.35654e-14 1.61839e-16
 5.96477e-07 1.70873e-05 0.000288637 0.00287518 0.0168966 0.0587015 0.121741 0.157491 0.149429 0.140574 0.135469 0.10688 0.0649792 0.0308747 0.0108016 0.00255022 0.000389505 3.87105e-05 2.58339e-06 1.19194e-07 3.82104e-09 8.36831e-11 1.22589e-12 1.18236e-14 7.41875e-17
 7.46876e-07 2.02546e-05 0.000323895 0.0030546 0.0170016 0.0560399 0.111154 0.142134 0.145501 0.154789 0.153084 0.114315 0.0636926 0.0276214 0.00894986 0.00199483 0.00029317 2.85692e-05 1.89401e-06 8.67096e-08 2.71752e-09 5.70916e-11 7.89526e-13 7.1029e-15 4.11974e-17
 1.15527e-06 2.96623e-05 0.000449087 0.00400985 0.0211307 0.0659455 0.123842 0.149864 0.144997 0.146414 0.140221 0.105006 0.0605425 0.0269099 0.00856325 0.00180506 0.000244935 2.17123e-05 1.30348e-06 5.45726e-08 1.59556e-09 3.18696e-11 4.23485e-13 3.66537e-15 2.03412e-17
 1.51363e-06 3.67997e-05 0.000527573 0.00446106 0.0222735 0.0660045 0.118842 0.142983 0.148003 0.159756 0.149818 0.103825 0.0540311 0.0216887 0.00633288 0.00124283 0.000158419 1.32443e-05 7.48052e-07 2.91734e-08 7.84073e-10 1.42596e-11 1.72183e-13 1.36118e-15 6.96423e-18
#pred catch len freq
 1.6683e-12 1.81078e-10 1.1589e-08 4.37341e-07 9.73225e-06 0.00012775 0.000990721 0.00457568 0.0130827 0.0270337 0.0553593 0.115868 0.183244 0.191502 0.141886 0.0911825 0.0583148 0.0368853 0.0236989 0.0161349 0.0119373 0.00974659 0.00832382 0.00637986 0.0037157
 1.24189e-12 1.34796e-10 8.62696e-09 3.25564e-07 7.24529e-06 9.51337e-05 0.000738908 0.00343898 0.0101896 0.0237747 0.0586412 0.13531 0.217691 0.221506 0.149725 0.0804589 0.0426773 0.0234304 0.0129781 0.00732165 0.00437671 0.00293514 0.00219443 0.0015898 0.000919637
 6.07808e-13 6.59719e-11 4.22224e-09 1.59343e-07 3.54661e-06 4.66017e-05 0.000363267 0.00172108 0.00550872 0.0158646 0.0489512 0.12382 0.2056 0.217535 0.161883 0.102128 0.0595036 0.0303079 0.0139331 0.00638272 0.00304335 0.00157073 0.000927614 0.000585651 0.000321076
 5.13968e-12 5.57863e-10 3.57032e-08 1.34733e-06 2.99804e-05 0.000393393 0.00304513 0.0139318 0.0380395 0.0649286 0.0827734 0.108637 0.14525 0.154528 0.131639 0.102743 0.0725423 0.0433385 0.02207 0.00971113 0.00382562 0.0014848 0.000633544 0.000308012 0.000147244
 1.51285e-11 1.64205e-09 1.05091e-07 3.96581e-06 8.82443e-05 0.00115782 0.00895847 0.0408971 0.110448 0.178794 0.184533 0.150588 0.130168 0.10489 0.0589558 0.0213235 0.00571742 0.00183584 0.000897652 0.000451201 0.000190861 6.77127e-05 2.18307e-05 7.33008e-06 2.65335e-06
 1.24857e-11 1.3552e-09 8.67327e-08 3.27303e-06 7.28293e-05 0.00095558 0.00739438 0.0337729 0.0914303 0.149796 0.162971 0.154321 0.1572 0.134917 0.0757369 0.0256362 0.00513963 0.0006081 4.24312e-05 1.74596e-06 4.2415e-08 6.27249e-10 1.17887e-11 1.8144e-12 4.52626e-13
 1.4851e-11 1.61194e-09 1.03164e-07 3.89308e-06 8.66261e-05 0.00113659 0.00879431 0.0401501 0.108464 0.175848 0.182735 0.15227 0.135034 0.10962 0.0607275 0.0205003 0.00410789 0.000486022 3.39231e-05 1.39741e-06 3.40502e-08 4.94708e-10 4.40461e-12 2.60705e-14 1.22038e-16
 1.48894e-11 1.6161e-09 1.0343e-07 3.90315e-06 8.68501e-05 0.00113952 0.00881704 0.0402536 0.108741 0.176271 0.183055 0.152237 0.134675 0.10921 0.0604838 0.0204168 0.004091 0.000483979 3.37695e-05 1.38945e-06 3.37136e-08 4.82504e-10 4.07701e-12 2.04078e-14 6.12308e-17
 1.52463e-11 1.65484e-09 1.0591e-07 3.9967e-06 8.89318e-05 0.00116684 0.00902827 0.0412159 0.111311 0.180202 0.186038 0.151927 0.13133 0.105393 0.0582191 0.0196418 0.0039353 0.000465548 3.2483e-05 1.33647e-06 3.2424e-08 4.63831e-10 3.9127e-12 1.94682e-14 5.71771e-17
 1.45972e-11 1.58439e-09 1.01401e-07 3.82654e-06 8.51456e-05 0.00111716 0.00864409 0.0394658 0.106636 0.173052 0.180614 0.15249 0.137413 0.112335 0.0623381 0.0210513 0.00421849 0.000499071 3.48232e-05 1.43289e-06 3.47751e-08 4.98074e-10 4.22009e-12 2.13299e-14 6.61536e-17
 1.47391e-11 1.59979e-09 1.02386e-07 3.86374e-06 8.59733e-05 0.00112802 0.00872807 0.0398484 0.107658 0.174615 0.1818 0.152367 0.136083 0.110817 0.0614376 0.0207432 0.00415657 0.000491739 3.43106e-05 1.41166e-06 3.42479e-08 4.89907e-10 4.13219e-12 2.0552e-14 6.02709e-17
 1.56091e-11 1.69422e-09 1.0843e-07 4.0918e-06 9.10479e-05 0.0011946 0.00924298 0.042194 0.113923 0.184197 0.189069 0.151613 0.127931 0.101513 0.055917 0.0188541 0.00377704 0.000446816 3.11758e-05 1.28268e-06 3.11189e-08 4.45152e-10 3.75485e-12 1.86779e-14 5.48031e-17
 1.61578e-11 1.75377e-09 1.12241e-07 4.23563e-06 9.42481e-05 0.00123658 0.0095677 0.0436732 0.117874 0.19024 0.193653 0.151137 0.122789 0.095645 0.0524355 0.0176628 0.00353769 0.000418485 2.91989e-05 1.20134e-06 2.91454e-08 4.16917e-10 3.51654e-12 1.74899e-14 5.12901e-17
 1.61435e-11 1.75223e-09 1.12142e-07 4.2319e-06 9.41651e-05 0.00123549 0.00955928 0.0436348 0.117772 0.190083 0.193534 0.15115 0.122923 0.0957972 0.0525258 0.0176937 0.0035439 0.00041922 2.92502e-05 1.20345e-06 2.91966e-08 4.1765e-10 3.52275e-12 1.75212e-14 5.13866e-17
 1.74492e-11 1.89394e-09 1.21212e-07 4.57417e-06 0.000101781 0.00133541 0.010332 0.047155 0.127174 0.204464 0.204443 0.150018 0.110687 0.0818335 0.0442406 0.0148586 0.00297431 0.000351801 2.45456e-05 1.00988e-06 2.45005e-08 3.50472e-10 2.9561e-12 1.47024e-14 4.31149e-17
 1.71211e-11 1.85833e-09 1.18933e-07 4.48816e-06 9.98671e-05 0.0013103 0.0101378 0.0462704 0.124812 0.20085 0.201702 0.150302 0.113762 0.0853425 0.0463226 0.0155711 0.00311745 0.000368743 2.57278e-05 1.05853e-06 2.56805e-08 3.67353e-10 3.09849e-12 1.54105e-14 4.51915e-17
 1.7239e-11 1.87112e-09 1.19752e-07 4.51905e-06 0.000100555 0.00131932 0.0102076 0.0465882 0.12566 0.202148 0.202687 0.1502 0.112658 0.0840819 0.0455747 0.0153151 0.00306603 0.000362657 2.53031e-05 1.04105e-06 2.52566e-08 3.61289e-10 3.04734e-12 1.51562e-14 4.44455e-17
 1.76391e-11 1.91456e-09 1.22531e-07 4.62395e-06 0.000102889 0.00134994 0.0104444 0.047667 0.128542 0.206556 0.20603 0.149853 0.108908 0.0798024 0.0430355 0.0144463 0.00289146 0.000341994 2.38613e-05 9.81728e-07 2.38174e-08 3.40701e-10 2.87369e-12 1.42925e-14 4.19129e-17
 1.88213e-11 2.04287e-09 1.30744e-07 4.93386e-06 0.000109784 0.00144041 0.0111441 0.0508544 0.137056 0.219576 0.215908 0.148828 0.0978293 0.0671589 0.0355337 0.0118793 0.00237573 0.000280949 1.96015e-05 8.06462e-07 1.95653e-08 2.79876e-10 2.36065e-12 1.17409e-14 3.44302e-17
 1.85432e-11 2.01269e-09 1.28812e-07 4.86095e-06 0.000108162 0.00141913 0.0109795 0.0501046 0.135053 0.216513 0.213584 0.149069 0.100436 0.0701333 0.0372985 0.0124832 0.00249705 0.00029531 2.06036e-05 8.47694e-07 2.05656e-08 2.94185e-10 2.48134e-12 1.23411e-14 3.61905e-17
 1.86082e-11 2.01974e-09 1.29263e-07 4.87799e-06 0.000108541 0.0014241 0.011018 0.0502798 0.135521 0.217229 0.214127 0.149013 0.0998265 0.0694383 0.0368861 0.0123421 0.00246871 0.000291955 2.03695e-05 8.3806e-07 2.03319e-08 2.90842e-10 2.45314e-12 1.22009e-14 3.57792e-17
 1.87237e-11 2.03228e-09 1.30066e-07 4.90827e-06 0.000109215 0.00143294 0.0110864 0.0505912 0.136353 0.218501 0.215093 0.148913 0.098744 0.0682028 0.0361531 0.0120912 0.00241831 0.00028599 1.99532e-05 8.20934e-07 1.99164e-08 2.84898e-10 2.40301e-12 1.19515e-14 3.5048e-17
 1.91829e-11 2.08212e-09 1.33255e-07 5.02864e-06 0.000111893 0.00146808 0.0113581 0.0518292 0.139659 0.223559 0.218929 0.148514 0.0944411 0.0632921 0.0332394 0.0110942 0.002218 0.00026228 1.82987e-05 7.5286e-07 1.82649e-08 2.61274e-10 2.20375e-12 1.09605e-14 3.21417e-17
 2.00603e-11 2.17736e-09 1.39351e-07 5.25866e-06 0.000117011 0.00153523 0.0118774 0.0541949 0.145978 0.233223 0.226261 0.147754 0.0862185 0.0539079 0.0276713 0.00918892 0.00183521 0.000216971 1.5137e-05 6.22774e-07 1.51089e-08 2.16128e-10 1.82296e-12 9.06662e-15 2.65879e-17
 2.02443e-11 2.19733e-09 1.40629e-07 5.30688e-06 0.000118085 0.00154931 0.0119863 0.0546909 0.147303 0.235249 0.227798 0.147594 0.0844944 0.0519403 0.0265039 0.00878944 0.00175495 0.000207471 1.44741e-05 5.95499e-07 1.44471e-08 2.06662e-10 1.74312e-12 8.66953e-15 2.54235e-17
 1.95937e-11 2.1267e-09 1.36109e-07 5.13632e-06 0.000114289 0.00149951 0.0116012 0.0529367 0.142618 0.228083 0.222361 0.148158 0.0905917 0.0588989 0.0306327 0.0102022 0.00203879 0.000241068 1.68186e-05 6.9196e-07 1.67874e-08 2.40139e-10 2.02548e-12 1.00739e-14 2.95417e-17
 2.04053e-11 2.2148e-09 1.41747e-07 5.34908e-06 0.000119024 0.00156162 0.0120816 0.055125 0.148462 0.237022 0.229143 0.147455 0.0829859 0.0502187 0.0254824 0.0084399 0.00168472 0.000199159 1.38941e-05 5.71634e-07 1.38682e-08 1.9838e-10 1.67326e-12 8.32208e-15 2.44046e-17
 2.05482e-11 2.23031e-09 1.4274e-07 5.38654e-06 0.000119857 0.00157256 0.0121662 0.0555102 0.149491 0.238596 0.230337 0.147331 0.0816468 0.0486904 0.0245756 0.00812961 0.00162238 0.00019178 1.33791e-05 5.50448e-07 1.33542e-08 1.91028e-10 1.61125e-12 8.01365e-15 2.35001e-17
#obs catch len freq
 4.97704e-11 4.61254e-09 2.52056e-07 8.12159e-06 0.000154303 0.00172866 0.011421 0.0445332 0.102889 0.143805 0.134122 0.11311 0.112095 0.107763 0.0896062 0.0659709 0.0407304 0.0201894 0.00819982 0.00275494 0.000741117 0.000151611 2.23778e-05 2.27824e-06 1.54589e-07
 6.13838e-11 5.48683e-09 2.89185e-07 8.98707e-06 0.000164684 0.00177948 0.0113406 0.0426756 0.0954052 0.130745 0.126128 0.120432 0.129357 0.121195 0.0933728 0.0634346 0.036905 0.0174873 0.00677718 0.00214254 0.00053384 0.000100282 1.35893e-05 1.27465e-06 7.98938e-08
 3.97049e-11 3.41713e-09 1.73407e-07 5.18875e-06 9.15497e-05 0.000952588 0.00584922 0.0212704 0.0466623 0.0674145 0.0848914 0.121368 0.160085 0.163291 0.136721 0.0978867 0.0561283 0.0250285 0.00898693 0.0026364 0.000609831 0.000105689 1.31144e-05 1.12189e-06 6.41298e-08
 2.0518e-11 1.69745e-09 8.28038e-08 2.38174e-06 4.03973e-05 0.000404151 0.00238834 0.00840089 0.0182825 0.0289794 0.0475641 0.0861882 0.134429 0.173242 0.187271 0.156226 0.094457 0.0422903 0.0147469 0.00406643 0.000865976 0.000137235 1.5551e-05 1.21312e-06 6.31081e-08
 3.8861e-10 3.08573e-08 1.44474e-06 3.98849e-05 0.000649253 0.00623171 0.0352687 0.117699 0.231638 0.269039 0.185167 0.0775508 0.0240053 0.0124212 0.0128399 0.0120673 0.0084951 0.00448479 0.00176743 0.000510378 0.000106446 1.58283e-05 1.64595e-06 1.1677e-07 5.51104e-09
 2.41716e-10 1.83952e-08 8.25451e-07 2.18407e-05 0.000340755 0.00313522 0.0170223 0.0547189 0.105943 0.133965 0.143802 0.169942 0.176706 0.122443 0.0522588 0.0144109 0.00343499 0.00117661 0.000481617 0.000155929 3.51893e-05 5.36355e-06 5.44239e-07 3.63604e-08 1.58173e-09
 6.58722e-10 4.79807e-08 2.06072e-06 5.21864e-05 0.000779264 0.00686133 0.0356261 0.109138 0.197763 0.214829 0.149548 0.0861939 0.062025 0.053758 0.0430263 0.0263726 0.0107792 0.00274936 0.000440125 5.00245e-05 5.46409e-06 6.47617e-07 6.33623e-08 4.19839e-09 1.77595e-10
 7.62609e-10 5.30979e-08 2.17992e-06 5.27706e-05 0.000753247 0.00634026 0.031482 0.0923935 0.16188 0.177864 0.148291 0.130444 0.115375 0.0769586 0.0368665 0.0144129 0.00503612 0.00146982 0.000322126 4.92944e-05 5.0515e-06 3.48686e-07 1.7542e-08 7.18388e-10 2.39188e-11
 1.20728e-09 8.02553e-08 3.14578e-06 7.2706e-05 0.000990844 0.00796267 0.0377453 0.105708 0.176346 0.182563 0.138743 0.109586 0.0948916 0.0708719 0.0433805 0.0213595 0.00762443 0.00182183 0.000292885 3.42201e-05 3.14956e-06 2.25332e-07 1.15016e-08 3.9208e-10 8.78074e-12
 1.73267e-09 1.09847e-07 4.10626e-06 9.05093e-05 0.00117635 0.00901589 0.0407659 0.108983 0.174224 0.175955 0.13795 0.116835 0.100722 0.0697756 0.0386428 0.0177074 0.00625414 0.001579 0.000280842 3.54668e-05 3.16158e-06 1.96557e-07 8.51951e-09 2.5836e-10 5.40988e-12
 1.87833e-09 1.13446e-07 4.04016e-06 8.48393e-05 0.00105051 0.00767178 0.0330758 0.0846162 0.131773 0.139846 0.137094 0.14824 0.137609 0.0951535 0.0517901 0.022708 0.00736131 0.00163987 0.000251839 2.80265e-05 2.33873e-06 1.43477e-07 6.16427e-09 1.78119e-10 3.38347e-12
 3.75999e-09 2.16137e-07 7.32588e-06 0.000146413 0.00172543 0.0119911 0.0491711 0.119315 0.173845 0.162997 0.125243 0.108828 0.0970181 0.0735551 0.0458244 0.0216528 0.00698315 0.00146898 0.00020492 1.99362e-05 1.41537e-06 7.3962e-08 2.78299e-09 7.31821e-11 1.30595e-12
 5.94662e-09 3.25042e-07 1.0476e-05 0.000199087 0.00223096 0.0147435 0.0575002 0.132816 0.184975 0.168663 0.130806 0.112859 0.0912296 0.0577291 0.0294115 0.0121439 0.00373799 0.000807693 0.000122164 1.30579e-05 9.7564e-07 4.98079e-08 1.71206e-09 3.9479e-11 6.096e-13
 8.3679e-09 4.34557e-07 1.33065e-05 0.000240255 0.00255792 0.0160619 0.0595431 0.13098 0.175329 0.159463 0.132771 0.12188 0.0976996 0.0596936 0.0289822 0.0110975 0.00304793 0.000562441 7.02122e-05 6.25095e-06 4.14973e-07 2.03562e-08 7.03116e-10 1.63106e-11 2.46372e-13
 1.17609e-08 5.79824e-07 1.68554e-05 0.00028892 0.00292031 0.0174107 0.061311 0.128419 0.165529 0.151119 0.134482 0.128643 0.10257 0.0623463 0.0301937 0.0112688 0.00292554 0.000495975 5.48695e-05 4.12467e-06 2.2143e-07 8.6941e-09 2.46979e-10 4.94433e-12 6.78018e-14
 1.78219e-08 8.33562e-07 2.29884e-05 0.00037383 0.00358476 0.0202769 0.0677627 0.134859 0.166086 0.147659 0.131112 0.124294 0.0984174 0.0608712 0.030132 0.0111955 0.00283076 0.000465962 5.04611e-05 3.72865e-06 1.93324e-07 7.02316e-09 1.75287e-10 2.95674e-12 3.34482e-14
 2.68511e-08 1.19073e-06 3.11351e-05 0.000480047 0.00436461 0.0234101 0.074217 0.140425 0.166021 0.146156 0.132267 0.123961 0.0944059 0.055881 0.0264054 0.00933175 0.00224688 0.000354933 3.73573e-05 2.71559e-06 1.39119e-07 4.96906e-09 1.20626e-10 1.94794e-12 2.06309e-14
 4.49153e-08 1.88751e-06 4.67706e-05 0.000683362 0.00588784 0.029926 0.0898941 0.161057 0.17973 0.147713 0.123473 0.108385 0.0788615 0.045117 0.0205254 0.00688826 0.00155726 0.000229297 2.2391e-05 1.51e-06 7.22721e-08 2.44037e-09 5.66216e-11 8.79655e-13 8.97467e-15
 6.23009e-08 2.48001e-06 5.82107e-05 0.000805659 0.00657579 0.0316693 0.0902492 0.154286 0.168481 0.145662 0.133839 0.118917 0.0817119 0.0429427 0.0178871 0.00555665 0.00117621 0.000163471 1.51412e-05 9.68244e-07 4.36401e-08 1.37412e-09 2.95288e-11 4.24331e-13 4.01819e-15
 9.13087e-08 3.44188e-06 7.65013e-05 0.00100264 0.00774964 0.035349 0.0954755 0.155209 0.163385 0.140962 0.131456 0.116783 0.0815176 0.044681 0.0191315 0.00585954 0.0011872 0.000155936 1.35935e-05 8.17216e-07 3.46068e-08 1.02268e-09 2.05787e-11 2.75879e-13 2.42572e-15
 1.34802e-07 4.81064e-06 0.000101228 0.00125604 0.00919148 0.0397024 0.101647 0.157344 0.160586 0.139748 0.132121 0.11501 0.078019 0.0416971 0.0173136 0.00511307 0.00100423 0.000129908 1.13535e-05 6.879e-07 2.89361e-08 8.28846e-10 1.58316e-11 1.98926e-13 1.62906e-15
 2.07114e-07 6.99641e-06 0.000139358 0.0016368 0.0113385 0.0463675 0.112454 0.165328 0.161824 0.137644 0.127326 0.107423 0.0710994 0.0372542 0.0150035 0.00424737 0.000798686 9.97259e-05 8.51476e-06 5.08763e-07 2.11775e-08 5.99821e-10 1.12883e-11 1.38742e-13 1.0992e-15
 3.19411e-07 1.02128e-05 0.000192545 0.00214058 0.0140359 0.0543408 0.124871 0.174557 0.164532 0.137639 0.124031 0.0990107 0.0609311 0.0294212 0.0109007 0.00283709 0.000487809 5.516e-05 4.23561e-06 2.28732e-07 8.75695e-09 2.32865e-10 4.17903e-12 4.94127e-14 3.77935e-16
 4.66155e-07 1.41077e-05 0.000251753 0.00264919 0.0164433 0.060281 0.131359 0.175267 0.161358 0.136737 0.123442 0.0958694 0.0572098 0.0267923 0.00953424 0.002361 0.000385249 4.13822e-05 3.01225e-06 1.52588e-07 5.38967e-09 1.30378e-10 2.11648e-12 2.27097e-14 1.59047e-16
 6.25332e-07 1.79139e-05 0.000302599 0.00301425 0.0177134 0.0615299 0.127517 0.164445 0.154269 0.14188 0.13315 0.101118 0.058005 0.0259502 0.0087282 0.00202156 0.000305995 3.02696e-05 2.01844e-06 9.36536e-08 3.04475e-09 6.81153e-11 1.02292e-12 1.01087e-14 6.4771e-17
 9.97586e-07 2.70535e-05 0.000432607 0.00407938 0.0226932 0.0746097 0.146239 0.17773 0.155304 0.131711 0.116683 0.0870604 0.0507291 0.0230688 0.00765692 0.0017052 0.000245439 2.3029e-05 1.45374e-06 6.34301e-08 1.9178e-09 3.94774e-11 5.41973e-13 4.88712e-15 2.8607e-17
 1.28149e-06 3.29031e-05 0.000498148 0.00444777 0.0234349 0.0730847 0.136801 0.163281 0.151598 0.14431 0.131577 0.0929326 0.0495645 0.0205711 0.00633001 0.00133255 0.00018481 1.70196e-05 1.06707e-06 4.61233e-08 1.36039e-09 2.68127e-11 3.47018e-13 2.91585e-15 1.57662e-17
 1.98356e-06 4.82244e-05 0.000691337 0.00584484 0.0291598 0.0860966 0.152477 0.171673 0.149172 0.133037 0.116866 0.0828102 0.0456555 0.0193338 0.00581704 0.00115487 0.000147621 1.23541e-05 7.01481e-07 2.776e-08 7.64775e-10 1.4339e-11 1.78276e-13 1.44006e-15 7.44305e-18
#spawning biomass
 41305.9 31516.2 23184.9 16310.8 29233.9 41503 64246 92591.1 126202 185572 168604 187812 202626 239221 236788 216236 196027 221821 250434 247775 214654 207633 212513 211639 198667 220988 230388 251013 298263 602638 569534 463860 348842 252429 181454 133128 101870 82361.6 70494.3 63410.2 59240.7 56812.7 55406.8 54588.7 54129.4 53871.4 53726.6 53645.3 53599.7 53574 53559.7 53551.6 53547 53544.5 53543.1 53542.3 53541.8 53541.6 53541.4 53541.3 53541.3 53541.3 53541.2 53541.2 53541.2 53541.2 53541.2 53541.2 53541.2 53541.2 53541.2 53541.2 53541.2 53541.2 53541.2 53541.2 53541.2 53541.2 53541.2 53541.2 53541.2 53541.2 53541.2 53541.2 53541.2 53541.2 53541.2 53541.2 53541.2 53541.2 53541.2 53541.2 53541.2 53541.2 53541.2 53541.2 53541.2 53541.2 53541.2 53541.2 53541.2 53541.2 53541.2 53541.2 53541.2 53541.2 53541.2 53541.2 53541.2 53541.2 53541.2 53541.2 53541.2 53541.2 53541.2 53541.2 53541.2 53541.2 53541.2 53541.2 53541.2 53541.2 53541.2 53541.2 53541.2 53541.2 53541.2 53541.2 0 0 0 0 0 0 0 0 0 0 0 0 0 0 0 0 0 0 0 0 0 0 0 0 0
