SBPRF35
0.0421691
Curr Bio
305492
B35
102153
F35
25.3082
FOFL
25.3082
OFL
398481
Bzero
11591.2
#pred survey bio
 3321.2 3652.11 5679.04 8878.12 14537.5 21955.7 33679.6 51473.5 69377 88282 108829 120204 139122 148546 141541 151749 148172 122878 117359 126769 131943 143330 152653 146122 156818 161061 151223 193620 5.47727e+06 1.19279e+06 327082 147242 92716.1 76080.1 71077.8 69596.4 69163.3 69037.9 69002 68991.7 68988.8 68988 68987.7 68987.7 68987.6 68987.6 68987.6 68987.6 68987.6 68987.6 68987.6 68987.6 68987.6 68987.6 68987.6 68987.6 68987.6 68987.6 68987.6 68987.6 68987.6 68987.6 68987.6 68987.6 68987.6 68987.6 68987.6 68987.6 68987.6 68987.6 68987.6 68987.6 68987.6 68987.6 68987.6 68987.6 68987.6 68987.6 68987.6 68987.6 68987.6 68987.6 68987.6 68987.6 68987.6 68987.6 68987.6 68987.6 68987.6 68987.6 68987.6 68987.6 68987.6 68987.6 68987.6 68987.6 68987.6 68987.6 68987.6 68987.6 68987.6 68987.6 68987.6 68987.6 68987.6 68987.6 68987.6 68987.6 68987.6 68987.6 68987.6 68987.6 68987.6 68987.6 68987.6 68987.6 68987.6 68987.6 68987.6 68987.6 68987.6 68987.6 68987.6 68987.6 68987.6 68987.6 68987.6 68987.6 0 0 0 0 0 0 0 0 0 0 0 0 0 0 0 0 0 0 0 0 0 0 0 0 0
#obs survey bio
 2569.41 5702.64 4847.97 11630.9 14639.5 23145.3 31507.2 61972.4 65060.1 99745.3 93944.6 113651 117636 182730 98946.1 137289 142644 93207.7 116206 126892 102997 158838 145441 212240 166260 142543 199349 181374
#pred catch bio
 963.187 1318.41 2075.15 3105.43 5864.31 9135.53 13289 23321.8 32709.9 42970.2 63469.5 66196.3 79379 94540.9 83023.5 90324 100561 87970.9 85494.9 100600 98913.5 97538.4 112312 100916 114490 126660 90188.8 105454 398481 6562.13 5274.62 5274.62 5274.62 5274.62 5274.62 5274.62 5274.62 5274.62 5274.62 5274.62 5274.62 5274.62 5274.62 5274.62 5274.62 5274.62 5274.62 5274.62 5274.62 5274.62 5274.62 5274.62 5274.62 5274.62 5274.62 5274.62 5274.62 5274.62 5274.62 5274.62 5274.62 5274.62 5274.62 5274.62 5274.62 5274.62 5274.62 5274.62 5274.62 5274.62 5274.62 5274.62 5274.62 5274.62 5274.62 5274.62 5274.62 5274.62 5274.62 5274.62 5274.62 5274.62 5274.62 5274.62 5274.62 5274.62 5274.62 5274.62 5274.62 5274.62 5274.62 5274.62 5274.62 5274.62 5274.62 5274.62 5274.62 5274.62 5274.62 5274.62 5274.62 5274.62 5274.62 5274.62 5274.62 5274.62 5274.62 5274.62 5274.62 5274.62 5274.62 5274.62 5274.62 5274.62 5274.62 5274.62 5274.62 5274.62 5274.62 5274.62 5274.62 5274.62 5274.62 5274.62 5274.62 5274.62 5274.62 5274.62 0 0 0 0 0 0 0 0 0 0 0 0 0 0 0 0 0 0 0 0 0 0 0 0 0
#obs catch bio
 1040.29 1348.6 2112.95 3081.29 5829.69 9108.05 13312 22879.5 32119.1 41048.6 65489.9 65565.5 83768.6 97519 85592.2 91372.9 100718 93214.3 88890.1 106658 104698 92626.8 105249 93474.3 108336 123468 82255.7 104145
#pred cpue bio
 3165.97 3191.34 5140.49 7847.78 13003.9 19606.1 29929.3 46225.5 62766.9 80080.2 98832.8 109173 126252 136930 129173 138262 138259 112683 105108 113078 116969 128478 138720 131695 140810 144982 136320 171206 5.04759e+06 1.26757e+06 316063 135490 80955.5 64319.4 59317.1 57835.6 57402.5 57277.2 57241.2 57230.9 57228 57227.2 57227 57226.9 57226.9 57226.9 57226.9 57226.9 57226.9 57226.9 57226.9 57226.9 57226.9 57226.9 57226.9 57226.9 57226.9 57226.9 57226.9 57226.9 57226.9 57226.9 57226.9 57226.9 57226.9 57226.9 57226.9 57226.9 57226.9 57226.9 57226.9 57226.9 57226.9 57226.9 57226.9 57226.9 57226.9 57226.9 57226.9 57226.9 57226.9 57226.9 57226.9 57226.9 57226.9 57226.9 57226.9 57226.9 57226.9 57226.9 57226.9 57226.9 57226.9 57226.9 57226.9 57226.9 57226.9 57226.9 57226.9 57226.9 57226.9 57226.9 57226.9 57226.9 57226.9 57226.9 57226.9 57226.9 57226.9 57226.9 57226.9 57226.9 57226.9 57226.9 57226.9 57226.9 57226.9 57226.9 57226.9 57226.9 57226.9 57226.9 57226.9 57226.9 57226.9 57226.9 57226.9 57226.9 0 0 0 0 0 0 0 0 0 0 0 0 0 0 0 0 0 0 0 0 0 0 0 0 0
#obs cpue bio
 2079.06 2107.42 6101.9 6123.84 15164.7 16930.5 28725 53542.2 68665.4 90761.4 79503.8 130991 89391.5 133400 139353 152574 167496 98100.5 92405.1 90771.2 111233 195265 203073 116880 162596 171039 174595 151194
#pred surv len freq
 1.26944e-11 1.37846e-09 8.82506e-08 3.33102e-06 7.41271e-05 0.000972585 0.00752439 0.0343427 0.0927211 0.150076 0.155057 0.127395 0.112905 0.098411 0.0702512 0.0453712 0.0300842 0.0204025 0.0143066 0.0105786 0.00837224 0.00716577 0.00627966 0.00486406 0.00284172
 1.75724e-11 1.90816e-09 1.22162e-07 4.611e-06 0.000102611 0.00134629 0.0104148 0.0475173 0.128047 0.205284 0.202859 0.142842 0.0985946 0.0722504 0.0438958 0.0217001 0.0105901 0.00560369 0.00317465 0.00193079 0.00127798 0.000940003 0.000745691 0.000555114 0.000324232
 1.57516e-11 1.71043e-09 1.09504e-07 4.13321e-06 9.19788e-05 0.0012068 0.00933618 0.042607 0.114963 0.185504 0.188952 0.148029 0.121359 0.0963501 0.056056 0.0229369 0.00785096 0.00275377 0.00104521 0.000443864 0.000217673 0.000124453 8.2062e-05 5.53441e-05 3.11673e-05
 1.6858e-11 1.83058e-09 1.17195e-07 4.42353e-06 9.84393e-05 0.00129156 0.00999161 0.0455916 0.122926 0.19763 0.197912 0.14631 0.109896 0.0839769 0.049789 0.022025 0.00841296 0.00292999 0.000871361 0.000233496 6.67839e-05 2.34427e-05 1.06904e-05 5.80222e-06 2.96318e-06
 1.63094e-11 1.771e-09 1.13381e-07 4.27957e-06 9.52358e-05 0.00124953 0.00966661 0.0441116 0.118977 0.191617 0.19347 0.147169 0.115599 0.0901638 0.0529957 0.0225994 0.00822055 0.00285173 0.000893595 0.000242366 5.64709e-05 1.18101e-05 2.69128e-06 8.44913e-07 3.30013e-07
 1.63888e-11 1.77963e-09 1.13934e-07 4.30043e-06 9.56998e-05 0.00125562 0.00971369 0.0443261 0.119551 0.192502 0.194181 0.14723 0.115061 0.0894767 0.0524948 0.0222913 0.00801065 0.00270812 0.000817827 0.000216451 5.06547e-05 1.01425e-05 1.71132e-06 2.6818e-07 5.06774e-08
 1.6616e-11 1.80429e-09 1.15513e-07 4.36002e-06 9.7026e-05 0.00127302 0.00984825 0.0449391 0.12119 0.195024 0.196173 0.147298 0.113339 0.0873228 0.0509511 0.0214334 0.0075816 0.00252434 0.000751851 0.000194772 4.421e-05 8.60612e-06 1.40293e-06 1.88176e-07 2.12835e-08
 1.6118e-11 1.75022e-09 1.12051e-07 4.22936e-06 9.41184e-05 0.00123487 0.00955324 0.0435954 0.1176 0.18952 0.191921 0.14747 0.117606 0.0923844 0.0542322 0.0228964 0.00812762 0.00270316 0.000797695 0.000203455 4.53478e-05 8.63456e-06 1.36808e-06 1.76584e-07 1.81536e-08
 1.5754e-11 1.7107e-09 1.09521e-07 4.13386e-06 9.19931e-05 0.00120699 0.00933763 0.0426134 0.114979 0.185516 0.188903 0.147845 0.121101 0.0963278 0.0565118 0.0236056 0.00821908 0.00269172 0.00079036 0.000201273 4.45895e-05 8.379e-06 1.30291e-06 1.6425e-07 1.63508e-08
 1.56207e-11 1.69622e-09 1.08594e-07 4.09888e-06 9.12147e-05 0.00119678 0.00925865 0.0422537 0.114017 0.184039 0.18775 0.147849 0.12218 0.097647 0.0574218 0.0240686 0.00841644 0.00275313 0.000799627 0.000200354 4.38387e-05 8.1838e-06 1.26393e-06 1.5744e-07 1.5392e-08
 1.55625e-11 1.68991e-09 1.08189e-07 4.08361e-06 9.08749e-05 0.00119232 0.00922418 0.0420967 0.113598 0.183402 0.187281 0.147947 0.122797 0.0983142 0.057766 0.0241249 0.0083843 0.00273155 0.000793564 0.000198845 4.32412e-05 7.97138e-06 1.21484e-06 1.49799e-07 1.45148e-08
 1.55659e-11 1.69028e-09 1.08213e-07 4.0845e-06 9.08948e-05 0.00119258 0.00922622 0.0421066 0.113632 0.18351 0.187645 0.148869 0.124174 0.0992113 0.0573515 0.0228176 0.00722941 0.00215464 0.000598828 0.000147699 3.19619e-05 5.87938e-06 8.91473e-07 1.08839e-07 1.0419e-08
 1.56028e-11 1.69428e-09 1.08469e-07 4.09418e-06 9.11102e-05 0.00119541 0.00924806 0.0422059 0.113894 0.183893 0.187843 0.148533 0.123372 0.0985408 0.0573067 0.0232171 0.00758614 0.00228658 0.000609848 0.000138703 2.78447e-05 4.91694e-06 7.34016e-07 8.90749e-08 8.47943e-09
 1.47828e-11 1.60524e-09 1.02769e-07 3.87901e-06 8.6322e-05 0.00113259 0.00876227 0.0399934 0.107987 0.174859 0.180978 0.149195 0.130969 0.107237 0.0625088 0.0250605 0.00802007 0.00238437 0.000640649 0.000147645 2.92141e-05 4.87971e-06 6.78159e-07 7.79309e-08 7.21048e-09
 1.5319e-11 1.66347e-09 1.06497e-07 4.01971e-06 8.94531e-05 0.00117367 0.00907995 0.0414404 0.111854 0.180797 0.185612 0.149162 0.126609 0.101949 0.0589287 0.0232859 0.00723924 0.00207959 0.000543812 0.000122882 2.41309e-05 4.03681e-06 5.55206e-07 6.13458e-08 5.35026e-09
 1.54007e-11 1.67233e-09 1.07064e-07 4.04115e-06 8.993e-05 0.00117992 0.00912833 0.0416607 0.11244 0.181679 0.186212 0.148865 0.125503 0.100859 0.0585273 0.0234439 0.00748319 0.00219736 0.000572925 0.000126256 2.40059e-05 3.91317e-06 5.30222e-07 5.81466e-08 5.00689e-09
 1.40988e-11 1.53096e-09 9.80137e-08 3.69953e-06 8.23279e-05 0.00108019 0.00835706 0.0381479 0.103058 0.167321 0.175244 0.149727 0.137277 0.114485 0.0668883 0.0266545 0.00840346 0.00244877 0.000643914 0.000144617 2.77971e-05 4.48531e-06 5.92367e-07 6.32153e-08 5.33573e-09
 1.50681e-11 1.63621e-09 1.04752e-07 3.95386e-06 8.79875e-05 0.00115444 0.00893127 0.0407633 0.110046 0.178039 0.183546 0.149463 0.129085 0.104716 0.0604903 0.0237219 0.00724838 0.00203792 0.000523061 0.000115881 2.22277e-05 3.62091e-06 4.83112e-07 5.14432e-08 4.26914e-09
 1.62549e-11 1.76509e-09 1.13003e-07 4.26528e-06 9.49178e-05 0.00124536 0.00963441 0.0439662 0.118605 0.191181 0.193793 0.149358 0.119386 0.0929703 0.0525564 0.019818 0.00556228 0.00140462 0.000334139 7.04853e-05 1.3037e-05 2.07574e-06 2.74497e-07 2.92965e-08 2.4461e-09
 1.64441e-11 1.78563e-09 1.14318e-07 4.31492e-06 9.60224e-05 0.00125985 0.00974649 0.0444768 0.119972 0.193294 0.195513 0.149581 0.118206 0.0913441 0.0511973 0.018865 0.0049934 0.00114704 0.000247037 4.69837e-05 7.83518e-06 1.15271e-06 1.44817e-07 1.49786e-08 1.23121e-09
 1.67253e-11 1.81617e-09 1.16273e-07 4.38872e-06 9.76648e-05 0.0012814 0.00991312 0.0452359 0.122002 0.196421 0.198 0.149717 0.116152 0.0887199 0.0492424 0.017708 0.00439382 0.000902564 0.000173988 3.00266e-05 4.49786e-06 5.89575e-07 6.62436e-08 6.23169e-09 4.78701e-10
 1.62163e-11 1.76089e-09 1.12734e-07 4.25515e-06 9.46922e-05 0.0012424 0.00961153 0.0438623 0.118332 0.190798 0.193671 0.149945 0.120593 0.0939496 0.0525817 0.0191375 0.0048872 0.0010469 0.000204154 3.35126e-05 4.53175e-06 5.26503e-07 5.25072e-08 4.37863e-09 2.99014e-10
 1.55451e-11 1.68801e-09 1.08068e-07 4.07902e-06 9.07728e-05 0.00119098 0.00921387 0.0420509 0.113491 0.183358 0.187838 0.149899 0.125921 0.100498 0.0571371 0.0215139 0.0059696 0.00144861 0.000311855 5.42795e-05 7.5986e-06 8.78727e-07 8.24715e-08 6.18963e-09 3.73327e-10
 1.59549e-11 1.73251e-09 1.10917e-07 4.18656e-06 9.3166e-05 0.00122238 0.00945668 0.0431568 0.116446 0.187892 0.191358 0.149812 0.12249 0.0963771 0.0543925 0.0202147 0.00545447 0.00128707 0.000280845 5.24879e-05 8.17427e-06 1.04014e-06 1.03665e-07 7.94426e-09 4.66895e-10
 1.61324e-11 1.75178e-09 1.12151e-07 4.23313e-06 9.42023e-05 0.00123597 0.00956182 0.0436356 0.117723 0.189834 0.192781 0.149496 0.120584 0.0943257 0.0533499 0.0200672 0.00557506 0.00136448 0.000301785 5.57616e-05 8.62199e-06 1.13127e-06 1.21407e-07 1.02032e-08 6.48252e-10
 1.60143e-11 1.73896e-09 1.1133e-07 4.20215e-06 9.35128e-05 0.00122693 0.00949187 0.0433172 0.116875 0.188554 0.191894 0.14987 0.122101 0.0958508 0.0539641 0.0199265 0.00529147 0.00121992 0.000262137 4.89433e-05 7.74568e-06 1.02726e-06 1.1035e-07 9.41714e-09 6.26815e-10
 1.5948e-11 1.73177e-09 1.10869e-07 4.18476e-06 9.3126e-05 0.00122185 0.00945263 0.0431386 0.1164 0.187846 0.191441 0.150204 0.123142 0.0968349 0.0542607 0.0196763 0.00497572 0.00105593 0.00020941 3.66396e-05 5.50401e-06 7.13012e-07 7.69829e-08 6.6609e-09 4.47937e-10
 1.68376e-11 1.82836e-09 1.17053e-07 4.41818e-06 9.83202e-05 0.00129 0.00997958 0.0455379 0.122799 0.197563 0.198489 0.148387 0.113233 0.0863157 0.0491313 0.0192639 0.00587418 0.00159426 0.000365253 6.46733e-05 9.13031e-06 1.09191e-06 1.10338e-07 9.15498e-09 6.06523e-10
#obs surv len freq
 1.86659e-11 2.0269e-09 1.29764e-07 4.89794e-06 0.000108996 0.00143006 0.0110626 0.0504671 0.135912 0.217194 0.211241 0.139631 0.0850613 0.0597045 0.0408655 0.0249733 0.013459 0.00599743 0.00213355 0.000600232 0.000129927 2.07983e-05 2.36966e-06 1.8576e-07 9.74421e-09
 1.45682e-11 1.58194e-09 1.01277e-07 3.82271e-06 8.50693e-05 0.00111616 0.00863539 0.0394184 0.106474 0.172627 0.179188 0.14781 0.128457 0.104992 0.0639648 0.029327 0.0117062 0.00433576 0.00140181 0.000369541 7.54276e-05 1.14102e-05 1.23275e-06 9.20061e-08 4.60519e-09
 1.74265e-11 1.89231e-09 1.21147e-07 4.57271e-06 0.000101759 0.00133512 0.0103286 0.0471275 0.12703 0.203817 0.201713 0.141828 0.0970613 0.0728884 0.0494016 0.0281522 0.0131058 0.00461422 0.00120023 0.000243654 4.0527e-05 5.374e-06 5.3035e-07 3.67385e-08 1.71735e-09
 1.61877e-11 1.75779e-09 1.12535e-07 4.24765e-06 9.45257e-05 0.00124023 0.00959508 0.0437933 0.1182 0.190801 0.193749 0.147911 0.113863 0.086897 0.0528417 0.0253679 0.0105485 0.0037666 0.00106463 0.000224491 3.42519e-05 3.75724e-06 2.99018e-07 1.72447e-08 7.0176e-10
 1.69058e-11 1.83577e-09 1.17528e-07 4.4361e-06 9.87193e-05 0.00129525 0.0100206 0.0457328 0.12339 0.198788 0.199898 0.147265 0.106752 0.0791397 0.0489809 0.0243648 0.0100201 0.00326298 0.000807764 0.000153228 2.22783e-05 2.38735e-06 1.79698e-07 9.21487e-09 3.17697e-10
 1.59604e-11 1.73311e-09 1.10955e-07 4.18802e-06 9.31989e-05 0.00122283 0.00946094 0.0431891 0.116653 0.188798 0.193299 0.149993 0.116324 0.0879474 0.0532263 0.0254515 0.0101269 0.00325077 0.0007951 0.000144763 1.93808e-05 1.87465e-06 1.28522e-07 6.11096e-09 1.96323e-10
 1.63774e-11 1.77839e-09 1.13854e-07 4.29743e-06 9.56337e-05 0.00125478 0.00970812 0.0443166 0.119678 0.19348 0.196893 0.149332 0.111449 0.0828322 0.051062 0.0253733 0.0103203 0.00327207 0.000773834 0.000135523 1.74348e-05 1.60626e-06 1.0298e-07 4.49338e-09 1.31155e-10
 1.56353e-11 1.69781e-09 1.08695e-07 4.10272e-06 9.13012e-05 0.00119795 0.00926907 0.0423243 0.114429 0.185851 0.192336 0.152404 0.119474 0.0894003 0.0536103 0.0255529 0.0100387 0.0031334 0.000737999 0.000127996 1.60295e-05 1.41424e-06 8.59386e-08 3.52917e-09 9.62103e-11
 1.61764e-11 1.75657e-09 1.12457e-07 4.24471e-06 9.4461e-05 0.00123942 0.00958988 0.043788 0.118361 0.191967 0.197226 0.152295 0.114435 0.0835649 0.0502183 0.0241909 0.00942866 0.00284188 0.000636817 0.000105108 1.26269e-05 1.07434e-06 6.28134e-08 2.46229e-09 6.3485e-11
 1.52596e-11 1.65701e-09 1.06083e-07 4.00414e-06 8.91079e-05 0.00116921 0.0090475 0.0413273 0.11188 0.182518 0.191351 0.155268 0.123162 0.0911971 0.0540574 0.025486 0.0097603 0.00291614 0.000649316 0.00010538 1.22286e-05 9.91108e-07 5.48823e-08 2.03685e-09 4.9747e-11
 1.51155e-11 1.64136e-09 1.05082e-07 3.96633e-06 8.82668e-05 0.00115819 0.00896268 0.0409472 0.110917 0.181279 0.190919 0.155892 0.123775 0.0916356 0.0548058 0.0261019 0.00991644 0.00287578 0.000614822 9.57612e-05 1.06967e-05 8.34356e-07 4.42256e-08 1.5583e-09 3.58656e-11
 1.46265e-11 1.58827e-09 1.01683e-07 3.83804e-06 8.54124e-05 0.00112076 0.00867392 0.0396422 0.107522 0.176521 0.188435 0.158066 0.128245 0.0950373 0.0564252 0.0266353 0.0100129 0.00286932 0.000603565 9.15214e-05 9.82304e-06 7.29278e-07 3.66367e-08 1.22179e-09 2.65817e-11
 1.34404e-11 1.45947e-09 9.34369e-08 3.52682e-06 7.84875e-05 0.00102994 0.00797253 0.0364618 0.0991464 0.164238 0.180242 0.160105 0.137302 0.104547 0.0631943 0.0302637 0.0114008 0.00323512 0.000669728 9.94985e-05 1.03994e-05 7.45824e-07 3.5871e-08 1.13561e-09 2.32991e-11
 1.35944e-11 1.47619e-09 9.45071e-08 3.56722e-06 7.9387e-05 0.00104177 0.00806443 0.0368868 0.100327 0.166193 0.181857 0.15958 0.134578 0.102245 0.0627982 0.0306576 0.0116301 0.00328058 0.000669295 9.72466e-05 9.86641e-06 6.8257e-07 3.15023e-08 9.52278e-10 1.85612e-11
 1.45496e-11 1.57991e-09 1.01148e-07 3.81787e-06 8.49652e-05 0.00111497 0.0086309 0.0394722 0.107272 0.177004 0.190648 0.160271 0.127436 0.0927077 0.0553969 0.0265375 0.00995969 0.00279978 0.000569833 8.20305e-05 8.15732e-06 5.4747e-07 2.4311e-08 7.02557e-10 1.30251e-11
 1.28597e-11 1.39642e-09 8.94002e-08 3.37449e-06 7.51004e-05 0.00098563 0.00763293 0.0349603 0.0955103 0.160389 0.181691 0.167909 0.14425 0.105676 0.0606108 0.0273767 0.00972023 0.00261502 0.000514579 7.20778e-05 6.98935e-06 4.56548e-07 1.96331e-08 5.45879e-10 9.67356e-12
 1.30189e-11 1.4137e-09 9.05068e-08 3.41626e-06 7.60307e-05 0.000997858 0.00772796 0.0353975 0.0966891 0.16209 0.182164 0.165255 0.140254 0.10458 0.0624389 0.0290043 0.0101712 0.00260378 0.000478799 6.25925e-05 5.70481e-06 3.53019e-07 1.44572e-08 3.83624e-10 6.48575e-12
 1.4151e-11 1.53663e-09 9.83771e-08 3.71334e-06 8.26424e-05 0.00108463 0.00839953 0.0384629 0.104921 0.174869 0.192448 0.165895 0.131671 0.0931085 0.0535966 0.0243621 0.00848143 0.00216683 0.000393409 4.96565e-05 4.27406e-06 2.46431e-07 9.36499e-09 2.31004e-10 3.64457e-12
 1.43851e-11 1.56206e-09 1.00005e-07 3.77481e-06 8.40121e-05 0.00110267 0.00854085 0.0391311 0.106902 0.178811 0.197998 0.170824 0.132501 0.08885 0.0473611 0.0197306 0.00634273 0.0015202 0.000262744 3.18574e-05 2.63739e-06 1.45362e-07 5.22569e-09 1.20641e-10 1.76717e-12
 1.4294e-11 1.55217e-09 9.93721e-08 3.75095e-06 8.34829e-05 0.0010958 0.00848932 0.0389166 0.106471 0.178702 0.199084 0.172605 0.133432 0.0886177 0.0465134 0.0187761 0.00571282 0.00127124 0.000202256 2.26194e-05 1.74104e-06 8.99643e-08 3.04816e-09 6.64106e-11 9.16199e-13
 1.41638e-11 1.53803e-09 9.84672e-08 3.71683e-06 8.27262e-05 0.00108597 0.00841532 0.0386054 0.105823 0.178435 0.200489 0.175159 0.134788 0.0879836 0.0450648 0.0176322 0.0051578 0.00109224 0.000163207 1.69068e-05 1.19341e-06 5.63377e-08 1.7466e-09 3.49777e-11 4.45867e-13
 1.43757e-11 1.56105e-09 9.99413e-08 3.77251e-06 8.39676e-05 0.00110234 0.00854375 0.0392114 0.10758 0.181619 0.203919 0.176514 0.133044 0.084697 0.0422099 0.01596 0.00447186 0.000900109 0.000126964 1.23277e-05 8.09477e-07 3.52813e-08 1.00328e-09 1.83442e-11 2.13031e-13
 1.47426e-11 1.60088e-09 1.02492e-07 3.86883e-06 8.61136e-05 0.00113058 0.00876393 0.0402338 0.11043 0.186376 0.208284 0.177326 0.129825 0.0800842 0.0386842 0.0141285 0.00380403 0.000731928 9.81014e-05 8.98942e-06 5.53345e-07 2.24756e-08 5.92568e-10 9.99985e-12 1.06752e-13
 1.39519e-11 1.51502e-09 9.69962e-08 3.66148e-06 8.15047e-05 0.00107032 0.008302 0.0381801 0.105289 0.179828 0.206091 0.181843 0.136382 0.0841452 0.0400148 0.0142589 0.00372261 0.000691144 8.89208e-05 7.77203e-06 4.53206e-07 1.73253e-08 4.27451e-10 6.71734e-12 6.65054e-14
 1.51529e-11 1.64544e-09 1.05346e-07 3.97667e-06 8.85198e-05 0.00116237 0.00901381 0.041415 0.113833 0.192334 0.214002 0.178367 0.125518 0.0742594 0.0344403 0.0119529 0.00300647 0.000532178 6.48383e-05 5.34632e-06 2.93432e-07 1.05367e-08 2.43616e-10 3.57791e-12 3.3011e-14
 1.29621e-11 1.40756e-09 9.01188e-08 3.40213e-06 7.5748e-05 0.00099529 0.0077318 0.0356981 0.099414 0.173601 0.207059 0.190639 0.144208 0.0859199 0.0383794 0.0126575 0.0030365 0.000515546 6.02367e-05 4.73623e-06 2.46004e-07 8.30524e-09 1.79712e-10 2.46299e-12 2.11654e-14
 1.38079e-11 1.4994e-09 9.59989e-08 3.6241e-06 8.06876e-05 0.00106007 0.00823135 0.0379466 0.10516 0.181085 0.209232 0.184153 0.135931 0.0823949 0.038213 0.0128911 0.00305873 0.000498701 5.50693e-05 4.07154e-06 1.98809e-07 6.31011e-09 1.2819e-10 1.64508e-12 1.31964e-14
 1.47109e-11 1.59747e-09 1.02278e-07 3.8612e-06 8.59692e-05 0.00112951 0.00877086 0.0404258 0.111882 0.191581 0.217379 0.183483 0.12725 0.0724587 0.0320618 0.0105479 0.00248701 0.000405646 4.44736e-05 3.2104e-06 1.50288e-07 4.50847e-09 8.58166e-11 1.02742e-12 7.67481e-15
#pred catch len freq
 1.11428e-11 1.20998e-09 7.7464e-08 2.92388e-06 6.5067e-05 0.00085372 0.00660514 0.0301551 0.0815253 0.132844 0.141414 0.12683 0.1244 0.112541 0.0798202 0.0502271 0.0325801 0.0219006 0.0153204 0.0113218 0.00895938 0.00766816 0.0067199 0.00520506 0.00304095
 1.6527e-11 1.79464e-09 1.14894e-07 4.33669e-06 9.65067e-05 0.0012662 0.00979544 0.0446963 0.12051 0.193731 0.19394 0.143223 0.107557 0.082793 0.0505617 0.0245181 0.0116347 0.00605664 0.00341422 0.0020742 0.00137261 0.00100957 0.00080087 0.000596191 0.000348225
 1.45188e-11 1.57657e-09 1.00933e-07 3.80973e-06 8.47802e-05 0.00111236 0.00860584 0.0392806 0.10608 0.171912 0.17859 0.148913 0.13261 0.109315 0.0639316 0.0258667 0.00862879 0.00295077 0.0011071 0.000468679 0.000229694 0.000131311 8.6583e-05 5.8393e-05 3.28844e-05
 1.56589e-11 1.70037e-09 1.08859e-07 4.10889e-06 9.14375e-05 0.0011997 0.00928123 0.0423561 0.114285 0.1844 0.187788 0.147045 0.120651 0.0964722 0.0575264 0.0250747 0.009331 0.00318568 0.000939357 0.000250939 7.16855e-05 2.51537e-05 1.14698e-05 6.22522e-06 3.1792e-06
 1.52994e-11 1.66133e-09 1.0636e-07 4.01456e-06 8.93384e-05 0.00117216 0.00906828 0.0413866 0.1117 0.180483 0.184982 0.147893 0.124819 0.100793 0.0594626 0.0250153 0.00886385 0.00300741 0.000933286 0.000252346 5.87364e-05 1.22794e-05 2.7979e-06 8.78356e-07 3.43074e-07
 1.54423e-11 1.67685e-09 1.07354e-07 4.05206e-06 9.01729e-05 0.00118311 0.00915295 0.0417723 0.112731 0.182069 0.186233 0.147928 0.123731 0.099458 0.0585497 0.024531 0.00858968 0.00284009 0.000849195 0.000224008 5.23645e-05 1.04808e-05 1.76819e-06 2.77082e-07 5.23591e-08
 1.55864e-11 1.69249e-09 1.08355e-07 4.08986e-06 9.1014e-05 0.00119414 0.00923829 0.0421611 0.113771 0.183673 0.187519 0.148034 0.122734 0.0981569 0.0575473 0.0239022 0.00824026 0.00268222 0.000790688 0.00020413 4.62803e-05 9.00549e-06 1.46784e-06 1.96875e-07 2.22671e-08
 1.53266e-11 1.66428e-09 1.06549e-07 4.02168e-06 8.94969e-05 0.00117424 0.00908437 0.04146 0.111898 0.1808 0.185296 0.148111 0.124942 0.100788 0.0592716 0.0246897 0.00854082 0.00277749 0.000811314 0.000206219 4.59094e-05 8.73782e-06 1.38425e-06 1.78664e-07 1.83672e-08
 1.50301e-11 1.63209e-09 1.04488e-07 3.94391e-06 8.77661e-05 0.00115153 0.00890877 0.0406603 0.109763 0.177543 0.182857 0.148468 0.127868 0.104052 0.061105 0.0251929 0.00855002 0.00273622 0.000794886 0.000201703 4.4631e-05 8.38324e-06 1.30339e-06 1.64303e-07 1.63559e-08
 1.49666e-11 1.62519e-09 1.04046e-07 3.92722e-06 8.73948e-05 0.00114666 0.0088711 0.0404887 0.109305 0.176837 0.182297 0.148443 0.128342 0.104658 0.0615597 0.0254603 0.00867765 0.00277448 0.000797368 0.000199075 4.35051e-05 8.11792e-06 1.25358e-06 1.56143e-07 1.52651e-08
 1.53938e-11 1.67158e-09 1.07016e-07 4.03932e-06 8.98894e-05 0.00117939 0.00912419 0.0416415 0.112384 0.181559 0.185949 0.148306 0.1247 0.100331 0.0587459 0.0241946 0.00819517 0.00260904 0.000749894 0.000187225 4.06641e-05 7.49299e-06 1.14176e-06 1.40782e-07 1.36409e-08
 1.52206e-11 1.65277e-09 1.05812e-07 3.99387e-06 8.8878e-05 0.00116612 0.00902161 0.0411747 0.111144 0.179715 0.184803 0.149282 0.127578 0.103013 0.0594935 0.0234122 0.00724333 0.00210428 0.000577053 0.000141685 3.0617e-05 5.62936e-06 8.53435e-07 1.04191e-07 9.97389e-09
 1.53629e-11 1.66823e-09 1.06802e-07 4.03123e-06 8.97093e-05 0.00117703 0.00910595 0.0415587 0.112168 0.181263 0.185896 0.148898 0.125856 0.101259 0.0587581 0.0235176 0.00749894 0.00220605 0.0005812 0.000131615 2.6381e-05 4.65578e-06 6.94898e-07 8.43233e-08 8.02698e-09
 1.48854e-11 1.61638e-09 1.03482e-07 3.90592e-06 8.69209e-05 0.00114045 0.00882304 0.0402703 0.108728 0.176009 0.181932 0.149374 0.130416 0.10641 0.0617404 0.0244566 0.00764049 0.00221538 0.000587583 0.000134807 2.66335e-05 4.44623e-06 6.17798e-07 7.099e-08 6.56816e-09
 1.51524e-11 1.64537e-09 1.05338e-07 3.97598e-06 8.84799e-05 0.0011609 0.00898122 0.0409909 0.110654 0.178974 0.184279 0.149467 0.128414 0.10389 0.059914 0.0234207 0.00711372 0.0019919 0.000513714 0.000115514 2.26468e-05 3.78633e-06 5.20653e-07 5.75244e-08 5.01688e-09
 1.52828e-11 1.65953e-09 1.06245e-07 4.01021e-06 8.92416e-05 0.00117089 0.00905849 0.0413427 0.111592 0.180395 0.185295 0.149154 0.12689 0.102304 0.0591907 0.0234341 0.00730331 0.00209196 0.000538436 0.00011811 2.24207e-05 3.65251e-06 4.94796e-07 5.42579e-08 4.67194e-09
 1.44477e-11 1.56884e-09 1.00439e-07 3.79107e-06 8.43649e-05 0.00110691 0.00856373 0.0390893 0.105575 0.171189 0.17828 0.149765 0.134531 0.111101 0.0645242 0.0254078 0.00782244 0.00222255 0.000576656 0.000128902 2.4737e-05 3.98919e-06 5.26737e-07 5.62076e-08 4.74414e-09
 1.55946e-11 1.69339e-09 1.08412e-07 4.09202e-06 9.1062e-05 0.00119478 0.0092432 0.0421841 0.113843 0.183863 0.188063 0.149337 0.124661 0.0994241 0.0570027 0.0221002 0.00659954 0.001808 0.000457406 0.000100814 1.93045e-05 3.14279e-06 4.19232e-07 4.46381e-08 3.70432e-09
 1.67828e-11 1.82241e-09 1.16673e-07 4.4038e-06 9.80003e-05 0.0012858 0.00994715 0.0453906 0.122411 0.197012 0.198282 0.149124 0.114787 0.0875569 0.0491068 0.0183447 0.00504609 0.00124015 0.000289852 6.07361e-05 1.121e-05 1.78357e-06 2.35805e-07 2.51651e-08 2.10111e-09
 1.72642e-11 1.87468e-09 1.20019e-07 4.53012e-06 0.000100811 0.00132268 0.0102323 0.0466897 0.125882 0.202343 0.202439 0.149083 0.110856 0.0827986 0.0458965 0.0167665 0.00435969 0.000974834 0.000205778 3.88138e-05 6.45508e-06 9.48779e-07 1.19159e-07 1.23235e-08 1.01294e-09
 1.7316e-11 1.88031e-09 1.20379e-07 4.54371e-06 0.000101114 0.00132665 0.010263 0.0468296 0.126258 0.202936 0.202978 0.149332 0.110819 0.0825391 0.0454358 0.0162333 0.00396981 0.000794685 0.000149696 2.55593e-05 3.81494e-06 4.99451e-07 5.60935e-08 5.27612e-09 4.0528e-10
 1.65043e-11 1.79217e-09 1.14736e-07 4.33072e-06 9.63739e-05 0.00126446 0.00978216 0.0446394 0.120408 0.193979 0.19612 0.149815 0.11808 0.0909924 0.0506969 0.0183332 0.00460837 0.00096175 0.000183596 2.9853e-05 4.0233e-06 4.66808e-07 4.65284e-08 3.87929e-09 2.64899e-10
 1.61454e-11 1.7532e-09 1.12241e-07 4.23655e-06 9.42784e-05 0.00123697 0.00956954 0.0436708 0.117818 0.189988 0.192938 0.149618 0.120666 0.0943232 0.0532145 0.0198547 0.00540233 0.00127675 0.00027007 4.66776e-05 6.51782e-06 7.52917e-07 7.06297e-08 5.29989e-09 3.19641e-10
 1.63049e-11 1.77051e-09 1.1335e-07 4.27839e-06 9.52096e-05 0.00124919 0.00966402 0.0441012 0.118969 0.191759 0.194342 0.149676 0.11947 0.0928062 0.0520941 0.0192079 0.0050883 0.0011688 0.000250212 4.64042e-05 7.20828e-06 9.16362e-07 9.12956e-08 6.99541e-09 4.11109e-10
 1.66736e-11 1.81056e-09 1.15913e-07 4.37515e-06 9.73628e-05 0.00127744 0.00988247 0.0450961 0.121624 0.195812 0.197381 0.149247 0.115855 0.0887642 0.0498127 0.0185656 0.00505739 0.00120523 0.000261888 4.80516e-05 7.41158e-06 9.71514e-07 1.04223e-07 8.75784e-09 5.56398e-10
 1.68367e-11 1.82826e-09 1.17047e-07 4.41794e-06 9.8315e-05 0.00128993 0.00997908 0.0455362 0.122802 0.197629 0.198842 0.149378 0.114742 0.0872894 0.0486443 0.0178098 0.00464551 0.00104254 0.000219616 4.06709e-05 6.41913e-06 8.50513e-07 9.1331e-08 7.7931e-09 5.18695e-10
 1.58212e-11 1.718e-09 1.09988e-07 4.15149e-06 9.23856e-05 0.00121214 0.00937752 0.0427966 0.115487 0.186455 0.190409 0.150386 0.124437 0.0982589 0.0550309 0.0198495 0.00494391 0.00102207 0.00019826 3.43473e-05 5.1425e-06 6.65409e-07 7.18132e-08 6.21274e-09 4.1778e-10
 1.64955e-11 1.79122e-09 1.14675e-07 4.32842e-06 9.63229e-05 0.00126379 0.00977695 0.0446151 0.120335 0.193801 0.19566 0.14876 0.116549 0.0900425 0.0512639 0.0198998 0.00593328 0.00157057 0.000354853 6.25036e-05 8.80573e-06 1.052e-06 1.06254e-07 8.8146e-09 5.83939e-10
#obs catch len freq
 1.08736e-11 1.18075e-09 7.55926e-08 2.85325e-06 6.34954e-05 0.000833106 0.00644589 0.0294334 0.0796386 0.130241 0.140642 0.13088 0.134291 0.12771 0.09732 0.0629667 0.0353142 0.0161947 0.00590218 0.00168885 0.000366723 5.79969e-05 6.46668e-06 4.96197e-07 2.57027e-08
 1.74129e-11 1.89083e-09 1.21053e-07 4.56914e-06 0.00010168 0.00133407 0.0103203 0.0470871 0.126889 0.203378 0.200476 0.139342 0.094021 0.070907 0.0494689 0.0302259 0.0161119 0.00705033 0.00245001 0.000668991 0.000139565 2.13868e-05 2.31842e-06 1.72014e-07 8.50256e-09
 1.31123e-11 1.42384e-09 9.11558e-08 3.44068e-06 7.65681e-05 0.00100463 0.00777315 0.0354952 0.096037 0.156881 0.167841 0.149917 0.141456 0.118603 0.0721745 0.0329411 0.0130564 0.00476375 0.00150469 0.000384602 7.55683e-05 1.09307e-05 1.12222e-06 7.91602e-08 3.72802e-09
 1.63499e-11 1.7754e-09 1.13663e-07 4.29021e-06 9.54727e-05 0.00125265 0.00969093 0.0442258 0.119303 0.192098 0.192969 0.142485 0.105571 0.0827443 0.0564455 0.0319241 0.0146002 0.0050205 0.00127289 0.000251038 4.02693e-05 5.1057e-06 4.78349e-07 3.12824e-08 1.37429e-09
 1.5262e-11 1.65727e-09 1.061e-07 4.00476e-06 8.91206e-05 0.00116932 0.009047 0.0413014 0.111588 0.18092 0.186905 0.149718 0.122201 0.0951971 0.0577592 0.0275268 0.0112931 0.00394312 0.00108196 0.000220218 3.22804e-05 3.38648e-06 2.5627e-07 1.396e-08 5.33485e-10
 1.61046e-11 1.74877e-09 1.11958e-07 4.22586e-06 9.4041e-05 0.00123388 0.00954631 0.0435768 0.117675 0.190273 0.194056 0.148882 0.113908 0.0862768 0.0532892 0.0262408 0.0105969 0.00336571 0.000809395 0.000148398 2.07081e-05 2.11599e-06 1.51118e-07 7.32134e-09 2.37445e-10
 1.52096e-11 1.65159e-09 1.05736e-07 3.99102e-06 8.88152e-05 0.00116533 0.0090166 0.041171 0.111319 0.180937 0.188172 0.152019 0.123284 0.094406 0.0568293 0.0268744 0.010497 0.00328256 0.000777956 0.000136539 1.75233e-05 1.616e-06 1.05063e-07 4.71352e-09 1.42285e-10
 1.57754e-11 1.71303e-09 1.09669e-07 4.13949e-06 9.21193e-05 0.00120869 0.00935199 0.0427004 0.115417 0.187251 0.192967 0.151159 0.117054 0.0878999 0.0538498 0.0264076 0.0105134 0.00324062 0.000741709 0.000125069 1.53994e-05 1.35036e-06 8.20079e-08 3.37487e-09 9.25373e-11
 1.51356e-11 1.64355e-09 1.05222e-07 3.97161e-06 8.83838e-05 0.00115969 0.00897362 0.0409857 0.110921 0.180831 0.1895 0.1545 0.124364 0.0933075 0.0554412 0.0260525 0.0100142 0.00303615 0.000690866 0.000115132 1.37763e-05 1.1554e-06 6.64331e-08 2.57047e-09 6.57797e-11
 1.57249e-11 1.70754e-09 1.09318e-07 4.12624e-06 9.18249e-05 0.00120485 0.00932299 0.0425798 0.115202 0.187481 0.194775 0.154293 0.118857 0.0870426 0.0518086 0.0245615 0.0093459 0.0027321 0.00059098 9.36536e-05 1.07373e-05 8.67125e-07 4.79011e-08 1.76718e-09 4.27354e-11
 1.49138e-11 1.61947e-09 1.0368e-07 3.91342e-06 8.70895e-05 0.00114274 0.00884341 0.0404065 0.1095 0.179276 0.189983 0.157443 0.126764 0.0935047 0.0547559 0.0253763 0.00947918 0.00274337 0.000588554 9.15296e-05 1.01215e-05 7.77793e-07 4.06532e-08 1.41836e-09 3.24538e-11
 1.48406e-11 1.61151e-09 1.03171e-07 3.8942e-06 8.66623e-05 0.00113716 0.00880066 0.0402187 0.109055 0.178843 0.190183 0.15804 0.12678 0.0932813 0.055039 0.0257143 0.00950887 0.0026674 0.000548928 8.18438e-05 8.70028e-06 6.42508e-07 3.21041e-08 1.06238e-09 2.28904e-11
 1.43934e-11 1.56295e-09 1.00062e-07 3.77687e-06 8.40518e-05 0.00110294 0.00853679 0.0390285 0.105977 0.174612 0.188189 0.16032 0.130903 0.0961812 0.0562693 0.0260284 0.00951326 0.00263342 0.000532321 7.71413e-05 7.86924e-06 5.52549e-07 2.61405e-08 8.17854e-10 1.66407e-11
 1.32909e-11 1.44324e-09 9.23974e-08 3.48759e-06 7.76153e-05 0.00101853 0.00788514 0.0360764 0.0982242 0.163329 0.180864 0.162491 0.139347 0.104854 0.0623502 0.0292055 0.0106786 0.00292311 0.000580715 8.23267e-05 8.16568e-06 5.53109e-07 2.50232e-08 7.42545e-10 1.42372e-11
 1.3494e-11 1.46529e-09 9.38093e-08 3.54089e-06 7.88019e-05 0.00103412 0.00800625 0.036635 0.099763 0.165827 0.182858 0.161878 0.136239 0.102195 0.0616783 0.0293989 0.0108064 0.00293632 0.000574036 7.94717e-05 7.64121e-06 4.9864e-07 2.16218e-08 6.11997e-10 1.11378e-11
 1.4503e-11 1.57486e-09 1.00824e-07 3.80567e-06 8.46946e-05 0.00111145 0.00860467 0.0393658 0.107094 0.1772 0.191977 0.162328 0.128508 0.0921678 0.0540652 0.0252689 0.00918169 0.00248308 0.000483425 6.61919e-05 6.22835e-06 3.93783e-07 1.64103e-08 4.43607e-10 7.67221e-12
 1.28696e-11 1.39749e-09 8.94692e-08 3.37711e-06 7.516e-05 0.000986462 0.00764062 0.0350125 0.0957832 0.161383 0.18385 0.170232 0.144761 0.104218 0.0585949 0.0258055 0.00886629 0.00229299 0.000431158 5.73663e-05 5.25577e-06 3.22928e-07 1.30151e-08 3.38135e-10 5.58506e-12
 1.3075e-11 1.4198e-09 9.08974e-08 3.43103e-06 7.63606e-05 0.00100224 0.00776313 0.0355749 0.0972926 0.163563 0.184615 0.167502 0.140568 0.102915 0.0601004 0.027132 0.00918418 0.00225736 0.000396424 4.91989e-05 4.23291e-06 2.46103e-07 9.43396e-09 2.33619e-10 3.67727e-12
 1.42589e-11 1.54836e-09 9.9128e-08 3.7417e-06 8.32749e-05 0.00109298 0.00846543 0.0387797 0.105889 0.176847 0.195115 0.167767 0.131329 0.0910149 0.0511995 0.0226051 0.00758776 0.00185748 0.000321356 3.84455e-05 3.12117e-06 1.69003e-07 6.00856e-09 1.38212e-10 2.02824e-12
 1.4508e-11 1.5754e-09 1.0086e-07 3.80709e-06 8.47322e-05 0.00111219 0.00861592 0.0394917 0.107997 0.181003 0.200805 0.172517 0.131691 0.0863832 0.0449471 0.0181818 0.00563426 0.00129327 0.000212789 2.44209e-05 1.9041e-06 9.84383e-08 3.30831e-09 7.12004e-11 9.69946e-13
 1.44534e-11 1.56947e-09 1.0048e-07 3.79281e-06 8.44166e-05 0.00110813 0.00858628 0.0393782 0.107841 0.181314 0.202177 0.174195 0.132249 0.085773 0.0438602 0.017156 0.00502405 0.00106977 0.000161955 1.71354e-05 1.24118e-06 6.00929e-08 1.90124e-09 3.85763e-11 4.94578e-13
 1.43548e-11 1.55877e-09 9.97958e-08 3.76702e-06 8.38454e-05 0.00110074 0.00853141 0.0391559 0.107437 0.181426 0.203833 0.176619 0.133211 0.0847925 0.0422558 0.015999 0.00449817 0.000910202 0.000129265 1.26594e-05 8.40605e-07 3.71703e-08 1.07555e-09 2.00447e-11 2.3724e-13
 1.45835e-11 1.58361e-09 1.01386e-07 3.82709e-06 8.5185e-05 0.00111841 0.00867005 0.0398097 0.109324 0.184796 0.207337 0.177807 0.131202 0.0813438 0.039387 0.0143923 0.00387142 0.000743809 9.96169e-05 9.13587e-06 5.63928e-07 2.30131e-08 6.1068e-10 1.03904e-11 1.12024e-13
 1.49546e-11 1.62391e-09 1.03967e-07 3.92456e-06 8.7357e-05 0.00114701 0.00889311 0.0408461 0.112212 0.189596 0.211654 0.178444 0.127819 0.0767081 0.0359562 0.0126761 0.00327292 0.000600429 7.63301e-05 6.60058e-06 3.81672e-07 1.45071e-08 3.56785e-10 5.60163e-12 5.55138e-14
 1.41973e-11 1.54168e-09 9.87032e-08 3.72598e-06 8.29443e-05 0.00108934 0.00845174 0.03889 0.10735 0.18351 0.209835 0.182915 0.133964 0.0803311 0.0370333 0.0127238 0.00318187 0.000562584 6.85713e-05 5.65012e-06 3.09247e-07 1.1056e-08 2.54336e-10 3.71741e-12 3.41606e-14
 1.53956e-11 1.67181e-09 1.07035e-07 4.04048e-06 8.99442e-05 0.00118119 0.00916187 0.0421151 0.115848 0.195865 0.217451 0.179176 0.123108 0.0706686 0.0317073 0.0105922 0.00254894 0.000429305 4.95127e-05 3.84566e-06 1.97948e-07 6.64233e-09 1.43101e-10 1.95376e-12 1.67254e-14
 1.32321e-11 1.43688e-09 9.19972e-08 3.47316e-06 7.73351e-05 0.00101632 0.00789809 0.0364924 0.101739 0.177754 0.211154 0.191506 0.141179 0.0816439 0.0352998 0.0112046 0.00256932 0.000414488 4.57811e-05 3.38722e-06 1.64887e-07 5.19941e-09 1.04788e-10 1.33448e-12 1.06357e-14
 1.40844e-11 1.52944e-09 9.79234e-08 3.69686e-06 8.23132e-05 0.00108159 0.00840123 0.0387537 0.107496 0.185185 0.213227 0.185104 0.133162 0.0781816 0.0349844 0.0113285 0.00256615 0.000397409 4.14736e-05 2.88364e-06 1.31845e-07 3.90504e-09 7.3834e-11 8.80016e-13 6.54508e-15
#spawning biomass
 4275.2 5730.39 8630.25 13919.2 22451.6 34004.3 52555.9 79101.7 105528 133738 164616 182334 211085 220257 213276 229041 215655 183906 182220 198183 208279 222684 232151 225033 242649 248552 233116 305492 353722 5571.46 4216.91 4216.91 4216.91 4216.91 4216.91 4216.91 4216.91 4216.91 4216.91 4216.91 4216.91 4216.91 4216.91 4216.91 4216.91 4216.91 4216.91 4216.91 4216.91 4216.91 4216.91 4216.91 4216.91 4216.91 4216.91 4216.91 4216.91 4216.91 4216.91 4216.91 4216.91 4216.91 4216.91 4216.91 4216.91 4216.91 4216.91 4216.91 4216.91 4216.91 4216.91 4216.91 4216.91 4216.91 4216.91 4216.91 4216.91 4216.91 4216.91 4216.91 4216.91 4216.91 4216.91 4216.91 4216.91 4216.91 4216.91 4216.91 4216.91 4216.91 4216.91 4216.91 4216.91 4216.91 4216.91 4216.91 4216.91 4216.91 4216.91 4216.91 4216.91 4216.91 4216.91 4216.91 4216.91 4216.91 4216.91 4216.91 4216.91 4216.91 4216.91 4216.91 4216.91 4216.91 4216.91 4216.91 4216.91 4216.91 4216.91 4216.91 4216.91 4216.91 4216.91 4216.91 4216.91 4216.91 4216.91 4216.91 0 0 0 0 0 0 0 0 0 0 0 0 0 0 0 0 0 0 0 0 0 0 0 0 0
