SBPRF35
0.18549
Curr Bio
149366
B35
185151
F35
1.46581
FOFL
1.46581
OFL
71093.5
Bzero
52994.1
#pred survey bio
 13571.6 14995.9 15502.9 17743.3 21725.8 26664.8 29529.3 37445.8 50304.1 67493.8 81170 99047.8 136791 160809 152271 124422 118076 113395 123835 117974 120140 116148 122409 127587 147782 149083 139720 130924 114655 3.98121e+06 3.44998e+06 1.9502e+06 996900 668002 541245 479796 445316 424724 412155 404432 399684 396767 394977 393875 393196 392789 392545 392398 392310 392256 392224 392205 392193 392186 392182 392179 392177 392177 392176 392176 392175 392175 392175 392175 392175 392175 392175 392175 392175 392175 392175 392175 392175 392175 392175 392175 392175 392175 392175 392175 392175 392175 392175 392175 392175 392175 392175 392175 392175 392175 392175 392175 392175 392175 392175 392175 392175 392175 392175 392175 392175 392175 392175 392175 392175 392175 392175 392175 392175 392175 392175 392175 392175 392175 392175 392175 392175 392175 392175 392175 392175 392175 392175 392175 392175 392175 392175 392175 392175 0 0 0 0 0 0 0 0 0 0 0 0 0 0 0 0 0 0 0 0 0 0 0 0 0
#obs survey bio
 10120.5 9441.64 14166.9 12320.2 16878.8 26157.5 23007.3 28773.9 37374.3 53741.1 70527.3 100534 171995 122627 111488 102526 121274 98762 91104.3 82618.2 86503 96551.5 110815 111658 152017 117917 96729.8 95215.7 89376.9
#pred catch bio
 5009.5 7169.1 7153.94 8610.79 10223.8 14177.4 15460.2 20826.5 27669.2 38334.9 49072.8 56871.5 81477.1 102230 108279 85569.5 84268.9 74135 91689.4 84801.5 90768.7 84179 91621.5 90332.3 113316 116583 106185 112031 48743.1 71093.5 84931.8 42728.1 14874.1 8515.03 7353.03 7157.12 7125.67 7120.79 7120.05 7119.94 7119.92 7119.92 7119.92 7119.92 7119.92 7119.92 7119.92 7119.92 7119.92 7119.92 7119.92 7119.92 7119.92 7119.92 7119.92 7119.92 7119.92 7119.92 7119.92 7119.92 7119.92 7119.92 7119.92 7119.92 7119.92 7119.92 7119.92 7119.92 7119.92 7119.92 7119.92 7119.92 7119.92 7119.92 7119.92 7119.92 7119.92 7119.92 7119.92 7119.92 7119.92 7119.92 7119.92 7119.92 7119.92 7119.92 7119.92 7119.92 7119.92 7119.92 7119.92 7119.92 7119.92 7119.92 7119.92 7119.92 7119.92 7119.92 7119.92 7119.92 7119.92 7119.92 7119.92 7119.92 7119.92 7119.92 7119.92 7119.92 7119.92 7119.92 7119.92 7119.92 7119.92 7119.92 7119.92 7119.92 7119.92 7119.92 7119.92 7119.92 7119.92 7119.92 7119.92 7119.92 7119.92 7119.92 7119.92 7119.92 7119.92 0 0 0 0 0 0 0 0 0 0 0 0 0 0 0 0 0 0 0 0 0 0 0 0 0
#obs catch bio
 7125.18 7259.25 7148.3 8803.84 10360.3 14003.4 15407.5 20807.5 27067.1 37645.7 47501.4 55190.9 76295.1 97149.1 109033 85171.3 80735.2 71221 90161.4 83201.4 87329.2 80761.4 87256.9 85352.7 106780 112263 101762 110027 47302.5
#pred cpue bio
 8632.28 9290.21 8878.47 9866.36 11241.2 14203.7 15543 18191.8 22824.6 31268.3 39385.7 44878.6 60329.2 76977 78307.2 61116.7 55409.1 51273.2 56998.5 51606.5 52834.4 49709.3 52479.5 53087.6 61685 62003.6 59337 57254.7 43824.7 2.01645e+06 2.64289e+06 1.81127e+06 874659 540774 413010 351370 316853 296254 283683 275960 271211 268295 266505 265403 264724 264317 264073 263926 263837 263784 263752 263732 263721 263713 263709 263707 263705 263704 263704 263703 263703 263703 263703 263703 263703 263703 263703 263703 263703 263703 263703 263703 263703 263703 263703 263703 263703 263703 263703 263703 263703 263703 263703 263703 263703 263703 263703 263703 263703 263703 263703 263703 263703 263703 263703 263703 263703 263703 263703 263703 263703 263703 263703 263703 263703 263703 263703 263703 263703 263703 263703 263703 263703 263703 263703 263703 263703 263703 263703 263703 263703 263703 263703 263703 263703 263703 263703 263703 263703 0 0 0 0 0 0 0 0 0 0 0 0 0 0 0 0 0 0 0 0 0 0 0 0 0
#obs cpue bio
 8030.02 12576.8 9177.62 8871.07 12757.4 25292.5 18777.9 25632.4 46804.5 49867.6 87136.5 80197.8 152281 156894 75947.6 98065.3 119684 96239.1 95339.3 99943.4 149255 114907 135295 147752 157052 116598 165542 120144 84562
#pred surv len freq
 2.5648e-27 2.59267e-27 3.67961e-26 7.22246e-20 1.7705e-14 5.2463e-10 1.87914e-06 0.000813595 0.0425806 0.269377 0.206329 0.0401441 0.160599 0.148252 0.0335251 0.0394489 0.0167268 0.0125794 0.0076528 0.00575052 0.00444691 0.00378392 0.00372954 0.003266 0.000992258
 2.56493e-27 2.5932e-27 3.74018e-26 7.35026e-20 1.80183e-14 5.33914e-10 1.91239e-06 0.000827992 0.0433341 0.274144 0.209948 0.0388291 0.148052 0.137295 0.0430314 0.0637212 0.0214992 0.00876 0.0039244 0.00223899 0.00141672 0.00103224 0.000899174 0.000784632 0.000260791
 2.56597e-27 2.59584e-27 3.9506e-26 7.79407e-20 1.91062e-14 5.66152e-10 2.02786e-06 0.000877986 0.0459506 0.290696 0.22261 0.040218 0.149725 0.138404 0.0353728 0.0460224 0.016862 0.0087767 0.0027644 0.000851672 0.00036085 0.000201265 0.000144931 0.000118318 4.06364e-05
 2.5663e-27 2.59665e-27 4.01459e-26 7.92905e-20 1.94371e-14 5.75956e-10 2.06298e-06 0.000893191 0.0467464 0.295731 0.22646 0.040624 0.15011 0.138687 0.0341573 0.0430881 0.0145771 0.0059345 0.0020775 0.000670706 0.000148748 4.65163e-05 2.37779e-05 1.6636e-05 5.64133e-06
 2.5677e-27 2.60035e-27 4.33345e-26 8.60167e-20 2.1086e-14 6.24815e-10 2.23798e-06 0.000968961 0.0507119 0.320817 0.245613 0.0404158 0.13507 0.124666 0.0291116 0.0350724 0.0115682 0.00422765 0.00129261 0.000355988 8.50229e-05 1.53093e-05 3.7029e-06 1.85195e-06 5.8672e-07
 2.56649e-27 2.59697e-27 4.02703e-26 7.95522e-20 1.95013e-14 5.77857e-10 2.06979e-06 0.000896139 0.0469007 0.296707 0.227226 0.0419221 0.15945 0.14704 0.0308316 0.0333443 0.0107606 0.00357392 0.00103671 0.000249409 4.93645e-05 8.40846e-06 1.08403e-06 2.43584e-07 6.40508e-08
 2.5669e-27 2.59811e-27 4.12984e-26 8.17212e-20 2.0033e-14 5.93613e-10 2.12622e-06 0.000920573 0.0481795 0.304797 0.233396 0.0414136 0.151247 0.139541 0.0307936 0.035116 0.0108411 0.00279974 0.000757138 0.000163844 2.8768e-05 4.05167e-06 4.27122e-07 3.92703e-08 5.91131e-09
 2.56855e-27 2.60254e-27 4.51711e-26 8.98909e-20 2.20357e-14 6.52956e-10 2.33878e-06 0.0010126 0.0529959 0.335267 0.25665 0.0406595 0.129169 0.119068 0.0253638 0.027891 0.00872764 0.00244612 0.00062102 0.00010713 1.67065e-05 2.05007e-06 1.76057e-07 1.03449e-08 6.00679e-10
 2.56913e-27 2.60398e-27 4.63101e-26 9.22931e-20 2.26246e-14 6.70406e-10 2.40128e-06 0.00103966 0.0544122 0.344227 0.263504 0.0414477 0.130352 0.119903 0.0208652 0.0174022 0.0052638 0.00121404 0.000304489 5.40658e-05 7.20638e-06 7.26219e-07 5.28887e-08 2.39292e-09 6.71023e-11
 2.5686e-27 2.60252e-27 4.49925e-26 8.95135e-20 2.19432e-14 6.50215e-10 2.32896e-06 0.00100835 0.0527735 0.333859 0.255597 0.0420144 0.14022 0.128979 0.0219352 0.0175426 0.00507672 0.00078828 0.000173 2.59182e-05 3.42193e-06 3.17107e-07 1.85146e-08 6.81324e-10 1.31392e-11
 2.56771e-27 2.60011e-27 4.28741e-26 8.50446e-20 2.08477e-14 6.17753e-10 2.21269e-06 0.00095801 0.0501388 0.317192 0.242878 0.0425458 0.153199 0.140986 0.0245818 0.0205518 0.00591812 0.000857019 0.00017134 1.78005e-05 1.90783e-06 1.59104e-07 8.64167e-09 2.56837e-10 3.85074e-12
 2.56917e-27 2.60409e-27 4.64133e-26 9.25108e-20 2.26779e-14 6.71987e-10 2.40694e-06 0.00104211 0.0545405 0.345038 0.264122 0.0413541 0.129205 0.118873 0.021192 0.0183898 0.00530095 0.000771328 0.000152735 1.45634e-05 1.25081e-06 7.3711e-08 3.37879e-09 9.0908e-11 1.1096e-12
 2.5694e-27 2.60467e-27 4.68783e-26 9.34916e-20 2.29183e-14 6.79112e-10 2.43246e-06 0.00105316 0.0551188 0.348697 0.26692 0.0416061 0.129157 0.118732 0.0194146 0.0143758 0.00414949 0.000633212 0.000127163 1.21553e-05 1.00759e-06 4.99443e-08 1.61751e-09 3.40764e-11 3.64396e-13
 2.56759e-27 2.59971e-27 4.24483e-26 8.4146e-20 2.06274e-14 6.11226e-10 2.18931e-06 0.000947887 0.049609 0.31384 0.240331 0.0432855 0.160618 0.147686 0.0231228 0.015537 0.00439129 0.00052138 9.70993e-05 9.56257e-06 8.02562e-07 3.91e-08 1.10988e-09 1.6921e-11 1.35269e-13
 2.56624e-27 2.59612e-27 3.93252e-26 7.75578e-20 1.90124e-14 5.63371e-10 2.0179e-06 0.000873673 0.0457249 0.289269 0.221575 0.0437244 0.177136 0.163055 0.0281571 0.0231383 0.00651991 0.000694883 0.00011991 9.4551e-06 7.31927e-07 3.64954e-08 1.0294e-09 1.41243e-11 8.44278e-14
 2.56726e-27 2.59886e-27 4.17362e-26 8.26439e-20 2.02592e-14 6.00315e-10 2.15023e-06 0.000930967 0.0487235 0.308238 0.236051 0.0431379 0.162502 0.149514 0.0250846 0.0195457 0.00552427 0.00062737 0.00010969 7.67619e-06 5.08909e-07 2.07794e-08 5.704e-10 7.83953e-12 4.30206e-14
 2.56812e-27 2.60118e-27 4.37697e-26 8.69337e-20 2.13107e-14 6.31476e-10 2.26184e-06 0.00097929 0.0512525 0.324238 0.248261 0.0427015 0.150603 0.138489 0.0223305 0.0160433 0.00451604 0.000492143 8.51563e-05 6.28974e-06 4.12777e-07 1.44261e-08 3.23715e-10 4.00947e-12 2.18229e-14
 2.56851e-27 2.60218e-27 4.46007e-26 8.86866e-20 2.17404e-14 6.44208e-10 2.30745e-06 0.000999036 0.0522859 0.330775 0.253257 0.0429491 0.148976 0.136867 0.0198367 0.010768 0.00297776 0.000262134 4.05069e-05 2.82791e-06 1.83231e-07 6.6189e-09 1.35435e-10 1.37257e-12 6.44739e-15
 2.56838e-27 2.60188e-27 4.43673e-26 8.81943e-20 2.16198e-14 6.40633e-10 2.29464e-06 0.000993491 0.0519957 0.328939 0.251851 0.0426926 0.148013 0.13606 0.0211807 0.014031 0.00388173 0.000312519 4.4895e-05 2.65906e-06 1.51454e-07 5.20284e-09 1.07634e-10 1.04715e-12 4.1423e-15
 2.56898e-27 2.60343e-27 4.56853e-26 9.09744e-20 2.23013e-14 6.60827e-10 2.36697e-06 0.00102481 0.0536348 0.339308 0.25977 0.042812 0.143357 0.131635 0.0180552 0.00802493 0.00219001 0.000162198 2.17183e-05 1.14927e-06 5.65016e-08 1.60778e-09 3.00319e-11 2.8609e-13 1.108e-15
 2.56887e-27 2.60314e-27 4.54245e-26 9.04242e-20 2.21664e-14 6.5683e-10 2.35266e-06 0.00101861 0.0533104 0.337256 0.258205 0.0429101 0.145203 0.133335 0.0182888 0.00812831 0.00219944 0.000128616 1.35606e-05 6.66279e-07 2.97079e-08 7.29039e-10 1.13459e-11 9.21686e-14 3.37869e-16
 2.56926e-27 2.60417e-27 4.63256e-26 9.23253e-20 2.26324e-14 6.70639e-10 2.40212e-06 0.00104003 0.0544312 0.344346 0.263617 0.0427552 0.140223 0.128708 0.0169277 0.00619162 0.00165997 8.92028e-05 8.25201e-06 3.29975e-07 1.09425e-08 2.39291e-10 3.26854e-12 2.20474e-14 6.74943e-17
 2.56928e-27 2.60425e-27 4.64022e-26 9.24868e-20 2.2672e-14 6.71813e-10 2.40632e-06 0.00104184 0.0545264 0.344949 0.264075 0.0426488 0.139091 0.127685 0.017125 0.00689796 0.00185373 9.58407e-05 8.30259e-06 3.11947e-07 8.8383e-09 1.47208e-10 1.57234e-12 9.20461e-15 2.37536e-17
 2.56973e-27 2.60546e-27 4.74648e-26 9.47284e-20 2.32215e-14 6.88095e-10 2.46464e-06 0.0010671 0.0558479 0.353309 0.270454 0.0423762 0.132534 0.121622 0.0158146 0.00543857 0.00145257 7.43733e-05 6.32378e-06 2.29002e-07 5.92283e-09 8.89422e-11 7.67067e-13 3.32651e-15 7.02845e-18
 2.56974e-27 2.6055e-27 4.75189e-26 9.48427e-20 2.32495e-14 6.88926e-10 2.46762e-06 0.00106838 0.0559153 0.353736 0.270778 0.0422609 0.13143 0.120627 0.0160869 0.00630847 0.00169312 8.64039e-05 7.30432e-06 2.64526e-07 6.80371e-09 9.70168e-11 7.58e-13 2.78931e-15 4.49021e-18
 2.56963e-27 2.60516e-27 4.71857e-26 9.41395e-20 2.30772e-14 6.83818e-10 2.44932e-06 0.00106046 0.0555008 0.351113 0.268781 0.042631 0.135649 0.124453 0.0155482 0.00412007 0.00108513 5.17503e-05 3.83472e-06 1.35508e-07 3.33892e-09 4.71727e-11 3.60163e-13 1.22739e-15 1.73385e-18
 2.56923e-27 2.60406e-27 4.61959e-26 9.20516e-20 2.25653e-14 6.68651e-10 2.395e-06 0.00103694 0.0542698 0.343326 0.262842 0.0430418 0.142948 0.131162 0.0162476 0.0040261 0.00105288 4.3557e-05 2.16807e-06 7.07252e-08 1.50503e-09 2.02483e-11 1.49153e-13 5.00016e-16 6.74245e-19
 2.56879e-27 2.60288e-27 4.51628e-26 8.98721e-20 2.20311e-14 6.52819e-10 2.33829e-06 0.00101239 0.0529849 0.335197 0.256638 0.04327 0.149043 0.136808 0.0176467 0.00579224 0.00153681 6.53082e-05 3.54851e-06 1.06097e-07 1.56897e-09 1.80829e-11 1.17518e-13 3.73504e-16 4.89645e-19
 2.57087e-27 2.60855e-27 5.01989e-26 1.00496e-19 2.46355e-14 7.29992e-10 2.61471e-06 0.00113207 0.0592484 0.374822 0.286869 0.0416322 0.115339 0.105731 0.0125874 0.00208445 0.000529226 2.09907e-05 8.77353e-07 2.56774e-08 3.78568e-10 3.76962e-12 1.75839e-14 4.67757e-17 5.54362e-20
#obs surv len freq
 1.24596e-41 1.72931e-33 2.90127e-26 5.88372e-20 1.44232e-14 4.27387e-10 1.53083e-06 0.000662797 0.0346881 0.219448 0.1683 0.0416594 0.169977 0.142364 0.0896218 0.0849522 0.0335144 0.0120866 0.00243926 0.000272326 1.24111e-05 1.69018e-07 5.19828e-10 2.9462e-13 2.69169e-17
 1.56125e-41 2.16691e-33 3.63543e-26 7.37259e-20 1.8073e-14 5.35537e-10 1.91821e-06 0.000830517 0.043466 0.274979 0.210738 0.0426739 0.142044 0.113168 0.0739252 0.0644416 0.0242707 0.00790983 0.00141331 0.000133962 4.95419e-06 5.21746e-08 1.19403e-10 4.91137e-14 3.2091e-18
 1.29189e-41 1.79306e-33 3.00824e-26 6.10064e-20 1.4955e-14 4.43144e-10 1.58727e-06 0.000687233 0.035967 0.227539 0.174754 0.0517123 0.203829 0.149864 0.0733538 0.0555053 0.0199535 0.00584561 0.000913966 7.21664e-05 2.12522e-06 1.71312e-08 2.90921e-11 8.68818e-15 4.06486e-19
 1.56039e-41 2.16572e-33 3.63344e-26 7.36855e-20 1.80631e-14 5.35243e-10 1.91715e-06 0.000830062 0.0434421 0.274829 0.210797 0.0474131 0.149736 0.109523 0.0844795 0.0593158 0.0154648 0.00364575 0.000490823 3.18007e-05 7.32345e-07 4.45095e-09 5.56369e-12 1.20354e-15 4.03407e-20
 1.53876e-41 2.1357e-33 3.58308e-26 7.2664e-20 1.78127e-14 5.27824e-10 1.89058e-06 0.000818556 0.0428399 0.27102 0.208131 0.0553908 0.180359 0.118916 0.0638033 0.0415386 0.0140264 0.00286968 0.000270552 1.3557e-05 2.40432e-07 1.08695e-09 9.89e-13 1.53887e-16 3.68374e-21
 1.34821e-41 1.87123e-33 3.13938e-26 6.3666e-20 1.5607e-14 4.62463e-10 1.65647e-06 0.000717193 0.037535 0.237461 0.182749 0.0611694 0.205217 0.131059 0.0837594 0.0468566 0.0111195 0.00214971 0.000198361 7.05266e-06 8.77613e-08 2.88362e-10 1.89038e-13 2.09801e-17 3.56347e-22
 1.56435e-41 2.17122e-33 3.64267e-26 7.38727e-20 1.8109e-14 5.36603e-10 1.92203e-06 0.000832171 0.0435525 0.275529 0.211788 0.0580398 0.165406 0.104937 0.0833763 0.0441254 0.0106913 0.00160321 0.000113129 3.5029e-06 3.17408e-08 7.01385e-11 3.18604e-14 2.4892e-18 2.97875e-23
 1.73138e-41 2.40304e-33 4.0316e-26 8.176e-20 2.00425e-14 5.93896e-10 2.12724e-06 0.000921021 0.0482026 0.304947 0.234458 0.062831 0.163456 0.092774 0.0564664 0.0276231 0.00724124 0.00101763 5.85744e-05 1.31432e-06 9.16878e-09 1.47746e-11 4.52664e-15 2.37524e-19 1.94949e-24
 1.65716e-41 2.30003e-33 3.85878e-26 7.82553e-20 1.91834e-14 5.68438e-10 2.03605e-06 0.000881541 0.0461364 0.291878 0.224883 0.0713014 0.184917 0.098004 0.054938 0.0221581 0.00432286 0.000547138 2.94858e-05 5.29553e-07 2.63057e-09 3.03069e-12 6.6736e-16 2.42565e-20 1.341e-25
 1.53244e-41 2.12692e-33 3.56836e-26 7.23656e-20 1.77396e-14 5.25656e-10 1.88281e-06 0.000815193 0.042664 0.269913 0.208551 0.0785369 0.19983 0.104837 0.0667263 0.02387 0.00387614 0.000363018 1.4951e-05 2.27742e-07 8.92458e-10 7.33868e-13 1.11888e-16 2.84436e-21 1.10254e-26
 1.46519e-41 2.03358e-33 3.41176e-26 6.91898e-20 1.69611e-14 5.02588e-10 1.80019e-06 0.000779419 0.0407917 0.258072 0.199942 0.0841461 0.203748 0.107467 0.0753898 0.0252595 0.0040784 0.000314676 9.29246e-06 9.97795e-08 2.97717e-10 1.87796e-13 2.08124e-17 3.68452e-22 9.82451e-28
 1.88464e-41 2.61576e-33 4.38848e-26 8.89974e-20 2.18167e-14 6.46468e-10 2.31554e-06 0.00100255 0.0524695 0.331947 0.25597 0.0729788 0.140689 0.0735186 0.0523038 0.0163399 0.00259246 0.000180806 4.45374e-06 3.40658e-08 6.83531e-11 3.0248e-14 2.45146e-18 3.17422e-23 6.04958e-29
 1.57052e-41 2.17977e-33 3.65702e-26 7.41637e-20 1.81803e-14 5.38717e-10 1.9296e-06 0.000835449 0.0437241 0.276633 0.215435 0.10233 0.213906 0.0901726 0.042863 0.0121334 0.00184563 0.00011719 2.56232e-06 1.59052e-08 2.31487e-11 6.88032e-15 3.73047e-19 3.33611e-24 4.51332e-30
 1.27206e-41 1.76554e-33 2.96206e-26 6.007e-20 1.47254e-14 4.36342e-10 1.56291e-06 0.000676684 0.035415 0.224076 0.176403 0.113849 0.233701 0.119342 0.0778 0.0169261 0.00171671 9.15538e-05 1.75295e-06 9.15554e-09 1.05998e-11 2.33292e-15 8.78519e-20 5.26893e-25 4.76632e-31
 1.14806e-41 1.59343e-33 2.67331e-26 5.42141e-20 1.32899e-14 3.93805e-10 1.41055e-06 0.000610718 0.0319626 0.202244 0.160487 0.11737 0.227225 0.135293 0.0980671 0.0238582 0.00277328 0.000106236 1.4069e-06 5.81744e-09 5.40691e-12 9.27498e-16 2.62271e-20 1.13602e-25 7.17319e-32
 1.55765e-41 2.16191e-33 3.62705e-26 7.35559e-20 1.80314e-14 5.34302e-10 1.91378e-06 0.000828602 0.0433658 0.274382 0.214885 0.100833 0.16557 0.104335 0.0740549 0.0192072 0.00243664 9.85004e-05 1.13003e-06 3.19366e-09 2.08508e-12 2.68506e-16 5.76685e-21 1.87416e-26 8.7234e-33
 1.41154e-41 1.95913e-33 3.28684e-26 6.66565e-20 1.63401e-14 4.84185e-10 1.73427e-06 0.000750881 0.0392982 0.248679 0.198275 0.135967 0.215054 0.0967161 0.0509921 0.0126415 0.0015599 6.42443e-05 7.35031e-07 1.85177e-09 9.03148e-13 7.91228e-17 1.17619e-21 2.7509e-27 9.39142e-34
 1.46259e-41 2.02998e-33 3.40571e-26 6.90672e-20 1.6931e-14 5.01697e-10 1.797e-06 0.000778037 0.0407194 0.25768 0.205497 0.130199 0.190305 0.107475 0.0567579 0.00966822 0.000885512 3.28776e-05 3.51322e-07 8.20736e-10 3.5162e-13 2.4707e-17 2.6765e-22 4.31032e-28 1.00504e-34
 1.44516e-41 2.00579e-33 3.36513e-26 6.82442e-20 1.67293e-14 4.95718e-10 1.77558e-06 0.000768766 0.0402343 0.25464 0.205254 0.144499 0.195644 0.100881 0.0485319 0.00884161 0.000686176 1.71835e-05 1.40599e-07 2.78501e-10 1.02538e-13 6.09212e-18 5.39209e-23 6.77104e-29 1.17077e-35
 1.55722e-41 2.16132e-33 3.62607e-26 7.35359e-20 1.80265e-14 5.34157e-10 1.91326e-06 0.000828377 0.0433541 0.274396 0.221028 0.141294 0.174987 0.0951611 0.0418238 0.00664422 0.00047098 1.04665e-05 6.17741e-08 8.49583e-11 2.36574e-14 1.11781e-18 7.95097e-24 7.9776e-30 1.08728e-36
 1.50585e-41 2.09002e-33 3.50644e-26 7.111e-20 1.74318e-14 5.16535e-10 1.85015e-06 0.000801049 0.041924 0.265402 0.21735 0.160579 0.184753 0.0894202 0.034408 0.0050508 0.000304565 5.63413e-06 2.76056e-08 2.86928e-11 5.52705e-15 1.81347e-19 9.37214e-25 7.07541e-31 7.37278e-38
 1.55012e-41 2.15146e-33 3.60952e-26 7.32003e-20 1.79442e-14 5.31719e-10 1.90453e-06 0.000824596 0.0431565 0.273237 0.224742 0.160276 0.17263 0.0900057 0.0311334 0.00379804 0.000191391 2.93463e-06 1.14148e-08 9.2867e-12 1.36269e-15 3.2298e-20 1.15687e-25 6.00935e-32 4.3826e-39
 1.55733e-41 2.16148e-33 3.62632e-26 7.35411e-20 1.80277e-14 5.34195e-10 1.9134e-06 0.000828436 0.0433576 0.274579 0.228762 0.171066 0.170271 0.0824354 0.025671 0.00290481 0.000120504 1.43418e-06 4.32925e-09 2.69736e-12 2.98324e-16 5.28407e-21 1.39576e-26 5.22951e-33 2.687e-40
 1.59427e-41 2.21275e-33 3.71234e-26 7.52855e-20 1.84554e-14 5.46866e-10 1.95878e-06 0.000848086 0.0443862 0.281157 0.236124 0.174205 0.162062 0.077752 0.021317 0.00207288 7.31883e-05 7.11826e-07 1.63157e-09 7.51947e-13 6.14551e-17 8.01676e-22 1.5514e-27 4.24311e-34 1.58575e-41
 1.58946e-41 2.20607e-33 3.70114e-26 7.50585e-20 1.83997e-14 5.45217e-10 1.95288e-06 0.000845529 0.0442527 0.280422 0.239324 0.18431 0.159809 0.0720009 0.0174966 0.00149411 4.3252e-05 3.35487e-07 6.01389e-10 2.08727e-13 1.24271e-17 1.16697e-22 1.62579e-28 3.20602e-35 8.63813e-43
 1.37413e-41 1.9072e-33 3.19973e-26 6.48898e-20 1.5907e-14 4.71353e-10 1.68831e-06 0.000730981 0.0382584 0.242729 0.218996 0.217075 0.183074 0.080614 0.0172307 0.00125916 3.00866e-05 1.85596e-07 2.5479e-10 6.65488e-14 2.9423e-18 2.01661e-23 2.01851e-29 2.83449e-36 5.42532e-44
 1.40214e-41 1.94608e-33 3.26495e-26 6.62126e-20 1.62312e-14 4.80961e-10 1.72273e-06 0.000745882 0.0390387 0.247764 0.223769 0.205222 0.176594 0.0883237 0.0174076 0.00111294 2.17478e-05 1.05674e-07 1.11162e-10 2.17151e-14 7.0609e-19 3.53003e-24 2.56415e-30 2.59778e-37 3.56291e-45
 1.46707e-41 2.0362e-33 3.41614e-26 6.92787e-20 1.69828e-14 5.03233e-10 1.8025e-06 0.00078042 0.0408463 0.259185 0.231896 0.202614 0.169028 0.078541 0.0160183 0.00106984 1.93985e-05 8.17215e-08 7.18725e-11 1.15337e-14 3.05198e-19 1.23304e-24 7.2006e-31 5.84874e-38 6.42494e-46
 1.46708e-41 2.03622e-33 3.41617e-26 6.92794e-20 1.6983e-14 5.03238e-10 1.80252e-06 0.000780428 0.0408467 0.259187 0.231899 0.202618 0.169115 0.0787157 0.0158173 0.00100133 1.68569e-05 6.4553e-08 5.07671e-11 7.2057e-15 1.67349e-19 5.90433e-25 3.00021e-31 2.11493e-38 2.01246e-46
#pred catch len freq
 2.55652e-27 2.57068e-27 1.79288e-26 3.24247e-20 7.94852e-15 2.35529e-10 8.43625e-07 0.000365257 0.0191162 0.120935 0.0929936 0.0408811 0.245833 0.227546 0.0589019 0.0776685 0.0330039 0.0248458 0.0150377 0.011251 0.0086784 0.00737638 0.00726766 0.00636389 0.00193342
 2.55706e-27 2.57245e-27 1.96305e-26 3.60148e-20 8.8286e-15 2.61607e-10 9.37033e-07 0.000405699 0.0212328 0.134325 0.10319 0.0391099 0.225195 0.20952 0.0745569 0.117558 0.039643 0.0160795 0.00716629 0.00406666 0.002566 0.00186736 0.00162597 0.00141872 0.000471541
 2.55819e-27 2.57515e-27 2.16436e-26 4.02601e-20 9.86929e-15 2.92445e-10 1.04749e-06 0.000453522 0.0237357 0.150159 0.115326 0.041957 0.238335 0.220895 0.0630073 0.0884552 0.0323824 0.0167802 0.00526814 0.0016122 0.000680829 0.000379186 0.000272921 0.000222784 7.65145e-05
 2.55878e-27 2.57659e-27 2.27492e-26 4.2592e-20 1.04409e-14 3.09383e-10 1.10816e-06 0.00047979 0.0251105 0.158857 0.121982 0.0428934 0.240785 0.222992 0.0604589 0.0819388 0.0276948 0.0112008 0.00390429 0.00125341 0.000277164 8.64934e-05 4.41847e-05 3.09095e-05 1.04814e-05
 2.56027e-27 2.58046e-27 2.60118e-26 4.9474e-20 1.21279e-14 3.59373e-10 1.28721e-06 0.000557314 0.0291678 0.184524 0.141586 0.0432067 0.229396 0.212237 0.0541479 0.0701876 0.023131 0.0083925 0.00255646 0.000699518 0.000166575 2.9944e-05 7.23564e-06 3.61803e-06 1.14621e-06
 2.55954e-27 2.57829e-27 2.39149e-26 4.50499e-20 1.10434e-14 3.27237e-10 1.17211e-06 0.000507478 0.0265596 0.168024 0.129019 0.0452773 0.253982 0.234618 0.0525755 0.0609223 0.0196374 0.00645838 0.00186613 0.00044596 8.79956e-05 1.49607e-05 1.92718e-06 4.3288e-07 1.13822e-07
 2.55988e-27 2.57926e-27 2.48199e-26 4.6959e-20 1.15114e-14 3.41105e-10 1.22178e-06 0.000528984 0.0276851 0.175144 0.134446 0.0446025 0.245034 0.226499 0.0536443 0.0653508 0.0201604 0.00515566 0.00138872 0.000298486 5.22489e-05 7.3444e-06 7.73555e-07 7.10954e-08 1.07008e-08
 2.56217e-27 2.58536e-27 3.0106e-26 5.81101e-20 1.4245e-14 4.22105e-10 1.51191e-06 0.000654599 0.0342593 0.216735 0.166193 0.0439631 0.217863 0.201196 0.0450025 0.0520198 0.0162513 0.0044947 0.00113674 0.000194672 3.02568e-05 3.70533e-06 3.17914e-07 1.86731e-08 1.0841e-09
 2.56305e-27 2.58749e-27 3.17392e-26 6.15547e-20 1.50894e-14 4.47125e-10 1.60153e-06 0.000693401 0.0362901 0.229582 0.176029 0.0455962 0.223381 0.205804 0.0370704 0.0327352 0.00989211 0.00224997 0.000561754 9.90337e-05 1.31601e-05 1.32321e-06 9.62712e-08 4.35394e-09 1.22074e-10
 2.56254e-27 2.58606e-27 3.0434e-26 5.88011e-20 1.44144e-14 4.27124e-10 1.52988e-06 0.000662382 0.0346667 0.219311 0.168198 0.0462965 0.234211 0.215745 0.03786 0.0320069 0.00926 0.00141823 0.000309547 4.60341e-05 6.05732e-06 5.60145e-07 3.26713e-08 1.20172e-09 2.31709e-11
 2.56174e-27 2.58392e-27 2.85554e-26 5.48381e-20 1.34429e-14 3.98337e-10 1.42678e-06 0.000617739 0.0323303 0.204531 0.156918 0.0466814 0.245066 0.225809 0.0405152 0.0355225 0.0102248 0.00145955 0.000290234 2.99357e-05 3.19545e-06 2.65858e-07 1.44252e-08 4.28529e-10 6.42365e-12
 2.56332e-27 2.58824e-27 3.24092e-26 6.29681e-20 1.54359e-14 4.57392e-10 1.6383e-06 0.000709322 0.0371234 0.234853 0.18005 0.0453305 0.218534 0.20137 0.0369942 0.033647 0.00969448 0.00139056 0.000273915 2.59361e-05 2.21907e-06 1.30425e-07 5.97111e-09 1.60575e-10 1.95955e-12
 2.5639e-27 2.58973e-27 3.36353e-26 6.55542e-20 1.60698e-14 4.76178e-10 1.70559e-06 0.000738455 0.0386481 0.244499 0.187421 0.0457158 0.216286 0.19911 0.0332197 0.0256156 0.00738913 0.00110996 0.000221703 2.10426e-05 1.73774e-06 8.59178e-08 2.77899e-09 5.85077e-11 6.2551e-13
 2.56196e-27 2.58438e-27 2.88392e-26 5.54362e-20 1.35895e-14 4.02682e-10 1.44234e-06 0.000624478 0.0326829 0.206762 0.158637 0.0476627 0.251325 0.23133 0.0368601 0.0257971 0.00728991 0.000852688 0.000157717 1.54211e-05 1.28951e-06 6.2667e-08 1.7767e-09 2.70694e-11 2.16332e-13
 2.56107e-27 2.58205e-27 2.68641e-26 5.127e-20 1.25682e-14 3.72419e-10 1.33394e-06 0.000577546 0.0302267 0.191223 0.146769 0.0474837 0.258302 0.237963 0.0415682 0.0348511 0.00981424 0.00102921 0.000176181 1.37961e-05 1.06315e-06 5.28761e-08 1.48969e-09 2.04269e-11 1.22066e-13
 2.56204e-27 2.58466e-27 2.91553e-26 5.61034e-20 1.37531e-14 4.07528e-10 1.4597e-06 0.000631994 0.0330763 0.20925 0.160527 0.0470223 0.245125 0.225743 0.0383228 0.0305331 0.00862411 0.000963487 0.000167221 1.16262e-05 7.67168e-07 3.12399e-08 8.56374e-10 1.17627e-11 6.45313e-14
 2.56344e-27 2.58842e-27 3.24391e-26 6.30308e-20 1.54512e-14 4.57848e-10 1.63993e-06 0.000710028 0.0371603 0.235087 0.180245 0.0463671 0.226285 0.208274 0.0337112 0.0244193 0.00686762 0.00073541 0.000126193 9.25752e-06 6.0487e-07 2.10839e-08 4.72428e-10 5.84712e-12 3.18155e-14
 2.56335e-27 2.58809e-27 3.2058e-26 6.22263e-20 1.5254e-14 4.52004e-10 1.619e-06 0.000700966 0.036686 0.232087 0.177968 0.0472729 0.234777 0.215919 0.0315798 0.017638 0.00487764 0.000423241 6.48006e-05 4.4943e-06 2.89864e-07 1.04437e-08 2.13414e-10 2.16121e-12 1.01484e-14
 2.56411e-27 2.59021e-27 3.39928e-26 6.63082e-20 1.62546e-14 4.81654e-10 1.7252e-06 0.000746948 0.0390925 0.247311 0.189576 0.04617 0.218229 0.200777 0.0312279 0.0206421 0.00570652 0.000452242 6.42319e-05 3.78079e-06 2.14184e-07 7.33783e-09 1.51591e-10 1.47374e-12 5.82782e-15
 2.5647e-27 2.59172e-27 3.5237e-26 6.89326e-20 1.6898e-14 5.00718e-10 1.79349e-06 0.000776511 0.0406398 0.257099 0.197057 0.0465918 0.216183 0.19869 0.027257 0.0121226 0.00330638 0.000241308 3.1923e-05 1.67966e-06 8.21026e-08 2.32988e-09 4.34505e-11 4.13607e-13 1.60132e-15
 2.56497e-27 2.59246e-27 3.58977e-26 7.03264e-20 1.72397e-14 5.10842e-10 1.82975e-06 0.000792212 0.0414615 0.262297 0.201023 0.0463756 0.211751 0.194606 0.0266224 0.0117024 0.00316426 0.000182806 1.89727e-05 9.26938e-07 4.10808e-08 1.00542e-09 1.56206e-11 1.26788e-13 4.64596e-16
 2.56516e-27 2.59295e-27 3.6301e-26 7.11772e-20 1.74482e-14 5.17022e-10 1.85189e-06 0.000801796 0.0419631 0.265471 0.203447 0.0464749 0.210803 0.193676 0.0254544 0.00927638 0.00248589 0.000132196 1.20297e-05 4.78886e-07 1.57686e-08 3.43834e-10 4.68829e-12 3.15965e-14 9.66858e-17
 2.56546e-27 2.59377e-27 3.70515e-26 7.27605e-20 1.78364e-14 5.28523e-10 1.89308e-06 0.000819632 0.0428966 0.271376 0.20795 0.0460924 0.204728 0.188108 0.0251664 0.0100199 0.00269088 0.000137725 1.17241e-05 4.38672e-07 1.23389e-08 2.04956e-10 2.18446e-12 1.27758e-14 3.29547e-17
 2.56564e-27 2.59425e-27 3.74598e-26 7.36217e-20 1.80475e-14 5.34779e-10 1.91549e-06 0.000829333 0.0434043 0.274588 0.210403 0.0461088 0.20313 0.186598 0.0242581 0.00833147 0.00222452 0.000112815 9.4308e-06 3.40207e-07 8.73475e-09 1.30823e-10 1.12583e-12 4.87733e-15 1.02994e-17
 2.56631e-27 2.5961e-27 3.91201e-26 7.71244e-20 1.89061e-14 5.60222e-10 2.00662e-06 0.00086879 0.0454693 0.287652 0.220367 0.0453731 0.190531 0.175029 0.0232462 0.00893531 0.00239576 0.000121029 1.00471e-05 3.62423e-07 9.25296e-09 1.31605e-10 1.02598e-12 3.77161e-15 6.06797e-18
 2.56633e-27 2.59611e-27 3.90891e-26 7.70589e-20 1.88901e-14 5.59746e-10 2.00492e-06 0.000868053 0.0454307 0.287408 0.220186 0.0457317 0.193387 0.177577 0.0221137 0.0057162 0.00150316 7.10482e-05 5.16292e-06 1.8171e-07 4.44387e-09 6.26197e-11 4.77057e-13 1.62415e-15 2.29297e-18
 2.56552e-27 2.5939e-27 3.71104e-26 7.28845e-20 1.78668e-14 5.29424e-10 1.89631e-06 0.000821029 0.0429697 0.271838 0.20831 0.0465283 0.207793 0.190823 0.0235926 0.00575397 0.00150318 6.18314e-05 3.01291e-06 9.78625e-08 2.06658e-09 2.77257e-11 2.03777e-13 6.82453e-16 9.19718e-19
 2.56606e-27 2.5954e-27 3.84785e-26 7.57708e-20 1.85743e-14 5.50389e-10 1.9714e-06 0.000853542 0.0446713 0.282603 0.216519 0.0458089 0.196551 0.180524 0.0231381 0.00730742 0.00193529 8.16892e-05 4.34092e-06 1.29351e-07 1.89787e-09 2.17986e-11 1.41327e-13 4.48694e-16 5.87861e-19
 2.56474e-27 2.59173e-27 3.51508e-26 6.87505e-20 1.68534e-14 4.99395e-10 1.78875e-06 0.00077446 0.0405325 0.25642 0.196552 0.0474441 0.223023 0.204798 0.0246278 0.00459834 0.001179 4.66699e-05 1.93242e-06 5.64209e-08 8.26299e-10 8.20594e-12 3.81848e-14 1.01447e-16 1.2015e-19
#obs catch len freq
 5.96923e-42 8.2849e-34 1.38996e-26 2.81882e-20 6.91e-15 2.04756e-10 7.33403e-07 0.000317538 0.0166187 0.105136 0.0810489 0.0424227 0.227339 0.191941 0.131799 0.127385 0.0520471 0.0193758 0.00407413 0.000472832 2.24828e-05 3.20185e-07 1.02791e-09 6.05461e-13 5.72066e-17
 6.83667e-42 9.48885e-34 1.59195e-26 3.22845e-20 7.91415e-15 2.34511e-10 8.39979e-07 0.000363682 0.0190337 0.120414 0.0928252 0.0460943 0.229506 0.184357 0.129366 0.114706 0.0449505 0.0152176 0.00286827 0.000285886 1.10597e-05 1.21363e-07 2.88683e-10 1.23011e-13 8.2947e-18
 1.03207e-41 1.43244e-33 2.40322e-26 4.87368e-20 1.19473e-14 3.54019e-10 1.26804e-06 0.000549017 0.0287334 0.181777 0.139753 0.0482067 0.202349 0.154401 0.110064 0.0891063 0.0331656 0.0100802 0.00166963 0.000140079 4.35638e-06 3.66803e-08 6.45859e-11 1.99126e-14 9.58677e-19
 8.84454e-42 1.22756e-33 2.05949e-26 4.17661e-20 1.02385e-14 3.03384e-10 1.08667e-06 0.000470492 0.0246237 0.155779 0.120235 0.0600347 0.261843 0.182746 0.0956411 0.0673674 0.0238033 0.00646029 0.000928638 6.43259e-05 1.57941e-06 1.01089e-08 1.31455e-11 2.93417e-15 1.00988e-19
 1.2183e-41 1.69092e-33 2.83687e-26 5.75311e-20 1.41031e-14 4.179e-10 1.49685e-06 0.000648084 0.0339182 0.214578 0.165034 0.054032 0.193589 0.135769 0.109952 0.0702161 0.0178349 0.00391869 0.00048124 2.7103e-05 5.16134e-07 2.47567e-09 2.35995e-12 3.80554e-16 9.36882e-21
 1.28125e-41 1.77829e-33 2.98344e-26 6.05036e-20 1.48318e-14 4.39492e-10 1.57419e-06 0.000681569 0.0356706 0.225666 0.173819 0.0637333 0.220821 0.138052 0.0770493 0.0463646 0.0151053 0.0027851 0.000239704 1.04158e-05 1.51594e-07 5.37873e-10 3.71897e-13 4.30381e-17 7.55593e-22
 1.16878e-41 1.62219e-33 2.72156e-26 5.51926e-20 1.35298e-14 4.00913e-10 1.43601e-06 0.000621741 0.0325395 0.205859 0.158974 0.0694871 0.235283 0.143073 0.0936379 0.0475246 0.0109052 0.0019311 0.000157562 4.79457e-06 4.89814e-08 1.25867e-10 6.25102e-14 5.14979e-18 6.40708e-23
 1.45461e-41 2.0189e-33 3.38713e-26 6.86903e-20 1.68386e-14 4.98959e-10 1.78719e-06 0.000773792 0.0404972 0.256202 0.19734 0.0645799 0.184234 0.112208 0.0897015 0.04308 0.00995337 0.00134147 8.47189e-05 2.21281e-06 1.62159e-08 2.79988e-11 9.62886e-15 5.57673e-19 4.88335e-24
 1.67804e-41 2.32901e-33 3.90739e-26 7.92411e-20 1.9425e-14 5.75599e-10 2.0617e-06 0.000892647 0.0467176 0.295555 0.227604 0.068834 0.175053 0.0945318 0.0577058 0.0258586 0.00640486 0.000799978 4.04008e-05 7.64179e-07 4.292e-09 5.35731e-12 1.24026e-15 4.82482e-20 2.89633e-25
 1.64432e-41 2.2822e-33 3.82887e-26 7.76487e-20 1.90347e-14 5.64031e-10 2.02027e-06 0.000874707 0.0457787 0.289617 0.223519 0.0771629 0.190361 0.0958514 0.0533359 0.0194719 0.00359869 0.000407588 1.89877e-05 2.82833e-07 1.1251e-09 1.00258e-12 1.66294e-16 4.47574e-21 1.8107e-26
 1.55624e-41 2.15996e-33 3.62379e-26 7.34897e-20 1.80151e-14 5.33821e-10 1.91206e-06 0.000827856 0.0433267 0.274109 0.212157 0.084035 0.199629 0.100216 0.0623268 0.0200621 0.00304753 0.000253172 9.07206e-06 1.13845e-07 3.53053e-10 2.23345e-13 2.56177e-17 4.81752e-22 1.36574e-27
 1.51932e-41 2.10872e-33 3.53782e-26 7.17462e-20 1.75877e-14 5.21157e-10 1.8667e-06 0.000808216 0.0422988 0.26761 0.207658 0.0890834 0.199021 0.101233 0.0683229 0.0206689 0.0030807 0.000207537 5.27682e-06 4.67338e-08 1.10213e-10 5.31735e-14 4.41673e-18 5.77824e-23 1.12649e-28
 1.9311e-41 2.68024e-33 4.49666e-26 9.11914e-20 2.23545e-14 6.62405e-10 2.37263e-06 0.00102727 0.053763 0.340133 0.262554 0.0761829 0.13577 0.068801 0.0465536 0.0131821 0.00191218 0.000115636 2.41264e-06 1.50536e-08 2.38465e-11 8.07297e-15 4.89355e-19 4.67246e-24 6.50661e-30
 1.62521e-41 2.25568e-33 3.78437e-26 7.67463e-20 1.88135e-14 5.57477e-10 1.99679e-06 0.000864542 0.0452467 0.286271 0.2234 0.107267 0.205532 0.0825864 0.0376924 0.00972325 0.00133995 7.34657e-05 1.34639e-06 6.73915e-09 7.67638e-12 1.74135e-15 7.06198e-20 4.65329e-25 4.59254e-31
 1.33603e-41 1.85432e-33 3.111e-26 6.30905e-20 1.54659e-14 4.58283e-10 1.64149e-06 0.00071071 0.0371958 0.235351 0.185832 0.120162 0.225857 0.112502 0.0679158 0.0131925 0.00122274 5.64881e-05 8.99739e-07 3.75975e-09 3.38026e-12 5.64778e-16 1.5877e-20 7.01721e-26 4.63168e-32
 1.21889e-41 1.69173e-33 2.83824e-26 5.75589e-20 1.41099e-14 4.18101e-10 1.49757e-06 0.000648397 0.0339346 0.214731 0.170978 0.124085 0.220082 0.129246 0.0854619 0.0188398 0.00192855 6.28894e-05 6.97604e-07 2.30422e-09 1.65385e-12 2.14333e-16 4.50987e-21 1.43772e-26 6.62666e-33
 1.6357e-41 2.27025e-33 3.80881e-26 7.72419e-20 1.8935e-14 5.61077e-10 2.00969e-06 0.000870125 0.0455389 0.28814 0.226107 0.104603 0.157222 0.0978559 0.0630337 0.0149192 0.0016512 5.6241e-05 5.26556e-07 1.18325e-09 5.97421e-13 5.79849e-17 9.23829e-22 2.20469e-27 7.48167e-34
 1.48983e-41 2.06779e-33 3.46914e-26 7.03535e-20 1.72463e-14 5.11041e-10 1.83046e-06 0.000792528 0.0414778 0.262485 0.209934 0.140546 0.202437 0.0885316 0.0429797 0.00973259 0.0010453 3.61472e-05 3.33654e-07 6.58419e-10 2.46108e-13 1.62334e-17 1.78878e-22 3.06559e-28 7.61369e-35
 1.54682e-41 2.14688e-33 3.60184e-26 7.30446e-20 1.7906e-14 5.30589e-10 1.90048e-06 0.000822843 0.0430645 0.272535 0.217945 0.133865 0.178793 0.0986719 0.0465402 0.00716416 0.000579024 1.8044e-05 1.54738e-07 2.80839e-10 9.13983e-14 4.80542e-18 3.8514e-23 4.54613e-29 7.70835e-36
 1.53069e-41 2.1245e-33 3.56429e-26 7.22831e-20 1.77194e-14 5.25057e-10 1.88067e-06 0.000814264 0.0426155 0.269731 0.218098 0.147839 0.182738 0.091638 0.0396076 0.00647762 0.000430509 9.05559e-06 5.97762e-08 9.16676e-11 2.54946e-14 1.1271e-18 7.3495e-24 6.75129e-30 8.49228e-37
 1.64533e-41 2.2836e-33 3.83122e-26 7.76964e-20 1.90463e-14 5.64378e-10 2.02151e-06 0.000875244 0.045807 0.289943 0.234172 0.143232 0.162158 0.0853528 0.0334084 0.00475618 0.000288305 5.28339e-06 2.48863e-08 2.65465e-11 5.57929e-15 1.95448e-19 1.02016e-24 7.46205e-31 7.38027e-38
 1.59524e-41 2.21409e-33 3.7146e-26 7.53313e-20 1.84666e-14 5.47198e-10 1.95998e-06 0.000848602 0.0444128 0.281187 0.230975 0.162047 0.170303 0.0792878 0.0272005 0.00355092 0.000181603 2.76103e-06 1.0702e-08 8.55244e-12 1.24099e-15 3.01751e-20 1.14178e-25 6.26353e-32 4.72136e-39
 1.64192e-41 2.27887e-33 3.82328e-26 7.75353e-20 1.90069e-14 5.63208e-10 2.01732e-06 0.00087343 0.0457124 0.289454 0.238722 0.160749 0.158683 0.0789673 0.0241205 0.00260402 0.000110888 1.38654e-06 4.2441e-09 2.64274e-12 2.90788e-16 5.09698e-21 1.33658e-26 5.0429e-33 2.65545e-40
 1.64954e-41 2.28946e-33 3.84104e-26 7.78955e-20 1.90952e-14 5.65824e-10 2.02669e-06 0.000877487 0.0459249 0.290882 0.242986 0.170578 0.155614 0.0714618 0.0196583 0.00194818 6.75978e-05 6.53201e-07 1.54475e-09 7.33547e-13 6.06502e-17 7.92442e-22 1.52988e-27 4.16253e-34 1.54565e-41
 1.68693e-41 2.34135e-33 3.92811e-26 7.96612e-20 1.9528e-14 5.78651e-10 2.07263e-06 0.000897378 0.0469662 0.297552 0.250477 0.172667 0.147486 0.0665226 0.0160307 0.00135819 3.98787e-05 3.12016e-07 5.57236e-10 1.95165e-13 1.18929e-17 1.14192e-22 1.61238e-28 3.19783e-35 8.62781e-43
 1.68238e-41 2.33503e-33 3.9175e-26 7.94462e-20 1.94753e-14 5.77088e-10 2.06704e-06 0.000894956 0.0468398 0.296883 0.253917 0.18181 0.144822 0.0608822 0.0129702 0.00095647 2.28726e-05 1.41984e-07 1.97221e-10 5.18026e-14 2.29465e-18 1.58363e-23 1.60734e-29 2.2953e-36 4.45967e-44
 1.46963e-41 2.03975e-33 3.4221e-26 6.93996e-20 1.70125e-14 5.04111e-10 1.80564e-06 0.000781783 0.0409177 0.259697 0.234859 0.214976 0.167205 0.0680559 0.0126948 0.000795579 1.56042e-05 7.65314e-08 8.10505e-11 1.59675e-14 5.23877e-19 2.63483e-24 1.92001e-30 1.95141e-37 2.69151e-45
 1.4999e-41 2.08177e-33 3.49259e-26 7.08291e-20 1.73629e-14 5.14495e-10 1.84284e-06 0.000797886 0.0417603 0.26494 0.23515 0.197139 0.166907 0.0781948 0.0142719 0.000823073 1.41118e-05 5.87808e-08 5.19377e-11 8.40155e-15 2.23889e-19 9.10781e-25 5.35622e-31 4.37799e-38 4.83208e-46
 1.55451e-41 2.15755e-33 3.61974e-26 7.34077e-20 1.7995e-14 5.33226e-10 1.90993e-06 0.000826934 0.0432805 0.274547 0.242012 0.194514 0.158302 0.0714584 0.0141569 0.000885965 1.48052e-05 5.63712e-08 4.415e-11 6.24845e-15 1.44818e-19 5.10177e-25 2.58949e-31 1.82381e-38 1.73425e-46
#spawning biomass
 16092.9 17965 18889.8 21751.7 27018.9 32937.8 36579.4 47095.5 63942.9 85464 101941 125949 174633 202287 189084 155849 149106 144018 156874 150623 153249 148785 156782 164172 190094 191795 179133 167088 149366 215610 171395 75729.2 30689.7 20728.1 18913 18607.1 18557.9 18550.3 18549.2 18549 18549 18549 18549 18549 18549 18549 18549 18549 18549 18549 18549 18549 18549 18549 18549 18549 18549 18549 18549 18549 18549 18549 18549 18549 18549 18549 18549 18549 18549 18549 18549 18549 18549 18549 18549 18549 18549 18549 18549 18549 18549 18549 18549 18549 18549 18549 18549 18549 18549 18549 18549 18549 18549 18549 18549 18549 18549 18549 18549 18549 18549 18549 18549 18549 18549 18549 18549 18549 18549 18549 18549 18549 18549 18549 18549 18549 18549 18549 18549 18549 18549 18549 18549 18549 18549 18549 18549 18549 18549 0 0 0 0 0 0 0 0 0 0 0 0 0 0 0 0 0 0 0 0 0 0 0 0 0
