SBPRF35
0.819782
Curr Bio
251732
B35
1.55388e+06
F35
0.210995
FOFL
0
OFL
0
Bzero
234224
#pred survey bio
 20378.7 24465.6 19231.8 20415.4 31209.2 44130 59466.7 76380.3 98862.7 127621 145945 174788 181682 216614 199461 196151 204251 197921 177458 196498 178065 188310 182680 198683 179442 167237 189819 229543 7.48283e+06 1.30249e+07 1.48859e+07 1.42405e+07 1.24987e+07 1.04487e+07 8.51273e+06 6.87189e+06 5.56671e+06 4.56939e+06 3.82688e+06 3.28318e+06 2.88899e+06 2.60454e+06 2.39773e+06 2.24412e+06 2.13493e+06 2.05649e+06 1.99951e+06 1.95765e+06 1.92655e+06 1.90318e+06 1.88543e+06 1.87181e+06 1.86127e+06 1.85304e+06 1.84657e+06 1.84145e+06 1.83737e+06 1.83411e+06 1.83149e+06 1.82938e+06 1.82767e+06 1.82629e+06 1.82517e+06 1.82426e+06 1.82352e+06 1.82291e+06 1.82242e+06 1.82201e+06 1.82169e+06 1.82142e+06 1.8212e+06 1.82102e+06 1.82087e+06 1.82075e+06 1.82065e+06 1.82057e+06 1.82051e+06 1.82045e+06 1.82041e+06 1.82037e+06 1.82034e+06 1.82032e+06 1.8203e+06 1.82028e+06 1.82027e+06 1.82026e+06 1.82025e+06 1.82024e+06 1.82024e+06 1.82023e+06 1.82023e+06 1.82022e+06 1.82022e+06 1.82022e+06 1.82022e+06 1.82022e+06 1.82021e+06 1.82021e+06 1.82021e+06 1.82021e+06 1.82021e+06 1.82021e+06 1.82021e+06 1.82021e+06 1.82021e+06 1.82021e+06 1.82021e+06 1.82021e+06 1.82021e+06 1.82021e+06 1.82021e+06 1.82021e+06 1.82021e+06 1.82021e+06 1.82021e+06 1.82021e+06 1.82021e+06 1.82021e+06 1.82021e+06 1.82021e+06 1.82021e+06 1.82021e+06 1.82021e+06 1.82021e+06 1.82021e+06 1.82021e+06 1.82021e+06 1.82021e+06 0 0 0 0 0 0 0 0 0 0 0 0 0 0 0 0 0 0 0 0 0 0 0 0 0
#obs survey bio
 17339.4 14435.5 15766.2 21528.5 31796.8 36768.1 66121.9 89820.6 104214 151086 129584 210489 127662 195424 196102 183627 154859 232846 183709 230906 168815 199458 184742 191382 179853 169122 233012 230599
#pred catch bio
 9427.75 16526.3 11515.3 8313.4 18845.2 31599.2 43959.7 56029.1 73938.8 104009 118007 156401 155177 200401 181985 185559 202412 205034 176625 209375 187109 208570 204937 237807 218281 199585 223725 233196 0 112407 121944 114922 99488.4 81815.9 65391.2 51680.7 40961.3 32937.1 27110.3 22970.9 20077.4 18079.1 16703.6 15751.4 15120.1 14701.6 14424.1 14240.1 14118.1 14037.3 13983.6 13948.1 13924.5 13908.9 13898.6 13891.7 13887.1 13884.1 13882.1 13880.8 13879.9 13879.3 13878.9 13878.7 13878.5 13878.4 13878.3 13878.3 13878.2 13878.2 13878.2 13878.2 13878.2 13878.2 13878.2 13878.2 13878.2 13878.2 13878.2 13878.2 13878.2 13878.2 13878.2 13878.2 13878.2 13878.2 13878.2 13878.2 13878.2 13878.2 13878.2 13878.2 13878.2 13878.2 13878.2 13878.2 13878.2 13878.2 13878.2 13878.2 13878.2 13878.2 13878.2 13878.2 13878.2 13878.2 13878.2 13878.2 13878.2 13878.2 13878.2 13878.2 13878.2 13878.2 13878.2 13878.2 13878.2 13878.2 13878.2 13878.2 13878.2 13878.2 13878.2 13878.2 13878.2 13878.2 13878.2 13878.2 0 0 0 0 0 0 0 0 0 0 0 0 0 0 0 0 0 0 0 0 0 0 0 0 0
#obs catch bio
 16757.3 18781.5 13332 8125.18 19380.6 32589.4 40084.8 50644.6 66462.8 96528.5 115237 144389 150689 213503 181458 186851 194397 189142 171074 197153 171611 187772 188636 228869 197612 178635 200034 221659
#pred cpue bio
 19268 23972 17893.5 19551.5 28405.4 39298.4 52938.8 68837.6 88105.7 114018 129690 155067 158546 190996 178455 170882 175301 170420 149419 166119 148583 155331 147928 157546 141118 129131 146410 177069 6.36383e+06 1.36832e+07 1.49533e+07 1.42357e+07 1.24869e+07 1.04363e+07 8.5003e+06 6.85945e+06 5.55427e+06 4.55695e+06 3.81444e+06 3.27074e+06 2.87655e+06 2.5921e+06 2.38529e+06 2.23168e+06 2.12249e+06 2.04405e+06 1.98707e+06 1.94521e+06 1.91411e+06 1.89074e+06 1.87299e+06 1.85937e+06 1.84883e+06 1.8406e+06 1.83413e+06 1.82901e+06 1.82493e+06 1.82167e+06 1.81905e+06 1.81694e+06 1.81523e+06 1.81385e+06 1.81273e+06 1.81182e+06 1.81108e+06 1.81047e+06 1.80998e+06 1.80957e+06 1.80925e+06 1.80898e+06 1.80876e+06 1.80858e+06 1.80843e+06 1.80831e+06 1.80821e+06 1.80813e+06 1.80807e+06 1.80801e+06 1.80797e+06 1.80793e+06 1.8079e+06 1.80788e+06 1.80786e+06 1.80784e+06 1.80783e+06 1.80782e+06 1.80781e+06 1.8078e+06 1.8078e+06 1.80779e+06 1.80779e+06 1.80778e+06 1.80778e+06 1.80778e+06 1.80778e+06 1.80778e+06 1.80777e+06 1.80777e+06 1.80777e+06 1.80777e+06 1.80777e+06 1.80777e+06 1.80777e+06 1.80777e+06 1.80777e+06 1.80777e+06 1.80777e+06 1.80777e+06 1.80777e+06 1.80777e+06 1.80777e+06 1.80777e+06 1.80777e+06 1.80777e+06 1.80777e+06 1.80777e+06 1.80777e+06 1.80777e+06 1.80777e+06 1.80777e+06 1.80777e+06 1.80777e+06 1.80777e+06 1.80777e+06 1.80777e+06 1.80777e+06 1.80777e+06 1.80777e+06 0 0 0 0 0 0 0 0 0 0 0 0 0 0 0 0 0 0 0 0 0 0 0 0 0
#obs cpue bio
 25905.4 19016.7 16067.5 17193.8 29175.9 46522.6 83774.2 89782.4 121581 121551 139874 209475 207629 157345 194998 183132 279539 214194 146613 196591 217170 228755 193798 192913 214502 195531 187852 203162
#pred surv len freq
 1.1281e-11 1.22444e-09 7.8364e-08 2.95721e-06 6.58021e-05 0.000863374 0.0066808 0.0305117 0.0825732 0.13506 0.145926 0.136008 0.138118 0.124388 0.0834604 0.0465193 0.0259271 0.0149986 0.00907488 0.00592514 0.00425278 0.00339079 0.00284576 0.00215789 0.00124939
 7.9736e-12 8.65458e-10 5.53892e-08 2.09022e-06 4.65105e-05 0.00061027 0.00472291 0.0215846 0.058616 0.0975036 0.11293 0.124131 0.146745 0.145352 0.111879 0.0761141 0.0473431 0.0253039 0.0122758 0.00609698 0.00334824 0.00212944 0.00154082 0.00109594 0.000627974
 1.22147e-11 1.32579e-09 8.48502e-08 3.20198e-06 7.12483e-05 0.000934821 0.00723314 0.0330224 0.0892059 0.144604 0.150213 0.125494 0.114424 0.103973 0.080725 0.0584442 0.0406847 0.0253984 0.0137957 0.00646742 0.00276436 0.00124565 0.000671443 0.000405625 0.000218233
 1.01589e-11 1.10265e-09 7.05693e-08 2.66307e-06 5.9257e-05 0.000777505 0.00601661 0.0274844 0.0744654 0.122481 0.135502 0.134084 0.144153 0.133215 0.0915495 0.0536784 0.032514 0.0204102 0.0122657 0.00654191 0.00294943 0.00114487 0.00043377 0.000187045 8.44101e-05
 1.35931e-11 1.47541e-09 9.44257e-08 3.56333e-06 7.92887e-05 0.00104031 0.00804905 0.0367405 0.099155 0.159968 0.162597 0.126748 0.105617 0.0933451 0.0741525 0.0546558 0.0363217 0.0206143 0.0108207 0.00563925 0.00274614 0.00114235 0.00039743 0.000126055 4.08432e-05
 1.46828e-11 1.59367e-09 1.01995e-07 3.84897e-06 8.56446e-05 0.0011237 0.00869437 0.039688 0.107136 0.173053 0.176851 0.139999 0.117143 0.0964944 0.0622403 0.0337096 0.019208 0.0117976 0.00682113 0.0034434 0.00155285 0.000640336 0.000229338 6.80023e-05 1.72203e-05
 1.45559e-11 1.5799e-09 1.01114e-07 3.81571e-06 8.49045e-05 0.001114 0.00861938 0.0393484 0.106256 0.171929 0.177091 0.143751 0.124267 0.103204 0.0648644 0.031961 0.0147496 0.00680932 0.00320562 0.00157288 0.000732596 0.00029674 0.000102699 2.98476e-05 7.03317e-06
 1.39061e-11 1.50937e-09 9.65995e-08 3.64537e-06 8.11142e-05 0.00106427 0.00823477 0.0375961 0.101573 0.164744 0.17153 0.143965 0.129891 0.110106 0.0697964 0.0346144 0.0158041 0.00678252 0.00264191 0.000987576 0.000375835 0.000142411 4.87518e-05 1.38837e-05 3.15547e-06
 1.44743e-11 1.57105e-09 1.00547e-07 3.79432e-06 8.44286e-05 0.00110775 0.00857106 0.0391278 0.10566 0.170961 0.176081 0.14293 0.123739 0.103479 0.0664265 0.0341831 0.0163214 0.0071808 0.00277056 0.000954059 0.000298565 8.79099e-05 2.51524e-05 6.64591e-06 1.46496e-06
 1.43445e-11 1.55696e-09 9.9645e-08 3.76029e-06 8.36714e-05 0.00109782 0.00849426 0.0387785 0.104734 0.169607 0.175358 0.144036 0.12646 0.105828 0.0667397 0.0329898 0.0151518 0.00666099 0.0026503 0.000937978 0.000288401 7.62218e-05 1.77018e-05 3.73324e-06 7.09012e-07
 1.45874e-11 1.58332e-09 1.01333e-07 3.82398e-06 8.50884e-05 0.00111641 0.00863808 0.0394344 0.106497 0.172387 0.177885 0.1452 0.126313 0.104766 0.0649051 0.0307867 0.0133094 0.00553001 0.0021057 0.000732196 0.000227802 6.07824e-05 1.35013e-05 2.48018e-06 3.8313e-07
 1.46582e-11 1.59101e-09 1.01824e-07 3.84253e-06 8.55013e-05 0.00112183 0.00867998 0.0396254 0.107008 0.173181 0.178544 0.145327 0.125956 0.104285 0.0645515 0.0305345 0.0130544 0.00526854 0.00190482 0.000622301 0.000184167 4.79811e-05 1.06146e-05 1.91483e-06 2.73662e-07
 1.53818e-11 1.66954e-09 1.06851e-07 4.03221e-06 8.97219e-05 0.0011772 0.00910829 0.0415777 0.112239 0.181316 0.185376 0.146867 0.122494 0.0988074 0.059182 0.0260509 0.0100484 0.00377356 0.00131826 0.000417121 0.000117566 2.88678e-05 6.07677e-06 1.06477e-06 1.48988e-07
 1.49164e-11 1.61904e-09 1.03618e-07 3.91023e-06 8.70076e-05 0.00114159 0.00883287 0.0403228 0.108885 0.176161 0.181346 0.146883 0.126283 0.103472 0.0624577 0.0277484 0.0107263 0.00389827 0.00126125 0.000364932 9.6334e-05 2.25456e-05 4.50798e-06 7.47304e-07 9.97637e-08
 1.42216e-11 1.54361e-09 9.87911e-08 3.72807e-06 8.29545e-05 0.00108841 0.00842162 0.0384497 0.103886 0.168548 0.175734 0.148019 0.133607 0.111442 0.0666424 0.0285144 0.0103774 0.00361147 0.00114768 0.000323303 8.02831e-05 1.72866e-05 3.20092e-06 4.98884e-07 6.30079e-08
 1.54479e-11 1.67672e-09 1.0731e-07 4.04953e-06 9.01073e-05 0.00118225 0.0091474 0.0417558 0.112715 0.182042 0.185919 0.146789 0.121871 0.0981994 0.0590116 0.0261567 0.0100434 0.00357896 0.00110846 0.00029763 7.0976e-05 1.47015e-05 2.56757e-06 3.70438e-07 4.33018e-08
 1.60485e-11 1.74191e-09 1.11482e-07 4.20698e-06 9.36107e-05 0.00122822 0.00950293 0.0433763 0.117056 0.188784 0.191541 0.14793 0.118771 0.0934365 0.0544557 0.0224813 0.00771498 0.00255175 0.000789981 0.0002176 5.18702e-05 1.03952e-05 1.73529e-06 2.38304e-07 2.62165e-08
 1.5898e-11 1.72558e-09 1.10437e-07 4.16753e-06 9.27329e-05 0.0012167 0.00941389 0.0429711 0.11598 0.187188 0.190576 0.148866 0.12142 0.095907 0.0551601 0.0217539 0.00676436 0.00197148 0.000541008 0.000134671 3.05393e-05 6.09656e-06 1.01668e-06 1.36407e-07 1.4392e-08
 1.67569e-11 1.8188e-09 1.16403e-07 4.39269e-06 9.77429e-05 0.00128243 0.00992226 0.0452873 0.122172 0.196701 0.198003 0.148811 0.114426 0.0874334 0.049447 0.0189461 0.00552888 0.00147187 0.000365666 8.05427e-05 1.59271e-05 2.82775e-06 4.38475e-07 5.71323e-08 5.95114e-09
 1.66089e-11 1.80273e-09 1.15375e-07 4.35388e-06 9.68793e-05 0.0012711 0.00983462 0.044888 0.121104 0.195055 0.196692 0.148738 0.115509 0.0888258 0.0504988 0.0195759 0.00584453 0.00158202 0.000385111 7.93223e-05 1.41324e-05 2.20901e-06 2.98117e-07 3.42739e-08 3.27411e-09
 1.70751e-11 1.85334e-09 1.18613e-07 4.47609e-06 9.95987e-05 0.00130678 0.0101106 0.0461455 0.124468 0.200243 0.200842 0.149034 0.112204 0.0845331 0.0472123 0.0175501 0.0047687 0.00114904 0.000263064 5.36882e-05 9.4955e-06 1.42044e-06 1.75209e-07 1.77836e-08 1.4799e-09
 1.7479e-11 1.89717e-09 1.21419e-07 4.58197e-06 0.000101954 0.00133769 0.0103496 0.0472344 0.127377 0.204695 0.204231 0.148724 0.108483 0.0802628 0.0446497 0.0166319 0.0045404 0.00108688 0.000238211 4.45565e-05 7.16345e-06 1.0114e-06 1.21357e-07 1.18582e-08 9.15623e-10
 1.80789e-11 1.96229e-09 1.25586e-07 4.73923e-06 0.000105454 0.0013836 0.0107047 0.0488522 0.131702 0.211341 0.209428 0.148711 0.103631 0.0743475 0.0406029 0.0145934 0.00364717 0.000761955 0.000150998 2.70714e-05 4.21073e-06 5.59307e-07 6.16827e-08 5.58281e-09 4.08964e-10
 1.87214e-11 2.03203e-09 1.3005e-07 4.90767e-06 0.000109202 0.00143277 0.011085 0.0505847 0.136331 0.218432 0.214865 0.148341 0.0978955 0.0676642 0.036444 0.0129324 0.00313253 0.000613389 0.000111173 1.78679e-05 2.45558e-06 2.9549e-07 3.06213e-08 2.61843e-09 1.78669e-10
 1.89535e-11 2.05722e-09 1.31662e-07 4.9685e-06 0.000110555 0.00145052 0.0112223 0.0512105 0.138005 0.22101 0.216909 0.148429 0.0961594 0.0654667 0.0348332 0.0120081 0.00267184 0.000435567 6.34791e-05 8.79702e-06 1.08915e-06 1.17565e-07 1.0805e-08 8.23368e-10 5.12706e-11
 1.94645e-11 2.11268e-09 1.35211e-07 5.10246e-06 0.000113536 0.00148963 0.0115248 0.0525883 0.141685 0.226644 0.221205 0.148058 0.0914797 0.0600729 0.0315578 0.0107955 0.00235959 0.000366699 4.87952e-05 5.93989e-06 6.14633e-07 5.39318e-08 4.16338e-09 2.77258e-10 1.52658e-11
 1.94947e-11 2.11596e-09 1.35421e-07 5.11037e-06 0.000113712 0.00149194 0.0115426 0.0526697 0.141902 0.226974 0.221446 0.148 0.0911492 0.0597195 0.0313821 0.0107764 0.00238537 0.0003823 5.29736e-05 6.53458e-06 6.52892e-07 5.2317e-08 3.49006e-09 1.92686e-10 8.69481e-12
 1.94929e-11 2.11577e-09 1.35409e-07 5.10991e-06 0.000113702 0.00149181 0.0115416 0.0526649 0.141889 0.226952 0.221421 0.147974 0.0911239 0.0597113 0.0314065 0.0108204 0.00242034 0.000398042 5.73018e-05 7.31875e-06 7.55593e-07 6.24758e-08 4.20321e-09 2.23299e-10 9.14835e-12
#obs surv len freq
 3.59677e-11 3.33336e-09 1.82154e-07 5.86926e-06 0.000111511 0.00124928 0.0082546 0.0322028 0.0746003 0.10571 0.104716 0.102644 0.118213 0.128141 0.121293 0.0975679 0.0610783 0.0290169 0.0109199 0.00332383 0.000791531 0.000140395 1.78081e-05 1.56434e-06 9.26761e-08
 2.31077e-11 2.06549e-09 1.08863e-07 3.38316e-06 6.19962e-05 0.000669975 0.00427248 0.0161325 0.0367136 0.0548173 0.0708781 0.10497 0.14735 0.165666 0.15601 0.122091 0.0727812 0.0323284 0.0112417 0.00316924 0.000708125 0.000119188 1.43802e-05 1.19426e-06 6.62072e-08
 1.45408e-10 1.25143e-08 6.35056e-07 1.90022e-05 0.000335261 0.00348781 0.0213956 0.0774049 0.165293 0.209303 0.161158 0.086282 0.0525041 0.0549257 0.0628603 0.0543065 0.032055 0.0132433 0.00414121 0.00104026 0.000208798 3.20009e-05 3.56115e-06 2.75293e-07 1.4263e-08
 1.24088e-10 1.02658e-08 5.00779e-07 1.44041e-05 0.000244297 0.0024433 0.0144153 0.0502732 0.104734 0.137337 0.138624 0.149837 0.160311 0.125699 0.06805 0.0292961 0.0120246 0.00468684 0.00153569 0.000388684 7.3214e-05 1.01067e-05 1.00459e-06 6.98767e-08 3.2918e-09
 1.91583e-10 1.52125e-08 7.12251e-07 1.96631e-05 0.000320083 0.00307242 0.0173939 0.0581418 0.115419 0.140202 0.119297 0.102043 0.107975 0.114434 0.104569 0.0721999 0.0332215 0.00963341 0.00179022 0.000237039 2.70194e-05 2.87362e-06 2.50413e-07 1.56488e-08 6.60608e-10
 3.35701e-10 2.55477e-08 1.14641e-06 3.03328e-05 0.000473236 0.00435364 0.0236229 0.0756884 0.144084 0.168165 0.138154 0.112785 0.106402 0.0923701 0.0679917 0.0409377 0.0181173 0.00549483 0.00114219 0.00016698 1.7363e-05 1.28853e-06 7.03254e-08 2.96146e-09 9.62276e-11
 3.86019e-10 2.81173e-08 1.20761e-06 3.0582e-05 0.000456669 0.00402131 0.0208908 0.0641736 0.117959 0.137513 0.126394 0.128265 0.133833 0.11504 0.0809006 0.0457158 0.0186419 0.00509227 0.000935595 0.000122178 1.19405e-05 8.71473e-07 4.54775e-08 1.63021e-09 3.94743e-11
 6.4145e-10 4.46621e-08 1.83359e-06 4.43867e-05 0.000633574 0.0053329 0.0264786 0.0776888 0.135932 0.14846 0.121895 0.108911 0.111362 0.104601 0.0826788 0.0495291 0.0201104 0.00529589 0.000921354 0.00011159 9.86188e-06 6.4184e-07 3.0127e-08 9.93124e-10 2.24118e-11
 8.63922e-10 5.74304e-08 2.25111e-06 5.20284e-05 0.000709057 0.00569859 0.0270234 0.0758338 0.127829 0.139012 0.124917 0.126865 0.128728 0.108052 0.0747293 0.0404796 0.0154126 0.00390378 0.000666061 7.99358e-05 6.94059e-06 4.32454e-07 1.88601e-08 5.64362e-10 1.14275e-11
 1.22215e-09 7.74811e-08 2.89637e-06 6.38414e-05 0.000829756 0.00635992 0.0287664 0.0770373 0.124254 0.130814 0.117494 0.122129 0.128217 0.11473 0.0838523 0.0451946 0.0160929 0.00360251 0.000509057 4.75105e-05 3.15448e-06 1.58559e-07 6.04052e-09 1.66217e-10 3.13938e-12
 1.78165e-09 1.07607e-07 3.83221e-06 8.04723e-05 0.000996431 0.00727643 0.0313626 0.0801203 0.123908 0.127817 0.117995 0.12627 0.13093 0.113988 0.0803828 0.0414093 0.0140308 0.00298956 0.000402394 3.5489e-05 2.15635e-06 9.34513e-08 2.89425e-09 6.31262e-11 9.58843e-13
 2.83156e-09 1.62768e-07 5.51695e-06 0.00011026 0.00129941 0.00903121 0.0370505 0.0901152 0.132854 0.1313 0.117425 0.122556 0.12483 0.107651 0.0744073 0.0368282 0.0118342 0.00237546 0.000299784 2.467e-05 1.39283e-06 5.59303e-08 1.59597e-09 3.15656e-11 4.2256e-13
 3.88313e-09 2.12252e-07 6.84083e-06 0.000130005 0.00145687 0.00962948 0.0375883 0.087211 0.12417 0.124296 0.121751 0.134551 0.133827 0.109289 0.0710155 0.0330114 0.00995647 0.00187148 0.000220025 1.67243e-05 8.63678e-07 3.15388e-08 8.18759e-10 1.47776e-11 1.80832e-13
 4.54905e-09 2.36238e-07 7.23383e-06 0.000130612 0.00139067 0.0087352 0.0324355 0.0719436 0.100221 0.106235 0.12042 0.145735 0.151012 0.127661 0.0834818 0.0376667 0.0107926 0.00190653 0.000208935 1.46573e-05 6.90488e-07 2.2795e-08 5.33365e-10 8.68027e-12 9.58296e-14
 7.55125e-09 3.72285e-07 1.08223e-05 0.000185506 0.0018751 0.0111808 0.0394021 0.0828413 0.108754 0.106798 0.112028 0.132858 0.143329 0.12746 0.0842528 0.0369813 0.0101378 0.00171066 0.000180404 1.23283e-05 5.70843e-07 1.84287e-08 4.13145e-10 6.28423e-12 6.35741e-14
 1.35182e-08 6.32267e-07 1.7437e-05 0.000283557 0.00271916 0.0153825 0.0514363 0.102668 0.128238 0.120402 0.120149 0.132013 0.128691 0.102966 0.0621679 0.0252827 0.00646066 0.00101635 9.95542e-05 6.28385e-06 2.67916e-07 8.00225e-09 1.68022e-10 2.42399e-12 2.34125e-14
 1.7612e-08 7.81015e-07 2.0422e-05 0.000314876 0.00286308 0.0153624 0.0487972 0.0932123 0.115095 0.116902 0.131862 0.148142 0.13784 0.103254 0.0581836 0.0220714 0.00524564 0.000761738 6.78685e-05 3.80602e-06 1.40311e-07 3.56762e-09 6.42237e-11 8.11591e-13 7.0141e-15
 2.85168e-08 1.19838e-06 2.96948e-05 0.000433876 0.00373855 0.0190088 0.0572056 0.103429 0.120371 0.114288 0.122321 0.137176 0.133177 0.103689 0.058259 0.0213207 0.00482439 0.000666673 5.69448e-05 3.09928e-06 1.12002e-07 2.77772e-09 4.75133e-11 5.49981e-13 4.21759e-15
 3.86125e-08 1.53705e-06 3.60777e-05 0.000499342 0.00407614 0.0196431 0.0561506 0.0974375 0.113506 0.118052 0.137732 0.15072 0.134747 0.0959175 0.049964 0.0172273 0.00373605 0.000506949 4.40671e-05 2.54564e-06 1.00444e-07 2.70576e-09 4.86627e-11 5.70986e-13 4.31755e-15
 5.91284e-08 2.22884e-06 4.95399e-05 0.000649291 0.00501905 0.0229056 0.0620251 0.102083 0.113337 0.113831 0.130841 0.145312 0.13508 0.0982286 0.0502209 0.0165478 0.0033938 0.000435017 3.59026e-05 1.99082e-06 7.66275e-08 2.05186e-09 3.73736e-11 4.51118e-13 3.53943e-15
 9.11905e-08 3.25429e-06 6.84787e-05 0.000849707 0.00621884 0.0268795 0.0690357 0.108484 0.117812 0.120223 0.137662 0.145428 0.12612 0.0853019 0.0406675 0.0125278 0.00240607 0.000289146 2.23928e-05 1.16581e-06 4.21494e-08 1.06173e-09 1.82617e-11 2.09535e-13 1.57681e-15
 1.26755e-07 4.28185e-06 8.52889e-05 0.00100179 0.00694129 0.0284191 0.0693176 0.104652 0.113654 0.122395 0.144096 0.150192 0.126873 0.0824048 0.0371372 0.0106966 0.001904 0.000209757 1.46732e-05 6.79771e-07 2.17391e-08 4.88103e-10 7.59332e-12 7.98059e-14 5.54558e-16
 1.96898e-07 6.29561e-06 0.000118694 0.00131963 0.00865496 0.0335482 0.0775354 0.11131 0.116271 0.12234 0.141288 0.145572 0.121769 0.0768484 0.0329129 0.00888089 0.00146569 0.000147876 9.2997e-06 3.77999e-07 1.03775e-08 1.98471e-10 2.64724e-12 2.41319e-14 1.47022e-16
 2.70179e-07 8.1767e-06 0.000145917 0.00153561 0.00953541 0.0350278 0.0770714 0.107407 0.115335 0.130268 0.151833 0.149404 0.117296 0.0692136 0.0277214 0.00700401 0.00108432 0.000102873 6.10071e-06 2.34052e-07 6.03226e-09 1.067e-10 1.28826e-12 1.04052e-14 5.52564e-17
 4.1173e-07 1.17949e-05 0.00019924 0.00198478 0.0116669 0.0405802 0.0846299 0.112244 0.116052 0.127985 0.147188 0.145208 0.114195 0.0658663 0.0252049 0.00602023 0.000879435 7.89995e-05 4.46773e-06 1.64861e-07 4.10736e-09 7.0026e-11 8.0727e-13 6.15587e-15 3.05276e-17
 5.59957e-07 1.51856e-05 0.000242837 0.00229024 0.0127494 0.0420588 0.0837478 0.108915 0.117661 0.137816 0.156645 0.146113 0.107415 0.0579821 0.0208817 0.00473635 0.000666741 5.90594e-05 3.39348e-06 1.30566e-07 3.41092e-09 5.98592e-11 6.90457e-13 5.14526e-15 2.45638e-17
 5.86138e-07 1.50496e-05 0.000227863 0.00203509 0.0107374 0.0337018 0.0649592 0.0871112 0.108752 0.145973 0.17346 0.163998 0.119991 0.0626218 0.0212952 0.00449142 0.000580145 4.64184e-05 2.36994e-06 8.04472e-08 1.88002e-09 3.05057e-11 3.37504e-13 2.47849e-15 1.18115e-17
 8.76457e-07 2.13087e-05 0.000305496 0.00258351 0.012906 0.0383403 0.0698254 0.0880075 0.103328 0.135363 0.166051 0.166654 0.125992 0.0648182 0.0210677 0.00418777 0.000506747 3.7837e-05 1.79304e-06 5.59654e-08 1.18679e-09 1.72434e-11 1.69368e-13 1.10297e-15 4.69482e-18
#pred catch len freq
 9.17749e-12 9.96128e-10 6.37521e-08 2.40581e-06 5.35328e-05 0.000702406 0.0054358 0.0248392 0.0674068 0.111743 0.127636 0.135851 0.154728 0.144512 0.0968637 0.0530067 0.0289376 0.0165567 0.00997568 0.00650367 0.00466597 0.00371983 0.00312185 0.00236724 0.0013706
 6.86217e-12 7.44823e-10 4.76686e-08 1.79887e-06 4.00277e-05 0.000525218 0.00406509 0.0185876 0.0506056 0.0852096 0.103393 0.124402 0.156095 0.156496 0.119139 0.0794085 0.0486585 0.025828 0.012487 0.0061903 0.00339694 0.00215997 0.00156284 0.0011116 0.000636945
 1.06605e-11 1.15709e-09 7.40536e-08 2.79456e-06 6.21826e-05 0.000815882 0.0063132 0.0288305 0.0779911 0.127307 0.136373 0.12448 0.125312 0.117873 0.0909116 0.0644931 0.0442467 0.0274485 0.0148695 0.00696225 0.00297419 0.00133987 0.000722169 0.000436262 0.000234716
 7.96137e-12 8.6413e-10 5.53042e-08 2.08701e-06 4.64392e-05 0.000609341 0.00471595 0.0215583 0.05862 0.0981135 0.116358 0.133819 0.161353 0.154148 0.105646 0.0607406 0.0360503 0.0224074 0.0134199 0.00714902 0.00322177 0.00125037 0.000473709 0.000204262 9.21794e-05
 1.20917e-11 1.31244e-09 8.39958e-08 3.16974e-06 7.05309e-05 0.000925409 0.00716035 0.0326908 0.088319 0.143241 0.149148 0.125553 0.115827 0.106636 0.0842374 0.0609111 0.0399569 0.0225436 0.0117964 0.00613774 0.00298709 0.00124236 0.0004322 0.00013708 4.44153e-05
 1.36551e-11 1.48213e-09 9.4856e-08 3.57957e-06 7.96502e-05 0.00104506 0.00808611 0.0369169 0.0997296 0.161689 0.168047 0.140288 0.125834 0.106776 0.0688097 0.0365883 0.0203865 0.0123782 0.00713048 0.00359522 0.00162053 0.000668117 0.000239271 7.09461e-05 1.79656e-05
 1.36026e-11 1.47644e-09 9.44917e-08 3.56583e-06 7.93443e-05 0.00104105 0.00805519 0.0367781 0.0993881 0.161405 0.169009 0.144254 0.132701 0.113051 0.0710097 0.0344435 0.0155565 0.00708329 0.00331485 0.00162274 0.000755262 0.000305857 0.000105847 3.07621e-05 7.2486e-06
 1.2894e-11 1.39952e-09 8.95689e-08 3.38005e-06 7.52107e-05 0.000986817 0.00763575 0.0348672 0.0942812 0.153571 0.162953 0.144508 0.138863 0.120583 0.0763408 0.0372631 0.0166598 0.00705644 0.00273289 0.00101887 0.000387288 0.000146693 5.02119e-05 1.42991e-05 3.24986e-06
 1.3566e-11 1.47246e-09 9.42374e-08 3.55623e-06 7.91308e-05 0.00103825 0.0080335 0.0366788 0.099116 0.160933 0.168376 0.143397 0.13176 0.112861 0.072309 0.0365898 0.0171162 0.00744044 0.00285591 0.000981047 0.000306654 9.0248e-05 2.58168e-05 6.82108e-06 1.50356e-06
 1.37704e-11 1.49465e-09 9.56574e-08 3.60981e-06 8.03231e-05 0.00105389 0.00815452 0.0372308 0.100601 0.163285 0.170565 0.144544 0.131855 0.111982 0.0703883 0.0342319 0.01539 0.00667591 0.00264133 0.000932559 0.000286433 7.56686e-05 1.75701e-05 3.70522e-06 7.03674e-07
 1.39762e-11 1.51698e-09 9.70867e-08 3.66375e-06 8.15233e-05 0.00106964 0.00827634 0.0377865 0.102095 0.165654 0.172771 0.14571 0.132009 0.111284 0.0687976 0.0321477 0.0136017 0.00556983 0.0021075 0.000730843 0.000227116 6.05718e-05 1.34522e-05 2.471e-06 3.81703e-07
 1.45305e-11 1.57715e-09 1.00937e-07 3.80907e-06 8.47567e-05 0.00111206 0.00860443 0.0392814 0.106092 0.171799 0.177591 0.145753 0.127635 0.105981 0.0652523 0.0303914 0.0127178 0.00505902 0.00181746 0.000592067 0.00017499 4.55661e-05 1.00784e-05 1.81797e-06 2.59812e-07
 1.50213e-11 1.63042e-09 1.04347e-07 3.93772e-06 8.76194e-05 0.00114962 0.00889497 0.040606 0.109645 0.177354 0.1824 0.147279 0.126025 0.102768 0.0614363 0.0267015 0.0100806 0.00372162 0.00129001 0.000406881 0.000114522 2.81046e-05 5.91482e-06 1.03631e-06 1.45001e-07
 1.49514e-11 1.62283e-09 1.03861e-07 3.9194e-06 8.72116e-05 0.00114427 0.00885358 0.0404173 0.10914 0.176571 0.181758 0.147182 0.126458 0.103436 0.0621066 0.0272195 0.0103008 0.00368296 0.00118258 0.000341003 8.9869e-05 2.1018e-05 4.20147e-06 6.96428e-07 9.29686e-08
 1.41692e-11 1.53793e-09 9.8427e-08 3.71433e-06 8.26487e-05 0.0010844 0.00839061 0.0383086 0.103511 0.167991 0.17539 0.148324 0.134495 0.11227 0.066874 0.0282712 0.0100758 0.00344421 0.00108515 0.000304585 7.55098e-05 1.62471e-05 3.00754e-06 4.68692e-07 5.91921e-08
 1.56e-11 1.69323e-09 1.08366e-07 4.08941e-06 9.09945e-05 0.00119389 0.00923743 0.0421661 0.113814 0.183745 0.187324 0.147026 0.121009 0.0969488 0.0578948 0.0253113 0.00951581 0.00333638 0.00102556 0.000274421 6.53251e-05 1.35202e-05 2.36049e-06 3.40519e-07 3.98024e-08
 1.64248e-11 1.78275e-09 1.14096e-07 4.30562e-06 9.58056e-05 0.00125701 0.00972565 0.0443911 0.119769 0.192955 0.194808 0.147943 0.115763 0.0897602 0.0519335 0.0211951 0.00712624 0.00231193 0.000708815 0.000194477 4.62792e-05 9.26786e-06 1.54661e-06 2.12364e-07 2.33615e-08
 1.65291e-11 1.79407e-09 1.14821e-07 4.33297e-06 9.64141e-05 0.001265 0.00978741 0.0446729 0.120528 0.194164 0.195968 0.148647 0.116006 0.0894887 0.051015 0.0199211 0.00607994 0.00173571 0.00047072 0.000116592 2.63809e-05 5.26149e-06 8.77106e-07 1.17665e-07 1.24139e-08
 1.71088e-11 1.85699e-09 1.18847e-07 4.48493e-06 9.97952e-05 0.00130936 0.0101305 0.0462361 0.124708 0.200591 0.201012 0.148696 0.111417 0.08386 0.0471295 0.0179114 0.00513895 0.00133939 0.000328366 7.19116e-05 1.41828e-05 2.51497e-06 3.89781e-07 5.07781e-08 5.2889e-09
 1.73426e-11 1.88238e-09 1.20472e-07 4.54623e-06 0.000101159 0.00132725 0.0102689 0.0468666 0.126391 0.20316 0.202933 0.148404 0.109093 0.0812791 0.0457034 0.017547 0.00514698 0.00136478 0.00032815 6.72257e-05 1.1945e-05 1.86449e-06 2.51465e-07 2.89031e-08 2.76078e-09
 1.76819e-11 1.9192e-09 1.22828e-07 4.63516e-06 0.000103138 0.00135321 0.0104697 0.0477816 0.128839 0.206941 0.205979 0.148692 0.106798 0.0782267 0.0432781 0.0159685 0.00427451 0.00100796 0.000227215 4.60544e-05 8.12134e-06 1.21321e-06 1.49557e-07 1.51758e-08 1.26273e-09
 1.83188e-11 1.98833e-09 1.27253e-07 4.80212e-06 0.000106853 0.00140195 0.0108467 0.0494987 0.133427 0.213961 0.21133 0.148221 0.100955 0.0715037 0.0392147 0.0144823 0.00389369 0.000912535 0.000197039 3.66076e-05 5.86665e-06 8.26903e-07 9.91434e-08 9.68464e-09 7.47698e-10
 1.88952e-11 2.05089e-09 1.31257e-07 4.95322e-06 0.000110215 0.00144606 0.0111878 0.0510531 0.137582 0.220342 0.2163 0.148145 0.0961964 0.065757 0.0353567 0.0126163 0.00311505 0.000637456 0.000124029 2.20373e-05 3.41475e-06 4.52778e-07 4.98941e-08 4.51423e-09 3.30635e-10
 1.97206e-11 2.14048e-09 1.3699e-07 5.16959e-06 0.00011503 0.00150923 0.0116763 0.0532786 0.143527 0.229447 0.223262 0.147608 0.0887336 0.0571086 0.0300399 0.0105696 0.00253177 0.000486078 8.64314e-05 1.3753e-05 1.8818e-06 2.2594e-07 2.33889e-08 1.99908e-09 1.36383e-10
 1.99693e-11 2.16747e-09 1.38718e-07 5.23478e-06 0.00011648 0.00152826 0.0118235 0.0539493 0.14532 0.232203 0.225421 0.147617 0.0867447 0.0546704 0.028354 0.00970189 0.00214314 0.000344045 4.90688e-05 6.69862e-06 8.23909e-07 8.86835e-08 8.13996e-09 6.19934e-10 3.85934e-11
 2.03046e-11 2.20387e-09 1.41047e-07 5.32269e-06 0.000118436 0.00155392 0.012022 0.0548533 0.147736 0.2359 0.228242 0.147377 0.0836801 0.051135 0.0262029 0.00890042 0.00193315 0.000296345 3.86166e-05 4.62603e-06 4.7512e-07 4.15441e-08 3.20094e-09 2.1297e-10 1.17218e-11
 2.02848e-11 2.20172e-09 1.4091e-07 5.3175e-06 0.000118321 0.00155241 0.0120103 0.0548 0.147593 0.235681 0.228067 0.147368 0.0838254 0.0513209 0.0263417 0.00898248 0.00197459 0.000311841 4.23205e-05 5.14411e-06 5.10576e-07 4.07814e-08 2.71518e-09 1.49744e-10 6.75364e-12
 1.97731e-11 2.14618e-09 1.37355e-07 5.18335e-06 0.000115336 0.00151324 0.0117074 0.0534202 0.143907 0.23004 0.223773 0.147763 0.0885472 0.0567465 0.0296132 0.0101652 0.0022585 0.000365743 5.15688e-05 6.49518e-06 6.66441e-07 5.49373e-08 3.68938e-09 1.95813e-10 8.01852e-12
#obs catch len freq
 3.02368e-11 2.80224e-09 1.53131e-07 4.93409e-06 9.3744e-05 0.00105026 0.00694038 0.0270931 0.0629758 0.090768 0.0961928 0.107158 0.131869 0.140583 0.127022 0.0993257 0.0624477 0.03033 0.0116109 0.00353239 0.000833597 0.000147447 1.88749e-05 1.69007e-06 1.02722e-07
 4.3404e-11 3.8797e-09 2.04481e-07 6.35469e-06 0.000116447 0.00125828 0.00801983 0.0301953 0.0676938 0.094094 0.0961724 0.103839 0.126212 0.137157 0.128554 0.101467 0.0619562 0.0287266 0.0105551 0.00312194 0.000717008 0.000121768 1.46936e-05 1.22093e-06 6.80771e-08
 2.80765e-11 2.41636e-09 1.22622e-07 3.66913e-06 6.47385e-05 0.000673651 0.00413768 0.0150703 0.0333303 0.0499288 0.0692055 0.109114 0.15367 0.170567 0.158396 0.121263 0.0703097 0.0304092 0.0103125 0.00282497 0.000608738 9.80286e-05 1.12364e-05 8.81409e-07 4.59362e-08
 2.08022e-18 9.14428e-16 2.37016e-13 3.62242e-11 3.26451e-09 1.73486e-07 5.43784e-06 0.000100597 0.00110059 0.0071668 0.0283215 0.0716467 0.129788 0.189799 0.221568 0.18562 0.105781 0.0423604 0.0128887 0.00314461 0.000608881 8.93017e-05 9.43976e-06 6.88856e-07 3.35238e-08
 1.32099e-10 1.04893e-08 4.91108e-07 1.35581e-05 0.000220709 0.00211886 0.0120046 0.0402883 0.0816521 0.109362 0.127958 0.166032 0.187102 0.144293 0.0762185 0.0324018 0.0131999 0.00505293 0.00160811 0.000392576 7.09821e-05 9.36021e-06 8.83641e-07 5.80287e-08 2.56749e-09
 2.7598e-10 2.10028e-08 9.42463e-07 2.49367e-05 0.000389049 0.00357916 0.0194212 0.0622376 0.118593 0.139119 0.117025 0.102552 0.109863 0.115313 0.103015 0.0685926 0.0301991 0.00836784 0.00149252 0.000191745 2.13781e-05 2.20061e-06 1.82672e-07 1.07752e-08 4.27118e-10
 4.88371e-10 3.55725e-08 1.5278e-06 3.86906e-05 0.000577746 0.00508724 0.0264214 0.0810508 0.14792 0.166578 0.135215 0.112609 0.106636 0.0911689 0.0658548 0.03854 0.0164197 0.00478008 0.000954252 0.000133931 1.33417e-05 9.47093e-07 4.94167e-08 1.98261e-09 6.08945e-11
 5.67281e-10 3.94979e-08 1.62158e-06 3.92545e-05 0.000560322 0.00471657 0.0234249 0.0688268 0.121309 0.137127 0.126085 0.129842 0.133802 0.112546 0.0774593 0.0424371 0.0166098 0.00434218 0.000765259 9.61556e-05 9.03293e-06 6.30237e-07 3.12522e-08 1.05993e-09 2.42078e-11
 9.68646e-10 6.43921e-08 2.52399e-06 5.8335e-05 0.000794999 0.00638895 0.030289 0.0848782 0.14205 0.149399 0.120758 0.108415 0.10987 0.10137 0.0780748 0.0449974 0.0174483 0.00438439 0.000729789 8.4803e-05 7.18791e-06 4.46985e-07 1.99514e-08 6.22598e-10 1.32449e-11
 1.34785e-09 8.54499e-08 3.19426e-06 7.04074e-05 0.000915093 0.00701394 0.0317228 0.0849306 0.136784 0.143006 0.125457 0.125018 0.12345 0.101109 0.0681951 0.0356342 0.0129759 0.00313811 0.000512324 5.89242e-05 4.89395e-06 2.90457e-07 1.20161e-08 3.3989e-10 6.48431e-12
 1.93416e-09 1.16818e-07 4.16024e-06 8.73606e-05 0.00108172 0.00789896 0.0340397 0.0868791 0.13374 0.135189 0.118233 0.120245 0.123026 0.107495 0.0761991 0.0393289 0.0133101 0.00282716 0.000379824 3.38505e-05 2.15485e-06 1.03782e-07 3.76657e-09 9.80842e-11 1.74432e-12
 2.85626e-09 1.64188e-07 5.56509e-06 0.000111223 0.00131074 0.00911003 0.0373742 0.0909073 0.134055 0.132612 0.118768 0.12361 0.124567 0.10575 0.0721947 0.0355555 0.0114365 0.00230985 0.00029521 2.47963e-05 1.43777e-06 5.93996e-08 1.74796e-09 3.6098e-11 5.17479e-13
 4.59126e-09 2.50959e-07 8.08834e-06 0.000153712 0.0017225 0.011384 0.0444115 0.102743 0.144217 0.136222 0.117343 0.118411 0.117068 0.0983163 0.0655946 0.0309572 0.00942601 0.00179085 0.000214303 1.67749e-05 9.02888e-07 3.45312e-08 9.34996e-10 1.7477e-11 2.20391e-13
 6.4029e-09 3.32511e-07 1.01818e-05 0.000183837 0.0019573 0.0122915 0.0455871 0.100517 0.136126 0.129964 0.12191 0.129387 0.124491 0.0988401 0.0619276 0.0274213 0.00782788 0.00139082 0.000154809 1.11747e-05 5.49428e-07 1.90954e-08 4.70245e-10 8.01863e-12 9.23918e-14
 7.69337e-09 3.79291e-07 1.1026e-05 0.000188998 0.00191042 0.0113923 0.0401616 0.0845897 0.111964 0.112918 0.12203 0.14162 0.142119 0.11657 0.0731526 0.0313258 0.00847651 0.00141304 0.000146367 9.73415e-06 4.35926e-07 1.36841e-08 3.03586e-10 4.66626e-12 4.84904e-14
 1.2908e-08 6.0373e-07 1.665e-05 0.000270758 0.00259642 0.0146877 0.0491047 0.0979347 0.121886 0.113219 0.112403 0.127743 0.133627 0.114844 0.0724434 0.030078 0.00777523 0.00123751 0.000123364 7.99276e-06 3.51547e-07 1.0769e-08 2.28314e-10 3.27285e-12 3.11222e-14
 2.30379e-08 1.02163e-06 2.67135e-05 0.000411874 0.00374477 0.0200854 0.063674 0.120457 0.142364 0.125755 0.117697 0.123063 0.115936 0.0896408 0.05169 0.0198852 0.0047886 0.000709811 6.56429e-05 3.92398e-06 1.58835e-07 4.50255e-09 8.94387e-11 1.21595e-12 1.10327e-14
 3.05296e-08 1.28297e-06 3.17908e-05 0.0004645 0.00400244 0.020351 0.0612498 0.110783 0.129101 0.122667 0.129332 0.138179 0.1241 0.0897387 0.0482543 0.017299 0.00386957 0.000528526 4.43504e-05 2.3487e-06 8.20204e-08 1.97855e-09 3.37359e-11 4.02309e-13 3.26904e-15
 4.93203e-08 1.96329e-06 4.60823e-05 0.000637798 0.00520574 0.0250719 0.0714595 0.122268 0.134163 0.118921 0.118833 0.127057 0.119172 0.0891801 0.0475844 0.0164142 0.00349199 0.00045378 3.65155e-05 1.87737e-06 6.42303e-08 1.50787e-09 2.43496e-11 2.65206e-13 1.90876e-15
 6.77105e-08 2.55235e-06 5.67302e-05 0.000743526 0.00574733 0.0262254 0.0709627 0.116382 0.12728 0.122611 0.13311 0.138648 0.11959 0.0818556 0.0405324 0.0131855 0.00269218 0.0003443 2.82786e-05 1.5466e-06 5.77464e-08 1.46766e-09 2.48181e-11 2.73119e-13 1.93384e-15
 1.04915e-07 3.74405e-06 7.87842e-05 0.000977562 0.00715386 0.0309055 0.0791827 0.123015 0.127667 0.117648 0.125074 0.132299 0.118521 0.0824713 0.0399173 0.0123838 0.00238909 0.000288555 2.25073e-05 1.18236e-06 4.3101e-08 1.08968e-09 1.86684e-11 2.11289e-13 1.55072e-15
 1.62899e-07 5.5028e-06 0.000109608 0.00128739 0.00891857 0.0364827 0.0886108 0.131194 0.132322 0.122498 0.128919 0.12938 0.107964 0.0698228 0.0315015 0.00913379 0.00164957 0.000186721 1.36605e-05 6.73417e-07 2.30474e-08 5.47951e-10 8.86342e-12 9.53567e-14 6.71234e-16
 2.31415e-07 7.39923e-06 0.000139501 0.00155091 0.0101707 0.0394012 0.0908162 0.12877 0.12852 0.123819 0.133522 0.132194 0.10727 0.0664515 0.0282874 0.00765872 0.00128027 0.00013264 8.74985e-06 3.83342e-07 1.16038e-08 2.46091e-10 3.603e-12 3.55173e-14 2.30861e-16
 3.60663e-07 1.09151e-05 0.000194782 0.00204971 0.0127233 0.046661 0.101862 0.137071 0.130728 0.121867 0.128422 0.125622 0.10072 0.0604381 0.0243977 0.00617981 0.0009566 9.06094e-05 5.36156e-06 2.0562e-07 5.336e-09 9.63955e-11 1.2109e-12 1.03608e-14 5.90793e-17
 5.02129e-07 1.43845e-05 0.000242982 0.00242042 0.0142248 0.049429 0.102612 0.133373 0.129064 0.128176 0.136737 0.127819 0.0960937 0.0538745 0.0203312 0.00482135 0.000700048 6.23532e-05 3.47871e-06 1.25844e-07 3.06157e-09 5.10515e-11 5.79388e-13 4.38631e-15 2.17863e-17
 7.61538e-07 2.06522e-05 0.000330247 0.00311425 0.017327 0.0570092 0.112136 0.13849 0.128481 0.124177 0.130848 0.122707 0.0921856 0.0503712 0.0181329 0.00406285 0.000556641 4.69583e-05 2.49936e-06 8.69754e-08 2.04432e-09 3.28191e-11 3.55178e-13 2.53572e-15 1.17497e-17
 1.06063e-06 2.72324e-05 0.000412297 0.00368127 0.0193972 0.0605061 0.113381 0.136063 0.129299 0.131501 0.137099 0.121483 0.0852249 0.0435648 0.0147636 0.00314404 0.00041573 3.46535e-05 1.87742e-06 6.81451e-08 1.67652e-09 2.7625e-11 2.98379e-13 2.07815e-15 9.25967e-18
 1.17806e-06 2.86414e-05 0.000410614 0.00347213 0.0173373 0.0513958 0.092709 0.11253 0.120456 0.141266 0.155751 0.140164 0.0975921 0.0480908 0.015361 0.00303789 0.000368077 2.76714e-05 1.33062e-06 4.26224e-08 9.39795e-10 1.43512e-11 1.48909e-13 1.02245e-15 4.54512e-18
#spawning biomass
 21612 25715.1 20292.3 21635.7 33030.2 47314.9 64072.1 82254.9 106470 137554 157577 188787 196849 234493 215879 212565 221912 215198 193340 213991 194211 205525 199702 217491 196585 183408 208176 251732 339778 651233 706593 666003 576799 474653 379719 300474 238516 192137 158459 134533 117809 106259 98308.9 92805.3 89156.5 86737.3 85133.5 84070.1 83365.1 82897.7 82587.9 82382.4 82246.2 82155.9 82096 82056.3 82030 82012.6 82001 81993.3 81988.2 81984.9 81982.6 81981.2 81980.2 81979.5 81979.1 81978.8 81978.6 81978.5 81978.4 81978.4 81978.3 81978.3 81978.3 81978.3 81978.3 81978.3 81978.2 81978.2 81978.2 81978.2 81978.2 81978.2 81978.2 81978.2 81978.2 81978.2 81978.2 81978.2 81978.2 81978.2 81978.2 81978.2 81978.2 81978.2 81978.2 81978.2 81978.2 81978.2 81978.2 81978.2 81978.2 81978.2 81978.2 81978.2 81978.2 81978.2 81978.2 81978.2 81978.2 81978.2 81978.2 81978.2 81978.2 81978.2 81978.2 81978.2 81978.2 81978.2 81978.2 81978.2 81978.2 81978.2 81978.2 81978.2 81978.2 81978.2 0 0 0 0 0 0 0 0 0 0 0 0 0 0 0 0 0 0 0 0 0 0 0 0 0
