SBPRF35
0.819782
Curr Bio
128029
B35
717383
F35
0.205146
FOFL
0.0883228
OFL
23881.5
Bzero
234224
#pred survey bio
 8991.51 6871.44 7774.61 11476.6 15520.6 16626.2 17157.6 22505.3 33539.7 48279.2 58110.5 78286.1 104557 132509 134567 112401 103132 102336 95766.7 103197 103207 100171 110869 124329 127386 128261 134601 128131 134845 1.1766e+07 9.84883e+06 1.02194e+07 9.52668e+06 8.33332e+06 7.03611e+06 5.84999e+06 4.86081e+06 4.08075e+06 3.48735e+06 3.04645e+06 2.72379e+06 2.48976e+06 2.32024e+06 2.19616e+06 2.10541e+06 2.04082e+06 1.99439e+06 1.96067e+06 1.93592e+06 1.91756e+06 1.90379e+06 1.89336e+06 1.88537e+06 1.87921e+06 1.87441e+06 1.87065e+06 1.86768e+06 1.86532e+06 1.86344e+06 1.86193e+06 1.86071e+06 1.85973e+06 1.85894e+06 1.8583e+06 1.85778e+06 1.85735e+06 1.85701e+06 1.85673e+06 1.8565e+06 1.85631e+06 1.85616e+06 1.85603e+06 1.85593e+06 1.85584e+06 1.85578e+06 1.85572e+06 1.85567e+06 1.85564e+06 1.85561e+06 1.85558e+06 1.85556e+06 1.85554e+06 1.85553e+06 1.85552e+06 1.85551e+06 1.8555e+06 1.8555e+06 1.85549e+06 1.85549e+06 1.85548e+06 1.85548e+06 1.85548e+06 1.85548e+06 1.85547e+06 1.85547e+06 1.85547e+06 1.85547e+06 1.85547e+06 1.85547e+06 1.85547e+06 1.85547e+06 1.85547e+06 1.85547e+06 1.85547e+06 1.85547e+06 1.85547e+06 1.85547e+06 1.85547e+06 1.85547e+06 1.85547e+06 1.85547e+06 1.85547e+06 1.85547e+06 1.85547e+06 1.85547e+06 1.85547e+06 1.85547e+06 1.85547e+06 1.85547e+06 1.85547e+06 1.85547e+06 1.85547e+06 1.85547e+06 1.85547e+06 1.85547e+06 1.85547e+06 1.85547e+06 1.85547e+06 1.85547e+06 0 0 0 0 0 0 0 0 0 0 0 0 0 0 0 0 0 0 0 0 0 0 0 0 0
#obs survey bio
 8337.48 7272.88 9364.85 12835 13187 24532.6 19354 35975.9 36041.8 48381.8 78806.2 104785 150018 133600 154046 72004.2 88679.1 128494 111968 98126.6 123938 97822.1 117599 136080 132744 137781 161932 141836 109515
#pred catch bio
 6703.29 5083.88 5363.08 8285.69 11705.5 12453.1 12524.6 16195.8 23663.6 37339.7 43812.6 59616 79757.7 105761 113306 94915.3 86110.2 87413.5 78636.6 87368.7 88405.1 83561.8 93371.9 108894 113062 110738 118453 112846 10139.3 23881.5 78522 80893.9 74650.6 64456.1 53581 43775.2 35713.1 29458.2 24792 21406.1 18998.4 17311.2 16139.6 15326.8 14768.6 14396.3 14148 13982.4 13872 13798.4 13749.3 13716.5 13694.7 13680.1 13670.4 13663.9 13659.6 13656.7 13654.8 13653.5 13652.7 13652.1 13651.7 13651.5 13651.3 13651.2 13651.1 13651.1 13651 13651 13651 13651 13651 13651 13651 13651 13651 13651 13651 13651 13651 13651 13651 13651 13651 13651 13651 13651 13651 13651 13651 13651 13651 13651 13651 13651 13651 13651 13651 13651 13651 13651 13651 13651 13651 13651 13651 13651 13651 13651 13651 13651 13651 13651 13651 13651 13651 13651 13651 13651 13651 13651 13651 13651 13651 13651 13651 13651 13651 0 0 0 0 0 0 0 0 0 0 0 0 0 0 0 0 0 0 0 0 0 0 0 0 0
#obs catch bio
 4878.78 4993.62 5208.38 8112.42 11513.6 12200.1 12202.4 15294.5 22588.6 35926.3 42437 57174.7 75998.2 103921 114033 96836.6 85652.9 84850.1 77220.1 86214.6 83868.3 79531.5 91320.1 104092 109923 108291 114068 110181 9888.32
#pred cpue bio
 8186.95 5943.06 6519.08 9540.58 13024.5 14390.1 14652.7 18576.9 27689.2 40473 48345.2 64587 86544.1 110667 115004 95337.8 86017.3 85716.5 79823.4 85725.4 85838.4 83167 91019.5 102090 104100 104682 110982 105688 108805 1.08546e+07 9.81429e+06 1.01849e+07 9.49213e+06 8.29877e+06 7.00156e+06 5.81544e+06 4.82627e+06 4.04621e+06 3.4528e+06 3.0119e+06 2.68925e+06 2.45521e+06 2.28569e+06 2.16161e+06 2.07086e+06 2.00627e+06 1.95984e+06 1.92612e+06 1.90137e+06 1.88301e+06 1.86924e+06 1.85881e+06 1.85083e+06 1.84466e+06 1.83986e+06 1.8361e+06 1.83313e+06 1.83077e+06 1.82889e+06 1.82738e+06 1.82616e+06 1.82519e+06 1.82439e+06 1.82375e+06 1.82323e+06 1.8228e+06 1.82246e+06 1.82218e+06 1.82195e+06 1.82176e+06 1.82161e+06 1.82148e+06 1.82138e+06 1.8213e+06 1.82123e+06 1.82117e+06 1.82113e+06 1.82109e+06 1.82106e+06 1.82103e+06 1.82101e+06 1.821e+06 1.82098e+06 1.82097e+06 1.82096e+06 1.82095e+06 1.82095e+06 1.82094e+06 1.82094e+06 1.82093e+06 1.82093e+06 1.82093e+06 1.82093e+06 1.82093e+06 1.82092e+06 1.82092e+06 1.82092e+06 1.82092e+06 1.82092e+06 1.82092e+06 1.82092e+06 1.82092e+06 1.82092e+06 1.82092e+06 1.82092e+06 1.82092e+06 1.82092e+06 1.82092e+06 1.82092e+06 1.82092e+06 1.82092e+06 1.82092e+06 1.82092e+06 1.82092e+06 1.82092e+06 1.82092e+06 1.82092e+06 1.82092e+06 1.82092e+06 1.82092e+06 1.82092e+06 1.82092e+06 1.82092e+06 1.82092e+06 1.82092e+06 1.82092e+06 1.82092e+06 1.82092e+06 1.82092e+06 0 0 0 0 0 0 0 0 0 0 0 0 0 0 0 0 0 0 0 0 0 0 0 0 0
#obs cpue bio
 5903.11 9170.35 8578.67 11211.1 18861.6 13336.6 23598.7 33348.2 47767.6 64833.7 61187 93662.3 135127 109383 85847.6 106353 117815 124088 81808.3 114456 195556 177363 106783 214774 141762 132410 183608 167614 153158
#pred surv len freq
 2.56509e-27 2.59356e-27 3.78192e-26 7.43837e-20 1.82343e-14 5.40314e-10 1.93531e-06 0.000837917 0.0438536 0.27743 0.212436 0.0374478 0.135787 0.125518 0.0322112 0.0423123 0.0197104 0.0172848 0.0117493 0.00974071 0.00824187 0.00760641 0.00809141 0.00743968 0.0023003
 2.56756e-27 2.59987e-27 4.28685e-26 8.50336e-20 2.0845e-14 6.17674e-10 2.2124e-06 0.000957886 0.0501323 0.317151 0.242818 0.0407466 0.139549 0.128551 0.0251916 0.0252469 0.010025 0.0066294 0.00367211 0.0025531 0.00187483 0.00153788 0.0014892 0.00139583 0.000476059
 2.56892e-27 2.60348e-27 4.5951e-26 9.15359e-20 2.24389e-14 6.64905e-10 2.38158e-06 0.00103113 0.0539658 0.341402 0.261339 0.040901 0.127713 0.117555 0.0219876 0.0206091 0.00709732 0.00316275 0.00134903 0.000699936 0.000399947 0.000273073 0.000229802 0.000208397 7.43062e-05
 2.56928e-27 2.60444e-27 4.67674e-26 9.32581e-20 2.28611e-14 6.77415e-10 2.42639e-06 0.00105053 0.0549811 0.347826 0.266244 0.0409115 0.124347 0.114419 0.0209165 0.0189414 0.00637335 0.00257432 0.00086117 0.000297956 0.000116027 5.74518e-05 3.84739e-05 3.16557e-05 1.13494e-05
 2.56872e-27 2.6029e-27 4.53712e-26 9.03126e-20 2.2139e-14 6.56019e-10 2.34975e-06 0.00101735 0.0532446 0.33684 0.257866 0.0415871 0.135374 0.124542 0.0217523 0.0182933 0.00608152 0.00234827 0.000749442 0.000218141 5.45103e-05 1.64008e-05 7.31491e-06 4.91981e-06 1.7044e-06
 2.56685e-27 2.59784e-27 4.09005e-26 8.08811e-20 1.9827e-14 5.8751e-10 2.10436e-06 0.000911109 0.0476841 0.301663 0.231026 0.0428566 0.163892 0.150877 0.0267535 0.0230686 0.00751056 0.00264658 0.000820988 0.000226765 4.88154e-05 9.21371e-06 2.13763e-06 9.50925e-07 2.99298e-07
 2.56778e-27 2.60046e-27 4.33185e-26 8.59825e-20 2.10776e-14 6.24566e-10 2.23709e-06 0.000968575 0.0506917 0.32069 0.24553 0.0413276 0.142066 0.130919 0.0265347 0.027606 0.00907517 0.00329075 0.0009858 0.00025121 5.11938e-05 8.21228e-06 1.05827e-06 2.17355e-07 5.38462e-08
 2.56966e-27 2.60552e-27 4.77444e-26 9.53192e-20 2.33664e-14 6.92387e-10 2.48001e-06 0.00107375 0.0561963 0.355513 0.272106 0.0404349 0.116601 0.107306 0.0202911 0.0193236 0.00676641 0.00311671 0.000964773 0.000248405 4.72232e-05 6.99141e-06 7.13357e-07 6.28577e-08 8.59665e-09
 2.56958e-27 2.60521e-27 4.74061e-26 9.46053e-20 2.31913e-14 6.87201e-10 2.46144e-06 0.00106571 0.0557754 0.35285 0.270084 0.0411026 0.123103 0.113188 0.019195 0.0153183 0.0051709 0.00213401 0.000731298 0.000228105 4.47947e-05 6.33854e-06 5.80213e-07 3.33284e-08 1.78541e-09
 2.56876e-27 2.60301e-27 4.54687e-26 9.05181e-20 2.21894e-14 6.57513e-10 2.3551e-06 0.00101967 0.0533658 0.337606 0.258451 0.0415826 0.134928 0.124135 0.0217657 0.0184129 0.00591277 0.0019599 0.000621816 0.000185332 4.34393e-05 6.77477e-06 5.99995e-07 2.92926e-08 7.98714e-10
 2.56917e-27 2.60412e-27 4.6442e-26 9.25714e-20 2.26928e-14 6.72427e-10 2.40852e-06 0.0010428 0.0545763 0.345265 0.264295 0.041329 0.128893 0.118555 0.0205883 0.0171362 0.00558582 0.00197702 0.000576905 0.000141296 3.05481e-05 5.30052e-06 5.3331e-07 2.52961e-08 5.30595e-10
 2.5696e-27 2.60528e-27 4.74681e-26 9.47359e-20 2.32234e-14 6.8815e-10 2.46484e-06 0.00106718 0.0558524 0.353337 0.270455 0.0410564 0.12249 0.112641 0.0194298 0.0159795 0.00518477 0.00180165 0.000538687 0.000134889 2.46454e-05 3.74953e-06 4.03623e-07 2.15179e-08 4.33203e-10
 2.56941e-27 2.60475e-27 4.69757e-26 9.36971e-20 2.29687e-14 6.80604e-10 2.43781e-06 0.00105548 0.0552399 0.349463 0.267501 0.041369 0.126944 0.116714 0.0194769 0.015059 0.00486588 0.00166621 0.000493685 0.000122843 2.30421e-05 3.14279e-06 2.91328e-07 1.62593e-08 3.58978e-10
 2.56894e-27 2.60347e-27 4.58532e-26 9.13292e-20 2.23883e-14 6.63404e-10 2.3762e-06 0.0010288 0.0538439 0.340632 0.260762 0.041659 0.133886 0.123133 0.0208587 0.0165916 0.00528379 0.0016819 0.000491583 0.000120554 2.23889e-05 3.08086e-06 2.6196e-07 1.27972e-08 2.9143e-10
 2.56762e-27 2.59986e-27 4.26511e-26 8.4574e-20 2.07323e-14 6.14335e-10 2.20045e-06 0.000952709 0.0498614 0.315437 0.24154 0.0426733 0.15511 0.142702 0.0240324 0.0189083 0.0060613 0.00199227 0.000568758 0.000131123 2.38821e-05 3.24574e-06 2.74662e-07 1.23446e-08 2.52274e-10
 2.56809e-27 2.60116e-27 4.38179e-26 8.70356e-20 2.13357e-14 6.32216e-10 2.26449e-06 0.000980438 0.0513126 0.324618 0.248542 0.0421504 0.146211 0.134532 0.0233317 0.0193668 0.0061974 0.00201207 0.000580519 0.000136181 2.36163e-05 3.08045e-06 2.56579e-07 1.13426e-08 2.13576e-10
 2.56901e-27 2.60366e-27 4.60201e-26 9.16813e-20 2.24746e-14 6.65962e-10 2.38536e-06 0.00103277 0.0540515 0.341945 0.261765 0.0416401 0.133038 0.12234 0.0205179 0.0160192 0.00518984 0.00179497 0.00051901 0.000121006 2.13187e-05 2.71198e-06 2.14872e-07 9.293e-09 1.70414e-10
 2.56876e-27 2.60294e-27 4.53537e-26 9.02754e-20 2.21299e-14 6.55749e-10 2.34878e-06 0.00101693 0.0532227 0.336701 0.257767 0.0420515 0.138977 0.127774 0.0206527 0.0149518 0.00476424 0.00153413 0.000450839 0.000110512 1.94711e-05 2.49222e-06 1.94337e-07 8.01682e-09 1.43017e-10
 2.56902e-27 2.60364e-27 4.59687e-26 9.15728e-20 2.2448e-14 6.65173e-10 2.38254e-06 0.00103155 0.0539875 0.34154 0.26146 0.0418843 0.135111 0.124207 0.0200268 0.014417 0.00451824 0.00133222 0.000377066 8.78627e-05 1.60545e-05 2.10249e-06 1.64391e-07 6.67515e-09 1.14175e-10
 2.56921e-27 2.60417e-27 4.64554e-26 9.25996e-20 2.26997e-14 6.72632e-10 2.40926e-06 0.00104312 0.0545929 0.34537 0.26438 0.0416245 0.131082 0.120516 0.0198668 0.0149815 0.00469406 0.00137352 0.000376765 8.08705e-05 1.39757e-05 1.83237e-06 1.47789e-07 6.02911e-09 1.01382e-10
 2.56912e-27 2.60392e-27 4.62124e-26 9.20867e-20 2.2574e-14 6.68907e-10 2.39591e-06 0.00103734 0.0542905 0.343457 0.262923 0.0418829 0.134071 0.12323 0.0195292 0.0135297 0.00427419 0.00131866 0.000363222 7.67144e-05 1.24108e-05 1.5113e-06 1.19816e-07 5.01548e-09 8.48833e-11
 2.56921e-27 2.60416e-27 4.64161e-26 9.25164e-20 2.26793e-14 6.72028e-10 2.40709e-06 0.00104218 0.0545439 0.345059 0.264146 0.0418415 0.132897 0.122145 0.0193158 0.0133112 0.00413222 0.00115886 0.000321146 7.08178e-05 1.14064e-05 1.3188e-06 9.64634e-08 3.9328e-09 6.77597e-11
 2.5698e-27 2.60576e-27 4.78515e-26 9.55447e-20 2.34216e-14 6.94025e-10 2.48588e-06 0.00107629 0.0563292 0.356354 0.272762 0.0412899 0.122646 0.112714 0.0181747 0.0130824 0.00406075 0.00113065 0.000303227 6.20938e-05 1.02395e-05 1.20272e-06 8.40792e-08 3.17342e-09 5.30115e-11
 2.56977e-27 2.60566e-27 4.77395e-26 9.53083e-20 2.33637e-14 6.92308e-10 2.47973e-06 0.00107363 0.0561898 0.355472 0.272092 0.0415006 0.12472 0.114586 0.0177297 0.0115974 0.00362378 0.00105946 0.000285348 5.75038e-05 8.9191e-06 1.0262e-06 7.30706e-08 2.65148e-09 4.12788e-11
 2.56998e-27 2.60624e-27 4.82369e-26 9.63577e-20 2.36209e-14 6.9993e-10 2.50703e-06 0.00108545 0.0568085 0.359386 0.27508 0.0414631 0.122336 0.112362 0.016916 0.0102965 0.00315503 0.000829834 0.000223869 4.69599e-05 7.25491e-06 7.97172e-07 5.46271e-08 1.99535e-09 2.99996e-11
 2.57003e-27 2.60636e-27 4.83367e-26 9.65681e-20 2.36725e-14 7.01459e-10 2.51251e-06 0.00108782 0.0569326 0.360171 0.27568 0.0415151 0.12231 0.112321 0.0165929 0.00956735 0.00289384 0.000703353 0.000181407 3.49697e-05 5.49986e-06 6.13728e-07 4.0526e-08 1.42204e-09 2.1259e-11
 2.56954e-27 2.60501e-27 4.71497e-26 9.4064e-20 2.30587e-14 6.83269e-10 2.44736e-06 0.00105961 0.0554563 0.350832 0.268554 0.0418295 0.129709 0.11916 0.0180076 0.0110706 0.00332679 0.000763074 0.00019068 3.40006e-05 4.95026e-06 5.3562e-07 3.5969e-08 1.22666e-09 1.76584e-11
 2.56952e-27 2.60498e-27 4.71218e-26 9.40051e-20 2.30442e-14 6.82842e-10 2.44582e-06 0.00105895 0.0554215 0.350612 0.268386 0.0418081 0.129664 0.119124 0.0181031 0.0112997 0.00342948 0.000841251 0.000209237 3.5257e-05 4.81852e-06 4.77529e-07 3.043e-08 1.04178e-09 1.46667e-11
 2.57059e-27 2.60788e-27 4.9706e-26 9.94568e-20 2.43806e-14 7.22442e-10 2.58767e-06 0.00112036 0.0586356 0.370945 0.283898 0.0409393 0.112154 0.102988 0.0156406 0.00974594 0.00296488 0.000739716 0.000187831 3.33838e-05 4.43869e-06 4.10199e-07 2.38542e-08 7.67842e-10 1.07109e-11
#obs surv len freq
 1.64076e-41 2.27726e-33 3.82058e-26 7.74805e-20 1.89934e-14 5.62811e-10 2.0159e-06 0.000872813 0.0456796 0.288982 0.221405 0.044246 0.164194 0.139572 0.0433519 0.0352429 0.0115477 0.00394631 0.00084294 0.000108124 6.12164e-06 1.10154e-07 4.64264e-10 3.67647e-13 4.74197e-17
 1.90448e-41 2.6433e-33 4.43468e-26 8.99344e-20 2.20463e-14 6.53274e-10 2.33992e-06 0.0010131 0.0530219 0.335432 0.256885 0.0440428 0.132242 0.106377 0.0337697 0.0257743 0.00820604 0.00264544 0.000526453 5.94379e-05 2.77336e-06 3.88616e-08 1.22682e-10 7.093e-14 6.57199e-18
 1.92859e-41 2.67676e-33 4.49082e-26 9.10729e-20 2.23254e-14 6.61544e-10 2.36954e-06 0.00102593 0.0536931 0.339678 0.260211 0.0470768 0.140952 0.106058 0.02692 0.0171884 0.00528391 0.00158884 0.00029112 2.89025e-05 1.11372e-06 1.21176e-08 2.85215e-11 1.20122e-14 7.99709e-19
 1.96837e-41 2.73197e-33 4.58345e-26 9.29515e-20 2.2786e-14 6.7519e-10 2.41842e-06 0.00104709 0.0548007 0.346685 0.265625 0.048725 0.138641 0.0982573 0.0260859 0.0153809 0.00367424 0.000910951 0.0001508 1.2994e-05 4.12273e-07 3.49229e-09 6.13376e-12 1.87962e-15 8.98152e-20
 1.76813e-41 2.45405e-33 4.11718e-26 8.34956e-20 2.0468e-14 6.06503e-10 2.17239e-06 0.000940572 0.0492258 0.311418 0.238888 0.054899 0.175695 0.116835 0.0306955 0.0166593 0.00384676 0.000790272 9.8097e-05 6.9578e-06 1.79339e-07 1.18049e-09 1.55292e-12 3.4744e-16 1.19337e-20
 1.45307e-41 2.01677e-33 3.38355e-26 6.86177e-20 1.68208e-14 4.98432e-10 1.7853e-06 0.000772974 0.0404544 0.255929 0.19679 0.0625299 0.22101 0.140141 0.0488922 0.0265528 0.00574391 0.00106723 0.000108652 5.56333e-06 1.08079e-07 5.4384e-10 5.35004e-13 8.76979e-17 2.17487e-21
 2.08469e-41 2.89341e-33 4.8543e-26 9.84443e-20 2.41325e-14 7.15089e-10 2.56133e-06 0.00110897 0.058039 0.367173 0.281417 0.0503252 0.112801 0.0693996 0.0346208 0.0191739 0.00495693 0.000900015 7.92059e-05 3.13241e-06 4.24864e-08 1.51661e-10 1.08801e-13 1.30057e-17 2.33249e-22
 1.97704e-41 2.744e-33 4.60363e-26 9.33607e-20 2.28863e-14 6.78162e-10 2.42907e-06 0.0010517 0.0550419 0.348214 0.267291 0.0603376 0.152842 0.0824348 0.019783 0.00925116 0.0030769 0.000617344 5.50165e-05 1.80796e-06 1.8039e-08 4.40322e-11 2.16032e-14 1.81319e-18 2.31793e-23
 2.01685e-41 2.79925e-33 4.69633e-26 9.52406e-20 2.33471e-14 6.91817e-10 2.47798e-06 0.00107288 0.0561502 0.355226 0.272765 0.0617757 0.144986 0.0744551 0.0228767 0.00878913 0.00156627 0.000303581 3.00067e-05 9.41437e-07 7.60379e-09 1.33997e-11 4.48587e-15 2.53631e-19 2.21234e-24
 1.73283e-41 2.40506e-33 4.03498e-26 8.18286e-20 2.00593e-14 5.94394e-10 2.12902e-06 0.000921793 0.048243 0.305206 0.235203 0.0761149 0.198608 0.0949905 0.0282908 0.0102689 0.00189899 0.000233764 1.74312e-05 5.3801e-07 3.91911e-09 5.5064e-12 1.34294e-15 5.25995e-20 3.10985e-25
 2.01739e-41 2.8e-33 4.69758e-26 9.5266e-20 2.33533e-14 6.92002e-10 2.47864e-06 0.00107316 0.0561652 0.355323 0.273222 0.0667811 0.139829 0.0664892 0.029087 0.0100851 0.00173632 0.000196025 1.02498e-05 2.20751e-07 1.37402e-09 1.64864e-12 3.19641e-16 9.33278e-21 3.93352e-26
 1.85287e-41 2.57166e-33 4.31449e-26 8.74969e-20 2.14488e-14 6.35569e-10 2.2765e-06 0.000985647 0.0515849 0.326351 0.251863 0.0815307 0.179709 0.0752445 0.023002 0.00787356 0.00167112 0.000174838 7.69511e-06 1.16508e-07 4.885e-10 4.45776e-13 6.9364e-17 1.59855e-21 5.13076e-27
 1.9279e-41 2.6758e-33 4.48921e-26 9.10402e-20 2.23174e-14 6.61306e-10 2.36869e-06 0.00102556 0.0536738 0.339568 0.262116 0.0809157 0.160544 0.0668605 0.0264706 0.00746471 0.00121959 0.000133729 5.60912e-06 6.76852e-08 1.9905e-10 1.20676e-13 1.31035e-17 2.24231e-22 5.49069e-28
 1.6216e-41 2.25067e-33 3.77596e-26 7.65758e-20 1.87717e-14 5.56238e-10 1.99236e-06 0.000862621 0.0451462 0.28563 0.222384 0.104415 0.217052 0.0837131 0.0305226 0.00868299 0.00146144 0.000123995 4.6082e-06 4.98729e-08 1.15323e-10 4.97168e-14 3.63443e-18 4.1697e-23 7.05252e-29
 1.47599e-41 2.04857e-33 3.43691e-26 6.96998e-20 1.70861e-14 5.06292e-10 1.81346e-06 0.000785163 0.0410924 0.259992 0.203715 0.113393 0.224734 0.0946138 0.0473402 0.0122597 0.00191396 0.000154358 4.60022e-06 3.98326e-08 7.63736e-11 2.58463e-14 1.38266e-18 1.10504e-23 1.26789e-29
 1.72735e-41 2.39745e-33 4.02222e-26 8.15698e-20 1.99959e-14 5.92515e-10 2.12229e-06 0.000918879 0.0480905 0.304265 0.237272 0.102772 0.176046 0.0755194 0.0407263 0.0121518 0.00208256 0.000148906 3.84564e-06 2.62989e-08 3.82051e-11 1.00008e-14 4.13264e-19 2.47803e-24 2.06081e-30
 1.68616e-41 2.34028e-33 3.9263e-26 7.96246e-20 1.9519e-14 5.78385e-10 2.07168e-06 0.000896966 0.0469437 0.297025 0.233218 0.118711 0.191979 0.0700248 0.0301993 0.00915269 0.00171684 0.000128825 2.92005e-06 1.61922e-08 1.81218e-11 3.51216e-15 1.06982e-19 4.77604e-25 2.96484e-31
 1.69851e-41 2.35742e-33 3.95507e-26 8.0208e-20 1.9662e-14 5.82622e-10 2.08686e-06 0.000903537 0.0472876 0.299213 0.235853 0.12394 0.184754 0.0695416 0.0300489 0.00717179 0.00119086 9.04537e-05 1.97291e-06 9.33024e-09 8.1977e-12 1.20088e-15 2.69425e-20 8.71922e-26 3.91005e-32
 1.65465e-41 2.29654e-33 3.85293e-26 7.81366e-20 1.91543e-14 5.67576e-10 2.03297e-06 0.000880204 0.0460664 0.291509 0.231607 0.135633 0.188551 0.0692559 0.0288285 0.00669029 0.000917815 5.72861e-05 1.13263e-06 4.76039e-09 3.46545e-12 3.9523e-16 6.65358e-21 1.58407e-26 5.15888e-33
 1.74432e-41 2.421e-33 4.06174e-26 8.23712e-20 2.01923e-14 5.98336e-10 2.14314e-06 0.000927906 0.048563 0.307318 0.244361 0.133961 0.168565 0.0637692 0.0261023 0.00568651 0.00070699 3.56148e-05 5.4991e-07 1.90339e-09 1.15097e-12 1.05986e-16 1.38913e-21 2.49708e-27 6.01161e-34
 1.71267e-41 2.37707e-33 3.98803e-26 8.08764e-20 1.98259e-14 5.87478e-10 2.10425e-06 0.000911068 0.0476818 0.301779 0.242416 0.147834 0.172457 0.0596881 0.0220323 0.00465186 0.000523271 2.22175e-05 2.65155e-07 6.87163e-10 3.18518e-13 2.29445e-17 2.35283e-22 3.26837e-28 5.98054e-35
 1.73312e-41 2.40546e-33 4.03565e-26 8.18423e-20 2.00627e-14 5.94493e-10 2.12938e-06 0.000921947 0.0482513 0.305417 0.246863 0.152463 0.163829 0.0581589 0.0200439 0.00367049 0.000366157 1.32606e-05 1.25545e-07 2.43849e-10 8.24263e-14 4.34394e-18 3.308e-23 3.45285e-29 4.7681e-36
 1.72026e-41 2.38761e-33 4.00571e-26 8.12349e-20 1.99138e-14 5.90082e-10 2.11358e-06 0.000915107 0.0478934 0.303204 0.247636 0.161727 0.160822 0.0561421 0.018268 0.0031203 0.000261541 7.76483e-06 5.87336e-08 8.71877e-11 2.17384e-14 8.27088e-19 4.51174e-24 3.38173e-30 3.37846e-37
 1.74467e-41 2.42149e-33 4.06256e-26 8.23878e-20 2.01964e-14 5.98456e-10 2.14357e-06 0.000928093 0.0485732 0.307561 0.253093 0.165712 0.151956 0.0532423 0.0161959 0.00254615 0.000185637 4.424e-06 2.58492e-08 2.92295e-11 5.44491e-15 1.51758e-19 5.97393e-25 3.19989e-31 2.27318e-38
 1.68932e-41 2.34466e-33 3.93365e-26 7.97736e-20 1.95556e-14 5.79467e-10 2.07556e-06 0.000898645 0.0470323 0.297911 0.249782 0.180776 0.154574 0.0521311 0.0146418 0.00211523 0.000133179 2.58439e-06 1.16004e-08 9.77154e-12 1.34335e-15 2.74776e-20 7.87925e-26 3.04972e-32 1.55443e-39
 1.58874e-41 2.20506e-33 3.69945e-26 7.50242e-20 1.83913e-14 5.44968e-10 1.95199e-06 0.000845143 0.0442326 0.280334 0.241325 0.197169 0.16111 0.0576742 0.0152278 0.00197179 0.000106431 1.67776e-06 5.83194e-09 3.67141e-12 3.69071e-16 5.46869e-21 1.13284e-26 3.16371e-33 1.16142e-40
 1.58511e-41 2.20003e-33 3.691e-26 7.48528e-20 1.83493e-14 5.43723e-10 1.94753e-06 0.000843213 0.044132 0.279822 0.244211 0.199948 0.155012 0.0588398 0.0152585 0.00184719 8.44176e-05 1.06981e-06 2.87706e-09 1.36081e-12 1.00676e-16 1.0824e-21 1.61259e-27 3.22429e-34 8.46005e-42
 1.64383e-41 2.28153e-33 3.82775e-26 7.76259e-20 1.90291e-14 5.63867e-10 2.01968e-06 0.000874452 0.0457675 0.290304 0.255047 0.198715 0.142359 0.052259 0.0130933 0.00151785 6.06749e-05 6.18982e-07 1.27885e-09 4.53664e-13 2.47697e-17 1.9423e-22 2.09225e-28 3.00539e-35 5.63895e-43
 1.64393e-41 2.28167e-33 3.82797e-26 7.76305e-20 1.90302e-14 5.639e-10 2.0198e-06 0.000874503 0.0457702 0.290321 0.25507 0.199094 0.143761 0.0515622 0.0122048 0.0012946 4.56055e-05 3.97226e-07 6.84813e-10 1.997e-13 8.87917e-18 5.63554e-23 4.89353e-29 5.65004e-36 8.50335e-44
#pred catch len freq
 2.56454e-27 2.59208e-27 3.65432e-26 7.16922e-20 1.75745e-14 5.20763e-10 1.86529e-06 0.000807598 0.0422668 0.267391 0.204772 0.0375402 0.141875 0.131162 0.0336595 0.0442149 0.0205966 0.0180621 0.0122776 0.0101787 0.00861247 0.00794843 0.00845524 0.00777421 0.00240373
 2.56706e-27 2.59852e-27 4.16829e-26 8.25325e-20 2.02318e-14 5.99506e-10 2.14733e-06 0.000929712 0.0486577 0.307822 0.2357 0.0410188 0.146621 0.135085 0.0264721 0.0265302 0.0105345 0.00696636 0.00385875 0.00268286 0.00197012 0.00161605 0.00156489 0.00146677 0.000500256
 2.56826e-27 2.60171e-27 4.43867e-26 8.82359e-20 2.163e-14 6.40935e-10 2.29572e-06 0.000993959 0.0520202 0.329094 0.251948 0.0413268 0.137551 0.126638 0.0236866 0.0222016 0.00764575 0.00340714 0.00145327 0.000754023 0.000430852 0.000294174 0.00024756 0.000224501 8.00481e-05
 2.56877e-27 2.60307e-27 4.55577e-26 9.0706e-20 2.22355e-14 6.58877e-10 2.35999e-06 0.00102178 0.0534765 0.338307 0.258981 0.0412553 0.132065 0.121544 0.022219 0.020121 0.00677023 0.00273463 0.000914796 0.00031651 0.000123253 6.10295e-05 4.08697e-05 3.3627e-05 1.20562e-05
 2.56833e-27 2.60184e-27 4.44364e-26 8.83404e-20 2.16556e-14 6.41693e-10 2.29844e-06 0.000995136 0.0520818 0.329484 0.252254 0.0418652 0.141433 0.130133 0.0227289 0.0191146 0.00635455 0.0024537 0.000783089 0.000227934 5.69576e-05 1.71371e-05 7.64332e-06 5.14068e-06 1.78092e-06
 2.56639e-27 2.59657e-27 3.97849e-26 7.85276e-20 1.92501e-14 5.70415e-10 2.04313e-06 0.000884598 0.0462966 0.292886 0.224329 0.0431858 0.171103 0.157531 0.0279335 0.0240861 0.00784181 0.00276331 0.000857197 0.000236767 5.09684e-05 9.62009e-06 2.23191e-06 9.92866e-07 3.12499e-07
 2.56725e-27 2.59902e-27 4.20541e-26 8.33153e-20 2.04237e-14 6.05192e-10 2.1677e-06 0.000938529 0.0491192 0.310742 0.237939 0.0416557 0.149896 0.138155 0.0280012 0.0291318 0.00957674 0.00347262 0.00104028 0.000265094 5.40232e-05 8.66616e-06 1.11676e-06 2.29368e-07 5.68222e-08
 2.56917e-27 2.60417e-27 4.65565e-26 9.28132e-20 2.2752e-14 6.74184e-10 2.41481e-06 0.00104552 0.0547188 0.346166 0.264974 0.0407597 0.124083 0.114216 0.0215975 0.0205678 0.00720207 0.00331738 0.00102689 0.000264399 5.02637e-05 7.44156e-06 7.59287e-07 6.69048e-08 9.15016e-09
 2.56902e-27 2.60371e-27 4.6073e-26 9.1793e-20 2.25019e-14 6.66773e-10 2.38827e-06 0.00103403 0.0541173 0.342361 0.262081 0.0415078 0.131809 0.121219 0.0205569 0.0164051 0.0055378 0.00228542 0.000783187 0.00024429 4.7973e-05 6.78828e-06 6.21381e-07 3.56932e-08 1.91209e-09
 2.56846e-27 2.60219e-27 4.4741e-26 8.89829e-20 2.18131e-14 6.46361e-10 2.31516e-06 0.00100237 0.0524607 0.331881 0.254083 0.0417999 0.139652 0.128493 0.0225299 0.0190594 0.00612038 0.00202871 0.00064365 0.000191839 4.49645e-05 7.01265e-06 6.21062e-07 3.03211e-08 8.26758e-10
 2.5688e-27 2.6031e-27 4.55398e-26 9.06681e-20 2.22262e-14 6.58602e-10 2.359e-06 0.00102136 0.0534542 0.338166 0.258879 0.0416002 0.134762 0.12397 0.0215287 0.0179189 0.00584095 0.00206732 0.000603255 0.00014775 3.19434e-05 5.54262e-06 5.5767e-07 2.64515e-08 5.54831e-10
 2.56927e-27 2.60438e-27 4.66755e-26 9.30639e-20 2.28135e-14 6.76005e-10 2.42134e-06 0.00104835 0.0548666 0.347101 0.265697 0.0412962 0.127658 0.117408 0.0202521 0.0166558 0.00540421 0.0018779 0.000561486 0.000140598 2.56885e-05 3.90822e-06 4.20706e-07 2.24286e-08 4.51537e-10
 2.56908e-27 2.60385e-27 4.61812e-26 9.2021e-20 2.25578e-14 6.68429e-10 2.3942e-06 0.0010366 0.0542518 0.343212 0.262732 0.0416161 0.132176 0.121539 0.020282 0.0156815 0.00506703 0.00173509 0.000514093 0.000127922 2.39946e-05 3.27271e-06 3.03372e-07 1.69314e-08 3.73817e-10
 2.56876e-27 2.60296e-27 4.54014e-26 9.03761e-20 2.21546e-14 6.56481e-10 2.3514e-06 0.00101807 0.053282 0.337077 0.25805 0.0417982 0.136851 0.125868 0.021322 0.0169601 0.00540115 0.00171926 0.000502502 0.000123232 2.28862e-05 3.14929e-06 2.67779e-07 1.30815e-08 2.97904e-10
 2.56763e-27 2.59991e-27 4.26934e-26 8.46633e-20 2.07542e-14 6.14984e-10 2.20277e-06 0.000953715 0.049914 0.31577 0.241794 0.0426602 0.154832 0.142446 0.0239892 0.0188743 0.0060504 0.00198869 0.000567735 0.000130887 2.38392e-05 3.2399e-06 2.74168e-07 1.23224e-08 2.5182e-10
 2.56811e-27 2.60124e-27 4.38888e-26 8.71852e-20 2.13724e-14 6.33302e-10 2.26838e-06 0.000982123 0.0514008 0.325175 0.248968 0.042129 0.145749 0.134106 0.0232577 0.0193054 0.00617776 0.00200569 0.00057868 0.000135749 2.35415e-05 3.07069e-06 2.55766e-07 1.13066e-08 2.129e-10
 2.569e-27 2.60362e-27 4.59778e-26 9.15921e-20 2.24527e-14 6.65314e-10 2.38304e-06 0.00103177 0.0539989 0.341612 0.261511 0.0416532 0.133316 0.122596 0.0205609 0.0160528 0.00520071 0.00179873 0.000520098 0.00012126 2.13634e-05 2.71766e-06 2.15323e-07 9.31247e-09 1.70771e-10
 2.56883e-27 2.60314e-27 4.55354e-26 9.06586e-20 2.22239e-14 6.58533e-10 2.35875e-06 0.00102125 0.0534486 0.33813 0.258858 0.0419935 0.137769 0.126661 0.0204727 0.0148215 0.00472272 0.00152076 0.000446909 0.000109549 1.93014e-05 2.4705e-06 1.92643e-07 7.94695e-09 1.4177e-10
 2.56893e-27 2.60342e-27 4.57716e-26 9.11569e-20 2.2346e-14 6.62153e-10 2.37172e-06 0.00102686 0.0537423 0.339989 0.260276 0.0419476 0.136424 0.125417 0.020222 0.0145575 0.00456227 0.0013452 0.000380741 8.8719e-05 1.6211e-05 2.12298e-06 1.65993e-07 6.74021e-09 1.15288e-10
 2.56924e-27 2.60427e-27 4.65442e-26 9.27869e-20 2.27456e-14 6.73992e-10 2.41413e-06 0.00104522 0.0547033 0.346068 0.264913 0.0415965 0.130494 0.119974 0.0197775 0.0149142 0.00467295 0.00136735 0.000375071 8.05069e-05 1.39128e-05 1.82414e-06 1.47124e-07 6.002e-09 1.00926e-10
 2.56921e-27 2.60415e-27 4.64154e-26 9.2515e-20 2.26789e-14 6.72017e-10 2.40705e-06 0.00104216 0.054543 0.345054 0.264142 0.0418169 0.132713 0.121978 0.0193308 0.0133922 0.00423077 0.00130526 0.000359531 7.5935e-05 1.22847e-05 1.49594e-06 1.18599e-07 4.96452e-09 8.40209e-11
 2.56919e-27 2.6041e-27 4.63662e-26 9.24112e-20 2.26535e-14 6.71263e-10 2.40435e-06 0.00104099 0.0544818 0.344667 0.263847 0.0418577 0.133231 0.122453 0.0193645 0.0133448 0.00414264 0.00116178 0.000321957 7.09964e-05 1.14352e-05 1.32212e-06 9.67067e-08 3.94272e-09 6.79306e-11
 2.56981e-27 2.6058e-27 4.78883e-26 9.56222e-20 2.34406e-14 6.94588e-10 2.4879e-06 0.00107716 0.0563749 0.356643 0.272982 0.0412781 0.122401 0.112489 0.0181383 0.0130562 0.00405262 0.00112839 0.000302619 6.19695e-05 1.0219e-05 1.20032e-06 8.39109e-08 3.16707e-09 5.29054e-11
 2.56993e-27 2.60611e-27 4.81379e-26 9.61489e-20 2.35697e-14 6.98413e-10 2.5016e-06 0.0010831 0.0566854 0.358607 0.274484 0.0413687 0.122036 0.112112 0.0173469 0.011347 0.00354555 0.00103658 0.000279187 5.62623e-05 8.72654e-06 1.00405e-06 7.1493e-08 2.59424e-09 4.03876e-11
 2.5702e-27 2.60681e-27 4.8751e-26 9.74421e-20 2.38868e-14 7.07807e-10 2.53525e-06 0.00109767 0.0574478 0.363431 0.278166 0.0412893 0.118845 0.109146 0.0164318 0.0100017 0.00306472 0.00080608 0.00021746 4.56156e-05 7.04723e-06 7.74353e-07 5.30634e-08 1.93824e-09 2.91408e-11
 2.57014e-27 2.60665e-27 4.8592e-26 9.71067e-20 2.38045e-14 7.05371e-10 2.52652e-06 0.00109389 0.0572501 0.36218 0.277212 0.0414276 0.120567 0.110715 0.0163557 0.00943058 0.00285248 0.000693298 0.000178814 3.44698e-05 5.42123e-06 6.04955e-07 3.99467e-08 1.40172e-09 2.09551e-11
 2.56972e-27 2.60553e-27 4.76054e-26 9.50254e-20 2.32943e-14 6.90253e-10 2.47237e-06 0.00107044 0.0560231 0.354417 0.271289 0.0416754 0.126615 0.116308 0.0175766 0.0108057 0.00324718 0.000744814 0.000186117 3.3187e-05 4.8318e-06 5.22803e-07 3.51083e-08 1.1973e-09 1.72358e-11
 2.56971e-27 2.6055e-27 4.75858e-26 9.49841e-20 2.32842e-14 6.89952e-10 2.47129e-06 0.00106998 0.0559987 0.354263 0.271171 0.0416519 0.126519 0.116226 0.0176626 0.0110247 0.00334604 0.000820784 0.000204147 3.43992e-05 4.70128e-06 4.65911e-07 2.96897e-08 1.01644e-09 1.43098e-11
 2.56832e-27 2.60169e-27 4.41964e-26 8.78338e-20 2.15314e-14 6.38014e-10 2.28526e-06 0.00098943 0.0517832 0.327595 0.250826 0.0427931 0.149498 0.1374 0.0208667 0.0130025 0.00395556 0.000986887 0.000250593 4.45387e-05 5.92184e-06 5.47263e-07 3.18248e-08 1.02441e-09 1.42899e-11
#obs catch len freq
 1.6283e-41 2.25997e-33 3.79156e-26 7.68922e-20 1.88492e-14 5.58537e-10 2.00059e-06 0.000866185 0.0453327 0.286788 0.21973 0.0443112 0.16571 0.140876 0.0438695 0.0357175 0.0117428 0.00404448 0.000884091 0.000118099 6.99756e-06 1.31364e-07 5.75649e-10 4.72529e-13 6.29931e-17
 1.64785e-41 2.28711e-33 3.83711e-26 7.78157e-20 1.90756e-14 5.65245e-10 2.02462e-06 0.000876589 0.0458772 0.290233 0.222423 0.0463288 0.167784 0.135098 0.0432418 0.0331659 0.0106962 0.00348532 0.000702438 8.14723e-05 3.96328e-06 5.79562e-08 1.8989e-10 1.13391e-13 1.08127e-17
 1.91772e-41 2.66167e-33 4.46551e-26 9.05596e-20 2.21996e-14 6.57816e-10 2.35619e-06 0.00102015 0.0533905 0.337764 0.258724 0.0457935 0.133966 0.101832 0.0333531 0.0238978 0.00749149 0.00229229 0.000427617 4.32238e-05 1.71467e-06 1.93668e-08 4.72662e-11 2.05369e-14 1.40408e-18
 1.94743e-41 2.7029e-33 4.53468e-26 9.19623e-20 2.25435e-14 6.68004e-10 2.39268e-06 0.00103595 0.0542175 0.342996 0.262814 0.0489808 0.141588 0.100258 0.0260502 0.0157035 0.00475179 0.00134985 0.000230388 2.02849e-05 6.57376e-07 5.71792e-09 1.03511e-11 3.26613e-15 1.60158e-19
 1.9924e-41 2.76533e-33 4.63941e-26 9.40863e-20 2.30641e-14 6.83433e-10 2.44795e-06 0.00105988 0.0554697 0.350918 0.268934 0.0506441 0.138133 0.0919563 0.0250276 0.0137642 0.00320831 0.000757641 0.000116122 8.79499e-06 2.32338e-07 1.56064e-09 2.09739e-12 4.8012e-16 1.68697e-20
 1.79898e-41 2.49686e-33 4.189e-26 8.49521e-20 2.0825e-14 6.17083e-10 2.21029e-06 0.00095698 0.0500845 0.316851 0.243151 0.0574863 0.174557 0.108818 0.0292853 0.0147771 0.00331635 0.000636595 7.33373e-05 4.55798e-06 9.69623e-08 5.024e-10 5.03189e-13 8.38514e-17 2.11436e-21
 1.49204e-41 2.07085e-33 3.47428e-26 7.04577e-20 1.72719e-14 5.11797e-10 1.83317e-06 0.000793701 0.0415392 0.262792 0.202203 0.0661213 0.219582 0.130799 0.0469517 0.0233841 0.00490516 0.000845416 7.8385e-05 3.50243e-06 5.60829e-08 2.20927e-10 1.64737e-13 2.0055e-17 3.64504e-22
 2.11862e-41 2.9405e-33 4.93331e-26 1.00046e-19 2.45252e-14 7.26727e-10 2.60302e-06 0.00112702 0.0589836 0.373149 0.286075 0.0520632 0.110144 0.0640653 0.0328275 0.0166499 0.00416707 0.000689541 5.46455e-05 1.85614e-06 2.06457e-08 5.7668e-11 3.12817e-14 2.7702e-18 3.63488e-23
 2.01722e-41 2.79976e-33 4.69718e-26 9.5258e-20 2.33514e-14 6.91943e-10 2.47843e-06 0.00107307 0.0561605 0.355291 0.27284 0.0625935 0.148139 0.0745118 0.0182277 0.00807025 0.00258399 0.000469569 3.68934e-05 1.02478e-06 8.29134e-09 1.57787e-11 5.85213e-15 3.63537e-19 3.39537e-24
 2.05932e-41 2.8582e-33 4.79523e-26 9.72462e-20 2.38388e-14 7.06386e-10 2.53016e-06 0.00109547 0.0573326 0.362707 0.278635 0.0639087 0.139492 0.067045 0.0209327 0.00732034 0.00127685 0.000230765 1.97823e-05 5.1472e-07 3.32132e-09 4.5306e-12 1.14415e-15 4.78765e-20 3.05018e-25
 1.7848e-41 2.47718e-33 4.15598e-26 8.42825e-20 2.06609e-14 6.12219e-10 2.19287e-06 0.000949437 0.0496898 0.31436 0.242457 0.0793773 0.191419 0.0856454 0.0258196 0.00858807 0.00151122 0.000170095 1.13726e-05 2.88587e-07 1.65376e-09 1.78027e-12 3.2604e-16 9.44133e-21 4.07876e-26
 2.06573e-41 2.86709e-33 4.81014e-26 9.75488e-20 2.39129e-14 7.08584e-10 2.53803e-06 0.00109888 0.057511 0.363839 0.279928 0.0688614 0.132954 0.0598367 0.0262179 0.00825748 0.00135067 0.000137067 6.27658e-06 1.13032e-07 5.52872e-10 5.0359e-13 7.28435e-17 1.56788e-21 4.82644e-27
 1.90764e-41 2.64767e-33 4.44202e-26 9.00834e-20 2.20829e-14 6.54356e-10 2.3438e-06 0.00101478 0.0531097 0.336 0.259545 0.0843216 0.170571 0.0669434 0.0205385 0.00653775 0.0012916 0.000119882 4.54387e-06 5.66368e-08 1.87619e-10 1.30152e-13 1.50431e-17 2.54518e-22 5.95391e-28
 1.98277e-41 2.75195e-33 4.61697e-26 9.36312e-20 2.29526e-14 6.80127e-10 2.43611e-06 0.00105475 0.0552014 0.349235 0.269819 0.0833078 0.151299 0.0597179 0.0233358 0.00600197 0.00093088 9.0593e-05 3.19941e-06 3.13184e-08 7.21026e-11 3.32357e-14 2.68273e-18 3.36288e-23 5.98318e-29
 1.68545e-41 2.33929e-33 3.92465e-26 7.95911e-20 1.95108e-14 5.78141e-10 2.07081e-06 0.000896588 0.0469239 0.296881 0.231525 0.108233 0.205366 0.0750111 0.0269149 0.00706595 0.00109483 8.24176e-05 2.59076e-06 2.24085e-08 4.01058e-11 1.30765e-14 7.0996e-19 5.96801e-24 7.32558e-30
 1.54523e-41 2.14468e-33 3.59815e-26 7.29698e-20 1.78877e-14 5.30045e-10 1.89853e-06 0.000822 0.0430202 0.272196 0.213727 0.117776 0.212887 0.0866035 0.0415537 0.00988604 0.00142432 0.000100308 2.49955e-06 1.7312e-08 2.55182e-11 6.48622e-15 2.5687e-19 1.50348e-24 1.25286e-30
 1.79476e-41 2.491e-33 4.17917e-26 8.47528e-20 2.07761e-14 6.15635e-10 2.2051e-06 0.000954734 0.049967 0.316144 0.246938 0.105605 0.164736 0.0688535 0.0353804 0.0098136 0.00150906 9.36729e-05 2.00082e-06 1.08349e-08 1.20722e-11 2.3667e-15 7.21392e-20 3.16113e-25 1.90872e-31
 1.75464e-41 2.43532e-33 4.08575e-26 8.28582e-20 2.03117e-14 6.01873e-10 2.15581e-06 0.000933392 0.0488501 0.309096 0.243205 0.12162 0.178664 0.0628524 0.0260503 0.00740268 0.00124302 7.94343e-05 1.46804e-06 6.39588e-09 5.45483e-12 7.89352e-16 1.77018e-20 5.76268e-26 2.59238e-32
 1.768e-41 2.45387e-33 4.11687e-26 8.34894e-20 2.04664e-14 6.06458e-10 2.17223e-06 0.000940502 0.0492222 0.311466 0.246071 0.126482 0.171235 0.0625804 0.0254229 0.00566887 0.000853917 5.49516e-05 9.62519e-07 3.53221e-09 2.35033e-12 2.56098e-16 4.22046e-21 9.94641e-27 3.22821e-33
 1.72581e-41 2.39531e-33 4.01864e-26 8.14971e-20 1.99781e-14 5.91987e-10 2.1204e-06 0.00091806 0.0480477 0.304062 0.242234 0.138073 0.174289 0.0622334 0.0242562 0.00521122 0.000639005 3.40221e-05 5.37911e-07 1.73666e-09 9.49595e-13 8.01769e-17 9.88928e-22 1.71193e-27 4.03159e-34
 1.81477e-41 2.51878e-33 4.22578e-26 8.5698e-20 2.10079e-14 6.22501e-10 2.2297e-06 0.000965383 0.0505244 0.319748 0.254899 0.135458 0.154796 0.0570812 0.0216683 0.0043581 0.000478272 2.02934e-05 2.50632e-07 6.64645e-10 3.00157e-13 2.03585e-17 1.94856e-22 2.54223e-28 4.42137e-35
 1.78423e-41 2.47639e-33 4.15467e-26 8.42558e-20 2.06543e-14 6.12025e-10 2.19217e-06 0.000949136 0.0496742 0.314413 0.253323 0.14893 0.157678 0.0529816 0.0181685 0.00352144 0.000346107 1.22269e-05 1.15697e-07 2.29242e-10 7.92155e-14 4.18967e-18 3.12706e-23 3.14485e-29 4.15067e-36
 1.80453e-41 2.50456e-33 4.20192e-26 8.52142e-20 2.08893e-14 6.18987e-10 2.21711e-06 0.000959932 0.0502394 0.31803 0.257865 0.152909 0.149332 0.0514155 0.0162743 0.00272917 0.000236623 7.05064e-06 5.24502e-08 7.74647e-11 1.94764e-14 7.52492e-19 4.16244e-24 3.13794e-30 3.11852e-37
 1.79234e-41 2.48764e-33 4.17354e-26 8.46386e-20 2.07481e-14 6.14806e-10 2.20213e-06 0.000953448 0.0499002 0.315947 0.258921 0.16157 0.14618 0.0493689 0.0147135 0.00227513 0.000164325 3.99043e-06 2.35399e-08 2.64232e-11 4.88441e-15 1.36017e-19 5.38399e-25 2.91122e-31 2.08982e-38
 1.8165e-41 2.52118e-33 4.22981e-26 8.57797e-20 2.10279e-14 6.23094e-10 2.23182e-06 0.000966302 0.0505731 0.32027 0.264457 0.164746 0.137662 0.0464912 0.0128934 0.00182241 0.000113192 2.18642e-06 9.91549e-09 8.44289e-12 1.16233e-15 2.36649e-20 6.75273e-26 2.60793e-32 1.33067e-39
 1.76211e-41 2.44569e-33 4.10316e-26 8.32113e-20 2.03983e-14 6.04438e-10 2.165e-06 0.000937369 0.0490592 0.310812 0.261619 0.179277 0.139893 0.045268 0.0115634 0.00148881 7.9121e-05 1.23262e-06 4.26701e-09 2.69741e-12 2.73409e-16 4.07753e-21 8.46452e-27 2.36042e-33 8.63816e-41
 1.66404e-41 2.30958e-33 3.8748e-26 7.85802e-20 1.9263e-14 5.70798e-10 2.04451e-06 0.000885201 0.0463295 0.293706 0.253955 0.195403 0.146396 0.0499769 0.0119186 0.00136506 6.16353e-05 7.73432e-07 2.06069e-09 9.69788e-13 7.17189e-17 7.73682e-22 1.15882e-27 2.32922e-34 6.13462e-42
 1.66104e-41 2.30541e-33 3.8678e-26 7.84382e-20 1.92282e-14 5.69767e-10 2.04081e-06 0.000883602 0.0462463 0.293327 0.257104 0.197534 0.141004 0.0507548 0.0118434 0.00125195 4.74083e-05 4.74694e-07 9.73123e-10 3.42834e-13 1.86168e-17 1.45521e-22 1.56621e-28 2.25231e-35 4.23707e-43
 1.7063e-41 2.36823e-33 3.97319e-26 8.05755e-20 1.97521e-14 5.85292e-10 2.09642e-06 0.000907679 0.0475063 0.30127 0.26195 0.191709 0.136322 0.0479008 0.0112101 0.00118078 4.14339e-05 3.60064e-07 6.1989e-10 1.80612e-13 8.02591e-18 5.09196e-23 4.42024e-29 5.10246e-36 7.67791e-44
#spawning biomass
 8780.37 6627.97 7445.66 10969.5 14866.4 16038.9 16500.7 21476.7 32007.4 46233.3 55552 74698.3 99838.4 126785 129433 107925 98647.3 97979.7 91588.3 98619 98655.6 95715.1 105671 118505 121288 122087 128413 122252 128029 329286 466478 480630 443617 383178 318705 260571 212774 175692 148028 127955 113680 103678 96731.8 91913.5 88603.9 86396.7 84924.8 83943.3 83288.7 82852.1 82561 82366.9 82237.4 82151.1 82093.5 82055.1 82029.5 82012.4 82001 81993.4 81988.4 81985 81982.7 81981.2 81980.2 81979.6 81979.1 81978.8 81978.6 81978.5 81978.4 81978.4 81978.3 81978.3 81978.3 81978.3 81978.3 81978.3 81978.2 81978.2 81978.2 81978.2 81978.2 81978.2 81978.2 81978.2 81978.2 81978.2 81978.2 81978.2 81978.2 81978.2 81978.2 81978.2 81978.2 81978.2 81978.2 81978.2 81978.2 81978.2 81978.2 81978.2 81978.2 81978.2 81978.2 81978.2 81978.2 81978.2 81978.2 81978.2 81978.2 81978.2 81978.2 81978.2 81978.2 81978.2 81978.2 81978.2 81978.2 81978.2 81978.2 81978.2 81978.2 81978.2 81978.2 81978.2 81978.2 81978.2 81978.2 0 0 0 0 0 0 0 0 0 0 0 0 0 0 0 0 0 0 0 0 0 0 0 0 0
