SBPRF35
0.256306
Curr Bio
108320
B35
176418
F35
0.472321
FOFL
0.243624
OFL
21722.5
Bzero
73230.3
#pred survey bio
 35176.3 35517.5 38400.6 39567.1 42726.3 51621 53826.1 61273.5 67195.7 77957.4 72355.5 72541 80974.8 93894 102677 99626.2 114859 120940 133977 140434 151002 148748 169735 182459 172262 173054 176243 176014 5.69322e+06 3.52729e+06 2.5947e+06 1.81347e+06 1.32514e+06 1.05368e+06 910553 836273 797366 776440 764763 757981 753888 751338 749706 748640 747941 747478 747169 746961 746822 746728 746664 746622 746593 746573 746560 746551 746545 746541 746538 746536 746535 746534 746533 746533 746533 746533 746533 746532 746532 746532 746532 746532 746532 746532 746532 746532 746532 746532 746532 746532 746532 746532 746532 746532 746532 746532 746532 746532 746532 746532 746532 746532 746532 746532 746532 746532 746532 746532 746532 746532 746532 746532 746532 746532 746532 746532 746532 746532 746532 746532 746532 746532 746532 746532 746532 746532 746532 746532 746532 746532 746532 746532 746532 746532 746532 746532 746532 746532 0 0 0 0 0 0 0 0 0 0 0 0 0 0 0 0 0 0 0 0 0 0 0 0 0
#obs survey bio
 30860.6 47560.7 41808.6 58523.7 46534.3 62143.6 50759 89150.4 54032.8 89664.1 91992.2 47536.4 73420.8 98823.7 97156.1 86411 106644 117819 144053 109939 124620 147775 174288 170220 195313 186888 220910 166377
#pred catch bio
 19327.7 19769.5 22955.8 23832 23172.8 30247.9 29746.1 33261.1 36361 47941.2 42047.8 41911 45913.1 53425.2 61267 54552.1 67312.4 65057.8 75496.4 76998.7 90140.6 81088.5 94946.3 107429 95759.5 92980.7 92105.9 100637 21722.5 49758 35354.9 23267.8 16078.4 12328.1 10512 9672.07 9294.98 9128.97 9056.86 9025.81 9012.52 9006.86 9004.46 9003.44 9003 9002.82 9002.75 9002.71 9002.7 9002.69 9002.69 9002.69 9002.69 9002.69 9002.69 9002.69 9002.69 9002.69 9002.69 9002.69 9002.69 9002.69 9002.69 9002.69 9002.69 9002.69 9002.69 9002.69 9002.69 9002.69 9002.69 9002.69 9002.69 9002.69 9002.69 9002.69 9002.69 9002.69 9002.69 9002.69 9002.69 9002.69 9002.69 9002.69 9002.69 9002.69 9002.69 9002.69 9002.69 9002.69 9002.69 9002.69 9002.69 9002.69 9002.69 9002.69 9002.69 9002.69 9002.69 9002.69 9002.69 9002.69 9002.69 9002.69 9002.69 9002.69 9002.69 9002.69 9002.69 9002.69 9002.69 9002.69 9002.69 9002.69 9002.69 9002.69 9002.69 9002.69 9002.69 9002.69 9002.69 9002.69 9002.69 9002.69 9002.69 9002.69 9002.69 9002.69 0 0 0 0 0 0 0 0 0 0 0 0 0 0 0 0 0 0 0 0 0 0 0 0 0
#obs catch bio
 23153.1 18720.9 23539.6 23866.1 23099.4 28462.1 29845.1 30893.4 34888.8 46280.2 39798.6 43763.1 47472.9 55846 59409.5 54222 70705.6 63003.1 74883.5 76671.9 96368.2 79587.5 92359 112020 92192.6 93819.8 86596.2 101994
#pred cpue bio
 27523.8 24813.5 27028.3 27177.4 28888.5 35683.6 37428.7 42614.1 47820.9 54146 50794.1 51260.7 55151.7 64249.2 71549.9 70191.3 79670.9 83717.6 95540.6 99021.2 107337 103695 118702 128554 123358 124833 128586 130900 4.12644e+06 3.35857e+06 2.49394e+06 1.714e+06 1.22569e+06 954231 811103 736823 697916 676990 665313 658531 654438 651888 650256 649190 648491 648028 647719 647511 647372 647278 647215 647172 647143 647123 647110 647101 647095 647091 647088 647086 647085 647084 647084 647083 647083 647083 647083 647083 647082 647082 647082 647082 647082 647082 647082 647082 647082 647082 647082 647082 647082 647082 647082 647082 647082 647082 647082 647082 647082 647082 647082 647082 647082 647082 647082 647082 647082 647082 647082 647082 647082 647082 647082 647082 647082 647082 647082 647082 647082 647082 647082 647082 647082 647082 647082 647082 647082 647082 647082 647082 647082 647082 647082 647082 647082 647082 647082 647082 0 0 0 0 0 0 0 0 0 0 0 0 0 0 0 0 0 0 0 0 0 0 0 0 0
#obs cpue bio
 22697.2 29309.2 19125.9 19653.3 25181.8 44484.2 33214.5 48315.9 60510.8 59391.2 47494 54264 54244.9 51012.5 105182 68830.6 73234.3 102885 94368.7 118445 94310.7 128601 128010 109510 140205 104775 147593 117040
#pred surv len freq
 3.87634e-11 1.82324e-09 5.93819e-08 1.33921e-06 2.09137e-05 0.000226152 0.00169341 0.00878073 0.0315335 0.0784788 0.135675 0.164461 0.144755 0.103451 0.0746301 0.0604297 0.0485741 0.0365983 0.0274062 0.0212791 0.0172997 0.0148295 0.0128742 0.0102513 0.00675074
 4.30146e-11 2.0232e-09 6.58944e-08 1.48608e-06 2.32073e-05 0.000250954 0.00187912 0.00974372 0.0349918 0.0870857 0.150554 0.182492 0.160578 0.114476 0.0814707 0.063106 0.0456373 0.0279565 0.0154675 0.00881067 0.00553935 0.00383894 0.00282535 0.00201963 0.00125174
 4.15157e-11 1.9527e-09 6.35982e-08 1.4343e-06 2.23986e-05 0.00024221 0.00181365 0.00940438 0.0337751 0.0840771 0.145486 0.176978 0.157755 0.116792 0.0885776 0.0718121 0.0523403 0.0311714 0.0157917 0.00743327 0.00342195 0.00159979 0.000812589 0.000449485 0.000241118
 4.29396e-11 2.01968e-09 6.57795e-08 1.48349e-06 2.31669e-05 0.000250517 0.00187585 0.00972681 0.0349318 0.0869431 0.150355 0.182473 0.161279 0.116509 0.0848491 0.0668385 0.0483786 0.0289922 0.0148406 0.00694168 0.00299807 0.00116878 0.000419635 0.00014892 5.48231e-05
 4.37118e-11 2.05599e-09 6.69624e-08 1.51017e-06 2.35835e-05 0.000255022 0.00190958 0.00990167 0.0355592 0.0884998 0.153012 0.185534 0.163453 0.116929 0.0836351 0.0647509 0.046157 0.0270463 0.0133729 0.0060272 0.00253486 0.000960369 0.000318883 9.27505e-05 2.40954e-05
 4.24794e-11 1.99803e-09 6.50745e-08 1.46759e-06 2.29186e-05 0.000247832 0.00185575 0.00962261 0.034558 0.0860178 0.148788 0.180728 0.160243 0.116831 0.0864071 0.0688017 0.0498641 0.029696 0.0149977 0.00688036 0.00289548 0.00107682 0.000345945 9.54621e-05 2.24098e-05
 4.21248e-11 1.98135e-09 6.45312e-08 1.45534e-06 2.27272e-05 0.000245763 0.00184026 0.00954229 0.0342699 0.0853039 0.147575 0.179357 0.159355 0.116881 0.0873104 0.0700347 0.0508923 0.0303295 0.0153396 0.0070726 0.00300596 0.00113141 0.000366197 0.000100535 2.3041e-05
 4.22423e-11 1.98687e-09 6.47112e-08 1.4594e-06 2.27906e-05 0.000246448 0.00184539 0.00956889 0.0343652 0.0855381 0.147961 0.179737 0.15941 0.116336 0.0862467 0.0689833 0.0504479 0.0306059 0.0159521 0.00760336 0.00331008 0.00126376 0.000413315 0.00011456 2.64366e-05
 4.08039e-11 1.91922e-09 6.25078e-08 1.40971e-06 2.20146e-05 0.000238057 0.00178256 0.00924319 0.0331968 0.0826425 0.143038 0.174163 0.155774 0.116461 0.0898089 0.0739259 0.0546696 0.0333103 0.0174519 0.00841047 0.00373233 0.00146259 0.000492033 0.000139759 3.28373e-05
 4.25052e-11 1.99924e-09 6.5114e-08 1.46848e-06 2.29325e-05 0.000247982 0.00185687 0.0096284 0.0345784 0.0860644 0.14884 0.180657 0.159753 0.115602 0.0845553 0.0671729 0.0494543 0.0306738 0.0166139 0.00829512 0.00377578 0.00150552 0.000515175 0.000149394 3.59389e-05
 4.14684e-11 1.95048e-09 6.35257e-08 1.43266e-06 2.23731e-05 0.000241934 0.00181159 0.00939368 0.0337369 0.0839843 0.145341 0.17687 0.15788 0.11734 0.0895033 0.0727224 0.0527832 0.031063 0.0154112 0.00704086 0.00305716 0.00121503 0.000423564 0.000125666 3.08705e-05
 4.12145e-11 1.93853e-09 6.31368e-08 1.42389e-06 2.22361e-05 0.000240453 0.0018005 0.00933617 0.0335304 0.0834696 0.144447 0.175772 0.15687 0.116557 0.0889945 0.072723 0.0535839 0.0325153 0.0168715 0.00796742 0.00342602 0.00129571 0.000425452 0.000121129 2.93658e-05
 4.35124e-11 2.04662e-09 6.6657e-08 1.50328e-06 2.34759e-05 0.000253858 0.00190087 0.0098565 0.0353969 0.0880946 0.152304 0.18464 0.162557 0.116082 0.0828782 0.0643859 0.0465772 0.0282253 0.014778 0.00711733 0.00314879 0.00122604 0.000408858 0.00011528 2.70842e-05
 4.30649e-11 2.02557e-09 6.59714e-08 1.48782e-06 2.32344e-05 0.000251247 0.00188132 0.00975518 0.0350337 0.087197 0.150795 0.183013 0.161774 0.116888 0.0850949 0.0668521 0.0480308 0.0283458 0.0141784 0.00650389 0.00279663 0.00108562 0.000367237 0.000105739 2.5272e-05
 4.1982e-11 1.97463e-09 6.43126e-08 1.45041e-06 2.26502e-05 0.00024493 0.00183402 0.00950998 0.034154 0.0850168 0.147088 0.17881 0.159017 0.116943 0.0877392 0.0705976 0.051343 0.0305725 0.0154208 0.00707551 0.00299087 0.00112399 0.000367056 0.000103187 2.44948e-05
 4.13127e-11 1.94315e-09 6.32872e-08 1.42728e-06 2.22891e-05 0.000241025 0.00180478 0.00935841 0.0336103 0.083669 0.144795 0.176209 0.157302 0.116952 0.0893294 0.0728502 0.0533225 0.0319058 0.0162035 0.00749989 0.00319463 0.00120386 0.000390648 0.000107915 2.49885e-05
 4.24998e-11 1.99899e-09 6.51057e-08 1.4683e-06 2.29295e-05 0.000247951 0.00185664 0.00962719 0.0345742 0.0860548 0.14883 0.180678 0.159875 0.115905 0.0850158 0.0675954 0.0496011 0.0304869 0.0162418 0.00792554 0.00350901 0.00135283 0.000444985 0.000123818 2.86747e-05
 4.24213e-11 1.99529e-09 6.49854e-08 1.46558e-06 2.28872e-05 0.000247493 0.00185321 0.00960943 0.0345108 0.0859007 0.148589 0.180502 0.160093 0.116825 0.0865171 0.0689183 0.0498947 0.0296644 0.0150151 0.00700318 0.00306468 0.00120734 0.000412008 0.000118712 2.81875e-05
 4.06528e-11 1.91212e-09 6.22764e-08 1.40449e-06 2.19331e-05 0.000237176 0.00177596 0.00920898 0.033074 0.0823384 0.142522 0.173582 0.155408 0.116511 0.0902471 0.0745304 0.0551985 0.0336419 0.017582 0.00839977 0.00366899 0.00141255 0.000470757 0.000134688 3.23877e-05
 4.1514e-11 1.95262e-09 6.35956e-08 1.43424e-06 2.23977e-05 0.0002422 0.00181358 0.00940397 0.0337734 0.08407 0.145455 0.176848 0.157351 0.115918 0.0873495 0.0708841 0.0524597 0.0323842 0.0173594 0.00857016 0.00386564 0.00152794 0.00051708 0.000148065 3.52753e-05
 4.09586e-11 1.9265e-09 6.27448e-08 1.41505e-06 2.20981e-05 0.00023896 0.00178932 0.00927821 0.0333223 0.0829527 0.14356 0.174724 0.156039 0.116168 0.0890097 0.0730137 0.0540819 0.0331883 0.0176344 0.00867469 0.00394819 0.0015948 0.000555556 0.00016368 3.98491e-05
 4.21042e-11 1.98038e-09 6.44997e-08 1.45463e-06 2.27161e-05 0.000245643 0.00183936 0.00953763 0.0342531 0.0852605 0.147491 0.179211 0.159087 0.116403 0.0866547 0.0694734 0.0507613 0.0306969 0.0159633 0.00766189 0.00341932 0.00136577 0.000475163 0.000141342 3.50486e-05
 4.19359e-11 1.97246e-09 6.42418e-08 1.44881e-06 2.26253e-05 0.000244661 0.00183201 0.0094995 0.0341162 0.0849209 0.14691 0.178538 0.158596 0.116275 0.0868724 0.0699056 0.0512816 0.0312055 0.0163609 0.00788936 0.00350398 0.00138019 0.000471732 0.000138252 3.40317e-05
 4.14443e-11 1.94934e-09 6.34887e-08 1.43183e-06 2.23601e-05 0.000241793 0.00181053 0.00938819 0.0337169 0.0839317 0.145231 0.176649 0.157408 0.116437 0.0882631 0.0717418 0.0527515 0.0320253 0.0167147 0.00803295 0.00356865 0.00140846 0.000481081 0.000140104 3.41037e-05
 4.03339e-11 1.89711e-09 6.17878e-08 1.39347e-06 2.1761e-05 0.000235315 0.00176203 0.00913676 0.032815 0.0816973 0.141437 0.172378 0.154704 0.116764 0.091355 0.0758703 0.0561198 0.0339703 0.0175818 0.00835995 0.00367934 0.00144229 0.000490495 0.0001425 3.46144e-05
 4.00626e-11 1.88435e-09 6.13722e-08 1.3841e-06 2.16146e-05 0.000233732 0.00175018 0.0090753 0.0325942 0.0811469 0.14048 0.17119 0.153576 0.115814 0.0906239 0.0756426 0.0567754 0.0354336 0.0192268 0.00958179 0.00433373 0.00171121 0.000579973 0.000167405 4.04254e-05
 3.93915e-11 1.85279e-09 6.03441e-08 1.36091e-06 2.12526e-05 0.000229817 0.00172086 0.00892332 0.0320489 0.0797939 0.13817 0.16853 0.151686 0.115443 0.0916471 0.0773623 0.0585365 0.0369557 0.0204654 0.0105124 0.00493828 0.00203351 0.000716294 0.000212323 5.19059e-05
 3.81455e-11 1.79418e-09 5.84353e-08 1.31786e-06 2.05803e-05 0.000222547 0.00166643 0.00864115 0.0310364 0.0772825 0.133886 0.16361 0.148242 0.1149 0.0937857 0.0808324 0.0620251 0.0398447 0.0226208 0.011945 0.00576208 0.0024418 0.000889872 0.000273888 6.94398e-05
#obs surv len freq
 4.29636e-11 2.0208e-09 6.58162e-08 1.48432e-06 2.31798e-05 0.000250657 0.0018769 0.0097322 0.034951 0.0869876 0.150411 0.182444 0.160945 0.115633 0.083512 0.0656415 0.0480362 0.0296457 0.0159865 0.00798966 0.00368068 0.00150627 0.000537081 0.000164749 4.25316e-05
 4.04904e-11 1.90447e-09 6.20275e-08 1.39888e-06 2.18455e-05 0.000236228 0.00176887 0.00917221 0.0329424 0.0820138 0.141982 0.173029 0.155243 0.117064 0.0914129 0.0756839 0.0556623 0.03332 0.0169567 0.00794636 0.00349181 0.00138701 0.000483089 0.00014473 3.6461e-05
 4.21521e-11 1.98263e-09 6.4573e-08 1.45628e-06 2.2742e-05 0.000245922 0.00184145 0.00954845 0.0342919 0.085355 0.147642 0.179339 0.159023 0.115996 0.0859717 0.0688887 0.0506798 0.031131 0.0165303 0.00801576 0.00352065 0.00135025 0.000446684 0.000127404 3.08838e-05
 4.21125e-11 1.98077e-09 6.45123e-08 1.45492e-06 2.27206e-05 0.000245691 0.00183972 0.0095395 0.03426 0.085278 0.147525 0.179272 0.159205 0.116617 0.0869483 0.0697203 0.0508091 0.0305228 0.0156872 0.00741419 0.00325023 0.00126719 0.000425504 0.000120902 2.85663e-05
 4.44175e-11 2.08919e-09 6.80434e-08 1.53455e-06 2.39642e-05 0.000259139 0.00194041 0.0100614 0.0361324 0.089918 0.15541 0.188186 0.164968 0.116274 0.0810276 0.0616031 0.0439689 0.0262658 0.0134525 0.0063 0.00271314 0.00103464 0.000341349 9.63341e-05 2.27906e-05
 4.06554e-11 1.91223e-09 6.22802e-08 1.40458e-06 2.19345e-05 0.000237191 0.00177607 0.00920958 0.0330767 0.082348 0.142562 0.173737 0.155885 0.117549 0.0917393 0.0757706 0.0553674 0.0326548 0.0161496 0.00725446 0.00302967 0.00113456 0.00036901 0.000102523 2.38727e-05
 4.33145e-11 2.03731e-09 6.63537e-08 1.49644e-06 2.33691e-05 0.000252704 0.00189223 0.00981168 0.0352363 0.0876963 0.151627 0.183875 0.162063 0.116119 0.0834149 0.0651599 0.0472997 0.0287295 0.0150141 0.00712769 0.00305029 0.00113046 0.000357002 9.60734e-05 2.17998e-05
 4.06954e-11 1.91412e-09 6.23415e-08 1.40596e-06 2.19561e-05 0.000237424 0.00177782 0.00921862 0.0331089 0.0824261 0.142682 0.173814 0.155731 0.116981 0.0908197 0.0749311 0.05511 0.0330704 0.0168788 0.00789149 0.0034139 0.001309 0.000429826 0.000118542 2.69522e-05
 4.25842e-11 2.00296e-09 6.52349e-08 1.47121e-06 2.29751e-05 0.000248443 0.00186032 0.00964628 0.0346427 0.0862228 0.149106 0.180945 0.159894 0.115469 0.084191 0.0667982 0.0492956 0.0307498 0.01675 0.00834209 0.00373231 0.00144265 0.000475017 0.000132588 3.08225e-05
 4.34868e-11 2.04541e-09 6.66176e-08 1.5024e-06 2.34621e-05 0.000253709 0.00189975 0.00985071 0.0353765 0.0880462 0.152238 0.184642 0.162821 0.116806 0.0839767 0.0653169 0.046724 0.0275309 0.0137799 0.00635594 0.00276494 0.00108821 0.000371435 0.000106907 2.53291e-05
 3.92825e-11 1.84766e-09 6.01771e-08 1.35715e-06 2.11938e-05 0.000229181 0.0017161 0.00889869 0.0319613 0.079583 0.137855 0.168381 0.152301 0.117421 0.0947992 0.0802543 0.0594792 0.0356037 0.0179687 0.00822219 0.00345404 0.00128746 0.000417557 0.000117032 2.77768e-05
 4.31898e-11 2.03144e-09 6.61626e-08 1.49213e-06 2.33018e-05 0.000251976 0.00188678 0.00978341 0.0351346 0.0874421 0.15118 0.183296 0.161437 0.115444 0.0827312 0.0647505 0.0475238 0.0295888 0.0160876 0.00797762 0.00353674 0.00134513 0.00043273 0.000117761 2.68788e-05
 4.17681e-11 1.96457e-09 6.39848e-08 1.44302e-06 2.25348e-05 0.000243682 0.00182468 0.00946153 0.0339804 0.0845862 0.146356 0.177984 0.158485 0.116978 0.0882756 0.0712867 0.051845 0.0308218 0.0155752 0.00725885 0.00318081 0.00125456 0.000426736 0.000121675 2.84034e-05
 4.20608e-11 1.97834e-09 6.44331e-08 1.45313e-06 2.26927e-05 0.00024539 0.00183746 0.00952779 0.0342179 0.0851725 0.147338 0.179026 0.158927 0.116299 0.0866264 0.069566 0.0510134 0.0310387 0.0162222 0.00773029 0.00335009 0.00127333 0.000418077 0.000117991 2.80418e-05
 4.25619e-11 2.00191e-09 6.52007e-08 1.47044e-06 2.29631e-05 0.000248313 0.00185935 0.00964126 0.034625 0.0861826 0.149062 0.18101 0.160329 0.116551 0.0857991 0.0681506 0.0494976 0.0297161 0.0152606 0.00718503 0.00312193 0.00120095 0.000397128 0.000111236 2.59557e-05
 3.94568e-11 1.85586e-09 6.04441e-08 1.36317e-06 2.12878e-05 0.000230198 0.00172372 0.00893815 0.0321025 0.0799302 0.138426 0.168936 0.152351 0.116544 0.0931131 0.0785823 0.0587535 0.0360243 0.0189605 0.00912714 0.00400674 0.00154185 0.000509241 0.000142966 3.34945e-05
 4.4493e-11 2.09274e-09 6.81591e-08 1.53716e-06 2.40049e-05 0.000259579 0.00194371 0.0100785 0.0361934 0.0900668 0.155646 0.188375 0.164822 0.115524 0.0797617 0.0604248 0.043573 0.0267789 0.0143876 0.00711439 0.00320002 0.00125597 0.000421024 0.000119247 2.80398e-05
 3.88809e-11 1.82877e-09 5.95619e-08 1.34327e-06 2.09771e-05 0.000226838 0.00169856 0.00880778 0.0316353 0.0787766 0.136495 0.166892 0.151501 0.117925 0.0964528 0.0821298 0.0606023 0.0357667 0.0176839 0.00800636 0.0034252 0.00133468 0.000454752 0.000131719 3.15881e-05
 4.19849e-11 1.97477e-09 6.43168e-08 1.45051e-06 2.26517e-05 0.000244947 0.00183414 0.00951055 0.0341556 0.0850144 0.147043 0.178564 0.15819 0.115109 0.0850959 0.0684232 0.0511065 0.0324004 0.0179942 0.00906357 0.00403328 0.00153036 0.000494181 0.000137059 3.22967e-05
 4.07465e-11 1.91652e-09 6.24198e-08 1.40772e-06 2.19836e-05 0.000237722 0.00178005 0.00923018 0.0331503 0.0825275 0.142846 0.173963 0.155703 0.116626 0.090165 0.0742529 0.0547437 0.0331374 0.0172475 0.00834196 0.00377934 0.00152779 0.000528202 0.00015209 3.57812e-05
 4.01287e-11 1.88746e-09 6.14733e-08 1.38638e-06 2.16503e-05 0.000234117 0.00175306 0.00909025 0.032648 0.0812798 0.140705 0.171443 0.153735 0.11579 0.0904374 0.0754047 0.0565972 0.0353422 0.0191795 0.00954346 0.00430496 0.00169938 0.000579434 0.000169205 4.12821e-05
 4.3276e-11 2.0355e-09 6.62948e-08 1.49511e-06 2.33484e-05 0.000252479 0.00189054 0.00980295 0.0352048 0.0876165 0.15148 0.183655 0.161733 0.115603 0.0827327 0.0645622 0.0471179 0.0290679 0.0156829 0.00783744 0.00359654 0.00145244 0.000503287 0.000147443 3.58503e-05
 4.01849e-11 1.89011e-09 6.15595e-08 1.38832e-06 2.16806e-05 0.000234446 0.00175552 0.00910303 0.0326943 0.0813987 0.140937 0.171846 0.154474 0.117097 0.0921812 0.076748 0.0565718 0.033901 0.0172721 0.00810579 0.00356662 0.00141697 0.000491886 0.000145825 3.59659e-05
 4.21731e-11 1.98362e-09 6.46051e-08 1.45701e-06 2.27533e-05 0.000246044 0.00184237 0.0095532 0.0343089 0.0853969 0.147711 0.179407 0.159035 0.115903 0.0857877 0.0687056 0.0506004 0.0311758 0.0166338 0.00810651 0.00357324 0.00137336 0.000454867 0.00012971 3.13451e-05
 3.7705e-11 1.77346e-09 5.77605e-08 1.30265e-06 2.03427e-05 0.000219978 0.00164719 0.00854146 0.0306794 0.0764023 0.132423 0.162111 0.147805 0.116436 0.0970715 0.0842723 0.0638194 0.0395335 0.0211408 0.0104231 0.00471509 0.00187421 0.000637092 0.000182482 4.33225e-05
 4.18225e-11 1.96713e-09 6.40681e-08 1.4449e-06 2.25642e-05 0.000243999 0.00182705 0.00947377 0.0340235 0.0846849 0.146469 0.177848 0.157497 0.114495 0.0845618 0.0681146 0.0512592 0.033064 0.0189396 0.00997159 0.00469586 0.0019071 0.000660091 0.000193147 4.68323e-05
 3.65773e-11 1.72042e-09 5.6033e-08 1.26369e-06 1.97343e-05 0.000213399 0.00159793 0.00828608 0.029763 0.0741296 0.128547 0.157664 0.144703 0.115973 0.0990199 0.0873441 0.0667816 0.0419036 0.0229693 0.0118015 0.00565318 0.00240926 0.000881773 0.000270181 6.76922e-05
 4.00268e-11 1.88267e-09 6.13173e-08 1.38286e-06 2.15954e-05 0.000233523 0.00174861 0.00906713 0.0325644 0.0810665 0.140301 0.170784 0.152619 0.113903 0.0879255 0.073371 0.0563711 0.0371024 0.0218013 0.0117919 0.00570929 0.00240216 0.000873094 0.000271551 7.03599e-05
#pred catch len freq
 3.20489e-11 1.50743e-09 4.90959e-08 1.10724e-06 1.72911e-05 0.000186979 0.0014001 0.00726017 0.0260771 0.064942 0.112564 0.137824 0.125775 0.0995226 0.0843551 0.0765562 0.064275 0.04914 0.0370423 0.0288546 0.0234873 0.0201403 0.017486 0.0139236 0.00916912
 3.75067e-11 1.76414e-09 5.74568e-08 1.29579e-06 2.02357e-05 0.000218821 0.00163853 0.00849651 0.0305174 0.0759952 0.13169 0.161085 0.146456 0.114502 0.0943923 0.0812366 0.0611818 0.0379787 0.0211518 0.0121063 0.0076309 0.00529297 0.00389622 0.00278521 0.00172625
 3.62184e-11 1.70354e-09 5.54832e-08 1.25128e-06 1.95406e-05 0.000211305 0.00158226 0.00820485 0.029472 0.0734137 0.127365 0.156491 0.144505 0.117568 0.102175 0.0904819 0.068105 0.0409816 0.0208698 0.00986391 0.00455327 0.00213139 0.00108307 0.000599166 0.000321418
 3.80157e-11 1.78808e-09 5.82365e-08 1.31338e-06 2.05103e-05 0.00022179 0.00166076 0.00861183 0.0309319 0.0770312 0.13351 0.163427 0.148955 0.117215 0.097479 0.0842209 0.0631279 0.0382562 0.0196865 0.00924392 0.00400222 0.00156206 0.000561093 0.000199153 7.33196e-05
 3.83094e-11 1.80189e-09 5.86864e-08 1.32353e-06 2.06688e-05 0.000223504 0.0016736 0.00867837 0.0311709 0.0776257 0.134537 0.164667 0.150026 0.117911 0.0977902 0.0840706 0.062375 0.0370187 0.0184144 0.00833789 0.00351763 0.00133473 0.000443447 0.000129008 3.3517e-05
 3.72624e-11 1.75264e-09 5.70825e-08 1.28735e-06 2.01039e-05 0.000217395 0.00162786 0.00844126 0.0303202 0.0755162 0.130943 0.160561 0.147223 0.117663 0.0999122 0.0873301 0.0655276 0.0394602 0.0200366 0.00922945 0.00389439 0.00145017 0.000466125 0.000128649 3.02027e-05
 3.64416e-11 1.71404e-09 5.58251e-08 1.25899e-06 1.9661e-05 0.000212607 0.00159201 0.0082554 0.0296534 0.073864 0.128135 0.157386 0.145168 0.117779 0.102008 0.0902017 0.0679408 0.0409603 0.0208363 0.00964994 0.00411337 0.00155039 0.000502078 0.000137867 3.15991e-05
 3.64656e-11 1.71517e-09 5.58618e-08 1.25982e-06 1.9674e-05 0.000212747 0.00159305 0.00826081 0.0296726 0.0739091 0.128196 0.157377 0.144899 0.117051 0.1009 0.0892431 0.0677423 0.0415987 0.0218131 0.0104433 0.00455903 0.00174284 0.000570284 0.000158097 3.6486e-05
 3.46916e-11 1.63173e-09 5.31443e-08 1.19854e-06 1.87169e-05 0.000202398 0.00151556 0.00785912 0.0282316 0.0703377 0.122124 0.1505 0.140406 0.117186 0.105263 0.0953095 0.0729353 0.0449419 0.0236862 0.0114668 0.00510297 0.00200229 0.000673921 0.000191457 4.49869e-05
 3.76157e-11 1.76926e-09 5.76238e-08 1.29956e-06 2.02945e-05 0.000219457 0.00164329 0.00852122 0.0306065 0.0762205 0.132104 0.161701 0.147373 0.115989 0.0966396 0.0840441 0.0640269 0.0401534 0.0218627 0.0109547 0.0049967 0.00199417 0.000682622 0.000197976 4.76285e-05
 3.59765e-11 1.69216e-09 5.51126e-08 1.24293e-06 1.94101e-05 0.000209894 0.00157169 0.00815011 0.0292759 0.0729299 0.126559 0.155656 0.144226 0.118328 0.103873 0.0923303 0.0692305 0.0411688 0.0205335 0.00942157 0.00410288 0.0016329 0.000569527 0.000168999 4.15179e-05
 3.56155e-11 1.67519e-09 5.45597e-08 1.23046e-06 1.92154e-05 0.000207788 0.00155592 0.00806834 0.0289822 0.0721985 0.125291 0.154104 0.142818 0.117276 0.103238 0.0924 0.0703659 0.0431589 0.0225167 0.010677 0.00460301 0.00174297 0.000572586 0.000163048 3.95312e-05
 3.83133e-11 1.80207e-09 5.86924e-08 1.32366e-06 2.06709e-05 0.000223526 0.00167376 0.0086792 0.0311735 0.0776282 0.134514 0.164513 0.149488 0.116703 0.0960312 0.0825828 0.0621194 0.03812 0.0200773 0.00971006 0.00430681 0.00167889 0.000560119 0.000157954 3.71125e-05
 3.77919e-11 1.77755e-09 5.78937e-08 1.30565e-06 2.03896e-05 0.000220485 0.00165099 0.00856118 0.0307505 0.0765832 0.132761 0.162638 0.148641 0.117786 0.0988222 0.0856289 0.0638349 0.0381195 0.0191755 0.00883438 0.00380967 0.0014809 0.000501207 0.000144338 3.44995e-05
 3.67818e-11 1.73004e-09 5.63463e-08 1.27075e-06 1.98446e-05 0.000214592 0.00160687 0.00833245 0.0299298 0.0745491 0.129301 0.158709 0.146043 0.117781 0.101212 0.089073 0.0669508 0.0402894 0.0204277 0.00941015 0.00398815 0.00150066 0.000490306 0.00013786 3.27276e-05
 3.53912e-11 1.66463e-09 5.42159e-08 1.2227e-06 1.90943e-05 0.000206479 0.00154612 0.00801754 0.0288001 0.0717492 0.12454 0.153313 0.142508 0.117861 0.104604 0.0938305 0.0710827 0.04301 0.0219691 0.0102146 0.00436385 0.0016468 0.000534671 0.000147731 3.42107e-05
 3.72701e-11 1.75301e-09 5.70944e-08 1.28762e-06 2.01081e-05 0.000217441 0.0016282 0.00844298 0.0303259 0.0755265 0.130933 0.160417 0.146679 0.11642 0.0980908 0.0857763 0.0652325 0.040561 0.0217296 0.0106449 0.004724 0.00182318 0.000599942 0.00016696 3.86684e-05
 3.66412e-11 1.72343e-09 5.61309e-08 1.26589e-06 1.97687e-05 0.000213771 0.00160073 0.0083006 0.0298156 0.0742658 0.128818 0.158157 0.145664 0.117737 0.101457 0.0894057 0.0671924 0.0404329 0.0205897 0.00964838 0.0042352 0.00167085 0.000570485 0.000164404 3.90392e-05
 3.4769e-11 1.63537e-09 5.32629e-08 1.20121e-06 1.87587e-05 0.000202849 0.00151894 0.00787664 0.0282944 0.0704936 0.12239 0.150805 0.14062 0.117221 0.105145 0.0951426 0.0728088 0.0448533 0.0235735 0.0113103 0.00495349 0.00190945 0.000636662 0.000182187 4.38125e-05
 3.56244e-11 1.6756e-09 5.45733e-08 1.23076e-06 1.92202e-05 0.00020784 0.00155631 0.00807032 0.028989 0.0722128 0.125297 0.154024 0.14247 0.116455 0.102007 0.0912927 0.0700289 0.0437413 0.0235885 0.011696 0.00528923 0.00209305 0.000708635 0.000202948 4.8354e-05
 3.55288e-11 1.67111e-09 5.44269e-08 1.22746e-06 1.91686e-05 0.000207282 0.00155213 0.00804868 0.0289115 0.0720215 0.124978 0.153691 0.14235 0.116728 0.102615 0.0918962 0.070268 0.0435708 0.0232745 0.011494 0.00524374 0.00212035 0.000738922 0.000217734 5.30116e-05
 3.63213e-11 1.70838e-09 5.56409e-08 1.25484e-06 1.95962e-05 0.000211905 0.00158675 0.00822815 0.0295555 0.0736191 0.127704 0.156829 0.14457 0.117137 0.101344 0.0897556 0.0680363 0.0416379 0.0217836 0.0105027 0.00470032 0.00187985 0.000654331 0.00019467 4.82751e-05
 3.62739e-11 1.70615e-09 5.55682e-08 1.2532e-06 1.95706e-05 0.000211629 0.00158468 0.0082174 0.0295168 0.0735227 0.127536 0.156617 0.144358 0.116939 0.101178 0.0897065 0.0682019 0.0419866 0.0221422 0.0107232 0.00477522 0.00188321 0.000643951 0.000188756 4.64664e-05
 3.6022e-11 1.6943e-09 5.51823e-08 1.2445e-06 1.94347e-05 0.000210159 0.00157368 0.00816037 0.0293123 0.0730162 0.126678 0.155661 0.143787 0.117107 0.102012 0.0907425 0.0689555 0.0423118 0.0222029 0.0107136 0.00477143 0.00188533 0.000644239 0.000187649 4.56795e-05
 3.4302e-11 1.6134e-09 5.25474e-08 1.18508e-06 1.85067e-05 0.000200124 0.00149854 0.0077709 0.0279152 0.0695547 0.1208 0.149038 0.139577 0.117563 0.106728 0.0970751 0.0741608 0.0453689 0.0236146 0.0112784 0.00497781 0.00195384 0.000664793 0.000193172 4.69259e-05
 3.37478e-11 1.58733e-09 5.16984e-08 1.16593e-06 1.82077e-05 0.000196891 0.00147433 0.00764536 0.0274644 0.0684332 0.118864 0.146704 0.137574 0.116288 0.106195 0.0974073 0.0756052 0.0477165 0.0260481 0.0130385 0.00591254 0.00233735 0.000792541 0.000228799 5.52545e-05
 3.27802e-11 1.54182e-09 5.02162e-08 1.1325e-06 1.76856e-05 0.000191246 0.00143207 0.00742624 0.0266781 0.0664827 0.115535 0.142871 0.13486 0.115774 0.107703 0.0999191 0.0781597 0.0499028 0.0278082 0.0143491 0.00675812 0.00278602 0.000981772 0.000291059 7.11582e-05
 3.1887e-11 1.49981e-09 4.8848e-08 1.10164e-06 1.72038e-05 0.000186036 0.00139305 0.00722397 0.0259522 0.0646809 0.112453 0.139293 0.132222 0.11501 0.108686 0.101922 0.080531 0.0522526 0.0298319 0.0158155 0.00764608 0.00324322 0.00118234 0.000363948 9.22772e-05
#obs catch len freq
 3.36886e-11 1.58455e-09 5.16077e-08 1.16388e-06 1.81757e-05 0.000196546 0.00147175 0.00763194 0.0274163 0.0683129 0.118654 0.146439 0.137309 0.11603 0.105926 0.0971567 0.0754585 0.0477605 0.0263194 0.0134773 0.00636999 0.0026786 0.000981882 0.000308809 8.13435e-05
 3.80783e-11 1.79102e-09 5.83323e-08 1.31554e-06 2.05441e-05 0.000222155 0.0016635 0.00862596 0.0309824 0.0771519 0.133688 0.163499 0.148558 0.115982 0.0955272 0.0824399 0.0625651 0.0391245 0.0212684 0.0106979 0.00494858 0.00202949 0.000724452 0.000222368 5.74279e-05
 3.5324e-11 1.66147e-09 5.41129e-08 1.22038e-06 1.90581e-05 0.000206087 0.00154319 0.00800232 0.0287456 0.0716136 0.124307 0.153044 0.142308 0.117795 0.104645 0.0938938 0.0711063 0.0430205 0.022051 0.0104016 0.00459183 0.00182846 0.000637633 0.000191159 4.8176e-05
 3.72394e-11 1.75156e-09 5.70473e-08 1.28656e-06 2.00915e-05 0.000217262 0.00162686 0.00843602 0.0303011 0.0754647 0.130828 0.1603 0.146608 0.116438 0.0981944 0.0859213 0.0653647 0.0406423 0.0217442 0.0106089 0.00467827 0.00179807 0.000595523 0.000169976 4.12215e-05
 3.72355e-11 1.75138e-09 5.70412e-08 1.28642e-06 2.00894e-05 0.000217239 0.00162668 0.00843516 0.0302983 0.0754604 0.130839 0.1604 0.146971 0.117255 0.0993666 0.0868538 0.0653905 0.0397427 0.0205763 0.00978719 0.00430928 0.00168398 0.000566122 0.000160962 3.80465e-05
 3.97948e-11 1.87176e-09 6.09619e-08 1.37484e-06 2.14702e-05 0.00023217 0.00173848 0.00901469 0.0323773 0.0806123 0.139594 0.170299 0.153376 0.116889 0.0928158 0.0778667 0.0578138 0.0350187 0.0180802 0.00852384 0.00368755 0.00140967 0.000465673 0.000131517 3.11277e-05
 3.57212e-11 1.68015e-09 5.47215e-08 1.23411e-06 1.92724e-05 0.000208404 0.00156054 0.00809229 0.0290686 0.0724161 0.125686 0.154673 0.143603 0.118406 0.104612 0.0933715 0.0701792 0.0418072 0.0208123 0.00940673 0.00394635 0.00148154 0.000482473 0.00013414 3.12477e-05
 3.83324e-11 1.80297e-09 5.87215e-08 1.32432e-06 2.06812e-05 0.000223638 0.0016746 0.00868352 0.0311891 0.0776664 0.134578 0.16458 0.149514 0.116658 0.0959453 0.0825539 0.0622287 0.0383125 0.020187 0.0096478 0.00414711 0.00154062 0.000487165 0.000131207 2.97868e-05
 3.50398e-11 1.6481e-09 5.36776e-08 1.21057e-06 1.89047e-05 0.000204429 0.00153077 0.00793797 0.0285148 0.0710412 0.123333 0.151933 0.141558 0.117755 0.105269 0.0948449 0.0720362 0.0437444 0.0225101 0.010603 0.00461078 0.00177285 0.000582957 0.0001609 3.66005e-05
 3.80263e-11 1.78857e-09 5.82527e-08 1.31375e-06 2.0516e-05 0.000221852 0.00166123 0.00861418 0.0309401 0.0770461 0.133502 0.163262 0.148311 0.115739 0.0953279 0.08243 0.0628931 0.039705 0.0217826 0.010908 0.00489704 0.00189627 0.000624997 0.000174556 4.0594e-05
 3.86666e-11 1.81869e-09 5.92335e-08 1.33587e-06 2.08615e-05 0.000225588 0.0016892 0.00875923 0.031461 0.0783435 0.13575 0.16601 0.150794 0.117579 0.0964541 0.0824154 0.0611465 0.0364934 0.0184088 0.00855038 0.00373805 0.0014751 0.00050414 0.000145201 3.44153e-05
 3.39603e-11 1.59733e-09 5.2024e-08 1.17327e-06 1.83224e-05 0.000198131 0.00148362 0.00769355 0.027638 0.0688696 0.119649 0.1478 0.138994 0.118217 0.1085 0.0990921 0.0754496 0.0456147 0.023181 0.0106753 0.00450512 0.00168348 0.000546725 0.000153352 3.64141e-05
 3.83903e-11 1.80569e-09 5.88103e-08 1.32632e-06 2.07124e-05 0.000223976 0.00167713 0.00869661 0.0312358 0.077779 0.134749 0.164676 0.149243 0.115733 0.0944659 0.0812215 0.0618541 0.0390283 0.0213886 0.0106709 0.00474878 0.00180973 0.000582836 0.00015872 3.62438e-05
 3.66266e-11 1.72274e-09 5.61084e-08 1.26539e-06 1.97609e-05 0.000213686 0.00160009 0.00829729 0.0298038 0.0742364 0.128768 0.158102 0.145633 0.11775 0.101507 0.0894591 0.0672176 0.040431 0.0205873 0.00966167 0.00425454 0.00168242 0.000572999 0.000163488 3.81791e-05
 3.71738e-11 1.74848e-09 5.69468e-08 1.28429e-06 2.00561e-05 0.000216879 0.00162399 0.00842118 0.030248 0.0753344 0.130615 0.1601 0.146619 0.116834 0.098923 0.0866258 0.0656414 0.0404138 0.0212784 0.0102022 0.00443954 0.00169115 0.000555925 0.000157006 3.733e-05
 3.71722e-11 1.7484e-09 5.69443e-08 1.28424e-06 2.00552e-05 0.000216869 0.00162392 0.00842083 0.0302469 0.0753329 0.130622 0.160153 0.146805 0.117249 0.0995122 0.0870813 0.0656229 0.0399271 0.0206813 0.00981042 0.00428464 0.00165276 0.000547305 0.000153423 3.58171e-05
 3.42876e-11 1.61272e-09 5.25253e-08 1.18458e-06 1.84989e-05 0.00020004 0.00149791 0.00776762 0.0279034 0.0695235 0.120736 0.148912 0.139314 0.117068 0.106059 0.0965711 0.0742052 0.0459649 0.0243615 0.0117977 0.00519986 0.00200525 0.000663043 0.000186269 4.3657e-05
 3.98714e-11 1.87536e-09 6.10792e-08 1.37749e-06 2.15115e-05 0.000232617 0.00174182 0.009032 0.032439 0.0807621 0.139826 0.170455 0.153113 0.115875 0.0911626 0.0763573 0.0573532 0.0357642 0.0193762 0.00964291 0.00435504 0.00171296 0.000574862 0.000162928 3.83266e-05
 3.32755e-11 1.56512e-09 5.09749e-08 1.14961e-06 1.79529e-05 0.000194136 0.00145371 0.0075385 0.027082 0.0674936 0.117324 0.145233 0.137546 0.118893 0.111063 0.1021 0.0773944 0.046133 0.0229741 0.0104759 0.00450556 0.00176073 0.000600763 0.00017414 4.17787e-05
 3.69064e-11 1.7359e-09 5.6537e-08 1.27505e-06 1.99118e-05 0.000215318 0.0016123 0.00836056 0.03003 0.0747889 0.129652 0.158839 0.145216 0.11526 0.097293 0.0856761 0.0662622 0.0425534 0.0238205 0.01207 0.00539078 0.00204943 0.000662546 0.000183891 4.33525e-05
 3.516e-11 1.65376e-09 5.38618e-08 1.21472e-06 1.89696e-05 0.00020513 0.00153602 0.00796517 0.0286122 0.0712812 0.12373 0.152334 0.141651 0.117271 0.104259 0.0937522 0.0713884 0.0437346 0.0229524 0.0111836 0.00509213 0.00206381 0.000714418 0.000205849 4.84485e-05
 3.47644e-11 1.63515e-09 5.32558e-08 1.20105e-06 1.87562e-05 0.000202822 0.00151874 0.00787557 0.0282903 0.0704796 0.122341 0.150633 0.140108 0.116119 0.103559 0.0938074 0.0725844 0.0458488 0.0250735 0.0125551 0.00568632 0.00224949 0.000767897 0.000224395 5.47698e-05
 3.8321e-11 1.80243e-09 5.87041e-08 1.32393e-06 2.0675e-05 0.000223572 0.0016741 0.00868092 0.0311796 0.0776405 0.134519 0.164439 0.149169 0.115955 0.0949178 0.0816003 0.0618583 0.0386907 0.0210502 0.01059 0.00488029 0.0019752 0.000685209 0.000200871 4.88605e-05
 3.49974e-11 1.64611e-09 5.36127e-08 1.2091e-06 1.88819e-05 0.000204181 0.00152892 0.00792837 0.0284803 0.0709562 0.12319 0.151778 0.141483 0.117825 0.105458 0.0950244 0.072077 0.0436462 0.0223958 0.010579 0.00467623 0.00186235 0.000647284 0.000192021 4.73773e-05
 3.65925e-11 1.72114e-09 5.60563e-08 1.26421e-06 1.97425e-05 0.000213488 0.0015986 0.00828954 0.0297756 0.0741618 0.12861 0.157773 0.144909 0.116355 0.0996004 0.0879938 0.0672728 0.0420264 0.0226249 0.0111075 0.00491945 0.00189561 0.000628724 0.000179441 4.33855e-05
 3.18489e-11 1.49802e-09 4.87894e-08 1.10033e-06 1.71832e-05 0.000185813 0.00139139 0.00721538 0.0259221 0.0646122 0.112378 0.139408 0.13298 0.116905 0.111552 0.10448 0.0812637 0.0508719 0.0274185 0.0136116 0.00618529 0.00246442 0.000838748 0.000240412 5.71e-05
 3.58716e-11 1.68723e-09 5.49519e-08 1.2393e-06 1.93535e-05 0.000209281 0.0015671 0.00812623 0.029189 0.0727016 0.126083 0.154698 0.142174 0.114404 0.0984546 0.0879621 0.0688819 0.0451158 0.0260987 0.0138422 0.0065473 0.00266513 0.000923647 0.000270479 6.5615e-05
 3.0555e-11 1.43716e-09 4.68074e-08 1.05563e-06 1.64851e-05 0.000178265 0.00133487 0.00692239 0.0248708 0.0620043 0.107928 0.134291 0.129374 0.116267 0.113626 0.107851 0.0845938 0.0536361 0.0296396 0.0153363 0.00737942 0.00315209 0.00115494 0.000354102 8.87503e-05
#spawning biomass
 23598.9 19318.6 21253.8 20841 21791.6 27554.5 29079.5 33099.3 38012.3 41974.5 39858.6 40467.1 41901.8 49088.6 55713.4 55264.3 61693.6 64736.3 76098.7 77962.5 85202.7 80739.2 92713.9 101177 98671.8 100486 104593 108320 95268 154273 108952 70715 47993.1 36140.4 30400.7 27746.1 26554.4 26029.7 25801.8 25703.7 25661.7 25643.8 25636.2 25633 25631.6 25631 25630.8 25630.7 25630.6 25630.6 25630.6 25630.6 25630.6 25630.6 25630.6 25630.6 25630.6 25630.6 25630.6 25630.6 25630.6 25630.6 25630.6 25630.6 25630.6 25630.6 25630.6 25630.6 25630.6 25630.6 25630.6 25630.6 25630.6 25630.6 25630.6 25630.6 25630.6 25630.6 25630.6 25630.6 25630.6 25630.6 25630.6 25630.6 25630.6 25630.6 25630.6 25630.6 25630.6 25630.6 25630.6 25630.6 25630.6 25630.6 25630.6 25630.6 25630.6 25630.6 25630.6 25630.6 25630.6 25630.6 25630.6 25630.6 25630.6 25630.6 25630.6 25630.6 25630.6 25630.6 25630.6 25630.6 25630.6 25630.6 25630.6 25630.6 25630.6 25630.6 25630.6 25630.6 25630.6 25630.6 25630.6 25630.6 25630.6 25630.6 25630.6 25630.6 0 0 0 0 0 0 0 0 0 0 0 0 0 0 0 0 0 0 0 0 0 0 0 0 0
