SBPRF35
0.112866
Curr Bio
288.207
B35
369.243
F35
0.833191
FOFL
0.510752
OFL
31.1286
Bzero
32247.4
#pred survey bio
 2125.76 1720.95 1347.56 1093.18 932.701 816.073 746.542 704.962 674.514 664.304 661.454 662.759 664.667 674.141 688.211 692.205 679.775 678.813 667.742 655.349 651.802 650.888 649.396 643.614 641.139 637.927 634.54 631.235 630.646 626.106 633.395 629.831 633.97 635.844 633.558 634.612 632.835 627.971 623.951 614.666 600.508 587.075 561.592 535.804 512.485 487.095 461.487 440.547 427.478 419.148 407.046 396.225 385.656 371.575 375.962 378.98 378.472 378.594 371.509 363.047 358.707 346.079 341.453 332.09 329.52 322.628 323 312.676 305.182 317.872 326.16 319.535 326.664 335.91 347.447 356.93 354.848 369.455 369.201 367.986 373.482 377.392 375.962 380.123 382.156 384.314 395.507 397.484 398.294 387.567 379.269 376.612 385.532 394.772 338.948 287.378 8143.25 43443.2 120014 190976 230071 249052 258456 263450 266312 268053 269152 269860 270320 270621 270818 270946 271029 271083 271117 271140 271155 271164 271170 271174 271177 271179 271180 271180 271181 271181 271181 271182 271182 271182 271182 271182 271182 271182 271182 271182 271182 271182 271182 271182 271182 271182 271182 271182 271182 271182 271182 271182 271182 271182 271182 271182 271182 271182 271182 271182 271182 271182 271182 271182 271182 271182 271182 271182 271182 271182 271182 271182 271182 271182 271182 271182 271182 271182 271182 271182 271182 271182 271182 271182 271182 271182 271182 271182 271182 271182 271182 271182 271182 271182 271182 271182 271182 271182 271182 271182 0 0 0 0 0 0 0 0 0 0 0 0 0 0 0 0 0 0 0 0 0 0 0 0 0
#obs survey bio
 707.323 627.306 664.917 846.334 449.607 474.257 284.911 519.155 366.841 304.489 444.378 352.917 392.593 465.735 471.183 550.106 595.428 461.159 397.02 509.172 482.072 529.578 438.106 475.192 402.724 376.79 348.57 388.809 398.232 334.699 329.52 446.947 377.514 382.049 394.892 348.497 433.591 474.655 386.059 426.622 602.855 461.843 430.126 210.662 341.834 306.488 220.294 235.31 389.771 354.039 256.634 280.463 272.127 216.486 238.542 353.795 236.786 186.419 206.351 265.257 204.666 166.914 202.784 192.867 190.699 238.674 111.013 182.479 158.662 214.131 173.78 223.017 235.107 187.473 236.21 300.443 176.586 240.813 195.343 157.573 211.331 342.038 203.887 219.252 265.765 181.628 225.354 328.56 291.509 289.754 170.789 224.999 174.502 287.451 177.36 309.569
#pred catch bio
 114.009 165.366 127.413 93.0486 90.251 74.7041 67.5091 69.5121 60.0728 59.2552 59.9084 63.104 59.0043 54.2535 59.6872 70.8364 58.4899 65.122 66.1376 59.3945 57.8449 58.392 61.7955 58.7188 59.3567 59.9814 60.5144 58.9475 63.6048 54.4624 64.1193 57.5588 58.9094 62.2246 59.1489 60.9325 62.1877 58.7145 60.2286 62.5502 61.3142 72.9158 76.6421 78.697 84.2383 88.228 88.2098 84.2955 81.2035 84.4837 83.58 83.9443 89.2715 78.5012 84.2793 90.3174 91.1239 97.6959 99.5542 96.0863 102.193 95.4601 99.7084 94.5642 98.0644 91.8569 101.945 104.541 95.287 104.461 120.5 114.728 120.122 126.168 134.282 148.762 142.676 161.198 168.034 167.883 169.601 173.615 172.017 175.849 178.746 177.512 187.68 186.519 191.053 185.491 181.936 178.464 177.664 206.896 186.035 181.743 31.1286 177.95 1074.53 2457.08 3172.97 3450.11 3546.98 3578.9 3589.01 3592.12 3593.05 3593.33 3593.41 3593.44 3593.44 3593.44 3593.45 3593.45 3593.45 3593.45 3593.45 3593.45 3593.45 3593.45 3593.45 3593.45 3593.45 3593.45 3593.45 3593.45 3593.45 3593.45 3593.45 3593.45 3593.45 3593.45 3593.45 3593.45 3593.45 3593.45 3593.45 3593.45 3593.45 3593.45 3593.45 3593.45 3593.45 3593.45 3593.45 3593.45 3593.45 3593.45 3593.45 3593.45 3593.45 3593.45 3593.45 3593.45 3593.45 3593.45 3593.45 3593.45 3593.45 3593.45 3593.45 3593.45 3593.45 3593.45 3593.45 3593.45 3593.45 3593.45 3593.45 3593.45 3593.45 3593.45 3593.45 3593.45 3593.45 3593.45 3593.45 3593.45 3593.45 3593.45 3593.45 3593.45 3593.45 3593.45 3593.45 3593.45 3593.45 3593.45 3593.45 3593.45 3593.45 3593.45 3593.45 3593.45 3593.45 3593.45 0 0 0 0 0 0 0 0 0 0 0 0 0 0 0 0 0 0 0 0 0 0 0 0 0
#obs catch bio
 0 169.612 130.997 95.4043 94.1041 78.1793 71.1185 74.0013 63.4848 62.8353 63.5743 67.3805 62.7432 57.313 63.2553 75.744 61.494 69.076 70.3156 62.7136 61.0616 61.74 65.7511 62.137 62.9219 63.6594 64.4948 62.6188 68.0424 57.5971 68.9222 61.1241 62.6756 66.4306 62.8645 64.9981 66.4223 62.4363 64.0625 66.5022 64.8712 78.0072 82.3454 84.98 91.6905 96.2409 96.3593 92.3336 87.8552 90.8353 89.617 89.6391 95.826 83.5022 90.5889 97.2391 97.8295 105.697 107.53 103.244 110.927 102.269 107.277 101.472 105.487 97.7692 110.481 112.965 101.95 110.331 129.238 119.995 125.741 132.484 139.839 154.896 146.974 165.833 174.688 173.458 176.244 177.134 174.676 183.772 182.823 183.337 196.482 192.015 194.264 187.274 185.171 180.745 181.727 212.889 189.739 176.121
#pred cpue bio
 1965.68 1579.95 1217.11 967.461 809.065 693.031 622.67 580.119 549.103 537.421 532.442 531.46 530.935 538.339 552.557 558.944 549.532 550.757 541.738 530.289 526.513 525.227 524.128 519.434 517.66 514.681 511.173 507.853 506.966 501.767 508.003 504.408 508.602 510.75 508.625 509.79 508.717 505.63 504.709 498.714 486.953 475.212 451.105 425.713 402.46 377.944 353.183 332.132 319.271 312.229 301.752 292.078 282.208 267.268 267.208 265.953 263.464 263.17 256.476 248.124 244.508 233.925 229.819 220.798 218.112 211.996 212.728 201.809 189.53 193.968 196.772 187.451 188.396 189.847 192.71 195.316 188.703 194.251 187.669 180.248 179.371 182.976 182.596 182.939 182.634 181.717 185.359 184.763 188.091 183.621 179.255 175.189 176.645 185.906 160.849 130.126 2968.19 6596.71 39917.1 102586 141178 160136 169538 174532 177395 179135 180234 180942 181402 181703 181900 182028 182111 182165 182200 182222 182237 182246 182252 182256 182259 182261 182262 182263 182263 182263 182264 182264 182264 182264 182264 182264 182264 182264 182264 182264 182264 182264 182264 182264 182264 182264 182264 182264 182264 182264 182264 182264 182264 182264 182264 182264 182264 182264 182264 182264 182264 182264 182264 182264 182264 182264 182264 182264 182264 182264 182264 182264 182264 182264 182264 182264 182264 182264 182264 182264 182264 182264 182264 182264 182264 182264 182264 182264 182264 182264 182264 182264 182264 182264 182264 182264 182264 182264 182264 182264 0 0 0 0 0 0 0 0 0 0 0 0 0 0 0 0 0 0 0 0 0 0 0 0 0
#obs cpue bio
 840.148 587.765 606.164 552.771 300.299 237.227 299.62 253.39 355.707 345.104 336.105 306.605 292.743 285.677 441.052 487.285 287.17 342.944 345.951 279.096 278.791 240.229 257.98 338.481 310.267 331.621 248.869 353.218 317.345 265.416 298.755 335.378 316.344 351.426 300.51 299.611 302.77 248.038 400.185 439.102 269.06 330.532 230.588 325.823 214.25 250.204 222.478 132.665 185.466 212.005 177.992 191.699 159.753 148.753 122.577 120.778 148.011 156.596 168.488 122.427 121.224 191.154 137.449 120.871 135.731 122.16 143.704 141.703 121.509 187.45 126.779 185.485 130.496 152.755 185.331 155.656 232.18 231.73 187.979 262.086 171.48 202.025 235.347 129.381 244.183 186.181 157.648 181.732 228.238 226.548 255.847 252.975 227.936 230.924 260.136 198.061
#pred surv len freq
 7.17209e-027 8.31135e-021 1.78453e-015 5.22696e-011 2.08854e-007 0.000113844 0.00846532 0.0858718 0.118832 0.0228805 0.018158 0.0940561 0.0693495 0.02698 0.0781386 0.0501436 0.0547912 0.0537616 0.0528481 0.0509737 0.0505674 0.0501376 0.0529363 0.0463647 0.0146301
 7.61377e-027 9.09246e-021 1.95224e-015 5.7182e-011 2.28482e-007 0.000124543 0.00926091 0.0939421 0.13 0.024998 0.0185781 0.0960132 0.0707608 0.0266414 0.0762802 0.0490349 0.0539647 0.052581 0.0506376 0.0483412 0.0476317 0.046563 0.0475612 0.0425342 0.0145513
 8.26689e-027 1.02481e-020 2.20037e-015 6.44498e-011 2.57522e-007 0.000140372 0.010438 0.105882 0.146523 0.0281529 0.0200619 0.103522 0.0762291 0.0268681 0.0750374 0.0476108 0.04952 0.0480915 0.0462728 0.0434208 0.0420529 0.0406271 0.040522 0.0361806 0.0128471
 8.78635e-027 1.11675e-020 2.39776e-015 7.02315e-011 2.80624e-007 0.000152965 0.0113743 0.115381 0.159667 0.0306723 0.0216242 0.111538 0.0821002 0.0280445 0.0773281 0.0483301 0.0467885 0.0443764 0.0406816 0.0379225 0.036193 0.0342328 0.0334698 0.0295146 0.0106083
 9.18174e-027 1.18674e-020 2.54805e-015 7.46336e-011 2.98214e-007 0.000162552 0.0120873 0.122613 0.169675 0.0325858 0.0226233 0.116623 0.0858378 0.029175 0.0802729 0.0498679 0.0467925 0.0433427 0.0371536 0.0330336 0.0306641 0.0284569 0.0271231 0.0234856 0.0084249
 9.53659e-027 1.24957e-020 2.68294e-015 7.85845e-011 3.14001e-007 0.000171158 0.0127272 0.129104 0.178657 0.0343031 0.0235185 0.121179 0.0891734 0.0298098 0.0814503 0.0504683 0.0467175 0.0428266 0.0354294 0.0297699 0.0258458 0.0230576 0.0213523 0.0180326 0.00640696
 9.75624e-027 1.28846e-020 2.76645e-015 8.10306e-011 3.23775e-007 0.000176485 0.0131233 0.133122 0.184218 0.0353692 0.0241833 0.124591 0.0916757 0.0304049 0.0827943 0.0511374 0.0465472 0.0424575 0.0346208 0.0282715 0.0230467 0.0190049 0.0167572 0.013701 0.00479691
 9.8629e-027 1.30736e-020 2.80703e-015 8.22191e-011 3.28523e-007 0.000179074 0.0133158 0.135075 0.18692 0.035891 0.024661 0.127076 0.0935018 0.0309425 0.0841768 0.0519014 0.0468012 0.0424601 0.0340798 0.0274702 0.0216713 0.0165394 0.0133636 0.010403 0.00357119
 9.96121e-027 1.32477e-020 2.84442e-015 8.33142e-011 3.32899e-007 0.000181459 0.0134932 0.136874 0.189409 0.036368 0.0249443 0.128528 0.0945693 0.0312859 0.0850975 0.0523892 0.0468494 0.0423526 0.0336296 0.0267522 0.0206945 0.0150606 0.0109958 0.00789243 0.00263299
 1.00442e-026 1.33948e-020 2.876e-015 8.42393e-011 3.36596e-007 0.000183474 0.013643 0.138394 0.191513 0.0367647 0.024945 0.128476 0.0945342 0.0313464 0.0853472 0.052591 0.0472576 0.0426593 0.0336346 0.0265239 0.0201951 0.0142664 0.00959327 0.00616729 0.00196468
 1.00928e-026 1.34808e-020 2.89447e-015 8.47803e-011 3.38757e-007 0.000184652 0.0137306 0.139282 0.192742 0.037001 0.0251127 0.129342 0.0951616 0.0312963 0.0849113 0.0523427 0.0471399 0.042615 0.0337174 0.0264682 0.0199371 0.0137855 0.00874215 0.00500112 0.00148633
 1.01264e-026 1.35405e-020 2.90727e-015 8.51552e-011 3.40255e-007 0.000185469 0.0137913 0.139898 0.193595 0.0371645 0.0252191 0.129889 0.0955635 0.0314111 0.0852001 0.0524194 0.0467205 0.04222 0.0334751 0.0263506 0.019802 0.0134971 0.00821249 0.00423347 0.00115241
 1.01793e-026 1.3634e-020 2.92736e-015 8.57437e-011 3.42607e-007 0.000186751 0.0138866 0.140865 0.194933 0.0374189 0.0252957 0.130264 0.095837 0.0314298 0.0851663 0.0523622 0.0464888 0.0418729 0.0328869 0.0258883 0.0195049 0.0132414 0.00783664 0.00371428 0.000920646
 1.01052e-026 1.35029e-020 2.89921e-015 8.4919e-011 3.39311e-007 0.000184954 0.0137531 0.13951 0.193058 0.0370702 0.0254921 0.131363 0.0966458 0.0316902 0.0858664 0.0528048 0.0469396 0.0422507 0.0330669 0.0258433 0.0193875 0.0131776 0.00769192 0.003425 0.000778111
 9.91935e-027 1.31741e-020 2.82861e-015 8.28511e-011 3.31048e-007 0.00018045 0.0134181 0.136113 0.188357 0.0361831 0.0254834 0.131439 0.0967199 0.0322276 0.0879268 0.0541235 0.0483535 0.04357 0.0341628 0.0266427 0.0198509 0.0134215 0.00779284 0.00332988 0.000704078
 9.82909e-027 1.30145e-020 2.79433e-015 8.18472e-011 3.27037e-007 0.000178264 0.0132556 0.134464 0.186074 0.0357448 0.0251806 0.129878 0.0955886 0.0323359 0.0887874 0.0548032 0.0496806 0.0448713 0.0353182 0.0275936 0.0205349 0.0137855 0.00794739 0.00331311 0.000664444
 9.83902e-027 1.30321e-020 2.79811e-015 8.19579e-011 3.2748e-007 0.000178505 0.0132735 0.134645 0.186326 0.0357912 0.0251387 0.129648 0.0954118 0.0320719 0.0878318 0.0542898 0.0495942 0.0449707 0.0357915 0.0280812 0.0209576 0.014043 0.00802815 0.0032898 0.000636753
 9.79357e-027 1.29517e-020 2.78085e-015 8.14524e-011 3.2546e-007 0.000177404 0.0131916 0.133815 0.185177 0.0355706 0.0249877 0.12887 0.0948446 0.0320368 0.0879149 0.0543738 0.0498312 0.0453193 0.0364224 0.0288494 0.0217175 0.0145982 0.00831009 0.00335809 0.000634788
 9.8456e-027 1.30438e-020 2.80063e-015 8.20316e-011 3.27774e-007 0.000178666 0.0132854 0.134767 0.186494 0.0358171 0.0249129 0.128436 0.0945206 0.0318008 0.0871227 0.0538786 0.0493554 0.044907 0.0361801 0.0288669 0.021988 0.0149317 0.0085158 0.00340865 0.000633604
 9.92857e-027 1.31906e-020 2.83215e-015 8.2955e-011 3.31464e-007 0.000180677 0.013435 0.136284 0.188593 0.0362146 0.024973 0.128702 0.0947072 0.0315898 0.0862293 0.0532607 0.0484778 0.044074 0.035487 0.0283616 0.0217576 0.0149752 0.0086236 0.0034416 0.000632201
 9.96995e-027 1.32638e-020 2.84787e-015 8.34155e-011 3.33304e-007 0.00018168 0.0135095 0.13704 0.18964 0.0364132 0.0250154 0.128902 0.0948507 0.0315477 0.0860094 0.0530784 0.0480867 0.0436392 0.0349755 0.0279245 0.0214557 0.0148985 0.00870311 0.0034917 0.000637324
 9.96579e-027 1.32564e-020 2.84628e-015 8.33689e-011 3.33118e-007 0.000181578 0.013502 0.136964 0.189534 0.0363959 0.0251186 0.129457 0.0952569 0.0316184 0.086127 0.0531295 0.0480279 0.0435262 0.0347358 0.0276246 0.0211669 0.0147382 0.00871259 0.00353743 0.000645847
 9.91715e-027 1.31703e-020 2.8278e-015 8.28275e-011 3.30954e-007 0.000180399 0.0134143 0.136074 0.188303 0.036166 0.0252098 0.129977 0.0956427 0.0318395 0.0868364 0.0535379 0.0482534 0.0436923 0.0347845 0.0275681 0.0210189 0.0145948 0.0086793 0.00357133 0.00065648
 9.92131e-027 1.31777e-020 2.82938e-015 8.28738e-011 3.31139e-007 0.0001805 0.0134218 0.13615 0.188408 0.0361841 0.0251405 0.129603 0.0953735 0.031909 0.0872103 0.0537681 0.0484549 0.0438305 0.0347741 0.0274965 0.0208808 0.0144193 0.00857039 0.0035621 0.000661761
 9.92967e-027 1.31925e-020 2.83256e-015 8.29669e-011 3.31511e-007 0.000180703 0.0134369 0.136303 0.18862 0.0362224 0.0250761 0.129253 0.0951151 0.0317999 0.0868879 0.0536504 0.0487409 0.044125 0.0350103 0.027616 0.0208972 0.0143595 0.00849411 0.0035455 0.000665595
 9.96593e-027 1.32567e-020 2.84634e-015 8.33705e-011 3.33124e-007 0.000181582 0.0135023 0.136966 0.189537 0.036395 0.0250575 0.12913 0.0950208 0.0316661 0.0864041 0.0533351 0.0483806 0.0438857 0.0350603 0.0276843 0.0209088 0.0143028 0.00841122 0.00350681 0.000663041
 9.98805e-027 1.32958e-020 2.85474e-015 8.36166e-011 3.34107e-007 0.000182118 0.0135421 0.137371 0.190097 0.0365029 0.0251505 0.129613 0.0953708 0.0316343 0.0861445 0.0531288 0.0479726 0.0434778 0.0347052 0.027535 0.0208758 0.01425 0.00833283 0.00345863 0.000655572
 9.99166e-027 1.33022e-020 2.85611e-015 8.36566e-011 3.34267e-007 0.000182205 0.0135486 0.137436 0.190188 0.0365221 0.0252319 0.130046 0.0956894 0.0317371 0.0864196 0.0532368 0.04777 0.0432153 0.0343471 0.0272169 0.0206991 0.0141858 0.0082695 0.0034125 0.000645804
 1.00284e-026 1.33673e-020 2.87008e-015 8.4066e-011 3.35903e-007 0.000183096 0.0136149 0.138109 0.191119 0.0366954 0.025143 0.129546 0.0953249 0.0317044 0.0864333 0.0532561 0.0478351 0.0432092 0.0341505 0.0269561 0.0204469 0.0140537 0.00821067 0.00337287 0.00063567
 1.00812e-026 1.34606e-020 2.89012e-015 8.46528e-011 3.38248e-007 0.000184375 0.0137099 0.139073 0.192453 0.0369506 0.0252775 0.130231 0.0958184 0.0315732 0.085733 0.0528078 0.047356 0.0427697 0.0337828 0.0265549 0.0200294 0.0137305 0.00804338 0.00330175 0.000619483
 1.0041e-026 1.33895e-020 2.87486e-015 8.42059e-011 3.36462e-007 0.000183401 0.0136376 0.138339 0.191437 0.0367592 0.0252891 0.13032 0.0958887 0.0317443 0.0863701 0.0531812 0.0475964 0.0429835 0.0339621 0.026689 0.0200607 0.0136671 0.00799257 0.00328497 0.000614749
 1.0043e-026 1.33931e-020 2.87562e-015 8.42282e-011 3.36551e-007 0.00018345 0.0136412 0.138375 0.191487 0.0367714 0.0253922 0.13087 0.0962913 0.0318152 0.0864894 0.0532187 0.0474549 0.0427964 0.0336966 0.0264684 0.0198854 0.0134924 0.00784544 0.00322217 0.000602693
 9.99895e-027 1.3315e-020 2.85887e-015 8.37376e-011 3.34591e-007 0.000182381 0.0135617 0.137569 0.190372 0.0365591 0.0253218 0.130522 0.0960432 0.0319541 0.0871258 0.0536498 0.0480259 0.0433001 0.0340152 0.026646 0.0199797 0.0135386 0.00783138 0.00320311 0.000598855
 9.99577e-027 1.33094e-020 2.85767e-015 8.37024e-011 3.3445e-007 0.000182304 0.013556 0.137511 0.190292 0.0365414 0.0252192 0.129975 0.0956427 0.0318724 0.0869643 0.05362 0.0483371 0.0436496 0.0343933 0.0269099 0.0201148 0.0135946 0.00783954 0.00318911 0.000594906
 1.00148e-026 1.33432e-020 2.86491e-015 8.39145e-011 3.35297e-007 0.000182766 0.0135904 0.13786 0.190774 0.0366333 0.0252543 0.130151 0.0957665 0.0317638 0.0864944 0.0533177 0.0480098 0.0434223 0.0344123 0.0270041 0.0201923 0.0136015 0.00781678 0.00316482 0.000588079
 9.98683e-027 1.32936e-020 2.85427e-015 8.36028e-011 3.34052e-007 0.000182087 0.0135399 0.137348 0.190065 0.0365005 0.0252911 0.130366 0.095926 0.0318516 0.0867736 0.053465 0.0480214 0.0434174 0.034412 0.0271168 0.020375 0.0137312 0.00786237 0.00316881 0.000586197
 9.96094e-027 1.32478e-020 2.84443e-015 8.33146e-011 3.329e-007 0.00018146 0.0134932 0.136874 0.18941 0.0363771 0.0252959 0.130408 0.0959604 0.0319465 0.0871287 0.0536801 0.0481941 0.0435385 0.0344201 0.0271146 0.0204397 0.0138458 0.00792507 0.00317989 0.000585554
 9.87644e-027 1.30982e-020 2.81232e-015 8.2374e-011 3.29142e-007 0.000179411 0.0133409 0.135329 0.187272 0.0359766 0.0254088 0.131068 0.0964479 0.0321629 0.0877818 0.0540985 0.0486457 0.0439438 0.0347097 0.0272891 0.0205472 0.0139673 0.00802747 0.00321406 0.000589247
 9.76349e-027 1.28984e-020 2.76941e-015 8.11171e-011 3.2412e-007 0.000176674 0.0131373 0.133264 0.184415 0.0354341 0.0252761 0.130432 0.0959957 0.0324494 0.0890708 0.0549455 0.0496558 0.0449028 0.0355352 0.0279297 0.0209916 0.0142581 0.00822703 0.00329948 0.000603069
 9.78302e-027 1.2933e-020 2.77685e-015 8.1335e-011 3.24991e-007 0.000177148 0.0131726 0.133622 0.18491 0.035519 0.0249406 0.128625 0.0946722 0.0322024 0.0886244 0.0548114 0.0502157 0.0455179 0.0361745 0.0284878 0.0214228 0.0145266 0.00838679 0.00337463 0.000616535
 9.82594e-027 1.3009e-020 2.79315e-015 8.18127e-011 3.26899e-007 0.000178189 0.01325 0.134407 0.185996 0.0357257 0.0250112 0.128974 0.0949139 0.0318429 0.0871355 0.0539289 0.0496064 0.0451375 0.0362907 0.028713 0.0216654 0.0147008 0.00847876 0.00341814 0.000625505
 9.87746e-027 1.31001e-020 2.81273e-015 8.23861e-011 3.2919e-007 0.000179437 0.0133428 0.135349 0.187299 0.0359727 0.0250543 0.129171 0.095056 0.0318153 0.0869697 0.0536666 0.0485999 0.0442102 0.0357067 0.028506 0.0217046 0.0147891 0.00853435 0.00344151 0.000631
 1.00287e-026 1.33677e-020 2.87019e-015 8.4069e-011 3.35915e-007 0.000183103 0.0136154 0.138114 0.191125 0.0367007 0.0252974 0.130372 0.0959241 0.0316731 0.0860784 0.0529484 0.0471346 0.0425965 0.033855 0.0270469 0.0207757 0.0143065 0.00829279 0.00334626 0.000614265
 1.02004e-026 1.36715e-020 2.9354e-015 8.59791e-011 3.43547e-007 0.000187263 0.0139247 0.141252 0.195468 0.0375285 0.0256366 0.132074 0.0971611 0.0316502 0.0855073 0.0523662 0.0454965 0.0408222 0.0318577 0.0250879 0.0191438 0.0133053 0.00779412 0.00315654 0.000579985
 1.0308e-026 1.38618e-020 2.97627e-015 8.71761e-011 3.4833e-007 0.00018987 0.0141186 0.143218 0.198189 0.0380542 0.026118 0.134578 0.0989898 0.0318615 0.0856178 0.0522155 0.0442982 0.0393959 0.0300047 0.0232344 0.0173901 0.0119954 0.00709654 0.00289933 0.000533994
 1.03875e-026 1.40022e-020 3.00642e-015 8.80593e-011 3.51859e-007 0.000191794 0.0142616 0.144669 0.200197 0.0384448 0.026581 0.137003 0.100767 0.0322481 0.0864289 0.0524632 0.0432947 0.0381476 0.0283206 0.0214673 0.0156665 0.0105732 0.00622767 0.00257001 0.000476016
 1.05783e-026 1.43399e-020 3.07891e-015 9.01827e-011 3.60344e-007 0.000196419 0.0146055 0.148158 0.205025 0.0393591 0.0267227 0.137635 0.101227 0.0322685 0.0863264 0.0522226 0.0422113 0.0368437 0.0265723 0.0196925 0.013954 0.00913196 0.0052658 0.00217567 0.000406116
 1.07315e-026 1.46108e-020 3.13709e-015 9.18867e-011 3.67152e-007 0.00020013 0.0148815 0.150957 0.208898 0.0401006 0.027143 0.139783 0.102785 0.0321357 0.0852075 0.0514252 0.0409766 0.0355245 0.025056 0.0181372 0.0124436 0.00785423 0.00437479 0.0017818 0.000334002
 1.072e-026 1.45905e-020 3.13273e-015 9.17589e-011 3.66642e-007 0.000199852 0.0148608 0.150747 0.208608 0.0400579 0.0276168 0.142326 0.10465 0.0325985 0.0862814 0.0518667 0.0403071 0.0347386 0.0241468 0.0171773 0.0114412 0.00694123 0.00370034 0.00146121 0.000272322
 1.06958e-026 1.45475e-020 3.1235e-015 9.14886e-011 3.65561e-007 0.000199263 0.014817 0.150303 0.207993 0.0399419 0.0276167 0.142341 0.104677 0.033034 0.0879614 0.0528407 0.0408692 0.0350074 0.0237835 0.0166896 0.0108817 0.00636835 0.00323206 0.00121979 0.000222876
 1.07667e-026 1.46731e-020 3.15046e-015 9.22784e-011 3.68717e-007 0.000200983 0.0149449 0.151601 0.209789 0.0402806 0.0276128 0.142274 0.104622 0.0328714 0.0873522 0.052519 0.0408395 0.0349471 0.0235574 0.016262 0.0103656 0.00590181 0.00285827 0.00102056 0.000180123
 1.08215e-026 1.477e-020 3.17125e-015 9.28874e-011 3.71151e-007 0.00020231 0.0150436 0.152601 0.211174 0.0405458 0.027771 0.143084 0.105208 0.0327692 0.0867278 0.0520688 0.0401269 0.0343405 0.0232277 0.015962 0.0100084 0.00554258 0.00258051 0.000869434 0.000146333
 1.09263e-026 1.49554e-020 3.21107e-015 9.40536e-011 3.7581e-007 0.000204849 0.0152324 0.154517 0.213825 0.0410471 0.0278171 0.143262 0.105332 0.0326504 0.0862151 0.0516281 0.0391285 0.0333513 0.0223601 0.0153732 0.00961552 0.00522499 0.00234683 0.000749117 0.000119346
 1.12246e-026 1.54834e-020 3.32445e-015 9.73745e-011 3.8908e-007 0.000212082 0.0157703 0.159973 0.221374 0.0424711 0.0278057 0.143004 0.105121 0.0319546 0.0835902 0.049873 0.0368943 0.0312248 0.0205413 0.0139913 0.00870843 0.00470875 0.00206092 0.000626602 9.44066e-005
 1.13981e-026 1.57904e-020 3.39035e-015 9.93047e-011 3.96792e-007 0.000216286 0.0160829 0.163144 0.225763 0.0433003 0.027859 0.143175 0.10523 0.0315192 0.0818558 0.0487755 0.0357731 0.0301145 0.0194285 0.0130309 0.00797983 0.00428195 0.00185117 0.000541665 7.74369e-005
 1.13908e-026 1.57774e-020 3.38756e-015 9.92231e-011 3.96466e-007 0.000216109 0.0160697 0.16301 0.225577 0.0432837 0.0285806 0.147041 0.108047 0.0316927 0.081439 0.0483053 0.0343324 0.0287323 0.0183228 0.0121111 0.00725713 0.00382077 0.00163214 0.000465907 6.37121e-005
 1.13534e-026 1.5711e-020 3.37332e-015 9.88059e-011 3.94799e-007 0.0002152 0.0160021 0.162324 0.224629 0.0431133 0.0289151 0.148855 0.109389 0.0323469 0.0834553 0.0492225 0.0335736 0.0277671 0.0171619 0.0111917 0.00659021 0.00338451 0.00141497 0.000396153 5.24214e-005
 1.13022e-026 1.56204e-020 3.35384e-015 9.82355e-011 3.9252e-007 0.000213958 0.0159097 0.161387 0.223332 0.0428708 0.0289964 0.149324 0.109743 0.0327236 0.0847824 0.0500461 0.0343247 0.0281738 0.0167523 0.0106339 0.00609456 0.00306192 0.00124457 0.000340107 4.39e-005
 1.139e-026 1.57757e-020 3.38719e-015 9.92124e-011 3.96423e-007 0.000216085 0.0160679 0.162992 0.225553 0.0432895 0.028988 0.149221 0.109662 0.0325311 0.0840651 0.0495737 0.0337582 0.0276948 0.0164502 0.0101994 0.00561333 0.00272702 0.00107627 0.000285251 3.5924e-005
 1.1463e-026 1.59049e-020 3.41495e-015 1.00025e-010 3.99671e-007 0.000217856 0.0161996 0.164328 0.227401 0.0436447 0.0292476 0.150562 0.110631 0.0323479 0.082978 0.0488133 0.0326468 0.0266759 0.0157104 0.009715 0.00525122 0.00244034 0.00092456 0.000236594 2.89505e-005
 1.13881e-026 1.57723e-020 3.38646e-015 9.91908e-011 3.96337e-007 0.000216038 0.0160644 0.162957 0.225504 0.0432951 0.0295694 0.152333 0.111933 0.0327657 0.0840956 0.0493635 0.032469 0.0263892 0.0152941 0.0093787 0.00503089 0.00228918 0.000826418 0.000202076 2.38985e-005
 1.14892e-026 1.59511e-020 3.42486e-015 1.00316e-010 4.00831e-007 0.000218488 0.0162466 0.164805 0.228061 0.0437764 0.029527 0.152039 0.111717 0.0326741 0.0838205 0.0490713 0.0316118 0.0255248 0.0145015 0.00877007 0.00463362 0.00208366 0.000729752 0.000169317 1.91817e-005
 1.15595e-026 1.60756e-020 3.4516e-015 1.01099e-010 4.03961e-007 0.000220194 0.0163735 0.166091 0.229841 0.0441103 0.0294509 0.151586 0.111379 0.0324499 0.0830812 0.0486782 0.0315585 0.0254144 0.0141854 0.00844922 0.00437236 0.00193092 0.000663285 0.000147624 1.59028e-005
 1.16634e-026 1.62594e-020 3.49104e-015 1.02254e-010 4.08577e-007 0.00022271 0.0165606 0.167989 0.232468 0.0446123 0.0297046 0.152875 0.112304 0.0321047 0.0813811 0.0475374 0.0300991 0.0241766 0.0135041 0.0079625 0.00403467 0.00173987 0.000584346 0.000126234 1.2984e-005
 1.16628e-026 1.62582e-020 3.4908e-015 1.02247e-010 4.08549e-007 0.000222695 0.0165594 0.167978 0.232452 0.0446127 0.0298382 0.15359 0.112831 0.0322894 0.0818925 0.0477268 0.0296586 0.0236712 0.0129662 0.00761492 0.00383181 0.00161524 0.000527596 0.000110796 1.09837e-005
 1.16963e-026 1.63175e-020 3.50352e-015 1.0262e-010 4.10037e-007 0.000223506 0.0166198 0.16859 0.233299 0.0447771 0.0300191 0.154536 0.113517 0.0322629 0.0815232 0.0474269 0.0290422 0.0230459 0.0123668 0.00714886 0.0035454 0.00148005 0.000471271 9.58911e-005 9.20466e-006
 1.16694e-026 1.627e-020 3.49332e-015 1.02321e-010 4.08844e-007 0.000222856 0.0165714 0.168099 0.23262 0.0446465 0.0299229 0.154038 0.113163 0.032472 0.082472 0.0480045 0.0295173 0.0233891 0.0124101 0.00707542 0.0034318 0.00140709 0.000440766 8.70675e-005 8.08973e-006
 1.20226e-026 1.6895e-020 3.62752e-015 1.06252e-010 4.2455e-007 0.000231417 0.017208 0.174557 0.241556 0.0463233 0.0295681 0.151908 0.111573 0.0313047 0.0785498 0.0455894 0.0273736 0.0216076 0.0114175 0.00646036 0.00308125 0.00123307 0.000377879 7.2927e-005 6.56808e-006
 1.24351e-026 1.76251e-020 3.78427e-015 1.10843e-010 4.42896e-007 0.000241417 0.0179516 0.1821 0.251994 0.0482965 0.0297265 0.152484 0.111939 0.0298281 0.07267 0.0418896 0.0237152 0.0184732 0.00950044 0.00532646 0.00251878 0.000989465 0.000295128 5.55177e-005 4.86713e-006
 1.24771e-026 1.76993e-020 3.80022e-015 1.1131e-010 4.44762e-007 0.000242434 0.0180272 0.182867 0.253056 0.0485082 0.0301766 0.154864 0.113671 0.0298412 0.0720489 0.0413076 0.0222377 0.0170445 0.00834327 0.00455396 0.00210643 0.000817564 0.000238537 4.35661e-005 3.71718e-006
 1.23763e-026 1.75207e-020 3.76186e-015 1.10187e-010 4.40273e-007 0.000239987 0.0178453 0.181021 0.250502 0.0480453 0.0309169 0.158891 0.116616 0.0303116 0.0727356 0.0415006 0.0213054 0.0160732 0.00747319 0.0039195 0.00172844 0.000652129 0.000186734 3.32163e-005 2.75157e-006
 1.26234e-026 1.7958e-020 3.85576e-015 1.12937e-010 4.51263e-007 0.000245978 0.0182907 0.18554 0.256755 0.0492232 0.0308519 0.158381 0.116224 0.0297201 0.070584 0.039979 0.0190044 0.014031 0.00616917 0.0031004 0.00128885 0.00046044 0.00012717 2.20665e-005 1.77703e-006
 1.27785e-026 1.82326e-020 3.91471e-015 1.14664e-010 4.58162e-007 0.000249738 0.0185703 0.188376 0.26068 0.0499621 0.0307883 0.157939 0.115884 0.0291963 0.0686808 0.0388369 0.0181315 0.0132129 0.00543127 0.00260167 0.00101549 0.000339433 8.80337e-005 1.4675e-005 1.14939e-006
 1.29173e-026 1.84781e-020 3.96743e-015 1.16208e-010 4.64332e-007 0.000253102 0.0188204 0.190913 0.264191 0.050628 0.0309299 0.158605 0.116348 0.02863 0.0663013 0.0373538 0.016735 0.012069 0.00485219 0.00223647 0.000810789 0.000252052 6.04142e-005 9.42488e-006 7.09547e-007
 1.30138e-026 1.86488e-020 4.00409e-015 1.17281e-010 4.68622e-007 0.00025544 0.0189943 0.192677 0.266631 0.0510937 0.0311353 0.15964 0.117089 0.0282752 0.0646357 0.0362506 0.0153868 0.0109202 0.00421704 0.00189746 0.000661217 0.0001905 4.1769e-005 5.97345e-006 4.22368e-007
 1.29672e-026 1.85663e-020 3.98636e-015 1.16762e-010 4.66547e-007 0.000254309 0.0189102 0.191824 0.265451 0.0508868 0.031755 0.162986 0.119525 0.0283459 0.0639687 0.0357245 0.0143733 0.0100201 0.00367132 0.00159183 0.000531649 0.000146415 2.95226e-005 3.81712e-006 2.47688e-007
 1.31996e-026 1.89775e-020 4.07466e-015 1.19349e-010 4.76882e-007 0.000259942 0.0193291 0.196073 0.271331 0.0519927 0.0316228 0.162126 0.118872 0.0275694 0.0612025 0.0339601 0.0125159 0.00849295 0.00293366 0.00121492 0.000382577 0.000100219 1.90393e-005 2.23981e-006 1.31157e-007
 1.32976e-026 1.9151e-020 4.11192e-015 1.2044e-010 4.81242e-007 0.000262319 0.0195058 0.197866 0.273812 0.0524581 0.0315214 0.161519 0.118418 0.0272246 0.0600384 0.0332716 0.0120393 0.0080671 0.00259295 0.00101649 0.000299229 7.34485e-005 1.30944e-005 1.42981e-006 7.57377e-008
 1.34031e-026 1.93376e-020 4.15197e-015 1.21613e-010 4.85929e-007 0.000264874 0.0196958 0.199793 0.276479 0.0529775 0.0321583 0.164857 0.120816 0.0263872 0.0558627 0.030771 0.0101812 0.00664416 0.00206839 0.000776859 0.000210478 4.78672e-005 7.89073e-006 7.9936e-007 3.88944e-008
 1.368e-026 1.98278e-020 4.25722e-015 1.24696e-010 4.98247e-007 0.000271588 0.0201951 0.204858 0.283487 0.0542938 0.0319272 0.163438 0.119748 0.0253585 0.0522778 0.0285715 0.00827248 0.00514259 0.00146895 0.000521655 0.00013452 2.82216e-005 4.23539e-006 3.92755e-007 1.75988e-008
 1.36331e-026 1.97445e-020 4.23934e-015 1.24172e-010 4.96155e-007 0.000270448 0.0201103 0.203997 0.282297 0.0540892 0.0327141 0.167678 0.122824 0.0251263 0.0501913 0.0273242 0.00736238 0.00442002 0.00112746 0.000363221 8.52252e-005 1.6758e-005 2.30464e-006 1.92615e-007 7.85929e-009
 1.34037e-026 1.93383e-020 4.15213e-015 1.21618e-010 4.85949e-007 0.000264884 0.0196966 0.199801 0.27649 0.0530117 0.0334201 0.171606 0.125711 0.0260122 0.0525142 0.0285169 0.00728224 0.00426503 0.00102555 0.000306102 6.28006e-005 1.10273e-005 1.38452e-006 1.05e-007 3.84941e-009
 1.35646e-026 1.96233e-020 4.21332e-015 1.2341e-010 4.9311e-007 0.000268788 0.0199869 0.202745 0.280564 0.0537585 0.0325622 0.166911 0.12229 0.0258199 0.0530851 0.028845 0.00744461 0.00436318 0.0010055 0.000285657 5.39246e-005 8.33751e-006 9.08045e-007 6.16944e-008 2.0365e-009
 1.36487e-026 1.97721e-020 4.24527e-015 1.24346e-010 4.96849e-007 0.000270826 0.0201384 0.204283 0.282692 0.0541586 0.0325135 0.166595 0.122041 0.0252754 0.0510705 0.0277901 0.00740599 0.00439563 0.00102163 0.000288618 5.15612e-005 7.3562e-006 6.99503e-007 4.07133e-008 1.18879e-009
 1.35886e-026 1.96658e-020 4.22243e-015 1.23677e-010 4.94176e-007 0.000269369 0.0200301 0.203184 0.281171 0.0538843 0.0330081 0.169281 0.123994 0.0252689 0.0502922 0.0273039 0.00695173 0.00406283 0.000964057 0.000277303 4.97219e-005 6.83688e-006 5.94961e-007 3.00675e-008 7.49034e-010
 1.37853e-026 2.0014e-020 4.29719e-015 1.25867e-010 5.02926e-007 0.000274139 0.0203847 0.206781 0.286149 0.0548067 0.0323478 0.165619 0.121313 0.0247601 0.0493492 0.0267454 0.00655462 0.00376185 0.000859842 0.000241798 4.43262e-005 6.16042e-006 5.21113e-007 2.40645e-008 5.19355e-010
 1.3824e-026 2.00824e-020 4.3119e-015 1.26297e-010 5.04647e-007 0.000275077 0.0204545 0.207489 0.287128 0.0549941 0.0324545 0.166164 0.121697 0.0244101 0.0478445 0.0259345 0.00639705 0.00367318 0.00081615 0.00022199 3.91275e-005 5.43719e-006 4.66818e-007 2.10182e-008 4.15268e-010
 1.37084e-026 1.98778e-020 4.26796e-015 1.2501e-010 4.99504e-007 0.000272273 0.020246 0.205375 0.284202 0.0544622 0.0332404 0.170444 0.124813 0.0244883 0.0469473 0.0253749 0.00588154 0.00328908 0.000728806 0.000196296 3.3322e-005 4.44464e-006 3.75056e-007 1.70384e-008 3.28711e-010
 1.35329e-026 1.9567e-020 4.20124e-015 1.23056e-010 4.91696e-007 0.000268017 0.0199295 0.202164 0.27976 0.0536319 0.0335502 0.172217 0.126132 0.0253375 0.0497323 0.0268625 0.00610549 0.00337341 0.000715047 0.000185217 3.11821e-005 4.04764e-006 3.26492e-007 1.44779e-008 2.79415e-010
 1.35331e-026 1.95674e-020 4.20131e-015 1.23058e-010 4.91704e-007 0.000268022 0.0199299 0.202168 0.279765 0.0536303 0.0334512 0.171688 0.125749 0.0254027 0.0501329 0.0271013 0.00627611 0.00349277 0.000727961 0.000183478 2.93221e-005 3.70071e-006 2.9125e-007 1.23741e-008 2.32259e-010
 1.36239e-026 1.97282e-020 4.23584e-015 1.2407e-010 4.95746e-007 0.000270225 0.0200937 0.203829 0.282064 0.0540551 0.0330986 0.169741 0.124325 0.025148 0.0496938 0.0268784 0.00630249 0.0035303 0.000746457 0.000189816 2.96111e-005 3.57543e-006 2.69114e-007 1.11038e-008 2.00408e-010
 1.3858e-026 2.01427e-020 4.32483e-015 1.26676e-010 5.06161e-007 0.000275902 0.0205159 0.208112 0.28799 0.0551569 0.0324661 0.166204 0.121722 0.0242942 0.0473839 0.0256219 0.00598177 0.00334627 0.000713392 0.000183428 2.90439e-005 3.47696e-006 2.50912e-007 9.86386e-009 1.71851e-010
 1.39764e-026 2.03522e-020 4.36982e-015 1.27994e-010 5.11426e-007 0.000278772 0.0207293 0.210276 0.290985 0.055719 0.0323482 0.165495 0.121185 0.0236928 0.0452577 0.0244501 0.00560771 0.00311172 0.000661252 0.000169913 2.72007e-005 3.30202e-006 2.38244e-007 9.03412e-009 1.49982e-010
 1.33772e-026 1.92913e-020 4.14204e-015 1.21322e-010 4.84767e-007 0.00026424 0.0196487 0.199315 0.275817 0.0529105 0.0344242 0.176995 0.129611 0.0254651 0.0488888 0.0264055 0.00601626 0.00332623 0.000700142 0.000178241 2.84597e-005 3.47549e-006 2.54317e-007 9.66313e-009 1.5576e-010
 1.27507e-026 1.81821e-020 3.90387e-015 1.14346e-010 4.56893e-007 0.000249047 0.0185189 0.187855 0.259959 0.0499879 0.0371381 0.191926 0.140524 0.0270032 0.0506515 0.0272122 0.00543104 0.0028045 0.000572906 0.000141506 2.22358e-005 2.6927e-006 1.97579e-007 7.59701e-009 1.2279e-010
 1.41421e-026 2.06455e-020 4.43279e-015 1.29838e-010 5.18795e-007 0.000282789 0.0210279 0.213306 0.295178 0.0564931 0.0316832 0.161829 0.118517 0.0236367 0.0460618 0.0246851 0.00455279 0.00222946 0.00041112 9.03484e-005 1.3597e-005 1.60228e-006 1.15996e-007 4.46037e-009 7.2765e-011
#obs surv len freq
 nan nan nan nan nan nan nan nan nan nan nan nan nan nan nan nan nan nan nan nan nan nan nan nan nan
 4.90959e-027 7.72732e-021 1.65914e-015 4.85967e-011 1.94179e-007 0.000105844 0.0078705 0.0798377 0.110482 0.0213132 0.0184679 0.0959306 0.0707419 0.0278046 0.0808017 0.0516071 0.0552147 0.0534526 0.0510029 0.0494571 0.0502256 0.0512055 0.054134 0.051195 0.0191497
 5.276e-027 8.30401e-021 1.78296e-015 5.22235e-011 2.0867e-007 0.000113743 0.00845787 0.085796 0.118727 0.0229032 0.0198205 0.102953 0.0759213 0.0298704 0.0868302 0.0552841 0.0582752 0.0549736 0.0485313 0.0440081 0.042476 0.0424787 0.0446481 0.0421644 0.0157675
 5.52204e-027 8.69126e-021 1.86611e-015 5.46589e-011 2.18401e-007 0.000119048 0.0088523 0.0897971 0.124264 0.0239722 0.0207797 0.107941 0.0795984 0.0312827 0.090902 0.057882 0.0610279 0.0573129 0.0495158 0.0421439 0.0372224 0.0349498 0.0359708 0.0338254 0.0126411
 5.6886e-027 8.95342e-021 1.92239e-015 5.63076e-011 2.24989e-007 0.000122638 0.00911931 0.0925056 0.128012 0.0246946 0.0213822 0.111066 0.0819048 0.032228 0.0936865 0.0596346 0.0627793 0.0589497 0.0508458 0.0425595 0.0352648 0.0298163 0.0287951 0.0266799 0.00995265
 5.80755e-027 9.14063e-021 1.96259e-015 5.7485e-011 2.29694e-007 0.000125203 0.00931 0.0944399 0.130689 0.0252092 0.021761 0.113023 0.083347 0.0327674 0.0952274 0.060633 0.0639122 0.0599925 0.0516771 0.0431871 0.0351206 0.0273608 0.0235764 0.0208937 0.00774709
 5.86348e-027 9.22866e-021 1.98149e-015 5.80386e-011 2.31906e-007 0.000126408 0.00939965 0.0953493 0.131947 0.0254538 0.0220423 0.114496 0.08443 0.0331194 0.0961778 0.0612373 0.0645481 0.0606276 0.0523147 0.0436929 0.0354133 0.0266554 0.0204311 0.0165231 0.00601459
 5.89583e-027 9.27958e-021 1.99243e-015 5.83588e-011 2.33185e-007 0.000127106 0.00945152 0.0958755 0.132675 0.0255949 0.0221877 0.115255 0.0849927 0.0334184 0.0971223 0.0617968 0.0649399 0.0609687 0.0525849 0.0439663 0.0356328 0.026537 0.0187926 0.0134041 0.00467628
 5.90963e-027 9.3013e-021 1.99709e-015 5.84954e-011 2.33731e-007 0.000127404 0.00947364 0.0960999 0.132986 0.025655 0.0222459 0.115558 0.0852174 0.0335389 0.0975051 0.0620851 0.0654499 0.06142 0.0528662 0.0441808 0.0358299 0.026626 0.018069 0.0113721 0.00369349
 5.93582e-027 9.34252e-021 2.00594e-015 5.87546e-011 2.34767e-007 0.000127968 0.00951562 0.0965258 0.133575 0.025767 0.0222804 0.115727 0.0853423 0.0335889 0.0976511 0.0621775 0.0655471 0.0615506 0.0530647 0.0442798 0.0358595 0.0266398 0.01771 0.0100804 0.00298863
 5.95233e-027 9.3685e-021 2.01152e-015 5.8918e-011 2.3542e-007 0.000128324 0.00954208 0.0967942 0.133947 0.0258389 0.0223507 0.116094 0.0856098 0.033619 0.0976649 0.0621829 0.0655373 0.0615355 0.05305 0.0443189 0.0358753 0.0266059 0.0175082 0.00928764 0.00250986
 5.95774e-027 9.37702e-021 2.01335e-015 5.89716e-011 2.35634e-007 0.000128441 0.00955077 0.0968822 0.134068 0.0258629 0.0223912 0.116307 0.0857676 0.0336914 0.0978847 0.0622923 0.0655095 0.0614979 0.0530121 0.0442865 0.0358759 0.0265947 0.0173862 0.00880902 0.00220061
 5.95544e-027 9.3734e-021 2.01257e-015 5.89488e-011 2.35543e-007 0.000128391 0.00954707 0.0968448 0.134017 0.0258536 0.0224105 0.116412 0.0858453 0.0337446 0.0980616 0.0624085 0.0656462 0.0615861 0.0529834 0.0442469 0.0358438 0.0265829 0.0173133 0.00851698 0.00200792
 5.96259e-027 9.38466e-021 2.01499e-015 5.90197e-011 2.35826e-007 0.000128545 0.00955855 0.0969612 0.134178 0.0258833 0.022382 0.116255 0.0857312 0.0337342 0.0980655 0.0624264 0.0657374 0.061688 0.0530888 0.044275 0.0358272 0.0265708 0.0172755 0.00834207 0.00189121
 5.96424e-027 9.38726e-021 2.01555e-015 5.9036e-011 2.35891e-007 0.000128581 0.00956119 0.096988 0.134215 0.0258906 0.0223959 0.116328 0.0857829 0.0336933 0.0978873 0.0623327 0.0657332 0.061717 0.0531848 0.0443775 0.0358818 0.0265782 0.0172603 0.0082418 0.00182164
 5.96083e-027 9.38189e-021 2.01439e-015 5.90022e-011 2.35756e-007 0.000128507 0.00955572 0.0969325 0.134138 0.0258776 0.0224529 0.116635 0.0860092 0.0337793 0.0981329 0.0624365 0.0655959 0.0615637 0.0530379 0.0442806 0.0358225 0.0265108 0.0171867 0.00815047 0.00177289
 5.95654e-027 9.37513e-021 2.01294e-015 5.89597e-011 2.35586e-007 0.000128415 0.00954884 0.0968627 0.134041 0.0258578 0.0223931 0.116318 0.0857786 0.033781 0.098229 0.0625241 0.0658093 0.0617392 0.0531064 0.0443368 0.0358927 0.0265767 0.017206 0.00812075 0.00174901
 5.96041e-027 9.38123e-021 2.01425e-015 5.8998e-011 2.3574e-007 0.000128498 0.00955505 0.0969257 0.134129 0.0258741 0.0223857 0.116276 0.0857458 0.0337159 0.0979894 0.0624063 0.0658499 0.0618159 0.0532319 0.0443935 0.0359117 0.0266074 0.0172232 0.00810138 0.00173376
 5.97065e-027 9.39734e-021 2.01771e-015 5.90994e-011 2.36144e-007 0.000128719 0.00957146 0.0970921 0.134359 0.0259187 0.0224307 0.116511 0.0859178 0.0337476 0.0980453 0.0623953 0.0656213 0.0616013 0.0530891 0.044301 0.0358152 0.0265123 0.0171655 0.00805884 0.00171733
 5.98019e-027 9.41235e-021 2.02093e-015 5.91938e-011 2.36522e-007 0.000128925 0.00958675 0.0972473 0.134574 0.0259595 0.0224415 0.116563 0.0859565 0.0337725 0.0981271 0.0624369 0.0656132 0.0615363 0.0529016 0.0441588 0.0357282 0.0264354 0.0171046 0.00802284 0.00170504
 5.97926e-027 9.41089e-021 2.02062e-015 5.91846e-011 2.36485e-007 0.000128905 0.00958526 0.0972321 0.134553 0.0259554 0.0224356 0.116532 0.0859331 0.0337439 0.0980256 0.0623971 0.0656889 0.061628 0.0529996 0.0441741 0.0357194 0.0264476 0.0171038 0.0080155 0.00170073
 5.97087e-027 9.39769e-021 2.01779e-015 5.91016e-011 2.36153e-007 0.000128724 0.00957182 0.0970958 0.134364 0.0259201 0.0224496 0.116612 0.0859916 0.0337627 0.0980757 0.0624173 0.0656563 0.0616219 0.053069 0.0442503 0.0357472 0.0264481 0.017108 0.00801145 0.00169805
 5.95525e-027 9.3731e-021 2.01251e-015 5.8947e-011 2.35535e-007 0.000128387 0.00954678 0.0968418 0.134012 0.0258538 0.0224484 0.116615 0.0859953 0.0338142 0.0982742 0.0625373 0.0657515 0.0616881 0.0530802 0.0442978 0.0358136 0.0264757 0.0171161 0.00801265 0.00169696
 5.96051e-027 9.38138e-021 2.01428e-015 5.8999e-011 2.35743e-007 0.0001285 0.0095552 0.0969273 0.134131 0.0258745 0.0223852 0.116273 0.0857462 0.0337832 0.0982503 0.0625463 0.0658727 0.0618039 0.0531601 0.0443352 0.0358541 0.0265241 0.0171346 0.00801712 0.00169704
 5.96194e-027 9.38363e-021 2.01477e-015 5.90132e-011 2.358e-007 0.000128531 0.0095575 0.0969505 0.134163 0.0258812 0.0224079 0.116394 0.0858315 0.0337208 0.0979754 0.0623978 0.0658436 0.0618136 0.0532387 0.0443952 0.0358804 0.0265483 0.0171543 0.00802078 0.00169701
 5.95233e-027 9.36851e-021 2.01152e-015 5.89181e-011 2.3542e-007 0.000128324 0.0095421 0.0967943 0.133947 0.0258406 0.0224157 0.116442 0.0858675 0.0337569 0.098101 0.0624412 0.0657194 0.061727 0.0532777 0.0444874 0.0359746 0.0266058 0.0171946 0.00803772 0.00169967
