SBPRF35
0.10671
Curr Bio
52983.3
B35
102057
F35
0.476546
FOFL
0.260552
OFL
31321.4
Bzero
30488.7
#pred survey bio
 9098.05 8709.49 8702.18 8441.29 10563.5 14589.7 16240.9 17869.5 32886.9 56878.7 73914.7 92831.7 127724 156721 161873 138048 128521 119297 118983 125671 126802 131029 154750 162350 188080 192985 188056 180542 6.65285e+06 3.64389e+06 2.25067e+06 1.32262e+06 853267 639348 545766 505047 487011 478762 474841 472906 471918 471401 471125 470976 470895 470850 470825 470812 470804 470800 470798 470797 470796 470796 470795 470795 470795 470795 470795 470795 470795 470795 470795 470795 470795 470795 470795 470795 470795 470795 470795 470795 470795 470795 470795 470795 470795 470795 470795 470795 470795 470795 470795 470795 470795 470795 470795 470795 470795 470795 470795 470795 470795 470795 470795 470795 470795 470795 470795 470795 470795 470795 470795 470795 470795 470795 470795 470795 470795 470795 470795 470795 470795 470795 470795 470795 470795 470795 470795 470795 470795 470795 470795 470795 470795 470795 470795 470795 0 0 0 0 0 0 0 0 0 0 0 0 0 0 0 0 0 0 0 0 0 0 0 0 0
#obs survey bio
 8315.4 9229.47 9442.81 8384.34 17826.9 10946.1 22587.7 13490 44047 72631.6 71323.8 75474.8 237008 127349 124996 106506 88090.9 96565.5 127464 131865 129896 101790 161663 157253 140733 157959 106801 173617
#pred catch bio
 5127.82 5467.9 5697.89 5461.26 6132.21 9253.51 11180.2 10941.9 18974.2 35390.8 48209.8 57686.9 78674.9 99638.9 111515 93048.3 88243.8 79382.6 74814.8 81871.7 83875.2 80702.9 99934.2 96520 116130 118272 118148 104144 31321.4 50255.3 29239.5 16341.3 10227.6 7652.41 6639.98 6258.76 6119.19 6069.03 6051.24 6044.98 6042.79 6042.03 6041.76 6041.67 6041.64 6041.63 6041.62 6041.62 6041.62 6041.62 6041.62 6041.62 6041.62 6041.62 6041.62 6041.62 6041.62 6041.62 6041.62 6041.62 6041.62 6041.62 6041.62 6041.62 6041.62 6041.62 6041.62 6041.62 6041.62 6041.62 6041.62 6041.62 6041.62 6041.62 6041.62 6041.62 6041.62 6041.62 6041.62 6041.62 6041.62 6041.62 6041.62 6041.62 6041.62 6041.62 6041.62 6041.62 6041.62 6041.62 6041.62 6041.62 6041.62 6041.62 6041.62 6041.62 6041.62 6041.62 6041.62 6041.62 6041.62 6041.62 6041.62 6041.62 6041.62 6041.62 6041.62 6041.62 6041.62 6041.62 6041.62 6041.62 6041.62 6041.62 6041.62 6041.62 6041.62 6041.62 6041.62 6041.62 6041.62 6041.62 6041.62 6041.62 6041.62 6041.62 6041.62 6041.62 0 0 0 0 0 0 0 0 0 0 0 0 0 0 0 0 0 0 0 0 0 0 0 0 0
#obs catch bio
 5232.33 5474.64 5746.18 5465.6 5908.93 9272.25 11142.9 10920.3 18674.9 34219.8 48210.6 57572.9 76055.6 99230.1 115242 94511.3 89919.6 80320.6 74731.6 82235.2 84765.2 81651.5 100880 95929.9 116191 118672 120654 104069
#pred cpue bio
 8579.86 7919.66 7938.53 7672.6 9443.06 13186.3 14722 15994 28986.5 50788.8 66626.3 83124.4 114528 141884 147529 125796 116707 108145 107892 114414 115072 118522 140097 147375 171139 176367 172566 164938 6.1133e+06 3.68357e+06 2.24004e+06 1.30453e+06 834596 620637 527052 486333 468297 460048 456127 454192 453205 452688 452412 452262 452181 452136 452112 452098 452091 452087 452084 452083 452082 452082 452082 452082 452081 452081 452081 452081 452081 452081 452081 452081 452081 452081 452081 452081 452081 452081 452081 452081 452081 452081 452081 452081 452081 452081 452081 452081 452081 452081 452081 452081 452081 452081 452081 452081 452081 452081 452081 452081 452081 452081 452081 452081 452081 452081 452081 452081 452081 452081 452081 452081 452081 452081 452081 452081 452081 452081 452081 452081 452081 452081 452081 452081 452081 452081 452081 452081 452081 452081 452081 452081 452081 452081 452081 452081 0 0 0 0 0 0 0 0 0 0 0 0 0 0 0 0 0 0 0 0 0 0 0 0 0
#obs cpue bio
 4414.53 8136.93 5815.2 8311.05 13967 11292.9 12502.7 19752.9 32525.6 80624.5 50458.5 107209 143869 138377 93350.2 143327 123706 115866 108571 99634.1 92006 116765 128141 179741 221897 195440 195863 202755
#pred surv len freq
 2.14623e-27 2.17417e-27 6.69672e-27 1.54751e-21 9.20366e-17 1.25844e-12 3.95591e-09 2.85895e-06 0.00047501 0.0181451 0.159351 0.321733 0.149736 0.0264874 0.0648252 0.0909598 0.0369152 0.0294215 0.0261334 0.0175995 0.0147957 0.012794 0.0132058 0.0122673 0.00515256
 2.14868e-27 2.18139e-27 7.52018e-27 1.82695e-21 1.08656e-16 1.48567e-12 4.67024e-09 3.37519e-06 0.000560783 0.0214215 0.188125 0.379827 0.176645 0.0278358 0.0555531 0.0775724 0.028474 0.0141986 0.0112571 0.00598843 0.0041378 0.00291861 0.00249928 0.00210774 0.00087437
 2.14797e-27 2.17984e-27 7.3608e-27 1.77288e-21 1.0544e-16 1.4417e-12 4.53201e-09 3.2753e-06 0.000544186 0.0207875 0.182557 0.368586 0.171508 0.0294395 0.0687319 0.096054 0.0338431 0.0124574 0.00876022 0.00327328 0.00159359 0.00082556 0.000524164 0.000366963 0.000144003
 2.14826e-27 2.18058e-27 7.44437e-27 1.80124e-21 1.07127e-16 1.46477e-12 4.60452e-09 3.3277e-06 0.000552892 0.0211201 0.185478 0.374483 0.174218 0.0290209 0.0643997 0.0899909 0.0323247 0.0138609 0.00986141 0.00305086 0.00106265 0.00034841 0.000134336 6.6236e-05 2.28033e-05
 2.14967e-27 2.18407e-27 7.81263e-27 1.92616e-21 1.14556e-16 1.56635e-12 4.92386e-09 3.55848e-06 0.000591237 0.0225849 0.198341 0.400454 0.186182 0.0278739 0.0495699 0.0690656 0.0246366 0.010032 0.00713337 0.00239057 0.00086367 0.000216408 4.63274e-05 1.19119e-05 3.01301e-06
 2.14873e-27 2.18173e-27 7.56248e-27 1.84129e-21 1.09509e-16 1.49734e-12 4.7069e-09 3.40169e-06 0.000565186 0.0215897 0.189602 0.38281 0.178067 0.02899 0.0617012 0.0861226 0.0300797 0.0102159 0.00692573 0.00226007 0.000810912 0.000212787 3.88044e-05 5.1154e-06 6.56764e-07
 2.14848e-27 2.18113e-27 7.50012e-27 1.82015e-21 1.08251e-16 1.48014e-12 4.65285e-09 3.36263e-06 0.000558695 0.0213418 0.187425 0.378414 0.176035 0.029016 0.0631852 0.0882514 0.0313406 0.0123075 0.00855169 0.00253071 0.000796396 0.000202003 3.67344e-05 4.11388e-06 2.76857e-07
 2.14956e-27 2.18378e-27 7.78145e-27 1.91558e-21 1.13927e-16 1.55775e-12 4.8968e-09 3.53893e-06 0.000587988 0.0224607 0.197251 0.398253 0.185173 0.0280849 0.0515215 0.0718014 0.0254012 0.0096711 0.00673009 0.00214126 0.000721285 0.000167131 2.72661e-05 2.91013e-06 1.63456e-07
 2.15072e-27 2.18664e-27 8.08274e-27 2.01778e-21 1.20005e-16 1.64086e-12 5.15806e-09 3.72774e-06 0.000619359 0.0236591 0.207775 0.419501 0.194961 0.0271589 0.0394646 0.054788 0.0191438 0.00652783 0.00440995 0.00138408 0.000467591 0.000115108 1.89763e-05 1.84731e-06 9.45747e-08
 2.14972e-27 2.18415e-27 7.81651e-27 1.92745e-21 1.14633e-16 1.5674e-12 4.92716e-09 3.56087e-06 0.000591633 0.0226 0.198474 0.400722 0.186323 0.0283157 0.0521862 0.07268 0.0249214 0.00696383 0.00439464 0.00130061 0.000406459 9.84924e-05 1.66239e-05 1.66467e-06 8.16908e-08
 2.14895e-27 2.18227e-27 7.61918e-27 1.86052e-21 1.10652e-16 1.51297e-12 4.75605e-09 3.43721e-06 0.000571088 0.0218152 0.191582 0.386807 0.179909 0.0288397 0.0595792 0.0831315 0.0290349 0.00984894 0.00653377 0.00175802 0.000464667 0.000103392 1.63935e-05 1.63575e-06 8.18309e-08
 2.14952e-27 2.18368e-27 7.76966e-27 1.91158e-21 1.13689e-16 1.55449e-12 4.88657e-09 3.53153e-06 0.000586759 0.0224138 0.196839 0.397421 0.184791 0.0281725 0.0523071 0.0729039 0.0257295 0.00959408 0.00658502 0.00193909 0.000577614 0.000118172 1.60245e-05 1.4579e-06 7.04828e-08
 2.1494e-27 2.18338e-27 7.73679e-27 1.90042e-21 1.13025e-16 1.54542e-12 4.85805e-09 3.51093e-06 0.000583335 0.022283 0.19569 0.395102 0.183727 0.0283805 0.0542756 0.0756601 0.026449 0.00905629 0.00611668 0.00189501 0.000617369 0.000138854 1.98517e-05 1.63227e-06 6.97416e-08
 2.14858e-27 2.18137e-27 7.52412e-27 1.82828e-21 1.08735e-16 1.48676e-12 4.67364e-09 3.37765e-06 0.000561191 0.0214371 0.188262 0.380104 0.17682 0.0290896 0.0631247 0.0881391 0.0309336 0.0109822 0.00745063 0.00221139 0.000689528 0.00016341 2.58035e-05 2.28818e-06 9.59211e-08
 2.14799e-27 2.17992e-27 7.37236e-27 1.77681e-21 1.05674e-16 1.4449e-12 4.54206e-09 3.28256e-06 0.000545393 0.0208336 0.182962 0.369404 0.171885 0.0294085 0.0682968 0.095464 0.0339904 0.0136304 0.0095399 0.00288262 0.000910247 0.000208371 3.26263e-05 3.09801e-06 1.40795e-07
 2.14801e-27 2.17997e-27 7.37911e-27 1.7791e-21 1.0581e-16 1.44677e-12 4.54793e-09 3.2868e-06 0.000546097 0.0208605 0.183198 0.369881 0.172102 0.0293204 0.0676155 0.0945111 0.0337491 0.0138504 0.00981674 0.00316216 0.0010856 0.00025465 3.97636e-05 3.71856e-06 1.74034e-07
 2.14833e-27 2.18077e-27 7.46398e-27 1.80789e-21 1.07522e-16 1.47018e-12 4.62152e-09 3.33999e-06 0.000554934 0.0211981 0.186163 0.375866 0.174857 0.0290151 0.0639478 0.0893425 0.0319386 0.0132201 0.00940278 0.00307419 0.00109171 0.000274168 4.59071e-05 4.37634e-06 2.03918e-07
 2.14848e-27 2.18113e-27 7.50048e-27 1.82027e-21 1.08258e-16 1.48024e-12 4.65316e-09 3.36285e-06 0.000558733 0.0213432 0.187437 0.378439 0.176047 0.0290063 0.0631182 0.088153 0.0312455 0.0120881 0.0084741 0.00278262 0.00099765 0.000256447 4.52927e-05 4.62795e-06 2.253e-07
 2.14845e-27 2.18106e-27 7.49324e-27 1.81781e-21 1.08112e-16 1.47824e-12 4.64688e-09 3.35831e-06 0.000557979 0.0213144 0.187184 0.377928 0.175811 0.0290286 0.0634081 0.088564 0.0314252 0.0122625 0.00857468 0.00271457 0.000934089 0.000240454 4.32848e-05 4.61125e-06 2.38219e-07
 2.14809e-27 2.18018e-27 7.40059e-27 1.78639e-21 1.06243e-16 1.45269e-12 4.56654e-09 3.30025e-06 0.000548332 0.0209459 0.183948 0.371395 0.1728 0.0292666 0.0668305 0.0934017 0.0333177 0.0135607 0.00957885 0.00304826 0.00104478 0.000259626 4.5443e-05 4.88466e-06 2.60578e-07
 2.14839e-27 2.18092e-27 7.47966e-27 1.81322e-21 1.07839e-16 1.47451e-12 4.63513e-09 3.34982e-06 0.000556567 0.0212605 0.186711 0.376972 0.175366 0.0289423 0.06317 0.0882496 0.0316006 0.0132462 0.00944196 0.00307428 0.00108322 0.000270262 4.64792e-05 4.84893e-06 2.56844e-07
 2.14867e-27 2.18161e-27 7.55204e-27 1.83776e-21 1.09299e-16 1.49447e-12 4.69787e-09 3.39517e-06 0.000564102 0.0215483 0.189238 0.382075 0.17772 0.0288024 0.0607776 0.0848581 0.0301387 0.0118549 0.00835066 0.00276409 0.000998514 0.000255583 4.48653e-05 4.65364e-06 2.41116e-07
 2.1486e-27 2.18142e-27 7.53228e-27 1.83106e-21 1.089e-16 1.48901e-12 4.68074e-09 3.38278e-06 0.000562044 0.0214697 0.188548 0.380682 0.177078 0.0288685 0.0616011 0.0860207 0.0305785 0.0121102 0.00850757 0.0027226 0.000950985 0.000247025 4.46291e-05 4.74071e-06 2.47082e-07
 2.14835e-27 2.18082e-27 7.46808e-27 1.80928e-21 1.07605e-16 1.4713e-12 4.62507e-09 3.34255e-06 0.000555359 0.0212144 0.186306 0.376154 0.174994 0.0291133 0.0644601 0.0900466 0.0319439 0.0124427 0.00871127 0.00279336 0.000969152 0.000244003 4.33359e-05 4.6923e-06 2.50663e-07
 2.14814e-27 2.18032e-27 7.41682e-27 1.7919e-21 1.06571e-16 1.45717e-12 4.58063e-09 3.31044e-06 0.000550024 0.0210106 0.184516 0.372541 0.173324 0.0291228 0.0656071 0.0916922 0.0329173 0.01406 0.0100332 0.00319453 0.00109896 0.0002758 4.81304e-05 5.09711e-06 2.72871e-07
 2.14774e-27 2.17932e-27 7.31153e-27 1.75619e-21 1.04447e-16 1.42813e-12 4.48934e-09 3.24446e-06 0.000539062 0.0205918 0.180838 0.365116 0.169904 0.0294491 0.0698371 0.0976572 0.0350542 0.0149644 0.0107456 0.00359981 0.00130885 0.000328445 5.68375e-05 5.9453e-06 3.1255e-07
 2.14734e-27 2.17837e-27 7.21247e-27 1.72259e-21 1.02449e-16 1.40081e-12 4.40346e-09 3.18239e-06 0.000528749 0.0201979 0.177379 0.358131 0.166681 0.0296227 0.0730021 0.102146 0.0370111 0.0168864 0.0122857 0.00412152 0.00152147 0.000401316 7.22735e-05 7.56376e-06 3.93384e-07
 2.14779e-27 2.17946e-27 7.32877e-27 1.76205e-21 1.04796e-16 1.4329e-12 4.50432e-09 3.25529e-06 0.000540861 0.0206605 0.181442 0.366335 0.170456 0.0291609 0.0677102 0.0946943 0.0344795 0.0162614 0.0119642 0.0041718 0.00160299 0.000428164 7.96378e-05 8.7086e-06 4.6168e-07
#obs surv len freq
 1.22893e-39 6.01478e-33 6.76793e-27 1.7508e-21 1.04127e-16 1.42374e-12 4.47555e-09 3.23449e-06 0.000537415 0.0205285 0.180282 0.363994 0.169381 0.0293269 0.0694294 0.0971076 0.0351906 0.0160782 0.0117724 0.00414439 0.00163862 0.000472867 9.94853e-05 1.29334e-05 8.59595e-07
 1.31026e-39 6.41282e-33 7.21581e-27 1.86666e-21 1.11017e-16 1.51796e-12 4.77173e-09 3.44854e-06 0.000572979 0.0218871 0.192212 0.388081 0.180477 0.0282628 0.0556739 0.0777022 0.0281231 0.0127393 0.00930358 0.00325046 0.00126912 0.000358792 7.34161e-05 9.25807e-06 5.97019e-07
 1.16135e-39 5.684e-33 6.39573e-27 1.65452e-21 9.84002e-17 1.34544e-12 4.22942e-09 3.05661e-06 0.00050786 0.0193996 0.170367 0.343977 0.160181 0.030779 0.0843273 0.118028 0.0415034 0.0150075 0.0104223 0.00361564 0.00140022 0.000391557 7.85634e-05 9.63827e-06 6.02933e-07
 1.34941e-39 6.60443e-33 7.43141e-27 1.92244e-21 1.14335e-16 1.56332e-12 4.9143e-09 3.55158e-06 0.0005901 0.022541 0.197955 0.399676 0.185809 0.0275071 0.047566 0.0663143 0.024667 0.013237 0.00979357 0.00300032 0.00100433 0.000273746 5.42422e-05 6.53442e-06 3.98601e-07
 1.38853e-39 6.79588e-33 7.64683e-27 1.97816e-21 1.17649e-16 1.60864e-12 5.05676e-09 3.65453e-06 0.000607206 0.0231945 0.203694 0.411262 0.191169 0.0276044 0.044668 0.0621089 0.0215338 0.00681073 0.00462739 0.0017754 0.00072628 0.000179346 3.16398e-05 3.68659e-06 2.20854e-07
 1.26828e-39 6.20737e-33 6.98463e-27 1.80686e-21 1.07461e-16 1.46933e-12 4.61885e-09 3.33805e-06 0.000554622 0.0211858 0.186054 0.375648 0.174779 0.0295839 0.067486 0.0942393 0.0324446 0.00949246 0.00605905 0.00173261 0.000544517 0.000158384 3.08719e-05 3.29599e-06 1.83928e-07
 1.27321e-39 6.23147e-33 7.01175e-27 1.81387e-21 1.07878e-16 1.47503e-12 4.63678e-09 3.35101e-06 0.000556775 0.0212681 0.186777 0.377107 0.17543 0.0289747 0.0633279 0.088475 0.0317322 0.0134465 0.00942529 0.00258969 0.000702591 0.000154975 2.66581e-05 3.12205e-06 1.74277e-07
 1.42095e-39 6.95458e-33 7.8254e-27 2.02436e-21 1.20396e-16 1.6462e-12 5.17484e-09 3.73987e-06 0.000621384 0.0237361 0.20845 0.420865 0.195584 0.0269325 0.0376722 0.0522875 0.0186119 0.0074537 0.00527587 0.00175094 0.000606995 0.000129062 1.78637e-05 1.70391e-06 9.29579e-08
 1.42041e-39 6.95191e-33 7.8224e-27 2.02358e-21 1.2035e-16 1.64557e-12 5.17286e-09 3.73843e-06 0.000621146 0.023727 0.20837 0.420703 0.195523 0.0273155 0.0400586 0.0555879 0.018917 0.00481697 0.00296432 0.00095354 0.000336323 8.57513e-05 1.38765e-05 1.19735e-06 5.33898e-08
 1.35213e-39 6.61772e-33 7.44636e-27 1.9263e-21 1.14564e-16 1.56646e-12 4.92419e-09 3.55872e-06 0.000591287 0.0225864 0.198354 0.40048 0.186214 0.0283954 0.0527463 0.0734607 0.0250808 0.0066472 0.00405655 0.00104649 0.000261769 6.28742e-05 1.10393e-05 1.10985e-06 5.07913e-08
 1.32179e-39 6.46926e-33 7.27931e-27 1.88309e-21 1.11994e-16 1.53132e-12 4.81372e-09 3.47889e-06 0.000578022 0.0220797 0.193904 0.391497 0.18207 0.0286271 0.056869 0.0793092 0.027657 0.00924254 0.0060917 0.00159692 0.000389914 7.43232e-05 9.96294e-06 9.79533e-07 4.96052e-08
 1.35805e-39 6.64671e-33 7.47899e-27 1.93474e-21 1.15066e-16 1.57333e-12 4.94576e-09 3.57431e-06 0.000593877 0.0226853 0.199223 0.402235 0.18701 0.027981 0.049688 0.0692049 0.0243235 0.00874861 0.00594624 0.0017366 0.000508183 9.97169e-05 1.20076e-05 9.23476e-07 4.04721e-08
 1.33444e-39 6.53117e-33 7.34897e-27 1.90111e-21 1.13066e-16 1.54598e-12 4.85979e-09 3.51218e-06 0.000583553 0.022291 0.195759 0.395243 0.183795 0.0284576 0.0547046 0.0762512 0.0264713 0.00846821 0.00559791 0.00169887 0.000538025 0.000119078 1.64646e-05 1.24841e-06 4.63051e-08
 1.29414e-39 6.33392e-33 7.12703e-27 1.84369e-21 1.09651e-16 1.49929e-12 4.71302e-09 3.40611e-06 0.00056593 0.0216178 0.189847 0.383307 0.178296 0.0289787 0.0614833 0.085819 0.0300278 0.0103649 0.00695331 0.00199163 0.000586582 0.000134773 2.06504e-05 1.77608e-06 7.02163e-08
 1.16885e-39 5.72069e-33 6.43701e-27 1.66519e-21 9.90353e-17 1.35413e-12 4.25672e-09 3.07634e-06 0.000511138 0.0195248 0.171467 0.346197 0.161201 0.0305984 0.0825556 0.115554 0.0409699 0.0158772 0.011008 0.00327393 0.0010029 0.000219774 3.25187e-05 2.97134e-06 1.30644e-07
 1.26954e-39 6.21354e-33 6.99157e-27 1.80865e-21 1.07567e-16 1.47079e-12 4.62344e-09 3.34137e-06 0.000555173 0.0212069 0.186239 0.376021 0.174913 0.0285718 0.0611952 0.0855395 0.0316441 0.0164569 0.0121676 0.00385317 0.00128917 0.000295201 4.41902e-05 3.91554e-06 1.74461e-07
 1.23841e-39 6.06117e-33 6.82013e-27 1.7643e-21 1.0493e-16 1.43472e-12 4.51007e-09 3.25943e-06 0.00054156 0.0206869 0.181672 0.366801 0.170685 0.0294903 0.0695807 0.0972676 0.0345209 0.0135129 0.00967785 0.0036451 0.00147896 0.00036964 6.0022e-05 5.51101e-06 2.44555e-07
 1.28287e-39 6.27876e-33 7.06496e-27 1.82764e-21 1.08697e-16 1.48623e-12 4.67197e-09 3.37645e-06 0.000561001 0.0214295 0.188194 0.379969 0.176743 0.0287119 0.0608609 0.0850093 0.0306535 0.0135193 0.00971105 0.00310803 0.00112625 0.000329399 6.37555e-05 6.46736e-06 3.04297e-07
 1.24559e-39 6.0963e-33 6.85965e-27 1.77453e-21 1.05538e-16 1.44304e-12 4.5362e-09 3.27832e-06 0.000544698 0.0208068 0.182725 0.368927 0.171665 0.0294252 0.0685432 0.0958051 0.0340129 0.0133382 0.0094252 0.00321279 0.00119208 0.000307369 5.88833e-05 6.95374e-06 3.73225e-07
 1.25369e-39 6.13593e-33 6.90424e-27 1.78606e-21 1.06224e-16 1.45242e-12 4.56569e-09 3.29963e-06 0.000548239 0.020942 0.183913 0.371325 0.172762 0.029112 0.0659086 0.0921285 0.033224 0.0146633 0.0105363 0.0033688 0.00118388 0.000315628 5.86116e-05 6.59372e-06 3.80493e-07
 1.27463e-39 6.23841e-33 7.01956e-27 1.81589e-21 1.07998e-16 1.47668e-12 4.64195e-09 3.35475e-06 0.000557396 0.0212918 0.186985 0.377527 0.17562 0.0288699 0.0625609 0.0873959 0.0313597 0.0133546 0.00960775 0.00327863 0.00121654 0.000309176 5.57299e-05 6.21773e-06 3.48555e-07
 1.26991e-39 6.21535e-33 6.99361e-27 1.80918e-21 1.07599e-16 1.47122e-12 4.62479e-09 3.34234e-06 0.000555335 0.0212131 0.186293 0.376131 0.174982 0.0290428 0.064037 0.0894597 0.0318609 0.0128128 0.00908132 0.00303891 0.00112499 0.000301855 5.55054e-05 5.99391e-06 3.28953e-07
 1.26628e-39 6.19756e-33 6.9736e-27 1.804e-21 1.07291e-16 1.46701e-12 4.61156e-09 3.33278e-06 0.000553746 0.0211524 0.18576 0.375055 0.174484 0.0290526 0.0644216 0.090011 0.0321828 0.0133369 0.00947647 0.0030702 0.0010906 0.000288211 5.40378e-05 6.02733e-06 3.28688e-07
 1.26037e-39 6.16866e-33 6.94107e-27 1.79559e-21 1.0679e-16 1.46017e-12 4.59005e-09 3.31724e-06 0.000551164 0.0210537 0.184894 0.373306 0.173678 0.0291036 0.0652601 0.0911979 0.0326681 0.0137322 0.00980762 0.00323015 0.00115825 0.000296387 5.37097e-05 5.99607e-06 3.34363e-07
 1.26627e-39 6.19753e-33 6.97356e-27 1.804e-21 1.0729e-16 1.467e-12 4.61153e-09 3.33277e-06 0.000553744 0.0211523 0.185759 0.375053 0.174481 0.0289893 0.0640359 0.0894766 0.0321188 0.0137139 0.00983651 0.00326785 0.00118807 0.000308066 5.54077e-05 5.99918e-06 3.3001e-07
 1.19139e-39 5.83104e-33 6.56118e-27 1.69731e-21 1.00946e-16 1.38025e-12 4.33882e-09 3.13568e-06 0.000520997 0.0199014 0.174774 0.352875 0.164267 0.0300275 0.0770579 0.107838 0.0386787 0.0164176 0.0117755 0.00394968 0.0014545 0.000381621 6.9634e-05 7.55161e-06 4.07861e-07
 1.20329e-39 5.88929e-33 6.62672e-27 1.71427e-21 1.01954e-16 1.39404e-12 4.38217e-09 3.167e-06 0.000526202 0.0201002 0.17652 0.3564 0.165875 0.0294532 0.0724895 0.101467 0.0373545 0.0188799 0.0139835 0.00467737 0.00172067 0.000456112 8.44623e-05 9.28611e-06 5.04566e-07
 1.23333e-39 6.03628e-33 6.79212e-27 1.75706e-21 1.04499e-16 1.42883e-12 4.49155e-09 3.24605e-06 0.000539336 0.0206019 0.180926 0.365295 0.169974 0.0291152 0.0677453 0.0947546 0.0346361 0.0167626 0.0125 0.00464424 0.00189029 0.000506107 9.41564e-05 1.04866e-05 5.77685e-07
#pred catch len freq
 2.14599e-27 2.17357e-27 6.63213e-27 1.5256e-21 9.07334e-17 1.24062e-12 3.8999e-09 2.81847e-06 0.000468284 0.0178881 0.157095 0.317178 0.147637 0.0266858 0.0674095 0.0946027 0.038197 0.0298891 0.0264777 0.0177759 0.0149233 0.0128985 0.013312 0.0123658 0.00519392
 2.14857e-27 2.18113e-27 7.49239e-27 1.81752e-21 1.08095e-16 1.47801e-12 4.64613e-09 3.35777e-06 0.000557889 0.021311 0.187154 0.377867 0.175743 0.0279654 0.0569349 0.0795152 0.0290949 0.0142223 0.0112304 0.00595626 0.00410853 0.00289649 0.00247996 0.0020914 0.000867591
 2.14789e-27 2.17964e-27 7.33948e-27 1.76565e-21 1.0501e-16 1.43582e-12 4.51352e-09 3.26194e-06 0.000541966 0.0207027 0.181812 0.367083 0.170817 0.0295494 0.069856 0.0976326 0.0343224 0.0123867 0.00866478 0.00322938 0.00156854 0.000812072 0.000515495 0.000360882 0.000141617
 2.14817e-27 2.18036e-27 7.42065e-27 1.79319e-21 1.06648e-16 1.45822e-12 4.58395e-09 3.31283e-06 0.000550422 0.0210257 0.184649 0.37281 0.173449 0.029137 0.0656125 0.0916947 0.0328481 0.0138069 0.0097803 0.0030195 0.00104894 0.00034366 0.000132463 6.53086e-05 2.24839e-05
 2.14951e-27 2.18366e-27 7.76969e-27 1.91159e-21 1.1369e-16 1.55451e-12 4.88661e-09 3.53157e-06 0.000586765 0.022414 0.196841 0.397425 0.184788 0.0280443 0.051523 0.0718148 0.0255552 0.0102096 0.00722731 0.0024166 0.000870997 0.000218108 4.66742e-05 1.19997e-05 3.03517e-06
 2.14862e-27 2.18147e-27 7.53369e-27 1.83152e-21 1.08928e-16 1.48939e-12 4.68192e-09 3.38364e-06 0.000562187 0.0214751 0.188596 0.380778 0.177132 0.0291193 0.0631027 0.0880931 0.0307064 0.01023 0.00689679 0.00224559 0.00080372 0.000210764 3.84231e-05 5.06457e-06 6.50213e-07
 2.14846e-27 2.18108e-27 7.49515e-27 1.81846e-21 1.08151e-16 1.47877e-12 4.64853e-09 3.3595e-06 0.000558177 0.021322 0.187251 0.378062 0.175875 0.0290665 0.0635992 0.0888292 0.0314675 0.0121084 0.00837236 0.00247275 0.000776042 0.000196697 3.57575e-05 4.00406e-06 2.69456e-07
 2.14944e-27 2.18348e-27 7.74869e-27 1.90447e-21 1.13266e-16 1.54871e-12 4.86839e-09 3.5184e-06 0.000584577 0.0223304 0.196107 0.395943 0.18411 0.028223 0.053061 0.0739671 0.0261078 0.00975007 0.00675214 0.00214366 0.000720295 0.000166795 2.72014e-05 2.90286e-06 1.63043e-07
 2.15059e-27 2.1863e-27 8.04687e-27 2.00561e-21 1.19281e-16 1.63096e-12 5.12695e-09 3.70526e-06 0.000615623 0.0235164 0.206522 0.416971 0.193797 0.0273028 0.0411058 0.0570979 0.0199122 0.00666486 0.00447857 0.00140263 0.000472657 0.000116279 1.91629e-05 1.86526e-06 9.54898e-08
 2.14961e-27 2.18388e-27 7.78698e-27 1.91743e-21 1.14037e-16 1.55926e-12 4.90154e-09 3.54236e-06 0.000588557 0.0224825 0.197442 0.398639 0.185364 0.0284431 0.0535916 0.0746566 0.0255599 0.00701292 0.004396 0.00129837 0.000404674 9.799e-05 1.65334e-05 1.65542e-06 8.1234e-08
 2.14888e-27 2.18208e-27 7.59853e-27 1.85352e-21 1.10236e-16 1.50728e-12 4.73815e-09 3.42427e-06 0.000568938 0.021733 0.190861 0.385351 0.17924 0.0289387 0.0606226 0.0845975 0.0294872 0.00980965 0.00647181 0.00173837 0.000458148 0.000101858 1.61443e-05 1.61069e-06 8.0574e-08
 2.14941e-27 2.1834e-27 7.73982e-27 1.90145e-21 1.13087e-16 1.54626e-12 4.86069e-09 3.51283e-06 0.000583652 0.0222951 0.195797 0.395317 0.183823 0.028301 0.0537258 0.0748993 0.0263747 0.00964608 0.006588 0.00193619 0.000575224 0.000117604 1.59412e-05 1.4501e-06 7.01028e-08
 2.14928e-27 2.18307e-27 7.70395e-27 1.88928e-21 1.12363e-16 1.53636e-12 4.82957e-09 3.49034e-06 0.000579915 0.0221524 0.194543 0.392786 0.182661 0.0285204 0.0558282 0.077844 0.0271582 0.00912367 0.00612881 0.00189478 0.000615719 0.000138393 1.97789e-05 1.62608e-06 6.94734e-08
 2.14848e-27 2.1811e-27 7.49546e-27 1.81856e-21 1.08157e-16 1.47885e-12 4.64878e-09 3.35968e-06 0.000558206 0.0213231 0.187261 0.378083 0.17589 0.0292191 0.0645248 0.0901073 0.0315574 0.0109885 0.00741573 0.00219666 0.000683104 0.000161774 2.55364e-05 2.26422e-06 9.49131e-08
 2.14797e-27 2.17987e-27 7.36745e-27 1.77514e-21 1.05575e-16 1.44354e-12 4.5378e-09 3.27948e-06 0.000544881 0.0208141 0.18279 0.369057 0.171726 0.0294624 0.0687303 0.0960689 0.0341186 0.0134056 0.00933766 0.00281579 0.000886799 0.000202865 3.17527e-05 3.01468e-06 1.37003e-07
 2.14796e-27 2.17986e-27 7.36723e-27 1.77507e-21 1.0557e-16 1.44349e-12 4.53762e-09 3.27935e-06 0.000544859 0.0208133 0.182783 0.369043 0.171717 0.0293985 0.0683446 0.0955326 0.0340254 0.0136839 0.0096535 0.00310279 0.00106257 0.00024909 3.88818e-05 3.63564e-06 1.70146e-07
 2.14831e-27 2.18072e-27 7.4585e-27 1.80603e-21 1.07412e-16 1.46866e-12 4.61676e-09 3.33655e-06 0.000554363 0.0211763 0.185971 0.375479 0.174681 0.0290704 0.064402 0.0899766 0.0320803 0.0130102 0.00921031 0.00300456 0.00106434 0.000267125 4.47131e-05 4.26204e-06 1.98584e-07
 2.14842e-27 2.18099e-27 7.48514e-27 1.81506e-21 1.07949e-16 1.47601e-12 4.63985e-09 3.35323e-06 0.000557135 0.0212822 0.186901 0.377357 0.17555 0.0290919 0.0639673 0.0893444 0.0315919 0.0119799 0.00835672 0.00273792 0.000979208 0.000251546 4.44126e-05 4.53753e-06 2.20891e-07
 2.14833e-27 2.18076e-27 7.46157e-27 1.80707e-21 1.07473e-16 1.46951e-12 4.61941e-09 3.33846e-06 0.00055468 0.0211884 0.186078 0.375694 0.174784 0.0291693 0.0649406 0.0907188 0.0321136 0.0122884 0.00855184 0.00270155 0.000927248 0.000238534 4.29252e-05 4.57246e-06 2.36206e-07
 2.14801e-27 2.17997e-27 7.37813e-27 1.77877e-21 1.0579e-16 1.44649e-12 4.54707e-09 3.28618e-06 0.000545994 0.0208566 0.183164 0.369811 0.172072 0.029379 0.0679937 0.0950354 0.0338146 0.0134913 0.00948574 0.00301214 0.00102979 0.000255734 4.47466e-05 4.80927e-06 2.56547e-07
 2.14833e-27 2.18076e-27 7.46278e-27 1.80749e-21 1.07498e-16 1.46985e-12 4.62048e-09 3.33924e-06 0.000554809 0.0211933 0.186121 0.375781 0.174819 0.029035 0.0640944 0.0895468 0.0319805 0.0131384 0.00932269 0.00302875 0.00106454 0.000265432 4.5633e-05 4.76012e-06 2.5213e-07
 2.14854e-27 2.18127e-27 7.51601e-27 1.82554e-21 1.08572e-16 1.48453e-12 4.66662e-09 3.37258e-06 0.00056035 0.021405 0.18798 0.379534 0.176551 0.0289564 0.0624839 0.0872581 0.0309175 0.0119274 0.00836212 0.00276168 0.00099522 0.00025458 4.46745e-05 4.63335e-06 2.40056e-07
 2.14851e-27 2.18121e-27 7.50868e-27 1.82305e-21 1.08424e-16 1.4825e-12 4.66027e-09 3.36799e-06 0.000559586 0.0213758 0.187724 0.379017 0.176313 0.0289813 0.0627917 0.0876937 0.0310971 0.012074 0.00844187 0.00269572 0.000939221 0.000243808 4.40338e-05 4.67697e-06 2.43752e-07
 2.14818e-27 2.18038e-27 7.42102e-27 1.79331e-21 1.06655e-16 1.45832e-12 4.58425e-09 3.31305e-06 0.000550459 0.0210271 0.184661 0.372835 0.173467 0.0293064 0.0666391 0.0931128 0.0329553 0.0125935 0.00877562 0.00280793 0.000971777 0.000244505 4.34104e-05 4.69986e-06 2.51058e-07
 2.148e-27 2.17997e-27 7.37926e-27 1.77916e-21 1.05813e-16 1.44681e-12 4.54806e-09 3.2869e-06 0.000546113 0.0208611 0.183204 0.369892 0.172106 0.0292845 0.0673927 0.0942036 0.03373 0.0141278 0.0100383 0.00318932 0.00109441 0.000274478 4.78836e-05 5.0704e-06 2.71432e-07
 2.14758e-27 2.17893e-27 7.27001e-27 1.7421e-21 1.03609e-16 1.41667e-12 4.45333e-09 3.21843e-06 0.000534738 0.0204266 0.179388 0.362187 0.168557 0.0296263 0.0718016 0.100421 0.035952 0.015051 0.010761 0.00359687 0.00130465 0.000327188 5.66011e-05 5.91991e-06 3.11204e-07
 2.14721e-27 2.17804e-27 7.17722e-27 1.71063e-21 1.01738e-16 1.39108e-12 4.37289e-09 3.1603e-06 0.000525079 0.0200577 0.176147 0.355646 0.165538 0.0297821 0.0747241 0.104567 0.03778 0.0168994 0.0122451 0.00409865 0.00150937 0.000397877 7.16314e-05 7.49577e-06 3.89834e-07
 2.14757e-27 2.17892e-27 7.27165e-27 1.74267e-21 1.03643e-16 1.41714e-12 4.45478e-09 3.21948e-06 0.000534913 0.0204333 0.179446 0.362306 0.168602 0.0293848 0.0702917 0.0983285 0.0356998 0.0165173 0.012106 0.00421144 0.00161448 0.000430974 8.01349e-05 8.76205e-06 4.64498e-07
#obs catch len freq
 1.21724e-39 5.95756e-33 6.70354e-27 1.73414e-21 1.03136e-16 1.4102e-12 4.43297e-09 3.20372e-06 0.000532302 0.0203332 0.178567 0.360531 0.167786 0.0294823 0.0714221 0.099917 0.036189 0.0164746 0.0120764 0.00431086 0.00173659 0.000512224 0.000110871 1.48262e-05 1.01266e-06
 1.21866e-39 5.9645e-33 6.71135e-27 1.73616e-21 1.03256e-16 1.41184e-12 4.43813e-09 3.20745e-06 0.000532922 0.0203569 0.178775 0.360951 0.167981 0.0294989 0.0713968 0.0998769 0.0361159 0.0162566 0.0118645 0.00416407 0.00164106 0.000472853 9.93635e-05 1.29084e-05 8.57552e-07
 1.30279e-39 6.37626e-33 7.17467e-27 1.85602e-21 1.10384e-16 1.50931e-12 4.74452e-09 3.42888e-06 0.000569713 0.0217623 0.191117 0.385869 0.179459 0.0283908 0.0571223 0.0797405 0.0287982 0.0128492 0.00935287 0.00325775 0.00126782 0.000357882 7.31416e-05 9.21687e-06 5.94094e-07
 1.15189e-39 5.63769e-33 6.34362e-27 1.64104e-21 9.75985e-17 1.33448e-12 4.19496e-09 3.03171e-06 0.000503722 0.0192415 0.168979 0.341175 0.158892 0.0309488 0.0862081 0.120673 0.0423636 0.0150927 0.0104379 0.00361002 0.00139346 0.00038908 7.79725e-05 9.55895e-06 5.97698e-07
 1.34268e-39 6.57148e-33 7.39433e-27 1.91285e-21 1.13764e-16 1.55552e-12 4.88978e-09 3.53386e-06 0.000587155 0.0224286 0.196968 0.397682 0.184892 0.0276195 0.0488531 0.0681261 0.0252738 0.0133588 0.0098572 0.00301195 0.00100454 0.000273361 5.41005e-05 6.51272e-06 3.97097e-07
 1.38305e-39 6.76909e-33 7.61669e-27 1.97037e-21 1.17185e-16 1.60229e-12 5.03682e-09 3.64012e-06 0.000604811 0.023103 0.202891 0.40964 0.190423 0.0277015 0.0457494 0.0636302 0.0220304 0.0068668 0.00464276 0.00177536 0.000724162 0.000178584 3.14635e-05 3.66323e-06 2.19354e-07
 1.26037e-39 6.16861e-33 6.94102e-27 1.79558e-21 1.0679e-16 1.46016e-12 4.59001e-09 3.31721e-06 0.00055116 0.0210536 0.184893 0.373303 0.1737 0.0297251 0.0690551 0.0964466 0.0331625 0.00956506 0.0060749 0.00173288 0.000542457 0.000157514 3.06701e-05 3.27219e-06 1.82507e-07
 1.26639e-39 6.1981e-33 6.97421e-27 1.80416e-21 1.073e-16 1.46714e-12 4.61196e-09 3.33307e-06 0.000553794 0.0211542 0.185777 0.375088 0.174501 0.0290976 0.0646867 0.0903862 0.0323517 0.0135015 0.00943162 0.00258568 0.00069881 0.000153887 2.64325e-05 3.09333e-06 1.72601e-07
 1.41657e-39 6.93315e-33 7.80129e-27 2.01812e-21 1.20025e-16 1.64113e-12 5.1589e-09 3.72835e-06 0.00061947 0.023663 0.207808 0.419568 0.194987 0.0270103 0.0385381 0.0535057 0.0190093 0.00749789 0.00528721 0.00174962 0.000604568 0.000128382 1.77455e-05 1.69114e-06 9.22112e-08
 1.41587e-39 6.92972e-33 7.79743e-27 2.01712e-21 1.19966e-16 1.64032e-12 5.15634e-09 3.7265e-06 0.000619163 0.0236512 0.207705 0.419361 0.194906 0.027397 0.0409608 0.0568569 0.0193285 0.00485407 0.00296951 0.000952441 0.00033477 8.52302e-05 1.37769e-05 1.18793e-06 5.29402e-08
 1.34626e-39 6.58899e-33 7.41404e-27 1.91794e-21 1.14067e-16 1.55966e-12 4.90281e-09 3.54327e-06 0.00058872 0.0224883 0.197493 0.398742 0.185415 0.0285009 0.0539145 0.0751038 0.0256132 0.00669401 0.00406263 0.00104592 0.000260554 6.24672e-05 1.09542e-05 1.10056e-06 5.03446e-08
 1.31544e-39 6.43818e-33 7.24434e-27 1.87404e-21 1.11456e-16 1.52396e-12 4.7906e-09 3.46218e-06 0.000575245 0.0219736 0.192972 0.389616 0.181204 0.028741 0.0581307 0.0810839 0.0282331 0.00929658 0.00610078 0.00159601 0.000388179 7.3877e-05 9.88845e-06 9.71349e-07 4.9168e-08
 1.35231e-39 6.61862e-33 7.44738e-27 1.92657e-21 1.1458e-16 1.56668e-12 4.92486e-09 3.55921e-06 0.000591367 0.0225895 0.198381 0.400535 0.186228 0.0280833 0.0508246 0.0708036 0.0248441 0.00880312 0.00595887 0.00173599 0.000506179 9.91908e-05 1.19286e-05 9.16596e-07 4.01461e-08
 1.32878e-39 6.50344e-33 7.31778e-27 1.89304e-21 1.12586e-16 1.53941e-12 4.83916e-09 3.49727e-06 0.000581076 0.0221964 0.194928 0.393565 0.183023 0.0285606 0.0558395 0.0778473 0.0269866 0.00850666 0.00559712 0.00169414 0.000534619 0.000118157 1.63175e-05 1.23638e-06 4.5834e-08
 1.28728e-39 6.30032e-33 7.08922e-27 1.83392e-21 1.0907e-16 1.49133e-12 4.68802e-09 3.38804e-06 0.000562928 0.0215031 0.18884 0.381273 0.177361 0.0291018 0.0628477 0.0877382 0.030651 0.010424 0.00696332 0.00198968 0.00058381 0.000133927 2.04957e-05 1.76155e-06 6.96099e-08
 1.16076e-39 5.68114e-33 6.39251e-27 1.65368e-21 9.83506e-17 1.34477e-12 4.22729e-09 3.05507e-06 0.000507604 0.0193898 0.170281 0.343804 0.1601 0.0307473 0.0841862 0.117847 0.0417067 0.0159199 0.0109957 0.00326199 0.000995646 0.000217865 3.21939e-05 2.93942e-06 1.29181e-07
 1.26298e-39 6.18141e-33 6.95543e-27 1.7993e-21 1.07011e-16 1.46319e-12 4.59954e-09 3.3241e-06 0.000552303 0.0210973 0.185276 0.374078 0.174019 0.0286905 0.0625057 0.0873828 0.0322422 0.016512 0.0121736 0.00384459 0.00128187 0.000293116 4.38233e-05 3.88011e-06 1.72796e-07
 1.23052e-39 6.02252e-33 6.77664e-27 1.75305e-21 1.04261e-16 1.42557e-12 4.48131e-09 3.23865e-06 0.000538106 0.020555 0.180514 0.364463 0.169609 0.0296317 0.071149 0.0994737 0.0352392 0.0135877 0.00969321 0.003639 0.00147211 0.000367438 5.95933e-05 5.46782e-06 2.42521e-07
 1.2749e-39 6.23975e-33 7.02106e-27 1.81628e-21 1.08021e-16 1.47699e-12 4.64294e-09 3.35546e-06 0.000557515 0.0212964 0.187025 0.377608 0.175657 0.0288495 0.0624121 0.0871922 0.0313745 0.01363 0.00975796 0.00311437 0.00112451 0.000328371 6.34893e-05 6.43629e-06 3.027e-07
 1.23605e-39 6.04959e-33 6.8071e-27 1.76093e-21 1.04729e-16 1.43198e-12 4.50145e-09 3.25321e-06 0.000540525 0.0206474 0.181325 0.366101 0.170365 0.0295889 0.0703944 0.0984102 0.0348746 0.0134748 0.00948582 0.00322386 0.00119229 0.000306971 5.87307e-05 6.931e-06 3.71859e-07
 1.24461e-39 6.09149e-33 6.85424e-27 1.77313e-21 1.05454e-16 1.4419e-12 4.53262e-09 3.27574e-06 0.000544268 0.0207903 0.182581 0.368636 0.171525 0.0292669 0.0676645 0.0945998 0.0340438 0.0148013 0.0106003 0.00337992 0.00118364 0.000315079 5.84399e-05 6.56957e-06 3.78924e-07
 1.26649e-39 6.19858e-33 6.97475e-27 1.8043e-21 1.07309e-16 1.46725e-12 4.61231e-09 3.33333e-06 0.000553837 0.0211559 0.185791 0.375117 0.174511 0.0290108 0.0641475 0.0896286 0.032096 0.0134639 0.0096524 0.00328409 0.0012146 0.000308235 5.54901e-05 6.18647e-06 3.46642e-07
 1.2606e-39 6.16974e-33 6.94229e-27 1.79591e-21 1.06809e-16 1.46042e-12 4.59085e-09 3.31782e-06 0.000551261 0.0210574 0.184926 0.373372 0.173712 0.0292011 0.0658353 0.0919906 0.0327013 0.0129571 0.00915006 0.003053 0.00112641 0.000301788 5.5428e-05 5.98127e-06 3.28103e-07
 1.25613e-39 6.14787e-33 6.91768e-27 1.78954e-21 1.06431e-16 1.45525e-12 4.57458e-09 3.30606e-06 0.000549306 0.0209828 0.184271 0.372048 0.1731 0.0292222 0.0663634 0.0927443 0.0330965 0.0135147 0.00956924 0.00309159 0.00109443 0.000288783 5.40794e-05 6.02776e-06 3.28563e-07
 1.24986e-39 6.11721e-33 6.88318e-27 1.78061e-21 1.059e-16 1.44799e-12 4.55176e-09 3.28957e-06 0.000546567 0.0208781 0.183352 0.370192 0.172245 0.0292783 0.0672646 0.0940196 0.0336134 0.0139229 0.0099095 0.00325443 0.00116305 0.000297174 5.37853e-05 6.00015e-06 3.34439e-07
 1.25465e-39 6.14063e-33 6.90953e-27 1.78743e-21 1.06305e-16 1.45353e-12 4.56919e-09 3.30216e-06 0.000548659 0.0209581 0.184054 0.37161 0.172896 0.0291782 0.0662267 0.0925612 0.033161 0.0139542 0.00997519 0.00330446 0.00119739 0.000310026 5.56926e-05 6.02567e-06 3.31311e-07
 1.1794e-39 5.77235e-33 6.49514e-27 1.68023e-21 9.99296e-17 1.36636e-12 4.29516e-09 3.10412e-06 0.000515754 0.0197011 0.173015 0.349324 0.162632 0.0302276 0.0793499 0.111064 0.0397576 0.0166291 0.0118864 0.00397531 0.00145908 0.000382261 6.96667e-05 7.5498e-06 4.07574e-07
 1.19064e-39 5.82735e-33 6.55702e-27 1.69624e-21 1.00882e-16 1.37938e-12 4.33608e-09 3.13369e-06 0.000520668 0.0198888 0.174664 0.352651 0.164149 0.0296553 0.0748528 0.104795 0.0384875 0.0191691 0.0141574 0.00472197 0.00173131 0.000458252 8.47568e-05 9.31193e-06 5.05738e-07
#spawning biomass
 4619.37 2741.72 2471.84 2334.59 2527.93 3729.36 4317.79 4270.21 6730.27 12798.2 18343 22125.6 30536.6 40662.3 45041.5 38624.4 35085.1 31812.1 31787.9 34861.9 34501.8 34435.7 40924.4 43751.8 52353 55681.2 56595.7 52983.3 58112.4 95414.5 82475.6 45414.7 24926.2 16161.9 12710.9 11411.3 10935.5 10764.5 10703.8 10682.5 10675 10672.4 10671.5 10671.2 10671.1 10671 10671 10671 10671 10671 10671 10671 10671 10671 10671 10671 10671 10671 10671 10671 10671 10671 10671 10671 10671 10671 10671 10671 10671 10671 10671 10671 10671 10671 10671 10671 10671 10671 10671 10671 10671 10671 10671 10671 10671 10671 10671 10671 10671 10671 10671 10671 10671 10671 10671 10671 10671 10671 10671 10671 10671 10671 10671 10671 10671 10671 10671 10671 10671 10671 10671 10671 10671 10671 10671 10671 10671 10671 10671 10671 10671 10671 10671 10671 10671 10671 10671 10671 0 0 0 0 0 0 0 0 0 0 0 0 0 0 0 0 0 0 0 0 0 0 0 0 0
