SBPRF35
1.15773
Curr Bio
129999
B35
835996
F35
0.200894
FOFL
0
OFL
0
Bzero
330779
#pred survey bio
 10050.3 9482.09 12108.4 16920.7 22565.5 27237.2 33412.7 37657.3 45192 62557.1 84985 107361 137576 140275 129711 118289 102764 99430.6 98785.7 95044.6 94398.1 100718 114857 118758 141115 141658 116579 103646 2.28793e+06 3.68845e+06 4.78873e+06 5.11162e+06 4.98289e+06 4.65336e+06 4.26776e+06 3.90073e+06 3.58425e+06 3.32659e+06 3.12432e+06 2.96931e+06 2.85237e+06 2.76494e+06 2.69885e+06 2.64808e+06 2.61134e+06 2.58457e+06 2.5649e+06 2.55033e+06 2.53943e+06 2.5312e+06 2.52492e+06 2.52008e+06 2.51631e+06 2.51335e+06 2.51099e+06 2.5091e+06 2.50758e+06 2.50633e+06 2.50531e+06 2.50447e+06 2.50378e+06 2.5032e+06 2.50271e+06 2.50231e+06 2.50197e+06 2.50168e+06 2.50144e+06 2.50123e+06 2.50106e+06 2.50091e+06 2.50078e+06 2.50068e+06 2.50059e+06 2.50051e+06 2.50044e+06 2.50039e+06 2.50034e+06 2.5003e+06 2.50027e+06 2.50024e+06 2.50021e+06 2.50019e+06 2.50017e+06 2.50016e+06 2.50015e+06 2.50014e+06 2.50013e+06 2.50012e+06 2.50011e+06 2.5001e+06 2.5001e+06 2.5001e+06 2.50009e+06 2.50009e+06 2.50009e+06 2.50008e+06 2.50008e+06 2.50008e+06 2.50008e+06 2.50008e+06 2.50008e+06 2.50008e+06 2.50008e+06 2.50007e+06 2.50007e+06 2.50007e+06 2.50007e+06 2.50007e+06 2.50007e+06 2.50007e+06 2.50007e+06 2.50007e+06 2.50007e+06 2.50007e+06 2.50007e+06 2.50007e+06 2.50007e+06 2.50007e+06 2.50007e+06 2.50007e+06 2.50007e+06 2.50007e+06 2.50007e+06 2.50007e+06 2.50007e+06 2.50007e+06 2.50007e+06 2.50007e+06 0 0 0 0 0 0 0 0 0 0 0 0 0 0 0 0 0 0 0 0 0 0 0 0 0
#obs survey bio
 9013.01 7984.96 11388 11194.9 21851.8 30969.7 32289.9 29805.2 41475.9 65984.6 64316.9 93136.1 134448 156401 86259 55484.6 75072.2 85134.8 79179.1 82122.1 92501.9 85563.6 96451.7 86546.3 145183 128712 94424.8 101601
#pred catch bio
 6924.04 6137.26 7326.68 10120.7 14635.1 16840.3 21827.2 24951.8 28115.5 34355.8 53406.8 68103.6 79563.7 97049.5 102149 102767 87767.5 85655.4 85759.4 81182.3 77902.5 81176.5 99769.6 97477.2 121558 132163 104519 92614.1 0 24839.5 37160.7 39868.3 38369.4 35341.6 31960.1 28803 26114.9 23951.9 22275.9 21011.1 20074.6 19390.4 18890.5 18524 18268.5 18090.5 17966.5 17880 17819.8 17777.8 17748.5 17728.1 17713.9 17704 17697.1 17692.3 17689 17686.6 17685 17683.9 17683.1 17682.5 17682.1 17681.9 17681.7 17681.5 17681.5 17681.4 17681.3 17681.3 17681.3 17681.3 17681.3 17681.3 17681.3 17681.3 17681.3 17681.3 17681.3 17681.3 17681.2 17681.2 17681.2 17681.2 17681.2 17681.2 17681.2 17681.2 17681.2 17681.2 17681.2 17681.2 17681.2 17681.2 17681.2 17681.2 17681.2 17681.2 17681.2 17681.2 17681.2 17681.2 17681.2 17681.2 17681.2 17681.2 17681.2 17681.2 17681.2 17681.2 17681.2 17681.2 17681.2 17681.2 17681.2 17681.2 17681.2 17681.2 17681.2 17681.2 17681.2 17681.2 17681.2 17681.2 17681.2 17681.2 17681.2 17681.2 0 0 0 0 0 0 0 0 0 0 0 0 0 0 0 0 0 0 0 0 0 0 0 0 0
#obs catch bio
 6161.56 6230.61 7251.72 9954.53 14560 16471.3 21441 24759.4 27907.2 33476.3 52272.2 68134.9 76478.4 93632.2 100113 106773 84749.4 84325.9 84309.6 79657.7 74414 78485.9 97781.9 94240 115516 129847 100237 91624.4
#pred cpue bio
 7561.85 6669.1 7687.24 10910.7 14954.3 17344.1 21306.6 23598.5 27177.9 34830.9 49311.8 61507.3 74845.6 81594.6 81051.6 73674.9 60482.3 57860.8 55924.1 54622.8 51953.8 53710.6 62903 61625.3 74271.3 77203.8 63950.4 57750.9 1.23768e+06 3.03454e+06 4.62495e+06 5.00938e+06 4.86293e+06 4.52328e+06 4.13427e+06 3.76625e+06 3.44951e+06 3.19178e+06 2.98949e+06 2.83447e+06 2.71753e+06 2.6301e+06 2.56401e+06 2.51324e+06 2.4765e+06 2.44973e+06 2.43006e+06 2.41549e+06 2.40459e+06 2.39636e+06 2.39008e+06 2.38524e+06 2.38147e+06 2.37851e+06 2.37615e+06 2.37426e+06 2.37274e+06 2.37149e+06 2.37047e+06 2.36963e+06 2.36894e+06 2.36836e+06 2.36787e+06 2.36747e+06 2.36713e+06 2.36684e+06 2.3666e+06 2.36639e+06 2.36622e+06 2.36607e+06 2.36594e+06 2.36584e+06 2.36575e+06 2.36567e+06 2.3656e+06 2.36555e+06 2.3655e+06 2.36546e+06 2.36543e+06 2.3654e+06 2.36537e+06 2.36535e+06 2.36533e+06 2.36532e+06 2.36531e+06 2.3653e+06 2.36529e+06 2.36528e+06 2.36527e+06 2.36526e+06 2.36526e+06 2.36526e+06 2.36525e+06 2.36525e+06 2.36525e+06 2.36524e+06 2.36524e+06 2.36524e+06 2.36524e+06 2.36524e+06 2.36524e+06 2.36524e+06 2.36524e+06 2.36523e+06 2.36523e+06 2.36523e+06 2.36523e+06 2.36523e+06 2.36523e+06 2.36523e+06 2.36523e+06 2.36523e+06 2.36523e+06 2.36523e+06 2.36523e+06 2.36523e+06 2.36523e+06 2.36523e+06 2.36523e+06 2.36523e+06 2.36523e+06 2.36523e+06 2.36523e+06 2.36523e+06 2.36523e+06 2.36523e+06 2.36523e+06 2.36523e+06 0 0 0 0 0 0 0 0 0 0 0 0 0 0 0 0 0 0 0 0 0 0 0 0 0
#obs cpue bio
 4654.81 6020.74 10402 17731 20349.2 21465.2 30620.9 27666.2 37151.7 54465.4 73317.3 77748.6 170224 116584 132131 91351.8 152621 92497.2 76666.9 99116.8 122847 84069.9 117898 138054 166139 102032 153865 84970
#pred surv len freq
 2.5609e-27 2.58236e-27 2.8007e-26 5.36844e-20 1.31601e-14 3.89957e-10 1.39676e-06 0.000604744 0.0316501 0.200228 0.153525 0.0399431 0.196167 0.181444 0.0459415 0.0595802 0.0254311 0.0193084 0.0117581 0.00886141 0.00689881 0.00592681 0.0059124 0.00522515 0.00159321
 2.56323e-27 2.58884e-27 3.3788e-26 6.588e-20 1.61497e-14 4.78544e-10 1.71406e-06 0.000742124 0.0388401 0.245713 0.188223 0.0378017 0.155497 0.144592 0.0520174 0.08244 0.0281155 0.0118902 0.00527007 0.00296495 0.00187249 0.00137455 0.00121362 0.00107209 0.00035814
 2.56577e-27 2.59541e-27 3.92473e-26 7.73954e-20 1.89725e-14 5.6219e-10 2.01367e-06 0.000871843 0.0456291 0.288662 0.221043 0.0393693 0.144367 0.133592 0.0368733 0.0507656 0.0199855 0.0123531 0.00398356 0.00124909 0.000519354 0.000288387 0.000210146 0.000174235 6.02524e-05
 2.56416e-27 2.59089e-27 3.51204e-26 6.8689e-20 1.68383e-14 4.98948e-10 1.78715e-06 0.000773767 0.0404962 0.25619 0.196284 0.0416558 0.179162 0.165554 0.0399036 0.0494894 0.0174278 0.00821538 0.00322292 0.00118572 0.000270145 8.35641e-05 4.2655e-05 3.03529e-05 1.03867e-05
 2.56399e-27 2.59064e-27 3.51016e-26 6.865e-20 1.68287e-14 4.98665e-10 1.78613e-06 0.000773328 0.0404732 0.256045 0.196145 0.0398759 0.165716 0.153591 0.0458785 0.0661168 0.0222927 0.00887874 0.00292842 0.000947642 0.000264815 5.08765e-05 1.2276e-05 6.19685e-06 1.98562e-06
 2.56508e-27 2.59349e-27 3.74897e-26 7.36874e-20 1.80636e-14 5.35256e-10 1.9172e-06 0.000830073 0.043443 0.274833 0.210498 0.0403103 0.158938 0.147037 0.0392787 0.0527594 0.0189339 0.00928278 0.00287852 0.000759676 0.000174589 3.55853e-05 5.03641e-06 1.14487e-06 3.04301e-07
 2.56465e-27 2.59223e-27 3.63125e-26 7.12038e-20 1.74548e-14 5.17216e-10 1.85258e-06 0.000802096 0.0419788 0.26557 0.203438 0.0411511 0.170295 0.157436 0.0396565 0.0509493 0.017557 0.00761742 0.00258009 0.000783385 0.00015388 2.52659e-05 3.24491e-06 3.3213e-07 5.09475e-08
 2.56516e-27 2.5936e-27 3.74992e-26 7.37071e-20 1.80684e-14 5.35399e-10 1.91771e-06 0.000830295 0.0434547 0.274906 0.210565 0.0409929 0.164085 0.151692 0.0384237 0.0495438 0.0165178 0.00630224 0.00197855 0.00055931 0.000125386 1.93437e-05 1.98039e-06 1.43315e-07 9.27039e-09
 2.5662e-27 2.59633e-27 3.98281e-26 7.86199e-20 1.92727e-14 5.71085e-10 2.04553e-06 0.000885637 0.0463511 0.29323 0.224557 0.0410232 0.154485 0.142677 0.0340042 0.0417147 0.0138542 0.00519846 0.00154299 0.000382594 7.79261e-05 1.27102e-05 1.26483e-06 7.09938e-08 2.46891e-09
 2.5681e-27 2.60139e-27 4.42141e-26 8.78721e-20 2.15408e-14 6.38292e-10 2.28626e-06 0.000989861 0.0518058 0.327738 0.250897 0.0404415 0.131552 0.121362 0.027477 0.0321642 0.0105047 0.0036737 0.00107757 0.000259274 4.71628e-05 6.83643e-06 6.85593e-07 3.66156e-08 9.08805e-10
 2.56658e-27 2.5972e-27 4.04463e-26 7.99233e-20 1.95922e-14 5.80553e-10 2.07944e-06 0.00090032 0.0471195 0.298091 0.228285 0.0420422 0.15962 0.147158 0.0301301 0.0317139 0.0102526 0.00343646 0.000979896 0.000223154 3.94989e-05 5.215e-06 4.60851e-07 2.40654e-08 5.4364e-10
 2.56715e-27 2.59879e-27 4.18998e-26 8.29899e-20 2.0344e-14 6.02828e-10 2.15923e-06 0.000934864 0.0489274 0.309528 0.237006 0.0412483 0.147452 0.136033 0.0300635 0.0343371 0.0106548 0.0028416 0.000772918 0.000166656 2.79582e-05 3.51768e-06 2.83916e-07 1.31404e-08 2.8322e-10
 2.56821e-27 2.60159e-27 4.42963e-26 8.80451e-20 2.15832e-14 6.39549e-10 2.29076e-06 0.00099181 0.0519077 0.328383 0.251402 0.0411693 0.136736 0.125991 0.0254961 0.0264516 0.00831771 0.00240792 0.000616847 0.000108099 1.68272e-05 1.98838e-06 1.50697e-07 6.33644e-09 1.22131e-10
 2.5661e-27 2.59582e-27 3.9159e-26 7.72075e-20 1.89265e-14 5.60826e-10 2.00878e-06 0.000869726 0.0455183 0.287962 0.220566 0.0429825 0.1722 0.15866 0.0302695 0.0291017 0.00892902 0.00224173 0.00057634 0.000106094 1.43559e-05 1.45303e-06 1.01869e-07 3.97939e-09 6.94129e-11
 2.56408e-27 2.59045e-27 3.45072e-26 6.73944e-20 1.65209e-14 4.89545e-10 1.75347e-06 0.000759184 0.039733 0.251362 0.192626 0.0434714 0.19555 0.180436 0.0382619 0.0418333 0.0125594 0.00265164 0.0006354 0.000102921 1.41164e-05 1.34246e-06 7.88695e-08 2.77826e-09 4.46434e-11
 2.56466e-27 2.59211e-27 3.60605e-26 7.06717e-20 1.73243e-14 5.13351e-10 1.83874e-06 0.000796102 0.0416651 0.263585 0.201942 0.042329 0.180311 0.166524 0.038524 0.0459498 0.0140606 0.00339004 0.000797521 0.000108924 1.31969e-05 1.17524e-06 6.59956e-08 1.97618e-09 2.80991e-11
 2.56566e-27 2.59462e-27 3.80868e-26 7.49455e-20 1.8372e-14 5.44395e-10 1.94993e-06 0.000844246 0.0441848 0.279525 0.21413 0.0433761 0.179716 0.165585 0.0312788 0.0296546 0.0090079 0.00210731 0.00050439 7.44255e-05 8.28777e-06 6.20649e-07 3.14199e-08 8.8303e-10 1.08601e-11
 2.56585e-27 2.59511e-27 3.84942e-26 7.5805e-20 1.85827e-14 5.50638e-10 1.97229e-06 0.000853928 0.0446915 0.282731 0.216579 0.043489 0.178854 0.164748 0.030389 0.0278148 0.0081266 0.00136685 0.000304391 4.39669e-05 5.10433e-06 3.8134e-07 1.64035e-08 4.03737e-10 4.56528e-12
 2.56657e-27 2.59704e-27 4.01784e-26 7.93578e-20 1.94536e-14 5.76445e-10 2.06473e-06 0.000893949 0.0467861 0.295982 0.226693 0.0431826 0.169417 0.155993 0.0279968 0.0245617 0.00712383 0.00111221 0.000228386 2.45175e-05 2.59176e-06 1.94952e-07 8.50441e-09 1.8414e-10 1.79775e-12
 2.56583e-27 2.59497e-27 3.82859e-26 7.53653e-20 1.84749e-14 5.47444e-10 1.96085e-06 0.000848974 0.0444322 0.281091 0.215339 0.044215 0.185251 0.170495 0.0285853 0.0222509 0.00638803 0.000904329 0.000178465 1.75344e-05 1.54019e-06 9.12632e-08 3.83495e-09 8.34954e-11 7.37769e-13
 2.56736e-27 2.5992e-27 4.20898e-26 8.33899e-20 2.0442e-14 6.05734e-10 2.16964e-06 0.00093937 0.0491633 0.31102 0.238167 0.0425978 0.156906 0.144454 0.0260738 0.0230751 0.00658656 0.000840372 0.000158429 1.43155e-05 1.17243e-06 5.95118e-08 1.94669e-09 3.81103e-11 3.33106e-13
 2.56785e-27 2.60044e-27 4.31243e-26 8.55722e-20 2.0977e-14 6.21586e-10 2.22642e-06 0.000963953 0.0504498 0.31916 0.244386 0.0428605 0.154535 0.142123 0.0230575 0.0167919 0.00482426 0.000698637 0.000135269 1.11056e-05 8.41832e-07 3.88747e-08 1.11039e-09 1.71358e-11 1.28623e-13
 2.56717e-27 2.59862e-27 4.15113e-26 8.21693e-20 2.01428e-14 5.96868e-10 2.13788e-06 0.00092562 0.0484436 0.306468 0.234702 0.0433106 0.164764 0.151575 0.0249612 0.0187479 0.00531947 0.000648059 0.00012064 1.11004e-05 8.52101e-07 3.55383e-08 9.19591e-10 1.23779e-11 7.46012e-14
 2.5684e-27 2.60191e-27 4.44029e-26 8.82695e-20 2.16382e-14 6.41179e-10 2.29659e-06 0.000994338 0.05204 0.32922 0.252064 0.042645 0.1475 0.135593 0.0212068 0.0142119 0.00399794 0.000440886 7.70654e-05 5.97937e-06 4.44503e-07 2.01183e-08 4.92845e-10 5.93601e-12 3.12128e-14
 2.56802e-27 2.60088e-27 4.34765e-26 8.63151e-20 2.11591e-14 6.26982e-10 2.24574e-06 0.000972321 0.0508878 0.32193 0.246504 0.0429972 0.154087 0.141655 0.0219738 0.0144343 0.00404904 0.000428879 7.30247e-05 5.23514e-06 3.49529e-07 1.37857e-08 3.48479e-10 4.19598e-12 1.99486e-14
 2.56698e-27 2.59803e-27 4.09258e-26 8.09339e-20 1.984e-14 5.87894e-10 2.10574e-06 0.000911704 0.0477153 0.30186 0.231195 0.0440206 0.172631 0.158707 0.0239053 0.0145445 0.00405101 0.000389135 6.29035e-05 4.28631e-06 2.7027e-07 9.56604e-09 2.1057e-10 2.42749e-12 1.17029e-14
 2.56668e-27 2.59717e-27 4.01432e-26 7.92829e-20 1.94352e-14 5.75901e-10 2.06278e-06 0.000893105 0.0467419 0.295702 0.2265 0.0444702 0.179351 0.164857 0.0240759 0.0133844 0.00368569 0.000292058 4.163e-05 2.54423e-06 1.4679e-07 4.85076e-09 9.73496e-11 9.78659e-13 4.33673e-15
 2.56653e-27 2.59682e-27 3.98885e-26 7.87459e-20 1.93036e-14 5.72001e-10 2.04881e-06 0.000887057 0.0464253 0.2937 0.224964 0.0440695 0.177381 0.163157 0.025925 0.0180234 0.00499461 0.000408408 5.87012e-05 3.10533e-06 1.53581e-07 4.48774e-09 8.26157e-11 7.58313e-13 2.96198e-15
#obs surv len freq
 1.08279e-41 1.50284e-33 2.52132e-26 5.11319e-20 1.25344e-14 3.71417e-10 1.33036e-06 0.000575998 0.0301454 0.190709 0.146332 0.0400783 0.172901 0.146353 0.103989 0.102105 0.0447009 0.0176061 0.00397957 0.000497745 2.5509e-05 3.89567e-07 1.33091e-09 8.26546e-13 8.15921e-17
 1.6033e-41 2.22527e-33 3.73336e-26 7.57117e-20 1.85598e-14 5.49962e-10 1.96987e-06 0.000852888 0.0446367 0.282385 0.216352 0.0406467 0.126503 0.102114 0.0759972 0.0687817 0.0289719 0.0104034 0.00211549 0.000227915 9.52644e-06 1.12049e-07 2.83008e-10 1.26962e-13 8.94535e-18
 1.53477e-41 2.13015e-33 3.57377e-26 7.24754e-20 1.77665e-14 5.26454e-10 1.88567e-06 0.000816431 0.0427287 0.270315 0.207366 0.0500346 0.176969 0.128986 0.0564954 0.0426016 0.0170895 0.00551543 0.000987038 8.97413e-05 3.02071e-06 2.72851e-08 5.09858e-11 1.65258e-14 8.30268e-19
 1.0757e-41 1.493e-33 2.50482e-26 5.07973e-20 1.24524e-14 3.68986e-10 1.32165e-06 0.000572228 0.0299482 0.189463 0.145857 0.056405 0.229834 0.162885 0.0983278 0.0661139 0.0160427 0.00390292 0.000601616 4.51549e-05 1.20092e-06 8.25199e-09 1.13929e-11 2.67317e-15 9.59526e-20
 1.50204e-41 2.08473e-33 3.49756e-26 7.09299e-20 1.73876e-14 5.15227e-10 1.84546e-06 0.00079902 0.0418175 0.264551 0.202997 0.0472115 0.142211 0.104171 0.104027 0.0691775 0.0191129 0.00357 0.000332978 1.8795e-05 3.85956e-07 1.98736e-09 2.01237e-12 3.41301e-16 8.76633e-21
 1.19929e-41 1.66453e-33 2.7926e-26 5.66334e-20 1.3883e-14 4.11379e-10 1.47349e-06 0.000637971 0.0333889 0.211231 0.162838 0.0649403 0.231081 0.143972 0.0786162 0.0499611 0.0192385 0.0037825 0.000299872 1.03165e-05 1.40422e-07 5.23467e-10 3.83854e-13 4.67383e-17 8.56657e-22
 1.37762e-41 1.91205e-33 3.20786e-26 6.50547e-20 1.59474e-14 4.7255e-10 1.6926e-06 0.000732837 0.0383538 0.24264 0.1867 0.057903 0.174926 0.116497 0.1097 0.056932 0.0128697 0.00251117 0.000225884 6.52118e-06 5.58842e-08 1.29569e-10 6.47048e-14 5.55202e-18 7.20396e-23
 1.19353e-41 1.65654e-33 2.77918e-26 5.63613e-20 1.38163e-14 4.09402e-10 1.46641e-06 0.000634906 0.0332284 0.210219 0.162514 0.0723396 0.227612 0.133496 0.0937034 0.0493363 0.0147116 0.00206382 0.000136033 3.84039e-06 2.76114e-08 4.24298e-11 1.30224e-14 7.19705e-19 6.33455e-24
 1.51422e-41 2.10163e-33 3.52592e-26 7.1505e-20 1.75286e-14 5.19405e-10 1.86042e-06 0.000805499 0.0421566 0.2667 0.205457 0.0643385 0.166661 0.103961 0.0965453 0.0423195 0.00959298 0.00137867 8.0466e-05 1.60535e-06 9.53174e-09 1.2018e-11 2.63064e-15 9.35587e-20 5.19385e-25
 1.51883e-41 2.10804e-33 3.53668e-26 7.17231e-20 1.75821e-14 5.20989e-10 1.8661e-06 0.000807956 0.0422852 0.267517 0.206702 0.077907 0.198261 0.103627 0.0662689 0.0286185 0.00715723 0.000806662 3.90446e-05 6.62174e-07 2.85129e-09 2.66412e-12 4.54087e-16 1.21426e-20 4.72126e-26
 1.09594e-41 1.52109e-33 2.55195e-26 5.17531e-20 1.26867e-14 3.75929e-10 1.34652e-06 0.000582995 0.0305116 0.193041 0.150901 0.097043 0.257734 0.136135 0.0956916 0.0321298 0.00561521 0.000589511 2.44476e-05 3.18343e-07 1.07401e-09 7.38695e-13 8.93668e-17 1.73888e-21 5.02717e-27
 1.66578e-41 2.31199e-33 3.87884e-26 7.86621e-20 1.92831e-14 5.71393e-10 2.04664e-06 0.000886123 0.0463762 0.2934 0.226535 0.0712687 0.144755 0.0939783 0.089397 0.0284815 0.00457297 0.000337021 1.0413e-05 1.09846e-07 2.79118e-10 1.42081e-13 1.25978e-17 1.74739e-22 3.55507e-28
 1.33448e-41 1.85217e-33 3.1074e-26 6.30174e-20 1.5448e-14 4.57751e-10 1.63959e-06 0.000709886 0.0371526 0.235063 0.184165 0.110424 0.242699 0.106854 0.057907 0.0206711 0.00407383 0.000272487 6.28648e-06 4.56727e-08 8.55859e-11 3.22703e-14 2.07052e-18 2.06584e-23 3.01175e-29
 1.11479e-41 1.54726e-33 2.59585e-26 5.26433e-20 1.29049e-14 3.82395e-10 1.36968e-06 0.000593023 0.0310365 0.196377 0.155216 0.111797 0.235112 0.138088 0.104307 0.0242279 0.00302639 0.000212947 4.80515e-06 2.6855e-08 3.43346e-11 8.90709e-15 4.07236e-19 2.91504e-24 3.0294e-30
 8.75069e-42 1.21454e-33 2.03764e-26 4.13229e-20 1.01298e-14 3.00165e-10 1.07514e-06 0.0004655 0.0243624 0.154167 0.124259 0.123469 0.249337 0.159885 0.124545 0.0346281 0.00467017 0.000207911 3.58976e-06 1.8261e-08 1.88269e-11 3.46158e-15 1.06962e-19 5.21905e-25 3.77779e-31
 1.41508e-41 1.96404e-33 3.29508e-26 6.68236e-20 1.6381e-14 4.854e-10 1.73862e-06 0.000752764 0.0393967 0.24927 0.195401 0.0945877 0.15981 0.126431 0.101516 0.0285813 0.00405807 0.000190652 2.56758e-06 8.91222e-09 7.19411e-12 1.06715e-15 2.48749e-20 8.56822e-26 4.2342e-32
 9.74896e-42 1.35309e-33 2.27009e-26 4.6037e-20 1.12854e-14 3.34408e-10 1.19779e-06 0.000518604 0.0271417 0.171792 0.141642 0.162121 0.272785 0.12625 0.0722102 0.0222029 0.00318526 0.000147858 1.93621e-06 5.62698e-09 3.20338e-12 3.32899e-16 5.79e-21 1.52127e-26 5.61485e-33
 1.43754e-41 1.99521e-33 3.34737e-26 6.7884e-20 1.6641e-14 4.93102e-10 1.76621e-06 0.000764709 0.0400219 0.253252 0.200453 0.108075 0.161496 0.135589 0.0835839 0.0150667 0.00162181 7.32231e-05 8.97243e-07 2.35416e-09 1.13007e-12 8.90195e-17 1.08616e-21 1.98046e-27 5.21094e-34
 1.00405e-41 1.39356e-33 2.33798e-26 4.74137e-20 1.16229e-14 3.44408e-10 1.23361e-06 0.000534112 0.0279535 0.176986 0.149595 0.183657 0.261284 0.121038 0.0618877 0.0155854 0.00143628 4.13708e-05 4.07411e-07 9.32811e-10 3.81634e-13 2.48131e-17 2.3912e-22 3.26362e-28 6.13601e-35
 1.28755e-41 1.78704e-33 2.99812e-26 6.08014e-20 1.49047e-14 4.41655e-10 1.58194e-06 0.000684923 0.0358463 0.226893 0.184162 0.132479 0.181509 0.152299 0.0739316 0.0112326 0.000933204 2.63807e-05 1.83544e-07 2.94662e-10 9.43325e-14 4.95215e-18 3.81873e-23 4.10228e-29 5.95179e-36
 1.41431e-41 1.96297e-33 3.29329e-26 6.67872e-20 1.63721e-14 4.85135e-10 1.73768e-06 0.000752354 0.0393755 0.249279 0.204998 0.159306 0.187309 0.101279 0.0474599 0.00959056 0.000636989 1.27574e-05 7.51951e-08 9.29418e-11 2.05301e-14 7.6036e-19 4.36489e-24 3.58698e-30 3.99969e-37
 1.1303e-41 1.56878e-33 2.63195e-26 5.33754e-20 1.30844e-14 3.87713e-10 1.38873e-06 0.000601271 0.0314686 0.199361 0.172939 0.196979 0.225496 0.122245 0.0442083 0.00628282 0.000410217 7.71754e-06 3.32458e-08 3.04261e-11 5.14578e-15 1.38621e-19 5.52632e-25 3.1514e-31 2.49833e-38
 1.37989e-41 1.91519e-33 3.21313e-26 6.51616e-20 1.59736e-14 4.73327e-10 1.69538e-06 0.000734041 0.0384173 0.243308 0.203719 0.160639 0.179043 0.125516 0.0432474 0.00513385 0.000236995 3.4875e-06 1.30218e-08 9.30568e-12 1.1294e-15 2.19646e-20 6.4175e-26 2.64955e-32 1.48454e-39
 1.35277e-41 1.87755e-33 3.14998e-26 6.38809e-20 1.56597e-14 4.64024e-10 1.66206e-06 0.000719614 0.0376626 0.238674 0.206697 0.193708 0.188148 0.0975125 0.0324811 0.00422461 0.000169109 1.81065e-06 4.83186e-09 2.66843e-12 2.53914e-16 3.68655e-21 7.71017e-27 2.25652e-33 9.02861e-41
 1.18447e-41 1.64396e-33 2.75809e-26 5.59335e-20 1.37114e-14 4.06295e-10 1.45528e-06 0.000630087 0.0329775 0.209188 0.18992 0.213764 0.206895 0.113523 0.0300048 0.00298477 0.00011056 1.05923e-06 2.1416e-09 8.26479e-13 5.58098e-17 5.98172e-22 9.37633e-28 2.03195e-34 5.8878e-42
 1.06255e-41 1.47475e-33 2.4742e-26 5.01763e-20 1.23001e-14 3.64475e-10 1.30549e-06 0.000565233 0.0295838 0.18787 0.177943 0.220897 0.2174 0.130143 0.0326742 0.00284394 7.88205e-05 5.94293e-07 1.00242e-09 3.04245e-13 1.48771e-17 1.10992e-22 1.21331e-28 1.86949e-35 3.92109e-43
 1.04799e-41 1.45454e-33 2.44028e-26 4.94885e-20 1.21315e-14 3.59479e-10 1.2876e-06 0.000557485 0.029179 0.185466 0.179482 0.221285 0.216889 0.132234 0.0321645 0.00267863 6.33303e-05 3.63704e-07 4.49938e-10 1.03961e-13 3.9346e-18 2.21482e-23 1.75643e-29 1.90636e-36 2.78069e-44
 1.2644e-41 1.7549e-33 2.94421e-26 5.97079e-20 1.46367e-14 4.33712e-10 1.55349e-06 0.000672607 0.0352037 0.223474 0.203983 0.199415 0.192769 0.114321 0.0277908 0.0023157 5.3317e-05 2.81384e-07 2.94051e-10 5.43678e-14 1.63841e-18 7.50072e-24 4.92163e-30 4.42644e-37 5.29124e-45
#pred catch len freq
 2.55606e-27 2.56952e-27 1.7008e-26 3.04825e-20 7.47243e-15 2.21421e-10 7.93094e-07 0.00034338 0.0179712 0.113692 0.0874516 0.0401939 0.244496 0.22645 0.0611587 0.0831377 0.0353747 0.0266761 0.0161462 0.0121109 0.00940328 0.00806891 0.00804605 0.00711019 0.00216797
 2.55766e-27 2.57419e-27 2.1297e-26 3.95308e-20 9.69051e-15 2.87147e-10 1.02851e-06 0.000445307 0.0233058 0.147439 0.113179 0.0375919 0.206625 0.192585 0.0751892 0.123302 0.0419853 0.0176275 0.0077709 0.00434783 0.00273786 0.00200722 0.00177144 0.00156471 0.000522697
 2.56011e-27 2.58039e-27 2.63127e-26 5.01103e-20 1.22839e-14 3.63995e-10 1.30377e-06 0.000564482 0.0295429 0.186897 0.143353 0.040396 0.206763 0.191708 0.0568197 0.0818052 0.032127 0.0197332 0.00634187 0.00197532 0.00081853 0.000453812 0.000330521 0.00027401 9.47546e-05
 2.55867e-27 2.57626e-27 2.24273e-26 4.19128e-20 1.02744e-14 3.04449e-10 1.09049e-06 0.000472139 0.0247101 0.156323 0.120054 0.043322 0.2454 0.227112 0.058654 0.0768418 0.0270264 0.0126626 0.00494505 0.0018102 0.000411233 0.000126935 6.47485e-05 4.6068e-05 1.57641e-05
 2.55866e-27 2.57652e-27 2.29374e-26 4.29898e-20 1.05384e-14 3.12273e-10 1.11851e-06 0.000484271 0.025345 0.16034 0.123081 0.0407688 0.223845 0.207832 0.0663363 0.0991899 0.0333827 0.013181 0.00432912 0.00139208 0.000387868 7.44011e-05 1.79341e-05 9.05088e-06 2.90006e-06
 2.55966e-27 2.57907e-27 2.50224e-26 4.73877e-20 1.16165e-14 3.44219e-10 1.23293e-06 0.000533813 0.0279378 0.176743 0.13562 0.0416574 0.221797 0.205536 0.0585361 0.0820555 0.0293837 0.014294 0.004417 0.00115826 0.00026535 5.39876e-05 7.63496e-06 1.73489e-06 4.61105e-07
 2.55955e-27 2.57863e-27 2.45064e-26 4.62988e-20 1.13496e-14 3.36309e-10 1.2046e-06 0.000521546 0.0272958 0.172682 0.132537 0.0427955 0.232624 0.215353 0.0571458 0.0763215 0.0262378 0.011271 0.0038007 0.00114711 0.000224685 3.6818e-05 4.72444e-06 4.83396e-07 7.41432e-08
 2.56014e-27 2.58019e-27 2.58439e-26 4.912e-20 1.20412e-14 3.56802e-10 1.278e-06 0.000553327 0.0289591 0.183204 0.14057 0.0427108 0.226336 0.209525 0.0556885 0.0744061 0.0247507 0.0093404 0.00291974 0.000819985 0.000183271 2.82261e-05 2.8871e-06 2.08851e-07 1.35079e-08
 2.56108e-27 2.58262e-27 2.78806e-26 5.34162e-20 1.30943e-14 3.88008e-10 1.38978e-06 0.000601722 0.031492 0.199227 0.15281 0.0430346 0.2202 0.203662 0.0510187 0.065209 0.021615 0.00802925 0.00237409 0.000584781 0.000118736 1.93305e-05 1.9221e-06 1.07844e-07 3.74989e-09
 2.56288e-27 2.58738e-27 3.1985e-26 6.20745e-20 1.52168e-14 4.50901e-10 1.61505e-06 0.000699256 0.0365966 0.23152 0.177464 0.0427212 0.200494 0.185288 0.0443433 0.0545713 0.0178006 0.0061734 0.00180424 0.000431361 7.82323e-05 1.13176e-05 1.13398e-06 6.05419e-08 1.50244e-09
 2.56169e-27 2.58403e-27 2.88972e-26 5.556e-20 1.36199e-14 4.03581e-10 1.44556e-06 0.000625872 0.0327559 0.207223 0.158941 0.0446432 0.228134 0.210572 0.0448047 0.0492397 0.01589 0.00526634 0.00149577 0.000338335 5.97027e-05 7.86705e-06 6.94556e-07 3.62553e-08 8.18899e-10
 2.5624e-27 2.58601e-27 3.07028e-26 5.93692e-20 1.45537e-14 4.31251e-10 1.54467e-06 0.000668782 0.0350016 0.221431 0.169773 0.0435927 0.212529 0.196323 0.0450314 0.0533043 0.0165148 0.00435022 0.00117811 0.00025227 4.21896e-05 5.29752e-06 4.27167e-07 1.97623e-08 4.2588e-10
 2.56347e-27 2.58881e-27 3.30757e-26 6.43747e-20 1.57807e-14 4.6761e-10 1.6749e-06 0.000725167 0.0379527 0.240099 0.184032 0.0438023 0.204107 0.188328 0.0395736 0.0428763 0.0134634 0.0038541 0.000983889 0.000171212 2.65632e-05 3.13235e-06 2.37169e-07 9.96824e-09 1.92099e-10
 2.5617e-27 2.58393e-27 2.86805e-26 5.51023e-20 1.35077e-14 4.00256e-10 1.43365e-06 0.000620716 0.032486 0.205516 0.157655 0.0457086 0.237145 0.218691 0.0426913 0.0423218 0.0129627 0.00320729 0.000820853 0.000150018 2.02371e-05 2.04352e-06 1.43119e-07 5.58836e-09 9.74618e-11
 2.56004e-27 2.57955e-27 2.49318e-26 4.71948e-20 1.15692e-14 3.42817e-10 1.22791e-06 0.000531639 0.0278241 0.176023 0.135135 0.0457427 0.253227 0.233807 0.0503886 0.0560503 0.0167966 0.00348684 0.000831217 0.000133614 1.82634e-05 1.73308e-06 1.01709e-07 3.58104e-09 5.75326e-11
 2.56124e-27 2.5829e-27 2.79665e-26 5.35969e-20 1.31386e-14 3.89321e-10 1.39448e-06 0.000603758 0.0315985 0.199901 0.153344 0.0442261 0.228892 0.211483 0.0488132 0.0580972 0.0177245 0.00418499 0.000979519 0.00013271 1.60186e-05 1.42309e-06 7.98283e-08 2.38921e-09 3.3965e-11
 2.56226e-27 2.58539e-27 2.99268e-26 5.77314e-20 1.41522e-14 4.19354e-10 1.50205e-06 0.000650332 0.034036 0.215322 0.165142 0.0457161 0.231942 0.213806 0.0403202 0.0381344 0.0115502 0.00264623 0.000629953 9.22166e-05 1.02348e-05 7.64508e-07 3.86573e-08 1.08588e-09 1.33521e-11
 2.56256e-27 2.58617e-27 3.05766e-26 5.91021e-20 1.44882e-14 4.2931e-10 1.53772e-06 0.000665772 0.0348441 0.220434 0.169048 0.045839 0.230133 0.212079 0.0389802 0.0354868 0.0103469 0.00170459 0.000376957 5.40101e-05 6.24847e-06 4.65714e-07 2.001e-08 4.9222e-10 5.56455e-12
 2.56346e-27 2.58859e-27 3.26882e-26 6.35565e-20 1.55801e-14 4.61666e-10 1.65361e-06 0.000715951 0.0374703 0.237048 0.181728 0.0454805 0.218496 0.201276 0.035896 0.0311711 0.0090226 0.00137923 0.000281243 2.99509e-05 3.15267e-06 2.36559e-07 1.0308e-08 2.23071e-10 2.17729e-12
 2.56256e-27 2.58608e-27 3.0397e-26 5.87228e-20 1.43952e-14 4.26555e-10 1.52785e-06 0.0006615 0.0346205 0.21902 0.167982 0.046736 0.237708 0.218871 0.0365901 0.0283221 0.00811739 0.00112649 0.000220704 2.15176e-05 1.88235e-06 1.11229e-07 4.66797e-09 1.01577e-10 8.97329e-13
 2.56416e-27 2.5905e-27 3.43824e-26 6.71306e-20 1.64563e-14 4.87628e-10 1.7466e-06 0.000756212 0.0395774 0.250378 0.191898 0.0449293 0.207156 0.190827 0.0343325 0.0302278 0.00861573 0.00107828 0.000201707 1.80887e-05 1.47518e-06 7.46766e-08 2.43947e-09 4.77254e-11 4.17044e-13
 2.56455e-27 2.59145e-27 3.51411e-26 6.87309e-20 1.68486e-14 4.99253e-10 1.78824e-06 0.000774239 0.0405209 0.256347 0.196464 0.0454521 0.207926 0.19135 0.0310226 0.0225587 0.00647067 0.000919079 0.000176776 1.44084e-05 1.08734e-06 5.00747e-08 1.42837e-09 2.20277e-11 1.65291e-13
 2.56432e-27 2.59085e-27 3.46049e-26 6.75998e-20 1.65713e-14 4.91036e-10 1.75881e-06 0.000761498 0.039854 0.252128 0.193245 0.0455858 0.211205 0.194387 0.0317598 0.0234693 0.006648 0.000793594 0.000146458 1.33722e-05 1.02239e-06 4.25234e-08 1.09879e-09 1.47793e-11 8.90459e-14
 2.56537e-27 2.59365e-27 3.70582e-26 7.2775e-20 1.78399e-14 5.28628e-10 1.89346e-06 0.000819795 0.0429051 0.27143 0.207976 0.0451145 0.197269 0.181461 0.028279 0.0187877 0.00527818 0.000571267 9.89791e-05 7.62406e-06 5.64094e-07 2.54624e-08 6.22968e-10 7.49773e-12 3.94114e-14
 2.56526e-27 2.59336e-27 3.67887e-26 7.22064e-20 1.77005e-14 5.24498e-10 1.87867e-06 0.00081339 0.0425699 0.269309 0.20636 0.0452857 0.199707 0.18369 0.0282855 0.0182413 0.00510917 0.000530723 8.95067e-05 6.37119e-06 4.23297e-07 1.66478e-08 4.20218e-10 5.05634e-12 2.40311e-14
 2.56468e-27 2.59173e-27 3.53103e-26 6.90875e-20 1.6936e-14 5.01843e-10 1.79752e-06 0.000778257 0.0407312 0.257677 0.197489 0.0460206 0.211532 0.194533 0.0289513 0.0170295 0.00473447 0.00044574 7.12519e-05 4.82064e-06 3.02409e-07 1.06733e-08 2.34587e-10 2.70226e-12 1.30233e-14
 2.56395e-27 2.58973e-27 3.35116e-26 6.52928e-20 1.60057e-14 4.74279e-10 1.69879e-06 0.00073551 0.038494 0.243524 0.186695 0.046834 0.225306 0.207179 0.0300329 0.0163107 0.00448558 0.000349415 4.91779e-05 2.98547e-06 1.71305e-07 5.64479e-09 1.13112e-10 1.13621e-12 5.033e-15
 2.56376e-27 2.58928e-27 3.3179e-26 6.45914e-20 1.58338e-14 4.69184e-10 1.68054e-06 0.000727609 0.0380804 0.240908 0.184689 0.0463496 0.223029 0.205223 0.0323211 0.0220141 0.00609331 0.000489683 6.95381e-05 3.65677e-06 1.79752e-07 5.23724e-09 9.62558e-11 8.82787e-13 3.44686e-15
#obs catch len freq
 4.98924e-42 6.92473e-34 1.16177e-26 2.35604e-20 5.77556e-15 1.7114e-10 6.12997e-07 0.000265407 0.0138903 0.0878754 0.0678244 0.0398406 0.218509 0.186557 0.144082 0.143767 0.0645562 0.0259719 0.00603668 0.000780838 4.18903e-05 6.72245e-07 2.40108e-09 1.54684e-12 1.57308e-16
 5.70838e-42 7.92285e-34 1.32922e-26 2.69564e-20 6.60804e-15 1.95808e-10 7.01353e-07 0.000303662 0.0158924 0.100542 0.0776061 0.0435501 0.222573 0.181161 0.14327 0.13151 0.0573571 0.0212247 0.00448629 0.000501322 2.17934e-05 2.676e-07 7.04877e-10 3.28108e-13 2.38433e-17
 1.08254e-41 1.5025e-33 2.52076e-26 5.11204e-20 1.25316e-14 3.71333e-10 1.33006e-06 0.000575868 0.0301386 0.190667 0.146473 0.0451205 0.181154 0.140479 0.113717 0.0956095 0.0399008 0.0133865 0.00252669 0.000240973 8.45525e-06 7.93095e-08 1.53674e-10 5.15284e-14 2.66841e-18
 1.11269e-41 1.54434e-33 2.59095e-26 5.25439e-20 1.28805e-14 3.81673e-10 1.36709e-06 0.000591904 0.0309779 0.195977 0.150875 0.0584732 0.238332 0.164557 0.0768457 0.0543197 0.0214658 0.00643491 0.00106074 8.46232e-05 2.369e-06 1.69371e-08 2.41634e-11 5.83819e-15 2.15277e-19
 7.84438e-42 1.08875e-33 1.8266e-26 3.70431e-20 9.08068e-15 2.69077e-10 9.63791e-07 0.000417288 0.0218392 0.138165 0.106991 0.064726 0.273454 0.184431 0.116941 0.0716314 0.0169352 0.00388457 0.000547475 3.57368e-05 7.83911e-07 4.23579e-09 4.4453e-12 7.75477e-16 2.04012e-20
 1.25654e-41 1.744e-33 2.92592e-26 5.93372e-20 1.45458e-14 4.31019e-10 1.54384e-06 0.000668429 0.0349829 0.221315 0.170216 0.0529143 0.172674 0.122341 0.125314 0.07568 0.0201709 0.00341399 0.00029376 1.44536e-05 2.43047e-07 9.78655e-10 7.50446e-13 9.44032e-17 1.77463e-21
 1.03665e-41 1.43879e-33 2.41388e-26 4.89529e-20 1.20002e-14 3.55589e-10 1.27366e-06 0.000551452 0.0288608 0.182587 0.141342 0.073673 0.260074 0.153522 0.0861444 0.0509893 0.0187293 0.00328626 0.000231849 6.89952e-06 7.7444e-08 2.25201e-10 1.24679e-13 1.1237e-17 1.50539e-22
 1.27879e-41 1.77488e-33 2.97772e-26 6.03876e-20 1.48033e-14 4.38649e-10 1.57117e-06 0.000680262 0.0356022 0.225235 0.173718 0.0643018 0.19202 0.123649 0.116222 0.0543781 0.0118957 0.0021262 0.000166169 4.0237e-06 2.81125e-08 5.1094e-11 1.92823e-14 1.22318e-18 1.15875e-23
 1.14832e-41 1.5938e-33 2.67392e-26 5.42267e-20 1.3293e-14 3.93897e-10 1.41087e-06 0.00061086 0.03197 0.20226 0.156846 0.0798973 0.239573 0.134335 0.0942661 0.0457571 0.0127905 0.00159693 9.40378e-05 2.2075e-06 1.26432e-08 1.50839e-11 3.50477e-15 1.43436e-19 9.2135e-25
 1.51415e-41 2.10154e-33 3.52578e-26 7.1502e-20 1.75279e-14 5.19383e-10 1.86035e-06 0.000805465 0.0421548 0.266691 0.205771 0.0695555 0.171118 0.10371 0.0937842 0.0373002 0.00802454 0.00103038 5.18296e-05 8.64329e-07 4.09039e-09 3.95839e-12 6.51895e-16 1.7179e-20 6.97325e-26
 1.55009e-41 2.15142e-33 3.60945e-26 7.31989e-20 1.79438e-14 5.31709e-10 1.90449e-06 0.000824581 0.0431553 0.273024 0.211297 0.0831776 0.197193 0.098565 0.0618609 0.024621 0.00568873 0.000566802 2.38e-05 3.31298e-07 1.12989e-09 8.10808e-13 1.03559e-16 2.04542e-21 5.81946e-27
 1.15305e-41 1.60036e-33 2.68493e-26 5.445e-20 1.33478e-14 3.95519e-10 1.41668e-06 0.000613375 0.0321016 0.203104 0.159157 0.103782 0.253544 0.129144 0.0872932 0.0265037 0.00433901 0.000402987 1.42088e-05 1.51539e-07 4.0223e-10 2.1118e-13 1.91173e-17 2.74248e-22 5.78802e-28
 1.72518e-41 2.39443e-33 4.01715e-26 8.1467e-20 1.99707e-14 5.91768e-10 2.11962e-06 0.000917721 0.0480298 0.303864 0.234878 0.0749008 0.140551 0.0901984 0.0799724 0.0230707 0.00338973 0.000218777 5.79425e-06 4.95881e-08 9.85373e-11 3.81778e-14 2.52526e-18 2.57857e-23 3.82635e-29
 1.3961e-41 1.9377e-33 3.2509e-26 6.59275e-20 1.61613e-14 4.7889e-10 1.71531e-06 0.000742669 0.0388684 0.245924 0.193166 0.116448 0.234297 0.0988242 0.0515386 0.017029 0.00298572 0.000171899 3.34218e-06 1.97157e-08 2.88511e-11 8.2464e-15 3.93835e-19 2.88827e-24 3.06797e-30
 1.18467e-41 1.64424e-33 2.75855e-26 5.59429e-20 1.37137e-14 4.06364e-10 1.45553e-06 0.000630193 0.0329819 0.208693 0.165461 0.118581 0.228486 0.13215 0.0915434 0.0191308 0.0022057 0.00013401 2.48682e-06 1.11143e-08 1.10578e-11 2.17479e-15 7.39094e-20 3.88299e-25 2.93754e-31
 9.44275e-42 1.31059e-33 2.19879e-26 4.4591e-20 1.0931e-14 3.23904e-10 1.16017e-06 0.000502314 0.0262892 0.166369 0.134687 0.131814 0.244024 0.154897 0.110058 0.0279289 0.00330115 0.000126305 1.82582e-06 7.3502e-09 5.82565e-12 8.08445e-16 1.85601e-20 6.64431e-26 3.49739e-32
 1.50179e-41 2.08439e-33 3.497e-26 7.09184e-20 1.73848e-14 5.15144e-10 1.84516e-06 0.000798891 0.0418108 0.264552 0.207778 0.098745 0.153269 0.120516 0.0871433 0.0224818 0.00279108 0.000110594 1.21629e-06 3.35861e-09 2.08444e-12 2.31957e-16 4.00294e-21 1.01128e-26 3.63667e-33
 1.0518e-41 1.45983e-33 2.44917e-26 4.96687e-20 1.21757e-14 3.60788e-10 1.29228e-06 0.000559514 0.0292829 0.185361 0.153599 0.170109 0.260958 0.117731 0.0625215 0.0176062 0.00218573 8.52914e-05 9.00548e-07 2.04697e-09 8.91595e-13 6.95351e-17 8.93264e-22 1.71641e-27 4.60585e-34
 1.53102e-41 2.12495e-33 3.56505e-26 7.22985e-20 1.77231e-14 5.25169e-10 1.88107e-06 0.000814438 0.0426245 0.269732 0.213944 0.111573 0.153625 0.126521 0.0687672 0.0112771 0.00107894 4.06978e-05 3.98747e-07 8.11303e-10 2.95232e-13 1.73624e-17 1.56322e-22 2.08292e-28 3.97511e-35
 1.08737e-41 1.50919e-33 2.53199e-26 5.13482e-20 1.25874e-14 3.72988e-10 1.33598e-06 0.000578434 0.0302732 0.191699 0.162873 0.190603 0.247414 0.111495 0.0523244 0.0117926 0.000922619 2.24402e-05 1.77766e-07 3.1362e-10 9.66605e-14 4.66707e-18 3.30706e-23 3.29521e-29 4.49717e-36
 1.38565e-41 1.9232e-33 3.22656e-26 6.5434e-20 1.60404e-14 4.75305e-10 1.70247e-06 0.000737109 0.0385776 0.244202 0.198757 0.136257 0.173038 0.140003 0.0596275 0.00819532 0.000589919 1.36548e-05 7.55868e-08 9.39253e-11 2.26118e-14 8.77758e-19 4.95842e-24 3.8777e-30 4.07698e-37
 1.50995e-41 2.09571e-33 3.51599e-26 7.13036e-20 1.74792e-14 5.17942e-10 1.85518e-06 0.00080323 0.0420383 0.266166 0.219513 0.161324 0.173664 0.0908096 0.0384581 0.00683446 0.00038181 6.33841e-06 2.95254e-08 2.7928e-11 4.63345e-15 1.2684e-19 5.31936e-25 3.17204e-31 2.55639e-38
 1.22408e-41 1.69894e-33 2.85032e-26 5.7804e-20 1.417e-14 4.19882e-10 1.50395e-06 0.000651158 0.0340797 0.215948 0.188087 0.200667 0.211345 0.109414 0.0350967 0.00445961 0.000246046 3.73735e-06 1.26507e-08 8.85951e-12 1.12012e-15 2.22507e-20 6.48039e-26 2.67929e-32 1.53131e-39
 1.48039e-41 2.05468e-33 3.44715e-26 6.99075e-20 1.7137e-14 5.07801e-10 1.81886e-06 0.000787504 0.0412155 0.261071 0.219154 0.162043 0.167824 0.110745 0.0335255 0.00349503 0.000135896 1.62582e-06 4.72545e-09 2.56242e-12 2.32099e-16 3.32288e-21 7.07781e-27 2.11762e-33 8.56227e-41
 1.4508e-41 2.01361e-33 3.37825e-26 6.85102e-20 1.67945e-14 4.97651e-10 1.7825e-06 0.000771763 0.0403921 0.256031 0.222345 0.19383 0.173507 0.085013 0.0251882 0.00282627 9.36102e-05 8.08162e-07 1.68072e-09 7.02688e-13 4.96678e-17 5.29764e-22 8.075e-28 1.7112e-34 4.93307e-42
 1.282e-41 1.77934e-33 2.98521e-26 6.05394e-20 1.48405e-14 4.39752e-10 1.57512e-06 0.000681973 0.0356935 0.226496 0.206232 0.21476 0.1929 0.0983529 0.0228442 0.00197772 6.04784e-05 4.60111e-07 7.18859e-10 2.09688e-13 1.05065e-17 8.24999e-23 9.40108e-29 1.47402e-35 3.07935e-43
 1.15918e-41 1.60887e-33 2.69921e-26 5.47393e-20 1.34187e-14 3.97621e-10 1.42421e-06 0.000616636 0.0322747 0.205057 0.194728 0.22291 0.20506 0.112707 0.0247593 0.00184351 4.20264e-05 2.51808e-07 3.25983e-10 7.43353e-14 2.69249e-18 1.47142e-23 1.16806e-29 1.29913e-36 1.9594e-44
 1.14505e-41 1.58925e-33 2.6663e-26 5.4072e-20 1.32551e-14 3.92773e-10 1.40685e-06 0.000609118 0.0318812 0.202532 0.191318 0.21622 0.208957 0.119468 0.0269529 0.00201958 4.18811e-05 2.05877e-07 2.13439e-10 4.07027e-14 1.26006e-18 5.77084e-24 3.70709e-30 3.24594e-37 3.80604e-45
#spawning biomass
 11573.6 11213.2 14735.4 20495.4 27159.2 33124.8 40608.4 45984.9 55759.1 78608.1 105709 134003 173703 174318 158380 144628 127329 123527 123521 118374 118813 127600 144660 151322 179255 178532 146684 129999 120381 197114 239518 248374 238572 220518 200454 181730 165789 152961 143021 135520 129966 125909 122944 120770 119256 118200 117464 116951 116594 116345 116172 116051 115966 115908 115867 115838 115818 115804 115795 115788 115783 115780 115778 115776 115775 115774 115774 115773 115773 115773 115773 115773 115773 115773 115773 115773 115773 115773 115773 115773 115773 115773 115773 115773 115773 115773 115773 115773 115773 115773 115773 115773 115773 115773 115773 115773 115773 115773 115773 115773 115773 115773 115773 115773 115773 115773 115773 115773 115773 115773 115773 115773 115773 115773 115773 115773 115773 115773 115773 115773 115773 115773 115773 115773 115773 115773 115773 115773 0 0 0 0 0 0 0 0 0 0 0 0 0 0 0 0 0 0 0 0 0 0 0 0 0
