SBPRF35
0.361632
Curr Bio
29756.4
B35
103558
F35
0.36617
FOFL
0.0907471
OFL
3607.68
Bzero
103323
#pred survey bio
 5818.42 6330.45 7251.29 9140.76 11728.3 14516 14217 13496 20243.2 31375.6 34115.2 38565.6 59819.9 74003.4 63798.9 54311.8 50670.1 56410.6 53360.4 52153.3 51277 54070.2 61873.5 63763 70377.5 66735.4 64408.7 64068.5 78043.7 2.8127e+06 2.45481e+06 2.45022e+06 2.08104e+06 1.72809e+06 1.47868e+06 1.32091e+06 1.22621e+06 1.17074e+06 1.13847e+06 1.11961e+06 1.10842e+06 1.10164e+06 1.09742e+06 1.09471e+06 1.09291e+06 1.0917e+06 1.09086e+06 1.09027e+06 1.08985e+06 1.08955e+06 1.08933e+06 1.08917e+06 1.08905e+06 1.08896e+06 1.0889e+06 1.08885e+06 1.08881e+06 1.08879e+06 1.08877e+06 1.08875e+06 1.08874e+06 1.08873e+06 1.08872e+06 1.08872e+06 1.08872e+06 1.08871e+06 1.08871e+06 1.08871e+06 1.08871e+06 1.08871e+06 1.08871e+06 1.08871e+06 1.08871e+06 1.08871e+06 1.08871e+06 1.08871e+06 1.08871e+06 1.08871e+06 1.08871e+06 1.08871e+06 1.08871e+06 1.08871e+06 1.08871e+06 1.08871e+06 1.08871e+06 1.08871e+06 1.08871e+06 1.08871e+06 1.08871e+06 1.08871e+06 1.08871e+06 1.08871e+06 1.08871e+06 1.08871e+06 1.08871e+06 1.08871e+06 1.08871e+06 1.08871e+06 1.08871e+06 1.08871e+06 1.08871e+06 1.08871e+06 1.08871e+06 1.08871e+06 1.08871e+06 1.08871e+06 1.08871e+06 1.08871e+06 1.08871e+06 1.08871e+06 1.08871e+06 1.08871e+06 1.08871e+06 1.08871e+06 1.08871e+06 1.08871e+06 1.08871e+06 1.08871e+06 1.08871e+06 1.08871e+06 1.08871e+06 1.08871e+06 1.08871e+06 1.08871e+06 1.08871e+06 1.08871e+06 1.08871e+06 1.08871e+06 1.08871e+06 0 0 0 0 0 0 0 0 0 0 0 0 0 0 0 0 0 0 0 0 0 0 0 0 0
#obs survey bio
 4886.41 5886.6 9449.67 11500.2 17681.7 14587.8 10897.7 17990 45069.4 25045.1 39608.2 48628.8 60770.6 58392.2 73165.2 48258.4 69244.4 70083.5 57159.4 53753.4 54024.2 71103.6 108289 95150.9 63568.8 51435.4 68901.6 77354.8 93575.4
#pred catch bio
 3135.62 3573.71 3824.08 4844.38 5956.88 8421.96 9336.31 8177.5 9072.74 18072 23775.5 20776.1 33374.5 50348.5 43908.8 37862.2 29888.5 37798.9 35475.7 35357.9 34703.6 33108.9 41670.8 40258.3 47429.6 43987.8 44116.3 41313.6 57303.5 3607.68 26029.4 28410.9 23642.8 18925.1 15686.2 13707.6 12568.5 11935.8 11592.4 11408.9 11311.8 11260.9 11234.2 11220.3 11213.1 11209.4 11207.4 11206.4 11205.9 11205.7 11205.5 11205.5 11205.4 11205.4 11205.4 11205.4 11205.4 11205.4 11205.4 11205.4 11205.4 11205.4 11205.4 11205.4 11205.4 11205.4 11205.4 11205.4 11205.4 11205.4 11205.4 11205.4 11205.4 11205.4 11205.4 11205.4 11205.4 11205.4 11205.4 11205.4 11205.4 11205.4 11205.4 11205.4 11205.4 11205.4 11205.4 11205.4 11205.4 11205.4 11205.4 11205.4 11205.4 11205.4 11205.4 11205.4 11205.4 11205.4 11205.4 11205.4 11205.4 11205.4 11205.4 11205.4 11205.4 11205.4 11205.4 11205.4 11205.4 11205.4 11205.4 11205.4 11205.4 11205.4 11205.4 11205.4 11205.4 11205.4 11205.4 11205.4 11205.4 11205.4 11205.4 11205.4 11205.4 11205.4 11205.4 11205.4 11205.4 0 0 0 0 0 0 0 0 0 0 0 0 0 0 0 0 0 0 0 0 0 0 0 0 0
#obs catch bio
 3312.08 3614.05 3727.66 4753.95 5742.81 8179.02 9490.14 8280.23 8635.06 17599.9 24300.8 20407.4 32563.8 50966.8 44405.1 38508.5 28861.9 37106 35084.1 35407.9 35562.2 32575.4 42031 39722.5 47980.7 44400.3 44429.9 41289.9 58072.2
#pred cpue bio
 4076.88 4174.87 4665.45 5855.77 7438.59 9597.75 9782.86 8507.09 11189.2 20026.8 22575.4 21689.9 35436.3 47610.6 42168.2 35365.8 31350.8 36680.3 33908.6 33097.2 31950.7 32824.9 38995.3 39126.1 44134.6 42740.4 41286.3 39229.2 46042.8 1.64814e+06 1.98637e+06 2.25522e+06 1.92713e+06 1.57498e+06 1.32493e+06 1.16699e+06 1.07225e+06 1.01676e+06 984499 965638 954451 947668 943445 940732 938933 937722 936887 936300 935881 935578 935358 935196 935077 934988 934923 934875 934838 934812 934792 934777 934766 934757 934751 934747 934743 934741 934739 934737 934736 934736 934735 934735 934734 934734 934734 934734 934734 934734 934734 934733 934733 934733 934733 934733 934733 934733 934733 934733 934733 934733 934733 934733 934733 934733 934733 934733 934733 934733 934733 934733 934733 934733 934733 934733 934733 934733 934733 934733 934733 934733 934733 934733 934733 934733 934733 934733 934733 934733 934733 934733 934733 934733 934733 934733 934733 934733 934733 934733 934733 0 0 0 0 0 0 0 0 0 0 0 0 0 0 0 0 0 0 0 0 0 0 0 0 0
#obs cpue bio
 4028.52 3947.93 7152.64 5989.83 10155.2 11211.2 7371.24 7904.67 18085.6 16092 19438.5 21837.8 43717.3 43166.8 28996.2 40720.6 43126 39264.7 34296.9 25883.3 21773.2 33499.2 20370.4 35104.1 30513 50535.3 39031.1 35915.8 33082.4
#pred surv len freq
 2.14342e-27 2.16781e-27 6.06289e-27 1.33263e-21 7.92567e-17 1.08369e-12 3.40661e-09 2.46196e-06 0.000409052 0.0156255 0.137224 0.27706 0.129158 0.0284969 0.0905584 0.127314 0.0509496 0.0385184 0.0332371 0.0202162 0.0154615 0.0118885 0.0108496 0.00926999 0.0037602
 2.14246e-27 2.16628e-27 5.93985e-27 1.29096e-21 7.67782e-17 1.0498e-12 3.30007e-09 2.38497e-06 0.00039626 0.0151369 0.132933 0.268397 0.125271 0.0316343 0.112327 0.157865 0.0604421 0.0377384 0.0296236 0.0122178 0.00666785 0.00384516 0.0027145 0.00200258 0.000785649
 2.143e-27 2.16785e-27 6.1212e-27 1.35252e-21 8.04398e-17 1.09987e-12 3.45746e-09 2.49872e-06 0.000415158 0.0158587 0.139272 0.281196 0.131164 0.0309883 0.104527 0.14696 0.0579234 0.0410034 0.0320075 0.0112294 0.00456467 0.0016329 0.000717765 0.000396048 0.00014095
 2.14301e-27 2.16789e-27 6.12682e-27 1.35443e-21 8.05531e-17 1.10142e-12 3.46233e-09 2.50223e-06 0.000415742 0.0158811 0.139468 0.281592 0.131354 0.0311729 0.105534 0.148336 0.057809 0.0390752 0.0307465 0.0118077 0.00495159 0.00138204 0.000339602 0.000102772 2.86281e-05
 2.14333e-27 2.16868e-27 6.20939e-27 1.38244e-21 8.22187e-17 1.12419e-12 3.53392e-09 2.55397e-06 0.000424339 0.0162095 0.142352 0.287415 0.134039 0.0309941 0.102688 0.144313 0.0562523 0.0380428 0.0297951 0.0111102 0.00465923 0.00136803 0.000283607 4.40906e-05 6.80559e-06
 2.14173e-27 2.16477e-27 5.79933e-27 1.24335e-21 7.39469e-17 1.01109e-12 3.17838e-09 2.29702e-06 0.000381647 0.0145787 0.128031 0.2585 0.120712 0.0320841 0.118057 0.166025 0.0645601 0.0432149 0.0338534 0.0127407 0.0053448 0.00154843 0.000321656 4.12841e-05 3.34111e-06
 2.14031e-27 2.16136e-27 5.44776e-27 1.12414e-21 6.68569e-17 9.14149e-13 2.87364e-09 2.07679e-06 0.000345055 0.0131809 0.115755 0.233716 0.109264 0.0323461 0.127126 0.178972 0.0713508 0.0528457 0.0416627 0.015113 0.0061386 0.00177002 0.000364103 4.52991e-05 2.94473e-06
 2.14387e-27 2.17004e-27 6.35956e-27 1.4334e-21 8.525e-17 1.16564e-12 3.66421e-09 2.64813e-06 0.000439984 0.0168071 0.147601 0.298011 0.138901 0.0300063 0.0934637 0.131392 0.0527849 0.040247 0.0319459 0.0118775 0.00486899 0.00134891 0.000268113 3.28287e-05 2.03726e-06
 2.14678e-27 2.17703e-27 7.07612e-27 1.67636e-21 9.96998e-17 1.36322e-12 4.28529e-09 3.09699e-06 0.00051456 0.0196559 0.172619 0.348521 0.162238 0.0296208 0.0758869 0.106277 0.0393172 0.0204837 0.0155301 0.00594371 0.00251819 0.000712798 0.000140504 1.66036e-05 1.00172e-06
 2.14197e-27 2.16519e-27 5.81993e-27 1.25023e-21 7.43557e-17 1.01668e-12 3.19595e-09 2.30972e-06 0.000383757 0.0146593 0.128738 0.25993 0.121443 0.0339506 0.129021 0.181185 0.0659698 0.0310842 0.0226475 0.00734387 0.00268177 0.000779338 0.000160341 1.91259e-05 1.12955e-06
 2.14191e-27 2.16524e-27 5.85369e-27 1.26181e-21 7.50449e-17 1.02611e-12 3.22558e-09 2.33113e-06 0.000387314 0.0147951 0.129932 0.262338 0.122458 0.031328 0.112285 0.158044 0.0639272 0.0498723 0.0385718 0.0114511 0.0035599 0.000867351 0.000160151 1.9433e-05 1.17072e-06
 2.14647e-27 2.17628e-27 7.0003e-27 1.65066e-21 9.8171e-17 1.34231e-12 4.21958e-09 3.0495e-06 0.00050667 0.0193545 0.169972 0.343177 0.159767 0.0295921 0.0773225 0.108355 0.0408022 0.0234374 0.0179413 0.00658178 0.00253078 0.000563942 8.43218e-05 8.7096e-06 5.01302e-07
 2.14441e-27 2.17115e-27 6.44596e-27 1.46257e-21 8.69845e-17 1.18936e-12 3.73876e-09 2.70201e-06 0.000448935 0.017149 0.150604 0.304074 0.14179 0.0322948 0.105607 0.148099 0.0531576 0.0226773 0.0162303 0.00531513 0.00193248 0.000519608 8.90281e-05 8.14024e-06 3.91336e-07
 2.14212e-27 2.16563e-27 5.87617e-27 1.26935e-21 7.54932e-17 1.03223e-12 3.24484e-09 2.34506e-06 0.000389628 0.0148835 0.130708 0.263906 0.123241 0.0328828 0.121304 0.170482 0.0645909 0.0382004 0.0284171 0.00801245 0.00231333 0.00055732 9.80656e-05 1.02888e-05 4.9668e-07
 2.14124e-27 2.16349e-27 5.65466e-27 1.19424e-21 7.10258e-17 9.71151e-13 3.05283e-09 2.20629e-06 0.000366571 0.0140028 0.122973 0.248289 0.116033 0.0331823 0.127839 0.179757 0.0687132 0.0424821 0.0321938 0.0101114 0.00326915 0.000679803 9.53444e-05 9.36262e-06 4.82653e-07
 2.14216e-27 2.16578e-27 5.90211e-27 1.2782e-21 7.60193e-17 1.03943e-12 3.26746e-09 2.3614e-06 0.000392343 0.0149872 0.131619 0.265744 0.124058 0.0319912 0.115306 0.162144 0.0631883 0.0426404 0.0327748 0.0105788 0.00361715 0.000826491 0.00011931 9.94677e-06 4.45556e-07
 2.14362e-27 2.1693e-27 6.26365e-27 1.40079e-21 8.33101e-17 1.13912e-12 3.58083e-09 2.58787e-06 0.000429972 0.0164246 0.144242 0.29123 0.135832 0.0317572 0.106197 0.149125 0.0561668 0.0322712 0.0243971 0.00817632 0.00293445 0.000696416 0.000108023 9.53747e-06 4.02077e-07
 2.14185e-27 2.16498e-27 5.81028e-27 1.24701e-21 7.41647e-17 1.01407e-12 3.18774e-09 2.30379e-06 0.000382771 0.0146216 0.128408 0.259262 0.121095 0.0328996 0.122806 0.172611 0.0654782 0.0390049 0.0295135 0.00957421 0.00335593 0.000833811 0.000138204 1.29974e-05 5.81377e-07
 2.14296e-27 2.16772e-27 6.1035e-27 1.34649e-21 8.00811e-17 1.09497e-12 3.44204e-09 2.48757e-06 0.000413307 0.015788 0.138651 0.279943 0.13061 0.0316733 0.109086 0.153314 0.0592275 0.0384587 0.0293753 0.00936839 0.00318613 0.000763634 0.000125669 1.24278e-05 5.92261e-07
 2.14262e-27 2.16685e-27 6.00366e-27 1.31259e-21 7.80647e-17 1.0674e-12 3.35537e-09 2.42494e-06 0.0004029 0.0153905 0.13516 0.272895 0.127389 0.0326591 0.117229 0.164674 0.0616452 0.0342837 0.0257759 0.0085882 0.00305744 0.0007222 0.000114598 1.1091e-05 5.39879e-07
 2.14334e-27 2.16861e-27 6.19105e-27 1.37616e-21 8.18454e-17 1.11909e-12 3.51787e-09 2.54238e-06 0.000422412 0.0161359 0.141706 0.28611 0.133473 0.031972 0.109052 0.153169 0.057887 0.0338245 0.0253329 0.00771289 0.00249038 0.00060226 9.8132e-05 9.3117e-06 4.41692e-07
 2.144e-27 2.17018e-27 6.35196e-27 1.43072e-21 8.50902e-17 1.16346e-12 3.65734e-09 2.64317e-06 0.000439159 0.0167756 0.147324 0.297453 0.138714 0.0319087 0.105246 0.147719 0.0547858 0.0289095 0.0213751 0.00663558 0.00215129 0.000480623 7.31505e-05 7.00541e-06 3.3307e-07
 2.1428e-27 2.16726e-27 6.04571e-27 1.32685e-21 7.89127e-17 1.07899e-12 3.39182e-09 2.45128e-06 0.000407276 0.0155577 0.136628 0.275859 0.128758 0.0326272 0.116141 0.163135 0.0610517 0.0338781 0.0251888 0.00767677 0.00244464 0.000553995 8.27889e-05 7.42367e-06 3.42048e-07
 2.14383e-27 2.16981e-27 6.3167e-27 1.41878e-21 8.438e-17 1.15375e-12 3.62682e-09 2.62111e-06 0.000435494 0.0166356 0.146094 0.29497 0.137557 0.0316622 0.10449 0.146719 0.0553371 0.0320001 0.023932 0.00727694 0.00229698 0.000509177 7.47698e-05 6.63983e-06 2.93944e-07
 2.14294e-27 2.1676e-27 6.08084e-27 1.33876e-21 7.96212e-17 1.08868e-12 3.42227e-09 2.47329e-06 0.000410933 0.0156974 0.137855 0.278335 0.129902 0.0326141 0.115314 0.161947 0.0603002 0.0325464 0.0242063 0.00766336 0.00254673 0.000568376 8.26531e-05 7.20316e-06 3.13808e-07
 2.14224e-27 2.1659e-27 5.90384e-27 1.27873e-21 7.6051e-17 1.03986e-12 3.26882e-09 2.36239e-06 0.000392507 0.0149935 0.131674 0.265856 0.124145 0.0329423 0.121079 0.170129 0.0639667 0.0363875 0.0271009 0.00812073 0.00253537 0.000579778 8.74376e-05 7.6465e-06 3.28608e-07
 2.14256e-27 2.16673e-27 5.99794e-27 1.31068e-21 7.79512e-17 1.06584e-12 3.35049e-09 2.42141e-06 0.000402314 0.0153681 0.134964 0.272497 0.127183 0.0320766 0.113792 0.159945 0.0615508 0.039264 0.0298481 0.00930952 0.00302504 0.000665223 9.68404e-05 8.6463e-06 3.78985e-07
 2.14391e-27 2.17001e-27 6.33707e-27 1.42569e-21 8.47911e-17 1.15937e-12 3.64448e-09 2.63388e-06 0.000437615 0.0167166 0.146806 0.296407 0.13822 0.03163 0.10386 0.145815 0.0547791 0.0310448 0.0233436 0.00761115 0.00262945 0.000600215 8.8527e-05 7.67171e-06 3.33026e-07
 2.14487e-27 2.17233e-27 6.57841e-27 1.50753e-21 8.96585e-17 1.22592e-12 3.8537e-09 2.78508e-06 0.000462737 0.0176762 0.155233 0.313422 0.146073 0.0312655 0.0965063 0.135376 0.050099 0.0261052 0.0192626 0.00598785 0.00197757 0.000470311 7.39228e-05 6.61639e-06 2.86128e-07
#obs surv len freq
 8.6577e-40 4.23734e-33 4.76793e-27 1.23342e-21 7.33559e-17 1.00301e-12 3.15297e-09 2.27866e-06 0.000378602 0.0144621 0.127006 0.256433 0.119759 0.0321449 0.119051 0.167431 0.0651145 0.0436095 0.0341666 0.0128803 0.00548131 0.00166112 0.000365812 4.94098e-05 3.42344e-06
 1.03695e-39 5.07517e-33 5.71066e-27 1.47729e-21 8.78602e-17 1.20133e-12 3.77639e-09 2.7292e-06 0.000453461 0.0173216 0.152119 0.307134 0.143141 0.0305873 0.0942615 0.132351 0.0508764 0.0323363 0.02507 0.00918615 0.00378034 0.00111012 0.000237349 3.11931e-05 2.08787e-06
 9.67973e-40 4.73756e-33 5.33078e-27 1.37902e-21 8.20155e-17 1.12141e-12 3.52518e-09 2.54765e-06 0.000423296 0.0161694 0.141999 0.286704 0.133779 0.0328154 0.11402 0.160003 0.0579594 0.0264042 0.0193213 0.00679538 0.00267069 0.000756101 0.000155143 1.96787e-05 1.27728e-06
 1.04945e-39 5.13634e-33 5.77949e-27 1.4951e-21 8.89192e-17 1.21581e-12 3.82191e-09 2.7621e-06 0.000458927 0.0175304 0.153952 0.310836 0.144881 0.0313527 0.0978181 0.137238 0.0509467 0.0270173 0.0198378 0.00577168 0.00178504 0.000468901 9.10424e-05 1.10286e-05 6.88107e-07
 9.83169e-40 4.81193e-33 5.41446e-27 1.40067e-21 8.3303e-17 1.13902e-12 3.58051e-09 2.58765e-06 0.000429941 0.0164232 0.144228 0.291204 0.135861 0.0328578 0.112923 0.158429 0.057058 0.0249389 0.0178359 0.00554966 0.00179526 0.000393767 6.16089e-05 6.79365e-06 4.01559e-07
 8.1209e-40 3.97462e-33 4.4723e-27 1.15694e-21 6.88077e-17 9.40821e-13 2.95748e-09 2.13738e-06 0.000355128 0.0135654 0.119132 0.240535 0.112508 0.0347704 0.139871 0.196524 0.0720294 0.0353768 0.0255608 0.00718981 0.0020457 0.000459784 6.88705e-05 6.25457e-06 3.15908e-07
 7.95601e-40 3.89392e-33 4.3815e-27 1.13345e-21 6.74106e-17 9.21719e-13 2.89743e-09 2.09398e-06 0.000347918 0.01329 0.116713 0.235651 0.110207 0.0336202 0.134321 0.188939 0.0725705 0.0458705 0.0345907 0.0101561 0.0030089 0.000620262 8.44226e-05 7.37914e-06 3.29865e-07
 1.32841e-39 6.50163e-33 7.31573e-27 1.89251e-21 1.12555e-16 1.53898e-12 4.8378e-09 3.49629e-06 0.000580914 0.0221902 0.194874 0.393455 0.182931 0.0274645 0.049181 0.0686451 0.0262211 0.0161665 0.0123423 0.00413006 0.00145176 0.000316522 4.30783e-05 3.46994e-06 1.43568e-07
 1.10562e-39 5.41125e-33 6.08882e-27 1.57512e-21 9.36783e-17 1.28088e-12 4.02646e-09 2.90993e-06 0.00048349 0.0184687 0.162192 0.327472 0.152621 0.0326507 0.100728 0.140969 0.0472132 0.00949896 0.00523225 0.00169583 0.000599421 0.000147802 2.32941e-05 1.96661e-06 7.86449e-08
 6.40237e-40 3.13352e-33 3.52588e-27 9.12112e-22 5.42467e-17 7.41726e-13 2.33162e-09 1.68507e-06 0.000279976 0.0106947 0.0939212 0.189637 0.0891243 0.0387074 0.179245 0.251799 0.0885153 0.0318228 0.0209951 0.00447576 0.000633087 0.000124372 2.04069e-05 1.95286e-06 8.59596e-08
 1.23064e-39 6.02314e-33 6.77733e-27 1.75323e-21 1.04271e-16 1.42572e-12 4.48177e-09 3.23898e-06 0.000538161 0.0205571 0.180532 0.364499 0.169561 0.0278918 0.0605176 0.0848247 0.0347013 0.0281323 0.0214851 0.00541088 0.00116122 0.000170187 1.323e-05 9.68535e-07 4.50172e-08
 1.18093e-39 5.77984e-33 6.50357e-27 1.68241e-21 1.00059e-16 1.36813e-12 4.30073e-09 3.10815e-06 0.000516423 0.0197267 0.17324 0.349777 0.162881 0.0312579 0.0855028 0.119557 0.0403042 0.00900201 0.00533877 0.00198737 0.000752378 0.000140116 1.33402e-05 6.87444e-07 1.87528e-08
 8.80878e-40 4.31128e-33 4.85113e-27 1.25494e-21 7.4636e-17 1.02051e-12 3.20799e-09 2.31842e-06 0.000385209 0.0147145 0.129223 0.260909 0.121962 0.0357019 0.139417 0.195559 0.0672907 0.0195389 0.0121321 0.00263726 0.000418335 9.3809e-05 1.45936e-05 9.90922e-07 2.71884e-08
 9.20315e-40 4.5043e-33 5.06831e-27 1.31113e-21 7.79775e-17 1.0662e-12 3.35162e-09 2.42222e-06 0.000402455 0.0153733 0.135008 0.272589 0.127269 0.0332291 0.120801 0.169661 0.0628115 0.0327446 0.0234814 0.00548634 0.000985234 0.000141743 1.23256e-05 9.59655e-07 3.7437e-08
 7.35544e-40 3.59998e-33 4.05075e-27 1.04789e-21 6.2322e-17 8.52142e-13 2.67871e-09 1.93591e-06 0.000321655 0.0122868 0.107903 0.217865 0.10208 0.0361847 0.155337 0.218269 0.0789423 0.0355308 0.0253813 0.00741301 0.00210301 0.000350864 2.92739e-05 1.48196e-06 4.35709e-08
 1.12443e-39 5.50332e-33 6.19243e-27 1.60192e-21 9.52723e-17 1.30268e-12 4.09498e-09 2.95945e-06 0.000491717 0.0187829 0.164952 0.333043 0.155093 0.0298795 0.0821317 0.115203 0.0442142 0.0278322 0.0208161 0.00569119 0.00151718 0.000309761 3.746e-05 2.20918e-06 5.5371e-08
 8.73055e-40 4.273e-33 4.80805e-27 1.2438e-21 7.39732e-17 1.01145e-12 3.1795e-09 2.29783e-06 0.000381788 0.0145838 0.128075 0.258592 0.120891 0.0356959 0.140078 0.196489 0.0675552 0.0194753 0.0125415 0.00401223 0.00132497 0.000266721 3.29383e-05 2.42955e-06 7.92477e-08
 9.56689e-40 4.68233e-33 5.26863e-27 1.36295e-21 8.10595e-17 1.10834e-12 3.48408e-09 2.51795e-06 0.000418362 0.0159809 0.140344 0.283362 0.132233 0.0327957 0.114908 0.161336 0.0596079 0.0307047 0.021966 0.00512233 0.000980985 0.000205137 2.96533e-05 2.27972e-06 8.22641e-08
 1.01276e-39 4.95676e-33 5.57742e-27 1.44283e-21 8.58103e-17 1.1733e-12 3.68828e-09 2.66553e-06 0.000442881 0.0169175 0.14857 0.299969 0.139907 0.0326772 0.109179 0.153117 0.0547209 0.0225783 0.0158285 0.0045738 0.00127817 0.000215726 2.10712e-05 1.60423e-06 6.38191e-08
 8.633e-40 4.22526e-33 4.75433e-27 1.2299e-21 7.31467e-17 1.00015e-12 3.14398e-09 2.27216e-06 0.000377522 0.0144209 0.126644 0.255703 0.11953 0.0350297 0.136882 0.192141 0.0681788 0.0265742 0.0182202 0.00481469 0.00120911 0.000242107 2.91693e-05 1.83469e-06 5.8614e-08
 1.11195e-39 5.44223e-33 6.12369e-27 1.58414e-21 9.42147e-17 1.28822e-12 4.04952e-09 2.9266e-06 0.000486258 0.0185744 0.163121 0.329347 0.153414 0.030682 0.0881448 0.123574 0.045752 0.0238739 0.0172821 0.00447106 0.00105595 0.0001947 2.28085e-05 1.65102e-06 5.52731e-08
 8.90326e-40 4.35753e-33 4.90316e-27 1.2684e-21 7.54365e-17 1.03146e-12 3.2424e-09 2.34329e-06 0.000389341 0.0148723 0.130609 0.263707 0.12324 0.0353001 0.13612 0.190943 0.0660475 0.0203383 0.0132333 0.00385336 0.00111315 0.000207225 2.26405e-05 1.54106e-06 5.32069e-08
 1.00278e-39 4.90792e-33 5.52247e-27 1.42861e-21 8.49649e-17 1.16174e-12 3.65194e-09 2.63927e-06 0.000438518 0.0167508 0.147106 0.297013 0.138526 0.03229 0.107707 0.151153 0.0555677 0.0277802 0.0198112 0.00471351 0.000935877 0.000180514 2.29096e-05 1.57974e-06 5.15747e-08
 1.03514e-39 5.06632e-33 5.7007e-27 1.47472e-21 8.77069e-17 1.19923e-12 3.7698e-09 2.72444e-06 0.00045267 0.0172914 0.151853 0.306599 0.142968 0.0325686 0.106518 0.149329 0.0528792 0.0202783 0.0139669 0.00398754 0.00109901 0.000187981 1.83262e-05 1.27044e-06 4.49379e-08
 8.73508e-40 4.27522e-33 4.81054e-27 1.24444e-21 7.40116e-17 1.01197e-12 3.18115e-09 2.29903e-06 0.000381986 0.0145914 0.128142 0.258726 0.120928 0.0350389 0.136027 0.190911 0.0674001 0.0251805 0.0170434 0.00436919 0.00103162 0.000202039 2.41415e-05 1.51955e-06 4.65889e-08
 9.25916e-40 4.53172e-33 5.09916e-27 1.3191e-21 7.84521e-17 1.07269e-12 3.37201e-09 2.43696e-06 0.000404904 0.0154668 0.13583 0.274248 0.128036 0.0332468 0.120409 0.169082 0.0622235 0.0313165 0.0224919 0.00570272 0.00128473 0.000227464 2.52162e-05 1.77718e-06 5.90082e-08
 9.7138e-40 4.75423e-33 5.34954e-27 1.38387e-21 8.23042e-17 1.12536e-12 3.53758e-09 2.55662e-06 0.000424786 0.0162263 0.142499 0.287713 0.134253 0.0330147 0.114933 0.161274 0.0582334 0.0259104 0.0184318 0.00529471 0.00148844 0.000270166 2.81309e-05 1.81733e-06 6.00395e-08
 1.12993e-39 5.53024e-33 6.22271e-27 1.60976e-21 9.57383e-17 1.30905e-12 4.115e-09 2.97392e-06 0.000494121 0.0188748 0.165758 0.334672 0.15589 0.0310679 0.0888954 0.124513 0.0444527 0.0181905 0.0126425 0.00343353 0.000904454 0.000182475 2.25434e-05 1.49868e-06 4.65731e-08
 1.12993e-39 5.53024e-33 6.22271e-27 1.60976e-21 9.57383e-17 1.30905e-12 4.115e-09 2.97392e-06 0.000494121 0.0188748 0.165758 0.334672 0.15589 0.0310679 0.0888954 0.124513 0.0444527 0.0181905 0.0126425 0.00343353 0.000904454 0.000182475 2.25434e-05 1.49868e-06 4.65731e-08
#pred catch len freq
 2.1394e-27 2.15754e-27 4.96435e-27 9.60012e-22 5.70956e-17 7.8068e-13 2.45408e-09 1.77357e-06 0.000294676 0.0112564 0.0988545 0.199594 0.0933759 0.0293425 0.119065 0.167779 0.0687349 0.0564909 0.0492029 0.0300308 0.0229746 0.0176333 0.0160733 0.0137278 0.00556805
 2.13851e-27 2.15658e-27 4.9207e-27 9.45295e-22 5.62203e-17 7.68712e-13 2.41646e-09 1.74638e-06 0.000290159 0.0110839 0.097339 0.196535 0.0921219 0.0336065 0.146025 0.205574 0.0800375 0.0538998 0.0427275 0.0176532 0.00963636 0.00554576 0.00390934 0.00288262 0.0011308
 2.13882e-27 2.15768e-27 5.06076e-27 9.92885e-22 5.90506e-17 8.07412e-13 2.53811e-09 1.8343e-06 0.000304766 0.0116419 0.102239 0.206429 0.0966709 0.0329417 0.138986 0.195804 0.0788288 0.0605403 0.0476963 0.0167746 0.00683044 0.00243971 0.00107051 0.000590272 0.000210044
 2.13885e-27 2.15778e-27 5.07309e-27 9.97064e-22 5.92992e-17 8.1081e-13 2.54879e-09 1.84202e-06 0.000306049 0.0116909 0.10267 0.207298 0.0970826 0.0332079 0.140349 0.19766 0.0785786 0.0576027 0.0457672 0.0176206 0.00740063 0.00206308 0.000506054 0.000152979 4.26018e-05
 2.13908e-27 2.15835e-27 5.13291e-27 1.01736e-21 6.0506e-17 8.27312e-13 2.60067e-09 1.87951e-06 0.000312278 0.0119288 0.104759 0.211516 0.0990279 0.0330737 0.138259 0.19471 0.0775138 0.0571103 0.0451901 0.0169021 0.00710285 0.00208332 0.000431315 6.69859e-05 1.0334e-05
 2.1378e-27 2.15521e-27 4.80286e-27 9.05402e-22 5.38477e-17 7.36271e-13 2.31448e-09 1.67268e-06 0.000277913 0.0106161 0.0932311 0.188242 0.0883041 0.0340463 0.151211 0.21299 0.0842669 0.0606032 0.047884 0.0180443 0.0075734 0.00219083 0.000454389 5.82673e-05 4.71292e-06
 2.13678e-27 2.15279e-27 4.5567e-27 8.21949e-22 4.88844e-17 6.68407e-13 2.10115e-09 1.5185e-06 0.000252297 0.00963758 0.0846378 0.170892 0.0802797 0.0339578 0.1559 0.219766 0.0889275 0.0695841 0.0551727 0.0200002 0.00811331 0.0023349 0.000479442 5.9591e-05 3.8718e-06
 2.14018e-27 2.16109e-27 5.4284e-27 1.11761e-21 6.64688e-17 9.08843e-13 2.85696e-09 2.06473e-06 0.000343052 0.0131044 0.115083 0.232359 0.108613 0.0317077 0.123638 0.174165 0.0711318 0.0575076 0.0459184 0.0170688 0.00699163 0.00193355 0.000383625 4.6927e-05 2.9107e-06
 2.14293e-27 2.16763e-27 6.08964e-27 1.34177e-21 7.98004e-17 1.09113e-12 3.42997e-09 2.47885e-06 0.000411858 0.0157327 0.138165 0.278962 0.130174 0.0321259 0.112145 0.15752 0.05924 0.033811 0.0260103 0.00999145 0.00424343 0.00120002 0.00023624 2.78937e-05 1.68206e-06
 2.13817e-27 2.15588e-27 4.84144e-27 9.18334e-22 5.46168e-17 7.46788e-13 2.34754e-09 1.69657e-06 0.000281883 0.0107677 0.0945628 0.190931 0.0896443 0.0366273 0.166158 0.233646 0.0860474 0.0435695 0.0321499 0.010437 0.00381315 0.00110647 0.000227299 2.70891e-05 1.59906e-06
 2.13865e-27 2.15733e-27 5.02933e-27 9.82237e-22 5.84174e-17 7.98753e-13 2.51089e-09 1.81463e-06 0.000301498 0.011517 0.101143 0.204215 0.0956476 0.0329431 0.139663 0.196848 0.0805354 0.0653699 0.0507487 0.0150379 0.00465987 0.00113269 0.000208666 2.52917e-05 1.52289e-06
 2.14299e-27 2.1678e-27 6.11033e-27 1.34881e-21 8.02187e-17 1.09685e-12 3.44795e-09 2.49185e-06 0.000414017 0.0158152 0.138889 0.280424 0.130837 0.0317864 0.109632 0.154035 0.058802 0.0361707 0.0279569 0.0102643 0.00394774 0.00087861 0.000131125 1.35286e-05 7.78218e-07
 2.14072e-27 2.1621e-27 5.4922e-27 1.13905e-21 6.77436e-17 9.26273e-13 2.91175e-09 2.10433e-06 0.000349632 0.0133557 0.11729 0.236817 0.110802 0.0351194 0.143122 0.201053 0.0728737 0.0333166 0.0241747 0.00792404 0.00288168 0.000773719 0.000132371 1.20922e-05 5.80952e-07
 2.13886e-27 2.15767e-27 5.04038e-27 9.85867e-22 5.86333e-17 8.01705e-13 2.52017e-09 1.82134e-06 0.000302612 0.0115596 0.101517 0.204971 0.096074 0.0350004 0.151995 0.213878 0.0817643 0.0505338 0.0378127 0.0106463 0.00306464 0.000736638 0.000129339 1.35558e-05 6.54043e-07
 2.13797e-27 2.15554e-27 4.82157e-27 9.11678e-22 5.42209e-17 7.41374e-13 2.33052e-09 1.68427e-06 0.00027984 0.0106897 0.0938773 0.189547 0.0889498 0.0351744 0.157706 0.222006 0.0856779 0.0553733 0.0421968 0.0132311 0.00426704 0.000885693 0.000123927 1.21533e-05 6.26136e-07
 2.13896e-27 2.15799e-27 5.08742e-27 1.00189e-21 5.95859e-17 8.14731e-13 2.56112e-09 1.85093e-06 0.000307529 0.0117474 0.103166 0.2083 0.0975695 0.033831 0.143852 0.202544 0.0796792 0.0559283 0.0431767 0.0139054 0.00473986 0.00108078 0.000155687 1.29641e-05 5.80279e-07
 2.13992e-27 2.16028e-27 5.31818e-27 1.08011e-21 6.42381e-17 8.78341e-13 2.76108e-09 1.99544e-06 0.000331539 0.0126646 0.111221 0.224562 0.105097 0.0340785 0.140461 0.197578 0.0753751 0.0461803 0.0352278 0.0118095 0.00423727 0.00100416 0.000155484 1.37144e-05 5.77826e-07
 2.1385e-27 2.15681e-27 4.95362e-27 9.56457e-22 5.68842e-17 7.77789e-13 2.44499e-09 1.767e-06 0.000293585 0.0112147 0.0984884 0.198856 0.0932469 0.0349912 0.153781 0.216417 0.0829077 0.0518027 0.0394438 0.0127774 0.0044686 0.00110803 0.000183295 1.722e-05 7.69796e-07
 2.13962e-27 2.15959e-27 5.25181e-27 1.05763e-21 6.29013e-17 8.60063e-13 2.70362e-09 1.95391e-06 0.00032464 0.012401 0.108906 0.219889 0.10292 0.0336458 0.139228 0.195964 0.0765043 0.0520133 0.0399457 0.0127198 0.00431549 0.00103222 0.000169513 1.67454e-05 7.97559e-07
 2.13938e-27 2.15893e-27 5.17252e-27 1.03068e-21 6.12985e-17 8.38148e-13 2.63473e-09 1.90413e-06 0.000316368 0.012085 0.106131 0.214287 0.100375 0.0348248 0.148114 0.208325 0.0786293 0.0456683 0.0345457 0.011488 0.0040789 0.000961517 0.000152244 1.47175e-05 7.15967e-07
 2.14015e-27 2.16082e-27 5.37281e-27 1.09863e-21 6.53396e-17 8.93403e-13 2.80842e-09 2.02966e-06 0.000337224 0.0128817 0.113128 0.228413 0.106877 0.0340758 0.139284 0.195907 0.0746596 0.0454754 0.0342481 0.0104077 0.00335001 0.000808347 0.000131436 1.2458e-05 5.90563e-07
 2.14051e-27 2.16165e-27 5.45515e-27 1.12653e-21 6.69992e-17 9.16094e-13 2.87975e-09 2.08121e-06 0.000345789 0.0132089 0.116001 0.234214 0.109568 0.0343146 0.138994 0.195405 0.073216 0.0408973 0.0305039 0.00946534 0.00306522 0.000683703 0.000103849 9.9343e-06 4.72048e-07
 2.13955e-27 2.15932e-27 5.21153e-27 1.04391e-21 6.2085e-17 8.48902e-13 2.66853e-09 1.92856e-06 0.000320427 0.0122401 0.107493 0.217036 0.101646 0.0348301 0.147318 0.207198 0.07819 0.0453406 0.0339234 0.0103218 0.00327788 0.000741314 0.000110546 9.90103e-06 4.55889e-07
 2.14041e-27 2.16146e-27 5.44036e-27 1.12154e-21 6.67022e-17 9.12033e-13 2.86699e-09 2.07198e-06 0.000344256 0.0131504 0.115487 0.233176 0.109072 0.0338918 0.136725 0.192294 0.0732887 0.0446597 0.033641 0.0102204 0.00322063 0.000712688 0.000104441 9.26431e-06 4.09871e-07
 2.13971e-27 2.15971e-27 5.25098e-27 1.05728e-21 6.28806e-17 8.5978e-13 2.70273e-09 1.95327e-06 0.000324533 0.0123969 0.108871 0.219817 0.102932 0.0348409 0.146546 0.206077 0.0773445 0.0436006 0.0326352 0.0103133 0.00341806 0.000761334 0.000110473 9.61629e-06 4.1866e-07
 2.13886e-27 2.15765e-27 5.03735e-27 9.84833e-22 5.85718e-17 8.00865e-13 2.51753e-09 1.81942e-06 0.000302295 0.0115475 0.10141 0.204756 0.0959805 0.0351588 0.153026 0.215294 0.0817355 0.0488561 0.0366399 0.010967 0.00341678 0.000779861 0.000117376 1.02534e-05 4.40356e-07
 2.13932e-27 2.15885e-27 5.17224e-27 1.03063e-21 6.12955e-17 8.38106e-13 2.6346e-09 1.90403e-06 0.000316352 0.0120844 0.106126 0.214276 0.10034 0.0340426 0.143343 0.201749 0.0783629 0.0521128 0.0398139 0.0123941 0.00401564 0.000881289 0.000128007 1.14152e-05 5.00036e-07
 2.14059e-27 2.16189e-27 5.48442e-27 1.13648e-21 6.75909e-17 9.24185e-13 2.90519e-09 2.09959e-06 0.000348843 0.0133256 0.117026 0.236283 0.110506 0.033828 0.135399 0.190396 0.0722052 0.0429564 0.0325197 0.0105887 0.00365051 0.00083176 0.000122428 1.05975e-05 4.59733e-07
 2.14231e-27 2.16605e-27 5.91613e-27 1.28288e-21 7.6298e-17 1.04324e-12 3.27944e-09 2.37006e-06 0.000393782 0.0150422 0.132101 0.266719 0.124553 0.0331843 0.122296 0.17179 0.0638054 0.0339468 0.025121 0.007779 0.00255511 0.00060598 9.50186e-05 8.49426e-06 3.6709e-07
#obs catch len freq
 4.06364e-40 1.98887e-33 2.23791e-27 5.78926e-22 3.44309e-17 4.7078e-13 1.4799e-09 1.06953e-06 0.000177703 0.00678804 0.0596126 0.120368 0.0569951 0.0359121 0.183057 0.258092 0.103036 0.0767642 0.061132 0.023704 0.0103528 0.0031821 0.000717784 0.000100443 7.23462e-06
 4.19664e-40 2.05396e-33 2.31115e-27 5.97874e-22 3.55578e-17 4.86188e-13 1.52834e-09 1.10453e-06 0.00018352 0.00701022 0.0615637 0.124307 0.0588246 0.0361349 0.18323 0.258281 0.10239 0.0742187 0.0586966 0.0221559 0.00943224 0.00285349 0.000627093 8.45595e-05 5.8515e-06
 5.73136e-40 2.8051e-33 3.15635e-27 8.16518e-22 4.85613e-17 6.63989e-13 2.08725e-09 1.50846e-06 0.000250633 0.00957387 0.0840777 0.169762 0.0798016 0.0351295 0.163393 0.230138 0.0900216 0.0617847 0.0483646 0.0177391 0.00730134 0.00214025 0.000456613 5.9908e-05 4.0048e-06
 5.18323e-40 2.53683e-33 2.85448e-27 7.38427e-22 4.3917e-17 6.00486e-13 1.88763e-09 1.3642e-06 0.000226663 0.00865824 0.0760367 0.153529 0.0724173 0.0383518 0.187956 0.264371 0.0968398 0.0474641 0.035199 0.0123873 0.00486726 0.00137537 0.000281574 3.5653e-05 2.31113e-06
 5.98704e-40 2.93024e-33 3.29715e-27 8.52943e-22 5.07277e-17 6.9361e-13 2.18037e-09 1.57576e-06 0.000261814 0.010001 0.0878285 0.177336 0.0833585 0.0366148 0.170178 0.239454 0.0900502 0.0512677 0.0380545 0.0110754 0.00342415 0.000897763 0.000173906 2.10288e-05 1.31031e-06
 5.42668e-40 2.65598e-33 2.98855e-27 7.7311e-22 4.59798e-17 6.2869e-13 1.97629e-09 1.42827e-06 0.000237309 0.00906491 0.0796081 0.160739 0.075757 0.0385161 0.186787 0.262666 0.0955189 0.0446287 0.032328 0.0100596 0.00325214 0.000712112 0.00011112 1.22287e-05 7.21803e-07
 4.07782e-40 1.99581e-33 2.24572e-27 5.80945e-22 3.4551e-17 4.72423e-13 1.48506e-09 1.07326e-06 0.000178324 0.00681173 0.0598206 0.120789 0.0573306 0.0396674 0.205856 0.289705 0.107272 0.0560365 0.0409063 0.0115025 0.0032685 0.000733206 0.000109562 9.93067e-06 5.00757e-07
 3.95895e-40 1.93763e-33 2.18025e-27 5.64011e-22 3.35438e-17 4.58651e-13 1.44177e-09 1.04197e-06 0.000173125 0.00661317 0.0580769 0.117268 0.0556289 0.0377004 0.19491 0.274641 0.106907 0.0717369 0.0545006 0.0159936 0.00473218 0.000973795 0.000132193 1.15322e-05 5.14758e-07
 9.80341e-40 4.79809e-33 5.39889e-27 1.39664e-21 8.30635e-17 1.13574e-12 3.57022e-09 2.58021e-06 0.000428705 0.016376 0.143814 0.290367 0.135413 0.0312232 0.103197 0.144996 0.0560549 0.0365329 0.0280882 0.00938931 0.00329494 0.000717035 9.73409e-05 7.82587e-06 3.23288e-07
 6.95015e-40 3.40161e-33 3.82755e-27 9.90151e-22 5.8888e-17 8.05187e-13 2.53111e-09 1.82924e-06 0.000303931 0.0116098 0.101957 0.205861 0.0966482 0.0393262 0.178132 0.249946 0.0839363 0.0176405 0.00995001 0.00322263 0.00113665 0.000279643 4.39668e-05 3.70554e-06 1.4797e-07
 3.04008e-40 1.48791e-33 1.67422e-27 4.33105e-22 2.57584e-17 3.52199e-13 1.10714e-09 8.00133e-07 0.000132943 0.00507826 0.0445973 0.0900549 0.0432628 0.0434337 0.238112 0.334814 0.118384 0.0447571 0.0298945 0.0063716 0.000898854 0.00017604 2.8806e-05 2.75167e-06 1.20965e-07
 8.53023e-40 4.17496e-33 4.69773e-27 1.21526e-21 7.2276e-17 9.88244e-13 3.10655e-09 2.24511e-06 0.000373028 0.0142492 0.125137 0.252658 0.117981 0.0312805 0.114913 0.161881 0.067146 0.0569681 0.0436933 0.0109922 0.00235281 0.000344344 2.66862e-05 1.9473e-06 9.0365e-08
 7.92847e-40 3.88043e-33 4.36633e-27 1.12953e-21 6.71772e-17 9.18527e-13 2.8874e-09 2.08673e-06 0.000346713 0.013244 0.116309 0.234837 0.109973 0.0374363 0.157862 0.221448 0.0748667 0.0174342 0.0105407 0.00391796 0.00148029 0.000275263 2.61434e-05 1.34471e-06 3.66051e-08
 4.83192e-40 2.36489e-33 2.66101e-27 6.88378e-22 4.09404e-17 5.59787e-13 1.75969e-09 1.27173e-06 0.0002113 0.0080714 0.0708831 0.143125 0.0677345 0.0417405 0.21178 0.297522 0.10281 0.0312723 0.019711 0.00428366 0.00067738 0.000151421 2.35075e-05 1.59411e-06 4.36816e-08
 5.1653e-40 2.52806e-33 2.84461e-27 7.35874e-22 4.37652e-17 5.9841e-13 1.88111e-09 1.35948e-06 0.000225879 0.0086283 0.0757738 0.152998 0.0721651 0.0381706 0.187011 0.263166 0.098268 0.0537797 0.0388593 0.00907284 0.00162503 0.000233397 2.02288e-05 1.57063e-06 6.12015e-08
 3.73372e-40 1.8274e-33 2.05622e-27 5.31924e-22 3.16355e-17 4.32558e-13 1.35975e-09 9.82695e-07 0.000163276 0.00623694 0.0547728 0.110598 0.052662 0.0408131 0.215921 0.303775 0.110636 0.0521867 0.0376017 0.0109666 0.00310324 0.000516986 4.30248e-05 2.17318e-06 6.37573e-08
 7.24449e-40 3.54567e-33 3.98965e-27 1.03208e-21 6.13819e-17 8.39287e-13 2.63831e-09 1.90671e-06 0.000316802 0.0121014 0.106275 0.214578 0.100487 0.0342469 0.144499 0.20337 0.0788547 0.0519914 0.0391091 0.0106782 0.00283829 0.000578212 6.97561e-05 4.10761e-06 1.02803e-07
 4.79827e-40 2.34842e-33 2.64248e-27 6.83585e-22 4.06554e-17 5.55889e-13 1.74744e-09 1.26288e-06 0.000209829 0.0080152 0.0703895 0.142128 0.0672683 0.0415956 0.211195 0.296695 0.102417 0.0308703 0.0201672 0.00644247 0.00212225 0.000426381 5.25069e-05 3.86562e-06 1.25934e-07
 5.52705e-40 2.7051e-33 3.04383e-27 7.87409e-22 4.68302e-17 6.40318e-13 2.01285e-09 1.45469e-06 0.000241698 0.00923257 0.0810804 0.163712 0.077104 0.0377891 0.181454 0.255303 0.0950959 0.0513306 0.0369942 0.00861991 0.00164541 0.000343107 4.94715e-05 3.79663e-06 1.36799e-07
 6.03079e-40 2.95165e-33 3.32125e-27 8.59176e-22 5.10984e-17 6.98678e-13 2.1963e-09 1.58727e-06 0.000263727 0.010074 0.0884703 0.178632 0.0840173 0.0382023 0.179478 0.252282 0.0907516 0.0393074 0.0278312 0.00803221 0.00223934 0.000377371 3.67456e-05 2.79052e-06 1.10856e-07
 4.67904e-40 2.29006e-33 2.57682e-27 6.66598e-22 3.96451e-17 5.42075e-13 1.70402e-09 1.2315e-06 0.000204615 0.00781603 0.0686403 0.138596 0.0655931 0.0404659 0.205363 0.288728 0.103084 0.0421852 0.0292355 0.00771799 0.00193298 0.000386222 4.64198e-05 2.91461e-06 9.29432e-08
 7.095e-40 3.47251e-33 3.90732e-27 1.01079e-21 6.01153e-17 8.21969e-13 2.58387e-09 1.86737e-06 0.000310265 0.0118517 0.104082 0.210151 0.0984924 0.0356234 0.154236 0.2169 0.0809835 0.0443202 0.0323205 0.00835261 0.00196711 0.000361942 4.22789e-05 3.05436e-06 1.02116e-07
 4.93354e-40 2.41463e-33 2.71698e-27 7.02857e-22 4.18015e-17 5.7156e-13 1.7967e-09 1.29848e-06 0.000215745 0.00824117 0.072374 0.146135 0.0691048 0.0411777 0.207437 0.291447 0.10126 0.0326401 0.0215272 0.00626087 0.00180402 0.000335224 3.65237e-05 2.4808e-06 8.55172e-08
 5.95023e-40 2.91223e-33 3.27688e-27 8.47699e-22 5.04158e-17 6.89345e-13 2.16696e-09 1.56607e-06 0.000260204 0.00993948 0.0872885 0.176245 0.0828844 0.0374095 0.175359 0.246666 0.0914092 0.0479274 0.0344462 0.00818878 0.00162096 0.000311875 3.94787e-05 2.71743e-06 8.85788e-08
 6.27202e-40 3.06972e-33 3.4541e-27 8.93543e-22 5.31423e-17 7.26625e-13 2.28415e-09 1.65076e-06 0.000274276 0.010477 0.0920091 0.185777 0.0873218 0.0382368 0.177535 0.249477 0.088865 0.0357365 0.024877 0.00709365 0.00195024 0.000333046 3.23726e-05 2.23887e-06 7.90785e-08
 4.79831e-40 2.34844e-33 2.6425e-27 6.8359e-22 4.06556e-17 5.55892e-13 1.74745e-09 1.26289e-06 0.000209831 0.00801526 0.07039 0.142129 0.0672296 0.0405565 0.204852 0.287964 0.102235 0.0400142 0.0273778 0.00701154 0.00165062 0.000322541 3.84437e-05 2.41554e-06 7.39318e-08
 5.22274e-40 2.55617e-33 2.87624e-27 7.44057e-22 4.42518e-17 6.05064e-13 1.90202e-09 1.3746e-06 0.000228391 0.00872425 0.0766164 0.154699 0.0729545 0.0382493 0.186979 0.263076 0.0976079 0.0515525 0.0373159 0.00945196 0.00212352 0.000375215 4.14762e-05 2.91714e-06 9.67258e-08
 5.66308e-40 2.77169e-33 3.11875e-27 8.06791e-22 4.79829e-17 6.56079e-13 2.06239e-09 1.49049e-06 0.000247647 0.00945982 0.0830761 0.167741 0.0789863 0.038307 0.1834 0.257885 0.0937613 0.043724 0.0313773 0.009001 0.00252364 0.000457243 4.74788e-05 3.06073e-06 1.00953e-07
 8.09292e-40 3.96092e-33 4.45689e-27 1.15296e-21 6.85706e-17 9.37579e-13 2.94729e-09 2.13001e-06 0.000353905 0.0135187 0.118721 0.239707 0.112154 0.0355538 0.144903 0.203491 0.0727867 0.0302175 0.0210592 0.00570069 0.00149218 0.000300068 3.69521e-05 2.45147e-06 7.60484e-08
#spawning biomass
 3163.76 2969.58 3262.55 4072.35 5141.88 6769.86 7089.38 5922.82 6998.42 13412.5 16024.3 13790 22649.2 32474.2 29327.7 24631.9 21001.8 25262 23244 22401 21459.3 21569.8 26230.2 26036.9 29571.6 29032.1 28358.7 26081.3 29756.4 29559.2 73494.2 96984.8 82393.7 64962.2 52880.7 45498.5 41248.6 38888.1 37607 36922.4 36560.3 36370.2 36270.8 36219 36192 36178.1 36170.9 36167.2 36165.3 36164.3 36163.8 36163.5 36163.3 36163.3 36163.2 36163.2 36163.2 36163.2 36163.2 36163.2 36163.2 36163.2 36163.2 36163.2 36163.2 36163.2 36163.2 36163.2 36163.2 36163.2 36163.2 36163.2 36163.2 36163.2 36163.2 36163.2 36163.2 36163.2 36163.2 36163.2 36163.2 36163.2 36163.2 36163.2 36163.2 36163.2 36163.2 36163.2 36163.2 36163.2 36163.2 36163.2 36163.2 36163.2 36163.2 36163.2 36163.2 36163.2 36163.2 36163.2 36163.2 36163.2 36163.2 36163.2 36163.2 36163.2 36163.2 36163.2 36163.2 36163.2 36163.2 36163.2 36163.2 36163.2 36163.2 36163.2 36163.2 36163.2 36163.2 36163.2 36163.2 36163.2 36163.2 36163.2 36163.2 36163.2 36163.2 36163.2 36163.2 0 0 0 0 0 0 0 0 0 0 0 0 0 0 0 0 0 0 0 0 0 0 0 0 0
