SBPRF35
0.217109
Curr Bio
31826.1
B35
66174.3
F35
0.513948
FOFL
0.275645
OFL
11066.4
Bzero
62031.1
#pred survey bio
 5658.46 6720.66 7632.92 9928.39 13274.1 15703.2 15204.9 14965 23445.5 36198.6 36424.2 41025.4 63309.2 75982.8 69991.4 57050.4 53185.2 54848.5 52397.9 54429.1 58471.2 61969.6 65215.9 66773.8 74387.1 77260.7 72364.6 77446.3 3.02048e+06 2.14306e+06 1.80195e+06 1.35028e+06 1.05876e+06 902665 824265 785505 766093 756048 750613 747528 745697 744568 743853 743389 743087 742888 742756 742668 742610 742571 742545 742527 742515 742507 742502 742498 742496 742494 742493 742493 742492 742492 742492 742492 742491 742491 742491 742491 742491 742491 742491 742491 742491 742491 742491 742491 742491 742491 742491 742491 742491 742491 742491 742491 742491 742491 742491 742491 742491 742491 742491 742491 742491 742491 742491 742491 742491 742491 742491 742491 742491 742491 742491 742491 742491 742491 742491 742491 742491 742491 742491 742491 742491 742491 742491 742491 742491 742491 742491 742491 742491 742491 742491 742491 742491 742491 742491 742491 0 0 0 0 0 0 0 0 0 0 0 0 0 0 0 0 0 0 0 0 0 0 0 0 0
#obs survey bio
 4442.03 8613.42 9850.39 12197.3 15449.4 13173 13798.3 28279.5 37398.2 45566.7 53314 72166.9 82745.6 86605.4 84418.4 61465.1 61010.2 52723.3 52449.9 52374.2 47639.2 74098.4 67662 73056 86801.8 84697.6 80474.3 104943
#pred catch bio
 2441.08 3509.85 3635.73 4615.65 6531.94 8548.41 9125.09 7928.28 8538.8 19877.6 23447.7 19089.8 32464.5 44455.6 45432.4 36778.2 30806.8 34157.8 30682 31280.8 35631 36571.5 40474.7 38836 42897.1 48236 42646.7 42335.8 11066.4 28581.1 25344.6 17939.4 13246.3 10889.6 9803.58 9326.03 9122.13 9036.74 9001.45 8986.99 8981.1 8978.72 8977.75 8977.36 8977.2 8977.14 8977.12 8977.11 8977.1 8977.1 8977.1 8977.1 8977.1 8977.1 8977.1 8977.1 8977.1 8977.1 8977.1 8977.1 8977.1 8977.1 8977.1 8977.1 8977.1 8977.1 8977.1 8977.1 8977.1 8977.1 8977.1 8977.1 8977.1 8977.1 8977.1 8977.1 8977.1 8977.1 8977.1 8977.1 8977.1 8977.1 8977.1 8977.1 8977.1 8977.1 8977.1 8977.1 8977.1 8977.1 8977.1 8977.1 8977.1 8977.1 8977.1 8977.1 8977.1 8977.1 8977.1 8977.1 8977.1 8977.1 8977.1 8977.1 8977.1 8977.1 8977.1 8977.1 8977.1 8977.1 8977.1 8977.1 8977.1 8977.1 8977.1 8977.1 8977.1 8977.1 8977.1 8977.1 8977.1 8977.1 8977.1 8977.1 8977.1 8977.1 8977.1 8977.1 0 0 0 0 0 0 0 0 0 0 0 0 0 0 0 0 0 0 0 0 0 0 0 0 0
#obs catch bio
 3310.72 3495.52 3602.5 4608.59 6405.37 8464.89 9391.59 7950.66 8202.92 18908.1 23774.3 18435 31422.5 44156.2 44855.6 37475.9 30205.5 34473.1 30378 30988.3 36040.4 36236 40649.9 38568.8 42705 48829.1 42290.6 42714.2
#pred cpue bio
 3764.54 4276.79 4643.27 5952.93 7955.68 9810.07 9955.76 8944.93 12224 22434 23269.8 21901.2 36002.9 46748.1 45173.1 35677.4 31466.8 33838.3 31593.7 33023 35194.8 36203.7 39443 39143.2 44005.1 47621 44039.4 45904.6 1.84971e+06 1.73291e+06 1.62861e+06 1.20067e+06 908464 751918 673428 634654 615239 605194 599759 596674 594842 593714 592998 592535 592232 592034 591902 591814 591756 591716 591690 591673 591661 591653 591648 591644 591642 591640 591639 591638 591638 591638 591637 591637 591637 591637 591637 591637 591637 591637 591637 591637 591637 591637 591637 591637 591637 591637 591637 591637 591637 591637 591637 591637 591637 591637 591637 591637 591637 591637 591637 591637 591637 591637 591637 591637 591637 591637 591637 591637 591637 591637 591637 591637 591637 591637 591637 591637 591637 591637 591637 591637 591637 591637 591637 591637 591637 591637 591637 591637 591637 591637 591637 591637 591637 591637 591637 591637 0 0 0 0 0 0 0 0 0 0 0 0 0 0 0 0 0 0 0 0 0 0 0 0 0
#obs cpue bio
 3283.4 4974.05 3395.88 4749.27 11287.9 10099.3 5793.99 9006.38 18074.9 26395.9 13891.5 25814.2 32898.1 38707.2 46085.1 26583.7 35896.9 28242.9 41982.6 33880.8 38386.1 34169.5 37695.5 40322.2 34654.9 37438.8 52725 31730.2
#pred surv len freq
 2.14411e-27 2.16962e-27 6.25819e-27 1.39888e-21 8.3197e-17 1.13757e-12 3.57597e-09 2.58436e-06 0.000429388 0.0164023 0.144046 0.290834 0.135525 0.0284766 0.0862833 0.12123 0.048091 0.0351465 0.0301407 0.0181315 0.0137642 0.0105203 0.00955074 0.00813205 0.00329381
 2.14273e-27 2.16694e-27 6.01021e-27 1.31483e-21 7.81977e-17 1.06921e-12 3.36109e-09 2.42907e-06 0.000403586 0.0154167 0.13539 0.273359 0.127558 0.0314452 0.109677 0.154124 0.0590403 0.0369542 0.0290221 0.0119811 0.00653746 0.00375795 0.00263765 0.00193598 0.000757771
 2.1437e-27 2.16952e-27 6.29471e-27 1.41136e-21 8.39392e-17 1.14772e-12 3.60787e-09 2.60742e-06 0.000433219 0.0165487 0.145331 0.293429 0.136812 0.0307866 0.0996084 0.139965 0.0546229 0.0371061 0.0287876 0.00999906 0.00402678 0.00144054 0.000631466 0.00034622 0.000122758
 2.14389e-27 2.17001e-27 6.34474e-27 1.42832e-21 8.49478e-17 1.16151e-12 3.65122e-09 2.63875e-06 0.000438424 0.0167475 0.147077 0.296955 0.13845 0.0310076 0.0998946 0.140301 0.0538199 0.0338798 0.0262835 0.00973544 0.00394966 0.00108953 0.000266014 8.01483e-05 2.22099e-05
 2.14387e-27 2.16995e-27 6.33831e-27 1.42614e-21 8.4818e-17 1.15973e-12 3.64564e-09 2.63471e-06 0.000437754 0.0167219 0.146853 0.296501 0.138242 0.0310523 0.100305 0.140883 0.0540879 0.0341663 0.0263573 0.0093659 0.00372222 0.00105306 0.000212211 3.25918e-05 4.99628e-06
 2.14239e-27 2.16633e-27 5.95487e-27 1.29607e-21 7.70823e-17 1.05396e-12 3.31315e-09 2.39442e-06 0.000397829 0.0151968 0.133459 0.26946 0.125787 0.0322943 0.116037 0.163073 0.062124 0.0378164 0.0289765 0.0101433 0.0039245 0.00107015 0.000209477 2.58792e-05 2.04979e-06
 2.14097e-27 2.1629e-27 5.60143e-27 1.17622e-21 6.99545e-17 9.56503e-13 3.00678e-09 2.17301e-06 0.000361042 0.0137916 0.121118 0.244544 0.11428 0.0326043 0.125439 0.176486 0.0690502 0.0473984 0.0366672 0.0122883 0.00452008 0.00119667 0.000224961 2.61295e-05 1.61738e-06
 2.1443e-27 2.17106e-27 6.46253e-27 1.46831e-21 8.73261e-17 1.19403e-12 3.75344e-09 2.71262e-06 0.000450699 0.0172164 0.151195 0.305268 0.142258 0.0300667 0.0916453 0.128775 0.0511531 0.0373504 0.0292748 0.0102598 0.00389977 0.000988258 0.000175421 1.94468e-05 1.11437e-06
 2.14702e-27 2.17762e-27 7.13811e-27 1.69739e-21 1.0095e-16 1.38032e-12 4.33904e-09 3.13584e-06 0.000521015 0.0199024 0.174784 0.352893 0.164253 0.0294585 0.0735784 0.103018 0.0381145 0.0198611 0.0150049 0.00559619 0.00228382 0.000606687 0.000108795 1.15031e-05 6.23186e-07
 2.14196e-27 2.16516e-27 5.81773e-27 1.24949e-21 7.43117e-17 1.01608e-12 3.19406e-09 2.30836e-06 0.00038353 0.0146506 0.128662 0.259776 0.121369 0.0338767 0.128616 0.180626 0.0659415 0.0316163 0.0231409 0.00758838 0.0027888 0.000789856 0.000153885 1.68426e-05 8.95419e-07
 2.14207e-27 2.16562e-27 5.89151e-27 1.27463e-21 7.58071e-17 1.03653e-12 3.25834e-09 2.35481e-06 0.000391248 0.0149454 0.131251 0.265002 0.123695 0.0314606 0.112292 0.158009 0.0633186 0.0477368 0.036754 0.0108227 0.0033343 0.000816643 0.000149287 1.73092e-05 9.68676e-07
 2.14661e-27 2.17662e-27 7.03538e-27 1.66256e-21 9.88786e-17 1.35199e-12 4.24999e-09 3.07148e-06 0.000510322 0.019494 0.171197 0.345651 0.160908 0.0295485 0.0763105 0.10692 0.0401849 0.0228449 0.0173792 0.00616411 0.00229446 0.000506682 7.54892e-05 7.75175e-06 4.31972e-07
 2.14449e-27 2.17136e-27 6.46883e-27 1.47033e-21 8.74459e-17 1.19567e-12 3.75859e-09 2.71635e-06 0.000451317 0.01724 0.151403 0.305687 0.142531 0.0321728 0.104376 0.146372 0.0526566 0.022837 0.0163953 0.00535444 0.00192484 0.000503176 8.41136e-05 7.62501e-06 3.64015e-07
 2.14256e-27 2.1667e-27 5.98787e-27 1.30723e-21 7.77461e-17 1.06304e-12 3.34168e-09 2.41504e-06 0.000401255 0.0153277 0.134608 0.271781 0.126874 0.032673 0.11765 0.165301 0.0623445 0.0360291 0.0267094 0.00751785 0.00216346 0.000518117 8.94343e-05 9.14584e-06 4.34331e-07
 2.14118e-27 2.16337e-27 5.64447e-27 1.19079e-21 7.08207e-17 9.68347e-13 3.04401e-09 2.19992e-06 0.000365513 0.0139623 0.122618 0.247572 0.115696 0.0330408 0.127191 0.178874 0.0688021 0.043797 0.0333317 0.0105074 0.00341508 0.000713426 0.000100357 9.75352e-06 4.92588e-07
 2.14248e-27 2.16657e-27 5.98326e-27 1.30571e-21 7.76558e-17 1.0618e-12 3.33779e-09 2.41223e-06 0.000400789 0.0153099 0.134452 0.271465 0.1267 0.0319155 0.11312 0.159028 0.0616215 0.0405619 0.0310766 0.0100158 0.00342225 0.000784999 0.000114041 9.551e-06 4.26262e-07
 2.14383e-27 2.16979e-27 6.31317e-27 1.41757e-21 8.43084e-17 1.15277e-12 3.62374e-09 2.61889e-06 0.000435124 0.0166214 0.14597 0.29472 0.137447 0.031806 0.105443 0.14803 0.055339 0.0305442 0.0228738 0.00745501 0.00259512 0.000613736 9.5458e-05 8.47891e-06 3.59529e-07
 2.14237e-27 2.1662e-27 5.93294e-27 1.28859e-21 7.66375e-17 1.04788e-12 3.29403e-09 2.3806e-06 0.000395534 0.0151091 0.132689 0.267906 0.125097 0.0330564 0.121158 0.170199 0.0634288 0.0343954 0.0254981 0.00781571 0.00253715 0.00060589 9.75813e-05 9.13424e-06 4.10141e-07
 2.14342e-27 2.16883e-27 6.21574e-27 1.38454e-21 8.23442e-17 1.12591e-12 3.53931e-09 2.55787e-06 0.000424986 0.0162342 0.142569 0.287854 0.134269 0.0317126 0.106942 0.15023 0.0573162 0.0350978 0.0264018 0.00788055 0.00243012 0.000543393 8.2977e-05 7.87065e-06 3.6871e-07
 2.14305e-27 2.16788e-27 6.11209e-27 1.34937e-21 8.02522e-17 1.09731e-12 3.44939e-09 2.49289e-06 0.000414189 0.0158218 0.138947 0.280541 0.130912 0.0323605 0.113101 0.158849 0.0595013 0.0331948 0.0248793 0.00804654 0.00273108 0.000602092 8.66032e-05 7.72561e-06 3.54697e-07
 2.1435e-27 2.16902e-27 6.23648e-27 1.39158e-21 8.27625e-17 1.13163e-12 3.55729e-09 2.57087e-06 0.000427146 0.0163167 0.143294 0.289316 0.134942 0.0316403 0.10606 0.14898 0.0567739 0.0345827 0.0261171 0.00812448 0.00268196 0.000634153 9.76767e-05 8.51711e-06 3.69329e-07
 2.14407e-27 2.17037e-27 6.3718e-27 1.43745e-21 8.54906e-17 1.16893e-12 3.67455e-09 2.65561e-06 0.000441225 0.0168545 0.148017 0.298852 0.139359 0.031848 0.104454 0.146598 0.0543285 0.0285468 0.0211457 0.00670666 0.00224517 0.000514574 7.91896e-05 7.31408e-06 3.24528e-07
 2.1429e-27 2.16748e-27 6.06504e-27 1.33339e-21 7.93016e-17 1.08431e-12 3.40853e-09 2.46336e-06 0.000409283 0.0156343 0.137302 0.277218 0.129396 0.0328925 0.117351 0.164788 0.0609102 0.0315032 0.0230891 0.00683607 0.00210312 0.000483652 7.45694e-05 6.81724e-06 3.09928e-07
 2.14412e-27 2.1705e-27 6.38883e-27 1.44324e-21 8.5835e-17 1.17364e-12 3.68935e-09 2.66631e-06 0.000443003 0.0169224 0.148613 0.300056 0.139902 0.0314982 0.101956 0.143139 0.0539661 0.0311357 0.0231604 0.0067307 0.00198277 0.000424742 6.12115e-05 5.53791e-06 2.51093e-07
 2.14363e-27 2.16929e-27 6.25645e-27 1.39831e-21 8.31631e-17 1.13711e-12 3.57451e-09 2.58331e-06 0.000429213 0.0163956 0.143987 0.290716 0.135614 0.032286 0.10958 0.153819 0.0568245 0.0293054 0.0216003 0.0067339 0.00217455 0.00046262 6.30922e-05 5.31747e-06 2.31279e-07
 2.14249e-27 2.16652e-27 5.96847e-27 1.30065e-21 7.73546e-17 1.05769e-12 3.32485e-09 2.40288e-06 0.000399235 0.0152505 0.133931 0.270412 0.126245 0.0327716 0.118664 0.166717 0.0626626 0.0355803 0.0264643 0.00785432 0.00241476 0.000544376 7.94125e-05 6.58265e-06 2.697e-07
 2.14307e-27 2.16795e-27 6.1218e-27 1.35267e-21 8.04487e-17 1.09999e-12 3.45784e-09 2.49899e-06 0.000415204 0.0158605 0.139288 0.281228 0.13122 0.0320881 0.111231 0.156264 0.0592835 0.0353184 0.026533 0.00808583 0.00254529 0.000551237 7.87143e-05 6.84537e-06 2.87725e-07
 2.14389e-27 2.16996e-27 6.33298e-27 1.4243e-21 8.47088e-17 1.15824e-12 3.64095e-09 2.63132e-06 0.00043719 0.0167004 0.146664 0.296119 0.138083 0.0315305 0.103339 0.145103 0.0548425 0.0320689 0.0241567 0.00770171 0.00258232 0.000577783 8.32887e-05 7.08602e-06 3.0064e-07
#obs surv len freq
 8.67975e-40 4.24814e-33 4.78007e-27 1.23656e-21 7.35428e-17 1.00557e-12 3.161e-09 2.28446e-06 0.000379567 0.014499 0.12733 0.257086 0.120063 0.0321979 0.119177 0.167596 0.0650049 0.0430285 0.0336421 0.0126265 0.00534638 0.00161377 0.000354752 4.79059e-05 3.31041e-06
 1.03602e-39 5.0706e-33 5.70552e-27 1.47596e-21 8.77811e-17 1.20025e-12 3.77299e-09 2.72675e-06 0.000453053 0.017306 0.151982 0.306857 0.143013 0.0306027 0.0944387 0.132601 0.0509804 0.0324228 0.0251149 0.00913862 0.00373221 0.00109013 0.00023182 3.03717e-05 2.03036e-06
 9.67161e-40 4.73358e-33 5.3263e-27 1.37786e-21 8.19468e-17 1.12047e-12 3.52222e-09 2.54552e-06 0.000422941 0.0161558 0.14188 0.286463 0.133668 0.0328071 0.114042 0.160038 0.0580158 0.0265673 0.019463 0.00685262 0.00269065 0.000756443 0.000153956 1.94093e-05 1.25471e-06
 1.04825e-39 5.13047e-33 5.77289e-27 1.49339e-21 8.88177e-17 1.21442e-12 3.81754e-09 2.75895e-06 0.000458403 0.0175104 0.153776 0.310481 0.144715 0.0313064 0.0976429 0.137001 0.0510033 0.0274871 0.020247 0.00592565 0.0018493 0.000486808 9.42167e-05 1.13259e-05 7.01775e-07
 9.85976e-40 4.82567e-33 5.42992e-27 1.40467e-21 8.3541e-17 1.14227e-12 3.59074e-09 2.59504e-06 0.000431169 0.0164701 0.14464 0.292036 0.136247 0.0328782 0.112797 0.158241 0.0568419 0.0243808 0.0173789 0.0054293 0.00176741 0.000390009 6.14158e-05 6.76863e-06 3.97757e-07
 8.13475e-40 3.9814e-33 4.47993e-27 1.15892e-21 6.89251e-17 9.42426e-13 2.96253e-09 2.14102e-06 0.000355734 0.0135886 0.119335 0.240946 0.112698 0.0347923 0.139881 0.196532 0.0719501 0.0350829 0.0252917 0.00704863 0.0019777 0.000445293 6.71568e-05 6.13956e-06 3.10914e-07
 7.92043e-40 3.8765e-33 4.3619e-27 1.12838e-21 6.71092e-17 9.17597e-13 2.88447e-09 2.08462e-06 0.000346362 0.0132306 0.116191 0.234597 0.109718 0.0335707 0.134337 0.188978 0.0728256 0.0467361 0.0353132 0.0103689 0.00306643 0.000626914 8.45753e-05 7.41175e-06 3.33507e-07
 1.32545e-39 6.48717e-33 7.29946e-27 1.8883e-21 1.12304e-16 1.53556e-12 4.82705e-09 3.48852e-06 0.000579622 0.0221408 0.194441 0.39258 0.182527 0.0274572 0.0494 0.0689613 0.0264327 0.0165667 0.0126955 0.00430065 0.00153153 0.000334426 4.53543e-05 3.62508e-06 1.49479e-07
 1.10592e-39 5.41272e-33 6.09048e-27 1.57555e-21 9.37039e-17 1.28123e-12 4.02756e-09 2.91073e-06 0.000483621 0.0184737 0.162236 0.327561 0.152661 0.0326301 0.100575 0.140756 0.0471695 0.0095835 0.0053152 0.00174255 0.000625745 0.000156375 2.49119e-05 2.10474e-06 8.37611e-08
 6.39338e-40 3.12912e-33 3.52093e-27 9.10832e-22 5.41706e-17 7.40685e-13 2.32835e-09 1.6827e-06 0.000279583 0.0106797 0.0937894 0.189371 0.0890022 0.0387348 0.179493 0.252145 0.0885985 0.0317299 0.0209166 0.00446825 0.000639141 0.000127595 2.13065e-05 2.06582e-06 9.14691e-08
 1.23388e-39 6.03901e-33 6.79519e-27 1.75785e-21 1.04546e-16 1.42948e-12 4.49357e-09 3.24752e-06 0.000539579 0.0206112 0.181008 0.365459 0.170005 0.0278944 0.0602436 0.0844299 0.0344442 0.02766 0.0210979 0.00529576 0.00112871 0.000165567 1.30293e-05 9.73703e-07 4.5973e-08
 1.1808e-39 5.77922e-33 6.50287e-27 1.68223e-21 1.00049e-16 1.36798e-12 4.30027e-09 3.10781e-06 0.000516368 0.0197246 0.173221 0.34974 0.162864 0.0312762 0.0856257 0.119727 0.0403322 0.00890858 0.00524834 0.00193685 0.000727412 0.000134899 1.2779e-05 6.60374e-07 1.83027e-08
 8.82132e-40 4.31743e-33 4.85804e-27 1.25673e-21 7.47423e-17 1.02197e-12 3.21256e-09 2.32172e-06 0.000385758 0.0147354 0.129407 0.261281 0.122133 0.0356791 0.139165 0.195206 0.0671793 0.01954 0.0121372 0.00263122 0.000412144 9.13246e-05 1.40972e-05 9.52724e-07 2.60906e-08
 9.22145e-40 4.51326e-33 5.07839e-27 1.31373e-21 7.81326e-17 1.06832e-12 3.35828e-09 2.42704e-06 0.000403255 0.0154038 0.135276 0.273131 0.127521 0.0332796 0.120946 0.169852 0.0626889 0.032094 0.0229437 0.00535217 0.000956605 0.00013694 1.17417e-05 9.01582e-07 3.49379e-08
 7.3702e-40 3.6072e-33 4.05888e-27 1.04999e-21 6.24471e-17 8.53851e-13 2.68409e-09 1.9398e-06 0.0003223 0.0123114 0.108119 0.218302 0.102282 0.0361961 0.155275 0.218177 0.0788512 0.0353072 0.0251697 0.00728093 0.00203637 0.000338372 2.80878e-05 1.40936e-06 4.08295e-08
 1.12103e-39 5.48667e-33 6.17369e-27 1.59708e-21 9.49841e-17 1.29874e-12 4.08259e-09 2.9505e-06 0.000490229 0.0187261 0.164453 0.332036 0.154626 0.0298543 0.0822819 0.115428 0.0444715 0.028497 0.021366 0.00585074 0.00156086 0.000316134 3.78096e-05 2.21684e-06 5.52137e-08
 8.68861e-40 4.25247e-33 4.78495e-27 1.23782e-21 7.36178e-17 1.00659e-12 3.16423e-09 2.28679e-06 0.000379954 0.0145138 0.12746 0.25735 0.120316 0.0356821 0.140368 0.196909 0.0678576 0.0200827 0.0130715 0.00425018 0.00143015 0.000289128 3.56771e-05 2.61113e-06 8.44717e-08
 9.51574e-40 4.65729e-33 5.24046e-27 1.35566e-21 8.0626e-17 1.10242e-12 3.46545e-09 2.50449e-06 0.000416125 0.0158954 0.139594 0.281847 0.131531 0.0327568 0.115127 0.161664 0.0599881 0.0316916 0.0227859 0.00537168 0.00106448 0.000228103 3.35468e-05 2.59092e-06 9.32098e-08
 1.01075e-39 4.94693e-33 5.56637e-27 1.43997e-21 8.56402e-17 1.17097e-12 3.68097e-09 2.66024e-06 0.000442003 0.016884 0.148275 0.299374 0.13963 0.0326374 0.109115 0.153038 0.0548365 0.0230826 0.0162779 0.00477679 0.00136756 0.000234611 2.37175e-05 1.8579e-06 7.48388e-08
 8.63952e-40 4.22845e-33 4.75792e-27 1.23083e-21 7.3202e-17 1.0009e-12 3.14635e-09 2.27388e-06 0.000377808 0.0144318 0.12674 0.255896 0.119619 0.0350353 0.136858 0.192104 0.0681183 0.026401 0.0180902 0.00481383 0.00122873 0.000250408 3.08916e-05 1.99268e-06 6.57842e-08
 1.11537e-39 5.45896e-33 6.1425e-27 1.58901e-21 9.45042e-17 1.29217e-12 4.06196e-09 2.93559e-06 0.000487752 0.0186315 0.163622 0.330359 0.153882 0.0306984 0.08794 0.123274 0.0454906 0.0232798 0.0167896 0.00432034 0.00101073 0.000187333 2.23291e-05 1.65144e-06 5.66196e-08
 8.91269e-40 4.36214e-33 4.90835e-27 1.26974e-21 7.55165e-17 1.03255e-12 3.24583e-09 2.34577e-06 0.000389753 0.0148881 0.130747 0.263987 0.123371 0.0353242 0.136183 0.191026 0.065999 0.0200707 0.0129923 0.00374049 0.00106175 0.000196105 2.13035e-05 1.46179e-06 5.14187e-08
 1.00258e-39 4.90695e-33 5.52138e-27 1.42833e-21 8.49481e-17 1.16151e-12 3.65122e-09 2.63875e-06 0.000438431 0.0167475 0.147077 0.296955 0.138498 0.0322858 0.107699 0.151143 0.0555874 0.0278611 0.0198713 0.00471072 0.000924227 0.000175837 2.19639e-05 1.50145e-06 4.90105e-08
 1.03541e-39 5.06761e-33 5.70215e-27 1.47509e-21 8.77293e-17 1.19954e-12 3.77076e-09 2.72514e-06 0.000452786 0.0172958 0.151892 0.306677 0.143004 0.0325649 0.106472 0.149263 0.0528549 0.0202654 0.013959 0.0039896 0.00110064 0.000187501 1.804e-05 1.22997e-06 4.2954e-08
 8.7689e-40 4.29177e-33 4.82916e-27 1.24926e-21 7.42981e-17 1.01589e-12 3.19347e-09 2.30793e-06 0.000383465 0.0146479 0.128638 0.259728 0.121391 0.0350405 0.135735 0.19049 0.0671305 0.0246929 0.0166459 0.00425554 0.000999383 0.000195546 2.33302e-05 1.45793e-06 4.40522e-08
 9.26463e-40 4.5344e-33 5.10218e-27 1.31988e-21 7.84985e-17 1.07332e-12 3.37401e-09 2.4384e-06 0.000405144 0.015476 0.13591 0.27441 0.128112 0.0332654 0.120474 0.169169 0.0621987 0.0311294 0.022324 0.00562686 0.00125113 0.000220304 2.43101e-05 1.70929e-06 5.65289e-08
 9.7359e-40 4.76505e-33 5.36171e-27 1.38702e-21 8.24914e-17 1.12792e-12 3.54563e-09 2.56243e-06 0.000425752 0.0162632 0.142823 0.288368 0.134557 0.0330495 0.114948 0.161285 0.0580873 0.0253765 0.0179743 0.00512921 0.00142598 0.000256715 2.63989e-05 1.69196e-06 5.56491e-08
 1.12925e-39 5.52691e-33 6.21896e-27 1.60879e-21 9.56806e-17 1.30826e-12 4.11252e-09 2.97213e-06 0.000493823 0.0188634 0.165659 0.334471 0.155797 0.0310703 0.0889708 0.124621 0.0445159 0.0182933 0.012717 0.003431 0.000892101 0.000178432 2.18036e-05 1.43424e-06 4.41012e-08
#pred catch len freq
 2.13904e-27 2.15668e-27 4.87646e-27 9.30205e-22 5.53228e-17 7.56441e-13 2.37788e-09 1.7185e-06 0.000285527 0.0109069 0.0957851 0.193397 0.0905202 0.0295866 0.122424 0.172526 0.070595 0.0577757 0.0501944 0.0303498 0.0230581 0.0175868 0.0159435 0.013569 0.00549552
 2.13802e-27 2.15538e-27 4.79644e-27 9.03155e-22 5.37141e-17 7.34444e-13 2.30873e-09 1.66853e-06 0.000277224 0.0105898 0.0929998 0.187774 0.0880781 0.033778 0.149712 0.210808 0.0823708 0.0563295 0.0447391 0.018491 0.0100845 0.00578158 0.00405068 0.00297131 0.00116288
 2.13874e-27 2.15746e-27 5.036e-27 9.84474e-22 5.85504e-17 8.00572e-13 2.51661e-09 1.81876e-06 0.000302184 0.0115432 0.101373 0.20468 0.0958736 0.0332346 0.141302 0.199037 0.0795606 0.059498 0.0466782 0.016246 0.00654992 0.0023382 0.00102266 0.000560222 0.000198603
 2.13892e-27 2.15791e-27 5.0812e-27 9.99786e-22 5.94611e-17 8.13024e-13 2.55575e-09 1.84705e-06 0.000306885 0.0117228 0.10295 0.207864 0.0973615 0.0336646 0.142967 0.201282 0.0789691 0.054885 0.0431171 0.016009 0.006504 0.00179127 0.000436365 0.000131301 3.63724e-05
 2.13905e-27 2.15823e-27 5.11378e-27 1.01083e-21 6.01182e-17 8.22009e-13 2.58399e-09 1.86746e-06 0.000310276 0.0118523 0.104088 0.210161 0.0984241 0.0336846 0.142397 0.20047 0.0785792 0.0543857 0.0424397 0.0151029 0.00600597 0.00169619 0.000341157 5.23264e-05 8.01616e-06
 2.1378e-27 2.15515e-27 4.78578e-27 8.99561e-22 5.35003e-17 7.31521e-13 2.29955e-09 1.66189e-06 0.00027612 0.0105476 0.0926297 0.187028 0.0877752 0.0349086 0.156842 0.220819 0.0856155 0.0565396 0.0437841 0.0153325 0.0059298 0.00161376 0.000315224 3.88981e-05 3.07883e-06
 2.13666e-27 2.15242e-27 4.50857e-27 8.05581e-22 4.79109e-17 6.55097e-13 2.05931e-09 1.48827e-06 0.000247273 0.00944567 0.0829523 0.167489 0.0787383 0.0348002 0.162069 0.228379 0.0909089 0.0668892 0.0521505 0.0174637 0.00641361 0.00169418 0.000317775 3.68654e-05 2.28044e-06
 2.1397e-27 2.1599e-27 5.29964e-27 1.07392e-21 6.38704e-17 8.73313e-13 2.74527e-09 1.98402e-06 0.000329641 0.0125921 0.110584 0.223276 0.104436 0.0322907 0.129935 0.183038 0.07426 0.0586335 0.0463391 0.0162432 0.0061711 0.00156089 0.000276461 3.06111e-05 1.753e-06
 2.14224e-27 2.16594e-27 5.91275e-27 1.28178e-21 7.62323e-17 1.04234e-12 3.27661e-09 2.36802e-06 0.000393443 0.0150292 0.131988 0.266489 0.124423 0.0325338 0.118394 0.166367 0.0628809 0.036824 0.0283344 0.0106143 0.0043451 0.00115303 0.000206438 2.18048e-05 1.18055e-06
 2.13749e-27 2.15425e-27 4.67062e-27 8.60401e-22 5.11713e-17 6.99676e-13 2.19944e-09 1.58954e-06 0.0002641 0.0100884 0.0885973 0.178887 0.0840892 0.0369763 0.171918 0.241804 0.0894469 0.0465053 0.0345126 0.0113211 0.00415815 0.00117527 0.000228529 2.49853e-05 1.32749e-06
 2.13803e-27 2.1558e-27 4.86666e-27 9.27054e-22 5.51354e-17 7.53878e-13 2.36983e-09 1.71268e-06 0.000284559 0.01087 0.0954607 0.192743 0.0903649 0.0335076 0.146567 0.206581 0.0839987 0.0667469 0.0516597 0.0151818 0.00466066 0.00113841 0.000207566 2.40358e-05 1.3443e-06
 2.14225e-27 2.16597e-27 5.91889e-27 1.28387e-21 7.63568e-17 1.04404e-12 3.28196e-09 2.37188e-06 0.000394085 0.0150538 0.132203 0.266924 0.124615 0.0322942 0.1168 0.164171 0.0628047 0.0390157 0.0300546 0.0106722 0.00397451 0.000876429 0.000130283 1.33605e-05 7.44019e-07
 2.14004e-27 2.16045e-27 5.31872e-27 1.08021e-21 6.42443e-17 8.78426e-13 2.76134e-09 1.99563e-06 0.000331571 0.0126658 0.111232 0.224585 0.105162 0.0355381 0.149365 0.209884 0.0764102 0.0359781 0.0262411 0.00857443 0.00308128 0.000803986 0.000134144 1.21465e-05 5.79422e-07
 2.13827e-27 2.15623e-27 4.8887e-27 9.34421e-22 5.55736e-17 7.59869e-13 2.38866e-09 1.72629e-06 0.000286821 0.0109564 0.0962193 0.194275 0.0911448 0.0354153 0.157751 0.222011 0.0849026 0.0525586 0.0393324 0.0110635 0.00317781 0.00075932 0.000130762 1.33562e-05 6.33885e-07
 2.13722e-27 2.15372e-27 4.63377e-27 8.47992e-22 5.04333e-17 6.89586e-13 2.16772e-09 1.56662e-06 0.000260291 0.00994295 0.0873195 0.176307 0.0828361 0.035372 0.162902 0.229408 0.089325 0.0600435 0.0459962 0.0144694 0.00468826 0.000977254 0.000137084 1.33025e-05 6.71347e-07
 2.13852e-27 2.15691e-27 4.97276e-27 9.62988e-22 5.72725e-17 7.831e-13 2.46168e-09 1.77907e-06 0.000295589 0.0112913 0.0991608 0.200214 0.0938455 0.0342195 0.148661 0.209324 0.0820907 0.0568876 0.0438425 0.0140959 0.00479961 0.00109829 0.000159161 1.33114e-05 5.93576e-07
 2.13961e-27 2.1595e-27 5.23256e-27 1.05105e-21 6.251e-17 8.54713e-13 2.6868e-09 1.94176e-06 0.00032262 0.0123239 0.108229 0.218522 0.102324 0.0345879 0.145392 0.204497 0.0774171 0.045652 0.0345142 0.0112362 0.00390357 0.00092121 0.000142949 1.26815e-05 5.37343e-07
 2.13832e-27 2.15632e-27 4.89422e-27 9.36274e-22 5.56837e-17 7.61376e-13 2.39339e-09 1.72971e-06 0.000287389 0.0109781 0.09641 0.19466 0.0913369 0.035788 0.15991 0.224968 0.0847523 0.0487183 0.036425 0.011146 0.00360741 0.000859383 0.000138073 1.2908e-05 5.7918e-07
 2.13917e-27 2.15847e-27 5.12956e-27 1.01614e-21 6.04339e-17 8.26325e-13 2.59756e-09 1.87727e-06 0.000311905 0.0119146 0.104634 0.211264 0.0989583 0.034322 0.145956 0.20542 0.0794902 0.0519786 0.0394298 0.0117574 0.00361814 0.000807328 0.000122977 1.16493e-05 5.45343e-07
 2.13872e-27 2.15732e-27 5.00433e-27 9.73642e-22 5.79062e-17 7.91764e-13 2.48892e-09 1.79875e-06 0.000298859 0.0114162 0.100258 0.202429 0.0949047 0.035154 0.153698 0.216245 0.0821089 0.0491445 0.0372043 0.0120243 0.00407516 0.000896713 0.000128672 1.14629e-05 5.25888e-07
 2.13942e-27 2.15906e-27 5.19215e-27 1.03737e-21 6.16964e-17 8.43588e-13 2.65183e-09 1.91648e-06 0.000318421 0.0121635 0.10682 0.215678 0.100993 0.0341827 0.143776 0.202323 0.0780678 0.0504106 0.0383545 0.0119106 0.0039204 0.000924795 0.000142107 1.23754e-05 5.36219e-07
 2.13998e-27 2.16037e-27 5.32024e-27 1.08077e-21 6.42776e-17 8.78882e-13 2.76278e-09 1.99667e-06 0.000331743 0.0126724 0.111289 0.224701 0.105184 0.0346826 0.144108 0.202626 0.0759285 0.0424398 0.0317331 0.0100499 0.00335602 0.000767463 0.000117815 1.08674e-05 4.81851e-07
 2.13889e-27 2.15768e-27 5.03383e-27 9.83608e-22 5.84989e-17 7.99868e-13 2.5144e-09 1.81716e-06 0.000301919 0.0115331 0.101284 0.204501 0.0958839 0.0357198 0.156527 0.220136 0.0821856 0.0449969 0.0332703 0.00983354 0.00301563 0.000691811 0.000106399 9.71418e-06 4.41302e-07
 2.13995e-27 2.16033e-27 5.32112e-27 1.08109e-21 6.42967e-17 8.79143e-13 2.7636e-09 1.99726e-06 0.000331842 0.0126761 0.111322 0.224767 0.105197 0.0342197 0.141262 0.198711 0.0758893 0.046687 0.035035 0.0101706 0.00298933 0.000639018 9.18594e-05 8.29919e-06 3.76016e-07
 2.13941e-27 2.15896e-27 5.17003e-27 1.02981e-21 6.1247e-17 8.37443e-13 2.63251e-09 1.90252e-06 0.000316102 0.0120749 0.106042 0.214107 0.100306 0.0352222 0.150595 0.21177 0.0791656 0.0436739 0.0325312 0.0101323 0.00326604 0.000693499 9.43485e-05 7.94066e-06 3.451e-07
 2.13845e-27 2.15665e-27 4.93208e-27 9.4913e-22 5.64483e-17 7.7183e-13 2.42626e-09 1.75346e-06 0.000291335 0.0111288 0.0977338 0.197333 0.0925591 0.0354307 0.156923 0.220805 0.083932 0.0504744 0.0378424 0.0112123 0.00343649 0.000772887 0.000112474 9.31088e-06 3.81176e-07
 2.13882e-27 2.15758e-27 5.03489e-27 9.84025e-22 5.85237e-17 8.00207e-13 2.51546e-09 1.81793e-06 0.000302046 0.011538 0.101327 0.204587 0.095887 0.0347398 0.150519 0.211831 0.0814768 0.0518447 0.0392882 0.0119607 0.00375754 0.000812137 0.000115684 1.00469e-05 4.21987e-07
 2.13945e-27 2.15914e-27 5.19909e-27 1.03972e-21 6.1836e-17 8.45497e-13 2.65783e-09 1.92082e-06 0.000319142 0.012191 0.107062 0.216166 0.101223 0.0342917 0.144294 0.203025 0.0779325 0.0491457 0.0374011 0.011922 0.00399372 0.000891988 0.000128294 1.0901e-05 4.62151e-07
#obs catch len freq
 4.08907e-40 2.00131e-33 2.25191e-27 5.82548e-22 3.46463e-17 4.73726e-13 1.48916e-09 1.07622e-06 0.000178815 0.00683052 0.0599856 0.121121 0.0573439 0.035929 0.182933 0.25791 0.10288 0.0764091 0.0607946 0.0234863 0.0102321 0.00314872 0.000710335 9.90318e-05 7.0872e-06
 4.21168e-40 2.06132e-33 2.31944e-27 6.00016e-22 3.56852e-17 4.87931e-13 1.53381e-09 1.10849e-06 0.000184177 0.00703534 0.0617843 0.124753 0.0590347 0.0362461 0.183774 0.259029 0.102392 0.0733791 0.0579226 0.0217676 0.00922077 0.00277842 0.000609509 8.21714e-05 5.67113e-06
 5.71633e-40 2.79775e-33 3.14807e-27 8.14376e-22 4.8434e-17 6.62248e-13 2.08178e-09 1.50451e-06 0.000249976 0.00954876 0.0838572 0.169317 0.0795966 0.0351517 0.163662 0.23052 0.0901935 0.0619635 0.0484637 0.0176525 0.00721079 0.00210244 0.000446136 5.83512e-05 3.89586e-06
 5.1487e-40 2.51993e-33 2.83547e-27 7.33508e-22 4.36245e-17 5.96486e-13 1.87506e-09 1.35511e-06 0.000225153 0.00860057 0.0755302 0.152506 0.0719445 0.0383503 0.188256 0.264801 0.0971047 0.0479253 0.0355906 0.0125408 0.00492382 0.00138175 0.000280598 3.53136e-05 2.27989e-06
 6.00832e-40 2.94066e-33 3.30887e-27 8.55975e-22 5.0908e-17 6.96075e-13 2.18812e-09 1.58136e-06 0.000262745 0.0100365 0.0881407 0.177966 0.0836451 0.0364871 0.169209 0.238104 0.0897832 0.05184 0.0385819 0.0112937 0.00352248 0.000925429 0.000178686 2.14414e-05 1.32676e-06
 5.46104e-40 2.6728e-33 3.00748e-27 7.78006e-22 4.62709e-17 6.32671e-13 1.98881e-09 1.43732e-06 0.000238812 0.00912231 0.0801122 0.161757 0.07623 0.0385785 0.186861 0.262751 0.0952743 0.0436612 0.0315283 0.00985009 0.00320433 0.000705878 0.00011086 1.21935e-05 7.15547e-07
 4.06452e-40 1.9893e-33 2.23839e-27 5.79051e-22 3.44383e-17 4.70882e-13 1.48022e-09 1.06976e-06 0.000177742 0.00678952 0.0596256 0.120395 0.0571511 0.0397357 0.206392 0.290454 0.107449 0.055818 0.0406709 0.0113326 0.00317612 0.000713787 0.000107394 9.79928e-06 4.95443e-07
 3.9134e-40 1.91534e-33 2.15517e-27 5.57521e-22 3.31579e-17 4.53374e-13 1.42519e-09 1.02998e-06 0.000171133 0.00653707 0.0574086 0.115919 0.0550013 0.0375984 0.194694 0.274366 0.10721 0.0731288 0.0556694 0.0163393 0.00482651 0.000985083 0.000132547 1.15932e-05 5.20898e-07
 9.74285e-40 4.76845e-33 5.36554e-27 1.38801e-21 8.25504e-17 1.12873e-12 3.54816e-09 2.56427e-06 0.000426056 0.0162748 0.142925 0.288573 0.134582 0.0311947 0.103564 0.14553 0.0564761 0.0374382 0.028891 0.00977715 0.00347624 0.000757673 0.000102497 8.17692e-06 3.3664e-07
 6.9579e-40 3.40541e-33 3.83182e-27 9.91256e-22 5.89537e-17 8.06085e-13 2.53394e-09 1.83128e-06 0.00030427 0.0116227 0.102071 0.206091 0.0967529 0.0392844 0.177808 0.249493 0.0838355 0.0177928 0.0101015 0.00330918 0.00118573 0.000295649 4.69872e-05 3.96307e-06 1.57489e-07
 3.04762e-40 1.4916e-33 1.67837e-27 4.34179e-22 2.58223e-17 3.53073e-13 1.10989e-09 8.02118e-07 0.000133273 0.00509086 0.044708 0.0902784 0.0433666 0.0434484 0.238134 0.33484 0.118324 0.0445132 0.029701 0.00634321 0.000904785 0.000180055 2.99843e-05 2.90198e-06 1.28329e-07
 8.58866e-40 4.20355e-33 4.72991e-27 1.22358e-21 7.2771e-17 9.95012e-13 3.12783e-09 2.26049e-06 0.000375583 0.0143468 0.125994 0.254388 0.118782 0.0312986 0.114502 0.161284 0.0666908 0.0560173 0.0429099 0.010759 0.00228693 0.00033498 2.62786e-05 1.95747e-06 9.22746e-08
 7.92597e-40 3.87921e-33 4.36495e-27 1.12917e-21 6.7156e-17 9.18237e-13 2.88649e-09 2.08607e-06 0.000346604 0.0132398 0.116272 0.234763 0.10994 0.0374721 0.158103 0.221783 0.0749217 0.0172515 0.0103638 0.00381911 0.00143143 0.000265065 2.50482e-05 1.29197e-06 3.57315e-08
 4.86583e-40 2.38149e-33 2.67969e-27 6.93209e-22 4.12278e-17 5.63715e-13 1.77204e-09 1.28066e-06 0.000212783 0.00812805 0.0713806 0.144129 0.0681968 0.0416879 0.211156 0.296645 0.102511 0.0311943 0.0196602 0.00426088 0.000665223 0.000146927 2.26324e-05 1.52755e-06 4.17772e-08
 5.18929e-40 2.5398e-33 2.85782e-27 7.39291e-22 4.39685e-17 6.01189e-13 1.88984e-09 1.36579e-06 0.000226928 0.00866838 0.0761257 0.153708 0.0724971 0.0382644 0.18737 0.263648 0.0981217 0.0527152 0.0379762 0.00885249 0.00157801 0.000225516 1.92732e-05 1.47574e-06 5.71214e-08
 3.71924e-40 1.82031e-33 2.04824e-27 5.29861e-22 3.15128e-17 4.30881e-13 1.35448e-09 9.78883e-07 0.000162643 0.00621275 0.0545604 0.110169 0.0524658 0.040867 0.21638 0.304418 0.110813 0.0520908 0.0374698 0.0108253 0.0030205 0.000501189 4.14994e-05 2.07769e-06 6.00646e-08
 7.1604e-40 3.50452e-33 3.94335e-27 1.02011e-21 6.06695e-17 8.29546e-13 2.60769e-09 1.88458e-06 0.000313126 0.011961 0.105041 0.212087 0.0993346 0.0342073 0.145008 0.204115 0.0795044 0.0534687 0.0403255 0.0110291 0.00293445 0.000593087 7.07646e-05 4.14283e-06 1.03034e-07
 4.73311e-40 2.31653e-33 2.60659e-27 6.74301e-22 4.01032e-17 5.48339e-13 1.72371e-09 1.24573e-06 0.000206979 0.00790635 0.0694336 0.140198 0.0663747 0.0415621 0.211572 0.297246 0.102878 0.0318963 0.0210637 0.00683962 0.00229624 0.00046334 5.70163e-05 4.16513e-06 1.34579e-07
 5.45528e-40 2.66998e-33 3.0043e-27 7.77185e-22 4.62221e-17 6.32004e-13 1.98671e-09 1.4358e-06 0.00023856 0.00911269 0.0800276 0.161586 0.0761178 0.0376963 0.181528 0.255441 0.0956054 0.0529928 0.038383 0.0090415 0.0017861 0.000381681 5.5994e-05 4.31713e-06 1.55085e-07
 6.02161e-40 2.94716e-33 3.31619e-27 8.57868e-22 5.10206e-17 6.97615e-13 2.19296e-09 1.58486e-06 0.000263326 0.0100587 0.0883356 0.17836 0.0838877 0.0380998 0.178934 0.251533 0.0907272 0.0400684 0.0285281 0.00836058 0.00238781 0.000408992 4.1216e-05 3.22062e-06 1.29552e-07
 4.71222e-40 2.3063e-33 2.59509e-27 6.71325e-22 3.99262e-17 5.45919e-13 1.7161e-09 1.24023e-06 0.000206066 0.00787145 0.0691271 0.139579 0.0660469 0.0404517 0.204981 0.288181 0.102791 0.0417587 0.0289132 0.00768542 0.00195604 0.000397737 4.89465e-05 3.1517e-06 1.03854e-07
 7.1509e-40 3.49987e-33 3.93811e-27 1.01875e-21 6.0589e-17 8.28445e-13 2.60422e-09 1.88208e-06 0.00031271 0.0119451 0.104902 0.211806 0.0992595 0.0356694 0.154018 0.21657 0.0805676 0.0432087 0.0313948 0.00806961 0.00188233 0.000348125 4.13746e-05 3.05394e-06 1.04562e-07
 4.93738e-40 2.41651e-33 2.71909e-27 7.03403e-22 4.1834e-17 5.72005e-13 1.7981e-09 1.29949e-06 0.000215912 0.00824758 0.0724302 0.146248 0.0691595 0.0412332 0.207741 0.291867 0.101283 0.0322457 0.021164 0.00608609 0.00172318 0.000317693 3.44158e-05 2.35648e-06 8.27579e-08
 5.94869e-40 2.91147e-33 3.27603e-27 8.47479e-22 5.04027e-17 6.89166e-13 2.1664e-09 1.56566e-06 0.000260137 0.0099369 0.0872659 0.1762 0.0828629 0.0373998 0.175313 0.246605 0.0914268 0.0480579 0.0345434 0.00818228 0.00160047 0.000303741 3.78418e-05 2.58221e-06 8.41553e-08
 6.30076e-40 3.08379e-33 3.46993e-27 8.97637e-22 5.33858e-17 7.29955e-13 2.29462e-09 1.65833e-06 0.000275533 0.010525 0.0924307 0.186628 0.087714 0.0382023 0.177069 0.248818 0.0886131 0.0355816 0.0247637 0.00706824 0.00194487 0.000330786 3.17313e-05 2.15826e-06 7.52615e-08
 4.82861e-40 2.36327e-33 2.65919e-27 6.87908e-22 4.09125e-17 5.59404e-13 1.75849e-09 1.27087e-06 0.000211156 0.00806589 0.0708347 0.143027 0.0676461 0.0405948 0.204815 0.287898 0.102016 0.0393053 0.0267888 0.00684187 0.00160199 0.000312748 3.72203e-05 2.32189e-06 7.00368e-08
 5.25674e-40 2.57281e-33 2.89497e-27 7.48902e-22 4.454e-17 6.09004e-13 1.91441e-09 1.38355e-06 0.000229878 0.00878105 0.0771152 0.155706 0.0734205 0.0382582 0.18673 0.262715 0.0973531 0.0510496 0.0368886 0.00928816 0.00205914 0.000361829 3.98107e-05 2.79336e-06 9.2254e-08
 5.67496e-40 2.7775e-33 3.12529e-27 8.08482e-22 4.80835e-17 6.57454e-13 2.06671e-09 1.49362e-06 0.000248167 0.00947965 0.0832504 0.168093 0.0791523 0.0383982 0.183851 0.258503 0.0937371 0.04294 0.0306909 0.00874653 0.00242533 0.000435852 4.46968e-05 2.85861e-06 9.38662e-08
#spawning biomass
 2953.08 3130.88 3311.53 4193.67 5597.53 6986.34 7276.22 6359.17 7983.67 15598.1 16929.5 14528.6 24025.2 32752.4 32549.9 25509.1 21716.1 23661.1 22096.9 23024.9 24618.1 24745.4 27248.3 26925.5 30166 33377.8 30856.6 31826.1 37025.3 65392.9 67856.6 48174.5 34371 27384 24162.5 22745.9 22141.1 21887.8 21783.1 21740.2 21722.7 21715.7 21712.8 21711.6 21711.2 21711 21710.9 21710.9 21710.9 21710.9 21710.9 21710.9 21710.9 21710.9 21710.9 21710.9 21710.9 21710.9 21710.9 21710.9 21710.9 21710.9 21710.9 21710.9 21710.9 21710.9 21710.9 21710.9 21710.9 21710.9 21710.9 21710.9 21710.9 21710.9 21710.9 21710.9 21710.9 21710.9 21710.9 21710.9 21710.9 21710.9 21710.9 21710.9 21710.9 21710.9 21710.9 21710.9 21710.9 21710.9 21710.9 21710.9 21710.9 21710.9 21710.9 21710.9 21710.9 21710.9 21710.9 21710.9 21710.9 21710.9 21710.9 21710.9 21710.9 21710.9 21710.9 21710.9 21710.9 21710.9 21710.9 21710.9 21710.9 21710.9 21710.9 21710.9 21710.9 21710.9 21710.9 21710.9 21710.9 21710.9 21710.9 21710.9 21710.9 21710.9 21710.9 21710.9 0 0 0 0 0 0 0 0 0 0 0 0 0 0 0 0 0 0 0 0 0 0 0 0 0
