SBPRF35
0.0494297
Curr Bio
200726
B35
96269.8
F35
8.34252
FOFL
8.34252
OFL
173365
Bzero
14105
#pred survey bio
 4251.25 4887.5 6988.36 12059.6 23426.5 32316.7 28246.4 30249.1 46631.8 67101.9 78794.3 98538.6 134573 160290 149737 122800 106723 120485 128016 122784 131903 138824 137065 144167 149656 146423 140007 134390 2.84185e+06 1.02933e+06 290345 159677 113469 96906.1 91036.7 88985.7 88277.7 88035.8 87953.8 87926.2 87916.9 87913.9 87912.8 87912.5 87912.4 87912.3 87912.3 87912.3 87912.3 87912.3 87912.3 87912.3 87912.3 87912.3 87912.3 87912.3 87912.3 87912.3 87912.3 87912.3 87912.3 87912.3 87912.3 87912.3 87912.3 87912.3 87912.3 87912.3 87912.3 87912.3 87912.3 87912.3 87912.3 87912.3 87912.3 87912.3 87912.3 87912.3 87912.3 87912.3 87912.3 87912.3 87912.3 87912.3 87912.3 87912.3 87912.3 87912.3 87912.3 87912.3 87912.3 87912.3 87912.3 87912.3 87912.3 87912.3 87912.3 87912.3 87912.3 87912.3 87912.3 87912.3 87912.3 87912.3 87912.3 87912.3 87912.3 87912.3 87912.3 87912.3 87912.3 87912.3 87912.3 87912.3 87912.3 87912.3 87912.3 87912.3 87912.3 87912.3 87912.3 87912.3 87912.3 87912.3 87912.3 87912.3 87912.3 87912.3 0 0 0 0 0 0 0 0 0 0 0 0 0 0 0 0 0 0 0 0 0 0 0 0 0
#obs survey bio
 2938.23 4878.2 6464.44 18525.8 30416 23685.4 22743.2 42460.5 47162.1 64866.5 66598.6 84796.6 194790 153234 140601 81351 73073.1 112504 156679 121862 141283 139261 142593 225153 199802 152812 119946 97760.4
#pred catch bio
 1105.32 2154.99 2671.06 4033.75 9693.29 17322.9 15939.9 16710.8 24402.5 38833.3 45014.2 56737.8 80752.4 103382 105919 94735.5 74316.7 87065.4 98731.3 87263.7 96817.7 110393 102077 106040 113287 111087 108797 118490 173365 22432.3 4616.24 4613.87 4613.87 4613.87 4613.87 4613.87 4613.87 4613.87 4613.87 4613.87 4613.87 4613.87 4613.87 4613.87 4613.87 4613.87 4613.87 4613.87 4613.87 4613.87 4613.87 4613.87 4613.87 4613.87 4613.87 4613.87 4613.87 4613.87 4613.87 4613.87 4613.87 4613.87 4613.87 4613.87 4613.87 4613.87 4613.87 4613.87 4613.87 4613.87 4613.87 4613.87 4613.87 4613.87 4613.87 4613.87 4613.87 4613.87 4613.87 4613.87 4613.87 4613.87 4613.87 4613.87 4613.87 4613.87 4613.87 4613.87 4613.87 4613.87 4613.87 4613.87 4613.87 4613.87 4613.87 4613.87 4613.87 4613.87 4613.87 4613.87 4613.87 4613.87 4613.87 4613.87 4613.87 4613.87 4613.87 4613.87 4613.87 4613.87 4613.87 4613.87 4613.87 4613.87 4613.87 4613.87 4613.87 4613.87 4613.87 4613.87 4613.87 4613.87 4613.87 4613.87 4613.87 4613.87 4613.87 4613.87 0 0 0 0 0 0 0 0 0 0 0 0 0 0 0 0 0 0 0 0 0 0 0 0 0
#obs catch bio
 2397.93 2320.9 2630.4 3896.52 9786.51 18309.8 18558.2 16726.2 23747.8 38017.3 45346.6 57542.3 76320.9 100680 108848 106461 78872.3 92827.4 96520.6 85930.4 91446.1 107874 93454.9 95207.5 101350 99899.2 100220 119835
#pred cpue bio
 4128.78 4576.87 6418.26 11094.6 21134.8 31941.6 27966.6 27619.1 42497.9 63342.5 74876.3 91436.9 124622 153720 146145 118404 100390 112194 121367 115436 124104 130003 128470 135423 141030 138614 132657 126140 2.61913e+06 1.1595e+06 283125 150212 103940 87374.7 81505.3 79454.3 78746.3 78504.4 78422.4 78394.8 78385.5 78382.4 78381.4 78381.1 78380.9 78380.9 78380.9 78380.9 78380.9 78380.9 78380.9 78380.9 78380.9 78380.9 78380.9 78380.9 78380.9 78380.9 78380.9 78380.9 78380.9 78380.9 78380.9 78380.9 78380.9 78380.9 78380.9 78380.9 78380.9 78380.9 78380.9 78380.9 78380.9 78380.9 78380.9 78380.9 78380.9 78380.9 78380.9 78380.9 78380.9 78380.9 78380.9 78380.9 78380.9 78380.9 78380.9 78380.9 78380.9 78380.9 78380.9 78380.9 78380.9 78380.9 78380.9 78380.9 78380.9 78380.9 78380.9 78380.9 78380.9 78380.9 78380.9 78380.9 78380.9 78380.9 78380.9 78380.9 78380.9 78380.9 78380.9 78380.9 78380.9 78380.9 78380.9 78380.9 78380.9 78380.9 78380.9 78380.9 78380.9 78380.9 78380.9 78380.9 78380.9 78380.9 78380.9 78380.9 0 0 0 0 0 0 0 0 0 0 0 0 0 0 0 0 0 0 0 0 0 0 0 0 0
#obs cpue bio
 2287.68 4729.96 7607.06 9935.05 11201.5 28180.4 20014.2 30504.8 40975.4 77519.2 71507.3 107160 137987 146430 128250 100329 109333 99507.3 149255 106097 169244 134822 199513 141623 163619 188202 197538 149457
#pred surv len freq
 1.34283e-11 1.45751e-09 9.32805e-08 3.52012e-06 7.83271e-05 0.00102769 0.00795157 0.0362982 0.097998 0.158396 0.162367 0.129937 0.111116 0.0950952 0.0671824 0.0427257 0.0276804 0.0181876 0.0122929 0.00876835 0.00671328 0.00558425 0.00479404 0.00367012 0.00213233
 1.59094e-11 1.72681e-09 1.10516e-07 4.17053e-06 9.27995e-05 0.00121757 0.00942042 0.0429966 0.115989 0.18672 0.187845 0.141015 0.109003 0.0862708 0.0550871 0.029202 0.0152497 0.00816844 0.00447454 0.00258939 0.00162801 0.00114327 0.000876015 0.000639034 0.000369607
 1.68948e-11 1.83377e-09 1.17361e-07 4.42883e-06 9.85471e-05 0.00129298 0.0100038 0.0456572 0.123139 0.198015 0.198181 0.146 0.108956 0.0829086 0.0490362 0.0217451 0.00866154 0.00352982 0.00146799 0.00063839 0.000301474 0.000161458 0.00010026 6.51076e-05 3.59962e-05
 1.68159e-11 1.8252e-09 1.16813e-07 4.40815e-06 9.80869e-05 0.00128694 0.00995708 0.0454446 0.122572 0.197154 0.197563 0.146191 0.109939 0.0841262 0.0500032 0.0222742 0.00867969 0.00317338 0.00104128 0.000322222 0.000103844 3.73755e-05 1.61006e-05 8.17256e-06 4.0172e-06
 1.75738e-11 1.90747e-09 1.22078e-07 4.60683e-06 0.000102508 0.00134494 0.0104057 0.047488 0.12803 0.205501 0.203894 0.145529 0.102832 0.0760251 0.0452179 0.0206698 0.00839119 0.00315404 0.00102429 0.000288155 7.26832e-05 1.7283e-05 4.39143e-06 1.37648e-06 5.08086e-07
 1.33788e-11 1.45214e-09 9.29365e-08 3.50714e-06 7.80384e-05 0.00102392 0.00792279 0.0361771 0.0978121 0.159232 0.168531 0.148305 0.140822 0.11998 0.0721246 0.0309209 0.0113039 0.0039819 0.00129253 0.000371931 9.2785e-05 1.96092e-05 3.59398e-06 6.34128e-07 1.28845e-07
 1.30698e-11 1.4186e-09 9.07903e-08 3.42614e-06 7.62363e-05 0.00100027 0.00773984 0.0353419 0.0955565 0.155582 0.164776 0.145345 0.138814 0.120094 0.0756039 0.0362635 0.0154496 0.00586895 0.00184355 0.000493058 0.000117939 2.46963e-05 4.33282e-06 6.25392e-07 7.77987e-08
 1.70884e-11 1.85479e-09 1.18706e-07 4.4796e-06 9.96766e-05 0.0013078 0.0101184 0.0461788 0.124527 0.20009 0.199528 0.14509 0.10605 0.0802605 0.0484927 0.0227871 0.00970014 0.00387979 0.00135755 0.000404461 0.000100111 2.02462e-05 3.38782e-06 4.67847e-07 5.19192e-08
 1.72446e-11 1.87173e-09 1.19791e-07 4.52052e-06 0.000100587 0.00131975 0.0102108 0.0466015 0.125676 0.202007 0.201768 0.147533 0.108534 0.0812695 0.0465466 0.0189365 0.0063878 0.00212676 0.000695577 0.000211094 5.64131e-05 1.25013e-05 2.2028e-06 3.02345e-07 3.21641e-08
 1.57608e-11 1.71069e-09 1.09484e-07 4.13158e-06 9.19328e-05 0.00120621 0.00933267 0.0426007 0.114984 0.185607 0.189098 0.148072 0.121318 0.0964681 0.0564527 0.0233659 0.00795738 0.00251277 0.000703663 0.000173882 4.03837e-05 8.70283e-06 1.61007e-06 2.37354e-07 2.65172e-08
 1.54304e-11 1.67483e-09 1.07189e-07 4.04497e-06 9.00057e-05 0.00118092 0.00913712 0.0417095 0.112598 0.18192 0.186108 0.147728 0.123452 0.0993613 0.0588127 0.0249712 0.00889916 0.00293472 0.00083855 0.000201754 4.19315e-05 7.58238e-06 1.20717e-06 1.67737e-07 1.91113e-08
 1.648e-11 1.78874e-09 1.14479e-07 4.32009e-06 9.61274e-05 0.00126124 0.00975828 0.0445392 0.120158 0.193495 0.19495 0.147016 0.113915 0.0883175 0.0520293 0.0223785 0.00819739 0.00279364 0.00082863 0.000208187 4.4586e-05 7.9385e-06 1.15713e-06 1.38893e-07 1.37938e-08
 1.6593e-11 1.80101e-09 1.15265e-07 4.34973e-06 9.6787e-05 0.00126989 0.00982522 0.0448446 0.12098 0.194798 0.196167 0.147668 0.113996 0.087856 0.0509725 0.0210582 0.00721142 0.0023378 0.000689612 0.000177618 3.9509e-05 7.32386e-06 1.09746e-06 1.30214e-07 1.20357e-08
 1.50341e-11 1.6318e-09 1.04435e-07 3.94106e-06 8.76938e-05 0.00115059 0.00890255 0.0406413 0.10975 0.177603 0.183024 0.148699 0.128121 0.10423 0.0610528 0.0249402 0.00828662 0.00257003 0.000717477 0.000174298 3.74839e-05 6.97848e-06 1.07679e-06 1.32378e-07 1.25223e-08
 1.41104e-11 1.53155e-09 9.80192e-08 3.69894e-06 8.23063e-05 0.00107991 0.00835587 0.0381504 0.10309 0.167359 0.174969 0.148571 0.135365 0.113187 0.0673436 0.0282853 0.00984872 0.00316617 0.000883802 0.000207886 4.24123e-05 7.4593e-06 1.10513e-06 1.3453e-07 1.29419e-08
 1.4752e-11 1.60119e-09 1.02476e-07 3.86712e-06 8.60485e-05 0.00112901 0.00873559 0.0398805 0.107715 0.174464 0.180517 0.148528 0.13013 0.106821 0.0630082 0.0261296 0.00893364 0.00285702 0.000814444 0.000198459 4.13205e-05 7.17051e-06 1.01869e-06 1.1772e-07 1.08671e-08
 1.59625e-11 1.73258e-09 1.10885e-07 4.18445e-06 9.31092e-05 0.00122164 0.00945207 0.0431452 0.116446 0.187909 0.191165 0.148949 0.121028 0.0953621 0.054702 0.0214293 0.00656595 0.00187538 0.000501901 0.000119365 2.49318e-05 4.42282e-06 6.41049e-07 7.38751e-08 6.62208e-09
 1.63895e-11 1.77892e-09 1.13851e-07 4.29637e-06 9.55997e-05 0.00125431 0.00970477 0.0442962 0.11952 0.192606 0.194705 0.148505 0.11692 0.0907459 0.0520746 0.0206512 0.00646792 0.00185325 0.00047157 0.000101607 1.92257e-05 3.22148e-06 4.59812e-07 5.34798e-08 4.86064e-09
 1.56212e-11 1.69553e-09 1.08514e-07 4.09498e-06 9.11185e-05 0.00119552 0.00925008 0.0422251 0.113989 0.184158 0.188351 0.14935 0.12439 0.0991355 0.0568586 0.0220551 0.00658273 0.00179651 0.000449514 9.68099e-05 1.788e-05 2.79556e-06 3.64077e-07 3.93764e-08 3.45793e-09
 1.59988e-11 1.73652e-09 1.11137e-07 4.19397e-06 9.33211e-05 0.00122442 0.00947358 0.0432433 0.11671 0.188332 0.191577 0.149216 0.121148 0.0952987 0.0543918 0.0209723 0.00617412 0.00164484 0.000397497 8.18237e-05 1.45201e-05 2.21856e-06 2.81701e-07 2.89099e-08 2.35312e-09
 1.5949e-11 1.73112e-09 1.10791e-07 4.18091e-06 9.30307e-05 0.00122061 0.0094441 0.0431088 0.116348 0.187755 0.191025 0.148885 0.121047 0.0954625 0.0548846 0.0216228 0.00666162 0.00186428 0.000459949 9.39134e-05 1.62028e-05 2.37792e-06 2.89451e-07 2.86741e-08 2.25773e-09
 1.61616e-11 1.75419e-09 1.12268e-07 4.23664e-06 9.42707e-05 0.00123688 0.00956993 0.0436821 0.117881 0.190115 0.192888 0.148939 0.119415 0.0934171 0.0534092 0.0208037 0.00627402 0.00172828 0.000431277 9.13219e-05 1.63602e-05 2.43492e-06 2.92343e-07 2.80302e-08 2.12046e-09
 1.61462e-11 1.75251e-09 1.12161e-07 4.23259e-06 9.41806e-05 0.0012357 0.0095608 0.0436408 0.117775 0.189984 0.192948 0.149473 0.120352 0.0941036 0.0532769 0.0200963 0.00563088 0.00141257 0.000330796 6.78167e-05 1.2049e-05 1.8238e-06 2.25702e-07 2.21252e-08 1.67379e-09
 1.60348e-11 1.74042e-09 1.11387e-07 4.2034e-06 9.35309e-05 0.00122717 0.00949487 0.0433403 0.116969 0.188727 0.191869 0.149163 0.120781 0.0949026 0.0541927 0.0209419 0.00618307 0.00163762 0.000384103 7.43434e-05 1.21818e-05 1.73452e-06 2.08876e-07 2.05033e-08 1.5805e-09
 1.58894e-11 1.72464e-09 1.10377e-07 4.16527e-06 9.26827e-05 0.00121604 0.00940879 0.0429481 0.11592 0.187114 0.190601 0.149142 0.121918 0.0963037 0.055167 0.0214555 0.00643244 0.00174796 0.00042485 8.60835e-05 1.45777e-05 2.04812e-06 2.33042e-07 2.1427e-08 1.58121e-09
 1.56915e-11 1.70316e-09 1.09002e-07 4.11339e-06 9.15282e-05 0.0012009 0.00929166 0.0424145 0.114496 0.184939 0.188973 0.149385 0.12388 0.0984886 0.0563851 0.0217783 0.00643022 0.00172046 0.000417431 8.58671e-05 1.49834e-05 2.18888e-06 2.57738e-07 2.3875e-08 1.70981e-09
 1.56491e-11 1.69856e-09 1.08707e-07 4.10228e-06 9.1281e-05 0.00119766 0.00926657 0.0423002 0.11419 0.184467 0.188592 0.149349 0.124167 0.0988721 0.0566931 0.02198 0.00653891 0.00176061 0.000425911 8.66376e-05 1.49794e-05 2.19766e-06 2.64199e-07 2.52697e-08 1.86769e-09
 1.60728e-11 1.74455e-09 1.11651e-07 4.21335e-06 9.37525e-05 0.00123008 0.00951735 0.0434427 0.117244 0.189152 0.192222 0.149226 0.120568 0.094582 0.053889 0.0207057 0.00604978 0.00159686 0.00038317 7.80773e-05 1.35235e-05 1.97534e-06 2.35806e-07 2.25473e-08 1.68766e-09
#obs surv len freq
 1.28931e-11 1.39942e-09 8.95628e-08 3.37983e-06 7.52057e-05 0.000986751 0.00763519 0.0348628 0.0942307 0.153092 0.16024 0.135973 0.124901 0.111761 0.0816476 0.050409 0.0269476 0.0117743 0.00407479 0.00111023 0.000232765 3.63029e-05 4.07789e-06 3.20001e-07 1.70543e-08
 1.83722e-11 1.99412e-09 1.27624e-07 4.81612e-06 0.000107165 0.00140604 0.0108783 0.0496411 0.133773 0.214141 0.209413 0.140667 0.0879132 0.0623063 0.0424702 0.0256351 0.0134164 0.00570511 0.00190825 0.000498321 9.92741e-05 1.4592e-05 1.53339e-06 1.11887e-07 5.5194e-09
 1.56102e-11 1.69434e-09 1.08438e-07 4.09211e-06 9.10548e-05 0.0011947 0.00924409 0.0422046 0.113999 0.184493 0.189275 0.149284 0.120465 0.0935777 0.0557038 0.0253338 0.0100342 0.00363039 0.00112507 0.000279393 5.29201e-05 7.3475e-06 7.24166e-07 4.92514e-08 2.25308e-09
 1.80544e-11 1.95963e-09 1.25416e-07 4.73282e-06 0.000105311 0.00138174 0.0106906 0.0487919 0.13157 0.211195 0.20881 0.145218 0.0956398 0.0677295 0.0427542 0.0223573 0.00960316 0.00318084 0.00078835 0.000152438 2.3882e-05 2.94149e-06 2.66704e-07 1.68539e-08 7.15994e-10
 1.66269e-11 1.8047e-09 1.155e-07 4.35863e-06 9.69855e-05 0.00127252 0.00984621 0.0449524 0.12139 0.196096 0.199064 0.150534 0.112432 0.082539 0.0481362 0.0217886 0.00832568 0.0026873 0.000683739 0.000130554 1.82501e-05 1.85021e-06 1.36178e-07 7.22501e-09 2.6883e-10
 7.22965e-12 7.84711e-10 5.02215e-08 1.89522e-06 4.21729e-05 0.000553435 0.00428572 0.0196385 0.0539205 0.0935309 0.122041 0.155998 0.188213 0.170167 0.108874 0.0532936 0.0211169 0.00652105 0.00150425 0.000260362 3.40098e-05 3.26453e-06 2.21309e-07 1.02947e-08 3.23568e-10
 1.59881e-11 1.73536e-09 1.11063e-07 4.19116e-06 9.32589e-05 0.00122361 0.00946748 0.043215 0.116581 0.187391 0.186026 0.131189 0.0921582 0.0793833 0.0688366 0.0485998 0.0246977 0.00862774 0.00209455 0.000362516 4.50573e-05 3.97645e-06 2.45418e-07 1.04279e-08 2.99228e-10
 1.8e-11 1.95373e-09 1.25038e-07 4.71857e-06 0.000104995 0.00137761 0.0106594 0.0486636 0.131367 0.211689 0.211857 0.151049 0.0997956 0.0659043 0.0370248 0.0177932 0.00813691 0.0033075 0.00101712 0.000214934 3.01326e-05 2.78357e-06 1.69806e-07 6.84542e-09 1.81582e-10
 1.58997e-11 1.72576e-09 1.10449e-07 4.168e-06 9.27445e-05 0.00121692 0.00941734 0.0430184 0.116413 0.189491 0.197015 0.156578 0.120789 0.0866279 0.0484348 0.0208262 0.00731509 0.0021309 0.000513075 0.000100841 1.50947e-05 1.57045e-06 1.06848e-07 4.62186e-09 1.2579e-10
 1.46779e-11 1.59315e-09 1.01962e-07 3.84774e-06 8.56186e-05 0.00112344 0.00869488 0.0397343 0.107696 0.176358 0.187157 0.156326 0.128194 0.0965953 0.0576424 0.0269867 0.00996785 0.00277449 0.000564534 8.53304e-05 9.83946e-06 8.61059e-07 5.47215e-08 2.38073e-09 6.74469e-11
 1.41936e-11 1.54058e-09 9.8597e-08 3.72077e-06 8.27939e-05 0.0010864 0.00840884 0.0384378 0.104285 0.171347 0.183615 0.156247 0.130281 0.0995391 0.0610753 0.0298614 0.0115496 0.00335699 0.000705475 0.000105634 1.1151e-05 8.21694e-07 4.20934e-08 1.49424e-09 3.62886e-11
 1.67533e-11 1.81842e-09 1.16379e-07 4.39179e-06 9.77245e-05 0.00128227 0.00992344 0.0453321 0.122649 0.19918 0.204212 0.154046 0.109064 0.0757065 0.0450473 0.0218821 0.00846951 0.00248229 0.000530794 8.11248e-05 8.66478e-06 6.30847e-07 3.06889e-08 9.84434e-10 2.06471e-11
 1.5269e-11 1.6573e-09 1.06068e-07 4.00269e-06 8.90678e-05 0.00116876 0.00904694 0.0413633 0.112273 0.184513 0.196745 0.162652 0.126599 0.0879355 0.0478037 0.0203617 0.00704456 0.00193282 0.000400384 6.02927e-05 6.39042e-06 4.62543e-07 2.22963e-08 7.01852e-10 1.42059e-11
 1.2901e-11 1.40028e-09 8.96181e-08 3.38196e-06 7.52572e-05 0.000987624 0.00764754 0.0350109 0.0954905 0.159641 0.179478 0.165726 0.144845 0.108279 0.0624771 0.0278399 0.00954823 0.00243215 0.000450714 6.0764e-05 5.90766e-06 4.02833e-07 1.86225e-08 5.67054e-10 1.11291e-11
 1.22237e-11 1.32677e-09 8.49138e-08 3.20445e-06 7.1308e-05 0.000935839 0.00724764 0.0331964 0.0906804 0.152275 0.173051 0.162706 0.145625 0.113554 0.0703388 0.0339698 0.0123871 0.00326397 0.00060735 7.91405e-05 7.15121e-06 4.42128e-07 1.8443e-08 5.11457e-10 9.27283e-12
 1.36439e-11 1.48092e-09 9.47789e-08 3.57672e-06 7.95918e-05 0.00104453 0.0080883 0.0370254 0.100891 0.167757 0.184367 0.160933 0.133012 0.0997911 0.0615807 0.0302289 0.0113709 0.00312805 0.00060929 8.21165e-05 7.49449e-06 4.54655e-07 1.8081e-08 4.66455e-10 7.73625e-12
 1.35322e-11 1.46879e-09 9.40032e-08 3.54747e-06 7.89425e-05 0.00103608 0.00802472 0.0367618 0.100408 0.168111 0.187825 0.167481 0.137763 0.0985192 0.0563076 0.0255704 0.00911529 0.00244714 0.000475416 6.46986e-05 5.98523e-06 3.66671e-07 1.45765e-08 3.70366e-10 5.94679e-12
 1.39873e-11 1.5182e-09 9.71652e-08 3.66681e-06 8.15989e-05 0.00107096 0.00829535 0.0380045 0.103794 0.173524 0.192408 0.16793 0.134257 0.0941973 0.0529929 0.0232832 0.00781544 0.00194217 0.000349675 4.4774e-05 3.9714e-06 2.36739e-07 9.23295e-09 2.30718e-10 3.63658e-12
 1.41415e-11 1.53493e-09 9.82362e-08 3.70725e-06 8.25003e-05 0.00108285 0.00838876 0.0384492 0.105125 0.176171 0.195929 0.170483 0.133861 0.0911952 0.0495581 0.0209793 0.0067732 0.00160922 0.000273526 3.26098e-05 2.67334e-06 1.47538e-07 5.36963e-09 1.26451e-10 1.89463e-12
 1.42103e-11 1.5424e-09 9.87146e-08 3.72534e-06 8.29046e-05 0.00108823 0.00843198 0.0386668 0.105856 0.177891 0.19863 0.172737 0.133871 0.0891355 0.0470148 0.0191394 0.00588855 0.00132513 0.000212423 2.37758e-05 1.81932e-06 9.31165e-08 3.12608e-09 6.773e-11 9.34256e-13
 1.43617e-11 1.55884e-09 9.97668e-08 3.76507e-06 8.37908e-05 0.00109994 0.00852417 0.0391069 0.107168 0.180412 0.201641 0.174311 0.13277 0.0864282 0.0444524 0.0175278 0.00517558 0.00110811 0.000167673 1.75942e-05 1.25567e-06 5.97158e-08 1.85703e-09 3.71606e-11 4.72123e-13
 1.47963e-11 1.60601e-09 1.02786e-07 3.87904e-06 8.63289e-05 0.00113331 0.00878375 0.040306 0.110476 0.185827 0.206459 0.175094 0.129165 0.0813347 0.0405119 0.0154158 0.00436911 0.00089302 0.000128211 1.2677e-05 8.46912e-07 3.74969e-08 1.08109e-09 1.99966e-11 2.34329e-13
 1.45288e-11 1.57698e-09 1.00929e-07 3.80901e-06 8.47745e-05 0.00111305 0.00863011 0.0396425 0.108954 0.184475 0.207579 0.178563 0.131703 0.0812302 0.0390746 0.0142386 0.00384749 0.000747898 0.000101797 9.50117e-06 5.96309e-07 2.46885e-08 6.62818e-10 1.13741e-11 1.23278e-13
 1.45095e-11 1.57489e-09 1.00796e-07 3.80405e-06 8.46677e-05 0.00111178 0.00862271 0.0396364 0.109109 0.185285 0.209243 0.179913 0.131531 0.0800186 0.0378207 0.0134099 0.00347821 0.000641441 8.21853e-05 7.18759e-06 4.21579e-07 1.62811e-08 4.06964e-10 6.489e-12 6.52151e-14
 1.44197e-11 1.56514e-09 1.00173e-07 3.78062e-06 8.41512e-05 0.00110516 0.00857464 0.0394519 0.10883 0.185592 0.210862 0.181799 0.131866 0.0788946 0.0365104 0.0126168 0.00317094 0.000562793 6.88304e-05 5.69376e-06 3.13263e-07 1.1278e-08 2.61761e-10 3.86667e-12 3.59543e-14
 1.3176e-11 1.43016e-09 9.15355e-08 3.45485e-06 7.69117e-05 0.00101051 0.00784927 0.0362251 0.100728 0.175123 0.206915 0.188312 0.142064 0.0856709 0.0390809 0.0131417 0.00318747 0.000542896 6.34186e-05 4.98606e-06 2.59329e-07 8.77716e-09 1.90505e-10 2.61928e-12 2.25834e-14
 1.33396e-11 1.44792e-09 9.26729e-08 3.49785e-06 7.78731e-05 0.00102326 0.00794984 0.0366996 0.10205 0.177126 0.207898 0.186861 0.139771 0.0846671 0.0390246 0.0131371 0.00313356 0.000516242 5.76537e-05 4.30076e-06 2.1116e-07 6.7215e-09 1.36777e-10 1.75802e-12 1.41303e-14
 1.34747e-11 1.4626e-09 9.36139e-08 3.53351e-06 7.86746e-05 0.00103402 0.00803751 0.0371436 0.103489 0.180113 0.211528 0.188419 0.137751 0.0809652 0.036242 0.0119071 0.00278493 0.000450064 4.90336e-05 3.53352e-06 1.658e-07 4.99721e-09 9.56301e-11 1.15051e-12 8.62841e-15
#pred catch len freq
 1.13998e-11 1.23734e-09 7.91894e-08 2.98836e-06 6.64951e-05 0.000872463 0.00675095 0.030828 0.0833735 0.13592 0.14478 0.129926 0.127338 0.114607 0.0799694 0.0486866 0.0303402 0.0195857 0.0131553 0.00936413 0.00716531 0.00595949 0.00511607 0.00391664 0.00227556
 1.46655e-11 1.5918e-09 1.01875e-07 3.84446e-06 8.55441e-05 0.00112238 0.00868422 0.0396428 0.107029 0.173002 0.177368 0.141864 0.120305 0.0993245 0.0630413 0.032186 0.016062 0.00838715 0.00455116 0.00262535 0.00164906 0.00115779 0.000887106 0.00064712 0.000374284
 1.54046e-11 1.67202e-09 1.07009e-07 4.0382e-06 8.98551e-05 0.00117895 0.00912181 0.0416394 0.112406 0.181582 0.185636 0.147031 0.122521 0.0985699 0.058577 0.0253203 0.00962859 0.00378195 0.001548 0.000669472 0.000315594 0.000168942 0.000104897 6.81181e-05 3.76606e-05
 1.51175e-11 1.64086e-09 1.05015e-07 3.96294e-06 8.81806e-05 0.00115698 0.0089519 0.0408654 0.110338 0.178421 0.183244 0.147308 0.125312 0.101928 0.0609276 0.0264578 0.00986175 0.00348305 0.00112492 0.000345722 0.000111075 3.99355e-05 1.7199e-05 8.72967e-06 4.29102e-06
 1.62996e-11 1.76916e-09 1.13226e-07 4.2728e-06 9.50752e-05 0.00124743 0.00965149 0.0440523 0.118852 0.19145 0.193169 0.146417 0.114442 0.0894335 0.0533966 0.023743 0.00921815 0.00335452 0.00107395 0.000300266 7.55123e-05 1.79322e-05 4.55413e-06 1.42727e-06 5.26822e-07
 1.23406e-11 1.33945e-09 8.57248e-08 3.23499e-06 7.19829e-05 0.000944473 0.00730836 0.0333783 0.0903377 0.147813 0.159928 0.149403 0.150853 0.131289 0.0786411 0.0329083 0.0115092 0.00390088 0.00124347 0.000355313 8.83833e-05 1.86569e-05 3.41783e-06 6.02933e-07 1.22499e-07
 1.22158e-11 1.32591e-09 8.4858e-08 3.20228e-06 7.12551e-05 0.000934922 0.00723442 0.0330398 0.0894107 0.146208 0.157791 0.146501 0.14745 0.129652 0.0808553 0.0375413 0.0153037 0.00564687 0.00175152 0.00046565 0.000111025 2.32154e-05 4.07086e-06 5.87472e-07 7.30764e-08
 1.63544e-11 1.77511e-09 1.13607e-07 4.28716e-06 9.53948e-05 0.00125162 0.00968391 0.0441997 0.119242 0.192016 0.193445 0.145868 0.113145 0.0882613 0.0531052 0.0241948 0.00984272 0.0038165 0.00131796 0.000390555 9.64351e-05 1.94822e-05 3.25848e-06 4.49896e-07 4.99231e-08
 1.63507e-11 1.77471e-09 1.13581e-07 4.2862e-06 9.53734e-05 0.00125134 0.0096818 0.0441915 0.119239 0.192164 0.19431 0.14834 0.116959 0.0908634 0.0522106 0.0208381 0.00673859 0.002149 0.000687705 0.000207067 5.51805e-05 1.22155e-05 2.15163e-06 2.95277e-07 3.14102e-08
 1.50166e-11 1.62991e-09 1.04314e-07 3.93648e-06 8.75917e-05 0.00114925 0.0088922 0.0405942 0.109625 0.177422 0.182936 0.148873 0.12853 0.104585 0.0611093 0.0247629 0.00808792 0.00245428 0.000673428 0.000164972 3.81558e-05 8.20845e-06 1.51774e-06 2.23703e-07 2.49906e-08
 1.46428e-11 1.58933e-09 1.01717e-07 3.83849e-06 8.54113e-05 0.00112065 0.00867094 0.039586 0.106928 0.173258 0.17959 0.148586 0.1311 0.107962 0.0637378 0.0264366 0.00902451 0.00286548 0.000803872 0.000191924 3.97378e-05 7.17278e-06 1.14111e-06 1.58513e-07 1.80586e-08
 1.5776e-11 1.71234e-09 1.09589e-07 4.13556e-06 9.20214e-05 0.00120737 0.00934166 0.0426414 0.11509 0.185754 0.189126 0.147786 0.120755 0.0960086 0.0564315 0.0236852 0.00830497 0.00272771 0.00079507 0.000198305 4.23225e-05 7.52352e-06 1.09591e-06 1.31508e-07 1.30589e-08
 1.59923e-11 1.73581e-09 1.11092e-07 4.19225e-06 9.32829e-05 0.00122392 0.00946968 0.0432251 0.116655 0.188194 0.191208 0.148356 0.11988 0.0944511 0.0547173 0.0221311 0.00726496 0.00226157 0.000653629 0.000166983 3.70128e-05 6.85085e-06 1.02596e-06 1.21701e-07 1.12477e-08
 1.45823e-11 1.58277e-09 1.01297e-07 3.82264e-06 8.50588e-05 0.00111602 0.00863519 0.0394235 0.106499 0.172648 0.179349 0.149364 0.132771 0.109338 0.0638028 0.0255355 0.00814212 0.00242327 0.000662071 0.000159419 3.41467e-05 6.34606e-06 9.78552e-07 1.2027e-07 1.13759e-08
 1.39853e-11 1.51797e-09 9.71498e-08 3.66613e-06 8.15763e-05 0.00107033 0.00828181 0.0378133 0.102193 0.166017 0.174099 0.149162 0.137273 0.115011 0.0679275 0.0278726 0.00930051 0.00287622 0.000787567 0.000183756 3.73405e-05 6.55493e-06 9.704e-07 1.18094e-07 1.13595e-08
 1.49716e-11 1.62503e-09 1.04002e-07 3.9247e-06 8.73296e-05 0.00114581 0.0088656 0.040473 0.109302 0.176925 0.18255 0.148884 0.128905 0.105024 0.0613812 0.0248818 0.00815447 0.00250523 0.000699825 0.000169127 3.50813e-05 6.07747e-06 8.62787e-07 9.96746e-08 9.20018e-09
 1.57731e-11 1.71202e-09 1.09569e-07 4.1348e-06 9.20046e-05 0.00120715 0.00934 0.0426348 0.115084 0.185842 0.189672 0.14936 0.123179 0.0976362 0.0557979 0.0214923 0.00634058 0.00173229 0.00045175 0.000106322 2.21121e-05 3.91553e-06 5.67119e-07 6.53372e-08 5.85609e-09
 1.63339e-11 1.77289e-09 1.13465e-07 4.28181e-06 9.52757e-05 0.00125006 0.00967191 0.0441467 0.119123 0.192016 0.194345 0.148839 0.117876 0.0916257 0.0522975 0.0203616 0.00613497 0.00168459 0.000418501 8.92678e-05 1.68098e-05 2.81017e-06 4.00733e-07 4.6593e-08 4.23419e-09
 1.57987e-11 1.7148e-09 1.09747e-07 4.14151e-06 9.21538e-05 0.00120911 0.00935514 0.0427038 0.11527 0.186138 0.189951 0.149517 0.123216 0.0975589 0.0555881 0.0212098 0.00610371 0.00159339 0.000388092 8.26538e-05 1.51916e-05 2.3699e-06 3.08345e-07 3.33357e-08 2.92699e-09
 1.58736e-11 1.72292e-09 1.10267e-07 4.16113e-06 9.25905e-05 0.00121483 0.00939945 0.0429057 0.11581 0.18697 0.190614 0.149554 0.122672 0.0968675 0.0550817 0.020914 0.00594192 0.00151435 0.000356043 7.24449e-05 1.27888e-05 1.94915e-06 2.47231e-07 2.53619e-08 2.06398e-09
 1.59443e-11 1.7306e-09 1.10758e-07 4.17968e-06 9.30032e-05 0.00122025 0.00944132 0.0430963 0.116317 0.187726 0.191095 0.14919 0.121549 0.0958121 0.0547764 0.0212001 0.00628836 0.00168601 0.000405849 8.20152e-05 1.40802e-05 2.06118e-06 2.50614e-07 2.48154e-08 1.95354e-09
 1.64473e-11 1.7852e-09 1.14252e-07 4.31153e-06 9.59371e-05 0.00125874 0.00973902 0.0444526 0.119942 0.193287 0.195399 0.149033 0.117257 0.0907023 0.0514422 0.0196946 0.00572346 0.00150879 0.000366779 7.68257e-05 1.36968e-05 2.03385e-06 2.43944e-07 2.33796e-08 1.76831e-09
 1.61784e-11 1.75601e-09 1.12385e-07 4.24104e-06 9.43686e-05 0.00123816 0.00957989 0.0437279 0.118009 0.190356 0.193296 0.149661 0.120378 0.0939743 0.0529739 0.0197158 0.00534695 0.00128182 0.000291034 5.88811e-05 1.04036e-05 1.57081e-06 1.94191e-07 1.90283e-08 1.43926e-09
 1.60307e-11 1.73998e-09 1.11358e-07 4.20231e-06 9.35068e-05 0.00122686 0.00949243 0.0433293 0.116942 0.188701 0.191929 0.149426 0.121213 0.0952032 0.0540982 0.0205769 0.00586242 0.00148628 0.00033937 6.49391e-05 1.05829e-05 1.50252e-06 1.80706e-07 1.77293e-08 1.3664e-09
 1.59932e-11 1.7359e-09 1.11098e-07 4.19248e-06 9.3288e-05 0.00122399 0.00947023 0.0432281 0.116671 0.18828 0.191578 0.149354 0.121405 0.095494 0.05437 0.020796 0.00601063 0.0015634 0.000370147 7.41798e-05 1.24988e-05 1.75161e-06 1.99076e-07 1.82949e-08 1.34978e-09
 1.58031e-11 1.71527e-09 1.09777e-07 4.14265e-06 9.21793e-05 0.00120944 0.00935773 0.0427157 0.115302 0.186191 0.190013 0.149582 0.123281 0.0975875 0.0555427 0.0211137 0.0060148 0.00153956 0.000363471 7.39148e-05 1.2832e-05 1.86998e-06 2.19952e-07 2.03657e-08 1.45821e-09
 1.58551e-11 1.72092e-09 1.10139e-07 4.1563e-06 9.24829e-05 0.00121342 0.00938853 0.042856 0.115677 0.186761 0.190432 0.149495 0.12273 0.0969914 0.0552364 0.0210653 0.00604388 0.00155731 0.00036679 7.37758e-05 1.269e-05 1.85705e-06 2.23004e-07 2.13199e-08 1.57547e-09
 1.67735e-11 1.8206e-09 1.16518e-07 4.39704e-06 9.78396e-05 0.0012837 0.00993207 0.0453322 0.122293 0.1969 0.19822 0.149015 0.114605 0.0874828 0.0492607 0.0186134 0.00524912 0.00132517 0.000309216 6.22703e-05 1.07293e-05 1.56326e-06 1.86408e-07 1.78159e-08 1.33326e-09
#obs catch len freq
 1.0914e-11 1.18461e-09 7.58147e-08 2.86102e-06 6.36617e-05 0.000835298 0.00646376 0.0295247 0.0799458 0.131015 0.142302 0.133664 0.137176 0.128808 0.0959843 0.0602303 0.0326675 0.0144677 0.00508438 0.00141012 0.000301464 4.79945e-05 5.50347e-06 4.40429e-07 2.39005e-08
 1.11996e-11 1.21561e-09 7.77988e-08 2.93589e-06 6.53278e-05 0.000857162 0.00663305 0.0302995 0.0820561 0.134507 0.145953 0.135974 0.137205 0.126802 0.0931304 0.0573502 0.0303162 0.0130098 0.0043995 0.0011641 0.000235425 3.51867e-05 3.76393e-06 2.79661e-07 1.40422e-08
 1.72049e-11 1.86743e-09 1.19515e-07 4.51014e-06 0.000100356 0.00131672 0.0101875 0.0464959 0.125383 0.201337 0.199585 0.140716 0.0964741 0.0727322 0.0503488 0.0303234 0.0156695 0.00653388 0.00213206 0.000539813 0.00010357 1.45673e-05 1.45593e-06 1.00483e-07 4.66615e-09
 1.43795e-11 1.56076e-09 9.98883e-08 3.76948e-06 8.38763e-05 0.00110053 0.008516 0.0388922 0.105195 0.17127 0.17993 0.151401 0.131562 0.104873 0.0623845 0.0282259 0.0110821 0.00394224 0.00119153 0.000286481 5.21776e-05 6.9221e-06 6.48053e-07 4.16448e-08 1.79188e-09
 1.7162e-11 1.86277e-09 1.19217e-07 4.49889e-06 0.000100106 0.00131345 0.0101626 0.04639 0.125184 0.201581 0.20189 0.146344 0.103168 0.0758583 0.0481077 0.0249539 0.0105324 0.0034069 0.000822391 0.000154281 2.32771e-05 2.73826e-06 2.35543e-07 1.40475e-08 5.60782e-10
 1.57491e-11 1.70942e-09 1.09402e-07 4.12852e-06 9.18654e-05 0.00120535 0.00932705 0.0425926 0.115137 0.186807 0.192805 0.152595 0.120538 0.0903017 0.0525163 0.0235676 0.00887411 0.0027989 0.000691227 0.000127401 1.71046e-05 1.65718e-06 1.15879e-07 5.80348e-09 2.02715e-10
 6.55991e-12 7.12017e-10 4.55691e-08 1.71966e-06 3.82668e-05 0.000502209 0.0038901 0.0178462 0.0492286 0.0868675 0.118484 0.159251 0.195063 0.175306 0.111049 0.0536765 0.0208535 0.00627261 0.00140371 0.000234586 2.93969e-05 2.69027e-06 1.73008e-07 7.6007e-09 2.24628e-10
 1.53172e-11 1.66254e-09 1.06403e-07 4.01531e-06 8.93461e-05 0.00117229 0.00907068 0.0414103 0.111784 0.180137 0.180567 0.131252 0.0969896 0.0858359 0.0741111 0.0512591 0.0253379 0.00858485 0.00201572 0.000335918 3.99878e-05 3.3627e-06 1.96779e-07 7.88988e-09 2.12742e-10
 1.75163e-11 1.90123e-09 1.21678e-07 4.59177e-06 0.000102174 0.00134061 0.0103736 0.0473673 0.127957 0.206751 0.208878 0.152725 0.104286 0.0696795 0.0390057 0.018626 0.00838784 0.00330959 0.000978672 0.00019788 2.64545e-05 2.32279e-06 1.34183e-07 5.10244e-09 1.27185e-10
 1.54588e-11 1.6779e-09 1.07386e-07 4.05242e-06 9.01731e-05 0.0011832 0.00915706 0.0418409 0.113343 0.185184 0.194835 0.158837 0.125221 0.0897747 0.0496359 0.0210229 0.00723369 0.00205319 0.000479086 9.04336e-05 1.28809e-05 1.26783e-06 8.13435e-08 3.31041e-09 8.45745e-11
 1.42946e-11 1.55155e-09 9.92991e-08 3.74726e-06 8.33835e-05 0.00109414 0.00846884 0.0387139 0.105055 0.172741 0.185567 0.158631 0.132152 0.0992248 0.0584889 0.0268919 0.00967878 0.00260986 0.000512629 7.44824e-05 8.20291e-06 6.8042e-07 4.07154e-08 1.66047e-09 4.39855e-11
 1.39011e-11 1.50884e-09 9.65657e-08 3.64412e-06 8.10888e-05 0.00106406 0.00823666 0.0376636 0.102307 0.168757 0.182823 0.158512 0.133487 0.101353 0.0613676 0.0294278 0.011074 0.00311222 0.000629364 9.02333e-05 9.07534e-06 6.34159e-07 3.06529e-08 1.02121e-09 2.31616e-11
 1.65567e-11 1.79708e-09 1.15013e-07 4.34026e-06 9.65784e-05 0.00126726 0.00980786 0.0448139 0.121337 0.197518 0.203859 0.155761 0.111263 0.0768179 0.0450873 0.0214606 0.00807472 0.0022861 0.000469714 6.85973e-05 6.96415e-06 4.79793e-07 2.20014e-08 6.62871e-10 1.30121e-11
 1.51186e-11 1.64099e-09 1.05023e-07 3.96329e-06 8.81918e-05 0.00115729 0.00895907 0.0409748 0.111334 0.183537 0.197195 0.16476 0.128349 0.0880859 0.0471073 0.019667 0.00662124 0.00175474 0.000348918 5.01354e-05 5.04257e-06 3.44751e-07 1.56365e-08 4.61628e-10 8.73914e-12
 1.28019e-11 1.38952e-09 8.89298e-08 3.356e-06 7.46805e-05 0.000980098 0.00759036 0.0347654 0.0949573 0.159383 0.180699 0.1682 0.146364 0.107843 0.0610993 0.0265866 0.00884012 0.00217127 0.000386235 4.9702e-05 4.58345e-06 2.9483e-07 1.2803e-08 3.65007e-10 6.68974e-12
 1.21769e-11 1.32169e-09 8.45883e-08 3.19217e-06 7.1036e-05 0.000932316 0.00722151 0.0330931 0.0905302 0.152606 0.174719 0.165212 0.146964 0.112915 0.0686054 0.032276 0.0113819 0.00288502 0.000513998 6.38032e-05 5.46448e-06 3.18715e-07 1.24875e-08 3.23993e-10 5.47812e-12
 1.36532e-11 1.48192e-09 9.48436e-08 3.57918e-06 7.96475e-05 0.0010453 0.00809538 0.0370724 0.101131 0.16862 0.186255 0.163078 0.133776 0.0988062 0.0597679 0.0285637 0.0103819 0.00274284 0.000510284 6.53453e-05 5.64071e-06 3.22385e-07 1.20359e-08 2.90549e-10 4.49577e-12
 1.35842e-11 1.47444e-09 9.43644e-08 3.56113e-06 7.92476e-05 0.00104013 0.0080574 0.0369278 0.100981 0.169527 0.190182 0.169554 0.137858 0.0968018 0.0541875 0.0239662 0.00825689 0.00212768 0.000394305 5.08939e-05 4.44371e-06 2.55937e-07 9.53495e-09 2.26439e-10 3.39056e-12
 1.40727e-11 1.52747e-09 9.77586e-08 3.68923e-06 8.20991e-05 0.00107759 0.00834794 0.0382616 0.104609 0.175294 0.194962 0.169853 0.134018 0.0921774 0.0506769 0.0216338 0.00700762 0.00167068 0.000286902 3.48239e-05 2.91179e-06 1.62907e-07 5.94304e-09 1.38555e-10 2.03342e-12
 1.42636e-11 1.54818e-09 9.90848e-08 3.7393e-06 8.32152e-05 0.0010923 0.00846334 0.0388078 0.106216 0.178362 0.198757 0.17224 0.133145 0.0887659 0.0470821 0.0193437 0.00601816 0.00136949 0.000221713 2.50359e-05 1.93388e-06 1.00112e-07 3.40488e-09 7.47071e-11 1.04055e-12
 1.43612e-11 1.55878e-09 9.97635e-08 3.76495e-06 8.37881e-05 0.0010999 0.00852391 0.0391059 0.107168 0.180421 0.201674 0.174357 0.132776 0.0863752 0.0444001 0.0175182 0.00518778 0.00111696 0.000170356 1.80405e-05 1.29955e-06 6.23503e-08 1.95529e-09 3.94559e-11 5.05667e-13
 1.45378e-11 1.57795e-09 1.00991e-07 3.8113e-06 8.48218e-05 0.00111355 0.0086313 0.0396164 0.108671 0.183226 0.204841 0.175775 0.131345 0.0834148 0.04175 0.0159323 0.00452232 0.000925287 0.000133068 1.31993e-05 8.86109e-07 3.94765e-08 1.14611e-09 2.13515e-11 2.51969e-13
 1.499e-11 1.62704e-09 1.04133e-07 3.9299e-06 8.74633e-05 0.00114829 0.00890155 0.0408648 0.112108 0.188814 0.209691 0.17634 0.127455 0.0781866 0.0378433 0.0139188 0.00378758 0.000738939 0.000100717 9.40474e-06 5.90567e-07 2.44795e-08 6.58597e-10 1.13366e-11 1.23355e-13
 1.47455e-11 1.6005e-09 1.02435e-07 3.86591e-06 8.60438e-05 0.00112982 0.00876205 0.0402683 0.110777 0.187767 0.211014 0.179674 0.129621 0.0777851 0.03632 0.0127792 0.00331204 0.000613846 7.9234e-05 6.97719e-06 4.11261e-07 1.59304e-08 3.98892e-10 6.36775e-12 6.40678e-14
 1.47421e-11 1.60014e-09 1.02412e-07 3.86512e-06 8.60306e-05 0.00112979 0.0087645 0.0403087 0.111061 0.18877 0.212779 0.180919 0.129239 0.0764081 0.0350019 0.0119651 0.00297316 0.000522301 6.34121e-05 5.22827e-06 2.87785e-07 1.03909e-08 2.42097e-10 3.58927e-12 3.34734e-14
 1.46686e-11 1.59216e-09 1.01903e-07 3.846e-06 8.56106e-05 0.00112446 0.00872667 0.040173 0.110919 0.189283 0.214507 0.182676 0.129331 0.0751177 0.0336515 0.0111976 0.0026927 0.000454694 5.26375e-05 4.10163e-06 2.11658e-07 7.12116e-09 1.53999e-10 2.11433e-12 1.82364e-14
 1.34474e-11 1.45963e-09 9.34224e-08 3.52617e-06 7.85051e-05 0.00103162 0.008016 0.0370199 0.103045 0.179243 0.210978 0.189239 0.139164 0.0814361 0.0359369 0.0116249 0.00269498 0.000436246 4.81856e-05 3.5652e-06 1.73781e-07 5.49339e-09 1.11049e-10 1.41877e-12 1.13452e-14
 1.36226e-11 1.47865e-09 9.46412e-08 3.57226e-06 7.95358e-05 0.00104528 0.00812386 0.037528 0.104454 0.181358 0.212017 0.187797 0.136864 0.080338 0.0357484 0.0115548 0.00263093 0.000411568 4.34278e-05 3.04641e-06 1.40076e-07 4.16167e-09 7.88299e-11 9.41081e-13 7.01303e-15
#spawning biomass
 5511.01 7006.06 10517.8 18156.9 35893.5 45219.7 38971.4 45680.4 71331.8 99074.8 115294 147574 202552 233058 213117 177290 158804 180960 189157 183047 196191 207610 205262 215089 222453 216757 207025 200726 188467 25138.2 4945.66 4942.97 4942.97 4942.97 4942.97 4942.97 4942.97 4942.97 4942.97 4942.97 4942.97 4942.97 4942.97 4942.97 4942.97 4942.97 4942.97 4942.97 4942.97 4942.97 4942.97 4942.97 4942.97 4942.97 4942.97 4942.97 4942.97 4942.97 4942.97 4942.97 4942.97 4942.97 4942.97 4942.97 4942.97 4942.97 4942.97 4942.97 4942.97 4942.97 4942.97 4942.97 4942.97 4942.97 4942.97 4942.97 4942.97 4942.97 4942.97 4942.97 4942.97 4942.97 4942.97 4942.97 4942.97 4942.97 4942.97 4942.97 4942.97 4942.97 4942.97 4942.97 4942.97 4942.97 4942.97 4942.97 4942.97 4942.97 4942.97 4942.97 4942.97 4942.97 4942.97 4942.97 4942.97 4942.97 4942.97 4942.97 4942.97 4942.97 4942.97 4942.97 4942.97 4942.97 4942.97 4942.97 4942.97 4942.97 4942.97 4942.97 4942.97 4942.97 4942.97 4942.97 4942.97 4942.97 4942.97 4942.97 0 0 0 0 0 0 0 0 0 0 0 0 0 0 0 0 0 0 0 0 0 0 0 0 0
