SBPRF35
0.041884
Curr Bio
325109
B35
157760
F35
46.0966
FOFL
46.0966
OFL
356528
Bzero
10984.1
#pred survey bio
 12936.9 8825.15 5463.67 6223.5 10229 14422.5 19053 26914 43599 65860 93652.7 137848 204671 231755 167572 155113 178576 186243 187458 171309 168219 177677 206703 242226 260700 243003 224462 240843 187804 3.42163e+06 926019 275725 124539 79803.1 66751.8 63012.2 61958.1 61665 61584.4 61562.4 61556.4 61554.8 61554.4 61554.2 61554.2 61554.2 61554.2 61554.2 61554.2 61554.2 61554.2 61554.2 61554.2 61554.2 61554.2 61554.2 61554.2 61554.2 61554.2 61554.2 61554.2 61554.2 61554.2 61554.2 61554.2 61554.2 61554.2 61554.2 61554.2 61554.2 61554.2 61554.2 61554.2 61554.2 61554.2 61554.2 61554.2 61554.2 61554.2 61554.2 61554.2 61554.2 61554.2 61554.2 61554.2 61554.2 61554.2 61554.2 61554.2 61554.2 61554.2 61554.2 61554.2 61554.2 61554.2 61554.2 61554.2 61554.2 61554.2 61554.2 61554.2 61554.2 61554.2 61554.2 61554.2 61554.2 61554.2 61554.2 61554.2 61554.2 61554.2 61554.2 61554.2 61554.2 61554.2 61554.2 61554.2 61554.2 61554.2 61554.2 61554.2 61554.2 61554.2 61554.2 61554.2 61554.2 61554.2 61554.2 61554.2 0 0 0 0 0 0 0 0 0 0 0 0 0 0 0 0 0 0 0 0 0 0 0 0 0
#obs survey bio
 9536.45 6934.05 4201.78 7273.92 9438.23 14578.3 14494.9 33352.5 31385.6 61843.9 96771.7 154505 253745 150952 129721 120470 194056 146930 183635 183914 177313 209783 287376 349612 356138 280376 239578 272113 181311
#pred catch bio
 3933.51 4442.79 2942.41 2843.68 5430.64 8553.09 12574.4 16598.9 26250.2 39989.6 56045.3 76264.7 135016 212305 142758 126514 152858 155873 179123 159618 149890 148656 165805 204640 242247 239106 208359 265851 232999 356528 5761.77 5727.13 5727.13 5727.13 5727.13 5727.13 5727.13 5727.13 5727.13 5727.13 5727.13 5727.13 5727.13 5727.13 5727.13 5727.13 5727.13 5727.13 5727.13 5727.13 5727.13 5727.13 5727.13 5727.13 5727.13 5727.13 5727.13 5727.13 5727.13 5727.13 5727.13 5727.13 5727.13 5727.13 5727.13 5727.13 5727.13 5727.13 5727.13 5727.13 5727.13 5727.13 5727.13 5727.13 5727.13 5727.13 5727.13 5727.13 5727.13 5727.13 5727.13 5727.13 5727.13 5727.13 5727.13 5727.13 5727.13 5727.13 5727.13 5727.13 5727.13 5727.13 5727.13 5727.13 5727.13 5727.13 5727.13 5727.13 5727.13 5727.13 5727.13 5727.13 5727.13 5727.13 5727.13 5727.13 5727.13 5727.13 5727.13 5727.13 5727.13 5727.13 5727.13 5727.13 5727.13 5727.13 5727.13 5727.13 5727.13 5727.13 5727.13 5727.13 5727.13 5727.13 5727.13 5727.13 5727.13 5727.13 5727.13 0 0 0 0 0 0 0 0 0 0 0 0 0 0 0 0 0 0 0 0 0 0 0 0 0
#obs catch bio
 4330.21 5088.28 3520.83 2806.11 5445.39 8320.07 13145.7 16784.4 26440.7 39091.8 55108.4 70770.6 127213 213466 144565 130504 147410 152839 188273 159124 145668 142352 148988 186548 214118 222055 194887 252161 237758
#pred cpue bio
 13195.4 9352.24 5564.22 5811.72 9806.96 13959 18334.1 25201.8 40797.1 62973.9 89313.9 130733 196545 230573 167465 148465 170414 180780 181920 163739 161912 168931 196993 232141 250801 235471 212552 228904 181211 3.06257e+06 1.10728e+06 272407 116974 72120 59065.5 55325.9 54271.8 53978.6 53898 53876 53870 53868.4 53868 53867.9 53867.9 53867.8 53867.8 53867.8 53867.8 53867.8 53867.8 53867.8 53867.8 53867.8 53867.8 53867.8 53867.8 53867.8 53867.8 53867.8 53867.8 53867.8 53867.8 53867.8 53867.8 53867.8 53867.8 53867.8 53867.8 53867.8 53867.8 53867.8 53867.8 53867.8 53867.8 53867.8 53867.8 53867.8 53867.8 53867.8 53867.8 53867.8 53867.8 53867.8 53867.8 53867.8 53867.8 53867.8 53867.8 53867.8 53867.8 53867.8 53867.8 53867.8 53867.8 53867.8 53867.8 53867.8 53867.8 53867.8 53867.8 53867.8 53867.8 53867.8 53867.8 53867.8 53867.8 53867.8 53867.8 53867.8 53867.8 53867.8 53867.8 53867.8 53867.8 53867.8 53867.8 53867.8 53867.8 53867.8 53867.8 53867.8 53867.8 53867.8 53867.8 53867.8 53867.8 53867.8 53867.8 0 0 0 0 0 0 0 0 0 0 0 0 0 0 0 0 0 0 0 0 0 0 0 0 0
#obs cpue bio
 6591.94 5560.93 3960.47 7407.34 10322.6 17468 15173.8 22117.3 53004.3 82008.4 105260 167225 195518 297563 200765 152602 239757 196189 162169 165378 172177 190475 239174 231780 311600 237858 251279 249191 156632
#pred surv len freq
 1.2351e-11 1.34117e-09 8.58631e-08 3.2409e-06 7.21218e-05 0.000946278 0.00732099 0.0334175 0.090265 0.14644 0.152887 0.129671 0.119488 0.105667 0.0750434 0.0474362 0.0302247 0.0192828 0.0125367 0.00858104 0.00631585 0.00507911 0.00425659 0.00321277 0.00185201
 1.08923e-11 1.18277e-09 7.57223e-08 2.85814e-06 6.36042e-05 0.000834536 0.00645706 0.0294873 0.0798316 0.130985 0.143614 0.139062 0.146275 0.132827 0.0880825 0.0474292 0.024896 0.0131508 0.00696815 0.00384689 0.0022899 0.00152425 0.00112035 0.000797145 0.000455091
 1.3948e-11 1.51459e-09 9.69652e-08 3.65995e-06 8.14472e-05 0.00106863 0.00826748 0.0377357 0.1019 0.165077 0.171219 0.142222 0.126891 0.10766 0.0695889 0.0362024 0.0176511 0.00811238 0.00346858 0.00147727 0.00066393 0.00033209 0.000192674 0.000119466 6.4484e-05
 1.81207e-11 1.96769e-09 1.25974e-07 4.75487e-06 0.000105813 0.00138829 0.0107397 0.0489988 0.132027 0.211569 0.208609 0.145629 0.0986666 0.0707189 0.0412134 0.0183254 0.00732859 0.00292566 0.00112137 0.000405283 0.000140156 4.93961e-05 1.97361e-05 9.25993e-06 4.33807e-06
 1.72612e-11 1.87436e-09 1.19998e-07 4.52933e-06 0.000100794 0.00132245 0.0102305 0.0466806 0.125847 0.202198 0.201887 0.147633 0.108661 0.0813171 0.0464357 0.0187215 0.00616329 0.00195447 0.00059883 0.000175571 5.01072e-05 1.3749e-05 3.73596e-06 1.12102e-06 3.82556e-07
 1.68949e-11 1.83459e-09 1.17452e-07 4.43322e-06 9.8655e-05 0.00129439 0.0100135 0.0456923 0.123207 0.198154 0.19878 0.14782 0.111901 0.0851495 0.048924 0.0198085 0.00649574 0.00196874 0.000530267 0.000124086 2.69218e-05 5.62611e-06 1.13489e-06 2.25e-07 4.70712e-08
 1.71376e-11 1.86094e-09 1.19139e-07 4.4969e-06 0.000100072 0.00131298 0.0101573 0.0463472 0.124958 0.200852 0.200926 0.147939 0.110132 0.0828877 0.0472378 0.0188105 0.00598037 0.00175929 0.000465138 0.000105037 2.05245e-05 3.48217e-06 5.21805e-07 7.2146e-08 9.57551e-09
 1.81522e-11 1.97111e-09 1.26192e-07 4.76312e-06 0.000105996 0.00139071 0.0107584 0.0490852 0.132275 0.212084 0.209674 0.147817 0.101792 0.0728169 0.0404728 0.0155214 0.00457837 0.00123438 0.000307285 6.65747e-05 1.25572e-05 2.03179e-06 2.74207e-07 3.07081e-08 2.90811e-09
 1.8182e-11 1.97435e-09 1.264e-07 4.77095e-06 0.000106171 0.00139299 0.0107761 0.0491657 0.132491 0.212422 0.209965 0.147907 0.101691 0.0726218 0.0402482 0.0153058 0.00441947 0.00114792 0.000270814 5.43842e-05 9.43804e-06 1.42924e-06 1.83217e-07 1.92863e-08 1.62567e-09
 1.74146e-11 1.89101e-09 1.21064e-07 4.56957e-06 0.000101689 0.0013342 0.0103214 0.0470949 0.126959 0.203952 0.203472 0.148341 0.10852 0.0805885 0.045228 0.0173205 0.00505317 0.0013247 0.000311331 6.10705e-05 1.01167e-05 1.43108e-06 1.69202e-07 1.64811e-08 1.29817e-09
 1.74936e-11 1.8996e-09 1.21614e-07 4.59032e-06 0.000102151 0.00134026 0.0103682 0.0473081 0.127527 0.204804 0.204043 0.148027 0.107408 0.0795012 0.0448384 0.017499 0.00532255 0.00146582 0.000355463 7.08543e-05 1.1796e-05 1.64845e-06 1.88119e-07 1.7273e-08 1.26227e-09
 1.76945e-11 1.92141e-09 1.2301e-07 4.64303e-06 0.000103324 0.00135564 0.0104872 0.0478501 0.128974 0.207019 0.205735 0.147893 0.105588 0.0773903 0.0435341 0.0169923 0.00518384 0.00144183 0.000357757 7.41392e-05 1.28961e-05 1.85987e-06 2.15234e-07 1.96789e-08 1.40181e-09
 1.72227e-11 1.87018e-09 1.19731e-07 4.51923e-06 0.000100569 0.0013195 0.0102077 0.0465769 0.125572 0.201799 0.201683 0.147993 0.109533 0.0821203 0.0466676 0.018466 0.00578055 0.00165279 0.000416691 8.72862e-05 1.54479e-05 2.29526e-06 2.76105e-07 2.61707e-08 1.90656e-09
 1.58213e-11 1.71801e-09 1.09988e-07 4.15151e-06 9.23859e-05 0.00121214 0.00937752 0.042796 0.115478 0.186374 0.190019 0.149312 0.122803 0.0971807 0.0554981 0.0213688 0.0062826 0.00168167 0.000413814 8.76829e-05 1.58714e-05 2.40361e-06 2.94501e-07 2.86226e-08 2.1543e-09
 1.57226e-11 1.70729e-09 1.09302e-07 4.12561e-06 9.18096e-05 0.00120458 0.00931909 0.0425305 0.114777 0.185373 0.189606 0.150527 0.125444 0.0993619 0.0556188 0.0199738 0.00491935 0.00100532 0.000199019 3.72414e-05 6.29773e-06 9.32385e-07 1.15177e-07 1.14093e-08 8.76591e-10
 1.74159e-11 1.89116e-09 1.21074e-07 4.56992e-06 0.000101697 0.0013343 0.0103222 0.0470989 0.126975 0.20401 0.203692 0.148915 0.109384 0.0811534 0.0449716 0.0165052 0.00433425 0.000968222 0.000193459 3.15955e-05 4.21928e-06 5.01204e-07 5.41221e-08 5.04923e-09 3.82623e-10
 1.75337e-11 1.90396e-09 1.21893e-07 4.60085e-06 0.000102385 0.00134333 0.010392 0.047417 0.127825 0.205321 0.204736 0.148976 0.108527 0.0800508 0.0441377 0.0160039 0.00408021 0.000876005 0.000173441 2.94217e-05 4.11586e-06 4.74731e-07 4.41422e-08 3.32583e-09 2.09732e-10
 1.69114e-11 1.83638e-09 1.17566e-07 4.43755e-06 9.87512e-05 0.00129565 0.0100233 0.045738 0.123343 0.198474 0.199573 0.14961 0.114494 0.0867894 0.0480422 0.0172282 0.00424243 0.000855411 0.000159147 2.57838e-05 3.494e-06 4.01401e-07 3.81121e-08 2.86997e-09 1.67269e-10
 1.69068e-11 1.83587e-09 1.17534e-07 4.43633e-06 9.87242e-05 0.0012953 0.0100206 0.0457254 0.123308 0.198409 0.199468 0.149431 0.114261 0.0866618 0.0481639 0.0175079 0.00447087 0.000955985 0.000184711 2.95869e-05 3.8146e-06 4.12234e-07 3.7308e-08 2.74008e-09 1.59185e-10
 1.75022e-11 1.90053e-09 1.21673e-07 4.59256e-06 0.000102201 0.00134091 0.0103733 0.0473321 0.127601 0.205003 0.204612 0.149388 0.109406 0.0807664 0.0441549 0.0155147 0.00361611 0.00065578 0.00010996 1.69149e-05 2.23356e-06 2.47394e-07 2.21331e-08 1.55607e-09 8.58168e-11
 1.72461e-11 1.87272e-09 1.19894e-07 4.52538e-06 0.000100706 0.0013213 0.0102217 0.0466413 0.125757 0.20218 0.202462 0.149576 0.111752 0.0834702 0.0458002 0.0161269 0.00377172 0.000684335 0.000111864 1.58862e-05 1.83687e-06 1.79325e-07 1.5145e-08 1.06265e-09 5.88505e-11
 1.76805e-11 1.91989e-09 1.22913e-07 4.63935e-06 0.000103242 0.00135457 0.010479 0.0478131 0.128885 0.206955 0.206048 0.149089 0.10752 0.0787249 0.0430999 0.0153405 0.00371381 0.000721377 0.000126347 1.85785e-05 2.15378e-06 2.02823e-07 1.57218e-08 9.81496e-10 4.91379e-11
 1.75892e-11 1.90997e-09 1.22278e-07 4.61539e-06 0.000102709 0.00134758 0.0104249 0.0475667 0.128226 0.205941 0.205242 0.149047 0.10819 0.07958 0.043736 0.0157152 0.00390576 0.00079739 0.000147529 2.28383e-05 2.8149e-06 2.82212e-07 2.27114e-08 1.4155e-09 6.76774e-11
 1.73776e-11 1.887e-09 1.20807e-07 4.55987e-06 0.000101473 0.00133137 0.0102995 0.0469957 0.1267 0.203598 0.203416 0.149069 0.109925 0.08168 0.0451543 0.0164112 0.00420171 0.00090334 0.000175809 2.84003e-05 3.6778e-06 3.9068e-07 3.33787e-08 2.20942e-09 1.11263e-10
 1.7245e-11 1.8726e-09 1.19886e-07 4.52508e-06 0.000100699 0.00132121 0.010221 0.046638 0.125746 0.202146 0.202348 0.149291 0.111328 0.083199 0.0459401 0.0165417 0.00412862 0.000852995 0.000162276 2.65717e-05 3.58885e-06 4.01745e-07 3.61446e-08 2.52475e-09 1.34703e-10
 1.69915e-11 1.84508e-09 1.18124e-07 4.45858e-06 9.92192e-05 0.00130179 0.0100708 0.0459544 0.123922 0.199373 0.200318 0.149749 0.11406 0.0861389 0.0474344 0.0167501 0.00394693 0.000730492 0.000124336 1.89819e-05 2.45481e-06 2.69743e-07 2.46006e-08 1.78643e-09 1.002e-10
 1.78365e-11 1.93683e-09 1.23998e-07 4.6803e-06 0.000104153 0.00136652 0.0105714 0.0482343 0.130011 0.208692 0.207438 0.149193 0.106422 0.0772918 0.0419922 0.0146492 0.00334712 0.000578544 8.97911e-05 1.24845e-05 1.45039e-06 1.42765e-07 1.20072e-08 8.34249e-10 4.62728e-11
 1.77038e-11 1.92242e-09 1.23075e-07 4.64546e-06 0.000103378 0.00135635 0.0104928 0.047876 0.129054 0.207224 0.206302 0.149233 0.107551 0.078637 0.0428725 0.01505 0.00349945 0.00062685 0.000100516 1.38943e-05 1.53034e-06 1.37498e-07 1.03721e-08 6.43911e-10 3.22653e-11
 1.71785e-11 1.86538e-09 1.19423e-07 4.50763e-06 0.000100311 0.00131611 0.0101816 0.046459 0.125272 0.201462 0.202024 0.149986 0.112917 0.0845349 0.0460562 0.0157602 0.00336667 0.000491535 5.94291e-05 6.84357e-06 7.18628e-07 6.48635e-08 4.83642e-09 2.84634e-10 1.30342e-11
#obs surv len freq
 1.20782e-11 1.31155e-09 8.39663e-08 3.16932e-06 7.05289e-05 0.000925382 0.00715953 0.0326853 0.088353 0.143873 0.152748 0.136171 0.133221 0.120893 0.0846084 0.0492058 0.0268178 0.0136448 0.0062069 0.00242305 0.000766928 0.000185721 3.26869e-05 3.99723e-06 3.27126e-07
 6.50846e-12 7.06742e-10 4.52462e-08 1.70783e-06 3.8006e-05 0.000498702 0.00385992 0.0176568 0.0482017 0.0822233 0.104322 0.134619 0.174334 0.172704 0.123464 0.0718963 0.0378143 0.0177127 0.00721542 0.00252429 0.000724956 0.000160358 2.57537e-05 2.86395e-06 2.1267e-07
 1.76997e-11 1.92198e-09 1.23047e-07 4.64441e-06 0.000103355 0.00135604 0.0104901 0.0478571 0.128903 0.206133 0.201033 0.134267 0.0843837 0.0635551 0.0494593 0.0352216 0.0212641 0.0102866 0.00400819 0.00127471 0.000324932 6.37511e-05 9.15984e-06 9.17934e-07 6.16354e-08
 1.60677e-11 1.74476e-09 1.11701e-07 4.21616e-06 9.38249e-05 0.00123103 0.00952396 0.0434697 0.117347 0.18964 0.193767 0.151344 0.120384 0.091183 0.0507045 0.0200103 0.0069832 0.00275874 0.00109638 0.000354476 8.59866e-05 1.52826e-05 1.94749e-06 1.72705e-07 1.03195e-08
 1.65471e-11 1.79682e-09 1.15034e-07 4.34196e-06 9.66244e-05 0.00126776 0.00980815 0.0447665 0.120836 0.195125 0.198419 0.151969 0.116647 0.0863618 0.0479943 0.0188939 0.0058045 0.00153642 0.000365754 8.274e-05 1.72819e-05 2.88198e-06 3.42596e-07 2.7616e-08 1.47453e-09
 1.58153e-11 1.71735e-09 1.09946e-07 4.14994e-06 9.23515e-05 0.00121172 0.00937498 0.0427986 0.115632 0.187467 0.193591 0.154624 0.124509 0.0931041 0.0508428 0.0193523 0.00566091 0.00139572 0.000285716 4.69048e-05 6.31569e-06 7.20899e-07 6.76295e-08 4.75927e-09 2.30358e-10
 1.5974e-11 1.73459e-09 1.1105e-07 4.1916e-06 9.32787e-05 0.00122389 0.00946932 0.0432321 0.116828 0.189515 0.195824 0.155819 0.123565 0.0906061 0.0486978 0.0183068 0.00527095 0.00125914 0.00024386 3.64862e-05 4.15692e-06 3.58944e-07 2.33604e-08 1.14269e-09 4.13693e-11
 1.66647e-11 1.80959e-09 1.15851e-07 4.37282e-06 9.73117e-05 0.0012768 0.00987873 0.0451001 0.121851 0.197393 0.202476 0.156769 0.118343 0.0830991 0.0430348 0.0154174 0.00414562 0.000919783 0.000167612 2.37545e-05 2.53368e-06 1.98681e-07 1.11579e-08 4.39525e-10 1.19964e-11
 1.68707e-11 1.83196e-09 1.17283e-07 4.42688e-06 9.85147e-05 0.0012926 0.0100011 0.0456624 0.1234 0.200027 0.205328 0.158393 0.11752 0.0802845 0.0401638 0.0136512 0.00337513 0.00067299 0.000110428 1.42129e-05 1.38506e-06 9.98109e-08 5.15632e-09 1.84947e-10 4.49059e-12
 1.46489e-11 1.5907e-09 1.01838e-07 3.84389e-06 8.55419e-05 0.00112243 0.0086861 0.0396889 0.107604 0.176736 0.190323 0.165478 0.140248 0.100475 0.0494475 0.0158683 0.0035288 0.000607403 8.57675e-05 9.62326e-06 8.21962e-07 5.21881e-08 2.39926e-09 7.73742e-11 1.70076e-12
 1.79151e-11 1.94537e-09 1.24544e-07 4.70093e-06 0.000104614 0.00137262 0.0106204 0.0484891 0.131003 0.211923 0.21508 0.158744 0.108044 0.068309 0.0325373 0.0106863 0.00253956 0.000468501 6.67202e-05 6.97185e-06 5.23507e-07 2.84578e-08 1.11884e-09 3.11637e-11 5.98293e-13
 1.56758e-11 1.7022e-09 1.08977e-07 4.11335e-06 9.15388e-05 0.00120113 0.00929548 0.0424762 0.115153 0.188811 0.200978 0.167336 0.131612 0.0878581 0.0404945 0.0119651 0.0023431 0.000336842 3.93646e-05 3.76251e-06 2.75738e-07 1.46112e-08 5.3868e-10 1.34835e-11 2.26089e-13
 1.68884e-11 1.83388e-09 1.17407e-07 4.43155e-06 9.862e-05 0.00129404 0.010014 0.0457483 0.12388 0.20205 0.210551 0.165107 0.119371 0.0753798 0.034008 0.0101051 0.00204448 0.000304963 3.49018e-05 2.96962e-06 1.81146e-07 7.92386e-09 2.51098e-10 5.68467e-12 8.87438e-14
 1.27421e-11 1.38365e-09 8.85826e-08 3.34361e-06 7.44116e-05 0.000976533 0.00756139 0.0346234 0.0945955 0.159479 0.184677 0.180415 0.161245 0.110358 0.0493525 0.0138072 0.00248755 0.000312776 3.01192e-05 2.28496e-06 1.30871e-07 5.39604e-09 1.55492e-10 3.0652e-12 4.06861e-14
 1.43893e-11 1.56251e-09 1.00034e-07 3.77582e-06 8.403e-05 0.00110273 0.0085373 0.0390668 0.106432 0.177344 0.19729 0.176828 0.144504 0.0939148 0.0410352 0.011449 0.00210461 0.000274301 2.67817e-05 1.93317e-06 9.8695e-08 3.49624e-09 8.64808e-11 1.49794e-12 1.78842e-14
 1.55547e-11 1.68906e-09 1.08135e-07 4.08163e-06 9.08355e-05 0.00119202 0.00922811 0.0422154 0.114848 0.190177 0.206737 0.175056 0.133108 0.0819727 0.0343907 0.00918347 0.00158818 0.00019045 1.70446e-05 1.1561e-06 5.712e-08 1.97785e-09 4.70348e-11 7.56561e-13 8.09864e-15
 1.61288e-11 1.7514e-09 1.12127e-07 4.23229e-06 9.41888e-05 0.00123604 0.00956912 0.0437761 0.119068 0.196815 0.212079 0.17478 0.127284 0.0753314 0.030586 0.0079041 0.00131144 0.000148204 1.22459e-05 7.58053e-07 3.40872e-08 1.07521e-09 2.34384e-11 3.49928e-13 3.52144e-15
 1.34346e-11 1.45885e-09 9.33973e-08 3.5254e-06 7.84613e-05 0.00102985 0.00797822 0.0365852 0.100331 0.170374 0.197817 0.186632 0.153133 0.0950175 0.0389301 0.0101385 0.00172782 0.000205216 1.78266e-05 1.12338e-06 4.9329e-08 1.47058e-09 2.9631e-11 4.03462e-13 3.68199e-15
 1.47922e-11 1.60626e-09 1.02835e-07 3.88163e-06 8.6389e-05 0.00113387 0.00878267 0.0402466 0.110059 0.184869 0.207382 0.18236 0.138823 0.0823819 0.0332765 0.00879832 0.00157559 0.00020202 1.89138e-05 1.25575e-06 5.69898e-08 1.73716e-09 3.53632e-11 4.77046e-13 4.20935e-15
 1.54233e-11 1.67479e-09 1.07223e-07 4.04725e-06 9.00761e-05 0.00118228 0.00915814 0.0419689 0.114737 0.192286 0.213449 0.182256 0.132588 0.0750628 0.0288128 0.00711032 0.00115217 0.000130574 1.09691e-05 6.86817e-07 3.08943e-08 9.60843e-10 2.01049e-11 2.7698e-13 2.46768e-15
 1.40453e-11 1.52516e-09 9.76438e-08 3.68576e-06 8.20357e-05 0.00107697 0.0083476 0.0383312 0.105443 0.179906 0.208485 0.19026 0.145233 0.0828229 0.0312404 0.00747708 0.0011581 0.000122618 9.36601e-06 5.22633e-07 2.07886e-08 5.7471e-10 1.08937e-11 1.39834e-13 1.19341e-15
 1.67501e-11 1.81887e-09 1.16447e-07 4.39546e-06 9.78273e-05 0.00128406 0.0099467 0.045575 0.124428 0.207116 0.22403 0.179024 0.118343 0.0616425 0.0223085 0.00527805 0.000825707 8.93944e-05 6.92384e-06 3.806e-07 1.44085e-08 3.67893e-10 6.29338e-12 7.18717e-14 5.43402e-16
 1.50149e-11 1.63045e-09 1.04385e-07 3.94028e-06 8.77042e-05 0.00115149 0.00892718 0.0410065 0.112796 0.191745 0.218103 0.189254 0.134112 0.071136 0.0251453 0.00563836 0.000809717 7.8036e-05 5.33925e-06 2.66128e-07 9.49159e-09 2.34174e-10 3.89045e-12 4.26892e-14 3.04487e-16
 1.64076e-11 1.78168e-09 1.14067e-07 4.30575e-06 9.58373e-05 0.00125819 0.00975178 0.0447493 0.122645 0.20597 0.226367 0.183437 0.119937 0.060002 0.0205259 0.00453667 0.00065114 6.30866e-05 4.28292e-06 2.04858e-07 6.75343e-09 1.5014e-10 2.23082e-12 2.20803e-14 1.44511e-16
 1.56211e-11 1.69628e-09 1.08601e-07 4.09951e-06 9.12542e-05 0.00119829 0.00929347 0.0427218 0.117648 0.199951 0.225298 0.188977 0.126183 0.0627043 0.020864 0.00441383 0.0005951 5.30522e-05 3.27927e-06 1.44193e-07 4.46167e-09 9.44793e-11 1.33758e-12 1.24622e-14 7.54451e-17
 1.41081e-11 1.53199e-09 9.80844e-08 3.70274e-06 8.2435e-05 0.00108296 0.00840934 0.0387894 0.107802 0.187436 0.221267 0.197852 0.138506 0.0698896 0.0232311 0.00491357 0.000669019 6.07807e-05 3.80829e-06 1.65543e-07 4.89943e-09 9.66566e-11 1.2573e-12 1.07399e-14 5.99343e-17
 1.60952e-11 1.74777e-09 1.11899e-07 4.22416e-06 9.40371e-05 0.00123509 0.00958329 0.0440948 0.121599 0.206732 0.231142 0.188286 0.119272 0.0559877 0.017788 0.00365004 0.000485507 4.32164e-05 2.65583e-06 1.13352e-07 3.29871e-09 6.39634e-11 8.13335e-13 6.71225e-15 3.56217e-17
 1.39214e-11 1.51174e-09 9.6791e-08 3.65422e-06 8.13721e-05 0.00106957 0.00831618 0.0384763 0.107629 0.189305 0.226297 0.201766 0.136809 0.0654106 0.0203394 0.00396775 0.000487274 3.88229e-05 2.09289e-06 7.87187e-08 2.06864e-09 3.72032e-11 4.47065e-13 3.52283e-15 1.79334e-17
 1.21568e-11 1.32016e-09 8.45291e-08 3.19176e-06 7.11014e-05 0.00093551 0.00729282 0.0339659 0.0965519 0.17585 0.223071 0.212408 0.149957 0.0724646 0.0224688 0.00437334 0.000540058 4.35468e-05 2.36074e-06 8.70164e-08 2.1588e-09 3.54262e-11 3.8014e-13 2.65611e-15 1.20541e-17
#pred catch len freq
 1.05212e-11 1.14248e-09 7.31427e-08 2.76077e-06 6.14374e-05 0.000806104 0.00623699 0.0284806 0.0770825 0.126284 0.13759 0.13121 0.136552 0.125219 0.0868033 0.0516455 0.0311659 0.0193749 0.0124715 0.00850556 0.00625344 0.00502758 0.00421319 0.00317998 0.00183311
 9.81211e-12 1.06548e-09 6.82129e-08 2.5747e-06 5.72967e-05 0.000751787 0.00581717 0.0265738 0.0720623 0.119191 0.135079 0.14134 0.158476 0.145935 0.0948265 0.0483909 0.0238704 0.0121712 0.00635904 0.00349207 0.00207507 0.00138062 0.00101468 0.000721951 0.000412161
 1.30182e-11 1.41363e-09 9.05016e-08 3.41599e-06 7.60181e-05 0.000997403 0.0077167 0.0352277 0.0952093 0.1549 0.163753 0.143848 0.136856 0.118484 0.0752788 0.0372224 0.0170772 0.00756905 0.00318573 0.00134722 0.000603766 0.000301736 0.000175028 0.000108521 5.85759e-05
 1.70424e-11 1.8506e-09 1.18477e-07 4.47192e-06 9.95161e-05 0.00130569 0.0101009 0.0460894 0.124259 0.199698 0.199628 0.146628 0.108856 0.0823037 0.0480404 0.0206049 0.00773477 0.0029367 0.00110063 0.000394342 0.000135901 4.78355e-05 1.91049e-05 8.96296e-06 4.19889e-06
 1.63456e-11 1.77494e-09 1.13633e-07 4.28909e-06 9.54475e-05 0.00125231 0.00968812 0.0442104 0.119252 0.192127 0.194297 0.148579 0.117461 0.091249 0.052184 0.0205131 0.00638587 0.001908 0.000565915 0.000163722 4.64717e-05 1.27261e-05 3.45581e-06 1.03677e-06 3.53789e-07
 1.62176e-11 1.76103e-09 1.12743e-07 4.25548e-06 9.46997e-05 0.0012425 0.00961226 0.0438649 0.118329 0.190713 0.193211 0.148648 0.118606 0.092623 0.0531144 0.0209463 0.0065005 0.00186114 0.000485976 0.000112164 2.41639e-05 5.03309e-06 1.01404e-06 2.00966e-07 4.20389e-08
 1.67563e-11 1.81954e-09 1.16489e-07 4.39686e-06 9.78458e-05 0.00128377 0.00993145 0.0453188 0.122214 0.196675 0.197846 0.148554 0.114131 0.0872426 0.0495306 0.0192399 0.00579791 0.00160838 0.000411388 9.15824e-05 1.77719e-05 3.00497e-06 4.49626e-07 6.21283e-08 8.24408e-09
 1.76357e-11 1.91503e-09 1.22602e-07 4.62761e-06 0.000102981 0.00135114 0.0104524 0.0476918 0.128555 0.206408 0.205418 0.14842 0.106861 0.0784859 0.043679 0.0164282 0.00461736 0.00117064 0.000280314 5.97164e-05 1.1177e-05 1.80188e-06 2.428e-07 2.71732e-08 2.57264e-09
 1.76083e-11 1.91205e-09 1.22411e-07 4.62042e-06 0.000102821 0.00134904 0.0104362 0.047618 0.128359 0.206114 0.205223 0.148538 0.107261 0.0788792 0.0438253 0.0163671 0.0045115 0.00110229 0.000249866 4.92973e-05 8.48286e-06 1.27904e-06 1.63653e-07 1.72138e-08 1.45053e-09
 1.68092e-11 1.82528e-09 1.16856e-07 4.41074e-06 9.81546e-05 0.00128783 0.0099628 0.0454619 0.1226 0.197298 0.198477 0.149029 0.114432 0.0872127 0.0489916 0.0184078 0.00512258 0.00126386 0.000285729 5.50976e-05 9.05092e-06 1.2746e-06 1.50387e-07 1.46354e-08 1.15236e-09
 1.68643e-11 1.83127e-09 1.17239e-07 4.4252e-06 9.84765e-05 0.00129205 0.00999545 0.0456104 0.122995 0.197887 0.198853 0.14875 0.113566 0.0863953 0.0487478 0.0186186 0.00538513 0.0013977 0.000327168 6.42137e-05 1.06067e-05 1.4759e-06 1.68087e-07 1.54199e-08 1.1264e-09
 1.68964e-11 1.83475e-09 1.17462e-07 4.43362e-06 9.86639e-05 0.00129451 0.0100145 0.045697 0.123226 0.19824 0.199119 0.148716 0.113255 0.0860412 0.0485362 0.0185477 0.00537943 0.00140959 0.000337546 6.88795e-05 1.18907e-05 1.70818e-06 1.97323e-07 1.80266e-08 1.28362e-09
 1.68407e-11 1.8287e-09 1.17075e-07 4.41899e-06 9.83383e-05 0.00129024 0.00998143 0.0455465 0.122823 0.197613 0.198591 0.148592 0.113514 0.0864647 0.0489688 0.0189173 0.0056194 0.00151536 0.000369431 7.62615e-05 1.33969e-05 1.98281e-06 2.38101e-07 2.25513e-08 1.64233e-09
 1.66071e-11 1.80333e-09 1.15451e-07 4.3577e-06 9.69744e-05 0.00127234 0.00984306 0.0449165 0.121143 0.195066 0.196763 0.149133 0.116214 0.0892914 0.0502872 0.018934 0.00530317 0.00133479 0.000315877 6.58074e-05 1.18196e-05 1.78329e-06 2.18132e-07 2.11848e-08 1.59397e-09
 1.61733e-11 1.75623e-09 1.12435e-07 4.24387e-06 9.44413e-05 0.00123911 0.00958609 0.0437466 0.118026 0.190352 0.193442 0.150337 0.121532 0.094749 0.0526676 0.0187005 0.00446671 0.000860669 0.000160908 2.92444e-05 4.88802e-06 7.20172e-07 8.87872e-08 8.78818e-09 6.7499e-10
 1.76543e-11 1.91705e-09 1.22731e-07 4.63249e-06 0.000103089 0.00135257 0.0104635 0.0477424 0.128694 0.206653 0.20576 0.14892 0.107474 0.0788153 0.0433561 0.0156746 0.00396346 0.000834002 0.000158966 2.53916e-05 3.35461e-06 3.95851e-07 4.25963e-08 3.96847e-09 3.00578e-10
 1.79236e-11 1.94629e-09 1.24603e-07 4.70315e-06 0.000104662 0.0013732 0.010623 0.048469 0.130636 0.20963 0.208062 0.148834 0.105177 0.0760812 0.0415713 0.0148674 0.00366097 0.000740523 0.000139291 2.30464e-05 3.18872e-06 3.65699e-07 3.3906e-08 2.55105e-09 1.60764e-10
 1.72464e-11 1.87276e-09 1.19896e-07 4.52546e-06 0.000100708 0.00132132 0.0102218 0.0466421 0.125758 0.202177 0.202433 0.149489 0.111616 0.0833788 0.0458355 0.0162492 0.00388079 0.000738925 0.00013015 2.04966e-05 2.74321e-06 3.13146e-07 2.96385e-08 2.22878e-09 1.29819e-10
 1.77427e-11 1.92665e-09 1.23346e-07 4.65569e-06 0.000103606 0.00135934 0.0105159 0.0479811 0.129332 0.207636 0.206543 0.148965 0.10683 0.0779896 0.0427361 0.0153045 0.00377359 0.000760645 0.000139776 2.18498e-05 2.78579e-06 2.99105e-07 2.69733e-08 1.97782e-09 1.14821e-10
 1.81749e-11 1.97358e-09 1.2635e-07 4.76909e-06 0.000106129 0.00139245 0.0107719 0.0491473 0.132449 0.212422 0.210276 0.148933 0.103306 0.0737098 0.0398263 0.0138584 0.00315385 0.000543181 8.57227e-05 1.27219e-05 1.65459e-06 1.82011e-07 1.62309e-08 1.13942e-09 6.27943e-11
 1.77807e-11 1.93077e-09 1.2361e-07 4.66566e-06 0.000103827 0.00136225 0.0105384 0.0480837 0.129609 0.208078 0.206972 0.149241 0.106944 0.0778876 0.0423467 0.0147717 0.00337228 0.000581304 8.96171e-05 1.22973e-05 1.40055e-06 1.3563e-07 1.14026e-08 7.984e-10 4.41789e-11
 1.79819e-11 1.95262e-09 1.25008e-07 4.71844e-06 0.000105002 0.00137766 0.0106575 0.0486265 0.131057 0.210286 0.208616 0.148966 0.104909 0.0756414 0.0411203 0.01448 0.00340688 0.000626257 0.000103802 1.48219e-05 1.69627e-06 1.5858e-07 1.2239e-08 7.62395e-10 3.81299e-11
 1.77617e-11 1.9287e-09 1.23477e-07 4.66066e-06 0.000103716 0.00136079 0.0105271 0.0480322 0.12947 0.207852 0.206737 0.149049 0.106806 0.0778865 0.0425681 0.0151171 0.00364007 0.000701663 0.000123134 1.85589e-05 2.26044e-06 2.25118e-07 1.80489e-08 1.12285e-09 5.36381e-11
 1.77313e-11 1.92541e-09 1.23267e-07 4.6527e-06 0.000103539 0.00135847 0.0105091 0.0479503 0.12925 0.207509 0.206443 0.148963 0.106919 0.0780996 0.0428133 0.0153457 0.00379325 0.000768651 0.0001423 2.24383e-05 2.874e-06 3.03396e-07 2.58334e-08 1.70722e-09 8.59073e-11
 1.79399e-11 1.94805e-09 1.24716e-07 4.70741e-06 0.000104757 0.00137444 0.0106326 0.048513 0.130753 0.209815 0.208226 0.148897 0.105143 0.075985 0.0414327 0.0147203 0.00355675 0.000693242 0.000125041 1.99322e-05 2.66053e-06 2.96007e-07 2.65489e-08 1.85181e-09 9.87329e-11
 1.79209e-11 1.946e-09 1.24585e-07 4.70245e-06 0.000104646 0.00137299 0.0106214 0.048462 0.130619 0.209621 0.208138 0.149105 0.10561 0.0763751 0.0414614 0.0144838 0.00332739 0.000584138 9.37157e-05 1.38293e-05 1.76244e-06 1.92295e-07 1.74764e-08 1.26713e-09 7.10249e-11
 1.84639e-11 2.00496e-09 1.28359e-07 4.84493e-06 0.000107817 0.00141459 0.0109431 0.0499271 0.134532 0.21561 0.212715 0.148752 0.100708 0.0706941 0.0379623 0.0131277 0.00293664 0.000483899 7.06841e-05 9.45603e-06 1.08002e-06 1.05423e-07 8.8273e-09 6.12067e-10 3.39202e-11
 1.89579e-11 2.0586e-09 1.31793e-07 4.97453e-06 0.000110701 0.00145243 0.0112357 0.0512598 0.13809 0.221048 0.216831 0.1483 0.0960511 0.0653984 0.0348421 0.0120838 0.00274308 0.00046721 7.06466e-05 9.43051e-06 1.02297e-06 9.11664e-08 6.84349e-09 4.23803e-10 2.12126e-11
 1.89797e-11 2.06097e-09 1.31945e-07 4.98027e-06 0.000110829 0.0014541 0.0112487 0.0513189 0.13825 0.221305 0.217089 0.148489 0.0961602 0.0653665 0.0346005 0.0117317 0.00247625 0.000350434 3.99553e-05 4.35062e-06 4.44062e-07 3.96185e-08 2.93889e-09 1.72558e-10 7.89341e-12
#obs catch len freq
 1.23933e-11 1.34577e-09 8.61572e-08 3.25201e-06 7.23691e-05 0.000949522 0.00734613 0.0335333 0.0905913 0.147084 0.154143 0.132473 0.124914 0.113394 0.0826054 0.0519756 0.0310023 0.0170015 0.00816799 0.00331915 0.00109118 0.000275118 5.03312e-05 6.3631e-06 5.35172e-07
 1.1753e-11 1.27624e-09 8.17061e-08 3.08401e-06 6.86305e-05 0.00090048 0.0069671 0.0318113 0.086046 0.140504 0.1507 0.13742 0.136527 0.123642 0.0860377 0.0497743 0.0268916 0.0134992 0.00602552 0.00228991 0.000699221 0.000161879 2.70086e-05 3.10855e-06 2.38069e-07
 6.34352e-12 6.88832e-10 4.40996e-08 1.66455e-06 3.70431e-05 0.000486076 0.00376251 0.0172176 0.047076 0.080787 0.10419 0.136786 0.177061 0.173892 0.12335 0.0712887 0.0370497 0.0170763 0.0068169 0.0023204 0.000642368 0.000135691 2.06391e-05 2.15889e-06 1.49976e-07
 1.76223e-11 1.91358e-09 1.22509e-07 4.62409e-06 0.000102903 0.00135011 0.0104443 0.0476501 0.128366 0.205397 0.200758 0.13492 0.0855025 0.064449 0.0499014 0.0351466 0.0208551 0.00988457 0.00376076 0.00116086 0.000284964 5.33751e-05 7.2608e-06 6.84145e-07 4.29614e-08
 1.60833e-11 1.74646e-09 1.1181e-07 4.22027e-06 9.39164e-05 0.00123224 0.00953346 0.0435162 0.117505 0.190079 0.194748 0.152656 0.120858 0.0902591 0.0494629 0.0193204 0.00670352 0.00261318 0.0010109 0.000315548 7.34513e-05 1.24442e-05 1.50094e-06 1.25158e-07 6.99393e-09
 1.66197e-11 1.80471e-09 1.15539e-07 4.36103e-06 9.70489e-05 0.00127334 0.00985145 0.044967 0.121405 0.196192 0.199863 0.153193 0.116578 0.0848916 0.0464162 0.018002 0.00543806 0.00140995 0.000328391 7.23233e-05 1.45211e-05 2.30283e-06 2.58603e-07 1.95903e-08 9.7845e-10
 1.59425e-11 1.73117e-09 1.10831e-07 4.18332e-06 9.30945e-05 0.00122147 0.00945063 0.0431472 0.116603 0.18918 0.195608 0.155942 0.123946 0.0909285 0.04879 0.0182765 0.00524949 0.00126292 0.000250983 3.98805e-05 5.17552e-06 5.64872e-07 5.01603e-08 3.31463e-09 1.49917e-10
 1.61397e-11 1.75258e-09 1.12201e-07 4.23506e-06 9.4246e-05 0.00123659 0.00956777 0.0436848 0.118079 0.191661 0.19817 0.157077 0.122595 0.0880198 0.046432 0.0171605 0.00484453 0.00112727 0.000211493 3.053e-05 3.33952e-06 2.7532e-07 1.70063e-08 7.84041e-10 2.65574e-11
 1.68549e-11 1.83025e-09 1.17174e-07 4.42275e-06 9.84229e-05 0.00129139 0.00999178 0.0456193 0.123279 0.199798 0.204963 0.15786 0.117015 0.080267 0.0407305 0.0143276 0.00377452 0.000815153 0.000143711 1.96159e-05 2.00496e-06 1.49854e-07 7.98189e-09 2.96794e-10 7.60892e-12
 1.70968e-11 1.85651e-09 1.18855e-07 4.48621e-06 9.98353e-05 0.00130993 0.0101355 0.0462787 0.125088 0.202828 0.208089 0.159359 0.115744 0.0770533 0.037707 0.0125667 0.003041 0.00058974 9.3509e-05 1.15777e-05 1.0801e-06 7.41029e-08 3.62658e-09 1.22705e-10 2.79982e-12
 1.49154e-11 1.61964e-09 1.03691e-07 3.91384e-06 8.70987e-05 0.00114287 0.00884458 0.0404174 0.109611 0.180115 0.193752 0.166762 0.138061 0.0964188 0.0464079 0.0145901 0.00317365 0.00053114 7.23965e-05 7.80331e-06 6.37487e-07 3.85096e-08 1.67587e-09 5.09383e-11 1.05139e-12
 1.81515e-11 1.97104e-09 1.26188e-07 4.76297e-06 0.000105994 0.00139075 0.0107609 0.0491333 0.132764 0.21481 0.217796 0.15944 0.106006 0.0650961 0.0302533 0.00972081 0.00225436 0.000403093 5.5309e-05 5.54964e-06 3.98672e-07 2.0624e-08 7.67381e-10 2.01354e-11 3.62791e-13
 1.59663e-11 1.73375e-09 1.10996e-07 4.18959e-06 9.32359e-05 0.00122342 0.00946826 0.0432703 0.117335 0.192435 0.204467 0.168264 0.128923 0.0836378 0.037609 0.010865 0.00207844 0.000290337 3.26896e-05 2.99053e-06 2.08909e-07 1.05128e-08 3.66755e-10 8.65713e-12 1.36402e-13
 1.71746e-11 1.86496e-09 1.19396e-07 4.50665e-06 0.000100292 0.00131598 0.0101841 0.0465297 0.12602 0.205565 0.21381 0.165765 0.116657 0.0714438 0.0314024 0.00911323 0.00179755 0.000259753 2.85924e-05 2.33029e-06 1.35753e-07 5.64416e-09 1.68981e-10 3.59686e-12 5.2637e-14
 1.30951e-11 1.42198e-09 9.10366e-08 3.43624e-06 7.64738e-05 0.00100362 0.00777171 0.0355935 0.0972851 0.164029 0.189169 0.181628 0.157721 0.104944 0.0457754 0.012508 0.00219831 0.000268243 2.48519e-05 1.80108e-06 9.81756e-08 3.8402e-09 1.04603e-10 1.94245e-12 2.42066e-14
 1.47325e-11 1.59978e-09 1.02419e-07 3.86589e-06 8.6035e-05 0.00112906 0.00874176 0.0400091 0.109035 0.181692 0.201416 0.177668 0.141002 0.0889439 0.037863 0.0103082 0.00184553 0.000232833 2.18329e-05 1.50611e-06 7.33019e-08 2.46706e-09 5.76778e-11 9.39381e-13 1.05076e-14
 1.58817e-11 1.72457e-09 1.10409e-07 4.16745e-06 9.27462e-05 0.00121712 0.00942299 0.0431136 0.117326 0.194286 0.210529 0.175615 0.129652 0.077375 0.031584 0.00822291 0.0013847 0.000160787 1.38154e-05 8.93781e-07 4.19834e-08 1.37819e-09 3.09616e-11 4.68884e-13 4.71227e-15
 1.64382e-11 1.785e-09 1.14278e-07 4.31349e-06 9.59968e-05 0.0012598 0.00975365 0.0446274 0.12142 0.200716 0.215639 0.175195 0.123913 0.0710154 0.0280288 0.00705687 0.00113951 0.000124667 9.88787e-06 5.83439e-07 2.49223e-08 7.44718e-10 1.53191e-11 2.14943e-13 2.02663e-15
 1.37818e-11 1.49655e-09 9.58113e-08 3.61653e-06 8.04908e-05 0.00105653 0.0081859 0.0375481 0.103023 0.174948 0.202181 0.18735 0.149201 0.0898245 0.0358176 0.00908727 0.00150501 0.000172592 1.43605e-05 8.62362e-07 3.59985e-08 1.01744e-09 1.93564e-11 2.47756e-13 2.11807e-15
 1.51305e-11 1.643e-09 1.05187e-07 3.97044e-06 8.83669e-05 0.00115987 0.00898504 0.0411839 0.112668 0.189239 0.211388 0.182772 0.135008 0.077631 0.0304854 0.00784271 0.00136175 0.000168072 1.50422e-05 9.5101e-07 4.09966e-08 1.18321e-09 2.27182e-11 2.88074e-13 2.38336e-15
 1.57517e-11 1.71046e-09 1.09506e-07 4.13347e-06 9.19963e-05 0.00120754 0.00935477 0.0428803 0.117274 0.196516 0.217228 0.182429 0.128742 0.0705473 0.0262998 0.00631299 0.000992728 0.000108437 8.70234e-06 5.17212e-07 2.20083e-08 6.45737e-10 1.27119e-11 1.64377e-13 1.37193e-15
 1.4391e-11 1.5627e-09 1.00047e-07 3.77651e-06 8.40575e-05 0.00110358 0.0085552 0.0392977 0.108157 0.184494 0.212651 0.190468 0.140993 0.0778925 0.0285457 0.00664488 0.00099858 0.000101915 7.43909e-06 3.94085e-07 1.48275e-08 3.86467e-10 6.87886e-12 8.26063e-14 6.57887e-16
 1.70508e-11 1.85152e-09 1.18538e-07 4.47441e-06 9.95861e-05 0.0013072 0.0101271 0.0464121 0.126756 0.210952 0.227292 0.178866 0.114739 0.0577501 0.020257 0.00465285 0.000704788 7.33808e-05 5.42373e-06 2.83086e-07 1.01479e-08 2.44618e-10 3.93478e-12 4.20798e-14 2.96944e-16
 1.53473e-11 1.66655e-09 1.06696e-07 4.02757e-06 8.96497e-05 0.00117712 0.00912741 0.0419406 0.11542 0.196132 0.221891 0.189063 0.129896 0.0666575 0.0228604 0.00498016 0.000693433 6.43922e-05 4.20615e-06 1.9858e-07 6.6803e-09 1.55081e-10 2.41843e-12 2.48493e-14 1.65624e-16
 1.67147e-11 1.81504e-09 1.16203e-07 4.38642e-06 9.76355e-05 0.00128188 0.00993686 0.0456117 0.125056 0.209942 0.229652 0.183042 0.116083 0.0561052 0.0185917 0.00398648 0.000553784 5.15976e-05 3.34144e-06 1.51547e-07 4.72214e-09 9.89541e-11 1.38061e-12 1.27771e-14 7.79251e-17
 1.59398e-11 1.7309e-09 1.10817e-07 4.18325e-06 9.31217e-05 0.00122292 0.00948633 0.0436242 0.120187 0.204162 0.228769 0.188478 0.122026 0.0586145 0.0188994 0.00388006 0.000506721 4.3496e-05 2.56575e-06 1.06804e-07 3.1145e-09 6.20074e-11 8.23447e-13 7.17801e-15 4.05624e-17
 1.4448e-11 1.56891e-09 1.00449e-07 3.79209e-06 8.4429e-05 0.0011093 0.00861627 0.039764 0.110573 0.192092 0.225158 0.197318 0.133894 0.0653735 0.0210688 0.00432246 0.000569149 4.96749e-05 2.96611e-06 1.22135e-07 3.41317e-09 6.3426e-11 7.74591e-13 6.18793e-15 3.21846e-17
 1.64046e-11 1.78138e-09 1.14051e-07 4.3055e-06 9.58523e-05 0.00125907 0.00977148 0.044978 0.124085 0.21081 0.234341 0.18753 0.115199 0.0522294 0.0160573 0.00319134 0.000410016 3.50199e-05 2.04827e-06 8.2688e-08 2.26844e-09 4.1371e-11 4.93516e-13 3.81038e-15 1.88729e-17
 1.42588e-11 1.5484e-09 9.91394e-08 3.74302e-06 8.33565e-05 0.00109585 0.00852362 0.03946 0.110443 0.194018 0.23007 0.20089 0.13202 0.0610619 0.0184016 0.00348168 0.000413834 3.17262e-05 1.63097e-06 5.79713e-08 1.43125e-09 2.41134e-11 2.7093e-13 1.99224e-15 9.44731e-18
#spawning biomass
 17814.6 12358.9 8349.08 10875.6 17567.3 24518.1 32649.9 47617.7 77248.9 114053 162369 240379 351769 383892 278115 269310 311290 319208 321009 298857 291322 311351 361082 420323 450909 417778 395511 422623 325109 277078 4224.12 4188.4 4188.4 4188.4 4188.4 4188.4 4188.4 4188.4 4188.4 4188.4 4188.4 4188.4 4188.4 4188.4 4188.4 4188.4 4188.4 4188.4 4188.4 4188.4 4188.4 4188.4 4188.4 4188.4 4188.4 4188.4 4188.4 4188.4 4188.4 4188.4 4188.4 4188.4 4188.4 4188.4 4188.4 4188.4 4188.4 4188.4 4188.4 4188.4 4188.4 4188.4 4188.4 4188.4 4188.4 4188.4 4188.4 4188.4 4188.4 4188.4 4188.4 4188.4 4188.4 4188.4 4188.4 4188.4 4188.4 4188.4 4188.4 4188.4 4188.4 4188.4 4188.4 4188.4 4188.4 4188.4 4188.4 4188.4 4188.4 4188.4 4188.4 4188.4 4188.4 4188.4 4188.4 4188.4 4188.4 4188.4 4188.4 4188.4 4188.4 4188.4 4188.4 4188.4 4188.4 4188.4 4188.4 4188.4 4188.4 4188.4 4188.4 4188.4 4188.4 4188.4 4188.4 4188.4 4188.4 4188.4 4188.4 0 0 0 0 0 0 0 0 0 0 0 0 0 0 0 0 0 0 0 0 0 0 0 0 0
