SBPRF35
0.256306
Curr Bio
104912
B35
190543
F35
0.462197
FOFL
0.244541
OFL
24397.6
Bzero
73230.3
#pred survey bio
 4932.82 6260.65 8863.11 11418.9 15561.8 19852.6 24943.9 31842.3 46873.2 70487.5 90554.8 115151 152084 186869 179935 151388 154675 142696 147388 142558 146315 172093 172600 186816 194479 187712 195948 179882 6.3076e+06 3.75923e+06 2.74943e+06 1.91243e+06 1.38605e+06 1.09138e+06 935010 853426 810542 787441 774557 767086 762590 759796 758013 756851 756091 755587 755251 755026 754874 754773 754704 754657 754626 754605 754590 754581 754574 754570 754567 754565 754563 754562 754562 754561 754561 754561 754561 754561 754561 754561 754561 754561 754561 754561 754561 754560 754560 754560 754560 754560 754560 754560 754560 754560 754560 754560 754560 754560 754560 754560 754560 754560 754560 754560 754560 754560 754560 754560 754560 754560 754560 754560 754560 754560 754560 754560 754560 754560 754560 754560 754560 754560 754560 754560 754560 754560 754560 754560 754560 754560 754560 754560 754560 754560 754560 754560 754560 754560 0 0 0 0 0 0 0 0 0 0 0 0 0 0 0 0 0 0 0 0 0 0 0 0 0
#obs survey bio
 4288.04 5879.29 6517 13595.2 15553.8 21709.2 28188.5 32873.1 64312.3 70290.2 85806.5 142322 171677 185184 235452 154773 189222 148055 149387 135155 168490 169764 165715 186680 233224 201070 174762 159927
#pred catch bio
 2393.46 3187.81 4801.03 6247.97 8585.53 10546.6 13411.7 16709.2 22548.1 37432.6 50201.7 60671.9 77374.9 102010 107055 83327.6 90810.7 77375.4 84570.4 83174.6 75538.1 97291.6 93048.6 101760 109274 96525 108702 93662 24397.6 52544.4 36897.8 24186.1 16573.9 12567.3 10608.6 9693.94 9279.22 9094.82 9013.91 8978.72 8963.51 8956.97 8954.16 8952.95 8952.44 8952.22 8952.13 8952.09 8952.07 8952.06 8952.06 8952.06 8952.06 8952.06 8952.06 8952.06 8952.06 8952.06 8952.06 8952.06 8952.06 8952.06 8952.06 8952.06 8952.06 8952.06 8952.06 8952.06 8952.06 8952.06 8952.06 8952.06 8952.06 8952.06 8952.06 8952.06 8952.06 8952.06 8952.06 8952.06 8952.06 8952.06 8952.06 8952.06 8952.06 8952.06 8952.06 8952.06 8952.06 8952.06 8952.06 8952.06 8952.06 8952.06 8952.06 8952.06 8952.06 8952.06 8952.06 8952.06 8952.06 8952.06 8952.06 8952.06 8952.06 8952.06 8952.06 8952.06 8952.06 8952.06 8952.06 8952.06 8952.06 8952.06 8952.06 8952.06 8952.06 8952.06 8952.06 8952.06 8952.06 8952.06 8952.06 8952.06 8952.06 8952.06 8952.06 8952.06 0 0 0 0 0 0 0 0 0 0 0 0 0 0 0 0 0 0 0 0 0 0 0 0 0
#obs catch bio
 2344.64 3060.59 4778.89 5989.98 8596.21 10444.7 12988.1 16364 20690.5 34436.8 48310.7 56849.7 74434.5 101947 100651 83728.8 88949.9 77760.8 86022.6 83544.6 75657.7 101405 93579.3 104233 110896 96165.9 118131 93671.9
#pred cpue bio
 3874.14 4221.66 5877.31 7628.11 10153.3 13212.1 16965 21350.4 30407.7 47226 61073.5 76217.7 102155 130565 131925 109526 109587 101263 105294 100783 100401 120885 121898 131700 138316 134662 143087 131843 4.62745e+06 3.61714e+06 2.64864e+06 1.81212e+06 1.28574e+06 991081 834709 753125 710241 687141 674256 666785 662289 659495 657712 656551 655790 655286 654950 654725 654574 654472 654403 654356 654325 654304 654290 654280 654273 654269 654266 654264 654262 654262 654261 654260 654260 654260 654260 654260 654260 654260 654260 654260 654260 654260 654260 654260 654260 654260 654260 654260 654260 654260 654260 654260 654260 654260 654260 654260 654260 654260 654260 654260 654260 654260 654260 654260 654260 654260 654260 654260 654260 654260 654260 654260 654260 654260 654260 654260 654260 654260 654260 654260 654260 654260 654260 654260 654260 654260 654260 654260 654260 654260 654260 654260 654260 654260 654260 654260 0 0 0 0 0 0 0 0 0 0 0 0 0 0 0 0 0 0 0 0 0 0 0 0 0
#obs cpue bio
 2549.94 6905.59 6513.48 9027.7 8829.99 12888.4 18154.2 21900.8 36892.4 62683.8 68707.5 85735.4 96208.1 124866 151749 86954.6 110119 82964.4 100496 109799 78670.6 104884 127976 115921 116849 122229 102263 176109
#pred surv len freq
 3.90916e-11 1.83868e-09 5.98846e-08 1.35055e-06 2.10907e-05 0.000228066 0.00170774 0.00885505 0.0318001 0.0791392 0.136796 0.165723 0.145551 0.103343 0.0736824 0.059125 0.0474183 0.0358027 0.0269361 0.0210534 0.017269 0.0149593 0.0131135 0.0105167 0.00695772
 4.5792e-11 2.15383e-09 7.0149e-08 1.58203e-06 2.47057e-05 0.000267157 0.00200044 0.0103726 0.0372477 0.0926742 0.16004 0.193161 0.167291 0.113554 0.0735925 0.0526771 0.0372397 0.0232375 0.0134555 0.00807236 0.0052691 0.00373884 0.00279713 0.00202248 0.00126287
 4.54897e-11 2.13962e-09 6.9686e-08 1.57159e-06 2.45427e-05 0.000265394 0.00198725 0.0103043 0.0370034 0.0920779 0.159089 0.192383 0.167811 0.11646 0.0787253 0.0580581 0.0404563 0.0234542 0.0115644 0.00535083 0.00250161 0.00122976 0.000662341 0.000381246 0.000208642
 4.49556e-11 2.11449e-09 6.88677e-08 1.55314e-06 2.42545e-05 0.000262278 0.00196391 0.0101833 0.0365696 0.0910036 0.157268 0.190347 0.166575 0.11677 0.0804769 0.0603969 0.0424562 0.0246986 0.0120977 0.00536962 0.00222283 0.000848114 0.000306732 0.000113381 4.40618e-05
 4.61792e-11 2.17205e-09 7.07422e-08 1.59541e-06 2.49146e-05 0.000269416 0.00201736 0.0104604 0.0375635 0.0934659 0.161448 0.195055 0.169554 0.116411 0.0770761 0.0558675 0.0387852 0.0226099 0.0111883 0.00502419 0.00207947 0.000765284 0.000245419 6.94965e-05 1.79923e-05
 4.50743e-11 2.12008e-09 6.90496e-08 1.55724e-06 2.43185e-05 0.00026297 0.0019691 0.0102102 0.0366661 0.0912438 0.157683 0.190848 0.167006 0.117049 0.0806006 0.0603385 0.0421639 0.0242212 0.0116104 0.00502195 0.00202727 0.000739013 0.000234603 6.37152e-05 1.4629e-05
 4.40107e-11 2.07005e-09 6.74203e-08 1.5205e-06 2.37447e-05 0.000256765 0.00192264 0.00996935 0.035802 0.0891008 0.15403 0.186669 0.164131 0.116735 0.0826625 0.0635609 0.045329 0.0267308 0.0133316 0.0060084 0.00247277 0.000894377 0.000277531 7.34823e-05 1.64033e-05
 4.48698e-11 2.11046e-09 6.87364e-08 1.55018e-06 2.42082e-05 0.000261778 0.00196017 0.0101639 0.0364997 0.0908287 0.156959 0.189942 0.166121 0.116255 0.0799361 0.0600682 0.0426351 0.0253887 0.0129573 0.00603825 0.00257939 0.000967811 0.00030972 8.34022e-05 1.8602e-05
 4.65142e-11 2.18781e-09 7.12554e-08 1.60699e-06 2.50954e-05 0.000271371 0.002032 0.0105362 0.0378355 0.0941394 0.162588 0.196321 0.170297 0.116153 0.0759057 0.0544044 0.0376929 0.022122 0.011129 0.00513341 0.00219921 0.000840435 0.000277081 7.72238e-05 1.7784e-05
 4.48166e-11 2.10796e-09 6.86548e-08 1.54834e-06 2.41795e-05 0.000261467 0.00195784 0.0101518 0.0364566 0.0907233 0.15679 0.189797 0.166184 0.116696 0.0806958 0.0607679 0.0428474 0.025051 0.0123921 0.00558512 0.00234343 0.000883182 0.000289735 8.12485e-05 1.90332e-05
 4.45032e-11 2.09322e-09 6.81748e-08 1.53751e-06 2.40104e-05 0.000259639 0.00194415 0.0100809 0.036202 0.0900917 0.155712 0.188557 0.165311 0.116545 0.0812209 0.0616541 0.0437841 0.025862 0.0129877 0.0059342 0.0024959 0.000930566 0.000299756 8.25668e-05 1.91204e-05
 4.54784e-11 2.13909e-09 6.96687e-08 1.5712e-06 2.45366e-05 0.000265328 0.00198675 0.0103017 0.0369942 0.092055 0.159049 0.192336 0.167775 0.116456 0.0787893 0.0582598 0.0408468 0.023952 0.0119471 0.00543507 0.00229039 0.000859948 0.000278768 7.67834e-05 1.7643e-05
 4.46803e-11 2.10155e-09 6.8446e-08 1.54363e-06 2.4106e-05 0.000260672 0.00195189 0.010121 0.0363459 0.0904489 0.156323 0.189268 0.165839 0.116708 0.0810359 0.0612474 0.0432703 0.0253335 0.0125465 0.00565135 0.0023601 0.000880715 0.000284782 7.85261e-05 1.80975e-05
 4.25398e-11 2.00087e-09 6.5167e-08 1.46968e-06 2.29511e-05 0.000248184 0.00185839 0.00963627 0.034607 0.0861385 0.148989 0.180934 0.160304 0.116623 0.0859628 0.0683425 0.0496376 0.02976 0.0152124 0.0070832 0.00301933 0.00113248 0.000364767 9.99434e-05 2.29191e-05
 3.9548e-11 1.86015e-09 6.05839e-08 1.36632e-06 2.1337e-05 0.00023073 0.0017277 0.0089588 0.0321765 0.0801136 0.138737 0.169282 0.152556 0.116478 0.0927992 0.0781805 0.0584391 0.0358693 0.0189353 0.00916651 0.00405522 0.00157187 0.000520511 0.00014535 3.36209e-05
 4.06313e-11 1.9111e-09 6.22434e-08 1.40374e-06 2.19215e-05 0.00023705 0.00177502 0.00920408 0.0330562 0.0822911 0.142421 0.173369 0.154931 0.115578 0.0889329 0.073413 0.0549746 0.0344334 0.0188531 0.00952948 0.0043879 0.00176577 0.000607141 0.000175763 4.19422e-05
 4.20223e-11 1.97653e-09 6.43743e-08 1.4518e-06 2.26719e-05 0.000245165 0.00183578 0.00951905 0.034186 0.0850909 0.147178 0.178742 0.158391 0.115328 0.0852779 0.0683864 0.0506882 0.031737 0.0174933 0.00898236 0.00424676 0.00177212 0.000635469 0.000191909 4.76336e-05
 4.16856e-11 1.96069e-09 6.38584e-08 1.44017e-06 2.24903e-05 0.0002432 0.00182107 0.00944283 0.033913 0.0844177 0.146058 0.177592 0.158042 0.116466 0.0877176 0.0708978 0.0519026 0.0313542 0.0163139 0.00790816 0.0036199 0.00150373 0.00054739 0.000169915 4.36594e-05
 4.13927e-11 1.94692e-09 6.34098e-08 1.43005e-06 2.23323e-05 0.000241492 0.00180828 0.0093765 0.0336748 0.0838251 0.145035 0.176358 0.156982 0.115791 0.0874517 0.0711359 0.0527897 0.0327306 0.0176522 0.00876792 0.00398298 0.00159906 0.000559864 0.000169578 4.34116e-05
 4.2008e-11 1.97586e-09 6.43523e-08 1.45131e-06 2.26642e-05 0.000245082 0.00183516 0.00951583 0.0341747 0.0850649 0.147149 0.178778 0.158651 0.115985 0.0862688 0.0692582 0.0509076 0.0312148 0.0166311 0.00822804 0.00377652 0.00154208 0.000544643 0.000163564 4.09774e-05
 4.36874e-11 2.05485e-09 6.69251e-08 1.50933e-06 2.35703e-05 0.000254879 0.00190852 0.00989613 0.0355391 0.0884473 0.152906 0.18533 0.163035 0.116143 0.0825443 0.063838 0.0459997 0.0277327 0.0144398 0.00695921 0.00312759 0.00126185 0.000444571 0.000134132 3.37878e-05
 4.23139e-11 1.99024e-09 6.48209e-08 1.46187e-06 2.28293e-05 0.000246866 0.00184852 0.0095851 0.0344233 0.0856822 0.148205 0.18001 0.159575 0.116293 0.0860043 0.0686493 0.0501447 0.0304064 0.015879 0.00763856 0.00339878 0.00134756 0.00046528 0.00013804 3.4432e-05
 4.19911e-11 1.97506e-09 6.43264e-08 1.45072e-06 2.26551e-05 0.000244983 0.00183442 0.009512 0.0341611 0.0850321 0.1471 0.178755 0.158747 0.116294 0.0867668 0.0697324 0.0510999 0.031054 0.0162623 0.0078473 0.00349836 0.00138545 0.000475444 0.000139411 3.42431e-05
 4.22029e-11 1.98502e-09 6.46509e-08 1.45804e-06 2.27694e-05 0.000246218 0.00184367 0.00955995 0.0343329 0.0854565 0.147811 0.179511 0.159071 0.115809 0.0855648 0.0684302 0.0503746 0.0310726 0.016678 0.00826048 0.00374975 0.00149946 0.00051692 0.000151694 3.71418e-05
 4.1631e-11 1.95812e-09 6.37748e-08 1.43828e-06 2.24608e-05 0.000242882 0.00181869 0.00943046 0.0338684 0.0843059 0.145858 0.177319 0.157703 0.116029 0.0872214 0.0705806 0.052044 0.031944 0.0170208 0.00841207 0.00385243 0.00156855 0.000552011 0.000164753 4.07662e-05
 4.1085e-11 1.93244e-09 6.29383e-08 1.41942e-06 2.21662e-05 0.000239696 0.00179484 0.00930681 0.0334249 0.0832065 0.143989 0.175198 0.156309 0.116047 0.0885385 0.0724456 0.0536863 0.033044 0.0176422 0.00871852 0.0039823 0.00161766 0.000570636 0.000171886 4.31417e-05
 4.00988e-11 1.88605e-09 6.14276e-08 1.38534e-06 2.16342e-05 0.000233943 0.00175176 0.00908347 0.0326233 0.0812171 0.140586 0.171247 0.153398 0.115214 0.0896543 0.0747321 0.0564339 0.0357821 0.0199489 0.0102877 0.00482848 0.00198578 0.000703469 0.000212196 5.33777e-05
 3.98593e-11 1.87479e-09 6.10607e-08 1.37707e-06 2.15049e-05 0.000232546 0.00174129 0.00902924 0.0324288 0.0807351 0.139767 0.170324 0.152809 0.115266 0.0902736 0.0755195 0.0569971 0.0360417 0.0200886 0.0104634 0.00503045 0.00213988 0.000784116 0.000242586 6.19335e-05
#obs surv len freq
 4.08324e-11 1.92056e-09 6.25514e-08 1.41069e-06 2.203e-05 0.000238223 0.0017838 0.00924962 0.0332198 0.0826977 0.143121 0.174206 0.155626 0.115973 0.0890285 0.0732125 0.0544418 0.0336456 0.018056 0.00895393 0.00408421 0.00164836 0.000575976 0.000171934 4.29444e-05
 4.92565e-11 2.31679e-09 7.54563e-08 1.70173e-06 2.65749e-05 0.000287369 0.00215178 0.0111572 0.040063 0.0996567 0.17195 0.206835 0.17686 0.115095 0.0679073 0.043903 0.0293221 0.0175409 0.00931932 0.00459775 0.00208786 0.000838451 0.000291207 8.63104e-05 2.13838e-05
 4.15198e-11 1.95289e-09 6.36044e-08 1.43444e-06 2.24008e-05 0.000242233 0.00181383 0.00940536 0.0337795 0.0840944 0.145562 0.177285 0.15871 0.11888 0.0916149 0.074441 0.0529665 0.0295781 0.0132482 0.00525712 0.00201495 0.000742748 0.00024966 7.30704e-05 1.79702e-05
 4.73702e-11 2.22807e-09 7.25667e-08 1.63656e-06 2.55573e-05 0.000276365 0.00206939 0.0107301 0.0385308 0.0958605 0.165503 0.199567 0.172229 0.115572 0.0730757 0.0509315 0.0352463 0.0211582 0.0109992 0.00512655 0.0020993 0.000724229 0.000209901 5.2661e-05 1.16124e-05
 4.45251e-11 2.09425e-09 6.82082e-08 1.53827e-06 2.40223e-05 0.000259766 0.00194511 0.0100858 0.0362204 0.0901402 0.155817 0.188784 0.165827 0.117556 0.082622 0.0627714 0.0438409 0.024807 0.0115498 0.00483627 0.00192058 0.000699866 0.000220895 5.80639e-05 1.2432e-05
 4.34386e-11 2.04314e-09 6.65438e-08 1.50073e-06 2.34361e-05 0.000253428 0.00189765 0.00983981 0.0353375 0.08795 0.152079 0.184485 0.162795 0.117029 0.084444 0.0658678 0.0471422 0.027675 0.013627 0.00600466 0.00239354 0.000831798 0.00024717 6.29735e-05 1.36241e-05
 4.32076e-11 2.03228e-09 6.61899e-08 1.49275e-06 2.33114e-05 0.00025208 0.00188756 0.00978749 0.0351497 0.0874836 0.151279 0.183546 0.162069 0.116734 0.0845542 0.0662534 0.0477104 0.0283515 0.0142917 0.00652703 0.00271606 0.000985669 0.000302548 7.76832e-05 1.6502e-05
 4.60288e-11 2.16497e-09 7.05117e-08 1.59022e-06 2.48335e-05 0.000268539 0.00201079 0.0104263 0.0374413 0.0931623 0.160928 0.194446 0.169091 0.116242 0.0771861 0.0561663 0.039198 0.0230701 0.0116037 0.00531665 0.00223774 0.000829977 0.000263016 7.01037e-05 1.54163e-05
 4.69594e-11 2.20874e-09 7.19373e-08 1.62237e-06 2.53356e-05 0.000273968 0.00205144 0.010637 0.0381975 0.0950381 0.164129 0.198127 0.171684 0.11669 0.0756368 0.0535754 0.0364983 0.020753 0.009872 0.00423544 0.00169837 0.00061659 0.000195136 5.26348e-05 1.18245e-05
 4.44059e-11 2.08864e-09 6.80256e-08 1.53415e-06 2.39579e-05 0.000259071 0.0019399 0.0100589 0.0361235 0.0899001 0.155408 0.188322 0.165526 0.117572 0.0829398 0.063242 0.0442964 0.0251361 0.0117007 0.00482834 0.00184078 0.000631566 0.000188826 4.86135e-05 1.0626e-05
 4.54684e-11 2.13861e-09 6.96533e-08 1.57086e-06 2.45312e-05 0.00026527 0.00198631 0.0102994 0.0369863 0.0920357 0.159021 0.192325 0.167838 0.116656 0.0791173 0.0585929 0.041026 0.0239098 0.0117339 0.00515795 0.00204972 0.000706556 0.000205785 5.0613e-05 1.04895e-05
 4.5449e-11 2.1377e-09 6.96236e-08 1.57019e-06 2.45207e-05 0.000265157 0.00198547 0.010295 0.0369706 0.0919976 0.15896 0.192277 0.167879 0.116852 0.0794365 0.058859 0.0410492 0.0236898 0.0114591 0.00499308 0.00200631 0.000714805 0.000217361 5.53468e-05 1.16056e-05
 4.32341e-11 2.03353e-09 6.62306e-08 1.49367e-06 2.33258e-05 0.000252235 0.00188872 0.00979352 0.0351715 0.0875396 0.151387 0.18373 0.162399 0.117311 0.0853264 0.0668645 0.0477394 0.0277573 0.0134574 0.00585669 0.00234114 0.000828843 0.000251819 6.48231e-05 1.39079e-05
 4.02019e-11 1.8909e-09 6.15855e-08 1.38891e-06 2.16898e-05 0.000234545 0.00175626 0.00910688 0.0327081 0.081433 0.140996 0.171916 0.154533 0.117139 0.0922323 0.076858 0.0567603 0.0340889 0.0173123 0.00793971 0.00329726 0.00118881 0.000363037 9.33874e-05 2.00192e-05
 3.77321e-11 1.77474e-09 5.78021e-08 1.30358e-06 2.03573e-05 0.000220136 0.00164838 0.00854759 0.0307013 0.0764559 0.132509 0.162184 0.14777 0.116211 0.0967051 0.0839951 0.0638684 0.0398806 0.0215029 0.0105744 0.00467373 0.00177701 0.000568772 0.000151926 3.33711e-05
 4.1964e-11 1.97378e-09 6.42848e-08 1.44979e-06 2.26405e-05 0.000244825 0.00183323 0.00950582 0.0341386 0.0849712 0.146963 0.178444 0.15801 0.114824 0.0847006 0.0680259 0.0508779 0.0324535 0.0183239 0.00954255 0.00447293 0.00180883 0.000617926 0.000175773 4.0788e-05
 4.08884e-11 1.92319e-09 6.26371e-08 1.41262e-06 2.20602e-05 0.00023855 0.00178625 0.00926231 0.0332655 0.0828125 0.143328 0.174494 0.155999 0.116474 0.0896045 0.0735689 0.0542449 0.0329302 0.017247 0.00842898 0.0038822 0.00161173 0.000579585 0.000175194 4.32515e-05
 4.02583e-11 1.89356e-09 6.16719e-08 1.39086e-06 2.17203e-05 0.000234874 0.00175873 0.00911963 0.0327535 0.0815426 0.141161 0.172005 0.154253 0.116198 0.0907185 0.075453 0.0562664 0.034675 0.0184495 0.00901133 0.00402839 0.00159339 0.000549867 0.000164092 4.12733e-05
 4.03855e-11 1.89954e-09 6.18667e-08 1.39525e-06 2.17888e-05 0.000235616 0.00176428 0.0091484 0.0328567 0.0817973 0.141588 0.172457 0.154443 0.115896 0.0899759 0.0746369 0.0557895 0.0346604 0.018715 0.0093115 0.00423002 0.00168519 0.000576856 0.000168081 4.10408e-05
 4.30396e-11 2.02437e-09 6.59325e-08 1.48694e-06 2.32208e-05 0.0002511 0.00188021 0.0097494 0.0350127 0.0871403 0.15067 0.182732 0.161117 0.115582 0.0832618 0.0653353 0.0478239 0.0295702 0.0159897 0.0080008 0.00367132 0.00148323 0.000515424 0.000151791 3.71109e-05
 4.16851e-11 1.96067e-09 6.38576e-08 1.44015e-06 2.249e-05 0.000243198 0.00182105 0.00944273 0.0339128 0.0844177 0.146062 0.177617 0.158128 0.116661 0.088013 0.0711828 0.0520347 0.0312817 0.0160978 0.00765002 0.00340036 0.0013597 0.000473911 0.000140902 3.48519e-05
 4.06591e-11 1.91241e-09 6.22859e-08 1.40471e-06 2.19365e-05 0.000237212 0.00177623 0.00921039 0.0330791 0.0823498 0.142535 0.173565 0.15529 0.116215 0.0898043 0.0741486 0.0551196 0.0338989 0.0179791 0.00872834 0.00385889 0.00149789 0.000502835 0.000145224 3.54264e-05
 4.13469e-11 1.94476e-09 6.33395e-08 1.42847e-06 2.23076e-05 0.000241225 0.00180628 0.00936611 0.0336376 0.0837322 0.144874 0.17616 0.156799 0.115648 0.0873513 0.0711131 0.0528973 0.0329645 0.0179269 0.00898315 0.00409519 0.00162935 0.000553935 0.000159242 3.81037e-05
 4.08175e-11 1.91986e-09 6.25286e-08 1.41018e-06 2.2022e-05 0.000238136 0.00178315 0.00924625 0.0332077 0.0826678 0.143071 0.174151 0.155598 0.115993 0.0890895 0.0732722 0.0544602 0.0336261 0.0180379 0.00896302 0.00410887 0.00166677 0.00058215 0.000171828 4.18954e-05
 4.00891e-11 1.8856e-09 6.14127e-08 1.38501e-06 2.16289e-05 0.000233886 0.00175133 0.00908129 0.0326159 0.0812003 0.140572 0.171299 0.153663 0.115853 0.0906082 0.075565 0.0566321 0.0352618 0.0191027 0.00955296 0.00437503 0.00176618 0.000616111 0.000183245 4.54077e-05
 3.9493e-11 1.85756e-09 6.04995e-08 1.36442e-06 2.13073e-05 0.000230409 0.00172529 0.0089463 0.0321315 0.0799986 0.13852 0.168936 0.151984 0.115527 0.0915366 0.0771506 0.0583028 0.036727 0.0202447 0.010318 0.00479835 0.00195759 0.000686979 0.000204788 5.08165e-05
 3.74766e-11 1.76272e-09 5.74106e-08 1.29475e-06 2.02194e-05 0.000218645 0.00163721 0.00848969 0.0304933 0.0759378 0.13161 0.16108 0.146756 0.115414 0.096116 0.0837395 0.0641853 0.0408043 0.0227468 0.0117568 0.00555362 0.00230469 0.000822769 0.000248864 6.23959e-05
 4.03657e-11 1.89861e-09 6.18365e-08 1.39457e-06 2.17782e-05 0.0002355 0.00176342 0.00914389 0.0328399 0.0817504 0.141471 0.172147 0.153636 0.114225 0.0875815 0.0725864 0.0553551 0.0360505 0.0209446 0.0112749 0.00548123 0.00232092 0.000843292 0.000259533 6.61641e-05
#pred catch len freq
 3.15824e-11 1.48548e-09 4.83813e-08 1.09112e-06 1.70394e-05 0.000184257 0.00137972 0.00715451 0.0256979 0.0640003 0.11095 0.135935 0.124329 0.09896 0.0845655 0.0771429 0.0649145 0.0497252 0.0376065 0.0294587 0.0241822 0.0209519 0.0183675 0.0147303 0.0097454
 4.03746e-11 1.89903e-09 6.18501e-08 1.39487e-06 2.1783e-05 0.000235552 0.0017638 0.00914588 0.0328466 0.0817646 0.141476 0.172062 0.153255 0.113254 0.0858132 0.070046 0.0523216 0.0332055 0.0193445 0.0116416 0.00760968 0.00540202 0.00404177 0.00292247 0.00182484
 4.0383e-11 1.89943e-09 6.18631e-08 1.39517e-06 2.17875e-05 0.000235602 0.00176418 0.00914791 0.0328552 0.081799 0.141624 0.172656 0.155111 0.11737 0.0920615 0.0762321 0.0556445 0.0327149 0.0162122 0.00752411 0.00352433 0.00173397 0.000934142 0.000537724 0.000294278
 3.97562e-11 1.86994e-09 6.09029e-08 1.37351e-06 2.14494e-05 0.000231945 0.0017368 0.00900599 0.0323462 0.0805385 0.139489 0.170274 0.153681 0.11778 0.094195 0.0790736 0.0580844 0.0342396 0.0168514 0.0075009 0.00311072 0.00118793 0.000429775 0.000158879 6.17449e-05
 4.13954e-11 1.94704e-09 6.34138e-08 1.43014e-06 2.23337e-05 0.000241507 0.0018084 0.00937714 0.0336776 0.083837 0.145089 0.176579 0.15767 0.117296 0.0896351 0.0730032 0.0531681 0.0314474 0.0156402 0.00704317 0.00292008 0.00107551 0.000345011 9.77089e-05 2.52972e-05
 3.97511e-11 1.8697e-09 6.0895e-08 1.37333e-06 2.14466e-05 0.000231915 0.00173657 0.00900484 0.0323422 0.08053 0.139484 0.170314 0.153862 0.118208 0.0948257 0.0796118 0.0581909 0.0338824 0.0163211 0.00708071 0.002864 0.00104506 0.000331882 9.01457e-05 2.06982e-05
 3.84409e-11 1.80808e-09 5.88879e-08 1.32807e-06 2.07397e-05 0.000224271 0.00167934 0.00870814 0.0312776 0.0778897 0.134982 0.165151 0.150277 0.117725 0.0972292 0.0834714 0.0620833 0.037075 0.0185778 0.00839674 0.00346182 0.00125317 0.000388994 0.000103006 2.29948e-05
 3.94048e-11 1.85341e-09 6.03645e-08 1.36137e-06 2.12597e-05 0.000229894 0.00172144 0.00892638 0.0320604 0.0798278 0.138265 0.168811 0.152467 0.117093 0.0940331 0.079432 0.0590289 0.0356412 0.0182823 0.0085447 0.00365638 0.00137299 0.000439515 0.000118366 2.64011e-05
 4.11516e-11 1.93558e-09 6.30405e-08 1.42172e-06 2.22022e-05 0.000240086 0.00179775 0.00932195 0.0334795 0.0833451 0.144247 0.175597 0.156934 0.117051 0.0898455 0.073488 0.0537758 0.0320914 0.01624 0.00751576 0.00322614 0.00123398 0.000406963 0.000113435 2.6124e-05
 3.94078e-11 1.85355e-09 6.03691e-08 1.36147e-06 2.12614e-05 0.000229912 0.00172158 0.00892708 0.0320631 0.0798365 0.138293 0.168908 0.152752 0.117704 0.0949037 0.0801425 0.059094 0.0350176 0.017408 0.00786904 0.00330782 0.00124773 0.000409459 0.000114834 2.69018e-05
 3.9246e-11 1.84595e-09 6.01213e-08 1.35588e-06 2.11741e-05 0.000228968 0.00171451 0.00889045 0.0319316 0.0795097 0.137731 0.168243 0.152217 0.117443 0.0949139 0.0803932 0.0595736 0.0356407 0.0179825 0.00823899 0.00347107 0.00129516 0.000417323 0.000114961 2.66231e-05
 4.02245e-11 1.89197e-09 6.16201e-08 1.38969e-06 2.1702e-05 0.000234676 0.00175725 0.009112 0.0327264 0.0814796 0.141081 0.172039 0.154706 0.117388 0.0925238 0.0770253 0.0566236 0.0336817 0.0168869 0.00770523 0.00325294 0.00122238 0.000396381 0.00010919 2.50901e-05
 3.90035e-11 1.83454e-09 5.97497e-08 1.3475e-06 2.10432e-05 0.000227553 0.00170391 0.00883552 0.0317346 0.0790226 0.13691 0.167344 0.151738 0.117758 0.0959379 0.0815764 0.0603275 0.035809 0.0178252 0.00805402 0.00337003 0.00125875 0.00040716 0.000112283 2.58783e-05
 3.66708e-11 1.72482e-09 5.61762e-08 1.26691e-06 1.97847e-05 0.000213944 0.00160202 0.0083073 0.0298395 0.0743244 0.128912 0.15824 0.145638 0.117517 0.101094 0.0891333 0.0672466 0.0407793 0.020938 0.00977616 0.00417422 0.00156687 0.000504828 0.000138332 3.17236e-05
 3.36076e-11 1.58074e-09 5.14838e-08 1.16109e-06 1.81321e-05 0.000196074 0.00146821 0.00761366 0.0273509 0.0681549 0.11841 0.146284 0.137619 0.117179 0.107815 0.098965 0.0762037 0.0471921 0.0250058 0.0121344 0.00537576 0.00208504 0.000690604 0.000192862 4.46122e-05
 3.43649e-11 1.61636e-09 5.26438e-08 1.18725e-06 1.85406e-05 0.000200491 0.00150129 0.00778509 0.0279656 0.0696748 0.12097 0.149069 0.139047 0.116038 0.104366 0.0949854 0.0736326 0.0466042 0.0256265 0.0129869 0.00598845 0.00241134 0.000829293 0.000240092 5.72943e-05
 3.64748e-11 1.7156e-09 5.5876e-08 1.26014e-06 1.9679e-05 0.000212801 0.00159346 0.00826287 0.0296795 0.073922 0.128188 0.157225 0.144312 0.115694 0.0988755 0.0874132 0.0671567 0.0425032 0.0235253 0.0121083 0.00573192 0.00239313 0.000858311 0.000259221 6.43423e-05
 3.55686e-11 1.67298e-09 5.44878e-08 1.22884e-06 1.91901e-05 0.000207514 0.00155387 0.00805772 0.0289441 0.0721042 0.125131 0.153925 0.142707 0.117285 0.103313 0.0923832 0.0701416 0.042839 0.0223888 0.0108837 0.00499031 0.00207451 0.000755356 0.000234487 6.02525e-05
 3.55582e-11 1.67249e-09 5.44719e-08 1.22848e-06 1.91844e-05 0.000207453 0.00155342 0.00805533 0.0289352 0.0720789 0.125066 0.153748 0.142239 0.116321 0.101969 0.0913506 0.0701921 0.0439775 0.0238166 0.0118592 0.00539471 0.00216715 0.000758926 0.000229889 5.88522e-05
 3.64255e-11 1.71328e-09 5.58005e-08 1.25844e-06 1.96524e-05 0.000212513 0.0015913 0.00825173 0.0296399 0.0738265 0.128045 0.157158 0.144588 0.116584 0.100287 0.0886934 0.0675421 0.0418563 0.0223935 0.0111064 0.00510479 0.00208571 0.0007368 0.000221286 5.54395e-05
 3.77912e-11 1.77752e-09 5.78927e-08 1.30562e-06 2.03892e-05 0.000220481 0.00165096 0.008561 0.0307495 0.076578 0.132733 0.162514 0.148246 0.116919 0.0975614 0.0845478 0.0636099 0.0388518 0.0203301 0.0098272 0.00442414 0.00178631 0.000629514 0.000189947 4.78488e-05
 3.66008e-11 1.72153e-09 5.60691e-08 1.2645e-06 1.9747e-05 0.000213536 0.00159896 0.00829144 0.0297825 0.0741815 0.128659 0.157901 0.145239 0.11703 0.100536 0.0887067 0.067223 0.041214 0.0216159 0.0104256 0.00464598 0.0018433 0.000636604 0.000188883 4.71153e-05
 3.59089e-11 1.68899e-09 5.50092e-08 1.24059e-06 1.93737e-05 0.0002095 0.00156874 0.00813477 0.0292204 0.0727884 0.12629 0.155215 0.143476 0.11706 0.102209 0.0910621 0.0692771 0.0425771 0.0223971 0.0108378 0.00483944 0.00191795 0.00065835 0.00019306 4.74218e-05
 3.62249e-11 1.70385e-09 5.54932e-08 1.25151e-06 1.95442e-05 0.000211343 0.00158254 0.0082063 0.0294768 0.0734217 0.127352 0.15635 0.143983 0.116388 0.100492 0.0891831 0.0682055 0.042557 0.0229455 0.0113953 0.00518055 0.00207296 0.000714793 0.000209777 5.13646e-05
 3.57157e-11 1.67989e-09 5.47131e-08 1.23392e-06 1.92694e-05 0.000208372 0.0015603 0.00809099 0.0290632 0.0723975 0.125616 0.154408 0.142799 0.11666 0.102073 0.0911739 0.0696743 0.043227 0.0231317 0.0114622 0.00525711 0.00214185 0.000753939 0.000225036 5.56838e-05
 3.45231e-11 1.6238e-09 5.28862e-08 1.19272e-06 1.8626e-05 0.000201414 0.0015082 0.00782095 0.0280945 0.0699964 0.121533 0.149781 0.139766 0.116725 0.104982 0.0952674 0.0732482 0.0455893 0.0244528 0.0121194 0.00554496 0.00225407 0.000795331 0.000239588 6.01356e-05
 3.37694e-11 1.58835e-09 5.17315e-08 1.16667e-06 1.82193e-05 0.000197017 0.00147527 0.00765023 0.0274816 0.0684734 0.118916 0.146683 0.137289 0.115531 0.105028 0.0963342 0.0752336 0.0481898 0.02698 0.0139488 0.00655572 0.00269767 0.000955853 0.000288345 7.25343e-05
 3.31051e-11 1.55711e-09 5.07139e-08 1.14373e-06 1.78609e-05 0.000193142 0.00144626 0.00749981 0.026942 0.0671363 0.116643 0.144114 0.135625 0.115615 0.106686 0.0985539 0.0770013 0.0492071 0.0275504 0.0143897 0.0069285 0.0029491 0.00108086 0.000334413 8.53793e-05
#obs catch len freq
 3.56787e-11 1.67816e-09 5.46564e-08 1.23264e-06 1.92495e-05 0.000208156 0.00155868 0.00808261 0.0290332 0.0723214 0.125477 0.15421 0.142526 0.116269 0.101599 0.0908405 0.0697425 0.0436972 0.0237201 0.0118971 0.00548025 0.00223186 0.000787427 0.000237572 6.00198e-05
 3.58109e-11 1.68437e-09 5.48588e-08 1.23721e-06 1.93208e-05 0.000208927 0.00156445 0.00811253 0.0291405 0.0725878 0.125933 0.154737 0.142909 0.116365 0.101429 0.0905252 0.0693918 0.043369 0.0234455 0.0116976 0.00535672 0.0021664 0.000757803 0.00022635 5.65566e-05
 4.59547e-11 2.16149e-09 7.03983e-08 1.58766e-06 2.47936e-05 0.000268107 0.00200755 0.0104095 0.0373808 0.0930095 0.160649 0.194038 0.168512 0.115382 0.076104 0.0553235 0.0391604 0.0239099 0.012824 0.00636758 0.00290303 0.0011682 0.000406169 0.000120457 2.98546e-05
 3.67652e-11 1.72926e-09 5.63208e-08 1.27018e-06 1.98356e-05 0.000214495 0.00160615 0.00832875 0.0299175 0.074526 0.129315 0.15898 0.147086 0.120169 0.104685 0.0919501 0.0673003 0.0379371 0.0170893 0.00682383 0.00263043 0.00097301 0.000327597 9.59542e-05 2.36072e-05
 4.36202e-11 2.05168e-09 6.6822e-08 1.507e-06 2.3534e-05 0.000254487 0.00190558 0.00988089 0.0354845 0.0883112 0.15267 0.185045 0.162789 0.115993 0.0825354 0.0640646 0.0465294 0.0284037 0.0148888 0.00698082 0.00286949 0.000991971 0.000287841 7.22744e-05 1.59465e-05
 4.02309e-11 1.89227e-09 6.16299e-08 1.38991e-06 2.17054e-05 0.000234714 0.00175753 0.00911348 0.0327323 0.0814976 0.141138 0.17223 0.155259 0.118568 0.0942072 0.0784049 0.0567686 0.0325124 0.0152394 0.00642243 0.00256379 0.000937039 0.000296172 7.79057e-05 1.66869e-05
 3.89372e-11 1.83142e-09 5.9648e-08 1.34521e-06 2.10075e-05 0.000227166 0.00170102 0.00882051 0.0316809 0.0788893 0.136684 0.167094 0.151596 0.117826 0.0962152 0.0819662 0.0607027 0.0360599 0.0178788 0.00792593 0.00317324 0.00110548 0.00032893 8.38716e-05 1.81545e-05
 3.87439e-11 1.82233e-09 5.9352e-08 1.33854e-06 2.09032e-05 0.000226039 0.00169257 0.00877673 0.0315237 0.0784984 0.13601 0.166286 0.150915 0.117417 0.0960679 0.0820751 0.061116 0.0367449 0.0186513 0.00856862 0.00358035 0.00130223 0.000400182 0.000102821 2.18512e-05
 4.20484e-11 1.97775e-09 6.44141e-08 1.4527e-06 2.2686e-05 0.000245317 0.00183692 0.00952499 0.034208 0.0851499 0.147312 0.179056 0.159148 0.116857 0.0874602 0.0702766 0.0511424 0.030537 0.0154773 0.00713538 0.00301602 0.00112121 0.000355727 9.4878e-05 2.08729e-05
 4.32581e-11 2.03465e-09 6.62673e-08 1.4945e-06 2.33387e-05 0.000252375 0.00188976 0.00979895 0.0351911 0.0875886 0.151474 0.183847 0.162537 0.117477 0.0855019 0.0669549 0.0476391 0.0274876 0.0131722 0.0056867 0.00229111 0.000834006 0.000264296 7.13403e-05 1.60332e-05
 4.01686e-11 1.88934e-09 6.15345e-08 1.38776e-06 2.16718e-05 0.000234351 0.00175481 0.00909938 0.0326817 0.0813722 0.140924 0.171987 0.155096 0.118567 0.0943708 0.0786808 0.0570849 0.0327773 0.015357 0.00637556 0.00244254 0.000840454 0.000251655 6.48422e-05 1.41802e-05
 4.13176e-11 1.94338e-09 6.32946e-08 1.42745e-06 2.22917e-05 0.000241054 0.001805 0.00935953 0.0336146 0.0836807 0.144825 0.176291 0.157518 0.117405 0.0899913 0.0734536 0.0535324 0.0316292 0.0156375 0.00691658 0.00276081 0.000954034 0.000278229 6.84849e-05 1.42007e-05
 4.12842e-11 1.94181e-09 6.32435e-08 1.4263e-06 2.22737e-05 0.000240859 0.00180354 0.00935197 0.0335876 0.0836147 0.144719 0.176199 0.157554 0.11767 0.0904398 0.0738376 0.0535851 0.0313463 0.0152745 0.00669813 0.00270417 0.000965987 0.000294136 7.49513e-05 1.57235e-05
 3.86621e-11 1.81848e-09 5.92266e-08 1.33571e-06 2.08591e-05 0.000225561 0.001689 0.00875823 0.0314576 0.0783371 0.135753 0.166078 0.15106 0.118199 0.0973923 0.0832992 0.061506 0.0361784 0.0176607 0.00773412 0.0031061 0.00110257 0.000335441 8.64153e-05 1.85493e-05
 3.52062e-11 1.65593e-09 5.39325e-08 1.21631e-06 1.89945e-05 0.0002054 0.00153804 0.00797565 0.02865 0.0713766 0.123905 0.152593 0.142029 0.117857 0.105052 0.0945144 0.0717659 0.0435377 0.0222593 0.0102696 0.00428265 0.00154761 0.000473176 0.000121807 2.61233e-05
 3.24751e-11 1.52747e-09 4.97488e-08 1.12196e-06 1.75211e-05 0.000189466 0.00141874 0.00735718 0.0264308 0.0658718 0.114513 0.141797 0.134439 0.116585 0.109641 0.102102 0.0795677 0.0501578 0.0272278 0.0134662 0.00597376 0.0022757 0.000729145 0.000194886 4.28244e-05
 3.709e-11 1.74453e-09 5.68183e-08 1.2814e-06 2.00108e-05 0.000216389 0.00162032 0.00840213 0.030179 0.075157 0.13027 0.159502 0.14552 0.114881 0.0962684 0.0844372 0.0653291 0.0421964 0.0240083 0.0125747 0.00591456 0.00239606 0.000819312 0.000233191 5.41307e-05
 3.59439e-11 1.69063e-09 5.50626e-08 1.2418e-06 1.93925e-05 0.000209703 0.00157027 0.00814268 0.0292489 0.0728586 0.126408 0.155346 0.143549 0.117016 0.102035 0.0907853 0.0689558 0.0423164 0.0223224 0.0109779 0.0050774 0.00211247 0.000760447 0.00022999 5.67975e-05
 3.52062e-11 1.65593e-09 5.39326e-08 1.21632e-06 1.89946e-05 0.0002054 0.00153804 0.00797563 0.0286495 0.0713716 0.12387 0.152424 0.14148 0.116641 0.103268 0.0929423 0.0713414 0.0444388 0.0238134 0.0117009 0.00525133 0.00208146 0.000719103 0.000214735 5.40317e-05
 3.52601e-11 1.65847e-09 5.40152e-08 1.21818e-06 1.90236e-05 0.000205714 0.0015404 0.00798782 0.0286931 0.0714784 0.124043 0.15258 0.141444 0.116255 0.102575 0.0922633 0.0710525 0.044637 0.0242805 0.0121543 0.00554301 0.00221278 0.000758272 0.00022108 5.40025e-05
 3.82566e-11 1.79941e-09 5.86055e-08 1.3217e-06 2.06403e-05 0.000223196 0.00167129 0.00866634 0.0311272 0.0775107 0.134297 0.164182 0.148983 0.11591 0.0950069 0.081769 0.0620534 0.0388728 0.0211869 0.0106678 0.00491457 0.00198959 0.000692131 0.000203956 4.98831e-05
 3.66406e-11 1.7234e-09 5.613e-08 1.26587e-06 1.97684e-05 0.000213768 0.0016007 0.00830046 0.0298151 0.0742628 0.128803 0.158095 0.145469 0.11731 0.100839 0.0888824 0.0670979 0.040809 0.0211596 0.0101226 0.00452001 0.00181179 0.000632251 0.000188103 4.65445e-05
 3.53955e-11 1.66483e-09 5.42226e-08 1.22286e-06 1.90967e-05 0.000206504 0.00154631 0.00801849 0.0288033 0.0717529 0.12452 0.153167 0.141989 0.116693 0.102905 0.0923967 0.070842 0.0440719 0.0235538 0.0115085 0.00510959 0.00198786 0.000668127 0.000193101 4.71262e-05
 3.61825e-11 1.70185e-09 5.54282e-08 1.25005e-06 1.95213e-05 0.000211095 0.00158069 0.00819668 0.0294423 0.0733344 0.127194 0.156125 0.143679 0.11596 0.0999749 0.0888146 0.0682691 0.0430656 0.0236052 0.0119037 0.00544843 0.0021723 0.000739343 0.00021268 5.09111e-05
 3.55887e-11 1.67392e-09 5.45185e-08 1.22953e-06 1.92009e-05 0.000207631 0.00155475 0.00806222 0.0289601 0.0721406 0.125173 0.153879 0.142357 0.116403 0.102003 0.0912961 0.0700178 0.0437394 0.0236457 0.011826 0.00544414 0.00221324 0.000773883 0.000228565 5.57499e-05
 3.47213e-11 1.63313e-09 5.31898e-08 1.19956e-06 1.87329e-05 0.000202571 0.00151686 0.00786581 0.0282554 0.0703932 0.122196 0.150477 0.140036 0.116199 0.103759 0.0939848 0.0726022 0.0457261 0.0249646 0.012565 0.00577825 0.00233771 0.000816409 0.000242977 6.02328e-05
 3.40742e-11 1.60269e-09 5.21984e-08 1.17721e-06 1.83838e-05 0.000198795 0.00148859 0.00771926 0.0277294 0.0690882 0.119966 0.147899 0.138173 0.115755 0.104636 0.0955926 0.0743909 0.047392 0.0263261 0.013502 0.00630383 0.00257706 0.00090535 0.000270055 6.70376e-05
 3.17922e-11 1.49535e-09 4.87026e-08 1.09837e-06 1.71526e-05 0.000185482 0.00138891 0.0072025 0.0258755 0.0644922 0.112144 0.139 0.132227 0.115562 0.109722 0.102964 0.0810236 0.0520533 0.0292418 0.0152096 0.00721299 0.0029994 0.00107193 0.000324429 8.13718e-05
#spawning biomass
 3280.04 3076.33 4200.71 5499.85 7115.73 9483.91 12486.7 15459.9 21159.3 34167 44523.9 54356.2 74126.5 98977.1 105016 86053.4 84292.8 78023.9 81685 77348 74632.3 92157.2 93456.9 100780 106815 104912 113451 104912 105300 164491 115502 74618.2 50139.9 37256 30957.6 28016.3 26682.6 26089.7 25829.5 25716.4 25667.4 25646.4 25637.4 25633.5 25631.8 25631.1 25630.8 25630.7 25630.7 25630.6 25630.6 25630.6 25630.6 25630.6 25630.6 25630.6 25630.6 25630.6 25630.6 25630.6 25630.6 25630.6 25630.6 25630.6 25630.6 25630.6 25630.6 25630.6 25630.6 25630.6 25630.6 25630.6 25630.6 25630.6 25630.6 25630.6 25630.6 25630.6 25630.6 25630.6 25630.6 25630.6 25630.6 25630.6 25630.6 25630.6 25630.6 25630.6 25630.6 25630.6 25630.6 25630.6 25630.6 25630.6 25630.6 25630.6 25630.6 25630.6 25630.6 25630.6 25630.6 25630.6 25630.6 25630.6 25630.6 25630.6 25630.6 25630.6 25630.6 25630.6 25630.6 25630.6 25630.6 25630.6 25630.6 25630.6 25630.6 25630.6 25630.6 25630.6 25630.6 25630.6 25630.6 25630.6 25630.6 25630.6 25630.6 25630.6 0 0 0 0 0 0 0 0 0 0 0 0 0 0 0 0 0 0 0 0 0 0 0 0 0
