SBPRF35
0.819782
Curr Bio
182422
B35
665310
F35
0.241812
FOFL
0.0928081
OFL
14291.5
Bzero
234224
#pred survey bio
 13848.9 15226.6 16212.7 19603 21582.6 24661.1 31106.5 44135.8 55244.4 70959.6 90888.6 109021 122494 154745 152399 138631 123995 128247 135632 117653 129222 138683 145028 158371 171082 173938 188739 209065 1.05745e+07 9.10359e+06 9.74479e+06 9.00556e+06 7.75949e+06 6.4635e+06 5.32451e+06 4.40878e+06 3.71113e+06 3.19743e+06 2.82721e+06 2.56374e+06 2.37735e+06 2.24532e+06 2.15045e+06 2.08153e+06 2.03287e+06 1.99803e+06 1.97269e+06 1.954e+06 1.94001e+06 1.9294e+06 1.92126e+06 1.91494e+06 1.90998e+06 1.90607e+06 1.90296e+06 1.90047e+06 1.89847e+06 1.89686e+06 1.89555e+06 1.89449e+06 1.89363e+06 1.89293e+06 1.89236e+06 1.89189e+06 1.89151e+06 1.8912e+06 1.89095e+06 1.89074e+06 1.89057e+06 1.89043e+06 1.89032e+06 1.89023e+06 1.89015e+06 1.89009e+06 1.89004e+06 1.89e+06 1.88996e+06 1.88993e+06 1.88991e+06 1.88989e+06 1.88988e+06 1.88986e+06 1.88985e+06 1.88984e+06 1.88984e+06 1.88983e+06 1.88983e+06 1.88982e+06 1.88982e+06 1.88982e+06 1.88982e+06 1.88981e+06 1.88981e+06 1.88981e+06 1.88981e+06 1.88981e+06 1.88981e+06 1.88981e+06 1.88981e+06 1.88981e+06 1.88981e+06 1.88981e+06 1.88981e+06 1.88981e+06 1.88981e+06 1.88981e+06 1.88981e+06 1.88981e+06 1.88981e+06 1.88981e+06 1.88981e+06 1.88981e+06 1.88981e+06 1.88981e+06 1.88981e+06 1.88981e+06 1.88981e+06 1.88981e+06 1.88981e+06 1.88981e+06 1.88981e+06 1.88981e+06 1.88981e+06 1.88981e+06 1.88981e+06 1.88981e+06 1.88981e+06 1.88981e+06 0 0 0 0 0 0 0 0 0 0 0 0 0 0 0 0 0 0 0 0 0 0 0 0 0
#obs survey bio
 11335 9818.43 15468.8 16849.4 16926.1 22182.4 34065.6 47680.6 47122.9 64915.6 54990.1 114352 82056 155349 117199 122011 100905 95873.2 145662 89597.8 115641 118058 146880 155492 96237.4 155955 147524 149268
#pred catch bio
 6660.37 8629.91 9260.35 11180.9 12134.8 14017.6 16983.9 25859.5 32309.7 41309.4 55762.4 72738.8 73673.1 100085 100695 96792.5 83949.4 84834.8 98702.3 77370.5 87512.5 94629.9 97991.7 106769 120071 117474 128314 94758.1 14291.5 70736.7 85896.6 79938.2 67751.9 55149.9 44235.2 35605 29159 24527.2 21288.8 19069.6 17571 16568.9 15900.3 15456.3 15170.8 14987.3 14869.4 14793.5 14744.8 14713.4 14693.3 14680.3 14672 14666.6 14663.2 14661 14659.6 14658.7 14658.1 14657.7 14657.4 14657.3 14657.2 14657.1 14657.1 14657.1 14657 14657 14657 14657 14657 14657 14657 14657 14657 14657 14657 14657 14657 14657 14657 14657 14657 14657 14657 14657 14657 14657 14657 14657 14657 14657 14657 14657 14657 14657 14657 14657 14657 14657 14657 14657 14657 14657 14657 14657 14657 14657 14657 14657 14657 14657 14657 14657 14657 14657 14657 14657 14657 14657 14657 14657 14657 14657 14657 14657 14657 14657 0 0 0 0 0 0 0 0 0 0 0 0 0 0 0 0 0 0 0 0 0 0 0 0 0
#obs catch bio
 10495.1 8577.09 9238.24 9986.83 11711.4 12661.2 15124 21905.8 27397 36046.9 50039.5 68408.6 69534.9 92541.5 93544 99536.6 82000.7 84157.6 91305.9 70233.1 76197.4 85867.4 77975.9 91779.4 105571 100215 115425 88309.8
#pred cpue bio
 8974.71 9790.61 9487.13 10662.8 12541.8 14094.4 16612.1 22835.9 29146.7 36850.5 47552.5 56442.2 60314.1 79656.1 84002 77402.7 64913.7 64900.8 69963.7 59641.4 65580.8 68974.7 72681.5 78268.3 85503.3 85319.3 93932.2 101850 6.13418e+06 7.5071e+06 9.30668e+06 8.78835e+06 7.56664e+06 6.27295e+06 5.13416e+06 4.21845e+06 3.5208e+06 3.00711e+06 2.63688e+06 2.37341e+06 2.18703e+06 2.055e+06 1.96013e+06 1.8912e+06 1.84255e+06 1.8077e+06 1.78237e+06 1.76368e+06 1.74969e+06 1.73908e+06 1.73093e+06 1.72461e+06 1.71966e+06 1.71574e+06 1.71263e+06 1.71014e+06 1.70814e+06 1.70653e+06 1.70522e+06 1.70417e+06 1.7033e+06 1.7026e+06 1.70203e+06 1.70157e+06 1.70119e+06 1.70088e+06 1.70062e+06 1.70042e+06 1.70025e+06 1.70011e+06 1.69999e+06 1.6999e+06 1.69982e+06 1.69976e+06 1.69971e+06 1.69967e+06 1.69964e+06 1.69961e+06 1.69958e+06 1.69957e+06 1.69955e+06 1.69954e+06 1.69953e+06 1.69952e+06 1.69951e+06 1.69951e+06 1.6995e+06 1.6995e+06 1.6995e+06 1.69949e+06 1.69949e+06 1.69949e+06 1.69949e+06 1.69949e+06 1.69949e+06 1.69948e+06 1.69948e+06 1.69948e+06 1.69948e+06 1.69948e+06 1.69948e+06 1.69948e+06 1.69948e+06 1.69948e+06 1.69948e+06 1.69948e+06 1.69948e+06 1.69948e+06 1.69948e+06 1.69948e+06 1.69948e+06 1.69948e+06 1.69948e+06 1.69948e+06 1.69948e+06 1.69948e+06 1.69948e+06 1.69948e+06 1.69948e+06 1.69948e+06 1.69948e+06 1.69948e+06 1.69948e+06 1.69948e+06 1.69948e+06 1.69948e+06 1.69948e+06 1.69948e+06 0 0 0 0 0 0 0 0 0 0 0 0 0 0 0 0 0 0 0 0 0 0 0 0 0
#obs cpue bio
 11793.3 15203 13610.6 17279.9 19021 25097.4 28092 40533 64138.3 64111.1 102128 74047.1 95703.6 119374 129414 80409.9 87355.1 85651.5 108793 105145 140995 111654 212478 127289 236525 183069 177152 190660
#pred surv len freq
 1.47444e-11 1.60036e-09 1.02423e-07 3.86513e-06 8.6004e-05 0.00112841 0.00873062 0.0398489 0.107507 0.173142 0.174556 0.132108 0.104012 0.0851762 0.0591398 0.0371036 0.0238048 0.0155784 0.0105188 0.00751309 0.00578328 0.00486068 0.00422413 0.00326541 0.00190905
 1.18738e-11 1.28879e-09 8.24824e-08 3.11263e-06 6.92603e-05 0.000908745 0.00703173 0.032111 0.0868549 0.141689 0.151356 0.136868 0.135044 0.121159 0.0827983 0.0474737 0.0260345 0.0135035 0.00683435 0.00371538 0.0022754 0.00159481 0.00123399 0.000910238 0.000530668
 1.51005e-11 1.63901e-09 1.04896e-07 3.95847e-06 8.80808e-05 0.00115566 0.00894144 0.0408111 0.110101 0.177311 0.178719 0.135224 0.106828 0.0889923 0.0643559 0.0417209 0.024637 0.0121682 0.00511283 0.00203534 0.00085449 0.000422433 0.000256415 0.000167351 9.33221e-05
 1.52604e-11 1.65637e-09 1.06007e-07 4.00038e-06 8.90136e-05 0.0011679 0.0090363 0.0412472 0.111322 0.179633 0.18272 0.142431 0.116573 0.0949171 0.0606753 0.0315872 0.0157468 0.00759236 0.0033204 0.00127522 0.000430233 0.000140197 5.32869e-05 2.55718e-05 1.24953e-05
 1.323e-11 1.43599e-09 9.19034e-08 3.46815e-06 7.71709e-05 0.00101253 0.0078346 0.0357721 0.0966848 0.157139 0.165127 0.142479 0.133101 0.115389 0.0752653 0.0392805 0.0187095 0.00790217 0.00285558 0.0009502 0.000300245 8.59495e-05 2.26047e-05 6.40644e-06 2.17512e-06
 1.47845e-11 1.60471e-09 1.02702e-07 3.87564e-06 8.62378e-05 0.00113148 0.00875452 0.0399611 0.107852 0.174042 0.177082 0.138282 0.114172 0.0958026 0.0664622 0.039823 0.0216935 0.00980759 0.00355913 0.00109559 0.000297013 7.2331e-05 1.60547e-05 3.27352e-06 6.65738e-07
 1.57428e-11 1.70873e-09 1.09359e-07 4.12686e-06 9.18277e-05 0.00120482 0.00932184 0.0425479 0.114796 0.184943 0.186733 0.141971 0.112042 0.0899498 0.0581125 0.0310706 0.015663 0.00726719 0.00292225 0.000998391 0.000280858 6.44979e-05 1.24029e-05 2.0563e-06 3.01921e-07
 1.61243e-11 1.75013e-09 1.12008e-07 4.22684e-06 9.40526e-05 0.00123401 0.00954763 0.0435773 0.117557 0.189258 0.19046 0.143138 0.110814 0.0876609 0.0556031 0.0286063 0.0135513 0.00578997 0.00213164 0.000701962 0.000206749 5.13874e-05 1.02373e-05 1.60319e-06 1.99685e-07
 1.52683e-11 1.65723e-09 1.06063e-07 4.00247e-06 8.90601e-05 0.00116852 0.00904108 0.0412702 0.111401 0.179893 0.183603 0.144694 0.120102 0.0977563 0.0609311 0.0295526 0.012931 0.00513772 0.00173774 0.000512571 0.000135845 3.19549e-05 6.44975e-06 1.05597e-06 1.32981e-07
 1.59414e-11 1.73028e-09 1.10738e-07 4.17891e-06 9.29859e-05 0.00122002 0.0094394 0.0430843 0.11624 0.187244 0.188938 0.143318 0.112603 0.0898241 0.057132 0.0293322 0.0136294 0.00548533 0.00178109 0.000485265 0.000116281 2.44266e-05 4.44892e-06 6.87901e-07 8.62625e-08
 1.55501e-11 1.68781e-09 1.0802e-07 4.07633e-06 9.07034e-05 0.00119007 0.00920782 0.0420297 0.113429 0.182985 0.185907 0.144314 0.117256 0.094609 0.0592108 0.0291512 0.0130015 0.00522013 0.00175385 0.000495446 0.000118056 2.33281e-05 3.84071e-06 5.29797e-07 6.02942e-08
 1.57313e-11 1.70748e-09 1.09279e-07 4.12383e-06 9.17605e-05 0.00120394 0.00931509 0.0425186 0.114737 0.185005 0.187536 0.144474 0.116057 0.0930627 0.0580669 0.0284325 0.0125066 0.00487809 0.00156475 0.000423137 9.96672e-05 1.99291e-05 3.26477e-06 4.28266e-07 4.44901e-08
 1.64194e-11 1.78217e-09 1.14059e-07 4.30422e-06 9.57744e-05 0.0012566 0.00972242 0.0443752 0.119712 0.192741 0.19403 0.145929 0.112746 0.0878188 0.0529112 0.024126 0.00964419 0.00349319 0.00105658 0.000267196 5.85439e-05 1.10135e-05 1.74202e-06 2.25671e-07 2.30568e-08
 1.55884e-11 1.69198e-09 1.08286e-07 4.08639e-06 9.09273e-05 0.00119301 0.00923057 0.042134 0.113716 0.183501 0.186672 0.14551 0.118805 0.0955909 0.0587413 0.0275996 0.0114253 0.00418117 0.00123381 0.000296155 6.08863e-05 1.07113e-05 1.5804e-06 1.9244e-07 1.88426e-08
 1.3887e-11 1.5073e-09 9.64672e-08 3.64037e-06 8.10031e-05 0.00106281 0.00822354 0.0375459 0.101451 0.164661 0.171978 0.145668 0.13274 0.112453 0.0700957 0.0331496 0.0138182 0.00509608 0.00151713 0.000365795 7.41295e-05 1.25025e-05 1.72998e-06 1.95731e-07 1.78262e-08
 1.41839e-11 1.53953e-09 9.85294e-08 3.7182e-06 8.27347e-05 0.00108553 0.00839918 0.0383447 0.103567 0.167747 0.173587 0.143011 0.1263 0.106851 0.0692284 0.0358813 0.0166875 0.00658103 0.00202224 0.000498008 0.000102698 1.74881e-05 2.40337e-06 2.63472e-07 2.27037e-08
 1.5391e-11 1.67054e-09 1.06915e-07 4.03462e-06 8.97755e-05 0.0011779 0.00911368 0.0416011 0.112287 0.181262 0.184718 0.144839 0.119352 0.0967677 0.0601876 0.0290713 0.0125836 0.00487241 0.00155555 0.000409774 8.96296e-05 1.58144e-05 2.21681e-06 2.45242e-07 2.10231e-08
 1.58764e-11 1.72323e-09 1.10287e-07 4.16188e-06 9.26071e-05 0.00121505 0.00940103 0.0429109 0.115796 0.186719 0.189298 0.145864 0.117022 0.0930993 0.0566129 0.0260838 0.0105467 0.00382858 0.00114616 0.000284753 6.11829e-05 1.11533e-05 1.65126e-06 1.91426e-07 1.68929e-08
 1.53664e-11 1.66787e-09 1.06744e-07 4.02818e-06 8.96321e-05 0.00117602 0.00909917 0.0415358 0.112122 0.181096 0.18501 0.146235 0.1217 0.0985137 0.059944 0.0273502 0.0108563 0.00384298 0.00110511 0.000257541 5.12284e-05 8.72748e-06 1.24634e-06 1.45493e-07 1.33267e-08
 1.54865e-11 1.68091e-09 1.07578e-07 4.05965e-06 9.03324e-05 0.00118521 0.00917026 0.0418602 0.112998 0.182508 0.186437 0.147298 0.122357 0.0984246 0.0587156 0.0254722 0.00934373 0.00308223 0.000833825 0.000180277 3.28333e-05 5.10996e-06 6.66551e-07 7.18724e-08 6.26628e-09
 1.58779e-11 1.7234e-09 1.10297e-07 4.16227e-06 9.26158e-05 0.00121516 0.0094019 0.0429147 0.115804 0.186709 0.189184 0.145518 0.116498 0.0928088 0.0569006 0.0267027 0.0109708 0.00391068 0.00108441 0.000232763 4.11489e-05 6.0796e-06 7.36576e-07 7.27098e-08 5.7899e-09
 1.60912e-11 1.74654e-09 1.11778e-07 4.21817e-06 9.38596e-05 0.00123148 0.00952814 0.0434903 0.11735 0.189142 0.191367 0.146433 0.116165 0.0915865 0.0549702 0.0245935 0.00951392 0.00331518 0.000948775 0.000218365 4.13067e-05 6.28838e-06 7.53428e-07 7.12262e-08 5.30192e-09
 1.58232e-11 1.71746e-09 1.09917e-07 4.14792e-06 9.22966e-05 0.00121098 0.00936955 0.042768 0.115422 0.186208 0.189207 0.146886 0.119017 0.0947006 0.0566285 0.0249094 0.00934746 0.00314139 0.000859384 0.000187638 3.44839e-05 5.35619e-06 6.75594e-07 6.67519e-08 5.02442e-09
 1.62404e-11 1.76274e-09 1.12815e-07 4.2573e-06 9.47304e-05 0.00124291 0.0096165 0.0438928 0.118425 0.190786 0.192611 0.146297 0.114764 0.0900183 0.0540967 0.0243408 0.00944879 0.00324473 0.000887999 0.000190326 3.37465e-05 5.0093e-06 6.09351e-07 5.98699e-08 4.62883e-09
 1.58881e-11 1.7245e-09 1.10368e-07 4.16493e-06 9.2675e-05 0.00121594 0.00940795 0.042943 0.115889 0.186924 0.189758 0.146853 0.118444 0.0940258 0.0561977 0.0247284 0.00929289 0.00313356 0.000861666 0.000188321 3.39801e-05 5.03902e-06 5.98831e-07 5.66422e-08 4.22355e-09
 1.62294e-11 1.76154e-09 1.12739e-07 4.2544e-06 9.46658e-05 0.00124206 0.00960997 0.0438634 0.118351 0.190715 0.192759 0.14697 0.115877 0.0908032 0.0538772 0.0234237 0.00862491 0.00283827 0.000756246 0.000158353 2.74974e-05 4.01792e-06 4.79051e-07 4.53912e-08 3.33982e-09
 1.59713e-11 1.73353e-09 1.10946e-07 4.18674e-06 9.31603e-05 0.00122231 0.00945719 0.0431673 0.116489 0.187845 0.190475 0.146843 0.117763 0.093215 0.0556763 0.0244894 0.00917576 0.00306 0.000819688 0.000171334 2.93734e-05 4.17861e-06 4.81767e-07 4.44988e-08 3.24093e-09
 1.64733e-11 1.78802e-09 1.14433e-07 4.31834e-06 9.60885e-05 0.00126073 0.00975432 0.0445209 0.120105 0.193381 0.1947 0.146492 0.113185 0.0879247 0.0524413 0.0232685 0.00885262 0.00299398 0.000811992 0.000172256 2.99631e-05 4.29204e-06 4.92322e-07 4.46476e-08 3.16398e-09
#obs surv len freq
 1.16215e-11 1.26141e-09 8.07299e-08 3.0465e-06 6.77888e-05 0.000889442 0.00688248 0.031431 0.0850247 0.138686 0.14769 0.131747 0.128724 0.120008 0.0916204 0.0598905 0.0338659 0.0156262 0.00573943 0.00166398 0.000370568 6.11952e-05 7.24809e-06 5.96783e-07 3.32105e-08
 8.32661e-12 9.03775e-10 5.78415e-08 2.18277e-06 4.857e-05 0.000637305 0.00493251 0.0225493 0.0613022 0.102307 0.119162 0.130486 0.151717 0.149312 0.114614 0.0742337 0.0412167 0.0185593 0.00661203 0.00184541 0.000392507 6.14291e-05 6.84602e-06 5.27087e-07 2.72869e-08
 1.84621e-11 2.00388e-09 1.28248e-07 4.83969e-06 0.000107689 0.00141292 0.0109313 0.0498796 0.134366 0.214682 0.208007 0.134694 0.07847 0.0564798 0.0452 0.0331101 0.0196308 0.00889662 0.00309664 0.000832503 0.000169068 2.50819e-05 2.63224e-06 1.89736e-07 9.1513e-09
 8.42357e-12 9.14299e-10 5.85151e-08 2.20819e-06 4.91363e-05 0.000644771 0.00499152 0.022844 0.0624009 0.106192 0.131496 0.157339 0.184328 0.162485 0.0968094 0.0427489 0.0172988 0.00701754 0.00250405 0.000689494 0.000138195 1.96737e-05 1.95128e-06 1.31843e-07 5.93013e-09
 1.41067e-11 1.53115e-09 9.79933e-08 3.69797e-06 8.22847e-05 0.00107963 0.0083537 0.0381375 0.102976 0.166283 0.168704 0.128796 0.103988 0.0960892 0.0833345 0.0586128 0.0298268 0.0104471 0.00264185 0.000538266 9.25739e-05 1.24675e-05 1.19547e-06 7.72722e-08 3.27831e-09
 1.19565e-11 1.29777e-09 8.30572e-08 3.13433e-06 6.97439e-05 0.000915135 0.00708258 0.0323689 0.0878195 0.144802 0.159237 0.14892 0.143186 0.120433 0.0780447 0.0426477 0.0215207 0.00923105 0.00295153 0.00065531 9.98356e-05 1.07157e-05 8.34539e-07 4.68586e-08 1.81894e-09
 1.64801e-11 1.78876e-09 1.1448e-07 4.32014e-06 9.6129e-05 0.00126128 0.00975933 0.0445554 0.120297 0.194061 0.195427 0.143424 0.103059 0.078939 0.0547753 0.0319864 0.0149961 0.00542412 0.0015318 0.000339653 5.60144e-05 6.40012e-06 4.85925e-07 2.42338e-08 7.96372e-10
 1.34557e-11 1.46049e-09 9.34715e-08 3.52734e-06 7.84892e-05 0.00102989 0.00797084 0.0364283 0.0987999 0.162445 0.175808 0.155956 0.138648 0.108786 0.0649159 0.0307397 0.0125686 0.00435057 0.00118699 0.000243457 3.65902e-05 3.93964e-06 2.94551e-07 1.47348e-08 4.77632e-10
 1.4249e-11 1.54659e-09 9.89819e-08 3.73528e-06 8.3116e-05 0.00109059 0.00844016 0.0385627 0.10445 0.170675 0.180172 0.149856 0.12523 0.100017 0.0659449 0.035038 0.0146108 0.00455539 0.00105637 0.000186759 2.51023e-05 2.46457e-06 1.68967e-07 7.8236e-09 2.38693e-10
 1.42293e-11 1.54445e-09 9.88449e-08 3.73012e-06 8.30015e-05 0.00108911 0.00842924 0.0385225 0.104436 0.17119 0.182355 0.153924 0.128451 0.0992546 0.0620729 0.0315751 0.0131468 0.0042514 0.00101687 0.000175301 2.14397e-05 1.84179e-06 1.10151e-07 4.51422e-09 1.23828e-10
 1.28514e-11 1.39489e-09 8.92732e-08 3.36892e-06 7.49652e-05 0.000983704 0.00761487 0.034826 0.0946816 0.15685 0.172948 0.157193 0.140573 0.11118 0.0693345 0.0345329 0.0137974 0.00424476 0.000975431 0.000164581 1.98536e-05 1.65696e-06 9.31683e-08 3.46895e-09 8.45508e-11
 1.4127e-11 1.53335e-09 9.81344e-08 3.70332e-06 8.24058e-05 0.00108132 0.00836982 0.0382634 0.103837 0.170651 0.182614 0.15423 0.127571 0.0988449 0.0633785 0.0327587 0.0132583 0.00401064 0.000886767 0.00014215 1.62461e-05 1.29031e-06 6.9377e-08 2.46711e-09 5.68927e-11
 1.35908e-11 1.47515e-09 9.44098e-08 3.56277e-06 7.92794e-05 0.00104035 0.00805402 0.0368429 0.10021 0.165995 0.181832 0.160398 0.13598 0.102427 0.0615421 0.0297039 0.0115419 0.00345275 0.000761851 0.000120479 1.33153e-05 1.00544e-06 5.08995e-08 1.69867e-09 3.67775e-11
 1.13699e-11 1.23409e-09 7.89823e-08 2.9806e-06 6.63268e-05 0.000870472 0.00674175 0.0308883 0.0844992 0.142822 0.166092 0.164024 0.153657 0.121393 0.0746202 0.0360355 0.0135432 0.00382081 0.000791859 0.000118955 1.26458e-05 9.22024e-07 4.48336e-08 1.42327e-09 2.90344e-11
 9.19538e-12 9.98074e-10 6.38771e-08 2.4106e-06 5.36448e-05 0.000704139 0.00545647 0.0250485 0.0689994 0.119329 0.147605 0.161249 0.164959 0.139978 0.0930622 0.0481803 0.0187969 0.00532564 0.00107847 0.000154687 1.54692e-05 1.05648e-06 4.82547e-08 1.4452e-09 2.78739e-11
 1.21903e-11 1.32315e-09 8.46818e-08 3.19569e-06 7.11132e-05 0.000933277 0.00722748 0.0330956 0.0902918 0.150808 0.168319 0.153141 0.136313 0.11326 0.0788665 0.0433232 0.0178037 0.00526814 0.00109916 0.000158838 1.55928e-05 1.0217e-06 4.40338e-08 1.23211e-09 2.21076e-11
 1.17555e-11 1.27595e-09 8.16615e-08 3.08175e-06 6.85803e-05 0.00090016 0.00697429 0.0319875 0.0877367 0.149006 0.173449 0.167199 0.148815 0.112702 0.0685661 0.0339991 0.0135099 0.00406312 0.000876462 0.000130393 1.30025e-05 8.51136e-07 3.60064e-08 9.72329e-10 1.65926e-11
 1.24814e-11 1.35475e-09 8.67044e-08 3.27206e-06 7.28158e-05 0.000955753 0.00740475 0.0339531 0.0930048 0.15705 0.179334 0.166358 0.143322 0.107803 0.0651407 0.0307948 0.0111193 0.00299726 0.000593695 8.42482e-05 8.24488e-06 5.3605e-07 2.25133e-08 5.99341e-10 9.98587e-12
 1.16931e-11 1.26918e-09 8.12287e-08 3.06547e-06 6.82215e-05 0.000895588 0.00694208 0.0318822 0.0877636 0.150323 0.177482 0.172478 0.151706 0.112048 0.0652447 0.0296696 0.0103032 0.00263684 0.000484501 6.26932e-05 5.59607e-06 3.36594e-07 1.33163e-08 3.38802e-10 5.43998e-12
 1.20712e-11 1.31022e-09 8.3855e-08 3.16459e-06 7.04285e-05 0.000924589 0.00716728 0.0329172 0.0905719 0.154673 0.180559 0.171395 0.147781 0.108977 0.0637828 0.028722 0.00964856 0.00234786 0.00040595 4.89897e-05 4.03761e-06 2.22264e-07 8.01481e-09 1.86237e-10 2.74916e-12
 1.28839e-11 1.39844e-09 8.95014e-08 3.3777e-06 7.51722e-05 0.000986895 0.00765063 0.0351368 0.0966224 0.16442 0.189243 0.173408 0.142215 0.099874 0.0559565 0.0242833 0.00791083 0.00186564 0.00030973 3.5409e-05 2.73056e-06 1.39333e-07 4.62545e-09 9.84379e-11 1.32613e-12
 1.20783e-11 1.311e-09 8.39058e-08 3.16661e-06 7.04797e-05 0.000925503 0.00717962 0.0330399 0.0913784 0.15787 0.187712 0.179537 0.150242 0.103893 0.055996 0.0231181 0.00714804 0.0016032 0.000253643 2.76183e-05 2.0205e-06 9.71657e-08 3.01686e-09 5.96215e-11 7.415e-13
 1.27606e-11 1.38506e-09 8.8646e-08 3.34552e-06 7.44623e-05 0.000977802 0.00758486 0.0348905 0.0963156 0.165224 0.192465 0.177422 0.143836 0.0985195 0.0530561 0.0215987 0.00643927 0.00136789 0.000203047 2.0684e-05 1.41619e-06 6.37911e-08 1.85477e-09 3.4271e-11 3.97418e-13
 1.20379e-11 1.30662e-09 8.36268e-08 3.15622e-06 7.02567e-05 0.000922866 0.00716507 0.0330407 0.0918136 0.160083 0.192518 0.184094 0.150613 0.100458 0.0518072 0.0202159 0.00581488 0.00119257 0.000169548 1.63426e-05 1.04747e-06 4.38743e-08 1.18277e-09 2.02503e-11 2.17664e-13
 1.21961e-11 1.32379e-09 8.47268e-08 3.19779e-06 7.11855e-05 0.000935171 0.00726233 0.0335038 0.0931482 0.162331 0.194307 0.183787 0.148904 0.0990426 0.0507907 0.019378 0.00534412 0.00103846 0.000139362 1.2674e-05 7.65354e-07 3.00926e-08 7.5765e-10 1.20541e-11 1.19927e-13
 1.08008e-11 1.17236e-09 7.50367e-08 2.8323e-06 6.30635e-05 0.000828983 0.00644853 0.029884 0.0840631 0.150618 0.189985 0.191248 0.160378 0.106511 0.0535546 0.0199268 0.00534445 0.00100364 0.00012884 1.10878e-05 6.285e-07 2.30894e-08 5.41939e-10 8.02675e-12 7.42356e-14
 1.08865e-11 1.18167e-09 7.56335e-08 2.8549e-06 6.35706e-05 0.000835748 0.00650243 0.0301392 0.0847442 0.151389 0.189398 0.18886 0.158821 0.107371 0.054935 0.0204539 0.00537863 0.000975959 0.000120022 9.83601e-06 5.2793e-07 1.82568e-08 4.01137e-10 5.53641e-12 4.75572e-14
 1.12621e-11 1.22244e-09 7.82448e-08 2.9536e-06 6.57748e-05 0.000864918 0.00673248 0.0312316 0.0879108 0.157002 0.195024 0.190358 0.154878 0.101262 0.0504617 0.0184544 0.00478651 0.000853919 0.000102285 8.07074e-06 4.12801e-07 1.34995e-08 2.7896e-10 3.60633e-12 2.89193e-14
#pred catch len freq
 9.09812e-12 9.87514e-10 6.32008e-08 2.385e-06 5.30697e-05 0.000696321 0.00538838 0.0246146 0.0666904 0.109696 0.121388 0.12035 0.130563 0.124379 0.0927933 0.0624777 0.0422713 0.0283564 0.0193444 0.0138722 0.0106919 0.00898924 0.00781255 0.00603946 0.00353085
 7.0584e-12 7.66121e-10 4.90317e-08 1.85031e-06 4.11723e-05 0.000540239 0.00418141 0.019121 0.0520794 0.0878615 0.107362 0.130644 0.164026 0.160851 0.115051 0.0696408 0.0400175 0.0212572 0.0108792 0.00594598 0.00364855 0.00255855 0.00197989 0.00146047 0.000851453
 1.02922e-11 1.11712e-09 7.14953e-08 2.69801e-06 6.00345e-05 0.000787701 0.00609531 0.0278395 0.0753655 0.123467 0.134334 0.127777 0.134024 0.127981 0.0983837 0.0671037 0.0409698 0.0205456 0.00870227 0.00348196 0.00146562 0.000725228 0.000440311 0.000287383 0.000160258
 1.0705e-11 1.16193e-09 7.43632e-08 2.80624e-06 6.24427e-05 0.000819304 0.00634003 0.0289611 0.0784562 0.128964 0.142295 0.139852 0.149189 0.136505 0.0912853 0.0496767 0.0258678 0.0127735 0.00564189 0.0021763 0.000735708 0.000239964 9.12425e-05 4.37909e-05 2.13982e-05
 8.47164e-12 9.19515e-10 5.88489e-08 2.22078e-06 4.94157e-05 0.000648394 0.00501814 0.0229382 0.0623518 0.104196 0.122832 0.139613 0.166996 0.159038 0.108078 0.0591069 0.02946 0.0127564 0.00466376 0.0015624 0.000495431 0.000142019 3.73692e-05 1.05928e-05 3.59664e-06
 1.00316e-11 1.08883e-09 6.96852e-08 2.62971e-06 5.85146e-05 0.000767764 0.00594124 0.0271403 0.0735351 0.120969 0.133928 0.132918 0.144197 0.1368 0.100165 0.0630544 0.0356253 0.0163851 0.00599582 0.00185561 0.00050467 0.000123091 2.73392e-05 5.57577e-06 1.13404e-06
 1.10949e-11 1.20424e-09 7.70713e-08 2.90843e-06 6.47167e-05 0.000849136 0.00657074 0.0300118 0.0812581 0.133213 0.145344 0.138956 0.144769 0.132144 0.0898144 0.0503732 0.026526 0.0125947 0.00511572 0.00175644 0.000495302 0.000113874 2.19103e-05 3.63353e-06 5.33561e-07
 1.19044e-11 1.29211e-09 8.26948e-08 3.12065e-06 6.94386e-05 0.000911087 0.00704995 0.0321964 0.0871166 0.142362 0.153215 0.14132 0.141972 0.127089 0.084374 0.0451649 0.022214 0.00969053 0.00360121 0.00119183 0.000351918 8.75603e-05 1.74508e-05 2.73329e-06 3.4047e-07
 1.09075e-11 1.18391e-09 7.577e-08 2.85933e-06 6.3624e-05 0.000834804 0.00646001 0.0295099 0.0799524 0.131501 0.145445 0.143732 0.15372 0.13952 0.0904604 0.0455525 0.0207539 0.00845001 0.00288953 0.000857214 0.000227899 5.36852e-05 1.08419e-05 1.77544e-06 2.23604e-07
 1.16592e-11 1.26549e-09 8.09911e-08 3.05636e-06 6.80081e-05 0.00089232 0.0069048 0.0315353 0.0853508 0.139663 0.151176 0.141574 0.144406 0.130069 0.0865547 0.0462491 0.0223118 0.00916599 0.00300366 0.000822766 0.000197811 4.16213e-05 7.58595e-06 1.17328e-06 1.47145e-07
 1.14537e-11 1.24319e-09 7.95641e-08 3.00251e-06 6.68099e-05 0.000876601 0.00678327 0.0309825 0.0838862 0.13752 0.150027 0.14331 0.148683 0.133742 0.086999 0.0443344 0.0204899 0.00840081 0.00284863 0.000808557 0.000193174 3.82208e-05 6.29645e-06 8.68791e-07 9.88858e-08
 1.21378e-11 1.31744e-09 8.43162e-08 3.18184e-06 7.08002e-05 0.000928952 0.00718818 0.0328276 0.0888232 0.145141 0.156151 0.143845 0.144019 0.127687 0.0824188 0.0414682 0.0187503 0.0074333 0.00240148 0.000651874 0.000153885 3.08033e-05 5.04848e-06 6.62378e-07 6.88166e-08
 1.25052e-11 1.35732e-09 8.68686e-08 3.27815e-06 7.29433e-05 0.000957071 0.00740572 0.03382 0.0914933 0.149382 0.160145 0.146074 0.144474 0.126398 0.0791349 0.0372037 0.0154085 0.00571534 0.00174731 0.000444266 9.76501e-05 1.83998e-05 2.91239e-06 3.77401e-07 3.85638e-08
 1.1815e-11 1.2824e-09 8.20737e-08 3.09721e-06 6.89171e-05 0.000904248 0.00699715 0.0319581 0.0865099 0.141678 0.153895 0.145345 0.148931 0.132494 0.0841925 0.0406742 0.0173624 0.0064782 0.00192803 0.00046487 9.58469e-05 1.68877e-05 2.49344e-06 3.03711e-07 2.97414e-08
 9.93994e-12 1.07889e-09 6.90485e-08 2.60568e-06 5.79802e-05 0.00076076 0.00588735 0.0269016 0.0729912 0.120899 0.137621 0.1453 0.163954 0.150852 0.0967911 0.0470925 0.020275 0.00763109 0.00229227 0.000555296 0.000112866 1.90661e-05 2.64019e-06 2.98819e-07 2.72193e-08
 1.05306e-11 1.14299e-09 7.31514e-08 2.76051e-06 6.14252e-05 0.000805955 0.00623682 0.0284918 0.0772145 0.127161 0.141405 0.141616 0.153584 0.141324 0.0943815 0.0502679 0.0239813 0.00958832 0.0029639 0.000732424 0.000151385 2.58109e-05 3.54925e-06 3.89196e-07 3.35419e-08
 1.18158e-11 1.2825e-09 8.20796e-08 3.09743e-06 6.89221e-05 0.000904313 0.00699763 0.0319597 0.086507 0.141614 0.153555 0.144383 0.147429 0.131385 0.0843402 0.0418031 0.0185927 0.00731848 0.00235328 0.000622177 0.000136371 2.40867e-05 3.37808e-06 3.73805e-07 3.20478e-08
 1.23122e-11 1.33637e-09 8.55273e-08 3.22754e-06 7.1817e-05 0.000942294 0.00729143 0.0332992 0.0901002 0.147235 0.158436 0.145977 0.145886 0.128218 0.0805162 0.0380335 0.0158184 0.0058499 0.00176581 0.000440539 9.48929e-05 1.73204e-05 2.56573e-06 2.97509e-07 2.62573e-08
 1.23093e-11 1.33606e-09 8.55078e-08 3.2268e-06 7.18007e-05 0.00094208 0.00728978 0.033292 0.0900853 0.147247 0.158614 0.146537 0.146771 0.128855 0.0803853 0.0373354 0.0151213 0.00542563 0.00156959 0.000366865 7.31079e-05 1.24673e-05 1.78122e-06 2.07974e-07 1.90514e-08
 1.18357e-11 1.28465e-09 8.22173e-08 3.10263e-06 6.90378e-05 0.000905833 0.00700947 0.0320157 0.0866849 0.142117 0.15507 0.148088 0.152956 0.135104 0.0829644 0.0368093 0.0138986 0.00468596 0.00128054 0.000278199 5.08223e-05 7.92363e-06 1.03444e-06 1.11582e-07 9.73e-09
 1.24469e-11 1.35099e-09 8.6463e-08 3.26285e-06 7.26027e-05 0.000952602 0.00737114 0.0336621 0.0910667 0.14869 0.159424 0.145486 0.14408 0.126513 0.0800484 0.0384736 0.0162166 0.00587409 0.00164015 0.000353312 6.26178e-05 9.26589e-06 1.12347e-06 1.10942e-07 8.8358e-09
 1.279e-11 1.38823e-09 8.88468e-08 3.3528e-06 7.46044e-05 0.000978864 0.00757429 0.0345885 0.0935542 0.1526 0.162913 0.146899 0.143452 0.124489 0.0769777 0.0351742 0.0139476 0.00494484 0.00142618 0.00032946 6.24594e-05 9.52005e-06 1.1413e-06 1.07927e-07 8.03509e-09
 1.24027e-11 1.3462e-09 8.61565e-08 3.25128e-06 7.23455e-05 0.000949228 0.00734509 0.0335446 0.090768 0.148357 0.159784 0.147529 0.147538 0.128968 0.0793891 0.0356682 0.0137361 0.004704 0.00129793 0.000284563 5.2434e-05 8.15653e-06 1.02953e-06 1.01754e-07 7.66014e-09
 1.29041e-11 1.40061e-09 8.96392e-08 3.38271e-06 7.52697e-05 0.000987592 0.0076418 0.034896 0.0943748 0.15385 0.163835 0.146715 0.142265 0.123237 0.0763997 0.0351422 0.0139913 0.00488855 0.00134817 0.000290048 5.15573e-05 7.66465e-06 9.33047e-07 9.1705e-08 7.09129e-09
 1.27257e-11 1.38125e-09 8.83999e-08 3.33594e-06 7.42292e-05 0.000973941 0.00753623 0.0344154 0.0930959 0.151933 0.162569 0.147488 0.144874 0.125746 0.077219 0.0346146 0.0133014 0.00455843 0.00126271 0.000276929 5.00751e-05 7.43489e-06 8.84083e-07 8.36478e-08 6.23813e-09
 1.29206e-11 1.4024e-09 8.97537e-08 3.38703e-06 7.53659e-05 0.000988855 0.00765159 0.0349412 0.0945032 0.15411 0.164345 0.147725 0.143671 0.124091 0.0758474 0.033652 0.0127034 0.00425854 0.00114433 0.000240577 4.18837e-05 6.12957e-06 7.31375e-07 6.93234e-08 5.10153e-09
 1.26271e-11 1.37055e-09 8.77152e-08 3.3101e-06 7.36542e-05 0.000966398 0.00747789 0.0341496 0.0923853 0.15084 0.161715 0.14749 0.145677 0.126743 0.0779342 0.0349937 0.0134427 0.00456465 0.00123276 0.000258678 4.44604e-05 6.33465e-06 7.30909e-07 6.75358e-08 4.91964e-09
 1.15657e-11 1.25535e-09 8.03422e-08 3.03187e-06 6.74633e-05 0.000885175 0.00684967 0.0312869 0.0847267 0.139028 0.152263 0.146804 0.153179 0.136487 0.0853858 0.0395909 0.0159114 0.00559161 0.00154309 0.000330303 5.78126e-05 8.3129e-06 9.55358e-07 8.67192e-08 6.14821e-09
#obs catch len freq
 9.77736e-12 1.06124e-09 6.79193e-08 2.56307e-06 5.7032e-05 0.000748316 0.00579091 0.0264567 0.0717108 0.118089 0.13086 0.129289 0.139702 0.13557 0.10503 0.069372 0.0395654 0.0184017 0.00682077 0.0019987 0.000450503 7.5387e-05 9.05577e-06 7.56554e-07 4.27242e-08
 9.99055e-12 1.08438e-09 6.94003e-08 2.61896e-06 5.82756e-05 0.000764638 0.00591733 0.0270361 0.0732979 0.120767 0.133817 0.1314 0.140029 0.134191 0.102919 0.0670735 0.0374887 0.0169897 0.00609735 0.00171618 0.000368494 5.8278e-05 6.56839e-06 5.11681e-07 2.68077e-08
 7.07577e-12 7.68009e-10 4.91525e-08 1.85487e-06 4.12742e-05 0.000541594 0.00419247 0.0191816 0.0523385 0.0887394 0.109075 0.131108 0.160995 0.160184 0.122941 0.0792102 0.043396 0.0191627 0.00665996 0.0018016 0.00036885 5.52e-05 5.84613e-06 4.25372e-07 2.07131e-08
 1.74934e-11 1.89875e-09 1.2152e-07 4.58577e-06 0.000102039 0.0013388 0.0103581 0.047269 0.127394 0.203977 0.19947 0.133737 0.0842728 0.0646881 0.0526043 0.0382352 0.0222678 0.00986956 0.00334501 0.000870167 0.000169835 2.40571e-05 2.39607e-06 1.63039e-07 7.3897e-09
 7.46595e-12 8.10359e-10 5.1863e-08 1.95716e-06 4.3551e-05 0.000571509 0.00442535 0.020273 0.0556153 0.0962691 0.125349 0.160664 0.193681 0.170284 0.100565 0.0441559 0.0177633 0.00708553 0.00245681 0.000652331 0.000125341 1.70091e-05 1.59899e-06 1.01879e-07 4.30229e-09
 1.31767e-11 1.43021e-09 9.15331e-08 3.45418e-06 7.68604e-05 0.00100847 0.00780351 0.0356338 0.0963085 0.15615 0.16095 0.128635 0.110434 0.104793 0.0906535 0.0626376 0.0310836 0.0106027 0.00261221 0.000516487 8.534e-05 1.09374e-05 9.91918e-07 6.0372e-08 2.40262e-09
 1.11804e-11 1.21353e-09 7.76657e-08 2.93088e-06 6.52172e-05 0.00085576 0.00662378 0.0302862 0.0823257 0.136762 0.154143 0.15117 0.150167 0.126715 0.081721 0.0443782 0.0220473 0.00919668 0.00283695 0.000605135 8.8318e-05 9.04357e-06 6.67509e-07 3.52725e-08 1.28201e-09
 1.5874e-11 1.72297e-09 1.1027e-07 4.16125e-06 9.25938e-05 0.00121491 0.00940098 0.0429277 0.115992 0.18769 0.191122 0.144609 0.10821 0.0842622 0.0582638 0.0335436 0.0153855 0.00542332 0.00148578 0.000316942 4.98696e-05 5.40735e-06 3.88203e-07 1.82413e-08 5.62401e-10
 1.29199e-11 1.40233e-09 8.9749e-08 3.38687e-06 7.53639e-05 0.000988908 0.00765439 0.0349956 0.0950551 0.157144 0.172991 0.158494 0.143957 0.112744 0.0666305 0.0311763 0.0125117 0.00421447 0.00111122 0.000218951 3.14234e-05 3.2107e-06 2.2651e-07 1.06465e-08 3.23306e-10
 1.3811e-11 1.49906e-09 9.59397e-08 3.62049e-06 8.05621e-05 0.0010571 0.00818163 0.0373929 0.101396 0.166365 0.177881 0.151877 0.129589 0.103522 0.0675599 0.0352626 0.0143338 0.00433666 0.000972496 0.000165306 2.12043e-05 1.97363e-06 1.27597e-07 5.54684e-09 1.583e-10
 1.3888e-11 1.50742e-09 9.64745e-08 3.64067e-06 8.10117e-05 0.00106302 0.00822807 0.0376151 0.102094 0.168012 0.181045 0.156102 0.132033 0.10161 0.062833 0.031429 0.0127626 0.00399678 0.000920614 0.000152036 1.77232e-05 1.44383e-06 8.14503e-08 3.13276e-09 8.03224e-11
 1.25851e-11 1.366e-09 8.74239e-08 3.29914e-06 7.3413e-05 0.000963367 0.00745829 0.0341238 0.0929034 0.154606 0.172528 0.159647 0.143661 0.112684 0.0693289 0.0338833 0.0131841 0.00392605 0.000868554 0.000140213 1.60856e-05 1.27035e-06 6.73104e-08 2.35269e-09 5.36386e-11
 1.39411e-11 1.51318e-09 9.68434e-08 3.6546e-06 8.13225e-05 0.00106713 0.00826076 0.0377768 0.102625 0.169216 0.18264 0.156342 0.129956 0.0998662 0.0631054 0.031926 0.0125519 0.0036682 0.00077967 0.000119455 1.29721e-05 9.73834e-07 4.92713e-08 1.64267e-09 3.54074e-11
 1.34616e-11 1.46113e-09 9.35124e-08 3.52891e-06 7.85267e-05 0.0010305 0.00797874 0.0365124 0.0994319 0.165292 0.182567 0.162683 0.137796 0.102565 0.0606641 0.0286743 0.0108258 0.0031251 0.000661476 9.9769e-05 1.04609e-05 7.45857e-07 3.55018e-08 1.10985e-09 2.24388e-11
 1.12935e-11 1.2258e-09 7.84518e-08 2.9606e-06 6.58827e-05 0.000864689 0.00669811 0.0307052 0.0841393 0.142859 0.16763 0.166704 0.15524 0.120896 0.0730108 0.0344359 0.012549 0.00341344 0.000678399 9.71266e-05 9.78196e-06 6.72368e-07 3.06992e-08 9.12094e-10 1.73653e-11
 9.18635e-12 9.97095e-10 6.38146e-08 2.40825e-06 5.35939e-05 0.000703523 0.00545299 0.0250507 0.0691491 0.120204 0.149932 0.164285 0.166511 0.139157 0.0907396 0.0457468 0.0172596 0.0047045 0.000911853 0.000124482 1.17839e-05 7.58132e-07 3.24836e-08 9.09454e-10 1.63523e-11
 1.22205e-11 1.32642e-09 8.48914e-08 3.20362e-06 7.12905e-05 0.000935648 0.00724685 0.0331981 0.0906772 0.151891 0.170423 0.155567 0.137549 0.112628 0.0768274 0.0410236 0.0162752 0.00462322 0.000920912 0.000126369 1.17235e-05 7.22885e-07 2.92081e-08 7.63642e-10 1.27669e-11
 1.18334e-11 1.2844e-09 8.22026e-08 3.10219e-06 6.90366e-05 0.000906207 0.00702248 0.0322259 0.0885161 0.150796 0.176245 0.16958 0.148977 0.110859 0.0661577 0.0319813 0.0122801 0.00354088 0.000727503 0.000102522 9.63998e-06 5.92754e-07 2.34783e-08 5.91964e-10 9.40915e-12
 1.25907e-11 1.36661e-09 8.74635e-08 3.30073e-06 7.34553e-05 0.000964206 0.00747158 0.0342762 0.0940055 0.159145 0.182273 0.168614 0.143271 0.105687 0.0624156 0.0286646 0.00999129 0.00258465 0.000488053 6.55634e-05 6.03931e-06 3.68047e-07 1.44448e-08 3.58503e-10 5.55779e-12
 1.18369e-11 1.28479e-09 8.22276e-08 3.10319e-06 6.9063e-05 0.00090671 0.00702989 0.0323046 0.0890512 0.152923 0.180897 0.174767 0.151174 0.109354 0.0621914 0.0274478 0.00918388 0.00225068 0.000393698 4.82144e-05 4.0507e-06 2.2823e-07 8.42613e-09 1.99508e-10 2.9753e-12
 1.22493e-11 1.32956e-09 8.5093e-08 3.21135e-06 7.14711e-05 0.000938355 0.00727559 0.0334332 0.0921058 0.157622 0.184166 0.173587 0.147034 0.106036 0.0604806 0.0263735 0.00852312 0.00198371 0.000326145 3.72087e-05 2.88416e-06 1.48674e-07 5.00211e-09 1.08122e-10 1.48115e-12
 1.3077e-11 1.4194e-09 9.08431e-08 3.42837e-06 7.63024e-05 0.00100182 0.00776802 0.0356948 0.098268 0.167512 0.192835 0.17529 0.141058 0.0967612 0.052789 0.0221669 0.00693826 0.00156244 0.000246272 2.65861e-05 1.92673e-06 9.20182e-08 2.84927e-09 5.63987e-11 7.05047e-13
 1.22957e-11 1.3346e-09 8.54167e-08 3.22368e-06 7.1753e-05 0.000942329 0.00731218 0.0336716 0.0932444 0.161361 0.191677 0.181413 0.148659 0.100291 0.0525819 0.0209875 0.00622967 0.00133288 0.000199975 2.0536e-05 1.41032e-06 6.34255e-08 1.8359e-09 3.37385e-11 3.89349e-13
 1.29991e-11 1.41094e-09 9.03031e-08 3.40812e-06 7.58588e-05 0.000996247 0.00772995 0.0355785 0.0983218 0.168879 0.19644 0.179149 0.142124 0.0948176 0.0495584 0.0194631 0.00556243 0.00112618 0.000158414 1.52079e-05 9.76626e-07 4.11027e-08 1.11324e-09 1.91149e-11 2.05593e-13
 1.22943e-11 1.33446e-09 8.54095e-08 3.22357e-06 7.17602e-05 0.00094275 0.00732187 0.0337874 0.0940024 0.164075 0.196779 0.185716 0.148442 0.0963776 0.0482241 0.0181427 0.00499616 0.000974985 0.00013117 1.19043e-05 7.15255e-07 2.79805e-08 7.02326e-10 1.11682e-11 1.11277e-13
 1.24673e-11 1.35323e-09 8.6612e-08 3.26903e-06 7.2776e-05 0.000956209 0.00742824 0.0342929 0.0954505 0.166482 0.198654 0.185377 0.146628 0.0947903 0.0470653 0.0172824 0.00455846 0.000842262 0.000106875 9.14217e-06 5.17019e-07 1.89717e-08 4.44541e-10 6.56742e-12 6.05596e-14
 1.10815e-11 1.20283e-09 7.69885e-08 2.90609e-06 6.47127e-05 0.000850847 0.00662173 0.0307146 0.0865175 0.15511 0.194736 0.192958 0.157821 0.101853 0.0495614 0.0177306 0.00454167 0.00080978 9.81774e-05 7.94118e-06 4.21325e-07 1.44378e-08 3.15205e-10 4.33278e-12 3.71242e-14
 1.11817e-11 1.21372e-09 7.76861e-08 2.93251e-06 6.53053e-05 0.000858747 0.00668453 0.0310106 0.0873044 0.156031 0.194284 0.190714 0.156339 0.102534 0.0506528 0.0180989 0.00453988 0.000781387 9.06643e-05 6.97666e-06 3.50201e-07 1.12898e-08 2.30647e-10 2.95369e-12 2.35008e-14
#spawning biomass
 12661 14188.8 14579.4 17491.7 19726.4 22189.8 27573.5 38858.6 49156.5 62610.7 80580.8 96387.3 107045 136955 137923 125219 110118 113000 120343 104118 113879 121737 127761 138714 150573 152278 165904 182422 275846 431325 456952 417076 353717 289150 233302 189149 156171 132474 115907 104553 96886.3 91759.5 88338.9 86067.3 84607 83668.2 83064.7 82676.7 82427.2 82266.9 82163.8 82097.5 82054.9 82027.5 82009.9 81998.6 81991.3 81986.7 81983.7 81981.7 81980.5 81979.7 81979.2 81978.8 81978.6 81978.5 81978.4 81978.3 81978.3 81978.3 81978.3 81978.3 81978.3 81978.2 81978.2 81978.2 81978.2 81978.2 81978.2 81978.2 81978.2 81978.2 81978.2 81978.2 81978.2 81978.2 81978.2 81978.2 81978.2 81978.2 81978.2 81978.2 81978.2 81978.2 81978.2 81978.2 81978.2 81978.2 81978.2 81978.2 81978.2 81978.2 81978.2 81978.2 81978.2 81978.2 81978.2 81978.2 81978.2 81978.2 81978.2 81978.2 81978.2 81978.2 81978.2 81978.2 81978.2 81978.2 81978.2 81978.2 81978.2 81978.2 81978.2 81978.2 81978.2 81978.2 81978.2 81978.2 0 0 0 0 0 0 0 0 0 0 0 0 0 0 0 0 0 0 0 0 0 0 0 0 0
