SBPRF35
0.013716
Curr Bio
85939.1
B35
38912.7
F35
4.37306
FOFL
4.37306
OFL
150619
Bzero
3918.85
#pred survey bio
 9659.03 7703.54 8414.66 8513.38 12381.7 16230.5 17931.4 21984 37171 57028.1 72095.8 94030.9 129240 162873 155460 135603 129248 127797 121286 119080 123139 137820 144851 162102 177656 182554 160342 134905 2.73468e+06 823745 202028 93056.3 72582.6 68091 67128.8 66926.8 66884.8 66876 66874.2 66873.8 66873.7 66873.7 66873.7 66873.7 66873.7 66873.7 66873.7 66873.7 66873.7 66873.7 66873.7 66873.7 66873.7 66873.7 66873.7 66873.7 66873.7 66873.7 66873.7 66873.7 66873.7 66873.7 66873.7 66873.7 66873.7 66873.7 66873.7 66873.7 66873.7 66873.7 66873.7 66873.7 66873.7 66873.7 66873.7 66873.7 66873.7 66873.7 66873.7 66873.7 66873.7 66873.7 66873.7 66873.7 66873.7 66873.7 66873.7 66873.7 66873.7 66873.7 66873.7 66873.7 66873.7 66873.7 66873.7 66873.7 66873.7 66873.7 66873.7 66873.7 66873.7 66873.7 66873.7 66873.7 66873.7 66873.7 66873.7 66873.7 66873.7 66873.7 66873.7 66873.7 66873.7 66873.7 66873.7 66873.7 66873.7 66873.7 66873.7 66873.7 66873.7 66873.7 66873.7 66873.7 66873.7 66873.7 66873.7 66873.7 0 0 0 0 0 0 0 0 0 0 0 0 0 0 0 0 0 0 0 0 0 0 0 0 0
#obs survey bio
 7588.26 5438.64 11411.9 8045.05 18378.6 13746.8 16214.1 21851.3 54520 57994.9 57302.7 93347.2 146851 169292 154188 110110 124169 139842 100828 109508 122526 155129 120090 164565 171370 199588 171105 155965
#pred catch bio
 5054.91 4852.06 6212.51 5484.29 6503.2 9138.42 11012.9 10845.9 17981.7 33611.4 44730.1 58651.1 76293.1 110014 107866 94281.9 90545.6 92460.4 85519.6 84838.2 76230 90685.9 94373.8 102987 111157 125276 116155 117934 150619 36141.2 5618 3717.29 3688.54 3688.37 3688.37 3688.37 3688.37 3688.37 3688.37 3688.37 3688.37 3688.37 3688.37 3688.37 3688.37 3688.37 3688.37 3688.37 3688.37 3688.37 3688.37 3688.37 3688.37 3688.37 3688.37 3688.37 3688.37 3688.37 3688.37 3688.37 3688.37 3688.37 3688.37 3688.37 3688.37 3688.37 3688.37 3688.37 3688.37 3688.37 3688.37 3688.37 3688.37 3688.37 3688.37 3688.37 3688.37 3688.37 3688.37 3688.37 3688.37 3688.37 3688.37 3688.37 3688.37 3688.37 3688.37 3688.37 3688.37 3688.37 3688.37 3688.37 3688.37 3688.37 3688.37 3688.37 3688.37 3688.37 3688.37 3688.37 3688.37 3688.37 3688.37 3688.37 3688.37 3688.37 3688.37 3688.37 3688.37 3688.37 3688.37 3688.37 3688.37 3688.37 3688.37 3688.37 3688.37 3688.37 3688.37 3688.37 3688.37 3688.37 3688.37 3688.37 3688.37 3688.37 3688.37 3688.37 0 0 0 0 0 0 0 0 0 0 0 0 0 0 0 0 0 0 0 0 0 0 0 0 0
#obs catch bio
 5466.63 4902.09 6262.03 5540.95 6429.57 9064.35 10983.2 10778.1 17799.4 33276.6 44554.8 58578.8 75861.2 109529 107301 94752.9 91296.1 92147.3 85624 85410.2 76514.6 90363.4 95485.1 103181 111647 125608 116577 118432
#pred cpue bio
 9161.4 6788.11 7408.4 7497.87 10692.6 14257.7 15891.6 19217 32081.3 49642 63192.2 81972.2 112328 142812 138413 121071 114362 112926 107405 105251 108361 121448 127904 142425 156681 161875 143289 120369 2.40002e+06 804961 201798 86170.3 64249.7 59545.2 58557.9 58353.3 58311 58302.2 58300.4 58300 58299.9 58299.9 58299.9 58299.9 58299.9 58299.9 58299.9 58299.9 58299.9 58299.9 58299.9 58299.9 58299.9 58299.9 58299.9 58299.9 58299.9 58299.9 58299.9 58299.9 58299.9 58299.9 58299.9 58299.9 58299.9 58299.9 58299.9 58299.9 58299.9 58299.9 58299.9 58299.9 58299.9 58299.9 58299.9 58299.9 58299.9 58299.9 58299.9 58299.9 58299.9 58299.9 58299.9 58299.9 58299.9 58299.9 58299.9 58299.9 58299.9 58299.9 58299.9 58299.9 58299.9 58299.9 58299.9 58299.9 58299.9 58299.9 58299.9 58299.9 58299.9 58299.9 58299.9 58299.9 58299.9 58299.9 58299.9 58299.9 58299.9 58299.9 58299.9 58299.9 58299.9 58299.9 58299.9 58299.9 58299.9 58299.9 58299.9 58299.9 58299.9 58299.9 58299.9 58299.9 58299.9 58299.9 58299.9 58299.9 0 0 0 0 0 0 0 0 0 0 0 0 0 0 0 0 0 0 0 0 0 0 0 0 0
#obs cpue bio
 7012.6 7949.46 5526.71 5988.12 16114.3 15268.1 17592.8 21652.2 30072.8 57176.4 65733.3 82443.3 115964 155978 144432 113031 96245.8 153796 101945 97808.9 97619.4 152903 79544.8 189411 132638 161857 120254 105746
#pred surv len freq
 2.1457e-27 2.1725e-27 6.50705e-27 1.48317e-21 8.821e-17 1.20611e-12 3.79144e-09 2.74008e-06 0.000455261 0.0173906 0.152726 0.308356 0.143506 0.0252786 0.0614754 0.0863654 0.0367318 0.0340576 0.0314104 0.0230811 0.0203457 0.0179056 0.0180541 0.0161894 0.00666819
 2.14924e-27 2.18295e-27 7.69451e-27 1.88611e-21 1.12174e-16 1.53378e-12 4.82147e-09 3.48449e-06 0.000578942 0.0221152 0.194217 0.392127 0.182318 0.027485 0.0497048 0.0693366 0.0257463 0.0137262 0.0106983 0.00485717 0.00284988 0.00168537 0.00123293 0.000942658 0.000376007
 2.14851e-27 2.18119e-27 7.50566e-27 1.82202e-21 1.08362e-16 1.48166e-12 4.65763e-09 3.36608e-06 0.000559269 0.0213637 0.187617 0.378802 0.176219 0.0291135 0.0636632 0.0889023 0.0312569 0.0112763 0.00769654 0.00233242 0.000785864 0.00024878 9.40729e-05 4.85803e-05 1.7274e-05
 2.14855e-27 2.18131e-27 7.5202e-27 1.82696e-21 1.08656e-16 1.48568e-12 4.67026e-09 3.37521e-06 0.000560786 0.0214216 0.188126 0.37983 0.176685 0.0288928 0.0620066 0.0866082 0.0310206 0.0130051 0.00900733 0.00223756 0.000486928 9.09634e-05 1.3524e-05 2.72183e-06 6.60435e-07
 2.15024e-27 2.18547e-27 7.96185e-27 1.97678e-21 1.17567e-16 1.60752e-12 5.05325e-09 3.652e-06 0.000606774 0.0231784 0.203554 0.410977 0.191028 0.0273579 0.0432484 0.0601649 0.0216414 0.00936782 0.0065828 0.00177104 0.000440263 7.16333e-05 6.2816e-06 4.31145e-07 3.36844e-08
 2.14861e-27 2.18143e-27 7.52956e-27 1.83012e-21 1.08844e-16 1.48825e-12 4.67834e-09 3.38105e-06 0.000561756 0.0214587 0.188451 0.380487 0.177 0.0291799 0.0635611 0.0887378 0.0309268 0.0102799 0.00681437 0.00191515 0.000521125 9.27889e-05 8.97867e-06 4.79461e-07 1.31845e-08
 2.14807e-27 2.18013e-27 7.39723e-27 1.78525e-21 1.06176e-16 1.45177e-12 4.56365e-09 3.29816e-06 0.000547985 0.0209326 0.183831 0.371159 0.172686 0.0291312 0.066075 0.0923765 0.0335178 0.0154085 0.010879 0.00272974 0.000603186 0.000106726 1.11862e-05 6.50249e-07 1.68577e-08
 2.14934e-27 2.18327e-27 7.72997e-27 1.89813e-21 1.12889e-16 1.54356e-12 4.85219e-09 3.50669e-06 0.000582632 0.0222561 0.195455 0.394626 0.183492 0.0279868 0.0520163 0.0725526 0.0264073 0.0124051 0.00890029 0.00251441 0.000678989 0.000113298 9.95307e-06 5.53938e-07 1.51908e-08
 2.15025e-27 2.18549e-27 7.96301e-27 1.97717e-21 1.1759e-16 1.60783e-12 5.05425e-09 3.65272e-06 0.000606894 0.0231829 0.203594 0.411058 0.191068 0.02743 0.0436642 0.0607343 0.021611 0.0086229 0.00601445 0.00177586 0.000523927 9.89024e-05 1.03727e-05 5.7339e-07 1.42133e-08
 2.14944e-27 2.18347e-27 7.74636e-27 1.90367e-21 1.13218e-16 1.54806e-12 4.86634e-09 3.51692e-06 0.000584331 0.0223211 0.196025 0.395777 0.184039 0.0283769 0.0540507 0.0753423 0.0263317 0.00898917 0.00598653 0.0016421 0.000436783 8.46564e-05 9.83571e-06 6.22997e-07 1.73191e-08
 2.14892e-27 2.18221e-27 7.61426e-27 1.85886e-21 1.10554e-16 1.51163e-12 4.75181e-09 3.43415e-06 0.000570579 0.0217957 0.191411 0.386462 0.179744 0.0286838 0.0587313 0.0819699 0.029087 0.0113395 0.00773942 0.00194714 0.000431584 7.4901e-05 7.81171e-06 4.98281e-07 1.51557e-08
 2.14945e-27 2.18352e-27 7.75413e-27 1.90631e-21 1.13376e-16 1.55021e-12 4.87312e-09 3.52181e-06 0.000585144 0.0223521 0.196297 0.396327 0.184283 0.0281089 0.0522485 0.0728464 0.0260593 0.010828 0.00752679 0.00197757 0.000471911 7.70135e-05 6.73254e-06 3.70648e-07 1.04231e-08
 2.14963e-27 2.18394e-27 7.79735e-27 1.92097e-21 1.14247e-16 1.56213e-12 4.91058e-09 3.54889e-06 0.000589643 0.0225239 0.197806 0.399374 0.185691 0.0280961 0.0512523 0.071417 0.0252081 0.00940528 0.00639622 0.0017224 0.0004331 7.36404e-05 6.71403e-06 3.46707e-07 8.35648e-09
 2.14886e-27 2.18205e-27 7.59611e-27 1.8527e-21 1.10187e-16 1.50662e-12 4.73607e-09 3.42277e-06 0.000568688 0.0217235 0.190777 0.385182 0.179156 0.0288062 0.0598648 0.0835558 0.0294845 0.0109717 0.00743038 0.00193194 0.000457194 7.882e-05 7.61754e-06 4.1441e-07 1.01446e-08
 2.14749e-27 2.1787e-27 7.24313e-27 1.73297e-21 1.03066e-16 1.40925e-12 4.42999e-09 3.20157e-06 0.000531936 0.0203196 0.178448 0.36029 0.167688 0.0298618 0.0738116 0.103246 0.0368708 0.0151166 0.0104459 0.00266052 0.000598847 9.83051e-05 8.86004e-06 4.77304e-07 1.21247e-08
 2.14746e-27 2.17867e-27 7.24425e-27 1.73337e-21 1.0309e-16 1.40958e-12 4.43103e-09 3.20232e-06 0.00053206 0.0203243 0.178489 0.360374 0.167711 0.0294278 0.0711365 0.0995504 0.0365863 0.0182692 0.0131538 0.00346535 0.000829868 0.000135289 1.15638e-05 5.84827e-07 1.40867e-08
 2.14832e-27 2.18075e-27 7.46482e-27 1.80819e-21 1.0754e-16 1.47042e-12 4.62229e-09 3.34054e-06 0.000555026 0.0212016 0.186194 0.375928 0.174877 0.028766 0.0624086 0.0872245 0.0319067 0.0154824 0.0111899 0.00320682 0.000889438 0.000152649 1.36758e-05 6.91693e-07 1.58884e-08
 2.14829e-27 2.18068e-27 7.45356e-27 1.80436e-21 1.07312e-16 1.4673e-12 4.61249e-09 3.33346e-06 0.000553849 0.0211566 0.185799 0.375131 0.174519 0.0290591 0.0644376 0.0900406 0.032303 0.0137199 0.00965118 0.00272511 0.00074877 0.000136853 1.39104e-05 7.60336e-07 1.81159e-08
 2.14808e-27 2.18016e-27 7.39925e-27 1.78593e-21 1.06216e-16 1.45232e-12 4.56539e-09 3.29942e-06 0.000548193 0.0209406 0.183902 0.371301 0.172755 0.0292363 0.066674 0.093198 0.0334932 0.0144001 0.0100888 0.00267377 0.000657378 0.000116318 1.17952e-05 6.85208e-07 1.80188e-08
 2.14831e-27 2.18073e-27 7.46003e-27 1.80656e-21 1.07443e-16 1.46909e-12 4.61811e-09 3.33752e-06 0.000554524 0.0211824 0.186025 0.375588 0.174727 0.0289521 0.0636469 0.0889438 0.0321625 0.0144502 0.010223 0.00273601 0.000678682 0.000114866 1.06443e-05 5.92409e-07 1.5781e-08
 2.14867e-27 2.1816e-27 7.55165e-27 1.83763e-21 1.09291e-16 1.49436e-12 4.69754e-09 3.39493e-06 0.000564062 0.0215468 0.189225 0.382049 0.177705 0.02873 0.0603437 0.08427 0.0302688 0.0129664 0.00910181 0.00247525 0.000632597 0.000108163 9.97846e-06 5.29403e-07 1.31389e-08
 2.14854e-27 2.1813e-27 7.51931e-27 1.82666e-21 1.08639e-16 1.48544e-12 4.6695e-09 3.37466e-06 0.000560695 0.0214182 0.188095 0.379768 0.176655 0.0288366 0.0616817 0.0861567 0.0309436 0.0132466 0.0093024 0.00254413 0.000659839 0.000116185 1.1312e-05 6.18818e-07 1.53318e-08
 2.14835e-27 2.18083e-27 7.46973e-27 1.80984e-21 1.07638e-16 1.47176e-12 4.62651e-09 3.34359e-06 0.000555532 0.021221 0.186364 0.376271 0.175045 0.0290049 0.0637632 0.0890919 0.0319964 0.0136922 0.00960397 0.00259859 0.000661427 0.000116018 1.13697e-05 6.3887e-07 1.64473e-08
 2.14884e-27 2.18203e-27 7.59737e-27 1.85315e-21 1.10214e-16 1.50698e-12 4.7372e-09 3.42359e-06 0.000568824 0.0217287 0.190822 0.385274 0.179188 0.028522 0.0581023 0.0811195 0.0292772 0.0129808 0.00917147 0.00248593 0.000633608 0.000110347 1.06676e-05 5.9741e-07 1.55626e-08
 2.14843e-27 2.18101e-27 7.48789e-27 1.816e-21 1.08004e-16 1.47677e-12 4.64224e-09 3.35496e-06 0.000557422 0.0212931 0.186997 0.377551 0.175636 0.0290126 0.0634248 0.0886013 0.031638 0.0129687 0.0090343 0.00249583 0.00065796 0.000115678 1.12334e-05 6.26511e-07 1.62009e-08
 2.148e-27 2.17997e-27 7.37975e-27 1.77933e-21 1.05823e-16 1.44695e-12 4.54849e-09 3.28721e-06 0.000546165 0.0208631 0.183221 0.369927 0.17212 0.0292243 0.0670149 0.093692 0.0338517 0.0151226 0.0106883 0.00286573 0.000719249 0.000127458 1.27754e-05 7.24699e-07 1.88276e-08
 2.14727e-27 2.17818e-27 7.19074e-27 1.71521e-21 1.0201e-16 1.39481e-12 4.3846e-09 3.16876e-06 0.000526485 0.0201114 0.176619 0.356598 0.165978 0.0297854 0.0744579 0.104199 0.0377743 0.0172705 0.0122858 0.00335936 0.000867017 0.000149559 1.41797e-05 7.94752e-07 2.09569e-08
 2.14754e-27 2.17884e-27 7.26324e-27 1.73982e-21 1.03474e-16 1.41482e-12 4.44749e-09 3.21421e-06 0.000534037 0.0203998 0.179153 0.361713 0.168327 0.0293621 0.0703322 0.0984141 0.0361463 0.0179848 0.0129889 0.00355 0.000916548 0.000159373 1.51823e-05 8.25701e-07 2.08432e-08
#obs surv len freq
 1.23722e-39 6.05533e-33 6.81355e-27 1.7626e-21 1.04829e-16 1.43334e-12 4.50572e-09 3.25629e-06 0.000541038 0.0206669 0.181497 0.366448 0.170513 0.0292679 0.0683302 0.0955487 0.0345125 0.0154153 0.0112317 0.00393558 0.00154408 0.000440493 9.17889e-05 1.18895e-05 7.90001e-07
 1.32137e-39 6.46719e-33 7.27698e-27 1.88249e-21 1.11959e-16 1.53083e-12 4.81218e-09 3.47777e-06 0.000577837 0.0220726 0.193842 0.391371 0.181994 0.0281696 0.0541133 0.0754924 0.0272069 0.0119601 0.00866762 0.00298551 0.00114775 0.000321934 6.51527e-05 8.1254e-06 5.20783e-07
 1.1496e-39 5.62648e-33 6.33101e-27 1.63777e-21 9.74044e-17 1.33183e-12 4.18662e-09 3.02568e-06 0.000502721 0.0192033 0.168643 0.340497 0.15858 0.0309886 0.0866559 0.121305 0.0425872 0.0151774 0.0104778 0.00357133 0.00135307 0.000372107 7.35301e-05 8.91762e-06 5.51779e-07
 1.34738e-39 6.59448e-33 7.42021e-27 1.91954e-21 1.14162e-16 1.56096e-12 4.90689e-09 3.54622e-06 0.00058921 0.0225071 0.197657 0.399074 0.18553 0.0274844 0.0476094 0.066385 0.0248224 0.0137113 0.010181 0.00309465 0.00101995 0.000272257 5.26874e-05 6.23221e-06 3.74981e-07
 1.39452e-39 6.82519e-33 7.67982e-27 1.9867e-21 1.18156e-16 1.61557e-12 5.07857e-09 3.67029e-06 0.000609824 0.0232945 0.204572 0.413035 0.191986 0.027518 0.043606 0.0606116 0.0209994 0.00659298 0.00448206 0.00175114 0.000725352 0.000177522 3.06601e-05 3.48501e-06 2.04443e-07
 1.25979e-39 6.16579e-33 6.93785e-27 1.79476e-21 1.06741e-16 1.45949e-12 4.58791e-09 3.3157e-06 0.000550907 0.021044 0.184808 0.373133 0.173621 0.0297277 0.0691223 0.0965423 0.0332094 0.00962441 0.0061218 0.00174554 0.000549312 0.000162214 3.17577e-05 3.33922e-06 1.81972e-07
 1.27622e-39 6.24623e-33 7.02836e-27 1.81817e-21 1.08133e-16 1.47853e-12 4.64777e-09 3.35895e-06 0.000558095 0.0213185 0.187219 0.378 0.17584 0.0289038 0.0626253 0.0874898 0.0314528 0.0135603 0.00953433 0.00260797 0.000701659 0.000154438 2.67575e-05 3.15858e-06 1.75133e-07
 1.41751e-39 6.93771e-33 7.80642e-27 2.01945e-21 1.20104e-16 1.64221e-12 5.16229e-09 3.7308e-06 0.000619877 0.0236785 0.207945 0.419844 0.195114 0.0269817 0.0382804 0.0531446 0.0189105 0.00755331 0.00535024 0.00179356 0.000627849 0.000133027 1.82957e-05 1.74827e-06 9.59817e-08
 1.41641e-39 6.93235e-33 7.80039e-27 2.01789e-21 1.20011e-16 1.64094e-12 5.1583e-09 3.72791e-06 0.000619398 0.0236602 0.207784 0.41952 0.194978 0.0273664 0.0407262 0.0565301 0.0192651 0.0049966 0.00309678 0.000995375 0.000351661 9.04849e-05 1.47264e-05 1.26655e-06 5.63634e-08
 1.35199e-39 6.61707e-33 7.44563e-27 1.92611e-21 1.14553e-16 1.56631e-12 4.92371e-09 3.55837e-06 0.000591229 0.0225842 0.198334 0.400441 0.186196 0.0283847 0.0526932 0.073388 0.0250831 0.00673788 0.00413578 0.00107542 0.000273153 6.58231e-05 1.16149e-05 1.1758e-06 5.38923e-08
 1.32158e-39 6.46821e-33 7.27813e-27 1.88278e-21 1.11976e-16 1.53107e-12 4.81294e-09 3.47832e-06 0.000577928 0.0220761 0.193872 0.391433 0.18204 0.0286302 0.0569068 0.0793624 0.0276731 0.00924023 0.00609227 0.00160651 0.000397334 7.65579e-05 1.03965e-05 1.02891e-06 5.24036e-08
 1.3613e-39 6.66264e-33 7.49691e-27 1.93938e-21 1.15342e-16 1.57709e-12 4.95761e-09 3.58288e-06 0.0005953 0.0227397 0.1997 0.403199 0.187454 0.027938 0.049135 0.0684246 0.024038 0.00861007 0.00584553 0.00170633 0.000499639 9.86989e-05 1.20444e-05 9.38966e-07 4.15974e-08
 1.34234e-39 6.56981e-33 7.39246e-27 1.91236e-21 1.13735e-16 1.55512e-12 4.88854e-09 3.53296e-06 0.000587006 0.0224229 0.196918 0.397581 0.184873 0.0283611 0.053411 0.0744248 0.0257857 0.00808153 0.00530819 0.00160658 0.000507028 0.000112163 1.55554e-05 1.19052e-06 4.47585e-08
 1.29227e-39 6.32478e-33 7.11675e-27 1.84104e-21 1.09493e-16 1.49712e-12 4.70622e-09 3.40119e-06 0.000565113 0.0215866 0.189574 0.382754 0.178043 0.0290333 0.0619832 0.0865192 0.0302153 0.0102435 0.00683141 0.00193736 0.000561696 0.000128404 1.96222e-05 1.68944e-06 6.71807e-08
 1.1622e-39 5.68817e-33 6.40042e-27 1.65573e-21 9.84724e-17 1.34643e-12 4.23252e-09 3.05885e-06 0.000508233 0.0194138 0.170492 0.34423 0.160294 0.0306695 0.0835827 0.117007 0.0415516 0.0163136 0.011333 0.00334047 0.00100804 0.000218163 3.18449e-05 2.89359e-06 1.27118e-07
 1.26358e-39 6.18435e-33 6.95873e-27 1.80016e-21 1.07062e-16 1.46388e-12 4.60172e-09 3.32568e-06 0.000552566 0.0211073 0.185364 0.374255 0.174098 0.028601 0.0619055 0.0865499 0.032126 0.0170382 0.0126483 0.00403434 0.00135822 0.000308219 4.54115e-05 3.96638e-06 1.74997e-07
 1.22885e-39 6.01437e-33 6.76746e-27 1.75068e-21 1.04119e-16 1.42365e-12 4.47524e-09 3.23427e-06 0.000537378 0.0205271 0.180269 0.363969 0.169379 0.0295732 0.0709406 0.0991923 0.0353039 0.0141393 0.0101984 0.00389269 0.0016001 0.000402843 6.54596e-05 5.94156e-06 2.59773e-07
 1.27906e-39 6.26012e-33 7.04399e-27 1.82221e-21 1.08374e-16 1.48182e-12 4.6581e-09 3.36642e-06 0.000559336 0.0213659 0.187635 0.378841 0.176222 0.0287163 0.0612275 0.0855339 0.0309411 0.0139555 0.0100838 0.00327027 0.00120836 0.00035885 7.02999e-05 7.16108e-06 3.35175e-07
 1.24684e-39 6.1024e-33 6.86652e-27 1.7763e-21 1.05643e-16 1.44448e-12 4.54074e-09 3.2816e-06 0.000545243 0.0208276 0.182908 0.369296 0.171835 0.0293915 0.0682263 0.0953602 0.0338778 0.0133594 0.00946849 0.00327134 0.00123503 0.000323933 6.33861e-05 7.59678e-06 4.10678e-07
 1.25801e-39 6.15711e-33 6.92808e-27 1.79223e-21 1.06591e-16 1.45743e-12 4.58145e-09 3.31103e-06 0.000550131 0.0210143 0.184548 0.372607 0.173353 0.0290693 0.0652611 0.0912122 0.0328506 0.0143645 0.0103062 0.00330565 0.00117063 0.000316977 6.00923e-05 6.90664e-06 4.05541e-07
 1.27183e-39 6.22472e-33 7.00415e-27 1.81191e-21 1.07761e-16 1.47344e-12 4.63176e-09 3.34738e-06 0.000556172 0.0212451 0.186574 0.376698 0.175239 0.0289196 0.0631145 0.088175 0.0316174 0.0133948 0.00961973 0.00326576 0.00120644 0.000307985 5.62446e-05 6.40121e-06 3.66588e-07
 1.26128e-39 6.17311e-33 6.94609e-27 1.79689e-21 1.06868e-16 1.46122e-12 4.59336e-09 3.31963e-06 0.000551561 0.0210689 0.185027 0.373575 0.173803 0.0291335 0.0653611 0.091332 0.032601 0.0133424 0.00948988 0.00316723 0.00116735 0.000311706 5.72837e-05 6.24591e-06 3.48755e-07
 1.261e-39 6.17174e-33 6.94454e-27 1.79649e-21 1.06844e-16 1.4609e-12 4.59234e-09 3.31889e-06 0.000551439 0.0210642 0.184986 0.373492 0.173763 0.029076 0.0650354 0.0908846 0.0326036 0.0138545 0.00990844 0.00324257 0.00116398 0.000307014 5.7278e-05 6.37511e-06 3.49596e-07
 1.25697e-39 6.152e-33 6.92233e-27 1.79074e-21 1.06502e-16 1.45622e-12 4.57765e-09 3.30828e-06 0.000549675 0.0209969 0.184394 0.372298 0.173212 0.0291186 0.0656556 0.0917601 0.0329298 0.0140336 0.0100699 0.00336572 0.00122967 0.000318335 5.8073e-05 6.4673e-06 3.5967e-07
 1.26457e-39 6.1892e-33 6.96419e-27 1.80157e-21 1.07146e-16 1.46503e-12 4.60533e-09 3.32828e-06 0.000552999 0.0211238 0.18551 0.374549 0.174248 0.0289937 0.0642143 0.0897308 0.0322454 0.01388 0.00998219 0.00334395 0.00123174 0.000324847 5.95149e-05 6.51065e-06 3.58883e-07
 1.19696e-39 5.8583e-33 6.59185e-27 1.70525e-21 1.01418e-16 1.3867e-12 4.35911e-09 3.15034e-06 0.000523433 0.0199945 0.175592 0.354525 0.165027 0.0299558 0.0761228 0.106518 0.0381873 0.016153 0.0115841 0.00390338 0.00144796 0.000384038 7.12886e-05 7.87819e-06 4.31419e-07
 1.19383e-39 5.84298e-33 6.57461e-27 1.70079e-21 1.01152e-16 1.38308e-12 4.34771e-09 3.1421e-06 0.000522064 0.0199422 0.175132 0.353597 0.164584 0.0295787 0.0741005 0.103739 0.0381822 0.0192701 0.0142662 0.00476502 0.00175257 0.000467202 8.74455e-05 9.76481e-06 5.40188e-07
 1.23358e-39 6.03751e-33 6.7935e-27 1.75741e-21 1.0452e-16 1.42912e-12 4.49246e-09 3.24671e-06 0.000539445 0.0206061 0.180963 0.365369 0.170007 0.0290646 0.0674137 0.094295 0.03458 0.0170812 0.0127814 0.00474423 0.00192847 0.000515901 9.62464e-05 1.08172e-05 6.04136e-07
#pred catch len freq
 2.14535e-27 2.17197e-27 6.47012e-27 1.4707e-21 8.7468e-17 1.19597e-12 3.75954e-09 2.71703e-06 0.000451431 0.0172444 0.151441 0.305763 0.142328 0.0258312 0.0656313 0.0922246 0.0389308 0.0352753 0.0320616 0.0224575 0.0190261 0.0160512 0.0156944 0.0138866 0.00569955
 2.14908e-27 2.18257e-27 7.65522e-27 1.87278e-21 1.11382e-16 1.52295e-12 4.7874e-09 3.45987e-06 0.000574852 0.0219589 0.192845 0.389356 0.181046 0.0277347 0.0520645 0.0726529 0.0268007 0.0137417 0.0105635 0.00457681 0.00255702 0.00144213 0.00101577 0.000763183 0.000303047
 2.14842e-27 2.18096e-27 7.4796e-27 1.81317e-21 1.07836e-16 1.47447e-12 4.63502e-09 3.34974e-06 0.000556554 0.02126 0.186706 0.376964 0.175376 0.0292965 0.0653346 0.0912442 0.0318944 0.0109077 0.00731304 0.00213717 0.00067821 0.000204851 7.36986e-05 3.7035e-05 1.30747e-05
 2.14836e-27 2.18082e-27 7.46736e-27 1.80903e-21 1.0759e-16 1.4711e-12 4.62443e-09 3.34209e-06 0.000555283 0.0212114 0.18628 0.376103 0.174972 0.0291425 0.064654 0.090329 0.0321871 0.0129701 0.0088899 0.00216192 0.000446125 8.06321e-05 1.14581e-05 2.21514e-06 5.29026e-07
 2.15e-27 2.18486e-27 7.89642e-27 1.95459e-21 1.16247e-16 1.58947e-12 4.99651e-09 3.61099e-06 0.000599961 0.0229181 0.201268 0.406363 0.188904 0.027606 0.0461539 0.0642573 0.0230463 0.00976441 0.00681709 0.00179573 0.000428719 6.84057e-05 5.81282e-06 3.8621e-07 2.92861e-08
 2.14832e-27 2.18071e-27 7.45226e-27 1.80389e-21 1.07284e-16 1.46692e-12 4.61129e-09 3.33259e-06 0.000553706 0.0211512 0.185751 0.375034 0.174491 0.0294985 0.0671493 0.0937875 0.0326014 0.0105585 0.00692977 0.00190024 0.0004955 8.62912e-05 8.10819e-06 4.23959e-07 1.14157e-08
 2.14783e-27 2.17953e-27 7.33279e-27 1.76339e-21 1.04876e-16 1.43399e-12 4.50776e-09 3.25777e-06 0.000541274 0.0206763 0.18158 0.366614 0.170595 0.0294171 0.0691906 0.0967581 0.0349303 0.0155054 0.0108535 0.00266728 0.000560601 9.64331e-05 9.79091e-06 5.57193e-07 1.42165e-08
 2.14902e-27 2.18247e-27 7.64485e-27 1.86925e-21 1.11172e-16 1.52008e-12 4.77838e-09 3.45335e-06 0.000573769 0.0219176 0.192481 0.388623 0.180728 0.028293 0.0556944 0.0777361 0.0282262 0.0130476 0.0093121 0.00257431 0.00067009 0.000109811 9.37043e-06 5.09309e-07 1.37483e-08
 2.14997e-27 2.18479e-27 7.8884e-27 1.95186e-21 1.16085e-16 1.58725e-12 4.98954e-09 3.60596e-06 0.000599124 0.0228861 0.200987 0.405796 0.188645 0.0277054 0.0469315 0.0653374 0.0232066 0.00912391 0.00632675 0.00182539 0.000519334 9.60093e-05 9.80178e-06 5.32099e-07 1.29822e-08
 2.14921e-27 2.1829e-27 7.68486e-27 1.8828e-21 1.11977e-16 1.53109e-12 4.81301e-09 3.47838e-06 0.000577927 0.0220764 0.193876 0.391439 0.182043 0.0286374 0.0569478 0.0794184 0.027669 0.00916287 0.00603625 0.00161531 0.000410097 7.73763e-05 8.71518e-06 5.41007e-07 1.48168e-08
 2.14871e-27 2.18168e-27 7.55684e-27 1.83938e-21 1.09395e-16 1.49578e-12 4.70201e-09 3.39816e-06 0.000564599 0.0215673 0.189405 0.382412 0.177881 0.0289388 0.061509 0.0858761 0.030343 0.0114146 0.00771074 0.00189913 0.000400332 6.75786e-05 6.81378e-06 4.24303e-07 1.26976e-08
 2.14926e-27 2.18304e-27 7.70289e-27 1.88893e-21 1.12342e-16 1.53608e-12 4.82868e-09 3.4897e-06 0.000579808 0.0221483 0.194507 0.392713 0.182621 0.0283384 0.0547391 0.0763487 0.0271837 0.010889 0.00749219 0.00192249 0.00043711 6.97068e-05 5.89791e-06 3.16235e-07 8.73011e-09
 2.14941e-27 2.18339e-27 7.73862e-27 1.90104e-21 1.13062e-16 1.54593e-12 4.85964e-09 3.51208e-06 0.000583526 0.0222903 0.195755 0.395231 0.183785 0.0283439 0.0540133 0.0753017 0.0264851 0.00957978 0.00644998 0.00169613 0.00040747 6.77275e-05 5.98974e-06 3.02493e-07 7.16448e-09
 2.1487e-27 2.18165e-27 7.55305e-27 1.83809e-21 1.09318e-16 1.49473e-12 4.69872e-09 3.39577e-06 0.000564203 0.0215522 0.189272 0.382144 0.17776 0.0290241 0.0621106 0.0867102 0.0304455 0.0108421 0.00724537 0.00183742 0.000412333 6.91831e-05 6.46783e-06 3.43858e-07 8.27652e-09
 2.14733e-27 2.1783e-27 7.1994e-27 1.71813e-21 1.02184e-16 1.39718e-12 4.39206e-09 3.17415e-06 0.000527381 0.0201456 0.17692 0.357205 0.166271 0.030108 0.0762439 0.106659 0.0378637 0.0148091 0.0101043 0.00251194 0.000535468 8.55835e-05 7.45425e-06 3.91429e-07 9.76984e-09
 2.14732e-27 2.1783e-27 7.20425e-27 1.7198e-21 1.02283e-16 1.39854e-12 4.39633e-09 3.17724e-06 0.000527893 0.0201652 0.177091 0.357552 0.166415 0.0296748 0.0734952 0.102857 0.037516 0.0178545 0.0127152 0.00326333 0.000740922 0.000117846 9.74209e-06 4.80132e-07 1.13543e-08
 2.14819e-27 2.18044e-27 7.43029e-27 1.79647e-21 1.06843e-16 1.46089e-12 4.59232e-09 3.31889e-06 0.000551428 0.0210642 0.184987 0.373491 0.173759 0.0289841 0.0644743 0.0901207 0.0327206 0.0151175 0.0107937 0.00299873 0.000790294 0.000132466 1.14812e-05 5.66897e-07 1.27932e-08
 2.14819e-27 2.18041e-27 7.42378e-27 1.79425e-21 1.06711e-16 1.45908e-12 4.58664e-09 3.31478e-06 0.000550746 0.0210381 0.184758 0.373029 0.173555 0.02926 0.0662977 0.0926469 0.0330121 0.0133085 0.0092283 0.00252546 0.000657367 0.000116909 1.14895e-05 6.14239e-07 1.43893e-08
 2.14795e-27 2.17983e-27 7.36274e-27 1.77354e-21 1.0548e-16 1.44224e-12 4.53371e-09 3.27653e-06 0.00054439 0.0207953 0.182626 0.368725 0.171573 0.0294565 0.0687947 0.096172 0.0343365 0.0140532 0.00971915 0.00250726 0.000583516 0.000100376 9.83249e-06 5.57789e-07 1.44249e-08
 2.14819e-27 2.18043e-27 7.42748e-27 1.79551e-21 1.06786e-16 1.46011e-12 4.58986e-09 3.31711e-06 0.000551132 0.0210529 0.184887 0.373291 0.173673 0.0291604 0.0656106 0.0916962 0.0329242 0.0140623 0.00982199 0.00255673 0.00060062 9.90356e-05 8.86273e-06 4.80608e-07 1.25736e-08
 2.14845e-27 2.18106e-27 7.49299e-27 1.81773e-21 1.08107e-16 1.47818e-12 4.64667e-09 3.35816e-06 0.000557953 0.0213134 0.187176 0.377911 0.175802 0.0289931 0.0631968 0.0882822 0.0315591 0.0130435 0.00906479 0.00240383 0.000585929 9.78724e-05 8.7487e-06 4.5355e-07 1.10623e-08
 2.14837e-27 2.18085e-27 7.47112e-27 1.81031e-21 1.07666e-16 1.47214e-12 4.6277e-09 3.34445e-06 0.000555676 0.0212265 0.186412 0.376369 0.175092 0.0290769 0.0641733 0.089657 0.032022 0.0131454 0.0091256 0.00242928 0.000599133 0.000102856 9.69276e-06 5.18328e-07 1.26263e-08
 2.14816e-27 2.18035e-27 7.41831e-27 1.7924e-21 1.06601e-16 1.45757e-12 4.58191e-09 3.31136e-06 0.000550177 0.0210164 0.184567 0.372644 0.173377 0.0292565 0.0663925 0.0927862 0.0331429 0.013615 0.00944367 0.00248918 0.000602573 0.000103036 9.77083e-06 5.3646e-07 1.35809e-08
 2.14865e-27 2.18154e-27 7.5451e-27 1.83541e-21 1.09159e-16 1.49255e-12 4.69186e-09 3.39082e-06 0.00056338 0.0215207 0.188996 0.381586 0.177493 0.0287663 0.0607048 0.0847779 0.0304349 0.0129841 0.00907984 0.00239873 0.000582198 9.89185e-05 9.2568e-06 5.06454e-07 1.29709e-08
 2.14821e-27 2.18046e-27 7.42887e-27 1.79597e-21 1.06814e-16 1.46048e-12 4.59105e-09 3.31797e-06 0.000551275 0.0210583 0.184935 0.373388 0.173722 0.0292818 0.0663226 0.0926757 0.0329396 0.0130163 0.00897044 0.00241395 0.000606802 0.000104146 9.79429e-06 5.3389e-07 1.35738e-08
 2.14785e-27 2.17958e-27 7.33757e-27 1.76501e-21 1.04972e-16 1.4353e-12 4.5119e-09 3.26076e-06 0.000541771 0.0206953 0.181747 0.366951 0.170753 0.0294615 0.0693599 0.0969828 0.0348153 0.0148475 0.0103694 0.00270631 0.000644083 0.000111075 1.07645e-05 5.96585e-07 1.52337e-08
 2.14716e-27 2.17789e-27 7.15871e-27 1.70434e-21 1.01364e-16 1.38597e-12 4.35681e-09 3.14868e-06 0.000523148 0.0199839 0.1755 0.354338 0.164942 0.0300158 0.0765456 0.107122 0.0385452 0.016722 0.0117397 0.00311703 0.000761714 0.000127987 1.17162e-05 6.40145e-07 1.65815e-08
 2.14763e-27 2.17907e-27 7.28479e-27 1.74711e-21 1.03908e-16 1.42075e-12 4.46615e-09 3.2277e-06 0.000536278 0.0204854 0.179904 0.36323 0.169033 0.0294751 0.0705646 0.0987105 0.0358295 0.0165176 0.0117266 0.00309587 0.000749145 0.000126382 1.15898e-05 6.137e-07 1.51928e-08
#obs catch len freq
 1.22452e-39 5.99319e-33 6.74363e-27 1.74451e-21 1.03753e-16 1.41863e-12 4.45948e-09 3.22287e-06 0.000535485 0.0204548 0.179634 0.362687 0.16878 0.0294059 0.0703055 0.0983395 0.0355836 0.0160917 0.0117636 0.00415393 0.00165505 0.000486415 0.000105034 1.40549e-05 9.63964e-07
 1.22847e-39 6.01249e-33 6.76535e-27 1.75013e-21 1.04087e-16 1.4232e-12 4.47384e-09 3.23326e-06 0.00053721 0.0205207 0.180213 0.363856 0.16932 0.0294197 0.0700376 0.0979513 0.0353049 0.0155329 0.0112794 0.00394027 0.00154088 0.000438912 9.1349e-05 1.18241e-05 7.853e-07
 1.31288e-39 6.42563e-33 7.23022e-27 1.87039e-21 1.11239e-16 1.52099e-12 4.78125e-09 3.45542e-06 0.000574123 0.0219308 0.192596 0.388856 0.180837 0.0283107 0.0557329 0.0777722 0.0279707 0.012114 0.00874968 0.00300478 0.00115136 0.000322458 6.51802e-05 8.123e-06 5.20393e-07
 1.13986e-39 5.57884e-33 6.2774e-27 1.6239e-21 9.65797e-17 1.32055e-12 4.15117e-09 3.00006e-06 0.000498464 0.0190407 0.167215 0.337614 0.157254 0.0311632 0.0885904 0.124026 0.0434719 0.015265 0.010494 0.00356615 0.00134662 0.000369775 7.29806e-05 8.84462e-06 5.47012e-07
 1.34145e-39 6.56546e-33 7.38756e-27 1.91109e-21 1.1366e-16 1.55409e-12 4.8853e-09 3.53062e-06 0.000586617 0.022408 0.196787 0.397318 0.184722 0.0275868 0.0487634 0.0680089 0.0253593 0.0137955 0.0102167 0.00309749 0.00101713 0.000271067 5.23932e-05 6.19295e-06 3.72447e-07
 1.38834e-39 6.79495e-33 7.64578e-27 1.97789e-21 1.17633e-16 1.60841e-12 5.05606e-09 3.65403e-06 0.000607122 0.0231913 0.203666 0.411205 0.191144 0.0276252 0.0448122 0.0623087 0.0215577 0.00667142 0.00451328 0.00175741 0.00072589 0.000177421 3.06021e-05 3.47573e-06 2.03804e-07
 1.2523e-39 6.12915e-33 6.89662e-27 1.78409e-21 1.06107e-16 1.45082e-12 4.56065e-09 3.29599e-06 0.000547634 0.0209189 0.18371 0.370915 0.172601 0.0298629 0.0706155 0.0986425 0.0338894 0.0096819 0.00612715 0.00174279 0.000546268 0.000161037 3.14948e-05 3.30933e-06 1.80252e-07
 1.26874e-39 6.2096e-33 6.98714e-27 1.80751e-21 1.07499e-16 1.46986e-12 4.62051e-09 3.33925e-06 0.000554822 0.0211935 0.186121 0.375783 0.17482 0.0290355 0.0640975 0.089561 0.032131 0.0136442 0.00956151 0.00260967 0.000699419 0.00015369 2.65891e-05 3.13638e-06 1.73831e-07
 1.41265e-39 6.91393e-33 7.77967e-27 2.01253e-21 1.19692e-16 1.63658e-12 5.1446e-09 3.71801e-06 0.000617753 0.0235974 0.207232 0.418405 0.194452 0.0270666 0.0392318 0.0544833 0.0193503 0.00761303 0.00537228 0.00179569 0.000626579 0.000132591 1.82109e-05 1.73862e-06 9.54003e-08
 1.41181e-39 6.90981e-33 7.77503e-27 2.01133e-21 1.19621e-16 1.6356e-12 5.14153e-09 3.7158e-06 0.000617385 0.0235833 0.207109 0.418156 0.194351 0.0274491 0.0416423 0.0578186 0.0196829 0.00503435 0.00310209 0.000994199 0.000350024 8.99309e-05 1.46202e-05 1.25656e-06 5.58869e-08
 1.34615e-39 6.58845e-33 7.41343e-27 1.91778e-21 1.14058e-16 1.55953e-12 4.90241e-09 3.54298e-06 0.000588671 0.0224865 0.197476 0.398709 0.185399 0.0284899 0.0538572 0.0750252 0.0256136 0.00678438 0.00414169 0.00107472 0.000271863 6.53929e-05 1.15247e-05 1.16588e-06 5.3415e-08
 1.31565e-39 6.4392e-33 7.24549e-27 1.87434e-21 1.11474e-16 1.52421e-12 4.79136e-09 3.46272e-06 0.000575336 0.0219771 0.193003 0.389678 0.181233 0.0287377 0.0580923 0.0810297 0.0282116 0.00928116 0.00609258 0.00160325 0.000394988 7.5987e-05 1.03037e-05 1.01883e-06 5.18665e-08
 1.35649e-39 6.6391e-33 7.47042e-27 1.93253e-21 1.14935e-16 1.57152e-12 4.9401e-09 3.57022e-06 0.000593197 0.0226594 0.198995 0.401774 0.186799 0.0280265 0.0501047 0.0697882 0.0244762 0.00863548 0.0058385 0.00170005 0.000496003 9.78485e-05 1.19248e-05 9.28841e-07 4.11239e-08
 1.33645e-39 6.54101e-33 7.36005e-27 1.90398e-21 1.13237e-16 1.54831e-12 4.86711e-09 3.51747e-06 0.000584433 0.0223246 0.196055 0.395839 0.184071 0.0284671 0.0545829 0.076073 0.0263201 0.00812918 0.00531418 0.00160416 0.000504461 0.000111437 1.5436e-05 1.18054e-06 4.43592e-08
 1.28479e-39 6.28816e-33 7.07554e-27 1.83037e-21 1.08859e-16 1.48845e-12 4.67897e-09 3.3815e-06 0.000561841 0.0214616 0.188476 0.380537 0.177023 0.0291657 0.0634598 0.0885965 0.0308934 0.0103204 0.00685316 0.00193892 0.000560026 0.000127821 1.95092e-05 1.67854e-06 6.67166e-08
 1.15336e-39 5.64491e-33 6.35174e-27 1.64314e-21 9.77234e-17 1.33619e-12 4.20033e-09 3.03559e-06 0.000504367 0.0192662 0.169196 0.341612 0.15909 0.0308295 0.0853489 0.119491 0.0423556 0.0163805 0.0113372 0.00333337 0.00100226 0.000216595 3.15743e-05 2.8668e-06 1.25882e-07
 1.25588e-39 6.14665e-33 6.9163e-27 1.78918e-21 1.06409e-16 1.45496e-12 4.57367e-09 3.3054e-06 0.000549197 0.0209786 0.184234 0.371974 0.173048 0.0287342 0.0634067 0.0886625 0.0328238 0.0171453 0.0126927 0.00403742 0.00135463 0.000306978 4.51722e-05 3.9425e-06 1.73855e-07
 1.22063e-39 5.97415e-33 6.72221e-27 1.73897e-21 1.03423e-16 1.41413e-12 4.44531e-09 3.21264e-06 0.000533784 0.0203899 0.179064 0.361535 0.168259 0.0297197 0.0725683 0.101482 0.036051 0.0142224 0.0102189 0.00388771 0.00159336 0.000400616 6.50211e-05 5.89767e-06 2.57729e-07
 1.27117e-39 6.22151e-33 7.00055e-27 1.81097e-21 1.07705e-16 1.47268e-12 4.62938e-09 3.34566e-06 0.000555886 0.0212341 0.186478 0.376504 0.175147 0.0288528 0.0627648 0.087697 0.031655 0.0140631 0.0101284 0.00327545 0.00120597 0.000357578 6.99774e-05 7.12378e-06 3.33283e-07
 1.23787e-39 6.05851e-33 6.81713e-27 1.76353e-21 1.04884e-16 1.43409e-12 4.50808e-09 3.258e-06 0.000541321 0.0206778 0.181592 0.36664 0.170612 0.0295471 0.0699763 0.0978226 0.0346891 0.0134768 0.00951557 0.00327771 0.00123343 0.000323036 6.3129e-05 7.56088e-06 4.0858e-07
 1.24849e-39 6.11051e-33 6.87564e-27 1.77866e-21 1.05784e-16 1.4464e-12 4.54678e-09 3.28597e-06 0.000545968 0.0208553 0.183151 0.369787 0.172055 0.0292299 0.0670915 0.0937885 0.0337089 0.0145215 0.0103842 0.00332145 0.00117212 0.00031689 6.00047e-05 6.89154e-06 4.04471e-07
 1.26268e-39 6.17993e-33 6.95376e-27 1.79887e-21 1.06986e-16 1.46283e-12 4.59843e-09 3.3233e-06 0.000552171 0.0210922 0.185232 0.373988 0.173992 0.0290746 0.0648773 0.0906559 0.0324424 0.0135409 0.00969077 0.00328019 0.00120781 0.000307887 5.61554e-05 6.38641e-06 3.65572e-07
 1.25133e-39 6.1244e-33 6.89128e-27 1.78271e-21 1.06024e-16 1.44969e-12 4.55712e-09 3.29344e-06 0.000547209 0.0209027 0.183568 0.370628 0.172447 0.0293009 0.0672717 0.0940211 0.0334974 0.0135081 0.00957338 0.00318585 0.00117027 0.000312023 5.72742e-05 6.24037e-06 3.4828e-07
 1.25041e-39 6.11987e-33 6.88617e-27 1.78139e-21 1.05946e-16 1.44862e-12 4.55374e-09 3.291e-06 0.000546804 0.0208872 0.183431 0.370353 0.172318 0.0292515 0.0670528 0.0937245 0.0335562 0.0140508 0.0100146 0.00326808 0.00116915 0.000307914 5.73762e-05 6.38156e-06 3.4979e-07
 1.24624e-39 6.0995e-33 6.86326e-27 1.77546e-21 1.05593e-16 1.4438e-12 4.53859e-09 3.28005e-06 0.000544985 0.0208177 0.182821 0.369121 0.17175 0.0292961 0.0676962 0.0946328 0.0338937 0.0142332 0.0101783 0.00339214 0.00123521 0.000319301 5.81774e-05 6.47424e-06 3.59893e-07
 1.25363e-39 6.13564e-33 6.90392e-27 1.78598e-21 1.06219e-16 1.45235e-12 4.56548e-09 3.29948e-06 0.000548213 0.020941 0.183904 0.371308 0.172756 0.0291732 0.0662868 0.0926488 0.0332277 0.0140944 0.0101023 0.0033744 0.00123883 0.000326235 5.96975e-05 6.52596e-06 3.59559e-07
 1.18372e-39 5.79349e-33 6.51893e-27 1.68639e-21 1.00296e-16 1.37136e-12 4.31089e-09 3.11549e-06 0.000517643 0.0197733 0.173649 0.350603 0.163222 0.0301725 0.0786276 0.110044 0.0393753 0.0164153 0.0117321 0.0039418 0.0014574 0.000385971 7.15612e-05 7.90274e-06 4.32566e-07
 1.18123e-39 5.78133e-33 6.50524e-27 1.68284e-21 1.00085e-16 1.36848e-12 4.30183e-09 3.10895e-06 0.000516556 0.0197318 0.173284 0.349866 0.162867 0.029781 0.07646 0.107062 0.0393107 0.01955 0.0144322 0.00480668 0.001762 0.000469016 8.76796e-05 9.78404e-06 5.41007e-07
#spawning biomass
 8049.09 4491.83 4928.83 5004.41 6360.83 9379.15 10966.4 12288.1 19005.8 30997.7 41071.4 51628.7 69503.3 93002.9 97831.3 86747.3 78173.8 76670.8 73794.7 71580.6 71959.6 81259.7 86531.2 93766.2 105303 111978 103118 85939.1 68273.2 29505.2 3992.84 1412.09 1371.83 1371.6 1371.6 1371.6 1371.6 1371.6 1371.6 1371.6 1371.6 1371.6 1371.6 1371.6 1371.6 1371.6 1371.6 1371.6 1371.6 1371.6 1371.6 1371.6 1371.6 1371.6 1371.6 1371.6 1371.6 1371.6 1371.6 1371.6 1371.6 1371.6 1371.6 1371.6 1371.6 1371.6 1371.6 1371.6 1371.6 1371.6 1371.6 1371.6 1371.6 1371.6 1371.6 1371.6 1371.6 1371.6 1371.6 1371.6 1371.6 1371.6 1371.6 1371.6 1371.6 1371.6 1371.6 1371.6 1371.6 1371.6 1371.6 1371.6 1371.6 1371.6 1371.6 1371.6 1371.6 1371.6 1371.6 1371.6 1371.6 1371.6 1371.6 1371.6 1371.6 1371.6 1371.6 1371.6 1371.6 1371.6 1371.6 1371.6 1371.6 1371.6 1371.6 1371.6 1371.6 1371.6 1371.6 1371.6 1371.6 1371.6 1371.6 1371.6 1371.6 1371.6 1371.6 1371.6 0 0 0 0 0 0 0 0 0 0 0 0 0 0 0 0 0 0 0 0 0 0 0 0 0
