SBPRF35
0.0442795
Curr Bio
265275
B35
98563.3
F35
13.4216
FOFL
13.4216
OFL
311111
Bzero
12549.8
#pred survey bio
 3565.63 3750 5617.94 9388.54 16352.8 25206.7 33605.8 43144.5 58690.3 77304.1 112061 144665 164330 170695 155686 144814 155425 139067 126954 124485 144386 147033 137322 144619 161772 160938 160258 182317 5.08198e+06 1.26385e+06 335075 162414 106788 88609.9 82746.6 80882.9 80297.8 80116.1 80060.1 80042.9 80037.7 80036.1 80035.6 80035.5 80035.4 80035.4 80035.4 80035.4 80035.4 80035.4 80035.4 80035.4 80035.4 80035.4 80035.4 80035.4 80035.4 80035.4 80035.4 80035.4 80035.4 80035.4 80035.4 80035.4 80035.4 80035.4 80035.4 80035.4 80035.4 80035.4 80035.4 80035.4 80035.4 80035.4 80035.4 80035.4 80035.4 80035.4 80035.4 80035.4 80035.4 80035.4 80035.4 80035.4 80035.4 80035.4 80035.4 80035.4 80035.4 80035.4 80035.4 80035.4 80035.4 80035.4 80035.4 80035.4 80035.4 80035.4 80035.4 80035.4 80035.4 80035.4 80035.4 80035.4 80035.4 80035.4 80035.4 80035.4 80035.4 80035.4 80035.4 80035.4 80035.4 80035.4 80035.4 80035.4 80035.4 80035.4 80035.4 80035.4 80035.4 80035.4 80035.4 80035.4 80035.4 80035.4 80035.4 80035.4 0 0 0 0 0 0 0 0 0 0 0 0 0 0 0 0 0 0 0 0 0 0 0 0 0
#obs survey bio
 2744.93 3553.39 5515.95 9092.36 12131.9 31271.6 41883.8 40812 77395.1 65051.1 105618 115675 152355 150971 167596 141326 195209 108574 152525 121153 140679 167088 169075 134809 197922 143716 167455 168226
#pred catch bio
 1131.25 1612.16 2207.61 3823.16 7154.47 11950.7 17236.6 20016.9 29000.6 37265.3 60176.1 80449.7 93501.9 102482 94649.8 77145.4 98513.2 88210.8 82490.3 78853.4 106064 106241 85486.3 87688.3 114540 117711 107950 98209.1 311111 13399.8 4828.34 4828.33 4828.33 4828.33 4828.33 4828.33 4828.33 4828.33 4828.33 4828.33 4828.33 4828.33 4828.33 4828.33 4828.33 4828.33 4828.33 4828.33 4828.33 4828.33 4828.33 4828.33 4828.33 4828.33 4828.33 4828.33 4828.33 4828.33 4828.33 4828.33 4828.33 4828.33 4828.33 4828.33 4828.33 4828.33 4828.33 4828.33 4828.33 4828.33 4828.33 4828.33 4828.33 4828.33 4828.33 4828.33 4828.33 4828.33 4828.33 4828.33 4828.33 4828.33 4828.33 4828.33 4828.33 4828.33 4828.33 4828.33 4828.33 4828.33 4828.33 4828.33 4828.33 4828.33 4828.33 4828.33 4828.33 4828.33 4828.33 4828.33 4828.33 4828.33 4828.33 4828.33 4828.33 4828.33 4828.33 4828.33 4828.33 4828.33 4828.33 4828.33 4828.33 4828.33 4828.33 4828.33 4828.33 4828.33 4828.33 4828.33 4828.33 4828.33 4828.33 4828.33 4828.33 4828.33 4828.33 4828.33 0 0 0 0 0 0 0 0 0 0 0 0 0 0 0 0 0 0 0 0 0 0 0 0 0
#obs catch bio
 1106 1664.85 2255 3909.82 7354.1 11899.7 17350.3 20082.6 28026.3 37882.1 61717.7 83429.3 94205.3 105188 98326.2 75284.9 97134.4 90175.8 80989.3 79567.7 108536 103953 78877.8 81273.4 105687 111698 99660.8 95794.5
#pred cpue bio
 3331.21 3207.74 4860.3 7958.82 13916.9 21842.8 29367.7 37314.4 51273 66820.7 96052.9 126605 144406 151968 139400 127662 138270 123698 112473 108377 124098 127964 120813 126147 141064 139666 138855 156428 4.51665e+06 1.28934e+06 320782 147967 92339 74161.1 68297.8 66434.1 65849.1 65667.3 65611.3 65594.2 65588.9 65587.3 65586.9 65586.7 65586.7 65586.7 65586.7 65586.7 65586.7 65586.7 65586.7 65586.7 65586.7 65586.7 65586.7 65586.7 65586.7 65586.7 65586.7 65586.7 65586.7 65586.7 65586.7 65586.7 65586.7 65586.7 65586.7 65586.7 65586.7 65586.7 65586.7 65586.7 65586.7 65586.7 65586.7 65586.7 65586.7 65586.7 65586.7 65586.7 65586.7 65586.7 65586.7 65586.7 65586.7 65586.7 65586.7 65586.7 65586.7 65586.7 65586.7 65586.7 65586.7 65586.7 65586.7 65586.7 65586.7 65586.7 65586.7 65586.7 65586.7 65586.7 65586.7 65586.7 65586.7 65586.7 65586.7 65586.7 65586.7 65586.7 65586.7 65586.7 65586.7 65586.7 65586.7 65586.7 65586.7 65586.7 65586.7 65586.7 65586.7 65586.7 65586.7 65586.7 65586.7 65586.7 65586.7 65586.7 0 0 0 0 0 0 0 0 0 0 0 0 0 0 0 0 0 0 0 0 0 0 0 0 0
#obs cpue bio
 2086.18 3621.46 3993.68 7589.77 16135.4 23997.6 21580.8 36042.6 55709.1 54202.3 92133.1 138265 174894 139150 121035 149652 124230 125340 117678 89121.6 127590 132600 158102 171305 169483 174536 198106 152608
#pred surv len freq
 1.26573e-11 1.37443e-09 8.79921e-08 3.32126e-06 7.39101e-05 0.000969737 0.00750236 0.0342424 0.0924522 0.149658 0.154706 0.12731 0.113049 0.0985755 0.0702885 0.0453224 0.0300696 0.0204682 0.0144246 0.0107161 0.00851681 0.00731634 0.00642943 0.00498858 0.0029172
 1.72628e-11 1.87454e-09 1.2001e-07 4.52976e-06 0.000100803 0.00132257 0.0102314 0.0466818 0.125815 0.201863 0.200219 0.142957 0.101241 0.0753271 0.0457677 0.0224189 0.0108454 0.00576079 0.00330392 0.00203251 0.00135666 0.00100418 0.00080021 0.000597339 0.000349407
 1.62898e-11 1.76888e-09 1.13245e-07 4.27445e-06 9.51217e-05 0.00124804 0.00965505 0.0440595 0.118845 0.191469 0.193626 0.148059 0.117084 0.0911281 0.0524803 0.0211138 0.00700304 0.00238632 0.00089948 0.000386156 0.000192606 0.0001117 7.43385e-05 5.03922e-05 2.84505e-05
 1.72694e-11 1.87525e-09 1.20055e-07 4.53149e-06 0.000100842 0.00132308 0.0102354 0.0467022 0.125898 0.202221 0.201633 0.146739 0.107243 0.0803798 0.046852 0.02003 0.00725332 0.00241608 0.000699097 0.000183689 5.22152e-05 1.85732e-05 8.63661e-06 4.74711e-06 2.43805e-06
 1.70633e-11 1.85287e-09 1.18623e-07 4.47741e-06 9.96384e-05 0.00130729 0.0101133 0.0461466 0.124419 0.199997 0.200127 0.147509 0.110064 0.0831426 0.047842 0.0196001 0.00663735 0.00214208 0.000636385 0.000165329 3.72562e-05 7.62192e-06 1.73098e-06 5.52729e-07 2.19188e-07
 1.61796e-11 1.75691e-09 1.12479e-07 4.24551e-06 9.44779e-05 0.00123959 0.00958973 0.0437619 0.11805 0.190247 0.192668 0.148058 0.118009 0.0923846 0.0535899 0.0218786 0.00729774 0.00228034 0.000644517 0.000159626 3.51101e-05 6.68694e-06 1.08575e-06 1.66207e-07 3.14566e-08
 1.57484e-11 1.71009e-09 1.09482e-07 4.13238e-06 9.19603e-05 0.00120656 0.0093343 0.0425984 0.11494 0.18547 0.188932 0.14806 0.121477 0.096618 0.0564952 0.023356 0.0079577 0.00252805 0.000713393 0.000172716 3.64412e-05 6.60876e-06 1.00844e-06 1.27872e-07 1.38558e-08
 1.62807e-11 1.76789e-09 1.13182e-07 4.27205e-06 9.50685e-05 0.00124734 0.00964965 0.0440348 0.118778 0.191357 0.193493 0.147918 0.116981 0.0912486 0.0529656 0.0217286 0.00732174 0.00231468 0.000658875 0.000162004 3.44051e-05 6.15333e-06 9.06423e-07 1.08618e-07 1.04229e-08
 1.5766e-11 1.712e-09 1.09604e-07 4.13701e-06 9.20632e-05 0.00120791 0.00934474 0.042646 0.115067 0.185662 0.18907 0.148017 0.121271 0.0963993 0.0563879 0.023349 0.00798355 0.00254996 0.000725207 0.000177418 3.77304e-05 6.80845e-06 1.00876e-06 1.19696e-07 1.11091e-08
 1.63146e-11 1.77157e-09 1.13418e-07 4.28095e-06 9.52665e-05 0.00124993 0.00966974 0.0441262 0.119021 0.191719 0.193721 0.147736 0.116432 0.0907324 0.0528138 0.0218671 0.007496 0.00240853 0.000691964 0.000171257 3.66469e-05 6.61305e-06 9.80264e-07 1.16811e-07 1.08678e-08
 1.67207e-11 1.81567e-09 1.16241e-07 4.38751e-06 9.76378e-05 0.00128104 0.00991032 0.0452221 0.12195 0.196218 0.197239 0.147732 0.113162 0.0867465 0.050087 0.0204875 0.00687882 0.00217046 0.00061956 0.000153716 3.31558e-05 6.04396e-06 9.03022e-07 1.07993e-07 1.00642e-08
 1.56444e-11 1.6988e-09 1.08759e-07 4.1051e-06 9.13531e-05 0.00119859 0.00927273 0.0423184 0.114199 0.184387 0.18836 0.148965 0.12369 0.0985444 0.0567951 0.0224255 0.00698867 0.00203767 0.000554052 0.000133657 2.83923e-05 5.15784e-06 7.74355e-07 9.33865e-08 8.77142e-09
 1.54328e-11 1.67581e-09 1.07287e-07 4.04955e-06 9.01171e-05 0.00118238 0.00914731 0.041747 0.11267 0.182022 0.186433 0.14871 0.125009 0.100387 0.0583741 0.0235484 0.00762631 0.00227736 0.000603319 0.000136143 2.69763e-05 4.67888e-06 6.85652e-07 8.19497e-08 7.7048e-09
 1.46984e-11 1.59607e-09 1.02182e-07 3.85685e-06 8.58288e-05 0.00112612 0.00871223 0.0397654 0.107377 0.173917 0.18022 0.149125 0.131541 0.107994 0.0631057 0.0254473 0.00823761 0.00247904 0.000671258 0.000155405 3.0795e-05 5.12583e-06 7.05327e-07 7.98003e-08 7.25461e-09
 1.4361e-11 1.55943e-09 9.98362e-08 3.76832e-06 8.38587e-05 0.00110027 0.00851236 0.038855 0.104945 0.17019 0.177347 0.149263 0.134462 0.111441 0.0653151 0.0264047 0.00858112 0.002591 0.000702757 0.00016349 3.28498e-05 5.56991e-06 7.70165e-07 8.49887e-08 7.35533e-09
 1.52619e-11 1.65726e-09 1.061e-07 4.00473e-06 8.91196e-05 0.00116929 0.0090461 0.041286 0.111437 0.180129 0.184949 0.148698 0.126361 0.102038 0.0595029 0.0241267 0.00790574 0.0024087 0.000657391 0.000153631 3.09869e-05 5.28243e-06 7.38003e-07 8.24954e-08 7.16937e-09
 1.47554e-11 1.60226e-09 1.02578e-07 3.8718e-06 8.61616e-05 0.00113048 0.00874598 0.0399188 0.107783 0.174507 0.180518 0.148584 0.130258 0.106889 0.0629538 0.0260143 0.0088245 0.0027813 0.000774383 0.000183224 3.72955e-05 6.39946e-06 8.98736e-07 1.01071e-07 8.8589e-09
 1.47426e-11 1.60087e-09 1.02489e-07 3.86844e-06 8.60868e-05 0.0011295 0.00873843 0.0398849 0.107699 0.174434 0.18073 0.149474 0.131714 0.107896 0.0626261 0.0247747 0.00773609 0.00226556 0.000620108 0.000149921 3.13831e-05 5.49185e-06 7.80911e-07 8.85647e-08 7.81331e-09
 1.49702e-11 1.62558e-09 1.04071e-07 3.92817e-06 8.74159e-05 0.00114694 0.00887326 0.040499 0.109339 0.176945 0.182653 0.149338 0.129682 0.105552 0.0612048 0.0242336 0.00755169 0.00216879 0.000564058 0.000126924 2.52375e-05 4.38192e-06 6.34707e-07 7.35599e-08 6.59317e-09
 1.59104e-11 1.72768e-09 1.10607e-07 4.17488e-06 9.2906e-05 0.00121897 0.00943028 0.0430361 0.116117 0.187339 0.190688 0.149029 0.121655 0.0960189 0.0550141 0.0214576 0.00649933 0.00181052 0.000462571 0.000102296 1.95999e-05 3.21133e-06 4.40435e-07 4.97385e-08 4.47274e-09
 1.65491e-11 1.79704e-09 1.15048e-07 4.34249e-06 9.66359e-05 0.0012679 0.00980871 0.0447598 0.120722 0.194401 0.196151 0.148829 0.116218 0.089557 0.0508139 0.019566 0.00577001 0.00155101 0.000383456 8.21337e-05 1.52851e-05 2.44058e-06 3.23521e-07 3.48155e-08 2.97909e-09
 1.58929e-11 1.72578e-09 1.10486e-07 4.17029e-06 9.28039e-05 0.00121763 0.00941995 0.0429897 0.116001 0.187226 0.190923 0.150092 0.123413 0.0972557 0.0546654 0.0200102 0.00520142 0.00117109 0.000254876 5.10356e-05 9.07942e-06 1.39631e-06 1.79005e-07 1.86646e-08 1.5422e-09
 1.53236e-11 1.66396e-09 1.06529e-07 4.02092e-06 8.94799e-05 0.00117402 0.00908271 0.0414536 0.111897 0.180933 0.186056 0.150273 0.128268 0.103038 0.0584486 0.0217277 0.00584286 0.00136159 0.000288405 5.15248e-05 7.84566e-06 1.06536e-06 1.26648e-07 1.25772e-08 1.00025e-09
 1.58116e-11 1.71695e-09 1.09921e-07 4.14897e-06 9.23293e-05 0.0012114 0.00937177 0.0427696 0.115404 0.18624 0.189811 0.148973 0.122369 0.0969602 0.0557624 0.0219279 0.00671633 0.00184893 0.000438887 8.31729e-05 1.28396e-05 1.64915e-06 1.73756e-07 1.50595e-08 1.07773e-09
 1.58282e-11 1.71875e-09 1.10036e-07 4.15331e-06 9.2426e-05 0.00121267 0.00938157 0.0428143 0.115524 0.186427 0.189973 0.149023 0.122307 0.0968222 0.055577 0.0217547 0.00663452 0.0018576 0.000471446 0.000101174 1.80297e-05 2.57381e-06 2.84181e-07 2.42055e-08 1.59744e-09
 1.60509e-11 1.74293e-09 1.11584e-07 4.21174e-06 9.37263e-05 0.00122973 0.00951352 0.0434157 0.117136 0.188943 0.192133 0.149657 0.12148 0.0952686 0.0537921 0.0200865 0.00550282 0.00134677 0.000315439 6.65912e-05 1.23101e-05 1.91892e-06 2.39225e-07 2.28893e-08 1.62806e-09
 1.61239e-11 1.75086e-09 1.12092e-07 4.2309e-06 9.41526e-05 0.00123532 0.00955678 0.0436128 0.117664 0.189763 0.192818 0.149801 0.121115 0.0947072 0.0532581 0.0196502 0.00520901 0.00119684 0.000256358 4.81579e-05 7.92852e-06 1.16002e-06 1.45222e-07 1.47524e-08 1.15482e-09
 1.66194e-11 1.80467e-09 1.15537e-07 4.36093e-06 9.70463e-05 0.00127329 0.00985036 0.0449497 0.121232 0.195201 0.196864 0.149117 0.116093 0.0891691 0.0502423 0.0189425 0.00530204 0.00130938 0.000290304 5.33278e-05 8.17526e-06 1.07613e-06 1.20165e-07 1.12134e-08 8.54254e-10
#obs surv len freq
 1.82221e-11 1.97871e-09 1.26679e-07 4.78149e-06 0.000106405 0.00139606 0.0107996 0.0492689 0.132703 0.212213 0.207088 0.138789 0.0874148 0.0634696 0.044555 0.0277528 0.0149527 0.0065074 0.00222934 0.000602027 0.000125036 1.91686e-05 2.09536e-06 1.59163e-07 8.22217e-09
 1.57157e-11 1.70653e-09 1.09254e-07 4.12379e-06 9.17693e-05 0.00120406 0.00931512 0.0425138 0.114738 0.185257 0.188812 0.147129 0.11847 0.0934438 0.0566366 0.0261711 0.010586 0.00395325 0.00127132 0.000327916 6.46303e-05 9.38066e-06 9.71687e-07 6.96853e-08 3.36519e-09
 1.68242e-11 1.82691e-09 1.1696e-07 4.41467e-06 9.82423e-05 0.00128898 0.00997182 0.0455041 0.12271 0.197319 0.197227 0.143588 0.104146 0.0797639 0.0522525 0.0280341 0.0124331 0.00428244 0.00110857 0.000225046 3.72086e-05 4.84826e-06 4.65444e-07 3.1187e-08 1.40784e-09
 1.70937e-11 1.85617e-09 1.18834e-07 4.48538e-06 9.9816e-05 0.00130963 0.0101317 0.0462364 0.124713 0.200702 0.2011 0.146925 0.105664 0.0779962 0.0476398 0.023295 0.00971077 0.00336016 0.000901365 0.000180841 2.66714e-05 2.86915e-06 2.25223e-07 1.27876e-08 5.09875e-10
 1.60904e-11 1.74723e-09 1.11859e-07 4.22213e-06 9.39579e-05 0.00123278 0.0095377 0.0435353 0.117544 0.18999 0.193738 0.149199 0.115406 0.0876818 0.053042 0.0250839 0.00984289 0.00313331 0.000768395 0.000143361 2.01731e-05 2.07356e-06 1.5008e-07 7.46338e-09 2.51635e-10
 1.62087e-11 1.76007e-09 1.12681e-07 4.25316e-06 9.46485e-05 0.00124185 0.0096079 0.0438567 0.118415 0.191355 0.194672 0.148236 0.11231 0.0849952 0.0530583 0.02664 0.0109763 0.00352536 0.000841134 0.000148362 1.93466e-05 1.83222e-06 1.22805e-07 5.68003e-09 1.76972e-10
 1.55483e-11 1.68836e-09 1.08091e-07 4.07989e-06 9.07929e-05 0.00119128 0.00921716 0.0420831 0.11374 0.184549 0.190594 0.150983 0.119522 0.0908961 0.055306 0.0267401 0.0106938 0.00340556 0.00081823 0.000144806 1.85307e-05 1.6742e-06 1.04592e-07 4.4473e-09 1.26766e-10
 1.65164e-11 1.79349e-09 1.14821e-07 4.33392e-06 9.64459e-05 0.00126544 0.0097908 0.044697 0.120731 0.195286 0.198852 0.150357 0.110706 0.0809226 0.0493491 0.0243089 0.00975467 0.00303755 0.000704109 0.000120383 1.50027e-05 1.32566e-06 8.05765e-08 3.2886e-09 8.84773e-11
 1.48935e-11 1.61726e-09 1.03539e-07 3.90809e-06 8.69702e-05 0.00114115 0.00883031 0.0403346 0.1092 0.178305 0.187963 0.1556 0.127349 0.0957626 0.0561911 0.0258274 0.00971752 0.00290655 0.000657096 0.000109371 1.31296e-05 1.10831e-06 6.42187e-08 2.50182e-09 6.42864e-11
 1.68139e-11 1.8258e-09 1.16889e-07 4.412e-06 9.81837e-05 0.00128826 0.00996771 0.0455103 0.122969 0.199033 0.202535 0.151421 0.108013 0.0768739 0.0467661 0.0230986 0.00906379 0.00267773 0.000577467 9.08116e-05 1.03455e-05 8.3324e-07 4.60709e-08 1.70581e-09 4.14689e-11
 1.44234e-11 1.56621e-09 1.0027e-07 3.78474e-06 8.4226e-05 0.00110519 0.00855325 0.03909 0.106036 0.174284 0.18725 0.160263 0.13309 0.0980468 0.0555663 0.0245525 0.00886999 0.00255379 0.000554276 8.72705e-05 9.6975e-06 7.43275e-07 3.8606e-08 1.33851e-09 3.04979e-11
 1.44191e-11 1.56574e-09 1.0024e-07 3.7836e-06 8.42009e-05 0.00110487 0.00855092 0.0390805 0.106003 0.174066 0.185996 0.156629 0.128456 0.0972215 0.0595197 0.0288031 0.0107937 0.00298936 0.000599154 8.72633e-05 9.17768e-06 6.78063e-07 3.40365e-08 1.13008e-09 2.43538e-11
 1.47395e-11 1.60054e-09 1.02468e-07 3.86769e-06 8.60726e-05 0.00112944 0.00874153 0.0399573 0.108421 0.178146 0.190225 0.158674 0.126862 0.0929593 0.0552075 0.0262233 0.00987856 0.00281122 0.000579524 8.4518e-05 8.55904e-06 5.91911e-07 2.75726e-08 8.53509e-10 1.72828e-11
 1.23099e-11 1.33671e-09 8.55778e-08 3.23019e-06 7.18876e-05 0.000943408 0.00730467 0.0334408 0.0912597 0.153047 0.174043 0.164832 0.148169 0.11323 0.0670894 0.0312223 0.0114316 0.00316771 0.000642229 9.31647e-05 9.42615e-06 6.46726e-07 2.93874e-08 8.69372e-10 1.65359e-11
 1.38485e-11 1.50378e-09 9.62737e-08 3.63391e-06 8.08714e-05 0.00106126 0.00821553 0.0375792 0.102197 0.169057 0.183692 0.158039 0.130607 0.0996897 0.0627997 0.0312419 0.0117751 0.00322926 0.000633778 8.83274e-05 8.59581e-06 5.69993e-07 2.51362e-08 7.221e-10 1.32858e-11
 1.43663e-11 1.56002e-09 9.9874e-08 3.76981e-06 8.38967e-05 0.00110099 0.008524 0.039002 0.106156 0.175947 0.191591 0.163575 0.130245 0.0927628 0.0536831 0.0249725 0.00920316 0.0025586 0.000512675 7.17255e-05 6.83968e-06 4.36226e-07 1.83254e-08 5.0004e-10 8.74317e-12
 1.29156e-11 1.40249e-09 8.97891e-08 3.38918e-06 7.54286e-05 0.000989986 0.00766784 0.0351362 0.0961107 0.161875 0.184219 0.170267 0.144588 0.104003 0.0583023 0.0254613 0.0086277 0.00220112 0.000411476 5.50452e-05 5.11293e-06 3.19317e-07 1.30589e-08 3.43162e-10 5.7176e-12
 1.36323e-11 1.48031e-09 9.47712e-08 3.57724e-06 7.96138e-05 0.0010449 0.00809258 0.0370682 0.101221 0.169296 0.188301 0.166108 0.13574 0.0983068 0.0573825 0.0259677 0.00880146 0.00215961 0.000377326 4.65108e-05 3.98101e-06 2.31303e-07 8.9075e-09 2.22496e-10 3.53965e-12
 1.36448e-11 1.48167e-09 9.4859e-08 3.58058e-06 7.96899e-05 0.00104598 0.00810262 0.0371377 0.101591 0.170678 0.191452 0.169835 0.13682 0.0956793 0.0536474 0.0236184 0.00795676 0.00196491 0.000343224 4.13554e-05 3.36896e-06 1.82481e-07 6.47982e-09 1.48894e-10 2.18586e-12
 1.46078e-11 1.58625e-09 1.01554e-07 3.83329e-06 8.53145e-05 0.0011198 0.00867409 0.039746 0.108581 0.181412 0.199652 0.169454 0.129166 0.0867357 0.0471369 0.0199932 0.00643459 0.00151792 0.000255227 2.98475e-05 2.36505e-06 1.23858e-07 4.20224e-09 9.10059e-11 1.24424e-12
 1.49699e-11 1.62557e-09 1.04071e-07 3.92835e-06 8.74322e-05 0.00114767 0.0088915 0.0407606 0.111472 0.18661 0.205624 0.17302 0.127761 0.0812202 0.0411383 0.0161673 0.00484039 0.00106784 0.000168232 1.84563e-05 1.37635e-06 6.81488e-08 2.1942e-09 4.51478e-11 5.85371e-13
 1.31314e-11 1.42593e-09 9.12912e-08 3.44605e-06 7.6705e-05 0.00100715 0.00780992 0.035901 0.098992 0.169607 0.197551 0.181798 0.144406 0.0934864 0.0462132 0.0172296 0.00479397 0.000970466 0.000139589 1.39963e-05 9.58014e-07 4.37462e-08 1.30439e-09 2.49449e-11 3.01551e-13
 1.43178e-11 1.55475e-09 9.95386e-08 3.75735e-06 8.36321e-05 0.001098 0.00851131 0.0390736 0.107246 0.181058 0.202824 0.174637 0.131944 0.0859725 0.044412 0.0172219 0.00482378 0.000948127 0.000128708 1.1943e-05 7.47766e-07 3.10803e-08 8.43284e-10 1.47073e-11 1.62659e-13
 1.4604e-11 1.58583e-09 1.01529e-07 3.83254e-06 8.53095e-05 0.00112015 0.00868564 0.0399033 0.109706 0.185774 0.208599 0.17798 0.129805 0.0798952 0.0389508 0.0145441 0.00403184 0.000796931 0.000108417 9.89728e-06 5.9522e-07 2.32551e-08 5.83738e-10 9.3247e-12 9.39567e-14
 1.4363e-11 1.55967e-09 9.9855e-08 3.76946e-06 8.39117e-05 0.00110203 0.00854974 0.039335 0.10853 0.185291 0.211173 0.182848 0.132606 0.0786216 0.0358642 0.0122646 0.00309047 0.000559443 7.08766e-05 6.13281e-06 3.53669e-07 1.32844e-08 3.18945e-10 4.82672e-12 4.55813e-14
 1.45099e-11 1.57563e-09 1.00877e-07 3.80813e-06 8.47765e-05 0.00111351 0.00864093 0.039774 0.109827 0.18759 0.213271 0.182928 0.130792 0.0766494 0.0345347 0.0115068 0.00276075 0.000465141 5.40005e-05 4.25764e-06 2.24478e-07 7.77508e-09 1.73778e-10 2.46656e-12 2.1938e-14
 1.37402e-11 1.49206e-09 9.55293e-08 3.60643e-06 8.02977e-05 0.00105507 0.00819541 0.0378166 0.105059 0.181959 0.212356 0.188128 0.136754 0.0794093 0.0348708 0.0112431 0.00260027 0.00041989 4.62386e-05 3.41078e-06 1.66011e-07 5.25784e-09 1.06986e-10 1.38273e-12 1.12352e-14
 1.3748e-11 1.49292e-09 9.55855e-08 3.60866e-06 8.03532e-05 0.00105597 0.00820512 0.037885 0.105348 0.182574 0.212728 0.187482 0.135843 0.0792984 0.0351319 0.0113318 0.00258172 0.000404884 4.28547e-05 3.01385e-06 1.38773e-07 4.12409e-09 7.80887e-11 9.31952e-13 6.94872e-15
#pred catch len freq
 1.13154e-11 1.22872e-09 7.86637e-08 2.96916e-06 6.60747e-05 0.00086694 0.00670735 0.0306204 0.0827633 0.134703 0.142656 0.126125 0.121882 0.109885 0.0784195 0.0500058 0.0328578 0.0222836 0.0156905 0.0116548 0.00926263 0.00795701 0.00699243 0.00542542 0.00317265
 1.66136e-11 1.80404e-09 1.15496e-07 4.35941e-06 9.70123e-05 0.00127284 0.00984673 0.0449299 0.121134 0.194682 0.19465 0.14311 0.106676 0.0817717 0.0499038 0.0242438 0.0115812 0.00610717 0.00349555 0.00214964 0.00143477 0.00106199 0.000846277 0.000631726 0.000369522
 1.53917e-11 1.67135e-09 1.07001e-07 4.03877e-06 8.98771e-05 0.00117923 0.00912296 0.041636 0.112372 0.181562 0.186052 0.148633 0.125173 0.100498 0.0582382 0.0233364 0.00765338 0.00257763 0.000966457 0.00041439 0.000206649 0.000119841 7.97564e-05 5.40649e-05 3.0524e-05
 1.65068e-11 1.79244e-09 1.14754e-07 4.33138e-06 9.63886e-05 0.00126466 0.00978356 0.0446444 0.120401 0.193804 0.19518 0.147169 0.114027 0.08829 0.0517895 0.0220222 0.00788304 0.00260086 0.000749445 0.000196661 5.58817e-05 1.98755e-05 9.24208e-06 5.0799e-06 2.60896e-06
 1.64167e-11 1.78266e-09 1.14128e-07 4.30774e-06 9.58626e-05 0.00125776 0.00973023 0.0444019 0.119759 0.192865 0.194678 0.147932 0.115905 0.0899069 0.0519996 0.0212038 0.00709961 0.0022668 0.000670132 0.000173846 3.91613e-05 8.01088e-06 1.81927e-06 5.80917e-07 2.30366e-07
 1.56572e-11 1.70019e-09 1.08848e-07 4.10845e-06 9.14278e-05 0.00119957 0.00928029 0.0423526 0.114286 0.184488 0.188279 0.148434 0.12278 0.0978843 0.0569357 0.0231275 0.00762825 0.00235809 0.000663104 0.000163972 3.60512e-05 6.8654e-06 1.11469e-06 1.70636e-07 3.22949e-08
 1.54028e-11 1.67256e-09 1.07079e-07 4.0417e-06 8.99423e-05 0.00118008 0.00912956 0.041666 0.11245 0.181663 0.186043 0.148349 0.124695 0.100297 0.0586916 0.0241258 0.00812644 0.00255476 0.00071746 0.000173443 3.65797e-05 6.63309e-06 1.01212e-06 1.28338e-07 1.39062e-08
 1.57147e-11 1.70642e-09 1.09247e-07 4.12352e-06 9.17632e-05 0.00120397 0.00931431 0.0425075 0.114699 0.185115 0.188732 0.148312 0.122131 0.0971949 0.056597 0.0231009 0.0076967 0.00240744 0.000681881 0.000167407 3.55383e-05 6.35529e-06 9.36144e-07 1.12179e-07 1.07645e-08
 1.53277e-11 1.66441e-09 1.06557e-07 4.02199e-06 8.95037e-05 0.00117433 0.00908507 0.0414633 0.111909 0.180831 0.185393 0.148351 0.125302 0.101033 0.0591878 0.0243714 0.00823828 0.00260399 0.000737035 0.000180048 3.82744e-05 6.90583e-06 1.02316e-06 1.21404e-07 1.12675e-08
 1.58367e-11 1.71967e-09 1.10095e-07 4.15554e-06 9.24756e-05 0.00121332 0.00938659 0.0428366 0.115577 0.18645 0.189705 0.148081 0.120799 0.0957654 0.0558748 0.0230086 0.00779752 0.0024794 0.000708941 0.000175206 3.74773e-05 6.76218e-06 1.00234e-06 1.1944e-07 1.11124e-08
 1.65126e-11 1.79307e-09 1.14794e-07 4.3329e-06 9.64224e-05 0.0012651 0.00978702 0.0446605 0.12045 0.193927 0.19551 0.147939 0.11515 0.0889954 0.0513956 0.0209048 0.00693953 0.00216626 0.000615267 0.000152418 3.28627e-05 5.98989e-06 8.94916e-07 1.07022e-07 9.97373e-09
 1.55108e-11 1.68429e-09 1.0783e-07 4.07003e-06 9.05727e-05 0.00118836 0.00919355 0.0419579 0.113236 0.182919 0.187264 0.149135 0.125024 0.100026 0.0576191 0.0226402 0.00698082 0.00201193 0.00054376 0.000130925 2.77985e-05 5.04934e-06 7.58042e-07 9.14185e-08 8.58655e-09
 1.53658e-11 1.66854e-09 1.06821e-07 4.03198e-06 8.9726e-05 0.00117725 0.00910763 0.0415664 0.112188 0.181291 0.185905 0.148853 0.125765 0.101187 0.0587606 0.0235731 0.0075504 0.00223006 0.000587581 0.000132358 2.62134e-05 4.54589e-06 6.66137e-07 7.96164e-08 7.48541e-09
 1.48002e-11 1.60712e-09 1.0289e-07 3.88357e-06 8.64234e-05 0.00113392 0.00877256 0.0400402 0.108112 0.17505 0.181124 0.149184 0.130811 0.107054 0.062395 0.025016 0.00800851 0.00238353 0.000641873 0.000148346 2.93823e-05 4.89003e-06 6.72853e-07 7.61255e-08 6.92051e-09
 1.45078e-11 1.57538e-09 1.00857e-07 3.80685e-06 8.47162e-05 0.00111152 0.00859935 0.0392513 0.106004 0.17182 0.178634 0.149303 0.133343 0.110041 0.0643098 0.0258461 0.0083064 0.00248053 0.000669157 0.000155407 3.12111e-05 5.29135e-06 7.3162e-07 8.07343e-08 6.98712e-09
 1.50053e-11 1.6294e-09 1.04316e-07 3.9374e-06 8.76213e-05 0.00114963 0.00889409 0.0405937 0.109589 0.177305 0.182816 0.148948 0.128804 0.104805 0.0611182 0.0246484 0.00798721 0.00240708 0.00065347 0.00015246 3.07367e-05 5.23909e-06 7.31921e-07 8.18147e-08 7.1102e-09
 1.50448e-11 1.63369e-09 1.0459e-07 3.94776e-06 8.78518e-05 0.00115266 0.00891747 0.0407 0.10987 0.177714 0.183021 0.14857 0.127911 0.104037 0.0610136 0.0250449 0.00839794 0.00261917 0.000725693 0.000171444 3.4883e-05 5.98476e-06 8.40465e-07 9.4517e-08 8.28442e-09
 1.50297e-11 1.63205e-09 1.04485e-07 3.9438e-06 8.77637e-05 0.0011515 0.00890856 0.0406599 0.109769 0.17761 0.183195 0.149407 0.129304 0.105013 0.0607264 0.0238906 0.00737995 0.00213632 0.000581223 0.000140256 2.93461e-05 5.13476e-06 7.30111e-07 8.28026e-08 7.30495e-09
 1.53378e-11 1.6655e-09 1.06627e-07 4.02463e-06 8.95625e-05 0.0011751 0.00909105 0.041491 0.111989 0.181009 0.185796 0.149222 0.12655 0.101829 0.0587825 0.023142 0.00713438 0.00202563 0.000523672 0.000117604 2.33719e-05 4.05739e-06 5.87676e-07 6.81085e-08 6.10455e-09
 1.61675e-11 1.7556e-09 1.12395e-07 4.24235e-06 9.44075e-05 0.00123867 0.00958262 0.0437301 0.117971 0.190182 0.192889 0.148953 0.119472 0.0934195 0.0533174 0.0206868 0.0062011 0.0017073 0.000433399 9.56406e-05 1.83142e-05 3.00019e-06 4.11458e-07 4.64656e-08 4.17841e-09
 1.72704e-11 1.87536e-09 1.20062e-07 4.53175e-06 0.000100848 0.00132316 0.010236 0.046706 0.125921 0.202362 0.202259 0.148439 0.109825 0.0820896 0.046133 0.017655 0.00515344 0.00136884 0.000336102 7.18223e-05 1.33576e-05 2.13244e-06 2.8266e-07 3.04179e-08 2.60278e-09
 1.65962e-11 1.80215e-09 1.15375e-07 4.35483e-06 9.69105e-05 0.0012715 0.00983659 0.0448873 0.121069 0.194982 0.196845 0.14962 0.117042 0.089884 0.0501421 0.0182765 0.00471343 0.00104823 0.000226004 4.50876e-05 8.01336e-06 1.23207e-06 1.5794e-07 1.6468e-08 1.3607e-09
 1.553e-11 1.68637e-09 1.07963e-07 4.07507e-06 9.06849e-05 0.00118983 0.00920496 0.0420104 0.113385 0.183213 0.187811 0.150183 0.126472 0.100923 0.0570974 0.0211479 0.00563957 0.00129847 0.000272717 4.85594e-05 7.38664e-06 1.00273e-06 1.19191e-07 1.18363e-08 9.41324e-10
 1.59333e-11 1.73017e-09 1.10767e-07 4.1809e-06 9.30401e-05 0.00122073 0.00944388 0.0430981 0.116282 0.18759 0.190871 0.148986 0.121411 0.0957777 0.0549342 0.02149 0.00651386 0.00177298 0.000418282 7.90984e-05 1.22025e-05 1.56696e-06 1.65082e-07 1.43074e-08 1.0239e-09
 1.64693e-11 1.78837e-09 1.14493e-07 4.32154e-06 9.61696e-05 0.00126178 0.00976139 0.0445443 0.120145 0.193507 0.195418 0.148718 0.116689 0.0902268 0.0513978 0.0199964 0.0060339 0.00166986 0.000421132 9.01873e-05 1.60626e-05 2.29261e-06 2.5312e-07 2.15595e-08 1.42281e-09
 1.67901e-11 1.8232e-09 1.16723e-07 4.40572e-06 9.80429e-05 0.00128636 0.00995147 0.0454103 0.122464 0.197099 0.198372 0.149196 0.114838 0.0875561 0.049022 0.0182135 0.00494512 0.00119538 0.000277674 5.84435e-05 1.07955e-05 1.6825e-06 2.0974e-07 2.00679e-08 1.42737e-09
 1.65701e-11 1.79931e-09 1.15194e-07 4.34798e-06 9.67581e-05 0.0012695 0.00982112 0.0448168 0.12088 0.194686 0.196586 0.149527 0.117112 0.0900553 0.0503748 0.0185115 0.0048671 0.00110475 0.000234549 4.39076e-05 7.22149e-06 1.05629e-06 1.32225e-07 1.34319e-08 1.05145e-09
 1.64103e-11 1.78196e-09 1.14083e-07 4.30606e-06 9.58253e-05 0.00125727 0.00972647 0.0443855 0.119726 0.1929 0.195124 0.149316 0.118076 0.091419 0.0515601 0.0193737 0.00537429 0.00131144 0.000288538 5.28512e-05 8.09519e-06 1.0653e-06 1.18946e-07 1.10993e-08 8.45556e-10
#obs catch len freq
 1.06022e-11 1.15127e-09 7.37055e-08 2.78202e-06 6.19104e-05 0.000812313 0.00628516 0.0287028 0.0777067 0.127438 0.13924 0.13342 0.140187 0.13266 0.0980695 0.0607797 0.0329572 0.0147352 0.00518822 0.00141274 0.000291337 4.45393e-05 4.93996e-06 3.86558e-07 2.06829e-08
 1.69823e-11 1.84407e-09 1.18059e-07 4.45615e-06 9.91652e-05 0.00130108 0.0100652 0.0459245 0.123776 0.198542 0.196425 0.13845 0.0961944 0.0745411 0.0531817 0.033064 0.0175931 0.00751262 0.0025138 0.000658931 0.000131911 1.93676e-05 2.01584e-06 1.45011e-07 7.05899e-09
 1.43455e-11 1.55775e-09 9.97285e-08 3.76426e-06 8.37686e-05 0.0010991 0.00850364 0.0388213 0.104912 0.170418 0.178066 0.148992 0.130616 0.106278 0.0644601 0.0296631 0.011911 0.00437868 0.00137459 0.000343601 6.5192e-05 9.05123e-06 8.91449e-07 6.04607e-08 2.74874e-09
 1.57692e-11 1.71235e-09 1.09626e-07 4.13785e-06 9.20823e-05 0.00120817 0.00934706 0.0426615 0.115147 0.185891 0.188869 0.144664 0.112914 0.0894573 0.0587755 0.0312949 0.0136503 0.00459492 0.00115945 0.00022859 3.64341e-05 4.5386e-06 4.1376e-07 2.61875e-08 1.11172e-09
 1.62469e-11 1.76422e-09 1.12947e-07 4.26319e-06 9.48717e-05 0.00124477 0.00963037 0.0439567 0.118662 0.191647 0.194782 0.148471 0.113212 0.0856299 0.0522591 0.025353 0.0104104 0.00351944 0.000916904 0.000177726 2.51969e-05 2.59255e-06 1.93508e-07 1.03795e-08 3.88816e-10
 1.52199e-11 1.6527e-09 1.05807e-07 3.99371e-06 8.88749e-05 0.00116611 0.00902236 0.0411932 0.11134 0.180771 0.187508 0.151185 0.123381 0.0953967 0.057488 0.0269178 0.0103849 0.00322623 0.000768303 0.000138474 1.8703e-05 1.83424e-06 1.2604e-07 5.92379e-09 1.87908e-10
 1.55266e-11 1.68601e-09 1.0794e-07 4.0742e-06 9.06662e-05 0.00118961 0.00920425 0.0420234 0.11357 0.184209 0.189988 0.150001 0.118552 0.0908917 0.0564548 0.0280056 0.011307 0.00353415 0.000817061 0.000138986 1.73785e-05 1.56916e-06 9.97522e-08 4.35533e-09 1.27579e-10
 1.49391e-11 1.62221e-09 1.03855e-07 3.92004e-06 8.72359e-05 0.00114462 0.00885675 0.0404481 0.109435 0.17829 0.186762 0.153054 0.125315 0.0959179 0.0579219 0.0276469 0.0108321 0.00335477 0.00077971 0.000132771 1.62576e-05 1.39841e-06 8.27923e-08 3.32147e-09 8.89649e-11
 1.60603e-11 1.74396e-09 1.1165e-07 4.21424e-06 9.3783e-05 0.00123052 0.0095211 0.0434748 0.117525 0.190682 0.196194 0.152161 0.11512 0.0845721 0.0511435 0.0248203 0.00973371 0.00294282 0.000659236 0.000108349 1.29031e-05 1.0836e-06 6.23131e-08 2.39665e-09 6.05546e-11
 1.4441e-11 1.56813e-09 1.00393e-07 3.78935e-06 8.43283e-05 0.00110651 0.00856294 0.0391254 0.106051 0.173897 0.185759 0.15796 0.131921 0.09902 0.0574546 0.0260026 0.00956283 0.00277542 0.000605492 9.67191e-05 1.10797e-05 8.879e-07 4.86189e-08 1.78264e-09 4.29618e-11
 1.65058e-11 1.79234e-09 1.14747e-07 4.33114e-06 9.63848e-05 0.00126467 0.00978576 0.0446885 0.120838 0.196089 0.20116 0.153153 0.111177 0.0791171 0.0475943 0.0230785 0.00881843 0.00252217 0.000524328 7.90724e-05 8.58709e-06 6.55704e-07 3.4216e-08 1.19101e-09 2.713e-11
 1.41454e-11 1.53602e-09 9.83374e-08 3.71178e-06 8.26031e-05 0.00108392 0.00838946 0.0383547 0.104167 0.171895 0.186708 0.162682 0.136129 0.0994149 0.0555414 0.0241092 0.00849444 0.00236691 0.00049416 7.44261e-05 7.86988e-06 5.71325e-07 2.79858e-08 9.11424e-10 1.94396e-11
 1.42236e-11 1.54452e-09 9.88815e-08 3.73232e-06 8.30604e-05 0.00108993 0.00843609 0.038568 0.104726 0.17255 0.186013 0.158825 0.130874 0.0981428 0.0591588 0.0280073 0.01019 0.00272568 0.000525446 7.32092e-05 7.32006e-06 5.11371e-07 2.41684e-08 7.52933e-10 1.51803e-11
 1.45846e-11 1.58372e-09 1.01391e-07 3.82706e-06 8.51691e-05 0.00111762 0.00865086 0.0395557 0.107445 0.177106 0.190615 0.16082 0.128837 0.0933982 0.0545892 0.0253722 0.00927772 0.00254588 0.000503363 7.00415e-05 6.73423e-06 4.40165e-07 1.92965e-08 5.59947e-10 1.05942e-11
 1.2217e-11 1.32663e-09 8.49323e-08 3.20584e-06 7.13466e-05 0.000936351 0.00725115 0.0332123 0.0907756 0.152882 0.175389 0.167416 0.149729 0.112772 0.0656446 0.0298529 0.0105998 0.0028304 0.000549895 7.59967e-05 7.28572e-06 4.71532e-07 2.01377e-08 5.58124e-10 9.91751e-12
 1.38103e-11 1.49963e-09 9.60083e-08 3.6239e-06 8.06496e-05 0.00105838 0.00819425 0.0374954 0.102079 0.169352 0.185128 0.16022 0.131844 0.099233 0.0613107 0.0297036 0.0108261 0.0028563 0.000536609 7.11809e-05 6.55673e-06 4.09588e-07 1.695e-08 4.55502e-10 7.81987e-12
 1.43868e-11 1.56224e-09 1.00016e-07 3.77519e-06 8.40176e-05 0.00110262 0.00853765 0.0390787 0.106473 0.176922 0.193524 0.16556 0.13064 0.0914836 0.0519143 0.0235488 0.00839438 0.00224144 0.000428798 5.69694e-05 5.13449e-06 3.08207e-07 1.21399e-08 3.09579e-10 5.04513e-12
 1.29637e-11 1.40771e-09 9.01234e-08 3.40182e-06 7.57113e-05 0.000993754 0.00769837 0.0352938 0.0966723 0.163323 0.186711 0.172502 0.144677 0.102108 0.0560232 0.0238172 0.00780049 0.00191152 0.000341179 4.33051e-05 3.79534e-06 2.22676e-07 8.52635e-09 2.09203e-10 3.24695e-12
 1.37089e-11 1.48863e-09 9.53043e-08 3.59738e-06 8.00636e-05 0.00105086 0.00814003 0.037302 0.101975 0.170984 0.190847 0.168189 0.135766 0.0964351 0.0549837 0.0241483 0.00789026 0.00185644 0.0003094 3.6171e-05 2.92008e-06 1.59263e-07 5.73532e-09 1.33566e-10 1.97662e-12
 1.37585e-11 1.49402e-09 9.56497e-08 3.61045e-06 8.03566e-05 0.00105479 0.00817235 0.0374748 0.10263 0.172817 0.194318 0.171763 0.136309 0.0933503 0.0511126 0.021839 0.00708628 0.00167462 0.000278355 3.17511e-05 2.43731e-06 1.23887e-07 4.11307e-09 8.8082e-11 1.20201e-12
 1.47588e-11 1.60264e-09 1.02604e-07 3.87295e-06 8.61991e-05 0.00113148 0.00876593 0.0401831 0.109878 0.183887 0.202608 0.17106 0.128208 0.0841344 0.0445589 0.018314 0.00567207 0.00127968 0.000204566 2.2615e-05 1.68577e-06 8.27327e-08 2.62224e-09 5.29132e-11 6.7254e-13
 1.51449e-11 1.64456e-09 1.05288e-07 3.9743e-06 8.84571e-05 0.00116119 0.00899785 0.0412652 0.112952 0.189356 0.208694 0.17434 0.126283 0.0782989 0.0386017 0.0146901 0.00422887 0.000891314 0.000133377 1.38211e-05 9.68751e-07 4.4902e-08 1.34898e-09 2.58334e-11 3.11119e-13
 1.33281e-11 1.44729e-09 9.26595e-08 3.49775e-06 7.78588e-05 0.00102241 0.00793027 0.0364763 0.100702 0.172831 0.20119 0.183328 0.142558 0.0899537 0.0432414 0.015592 0.00416719 0.000805413 0.000109984 1.04109e-05 6.69337e-07 2.85897e-08 7.94788e-10 1.41342e-11 1.58566e-13
 1.45272e-11 1.5775e-09 1.00996e-07 3.81239e-06 8.48603e-05 0.00111422 0.0086389 0.0396785 0.10901 0.184267 0.206289 0.176061 0.130293 0.0826377 0.0413976 0.0154788 0.00415576 0.00077891 0.000100313 8.78433e-06 5.16513e-07 2.00779e-08 5.07749e-10 8.23105e-12 8.44311e-14
 1.48463e-11 1.61216e-09 1.03215e-07 3.89624e-06 8.67309e-05 0.00113893 0.00883319 0.0406007 0.111718 0.189332 0.212171 0.178998 0.127555 0.0763168 0.0360747 0.012986 0.00344593 0.000648 8.34417e-05 7.17773e-06 4.05154e-07 1.48051e-08 3.46502e-10 5.14669e-12 4.81089e-14
 1.46149e-11 1.58703e-09 1.01608e-07 3.83569e-06 8.53904e-05 0.00112158 0.00870377 0.0400656 0.110646 0.189027 0.214842 0.183668 0.129962 0.0748035 0.0330458 0.010888 0.00262593 0.00045216 5.41807e-05 4.41122e-06 2.38345e-07 8.36083e-09 1.87e-10 2.6309e-12 2.30566e-14
 1.47739e-11 1.6043e-09 1.02714e-07 3.87755e-06 8.63269e-05 0.00113402 0.00880255 0.0405401 0.112037 0.191452 0.216974 0.18365 0.12802 0.0727324 0.0316742 0.0101491 0.00232766 0.000372827 4.09331e-05 3.0364e-06 1.49922e-07 4.84468e-09 1.00735e-10 1.32733e-12 1.09418e-14
 1.40151e-11 1.52192e-09 9.74422e-08 3.67876e-06 8.19144e-05 0.0010765 0.00836479 0.0386238 0.107405 0.186079 0.216285 0.188799 0.13369 0.0752346 0.0319156 0.00988682 0.0021831 0.000334697 3.48205e-05 2.41546e-06 1.10102e-07 3.25411e-09 6.1605e-11 7.38941e-13 5.56123e-15
#spawning biomass
 4366.86 5419.59 8062.36 13845.5 24011.4 36099.4 47533.4 61950.7 83046.7 111061 162948 204441 230722 235040 212495 202336 214099 191854 176203 177314 209476 209856 192900 205397 229875 230526 230135 265275 305204 13773.5 4427.96 4427.95 4427.95 4427.95 4427.95 4427.95 4427.95 4427.95 4427.95 4427.95 4427.95 4427.95 4427.95 4427.95 4427.95 4427.95 4427.95 4427.95 4427.95 4427.95 4427.95 4427.95 4427.95 4427.95 4427.95 4427.95 4427.95 4427.95 4427.95 4427.95 4427.95 4427.95 4427.95 4427.95 4427.95 4427.95 4427.95 4427.95 4427.95 4427.95 4427.95 4427.95 4427.95 4427.95 4427.95 4427.95 4427.95 4427.95 4427.95 4427.95 4427.95 4427.95 4427.95 4427.95 4427.95 4427.95 4427.95 4427.95 4427.95 4427.95 4427.95 4427.95 4427.95 4427.95 4427.95 4427.95 4427.95 4427.95 4427.95 4427.95 4427.95 4427.95 4427.95 4427.95 4427.95 4427.95 4427.95 4427.95 4427.95 4427.95 4427.95 4427.95 4427.95 4427.95 4427.95 4427.95 4427.95 4427.95 4427.95 4427.95 4427.95 4427.95 4427.95 4427.95 4427.95 4427.95 4427.95 4427.95 0 0 0 0 0 0 0 0 0 0 0 0 0 0 0 0 0 0 0 0 0 0 0 0 0
