SBPRF35
0.178135
Curr Bio
120157
B35
202031
F35
0.609473
FOFL
0.609473
OFL
75564.8
Bzero
50895.7
#pred survey bio
 7730.48 7948.61 10287.9 12027.4 18247.3 30788.2 30223.5 34041.9 47499 57643.8 70144.4 97778.8 121391 144721 139773 118131 119280 123938 114025 104505 107536 119444 117920 126616 147717 145618 135121 122554 124982 5.04159e+06 4.34492e+06 2.64487e+06 1.56399e+06 990023 708194 572467 505804 471639 453240 442886 436866 433290 431138 429827 429024 428544 428256 428083 427979 427916 427879 427856 427842 427834 427829 427825 427824 427823 427822 427821 427821 427821 427821 427821 427821 427821 427821 427821 427821 427821 427821 427821 427821 427821 427821 427821 427821 427821 427821 427821 427821 427821 427821 427821 427821 427821 427821 427821 427821 427821 427821 427821 427821 427821 427821 427821 427821 427821 427821 427821 427821 427821 427821 427821 427821 427821 427821 427821 427821 427821 427821 427821 427821 427821 427821 427821 427821 427821 427821 427821 427821 427821 427821 427821 427821 427821 427821 427821 427821 0 0 0 0 0 0 0 0 0 0 0 0 0 0 0 0 0 0 0 0 0 0 0 0 0
#obs survey bio
 6952.34 9216.46 9903.92 6845.95 27451.1 25212.9 31078.5 35481.8 44769.5 62793.2 105760 126213 143959 115198 133376 93199.1 116931 161026 96382.1 117309 109290 176767 155536 200642 180529 146701 115063 100095 115020
#pred catch bio
 4298.96 4547.73 6346.9 7781.06 9075.66 19981.8 19912.7 20487.6 30760.5 38017 43261.4 66311.7 83791.5 105305 106427 87446.8 87291.5 95142.5 90638.3 80616 79522.5 94523.3 91995.7 94647.6 119379 120915 113377 101101 40924.7 75564.8 72438.6 40690.4 21892.8 12788.7 8864.21 7294.38 6697.65 6478.88 6400.75 6373.39 6363.94 6360.72 6359.63 6359.26 6359.14 6359.1 6359.09 6359.08 6359.08 6359.08 6359.08 6359.08 6359.08 6359.08 6359.08 6359.08 6359.08 6359.08 6359.08 6359.08 6359.08 6359.08 6359.08 6359.08 6359.08 6359.08 6359.08 6359.08 6359.08 6359.08 6359.08 6359.08 6359.08 6359.08 6359.08 6359.08 6359.08 6359.08 6359.08 6359.08 6359.08 6359.08 6359.08 6359.08 6359.08 6359.08 6359.08 6359.08 6359.08 6359.08 6359.08 6359.08 6359.08 6359.08 6359.08 6359.08 6359.08 6359.08 6359.08 6359.08 6359.08 6359.08 6359.08 6359.08 6359.08 6359.08 6359.08 6359.08 6359.08 6359.08 6359.08 6359.08 6359.08 6359.08 6359.08 6359.08 6359.08 6359.08 6359.08 6359.08 6359.08 6359.08 6359.08 6359.08 6359.08 6359.08 6359.08 6359.08 6359.08 0 0 0 0 0 0 0 0 0 0 0 0 0 0 0 0 0 0 0 0 0 0 0 0 0
#obs catch bio
 4705.4 4512.73 6323.73 7857.67 8880.32 19978.5 19655.8 19962.2 30189.8 36777.4 41688.6 63912.6 82264.4 105529 105882 88449.3 87003.4 92868.5 91264.8 79414 76436.9 89938.7 89581.2 90200.5 114074 117419 110583 99678.8 40359.2
#pred cpue bio
 7054.66 6885.6 8888.37 10432.3 15039 26753.7 26589.5 28889 40654 49412 59777.6 83117 102908 123083 120781 101442 101087 105877 97127 88065.3 90731.5 100955 98993.8 106017 124104 121793 113101 102412 103602 4.54985e+06 4.31857e+06 2.61852e+06 1.53763e+06 963668 681839 546113 479450 445284 426885 416532 410512 406936 404783 403472 402669 402190 401902 401729 401625 401562 401524 401501 401487 401479 401474 401471 401469 401468 401467 401467 401467 401467 401466 401466 401466 401466 401466 401466 401466 401466 401466 401466 401466 401466 401466 401466 401466 401466 401466 401466 401466 401466 401466 401466 401466 401466 401466 401466 401466 401466 401466 401466 401466 401466 401466 401466 401466 401466 401466 401466 401466 401466 401466 401466 401466 401466 401466 401466 401466 401466 401466 401466 401466 401466 401466 401466 401466 401466 401466 401466 401466 401466 401466 401466 401466 401466 401466 401466 401466 0 0 0 0 0 0 0 0 0 0 0 0 0 0 0 0 0 0 0 0 0 0 0 0 0
#obs cpue bio
 5259.56 7963.87 8157.92 16163.2 18272 22097.7 47086.6 39008.2 57050.2 86137.5 73848.9 109632 95894.5 130719 146750 97210 117313 137737 87042.3 114063 189352 157456 98007.4 165710 196891 174139 192760 165302 124796
#pred surv len freq
 2.56717e-27 2.59913e-27 4.26545e-26 8.4584e-20 2.07347e-14 6.14407e-10 2.2007e-06 0.000952821 0.0498672 0.315474 0.241476 0.0368552 0.110875 0.102444 0.0266514 0.0353851 0.0167527 0.0150234 0.010298 0.00857229 0.00725043 0.00666426 0.00703882 0.00643305 0.00198415
 2.56989e-27 2.60617e-27 4.83919e-26 9.66855e-20 2.37013e-14 7.02311e-10 2.51556e-06 0.00108914 0.0570018 0.360609 0.275983 0.0395339 0.10702 0.0984835 0.0189844 0.0186225 0.0074493 0.00501516 0.00284394 0.00201395 0.00148951 0.00122094 0.00117436 0.00109242 0.000371338
 2.56958e-27 2.60525e-27 4.74738e-26 9.47481e-20 2.32264e-14 6.88238e-10 2.46515e-06 0.00106732 0.0558596 0.353383 0.270485 0.0407739 0.120319 0.110668 0.0196109 0.016909 0.00576929 0.00250221 0.00107837 0.000573098 0.000336361 0.000231872 0.000194457 0.000174836 6.20744e-05
 2.56923e-27 2.60431e-27 4.66385e-26 9.2986e-20 2.27944e-14 6.75439e-10 2.41931e-06 0.00104747 0.0548207 0.346811 0.265471 0.041042 0.125882 0.115823 0.0209403 0.0186314 0.00610977 0.0022236 0.000726766 0.000247545 9.87657e-05 5.04278e-05 3.40577e-05 2.78121e-05 9.92033e-06
 2.5723e-27 2.61262e-27 5.3987e-26 1.08488e-19 2.65946e-14 7.88045e-10 2.82265e-06 0.0012221 0.0639602 0.404629 0.309587 0.0389166 0.0787136 0.0722882 0.013086 0.0116687 0.00386252 0.00145624 0.000443406 0.000118161 2.8749e-05 8.81439e-06 4.05902e-06 2.73249e-06 9.41534e-07
 2.56902e-27 2.60364e-27 4.59737e-26 9.15833e-20 2.24506e-14 6.6525e-10 2.38281e-06 0.00103167 0.0539938 0.341579 0.26149 0.041884 0.135087 0.124173 0.0197979 0.0139181 0.00459108 0.00173686 0.000537307 0.000143343 2.83772e-05 5.07661e-06 1.20062e-06 5.4669e-07 1.71622e-07
 2.56818e-27 2.60145e-27 4.4127e-26 8.76878e-20 2.14956e-14 6.36953e-10 2.28146e-06 0.000987785 0.0516971 0.32705 0.250392 0.0416635 0.141207 0.130011 0.0243079 0.0227244 0.00710998 0.00203365 0.000610707 0.000164155 3.27537e-05 4.87877e-06 5.88626e-07 1.23464e-07 3.08819e-08
 2.57069e-27 2.6083e-27 5.01971e-26 1.00493e-19 2.46347e-14 7.29971e-10 2.61463e-06 0.00113204 0.0592467 0.374811 0.286831 0.0397453 0.101007 0.0929235 0.0178697 0.0174009 0.00585953 0.00234131 0.000656902 0.000140434 2.73655e-05 4.07008e-06 3.86771e-07 3.2097e-08 4.45754e-09
 2.57008e-27 2.60658e-27 4.861e-26 9.71449e-20 2.38139e-14 7.05649e-10 2.52752e-06 0.00109432 0.0572726 0.362322 0.277311 0.0407856 0.115612 0.106268 0.0178189 0.0139212 0.00473575 0.00200447 0.000643133 0.000174481 2.88986e-05 3.81883e-06 3.51914e-07 1.88843e-08 9.6536e-10
 2.56998e-27 2.6063e-27 4.83713e-26 9.66414e-20 2.36905e-14 7.01991e-10 2.51441e-06 0.00108865 0.0569758 0.360444 0.275877 0.0407979 0.116713 0.10731 0.0184967 0.0151872 0.00484974 0.00156896 0.000502875 0.000149094 3.07893e-05 4.05991e-06 3.21295e-07 1.54388e-08 3.94302e-10
 2.57035e-27 2.60731e-27 4.92648e-26 9.85264e-20 2.41525e-14 7.15683e-10 2.56346e-06 0.00110988 0.0580871 0.367475 0.281242 0.0405368 0.110958 0.101997 0.0175153 0.0142893 0.0046198 0.00157693 0.000454286 0.000109526 2.37033e-05 3.73318e-06 3.15911e-07 1.32504e-08 2.67062e-10
 2.57051e-27 2.60775e-27 4.96579e-26 9.93556e-20 2.43558e-14 7.21707e-10 2.58503e-06 0.00111922 0.058576 0.370567 0.283601 0.0403931 0.108207 0.0994647 0.017184 0.0141704 0.00457441 0.00155102 0.00045607 0.000110555 1.98276e-05 2.98071e-06 2.93657e-07 1.32546e-08 2.36009e-10
 2.57065e-27 2.6081e-27 4.99388e-26 9.9948e-20 2.45011e-14 7.2601e-10 2.60045e-06 0.00112589 0.0589252 0.372777 0.28529 0.0405294 0.108057 0.0992761 0.0162331 0.0120466 0.00389244 0.00133662 0.000392457 9.52645e-05 1.73389e-05 2.30228e-06 2.08222e-07 1.05903e-08 2.00455e-10
 2.57044e-27 2.60751e-27 4.94101e-26 9.88326e-20 2.42276e-14 7.17908e-10 2.57143e-06 0.00111333 0.0582676 0.368617 0.282117 0.0407627 0.112061 0.102958 0.016649 0.0120621 0.00380015 0.00115374 0.000335742 8.22558e-05 1.49723e-05 1.99613e-06 1.64312e-07 7.73266e-09 1.59794e-10
 2.56939e-27 2.60465e-27 4.68578e-26 9.34483e-20 2.29077e-14 6.78797e-10 2.43134e-06 0.00105268 0.0550932 0.348535 0.266797 0.0416486 0.129567 0.119084 0.019 0.0133639 0.00418716 0.00123456 0.000342263 7.58825e-05 1.37494e-05 1.84105e-06 1.50712e-07 6.53431e-09 1.27259e-10
 2.56983e-27 2.60586e-27 4.79502e-26 9.57529e-20 2.34727e-14 6.95537e-10 2.4913e-06 0.00107864 0.056452 0.357131 0.273353 0.0411532 0.121191 0.111396 0.018378 0.0138799 0.00432895 0.00123399 0.000337418 7.19356e-05 1.19327e-05 1.52206e-06 1.24868e-07 5.34084e-09 9.67318e-11
 2.57066e-27 2.60812e-27 4.99567e-26 9.99858e-20 2.45103e-14 7.26284e-10 2.60143e-06 0.00112632 0.0589475 0.372918 0.285398 0.0405471 0.108116 0.0993294 0.0162268 0.0120136 0.00380138 0.00117445 0.000320805 6.62869e-05 1.06494e-05 1.25836e-06 9.63749e-08 4.08611e-09 7.25369e-11
 2.57014e-27 2.60668e-27 4.8659e-26 9.72481e-20 2.38392e-14 7.06398e-10 2.5302e-06 0.00109548 0.0573335 0.362707 0.277611 0.0411347 0.118059 0.108458 0.0170086 0.0114967 0.00361561 0.001093 0.000305954 6.7372e-05 1.06673e-05 1.2136e-06 8.64252e-08 3.41091e-09 5.93674e-11
 2.57032e-27 2.60718e-27 4.90976e-26 9.81734e-20 2.4066e-14 7.1312e-10 2.55427e-06 0.0011059 0.057879 0.366158 0.280244 0.0409854 0.115073 0.10571 0.016656 0.0113802 0.00351604 0.000959156 0.000262932 5.73452e-05 9.5373e-06 1.10735e-06 7.58514e-08 2.78529e-09 4.52389e-11
 2.57096e-27 2.60891e-27 5.0617e-26 1.01379e-19 2.48518e-14 7.36402e-10 2.63767e-06 0.00114201 0.0597687 0.378113 0.289366 0.040609 0.105799 0.097134 0.0148074 0.00932229 0.0028812 0.000794329 0.000210931 4.21001e-05 6.84563e-06 8.15937e-07 5.77059e-08 2.0503e-09 3.10381e-11
 2.57088e-27 2.60868e-27 5.04065e-26 1.00935e-19 2.47429e-14 7.33177e-10 2.62612e-06 0.00113701 0.0595069 0.376457 0.288103 0.0407288 0.107598 0.0987828 0.0148919 0.00909714 0.00277 0.000698424 0.000183783 3.6619e-05 5.56532e-06 6.2715e-07 4.49165e-08 1.64142e-09 2.41804e-11
 2.57079e-27 2.60844e-27 5.02084e-26 1.00517e-19 2.46405e-14 7.30141e-10 2.61524e-06 0.0011323 0.0592605 0.374898 0.286912 0.0406891 0.108133 0.0993006 0.0154217 0.0101747 0.00308851 0.000753215 0.000192017 3.54956e-05 5.33525e-06 5.75237e-07 3.85346e-08 1.40802e-09 2.11768e-11
 2.57117e-27 2.60947e-27 5.11111e-26 1.02421e-19 2.51073e-14 7.43974e-10 2.66479e-06 0.00115375 0.0603832 0.382001 0.292333 0.040514 0.102991 0.094532 0.0141408 0.00845542 0.00259396 0.000687221 0.000175721 3.13191e-05 4.42958e-06 4.55889e-07 2.93646e-08 1.00808e-09 1.50151e-11
 2.57132e-27 2.60986e-27 5.14514e-26 1.03139e-19 2.52832e-14 7.49188e-10 2.68346e-06 0.00116184 0.0608064 0.384678 0.294376 0.0404334 0.100943 0.0926385 0.0137468 0.00803084 0.00242326 0.000578029 0.000149021 2.84195e-05 3.96912e-06 3.86123e-07 2.33989e-08 7.66978e-10 1.0808e-11
 2.57113e-27 2.60935e-27 5.10066e-26 1.022e-19 2.50532e-14 7.42371e-10 2.65905e-06 0.00115127 0.0602532 0.381178 0.291705 0.0405305 0.103558 0.0950608 0.0143419 0.00877775 0.00264248 0.000614359 0.000153073 2.68762e-05 3.88486e-06 3.87852e-07 2.23819e-08 6.87517e-10 9.18993e-12
 2.57137e-27 2.61e-27 5.15679e-26 1.03385e-19 2.53435e-14 7.50973e-10 2.68986e-06 0.00116461 0.0609513 0.385594 0.295076 0.0404558 0.100621 0.0923276 0.0134414 0.00741282 0.00224175 0.000547352 0.000136527 2.32403e-05 3.14798e-06 3.07301e-07 1.83027e-08 5.42427e-10 6.79846e-12
 2.57131e-27 2.60983e-27 5.14072e-26 1.03046e-19 2.52604e-14 7.48511e-10 2.68104e-06 0.00116079 0.0607514 0.38433 0.294113 0.0406011 0.102404 0.0939513 0.0133375 0.00676492 0.00201101 0.000440499 0.000109373 1.93757e-05 2.59301e-06 2.39625e-07 1.36778e-08 4.12035e-10 5.03212e-12
 2.5714e-27 2.61008e-27 5.16273e-26 1.0351e-19 2.53742e-14 7.51883e-10 2.69312e-06 0.00116602 0.0610251 0.386061 0.295434 0.0405351 0.100973 0.0926317 0.0131224 0.00660522 0.0019428 0.000390532 9.27628e-05 1.50146e-05 2.03108e-06 1.90082e-07 1.03656e-08 2.98295e-10 3.64645e-12
 2.57185e-27 2.61131e-27 5.27236e-26 1.05823e-19 2.59412e-14 7.68683e-10 2.75329e-06 0.00119207 0.0623887 0.394688 0.302015 0.0401285 0.0932561 0.0855291 0.0121982 0.00628551 0.00184832 0.000368458 8.56216e-05 1.27489e-05 1.59566e-06 1.43068e-07 7.90079e-09 2.19702e-10 2.56997e-12
#obs surv len freq
 1.768e-41 2.45386e-33 4.11686e-26 8.34892e-20 2.04664e-14 6.06456e-10 2.17223e-06 0.0009405 0.049222 0.311393 0.238511 0.0440442 0.151913 0.128681 0.0361435 0.0276887 0.00831368 0.00258563 0.000501271 5.81834e-05 2.93312e-06 4.68064e-08 1.767e-10 1.27146e-13 1.51089e-17
 2.1732e-41 3.01625e-33 5.06039e-26 1.02624e-19 2.5157e-14 7.45448e-10 2.67007e-06 0.00115605 0.060503 0.382759 0.292977 0.0420221 0.0974431 0.0780162 0.0224819 0.0162695 0.00472459 0.00137558 0.000242837 2.45015e-05 1.02383e-06 1.28576e-08 3.66017e-11 1.93079e-14 1.65262e-18
 1.72246e-41 2.39066e-33 4.01082e-26 8.13387e-20 1.99392e-14 5.90836e-10 2.11628e-06 0.000916275 0.0479542 0.303373 0.232581 0.0512279 0.181877 0.135854 0.0266972 0.0142497 0.00399146 0.00108657 0.00017503 1.52444e-05 5.21006e-07 5.10604e-09 1.0938e-11 4.23164e-15 2.61305e-19
 2.08205e-41 2.88975e-33 4.84816e-26 9.83197e-20 2.41019e-14 7.14183e-10 2.55809e-06 0.00110756 0.0579655 0.366707 0.280845 0.0458606 0.114227 0.0820014 0.0286874 0.0183143 0.00348612 0.000688817 9.9714e-05 7.48485e-06 2.07872e-07 1.57515e-09 2.52481e-12 7.15524e-16 3.19092e-20
 2.3707e-41 3.29037e-33 5.52029e-26 1.1195e-19 2.74433e-14 8.13195e-10 2.91273e-06 0.00126111 0.0660016 0.417545 0.319634 0.0442772 0.0790803 0.0520916 0.0117456 0.00617409 0.00178751 0.000362848 3.41356e-05 2.00447e-06 4.49222e-08 2.62215e-10 3.12917e-13 6.47185e-17 2.08165e-21
 1.31887e-41 1.8305e-33 3.07105e-26 6.22803e-20 1.52673e-14 4.52397e-10 1.62041e-06 0.000701583 0.0367181 0.232293 0.178967 0.0712209 0.272327 0.166461 0.0280066 0.0107829 0.00206636 0.000408143 4.45139e-05 1.85116e-06 2.90518e-08 1.27663e-10 1.13191e-13 1.70546e-17 3.94816e-22
 2.21279e-41 3.07121e-33 5.15258e-26 1.04493e-19 2.56153e-14 7.59029e-10 2.71872e-06 0.00117711 0.0616053 0.389734 0.298536 0.0467885 0.0891788 0.0566393 0.0353828 0.0181631 0.00246461 0.000301727 2.57527e-05 1.05392e-06 1.24477e-08 3.67229e-11 2.30454e-14 2.50856e-18 4.17711e-23
 1.98451e-41 2.75437e-33 4.62103e-26 9.37136e-20 2.29728e-14 6.80726e-10 2.43825e-06 0.00105568 0.05525 0.34953 0.268315 0.0610437 0.155428 0.0827929 0.0160475 0.00741556 0.00271313 0.000385539 1.97568e-05 5.54913e-07 5.51316e-09 1.24117e-11 5.27918e-15 3.89334e-19 4.52687e-24
 2.02626e-41 2.81232e-33 4.71825e-26 9.56851e-20 2.34561e-14 6.95047e-10 2.48954e-06 0.00107789 0.0564123 0.356884 0.27402 0.0614513 0.14325 0.0736999 0.023034 0.00858629 0.00131229 0.000250589 1.95577e-05 3.91166e-07 2.4454e-09 4.08967e-12 1.31442e-15 6.84032e-20 5.38222e-25
 1.98331e-41 2.75271e-33 4.61823e-26 9.36569e-20 2.29589e-14 6.80314e-10 2.43677e-06 0.00105504 0.0552165 0.34932 0.268531 0.0669611 0.154006 0.0735647 0.0217793 0.00792946 0.00145911 0.000163658 1.08668e-05 2.74206e-07 1.43553e-09 1.53187e-12 3.30602e-16 1.24155e-20 7.0734e-26
 2.09911e-41 2.91343e-33 4.88788e-26 9.91252e-20 2.42994e-14 7.20035e-10 2.57905e-06 0.00111664 0.0584404 0.369717 0.284158 0.0658437 0.133141 0.0601823 0.0196371 0.00651264 0.0011172 0.000124956 6.07338e-06 1.14793e-07 6.02255e-10 5.74684e-13 8.79378e-17 2.15246e-21 8.23371e-27
 2.0496e-41 2.84471e-33 4.77258e-26 9.6787e-20 2.37262e-14 7.03051e-10 2.51821e-06 0.0010903 0.057062 0.360998 0.277928 0.0730318 0.146096 0.0605228 0.0171285 0.00516917 0.000878864 8.79008e-05 3.80509e-06 5.42141e-08 2.03622e-10 1.62643e-13 2.17054e-17 4.22043e-22 1.14651e-27
 1.99634e-41 2.77079e-33 4.64857e-26 9.42721e-20 2.31097e-14 6.84783e-10 2.45278e-06 0.00106197 0.0555792 0.351622 0.271242 0.0796429 0.154362 0.0611451 0.019371 0.00516167 0.00074024 6.65108e-05 2.51046e-06 2.93927e-08 8.26628e-11 4.64216e-14 4.58147e-18 7.06745e-23 1.54933e-28
 1.86806e-41 2.59274e-33 4.34986e-26 8.82143e-20 2.16247e-14 6.4078e-10 2.29517e-06 0.000993728 0.0520078 0.329034 0.254817 0.0913511 0.175485 0.0667333 0.0228668 0.00582827 0.000818181 6.05831e-05 1.87608e-06 1.79945e-08 3.96482e-11 1.65503e-14 1.15687e-18 1.25045e-23 1.97472e-29
 1.68888e-41 2.34406e-33 3.93265e-26 7.97533e-20 1.95506e-14 5.79319e-10 2.07503e-06 0.000898415 0.0470195 0.297486 0.231892 0.106426 0.201275 0.0763252 0.030166 0.00740348 0.00103483 7.02873e-05 1.77933e-06 1.31529e-08 2.23527e-11 7.08372e-15 3.66216e-19 2.8494e-24 3.16888e-30
 1.913e-41 2.65512e-33 4.45452e-26 9.03367e-20 2.2145e-14 6.56196e-10 2.35039e-06 0.00101764 0.0532591 0.336959 0.261728 0.0954221 0.154603 0.0609361 0.0280099 0.00698723 0.00100994 6.433e-05 1.42258e-06 8.33745e-09 1.05707e-11 2.47277e-15 9.4385e-20 5.38652e-25 4.34549e-31
 1.8604e-41 2.58211e-33 4.33202e-26 8.78525e-20 2.1536e-14 6.38151e-10 2.28575e-06 0.000989653 0.0517945 0.327707 0.25598 0.109597 0.169312 0.057299 0.0209882 0.00544297 0.000834858 5.20245e-05 1.03283e-06 5.02629e-09 4.94313e-12 8.53583e-16 2.35392e-20 9.67737e-26 5.63452e-32
 1.8429e-41 2.55782e-33 4.29127e-26 8.70261e-20 2.13334e-14 6.32148e-10 2.26425e-06 0.000980343 0.0513073 0.324638 0.25468 0.11673 0.167766 0.0574782 0.0213846 0.0044032 0.00059337 3.66554e-05 6.72094e-07 2.79367e-09 2.20468e-12 2.91761e-16 5.95477e-21 1.76979e-26 7.35974e-33
 1.8678e-41 2.59239e-33 4.34927e-26 8.82024e-20 2.16218e-14 6.40693e-10 2.29486e-06 0.000993594 0.0520008 0.329039 0.259014 0.121149 0.159703 0.0539213 0.0197719 0.00393547 0.00044657 2.23743e-05 3.64004e-07 1.3136e-09 8.51626e-13 8.86245e-17 1.3777e-21 3.04583e-27 9.25289e-34
 1.94415e-41 2.69836e-33 4.52705e-26 9.18077e-20 2.25056e-14 6.66882e-10 2.38866e-06 0.00103421 0.0541264 0.342501 0.270006 0.121298 0.144302 0.0470609 0.0162641 0.00307108 0.000320015 1.31602e-05 1.65796e-07 4.83188e-10 2.55899e-13 2.12529e-17 2.56498e-22 4.30551e-28 9.76282e-35
 1.93965e-41 2.69211e-33 4.51657e-26 9.1595e-20 2.24535e-14 6.65337e-10 2.38313e-06 0.00103181 0.0540011 0.341735 0.271059 0.129841 0.142725 0.0435092 0.013535 0.00233495 0.000218209 7.70938e-06 7.64453e-08 1.66574e-10 6.66366e-14 4.26555e-18 3.98057e-23 5.11966e-29 8.78346e-36
 1.98521e-41 2.75535e-33 4.62267e-26 9.37467e-20 2.29809e-14 6.80966e-10 2.43911e-06 0.00105605 0.0552697 0.349786 0.278335 0.131353 0.131449 0.0394772 0.0114155 0.00171414 0.000136803 4.05798e-06 3.2412e-08 5.38983e-11 1.58201e-14 7.36332e-19 5.04438e-24 4.81878e-30 6.17784e-37
 1.91352e-41 2.65584e-33 4.45573e-26 9.03613e-20 2.2151e-14 6.56375e-10 2.35103e-06 0.00101791 0.0532739 0.337216 0.271724 0.146924 0.138164 0.0396207 0.0105195 0.00143852 9.62692e-05 2.28754e-06 1.43823e-08 1.84029e-11 4.04233e-15 1.37334e-19 6.76343e-25 4.62498e-31 4.25885e-38
 1.95382e-41 2.71177e-33 4.54956e-26 9.22642e-20 2.26175e-14 6.70197e-10 2.40054e-06 0.00103935 0.0543959 0.344355 0.278486 0.146133 0.126225 0.0382821 0.00981383 0.00119806 6.83186e-05 1.29637e-06 6.20985e-09 5.9685e-12 9.76869e-16 2.44698e-20 8.78032e-26 4.32704e-32 2.84798e-39
 1.93529e-41 2.68605e-33 4.50641e-26 9.13891e-20 2.2403e-14 6.63841e-10 2.37777e-06 0.00102949 0.0538802 0.341168 0.279031 0.155799 0.124296 0.0353193 0.00843593 0.000989431 4.8569e-05 7.39232e-07 2.70461e-09 1.92092e-12 2.29368e-16 4.17945e-21 1.08912e-26 3.88645e-33 1.84471e-40
 1.87345e-41 2.60022e-33 4.36241e-26 8.84687e-20 2.16871e-14 6.42627e-10 2.30179e-06 0.000996595 0.0521587 0.330389 0.274932 0.169571 0.127223 0.0360336 0.00784021 0.00081734 3.54171e-05 4.44306e-07 1.25151e-09 6.60259e-13 5.73456e-17 7.51494e-22 1.40256e-27 3.5831e-34 1.21827e-41
 1.79861e-41 2.49635e-33 4.18814e-26 8.49346e-20 2.08207e-14 6.16956e-10 2.20984e-06 0.000956783 0.0500757 0.31736 0.269868 0.183764 0.130908 0.038388 0.00791122 0.000739643 2.69288e-05 2.7699e-07 6.15287e-10 2.44896e-13 1.55972e-17 1.47617e-22 1.97236e-28 3.58883e-35 8.66917e-43
 1.82816e-41 2.53736e-33 4.25696e-26 8.63302e-20 2.11628e-14 6.27094e-10 2.24615e-06 0.000972504 0.0508989 0.322689 0.276432 0.182216 0.121692 0.0370631 0.00737385 0.000641393 1.98349e-05 1.62991e-07 2.81225e-10 8.53396e-14 4.05553e-18 2.80868e-23 2.70919e-29 3.52947e-36 6.07406e-44
 1.82823e-41 2.53746e-33 4.25712e-26 8.63336e-20 2.11637e-14 6.27118e-10 2.24623e-06 0.000972543 0.0509009 0.322701 0.276448 0.182483 0.122649 0.0364628 0.0068221 0.000543318 1.484e-05 1.04444e-07 1.50828e-10 3.77329e-14 1.46412e-18 8.22569e-24 6.4069e-30 6.71755e-37 9.28156e-45
#pred catch len freq
 2.56656e-27 2.59751e-27 4.12559e-26 8.16336e-20 2.00115e-14 5.92976e-10 2.12394e-06 0.000919586 0.0481278 0.30447 0.233075 0.0369422 0.117439 0.108531 0.0282349 0.0374875 0.017748 0.015916 0.0109099 0.00908161 0.0076812 0.00706021 0.00745703 0.00681526 0.00210204
 2.56945e-27 2.60498e-27 4.7352e-26 9.44917e-20 2.31635e-14 6.86376e-10 2.45848e-06 0.00106443 0.0557084 0.352427 0.269739 0.0397759 0.113248 0.104236 0.0200933 0.0197103 0.00788444 0.00530811 0.00301006 0.0021316 0.00157652 0.00129226 0.00124296 0.00115623 0.00039303
 2.56928e-27 2.60443e-27 4.67536e-26 9.32288e-20 2.28539e-14 6.77202e-10 2.42562e-06 0.0010502 0.0549638 0.347716 0.266161 0.0409809 0.124932 0.114925 0.0203654 0.0175595 0.00599124 0.00259847 0.00111985 0.000595145 0.000349301 0.000240792 0.000201938 0.000181562 6.44625e-05
 2.56903e-27 2.60375e-27 4.61441e-26 9.19431e-20 2.25387e-14 6.67863e-10 2.39217e-06 0.00103572 0.0542059 0.342921 0.262503 0.0411848 0.129054 0.118751 0.0214697 0.0191024 0.00626422 0.00227981 0.000745138 0.000253803 0.000101263 5.17026e-05 3.49187e-05 2.85152e-05 1.01711e-05
 2.5718e-27 2.61128e-27 5.28073e-26 1.06e-19 2.59845e-14 7.69968e-10 2.7579e-06 0.00119406 0.062493 0.395348 0.302505 0.0392573 0.0862819 0.0792738 0.0143506 0.0127963 0.00423577 0.00159697 0.000486254 0.00012958 3.15271e-05 9.66617e-06 4.45126e-06 2.99654e-06 1.03252e-06
 2.56882e-27 2.60309e-27 4.54869e-26 9.05563e-20 2.21988e-14 6.57789e-10 2.35609e-06 0.0010201 0.0533882 0.337749 0.258567 0.0420403 0.13833 0.127162 0.0202746 0.0142532 0.00470162 0.00177868 0.000550244 0.000146795 2.90605e-05 5.19884e-06 1.22952e-06 5.59852e-07 1.75754e-07
 2.568e-27 2.60097e-27 4.36998e-26 8.67866e-20 2.12747e-14 6.30407e-10 2.25801e-06 0.000977633 0.0511658 0.323689 0.247827 0.041785 0.143933 0.132528 0.0247785 0.0231644 0.00724762 0.00207302 0.00062253 0.000167333 3.33877e-05 4.97322e-06 6.00021e-07 1.25855e-07 3.14797e-08
 2.57038e-27 2.60745e-27 4.94493e-26 9.89158e-20 2.4248e-14 7.18512e-10 2.57359e-06 0.00111427 0.0583167 0.368927 0.282341 0.0399488 0.10571 0.0972671 0.018705 0.0182143 0.00613343 0.00245075 0.000687608 0.000146998 2.86447e-05 4.26034e-06 4.0485e-07 3.35974e-08 4.6659e-09
 2.5699e-27 2.60607e-27 4.81576e-26 9.61905e-20 2.35799e-14 6.98716e-10 2.50268e-06 0.00108357 0.0567099 0.358762 0.274595 0.0409244 0.118577 0.109002 0.0182774 0.0142794 0.0048576 0.00205605 0.000659681 0.00017897 2.96422e-05 3.91708e-06 3.60969e-07 1.93702e-08 9.90198e-10
 2.56983e-27 2.60589e-27 4.80078e-26 9.58746e-20 2.35025e-14 6.96421e-10 2.49446e-06 0.00108001 0.0565237 0.357584 0.273695 0.0409082 0.119085 0.109499 0.018874 0.0154969 0.00494864 0.00160095 0.000513131 0.000152134 3.14172e-05 4.14271e-06 3.27848e-07 1.57536e-08 4.02344e-10
 2.57007e-27 2.60656e-27 4.85954e-26 9.71142e-20 2.38064e-14 7.05425e-10 2.52672e-06 0.00109397 0.0572545 0.362208 0.277223 0.0407403 0.115329 0.10603 0.0182079 0.0148543 0.00480247 0.00163928 0.000472249 0.000113856 2.46405e-05 3.88079e-06 3.28403e-07 1.37743e-08 2.77621e-10
 2.57043e-27 2.60752e-27 4.94547e-26 9.89269e-20 2.42507e-14 7.18593e-10 2.57388e-06 0.00111439 0.0583232 0.368968 0.282381 0.0404546 0.109532 0.100687 0.0173952 0.0143446 0.00463063 0.00157008 0.000461674 0.000111914 2.00713e-05 3.01734e-06 2.97266e-07 1.34175e-08 2.38909e-10
 2.57061e-27 2.60798e-27 4.98289e-26 9.97162e-20 2.44442e-14 7.24326e-10 2.59441e-06 0.00112328 0.0587885 0.371912 0.28463 0.0405642 0.108785 0.0999474 0.0163428 0.0121281 0.00391876 0.00134565 0.00039511 9.59086e-05 1.74562e-05 2.31785e-06 2.0963e-07 1.06619e-08 2.01811e-10
 2.57051e-27 2.60772e-27 4.9589e-26 9.92102e-20 2.43202e-14 7.2065e-10 2.58125e-06 0.00111758 0.0584902 0.370025 0.283192 0.0407054 0.110871 0.10186 0.0164715 0.0119335 0.00375963 0.00114144 0.000332162 8.13788e-05 1.48127e-05 1.97485e-06 1.6256e-07 7.65021e-09 1.5809e-10
 2.5696e-27 2.60521e-27 4.73602e-26 9.45081e-20 2.31675e-14 6.86495e-10 2.45891e-06 0.00106461 0.0557181 0.352488 0.269813 0.0414861 0.126211 0.11599 0.0185064 0.0130167 0.00407837 0.00120249 0.00033337 7.3911e-05 1.33922e-05 1.79322e-06 1.46796e-07 6.36455e-09 1.23952e-10
 2.56995e-27 2.60619e-27 4.82485e-26 9.63822e-20 2.36269e-14 7.00109e-10 2.50767e-06 0.00108573 0.056823 0.359478 0.275144 0.041059 0.119216 0.109574 0.0180775 0.013653 0.00425817 0.00121382 0.000331901 7.07594e-05 1.17376e-05 1.49717e-06 1.22827e-07 5.25351e-09 9.51502e-11
 2.57075e-27 2.60836e-27 5.01632e-26 1.00421e-19 2.46171e-14 7.29449e-10 2.61276e-06 0.00113123 0.0592043 0.374543 0.286638 0.0404815 0.106746 0.098066 0.0160204 0.0118608 0.00375303 0.00115951 0.000316725 6.54438e-05 1.0514e-05 1.24235e-06 9.51491e-08 4.03414e-09 7.16143e-11
 2.57035e-27 2.60727e-27 4.91766e-26 9.83401e-20 2.41069e-14 7.1433e-10 2.55861e-06 0.00110778 0.0579773 0.36678 0.280718 0.0409651 0.114585 0.105257 0.0165065 0.0111574 0.00350888 0.00106074 0.000296922 6.53832e-05 1.03524e-05 1.17777e-06 8.38739e-08 3.31022e-09 5.76148e-11
 2.57062e-27 2.60801e-27 4.98316e-26 9.97217e-20 2.44456e-14 7.24366e-10 2.59456e-06 0.00112334 0.0587918 0.371933 0.284649 0.0407453 0.11015 0.101172 0.015941 0.0108917 0.0033651 0.000917982 0.000251645 5.48835e-05 9.12789e-06 1.05982e-06 7.25952e-08 2.66573e-09 4.32969e-11
 2.57117e-27 2.60947e-27 5.11144e-26 1.02428e-19 2.5109e-14 7.44024e-10 2.66497e-06 0.00115383 0.0603873 0.382027 0.292352 0.0404424 0.102433 0.0940326 0.0143346 0.00902463 0.0027892 0.000768966 0.000204196 4.07558e-05 6.62705e-06 7.89885e-07 5.58634e-08 1.98483e-09 3.0047e-11
 2.57099e-27 2.60897e-27 5.06658e-26 1.01482e-19 2.4877e-14 7.3715e-10 2.64035e-06 0.00114317 0.0598294 0.378497 0.28966 0.0406411 0.105837 0.0971604 0.0146473 0.00894774 0.0027245 0.000686954 0.000180764 3.60175e-05 5.47392e-06 6.1685e-07 4.41788e-08 1.61446e-09 2.37833e-11
 2.57106e-27 2.60919e-27 5.08736e-26 1.0192e-19 2.49844e-14 7.40334e-10 2.65175e-06 0.00114811 0.0600878 0.380132 0.290905 0.0404687 0.10365 0.095169 0.0147801 0.00975131 0.00296 0.000721875 0.000184028 3.40187e-05 5.11326e-06 5.51302e-07 3.69313e-08 1.34944e-09 2.02957e-11
 2.5714e-27 2.61009e-27 5.16597e-26 1.03578e-19 2.5391e-14 7.5238e-10 2.6949e-06 0.00116679 0.0610655 0.386317 0.295626 0.0403277 0.09926 0.0910941 0.0136265 0.00814791 0.00249962 0.000662228 0.00016933 3.01801e-05 4.26848e-06 4.39309e-07 2.82966e-08 9.71417e-10 1.44691e-11
 2.57144e-27 2.6102e-27 5.17533e-26 1.03776e-19 2.54394e-14 7.53815e-10 2.70004e-06 0.00116901 0.0611819 0.387054 0.296188 0.0403301 0.0988836 0.0907412 0.0134653 0.00786636 0.00237363 0.00056619 0.000145969 2.78375e-05 3.88783e-06 3.78215e-07 2.29197e-08 7.51269e-10 1.05866e-11
 2.57144e-27 2.61021e-27 5.17698e-26 1.0381e-19 2.54479e-14 7.54066e-10 2.70094e-06 0.0011694 0.0612024 0.387183 0.296286 0.0402722 0.0983742 0.0902841 0.0136212 0.00833668 0.0025097 0.000583488 0.000145381 2.55257e-05 3.68965e-06 3.68363e-07 2.12572e-08 6.5297e-10 8.72815e-12
 2.57174e-27 2.61101e-27 5.24694e-26 1.05286e-19 2.58097e-14 7.64788e-10 2.73934e-06 0.00118603 0.0620726 0.392688 0.300488 0.0401436 0.0944434 0.0866369 0.0126129 0.00695592 0.00210358 0.000513615 0.000128112 2.18079e-05 2.95395e-06 2.88361e-07 1.71746e-08 5.08994e-10 6.37944e-12
 2.57171e-27 2.61092e-27 5.23824e-26 1.05103e-19 2.57647e-14 7.63454e-10 2.73456e-06 0.00118396 0.0619643 0.392003 0.299967 0.0402576 0.0956768 0.0877556 0.0124579 0.0063188 0.00187839 0.000411449 0.00010216 1.8098e-05 2.42201e-06 2.23823e-07 1.27758e-08 3.84862e-10 4.70027e-12
 2.57176e-27 2.61104e-27 5.2485e-26 1.05319e-19 2.58177e-14 7.65026e-10 2.74019e-06 0.0011864 0.0620918 0.39281 0.300582 0.0402322 0.0950512 0.0871779 0.0123498 0.00621633 0.00182841 0.000367539 8.73013e-05 1.41306e-05 1.91149e-06 1.78891e-07 9.7553e-09 2.80732e-10 3.43176e-12
 2.57094e-27 2.60882e-27 5.0506e-26 1.01144e-19 2.47943e-14 7.347e-10 2.63157e-06 0.00113937 0.0596305 0.377239 0.288703 0.0409084 0.108543 0.099609 0.0142062 0.00732024 0.00215259 0.000429114 9.97167e-05 1.48476e-05 1.85834e-06 1.6662e-07 9.20143e-09 2.5587e-10 2.99305e-12
#obs catch len freq
 1.75387e-41 2.43426e-33 4.08397e-26 8.28222e-20 2.03029e-14 6.01612e-10 2.15487e-06 0.000932986 0.0488288 0.308905 0.236613 0.044114 0.153602 0.130129 0.0366699 0.0281916 0.00863216 0.00275692 0.000552941 6.62023e-05 3.45818e-06 5.73827e-08 2.25029e-10 1.6789e-13 2.06474e-17
 1.77069e-41 2.45759e-33 4.12313e-26 8.36161e-20 2.04975e-14 6.07379e-10 2.17553e-06 0.00094193 0.0492969 0.311867 0.238932 0.0459889 0.155661 0.12482 0.0359941 0.0260882 0.00767001 0.0022771 0.000415898 4.35829e-05 1.88709e-06 2.45234e-08 7.21991e-11 3.92999e-14 3.46222e-18
 2.18116e-41 3.0273e-33 5.07893e-26 1.03e-19 2.52491e-14 7.48178e-10 2.67985e-06 0.00116028 0.0607246 0.384161 0.294091 0.043315 0.0988726 0.0747504 0.0221529 0.0150803 0.00428974 0.00118496 0.000195838 1.76905e-05 6.28882e-07 6.37743e-09 1.40759e-11 5.59693e-15 3.54424e-19
 1.73764e-41 2.41173e-33 4.04618e-26 8.20558e-20 2.0115e-14 5.96044e-10 2.13493e-06 0.000924353 0.0483769 0.306047 0.234716 0.0537685 0.18381 0.128998 0.0256306 0.0130685 0.00358754 0.00092127 0.000137949 1.06573e-05 3.06986e-07 2.41091e-09 3.98262e-12 1.15746e-15 5.27743e-20
 2.10144e-41 2.91665e-33 4.89329e-26 9.9235e-20 2.43263e-14 7.20833e-10 2.58191e-06 0.00111788 0.0585052 0.370121 0.283517 0.0474989 0.114152 0.0771901 0.0278946 0.0163566 0.00299391 0.000569096 7.61905e-05 5.02442e-06 1.1648e-07 7.02184e-10 8.63697e-13 1.83299e-16 6.02416e-21
 2.38699e-41 3.31298e-33 5.55821e-26 1.12719e-19 2.76318e-14 8.18781e-10 2.93274e-06 0.00126978 0.066455 0.420414 0.321874 0.0453681 0.0780669 0.0481379 0.0110656 0.00548817 0.00154654 0.000285277 2.48926e-05 1.28915e-06 2.39086e-08 1.10235e-10 1.00481e-13 1.55179e-17 3.67172e-22
 1.35368e-41 1.87882e-33 3.15211e-26 6.39242e-20 1.56703e-14 4.64339e-10 1.66319e-06 0.000720102 0.0376873 0.238425 0.183864 0.0756548 0.271304 0.154591 0.0261459 0.0094801 0.00176453 0.000328315 3.18545e-05 1.14582e-06 1.49535e-08 5.16978e-11 3.48606e-14 3.91125e-18 6.64943e-23
 2.24194e-41 3.11166e-33 5.22046e-26 1.0587e-19 2.59527e-14 7.69026e-10 2.75453e-06 0.00119262 0.0624167 0.394868 0.302531 0.0481723 0.0870192 0.0525731 0.033589 0.0154038 0.00198469 0.000229125 1.78546e-05 6.20151e-07 5.9595e-09 1.38383e-11 6.60055e-15 5.33863e-19 6.51764e-24
 2.02145e-41 2.80564e-33 4.70704e-26 9.54578e-20 2.34004e-14 6.93396e-10 2.48363e-06 0.00107533 0.0562783 0.356036 0.273433 0.0634015 0.151078 0.0748576 0.0147238 0.00656231 0.00225772 0.000280704 1.29877e-05 3.15486e-07 2.53474e-09 4.43184e-12 1.42913e-15 7.83156e-20 6.66909e-25
 2.06606e-41 2.86755e-33 4.81092e-26 9.75645e-20 2.39168e-14 7.08698e-10 2.53844e-06 0.00109906 0.0575203 0.363894 0.279531 0.0636373 0.138207 0.066577 0.0211369 0.00712355 0.00106912 0.000189309 1.24762e-05 2.0868e-07 1.06547e-09 1.38535e-12 3.35723e-16 1.29545e-20 7.46763e-26
 2.02696e-41 2.81328e-33 4.71986e-26 9.57178e-20 2.34641e-14 6.95284e-10 2.49039e-06 0.00107825 0.0564316 0.357009 0.2746 0.069345 0.147812 0.0660411 0.0197965 0.0066089 0.00115178 0.000117397 6.97573e-06 1.43022e-07 5.91125e-10 4.89562e-13 7.98606e-17 2.22032e-21 9.25625e-27
 2.14191e-41 2.97284e-33 4.98755e-26 1.01147e-19 2.47949e-14 7.34718e-10 2.63164e-06 0.00113941 0.0596321 0.377257 0.290109 0.0677766 0.126526 0.0536532 0.0176132 0.00533085 0.00086906 8.70723e-05 3.68267e-06 5.80869e-08 2.39061e-10 1.73657e-13 1.99566e-17 3.61897e-22 1.0125e-27
 2.09571e-41 2.90871e-33 4.87997e-26 9.89648e-20 2.426e-14 7.1887e-10 2.57487e-06 0.00111483 0.0583459 0.369123 0.284379 0.0751536 0.138195 0.0535634 0.0151814 0.0042062 0.000672832 6.00347e-05 2.23263e-06 2.60825e-08 7.73544e-11 4.70472e-14 4.67798e-18 6.70709e-23 1.33352e-28
 2.04647e-41 2.84036e-33 4.7653e-26 9.66392e-20 2.369e-14 7.01977e-10 2.51437e-06 0.00108864 0.0569748 0.360454 0.278295 0.0819016 0.145393 0.0541491 0.0170135 0.0041265 0.000556484 4.44808e-05 1.42786e-06 1.35686e-08 2.98303e-11 1.27409e-14 9.36597e-19 1.06127e-23 1.69598e-29
 1.92449e-41 2.67106e-33 4.48126e-26 9.0879e-20 2.22779e-14 6.60136e-10 2.3645e-06 0.00102375 0.0535788 0.338977 0.262831 0.0940545 0.164983 0.0592908 0.0199664 0.00464797 0.00060359 3.94301e-05 1.03544e-06 7.99989e-09 1.3682e-11 4.32075e-15 2.24467e-19 1.78054e-24 2.04496e-30
 1.75208e-41 2.43177e-33 4.07981e-26 8.27376e-20 2.02822e-14 6.00997e-10 2.15267e-06 0.000932034 0.048779 0.308623 0.24099 0.109857 0.189355 0.0685087 0.0262498 0.00590127 0.000756177 4.47891e-05 9.49344e-07 5.62965e-09 7.39495e-12 1.76556e-15 6.76435e-20 3.85716e-25 3.11886e-31
 1.97235e-41 2.73749e-33 4.59271e-26 9.31393e-20 2.2832e-14 6.76554e-10 2.42331e-06 0.00104921 0.0549114 0.347419 0.270216 0.0975462 0.143804 0.0547424 0.0240239 0.00552256 0.000722293 3.97878e-05 7.27495e-07 3.38631e-09 3.30376e-12 5.80813e-16 1.63919e-20 6.84368e-26 4.01018e-32
 1.92224e-41 2.66795e-33 4.47603e-26 9.07731e-20 2.2252e-14 6.59366e-10 2.36174e-06 0.00102255 0.0535164 0.33861 0.264954 0.111733 0.156636 0.0507111 0.01788 0.00431091 0.000591264 3.15401e-05 5.11668e-07 1.95886e-09 1.47225e-12 1.90376e-16 3.87489e-21 1.16382e-26 4.91564e-33
 1.90658e-41 2.64621e-33 4.43956e-26 9.00335e-20 2.20707e-14 6.53994e-10 2.3425e-06 0.00101422 0.0530804 0.335867 0.264009 0.118636 0.154626 0.0510167 0.0179004 0.00340995 0.000416028 2.1817e-05 3.22999e-07 1.04603e-09 6.26628e-13 6.18259e-17 9.29028e-22 2.01476e-27 6.07376e-34
 1.93166e-41 2.68101e-33 4.49795e-26 9.12176e-20 2.23609e-14 6.62595e-10 2.37331e-06 0.00102756 0.0537785 0.340301 0.268443 0.12257 0.146419 0.047745 0.0163963 0.0030007 0.000303231 1.29615e-05 1.69518e-07 4.7232e-10 2.30854e-13 1.78288e-17 2.03455e-22 3.27644e-28 7.20934e-35
 2.00583e-41 2.78395e-33 4.67066e-26 9.472e-20 2.32195e-14 6.88036e-10 2.46443e-06 0.00106702 0.0558434 0.353381 0.279163 0.121971 0.131351 0.0413761 0.0133175 0.00230798 0.000211636 7.32497e-06 7.40688e-08 1.66281e-10 6.60471e-14 4.05222e-18 3.57861e-23 4.36636e-29 7.16167e-36
 2.00208e-41 2.77876e-33 4.66195e-26 9.45433e-20 2.31762e-14 6.86753e-10 2.45984e-06 0.00106502 0.0557393 0.352755 0.280446 0.129983 0.129237 0.0379498 0.0109494 0.00172758 0.000141125 4.14877e-06 3.26938e-08 5.46924e-11 1.63804e-14 7.72393e-19 5.2583e-24 4.90414e-30 6.0758e-37
 2.04605e-41 2.83979e-33 4.76433e-26 9.66197e-20 2.36852e-14 7.01835e-10 2.51386e-06 0.00108841 0.0569635 0.36053 0.287554 0.130817 0.1184 0.0342228 0.00909129 0.00124164 8.61423e-05 2.11013e-06 1.32847e-08 1.68547e-11 3.69269e-15 1.26407e-19 6.30615e-25 4.35883e-31 4.02681e-38
 1.97737e-41 2.74447e-33 4.60441e-26 9.33765e-20 2.28902e-14 6.78277e-10 2.42948e-06 0.00105188 0.0550517 0.348503 0.28161 0.145959 0.124235 0.0341965 0.0083064 0.00102435 5.9002e-05 1.15072e-06 5.67108e-09 5.509e-12 9.00011e-16 2.24423e-20 8.03973e-26 3.97419e-32 2.63377e-39
 2.01674e-41 2.7991e-33 4.69608e-26 9.52355e-20 2.33459e-14 6.91781e-10 2.47785e-06 0.00107282 0.0561478 0.355485 0.288274 0.144456 0.113146 0.0329005 0.00763902 0.000835388 4.06162e-05 6.26783e-07 2.3416e-09 1.70272e-12 2.06686e-16 3.79189e-21 9.88401e-27 3.51863e-33 1.66617e-40
 1.99899e-41 2.77447e-33 4.65475e-26 9.43973e-20 2.31404e-14 6.85692e-10 2.45604e-06 0.00106338 0.0556539 0.35245 0.289108 0.153389 0.110983 0.030123 0.0065205 0.000677759 2.8052e-05 3.44358e-07 9.76575e-10 5.22906e-13 4.6206e-17 6.15579e-22 1.16363e-27 2.99632e-34 1.0225e-41
 1.93957e-41 2.69199e-33 4.51637e-26 9.1591e-20 2.24525e-14 6.65308e-10 2.38302e-06 0.00103177 0.0539999 0.342119 0.28563 0.166524 0.113569 0.0305643 0.00598733 0.000550936 1.99533e-05 1.99828e-07 4.33652e-10 1.71844e-13 1.10208e-17 1.05449e-22 1.42612e-28 2.6264e-35 6.41432e-43
 1.8674e-41 2.59183e-33 4.34834e-26 8.81834e-20 2.16171e-14 6.40555e-10 2.29436e-06 0.000993382 0.0519915 0.329591 0.281282 0.18014 0.117066 0.0324468 0.00598361 0.000488844 1.4774e-05 1.20481e-07 2.04848e-10 6.09957e-14 2.8622e-18 1.97527e-23 1.91091e-29 2.50513e-36 4.34458e-44
 1.88845e-41 2.62105e-33 4.39735e-26 8.91774e-20 2.18608e-14 6.47775e-10 2.32023e-06 0.00100458 0.0525775 0.33327 0.282926 0.17453 0.115359 0.0336103 0.00621561 0.000491324 1.33615e-05 9.37941e-08 1.35239e-10 3.38004e-14 1.3107e-18 7.36045e-24 5.73107e-30 6.0074e-37 8.29867e-45
#spawning biomass
 7577.59 7708.41 9971.35 11666.4 17523.9 29874.6 29400 32878.2 45951.5 55782.6 67801.6 94466.1 117215 139831 135475 114357 115169 119854 110205 100792 103740 115267 113646 121965 142384 140238 130148 118006 120157 214336 197500 111199 60067.3 35303 24627.8 20357.6 18734.4 18139.3 17926.8 17852.4 17826.7 17817.9 17815 17814 17813.6 17813.5 17813.5 17813.5 17813.5 17813.5 17813.5 17813.5 17813.5 17813.5 17813.5 17813.5 17813.5 17813.5 17813.5 17813.5 17813.5 17813.5 17813.5 17813.5 17813.5 17813.5 17813.5 17813.5 17813.5 17813.5 17813.5 17813.5 17813.5 17813.5 17813.5 17813.5 17813.5 17813.5 17813.5 17813.5 17813.5 17813.5 17813.5 17813.5 17813.5 17813.5 17813.5 17813.5 17813.5 17813.5 17813.5 17813.5 17813.5 17813.5 17813.5 17813.5 17813.5 17813.5 17813.5 17813.5 17813.5 17813.5 17813.5 17813.5 17813.5 17813.5 17813.5 17813.5 17813.5 17813.5 17813.5 17813.5 17813.5 17813.5 17813.5 17813.5 17813.5 17813.5 17813.5 17813.5 17813.5 17813.5 17813.5 17813.5 17813.5 17813.5 17813.5 17813.5 17813.5 0 0 0 0 0 0 0 0 0 0 0 0 0 0 0 0 0 0 0 0 0 0 0 0 0
