SBPRF35
0.178135
Curr Bio
195842
B35
201826
F35
0.928025
FOFL
0.928025
OFL
88416.8
Bzero
50895.7
#pred survey bio
 4025.65 5781.5 9540.96 17116.1 30131 37260.2 30586.4 36313.2 61813.8 87963.1 95975.7 121989 155730 176681 167373 155250 151306 134023 142856 158754 168474 176081 195324 194141 206824 197061 198862 232272 6.85354e+06 5.68877e+06 3.30739e+06 1.72181e+06 1.02935e+06 741940 614069 550709 516176 496154 484161 476872 472418 469691 468014 466981 466362 465990 465766 465631 465550 465501 465472 465454 465443 465436 465432 465430 465429 465428 465427 465427 465427 465427 465427 465427 465427 465427 465427 465427 465427 465427 465427 465427 465427 465426 465426 465426 465426 465426 465426 465426 465426 465426 465426 465426 465426 465426 465426 465426 465426 465426 465426 465426 465426 465426 465426 465426 465426 465426 465426 465426 465426 465426 465426 465426 465426 465426 465426 465426 465426 465426 465426 465426 465426 465426 465426 465426 465426 465426 465426 465426 465426 465426 465426 465426 465426 465426 465426 465426 0 0 0 0 0 0 0 0 0 0 0 0 0 0 0 0 0 0 0 0 0 0 0 0 0
#obs survey bio
 3069.06 5548.4 8600.87 21063.9 28599.2 28183.1 24303.5 42765.1 46786.9 78726 91751.4 111002 134598 131785 134295 90967.7 132530 63480.9 104435 114866 124676 178006 114795 211034 172971 134149 123361 164028
#pred catch bio
 1344.43 2241.07 3087.88 5894.67 11044.3 19002.7 15894.7 15573.4 27421.9 45801.4 44584 60724.6 80293.4 97280.3 93538.5 84585.6 88877.9 74565.6 79333.5 90225.5 101764 100147 120382 115703 129436 119846 113230 97973.1 88416.8 105214 61459.3 26204.6 12712.4 8458.41 7223.9 6883.46 6792.85 6769.35 6763.37 6761.87 6761.5 6761.41 6761.38 6761.38 6761.38 6761.38 6761.38 6761.38 6761.38 6761.38 6761.38 6761.38 6761.38 6761.38 6761.38 6761.38 6761.38 6761.38 6761.38 6761.38 6761.38 6761.38 6761.38 6761.38 6761.38 6761.38 6761.38 6761.38 6761.38 6761.38 6761.38 6761.38 6761.38 6761.38 6761.38 6761.38 6761.38 6761.38 6761.38 6761.38 6761.38 6761.38 6761.38 6761.38 6761.38 6761.38 6761.38 6761.38 6761.38 6761.38 6761.38 6761.38 6761.38 6761.38 6761.38 6761.38 6761.38 6761.38 6761.38 6761.38 6761.38 6761.38 6761.38 6761.38 6761.38 6761.38 6761.38 6761.38 6761.38 6761.38 6761.38 6761.38 6761.38 6761.38 6761.38 6761.38 6761.38 6761.38 6761.38 6761.38 6761.38 6761.38 6761.38 6761.38 6761.38 6761.38 6761.38 6761.38 0 0 0 0 0 0 0 0 0 0 0 0 0 0 0 0 0 0 0 0 0 0 0 0 0
#obs catch bio
 2452.66 2339.08 2890.05 5334.24 9777.38 17050.6 16671.2 14990.5 26303.4 43730.3 39905.5 55976.9 72684.3 92614.3 92610.5 87213.9 82217.1 70163.2 77630.9 87344.3 94172.4 94497.2 112165 99730.5 122128 109218 108258 93179.1
#pred cpue bio
 2542.29 3030.64 4516.8 8318.2 14495.1 21101 17938.2 17229.4 27882.5 42615 48116.6 60667.4 74292.8 87578.5 86317 79643.5 77336.3 67443.9 68752.6 75326.8 80323.3 80267.2 91430.3 89062.4 94879.1 91050.2 91787.4 105909 3.58469e+06 4.39562e+06 3.04144e+06 1.56689e+06 881131 594100 466252 402895 368362 348340 336347 329058 324603 321876 320200 319166 318547 318175 317952 317817 317736 317687 317657 317639 317628 317622 317618 317616 317614 317613 317613 317613 317612 317612 317612 317612 317612 317612 317612 317612 317612 317612 317612 317612 317612 317612 317612 317612 317612 317612 317612 317612 317612 317612 317612 317612 317612 317612 317612 317612 317612 317612 317612 317612 317612 317612 317612 317612 317612 317612 317612 317612 317612 317612 317612 317612 317612 317612 317612 317612 317612 317612 317612 317612 317612 317612 317612 317612 317612 317612 317612 317612 317612 317612 317612 317612 317612 317612 317612 317612 0 0 0 0 0 0 0 0 0 0 0 0 0 0 0 0 0 0 0 0 0 0 0 0 0
#obs cpue bio
 3090.7 3174.82 7994.69 13470.8 22388.4 30383.6 16816.8 20206.9 38720.8 64296.4 84809.6 91012.4 124027 120519 104943 110691 164066 152974 100038 122674 160913 97136.7 209013 168443 124501 194817 164247 194342
#pred surv len freq
 1.62754e-11 1.76654e-09 1.13058e-07 4.26647e-06 9.49342e-05 0.00124557 0.00963681 0.0439783 0.118555 0.190189 0.188227 0.13321 0.0934321 0.0715332 0.0489539 0.030913 0.0201937 0.0135945 0.00949768 0.0070124 0.00555575 0.00477356 0.00420561 0.00327339 0.0019196
 1.77424e-11 1.92576e-09 1.23249e-07 4.65102e-06 0.000103491 0.00135784 0.0105053 0.0479392 0.1292 0.207002 0.203611 0.140679 0.0938058 0.068237 0.0435462 0.0240863 0.0130265 0.0069196 0.00369633 0.00213575 0.00137987 0.00100873 0.000802316 0.000600204 0.000352084
 1.84518e-11 2.00277e-09 1.28177e-07 4.83699e-06 0.000107629 0.00141213 0.0109253 0.0498544 0.134344 0.215097 0.210874 0.143777 0.0930324 0.0653619 0.0395029 0.0195751 0.00908165 0.00401849 0.00165804 0.000683097 0.00030762 0.000164689 0.00010614 7.15149e-05 4.0427e-05
 1.78634e-11 1.9389e-09 1.2409e-07 4.68275e-06 0.000104197 0.0013671 0.010577 0.0482679 0.130103 0.208588 0.205822 0.143919 0.0980202 0.0714402 0.0437256 0.0217271 0.00992762 0.00414649 0.00150696 0.000498509 0.000159817 5.43846e-05 2.27565e-05 1.1817e-05 5.98874e-06
 1.81484e-11 1.96984e-09 1.26069e-07 4.75746e-06 0.000105859 0.00138891 0.0107457 0.0490361 0.132153 0.21171 0.208123 0.143451 0.0950154 0.0681807 0.0420387 0.0214585 0.0101138 0.00428187 0.00153638 0.000478916 0.000132354 3.31825e-05 8.34727e-06 2.52898e-06 9.36751e-07
 1.42849e-11 1.55048e-09 9.92308e-08 3.74466e-06 8.33236e-05 0.00109325 0.00845897 0.0386177 0.104305 0.168947 0.174846 0.144056 0.127013 0.106624 0.0675198 0.0335307 0.0152381 0.00637384 0.00230878 0.000726882 0.000197603 4.55816e-05 9.04868e-06 1.66671e-06 3.37136e-07
 1.42477e-11 1.54645e-09 9.89726e-08 3.73492e-06 8.31067e-05 0.00109041 0.00843684 0.0385145 0.103996 0.168208 0.172972 0.139787 0.12082 0.102741 0.0697184 0.0397825 0.0206042 0.00892516 0.00309582 0.000915292 0.000239681 5.42511e-05 1.02806e-05 1.60815e-06 2.14871e-07
 1.88013e-11 2.0407e-09 1.30605e-07 4.92862e-06 0.000109668 0.00143888 0.0111321 0.0507957 0.136846 0.218824 0.213212 0.141872 0.0873188 0.0600265 0.0380343 0.0212146 0.0111332 0.00516026 0.0020043 0.000652663 0.000174696 3.81676e-05 6.91308e-06 1.03193e-06 1.2378e-07
 1.87716e-11 2.03748e-09 1.30398e-07 4.92082e-06 0.000109494 0.0014366 0.0111146 0.0507179 0.136665 0.218763 0.214233 0.145397 0.0929653 0.0640282 0.0370234 0.0165996 0.00673512 0.00270489 0.00102178 0.000348196 0.000102004 2.44105e-05 4.62276e-06 6.82941e-07 7.84602e-08
 1.74079e-11 1.88946e-09 1.20925e-07 4.56334e-06 0.00010154 0.00133225 0.0103075 0.0470408 0.126837 0.203689 0.202578 0.145866 0.104694 0.0780494 0.046296 0.0208491 0.00820394 0.00293741 0.000893864 0.000240037 6.15021e-05 1.46165e-05 2.94837e-06 4.68902e-07 5.62535e-08
 1.6804e-11 1.82391e-09 1.1673e-07 4.40504e-06 9.80176e-05 0.00128603 0.00995003 0.0454121 0.122481 0.196974 0.197232 0.145567 0.109103 0.0837003 0.05053 0.0233738 0.00951004 0.00344922 0.00101872 0.000246341 5.16279e-05 9.64926e-06 1.64016e-06 2.47912e-07 3.06884e-08
 1.73944e-11 1.888e-09 1.20832e-07 4.55981e-06 0.000101461 0.00133121 0.0102994 0.047003 0.126721 0.203381 0.20171 0.143799 0.101647 0.076074 0.0472331 0.0237873 0.0108328 0.00428291 0.00135377 0.000348082 7.45708e-05 1.30899e-05 1.88727e-06 2.30048e-07 2.40633e-08
 1.79079e-11 1.94374e-09 1.24399e-07 4.69442e-06 0.000104457 0.00137051 0.0106034 0.0483887 0.130434 0.209163 0.206599 0.144999 0.0993301 0.0721916 0.0431675 0.0202586 0.00855905 0.00332659 0.00110327 0.000308464 7.1821e-05 1.34407e-05 1.9877e-06 2.30901e-07 2.10471e-08
 1.6931e-11 1.83769e-09 1.17612e-07 4.43831e-06 9.8758e-05 0.00129575 0.0100252 0.0457547 0.1234 0.198417 0.198503 0.146033 0.108785 0.0828924 0.0494135 0.0222257 0.00873474 0.00313996 0.000958185 0.000249175 5.70325e-05 1.11647e-05 1.77609e-06 2.19977e-07 2.05886e-08
 1.61816e-11 1.75636e-09 1.12407e-07 4.24189e-06 9.43874e-05 0.00123841 0.00958167 0.0437338 0.117995 0.190085 0.191868 0.145654 0.114249 0.0899116 0.0546973 0.0253848 0.0103441 0.00373987 0.00109407 0.000260912 5.37342e-05 9.62219e-06 1.467e-06 1.84373e-07 1.81652e-08
 1.65022e-11 1.79116e-09 1.14634e-07 4.32592e-06 9.62572e-05 0.00126294 0.00977139 0.0445977 0.120298 0.193573 0.194342 0.144813 0.110382 0.0858932 0.0528609 0.0254467 0.0109159 0.00411637 0.0012463 0.000305251 6.25077e-05 1.05795e-05 1.46974e-06 1.68627e-07 1.57475e-08
 1.65651e-11 1.79799e-09 1.15071e-07 4.34241e-06 9.66242e-05 0.00126775 0.00980862 0.0447674 0.120752 0.194279 0.194929 0.144927 0.11004 0.0853513 0.0523122 0.0250039 0.0106842 0.00407928 0.00128018 0.000331113 7.15752e-05 1.25772e-05 1.76037e-06 1.94874e-07 1.69162e-08
 1.6667e-11 1.80904e-09 1.15778e-07 4.36911e-06 9.72183e-05 0.00127555 0.00986894 0.0450427 0.121495 0.195478 0.196147 0.145848 0.11063 0.0853075 0.0512861 0.0234031 0.00937039 0.00339609 0.00102569 0.000257927 5.55973e-05 1.00473e-05 1.46935e-06 1.68885e-07 1.48486e-08
 1.76796e-11 1.91895e-09 1.22812e-07 4.63456e-06 0.000103125 0.00135304 0.0104682 0.0477729 0.12879 0.206647 0.204686 0.145188 0.101478 0.0747184 0.044808 0.0209335 0.00865408 0.00317194 0.00094055 0.000227259 4.68752e-05 8.20215e-06 1.18698e-06 1.38556e-07 1.25919e-08
 1.7707e-11 1.92192e-09 1.23003e-07 4.64174e-06 0.000103284 0.00135513 0.0104845 0.0478475 0.128996 0.207026 0.205282 0.146174 0.102758 0.0754317 0.0441736 0.0194241 0.0073839 0.00257013 0.000755574 0.000184048 3.78424e-05 6.44838e-06 8.95808e-07 1.00814e-07 9.00106e-09
 1.75521e-11 1.90511e-09 1.21927e-07 4.60114e-06 0.000102381 0.00134328 0.0103928 0.0474301 0.127882 0.20533 0.204035 0.146438 0.104412 0.077249 0.0451631 0.0196326 0.00728325 0.00243967 0.000675233 0.000151787 2.9206e-05 4.82729e-06 6.61739e-07 7.29488e-08 6.30323e-09
 1.82859e-11 1.98476e-09 1.27024e-07 4.79349e-06 0.000106661 0.00139943 0.0108271 0.0494089 0.133173 0.213467 0.21043 0.146529 0.0986449 0.0701374 0.0401989 0.0170166 0.00605553 0.00194811 0.000518882 0.000110485 1.96979e-05 2.98065e-06 3.76188e-07 3.9124e-08 3.26996e-09
 1.77713e-11 1.92891e-09 1.2345e-07 4.65861e-06 0.00010366 0.00136006 0.0105226 0.0480216 0.129467 0.207792 0.206089 0.146859 0.103292 0.0755298 0.0435252 0.0183072 0.00642321 0.00203544 0.000533919 0.000111185 1.91751e-05 2.76875e-06 3.27154e-07 3.13262e-08 2.4079e-09
 1.80892e-11 1.96341e-09 1.25658e-07 4.74194e-06 0.000105514 0.00138438 0.0107107 0.0488788 0.131759 0.211319 0.20887 0.14693 0.100842 0.0724819 0.0413632 0.017131 0.00585109 0.00180054 0.000458278 9.1627e-05 1.50499e-05 2.07605e-06 2.34721e-07 2.13465e-08 1.53805e-09
 1.80955e-11 1.96409e-09 1.25702e-07 4.74359e-06 0.000105551 0.00138487 0.0107145 0.0488958 0.131805 0.211387 0.208915 0.146901 0.100748 0.0723929 0.0413379 0.0171546 0.00587742 0.00181061 0.000458907 9.06609e-05 1.45683e-05 1.94541e-06 2.10833e-07 1.82755e-08 1.25362e-09
 1.78691e-11 1.93951e-09 1.24129e-07 4.68423e-06 0.00010423 0.00136754 0.0105805 0.0482854 0.130176 0.208914 0.207124 0.147377 0.103295 0.0750945 0.0426495 0.0172465 0.00562695 0.00165353 0.00040684 7.84585e-05 1.2284e-05 1.59854e-06 1.68582e-07 1.41298e-08 9.2992e-10
 1.79836e-11 1.95194e-09 1.24924e-07 4.71424e-06 0.000104898 0.0013763 0.0106482 0.0485939 0.130998 0.210149 0.207959 0.146943 0.101714 0.0735431 0.042089 0.0174905 0.00599343 0.00183478 0.000455829 8.65172e-05 1.31503e-05 1.6602e-06 1.70463e-07 1.39221e-08 8.91505e-10
 1.83058e-11 1.98692e-09 1.27162e-07 4.79871e-06 0.000106777 0.00140096 0.0108389 0.0494625 0.133316 0.213679 0.210559 0.14641 0.0983072 0.0698341 0.040139 0.0171368 0.00617188 0.00198907 0.000518833 0.000104777 1.70263e-05 2.23817e-06 2.30822e-07 1.85182e-08 1.15625e-09
#obs surv len freq
 1.2913e-11 1.40159e-09 8.97015e-08 3.38506e-06 7.53221e-05 0.000988278 0.00764701 0.0349167 0.094376 0.153325 0.160468 0.136123 0.124968 0.111725 0.0814853 0.0501737 0.0267335 0.0116341 0.00400632 0.00108549 0.000226259 3.50778e-05 3.91616e-06 3.05423e-07 1.61806e-08
 1.83766e-11 1.99461e-09 1.27655e-07 4.81729e-06 0.000107191 0.00140638 0.0108809 0.0496531 0.133806 0.214196 0.209477 0.140736 0.0879798 0.0623319 0.0424244 0.025543 0.0133274 0.00564619 0.00187965 0.000488176 9.66909e-05 1.41287e-05 1.47604e-06 1.07093e-07 5.2541e-09
 1.56133e-11 1.69467e-09 1.08459e-07 4.0929e-06 9.10726e-05 0.00119493 0.00924589 0.0422127 0.114021 0.184526 0.189297 0.149271 0.120426 0.0935459 0.0556985 0.0253419 0.0100375 0.00362726 0.00112123 0.000277427 5.23139e-05 7.22697e-06 7.08534e-07 4.79349e-08 2.1817e-09
 1.80527e-11 1.95946e-09 1.25405e-07 4.73239e-06 0.000105302 0.00138161 0.0106896 0.0487874 0.131558 0.211175 0.208791 0.145205 0.0956343 0.0677359 0.0427735 0.0223801 0.00961926 0.00318827 0.000790637 0.00015287 2.3916e-05 2.93744e-06 2.65355e-07 1.66993e-08 7.06369e-10
 1.66252e-11 1.80451e-09 1.15489e-07 4.35818e-06 9.69755e-05 0.00127239 0.00984519 0.0449478 0.121377 0.196075 0.199042 0.150515 0.112419 0.0825423 0.048159 0.0218183 0.00834763 0.00269806 0.000687409 0.000131422 1.83897e-05 1.86515e-06 1.3721e-07 7.26824e-09 2.69769e-10
 7.26218e-12 7.88242e-10 5.04475e-08 1.90375e-06 4.23626e-05 0.000555925 0.00430499 0.0197265 0.0541588 0.0939204 0.122452 0.156322 0.188375 0.170017 0.108402 0.0527752 0.0207945 0.00639248 0.00146871 0.00025327 3.29916e-05 3.16199e-06 2.1422e-07 9.96141e-09 3.12931e-10
 1.60023e-11 1.7369e-09 1.11161e-07 4.19489e-06 9.33419e-05 0.0012247 0.0094759 0.0432534 0.116685 0.187558 0.186192 0.131301 0.0922023 0.079337 0.0686931 0.0484148 0.0245483 0.00854717 0.00206556 0.000355633 4.39807e-05 3.8648e-06 2.37706e-07 1.00747e-08 2.88616e-10
 1.8007e-11 1.95449e-09 1.25087e-07 4.7204e-06 0.000105035 0.00137814 0.0106635 0.0486824 0.131417 0.211768 0.211924 0.15107 0.0997753 0.065865 0.0369778 0.0177428 0.00809368 0.00328119 0.00100636 0.000212035 2.96229e-05 2.72549e-06 1.65548e-07 6.6458e-09 1.75627e-10
 1.59242e-11 1.72842e-09 1.10619e-07 4.17443e-06 9.28876e-05 0.00121879 0.00943187 0.0430847 0.116591 0.189775 0.197282 0.156715 0.120769 0.0864519 0.0481591 0.0205779 0.00717016 0.00207051 0.000493792 9.61855e-05 1.4303e-05 1.48132e-06 1.0042e-07 4.3292e-09 1.17425e-10
 1.46868e-11 1.59412e-09 1.02024e-07 3.85007e-06 8.56706e-05 0.00112413 0.00870015 0.0397583 0.10776 0.176459 0.187246 0.156359 0.128172 0.096538 0.0575661 0.0269129 0.00991627 0.00274921 0.000555952 8.33132e-05 9.51022e-06 8.24178e-07 5.19659e-08 2.24786e-09 6.34187e-11
 1.42275e-11 1.54426e-09 9.88327e-08 3.72967e-06 8.29918e-05 0.001089 0.00842891 0.0385292 0.104529 0.17172 0.183912 0.156282 0.130081 0.0992506 0.0608133 0.0296826 0.0114593 0.00332378 0.00069655 0.000103895 1.09103e-05 7.98534e-07 4.05735e-08 1.42763e-09 3.43835e-11
 1.67105e-11 1.81377e-09 1.16081e-07 4.38057e-06 9.74748e-05 0.001279 0.00989812 0.0452168 0.122341 0.198709 0.203837 0.154002 0.109315 0.0760747 0.0453847 0.0221094 0.00857961 0.00251964 0.000539543 8.25093e-05 8.8082e-06 6.40217e-07 3.10566e-08 9.92275e-10 2.07067e-11
 1.52527e-11 1.65554e-09 1.05954e-07 3.99842e-06 8.89728e-05 0.00116751 0.00903729 0.0413192 0.112153 0.184314 0.196533 0.162493 0.126555 0.0880621 0.0480504 0.0205875 0.00717145 0.00198039 0.000412598 6.24271e-05 6.63963e-06 4.81632e-07 2.32405e-08 7.31591e-10 1.47948e-11
 1.28791e-11 1.3979e-09 8.9466e-08 3.37622e-06 7.51294e-05 0.000985948 0.00763458 0.0349519 0.0953335 0.159402 0.179291 0.165709 0.144971 0.108452 0.062634 0.0279555 0.00961439 0.00245951 0.000458493 6.22421e-05 6.09217e-06 4.1777e-07 1.93973e-08 5.92514e-10 1.16535e-11
 1.22473e-11 1.32933e-09 8.50773e-08 3.21061e-06 7.14452e-05 0.00093764 0.00726156 0.0332597 0.0908488 0.152532 0.173249 0.162717 0.145473 0.113343 0.0701576 0.0338598 0.0123421 0.00325249 0.000605802 7.91121e-05 7.17409e-06 4.45623e-07 1.86869e-08 5.20923e-10 9.48837e-12
 1.36768e-11 1.48449e-09 9.50077e-08 3.58536e-06 7.97839e-05 0.00104705 0.00810782 0.0371146 0.101132 0.168148 0.184757 0.161158 0.132981 0.0994865 0.0611472 0.0298848 0.0111976 0.0030703 0.000596472 8.02461e-05 7.31825e-06 4.44108e-07 1.76859e-08 4.57325e-10 7.60819e-12
 1.3519e-11 1.46737e-09 9.39119e-08 3.54403e-06 7.88658e-05 0.00103507 0.00801696 0.0367266 0.100316 0.167977 0.187747 0.167536 0.13791 0.0986537 0.0563666 0.0255656 0.00909234 0.00243325 0.00047108 6.39024e-05 5.89586e-06 3.60479e-07 1.43118e-08 3.63418e-10 5.83555e-12
 1.39981e-11 1.51936e-09 9.72398e-08 3.66963e-06 8.16615e-05 0.00107178 0.00830169 0.0380331 0.103868 0.17363 0.192465 0.167879 0.134151 0.0941216 0.0529669 0.0232776 0.00781199 0.0019395 0.000348576 4.45222e-05 3.93782e-06 2.34073e-07 9.10577e-09 2.27054e-10 3.57281e-12
 1.41795e-11 1.53906e-09 9.85003e-08 3.71722e-06 8.2722e-05 0.00108576 0.00841126 0.0385517 0.1054 0.1766 0.1963 0.170589 0.133672 0.0908205 0.0491832 0.020742 0.0066741 0.00158119 0.000268081 3.18824e-05 2.60727e-06 1.43528e-07 5.2102e-09 1.22387e-10 1.82937e-12
 1.41926e-11 1.54048e-09 9.85917e-08 3.7207e-06 8.28014e-05 0.00108688 0.00842157 0.0386201 0.105737 0.177736 0.198591 0.172905 0.134108 0.0892487 0.0469891 0.0190751 0.00584838 0.00131101 0.000209331 2.33439e-05 1.78061e-06 9.08879e-08 3.04395e-09 6.58045e-11 9.05784e-13
 1.43812e-11 1.56095e-09 9.99021e-08 3.77018e-06 8.39044e-05 0.00110142 0.00853566 0.0391588 0.107304 0.180604 0.201752 0.174246 0.13261 0.0862959 0.0443769 0.0174868 0.0051555 0.00110102 0.000166049 1.73585e-05 1.23413e-06 5.8481e-08 1.81276e-09 3.61723e-11 4.58443e-13
 1.47859e-11 1.60488e-09 1.02714e-07 3.87633e-06 8.62685e-05 0.00113252 0.00877763 0.0402782 0.110401 0.185712 0.206362 0.175072 0.129223 0.0814371 0.0406086 0.015474 0.00439169 0.000898571 0.000129055 1.27534e-05 8.50776e-07 3.75869e-08 1.08091e-09 1.99389e-11 2.33027e-13
 1.4572e-11 1.58167e-09 1.01229e-07 3.82034e-06 8.50265e-05 0.00111636 0.00865569 0.0397592 0.109268 0.184968 0.208008 0.178673 0.131442 0.0807589 0.0386526 0.0140067 0.00376571 0.000728996 9.89089e-05 9.20947e-06 5.7695e-07 2.38503e-08 6.39336e-10 1.09528e-11 1.18491e-13
 1.4494e-11 1.5732e-09 1.00688e-07 3.79999e-06 8.45772e-05 0.00111059 0.00861353 0.0395944 0.108995 0.185103 0.209078 0.179869 0.131643 0.080215 0.0379782 0.0134805 0.00349631 0.000643988 8.23475e-05 7.18536e-06 4.20524e-07 1.62093e-08 4.04522e-10 6.44149e-12 6.4663e-14
 1.44526e-11 1.56872e-09 1.00402e-07 3.78926e-06 8.43434e-05 0.00110769 0.0085942 0.0395415 0.109074 0.18599 0.211239 0.181932 0.131659 0.0784761 0.0361411 0.0124257 0.00310863 0.000549549 6.69668e-05 5.52036e-06 3.02713e-07 1.08643e-08 2.51445e-10 3.70499e-12 3.43768e-14
 1.32008e-11 1.43285e-09 9.17073e-08 3.46133e-06 7.7056e-05 0.00101241 0.00786392 0.036292 0.100908 0.175407 0.207164 0.188378 0.141917 0.0854016 0.0388359 0.0130037 0.00313783 0.000531453 6.17342e-05 4.82841e-06 2.49983e-07 8.42756e-09 1.82291e-10 2.49873e-12 2.14852e-14
 1.33516e-11 1.44922e-09 9.27563e-08 3.501e-06 7.79432e-05 0.00102417 0.00795694 0.0367317 0.102135 0.177252 0.207991 0.186859 0.139691 0.084562 0.0389389 0.0130888 0.00311516 0.000511655 5.6923e-05 4.2276e-06 2.06606e-07 6.54654e-09 1.32647e-10 1.69834e-12 1.36037e-14
 1.34555e-11 1.46051e-09 9.34806e-08 3.52848e-06 7.85627e-05 0.00103255 0.00802619 0.0370924 0.103354 0.179913 0.211387 0.188441 0.137907 0.0811441 0.0363605 0.0119566 0.00279792 0.000452138 4.92242e-05 3.54222e-06 1.65862e-07 4.98593e-09 9.51256e-11 1.14073e-12 8.52672e-15
#pred catch len freq
 1.07917e-11 1.17133e-09 7.49653e-08 2.82896e-06 6.29481e-05 0.000825922 0.00639078 0.029182 0.0789046 0.128496 0.136238 0.120799 0.117565 0.107976 0.0807009 0.0553613 0.0384591 0.0266651 0.0188718 0.0140069 0.0111169 0.00955645 0.00842037 0.00655404 0.00384346
 1.32815e-11 1.44158e-09 9.2261e-08 3.48164e-06 7.74711e-05 0.00101647 0.00786487 0.0359064 0.0969947 0.157214 0.163214 0.135896 0.122133 0.105918 0.0728302 0.0430258 0.0246191 0.0134747 0.00730145 0.00424725 0.0027508 0.00201229 0.00160075 0.00119753 0.000702485
 1.40739e-11 1.52759e-09 9.77655e-08 3.68937e-06 8.20932e-05 0.00107711 0.00833405 0.0380473 0.102762 0.166436 0.172188 0.141758 0.12511 0.105931 0.0689846 0.0364875 0.0180677 0.00830793 0.00349191 0.00145296 0.000657348 0.000352481 0.000227259 0.000153131 8.65653e-05
 1.33869e-11 1.45302e-09 9.29933e-08 3.50928e-06 7.80861e-05 0.00102454 0.00792745 0.0361949 0.0978116 0.158842 0.166319 0.142012 0.131104 0.113281 0.0742232 0.0392442 0.0190748 0.00825902 0.00305425 0.00102067 0.000329059 0.000112257 4.70134e-05 2.44182e-05 1.23752e-05
 1.38818e-11 1.50674e-09 9.64309e-08 3.639e-06 8.09726e-05 0.00106241 0.00822032 0.0375288 0.101372 0.164269 0.170344 0.141281 0.126014 0.107713 0.0712772 0.0386831 0.0193065 0.00843925 0.0030749 0.000967207 0.000268679 6.75296e-05 1.7007e-05 5.1549e-06 1.90961e-06
 1.00553e-11 1.09141e-09 6.985e-08 2.63593e-06 5.86531e-05 0.000769587 0.00595556 0.0272108 0.0737952 0.121952 0.13755 0.142331 0.15839 0.146235 0.096305 0.0499914 0.0238252 0.0102518 0.00376281 0.00119314 0.000325597 7.52429e-05 1.49497e-05 2.75474e-06 5.5731e-07
 9.96292e-12 1.08138e-09 6.92082e-08 2.61171e-06 5.81141e-05 0.000762512 0.00590067 0.026957 0.0730654 0.120413 0.134308 0.135613 0.148919 0.140459 0.0999963 0.0599477 0.0323202 0.0142827 0.00500419 0.00148981 0.000391826 8.88745e-05 1.68569e-05 2.63788e-06 3.52516e-07
 1.51051e-11 1.63951e-09 1.04928e-07 3.95967e-06 8.81077e-05 0.00115602 0.00894427 0.0408259 0.110168 0.177633 0.180049 0.138788 0.112306 0.092913 0.0635884 0.0375818 0.0206367 0.00978663 0.0038433 0.00125944 0.000338275 7.40358e-05 1.3422e-05 2.00444e-06 2.40479e-07
 1.53123e-11 1.662e-09 1.06368e-07 4.014e-06 8.93166e-05 0.00117188 0.00906713 0.0413893 0.111725 0.180435 0.184244 0.145404 0.12079 0.0978612 0.059967 0.0280658 0.0119801 0.00498504 0.00191393 0.000657009 0.000193116 4.62824e-05 8.77059e-06 1.29613e-06 1.4893e-07
 1.39436e-11 1.51344e-09 9.68601e-08 3.6552e-06 8.1333e-05 0.00106714 0.00825703 0.0376987 0.101862 0.165314 0.172592 0.146008 0.132796 0.112207 0.0694964 0.0323966 0.0132774 0.00488931 0.00150788 0.000407997 0.000105021 2.50116e-05 5.04905e-06 8.03207e-07 9.63699e-08
 1.27782e-11 1.38695e-09 8.87644e-08 3.3497e-06 7.45352e-05 0.000977955 0.00756723 0.0345554 0.093453 0.152342 0.162209 0.145243 0.14102 0.122918 0.077736 0.0375208 0.0160285 0.00600025 0.00179837 0.00043856 9.24417e-05 1.73334e-05 2.95081e-06 4.46303e-07 5.52593e-08
 1.36954e-11 1.48651e-09 9.51364e-08 3.59015e-06 7.98856e-05 0.00104815 0.00811006 0.0370271 0.10004 0.162292 0.169148 0.142448 0.129358 0.11101 0.0726142 0.038215 0.0181478 0.00734594 0.00234736 0.000607578 0.000130731 2.30024e-05 3.32043e-06 4.04995e-07 4.23757e-08
 1.45487e-11 1.57912e-09 1.01064e-07 3.81383e-06 8.48627e-05 0.00111345 0.00861516 0.0393297 0.106212 0.171916 0.177348 0.144651 0.125828 0.10477 0.0657678 0.0320543 0.0141072 0.00562727 0.00188877 0.000531413 0.000124166 2.32776e-05 3.44546e-06 4.00424e-07 3.6508e-08
 1.35335e-11 1.46893e-09 9.40116e-08 3.54771e-06 7.89412e-05 0.00103576 0.00801434 0.0365931 0.0989081 0.160786 0.169112 0.146213 0.136406 0.116427 0.072139 0.0334876 0.0136684 0.00504463 0.00155862 0.000408017 9.37607e-05 1.83908e-05 2.92816e-06 3.62803e-07 3.39622e-08
 1.26347e-11 1.37138e-09 8.7768e-08 3.31209e-06 7.36986e-05 0.000966979 0.00748233 0.0341687 0.092421 0.15077 0.161048 0.14547 0.142524 0.124573 0.0786362 0.0377169 0.0159587 0.00591251 0.00174919 0.000419818 8.68374e-05 1.55878e-05 2.37919e-06 2.99165e-07 2.94812e-08
 1.29071e-11 1.40094e-09 8.96603e-08 3.3835e-06 7.52874e-05 0.000987823 0.00764352 0.0349024 0.0943724 0.153688 0.162931 0.144152 0.138314 0.120531 0.0773005 0.0385936 0.0172062 0.00664179 0.00203248 0.000500911 0.000102999 1.74729e-05 2.4302e-06 2.78985e-07 2.60606e-08
 1.33015e-11 1.44375e-09 9.24e-08 3.48689e-06 7.75879e-05 0.001018 0.00787697 0.0359662 0.097219 0.158083 0.16647 0.144476 0.13562 0.116925 0.0743903 0.0366876 0.0162098 0.00631822 0.00200167 0.000520454 0.000112868 1.9867e-05 2.78303e-06 3.08215e-07 2.67607e-08
 1.32308e-11 1.43608e-09 9.19089e-08 3.46836e-06 7.71756e-05 0.0010126 0.00783517 0.0357765 0.0967225 0.157406 0.166363 0.145871 0.138324 0.11907 0.0743514 0.0350307 0.0145616 0.00541251 0.00165403 0.000418591 9.05865e-05 1.64043e-05 2.40134e-06 2.76132e-07 2.4283e-08
 1.45255e-11 1.57661e-09 1.00903e-07 3.80775e-06 8.47273e-05 0.00111167 0.00860143 0.0392673 0.106048 0.171686 0.177275 0.14501 0.126598 0.105521 0.066092 0.0319118 0.0136664 0.0051223 0.00153449 0.000372928 7.72204e-05 1.35409e-05 1.96157e-06 2.2908e-07 2.08232e-08
 1.4688e-11 1.59424e-09 1.02031e-07 3.85034e-06 8.5675e-05 0.00112411 0.00869764 0.0397065 0.107235 0.173608 0.179264 0.146607 0.12772 0.105516 0.0642722 0.0290678 0.0114304 0.00407758 0.0012127 0.000297157 6.13177e-05 1.04686e-05 1.45567e-06 1.63897e-07 1.46366e-08
 1.47524e-11 1.60123e-09 1.02479e-07 3.86722e-06 8.60507e-05 0.00112903 0.00873578 0.0398805 0.107703 0.174351 0.17996 0.146987 0.127791 0.105315 0.0637734 0.0283976 0.0108472 0.00371322 0.00103831 0.000234647 4.53077e-05 7.5036e-06 1.02958e-06 1.13547e-07 9.81307e-09
 1.54911e-11 1.68141e-09 1.0761e-07 4.06087e-06 9.03595e-05 0.00118556 0.009173 0.0418727 0.113031 0.182558 0.186469 0.147276 0.122286 0.0983593 0.0586994 0.0254929 0.00936459 0.00308882 0.000832672 0.000178372 3.19287e-05 4.84309e-06 6.11988e-07 6.36841e-08 5.3241e-09
 1.5148e-11 1.64417e-09 1.05227e-07 3.97094e-06 8.83585e-05 0.00115931 0.00896997 0.0409479 0.110562 0.178785 0.18363 0.147648 0.125616 0.102109 0.0608557 0.0261431 0.00942091 0.00305045 0.000808592 0.000169251 2.92883e-05 4.23783e-06 5.01269e-07 4.80234e-08 3.69229e-09
 1.5428e-11 1.67456e-09 1.07171e-07 4.04432e-06 8.99912e-05 0.00118073 0.00913565 0.0417029 0.112581 0.181901 0.186125 0.147835 0.123649 0.0995539 0.0589043 0.0249361 0.00876002 0.00276008 0.000710733 0.000142904 2.35607e-05 3.25791e-06 3.68805e-07 3.35611e-08 2.41886e-09
 1.5653e-11 1.69898e-09 1.08735e-07 4.10331e-06 9.13039e-05 0.00119795 0.00926885 0.0423097 0.114203 0.184387 0.188042 0.14774 0.121693 0.0972495 0.0574353 0.0243076 0.00853645 0.00268441 0.000687284 0.000136438 2.19954e-05 2.94342e-06 3.19349e-07 2.76974e-08 1.90046e-09
 1.52335e-11 1.65345e-09 1.05821e-07 3.99335e-06 8.88572e-05 0.00116586 0.0090206 0.041179 0.111186 0.179794 0.184665 0.148458 0.126162 0.10209 0.0599403 0.0247147 0.00827799 0.00249132 0.000620556 0.000120363 1.8915e-05 2.46746e-06 2.60555e-07 2.18528e-08 1.43866e-09
 1.5096e-11 1.63852e-09 1.04865e-07 3.95728e-06 8.80547e-05 0.00115533 0.00893915 0.0408076 0.110188 0.178225 0.183261 0.147878 0.126391 0.102877 0.0611556 0.026038 0.00920763 0.00289309 0.000727911 0.000139 2.1218e-05 2.68678e-06 2.76322e-07 2.25862e-08 1.44691e-09
 1.45635e-11 1.58073e-09 1.01166e-07 3.8177e-06 8.49488e-05 0.00111458 0.00862397 0.0393712 0.106342 0.172268 0.178374 0.147132 0.129541 0.107355 0.0650567 0.0289037 0.0109505 0.0036675 0.00097422 0.000198596 3.24884e-05 4.28939e-06 4.43397e-07 3.56165e-08 2.22538e-09
#obs catch len freq
 1.0949e-11 1.18841e-09 7.6058e-08 2.8702e-06 6.38659e-05 0.000837978 0.0064845 0.0296193 0.0802003 0.13142 0.142685 0.133881 0.137222 0.128688 0.0956946 0.0598608 0.0323539 0.014273 0.00499224 0.00137697 0.000292576 4.62693e-05 5.26964e-06 4.19083e-07 2.26257e-08
 1.12294e-11 1.21885e-09 7.80061e-08 2.94371e-06 6.55018e-05 0.000859445 0.00665071 0.0303801 0.082273 0.134851 0.146278 0.136155 0.137238 0.126695 0.0928868 0.0570422 0.0300523 0.0128445 0.00432193 0.00113722 0.00022866 3.39733e-05 3.61216e-06 2.66763e-07 1.33163e-08
 1.72078e-11 1.86775e-09 1.19536e-07 4.5109e-06 0.000100373 0.00131695 0.0101893 0.0465038 0.125405 0.201376 0.199642 0.140798 0.0965705 0.0727816 0.0503069 0.0302217 0.0155689 0.00646762 0.00210046 0.000528919 0.000100896 1.41086e-05 1.40197e-06 9.62197e-08 4.44422e-09
 1.43789e-11 1.56069e-09 9.98841e-08 3.76932e-06 8.38728e-05 0.00110048 0.00851565 0.0388906 0.105191 0.171262 0.17992 0.151389 0.131552 0.104877 0.0624051 0.0282472 0.0110902 0.0039402 0.00118783 0.000284549 5.15957e-05 6.81094e-06 6.34331e-07 4.05521e-08 1.73614e-09
 1.71566e-11 1.86219e-09 1.1918e-07 4.49748e-06 0.000100075 0.00131304 0.0101595 0.0463756 0.125146 0.201521 0.201838 0.146329 0.103189 0.0758989 0.0481539 0.0249929 0.0105559 0.00341674 0.000825213 0.000154793 2.33207e-05 2.73575e-06 2.34471e-07 1.39266e-08 5.53606e-10
 1.5771e-11 1.71179e-09 1.09555e-07 4.13425e-06 9.1993e-05 0.00120703 0.00934 0.0426515 0.115294 0.187043 0.192973 0.152552 0.120322 0.0900802 0.0523968 0.0235321 0.00887109 0.00280158 0.0006928 0.00012785 1.71814e-05 1.66527e-06 1.16386e-07 5.81985e-09 2.02797e-10
 6.59137e-12 7.15432e-10 4.57877e-08 1.72791e-06 3.84503e-05 0.000504617 0.00390874 0.0179314 0.0494597 0.0872479 0.118895 0.159592 0.195243 0.175152 0.11056 0.0531509 0.020535 0.00614907 0.00137061 0.000228218 2.85208e-05 2.60617e-06 1.67491e-07 7.35569e-09 2.17278e-10
 1.53344e-11 1.6644e-09 1.06521e-07 4.0198e-06 8.9446e-05 0.0011736 0.00908083 0.0414566 0.111908 0.180337 0.180764 0.131377 0.0970253 0.0857647 0.0739354 0.051048 0.0251758 0.00850146 0.00198709 0.000329436 3.90224e-05 3.26761e-06 1.90564e-07 7.62151e-09 2.05166e-10
 1.75417e-11 1.90399e-09 1.21855e-07 4.59844e-06 0.000102322 0.00134255 0.0103886 0.0474357 0.12814 0.207029 0.20909 0.152726 0.104114 0.0694761 0.0388517 0.0185197 0.00831825 0.00327328 0.00096536 0.000194615 2.59284e-05 2.26756e-06 1.30438e-07 4.93956e-09 1.2267e-10
 1.54846e-11 1.68071e-09 1.07565e-07 4.05919e-06 9.03238e-05 0.00118517 0.00917235 0.0419107 0.113531 0.185483 0.195115 0.15898 0.125195 0.0895805 0.0493424 0.0207667 0.00708829 0.0019943 0.000460929 8.62413e-05 1.22042e-05 1.19583e-06 7.6451e-08 3.10099e-09 7.89608e-11
 1.43071e-11 1.5529e-09 9.93854e-08 3.75052e-06 8.3456e-05 0.00109509 0.00847619 0.0387474 0.105144 0.17288 0.185683 0.158661 0.132101 0.0991345 0.0583895 0.0268067 0.00962391 0.00258462 0.000504529 7.26783e-05 7.92439e-06 6.51023e-07 3.86539e-08 1.56743e-09 4.13499e-11
 1.39251e-11 1.51144e-09 9.67321e-08 3.6504e-06 8.12286e-05 0.00106589 0.00825084 0.0377282 0.102479 0.169023 0.183042 0.158556 0.133366 0.101151 0.0611656 0.0292823 0.0109992 0.00308472 0.000622058 8.88417e-05 8.88908e-06 6.16995e-07 2.95839e-08 9.77075e-10 2.19794e-11
 1.65063e-11 1.79161e-09 1.14663e-07 4.32705e-06 9.62845e-05 0.0012634 0.00977805 0.0446783 0.120975 0.196967 0.20343 0.155731 0.111582 0.077256 0.0454683 0.0217048 0.00818764 0.00232271 0.000477896 6.98301e-05 7.08563e-06 4.87356e-07 2.22862e-08 6.68849e-10 1.3065e-11
 1.5101e-11 1.63907e-09 1.04901e-07 3.95867e-06 8.80889e-05 0.00115594 0.00894862 0.040927 0.111205 0.183324 0.196971 0.164603 0.128322 0.0882349 0.0473666 0.0198924 0.00674285 0.00179848 0.000359652 5.19196e-05 5.23989e-06 3.59014e-07 1.63003e-08 4.8125e-10 9.10307e-12
 1.27829e-11 1.38747e-09 8.87981e-08 3.35103e-06 7.45699e-05 0.000978647 0.00757915 0.0347143 0.0948213 0.159176 0.180536 0.168181 0.146467 0.107992 0.0612398 0.0266921 0.00890018 0.00219547 0.000392851 5.09006e-05 4.7252e-06 3.0565e-07 1.33302e-08 3.81233e-10 7.00207e-12
 1.22057e-11 1.32482e-09 8.47887e-08 3.19974e-06 7.12043e-05 0.000934523 0.00723857 0.0331706 0.0907363 0.152917 0.174952 0.16521 0.146765 0.112657 0.0683963 0.0321561 0.0113353 0.0028736 0.000512476 6.37542e-05 5.47951e-06 3.21066e-07 1.26447e-08 3.29757e-10 5.60121e-12
 1.3685e-11 1.48539e-09 9.50651e-08 3.58754e-06 7.98335e-05 0.00104774 0.00811427 0.0371587 0.101365 0.169001 0.186637 0.163299 0.133737 0.098495 0.0593413 0.0282369 0.0102235 0.00269227 0.000499586 6.38645e-05 5.50883e-06 3.14946e-07 1.17739e-08 2.84863e-10 4.42096e-12
 1.35712e-11 1.47303e-09 9.42746e-08 3.55774e-06 7.91722e-05 0.00103915 0.00804976 0.0368932 0.10089 0.169398 0.190107 0.169611 0.138004 0.0969304 0.0542399 0.0239586 0.0082348 0.0021153 0.00039067 5.02652e-05 4.37734e-06 2.51621e-07 9.36207e-09 2.22195e-10 3.32705e-12
 1.40872e-11 1.52903e-09 9.78589e-08 3.69301e-06 8.21834e-05 0.00107869 0.00835646 0.0383002 0.10471 0.175436 0.195041 0.169792 0.133881 0.0920739 0.0506333 0.0216196 0.00700133 0.00166758 0.000285859 3.46118e-05 2.88595e-06 1.61012e-07 5.85918e-09 1.36311e-10 1.99713e-12
 1.43021e-11 1.55237e-09 9.93524e-08 3.7494e-06 8.34399e-05 0.00109525 0.00848614 0.0389117 0.106494 0.178795 0.199126 0.172333 0.132936 0.0883813 0.0467146 0.0191209 0.005929 0.00134541 0.000217264 2.4474e-05 1.88588e-06 9.73832e-08 3.30368e-09 7.23067e-11 1.00476e-12
 1.43443e-11 1.55694e-09 9.96457e-08 3.7605e-06 8.36892e-05 0.0010986 0.00851394 0.0390612 0.107054 0.180276 0.201645 0.174524 0.132999 0.0864728 0.0443683 0.0174561 0.00515146 0.00110489 0.000167859 1.77118e-05 1.27187e-06 6.08585e-08 1.90398e-09 3.83367e-11 4.90305e-13
 1.45556e-11 1.57988e-09 1.01114e-07 3.81596e-06 8.49255e-05 0.00111491 0.00864178 0.0396637 0.108794 0.183399 0.204938 0.175712 0.1312 0.0832978 0.0416838 0.0158963 0.00450507 0.000919436 0.000131794 1.30246e-05 8.7111e-07 3.86711e-08 1.11914e-09 2.07909e-11 2.44758e-13
 1.49839e-11 1.62637e-09 1.0409e-07 3.92829e-06 8.74274e-05 0.00114781 0.00889789 0.0408481 0.112063 0.18874 0.20962 0.176308 0.127481 0.0782579 0.0379188 0.0139655 0.00380541 0.000743161 0.000101327 9.45653e-06 5.92978e-07 2.4528e-08 6.58254e-10 1.13006e-11 1.2264e-13
 1.47859e-11 1.60488e-09 1.02715e-07 3.87649e-06 8.62792e-05 0.00113291 0.00878595 0.0403774 0.111071 0.188229 0.211417 0.179773 0.129364 0.0773347 0.0359293 0.0125725 0.00324221 0.000598462 7.70047e-05 6.76476e-06 3.98016e-07 1.53939e-08 3.84877e-10 6.13402e-12 6.16052e-14
 1.473e-11 1.59883e-09 1.02328e-07 3.86196e-06 8.59602e-05 0.00112887 0.00875733 0.0402758 0.110971 0.188622 0.212637 0.180872 0.12933 0.0765769 0.0351362 0.0120235 0.00298739 0.000524166 6.35144e-05 5.225e-06 2.86984e-07 1.03423e-08 2.40583e-10 3.5621e-12 3.31819e-14
 1.47019e-11 1.59578e-09 1.02134e-07 3.85474e-06 8.58051e-05 0.00112701 0.00874645 0.0402636 0.111165 0.189682 0.214875 0.182786 0.1291 0.0746994 0.0333027 0.0110257 0.00263934 0.000443927 5.12061e-05 3.97642e-06 2.04524e-07 6.86004e-09 1.47937e-10 2.02607e-12 1.74377e-14
 1.34719e-11 1.46228e-09 9.35923e-08 3.53258e-06 7.86477e-05 0.00103349 0.00803048 0.0370859 0.103223 0.179522 0.211218 0.189292 0.139006 0.081169 0.0357059 0.0115012 0.00265276 0.000427043 4.69089e-05 3.45295e-06 1.67549e-07 5.27574e-09 1.06288e-10 1.35385e-12 1.07968e-14
 1.3634e-11 1.47988e-09 9.47201e-08 3.57524e-06 7.96021e-05 0.00104615 0.00813057 0.0375584 0.104534 0.181477 0.212103 0.187793 0.136786 0.080238 0.0356692 0.011512 0.00261544 0.00040792 4.28814e-05 2.99516e-06 1.37095e-07 4.05486e-09 7.64831e-11 9.09567e-13 6.75503e-15
#spawning biomass
 3612.47 4987.69 8062.27 14607 25594.9 33543.3 27622.6 30545.9 51746.2 75462.6 83201.1 104931 132574 152777 146514 135343 131768 116412 122062 135418 144052 148501 166258 164258 174973 167322 168581 195842 261820 256411 131918 57378.1 29882.8 21253.8 18751.1 18061 17877.3 17829.7 17817.5 17814.5 17813.7 17813.6 17813.5 17813.5 17813.5 17813.5 17813.5 17813.5 17813.5 17813.5 17813.5 17813.5 17813.5 17813.5 17813.5 17813.5 17813.5 17813.5 17813.5 17813.5 17813.5 17813.5 17813.5 17813.5 17813.5 17813.5 17813.5 17813.5 17813.5 17813.5 17813.5 17813.5 17813.5 17813.5 17813.5 17813.5 17813.5 17813.5 17813.5 17813.5 17813.5 17813.5 17813.5 17813.5 17813.5 17813.5 17813.5 17813.5 17813.5 17813.5 17813.5 17813.5 17813.5 17813.5 17813.5 17813.5 17813.5 17813.5 17813.5 17813.5 17813.5 17813.5 17813.5 17813.5 17813.5 17813.5 17813.5 17813.5 17813.5 17813.5 17813.5 17813.5 17813.5 17813.5 17813.5 17813.5 17813.5 17813.5 17813.5 17813.5 17813.5 17813.5 17813.5 17813.5 17813.5 17813.5 17813.5 17813.5 0 0 0 0 0 0 0 0 0 0 0 0 0 0 0 0 0 0 0 0 0 0 0 0 0
