SBPRF35
9.07418
Curr Bio
110929
B35
7.13699e+06
F35
0.0483915
FOFL
0
OFL
0
Bzero
2.59262e+06
#pred survey bio
 9582.88 8291.3 6055.46 6770.81 9136.18 14132.1 21310.9 28497 40698.6 53180.5 66427.9 87596 114521 133485 151815 136877 124585 111576 104435 107750 121022 122997 123702 128525 138513 139720 153405 150049 134427 3.49009e+06 6.46334e+06 9.7867e+06 1.28416e+07 1.54392e+07 1.7524e+07 1.9124e+07 2.03054e+07 2.1145e+07 2.17161e+07 2.20826e+07 2.22967e+07 2.24001e+07 2.24247e+07 2.2356e+07 2.21408e+07 2.19444e+07 2.17651e+07 2.16012e+07 2.14514e+07 2.13145e+07 2.11893e+07 2.1075e+07 2.09705e+07 2.08751e+07 2.0788e+07 2.07085e+07 2.06361e+07 2.05701e+07 2.051e+07 2.04553e+07 2.04056e+07 2.03605e+07 2.03196e+07 2.02825e+07 2.0249e+07 2.02186e+07 2.01913e+07 2.01667e+07 2.01445e+07 2.01247e+07 2.01069e+07 2.0091e+07 2.00769e+07 2.00644e+07 2.00533e+07 2.00435e+07 2.0035e+07 2.00275e+07 2.00211e+07 2.00156e+07 2.00109e+07 2.0007e+07 2.00037e+07 2.00011e+07 1.9999e+07 1.99974e+07 1.99963e+07 1.99956e+07 1.99953e+07 1.99952e+07 1.99955e+07 1.99961e+07 1.99969e+07 1.99979e+07 1.9999e+07 2.00004e+07 2.00018e+07 2.00034e+07 2.00051e+07 2.00069e+07 2.00088e+07 2.00107e+07 2.00127e+07 2.00147e+07 2.00168e+07 2.00189e+07 2.0021e+07 2.00231e+07 2.00252e+07 2.00273e+07 2.00294e+07 2.00315e+07 2.00336e+07 2.00356e+07 2.00377e+07 2.00397e+07 2.00417e+07 2.00436e+07 2.00456e+07 2.00474e+07 2.00493e+07 2.00511e+07 2.00529e+07 2.00547e+07 2.00564e+07 2.00581e+07 2.00598e+07 2.00614e+07 2.0063e+07 0 0 0 0 0 0 0 0 0 0 0 0 0 0 0 0 0 0 0 0 0 0 0 0 0
#obs survey bio
 9507.59 9229.73 7782.61 10887.9 11966.9 16057.3 23094.1 41892.9 69028.8 67802.2 88593.8 94759.7 104771 145184 97511.7 125468 126148 122303 93386.5 85804.4 124470 186327 95453.1 128977 107675 183034 138793 130582 125869
#pred catch bio
 5107.72 5102.67 3307.04 3495.93 5169.51 9463.67 15417 19900.9 29629.9 40296.5 50160.7 64040.9 89352.4 101761 122975 113090 103994 92512.9 85620.2 86494.7 100609 104536 104438 108500 121315 118329 132878 135689 114929 0 14016 21598 28558 34494.3 39254.3 42888.8 45544.4 47398.1 48621.5 49364.8 49752.2 49882 49830.4 49569.1 48984.2 48444.5 47946.3 47486.6 47062.4 46670.8 46309.5 45976 45668.3 45384.3 45122.2 44880.3 44657 44451 44260.9 44085.4 43923.5 43774.1 43636.2 43508.9 43391.4 43283 43183 43090.7 43005.5 42926.8 42854.3 42787.3 42725.5 42668.5 42615.8 42567.3 42522.4 42481.1 42442.9 42407.7 42375.1 42345.1 42317.4 42291.9 42268.3 42246.5 42226.4 42207.9 42190.8 42175 42160.4 42147 42134.6 42123.1 42112.5 42102.8 42093.8 42085.5 42077.8 42070.7 42064.2 42058.2 42052.6 42047.5 42042.7 42038.4 42034.3 42030.6 42027.2 42024 42021.1 42018.4 42015.9 42013.6 42011.4 42009.5 42007.7 42006 42004.5 42003.1 42001.7 42000.5 41999.4 41998.4 41997.4 41996.6 41995.7 41995 41994.3 0 0 0 0 0 0 0 0 0 0 0 0 0 0 0 0 0 0 0 0 0 0 0 0 0
#obs catch bio
 3751.41 4509.07 3771.47 3071.05 4187.72 7136.85 12336.1 15120.2 21749 34016.7 41517.7 49752.6 73960.7 95671.7 126190 102526 99670.3 79486.7 77851.6 80136.6 85655.6 78707.6 97328.4 92389.9 110321 95691 111154 118847 99926.3
#pred cpue bio
 8257.86 7698.08 5099.84 4793.12 6704.14 8311.15 11883.7 15545.8 22464.6 29319.3 34805.8 44305.3 63434.9 69124.3 86927.5 80725.8 67357 60359.8 55450.5 54352.6 60869.1 60683.4 56892.7 59738 61976.2 57627.6 68245 67142.1 52923.8 1.53223e+06 6.31161e+06 9.66271e+06 1.27166e+07 1.5314e+07 1.73988e+07 1.89989e+07 2.01803e+07 2.10199e+07 2.1591e+07 2.19575e+07 2.21716e+07 2.2275e+07 2.22996e+07 2.22309e+07 2.20157e+07 2.18193e+07 2.164e+07 2.14761e+07 2.13263e+07 2.11893e+07 2.10642e+07 2.09498e+07 2.08454e+07 2.075e+07 2.06629e+07 2.05834e+07 2.0511e+07 2.0445e+07 2.03849e+07 2.03302e+07 2.02805e+07 2.02354e+07 2.01945e+07 2.01574e+07 2.01238e+07 2.00935e+07 2.00662e+07 2.00415e+07 2.00194e+07 1.99995e+07 1.99818e+07 1.99659e+07 1.99518e+07 1.99392e+07 1.99282e+07 1.99184e+07 1.99099e+07 1.99024e+07 1.9896e+07 1.98905e+07 1.98858e+07 1.98818e+07 1.98786e+07 1.98759e+07 1.98739e+07 1.98723e+07 1.98712e+07 1.98705e+07 1.98701e+07 1.98701e+07 1.98704e+07 1.9871e+07 1.98717e+07 1.98727e+07 1.98739e+07 1.98752e+07 1.98767e+07 1.98783e+07 1.988e+07 1.98818e+07 1.98837e+07 1.98856e+07 1.98876e+07 1.98896e+07 1.98917e+07 1.98937e+07 1.98958e+07 1.9898e+07 1.99001e+07 1.99022e+07 1.99043e+07 1.99064e+07 1.99084e+07 1.99105e+07 1.99125e+07 1.99146e+07 1.99165e+07 1.99185e+07 1.99204e+07 1.99223e+07 1.99242e+07 1.9926e+07 1.99278e+07 1.99296e+07 1.99313e+07 1.9933e+07 1.99346e+07 1.99363e+07 1.99378e+07 0 0 0 0 0 0 0 0 0 0 0 0 0 0 0 0 0 0 0 0 0 0 0 0 0
#obs cpue bio
 10302.1 10383.3 3881.92 5204.89 9197.89 19208.4 21649 31604.7 47786.2 44065.8 58694.6 92025.9 153885 76516.4 115810 154672 82210.5 99114.1 85921.2 88601.5 127726 133380 82585 119065 117348 107182 143598 135723 95440.6
#pred surv len freq
 8.32194e-12 9.03664e-10 5.78534e-08 2.18368e-06 4.8595e-05 0.000637611 0.00493366 0.0225368 0.0611016 0.100957 0.113974 0.118615 0.134728 0.132703 0.104197 0.0744077 0.0504978 0.0313313 0.0185867 0.0111754 0.00707265 0.00489198 0.00363662 0.00255045 0.00141469
 4.81259e-12 5.2259e-10 3.34567e-08 1.26283e-06 2.8103e-05 0.000368761 0.00285431 0.0130602 0.0357083 0.061407 0.0803851 0.10975 0.148726 0.155109 0.125452 0.0934851 0.0676676 0.0451379 0.027419 0.0152652 0.00815289 0.00454395 0.00278998 0.0017526 0.000935893
 9.95668e-12 1.08118e-09 6.92179e-08 2.61263e-06 5.81405e-05 0.000762834 0.00590173 0.0269385 0.0727565 0.117973 0.122922 0.104101 0.098546 0.0979337 0.0910826 0.0814482 0.066003 0.0471674 0.0306536 0.0179792 0.00938733 0.00451918 0.00219597 0.00112729 0.000540435
 1.38616e-11 1.50521e-09 9.63647e-08 3.63729e-06 8.09426e-05 0.001062 0.00821599 0.0374953 0.101177 0.163317 0.166638 0.13145 0.10982 0.0916459 0.0623135 0.0388992 0.0280045 0.022196 0.016457 0.0106061 0.00588943 0.00282639 0.00120929 0.000495598 0.000195824
 1.1918e-11 1.29415e-09 8.28529e-08 3.12729e-06 6.95936e-05 0.000913116 0.00706482 0.0322574 0.0872586 0.142585 0.153621 0.142152 0.142803 0.126164 0.0803892 0.039925 0.0192232 0.0102124 0.00629298 0.00422464 0.00261538 0.00135873 0.000583745 0.000213482 6.92017e-05
 1.57616e-11 1.71152e-09 1.09573e-07 4.13583e-06 9.20371e-05 0.00120756 0.0093419 0.0426294 0.114973 0.185116 0.186671 0.1415 0.111246 0.0892799 0.0579714 0.0312576 0.0157296 0.00720719 0.00303898 0.00137146 0.000718896 0.000384133 0.00017672 6.51587e-05 1.92366e-05
 1.56529e-11 1.69971e-09 1.08817e-07 4.10731e-06 9.14023e-05 0.00119924 0.00927779 0.0423429 0.114284 0.184679 0.189374 0.151554 0.127564 0.101062 0.0556109 0.0187324 0.00374863 0.000442929 3.08651e-05 1.26813e-06 3.07189e-08 4.38719e-10 3.69407e-12 1.83388e-14 5.37588e-17
 1.59267e-11 1.72945e-09 1.10721e-07 4.17916e-06 9.30013e-05 0.00122022 0.00944002 0.0430818 0.116257 0.187695 0.19166 0.151313 0.124996 0.0981353 0.0538758 0.0181392 0.00362958 0.000428855 2.98843e-05 1.22783e-06 2.97427e-08 4.24777e-10 3.57668e-12 1.77557e-14 5.19677e-17
 1.57815e-11 1.71369e-09 1.09712e-07 4.14107e-06 9.21537e-05 0.0012091 0.00935402 0.0426901 0.115211 0.186096 0.190448 0.151441 0.126357 0.0996868 0.0547955 0.0184537 0.00369268 0.000436315 3.04042e-05 1.2492e-06 3.02602e-08 4.32167e-10 3.63891e-12 1.80646e-14 5.28719e-17
 1.57964e-11 1.7153e-09 1.09815e-07 4.14497e-06 9.22404e-05 0.00121024 0.00936282 0.0427302 0.115318 0.18626 0.190572 0.151428 0.126218 0.0995281 0.0547014 0.0184215 0.00368623 0.000435552 3.0351e-05 1.24701e-06 3.02072e-08 4.31411e-10 3.63254e-12 1.8033e-14 5.27794e-17
 1.64009e-11 1.78095e-09 1.14018e-07 4.3036e-06 9.57706e-05 0.00125655 0.00972097 0.0443613 0.119673 0.192917 0.195618 0.150896 0.12055 0.0930663 0.0508708 0.017112 0.00342342 0.000404481 2.81856e-05 1.15804e-06 2.80521e-08 4.00632e-10 3.37337e-12 1.67464e-14 4.90138e-17
 1.67879e-11 1.82297e-09 1.16708e-07 4.40514e-06 9.80301e-05 0.00128619 0.00995021 0.0454054 0.122461 0.197178 0.198847 0.150556 0.116922 0.0889304 0.048419 0.0162738 0.0032552 0.000384594 2.67997e-05 1.1011e-06 2.66726e-08 3.80931e-10 3.20749e-12 1.59229e-14 4.66035e-17
 1.57375e-11 1.7089e-09 1.09406e-07 4.12952e-06 9.18966e-05 0.00120573 0.00932794 0.0425713 0.114894 0.185611 0.190081 0.15148 0.12677 0.100158 0.0550745 0.018549 0.00371183 0.000438579 3.05619e-05 1.25568e-06 3.04172e-08 4.34409e-10 3.65779e-12 1.81583e-14 5.31462e-17
 1.65326e-11 1.79524e-09 1.14933e-07 4.33814e-06 9.65391e-05 0.00126663 0.00979894 0.0447164 0.120621 0.194366 0.196716 0.15078 0.119316 0.0916596 0.050037 0.0168269 0.00336621 0.000397718 2.77142e-05 1.13867e-06 2.75829e-08 3.93931e-10 3.31695e-12 1.64663e-14 4.8194e-17
 1.53069e-11 1.66215e-09 1.06412e-07 4.01654e-06 8.93824e-05 0.00117274 0.00907286 0.0414096 0.111792 0.18087 0.186487 0.151858 0.130807 0.10476 0.0578027 0.0194817 0.003899 0.000460707 3.21041e-05 1.31904e-06 3.19521e-08 4.56331e-10 3.84237e-12 1.90746e-14 5.58281e-17
 1.48985e-11 1.6178e-09 1.03573e-07 3.90937e-06 8.69975e-05 0.00114145 0.0088309 0.0403077 0.10885 0.176372 0.183079 0.152217 0.134636 0.109125 0.0603905 0.0203663 0.00407655 0.000481698 3.3567e-05 1.37915e-06 3.34081e-08 4.77125e-10 4.01746e-12 1.99438e-14 5.8372e-17
 1.60354e-11 1.74125e-09 1.11477e-07 4.20769e-06 9.36361e-05 0.00122855 0.00950442 0.0433751 0.11704 0.188892 0.192567 0.151218 0.123977 0.0969733 0.0531869 0.0179038 0.00358232 0.000423268 2.94949e-05 1.21184e-06 2.93552e-08 4.19242e-10 3.53008e-12 1.75243e-14 5.12906e-17
 1.60281e-11 1.74046e-09 1.11426e-07 4.20578e-06 9.35937e-05 0.00122799 0.00950011 0.0433555 0.116987 0.188812 0.192506 0.151224 0.124045 0.0970511 0.053233 0.0179195 0.00358549 0.000423642 2.95209e-05 1.21291e-06 2.93811e-08 4.19612e-10 3.53319e-12 1.75398e-14 5.13359e-17
 1.62489e-11 1.76444e-09 1.12961e-07 4.26371e-06 9.48829e-05 0.0012449 0.00963091 0.0439512 0.118578 0.191243 0.194349 0.15103 0.121975 0.0946912 0.0518341 0.0174413 0.00348951 0.000412295 2.87302e-05 1.18042e-06 2.8594e-08 4.08372e-10 3.43855e-12 1.707e-14 4.99607e-17
 1.68164e-11 1.82606e-09 1.16906e-07 4.41261e-06 9.81964e-05 0.00128838 0.00996708 0.0454822 0.122666 0.197492 0.199085 0.150531 0.116655 0.088626 0.0482386 0.0162121 0.00324282 0.000383131 2.66977e-05 1.09691e-06 2.65711e-08 3.79481e-10 3.19528e-12 1.58623e-14 4.64262e-17
 1.68472e-11 1.82941e-09 1.1712e-07 4.42071e-06 9.83764e-05 0.00129074 0.00998535 0.0455654 0.122888 0.197832 0.199342 0.150504 0.116366 0.0882964 0.0480432 0.0161454 0.00322942 0.000381546 2.65872e-05 1.09237e-06 2.64612e-08 3.77911e-10 3.18206e-12 1.57967e-14 4.62341e-17
 1.70459e-11 1.85098e-09 1.18501e-07 4.47284e-06 9.95365e-05 0.00130596 0.010103 0.0461014 0.124319 0.200019 0.201 0.150329 0.114503 0.0861729 0.0467844 0.015715 0.00314306 0.000371335 2.58756e-05 1.06313e-06 2.5753e-08 3.67796e-10 3.09689e-12 1.53739e-14 4.49967e-17
 1.77164e-11 1.92378e-09 1.23162e-07 4.64877e-06 0.000103452 0.00135732 0.0105002 0.0479104 0.129149 0.207403 0.206596 0.14974 0.108217 0.0790067 0.0425362 0.0142628 0.00285159 0.000336877 2.34742e-05 9.64462e-07 2.33628e-08 3.33661e-10 2.80947e-12 1.3947e-14 4.08205e-17
 1.76207e-11 1.9134e-09 1.22498e-07 4.62367e-06 0.000102893 0.00134999 0.0104436 0.0476523 0.128461 0.20635 0.205798 0.149824 0.109114 0.0800288 0.0431422 0.0144699 0.00289317 0.000341793 2.38167e-05 9.78536e-07 2.37037e-08 3.3853e-10 2.85047e-12 1.41506e-14 4.14162e-17
 1.79576e-11 1.94998e-09 1.2484e-07 4.71207e-06 0.00010486 0.0013758 0.0106432 0.0485613 0.130888 0.21006 0.20861 0.149527 0.105955 0.0764279 0.0410076 0.0137402 0.00274671 0.000324478 2.26101e-05 9.28957e-07 2.25028e-08 3.21378e-10 2.70604e-12 1.34336e-14 3.93178e-17
 1.86102e-11 2.02084e-09 1.29376e-07 4.8833e-06 0.000108671 0.00142579 0.0110298 0.0503219 0.135589 0.217246 0.214056 0.148954 0.0998373 0.0694531 0.0368729 0.0123267 0.00246304 0.000290941 2.02728e-05 8.32924e-07 2.01765e-08 2.88155e-10 2.4263e-12 1.20449e-14 3.52532e-17
 1.80067e-11 1.95532e-09 1.25181e-07 4.72496e-06 0.000105147 0.00137957 0.0106723 0.0486939 0.131241 0.210601 0.20902 0.149484 0.105495 0.0759029 0.0406963 0.0136338 0.00272536 0.000321953 2.24341e-05 9.21727e-07 2.23276e-08 3.18877e-10 2.68498e-12 1.33291e-14 3.90118e-17
 1.79571e-11 1.94993e-09 1.24836e-07 4.71194e-06 0.000104857 0.00137576 0.0106429 0.0485599 0.130884 0.210054 0.208605 0.149528 0.10596 0.0764335 0.0410109 0.0137413 0.00274694 0.000324505 2.26119e-05 9.29033e-07 2.25046e-08 3.21404e-10 2.70627e-12 1.34347e-14 3.9321e-17
 1.8946e-11 2.05731e-09 1.31711e-07 4.97143e-06 0.000110632 0.00145152 0.0112287 0.0512281 0.138008 0.220945 0.216859 0.148658 0.0966883 0.0658632 0.0347448 0.0115992 0.00231703 0.000273679 1.90698e-05 7.83496e-07 1.89791e-08 2.71054e-10 2.28231e-12 1.13301e-14 3.31611e-17
#obs surv len freq
 2.43655e-11 2.35402e-09 1.34086e-07 4.50291e-06 8.9155e-05 0.00104076 0.00716415 0.0291013 0.0700373 0.102008 0.0995543 0.0894835 0.0974143 0.107073 0.107341 0.0978389 0.0770519 0.0528429 0.0327491 0.017868 0.00794729 0.00265672 0.000625141 9.86754e-05 1.00925e-05
 4.14008e-12 3.85795e-10 2.11956e-08 6.8656e-07 1.31126e-05 0.00014772 0.00098364 0.00391458 0.00984511 0.0193985 0.0419126 0.0895987 0.141833 0.162136 0.154275 0.134007 0.102702 0.0682319 0.03978 0.0199559 0.00813522 0.0025017 0.000541714 7.84527e-05 7.33667e-06
 9.2027e-11 8.25703e-09 4.36789e-07 1.36225e-05 0.000250485 0.00271547 0.0173561 0.0654062 0.145362 0.190783 0.14916 0.0742885 0.0381051 0.0470493 0.0700312 0.0750429 0.0575505 0.0352044 0.018753 0.00862681 0.00320522 0.000894531 0.000176041 2.32342e-05 1.98298e-06
 1.05114e-10 9.06604e-09 4.61015e-07 1.38214e-05 0.000244304 0.00254606 0.0156476 0.0567724 0.122296 0.161111 0.148118 0.132218 0.128576 0.0997212 0.054559 0.0281054 0.020203 0.0151987 0.00893635 0.00397629 0.00134938 0.000339482 6.01939e-05 7.17437e-06 5.54635e-07
 1.30214e-10 1.07795e-08 5.26108e-07 1.51388e-05 0.000256833 0.00256903 0.0151544 0.0527787 0.109188 0.138494 0.124066 0.111952 0.118134 0.115296 0.0957233 0.0645981 0.0323335 0.0124091 0.00456086 0.00174643 0.000566363 0.000133156 2.14666e-05 2.3035e-06 1.60273e-07
 2.22819e-10 1.76782e-08 8.26921e-07 2.28049e-05 0.000370796 0.00355465 0.0200951 0.0670539 0.132729 0.159963 0.132362 0.105467 0.100821 0.0941949 0.0782631 0.0557277 0.0310097 0.0129016 0.00410071 0.00106487 0.000242585 4.68512e-05 6.76853e-06 6.62486e-07 4.18556e-08
 2.81914e-10 2.14071e-08 9.58379e-07 2.52962e-05 0.000393658 0.00361204 0.0195477 0.0625003 0.119127 0.141636 0.126378 0.120781 0.124713 0.109185 0.0801833 0.0508607 0.0261801 0.0105342 0.00333738 0.000824183 0.00015523 2.22503e-05 2.42332e-06 1.93248e-07 1.05969e-08
 4.46027e-10 3.2374e-08 1.38538e-06 3.49529e-05 0.000519924 0.00456 0.0235874 0.0720678 0.131105 0.147896 0.122829 0.108598 0.110428 0.103151 0.0829998 0.0539302 0.0259267 0.00916764 0.00252636 0.00056052 9.68684e-05 1.23406e-05 1.11535e-06 7.01154e-08 3.02268e-09
 6.06624e-10 4.20363e-08 1.71739e-06 4.13668e-05 0.000587466 0.00491922 0.0242986 0.0709636 0.12402 0.137635 0.121246 0.119536 0.12299 0.107442 0.0801038 0.0500877 0.0242633 0.00883365 0.00243634 0.000507767 7.87015e-05 8.88888e-06 7.11708e-07 3.9114e-08 1.43461e-09
 9.51111e-10 6.28513e-08 2.4487e-06 5.62468e-05 0.000761741 0.00608274 0.0286526 0.0798012 0.133008 0.140804 0.118535 0.113038 0.115975 0.104711 0.0801245 0.0483311 0.0212309 0.00681657 0.0016871 0.00032812 4.82167e-05 5.07826e-06 3.69291e-07 1.81007e-08 5.8692e-10
 1.5199e-09 9.5679e-08 3.55105e-06 7.77028e-05 0.00100245 0.00762574 0.0342219 0.0908365 0.144548 0.147249 0.121828 0.11472 0.112752 0.0955714 0.0684236 0.0388628 0.0161276 0.00484154 0.00109179 0.000189029 2.47185e-05 2.35522e-06 1.57215e-07 7.09112e-09 2.10012e-10
 1.93053e-09 1.15655e-07 4.08501e-06 8.50673e-05 0.00104445 0.00756199 0.0323127 0.0818454 0.125654 0.129494 0.121052 0.129937 0.130387 0.107406 0.0735115 0.0393381 0.0151739 0.00418318 0.000858325 0.000134329 1.57521e-05 1.33522e-06 7.91419e-08 3.18818e-09 8.51053e-11
 2.89068e-09 1.64656e-07 5.52959e-06 0.000109484 0.0012781 0.00879851 0.0357498 0.0861345 0.126004 0.124629 0.113907 0.122122 0.126566 0.111612 0.0802106 0.0425408 0.015545 0.00394453 0.000730294 0.000102061 1.06613e-05 8.04889e-07 4.24518e-08 1.51968e-09 3.6038e-11
 3.74658e-09 2.02735e-07 6.46787e-06 0.000121657 0.00134922 0.008825 0.0340929 0.0783724 0.111243 0.113781 0.118177 0.136651 0.139124 0.117131 0.0804318 0.0412605 0.0148576 0.00377542 0.000696907 9.40858e-05 9.1226e-06 6.21332e-07 2.91715e-08 9.26248e-10 1.94911e-11
 5.01313e-09 2.57502e-07 7.79819e-06 0.000139236 0.00146584 0.00910238 0.0334018 0.0731287 0.1001 0.103086 0.11352 0.137348 0.146372 0.129693 0.0899007 0.0440897 0.0146314 0.00336825 0.00056681 7.14591e-05 6.5975e-06 4.27958e-07 1.88428e-08 5.49928e-10 1.04634e-11
 9.07542e-09 4.42197e-07 1.2703e-05 0.000215149 0.00214855 0.0126551 0.0440368 0.0913006 0.117565 0.111406 0.111072 0.126587 0.132644 0.116871 0.0796162 0.038109 0.0124144 0.00282167 0.000463465 5.54399e-05 4.74196e-06 2.83127e-07 1.15381e-08 3.13745e-10 5.56868e-12
 1.3272e-08 6.13054e-07 1.66955e-05 0.000268071 0.00253799 0.0141751 0.0468188 0.0925817 0.116225 0.114749 0.124177 0.140085 0.134224 0.106193 0.0662778 0.0298502 0.00935549 0.00208312 0.000338309 3.98689e-05 3.31359e-06 1.88687e-07 7.20104e-09 1.80995e-10 2.95179e-12
 1.91893e-08 8.39864e-07 2.1672e-05 0.000329716 0.00295788 0.0156557 0.0490322 0.0922074 0.111495 0.109919 0.12184 0.139545 0.137123 0.110881 0.0684065 0.0295908 0.00880625 0.00186224 0.000288946 3.27599e-05 2.63067e-06 1.44683e-07 5.30564e-09 1.27026e-10 1.95307e-12
 2.82087e-08 1.16933e-06 2.85781e-05 0.000411797 0.00349904 0.0175449 0.052106 0.0933474 0.109634 0.110021 0.125568 0.142345 0.136548 0.107456 0.0643355 0.0271745 0.00800269 0.00168681 0.000258392 2.83673e-05 2.17313e-06 1.1334e-07 3.93916e-09 8.94459e-11 1.3039e-12
 4.49404e-08 1.76381e-06 4.0814e-05 0.00055683 0.00447982 0.0212703 0.0598432 0.101768 0.114372 0.111827 0.125168 0.138811 0.130968 0.100752 0.0581815 0.0236109 0.00672779 0.00138701 0.000209114 2.2558e-05 1.68447e-06 8.46609e-08 2.80298e-09 6.00965e-11 8.22881e-13
 7.13856e-08 2.65207e-06 5.80898e-05 0.000750196 0.00571334 0.0256834 0.0684683 0.110733 0.120051 0.116365 0.128438 0.136512 0.122228 0.0893564 0.0494199 0.019465 0.00545885 0.00111378 0.000165246 1.73826e-05 1.25766e-06 6.09893e-08 1.94003e-09 3.97494e-11 5.16953e-13
 9.78735e-08 3.44137e-06 7.13415e-05 0.00087201 0.00628621 0.026763 0.0677451 0.105286 0.114685 0.120065 0.139453 0.145565 0.124463 0.0853152 0.043359 0.0154007 0.0038526 0.000706778 9.67197e-05 9.62123e-06 6.66534e-07 3.10043e-08 9.43216e-10 1.84145e-11 2.27464e-13
 1.35786e-07 4.51837e-06 8.86456e-05 0.00102544 0.0069966 0.0282057 0.0677475 0.100854 0.108714 0.117745 0.140111 0.148327 0.129181 0.088434 0.0436297 0.0147832 0.00348226 0.000590741 7.33259e-05 6.5617e-06 4.11443e-07 1.75614e-08 4.96772e-10 9.09737e-12 1.05832e-13
 2.06424e-07 6.50055e-06 0.000120695 0.00132132 0.00853271 0.0325671 0.0741727 0.105396 0.110741 0.119562 0.140255 0.145349 0.123927 0.0823762 0.0392501 0.0129007 0.0029682 0.000490419 5.82765e-05 4.87581e-06 2.80081e-07 1.08166e-08 2.75796e-10 4.56554e-12 4.83258e-14
 3.30334e-07 9.84526e-06 0.000173001 0.0017925 0.010956 0.0395881 0.0854538 0.115611 0.117188 0.123306 0.139347 0.138063 0.112321 0.0710565 0.032268 0.0101834 0.0022713 0.000365695 4.22399e-05 3.40603e-06 1.86296e-07 6.75581e-09 1.59547e-10 2.4185e-12 2.32573e-14
 3.89488e-07 1.09873e-05 0.000182745 0.00179236 0.0103747 0.0355738 0.073564 0.0991825 0.110976 0.134752 0.15762 0.150333 0.115577 0.0690348 0.0297621 0.00899244 0.00193484 0.000301299 3.35821e-05 2.60264e-06 1.36246e-07 4.70565e-09 1.0521e-10 1.49956e-12 1.34603e-14
 5.37566e-07 1.4355e-05 0.000226012 0.00209846 0.0114999 0.0373549 0.0733691 0.0949308 0.104611 0.127996 0.153803 0.155024 0.124645 0.0739197 0.0301842 0.00840868 0.00165215 0.000236217 2.4495e-05 1.78612e-06 8.8441e-08 2.89157e-09 6.11138e-11 8.21542e-13 6.93706e-15
 7.4743e-07 1.8896e-05 0.000281668 0.00247615 0.0128527 0.0396092 0.0743568 0.0945174 0.10767 0.135141 0.158276 0.15266 0.11771 0.067708 0.027316 0.00765511 0.00151535 0.00021319 2.10266e-05 1.42396e-06 6.49561e-08 1.96007e-09 3.84215e-11 4.8102e-13 3.79164e-15
 1.08775e-06 2.60384e-05 0.000367513 0.00305935 0.0150411 0.043958 0.0786657 0.0970907 0.110722 0.138885 0.160189 0.15131 0.11198 0.0600115 0.0220143 0.0055421 0.000993 0.000129678 1.21649e-05 7.89972e-07 3.43012e-08 9.7178e-10 1.76681e-11 2.03692e-13 1.47499e-15
#pred catch len freq
 1.27771e-13 1.38746e-11 8.88303e-10 3.35369e-08 7.47215e-07 9.86402e-06 7.86907e-05 0.000414544 0.0018794 0.00917687 0.0382514 0.105499 0.179787 0.196184 0.157223 0.112693 0.0765372 0.0474936 0.0281742 0.0169395 0.0107206 0.00741513 0.00551229 0.00386591 0.00214435
 6.39388e-14 6.94312e-12 4.44544e-10 1.6787e-08 3.74437e-07 4.97091e-06 4.07529e-05 0.000239472 0.00138044 0.00815739 0.0362095 0.101328 0.173502 0.190697 0.155827 0.116356 0.0842611 0.0562107 0.0341443 0.0190091 0.0101524 0.00565832 0.00347421 0.00218242 0.00116541
 1.75912e-13 1.9102e-11 1.22296e-09 4.61662e-08 1.028e-06 1.35307e-05 0.000106372 0.000524919 0.00195833 0.00753996 0.0283416 0.0767756 0.133804 0.158642 0.152635 0.137137 0.111192 0.0794632 0.0516408 0.0302881 0.015814 0.00761305 0.00369935 0.00189905 0.000910421
 3.70551e-13 4.02375e-11 2.57609e-09 9.72429e-08 2.16497e-06 2.84703e-05 0.000222818 0.00107658 0.00372446 0.0126259 0.0439389 0.11518 0.191487 0.19878 0.141767 0.0892602 0.0643368 0.0509977 0.0378111 0.024368 0.0135311 0.0064937 0.00277838 0.00113865 0.000449912
 2.86807e-13 3.1144e-11 1.99392e-09 7.5271e-08 1.67625e-06 2.20733e-05 0.000173935 0.0008676 0.00335418 0.0135897 0.0522304 0.140424 0.233213 0.236518 0.155137 0.0774687 0.0373338 0.0198359 0.0122227 0.00820521 0.00507962 0.00263893 0.00113375 0.000414626 0.000134404
 6.40694e-12 6.95717e-10 4.45405e-08 1.68119e-06 3.74131e-05 0.000490922 0.00379972 0.0173826 0.0474789 0.0812688 0.104657 0.138854 0.18225 0.177673 0.120573 0.065451 0.0329269 0.0150779 0.00635621 0.00286825 0.00150346 0.000803349 0.000369579 0.000136268 4.023e-05
 9.70077e-12 1.05339e-09 6.74389e-08 2.54549e-06 5.66467e-05 0.000743268 0.00575166 0.0262839 0.0714046 0.119133 0.139699 0.156788 0.183368 0.164681 0.0933241 0.0316249 0.00633608 0.00074883 5.2184e-05 2.14407e-06 5.19374e-08 7.41755e-10 6.24568e-12 3.10059e-14 9.08909e-17
 9.35795e-12 1.01616e-09 6.50556e-08 2.45553e-06 5.4645e-05 0.000717006 0.00554857 0.0253589 0.068935 0.115357 0.136838 0.157089 0.186582 0.168345 0.0954963 0.0323674 0.00648511 0.000766449 5.34118e-05 2.19452e-06 5.31595e-08 7.59208e-10 6.39264e-12 3.17349e-14 9.28825e-17
 1.01229e-11 1.09923e-09 7.03738e-08 2.65627e-06 5.91119e-05 0.00077561 0.00600177 0.0274229 0.0744461 0.123782 0.143223 0.156417 0.17941 0.160168 0.0906491 0.0307104 0.00615256 0.000727133 5.06718e-05 2.08194e-06 5.04323e-08 7.20261e-10 6.06469e-12 3.01069e-14 8.81176e-17
 1.10944e-11 1.20472e-09 7.71273e-08 2.91117e-06 6.47845e-05 0.000850031 0.00657728 0.030044 0.0814445 0.13448 0.15133 0.155562 0.170302 0.149785 0.0844939 0.0286062 0.00573025 0.000677206 4.71923e-05 1.93897e-06 4.69692e-08 6.70802e-10 5.64824e-12 2.80395e-14 8.20667e-17
 1.21141e-11 1.31544e-09 8.42159e-08 3.17873e-06 7.07386e-05 0.000928145 0.00718135 0.0327951 0.0887903 0.145709 0.15984 0.154666 0.160742 0.138886 0.0780331 0.0263976 0.00528698 0.000624801 4.35401e-05 1.78892e-06 4.33342e-08 6.18887e-10 5.21112e-12 2.58695e-14 7.57155e-17
 1.2183e-11 1.32292e-09 8.46949e-08 3.19681e-06 7.11408e-05 0.000933422 0.00722216 0.032981 0.0892866 0.146467 0.160415 0.154605 0.160096 0.13815 0.0775966 0.0262483 0.00525704 0.00062126 4.32934e-05 1.77878e-06 4.30886e-08 6.1538e-10 5.18158e-12 2.57229e-14 7.52863e-17
 1.1628e-11 1.26266e-09 8.08368e-08 3.05119e-06 6.79003e-05 0.000890909 0.00689339 0.0314837 0.0852886 0.140356 0.155784 0.155093 0.165299 0.144082 0.0811129 0.0274504 0.00549829 0.000649782 4.52811e-05 1.86045e-06 4.5067e-08 6.43634e-10 5.41949e-12 2.69039e-14 7.8743e-17
 1.25331e-11 1.36094e-09 8.71289e-08 3.28869e-06 7.31853e-05 0.000960245 0.00742959 0.0339257 0.0918089 0.150323 0.163337 0.154297 0.156813 0.134408 0.0753781 0.0254899 0.00510483 0.000603266 4.20393e-05 1.72725e-06 4.18405e-08 5.97554e-10 5.03148e-12 2.49778e-14 7.31055e-17
 1.17105e-11 1.27162e-09 8.14103e-08 3.07284e-06 6.8382e-05 0.000897228 0.00694226 0.0317062 0.0858829 0.141264 0.156472 0.155021 0.164526 0.1432 0.0805902 0.0272717 0.00546242 0.000645542 4.49856e-05 1.84831e-06 4.47729e-08 6.39434e-10 5.38412e-12 2.67284e-14 7.82292e-17
 1.14952e-11 1.24825e-09 7.99138e-08 3.01635e-06 6.7125e-05 0.000880737 0.00681474 0.0311254 0.0843321 0.138894 0.154676 0.15521 0.166544 0.145501 0.0819541 0.027738 0.005556 0.000656606 4.57566e-05 1.87999e-06 4.55403e-08 6.50394e-10 5.4764e-12 2.71865e-14 7.957e-17
 1.33855e-11 1.4535e-09 9.30546e-08 3.51235e-06 7.81626e-05 0.00102554 0.00793455 0.0362254 0.0979495 0.15971 0.170451 0.153548 0.148822 0.125297 0.0699773 0.0236436 0.00473429 0.000559459 3.89863e-05 1.60181e-06 3.88019e-08 5.54157e-10 4.66608e-12 2.31638e-14 6.77963e-17
 1.32587e-11 1.43973e-09 9.2173e-08 3.47907e-06 7.7422e-05 0.00101583 0.00785942 0.0358833 0.0970359 0.158313 0.169393 0.153659 0.150011 0.126653 0.0707808 0.0239183 0.00478942 0.000565976 3.94405e-05 1.62047e-06 3.92539e-08 5.60614e-10 4.72044e-12 2.34337e-14 6.85862e-17
 1.33913e-11 1.45413e-09 9.3095e-08 3.51387e-06 7.81965e-05 0.00102599 0.00793799 0.0362411 0.0979914 0.159774 0.1705 0.153543 0.148768 0.125235 0.0699405 0.0236311 0.00473176 0.00055916 3.89655e-05 1.60096e-06 3.87812e-08 5.53861e-10 4.66359e-12 2.31514e-14 6.77601e-17
 1.39045e-11 1.50987e-09 9.6663e-08 3.64855e-06 8.11934e-05 0.00106531 0.00824204 0.0376258 0.101689 0.165426 0.174783 0.153091 0.143956 0.119749 0.0666885 0.0225194 0.00450865 0.000532783 3.71272e-05 1.52543e-06 3.69515e-08 5.27731e-10 4.44357e-12 2.20592e-14 6.45633e-17
 1.44922e-11 1.57368e-09 1.00748e-07 3.80275e-06 8.46249e-05 0.00111032 0.00859018 0.0392114 0.105922 0.171897 0.179688 0.152575 0.138446 0.113468 0.0629651 0.0212465 0.00425319 0.000502581 3.50224e-05 1.43894e-06 3.48566e-08 4.97812e-10 4.19164e-12 2.08086e-14 6.09029e-17
 1.50861e-11 1.63817e-09 1.04877e-07 3.9586e-06 8.8093e-05 0.00115582 0.00894204 0.0408139 0.110201 0.178438 0.184645 0.152052 0.132877 0.10712 0.0592018 0.01996 0.00399499 0.000472056 3.2895e-05 1.35154e-06 3.27393e-08 4.67573e-10 3.93703e-12 1.95446e-14 5.72035e-17
 1.59165e-11 1.72834e-09 1.1065e-07 4.17648e-06 9.29417e-05 0.00121944 0.00943397 0.0430542 0.116183 0.187582 0.191575 0.151322 0.125092 0.0982445 0.0539405 0.0181614 0.00363402 0.00042938 2.99209e-05 1.22934e-06 2.97791e-08 4.25297e-10 3.58106e-12 1.77774e-14 5.20314e-17
 1.57847e-11 1.71403e-09 1.09734e-07 4.1419e-06 9.2172e-05 0.00120934 0.00935588 0.0426986 0.115234 0.186131 0.190475 0.151438 0.126328 0.0996533 0.0547756 0.0184469 0.00369132 0.000436154 3.0393e-05 1.24874e-06 3.0249e-08 4.32008e-10 3.63756e-12 1.80579e-14 5.28524e-17
 1.66519e-11 1.8082e-09 1.15763e-07 4.36947e-06 9.72362e-05 0.00127578 0.00986967 0.0450385 0.121481 0.195681 0.197713 0.150676 0.118197 0.0903835 0.0492805 0.0165683 0.00331431 0.000391582 2.72866e-05 1.1211e-06 2.71573e-08 3.87853e-10 3.26577e-12 1.62123e-14 4.74504e-17
 1.71558e-11 1.86291e-09 1.19265e-07 4.50168e-06 0.000100178 0.00131438 0.0101682 0.046398 0.125111 0.20123 0.201918 0.150232 0.113473 0.0849982 0.046088 0.015477 0.00309528 0.000365687 2.5482e-05 1.04696e-06 2.53611e-08 3.62201e-10 3.04978e-12 1.514e-14 4.43121e-17
 1.65957e-11 1.80209e-09 1.15372e-07 4.35471e-06 9.69077e-05 0.00127147 0.00983634 0.0448868 0.121076 0.195062 0.197243 0.150725 0.118724 0.0909848 0.0496369 0.0166902 0.00333876 0.000394473 2.74881e-05 1.12938e-06 2.73578e-08 3.90717e-10 3.28989e-12 1.6332e-14 4.78008e-17
 1.69843e-11 1.84429e-09 1.18073e-07 4.45668e-06 9.9177e-05 0.00130124 0.0100666 0.0459353 0.123876 0.199341 0.200486 0.150383 0.115081 0.0868311 0.0471746 0.0158484 0.00316982 0.0003745 2.60962e-05 1.07219e-06 2.59725e-08 3.70931e-10 3.12329e-12 1.55049e-14 4.53802e-17
 1.76865e-11 1.92054e-09 1.22955e-07 4.64092e-06 0.000103277 0.00135503 0.0104825 0.0478297 0.128934 0.207074 0.206346 0.149766 0.108498 0.0793262 0.0427257 0.0143275 0.00286459 0.000338414 2.35813e-05 9.68862e-07 2.34694e-08 3.35183e-10 2.82229e-12 1.40107e-14 4.10067e-17
#obs catch len freq
 1.53218e-11 1.48028e-09 8.43172e-08 2.83158e-06 5.60639e-05 0.000654492 0.0045062 0.0183252 0.0443716 0.066676 0.0740932 0.0874876 0.113633 0.126608 0.121506 0.108309 0.0876799 0.0639749 0.0422415 0.0240631 0.0109912 0.00375602 0.000904366 0.000146065 1.52453e-05
 1.70131e-11 1.58537e-09 8.70998e-08 2.82126e-06 5.38785e-05 0.000606686 0.00402956 0.0158201 0.0371272 0.0551237 0.0645214 0.0846874 0.116255 0.134288 0.134819 0.121608 0.0944759 0.0640632 0.0391541 0.0208519 0.00893496 0.00284308 0.000630664 9.31641e-05 8.871e-06
 1.23921e-12 1.11187e-10 5.88182e-09 1.83462e-07 3.37544e-06 3.67109e-05 0.000238722 0.000982751 0.00318276 0.0112657 0.0386505 0.0940375 0.149381 0.168348 0.158808 0.136548 0.103188 0.0675738 0.0387159 0.0189271 0.00742946 0.0021733 0.000443295 6.00462e-05 5.2259e-06
 2.02972e-11 1.75063e-09 8.9021e-08 2.66888e-06 4.71745e-05 0.00049163 0.00302128 0.010958 0.0235641 0.0308266 0.0282623 0.0307935 0.0596274 0.122754 0.186814 0.194338 0.145305 0.0873558 0.0457123 0.020466 0.00731235 0.00194027 0.000359608 4.4383e-05 3.52463e-06
 4.76433e-11 3.94404e-09 1.92495e-07 5.53911e-06 9.39775e-05 0.000940315 0.00555579 0.0195168 0.0422177 0.0653881 0.101627 0.167206 0.208631 0.16697 0.0904742 0.0475971 0.034791 0.0255821 0.0145477 0.00624646 0.00203308 0.000485996 8.11472e-05 9.04477e-06 6.50654e-07
 1.51203e-10 1.19963e-08 5.61142e-07 1.54753e-05 0.000251622 0.00241231 0.0136411 0.0455871 0.0909627 0.114122 0.110497 0.118169 0.135709 0.13312 0.108882 0.0715261 0.0346988 0.013089 0.00480544 0.0018048 0.000560524 0.000124781 1.89173e-05 1.89802e-06 1.22906e-07
 2.9354e-10 2.22899e-08 9.979e-07 2.63394e-05 0.00040989 0.00376091 0.0203513 0.0650366 0.123628 0.145041 0.123152 0.108796 0.110843 0.103938 0.0853555 0.0594175 0.0320611 0.0129162 0.00398595 0.00100947 0.000223478 4.12897e-05 5.62274e-06 5.14445e-07 3.02409e-08
 3.43897e-10 2.49611e-08 1.06816e-06 2.69496e-05 0.00040088 0.00351616 0.0181944 0.0556964 0.102332 0.12107 0.118185 0.130305 0.141074 0.122596 0.0887699 0.0551599 0.0276169 0.0107907 0.00331209 0.000788449 0.000142522 1.9526e-05 2.01818e-06 1.51311e-07 7.74002e-09
 5.947e-10 4.12101e-08 1.68363e-06 4.05537e-05 0.000575918 0.00482249 0.02382 0.0695534 0.121443 0.134203 0.116735 0.114214 0.120673 0.112015 0.0884631 0.0557574 0.0258649 0.0088496 0.00236624 0.000507278 8.39962e-05 1.01751e-05 8.6942e-07 5.14093e-08 2.07382e-09
 8.60813e-10 5.68843e-08 2.21623e-06 5.09069e-05 0.000689428 0.0055055 0.0259386 0.0723161 0.121167 0.131443 0.119318 0.123654 0.127494 0.109621 0.0803019 0.048894 0.0229076 0.00805481 0.00214178 0.000428682 6.35078e-05 6.81856e-06 5.15896e-07 2.6645e-08 9.14255e-10
 1.4046e-09 8.84208e-08 3.28166e-06 7.18083e-05 0.000926411 0.00704736 0.0316284 0.0839824 0.133886 0.137575 0.117125 0.115087 0.11766 0.104467 0.0780898 0.0455128 0.0192395 0.00596274 0.00142712 0.000267077 3.74594e-05 3.73994e-06 2.56489e-07 1.18058e-08 3.58125e-10
 2.2844e-09 1.36855e-07 4.8338e-06 0.00010066 0.00123588 0.00894735 0.0382183 0.0966186 0.146902 0.145006 0.120611 0.115641 0.112447 0.0935108 0.0653784 0.0358707 0.0143058 0.0041334 0.000898321 0.000149451 1.86675e-05 1.68789e-06 1.0627e-07 4.49827e-09 1.24537e-10
 2.96423e-09 1.68845e-07 5.67027e-06 0.00011227 0.00131062 0.00902262 0.036665 0.0883965 0.129724 0.129966 0.12183 0.130439 0.127953 0.103044 0.0687116 0.0354377 0.0131089 0.00347192 0.000685656 0.000102985 1.15215e-05 9.26132e-07 5.17809e-08 1.95848e-09 4.88897e-11
 4.50819e-09 2.43947e-07 7.78266e-06 0.000146387 0.00162344 0.0106173 0.0409905 0.0939159 0.13115 0.125724 0.114483 0.12193 0.12378 0.106689 0.0742304 0.0377033 0.0131568 0.00319772 0.000568686 7.62054e-05 7.59157e-06 5.43339e-07 2.70249e-08 9.08219e-10 2.01428e-11
 5.98734e-09 3.07543e-07 9.31362e-06 0.000166294 0.00175067 0.0108702 0.0398727 0.0871139 0.118046 0.117025 0.119857 0.135456 0.134199 0.110255 0.0733013 0.0360422 0.0124069 0.00301865 0.00053356 6.87467e-05 6.3331e-06 4.08118e-07 1.80576e-08 5.3823e-10 1.05939e-11
 8.12961e-09 3.96113e-07 1.13791e-05 0.000192728 0.00192469 0.0113378 0.0394771 0.0820984 0.107261 0.107017 0.115708 0.136488 0.141719 0.122136 0.0814029 0.0380572 0.0120339 0.00265015 0.000427657 5.15479e-05 4.52191e-06 2.77072e-07 1.14721e-08 3.13765e-10 5.57881e-12
 1.47651e-08 6.8202e-07 1.85737e-05 0.000298226 0.00282337 0.0157659 0.0520205 0.102349 0.125514 0.11461 0.111626 0.124034 0.126726 0.108423 0.0708726 0.0323205 0.0100329 0.00217897 0.000342098 3.89886e-05 3.16294e-06 1.78344e-07 6.83573e-09 1.74159e-10 2.88687e-12
 2.15931e-08 9.45072e-07 2.43868e-05 0.000371017 0.00332834 0.0176149 0.0551444 0.103476 0.123875 0.118189 0.124585 0.136139 0.12675 0.0974511 0.0584996 0.0251492 0.00752161 0.00160142 0.00024844 2.78436e-05 2.18955e-06 1.17467e-07 4.20869e-09 9.90077e-11 1.50723e-12
 3.14909e-08 1.30539e-06 3.19032e-05 0.000459706 0.003906 0.019582 0.0581046 0.103642 0.119425 0.113512 0.122078 0.135418 0.129382 0.101313 0.0598505 0.0246509 0.00699404 0.00141406 0.000209616 2.25991e-05 1.71607e-06 8.88279e-08 3.054e-09 6.83396e-11 9.79615e-13
 4.66191e-08 1.8297e-06 4.23385e-05 0.000577628 0.00464711 0.0220636 0.0620607 0.10542 0.117898 0.113712 0.125221 0.137168 0.127852 0.0973276 0.0557771 0.0224481 0.00630635 0.00126956 0.000185314 1.92975e-05 1.39584e-06 6.84638e-08 2.22972e-09 4.72942e-11 6.42329e-13
 7.41531e-08 2.75488e-06 6.03418e-05 0.000779274 0.00593462 0.0266744 0.0710603 0.11454 0.122471 0.114824 0.123745 0.132622 0.121527 0.0902508 0.0498135 0.0192599 0.00523861 0.00103187 0.000148163 1.51402e-05 1.06562e-06 5.02786e-08 1.55758e-09 3.11619e-11 3.97251e-13
 1.19467e-07 4.20061e-06 8.70806e-05 0.00106436 0.00767184 0.0326412 0.0823627 0.126095 0.129408 0.118712 0.124532 0.127255 0.110468 0.0779241 0.0412137 0.0154814 0.00414613 0.00080748 0.000113906 1.13335e-05 7.72022e-07 3.51101e-08 1.04389e-09 1.99368e-11 2.41157e-13
 1.64914e-07 5.48763e-06 0.000107661 0.00124537 0.00849633 0.0342331 0.0820078 0.120589 0.124093 0.122443 0.134803 0.135127 0.111809 0.073747 0.035745 0.0120833 0.00288555 0.000506276 6.60385e-05 6.22152e-06 4.05745e-07 1.76857e-08 5.02437e-10 9.13583e-12 1.04882e-13
 2.31756e-07 7.29829e-06 0.000135505 0.00148344 0.00957872 0.0365428 0.0830436 0.116816 0.118404 0.119976 0.135011 0.137401 0.115624 0.0758739 0.0356014 0.01146 0.00257134 0.000416056 4.91347e-05 4.16351e-06 2.45989e-07 9.84842e-09 2.60294e-10 4.4396e-12 4.79851e-14
 3.5347e-07 1.05348e-05 0.000185117 0.001918 0.011722 0.0423385 0.0912087 0.122299 0.120261 0.120652 0.133503 0.132964 0.109402 0.0696084 0.0315361 0.00985155 0.00215851 0.000339516 3.8273e-05 3.02402e-06 1.63381e-07 5.91365e-09 1.40871e-10 2.17257e-12 2.13733e-14
 5.61506e-07 1.58398e-05 0.000263447 0.00258358 0.014946 0.0511088 0.104336 0.133069 0.12582 0.122478 0.130312 0.123995 0.0972581 0.0588613 0.0254224 0.00763064 0.00162135 0.000248394 2.71839e-05 2.06665e-06 1.0613e-07 3.6012e-09 7.9352e-11 1.11966e-12 1.00024e-14
 6.81989e-07 1.82116e-05 0.000286729 0.00266207 0.014585 0.0473208 0.0924342 0.116845 0.120344 0.134064 0.147548 0.135029 0.0999825 0.0571121 0.0234248 0.00673462 0.00138042 0.000204408 2.1566e-05 1.57434e-06 7.73059e-08 2.49587e-09 5.20167e-11 6.89491e-13 5.74501e-15
 9.47319e-07 2.39494e-05 0.000356985 0.00313789 0.0162784 0.0500333 0.0927854 0.112329 0.113475 0.127344 0.14454 0.139935 0.107842 0.0608114 0.0235385 0.0062283 0.00116555 0.000158605 1.55825e-05 1.07058e-06 4.97123e-08 1.51857e-09 2.98999e-11 3.73587e-13 2.92668e-15
 1.35801e-06 3.25076e-05 0.00045881 0.00381889 0.0187648 0.054695 0.0967064 0.113904 0.116592 0.132415 0.14587 0.134899 0.0996427 0.0545457 0.0208913 0.00556284 0.00104635 0.000139527 1.29935e-05 8.27753e-07 3.53977e-08 9.98082e-10 1.82276e-11 2.12085e-13 1.55064e-15
#spawning biomass
 9218.25 8138.09 5785.12 6207.34 8455.4 12467.5 18628.8 24807.3 35507.6 46386.9 57399.6 75215.6 99980 115099 133385 120963 108273 96977.9 90459 92477.4 103815 105157 104524 108787 116523 116080 128933 126230 110929 121969 307734 468777 618452 746115 848479 926639 983749 1.02361e+06 1.04992e+06 1.06591e+06 1.07424e+06 1.07703e+06 1.07592e+06 1.0703e+06 1.05772e+06 1.04612e+06 1.0354e+06 1.02552e+06 1.01639e+06 1.00797e+06 1.0002e+06 993031 986413 980305 974668 969467 964666 960235 956147 952374 948891 945678 942712 939975 937449 935118 932966 930981 929149 927458 925897 924457 923128 921902 920770 919725 918761 917871 917050 916292 915593 914948 914352 913802 913295 912827 912395 911996 911628 911289 910975 910686 910419 910173 909946 909736 909542 909364 909199 909047 908906 908776 908657 908546 908445 908351 908264 908184 908110 908042 907979 907921 907867 907818 907772 907730 907691 907655 907622 907591 907563 907537 907513 907491 907471 907452 907434 907418 907403 0 0 0 0 0 0 0 0 0 0 0 0 0 0 0 0 0 0 0 0 0 0 0 0 0
