SBPRF35
0.819782
Curr Bio
203285
B35
1.4409e+06
F35
0.231806
FOFL
0
OFL
0
Bzero
234224
#pred survey bio
 27958.3 27482.4 22478.8 21683.4 34167.7 51797.4 74447.1 86283 108329 144424 173841 234242 262243 238157 232240 223278 246351 253407 252033 251118 236018 249178 265669 266863 283261 287815 300888 247288 5.56319e+06 8.61914e+06 9.51831e+06 9.09616e+06 8.02974e+06 6.79154e+06 5.64051e+06 4.68157e+06 3.93223e+06 3.36965e+06 2.95793e+06 2.66129e+06 2.44941e+06 2.29855e+06 2.19028e+06 2.1101e+06 2.0535e+06 2.01301e+06 1.98365e+06 1.96207e+06 1.94599e+06 1.93385e+06 1.92459e+06 1.91743e+06 1.91185e+06 1.90746e+06 1.90399e+06 1.90122e+06 1.899e+06 1.89722e+06 1.89578e+06 1.89462e+06 1.89367e+06 1.8929e+06 1.89228e+06 1.89177e+06 1.89135e+06 1.89101e+06 1.89074e+06 1.89051e+06 1.89033e+06 1.89017e+06 1.89005e+06 1.88995e+06 1.88987e+06 1.8898e+06 1.88974e+06 1.8897e+06 1.88966e+06 1.88963e+06 1.8896e+06 1.88958e+06 1.88957e+06 1.88955e+06 1.88954e+06 1.88953e+06 1.88953e+06 1.88952e+06 1.88951e+06 1.88951e+06 1.88951e+06 1.8895e+06 1.8895e+06 1.8895e+06 1.8895e+06 1.8895e+06 1.8895e+06 1.8895e+06 1.88949e+06 1.88949e+06 1.88949e+06 1.88949e+06 1.88949e+06 1.88949e+06 1.88949e+06 1.88949e+06 1.88949e+06 1.88949e+06 1.88949e+06 1.88949e+06 1.88949e+06 1.88949e+06 1.88949e+06 1.88949e+06 1.88949e+06 1.88949e+06 1.88949e+06 1.88949e+06 1.88949e+06 1.88949e+06 1.88949e+06 1.88949e+06 1.88949e+06 1.88949e+06 1.88949e+06 1.88949e+06 1.88949e+06 1.88949e+06 1.88949e+06 1.88949e+06 0 0 0 0 0 0 0 0 0 0 0 0 0 0 0 0 0 0 0 0 0 0 0 0 0
#obs survey bio
 25492.4 18188 22070.8 17977.3 29969.1 44125.9 75005.9 90644.1 126271 140996 201940 190628 209252 169703 183308 127044 245285 200399 196798 166672 149445 273443 174590 139626 200239 322101 211418 201915
#pred catch bio
 12844.8 15753.9 13109.8 10220.3 21987.5 33495.1 52637 61800.3 73725.3 104826 119825 170908 202757 181461 180794 168307 191725 200124 200522 202704 192148 196413 216451 216620 237243 238071 260167 212857 0 75805.8 83390.8 78742.8 68401.5 56713.4 46033.7 37282.6 30571.3 25645.7 22140 19699.4 18027.8 16896.9 16135.7 15618.2 15282.1 15063.9 14922.2 14830.2 14770.5 14731.7 14706.5 14690.1 14679.5 14672.6 14668.1 14665.2 14663.3 14662.1 14661.3 14660.8 14660.5 14660.2 14660.1 14660 14659.9 14659.9 14659.9 14659.9 14659.9 14659.8 14659.8 14659.8 14659.8 14659.8 14659.8 14659.8 14659.8 14659.8 14659.8 14659.8 14659.8 14659.8 14659.8 14659.8 14659.8 14659.8 14659.8 14659.8 14659.8 14659.8 14659.8 14659.8 14659.8 14659.8 14659.8 14659.8 14659.8 14659.8 14659.8 14659.8 14659.8 14659.8 14659.8 14659.8 14659.8 14659.8 14659.8 14659.8 14659.8 14659.8 14659.8 14659.8 14659.8 14659.8 14659.8 14659.8 14659.8 14659.8 14659.8 14659.8 14659.8 14659.8 14659.8 14659.8 14659.8 14659.8 14659.8 14659.8 0 0 0 0 0 0 0 0 0 0 0 0 0 0 0 0 0 0 0 0 0 0 0 0 0
#obs catch bio
 13391.9 16259.8 16011.8 8879.94 19607.3 31833.2 46258.9 51683.7 61291.9 93903.8 102479 154563 192680 172676 182777 163506 188160 195589 190024 210966 189532 180474 190656 208861 213141 203694 251751 184146
#pred cpue bio
 21371.8 23091 17037.3 15210.4 19388.5 25515 38991.4 46688.6 52677.3 74330.8 85718.9 116344 137166 129634 122805 112678 120182 120954 118872 115539 109450 100461 119629 112698 115780 109091 117432 99510.5 2.0184e+06 8.46568e+06 9.3974e+06 8.97404e+06 7.90758e+06 6.66938e+06 5.51834e+06 4.55941e+06 3.81006e+06 3.24749e+06 2.83577e+06 2.53913e+06 2.32724e+06 2.17638e+06 2.06812e+06 1.98794e+06 1.93134e+06 1.89085e+06 1.86149e+06 1.83991e+06 1.82383e+06 1.81169e+06 1.80242e+06 1.79527e+06 1.78969e+06 1.7853e+06 1.78183e+06 1.77906e+06 1.77684e+06 1.77506e+06 1.77362e+06 1.77245e+06 1.77151e+06 1.77074e+06 1.77012e+06 1.76961e+06 1.76919e+06 1.76885e+06 1.76857e+06 1.76835e+06 1.76816e+06 1.76801e+06 1.76789e+06 1.76779e+06 1.7677e+06 1.76764e+06 1.76758e+06 1.76753e+06 1.7675e+06 1.76747e+06 1.76744e+06 1.76742e+06 1.7674e+06 1.76739e+06 1.76738e+06 1.76737e+06 1.76736e+06 1.76736e+06 1.76735e+06 1.76735e+06 1.76734e+06 1.76734e+06 1.76734e+06 1.76734e+06 1.76734e+06 1.76734e+06 1.76733e+06 1.76733e+06 1.76733e+06 1.76733e+06 1.76733e+06 1.76733e+06 1.76733e+06 1.76733e+06 1.76733e+06 1.76733e+06 1.76733e+06 1.76733e+06 1.76733e+06 1.76733e+06 1.76733e+06 1.76733e+06 1.76733e+06 1.76733e+06 1.76733e+06 1.76733e+06 1.76733e+06 1.76733e+06 1.76733e+06 1.76733e+06 1.76733e+06 1.76733e+06 1.76733e+06 1.76733e+06 1.76733e+06 1.76733e+06 1.76733e+06 1.76733e+06 1.76733e+06 1.76733e+06 0 0 0 0 0 0 0 0 0 0 0 0 0 0 0 0 0 0 0 0 0 0 0 0 0
#obs cpue bio
 15831.9 22718.8 20713.2 16123.2 30172.9 34375 69268.9 102088 87473.8 114554 141503 211149 207389 207436 168696 188557 158952 165784 185770 145244 187614 141444 280954 236479 275840 187043 186163 219506
#pred surv len freq
 1.19685e-11 1.29907e-09 8.31403e-08 3.13746e-06 6.98127e-05 0.000915991 0.0070877 0.0323645 0.0875113 0.142524 0.151151 0.133964 0.129367 0.115119 0.0787493 0.0459799 0.0269096 0.0160458 0.00989347 0.00655155 0.00476139 0.00384214 0.00325729 0.00248655 0.00144522
 8.69325e-12 9.43569e-10 6.03883e-08 2.27887e-06 5.07082e-05 0.000665347 0.00514907 0.0235303 0.0638739 0.10604 0.12184 0.131489 0.152201 0.145872 0.104232 0.0636561 0.0372041 0.0201808 0.0103641 0.00542804 0.00308116 0.00200204 0.00147152 0.00105746 0.000609448
 1.19855e-11 1.30091e-09 8.32584e-08 3.14191e-06 6.99117e-05 0.000917287 0.00709762 0.0324071 0.0875899 0.142358 0.149619 0.129385 0.122523 0.111571 0.0834508 0.0563159 0.0360751 0.0206566 0.0105619 0.00495159 0.00222422 0.0010621 0.000595277 0.000367038 0.000199452
 1.30117e-11 1.4123e-09 9.0387e-08 3.41093e-06 7.58976e-05 0.000995828 0.0077054 0.0351835 0.0951122 0.154729 0.163272 0.142524 0.134581 0.116052 0.0735901 0.0369321 0.0186161 0.0102746 0.00561753 0.00276677 0.00119107 0.000466533 0.000186583 8.488e-05 3.93419e-05
 1.64716e-11 1.78784e-09 1.14421e-07 4.3179e-06 9.60787e-05 0.00126059 0.00975318 0.0445128 0.120044 0.192962 0.192786 0.141237 0.105048 0.082009 0.0534015 0.0293604 0.0151041 0.00706867 0.00306866 0.00135541 0.000588794 0.000228069 7.75652e-05 2.53889e-05 8.66269e-06
 1.72986e-11 1.87759e-09 1.20166e-07 4.53468e-06 0.000100902 0.00132388 0.0102429 0.0467489 0.12609 0.202805 0.203184 0.150146 0.112096 0.0834426 0.0451969 0.0151879 0.00304216 0.000360841 2.56605e-05 1.2562e-06 1.05736e-07 2.82073e-08 8.91362e-09 2.51208e-09 6.40016e-10
 1.66414e-11 1.80627e-09 1.15601e-07 4.36242e-06 9.70693e-05 0.0012736 0.00985396 0.0449772 0.121357 0.195567 0.197694 0.150718 0.118257 0.0904723 0.0493663 0.0166126 0.0033267 0.000393513 2.74569e-05 1.12974e-06 2.74152e-08 3.92533e-10 3.32524e-12 1.76451e-14 2.52375e-16
 1.62605e-11 1.76492e-09 1.12955e-07 4.26256e-06 9.48473e-05 0.00124444 0.0096285 0.0439501 0.118614 0.191372 0.194511 0.151048 0.121827 0.0945464 0.0517836 0.0174397 0.00349288 0.000413181 2.88288e-05 1.18611e-06 2.8776e-08 4.11638e-10 3.47215e-12 1.72714e-14 5.06745e-17
 1.74277e-11 1.89161e-09 1.21063e-07 4.56854e-06 0.000101656 0.00133377 0.0103193 0.0470972 0.12702 0.204228 0.204264 0.150036 0.110888 0.082063 0.0443768 0.0149052 0.00298367 0.000352909 2.46229e-05 1.01307e-06 2.45778e-08 3.51583e-10 2.96562e-12 1.47524e-14 4.32899e-17
 1.68363e-11 1.82742e-09 1.16955e-07 4.4135e-06 9.8206e-05 0.00128851 0.00996929 0.0455026 0.122761 0.197714 0.199322 0.150549 0.116431 0.0883882 0.0481298 0.0161895 0.00324168 0.000383448 2.6754e-05 1.10075e-06 2.6705e-08 3.82013e-10 3.2223e-12 1.60293e-14 4.70371e-17
 1.72882e-11 1.87647e-09 1.20094e-07 4.53196e-06 0.000100842 0.00132309 0.0102367 0.0467209 0.126015 0.202691 0.203098 0.150157 0.112196 0.0835555 0.0452623 0.0152083 0.00304455 0.000360115 2.51257e-05 1.03375e-06 2.50796e-08 3.58757e-10 3.02598e-12 1.505e-14 4.41353e-17
 1.72141e-11 1.86842e-09 1.19579e-07 4.51253e-06 0.000100409 0.00131742 0.0101929 0.046521 0.125481 0.201874 0.202479 0.150221 0.112891 0.0843483 0.0457327 0.0153692 0.00307689 0.000363943 2.53929e-05 1.04475e-06 2.53463e-08 3.62575e-10 3.05828e-12 1.52123e-14 4.4628e-17
 1.66565e-11 1.8079e-09 1.15706e-07 4.36637e-06 9.71572e-05 0.00127475 0.00986288 0.0450178 0.121466 0.195733 0.19782 0.150705 0.118116 0.0903111 0.0492707 0.0165799 0.00332012 0.000392732 2.74018e-05 1.1274e-06 2.73515e-08 3.91257e-10 3.3001e-12 1.64133e-14 4.81323e-17
 1.61888e-11 1.75714e-09 1.12457e-07 4.24377e-06 9.44292e-05 0.00123896 0.00958607 0.0437569 0.118098 0.190582 0.193912 0.15111 0.122498 0.095313 0.0522385 0.0175954 0.00352415 0.000416882 2.90871e-05 1.19674e-06 2.90337e-08 4.15319e-10 3.50306e-12 1.74227e-14 5.10923e-17
 1.6532e-11 1.79439e-09 1.14841e-07 4.33373e-06 9.6431e-05 0.00126522 0.0097892 0.0446822 0.120569 0.194362 0.19678 0.150813 0.119282 0.0916426 0.0500607 0.0168502 0.00337443 0.000399161 2.78504e-05 1.14586e-06 2.77993e-08 3.97662e-10 3.35413e-12 1.6682e-14 4.89202e-17
 1.7048e-11 1.85039e-09 1.18425e-07 4.46899e-06 9.94405e-05 0.00130471 0.0100946 0.0460732 0.124285 0.200045 0.201091 0.150365 0.114447 0.0861246 0.0467867 0.0157299 0.00314935 0.000372519 2.59913e-05 1.06937e-06 2.59436e-08 3.71116e-10 3.13022e-12 1.55684e-14 4.56544e-17
 1.73955e-11 1.88812e-09 1.20839e-07 4.5601e-06 0.000101468 0.0013313 0.0103003 0.0470103 0.126788 0.203873 0.203995 0.150064 0.11119 0.0824074 0.0445811 0.0149752 0.00299772 0.000354572 2.47389e-05 1.01784e-06 2.46935e-08 3.53233e-10 2.97939e-12 1.48182e-14 4.34545e-17
 1.76088e-11 1.91126e-09 1.22321e-07 4.616e-06 0.000102712 0.00134762 0.0104265 0.0475852 0.128324 0.206221 0.205777 0.149879 0.109192 0.0801269 0.043228 0.0145122 0.0029047 0.000343561 2.39706e-05 9.86226e-07 2.39265e-08 3.42262e-10 2.88685e-12 1.4358e-14 4.21049e-17
 1.77219e-11 1.92354e-09 1.23106e-07 4.64564e-06 0.000103371 0.00135628 0.0104934 0.0478901 0.129138 0.207467 0.206722 0.149781 0.108132 0.0789174 0.0425104 0.0142666 0.00285536 0.000337721 2.35631e-05 9.6946e-07 2.35197e-08 3.36444e-10 2.83777e-12 1.41139e-14 4.13891e-17
 1.79495e-11 1.94825e-09 1.24688e-07 4.70532e-06 0.000104699 0.0013737 0.0106282 0.048504 0.130777 0.209975 0.208624 0.149584 0.105999 0.0764825 0.0410657 0.0137722 0.00275604 0.000325965 2.27428e-05 9.35708e-07 2.27009e-08 3.2473e-10 2.73898e-12 1.36225e-14 3.99481e-17
 1.78783e-11 1.94052e-09 1.24193e-07 4.68666e-06 0.000104284 0.00136825 0.010586 0.048312 0.130265 0.20919 0.208029 0.149646 0.106666 0.0772441 0.0415176 0.0139269 0.00278711 0.000329643 2.29994e-05 9.46266e-07 2.2957e-08 3.28394e-10 2.76988e-12 1.37762e-14 4.03988e-17
 1.9014e-11 2.06379e-09 1.32082e-07 4.98436e-06 0.000110908 0.00145516 0.0112582 0.0513739 0.138443 0.221698 0.217518 0.148661 0.0960238 0.0650984 0.0343111 0.0114609 0.00229168 0.000271001 1.89073e-05 7.77899e-07 1.88723e-08 2.69963e-10 2.27704e-12 1.1325e-14 3.32107e-17
 1.81396e-11 1.96888e-09 1.26008e-07 4.75515e-06 0.000105808 0.00138824 0.0107406 0.0490164 0.132146 0.212068 0.210212 0.149419 0.104218 0.0744498 0.0398596 0.0133595 0.00267313 0.000316151 2.20579e-05 9.0753e-07 2.20173e-08 3.14951e-10 2.65649e-12 1.32123e-14 3.87451e-17
 1.86664e-11 2.02606e-09 1.29668e-07 4.89325e-06 0.000108881 0.00142856 0.0110524 0.0504368 0.13594 0.21787 0.214614 0.148962 0.0992809 0.0688156 0.0365166 0.0122156 0.0024433 0.000288948 2.01597e-05 8.29428e-07 2.01224e-08 2.87846e-10 2.42787e-12 1.20752e-14 3.54106e-17
 1.89138e-11 2.05292e-09 1.31386e-07 4.95811e-06 0.000110324 0.00144749 0.0111989 0.0511038 0.137722 0.220595 0.216681 0.148748 0.0969623 0.0661694 0.0349466 0.0116784 0.00233537 0.000276172 1.92681e-05 7.92746e-07 1.92325e-08 2.75116e-10 2.3205e-12 1.15412e-14 3.38446e-17
 1.94384e-11 2.10985e-09 1.3503e-07 5.09562e-06 0.000113384 0.00148763 0.0115094 0.0525181 0.141499 0.226373 0.221064 0.148293 0.0920466 0.0605593 0.0316179 0.0105394 0.00210652 0.000249085 1.7378e-05 7.14978e-07 1.73458e-08 2.48127e-10 2.09286e-12 1.0409e-14 3.05244e-17
 1.92424e-11 2.08858e-09 1.33669e-07 5.04425e-06 0.000112241 0.00147264 0.0113934 0.0519898 0.140088 0.224214 0.219427 0.148463 0.0938831 0.0626552 0.0328615 0.0109649 0.00219202 0.000259205 1.80841e-05 7.44032e-07 1.80507e-08 2.5821e-10 2.1779e-12 1.0832e-14 3.17648e-17
 1.90276e-11 2.06526e-09 1.32177e-07 4.98793e-06 0.000110988 0.0014562 0.0112662 0.0514106 0.138541 0.221848 0.217632 0.148649 0.0958962 0.0649527 0.0342246 0.0114313 0.00228573 0.000270297 1.88582e-05 7.7588e-07 1.88233e-08 2.69262e-10 2.27113e-12 1.12956e-14 3.31245e-17
#obs surv len freq
 3.71655e-11 3.44437e-09 1.8822e-07 6.06472e-06 0.000115225 0.00129089 0.00852957 0.0332766 0.0771017 0.109353 0.108695 0.107053 0.122419 0.129114 0.117238 0.0909046 0.0554205 0.0258307 0.00969805 0.00303074 0.000759 0.000143036 1.92844e-05 1.79364e-06 1.11934e-07
 1.93959e-11 1.73371e-09 9.13761e-08 2.83973e-06 5.20383e-05 0.000562386 0.00358714 0.0135601 0.0310417 0.0475911 0.0660799 0.104806 0.150899 0.171162 0.161938 0.126583 0.0747303 0.0325379 0.0110136 0.00304073 0.000678892 0.000116916 1.46837e-05 1.27963e-06 7.45356e-08
 1.4395e-10 1.23888e-08 6.28687e-07 1.88116e-05 0.000331899 0.00345283 0.0211809 0.0766261 0.163606 0.20701 0.158802 0.0838639 0.0506047 0.0552846 0.0659405 0.0581495 0.0347224 0.014472 0.00454015 0.00113149 0.000223508 3.38256e-05 3.76536e-06 2.95611e-07 1.57391e-08
 1.27559e-10 1.0553e-08 5.14784e-07 1.48069e-05 0.000251129 0.00251162 0.014818 0.0516704 0.107568 0.140562 0.140151 0.148681 0.157349 0.12249 0.065693 0.0283391 0.0122365 0.00521597 0.00184941 0.00049082 9.42905e-05 1.30355e-05 1.2863e-06 8.88022e-08 4.17613e-09
 2.04989e-10 1.62771e-08 7.62092e-07 2.10391e-05 0.000342481 0.0032874 0.0186103 0.0621975 0.123361 0.149172 0.124503 0.101832 0.103724 0.107687 0.0971092 0.0666132 0.0306239 0.00893574 0.00170297 0.000242308 3.11763e-05 3.66682e-06 3.35169e-07 2.12776e-08 8.99825e-10
 3.01133e-10 2.2917e-08 1.02836e-06 2.72093e-05 0.000424507 0.00390542 0.021193 0.0679386 0.129687 0.153435 0.132944 0.119963 0.119551 0.103421 0.0745482 0.0446108 0.020191 0.00645238 0.0014481 0.000230487 2.59522e-05 2.08664e-06 1.25284e-07 5.84279e-09 2.05409e-10
 3.8503e-10 2.80453e-08 1.20451e-06 3.05036e-05 0.000455498 0.00401096 0.0208359 0.0639874 0.117451 0.136016 0.122399 0.121478 0.128554 0.116635 0.0879166 0.0519491 0.021387 0.00574023 0.00101403 0.000126265 1.20375e-05 8.95529e-07 4.9224e-08 1.88568e-09 4.91676e-11
 6.52439e-10 4.54272e-08 1.865e-06 4.51471e-05 0.000644428 0.00542425 0.0269323 0.0790198 0.138262 0.151 0.123901 0.110211 0.111235 0.102236 0.0791412 0.0469061 0.0190154 0.0050277 0.000880338 0.00010691 9.35905e-06 5.94946e-07 2.71773e-08 8.82829e-10 2.00841e-11
 8.94707e-10 5.94769e-08 2.33132e-06 5.38823e-05 0.000734322 0.00590157 0.0279844 0.0785081 0.132144 0.142739 0.125638 0.124469 0.125049 0.104814 0.0726106 0.039502 0.0151705 0.00390386 0.000683158 8.46514e-05 7.57291e-06 4.81406e-07 2.11588e-08 6.3075e-10 1.26111e-11
 1.19082e-09 7.54947e-08 2.82212e-06 6.22047e-05 0.000808486 0.00619698 0.0280315 0.075098 0.12136 0.128871 0.1185 0.125776 0.131757 0.115985 0.0833432 0.0444494 0.0157252 0.00349618 0.000488765 4.4888e-05 2.93025e-06 1.46332e-07 5.62624e-09 1.57558e-10 3.02514e-12
 1.98715e-09 1.20019e-07 4.27424e-06 8.97544e-05 0.00111135 0.00811526 0.0349694 0.0892194 0.137092 0.137457 0.117562 0.117126 0.119823 0.105841 0.075792 0.0392966 0.0132923 0.00280572 0.000370216 3.15495e-05 1.82688e-06 7.51376e-08 2.22622e-09 4.70865e-11 7.03288e-13
 2.86463e-09 1.64669e-07 5.58138e-06 0.000111548 0.00131459 0.00913689 0.0374875 0.0912209 0.134794 0.134473 0.122671 0.128363 0.126192 0.102432 0.0671125 0.0322227 0.0101825 0.0020122 0.000247858 1.95835e-05 1.04182e-06 3.90172e-08 1.04133e-09 1.94289e-11 2.47201e-13
 3.3711e-09 1.84265e-07 5.93881e-06 0.000112863 0.0012648 0.00836063 0.0326496 0.0759201 0.109257 0.113987 0.121106 0.141815 0.144937 0.120748 0.0794625 0.0370181 0.0110733 0.00203656 0.000229007 1.60527e-05 7.30897e-07 2.28231e-08 5.09237e-10 8.14235e-12 9.09409e-14
 5.27227e-09 2.73796e-07 8.38389e-06 0.000151376 0.0016117 0.0101218 0.0375522 0.0829345 0.113207 0.111617 0.112736 0.130653 0.139607 0.124192 0.084059 0.03842 0.0109938 0.00191648 0.000203848 1.3518e-05 5.81054e-07 1.69504e-08 3.4541e-10 4.8968e-12 4.72236e-14
 8.32852e-09 4.10605e-07 1.19363e-05 0.000204601 0.0020681 0.0123316 0.043457 0.0913588 0.119866 0.117232 0.120685 0.136468 0.135997 0.111302 0.0697307 0.0297909 0.00802598 0.00132615 0.000134966 8.68586e-06 3.68437e-07 1.07136e-08 2.16316e-10 2.98124e-12 2.73456e-14
 1.16386e-08 5.44356e-07 1.50126e-05 0.000244132 0.00234118 0.0132465 0.0443309 0.0888555 0.113141 0.113312 0.124325 0.143079 0.140807 0.11265 0.0679005 0.0275432 0.00700511 0.0010917 0.000105 6.41352e-06 2.59763e-07 7.25532e-09 1.41317e-10 1.88491e-12 1.67802e-14
 1.88949e-08 8.37906e-07 2.19096e-05 0.000337809 0.00307149 0.0164775 0.0522892 0.0994154 0.120237 0.114872 0.121372 0.136789 0.134381 0.107032 0.0627041 0.0242383 0.00582334 0.000855371 7.76129e-05 4.48386e-06 1.72236e-07 4.56648e-09 8.43052e-11 1.06371e-12 8.95202e-15
 2.82953e-08 1.18907e-06 2.94642e-05 0.000430508 0.0037096 0.0188636 0.0567985 0.102953 0.121127 0.118443 0.129659 0.142279 0.131038 0.0970641 0.0531397 0.019351 0.00442471 0.000628403 5.65083e-05 3.33807e-06 1.34239e-07 3.71768e-09 6.97616e-11 8.6565e-13 6.9923e-15
 3.90449e-08 1.55426e-06 3.64817e-05 0.000504932 0.0041217 0.0198609 0.0567485 0.0982723 0.113528 0.11584 0.13366 0.147997 0.135786 0.0989906 0.0521838 0.0180194 0.00388314 0.000519423 4.41268e-05 2.47956e-06 9.58879e-08 2.58843e-09 4.80083e-11 5.95869e-13 4.84656e-15
 5.56381e-08 2.09728e-06 4.66157e-05 0.000610971 0.00472303 0.0215591 0.0584376 0.0966366 0.109344 0.114617 0.135893 0.150803 0.13813 0.0990173 0.0501001 0.0163378 0.00329719 0.000410644 3.22757e-05 1.6665e-06 5.89904e-08 1.46176e-09 2.50997e-11 2.91406e-13 2.23943e-15
 9.17558e-08 3.27446e-06 6.89031e-05 0.00085497 0.00625721 0.0270421 0.0694127 0.108782 0.116937 0.117023 0.133309 0.14367 0.128536 0.0890582 0.0429345 0.0132525 0.00253425 0.000301134 2.28339e-05 1.14943e-06 3.9702e-08 9.47262e-10 1.53434e-11 1.65122e-13 1.16443e-15
 1.32956e-07 4.49131e-06 8.94608e-05 0.00105079 0.00728061 0.0298047 0.072654 0.109389 0.117591 0.124064 0.143344 0.146967 0.122078 0.0783598 0.0351544 0.0101366 0.00181525 0.000202441 1.44476e-05 6.87132e-07 2.25244e-08 5.12186e-10 7.93147e-12 8.16809e-14 5.49775e-16
 1.77842e-07 5.68632e-06 0.000107207 0.00119194 0.00781843 0.0303223 0.0702633 0.10206 0.110965 0.124559 0.148599 0.153005 0.126729 0.0794467 0.0339991 0.00921871 0.00153989 0.000159076 1.04298e-05 4.51929e-07 1.34465e-08 2.78608e-10 3.96505e-12 3.7846e-14 2.37603e-16
 2.92802e-07 8.86136e-06 0.000158134 0.00166413 0.0103318 0.0379251 0.0831523 0.11411 0.116673 0.123262 0.141461 0.143666 0.117803 0.0717283 0.0292552 0.00749584 0.00118225 0.000115763 7.23852e-06 3.00389e-07 8.52912e-09 1.66509e-10 2.19722e-12 1.9198e-14 1.09566e-16
 3.78429e-07 1.08409e-05 0.000183127 0.00182435 0.0107262 0.0373468 0.0782626 0.105924 0.116071 0.136583 0.157946 0.149759 0.112267 0.0627875 0.0237305 0.00566337 0.000833624 7.62033e-05 4.44673e-06 1.72199e-07 4.5685e-09 8.35698e-11 1.03622e-12 8.51499e-15 4.56018e-17
 4.88062e-07 1.32358e-05 0.000211659 0.00199626 0.0111145 0.0366913 0.0732986 0.0966314 0.108468 0.133812 0.159754 0.157492 0.121714 0.0676692 0.0246647 0.00560737 0.000786806 6.91759e-05 3.93362e-06 1.49896e-07 3.90427e-09 6.90995e-11 8.14273e-13 6.27409e-15 3.12764e-17
 6.68012e-07 1.71517e-05 0.000259686 0.00231907 0.0122299 0.0383005 0.0730866 0.0944137 0.109008 0.138412 0.164184 0.158845 0.118997 0.0630368 0.0216335 0.00460285 0.000602288 4.92339e-05 2.59722e-06 9.1888e-08 2.23541e-09 3.7318e-11 4.18792e-13 3.09077e-15 1.47639e-17
 9.06822e-07 2.2047e-05 0.000316083 0.00267313 0.0133558 0.0397057 0.072542 0.0924205 0.110261 0.143273 0.168411 0.159783 0.115796 0.0583483 0.0188431 0.0037527 0.00045816 3.48245e-05 1.70022e-06 5.53694e-08 1.23472e-09 1.88692e-11 1.94076e-13 1.31646e-15 5.80388e-18
#pred catch len freq
 9.83832e-13 1.06786e-10 6.83431e-09 2.57915e-07 5.73993e-06 7.53779e-05 0.000585864 0.00273599 0.00823188 0.0201285 0.0526562 0.124862 0.203048 0.209924 0.148215 0.0870409 0.0509897 0.0304086 0.0187489 0.0124154 0.00902295 0.00728094 0.00617262 0.00471206 0.00273872
 6.34746e-13 6.88958e-11 4.40937e-09 1.66405e-07 3.70375e-06 4.8664e-05 0.000379247 0.00179456 0.00571436 0.0162551 0.0496154 0.124943 0.206715 0.216719 0.157664 0.0965867 0.0564749 0.0306347 0.0157322 0.00823924 0.00467685 0.00303885 0.00223359 0.00160509 0.000925068
 1.23598e-12 1.34154e-10 8.58587e-09 3.24012e-07 7.21058e-06 9.46671e-05 0.000734853 0.00341011 0.00996958 0.0222746 0.0517762 0.116506 0.188812 0.201427 0.155638 0.105553 0.0676423 0.03873 0.0198019 0.00928315 0.00416987 0.00199118 0.001116 0.000688105 0.000373924
 1.25639e-12 1.36369e-10 8.72764e-09 3.29364e-07 7.32989e-06 9.6247e-05 0.000747649 0.00348186 0.0103462 0.0243564 0.0607686 0.140856 0.226238 0.227926 0.149432 0.0754671 0.0380792 0.0210191 0.0114918 0.00565986 0.00243649 0.000954354 0.00038168 0.000173633 8.04791e-05
 7.71771e-12 8.37683e-10 5.36116e-08 2.02314e-06 4.5018e-05 0.000590698 0.00457186 0.020904 0.056902 0.0957273 0.115747 0.138075 0.170555 0.164152 0.112253 0.0621913 0.0319909 0.0149639 0.00649479 0.00286851 0.00124606 0.000482658 0.00016415 5.37301e-05 1.83327e-05
 1.09328e-11 1.18665e-09 7.59456e-08 2.86596e-06 6.37716e-05 0.000836748 0.00647532 0.0295863 0.0802475 0.132693 0.149995 0.155664 0.171747 0.151521 0.0855917 0.0290121 0.00582112 0.000690688 4.91161e-05 2.40285e-06 2.01731e-07 5.37623e-08 1.69881e-08 4.78767e-09 1.21978e-09
 1.14098e-11 1.23842e-09 7.9259e-08 2.99099e-06 6.65538e-05 0.000873249 0.00675762 0.0308723 0.0836825 0.137947 0.153982 0.155254 0.167282 0.146423 0.082564 0.0279723 0.00560898 0.000663656 4.63081e-05 1.90542e-06 4.62384e-08 6.62041e-10 5.6082e-12 2.97513e-14 4.2413e-16
 1.09342e-11 1.1868e-09 7.59551e-08 2.86631e-06 6.37796e-05 0.000836852 0.00647613 0.0295899 0.0802573 0.132708 0.150008 0.155666 0.171739 0.15151 0.0855821 0.029005 0.00581646 0.000688211 4.80207e-05 1.97575e-06 4.79333e-08 6.85681e-10 5.78369e-12 2.87696e-14 8.44102e-17
 1.22502e-11 1.32964e-09 8.50967e-08 3.21129e-06 7.14556e-05 0.000937557 0.00725499 0.033138 0.0897343 0.147203 0.161003 0.154525 0.159407 0.137436 0.0772314 0.0261475 0.00524236 0.000620258 4.32789e-05 1.78065e-06 4.32001e-08 6.17975e-10 5.21265e-12 2.59302e-14 7.60901e-17
 1.23039e-11 1.33547e-09 8.547e-08 3.22538e-06 7.17691e-05 0.00094167 0.0072868 0.0332829 0.0901213 0.147794 0.161452 0.154479 0.158903 0.136861 0.0768904 0.0260308 0.00521892 0.000617483 4.30852e-05 1.77269e-06 4.30068e-08 6.1521e-10 5.18933e-12 2.58142e-14 7.57502e-17
 1.22046e-11 1.32469e-09 8.478e-08 3.19934e-06 7.11897e-05 0.000934068 0.00722801 0.033015 0.0894059 0.1467 0.160622 0.154565 0.159834 0.137923 0.0775207 0.0262465 0.00526225 0.000622612 4.34431e-05 1.78741e-06 4.33639e-08 6.20309e-10 5.23208e-12 2.60223e-14 7.63123e-17
 1.3094e-11 1.42122e-09 9.09582e-08 3.43248e-06 7.63774e-05 0.00100213 0.0077544 0.0354129 0.0958108 0.156496 0.168054 0.153794 0.1515 0.128411 0.071877 0.0243153 0.00487426 0.000576687 4.02384e-05 1.65556e-06 4.01651e-08 5.74556e-10 4.84631e-12 2.41062e-14 7.07199e-17
 1.31306e-11 1.4252e-09 9.12127e-08 3.44209e-06 7.65911e-05 0.00100493 0.00777608 0.0355117 0.0960746 0.1569 0.16836 0.153762 0.151157 0.12802 0.0716445 0.0242358 0.00485828 0.000574796 4.01064e-05 1.65012e-06 4.00332e-08 5.72664e-10 4.83021e-12 2.40234e-14 7.04491e-17
 1.20754e-11 1.31067e-09 8.38827e-08 3.16548e-06 7.04362e-05 0.000924184 0.00715156 0.0326668 0.0884758 0.145278 0.159543 0.154677 0.161045 0.139305 0.0783404 0.026527 0.0053186 0.000629282 4.39085e-05 1.80656e-06 4.38284e-08 6.26954e-10 5.28812e-12 2.63009e-14 7.71275e-17
 1.30457e-11 1.41598e-09 9.06228e-08 3.41983e-06 7.60957e-05 0.000998434 0.00772582 0.0352828 0.0954631 0.155964 0.16765 0.153835 0.151952 0.128928 0.0721834 0.0244202 0.00489532 0.000579181 4.04124e-05 1.66271e-06 4.03386e-08 5.77033e-10 4.86706e-12 2.42067e-14 7.09864e-17
 1.3356e-11 1.44967e-09 9.27785e-08 3.50117e-06 7.79058e-05 0.00102218 0.00790948 0.0361194 0.0976978 0.159382 0.170243 0.153566 0.149044 0.125609 0.0702142 0.0237464 0.00475995 0.000563157 3.92943e-05 1.61671e-06 3.92225e-08 5.61067e-10 4.73239e-12 2.35369e-14 6.90221e-17
 1.44302e-11 1.56626e-09 1.00241e-07 3.78277e-06 8.41717e-05 0.00110439 0.00854526 0.0390156 0.105434 0.171213 0.179219 0.152635 0.138978 0.11412 0.0633976 0.0214139 0.00429132 0.000507688 3.54236e-05 1.45745e-06 3.53588e-08 5.05798e-10 4.26622e-12 2.12183e-14 6.2223e-17
 1.49699e-11 1.62484e-09 1.0399e-07 3.92424e-06 8.73195e-05 0.00114568 0.00886467 0.0404706 0.10932 0.177157 0.183728 0.152167 0.133921 0.108349 0.0599731 0.020242 0.00405589 0.000479821 3.3479e-05 1.37744e-06 3.34177e-08 4.78032e-10 4.03202e-12 2.00535e-14 5.88071e-17
 1.52412e-11 1.65429e-09 1.05874e-07 3.99536e-06 8.89019e-05 0.00116644 0.00902524 0.0412021 0.111274 0.180145 0.185995 0.151932 0.131378 0.105447 0.0582516 0.019653 0.00393754 0.000465813 3.25015e-05 1.33722e-06 3.2442e-08 4.64074e-10 3.91429e-12 1.9468e-14 5.709e-17
 1.57613e-11 1.71074e-09 1.09487e-07 4.13171e-06 9.19359e-05 0.00120625 0.00933308 0.0426044 0.11502 0.185874 0.190341 0.151481 0.126504 0.0998845 0.054951 0.0185235 0.00371063 0.000438954 3.06273e-05 1.26011e-06 3.05712e-08 4.37312e-10 3.68856e-12 1.83453e-14 5.37978e-17
 1.57618e-11 1.71079e-09 1.0949e-07 4.13183e-06 9.19384e-05 0.00120628 0.00933334 0.0426056 0.115023 0.185879 0.190344 0.151481 0.1265 0.0998799 0.0549482 0.0185226 0.00371044 0.000438932 3.06257e-05 1.26005e-06 3.05696e-08 4.3729e-10 3.68838e-12 1.83444e-14 5.37951e-17
 1.70654e-11 1.85228e-09 1.18546e-07 4.47355e-06 9.95421e-05 0.00130604 0.0101049 0.0461202 0.12441 0.200237 0.201236 0.15035 0.114284 0.0859383 0.0466762 0.015692 0.00314175 0.00037162 2.59286e-05 1.06679e-06 2.58809e-08 3.7022e-10 3.12266e-12 1.55308e-14 4.55442e-17
 1.61452e-11 1.75241e-09 1.12154e-07 4.23235e-06 9.41751e-05 0.00123563 0.00956029 0.0436394 0.117784 0.190102 0.193548 0.151148 0.122907 0.095779 0.052515 0.01769 0.00354316 0.000419132 2.9244e-05 1.2032e-06 2.91904e-08 4.17561e-10 3.52197e-12 1.75168e-14 5.13681e-17
 1.68552e-11 1.82946e-09 1.17085e-07 4.41844e-06 9.83159e-05 0.00128995 0.00998045 0.0455534 0.122896 0.197921 0.19948 0.150533 0.116254 0.0881866 0.0480102 0.0161485 0.00323346 0.000382475 2.66861e-05 1.09795e-06 2.66371e-08 3.81036e-10 3.21389e-12 1.59845e-14 4.68748e-17
 1.7497e-11 1.89913e-09 1.21544e-07 4.5867e-06 0.00010206 0.00133907 0.0103603 0.0472839 0.127519 0.20499 0.204843 0.149976 0.110239 0.0813222 0.0439373 0.0147548 0.00295346 0.000349332 2.43733e-05 1.0028e-06 2.43285e-08 3.48013e-10 2.93536e-12 1.45992e-14 4.28123e-17
 1.80947e-11 1.96401e-09 1.25696e-07 4.74339e-06 0.000105546 0.00138481 0.0107141 0.0488954 0.131823 0.211574 0.209837 0.149458 0.104638 0.0749297 0.0401444 0.013457 0.0026927 0.000318468 2.22196e-05 9.14183e-07 2.21787e-08 3.1726e-10 2.67597e-12 1.33091e-14 3.90291e-17
 1.81943e-11 1.97481e-09 1.26388e-07 4.76948e-06 0.000106127 0.00139243 0.010773 0.0491638 0.13254 0.21267 0.210669 0.149372 0.103705 0.073865 0.0395127 0.0132408 0.00264927 0.000313328 2.18609e-05 8.99424e-07 2.18206e-08 3.12138e-10 2.63277e-12 1.30942e-14 3.8399e-17
 1.78849e-11 1.94124e-09 1.24239e-07 4.68839e-06 0.000104323 0.00136875 0.0105899 0.0483298 0.130312 0.209263 0.208084 0.14964 0.106604 0.0771733 0.0414756 0.0139125 0.00278422 0.000329301 2.29755e-05 9.45284e-07 2.29332e-08 3.28053e-10 2.76701e-12 1.37619e-14 4.03569e-17
#obs catch len freq
 3.32165e-11 3.07839e-09 1.68221e-07 5.42032e-06 0.000102982 0.00115374 0.00762377 0.0297515 0.069041 0.0986897 0.101257 0.106246 0.126149 0.133293 0.120615 0.0953475 0.0614637 0.0311851 0.01268 0.00412753 0.00104185 0.000196394 2.66684e-05 2.5196e-06 1.60528e-07
 4.47117e-11 3.99658e-09 2.10641e-07 6.54615e-06 0.000119956 0.0012962 0.00826157 0.0311075 0.0697627 0.0971314 0.0998673 0.108617 0.131047 0.138409 0.124434 0.094754 0.0563789 0.0256708 0.00942983 0.00286941 0.000693557 0.000125099 1.60309e-05 1.4089e-06 8.2664e-08
 2.33782e-11 2.01201e-09 1.02102e-07 3.05515e-06 5.39058e-05 0.000560961 0.00344655 0.0125729 0.0280311 0.0434473 0.0651429 0.10924 0.157055 0.17569 0.163841 0.125206 0.0718382 0.0304341 0.0100476 0.00269913 0.000582212 9.60371e-05 1.14603e-05 9.4277e-07 5.15772e-08
 1.78087e-18 7.8284e-16 2.0291e-13 3.10116e-11 2.79478e-09 1.48528e-07 4.65598e-06 8.61592e-05 0.000943542 0.00616267 0.024574 0.0636743 0.120979 0.187296 0.227278 0.194106 0.111866 0.0451788 0.0137798 0.00333284 0.000635114 9.20551e-05 9.74205e-06 7.22231e-07 3.61111e-08
 1.34482e-10 1.06785e-08 4.99969e-07 1.38027e-05 0.000224691 0.00215707 0.0122208 0.0410084 0.083055 0.110902 0.128678 0.165514 0.185596 0.142288 0.0744911 0.0318269 0.0137035 0.00573936 0.00197133 0.000503267 9.2643e-05 1.22245e-05 1.14553e-06 7.46825e-08 3.29934e-09
 2.91212e-10 2.2162e-08 9.94478e-07 2.63129e-05 0.00041052 0.00377668 0.0204924 0.0656605 0.125018 0.146079 0.120902 0.102333 0.106543 0.109856 0.0969402 0.0641662 0.0282394 0.00788154 0.00144548 0.000200429 2.52355e-05 2.86055e-06 2.48327e-07 1.48628e-08 5.90001e-10
 4.41242e-10 3.21397e-08 1.38036e-06 3.49569e-05 0.000521995 0.00459643 0.0238749 0.0732815 0.134143 0.153297 0.131462 0.120249 0.119079 0.101056 0.0714999 0.0416836 0.0182086 0.00559756 0.00120766 0.000184434 1.98803e-05 1.52938e-06 8.78058e-08 3.89539e-09 1.29147e-10
 5.69114e-10 3.96256e-08 1.62682e-06 3.93813e-05 0.000562132 0.00473173 0.0234985 0.0690184 0.121423 0.136099 0.121993 0.122671 0.128501 0.114346 0.0842564 0.0481082 0.0189599 0.00486076 0.00082272 9.86612e-05 9.06971e-06 6.46773e-07 3.38106e-08 1.22521e-09 3.01145e-11
 9.79689e-10 6.51262e-08 2.55276e-06 5.90001e-05 0.000804062 0.0064618 0.0306345 0.0858494 0.1437 0.15125 0.122505 0.109895 0.110059 0.0993702 0.0750219 0.0428217 0.0165887 0.00418648 0.000701274 8.16483e-05 6.84755e-06 4.15698e-07 1.80678e-08 5.56274e-10 1.19414e-11
 1.39679e-09 8.85528e-08 3.31025e-06 7.2964e-05 0.000948319 0.00726852 0.0328722 0.0879787 0.141457 0.146774 0.125885 0.122248 0.119522 0.0977621 0.0660594 0.0346784 0.0127439 0.00313365 0.000525066 6.23526e-05 5.33177e-06 3.22528e-07 1.34355e-08 3.78387e-10 7.12653e-12
 1.89076e-09 1.14198e-07 4.06691e-06 8.54007e-05 0.00105745 0.00772188 0.0332791 0.0849709 0.131058 0.133611 0.119508 0.123807 0.126172 0.108395 0.0755828 0.0386226 0.012988 0.00273931 0.000363949 3.19094e-05 1.99815e-06 9.57235e-08 3.50901e-09 9.29949e-11 1.68058e-12
 3.18089e-09 1.82848e-07 6.19757e-06 0.000123863 0.0014597 0.0101447 0.0416078 0.101062 0.147987 0.141989 0.11737 0.11364 0.113101 0.0974369 0.0674888 0.0334225 0.0107246 0.00214414 0.000268355 2.17556e-05 1.20154e-06 4.71351e-08 1.32841e-09 2.66323e-11 3.75739e-13
 4.66128e-09 2.54786e-07 8.21169e-06 0.000156056 0.00174878 0.0115578 0.0450935 0.104365 0.146795 0.1398 0.122383 0.123201 0.117119 0.0925062 0.0586267 0.0268886 0.00805535 0.00150603 0.000175704 1.31858e-05 6.68086e-07 2.38344e-08 6.04168e-10 1.06633e-11 1.27903e-13
 5.63787e-09 2.92782e-07 8.96525e-06 0.000161873 0.00172347 0.010824 0.0401616 0.0887457 0.121439 0.120667 0.122366 0.137318 0.135733 0.109894 0.0696569 0.0308781 0.00873276 0.0015157 0.00016095 1.0678e-05 4.61613e-07 1.3718e-08 2.91081e-10 4.41003e-12 4.64745e-14
 8.90056e-09 4.38807e-07 1.27561e-05 0.000218653 0.00221009 0.0131769 0.0464116 0.0973145 0.126114 0.118013 0.113274 0.125885 0.130443 0.112451 0.0728579 0.0315512 0.00851655 0.00139927 0.000140416 8.80472e-06 3.58859e-07 9.94234e-09 1.92186e-10 2.57596e-12 2.34091e-14
 1.41135e-08 6.60114e-07 1.8205e-05 0.000296044 0.0028389 0.0160593 0.0536899 0.107072 0.133191 0.123223 0.119908 0.129474 0.124809 0.0989216 0.0593345 0.0240158 0.00610166 0.000950058 9.12366e-05 5.5546e-06 2.2346e-07 6.16573e-09 1.17848e-10 1.53199e-12 1.32155e-14
 2.00297e-08 8.88227e-07 2.32254e-05 0.000358095 0.00325592 0.0174663 0.0554176 0.105274 0.126822 0.119508 0.123233 0.135208 0.12864 0.0994608 0.0572551 0.0219664 0.0052631 0.000772371 7.00621e-05 4.04717e-06 1.55423e-07 4.11754e-09 7.58785e-11 9.54037e-13 7.98153e-15
 3.2467e-08 1.36439e-06 3.38082e-05 0.000493973 0.00425624 0.0216375 0.0650629 0.117161 0.133898 0.120056 0.118943 0.127868 0.121459 0.0932286 0.0519935 0.0189714 0.00428907 0.000592824 5.07042e-05 2.76898e-06 1.00794e-07 2.53288e-09 4.42044e-11 5.25357e-13 4.15227e-15
 4.89509e-08 1.94859e-06 4.57372e-05 0.000633024 0.00516688 0.0248873 0.070969 0.121723 0.134959 0.123066 0.125632 0.131159 0.116613 0.0831983 0.0433607 0.0149077 0.0032095 0.000429452 3.64713e-05 2.03986e-06 7.77159e-08 2.03447e-09 3.59601e-11 4.19096e-13 3.17331e-15
 6.89157e-08 2.59778e-06 5.77399e-05 0.000756757 0.00584948 0.0266889 0.0721814 0.118106 0.127945 0.120499 0.128898 0.135766 0.120159 0.084125 0.0421024 0.0137048 0.00277849 0.000350015 2.80788e-05 1.49417e-06 5.47629e-08 1.39788e-09 2.4425e-11 2.84645e-13 2.16831e-15
 9.93857e-08 3.54675e-06 7.46326e-05 0.000926055 0.00677719 0.0292837 0.0750966 0.117173 0.12375 0.118823 0.130359 0.137777 0.12162 0.0834592 0.0399836 0.0122719 0.00232747 0.000272705 2.02176e-05 9.87603e-07 3.3117e-08 7.76054e-10 1.25571e-11 1.36911e-13 9.85434e-16
 1.63738e-07 5.53114e-06 0.000110172 0.00129402 0.00896427 0.0366657 0.0890094 0.131471 0.131397 0.119442 0.125126 0.128228 0.110369 0.0730275 0.033282 0.00966304 0.00173658 0.000194215 1.38979e-05 6.61769e-07 2.16229e-08 4.86791e-10 7.41485e-12 7.48365e-14 4.9393e-16
 2.3987e-07 7.66957e-06 0.000144597 0.00160757 0.0105421 0.0408364 0.0940853 0.13315 0.131907 0.12499 0.132434 0.128952 0.102928 0.0630645 0.0267417 0.00725164 0.0012202 0.000128055 8.62344e-06 3.87901e-07 1.20261e-08 2.57951e-10 3.7547e-12 3.6239e-14 2.28083e-16
 3.27675e-07 9.91676e-06 0.000176967 0.00186228 0.0115611 0.0424201 0.0928262 0.126269 0.125157 0.124999 0.136979 0.134189 0.106616 0.0635978 0.0256687 0.00653744 0.00102513 9.9556e-05 6.15242e-06 2.51914e-07 7.08681e-09 1.38536e-10 1.85374e-12 1.65842e-14 9.73496e-17
 5.38166e-07 1.54169e-05 0.000260419 0.00259405 0.0152432 0.0529348 0.109567 0.140584 0.130261 0.12104 0.126737 0.122238 0.0958952 0.0554008 0.0212777 0.00511814 0.000757787 6.97703e-05 4.11242e-06 1.6118e-07 4.32108e-09 7.94491e-11 9.84268e-13 8.0532e-15 4.29546e-17
 7.05865e-07 1.91424e-05 0.000306107 0.00288672 0.016064 0.0529 0.104477 0.131293 0.128477 0.132915 0.141412 0.127523 0.0914502 0.0485416 0.0172795 0.00387137 0.000534862 4.59621e-05 2.52739e-06 9.24064e-08 2.31421e-09 3.9861e-11 4.63879e-13 3.5678e-15 1.78458e-17
 9.43008e-07 2.42123e-05 0.000366574 0.00327311 0.0172486 0.0538346 0.101147 0.122771 0.12088 0.129981 0.143116 0.134282 0.098919 0.0519953 0.0178164 0.00380103 0.000500801 4.1423e-05 2.22088e-06 7.98713e-08 1.96077e-09 3.26125e-11 3.60127e-13 2.5946e-15 1.20734e-17
 1.31849e-06 3.20552e-05 0.000459549 0.00388562 0.0193948 0.0573969 0.102738 0.121 0.120523 0.132863 0.145643 0.134013 0.0954664 0.0477247 0.0153828 0.0030698 0.000377018 2.89817e-05 1.44101e-06 4.81125e-08 1.10343e-09 1.73159e-11 1.82098e-13 1.25617e-15 5.5974e-18
#spawning biomass
 26039.2 26235.2 20889.3 19794.4 29788.4 44014.6 63973.2 74603.9 91842.2 123703 147747 199340 225292 206155 199926 190557 208977 214143 212544 210882 198465 204897 222301 221007 233408 234535 246227 203285 187735 409204 447089 422397 367463 305374 248642 202154 166503 140337 121714 108749 99869.5 93862 89818.2 87069 85283.9 84124.7 83372 82883.3 82565.9 82359.8 82226 82139.1 82082.7 82046.1 82022.3 82006.8 81996.8 81990.3 81986.1 81983.3 81981.5 81980.4 81979.6 81979.1 81978.8 81978.6 81978.5 81978.4 81978.3 81978.3 81978.3 81978.3 81978.3 81978.3 81978.2 81978.2 81978.2 81978.2 81978.2 81978.2 81978.2 81978.2 81978.2 81978.2 81978.2 81978.2 81978.2 81978.2 81978.2 81978.2 81978.2 81978.2 81978.2 81978.2 81978.2 81978.2 81978.2 81978.2 81978.2 81978.2 81978.2 81978.2 81978.2 81978.2 81978.2 81978.2 81978.2 81978.2 81978.2 81978.2 81978.2 81978.2 81978.2 81978.2 81978.2 81978.2 81978.2 81978.2 81978.2 81978.2 81978.2 81978.2 81978.2 81978.2 81978.2 81978.2 81978.2 81978.2 0 0 0 0 0 0 0 0 0 0 0 0 0 0 0 0 0 0 0 0 0 0 0 0 0
