SBPRF35
0.819782
Curr Bio
201778
B35
884045
F35
0.233598
FOFL
0
OFL
0
Bzero
234224
#pred survey bio
 8790.84 8887.95 7236.75 7983.51 11979.8 19106.6 23611.3 30847.7 44829.3 65942.6 88796.8 116418 153550 178698 183254 185603 177556 163142 176101 176837 196572 228178 234753 261987 295483 294662 310044 275222 225431 3.70491e+06 5.43138e+06 5.99825e+06 5.79944e+06 5.22845e+06 4.55524e+06 3.927e+06 3.40338e+06 2.99463e+06 2.6883e+06 2.46464e+06 2.30392e+06 2.18946e+06 2.10822e+06 2.04985e+06 2.00685e+06 1.9766e+06 1.95504e+06 1.93946e+06 1.92804e+06 1.91956e+06 1.91318e+06 1.90831e+06 1.90456e+06 1.90164e+06 1.89935e+06 1.89754e+06 1.8961e+06 1.89494e+06 1.89401e+06 1.89326e+06 1.89266e+06 1.89216e+06 1.89177e+06 1.89144e+06 1.89117e+06 1.89096e+06 1.89078e+06 1.89064e+06 1.89052e+06 1.89042e+06 1.89035e+06 1.89028e+06 1.89023e+06 1.89019e+06 1.89015e+06 1.89012e+06 1.8901e+06 1.89008e+06 1.89006e+06 1.89005e+06 1.89004e+06 1.89003e+06 1.89002e+06 1.89002e+06 1.89001e+06 1.89001e+06 1.89001e+06 1.89e+06 1.89e+06 1.89e+06 1.89e+06 1.89e+06 1.89e+06 1.88999e+06 1.88999e+06 1.88999e+06 1.88999e+06 1.88999e+06 1.88999e+06 1.88999e+06 1.88999e+06 1.88999e+06 1.88999e+06 1.88999e+06 1.88999e+06 1.88999e+06 1.88999e+06 1.88999e+06 1.88999e+06 1.88999e+06 1.88999e+06 1.88999e+06 1.88999e+06 1.88999e+06 1.88999e+06 1.88999e+06 1.88999e+06 1.88999e+06 1.88999e+06 1.88999e+06 1.88999e+06 1.88999e+06 1.88999e+06 1.88999e+06 1.88999e+06 1.88999e+06 1.88999e+06 1.88999e+06 1.88999e+06 0 0 0 0 0 0 0 0 0 0 0 0 0 0 0 0 0 0 0 0 0 0 0 0 0
#obs survey bio
 7911.35 8772.75 6176.92 5966.77 14277.3 25900.2 19513.5 34620.7 52045.6 68073.7 80397.7 95155.2 121190 166262 122208 161225 149679 129321 148084 179021 170845 237710 208143 361529 279439 265527 307036 294952 223035
#pred catch bio
 2984.47 4140.35 3727.07 3442.86 5260.49 12893 15734.3 20383.2 28273.7 43766.6 59369.5 77904.2 103644 127624 131025 133067 134138 113294 128282 126309 135185 164750 169678 182023 220143 207873 237072 208592 193000 0 47515.6 52430.4 50090.6 44440.6 37983 32065.9 27215.6 23498.4 20773.2 18836.3 17489.9 16569.2 15947.4 15528.5 15244.8 15061 14941.8 14864.5 14814.5 14782 14761 14747.4 14738.5 14732.8 14729.1 14726.7 14725.1 14724.1 14723.4 14723 14722.7 14722.6 14722.4 14722.4 14722.3 14722.3 14722.3 14722.3 14722.2 14722.2 14722.2 14722.2 14722.2 14722.2 14722.2 14722.2 14722.2 14722.2 14722.2 14722.2 14722.2 14722.2 14722.2 14722.2 14722.2 14722.2 14722.2 14722.2 14722.2 14722.2 14722.2 14722.2 14722.2 14722.2 14722.2 14722.2 14722.2 14722.2 14722.2 14722.2 14722.2 14722.2 14722.2 14722.2 14722.2 14722.2 14722.2 14722.2 14722.2 14722.2 14722.2 14722.2 14722.2 14722.2 14722.2 14722.2 14722.2 14722.2 14722.2 14722.2 14722.2 14722.2 14722.2 14722.2 14722.2 14722.2 14722.2 14722.2 14722.2 0 0 0 0 0 0 0 0 0 0 0 0 0 0 0 0 0 0 0 0 0 0 0 0 0
#obs catch bio
 3639.95 3954.34 4322.1 3315.51 4348.36 11384.9 12790.7 17557.4 23277.8 36511.1 53767.5 68388.8 97557.8 112186 140403 138918 134776 97814.8 116038 117249 116885 145360 143586 159100 204991 205780 225783 193515 180408
#pred cpue bio
 7102.51 8178.55 5930.24 4914.03 7856.41 11457.5 12949.9 16524.2 21978.6 34749.9 46600.6 61883.8 80957.6 104933 107433 109878 110454 91730.8 104767 100782 106541 129184 133921 137455 168708 159793 183084 155086 141699 1.71193e+06 5.27262e+06 5.87266e+06 5.67325e+06 5.10223e+06 4.42902e+06 3.80079e+06 3.27717e+06 2.86841e+06 2.56209e+06 2.33842e+06 2.17771e+06 2.06324e+06 1.982e+06 1.92363e+06 1.88063e+06 1.85038e+06 1.82882e+06 1.81325e+06 1.80183e+06 1.79335e+06 1.78696e+06 1.7821e+06 1.77835e+06 1.77543e+06 1.77314e+06 1.77132e+06 1.76988e+06 1.76873e+06 1.7678e+06 1.76705e+06 1.76644e+06 1.76595e+06 1.76555e+06 1.76523e+06 1.76496e+06 1.76474e+06 1.76457e+06 1.76442e+06 1.76431e+06 1.76421e+06 1.76413e+06 1.76407e+06 1.76401e+06 1.76397e+06 1.76394e+06 1.76391e+06 1.76388e+06 1.76386e+06 1.76385e+06 1.76383e+06 1.76382e+06 1.76382e+06 1.76381e+06 1.7638e+06 1.7638e+06 1.76379e+06 1.76379e+06 1.76379e+06 1.76379e+06 1.76378e+06 1.76378e+06 1.76378e+06 1.76378e+06 1.76378e+06 1.76378e+06 1.76378e+06 1.76378e+06 1.76378e+06 1.76378e+06 1.76378e+06 1.76378e+06 1.76378e+06 1.76378e+06 1.76378e+06 1.76378e+06 1.76378e+06 1.76378e+06 1.76378e+06 1.76378e+06 1.76378e+06 1.76378e+06 1.76378e+06 1.76378e+06 1.76378e+06 1.76378e+06 1.76378e+06 1.76378e+06 1.76378e+06 1.76378e+06 1.76378e+06 1.76378e+06 1.76378e+06 1.76378e+06 1.76378e+06 1.76378e+06 1.76378e+06 1.76378e+06 1.76378e+06 1.76378e+06 0 0 0 0 0 0 0 0 0 0 0 0 0 0 0 0 0 0 0 0 0 0 0 0 0
#obs cpue bio
 9607.2 8149.2 5621.36 6555.3 13534.4 16294.6 20530.7 32763.7 35674.7 71197.4 71158.5 128813 117542 207291 107361 115218 165178 159967 212450 144466 194041 233951 286507 181917 225100 159843 285613 187292 224250
#pred surv len freq
 1.04917e-11 1.13927e-09 7.29373e-08 2.75302e-06 6.12648e-05 0.000803834 0.00621925 0.0283952 0.0767919 0.12533 0.13436 0.123019 0.124276 0.117106 0.0903424 0.0636145 0.042754 0.026351 0.0155212 0.0092486 0.00578963 0.00395711 0.00291061 0.0020266 0.00111951
 5.20016e-12 5.64675e-10 3.6151e-08 1.36453e-06 3.03661e-05 0.000398452 0.00308395 0.0141068 0.0385131 0.0657786 0.0841136 0.11079 0.147327 0.152937 0.123611 0.0919526 0.0661473 0.0436684 0.0262423 0.0144735 0.00765057 0.00420766 0.00254622 0.00158143 0.000838864
 1.10958e-11 1.20487e-09 7.7137e-08 2.91154e-06 6.47921e-05 0.000850099 0.00657656 0.0300117 0.0809595 0.130491 0.132304 0.102756 0.0873444 0.0854227 0.0840609 0.0796079 0.0661832 0.0475354 0.0307403 0.0178501 0.00921101 0.00437661 0.00209284 0.0010571 0.000501168
 1.59817e-11 1.73543e-09 1.11104e-07 4.1936e-06 9.33226e-05 0.00122442 0.00947221 0.0432205 0.11652 0.18722 0.186973 0.136919 0.101522 0.078191 0.0495132 0.0278633 0.0189726 0.0153986 0.0117382 0.00762723 0.00421444 0.00199968 0.000842591 0.000339052 0.000131769
 1.37988e-11 1.49839e-09 9.59282e-08 3.62081e-06 8.05762e-05 0.0010572 0.00817922 0.0373356 0.100858 0.163699 0.171229 0.145797 0.133486 0.112499 0.0685188 0.0308782 0.0126932 0.00576364 0.00324566 0.00216311 0.00135879 0.000708422 0.000301914 0.000108723 3.45936e-05
 1.53424e-11 1.66601e-09 1.06659e-07 4.02585e-06 8.95896e-05 0.00117545 0.0090936 0.0414987 0.111956 0.180518 0.183259 0.142117 0.115625 0.0943231 0.0611691 0.0324786 0.0157719 0.00671036 0.00246042 0.000929323 0.000437333 0.000228854 0.00010547 3.87133e-05 1.12817e-05
 1.58055e-11 1.71629e-09 1.09878e-07 4.14736e-06 9.22937e-05 0.00121094 0.00936823 0.0427548 0.115384 0.18636 0.190649 0.15142 0.126133 0.0994306 0.0546436 0.0184017 0.00368226 0.000435083 3.03183e-05 1.24567e-06 3.01747e-08 4.30947e-10 3.62863e-12 1.80136e-14 5.27226e-17
 1.60917e-11 1.74737e-09 1.11868e-07 4.22247e-06 9.39651e-05 0.00123286 0.00953779 0.0435271 0.117446 0.189512 0.193037 0.151168 0.123449 0.0963712 0.05283 0.0177817 0.00355783 0.000420373 2.92931e-05 1.20355e-06 2.91543e-08 4.16374e-10 3.50593e-12 1.74045e-14 5.09397e-17
 1.70605e-11 1.85256e-09 1.18603e-07 4.47667e-06 9.96218e-05 0.00130708 0.0101117 0.0461408 0.124425 0.20018 0.201122 0.150316 0.114367 0.0860169 0.0466919 0.0156834 0.00313671 0.000370585 2.58233e-05 1.06098e-06 2.57009e-08 3.67053e-10 3.09064e-12 1.53428e-14 4.49057e-17
 1.62829e-11 1.76813e-09 1.13197e-07 4.27263e-06 9.50814e-05 0.00124751 0.00965105 0.0440429 0.118823 0.191617 0.194633 0.151 0.121657 0.0943278 0.0516187 0.0173676 0.00347473 0.000410547 2.86084e-05 1.17541e-06 2.84728e-08 4.06641e-10 3.42397e-12 1.69976e-14 4.97489e-17
 1.63302e-11 1.77327e-09 1.13526e-07 4.28505e-06 9.53576e-05 0.00125113 0.00967907 0.0441705 0.119164 0.192138 0.195028 0.150958 0.121213 0.0938223 0.051319 0.0172652 0.00345417 0.000408117 2.8439e-05 1.16845e-06 2.83042e-08 4.04233e-10 3.40369e-12 1.68969e-14 4.94543e-17
 1.61823e-11 1.7572e-09 1.12498e-07 4.24623e-06 9.44938e-05 0.0012398 0.00959144 0.0437714 0.118098 0.190509 0.193793 0.151088 0.1226 0.0954034 0.0522563 0.0175856 0.00351847 0.000415719 2.89688e-05 1.19022e-06 2.88316e-08 4.11764e-10 3.46711e-12 1.72118e-14 5.03757e-17
 1.62771e-11 1.76749e-09 1.13157e-07 4.2711e-06 9.50472e-05 0.00124706 0.00964758 0.0440271 0.118781 0.191553 0.194584 0.151005 0.121712 0.0943904 0.0516558 0.0173803 0.00347727 0.000410848 2.86293e-05 1.17627e-06 2.84937e-08 4.06939e-10 3.42648e-12 1.70101e-14 4.97854e-17
 1.49002e-11 1.61798e-09 1.03585e-07 3.9098e-06 8.70071e-05 0.00114158 0.00883188 0.0403121 0.108861 0.17639 0.183093 0.152216 0.134621 0.109107 0.0603801 0.0203628 0.00407583 0.000481613 3.35611e-05 1.3789e-06 3.34022e-08 4.77041e-10 4.01675e-12 1.99403e-14 5.83618e-17
 1.49233e-11 1.62049e-09 1.03745e-07 3.91586e-06 8.7142e-05 0.00114335 0.00884556 0.0403744 0.109028 0.176644 0.183285 0.152196 0.134404 0.108861 0.0602337 0.0203127 0.00406579 0.000480426 3.34783e-05 1.3755e-06 3.33199e-08 4.75865e-10 4.00684e-12 1.98912e-14 5.82179e-17
 1.47838e-11 1.60535e-09 1.02776e-07 3.87927e-06 8.63279e-05 0.00113267 0.00876296 0.0399983 0.108023 0.175109 0.182122 0.152318 0.135712 0.110351 0.0611171 0.0206147 0.0041264 0.000487592 3.39777e-05 1.39602e-06 3.38169e-08 4.82963e-10 4.06662e-12 2.01879e-14 5.90863e-17
 1.40322e-11 1.52373e-09 9.75505e-08 3.68205e-06 8.19389e-05 0.00107509 0.00831768 0.0379703 0.102609 0.166832 0.175849 0.152979 0.142759 0.118385 0.0658796 0.0222428 0.00445315 0.000526221 3.66699e-05 1.50664e-06 3.64964e-08 5.21231e-10 4.38883e-12 2.17875e-14 6.3768e-17
 1.54895e-11 1.68197e-09 1.07682e-07 4.06444e-06 9.04484e-05 0.00118673 0.00918101 0.0419022 0.113107 0.18288 0.188011 0.151698 0.129095 0.102808 0.0566459 0.0190862 0.00381964 0.000451325 3.14502e-05 1.29217e-06 3.13013e-08 4.47036e-10 3.7641e-12 1.86861e-14 5.46909e-17
 1.47126e-11 1.59761e-09 1.02281e-07 3.86058e-06 8.59119e-05 0.00112721 0.00872076 0.0398061 0.10751 0.174324 0.181527 0.152381 0.136379 0.111112 0.0615685 0.020769 0.00415737 0.000491253 3.42329e-05 1.40651e-06 3.40708e-08 4.8659e-10 4.09715e-12 2.03395e-14 5.953e-17
 1.53116e-11 1.66265e-09 1.06445e-07 4.01775e-06 8.94094e-05 0.0011731 0.0090756 0.0414221 0.111825 0.180921 0.186526 0.151854 0.130764 0.10471 0.0577733 0.0194716 0.00389699 0.000460469 3.20875e-05 1.31836e-06 3.19356e-08 4.56095e-10 3.84038e-12 1.90648e-14 5.57992e-17
 1.5951e-11 1.73209e-09 1.1089e-07 4.18553e-06 9.31431e-05 0.00122208 0.0094544 0.0431473 0.116432 0.187962 0.191862 0.151292 0.124769 0.0978758 0.0537219 0.0180867 0.00361903 0.000427607 2.97973e-05 1.22426e-06 2.96562e-08 4.23541e-10 3.56627e-12 1.7704e-14 5.18165e-17
 1.53995e-11 1.6722e-09 1.07056e-07 4.04082e-06 8.99227e-05 0.00117983 0.00912768 0.0416593 0.112458 0.181889 0.18726 0.151777 0.12994 0.103771 0.0572164 0.0192812 0.00385878 0.000455952 3.17727e-05 1.30542e-06 3.16222e-08 4.5162e-10 3.8027e-12 1.88777e-14 5.52517e-17
 1.52985e-11 1.66123e-09 1.06354e-07 4.01432e-06 8.9333e-05 0.00117209 0.00906784 0.0413868 0.111731 0.180776 0.186417 0.151866 0.130886 0.10485 0.0578563 0.0195 0.00390268 0.000461142 3.21344e-05 1.32029e-06 3.19823e-08 4.56762e-10 3.84599e-12 1.90927e-14 5.58808e-17
 1.63332e-11 1.77359e-09 1.13547e-07 4.28584e-06 9.53752e-05 0.00125136 0.00968086 0.0441786 0.119185 0.192171 0.195053 0.150956 0.121185 0.0937901 0.0512999 0.0172587 0.00345286 0.000407962 2.84282e-05 1.16801e-06 2.82935e-08 4.04079e-10 3.4024e-12 1.68905e-14 4.94356e-17
 1.52872e-11 1.66e-09 1.06275e-07 4.01135e-06 8.92669e-05 0.00117123 0.00906114 0.0413563 0.111649 0.180652 0.186322 0.151876 0.130993 0.104971 0.057928 0.0195245 0.0039076 0.000461723 3.21749e-05 1.32195e-06 3.20226e-08 4.57337e-10 3.85084e-12 1.91167e-14 5.59512e-17
 1.59443e-11 1.73136e-09 1.10843e-07 4.18378e-06 9.3104e-05 0.00122157 0.00945044 0.0431292 0.116383 0.187888 0.191807 0.151298 0.124832 0.0979473 0.0537643 0.0181011 0.00362194 0.000427951 2.98213e-05 1.22525e-06 2.968e-08 4.23882e-10 3.56914e-12 1.77183e-14 5.18582e-17
 1.48202e-11 1.6093e-09 1.03029e-07 3.88883e-06 8.65405e-05 0.00113546 0.00878453 0.0400965 0.108286 0.17551 0.182426 0.152286 0.13537 0.109962 0.0608864 0.0205359 0.00411058 0.00048572 3.38473e-05 1.39067e-06 3.36871e-08 4.8111e-10 4.05101e-12 2.01104e-14 5.88596e-17
 1.54613e-11 1.67892e-09 1.07486e-07 4.05705e-06 9.0284e-05 0.00118457 0.00916433 0.0418262 0.112904 0.18257 0.187776 0.151722 0.12936 0.103109 0.0568244 0.0191472 0.00383188 0.000452772 3.15511e-05 1.29632e-06 3.14017e-08 4.4847e-10 3.77618e-12 1.87461e-14 5.48664e-17
 1.38646e-11 1.50553e-09 9.63855e-08 3.63807e-06 8.09603e-05 0.00106225 0.0082184 0.0375182 0.101401 0.164986 0.17445 0.153126 0.14433 0.120176 0.0669414 0.0226058 0.004526 0.000534834 3.72701e-05 1.5313e-06 3.70938e-08 5.29763e-10 4.46068e-12 2.21441e-14 6.48119e-17
#obs surv len freq
 8.15682e-12 8.85735e-10 5.67055e-08 2.14035e-06 4.76307e-05 0.000624944 0.00483511 0.0220741 0.0596761 0.0972366 0.103624 0.0943129 0.0993986 0.108733 0.108837 0.0993415 0.0796579 0.0560026 0.0350609 0.0188876 0.00821298 0.00269731 0.000628648 9.8703e-05 1.00454e-05
 1.19033e-12 1.29256e-10 8.27513e-09 3.12351e-07 6.95158e-06 9.12501e-05 0.000707594 0.00326722 0.0093306 0.019167 0.0387496 0.0811766 0.134528 0.162252 0.158783 0.138785 0.106716 0.0713463 0.042013 0.0212152 0.00860774 0.00261203 0.000557578 7.98691e-05 7.41429e-06
 1.54356e-11 1.67613e-09 1.07307e-07 4.0503e-06 9.01334e-05 0.00118256 0.00914755 0.0417204 0.112215 0.178207 0.168224 0.0988051 0.0497074 0.0497517 0.0720441 0.0799232 0.0635038 0.0396023 0.0212062 0.00978168 0.00364248 0.00101445 0.00019823 2.59131e-05 2.19085e-06
 1.38401e-11 1.50288e-09 9.62154e-08 3.63166e-06 8.08178e-05 0.00106038 0.00820413 0.0374547 0.101228 0.164506 0.172185 0.144608 0.126553 0.101182 0.0602693 0.0314062 0.0209225 0.0153346 0.00909346 0.00409004 0.00139612 0.000351959 6.23576e-05 7.40706e-06 5.69526e-07
 1.13887e-11 1.23667e-09 7.91729e-08 2.98839e-06 6.65029e-05 0.000872573 0.00675142 0.0308302 0.0834153 0.136207 0.145334 0.129359 0.126198 0.121723 0.0995335 0.0663116 0.0337012 0.0129771 0.00447863 0.0015942 0.000503854 0.000118241 1.9104e-05 2.05188e-06 1.42645e-07
 1.22212e-11 1.32708e-09 8.49609e-08 3.20686e-06 7.13646e-05 0.000936357 0.00724471 0.0330771 0.0894135 0.145324 0.151836 0.126972 0.115301 0.109952 0.0938287 0.0672739 0.037424 0.0152875 0.00464498 0.00112425 0.000236143 4.29729e-05 6.04302e-06 5.86782e-07 3.70292e-08
 1.11071e-11 1.2061e-09 7.72158e-08 2.91452e-06 6.48594e-05 0.000851026 0.00658524 0.0300814 0.0814974 0.133729 0.144859 0.1323 0.129749 0.122458 0.0979256 0.0654585 0.034853 0.0140824 0.00430317 0.000999013 0.000175159 2.32703e-05 2.3607e-06 1.78624e-07 9.50176e-09
 1.32643e-11 1.44034e-09 9.22119e-08 3.48055e-06 7.74553e-05 0.00101628 0.00786315 0.035901 0.0970321 0.157461 0.162906 0.13112 0.111949 0.10293 0.0858859 0.059034 0.0308081 0.0117731 0.00336559 0.000737014 0.000121777 1.46251e-05 1.23917e-06 7.29675e-08 2.96016e-09
 1.18579e-11 1.28763e-09 8.24349e-08 3.11152e-06 6.92437e-05 0.000908569 0.00703097 0.0321249 0.0870971 0.14318 0.155358 0.140295 0.13225 0.117943 0.088045 0.0546063 0.0271404 0.0102857 0.00292919 0.000623916 9.75923e-05 1.09128e-05 8.48368e-07 4.46724e-08 1.55957e-09
 1.21108e-11 1.31509e-09 8.41929e-08 3.17788e-06 7.07204e-05 0.000927945 0.00718083 0.0328067 0.088897 0.145713 0.156118 0.136561 0.1263 0.116816 0.092722 0.0581997 0.0266851 0.0085906 0.00199817 0.000355692 4.92094e-05 5.06401e-06 3.65947e-07 1.78143e-08 5.69029e-10
 1.13524e-11 1.23274e-09 7.89212e-08 2.9789e-06 6.6293e-05 0.000869882 0.00673248 0.030776 0.0835836 0.138191 0.152322 0.14127 0.136126 0.124087 0.0942987 0.0566493 0.025138 0.00784908 0.0017273 0.000275273 3.23401e-05 2.78899e-06 1.7279e-07 7.44517e-09 2.15317e-10
 1.22805e-11 1.33352e-09 8.53734e-08 3.22244e-06 7.17126e-05 0.000940988 0.00728243 0.0332812 0.0902704 0.148354 0.15971 0.139718 0.127376 0.115727 0.0899402 0.0545081 0.0238216 0.00721165 0.00152509 0.000231145 2.53084e-05 1.971e-06 1.06716e-07 3.93885e-09 9.74423e-11
 1.01483e-11 1.10198e-09 7.05501e-08 2.66295e-06 5.9263e-05 0.000777704 0.00602108 0.0275588 0.0751981 0.126395 0.146225 0.147532 0.14974 0.135443 0.0987203 0.0555856 0.0227606 0.00648892 0.00128979 0.000182929 1.86867e-05 1.35337e-06 6.76219e-08 2.27226e-09 5.03152e-11
 9.81536e-12 1.06583e-09 6.82357e-08 2.57559e-06 5.73192e-05 0.000752199 0.00582364 0.0266535 0.0726897 0.121823 0.139436 0.138536 0.143296 0.139366 0.110666 0.0653439 0.026682 0.00731254 0.00136353 0.000178556 1.67213e-05 1.10975e-06 5.09039e-08 1.5717e-09 3.19396e-11
 8.92416e-12 9.6906e-10 6.20403e-08 2.34176e-06 5.21166e-05 0.000683991 0.00529742 0.0242763 0.066514 0.113241 0.135384 0.144025 0.15391 0.146763 0.112047 0.0638721 0.0255211 0.0069375 0.00129054 0.000167008 1.50933e-05 9.41493e-07 3.98301e-08 1.12365e-09 2.08068e-11
 9.14964e-12 9.93545e-10 6.36079e-08 2.40094e-06 5.34338e-05 0.000701284 0.00543137 0.0248878 0.068139 0.115557 0.136235 0.141475 0.150356 0.146429 0.113788 0.0643415 0.024873 0.00644171 0.00113503 0.000139544 1.20703e-05 7.234e-07 2.92738e-08 7.81185e-10 1.35024e-11
 1.05405e-11 1.14458e-09 7.32772e-08 2.76591e-06 6.15565e-05 0.000807883 0.00625662 0.0286602 0.0783418 0.131912 0.151474 0.147884 0.145742 0.133158 0.0978532 0.0526354 0.0194625 0.00483129 0.000813282 9.47796e-05 7.70918e-06 4.32851e-07 1.64265e-08 4.12274e-10 6.71391e-12
 9.65997e-12 1.04896e-09 6.7156e-08 2.53489e-06 5.64173e-05 0.000740541 0.00573791 0.0263281 0.0723705 0.124012 0.148889 0.155023 0.156581 0.13886 0.0973115 0.0503994 0.0182885 0.0045341 0.000768866 8.97399e-05 7.17837e-06 3.87881e-07 1.3921e-08 3.26842e-10 4.95292e-12
 9.90521e-12 1.07559e-09 6.88611e-08 2.59926e-06 5.78503e-05 0.000759361 0.00588378 0.0269945 0.0741398 0.126522 0.149864 0.152724 0.153645 0.138721 0.0983064 0.0501191 0.0174455 0.00408457 0.000651793 7.21327e-05 5.53904e-06 2.89713e-07 1.00628e-08 2.27006e-10 3.27139e-12
 1.06622e-11 1.15779e-09 7.41236e-08 2.79792e-06 6.22726e-05 0.000817441 0.00633437 0.0290666 0.079835 0.136024 0.159536 0.157695 0.151101 0.129656 0.0878443 0.0432829 0.0147411 0.00340494 0.000535349 5.7678e-05 4.24273e-06 2.10171e-07 6.88991e-09 1.46949e-10 2.00757e-12
 1.04907e-11 1.13918e-09 7.29322e-08 2.75298e-06 6.12751e-05 0.000804455 0.00623628 0.0286514 0.0789735 0.135828 0.162463 0.163976 0.156402 0.129606 0.0832527 0.0384892 0.0122142 0.00261601 0.000381256 3.83105e-05 2.65257e-06 1.24411e-07 3.8612e-09 7.76507e-11 9.95683e-13
 1.01847e-11 1.10594e-09 7.08048e-08 2.67272e-06 5.94913e-05 0.000781134 0.0060577 0.0278594 0.0770008 0.133329 0.161616 0.165841 0.159722 0.132237 0.0837649 0.0376224 0.0114416 0.0023184 0.000315338 2.92049e-05 1.85067e-06 7.94623e-08 2.26955e-09 4.22726e-11 5.04529e-13
 1.07696e-11 1.16946e-09 7.48719e-08 2.82626e-06 6.29098e-05 0.000826044 0.00640616 0.0294587 0.0813414 0.140183 0.167265 0.166335 0.15525 0.126051 0.0787805 0.0350039 0.0105776 0.0021388 0.000289699 2.63759e-05 1.60829e-06 6.49848e-08 1.71749e-09 2.93226e-11 3.19736e-13
 1.05059e-11 1.14083e-09 7.3039e-08 2.75715e-06 6.13767e-05 0.000806109 0.00625589 0.0288238 0.0800111 0.139712 0.170933 0.174017 0.160869 0.124799 0.0731543 0.0302622 0.00848529 0.00158986 0.000200102 1.7069e-05 9.85176e-07 3.79184e-08 9.53884e-10 1.53974e-11 1.57231e-13
 9.17536e-12 9.96353e-10 6.37906e-08 2.40816e-06 5.36157e-05 0.000704475 0.00547379 0.025307 0.0709188 0.12689 0.163342 0.177975 0.172633 0.135991 0.0789026 0.0316605 0.00846746 0.00149058 0.000173763 1.35758e-05 7.14399e-07 2.51401e-08 5.82434e-10 8.72672e-12 8.32071e-14
 9.20758e-12 9.99855e-10 6.40153e-08 2.41668e-06 5.38077e-05 0.00070706 0.00549471 0.0254074 0.0711739 0.127025 0.162434 0.176061 0.171977 0.137345 0.0802177 0.0320202 0.00844424 0.00145697 0.000165199 1.23953e-05 6.16025e-07 2.01408e-08 4.28368e-10 5.85606e-12 5.08847e-14
 9.9606e-12 1.08163e-09 6.92515e-08 2.61441e-06 5.8213e-05 0.000765023 0.00594615 0.0274986 0.0769827 0.136766 0.171942 0.17944 0.166721 0.126897 0.0711091 0.027459 0.00706796 0.00119924 0.000134175 9.90854e-06 4.80644e-07 1.51568e-08 3.06907e-10 3.94524e-12 3.18899e-14
 9.42819e-12 1.02383e-09 6.55527e-08 2.47498e-06 5.51204e-05 0.000724798 0.00564196 0.0261923 0.0740227 0.134287 0.174805 0.187778 0.173149 0.126244 0.0664973 0.0239118 0.00569769 0.000891698 9.20772e-05 6.31516e-06 2.87383e-07 8.58264e-09 1.65497e-10 2.02749e-12 1.55733e-14
 1.00173e-11 1.0878e-09 6.96495e-08 2.62969e-06 5.85668e-05 0.000770102 0.00599341 0.0277978 0.0782922 0.140598 0.179024 0.186921 0.169015 0.121553 0.0626232 0.0216777 0.00488918 0.000712457 6.74534e-05 4.19185e-06 1.71977e-07 4.6421e-09 8.15239e-11 9.18106e-13 6.53754e-15
#pred catch len freq
 1.12376e-13 1.22028e-11 7.81274e-10 2.94972e-08 6.57333e-07 8.6857e-06 6.96135e-05 0.000374018 0.0017824 0.00911985 0.0386584 0.107003 0.182303 0.198306 0.157653 0.111721 0.0752136 0.0463771 0.0273183 0.0162778 0.0101899 0.00696458 0.00512273 0.00356684 0.00197036
 4.36349e-14 4.73835e-12 3.03394e-10 1.14593e-08 2.55881e-07 3.41567e-06 2.87318e-05 0.000184862 0.00123652 0.0079529 0.0361323 0.101616 0.174205 0.191632 0.156772 0.117004 0.0842646 0.055645 0.0334403 0.0184432 0.00974885 0.00536166 0.00324455 0.00201516 0.00106893
 1.53503e-13 1.66687e-11 1.06717e-09 4.02854e-08 8.97061e-07 1.18078e-05 9.28503e-05 0.000458708 0.00171793 0.00665454 0.0251186 0.0683792 0.120825 0.148766 0.153044 0.145812 0.121312 0.0871377 0.0563494 0.0327201 0.0168841 0.00802248 0.00383624 0.0019377 0.000918658
 3.83544e-13 4.16484e-11 2.66642e-09 1.00653e-07 2.24094e-06 2.94719e-05 0.000230762 0.00111738 0.00389697 0.013407 0.0470792 0.123559 0.204434 0.20838 0.140772 0.08023 0.0547574 0.0444581 0.0338908 0.0220215 0.012168 0.00577349 0.00243273 0.000978911 0.000380443
 2.51869e-13 2.73502e-11 1.75104e-09 6.61043e-08 1.47232e-06 1.94025e-05 0.000153462 0.000778555 0.00317413 0.0137844 0.0546945 0.148105 0.245598 0.246402 0.155864 0.0707917 0.0291632 0.0132529 0.00746435 0.00497471 0.0031249 0.00162921 0.000694335 0.000250038 7.95575e-05
 5.8319e-12 6.33275e-10 4.05429e-08 1.5303e-06 3.40553e-05 0.00044687 0.00345908 0.0158317 0.0433439 0.0749986 0.100156 0.140206 0.18908 0.185335 0.12523 0.0669128 0.0324854 0.0138136 0.00506373 0.00191244 0.000899953 0.000470936 0.000217036 7.96645e-05 2.32155e-05
 7.79804e-12 8.46774e-10 5.42113e-08 2.04621e-06 4.55363e-05 0.000597506 0.00462445 0.0211502 0.0576973 0.0981791 0.12382 0.158461 0.201207 0.185018 0.10538 0.0357463 0.00716323 0.000846619 5.8999e-05 2.42408e-06 5.87203e-08 8.38627e-10 7.06136e-12 3.50547e-14 1.02599e-16
 8.26024e-12 8.96963e-10 5.74245e-08 2.16749e-06 4.82352e-05 0.000632914 0.00489827 0.0223972 0.061027 0.103269 0.127677 0.158055 0.196874 0.180078 0.102452 0.0347451 0.0069623 0.000822865 5.73436e-05 2.35606e-06 5.70727e-08 8.15096e-10 6.86322e-12 3.4071e-14 9.97198e-17
 9.4593e-12 1.02717e-09 6.57602e-08 2.48212e-06 5.52368e-05 0.00072477 0.00560861 0.0256324 0.0696651 0.116473 0.137684 0.157 0.185632 0.167262 0.0948541 0.0321479 0.00644105 0.00076124 5.30488e-05 2.1796e-06 5.27982e-08 7.54049e-10 6.34919e-12 3.15193e-14 9.22512e-17
 8.85931e-12 9.62015e-10 6.15891e-08 2.32469e-06 5.17333e-05 0.000678806 0.00525317 0.0240136 0.0653427 0.109866 0.132677 0.157528 0.191257 0.173675 0.0986557 0.0334475 0.00670188 0.000792076 5.51979e-05 2.2679e-06 5.49371e-08 7.84596e-10 6.6064e-12 3.27961e-14 9.59884e-17
 9.17423e-12 9.96211e-10 6.37784e-08 2.40732e-06 5.35721e-05 0.000702931 0.00543973 0.0248632 0.0676114 0.113334 0.135305 0.157251 0.188305 0.170309 0.0966604 0.0327654 0.00656498 0.000775892 5.40699e-05 2.22155e-06 5.38144e-08 7.68562e-10 6.4714e-12 3.21259e-14 9.40269e-17
 8.84247e-12 9.60187e-10 6.14721e-08 2.32027e-06 5.1635e-05 0.000677517 0.00524319 0.0239681 0.0652214 0.109681 0.132536 0.157543 0.191415 0.173855 0.0987624 0.033484 0.0067092 0.000792942 5.52581e-05 2.27038e-06 5.49971e-08 7.85453e-10 6.61362e-12 3.2832e-14 9.60933e-17
 9.30263e-12 1.01015e-09 6.46711e-08 2.44102e-06 5.43219e-05 0.000712768 0.0055158 0.0252097 0.0685365 0.114748 0.136377 0.157138 0.187101 0.168936 0.0958468 0.0324873 0.00650916 0.000769292 5.361e-05 2.20266e-06 5.33567e-08 7.62025e-10 6.41635e-12 3.18527e-14 9.32271e-17
 7.79676e-12 8.46635e-10 5.42024e-08 2.04588e-06 4.55288e-05 0.000597408 0.00462369 0.0211467 0.057688 0.098165 0.123809 0.158462 0.201219 0.185032 0.105388 0.0357491 0.00716378 0.000846685 5.90036e-05 2.42427e-06 5.87249e-08 8.38693e-10 7.06191e-12 3.50574e-14 1.02607e-16
 7.88135e-12 8.5582e-10 5.47904e-08 2.06807e-06 4.60227e-05 0.000603888 0.0046738 0.021375 0.0582974 0.0990965 0.124515 0.158388 0.200426 0.184128 0.104852 0.0355658 0.00712701 0.000842338 5.87007e-05 2.41182e-06 5.84234e-08 8.34386e-10 7.02565e-12 3.48774e-14 1.0208e-16
 7.66163e-12 8.31962e-10 5.3263e-08 2.01042e-06 4.47398e-05 0.000587056 0.00454364 0.0207822 0.0567146 0.0966769 0.122681 0.158581 0.202486 0.186476 0.106244 0.0360417 0.00722253 0.00085363 5.94876e-05 2.44415e-06 5.92066e-08 8.45573e-10 7.11984e-12 3.5345e-14 1.03448e-16
 7.72534e-12 8.3888e-10 5.37059e-08 2.02714e-06 4.51118e-05 0.000591937 0.00458138 0.0209541 0.0571735 0.0973785 0.123213 0.158525 0.201889 0.185795 0.105841 0.0359037 0.00719483 0.000850355 5.92594e-05 2.43478e-06 5.89795e-08 8.42329e-10 7.09252e-12 3.52094e-14 1.03052e-16
 8.27463e-12 8.98526e-10 5.75245e-08 2.17127e-06 4.83192e-05 0.000634016 0.00490679 0.0224361 0.0611307 0.103428 0.127797 0.158042 0.196739 0.179924 0.10236 0.034714 0.00695605 0.000822125 5.7292e-05 2.35394e-06 5.70214e-08 8.14363e-10 6.85705e-12 3.40404e-14 9.96302e-17
 7.99431e-12 8.68086e-10 5.55757e-08 2.09771e-06 4.66823e-05 0.000612541 0.00474072 0.0216797 0.0591112 0.10034 0.125458 0.158288 0.199367 0.18292 0.104137 0.0353211 0.00707791 0.000836532 5.82961e-05 2.3952e-06 5.80207e-08 8.28635e-10 6.97722e-12 3.4637e-14 1.01376e-16
 8.68929e-12 9.43553e-10 6.04072e-08 2.28008e-06 5.07405e-05 0.000665782 0.00515245 0.0235548 0.0641179 0.107994 0.131258 0.157677 0.192851 0.175492 0.099733 0.0338158 0.00677579 0.000800814 5.58068e-05 2.29292e-06 5.55431e-08 7.93252e-10 6.67929e-12 3.3158e-14 9.70474e-17
 9.05137e-12 9.82871e-10 6.29243e-08 2.37509e-06 5.28548e-05 0.00069352 0.00536695 0.0245318 0.0667264 0.111981 0.13428 0.157359 0.189457 0.171622 0.0974388 0.0330315 0.00661838 0.000782205 5.45099e-05 2.23963e-06 5.42524e-08 7.74817e-10 6.52407e-12 3.23874e-14 9.47921e-17
 9.17226e-12 9.95998e-10 6.37647e-08 2.40681e-06 5.35606e-05 0.000702781 0.00543856 0.0248579 0.0675972 0.113312 0.135289 0.157253 0.188323 0.17033 0.0966728 0.0327697 0.00656584 0.000775993 5.4077e-05 2.22184e-06 5.38214e-08 7.68663e-10 6.47224e-12 3.21301e-14 9.40392e-17
 8.99159e-12 9.76379e-10 6.25087e-08 2.3594e-06 5.25057e-05 0.00068894 0.00533153 0.0243705 0.0662957 0.111323 0.133781 0.157411 0.190017 0.172261 0.0978176 0.033161 0.00664437 0.000785278 5.47241e-05 2.24843e-06 5.44655e-08 7.77861e-10 6.5497e-12 3.25146e-14 9.51645e-17
 1.01675e-11 1.10407e-09 7.06833e-08 2.66795e-06 5.93719e-05 0.000779021 0.00602814 0.0275431 0.0747668 0.124272 0.143594 0.156377 0.178993 0.159693 0.0903671 0.030614 0.0061332 0.000724845 5.05124e-05 2.07539e-06 5.02736e-08 7.17994e-10 6.04561e-12 3.00122e-14 8.78403e-17
 9.77034e-12 1.06094e-09 6.79226e-08 2.56374e-06 5.7053e-05 0.000748598 0.00579288 0.0264716 0.0719059 0.119899 0.14028 0.156727 0.182716 0.163937 0.0928833 0.0314742 0.00630584 0.000745255 5.19348e-05 2.13383e-06 5.16893e-08 7.38212e-10 6.21585e-12 3.08573e-14 9.03138e-17
 9.71016e-12 1.05441e-09 6.75041e-08 2.54795e-06 5.67016e-05 0.000743988 0.00575722 0.0263092 0.0714723 0.119236 0.139778 0.15678 0.18328 0.164581 0.0932646 0.0316045 0.006332 0.000748348 5.21503e-05 2.14268e-06 5.19039e-08 7.41277e-10 6.24165e-12 3.09854e-14 9.06887e-17
 9.56084e-12 1.03819e-09 6.64661e-08 2.50877e-06 5.58296e-05 0.000732549 0.00566876 0.0259063 0.0703966 0.117592 0.138532 0.156911 0.18468 0.166177 0.0942108 0.031928 0.00639691 0.000756022 5.26852e-05 2.16466e-06 5.24362e-08 7.48879e-10 6.30566e-12 3.13032e-14 9.16188e-17
 1.05191e-11 1.14225e-09 7.3128e-08 2.76022e-06 6.14253e-05 0.00080596 0.00623647 0.0284918 0.0773001 0.128145 0.146529 0.156068 0.175696 0.155934 0.0881389 0.0298523 0.00598033 0.000706772 4.92528e-05 2.02363e-06 4.902e-08 7.0009e-10 5.89486e-12 2.92638e-14 8.56499e-17
 1.07823e-11 1.17083e-09 7.49579e-08 2.82929e-06 6.29623e-05 0.000826125 0.00639241 0.029202 0.0791964 0.131043 0.148726 0.155837 0.173228 0.15312 0.0864711 0.0292821 0.00586591 0.000693244 4.831e-05 1.9849e-06 4.80817e-08 6.86689e-10 5.78201e-12 2.87036e-14 8.40104e-17
#obs catch len freq
 5.93929e-12 6.44936e-10 4.12894e-08 1.55847e-06 3.46819e-05 0.000455059 0.0035212 0.0160863 0.0436352 0.0722865 0.0825929 0.0891869 0.108599 0.12181 0.119192 0.108393 0.089538 0.0651485 0.0416856 0.022985 0.010338 0.00351784 0.000843701 0.000135202 1.39574e-05
 5.59324e-12 6.0736e-10 3.88837e-08 1.46767e-06 3.26613e-05 0.000428552 0.00331624 0.0151533 0.041144 0.0684348 0.0792796 0.0878801 0.109496 0.126108 0.127004 0.115153 0.091417 0.0635511 0.0391195 0.0205204 0.00859031 0.00268499 0.000589687 8.66016e-05 8.2017e-06
 5.67276e-13 6.15996e-11 3.9437e-09 1.48862e-07 3.31349e-06 4.35249e-05 0.000338658 0.00158932 0.00487275 0.0124586 0.0338631 0.0816348 0.139262 0.168186 0.164019 0.142179 0.108074 0.0713141 0.0412311 0.0202416 0.00789093 0.00227521 0.000457265 6.12396e-05 5.28852e-06
 8.20009e-12 8.90433e-10 5.70063e-08 2.1517e-06 4.7883e-05 0.000628236 0.00485983 0.022169 0.0596839 0.0952335 0.0922169 0.0625443 0.0540471 0.0864591 0.13294 0.145314 0.113463 0.0696688 0.0365956 0.0163958 0.00585949 0.0015489 0.000284722 3.47817e-05 2.73497e-06
 1.05775e-11 1.14859e-09 7.35338e-08 2.77555e-06 6.17667e-05 0.000810454 0.00627167 0.0286589 0.0777914 0.128908 0.145587 0.146824 0.152556 0.12918 0.0776254 0.0408203 0.0272253 0.0195205 0.0112304 0.00487803 0.00159525 0.000381495 6.35577e-05 7.05278e-06 5.04249e-07
 1.07541e-11 1.16777e-09 7.47617e-08 2.82189e-06 6.27979e-05 0.000823972 0.00637579 0.0291232 0.078893 0.129477 0.140702 0.130521 0.131789 0.127837 0.10365 0.0678355 0.0337161 0.012758 0.00434993 0.00150893 0.000456094 0.000101284 1.53752e-05 1.5425e-06 9.97072e-08
 1.19373e-11 1.29625e-09 8.29871e-08 3.13236e-06 6.97068e-05 0.000914614 0.00707678 0.032316 0.0874169 0.142463 0.15023 0.128269 0.118516 0.11309 0.0956409 0.0673573 0.0365601 0.0145306 0.00429163 0.00100891 0.000204572 3.54432e-05 4.68628e-06 4.24796e-07 2.49201e-08
 1.07202e-11 1.16409e-09 7.45258e-08 2.81299e-06 6.26001e-05 0.000821396 0.00635641 0.0290445 0.0787788 0.129839 0.142673 0.134008 0.133886 0.126247 0.099992 0.0656903 0.0341477 0.0134199 0.00397221 0.000888451 0.000149291 1.88991e-05 1.81197e-06 1.28383e-07 6.35069e-09
 1.30823e-11 1.42059e-09 9.09473e-08 3.43282e-06 7.63933e-05 0.00100235 0.00775572 0.0354162 0.0957794 0.155768 0.162285 0.132606 0.114593 0.105147 0.0867053 0.0583747 0.0296679 0.011014 0.00304872 0.000642485 0.000101431 1.15661e-05 9.25284e-07 5.11536e-08 1.93666e-09
 1.1898e-11 1.29198e-09 8.27136e-08 3.12205e-06 6.94781e-05 0.000911657 0.00705524 0.0322418 0.0874695 0.144075 0.157045 0.142387 0.133463 0.117657 0.0866911 0.0527662 0.0255631 0.00940009 0.0025854 0.000528698 7.88954e-05 8.36569e-06 6.13308e-07 3.03096e-08 9.88982e-10
 1.22286e-11 1.32788e-09 8.50119e-08 3.20879e-06 7.14086e-05 0.000936987 0.00725113 0.033133 0.0898265 0.147447 0.158425 0.138696 0.127261 0.116201 0.0906975 0.0555529 0.0247177 0.00770739 0.00173338 0.000296787 3.91764e-05 3.81818e-06 2.59873e-07 1.18639e-08 3.54115e-10
 1.14841e-11 1.24704e-09 7.98368e-08 3.01347e-06 6.70625e-05 0.000879994 0.00681116 0.031142 0.0846312 0.14016 0.154939 0.143598 0.136946 0.123075 0.0919358 0.0538896 0.0231862 0.00699701 0.00148396 0.000226912 2.54303e-05 2.07898e-06 1.21353e-07 4.90065e-09 1.32308e-10
 1.24755e-11 1.35469e-09 8.67286e-08 3.2736e-06 7.28514e-05 0.000955945 0.00739856 0.0338174 0.0917678 0.150984 0.162766 0.141959 0.127824 0.11431 0.0871302 0.0514045 0.0217478 0.00635572 0.00129365 0.000187798 1.95788e-05 1.44384e-06 7.36627e-08 2.55035e-09 5.8936e-11
 1.03432e-11 1.12315e-09 7.19051e-08 2.7141e-06 6.04019e-05 0.000792672 0.00613751 0.0280995 0.0767335 0.129196 0.149683 0.150185 0.150152 0.133537 0.0954363 0.0523098 0.0207242 0.00569821 0.00108901 0.000147792 1.43603e-05 9.83729e-07 4.62741e-08 1.45809e-09 3.01733e-11
 1.0043e-11 1.09055e-09 6.98181e-08 2.63533e-06 5.8649e-05 0.000769672 0.00595943 0.0272821 0.0744552 0.124959 0.143151 0.141423 0.144193 0.137798 0.106923 0.061227 0.0241324 0.00636937 0.00114076 0.000142831 1.27139e-05 7.975e-07 3.44118e-08 9.95614e-10 1.88983e-11
 9.15703e-12 9.94347e-10 6.36593e-08 2.40288e-06 5.34775e-05 0.000701879 0.0054366 0.0249227 0.0683447 0.116545 0.139375 0.14711 0.154685 0.144825 0.108023 0.0597152 0.0230219 0.00602029 0.00107371 0.000132579 1.13718e-05 6.69948e-07 2.66535e-08 7.04423e-10 1.21796e-11
 9.40743e-12 1.02154e-09 6.54002e-08 2.4686e-06 5.49402e-05 0.000721083 0.00558537 0.0256018 0.0701486 0.119126 0.140427 0.144669 0.151245 0.144391 0.109328 0.059816 0.0222814 0.00554693 0.000936513 0.000109775 9.00061e-06 5.08692e-07 1.93341e-08 4.83009e-10 7.79413e-12
 1.07791e-11 1.17049e-09 7.49363e-08 2.82855e-06 6.29513e-05 0.000826222 0.0063994 0.0293238 0.0802194 0.135271 0.155419 0.150758 0.146216 0.130871 0.093665 0.0487308 0.017351 0.00413613 0.000666379 7.3964e-05 5.69776e-06 3.01449e-07 1.07346e-08 2.51953e-10 3.82657e-12
 9.90405e-12 1.07547e-09 6.88531e-08 2.59897e-06 5.78445e-05 0.000759319 0.00588436 0.0270118 0.0743246 0.127567 0.153126 0.158022 0.156779 0.13613 0.0929337 0.046566 0.0162659 0.003868 0.000626567 6.95085e-05 5.25781e-06 2.67472e-07 9.00339e-09 1.97607e-10 2.79146e-12
 1.01531e-11 1.10251e-09 7.05844e-08 2.66433e-06 5.92997e-05 0.000778433 0.00603255 0.0276889 0.0761208 0.130109 0.154127 0.155839 0.154065 0.135985 0.0936313 0.0460864 0.015425 0.00346246 0.000527646 5.54627e-05 4.02205e-06 1.97722e-07 6.43171e-09 1.35507e-10 1.81957e-12
 1.09299e-11 1.18686e-09 7.59849e-08 2.8682e-06 6.38383e-05 0.000838046 0.00649513 0.0298168 0.0819698 0.139844 0.163909 0.160544 0.150934 0.126478 0.0832296 0.039582 0.0129528 0.00286438 0.00042933 4.38688e-05 3.04468e-06 1.41667e-07 4.34598e-09 8.64741e-11 1.09947e-12
 1.0756e-11 1.16798e-09 7.47768e-08 2.82264e-06 6.28274e-05 0.000824899 0.00639609 0.0294004 0.0811218 0.139716 0.166942 0.166792 0.155922 0.12604 0.0785565 0.0350265 0.0106739 0.00218795 0.000303893 2.89424e-05 1.88856e-06 8.30897e-08 2.41058e-09 4.51937e-11 5.39042e-13
 1.04336e-11 1.13297e-09 7.25357e-08 2.73809e-06 6.09486e-05 0.000800346 0.00620823 0.0285684 0.0790554 0.137115 0.166099 0.168811 0.15939 0.128621 0.0789445 0.0341544 0.00996441 0.00193068 0.000250101 2.19451e-05 1.31017e-06 5.27434e-08 1.40702e-09 2.44066e-11 2.70674e-13
 1.10479e-11 1.19968e-09 7.6807e-08 2.89935e-06 6.4539e-05 0.000847518 0.00657426 0.030248 0.0836074 0.144266 0.171895 0.169142 0.154566 0.122142 0.0738844 0.0315952 0.0091498 0.00176641 0.000227443 1.95879e-05 1.1244e-06 4.25934e-08 1.05167e-09 1.67242e-11 1.69432e-13
 1.07797e-11 1.17056e-09 7.49432e-08 2.82909e-06 6.29812e-05 0.000827285 0.00642215 0.0296092 0.0822902 0.143874 0.175664 0.176703 0.15974 0.120507 0.0683263 0.027191 0.00730423 0.00130642 0.000156263 1.25988e-05 6.83627e-07 2.4631e-08 5.78231e-10 8.68969e-12 8.24523e-14
 9.43517e-12 1.02457e-09 6.55979e-08 2.47645e-06 5.51402e-05 0.000724633 0.00563272 0.0260646 0.073155 0.131096 0.168354 0.181107 0.171708 0.131415 0.0736522 0.0283978 0.00727005 0.00122099 0.000135233 9.98581e-06 4.9394e-07 1.62619e-08 3.5122e-10 4.89304e-12 4.32957e-14
 9.46978e-12 1.02833e-09 6.58393e-08 2.48562e-06 5.53469e-05 0.00072742 0.0056553 0.026173 0.073432 0.131269 0.167539 0.179407 0.171225 0.132645 0.074709 0.0286193 0.00721707 0.00118663 0.000127677 9.0463e-06 4.22483e-07 1.29258e-08 2.5638e-10 3.25944e-12 2.62784e-14
 1.02398e-11 1.11196e-09 7.11942e-08 2.68785e-06 5.9853e-05 0.000786728 0.00611742 0.0283146 0.0793785 0.141197 0.177044 0.182369 0.165374 0.121989 0.0658844 0.0244021 0.00600066 0.000968907 0.000102701 7.15056e-06 3.25574e-07 9.60157e-09 1.81296e-10 2.16801e-12 1.62693e-14
 9.70243e-12 1.05362e-09 6.74614e-08 2.54717e-06 5.67346e-05 0.000746214 0.00581182 0.0270091 0.0764553 0.138856 0.180074 0.190588 0.171307 0.120955 0.0613707 0.0211585 0.0048156 0.000717172 7.01466e-05 4.53275e-06 1.93349e-07 5.39096e-09 9.67793e-11 1.10166e-12 7.8508e-15
#spawning biomass
 8316.42 8703.05 6862.51 7099.57 10810.7 16915.7 20565.1 26749.3 38261.3 57008.9 76709 100807 132760 157726 161694 164088 158579 142772 155843 155163 170830 199954 206021 226312 259361 256100 273965 240959 201778 130445 256927 280919 268575 238767 204697 173480 147891 128280 113902 103683 96579.9 91722.7 88442 86231.9 84735.3 83765.3 83136.6 82729 82464.9 82293.7 82182.7 82110.8 82064.1 82033.9 82014.3 82001.6 81993.4 81988.1 81984.6 81982.4 81980.9 81980 81979.4 81979 81978.7 81978.5 81978.4 81978.4 81978.3 81978.3 81978.3 81978.3 81978.3 81978.2 81978.2 81978.2 81978.2 81978.2 81978.2 81978.2 81978.2 81978.2 81978.2 81978.2 81978.2 81978.2 81978.2 81978.2 81978.2 81978.2 81978.2 81978.2 81978.2 81978.2 81978.2 81978.2 81978.2 81978.2 81978.2 81978.2 81978.2 81978.2 81978.2 81978.2 81978.2 81978.2 81978.2 81978.2 81978.2 81978.2 81978.2 81978.2 81978.2 81978.2 81978.2 81978.2 81978.2 81978.2 81978.2 81978.2 81978.2 81978.2 81978.2 81978.2 81978.2 81978.2 81978.2 81978.2 81978.2 0 0 0 0 0 0 0 0 0 0 0 0 0 0 0 0 0 0 0 0 0 0 0 0 0
