SBPRF35
0.819782
Curr Bio
87015.3
B35
676226
F35
0.209431
FOFL
0
OFL
0
Bzero
234224
#pred survey bio
 9721.82 9398.99 7686.75 7895.82 10850.4 17320.1 23345.8 28514 37280.2 51924.1 69654.2 89137.4 102898 111748 110170 96680.8 93933.8 110771 107142 118939 109790 112884 124130 131911 128600 126631 111020 106730 92801.2 2.33566e+06 4.16526e+06 4.79069e+06 4.80687e+06 4.47737e+06 4.0159e+06 3.55129e+06 3.1446e+06 2.8151e+06 2.56057e+06 2.36987e+06 2.22982e+06 2.12823e+06 2.05503e+06 2.00207e+06 1.96244e+06 1.93448e+06 1.91457e+06 1.90024e+06 1.8898e+06 1.88213e+06 1.87641e+06 1.87212e+06 1.86885e+06 1.86634e+06 1.8644e+06 1.86288e+06 1.86168e+06 1.86074e+06 1.85998e+06 1.85938e+06 1.8589e+06 1.85851e+06 1.85819e+06 1.85794e+06 1.85773e+06 1.85756e+06 1.85742e+06 1.85731e+06 1.85722e+06 1.85715e+06 1.85709e+06 1.85704e+06 1.85699e+06 1.85696e+06 1.85693e+06 1.85691e+06 1.85689e+06 1.85688e+06 1.85687e+06 1.85686e+06 1.85685e+06 1.85684e+06 1.85684e+06 1.85683e+06 1.85683e+06 1.85683e+06 1.85682e+06 1.85682e+06 1.85682e+06 1.85682e+06 1.85682e+06 1.85682e+06 1.85682e+06 1.85682e+06 1.85681e+06 1.85681e+06 1.85681e+06 1.85681e+06 1.85681e+06 1.85681e+06 1.85681e+06 1.85681e+06 1.85681e+06 1.85681e+06 1.85681e+06 1.85681e+06 1.85681e+06 1.85681e+06 1.85681e+06 1.85681e+06 1.85681e+06 1.85681e+06 1.85681e+06 1.85681e+06 1.85681e+06 1.85681e+06 1.85681e+06 1.85681e+06 1.85681e+06 1.85681e+06 1.85681e+06 1.85681e+06 1.85681e+06 1.85681e+06 1.85681e+06 1.85681e+06 1.85681e+06 1.85681e+06 1.85681e+06 0 0 0 0 0 0 0 0 0 0 0 0 0 0 0 0 0 0 0 0 0 0 0 0 0
#obs survey bio
 9272.99 7466.65 7137.16 11392.2 12370.9 22474.1 22016.4 31671 48000.3 64861.6 59551.2 94790.8 126542 146971 105104 93639.5 76178.2 118902 82281.7 109812 93355.5 96779.4 87732.5 113431 209669 122467 112940 98216.8 79398.9
#pred catch bio
 3846.81 4254.72 3286.16 2781.67 3532.83 8675.34 13302.7 15366.7 20103.3 31240.9 44034 60910.8 74043.5 82048.3 85073.8 77405 71117.8 91160.1 85797 105369 97111.9 98359.4 111322 123046 118972 123414 108488 110241 93793.9 0 33647.5 38491.7 38275.7 35236.4 31176.1 27171 23720.5 20969.5 18882.6 17352.6 16257.7 15487.9 14953.9 14585.3 14327.4 14156.1 14042.4 13966.9 13916.7 13883.4 13861.3 13846.6 13836.9 13830.4 13826.1 13823.3 13821.4 13820.1 13819.3 13818.7 13818.4 13818.1 13818 13817.8 13817.8 13817.7 13817.7 13817.7 13817.7 13817.6 13817.6 13817.6 13817.6 13817.6 13817.6 13817.6 13817.6 13817.6 13817.6 13817.6 13817.6 13817.6 13817.6 13817.6 13817.6 13817.6 13817.6 13817.6 13817.6 13817.6 13817.6 13817.6 13817.6 13817.6 13817.6 13817.6 13817.6 13817.6 13817.6 13817.6 13817.6 13817.6 13817.6 13817.6 13817.6 13817.6 13817.6 13817.6 13817.6 13817.6 13817.6 13817.6 13817.6 13817.6 13817.6 13817.6 13817.6 13817.6 13817.6 13817.6 13817.6 13817.6 13817.6 13817.6 13817.6 13817.6 13817.6 13817.6 13817.6 0 0 0 0 0 0 0 0 0 0 0 0 0 0 0 0 0 0 0 0 0 0 0 0 0
#obs catch bio
 3764.01 4360.11 3733.83 2767.48 3430.88 8528.28 12527.4 14224.5 18458.2 27789.8 39514.2 56083.3 66915.4 71815.6 81952.8 78996.8 68270.8 82763.7 82592.7 100420 92442.4 91346.7 105918 125143 95430.3 113407 102570 99255.6 92277.6
#pred cpue bio
 9009.53 9077.42 7172.61 7067.91 9529.44 14911.2 19823 24385.7 31610.3 43282.5 57248.7 73804.9 84530.6 91606.9 92492.6 79631.9 73904.4 88492.2 84846.9 92754.5 84066.8 85097.6 94093.4 97965.1 95553.5 94623.6 80239.2 77123.3 63927.7 1.64269e+06 4.11951e+06 4.74505e+06 4.76124e+06 4.43174e+06 3.97027e+06 3.50565e+06 3.09896e+06 2.76947e+06 2.51493e+06 2.32424e+06 2.18418e+06 2.08259e+06 2.0094e+06 1.95644e+06 1.9168e+06 1.88885e+06 1.86893e+06 1.8546e+06 1.84417e+06 1.83649e+06 1.83078e+06 1.82648e+06 1.82321e+06 1.8207e+06 1.81876e+06 1.81724e+06 1.81605e+06 1.8151e+06 1.81435e+06 1.81374e+06 1.81326e+06 1.81287e+06 1.81255e+06 1.8123e+06 1.81209e+06 1.81192e+06 1.81179e+06 1.81167e+06 1.81158e+06 1.81151e+06 1.81145e+06 1.8114e+06 1.81136e+06 1.81132e+06 1.8113e+06 1.81128e+06 1.81126e+06 1.81124e+06 1.81123e+06 1.81122e+06 1.81121e+06 1.81121e+06 1.8112e+06 1.8112e+06 1.81119e+06 1.81119e+06 1.81119e+06 1.81118e+06 1.81118e+06 1.81118e+06 1.81118e+06 1.81118e+06 1.81118e+06 1.81118e+06 1.81118e+06 1.81118e+06 1.81118e+06 1.81118e+06 1.81118e+06 1.81118e+06 1.81118e+06 1.81118e+06 1.81118e+06 1.81118e+06 1.81118e+06 1.81118e+06 1.81118e+06 1.81118e+06 1.81118e+06 1.81118e+06 1.81118e+06 1.81118e+06 1.81118e+06 1.81118e+06 1.81118e+06 1.81118e+06 1.81118e+06 1.81118e+06 1.81118e+06 1.81118e+06 1.81118e+06 1.81118e+06 1.81118e+06 1.81118e+06 1.81118e+06 1.81118e+06 1.81118e+06 1.81118e+06 1.81118e+06 0 0 0 0 0 0 0 0 0 0 0 0 0 0 0 0 0 0 0 0 0 0 0 0 0
#obs cpue bio
 10954.9 7424.09 4760.18 6429 8985.72 15827.8 28478.2 30111.6 34485.4 60640 89654.7 89880.2 109550 115496 94044.9 76896.8 107159 135017 113863 131086 117508 133574 154497 107463 168724 120378 96115.1 132910 74961.1
#pred surv len freq
 8.93804e-12 9.70564e-10 6.21364e-08 2.34534e-06 5.21926e-05 0.000684813 0.00529883 0.0242033 0.0655991 0.10822 0.121388 0.124371 0.138822 0.133704 0.100211 0.0670401 0.0435138 0.026515 0.0155814 0.00925906 0.00575914 0.00389743 0.00283735 0.00196106 0.00107875
 5.1076e-12 5.54625e-10 3.55076e-08 1.34024e-06 2.98256e-05 0.000391356 0.0030289 0.013852 0.0377767 0.0641966 0.0806701 0.103514 0.136949 0.14633 0.126959 0.102077 0.0751564 0.0483678 0.0280983 0.0152108 0.00798001 0.00435613 0.00260701 0.00160233 0.000844289
 9.66524e-12 1.04953e-09 6.71919e-08 2.53616e-06 5.64386e-05 0.000740501 0.00572882 0.0261463 0.0705756 0.114105 0.117352 0.0955708 0.0869719 0.088143 0.0884861 0.086754 0.0766985 0.0591023 0.0396113 0.0227882 0.01146 0.00533952 0.0025195 0.00125695 0.000590129
 1.24033e-11 1.34685e-09 8.62269e-08 3.25463e-06 7.24273e-05 0.000950281 0.00735177 0.0335535 0.0905709 0.14644 0.150569 0.121815 0.105714 0.0911257 0.0654957 0.0459882 0.0384467 0.0345989 0.0283056 0.019472 0.011029 0.00519023 0.00214023 0.000844257 0.000323416
 1.28833e-11 1.39897e-09 8.95632e-08 3.38056e-06 7.52297e-05 0.000987052 0.00763631 0.0348537 0.0941023 0.152325 0.157444 0.129525 0.115025 0.100451 0.0717553 0.0458141 0.0293381 0.019632 0.0147759 0.0115135 0.00781909 0.00424624 0.00182675 0.000649192 0.00020245
 1.36923e-11 1.48682e-09 9.51874e-08 3.59285e-06 7.99538e-05 0.00104903 0.00811566 0.0370382 0.0999543 0.161427 0.165118 0.131419 0.111822 0.0963043 0.0696991 0.0456809 0.0292068 0.0175518 0.0102755 0.00642137 0.0042826 0.0026302 0.0012934 0.000485301 0.000140969
 1.39309e-11 1.51273e-09 9.68466e-08 3.65547e-06 8.13474e-05 0.00106732 0.00825722 0.0376861 0.101729 0.164501 0.169225 0.137072 0.118764 0.100783 0.0680821 0.039667 0.0232702 0.0136528 0.0076744 0.00411193 0.00219813 0.00121292 0.000624078 0.000257737 7.8821e-05
 1.33181e-11 1.44619e-09 9.25865e-08 3.49468e-06 7.77692e-05 0.00102037 0.00789423 0.0360336 0.0973258 0.157847 0.164564 0.138893 0.126676 0.109564 0.0733482 0.0411256 0.0223642 0.011787 0.00598206 0.00297102 0.00141714 0.000652387 0.00029369 0.000119738 3.85969e-05
 1.38232e-11 1.50104e-09 9.60978e-08 3.62721e-06 8.07185e-05 0.00105907 0.00819341 0.0373955 0.100952 0.163311 0.168315 0.137177 0.120042 0.103059 0.0710877 0.0423234 0.0240645 0.0125384 0.00593225 0.00264087 0.001119 0.000451557 0.000172922 6.16921e-05 1.89868e-05
 1.45751e-11 1.58269e-09 1.01325e-07 3.82451e-06 8.51091e-05 0.00111667 0.00863892 0.0394257 0.10639 0.171756 0.17537 0.138659 0.116244 0.0971304 0.0653171 0.0376542 0.0212205 0.011413 0.00561182 0.00248112 0.000976951 0.000348377 0.000114554 3.46851e-05 9.34509e-06
 1.49996e-11 1.62878e-09 1.04276e-07 3.9359e-06 8.75878e-05 0.00114919 0.00889049 0.0405731 0.109477 0.176672 0.180059 0.141457 0.117197 0.0962372 0.0621686 0.0330912 0.0170786 0.00868043 0.00418469 0.00187695 0.000751817 0.000260585 7.7756e-05 2.02364e-05 4.61198e-06
 1.45535e-11 1.58034e-09 1.01175e-07 3.81885e-06 8.49831e-05 0.00111502 0.00862625 0.0393702 0.106272 0.171824 0.176642 0.142704 0.122759 0.102211 0.0653354 0.0335386 0.0162873 0.00764355 0.00336558 0.00140792 0.000548348 0.000190007 5.59901e-05 1.36414e-05 2.73368e-06
 1.48493e-11 1.61246e-09 1.03231e-07 3.89645e-06 8.67101e-05 0.00113768 0.00880148 0.0401686 0.108409 0.175134 0.179363 0.143145 0.121093 0.0999315 0.0635246 0.0322836 0.0153782 0.00697142 0.0028901 0.00111001 0.000394628 0.000127753 3.6419e-05 8.68731e-06 1.65863e-06
 1.48511e-11 1.61265e-09 1.03244e-07 3.89693e-06 8.67207e-05 0.00113782 0.00880259 0.0401743 0.108433 0.175246 0.179815 0.14435 0.122937 0.101231 0.0632095 0.0307935 0.0139161 0.00608533 0.00245356 0.00090486 0.000301035 8.9176e-05 2.32919e-05 5.21653e-06 9.55906e-07
 1.37466e-11 1.49272e-09 9.55654e-08 3.60712e-06 8.02714e-05 0.0010532 0.00814826 0.037194 0.100471 0.16304 0.170395 0.144768 0.132467 0.112553 0.0705944 0.0341043 0.0150896 0.00636421 0.00244214 0.000857701 0.000273279 7.676e-05 1.85968e-05 3.81267e-06 6.44987e-07
 1.46431e-11 1.59007e-09 1.01798e-07 3.84236e-06 8.55063e-05 0.00112188 0.00867938 0.039613 0.106932 0.172928 0.177951 0.144185 0.124382 0.103215 0.0649038 0.0319545 0.0144666 0.00614436 0.002324 0.000788601 0.000239295 6.36964e-05 1.45932e-05 2.80034e-06 4.37322e-07
 1.6343e-11 1.77466e-09 1.13615e-07 4.28841e-06 9.54323e-05 0.00125211 0.0096865 0.0442014 0.119206 0.191873 0.193207 0.145635 0.11295 0.0881002 0.0530462 0.0242892 0.0100679 0.00409405 0.00155002 0.000530066 0.000159172 4.09807e-05 8.93228e-06 1.61712e-06 2.36817e-07
 1.57056e-11 1.70544e-09 1.09184e-07 4.12116e-06 9.17105e-05 0.00120328 0.00930891 0.042482 0.114618 0.184884 0.188032 0.146596 0.11956 0.0954225 0.0571255 0.0252963 0.00983437 0.00369005 0.00128181 0.000410208 0.000120048 3.07413e-05 6.6051e-06 1.15536e-06 1.60812e-07
 1.59916e-11 1.7365e-09 1.11172e-07 4.1962e-06 9.33804e-05 0.00122519 0.00947835 0.043254 0.116685 0.188088 0.190676 0.147055 0.117973 0.0931389 0.0551265 0.0237893 0.00883589 0.00314467 0.0010257 0.000302209 8.08865e-05 1.92876e-05 3.98441e-06 6.83646e-07 9.3093e-08
 1.65531e-11 1.79747e-09 1.15076e-07 4.34353e-06 9.6659e-05 0.0012682 0.00981099 0.044769 0.120731 0.194283 0.195416 0.146711 0.112944 0.0873168 0.051562 0.0224158 0.00840753 0.00297698 0.000941478 0.000262818 6.55478e-05 1.43531e-05 2.71286e-06 4.33206e-07 5.63706e-08
 1.70627e-11 1.8528e-09 1.18618e-07 4.47724e-06 9.96346e-05 0.00130724 0.0101129 0.0461451 0.124418 0.200026 0.200296 0.14799 0.1108 0.0836241 0.0476201 0.0189047 0.00603574 0.00185941 0.000556413 0.000152751 3.7127e-05 7.72706e-06 1.3571e-06 1.98681e-07 2.37281e-08
 1.75435e-11 1.90501e-09 1.2196e-07 4.6034e-06 0.000102442 0.00134407 0.0103978 0.0474425 0.127885 0.205347 0.204433 0.147911 0.106826 0.0788745 0.0445116 0.0174544 0.00539124 0.00154393 0.000408374 9.64996e-05 2.0978e-05 4.13365e-06 6.99502e-07 9.72414e-08 1.08035e-08
 1.73637e-11 1.88549e-09 1.20711e-07 4.55623e-06 0.000101392 0.0013303 0.0102913 0.0469575 0.12659 0.203368 0.202935 0.148076 0.108522 0.0808079 0.0456588 0.0178455 0.00546329 0.00154139 0.000397119 8.85872e-05 1.73162e-05 2.96898e-06 4.42784e-07 5.65991e-08 5.94586e-09
 1.79807e-11 1.95249e-09 1.25e-07 4.71813e-06 0.000104995 0.00137757 0.0106568 0.0486224 0.131038 0.210189 0.208208 0.147873 0.103254 0.0745528 0.0415995 0.016027 0.00477252 0.00130349 0.000328469 7.19815e-05 1.3695e-05 2.2267e-06 3.02123e-07 3.3988e-08 3.14664e-09
 1.79288e-11 1.94685e-09 1.24639e-07 4.7045e-06 0.000104692 0.00137359 0.010626 0.0484827 0.130669 0.209651 0.207939 0.148371 0.104429 0.0755615 0.0417301 0.0154978 0.004231 0.00102939 0.000238806 4.98148e-05 9.15542e-06 1.44918e-06 1.90625e-07 2.03509e-08 1.72855e-09
 1.77627e-11 1.92882e-09 1.23485e-07 4.66094e-06 0.000103722 0.00136087 0.0105277 0.0480346 0.129471 0.207815 0.206516 0.148414 0.105833 0.0772436 0.0428469 0.0160201 0.00442872 0.00108195 0.000242194 4.64104e-05 7.68997e-06 1.12269e-06 1.40223e-07 1.44293e-08 1.18148e-09
 1.86983e-11 2.03042e-09 1.29989e-07 4.90644e-06 0.000109186 0.00143255 0.011082 0.0505593 0.136216 0.218155 0.214497 0.148066 0.0977811 0.0677109 0.0366937 0.0133057 0.00343222 0.000759436 0.000159319 2.98869e-05 4.847e-06 6.68732e-07 7.64275e-08 7.18156e-09 5.48574e-10
 1.86916e-11 2.02969e-09 1.29942e-07 4.90468e-06 0.000109146 0.00143203 0.011078 0.0505412 0.136169 0.218092 0.214492 0.148214 0.0980597 0.0679258 0.0366767 0.0131216 0.00325827 0.000670819 0.000129205 2.21528e-05 3.2861e-06 4.25988e-07 4.68359e-08 4.1988e-09 2.98531e-10
 1.98844e-11 2.1592e-09 1.38234e-07 5.21765e-06 0.000116111 0.0015234 0.0117846 0.0537596 0.144765 0.231253 0.22457 0.147505 0.0873931 0.0555122 0.0289581 0.0100453 0.00231698 0.000412611 6.79331e-05 1.04236e-05 1.40771e-06 1.65655e-07 1.6573e-08 1.37118e-09 9.18131e-11
#obs surv len freq
 2.10172e-11 2.03052e-09 1.15659e-07 3.88411e-06 7.69033e-05 0.000897747 0.0061801 0.0251123 0.0605449 0.0890032 0.0904655 0.0895734 0.104367 0.114158 0.110861 0.0999413 0.0807866 0.0579085 0.0369999 0.0202929 0.00898238 0.00300531 0.000713714 0.000114114 1.18122e-05
 4.5925e-12 4.27954e-10 2.35117e-08 7.61581e-07 1.45451e-05 0.000163837 0.00109021 0.00432289 0.0106778 0.0197275 0.03872 0.0795193 0.127457 0.153455 0.157019 0.14279 0.110635 0.0741103 0.0442937 0.0228647 0.00947303 0.00292766 0.00063545 9.24566e-05 8.70969e-06
 9.02018e-11 8.09327e-09 4.28126e-07 1.33523e-05 0.000245517 0.00266162 0.0170119 0.0641099 0.14249 0.187078 0.146515 0.0734514 0.0376977 0.0451138 0.0671134 0.0746973 0.0614198 0.0406946 0.0230238 0.0110008 0.00419757 0.0011929 0.000237165 3.14679e-05 2.69572e-06
 1.1487e-10 9.90757e-09 5.03808e-07 1.51043e-05 0.00026698 0.00278235 0.0170989 0.0620197 0.13339 0.174317 0.154871 0.127986 0.117482 0.0896736 0.0489007 0.0248899 0.0178026 0.013856 0.008642 0.00409166 0.00145835 0.000379131 6.86397e-05 8.28878e-06 6.45986e-07
 1.24634e-10 1.03176e-08 5.03563e-07 1.44901e-05 0.000245828 0.00245897 0.014506 0.0505357 0.104715 0.133896 0.12385 0.118559 0.127795 0.120772 0.0947179 0.0610207 0.0296624 0.0110565 0.00397078 0.00154692 0.000524085 0.000128788 2.15054e-05 2.36609e-06 1.67441e-07
 2.19772e-10 1.74365e-08 8.15616e-07 2.24932e-05 0.000365727 0.00350605 0.0198203 0.066135 0.130891 0.157635 0.13009 0.103383 0.10004 0.0966111 0.0830475 0.059312 0.0318586 0.012451 0.00368276 0.000901327 0.000200572 3.93017e-05 5.85503e-06 5.91151e-07 3.83365e-08
 2.87361e-10 2.18207e-08 9.76894e-07 2.57849e-05 0.000401263 0.00368181 0.0199249 0.0637006 0.121356 0.143936 0.127276 0.119795 0.122553 0.106879 0.0785601 0.0503634 0.0264192 0.010778 0.00338085 0.000803078 0.000143271 1.95846e-05 2.08574e-06 1.66948e-07 9.31982e-09
 4.12569e-10 2.99455e-08 1.28146e-06 3.2331e-05 0.000480925 0.004218 0.0218199 0.0666924 0.121563 0.138461 0.119201 0.111855 0.117026 0.109429 0.0879513 0.0578253 0.0287095 0.0107202 0.0031435 0.000726822 0.00012641 1.57539e-05 1.37316e-06 8.32663e-08 3.50206e-09
 6.06743e-10 4.20446e-08 1.71773e-06 4.1375e-05 0.000587581 0.00492015 0.0243023 0.0709613 0.123896 0.136874 0.118847 0.115454 0.119911 0.108309 0.0838742 0.0534301 0.0258835 0.00940579 0.00262952 0.000567148 9.17958e-05 1.07289e-05 8.71383e-07 4.7624e-08 1.71388e-09
 1.01809e-09 6.72777e-08 2.62115e-06 6.02081e-05 0.000815385 0.00651101 0.0306679 0.0853824 0.142038 0.148983 0.121502 0.110561 0.110259 0.097715 0.0737157 0.0441965 0.0194258 0.00625703 0.00155354 0.00030378 4.52465e-05 4.87954e-06 3.65416e-07 1.8409e-08 6.08462e-10
 1.3303e-09 8.37434e-08 3.10807e-06 6.80098e-05 0.000877412 0.00667486 0.0299624 0.0796388 0.127614 0.134207 0.121993 0.127185 0.1282 0.106361 0.0736939 0.0407854 0.0165768 0.00487173 0.00107695 0.000184111 2.39888e-05 2.29429e-06 1.54662e-07 7.08288e-09 2.13808e-10
 1.85542e-09 1.11156e-07 3.92608e-06 8.17578e-05 0.00100381 0.0072677 0.0310534 0.0786328 0.120547 0.123506 0.114174 0.123379 0.129578 0.115372 0.0846782 0.0467574 0.0180011 0.00484398 0.000957789 0.000144342 1.64372e-05 1.36759e-06 8.03168e-08 3.22951e-09 8.65219e-11
 3.15249e-09 1.79568e-07 6.03039e-06 0.000119399 0.00139384 0.00959495 0.0389788 0.0938266 0.136611 0.132377 0.114768 0.117041 0.118537 0.10327 0.0740504 0.039725 0.0149007 0.00392686 0.000753776 0.000107091 1.10958e-05 8.18468e-07 4.20512e-08 1.47274e-09 3.43974e-11
 3.58343e-09 1.93906e-07 6.18622e-06 0.00011636 0.00129048 0.0084413 0.0326202 0.0750999 0.107374 0.112817 0.122634 0.144193 0.143898 0.116592 0.0774728 0.0390827 0.0140087 0.00357864 0.000671656 9.30951e-05 9.28804e-06 6.4634e-07 3.06033e-08 9.67111e-10 2.00733e-11
 4.88072e-09 2.50701e-07 7.59222e-06 0.000135558 0.00142712 0.0088618 0.0325164 0.0711622 0.097232 0.0995572 0.109115 0.133622 0.146854 0.134893 0.0959772 0.0479028 0.0161772 0.00380798 0.000657305 8.48711e-05 8.00541e-06 5.30388e-07 2.38606e-08 7.10361e-10 1.37258e-11
 9.98985e-09 4.86752e-07 1.39829e-05 0.000236826 0.00236499 0.013929 0.0484522 0.100271 0.127983 0.117279 0.109867 0.120276 0.124199 0.108925 0.0745055 0.0361797 0.0121037 0.00285765 0.000489766 6.08991e-05 5.37787e-06 3.29613e-07 1.37323e-08 3.80692e-10 6.87719e-12
 1.40739e-08 6.50095e-07 1.77043e-05 0.000284268 0.00269132 0.0150312 0.0496409 0.0981077 0.122837 0.120126 0.12764 0.140501 0.129658 0.098105 0.0591698 0.0260646 0.0080321 0.00176782 0.00028726 3.44136e-05 2.94102e-06 1.72889e-07 6.8014e-09 1.75545e-10 2.92806e-12
 1.87319e-08 8.19846e-07 2.11555e-05 0.000321858 0.00288741 0.0152834 0.0478779 0.090144 0.109582 0.109743 0.123772 0.142201 0.138847 0.111309 0.0681343 0.0292123 0.00857976 0.00178088 0.000270692 3.01977e-05 2.40803e-06 1.32926e-07 4.93834e-09 1.20542e-10 1.89528e-12
 3.28891e-08 1.36335e-06 3.33197e-05 0.000480115 0.00407933 0.020449 0.0606477 0.10792 0.123035 0.113281 0.11751 0.129371 0.125214 0.100333 0.0612075 0.0264232 0.007988 0.00172596 0.000268209 2.94672e-05 2.23757e-06 1.15311e-07 3.96803e-09 8.96515e-11 1.30795e-12
 4.31107e-08 1.692e-06 3.91525e-05 0.000534166 0.0042977 0.0204107 0.0574963 0.0983639 0.11331 0.117469 0.13659 0.14732 0.129763 0.0935673 0.0522483 0.0210467 0.00605086 0.0012721 0.00019655 2.1699e-05 1.64827e-06 8.35947e-08 2.77178e-09 5.91928e-11 8.05102e-13
 7.5044e-08 2.78798e-06 6.10667e-05 0.000788634 0.00600584 0.0269929 0.0718889 0.115721 0.123054 0.113867 0.121815 0.131775 0.122568 0.091405 0.0496933 0.0185388 0.0047873 0.000896005 0.000125201 1.28609e-05 9.32037e-07 4.57809e-08 1.47792e-09 3.06577e-11 4.02071e-13
 9.37337e-08 3.29581e-06 6.83241e-05 0.000835136 0.00602067 0.0256386 0.0649746 0.101527 0.112826 0.12253 0.144559 0.148488 0.123531 0.0838159 0.0435775 0.0163046 0.00434401 0.000831406 0.000113676 1.09058e-05 7.21239e-07 3.23379e-08 9.64281e-10 1.87233e-11 2.32142e-13
 1.30685e-07 4.34865e-06 8.53157e-05 0.000986919 0.00673385 0.0271474 0.0652172 0.0971706 0.105122 0.11495 0.138995 0.150653 0.134457 0.0931552 0.0457864 0.0152966 0.00355287 0.000602926 7.63476e-05 7.01503e-06 4.46448e-07 1.89676e-08 5.25631e-10 9.36255e-12 1.06043e-13
 2.1554e-07 6.78762e-06 0.000126024 0.00137966 0.00890904 0.0339962 0.0773478 0.109395 0.113083 0.118822 0.137383 0.142208 0.121589 0.081015 0.0386302 0.012675 0.00289962 0.000474372 5.57867e-05 4.64479e-06 2.67974e-07 1.04737e-08 2.70771e-10 4.52513e-12 4.79737e-14
 2.60527e-07 7.76475e-06 0.000136444 0.00141382 0.00864426 0.0312842 0.0680375 0.0951182 0.106822 0.129235 0.15521 0.153892 0.123431 0.0774174 0.035182 0.0111859 0.0025207 0.000409231 4.74049e-05 3.81296e-06 2.0743e-07 7.48327e-09 1.76302e-10 2.67684e-12 2.58807e-14
 3.99713e-07 1.12757e-05 0.00018754 0.00183931 0.0106439 0.0364566 0.0750002 0.0989695 0.10458 0.120962 0.145537 0.151299 0.127145 0.0797563 0.0347154 0.0103466 0.00217702 0.000332837 3.67876e-05 2.84907e-06 1.49418e-07 5.16517e-09 1.15359e-10 1.63991e-12 1.46745e-14
 5.23632e-07 1.39829e-05 0.000220156 0.00204417 0.0112044 0.0364274 0.071839 0.0944594 0.108088 0.135567 0.159659 0.15354 0.118555 0.0694229 0.028741 0.00826138 0.00168246 0.000246608 2.57562e-05 1.86884e-06 9.17973e-08 2.98384e-09 6.28997e-11 8.4515e-13 7.13813e-15
 8.05395e-07 2.03614e-05 0.000303508 0.002668 0.013845 0.042616 0.0795641 0.0990056 0.107465 0.130213 0.153381 0.151333 0.118063 0.0670478 0.0260627 0.00691836 0.00129735 0.000176448 1.72669e-05 1.17838e-06 5.42981e-08 1.64739e-09 3.22921e-11 4.02964e-13 3.16331e-15
 1.1926e-06 2.85483e-05 0.000402936 0.00335412 0.0164878 0.0481516 0.085889 0.10466 0.115777 0.14022 0.156321 0.142614 0.103338 0.0554714 0.0207713 0.00538453 0.000986032 0.000128809 1.18488e-05 7.49857e-07 3.19247e-08 8.96206e-10 1.62855e-11 1.88475e-13 1.37095e-15
#pred catch len freq
 6.52075e-12 7.08076e-10 4.53317e-08 1.71105e-06 3.80775e-05 0.000499628 0.00386664 0.0176778 0.0481358 0.0812035 0.0993302 0.12128 0.153334 0.153371 0.115851 0.0776 0.0503747 0.0306959 0.0180383 0.0107191 0.00666727 0.004512 0.00328476 0.00227028 0.00124886
 3.56273e-12 3.8687e-10 2.47678e-08 9.34865e-07 2.08047e-05 0.000273005 0.00211356 0.00968071 0.0266039 0.0468328 0.066108 0.100251 0.144218 0.157404 0.137113 0.110302 0.0812164 0.052268 0.0303641 0.0164374 0.00862349 0.00470739 0.00281722 0.00173154 0.000912369
 7.22513e-12 7.84563e-10 5.02284e-08 1.89587e-06 4.21901e-05 0.000553564 0.00428296 0.0195557 0.0529011 0.0864596 0.0933032 0.0874825 0.093687 0.101372 0.103101 0.101238 0.0895134 0.0689776 0.0462299 0.0265958 0.0133748 0.00623169 0.00294048 0.00146697 0.000688733
 9.53538e-12 1.03543e-09 6.62891e-08 2.50208e-06 5.56805e-05 0.000730568 0.0056525 0.0258102 0.0698366 0.114264 0.123809 0.116458 0.119958 0.110983 0.0810802 0.0570869 0.0477387 0.0429616 0.0351472 0.0241785 0.0136948 0.00644473 0.00265753 0.00104832 0.000401587
 9.9317e-12 1.07846e-09 6.90443e-08 2.60608e-06 5.79948e-05 0.000760936 0.00588757 0.0268859 0.0727796 0.119341 0.130525 0.125778 0.132715 0.124166 0.0900927 0.0576727 0.0369428 0.0247214 0.0186063 0.0144983 0.00984609 0.00534702 0.00230031 0.000817486 0.000254932
 1.1365e-11 1.2341e-09 7.90083e-08 2.98217e-06 6.63642e-05 0.00087074 0.00673679 0.0307558 0.0831432 0.135433 0.143958 0.128656 0.126134 0.115521 0.0848115 0.0557171 0.0356327 0.0214138 0.0125364 0.00783432 0.00522494 0.00320894 0.00157799 0.000592086 0.000171987
 1.19145e-11 1.29377e-09 8.28282e-08 3.12635e-06 6.95728e-05 0.000912839 0.00706253 0.0322434 0.0871725 0.142057 0.151269 0.135725 0.132805 0.118692 0.0811632 0.0473906 0.0278086 0.0163159 0.00917132 0.00491398 0.00262688 0.0014495 0.000745807 0.00030801 9.41954e-05
 1.11513e-11 1.2109e-09 7.75228e-08 2.9261e-06 6.51165e-05 0.000854376 0.00661046 0.0301854 0.0816882 0.133763 0.145427 0.137887 0.142485 0.129468 0.0876602 0.0492494 0.0267888 0.0141193 0.00716576 0.00355891 0.00169756 0.000781477 0.000351803 0.000143431 4.62342e-05
 1.16748e-11 1.26774e-09 8.1162e-08 3.06346e-06 6.81732e-05 0.000894478 0.00692054 0.0315966 0.0854438 0.139401 0.149194 0.135778 0.135109 0.122411 0.0854994 0.0510141 0.0290134 0.0151172 0.00715237 0.00318404 0.00134915 0.000544432 0.000208488 7.43807e-05 2.28919e-05
 1.27493e-11 1.38442e-09 8.86319e-08 3.34541e-06 7.44476e-05 0.000976795 0.00755718 0.0344977 0.0932114 0.151451 0.159188 0.137657 0.129327 0.113736 0.0774279 0.0447333 0.0252168 0.0135626 0.00666881 0.00294843 0.00116096 0.000413994 0.00013613 4.1218e-05 1.11052e-05
 1.33573e-11 1.45044e-09 9.28586e-08 3.50495e-06 7.79978e-05 0.00102337 0.00791748 0.0361407 0.097628 0.158442 0.165668 0.141011 0.129673 0.111699 0.0730032 0.0389419 0.020104 0.0102184 0.00492613 0.00220951 0.000885022 0.000306754 9.15326e-05 2.38218e-05 5.42912e-06
 1.31396e-11 1.4268e-09 9.13453e-08 3.44783e-06 7.67267e-05 0.0010067 0.00778856 0.0355543 0.096072 0.156144 0.164324 0.142518 0.133816 0.115781 0.0746959 0.0384095 0.0186572 0.00875595 0.0038554 0.00161283 0.000628152 0.00021766 6.41388e-05 1.56267e-05 3.13153e-06
 1.36519e-11 1.48243e-09 9.49068e-08 3.58226e-06 7.97182e-05 0.00104595 0.00809209 0.0369372 0.0997719 0.161859 0.168949 0.143039 0.130539 0.111494 0.0714702 0.0363786 0.0173326 0.00785759 0.00325747 0.00125111 0.000444791 0.000143992 4.10485e-05 9.79161e-06 1.86947e-06
 1.37382e-11 1.49181e-09 9.55068e-08 3.60491e-06 8.02222e-05 0.00105256 0.00814326 0.037171 0.100407 0.162919 0.170188 0.144394 0.131936 0.112134 0.0705586 0.0344242 0.0155602 0.00680443 0.00274349 0.00101179 0.000336609 9.9714e-05 2.60444e-05 5.83297e-06 1.06887e-06
 1.27997e-11 1.3899e-09 8.89825e-08 3.35865e-06 7.47422e-05 0.000980664 0.00758727 0.0346387 0.0936426 0.152554 0.162216 0.144839 0.140178 0.121875 0.0768556 0.0371671 0.0164473 0.00693694 0.00266192 0.000934889 0.000297872 8.3668e-05 2.02704e-05 4.15578e-06 7.03032e-07
 1.39144e-11 1.51093e-09 9.67313e-08 3.65112e-06 8.12507e-05 0.00106605 0.0082476 0.0376462 0.101676 0.164855 0.171642 0.1442 0.130258 0.110351 0.0697408 0.0343686 0.0155617 0.00660957 0.00249996 0.00084831 0.000257413 6.85192e-05 1.56981e-05 3.01237e-06 4.70434e-07
 1.54707e-11 1.67993e-09 1.07551e-07 4.0595e-06 9.03384e-05 0.00118528 0.00916969 0.0418473 0.112916 0.182222 0.185715 0.145818 0.120233 0.0968096 0.0587726 0.0269549 0.0111757 0.00454463 0.00172062 0.000588406 0.000176691 4.54911e-05 9.91538e-06 1.79511e-06 2.62882e-07
 1.51709e-11 1.64738e-09 1.05467e-07 3.98084e-06 8.8588e-05 0.00116232 0.00899212 0.041039 0.110762 0.178972 0.183458 0.14676 0.124105 0.100821 0.0606291 0.0268716 0.0104483 0.00392047 0.00136185 0.000435824 0.000127544 3.2661e-05 7.01757e-06 1.22751e-06 1.70854e-07
 1.53413e-11 1.66589e-09 1.06652e-07 4.02556e-06 8.95832e-05 0.00117537 0.00909311 0.0414993 0.111997 0.180902 0.185129 0.147296 0.123566 0.0997514 0.0593774 0.0256528 0.00952982 0.00339172 0.00110628 0.000325951 8.72411e-05 2.08029e-05 4.29744e-06 7.37355e-07 1.00407e-07
 1.64301e-11 1.78411e-09 1.1422e-07 4.31125e-06 9.59407e-05 0.00125878 0.00973812 0.0444371 0.119844 0.192923 0.194366 0.146754 0.113999 0.0885658 0.0523678 0.022772 0.00854154 0.00302445 0.000956491 0.000267009 6.65931e-05 1.4582e-05 2.75612e-06 4.40114e-07 5.72696e-08
 1.69399e-11 1.83947e-09 1.17764e-07 4.44502e-06 9.89174e-05 0.00129783 0.0100402 0.0458137 0.123533 0.198671 0.199257 0.148058 0.111891 0.0848963 0.0484143 0.0192257 0.00613857 0.00189111 0.000565898 0.000155355 3.77599e-05 7.85879e-06 1.38023e-06 2.02068e-07 2.41326e-08
 1.73588e-11 1.88495e-09 1.20676e-07 4.55493e-06 0.000101363 0.00132992 0.0102883 0.0469441 0.126554 0.203309 0.202872 0.148019 0.108475 0.0807942 0.0457061 0.0179318 0.00553922 0.00158633 0.00041959 9.915e-05 2.15542e-05 4.24719e-06 7.18715e-07 9.99122e-08 1.11002e-08
 1.73129e-11 1.87997e-09 1.20357e-07 4.54289e-06 0.000101096 0.00132641 0.0102612 0.0468204 0.126224 0.202807 0.202506 0.148106 0.108977 0.0813366 0.0459873 0.0179763 0.00550349 0.00155273 0.000400044 8.92396e-05 1.74437e-05 2.99085e-06 4.46045e-07 5.7016e-08 5.98965e-09
 1.81157e-11 1.96715e-09 1.25939e-07 4.75357e-06 0.000105784 0.00138791 0.0107368 0.0489868 0.132012 0.211678 0.209348 0.147789 0.102041 0.0731443 0.040728 0.0156843 0.00467011 0.00127551 0.000321417 7.04362e-05 1.3401e-05 2.1789e-06 2.95637e-07 3.32584e-08 3.07908e-09
 1.80256e-11 1.95736e-09 1.25312e-07 4.7299e-06 0.000105257 0.00138101 0.0106834 0.0487438 0.131366 0.210719 0.208753 0.148304 0.103549 0.0745449 0.0411086 0.0152623 0.00416647 0.00101369 0.000235163 4.90547e-05 9.01573e-06 1.42707e-06 1.87717e-07 2.00404e-08 1.70217e-09
 1.8123e-11 1.96794e-09 1.25989e-07 4.75547e-06 0.000105826 0.00138847 0.0107411 0.0490066 0.132067 0.211788 0.209548 0.148169 0.102563 0.0734632 0.0405309 0.015137 0.00418369 0.00102206 0.000228787 4.38412e-05 7.26427e-06 1.06054e-06 1.32461e-07 1.36305e-08 1.11608e-09
 1.90163e-11 2.06494e-09 1.32199e-07 4.98987e-06 0.000111042 0.0014569 0.0112703 0.0514171 0.138507 0.22166 0.217167 0.147833 0.0948703 0.0643582 0.0346575 0.0125503 0.00323651 0.000716104 0.000150228 2.81815e-05 4.57042e-06 6.30574e-07 7.20665e-08 6.77177e-09 5.17272e-10
 1.92584e-11 2.09123e-09 1.33882e-07 5.05338e-06 0.000112456 0.00147545 0.0114137 0.0520704 0.140252 0.224338 0.219247 0.147783 0.0928493 0.061935 0.0330533 0.0117954 0.00292752 0.000602675 0.000116078 1.99022e-05 2.95226e-06 3.82711e-07 4.20778e-08 3.77224e-09 2.68203e-10
 2.02463e-11 2.1985e-09 1.4075e-07 5.31261e-06 0.000118224 0.00155113 0.011999 0.054736 0.147372 0.23524 0.227601 0.147214 0.0840411 0.0516705 0.0266519 0.00922189 0.00212599 0.000378567 6.23274e-05 9.56348e-06 1.29155e-06 1.51985e-07 1.52054e-08 1.25803e-09 8.42368e-11
#obs catch len freq
 1.636e-11 1.58058e-09 9.00306e-08 3.02344e-06 5.98627e-05 0.000698833 0.00481125 0.0195606 0.0472954 0.0705587 0.0762312 0.0856078 0.108378 0.121126 0.118558 0.108633 0.0899889 0.0658555 0.0427075 0.0239737 0.0110093 0.00383269 0.000940342 0.000153871 1.61809e-05
 1.40679e-11 1.31093e-09 7.20219e-08 2.33288e-06 4.45519e-05 0.000501683 0.00333274 0.0130971 0.0308958 0.0470248 0.059652 0.0864169 0.122196 0.138417 0.134448 0.120292 0.0961494 0.0681233 0.0428239 0.0228931 0.00976549 0.00311215 0.000696847 0.000104244 1.00421e-05
 1.33512e-12 1.19793e-10 6.33704e-09 1.97656e-07 3.63618e-06 3.9522e-05 0.000256153 0.00103753 0.00317372 0.0103321 0.0341288 0.0829813 0.135009 0.160888 0.163124 0.146369 0.1117 0.0738604 0.0434244 0.0218232 0.0086948 0.00255501 0.0005224 7.10914e-05 6.23163e-06
 1.96193e-11 1.69216e-09 8.60479e-08 2.57975e-06 4.5599e-05 0.000475215 0.00292052 0.0105947 0.0228078 0.0299998 0.0280612 0.0310145 0.057261 0.113572 0.17357 0.188138 0.151104 0.0982979 0.0545075 0.0253121 0.00927903 0.00250489 0.000468742 5.81446e-05 4.63409e-06
 5.7804e-11 4.78516e-09 2.33547e-07 6.72039e-06 0.000114018 0.00114074 0.00673721 0.0236149 0.0505148 0.074746 0.105737 0.163188 0.200069 0.159778 0.0864923 0.0449474 0.0328099 0.0250413 0.0151181 0.00689909 0.00235398 0.000580607 9.88939e-05 1.11619e-05 8.09221e-07
 1.45277e-10 1.15261e-08 5.3915e-07 1.48688e-05 0.000241761 0.00231782 0.0131079 0.0438249 0.087655 0.111243 0.111965 0.125839 0.145213 0.137057 0.105842 0.0664892 0.0313418 0.011479 0.00413069 0.00158405 0.00051408 0.00011948 1.87381e-05 1.92585e-06 1.26766e-07
 2.88663e-10 2.19195e-08 9.81319e-07 2.59017e-05 0.000403079 0.00369842 0.020013 0.0639533 0.121547 0.142479 0.120646 0.106514 0.110206 0.106956 0.0906911 0.0630879 0.0327642 0.0123818 0.00355751 0.000851397 0.000184817 3.47084e-05 4.87322e-06 4.59583e-07 2.77105e-08
 3.43283e-10 2.49165e-08 1.06626e-06 2.69015e-05 0.000400165 0.00350988 0.018162 0.0555974 0.102154 0.120876 0.118041 0.130147 0.140735 0.122088 0.0885789 0.0556895 0.0284176 0.0112382 0.00340581 0.000778411 0.000133302 1.74502e-05 1.76751e-06 1.33143e-07 6.93315e-09
 5.49022e-10 3.80448e-08 1.55431e-06 3.74389e-05 0.000531685 0.00445218 0.021993 0.064251 0.112478 0.12585 0.114042 0.117672 0.126753 0.117496 0.0927456 0.0592539 0.0284487 0.0102937 0.00292537 0.000651461 0.000108248 1.28101e-05 1.0556e-06 6.02585e-08 2.37372e-09
 8.66232e-10 5.72423e-08 2.23018e-06 5.12274e-05 0.000693766 0.00554009 0.0261001 0.0727456 0.121708 0.131148 0.116779 0.119049 0.124106 0.110461 0.0839339 0.0519486 0.0243193 0.00854382 0.00230749 0.000478572 7.39998e-05 8.20796e-06 6.28913e-07 3.22724e-08 1.08632e-09
 1.50794e-09 9.4926e-08 3.5231e-06 7.70913e-05 0.000994565 0.00756569 0.0339516 0.090109 0.143308 0.145602 0.119565 0.112078 0.111544 0.0972454 0.0717156 0.0415774 0.0175928 0.0054701 0.00131345 0.000247275 3.51832e-05 3.59855e-06 2.54101e-07 1.20133e-08 3.71198e-10
 1.99929e-09 1.19775e-07 4.23052e-06 8.80975e-05 0.00108165 0.00783126 0.0334614 0.0847304 0.129892 0.133 0.122233 0.128871 0.127635 0.103641 0.0701451 0.0375298 0.0146606 0.00414677 0.00088396 0.000145342 1.81025e-05 1.64377e-06 1.0455e-07 4.49385e-09 1.26799e-10
 2.85785e-09 1.62786e-07 5.46678e-06 0.00010824 0.00126358 0.00869868 0.035346 0.0851852 0.124786 0.124137 0.114952 0.124166 0.127936 0.111477 0.0794365 0.0421089 0.0155065 0.00400238 0.000761349 0.000110195 1.19852e-05 9.46552e-07 5.24734e-08 1.98183e-09 4.9662e-11
 4.90368e-09 2.65348e-07 8.4654e-06 0.000159229 0.00176584 0.0115482 0.0445751 0.102021 0.141719 0.132847 0.114603 0.116383 0.115608 0.0985233 0.0684899 0.035241 0.0126408 0.00319206 0.000587701 7.98603e-05 7.87703e-06 5.50582e-07 2.66869e-08 8.77995e-10 1.91889e-11
 5.67727e-09 2.91617e-07 8.8313e-06 0.000157682 0.00166003 0.0103082 0.0378251 0.0827958 0.113202 0.115879 0.124866 0.143526 0.139182 0.110049 0.0709273 0.0343499 0.0117827 0.00288527 0.000519106 6.87001e-05 6.509e-06 4.28082e-07 1.90796e-08 5.65586e-10 1.09781e-11
 7.9141e-09 3.85612e-07 1.10775e-05 0.000187618 0.00187366 0.0110371 0.0384268 0.0798818 0.104176 0.103374 0.111422 0.133331 0.142971 0.127658 0.0872299 0.0414901 0.0133561 0.00300889 0.00049802 6.14579e-05 5.50681e-06 3.44605e-07 1.45756e-08 4.0649e-10 7.33603e-12
 1.62247e-08 7.49442e-07 2.04098e-05 0.000327706 0.00310242 0.0173227 0.0571345 0.112184 0.136248 0.120005 0.109588 0.116975 0.117813 0.1004 0.0659626 0.0305545 0.00975288 0.00220183 0.000360611 4.26869e-05 3.57256e-06 2.06664e-07 8.09442e-09 2.10181e-10 3.54507e-12
 2.27473e-08 9.95589e-07 2.56904e-05 0.000390849 0.00350624 0.0185561 0.0580853 0.108943 0.130125 0.123132 0.127647 0.136049 0.121845 0.0896459 0.0520854 0.0219186 0.00644844 0.0013585 0.000211219 2.40967e-05 1.94943e-06 1.07946e-07 3.98475e-09 9.62075e-11 1.49725e-12
 3.0524e-08 1.26531e-06 3.09237e-05 0.000445593 0.00378613 0.0189823 0.0563432 0.100659 0.116797 0.113257 0.124433 0.138621 0.131629 0.102218 0.0599208 0.0244544 0.00684362 0.00135765 0.000197211 2.09387e-05 1.58059e-06 8.21903e-08 2.86437e-09 6.53593e-11 9.57959e-13
 5.39872e-08 2.11888e-06 4.903e-05 0.000668912 0.00538119 0.0255414 0.0717387 0.120995 0.131176 0.115848 0.116054 0.123695 0.116431 0.0902542 0.052712 0.0216933 0.00625691 0.00129007 0.000190744 1.9854e-05 1.42279e-06 6.89619e-08 2.22464e-09 4.69725e-11 6.38703e-13
 7.18343e-08 2.66873e-06 5.84549e-05 0.000754914 0.00574939 0.0258481 0.0689421 0.111767 0.122332 0.121023 0.134508 0.139427 0.119074 0.0831063 0.0444956 0.017111 0.00470183 0.000945103 0.000139071 1.45351e-05 1.03979e-06 4.94662e-08 1.53383e-09 3.05573e-11 3.86932e-13
 1.23611e-07 4.34633e-06 9.01013e-05 0.00110127 0.00793763 0.0337662 0.085129 0.129804 0.131038 0.115681 0.118698 0.124039 0.111858 0.0802169 0.0415369 0.0147275 0.0036267 0.000649288 8.66163e-05 8.44364e-06 5.77008e-07 2.65885e-08 8.02115e-10 1.5504e-11 1.89052e-13
 1.58955e-07 5.28937e-06 0.000103771 0.00120039 0.00818983 0.0330056 0.079154 0.116984 0.122648 0.125194 0.139651 0.137529 0.110802 0.0725775 0.0361141 0.012886 0.00327371 0.000596611 7.74058e-05 7.02009e-06 4.37336e-07 1.84055e-08 5.13296e-10 9.29094e-12 1.07102e-13
 2.24722e-07 7.07678e-06 0.000131393 0.00143841 0.00928803 0.0354344 0.080532 0.113335 0.115129 0.117529 0.134328 0.140008 0.120615 0.0799558 0.0373233 0.0118407 0.00262245 0.000425401 5.13185e-05 4.46173e-06 2.6705e-07 1.06248e-08 2.74894e-10 4.56069e-12 4.80177e-14
 3.66938e-07 1.09362e-05 0.00019217 0.00199106 0.0121681 0.0439409 0.0945714 0.126267 0.122311 0.119597 0.130502 0.12986 0.107154 0.0683331 0.0309752 0.00965611 0.00210262 0.000327397 3.65397e-05 2.87558e-06 1.56169e-07 5.72254e-09 1.38179e-10 2.15016e-12 2.11743e-14
 4.53678e-07 1.27981e-05 0.00021286 0.00208762 0.0120805 0.0413711 0.0850495 0.111842 0.11656 0.130237 0.147432 0.140383 0.108606 0.0652274 0.0282136 0.00853517 0.00183214 0.000282873 3.10269e-05 2.35201e-06 1.20126e-07 4.05583e-09 8.9183e-11 1.26078e-12 1.13256e-14
 7.04779e-07 1.88201e-05 0.000296308 0.00275087 0.0150681 0.0488353 0.0949134 0.117487 0.114225 0.120767 0.136707 0.136477 0.110085 0.0657439 0.027146 0.00768815 0.00154116 0.000224277 2.34869e-05 1.71405e-06 8.43171e-08 2.72417e-09 5.67047e-11 7.49633e-13 6.22698e-15
 9.33922e-07 2.36107e-05 0.000351939 0.00309364 0.0160513 0.0493699 0.0918517 0.112637 0.117353 0.134281 0.148908 0.137424 0.101909 0.0568929 0.0223711 0.00611285 0.00118474 0.00016496 1.62975e-05 1.11357e-06 5.13021e-08 1.5585e-09 3.0613e-11 3.8235e-13 2.99606e-15
 1.43915e-06 3.445e-05 0.00048622 0.00404686 0.0198809 0.0578928 0.101916 0.117994 0.115895 0.127462 0.141373 0.133705 0.0997293 0.0537696 0.0198036 0.00499221 0.00089106 0.000115197 1.06659e-05 6.85102e-07 2.9584e-08 8.3827e-10 1.53042e-11 1.77474e-13 1.29232e-15
#spawning biomass
 9577.35 9333.01 7583.26 7729.17 10584.4 16835.4 22636.7 27682 36138.7 50185.6 67158.9 86051.2 99202.1 107695 106607 93248.8 89908.9 106290 102659 113678 104624 107305 118098 125099 121967 120206 104846 100791 87015.3 91530.7 197294 225553 224296 206610 182984 159679 139602 123594 111451 102548 96176.5 91697.5 88589.9 86445.2 84944.4 83947.9 83286.1 82846.7 82554.9 82361.2 82232.5 82147.1 82090.4 82052.7 82027.7 82011.1 82000 81992.7 81987.9 81984.6 81982.5 81981.1 81980.1 81979.5 81979.1 81978.8 81978.6 81978.5 81978.4 81978.3 81978.3 81978.3 81978.3 81978.3 81978.3 81978.2 81978.2 81978.2 81978.2 81978.2 81978.2 81978.2 81978.2 81978.2 81978.2 81978.2 81978.2 81978.2 81978.2 81978.2 81978.2 81978.2 81978.2 81978.2 81978.2 81978.2 81978.2 81978.2 81978.2 81978.2 81978.2 81978.2 81978.2 81978.2 81978.2 81978.2 81978.2 81978.2 81978.2 81978.2 81978.2 81978.2 81978.2 81978.2 81978.2 81978.2 81978.2 81978.2 81978.2 81978.2 81978.2 81978.2 81978.2 81978.2 81978.2 81978.2 81978.2 81978.2 81978.2 0 0 0 0 0 0 0 0 0 0 0 0 0 0 0 0 0 0 0 0 0 0 0 0 0
