SBPRF35
0.827133
Curr Bio
128254
B35
574134
F35
0.260356
FOFL
0
OFL
0
Bzero
236324
#pred survey bio
 11976.8 10719.2 13551.1 19147.4 24255.9 29772.1 34695 40432.9 43736.4 57665.1 73029.5 86116.7 109288 133950 136397 112373 104240 99036.1 100772 101336 100620 108573 109580 119787 128023 136805 124787 103385 1.67836e+06 2.78727e+06 3.52043e+06 3.57333e+06 3.32871e+06 3.00572e+06 2.70184e+06 2.45206e+06 2.26114e+06 2.12146e+06 2.02203e+06 1.95239e+06 1.90404e+06 1.87054e+06 1.84696e+06 1.82977e+06 1.81791e+06 1.80959e+06 1.80365e+06 1.79934e+06 1.79616e+06 1.79377e+06 1.79196e+06 1.79056e+06 1.78947e+06 1.78861e+06 1.78793e+06 1.78739e+06 1.78695e+06 1.7866e+06 1.78631e+06 1.78608e+06 1.78589e+06 1.78574e+06 1.78561e+06 1.78551e+06 1.78543e+06 1.78536e+06 1.78531e+06 1.78526e+06 1.78522e+06 1.78519e+06 1.78517e+06 1.78515e+06 1.78513e+06 1.78512e+06 1.78511e+06 1.7851e+06 1.78509e+06 1.78508e+06 1.78508e+06 1.78507e+06 1.78507e+06 1.78507e+06 1.78507e+06 1.78506e+06 1.78506e+06 1.78506e+06 1.78506e+06 1.78506e+06 1.78506e+06 1.78506e+06 1.78506e+06 1.78506e+06 1.78506e+06 1.78506e+06 1.78506e+06 1.78506e+06 1.78506e+06 1.78506e+06 1.78506e+06 1.78506e+06 1.78506e+06 1.78506e+06 1.78506e+06 1.78506e+06 1.78506e+06 1.78506e+06 1.78506e+06 1.78506e+06 1.78506e+06 1.78506e+06 1.78506e+06 1.78506e+06 1.78506e+06 1.78506e+06 1.78506e+06 1.78506e+06 1.78506e+06 1.78506e+06 1.78506e+06 1.78506e+06 1.78506e+06 1.78506e+06 1.78506e+06 1.78506e+06 1.78506e+06 1.78506e+06 1.78506e+06 1.78506e+06 0 0 0 0 0 0 0 0 0 0 0 0 0 0 0 0 0 0 0 0 0 0 0 0 0
#obs survey bio
 10689.5 10768.1 16965 18494.5 22038.3 29062.2 35382.5 33137 49975 59369 79658.3 94717.2 84906 111213 117323 105327 82883.9 115502 90723.5 111888 85599.9 151489 96161.5 112856 82507 133590 120736 66880.4
#pred catch bio
 7497.91 6106.44 6916.27 10670.2 14411.6 19022.2 22215.3 28637.9 29465.2 39694.3 52034.5 61565.2 77528.2 97380.8 110109 89757.2 84476.5 79132.3 79637.1 83465.1 82454.4 91638.4 91237.4 103223 108589 120227 109918 104079 0 21990.1 33204.1 33658.7 30699.5 27125 23878.3 21266.2 19307.9 17905.8 16933.5 16274.5 15835.3 15546.2 15356.5 15231.2 15152.1 15102.2 15070.7 15050.8 15038.3 15030.4 15025.4 15022.2 15020.2 15019 15018.2 15017.7 15017.4 15017.2 15017 15017 15016.9 15016.9 15016.9 15016.8 15016.8 15016.8 15016.8 15016.8 15016.8 15016.8 15016.8 15016.8 15016.8 15016.8 15016.8 15016.8 15016.8 15016.8 15016.8 15016.8 15016.8 15016.8 15016.8 15016.8 15016.8 15016.8 15016.8 15016.8 15016.8 15016.8 15016.8 15016.8 15016.8 15016.8 15016.8 15016.8 15016.8 15016.8 15016.8 15016.8 15016.8 15016.8 15016.8 15016.8 15016.8 15016.8 15016.8 15016.8 15016.8 15016.8 15016.8 15016.8 15016.8 15016.8 15016.8 15016.8 15016.8 15016.8 15016.8 15016.8 15016.8 15016.8 15016.8 15016.8 15016.8 15016.8 15016.8 15016.8 0 0 0 0 0 0 0 0 0 0 0 0 0 0 0 0 0 0 0 0 0 0 0 0 0
#obs catch bio
 5500.52 6143.57 6712.88 10346.8 14279.6 18820.4 21832.5 28519.6 28996.5 38583.6 50776.6 59519.4 74329.8 93393.2 108460 89203.8 82951.8 77215 76540.9 80055.6 79634.8 87119.5 87815.7 99598.1 105650 118738 106017 104775
#pred cpue bio
 8795.01 7247.13 8155.7 11872.3 15330.3 18199.3 20840 24428.7 25036.5 31032.3 40162.2 47712 57395 73579.4 81567 65076.5 57512.8 53700.5 53688.8 55597.8 51868.4 54882.6 55717.5 58965.1 61630.5 67901 63878.2 55184.2 736319 2.15069e+06 3.3493e+06 3.45065e+06 3.19329e+06 2.8643e+06 2.5587e+06 2.30848e+06 2.11745e+06 1.97775e+06 1.87831e+06 1.80868e+06 1.76032e+06 1.72683e+06 1.70325e+06 1.68606e+06 1.67419e+06 1.66587e+06 1.65993e+06 1.65562e+06 1.65244e+06 1.65006e+06 1.64824e+06 1.64685e+06 1.64575e+06 1.6449e+06 1.64421e+06 1.64367e+06 1.64323e+06 1.64288e+06 1.6426e+06 1.64236e+06 1.64218e+06 1.64202e+06 1.6419e+06 1.6418e+06 1.64171e+06 1.64165e+06 1.64159e+06 1.64155e+06 1.64151e+06 1.64148e+06 1.64145e+06 1.64143e+06 1.64142e+06 1.6414e+06 1.64139e+06 1.64138e+06 1.64137e+06 1.64137e+06 1.64136e+06 1.64136e+06 1.64136e+06 1.64135e+06 1.64135e+06 1.64135e+06 1.64135e+06 1.64135e+06 1.64135e+06 1.64134e+06 1.64134e+06 1.64134e+06 1.64134e+06 1.64134e+06 1.64134e+06 1.64134e+06 1.64134e+06 1.64134e+06 1.64134e+06 1.64134e+06 1.64134e+06 1.64134e+06 1.64134e+06 1.64134e+06 1.64134e+06 1.64134e+06 1.64134e+06 1.64134e+06 1.64134e+06 1.64134e+06 1.64134e+06 1.64134e+06 1.64134e+06 1.64134e+06 1.64134e+06 1.64134e+06 1.64134e+06 1.64134e+06 1.64134e+06 1.64134e+06 1.64134e+06 1.64134e+06 1.64134e+06 1.64134e+06 1.64134e+06 1.64134e+06 1.64134e+06 1.64134e+06 1.64134e+06 1.64134e+06 0 0 0 0 0 0 0 0 0 0 0 0 0 0 0 0 0 0 0 0 0 0 0 0 0
#obs cpue bio
 6867.8 7028.53 13418.9 15764.5 18886.5 21012.5 30204 28388.2 33519.9 47045.7 46999.3 100176 112808 159795 107474 87269.9 80536.9 85923.2 91770.9 116976 97620.7 88698.4 112578 110430 118411 86882.1 123151 94379.3
#pred surv len freq
 2.56103e-27 2.58271e-27 2.83145e-26 5.4333e-20 1.33191e-14 3.94668e-10 1.41364e-06 0.00061205 0.0320325 0.202647 0.155371 0.0398555 0.194204 0.179626 0.0455214 0.0590789 0.0252696 0.0192588 0.0117631 0.00889257 0.00694637 0.00598875 0.00599651 0.00531302 0.00162153
 2.56362e-27 2.58987e-27 3.46687e-26 6.77377e-20 1.66051e-14 4.92038e-10 1.7624e-06 0.000763051 0.0399353 0.252642 0.193515 0.0378532 0.152171 0.141459 0.0503124 0.079328 0.0269863 0.0113166 0.00505537 0.00287356 0.00182721 0.0013483 0.00119639 0.00106074 0.000354838
 2.56616e-27 2.59643e-27 4.01236e-26 7.92441e-20 1.94257e-14 5.75619e-10 2.06177e-06 0.000892668 0.046719 0.295558 0.226308 0.039361 0.140604 0.130075 0.0354346 0.0483501 0.0189512 0.0116067 0.00374276 0.00118051 0.000498628 0.000279828 0.000205409 0.0001712 5.932e-05
 2.56427e-27 2.5912e-27 3.53956e-26 6.92695e-20 1.69806e-14 5.03165e-10 1.80225e-06 0.000780306 0.0408384 0.258355 0.197936 0.041527 0.177022 0.163588 0.0397175 0.0495621 0.0174818 0.00828241 0.0032559 0.001201 0.00027564 8.68803e-05 4.49975e-05 3.22782e-05 1.10774e-05
 2.56428e-27 2.59137e-27 3.57018e-26 6.9916e-20 1.71391e-14 5.07861e-10 1.81907e-06 0.000787589 0.0412196 0.260767 0.199754 0.040102 0.164901 0.152754 0.0441919 0.062466 0.0209555 0.00819049 0.0027092 0.000884294 0.000248448 4.81611e-05 1.18958e-05 6.10159e-06 1.96419e-06
 2.56507e-27 2.59342e-27 3.74073e-26 7.35136e-20 1.8021e-14 5.33994e-10 1.91268e-06 0.000828116 0.0433406 0.274185 0.210006 0.0404808 0.160581 0.148535 0.0392214 0.05223 0.0184419 0.00860662 0.00264775 0.000694288 0.000161142 3.31505e-05 4.75628e-06 1.11283e-06 2.98782e-07
 2.56485e-27 2.59267e-27 3.65998e-26 7.18095e-20 1.76032e-14 5.21615e-10 1.86834e-06 0.000808919 0.0423359 0.267829 0.205175 0.0418684 0.174535 0.161195 0.0375621 0.0451798 0.015092 0.00583471 0.0019031 0.000552307 0.000107445 1.77406e-05 2.30687e-06 2.41747e-07 3.80008e-08
 2.56478e-27 2.59252e-27 3.64996e-26 7.15982e-20 1.75514e-14 5.20081e-10 1.86284e-06 0.000806539 0.0422114 0.267041 0.204568 0.0415773 0.172745 0.159648 0.0392024 0.0492776 0.0158321 0.00510652 0.00150288 0.000383532 8.15157e-05 1.22876e-05 1.26201e-06 9.28239e-08 6.19192e-09
 2.56587e-27 2.59534e-27 3.88693e-26 7.65969e-20 1.87768e-14 5.5639e-10 1.9929e-06 0.000862848 0.0451583 0.285684 0.218811 0.0419748 0.165764 0.15296 0.033565 0.0380834 0.0121216 0.00373537 0.00101857 0.000213513 3.89448e-05 5.85858e-06 5.63879e-07 3.16948e-08 1.12666e-09
 2.56735e-27 2.59932e-27 4.23311e-26 8.38997e-20 2.0567e-14 6.09437e-10 2.1829e-06 0.000945113 0.0494638 0.312922 0.239599 0.0413734 0.146582 0.135171 0.0288319 0.0317444 0.00985782 0.00264504 0.000699842 0.0001385 2.15165e-05 2.67072e-06 2.42056e-07 1.24189e-08 3.08626e-10
 2.5661e-27 2.59579e-27 3.90935e-26 7.70692e-20 1.88926e-14 5.59821e-10 2.00518e-06 0.000868168 0.0454368 0.287446 0.220177 0.0433246 0.175076 0.161242 0.0294153 0.0264975 0.00804992 0.00189814 0.000471634 8.15555e-05 1.19096e-05 1.28687e-06 9.46645e-08 4.40311e-09 9.52294e-11
 2.56625e-27 2.59628e-27 3.95983e-26 7.81343e-20 1.91537e-14 5.67558e-10 2.0329e-06 0.000880167 0.0460648 0.291419 0.223198 0.0425572 0.167113 0.154056 0.0310793 0.0320819 0.009435 0.00166776 0.000379727 5.77938e-05 7.49649e-06 7.22986e-07 4.62271e-08 1.74835e-09 3.33215e-11
 2.56755e-27 2.59976e-27 4.26527e-26 8.45778e-20 2.07332e-14 6.14363e-10 2.20054e-06 0.000952752 0.0498636 0.315451 0.241539 0.0418999 0.149226 0.137479 0.026859 0.0266427 0.00798648 0.00167708 0.000373269 4.36846e-05 4.90496e-06 4.09339e-07 2.27581e-08 7.3526e-10 1.1467e-11
 2.56593e-27 2.59528e-27 3.86088e-26 7.60465e-20 1.86419e-14 5.52392e-10 1.97858e-06 0.000856648 0.0448339 0.283632 0.217271 0.0437573 0.18041 0.166106 0.0292176 0.0248093 0.00733769 0.00140328 0.00031647 4.2207e-05 4.248e-06 2.78063e-07 1.30367e-08 3.59089e-10 4.71193e-12
 2.56382e-27 2.58968e-27 3.37725e-26 6.58444e-20 1.6141e-14 4.78286e-10 1.71314e-06 0.000741724 0.0388192 0.245581 0.188223 0.0441697 0.203958 0.188096 0.0378546 0.0389538 0.0113472 0.0018146 0.000385874 4.78868e-05 5.07926e-06 3.39747e-07 1.27222e-08 2.83213e-10 3.11744e-12
 2.56506e-27 2.59307e-27 3.67905e-26 7.22113e-20 1.77017e-14 5.24534e-10 1.87879e-06 0.000813445 0.0425728 0.269327 0.206339 0.0431139 0.183196 0.168966 0.0349765 0.0372168 0.0109917 0.00200993 0.00042671 4.43096e-05 4.27484e-06 2.79958e-07 1.08705e-08 2.04938e-10 1.78397e-12
 2.56604e-27 2.59564e-27 3.89673e-26 7.68029e-20 1.88273e-14 5.57887e-10 1.99826e-06 0.000865169 0.0452798 0.286453 0.219418 0.0432712 0.175203 0.161393 0.0300528 0.0278987 0.00824363 0.00154193 0.000335983 3.88068e-05 3.54983e-06 1.97335e-07 7.22195e-09 1.37654e-10 1.06009e-12
 2.56609e-27 2.5957e-27 3.89445e-26 7.67545e-20 1.88154e-14 5.57535e-10 1.997e-06 0.000864624 0.0452513 0.286272 0.219291 0.0439384 0.180369 0.166008 0.0281218 0.0223239 0.00641934 0.000924262 0.000188983 2.20858e-05 2.13367e-06 1.23682e-07 3.95732e-09 6.82858e-11 5.1764e-13
 2.56668e-27 2.5973e-27 4.03838e-26 7.9791e-20 1.95598e-14 5.79592e-10 2.076e-06 0.00089883 0.0470415 0.297598 0.227929 0.0433246 0.16963 0.156145 0.0272282 0.0227637 0.00647628 0.00079875 0.000149332 1.39134e-05 1.25272e-06 7.50288e-08 2.53014e-09 4.03296e-11 2.7245e-13
 2.56571e-27 2.59465e-27 3.80079e-26 7.47788e-20 1.83311e-14 5.43184e-10 1.94559e-06 0.000842367 0.0440865 0.278903 0.21367 0.0442909 0.187002 0.172115 0.0289459 0.0226626 0.00646624 0.000842902 0.000157579 1.27095e-05 9.69054e-07 4.80554e-08 1.60096e-09 2.66693e-11 1.72851e-13
 2.56746e-27 2.59941e-27 4.22433e-26 8.37137e-20 2.05214e-14 6.08086e-10 2.17806e-06 0.000943017 0.0493541 0.312228 0.239093 0.0428405 0.158102 0.145489 0.0250054 0.0203779 0.00576942 0.000665555 0.000119704 1.00076e-05 7.33556e-07 3.0332e-08 8.23783e-10 1.26757e-11 8.43596e-14
 2.56747e-27 2.59937e-27 4.21198e-26 8.3453e-20 2.04575e-14 6.06192e-10 2.17128e-06 0.00094008 0.0492004 0.311255 0.238362 0.0435948 0.164356 0.151084 0.0228043 0.0139559 0.00392247 0.00043989 7.70611e-05 5.73771e-06 4.02553e-07 1.67258e-08 3.98883e-10 4.95396e-12 2.91337e-14
 2.5672e-27 2.59861e-27 4.14278e-26 8.19929e-20 2.00996e-14 5.95586e-10 2.13329e-06 0.000923633 0.0483396 0.30581 0.23421 0.0440084 0.17042 0.156632 0.022934 0.0128517 0.00354092 0.000282931 4.12208e-05 2.93867e-06 1.93308e-07 7.21808e-09 1.6843e-10 1.92303e-12 9.27139e-15
 2.56811e-27 2.60112e-27 4.36803e-26 8.67448e-20 2.12645e-14 6.30104e-10 2.25693e-06 0.000977163 0.0511412 0.323533 0.247728 0.0430295 0.153473 0.141067 0.0214981 0.0134945 0.00372357 0.000289731 4.02938e-05 2.16585e-06 1.14327e-07 3.98908e-09 8.46361e-11 9.05199e-13 4.0888e-15
 2.56828e-27 2.60151e-27 4.39703e-26 8.73565e-20 2.14144e-14 6.34547e-10 2.27284e-06 0.000984053 0.0515018 0.325815 0.249477 0.0434341 0.155323 0.142652 0.0195587 0.00867907 0.00236976 0.000177972 2.40337e-05 1.23601e-06 5.7509e-08 1.46655e-09 2.63779e-11 2.57183e-13 1.06872e-15
 2.56762e-27 2.59971e-27 4.23777e-26 8.39968e-20 2.05908e-14 6.10142e-10 2.18543e-06 0.000946206 0.049521 0.313284 0.239916 0.0439346 0.16585 0.152363 0.0212294 0.0100412 0.00272628 0.000167082 1.86447e-05 9.29201e-07 4.16621e-08 9.79607e-10 1.39954e-11 1.04511e-13 3.83852e-16
 2.56681e-27 2.59751e-27 4.04061e-26 7.98374e-20 1.95712e-14 5.79929e-10 2.07721e-06 0.000899352 0.0470689 0.297771 0.228083 0.0446872 0.179891 0.165282 0.0228367 0.0104536 0.00283443 0.000171684 1.86726e-05 7.84202e-07 2.79997e-08 6.23888e-10 8.3936e-12 5.28175e-14 1.47508e-16
 2.56583e-27 2.59486e-27 3.80756e-26 7.49212e-20 1.8366e-14 5.44218e-10 1.9493e-06 0.000843972 0.0441704 0.279435 0.214091 0.0452614 0.194091 0.178421 0.0257856 0.0138657 0.00377725 0.00023037 2.52439e-05 1.05296e-06 3.57848e-08 6.4328e-10 7.28132e-12 4.28435e-14 1.05551e-16
#obs surv len freq
 1.08528e-41 1.5063e-33 2.52714e-26 5.12498e-20 1.25633e-14 3.72273e-10 1.33342e-06 0.000577326 0.0302149 0.191149 0.14667 0.0402266 0.173661 0.146905 0.103665 0.101482 0.0438939 0.0171709 0.00387149 0.000485879 2.49898e-05 3.81459e-07 1.2976e-09 8.01182e-13 7.86616e-17
 1.60366e-41 2.22578e-33 3.7342e-26 7.57289e-20 1.85641e-14 5.50087e-10 1.97032e-06 0.000853081 0.0446469 0.282449 0.216401 0.0406756 0.126652 0.102238 0.0761099 0.0687802 0.0287081 0.0102042 0.0020498 0.00021999 9.21581e-06 1.08681e-07 2.74471e-10 1.22807e-13 8.61821e-18
 1.53859e-41 2.13546e-33 3.58267e-26 7.26559e-20 1.78107e-14 5.27765e-10 1.89037e-06 0.000818464 0.0428351 0.270989 0.20788 0.0500532 0.176804 0.128836 0.0562436 0.0423083 0.0168228 0.00537403 0.000946359 8.48945e-05 2.84315e-06 2.57059e-08 4.81267e-11 1.56077e-14 7.83315e-19
 1.07644e-41 1.49402e-33 2.50653e-26 5.08319e-20 1.24608e-14 3.69238e-10 1.32255e-06 0.000572618 0.0299686 0.189592 0.145957 0.056495 0.230264 0.1631 0.0979846 0.0657772 0.015848 0.00381648 0.000579639 4.27722e-05 1.12268e-06 7.67219e-09 1.05884e-11 2.48743e-15 8.93742e-20
 1.4976e-41 2.07858e-33 3.48724e-26 7.07206e-20 1.73363e-14 5.13707e-10 1.84001e-06 0.000796663 0.0416942 0.263771 0.2024 0.0471427 0.142146 0.104263 0.104705 0.0697385 0.0193685 0.00361889 0.000334978 1.86338e-05 3.76672e-07 1.91695e-09 1.92942e-12 3.26616e-16 8.39052e-21
 1.202e-41 1.66829e-33 2.79891e-26 5.67613e-20 1.39144e-14 4.12308e-10 1.47682e-06 0.000639412 0.0334643 0.211708 0.163204 0.0649898 0.231152 0.143941 0.078286 0.0496005 0.0189814 0.0037268 0.000294844 1.00583e-05 1.34915e-07 4.95911e-10 3.59786e-13 4.3511e-17 7.94648e-22
 1.37687e-41 1.91101e-33 3.20612e-26 6.50194e-20 1.59387e-14 4.72294e-10 1.69168e-06 0.000732439 0.0383329 0.242509 0.186601 0.0579531 0.175179 0.116621 0.109674 0.0568749 0.0128065 0.00248518 0.000222702 6.41218e-06 5.456e-08 1.24991e-10 6.16685e-14 5.23999e-18 6.74974e-23
 1.19543e-41 1.65917e-33 2.78361e-26 5.64509e-20 1.38383e-14 4.10054e-10 1.46875e-06 0.000635916 0.0332813 0.210553 0.162765 0.0722277 0.227079 0.133273 0.0937994 0.0494255 0.0147523 0.00206657 0.000135562 3.81119e-06 2.73191e-08 4.17696e-11 1.27136e-14 6.95889e-19 6.07105e-24
 1.51468e-41 2.10227e-33 3.527e-26 7.15267e-20 1.75339e-14 5.19563e-10 1.86099e-06 0.000805744 0.0421694 0.266782 0.205522 0.0644164 0.166918 0.103964 0.0962224 0.0421767 0.00956548 0.0013749 8.01393e-05 1.5924e-06 9.41465e-09 1.18347e-11 2.58209e-15 9.13937e-20 5.04162e-25
 1.51822e-41 2.10718e-33 3.53524e-26 7.16939e-20 1.75749e-14 5.20777e-10 1.86534e-06 0.000807627 0.042268 0.267408 0.206617 0.077866 0.198154 0.103658 0.066465 0.0287159 0.00718679 0.000811296 3.93305e-05 6.66648e-07 2.86278e-09 2.6654e-12 4.52992e-16 1.20847e-20 4.68687e-26
 1.09578e-41 1.52088e-33 2.55159e-26 5.17457e-20 1.26848e-14 3.75875e-10 1.34632e-06 0.000582911 0.0305073 0.193013 0.150879 0.0970198 0.25767 0.136127 0.0957399 0.0321941 0.00564671 0.000593852 2.46706e-05 3.21764e-07 1.08573e-09 7.45663e-13 8.99904e-17 1.74654e-21 5.03829e-27
 1.66146e-41 2.30599e-33 3.86878e-26 7.84581e-20 1.92331e-14 5.69911e-10 2.04133e-06 0.000883825 0.0462559 0.292639 0.225955 0.0712482 0.144866 0.094307 0.0900054 0.0288109 0.00466937 0.000346523 1.07749e-05 1.14017e-07 2.90267e-10 1.47888e-13 1.31093e-17 1.81627e-22 3.68909e-28
 1.33516e-41 1.85311e-33 3.10898e-26 6.30495e-20 1.54558e-14 4.57985e-10 1.64043e-06 0.000710249 0.0371716 0.235183 0.184253 0.110352 0.242494 0.106811 0.057946 0.0207056 0.00409092 0.000275324 6.40337e-06 4.68284e-08 8.81055e-11 3.32906e-14 2.13864e-18 2.13504e-23 3.11249e-29
 1.1171e-41 1.55046e-33 2.60122e-26 5.27522e-20 1.29316e-14 3.83186e-10 1.37251e-06 0.00059425 0.0311007 0.196783 0.15553 0.111905 0.235267 0.137787 0.103789 0.0240399 0.00298681 0.000209947 4.75275e-06 2.67273e-08 3.43843e-11 8.96071e-15 4.10832e-19 2.94563e-24 3.06438e-30
 8.76927e-42 1.21712e-33 2.04196e-26 4.14106e-20 1.01513e-14 3.00803e-10 1.07743e-06 0.000466488 0.0244142 0.154494 0.124505 0.123426 0.249188 0.159749 0.124382 0.0345201 0.00464413 0.000205999 3.54694e-06 1.80688e-08 1.87042e-11 3.45634e-15 1.07295e-19 5.25394e-25 3.81246e-31
 1.41693e-41 1.9666e-33 3.29938e-26 6.69108e-20 1.64024e-14 4.86033e-10 1.74089e-06 0.000753745 0.0394481 0.249596 0.19566 0.094772 0.16008 0.126147 0.101033 0.0283176 0.00400257 0.000187247 2.5111e-06 8.6854e-09 7.00495e-12 1.04086e-15 2.43361e-20 8.41255e-26 4.17182e-32
 9.71475e-42 1.34834e-33 2.26213e-26 4.58754e-20 1.12458e-14 3.33234e-10 1.19359e-06 0.000516784 0.0270465 0.171189 0.141188 0.162168 0.27299 0.126627 0.0725825 0.0223391 0.00320168 0.000148184 1.93393e-06 5.60111e-09 3.17867e-12 3.29639e-16 5.73077e-21 1.50716e-26 5.57292e-33
 1.43479e-41 1.9914e-33 3.34098e-26 6.77545e-20 1.66092e-14 4.92161e-10 1.76284e-06 0.00076325 0.0399455 0.252769 0.200067 0.107831 0.161266 0.136158 0.0841817 0.0152838 0.0016574 7.4989e-05 9.17862e-07 2.40255e-09 1.15031e-12 9.03855e-17 1.10035e-21 2.00298e-27 5.26562e-34
 9.99235e-42 1.38687e-33 2.32677e-26 4.71863e-20 1.15672e-14 3.42757e-10 1.2277e-06 0.000531551 0.0278194 0.176138 0.148887 0.182896 0.260453 0.121899 0.0634015 0.0163918 0.00153651 4.50685e-05 4.48322e-07 1.02857e-09 4.20527e-13 2.73008e-17 2.6264e-22 3.57843e-28 6.71682e-35
 1.28472e-41 1.78311e-33 2.99153e-26 6.06677e-20 1.4872e-14 4.40684e-10 1.57846e-06 0.000683417 0.0357675 0.226395 0.183758 0.132204 0.181303 0.152764 0.0745364 0.0115668 0.000991199 2.87169e-05 2.03528e-07 3.31134e-10 1.06628e-13 5.60556e-18 4.32145e-23 4.63823e-29 6.72186e-36
 1.41247e-41 1.96042e-33 3.28901e-26 6.67004e-20 1.63508e-14 4.84505e-10 1.73542e-06 0.000751376 0.0393243 0.248955 0.204756 0.15934 0.187405 0.101433 0.0476692 0.00969691 0.000653241 1.34714e-05 8.15868e-08 1.02743e-10 2.30101e-14 8.60169e-19 4.96224e-24 4.0861e-30 4.55862e-37
 1.12942e-41 1.56757e-33 2.62992e-26 5.33342e-20 1.30743e-14 3.87414e-10 1.38765e-06 0.000600806 0.0314443 0.199207 0.172799 0.196777 0.225395 0.122558 0.0444377 0.0063537 0.000418336 7.97295e-06 3.50942e-08 3.29309e-11 5.67967e-15 1.55174e-19 6.25258e-25 3.59428e-31 2.86527e-38
 1.37556e-41 1.90918e-33 3.20305e-26 6.49573e-20 1.59235e-14 4.71843e-10 1.69006e-06 0.000731739 0.0382968 0.242545 0.203085 0.160194 0.179018 0.12654 0.0440132 0.005322 0.000249465 3.72472e-06 1.4093e-08 1.02261e-11 1.26424e-15 2.50453e-20 7.4309e-26 3.10464e-32 1.75587e-39
 1.35285e-41 1.87767e-33 3.15018e-26 6.38851e-20 1.56607e-14 4.64055e-10 1.66217e-06 0.000719661 0.0376651 0.238689 0.206713 0.193728 0.188104 0.0974144 0.0325298 0.00426098 0.00017272 1.87965e-06 5.0884e-09 2.84408e-12 2.73622e-16 4.0194e-21 8.51557e-27 2.5257e-33 1.02328e-40
 1.18626e-41 1.64645e-33 2.76226e-26 5.60181e-20 1.37322e-14 4.06909e-10 1.45748e-06 0.000631041 0.0330274 0.209504 0.190216 0.21412 0.206883 0.112926 0.029657 0.00292471 0.000108301 1.04491e-06 2.1372e-09 8.35095e-13 5.7008e-17 6.16652e-22 9.74584e-28 2.1291e-34 6.22121e-42
 1.06247e-41 1.47464e-33 2.47401e-26 5.01724e-20 1.22992e-14 3.64447e-10 1.30539e-06 0.00056519 0.0295816 0.187856 0.177924 0.220859 0.217452 0.130223 0.032633 0.00282668 7.78257e-05 5.84681e-07 9.88975e-10 3.02264e-13 1.49124e-17 1.12282e-22 1.23777e-28 1.92124e-35 4.05572e-43
 1.04387e-41 1.44883e-33 2.43071e-26 4.92943e-20 1.20839e-14 3.58069e-10 1.28254e-06 0.000555298 0.0290645 0.184739 0.178816 0.220704 0.21714 0.133379 0.0327789 0.0027567 6.53576e-05 3.74774e-07 4.62399e-10 1.0681e-13 4.05378e-18 2.29306e-23 1.82943e-29 1.99847e-36 2.93379e-44
 1.27079e-41 1.76378e-33 2.9591e-26 6.001e-20 1.47108e-14 4.35907e-10 1.56135e-06 0.00067601 0.0353818 0.224602 0.204928 0.199846 0.192174 0.112908 0.0271789 0.00225143 5.1902e-05 2.74289e-07 2.86376e-10 5.2825e-14 1.58842e-18 7.26581e-24 4.77162e-30 4.30127e-37 5.15831e-45
#pred catch len freq
 2.55527e-27 2.56745e-27 1.52623e-26 2.68003e-20 6.56976e-15 1.94674e-10 6.97289e-07 0.0003019 0.0158003 0.0999581 0.0769604 0.0399224 0.249801 0.231445 0.0637983 0.0879465 0.0375399 0.0284659 0.0172931 0.0130187 0.0101463 0.00873911 0.0087477 0.00775014 0.00236533
 2.55686e-27 2.57209e-27 1.95111e-26 3.57637e-20 8.76704e-15 2.59783e-10 9.30499e-07 0.000402871 0.0210848 0.133389 0.102448 0.0374549 0.213122 0.198718 0.0787562 0.129905 0.0441562 0.0184284 0.00819393 0.00463511 0.00294005 0.0021672 0.00192236 0.00170429 0.000570111
 2.55914e-27 2.57783e-27 2.41186e-26 4.54817e-20 1.11493e-14 3.30373e-10 1.18334e-06 0.000512342 0.0268141 0.169634 0.130173 0.0404906 0.216744 0.201028 0.0604521 0.0877716 0.0343717 0.0209794 0.00674581 0.00211531 0.000890897 0.000499338 0.000366395 0.000305351 0.000105801
 2.55782e-27 2.57401e-27 2.05055e-26 3.78589e-20 9.28064e-15 2.75002e-10 9.85011e-07 0.000426472 0.02232 0.141203 0.108509 0.0433601 0.253801 0.234974 0.0620067 0.0825309 0.0290848 0.0137078 0.00536651 0.00197056 0.00045113 0.000141939 7.34737e-05 5.26997e-05 1.80855e-05
 2.55788e-27 2.57442e-27 2.10919e-26 3.90967e-20 9.58409e-15 2.83994e-10 1.01722e-06 0.000440417 0.0230498 0.14582 0.112001 0.0412215 0.235075 0.218221 0.0686539 0.101856 0.034127 0.0132462 0.00436509 0.00141678 0.000397044 7.68656e-05 1.89705e-05 9.7286e-06 3.13172e-06
 2.55903e-27 2.57733e-27 2.34758e-26 4.41249e-20 1.08167e-14 3.20518e-10 1.14804e-06 0.000497058 0.0260142 0.164574 0.126336 0.0421649 0.232182 0.215128 0.0604121 0.0838936 0.0295463 0.0136579 0.00418718 0.00109132 0.000252581 5.18826e-05 7.43921e-06 1.74004e-06 4.67165e-07
 2.55896e-27 2.57692e-27 2.28745e-26 4.28556e-20 1.05055e-14 3.11298e-10 1.11502e-06 0.000482759 0.0252659 0.15984 0.122753 0.0441972 0.250165 0.231372 0.0569654 0.0718171 0.0239436 0.00916369 0.00297661 0.000859023 0.000166692 2.74762e-05 3.57031e-06 3.74045e-07 5.87926e-08
 2.55939e-27 2.57808e-27 2.39097e-26 4.50394e-20 1.10409e-14 3.27161e-10 1.17184e-06 0.00050736 0.0265534 0.167985 0.128965 0.0437528 0.242419 0.224304 0.0572067 0.0740891 0.023747 0.00755514 0.00221379 0.000561351 0.000118981 1.79084e-05 1.8379e-06 1.35142e-07 9.01392e-09
 2.56035e-27 2.58048e-27 2.58555e-26 4.91437e-20 1.2047e-14 3.56974e-10 1.27862e-06 0.000553593 0.0289731 0.183292 0.140669 0.0446936 0.241355 0.222984 0.050838 0.059869 0.0190176 0.005785 0.00157137 0.00032725 5.95176e-05 8.93827e-06 8.59698e-07 4.83077e-08 1.71701e-09
 2.5622e-27 2.58542e-27 3.0129e-26 5.81587e-20 1.42569e-14 4.22457e-10 1.51317e-06 0.000655145 0.0342879 0.216915 0.166335 0.0441821 0.21943 0.202594 0.0443711 0.0502186 0.0155623 0.00411303 0.00108346 0.000212996 3.29966e-05 4.08802e-06 3.70218e-07 1.89888e-08 4.71843e-10
 2.56106e-27 2.58212e-27 2.70245e-26 5.16087e-20 1.26512e-14 3.74879e-10 1.34275e-06 0.000581361 0.0304263 0.192486 0.14772 0.0466615 0.251377 0.231721 0.0431453 0.0400685 0.0121525 0.00282179 0.000698006 0.00011988 1.74545e-05 1.88253e-06 1.38365e-07 6.4335e-09 1.39126e-10
 2.5612e-27 2.58261e-27 2.75636e-26 5.27463e-20 1.29301e-14 3.83143e-10 1.37235e-06 0.000594176 0.0310971 0.196729 0.150943 0.0455783 0.24087 0.222267 0.0458661 0.0486238 0.0142829 0.00248666 0.000563244 8.5139e-05 1.101e-05 1.05975e-06 6.77011e-08 2.55955e-09 4.87754e-11
 2.56269e-27 2.58661e-27 3.10588e-26 6.01196e-20 1.47376e-14 4.36701e-10 1.56419e-06 0.000677234 0.035444 0.224229 0.171932 0.0449507 0.221347 0.204138 0.040593 0.0411807 0.0123237 0.00254616 0.000564275 6.5589e-05 7.33902e-06 6.11203e-07 3.39499e-08 1.09641e-09 1.70968e-11
 2.56101e-27 2.58194e-27 2.68139e-26 5.11641e-20 1.25423e-14 3.7165e-10 1.33119e-06 0.000576353 0.0301643 0.190828 0.146463 0.0471765 0.256179 0.236059 0.0422262 0.0368612 0.0108881 0.00204978 0.000460057 6.09429e-05 6.11623e-06 3.99455e-07 1.8709e-08 5.15104e-10 6.75803e-12
 2.55944e-27 2.57783e-27 2.33269e-26 4.38086e-20 1.07392e-14 3.1822e-10 1.13981e-06 0.000493495 0.0258278 0.163394 0.12551 0.0469 0.268796 0.248035 0.0503853 0.0524319 0.0152516 0.00239689 0.000506686 6.24402e-05 6.60169e-06 4.40679e-07 1.64857e-08 3.66809e-10 4.03685e-12
 2.56065e-27 2.58113e-27 2.62766e-26 5.00315e-20 1.22646e-14 3.63423e-10 1.30172e-06 0.000563594 0.0294965 0.186604 0.143215 0.0458037 0.248014 0.228898 0.0477352 0.0512194 0.0151001 0.0027116 0.000572741 5.90666e-05 5.67817e-06 3.7105e-07 1.43937e-08 2.71238e-10 2.36059e-12
 2.56191e-27 2.58443e-27 2.90592e-26 5.59011e-20 1.37035e-14 4.06059e-10 1.45443e-06 0.000629715 0.032957 0.208496 0.159937 0.0461366 0.238799 0.22011 0.0410158 0.0381138 0.0112389 0.00206196 0.000446849 5.12508e-05 4.67344e-06 2.59202e-07 9.47603e-09 1.80532e-10 1.39003e-12
 2.56189e-27 2.58426e-27 2.88004e-26 5.53547e-20 1.35695e-14 4.02089e-10 1.44022e-06 0.000623559 0.0326348 0.206458 0.158396 0.0471027 0.247233 0.227689 0.0386581 0.0308171 0.00884928 0.00125121 0.000254119 2.94891e-05 2.83975e-06 1.64259e-07 5.25038e-09 9.055e-11 6.86269e-13
 2.56247e-27 2.58587e-27 3.02592e-26 5.84323e-20 1.4324e-14 4.24445e-10 1.52029e-06 0.000658228 0.0344493 0.217936 0.16715 0.0464191 0.235881 0.217277 0.037975 0.0318729 0.00905759 0.00109779 0.000203742 1.88537e-05 1.69102e-06 1.01057e-07 3.40457e-09 5.42414e-11 3.66349e-13
 2.56171e-27 2.58375e-27 2.83363e-26 5.43756e-20 1.33295e-14 3.94978e-10 1.41474e-06 0.00061253 0.0320576 0.202806 0.155611 0.0473548 0.251109 0.231241 0.038855 0.030368 0.00865295 0.00110743 0.000205585 1.64732e-05 1.25092e-06 6.18846e-08 2.05939e-09 3.42892e-11 2.22191e-13
 2.56374e-27 2.5893e-27 3.32725e-26 6.47891e-20 1.58823e-14 4.7062e-10 1.68568e-06 0.000729835 0.038197 0.241645 0.185242 0.0456703 0.217472 0.20025 0.034249 0.027664 0.00782186 0.000885826 0.000158015 1.31222e-05 9.58189e-07 3.95264e-08 1.07219e-09 1.64885e-11 1.0971e-13
 2.56405e-27 2.59003e-27 3.3804e-26 6.59099e-20 1.6157e-14 4.78761e-10 1.71484e-06 0.000742461 0.0388577 0.245825 0.188446 0.0464765 0.221355 0.203596 0.0305293 0.018348 0.00514876 0.000566568 9.84029e-05 7.27927e-06 5.08515e-07 2.10788e-08 5.02125e-10 6.23233e-12 3.66418e-14
 2.5636e-27 2.58876e-27 3.26533e-26 6.34822e-20 1.55619e-14 4.61127e-10 1.65168e-06 0.000715114 0.0374265 0.236771 0.181542 0.0470935 0.230901 0.212343 0.0309552 0.017113 0.00471022 0.000370512 5.33583e-05 3.77945e-06 2.47547e-07 9.22118e-09 2.14908e-10 2.45224e-12 1.18196e-14
 2.56506e-27 2.59277e-27 3.62514e-26 7.10728e-20 1.74226e-14 5.16264e-10 1.84917e-06 0.000800621 0.0419016 0.265081 0.203136 0.0456146 0.204475 0.188052 0.02838 0.017355 0.00478277 0.00036614 5.02992e-05 2.6888e-06 1.41145e-07 4.91239e-09 1.04096e-10 1.11262e-12 5.02436e-15
 2.56512e-27 2.59288e-27 3.62657e-26 7.11029e-20 1.743e-14 5.16482e-10 1.84995e-06 0.000800959 0.0419193 0.265194 0.203232 0.0462603 0.209321 0.192363 0.0262149 0.0113402 0.00309192 0.000228597 3.0486e-05 1.55959e-06 7.21684e-08 1.83584e-09 3.29684e-11 3.21225e-13 1.33445e-15
 2.56463e-27 2.59155e-27 3.50912e-26 6.8625e-20 1.68226e-14 4.98484e-10 1.78548e-06 0.000773047 0.0404585 0.255952 0.196181 0.0466004 0.216863 0.199328 0.0275523 0.0126332 0.0034254 0.000207163 2.27604e-05 1.12823e-06 5.03041e-08 1.17999e-09 1.68324e-11 1.25599e-13 4.6114e-16
 2.56367e-27 2.58891e-27 3.27303e-26 6.36445e-20 1.56017e-14 4.62306e-10 1.6559e-06 0.000716942 0.0375222 0.237376 0.182011 0.0475027 0.233686 0.214806 0.0294732 0.0131163 0.00355184 0.000212374 2.27446e-05 9.51026e-07 3.37377e-08 7.49819e-10 1.00724e-11 6.33335e-14 1.76809e-16
 2.56417e-27 2.59032e-27 3.40155e-26 6.63558e-20 1.62663e-14 4.82e-10 1.72644e-06 0.000747484 0.0391206 0.247488 0.189721 0.046798 0.222906 0.204937 0.0291392 0.0148367 0.00403412 0.000242567 2.61405e-05 1.08549e-06 3.66522e-08 6.57307e-10 7.42636e-12 4.36616e-14 1.07526e-16
#obs catch len freq
 5.03389e-42 6.9867e-34 1.17216e-26 2.37713e-20 5.82725e-15 1.72672e-10 6.18483e-07 0.000267782 0.0140146 0.0886618 0.0684258 0.0399 0.218534 0.186508 0.143513 0.143116 0.0642579 0.0259139 0.00605661 0.000786858 4.21964e-05 6.73285e-07 2.3868e-09 1.52821e-12 1.54835e-16
 5.73504e-42 7.95986e-34 1.33543e-26 2.70823e-20 6.63891e-15 1.96723e-10 7.04629e-07 0.00030508 0.0159667 0.101011 0.0779689 0.0437669 0.223692 0.181918 0.142827 0.130678 0.0562919 0.020696 0.00436563 0.000489608 2.13541e-05 2.62004e-07 6.87155e-10 3.18057e-13 2.29922e-17
 1.08668e-41 1.50824e-33 2.53038e-26 5.13156e-20 1.25794e-14 3.72751e-10 1.33513e-06 0.000578067 0.0302537 0.191395 0.147029 0.0451596 0.181084 0.140414 0.113597 0.0953236 0.0394036 0.0130801 0.00243997 0.000231955 8.15853e-06 7.67128e-08 1.48607e-10 4.96998e-14 2.56387e-18
 1.11812e-41 1.55188e-33 2.6036e-26 5.28006e-20 1.29434e-14 3.83538e-10 1.37377e-06 0.000594795 0.0311292 0.196935 0.151606 0.0584948 0.238086 0.164335 0.0764583 0.0538983 0.0211056 0.00625899 0.00101512 7.9949e-05 2.22837e-06 1.59493e-08 2.27957e-11 5.51053e-15 2.02994e-19
 7.81842e-42 1.08515e-33 1.82056e-26 3.69205e-20 9.05063e-15 2.68187e-10 9.60602e-07 0.000415907 0.0217669 0.137708 0.106646 0.0648755 0.274355 0.184932 0.116768 0.0714099 0.0167573 0.00380343 0.00052797 3.38858e-05 7.3411e-07 3.94705e-09 4.14123e-12 7.23297e-16 1.9047e-20
 1.25651e-41 1.74395e-33 2.92584e-26 5.93354e-20 1.45454e-14 4.31006e-10 1.54379e-06 0.000668409 0.0349819 0.221308 0.170208 0.0527876 0.172094 0.122103 0.125689 0.076034 0.0203692 0.00344679 0.000294112 1.4257e-05 2.36076e-07 9.40034e-10 7.16749e-13 9.00031e-17 1.69216e-21
 1.03909e-41 1.44219e-33 2.41957e-26 4.90683e-20 1.20285e-14 3.56427e-10 1.27666e-06 0.000552751 0.0289288 0.183017 0.141673 0.0737373 0.260216 0.153511 0.085795 0.0506133 0.0184807 0.00323849 0.000227925 6.72149e-06 7.43478e-08 2.13264e-10 1.16864e-13 1.04638e-17 1.39687e-22
 1.27735e-41 1.77288e-33 2.97437e-26 6.03196e-20 1.47866e-14 4.38155e-10 1.5694e-06 0.000679496 0.0355621 0.224981 0.173527 0.0643715 0.192365 0.123818 0.116243 0.0543398 0.0118382 0.00210429 0.000163874 3.95677e-06 2.74391e-08 4.92797e-11 1.83805e-14 1.15497e-18 1.08639e-23
 1.15064e-41 1.59701e-33 2.67932e-26 5.43361e-20 1.33199e-14 3.94692e-10 1.41372e-06 0.000612093 0.0320345 0.202668 0.157153 0.0797604 0.238973 0.134101 0.0943465 0.0458336 0.0128227 0.00159824 9.36537e-05 2.18974e-06 1.25036e-08 1.48409e-11 3.42012e-15 1.38663e-19 8.83068e-25
 1.51387e-41 2.10115e-33 3.52512e-26 7.14887e-20 1.75246e-14 5.19287e-10 1.86e-06 0.000805316 0.042147 0.266642 0.205737 0.0696569 0.171463 0.103745 0.0935202 0.037196 0.00800621 0.0010281 5.16354e-05 8.57539e-07 4.0416e-09 3.89973e-12 6.40169e-16 1.67915e-20 6.77431e-26
 1.54932e-41 2.15035e-33 3.60765e-26 7.31625e-20 1.79349e-14 5.31445e-10 1.90355e-06 0.000824171 0.0431338 0.272888 0.211192 0.0831422 0.197119 0.0986232 0.0620567 0.0247102 0.00571375 0.000570252 2.3979e-05 3.33547e-07 1.13441e-09 8.11241e-13 1.03324e-16 2.03608e-21 5.77873e-27
 1.15195e-41 1.59883e-33 2.68237e-26 5.4398e-20 1.3335e-14 3.95141e-10 1.41533e-06 0.000612789 0.032071 0.20291 0.15901 0.103795 0.253621 0.129216 0.0873961 0.0265798 0.00436684 0.000406271 1.43498e-05 1.53276e-07 4.06862e-10 2.13293e-13 1.92624e-17 2.75642e-22 5.80504e-28
 1.72128e-41 2.38903e-33 4.00809e-26 8.12832e-20 1.99256e-14 5.90433e-10 2.11483e-06 0.00091565 0.0479215 0.303179 0.234355 0.0748834 0.140653 0.0905277 0.0805193 0.0233498 0.00346244 0.000225046 5.99673e-06 5.1473e-08 1.02469e-10 3.97339e-14 2.62748e-18 2.67997e-23 3.97043e-29
 1.39745e-41 1.93957e-33 3.25403e-26 6.5991e-20 1.61769e-14 4.79352e-10 1.71696e-06 0.000743384 0.0389058 0.246161 0.19334 0.116335 0.233995 0.0987433 0.0515491 0.017051 0.00299772 0.000173705 3.4043e-06 2.02105e-08 2.96889e-11 8.50314e-15 4.06585e-19 2.98347e-24 3.169e-30
 1.18685e-41 1.64728e-33 2.76365e-26 5.60462e-20 1.37391e-14 4.07114e-10 1.45822e-06 0.000631357 0.0330427 0.209078 0.16576 0.118686 0.228614 0.131825 0.0910758 0.0189744 0.00217636 0.000132135 2.46056e-06 1.10653e-08 1.10759e-11 2.18797e-15 7.4559e-20 3.92345e-25 2.9712e-31
 9.46552e-42 1.31375e-33 2.20409e-26 4.46985e-20 1.09573e-14 3.24685e-10 1.16297e-06 0.000503526 0.0263526 0.16677 0.134988 0.131742 0.243815 0.154719 0.109873 0.0278286 0.00328109 0.00012507 1.80354e-06 7.27216e-09 5.78719e-12 8.07077e-16 1.86125e-20 6.68629e-26 3.5281e-32
 1.50317e-41 2.0863e-33 3.50021e-26 7.09835e-20 1.74008e-14 5.15616e-10 1.84685e-06 0.000799624 0.0418492 0.264795 0.207976 0.0989411 0.153536 0.120243 0.0867258 0.0222701 0.00275258 0.000108606 1.18944e-06 3.27339e-09 2.03011e-12 2.26298e-16 3.91694e-21 9.92996e-27 3.58314e-33
 1.04793e-41 1.45446e-33 2.44016e-26 4.9486e-20 1.21309e-14 3.59461e-10 1.28753e-06 0.000557456 0.0291752 0.184679 0.15309 0.170213 0.261259 0.118146 0.0628738 0.0177212 0.00219746 8.5493e-05 8.99653e-07 2.03805e-09 8.85e-13 6.88817e-17 8.84492e-22 1.70112e-27 4.57281e-34
 1.52696e-41 2.11932e-33 3.55559e-26 7.21067e-20 1.76761e-14 5.23776e-10 1.87608e-06 0.000812278 0.0425115 0.269017 0.213388 0.111421 0.153623 0.127244 0.069372 0.0114625 0.00110442 4.17349e-05 4.08408e-07 8.28999e-10 3.00905e-13 1.76524e-17 1.58584e-22 2.10957e-28 4.02243e-35
 1.08224e-41 1.50208e-33 2.52005e-26 5.11061e-20 1.25281e-14 3.71229e-10 1.32968e-06 0.000575707 0.0301304 0.190796 0.162125 0.189924 0.246824 0.112448 0.0537349 0.0124277 0.000988895 2.44859e-05 1.95785e-07 3.46032e-10 1.06575e-13 5.13821e-18 3.63479e-23 3.61564e-29 4.92654e-36
 1.38284e-41 1.91929e-33 3.22001e-26 6.53011e-20 1.60078e-14 4.74341e-10 1.69901e-06 0.000735613 0.0384993 0.243706 0.198356 0.136009 0.172913 0.140495 0.0601816 0.00845991 0.000628016 1.48877e-05 8.39148e-08 1.05614e-10 2.55668e-14 9.93822e-19 5.61269e-24 4.38564e-30 4.60605e-37
 1.508e-41 2.09301e-33 3.51145e-26 7.12115e-20 1.74567e-14 5.17273e-10 1.85279e-06 0.000802193 0.041984 0.265822 0.21926 0.161388 0.173796 0.0909784 0.0386515 0.00691672 0.000392336 6.70803e-06 3.20789e-08 3.08983e-11 5.19542e-15 1.43519e-19 6.04818e-25 3.61404e-31 2.91427e-38
 1.22266e-41 1.69697e-33 2.84702e-26 5.77371e-20 1.41536e-14 4.19396e-10 1.50221e-06 0.000650405 0.0340402 0.215698 0.187881 0.200535 0.211361 0.109758 0.0353058 0.00451449 0.000251226 3.86742e-06 1.33778e-08 9.6005e-12 1.23719e-15 2.49169e-20 7.33334e-26 3.05608e-32 1.7564e-39
 1.47632e-41 2.04903e-33 3.43767e-26 6.97153e-20 1.70899e-14 5.06405e-10 1.81386e-06 0.000785338 0.0411022 0.260353 0.218554 0.161643 0.167903 0.11172 0.0341641 0.00362774 0.000143218 1.73821e-06 5.11884e-09 2.81809e-12 2.59918e-16 3.78892e-21 8.19314e-27 2.48028e-33 1.01219e-40
 1.45115e-41 2.0141e-33 3.37907e-26 6.85268e-20 1.67985e-14 4.97771e-10 1.78294e-06 0.00077195 0.0404019 0.256093 0.222391 0.193819 0.173426 0.0849166 0.0252302 0.002852 9.56837e-05 8.39451e-07 1.77048e-09 7.48981e-13 5.3514e-17 5.77336e-22 8.91133e-28 1.91313e-34 5.58334e-42
 1.28371e-41 1.78171e-33 2.98918e-26 6.062e-20 1.48603e-14 4.40337e-10 1.57722e-06 0.000682881 0.035741 0.226797 0.206518 0.215081 0.192822 0.0977965 0.0225633 0.00193734 5.92547e-05 4.54084e-07 7.17608e-10 2.11885e-13 1.07301e-17 8.50169e-23 9.76616e-29 1.5433e-35 3.25034e-43
 1.15885e-41 1.60841e-33 2.69843e-26 5.47237e-20 1.34149e-14 3.97507e-10 1.42381e-06 0.000616459 0.0322655 0.204998 0.194681 0.222901 0.205148 0.112788 0.0247262 0.00183193 4.14909e-05 2.47799e-07 3.21735e-10 7.38723e-14 2.69906e-18 1.48829e-23 1.19122e-29 1.3345e-36 2.02557e-44
 1.14123e-41 1.58396e-33 2.65742e-26 5.38919e-20 1.3211e-14 3.91465e-10 1.40216e-06 0.000607089 0.031775 0.201858 0.190702 0.215696 0.209232 0.120532 0.0274743 0.00207862 4.32252e-05 2.12174e-07 2.19398e-10 4.18233e-14 1.29809e-18 5.97264e-24 3.85891e-30 3.4001e-37 4.01187e-45
#spawning biomass
 13711.6 12629.7 16435 23032.3 29075.5 35966 42052.5 48956.8 53593.9 71622.9 90173.7 106237 136358 165389 165285 137259 128636 122592 125244 125105 125912 136284 137353 151168 162150 172257 156133 128254 90030 149662 175739 172621 157920 140746 125183 112664 103278 96558.9 91899.1 88740.8 86635.9 85250.4 84341.3 83740.6 83361.6 83122.4 82971.5 82876.2 82816.1 82778.2 82754.3 82739.2 82729.6 82723.6 82719.8 82717.4 82715.9 82715 82714.3 82714 82713.7 82713.6 82713.5 82713.4 82713.4 82713.4 82713.3 82713.3 82713.3 82713.3 82713.3 82713.3 82713.3 82713.3 82713.3 82713.3 82713.3 82713.3 82713.3 82713.3 82713.3 82713.3 82713.3 82713.3 82713.3 82713.3 82713.3 82713.3 82713.3 82713.3 82713.3 82713.3 82713.3 82713.3 82713.3 82713.3 82713.3 82713.3 82713.3 82713.3 82713.3 82713.3 82713.3 82713.3 82713.3 82713.3 82713.3 82713.3 82713.3 82713.3 82713.3 82713.3 82713.3 82713.3 82713.3 82713.3 82713.3 82713.3 82713.3 82713.3 82713.3 82713.3 82713.3 82713.3 82713.3 82713.3 82713.3 82713.3 0 0 0 0 0 0 0 0 0 0 0 0 0 0 0 0 0 0 0 0 0 0 0 0 0
