SBPRF35
0.827133
Curr Bio
130814
B35
598068
F35
0.224817
FOFL
0
OFL
0
Bzero
236324
#pred survey bio
 11006.2 10456.7 12768.9 18432.4 23255.7 28290.1 32992.5 38357 40726.6 52385.4 67494.7 79013.2 98612.3 125026 131397 106254 97143.7 92072.1 92721.7 94512.6 91326.9 98802.5 99353.5 107227 114321 124578 115411 101351 1.89275e+06 3.58305e+06 4.06507e+06 4.04392e+06 3.76318e+06 3.39385e+06 3.03362e+06 2.72566e+06 2.48108e+06 2.29548e+06 2.15869e+06 2.05971e+06 1.98889e+06 1.93847e+06 1.90219e+06 1.87537e+06 1.85659e+06 1.84327e+06 1.83372e+06 1.82678e+06 1.82167e+06 1.81786e+06 1.81499e+06 1.81279e+06 1.8111e+06 1.80978e+06 1.80874e+06 1.80792e+06 1.80727e+06 1.80675e+06 1.80633e+06 1.806e+06 1.80572e+06 1.8055e+06 1.80532e+06 1.80518e+06 1.80506e+06 1.80496e+06 1.80488e+06 1.80482e+06 1.80476e+06 1.80472e+06 1.80468e+06 1.80465e+06 1.80463e+06 1.80461e+06 1.8046e+06 1.80458e+06 1.80457e+06 1.80456e+06 1.80456e+06 1.80455e+06 1.80455e+06 1.80454e+06 1.80454e+06 1.80454e+06 1.80453e+06 1.80453e+06 1.80453e+06 1.80453e+06 1.80453e+06 1.80453e+06 1.80453e+06 1.80453e+06 1.80453e+06 1.80453e+06 1.80453e+06 1.80453e+06 1.80453e+06 1.80453e+06 1.80453e+06 1.80453e+06 1.80453e+06 1.80453e+06 1.80453e+06 1.80453e+06 1.80453e+06 1.80453e+06 1.80452e+06 1.80452e+06 1.80452e+06 1.80452e+06 1.80452e+06 1.80452e+06 1.80452e+06 1.80452e+06 1.80452e+06 1.80452e+06 1.80452e+06 1.80452e+06 1.80452e+06 1.80452e+06 1.80452e+06 1.80452e+06 1.80452e+06 1.80452e+06 1.80452e+06 1.80452e+06 1.80452e+06 1.80452e+06 0 0 0 0 0 0 0 0 0 0 0 0 0 0 0 0 0 0 0 0 0 0 0 0 0
#obs survey bio
 10689.5 10768.1 16965 18494.5 22038.3 29062.2 35382.5 33137 49975 59369 79658.3 94717.2 84906 111213 117323 105327 82883.9 115502 90723.5 111888 85599.9 151489 96161.5 112856 82507 133590 120736 66880.4
#pred catch bio
 6292.73 6026.94 6832.19 10481.2 14167 18765.1 21861.9 28182.1 29083.8 39128.9 51275.7 60702.4 76434.6 95589.5 107970 88299.6 83094.5 77882.7 78333.3 82058.2 81097.5 90214.7 89638.7 101593 106582 118234 107817 102075 0 30067.5 34696.7 34179.1 31402.2 27914.2 24583.6 21782.9 19595.9 17968.1 16795.6 15970.9 15400.7 15011.5 14746.5 14564.8 14446 14368.3 14317.5 14284.3 14262.6 14248.4 14239.1 14233 14229.1 14226.5 14224.8 14223.7 14222.9 14222.5 14222.2 14222 14221.8 14221.7 14221.7 14221.6 14221.6 14221.6 14221.6 14221.6 14221.6 14221.6 14221.6 14221.6 14221.6 14221.6 14221.6 14221.6 14221.6 14221.6 14221.6 14221.6 14221.6 14221.6 14221.6 14221.6 14221.6 14221.6 14221.6 14221.6 14221.6 14221.6 14221.6 14221.6 14221.6 14221.6 14221.6 14221.6 14221.6 14221.6 14221.6 14221.6 14221.6 14221.6 14221.6 14221.6 14221.6 14221.6 14221.6 14221.6 14221.6 14221.6 14221.6 14221.6 14221.6 14221.6 14221.6 14221.6 14221.6 14221.6 14221.6 14221.6 14221.6 14221.6 14221.6 14221.6 14221.6 14221.6 14221.6 14221.6 0 0 0 0 0 0 0 0 0 0 0 0 0 0 0 0 0 0 0 0 0 0 0 0 0
#obs catch bio
 5500.52 6143.57 6712.88 10346.8 14279.6 18820.4 21832.5 28519.6 28996.5 38583.6 50776.6 59519.4 74329.8 93393.2 108460 89203.8 82951.8 77215 76540.9 80055.6 79634.8 87119.5 87815.7 99598.1 105650 118738 106017 104775
#pred cpue bio
 10028 9238.6 10790.4 15933.4 20127.4 24157.6 28164.1 32743.4 34051.1 42549.5 55866.7 65206.9 79165.4 103554 112888 89600.5 80388.3 75912.5 75653.7 78384.5 73157.7 79200.8 79704.3 84388.3 89386.1 99049 93342.3 82286.2 1.45503e+06 3.44561e+06 4.01749e+06 3.99775e+06 3.71703e+06 3.3477e+06 2.98747e+06 2.67951e+06 2.43493e+06 2.24934e+06 2.11254e+06 2.01356e+06 1.94274e+06 1.89232e+06 1.85604e+06 1.82922e+06 1.81044e+06 1.79713e+06 1.78757e+06 1.78063e+06 1.77552e+06 1.77171e+06 1.76884e+06 1.76664e+06 1.76495e+06 1.76363e+06 1.7626e+06 1.76178e+06 1.76113e+06 1.7606e+06 1.76019e+06 1.75985e+06 1.75958e+06 1.75935e+06 1.75917e+06 1.75903e+06 1.75891e+06 1.75881e+06 1.75873e+06 1.75867e+06 1.75862e+06 1.75857e+06 1.75854e+06 1.75851e+06 1.75848e+06 1.75846e+06 1.75845e+06 1.75844e+06 1.75843e+06 1.75842e+06 1.75841e+06 1.7584e+06 1.7584e+06 1.7584e+06 1.75839e+06 1.75839e+06 1.75839e+06 1.75839e+06 1.75838e+06 1.75838e+06 1.75838e+06 1.75838e+06 1.75838e+06 1.75838e+06 1.75838e+06 1.75838e+06 1.75838e+06 1.75838e+06 1.75838e+06 1.75838e+06 1.75838e+06 1.75838e+06 1.75838e+06 1.75838e+06 1.75838e+06 1.75838e+06 1.75838e+06 1.75838e+06 1.75838e+06 1.75838e+06 1.75838e+06 1.75838e+06 1.75838e+06 1.75838e+06 1.75838e+06 1.75838e+06 1.75838e+06 1.75838e+06 1.75838e+06 1.75838e+06 1.75838e+06 1.75838e+06 1.75838e+06 1.75838e+06 1.75838e+06 1.75838e+06 1.75838e+06 1.75838e+06 1.75838e+06 1.75838e+06 0 0 0 0 0 0 0 0 0 0 0 0 0 0 0 0 0 0 0 0 0 0 0 0 0
#obs cpue bio
 6867.8 7028.53 13418.9 15764.5 18886.5 21012.5 30204 28388.2 33519.9 47045.7 46999.3 100176 112808 159795 107474 87269.9 80536.9 85923.2 91770.9 116976 97620.7 88698.4 112578 110430 118411 86882.1 123151 94379.3
#pred surv len freq
 2.5586e-27 2.57587e-27 2.1997e-26 4.10048e-20 1.00518e-14 2.97854e-10 1.06686e-06 0.000461911 0.0241748 0.152937 0.117478 0.0439175 0.251739 0.232393 0.0490304 0.0536929 0.022011 0.0155784 0.00930468 0.00694379 0.00540948 0.0046823 0.00472941 0.00422272 0.00129291
 2.5612e-27 2.58342e-27 2.90972e-26 5.59847e-20 1.3724e-14 4.06666e-10 1.45661e-06 0.000630656 0.0330063 0.208807 0.160051 0.038364 0.179569 0.166888 0.0574153 0.0892392 0.0317359 0.0154678 0.00697554 0.00393834 0.00248206 0.00183106 0.00163791 0.00146638 0.000492672
 2.56369e-27 2.58972e-27 3.4197e-26 6.67414e-20 1.63608e-14 4.84801e-10 1.73648e-06 0.000751828 0.0393479 0.248926 0.190731 0.0412062 0.179642 0.165899 0.0380634 0.0455242 0.0211295 0.0174396 0.00637948 0.00241857 0.00104183 0.000581919 0.000428871 0.000361393 0.000125926
 2.56187e-27 2.58465e-27 2.95816e-26 5.70042e-20 1.39739e-14 4.14072e-10 1.48313e-06 0.000642141 0.0336073 0.21261 0.163037 0.0435429 0.216882 0.200215 0.0433562 0.0486912 0.0180111 0.0100709 0.0053793 0.00266612 0.000759437 0.000261069 0.000135554 9.81935e-05 3.39301e-05
 2.5619e-27 2.5849e-27 2.995e-26 5.7782e-20 1.41645e-14 4.19721e-10 1.50337e-06 0.000650902 0.0340658 0.21551 0.165229 0.0421167 0.204489 0.18912 0.0475748 0.0611185 0.0219646 0.0109695 0.00420837 0.00189561 0.000791196 0.000199412 5.61151e-05 2.91803e-05 9.46438e-06
 2.56271e-27 2.58701e-27 3.17224e-26 6.15207e-20 1.5081e-14 4.46878e-10 1.60064e-06 0.000693017 0.03627 0.229455 0.175882 0.0424751 0.199731 0.18449 0.0424171 0.0505739 0.0195872 0.0118217 0.00433168 0.00155835 0.000507426 0.000161586 3.20647e-05 8.61794e-06 2.3442e-06
 2.56251e-27 2.58629e-27 3.09171e-26 5.98213e-20 1.46645e-14 4.34535e-10 1.55643e-06 0.000673875 0.0352682 0.223117 0.171067 0.0440226 0.21489 0.198237 0.040502 0.0426488 0.0157018 0.00848525 0.00348007 0.00140272 0.00038167 9.57118e-05 2.01707e-05 3.04514e-06 5.31136e-07
 2.56251e-27 2.58631e-27 3.09579e-26 5.99073e-20 1.46856e-14 4.35159e-10 1.55867e-06 0.000674843 0.0353189 0.223437 0.171308 0.0437504 0.212651 0.196275 0.0420744 0.0466838 0.0162272 0.00733928 0.00275778 0.00107629 0.000335501 7.45379e-05 1.26973e-05 1.58972e-06 1.4968e-07
 2.56362e-27 2.58917e-27 3.33511e-26 6.49555e-20 1.59231e-14 4.71829e-10 1.69001e-06 0.00073171 0.0382951 0.242266 0.185692 0.0441815 0.205825 0.189727 0.0364008 0.0353743 0.0125227 0.00599767 0.00205305 0.000679682 0.000196541 4.73012e-05 7.27195e-06 7.29695e-07 4.53048e-08
 2.56511e-27 2.59317e-27 3.6835e-26 7.23048e-20 1.77247e-14 5.25213e-10 1.88123e-06 0.000814499 0.0426279 0.269676 0.206612 0.0435568 0.186373 0.171718 0.0321624 0.0301891 0.0101452 0.00408174 0.00142217 0.000473518 0.00011619 2.51534e-05 3.9788e-06 3.52004e-07 1.63969e-08
 2.56393e-27 2.58982e-27 3.37419e-26 6.57794e-20 1.6125e-14 4.77813e-10 1.71145e-06 0.000740991 0.0387808 0.245338 0.18806 0.0455233 0.214373 0.197328 0.0325721 0.024656 0.00815488 0.003106 0.000987242 0.000290406 7.18355e-05 1.37144e-05 1.92311e-06 1.66943e-07 6.5884e-09
 2.56414e-27 2.59046e-27 3.4359e-26 6.70814e-20 1.64442e-14 4.87271e-10 1.74532e-06 0.000755658 0.0395484 0.250194 0.191757 0.0448783 0.206866 0.19053 0.0337122 0.0289434 0.0090796 0.00265578 0.000801595 0.000218604 4.71661e-05 8.55938e-06 1.0725e-06 8.3029e-08 3.07711e-09
 2.56554e-27 2.59422e-27 3.7667e-26 7.40597e-20 1.81548e-14 5.3796e-10 1.92688e-06 0.000834267 0.0436625 0.276221 0.211619 0.0440896 0.18691 0.17206 0.0294592 0.0239036 0.0077136 0.00260624 0.0007244 0.000157786 3.11687e-05 4.97127e-06 5.66389e-07 3.89566e-08 1.29814e-09
 2.56381e-27 2.58944e-27 3.33532e-26 6.49591e-20 1.5924e-14 4.71855e-10 1.69011e-06 0.000731751 0.0382972 0.242279 0.185732 0.0460696 0.220166 0.202591 0.03203 0.0220703 0.00699869 0.00220901 0.000641885 0.000152417 2.52192e-05 3.40407e-06 3.38435e-07 2.06709e-08 6.09329e-10
 2.56171e-27 2.58387e-27 2.85283e-26 5.47809e-20 1.34289e-14 3.97922e-10 1.42529e-06 0.000617095 0.0322965 0.204317 0.156754 0.0465928 0.244507 0.22528 0.0401647 0.034903 0.0107569 0.00281642 0.000778829 0.000177787 3.16417e-05 3.93595e-06 3.18751e-07 1.66603e-08 4.30829e-10
 2.56294e-27 2.58723e-27 3.15404e-26 6.11352e-20 1.49866e-14 4.44079e-10 1.59062e-06 0.000688676 0.0360428 0.228017 0.174832 0.0454581 0.22317 0.205623 0.0372656 0.0332722 0.0107668 0.00365321 0.000981856 0.000190038 3.18178e-05 4.05331e-06 3.12789e-07 1.33453e-08 2.90897e-10
 2.56392e-27 2.58981e-27 3.37292e-26 6.57525e-20 1.61184e-14 4.77618e-10 1.71075e-06 0.000740688 0.0387649 0.245238 0.187983 0.045557 0.214683 0.197616 0.0326696 0.0247965 0.00805541 0.00282982 0.000833459 0.00019642 2.98463e-05 3.38256e-06 2.58745e-07 1.04513e-08 1.88165e-10
 2.56401e-27 2.58997e-27 3.37939e-26 6.58886e-20 1.61518e-14 4.78607e-10 1.71429e-06 0.000742222 0.0388452 0.245746 0.188381 0.0461836 0.219172 0.201623 0.0309256 0.0197857 0.00615579 0.00176867 0.00051551 0.000128532 2.30427e-05 2.69375e-06 1.81677e-07 7.06458e-09 1.18632e-10
 2.56458e-27 2.59152e-27 3.51841e-26 6.88215e-20 1.68708e-14 4.99911e-10 1.7906e-06 0.00077526 0.0405743 0.256685 0.196725 0.0456222 0.209037 0.192314 0.0300719 0.0201708 0.00609837 0.00144552 0.000381356 8.08479e-05 1.47757e-05 1.96349e-06 1.43377e-07 5.06454e-09 8.01455e-11
 2.56367e-27 2.58902e-27 3.29361e-26 6.40791e-20 1.57082e-14 4.65462e-10 1.66721e-06 0.000721838 0.0377784 0.238997 0.183233 0.0465476 0.225559 0.207499 0.0316554 0.019962 0.00607338 0.00151289 0.000380238 6.68482e-05 1.03792e-05 1.30224e-06 1.05678e-07 4.0489e-09 6.00122e-11
 2.56548e-27 2.59396e-27 3.73322e-26 7.3353e-20 1.79816e-14 5.32827e-10 1.9085e-06 0.000826307 0.0432459 0.273586 0.209621 0.0450464 0.195595 0.179895 0.0275997 0.0176576 0.00531798 0.0012323 0.000310517 5.59919e-05 7.66091e-06 7.87547e-07 5.81135e-08 2.40734e-09 3.83242e-11
 2.56534e-27 2.59351e-27 3.68617e-26 7.23601e-20 1.77382e-14 5.25615e-10 1.88266e-06 0.000815122 0.0426605 0.269883 0.206806 0.0458214 0.203471 0.187012 0.0261307 0.0125148 0.00374774 0.000877017 0.000217019 3.69193e-05 5.10211e-06 4.89728e-07 2.94708e-08 1.09216e-09 1.83229e-11
 2.56528e-27 2.5933e-27 3.66559e-26 7.1926e-20 1.76318e-14 5.22462e-10 1.87137e-06 0.000810232 0.0424046 0.268264 0.205573 0.0460523 0.206093 0.189397 0.025929 0.011446 0.00329913 0.000570021 0.000133318 2.27172e-05 3.01637e-06 2.81687e-07 1.60514e-08 4.93786e-10 7.3786e-12
 2.56619e-27 2.59582e-27 3.89072e-26 7.66753e-20 1.8796e-14 5.5696e-10 1.99494e-06 0.000863731 0.0452046 0.285977 0.219084 0.045146 0.189704 0.174329 0.0242761 0.0114684 0.00328897 0.000526006 0.000112642 1.47004e-05 1.84713e-06 1.68461e-07 9.22136e-09 2.66291e-10 3.37121e-12
 2.56641e-27 2.59637e-27 3.93484e-26 7.7606e-20 1.90242e-14 5.6372e-10 2.01915e-06 0.000874215 0.0457533 0.289448 0.221739 0.0454014 0.189783 0.174307 0.0225513 0.00754335 0.00214798 0.000361814 7.73617e-05 9.24678e-06 9.65384e-07 7.31041e-08 3.8495e-09 1.06623e-10 1.25519e-12
 2.56566e-27 2.59431e-27 3.75206e-26 7.37501e-20 1.80789e-14 5.35712e-10 1.91883e-06 0.00083078 0.04348 0.275067 0.210767 0.046012 0.202138 0.185697 0.0243672 0.00881257 0.0024543 0.000304084 5.99976e-05 7.47177e-06 7.54794e-07 4.88282e-08 2.07061e-09 5.27407e-11 5.93622e-13
 2.56482e-27 2.59202e-27 3.54713e-26 6.94268e-20 1.70192e-14 5.04308e-10 1.80635e-06 0.000782079 0.0409312 0.258942 0.198467 0.0467878 0.216683 0.199081 0.0260459 0.00927175 0.0025921 0.000341053 6.52944e-05 6.17235e-06 5.83469e-07 3.79065e-08 1.41607e-09 2.90822e-11 2.90495e-13
 2.56466e-27 2.59161e-27 3.51348e-26 6.8717e-20 1.68451e-14 4.99152e-10 1.78788e-06 0.000774083 0.0405127 0.256295 0.196444 0.0466804 0.217288 0.199691 0.0270859 0.0114879 0.00322934 0.000420723 8.09988e-05 7.99291e-06 6.72352e-07 3.52505e-08 1.27955e-09 2.37961e-11 1.94172e-13
#obs surv len freq
 1.08528e-41 1.5063e-33 2.52714e-26 5.12498e-20 1.25633e-14 3.72273e-10 1.33342e-06 0.000577326 0.0302149 0.191149 0.14667 0.0402266 0.173661 0.146905 0.103665 0.101482 0.0438939 0.0171709 0.00387149 0.000485879 2.49898e-05 3.81459e-07 1.2976e-09 8.01182e-13 7.86616e-17
 1.60366e-41 2.22578e-33 3.7342e-26 7.57289e-20 1.85641e-14 5.50087e-10 1.97032e-06 0.000853081 0.0446469 0.282449 0.216401 0.0406756 0.126652 0.102238 0.0761099 0.0687802 0.0287081 0.0102042 0.0020498 0.00021999 9.21581e-06 1.08681e-07 2.74471e-10 1.22807e-13 8.61821e-18
 1.53859e-41 2.13546e-33 3.58267e-26 7.26559e-20 1.78107e-14 5.27765e-10 1.89037e-06 0.000818464 0.0428351 0.270989 0.20788 0.0500532 0.176804 0.128836 0.0562436 0.0423083 0.0168228 0.00537403 0.000946359 8.48945e-05 2.84315e-06 2.57059e-08 4.81267e-11 1.56077e-14 7.83315e-19
 1.07644e-41 1.49402e-33 2.50653e-26 5.08319e-20 1.24608e-14 3.69238e-10 1.32255e-06 0.000572618 0.0299686 0.189592 0.145957 0.056495 0.230264 0.1631 0.0979846 0.0657772 0.015848 0.00381648 0.000579639 4.27722e-05 1.12268e-06 7.67219e-09 1.05884e-11 2.48743e-15 8.93742e-20
 1.4976e-41 2.07858e-33 3.48724e-26 7.07206e-20 1.73363e-14 5.13707e-10 1.84001e-06 0.000796663 0.0416942 0.263771 0.2024 0.0471427 0.142146 0.104263 0.104705 0.0697385 0.0193685 0.00361889 0.000334978 1.86338e-05 3.76672e-07 1.91695e-09 1.92942e-12 3.26616e-16 8.39052e-21
 1.202e-41 1.66829e-33 2.79891e-26 5.67613e-20 1.39144e-14 4.12308e-10 1.47682e-06 0.000639412 0.0334643 0.211708 0.163204 0.0649898 0.231152 0.143941 0.078286 0.0496005 0.0189814 0.0037268 0.000294844 1.00583e-05 1.34915e-07 4.95911e-10 3.59786e-13 4.3511e-17 7.94648e-22
 1.37687e-41 1.91101e-33 3.20612e-26 6.50194e-20 1.59387e-14 4.72294e-10 1.69168e-06 0.000732439 0.0383329 0.242509 0.186601 0.0579531 0.175179 0.116621 0.109674 0.0568749 0.0128065 0.00248518 0.000222702 6.41218e-06 5.456e-08 1.24991e-10 6.16685e-14 5.23999e-18 6.74974e-23
 1.19543e-41 1.65917e-33 2.78361e-26 5.64509e-20 1.38383e-14 4.10054e-10 1.46875e-06 0.000635916 0.0332813 0.210553 0.162765 0.0722277 0.227079 0.133273 0.0937994 0.0494255 0.0147523 0.00206657 0.000135562 3.81119e-06 2.73191e-08 4.17696e-11 1.27136e-14 6.95889e-19 6.07105e-24
 1.51468e-41 2.10227e-33 3.527e-26 7.15267e-20 1.75339e-14 5.19563e-10 1.86099e-06 0.000805744 0.0421694 0.266782 0.205522 0.0644164 0.166918 0.103964 0.0962224 0.0421767 0.00956548 0.0013749 8.01393e-05 1.5924e-06 9.41465e-09 1.18347e-11 2.58209e-15 9.13937e-20 5.04162e-25
 1.51822e-41 2.10718e-33 3.53524e-26 7.16939e-20 1.75749e-14 5.20777e-10 1.86534e-06 0.000807627 0.042268 0.267408 0.206617 0.077866 0.198154 0.103658 0.066465 0.0287159 0.00718679 0.000811296 3.93305e-05 6.66648e-07 2.86278e-09 2.6654e-12 4.52992e-16 1.20847e-20 4.68687e-26
 1.09578e-41 1.52088e-33 2.55159e-26 5.17457e-20 1.26848e-14 3.75875e-10 1.34632e-06 0.000582911 0.0305073 0.193013 0.150879 0.0970198 0.25767 0.136127 0.0957399 0.0321941 0.00564671 0.000593852 2.46706e-05 3.21764e-07 1.08573e-09 7.45663e-13 8.99904e-17 1.74654e-21 5.03829e-27
 1.66146e-41 2.30599e-33 3.86878e-26 7.84581e-20 1.92331e-14 5.69911e-10 2.04133e-06 0.000883825 0.0462559 0.292639 0.225955 0.0712482 0.144866 0.094307 0.0900054 0.0288109 0.00466937 0.000346523 1.07749e-05 1.14017e-07 2.90267e-10 1.47888e-13 1.31093e-17 1.81627e-22 3.68909e-28
 1.33516e-41 1.85311e-33 3.10898e-26 6.30495e-20 1.54558e-14 4.57985e-10 1.64043e-06 0.000710249 0.0371716 0.235183 0.184253 0.110352 0.242494 0.106811 0.057946 0.0207056 0.00409092 0.000275324 6.40337e-06 4.68284e-08 8.81055e-11 3.32906e-14 2.13864e-18 2.13504e-23 3.11249e-29
 1.1171e-41 1.55046e-33 2.60122e-26 5.27522e-20 1.29316e-14 3.83186e-10 1.37251e-06 0.00059425 0.0311007 0.196783 0.15553 0.111905 0.235267 0.137787 0.103789 0.0240399 0.00298681 0.000209947 4.75275e-06 2.67273e-08 3.43843e-11 8.96071e-15 4.10832e-19 2.94563e-24 3.06438e-30
 8.76927e-42 1.21712e-33 2.04196e-26 4.14106e-20 1.01513e-14 3.00803e-10 1.07743e-06 0.000466488 0.0244142 0.154494 0.124505 0.123426 0.249188 0.159749 0.124382 0.0345201 0.00464413 0.000205999 3.54694e-06 1.80688e-08 1.87042e-11 3.45634e-15 1.07295e-19 5.25394e-25 3.81246e-31
 1.41693e-41 1.9666e-33 3.29938e-26 6.69108e-20 1.64024e-14 4.86033e-10 1.74089e-06 0.000753745 0.0394481 0.249596 0.19566 0.094772 0.16008 0.126147 0.101033 0.0283176 0.00400257 0.000187247 2.5111e-06 8.6854e-09 7.00495e-12 1.04086e-15 2.43361e-20 8.41255e-26 4.17182e-32
 9.71475e-42 1.34834e-33 2.26213e-26 4.58754e-20 1.12458e-14 3.33234e-10 1.19359e-06 0.000516784 0.0270465 0.171189 0.141188 0.162168 0.27299 0.126627 0.0725825 0.0223391 0.00320168 0.000148184 1.93393e-06 5.60111e-09 3.17867e-12 3.29639e-16 5.73077e-21 1.50716e-26 5.57292e-33
 1.43479e-41 1.9914e-33 3.34098e-26 6.77545e-20 1.66092e-14 4.92161e-10 1.76284e-06 0.00076325 0.0399455 0.252769 0.200067 0.107831 0.161266 0.136158 0.0841817 0.0152838 0.0016574 7.4989e-05 9.17862e-07 2.40255e-09 1.15031e-12 9.03855e-17 1.10035e-21 2.00298e-27 5.26562e-34
 9.99235e-42 1.38687e-33 2.32677e-26 4.71863e-20 1.15672e-14 3.42757e-10 1.2277e-06 0.000531551 0.0278194 0.176138 0.148887 0.182896 0.260453 0.121899 0.0634015 0.0163918 0.00153651 4.50685e-05 4.48322e-07 1.02857e-09 4.20527e-13 2.73008e-17 2.6264e-22 3.57843e-28 6.71682e-35
 1.28472e-41 1.78311e-33 2.99153e-26 6.06677e-20 1.4872e-14 4.40684e-10 1.57846e-06 0.000683417 0.0357675 0.226395 0.183758 0.132204 0.181303 0.152764 0.0745364 0.0115668 0.000991199 2.87169e-05 2.03528e-07 3.31134e-10 1.06628e-13 5.60556e-18 4.32145e-23 4.63823e-29 6.72186e-36
 1.41247e-41 1.96042e-33 3.28901e-26 6.67004e-20 1.63508e-14 4.84505e-10 1.73542e-06 0.000751376 0.0393243 0.248955 0.204756 0.15934 0.187405 0.101433 0.0476692 0.00969691 0.000653241 1.34714e-05 8.15868e-08 1.02743e-10 2.30101e-14 8.60169e-19 4.96224e-24 4.0861e-30 4.55862e-37
 1.12942e-41 1.56757e-33 2.62992e-26 5.33342e-20 1.30743e-14 3.87414e-10 1.38765e-06 0.000600806 0.0314443 0.199207 0.172799 0.196777 0.225395 0.122558 0.0444377 0.0063537 0.000418336 7.97295e-06 3.50942e-08 3.29309e-11 5.67967e-15 1.55174e-19 6.25258e-25 3.59428e-31 2.86527e-38
 1.37556e-41 1.90918e-33 3.20305e-26 6.49573e-20 1.59235e-14 4.71843e-10 1.69006e-06 0.000731739 0.0382968 0.242545 0.203085 0.160194 0.179018 0.12654 0.0440132 0.005322 0.000249465 3.72472e-06 1.4093e-08 1.02261e-11 1.26424e-15 2.50453e-20 7.4309e-26 3.10464e-32 1.75587e-39
 1.35285e-41 1.87767e-33 3.15018e-26 6.38851e-20 1.56607e-14 4.64055e-10 1.66217e-06 0.000719661 0.0376651 0.238689 0.206713 0.193728 0.188104 0.0974144 0.0325298 0.00426098 0.00017272 1.87965e-06 5.0884e-09 2.84408e-12 2.73622e-16 4.0194e-21 8.51557e-27 2.5257e-33 1.02328e-40
 1.18626e-41 1.64645e-33 2.76226e-26 5.60181e-20 1.37322e-14 4.06909e-10 1.45748e-06 0.000631041 0.0330274 0.209504 0.190216 0.21412 0.206883 0.112926 0.029657 0.00292471 0.000108301 1.04491e-06 2.1372e-09 8.35095e-13 5.7008e-17 6.16652e-22 9.74584e-28 2.1291e-34 6.22121e-42
 1.06247e-41 1.47464e-33 2.47401e-26 5.01724e-20 1.22992e-14 3.64447e-10 1.30539e-06 0.00056519 0.0295816 0.187856 0.177924 0.220859 0.217452 0.130223 0.032633 0.00282668 7.78257e-05 5.84681e-07 9.88975e-10 3.02264e-13 1.49124e-17 1.12282e-22 1.23777e-28 1.92124e-35 4.05572e-43
 1.04387e-41 1.44883e-33 2.43071e-26 4.92943e-20 1.20839e-14 3.58069e-10 1.28254e-06 0.000555298 0.0290645 0.184739 0.178816 0.220704 0.21714 0.133379 0.0327789 0.0027567 6.53576e-05 3.74774e-07 4.62399e-10 1.0681e-13 4.05378e-18 2.29306e-23 1.82943e-29 1.99847e-36 2.93379e-44
 1.27079e-41 1.76378e-33 2.9591e-26 6.001e-20 1.47108e-14 4.35907e-10 1.56135e-06 0.00067601 0.0353818 0.224602 0.204928 0.199846 0.192174 0.112908 0.0271789 0.00225143 5.1902e-05 2.74289e-07 2.86376e-10 5.2825e-14 1.58842e-18 7.26581e-24 4.77162e-30 4.30127e-37 5.15831e-45
#pred catch len freq
 2.55663e-27 2.57056e-27 1.73833e-26 3.12722e-20 7.66601e-15 2.27158e-10 8.13641e-07 0.000352275 0.0184368 0.116637 0.0897708 0.0446057 0.276442 0.255269 0.0544963 0.0604473 0.0247866 0.0175465 0.0104804 0.00782117 0.006093 0.00527393 0.00532699 0.00475628 0.00145627
 2.55884e-27 2.57718e-27 2.37416e-26 4.46872e-20 1.09545e-14 3.24602e-10 1.16267e-06 0.000503392 0.0263457 0.166671 0.12788 0.0385709 0.203746 0.189468 0.0662545 0.103765 0.0369067 0.0179922 0.00811414 0.00458119 0.0028872 0.00212995 0.00190526 0.00170574 0.00057309
 2.56111e-27 2.58284e-27 2.82207e-26 5.41343e-20 1.32704e-14 3.93225e-10 1.40846e-06 0.000609811 0.0319153 0.201906 0.154841 0.0421264 0.21186 0.19575 0.0455041 0.0550799 0.0255716 0.02111 0.00772222 0.00292764 0.00126111 0.000704402 0.000519141 0.000437459 0.000152431
 2.55958e-27 2.57852e-27 2.42282e-26 4.57111e-20 1.12055e-14 3.32039e-10 1.18931e-06 0.000514926 0.0269493 0.17049 0.130891 0.0445837 0.247387 0.228461 0.0500625 0.0569116 0.0210568 0.0117765 0.00629046 0.00311772 0.000888074 0.000305291 0.000158515 0.000114826 3.96774e-05
 2.5598e-27 2.57929e-27 2.50746e-26 4.74973e-20 1.16434e-14 3.45015e-10 1.23578e-06 0.000535047 0.0280024 0.177152 0.135951 0.0428635 0.230742 0.213484 0.0543856 0.070553 0.0253596 0.0126678 0.00485997 0.00218912 0.000913702 0.000230288 6.48038e-05 3.36985e-05 1.09298e-05
 2.56095e-27 2.58228e-27 2.76021e-26 5.28288e-20 1.29503e-14 3.83742e-10 1.3745e-06 0.000595105 0.0311457 0.197037 0.15114 0.043199 0.222623 0.205705 0.0477881 0.0575212 0.0222821 0.0134506 0.00492858 0.00177309 0.00057735 0.000183853 3.64832e-05 9.80551e-06 2.66724e-06
 2.56078e-27 2.58163e-27 2.68342e-26 5.12082e-20 1.25531e-14 3.7197e-10 1.33233e-06 0.00057685 0.0301903 0.190992 0.146552 0.0449158 0.238912 0.220461 0.0454585 0.048383 0.0178166 0.0096299 0.00394959 0.00159197 0.000433164 0.000108625 2.28921e-05 3.45598e-06 6.02795e-07
 2.56128e-27 2.583e-27 2.80616e-26 5.37974e-20 1.31878e-14 3.90778e-10 1.3997e-06 0.000606017 0.0317167 0.200649 0.153917 0.0443489 0.229423 0.211806 0.0457726 0.0512219 0.0178073 0.00805527 0.00302687 0.00118131 0.000368237 8.18108e-05 1.39362e-05 1.74483e-06 1.64284e-07
 2.56226e-27 2.58551e-27 3.01323e-26 5.81652e-20 1.42585e-14 4.22505e-10 1.51334e-06 0.000655219 0.0342918 0.21694 0.166366 0.0449688 0.225394 0.207817 0.0401674 0.0394246 0.0139592 0.0066868 0.00228897 0.000757789 0.000219127 5.27369e-05 8.10762e-06 8.13549e-07 5.0511e-08
 2.56405e-27 2.59029e-27 3.43041e-26 6.69657e-20 1.64158e-14 4.86431e-10 1.74231e-06 0.000754355 0.0394802 0.249763 0.191417 0.0442057 0.201987 0.186147 0.0350894 0.033239 0.011172 0.00449559 0.00156639 0.000521536 0.000127973 2.77042e-05 4.38228e-06 3.877e-07 1.80596e-08
 2.56295e-27 2.58717e-27 3.13975e-26 6.08336e-20 1.49126e-14 4.41887e-10 1.58277e-06 0.000685277 0.035865 0.226892 0.173985 0.0462111 0.229495 0.211283 0.0350514 0.0268015 0.00886641 0.00337752 0.00107356 0.000315799 7.81165e-05 1.49135e-05 2.09126e-06 1.8154e-07 7.16447e-09
 2.56323e-27 2.58799e-27 3.21795e-26 6.24835e-20 1.53171e-14 4.53873e-10 1.6257e-06 0.000703864 0.0368377 0.233046 0.178673 0.04548 0.220639 0.20325 0.0361633 0.0313332 0.00983096 0.00287599 0.000868079 0.000236735 5.10781e-05 9.26931e-06 1.16145e-06 8.99155e-08 3.33233e-09
 2.56472e-27 2.59201e-27 3.57155e-26 6.99429e-20 1.71457e-14 5.08056e-10 1.81977e-06 0.000787892 0.0412354 0.260867 0.199903 0.0446457 0.199373 0.183566 0.0315887 0.0258664 0.0083485 0.00282116 0.000784152 0.000170802 3.37397e-05 5.38133e-06 6.13108e-07 4.217e-08 1.40522e-09
 2.56287e-27 2.5869e-27 3.11064e-26 6.02193e-20 1.4762e-14 4.37425e-10 1.56678e-06 0.000678358 0.0355028 0.224601 0.172244 0.046762 0.234911 0.216192 0.0343347 0.0239046 0.00758214 0.00239354 0.000695517 0.000165153 2.73263e-05 3.6885e-06 3.66713e-07 2.23981e-08 6.60242e-10
 2.56124e-27 2.58257e-27 2.73896e-26 5.23787e-20 1.284e-14 3.80472e-10 1.36279e-06 0.000590035 0.0308803 0.195358 0.149917 0.0468852 0.251536 0.231778 0.0415199 0.0363586 0.011207 0.00293466 0.000811542 0.000185255 3.29708e-05 4.10128e-06 3.3214e-07 1.73601e-08 4.48926e-10
 2.56255e-27 2.58618e-27 3.06114e-26 5.91757e-20 1.45062e-14 4.29845e-10 1.53963e-06 0.000666602 0.0348875 0.220709 0.169255 0.0456851 0.228816 0.210845 0.0383904 0.034525 0.0111737 0.00379174 0.0010191 0.000197247 3.30248e-05 4.20707e-06 3.24654e-07 1.38515e-08 3.01931e-10
 2.56378e-27 2.58941e-27 3.33762e-26 6.50078e-20 1.59359e-14 4.72209e-10 1.69137e-06 0.000732299 0.0383259 0.242461 0.185864 0.0456385 0.216792 0.199568 0.0331095 0.0253095 0.00822328 0.00288911 0.00085093 0.000200537 3.04719e-05 3.45347e-06 2.64169e-07 1.06704e-08 1.92109e-10
 2.56378e-27 2.58934e-27 3.3238e-26 6.47159e-20 1.58643e-14 4.70089e-10 1.68378e-06 0.000729012 0.0381538 0.241372 0.185044 0.0463446 0.222742 0.204918 0.0315289 0.0203324 0.00632706 0.00181809 0.000529921 0.000132126 2.36869e-05 2.76906e-06 1.86756e-07 7.26209e-09 1.21948e-10
 2.56434e-27 2.59088e-27 3.46151e-26 6.76212e-20 1.65765e-14 4.91192e-10 1.75937e-06 0.000761738 0.0398666 0.252208 0.193309 0.0457857 0.212682 0.195679 0.0306983 0.0207523 0.00627528 0.00148763 0.000392472 8.32046e-05 1.52064e-05 2.02073e-06 1.47556e-07 5.21217e-09 8.24817e-11
 2.56365e-27 2.58896e-27 3.28893e-26 6.39802e-20 1.5684e-14 4.64745e-10 1.66464e-06 0.000720724 0.0377201 0.238628 0.182952 0.0465419 0.225713 0.207646 0.031766 0.0201772 0.00613989 0.00152962 0.000384448 6.75885e-05 1.04941e-05 1.31667e-06 1.06848e-07 4.09374e-09 6.06767e-11
 2.56564e-27 2.5944e-27 3.77248e-26 7.41812e-20 1.81846e-14 5.38843e-10 1.93005e-06 0.000835636 0.0437342 0.276675 0.211978 0.0448981 0.192811 0.177333 0.0272769 0.0175663 0.00529131 0.00122624 0.000308994 5.57173e-05 7.62334e-06 7.83685e-07 5.78285e-08 2.39553e-09 3.81362e-11
 2.56574e-27 2.59461e-27 3.78374e-26 7.44186e-20 1.82428e-14 5.40567e-10 1.93622e-06 0.00083831 0.0438741 0.27756 0.212662 0.0454639 0.196635 0.180719 0.0252943 0.0121915 0.00365161 0.000854593 0.000211473 3.59758e-05 4.97173e-06 4.77214e-07 2.87177e-08 1.06425e-09 1.78547e-11
 2.56557e-27 2.59412e-27 3.73859e-26 7.34659e-20 1.80093e-14 5.33647e-10 1.91144e-06 0.000827578 0.0433125 0.274007 0.209954 0.0457787 0.200933 0.184649 0.0253205 0.0112539 0.00324449 0.000560628 0.000131124 2.23434e-05 2.96674e-06 2.77052e-07 1.57873e-08 4.85661e-10 7.25718e-12
 2.56688e-27 2.5977e-27 4.05916e-26 8.02287e-20 1.96671e-14 5.82771e-10 2.08739e-06 0.00090376 0.0472995 0.29923 0.229195 0.0445361 0.177959 0.163516 0.0228024 0.0108304 0.00310651 0.000496861 0.000106402 1.38861e-05 1.74481e-06 1.59129e-07 8.71057e-09 2.51541e-10 3.18447e-12
 2.56695e-27 2.59785e-27 4.06762e-26 8.04072e-20 1.97109e-14 5.84068e-10 2.09203e-06 0.00090577 0.0474048 0.299896 0.229709 0.0449007 0.180372 0.165647 0.021454 0.00722117 0.00205678 0.000346479 7.40841e-05 8.85504e-06 9.24485e-07 7.0007e-08 3.68641e-09 1.02106e-10 1.20201e-12
 2.56639e-27 2.59632e-27 3.93128e-26 7.75308e-20 1.90057e-14 5.63174e-10 2.0172e-06 0.000873369 0.045709 0.289168 0.221524 0.0453424 0.189484 0.174052 0.0228631 0.00831469 0.00231614 0.000286985 5.66251e-05 7.05179e-06 7.12368e-07 4.60836e-08 1.95422e-09 4.97763e-11 5.60255e-13
 2.56544e-27 2.59372e-27 3.69942e-26 7.26395e-20 1.78067e-14 5.27644e-10 1.88993e-06 0.000818269 0.0428253 0.270925 0.207608 0.0462163 0.205912 0.189168 0.0247765 0.00887258 0.0024811 0.00032647 6.25039e-05 5.90857e-06 5.58534e-07 3.62865e-08 1.35555e-09 2.78393e-11 2.78081e-13
 2.56607e-27 2.59546e-27 3.85692e-26 7.59623e-20 1.86212e-14 5.51781e-10 1.97639e-06 0.0008557 0.0447842 0.283318 0.217058 0.0454274 0.193269 0.177578 0.0241063 0.0102608 0.00288475 0.000375844 7.23597e-05 7.14042e-06 6.00642e-07 3.14908e-08 1.14308e-09 2.12581e-11 1.73462e-13
#obs catch len freq
 5.03389e-42 6.9867e-34 1.17216e-26 2.37713e-20 5.82725e-15 1.72672e-10 6.18483e-07 0.000267782 0.0140146 0.0886618 0.0684258 0.0399 0.218534 0.186508 0.143513 0.143116 0.0642579 0.0259139 0.00605661 0.000786858 4.21964e-05 6.73285e-07 2.3868e-09 1.52821e-12 1.54835e-16
 5.73504e-42 7.95986e-34 1.33543e-26 2.70823e-20 6.63891e-15 1.96723e-10 7.04629e-07 0.00030508 0.0159667 0.101011 0.0779689 0.0437669 0.223692 0.181918 0.142827 0.130678 0.0562919 0.020696 0.00436563 0.000489608 2.13541e-05 2.62004e-07 6.87155e-10 3.18057e-13 2.29922e-17
 1.08668e-41 1.50824e-33 2.53038e-26 5.13156e-20 1.25794e-14 3.72751e-10 1.33513e-06 0.000578067 0.0302537 0.191395 0.147029 0.0451596 0.181084 0.140414 0.113597 0.0953236 0.0394036 0.0130801 0.00243997 0.000231955 8.15853e-06 7.67128e-08 1.48607e-10 4.96998e-14 2.56387e-18
 1.11812e-41 1.55188e-33 2.6036e-26 5.28006e-20 1.29434e-14 3.83538e-10 1.37377e-06 0.000594795 0.0311292 0.196935 0.151606 0.0584948 0.238086 0.164335 0.0764583 0.0538983 0.0211056 0.00625899 0.00101512 7.9949e-05 2.22837e-06 1.59493e-08 2.27957e-11 5.51053e-15 2.02994e-19
 7.81842e-42 1.08515e-33 1.82056e-26 3.69205e-20 9.05063e-15 2.68187e-10 9.60602e-07 0.000415907 0.0217669 0.137708 0.106646 0.0648755 0.274355 0.184932 0.116768 0.0714099 0.0167573 0.00380343 0.00052797 3.38858e-05 7.3411e-07 3.94705e-09 4.14123e-12 7.23297e-16 1.9047e-20
 1.25651e-41 1.74395e-33 2.92584e-26 5.93354e-20 1.45454e-14 4.31006e-10 1.54379e-06 0.000668409 0.0349819 0.221308 0.170208 0.0527876 0.172094 0.122103 0.125689 0.076034 0.0203692 0.00344679 0.000294112 1.4257e-05 2.36076e-07 9.40034e-10 7.16749e-13 9.00031e-17 1.69216e-21
 1.03909e-41 1.44219e-33 2.41957e-26 4.90683e-20 1.20285e-14 3.56427e-10 1.27666e-06 0.000552751 0.0289288 0.183017 0.141673 0.0737373 0.260216 0.153511 0.085795 0.0506133 0.0184807 0.00323849 0.000227925 6.72149e-06 7.43478e-08 2.13264e-10 1.16864e-13 1.04638e-17 1.39687e-22
 1.27735e-41 1.77288e-33 2.97437e-26 6.03196e-20 1.47866e-14 4.38155e-10 1.5694e-06 0.000679496 0.0355621 0.224981 0.173527 0.0643715 0.192365 0.123818 0.116243 0.0543398 0.0118382 0.00210429 0.000163874 3.95677e-06 2.74391e-08 4.92797e-11 1.83805e-14 1.15497e-18 1.08639e-23
 1.15064e-41 1.59701e-33 2.67932e-26 5.43361e-20 1.33199e-14 3.94692e-10 1.41372e-06 0.000612093 0.0320345 0.202668 0.157153 0.0797604 0.238973 0.134101 0.0943465 0.0458336 0.0128227 0.00159824 9.36537e-05 2.18974e-06 1.25036e-08 1.48409e-11 3.42012e-15 1.38663e-19 8.83068e-25
 1.51387e-41 2.10115e-33 3.52512e-26 7.14887e-20 1.75246e-14 5.19287e-10 1.86e-06 0.000805316 0.042147 0.266642 0.205737 0.0696569 0.171463 0.103745 0.0935202 0.037196 0.00800621 0.0010281 5.16354e-05 8.57539e-07 4.0416e-09 3.89973e-12 6.40169e-16 1.67915e-20 6.77431e-26
 1.54932e-41 2.15035e-33 3.60765e-26 7.31625e-20 1.79349e-14 5.31445e-10 1.90355e-06 0.000824171 0.0431338 0.272888 0.211192 0.0831422 0.197119 0.0986232 0.0620567 0.0247102 0.00571375 0.000570252 2.3979e-05 3.33547e-07 1.13441e-09 8.11241e-13 1.03324e-16 2.03608e-21 5.77873e-27
 1.15195e-41 1.59883e-33 2.68237e-26 5.4398e-20 1.3335e-14 3.95141e-10 1.41533e-06 0.000612789 0.032071 0.20291 0.15901 0.103795 0.253621 0.129216 0.0873961 0.0265798 0.00436684 0.000406271 1.43498e-05 1.53276e-07 4.06862e-10 2.13293e-13 1.92624e-17 2.75642e-22 5.80504e-28
 1.72128e-41 2.38903e-33 4.00809e-26 8.12832e-20 1.99256e-14 5.90433e-10 2.11483e-06 0.00091565 0.0479215 0.303179 0.234355 0.0748834 0.140653 0.0905277 0.0805193 0.0233498 0.00346244 0.000225046 5.99673e-06 5.1473e-08 1.02469e-10 3.97339e-14 2.62748e-18 2.67997e-23 3.97043e-29
 1.39745e-41 1.93957e-33 3.25403e-26 6.5991e-20 1.61769e-14 4.79352e-10 1.71696e-06 0.000743384 0.0389058 0.246161 0.19334 0.116335 0.233995 0.0987433 0.0515491 0.017051 0.00299772 0.000173705 3.4043e-06 2.02105e-08 2.96889e-11 8.50314e-15 4.06585e-19 2.98347e-24 3.169e-30
 1.18685e-41 1.64728e-33 2.76365e-26 5.60462e-20 1.37391e-14 4.07114e-10 1.45822e-06 0.000631357 0.0330427 0.209078 0.16576 0.118686 0.228614 0.131825 0.0910758 0.0189744 0.00217636 0.000132135 2.46056e-06 1.10653e-08 1.10759e-11 2.18797e-15 7.4559e-20 3.92345e-25 2.9712e-31
 9.46552e-42 1.31375e-33 2.20409e-26 4.46985e-20 1.09573e-14 3.24685e-10 1.16297e-06 0.000503526 0.0263526 0.16677 0.134988 0.131742 0.243815 0.154719 0.109873 0.0278286 0.00328109 0.00012507 1.80354e-06 7.27216e-09 5.78719e-12 8.07077e-16 1.86125e-20 6.68629e-26 3.5281e-32
 1.50317e-41 2.0863e-33 3.50021e-26 7.09835e-20 1.74008e-14 5.15616e-10 1.84685e-06 0.000799624 0.0418492 0.264795 0.207976 0.0989411 0.153536 0.120243 0.0867258 0.0222701 0.00275258 0.000108606 1.18944e-06 3.27339e-09 2.03011e-12 2.26298e-16 3.91694e-21 9.92996e-27 3.58314e-33
 1.04793e-41 1.45446e-33 2.44016e-26 4.9486e-20 1.21309e-14 3.59461e-10 1.28753e-06 0.000557456 0.0291752 0.184679 0.15309 0.170213 0.261259 0.118146 0.0628738 0.0177212 0.00219746 8.5493e-05 8.99653e-07 2.03805e-09 8.85e-13 6.88817e-17 8.84492e-22 1.70112e-27 4.57281e-34
 1.52696e-41 2.11932e-33 3.55559e-26 7.21067e-20 1.76761e-14 5.23776e-10 1.87608e-06 0.000812278 0.0425115 0.269017 0.213388 0.111421 0.153623 0.127244 0.069372 0.0114625 0.00110442 4.17349e-05 4.08408e-07 8.28999e-10 3.00905e-13 1.76524e-17 1.58584e-22 2.10957e-28 4.02243e-35
 1.08224e-41 1.50208e-33 2.52005e-26 5.11061e-20 1.25281e-14 3.71229e-10 1.32968e-06 0.000575707 0.0301304 0.190796 0.162125 0.189924 0.246824 0.112448 0.0537349 0.0124277 0.000988895 2.44859e-05 1.95785e-07 3.46032e-10 1.06575e-13 5.13821e-18 3.63479e-23 3.61564e-29 4.92654e-36
 1.38284e-41 1.91929e-33 3.22001e-26 6.53011e-20 1.60078e-14 4.74341e-10 1.69901e-06 0.000735613 0.0384993 0.243706 0.198356 0.136009 0.172913 0.140495 0.0601816 0.00845991 0.000628016 1.48877e-05 8.39148e-08 1.05614e-10 2.55668e-14 9.93822e-19 5.61269e-24 4.38564e-30 4.60605e-37
 1.508e-41 2.09301e-33 3.51145e-26 7.12115e-20 1.74567e-14 5.17273e-10 1.85279e-06 0.000802193 0.041984 0.265822 0.21926 0.161388 0.173796 0.0909784 0.0386515 0.00691672 0.000392336 6.70803e-06 3.20789e-08 3.08983e-11 5.19542e-15 1.43519e-19 6.04818e-25 3.61404e-31 2.91427e-38
 1.22266e-41 1.69697e-33 2.84702e-26 5.77371e-20 1.41536e-14 4.19396e-10 1.50221e-06 0.000650405 0.0340402 0.215698 0.187881 0.200535 0.211361 0.109758 0.0353058 0.00451449 0.000251226 3.86742e-06 1.33778e-08 9.6005e-12 1.23719e-15 2.49169e-20 7.33334e-26 3.05608e-32 1.7564e-39
 1.47632e-41 2.04903e-33 3.43767e-26 6.97153e-20 1.70899e-14 5.06405e-10 1.81386e-06 0.000785338 0.0411022 0.260353 0.218554 0.161643 0.167903 0.11172 0.0341641 0.00362774 0.000143218 1.73821e-06 5.11884e-09 2.81809e-12 2.59918e-16 3.78892e-21 8.19314e-27 2.48028e-33 1.01219e-40
 1.45115e-41 2.0141e-33 3.37907e-26 6.85268e-20 1.67985e-14 4.97771e-10 1.78294e-06 0.00077195 0.0404019 0.256093 0.222391 0.193819 0.173426 0.0849166 0.0252302 0.002852 9.56837e-05 8.39451e-07 1.77048e-09 7.48981e-13 5.3514e-17 5.77336e-22 8.91133e-28 1.91313e-34 5.58334e-42
 1.28371e-41 1.78171e-33 2.98918e-26 6.062e-20 1.48603e-14 4.40337e-10 1.57722e-06 0.000682881 0.035741 0.226797 0.206518 0.215081 0.192822 0.0977965 0.0225633 0.00193734 5.92547e-05 4.54084e-07 7.17608e-10 2.11885e-13 1.07301e-17 8.50169e-23 9.76616e-29 1.5433e-35 3.25034e-43
 1.15885e-41 1.60841e-33 2.69843e-26 5.47237e-20 1.34149e-14 3.97507e-10 1.42381e-06 0.000616459 0.0322655 0.204998 0.194681 0.222901 0.205148 0.112788 0.0247262 0.00183193 4.14909e-05 2.47799e-07 3.21735e-10 7.38723e-14 2.69906e-18 1.48829e-23 1.19122e-29 1.3345e-36 2.02557e-44
 1.14123e-41 1.58396e-33 2.65742e-26 5.38919e-20 1.3211e-14 3.91465e-10 1.40216e-06 0.000607089 0.031775 0.201858 0.190702 0.215696 0.209232 0.120532 0.0274743 0.00207862 4.32252e-05 2.12174e-07 2.19398e-10 4.18233e-14 1.29809e-18 5.97264e-24 3.85891e-30 3.4001e-37 4.01187e-45
#spawning biomass
 12335 12333 15892.8 22181.6 28004.5 34648.4 40306.7 46876.4 51036.9 68002.2 85382.5 100422 129570 157863 158379 131418 122912 116856 119249 119032 120059 129591 130140 143676 154172 164812 149582 130814 108328 173130 194559 191673 176512 157469 139285 123995 112055 103167 96766.6 92264.1 89151 87025.9 85579 84587.2 83938.6 83514.5 83237.2 83055.9 82937.3 82859.8 82809.1 82775.9 82754.3 82740.1 82730.8 82724.8 82720.8 82718.2 82716.5 82715.4 82714.7 82714.2 82713.9 82713.7 82713.6 82713.5 82713.4 82713.4 82713.4 82713.3 82713.3 82713.3 82713.3 82713.3 82713.3 82713.3 82713.3 82713.3 82713.3 82713.3 82713.3 82713.3 82713.3 82713.3 82713.3 82713.3 82713.3 82713.3 82713.3 82713.3 82713.3 82713.3 82713.3 82713.3 82713.3 82713.3 82713.3 82713.3 82713.3 82713.3 82713.3 82713.3 82713.3 82713.3 82713.3 82713.3 82713.3 82713.3 82713.3 82713.3 82713.3 82713.3 82713.3 82713.3 82713.3 82713.3 82713.3 82713.3 82713.3 82713.3 82713.3 82713.3 82713.3 82713.3 82713.3 82713.3 82713.3 82713.3 0 0 0 0 0 0 0 0 0 0 0 0 0 0 0 0 0 0 0 0 0 0 0 0 0
