SBPRF35
0.256306
Curr Bio
132706
B35
189294
F35
0.393997
FOFL
0.26019
OFL
33948.6
Bzero
73230.3
#pred survey bio
 32086 21774.3 16824.2 14850.2 23899.7 35911.8 49795.3 59895.5 82682.7 117926 139142 169083 196042 207392 241123 228947 213477 201804 200974 216286 205762 211517 221636 240566 230566 219396 205346 199653 194136 6.63575e+06 3.72574e+06 2.76812e+06 1.95739e+06 1.42499e+06 1.11311e+06 940620 847608 797667 770563 755538 746975 741944 738899 737005 735799 735023 734517 734183 733960 733812 733712 733645 733600 733570 733549 733535 733526 733519 733515 733512 733510 733509 733508 733507 733507 733507 733506 733506 733506 733506 733506 733506 733506 733506 733506 733506 733506 733506 733506 733506 733506 733506 733506 733506 733506 733506 733506 733506 733506 733506 733506 733506 733506 733506 733506 733506 733506 733506 733506 733506 733506 733506 733506 733506 733506 733506 733506 733506 733506 733506 733506 733506 733506 733506 733506 733506 733506 733506 733506 733506 733506 733506 733506 733506 733506 733506 733506 733506 733506 0 0 0 0 0 0 0 0 0 0 0 0 0 0 0 0 0 0 0 0 0 0 0 0 0
#obs survey bio
 37570.5 19396.6 9979.8 19684.1 32123 42748.9 54471.5 61891.2 108578 136437 155836 171994 179676 238328 266633 257282 231355 221192 255106 232545 142591 192875 199966 219172 158822 208865 204805 181889 219938
#pred catch bio
 9906.64 3818.57 3474.48 2644.5 5648.74 7028.61 13164.9 14094.7 18096.5 41695.5 49564.5 66359.1 83662.2 69902.8 102152 104280 100138 87636.1 72295.1 89924.8 80493.4 83831.5 87630.7 110747 102259 95413.9 88424.8 87909.3 86755.8 33948.6 46840.5 33751.8 22987.6 16179.6 12370.1 10384.4 9394.1 8914.18 8685.97 8578.85 8529 8505.94 8495.31 8490.43 8488.2 8487.17 8486.71 8486.5 8486.4 8486.35 8486.33 8486.32 8486.32 8486.32 8486.32 8486.32 8486.32 8486.32 8486.32 8486.32 8486.32 8486.32 8486.32 8486.32 8486.32 8486.32 8486.32 8486.32 8486.32 8486.32 8486.32 8486.32 8486.32 8486.32 8486.32 8486.32 8486.32 8486.32 8486.32 8486.32 8486.32 8486.32 8486.32 8486.32 8486.32 8486.32 8486.32 8486.32 8486.32 8486.32 8486.32 8486.32 8486.32 8486.32 8486.32 8486.32 8486.32 8486.32 8486.32 8486.32 8486.32 8486.32 8486.32 8486.32 8486.32 8486.32 8486.32 8486.32 8486.32 8486.32 8486.32 8486.32 8486.32 8486.32 8486.32 8486.32 8486.32 8486.32 8486.32 8486.32 8486.32 8486.32 8486.32 8486.32 8486.32 8486.32 8486.32 8486.32 8486.32 0 0 0 0 0 0 0 0 0 0 0 0 0 0 0 0 0 0 0 0 0 0 0 0 0
#obs catch bio
 4078.22 3735.35 3745.28 2674.43 5679.15 6730.32 12846.1 13428.8 16976.2 40737.5 45965 64030 81688.9 67102.9 99170.6 102173 104447 91414.6 70330 85617.2 82597.8 79315.4 85591.2 109809 105607 96934.3 91767.9 88429.5 86856.7
#pred cpue bio
 31113 21421.7 16646 14133.6 21601 33213.4 46729 56142.6 76506.3 109520 128663 155956 180573 191723 224826 213728 197802 186513 186573 202280 192147 196809 205746 222631 213399 204267 191596 185334 180082 6.14456e+06 3.6777e+06 2.73546e+06 1.92515e+06 1.39275e+06 1.08088e+06 908382 815370 765429 738325 723300 714737 709706 706661 704767 703561 702785 702279 701945 701722 701574 701474 701407 701362 701332 701311 701297 701288 701281 701277 701274 701272 701271 701270 701269 701269 701269 701268 701268 701268 701268 701268 701268 701268 701268 701268 701268 701268 701268 701268 701268 701268 701268 701268 701268 701268 701268 701268 701268 701268 701268 701268 701268 701268 701268 701268 701268 701268 701268 701268 701268 701268 701268 701268 701268 701268 701268 701268 701268 701268 701268 701268 701268 701268 701268 701268 701268 701268 701268 701268 701268 701268 701268 701268 701268 701268 701268 701268 701268 701268 0 0 0 0 0 0 0 0 0 0 0 0 0 0 0 0 0 0 0 0 0 0 0 0 0
#obs cpue bio
 21294.5 19784.8 9392.55 16426.9 27803.4 40499 45906.9 78536.6 71086.9 86067.7 179204 140598 218056 184278 240605 192984 124284 142790 200469 282045 161047 418782 200058 258039 223351 213935 151147 230240 160095
#pred surv len freq
 2.3022e-11 1.08284e-09 3.52676e-08 7.95371e-07 1.24209e-05 0.000134315 0.00100576 0.00521554 0.0187362 0.046689 0.0811239 0.100265 0.0945449 0.0813959 0.0777622 0.0784356 0.0740797 0.0663831 0.0590016 0.0520067 0.0455115 0.0399409 0.0342124 0.0265155 0.0170266
 1.26916e-11 5.96954e-10 1.94424e-08 4.38475e-07 6.84746e-06 7.4047e-05 0.000554501 0.00287611 0.0103414 0.0258623 0.0455673 0.0592847 0.0653492 0.0753873 0.0928763 0.103728 0.0993848 0.0877982 0.0768688 0.0668868 0.0570213 0.0475214 0.0380147 0.0276461 0.0169492
 9.92054e-12 4.66615e-10 1.51973e-08 3.42738e-07 5.35237e-06 5.7879e-05 0.000433417 0.00224785 0.00807935 0.0201749 0.0353414 0.0450436 0.0469401 0.0501929 0.0616552 0.0773913 0.0922706 0.103334 0.105527 0.0970293 0.0824744 0.0665377 0.0505404 0.0346204 0.0201028
 3.4595e-11 1.62718e-09 5.29962e-08 1.1952e-06 1.86647e-05 0.000201832 0.00151129 0.00783611 0.0281371 0.0699856 0.120716 0.145031 0.12349 0.0795211 0.0470769 0.0347556 0.0344903 0.040016 0.0476625 0.0529297 0.0521637 0.0450955 0.0342552 0.022601 0.0125026
 4.45268e-11 2.09433e-09 6.82109e-08 1.53832e-06 2.40231e-05 0.000259776 0.00194517 0.010086 0.0362176 0.0901046 0.155556 0.187528 0.161691 0.108162 0.0678817 0.0468891 0.0325214 0.0208595 0.0146028 0.0134757 0.014242 0.0139835 0.0116441 0.00795745 0.00436724
 3.5648e-11 1.67671e-09 5.46093e-08 1.23158e-06 1.92329e-05 0.000207977 0.00155733 0.00807556 0.0290068 0.0722474 0.12529 0.1537 0.141169 0.113366 0.097108 0.0859757 0.0660986 0.0419113 0.0235741 0.0133036 0.00862152 0.00679387 0.00561709 0.00404598 0.0023098
 3.19465e-11 1.50261e-09 4.8939e-08 1.1037e-06 1.72358e-05 0.000186382 0.00139563 0.00723711 0.0259959 0.0647556 0.112349 0.138075 0.12767 0.104603 0.0933101 0.0883799 0.0768426 0.0596605 0.0421849 0.0265606 0.0146869 0.00768949 0.00433725 0.00261818 0.00144254
 3.31575e-11 1.55957e-09 5.07941e-08 1.14553e-06 1.78892e-05 0.000193446 0.00144853 0.00751125 0.0269785 0.0671826 0.116419 0.142409 0.129547 0.101768 0.0858726 0.0790796 0.0692499 0.0562582 0.0437417 0.0317242 0.0203585 0.0112705 0.00546862 0.00245139 0.00104844
 3.7185e-11 1.749e-09 5.69639e-08 1.28468e-06 2.00621e-05 0.000216943 0.00162446 0.00842334 0.0302516 0.0753044 0.130295 0.158453 0.141136 0.104512 0.080335 0.0688214 0.0575627 0.0450274 0.0344344 0.0256867 0.0177927 0.0109178 0.00572632 0.00252125 0.0009359
 3.54249e-11 1.66622e-09 5.42677e-08 1.22387e-06 1.91125e-05 0.000206675 0.00154758 0.00802486 0.0288229 0.0717715 0.124343 0.151972 0.137794 0.107134 0.0883814 0.078299 0.0640246 0.046879 0.0330176 0.0231667 0.0157216 0.00987468 0.00547418 0.00255487 0.000969571
 3.66792e-11 1.72522e-09 5.61892e-08 1.26721e-06 1.97892e-05 0.000213993 0.00160237 0.00830889 0.0298418 0.074296 0.128631 0.156808 0.140891 0.106899 0.0852483 0.0744299 0.0615315 0.0460952 0.0327105 0.0222385 0.0142034 0.00844161 0.00457744 0.00216415 0.000846825
 3.71728e-11 1.74843e-09 5.69453e-08 1.28426e-06 2.00555e-05 0.000216872 0.00162393 0.00842069 0.0302433 0.0752948 0.130356 0.158887 0.142678 0.108046 0.0857564 0.0742196 0.0604351 0.0443351 0.0309485 0.0209393 0.0132966 0.00771714 0.00402238 0.0018351 0.000706345
 3.73785e-11 1.75811e-09 5.72604e-08 1.29136e-06 2.01665e-05 0.000218072 0.00163292 0.00846728 0.0304106 0.0757118 0.131079 0.159778 0.143503 0.108714 0.0863004 0.0745769 0.0604247 0.043849 0.0300761 0.0199274 0.0124053 0.00707442 0.00361727 0.0016097 0.000602575
 3.62258e-11 1.70389e-09 5.54946e-08 1.25154e-06 1.95446e-05 0.000211348 0.00158257 0.00820627 0.0294743 0.0733912 0.127134 0.15531 0.140588 0.108819 0.0891851 0.0786349 0.0640009 0.0462566 0.0314382 0.0205573 0.0125749 0.00701989 0.00350888 0.00152667 0.000558704
 3.39085e-11 1.59489e-09 5.19446e-08 1.17148e-06 1.82944e-05 0.000197828 0.00148134 0.00768146 0.0275908 0.0687155 0.119132 0.145994 0.133642 0.106613 0.0913972 0.08351 0.070012 0.0524539 0.0369549 0.0246641 0.0151177 0.00835075 0.00410065 0.0017465 0.000624988
 3.38788e-11 1.5935e-09 5.18991e-08 1.17045e-06 1.82783e-05 0.000197655 0.00148004 0.00767469 0.027566 0.0686493 0.118987 0.145675 0.132903 0.105124 0.0892013 0.0813765 0.0689657 0.0529175 0.0385651 0.0267049 0.0169335 0.00958428 0.00475066 0.00201349 0.000710442
 3.62115e-11 1.70322e-09 5.54727e-08 1.25105e-06 1.95369e-05 0.000211264 0.00158194 0.00820295 0.0294615 0.0733512 0.127009 0.154893 0.139371 0.106176 0.085216 0.0747936 0.0621647 0.0471133 0.0342188 0.023988 0.0156289 0.00915552 0.00468663 0.00203218 0.000724631
 3.65444e-11 1.71887e-09 5.59826e-08 1.26255e-06 1.97165e-05 0.000213206 0.00159648 0.00827839 0.0297328 0.0740304 0.12821 0.156474 0.14116 0.108252 0.0875106 0.0764809 0.0621304 0.0451355 0.0312201 0.0211484 0.0136125 0.00803363 0.00420145 0.00187285 0.000685449
 3.51356e-11 1.65261e-09 5.38244e-08 1.21388e-06 1.89564e-05 0.000204987 0.00153494 0.00795937 0.0285882 0.071192 0.123373 0.150947 0.137383 0.107915 0.0904021 0.0810209 0.0666928 0.0488005 0.033601 0.0222215 0.0137769 0.00785632 0.00403798 0.00180303 0.000669609
 3.31283e-11 1.5582e-09 5.07494e-08 1.14453e-06 1.78734e-05 0.000193276 0.00144726 0.00750475 0.0269565 0.0671397 0.116427 0.142809 0.131145 0.105509 0.0915739 0.0845375 0.0716076 0.0544359 0.0390342 0.0264976 0.0165011 0.00926653 0.00463727 0.00201877 0.000738868
 3.39753e-11 1.59804e-09 5.2047e-08 1.17379e-06 1.83304e-05 0.000198218 0.00148426 0.00769653 0.0276441 0.0688406 0.119296 0.145948 0.132816 0.104372 0.0878249 0.0799054 0.0680557 0.052835 0.0391302 0.0275795 0.0178181 0.010283 0.00519721 0.00224612 0.000808411
 3.50896e-11 1.65045e-09 5.37541e-08 1.21229e-06 1.89316e-05 0.000204719 0.00153293 0.00794889 0.0285498 0.0710887 0.123142 0.150418 0.136121 0.105344 0.0865785 0.077246 0.0647131 0.0493777 0.0362095 0.0257265 0.0170516 0.0101886 0.00532457 0.0023565 0.000857029
 3.55869e-11 1.67384e-09 5.45158e-08 1.22947e-06 1.91999e-05 0.00020762 0.00155466 0.00806152 0.0289542 0.0720949 0.124879 0.152512 0.137923 0.106517 0.0871725 0.0772591 0.0639626 0.0478292 0.0341953 0.0237778 0.0155981 0.00936851 0.00499308 0.00227051 0.000847621
 3.63643e-11 1.7104e-09 5.57068e-08 1.25633e-06 1.96194e-05 0.000212156 0.00158862 0.00823759 0.0295861 0.0736632 0.127561 0.155625 0.140216 0.107188 0.0863844 0.0757505 0.0623692 0.0463505 0.0327657 0.0223787 0.0143598 0.00845959 0.00446873 0.00204088 0.000773138
 3.60715e-11 1.69663e-09 5.52582e-08 1.24621e-06 1.94614e-05 0.000210447 0.00157583 0.00817131 0.0293486 0.0730778 0.126588 0.154626 0.139917 0.108195 0.0885763 0.0781254 0.0637837 0.0464594 0.0320439 0.0214291 0.0135024 0.0078026 0.00404245 0.00181925 0.00068495
 3.42937e-11 1.61301e-09 5.25347e-08 1.18479e-06 1.85022e-05 0.000200076 0.00149817 0.00776871 0.027904 0.0694943 0.120473 0.147596 0.134969 0.107354 0.0915557 0.0830933 0.068949 0.0508828 0.0353471 0.0234965 0.0145368 0.00820339 0.00415156 0.00183 0.000677563
 3.39403e-11 1.59639e-09 5.19933e-08 1.17258e-06 1.83115e-05 0.000198014 0.00148273 0.00768862 0.0276161 0.0687751 0.119211 0.145979 0.13327 0.105597 0.0897832 0.0819061 0.0691906 0.0527001 0.0379657 0.0259353 0.0162544 0.00916069 0.00457465 0.00197616 0.00071622
 3.56704e-11 1.67776e-09 5.46437e-08 1.23235e-06 1.9245e-05 0.000208107 0.0015583 0.00808041 0.0290218 0.0722601 0.125145 0.152742 0.137832 0.105845 0.086016 0.0762187 0.0637347 0.0485559 0.0353628 0.0247177 0.0159673 0.00925247 0.00469681 0.00203357 0.000730505
 3.56126e-11 1.67505e-09 5.45552e-08 1.23035e-06 1.92138e-05 0.00020777 0.00155578 0.00806736 0.0289755 0.0721501 0.124991 0.152725 0.138356 0.107335 0.088334 0.0783187 0.0643691 0.0474558 0.0333803 0.0229011 0.014825 0.0087411 0.00454563 0.00201212 0.000732991
#obs surv len freq
 2.53956e-11 1.19449e-09 3.89037e-08 8.77377e-07 1.37015e-05 0.000148163 0.00110945 0.00575304 0.0206647 0.05147 0.0892635 0.109539 0.100794 0.0817766 0.0729001 0.0716868 0.0689151 0.0642881 0.0595575 0.053953 0.0471605 0.0393693 0.0302915 0.0202591 0.0110853
 1.0378e-15 4.88898e-14 1.60221e-12 3.7021e-11 6.33162e-10 9.21018e-09 1.39258e-07 2.16976e-06 2.84381e-05 0.000274667 0.00186887 0.00885484 0.0291852 0.0672431 0.109887 0.132097 0.126514 0.109685 0.0958189 0.0853951 0.0748677 0.062364 0.0474666 0.0313855 0.0170622
 1.37897e-11 6.486e-10 2.11245e-08 4.7641e-07 7.43982e-06 8.04507e-05 0.000602398 0.00312337 0.0112137 0.0278783 0.0479954 0.0572599 0.0476777 0.0297289 0.0220991 0.0362982 0.0698557 0.104973 0.121431 0.116052 0.0999295 0.0812151 0.0610064 0.0399938 0.0215775
 5.15158e-11 2.42306e-09 7.89173e-08 1.77978e-06 2.77939e-05 0.00030055 0.00225046 0.0116685 0.0418943 0.104165 0.17941 0.2143 0.178328 0.105203 0.0468473 0.0188307 0.00936973 0.0078896 0.0105664 0.0144389 0.0162946 0.0150074 0.011603 0.0075633 0.00403937
 3.33945e-11 1.57072e-09 5.11572e-08 1.15372e-06 1.80171e-05 0.00019483 0.00145891 0.00756545 0.0271788 0.067735 0.117743 0.145751 0.138012 0.119127 0.110612 0.0999721 0.0726742 0.0394923 0.0171142 0.00828635 0.00682962 0.00703551 0.00629196 0.00445466 0.00245167
 3.9589e-11 1.86207e-09 6.06465e-08 1.36773e-06 2.13591e-05 0.000230968 0.00172947 0.00896773 0.0322052 0.0801496 0.13856 0.167948 0.147823 0.105832 0.0773597 0.0653039 0.0565157 0.045473 0.0324485 0.0193469 0.0095915 0.00466668 0.00282722 0.00190248 0.00109563
 2.51823e-11 1.18445e-09 3.85769e-08 8.70008e-07 1.35864e-05 0.00014692 0.00110016 0.00570548 0.0205021 0.0511463 0.0892562 0.112131 0.111427 0.106954 0.112117 0.111947 0.0936219 0.0674488 0.0464848 0.0316477 0.0197668 0.0105765 0.00490081 0.00215523 0.000950655
 4.27015e-11 2.00847e-09 6.54146e-08 1.47527e-06 2.30384e-05 0.000249127 0.00186543 0.00967244 0.0347322 0.0864018 0.149118 0.179558 0.154203 0.102166 0.064255 0.0486622 0.0431414 0.0388411 0.0324957 0.0239141 0.015326 0.00865373 0.0042683 0.00180144 0.000651349
 3.49749e-11 1.64505e-09 5.35783e-08 1.20833e-06 1.88698e-05 0.00020405 0.00152793 0.00792311 0.0284595 0.0708852 0.122937 0.150858 0.138697 0.11165 0.0958982 0.085023 0.0657807 0.043365 0.0277581 0.0193049 0.0136432 0.00866215 0.00463158 0.00203919 0.000732091
 3.86407e-11 1.81747e-09 5.91939e-08 1.33497e-06 2.08475e-05 0.000225436 0.00168805 0.00875304 0.0314354 0.0782461 0.135353 0.164453 0.145998 0.107107 0.0811437 0.0689182 0.0573559 0.0437279 0.0308675 0.0200301 0.0119618 0.00677804 0.00360996 0.00168408 0.000641504
 3.72146e-11 1.7504e-09 5.70092e-08 1.2857e-06 2.00781e-05 0.000217116 0.00162576 0.00843019 0.0302779 0.0753844 0.130536 0.159224 0.143351 0.109296 0.0874843 0.0756792 0.0607645 0.0434751 0.0296275 0.0197722 0.012364 0.0069458 0.00345513 0.00150778 0.000561461
 4.00284e-11 1.88274e-09 6.13196e-08 1.38291e-06 2.15962e-05 0.000233532 0.00174867 0.00906733 0.0325636 0.0810492 0.140166 0.170132 0.150478 0.109111 0.0807153 0.0664997 0.0533088 0.038938 0.0268413 0.0176425 0.0107705 0.00599219 0.00297767 0.00128032 0.000461191
 3.63658e-11 1.71047e-09 5.5709e-08 1.25638e-06 1.96202e-05 0.000212165 0.00158869 0.00823802 0.0295888 0.0736798 0.127659 0.156069 0.141643 0.110357 0.0911066 0.0801351 0.0640996 0.0448505 0.0294007 0.0187946 0.0113869 0.00629698 0.00309358 0.00131262 0.000466182
 3.66719e-11 1.72487e-09 5.61779e-08 1.26695e-06 1.97853e-05 0.00021395 0.00160205 0.00830725 0.0298363 0.0742844 0.128628 0.156883 0.141214 0.107689 0.0865609 0.0760019 0.0629368 0.0469626 0.0327673 0.0214052 0.0127335 0.00682844 0.0032756 0.00136868 0.000480137
 3.18552e-11 1.49831e-09 4.87991e-08 1.10054e-06 1.71866e-05 0.000185849 0.00139165 0.00721649 0.0259228 0.0645806 0.112097 0.138005 0.128349 0.106546 0.0960546 0.0899993 0.0754771 0.0560095 0.0392901 0.0264642 0.0164488 0.00910977 0.00439789 0.00181295 0.000623621
 3.658e-11 1.72055e-09 5.6037e-08 1.26378e-06 1.97357e-05 0.000213414 0.00159803 0.00828632 0.0297601 0.0740842 0.12821 0.156039 0.139392 0.104146 0.0814527 0.0712476 0.0609934 0.0486104 0.0367633 0.0259347 0.0165359 0.00939015 0.00466672 0.00197016 0.000684774
 3.58104e-11 1.68435e-09 5.48581e-08 1.23719e-06 1.93205e-05 0.000208924 0.00156442 0.00811217 0.0291364 0.0725501 0.12568 0.153546 0.13903 0.107682 0.0882938 0.0777918 0.0632966 0.0461505 0.0324789 0.0227439 0.0151391 0.00907484 0.00471198 0.00205511 0.00073253
 3.61012e-11 1.69803e-09 5.53036e-08 1.24724e-06 1.94774e-05 0.00021062 0.00157712 0.00817799 0.0293724 0.0731327 0.126656 0.154585 0.139485 0.107077 0.0868878 0.0766594 0.063433 0.0472917 0.0333111 0.0224758 0.0142305 0.00832507 0.00438046 0.00197893 0.000732784
 3.3397e-11 1.57084e-09 5.11611e-08 1.15381e-06 1.80184e-05 0.000194844 0.001459 0.00756564 0.0271753 0.0676848 0.117374 0.14398 0.132242 0.106398 0.0921981 0.0846055 0.0707555 0.0527994 0.0373263 0.0253616 0.0160358 0.0092117 0.00472489 0.00210443 0.000783547
 3.41128e-11 1.6045e-09 5.22575e-08 1.17854e-06 1.84046e-05 0.00019902 0.00149026 0.00772764 0.0277558 0.0691163 0.11976 0.146452 0.133071 0.104164 0.0872356 0.0793246 0.0678593 0.0529965 0.0392858 0.0274969 0.0176082 0.010145 0.00517732 0.00227856 0.00083745
 3.46464e-11 1.6296e-09 5.3075e-08 1.19698e-06 1.86925e-05 0.000202133 0.00151357 0.0078485 0.0281896 0.070194 0.121609 0.148627 0.134764 0.104853 0.0868804 0.0780126 0.0656918 0.0504639 0.0373104 0.0266823 0.0177236 0.010568 0.00550807 0.00244154 0.000895179
 3.57561e-11 1.68179e-09 5.4775e-08 1.23531e-06 1.92912e-05 0.000208607 0.00156205 0.00809982 0.0290915 0.0724328 0.125439 0.153077 0.138054 0.10584 0.0857628 0.0757469 0.0630793 0.0478085 0.0347435 0.0244899 0.016222 0.00980464 0.00524072 0.00238471 0.000891016
 3.71366e-11 1.74673e-09 5.68897e-08 1.28301e-06 2.0036e-05 0.000216661 0.00162235 0.00841246 0.0302136 0.0752182 0.130206 0.158627 0.142197 0.107178 0.0845292 0.0730677 0.0599123 0.0446059 0.0317475 0.0219379 0.0142871 0.00854044 0.00456241 0.00209837 0.000797974
 3.6375e-11 1.71091e-09 5.57231e-08 1.2567e-06 1.96251e-05 0.000212218 0.00158908 0.00824004 0.0295953 0.0736889 0.127626 0.155802 0.140683 0.108165 0.087809 0.077038 0.0628045 0.0457698 0.0316279 0.0212338 0.0134773 0.00787633 0.00413662 0.00188607 0.000717461
 3.60121e-11 1.69383e-09 5.51671e-08 1.24416e-06 1.94293e-05 0.000210101 0.00157323 0.00815783 0.0293002 0.0729552 0.126364 0.154298 0.139452 0.107515 0.0877568 0.0775935 0.0640215 0.0474335 0.0331687 0.0221664 0.013772 0.00781355 0.00398638 0.001776 0.000665272
 3.15888e-11 1.48579e-09 4.83911e-08 1.09134e-06 1.70429e-05 0.000184295 0.00138001 0.00715615 0.025706 0.0640406 0.111159 0.136848 0.12727 0.10567 0.0953905 0.0897252 0.075857 0.0569816 0.0404283 0.0274237 0.0172076 0.00974673 0.00489732 0.0021304 0.000778521
 3.54413e-11 1.66699e-09 5.42927e-08 1.22444e-06 1.91214e-05 0.000206771 0.00154829 0.00802845 0.0288346 0.0717873 0.124282 0.15148 0.136037 0.103177 0.0826591 0.0736031 0.0636028 0.0511056 0.0390426 0.0278696 0.0179989 0.0103673 0.00524935 0.00227786 0.000822521
 3.54856e-11 1.66907e-09 5.43606e-08 1.22597e-06 1.91453e-05 0.000207029 0.00155023 0.00803858 0.0288721 0.0718912 0.124534 0.152126 0.137685 0.10654 0.08734 0.0772381 0.0635143 0.047213 0.0340274 0.0243134 0.0164362 0.00999326 0.00526836 0.00233893 0.000852183
 3.55885e-11 1.67391e-09 5.45182e-08 1.22952e-06 1.92008e-05 0.000207629 0.00155472 0.00806188 0.0289557 0.0720983 0.124886 0.152524 0.137948 0.106575 0.087303 0.0775125 0.0643288 0.0481392 0.0342031 0.0234478 0.0151749 0.00908745 0.00488173 0.00224508 0.000845582
#pred catch len freq
 2.09197e-11 9.83963e-10 3.20471e-08 7.22741e-07 1.12867e-05 0.00012205 0.000913925 0.00473943 0.0170274 0.0424471 0.0738632 0.0918086 0.0882207 0.0793084 0.079495 0.0821666 0.0782487 0.0703445 0.0626247 0.0552414 0.0483551 0.0424399 0.0363537 0.0281752 0.0180924
 1.10008e-11 5.17427e-10 1.68523e-08 3.80061e-07 5.93524e-06 6.41827e-05 0.000480641 0.00249319 0.00896715 0.0224508 0.0397286 0.0524873 0.0602763 0.07374 0.0943243 0.106802 0.102826 0.091088 0.0798962 0.069585 0.0593412 0.0494597 0.0395663 0.0287747 0.0176412
 8.55843e-12 4.02547e-10 1.31107e-08 2.95679e-07 4.61748e-06 4.99323e-05 0.000373914 0.00193935 0.00697196 0.0174239 0.0306193 0.0394802 0.0425689 0.0482319 0.0618754 0.0789852 0.0946868 0.106275 0.108639 0.0999328 0.0849562 0.0685442 0.0520656 0.0356654 0.0207097
 3.20277e-11 1.50643e-09 4.90635e-08 1.1065e-06 1.72796e-05 0.000186854 0.00139914 0.00725467 0.0260499 0.0648003 0.111814 0.134535 0.115211 0.0757007 0.0471686 0.0370611 0.0379017 0.0443167 0.0528774 0.0587469 0.0579036 0.0500594 0.0380263 0.0250891 0.0138791
 4.27305e-11 2.00984e-09 6.54592e-08 1.47627e-06 2.3054e-05 0.000249296 0.00186671 0.00967919 0.0347581 0.0864843 0.14938 0.180434 0.156716 0.107328 0.070753 0.0512952 0.0363973 0.0235321 0.0165374 0.0152923 0.0161718 0.01588 0.0132236 0.00903686 0.00495965
 3.32367e-11 1.5633e-09 5.09156e-08 1.14827e-06 1.79319e-05 0.000193909 0.00145201 0.00752955 0.0270479 0.0673915 0.117027 0.144307 0.134915 0.11322 0.102537 0.093718 0.0728512 0.0463744 0.0261485 0.0147856 0.00959297 0.00756244 0.00625307 0.00450415 0.00257137
 2.96301e-11 1.39366e-09 4.53905e-08 1.02367e-06 1.59861e-05 0.000172868 0.00129445 0.00671255 0.0241137 0.0600873 0.104388 0.128939 0.1213 0.103668 0.0973966 0.0949349 0.0833632 0.0649595 0.0460199 0.0290053 0.0160465 0.00840314 0.00474023 0.00286153 0.00157664
 3.07685e-11 1.4472e-09 4.71344e-08 1.063e-06 1.66003e-05 0.000179509 0.00134417 0.00697024 0.0250372 0.0623666 0.108198 0.132945 0.122839 0.100489 0.0895826 0.0852749 0.0755618 0.0616466 0.0480309 0.0348704 0.0223866 0.0123951 0.00601463 0.00269621 0.00115315
 3.48724e-11 1.64023e-09 5.34212e-08 1.20478e-06 1.88144e-05 0.000203451 0.00152344 0.00789963 0.0283724 0.0706429 0.122341 0.149305 0.134688 0.10337 0.0840514 0.0748788 0.0635655 0.0499787 0.0383125 0.028613 0.0198288 0.012169 0.00638286 0.00281037 0.00104323
 3.34475e-11 1.57321e-09 5.12384e-08 1.15555e-06 1.80456e-05 0.000195139 0.0014612 0.00757706 0.0272162 0.0677868 0.117551 0.144191 0.132415 0.106458 0.0920091 0.0838986 0.0693217 0.050948 0.035956 0.0252571 0.0171485 0.0107726 0.00597223 0.00278736 0.0010578
 3.47484e-11 1.6344e-09 5.32313e-08 1.2005e-06 1.87475e-05 0.000202728 0.00151803 0.00787164 0.0282729 0.0704049 0.121997 0.149203 0.135613 0.106185 0.0887253 0.0798795 0.066789 0.0502317 0.0357154 0.0243068 0.0155315 0.00923243 0.00500653 0.00236706 0.000926228
 3.53743e-11 1.66384e-09 5.41901e-08 1.22212e-06 1.90852e-05 0.00020638 0.00154537 0.00801341 0.0287819 0.0716709 0.124179 0.151816 0.137802 0.107469 0.0891215 0.0794028 0.0653549 0.0481247 0.0336575 0.0227957 0.014482 0.00840644 0.00438189 0.00199915 0.000769493
 3.56987e-11 1.67909e-09 5.4687e-08 1.23333e-06 1.92602e-05 0.000208272 0.00155954 0.00808689 0.0290458 0.0723272 0.125311 0.15318 0.138971 0.108227 0.0895225 0.0794988 0.0650666 0.0473838 0.0325583 0.0215933 0.0134483 0.00767041 0.00392221 0.00174543 0.000653389
 3.4226e-11 1.60983e-09 5.24311e-08 1.18245e-06 1.84657e-05 0.000199681 0.00149521 0.00775342 0.0278495 0.069362 0.120268 0.14746 0.135208 0.108272 0.0930725 0.084548 0.069561 0.0504688 0.0343711 0.0225016 0.0137715 0.00768939 0.00384377 0.00167242 0.000612045
 3.21221e-11 1.51087e-09 4.92081e-08 1.10977e-06 1.73306e-05 0.000187407 0.00140331 0.00727693 0.0261393 0.0651158 0.112995 0.138964 0.128779 0.105997 0.0946844 0.0886319 0.074943 0.0563219 0.0397454 0.0265507 0.0162807 0.00899451 0.004417 0.00188126 0.00067322
 3.21983e-11 1.51445e-09 4.93247e-08 1.1124e-06 1.73717e-05 0.000187851 0.00140663 0.00729412 0.0262005 0.0652625 0.113211 0.139048 0.128282 0.104441 0.0921355 0.0860385 0.073524 0.056583 0.0412994 0.0286215 0.018155 0.0102769 0.0050942 0.00215913 0.000761832
 3.46331e-11 1.62897e-09 5.30546e-08 1.19651e-06 1.86853e-05 0.000202055 0.00151299 0.00784551 0.028179 0.0701701 0.121584 0.14867 0.135039 0.105552 0.0879945 0.0791783 0.0664152 0.0504953 0.0367325 0.0257711 0.0167963 0.00984058 0.0050375 0.00218435 0.000778895
 3.48612e-11 1.63971e-09 5.34042e-08 1.2044e-06 1.88084e-05 0.000203387 0.00152296 0.00789724 0.0283653 0.070639 0.12243 0.14986 0.136611 0.107742 0.0907028 0.0813646 0.0667316 0.0486412 0.0337038 0.0228532 0.0147161 0.00868624 0.00454297 0.00202511 0.00074118
 3.31717e-11 1.56024e-09 5.08159e-08 1.14603e-06 1.78968e-05 0.00019353 0.00144915 0.00751464 0.0269925 0.0672349 0.116629 0.143229 0.132073 0.107319 0.0941336 0.0867481 0.0721213 0.0529618 0.0365364 0.0241893 0.0150044 0.0085578 0.00439878 0.00196418 0.00072946
 3.12998e-11 1.4722e-09 4.79485e-08 1.08136e-06 1.6887e-05 0.000182609 0.00136739 0.0070907 0.0254708 0.063455 0.110144 0.135604 0.126137 0.104812 0.0948385 0.0896842 0.076611 0.0584191 0.0419594 0.0285088 0.0177605 0.00997521 0.00499217 0.00217331 0.000795434
 3.20782e-11 1.5088e-09 4.91408e-08 1.10825e-06 1.73069e-05 0.00018715 0.00140138 0.00726691 0.0261025 0.0650169 0.112774 0.138457 0.127571 0.103537 0.0910393 0.0850706 0.0731488 0.056983 0.0422754 0.029823 0.0192748 0.0111252 0.00562312 0.00243023 0.000874679
 3.32356e-11 1.56325e-09 5.09139e-08 1.14824e-06 1.79314e-05 0.000193903 0.00145195 0.00752904 0.0270433 0.0673521 0.116769 0.143104 0.131016 0.104573 0.0897811 0.0823318 0.069663 0.0533425 0.039187 0.0278682 0.0184783 0.0110426 0.00577109 0.00255416 0.000928917
 3.37451e-11 1.58721e-09 5.16944e-08 1.16584e-06 1.82062e-05 0.000196875 0.0014742 0.00764444 0.0274577 0.0683834 0.118551 0.145258 0.132889 0.105834 0.0904784 0.0824293 0.0689294 0.0517265 0.0370491 0.0257876 0.0169237 0.0101661 0.00541844 0.00246397 0.000919848
 3.4762e-11 1.63504e-09 5.32521e-08 1.20097e-06 1.87548e-05 0.000202808 0.00151862 0.00787473 0.0282841 0.0704343 0.122057 0.149319 0.13585 0.106626 0.0893132 0.0803059 0.0667307 0.0497513 0.0352264 0.0240803 0.0154574 0.00910742 0.00481115 0.0021973 0.000832396
 3.44056e-11 1.61828e-09 5.27062e-08 1.18866e-06 1.85626e-05 0.000200729 0.00150306 0.00779407 0.0279951 0.0697213 0.120867 0.148081 0.135416 0.107696 0.0917462 0.0829778 0.0683652 0.0499571 0.0345143 0.0231031 0.0145632 0.00841689 0.00436092 0.0019626 0.000738926
 3.25543e-11 1.5312e-09 4.98701e-08 1.12469e-06 1.75637e-05 0.000189928 0.00142218 0.00737481 0.0264907 0.0659894 0.114499 0.140757 0.130254 0.106801 0.094824 0.0881343 0.0737509 0.0545924 0.0379865 0.0252744 0.0156433 0.00882912 0.00446846 0.00196972 0.000729299
 3.21761e-11 1.51341e-09 4.92907e-08 1.11163e-06 1.73597e-05 0.000187721 0.00140566 0.00728911 0.0261826 0.0652198 0.113148 0.139025 0.128434 0.104912 0.0929143 0.086852 0.0740053 0.0565426 0.0407995 0.0278953 0.0174894 0.00985804 0.00492312 0.00212673 0.000770795
 3.39783e-11 1.59817e-09 5.20515e-08 1.17389e-06 1.8332e-05 0.000198235 0.00148438 0.00769722 0.0276468 0.0688499 0.119329 0.14607 0.133182 0.105165 0.0889784 0.0809093 0.0682989 0.0522056 0.0380832 0.0266419 0.0172166 0.0099776 0.00506512 0.00219307 0.000787804
 3.39441e-11 1.59657e-09 5.19992e-08 1.17271e-06 1.83136e-05 0.000198036 0.00148289 0.00768953 0.0276198 0.068788 0.11926 0.146162 0.133823 0.106778 0.0914217 0.0830895 0.0689053 0.0509619 0.0359062 0.0246567 0.0159678 0.0094162 0.00489691 0.00216765 0.000789652
#obs catch len freq
 1.8859e-11 8.87036e-10 2.88902e-08 6.51547e-07 1.01749e-05 0.000110028 0.000823905 0.00427271 0.0153523 0.0382867 0.0667303 0.0834453 0.0817845 0.0767513 0.0805054 0.0854172 0.0827845 0.0758024 0.0688671 0.0621227 0.0551094 0.047037 0.0367154 0.0246313 0.0134397
 2.30326e-11 1.08334e-09 3.52837e-08 7.95737e-07 1.24266e-05 0.000134376 0.00100622 0.00521786 0.0187439 0.0467014 0.0810991 0.100019 0.0936378 0.0793243 0.0746935 0.0757511 0.0735947 0.0689062 0.0639409 0.0579663 0.0506835 0.0423152 0.0325596 0.0217764 0.0119156
 8.83768e-16 4.16445e-14 1.3662e-12 3.16955e-11 5.49812e-10 8.30096e-09 1.32214e-07 2.12839e-06 2.82204e-05 0.000273443 0.0018621 0.00882473 0.0290885 0.0670271 0.109559 0.131775 0.126345 0.109721 0.0959956 0.0856247 0.075094 0.0625598 0.0476176 0.0314858 0.0171168
 1.22074e-11 5.74177e-10 1.87006e-08 4.21745e-07 6.58614e-06 7.12195e-05 0.000533276 0.00276498 0.00992701 0.0246794 0.0424888 0.0506976 0.0422758 0.026729 0.0212768 0.0371415 0.0722422 0.108678 0.125736 0.120178 0.103493 0.084117 0.0631886 0.041425 0.0223497
 5.05544e-11 2.37784e-09 7.74446e-08 1.74657e-06 2.72752e-05 0.000294941 0.00220846 0.0114508 0.0411128 0.102224 0.176081 0.210392 0.175299 0.103921 0.0470541 0.0197105 0.0103409 0.00895877 0.0120729 0.0165107 0.0186348 0.0171632 0.0132699 0.0086499 0.00461972
 3.12664e-11 1.47062e-09 4.78971e-08 1.0802e-06 1.68689e-05 0.000182415 0.00136595 0.00708356 0.0254502 0.0634516 0.110466 0.137535 0.132732 0.119525 0.116156 0.107407 0.0786528 0.0428359 0.0185886 0.00902077 0.00744905 0.0076772 0.00686627 0.0048613 0.00267547
 3.76971e-11 1.77309e-09 5.77484e-08 1.30237e-06 2.03384e-05 0.000219931 0.00164683 0.00853931 0.0306679 0.0763362 0.132054 0.160467 0.142558 0.104938 0.080532 0.0705862 0.0619835 0.0500943 0.0358041 0.021363 0.0105948 0.00515605 0.00312423 0.00210247 0.00121082
 2.31348e-11 1.08815e-09 3.54404e-08 7.99271e-07 1.24818e-05 0.000134974 0.00101072 0.00524183 0.0188385 0.0470212 0.0822278 0.104098 0.105934 0.106423 0.116126 0.117983 0.0992243 0.0716561 0.0494689 0.0337165 0.0210693 0.0112756 0.00522511 0.00229794 0.00101362
 4.0987e-11 1.92783e-09 6.27882e-08 1.41603e-06 2.21134e-05 0.000239124 0.00179053 0.00928415 0.0333388 0.0829436 0.143205 0.172703 0.149186 0.100802 0.0662775 0.0525829 0.0476062 0.0431142 0.0361309 0.0266053 0.0170551 0.00963135 0.00475082 0.00200516 0.000725018
 3.3214e-11 1.56223e-09 5.08806e-08 1.14749e-06 1.79197e-05 0.000193777 0.00145101 0.00752434 0.0270288 0.0673384 0.116899 0.143982 0.134077 0.111421 0.0996627 0.090445 0.0705429 0.0466355 0.0299023 0.0208197 0.0147209 0.00934784 0.00499842 0.00220073 0.00079009
 3.6953e-11 1.73809e-09 5.66085e-08 1.27667e-06 1.9937e-05 0.00021559 0.00161433 0.00837086 0.0300641 0.074845 0.129553 0.157802 0.141372 0.106459 0.0841637 0.073712 0.0620635 0.0474921 0.0335753 0.0218034 0.0130254 0.00738192 0.00393185 0.00183429 0.00069873
 3.55338e-11 1.67134e-09 5.44343e-08 1.22763e-06 1.91712e-05 0.00020731 0.00155234 0.00804956 0.0289122 0.071998 0.124766 0.152631 0.138844 0.108869 0.0907934 0.0806672 0.0654031 0.0469462 0.032043 0.0214027 0.0133888 0.00752259 0.00374225 0.00163311 0.000608136
 3.84686e-11 1.80938e-09 5.89302e-08 1.32903e-06 2.07546e-05 0.000224432 0.00168054 0.00871412 0.0312963 0.0779064 0.13481 0.164003 0.146264 0.108646 0.0836938 0.0710699 0.0576455 0.0422645 0.0291803 0.0191952 0.0117227 0.00652285 0.00324155 0.00139381 0.000502077
 3.47323e-11 1.63364e-09 5.32065e-08 1.19994e-06 1.87388e-05 0.000202634 0.00151733 0.0078681 0.0282616 0.070389 0.122054 0.149674 0.137306 0.110039 0.0944697 0.0851293 0.0686838 0.0481967 0.0316397 0.0202429 0.0122692 0.00678595 0.00333399 0.00141465 0.000502422
 3.5057e-11 1.64891e-09 5.3704e-08 1.21116e-06 1.8914e-05 0.000204529 0.00153151 0.00794154 0.0285241 0.0710303 0.123081 0.150532 0.136833 0.107167 0.0895886 0.0806969 0.0674466 0.0504798 0.0352686 0.0230553 0.0137194 0.00735812 0.00352987 0.00147496 0.000517423
 3.02173e-11 1.42128e-09 4.62901e-08 1.04396e-06 1.63029e-05 0.000176294 0.0013201 0.0068456 0.024592 0.0612805 0.106472 0.131566 0.123911 0.106028 0.0991339 0.0947417 0.079987 0.059494 0.0417847 0.0281633 0.0175102 0.00969869 0.00468239 0.00193026 0.000663978
 3.50193e-11 1.64714e-09 5.36463e-08 1.20986e-06 1.88937e-05 0.000204309 0.00152986 0.0079329 0.0284919 0.0709384 0.122842 0.149867 0.135043 0.103386 0.0839941 0.0754185 0.0651897 0.0521127 0.0394599 0.0278526 0.017763 0.0100879 0.00501367 0.00211666 0.000735698
 3.41799e-11 1.60766e-09 5.23604e-08 1.18086e-06 1.84408e-05 0.000199412 0.0014932 0.00774294 0.0278117 0.0692648 0.12008 0.147137 0.134617 0.107172 0.0913543 0.0824735 0.0676943 0.0495014 0.0348865 0.0244485 0.016279 0.00975928 0.00506756 0.00221023 0.000787823
 3.44451e-11 1.62013e-09 5.27666e-08 1.19002e-06 1.85839e-05 0.000200959 0.00150478 0.00780297 0.0280268 0.0697956 0.120967 0.148067 0.134977 0.106506 0.089932 0.0813936 0.0679718 0.0508289 0.0358522 0.024208 0.0153323 0.00897077 0.00472045 0.00213255 0.000789675
 3.16743e-11 1.48981e-09 4.85221e-08 1.0943e-06 1.7089e-05 0.000184794 0.00138375 0.00717552 0.0257755 0.0642134 0.111457 0.137202 0.127556 0.105812 0.0953743 0.0895324 0.0754664 0.0564664 0.0399725 0.0271796 0.0171909 0.00987652 0.00506614 0.00225646 0.000840159
 3.23452e-11 1.52136e-09 4.95498e-08 1.11747e-06 1.7451e-05 0.000188708 0.00141305 0.00732736 0.0263195 0.0655538 0.113683 0.139472 0.12818 0.10338 0.0902256 0.0841411 0.0726234 0.0568858 0.0422264 0.0295755 0.018945 0.0109166 0.00557133 0.00245202 0.000901207
 3.2933e-11 1.54901e-09 5.04502e-08 1.13778e-06 1.77681e-05 0.000192137 0.00143872 0.00746048 0.0267973 0.0667408 0.115719 0.141867 0.130041 0.10413 0.0898232 0.0826952 0.0702561 0.0541305 0.0400766 0.0286806 0.0190566 0.0113641 0.00592325 0.00262561 0.000962675
 3.40452e-11 1.60132e-09 5.21541e-08 1.17621e-06 1.83682e-05 0.000198626 0.00148731 0.00771238 0.0277013 0.0689848 0.119559 0.146332 0.133358 0.105162 0.088768 0.0804872 0.0676654 0.0514457 0.0374406 0.0264107 0.0174999 0.0105783 0.0056545 0.00257304 0.000961387
 3.5519e-11 1.67064e-09 5.44117e-08 1.22712e-06 1.91633e-05 0.000207224 0.00155169 0.00804614 0.0288992 0.0719585 0.124649 0.15226 0.137787 0.106604 0.0874727 0.0776474 0.0642932 0.0480207 0.0342267 0.0236684 0.0154191 0.00921819 0.00492468 0.00226503 0.000861354
 3.476e-11 1.63494e-09 5.32491e-08 1.2009e-06 1.87538e-05 0.000202796 0.00151854 0.00787432 0.0282831 0.0704349 0.122081 0.149457 0.136322 0.107685 0.0908871 0.081744 0.0672402 0.0491476 0.0340092 0.0228496 0.0145077 0.00847965 0.00445368 0.00203066 0.000772469
 3.43193e-11 1.61421e-09 5.25739e-08 1.18568e-06 1.8516e-05 0.000200225 0.00149929 0.0077745 0.0279248 0.0695443 0.120549 0.147642 0.13486 0.106967 0.0909217 0.0824841 0.0686874 0.0510465 0.0357462 0.0239072 0.0148587 0.00843124 0.00430175 0.00191654 0.000717923
 2.98619e-11 1.40456e-09 4.57456e-08 1.03168e-06 1.61112e-05 0.00017422 0.00130457 0.00676509 0.0243028 0.0605607 0.105227 0.130052 0.122566 0.105069 0.0985556 0.0946524 0.0805874 0.0606842 0.0431104 0.0292639 0.0183681 0.0104054 0.00522851 0.00227451 0.00083119
 3.3812e-11 1.59035e-09 5.17968e-08 1.16815e-06 1.82423e-05 0.000197265 0.00147712 0.00765947 0.0275106 0.0685029 0.118677 0.145031 0.131481 0.102349 0.0852583 0.0779012 0.0679487 0.0547604 0.0418862 0.0299166 0.0193256 0.0111325 0.00563703 0.00244613 0.000883285
 3.38223e-11 1.59084e-09 5.18125e-08 1.1685e-06 1.82479e-05 0.000197325 0.00147757 0.00766192 0.0275206 0.0685394 0.118819 0.145578 0.133147 0.10594 0.0903434 0.0819012 0.0679505 0.0506613 0.0365646 0.0261458 0.0176805 0.010751 0.00566805 0.00251641 0.000916851
#spawning biomass
 27868.8 20295.6 16070.9 11684.2 13759.7 24143.8 36448 43509.4 55605.6 81190.3 93274.7 111613 128320 138890 170034 162522 144884 134912 138083 155229 146312 147223 152166 162097 155515 153384 145341 137027 132706 128221 164583 118182 78743.7 53808.2 39855.4 32582.5 28955.5 27197.7 26361.9 25969.5 25786.9 25702.5 25663.6 25645.7 25637.5 25633.8 25632.1 25631.3 25630.9 25630.8 25630.7 25630.6 25630.6 25630.6 25630.6 25630.6 25630.6 25630.6 25630.6 25630.6 25630.6 25630.6 25630.6 25630.6 25630.6 25630.6 25630.6 25630.6 25630.6 25630.6 25630.6 25630.6 25630.6 25630.6 25630.6 25630.6 25630.6 25630.6 25630.6 25630.6 25630.6 25630.6 25630.6 25630.6 25630.6 25630.6 25630.6 25630.6 25630.6 25630.6 25630.6 25630.6 25630.6 25630.6 25630.6 25630.6 25630.6 25630.6 25630.6 25630.6 25630.6 25630.6 25630.6 25630.6 25630.6 25630.6 25630.6 25630.6 25630.6 25630.6 25630.6 25630.6 25630.6 25630.6 25630.6 25630.6 25630.6 25630.6 25630.6 25630.6 25630.6 25630.6 25630.6 25630.6 25630.6 25630.6 25630.6 25630.6 25630.6 0 0 0 0 0 0 0 0 0 0 0 0 0 0 0 0 0 0 0 0 0 0 0 0 0
