SBPRF35
0.819782
Curr Bio
170034
B35
774741
F35
0.210424
FOFL
0.0881913
OFL
22960.3
Bzero
234224
#pred survey bio
 9407.97 9909.76 8940.9 8528.45 11477.7 16973.7 23846 27570.3 39015.8 56459.2 74759.6 89512.7 101766 136543 133717 113420 104380 109413 113038 105415 101761 111241 129137 126877 130552 129047 126756 119790 186203 1.2721e+07 1.20713e+07 1.28712e+07 1.21182e+07 1.05954e+07 8.87681e+06 7.28131e+06 5.94148e+06 4.88175e+06 4.07492e+06 3.47568e+06 3.03758e+06 2.72028e+06 2.49131e+06 2.32416e+06 2.20099e+06 2.1134e+06 2.05046e+06 2.00472e+06 1.97111e+06 1.94613e+06 1.92736e+06 1.9131e+06 1.90217e+06 1.8937e+06 1.88709e+06 1.88189e+06 1.87778e+06 1.8745e+06 1.87188e+06 1.86978e+06 1.86808e+06 1.86671e+06 1.8656e+06 1.8647e+06 1.86397e+06 1.86337e+06 1.86289e+06 1.86249e+06 1.86217e+06 1.86191e+06 1.86169e+06 1.86151e+06 1.86137e+06 1.86125e+06 1.86116e+06 1.86108e+06 1.86101e+06 1.86096e+06 1.86092e+06 1.86088e+06 1.86085e+06 1.86083e+06 1.86081e+06 1.86079e+06 1.86078e+06 1.86077e+06 1.86076e+06 1.86075e+06 1.86075e+06 1.86074e+06 1.86074e+06 1.86074e+06 1.86073e+06 1.86073e+06 1.86073e+06 1.86073e+06 1.86073e+06 1.86073e+06 1.86072e+06 1.86072e+06 1.86072e+06 1.86072e+06 1.86072e+06 1.86072e+06 1.86072e+06 1.86072e+06 1.86072e+06 1.86072e+06 1.86072e+06 1.86072e+06 1.86072e+06 1.86072e+06 1.86072e+06 1.86072e+06 1.86072e+06 1.86072e+06 1.86072e+06 1.86072e+06 1.86072e+06 1.86072e+06 1.86072e+06 1.86072e+06 1.86072e+06 1.86072e+06 1.86072e+06 1.86072e+06 1.86072e+06 1.86072e+06 1.86072e+06 0 0 0 0 0 0 0 0 0 0 0 0 0 0 0 0 0 0 0 0 0 0 0 0 0
#obs survey bio
 8839.23 5274.92 11232.5 11154 13570 18589.9 18502.5 40010.6 43770.6 56154.6 73250.2 92272.6 95666.7 117875 135495 82839.8 81119.5 132818 101486 118995 116584 133748 208404 124190 123139 191066 122507 203266 122916
#pred catch bio
 3267.12 4029.02 4095.52 2774.7 4030.38 7927.52 14467.1 14305.3 20885.5 35375.9 51572.3 64221.4 65327.5 101754 104292 89700.8 81701.6 85541.4 92728 88972.5 86396.3 95387.1 117029 114372 120162 120511 124441 110019 96094.1 22960.3 98435.1 104206 97085.3 83726.1 68970.6 55477.5 44315.7 35637.6 29165 24476.2 21150.5 18828.3 17224.7 16118 15356.6 14851.5 14516.4 14294.1 14146.6 14048.8 13983.9 13940.9 13912.3 13893.4 13880.8 13872.5 13866.9 13863.3 13860.8 13859.2 13858.2 13857.4 13857 13856.7 13856.5 13856.3 13856.2 13856.2 13856.1 13856.1 13856.1 13856.1 13856.1 13856.1 13856 13856 13856 13856 13856 13856 13856 13856 13856 13856 13856 13856 13856 13856 13856 13856 13856 13856 13856 13856 13856 13856 13856 13856 13856 13856 13856 13856 13856 13856 13856 13856 13856 13856 13856 13856 13856 13856 13856 13856 13856 13856 13856 13856 13856 13856 13856 13856 13856 13856 13856 13856 13856 13856 13856 0 0 0 0 0 0 0 0 0 0 0 0 0 0 0 0 0 0 0 0 0 0 0 0 0
#obs catch bio
 5264.04 4227.54 4609.73 2666.93 3749.37 7646.25 14996.9 12858.9 19078.4 33234.9 51285.9 57526.6 61399.9 109238 100021 89480.5 84562.6 74310.2 90347.4 82742.4 83843.7 89078.4 101131 100530 113342 107526 119146 95026.5 89597.7
#pred cpue bio
 8593.85 9490.09 8263.49 7609.23 10067.2 14368.4 19818 22820.4 32008.3 45639.6 59081 70898.3 80066.5 108286 108262 91763.3 80800.8 84447.4 88024.6 80963.5 75800 80756.6 92594.1 91272.5 92906.4 91418 88644.4 79904.2 120695 1.0428e+07 1.20192e+07 1.28195e+07 1.20665e+07 1.05437e+07 8.82509e+06 7.22959e+06 5.88976e+06 4.83003e+06 4.0232e+06 3.42396e+06 2.98586e+06 2.66856e+06 2.43959e+06 2.27243e+06 2.14927e+06 2.06168e+06 1.99874e+06 1.953e+06 1.91939e+06 1.89441e+06 1.87564e+06 1.86138e+06 1.85045e+06 1.84198e+06 1.83537e+06 1.83017e+06 1.82605e+06 1.82278e+06 1.82016e+06 1.81806e+06 1.81636e+06 1.81499e+06 1.81388e+06 1.81298e+06 1.81225e+06 1.81165e+06 1.81117e+06 1.81077e+06 1.81045e+06 1.81019e+06 1.80997e+06 1.80979e+06 1.80965e+06 1.80953e+06 1.80944e+06 1.80936e+06 1.80929e+06 1.80924e+06 1.8092e+06 1.80916e+06 1.80913e+06 1.80911e+06 1.80909e+06 1.80907e+06 1.80906e+06 1.80905e+06 1.80904e+06 1.80903e+06 1.80903e+06 1.80902e+06 1.80902e+06 1.80902e+06 1.80901e+06 1.80901e+06 1.80901e+06 1.80901e+06 1.80901e+06 1.80901e+06 1.809e+06 1.809e+06 1.809e+06 1.809e+06 1.809e+06 1.809e+06 1.809e+06 1.809e+06 1.809e+06 1.809e+06 1.809e+06 1.809e+06 1.809e+06 1.809e+06 1.809e+06 1.809e+06 1.809e+06 1.809e+06 1.809e+06 1.809e+06 1.809e+06 1.809e+06 1.809e+06 1.809e+06 1.809e+06 1.809e+06 1.809e+06 1.809e+06 1.809e+06 1.809e+06 1.809e+06 0 0 0 0 0 0 0 0 0 0 0 0 0 0 0 0 0 0 0 0 0 0 0 0 0
#obs cpue bio
 6848.27 8544.74 6633.54 7833.5 14781.5 12005.5 20087.2 34164.6 35817.9 53077.3 55769.1 127673 86953.3 85389.2 149364 119199 87981.4 148821 93663.1 103895 68735.4 93174.6 113154 144302 118225 101631 106603 93941.6 207890
#pred surv len freq
 9.48112e-12 1.02954e-09 6.59119e-08 2.48785e-06 5.53638e-05 0.000726418 0.0056206 0.0256693 0.0695208 0.114275 0.126277 0.124882 0.135269 0.129045 0.0966603 0.064803 0.0421554 0.0257333 0.0151459 0.00901166 0.005611 0.0038005 0.00276854 0.00191415 0.0010531
 5.66808e-12 6.15486e-10 3.9404e-08 1.48731e-06 3.30984e-05 0.000434295 0.003361 0.0153657 0.041834 0.070527 0.0860993 0.1051 0.134925 0.14272 0.123105 0.0985216 0.0724398 0.0466831 0.0271841 0.0147489 0.00775236 0.00423845 0.00253957 0.001562 0.000823314
 9.85947e-12 1.07062e-09 6.85421e-08 2.58712e-06 5.75728e-05 0.000755382 0.00584395 0.0266717 0.0719933 0.116394 0.119683 0.0973769 0.0883006 0.0886701 0.0876591 0.084768 0.0743194 0.0569818 0.0381144 0.0219445 0.0110604 0.00516617 0.00244299 0.00122063 0.000573524
 1.18285e-11 1.28443e-09 8.22305e-08 3.10379e-06 6.90706e-05 0.000906242 0.0070112 0.0320022 0.086426 0.140081 0.145637 0.121954 0.110573 0.0970194 0.069548 0.0480343 0.0392773 0.0347484 0.028142 0.0192609 0.010893 0.0051316 0.00212119 0.000838906 0.000321938
 1.23911e-11 1.34553e-09 8.6142e-08 3.25143e-06 7.23561e-05 0.000949349 0.00734466 0.0335234 0.0905216 0.146619 0.151975 0.126189 0.113766 0.101323 0.0752386 0.0508269 0.0337207 0.02252 0.0165988 0.0127105 0.0085522 0.00462653 0.00198958 0.000708302 0.00022143
 1.39057e-11 1.50999e-09 9.66709e-08 3.64885e-06 8.11999e-05 0.00106538 0.00824206 0.0376135 0.101485 0.163726 0.166654 0.130535 0.108623 0.0927149 0.0674023 0.044984 0.029795 0.0188044 0.0114435 0.00718347 0.00471432 0.00285674 0.00139579 0.000522745 0.000151966
 1.4201e-11 1.54205e-09 9.87237e-08 3.72633e-06 8.29241e-05 0.001088 0.00841719 0.0384147 0.103675 0.16748 0.171507 0.136906 0.116306 0.0978108 0.065991 0.0385534 0.0228052 0.0136492 0.00796195 0.00446673 0.00246099 0.00135906 0.000691483 0.000283274 8.63428e-05
 1.39778e-11 1.51782e-09 9.71721e-08 3.66776e-06 8.16209e-05 0.00107091 0.00828506 0.037815 0.1021 0.165292 0.170928 0.140685 0.124154 0.105124 0.0686021 0.0367871 0.0191594 0.00992873 0.00507024 0.00258288 0.00128343 0.000614523 0.000281344 0.000114392 3.66244e-05
 1.44327e-11 1.56722e-09 1.00335e-07 3.78714e-06 8.42773e-05 0.00110576 0.00855452 0.0390412 0.105361 0.170166 0.17408 0.138521 0.117274 0.0988048 0.0671639 0.0390622 0.0215122 0.0107682 0.0048791 0.00211856 0.000903185 0.000376231 0.000149926 5.48914e-05 1.70006e-05
 1.49581e-11 1.62427e-09 1.03987e-07 3.92499e-06 8.73451e-05 0.00114601 0.00886582 0.04046 0.109164 0.176098 0.179162 0.139972 0.115233 0.0949927 0.0627854 0.0350974 0.0191015 0.00995605 0.00472505 0.00200329 0.000758047 0.000265303 8.84518e-05 2.77013e-05 7.68573e-06
 1.55911e-11 1.69301e-09 1.08388e-07 4.0911e-06 9.10416e-05 0.0011945 0.00924094 0.0421703 0.113756 0.18333 0.185681 0.142835 0.114607 0.0921151 0.0581977 0.0297166 0.0145456 0.00705926 0.00326282 0.00140528 0.000540038 0.000179443 5.18697e-05 1.34253e-05 3.12372e-06
 1.53267e-11 1.6643e-09 1.0655e-07 4.02173e-06 8.94979e-05 0.00117425 0.00908438 0.0414583 0.11187 0.180562 0.184159 0.144965 0.120058 0.0972161 0.0598009 0.0283303 0.0123697 0.00533263 0.0021959 0.000865505 0.000319967 0.000105721 2.97906e-05 6.99147e-06 1.37465e-06
 1.55256e-11 1.68589e-09 1.07932e-07 4.07391e-06 9.06591e-05 0.00118949 0.0092022 0.0419951 0.113306 0.182783 0.185965 0.145199 0.118857 0.0956782 0.0587254 0.0276772 0.0118283 0.00481506 0.00178654 0.00061607 0.000200478 6.0424e-05 1.62278e-05 3.67895e-06 6.73528e-07
 1.53194e-11 1.6635e-09 1.06499e-07 4.0198e-06 8.94549e-05 0.00117369 0.00907999 0.0414378 0.111807 0.180407 0.183747 0.144012 0.1187 0.0964778 0.0605706 0.0300203 0.0136542 0.0057422 0.0021133 0.00069084 0.000202652 5.32873e-05 1.258e-05 2.60229e-06 4.48186e-07
 1.44205e-11 1.56589e-09 1.0025e-07 3.78394e-06 8.42062e-05 0.00110483 0.00854752 0.0390134 0.105343 0.170598 0.176668 0.145964 0.128884 0.107206 0.0656701 0.0302468 0.012612 0.00516552 0.00196466 0.000667479 0.000195894 4.87652e-05 1.03337e-05 1.86856e-06 2.84817e-07
 1.44499e-11 1.56908e-09 1.00454e-07 3.79164e-06 8.43776e-05 0.00110708 0.0085649 0.0390924 0.105552 0.170906 0.176843 0.14575 0.128352 0.106825 0.0658062 0.0306576 0.0128041 0.0050528 0.00179342 0.000579594 0.000170203 4.32577e-05 9.09959e-06 1.548e-06 2.11635e-07
 1.603e-11 1.74066e-09 1.11439e-07 4.20626e-06 9.36044e-05 0.00122813 0.00950104 0.0433567 0.116949 0.188413 0.190531 0.145739 0.115641 0.0913498 0.0552583 0.0253543 0.0104235 0.00408989 0.00144657 0.00045564 0.00012704 3.08373e-05 6.39171e-06 1.08698e-06 1.45233e-07
 1.60351e-11 1.74122e-09 1.11475e-07 4.20761e-06 9.36344e-05 0.00122852 0.00950413 0.0433714 0.116998 0.188566 0.191032 0.146995 0.117524 0.0926143 0.0547842 0.0236566 0.0088466 0.00322277 0.00109852 0.000340102 9.3588e-05 2.21281e-05 4.39712e-06 7.19296e-07 9.40406e-08
 1.57283e-11 1.7079e-09 1.09341e-07 4.12709e-06 9.18425e-05 0.00120501 0.00932233 0.0425433 0.114786 0.185174 0.188413 0.147109 0.120179 0.0957984 0.0569165 0.0246497 0.00916832 0.00322785 0.00102396 0.000291157 7.53719e-05 1.72487e-05 3.3504e-06 5.32461e-07 6.71166e-08
 1.61577e-11 1.75454e-09 1.12327e-07 4.23978e-06 9.43503e-05 0.00123791 0.00957677 0.0437025 0.117886 0.189953 0.192233 0.147381 0.117142 0.091869 0.0539323 0.0228225 0.00818087 0.0027973 0.000872327 0.000240882 5.87445e-05 1.24311e-05 2.25588e-06 3.42838e-07 4.18847e-08
 1.7056e-11 1.85208e-09 1.18572e-07 4.47549e-06 9.95957e-05 0.00130673 0.010109 0.0461269 0.124367 0.199924 0.200102 0.147614 0.110283 0.0833228 0.0478511 0.0194794 0.00651246 0.00207349 0.00061387 0.000162853 3.84733e-05 7.85143e-06 1.34679e-06 1.90571e-07 2.17849e-08
 1.77422e-11 1.9266e-09 1.23342e-07 4.65556e-06 0.000103603 0.0013593 0.0105155 0.0479788 0.129317 0.207536 0.206091 0.147733 0.104955 0.0767364 0.0432336 0.0170113 0.00531178 0.00155485 0.000425567 0.000104352 2.29891e-05 4.44972e-06 7.31599e-07 9.9044e-08 1.07052e-08
 1.8043e-11 1.95926e-09 1.25433e-07 4.73448e-06 0.000105359 0.00138234 0.0106937 0.0487906 0.131488 0.210881 0.208756 0.147895 0.102787 0.0739614 0.041164 0.0157757 0.00464826 0.00125807 0.000318768 7.17815e-05 1.44204e-05 2.55538e-06 3.88578e-07 4.93862e-08 5.07093e-09
 1.7918e-11 1.94568e-09 1.24564e-07 4.70167e-06 0.000104629 0.00137276 0.0106196 0.0484536 0.130591 0.209538 0.207876 0.148456 0.104646 0.0757536 0.0417659 0.015414 0.00414068 0.000982643 0.000223145 4.59259e-05 8.4248e-06 1.35907e-06 1.8749e-07 2.16722e-08 2.0464e-09
 1.82038e-11 1.97671e-09 1.26551e-07 4.77667e-06 0.000106298 0.00139466 0.010789 0.0492247 0.13265 0.212685 0.210257 0.148191 0.101948 0.0726932 0.0399775 0.0148289 0.00403194 0.000960998 0.000210218 3.93834e-05 6.36749e-06 9.11643e-07 1.13116e-07 1.18002e-08 1.00645e-09
 1.83044e-11 1.98763e-09 1.2725e-07 4.80306e-06 0.000106885 0.00140236 0.0108486 0.0494962 0.133377 0.213808 0.211173 0.148313 0.101324 0.0718248 0.0392389 0.0143047 0.003727 0.000835703 0.000175881 3.25661e-05 5.16015e-06 6.94077e-07 7.73745e-08 7.11619e-09 5.3789e-10
 1.86158e-11 2.02146e-09 1.29415e-07 4.88478e-06 0.000108704 0.00142622 0.0110331 0.0503367 0.135622 0.217249 0.213825 0.148184 0.0986246 0.0686411 0.0372019 0.0134245 0.00341072 0.000730891 0.000146054 2.56098e-05 3.844e-06 4.97605e-07 5.38754e-08 4.71784e-09 3.27107e-10
 1.96689e-11 2.13581e-09 1.36737e-07 5.16112e-06 0.000114853 0.0015069 0.011657 0.0531783 0.143212 0.228876 0.22275 0.147633 0.0893196 0.057754 0.0303516 0.0106004 0.00248705 0.000459774 7.94749e-05 1.27495e-05 1.79656e-06 2.19143e-07 2.24141e-08 1.86799e-09 1.24224e-10
 2.0262e-11 2.20021e-09 1.40859e-07 5.31673e-06 0.000118316 0.00155233 0.0120083 0.0547783 0.147484 0.235403 0.227683 0.147066 0.0836918 0.0513734 0.0266201 0.00938519 0.00228478 0.000451146 8.09754e-05 1.2368e-05 1.5407e-06 1.64095e-07 1.51636e-08 1.17393e-09 7.33757e-11
#obs surv len freq
 2.22752e-11 2.15207e-09 1.22582e-07 4.11661e-06 8.15066e-05 0.00095148 0.00654985 0.0266115 0.0641169 0.0939312 0.0940619 0.0899604 0.102107 0.110953 0.107934 0.0978372 0.0794932 0.0569728 0.0362351 0.0197926 0.00872081 0.00289127 0.00067712 0.000106522 1.08498e-05
 4.87587e-12 4.5436e-10 2.49625e-08 8.08573e-07 1.54425e-05 0.000173945 0.00115742 0.00458825 0.0113193 0.0208149 0.0405097 0.0825949 0.131089 0.154792 0.154507 0.138611 0.107639 0.0728091 0.0438191 0.0226288 0.00934178 0.00287116 0.00061851 8.91261e-05 8.30242e-06
 9.10964e-11 8.17354e-09 4.32372e-07 1.34848e-05 0.000247952 0.00268802 0.0171806 0.0647462 0.143908 0.188967 0.148118 0.0746214 0.0390166 0.0470193 0.0688361 0.0743165 0.0583966 0.0369399 0.0203558 0.00966191 0.00368425 0.00104497 0.000206927 2.73076e-05 2.32426e-06
 1.03372e-10 8.91584e-09 4.53378e-07 1.35924e-05 0.000240257 0.00250388 0.0153885 0.0558335 0.120289 0.158573 0.146193 0.131313 0.128413 0.100206 0.0557096 0.0296971 0.0219306 0.0167897 0.0101224 0.00464958 0.00162828 0.000420257 7.58511e-05 9.13541e-06 7.09644e-07
 1.35908e-10 1.12508e-08 5.49114e-07 1.58008e-05 0.000268063 0.00268135 0.0158166 0.0550769 0.113856 0.143858 0.126813 0.110608 0.114166 0.11109 0.0925434 0.0626673 0.0314407 0.012103 0.00449066 0.0017541 0.000583579 0.000140853 2.32457e-05 2.54113e-06 1.79186e-07
 2.08496e-10 1.65419e-08 7.73767e-07 2.1339e-05 0.000346962 0.0033262 0.0188046 0.0627649 0.12442 0.151064 0.128946 0.109882 0.109447 0.101586 0.0822754 0.0572951 0.0314279 0.0129416 0.00408659 0.00106266 0.00024525 4.83593e-05 7.14079e-06 7.13087e-07 4.58447e-08
 2.93884e-10 2.2316e-08 9.99071e-07 2.63703e-05 0.000410372 0.00376536 0.0203761 0.0651286 0.123929 0.146136 0.12648 0.115204 0.117473 0.105792 0.0811994 0.0527359 0.0268374 0.0104164 0.0031666 0.000759113 0.000141037 2.0224e-05 2.22699e-06 1.80523e-07 1.007e-08
 4.39518e-10 3.19015e-08 1.36517e-06 3.44428e-05 0.000512338 0.00449349 0.0232441 0.0710309 0.129332 0.146526 0.123619 0.111854 0.113637 0.103412 0.0809696 0.0524579 0.0258762 0.00954904 0.0027249 0.000608187 0.000103308 1.2879e-05 1.1476e-06 7.18651e-08 3.11286e-09
 6.40715e-10 4.43986e-08 1.8139e-06 4.36915e-05 0.000620479 0.00519557 0.0256616 0.0749129 0.130637 0.143476 0.122032 0.114776 0.116428 0.102901 0.0780942 0.0493262 0.0239863 0.00880319 0.00247807 0.000532099 8.46781e-05 9.67887e-06 7.72394e-07 4.19616e-08 1.52062e-09
 9.54415e-10 6.30697e-08 2.45721e-06 5.64423e-05 0.000764388 0.00610392 0.0287534 0.0800969 0.133629 0.142094 0.121276 0.11713 0.118824 0.103715 0.0762816 0.044592 0.0190397 0.00591118 0.00141507 0.000270393 3.98645e-05 4.26718e-06 3.16109e-07 1.57041e-08 5.12012e-10
 1.471e-09 9.26007e-08 3.4368e-06 7.52029e-05 0.000970204 0.00738046 0.0331224 0.0879362 0.14008 0.143405 0.120564 0.116055 0.115828 0.0995047 0.0718568 0.0406557 0.0165476 0.0047921 0.0010294 0.000169559 2.13076e-05 1.98229e-06 1.31289e-07 5.94589e-09 1.77901e-10
 2.00058e-09 1.19852e-07 4.23325e-06 8.81542e-05 0.00108235 0.00783623 0.0334814 0.0847638 0.129812 0.132348 0.120421 0.12644 0.126766 0.105478 0.072833 0.0389391 0.0148207 0.00397407 0.000781979 0.000116383 1.29646e-05 1.04807e-06 5.97107e-08 2.33667e-09 6.12799e-11
 2.76989e-09 1.57775e-07 5.29852e-06 0.000104909 0.0012247 0.00843114 0.0342625 0.082618 0.121349 0.122076 0.115996 0.127633 0.131497 0.113525 0.0799494 0.0417827 0.0150415 0.00373419 0.000669693 8.99499e-05 8.99441e-06 6.48945e-07 3.27214e-08 1.12281e-09 2.5642e-11
 3.88188e-09 2.10056e-07 6.70144e-06 0.00012605 0.00139793 0.00914325 0.0353151 0.0810964 0.114522 0.114866 0.115166 0.131333 0.135792 0.117468 0.0821409 0.0421807 0.014979 0.00370907 0.000662422 8.63931e-05 8.09507e-06 5.32363e-07 2.4097e-08 7.37034e-10 1.49448e-11
 5.10526e-09 2.62235e-07 7.94151e-06 0.000141795 0.00149278 0.00926976 0.0340173 0.0744903 0.102051 0.105363 0.116135 0.139189 0.145195 0.125662 0.0861419 0.0424461 0.014342 0.00338947 0.000583493 7.40347e-05 6.755e-06 4.28182e-07 1.83411e-08 5.20196e-10 9.61724e-12
 8.76774e-09 4.27206e-07 1.22723e-05 0.000207855 0.00207572 0.0122264 0.0425508 0.0882786 0.114038 0.109351 0.111319 0.128557 0.13547 0.119661 0.0814589 0.0388392 0.0125767 0.00284533 0.000468351 5.66431e-05 4.91792e-06 2.96925e-07 1.21263e-08 3.27284e-10 5.72446e-12
 1.46558e-08 6.76972e-07 1.84362e-05 0.00029602 0.00280252 0.0156507 0.0516605 0.101839 0.126022 0.118605 0.119981 0.131716 0.126692 0.101336 0.0636033 0.0285885 0.00888375 0.00195179 0.000312447 3.64298e-05 3.01494e-06 1.72084e-07 6.61415e-09 1.67712e-10 2.75522e-12
 1.84794e-08 8.08792e-07 2.08703e-05 0.00031752 0.00284854 0.0150788 0.0472555 0.0891448 0.109287 0.112027 0.128863 0.146425 0.138181 0.107123 0.0647525 0.0280477 0.00847503 0.00182891 0.000288105 3.28071e-05 2.62326e-06 1.43204e-07 5.218e-09 1.24524e-10 1.91508e-12
 2.84117e-08 1.17774e-06 2.87837e-05 0.000414758 0.00352416 0.0176696 0.0524586 0.0938235 0.10942 0.107851 0.121687 0.13999 0.13838 0.111288 0.0665259 0.0274049 0.00772672 0.00155037 0.000229036 2.47777e-05 1.89833e-06 9.94256e-08 3.46263e-09 7.85118e-11 1.14027e-12
 4.50516e-08 1.76818e-06 4.09151e-05 0.000558209 0.00449093 0.0213235 0.0599987 0.102079 0.114937 0.112836 0.126326 0.138889 0.129395 0.0989862 0.0576225 0.0238543 0.00696123 0.0014553 0.000218044 2.29821e-05 1.66859e-06 8.1996e-08 2.67999e-09 5.71883e-11 7.82871e-13
 6.3116e-08 2.34484e-06 5.13606e-05 0.0006633 0.00505187 0.0227169 0.0606532 0.0988187 0.110396 0.114834 0.134653 0.146138 0.131362 0.0955948 0.0521732 0.0201102 0.00549996 0.00110147 0.000162394 1.70946e-05 1.23484e-06 5.93575e-08 1.85965e-09 3.74304e-11 4.78799e-13
 1.10703e-07 3.89247e-06 8.06927e-05 0.00098629 0.0071093 0.0302518 0.0763845 0.117318 0.122036 0.115973 0.126829 0.134317 0.120128 0.0852111 0.0436649 0.0152772 0.0036905 0.000645328 8.42618e-05 8.10115e-06 5.50505e-07 2.53814e-08 7.69065e-10 1.49607e-11 1.83759e-13
 1.46197e-07 4.86484e-06 9.54427e-05 0.00110406 0.00753308 0.0303681 0.0729375 0.108542 0.116726 0.12502 0.144345 0.144459 0.117464 0.0768806 0.0376707 0.0130409 0.00317919 0.000554614 6.92488e-05 6.08991e-06 3.70389e-07 1.53136e-08 4.22108e-10 7.59262e-12 8.73477e-14
 2.10326e-07 6.62344e-06 0.000122976 0.0013463 0.00869386 0.0331799 0.0755428 0.107179 0.112013 0.119851 0.139808 0.144477 0.122727 0.081055 0.0382363 0.0124081 0.00282495 0.000466572 5.61187e-05 4.77746e-06 2.7785e-07 1.07441e-08 2.71178e-10 4.40875e-12 4.56831e-14
 2.56361e-07 7.64059e-06 0.000134263 0.00139122 0.00850608 0.0307849 0.0669603 0.0936676 0.105415 0.128097 0.154931 0.155249 0.125803 0.0791659 0.0357655 0.0112071 0.00247332 0.000393139 4.4904e-05 3.60058e-06 1.97238e-07 7.20451e-09 1.71761e-10 2.62438e-12 2.53305e-14
 3.91203e-07 1.10357e-05 0.000183548 0.00180016 0.0104177 0.0356868 0.0734659 0.0972251 0.103625 0.121179 0.146599 0.152737 0.128489 0.080605 0.0350374 0.0104018 0.00217066 0.000327426 3.55744e-05 2.70723e-06 1.39923e-07 4.79191e-09 1.06664e-10 1.51935e-12 1.36732e-14
 5.88318e-07 1.57102e-05 0.00024735 0.00229654 0.0125844 0.040862 0.080113 0.102862 0.110807 0.131042 0.151628 0.146468 0.114344 0.0678188 0.0285231 0.00836219 0.00173803 0.000258509 2.71368e-05 1.96183e-06 9.54644e-08 3.06577e-09 6.38318e-11 8.48293e-13 7.10334e-15
 8.82026e-07 2.22987e-05 0.000332384 0.0029218 0.015161 0.0466507 0.0869579 0.107472 0.114344 0.134214 0.151847 0.142734 0.107044 0.0596326 0.0231155 0.00618844 0.00118041 0.000164076 1.64017e-05 1.13833e-06 5.30138e-08 1.61552e-09 3.16404e-11 3.92988e-13 3.06331e-15
 1.04116e-06 2.49234e-05 0.000351781 0.0029286 0.0144033 0.0421626 0.0760005 0.096273 0.115254 0.14777 0.166347 0.149906 0.106504 0.0558042 0.0202329 0.00503146 0.000882502 0.000111748 1.01564e-05 6.45181e-07 2.78016e-08 7.91566e-10 1.45666e-11 1.70205e-13 1.24573e-15
#pred catch len freq
 6.47772e-12 7.03403e-10 4.50326e-08 1.69976e-06 3.78262e-05 0.000496331 0.00384114 0.0175615 0.0478229 0.0807058 0.0988578 0.121003 0.153239 0.153431 0.116085 0.0779509 0.0507171 0.0309601 0.0182223 0.0108421 0.00675068 0.00457245 0.00333088 0.00230295 0.00126701
 3.65455e-12 3.96841e-10 2.54061e-08 9.5896e-07 2.13409e-05 0.00028004 0.00216798 0.00992895 0.0272722 0.047899 0.0671355 0.100891 0.144465 0.157197 0.136321 0.10918 0.0802821 0.0517373 0.0301272 0.0163457 0.00859168 0.00469733 0.00281451 0.00173111 0.000912451
 7.09316e-12 7.70233e-10 4.9311e-08 1.86125e-06 4.14196e-05 0.000543455 0.0042048 0.0192003 0.0519581 0.0850687 0.0924993 0.0884304 0.0962709 0.103971 0.104292 0.101028 0.0885867 0.0679212 0.0454316 0.0261574 0.0131838 0.00615797 0.002912 0.00145496 0.000683629
 8.46431e-12 9.19123e-10 5.88431e-08 2.22104e-06 4.94263e-05 0.000648516 0.00501794 0.0229194 0.0621074 0.102363 0.114363 0.115998 0.127823 0.12083 0.0880799 0.0610052 0.0498982 0.0441454 0.0357525 0.0244696 0.0138387 0.00651934 0.00269483 0.00106577 0.000409
 9.07665e-12 9.85616e-10 6.31e-08 2.38171e-06 5.3002e-05 0.00069543 0.00538087 0.0245753 0.06657 0.109522 0.121473 0.121224 0.132458 0.127093 0.0959498 0.0649908 0.0431297 0.0288043 0.0212307 0.0162574 0.0109387 0.0059176 0.00254479 0.000905958 0.000283222
 1.10083e-11 1.19537e-09 7.65287e-08 2.88858e-06 6.42814e-05 0.000843413 0.00652542 0.0297919 0.0805533 0.131341 0.140198 0.126777 0.125913 0.116128 0.085962 0.0575413 0.0381242 0.0240618 0.0146429 0.00919183 0.00603235 0.00365543 0.00178603 0.000668894 0.000194453
 1.19647e-11 1.29922e-09 8.31772e-08 3.13953e-06 6.98659e-05 0.000916684 0.00709226 0.0323787 0.0875311 0.142585 0.151566 0.135335 0.131749 0.117544 0.0804227 0.0471014 0.0278701 0.016681 0.00973045 0.00545888 0.00300762 0.00166094 0.000845075 0.000346195 0.000105521
 1.13302e-11 1.23032e-09 7.87666e-08 2.97305e-06 6.61612e-05 0.000868083 0.00671651 0.0306695 0.082997 0.135894 0.147683 0.139838 0.144059 0.129861 0.085989 0.0462332 0.0240877 0.0124831 0.00637466 0.00324737 0.00161362 0.000772621 0.000353725 0.000143821 4.60467e-05
 1.18846e-11 1.29052e-09 8.26205e-08 3.11851e-06 6.93983e-05 0.000910551 0.00704487 0.0321637 0.0869693 0.141826 0.151489 0.137107 0.135535 0.122077 0.0842992 0.0491634 0.0270842 0.0135577 0.00614306 0.00266738 0.00113716 0.000473695 0.000188764 6.91113e-05 2.14047e-05
 1.29025e-11 1.40106e-09 8.96972e-08 3.38562e-06 7.53424e-05 0.000988536 0.00764801 0.0349122 0.0943301 0.153257 0.161032 0.139088 0.130344 0.113984 0.0764215 0.0428304 0.0233178 0.012154 0.00576818 0.00244555 0.000925398 0.000323873 0.000107979 3.38168e-05 9.38248e-06
 1.39567e-11 1.51554e-09 9.7026e-08 3.66225e-06 8.14982e-05 0.0010693 0.00827267 0.0377596 0.101967 0.165206 0.171443 0.14262 0.127381 0.107774 0.0689667 0.0353002 0.0172845 0.00838873 0.00387731 0.00166995 0.000641745 0.000213238 6.16385e-05 1.59538e-05 3.71202e-06
 1.38341e-11 1.50222e-09 9.61735e-08 3.63007e-06 8.07822e-05 0.00105991 0.0082001 0.0374304 0.101106 0.164038 0.171286 0.14513 0.132289 0.111946 0.0696128 0.0330475 0.0144339 0.00622272 0.00256243 0.00100997 0.000373375 0.000123368 3.47631e-05 8.15847e-06 1.6041e-06
 1.36309e-11 1.48015e-09 9.47609e-08 3.57675e-06 7.95957e-05 0.00104434 0.00807972 0.0368822 0.0996433 0.161811 0.169644 0.145464 0.134475 0.114468 0.0712305 0.0336598 0.0143908 0.00585844 0.00217367 0.000749571 0.000243921 7.35177e-05 1.97443e-05 4.47617e-06 8.1948e-07
 1.39936e-11 1.51954e-09 9.72824e-08 3.67193e-06 8.17136e-05 0.00107213 0.00829456 0.03786 0.102246 0.165719 0.172262 0.144017 0.129354 0.109441 0.0693924 0.0344571 0.0156764 0.0065928 0.00242636 0.000793176 0.000232672 6.1181e-05 1.44435e-05 2.98777e-06 5.14577e-07
 1.32537e-11 1.4392e-09 9.21388e-08 3.47778e-06 7.73933e-05 0.00101545 0.00785629 0.0358649 0.0969299 0.157689 0.166644 0.146199 0.138611 0.118844 0.0733295 0.033822 0.0141058 0.00577748 0.00219742 0.000746558 0.000219103 5.45426e-05 1.1558e-05 2.08993e-06 3.18561e-07
 1.33601e-11 1.45075e-09 9.28781e-08 3.50569e-06 7.80142e-05 0.00102359 0.00791928 0.0361517 0.0976945 0.158847 0.167472 0.145947 0.137405 0.117685 0.0729967 0.0340525 0.0142248 0.00561359 0.00199246 0.000643922 0.000189093 4.80588e-05 1.01095e-05 1.71981e-06 2.35124e-07
 1.50126e-11 1.63019e-09 1.04366e-07 3.93929e-06 8.76634e-05 0.00115019 0.00889829 0.0406111 0.109613 0.177157 0.181794 0.145956 0.124144 0.101523 0.0619563 0.0284767 0.0117103 0.00459493 0.0016252 0.000511906 0.000142728 3.46454e-05 7.18101e-06 1.2212e-06 1.63167e-07
 1.50162e-11 1.63058e-09 1.04391e-07 3.94024e-06 8.76845e-05 0.00115046 0.00890047 0.0406219 0.109652 0.177305 0.182338 0.147368 0.126278 0.102966 0.0614379 0.0265756 0.009941 0.00362158 0.00123447 0.00038219 0.00010517 2.48665e-05 4.94127e-06 8.0831e-07 1.05678e-07
 1.49361e-11 1.62189e-09 1.03835e-07 3.91924e-06 8.72172e-05 0.00114433 0.00885306 0.0404059 0.109075 0.17642 0.181655 0.1474 0.126986 0.103851 0.0621008 0.0269293 0.0100184 0.00352721 0.00111893 0.000318161 8.23623e-05 1.88484e-05 3.66114e-06 5.81844e-07 7.33414e-08
 1.55561e-11 1.6892e-09 1.08144e-07 4.08191e-06 9.08371e-05 0.00119182 0.00922033 0.042079 0.113549 0.183306 0.187111 0.147633 0.122361 0.0980182 0.0578573 0.0245102 0.00878747 0.00300479 0.000937033 0.00025875 6.3102e-05 1.33532e-05 2.42321e-06 3.68269e-07 4.49917e-08
 1.65452e-11 1.79661e-09 1.15021e-07 4.34146e-06 9.66129e-05 0.0012676 0.00980634 0.0447485 0.120685 0.194284 0.195769 0.147871 0.11478 0.0885885 0.0511678 0.0208541 0.00697346 0.00222033 0.000657344 0.000174386 4.1198e-05 8.40748e-06 1.44217e-06 2.04068e-07 2.33277e-08
 1.73258e-11 1.88137e-09 1.20447e-07 4.54628e-06 0.000101171 0.0013274 0.0102688 0.0468551 0.126316 0.20294 0.202569 0.147973 0.108667 0.0810606 0.0459274 0.0180924 0.00565053 0.00165406 0.000452723 0.000111011 2.44561e-05 4.73365e-06 7.78283e-07 1.05364e-07 1.13883e-08
 1.79147e-11 1.94532e-09 1.24541e-07 4.70081e-06 0.00010461 0.00137251 0.0106177 0.0484444 0.130563 0.209465 0.207674 0.147976 0.103941 0.0753007 0.0419913 0.0160993 0.00474399 0.00128399 0.000325338 7.32611e-05 1.47176e-05 2.60805e-06 3.96587e-07 5.04041e-08 5.17545e-09
 1.77602e-11 1.92855e-09 1.23467e-07 4.66027e-06 0.000103708 0.00136068 0.0105262 0.0480279 0.129455 0.207799 0.20655 0.148567 0.106084 0.0774124 0.042778 0.0157951 0.00424346 0.00100705 0.000228689 4.70668e-05 8.6341e-06 1.39283e-06 1.92148e-07 2.22106e-08 2.09724e-09
 1.81559e-11 1.97151e-09 1.26218e-07 4.7641e-06 0.000106018 0.00139099 0.0107606 0.0490955 0.132305 0.212157 0.209854 0.148224 0.102383 0.0731964 0.0402851 0.0149455 0.00406377 0.000968589 0.000211879 3.96946e-05 6.41781e-06 9.18847e-07 1.1401e-07 1.18934e-08 1.0144e-09
 1.8329e-11 1.99031e-09 1.27422e-07 4.80953e-06 0.000107029 0.00140425 0.0108632 0.0495627 0.133555 0.21408 0.21138 0.148295 0.101099 0.071565 0.0390809 0.0142459 0.00371161 0.000832252 0.000175155 3.24317e-05 5.13885e-06 6.91213e-07 7.70551e-08 7.08682e-09 5.3567e-10
 1.888e-11 2.05014e-09 1.31252e-07 4.9541e-06 0.000110246 0.00144646 0.0111896 0.0510494 0.137525 0.220161 0.216042 0.147988 0.0962021 0.0658528 0.0355111 0.0128005 0.0032515 0.00069675 0.000139231 2.44134e-05 3.66443e-06 4.74359e-07 5.13586e-08 4.49745e-09 3.11827e-10
 1.96251e-11 2.13105e-09 1.36432e-07 5.14961e-06 0.000114597 0.00150354 0.011631 0.0530599 0.142896 0.228392 0.222383 0.147668 0.0897254 0.0582194 0.0306315 0.0107009 0.00251075 0.000464161 8.02334e-05 1.28711e-05 1.81371e-06 2.21235e-07 2.26281e-08 1.88582e-09 1.2541e-10
 1.88053e-11 2.04204e-09 1.30733e-07 4.93451e-06 0.00010981 0.00144074 0.0111454 0.0508481 0.136989 0.21935 0.215469 0.148189 0.0971089 0.066788 0.0359269 0.0127716 0.00311418 0.000615091 0.000110406 1.68633e-05 2.10068e-06 2.23738e-07 2.06749e-08 1.60061e-09 1.00045e-10
#obs catch len freq
 1.58098e-11 1.52743e-09 8.70027e-08 2.92176e-06 5.78494e-05 0.000675329 0.00464941 0.018902 0.045696 0.0681201 0.0733939 0.0821918 0.104867 0.120127 0.121586 0.113252 0.0933781 0.0679614 0.0441843 0.0247856 0.0112459 0.00383856 0.000921829 0.000147869 1.52824e-05
 1.5001e-11 1.39787e-09 7.67988e-08 2.4876e-06 4.75067e-05 0.00053495 0.00355353 0.0139603 0.0328762 0.049636 0.0613822 0.0862718 0.120556 0.136349 0.132811 0.119503 0.0959786 0.0679568 0.0425206 0.022639 0.0096098 0.00303381 0.00066995 9.86452e-05 9.355e-06
 1.48519e-12 1.33258e-10 7.0493e-09 2.19871e-07 4.04473e-06 4.39555e-05 0.000284645 0.00114805 0.00345704 0.0109693 0.0357132 0.0862498 0.138922 0.162264 0.160558 0.14232 0.108958 0.0727534 0.0430449 0.0216308 0.00858579 0.00250886 0.000509126 6.86297e-05 5.95059e-06
 1.92331e-11 1.65885e-09 8.43539e-08 2.52896e-06 4.47014e-05 0.000465863 0.00286313 0.0103883 0.0223844 0.029588 0.028289 0.0327276 0.0614591 0.120816 0.181219 0.190259 0.145923 0.0907501 0.0491191 0.0226806 0.00830868 0.00223823 0.000417165 5.14722e-05 4.07659e-06
 4.74978e-11 3.93199e-09 1.91907e-07 5.52219e-06 9.36903e-05 0.000937436 0.00553861 0.0194533 0.0420456 0.0649085 0.100255 0.164366 0.205193 0.16507 0.0909894 0.0495698 0.0371759 0.0278336 0.0162428 0.0072002 0.00241681 0.000592148 0.000100564 1.1321e-05 8.18141e-07
 1.59937e-10 1.26892e-08 5.93555e-07 1.63692e-05 0.000266156 0.00255163 0.0144282 0.0482044 0.0960497 0.119672 0.113023 0.116373 0.131352 0.128727 0.105677 0.0696536 0.0338689 0.0128196 0.00475657 0.00182374 0.000581065 0.000132733 2.05861e-05 2.10288e-06 1.37945e-07
 2.74197e-10 2.08211e-08 9.32144e-07 2.46038e-05 0.000382882 0.00351315 0.019012 0.060779 0.115761 0.137144 0.120865 0.113863 0.11933 0.11057 0.0884481 0.0602583 0.0320671 0.01279 0.00392354 0.000996047 0.000223588 4.21785e-05 5.86828e-06 5.47522e-07 3.27366e-08
 3.57163e-10 2.5924e-08 1.10937e-06 2.79891e-05 0.000416343 0.00365172 0.0188943 0.0578123 0.105968 0.12399 0.116965 0.124234 0.134504 0.120786 0.0913715 0.0579474 0.0286029 0.0107681 0.00317386 0.000734558 0.000131159 1.79935e-05 1.88106e-06 1.43336e-07 7.45586e-09
 5.8163e-10 4.03044e-08 1.64663e-06 3.96625e-05 0.000563262 0.00471656 0.023298 0.0680483 0.118988 0.132396 0.117741 0.11813 0.124333 0.112305 0.086455 0.0544926 0.0259933 0.00928301 0.00256416 0.000551533 8.96857e-05 1.06373e-05 8.96851e-07 5.28574e-08 2.14278e-09
 9.21846e-10 6.09175e-08 2.37336e-06 5.45163e-05 0.000738305 0.00589569 0.0277736 0.0773836 0.129241 0.138119 0.119768 0.117833 0.119946 0.104431 0.077827 0.0478229 0.022492 0.00798068 0.00216834 0.000447153 6.79355e-05 7.37113e-06 5.55413e-07 2.83541e-08 9.61488e-10
 1.4101e-09 8.8767e-08 3.29452e-06 7.20895e-05 0.00093004 0.00707503 0.031754 0.0843346 0.134601 0.139026 0.120086 0.119235 0.120182 0.103008 0.0740499 0.0418533 0.0171913 0.00515019 0.00119351 0.000219905 3.09908e-05 3.14583e-06 2.19695e-07 1.02432e-08 3.12289e-10
 2.22391e-09 1.33231e-07 4.70581e-06 9.79949e-05 0.00120316 0.00871052 0.0372081 0.0940823 0.143183 0.141963 0.119687 0.116769 0.115063 0.0969205 0.0682681 0.0372533 0.0145479 0.00404889 0.000837815 0.000132709 1.59537e-05 1.41064e-06 8.82202e-08 3.7514e-09 1.04931e-10
 3.08573e-09 1.75766e-07 5.9027e-06 0.000116871 0.00136434 0.00939218 0.0381621 0.0919475 0.134509 0.132976 0.120835 0.126441 0.12399 0.100868 0.0677969 0.0348894 0.0127172 0.0032713 0.000618912 8.83888e-05 9.39793e-06 7.21081e-07 3.87932e-08 1.4268e-09 3.50197e-11
 4.32894e-09 2.34247e-07 7.47321e-06 0.000140567 0.0015589 0.0101956 0.0393693 0.0902829 0.12664 0.123621 0.117002 0.127461 0.128341 0.108247 0.0738483 0.0369704 0.0127036 0.00301798 0.000519466 6.68757e-05 6.3772e-06 4.36307e-07 2.07571e-08 6.6912e-10 1.43018e-11
 6.18265e-09 3.17576e-07 9.61743e-06 0.000171718 0.00180776 0.0112242 0.0411621 0.0898302 0.121074 0.117663 0.116554 0.130351 0.131414 0.110918 0.0749637 0.0368359 0.0124883 0.00295825 0.00050578 6.29648e-05 5.60628e-06 3.48876e-07 1.4885e-08 4.27526e-10 8.1123e-12
 8.26439e-09 4.0268e-07 1.15678e-05 0.000195923 0.0019566 0.011526 0.0401339 0.0834836 0.109184 0.109258 0.11824 0.138033 0.140187 0.118115 0.0779879 0.036689 0.0118251 0.00267375 0.000440792 5.33692e-05 4.62078e-06 2.76557e-07 1.11408e-08 2.96186e-10 5.11854e-12
 1.43178e-08 6.61357e-07 1.8011e-05 0.000289191 0.00273785 0.0152887 0.0504527 0.099331 0.122199 0.112871 0.112094 0.126068 0.129481 0.111017 0.0724882 0.0329187 0.0101574 0.00219691 0.000345972 3.989e-05 3.28431e-06 1.87125e-07 7.18172e-09 1.81512e-10 2.96439e-12
 2.36736e-08 1.03613e-06 2.67365e-05 0.000406763 0.00364892 0.0193091 0.0604085 0.112986 0.133258 0.121158 0.119737 0.12773 0.119526 0.092884 0.0560281 0.0240211 0.00711894 0.00149517 0.000228702 2.5375e-05 1.98834e-06 1.06975e-07 3.86087e-09 9.16202e-11 1.40465e-12
 3.05069e-08 1.2646e-06 3.09064e-05 0.000445345 0.00378407 0.0189731 0.0563341 0.1008 0.117739 0.116152 0.129037 0.141436 0.129571 0.097436 0.0565412 0.0233603 0.00673525 0.00138931 0.000208859 2.25915e-05 1.70737e-06 8.77231e-08 2.99762e-09 6.68803e-11 9.59141e-13
 4.67965e-08 1.83666e-06 4.24996e-05 0.000579824 0.00466471 0.0221457 0.0622711 0.105608 0.117325 0.111336 0.121599 0.135513 0.130186 0.101058 0.0576707 0.0225858 0.00606759 0.00116376 0.000164205 1.68831e-05 1.22224e-06 6.01972e-08 1.96389e-09 4.15866e-11 5.6269e-13
 7.47355e-08 2.77652e-06 6.08157e-05 0.000785395 0.00598124 0.0268842 0.0716222 0.115468 0.123551 0.115931 0.124513 0.132058 0.119483 0.0883466 0.0492246 0.01943 0.00540924 0.00107824 0.000153529 1.53151e-05 1.04848e-06 4.84155e-08 1.48196e-09 2.95239e-11 3.76344e-13
 1.07241e-07 3.77076e-06 7.81697e-05 0.000955458 0.00688729 0.0293118 0.0740701 0.114192 0.120552 0.118212 0.131342 0.136888 0.119194 0.0836043 0.0435879 0.016012 0.00418322 0.000800728 0.000112366 1.11889e-05 7.60473e-07 3.42601e-08 1.003e-09 1.88205e-11 2.2399e-13
 1.84471e-07 6.13841e-06 0.000120428 0.00139303 0.00950269 0.0382684 0.0914479 0.132919 0.130757 0.117395 0.122024 0.1244 0.107645 0.0732818 0.0357194 0.0118676 0.00273203 0.00045671 5.69089e-05 5.19069e-06 3.3249e-07 1.43748e-08 4.06824e-10 7.37029e-12 8.41259e-14
 2.46222e-07 7.75383e-06 0.000143963 0.00157603 0.0101766 0.0388246 0.0882368 0.124158 0.125826 0.126493 0.138123 0.13265 0.104359 0.0657482 0.0307497 0.010133 0.00235305 0.000390744 4.62968e-05 3.84887e-06 2.20497e-07 8.55607e-09 2.2054e-10 3.69735e-12 3.9538e-14
 3.59827e-07 1.07242e-05 0.000188446 0.00195249 0.0119326 0.0430962 0.0928092 0.124252 0.121519 0.120764 0.132811 0.13186 0.108054 0.0682811 0.0306151 0.00944252 0.00204894 0.000322611 3.6843e-05 2.96127e-06 1.61822e-07 5.85839e-09 1.38046e-10 2.09043e-12 2.01347e-14
 4.48322e-07 1.2647e-05 0.000210346 0.00206297 0.0119379 0.0408829 0.0840483 0.110544 0.115311 0.129246 0.147313 0.141767 0.110739 0.0666608 0.0286362 0.0085309 0.0017929 0.000271172 2.93599e-05 2.22116e-06 1.14308e-07 3.90788e-09 8.69214e-11 1.23585e-12 1.10775e-14
 6.87057e-07 1.83469e-05 0.000288857 0.00268172 0.0146898 0.0476176 0.0926216 0.115051 0.113069 0.121305 0.138357 0.138516 0.111868 0.0668123 0.0275453 0.00776798 0.00154358 0.00022153 2.28028e-05 1.63566e-06 7.93371e-08 2.54087e-09 5.27377e-11 6.98793e-13 5.83841e-15
 1.0379e-06 2.62393e-05 0.000391117 0.00343785 0.0178329 0.0547869 0.101392 0.121665 0.119639 0.128826 0.140112 0.12987 0.0973839 0.0550825 0.0220135 0.00613658 0.00121331 0.000171262 1.69899e-05 1.15591e-06 5.27404e-08 1.58295e-09 3.07157e-11 3.79524e-13 2.94915e-15
 1.56505e-06 3.74637e-05 0.000528753 0.00440081 0.0216182 0.0629304 0.110608 0.12718 0.12228 0.129754 0.137743 0.124014 0.0890509 0.047175 0.017346 0.00441398 0.000801862 0.000105953 1.00168e-05 6.53906e-07 2.85206e-08 8.11299e-10 1.47944e-11 1.70736e-13 1.23448e-15
#spawning biomass
 9205.39 9804.57 8773.11 8300.61 11128.1 16328.8 22848.6 26393.4 37280.6 53781 70879.6 84904.2 96394.2 129548 127409 108054 98545.1 103234 106846 99364.6 95340.6 103706 120105 118077 121249 119749 117340 109942 170034 347206 571890 605471 564215 486811 401316 323136 258464 208182 170680 143512 124243 110788 101497 95084.4 90672.5 87745.7 85804.2 84516.3 83661.9 83095.1 82719.1 82469.7 82304.3 82194.5 82121.7 82073.4 82041.4 82020.1 82006 81996.7 81990.5 81986.4 81983.6 81981.8 81980.6 81979.8 81979.3 81978.9 81978.7 81978.5 81978.4 81978.4 81978.3 81978.3 81978.3 81978.3 81978.3 81978.3 81978.2 81978.2 81978.2 81978.2 81978.2 81978.2 81978.2 81978.2 81978.2 81978.2 81978.2 81978.2 81978.2 81978.2 81978.2 81978.2 81978.2 81978.2 81978.2 81978.2 81978.2 81978.2 81978.2 81978.2 81978.2 81978.2 81978.2 81978.2 81978.2 81978.2 81978.2 81978.2 81978.2 81978.2 81978.2 81978.2 81978.2 81978.2 81978.2 81978.2 81978.2 81978.2 81978.2 81978.2 81978.2 81978.2 81978.2 81978.2 81978.2 81978.2 81978.2 0 0 0 0 0 0 0 0 0 0 0 0 0 0 0 0 0 0 0 0 0 0 0 0 0
