SBPRF35
0.178135
Curr Bio
188878
B35
199173
F35
0.900859
FOFL
0.900859
OFL
73291
Bzero
50895.7
#pred survey bio
 3726.59 5486.03 8621.64 14986.7 26892.5 34280.7 32497.6 41157 61379.9 88894.6 102350 118912 160559 189849 185646 171194 170466 139404 146019 150766 138619 153048 157555 201435 224914 219066 203835 222812 5.81928e+06 4.918e+06 2.90862e+06 1.55769e+06 958486 707014 594973 539770 509901 492679 482398 476160 472350 470019 468586 467702 467173 466854 466663 466548 466478 466436 466411 466396 466386 466381 466378 466376 466374 466374 466373 466373 466373 466373 466373 466372 466372 466372 466372 466372 466372 466372 466372 466372 466372 466372 466372 466372 466372 466372 466372 466372 466372 466372 466372 466372 466372 466372 466372 466372 466372 466372 466372 466372 466372 466372 466372 466372 466372 466372 466372 466372 466372 466372 466372 466372 466372 466372 466372 466372 466372 466372 466372 466372 466372 466372 466372 466372 466372 466372 466372 466372 466372 466372 466372 466372 466372 466372 466372 466372 0 0 0 0 0 0 0 0 0 0 0 0 0 0 0 0 0 0 0 0 0 0 0 0 0
#obs survey bio
 2688.03 5729.6 6897.25 11631.3 24750.1 21716.9 18773.6 47959.5 67016.5 69822.1 77350.6 133094 177764 128398 179684 122719 130826 74032.3 141170 130260 101351 105996 122668 200833 193096 160482 203832 128992
#pred catch bio
 1126.91 2260.62 3137.23 5584.38 10198.2 15750.7 15332.5 18233.9 24073.8 43016 52782.3 55508.4 77604.8 99965.1 102349 91023.5 106934 78773.8 82993.4 94401.6 78217.7 93008.4 83323.8 115323 138212 137672 114257 109264 73291 89954.6 53354.4 23665 12060.1 8298.55 7175.59 6857.09 6769.93 6746.69 6740.61 6739.04 6738.64 6738.54 6738.52 6738.51 6738.51 6738.51 6738.51 6738.51 6738.51 6738.51 6738.51 6738.51 6738.51 6738.51 6738.51 6738.51 6738.51 6738.51 6738.51 6738.51 6738.51 6738.51 6738.51 6738.51 6738.51 6738.51 6738.51 6738.51 6738.51 6738.51 6738.51 6738.51 6738.51 6738.51 6738.51 6738.51 6738.51 6738.51 6738.51 6738.51 6738.51 6738.51 6738.51 6738.51 6738.51 6738.51 6738.51 6738.51 6738.51 6738.51 6738.51 6738.51 6738.51 6738.51 6738.51 6738.51 6738.51 6738.51 6738.51 6738.51 6738.51 6738.51 6738.51 6738.51 6738.51 6738.51 6738.51 6738.51 6738.51 6738.51 6738.51 6738.51 6738.51 6738.51 6738.51 6738.51 6738.51 6738.51 6738.51 6738.51 6738.51 6738.51 6738.51 6738.51 6738.51 6738.51 6738.51 6738.51 0 0 0 0 0 0 0 0 0 0 0 0 0 0 0 0 0 0 0 0 0 0 0 0 0
#obs catch bio
 1859.23 2301.58 3078.93 5335.99 9379.55 15433.1 16737.2 17235.2 20381.3 39090.7 51569.8 50339.6 66865.6 93896.4 97310.6 89039.4 107551 80006.2 77439.9 92441.4 75396.7 88644.3 74963.9 104385 125514 131104 100650 103766
#pred cpue bio
 2366.13 2987.18 4166.36 7294.95 12796 19245.7 19289.3 20556 29648.7 46017.1 53345.2 59224 79187.8 98043.6 99377.1 90806.2 89551.7 69757.9 71709.1 74369.5 66161.7 73705.4 73653.5 95073.9 106713 104090 96743.3 108381 3.04204e+06 3.8365e+06 2.67352e+06 1.40886e+06 814713 563522 451497 396295 366426 349205 338923 332685 328876 326545 325112 324228 323698 323380 323188 323073 323004 322962 322936 322921 322912 322906 322903 322901 322900 322899 322899 322898 322898 322898 322898 322898 322898 322898 322898 322898 322898 322898 322898 322898 322898 322898 322898 322898 322898 322898 322898 322898 322898 322898 322898 322898 322898 322898 322898 322898 322898 322898 322898 322898 322898 322898 322898 322898 322898 322898 322898 322898 322898 322898 322898 322898 322898 322898 322898 322898 322898 322898 322898 322898 322898 322898 322898 322898 322898 322898 322898 322898 322898 322898 322898 322898 322898 322898 322898 322898 0 0 0 0 0 0 0 0 0 0 0 0 0 0 0 0 0 0 0 0 0 0 0 0 0
#obs cpue bio
 2267.44 3817.75 4595.1 14322 21025.3 20545.1 23115.8 37782.6 65356.9 59699.9 66267 102077 137140 133179 129770 123674 126965 104637 122079 89604.7 97712.1 143055 147099 146355 178970 159187 186172 202456
#pred surv len freq
 1.64086e-11 1.78099e-09 1.13983e-07 4.30137e-06 9.57109e-05 0.00125576 0.00971564 0.0443377 0.11952 0.191707 0.189583 0.133774 0.0932755 0.071044 0.0483525 0.030277 0.0196052 0.0130995 0.00909048 0.0066732 0.00526099 0.00450164 0.00395412 0.0030721 0.0017998
 1.75524e-11 1.90515e-09 1.21929e-07 4.60123e-06 0.000102383 0.0013433 0.0103928 0.0474267 0.127827 0.204864 0.201803 0.140232 0.0946286 0.0695431 0.0447888 0.0251248 0.013794 0.00740778 0.00398429 0.00230506 0.00148401 0.0010791 0.000854313 0.000637242 0.000373234
 1.85773e-11 2.01638e-09 1.29048e-07 4.86988e-06 0.000108361 0.00142173 0.0109995 0.0501928 0.135248 0.216487 0.211965 0.143784 0.0920291 0.0641205 0.0386237 0.0191062 0.00887651 0.00396231 0.00166204 0.000697101 0.000317461 0.000170178 0.000109165 7.322e-05 4.12842e-05
 1.82039e-11 1.97586e-09 1.26455e-07 4.772e-06 0.000106183 0.00139316 0.0107786 0.0491864 0.132563 0.212401 0.208971 0.144462 0.0961147 0.0686772 0.0412704 0.0198643 0.00873282 0.00355591 0.00127664 0.000421874 0.000136819 4.73528e-05 1.99866e-05 1.03602e-05 5.23146e-06
 1.86461e-11 2.02385e-09 1.29526e-07 4.88791e-06 0.000108762 0.001427 0.0110403 0.0503785 0.135748 0.217276 0.212686 0.144137 0.0920694 0.0640513 0.0385331 0.0189206 0.00849834 0.0034501 0.00118757 0.000355702 9.58352e-05 2.38842e-05 6.0718e-06 1.86444e-06 6.9279e-07
 1.4977e-11 1.62561e-09 1.04039e-07 3.9261e-06 8.73608e-05 0.00114622 0.00886866 0.0404849 0.109304 0.176693 0.181211 0.145063 0.123 0.10095 0.0626528 0.0299564 0.012928 0.00515921 0.00178249 0.000533022 0.00013795 3.0503e-05 5.88517e-06 1.07576e-06 2.19494e-07
 1.46136e-11 1.58617e-09 1.01514e-07 3.83084e-06 8.5241e-05 0.00111841 0.00865341 0.0395012 0.106634 0.172258 0.176124 0.139733 0.117801 0.0991277 0.0673542 0.0386849 0.020124 0.0086901 0.00297533 0.000857983 0.000216642 4.689e-05 8.47806e-06 1.27256e-06 1.65465e-07
 1.8523e-11 2.01049e-09 1.28671e-07 4.85565e-06 0.000108044 0.00141757 0.0109673 0.0500446 0.134833 0.215691 0.210567 0.14123 0.0885554 0.061999 0.0399532 0.0228653 0.0123768 0.00592984 0.00238742 0.000798783 0.000215511 4.65259e-05 8.18465e-06 1.17283e-06 1.34565e-07
 1.81611e-11 1.97122e-09 1.26157e-07 4.76079e-06 0.000105933 0.00138989 0.0107533 0.0490716 0.132263 0.211994 0.208918 0.145333 0.0977678 0.0698962 0.0410253 0.018643 0.00773531 0.00320617 0.00126239 0.000450838 0.000137917 3.40731e-05 6.5409e-06 9.59477e-07 1.07476e-07
 1.70151e-11 1.84683e-09 1.18197e-07 4.46037e-06 9.92488e-05 0.00130219 0.0100749 0.0459805 0.123991 0.199222 0.198628 0.144367 0.105561 0.0803472 0.0494821 0.0242057 0.0106606 0.00416864 0.00136207 0.000396944 0.000110621 2.81932e-05 5.99296e-06 9.86227e-07 1.20082e-07
 1.68948e-11 1.83376e-09 1.17361e-07 4.42883e-06 9.85469e-05 0.00129298 0.0100037 0.0456559 0.123123 0.197883 0.197559 0.144295 0.106409 0.0814135 0.0502421 0.0246613 0.0109758 0.00438569 0.0014616 0.000410726 9.94844e-05 2.10695e-05 3.99571e-06 6.5769e-07 8.6218e-08
 1.77163e-11 1.92293e-09 1.23067e-07 4.64418e-06 0.000103339 0.00135584 0.01049 0.0478715 0.129049 0.207012 0.204809 0.144647 0.100338 0.0737262 0.0446204 0.0214156 0.00928073 0.00363816 0.00119972 0.000336458 8.12823e-05 1.65011e-05 2.7834e-06 3.93268e-07 4.65398e-08
 1.78556e-11 1.93805e-09 1.24035e-07 4.6807e-06 0.000104151 0.00136651 0.0105724 0.0482474 0.130055 0.20857 0.206081 0.144823 0.0994877 0.0725445 0.0436255 0.0207087 0.00884833 0.00343205 0.00112268 0.000312345 7.49821e-05 1.51618e-05 2.52481e-06 3.39529e-07 3.62739e-08
 1.68301e-11 1.82675e-09 1.16911e-07 4.41188e-06 9.81697e-05 0.00128803 0.00996547 0.0454823 0.122667 0.19725 0.197393 0.145384 0.1086 0.083194 0.0503007 0.0234232 0.00970409 0.00366437 0.00117031 0.000317761 7.47686e-05 1.49076e-05 2.45757e-06 3.27105e-07 3.41669e-08
 1.6146e-11 1.7525e-09 1.1216e-07 4.23256e-06 9.41797e-05 0.00123568 0.00956058 0.0436373 0.117731 0.189634 0.191291 0.144913 0.113394 0.0894622 0.0551521 0.02646 0.0113292 0.00431146 0.00134437 0.000349486 7.86925e-05 1.51414e-05 2.42913e-06 3.17105e-07 3.26535e-08
 1.64578e-11 1.78633e-09 1.14325e-07 4.31427e-06 9.5998e-05 0.00125954 0.00974507 0.0444776 0.119974 0.193055 0.193835 0.144475 0.110213 0.0859375 0.0532016 0.0259818 0.01141 0.0044429 0.00141562 0.00037378 8.3634e-05 1.55853e-05 2.39217e-06 2.99715e-07 2.99042e-08
 1.6679e-11 1.81034e-09 1.15862e-07 4.37226e-06 9.72882e-05 0.00127646 0.00987599 0.0450741 0.121569 0.195505 0.195751 0.144469 0.108417 0.0837326 0.051665 0.0251912 0.0110841 0.00436387 0.00142445 0.000389193 9.00009e-05 1.71441e-05 2.63801e-06 3.23649e-07 3.11259e-08
 1.7202e-11 1.86711e-09 1.19495e-07 4.50935e-06 0.000100339 0.00131649 0.0101856 0.0464858 0.125358 0.201453 0.201014 0.146476 0.10728 0.080682 0.047409 0.0206861 0.00777142 0.00270181 0.000810825 0.000207598 4.63791e-05 8.83175e-06 1.38269e-06 1.7243e-07 1.66295e-08
 1.76941e-11 1.92052e-09 1.22913e-07 4.63836e-06 0.000103209 0.00135415 0.0104768 0.0478125 0.1289 0.206853 0.205027 0.14578 0.102268 0.0751925 0.0444932 0.0200797 0.00788737 0.00276106 0.000783486 0.000180246 3.59033e-05 6.27372e-06 9.35281e-07 1.14923e-07 1.11627e-08
 1.74869e-11 1.89803e-09 1.21474e-07 4.58405e-06 0.000102001 0.00133829 0.0103542 0.0472542 0.127412 0.204602 0.203444 0.146366 0.104824 0.0778001 0.0455984 0.0199268 0.0074774 0.00255532 0.000730644 0.00017078 3.34484e-05 5.43418e-06 7.27157e-07 8.08129e-08 7.3529e-09
 1.79563e-11 1.94898e-09 1.24735e-07 4.7071e-06 0.000104739 0.00137421 0.0106321 0.0485203 0.1308 0.20984 0.207687 0.146845 0.10178 0.0736901 0.0422705 0.0176826 0.00616068 0.00195151 0.000519724 0.000112394 2.0661e-05 3.24997e-06 4.22884e-07 4.43134e-08 3.67786e-09
 1.78983e-11 1.94269e-09 1.24332e-07 4.6919e-06 0.000104401 0.00136978 0.0105978 0.0483637 0.130378 0.209163 0.207023 0.146401 0.101573 0.0738251 0.0428775 0.0185305 0.00680172 0.00223666 0.000597534 0.000125806 2.19844e-05 3.24114e-06 3.95401e-07 3.93996e-08 3.13802e-09
 1.83207e-11 1.98853e-09 1.27266e-07 4.80262e-06 0.000106864 0.0014021 0.0108478 0.0495029 0.133426 0.213869 0.210809 0.146742 0.0986892 0.0700064 0.0398639 0.0165886 0.00573711 0.00180421 0.000476658 0.000101158 1.77745e-05 2.58034e-06 3.01807e-07 2.82669e-08 2.10539e-09
 1.82975e-11 1.98602e-09 1.27105e-07 4.79655e-06 0.000106729 0.00140033 0.010834 0.04944 0.133254 0.213566 0.210386 0.146131 0.0979465 0.069628 0.040304 0.0175501 0.00653394 0.00217641 0.000587291 0.000124937 2.1995e-05 3.225e-06 3.81871e-07 3.57515e-08 2.59833e-09
 1.80866e-11 1.96312e-09 1.2564e-07 4.74124e-06 0.000105499 0.00138418 0.0107092 0.0488715 0.131738 0.211273 0.208769 0.146712 0.100527 0.0722711 0.041441 0.0174184 0.00613136 0.0019689 0.0005329 0.000116797 2.12358e-05 3.16505e-06 3.76239e-07 3.53314e-08 2.58177e-09
 1.79695e-11 1.95042e-09 1.24826e-07 4.71056e-06 0.000104816 0.00137522 0.0106399 0.0485561 0.130898 0.210007 0.207901 0.147118 0.102091 0.0738422 0.0420766 0.0172627 0.00579828 0.00176313 0.000450143 9.18542e-05 1.56804e-05 2.28155e-06 2.73682e-07 2.61414e-08 1.93045e-09
 1.7966e-11 1.95004e-09 1.24802e-07 4.70965e-06 0.000104796 0.00137496 0.0106379 0.0485468 0.130874 0.209976 0.207905 0.147212 0.102263 0.0739767 0.0420718 0.017153 0.00568577 0.0016963 0.000420901 8.17236e-05 1.29689e-05 1.73784e-06 1.93333e-07 1.75553e-08 1.27413e-09
 1.7715e-11 1.92279e-09 1.23058e-07 4.64384e-06 0.000103331 0.00135575 0.0104892 0.0478693 0.129057 0.207134 0.205442 0.146426 0.103089 0.0756618 0.0441229 0.0191405 0.00704858 0.00230794 0.000604462 0.000121863 1.98455e-05 2.65163e-06 2.83608e-07 2.41043e-08 1.62673e-09
#obs surv len freq
 1.28559e-11 1.39539e-09 8.93048e-08 3.37009e-06 7.4989e-05 0.000983908 0.0076132 0.0347624 0.0939603 0.152661 0.159824 0.135716 0.12481 0.111854 0.0819527 0.0508291 0.02732 0.0120125 0.00418804 0.00114963 0.000242551 3.79999e-05 4.27922e-06 3.36046e-07 1.79007e-08
 1.83885e-11 1.9959e-09 1.27737e-07 4.82041e-06 0.00010726 0.00140729 0.0108879 0.0496852 0.133891 0.214328 0.209579 0.140734 0.0878786 0.0621962 0.0423124 0.0254831 0.0133214 0.0056682 0.00190071 0.000498534 9.98871e-05 1.47724e-05 1.56099e-06 1.14395e-07 5.65938e-09
 1.56263e-11 1.69609e-09 1.0855e-07 4.09633e-06 9.11489e-05 0.00119593 0.00925364 0.0422481 0.114115 0.184675 0.189432 0.14933 0.120407 0.0934675 0.0555795 0.0252199 0.00995209 0.00358603 0.00110776 0.000274718 5.20833e-05 7.25279e-06 7.1791e-07 4.90624e-08 2.25496e-09
 1.80796e-11 1.96237e-09 1.25591e-07 4.73943e-06 0.000105458 0.00138366 0.0107055 0.0488598 0.131752 0.21148 0.209062 0.14531 0.0955694 0.067551 0.0425226 0.0221486 0.00947486 0.00312567 0.000770629 0.000148005 2.30396e-05 2.82662e-06 2.56007e-07 1.61953e-08 6.89728e-10
 1.66188e-11 1.80381e-09 1.15444e-07 4.3565e-06 9.6938e-05 0.00127189 0.00984139 0.0449305 0.121332 0.19601 0.199009 0.15057 0.112541 0.0826399 0.0481746 0.0217785 0.00830298 0.00267152 0.000677061 0.000128691 1.78972e-05 1.80397e-06 1.31992e-07 6.96885e-09 2.58535e-10
 7.27006e-12 7.89097e-10 5.05022e-08 1.90582e-06 4.24086e-05 0.000556528 0.00430965 0.0197478 0.0542157 0.0940089 0.122527 0.156343 0.188346 0.169965 0.108345 0.0527228 0.0207546 0.00636925 0.00145899 0.000250462 3.24443e-05 3.09119e-06 2.08196e-07 9.62643e-09 3.00836e-10
 1.59704e-11 1.73343e-09 1.1094e-07 4.18652e-06 9.31556e-05 0.00122226 0.00945699 0.0431671 0.116453 0.187188 0.185842 0.131111 0.0922044 0.0795428 0.0690539 0.0487665 0.024763 0.00863376 0.00208925 0.000359988 4.44994e-05 3.90267e-06 2.39234e-07 1.00963e-08 2.87888e-10
 1.80015e-11 1.95389e-09 1.25049e-07 4.71897e-06 0.000105004 0.00137772 0.0106603 0.0486677 0.131378 0.211707 0.211874 0.15106 0.0997981 0.0658969 0.0370091 0.0177762 0.00812437 0.00330024 0.00101385 0.000213892 2.99134e-05 2.75415e-06 1.67311e-07 6.71206e-09 1.77097e-10
 1.59527e-11 1.73152e-09 1.10817e-07 4.1819e-06 9.30538e-05 0.00122097 0.00944872 0.0431613 0.116795 0.190082 0.197503 0.156676 0.120521 0.0861876 0.0479934 0.0205026 0.0071433 0.00206336 0.000492549 9.60835e-05 1.43091e-05 1.48378e-06 1.00683e-07 4.34361e-09 1.17865e-10
 1.46852e-11 1.59394e-09 1.02012e-07 3.84963e-06 8.56608e-05 0.001124 0.00869917 0.0397539 0.10775 0.176454 0.187283 0.15647 0.128302 0.0965707 0.0574797 0.0268024 0.00985201 0.00272667 0.000550665 8.24382e-05 9.40642e-06 8.15435e-07 5.14555e-08 2.22784e-09 6.29065e-11
 1.4206e-11 1.54193e-09 9.86833e-08 3.72403e-06 8.28663e-05 0.00108735 0.00841618 0.0384712 0.104375 0.171484 0.183727 0.156268 0.130223 0.099451 0.0609863 0.0297843 0.0114968 0.00333122 0.000696992 0.00010378 1.08816e-05 7.95511e-07 4.03906e-08 1.42084e-09 3.42266e-11
 1.67535e-11 1.81844e-09 1.1638e-07 4.39184e-06 9.77257e-05 0.00128229 0.00992357 0.0453326 0.12265 0.199181 0.204205 0.154029 0.109045 0.0757036 0.045062 0.0218994 0.00847882 0.00248474 0.000530885 8.0994e-05 8.62607e-06 6.25583e-07 3.02859e-08 9.66e-10 2.01312e-11
 1.52663e-11 1.65701e-09 1.06049e-07 4.00199e-06 8.90522e-05 0.00116855 0.00904535 0.0413561 0.112254 0.184482 0.196719 0.162643 0.126608 0.0879563 0.0478283 0.0203821 0.00705635 0.00193749 0.000401609 6.04958e-05 6.41041e-06 4.63565e-07 2.2309e-08 7.00615e-10 1.41388e-11
 1.28912e-11 1.39922e-09 8.95505e-08 3.37941e-06 7.52004e-05 0.000986878 0.00764178 0.0349847 0.0954211 0.159538 0.179405 0.16574 0.144924 0.108363 0.0625335 0.0278688 0.00956004 0.00243594 0.000451636 6.09256e-05 5.92696e-06 4.0432e-07 1.86933e-08 5.69055e-10 1.11607e-11
 1.225e-11 1.32963e-09 8.50965e-08 3.21134e-06 7.14614e-05 0.000937851 0.00726319 0.033267 0.0908678 0.152556 0.173255 0.162685 0.145428 0.113326 0.0701702 0.0338762 0.0123484 0.00325258 0.000605033 7.88231e-05 7.12248e-06 4.40431e-07 1.83777e-08 5.09809e-10 9.24518e-12
 1.36129e-11 1.47756e-09 9.45638e-08 3.56861e-06 7.94112e-05 0.00104216 0.00807001 0.0369424 0.100671 0.167432 0.184146 0.160986 0.133263 0.100049 0.0617506 0.0303165 0.011407 0.00313912 0.000611644 8.24511e-05 7.52576e-06 4.56572e-07 1.81582e-08 4.685e-10 7.77154e-12
 1.35276e-11 1.46829e-09 9.39711e-08 3.54627e-06 7.89156e-05 0.00103572 0.00802198 0.0367491 0.100373 0.168046 0.18774 0.167398 0.137732 0.0985804 0.0564192 0.0256576 0.00915568 0.00245947 0.000478008 6.50752e-05 6.02206e-06 3.69028e-07 1.46731e-08 3.72871e-10 5.98756e-12
 1.3989e-11 1.51837e-09 9.71765e-08 3.66724e-06 8.16083e-05 0.00107109 0.0082963 0.0380086 0.103803 0.173531 0.192387 0.167869 0.134195 0.0941865 0.0530329 0.0233324 0.00784538 0.00195334 0.000352336 4.51825e-05 4.01189e-06 2.39323e-07 9.33836e-09 2.33437e-10 3.68048e-12
 1.42214e-11 1.5436e-09 9.87914e-08 3.7282e-06 8.29664e-05 0.00108897 0.00843605 0.0386646 0.105702 0.177069 0.196696 0.170685 0.133452 0.0904179 0.0487893 0.0204932 0.00657024 0.00155237 0.000262782 3.12448e-05 2.55775e-06 1.41078e-07 5.13393e-09 1.2091e-10 1.81185e-12
 1.41494e-11 1.53579e-09 9.82914e-08 3.70937e-06 8.25492e-05 0.00108357 0.00839601 0.0385038 0.105427 0.177264 0.198218 0.172868 0.134392 0.0896673 0.0473428 0.0192689 0.00591802 0.00132757 0.000211972 2.36304e-05 1.80195e-06 9.19824e-08 3.08238e-09 6.67086e-11 9.19632e-13
 1.43988e-11 1.56286e-09 1.00024e-07 3.77479e-06 8.40069e-05 0.00110277 0.00854605 0.039206 0.107429 0.180794 0.201897 0.174248 0.132483 0.0861256 0.0442449 0.0174211 0.00513422 0.00109642 0.000165356 1.72836e-05 1.22836e-06 5.81773e-08 1.80238e-09 3.59504e-11 4.55549e-13
 1.47844e-11 1.60472e-09 1.02704e-07 3.87593e-06 8.62596e-05 0.0011324 0.00877676 0.0402746 0.110395 0.18572 0.206418 0.175171 0.129286 0.0814045 0.0405246 0.0154099 0.00436443 0.000891349 0.000127825 1.2618e-05 8.41118e-07 3.71413e-08 1.06765e-09 1.96862e-11 2.29976e-13
 1.45732e-11 1.58179e-09 1.01237e-07 3.82064e-06 8.50332e-05 0.00111645 0.00865633 0.0397616 0.109271 0.184954 0.207946 0.178577 0.131398 0.0808117 0.0387375 0.0140582 0.00378273 0.000732356 9.93175e-05 9.24027e-06 5.78373e-07 2.38896e-08 6.39951e-10 1.09575e-11 1.18493e-13
 1.44962e-11 1.57345e-09 1.00703e-07 3.80057e-06 8.45903e-05 0.00111076 0.00861488 0.0396009 0.109015 0.185147 0.209148 0.179934 0.131643 0.0801434 0.0378994 0.0134391 0.00348379 0.000641615 8.20442e-05 7.15788e-06 4.18753e-07 1.61312e-08 4.02277e-10 6.40081e-12 6.42073e-14
 1.44446e-11 1.56785e-09 1.00346e-07 3.78717e-06 8.42968e-05 0.00110707 0.00858946 0.0395197 0.109015 0.185892 0.211145 0.181899 0.131714 0.0785835 0.0362315 0.0124691 0.0031215 0.000552013 6.72827e-05 5.54776e-06 3.04294e-07 1.09233e-08 2.52833e-10 3.72517e-12 3.45561e-14
 1.31685e-11 1.42935e-09 9.14834e-08 3.45288e-06 7.6868e-05 0.00100994 0.00784481 0.0362046 0.100671 0.175029 0.206823 0.188284 0.14213 0.0857846 0.0391632 0.013172 0.00319259 0.000542922 6.32854e-05 4.96344e-06 2.57502e-07 8.69368e-09 1.8824e-10 2.58219e-12 2.22148e-14
 1.33642e-11 1.45059e-09 9.28437e-08 3.5043e-06 7.80165e-05 0.00102514 0.00796436 0.0367654 0.102224 0.177385 0.208084 0.186837 0.13957 0.0844334 0.0388691 0.0130711 0.00311502 0.000512715 5.71936e-05 4.26007e-06 2.08785e-07 6.6325e-09 1.34681e-10 1.72742e-12 1.38557e-14
 1.3475e-11 1.46263e-09 9.36159e-08 3.53359e-06 7.86764e-05 0.00103405 0.00803777 0.0371456 0.1035 0.180153 0.211615 0.188513 0.137766 0.0808863 0.0361476 0.0118539 0.00276743 0.000446492 4.85726e-05 3.49567e-06 1.6382e-07 4.93144e-09 9.42486e-11 1.13232e-12 8.47945e-15
#pred catch len freq
 1.09306e-11 1.18641e-09 7.593e-08 2.86536e-06 6.37582e-05 0.000836551 0.00647301 0.0295573 0.0799161 0.130117 0.137834 0.121896 0.118225 0.108196 0.080323 0.0545164 0.0374918 0.0257796 0.0181125 0.0133621 0.0105516 0.00903267 0.00793483 0.00616496 0.00361177
 1.3236e-11 1.43664e-09 9.19446e-08 3.46971e-06 7.72055e-05 0.00101298 0.00783791 0.0357834 0.0966627 0.156679 0.162677 0.135501 0.121877 0.105875 0.0731139 0.0435411 0.0251296 0.0138508 0.00754104 0.00438751 0.00283046 0.00205933 0.00163055 0.00121627 0.000712375
 1.45457e-11 1.5788e-09 1.01043e-07 3.81305e-06 8.48453e-05 0.00111322 0.00861332 0.0393199 0.106167 0.171691 0.17641 0.142118 0.121861 0.101667 0.0656751 0.0343935 0.0169083 0.00780322 0.00332464 0.0014056 0.000642418 0.000344793 0.000221242 0.0001484 8.36743e-05
 1.41067e-11 1.53115e-09 9.79934e-08 3.69797e-06 8.22846e-05 0.00107962 0.00835352 0.0381369 0.103014 0.166922 0.173059 0.143388 0.127426 0.107682 0.0689595 0.0350082 0.0162665 0.00685073 0.0024991 0.000833179 0.000271491 9.41529e-05 3.97669e-05 2.06167e-05 1.04107e-05
 1.47561e-11 1.60163e-09 1.02504e-07 3.8682e-06 8.60723e-05 0.00112932 0.00873785 0.0398877 0.107691 0.17408 0.178512 0.142902 0.121478 0.100903 0.0649903 0.0336836 0.015948 0.00667667 0.0023316 0.000704169 0.000190627 4.76177e-05 1.21174e-05 3.72218e-06 1.38321e-06
 1.06112e-11 1.15175e-09 7.37116e-08 2.78165e-06 6.18957e-05 0.000812129 0.00628463 0.028711 0.0778186 0.128238 0.142972 0.143994 0.156487 0.14262 0.0921925 0.0460654 0.0209033 0.00860899 0.00301814 0.00090954 0.000236389 5.23755e-05 1.01147e-05 1.84969e-06 3.7747e-07
 1.01382e-11 1.1004e-09 7.04256e-08 2.65765e-06 5.91364e-05 0.000775923 0.00600439 0.0274293 0.0743257 0.122329 0.135702 0.13527 0.146996 0.138439 0.0990638 0.059933 0.0324966 0.0143215 0.0049535 0.00143855 0.00036488 7.91499e-05 1.43248e-05 2.15108e-06 2.79748e-07
 1.48313e-11 1.6098e-09 1.03027e-07 3.88791e-06 8.6511e-05 0.00113507 0.00878223 0.0400871 0.108186 0.174526 0.177323 0.137811 0.112976 0.0944232 0.0654636 0.0395517 0.022306 0.0109056 0.00443293 0.00149103 0.000403402 8.72127e-05 1.53538e-05 2.20101e-06 2.52579e-07
 1.41934e-11 1.54055e-09 9.85951e-08 3.72068e-06 8.27899e-05 0.00108625 0.00840484 0.0383716 0.103655 0.168012 0.174424 0.145074 0.129263 0.108385 0.0673606 0.0320818 0.0140795 0.00606387 0.00242912 0.000874131 0.000268307 6.63812e-05 1.2751e-05 1.87099e-06 2.09611e-07
 1.31876e-11 1.43139e-09 9.16086e-08 3.45703e-06 7.69234e-05 0.00100929 0.0078095 0.0356582 0.0963871 0.156735 0.165076 0.143358 0.134823 0.116872 0.07554 0.0385379 0.0177146 0.00710478 0.00234941 0.000689709 0.000193054 4.9295e-05 1.04855e-05 1.72594e-06 2.10169e-07
 1.32394e-11 1.43701e-09 9.19685e-08 3.47061e-06 7.72256e-05 0.00101325 0.00784017 0.0357979 0.0967604 0.157308 0.165517 0.143332 0.134351 0.116269 0.0750755 0.0383115 0.01774 0.00725655 0.0024445 0.000691072 0.000167983 3.56415e-05 6.76499e-06 1.11391e-06 1.46043e-07
 1.40107e-11 1.52072e-09 9.73261e-08 3.67279e-06 8.17243e-05 0.00107227 0.00829668 0.0378782 0.102326 0.165899 0.172419 0.143925 0.129054 0.109328 0.0697079 0.0349132 0.0158166 0.00637026 0.0021271 0.000600694 0.000145704 2.96381e-05 5.00392e-06 7.07309e-07 8.37199e-08
 1.43108e-11 1.5533e-09 9.94113e-08 3.75147e-06 8.34752e-05 0.00109524 0.00847435 0.0386879 0.104494 0.169254 0.17516 0.144308 0.127226 0.106785 0.0675616 0.0333843 0.014881 0.00592553 0.00196197 0.00054948 0.000132418 2.68264e-05 4.47112e-06 6.01501e-07 6.42733e-08
 1.32663e-11 1.43992e-09 9.2155e-08 3.47765e-06 7.73822e-05 0.00101531 0.00785611 0.0358716 0.096971 0.157743 0.166405 0.145139 0.136906 0.117909 0.0742793 0.0358096 0.0154271 0.00597498 0.00193075 0.000527541 0.000124585 2.48853e-05 4.10582e-06 5.46689e-07 5.71125e-08
 1.25668e-11 1.36401e-09 8.72965e-08 3.2943e-06 7.33026e-05 0.000961783 0.00744212 0.0339849 0.0919208 0.14993 0.160042 0.144318 0.141297 0.123995 0.0794202 0.0394239 0.017509 0.00681454 0.00214684 0.00056138 0.000126871 2.44581e-05 3.92721e-06 5.12865e-07 5.28205e-08
 1.28031e-11 1.38965e-09 8.89377e-08 3.35624e-06 7.46807e-05 0.000979863 0.00758194 0.0346216 0.0936175 0.152494 0.161834 0.143609 0.138306 0.120921 0.0780619 0.0395588 0.018049 0.0071896 0.00231475 0.00061483 0.000138076 2.57801e-05 3.9606e-06 4.9644e-07 4.95424e-08
 1.37858e-11 1.49631e-09 9.57638e-08 3.61383e-06 8.04125e-05 0.00105506 0.00816356 0.0372717 0.100705 0.163409 0.17048 0.143956 0.130917 0.11159 0.0712484 0.0356746 0.0161249 0.00645148 0.0021213 0.000581908 0.000134882 2.57236e-05 3.96039e-06 4.8602e-07 4.67473e-08
 1.40494e-11 1.52493e-09 9.75953e-08 3.68295e-06 8.19504e-05 0.00107524 0.0083197 0.0379848 0.102635 0.166563 0.173872 0.147004 0.133459 0.112165 0.0683476 0.0306341 0.0119017 0.00424267 0.00128849 0.000331873 7.43967e-05 1.41912e-05 2.22344e-06 2.77371e-07 2.67542e-08
 1.47017e-11 1.59572e-09 1.02126e-07 3.85392e-06 8.57548e-05 0.00112515 0.00870572 0.039743 0.107328 0.173713 0.179162 0.146001 0.126698 0.104822 0.0645429 0.0299659 0.0121534 0.0043476 0.001246 0.000288202 5.76187e-05 1.00892e-05 1.50552e-06 1.85066e-07 1.79789e-08
 1.48678e-11 1.61376e-09 1.0328e-07 3.89748e-06 8.67239e-05 0.00113787 0.00880408 0.0401916 0.108534 0.17562 0.180917 0.146867 0.126673 0.104034 0.062996 0.0281292 0.0108302 0.00377182 0.00108809 0.000255459 5.01689e-05 8.16283e-06 1.09309e-06 1.21526e-07 1.10592e-08
 1.5059e-11 1.63451e-09 1.04608e-07 3.94759e-06 8.7839e-05 0.0011525 0.00891726 0.0407078 0.10992 0.177804 0.182887 0.147727 0.126451 0.103052 0.0613973 0.0263128 0.00945742 0.00307318 0.000828748 0.000180327 3.32786e-05 5.24656e-06 6.83412e-07 7.16485e-08 5.94793e-09
 1.52758e-11 1.65804e-09 1.06114e-07 4.00443e-06 8.91036e-05 0.00116909 0.00904556 0.0412919 0.111476 0.18015 0.184499 0.14699 0.123587 0.100198 0.0602932 0.0266496 0.0100469 0.00337038 0.00090885 0.000192251 3.37028e-05 4.97857e-06 6.07961e-07 6.06086e-08 4.8283e-09
 1.53167e-11 1.66248e-09 1.06399e-07 4.01516e-06 8.93425e-05 0.00117222 0.00906982 0.0414028 0.111778 0.180656 0.185103 0.147675 0.124296 0.100468 0.0596884 0.0255124 0.0091333 0.0029553 0.000791786 0.000169184 2.98554e-05 4.34518e-06 5.08884e-07 4.76921e-08 3.55339e-09
 1.55583e-11 1.6887e-09 1.08077e-07 4.07848e-06 9.07513e-05 0.0011907 0.00921275 0.0420535 0.11351 0.183255 0.186826 0.146655 0.120802 0.0970824 0.0585333 0.0261584 0.0100373 0.00341759 0.000931666 0.000199232 3.51994e-05 5.17228e-06 6.13113e-07 5.7431e-08 4.17502e-09
 1.55852e-11 1.69163e-09 1.08264e-07 4.08554e-06 9.09086e-05 0.00119277 0.00922872 0.0421267 0.113712 0.183616 0.187358 0.147475 0.121829 0.0976189 0.057947 0.0248618 0.00897687 0.00294249 0.000804404 0.000177154 3.23045e-05 4.82281e-06 5.73782e-07 5.39047e-08 3.93982e-09
 1.55418e-11 1.68691e-09 1.07962e-07 4.07416e-06 9.06553e-05 0.00118945 0.00920305 0.04201 0.113404 0.183178 0.187185 0.148037 0.123037 0.0986287 0.058032 0.024246 0.00833643 0.00258683 0.000667204 0.000136806 2.34261e-05 3.41498e-06 4.1002e-07 3.91807e-08 2.89392e-09
 1.50586e-11 1.63446e-09 1.04605e-07 3.94749e-06 8.78367e-05 0.00115247 0.00891704 0.0407071 0.109923 0.177845 0.183096 0.148315 0.127354 0.103669 0.061188 0.0255203 0.00872124 0.00267278 0.000672259 0.000131366 2.09349e-05 2.81308e-06 3.13411e-07 2.84786e-08 2.0676e-09
 1.42266e-11 1.54416e-09 9.88259e-08 3.72938e-06 8.29837e-05 0.0010888 0.00842456 0.0384625 0.103912 0.168527 0.175415 0.14703 0.1321 0.110571 0.0673849 0.0302105 0.0115877 0.00390961 0.00103827 0.000210813 3.45069e-05 4.62614e-06 4.9568e-07 4.2167e-08 2.84709e-09
#obs catch len freq
 1.08569e-11 1.17841e-09 7.54181e-08 2.84605e-06 6.33286e-05 0.000830928 0.00642996 0.0293705 0.0795311 0.130357 0.141688 0.133339 0.137146 0.129039 0.0964624 0.060813 0.033148 0.0147535 0.00520954 0.00144984 0.000310381 4.9389e-05 5.65411e-06 4.51619e-07 2.44711e-08
 1.11812e-11 1.21362e-09 7.76715e-08 2.93108e-06 6.52208e-05 0.000855758 0.00662219 0.0302498 0.0819211 0.134281 0.14569 0.135696 0.136939 0.126702 0.0933186 0.057726 0.0306798 0.0132491 0.00451351 0.00120312 0.000244828 3.67535e-05 3.94118e-06 2.93046e-07 1.47075e-08
 1.72309e-11 1.87025e-09 1.19696e-07 4.51696e-06 0.000100508 0.00131871 0.0102029 0.0465661 0.125571 0.201632 0.199841 0.1408 0.0963874 0.0725396 0.0501111 0.0301132 0.0155437 0.00648589 0.00212191 0.000539625 0.000104125 1.47343e-05 1.48068e-06 1.02627e-07 4.77935e-09
 1.44132e-11 1.56442e-09 1.00123e-07 3.77833e-06 8.40732e-05 0.00110311 0.00853599 0.0389832 0.105439 0.171645 0.180235 0.151444 0.131365 0.104598 0.0621446 0.0280498 0.0109711 0.00388676 0.00117106 0.000281201 5.12667e-05 6.82142e-06 6.4134e-07 4.14094e-08 1.78995e-09
 1.71899e-11 1.8658e-09 1.19411e-07 4.50621e-06 0.000100269 0.00131559 0.0101792 0.0464655 0.125387 0.201899 0.20217 0.146447 0.103091 0.0756576 0.0478455 0.0247204 0.0103916 0.00334768 0.000803843 0.000149789 2.24576e-05 2.63174e-06 2.26139e-07 1.35006e-08 5.4025e-10
 1.57679e-11 1.71146e-09 1.09533e-07 4.13346e-06 9.19753e-05 0.0012068 0.00933821 0.0426434 0.115273 0.187016 0.192972 0.152611 0.120422 0.0901463 0.052385 0.0234746 0.00881764 0.00277204 0.000681884 0.000125106 1.67104e-05 1.60972e-06 1.11906e-07 5.57758e-09 1.9425e-10
 6.58916e-12 7.15192e-10 4.57723e-08 1.72733e-06 3.84375e-05 0.000504448 0.00390743 0.0179254 0.0494442 0.0872264 0.118887 0.159619 0.195296 0.175194 0.110567 0.053131 0.0205085 0.00613048 0.00136234 0.000225821 2.80654e-05 2.54959e-06 1.62906e-07 7.11438e-09 2.09072e-10
 1.53028e-11 1.66098e-09 1.06303e-07 4.01153e-06 8.92621e-05 0.00117118 0.00906216 0.0413714 0.111679 0.17997 0.180412 0.131178 0.097019 0.0859738 0.0743066 0.0514043 0.0253884 0.00858491 0.00200919 0.00033334 3.9466e-05 3.29828e-06 1.9172e-07 7.63574e-09 2.04609e-10
 1.75372e-11 1.9035e-09 1.21824e-07 4.59726e-06 0.000102296 0.00134221 0.010386 0.0474236 0.128107 0.206979 0.209047 0.152714 0.104127 0.0694982 0.0388782 0.0185523 0.00834882 0.00329182 0.000972383 0.000196281 2.6177e-05 2.29086e-06 1.31796e-07 4.98772e-09 1.23677e-10
 1.55176e-11 1.68429e-09 1.07794e-07 4.06784e-06 9.05163e-05 0.0011877 0.00919188 0.0419995 0.113767 0.185837 0.195367 0.158929 0.124905 0.0892775 0.0491553 0.0206831 0.00705916 0.00198672 0.000459616 8.61203e-05 1.2205e-05 1.19736e-06 7.66205e-08 3.11002e-09 7.9224e-11
 1.43038e-11 1.55255e-09 9.93629e-08 3.74967e-06 8.34371e-05 0.00109484 0.00847428 0.0387389 0.105123 0.172859 0.185713 0.158779 0.132245 0.0991744 0.0583048 0.0266988 0.0095627 0.00256378 0.000499807 7.19278e-05 7.83943e-06 6.44242e-07 3.8281e-08 1.55371e-09 4.10219e-11
 1.39113e-11 1.50994e-09 9.6636e-08 3.64677e-06 8.11479e-05 0.00106483 0.00824265 0.0376909 0.10238 0.16887 0.182917 0.158536 0.133448 0.101285 0.0612912 0.0293573 0.011025 0.0030887 0.000621868 8.86621e-05 8.85773e-06 6.14115e-07 2.94246e-08 9.71563e-10 2.18592e-11
 1.65561e-11 1.79701e-09 1.15008e-07 4.34008e-06 9.65744e-05 0.00126721 0.00980745 0.0448121 0.121332 0.197508 0.203845 0.155744 0.111252 0.0768241 0.0451082 0.0214805 0.00808454 0.00228856 0.000469822 6.84898e-05 6.93346e-06 4.75842e-07 2.17166e-08 6.50655e-10 1.26925e-11
 1.51159e-11 1.6407e-09 1.05005e-07 3.96259e-06 8.81762e-05 0.00115709 0.00895749 0.0409676 0.111315 0.183507 0.197169 0.164752 0.128359 0.0881072 0.0471322 0.019687 0.00663247 0.001759 0.000349984 5.03031e-05 5.05818e-06 3.45503e-07 1.56455e-08 4.60845e-10 8.69917e-12
 1.27935e-11 1.38861e-09 8.88714e-08 3.35379e-06 7.46314e-05 0.000979454 0.00758539 0.0347428 0.0948975 0.159294 0.180638 0.168213 0.146432 0.107915 0.061147 0.0266108 0.00884996 0.00217439 0.000386977 4.98277e-05 4.59776e-06 2.95874e-07 1.28498e-08 3.66246e-10 6.70804e-12
 1.22014e-11 1.32435e-09 8.47587e-08 3.1986e-06 7.1179e-05 0.000934192 0.00723601 0.0331589 0.0907048 0.152867 0.174905 0.165189 0.146779 0.112704 0.0684509 0.032192 0.0113482 0.00287542 0.000512125 6.35586e-05 5.44351e-06 3.17548e-07 1.24454e-08 3.23001e-10 5.46267e-12
 1.36219e-11 1.47854e-09 9.46267e-08 3.571e-06 7.94654e-05 0.00104291 0.00807692 0.0369886 0.10091 0.168294 0.186037 0.163138 0.134031 0.0990638 0.0599349 0.0286478 0.0104154 0.00275266 0.000512273 6.56135e-05 5.66442e-06 3.23754e-07 1.20877e-08 2.9183e-10 4.51638e-12
 1.35784e-11 1.47381e-09 9.43246e-08 3.55963e-06 7.92142e-05 0.0010397 0.008054 0.0369121 0.100937 0.169451 0.190088 0.169475 0.137842 0.0968773 0.0543039 0.0240515 0.00829459 0.00213868 0.000396507 5.11968e-05 4.4716e-06 2.57613e-07 9.5993e-09 2.27998e-10 3.41421e-12
 1.40828e-11 1.52856e-09 9.78287e-08 3.69187e-06 8.2158e-05 0.00107836 0.00835388 0.0382884 0.104678 0.175387 0.194996 0.169772 0.133888 0.0921008 0.0506751 0.0216616 0.00702853 0.00167883 0.000288823 3.51087e-05 2.93869e-06 1.64528e-07 6.00512e-09 1.40053e-10 2.05598e-12
 1.43391e-11 1.55637e-09 9.9609e-08 3.75908e-06 8.36553e-05 0.00109807 0.00850799 0.0390112 0.106761 0.179211 0.199484 0.172429 0.132744 0.0880132 0.0463548 0.0188985 0.00583924 0.00132153 0.000213085 2.39979e-05 1.85105e-06 9.57675e-08 3.2567e-09 7.14608e-11 9.95463e-13
 1.43038e-11 1.55256e-09 9.93649e-08 3.7499e-06 8.34534e-05 0.00109551 0.00849004 0.0389525 0.106765 0.179835 0.201296 0.174493 0.133271 0.0868696 0.0446961 0.0176299 0.00521153 0.00111855 0.000169933 1.79249e-05 1.28682e-06 6.15772e-08 1.92753e-09 3.88516e-11 4.97619e-13
 1.4574e-11 1.58188e-09 1.01242e-07 3.82078e-06 8.50329e-05 0.00111632 0.00865265 0.0397131 0.108925 0.183596 0.205084 0.175706 0.131062 0.0831223 0.0415541 0.0158346 0.00448593 0.000915475 0.000131226 1.29666e-05 8.66917e-07 3.84656e-08 1.11261e-09 2.06612e-11 2.43183e-13
 1.49811e-11 1.62607e-09 1.0407e-07 3.92756e-06 8.74111e-05 0.0011476 0.00889629 0.0408412 0.112049 0.188737 0.209668 0.176409 0.127548 0.0782307 0.0378429 0.0139089 0.00378222 0.000737292 0.000100378 9.35774e-06 5.86348e-07 2.42414e-08 6.50291e-10 1.11595e-11 1.21058e-13
 1.47879e-11 1.60511e-09 1.0273e-07 3.87703e-06 8.62913e-05 0.00113307 0.00878712 0.0403822 0.111079 0.188222 0.21136 0.179678 0.12932 0.0773831 0.0360059 0.0126174 0.00325645 0.000601141 7.73138e-05 6.78672e-06 3.98966e-07 1.54182e-08 3.85224e-10 6.13627e-12 6.16022e-14
 1.47314e-11 1.59898e-09 1.02338e-07 3.86233e-06 8.59685e-05 0.00112898 0.00875821 0.0402802 0.110985 0.188658 0.212702 0.180934 0.129331 0.0765109 0.0350655 0.0119877 0.00297698 0.00052228 6.32853e-05 5.20542e-06 2.85801e-07 1.02937e-08 2.3928e-10 3.54014e-12 3.29535e-14
 1.46922e-11 1.59473e-09 1.02067e-07 3.85219e-06 8.57484e-05 0.00112627 0.0087407 0.0402373 0.111094 0.189568 0.214775 0.182765 0.129174 0.0748176 0.0333935 0.0110667 0.00265085 0.000446019 5.14597e-05 3.99708e-06 2.05639e-07 6.89884e-09 1.48788e-10 2.03761e-12 1.75334e-14
 1.34407e-11 1.45889e-09 9.33756e-08 3.5244e-06 7.84656e-05 0.0010311 0.00801197 0.0370013 0.102994 0.179156 0.210893 0.189214 0.139228 0.0815415 0.03601 0.0116505 0.00269903 0.000436234 4.80829e-05 3.54909e-06 1.72567e-07 5.44172e-09 1.09745e-10 1.39895e-12 1.11625e-14
 1.36473e-11 1.48133e-09 9.48126e-08 3.57873e-06 7.96797e-05 0.00104717 0.00813842 0.0375939 0.104628 0.181615 0.212196 0.187763 0.136658 0.0801094 0.0356029 0.0114958 0.00261514 0.000408721 4.30782e-05 3.01748e-06 1.38502e-07 4.10683e-09 7.76307e-11 9.24847e-13 6.87813e-15
#spawning biomass
 3322.6 4727.58 7225.97 12628.2 22471.5 30424 29099.9 34644.2 51707.1 76511 88280.5 101063 136076 163716 161939 148673 147521 119288 123941 128364 116912 129300 131955 168930 189253 184640 171790 188878 219156 221700 116674 52908.4 28815.1 21037.4 18716.7 18058.5 17878.4 17830.4 17817.8 17814.6 17813.8 17813.6 17813.5 17813.5 17813.5 17813.5 17813.5 17813.5 17813.5 17813.5 17813.5 17813.5 17813.5 17813.5 17813.5 17813.5 17813.5 17813.5 17813.5 17813.5 17813.5 17813.5 17813.5 17813.5 17813.5 17813.5 17813.5 17813.5 17813.5 17813.5 17813.5 17813.5 17813.5 17813.5 17813.5 17813.5 17813.5 17813.5 17813.5 17813.5 17813.5 17813.5 17813.5 17813.5 17813.5 17813.5 17813.5 17813.5 17813.5 17813.5 17813.5 17813.5 17813.5 17813.5 17813.5 17813.5 17813.5 17813.5 17813.5 17813.5 17813.5 17813.5 17813.5 17813.5 17813.5 17813.5 17813.5 17813.5 17813.5 17813.5 17813.5 17813.5 17813.5 17813.5 17813.5 17813.5 17813.5 17813.5 17813.5 17813.5 17813.5 17813.5 17813.5 17813.5 17813.5 17813.5 17813.5 17813.5 0 0 0 0 0 0 0 0 0 0 0 0 0 0 0 0 0 0 0 0 0 0 0 0 0
