SBPRF35
0.0628122
Curr Bio
534453
B35
221387
F35
45883.4
FOFL
45883.4
OFL
578234
Bzero
10941
#pred survey bio
 8049.24 9900.42 14305.3 24332.5 27665.9 25827.9 33901 48125.6 40203.7 47311.5 68444.5 104493 114051 139828 83799.9 90996 70242.7 82715.4 87310.6 85694.5 70969.3 93537.3 93399.6 103417 99603.8 117118 96479.2 81805.9 113139 2.88308e+06 645987 223962 70253.2 34936.7 27178.2 25488 25122.6 25044.3 25027.6 25024.1 25023.3 25023.2 25023.1 25023.1 25023.1 25023.1 25023.1 25023.1 25023.1 25023.1 25023.1 25023.1 25023.1 25023.1 25023.1 25023.1 25023.1 25023.1 25023.1 25023.1 25023.1 25023.1 25023.1 25023.1 25023.1 25023.1 25023.1 25023.1 25023.1 25023.1 25023.1 25023.1 25023.1 25023.1 25023.1 25023.1 25023.1 25023.1 25023.1 25023.1 25023.1 25023.1 25023.1 25023.1 25023.1 25023.1 25023.1 25023.1 25023.1 25023.1 25023.1 25023.1 25023.1 25023.1 25023.1 25023.1 25023.1 25023.1 25023.1 25023.1 25023.1 25023.1 25023.1 25023.1 25023.1 25023.1 25023.1 25023.1 25023.1 25023.1 25023.1 25023.1 25023.1 25023.1 25023.1 25023.1 25023.1 25023.1 25023.1 25023.1 25023.1 25023.1 25023.1 25023.1 25023.1 25023.1 25023.1 25023.1 25023.1 0 0 0 0 0 0 0 0 0 0 0 0 0 0 0 0 0 0 0 0 0 0 0 0 0
#obs survey bio
 6715.17 11146 17284.2 24933.5 31406.8 25668.2 29462.2 59226 42415.8 43867.4 67334.7 99820.1 130608 158908 67241 86308 62530.8 61546.5 102223 80203 53733.8 97494.8 104853 101323 82861.8 125291 85793 89400.5 112754
#pred catch bio
 5513.22 5755.68 6494.77 9618.28 15299.7 18345.4 20894.1 26851.9 28262 38722.4 49868.1 62701.7 76898.2 101574 94330.4 94872.4 87661.4 76408.7 82536.6 79746.6 84212.8 94358.6 90850.6 96200.8 114130 121471 112476 94477.7 111269 578234 6606.04 6606.04 6606.04 6606.04 6606.04 6606.04 6606.04 6606.04 6606.04 6606.04 6606.04 6606.04 6606.04 6606.04 6606.04 6606.04 6606.04 6606.04 6606.04 6606.04 6606.04 6606.04 6606.04 6606.04 6606.04 6606.04 6606.04 6606.04 6606.04 6606.04 6606.04 6606.04 6606.04 6606.04 6606.04 6606.04 6606.04 6606.04 6606.04 6606.04 6606.04 6606.04 6606.04 6606.04 6606.04 6606.04 6606.04 6606.04 6606.04 6606.04 6606.04 6606.04 6606.04 6606.04 6606.04 6606.04 6606.04 6606.04 6606.04 6606.04 6606.04 6606.04 6606.04 6606.04 6606.04 6606.04 6606.04 6606.04 6606.04 6606.04 6606.04 6606.04 6606.04 6606.04 6606.04 6606.04 6606.04 6606.04 6606.04 6606.04 6606.04 6606.04 6606.04 6606.04 6606.04 6606.04 6606.04 6606.04 6606.04 6606.04 6606.04 6606.04 6606.04 6606.04 6606.04 6606.04 6606.04 6606.04 6606.04 0 0 0 0 0 0 0 0 0 0 0 0 0 0 0 0 0 0 0 0 0 0 0 0 0
#obs catch bio
 5952.58 5876.48 6520.1 9560.53 15503.5 18576.8 20997.3 26865.2 28581 39055.2 49599.4 62819.2 76454.9 100684 95198.1 95987.8 87857.6 76076.8 81337.1 79128.7 84465.7 92742.3 90201.5 94976.5 112718 118828 110928 93765.1 110754
#pred cpue bio
 8033.44 9623.78 13384 23182.5 26526.4 24493.5 32011.1 45407 37458.9 43061.9 63007.5 95487.9 102201 129829 79902 85968.9 65517.5 76200.2 80096.9 79084 64079.1 84182.8 83900.8 91462.6 88724.2 105857 88222.4 73486.2 101224 2.61747e+06 661108 228889 66280.4 30551.1 22779 21088.4 20723 20644.7 20628 20624.4 20623.7 20623.5 20623.5 20623.5 20623.5 20623.5 20623.5 20623.5 20623.5 20623.5 20623.5 20623.5 20623.5 20623.5 20623.5 20623.5 20623.5 20623.5 20623.5 20623.5 20623.5 20623.5 20623.5 20623.5 20623.5 20623.5 20623.5 20623.5 20623.5 20623.5 20623.5 20623.5 20623.5 20623.5 20623.5 20623.5 20623.5 20623.5 20623.5 20623.5 20623.5 20623.5 20623.5 20623.5 20623.5 20623.5 20623.5 20623.5 20623.5 20623.5 20623.5 20623.5 20623.5 20623.5 20623.5 20623.5 20623.5 20623.5 20623.5 20623.5 20623.5 20623.5 20623.5 20623.5 20623.5 20623.5 20623.5 20623.5 20623.5 20623.5 20623.5 20623.5 20623.5 20623.5 20623.5 20623.5 20623.5 20623.5 20623.5 20623.5 20623.5 20623.5 20623.5 20623.5 20623.5 20623.5 20623.5 20623.5 20623.5 0 0 0 0 0 0 0 0 0 0 0 0 0 0 0 0 0 0 0 0 0 0 0 0 0
#obs cpue bio
 8215.81 7865.45 9407.24 25443.5 20795.6 18840.8 32001.2 41108.7 28197.1 40751.3 62833.2 107303 94806.3 153179 70448.5 89363.2 61136.3 112846 84669.1 98546.1 75824.6 109120 81454.2 120042 121852 146166 122785 69863.3 124071
#pred surv len freq
 2.55539e-27 2.5681e-27 1.61419e-26 2.86569e-20 7.02491e-15 2.08161e-10 7.45596e-07 0.000322815 0.016895 0.106883 0.0822067 0.0373152 0.226274 0.210124 0.0670054 0.100761 0.04347 0.0334518 0.0200265 0.0147912 0.0112645 0.00947157 0.00924531 0.00805014 0.00244094
 2.5599e-27 2.58021e-27 2.65541e-26 5.06209e-20 1.24091e-14 3.67704e-10 1.31705e-06 0.000570234 0.029844 0.188802 0.144747 0.0365949 0.176859 0.16505 0.0691145 0.116329 0.0390893 0.0155711 0.00676099 0.00371676 0.00228895 0.00163675 0.00140558 0.00121591 0.000402934
 2.56329e-27 2.58862e-27 3.31806e-26 6.45971e-20 1.58352e-14 4.69225e-10 1.68069e-06 0.000727672 0.0380838 0.240929 0.18463 0.0416015 0.186937 0.17284 0.0431945 0.0552315 0.0202526 0.0105528 0.00322943 0.000924689 0.000371535 0.000200007 0.000140733 0.000113345 3.87532e-05
 2.56151e-27 2.58371e-27 2.8759e-26 5.5269e-20 1.35485e-14 4.01467e-10 1.43799e-06 0.000622594 0.0325843 0.206138 0.158093 0.0434349 0.219535 0.202923 0.0486321 0.0598966 0.0191557 0.00609237 0.00204634 0.000638165 0.0001323 3.83028e-05 1.87049e-05 1.2788e-05 4.30556e-06
 2.56106e-27 2.58274e-27 2.81491e-26 5.39833e-20 1.32334e-14 3.92128e-10 1.40454e-06 0.000608111 0.0318263 0.201343 0.154401 0.041517 0.207533 0.192353 0.0559111 0.0791688 0.0251474 0.00756873 0.00205066 0.000447066 0.000100507 1.6935e-05 3.71079e-06 1.76618e-06 5.52428e-07
 2.56202e-27 2.58512e-27 3.00522e-26 5.79973e-20 1.42173e-14 4.21285e-10 1.50897e-06 0.000653328 0.0341928 0.216314 0.165851 0.0426696 0.20826 0.192611 0.0484912 0.062185 0.0200606 0.00656122 0.00175375 0.000333127 5.25001e-05 7.68527e-06 9.08351e-07 1.81893e-07 4.63414e-08
 2.56231e-27 2.58577e-27 3.04721e-26 5.88826e-20 1.44344e-14 4.27716e-10 1.53201e-06 0.0006633 0.0347147 0.219615 0.16839 0.0437787 0.214916 0.198507 0.0450856 0.0528662 0.0162017 0.00397268 0.00104426 0.000208515 3.0321e-05 3.26588e-06 2.79935e-07 2.24401e-08 3.06508e-09
 2.56246e-27 2.58625e-27 3.0976e-26 5.99459e-20 1.4695e-14 4.35439e-10 1.55967e-06 0.000675278 0.0353416 0.223581 0.171406 0.0429789 0.206712 0.191097 0.0466967 0.0584002 0.0177864 0.00413841 0.00100032 0.000158795 2.30459e-05 2.39703e-06 1.5436e-07 7.07992e-09 3.44621e-10
 2.56351e-27 2.58899e-27 3.33078e-26 6.48646e-20 1.59008e-14 4.71169e-10 1.68765e-06 0.000730687 0.0382415 0.241927 0.185415 0.0430682 0.197548 0.182449 0.0416858 0.0491543 0.0150662 0.00368057 0.000884282 0.000130273 1.58928e-05 1.45731e-06 8.99266e-08 3.03333e-09 6.39309e-11
 2.56521e-27 2.59346e-27 3.71033e-26 7.2871e-20 1.78635e-14 5.29326e-10 1.89596e-06 0.000820877 0.0429618 0.271788 0.20822 0.0432591 0.182979 0.168703 0.0337998 0.0346051 0.0102915 0.00201979 0.000470244 7.08009e-05 8.31254e-06 6.58727e-07 3.43483e-08 1.05617e-09 1.51048e-11
 2.56421e-27 2.59062e-27 3.44761e-26 6.73281e-20 1.65047e-14 4.89063e-10 1.75174e-06 0.000758437 0.0396939 0.251115 0.192462 0.0450331 0.207549 0.191153 0.0337172 0.0287498 0.00828226 0.00120225 0.000248095 3.04547e-05 3.44953e-06 2.69712e-07 1.24122e-08 3.19948e-10 3.94882e-12
 2.56493e-27 2.5927e-27 3.64482e-26 7.14891e-20 1.75247e-14 5.19288e-10 1.86e-06 0.000805309 0.042147 0.266634 0.204286 0.043337 0.186336 0.171849 0.0352368 0.0370637 0.0106233 0.00138789 0.000265168 2.50635e-05 2.32817e-06 1.57514e-07 7.05042e-09 1.63204e-10 1.6911e-12
 2.56627e-27 2.59628e-27 3.95607e-26 7.80548e-20 1.91342e-14 5.6698e-10 2.03083e-06 0.000879271 0.0460179 0.291122 0.222977 0.0428649 0.169611 0.15629 0.0301999 0.0295144 0.0086677 0.00151558 0.00030977 2.65544e-05 2.09718e-06 1.07436e-07 3.96687e-09 8.54833e-11 8.02538e-13
 2.56351e-27 2.58871e-27 3.27773e-26 6.37444e-20 1.56262e-14 4.63031e-10 1.6585e-06 0.000718067 0.0375811 0.237749 0.182265 0.0456046 0.219063 0.201762 0.0353261 0.0297489 0.00859364 0.00129118 0.000264517 2.89726e-05 2.4103e-06 1.06713e-07 3.0243e-09 5.11906e-11 4.30119e-13
 2.56121e-27 2.58256e-27 2.7433e-26 5.24706e-20 1.28625e-14 3.8114e-10 1.36518e-06 0.00059107 0.0309345 0.195701 0.15017 0.0463403 0.247211 0.227966 0.0441187 0.0431761 0.0122089 0.00132119 0.000235285 2.22408e-05 1.95659e-06 1.04637e-07 2.77719e-09 3.67186e-11 2.3673e-13
 2.56209e-27 2.58496e-27 2.95547e-26 5.69464e-20 1.39597e-14 4.13652e-10 1.48163e-06 0.00064149 0.0335733 0.212394 0.162907 0.045712 0.233481 0.215294 0.0418304 0.0411481 0.0116046 0.00119747 0.000200393 1.37543e-05 9.67744e-07 4.77435e-08 1.4615e-09 1.98822e-11 1.04185e-13
 2.56313e-27 2.58766e-27 3.184e-26 6.17672e-20 1.51415e-14 4.48669e-10 1.60706e-06 0.000695794 0.0364154 0.230374 0.176639 0.0459252 0.225455 0.207665 0.0364419 0.0307895 0.00862819 0.000826404 0.000132662 8.58212e-06 5.16558e-07 1.81654e-08 4.71279e-10 6.80087e-12 3.81372e-14
 2.56405e-27 2.59007e-27 3.38883e-26 6.60878e-20 1.62006e-14 4.80054e-10 1.71947e-06 0.000744466 0.0389626 0.246489 0.188946 0.0460434 0.217708 0.200336 0.0318798 0.0222361 0.00613527 0.000452494 6.10199e-05 3.6342e-06 2.02967e-07 6.364e-09 1.24575e-10 1.3889e-12 7.66924e-15
 2.56449e-27 2.59137e-27 3.51444e-26 6.8738e-20 1.68503e-14 4.99305e-10 1.78843e-06 0.00077432 0.0405251 0.256373 0.196474 0.0447982 0.202943 0.186924 0.033368 0.028999 0.00806534 0.000655354 9.33406e-05 4.64534e-06 2.14738e-07 6.09843e-09 1.07783e-10 9.52823e-13 3.95077e-15
 2.56395e-27 2.58986e-27 3.3743e-26 6.57815e-20 1.61255e-14 4.77829e-10 1.7115e-06 0.000741015 0.0387821 0.245346 0.188069 0.0457353 0.21598 0.198825 0.0331338 0.025477 0.00712337 0.000673355 0.000105517 5.65253e-06 2.67601e-07 6.15575e-09 9.23379e-11 7.26972e-13 2.48629e-15
 2.5656e-27 2.59436e-27 3.77456e-26 7.42253e-20 1.81954e-14 5.39163e-10 1.93119e-06 0.000836132 0.0437602 0.276839 0.212095 0.0443809 0.188793 0.173773 0.0293478 0.0231494 0.0064259 0.000518139 7.46698e-05 4.50324e-06 2.40452e-07 5.95194e-09 8.24351e-11 5.25595e-13 1.55693e-15
 2.56569e-27 2.59446e-27 3.77224e-26 7.41759e-20 1.81833e-14 5.38805e-10 1.92991e-06 0.000835576 0.0437311 0.276655 0.21197 0.0453672 0.196386 0.180538 0.0261537 0.014173 0.00388064 0.00027153 3.46291e-05 1.78969e-06 8.65787e-08 2.43835e-09 3.74615e-11 2.40091e-13 6.03017e-16
 2.56586e-27 2.59498e-27 3.82197e-26 7.52252e-20 1.84405e-14 5.46426e-10 1.95721e-06 0.000847396 0.0443497 0.280568 0.21495 0.0448872 0.190639 0.175318 0.0267366 0.0168107 0.004591 0.00027015 2.85752e-05 1.32275e-06 5.4701e-08 1.30545e-09 2.00413e-11 1.45576e-13 3.85257e-16
 2.56689e-27 2.5978e-27 4.07362e-26 8.05341e-20 1.9742e-14 5.84989e-10 2.09533e-06 0.000907199 0.0474795 0.300369 0.230055 0.043979 0.173116 0.159181 0.0244944 0.0157626 0.00432654 0.000290613 3.51243e-05 1.43143e-06 4.7563e-08 9.70717e-10 1.25185e-11 8.23907e-14 2.35134e-16
 2.56639e-27 2.59639e-27 3.94507e-26 7.78221e-20 1.90771e-14 5.6529e-10 2.02477e-06 0.00087665 0.0458807 0.290254 0.222343 0.0446959 0.183989 0.169134 0.0247891 0.0139318 0.00381286 0.000257246 3.14372e-05 1.41818e-06 5.34075e-08 9.26976e-10 9.67971e-12 5.28045e-14 1.30761e-16
 2.56537e-27 2.59358e-27 3.69206e-26 7.24844e-20 1.77687e-14 5.26518e-10 1.8859e-06 0.000816522 0.0427338 0.270346 0.207159 0.0457722 0.202848 0.186463 0.026503 0.0134772 0.00365531 0.000203241 1.98958e-05 8.8121e-07 3.34469e-08 6.54388e-10 6.99919e-12 3.11459e-14 6.26349e-17
 2.56457e-27 2.59144e-27 3.50558e-26 6.85507e-20 1.68044e-14 4.97944e-10 1.78355e-06 0.000772209 0.0404146 0.255675 0.195961 0.0460572 0.212885 0.195796 0.0294504 0.0178418 0.00485651 0.000263503 2.46645e-05 9.44013e-07 2.81604e-08 5.33983e-10 5.99696e-12 2.92695e-14 5.36283e-17
 2.56582e-27 2.59482e-27 3.80431e-26 7.48525e-20 1.83492e-14 5.43719e-10 1.94751e-06 0.000843197 0.0441299 0.279178 0.213895 0.0452458 0.19411 0.178445 0.0259186 0.0141614 0.00384427 0.00020676 1.90661e-05 7.07462e-07 1.92297e-08 2.98441e-10 2.80006e-12 1.36076e-14 2.68298e-17
 2.56611e-27 2.59564e-27 3.87837e-26 7.64149e-20 1.87322e-14 5.55068e-10 1.98816e-06 0.000860798 0.0450511 0.285006 0.218338 0.0448619 0.188066 0.172907 0.0256473 0.0149361 0.00406772 0.000231408 2.31238e-05 8.65712e-07 2.36857e-08 3.51022e-10 2.8789e-12 1.12436e-14 2.01196e-17
#obs surv len freq
 1.08582e-41 1.50705e-33 2.52838e-26 5.12751e-20 1.25695e-14 3.72457e-10 1.33408e-06 0.00057761 0.0302298 0.191243 0.146741 0.0401921 0.173394 0.146694 0.103636 0.101518 0.0440419 0.0172858 0.00392264 0.000496269 2.56366e-05 3.90872e-07 1.32458e-09 8.14623e-13 7.97074e-17
 1.60748e-41 2.23108e-33 3.7431e-26 7.59094e-20 1.86083e-14 5.51398e-10 1.97502e-06 0.000855114 0.0447533 0.283122 0.216916 0.040757 0.126858 0.102332 0.0756871 0.0682334 0.0282424 0.0100038 0.00201057 0.000216941 9.15111e-06 1.08309e-07 2.73423e-10 1.22033e-13 8.53845e-18
 1.53569e-41 2.13144e-33 3.57593e-26 7.25191e-20 1.77772e-14 5.26771e-10 1.88681e-06 0.000816923 0.0427545 0.270478 0.207492 0.0501091 0.177329 0.129214 0.0563758 0.0423551 0.0167427 0.00531459 0.000929834 8.34182e-05 2.80744e-06 2.55282e-08 4.79558e-11 1.55629e-14 7.80224e-19
 1.07639e-41 1.49396e-33 2.50642e-26 5.08298e-20 1.24603e-14 3.69222e-10 1.32249e-06 0.000572594 0.0299673 0.189584 0.145949 0.0564027 0.229776 0.162855 0.0983664 0.0661073 0.0159592 0.00383668 0.000578904 4.24691e-05 1.11436e-06 7.64434e-09 1.05978e-11 2.49794e-15 8.99035e-20
 1.50499e-41 2.08882e-33 3.50444e-26 7.10693e-20 1.74218e-14 5.1624e-10 1.84909e-06 0.00080059 0.0418997 0.265071 0.203395 0.0472814 0.142374 0.10418 0.103564 0.068743 0.0188521 0.00349751 0.000320921 1.76852e-05 3.55285e-07 1.8058e-09 1.82144e-12 3.09345e-16 7.97102e-21
 1.19976e-41 1.66519e-33 2.79371e-26 5.66558e-20 1.38885e-14 4.11542e-10 1.47408e-06 0.000638224 0.0334021 0.211315 0.162903 0.0649683 0.231182 0.14402 0.078573 0.0498484 0.0191064 0.00373794 0.000293592 9.9369e-06 1.32129e-07 4.82884e-10 3.49582e-13 4.22978e-17 7.73938e-22
 1.376e-41 1.9098e-33 3.20408e-26 6.49782e-20 1.59286e-14 4.71995e-10 1.69061e-06 0.000731975 0.0383087 0.242355 0.186483 0.0579137 0.175059 0.116609 0.109875 0.0570325 0.0128919 0.00250798 0.00022439 6.42174e-06 5.42159e-08 1.2323e-10 6.04494e-14 5.12012e-18 6.58783e-23
 1.19695e-41 1.66128e-33 2.78714e-26 5.65227e-20 1.38559e-14 4.10575e-10 1.47061e-06 0.000636725 0.0333236 0.210821 0.162971 0.0722808 0.227211 0.133255 0.0935101 0.049176 0.0146257 0.00204865 0.000134515 3.77619e-06 2.69419e-08 4.09268e-11 1.23734e-14 6.73399e-19 5.85088e-24
 1.51215e-41 2.09876e-33 3.5211e-26 7.14073e-20 1.75046e-14 5.18695e-10 1.85788e-06 0.000804398 0.042099 0.266336 0.205181 0.0643755 0.16689 0.104083 0.0966325 0.0424464 0.00967588 0.00139238 8.12241e-05 1.61616e-06 9.55115e-09 1.19723e-11 2.60066e-15 9.15853e-20 5.02694e-25
 1.51826e-41 2.10724e-33 3.53534e-26 7.1696e-20 1.75754e-14 5.20792e-10 1.86539e-06 0.00080765 0.0422692 0.267416 0.206625 0.0779037 0.198276 0.103676 0.0663768 0.0286412 0.00715752 0.000809143 3.92838e-05 6.66183e-07 2.86289e-09 2.66576e-12 4.52464e-16 1.2041e-20 4.65501e-26
 1.09649e-41 1.52185e-33 2.55322e-26 5.17788e-20 1.2693e-14 3.76115e-10 1.34718e-06 0.000583284 0.0305268 0.193137 0.150978 0.0971574 0.258056 0.136118 0.0953707 0.0319296 0.0055392 0.000578778 2.3983e-05 3.12863e-07 1.05602e-09 7.2552e-13 8.75848e-17 1.69946e-21 4.89792e-27
 1.66237e-41 2.30727e-33 3.87092e-26 7.85015e-20 1.92437e-14 5.70226e-10 2.04246e-06 0.000884314 0.0462815 0.292801 0.226076 0.0711895 0.144672 0.0942627 0.090036 0.0287919 0.00465062 0.000342602 1.0556e-05 1.11245e-07 2.82988e-10 1.44209e-13 1.27867e-17 1.77204e-22 3.59996e-28
 1.33825e-41 1.85741e-33 3.11618e-26 6.31956e-20 1.54917e-14 4.59046e-10 1.64423e-06 0.000711894 0.0372577 0.235728 0.184673 0.110466 0.242665 0.106565 0.0573625 0.0203196 0.00397813 0.000265756 6.1187e-06 4.42965e-08 8.28077e-11 3.12128e-14 2.004e-18 2.00069e-23 2.91707e-29
 1.11777e-41 1.55139e-33 2.60279e-26 5.2784e-20 1.29394e-14 3.83417e-10 1.37334e-06 0.000594608 0.0311194 0.196902 0.155631 0.112108 0.235699 0.137664 0.103376 0.0237904 0.00290809 0.000201621 4.51862e-06 2.51724e-08 3.20793e-11 8.29808e-15 3.78782e-19 2.71029e-24 2.81737e-30
 8.76869e-42 1.21704e-33 2.04183e-26 4.14079e-20 1.01507e-14 3.00783e-10 1.07736e-06 0.000466458 0.0244126 0.154484 0.124498 0.123439 0.249226 0.159841 0.124415 0.0344092 0.004603 0.000201704 3.414e-06 1.71924e-08 1.76474e-11 3.2357e-15 9.97319e-20 4.85584e-25 3.5097e-31
 1.4118e-41 1.95948e-33 3.28744e-26 6.66686e-20 1.6343e-14 4.84273e-10 1.73459e-06 0.000751017 0.0393053 0.248692 0.194963 0.0946213 0.159979 0.126693 0.101882 0.0288195 0.00409697 0.000191491 2.55016e-06 8.70562e-09 6.93658e-12 1.02218e-15 2.37455e-20 8.16076e-26 4.02519e-32
 9.75815e-42 1.35437e-33 2.27223e-26 4.60804e-20 1.12961e-14 3.34723e-10 1.19892e-06 0.000519093 0.0271673 0.171954 0.141778 0.162305 0.273066 0.126141 0.0718598 0.0219252 0.0031361 0.000145393 1.8955e-06 5.46259e-09 3.07267e-12 3.15267e-16 5.43079e-21 1.41858e-26 5.21787e-33
 1.43849e-41 1.99653e-33 3.34959e-26 6.7929e-20 1.6652e-14 4.93429e-10 1.76738e-06 0.000765216 0.0400484 0.25342 0.200574 0.107999 0.161356 0.135557 0.0835622 0.015034 0.00160914 7.22899e-05 8.83878e-07 2.31249e-09 1.10445e-12 8.63703e-17 1.04447e-21 1.8868e-27 4.92418e-34
 1.00201e-41 1.39073e-33 2.33324e-26 4.73176e-20 1.15994e-14 3.4371e-10 1.23111e-06 0.00053303 0.0278968 0.176628 0.149311 0.183521 0.261174 0.121299 0.0623196 0.0158132 0.00146162 4.20639e-05 4.12867e-07 9.43023e-10 3.85087e-13 2.49728e-17 2.3976e-22 3.25652e-28 6.08737e-35
 1.28825e-41 1.78801e-33 2.99975e-26 6.08344e-20 1.49128e-14 4.41894e-10 1.58279e-06 0.000685295 0.0358658 0.227016 0.184248 0.132403 0.181388 0.152237 0.0739274 0.011259 0.000940769 2.67131e-05 1.85979e-07 2.97972e-10 9.5164e-14 4.9869e-18 3.83968e-23 4.11759e-29 5.96078e-36
 1.41118e-41 1.95863e-33 3.286e-26 6.66394e-20 1.63359e-14 4.84062e-10 1.73383e-06 0.000750689 0.0392883 0.248728 0.204579 0.159295 0.187426 0.101658 0.0478697 0.00974053 0.000650305 1.31237e-05 7.78369e-08 9.64582e-11 2.13068e-14 7.88041e-19 4.51641e-24 3.70633e-30 4.12797e-37
 1.13137e-41 1.57027e-33 2.63446e-26 5.34262e-20 1.30968e-14 3.88082e-10 1.39005e-06 0.000601843 0.0314985 0.19955 0.173025 0.196476 0.225043 0.122507 0.0444862 0.00638264 0.000420854 7.97865e-06 3.46115e-08 3.18825e-11 5.41458e-15 1.46135e-19 5.82773e-25 3.32128e-31 2.6303e-38
 1.37311e-41 1.90578e-33 3.19734e-26 6.48415e-20 1.58951e-14 4.71001e-10 1.68705e-06 0.000730435 0.0382286 0.242114 0.202817 0.160657 0.179446 0.126476 0.0439595 0.00531593 0.000249588 3.73195e-06 1.4083e-08 1.01359e-11 1.23752e-15 2.4187e-20 7.09172e-26 2.93411e-32 1.64572e-39
 1.35589e-41 1.88188e-33 3.15724e-26 6.40283e-20 1.56958e-14 4.65095e-10 1.66589e-06 0.000721274 0.0377495 0.239223 0.207129 0.193815 0.18802 0.0969672 0.0320592 0.00414549 0.000166918 1.81011e-06 4.89532e-09 2.73241e-12 2.61904e-16 3.82286e-21 8.03079e-27 2.35945e-33 9.47083e-41
 1.18937e-41 1.65076e-33 2.7695e-26 5.61649e-20 1.37682e-14 4.07976e-10 1.4613e-06 0.000632694 0.033114 0.210052 0.190657 0.214285 0.206689 0.112295 0.0293168 0.00285208 0.000104002 9.92307e-07 2.01771e-09 7.86247e-13 5.36042e-17 5.79029e-22 9.12962e-28 1.98732e-34 5.77935e-42
 1.06572e-41 1.47915e-33 2.48158e-26 5.0326e-20 1.23368e-14 3.65563e-10 1.30939e-06 0.00056692 0.0296721 0.18843 0.178453 0.221389 0.217323 0.12926 0.0320904 0.00273958 7.42515e-05 5.47999e-07 9.14555e-10 2.77234e-13 1.3614e-17 1.02244e-22 1.12552e-28 1.74519e-35 3.67982e-43
 1.052e-41 1.46011e-33 2.44963e-26 4.9678e-20 1.2178e-14 3.60856e-10 1.29253e-06 0.00055962 0.0292907 0.186174 0.18008 0.221599 0.21664 0.131364 0.0316361 0.00259415 6.01733e-05 3.37859e-07 4.09278e-10 9.3145e-14 3.49809e-18 1.96504e-23 1.56069e-29 1.69992e-36 2.4908e-44
 1.26967e-41 1.76222e-33 2.95649e-26 5.9957e-20 1.46977e-14 4.35521e-10 1.55997e-06 0.000675412 0.0353505 0.224406 0.204846 0.200205 0.192458 0.112833 0.0269725 0.00220137 4.9679e-05 2.56858e-07 2.63108e-10 4.77306e-14 1.415e-18 6.39764e-24 4.16349e-30 3.72768e-37 4.44817e-45
 1.2697e-41 1.76225e-33 2.95655e-26 5.99581e-20 1.4698e-14 4.3553e-10 1.56e-06 0.000675425 0.0353512 0.22441 0.204851 0.200214 0.192623 0.113179 0.0265983 0.00205392 4.29174e-05 2.0138e-07 1.84442e-10 2.95644e-14 7.67649e-19 3.02334e-24 1.70898e-30 1.32723e-37 1.37252e-45
#pred catch len freq
 2.55496e-27 2.5667e-27 1.46488e-26 2.55061e-20 6.2525e-15 1.85273e-10 6.63616e-07 0.000287321 0.0150373 0.0951311 0.0732736 0.0398595 0.251913 0.233507 0.0662473 0.0930131 0.0390792 0.0287563 0.0170622 0.0125453 0.00954434 0.00802355 0.00783167 0.00681923 0.00206771
 2.5589e-27 2.57738e-27 2.39346e-26 4.50944e-20 1.10543e-14 3.2756e-10 1.17326e-06 0.000507979 0.0265858 0.168189 0.129036 0.0383565 0.201303 0.187421 0.0697495 0.112105 0.0371821 0.0140562 0.00603959 0.00330151 0.00203077 0.00145179 0.00124671 0.00107847 0.00035739
 2.5616e-27 2.58397e-27 2.90273e-26 5.58352e-20 1.36873e-14 4.0558e-10 1.45272e-06 0.000628972 0.0329181 0.20825 0.159702 0.0431927 0.21656 0.200107 0.0467797 0.0565274 0.0203869 0.0101589 0.00308945 0.000878195 0.000352246 0.00018956 0.000133377 0.00010742 3.67274e-05
 2.55976e-27 2.5789e-27 2.44637e-26 4.62077e-20 1.13273e-14 3.35647e-10 1.20223e-06 0.00052052 0.0272421 0.172342 0.132313 0.0450597 0.250012 0.230975 0.0523051 0.0612011 0.0193877 0.00588141 0.00195653 0.000606432 0.000125538 3.63233e-05 1.77369e-05 1.21262e-05 4.08273e-06
 2.55992e-27 2.57954e-27 2.52139e-26 4.77909e-20 1.17154e-14 3.47147e-10 1.24342e-06 0.000538354 0.0281755 0.178247 0.136793 0.0432377 0.232999 0.215667 0.0566801 0.0750339 0.023591 0.00673123 0.00180658 0.000390796 8.76829e-05 1.47668e-05 3.23529e-06 1.53984e-06 4.81634e-07
 2.56123e-27 2.58285e-27 2.79186e-26 5.34958e-20 1.31139e-14 3.88587e-10 1.39185e-06 0.00060262 0.0315389 0.199525 0.153059 0.0443757 0.230231 0.212649 0.0477418 0.0554084 0.0176521 0.00545017 0.00144334 0.000271975 4.27721e-05 6.25664e-06 7.39399e-07 1.48057e-07 3.7721e-08
 2.56114e-27 2.58247e-27 2.74677e-26 5.25441e-20 1.28806e-14 3.81674e-10 1.36709e-06 0.000591898 0.0309778 0.195975 0.150365 0.045428 0.240132 0.221604 0.0460724 0.0492929 0.0149732 0.00347537 0.000903119 0.000178945 2.59714e-05 2.79531e-06 2.39558e-07 1.92028e-08 2.62289e-09
 2.56129e-27 2.58297e-27 2.79873e-26 5.36405e-20 1.31493e-14 3.89638e-10 1.39562e-06 0.000604249 0.0316242 0.200064 0.153474 0.0446167 0.231773 0.214054 0.0476796 0.0548536 0.0165699 0.00365219 0.000872963 0.000137476 1.99051e-05 2.06888e-06 1.33205e-07 6.10938e-09 2.97378e-10
 2.56274e-27 2.58679e-27 3.12549e-26 6.05334e-20 1.4839e-14 4.39707e-10 1.57496e-06 0.000681896 0.035688 0.225772 0.173104 0.0445858 0.217747 0.20088 0.0411748 0.0433392 0.0131559 0.00303077 0.000719915 0.000105187 1.28009e-05 1.17278e-06 7.23554e-08 2.44054e-09 5.14367e-11
 2.56471e-27 2.59199e-27 3.57115e-26 6.99344e-20 1.71436e-14 5.07995e-10 1.81955e-06 0.000787797 0.0412304 0.260835 0.199876 0.0444671 0.198034 0.182409 0.0328447 0.0289734 0.00854062 0.00157688 0.00036174 5.40037e-05 6.32504e-06 5.00785e-07 2.6107e-08 8.02722e-10 1.148e-11
 2.56329e-27 2.58804e-27 3.21208e-26 6.23592e-20 1.52866e-14 4.5297e-10 1.62246e-06 0.000702464 0.0367644 0.232582 0.178333 0.0463761 0.227697 0.209593 0.0342272 0.0252709 0.00723014 0.000993068 0.000201228 2.44952e-05 2.76653e-06 2.16121e-07 9.94385e-09 2.56308e-10 3.16333e-12
 2.56381e-27 2.58959e-27 3.36189e-26 6.55202e-20 1.60615e-14 4.75931e-10 1.7047e-06 0.000738071 0.038628 0.244372 0.18731 0.0447895 0.209316 0.192912 0.0363593 0.034321 0.00978681 0.00121488 0.000227813 2.13634e-05 1.97758e-06 1.33663e-07 5.98137e-09 1.3845e-10 1.43459e-12
 2.56535e-27 2.59373e-27 3.72323e-26 7.31426e-20 1.793e-14 5.31299e-10 1.90302e-06 0.000823936 0.0431219 0.272801 0.209008 0.0441476 0.189186 0.174216 0.030871 0.0265303 0.00773363 0.00127807 0.000257494 2.19042e-05 1.72346e-06 8.81939e-08 3.25538e-09 7.01465e-11 6.58545e-13
 2.56282e-27 2.58675e-27 3.09606e-26 5.99117e-20 1.46866e-14 4.35191e-10 1.55878e-06 0.000674892 0.0353214 0.223454 0.17137 0.0468404 0.236122 0.21734 0.0350861 0.0252809 0.00724896 0.00102911 0.000207121 2.24991e-05 1.8663e-06 8.25406e-08 2.33844e-09 3.9578e-11 3.32541e-13
 2.56168e-27 2.58368e-27 2.8279e-26 5.42548e-20 1.32999e-14 3.941e-10 1.4116e-06 0.000611169 0.0319864 0.202355 0.155267 0.0473285 0.25115 0.231295 0.0391668 0.0310563 0.00872293 0.000889292 0.000153986 1.44253e-05 1.26425e-06 6.75404e-08 1.7921e-09 2.36921e-11 1.52743e-13
 2.56251e-27 2.58596e-27 3.03036e-26 5.85258e-20 1.43469e-14 4.25124e-10 1.52272e-06 0.000659281 0.0345044 0.218285 0.167419 0.046632 0.237312 0.218547 0.0372897 0.0299851 0.00840363 0.000818924 0.000133225 9.07125e-06 6.35054e-07 3.12925e-08 9.57603e-10 1.30263e-11 6.82575e-14
 2.56403e-27 2.58999e-27 3.38011e-26 6.59038e-20 1.61555e-14 4.78717e-10 1.71468e-06 0.000742393 0.0388542 0.245803 0.188425 0.0462519 0.219661 0.20209 0.0313245 0.020534 0.00571039 0.000515902 8.01971e-05 5.14632e-06 3.0813e-07 1.08215e-08 2.80624e-10 4.04921e-12 2.27063e-14
 2.56382e-27 2.58938e-27 3.32069e-26 6.46501e-20 1.58482e-14 4.6961e-10 1.68207e-06 0.00072827 0.038115 0.241127 0.184864 0.0468492 0.226708 0.208493 0.0306323 0.0173443 0.00475552 0.000335404 4.35744e-05 2.57535e-06 1.43061e-07 4.47993e-09 8.76536e-11 9.77138e-13 5.39544e-15
 2.56446e-27 2.59119e-27 3.48975e-26 6.8217e-20 1.67226e-14 4.9552e-10 1.77487e-06 0.00076845 0.0402179 0.25443 0.195003 0.0456319 0.210321 0.193544 0.0311347 0.0222475 0.0061537 0.000476348 6.55692e-05 3.24186e-06 1.48904e-07 4.22278e-09 7.45955e-11 6.59354e-13 2.73384e-15
 2.5639e-27 2.58963e-27 3.34613e-26 6.5187e-20 1.59798e-14 4.7351e-10 1.69603e-06 0.000734318 0.0384315 0.243129 0.186388 0.0465002 0.222982 0.205119 0.0312125 0.0195172 0.00542031 0.000486072 7.39726e-05 3.93606e-06 1.85251e-07 4.25584e-09 6.37993e-11 5.02216e-13 1.71755e-15
 2.56629e-27 2.59614e-27 3.92469e-26 7.73921e-20 1.89718e-14 5.62167e-10 2.01359e-06 0.000871806 0.0456272 0.288651 0.221117 0.044583 0.183991 0.169179 0.0255702 0.0157006 0.00432719 0.000331275 4.59934e-05 2.75188e-06 1.46139e-07 3.61284e-09 5.00099e-11 3.18807e-13 9.44331e-16
 2.56577e-27 2.59466e-27 3.78495e-26 7.4444e-20 1.8249e-14 5.40752e-10 1.93688e-06 0.000838596 0.0438891 0.277655 0.212739 0.0457179 0.198515 0.182406 0.0247284 0.0104576 0.00283831 0.000190027 2.32763e-05 1.19433e-06 5.74194e-08 1.61489e-09 2.47983e-11 1.58911e-13 3.99106e-16
 2.56586e-27 2.59491e-27 3.81022e-26 7.49773e-20 1.83798e-14 5.44626e-10 1.95076e-06 0.000844603 0.0442035 0.279644 0.214252 0.0453832 0.194904 0.179139 0.0253311 0.0126499 0.00343136 0.000194713 1.96495e-05 9.03171e-07 3.70988e-08 8.84072e-10 1.35642e-11 9.85144e-14 2.60702e-16
 2.56682e-27 2.59755e-27 4.04672e-26 7.99664e-20 1.96028e-14 5.80866e-10 2.08056e-06 0.000900805 0.0471449 0.298252 0.228447 0.0444904 0.178137 0.163708 0.0233593 0.0120395 0.00328233 0.000211515 2.45438e-05 9.9464e-07 3.28033e-08 6.68388e-10 8.61388e-12 5.6683e-14 1.6176e-16
 2.56687e-27 2.59766e-27 4.05306e-26 8.01e-20 1.96356e-14 5.81837e-10 2.08404e-06 0.00090231 0.0472237 0.29875 0.228831 0.0447274 0.179671 0.16506 0.0224381 0.00960225 0.00260376 0.000168048 1.96644e-05 8.81259e-07 3.29561e-08 5.71206e-10 5.95997e-12 3.25062e-14 8.04916e-17
 2.56558e-27 2.5941e-27 3.73436e-26 7.33767e-20 1.79874e-14 5.32999e-10 1.90911e-06 0.000826573 0.0432599 0.273674 0.209704 0.0460019 0.202808 0.186336 0.0248548 0.00975618 0.00262235 0.000140892 1.31118e-05 5.76601e-07 2.17324e-08 4.24574e-10 4.53809e-12 2.01905e-14 4.06008e-17
 2.56527e-27 2.59328e-27 3.66398e-26 7.1892e-20 1.76235e-14 5.22215e-10 1.87048e-06 0.000809848 0.0423845 0.268137 0.205476 0.0460388 0.206059 0.189381 0.0262046 0.0120639 0.00325719 0.000170769 1.51491e-05 5.76149e-07 1.70483e-08 3.22691e-10 3.62147e-12 1.76723e-14 3.23777e-17
 2.56625e-27 2.59596e-27 3.90073e-26 7.68864e-20 1.88478e-14 5.58493e-10 2.00043e-06 0.000866109 0.045329 0.286764 0.219688 0.0453229 0.190626 0.175138 0.0236479 0.0098227 0.00264289 0.000137441 1.20102e-05 4.42931e-07 1.19413e-08 1.84995e-10 1.73419e-12 8.42595e-15 1.66122e-17
 2.56609e-27 2.59553e-27 3.86413e-26 7.61144e-20 1.86585e-14 5.52885e-10 1.98034e-06 0.000857413 0.0448739 0.283885 0.21749 0.0453192 0.192143 0.176566 0.0244215 0.0112254 0.00303478 0.00016674 1.58732e-05 5.90923e-07 1.604e-08 2.37309e-10 1.94463e-12 7.59304e-15 1.35862e-17
#obs catch len freq
 5.02142e-42 6.9694e-34 1.16926e-26 2.37124e-20 5.81281e-15 1.72244e-10 6.1695e-07 0.000267118 0.0139799 0.0884422 0.0682572 0.0398508 0.218316 0.186346 0.143574 0.14327 0.0645344 0.0261538 0.00616083 0.000803698 4.30138e-05 6.82944e-07 2.40964e-09 1.53659e-12 1.5509e-16
 5.77002e-42 8.00842e-34 1.34358e-26 2.72475e-20 6.6794e-15 1.97923e-10 7.08927e-07 0.000306941 0.0160641 0.101627 0.0784386 0.0437333 0.223222 0.181534 0.142517 0.130461 0.056365 0.0207937 0.00441567 0.000499152 2.1855e-05 2.67766e-07 6.99643e-10 3.22604e-13 2.32439e-17
 1.09036e-41 1.51335e-33 2.53897e-26 5.14897e-20 1.26221e-14 3.74016e-10 1.33966e-06 0.000580028 0.0303564 0.192044 0.147528 0.0452906 0.181569 0.140667 0.113068 0.0946356 0.0387899 0.0128361 0.00239657 0.000229125 8.11318e-06 7.65359e-08 1.48187e-10 4.94387e-14 2.54307e-18
 1.11403e-41 1.5462e-33 2.59408e-26 5.26074e-20 1.28961e-14 3.82135e-10 1.36874e-06 0.000592619 0.0310153 0.196214 0.151058 0.0585794 0.238809 0.164831 0.0766608 0.0539663 0.0210055 0.00618868 0.000997643 7.86179e-05 2.20238e-06 1.58502e-08 2.27261e-11 5.49714e-15 2.02293e-19
 7.87614e-42 1.09316e-33 1.83399e-26 3.71931e-20 9.11744e-15 2.70166e-10 9.67692e-07 0.000418977 0.0219276 0.138724 0.107417 0.0646984 0.27312 0.184209 0.116809 0.0715004 0.0168094 0.00380664 0.000524872 3.3503e-05 7.25888e-07 3.9179e-09 4.1287e-12 7.23428e-16 1.90821e-20
 1.25955e-41 1.74817e-33 2.93292e-26 5.94791e-20 1.45806e-14 4.3205e-10 1.54753e-06 0.000670028 0.0350666 0.221844 0.170622 0.0530053 0.172918 0.12236 0.12478 0.0752011 0.019892 0.00334274 0.00028267 1.35766e-05 2.23515e-07 8.89141e-10 6.79415e-13 8.55862e-17 1.61388e-21
 1.03669e-41 1.43886e-33 2.41398e-26 4.8955e-20 1.20008e-14 3.55604e-10 1.27372e-06 0.000551475 0.028862 0.182595 0.14135 0.0737141 0.260247 0.153606 0.0861175 0.0508751 0.018601 0.0032466 0.000226842 6.63592e-06 7.27784e-08 2.07632e-10 1.13553e-13 1.01724e-17 1.36041e-22
 1.27812e-41 1.77394e-33 2.97615e-26 6.03558e-20 1.47955e-14 4.38418e-10 1.57034e-06 0.000679904 0.0355835 0.225116 0.173628 0.0643 0.192047 0.12369 0.116323 0.0544349 0.0119058 0.00212109 0.000164853 3.9557e-06 2.72187e-08 4.85106e-11 1.79934e-14 1.12718e-18 1.05905e-23
 1.15032e-41 1.59657e-33 2.67858e-26 5.43211e-20 1.33162e-14 3.94583e-10 1.41333e-06 0.000611924 0.0320257 0.202612 0.157114 0.0798611 0.23935 0.134208 0.0941614 0.0456456 0.0127274 0.00158646 9.30438e-05 2.17171e-06 1.23415e-08 1.4555e-11 3.33225e-15 1.3435e-19 8.52185e-25
 1.51237e-41 2.09908e-33 3.52164e-26 7.14181e-20 1.75073e-14 5.18773e-10 1.85816e-06 0.00080452 0.0421053 0.266378 0.205534 0.0695935 0.171319 0.103808 0.0938521 0.0374166 0.00809351 0.00104039 5.22988e-05 8.69675e-07 4.0964e-09 3.94124e-12 6.44196e-16 1.68138e-20 6.75032e-26
 1.55064e-41 2.15219e-33 3.61074e-26 7.32251e-20 1.79503e-14 5.31899e-10 1.90518e-06 0.000824876 0.0431707 0.273122 0.211369 0.083136 0.197046 0.0985335 0.0619035 0.0246149 0.00568437 0.000568189 2.39245e-05 3.32956e-07 1.13321e-09 8.10406e-13 1.03083e-16 2.02648e-21 5.73369e-27
 1.15245e-41 1.59953e-33 2.68354e-26 5.44217e-20 1.33408e-14 3.95313e-10 1.41595e-06 0.000613057 0.032085 0.202998 0.159084 0.103941 0.254004 0.129185 0.0870518 0.0263452 0.00428147 0.000395845 1.39503e-05 1.49045e-07 3.95755e-10 2.07543e-13 1.87483e-17 2.68225e-22 5.64383e-28
 1.72352e-41 2.39214e-33 4.0133e-26 8.13889e-20 1.99515e-14 5.91201e-10 2.11758e-06 0.000916841 0.0479838 0.303573 0.234651 0.0747756 0.140303 0.0903816 0.080442 0.0233006 0.00344276 0.000222042 5.86474e-06 5.01512e-08 9.97703e-11 3.86955e-14 2.55949e-18 2.6113e-23 3.86946e-29
 1.40105e-41 1.94456e-33 3.26241e-26 6.6161e-20 1.62186e-14 4.80586e-10 1.72138e-06 0.000745299 0.039006 0.246795 0.193826 0.116404 0.234025 0.0984232 0.0509816 0.0167093 0.00291194 0.000167448 3.24853e-06 1.90961e-08 2.78818e-11 7.9673e-15 3.80755e-19 2.794e-24 2.96818e-30
 1.18756e-41 1.64825e-33 2.76529e-26 5.60794e-20 1.37472e-14 4.07355e-10 1.45908e-06 0.000631731 0.0330623 0.209202 0.165866 0.118888 0.228997 0.131662 0.0906862 0.0187574 0.00211639 0.00012677 2.33755e-06 1.04141e-08 1.03281e-11 2.02562e-15 6.87329e-20 3.60961e-25 2.73139e-31
 9.45696e-42 1.31256e-33 2.2021e-26 4.46581e-20 1.09474e-14 3.24392e-10 1.16192e-06 0.000503071 0.0263288 0.166619 0.134876 0.131791 0.243947 0.154876 0.109939 0.0277419 0.0032516 0.000122363 1.73514e-06 6.91911e-09 5.46094e-12 7.55776e-16 1.73085e-20 6.18324e-26 3.24994e-32
 1.49929e-41 2.08092e-33 3.49117e-26 7.08002e-20 1.73558e-14 5.14285e-10 1.84208e-06 0.000797559 0.0417411 0.264111 0.207444 0.098763 0.15338 0.120726 0.087441 0.0226658 0.00281592 0.000110963 1.20627e-06 3.27655e-09 2.00832e-12 2.22069e-16 3.81958e-21 9.62822e-27 3.45599e-33
 1.05263e-41 1.46099e-33 2.45111e-26 4.97079e-20 1.21853e-14 3.61073e-10 1.29331e-06 0.000559957 0.029306 0.185507 0.153724 0.170292 0.261206 0.117603 0.0621861 0.0173785 0.00215179 8.38461e-05 8.81163e-07 1.98593e-09 8.54771e-13 6.58379e-17 8.37856e-22 1.60069e-27 4.28066e-34
 1.53149e-41 2.12561e-33 3.56615e-26 7.23207e-20 1.77286e-14 5.2533e-10 1.88165e-06 0.000814688 0.0426376 0.269815 0.214002 0.111517 0.153543 0.126535 0.0687696 0.0112529 0.00107038 4.01856e-05 3.9289e-07 7.97046e-10 2.88576e-13 1.68497e-17 1.50388e-22 1.98571e-28 3.75932e-35
 1.08539e-41 1.50645e-33 2.52739e-26 5.12549e-20 1.25645e-14 3.7231e-10 1.33356e-06 0.000577383 0.0302182 0.191352 0.162598 0.190483 0.247346 0.11177 0.0527223 0.01197 0.00093901 2.28131e-05 1.80131e-07 3.17055e-10 9.75373e-14 4.69737e-18 3.31641e-23 3.28902e-29 4.46369e-36
 1.38601e-41 1.92369e-33 3.22739e-26 6.54508e-20 1.60445e-14 4.75428e-10 1.70291e-06 0.000737299 0.0385875 0.244265 0.198799 0.1362 0.17296 0.13998 0.0596424 0.00821947 0.000595088 1.38318e-05 7.66008e-08 9.49918e-11 2.28154e-14 8.84124e-19 4.98696e-24 3.89343e-30 4.08481e-37
 1.5067e-41 2.09119e-33 3.50841e-26 7.11499e-20 1.74416e-14 5.16825e-10 1.85118e-06 0.000801499 0.0419476 0.265592 0.219082 0.161359 0.173846 0.0912017 0.0388236 0.00694623 0.000390115 6.52588e-06 3.05796e-08 2.89954e-11 4.81029e-15 1.31505e-19 5.50619e-25 3.27896e-31 2.63954e-38
 1.22473e-41 1.69984e-33 2.85184e-26 5.78347e-20 1.41775e-14 4.20105e-10 1.50475e-06 0.000651504 0.0340978 0.216062 0.188115 0.200211 0.211016 0.109706 0.035347 0.00453543 0.000252663 3.86683e-06 1.31797e-08 9.28847e-12 1.17909e-15 2.34648e-20 6.83632e-26 2.82487e-32 1.61294e-39
 1.47422e-41 2.04612e-33 3.43279e-26 6.96163e-20 1.70656e-14 5.05685e-10 1.81128e-06 0.000784223 0.0410438 0.259985 0.218337 0.162083 0.168249 0.111634 0.0341144 0.00362307 0.000143277 1.74107e-06 5.11239e-09 2.79157e-12 2.54333e-16 3.65891e-21 7.82065e-27 2.34485e-33 9.49142e-41
 1.45427e-41 2.01842e-33 3.38633e-26 6.8674e-20 1.68346e-14 4.98841e-10 1.78677e-06 0.000773609 0.0404887 0.256642 0.222811 0.193849 0.173273 0.0844627 0.0248333 0.00277237 9.24142e-05 8.08071e-07 1.70267e-09 7.1927e-13 5.12027e-17 5.48992e-22 8.40457e-28 1.78781e-34 5.17037e-42
 1.28702e-41 1.7863e-33 2.99689e-26 6.07764e-20 1.48986e-14 4.41473e-10 1.58128e-06 0.000684643 0.0358332 0.227381 0.206977 0.215173 0.192534 0.0971918 0.0222805 0.00188661 5.68373e-05 4.30919e-07 6.77163e-10 1.99413e-13 1.00857e-17 7.98031e-23 9.14653e-29 1.44045e-35 3.02001e-43
 1.16247e-41 1.61343e-33 2.70687e-26 5.48948e-20 1.34568e-14 3.9875e-10 1.42826e-06 0.000618387 0.0323664 0.205638 0.195251 0.223323 0.204858 0.11185 0.0242814 0.00177302 3.95245e-05 2.31972e-07 2.9729e-10 6.77174e-14 2.4629e-18 1.35463e-23 1.0827e-29 1.21169e-36 1.83714e-44
 1.14934e-41 1.59521e-33 2.6763e-26 5.42748e-20 1.33048e-14 3.94246e-10 1.41213e-06 0.000611402 0.0320007 0.203289 0.191936 0.216437 0.208622 0.118615 0.0264928 0.00195463 3.97724e-05 1.91205e-07 1.94165e-10 3.64725e-14 1.12015e-18 5.11789e-24 3.2915e-30 2.89144e-37 3.40497e-45
 1.379e-41 1.91396e-33 3.21107e-26 6.51199e-20 1.59634e-14 4.73024e-10 1.6943e-06 0.000733572 0.0383943 0.243624 0.21792 0.192179 0.179303 0.102293 0.0237044 0.00180939 3.75324e-05 1.75198e-07 1.59882e-10 2.55592e-14 6.62335e-19 2.60475e-24 1.4708e-30 1.14137e-37 1.17963e-45
#spawning biomass
 16588.8 28459.8 53697 83873 91252.5 91266 123586 175807 156929 206634 285719 448986 531721 561159 292819 334205 276089 345462 370439 354557 322431 431927 434102 509750 478502 531914 416944 380592 534453 558093 6281.22 6281.22 6281.22 6281.22 6281.22 6281.22 6281.22 6281.22 6281.22 6281.22 6281.22 6281.22 6281.22 6281.22 6281.22 6281.22 6281.22 6281.22 6281.22 6281.22 6281.22 6281.22 6281.22 6281.22 6281.22 6281.22 6281.22 6281.22 6281.22 6281.22 6281.22 6281.22 6281.22 6281.22 6281.22 6281.22 6281.22 6281.22 6281.22 6281.22 6281.22 6281.22 6281.22 6281.22 6281.22 6281.22 6281.22 6281.22 6281.22 6281.22 6281.22 6281.22 6281.22 6281.22 6281.22 6281.22 6281.22 6281.22 6281.22 6281.22 6281.22 6281.22 6281.22 6281.22 6281.22 6281.22 6281.22 6281.22 6281.22 6281.22 6281.22 6281.22 6281.22 6281.22 6281.22 6281.22 6281.22 6281.22 6281.22 6281.22 6281.22 6281.22 6281.22 6281.22 6281.22 6281.22 6281.22 6281.22 6281.22 6281.22 6281.22 6281.22 6281.22 6281.22 6281.22 6281.22 6281.22 6281.22 6281.22 0 0 0 0 0 0 0 0 0 0 0 0 0 0 0 0 0 0 0 0 0 0 0 0 0
