SBPRF35
0.819782
Curr Bio
190770
B35
1.46517e+06
F35
0.232476
FOFL
0
OFL
0
Bzero
234224
#pred survey bio
 17860.7 22351.5 19529.6 21023 32169.2 46602.8 60241 79787 123114 153763 169896 195098 228406 259461 248905 258258 253664 266078 253440 262864 273405 285372 259804 290909 281929 270851 283881 230453 4.32107e+06 7.22113e+06 8.13554e+06 7.87135e+06 7.02355e+06 6.00497e+06 5.04546e+06 4.24082e+06 3.60984e+06 3.13527e+06 2.78771e+06 2.5373e+06 2.35854e+06 2.23138e+06 2.1405e+06 2.07294e+06 2.02535e+06 1.99137e+06 1.96679e+06 1.94876e+06 1.93534e+06 1.92524e+06 1.91753e+06 1.91159e+06 1.90696e+06 1.90333e+06 1.90045e+06 1.89816e+06 1.89633e+06 1.89485e+06 1.89367e+06 1.8927e+06 1.89192e+06 1.89129e+06 1.89077e+06 1.89035e+06 1.89001e+06 1.88973e+06 1.8895e+06 1.88931e+06 1.88916e+06 1.88904e+06 1.88893e+06 1.88885e+06 1.88878e+06 1.88872e+06 1.88868e+06 1.88864e+06 1.88861e+06 1.88859e+06 1.88857e+06 1.88855e+06 1.88853e+06 1.88852e+06 1.88851e+06 1.88851e+06 1.8885e+06 1.8885e+06 1.88849e+06 1.88849e+06 1.88848e+06 1.88848e+06 1.88848e+06 1.88848e+06 1.88848e+06 1.88848e+06 1.88848e+06 1.88848e+06 1.88847e+06 1.88847e+06 1.88847e+06 1.88847e+06 1.88847e+06 1.88847e+06 1.88847e+06 1.88847e+06 1.88847e+06 1.88847e+06 1.88847e+06 1.88847e+06 1.88847e+06 1.88847e+06 1.88847e+06 1.88847e+06 1.88847e+06 1.88847e+06 1.88847e+06 1.88847e+06 1.88847e+06 1.88847e+06 1.88847e+06 1.88847e+06 1.88847e+06 1.88847e+06 1.88847e+06 1.88847e+06 1.88847e+06 1.88847e+06 1.88847e+06 1.88847e+06 0 0 0 0 0 0 0 0 0 0 0 0 0 0 0 0 0 0 0 0 0 0 0 0 0
#obs survey bio
 13984.6 13461.6 18962.1 18421.5 28425.7 41685.6 89808.8 87043.2 119452 174882 172831 106448 243067 188800 185473 223121 192387 197208 357253 257138 161405 237802 249068 245369 218550 166306 208356 166866
#pred catch bio
 6063.1 12916.4 10810.4 10435.3 20487.6 32427 42641.6 51660.7 86839 114076 125458 145552 165019 200654 190135 202609 193177 213659 202385 206836 218842 242614 207805 246352 237535 225377 246942 217886 0 63178.8 71362.6 68243.3 59938.3 50256.4 41297.2 33907.1 28217.9 24032.6 21049.5 18971 17546.8 16583.1 15935.6 15493.9 15207.3 15021.4 14900.7 14822.4 14771.6 14738.6 14717.2 14703.3 14694.3 14688.5 14684.7 14682.2 14680.6 14679.6 14678.9 14678.5 14678.2 14678 14677.9 14677.8 14677.7 14677.7 14677.7 14677.7 14677.7 14677.7 14677.7 14677.7 14677.7 14677.7 14677.7 14677.7 14677.7 14677.7 14677.7 14677.7 14677.7 14677.7 14677.7 14677.7 14677.7 14677.7 14677.7 14677.7 14677.7 14677.7 14677.7 14677.7 14677.7 14677.7 14677.7 14677.7 14677.7 14677.7 14677.7 14677.7 14677.7 14677.7 14677.7 14677.7 14677.7 14677.7 14677.7 14677.7 14677.7 14677.7 14677.7 14677.7 14677.7 14677.7 14677.7 14677.7 14677.7 14677.7 14677.7 14677.7 14677.7 14677.7 14677.7 14677.7 14677.7 14677.7 14677.7 14677.7 0 0 0 0 0 0 0 0 0 0 0 0 0 0 0 0 0 0 0 0 0 0 0 0 0
#obs catch bio
 15933.1 14349.4 13847 9365.04 16900.4 30893.5 33936 43899.4 73170.5 100642 114476 154496 150461 191152 189517 198899 181725 206901 175350 191096 203082 229071 185351 224090 224405 209518 235188 207458
#pred cpue bio
 12813 18382.1 14004 14651.9 18088.5 24417.5 30501.1 38223.5 60451 78673.5 86683.1 97102.8 109040 138181 129269 129301 124166 133730 118362 116292 127091 124585 103200 120880 108064 107860 109082 93106.6 1.03938e+06 7.02668e+06 8.01358e+06 7.74807e+06 6.90022e+06 5.88163e+06 4.92212e+06 4.11748e+06 3.4865e+06 3.01193e+06 2.66437e+06 2.41396e+06 2.2352e+06 2.10804e+06 2.01716e+06 1.9496e+06 1.90201e+06 1.86804e+06 1.84345e+06 1.82542e+06 1.81201e+06 1.8019e+06 1.79419e+06 1.78825e+06 1.78362e+06 1.77999e+06 1.77711e+06 1.77482e+06 1.77299e+06 1.77152e+06 1.77033e+06 1.76936e+06 1.76858e+06 1.76795e+06 1.76743e+06 1.76701e+06 1.76667e+06 1.76639e+06 1.76616e+06 1.76597e+06 1.76582e+06 1.7657e+06 1.76559e+06 1.76551e+06 1.76544e+06 1.76539e+06 1.76534e+06 1.7653e+06 1.76527e+06 1.76525e+06 1.76523e+06 1.76521e+06 1.7652e+06 1.76518e+06 1.76518e+06 1.76517e+06 1.76516e+06 1.76516e+06 1.76515e+06 1.76515e+06 1.76515e+06 1.76514e+06 1.76514e+06 1.76514e+06 1.76514e+06 1.76514e+06 1.76514e+06 1.76514e+06 1.76514e+06 1.76514e+06 1.76514e+06 1.76513e+06 1.76513e+06 1.76513e+06 1.76513e+06 1.76513e+06 1.76513e+06 1.76513e+06 1.76513e+06 1.76513e+06 1.76513e+06 1.76513e+06 1.76513e+06 1.76513e+06 1.76513e+06 1.76513e+06 1.76513e+06 1.76513e+06 1.76513e+06 1.76513e+06 1.76513e+06 1.76513e+06 1.76513e+06 1.76513e+06 1.76513e+06 1.76513e+06 1.76513e+06 1.76513e+06 1.76513e+06 1.76513e+06 0 0 0 0 0 0 0 0 0 0 0 0 0 0 0 0 0 0 0 0 0 0 0 0 0
#obs cpue bio
 19125.8 16232.3 11893.5 16062.6 36134.2 41522.3 48936.2 60138.2 129057 117899 118274 123696 166015 219868 180013 176920 188799 226633 169348 147413 266484 218076 158896 218913 169939 220478 192262 161312
#pred surv len freq
 1.32133e-11 1.43417e-09 9.17869e-08 3.46375e-06 7.7073e-05 0.00101125 0.0078245 0.0357228 0.096508 0.1565 0.162822 0.136413 0.123273 0.106228 0.0711683 0.0403386 0.0229038 0.0133755 0.00811797 0.00530231 0.00380288 0.00302881 0.0025395 0.00192439 0.00111376
 9.32947e-12 1.01262e-09 6.48079e-08 2.44565e-06 5.44192e-05 0.000714033 0.00552559 0.025245 0.068447 0.112978 0.126828 0.130043 0.144928 0.138397 0.101064 0.064055 0.03823 0.020515 0.0102294 0.00520277 0.00288631 0.00183919 0.00132986 0.000945053 0.000541209
 1.30082e-11 1.41191e-09 9.03621e-08 3.40999e-06 7.58766e-05 0.000995547 0.00770301 0.0351676 0.0950013 0.154002 0.159974 0.133494 0.120641 0.106064 0.0756315 0.0479034 0.0296732 0.0171192 0.00888744 0.00414223 0.00180962 0.000834738 0.000454334 0.000274771 0.000147751
 1.28704e-11 1.39696e-09 8.94053e-08 3.37388e-06 7.50733e-05 0.000985014 0.0076218 0.0348034 0.0941076 0.153279 0.162599 0.144064 0.138173 0.119474 0.0748546 0.0361575 0.0169608 0.00864351 0.00448622 0.00218034 0.000939384 0.00036286 0.000140143 6.1436e-05 2.7855e-05
 1.64036e-11 1.78046e-09 1.13949e-07 4.30008e-06 9.56822e-05 0.00125539 0.00971296 0.04433 0.119562 0.192276 0.192518 0.142128 0.106993 0.083749 0.0538373 0.0287131 0.0142073 0.00635025 0.0025654 0.00103873 0.000425374 0.000160889 5.38798e-05 1.71077e-05 5.62294e-06
 1.65272e-11 1.79386e-09 1.14807e-07 4.33246e-06 9.64027e-05 0.00126485 0.00978633 0.0446691 0.120534 0.194309 0.196739 0.150815 0.119325 0.0916928 0.050092 0.0168627 0.00337843 0.000400485 2.83264e-05 1.31324e-06 8.28266e-08 1.77925e-08 5.24957e-09 1.42997e-09 3.52925e-10
 1.69078e-11 1.83518e-09 1.17451e-07 4.43224e-06 9.86229e-05 0.00129398 0.0100116 0.0456953 0.123275 0.198501 0.19992 0.150487 0.115761 0.0876238 0.0476762 0.0160343 0.0032105 0.000379758 2.64964e-05 1.09015e-06 2.64479e-08 3.78334e-10 3.19125e-12 1.5879e-14 4.75764e-17
 1.74751e-11 1.89676e-09 1.21392e-07 4.58097e-06 0.000101932 0.0013374 0.0103474 0.047225 0.127361 0.20475 0.20466 0.149995 0.110444 0.081556 0.044076 0.0148023 0.00296299 0.000350461 2.44521e-05 1.00604e-06 2.44071e-08 3.49137e-10 2.94485e-12 1.46465e-14 4.29519e-17
 1.72295e-11 1.87009e-09 1.19686e-07 4.51656e-06 0.000100499 0.00131859 0.010202 0.0465626 0.125592 0.202044 0.202607 0.150208 0.112747 0.0841835 0.045635 0.0153358 0.00307017 0.000363147 2.53374e-05 1.04247e-06 2.52916e-08 3.61822e-10 3.0528e-12 1.52006e-14 4.4759e-17
 1.67937e-11 1.82279e-09 1.16658e-07 4.40233e-06 9.79574e-05 0.00128525 0.00994407 0.0453877 0.122454 0.197244 0.198966 0.150586 0.11683 0.088844 0.0484002 0.016282 0.00326028 0.000385649 2.69076e-05 1.10707e-06 2.68582e-08 3.84199e-10 3.24057e-12 1.61173e-14 4.72644e-17
 1.68246e-11 1.82615e-09 1.16873e-07 4.41044e-06 9.81378e-05 0.00128761 0.00996238 0.0454711 0.122677 0.197585 0.199225 0.150559 0.11654 0.0885131 0.0482039 0.0162148 0.00324678 0.000384051 2.67961e-05 1.10248e-06 2.67469e-08 3.82607e-10 3.22714e-12 1.60504e-14 4.7068e-17
 1.70897e-11 1.85492e-09 1.18715e-07 4.47992e-06 9.96838e-05 0.0013079 0.0101192 0.0461857 0.124585 0.200504 0.201439 0.150329 0.114057 0.0856786 0.0465221 0.0156393 0.00313116 0.000370366 2.58411e-05 1.06319e-06 2.57936e-08 3.6897e-10 3.11213e-12 1.54784e-14 4.53905e-17
 1.75091e-11 1.90045e-09 1.21628e-07 4.58988e-06 0.000102131 0.00134 0.0103675 0.0473166 0.127606 0.205124 0.204944 0.149966 0.110126 0.0811924 0.0438602 0.0147285 0.00294816 0.000348705 2.43296e-05 1.001e-06 2.42848e-08 3.47388e-10 2.93009e-12 1.4573e-14 4.27354e-17
 1.63368e-11 1.7732e-09 1.13484e-07 4.28255e-06 9.52922e-05 0.00125028 0.00967364 0.0441558 0.119163 0.192212 0.195148 0.150982 0.121112 0.0937307 0.0512997 0.0172741 0.00345961 0.000409243 2.8554e-05 1.17481e-06 2.85016e-08 4.07708e-10 3.43886e-12 1.71034e-14 5.01559e-17
 1.66273e-11 1.80474e-09 1.15503e-07 4.35872e-06 9.69871e-05 0.00127252 0.00984562 0.0449392 0.121256 0.195412 0.197576 0.15073 0.118389 0.090623 0.0494558 0.0166432 0.00333284 0.000394238 2.75069e-05 1.13173e-06 2.74564e-08 3.92757e-10 3.31276e-12 1.64762e-14 4.83167e-17
 1.70276e-11 1.84818e-09 1.18283e-07 4.46364e-06 9.93216e-05 0.00130314 0.0100825 0.0460183 0.124138 0.19982 0.200921 0.150383 0.114638 0.0863427 0.0469161 0.0157741 0.00315825 0.000373572 2.60648e-05 1.07239e-06 2.60169e-08 3.72165e-10 3.13907e-12 1.56124e-14 4.57835e-17
 1.72611e-11 1.87353e-09 1.19906e-07 4.52487e-06 0.000100684 0.00132102 0.0102207 0.046648 0.12582 0.202393 0.202872 0.150181 0.11245 0.0838447 0.0454339 0.015267 0.00305635 0.000361511 2.52232e-05 1.03776e-06 2.51768e-08 3.60148e-10 3.03771e-12 1.51083e-14 4.43051e-17
 1.69867e-11 1.84374e-09 1.17999e-07 4.45293e-06 9.90833e-05 0.00130002 0.0100583 0.0459081 0.123844 0.19937 0.200579 0.150419 0.115021 0.0867796 0.0471753 0.0158629 0.00317607 0.000375682 2.6212e-05 1.07845e-06 2.61639e-08 3.74267e-10 3.1568e-12 1.57006e-14 4.60421e-17
 1.77182e-11 1.92314e-09 1.23081e-07 4.64468e-06 0.00010335 0.00135599 0.0104912 0.0478803 0.129112 0.207427 0.206691 0.149784 0.108167 0.0789566 0.0425337 0.0142745 0.00285696 0.000337911 2.35763e-05 9.70004e-07 2.35329e-08 3.36632e-10 2.83937e-12 1.41218e-14 4.14123e-17
 1.82007e-11 1.97551e-09 1.26432e-07 4.77116e-06 0.000106164 0.00139292 0.0107768 0.0491811 0.132586 0.212741 0.210722 0.149366 0.103645 0.0737966 0.0394721 0.0132269 0.00264648 0.000312997 2.18378e-05 8.98476e-07 2.17976e-08 3.11809e-10 2.62999e-12 1.30804e-14 3.83585e-17
 1.77616e-11 1.92785e-09 1.23382e-07 4.65607e-06 0.000103603 0.00135932 0.0105169 0.0479974 0.129424 0.207905 0.207054 0.149747 0.10776 0.0784921 0.0422581 0.0141802 0.00283802 0.000335668 2.34198e-05 9.63565e-07 2.33767e-08 3.34398e-10 2.82052e-12 1.40281e-14 4.11374e-17
 1.83123e-11 1.98762e-09 1.27207e-07 4.80041e-06 0.000106815 0.00140146 0.0108428 0.0494819 0.13339 0.21397 0.211655 0.149269 0.1026 0.0726031 0.0387639 0.0129846 0.0025978 0.000307235 2.14357e-05 8.81931e-07 2.13962e-08 3.06067e-10 2.58156e-12 1.28396e-14 3.76521e-17
 1.90398e-11 2.06658e-09 1.32261e-07 4.99112e-06 0.000111058 0.00145713 0.0112734 0.0514433 0.138629 0.221982 0.217733 0.148639 0.0957823 0.0648228 0.0341476 0.011405 0.00228043 0.00026967 1.88144e-05 7.74078e-07 1.87796e-08 2.68637e-10 2.26586e-12 1.12694e-14 3.30476e-17
 1.87068e-11 2.03045e-09 1.29948e-07 4.90384e-06 0.000109117 0.00143165 0.0110764 0.0505457 0.136231 0.218315 0.214952 0.148927 0.0989022 0.0683834 0.0362602 0.0121279 0.00242567 0.000286861 2.0014e-05 8.23436e-07 1.99771e-08 2.85767e-10 2.41033e-12 1.1988e-14 3.51548e-17
 1.9287e-11 2.09341e-09 1.33978e-07 5.05592e-06 0.0001125 0.00147604 0.0114197 0.0521098 0.140409 0.224705 0.219799 0.148424 0.0934659 0.0621791 0.032579 0.0108682 0.0021726 0.000256906 1.79237e-05 7.37432e-07 1.78905e-08 2.55919e-10 2.15858e-12 1.07359e-14 3.1483e-17
 1.90218e-11 2.06463e-09 1.32136e-07 4.98641e-06 0.000110954 0.00145575 0.0112628 0.0513949 0.138499 0.221784 0.217583 0.148654 0.0959507 0.065015 0.0342616 0.011444 0.00228827 0.000270598 1.88792e-05 7.76743e-07 1.88443e-08 2.69562e-10 2.27365e-12 1.13082e-14 3.31613e-17
 1.92703e-11 2.0916e-09 1.33862e-07 5.05154e-06 0.000112403 0.00147477 0.0114098 0.0520648 0.140289 0.224521 0.219659 0.148439 0.0936224 0.0623577 0.0326849 0.0109045 0.00217988 0.000257768 1.79839e-05 7.39907e-07 1.79506e-08 2.56778e-10 2.16583e-12 1.07719e-14 3.15887e-17
 1.89173e-11 2.05329e-09 1.3141e-07 4.95901e-06 0.000110344 0.00144775 0.0112009 0.0511131 0.137746 0.220633 0.21671 0.148745 0.0969303 0.0661329 0.0349249 0.011671 0.00233387 0.000275995 1.92558e-05 7.9224e-07 1.92202e-08 2.7494e-10 2.31902e-12 1.15338e-14 3.38229e-17
#obs surv len freq
 3.69238e-11 3.42197e-09 1.86996e-07 6.02527e-06 0.000114475 0.00128248 0.00847376 0.0330532 0.0765146 0.108023 0.105385 0.100127 0.113943 0.126046 0.122987 0.100159 0.0617461 0.0282094 0.010111 0.00297131 0.000702088 0.000126955 1.676e-05 1.55023e-06 9.6893e-08
 2.30659e-11 2.06176e-09 1.08666e-07 3.37704e-06 6.18842e-05 0.000668769 0.00426492 0.0161067 0.0366873 0.054996 0.0718689 0.107311 0.14988 0.165609 0.15287 0.119056 0.072064 0.0328527 0.0116161 0.00324581 0.000706037 0.000116053 1.39078e-05 1.16923e-06 6.65871e-08
 1.39003e-10 1.19631e-08 6.07082e-07 1.81652e-05 0.000320493 0.00333418 0.0204533 0.0739986 0.158049 0.200337 0.155114 0.085304 0.055675 0.0611063 0.0705535 0.0606177 0.0352339 0.0142127 0.00434116 0.00107797 0.000215551 3.27556e-05 3.58931e-06 2.73296e-07 1.40524e-08
 1.25635e-10 1.03938e-08 5.07021e-07 1.45836e-05 0.000247342 0.00247374 0.0145946 0.0508921 0.105955 0.138508 0.138313 0.147221 0.156705 0.123713 0.0686293 0.0311322 0.013628 0.00555265 0.00185137 0.000467383 8.69918e-05 1.18654e-05 1.16869e-06 8.0597e-08 3.75924e-09
 1.94275e-10 1.54263e-08 7.2226e-07 1.99395e-05 0.000324581 0.0031156 0.0176383 0.0589582 0.117033 0.142121 0.12076 0.102825 0.107886 0.113015 0.102196 0.0702215 0.032342 0.00945656 0.00180021 0.000251704 3.09228e-05 3.44869e-06 3.03814e-07 1.88981e-08 7.91459e-10
 3.32711e-10 2.53202e-08 1.1362e-06 3.00627e-05 0.000469022 0.00431487 0.0234127 0.0750179 0.142836 0.166874 0.137646 0.113295 0.107428 0.0933039 0.0686359 0.0413624 0.0183755 0.00561724 0.00118292 0.000176188 1.88026e-05 1.45027e-06 8.35371e-08 3.72113e-09 1.25545e-10
 3.72918e-10 2.7163e-08 1.16662e-06 2.95441e-05 0.00044117 0.00388487 0.0201827 0.0620104 0.114096 0.133637 0.12476 0.129357 0.136526 0.118131 0.0836085 0.0474752 0.0194161 0.00531811 0.000981565 0.000129267 1.27995e-05 9.50162e-07 5.06242e-08 1.86295e-09 4.6666e-11
 6.96319e-10 4.84824e-08 1.99043e-06 4.81835e-05 0.000687766 0.00578894 0.0287404 0.0842853 0.147116 0.158781 0.124712 0.10338 0.102138 0.0963556 0.0770196 0.046354 0.0187631 0.00488745 0.000833317 9.81409e-05 8.43958e-06 5.40267e-07 2.52822e-08 8.39243e-10 1.91856e-11
 8.79409e-10 5.84599e-08 2.29146e-06 5.2961e-05 0.000721769 0.00580077 0.0275086 0.0772056 0.130227 0.142028 0.128585 0.130883 0.130336 0.104737 0.0686591 0.0358342 0.0134071 0.00336751 0.000570374 6.77184e-05 5.78602e-06 3.53098e-07 1.50484e-08 4.40742e-10 8.78412e-12
 1.25736e-09 7.97135e-08 2.97983e-06 6.56809e-05 0.000853661 0.00654307 0.0295931 0.079227 0.127588 0.133391 0.117444 0.119636 0.125194 0.112712 0.0829071 0.044806 0.0159397 0.00355164 0.000496721 4.54843e-05 2.93515e-06 1.42919e-07 5.29875e-09 1.42703e-10 2.64491e-12
 1.82464e-09 1.10204e-07 3.92469e-06 8.24142e-05 0.00102048 0.00745199 0.0321187 0.0820432 0.126815 0.130504 0.119632 0.126717 0.129704 0.110988 0.0770746 0.0393528 0.013268 0.0028138 0.00037598 3.27548e-05 1.95444e-06 8.28169e-08 2.50209e-09 5.31486e-11 7.85478e-13
 2.81737e-09 1.61952e-07 5.4893e-06 0.000109708 0.00129289 0.00898599 0.0368658 0.0896763 0.132282 0.131046 0.117871 0.123503 0.125588 0.107799 0.0741491 0.0365344 0.0116667 0.00231521 0.000285965 2.26844e-05 1.21597e-06 4.61408e-08 1.25499e-09 2.39627e-11 3.12366e-13
 3.82256e-09 2.08941e-07 6.73413e-06 0.000127977 0.00143415 0.00947937 0.0370039 0.0858727 0.122388 0.123003 0.121511 0.135239 0.135149 0.110853 0.0722152 0.0335438 0.010069 0.00187198 0.000215323 1.57383e-05 7.6566e-07 2.59856e-08 6.27175e-10 1.06117e-11 1.22751e-13
 4.92404e-09 2.55712e-07 7.83014e-06 0.000141378 0.00150528 0.00945439 0.0350927 0.0776897 0.107264 0.110198 0.118933 0.140533 0.145383 0.123476 0.0810669 0.0366567 0.0105178 0.0018608 0.000204343 1.43647e-05 6.76233e-07 2.21307e-08 5.06694e-10 7.95317e-12 8.36535e-14
 8.62211e-09 4.25079e-07 1.2357e-05 0.000211813 0.00214097 0.0127652 0.0449679 0.0943573 0.122714 0.116351 0.114324 0.12859 0.133147 0.114339 0.0738953 0.031975 0.0086346 0.00142114 0.0001432 9.06029e-06 3.7603e-07 1.07584e-08 2.18275e-10 3.11486e-12 3.04101e-14
 1.18437e-08 5.5395e-07 1.52772e-05 0.000248435 0.00238246 0.0134803 0.045119 0.090489 0.115521 0.116548 0.128449 0.145785 0.138878 0.107115 0.0630665 0.0253465 0.00644197 0.00100921 9.82152e-05 6.11946e-06 2.54528e-07 7.2959e-09 1.4441e-10 1.93238e-12 1.71136e-14
 1.78291e-08 7.90642e-07 2.06737e-05 0.000318755 0.00289828 0.0155493 0.0493595 0.0939943 0.1145 0.111933 0.122074 0.140131 0.139176 0.111737 0.0657461 0.0254573 0.00611851 0.000898468 8.14695e-05 4.70416e-06 1.80873e-07 4.81841e-09 8.98836e-11 1.15208e-12 9.88026e-15
 2.66396e-08 1.1195e-06 2.77401e-05 0.000405318 0.00349259 0.0177614 0.0534977 0.0971321 0.11512 0.115028 0.129493 0.145195 0.136627 0.10308 0.0569519 0.020752 0.00471455 0.000659613 5.77297e-05 3.27241e-06 1.25152e-07 3.30758e-09 6.00259e-11 7.30922e-13 5.85757e-15
 4.29475e-08 1.70961e-06 4.0128e-05 0.000555394 0.00453341 0.0218398 0.0623321 0.107356 0.121219 0.116605 0.127432 0.139723 0.129773 0.0958667 0.0508568 0.017561 0.00376395 0.000497286 4.12888e-05 2.23681e-06 8.24144e-08 2.11025e-09 3.7205e-11 4.40673e-13 3.43379e-15
 5.61453e-08 2.1164e-06 4.70407e-05 0.000616544 0.00476623 0.0217587 0.0590114 0.0978373 0.111785 0.119319 0.141698 0.152859 0.133805 0.0923407 0.045845 0.0148803 0.00301628 0.000380449 3.05754e-05 1.62786e-06 5.94265e-08 1.50003e-09 2.57308e-11 2.93094e-13 2.18274e-15
 9.43302e-08 3.36633e-06 7.08362e-05 0.000878952 0.00643255 0.0277963 0.0713044 0.111423 0.118423 0.11567 0.129898 0.140949 0.127975 0.0896257 0.0433552 0.0133461 0.00252945 0.000295337 2.1751e-05 1.05217e-06 3.48881e-08 8.09631e-10 1.30106e-11 1.41107e-13 1.00949e-15
 1.30283e-07 4.40103e-06 8.76627e-05 0.00102968 0.00713455 0.0292114 0.0712624 0.107667 0.117176 0.126237 0.146956 0.149085 0.121556 0.0767957 0.0341078 0.00975731 0.00172904 0.000189381 1.31085e-05 5.95622e-07 1.84544e-08 3.96236e-10 5.82907e-12 5.7475e-14 3.73408e-16
 1.91225e-07 6.11421e-06 0.000115274 0.00128161 0.00840582 0.0325861 0.0753512 0.108432 0.114223 0.122005 0.142399 0.147577 0.124066 0.0786827 0.0339024 0.00923993 0.00155358 0.000162178 1.08026e-05 4.77162e-07 1.44164e-08 2.99448e-10 4.20111e-12 3.89565e-14 2.35375e-16
 2.75453e-07 8.33634e-06 0.000148765 0.00156557 0.00972108 0.035703 0.0784853 0.108945 0.115554 0.128415 0.149079 0.147755 0.117363 0.0700963 0.0284794 0.00736249 0.00118814 0.000121339 8.10076e-06 3.65606e-07 1.13061e-08 2.3667e-10 3.27958e-12 2.95763e-14 1.71995e-16
 3.61236e-07 1.03484e-05 0.000174807 0.00174147 0.0102389 0.0356513 0.0747206 0.101209 0.111308 0.132434 0.156688 0.154016 0.119836 0.0685976 0.0261469 0.00623103 0.00090853 8.15026e-05 4.61755e-06 1.725e-07 4.45045e-09 8.11789e-11 1.03456e-12 8.93e-15 5.067e-17
 5.09546e-07 1.38185e-05 0.000220976 0.00208409 0.0116025 0.0382861 0.0763377 0.0998559 0.109848 0.132751 0.157331 0.154976 0.119765 0.0664988 0.0241536 0.00545193 0.000754616 6.47546e-05 3.54249e-06 1.28102e-07 3.14745e-09 5.2743e-11 5.93575e-13 4.40986e-15 2.14279e-17
 5.9369e-07 1.52435e-05 0.000230799 0.00206127 0.0108746 0.0341191 0.0656487 0.0874826 0.10791 0.143959 0.171871 0.16418 0.121244 0.0635783 0.0216382 0.00455342 0.000584652 4.6224e-05 2.30977e-06 7.57579e-08 1.68956e-09 2.59656e-11 2.71533e-13 1.88801e-15 8.56002e-18
 8.91995e-07 2.16865e-05 0.000310912 0.0026293 0.0131346 0.0390178 0.0710448 0.089462 0.104726 0.136406 0.165905 0.164935 0.123816 0.0634348 0.0205569 0.00407145 0.00048967 3.61671e-05 1.68314e-06 5.11568e-08 1.04968e-09 1.47283e-11 1.39771e-13 8.79076e-16 3.60541e-18
#pred catch len freq
 9.58783e-13 1.04067e-10 6.66031e-09 2.51348e-07 5.59385e-06 7.34631e-05 0.00057112 0.00267035 0.00807753 0.0200634 0.0534504 0.127678 0.207731 0.213859 0.148986 0.0851961 0.0485131 0.0283567 0.017213 0.0112427 0.00806336 0.00642206 0.00538456 0.00408033 0.00236154
 6.56563e-13 7.12638e-11 4.56092e-09 1.72124e-07 3.83097e-06 5.03312e-05 0.000392065 0.0018512 0.00584151 0.0162532 0.0486485 0.121766 0.201731 0.213449 0.159199 0.101346 0.060558 0.0325065 0.016209 0.00824382 0.00457331 0.00291415 0.00210713 0.00149741 0.000857532
 1.31282e-12 1.42494e-10 9.11965e-09 3.44156e-07 7.65886e-06 0.000100552 0.000780508 0.00362138 0.0105792 0.0235759 0.0545789 0.122398 0.197233 0.206893 0.153193 0.0976933 0.060586 0.0349602 0.0181494 0.0084588 0.00369534 0.00170458 0.000927772 0.000561094 0.000301714
 1.17087e-12 1.27087e-10 8.1336e-09 3.06947e-07 6.83112e-06 8.97051e-05 0.000697125 0.00325335 0.0097585 0.0236425 0.0611398 0.143957 0.23188 0.232896 0.150706 0.0732926 0.0344483 0.0175671 0.00911884 0.00443178 0.00190938 0.000737541 0.000284851 0.000124873 5.66173e-05
 7.28287e-12 7.90486e-10 5.0591e-08 1.90915e-06 4.24817e-05 0.000557424 0.00431454 0.0197327 0.0537842 0.0910476 0.112634 0.1399 0.176914 0.170614 0.115128 0.061868 0.0306059 0.0136714 0.00552157 0.00223547 0.000915426 0.000346239 0.000115951 3.68163e-05 1.21007e-05
 1.08002e-11 1.17225e-09 7.50241e-08 2.83118e-06 6.29978e-05 0.000826596 0.0063968 0.0292286 0.0792922 0.131232 0.148887 0.15578 0.172991 0.15294 0.0864334 0.0292994 0.00587819 0.000696991 4.92977e-05 2.28425e-06 1.43681e-07 3.08162e-08 9.09113e-09 2.4764e-09 6.11188e-10
 1.19274e-11 1.29461e-09 8.28547e-08 3.12668e-06 6.9573e-05 0.000912859 0.00706397 0.0322678 0.08741 0.143648 0.158307 0.154805 0.162432 0.140887 0.0792794 0.0268483 0.00538316 0.000636924 4.44418e-05 1.8285e-06 4.43609e-08 6.34578e-10 5.35267e-12 2.66337e-14 7.97909e-17
 1.13297e-11 1.22973e-09 7.87026e-08 2.96999e-06 6.60866e-05 0.000867119 0.00671021 0.0306563 0.0831056 0.137065 0.153312 0.155323 0.168033 0.14728 0.0830723 0.0281462 0.00564392 0.000667788 4.65955e-05 1.91711e-06 4.65106e-08 6.65322e-10 5.61175e-12 2.79106e-14 8.18498e-17
 1.24912e-11 1.3558e-09 8.67707e-08 3.27446e-06 7.28613e-05 0.000955999 0.00739762 0.0337877 0.0914697 0.149857 0.163017 0.154316 0.157149 0.134858 0.0757022 0.0256243 0.00513723 0.000607815 4.24106e-05 1.74494e-06 4.23345e-08 6.05637e-10 5.10993e-12 2.54435e-14 7.49181e-17
 1.26073e-11 1.3684e-09 8.75775e-08 3.30491e-06 7.35387e-05 0.000964887 0.00746636 0.0341008 0.0923061 0.151136 0.163987 0.154216 0.15606 0.133616 0.0749652 0.0253721 0.00508656 0.000601817 4.1992e-05 1.7277e-06 4.19154e-08 5.99588e-10 5.0573e-12 2.51529e-14 7.37617e-17
 1.25772e-11 1.36513e-09 8.73684e-08 3.29701e-06 7.33631e-05 0.000962583 0.00744854 0.0340196 0.0920893 0.150804 0.163736 0.154242 0.156343 0.133938 0.0751563 0.0254375 0.0050997 0.000603372 4.21005e-05 1.73217e-06 4.20237e-08 6.01137e-10 5.07037e-12 2.52178e-14 7.39515e-17
 1.32305e-11 1.43605e-09 9.19068e-08 3.46828e-06 7.71739e-05 0.00101258 0.00783522 0.0357811 0.0967942 0.158 0.169195 0.153675 0.15022 0.126951 0.0710105 0.0240188 0.00481469 0.000569636 3.97464e-05 1.63531e-06 3.96738e-08 5.67523e-10 4.78685e-12 2.38077e-14 6.98164e-17
 1.34433e-11 1.45914e-09 9.33848e-08 3.52405e-06 7.84149e-05 0.00102886 0.00796114 0.0363547 0.0983264 0.160343 0.170972 0.153491 0.148226 0.124676 0.0696604 0.0235569 0.00472187 0.00055865 3.89798e-05 1.60377e-06 3.89085e-08 5.56576e-10 4.69451e-12 2.33485e-14 6.84697e-17
 1.2582e-11 1.36566e-09 8.74019e-08 3.29828e-06 7.33912e-05 0.000962952 0.0074514 0.0340327 0.092124 0.150857 0.163776 0.154237 0.156297 0.133887 0.0751256 0.025427 0.0050976 0.000603123 4.20831e-05 1.73145e-06 4.20063e-08 6.00889e-10 5.06827e-12 2.52074e-14 7.3921e-17
 1.28468e-11 1.39439e-09 8.9241e-08 3.36768e-06 7.49355e-05 0.000983211 0.00760809 0.0347464 0.0940306 0.153773 0.165988 0.154008 0.153816 0.131055 0.0734457 0.0248521 0.0049821 0.000589452 4.11292e-05 1.6922e-06 4.10541e-08 5.87268e-10 4.95338e-12 2.4636e-14 7.22453e-17
 1.3949e-11 1.51403e-09 9.68979e-08 3.65663e-06 8.13648e-05 0.00106756 0.00826046 0.0377182 0.101968 0.165914 0.175198 0.153052 0.143487 0.119267 0.0664512 0.0224587 0.00450124 0.000532536 3.71575e-05 1.52879e-06 3.70896e-08 5.30556e-10 4.47504e-12 2.22569e-14 6.52687e-17
 1.38617e-11 1.50456e-09 9.62916e-08 3.63375e-06 8.08557e-05 0.00106088 0.00820881 0.0374829 0.10134 0.164952 0.174469 0.153128 0.144305 0.1202 0.067005 0.0226482 0.00453932 0.000537042 3.7472e-05 1.54173e-06 3.74035e-08 5.35047e-10 4.51292e-12 2.24453e-14 6.58211e-17
 1.42432e-11 1.54596e-09 9.89412e-08 3.73374e-06 8.30806e-05 0.00109007 0.00843456 0.0385113 0.104087 0.169153 0.177656 0.152797 0.140731 0.116121 0.0645846 0.02182 0.00437292 0.000517347 3.60976e-05 1.48518e-06 3.60316e-08 5.15422e-10 4.34739e-12 2.16221e-14 6.34069e-17
 1.52688e-11 1.65728e-09 1.06065e-07 4.00258e-06 8.90627e-05 0.00116855 0.00904154 0.0412764 0.111472 0.180449 0.186225 0.151908 0.13112 0.105153 0.0580767 0.0195931 0.00392552 0.00046439 3.24022e-05 1.33314e-06 3.23429e-08 4.62656e-10 3.90233e-12 1.94085e-14 5.69156e-17
 1.58131e-11 1.71636e-09 1.09847e-07 4.14528e-06 9.22378e-05 0.00121021 0.00936372 0.042744 0.115392 0.186444 0.190773 0.151436 0.126019 0.099331 0.0546225 0.0184112 0.00368805 0.000436282 3.04408e-05 1.25244e-06 3.0385e-08 4.34649e-10 3.6661e-12 1.82336e-14 5.34703e-17
 1.53643e-11 1.66765e-09 1.06729e-07 4.02763e-06 8.96199e-05 0.00117586 0.00909809 0.0415339 0.11216 0.181501 0.187023 0.151825 0.130225 0.104131 0.0574705 0.0193857 0.00388384 0.000459457 3.2058e-05 1.31897e-06 3.19992e-08 4.57741e-10 3.86087e-12 1.92023e-14 5.63109e-17
 1.68318e-11 1.82693e-09 1.16923e-07 4.41233e-06 9.81798e-05 0.00128817 0.00996664 0.0454905 0.122728 0.197664 0.199285 0.150553 0.116473 0.0884361 0.0481582 0.0161992 0.00324364 0.000383679 2.67701e-05 1.10141e-06 2.6721e-08 3.82236e-10 3.22402e-12 1.60349e-14 4.70224e-17
 1.72337e-11 1.87056e-09 1.19715e-07 4.51768e-06 0.000100524 0.00131892 0.0102045 0.0465741 0.125623 0.202091 0.202643 0.150204 0.112706 0.0841378 0.0456078 0.0153265 0.00306831 0.000362926 2.53219e-05 1.04183e-06 2.52754e-08 3.61558e-10 3.0496e-12 1.51674e-14 4.44786e-17
 1.73144e-11 1.87932e-09 1.20276e-07 4.53884e-06 0.000100995 0.0013251 0.0102523 0.0467917 0.126204 0.20298 0.203318 0.150134 0.11195 0.0832746 0.0450957 0.0151512 0.0030331 0.000358759 2.50311e-05 1.02986e-06 2.49851e-08 3.57405e-10 3.01458e-12 1.49932e-14 4.39677e-17
 1.80345e-11 1.95747e-09 1.25278e-07 4.72759e-06 0.000105195 0.0013802 0.0106784 0.048733 0.131389 0.21091 0.209334 0.14951 0.105203 0.075574 0.0405267 0.0135878 0.00271898 0.000321579 2.24367e-05 9.23114e-07 2.23953e-08 3.20359e-10 2.70211e-12 1.34391e-14 3.94104e-17
 1.7574e-11 1.90749e-09 1.22079e-07 4.60689e-06 0.000102509 0.00134496 0.0104059 0.0474916 0.128073 0.205839 0.205486 0.149909 0.109518 0.0804984 0.0434485 0.0145876 0.00291985 0.000345355 2.40958e-05 9.91376e-07 2.40514e-08 3.44049e-10 2.90193e-12 1.44329e-14 4.23247e-17
 1.82689e-11 1.98291e-09 1.26906e-07 4.78904e-06 0.000106562 0.00139814 0.0108172 0.049365 0.133077 0.213492 0.211292 0.149307 0.103006 0.0730672 0.0390392 0.0130788 0.00261673 0.000309475 2.15921e-05 8.88364e-07 2.15523e-08 3.08299e-10 2.60039e-12 1.29332e-14 3.79268e-17
 1.84921e-11 2.00714e-09 1.28457e-07 4.84756e-06 0.000107864 0.00141522 0.0109493 0.0499669 0.134685 0.215951 0.213158 0.149113 0.100914 0.0706796 0.0376226 0.0125941 0.00251934 0.000297948 2.07877e-05 8.55266e-07 2.07493e-08 2.96813e-10 2.50351e-12 1.24514e-14 3.65137e-17
#obs catch len freq
 2.8206e-11 2.61403e-09 1.42846e-07 4.6027e-06 8.74481e-05 0.000979727 0.00647458 0.0252804 0.0588311 0.0852896 0.0924013 0.106925 0.13451 0.144505 0.131024 0.102357 0.0639448 0.0308063 0.0118004 0.00367117 0.000909477 0.000171899 2.35622e-05 2.23303e-06 1.41004e-07
 4.43957e-11 3.96834e-09 2.09153e-07 6.49988e-06 0.000119108 0.00128702 0.00820273 0.0308785 0.0691618 0.0956963 0.0961342 0.100915 0.122082 0.135788 0.131123 0.104562 0.0627491 0.0279455 0.00978489 0.00279974 0.000639322 0.00011083 1.39233e-05 1.21749e-06 7.1549e-08
 2.82532e-11 2.43156e-09 1.23393e-07 3.69222e-06 6.51458e-05 0.000677894 0.00416387 0.0151681 0.0335747 0.0504726 0.070514 0.111579 0.155975 0.169991 0.154845 0.118169 0.0696534 0.0309125 0.0106399 0.00288376 0.000604899 9.52348e-05 1.08549e-05 8.62358e-07 4.61591e-08
 2.05678e-18 9.04127e-16 2.34347e-13 3.58161e-11 3.22774e-09 1.71533e-07 5.3767e-06 9.94704e-05 0.00108842 0.00709076 0.0280588 0.0712349 0.12994 0.191424 0.223828 0.186243 0.104436 0.0408225 0.0121418 0.00293103 0.000565339 8.21743e-05 8.55334e-06 6.15033e-07 2.97149e-08
 1.33628e-10 1.06107e-08 4.96792e-07 1.3715e-05 0.000223263 0.00214336 0.0121429 0.0407444 0.0824914 0.109979 0.127103 0.163062 0.183521 0.142758 0.0774307 0.0347552 0.0150896 0.00602435 0.00194715 0.000473629 8.46092e-05 1.10273e-05 1.03177e-06 6.71826e-08 2.94339e-09
 2.7901e-10 2.12334e-08 9.52807e-07 2.52104e-05 0.000393319 0.00361845 0.0196344 0.0629206 0.119894 0.140639 0.118253 0.10336 0.109924 0.11407 0.100892 0.0668913 0.0294932 0.00824767 0.00150977 0.000205286 2.46462e-05 2.6521e-06 2.22222e-07 1.3044e-08 5.13009e-10
 4.83739e-10 3.52351e-08 1.51331e-06 3.83236e-05 0.000572266 0.005039 0.026171 0.0802867 0.146562 0.165249 0.134771 0.113224 0.107739 0.09214 0.0665197 0.0389728 0.0166729 0.0048941 0.000990205 0.000141649 1.44909e-05 1.07003e-06 5.89373e-08 2.49854e-09 7.95699e-11
 5.51032e-10 3.83665e-08 1.57513e-06 3.81301e-05 0.000544274 0.00458151 0.0227549 0.0668707 0.117974 0.133947 0.124871 0.130847 0.136078 0.115169 0.079762 0.0439007 0.0172312 0.00451723 0.000799953 0.0001014 9.65352e-06 6.85169e-07 3.46929e-08 1.20803e-09 2.85404e-11
 1.05132e-09 6.98877e-08 2.7394e-06 6.33137e-05 0.000862845 0.00693406 0.0328698 0.0920607 0.153642 0.159438 0.122797 0.102231 0.100433 0.0931764 0.0725401 0.0419706 0.0162135 0.00402698 0.000656453 7.41624e-05 6.12088e-06 3.74788e-07 1.66909e-08 5.24675e-10 1.13076e-11
 1.36923e-09 8.68054e-08 3.24493e-06 7.15243e-05 0.00092961 0.00712525 0.0322272 0.0862941 0.139085 0.145892 0.129038 0.12882 0.124611 0.0975372 0.0624042 0.0314839 0.0112793 0.00270592 0.000438469 4.98706e-05 4.07457e-06 2.36822e-07 9.57552e-09 2.65213e-10 4.98261e-12
 1.99017e-09 1.20202e-07 4.28073e-06 8.98907e-05 0.00111304 0.0081276 0.0350227 0.0893575 0.137319 0.137751 0.117946 0.117525 0.119907 0.105424 0.0751865 0.0388963 0.0131473 0.00277849 0.000369235 3.22618e-05 1.99521e-06 9.31159e-08 3.29087e-09 8.39083e-11 1.4647e-12
 2.92891e-09 1.68364e-07 5.70664e-06 0.000114051 0.00134408 0.00934168 0.0383236 0.0932032 0.137343 0.135436 0.120216 0.123605 0.122817 0.102448 0.0689115 0.0336545 0.0107729 0.00216536 0.000274636 2.27767e-05 1.29649e-06 5.23656e-08 1.50328e-09 3.0238e-11 4.21863e-13
 4.58223e-09 2.50465e-07 8.07243e-06 0.00015341 0.00171912 0.0113616 0.0443251 0.102551 0.144006 0.136249 0.117813 0.119123 0.11748 0.0981801 0.0651871 0.030623 0.00926293 0.00173866 0.000203407 1.53289e-05 7.82866e-07 2.83092e-08 7.31498e-10 1.32124e-11 1.62329e-13
 6.30765e-09 3.27565e-07 1.00303e-05 0.000181102 0.00192818 0.0121088 0.0449114 0.0990487 0.134278 0.128734 0.121816 0.130235 0.125923 0.100411 0.0630529 0.0278885 0.00791966 0.00139071 0.000151262 1.04828e-05 4.84957e-07 1.56639e-08 3.5894e-10 5.74364e-12 6.26132e-14
 8.34761e-09 4.11546e-07 1.19636e-05 0.00020507 0.00207284 0.0123598 0.0435544 0.0915445 0.119994 0.116969 0.119854 0.135524 0.135729 0.111821 0.0704308 0.030221 0.0081887 0.00136717 0.000141911 9.45604e-06 4.22977e-07 1.31511e-08 2.85226e-10 4.22543e-12 4.18253e-14
 1.45804e-08 6.81951e-07 1.88072e-05 0.000305837 0.00293276 0.016589 0.05544 0.110356 0.136082 0.122096 0.113501 0.122143 0.122525 0.101778 0.062841 0.0257276 0.00654749 0.00101497 9.64496e-05 5.77009e-06 2.27146e-07 6.17421e-09 1.18823e-10 1.6023e-12 1.47255e-14
 2.0323e-08 9.01235e-07 2.35655e-05 0.00036334 0.00330363 0.0177227 0.0562382 0.1069 0.129129 0.122617 0.127014 0.137277 0.126299 0.0942257 0.0530697 0.0201941 0.00483806 0.000714109 6.55862e-05 3.86701e-06 1.52526e-07 4.14431e-09 7.75284e-11 9.77164e-13 8.13077e-15
 3.08952e-08 1.29833e-06 3.21714e-05 0.00047006 0.00405024 0.0205915 0.0619354 0.111688 0.128469 0.117625 0.120069 0.131431 0.126205 0.0976092 0.0546543 0.0199724 0.00451669 0.000624078 5.33413e-05 2.91165e-06 1.06115e-07 2.68035e-09 4.72836e-11 5.70977e-13 4.59853e-15
 4.65077e-08 1.85134e-06 4.34545e-05 0.000601432 0.00490908 0.0236469 0.067452 0.115858 0.129282 0.120202 0.126029 0.134496 0.122196 0.0887226 0.0466183 0.0160257 0.00342553 0.000451108 3.72418e-05 1.9969e-06 7.23551e-08 1.8095e-09 3.09733e-11 3.54581e-13 2.66528e-15
 7.49742e-08 2.82615e-06 6.28158e-05 0.000823276 0.00636337 0.0290274 0.078424 0.127679 0.135417 0.120555 0.122155 0.127402 0.114149 0.0809288 0.0407307 0.0132512 0.00267052 0.000332003 2.60017e-05 1.33256e-06 4.65107e-08 1.12644e-09 1.87197e-11 2.08298e-13 1.52098e-15
 1.00275e-07 3.57849e-06 7.53005e-05 0.000934347 0.00683801 0.0295496 0.0758157 0.118566 0.126313 0.123308 0.135309 0.138766 0.117039 0.0774583 0.0364726 0.011153 0.00212616 0.000252498 1.91561e-05 9.65144e-07 3.33506e-08 7.94866e-10 1.28294e-11 1.37112e-13 9.56039e-16
 1.68464e-07 5.69077e-06 0.000113352 0.00133136 0.00922268 0.0377179 0.0915078 0.134775 0.133174 0.117968 0.121497 0.125261 0.109362 0.0730803 0.0333965 0.00966438 0.00172017 0.000188855 1.3113e-05 5.99792e-07 1.88293e-08 4.12981e-10 6.24981e-12 6.36116e-14 4.25917e-16
 2.34731e-07 7.50527e-06 0.0001415 0.00157314 0.0103166 0.0399694 0.0921564 0.130863 0.131255 0.12723 0.136117 0.13118 0.102801 0.0620354 0.0260517 0.00700817 0.00116627 0.000120095 7.83419e-06 3.36336e-07 9.85407e-09 1.99695e-10 2.76366e-12 2.55589e-14 1.55395e-16
 3.47018e-07 1.05022e-05 0.000187413 0.00197218 0.0122425 0.0449044 0.0980989 0.132446 0.127869 0.12207 0.130923 0.129135 0.104132 0.0628146 0.0255209 0.0065339 0.00103162 0.000101285 6.36144e-06 2.65496e-07 7.57768e-09 1.48311e-10 1.95422e-12 1.69747e-14 9.58841e-17
 5.11521e-07 1.46536e-05 0.000247526 0.00246568 0.0144902 0.0503427 0.104424 0.13525 0.12936 0.12625 0.13395 0.126096 0.0959111 0.0544328 0.0208509 0.00506639 0.000768674 7.39542e-05 4.66198e-06 1.98799e-07 5.79756e-09 1.14079e-10 1.48173e-12 1.24993e-14 6.78792e-17
 6.83911e-07 1.8547e-05 0.000296586 0.00279693 0.0155642 0.0512524 0.101208 0.127122 0.124382 0.129559 0.140924 0.131784 0.0979831 0.0531509 0.0190612 0.00426129 0.000582746 4.91013e-05 2.61966e-06 9.24224e-08 2.25459e-09 3.88125e-11 4.65009e-13 3.75889e-15 1.99138e-17
 9.85582e-07 2.53054e-05 0.000383122 0.00342081 0.0180254 0.056237 0.105469 0.127053 0.122414 0.128231 0.139661 0.1308 0.0963125 0.050545 0.0172534 0.00365277 0.000474366 3.8254e-05 1.97096e-06 6.72262e-08 1.5572e-09 2.45421e-11 2.5904e-13 1.80096e-15 8.17554e-18
 1.19601e-06 2.90776e-05 0.000416867 0.00352495 0.0175997 0.0521556 0.0939331 0.113342 0.119742 0.139188 0.154021 0.140002 0.0983463 0.0486749 0.015556 0.00306861 0.000369434 2.74262e-05 1.2896e-06 3.98775e-08 8.38643e-10 1.21288e-11 1.1899e-13 7.73986e-16 3.27558e-18
#spawning biomass
 16436.8 21270.6 17969.9 19240.9 28132.5 40271 51734.5 67861.9 105159 132299 146106 167040 194152 224886 214740 221348 216552 228206 214636 220656 231364 239046 214532 241830 231613 223737 233298 190770 140126 343149 382325 365796 321792 270492 223022 183866 153721 131546 115740 104727 97180.5 92074.3 88643.3 86303.2 84784.7 83799.4 83160 82745.1 82475.8 82301.1 82187.8 82114.2 82066.5 82035.5 82015.4 82002.3 81993.9 81988.4 81984.8 81982.5 81981 81980 81979.4 81979 81978.7 81978.6 81978.4 81978.4 81978.3 81978.3 81978.3 81978.3 81978.3 81978.3 81978.2 81978.2 81978.2 81978.2 81978.2 81978.2 81978.2 81978.2 81978.2 81978.2 81978.2 81978.2 81978.2 81978.2 81978.2 81978.2 81978.2 81978.2 81978.2 81978.2 81978.2 81978.2 81978.2 81978.2 81978.2 81978.2 81978.2 81978.2 81978.2 81978.2 81978.2 81978.2 81978.2 81978.2 81978.2 81978.2 81978.2 81978.2 81978.2 81978.2 81978.2 81978.2 81978.2 81978.2 81978.2 81978.2 81978.2 81978.2 81978.2 81978.2 81978.2 81978.2 81978.2 81978.2 0 0 0 0 0 0 0 0 0 0 0 0 0 0 0 0 0 0 0 0 0 0 0 0 0
