SBPRF35
0.819782
Curr Bio
123202
B35
691039
F35
0.210069
FOFL
0
OFL
0
Bzero
234224
#pred survey bio
 8614.61 8824.11 7335.2 7498.78 10617.9 16530.4 22127.5 31052.2 42837.9 53166.7 70328.3 86263 98567.2 129356 139305 121708 105139 104274 115025 105604 94669 96630.6 101893 111252 121368 106641 107603 110200 132862 4.22218e+06 6.71525e+06 7.45341e+06 7.24724e+06 6.53634e+06 5.66084e+06 4.81833e+06 4.09718e+06 3.52029e+06 3.07799e+06 2.74807e+06 2.5063e+06 2.33101e+06 2.20462e+06 2.11275e+06 2.04449e+06 1.99611e+06 1.96147e+06 1.9364e+06 1.91805e+06 1.90446e+06 1.8943e+06 1.8866e+06 1.88072e+06 1.87618e+06 1.87265e+06 1.86988e+06 1.86769e+06 1.86595e+06 1.86457e+06 1.86345e+06 1.86256e+06 1.86183e+06 1.86125e+06 1.86078e+06 1.86039e+06 1.86008e+06 1.85982e+06 1.85961e+06 1.85944e+06 1.8593e+06 1.85919e+06 1.8591e+06 1.85902e+06 1.85896e+06 1.85891e+06 1.85887e+06 1.85883e+06 1.85881e+06 1.85878e+06 1.85877e+06 1.85875e+06 1.85874e+06 1.85873e+06 1.85872e+06 1.85871e+06 1.85871e+06 1.8587e+06 1.8587e+06 1.85869e+06 1.85869e+06 1.85869e+06 1.85869e+06 1.85869e+06 1.85869e+06 1.85869e+06 1.85868e+06 1.85868e+06 1.85868e+06 1.85868e+06 1.85868e+06 1.85868e+06 1.85868e+06 1.85868e+06 1.85868e+06 1.85868e+06 1.85868e+06 1.85868e+06 1.85868e+06 1.85868e+06 1.85868e+06 1.85868e+06 1.85868e+06 1.85868e+06 1.85868e+06 1.85868e+06 1.85868e+06 1.85868e+06 1.85868e+06 1.85868e+06 1.85868e+06 1.85868e+06 1.85868e+06 1.85868e+06 1.85868e+06 1.85868e+06 1.85868e+06 1.85868e+06 1.85868e+06 1.85868e+06 0 0 0 0 0 0 0 0 0 0 0 0 0 0 0 0 0 0 0 0 0 0 0 0 0
#obs survey bio
 7976.64 7356.37 7261.68 6820.78 14705.5 18938.5 20662 34970.2 63975.8 63354 67697.4 79096.3 74436 129546 168613 108257 83123.2 134293 99740 135843 115156 105236 116007 113448 146118 114393 99333.9 111093 98188.9
#pred catch bio
 3140.72 3972.43 3155.08 2453.59 3547.87 8441.5 11080 15421.8 25828.9 32510.9 46748.6 64083.3 67027.4 90132 106445 99468.3 84262.2 79366.6 96189.4 90868.5 80233.5 84644 90685.1 101402 118549 102082 104877 107138 112717 0 54558.4 60169.2 57933.9 51585.9 43996.2 36815 30761.1 25998 22416.7 19807.4 17948.9 16646.9 15746 15124.6 14693.2 14407 14217.1 14091 14007.3 13951.8 13915 13890.6 13874.3 13863.6 13856.4 13851.7 13848.5 13846.5 13845.1 13844.1 13843.5 13843.1 13842.9 13842.7 13842.6 13842.5 13842.4 13842.4 13842.4 13842.4 13842.4 13842.3 13842.3 13842.3 13842.3 13842.3 13842.3 13842.3 13842.3 13842.3 13842.3 13842.3 13842.3 13842.3 13842.3 13842.3 13842.3 13842.3 13842.3 13842.3 13842.3 13842.3 13842.3 13842.3 13842.3 13842.3 13842.3 13842.3 13842.3 13842.3 13842.3 13842.3 13842.3 13842.3 13842.3 13842.3 13842.3 13842.3 13842.3 13842.3 13842.3 13842.3 13842.3 13842.3 13842.3 13842.3 13842.3 13842.3 13842.3 13842.3 13842.3 13842.3 13842.3 13842.3 13842.3 13842.3 13842.3 13842.3 13842.3 0 0 0 0 0 0 0 0 0 0 0 0 0 0 0 0 0 0 0 0 0 0 0 0 0
#obs catch bio
 3909.76 4008.47 3482.29 2448.01 3424.36 8107.85 10821.3 14371.2 22366.9 30517.2 42901 63149.5 67899.9 86036.4 96713.8 100091 81155.6 72402.1 91994 86689.8 69572.2 75353.5 80604.8 92532.7 113654 92988.7 96168.9 96418.8 107229
#pred cpue bio
 7921.44 8474.14 6810.13 6671.07 9244.17 14143.8 18413 26205.3 36178.9 43316.2 57222.4 69405.3 76671.5 103645 116122 99037.3 82625.3 81992.5 90736.9 81738.4 72928.9 72654.8 74770.4 80885.9 86692.5 75593.4 75715.4 75931.7 89241 3.17527e+06 6.66628e+06 7.40451e+06 7.19834e+06 6.48743e+06 5.61194e+06 4.76943e+06 4.04828e+06 3.47139e+06 3.02909e+06 2.69917e+06 2.4574e+06 2.28211e+06 2.15571e+06 2.06385e+06 1.99558e+06 1.94721e+06 1.91257e+06 1.8875e+06 1.86915e+06 1.85556e+06 1.84539e+06 1.8377e+06 1.83182e+06 1.82728e+06 1.82375e+06 1.82098e+06 1.81879e+06 1.81705e+06 1.81566e+06 1.81455e+06 1.81366e+06 1.81293e+06 1.81235e+06 1.81187e+06 1.81149e+06 1.81117e+06 1.81092e+06 1.81071e+06 1.81054e+06 1.8104e+06 1.81029e+06 1.8102e+06 1.81012e+06 1.81006e+06 1.81001e+06 1.80997e+06 1.80993e+06 1.8099e+06 1.80988e+06 1.80986e+06 1.80985e+06 1.80984e+06 1.80982e+06 1.80982e+06 1.80981e+06 1.8098e+06 1.8098e+06 1.8098e+06 1.80979e+06 1.80979e+06 1.80979e+06 1.80979e+06 1.80979e+06 1.80978e+06 1.80978e+06 1.80978e+06 1.80978e+06 1.80978e+06 1.80978e+06 1.80978e+06 1.80978e+06 1.80978e+06 1.80978e+06 1.80978e+06 1.80978e+06 1.80978e+06 1.80978e+06 1.80978e+06 1.80978e+06 1.80978e+06 1.80978e+06 1.80978e+06 1.80978e+06 1.80978e+06 1.80978e+06 1.80978e+06 1.80978e+06 1.80978e+06 1.80978e+06 1.80978e+06 1.80978e+06 1.80978e+06 1.80978e+06 1.80978e+06 1.80978e+06 1.80978e+06 1.80978e+06 1.80978e+06 1.80978e+06 0 0 0 0 0 0 0 0 0 0 0 0 0 0 0 0 0 0 0 0 0 0 0 0 0
#obs cpue bio
 5800.74 7738.13 5232.78 7167.16 9249.71 18392 17416.7 36296 53926 33864.9 85827.2 74795.4 80432.6 141193 153080 102107 119915 95241.1 124041 77474.1 113411 102463 103519 108776 87063.5 101076 116089 116028 138896
#pred surv len freq
 9.23111e-12 1.00239e-09 6.41738e-08 2.42224e-06 5.39039e-05 0.000707265 0.00547247 0.0249944 0.0677151 0.111486 0.124017 0.124619 0.136861 0.131154 0.0982869 0.0658388 0.0427749 0.0260753 0.0153358 0.0091332 0.00570282 0.00387898 0.00283785 0.00196815 0.00108476
 5.53867e-12 6.01434e-10 3.85044e-08 1.45335e-06 3.23427e-05 0.000424381 0.00328432 0.0150161 0.0408957 0.0690528 0.0847861 0.104569 0.135136 0.143365 0.12402 0.099528 0.0732593 0.0471903 0.0274457 0.0148734 0.00781851 0.0042857 0.00257984 0.00159377 0.000842425
 9.68416e-12 1.05158e-09 6.73234e-08 2.54112e-06 5.65491e-05 0.000741952 0.0057401 0.0261988 0.070733 0.114485 0.118323 0.0978122 0.0903704 0.0908189 0.088635 0.0847476 0.0740677 0.0568499 0.0380682 0.0219137 0.0110349 0.00515365 0.00244305 0.00122627 0.000578516
 1.23563e-11 1.34175e-09 8.58999e-08 3.24229e-06 7.21526e-05 0.000946677 0.0073239 0.0334265 0.0902309 0.145914 0.150136 0.121762 0.106107 0.091958 0.0667193 0.0471408 0.0388353 0.0341462 0.0275395 0.0188414 0.0106597 0.00502094 0.00207601 0.000823015 0.000317134
 1.29977e-11 1.41139e-09 9.03586e-08 3.41059e-06 7.58978e-05 0.000995816 0.00770407 0.035162 0.0949215 0.153544 0.158205 0.128887 0.113108 0.0985757 0.0710543 0.0461958 0.030112 0.0202795 0.0150778 0.0115316 0.00774036 0.00418466 0.00179973 0.000641205 0.000200915
 1.356e-11 1.47245e-09 9.42679e-08 3.55814e-06 7.91814e-05 0.0010389 0.0080373 0.0366814 0.099002 0.159975 0.164035 0.131589 0.113113 0.0976358 0.070234 0.045613 0.0291531 0.0177405 0.0105519 0.00661289 0.00435527 0.00263862 0.00128793 0.000482277 0.00014032
 1.44126e-11 1.56504e-09 1.00195e-07 3.78187e-06 8.41602e-05 0.00110422 0.00854261 0.0389863 0.105205 0.169858 0.173497 0.137346 0.115347 0.0964934 0.0650445 0.0379306 0.0221974 0.0129483 0.00727507 0.00393515 0.00212284 0.001167 0.000593916 0.000243252 7.4134e-05
 1.35506e-11 1.47143e-09 9.42026e-08 3.55568e-06 7.91267e-05 0.00103818 0.00803194 0.0366608 0.0989993 0.160397 0.166455 0.138552 0.124283 0.106919 0.0718912 0.040779 0.0224398 0.0118947 0.00603542 0.00299034 0.00142956 0.000662305 0.000298365 0.000120826 3.86634e-05
 1.3592e-11 1.47592e-09 9.449e-08 3.56653e-06 7.9368e-05 0.00104135 0.00805638 0.036771 0.099279 0.160706 0.166107 0.136611 0.121007 0.104619 0.0726027 0.0436378 0.025093 0.0132331 0.00633839 0.00284414 0.00120765 0.000487746 0.000187332 6.69078e-05 2.05143e-05
 1.50129e-11 1.63022e-09 1.04368e-07 3.93939e-06 8.76654e-05 0.00115021 0.00889832 0.040608 0.109559 0.1767 0.17961 0.139892 0.114633 0.0942118 0.0621115 0.0346686 0.0190175 0.0101726 0.0050445 0.00225893 0.000900321 0.000323652 0.000106823 3.24138e-05 8.73878e-06
 1.48523e-11 1.61278e-09 1.03251e-07 3.89723e-06 8.67273e-05 0.0011379 0.00880321 0.0401761 0.108424 0.175116 0.179149 0.142473 0.119971 0.0988935 0.0631038 0.032521 0.0160573 0.00783365 0.00365879 0.00161951 0.000651421 0.000228419 6.8932e-05 1.80757e-05 4.1351e-06
 1.52001e-11 1.65055e-09 1.05669e-07 3.9885e-06 8.87583e-05 0.00116455 0.0090093 0.0411154 0.110941 0.179039 0.182492 0.143391 0.118652 0.0967501 0.0610766 0.0307379 0.0144965 0.00656436 0.00276297 0.00110297 0.000415163 0.000141852 4.19102e-05 1.03122e-05 2.08651e-06
 1.62699e-11 1.76672e-09 1.13107e-07 4.26923e-06 9.50056e-05 0.00124651 0.0096432 0.044004 0.118675 0.191038 0.192453 0.145299 0.113011 0.088413 0.0535454 0.0248735 0.010566 0.00442829 0.00175086 0.000643695 0.000217928 6.73027e-05 1.85838e-05 4.3812e-06 8.38619e-07
 1.51765e-11 1.64799e-09 1.05506e-07 3.98232e-06 8.86209e-05 0.00116275 0.00899542 0.0410534 0.110792 0.178945 0.183081 0.145587 0.122261 0.0995273 0.0609771 0.0283915 0.0118882 0.00472991 0.00170726 0.000567723 0.000175394 4.90776e-05 1.21606e-05 2.60668e-06 4.65221e-07
 1.3602e-11 1.47701e-09 9.45598e-08 3.56916e-06 7.94268e-05 0.00104212 0.00806256 0.0368036 0.0994269 0.161427 0.169093 0.144638 0.133455 0.113945 0.0718375 0.0349945 0.0155089 0.00637865 0.00229747 0.000731826 0.000207842 5.2283e-05 1.15962e-05 2.22236e-06 3.56451e-07
 1.46772e-11 1.59376e-09 1.02034e-07 3.85128e-06 8.57049e-05 0.00112449 0.00869952 0.0397047 0.107176 0.173295 0.1782 0.144056 0.12391 0.102738 0.0647053 0.0320073 0.014601 0.00624892 0.00236578 0.000785609 0.000224692 5.43017e-05 1.10719e-05 1.89903e-06 2.70471e-07
 1.58316e-11 1.71912e-09 1.1006e-07 4.1542e-06 9.24457e-05 0.00121293 0.00938351 0.0428216 0.115524 0.186265 0.189054 0.146403 0.118231 0.0938946 0.0561657 0.024963 0.00989403 0.00391158 0.00147442 0.000506287 0.000151561 3.80015e-05 7.78284e-06 1.27968e-06 1.67358e-07
 1.57473e-11 1.70997e-09 1.09474e-07 4.13208e-06 9.19535e-05 0.00120647 0.00933359 0.0425947 0.114923 0.185385 0.188581 0.147118 0.120031 0.0955873 0.0567173 0.0245063 0.00911887 0.00326042 0.00108118 0.000332938 9.56772e-05 2.438e-05 5.18089e-06 8.75708e-07 1.1411e-07
 1.56814e-11 1.70281e-09 1.09016e-07 4.1148e-06 9.15689e-05 0.00120142 0.00929454 0.0424164 0.11444 0.184597 0.187731 0.14635 0.119397 0.095485 0.0575423 0.0258677 0.0101903 0.00374101 0.00120133 0.00033844 8.60417e-05 1.96641e-05 3.95944e-06 6.69441e-07 8.93168e-08
 1.62589e-11 1.76552e-09 1.1303e-07 4.26634e-06 9.49412e-05 0.00124567 0.00963672 0.0439756 0.118616 0.191077 0.193122 0.147413 0.116371 0.0908793 0.0531791 0.0223795 0.00799114 0.00277227 0.000899995 0.000260626 6.53749e-05 1.38733e-05 2.49842e-06 3.81868e-07 4.82113e-08
 1.63579e-11 1.77628e-09 1.13719e-07 4.29232e-06 9.55195e-05 0.00125325 0.00969541 0.0442434 0.119337 0.192227 0.194233 0.148111 0.116651 0.0906683 0.0523276 0.0211576 0.00695815 0.00217633 0.000638471 0.000170544 4.14717e-05 8.81573e-06 1.56074e-06 2.23595e-07 2.56329e-08
 1.71394e-11 1.86114e-09 1.19152e-07 4.49738e-06 0.000100083 0.00131312 0.0101584 0.0463519 0.124968 0.200845 0.200813 0.147583 0.109573 0.0825012 0.0473577 0.0192864 0.00641997 0.00199503 0.000557074 0.000135572 2.95453e-05 5.73576e-06 9.64428e-07 1.35062e-07 1.50408e-08
 1.78036e-11 1.93326e-09 1.23769e-07 4.67166e-06 0.000103961 0.001364 0.0105519 0.0481445 0.129761 0.208227 0.206676 0.147881 0.104687 0.0762837 0.042758 0.0165946 0.00503538 0.00142832 0.000383298 9.18985e-05 1.93167e-05 3.47097e-06 5.26541e-07 6.71175e-08 7.01513e-09
 1.80326e-11 1.95813e-09 1.25361e-07 4.73176e-06 0.000105298 0.00138155 0.0106876 0.0487628 0.131415 0.21078 0.208733 0.14808 0.103152 0.0742509 0.0411588 0.015555 0.00443396 0.00114617 0.000278896 6.06004e-05 1.17917e-05 2.02529e-06 2.94334e-07 3.50129e-08 3.33787e-09
 1.84881e-11 2.00758e-09 1.28527e-07 4.85126e-06 0.000107958 0.00141644 0.0109574 0.0499917 0.134699 0.215819 0.212647 0.147989 0.099354 0.069697 0.0381439 0.0141353 0.00384988 0.000927721 0.000209719 4.18475e-05 7.33953e-06 1.13332e-06 1.50373e-07 1.67221e-08 1.50637e-09
 1.86472e-11 2.02486e-09 1.29633e-07 4.89301e-06 0.000108887 0.00142863 0.0110517 0.0504214 0.13585 0.217608 0.214149 0.148329 0.0985917 0.0684736 0.0369172 0.013103 0.00318322 0.000633495 0.000120877 2.16249e-05 3.46699e-06 4.87981e-07 5.8393e-08 5.8228e-09 4.75098e-10
 1.88388e-11 2.04567e-09 1.30965e-07 4.94329e-06 0.000110006 0.0014433 0.0111652 0.0509383 0.137229 0.219714 0.215728 0.148106 0.0967143 0.0663773 0.0357387 0.012775 0.00316611 0.000645809 0.000120711 1.93983e-05 2.61599e-06 3.11221e-07 3.27715e-08 2.93584e-09 2.1538e-10
 1.93378e-11 2.09985e-09 1.34434e-07 5.07423e-06 0.000112919 0.00148153 0.0114608 0.0522847 0.140826 0.225221 0.219949 0.147821 0.0922681 0.0611931 0.032501 0.0114691 0.00275901 0.000534451 9.59671e-05 1.53149e-05 2.05881e-06 2.32682e-07 2.16533e-08 1.64393e-09 1.02991e-10
 1.99092e-11 2.16191e-09 1.38407e-07 5.22418e-06 0.000116256 0.00152531 0.0117993 0.0538266 0.144943 0.231521 0.224752 0.147413 0.0870532 0.055178 0.0288361 0.0100955 0.00239355 0.000450085 7.7724e-05 1.18892e-05 1.52622e-06 1.66462e-07 1.51772e-08 1.1135e-09 6.42064e-11
#obs surv len freq
 2.32694e-11 2.24812e-09 1.28054e-07 4.30035e-06 8.51444e-05 0.000993943 0.00684201 0.0277951 0.0669247 0.0977102 0.0963911 0.0889681 0.0986219 0.107857 0.107077 0.0984088 0.0798089 0.0563992 0.0352475 0.0190211 0.00833549 0.00275506 0.000642702 0.000100601 1.01935e-05
 5.01102e-12 4.66954e-10 2.56544e-08 8.30985e-07 1.58706e-05 0.000178768 0.00118955 0.00471647 0.011646 0.021485 0.0420114 0.0856428 0.13483 0.156166 0.152058 0.134902 0.105433 0.0719714 0.0432388 0.0220791 0.00900753 0.00274643 0.000588801 8.45414e-05 7.84794e-06
 8.92715e-11 8.0098e-09 4.2371e-07 1.32146e-05 0.000242985 0.00263416 0.0168365 0.0634493 0.141028 0.1852 0.145239 0.0734337 0.03911 0.048074 0.070759 0.0767166 0.060791 0.0389954 0.0217832 0.0103902 0.00394463 0.00110965 0.000218064 2.8616e-05 2.42597e-06
 1.12482e-10 9.70157e-09 4.93332e-07 1.47903e-05 0.000261429 0.0027245 0.0167436 0.0607342 0.130661 0.170999 0.152881 0.128247 0.119215 0.0916145 0.0506036 0.0265262 0.0192045 0.0146485 0.00889148 0.00412391 0.00145326 0.000375199 6.74511e-05 8.07949e-06 6.24376e-07
 1.28843e-10 1.0666e-08 5.2057e-07 1.49794e-05 0.000254129 0.002542 0.0149954 0.052233 0.108148 0.137746 0.125448 0.116641 0.123851 0.117418 0.0930843 0.0605762 0.0296793 0.0111544 0.00401269 0.00154163 0.000512924 0.000124309 2.05632e-05 2.2468e-06 1.58031e-07
 2.16815e-10 1.72019e-08 8.04642e-07 2.21905e-05 0.000360806 0.00345889 0.019554 0.0652513 0.129195 0.155918 0.12981 0.105112 0.102466 0.0977342 0.0826246 0.058744 0.0319011 0.0127462 0.00386966 0.000966043 0.000215841 4.19014e-05 6.16639e-06 6.16292e-07 3.96609e-08
 2.8418e-10 2.15791e-08 9.66081e-07 2.54995e-05 0.000396822 0.00364106 0.0197044 0.0629965 0.120023 0.14241 0.126124 0.119152 0.122622 0.108056 0.0804531 0.0518693 0.0270924 0.0109813 0.00344843 0.000829053 0.000150597 2.08991e-05 2.23738e-06 1.78387e-07 9.88241e-09
 4.03401e-10 2.92801e-08 1.25299e-06 3.16126e-05 0.000470238 0.0041243 0.0213356 0.0652197 0.118951 0.135889 0.118262 0.112912 0.119214 0.111745 0.0897535 0.0587464 0.0288691 0.0105967 0.00304607 0.000694503 0.0001204 1.50983e-05 1.33093e-06 8.16121e-08 3.45643e-09
 6.52372e-10 4.52065e-08 1.84691e-06 4.44865e-05 0.000631767 0.00529005 0.0261269 0.076252 0.132796 0.144923 0.120599 0.110209 0.111779 0.101569 0.0798887 0.0517166 0.0254623 0.00939328 0.0026462 0.000568685 9.10675e-05 1.05359e-05 8.51544e-07 4.65929e-08 1.68603e-09
 9.56175e-10 6.3186e-08 2.46174e-06 5.65464e-05 0.000765799 0.00611521 0.0288071 0.0802543 0.133958 0.142771 0.122691 0.119155 0.119957 0.102622 0.0739242 0.0428769 0.0184443 0.00584066 0.00143357 0.00027934 4.16136e-05 4.47903e-06 3.33625e-07 1.66957e-08 5.4888e-10
 1.31291e-09 8.26487e-08 3.06744e-06 6.71207e-05 0.000865941 0.00658754 0.0295692 0.0785756 0.125766 0.131601 0.118142 0.122622 0.126388 0.109879 0.0798157 0.0451801 0.0183158 0.00527505 0.00113173 0.000187969 2.40079e-05 2.27241e-06 1.52509e-07 6.96711e-09 2.09717e-10
 2.21407e-09 1.32642e-07 4.685e-06 9.75614e-05 0.00119783 0.0086719 0.0370415 0.09364 0.142348 0.14043 0.116854 0.113276 0.113762 0.0994783 0.0724064 0.0400171 0.0155435 0.00423986 0.000847242 0.000127468 1.42966e-05 1.16401e-06 6.69945e-08 2.65447e-09 7.04721e-11
 2.92118e-09 1.66393e-07 5.58794e-06 0.000110639 0.00129159 0.00889169 0.0361343 0.0871349 0.128002 0.128786 0.121906 0.131505 0.129234 0.104072 0.0694429 0.0358894 0.0132995 0.00350713 0.000678473 9.74674e-05 1.0196e-05 7.54752e-07 3.85989e-08 1.33646e-09 3.07559e-11
 3.52446e-09 1.90716e-07 6.08442e-06 0.000114445 0.00126924 0.00830205 0.0320764 0.0737818 0.10504 0.108705 0.115673 0.136995 0.143159 0.124049 0.086527 0.0441502 0.0155365 0.00382409 0.000689046 9.28279e-05 9.15779e-06 6.37653e-07 3.0353e-08 9.64015e-10 2.00473e-11
 4.99708e-09 2.56678e-07 7.77323e-06 0.00013879 0.00146114 0.00907302 0.0332907 0.0728483 0.0994768 0.101595 0.110594 0.133865 0.144676 0.131034 0.0932106 0.0473181 0.0165221 0.00405901 0.000724921 9.44886e-05 8.79846e-06 5.70731e-07 2.52245e-08 7.43559e-10 1.43244e-11
 1.01837e-08 4.96196e-07 1.42542e-05 0.000241421 0.00241087 0.0141991 0.0493901 0.102194 0.130322 0.119009 0.110696 0.120428 0.12359 0.107316 0.0721959 0.0341114 0.0109536 0.00246557 0.00040785 5.02244e-05 4.47593e-06 2.77528e-07 1.16014e-08 3.1965e-10 5.70777e-12
 1.20636e-08 5.57234e-07 1.51754e-05 0.000243665 0.002307 0.0128873 0.0426037 0.0846261 0.108417 0.113902 0.132594 0.151729 0.140865 0.106408 0.0641378 0.0282938 0.00872194 0.001906 0.000303492 3.52504e-05 2.92008e-06 1.67991e-07 6.55078e-09 1.69201e-10 2.83466e-12
 1.98222e-08 8.67564e-07 2.23868e-05 0.000340589 0.00305535 0.0161695 0.0506097 0.0948787 0.113144 0.107036 0.113858 0.132156 0.136705 0.116008 0.0731127 0.0315254 0.00918546 0.00187804 0.000280686 3.0806e-05 2.41368e-06 1.30494e-07 4.73837e-09 1.13194e-10 1.74966e-12
 2.8729e-08 1.1909e-06 2.91052e-05 0.000419393 0.00356362 0.0178695 0.0530817 0.0951959 0.112295 0.113843 0.130239 0.144672 0.133572 0.10138 0.0595808 0.0250572 0.0073849 0.00155262 0.000235033 2.52464e-05 1.88095e-06 9.53324e-08 3.23013e-09 7.18658e-11 1.03192e-12
 4.26802e-08 1.67511e-06 3.87614e-05 0.000528828 0.00425461 0.0202027 0.0568627 0.0968922 0.109828 0.109871 0.126055 0.141861 0.135326 0.104798 0.0605206 0.0244214 0.00689444 0.00140769 0.000210641 2.25775e-05 1.67165e-06 8.29489e-08 2.69971e-09 5.67404e-11 7.60985e-13
 6.70018e-08 2.4892e-06 5.45226e-05 0.00070413 0.00536263 0.0241097 0.0643101 0.104298 0.114392 0.114156 0.129819 0.140715 0.128097 0.0945627 0.0522188 0.0203199 0.00558493 0.00111331 0.000161809 1.67616e-05 1.19975e-06 5.77182e-08 1.82303e-09 3.7066e-11 4.77609e-13
 1.04401e-07 3.67087e-06 7.6099e-05 0.000930151 0.00670497 0.0285381 0.0721416 0.111415 0.118451 0.118009 0.132898 0.139346 0.121625 0.0851279 0.0439819 0.0158634 0.00402903 0.000746467 0.00010204 1.00403e-05 6.85162e-07 3.14101e-08 9.44121e-10 1.82598e-11 2.23888e-13
 1.43323e-07 4.76918e-06 9.35661e-05 0.00108235 0.00738489 0.0297695 0.0714866 0.106297 0.114033 0.121987 0.14224 0.145897 0.122255 0.0812104 0.0393748 0.0132026 0.00308822 0.000522499 6.50143e-05 5.84475e-06 3.67288e-07 1.5634e-08 4.39073e-10 7.96278e-12 9.16816e-14
 2.10657e-07 6.63385e-06 0.000123169 0.00134841 0.00870753 0.0332323 0.0756643 0.107365 0.112247 0.120114 0.139917 0.144188 0.122217 0.0807845 0.0382571 0.0124698 0.00283709 0.000463026 5.44551e-05 4.52695e-06 2.59437e-07 1.00252e-08 2.56038e-10 4.24227e-12 4.48596e-14
 2.89553e-07 8.62982e-06 0.000151645 0.00157127 0.00960544 0.0347364 0.0752743 0.103611 0.111047 0.126681 0.14881 0.147991 0.119468 0.0747191 0.0334005 0.0103026 0.00223114 0.000348456 3.92446e-05 3.10678e-06 1.67748e-07 6.02948e-09 1.41589e-10 2.13972e-12 2.05534e-14
 3.99698e-07 1.12753e-05 0.000187534 0.00183928 0.0106447 0.0364752 0.0751909 0.100065 0.108187 0.127544 0.151168 0.150836 0.121384 0.0738298 0.0313869 0.00910343 0.00184566 0.0002697 2.84674e-05 2.11705e-06 1.07518e-07 3.63172e-09 7.9882e-11 1.12498e-12 1.00099e-14
 6.13299e-07 1.63773e-05 0.000257851 0.00239399 0.0131172 0.0425729 0.0832944 0.106039 0.111696 0.129278 0.14931 0.145377 0.113758 0.0665726 0.0270908 0.00753359 0.00146609 0.000204397 2.03457e-05 1.4123e-06 6.6598e-08 2.08621e-09 4.2586e-11 5.57111e-13 4.60615e-15
 8.19646e-07 2.07217e-05 0.000308881 0.00271531 0.0140924 0.0434054 0.081273 0.102241 0.113448 0.137949 0.156613 0.145626 0.108617 0.0611237 0.0243096 0.00673356 0.00131904 0.000183778 1.79198e-05 1.1933e-06 5.31218e-08 1.55368e-09 2.94027e-11 3.55172e-13 2.70678e-15
 1.10393e-06 2.64259e-05 0.000372982 0.00310489 0.0152654 0.044618 0.0798826 0.0987371 0.112788 0.140952 0.160638 0.149226 0.108927 0.0579233 0.021156 0.00530352 0.000944376 0.000122296 1.13651e-05 7.31094e-07 3.14377e-08 8.80896e-10 1.58013e-11 1.79158e-13 1.27173e-15
#pred catch len freq
 6.47778e-12 7.0341e-10 4.5033e-08 1.69977e-06 3.78266e-05 0.000496336 0.00384118 0.0175617 0.047824 0.080712 0.0988843 0.121075 0.153354 0.153526 0.116096 0.0778806 0.050606 0.0308494 0.0181436 0.0108054 0.00674695 0.00458919 0.00335743 0.0023285 0.00128337
 3.74529e-12 4.06694e-10 2.60369e-08 9.82769e-07 2.18707e-05 0.000286991 0.00222173 0.0101738 0.0279257 0.0488969 0.0678869 0.100796 0.143596 0.156233 0.135797 0.109051 0.0802735 0.0517087 0.0300736 0.0162975 0.00856713 0.00469605 0.00282686 0.00174637 0.000923087
 7.0291e-12 7.63276e-10 4.88656e-08 1.84444e-06 4.10455e-05 0.000538548 0.00416688 0.019028 0.0515053 0.0844333 0.0922978 0.0894085 0.0983059 0.10572 0.104585 0.100162 0.0875501 0.0671985 0.044998 0.0259028 0.0130436 0.0060918 0.00288777 0.0014495 0.000683827
 9.15887e-12 9.94544e-10 6.36716e-08 2.40329e-06 5.3482e-05 0.000701724 0.00542942 0.0247937 0.0671147 0.110041 0.120304 0.115799 0.122031 0.114233 0.0843541 0.0597748 0.0492577 0.0433108 0.0349309 0.0238983 0.0135206 0.00636853 0.00263319 0.00104391 0.00040225
 9.81019e-12 1.06527e-09 6.81995e-08 2.57419e-06 5.72853e-05 0.000751627 0.00581555 0.0265572 0.0718924 0.117907 0.129055 0.124619 0.131865 0.123916 0.0908603 0.0592398 0.0386263 0.0260141 0.0193415 0.0147925 0.00992919 0.005368 0.00230866 0.000822525 0.00025773
 1.1024e-11 1.19707e-09 7.66376e-08 2.89269e-06 6.43729e-05 0.000844614 0.00653475 0.0298355 0.0806837 0.131655 0.141006 0.128655 0.128821 0.118634 0.0866253 0.056398 0.0360559 0.0219414 0.0130506 0.00817883 0.00538661 0.00326344 0.00159291 0.000596481 0.000173548
 1.18913e-11 1.29125e-09 8.26669e-08 3.12026e-06 6.94373e-05 0.000911061 0.00704878 0.0321808 0.0870044 0.141794 0.15104 0.13565 0.132887 0.118884 0.0814233 0.0476157 0.0278747 0.0162604 0.00913601 0.00494175 0.00266585 0.00146552 0.000745838 0.000305475 9.30973e-05
 1.09757e-11 1.19183e-09 7.63021e-08 2.88003e-06 6.40912e-05 0.000840924 0.00650642 0.0297111 0.0804159 0.131769 0.143675 0.137249 0.142902 0.13045 0.0889172 0.0505586 0.0278296 0.0147521 0.00748525 0.00370869 0.00177297 0.000821403 0.000370039 0.000149851 4.79511e-05
 1.14879e-11 1.24744e-09 7.98626e-08 3.01442e-06 6.70818e-05 0.000880158 0.00680978 0.0310918 0.0840899 0.137283 0.147351 0.135159 0.135635 0.123468 0.0867097 0.0522234 0.0300372 0.0158408 0.00758741 0.0034046 0.00144562 0.000583859 0.000224248 8.00923e-05 2.45568e-05
 1.30544e-11 1.41755e-09 9.07527e-08 3.42546e-06 7.6229e-05 0.00100017 0.00773796 0.0353219 0.0954246 0.154935 0.162328 0.139028 0.128991 0.112249 0.0750387 0.0419895 0.0230407 0.0123249 0.00611182 0.00273687 0.00109081 0.00039213 0.000129425 3.9272e-05 1.05877e-05
 1.31611e-11 1.42914e-09 9.14947e-08 3.45347e-06 7.68522e-05 0.00100835 0.00780128 0.0356121 0.0962242 0.156359 0.164398 0.142203 0.133116 0.115043 0.0742538 0.0383488 0.0189403 0.00924039 0.00431583 0.00191034 0.000768402 0.000269438 8.13107e-05 2.13217e-05 4.87767e-06
 1.39846e-11 1.51856e-09 9.72194e-08 3.66955e-06 8.16606e-05 0.00107143 0.00828917 0.0378351 0.102174 0.165566 0.171931 0.143313 0.128285 0.108515 0.0691263 0.0348483 0.0164389 0.00744411 0.00313326 0.00125079 0.000470803 0.000160864 4.75271e-05 1.16943e-05 2.36615e-06
 1.48153e-11 1.60876e-09 1.02995e-07 3.88753e-06 8.65116e-05 0.00113507 0.00878141 0.0400785 0.108186 0.17494 0.179936 0.14554 0.125055 0.10286 0.0630977 0.0293841 0.0124868 0.0052335 0.00206923 0.000760743 0.000257555 7.95409e-05 2.1963e-05 5.17787e-06 9.91111e-07
 1.37001e-11 1.48767e-09 9.52421e-08 3.59491e-06 7.99999e-05 0.00104964 0.00812074 0.0370693 0.100146 0.162607 0.170383 0.145849 0.134517 0.114232 0.0707131 0.0329902 0.013818 0.00549788 0.00198447 0.000659902 0.000203872 5.70461e-05 1.41351e-05 3.02991e-06 5.40757e-07
 1.24193e-11 1.34859e-09 8.63377e-08 3.25882e-06 7.25206e-05 0.000951518 0.00736187 0.0336119 0.0908973 0.148329 0.158871 0.144711 0.143065 0.125585 0.0796898 0.0388668 0.0172281 0.00708586 0.00255219 0.000812965 0.000230886 5.80797e-05 1.28819e-05 2.46875e-06 3.95971e-07
 1.39063e-11 1.51006e-09 9.66752e-08 3.64901e-06 8.12035e-05 0.00106543 0.00824282 0.0376243 0.101616 0.164755 0.171522 0.144063 0.130109 0.110274 0.0698238 0.034574 0.0157742 0.00675111 0.0025559 0.000848744 0.000242749 5.86656e-05 1.19617e-05 2.05164e-06 2.92207e-07
 1.5033e-11 1.6324e-09 1.04508e-07 3.94465e-06 8.77826e-05 0.00115175 0.0089104 0.0406667 0.109767 0.177435 0.182218 0.146632 0.124993 0.101933 0.0613853 0.0273191 0.0108302 0.00428177 0.00161396 0.000554202 0.000165905 4.1598e-05 8.51942e-06 1.40079e-06 1.83197e-07
 1.4698e-11 1.59603e-09 1.02179e-07 3.85675e-06 8.58265e-05 0.00112609 0.00871196 0.0397633 0.107359 0.173789 0.17963 0.147504 0.12905 0.106253 0.0635756 0.0275152 0.0102413 0.00366184 0.0012143 0.00037393 0.000107457 2.73817e-05 5.81876e-06 9.83527e-07 1.28159e-07
 1.50983e-11 1.6395e-09 1.04962e-07 3.96179e-06 8.81641e-05 0.00115675 0.0089491 0.0408429 0.110237 0.178149 0.182737 0.146511 0.124327 0.101359 0.0613802 0.0276193 0.010882 0.003995 0.00128289 0.000361418 9.18835e-05 2.09991e-05 4.22827e-06 7.14892e-07 9.5381e-08
 1.58646e-11 1.7227e-09 1.10289e-07 4.16286e-06 9.26385e-05 0.00121546 0.00940309 0.0429115 0.115773 0.186721 0.189766 0.147582 0.119797 0.0949119 0.0557471 0.0234778 0.0083844 0.00290875 0.000944301 0.000273457 6.85932e-05 1.45563e-05 2.62141e-06 4.00667e-07 5.05847e-08
 1.58866e-11 1.7251e-09 1.10442e-07 4.16865e-06 9.27673e-05 0.00121715 0.00941619 0.0429716 0.11594 0.187024 0.190238 0.148357 0.120813 0.0955359 0.0553845 0.022414 0.00737251 0.00230598 0.000676508 0.000180704 4.39424e-05 9.34092e-06 1.65372e-06 2.36915e-07 2.716e-08
 1.68763e-11 1.83256e-09 1.17322e-07 4.42834e-06 9.85462e-05 0.00129296 0.0100025 0.0456419 0.123071 0.19794 0.198581 0.147716 0.11189 0.085215 0.0490679 0.0199956 0.00665679 0.00206865 0.000577632 0.000140575 3.06357e-05 5.94744e-06 1.00002e-06 1.40046e-07 1.55958e-08
 1.76409e-11 1.91559e-09 1.22638e-07 4.62897e-06 0.000103011 0.00135154 0.0104555 0.0477056 0.128589 0.206432 0.205303 0.147979 0.106144 0.0779774 0.0438082 0.0170104 0.00516199 0.00146426 0.000392942 9.42107e-05 1.98027e-05 3.5583e-06 5.39788e-07 6.88062e-08 7.19163e-09
 1.79895e-11 1.95345e-09 1.25061e-07 4.72044e-06 0.000105047 0.00137824 0.010662 0.0486464 0.131104 0.210304 0.20837 0.148108 0.103541 0.0747022 0.0414363 0.015662 0.00446459 0.00115409 0.000280824 6.10195e-05 1.18733e-05 2.03929e-06 2.96369e-07 3.5255e-08 3.36095e-09
 1.87706e-11 2.03826e-09 1.30491e-07 4.9254e-06 0.000109607 0.00143808 0.0111248 0.0507541 0.136735 0.218934 0.215024 0.147793 0.0967846 0.066729 0.0363294 0.0134479 0.00366188 0.000882392 0.000199472 3.98027e-05 6.98089e-06 1.07794e-06 1.43025e-07 1.59049e-08 1.43276e-09
 1.88276e-11 2.04445e-09 1.30888e-07 4.94035e-06 0.00010994 0.00144245 0.0111585 0.0509081 0.137149 0.219596 0.215662 0.148189 0.0969292 0.0665642 0.0357653 0.0126848 0.00308118 0.000613173 0.000116999 2.09311e-05 3.35576e-06 4.72326e-07 5.65196e-08 5.63599e-09 4.59856e-10
 1.9093e-11 2.07327e-09 1.32733e-07 5.01e-06 0.00011149 0.00146278 0.0113158 0.0516242 0.139061 0.222516 0.217861 0.147913 0.0943766 0.0636896 0.0341131 0.0121801 0.00301803 0.000615583 0.000115061 1.84903e-05 2.49354e-06 2.96653e-07 3.12375e-08 2.79842e-09 2.05299e-10
 1.95571e-11 2.12367e-09 1.35959e-07 5.13177e-06 0.0001142 0.00149833 0.0115907 0.0528764 0.142406 0.227638 0.221787 0.14765 0.0902453 0.0588705 0.0311009 0.0109621 0.00263645 0.000510691 9.17003e-05 1.4634e-05 1.96727e-06 2.22336e-07 2.06906e-08 1.57084e-09 9.8412e-11
 1.96463e-11 2.13335e-09 1.36579e-07 5.15518e-06 0.000114721 0.00150517 0.0116436 0.0531172 0.143049 0.228624 0.222549 0.14762 0.0894818 0.0579648 0.0305138 0.0107001 0.00253771 0.00047722 8.24105e-05 1.2606e-05 1.61825e-06 1.76499e-07 1.60924e-08 1.18064e-09 6.80779e-11
#obs catch len freq
 1.53786e-11 1.48576e-09 8.46296e-08 2.84207e-06 5.62716e-05 0.000656913 0.00452276 0.0183902 0.0444976 0.0666302 0.07306 0.0844481 0.109369 0.124541 0.123828 0.112843 0.09101 0.0651057 0.0420735 0.0236179 0.0106989 0.00363011 0.000865271 0.000137885 1.41781e-05
 1.58353e-11 1.47562e-09 8.10703e-08 2.62596e-06 5.01488e-05 0.000564695 0.00375087 0.0147304 0.0346253 0.0518107 0.0622453 0.0844874 0.117062 0.134035 0.133327 0.121497 0.0972797 0.0678721 0.0417426 0.0219721 0.00927941 0.00292057 0.000642424 9.41279e-05 8.88145e-06
 1.47245e-12 1.32115e-10 6.98887e-09 2.17987e-07 4.01016e-06 4.35855e-05 0.000282442 0.00114304 0.00348535 0.0112839 0.0370945 0.0895234 0.142918 0.163616 0.158014 0.138737 0.106977 0.072031 0.042495 0.02111 0.00828363 0.00240228 0.000485254 6.51845e-05 5.63275e-06
 1.8964e-11 1.63564e-09 8.31736e-08 2.49357e-06 4.40759e-05 0.000459344 0.00282306 0.0102428 0.022069 0.0291595 0.0278392 0.0321755 0.0606259 0.119628 0.179966 0.189771 0.146855 0.0926384 0.0507954 0.0235461 0.00858398 0.0022936 0.000424343 5.20753e-05 4.10858e-06
 5.58666e-11 4.62479e-09 2.2572e-07 6.49516e-06 0.000110196 0.00110252 0.00651182 0.0228311 0.0489061 0.0727886 0.104296 0.16251 0.199966 0.160342 0.0879725 0.0470909 0.0346676 0.0258946 0.0152213 0.0068115 0.00229937 0.00056331 9.52798e-05 1.06688e-05 7.67129e-07
 1.49772e-10 1.18827e-08 5.5583e-07 1.53288e-05 0.000249241 0.0023895 0.0135128 0.0451694 0.090247 0.11394 0.112693 0.123754 0.141786 0.134605 0.105118 0.0666907 0.0316852 0.0116987 0.00421054 0.00159096 0.000507274 0.000116341 1.80819e-05 1.84598e-06 1.20789e-07
 2.84376e-10 2.1594e-08 9.66747e-07 2.55171e-05 0.000397094 0.00364351 0.0197164 0.0630123 0.119829 0.140877 0.120638 0.108534 0.112695 0.107845 0.0899908 0.062411 0.0328083 0.0126829 0.0037394 0.000911735 0.000198425 3.69029e-05 5.11968e-06 4.78102e-07 2.86134e-08
 3.42913e-10 2.48897e-08 1.06511e-06 2.68725e-05 0.000399733 0.00350609 0.0181422 0.0555336 0.102007 0.120543 0.117263 0.128876 0.139793 0.122493 0.0899788 0.0568301 0.0288596 0.0113445 0.00344536 0.000797565 0.000139059 1.84669e-05 1.87883e-06 1.40939e-07 7.28377e-09
 5.32119e-10 3.68735e-08 1.50646e-06 3.62863e-05 0.000515317 0.00431515 0.0213169 0.0622891 0.109163 0.122773 0.113102 0.119142 0.129487 0.12029 0.0948622 0.0603067 0.02864 0.0101821 0.0028375 0.00062372 0.000103401 1.23187e-05 1.02664e-06 5.92471e-08 2.34943e-09
 9.40638e-10 6.21592e-08 2.42174e-06 5.56275e-05 0.000753353 0.00601577 0.0283376 0.0789285 0.131595 0.13951 0.117962 0.112888 0.1153 0.103387 0.0798064 0.0501919 0.02388 0.00851256 0.0023142 0.000477813 7.30888e-05 8.02811e-06 6.12435e-07 3.14722e-08 1.06531e-09
 1.41086e-09 8.88146e-08 3.29628e-06 7.21282e-05 0.000930541 0.00707886 0.031772 0.0843934 0.134784 0.139626 0.121584 0.121367 0.121258 0.101803 0.0717457 0.0402986 0.0166989 0.00510676 0.00121313 0.000227721 3.24053e-05 3.30705e-06 2.32236e-07 1.09075e-08 3.35285e-10
 1.98065e-09 1.18658e-07 4.19106e-06 8.72758e-05 0.00107156 0.00775811 0.0331469 0.0839078 0.128431 0.13064 0.118271 0.12416 0.126007 0.107337 0.0760129 0.0414786 0.0161289 0.00446519 0.000923557 0.000147642 1.80442e-05 1.62272e-06 1.02784e-07 4.40733e-09 1.24004e-10
 3.39635e-09 1.93459e-07 6.49688e-06 0.000128636 0.00150165 0.0103369 0.0419871 0.100998 0.146537 0.139791 0.116092 0.113173 0.11196 0.0959224 0.067852 0.0360329 0.0133957 0.00350492 0.00067316 9.71329e-05 1.03967e-05 8.03553e-07 4.36782e-08 1.62644e-09 4.04028e-11
 4.53309e-09 2.45294e-07 7.82565e-06 0.000147196 0.00163242 0.0106765 0.0412272 0.0945562 0.132714 0.129786 0.122721 0.131117 0.125657 0.098865 0.0641718 0.0319146 0.0113285 0.002865 0.000531854 7.30778e-05 7.27411e-06 5.09886e-07 2.45866e-08 7.99515e-10 1.72185e-11
 5.58278e-09 2.86763e-07 8.6843e-06 0.000155057 0.00163239 0.0101361 0.0371865 0.0813175 0.110668 0.111519 0.117845 0.136973 0.139553 0.117969 0.0795091 0.0388092 0.0130389 0.00307353 0.000531341 6.84711e-05 6.4238e-06 4.22993e-07 1.89547e-08 5.64594e-10 1.09772e-11
 8.16858e-09 3.98012e-07 1.14337e-05 0.000193651 0.0019339 0.0113918 0.0396592 0.0824168 0.10731 0.105836 0.112659 0.132787 0.139875 0.123255 0.0843474 0.040877 0.0136233 0.00320237 0.000547189 6.79882e-05 6.00643e-06 3.68051e-07 1.53045e-08 4.22883e-10 7.61193e-12
 1.64847e-08 7.61452e-07 2.07369e-05 0.000332957 0.00315213 0.0176002 0.058048 0.113961 0.138309 0.121485 0.110319 0.117128 0.117228 0.0988561 0.0638159 0.0287219 0.00879002 0.00189307 0.000300004 3.52558e-05 2.97999e-06 1.74294e-07 6.84383e-09 1.76531e-10 2.94291e-12
 1.96753e-08 8.61136e-07 2.2221e-05 0.000338069 0.00303288 0.0160544 0.0503086 0.0948637 0.11606 0.118087 0.133681 0.147667 0.13292 0.0976251 0.0566988 0.0238949 0.00702839 0.0014683 0.000223408 2.47019e-05 1.9386e-06 1.05187e-07 3.85281e-09 9.31335e-11 1.4558e-12
 3.27074e-08 1.35581e-06 3.31355e-05 0.000477461 0.00405674 0.0203348 0.0602953 0.107173 0.121591 0.110491 0.11387 0.128262 0.129067 0.105773 0.0636365 0.0260697 0.00723031 0.00141233 0.000201731 2.10721e-05 1.56258e-06 7.95682e-08 2.71067e-09 6.05585e-11 8.73047e-13
 4.7229e-08 1.85364e-06 4.28925e-05 0.000585187 0.00470797 0.0223538 0.0628941 0.106974 0.120275 0.117419 0.129704 0.139053 0.124684 0.0917031 0.0516865 0.0207308 0.00582808 0.0011693 0.000168488 1.71549e-05 1.20666e-06 5.75355e-08 1.82782e-09 3.80088e-11 5.08718e-13
 7.10411e-08 2.63927e-06 5.78094e-05 0.000746573 0.00568567 0.0255573 0.0681094 0.109978 0.118485 0.113334 0.124824 0.135627 0.125591 0.0938111 0.051741 0.0198817 0.00535674 0.00104517 0.00014898 1.51253e-05 1.05521e-06 4.91379e-08 1.49617e-09 2.93438e-11 3.66472e-13
 1.12433e-07 3.9533e-06 8.19537e-05 0.0010017 0.00722038 0.0307241 0.0775727 0.119109 0.123726 0.117005 0.126662 0.132131 0.116611 0.0829727 0.0437639 0.0162257 0.0042565 0.000810043 0.000112004 1.0981e-05 7.40297e-07 3.34063e-08 9.86279e-10 1.86917e-11 2.24005e-13
 1.76147e-07 5.86143e-06 0.000114994 0.00133018 0.00907439 0.0365515 0.0874367 0.127716 0.128093 0.119886 0.127672 0.12854 0.108562 0.0730691 0.0359927 0.0123552 0.00299451 0.000530017 6.89763e-05 6.42383e-06 4.12671e-07 1.77326e-08 4.97902e-10 8.97099e-12 1.02247e-13
 2.42364e-07 7.63233e-06 0.000141707 0.00155133 0.0100171 0.0382139 0.086829 0.122055 0.123315 0.123706 0.136457 0.134427 0.108886 0.0694371 0.0320507 0.010214 0.00227674 0.000367623 4.35386e-05 3.70597e-06 2.1934e-07 8.75382e-09 2.29651e-10 3.87891e-12 4.14988e-14
 3.62019e-07 1.07896e-05 0.000189594 0.00196438 0.0120053 0.0433578 0.0933656 0.124953 0.122039 0.12093 0.132549 0.13115 0.107242 0.0678405 0.0305398 0.00945766 0.00204864 0.000318327 3.55285e-05 2.79045e-06 1.50461e-07 5.45001e-09 1.30038e-10 2.00706e-12 1.97229e-14
 5.03908e-07 1.4215e-05 0.000236425 0.00231866 0.0134154 0.0459071 0.0940321 0.121723 0.120864 0.126688 0.139789 0.133362 0.103716 0.0620135 0.0263424 0.00772126 0.00159233 0.000236724 2.52793e-05 1.88803e-06 9.57588e-08 3.2217e-09 7.06071e-11 9.93398e-13 8.86544e-15
 7.04432e-07 1.88109e-05 0.000296163 0.00274957 0.0150622 0.0488357 0.0950894 0.118616 0.117822 0.126892 0.141342 0.135323 0.104625 0.0606426 0.0244525 0.00673288 0.00129917 0.00018065 1.80761e-05 1.26792e-06 6.04617e-08 1.91042e-09 3.91891e-11 5.13448e-13 4.24189e-15
 1.06318e-06 2.68785e-05 0.000400644 0.00352154 0.0182659 0.0561009 0.103683 0.123726 0.119862 0.127235 0.138557 0.129539 0.0972768 0.0541961 0.0209151 0.00552159 0.00102197 0.000135376 1.27544e-05 8.3421e-07 3.69164e-08 1.08149e-09 2.05848e-11 2.5047e-13 1.92225e-15
 1.46272e-06 3.50143e-05 0.000494186 0.00411327 0.0202095 0.0588821 0.103914 0.121444 0.12166 0.134103 0.143089 0.127547 0.0912305 0.048905 0.0184719 0.00486232 0.000905205 0.000119538 1.10016e-05 6.88758e-07 2.87293e-08 7.85002e-10 1.38428e-11 1.55467e-13 1.09952e-15
#spawning biomass
 8459.6 8745.18 7218.43 7314.77 10312.5 16000 21302.1 29973.9 41357 50978.6 67415.8 82517.7 93706.5 123642 134145 116668 100139 99324.7 109630 100305 89841.9 91310.9 95878 104519 113682 99759.3 100537 102609 123202 166243 318143 350808 337837 301001 256958 215286 180156 152516 131734 116593 105808 98253.1 93025.3 89419.1 86916 85255 84152.7 83421.2 82935.8 82613.7 82399.9 82258.1 82163.9 82101.5 82060 82032.5 82014.3 82002.1 81994.1 81988.8 81985.2 81982.9 81981.3 81980.3 81979.6 81979.1 81978.8 81978.6 81978.5 81978.4 81978.4 81978.3 81978.3 81978.3 81978.3 81978.3 81978.3 81978.2 81978.2 81978.2 81978.2 81978.2 81978.2 81978.2 81978.2 81978.2 81978.2 81978.2 81978.2 81978.2 81978.2 81978.2 81978.2 81978.2 81978.2 81978.2 81978.2 81978.2 81978.2 81978.2 81978.2 81978.2 81978.2 81978.2 81978.2 81978.2 81978.2 81978.2 81978.2 81978.2 81978.2 81978.2 81978.2 81978.2 81978.2 81978.2 81978.2 81978.2 81978.2 81978.2 81978.2 81978.2 81978.2 81978.2 81978.2 81978.2 81978.2 81978.2 81978.2 0 0 0 0 0 0 0 0 0 0 0 0 0 0 0 0 0 0 0 0 0 0 0 0 0
