SBPRF35
0.819782
Curr Bio
114977
B35
666771
F35
0.232512
FOFL
0
OFL
0
Bzero
234224
#pred survey bio
 8700.58 8467.46 6519.26 6859.52 9843.28 15778.8 20703.3 29746.8 41020.8 53715.3 74155.8 90047.1 107144 139341 146627 130202 117082 116154 126939 119386 108915 112106 120593 132360 145719 130657 131812 136248 138967 2.96066e+06 4.68819e+06 5.30221e+06 5.21011e+06 4.76087e+06 4.19963e+06 3.66383e+06 3.21183e+06 2.8564e+06 2.58882e+06 2.39288e+06 2.25186e+06 2.15136e+06 2.08005e+06 2.02906e+06 1.99127e+06 1.96476e+06 1.94592e+06 1.93235e+06 1.92244e+06 1.9151e+06 1.9096e+06 1.90541e+06 1.9022e+06 1.89971e+06 1.89775e+06 1.89621e+06 1.89498e+06 1.89401e+06 1.89322e+06 1.89258e+06 1.89207e+06 1.89166e+06 1.89132e+06 1.89104e+06 1.89082e+06 1.89064e+06 1.89049e+06 1.89037e+06 1.89027e+06 1.89019e+06 1.89012e+06 1.89007e+06 1.89002e+06 1.88999e+06 1.88996e+06 1.88993e+06 1.88991e+06 1.8899e+06 1.88988e+06 1.88987e+06 1.88986e+06 1.88986e+06 1.88985e+06 1.88985e+06 1.88984e+06 1.88984e+06 1.88984e+06 1.88983e+06 1.88983e+06 1.88983e+06 1.88983e+06 1.88983e+06 1.88983e+06 1.88983e+06 1.88983e+06 1.88982e+06 1.88982e+06 1.88982e+06 1.88982e+06 1.88982e+06 1.88982e+06 1.88982e+06 1.88982e+06 1.88982e+06 1.88982e+06 1.88982e+06 1.88982e+06 1.88982e+06 1.88982e+06 1.88982e+06 1.88982e+06 1.88982e+06 1.88982e+06 1.88982e+06 1.88982e+06 1.88982e+06 1.88982e+06 1.88982e+06 1.88982e+06 1.88982e+06 1.88982e+06 1.88982e+06 1.88982e+06 1.88982e+06 1.88982e+06 1.88982e+06 1.88982e+06 1.88982e+06 1.88982e+06 0 0 0 0 0 0 0 0 0 0 0 0 0 0 0 0 0 0 0 0 0 0 0 0 0
#obs survey bio
 7976.64 7356.37 7261.68 6820.78 14705.5 18938.5 20662 34970.2 63975.8 63354 67697.4 79096.3 74436 129546 168613 108257 83123.2 134293 99740 135843 115156 105236 116007 113448 146118 114393 99333.9 111093 98188.9
#pred catch bio
 3110.1 4092.69 3058.12 2692.51 4140.96 10620.6 13354.4 18871.7 28695.9 35649.8 52181.2 66643.9 73695 99381.6 112516 101795 90317.4 85038.2 99829.2 94506.3 84839.8 87876.1 94496.3 105357 121958 106330 108136 110999 121736 0 40647.2 46095.2 44790.4 40306.2 34908.6 29854.5 25661 22421.7 20033.6 18329 17140.2 16325 15773.2 15401.5 15148.2 14983.8 14877.2 14807.9 14763 14733.9 14715 14702.7 14694.8 14689.6 14686.2 14684.1 14682.6 14681.7 14681.1 14680.8 14680.5 14680.3 14680.2 14680.2 14680.1 14680.1 14680.1 14680.1 14680.1 14680 14680 14680 14680 14680 14680 14680 14680 14680 14680 14680 14680 14680 14680 14680 14680 14680 14680 14680 14680 14680 14680 14680 14680 14680 14680 14680 14680 14680 14680 14680 14680 14680 14680 14680 14680 14680 14680 14680 14680 14680 14680 14680 14680 14680 14680 14680 14680 14680 14680 14680 14680 14680 14680 14680 14680 14680 14680 14680 14680 0 0 0 0 0 0 0 0 0 0 0 0 0 0 0 0 0 0 0 0 0 0 0 0 0
#obs catch bio
 3909.76 4008.47 3482.29 2448.01 3424.36 8107.85 10821.3 14371.2 22366.9 30517.2 42901 63149.5 67899.9 86036.4 96713.8 100091 81155.6 72402.1 91994 86689.8 69572.2 75353.5 80604.8 92532.7 113654 92988.7 96168.9 96418.8 107229
#pred cpue bio
 7227.67 7736.6 5488.55 4700.49 6682.17 9496.58 10646.8 15437.9 22710.1 26066.6 38267.4 46673.1 50347.9 71341.6 84693.2 72574.7 61136.1 57898.7 66652.9 58957.8 54502.9 52581.2 53477.6 57898.8 60505.4 54928.1 55222.1 54167 57655.1 1.01365e+06 4.52383e+06 5.17818e+06 5.08555e+06 4.63629e+06 4.07505e+06 3.53925e+06 3.08724e+06 2.73182e+06 2.46424e+06 2.2683e+06 2.12728e+06 2.02678e+06 1.95547e+06 1.90447e+06 1.86668e+06 1.84017e+06 1.82134e+06 1.80777e+06 1.79786e+06 1.79052e+06 1.78501e+06 1.78083e+06 1.77762e+06 1.77512e+06 1.77317e+06 1.77163e+06 1.7704e+06 1.76942e+06 1.76864e+06 1.768e+06 1.76749e+06 1.76707e+06 1.76674e+06 1.76646e+06 1.76624e+06 1.76606e+06 1.76591e+06 1.76579e+06 1.76569e+06 1.7656e+06 1.76554e+06 1.76548e+06 1.76544e+06 1.7654e+06 1.76537e+06 1.76535e+06 1.76533e+06 1.76531e+06 1.7653e+06 1.76529e+06 1.76528e+06 1.76527e+06 1.76527e+06 1.76526e+06 1.76526e+06 1.76525e+06 1.76525e+06 1.76525e+06 1.76525e+06 1.76525e+06 1.76525e+06 1.76524e+06 1.76524e+06 1.76524e+06 1.76524e+06 1.76524e+06 1.76524e+06 1.76524e+06 1.76524e+06 1.76524e+06 1.76524e+06 1.76524e+06 1.76524e+06 1.76524e+06 1.76524e+06 1.76524e+06 1.76524e+06 1.76524e+06 1.76524e+06 1.76524e+06 1.76524e+06 1.76524e+06 1.76524e+06 1.76524e+06 1.76524e+06 1.76524e+06 1.76524e+06 1.76524e+06 1.76524e+06 1.76524e+06 1.76524e+06 1.76524e+06 1.76524e+06 1.76524e+06 1.76524e+06 1.76524e+06 1.76524e+06 1.76524e+06 1.76524e+06 0 0 0 0 0 0 0 0 0 0 0 0 0 0 0 0 0 0 0 0 0 0 0 0 0
#obs cpue bio
 5800.74 7738.13 5232.78 7167.16 9249.71 18392 17416.7 36296 53926 33864.9 85827.2 74795.4 80432.6 141193 153080 102107 119915 95241.1 124041 77474.1 113411 102463 103519 108776 87063.5 101076 116089 116028 138896
#pred surv len freq
 9.62945e-12 1.04564e-09 6.6943e-08 2.52677e-06 5.62299e-05 0.000737779 0.00570839 0.0260678 0.0705658 0.115719 0.126612 0.122249 0.129975 0.12453 0.0959354 0.0670909 0.0448768 0.0276116 0.016245 0.00965806 0.00602367 0.00409854 0.00300255 0.00208521 0.00115032
 5.73703e-12 6.22973e-10 3.98834e-08 1.5054e-06 3.3501e-05 0.000439579 0.00340193 0.0155535 0.0423548 0.0714811 0.0875975 0.107562 0.138023 0.144094 0.12071 0.0939849 0.0691953 0.0457636 0.0273807 0.0150512 0.00793441 0.00434612 0.00261645 0.00161824 0.000856322
 1.01365e-11 1.1007e-09 7.04678e-08 2.65981e-06 5.91903e-05 0.000776607 0.00600823 0.0274233 0.0740479 0.119922 0.124272 0.103486 0.0959096 0.0944349 0.0878838 0.0796154 0.0664691 0.0493173 0.0327608 0.019183 0.00988151 0.00467637 0.00222496 0.00111766 0.000527749
 1.47899e-11 1.60601e-09 1.02818e-07 3.88087e-06 8.63632e-05 0.00113312 0.00876594 0.04 0.107866 0.173551 0.174438 0.130775 0.101307 0.0817496 0.0560823 0.0362313 0.0269691 0.021921 0.0167527 0.0111296 0.00627596 0.00300011 0.00126191 0.000505026 0.000195185
 1.3851e-11 1.50405e-09 9.62906e-08 3.63449e-06 8.08805e-05 0.00106119 0.00820994 0.0374725 0.101182 0.163856 0.169678 0.140237 0.124291 0.105017 0.0676624 0.0354043 0.0183619 0.0104095 0.00674788 0.00470679 0.00300646 0.00159546 0.000688557 0.000248681 7.8839e-05
 1.56482e-11 1.69921e-09 1.08785e-07 4.10608e-06 9.1375e-05 0.00119888 0.00927471 0.0423228 0.114147 0.183793 0.185374 0.140623 0.110759 0.0892305 0.058529 0.0322745 0.0168111 0.00809765 0.00368168 0.00181085 0.00101496 0.000565782 0.000266843 9.92555e-05 2.90935e-05
 1.67264e-11 1.81629e-09 1.16281e-07 4.38902e-06 9.76712e-05 0.00128149 0.0099138 0.0452395 0.122018 0.196502 0.198334 0.150609 0.117498 0.0895867 0.0488086 0.0164076 0.00328253 0.000388106 2.71777e-05 1.17282e-06 5.13299e-08 1.07406e-08 4.57729e-09 1.7675e-09 5.29113e-10
 1.66242e-11 1.80519e-09 1.1557e-07 4.36218e-06 9.70741e-05 0.00127365 0.00985322 0.0449636 0.121281 0.195375 0.197481 0.1507 0.118457 0.0906803 0.0494564 0.0166285 0.00332638 0.000393011 2.73867e-05 1.12528e-06 2.7264e-08 3.89666e-10 3.29061e-12 1.67771e-14 1.34257e-16
 1.58493e-11 1.72105e-09 1.10183e-07 4.15886e-06 9.25496e-05 0.00121429 0.00939419 0.042873 0.115699 0.186843 0.191014 0.151381 0.125722 0.0989622 0.054366 0.0183069 0.00366325 0.000432845 3.0165e-05 1.23976e-06 3.0066e-08 4.31161e-10 3.68404e-12 1.92478e-14 6.64538e-17
 1.73366e-11 1.88254e-09 1.20522e-07 4.54911e-06 0.000101234 0.00132822 0.0102752 0.0468856 0.126413 0.20322 0.203426 0.150074 0.111778 0.0830661 0.0449427 0.0150854 0.0030167 0.000356397 2.48346e-05 1.02036e-06 2.4717e-08 3.5301e-10 2.97265e-12 1.47618e-14 4.3255e-17
 1.66878e-11 1.8121e-09 1.16012e-07 4.37888e-06 9.74457e-05 0.00127853 0.00989092 0.0451353 0.12174 0.196076 0.198012 0.150644 0.11786 0.0900001 0.0490532 0.0164906 0.00329871 0.000389738 2.71581e-05 1.11583e-06 2.70295e-08 3.86029e-10 3.25047e-12 1.61373e-14 4.72417e-17
 1.66385e-11 1.80674e-09 1.15669e-07 4.36593e-06 9.71576e-05 0.00127475 0.00986169 0.0450022 0.121384 0.195533 0.1976 0.150687 0.118323 0.0905275 0.0493658 0.0165975 0.00332016 0.000392274 2.73349e-05 1.12309e-06 2.72053e-08 3.88539e-10 3.27155e-12 1.6241e-14 4.75353e-17
 1.76487e-11 1.91643e-09 1.22692e-07 4.631e-06 0.000103056 0.00135213 0.0104601 0.0477277 0.128662 0.206657 0.206031 0.149799 0.108852 0.0797301 0.0429651 0.0144094 0.00288102 0.000340356 2.37166e-05 9.74423e-07 2.36041e-08 3.37107e-10 2.83849e-12 1.40911e-14 4.12421e-17
 1.6775e-11 1.82157e-09 1.16618e-07 4.40176e-06 9.79549e-05 0.00128521 0.00994258 0.0453706 0.122368 0.197037 0.19874 0.150567 0.117043 0.089068 0.0485006 0.0163017 0.0032608 0.000385256 2.68458e-05 1.10299e-06 2.67185e-08 3.81586e-10 3.21301e-12 1.59503e-14 4.66839e-17
 1.52857e-11 1.65984e-09 1.06265e-07 4.01097e-06 8.92584e-05 0.00117111 0.00906028 0.0413523 0.111639 0.180636 0.18631 0.151877 0.131006 0.104987 0.0579372 0.0195277 0.00390823 0.000461798 3.21802e-05 1.32217e-06 3.20278e-08 4.57412e-10 3.85147e-12 1.91198e-14 5.59605e-17
 1.57622e-11 1.71158e-09 1.09577e-07 4.13599e-06 9.20406e-05 0.00120762 0.00934255 0.0426379 0.115071 0.185883 0.190287 0.151458 0.126539 0.0998938 0.0549182 0.0184956 0.0037011 0.000437311 3.04736e-05 1.25205e-06 3.03292e-08 4.33153e-10 3.64721e-12 1.81058e-14 5.29925e-17
 1.65547e-11 1.79764e-09 1.15087e-07 4.34395e-06 9.66684e-05 0.00126833 0.00981206 0.0447762 0.120781 0.19461 0.196901 0.150761 0.119109 0.0914229 0.0498966 0.0167789 0.00335658 0.000396579 2.76349e-05 1.13541e-06 2.7504e-08 3.92804e-10 3.30746e-12 1.64192e-14 4.80561e-17
 1.70623e-11 1.85277e-09 1.18616e-07 4.47715e-06 9.96325e-05 0.00130722 0.0101128 0.0461458 0.124438 0.200201 0.201138 0.150315 0.114349 0.0859971 0.0466802 0.0156794 0.00313591 0.00037049 2.58167e-05 1.06071e-06 2.56943e-08 3.66959e-10 3.08984e-12 1.53389e-14 4.48942e-17
 1.6491e-11 1.79072e-09 1.14644e-07 4.32723e-06 9.62963e-05 0.00126345 0.00977431 0.0446043 0.120322 0.193909 0.196369 0.150817 0.119706 0.092104 0.0503004 0.016917 0.00338428 0.000399854 2.78632e-05 1.14479e-06 2.77311e-08 3.96048e-10 3.33478e-12 1.65548e-14 4.8453e-17
 1.71591e-11 1.86327e-09 1.19288e-07 4.50254e-06 0.000100198 0.00131463 0.0101701 0.0464069 0.125135 0.201266 0.201945 0.15023 0.113442 0.0849629 0.0460671 0.0154698 0.00309384 0.000365517 2.54701e-05 1.04647e-06 2.53494e-08 3.62032e-10 3.04836e-12 1.5133e-14 4.42915e-17
 1.70213e-11 1.84831e-09 1.1833e-07 4.46638e-06 9.93929e-05 0.00130407 0.0100885 0.046035 0.124142 0.199749 0.200795 0.150351 0.114734 0.0864359 0.0469403 0.0157683 0.00315375 0.0003726 2.59638e-05 1.06675e-06 2.58407e-08 3.69049e-10 3.10744e-12 1.54263e-14 4.51499e-17
 1.76662e-11 1.91834e-09 1.22814e-07 4.63562e-06 0.000103159 0.00135348 0.0104706 0.0477752 0.128788 0.206851 0.206178 0.149784 0.108687 0.0795422 0.0428537 0.0143713 0.00287338 0.000339453 2.36537e-05 9.71836e-07 2.35414e-08 3.36212e-10 2.83095e-12 1.40537e-14 4.11326e-17
 1.81686e-11 1.9729e-09 1.26307e-07 4.76744e-06 0.000106093 0.00139197 0.0107682 0.0491307 0.132408 0.212384 0.210371 0.149342 0.103977 0.0741724 0.0396705 0.0132831 0.00265498 0.000313633 2.18542e-05 8.97902e-07 2.17505e-08 3.10634e-10 2.61558e-12 1.29845e-14 3.80034e-17
 1.8284e-11 1.98542e-09 1.27109e-07 4.79772e-06 0.000106766 0.00140081 0.0108365 0.0494419 0.133239 0.213654 0.211334 0.14924 0.102895 0.0729393 0.0389395 0.0130332 0.00260483 0.000307704 2.1441e-05 8.80924e-07 2.13392e-08 3.0476e-10 2.56612e-12 1.2739e-14 3.72848e-17
 1.87005e-11 2.03065e-09 1.30004e-07 4.907e-06 0.000109198 0.00143271 0.0110833 0.0505656 0.136239 0.21824 0.214809 0.148874 0.0989906 0.0684879 0.0363007 0.0121311 0.00242378 0.000286299 1.99493e-05 8.19634e-07 1.98545e-08 2.83557e-10 2.38759e-12 1.18527e-14 3.46907e-17
 1.86046e-11 2.02024e-09 1.29338e-07 4.88185e-06 0.000108638 0.00142537 0.0110265 0.050307 0.135549 0.217185 0.214009 0.148958 0.0998892 0.0695123 0.036908 0.0123387 0.00246544 0.000291225 2.02926e-05 8.33739e-07 2.01962e-08 2.88436e-10 2.42867e-12 1.20567e-14 3.52877e-17
 1.86316e-11 2.02317e-09 1.29525e-07 4.88893e-06 0.000108796 0.00142743 0.0110425 0.0503798 0.135743 0.217482 0.214235 0.148935 0.0996363 0.069224 0.0367371 0.0122803 0.00245372 0.000289839 2.0196e-05 8.29769e-07 2.01e-08 2.87063e-10 2.41711e-12 1.19992e-14 3.51196e-17
 1.90217e-11 2.06553e-09 1.32237e-07 4.99129e-06 0.000111074 0.00145732 0.0112736 0.0514323 0.138553 0.221778 0.21749 0.148592 0.095979 0.0650546 0.0342654 0.0114353 0.00228414 0.000269791 1.87988e-05 7.72363e-07 1.87094e-08 2.67203e-10 2.24988e-12 1.11691e-14 3.26899e-17
 1.87067e-11 2.03132e-09 1.30047e-07 4.90862e-06 0.000109234 0.00143318 0.0110869 0.0505823 0.136284 0.218309 0.214861 0.148869 0.0989326 0.0684217 0.0362615 0.0121177 0.00242109 0.000285981 1.99271e-05 8.18723e-07 1.98325e-08 2.83242e-10 2.38493e-12 1.18395e-14 3.46521e-17
#obs surv len freq
 2.32694e-11 2.24812e-09 1.28054e-07 4.30035e-06 8.51444e-05 0.000993943 0.00684201 0.0277951 0.0669247 0.0977102 0.0963911 0.0889681 0.0986219 0.107857 0.107077 0.0984088 0.0798089 0.0563992 0.0352475 0.0190211 0.00833549 0.00275506 0.000642702 0.000100601 1.01935e-05
 5.01102e-12 4.66954e-10 2.56544e-08 8.30985e-07 1.58706e-05 0.000178768 0.00118955 0.00471647 0.011646 0.021485 0.0420114 0.0856428 0.13483 0.156166 0.152058 0.134902 0.105433 0.0719714 0.0432388 0.0220791 0.00900753 0.00274643 0.000588801 8.45414e-05 7.84794e-06
 8.92715e-11 8.0098e-09 4.2371e-07 1.32146e-05 0.000242985 0.00263416 0.0168365 0.0634493 0.141028 0.1852 0.145239 0.0734337 0.03911 0.048074 0.070759 0.0767166 0.060791 0.0389954 0.0217832 0.0103902 0.00394463 0.00110965 0.000218064 2.8616e-05 2.42597e-06
 1.12482e-10 9.70157e-09 4.93332e-07 1.47903e-05 0.000261429 0.0027245 0.0167436 0.0607342 0.130661 0.170999 0.152881 0.128247 0.119215 0.0916145 0.0506036 0.0265262 0.0192045 0.0146485 0.00889148 0.00412391 0.00145326 0.000375199 6.74511e-05 8.07949e-06 6.24376e-07
 1.28843e-10 1.0666e-08 5.2057e-07 1.49794e-05 0.000254129 0.002542 0.0149954 0.052233 0.108148 0.137746 0.125448 0.116641 0.123851 0.117418 0.0930843 0.0605762 0.0296793 0.0111544 0.00401269 0.00154163 0.000512924 0.000124309 2.05632e-05 2.2468e-06 1.58031e-07
 2.16815e-10 1.72019e-08 8.04642e-07 2.21905e-05 0.000360806 0.00345889 0.019554 0.0652513 0.129195 0.155918 0.12981 0.105112 0.102466 0.0977342 0.0826246 0.058744 0.0319011 0.0127462 0.00386966 0.000966043 0.000215841 4.19014e-05 6.16639e-06 6.16292e-07 3.96609e-08
 2.8418e-10 2.15791e-08 9.66081e-07 2.54995e-05 0.000396822 0.00364106 0.0197044 0.0629965 0.120023 0.14241 0.126124 0.119152 0.122622 0.108056 0.0804531 0.0518693 0.0270924 0.0109813 0.00344843 0.000829053 0.000150597 2.08991e-05 2.23738e-06 1.78387e-07 9.88241e-09
 4.03401e-10 2.92801e-08 1.25299e-06 3.16126e-05 0.000470238 0.0041243 0.0213356 0.0652197 0.118951 0.135889 0.118262 0.112912 0.119214 0.111745 0.0897535 0.0587464 0.0288691 0.0105967 0.00304607 0.000694503 0.0001204 1.50983e-05 1.33093e-06 8.16121e-08 3.45643e-09
 6.52372e-10 4.52065e-08 1.84691e-06 4.44865e-05 0.000631767 0.00529005 0.0261269 0.076252 0.132796 0.144923 0.120599 0.110209 0.111779 0.101569 0.0798887 0.0517166 0.0254623 0.00939328 0.0026462 0.000568685 9.10675e-05 1.05359e-05 8.51544e-07 4.65929e-08 1.68603e-09
 9.56175e-10 6.3186e-08 2.46174e-06 5.65464e-05 0.000765799 0.00611521 0.0288071 0.0802543 0.133958 0.142771 0.122691 0.119155 0.119957 0.102622 0.0739242 0.0428769 0.0184443 0.00584066 0.00143357 0.00027934 4.16136e-05 4.47903e-06 3.33625e-07 1.66957e-08 5.4888e-10
 1.31291e-09 8.26487e-08 3.06744e-06 6.71207e-05 0.000865941 0.00658754 0.0295692 0.0785756 0.125766 0.131601 0.118142 0.122622 0.126388 0.109879 0.0798157 0.0451801 0.0183158 0.00527505 0.00113173 0.000187969 2.40079e-05 2.27241e-06 1.52509e-07 6.96711e-09 2.09717e-10
 2.21407e-09 1.32642e-07 4.685e-06 9.75614e-05 0.00119783 0.0086719 0.0370415 0.09364 0.142348 0.14043 0.116854 0.113276 0.113762 0.0994783 0.0724064 0.0400171 0.0155435 0.00423986 0.000847242 0.000127468 1.42966e-05 1.16401e-06 6.69945e-08 2.65447e-09 7.04721e-11
 2.92118e-09 1.66393e-07 5.58794e-06 0.000110639 0.00129159 0.00889169 0.0361343 0.0871349 0.128002 0.128786 0.121906 0.131505 0.129234 0.104072 0.0694429 0.0358894 0.0132995 0.00350713 0.000678473 9.74674e-05 1.0196e-05 7.54752e-07 3.85989e-08 1.33646e-09 3.07559e-11
 3.52446e-09 1.90716e-07 6.08442e-06 0.000114445 0.00126924 0.00830205 0.0320764 0.0737818 0.10504 0.108705 0.115673 0.136995 0.143159 0.124049 0.086527 0.0441502 0.0155365 0.00382409 0.000689046 9.28279e-05 9.15779e-06 6.37653e-07 3.0353e-08 9.64015e-10 2.00473e-11
 4.99708e-09 2.56678e-07 7.77323e-06 0.00013879 0.00146114 0.00907302 0.0332907 0.0728483 0.0994768 0.101595 0.110594 0.133865 0.144676 0.131034 0.0932106 0.0473181 0.0165221 0.00405901 0.000724921 9.44886e-05 8.79846e-06 5.70731e-07 2.52245e-08 7.43559e-10 1.43244e-11
 1.01837e-08 4.96196e-07 1.42542e-05 0.000241421 0.00241087 0.0141991 0.0493901 0.102194 0.130322 0.119009 0.110696 0.120428 0.12359 0.107316 0.0721959 0.0341114 0.0109536 0.00246557 0.00040785 5.02244e-05 4.47593e-06 2.77528e-07 1.16014e-08 3.1965e-10 5.70777e-12
 1.20636e-08 5.57234e-07 1.51754e-05 0.000243665 0.002307 0.0128873 0.0426037 0.0846261 0.108417 0.113902 0.132594 0.151729 0.140865 0.106408 0.0641378 0.0282938 0.00872194 0.001906 0.000303492 3.52504e-05 2.92008e-06 1.67991e-07 6.55078e-09 1.69201e-10 2.83466e-12
 1.98222e-08 8.67564e-07 2.23868e-05 0.000340589 0.00305535 0.0161695 0.0506097 0.0948787 0.113144 0.107036 0.113858 0.132156 0.136705 0.116008 0.0731127 0.0315254 0.00918546 0.00187804 0.000280686 3.0806e-05 2.41368e-06 1.30494e-07 4.73837e-09 1.13194e-10 1.74966e-12
 2.8729e-08 1.1909e-06 2.91052e-05 0.000419393 0.00356362 0.0178695 0.0530817 0.0951959 0.112295 0.113843 0.130239 0.144672 0.133572 0.10138 0.0595808 0.0250572 0.0073849 0.00155262 0.000235033 2.52464e-05 1.88095e-06 9.53324e-08 3.23013e-09 7.18658e-11 1.03192e-12
 4.26802e-08 1.67511e-06 3.87614e-05 0.000528828 0.00425461 0.0202027 0.0568627 0.0968922 0.109828 0.109871 0.126055 0.141861 0.135326 0.104798 0.0605206 0.0244214 0.00689444 0.00140769 0.000210641 2.25775e-05 1.67165e-06 8.29489e-08 2.69971e-09 5.67404e-11 7.60985e-13
 6.70018e-08 2.4892e-06 5.45226e-05 0.00070413 0.00536263 0.0241097 0.0643101 0.104298 0.114392 0.114156 0.129819 0.140715 0.128097 0.0945627 0.0522188 0.0203199 0.00558493 0.00111331 0.000161809 1.67616e-05 1.19975e-06 5.77182e-08 1.82303e-09 3.7066e-11 4.77609e-13
 1.04401e-07 3.67087e-06 7.6099e-05 0.000930151 0.00670497 0.0285381 0.0721416 0.111415 0.118451 0.118009 0.132898 0.139346 0.121625 0.0851279 0.0439819 0.0158634 0.00402903 0.000746467 0.00010204 1.00403e-05 6.85162e-07 3.14101e-08 9.44121e-10 1.82598e-11 2.23888e-13
 1.43323e-07 4.76918e-06 9.35661e-05 0.00108235 0.00738489 0.0297695 0.0714866 0.106297 0.114033 0.121987 0.14224 0.145897 0.122255 0.0812104 0.0393748 0.0132026 0.00308822 0.000522499 6.50143e-05 5.84475e-06 3.67288e-07 1.5634e-08 4.39073e-10 7.96278e-12 9.16816e-14
 2.10657e-07 6.63385e-06 0.000123169 0.00134841 0.00870753 0.0332323 0.0756643 0.107365 0.112247 0.120114 0.139917 0.144188 0.122217 0.0807845 0.0382571 0.0124698 0.00283709 0.000463026 5.44551e-05 4.52695e-06 2.59437e-07 1.00252e-08 2.56038e-10 4.24227e-12 4.48596e-14
 2.89553e-07 8.62982e-06 0.000151645 0.00157127 0.00960544 0.0347364 0.0752743 0.103611 0.111047 0.126681 0.14881 0.147991 0.119468 0.0747191 0.0334005 0.0103026 0.00223114 0.000348456 3.92446e-05 3.10678e-06 1.67748e-07 6.02948e-09 1.41589e-10 2.13972e-12 2.05534e-14
 3.99698e-07 1.12753e-05 0.000187534 0.00183928 0.0106447 0.0364752 0.0751909 0.100065 0.108187 0.127544 0.151168 0.150836 0.121384 0.0738298 0.0313869 0.00910343 0.00184566 0.0002697 2.84674e-05 2.11705e-06 1.07518e-07 3.63172e-09 7.9882e-11 1.12498e-12 1.00099e-14
 6.13299e-07 1.63773e-05 0.000257851 0.00239399 0.0131172 0.0425729 0.0832944 0.106039 0.111696 0.129278 0.14931 0.145377 0.113758 0.0665726 0.0270908 0.00753359 0.00146609 0.000204397 2.03457e-05 1.4123e-06 6.6598e-08 2.08621e-09 4.2586e-11 5.57111e-13 4.60615e-15
 8.19646e-07 2.07217e-05 0.000308881 0.00271531 0.0140924 0.0434054 0.081273 0.102241 0.113448 0.137949 0.156613 0.145626 0.108617 0.0611237 0.0243096 0.00673356 0.00131904 0.000183778 1.79198e-05 1.1933e-06 5.31218e-08 1.55368e-09 2.94027e-11 3.55172e-13 2.70678e-15
 1.10393e-06 2.64259e-05 0.000372982 0.00310489 0.0152654 0.044618 0.0798826 0.0987371 0.112788 0.140952 0.160638 0.149226 0.108927 0.0579233 0.021156 0.00530352 0.000944376 0.000122296 1.13651e-05 7.31094e-07 3.14377e-08 8.80896e-10 1.58013e-11 1.79158e-13 1.27173e-15
#pred catch len freq
 4.80719e-13 5.22005e-11 3.34196e-09 1.2615e-07 2.80819e-06 3.69047e-05 0.000287877 0.001369 0.00445204 0.0133062 0.0423504 0.108392 0.18153 0.196419 0.155272 0.109261 0.0732301 0.0450816 0.0265253 0.0157699 0.0098355 0.00669213 0.00490259 0.00340474 0.00187825
 2.49961e-13 2.71429e-11 1.73775e-09 6.55985e-08 1.46061e-06 1.92181e-05 0.000150819 0.00073818 0.00267676 0.00985184 0.0360812 0.0965304 0.164647 0.183805 0.156163 0.12205 0.0899727 0.0595242 0.0356149 0.0195773 0.0103203 0.00565301 0.00340322 0.00210485 0.00111382
 5.8706e-13 6.37477e-11 4.08122e-09 1.54051e-07 3.42878e-06 4.50273e-05 0.000349931 0.00163393 0.00491623 0.0120346 0.0316094 0.0758948 0.128741 0.1519 0.146572 0.133583 0.111645 0.0828508 0.0550367 0.0322262 0.0166002 0.00785596 0.00373776 0.00187758 0.00088658
 1.25979e-12 1.36798e-10 8.75798e-09 3.30578e-07 7.3574e-06 9.65903e-05 0.000749542 0.00347399 0.0101059 0.0222186 0.0504075 0.111732 0.178819 0.185374 0.134636 0.0879931 0.0656692 0.0534047 0.0408158 0.0271158 0.0152905 0.00730933 0.00307446 0.00123042 0.000475539
 1.13657e-12 1.23418e-10 7.90136e-09 2.98246e-07 6.63814e-06 8.71679e-05 0.000677228 0.00315749 0.00943738 0.0226359 0.0578394 0.135552 0.218699 0.222096 0.149004 0.0786463 0.0408951 0.0232035 0.0150437 0.0104933 0.00670257 0.0035569 0.00153506 0.000554407 0.000175763
 6.76593e-12 7.34699e-10 4.70362e-08 1.77539e-06 3.95093e-05 0.000518422 0.00401236 0.0183503 0.050053 0.0851243 0.107187 0.137237 0.176784 0.172002 0.117767 0.0653712 0.0340463 0.0163918 0.00745135 0.00366475 0.00205401 0.00114499 0.000540019 0.000200867 5.88776e-05
 9.46246e-12 1.02751e-09 6.57822e-08 2.48295e-06 5.52552e-05 0.000725012 0.00561048 0.0256409 0.0696878 0.116508 0.13771 0.156996 0.185601 0.167227 0.0948344 0.0321423 0.00644086 0.000761768 5.33463e-05 2.30168e-06 1.00566e-07 2.10018e-08 8.94905e-09 3.45563e-09 1.03446e-09
 8.78762e-12 9.54231e-10 6.10908e-08 2.30588e-06 5.13147e-05 0.000673315 0.0052107 0.0238201 0.0648263 0.109077 0.132078 0.157591 0.19193 0.174441 0.09911 0.0336028 0.00673305 0.000795765 5.54558e-05 2.27863e-06 5.52082e-08 7.89052e-10 6.66323e-12 3.39688e-14 2.71168e-16
 9.5062e-12 1.03226e-09 6.60862e-08 2.49443e-06 5.55106e-05 0.000728363 0.00563639 0.0257589 0.0700029 0.11699 0.138076 0.156959 0.185192 0.166761 0.094557 0.0320464 0.00642072 0.000758855 5.28873e-05 2.17365e-06 5.27139e-08 7.55931e-10 6.45867e-12 3.37379e-14 1.16417e-16
 1.15209e-11 1.25103e-09 8.00923e-08 3.02309e-06 6.72749e-05 0.000882704 0.00682995 0.0311947 0.084517 0.139177 0.15489 0.155187 0.166303 0.145226 0.0817915 0.0276824 0.00554484 0.000655286 4.56647e-05 1.87621e-06 4.54492e-08 6.49109e-10 5.46607e-12 2.71438e-14 7.95362e-17
 1.13673e-11 1.23435e-09 7.90245e-08 2.98278e-06 6.6378e-05 0.000870937 0.00673895 0.0307803 0.0834105 0.137485 0.153608 0.155322 0.167743 0.146868 0.0827647 0.0280151 0.00561162 0.00066318 4.62149e-05 1.89881e-06 4.59964e-08 6.56911e-10 5.53138e-12 2.74611e-14 8.03919e-17
 1.22839e-11 1.33388e-09 8.53966e-08 3.2233e-06 7.17302e-05 0.000941155 0.00728196 0.0332533 0.0900137 0.147579 0.161258 0.154516 0.15915 0.137071 0.076957 0.0260297 0.00521316 0.000616073 4.29318e-05 1.76392e-06 4.27288e-08 6.10241e-10 5.13832e-12 2.55082e-14 7.46592e-17
 1.28659e-11 1.39708e-09 8.94423e-08 3.376e-06 7.51284e-05 0.000985737 0.00762672 0.0348235 0.0942062 0.153988 0.166115 0.154005 0.153694 0.130851 0.0732697 0.0247691 0.00496017 0.000586164 4.08474e-05 1.67828e-06 4.06542e-08 5.80612e-10 4.88883e-12 2.42696e-14 7.10328e-17
 1.18167e-11 1.28316e-09 8.21488e-08 3.10071e-06 6.90023e-05 0.000905366 0.0070052 0.0319929 0.0866482 0.142434 0.157359 0.154927 0.16353 0.142065 0.0799171 0.0270416 0.00541624 0.000640083 4.46051e-05 1.83267e-06 4.43942e-08 6.34026e-10 5.33858e-12 2.65023e-14 7.75678e-17
 1.0632e-11 1.1545e-09 7.39124e-08 2.78983e-06 6.20842e-05 0.000814604 0.00630332 0.0287963 0.078113 0.129387 0.147471 0.155969 0.174638 0.154728 0.087424 0.0296079 0.00593128 0.000700973 4.88487e-05 2.00703e-06 4.86178e-08 6.94346e-10 5.84649e-12 2.90237e-14 8.49474e-17
 1.18418e-11 1.28588e-09 8.23232e-08 3.10729e-06 6.91487e-05 0.000907287 0.00702005 0.0320605 0.0868288 0.14271 0.157568 0.154905 0.163295 0.141797 0.0797582 0.0269873 0.00540534 0.000638794 4.45153e-05 1.82898e-06 4.43048e-08 6.32749e-10 5.32783e-12 2.64489e-14 7.74114e-17
 1.2903e-11 1.40111e-09 8.97004e-08 3.38574e-06 7.53452e-05 0.000988581 0.00764871 0.0349236 0.0944736 0.154396 0.166424 0.153972 0.153346 0.130454 0.0730344 0.0246887 0.00494403 0.000584256 4.07144e-05 1.67282e-06 4.05219e-08 5.78722e-10 4.87292e-12 2.41906e-14 7.08016e-17
 1.28537e-11 1.39576e-09 8.93577e-08 3.37281e-06 7.50573e-05 0.000984805 0.00761951 0.0347906 0.0941185 0.153854 0.166013 0.154015 0.153808 0.130981 0.0733468 0.0247955 0.00496546 0.000586789 4.0891e-05 1.68007e-06 4.06976e-08 5.81232e-10 4.89405e-12 2.42955e-14 7.11086e-17
 1.31383e-11 1.42666e-09 9.13364e-08 3.44749e-06 7.67193e-05 0.00100661 0.00778813 0.0355586 0.096169 0.156988 0.168389 0.153765 0.151139 0.127939 0.0715433 0.024179 0.00484173 0.000572161 3.98716e-05 1.63818e-06 3.96829e-08 5.66741e-10 4.77203e-12 2.36898e-14 6.93358e-17
 1.4297e-11 1.55248e-09 9.93914e-08 3.75153e-06 8.34851e-05 0.00109537 0.00847455 0.0386847 0.104516 0.169748 0.178059 0.152746 0.140276 0.115554 0.0642018 0.0216692 0.00433804 0.000512612 3.57215e-05 1.46767e-06 3.55524e-08 5.07749e-10 4.27532e-12 2.12239e-14 6.21187e-17
 1.38304e-11 1.50182e-09 9.61477e-08 3.6291e-06 8.07606e-05 0.00105963 0.00819813 0.0374259 0.101155 0.164609 0.174165 0.153157 0.14465 0.120541 0.0671582 0.0226799 0.00454087 0.000536592 3.73927e-05 1.53633e-06 3.72157e-08 5.31505e-10 4.47534e-12 2.22169e-14 6.50249e-17
 1.49442e-11 1.62276e-09 1.0389e-07 3.92135e-06 8.72641e-05 0.00114495 0.00885794 0.0404308 0.109178 0.176875 0.18346 0.152177 0.134208 0.108637 0.0601013 0.0202675 0.00405671 0.000479352 3.34035e-05 1.37243e-06 3.32453e-08 4.74801e-10 3.99788e-12 1.98467e-14 5.80877e-17
 1.57165e-11 1.70662e-09 1.0926e-07 4.124e-06 9.17739e-05 0.00120412 0.00931548 0.0425146 0.114742 0.18538 0.189905 0.151498 0.126967 0.100382 0.0552077 0.0185946 0.00372096 0.000439659 3.06372e-05 1.25877e-06 3.04921e-08 4.35479e-10 3.6668e-12 1.82031e-14 5.32771e-17
 1.6078e-11 1.74588e-09 1.11773e-07 4.21887e-06 9.38849e-05 0.00123181 0.00952966 0.04349 0.117347 0.189361 0.192923 0.15118 0.123578 0.096518 0.052917 0.0178115 0.0035638 0.000421078 2.93423e-05 1.20557e-06 2.92033e-08 4.17073e-10 3.51181e-12 1.74337e-14 5.10252e-17
 1.71979e-11 1.86748e-09 1.19558e-07 4.51272e-06 0.000100424 0.0013176 0.0101931 0.0465115 0.125414 0.201693 0.202269 0.150195 0.113078 0.0845483 0.0458213 0.0153858 0.00307698 0.000363524 2.53312e-05 1.04076e-06 2.52111e-08 3.60058e-10 3.03173e-12 1.50504e-14 4.40499e-17
 1.67859e-11 1.82275e-09 1.16694e-07 4.40463e-06 9.80186e-05 0.00128604 0.00994905 0.0454001 0.122447 0.197157 0.198831 0.150558 0.116941 0.0889514 0.0484315 0.0162781 0.00325606 0.000384695 2.68067e-05 1.10139e-06 2.66796e-08 3.81031e-10 3.20833e-12 1.59271e-14 4.66158e-17
 1.69062e-11 1.83581e-09 1.1753e-07 4.43617e-06 9.87206e-05 0.00129525 0.0100203 0.0457244 0.123313 0.198481 0.199834 0.150452 0.115813 0.0876664 0.0476698 0.0160177 0.0032038 0.000378517 2.63761e-05 1.08369e-06 2.62511e-08 3.7491e-10 3.15679e-12 1.56713e-14 4.5867e-17
 1.73836e-11 1.88765e-09 1.20849e-07 4.56145e-06 0.000101509 0.00133183 0.0103031 0.0470126 0.126752 0.203738 0.203819 0.150032 0.111337 0.0825633 0.0446446 0.0149835 0.00299625 0.000353979 2.4666e-05 1.01343e-06 2.4549e-08 3.50602e-10 2.95212e-12 1.46552e-14 4.28931e-17
 1.76282e-11 1.91421e-09 1.2255e-07 4.62564e-06 0.000102937 0.00135057 0.010448 0.0476725 0.128514 0.206432 0.20586 0.149817 0.109044 0.0799488 0.0430948 0.0144537 0.00288991 0.000341408 2.37899e-05 9.77434e-07 2.36771e-08 3.38149e-10 2.84726e-12 1.41346e-14 4.13696e-17
#obs catch len freq
 1.53786e-11 1.48576e-09 8.46296e-08 2.84207e-06 5.62716e-05 0.000656913 0.00452276 0.0183902 0.0444976 0.0666302 0.07306 0.0844481 0.109369 0.124541 0.123828 0.112843 0.09101 0.0651057 0.0420735 0.0236179 0.0106989 0.00363011 0.000865271 0.000137885 1.41781e-05
 1.58353e-11 1.47562e-09 8.10703e-08 2.62596e-06 5.01488e-05 0.000564695 0.00375087 0.0147304 0.0346253 0.0518107 0.0622453 0.0844874 0.117062 0.134035 0.133327 0.121497 0.0972797 0.0678721 0.0417426 0.0219721 0.00927941 0.00292057 0.000642424 9.41279e-05 8.88145e-06
 1.47245e-12 1.32115e-10 6.98887e-09 2.17987e-07 4.01016e-06 4.35855e-05 0.000282442 0.00114304 0.00348535 0.0112839 0.0370945 0.0895234 0.142918 0.163616 0.158014 0.138737 0.106977 0.072031 0.042495 0.02111 0.00828363 0.00240228 0.000485254 6.51845e-05 5.63275e-06
 1.8964e-11 1.63564e-09 8.31736e-08 2.49357e-06 4.40759e-05 0.000459344 0.00282306 0.0102428 0.022069 0.0291595 0.0278392 0.0321755 0.0606259 0.119628 0.179966 0.189771 0.146855 0.0926384 0.0507954 0.0235461 0.00858398 0.0022936 0.000424343 5.20753e-05 4.10858e-06
 5.58666e-11 4.62479e-09 2.2572e-07 6.49516e-06 0.000110196 0.00110252 0.00651182 0.0228311 0.0489061 0.0727886 0.104296 0.16251 0.199966 0.160342 0.0879725 0.0470909 0.0346676 0.0258946 0.0152213 0.0068115 0.00229937 0.00056331 9.52798e-05 1.06688e-05 7.67129e-07
 1.49772e-10 1.18827e-08 5.5583e-07 1.53288e-05 0.000249241 0.0023895 0.0135128 0.0451694 0.090247 0.11394 0.112693 0.123754 0.141786 0.134605 0.105118 0.0666907 0.0316852 0.0116987 0.00421054 0.00159096 0.000507274 0.000116341 1.80819e-05 1.84598e-06 1.20789e-07
 2.84376e-10 2.1594e-08 9.66747e-07 2.55171e-05 0.000397094 0.00364351 0.0197164 0.0630123 0.119829 0.140877 0.120638 0.108534 0.112695 0.107845 0.0899908 0.062411 0.0328083 0.0126829 0.0037394 0.000911735 0.000198425 3.69029e-05 5.11968e-06 4.78102e-07 2.86134e-08
 3.42913e-10 2.48897e-08 1.06511e-06 2.68725e-05 0.000399733 0.00350609 0.0181422 0.0555336 0.102007 0.120543 0.117263 0.128876 0.139793 0.122493 0.0899788 0.0568301 0.0288596 0.0113445 0.00344536 0.000797565 0.000139059 1.84669e-05 1.87883e-06 1.40939e-07 7.28377e-09
 5.32119e-10 3.68735e-08 1.50646e-06 3.62863e-05 0.000515317 0.00431515 0.0213169 0.0622891 0.109163 0.122773 0.113102 0.119142 0.129487 0.12029 0.0948622 0.0603067 0.02864 0.0101821 0.0028375 0.00062372 0.000103401 1.23187e-05 1.02664e-06 5.92471e-08 2.34943e-09
 9.40638e-10 6.21592e-08 2.42174e-06 5.56275e-05 0.000753353 0.00601577 0.0283376 0.0789285 0.131595 0.13951 0.117962 0.112888 0.1153 0.103387 0.0798064 0.0501919 0.02388 0.00851256 0.0023142 0.000477813 7.30888e-05 8.02811e-06 6.12435e-07 3.14722e-08 1.06531e-09
 1.41086e-09 8.88146e-08 3.29628e-06 7.21282e-05 0.000930541 0.00707886 0.031772 0.0843934 0.134784 0.139626 0.121584 0.121367 0.121258 0.101803 0.0717457 0.0402986 0.0166989 0.00510676 0.00121313 0.000227721 3.24053e-05 3.30705e-06 2.32236e-07 1.09075e-08 3.35285e-10
 1.98065e-09 1.18658e-07 4.19106e-06 8.72758e-05 0.00107156 0.00775811 0.0331469 0.0839078 0.128431 0.13064 0.118271 0.12416 0.126007 0.107337 0.0760129 0.0414786 0.0161289 0.00446519 0.000923557 0.000147642 1.80442e-05 1.62272e-06 1.02784e-07 4.40733e-09 1.24004e-10
 3.39635e-09 1.93459e-07 6.49688e-06 0.000128636 0.00150165 0.0103369 0.0419871 0.100998 0.146537 0.139791 0.116092 0.113173 0.11196 0.0959224 0.067852 0.0360329 0.0133957 0.00350492 0.00067316 9.71329e-05 1.03967e-05 8.03553e-07 4.36782e-08 1.62644e-09 4.04028e-11
 4.53309e-09 2.45294e-07 7.82565e-06 0.000147196 0.00163242 0.0106765 0.0412272 0.0945562 0.132714 0.129786 0.122721 0.131117 0.125657 0.098865 0.0641718 0.0319146 0.0113285 0.002865 0.000531854 7.30778e-05 7.27411e-06 5.09886e-07 2.45866e-08 7.99515e-10 1.72185e-11
 5.58278e-09 2.86763e-07 8.6843e-06 0.000155057 0.00163239 0.0101361 0.0371865 0.0813175 0.110668 0.111519 0.117845 0.136973 0.139553 0.117969 0.0795091 0.0388092 0.0130389 0.00307353 0.000531341 6.84711e-05 6.4238e-06 4.22993e-07 1.89547e-08 5.64594e-10 1.09772e-11
 8.16858e-09 3.98012e-07 1.14337e-05 0.000193651 0.0019339 0.0113918 0.0396592 0.0824168 0.10731 0.105836 0.112659 0.132787 0.139875 0.123255 0.0843474 0.040877 0.0136233 0.00320237 0.000547189 6.79882e-05 6.00643e-06 3.68051e-07 1.53045e-08 4.22883e-10 7.61193e-12
 1.64847e-08 7.61452e-07 2.07369e-05 0.000332957 0.00315213 0.0176002 0.058048 0.113961 0.138309 0.121485 0.110319 0.117128 0.117228 0.0988561 0.0638159 0.0287219 0.00879002 0.00189307 0.000300004 3.52558e-05 2.97999e-06 1.74294e-07 6.84383e-09 1.76531e-10 2.94291e-12
 1.96753e-08 8.61136e-07 2.2221e-05 0.000338069 0.00303288 0.0160544 0.0503086 0.0948637 0.11606 0.118087 0.133681 0.147667 0.13292 0.0976251 0.0566988 0.0238949 0.00702839 0.0014683 0.000223408 2.47019e-05 1.9386e-06 1.05187e-07 3.85281e-09 9.31335e-11 1.4558e-12
 3.27074e-08 1.35581e-06 3.31355e-05 0.000477461 0.00405674 0.0203348 0.0602953 0.107173 0.121591 0.110491 0.11387 0.128262 0.129067 0.105773 0.0636365 0.0260697 0.00723031 0.00141233 0.000201731 2.10721e-05 1.56258e-06 7.95682e-08 2.71067e-09 6.05585e-11 8.73047e-13
 4.7229e-08 1.85364e-06 4.28925e-05 0.000585187 0.00470797 0.0223538 0.0628941 0.106974 0.120275 0.117419 0.129704 0.139053 0.124684 0.0917031 0.0516865 0.0207308 0.00582808 0.0011693 0.000168488 1.71549e-05 1.20666e-06 5.75355e-08 1.82782e-09 3.80088e-11 5.08718e-13
 7.10411e-08 2.63927e-06 5.78094e-05 0.000746573 0.00568567 0.0255573 0.0681094 0.109978 0.118485 0.113334 0.124824 0.135627 0.125591 0.0938111 0.051741 0.0198817 0.00535674 0.00104517 0.00014898 1.51253e-05 1.05521e-06 4.91379e-08 1.49617e-09 2.93438e-11 3.66472e-13
 1.12433e-07 3.9533e-06 8.19537e-05 0.0010017 0.00722038 0.0307241 0.0775727 0.119109 0.123726 0.117005 0.126662 0.132131 0.116611 0.0829727 0.0437639 0.0162257 0.0042565 0.000810043 0.000112004 1.0981e-05 7.40297e-07 3.34063e-08 9.86279e-10 1.86917e-11 2.24005e-13
 1.76147e-07 5.86143e-06 0.000114994 0.00133018 0.00907439 0.0365515 0.0874367 0.127716 0.128093 0.119886 0.127672 0.12854 0.108562 0.0730691 0.0359927 0.0123552 0.00299451 0.000530017 6.89763e-05 6.42383e-06 4.12671e-07 1.77326e-08 4.97902e-10 8.97099e-12 1.02247e-13
 2.42364e-07 7.63233e-06 0.000141707 0.00155133 0.0100171 0.0382139 0.086829 0.122055 0.123315 0.123706 0.136457 0.134427 0.108886 0.0694371 0.0320507 0.010214 0.00227674 0.000367623 4.35386e-05 3.70597e-06 2.1934e-07 8.75382e-09 2.29651e-10 3.87891e-12 4.14988e-14
 3.62019e-07 1.07896e-05 0.000189594 0.00196438 0.0120053 0.0433578 0.0933656 0.124953 0.122039 0.12093 0.132549 0.13115 0.107242 0.0678405 0.0305398 0.00945766 0.00204864 0.000318327 3.55285e-05 2.79045e-06 1.50461e-07 5.45001e-09 1.30038e-10 2.00706e-12 1.97229e-14
 5.03908e-07 1.4215e-05 0.000236425 0.00231866 0.0134154 0.0459071 0.0940321 0.121723 0.120864 0.126688 0.139789 0.133362 0.103716 0.0620135 0.0263424 0.00772126 0.00159233 0.000236724 2.52793e-05 1.88803e-06 9.57588e-08 3.2217e-09 7.06071e-11 9.93398e-13 8.86544e-15
 7.04432e-07 1.88109e-05 0.000296163 0.00274957 0.0150622 0.0488357 0.0950894 0.118616 0.117822 0.126892 0.141342 0.135323 0.104625 0.0606426 0.0244525 0.00673288 0.00129917 0.00018065 1.80761e-05 1.26792e-06 6.04617e-08 1.91042e-09 3.91891e-11 5.13448e-13 4.24189e-15
 1.06318e-06 2.68785e-05 0.000400644 0.00352154 0.0182659 0.0561009 0.103683 0.123726 0.119862 0.127235 0.138557 0.129539 0.0972768 0.0541961 0.0209151 0.00552159 0.00102197 0.000135376 1.27544e-05 8.3421e-07 3.69164e-08 1.08149e-09 2.05848e-11 2.5047e-13 1.92225e-15
 1.46272e-06 3.50143e-05 0.000494186 0.00411327 0.0202095 0.0588821 0.103914 0.121444 0.12166 0.134103 0.143089 0.127547 0.0912305 0.048905 0.0184719 0.00486232 0.000905205 0.000119538 1.10016e-05 6.88758e-07 2.87293e-08 7.85002e-10 1.38428e-11 1.55467e-13 1.09952e-15
#spawning biomass
 8282.84 8270.4 6220.79 6227.21 8927.35 13941.2 17762.2 25564.1 35690 45605.6 63661.8 77367.4 90461.4 119449 128654 113433 100734 99088.5 109328 101676 92978.5 94620.3 100836 110430 120579 108324 109222 112002 114977 99314.4 221759 248410 241496 217740 189145 162369 140153 122992 110340 101310 95011.5 90693 87769.4 85800.5 84458.4 83587.6 83022.5 82655.8 82417.9 82263.5 82163.4 82098.4 82056.2 82028.8 82011.1 81999.5 81992.1 81987.2 81984.1 81982 81980.7 81979.8 81979.3 81978.9 81978.7 81978.5 81978.4 81978.4 81978.3 81978.3 81978.3 81978.3 81978.3 81978.2 81978.2 81978.2 81978.2 81978.2 81978.2 81978.2 81978.2 81978.2 81978.2 81978.2 81978.2 81978.2 81978.2 81978.2 81978.2 81978.2 81978.2 81978.2 81978.2 81978.2 81978.2 81978.2 81978.2 81978.2 81978.2 81978.2 81978.2 81978.2 81978.2 81978.2 81978.2 81978.2 81978.2 81978.2 81978.2 81978.2 81978.2 81978.2 81978.2 81978.2 81978.2 81978.2 81978.2 81978.2 81978.2 81978.2 81978.2 81978.2 81978.2 81978.2 81978.2 81978.2 81978.2 81978.2 81978.2 0 0 0 0 0 0 0 0 0 0 0 0 0 0 0 0 0 0 0 0 0 0 0 0 0
