SBPRF35
0.819782
Curr Bio
224237
B35
885935
F35
0.23319
FOFL
0
OFL
0
Bzero
234224
#pred survey bio
 10085.9 8608.74 7895.15 7978.23 11880.3 18318.1 29843.5 41182.1 60863.4 77936.3 93716.5 132186 172961 195369 189329 175710 180924 182318 186913 177938 187084 213375 250381 264475 254294 246970 247382 279037 248356 3.8379e+06 5.66469e+06 6.25844e+06 6.04196e+06 5.43391e+06 4.71894e+06 4.0522e+06 3.49654e+06 3.0627e+06 2.73749e+06 2.49993e+06 2.32916e+06 2.20748e+06 2.12107e+06 2.05898e+06 2.01322e+06 1.98101e+06 1.95805e+06 1.94144e+06 1.92927e+06 1.92022e+06 1.91341e+06 1.90822e+06 1.90421e+06 1.9011e+06 1.89865e+06 1.89672e+06 1.89518e+06 1.89394e+06 1.89295e+06 1.89215e+06 1.8915e+06 1.89098e+06 1.89055e+06 1.8902e+06 1.88992e+06 1.88969e+06 1.8895e+06 1.88935e+06 1.88922e+06 1.88912e+06 1.88903e+06 1.88897e+06 1.88891e+06 1.88886e+06 1.88883e+06 1.8888e+06 1.88877e+06 1.88875e+06 1.88873e+06 1.88872e+06 1.88871e+06 1.8887e+06 1.88869e+06 1.88868e+06 1.88868e+06 1.88868e+06 1.88867e+06 1.88867e+06 1.88867e+06 1.88866e+06 1.88866e+06 1.88866e+06 1.88866e+06 1.88866e+06 1.88866e+06 1.88866e+06 1.88866e+06 1.88866e+06 1.88866e+06 1.88866e+06 1.88866e+06 1.88866e+06 1.88866e+06 1.88866e+06 1.88866e+06 1.88866e+06 1.88866e+06 1.88866e+06 1.88866e+06 1.88866e+06 1.88866e+06 1.88866e+06 1.88866e+06 1.88866e+06 1.88866e+06 1.88866e+06 1.88866e+06 1.88866e+06 1.88866e+06 1.88866e+06 1.88866e+06 1.88866e+06 1.88866e+06 1.88866e+06 1.88866e+06 1.88866e+06 1.88866e+06 1.88866e+06 1.88866e+06 0 0 0 0 0 0 0 0 0 0 0 0 0 0 0 0 0 0 0 0 0 0 0 0 0
#obs survey bio
 10385.1 7846.86 7868.45 9621.47 16976.8 17483.3 32155.5 47744.5 63300.5 64221.8 82221.1 190591 211281 200518 145725 168930 144283 206204 145773 159040 234677 216246 180101 220591 218651 231410 172536 301575 201714
#pred catch bio
 4354.13 3429.67 4097.19 4057.5 7538.81 10756.1 19967.8 25710.2 40017.6 55158 61697.6 87785.7 118475 139324 139759 125204 131116 128691 137655 127897 132859 147625 178592 196570 187679 183696 174643 203718 215907 0 49504.9 54690.5 52169.9 46173.9 39335 33071.9 27938.3 24003.4 21118.1 19066.7 17640.2 16664.5 16005.2 15561 15260.1 15064.9 14938.4 14856.3 14803.1 14768.6 14746.2 14731.7 14722.3 14716.2 14712.3 14709.7 14708 14707 14706.3 14705.8 14705.5 14705.3 14705.2 14705.1 14705.1 14705 14705 14705 14705 14705 14705 14705 14705 14705 14705 14705 14705 14705 14705 14705 14705 14705 14705 14705 14705 14705 14705 14705 14705 14705 14705 14705 14705 14705 14705 14705 14705 14705 14705 14705 14705 14705 14705 14705 14705 14705 14705 14705 14705 14705 14705 14705 14705 14705 14705 14705 14705 14705 14705 14705 14705 14705 14705 14705 14705 14705 14705 14705 14705 0 0 0 0 0 0 0 0 0 0 0 0 0 0 0 0 0 0 0 0 0 0 0 0 0
#obs catch bio
 4413.57 3171.16 4633.2 3484.94 5455.22 8259.19 17392.4 19197.2 33514 53912.2 56090.9 73936.2 104287 133395 148466 113463 128686 105858 139247 116815 116333 125404 164934 178558 177764 169691 164916 189020 202079
#pred cpue bio
 8494.74 7884.63 6541.57 5280.34 6806.57 9070.73 15909.9 21003.3 32694.8 44083.2 48580.6 68088.9 94432.9 115611 118578 104940 106857 105908 113569 104696 106336 115536 140012 153074 145505 142663 135765 155236 160981 1.76457e+06 5.50065e+06 6.13477e+06 5.91745e+06 5.30936e+06 4.59438e+06 3.92765e+06 3.37199e+06 2.93815e+06 2.61293e+06 2.37538e+06 2.2046e+06 2.08292e+06 1.99652e+06 1.93443e+06 1.88866e+06 1.85646e+06 1.83349e+06 1.81689e+06 1.80471e+06 1.79567e+06 1.78886e+06 1.78366e+06 1.77966e+06 1.77655e+06 1.7741e+06 1.77216e+06 1.77062e+06 1.76939e+06 1.7684e+06 1.7676e+06 1.76695e+06 1.76642e+06 1.766e+06 1.76565e+06 1.76537e+06 1.76514e+06 1.76495e+06 1.76479e+06 1.76467e+06 1.76457e+06 1.76448e+06 1.76441e+06 1.76436e+06 1.76431e+06 1.76427e+06 1.76424e+06 1.76422e+06 1.7642e+06 1.76418e+06 1.76416e+06 1.76415e+06 1.76414e+06 1.76414e+06 1.76413e+06 1.76413e+06 1.76412e+06 1.76412e+06 1.76411e+06 1.76411e+06 1.76411e+06 1.76411e+06 1.76411e+06 1.76411e+06 1.76411e+06 1.76411e+06 1.7641e+06 1.7641e+06 1.7641e+06 1.7641e+06 1.7641e+06 1.7641e+06 1.7641e+06 1.7641e+06 1.7641e+06 1.7641e+06 1.7641e+06 1.7641e+06 1.7641e+06 1.7641e+06 1.7641e+06 1.7641e+06 1.7641e+06 1.7641e+06 1.7641e+06 1.7641e+06 1.7641e+06 1.7641e+06 1.7641e+06 1.7641e+06 1.7641e+06 1.7641e+06 1.7641e+06 1.7641e+06 1.7641e+06 1.7641e+06 1.7641e+06 1.7641e+06 1.7641e+06 1.7641e+06 0 0 0 0 0 0 0 0 0 0 0 0 0 0 0 0 0 0 0 0 0 0 0 0 0
#obs cpue bio
 10079.4 8916.79 6600.13 7643.61 11649.4 19358.1 32436.6 46711.9 65898.9 63516.3 75507.2 107965 112651 120747 128538 170659 148472 194071 142388 169135 170933 189760 256273 295447 207020 219312 197956 235262 322390
#pred surv len freq
 9.1493e-12 9.93504e-10 6.36051e-08 2.40078e-06 5.34262e-05 0.000700994 0.00542388 0.0247707 0.0670853 0.110257 0.121776 0.120374 0.130865 0.126842 0.0988931 0.0701972 0.0474606 0.0293906 0.017401 0.0104295 0.00657158 0.00452249 0.0033469 0.00234028 0.00129597
 5.4985e-12 5.97071e-10 3.82251e-08 1.44281e-06 3.21082e-05 0.000421307 0.00326069 0.0149116 0.0406602 0.0690469 0.0865213 0.110294 0.14413 0.149318 0.121409 0.0911928 0.0661419 0.0439532 0.0265713 0.0147406 0.00784473 0.00435005 0.00265502 0.00165993 0.000883967
 1.08755e-11 1.18095e-09 7.56053e-08 2.85372e-06 6.35055e-05 0.000833219 0.00644596 0.0294155 0.0793476 0.127865 0.129515 0.100303 0.0851893 0.0842677 0.0848334 0.0819906 0.0690663 0.050151 0.0327523 0.0191734 0.00996668 0.00477429 0.00230575 0.001176 0.000561208
 1.49882e-11 1.62754e-09 1.04197e-07 3.9329e-06 8.75211e-05 0.00114831 0.00888355 0.0405384 0.109341 0.176105 0.177854 0.13548 0.107091 0.0854893 0.0547364 0.0311346 0.0216892 0.0180253 0.0139709 0.00919223 0.00513296 0.00245852 0.00104623 0.000425758 0.000167129
 1.58703e-11 1.72333e-09 1.10329e-07 4.16438e-06 9.26722e-05 0.0012159 0.00940648 0.0429261 0.1158 0.186665 0.189248 0.145993 0.117188 0.0926195 0.0550152 0.0240919 0.00951283 0.00422285 0.00240444 0.00163907 0.0010477 0.000553418 0.000238559 8.69055e-05 2.79808e-05
 1.70329e-11 1.84957e-09 1.18411e-07 4.46944e-06 9.94609e-05 0.00130496 0.0100954 0.0460665 0.124226 0.199877 0.200892 0.15034 0.114625 0.0863114 0.0468665 0.0157431 0.00314871 0.000372012 2.5926e-05 1.0664e-06 2.64172e-08 6.95457e-10 1.5616e-10 5.69438e-11 1.67968e-11
 1.62183e-11 1.76111e-09 1.12748e-07 4.25567e-06 9.47039e-05 0.00124256 0.00961275 0.0438685 0.118357 0.190906 0.194093 0.151057 0.122263 0.0950188 0.0520283 0.0175077 0.00350283 0.00041387 2.884e-05 1.18494e-06 2.87045e-08 4.09995e-10 3.4536e-12 1.7171e-14 5.09512e-17
 1.67204e-11 1.81563e-09 1.16239e-07 4.38743e-06 9.76359e-05 0.00128102 0.00991021 0.0452232 0.121974 0.196435 0.198284 0.150615 0.117555 0.089652 0.0488468 0.0164201 0.00328455 0.000388064 2.70415e-05 1.11103e-06 2.69133e-08 3.84368e-10 3.23643e-12 1.60666e-14 4.70241e-17
 1.61277e-11 1.75128e-09 1.12119e-07 4.23192e-06 9.41753e-05 0.00123562 0.00955912 0.0436242 0.117705 0.189909 0.193338 0.151136 0.123112 0.0959865 0.0526019 0.0177038 0.00354219 0.000418523 2.91642e-05 1.19825e-06 2.9026e-08 4.14542e-10 3.49051e-12 1.73281e-14 5.07182e-17
 1.54779e-11 1.68072e-09 1.07601e-07 4.06141e-06 9.0381e-05 0.00118584 0.00917417 0.041871 0.113024 0.182753 0.187915 0.151708 0.129204 0.102932 0.0567191 0.0191113 0.00382466 0.000451918 3.14916e-05 1.29387e-06 3.13425e-08 4.47624e-10 3.76906e-12 1.87107e-14 5.47631e-17
 1.65407e-11 1.79612e-09 1.14989e-07 4.34027e-06 9.65865e-05 0.00126725 0.00980375 0.0447383 0.12068 0.194456 0.196784 0.150773 0.11924 0.0915728 0.0499855 0.0168093 0.00336267 0.0003973 2.76851e-05 1.13748e-06 2.75539e-08 3.93517e-10 3.31347e-12 1.6449e-14 4.81434e-17
 1.66114e-11 1.8038e-09 1.15481e-07 4.35882e-06 9.69993e-05 0.00127267 0.00984563 0.0449291 0.121189 0.195234 0.197374 0.150711 0.118577 0.0908172 0.0495376 0.0166562 0.00333195 0.000393667 2.7432e-05 1.12708e-06 2.73019e-08 3.89919e-10 3.28317e-12 1.62986e-14 4.77031e-17
 1.59302e-11 1.72983e-09 1.10745e-07 4.18008e-06 9.30218e-05 0.00122049 0.00944209 0.0430912 0.116282 0.187733 0.191689 0.15131 0.124964 0.0980978 0.0538535 0.0181316 0.00362806 0.000428675 2.98717e-05 1.22732e-06 2.97302e-08 4.24598e-10 3.57518e-12 1.77482e-14 5.19459e-17
 1.48528e-11 1.61283e-09 1.03255e-07 3.89737e-06 8.67305e-05 0.00113795 0.00880381 0.0401843 0.10852 0.175868 0.182697 0.152258 0.135065 0.109614 0.0606803 0.0204654 0.00409643 0.000484048 3.37308e-05 1.38588e-06 3.35711e-08 4.79453e-10 4.03706e-12 2.00411e-14 5.86569e-17
 1.39811e-11 1.51818e-09 9.71951e-08 3.66863e-06 8.16404e-05 0.00107117 0.00828739 0.0378324 0.10224 0.166269 0.175422 0.153024 0.143238 0.118931 0.0662035 0.0223535 0.00447537 0.000528848 3.6853e-05 1.51416e-06 3.66786e-08 5.23834e-10 4.41075e-12 2.18963e-14 6.40865e-17
 1.47181e-11 1.59821e-09 1.02319e-07 3.86203e-06 8.59441e-05 0.00112763 0.00872403 0.0398209 0.10755 0.174385 0.181573 0.152376 0.136328 0.111053 0.0615336 0.0207571 0.00415497 0.000490969 3.42131e-05 1.4057e-06 3.40512e-08 4.86309e-10 4.09479e-12 2.03278e-14 5.94957e-17
 1.48806e-11 1.61585e-09 1.03449e-07 3.90467e-06 8.68929e-05 0.00114008 0.00882029 0.0402593 0.10872 0.176175 0.182929 0.152233 0.134804 0.109317 0.060504 0.0204051 0.00408434 0.000482618 3.36311e-05 1.38178e-06 3.34719e-08 4.78037e-10 4.02513e-12 1.9982e-14 5.84836e-17
 1.51161e-11 1.64143e-09 1.05086e-07 3.96647e-06 8.82682e-05 0.00115812 0.00895982 0.0408948 0.110417 0.178768 0.184895 0.152026 0.132596 0.106799 0.0590116 0.019895 0.00398195 0.000470513 3.27875e-05 1.34712e-06 3.26323e-08 4.66045e-10 3.92416e-12 1.94807e-14 5.70165e-17
 1.44596e-11 1.57014e-09 1.00522e-07 3.7942e-06 8.44348e-05 0.00110783 0.0085709 0.0391235 0.105688 0.171539 0.179416 0.152603 0.138751 0.113816 0.0631713 0.021317 0.00426734 0.000504254 3.51389e-05 1.44373e-06 3.49726e-08 4.99469e-10 4.2056e-12 2.08778e-14 6.11057e-17
 1.49351e-11 1.62178e-09 1.03828e-07 3.91898e-06 8.72114e-05 0.00114426 0.0088526 0.0404065 0.109113 0.176775 0.183384 0.152185 0.134293 0.108734 0.0601584 0.020287 0.00406063 0.000479815 3.34358e-05 1.37376e-06 3.32775e-08 4.7526e-10 4.00175e-12 1.98659e-14 5.81439e-17
 1.54134e-11 1.67371e-09 1.07153e-07 4.04447e-06 9.00041e-05 0.0011809 0.00913593 0.0416969 0.112559 0.182042 0.187376 0.151765 0.129809 0.103622 0.0571281 0.0192511 0.00385272 0.000455235 3.17228e-05 1.30337e-06 3.15725e-08 4.5091e-10 3.79672e-12 1.88481e-14 5.51649e-17
 1.60319e-11 1.74087e-09 1.11452e-07 4.20676e-06 9.36154e-05 0.00122828 0.00950232 0.0433655 0.117014 0.188853 0.192538 0.151221 0.124011 0.0970113 0.0532095 0.0179115 0.00358387 0.00042345 2.95076e-05 1.21236e-06 2.93678e-08 4.19423e-10 3.5316e-12 1.75319e-14 5.13127e-17
 1.56277e-11 1.69698e-09 1.08642e-07 4.1007e-06 9.12553e-05 0.00119731 0.00926287 0.042275 0.114103 0.184402 0.189164 0.151576 0.1278 0.101331 0.0557704 0.0187869 0.00375957 0.000444223 3.09553e-05 1.27184e-06 3.08087e-08 4.40001e-10 3.70487e-12 1.8392e-14 5.38302e-17
 1.51667e-11 1.64692e-09 1.05437e-07 3.97973e-06 8.85634e-05 0.001162 0.00898976 0.0410312 0.110781 0.179325 0.185317 0.151982 0.132122 0.106259 0.0586914 0.0197855 0.00395998 0.000467916 3.26065e-05 1.33968e-06 3.24521e-08 4.63472e-10 3.9025e-12 1.93731e-14 5.67017e-17
 1.53235e-11 1.66395e-09 1.06528e-07 4.02089e-06 8.94793e-05 0.00117401 0.00908269 0.0414544 0.111911 0.181052 0.186626 0.151844 0.130651 0.104582 0.0576975 0.0194457 0.00389179 0.000459854 3.20447e-05 1.3166e-06 3.18929e-08 4.55486e-10 3.83525e-12 1.90393e-14 5.57247e-17
 1.51937e-11 1.64985e-09 1.05625e-07 3.98682e-06 8.87212e-05 0.00116407 0.00900577 0.0411041 0.110976 0.179623 0.185542 0.151958 0.131869 0.10597 0.0585202 0.019727 0.00394823 0.000466527 3.25097e-05 1.33571e-06 3.23558e-08 4.62096e-10 3.89091e-12 1.93156e-14 5.65334e-17
 1.58659e-11 1.72285e-09 1.10299e-07 4.16322e-06 9.26465e-05 0.00121556 0.00940402 0.0429178 0.115819 0.187025 0.191153 0.151367 0.125566 0.0987848 0.0542608 0.0182709 0.003656 0.000431978 3.01019e-05 1.23678e-06 2.99593e-08 4.27871e-10 3.60273e-12 1.7885e-14 5.23462e-17
 1.56939e-11 1.70417e-09 1.09103e-07 4.11808e-06 9.16421e-05 0.00120239 0.00930212 0.0424538 0.11458 0.185131 0.189717 0.151518 0.127179 0.100623 0.0553506 0.0186434 0.00373077 0.000440818 3.0718e-05 1.26209e-06 3.05725e-08 4.36628e-10 3.67647e-12 1.82511e-14 5.34176e-17
 1.34005e-11 1.45513e-09 9.31589e-08 3.51628e-06 7.82502e-05 0.00102669 0.00794344 0.0362659 0.0980576 0.159875 0.170576 0.153535 0.148681 0.125137 0.0698823 0.0236111 0.00472777 0.000558688 3.89326e-05 1.5996e-06 3.87484e-08 5.53393e-10 4.65965e-12 2.31319e-14 6.77028e-17
#obs surv len freq
 8.03648e-12 8.72667e-10 5.58688e-08 2.10877e-06 4.6928e-05 0.000615726 0.00476389 0.021751 0.0588307 0.0960861 0.10345 0.096707 0.104059 0.112622 0.109412 0.0973131 0.07701 0.053823 0.0337273 0.0183261 0.00805517 0.00266623 0.000624462 9.84487e-05 1.0064e-05
 1.15199e-12 1.25093e-10 8.00858e-09 3.0229e-07 6.72765e-06 8.83105e-05 0.000684786 0.00316163 0.00902535 0.0185133 0.0373496 0.0783044 0.13062 0.160052 0.160322 0.142472 0.109823 0.0730248 0.0427792 0.0215992 0.008809 0.00269353 0.000579081 8.34059e-05 7.775e-06
 1.59723e-11 1.73441e-09 1.11038e-07 4.19114e-06 9.32675e-05 0.00122368 0.0094656 0.0431706 0.11611 0.184348 0.17379 0.101231 0.0486546 0.0454894 0.065494 0.0740656 0.0608062 0.0393573 0.0216064 0.0100528 0.00375247 0.00104848 0.000205899 2.70631e-05 2.29955e-06
 1.33536e-11 1.45004e-09 9.28327e-08 3.50398e-06 7.79765e-05 0.00102311 0.00791589 0.0361424 0.0977283 0.15918 0.168221 0.145141 0.130989 0.105874 0.0626606 0.0319547 0.0211094 0.0158121 0.00967081 0.00447007 0.00155262 0.00039475 7.02469e-05 8.37415e-06 6.46298e-07
 1.14566e-11 1.24405e-09 7.9645e-08 3.00621e-06 6.68994e-05 0.000877773 0.00679156 0.0310116 0.0838823 0.136789 0.145176 0.127495 0.123186 0.119939 0.100313 0.0682744 0.0351453 0.0136844 0.00483715 0.00178354 0.000580578 0.000138998 2.27402e-05 2.46051e-06 1.71827e-07
 1.31002e-11 1.42253e-09 9.10713e-08 3.4375e-06 7.6497e-05 0.00100369 0.00776545 0.0354495 0.0957615 0.155155 0.159977 0.128561 0.110578 0.102213 0.0860864 0.0617498 0.034885 0.0146525 0.00461158 0.00116062 0.000253938 4.78804e-05 6.90344e-06 6.81261e-07 4.34439e-08
 1.23729e-11 1.34355e-09 8.6015e-08 3.24665e-06 7.22503e-05 0.000947992 0.00733519 0.0334993 0.0906579 0.148033 0.157247 0.136325 0.125511 0.113184 0.0866876 0.0556594 0.0288363 0.0114896 0.00351028 0.000827716 0.000149423 2.06086e-05 2.17264e-06 1.69785e-07 9.24435e-09
 1.16161e-11 1.26137e-09 8.07538e-08 3.04806e-06 6.78312e-05 0.000890021 0.00688699 0.0314588 0.0852052 0.139557 0.149771 0.132997 0.126458 0.118901 0.0960153 0.0634704 0.032156 0.0119752 0.00333702 0.000716633 0.000117701 1.42652e-05 1.23464e-06 7.48272e-08 3.13186e-09
 1.15841e-11 1.2579e-09 8.05319e-08 3.03969e-06 6.7645e-05 0.000887587 0.00686841 0.0313782 0.0850257 0.139454 0.150105 0.133565 0.126583 0.118862 0.0962217 0.0634804 0.0318914 0.0117009 0.00315939 0.000638415 9.59478e-05 1.04664e-05 8.04919e-07 4.24342e-08 1.49739e-09
 1.17002e-11 1.2705e-09 8.13387e-08 3.07015e-06 6.8323e-05 0.000896495 0.00693769 0.0317006 0.0859551 0.141271 0.152861 0.136867 0.129218 0.11953 0.0942962 0.0596389 0.0282316 0.00961796 0.00239244 0.000446212 6.21193e-05 6.24795e-06 4.37923e-07 2.07813e-08 6.52888e-10
 1.26187e-11 1.37024e-09 8.7724e-08 3.31116e-06 7.36867e-05 0.000966874 0.00748227 0.0341863 0.0926491 0.151854 0.162243 0.139885 0.125605 0.112544 0.0866098 0.0528056 0.0236487 0.00745367 0.00167373 0.000277169 3.42555e-05 3.09044e-06 1.96217e-07 8.47032e-09 2.41767e-10
 1.16353e-11 1.26345e-09 8.08874e-08 3.05312e-06 6.7945e-05 0.000891574 0.00690076 0.0315512 0.0857384 0.141958 0.156765 0.144796 0.137069 0.121746 0.0896795 0.052031 0.0223271 0.00677113 0.0014519 0.000224671 2.5247e-05 2.02995e-06 1.14048e-07 4.36892e-09 1.11445e-10
 9.99472e-12 1.08531e-09 6.94826e-08 2.62265e-06 5.83662e-05 0.000765928 0.00592969 0.0271365 0.0740031 0.124122 0.142744 0.143087 0.146779 0.137426 0.104509 0.0603979 0.0246897 0.00685145 0.00130292 0.000176409 1.74689e-05 1.2542e-06 6.32315e-08 2.16631e-09 4.91771e-11
 8.45553e-12 9.18172e-10 5.87824e-08 2.21878e-06 4.93792e-05 0.000648044 0.00501853 0.022992 0.0629547 0.107095 0.128361 0.13871 0.152732 0.150982 0.119926 0.0710968 0.0294069 0.00822756 0.00156899 0.000208182 1.93987e-05 1.26075e-06 5.63484e-08 1.70503e-09 3.43303e-11
 9.28586e-12 1.00834e-09 6.45548e-08 2.43666e-06 5.42279e-05 0.000711664 0.00551063 0.0252335 0.0689296 0.116103 0.134649 0.136951 0.145334 0.144628 0.116379 0.0686176 0.0277565 0.00754251 0.00139793 0.000180931 1.64513e-05 1.03445e-06 4.39267e-08 1.23398e-09 2.25834e-11
 1.00899e-11 1.09565e-09 7.01446e-08 2.64766e-06 5.89243e-05 0.000773321 0.00598863 0.0274297 0.0749772 0.126396 0.146155 0.145423 0.146458 0.136021 0.102453 0.0576217 0.0227657 0.00616264 0.00114942 0.000149209 1.34263e-05 8.23502e-07 3.37512e-08 9.07921e-10 1.57823e-11
 1.02835e-11 1.11667e-09 7.14903e-08 2.69847e-06 6.00559e-05 0.000788211 0.0061049 0.0279757 0.0765764 0.129551 0.150753 0.150328 0.149347 0.134737 0.0972413 0.0517121 0.0190967 0.0047892 0.000826164 0.00010019 8.56958e-06 5.06595e-07 2.01028e-08 5.21986e-10 8.70264e-12
 9.08207e-12 9.86209e-10 6.31385e-08 2.38325e-06 5.30429e-05 0.000696269 0.00539546 0.0247666 0.0681759 0.117399 0.142957 0.152864 0.158985 0.144658 0.103587 0.054498 0.0199914 0.00500303 0.000857891 0.000101681 8.30962e-06 4.61918e-07 1.71602e-08 4.18554e-10 6.59031e-12
 9.63225e-12 1.04595e-09 6.69634e-08 2.52763e-06 5.62562e-05 0.000738442 0.00572183 0.0262539 0.0721296 0.123241 0.146572 0.150897 0.15425 0.14174 0.10203 0.0526609 0.0185246 0.00438642 0.000709276 7.965e-05 6.20808e-06 3.29632e-07 1.16361e-08 2.6738e-10 3.93608e-12
 9.73087e-12 1.05666e-09 6.76493e-08 2.55355e-06 5.68353e-05 0.000746131 0.00578352 0.0265664 0.0732252 0.126183 0.15254 0.158659 0.158453 0.138219 0.0938503 0.0460256 0.015531 0.00354431 0.000550694 5.88759e-05 4.32577e-06 2.15336e-07 7.12205e-09 1.53551e-10 2.12238e-12
 1.12009e-11 1.21629e-09 7.7869e-08 2.93931e-06 6.54202e-05 0.000858777 0.00665489 0.0305362 0.0838205 0.142338 0.164909 0.158841 0.148399 0.125255 0.083 0.0393804 0.0127267 0.00276127 0.000405951 4.09498e-05 2.83298e-06 1.32433e-07 4.09816e-09 8.23624e-11 1.05842e-12
 1.02524e-11 1.11329e-09 7.12755e-08 2.6905e-06 5.98879e-05 0.000786379 0.00609932 0.0280648 0.0776881 0.135086 0.16505 0.169919 0.160845 0.128785 0.0791704 0.0351116 0.0107552 0.00223095 0.00031375 3.00978e-05 1.96383e-06 8.59908e-08 2.48201e-09 4.64188e-11 5.54243e-13
 1.07376e-11 1.16599e-09 7.46492e-08 2.81785e-06 6.27225e-05 0.000823577 0.00638687 0.0293677 0.0810725 0.139649 0.166547 0.165929 0.155849 0.127321 0.0794855 0.0348879 0.0103024 0.0020217 0.000265958 2.37552e-05 1.44319e-06 5.89102e-08 1.58499e-09 2.75859e-11 3.05815e-13
 9.80632e-12 1.06486e-09 6.81761e-08 2.57361e-06 5.72933e-05 0.000752574 0.00584276 0.0269536 0.0751011 0.132534 0.16611 0.175077 0.166155 0.13058 0.0772636 0.0323522 0.00921692 0.00175708 0.000224217 1.92301e-05 1.10567e-06 4.21741e-08 1.05212e-09 1.6924e-11 1.7329e-13
 9.94719e-12 1.08016e-09 6.91559e-08 2.61063e-06 5.8119e-05 0.000763462 0.00592775 0.0273452 0.0761361 0.133897 0.16633 0.173768 0.165689 0.131563 0.0773126 0.0312235 0.00834146 0.00145962 0.000168943 1.31358e-05 6.90475e-07 2.43235e-08 5.63773e-10 8.43132e-12 8.00578e-14
 9.63433e-12 1.0462e-09 6.69823e-08 2.52869e-06 5.63018e-05 0.000739838 0.0057495 0.0265858 0.0744651 0.132732 0.168618 0.179099 0.169028 0.130242 0.0741614 0.0292777 0.00772974 0.00134536 0.000154288 1.16909e-05 5.84534e-07 1.91572e-08 4.07599e-10 5.57153e-12 4.84177e-14
 9.26232e-12 1.00581e-09 6.43975e-08 2.43122e-06 5.41381e-05 0.000711624 0.00553454 0.0256408 0.0721431 0.129849 0.167744 0.181478 0.172863 0.132635 0.0742128 0.0284878 0.00727366 0.00122384 0.000136052 1.00213e-05 4.86907e-07 1.54236e-08 3.14006e-10 4.05573e-12 3.28932e-14
 9.74226e-12 1.05793e-09 6.77355e-08 2.55732e-06 5.69495e-05 0.000748678 0.00582411 0.0269903 0.075925 0.136255 0.174097 0.184125 0.170301 0.126319 0.0677497 0.0246658 0.00591296 0.000926218 9.536e-05 6.50506e-06 2.94216e-07 8.74174e-09 1.68054e-10 2.05745e-12 1.58245e-14
 9.64875e-12 1.04779e-09 6.70881e-08 2.53306e-06 5.642e-05 0.000742063 0.00577918 0.0268539 0.0759945 0.137965 0.178976 0.190019 0.171921 0.122261 0.0623097 0.0214753 0.00485673 0.000713592 6.83347e-05 4.29604e-06 1.77841e-07 4.82408e-09 8.48091e-11 9.53618e-13 6.77202e-15
#pred catch len freq
 2.72928e-13 2.96369e-11 1.89742e-09 7.16261e-08 1.59483e-06 2.09848e-05 0.000164712 0.000806821 0.00293384 0.0108459 0.0397982 0.106302 0.179892 0.195789 0.156369 0.111589 0.0755607 0.0468097 0.0277149 0.0166109 0.0104663 0.0072028 0.00533048 0.00372727 0.00206405
 1.23866e-13 1.34505e-11 8.61155e-10 3.25118e-08 7.24358e-07 9.56112e-06 7.62287e-05 0.000400545 0.00180371 0.00874905 0.0363858 0.100385 0.171591 0.18919 0.155893 0.117554 0.0853851 0.0567617 0.0343154 0.0190364 0.0101308 0.0056177 0.00342871 0.00214365 0.00114156
 4.1213e-13 4.47524e-11 2.86512e-09 1.08148e-07 2.40722e-06 3.16189e-05 0.000246004 0.00115507 0.00356147 0.00934381 0.02652 0.0660332 0.114957 0.142912 0.150316 0.14614 0.123193 0.0894602 0.0584223 0.0342001 0.0177777 0.00851594 0.00411278 0.00209763 0.00100103
 9.83006e-13 1.06743e-10 6.83382e-09 2.57951e-07 5.74132e-06 7.53947e-05 0.000585883 0.00273449 0.00821184 0.0199785 0.0519377 0.122611 0.198026 0.200902 0.13579 0.0780463 0.0544636 0.0452725 0.0350896 0.0230871 0.0128918 0.00617476 0.00262768 0.00106932 0.000419757
 5.61424e-12 6.09639e-10 3.90297e-08 1.47318e-06 3.27844e-05 0.000430202 0.00333038 0.01525 0.0418532 0.0732264 0.1013 0.148507 0.203248 0.194831 0.120948 0.0533702 0.0210681 0.0093417 0.00531657 0.00362388 0.00231637 0.00122356 0.000527432 0.00019214 6.1863e-05
 7.53217e-12 8.17904e-10 5.2363e-08 1.97645e-06 4.39838e-05 0.000577139 0.00446695 0.0204329 0.0557819 0.0952513 0.121601 0.158695 0.2037 0.18786 0.107065 0.0363222 0.00727885 0.000860308 5.99603e-05 2.46633e-06 6.10903e-08 1.60462e-09 3.59376e-10 1.31033e-10 3.86512e-11
 9.02557e-12 9.80069e-10 6.27449e-08 2.36831e-06 5.27041e-05 0.000691543 0.00535166 0.0244621 0.0665405 0.111697 0.134064 0.157382 0.189699 0.171898 0.0976023 0.0330874 0.00662961 0.000783532 5.46025e-05 2.24346e-06 5.43467e-08 7.7625e-10 6.53875e-12 3.25097e-14 9.64592e-17
 8.40048e-12 9.12192e-10 5.83994e-08 2.20429e-06 4.90541e-05 0.000643657 0.00498135 0.0227756 0.0620373 0.104813 0.128847 0.157931 0.195559 0.178579 0.101563 0.0344414 0.00690134 0.000815657 5.68413e-05 2.33542e-06 5.65727e-08 8.07956e-10 6.8031e-12 3.37726e-14 9.88463e-17
 8.33003e-12 9.04542e-10 5.79097e-08 2.18581e-06 4.86427e-05 0.00063826 0.00493962 0.0225856 0.0615298 0.104038 0.12826 0.157993 0.19622 0.179332 0.102009 0.0345939 0.00693196 0.000819278 5.70936e-05 2.34579e-06 5.68239e-08 8.11543e-10 6.83332e-12 3.3923e-14 9.92904e-17
 8.87644e-12 9.63876e-10 6.17083e-08 2.32918e-06 5.18333e-05 0.000680119 0.00526332 0.0240598 0.0654662 0.110055 0.13282 0.157513 0.191097 0.173492 0.0985472 0.0334104 0.00669443 0.000791196 5.51365e-05 2.26538e-06 5.4876e-08 7.83723e-10 6.59906e-12 3.27597e-14 9.58821e-17
 9.3675e-12 1.0172e-09 6.51221e-08 2.45804e-06 5.47007e-05 0.000717738 0.00555423 0.0253847 0.0690038 0.115463 0.136918 0.157081 0.186493 0.168243 0.0954357 0.0323467 0.00648096 0.000765958 5.33776e-05 2.19311e-06 5.31254e-08 7.58722e-10 6.38854e-12 3.17146e-14 9.2823e-17
 9.75634e-12 1.05942e-09 6.78252e-08 2.56007e-06 5.69712e-05 0.000747525 0.00578458 0.0264338 0.071805 0.119745 0.140163 0.156739 0.182847 0.164087 0.092972 0.0315045 0.00631193 0.000745975 5.19849e-05 2.13589e-06 5.17393e-08 7.38926e-10 6.22186e-12 3.08871e-14 9.04011e-17
 8.98856e-12 9.76051e-10 6.24877e-08 2.3586e-06 5.2488e-05 0.000688708 0.00532974 0.0243623 0.0662739 0.11129 0.133755 0.157414 0.190046 0.172293 0.0978368 0.0331675 0.00664569 0.000785433 5.47349e-05 2.24888e-06 5.44763e-08 7.78015e-10 6.55099e-12 3.25211e-14 9.51833e-17
 7.75783e-12 8.42408e-10 5.39318e-08 2.03566e-06 4.53015e-05 0.000594425 0.00460063 0.0210417 0.0574076 0.0977363 0.123484 0.158496 0.201584 0.185448 0.105635 0.0358334 0.00718071 0.000848686 5.91431e-05 2.43e-06 5.88637e-08 8.40675e-10 7.0786e-12 3.51402e-14 1.02849e-16
 7.00298e-12 7.6044e-10 4.86841e-08 1.83759e-06 4.08937e-05 0.000536598 0.00415344 0.0190051 0.0519696 0.0894236 0.117184 0.15916 0.208662 0.193516 0.110418 0.0374684 0.00750885 0.000887481 6.18468e-05 2.54108e-06 6.15546e-08 8.79106e-10 7.40219e-12 3.67467e-14 1.07551e-16
 7.4452e-12 8.0846e-10 5.17584e-08 1.95363e-06 4.3476e-05 0.000570476 0.00441542 0.0201982 0.0551554 0.0942935 0.120875 0.158771 0.204516 0.188789 0.107616 0.0365105 0.00731661 0.000864753 6.02628e-05 2.47601e-06 5.99782e-08 8.56592e-10 7.21262e-12 3.58056e-14 1.04797e-16
 8.28424e-12 8.99569e-10 5.75913e-08 2.17379e-06 4.83753e-05 0.000634752 0.00491249 0.022462 0.0611999 0.103533 0.127877 0.158033 0.196649 0.179821 0.102299 0.0346931 0.00695187 0.000821631 5.72576e-05 2.35253e-06 5.69871e-08 8.13874e-10 6.85293e-12 3.402e-14 9.95704e-17
 8.02417e-12 8.71329e-10 5.57833e-08 2.10555e-06 4.68567e-05 0.000614829 0.00475842 0.0217603 0.0593263 0.100669 0.125707 0.158262 0.199087 0.182601 0.103947 0.0352565 0.00706492 0.000834997 5.81891e-05 2.3908e-06 5.79142e-08 8.27115e-10 6.96442e-12 3.45734e-14 1.0119e-16
 7.89537e-12 8.57343e-10 5.48879e-08 2.07175e-06 4.61046e-05 0.000604962 0.00468211 0.0214128 0.0583984 0.0992509 0.124632 0.158375 0.200295 0.183978 0.104763 0.0355355 0.00712092 0.000841617 5.86504e-05 2.40976e-06 5.83734e-08 8.33672e-10 7.01963e-12 3.48475e-14 1.01993e-16
 8.16214e-12 8.86311e-10 5.67425e-08 2.14175e-06 4.76623e-05 0.000625398 0.00484015 0.0221326 0.0603202 0.102189 0.126858 0.158141 0.197794 0.181126 0.103073 0.0349576 0.00700495 0.000827907 5.76949e-05 2.3705e-06 5.74224e-08 8.2009e-10 6.90527e-12 3.42798e-14 1.00331e-16
 8.83205e-12 9.59055e-10 6.13996e-08 2.31753e-06 5.15741e-05 0.000676718 0.00523702 0.02394 0.0651463 0.109566 0.132449 0.157552 0.191513 0.173966 0.0988285 0.0335066 0.00671373 0.000793477 5.52955e-05 2.27191e-06 5.50342e-08 7.85983e-10 6.61809e-12 3.28541e-14 9.61582e-17
 9.47621e-12 1.029e-09 6.58778e-08 2.48656e-06 5.53355e-05 0.000726066 0.00561863 0.025678 0.0697869 0.11666 0.137825 0.156985 0.185474 0.167081 0.094747 0.0321113 0.0064337 0.000760371 5.29883e-05 2.17711e-06 5.27379e-08 7.53188e-10 6.34194e-12 3.14833e-14 9.21459e-17
 9.39824e-12 1.02054e-09 6.53357e-08 2.4661e-06 5.48802e-05 0.000720092 0.00557244 0.0254676 0.0692252 0.115801 0.137175 0.157054 0.186205 0.167914 0.095241 0.0322802 0.0064676 0.000764379 5.32675e-05 2.18859e-06 5.30158e-08 7.57157e-10 6.37537e-12 3.16492e-14 9.26316e-17
 9.5363e-12 1.03553e-09 6.62955e-08 2.50233e-06 5.56864e-05 0.000730669 0.00565423 0.0258401 0.0702198 0.117321 0.138327 0.156932 0.18491 0.166439 0.0943662 0.0319811 0.00640758 0.000757283 5.2773e-05 2.16827e-06 5.25237e-08 7.50128e-10 6.31618e-12 3.13554e-14 9.17716e-17
 9.66022e-12 1.04898e-09 6.7157e-08 2.53485e-06 5.641e-05 0.000740162 0.00572764 0.0261745 0.0711125 0.118686 0.139361 0.156824 0.183748 0.165114 0.0935811 0.0317127 0.00635371 0.000750914 5.23292e-05 2.15003e-06 5.20819e-08 7.43819e-10 6.26306e-12 3.10917e-14 9.09998e-17
 9.60719e-12 1.04323e-09 6.67884e-08 2.52093e-06 5.61003e-05 0.0007361 0.00569623 0.0260314 0.0707305 0.118102 0.138918 0.15687 0.184246 0.165681 0.093917 0.0318276 0.00637676 0.00075364 5.25191e-05 2.15784e-06 5.22709e-08 7.46519e-10 6.28579e-12 3.12045e-14 9.13301e-17
 9.63335e-12 1.04607e-09 6.69702e-08 2.5278e-06 5.62531e-05 0.000738104 0.00571172 0.026102 0.070919 0.11839 0.139137 0.156847 0.184 0.165401 0.0937513 0.0317709 0.00636539 0.000752295 5.24254e-05 2.15399e-06 5.21777e-08 7.45187e-10 6.27458e-12 3.11489e-14 9.11671e-17
 1.01149e-11 1.09836e-09 7.0318e-08 2.65416e-06 5.9065e-05 0.000774995 0.00599701 0.0274013 0.0743882 0.123693 0.143156 0.156424 0.179485 0.160254 0.0907 0.0307278 0.00615605 0.000727546 5.07006e-05 2.08312e-06 5.0461e-08 7.2067e-10 6.06814e-12 3.0124e-14 8.81676e-17
 1.05055e-11 1.14077e-09 7.30331e-08 2.75664e-06 6.13456e-05 0.000804915 0.00622839 0.028455 0.0772018 0.127994 0.146415 0.15608 0.175824 0.15608 0.0882254 0.0298818 0.00598627 0.000707473 4.93017e-05 2.02564e-06 4.90687e-08 7.00785e-10 5.90071e-12 2.92928e-14 8.57349e-17
#obs catch len freq
 6.32843e-12 6.87193e-10 4.39947e-08 1.66058e-06 3.69542e-05 0.000484871 0.00375174 0.0171363 0.0464391 0.076575 0.0858566 0.0889073 0.105145 0.118038 0.116974 0.106989 0.0882492 0.0646347 0.0420417 0.0234792 0.0106106 0.00362109 0.000872723 0.000140758 1.46271e-05
 5.42686e-12 5.89293e-10 3.77271e-08 1.42401e-06 3.16898e-05 0.000415808 0.00321776 0.0147063 0.0399718 0.0668118 0.0788644 0.0906515 0.115006 0.130673 0.1277 0.112882 0.0884657 0.0611605 0.0377055 0.0199537 0.00844117 0.00265828 0.00058662 8.64973e-05 8.22704e-06
 5.36783e-13 5.82884e-11 3.73171e-09 1.4086e-07 3.13539e-06 4.11862e-05 0.000320489 0.00150469 0.00462161 0.0118757 0.0324735 0.0786603 0.13524 0.166015 0.165682 0.145923 0.111147 0.0729435 0.0419701 0.0206103 0.0080776 0.00234652 0.00047486 6.39354e-05 5.54378e-06
 8.61641e-12 9.3564e-10 5.99004e-08 2.26094e-06 5.0314e-05 0.00066013 0.00510652 0.0232937 0.0627024 0.0999747 0.0964203 0.0640206 0.0521302 0.0810012 0.125383 0.139939 0.112943 0.0719306 0.0386935 0.0174786 0.006262 0.00166079 0.000306785 3.76768e-05 2.97705e-06
 1.00048e-11 1.0864e-09 6.95525e-08 2.62527e-06 5.84226e-05 0.000766582 0.00593244 0.0271147 0.0736764 0.122665 0.14101 0.147612 0.157902 0.134672 0.0802925 0.0413266 0.0273868 0.0200839 0.0119131 0.00531323 0.00176676 0.000425975 7.12741e-05 7.93685e-06 5.69524e-07
 1.0792e-11 1.17189e-09 7.50252e-08 2.83184e-06 6.30192e-05 0.000826873 0.00639815 0.0292234 0.0791403 0.129704 0.140199 0.128483 0.12886 0.126378 0.104818 0.0700529 0.0352642 0.0135031 0.00472077 0.00169602 0.000527577 0.000119445 1.83527e-05 1.85448e-06 1.20406e-07
 1.28297e-11 1.39315e-09 8.91909e-08 3.36652e-06 7.49177e-05 0.000982979 0.00760547 0.0347244 0.0938587 0.152425 0.158433 0.129763 0.113584 0.105136 0.0878086 0.0619154 0.0341475 0.0139576 0.00427052 0.00104416 0.000220505 3.9556e-05 5.35891e-06 4.935e-07 2.92496e-08
 1.19593e-11 1.29864e-09 8.31398e-08 3.13812e-06 6.98354e-05 0.00091632 0.00709057 0.0323902 0.0877455 0.143839 0.154803 0.13797 0.129728 0.117026 0.0888079 0.0560772 0.0283813 0.0110058 0.00325939 0.00074082 0.000128185 1.68415e-05 1.67697e-06 1.22639e-07 6.20716e-09
 1.14526e-11 1.24361e-09 7.96173e-08 3.00517e-06 6.68769e-05 0.000877511 0.00679057 0.0310251 0.0840992 0.138146 0.149549 0.134864 0.129196 0.120833 0.0963951 0.062448 0.0308164 0.011149 0.00300924 0.000622327 9.77169e-05 1.12466e-05 9.18834e-07 5.22534e-08 2.03968e-09
 1.16043e-11 1.26009e-09 8.06723e-08 3.04499e-06 6.77633e-05 0.000889149 0.00688084 0.0314407 0.0852482 0.140096 0.151542 0.135629 0.1282 0.119222 0.0951796 0.061461 0.0300379 0.0106871 0.0027882 0.000541383 7.76833e-05 8.03983e-06 5.83206e-07 2.8852e-08 9.51141e-10
 1.18153e-11 1.283e-09 8.21388e-08 3.10035e-06 6.89955e-05 0.00090533 0.00700641 0.0320201 0.0868689 0.142994 0.155195 0.139058 0.130197 0.118909 0.0923247 0.0570525 0.0262336 0.00865697 0.00207923 0.000372326 4.94239e-05 4.71025e-06 3.11161e-07 1.38533e-08 4.06722e-10
 1.27505e-11 1.38455e-09 8.86404e-08 3.34576e-06 7.44568e-05 0.000976992 0.00756093 0.0345513 0.0936853 0.153762 0.164691 0.141988 0.126333 0.111629 0.0844128 0.050196 0.0217967 0.00664292 0.00143848 0.000228578 2.6928e-05 2.3007e-06 1.37578e-07 5.56827e-09 1.48473e-10
 1.18348e-11 1.28512e-09 8.22745e-08 3.10548e-06 6.91106e-05 0.000906885 0.00701969 0.0321012 0.0872816 0.144698 0.159995 0.147116 0.137282 0.119936 0.0867283 0.0490565 0.0203958 0.00597275 0.00123267 0.000182692 1.95466e-05 1.48778e-06 7.87181e-08 2.82682e-09 6.73382e-11
 1.01875e-11 1.10625e-09 7.0823e-08 2.67325e-06 5.94927e-05 0.000780732 0.00604482 0.0276709 0.0755175 0.126877 0.146152 0.145811 0.1475 0.135835 0.101184 0.0568385 0.0224594 0.00600954 0.00109941 0.000142577 1.34382e-05 9.12557e-07 4.32948e-08 1.39012e-09 2.94729e-11
 8.67551e-12 9.4206e-10 6.03117e-08 2.27652e-06 5.06646e-05 0.000664937 0.00514992 0.0236017 0.0646799 0.110216 0.132192 0.141848 0.153853 0.149498 0.116106 0.0667861 0.0266698 0.00718442 0.0013151 0.000166736 1.47675e-05 9.07623e-07 3.81832e-08 1.08284e-09 2.0358e-11
 9.51481e-12 1.0332e-09 6.61466e-08 2.49675e-06 5.55658e-05 0.000729246 0.00564734 0.0258672 0.0707148 0.119292 0.138476 0.140051 0.146526 0.143168 0.112389 0.0641783 0.025037 0.00654554 0.00116344 0.000143703 1.23991e-05 7.36136e-07 2.93952e-08 7.73856e-10 1.32315e-11
 1.03402e-11 1.12282e-09 7.18844e-08 2.71334e-06 6.03867e-05 0.000792543 0.00613815 0.0281232 0.0769304 0.129863 0.150185 0.148321 0.146942 0.133843 0.0983757 0.0536099 0.020423 0.00531335 0.000948735 0.000117301 1.00002e-05 5.78425e-07 2.22689e-08 5.60836e-10 9.10161e-12
 1.05087e-11 1.14113e-09 7.30564e-08 2.7576e-06 6.13727e-05 0.00080553 0.00623985 0.0286045 0.0783673 0.132801 0.154654 0.153213 0.149793 0.132434 0.0931508 0.0479431 0.0170568 0.00410935 0.00067856 7.83474e-05 6.3418e-06 3.52967e-07 1.31361e-08 3.18935e-10 4.95979e-12
 9.3241e-12 1.01249e-09 6.48213e-08 2.44679e-06 5.4458e-05 0.000714888 0.00554071 0.0254451 0.0701178 0.120949 0.147247 0.156046 0.159459 0.142073 0.0990769 0.0504144 0.0178008 0.00427311 0.000699978 7.88524e-05 6.09251e-06 3.18698e-07 1.10966e-08 2.52814e-10 3.70823e-12
 9.8914e-12 1.07409e-09 6.87652e-08 2.59566e-06 5.77715e-05 0.000758377 0.00587726 0.0269784 0.0741901 0.126949 0.150952 0.154118 0.154771 0.139002 0.097188 0.0484201 0.0163773 0.00371777 0.000574021 6.12147e-05 4.50502e-06 2.24787e-07 7.42948e-09 1.59374e-10 2.18482e-12
 9.98711e-12 1.08449e-09 6.94311e-08 2.62083e-06 5.83343e-05 0.000765866 0.00593768 0.0272881 0.0752951 0.129951 0.156995 0.161747 0.158512 0.135065 0.0890736 0.0421596 0.0136698 0.00298729 0.000442615 4.48882e-05 3.11164e-06 1.45459e-07 4.50066e-09 9.04998e-11 1.16384e-12
 1.14683e-11 1.24532e-09 7.9728e-08 3.0095e-06 6.69841e-05 0.000879364 0.00681561 0.0312867 0.0859566 0.146153 0.169247 0.161627 0.148132 0.121916 0.0783219 0.0358186 0.0111129 0.00230718 0.000323209 3.08999e-05 2.01492e-06 8.83721e-08 2.55647e-09 4.78922e-11 5.7234e-13
 1.05076e-11 1.14101e-09 7.30502e-08 2.75753e-06 6.13822e-05 0.000806083 0.00625377 0.0287929 0.0798006 0.138973 0.169578 0.172684 0.160117 0.125009 0.074548 0.0318749 0.0093689 0.00185773 0.000248654 2.25831e-05 1.38776e-06 5.69755e-08 1.53644e-09 2.67693e-11 2.97078e-13
 1.10056e-11 1.19509e-09 7.6513e-08 2.88825e-06 6.42918e-05 0.000844265 0.00654888 0.0301292 0.0832643 0.143623 0.17112 0.16881 0.155296 0.123447 0.0745532 0.0314858 0.00891236 0.00167091 0.000209119 1.76745e-05 1.01049e-06 3.86397e-08 9.70506e-10 1.57263e-11 1.61971e-13
 1.00829e-11 1.0949e-09 7.00994e-08 2.64627e-06 5.89141e-05 0.000773971 0.00601085 0.027749 0.0774174 0.136792 0.171007 0.177933 0.165098 0.126215 0.0722571 0.0291075 0.0079426 0.00144473 0.000175136 1.41974e-05 7.67761e-07 2.74269e-08 6.38595e-10 9.56039e-12 9.09016e-14
 1.0214e-11 1.10914e-09 7.10118e-08 2.68076e-06 5.96837e-05 0.000784131 0.00609033 0.028116 0.0783876 0.138064 0.17122 0.176832 0.164843 0.127075 0.0720791 0.0279614 0.00715072 0.00119406 0.000131342 9.65247e-06 4.76838e-07 1.57125e-08 3.39517e-10 4.7223e-12 4.16249e-14
 9.89381e-12 1.07438e-09 6.87875e-08 2.59693e-06 5.78255e-05 0.000760002 0.00590871 0.0273462 0.0767124 0.136948 0.173587 0.182092 0.167933 0.125617 0.0690373 0.0261675 0.00660585 0.00109527 0.000119151 8.52414e-06 4.00539e-07 1.22864e-08 2.43826e-10 3.09961e-12 2.49919e-14
 9.53469e-12 1.03539e-09 6.62925e-08 2.50287e-06 5.57386e-05 0.000732822 0.00570211 0.0264424 0.0745149 0.134297 0.172977 0.184602 0.171595 0.12762 0.0688285 0.0253442 0.00618327 0.000990293 0.000104311 7.24358e-06 3.30263e-07 9.78099e-09 1.85653e-10 2.23065e-12 1.67974e-14
 1.00222e-11 1.08834e-09 6.96839e-08 2.63099e-06 5.85962e-05 0.000770503 0.00599682 0.0278171 0.0783691 0.140808 0.17935 0.187035 0.168625 0.121047 0.0624971 0.0218082 0.00499317 0.000744343 7.26029e-05 4.66723e-06 1.97903e-07 5.48985e-09 9.82431e-11 1.11731e-12 7.97071e-15
#spawning biomass
 9653.75 8424.69 7513.56 7216.31 10449.6 15701.2 25918.6 35481.6 52933 68444.2 80978.5 114089 150880 173100 169705 155970 160240 160945 166494 157477 164453 185846 219404 233304 223821 217778 216008 244276 224237 135375 268264 293263 279944 248261 212124 179030 151904 131112 115865 105026 97488.1 92332.4 88848.7 86501.5 84911.3 83880.1 83211.5 82777.9 82496.8 82314.5 82196.3 82119.6 82069.9 82037.7 82016.8 82003.2 81994.4 81988.7 81985.1 81982.7 81981.1 81980.1 81979.4 81979 81978.7 81978.6 81978.5 81978.4 81978.3 81978.3 81978.3 81978.3 81978.3 81978.2 81978.2 81978.2 81978.2 81978.2 81978.2 81978.2 81978.2 81978.2 81978.2 81978.2 81978.2 81978.2 81978.2 81978.2 81978.2 81978.2 81978.2 81978.2 81978.2 81978.2 81978.2 81978.2 81978.2 81978.2 81978.2 81978.2 81978.2 81978.2 81978.2 81978.2 81978.2 81978.2 81978.2 81978.2 81978.2 81978.2 81978.2 81978.2 81978.2 81978.2 81978.2 81978.2 81978.2 81978.2 81978.2 81978.2 81978.2 81978.2 81978.2 81978.2 81978.2 81978.2 81978.2 81978.2 81978.2 0 0 0 0 0 0 0 0 0 0 0 0 0 0 0 0 0 0 0 0 0 0 0 0 0
