SBPRF35
0.819782
Curr Bio
273380
B35
942709
F35
0.217277
FOFL
0.0620654
OFL
13074.9
Bzero
234224
#pred survey bio
 9341.23 8946.13 6893.1 7668.67 11368.2 17637.1 22724.1 33022.4 44967.7 65458.8 81411 111224 144905 165005 175291 138181 135919 143581 168404 177671 148367 158219 153203 189387 211595 234067 236149 220204 246588 9.66623e+06 1.07888e+07 1.15116e+07 1.08336e+07 9.47029e+06 7.94066e+06 6.52904e+06 5.35074e+06 4.42432e+06 3.72309e+06 3.20516e+06 2.82847e+06 2.55692e+06 2.36178e+06 2.21994e+06 2.11551e+06 2.0414e+06 1.98819e+06 1.94955e+06 1.92114e+06 1.9e+06 1.88408e+06 1.87197e+06 1.86266e+06 1.85542e+06 1.84977e+06 1.8453e+06 1.84176e+06 1.83894e+06 1.83667e+06 1.83485e+06 1.83338e+06 1.83219e+06 1.83122e+06 1.83044e+06 1.8298e+06 1.82928e+06 1.82886e+06 1.82851e+06 1.82823e+06 1.828e+06 1.82781e+06 1.82766e+06 1.82753e+06 1.82743e+06 1.82734e+06 1.82727e+06 1.82722e+06 1.82717e+06 1.82713e+06 1.8271e+06 1.82708e+06 1.82706e+06 1.82704e+06 1.82702e+06 1.82701e+06 1.827e+06 1.827e+06 1.82699e+06 1.82699e+06 1.82698e+06 1.82698e+06 1.82697e+06 1.82697e+06 1.82697e+06 1.82697e+06 1.82697e+06 1.82697e+06 1.82697e+06 1.82697e+06 1.82696e+06 1.82696e+06 1.82696e+06 1.82696e+06 1.82696e+06 1.82696e+06 1.82696e+06 1.82696e+06 1.82696e+06 1.82696e+06 1.82696e+06 1.82696e+06 1.82696e+06 1.82696e+06 1.82696e+06 1.82696e+06 1.82696e+06 1.82696e+06 1.82696e+06 1.82696e+06 1.82696e+06 1.82696e+06 1.82696e+06 1.82696e+06 1.82696e+06 1.82696e+06 1.82696e+06 1.82696e+06 1.82696e+06 1.82696e+06 0 0 0 0 0 0 0 0 0 0 0 0 0 0 0 0 0 0 0 0 0 0 0 0 0
#obs survey bio
 8838.84 6878.38 7193.59 8734.49 11083.5 24421.8 21038 39048.3 48560.8 61166.1 79651.7 134706 119758 128612 136590 121190 118996 174977 217850 152325 153860 146071 159653 205776 213310 311184 235242 228670 268302
#pred catch bio
 3989.56 4623.5 3262.09 3643.69 5451.35 11061.9 13561.2 21255.6 27524.2 46666 54654.5 77036.4 110784 122236 144977 109715 109548 107803 128614 155786 121401 138336 128471 168299 185262 205826 214821 188873 206414 13074.9 90653 96019.3 89389.7 77052.9 63515.3 51215.4 41106.9 33299.3 27514.6 23352 20419.4 18385.3 16990.3 16034.9 15381.3 14950.7 14667 14480.1 14357 14275.8 14222.4 14187.2 14164 14148.7 14138.6 14132 14127.6 14124.7 14122.8 14121.6 14120.7 14120.2 14119.8 14119.6 14119.4 14119.3 14119.3 14119.2 14119.2 14119.2 14119.2 14119.2 14119.2 14119.2 14119.2 14119.2 14119.2 14119.2 14119.2 14119.2 14119.1 14119.1 14119.1 14119.1 14119.1 14119.1 14119.1 14119.1 14119.1 14119.1 14119.1 14119.1 14119.1 14119.1 14119.1 14119.1 14119.1 14119.1 14119.1 14119.1 14119.1 14119.1 14119.1 14119.1 14119.1 14119.1 14119.1 14119.1 14119.1 14119.1 14119.1 14119.1 14119.1 14119.1 14119.1 14119.1 14119.1 14119.1 14119.1 14119.1 14119.1 14119.1 14119.1 14119.1 14119.1 14119.1 14119.1 14119.1 14119.1 0 0 0 0 0 0 0 0 0 0 0 0 0 0 0 0 0 0 0 0 0 0 0 0 0
#obs catch bio
 3147.42 4791.89 3578.59 3511.18 5270.89 10735.8 12577.1 19312.6 25887.7 44857.5 52021.4 71675.3 113098 123177 158552 119123 111858 103192 114657 155805 113218 129790 127866 159063 180847 188641 200423 176723 205047
#pred cpue bio
 8901.81 8677.18 6488.23 6853.05 10038 15666.6 19813.6 28876.4 39059.6 57075.5 70373.4 96717.2 125363 144448 157547 122041 118178 124050 147693 156490 127780 137430 128913 159061 177870 199590 202508 186762 209012 8.35049e+06 1.07526e+07 1.14793e+07 1.08013e+07 9.43803e+06 7.9084e+06 6.49677e+06 5.31848e+06 4.39206e+06 3.69082e+06 3.17289e+06 2.7962e+06 2.52465e+06 2.32951e+06 2.18768e+06 2.08324e+06 2.00913e+06 1.95593e+06 1.91728e+06 1.88887e+06 1.86773e+06 1.85182e+06 1.83971e+06 1.83039e+06 1.82316e+06 1.8175e+06 1.81304e+06 1.8095e+06 1.80667e+06 1.80441e+06 1.80259e+06 1.80111e+06 1.79992e+06 1.79896e+06 1.79818e+06 1.79754e+06 1.79702e+06 1.79659e+06 1.79625e+06 1.79596e+06 1.79573e+06 1.79555e+06 1.79539e+06 1.79527e+06 1.79516e+06 1.79508e+06 1.79501e+06 1.79495e+06 1.79491e+06 1.79487e+06 1.79484e+06 1.79481e+06 1.79479e+06 1.79477e+06 1.79476e+06 1.79475e+06 1.79474e+06 1.79473e+06 1.79473e+06 1.79472e+06 1.79472e+06 1.79471e+06 1.79471e+06 1.79471e+06 1.79471e+06 1.7947e+06 1.7947e+06 1.7947e+06 1.7947e+06 1.7947e+06 1.7947e+06 1.7947e+06 1.7947e+06 1.7947e+06 1.7947e+06 1.7947e+06 1.7947e+06 1.7947e+06 1.7947e+06 1.7947e+06 1.7947e+06 1.7947e+06 1.7947e+06 1.7947e+06 1.7947e+06 1.7947e+06 1.7947e+06 1.7947e+06 1.7947e+06 1.7947e+06 1.7947e+06 1.7947e+06 1.7947e+06 1.7947e+06 1.7947e+06 1.7947e+06 1.7947e+06 1.7947e+06 1.7947e+06 1.7947e+06 0 0 0 0 0 0 0 0 0 0 0 0 0 0 0 0 0 0 0 0 0 0 0 0 0
#obs cpue bio
 12179.6 7777.86 5397.02 8962.68 9833.16 16291.8 27912 38796.5 36306.7 77280.8 75894.9 118815 115878 167695 146571 94321.5 137150 123536 198749 177318 151996 204132 109118 208318 170396 241870 256068 224608 211375
#pred surv len freq
 6.05867e-12 6.57899e-10 4.21194e-08 1.5898e-06 3.53793e-05 0.000464228 0.00359284 0.0164299 0.0447904 0.0759812 0.0948376 0.119918 0.154865 0.156049 0.118522 0.0799828 0.0523195 0.0321364 0.0190606 0.0114386 0.00718586 0.00490885 0.00360069 0.00250051 0.00137901
 4.38601e-12 4.76269e-10 3.04912e-08 1.15089e-06 2.5612e-05 0.000336075 0.00260132 0.0119027 0.0325452 0.0559821 0.0733726 0.100608 0.138132 0.149632 0.13129 0.106794 0.0793308 0.0514682 0.0301692 0.0164975 0.00875685 0.00484219 0.00293277 0.00181766 0.000962097
 8.10855e-12 8.80492e-10 5.63699e-08 2.12768e-06 4.73488e-05 0.000621251 0.00480674 0.0219493 0.059403 0.0973018 0.105972 0.101403 0.108532 0.110015 0.0979333 0.0852604 0.0719156 0.0552366 0.0373281 0.0216845 0.0110258 0.0052066 0.0024954 0.00126233 0.000597767
 1.15662e-11 1.25595e-09 8.04074e-08 3.03498e-06 6.75393e-05 0.000886155 0.00685595 0.0312972 0.0845725 0.137482 0.14483 0.126102 0.119684 0.106798 0.0758075 0.0494675 0.035994 0.0284591 0.0218267 0.0148034 0.00843217 0.00401354 0.00167987 0.000674287 0.00026212
 1.1393e-11 1.23715e-09 7.92033e-08 2.98953e-06 6.6528e-05 0.000872894 0.00675364 0.030837 0.0834216 0.13636 0.147127 0.13675 0.138491 0.124517 0.0833869 0.0462633 0.0256158 0.0150299 0.0097126 0.00670287 0.00430443 0.00230917 0.00100026 0.000360774 0.000114499
 1.08262e-11 1.1756e-09 7.52629e-08 2.8408e-06 6.32183e-05 0.000829471 0.00641783 0.029307 0.0793287 0.130041 0.142036 0.136309 0.142692 0.131056 0.0904773 0.0524388 0.0289446 0.0148721 0.00727173 0.00375848 0.00212949 0.00118838 0.00056367 0.000210739 6.18874e-05
 1.1703e-11 1.2708e-09 8.1358e-08 3.07086e-06 6.83379e-05 0.00089664 0.00693736 0.0316755 0.0856861 0.140029 0.150935 0.139905 0.141218 0.126518 0.0840112 0.0455947 0.0239627 0.0122529 0.00582236 0.00256646 0.00109692 0.000490079 0.00022009 8.55305e-05 2.57148e-05
 1.14467e-11 1.24298e-09 7.95764e-08 3.00362e-06 6.68415e-05 0.000877009 0.00678556 0.0309846 0.0838464 0.137259 0.149048 0.140839 0.144795 0.130384 0.0861665 0.0459445 0.0232698 0.0112572 0.00505885 0.00213283 0.000829718 0.000299293 0.000105283 3.59976e-05 1.06247e-05
 1.17552e-11 1.27648e-09 8.17214e-08 3.08458e-06 6.86431e-05 0.000900646 0.00696838 0.0318179 0.0860809 0.140752 0.152073 0.141812 0.143842 0.128537 0.0840928 0.0439593 0.0217154 0.0102383 0.00443011 0.00176783 0.000644478 0.000212002 6.29049e-05 1.71716e-05 4.2946e-06
 1.15515e-11 1.25436e-09 8.03052e-08 3.03112e-06 6.74536e-05 0.00088504 0.00684768 0.0312679 0.0846082 0.138467 0.150178 0.141459 0.144954 0.130236 0.0857316 0.0452734 0.0225 0.0105135 0.0044448 0.00171621 0.000597851 0.000184416 4.97722e-05 1.16747e-05 2.38702e-06
 1.18784e-11 1.28986e-09 8.25779e-08 3.1169e-06 6.93626e-05 0.000910086 0.00704144 0.032152 0.0869918 0.142297 0.153996 0.144176 0.146502 0.129932 0.0827058 0.0406587 0.0186598 0.00839622 0.00352243 0.00134836 0.000458933 0.000136115 3.46455e-05 7.43205e-06 1.32556e-06
 1.15734e-11 1.25673e-09 8.04572e-08 3.03686e-06 6.75813e-05 0.000886717 0.0068607 0.0313283 0.0847851 0.138864 0.151103 0.143495 0.147957 0.132413 0.0854017 0.0429788 0.0199619 0.00869034 0.0034084 0.00123217 0.000407873 0.000118765 2.93476e-05 5.98799e-06 9.87043e-07
 1.1848e-11 1.28655e-09 8.23661e-08 3.10891e-06 6.91847e-05 0.000907752 0.00702338 0.0320694 0.0867666 0.141915 0.153524 0.143607 0.145911 0.129793 0.083433 0.04184 0.0194616 0.00857141 0.00339178 0.00120126 0.00037715 0.000103869 2.46991e-05 4.88812e-06 7.73378e-07
 1.10522e-11 1.20014e-09 7.68339e-08 2.9001e-06 6.45379e-05 0.000846791 0.006552 0.0299238 0.0810534 0.133311 0.147639 0.146393 0.156575 0.140511 0.0878021 0.0408245 0.0171999 0.00713023 0.00277161 0.000983687 0.000308981 8.32555e-05 1.89081e-05 3.55638e-06 5.3917e-07
 9.54055e-12 1.03599e-09 6.6325e-08 2.50344e-06 5.5711e-05 0.000730985 0.00565637 0.0258429 0.0701316 0.116408 0.133805 0.144374 0.165669 0.153388 0.0990019 0.04898 0.0220109 0.0091088 0.00330788 0.00108826 0.000328349 8.74435e-05 1.96669e-05 3.60357e-06 5.23607e-07
 1.05883e-11 1.14977e-09 7.36092e-08 2.77838e-06 6.18294e-05 0.000811255 0.00627716 0.0286713 0.0776981 0.128092 0.143241 0.145353 0.158715 0.143998 0.0913445 0.0438726 0.0192513 0.00810217 0.00307944 0.00103285 0.000299989 7.49549e-05 1.6087e-05 2.87822e-06 4.10176e-07
 1.14647e-11 1.24492e-09 7.97013e-08 3.00833e-06 6.69464e-05 0.000878388 0.00679634 0.0310362 0.0840198 0.137813 0.15089 0.145508 0.151934 0.135673 0.0856082 0.0408496 0.0176782 0.00727492 0.00270579 0.000908227 0.000270199 6.83331e-05 1.42825e-05 2.4309e-06 3.31468e-07
 1.17193e-11 1.27258e-09 8.14718e-08 3.07515e-06 6.84335e-05 0.000897899 0.00694727 0.0317246 0.0858717 0.140756 0.153672 0.147095 0.152323 0.134856 0.0833812 0.0379024 0.015323 0.00601038 0.00217784 0.000715023 0.000208915 5.26903e-05 1.11264e-05 1.89589e-06 2.52478e-07
 1.09569e-11 1.18979e-09 7.61715e-08 2.8751e-06 6.39815e-05 0.000839491 0.00649553 0.0296662 0.0803605 0.132209 0.146594 0.1458 0.15649 0.141079 0.0891647 0.0424211 0.0180963 0.00716862 0.00249233 0.000773184 0.000216559 5.31476e-05 1.10396e-05 1.87253e-06 2.4972e-07
 1.07549e-11 1.16785e-09 7.47671e-08 2.82209e-06 6.28019e-05 0.000824015 0.00637583 0.0291205 0.0788962 0.129912 0.144565 0.145026 0.156904 0.142143 0.0905816 0.0439647 0.0194058 0.00802689 0.00292567 0.000931758 0.000256363 6.00564e-05 1.19203e-05 1.96025e-06 2.57025e-07
 1.17989e-11 1.28122e-09 8.20251e-08 3.09604e-06 6.88983e-05 0.000903998 0.00699447 0.0319405 0.0864611 0.141762 0.15495 0.148714 0.154155 0.135739 0.0822205 0.0354167 0.0131927 0.00491167 0.00176778 0.000582084 0.000167079 4.01352e-05 7.89492e-06 1.25252e-06 1.57692e-07
 1.13726e-11 1.23493e-09 7.90613e-08 2.98417e-06 6.64089e-05 0.000871338 0.00674187 0.0307895 0.0833794 0.136983 0.150995 0.148004 0.15654 0.139374 0.0857278 0.0381712 0.0147034 0.00529507 0.0016925 0.000489239 0.000132213 3.20086e-05 6.49592e-06 1.05112e-06 1.31481e-07
 1.29187e-11 1.40281e-09 8.98094e-08 3.38986e-06 7.54367e-05 0.000989778 0.00765785 0.0349623 0.094537 0.154168 0.164653 0.14872 0.145202 0.124926 0.0750168 0.0318885 0.0114763 0.00397628 0.00127175 0.000361181 8.99522e-05 1.94831e-05 3.6783e-06 5.8722e-07 7.46185e-08
 1.2985e-11 1.41002e-09 9.02708e-08 3.40727e-06 7.58243e-05 0.000994864 0.00769718 0.0351416 0.0950183 0.154925 0.165328 0.148998 0.145105 0.124611 0.0745611 0.0313659 0.0110158 0.00366284 0.00110763 0.00029811 7.19324e-05 1.50787e-05 2.6574e-06 3.87474e-07 4.60443e-08
 1.28766e-11 1.39824e-09 8.95168e-08 3.37882e-06 7.5191e-05 0.000986556 0.00763296 0.0348498 0.0942473 0.153813 0.164817 0.150178 0.147777 0.126879 0.0748161 0.0301042 0.00971438 0.0029709 0.000852349 0.000219357 5.01846e-05 9.95816e-06 1.67503e-06 2.32817e-07 2.59091e-08
 1.21983e-11 1.32459e-09 8.48014e-08 3.20083e-06 7.12303e-05 0.000934594 0.00723111 0.0330193 0.0893552 0.146298 0.158941 0.150184 0.153246 0.133574 0.0794479 0.0324776 0.0107395 0.00329866 0.000906206 0.000215548 4.56351e-05 8.51425e-06 1.35319e-06 1.77823e-07 1.87618e-08
 1.19324e-11 1.29572e-09 8.2953e-08 3.13107e-06 6.96778e-05 0.000914225 0.00707359 0.0323016 0.0874352 0.143333 0.156546 0.149934 0.154999 0.135917 0.0813191 0.0337192 0.0114652 0.00363557 0.00102508 0.00024695 5.12178e-05 9.00118e-06 1.32389e-06 1.61789e-07 1.60231e-08
 1.24542e-11 1.35238e-09 8.65808e-08 3.26799e-06 7.27248e-05 0.000954201 0.00738275 0.0337101 0.0912022 0.149142 0.161196 0.150285 0.151338 0.131141 0.0776343 0.0314189 0.0102293 0.00313365 0.000882821 0.000217741 4.64519e-05 8.2919e-06 1.20512e-06 1.40639e-07 1.30008e-08
 1.25349e-11 1.36114e-09 8.71412e-08 3.28915e-06 7.31956e-05 0.000960377 0.00743049 0.033927 0.0917742 0.149959 0.161534 0.149292 0.149183 0.129375 0.077569 0.0325874 0.0113379 0.00365395 0.00103003 0.000247141 5.17854e-05 9.31307e-06 1.38245e-06 1.63744e-07 1.50252e-08
#obs surv len freq
 7.76795e-12 8.43508e-10 5.40021e-08 2.03831e-06 4.536e-05 0.000595155 0.00460478 0.0210259 0.0568879 0.0930608 0.100876 0.0959452 0.104603 0.112658 0.108194 0.0965148 0.0784017 0.0568404 0.0366842 0.0202747 0.00898419 0.00298216 0.000698551 0.000110048 1.12429e-05
 1.18899e-12 1.2911e-10 8.26578e-09 3.11998e-07 6.94368e-06 9.11442e-05 0.000706681 0.00326093 0.0092848 0.0188651 0.0374069 0.0776578 0.129665 0.16012 0.161704 0.143243 0.108843 0.0717945 0.0425956 0.022036 0.00917066 0.00283675 0.000613111 8.84744e-05 8.24995e-06
 1.57627e-11 1.71164e-09 1.09581e-07 4.13612e-06 9.20432e-05 0.00120762 0.00934136 0.0426042 0.114591 0.181966 0.171695 0.100496 0.0493957 0.0474469 0.0682211 0.076423 0.0617133 0.0390246 0.0210277 0.00976857 0.00369412 0.0010492 0.000208662 2.76392e-05 2.3581e-06
 1.36716e-11 1.48457e-09 9.50434e-08 3.58742e-06 7.98334e-05 0.00104747 0.00810429 0.0370006 0.100022 0.162712 0.171048 0.145429 0.129099 0.103706 0.0613648 0.0311144 0.0200761 0.0146493 0.00876394 0.00398312 0.00137393 0.000350652 6.30131e-05 7.5916e-06 5.90988e-07
 1.10599e-11 1.20098e-09 7.68876e-08 2.90213e-06 6.45833e-05 0.000847388 0.00655663 0.0299422 0.0810331 0.132472 0.142039 0.128144 0.127126 0.124182 0.102775 0.0691315 0.0352502 0.0135127 0.00461752 0.00163781 0.000520615 0.000123304 2.01262e-05 2.1849e-06 1.53537e-07
 1.25674e-11 1.36467e-09 8.73672e-08 3.29768e-06 7.33856e-05 0.000962871 0.00744971 0.03401 0.0918962 0.149068 0.154488 0.12621 0.11155 0.105875 0.0914578 0.0667678 0.0379059 0.0158431 0.00492128 0.00120868 0.000255287 4.66008e-05 6.58838e-06 6.4434e-07 4.09815e-08
 1.2645e-11 1.3731e-09 8.79072e-08 3.31807e-06 7.38395e-05 0.00096884 0.00749633 0.0342315 0.0925943 0.150864 0.158859 0.134577 0.120999 0.108991 0.0850971 0.0564918 0.0305859 0.0128396 0.00411863 0.000999867 0.000181181 2.45736e-05 2.52125e-06 1.91985e-07 1.02642e-08
 1.22843e-11 1.33393e-09 8.53996e-08 3.22342e-06 7.17335e-05 0.000941217 0.00728293 0.0332631 0.0900383 0.147087 0.156219 0.134866 0.123695 0.11323 0.0894834 0.0584416 0.0297663 0.0113814 0.00332476 0.000756236 0.000130606 1.63389e-05 1.43005e-06 8.61826e-08 3.54969e-09
 1.14462e-11 1.24292e-09 7.95729e-08 3.00349e-06 6.68396e-05 0.000877024 0.00678684 0.031009 0.0840668 0.13817 0.14988 0.135748 0.130273 0.121175 0.0957293 0.0615129 0.0302159 0.0108809 0.0029091 0.000592962 9.18137e-05 1.04442e-05 8.36995e-07 4.55416e-08 1.63748e-09
 1.24987e-11 1.35721e-09 8.689e-08 3.27968e-06 7.29858e-05 0.000957663 0.00741059 0.0338522 0.0916805 0.149934 0.159261 0.136252 0.122885 0.112529 0.089589 0.0570452 0.0268835 0.00900677 0.00218201 0.000395845 5.41511e-05 5.44289e-06 3.87464e-07 1.8878e-08 6.11405e-10
 1.06462e-11 1.15605e-09 7.40116e-08 2.79359e-06 6.21694e-05 0.000815789 0.00631435 0.028875 0.0785405 0.130658 0.147126 0.14277 0.142741 0.13054 0.0977912 0.0579535 0.0256083 0.00805423 0.0018092 0.00029796 3.62951e-05 3.2124e-06 2.00687e-07 8.59652e-09 2.45953e-10
 1.1952e-11 1.29785e-09 8.30897e-08 3.13624e-06 6.97944e-05 0.000915817 0.00708763 0.032391 0.0878567 0.1444 0.155577 0.136812 0.126947 0.11895 0.0953996 0.0587356 0.0255244 0.00754086 0.00153804 0.000225278 2.42511e-05 1.89736e-06 1.0467e-07 3.94875e-09 9.93425e-11
 1.08384e-11 1.17693e-09 7.53479e-08 2.84404e-06 6.32928e-05 0.000830566 0.00642968 0.0294168 0.080134 0.133828 0.151642 0.146882 0.144061 0.128829 0.0940818 0.0534931 0.0222755 0.00649779 0.00132235 0.000190196 1.93854e-05 1.38373e-06 6.80366e-08 2.26621e-09 5.02506e-11
 9.16401e-12 9.95104e-10 6.37076e-08 2.40469e-06 5.35162e-05 0.000702322 0.00543838 0.0249067 0.0681019 0.11524 0.135841 0.14208 0.151225 0.145207 0.112103 0.0646308 0.0259581 0.0070259 0.00129797 0.000169402 1.59287e-05 1.06504e-06 4.907e-08 1.5121e-09 3.05033e-11
 8.14452e-12 8.844e-10 5.66203e-08 2.13718e-06 4.75639e-05 0.000624253 0.00483516 0.0221651 0.0608062 0.104017 0.126281 0.138863 0.154953 0.154627 0.122818 0.0716838 0.0288423 0.00780111 0.00143297 0.000182503 1.62535e-05 1.00379e-06 4.2289e-08 1.19374e-09 2.217e-11
 1.03567e-11 1.12461e-09 7.19989e-08 2.71765e-06 6.04812e-05 0.000793721 0.00614564 0.0281322 0.076727 0.128345 0.145169 0.139682 0.140319 0.135565 0.106577 0.0610573 0.0238904 0.00626528 0.00111768 0.000138602 1.20072e-05 7.15739e-07 2.86967e-08 7.5839e-10 1.30059e-11
 1.02602e-11 1.11414e-09 7.13288e-08 2.69238e-06 5.99206e-05 0.00078645 0.00609167 0.0279222 0.0764996 0.129813 0.152223 0.153109 0.151083 0.133183 0.0941961 0.050095 0.0189559 0.00495974 0.000896164 0.000112234 9.67041e-06 5.63667e-07 2.18195e-08 5.51807e-10 8.98652e-12
 9.90542e-12 1.07561e-09 6.88623e-08 2.59929e-06 5.785e-05 0.000759315 0.00588249 0.0269769 0.074013 0.126037 0.148908 0.151714 0.152791 0.138153 0.0989137 0.0516789 0.0186618 0.00457805 0.000773267 9.15442e-05 7.58425e-06 4.30112e-07 1.62328e-08 3.98139e-10 6.23707e-12
 9.20926e-12 1.00002e-09 6.40229e-08 2.41665e-06 5.37873e-05 0.000706082 0.00547242 0.0251309 0.0692473 0.119429 0.145414 0.154462 0.158987 0.143319 0.101309 0.0522719 0.0187437 0.00458575 0.000768743 8.88495e-05 7.04532e-06 3.77691e-07 1.34448e-08 3.12218e-10 4.65241e-12
 1.05807e-11 1.14894e-09 7.35569e-08 2.77652e-06 6.17959e-05 0.000811161 0.00628511 0.0288313 0.0791041 0.134346 0.156444 0.153783 0.149231 0.131954 0.0921783 0.046433 0.0160722 0.00377907 0.000609763 6.80804e-05 5.2198e-06 2.69349e-07 9.14936e-09 2.00859e-10 2.80977e-12
 9.77132e-12 1.06106e-09 6.79309e-08 2.56422e-06 5.70754e-05 0.000749387 0.00581121 0.0267267 0.0739235 0.128496 0.157765 0.165531 0.161912 0.134894 0.0868489 0.0406204 0.013219 0.00294213 0.000449671 4.74787e-05 3.44054e-06 1.67995e-07 5.40768e-09 1.12515e-10 1.48907e-12
 1.02672e-11 1.1149e-09 7.13783e-08 2.69435e-06 5.99719e-05 0.000787403 0.00610527 0.0280626 0.0774275 0.133405 0.160005 0.162579 0.157745 0.133538 0.0863718 0.0392064 0.0119344 0.00240976 0.000327552 3.06236e-05 1.98475e-06 8.80346e-08 2.60786e-09 5.03442e-11 6.21002e-13
 1.12389e-11 1.22042e-09 7.81343e-08 2.9494e-06 6.56501e-05 0.000861997 0.00668427 0.0307269 0.0847478 0.145539 0.171959 0.167645 0.15257 0.120976 0.074084 0.0323421 0.00960932 0.00190789 0.000253407 2.26515e-05 1.36294e-06 5.47909e-08 1.45447e-09 2.51637e-11 2.79941e-13
 1.10963e-11 1.20494e-09 7.71434e-08 2.91206e-06 6.48236e-05 0.000851314 0.00660513 0.0304102 0.0842207 0.146082 0.175824 0.174199 0.156762 0.119168 0.0686643 0.0279048 0.00765909 0.0013963 0.000169923 1.3972e-05 7.79001e-07 2.91383e-08 7.17579e-10 1.14191e-11 1.15695e-13
 9.32054e-12 1.01212e-09 6.48e-08 2.44626e-06 5.44643e-05 0.000715635 0.0055607 0.0257114 0.0720688 0.128988 0.165908 0.17975 0.172121 0.133326 0.0761277 0.0301445 0.00796638 0.00138336 0.000158345 1.2074e-05 6.1688e-07 2.10215e-08 4.71793e-10 6.86666e-12 6.38576e-14
 1.01791e-11 1.10535e-09 7.07692e-08 2.67158e-06 5.94783e-05 0.000781389 0.00606806 0.0280002 0.0779653 0.136901 0.168945 0.174294 0.164263 0.129156 0.0748167 0.0295876 0.00769895 0.00130431 0.000144583 1.05783e-05 5.12321e-07 1.63308e-08 3.38799e-10 4.51832e-12 3.83034e-14
 8.68983e-12 9.43643e-10 6.04183e-08 2.28109e-06 5.08012e-05 0.000667998 0.0052005 0.0241624 0.0685129 0.125632 0.167711 0.186871 0.178124 0.133804 0.0732001 0.0277094 0.00703185 0.0011792 0.000130293 9.47828e-06 4.51699e-07 1.39677e-08 2.77115e-10 3.49033e-12 2.76567e-14
 9.68328e-12 1.05152e-09 6.73247e-08 2.54176e-06 5.66002e-05 0.000743978 0.00578522 0.026781 0.0751295 0.134041 0.169991 0.180223 0.170461 0.130514 0.0719494 0.0267001 0.00648169 0.00102452 0.000106246 7.2867e-06 3.30321e-07 9.79385e-09 1.86976e-10 2.26329e-12 1.71539e-14
 9.34762e-12 1.01509e-09 6.4995e-08 2.45409e-06 5.46644e-05 0.000719092 0.00560284 0.0260663 0.0739952 0.135282 0.177593 0.190718 0.173396 0.123787 0.0638977 0.0226278 0.00533816 0.000828349 8.42919e-05 5.61755e-06 2.44075e-07 6.85626e-09 1.23247e-10 1.40297e-12 1.00148e-14
#pred catch len freq
 4.22894e-12 4.59213e-10 2.93993e-08 1.10968e-06 2.4695e-05 0.000324055 0.00250876 0.0114904 0.031571 0.0555248 0.0781086 0.117486 0.165704 0.170811 0.130329 0.0880263 0.0575914 0.0353761 0.0209823 0.0125919 0.00791036 0.00540377 0.00396372 0.00275262 0.00151804
 3.13891e-12 3.40848e-10 2.18214e-08 8.23655e-07 1.83298e-05 0.000240535 0.0018624 0.00853534 0.0235249 0.0419574 0.0615811 0.0978732 0.143839 0.158437 0.139462 0.113504 0.0843236 0.0547087 0.0320688 0.0175363 0.00930823 0.00514708 0.00311744 0.00193211 0.00102268
 6.01535e-12 6.53196e-10 4.18182e-08 1.57843e-06 3.51261e-05 0.000460892 0.00356648 0.0162967 0.0442546 0.0736933 0.0858508 0.095875 0.116509 0.123087 0.110485 0.0963065 0.0812453 0.0624038 0.0421717 0.0244982 0.0124564 0.0058822 0.00281919 0.00142613 0.000675332
 9.1595e-12 9.94612e-10 6.3676e-08 2.40345e-06 5.34858e-05 0.000701778 0.00543 0.0248 0.0671827 0.110562 0.122763 0.122706 0.133481 0.125321 0.0899757 0.0588339 0.0428231 0.0338602 0.0259693 0.017613 0.0100325 0.00477528 0.0019987 0.000802262 0.000311869
 9.03176e-12 9.80741e-10 6.2788e-08 2.36994e-06 5.274e-05 0.000692001 0.00535468 0.0244638 0.0663789 0.110098 0.12619 0.135418 0.155298 0.145698 0.0984926 0.0547417 0.0303206 0.0177918 0.0114975 0.00793468 0.00509547 0.00273354 0.00118409 0.000427075 0.000135541
 9.20065e-12 9.99081e-10 6.39621e-08 2.41425e-06 5.37262e-05 0.000704939 0.00545474 0.0249195 0.0675957 0.111959 0.127614 0.135376 0.154281 0.145813 0.101296 0.0587783 0.0324511 0.0166747 0.00815317 0.00421407 0.00238762 0.00133243 0.000631996 0.000236284 6.93892e-05
 9.90782e-12 1.07587e-09 6.88783e-08 2.59981e-06 5.78556e-05 0.000759117 0.00587381 0.0268306 0.0727333 0.120095 0.135169 0.139318 0.154702 0.143305 0.0958685 0.0521042 0.0273915 0.0140071 0.00665601 0.00293394 0.00125397 0.000560249 0.000251603 9.7777e-05 2.93967e-05
 9.91382e-12 1.07652e-09 6.892e-08 2.60139e-06 5.78906e-05 0.000759578 0.0058774 0.0268476 0.0727871 0.120247 0.135629 0.14046 0.156506 0.144894 0.0963471 0.0514341 0.0260565 0.0126062 0.00566512 0.00238844 0.000929155 0.000335162 0.000117901 4.03117e-05 1.1898e-05
 1.0047e-11 1.09099e-09 6.98459e-08 2.63634e-06 5.86684e-05 0.000769782 0.00595634 0.0272078 0.0737577 0.121803 0.137163 0.141512 0.157085 0.144855 0.0954345 0.0499561 0.0246845 0.011639 0.00503627 0.00200972 0.000732662 0.00024101 7.15123e-05 1.95212e-05 4.88223e-06
 1.04446e-11 1.13416e-09 7.26099e-08 2.74067e-06 6.099e-05 0.00080024 0.00619188 0.0282805 0.0766226 0.126186 0.140506 0.141236 0.153494 0.140788 0.0931061 0.0492124 0.0244624 0.0114311 0.00483277 0.00186602 0.000650037 0.000200513 5.41167e-05 1.26938e-05 2.59538e-06
 1.05168e-11 1.14199e-09 7.31116e-08 2.7596e-06 6.14114e-05 0.00080577 0.00623472 0.0284773 0.0771709 0.127212 0.142204 0.144194 0.157456 0.143222 0.091684 0.0451233 0.020714 0.00932117 0.00391054 0.00149693 0.0005095 0.000151113 3.84629e-05 8.25095e-06 1.47162e-06
 1.034e-11 1.1228e-09 7.18828e-08 2.71322e-06 6.03793e-05 0.000792229 0.00612998 0.0279998 0.0758889 0.125195 0.140398 0.143445 0.157781 0.144403 0.0936007 0.0471516 0.0219048 0.00953678 0.00374044 0.00135221 0.000447609 0.000130336 3.22067e-05 6.57135e-06 1.0832e-06
 1.11035e-11 1.2057e-09 7.71902e-08 2.91355e-06 6.48372e-05 0.000850715 0.00658229 0.0300602 0.0813965 0.133665 0.147063 0.143582 0.151849 0.137033 0.0883738 0.044347 0.020631 0.0090869 0.00359581 0.00127352 0.000399839 0.000110117 2.6185e-05 5.18219e-06 8.19904e-07
 1.01358e-11 1.10062e-09 7.0463e-08 2.65963e-06 5.91868e-05 0.000776586 0.00600908 0.0274508 0.0744454 0.123171 0.139758 0.146558 0.164184 0.14963 0.0938202 0.0436533 0.0183951 0.00762619 0.00296445 0.00105213 0.000330481 8.90486e-05 2.02238e-05 3.80384e-06 5.76687e-07
 9.26948e-12 1.00656e-09 6.44406e-08 2.43232e-06 5.41282e-05 0.000710219 0.00549578 0.0251114 0.0681766 0.113405 0.131458 0.144379 0.167854 0.156043 0.100806 0.0498831 0.0224187 0.0092779 0.00336933 0.00110847 0.000334449 8.90682e-05 2.00323e-05 3.67052e-06 5.33336e-07
 1.00546e-11 1.09181e-09 6.98987e-08 2.63833e-06 5.87127e-05 0.000770366 0.00596095 0.0272309 0.073849 0.122183 0.138635 0.145404 0.163079 0.149264 0.0948692 0.0455845 0.020005 0.00841977 0.00320019 0.00107335 0.000311753 7.78944e-05 1.67179e-05 2.9911e-06 4.26262e-07
 1.10298e-11 1.19771e-09 7.66784e-08 2.89423e-06 6.44073e-05 0.000845076 0.00653872 0.0298628 0.0808841 0.132999 0.14714 0.145558 0.155502 0.139974 0.0884815 0.042237 0.0182807 0.00752324 0.00279819 0.000939244 0.000279427 7.06668e-05 1.47703e-05 2.51392e-06 3.42788e-07
 1.08798e-11 1.18142e-09 7.56357e-08 2.85487e-06 6.35315e-05 0.000833587 0.00644992 0.0294593 0.0798188 0.131471 0.146473 0.147302 0.15938 0.143275 0.0888915 0.0404357 0.0163502 0.00641371 0.00232404 0.000763024 0.00022294 5.62276e-05 1.18733e-05 2.02316e-06 2.69427e-07
 1.02007e-11 1.10767e-09 7.09143e-08 2.67666e-06 5.95658e-05 0.000781558 0.00604752 0.0276255 0.0749072 0.123839 0.140078 0.145901 0.162718 0.148582 0.094173 0.0448301 0.0191269 0.00757731 0.00263447 0.000817281 0.00022891 5.61788e-05 1.16692e-05 1.97933e-06 2.63962e-07
 1.09228e-11 1.18608e-09 7.59341e-08 2.86614e-06 6.37822e-05 0.000836875 0.00647528 0.0295735 0.0801068 0.131771 0.146014 0.145012 0.155534 0.140488 0.0894696 0.0434215 0.0191667 0.00792821 0.00288973 0.000920314 0.000253214 5.93187e-05 1.17739e-05 1.93617e-06 2.53868e-07
 1.14667e-11 1.24515e-09 7.97157e-08 3.00887e-06 6.69586e-05 0.00087855 0.00679767 0.0310442 0.0840663 0.138091 0.152117 0.148838 0.157014 0.139115 0.0843841 0.0363599 0.0135455 0.00504333 0.0018152 0.000597701 0.000171562 4.1212e-05 8.10674e-06 1.28612e-06 1.61923e-07
 1.1514e-11 1.25028e-09 8.0044e-08 3.02126e-06 6.72343e-05 0.000882166 0.00682562 0.031171 0.0843985 0.138546 0.152204 0.147959 0.155335 0.137944 0.0847998 0.0377551 0.0145436 0.00523772 0.0016742 0.000483948 0.000130783 3.16625e-05 6.42568e-06 1.03975e-06 1.30059e-07
 1.27592e-11 1.38549e-09 8.87005e-08 3.348e-06 7.45053e-05 0.000977559 0.00756335 0.0345319 0.0933872 0.152406 0.163295 0.148786 0.146584 0.126555 0.076057 0.0323369 0.0116387 0.00403276 0.00128984 0.00036632 9.12322e-05 1.97603e-05 3.73064e-06 5.95576e-07 7.56803e-08
 1.32363e-11 1.43731e-09 9.20178e-08 3.47322e-06 7.72917e-05 0.00101411 0.00784606 0.0358197 0.0968297 0.1577 0.167465 0.148886 0.142914 0.122035 0.0729236 0.0306699 0.0107714 0.00358171 0.00108311 0.000291513 7.03406e-05 1.47451e-05 2.5986e-06 3.789e-07 4.50254e-08
 1.30183e-11 1.41363e-09 9.0502e-08 3.416e-06 7.60185e-05 0.000997412 0.00771692 0.0352322 0.0952686 0.155378 0.166017 0.150101 0.14652 0.125412 0.0738984 0.0297314 0.0095943 0.00293431 0.000841871 0.000216662 4.95681e-05 9.83581e-06 1.65445e-06 2.29957e-07 2.55908e-08
 1.2378e-11 1.3441e-09 8.60508e-08 3.24799e-06 7.22797e-05 0.000948361 0.00733758 0.0335042 0.0906505 0.148283 0.160465 0.150091 0.15166 0.131718 0.0782805 0.031996 0.0105805 0.00324995 0.000892843 0.000212371 4.49625e-05 8.38876e-06 1.33325e-06 1.75202e-07 1.84853e-08
 1.23897e-11 1.34538e-09 8.61323e-08 3.25107e-06 7.23482e-05 0.000949259 0.00734452 0.0335356 0.0907315 0.148383 0.160429 0.149712 0.150987 0.131211 0.0783426 0.0324727 0.0110411 0.00350118 0.000987206 0.000237826 4.93257e-05 8.66865e-06 1.27498e-06 1.55812e-07 1.54311e-08
 1.24487e-11 1.35178e-09 8.65423e-08 3.26654e-06 7.26925e-05 0.000953777 0.00737947 0.0336951 0.0911623 0.149081 0.161149 0.150287 0.151386 0.131197 0.0776705 0.0314345 0.0102349 0.00313554 0.000883374 0.000217879 4.64813e-05 8.29716e-06 1.20588e-06 1.40728e-07 1.3009e-08
 1.23608e-11 1.34223e-09 8.59309e-08 3.24346e-06 7.2179e-05 0.000947039 0.00732734 0.0334572 0.0905192 0.148036 0.160053 0.14937 0.150701 0.131161 0.0787053 0.0330711 0.0115072 0.00370871 0.00104549 0.000250852 5.2563e-05 9.45292e-06 1.40321e-06 1.66203e-07 1.52508e-08
#obs catch len freq
 6.42247e-12 6.97405e-10 4.46484e-08 1.68526e-06 3.75033e-05 0.000492074 0.00380741 0.017389 0.0471036 0.0775054 0.0861401 0.0874271 0.102024 0.115107 0.115831 0.107485 0.0895712 0.0662654 0.0435121 0.0244263 0.0110441 0.0037631 0.000905665 0.000146012 1.51834e-05
 5.28024e-12 5.73372e-10 3.67078e-08 1.38554e-06 3.08337e-05 0.000404576 0.00313089 0.0143105 0.0389121 0.0651682 0.0774884 0.09025 0.115025 0.129606 0.125217 0.111151 0.0894918 0.0641648 0.0407101 0.0218989 0.00933544 0.00294764 0.00065054 9.58537e-05 9.11155e-06
 5.67324e-13 6.16048e-11 3.94403e-09 1.48874e-07 3.31372e-06 4.35251e-05 0.000338555 0.00158647 0.00483343 0.0121488 0.0324482 0.0779647 0.134315 0.166197 0.167137 0.146637 0.110128 0.0718001 0.0418832 0.0210677 0.00841893 0.00247283 0.000502961 6.78426e-05 5.88435e-06
 8.56077e-12 9.29599e-10 5.95137e-08 2.24635e-06 4.99891e-05 0.000655868 0.00507357 0.0231438 0.0623045 0.0993839 0.0960582 0.0643966 0.0534664 0.083198 0.127815 0.141194 0.112032 0.0697179 0.0368535 0.0166408 0.00604093 0.00162785 0.000304387 3.76634e-05 2.98793e-06
 1.03601e-11 1.12499e-09 7.20226e-08 2.7185e-06 6.04974e-05 0.000793802 0.00614294 0.0280735 0.0762386 0.126608 0.144163 0.147954 0.155881 0.132398 0.0789486 0.0403653 0.0261099 0.0186556 0.0108284 0.00475242 0.00157063 0.00038024 6.4236e-05 7.22694e-06 5.22973e-07
 1.03925e-11 1.1285e-09 7.22476e-08 2.727e-06 6.06861e-05 0.000796267 0.0061615 0.0281464 0.0762736 0.125376 0.137108 0.129262 0.132928 0.130636 0.107199 0.0708151 0.0353018 0.0132945 0.00448956 0.00155286 0.00047215 0.00010581 1.62238e-05 1.64471e-06 1.07435e-07
 1.22398e-11 1.3291e-09 8.50898e-08 3.21172e-06 7.14729e-05 0.000937784 0.0072559 0.0331308 0.0895816 0.145703 0.152426 0.12734 0.114933 0.109395 0.0937097 0.0672107 0.0372347 0.01514 0.00456961 0.00108964 0.000222161 3.86155e-05 5.13299e-06 4.68557e-07 2.76976e-08
 1.22249e-11 1.32748e-09 8.49862e-08 3.20781e-06 7.13862e-05 0.000936663 0.00724778 0.0331043 0.0896299 0.146571 0.156272 0.136067 0.125147 0.112927 0.0874317 0.0571156 0.0302226 0.0123447 0.00383415 0.000896093 0.000155522 2.00916e-05 1.9479e-06 1.38884e-07 6.9042e-09
 1.21306e-11 1.31724e-09 8.4331e-08 3.18309e-06 7.08362e-05 0.000929455 0.00719228 0.0328555 0.0890008 0.145773 0.156048 0.136667 0.126252 0.114953 0.0897787 0.0575123 0.0285599 0.0106179 0.00300525 0.000657854 0.000108501 1.28787e-05 1.06369e-06 6.01649e-08 2.31234e-09
 1.14658e-11 1.24505e-09 7.97091e-08 3.00864e-06 6.69543e-05 0.000878541 0.00679894 0.0310702 0.0842887 0.138826 0.151364 0.137866 0.131853 0.121393 0.0945721 0.0594943 0.0284358 0.00993421 0.0025686 0.000503498 7.44399e-05 8.02905e-06 6.06443e-07 3.09491e-08 1.03956e-09
 1.26144e-11 1.36978e-09 8.76944e-08 3.31005e-06 7.36618e-05 0.000966544 0.00747963 0.0341725 0.0925918 0.151627 0.1615 0.138309 0.123805 0.111955 0.0876895 0.0545197 0.0249438 0.00809244 0.00189326 0.00032996 4.30689e-05 4.10306e-06 2.75226e-07 1.25731e-08 3.80284e-10
 1.07981e-11 1.17255e-09 7.50676e-08 2.83346e-06 6.30568e-05 0.00082745 0.00640505 0.0292963 0.079741 0.132887 0.150018 0.145227 0.143435 0.129238 0.0951806 0.0550654 0.0236037 0.00717818 0.00155439 0.000245568 2.8515e-05 2.39102e-06 1.40731e-07 5.65219e-09 1.51016e-10
 1.21407e-11 1.31834e-09 8.44011e-08 3.18575e-06 7.08963e-05 0.00093029 0.00720001 0.03291 0.0893074 0.146957 0.158587 0.139136 0.127657 0.117788 0.0925769 0.0554233 0.0232993 0.00664409 0.00130499 0.000183246 1.87933e-05 1.3921e-06 7.2325e-08 2.55819e-09 6.0113e-11
 1.10482e-11 1.19971e-09 7.68065e-08 2.8991e-06 6.45186e-05 0.000846671 0.00655488 0.0299968 0.0817684 0.136753 0.155122 0.149394 0.144289 0.126839 0.0908342 0.0502877 0.0202639 0.00569955 0.00111453 0.000153301 1.48615e-05 1.00384e-06 4.6486e-08 1.45194e-09 3.00746e-11
 9.3792e-12 1.01847e-09 6.52037e-08 2.46116e-06 5.47736e-05 0.000718847 0.00556692 0.0255033 0.0697912 0.118297 0.139581 0.14506 0.152096 0.143517 0.108338 0.0606072 0.0235023 0.00612722 0.00108754 0.000135739 1.21304e-05 7.66378e-07 3.32127e-08 9.59245e-10 1.80811e-11
 8.3757e-12 9.09504e-10 5.82276e-08 2.19786e-06 4.89149e-05 0.000642011 0.00497332 0.0228067 0.0626234 0.107303 0.130306 0.142173 0.156193 0.153039 0.118644 0.0670884 0.0260328 0.00677281 0.0011929 0.000145003 1.22595e-05 7.15152e-07 2.83317e-08 7.49091e-10 1.29881e-11
 1.05977e-11 1.15078e-09 7.36744e-08 2.7809e-06 6.18895e-05 0.000812229 0.00628955 0.0287988 0.0785991 0.131653 0.149029 0.142637 0.141227 0.133789 0.102463 0.0567903 0.021411 0.0053969 0.000922281 0.000109017 8.95194e-06 5.03317e-07 1.89586e-08 4.69143e-10 7.5115e-12
 1.04934e-11 1.13947e-09 7.29503e-08 2.75359e-06 6.1284e-05 0.000804381 0.00623141 0.0285734 0.0783543 0.133173 0.156214 0.155916 0.151254 0.130693 0.0901992 0.0464812 0.0169516 0.00425849 0.000735664 8.7635e-05 7.14557e-06 3.92391e-07 1.42562e-08 3.37289e-10 5.12484e-12
 1.01332e-11 1.10035e-09 7.0446e-08 2.65908e-06 5.91818e-05 0.000776838 0.00601917 0.0276152 0.0758392 0.129374 0.152948 0.154747 0.153306 0.135724 0.0945843 0.0477776 0.0166081 0.00391027 0.000631398 7.10609e-05 5.56374e-06 2.96736e-07 1.04938e-08 2.40493e-10 3.5121e-12
 9.44489e-12 1.02561e-09 6.56613e-08 2.47851e-06 5.51654e-05 0.000724224 0.00561411 0.0257945 0.0711566 0.122947 0.149702 0.157677 0.159482 0.14067 0.0967262 0.0482234 0.0166305 0.00389889 0.000623605 6.84095e-05 5.1219e-06 2.58074e-07 8.60117e-09 1.86412e-10 2.58594e-12
 1.08414e-11 1.17725e-09 7.53696e-08 2.84496e-06 6.33206e-05 0.000831224 0.00644161 0.0295612 0.0811795 0.138063 0.160751 0.156775 0.149424 0.129024 0.0874878 0.0425219 0.0141434 0.00318463 0.000489845 5.18455e-05 3.74779e-06 1.8153e-07 5.76809e-09 1.18117e-10 1.53759e-12
 1.00375e-11 1.08996e-09 6.97816e-08 2.63411e-06 5.86329e-05 0.000769906 0.00597173 0.0274803 0.0760949 0.13246 0.162384 0.168474 0.161457 0.131285 0.0820763 0.0370438 0.0115782 0.00246551 0.000358873 3.58866e-05 2.44953e-06 1.12153e-07 3.37326e-09 6.54001e-11 8.04753e-13
 1.05342e-11 1.1439e-09 7.32354e-08 2.76449e-06 6.1535e-05 0.000807998 0.00626636 0.0288183 0.0795976 0.137342 0.164593 0.16564 0.157509 0.129857 0.0813073 0.0355328 0.0103759 0.00200401 0.000259516 2.29855e-05 1.40269e-06 5.82817e-08 1.61127e-09 2.89514e-11 3.31706e-13
 1.15235e-11 1.25133e-09 8.01135e-08 3.02415e-06 6.73163e-05 0.000883955 0.00685608 0.0315327 0.0870544 0.149663 0.176543 0.170243 0.151615 0.116979 0.069338 0.0291354 0.00829652 0.00157302 0.000198679 1.68051e-05 9.52047e-07 3.58738e-08 8.89153e-10 1.43162e-11 1.47832e-13
 1.13716e-11 1.23484e-09 7.90583e-08 2.9844e-06 6.6437e-05 0.000872603 0.00677218 0.0311983 0.0865 0.150212 0.18044 0.17668 0.155453 0.114884 0.0640204 0.0250276 0.00658135 0.00114565 0.000132573 1.03103e-05 5.40691e-07 1.89356e-08 4.35136e-10 6.44499e-12 6.06489e-14
 9.58408e-12 1.04074e-09 6.66332e-08 2.51554e-06 5.60108e-05 0.000736084 0.00572193 0.0264799 0.0743363 0.133239 0.170912 0.182734 0.170984 0.128688 0.0709953 0.027016 0.00683429 0.00113229 0.000123167 8.88074e-06 4.26778e-07 1.36153e-08 2.85012e-10 3.85816e-12 3.3299e-14
 1.04504e-11 1.13482e-09 7.26564e-08 2.7429e-06 6.107e-05 0.000802426 0.00623364 0.0287857 0.0802594 0.141135 0.173892 0.177363 0.163316 0.1245 0.0695221 0.0263822 0.00656494 0.00106016 0.000111571 7.71218e-06 3.51148e-07 1.04783e-08 2.02809e-10 2.5165e-12 1.98037e-14
 8.94298e-12 9.7114e-10 6.218e-08 2.34772e-06 5.22908e-05 0.000687765 0.00535747 0.0249202 0.0707928 0.130003 0.172937 0.189935 0.176733 0.128826 0.0679984 0.0247013 0.0059893 0.00095583 0.00010007 6.86563e-06 3.0725e-07 8.88977e-09 1.64542e-10 1.92873e-12 1.41937e-14
 9.95024e-12 1.08052e-09 6.91825e-08 2.61201e-06 5.817e-05 0.000764779 0.00594977 0.0275685 0.0774607 0.138424 0.175213 0.18346 0.169238 0.125347 0.066482 0.0236397 0.00548079 0.000824438 8.09941e-05 5.23454e-06 2.22491e-07 6.16114e-09 1.09556e-10 1.2328e-12 8.67283e-15
#spawning biomass
 9652.21 9135.92 7181.63 8250.79 12316.5 19041.1 24799.3 35977.4 49179.7 71434.4 89279.2 121562 158836 179644 187904 149670 148559 157498 183151 192751 163035 173027 170527 211018 235646 258639 260121 244045 273380 302957 512822 543014 505695 436248 360041 290802 233899 189948 157384 133952 117444 105994 98140.5 92762.5 89083.4 86659.4 85062.3 84010.2 83317 82860.2 82559.3 82361.1 82230.5 82144.4 82087.7 82050.4 82025.8 82009.6 81998.9 81991.8 81987.2 81984.1 81982.1 81980.8 81979.9 81979.4 81979 81978.7 81978.6 81978.5 81978.4 81978.3 81978.3 81978.3 81978.3 81978.3 81978.3 81978.2 81978.2 81978.2 81978.2 81978.2 81978.2 81978.2 81978.2 81978.2 81978.2 81978.2 81978.2 81978.2 81978.2 81978.2 81978.2 81978.2 81978.2 81978.2 81978.2 81978.2 81978.2 81978.2 81978.2 81978.2 81978.2 81978.2 81978.2 81978.2 81978.2 81978.2 81978.2 81978.2 81978.2 81978.2 81978.2 81978.2 81978.2 81978.2 81978.2 81978.2 81978.2 81978.2 81978.2 81978.2 81978.2 81978.2 81978.2 81978.2 81978.2 81978.2 81978.2 0 0 0 0 0 0 0 0 0 0 0 0 0 0 0 0 0 0 0 0 0 0 0 0 0
