SBPRF35
0.124527
Curr Bio
141747
B35
149562
F35
0.945054
FOFL
0.945054
OFL
64769.6
Bzero
35579.2
#pred survey bio
 9537.43 9501.41 12154.7 13775.4 22057.7 33911.8 32892.9 39825.7 50949.4 64385.1 78751.2 102869 137565 169231 155301 146530 140841 130701 118738 113654 111948 130178 140140 140375 159296 151007 156311 155003 3.76757e+06 2.9146e+06 1.48201e+06 785268 514018 406841 360400 338141 326683 320556 317226 315406 314412 313869 313573 313411 313324 313278 313253 313240 313233 313229 313227 313226 313225 313225 313225 313225 313225 313225 313225 313225 313225 313225 313225 313225 313225 313225 313225 313225 313225 313225 313225 313225 313225 313225 313225 313225 313225 313225 313225 313225 313225 313225 313225 313225 313225 313225 313225 313225 313225 313225 313225 313225 313225 313225 313225 313225 313225 313225 313225 313225 313225 313225 313225 313225 313225 313225 313225 313225 313225 313225 313225 313225 313225 313225 313225 313225 313225 313225 313225 313225 313225 313225 313225 313225 313225 313225 313225 313225 0 0 0 0 0 0 0 0 0 0 0 0 0 0 0 0 0 0 0 0 0 0 0 0 0
#obs survey bio
 8514.92 12511.2 8713.54 11626.5 22410.1 21743.8 26237.7 33850.3 48229.8 65756 77997.2 84346.6 125982 118844 109915 134704 95868.2 120494 103680 79094.7 59971.5 128017 92953.1 143508 205981 144920 97852.7 102127
#pred catch bio
 4673.07 4353.49 6338.06 7168.32 8968.01 19377.9 19191.5 22591 28501.6 37842.3 46255.7 58122.1 77081.4 108671 97793.1 93019.5 92074.4 86984.3 79198.2 78077.5 71699.2 86396.6 99636.6 94096 115872 106461 111026 102085 64769.6 61161.5 26395.5 11675.9 7155.29 5923.67 5611.83 5536.73 5519.28 5515.32 5514.45 5514.25 5514.21 5514.2 5514.2 5514.2 5514.2 5514.2 5514.2 5514.2 5514.2 5514.2 5514.2 5514.2 5514.2 5514.2 5514.2 5514.2 5514.2 5514.2 5514.2 5514.2 5514.2 5514.2 5514.2 5514.2 5514.2 5514.2 5514.2 5514.2 5514.2 5514.2 5514.2 5514.2 5514.2 5514.2 5514.2 5514.2 5514.2 5514.2 5514.2 5514.2 5514.2 5514.2 5514.2 5514.2 5514.2 5514.2 5514.2 5514.2 5514.2 5514.2 5514.2 5514.2 5514.2 5514.2 5514.2 5514.2 5514.2 5514.2 5514.2 5514.2 5514.2 5514.2 5514.2 5514.2 5514.2 5514.2 5514.2 5514.2 5514.2 5514.2 5514.2 5514.2 5514.2 5514.2 5514.2 5514.2 5514.2 5514.2 5514.2 5514.2 5514.2 5514.2 5514.2 5514.2 5514.2 5514.2 5514.2 5514.2 0 0 0 0 0 0 0 0 0 0 0 0 0 0 0 0 0 0 0 0 0 0 0 0 0
#obs catch bio
 4730.55 4296.01 6286.22 7179.8 8781.29 19446.3 19749 22512.7 28362.5 37545.2 45954.5 57824.3 75375.4 108947 98208.5 93110.6 90691.9 86775.9 78104.3 78011.4 71198.6 83727.4 99278.9 91971.6 112189 104029 111805 101665
#pred cpue bio
 8090.26 7361.23 9420.15 10673.2 15796 26348.5 25756 29222.3 37992.7 48166.5 58363 75344.9 101772 127647 118804 111728 106624 98746.4 89491.2 84597 81998.4 95226.6 102808 101266 115536 109331 112920 112657 2.79062e+06 2.82622e+06 1.43943e+06 738474 466739 359521 313077 290818 279360 273233 269902 268083 267088 266546 266250 266087 266001 265955 265930 265917 265910 265906 265904 265903 265902 265902 265902 265901 265901 265901 265901 265901 265901 265901 265901 265901 265901 265901 265901 265901 265901 265901 265901 265901 265901 265901 265901 265901 265901 265901 265901 265901 265901 265901 265901 265901 265901 265901 265901 265901 265901 265901 265901 265901 265901 265901 265901 265901 265901 265901 265901 265901 265901 265901 265901 265901 265901 265901 265901 265901 265901 265901 265901 265901 265901 265901 265901 265901 265901 265901 265901 265901 265901 265901 265901 265901 265901 265901 265901 265901 0 0 0 0 0 0 0 0 0 0 0 0 0 0 0 0 0 0 0 0 0 0 0 0 0
#obs cpue bio
 6469.53 8722.05 12018.4 12664.2 27559.3 23500.8 21917.2 43443 43623.4 55822.3 64968.8 94747.6 185846 142083 147242 133242 217172 102087 138590 115904 168312 198150 133787 159464 161258 148040 136561 208288
#pred surv len freq
 2.56821e-27 2.60195e-27 4.51245e-26 8.97944e-20 2.2012e-14 6.52255e-10 2.33627e-06 0.00101152 0.0529391 0.334907 0.256307 0.0363475 0.0965922 0.0892486 0.0240592 0.0327741 0.0156381 0.0141692 0.00975775 0.00815093 0.00691343 0.00636931 0.006741 0.00616847 0.00190337
 2.57064e-27 2.6082e-27 5.01864e-26 1.00471e-19 2.46293e-14 7.29809e-10 2.61405e-06 0.00113179 0.0592336 0.374728 0.286756 0.0390218 0.0955538 0.0879161 0.0173628 0.017571 0.00692267 0.00451527 0.00256685 0.00182609 0.00135637 0.00111562 0.00107617 0.00100293 0.000341136
 2.57012e-27 2.60675e-27 4.88367e-26 9.76233e-20 2.39312e-14 7.09124e-10 2.53996e-06 0.00109971 0.0575547 0.364107 0.278663 0.0401088 0.109512 0.100758 0.018999 0.018007 0.00608706 0.00253292 0.00105673 0.000547443 0.000322486 0.000223457 0.00018821 0.000169688 6.03031e-05
 2.57006e-27 2.60659e-27 4.86964e-26 9.73274e-20 2.38586e-14 7.06974e-10 2.53226e-06 0.00109637 0.0573802 0.363003 0.277821 0.0401533 0.110442 0.101638 0.0195606 0.0190593 0.00629532 0.00234618 0.000751023 0.000242765 9.3096e-05 4.74012e-05 3.22179e-05 2.64225e-05 9.43797e-06
 2.57275e-27 2.61388e-27 5.51212e-26 1.10881e-19 2.71812e-14 8.05427e-10 2.8849e-06 0.00124905 0.0653709 0.413554 0.316393 0.0383879 0.0699082 0.0642054 0.0124282 0.012206 0.00406835 0.00156919 0.000481888 0.000128847 2.98589e-05 8.69406e-06 3.97846e-06 2.69556e-06 9.30895e-07
 2.56981e-27 2.60582e-27 4.79307e-26 9.57119e-20 2.34626e-14 6.95239e-10 2.49023e-06 0.00107817 0.0564278 0.356978 0.273235 0.0410807 0.120722 0.110966 0.0183355 0.0139113 0.0046494 0.00184366 0.000576473 0.000155965 3.10602e-05 5.34521e-06 1.19274e-06 5.41012e-07 1.70449e-07
 2.56959e-27 2.60531e-27 4.75542e-26 9.49178e-20 2.3268e-14 6.89471e-10 2.46957e-06 0.00106923 0.0559596 0.354016 0.270964 0.0405231 0.118074 0.108694 0.0210484 0.0206545 0.00644503 0.0018093 0.000550897 0.000152892 3.09582e-05 4.64445e-06 5.38386e-07 1.07029e-07 2.67459e-08
 2.57199e-27 2.61181e-27 5.32891e-26 1.07016e-19 2.62337e-14 7.77351e-10 2.78434e-06 0.00120551 0.0630922 0.399138 0.305394 0.0389443 0.0818699 0.0752415 0.0143438 0.0137996 0.00459577 0.00175898 0.000487073 0.000102177 2.04211e-05 3.10781e-06 2.97022e-07 2.3428e-08 3.13342e-09
 2.57132e-27 2.60993e-27 5.15505e-26 1.03348e-19 2.53345e-14 7.50707e-10 2.68891e-06 0.00116419 0.0609297 0.385458 0.294966 0.0400848 0.0978752 0.0898695 0.0143709 0.0101692 0.00334685 0.00125399 0.000388888 0.000100869 1.63548e-05 2.1788e-06 2.06183e-07 1.10591e-08 5.33833e-10
 2.57125e-27 2.60974e-27 5.14108e-26 1.03054e-19 2.52623e-14 7.48568e-10 2.68125e-06 0.00116088 0.0607561 0.38436 0.294124 0.0398927 0.0970052 0.0891327 0.0154417 0.0127832 0.00392787 0.00101721 0.000298912 7.91662e-05 1.55073e-05 1.97933e-06 1.56651e-07 7.7031e-09 1.9455e-10
 2.57156e-27 2.61058e-27 5.21518e-26 1.04617e-19 2.56455e-14 7.59922e-10 2.72191e-06 0.00117848 0.0616776 0.390189 0.298573 0.0397325 0.0926603 0.0851047 0.0143906 0.0114064 0.00361136 0.00111018 0.000293232 5.69182e-05 1.07716e-05 1.56034e-06 1.26701e-07 5.29375e-09 1.08484e-10
 2.57193e-27 2.61159e-27 5.30325e-26 1.06475e-19 2.61009e-14 7.73418e-10 2.77025e-06 0.00119941 0.062773 0.397119 0.303861 0.0395367 0.0874543 0.0802864 0.0132803 0.0100838 0.00315898 0.000923475 0.000256155 5.51266e-05 8.25704e-06 1.01846e-06 8.99257e-08 3.8698e-09 6.84547e-11
 2.57159e-27 2.61066e-27 5.22027e-26 1.04724e-19 2.56718e-14 7.60701e-10 2.7247e-06 0.00117969 0.0617409 0.390589 0.298881 0.0398379 0.093246 0.0856197 0.0140218 0.0104308 0.00324058 0.00090424 0.000245062 5.14527e-05 8.37371e-06 9.3228e-07 6.72256e-08 3.0021e-09 5.39599e-11
 2.57094e-27 2.60889e-27 5.06457e-26 1.01439e-19 2.48666e-14 7.36843e-10 2.63925e-06 0.00114269 0.0598044 0.378339 0.289532 0.0402139 0.102675 0.0943426 0.015957 0.012649 0.00391975 0.00106928 0.000284696 5.71716e-05 9.02898e-06 1.04027e-06 7.10769e-08 2.65304e-09 4.76333e-11
 2.5704e-27 2.60741e-27 4.93316e-26 9.86672e-20 2.41871e-14 7.16706e-10 2.56712e-06 0.00111147 0.0581701 0.368 0.281645 0.0406976 0.111898 0.10283 0.0170421 0.0129895 0.00406046 0.00116983 0.000311445 6.10167e-05 9.2927e-06 1.02974e-06 7.09414e-08 2.5178e-09 3.90708e-11
 2.57056e-27 2.60788e-27 4.97746e-26 9.96019e-20 2.44162e-14 7.23496e-10 2.59144e-06 0.00112199 0.0587211 0.371486 0.284301 0.0403443 0.107343 0.0986799 0.0172661 0.0145444 0.00452145 0.00125021 0.000336826 6.89537e-05 1.03896e-05 1.11096e-06 7.34251e-08 2.58525e-09 3.79788e-11
 2.57082e-27 2.60857e-27 5.03741e-26 1.00866e-19 2.47262e-14 7.32681e-10 2.62434e-06 0.00113624 0.0594666 0.376202 0.287901 0.0402399 0.104019 0.0955914 0.0163297 0.0131911 0.00418585 0.0013012 0.000351105 6.98129e-05 1.08271e-05 1.17432e-06 7.51051e-08 2.53884e-09 3.65741e-11
 2.57086e-27 2.60868e-27 5.04545e-26 1.01036e-19 2.47678e-14 7.33913e-10 2.62875e-06 0.00113815 0.0595667 0.376835 0.288386 0.0403542 0.104548 0.0960491 0.0158602 0.0120011 0.00376372 0.0011075 0.000308478 6.73565e-05 1.03479e-05 1.12627e-06 7.35247e-08 2.42252e-09 3.35666e-11
 2.57094e-27 2.60888e-27 5.06256e-26 1.01397e-19 2.48562e-14 7.36534e-10 2.63814e-06 0.00114221 0.0597794 0.378181 0.289414 0.0403495 0.103791 0.0953417 0.0155851 0.0115481 0.00357048 0.000968466 0.000261894 5.52761e-05 9.09098e-06 1.02998e-06 6.71433e-08 2.24541e-09 3.05162e-11
 2.57138e-27 2.61006e-27 5.16728e-26 1.03606e-19 2.53978e-14 7.52582e-10 2.69562e-06 0.0011671 0.0610819 0.38642 0.2957 0.0400379 0.0970029 0.0890782 0.0144844 0.0106134 0.00326775 0.000863737 0.000226862 4.44337e-05 7.01707e-06 8.16299e-07 5.63212e-08 1.89981e-09 2.60466e-11
 2.57188e-27 2.61143e-27 5.28642e-26 1.06119e-19 2.60139e-14 7.70838e-10 2.76101e-06 0.00119541 0.0625636 0.395794 0.302854 0.0398081 0.0902273 0.0827965 0.0128415 0.00844625 0.00258694 0.000670149 0.000174167 3.30925e-05 4.9232e-06 5.38885e-07 3.74221e-08 1.32876e-09 1.85501e-11
 2.57193e-27 2.61155e-27 5.29738e-26 1.06351e-19 2.60706e-14 7.72517e-10 2.76703e-06 0.00119802 0.0626999 0.396657 0.303512 0.0397552 0.0893629 0.0820054 0.0128231 0.00860078 0.00259389 0.000603027 0.000153281 2.85725e-05 4.15178e-06 4.30732e-07 2.79669e-08 9.8833e-10 1.43862e-11
 2.57182e-27 2.61125e-27 5.26993e-26 1.05772e-19 2.59286e-14 7.68312e-10 2.75196e-06 0.00119149 0.0623585 0.394497 0.301866 0.0399138 0.0917266 0.0841684 0.0128761 0.00817739 0.00246854 0.00058174 0.000143844 2.43802e-05 3.43843e-06 3.47617e-07 2.14319e-08 7.09706e-10 1.02123e-11
 2.57234e-27 2.61265e-27 5.39296e-26 1.08367e-19 2.65648e-14 7.87163e-10 2.81949e-06 0.00122073 0.0638886 0.404177 0.309252 0.0395893 0.0840676 0.0770911 0.0114478 0.00669991 0.00199872 0.00043731 0.000107165 1.81987e-05 2.40597e-06 2.27071e-07 1.35475e-08 4.26117e-10 5.77238e-12
 2.57217e-27 2.61218e-27 5.35178e-26 1.07498e-19 2.63519e-14 7.80854e-10 2.79689e-06 0.00121095 0.0633765 0.400937 0.30678 0.0397304 0.0868783 0.0796816 0.0118488 0.0069611 0.0020578 0.000417601 9.90659e-05 1.57954e-05 2.0692e-06 1.87961e-07 1.0367e-08 3.11336e-10 4.00631e-12
 2.5722e-27 2.61227e-27 5.35845e-26 1.07639e-19 2.63863e-14 7.81875e-10 2.80054e-06 0.00121253 0.0634594 0.401461 0.307181 0.0398024 0.0871439 0.0799048 0.0114919 0.00609098 0.00179303 0.000358445 8.32789e-05 1.2352e-05 1.5297e-06 1.33327e-07 7.11411e-09 1.98525e-10 2.41466e-12
 2.57228e-27 2.61249e-27 5.37837e-26 1.08059e-19 2.64894e-14 7.84928e-10 2.81148e-06 0.00121726 0.0637072 0.403029 0.308377 0.0396874 0.0854289 0.0783364 0.0114709 0.0064364 0.00187706 0.000340333 7.72435e-05 1.12506e-05 1.32818e-06 1.07553e-07 5.43218e-09 1.45539e-10 1.65558e-12
 2.57208e-27 2.61195e-27 5.33006e-26 1.0704e-19 2.62395e-14 7.77524e-10 2.78496e-06 0.00120578 0.0631062 0.399227 0.305477 0.0398814 0.0889431 0.0815671 0.0118233 0.00642755 0.00188438 0.000361001 8.11846e-05 1.08374e-05 1.24097e-06 9.66666e-08 4.53244e-09 1.13846e-10 1.23389e-12
#obs surv len freq
 1.76849e-41 2.45455e-33 4.11801e-26 8.35124e-20 2.04721e-14 6.06625e-10 2.17283e-06 0.000940762 0.0492357 0.31148 0.238578 0.0440762 0.152091 0.128808 0.0359648 0.0274634 0.00824965 0.00256027 0.000491755 5.65192e-05 2.84946e-06 4.57184e-08 1.73244e-10 1.24957e-13 1.48835e-17
 2.17528e-41 3.01914e-33 5.06524e-26 1.02722e-19 2.51811e-14 7.46162e-10 2.67263e-06 0.00115716 0.060561 0.383126 0.293257 0.0420163 0.0972372 0.0778426 0.0223669 0.0161536 0.0046634 0.00135252 0.000238206 2.38294e-05 9.87194e-07 1.23868e-08 3.53918e-11 1.87341e-14 1.60723e-18
 1.72551e-41 2.39489e-33 4.01793e-26 8.14829e-20 1.99746e-14 5.91883e-10 2.12003e-06 0.000917899 0.0480392 0.30391 0.232991 0.0512088 0.181529 0.135578 0.0265296 0.0141057 0.0039369 0.00106627 0.000170734 1.48068e-05 5.02169e-07 4.8866e-09 1.04477e-11 4.04937e-15 2.50741e-19
 2.09439e-41 2.90687e-33 4.87688e-26 9.89022e-20 2.42447e-14 7.18415e-10 2.57324e-06 0.00111413 0.0583089 0.368879 0.282502 0.045815 0.113089 0.0810689 0.0276583 0.0175072 0.00330739 0.00064743 9.3095e-05 6.94331e-06 1.9178e-07 1.44384e-09 2.30067e-12 6.50035e-16 2.89839e-20
 2.37182e-41 3.29193e-33 5.52289e-26 1.12003e-19 2.74563e-14 8.13579e-10 2.91411e-06 0.00126171 0.0660328 0.417743 0.319785 0.0442967 0.0791093 0.0520829 0.011585 0.00602179 0.00170416 0.000341657 3.17845e-05 1.84981e-06 4.11866e-08 2.39131e-10 2.83892e-13 5.84286e-17 1.87251e-21
 1.31039e-41 1.81874e-33 3.05132e-26 6.18801e-20 1.51692e-14 4.4949e-10 1.61e-06 0.000697075 0.0364821 0.2308 0.177832 0.0713706 0.273595 0.167289 0.0284063 0.0109964 0.00208241 0.000402924 4.31276e-05 1.77157e-06 2.75282e-08 1.20193e-10 1.06063e-13 1.59145e-17 3.66991e-22
 2.20266e-41 3.05715e-33 5.129e-26 1.04015e-19 2.54981e-14 7.55554e-10 2.70627e-06 0.00117172 0.0613233 0.38795 0.297174 0.0467564 0.0896194 0.0572053 0.0368398 0.0190032 0.00260682 0.000319862 2.67512e-05 1.07351e-06 1.2513e-08 3.65606e-11 2.27958e-14 2.47045e-18 4.09931e-23
 1.98465e-41 2.75456e-33 4.62134e-26 9.37199e-20 2.29743e-14 6.80772e-10 2.43841e-06 0.00105575 0.0552537 0.349554 0.268331 0.0609958 0.155217 0.0826966 0.0161023 0.00754204 0.00282321 0.000404665 2.0854e-05 5.77362e-07 5.62985e-09 1.25114e-11 5.27289e-15 3.86298e-19 4.47075e-24
 2.02524e-41 2.8109e-33 4.71586e-26 9.56367e-20 2.34442e-14 6.94695e-10 2.48828e-06 0.00107734 0.0563837 0.356703 0.273882 0.0614618 0.143342 0.07377 0.0231259 0.00863406 0.00133495 0.000260963 2.06267e-05 4.14579e-07 2.57077e-09 4.23378e-12 1.34389e-15 6.93121e-20 5.417e-25
 1.98487e-41 2.75486e-33 4.62185e-26 9.37302e-20 2.29769e-14 6.80847e-10 2.43868e-06 0.00105587 0.0552598 0.349594 0.268738 0.0669176 0.153777 0.0734354 0.0216889 0.00789711 0.00145689 0.00016488 1.11985e-05 2.86505e-07 1.50801e-09 1.60488e-12 3.42936e-16 1.27366e-20 7.19069e-26
 2.09337e-41 2.90546e-33 4.87451e-26 9.88541e-20 2.42329e-14 7.18066e-10 2.572e-06 0.00111359 0.0582806 0.368706 0.283394 0.0660173 0.133964 0.0606388 0.0199742 0.00663571 0.00113906 0.000127737 6.26722e-06 1.20716e-07 6.42298e-10 6.16898e-13 9.45314e-17 2.30584e-21 8.75887e-27
 2.04565e-41 2.83922e-33 4.76338e-26 9.66004e-20 2.36805e-14 7.01695e-10 2.51336e-06 0.0010882 0.0569519 0.360302 0.277401 0.0731216 0.146529 0.060828 0.0174649 0.00530466 0.000909962 9.12521e-05 3.9622e-06 5.69299e-08 2.16957e-10 1.75611e-13 2.36251e-17 4.61249e-22 1.25455e-27
 1.99437e-41 2.76805e-33 4.64397e-26 9.41789e-20 2.30868e-14 6.84105e-10 2.45035e-06 0.00106092 0.0555243 0.351274 0.270977 0.0796364 0.154422 0.0613144 0.0196673 0.00527938 0.000768795 6.97796e-05 2.64814e-06 3.11119e-08 8.80499e-11 4.99462e-14 4.98449e-18 7.75915e-23 1.71149e-28
 1.8731e-41 2.59974e-33 4.3616e-26 8.84524e-20 2.16831e-14 6.42509e-10 2.30136e-06 0.000996411 0.0521482 0.329922 0.255486 0.0912005 0.17492 0.0662929 0.0224275 0.00572937 0.000812434 6.09535e-05 1.91088e-06 1.84484e-08 4.07996e-11 1.71018e-14 1.20263e-18 1.30981e-23 2.08501e-29
 1.69388e-41 2.35099e-33 3.94427e-26 7.99891e-20 1.96084e-14 5.81032e-10 2.08116e-06 0.000901072 0.0471585 0.298365 0.232553 0.106263 0.200728 0.0759211 0.0297766 0.00725409 0.00100695 6.88884e-05 1.76587e-06 1.32077e-08 2.26131e-11 7.19598e-15 3.73152e-19 2.91299e-24 3.25304e-30
 1.91071e-41 2.65193e-33 4.44917e-26 9.02283e-20 2.21184e-14 6.55409e-10 2.34757e-06 0.00101642 0.0531952 0.336555 0.261432 0.0956297 0.155104 0.0610632 0.0279936 0.00694841 0.000995635 6.29952e-05 1.39751e-06 8.27225e-09 1.05962e-11 2.49817e-15 9.58364e-20 5.48706e-25 4.43732e-31
 1.85468e-41 2.57417e-33 4.31871e-26 8.75825e-20 2.14698e-14 6.3619e-10 2.27873e-06 0.000986611 0.0516353 0.3267 0.255229 0.109842 0.169966 0.0578062 0.0213851 0.00554537 0.000847215 5.23883e-05 1.03371e-06 5.03234e-09 4.97923e-12 8.66676e-16 2.40762e-20 9.95588e-26 5.82139e-32
 1.83118e-41 2.54156e-33 4.264e-26 8.6473e-20 2.11979e-14 6.28131e-10 2.24986e-06 0.000974113 0.0509813 0.322575 0.253144 0.117188 0.168951 0.0586152 0.0222598 0.00463934 0.000629932 3.88112e-05 7.07318e-07 2.92425e-09 2.3036e-12 3.05505e-16 6.26447e-21 1.87227e-26 7.82848e-33
 1.86259e-41 2.58516e-33 4.33714e-26 8.79562e-20 2.15614e-14 6.38905e-10 2.28845e-06 0.000990821 0.0518557 0.328122 0.258318 0.12117 0.159943 0.0545856 0.0203688 0.00414101 0.000479109 2.42323e-05 3.94126e-07 1.4163e-09 9.14103e-13 9.48402e-17 1.47303e-21 3.26036e-27 9.93077e-34
 1.95166e-41 2.70877e-33 4.54453e-26 9.21622e-20 2.25925e-14 6.69456e-10 2.39788e-06 0.0010382 0.0543354 0.343822 0.270966 0.120775 0.143315 0.0463931 0.0159568 0.00305632 0.000325384 1.3655e-05 1.73869e-07 5.07793e-10 2.68378e-13 2.22177e-17 2.67324e-22 4.47693e-28 1.01385e-34
 1.93678e-41 2.68812e-33 4.50988e-26 9.14594e-20 2.24202e-14 6.64351e-10 2.3796e-06 0.00103028 0.0539211 0.341229 0.270705 0.130163 0.143206 0.0436454 0.0135437 0.00232585 0.000219446 7.91245e-06 7.99252e-08 1.76169e-10 7.08072e-14 4.53505e-18 4.22615e-23 5.42407e-29 9.28522e-36
 1.97896e-41 2.74667e-33 4.60811e-26 9.34515e-20 2.29085e-14 6.78822e-10 2.43143e-06 0.00105273 0.0550957 0.348686 0.27754 0.13174 0.132148 0.0401188 0.0117118 0.00176004 0.000140282 4.19183e-06 3.40194e-08 5.7476e-11 1.7069e-14 8.0014e-19 5.50066e-24 5.26045e-30 6.74211e-37
 1.91171e-41 2.65333e-33 4.45152e-26 9.02758e-20 2.21301e-14 6.55754e-10 2.3488e-06 0.00101695 0.0532235 0.336898 0.271492 0.147 0.138324 0.0398185 0.0106503 0.00147346 9.90506e-05 2.35491e-06 1.48818e-08 1.92481e-11 4.2806e-15 1.47031e-19 7.3028e-25 5.02393e-31 4.64426e-38
 1.95924e-41 2.71929e-33 4.56218e-26 9.25201e-20 2.26802e-14 6.72056e-10 2.40719e-06 0.00104223 0.0545467 0.345308 0.279141 0.145598 0.125522 0.0378825 0.00969667 0.0011908 6.85755e-05 1.30929e-06 6.28367e-09 6.05714e-12 9.9734e-16 2.51868e-20 9.11642e-26 4.52931e-32 3.00212e-39
 1.93702e-41 2.68846e-33 4.51044e-26 9.14709e-20 2.2423e-14 6.64435e-10 2.3799e-06 0.00103041 0.0539284 0.341473 0.279265 0.155815 0.124157 0.0350063 0.00830344 0.00097029 4.78096e-05 7.33567e-07 2.70081e-09 1.92401e-12 2.30165e-16 4.20518e-21 1.10027e-26 3.94673e-33 1.88423e-40
 1.88211e-41 2.61225e-33 4.38259e-26 8.8878e-20 2.17874e-14 6.45601e-10 2.31244e-06 0.00100121 0.0524001 0.331913 0.27595 0.168697 0.12618 0.0354044 0.00763046 0.000787244 3.39436e-05 4.26537e-07 1.20823e-09 6.41045e-13 5.58929e-17 7.34111e-22 1.37224e-27 3.51137e-34 1.19644e-41
 1.79203e-41 2.48722e-33 4.17283e-26 8.46241e-20 2.07446e-14 6.14701e-10 2.20176e-06 0.000953286 0.0498926 0.316206 0.269172 0.184788 0.131764 0.038561 0.00790304 0.000731275 2.63636e-05 2.69661e-07 5.98783e-10 2.39036e-13 1.5288e-17 1.45263e-22 1.94687e-28 3.55008e-35 8.58841e-43
 1.81963e-41 2.52553e-33 4.23709e-26 8.59274e-20 2.10641e-14 6.24168e-10 2.23567e-06 0.000967967 0.0506615 0.321188 0.275377 0.182671 0.122749 0.0380814 0.00762097 0.000660804 2.02644e-05 1.65069e-07 2.8316e-10 8.57272e-14 4.07545e-18 2.82812e-23 2.73545e-29 3.57394e-36 6.16676e-44
#pred catch len freq
 2.56618e-27 2.59653e-27 4.0454e-26 7.99421e-20 1.95968e-14 5.8069e-10 2.07993e-06 0.000900531 0.0471306 0.298161 0.228252 0.0365883 0.118134 0.109233 0.0294161 0.04004 0.0190641 0.0172244 0.011852 0.00989621 0.00839268 0.0077319 0.00818306 0.00748805 0.00231054
 2.56888e-27 2.60346e-27 4.60277e-26 9.1698e-20 2.24787e-14 6.66083e-10 2.3858e-06 0.00103296 0.0540614 0.342007 0.261786 0.0399743 0.120345 0.11082 0.0218744 0.0221207 0.00870164 0.00565672 0.00321305 0.00228472 0.00169679 0.00139557 0.00134622 0.00125459 0.000426738
 2.56853e-27 2.60243e-27 4.50192e-26 8.95702e-20 2.19571e-14 6.50627e-10 2.33044e-06 0.00100899 0.0528069 0.334071 0.255745 0.0411617 0.133627 0.123022 0.0231452 0.0218668 0.00738385 0.00306049 0.0012757 0.000660481 0.000389011 0.000269543 0.000227025 0.000204683 7.27396e-05
 2.56845e-27 2.60224e-27 4.48522e-26 8.92178e-20 2.18707e-14 6.48067e-10 2.32127e-06 0.00100502 0.0525991 0.332756 0.254742 0.041214 0.134729 0.124066 0.0238229 0.0231408 0.00763598 0.00283458 0.00090666 0.000292861 0.000112284 5.71682e-05 3.8856e-05 3.18665e-05 1.13825e-05
 2.5713e-27 2.60994e-27 5.16513e-26 1.03561e-19 2.53867e-14 7.52255e-10 2.69445e-06 0.00116659 0.0610553 0.386252 0.295561 0.0393265 0.0916873 0.0843218 0.0163282 0.0160437 0.00534273 0.00205323 0.000630099 0.000168356 3.90065e-05 1.13567e-05 5.19682e-06 3.52105e-06 1.21597e-06
 2.56837e-27 2.6019e-27 4.44517e-26 8.83726e-20 2.16635e-14 6.41927e-10 2.29928e-06 0.000995498 0.0521008 0.329604 0.25235 0.0421817 0.143773 0.13222 0.0217844 0.0164314 0.00548536 0.00216631 0.000676854 0.000182992 3.64353e-05 6.2697e-06 1.399e-06 6.34568e-07 1.99924e-07
 2.56817e-27 2.60145e-27 4.41416e-26 8.77186e-20 2.15032e-14 6.37177e-10 2.28226e-06 0.000988132 0.0517153 0.327165 0.250477 0.0414871 0.139805 0.128759 0.024833 0.0242365 0.00755676 0.00211239 0.000642573 0.000178207 3.60771e-05 5.41196e-06 6.27341e-07 1.24713e-07 3.11649e-08
 2.57085e-27 2.60873e-27 5.05683e-26 1.01276e-19 2.48267e-14 7.35659e-10 2.63501e-06 0.00114086 0.0597084 0.377731 0.28906 0.0397112 0.0991813 0.0912246 0.0173214 0.0165719 0.00551303 0.00210137 0.000581498 0.000121888 2.4355e-05 3.7062e-06 3.54204e-07 2.79381e-08 3.73663e-09
 2.57006e-27 2.60647e-27 4.84813e-26 9.68733e-20 2.37473e-14 7.03676e-10 2.52045e-06 0.00109126 0.0571125 0.361309 0.276542 0.0410811 0.118401 0.10879 0.0173502 0.012204 0.00401213 0.0014971 0.000463925 0.000120246 1.9493e-05 2.59662e-06 2.45715e-07 1.31795e-08 6.36182e-10
 2.57006e-27 2.60652e-27 4.85569e-26 9.70329e-20 2.37865e-14 7.04835e-10 2.5246e-06 0.00109306 0.0572066 0.361905 0.276992 0.040779 0.115787 0.106456 0.0183727 0.0151071 0.00463836 0.00119604 0.000351113 9.2923e-05 1.81984e-05 2.32264e-06 1.83817e-07 9.03889e-09 2.28286e-10
 2.57042e-27 2.60749e-27 4.94072e-26 9.88267e-20 2.42262e-14 7.17865e-10 2.57127e-06 0.00111326 0.0582641 0.368595 0.282098 0.0405971 0.110815 0.101847 0.017158 0.013505 0.00427179 0.00130761 0.000345111 6.69343e-05 1.26641e-05 1.83432e-06 1.48945e-07 6.22311e-09 1.27529e-10
 2.57078e-27 2.60845e-27 5.02525e-26 1.0061e-19 2.46633e-14 7.30817e-10 2.61766e-06 0.00113335 0.0593154 0.375245 0.287173 0.0404249 0.105939 0.0973299 0.0160497 0.0121104 0.00379059 0.00110343 0.000305816 6.57638e-05 9.84826e-06 1.2146e-06 1.07242e-07 4.61493e-09 8.16356e-11
 2.57037e-27 2.60733e-27 4.92469e-26 9.84884e-20 2.41433e-14 7.15408e-10 2.56247e-06 0.00110945 0.0580647 0.367333 0.281138 0.0407896 0.112954 0.10379 0.0169488 0.0125328 0.00389044 0.001081 0.000292718 6.14109e-05 9.99218e-06 1.11237e-06 8.02095e-08 3.5819e-09 6.43812e-11
 2.56991e-27 2.60609e-27 4.81645e-26 9.6205e-20 2.35835e-14 6.98821e-10 2.50306e-06 0.00108373 0.0567185 0.358816 0.274638 0.0410057 0.119166 0.109548 0.0184384 0.0144809 0.0044834 0.00121759 0.000323893 6.49913e-05 1.02616e-05 1.18217e-06 8.07705e-08 3.01484e-09 5.41291e-11
 2.56926e-27 2.60431e-27 4.6574e-26 9.28496e-20 2.2761e-14 6.74448e-10 2.41576e-06 0.00104593 0.0547403 0.346302 0.265091 0.0415869 0.130296 0.119792 0.0197673 0.0149356 0.00466447 0.00133793 0.000355901 6.96711e-05 1.06083e-05 1.17541e-06 8.09749e-08 2.87388e-09 4.45963e-11
 2.56946e-27 2.60489e-27 4.71191e-26 9.39997e-20 2.30429e-14 6.82802e-10 2.44568e-06 0.00105889 0.0554183 0.350592 0.26836 0.0411697 0.124825 0.114804 0.019988 0.0166939 0.00518509 0.00142737 0.000384213 7.8593e-05 1.18394e-05 1.26586e-06 8.36606e-08 2.94561e-09 4.32726e-11
 2.56982e-27 2.60586e-27 4.79663e-26 9.5787e-20 2.3481e-14 6.95785e-10 2.49218e-06 0.00107902 0.0564721 0.357258 0.273447 0.0410025 0.119977 0.110307 0.0187447 0.014996 0.00475372 0.00147112 0.000396636 7.88037e-05 1.22187e-05 1.32512e-06 8.47478e-08 2.86478e-09 4.12694e-11
 2.56992e-27 2.6061e-27 4.81647e-26 9.62054e-20 2.35836e-14 6.98824e-10 2.50307e-06 0.00108373 0.0567187 0.358818 0.27464 0.0410998 0.11988 0.110182 0.0180996 0.0135516 0.00424571 0.00124367 0.000346101 7.5513e-05 1.15985e-05 1.26227e-06 8.24005e-08 2.71494e-09 3.76183e-11
 2.57001e-27 2.60634e-27 4.83688e-26 9.6636e-20 2.36892e-14 7.01952e-10 2.51427e-06 0.00108858 0.0569726 0.360424 0.275867 0.0410909 0.11895 0.109315 0.0177778 0.0130318 0.0040254 0.0010869 0.000293649 6.19294e-05 1.01829e-05 1.15359e-06 7.51994e-08 2.51481e-09 3.41773e-11
 2.57057e-27 2.60786e-27 4.97162e-26 9.94784e-20 2.43859e-14 7.22599e-10 2.58823e-06 0.0011206 0.0586484 0.371026 0.283955 0.0406866 0.110191 0.101233 0.0163694 0.0118528 0.00364588 0.000959231 0.00025171 4.92606e-05 7.77753e-06 9.04677e-07 6.24174e-08 2.10543e-09 2.88656e-11
 2.57097e-27 2.60895e-27 5.06587e-26 1.01467e-19 2.48733e-14 7.37042e-10 2.63996e-06 0.001143 0.0598206 0.378441 0.289616 0.0405543 0.105208 0.0966001 0.0149204 0.00971271 0.00297212 0.00076648 0.00019902 3.77845e-05 5.61992e-06 6.15086e-07 4.27126e-08 1.5166e-09 2.11725e-11
 2.5711e-27 2.6093e-27 5.09729e-26 1.02129e-19 2.50358e-14 7.41856e-10 2.6572e-06 0.00115047 0.0602113 0.380913 0.291501 0.0404327 0.102957 0.094532 0.0147126 0.00975635 0.00293988 0.000680349 0.00017276 3.21777e-05 4.67453e-06 4.84917e-07 3.14841e-08 1.11262e-09 1.61954e-11
 2.57115e-27 2.60941e-27 5.10615e-26 1.02316e-19 2.50816e-14 7.43213e-10 2.66206e-06 0.00115257 0.0603215 0.38161 0.292034 0.0404816 0.102955 0.0945116 0.0143819 0.00900744 0.0027165 0.000637167 0.000157392 2.66545e-05 3.75823e-06 3.79908e-07 2.34221e-08 7.75605e-10 1.11605e-11
 2.57159e-27 2.6106e-27 5.21039e-26 1.04515e-19 2.56207e-14 7.59187e-10 2.71928e-06 0.00117735 0.061618 0.389812 0.298293 0.0402279 0.0966271 0.0886596 0.0131098 0.00757783 0.00225863 0.000491919 0.000120422 2.04332e-05 2.70072e-06 2.54862e-07 1.52051e-08 4.7825e-10 6.47859e-12
 2.57158e-27 2.61059e-27 5.20996e-26 1.04506e-19 2.56185e-14 7.59121e-10 2.71904e-06 0.00117724 0.0616126 0.389778 0.298267 0.0402327 0.0966812 0.0887097 0.0131227 0.0075932 0.0022426 0.000452955 0.000107331 1.7099e-05 2.23939e-06 2.03399e-07 1.12182e-08 3.36893e-10 4.33518e-12
 2.57155e-27 2.61048e-27 5.19905e-26 1.04276e-19 2.5562e-14 7.57449e-10 2.71305e-06 0.00117465 0.0614769 0.38892 0.297614 0.0403739 0.0982147 0.0900991 0.0129017 0.00673946 0.0019821 0.000394401 9.15304e-05 1.35646e-05 1.67941e-06 1.4636e-07 7.80927e-09 2.17921e-10 2.65058e-12
 2.57165e-27 2.61077e-27 5.22546e-26 1.04833e-19 2.56986e-14 7.61495e-10 2.72755e-06 0.00118092 0.0618053 0.390997 0.299198 0.0402315 0.0960182 0.0880883 0.0128382 0.00709924 0.00206863 0.000373333 8.46299e-05 1.23162e-05 1.45359e-06 1.17694e-07 5.9442e-09 1.59255e-10 1.8116e-12
 2.57126e-27 2.6097e-27 5.12995e-26 1.02818e-19 2.52047e-14 7.46859e-10 2.67513e-06 0.00115823 0.0606174 0.383482 0.293466 0.0405908 0.10278 0.0943105 0.0136196 0.00731558 0.002143 0.000408708 9.18118e-05 1.2246e-05 1.40186e-06 1.09187e-07 5.11929e-09 1.28585e-10 1.39364e-12
#obs catch len freq
 1.75581e-41 2.43695e-33 4.08849e-26 8.29138e-20 2.03253e-14 6.02277e-10 2.15726e-06 0.000934018 0.0488828 0.309247 0.236873 0.0440939 0.153298 0.129877 0.0366671 0.0282053 0.00859168 0.00271947 0.000539859 6.48173e-05 3.4086e-06 5.67637e-08 2.23163e-10 1.67026e-13 2.06113e-17
 1.77155e-41 2.4588e-33 4.12514e-26 8.36571e-20 2.05075e-14 6.07676e-10 2.1766e-06 0.000942391 0.049321 0.312019 0.239049 0.0460188 0.155785 0.124892 0.0357919 0.0258656 0.00760775 0.0022528 0.000407475 4.23054e-05 1.83325e-06 2.39505e-08 7.07655e-11 3.86085e-14 3.40897e-18
 2.18346e-41 3.0305e-33 5.0843e-26 1.03109e-19 2.52759e-14 7.4897e-10 2.68269e-06 0.00116151 0.0607889 0.384568 0.294401 0.0433031 0.0986251 0.0745532 0.0220275 0.0149644 0.00423059 0.00116453 0.000191926 1.71833e-05 6.05949e-07 6.14251e-09 1.36069e-11 5.42845e-15 3.44528e-19
 1.74265e-41 2.41868e-33 4.05784e-26 8.22922e-20 2.0173e-14 5.97762e-10 2.14109e-06 0.000927016 0.0485163 0.306929 0.235388 0.0537112 0.183127 0.128499 0.0254141 0.0129095 0.0035303 0.00090182 0.00013425 1.03251e-05 2.95104e-07 2.30212e-09 3.79657e-12 1.10541e-15 5.05356e-20
 2.11376e-41 2.93375e-33 4.92198e-26 9.98168e-20 2.44689e-14 7.25058e-10 2.59704e-06 0.00112443 0.0588481 0.372291 0.285171 0.0474283 0.112955 0.0762507 0.026857 0.0156245 0.00283677 0.000534357 7.10544e-05 4.65622e-06 1.07356e-07 6.43041e-10 7.86465e-13 1.66429e-16 5.46873e-21
 2.38753e-41 3.31373e-33 5.55947e-26 1.12745e-19 2.76381e-14 8.18968e-10 2.93341e-06 0.00127006 0.0664701 0.420509 0.321948 0.0453982 0.0781822 0.0481781 0.0109194 0.00535445 0.00147439 0.000268753 2.31869e-05 1.19043e-06 2.1938e-08 1.00623e-10 9.12554e-14 1.40263e-17 3.30701e-22
 1.34369e-41 1.86495e-33 3.12885e-26 6.34524e-20 1.55546e-14 4.60912e-10 1.65091e-06 0.000714787 0.0374091 0.236665 0.182527 0.0758724 0.272881 0.155551 0.0265662 0.00967733 0.0017782 0.000323985 3.08705e-05 1.097e-06 1.41802e-08 4.87224e-11 3.27031e-14 3.65447e-18 6.18949e-23
 2.23236e-41 3.09836e-33 5.19815e-26 1.05417e-19 2.58418e-14 7.65741e-10 2.74276e-06 0.00118752 0.0621501 0.393181 0.301243 0.0481533 0.0874565 0.0531518 0.0349897 0.0161219 0.00210092 0.000242619 1.85135e-05 6.30967e-07 5.98658e-09 1.37723e-11 6.52836e-15 5.25771e-19 6.39713e-24
 2.02139e-41 2.80556e-33 4.70691e-26 9.54552e-20 2.33997e-14 6.93376e-10 2.48356e-06 0.0010753 0.0562767 0.356026 0.273424 0.0633583 0.150911 0.0747929 0.0147842 0.00668817 0.00235174 0.000294904 1.37046e-05 3.27814e-07 2.58653e-09 4.46642e-12 1.42753e-15 7.77265e-20 6.58902e-25
 2.06522e-41 2.86639e-33 4.80897e-26 9.75248e-20 2.39071e-14 7.0841e-10 2.53741e-06 0.00109861 0.0574969 0.363746 0.279419 0.0636452 0.138275 0.0666337 0.0212195 0.00716372 0.00108938 0.000197392 1.31637e-05 2.21086e-07 1.11879e-09 1.43294e-12 3.43103e-16 1.31244e-20 7.5159e-26
 2.02798e-41 2.81471e-33 4.72225e-26 9.57663e-20 2.3476e-14 6.95636e-10 2.49166e-06 0.0010788 0.0564601 0.357189 0.274736 0.069316 0.147671 0.0659574 0.0197249 0.00658659 0.00115108 0.000118543 7.20415e-06 1.49614e-07 6.21362e-10 5.13012e-13 8.28675e-17 2.27919e-21 9.41775e-27
 2.13615e-41 2.96483e-33 4.97412e-26 1.00874e-19 2.47281e-14 7.32739e-10 2.62455e-06 0.00113634 0.0594715 0.376241 0.289343 0.0679808 0.127378 0.0541036 0.0179291 0.00543481 0.000886677 8.91028e-05 3.80774e-06 6.12017e-08 2.55239e-10 1.86545e-13 2.14646e-17 3.87921e-22 1.07799e-27
 2.09164e-41 2.90306e-33 4.87049e-26 9.87725e-20 2.42129e-14 7.17473e-10 2.56987e-06 0.00111267 0.0582325 0.368406 0.283838 0.0752718 0.138677 0.053882 0.0154938 0.0043215 0.000697237 6.23682e-05 2.32721e-06 2.7431e-08 8.25411e-11 5.08473e-14 5.09501e-18 7.33409e-23 1.46001e-28
 2.04508e-41 2.83843e-33 4.76206e-26 9.65736e-20 2.36739e-14 7.01501e-10 2.51266e-06 0.0010879 0.0569361 0.360209 0.278107 0.0818731 0.145375 0.0542922 0.0172693 0.00422206 0.000578122 4.66667e-05 1.50565e-06 1.43587e-08 3.17717e-11 1.37061e-14 1.01854e-18 1.16435e-23 1.87204e-29
 1.92946e-41 2.67796e-33 4.49283e-26 9.11136e-20 2.23354e-14 6.6184e-10 2.3706e-06 0.00102639 0.0537172 0.339852 0.263488 0.0938766 0.1644 0.0588509 0.0195757 0.0045705 0.000599699 3.97051e-05 1.05502e-06 8.20159e-09 1.40779e-11 4.46422e-15 2.33296e-19 1.86432e-24 2.15785e-30
 1.75689e-41 2.43845e-33 4.09101e-26 8.29648e-20 2.03379e-14 6.02648e-10 2.15859e-06 0.000934593 0.0489129 0.309471 0.241624 0.109674 0.188811 0.0681123 0.0259004 0.005777 0.000735927 4.39345e-05 9.42986e-07 5.65588e-09 7.48211e-12 1.79351e-15 6.89183e-20 3.94253e-25 3.20065e-31
 1.96988e-41 2.73407e-33 4.58697e-26 9.30227e-20 2.28034e-14 6.75707e-10 2.42027e-06 0.0010479 0.0548427 0.346984 0.2699 0.0977809 0.144317 0.0548679 0.0240142 0.00549047 0.000711846 3.89749e-05 7.15425e-07 3.36345e-09 3.3144e-12 5.87095e-16 1.66504e-20 6.97365e-26 4.09601e-32
 1.91623e-41 2.6596e-33 4.46203e-26 9.04891e-20 2.21823e-14 6.57303e-10 2.35435e-06 0.00101935 0.0533489 0.337551 0.264171 0.112047 0.157369 0.0512303 0.0182342 0.00439477 0.000600166 3.17669e-05 5.12445e-07 1.96345e-09 1.48477e-12 1.93495e-16 3.96662e-21 1.19818e-26 5.08199e-33
 1.8951e-41 2.63027e-33 4.41283e-26 8.94913e-20 2.19378e-14 6.50056e-10 2.32839e-06 0.00100811 0.0527607 0.333845 0.262514 0.119169 0.155849 0.0521298 0.0186572 0.00359871 0.000441948 2.31057e-05 3.40007e-07 1.09549e-09 6.55238e-13 6.47906e-17 9.78038e-22 2.13262e-27 6.46342e-34
 1.92703e-41 2.67459e-33 4.48717e-26 9.0999e-20 2.23073e-14 6.61007e-10 2.36762e-06 0.0010251 0.0536496 0.339486 0.267826 0.122585 0.146642 0.0483758 0.016906 0.00316243 0.00032561 1.40378e-05 1.8346e-07 5.09006e-10 2.47707e-13 1.90753e-17 2.17495e-22 3.50636e-28 7.73468e-35
 2.01286e-41 2.79372e-33 4.68704e-26 9.50523e-20 2.3301e-14 6.9045e-10 2.47308e-06 0.00107076 0.0560393 0.35462 0.280053 0.121432 0.130423 0.0407627 0.013073 0.00230034 0.000215565 7.6084e-06 7.76927e-08 1.7472e-10 6.92538e-14 4.23562e-18 3.72945e-23 4.54012e-29 7.437e-36
 1.9991e-41 2.77462e-33 4.65501e-26 9.44025e-20 2.31417e-14 6.8573e-10 2.45617e-06 0.00106344 0.0556563 0.352231 0.280085 0.130339 0.129718 0.0380802 0.0109565 0.00172199 0.000142205 4.26655e-06 3.42283e-08 5.78849e-11 1.74131e-14 8.21497e-19 5.58502e-24 5.19822e-30 6.4263e-37
 2.04012e-41 2.83156e-33 4.75053e-26 9.63397e-20 2.36165e-14 6.99801e-10 2.50658e-06 0.00108526 0.0567985 0.359487 0.28681 0.131227 0.119082 0.0348115 0.00933047 0.001275 8.83765e-05 2.1827e-06 1.39621e-08 1.79891e-11 3.98604e-15 1.37393e-19 6.87778e-25 4.75934e-31 4.39585e-38
 1.97577e-41 2.74224e-33 4.60068e-26 9.33009e-20 2.28716e-14 6.77728e-10 2.42751e-06 0.00105103 0.0550071 0.348221 0.281405 0.14603 0.12438 0.0343761 0.00841524 0.00104972 6.07026e-05 1.18477e-06 5.87109e-09 5.76477e-12 9.53239e-16 2.40246e-20 8.67848e-26 4.31553e-32 2.87119e-39
 2.02197e-41 2.80636e-33 4.70825e-26 9.54824e-20 2.34064e-14 6.93574e-10 2.48427e-06 0.0010756 0.0562934 0.356404 0.288892 0.143899 0.112472 0.0325419 0.0075477 0.000830689 4.07827e-05 6.32955e-07 2.36905e-09 1.7279e-12 2.10991e-16 3.90173e-21 1.02567e-26 3.68044e-33 1.75489e-40
 2.00074e-41 2.7769e-33 4.65883e-26 9.44801e-20 2.31607e-14 6.86293e-10 2.45819e-06 0.00106431 0.0557027 0.352759 0.28934 0.153375 0.110813 0.0298367 0.00641438 0.000664556 2.76223e-05 3.41799e-07 9.75139e-10 5.23643e-13 4.63564e-17 6.19192e-22 1.17506e-27 3.04093e-34 1.04356e-41
 1.9478e-41 2.70342e-33 4.53555e-26 9.198e-20 2.25478e-14 6.68133e-10 2.39314e-06 0.00103615 0.0542292 0.343566 0.286572 0.165631 0.112583 0.0300089 0.00582175 0.000530259 1.91187e-05 1.91854e-07 4.18677e-10 1.66822e-13 1.07391e-17 1.02981e-22 1.39486e-28 2.57288e-35 6.29637e-43
 1.86085e-41 2.58274e-33 4.33308e-26 8.78741e-20 2.15413e-14 6.38308e-10 2.28632e-06 0.000989896 0.0518091 0.328442 0.280616 0.181195 0.117872 0.0325994 0.0059762 0.000483163 1.4463e-05 1.17333e-07 1.9946e-10 5.95674e-14 2.80663e-18 1.94439e-23 1.88673e-29 2.47876e-36 4.30531e-44
#spawning biomass
 9123.84 8858.7 11375.3 12895.3 19988.8 31844.2 30939.2 36455.2 47036.7 59485.5 72485.5 94244.8 126575 156932 144906 136452 130783 121312 110113 104852 102634 119278 128586 127939 145511 137878 142570 141747 150921 133720 56329.3 25370.2 15892.6 13311 12657.4 12499.9 12463.4 12455.1 12453.2 12452.8 12452.7 12452.7 12452.7 12452.7 12452.7 12452.7 12452.7 12452.7 12452.7 12452.7 12452.7 12452.7 12452.7 12452.7 12452.7 12452.7 12452.7 12452.7 12452.7 12452.7 12452.7 12452.7 12452.7 12452.7 12452.7 12452.7 12452.7 12452.7 12452.7 12452.7 12452.7 12452.7 12452.7 12452.7 12452.7 12452.7 12452.7 12452.7 12452.7 12452.7 12452.7 12452.7 12452.7 12452.7 12452.7 12452.7 12452.7 12452.7 12452.7 12452.7 12452.7 12452.7 12452.7 12452.7 12452.7 12452.7 12452.7 12452.7 12452.7 12452.7 12452.7 12452.7 12452.7 12452.7 12452.7 12452.7 12452.7 12452.7 12452.7 12452.7 12452.7 12452.7 12452.7 12452.7 12452.7 12452.7 12452.7 12452.7 12452.7 12452.7 12452.7 12452.7 12452.7 12452.7 12452.7 12452.7 12452.7 12452.7 0 0 0 0 0 0 0 0 0 0 0 0 0 0 0 0 0 0 0 0 0 0 0 0 0
