SBPRF35
0.115836
Curr Bio
160841
B35
149435
F35
1.04439
FOFL
0.948748
OFL
56233
Bzero
33095.9
#pred survey bio
 7598.79 9292.64 12265.1 14403.9 22981.1 35274.7 34012.8 40768.2 54776.6 63919.4 81480.1 109029 142283 162170 157482 133284 140555 137378 132767 125330 127884 139395 143397 147010 161827 171678 158337 156862 175848 5.33831e+06 2.85068e+06 1.38836e+06 714345 468935 375093 334522 314970 304928 299623 296795 295285 294481 294053 293827 293705 293643 293610 293593 293584 293579 293577 293576 293575 293575 293575 293575 293575 293575 293575 293574 293574 293574 293574 293574 293574 293574 293574 293574 293574 293574 293574 293574 293574 293574 293574 293574 293574 293574 293574 293574 293574 293574 293574 293574 293574 293574 293574 293574 293574 293574 293574 293574 293574 293574 293574 293574 293574 293574 293574 293574 293574 293574 293574 293574 293574 293574 293574 293574 293574 293574 293574 293574 293574 293574 293574 293574 293574 293574 293574 293574 293574 293574 293574 293574 293574 293574 293574 293574 293574 0 0 0 0 0 0 0 0 0 0 0 0 0 0 0 0 0 0 0 0 0 0 0 0 0
#obs survey bio
 6440.6 9392.47 10759.7 9518.44 27026.7 18232.9 29556.8 28217 70004.3 72051.9 69327 77907.4 125073 119497 98569.2 99960.2 111372 109984 206160 118384 157249 104148 144774 141201 119418 192991 171012 97500.6 170364
#pred catch bio
 3173.38 4246.51 6164 7514.51 8944.72 19633.7 19759.9 22289 31372.1 34499.8 45483.7 61825.9 83689.1 97431.5 104144 82221.7 90019.9 88490.1 86910 80104.3 78870.7 90717.9 94745.4 97421.8 111969 123437 111527 104318 143695 56233 62292 25324.3 10620.3 6603.03 5636.48 5420.64 5374.81 5365.42 5363.55 5363.18 5363.11 5363.1 5363.09 5363.09 5363.09 5363.09 5363.09 5363.09 5363.09 5363.09 5363.09 5363.09 5363.09 5363.09 5363.09 5363.09 5363.09 5363.09 5363.09 5363.09 5363.09 5363.09 5363.09 5363.09 5363.09 5363.09 5363.09 5363.09 5363.09 5363.09 5363.09 5363.09 5363.09 5363.09 5363.09 5363.09 5363.09 5363.09 5363.09 5363.09 5363.09 5363.09 5363.09 5363.09 5363.09 5363.09 5363.09 5363.09 5363.09 5363.09 5363.09 5363.09 5363.09 5363.09 5363.09 5363.09 5363.09 5363.09 5363.09 5363.09 5363.09 5363.09 5363.09 5363.09 5363.09 5363.09 5363.09 5363.09 5363.09 5363.09 5363.09 5363.09 5363.09 5363.09 5363.09 5363.09 5363.09 5363.09 5363.09 5363.09 5363.09 5363.09 5363.09 5363.09 5363.09 5363.09 5363.09 5363.09 5363.09 0 0 0 0 0 0 0 0 0 0 0 0 0 0 0 0 0 0 0 0 0 0 0 0 0
#obs catch bio
 4443.3 4260.5 6144.7 7606.02 8743.28 19687.5 20162.8 22555.8 31192.5 33634.8 45182.6 61796.5 82950.7 96828.6 105393 83677.2 90412.7 88221.5 85548.5 78091.2 75985.9 88111.7 91785 94248.8 111590 120660 108631 103978 144738
#pred cpue bio
 6237.1 7030.6 9251.78 10958.2 16127.2 27019.1 26260.7 29335.7 39930.7 47315.4 59911 78661 103257 119784 119372 99244.5 103071 101475 97869.3 92291.8 93496.8 102041 104049 106356 115276 121512 113488 111484 125237 3.59395e+06 2.70803e+06 1.3404e+06 664680 418877 324999 284425 264872 254830 249525 246697 245187 244383 243956 243729 243608 243545 243512 243495 243487 243482 243480 243478 243478 243477 243477 243477 243477 243477 243477 243477 243477 243477 243477 243477 243477 243477 243477 243477 243477 243477 243477 243477 243477 243477 243477 243477 243477 243477 243477 243477 243477 243477 243477 243477 243477 243477 243477 243477 243477 243477 243477 243477 243477 243477 243477 243477 243477 243477 243477 243477 243477 243477 243477 243477 243477 243477 243477 243477 243477 243477 243477 243477 243477 243477 243477 243477 243477 243477 243477 243477 243477 243477 243477 243477 243477 243477 243477 243477 243477 0 0 0 0 0 0 0 0 0 0 0 0 0 0 0 0 0 0 0 0 0 0 0 0 0
#obs cpue bio
 4017.98 7000.33 10591.3 13263.7 29997 28169.6 25641.8 30959.5 47149.6 70548.6 63951.7 102736 151336 165976 143682 93340.5 140709 137866 92965.9 154715 149880 198661 172405 185090 133475 183111 156761 150932 134316
#pred surv len freq
 2.56918e-27 2.60451e-27 4.73017e-26 9.43871e-20 2.31378e-14 6.85616e-10 2.45576e-06 0.00106325 0.0556467 0.352036 0.269391 0.0366307 0.0895552 0.0826814 0.0216423 0.0288585 0.0135778 0.0120576 0.0081586 0.00669946 0.00557668 0.00503836 0.00522381 0.00471333 0.00144673
 2.57094e-27 2.609e-27 5.08841e-26 1.01943e-19 2.49901e-14 7.40501e-10 2.65235e-06 0.00114837 0.0601013 0.380217 0.290947 0.0389681 0.0922006 0.0848112 0.0166347 0.0166796 0.0064614 0.00405572 0.00225322 0.00156607 0.00113607 0.000912147 0.000857174 0.000783218 0.000264407
 2.57056e-27 2.60792e-27 4.98507e-26 9.97626e-20 2.44556e-14 7.24663e-10 2.59562e-06 0.0011238 0.0588159 0.372085 0.284753 0.0399506 0.10403 0.0956743 0.017658 0.0162215 0.00543941 0.00219401 0.000887418 0.000441693 0.000251931 0.000169294 0.000137946 0.00012105 4.25698e-05
 2.57017e-27 2.60686e-27 4.89203e-26 9.77998e-20 2.39744e-14 7.10405e-10 2.54455e-06 0.00110169 0.0576587 0.364765 0.279167 0.0401956 0.109819 0.101043 0.0190965 0.0181438 0.00591327 0.00208071 0.000652439 0.00020276 7.39558e-05 3.60243e-05 2.34568e-05 1.85423e-05 6.52716e-06
 2.57291e-27 2.61431e-27 5.55007e-26 1.11682e-19 2.73774e-14 8.11241e-10 2.90573e-06 0.00125807 0.0658428 0.416539 0.318671 0.0383163 0.0677624 0.0622189 0.0119628 0.0116404 0.00382941 0.00139789 0.000416759 0.000105494 2.34524e-05 6.41915e-06 2.75906e-06 1.7759e-06 6.00663e-07
 2.56974e-27 2.60564e-27 4.77658e-26 9.5364e-20 2.33773e-14 6.92712e-10 2.48118e-06 0.00107426 0.0562227 0.35568 0.272245 0.0411594 0.122016 0.112154 0.018455 0.0138828 0.00461111 0.00178289 0.000543134 0.000139167 2.62719e-05 4.2649e-06 8.75783e-07 3.66806e-07 1.11956e-07
 2.56957e-27 2.60525e-27 4.75126e-26 9.48302e-20 2.32465e-14 6.88835e-10 2.46729e-06 0.00106824 0.055908 0.353689 0.270714 0.0404455 0.11766 0.108334 0.0213986 0.0215424 0.00669105 0.00182191 0.000545784 0.000146827 2.82755e-05 3.98791e-06 4.2733e-07 7.55095e-08 1.78062e-08
 2.57215e-27 2.61224e-27 5.36735e-26 1.07827e-19 2.64325e-14 7.83242e-10 2.80544e-06 0.00121465 0.0635703 0.402163 0.307702 0.0388341 0.0794095 0.0729699 0.0139223 0.01341 0.00447789 0.00173104 0.000474786 9.63246e-05 1.8655e-05 2.70228e-06 2.40483e-07 1.69111e-08 2.0119e-09
 2.57157e-27 2.61061e-27 5.21553e-26 1.04624e-19 2.56473e-14 7.59975e-10 2.7221e-06 0.00117857 0.0616819 0.390216 0.298597 0.0398898 0.0938408 0.0861509 0.013792 0.00978356 0.00320673 0.0011809 0.000366711 9.52966e-05 1.50796e-05 1.93045e-06 1.73125e-07 8.53044e-09 3.54538e-10
 2.57105e-27 2.60919e-27 5.09139e-26 1.02005e-19 2.50053e-14 7.40953e-10 2.65397e-06 0.00114907 0.060138 0.38045 0.291143 0.040165 0.101172 0.0929494 0.0156062 0.0121961 0.00372894 0.000940317 0.000272814 7.10881e-05 1.39331e-05 1.75029e-06 1.32571e-07 6.13257e-09 1.39238e-10
 2.57135e-27 2.61004e-27 5.16905e-26 1.03644e-19 2.5407e-14 7.52854e-10 2.6966e-06 0.00116752 0.0611039 0.38656 0.295801 0.0396766 0.0941825 0.086557 0.0155123 0.0135975 0.00424956 0.00120512 0.000312522 5.8961e-05 1.09411e-05 1.57306e-06 1.25907e-07 5.02896e-09 9.61258e-11
 2.57196e-27 2.61168e-27 5.31279e-26 1.06676e-19 2.61503e-14 7.7488e-10 2.77549e-06 0.00120168 0.0628917 0.39787 0.304433 0.03939 0.0859366 0.0789104 0.0134793 0.0108894 0.0034846 0.00113057 0.00030884 6.18114e-05 8.97966e-06 1.07703e-06 9.38178e-08 3.96884e-09 6.70579e-11
 2.57172e-27 2.61101e-27 5.2509e-26 1.0537e-19 2.58302e-14 7.65395e-10 2.74152e-06 0.00118697 0.0621218 0.392999 0.30072 0.039761 0.0913689 0.0838827 0.0136265 0.00996779 0.00312133 0.000914599 0.000258259 5.84293e-05 9.08789e-06 9.57807e-07 6.67789e-08 2.92742e-09 5.15484e-11
 2.57111e-27 2.60934e-27 5.10323e-26 1.02255e-19 2.50665e-14 7.42766e-10 2.66046e-06 0.00115188 0.0602852 0.381381 0.291855 0.0402151 0.101053 0.0928195 0.0152154 0.0113383 0.00348005 0.000901022 0.000241483 5.08933e-05 8.60368e-06 9.97234e-07 6.41512e-08 2.29883e-09 4.03604e-11
 2.57016e-27 2.60679e-27 4.87876e-26 9.75197e-20 2.39058e-14 7.08371e-10 2.53726e-06 0.00109854 0.0574936 0.36372 0.278378 0.0407711 0.114752 0.105488 0.0179467 0.0143802 0.00443261 0.00116757 0.000302063 5.66716e-05 8.86737e-06 1.04916e-06 7.42892e-08 2.50924e-09 3.72169e-11
 2.57086e-27 2.60869e-27 5.04797e-26 1.01089e-19 2.47808e-14 7.343e-10 2.63014e-06 0.00113875 0.0595981 0.377034 0.288535 0.0401975 0.103251 0.0948884 0.0163177 0.0133361 0.00415723 0.00116994 0.000306878 5.76784e-05 8.30269e-06 8.84403e-07 6.20625e-08 2.2567e-09 3.19322e-11
 2.5714e-27 2.61015e-27 5.17727e-26 1.03817e-19 2.54494e-14 7.54112e-10 2.7011e-06 0.00116947 0.0612061 0.387206 0.296297 0.0398377 0.0950596 0.087322 0.014843 0.0118781 0.00372619 0.0010903 0.000293345 5.8461e-05 8.52307e-06 8.61497e-07 5.41407e-08 1.92082e-09 2.85527e-11
 2.57109e-27 2.60929e-27 5.09787e-26 1.02142e-19 2.50388e-14 7.41945e-10 2.65752e-06 0.00115061 0.0602186 0.380959 0.291534 0.0403053 0.101965 0.0936411 0.0150043 0.0106526 0.0033141 0.000936993 0.000254036 5.26073e-05 8.04771e-06 8.42906e-07 5.09674e-08 1.6359e-09 2.35164e-11
 2.57118e-27 2.60953e-27 5.1205e-26 1.02619e-19 2.51559e-14 7.45414e-10 2.66995e-06 0.00115598 0.0605001 0.38274 0.292892 0.0401555 0.0998711 0.0917319 0.0150815 0.0113049 0.00344325 0.00084627 0.000222458 4.49117e-05 7.03666e-06 7.73794e-07 4.88259e-08 1.52218e-09 2.00569e-11
 2.5712e-27 2.60959e-27 5.12501e-26 1.02714e-19 2.51792e-14 7.46104e-10 2.67242e-06 0.00115706 0.0605561 0.383094 0.293163 0.0402 0.100019 0.0918533 0.0148344 0.0107125 0.00328962 0.000855456 0.000217623 3.88481e-05 5.84836e-06 6.45213e-07 4.26639e-08 1.38686e-09 1.78714e-11
 2.57147e-27 2.61031e-27 5.18923e-26 1.04069e-19 2.55113e-14 7.55946e-10 2.70767e-06 0.00117232 0.0613549 0.388148 0.297018 0.0399504 0.0954107 0.0876154 0.0143432 0.0106579 0.00325587 0.000816291 0.00020994 3.88594e-05 5.39261e-06 5.45401e-07 3.57023e-08 1.20807e-09 1.61759e-11
 2.57142e-27 2.61019e-27 5.17869e-26 1.03847e-19 2.54568e-14 7.5433e-10 2.70188e-06 0.00116981 0.0612238 0.387318 0.296385 0.0399867 0.0961317 0.0882788 0.0144241 0.0106767 0.00328156 0.000855966 0.000219146 3.95292e-05 5.61438e-06 5.50098e-07 3.26639e-08 1.0781e-09 1.49099e-11
 2.5717e-27 2.61095e-27 5.2446e-26 1.05237e-19 2.57976e-14 7.64429e-10 2.73806e-06 0.00118547 0.0620434 0.392504 0.300342 0.0398602 0.0923887 0.0848084 0.0135135 0.00947247 0.0029009 0.000744585 0.000192303 3.57397e-05 5.00501e-06 4.89874e-07 2.86084e-08 8.67026e-10 1.15802e-11
 2.57178e-27 2.61114e-27 5.26112e-26 1.05586e-19 2.5883e-14 7.6696e-10 2.74712e-06 0.0011894 0.0622489 0.393803 0.301335 0.0398934 0.0919439 0.0843797 0.0131073 0.00865204 0.00262048 0.000629272 0.00016012 2.94356e-05 4.20455e-06 4.14586e-07 2.40053e-08 7.13937e-10 8.88235e-12
 2.57228e-27 2.61249e-27 5.38096e-26 1.08114e-19 2.65028e-14 7.85325e-10 2.8129e-06 0.00121788 0.0637394 0.403232 0.308529 0.0395136 0.0839994 0.0770544 0.0119173 0.00778046 0.00233419 0.000523542 0.000129337 2.24167e-05 3.14318e-06 3.11752e-07 1.83008e-08 5.40748e-10 6.57641e-12
 2.57244e-27 2.61292e-27 5.41674e-26 1.08868e-19 2.66878e-14 7.90807e-10 2.83254e-06 0.00122638 0.0641843 0.406047 0.310679 0.0395479 0.0827495 0.0758676 0.0111017 0.00621869 0.00185317 0.000405109 9.78773e-05 1.58871e-05 2.11364e-06 2.0101e-07 1.17677e-08 3.51822e-10 4.26215e-12
 2.57202e-27 2.61176e-27 5.31235e-26 1.06666e-19 2.61479e-14 7.7481e-10 2.77524e-06 0.00120157 0.062886 0.397834 0.304415 0.0399931 0.0905394 0.0830265 0.0118332 0.00608233 0.00177218 0.000325624 7.55661e-05 1.19151e-05 1.51099e-06 1.34337e-07 7.46746e-09 2.20613e-10 2.69423e-12
 2.57231e-27 2.61258e-27 5.38651e-26 1.08231e-19 2.65315e-14 7.86175e-10 2.81595e-06 0.0012192 0.0638084 0.403669 0.308865 0.039628 0.0846339 0.0776118 0.0115068 0.00669987 0.00194266 0.000329523 7.22536e-05 9.76061e-06 1.17551e-06 9.9855e-08 5.17373e-09 1.44261e-10 1.72848e-12
 2.57226e-27 2.61242e-27 5.37346e-26 1.07955e-19 2.6464e-14 7.84175e-10 2.80878e-06 0.0012161 0.0636461 0.402642 0.308081 0.039643 0.085299 0.0782301 0.0116981 0.00698234 0.00205615 0.000401456 8.93864e-05 1.11469e-05 1.19977e-06 9.03825e-08 4.42935e-09 1.1523e-10 1.29957e-12
#obs surv len freq
 1.77267e-41 2.46035e-33 4.12775e-26 8.37098e-20 2.05205e-14 6.0806e-10 2.17797e-06 0.000942986 0.0493521 0.312216 0.239139 0.0440414 0.151494 0.128301 0.0358227 0.0273577 0.00822749 0.00255503 0.000489915 5.60284e-05 2.80837e-06 4.50238e-08 1.71485e-10 1.24596e-13 1.49379e-17
 2.17427e-41 3.01774e-33 5.06289e-26 1.02674e-19 2.51694e-14 7.45815e-10 2.67139e-06 0.00115662 0.0605328 0.382948 0.293122 0.0420353 0.0974425 0.0780008 0.0223579 0.0161286 0.00465788 0.00135205 0.000238341 2.38023e-05 9.81397e-07 1.22564e-08 3.49821e-11 1.85704e-14 1.60111e-18
 1.72323e-41 2.39173e-33 4.01263e-26 8.13753e-20 1.99482e-14 5.91102e-10 2.11723e-06 0.000916688 0.0479758 0.303509 0.232685 0.0512204 0.181772 0.135776 0.0266813 0.0142332 0.00396725 0.0010739 0.000172109 1.49354e-05 5.0566e-07 4.90119e-09 1.0439e-11 4.03893e-15 2.50273e-19
 2.08971e-41 2.90038e-33 4.86599e-26 9.86813e-20 2.41906e-14 7.16811e-10 2.5675e-06 0.00111164 0.0581788 0.368056 0.281874 0.0458283 0.113497 0.0814086 0.0280613 0.0178285 0.0033851 0.000665366 9.56296e-05 7.13654e-06 1.97185e-07 1.48242e-09 2.35533e-12 6.63427e-16 2.95152e-20
 2.37054e-41 3.29016e-33 5.51992e-26 1.11943e-19 2.74415e-14 8.13142e-10 2.91254e-06 0.00126103 0.0659973 0.417518 0.319614 0.044299 0.0792067 0.052163 0.0116914 0.00611227 0.00174723 0.000352489 3.29761e-05 1.92177e-06 4.28047e-08 2.48571e-10 2.94848e-13 6.05719e-17 1.93677e-21
 1.32291e-41 1.83611e-33 3.08045e-26 6.24709e-20 1.5314e-14 4.53782e-10 1.62537e-06 0.00070373 0.0368304 0.233003 0.179508 0.0711638 0.271794 0.166102 0.0277878 0.0106436 0.00202287 0.000394553 4.25902e-05 1.75936e-06 2.74074e-08 1.19728e-10 1.0567e-13 1.58505e-17 3.65184e-22
 2.20584e-41 3.06155e-33 5.13639e-26 1.04165e-19 2.55348e-14 7.56644e-10 2.71017e-06 0.00117341 0.0614117 0.388509 0.297602 0.0468242 0.0897461 0.0571257 0.036167 0.0185897 0.00251536 0.00030581 2.57598e-05 1.04254e-06 1.22226e-08 3.58218e-11 2.23578e-14 2.42367e-18 4.02178e-23
 1.9844e-41 2.75422e-33 4.62078e-26 9.37085e-20 2.29715e-14 6.80688e-10 2.43812e-06 0.00105562 0.0552469 0.349511 0.268299 0.0610157 0.155315 0.0827515 0.0161172 0.00750101 0.00277025 0.000393683 2.00385e-05 5.5579e-07 5.46077e-09 1.22037e-11 5.16098e-15 3.7876e-19 4.3866e-24
 2.03177e-41 2.81997e-33 4.73108e-26 9.59454e-20 2.35199e-14 6.96937e-10 2.49632e-06 0.00108082 0.0565657 0.357855 0.274757 0.061345 0.142557 0.0732524 0.022615 0.00841038 0.00129165 0.000248921 1.94738e-05 3.8756e-07 2.39668e-09 3.96669e-12 1.26564e-15 6.55192e-20 5.13315e-25
 1.97887e-41 2.74654e-33 4.60789e-26 9.3447e-20 2.29074e-14 6.78789e-10 2.43131e-06 0.00105267 0.0550928 0.348538 0.267938 0.0670806 0.154644 0.0739327 0.0220531 0.00802346 0.00146609 0.000164712 1.10345e-05 2.79366e-07 1.45857e-09 1.54482e-12 3.3042e-16 1.2318e-20 6.98e-26
 2.10158e-41 2.91686e-33 4.89363e-26 9.92419e-20 2.4328e-14 7.20883e-10 2.58208e-06 0.00111795 0.0585092 0.370152 0.284487 0.0657576 0.132749 0.0599802 0.0195184 0.00648023 0.00111522 0.000124266 6.03427e-06 1.14787e-07 6.04621e-10 5.76657e-13 8.7904e-17 2.13864e-21 8.12727e-27
 2.03688e-41 2.82706e-33 4.74297e-26 9.61865e-20 2.3579e-14 6.98689e-10 2.50259e-06 0.00108354 0.0567079 0.358759 0.276238 0.0734608 0.14791 0.061513 0.0178732 0.0054277 0.000926954 9.30342e-05 4.025e-06 5.72975e-08 2.16013e-10 1.73242e-13 2.31534e-17 4.49816e-22 1.2188e-27
 1.99669e-41 2.77127e-33 4.64938e-26 9.42885e-20 2.31137e-14 6.84901e-10 2.45321e-06 0.00106215 0.0555889 0.351683 0.271283 0.0795211 0.154016 0.0611359 0.0195885 0.00527362 0.000772355 6.99434e-05 2.64995e-06 3.10467e-08 8.72716e-11 4.90854e-14 4.85927e-18 7.51513e-23 1.64945e-28
 1.86125e-41 2.58329e-33 4.33401e-26 8.78928e-20 2.15459e-14 6.38444e-10 2.2868e-06 0.000990106 0.0518182 0.327835 0.253916 0.0916161 0.176397 0.0672495 0.0232798 0.00597667 0.000852438 6.43202e-05 2.0185e-06 1.94539e-08 4.29296e-11 1.7921e-14 1.253e-18 1.35612e-23 2.14595e-29
 1.68865e-41 2.34373e-33 3.9321e-26 7.97422e-20 1.95479e-14 5.79239e-10 2.07474e-06 0.000898291 0.047013 0.297445 0.231854 0.106316 0.201036 0.0764046 0.0303928 0.00750283 0.00106054 7.3101e-05 1.88445e-06 1.41272e-08 2.4171e-11 7.67986e-15 3.97375e-19 3.09235e-24 3.43969e-30
 1.9083e-41 2.6486e-33 4.44357e-26 9.01147e-20 2.20905e-14 6.54583e-10 2.34461e-06 0.00101514 0.0531282 0.336131 0.261108 0.0955967 0.155124 0.0613229 0.0283532 0.00711311 0.00103723 6.68063e-05 1.49851e-06 8.92131e-09 1.14626e-11 2.70432e-15 1.0368e-19 5.92933e-25 4.78787e-31
 1.85663e-41 2.57688e-33 4.32325e-26 8.76747e-20 2.14924e-14 6.3686e-10 2.28113e-06 0.000987649 0.0516897 0.327044 0.255486 0.10976 0.169742 0.0576016 0.0212365 0.0055398 0.000856001 5.38237e-05 1.07992e-06 5.31945e-09 5.29786e-12 9.25548e-16 2.57616e-20 1.06597e-25 6.23181e-32
 1.84201e-41 2.55659e-33 4.28921e-26 8.69844e-20 2.13232e-14 6.31845e-10 2.26317e-06 0.000979873 0.0512827 0.324482 0.254557 0.116664 0.167696 0.0576467 0.0215743 0.00446894 0.000607285 3.78171e-05 6.99215e-07 2.9326e-09 2.33623e-12 3.12154e-16 6.43062e-21 1.92756e-26 8.0745e-33
 1.87061e-41 2.59628e-33 4.3558e-26 8.83347e-20 2.16542e-14 6.41654e-10 2.2983e-06 0.000995085 0.0520789 0.329533 0.25938 0.121029 0.159413 0.0536098 0.0195779 0.0039121 0.000446874 2.25808e-05 3.70252e-07 1.34567e-09 8.78529e-13 9.20664e-17 1.44126e-21 3.20855e-27 9.81322e-34
 1.94763e-41 2.70318e-33 4.53515e-26 9.19719e-20 2.25458e-14 6.68075e-10 2.39293e-06 0.00103606 0.0542233 0.343113 0.270451 0.121058 0.143859 0.0467962 0.0161054 0.00302669 0.000315655 1.30644e-05 1.65861e-07 4.86757e-10 2.59307e-13 2.1651e-17 2.62645e-22 4.4309e-28 1.00971e-34
 1.93719e-41 2.68869e-33 4.51084e-26 9.14789e-20 2.2425e-14 6.64493e-10 2.38011e-06 0.0010305 0.0539326 0.341302 0.270754 0.130097 0.143115 0.0436403 0.0135688 0.00233268 0.000217083 7.66858e-06 7.64029e-08 1.67525e-10 6.74101e-14 4.33659e-18 4.06421e-23 5.24756e-29 9.03598e-36
 1.97768e-41 2.74489e-33 4.60512e-26 9.33909e-20 2.28937e-14 6.78382e-10 2.42985e-06 0.00105204 0.0550599 0.34846 0.277378 0.131823 0.132293 0.0402418 0.0117722 0.00177299 0.000141308 4.17786e-06 3.33475e-08 5.56039e-11 1.63923e-14 7.66492e-19 5.27323e-24 5.05611e-30 6.50325e-37
 1.90549e-41 2.6447e-33 4.43703e-26 8.99821e-20 2.20581e-14 6.53621e-10 2.34116e-06 0.00101364 0.0530503 0.335803 0.270717 0.147481 0.139065 0.0403685 0.010882 0.00151259 0.000101995 2.42386e-06 1.52056e-08 1.94329e-11 4.27193e-15 1.45471e-19 7.18616e-25 4.93004e-31 4.55399e-38
 1.95532e-41 2.71386e-33 4.55306e-26 9.23351e-20 2.26349e-14 6.70713e-10 2.40238e-06 0.00104015 0.0544377 0.344619 0.278637 0.145746 0.125889 0.0383934 0.00993012 0.00123315 7.15175e-05 1.37019e-06 6.57684e-09 6.31471e-12 1.03215e-15 2.58407e-20 9.27654e-26 4.57746e-32 3.01831e-39
 1.92863e-41 2.67681e-33 4.49091e-26 9.10747e-20 2.23259e-14 6.61557e-10 2.36959e-06 0.00102595 0.0536948 0.339997 0.27823 0.156412 0.12509 0.0358371 0.00863428 0.00102517 5.11566e-05 7.91418e-07 2.92551e-09 2.08663e-12 2.49328e-16 4.54012e-21 1.18206e-26 4.21558e-33 2.00064e-40
 1.87385e-41 2.60079e-33 4.36336e-26 8.8488e-20 2.16918e-14 6.42768e-10 2.30229e-06 0.000996812 0.0521701 0.330461 0.274949 0.169333 0.12711 0.0361814 0.00792525 0.000835078 3.66422e-05 4.66428e-07 1.3323e-09 7.10248e-13 6.20725e-17 8.15871e-22 1.52421e-27 3.89365e-34 1.32322e-41
 1.79928e-41 2.49728e-33 4.1897e-26 8.49662e-20 2.08285e-14 6.17186e-10 2.21066e-06 0.000957139 0.0500943 0.317478 0.269973 0.183849 0.130823 0.0381811 0.00787405 0.00074119 2.72573e-05 2.83614e-07 6.37478e-10 2.56613e-13 1.65026e-17 1.57349e-22 2.11322e-28 3.85757e-35 9.33538e-43
 1.82964e-41 2.53941e-33 4.26039e-26 8.63999e-20 2.11799e-14 6.276e-10 2.24796e-06 0.00097329 0.05094 0.322947 0.276585 0.181997 0.121534 0.0370169 0.00734622 0.000638511 1.9853e-05 1.64539e-07 2.86548e-10 8.77546e-14 4.20692e-18 2.93727e-23 2.85371e-29 3.74049e-36 6.46896e-44
 1.82971e-41 2.53951e-33 4.26056e-26 8.64033e-20 2.11807e-14 6.27624e-10 2.24805e-06 0.000973328 0.050942 0.32296 0.276601 0.182264 0.12249 0.0364153 0.00679628 0.000540956 1.48561e-05 1.05444e-07 1.53668e-10 3.87899e-14 1.51807e-18 8.59694e-24 6.74384e-30 7.11384e-37 9.8779e-45
#pred catch len freq
 2.567e-27 2.59872e-27 4.23095e-26 8.38561e-20 2.05563e-14 6.0912e-10 2.18177e-06 0.000944622 0.0494381 0.312759 0.239404 0.0368966 0.112647 0.104107 0.0274692 0.0368392 0.0173094 0.0153416 0.0103731 0.0085146 0.00708671 0.00640242 0.00663803 0.00598934 0.0018384
 2.56926e-27 2.60447e-27 4.69093e-26 9.35577e-20 2.29345e-14 6.79591e-10 2.43418e-06 0.00105391 0.0551577 0.348943 0.267081 0.0398767 0.115882 0.106693 0.0210072 0.0211672 0.00819115 0.00512828 0.00284696 0.00197783 0.00143457 0.00115177 0.00108234 0.000988961 0.000333864
 2.56899e-27 2.60367e-27 4.61023e-26 9.1855e-20 2.25171e-14 6.67223e-10 2.38988e-06 0.00103473 0.0541539 0.342592 0.262249 0.0409872 0.127729 0.117555 0.0217387 0.0200278 0.00671077 0.0026985 0.00109062 0.000542513 0.000309385 0.000207893 0.000169396 0.000148648 5.22753e-05
 2.56861e-27 2.60265e-27 4.51988e-26 8.99489e-20 2.20499e-14 6.53378e-10 2.34029e-06 0.00101326 0.0530302 0.335483 0.256824 0.041224 0.133342 0.122766 0.0232348 0.0221191 0.00720398 0.00252677 0.000791762 0.000245885 8.96669e-05 4.36747e-05 2.84379e-05 2.24798e-05 7.91322e-06
 2.57148e-27 2.61043e-27 5.20777e-26 1.04461e-19 2.56072e-14 7.58788e-10 2.71785e-06 0.00117673 0.0615856 0.389607 0.298121 0.0392325 0.0891728 0.0819978 0.0158529 0.0155396 0.00510963 0.00186038 0.000554332 0.000140224 3.11668e-05 8.52994e-06 3.66626e-06 2.35983e-06 7.98162e-07
 2.56827e-27 2.60163e-27 4.4213e-26 8.7869e-20 2.154e-14 6.3827e-10 2.28618e-06 0.000989827 0.051804 0.327726 0.250918 0.0422714 0.145463 0.133776 0.0220168 0.0165678 0.0054984 0.0021189 0.000645077 0.000165172 3.11748e-05 5.06036e-06 1.0391e-06 4.35208e-07 1.32834e-07
 2.56816e-27 2.60144e-27 4.41487e-26 8.77338e-20 2.15069e-14 6.37288e-10 2.28266e-06 0.000988303 0.0517242 0.327222 0.250518 0.0413603 0.13881 0.127873 0.0252416 0.0253899 0.00788144 0.00213841 0.000640054 0.000172067 3.31296e-05 4.67212e-06 5.00634e-07 8.84619e-08 2.08606e-08
 2.571e-27 2.60913e-27 5.09255e-26 1.0203e-19 2.50114e-14 7.41133e-10 2.65461e-06 0.00114935 0.0601527 0.380542 0.291205 0.0395907 0.0967581 0.0889913 0.0169785 0.0163528 0.00545596 0.00210208 0.000576225 0.000116816 2.2618e-05 3.27608e-06 2.9154e-07 2.05013e-08 2.43903e-09
 2.57042e-27 2.60746e-27 4.93626e-26 9.87324e-20 2.42031e-14 7.1718e-10 2.56882e-06 0.0011122 0.0582085 0.368243 0.281832 0.040788 0.112454 0.10331 0.0165288 0.0117084 0.00383439 0.0014071 0.000436645 0.000113392 1.79397e-05 2.29634e-06 2.05933e-07 1.01469e-08 4.21722e-10
 2.5697e-27 2.60552e-27 4.76555e-26 9.51313e-20 2.33203e-14 6.91022e-10 2.47513e-06 0.00107163 0.0560855 0.354812 0.271583 0.0411816 0.122651 0.11276 0.0189403 0.0148132 0.0045269 0.00113766 0.00032979 8.5874e-05 1.68277e-05 2.11375e-06 1.60096e-07 7.40578e-09 1.68145e-10
 2.57011e-27 2.60666e-27 4.8703e-26 9.73412e-20 2.3862e-14 7.07074e-10 2.53262e-06 0.00109653 0.0573883 0.363054 0.277867 0.0405609 0.113512 0.104396 0.0187053 0.0163903 0.00511926 0.0014467 0.00037491 7.06764e-05 1.31118e-05 1.88499e-06 1.50871e-07 6.02601e-09 1.15184e-10
 2.57085e-27 2.60865e-27 5.04452e-26 1.01016e-19 2.4763e-14 7.33771e-10 2.62824e-06 0.00113793 0.0595551 0.376762 0.288328 0.040214 0.103522 0.0951322 0.0162402 0.0131046 0.0041904 0.00135478 0.000369838 7.39643e-05 1.07428e-05 1.28836e-06 1.12223e-07 4.74744e-09 8.0213e-11
 2.57064e-27 2.60806e-27 4.98953e-26 9.98563e-20 2.44786e-14 7.25343e-10 2.59806e-06 0.00112486 0.0588711 0.372435 0.28503 0.0406004 0.10878 0.0999357 0.0162162 0.0118341 0.00370317 0.00108112 0.000305043 6.8963e-05 1.07241e-05 1.13014e-06 7.87914e-08 3.45399e-09 6.08206e-11
 2.56998e-27 2.60627e-27 4.83084e-26 9.65085e-20 2.36579e-14 7.01026e-10 2.51096e-06 0.00108715 0.0568974 0.359949 0.275504 0.0410881 0.119184 0.109538 0.0179315 0.0133244 0.00408708 0.00105425 0.000282319 5.9454e-05 1.00486e-05 1.16461e-06 7.49163e-08 2.68457e-09 4.71326e-11
 2.56915e-27 2.60404e-27 4.63486e-26 9.23743e-20 2.26444e-14 6.70995e-10 2.40339e-06 0.00104058 0.05446 0.344529 0.263737 0.0415409 0.130897 0.120377 0.0204152 0.0162624 0.00500909 0.00131413 0.000339697 6.36816e-05 9.96181e-06 1.17853e-06 8.34475e-08 2.81856e-09 4.18045e-11
 2.56976e-27 2.60569e-27 4.78215e-26 9.54816e-20 2.34062e-14 6.93566e-10 2.48424e-06 0.00107558 0.056292 0.356119 0.272578 0.04102 0.120721 0.111003 0.0190518 0.015516 0.00483333 0.00135507 0.000355167 6.67028e-05 9.59951e-06 1.02243e-06 7.17463e-08 2.6088e-09 3.69143e-11
 2.57045e-27 2.60758e-27 4.94874e-26 9.89959e-20 2.42677e-14 7.19094e-10 2.57567e-06 0.00111517 0.0583639 0.369226 0.282579 0.0405542 0.11015 0.10124 0.0171615 0.0136634 0.00428285 0.00124826 0.000335585 6.68272e-05 9.7406e-06 9.84459e-07 6.18663e-08 2.1949e-09 3.26267e-11
 2.57012e-27 2.60664e-27 4.86269e-26 9.71805e-20 2.38226e-14 7.05907e-10 2.52844e-06 0.00109472 0.0572936 0.362455 0.277417 0.0410758 0.117747 0.108189 0.0172924 0.0122094 0.00379544 0.00106885 0.000289552 5.99159e-05 9.16371e-06 9.59698e-07 5.80276e-08 1.86249e-09 2.67737e-11
 2.57026e-27 2.60702e-27 4.89733e-26 9.79111e-20 2.40017e-14 7.11214e-10 2.54745e-06 0.00110295 0.0577244 0.36518 0.279495 0.0408775 0.114778 0.105475 0.0172901 0.0128823 0.00392099 0.000959821 0.000252081 5.08522e-05 7.96557e-06 8.75856e-07 5.52643e-08 1.72289e-09 2.27014e-11
 2.57023e-27 2.60693e-27 4.8888e-26 9.77312e-20 2.39576e-14 7.09907e-10 2.54277e-06 0.00110092 0.0576183 0.364509 0.278984 0.0409705 0.115844 0.106442 0.0171492 0.0123195 0.00378041 0.000979228 0.000248908 4.43975e-05 6.68214e-06 7.37123e-07 4.874e-08 1.58436e-09 2.04164e-11
 2.57044e-27 2.60753e-27 4.94228e-26 9.88595e-20 2.42342e-14 7.18103e-10 2.57213e-06 0.00111363 0.0582835 0.368717 0.282194 0.0407456 0.111878 0.102798 0.016797 0.0124322 0.00379546 0.000947942 0.000243597 4.50542e-05 6.25083e-06 6.3213e-07 4.13784e-08 1.40012e-09 1.87474e-11
 2.57051e-27 2.60772e-27 4.95928e-26 9.9218e-20 2.43221e-14 7.20707e-10 2.58145e-06 0.00111767 0.0584948 0.370054 0.283214 0.0406983 0.110801 0.101803 0.0165867 0.0122046 0.00374842 0.000973839 0.000249118 4.48999e-05 6.37565e-06 6.2462e-07 3.70878e-08 1.2241e-09 1.6929e-11
 2.57087e-27 2.60866e-27 5.04176e-26 1.00958e-19 2.47486e-14 7.33347e-10 2.62672e-06 0.00113727 0.0595207 0.376544 0.288167 0.0405311 0.106049 0.0973993 0.0154733 0.0107726 0.00329657 0.000842708 0.000217459 4.03829e-05 5.65392e-06 5.53327e-07 3.2313e-08 9.79291e-10 1.30796e-11
 2.57096e-27 2.6089e-27 5.06196e-26 1.01384e-19 2.48531e-14 7.36441e-10 2.63781e-06 0.00114207 0.0597718 0.378133 0.289381 0.0405643 0.105449 0.0968247 0.0149972 0.0098292 0.00297484 0.000711459 0.00018087 3.32236e-05 4.74449e-06 4.67776e-07 2.70842e-08 8.055e-10 1.00215e-11
 2.57161e-27 2.61068e-27 5.21962e-26 1.0471e-19 2.56685e-14 7.60602e-10 2.72435e-06 0.00117954 0.0617328 0.390539 0.298845 0.0400627 0.0949817 0.0871736 0.0134333 0.00869034 0.0026052 0.000581856 0.000143604 2.48691e-05 3.48617e-06 3.45734e-07 2.0295e-08 5.99666e-10 7.29294e-12
 2.57188e-27 2.61139e-27 5.28023e-26 1.05989e-19 2.59818e-14 7.69888e-10 2.75761e-06 0.00119394 0.0624865 0.395307 0.302486 0.040031 0.0921826 0.0845552 0.0123274 0.00682682 0.00203268 0.000442409 0.000106783 1.73181e-05 2.30343e-06 2.19034e-07 1.28224e-08 3.83353e-10 4.64412e-12
 2.57136e-27 2.60997e-27 5.1533e-26 1.03311e-19 2.53254e-14 7.50438e-10 2.68794e-06 0.00116378 0.0609079 0.38532 0.294868 0.0405631 0.101584 0.0931963 0.0132421 0.00673475 0.00196084 0.000358767 8.31628e-05 1.3102e-05 1.66107e-06 1.47663e-07 8.20796e-09 2.42487e-10 2.96136e-12
 2.57157e-27 2.61054e-27 5.20496e-26 1.04401e-19 2.55926e-14 7.58354e-10 2.7163e-06 0.00117605 0.0615504 0.389384 0.297967 0.0402604 0.0971029 0.0890979 0.0131746 0.0076111 0.00220561 0.000372634 8.16139e-05 1.1016e-05 1.32632e-06 1.12652e-07 5.83658e-09 1.62741e-10 1.94991e-12
 2.572e-27 2.61173e-27 5.31172e-26 1.06653e-19 2.61447e-14 7.74714e-10 2.7749e-06 0.00120142 0.0628782 0.397785 0.304375 0.0398714 0.0896407 0.0822264 0.0122227 0.00717243 0.00211015 0.000410025 9.11902e-05 1.1362e-05 1.22254e-06 9.20855e-08 4.51263e-09 1.17395e-10 1.32399e-12
#obs catch len freq
 1.75149e-41 2.43095e-33 4.07843e-26 8.27096e-20 2.02753e-14 6.00794e-10 2.15195e-06 0.000931718 0.0487624 0.308485 0.236292 0.0441148 0.153811 0.130323 0.0368805 0.0284054 0.00864967 0.00273314 0.000539718 6.43911e-05 3.38399e-06 5.67625e-08 2.2525e-10 1.69805e-13 2.10537e-17
 1.77554e-41 2.46433e-33 4.13442e-26 8.38452e-20 2.05537e-14 6.09043e-10 2.18149e-06 0.000944511 0.0494319 0.312721 0.239584 0.0459782 0.1552 0.124422 0.035657 0.0257715 0.00758941 0.00224849 0.000405911 4.19241e-05 1.80672e-06 2.35963e-08 7.00809e-11 3.85075e-14 3.42165e-18
 2.18218e-41 3.02872e-33 5.0813e-26 1.03048e-19 2.5261e-14 7.48528e-10 2.68111e-06 0.00116083 0.0607531 0.384341 0.294229 0.043328 0.0988744 0.0747347 0.022026 0.0149481 0.00422767 0.00116475 0.000192114 1.7166e-05 6.02416e-07 6.07961e-09 1.34564e-11 5.38366e-15 3.43326e-19
 1.73966e-41 2.41453e-33 4.05088e-26 8.21511e-20 2.01384e-14 5.96737e-10 2.13741e-06 0.000925426 0.0484331 0.306403 0.234986 0.0537389 0.183498 0.128778 0.0255848 0.0130355 0.00355989 0.000909006 0.000135445 1.04221e-05 2.97303e-07 2.31014e-09 3.79589e-12 1.10339e-15 5.04766e-20
 2.10889e-41 2.92701e-33 4.91066e-26 9.95872e-20 2.44126e-14 7.23391e-10 2.59107e-06 0.00112184 0.0587128 0.371435 0.284518 0.0474539 0.113416 0.0766147 0.027271 0.015921 0.00290615 0.000549415 7.30266e-05 4.78848e-06 1.1043e-07 6.60455e-10 8.05456e-13 1.69938e-16 5.57189e-21
 2.38719e-41 3.31327e-33 5.55869e-26 1.12729e-19 2.76342e-14 8.18853e-10 2.933e-06 0.00126989 0.0664608 0.42045 0.321902 0.0453833 0.078129 0.0481624 0.0110018 0.00542581 0.00150937 0.00027681 2.40115e-05 1.23419e-06 2.27531e-08 1.04375e-10 9.45746e-14 1.45104e-17 3.41359e-22
 1.35652e-41 1.88277e-33 3.15873e-26 6.40584e-20 1.57032e-14 4.65314e-10 1.66668e-06 0.000721614 0.0377664 0.238926 0.184245 0.0756172 0.270967 0.154364 0.0259527 0.00936319 0.00172737 0.000317341 3.04872e-05 1.08927e-06 1.41123e-08 4.85121e-11 3.25669e-14 3.6381e-18 6.15637e-23
 2.23534e-41 3.10251e-33 5.2051e-26 1.05558e-19 2.58764e-14 7.66764e-10 2.74642e-06 0.00118911 0.0622332 0.393706 0.301646 0.0482194 0.0875756 0.0530476 0.0343403 0.0157648 0.00202487 0.00023203 1.78405e-05 6.1307e-07 5.84905e-09 1.34946e-11 6.40279e-15 5.158e-19 6.27598e-24
 2.02194e-41 2.80632e-33 4.70819e-26 9.54811e-20 2.34061e-14 6.93565e-10 2.48424e-06 0.00107559 0.056292 0.356123 0.273498 0.0633527 0.150862 0.0747714 0.0147813 0.00663798 0.00230391 0.000286329 1.31511e-05 3.15427e-07 2.5073e-09 4.3529e-12 1.39585e-15 7.61296e-20 6.45813e-25
 2.07079e-41 2.87411e-33 4.82192e-26 9.77876e-20 2.39715e-14 7.10319e-10 2.54425e-06 0.00110157 0.0576518 0.364726 0.280162 0.0635365 0.137623 0.0661979 0.0207605 0.00698314 0.00105383 0.000188264 1.24291e-05 2.06757e-07 1.0442e-09 1.34409e-12 3.23444e-16 1.24171e-20 7.12793e-26
 2.02298e-41 2.80777e-33 4.71061e-26 9.55302e-20 2.34181e-14 6.93921e-10 2.48551e-06 0.00107614 0.0563209 0.356309 0.27407 0.069466 0.148384 0.0663644 0.0200419 0.00668242 0.00115673 0.000118197 7.08476e-06 1.45659e-07 6.00203e-10 4.93347e-13 7.97768e-17 2.20223e-21 9.13252e-27
 2.14323e-41 2.97467e-33 4.99062e-26 1.01209e-19 2.48101e-14 7.3517e-10 2.63326e-06 0.00114011 0.0596688 0.377489 0.290284 0.0677304 0.126333 0.053546 0.0175334 0.00531394 0.000868767 8.66986e-05 3.6663e-06 5.82015e-08 2.40391e-10 1.74507e-13 1.99782e-17 3.60153e-22 1.0012e-27
 2.08362e-41 2.89193e-33 4.85181e-26 9.83938e-20 2.41201e-14 7.14722e-10 2.56002e-06 0.0011084 0.0580092 0.366993 0.282778 0.0756215 0.139947 0.0544915 0.0158538 0.00441873 0.000710025 6.35611e-05 2.36176e-06 2.75771e-08 8.21039e-11 5.01294e-14 4.99114e-18 7.15013e-23 1.41808e-28
 2.04643e-41 2.84031e-33 4.76522e-26 9.66376e-20 2.36896e-14 7.01965e-10 2.51433e-06 0.00108862 0.0569738 0.360447 0.278285 0.0817993 0.145141 0.0541882 0.0172205 0.00422421 0.000581437 4.682e-05 1.50824e-06 1.43393e-08 3.1512e-11 1.3481e-14 9.93984e-19 1.12909e-23 1.80655e-29
 1.91791e-41 2.66193e-33 4.46594e-26 9.05684e-20 2.22018e-14 6.57879e-10 2.35642e-06 0.00102025 0.0533957 0.337819 0.261965 0.0943484 0.165881 0.0597868 0.0203374 0.00477196 0.000629849 4.19309e-05 1.11487e-06 8.65203e-09 1.48179e-11 4.67962e-15 2.43175e-19 1.9314e-24 2.22258e-30
 1.75164e-41 2.43116e-33 4.07877e-26 8.27167e-20 2.0277e-14 6.00845e-10 2.15213e-06 0.000931798 0.0487666 0.308545 0.240925 0.109762 0.189179 0.0686185 0.02646 0.00598652 0.000775924 4.6663e-05 1.00699e-06 6.05192e-09 8.00006e-12 1.91474e-15 7.34187e-20 4.18715e-25 3.38624e-31
 1.96778e-41 2.73114e-33 4.58206e-26 9.29233e-20 2.27791e-14 6.74985e-10 2.41769e-06 0.00104677 0.0547841 0.346613 0.269616 0.0977446 0.144328 0.0551229 0.02433 0.00562711 0.00074257 4.13749e-05 7.67431e-07 3.62784e-09 3.5852e-12 6.35457e-16 1.80107e-20 7.535e-26 4.41942e-32
 1.91854e-41 2.6628e-33 4.4674e-26 9.0598e-20 2.2209e-14 6.58094e-10 2.35719e-06 0.00102058 0.0534132 0.337957 0.264471 0.111921 0.157075 0.0510082 0.0181009 0.00439119 0.000606796 3.26659e-05 5.35598e-07 2.07528e-09 1.57917e-12 2.0653e-16 4.24179e-21 1.28212e-26 5.4372e-33
 1.90592e-41 2.64529e-33 4.43802e-26 9.00022e-20 2.2063e-14 6.53766e-10 2.34168e-06 0.00101387 0.0530619 0.33575 0.263914 0.118559 0.154548 0.0511772 0.018061 0.00346258 0.000426006 2.25204e-05 3.36203e-07 1.0985e-09 6.64187e-13 6.61507e-17 1.0031e-21 2.19356e-27 6.66028e-34
 1.93438e-41 2.6848e-33 4.50431e-26 9.13464e-20 2.23925e-14 6.63531e-10 2.37666e-06 0.00102901 0.0538545 0.340781 0.268796 0.122432 0.146123 0.0474456 0.0162353 0.0029838 0.000303596 1.30881e-05 1.72494e-07 4.83978e-10 2.38177e-13 1.85208e-17 2.12801e-22 3.45023e-28 7.64187e-35
 2.00907e-41 2.78846e-33 4.67822e-26 9.48734e-20 2.32571e-14 6.8915e-10 2.46842e-06 0.00106874 0.0559339 0.353953 0.279574 0.121725 0.130937 0.0411323 0.0131832 0.00227422 0.000208841 7.27597e-06 7.41358e-08 1.67564e-10 6.69387e-14 4.12834e-18 3.66409e-23 4.49262e-29 7.40447e-36
 1.99944e-41 2.77509e-33 4.65579e-26 9.44186e-20 2.31456e-14 6.85847e-10 2.45659e-06 0.00106362 0.0556658 0.352291 0.280124 0.130279 0.129644 0.038081 0.01098 0.00172607 0.000140437 4.12993e-06 3.27047e-08 5.50482e-11 1.65811e-14 7.85653e-19 5.37096e-24 5.02821e-30 6.25184e-37
 2.03874e-41 2.82963e-33 4.7473e-26 9.62742e-20 2.36005e-14 6.99326e-10 2.50487e-06 0.00108452 0.0567599 0.359243 0.286637 0.131335 0.119247 0.0349323 0.0093822 0.00128495 8.89996e-05 2.17327e-06 1.36768e-08 1.74006e-11 3.82876e-15 1.31655e-19 6.59512e-25 4.57512e-31 4.24015e-38
 1.96971e-41 2.73383e-33 4.58657e-26 9.30148e-20 2.28015e-14 6.75649e-10 2.42007e-06 0.0010478 0.0548384 0.347155 0.280663 0.146551 0.125114 0.034882 0.00860416 0.00107831 6.25375e-05 1.21947e-06 5.99689e-09 5.81917e-12 9.51472e-16 2.37794e-20 8.54416e-26 4.23692e-32 2.81648e-39
 2.01804e-41 2.8009e-33 4.69909e-26 9.52967e-20 2.33609e-14 6.92225e-10 2.47944e-06 0.00107351 0.0561839 0.355712 0.288395 0.144096 0.112878 0.0330156 0.00773845 0.000861191 4.25667e-05 6.62772e-07 2.48038e-09 1.80175e-12 2.18425e-16 4.00517e-21 1.04445e-26 3.72269e-33 1.76588e-40
 1.99264e-41 2.76566e-33 4.63997e-26 9.40976e-20 2.30669e-14 6.83515e-10 2.44824e-06 0.00106 0.0554772 0.351334 0.288362 0.154023 0.111742 0.0305861 0.00668004 0.000703195 2.95917e-05 3.69056e-07 1.05689e-09 5.68169e-13 5.02383e-17 6.68869e-22 1.26328e-27 3.25095e-34 1.10919e-41
 1.94004e-41 2.69265e-33 4.51748e-26 9.16136e-20 2.2458e-14 6.65471e-10 2.38361e-06 0.00103202 0.0540131 0.342202 0.285651 0.166286 0.113476 0.030697 0.00605565 0.000563333 2.06629e-05 2.09953e-07 4.61858e-10 1.84872e-13 1.19281e-17 1.14467e-22 1.54965e-28 2.85388e-35 6.96673e-43
 1.86802e-41 2.59269e-33 4.34978e-26 8.82127e-20 2.16243e-14 6.40768e-10 2.29513e-06 0.000993711 0.0520088 0.3297 0.281381 0.180214 0.116968 0.0322692 0.00595755 0.000490177 1.49655e-05 1.23443e-07 2.12332e-10 6.39253e-14 3.02814e-18 2.10503e-23 2.04682e-29 2.69207e-36 4.67762e-44
 1.90545e-41 2.64464e-33 4.43694e-26 8.99802e-20 2.20576e-14 6.53607e-10 2.34111e-06 0.00101362 0.0530507 0.336253 0.284717 0.172107 0.113324 0.0329627 0.00607631 0.000479885 1.31197e-05 9.2872e-08 1.35134e-10 3.4078e-14 1.33281e-18 7.54439e-24 5.91619e-30 6.23918e-37 8.66164e-45
#spawning biomass
 7222.31 8651.2 11450.1 13499.3 20830.1 33221.3 32068.1 37331 50536 59334.8 75358 100091 131024 150446 147641 123989 129929 127477 123064 116142 118133 128834 132082 135286 147970 156649 145288 143368 160841 136435 131037 51434.5 22037.5 14048.4 12127 11698 11606.9 11588.2 11584.5 11583.7 11583.6 11583.6 11583.6 11583.6 11583.6 11583.6 11583.6 11583.6 11583.6 11583.6 11583.6 11583.6 11583.6 11583.6 11583.6 11583.6 11583.6 11583.6 11583.6 11583.6 11583.6 11583.6 11583.6 11583.6 11583.6 11583.6 11583.6 11583.6 11583.6 11583.6 11583.6 11583.6 11583.6 11583.6 11583.6 11583.6 11583.6 11583.6 11583.6 11583.6 11583.6 11583.6 11583.6 11583.6 11583.6 11583.6 11583.6 11583.6 11583.6 11583.6 11583.6 11583.6 11583.6 11583.6 11583.6 11583.6 11583.6 11583.6 11583.6 11583.6 11583.6 11583.6 11583.6 11583.6 11583.6 11583.6 11583.6 11583.6 11583.6 11583.6 11583.6 11583.6 11583.6 11583.6 11583.6 11583.6 11583.6 11583.6 11583.6 11583.6 11583.6 11583.6 11583.6 11583.6 11583.6 11583.6 11583.6 11583.6 11583.6 0 0 0 0 0 0 0 0 0 0 0 0 0 0 0 0 0 0 0 0 0 0 0 0 0
