SBPRF35
0.233198
Curr Bio
153716
B35
192625
F35
0.416994
FOFL
0.227717
OFL
27282.5
Bzero
66628
#pred survey bio
 24179 22926.9 17530.4 15456 25344.8 41778.1 57126.8 65980.6 83789.3 110776 149130 190587 238042 253915 272627 250092 248507 231465 208044 201509 213731 217589 222303 244948 278777 289774 276615 242904 221352 6.18506e+06 3.48132e+06 2.5344e+06 1.76111e+06 1.27232e+06 996583 849411 772559 732414 711106 699495 692964 689167 686893 685494 684614 684056 683698 683466 683315 683216 683151 683108 683080 683061 683049 683041 683036 683032 683030 683028 683027 683027 683026 683026 683026 683026 683026 683025 683025 683025 683025 683025 683025 683025 683025 683025 683025 683025 683025 683025 683025 683025 683025 683025 683025 683025 683025 683025 683025 683025 683025 683025 683025 683025 683025 683025 683025 683025 683025 683025 683025 683025 683025 683025 683025 683025 683025 683025 683025 683025 683025 683025 683025 683025 683025 683025 683025 683025 683025 683025 683025 683025 683025 683025 683025 683025 683025 683025 683025 0 0 0 0 0 0 0 0 0 0 0 0 0 0 0 0 0 0 0 0 0 0 0 0 0
#obs survey bio
 13111 19273.5 13242.1 24029.8 26157.8 40053.2 67788.2 53278.1 85181.3 97141.8 174761 292305 320511 195419 251695 245376 225420 179720 199314 251477 262597 164036 204687 340330 234019 370465 362304 268825 210628
#pred catch bio
 2358.74 4046.65 3508.73 2621.51 4379.63 8218.52 15676.6 19149.7 22020.2 30792.4 49562.9 61173 92039.1 92153.5 117911 99042.3 104446 100873 85756.5 75741.8 87044.8 95227.3 89241.4 89777 110067 114735 118462 104331 121943 27282.5 45221.8 31828.2 21221.2 14794.9 11356.1 9643.48 8827.87 8450.52 8279.27 8202.55 8168.48 8153.44 8146.83 8143.93 8142.67 8142.11 8141.87 8141.77 8141.72 8141.7 8141.69 8141.69 8141.69 8141.69 8141.69 8141.69 8141.69 8141.69 8141.69 8141.69 8141.69 8141.69 8141.69 8141.69 8141.69 8141.69 8141.69 8141.69 8141.69 8141.69 8141.69 8141.69 8141.69 8141.69 8141.69 8141.69 8141.69 8141.69 8141.69 8141.69 8141.69 8141.69 8141.69 8141.69 8141.69 8141.69 8141.69 8141.69 8141.69 8141.69 8141.69 8141.69 8141.69 8141.69 8141.69 8141.69 8141.69 8141.69 8141.69 8141.69 8141.69 8141.69 8141.69 8141.69 8141.69 8141.69 8141.69 8141.69 8141.69 8141.69 8141.69 8141.69 8141.69 8141.69 8141.69 8141.69 8141.69 8141.69 8141.69 8141.69 8141.69 8141.69 8141.69 8141.69 8141.69 8141.69 8141.69 8141.69 8141.69 0 0 0 0 0 0 0 0 0 0 0 0 0 0 0 0 0 0 0 0 0 0 0 0 0
#obs catch bio
 4275.22 4289.81 3778.35 2664.54 4314.4 8046.02 15445.7 19163.7 21299.5 29783.5 47534.1 57103.6 84958.7 86053 120148 99619.5 108377 105572 87765.6 75206.2 85030.4 99619.5 92870.9 89500.6 115103 111205 114028 96789.4 124084
#pred cpue bio
 23216.9 22509.6 17323 14648.6 22685.7 38315.6 53315.4 61569.5 76798.1 102247 136672 174147 219047 234271 252574 231833 230132 214859 193015 186327 197386 200494 203237 224611 256653 267646 258120 226168 204996 5.61876e+06 3.42919e+06 2.49956e+06 1.72671e+06 1.23792e+06 962188 815017 738164 698019 676711 665100 658569 654773 652498 651100 650220 649662 649303 649071 648920 648821 648756 648713 648685 648667 648654 648646 648641 648637 648635 648634 648633 648632 648631 648631 648631 648631 648631 648631 648631 648631 648631 648631 648631 648631 648631 648631 648631 648631 648631 648631 648631 648631 648631 648631 648631 648631 648631 648631 648631 648631 648631 648631 648631 648631 648631 648631 648631 648631 648631 648631 648631 648631 648631 648631 648631 648631 648631 648631 648631 648631 648631 648631 648631 648631 648631 648631 648631 648631 648631 648631 648631 648631 648631 648631 648631 648631 648631 648631 648631 0 0 0 0 0 0 0 0 0 0 0 0 0 0 0 0 0 0 0 0 0 0 0 0 0
#obs cpue bio
 19323.4 20668.9 12774.4 15172.7 40145.8 43811.3 46890.7 67885.9 103297 129265 156357 158316 241397 340159 184053 223180 202331 230617 195255 165809 197740 170329 183974 189204 220515 335012 236968 294585 155506
#pred surv len freq
 2.61818e-11 1.23147e-09 4.01081e-08 9.04537e-07 1.41257e-05 0.00015275 0.0011438 0.00593123 0.0213056 0.0530766 0.0921175 0.113357 0.1053 0.0873703 0.0796137 0.0776517 0.0713222 0.0618514 0.0531181 0.0453184 0.0383598 0.0325385 0.0270359 0.0204756 0.0129448
 1.2834e-11 6.03652e-10 1.96606e-08 4.43395e-07 6.92429e-06 7.48779e-05 0.000560727 0.00290846 0.0104586 0.0261635 0.0461537 0.060306 0.0672518 0.0788997 0.0981531 0.109591 0.104081 0.090271 0.0768771 0.0645703 0.0528119 0.0421219 0.0323448 0.0227613 0.013632
 1.02179e-11 4.806e-10 1.56528e-08 3.53011e-07 5.51279e-06 5.96138e-05 0.000446406 0.0023152 0.00832116 0.0207761 0.0363769 0.0462815 0.0479856 0.0509141 0.0624238 0.0789588 0.0952491 0.107387 0.109151 0.0985019 0.0809691 0.0624452 0.0451756 0.0296237 0.0166318
 3.47769e-11 1.63574e-09 5.3275e-08 1.20148e-06 1.87629e-05 0.000202893 0.00151924 0.00787733 0.0282851 0.0703541 0.121354 0.145807 0.124183 0.0800331 0.0474598 0.0350708 0.0348179 0.0405595 0.0485845 0.0539438 0.052502 0.0441462 0.0322009 0.0203023 0.010776
 4.50777e-11 2.12024e-09 6.90548e-08 1.55736e-06 2.43204e-05 0.00026299 0.00196923 0.0102107 0.0366653 0.0912149 0.15745 0.189704 0.16322 0.108427 0.0670219 0.0455799 0.0314077 0.0201599 0.0141899 0.0131608 0.0138783 0.0134537 0.0109375 0.0072329 0.00382694
 3.65488e-11 1.71908e-09 5.59893e-08 1.2627e-06 1.97189e-05 0.000213232 0.00159668 0.00827955 0.0297387 0.0740621 0.128381 0.157227 0.143563 0.11355 0.0952719 0.0832604 0.0636469 0.0401979 0.0225222 0.0126881 0.00823221 0.00646726 0.00527989 0.00372624 0.00207418
 3.2275e-11 1.51806e-09 4.94423e-08 1.11505e-06 1.74131e-05 0.000188299 0.00140999 0.00731154 0.0262633 0.0654213 0.113503 0.139484 0.128941 0.105548 0.0939219 0.0884995 0.0762044 0.0583258 0.0406525 0.0253372 0.0139229 0.00725387 0.00406152 0.00242062 0.0013112
 3.31972e-11 1.56144e-09 5.08551e-08 1.14691e-06 1.79106e-05 0.000193679 0.00145026 0.00752027 0.027011 0.0672642 0.116565 0.142613 0.129811 0.102138 0.0863686 0.0796025 0.0696166 0.0563115 0.0434231 0.0311325 0.0197249 0.0107895 0.00517963 0.00229624 0.000969084
 3.82997e-11 1.80143e-09 5.86715e-08 1.32319e-06 2.06635e-05 0.000223446 0.00167315 0.00867577 0.0311575 0.0775523 0.134136 0.162895 0.144351 0.105305 0.0789193 0.066291 0.0549165 0.0426808 0.0324281 0.0240155 0.0164863 0.0100055 0.00518449 0.00225429 0.000826092
 3.55961e-11 1.67427e-09 5.453e-08 1.22979e-06 1.92049e-05 0.000207674 0.00155506 0.00806367 0.0289625 0.0721214 0.124965 0.152801 0.138768 0.108325 0.0897595 0.0793967 0.0642116 0.0460132 0.0315561 0.021674 0.0145049 0.00901264 0.00494396 0.00228206 0.000856089
 3.77503e-11 1.77559e-09 5.783e-08 1.30421e-06 2.03671e-05 0.000220242 0.00164916 0.00855143 0.0307119 0.0764528 0.132301 0.160976 0.143656 0.106945 0.0828527 0.0711289 0.0588459 0.0444827 0.0317356 0.0214189 0.0134233 0.00779898 0.00414793 0.00193271 0.000747456
 3.81493e-11 1.79436e-09 5.84412e-08 1.31799e-06 2.05824e-05 0.000222569 0.00166659 0.00864184 0.0310369 0.077265 0.133727 0.16281 0.145597 0.108958 0.0847978 0.0721482 0.0579254 0.0418166 0.0287799 0.0193571 0.0122716 0.00707733 0.00363618 0.00162798 0.000615453
 3.61637e-11 1.70097e-09 5.53994e-08 1.24939e-06 1.95111e-05 0.000210985 0.00157985 0.0081922 0.0294237 0.0732657 0.126919 0.155057 0.140392 0.108738 0.0892114 0.0787316 0.0641299 0.0463753 0.0315159 0.020617 0.0126675 0.0071461 0.00362135 0.00159527 0.000589409
 3.56485e-11 1.67674e-09 5.46102e-08 1.2316e-06 1.92332e-05 0.00020798 0.00155735 0.00807551 0.0290047 0.0722226 0.125115 0.152868 0.138466 0.107402 0.0884706 0.0787559 0.0652545 0.0485197 0.0339735 0.0225936 0.0138377 0.00765909 0.00378201 0.00162556 0.000588154
 3.4645e-11 1.62954e-09 5.3073e-08 1.19693e-06 1.86918e-05 0.000202125 0.00151351 0.00784825 0.0281891 0.0701981 0.121651 0.14884 0.135473 0.106465 0.0893903 0.0806444 0.067373 0.0506302 0.0360782 0.0245743 0.0154341 0.0086937 0.00430451 0.0018287 0.000648752
 3.45836e-11 1.62665e-09 5.29788e-08 1.1948e-06 1.86586e-05 0.000201767 0.00151083 0.00783431 0.028139 0.0700727 0.12143 0.14855 0.13515 0.106091 0.0889542 0.0802424 0.0671592 0.0506815 0.0363711 0.025046 0.0159887 0.00919613 0.0046477 0.00200182 0.000712463
 3.49739e-11 1.64501e-09 5.35768e-08 1.20829e-06 1.88692e-05 0.000204044 0.00152788 0.00792271 0.028456 0.0708579 0.122761 0.150039 0.136057 0.105876 0.087705 0.0786002 0.0658074 0.0498912 0.0360458 0.025011 0.0161183 0.00939222 0.00482638 0.00211661 0.000765399
 3.41938e-11 1.60831e-09 5.23818e-08 1.18134e-06 1.84483e-05 0.000199493 0.0014938 0.00774606 0.0278224 0.0692882 0.120097 0.147043 0.134174 0.106138 0.0899039 0.0814628 0.0680199 0.0510264 0.0364737 0.0252087 0.0163014 0.0095778 0.00497821 0.0022134 0.000812517
 3.44459e-11 1.62017e-09 5.27679e-08 1.19005e-06 1.85843e-05 0.000200963 0.00150481 0.00780312 0.0280269 0.0697936 0.120946 0.147957 0.134608 0.105671 0.0886492 0.0801059 0.0672896 0.0510589 0.0368382 0.0254806 0.0163932 0.0095938 0.00499423 0.00223611 0.000829495
 3.54315e-11 1.66653e-09 5.42778e-08 1.2241e-06 1.91161e-05 0.000206714 0.00154787 0.00802632 0.0288278 0.0717799 0.124333 0.151841 0.137305 0.106037 0.0868527 0.0772358 0.0644293 0.0487525 0.0352245 0.024512 0.0158848 0.00933523 0.00486223 0.00217698 0.000809525
 3.56669e-11 1.6776e-09 5.46383e-08 1.23223e-06 1.92431e-05 0.000208087 0.00155815 0.00807964 0.0290193 0.0722566 0.125158 0.152845 0.138199 0.10668 0.0872509 0.0773105 0.0640164 0.047861 0.0341345 0.0235622 0.0152455 0.00898786 0.00470393 0.00211449 0.00078828
 3.6182e-11 1.70183e-09 5.54274e-08 1.25003e-06 1.9521e-05 0.000211092 0.00158065 0.00819629 0.029438 0.0732963 0.126939 0.154928 0.139785 0.107271 0.0869401 0.0764867 0.0629805 0.0467256 0.0329575 0.0224547 0.0143458 0.00837844 0.00436715 0.00196407 0.00073422
 3.80936e-11 1.79174e-09 5.83559e-08 1.31607e-06 2.05523e-05 0.000222244 0.00166416 0.00862921 0.0309915 0.0771506 0.133521 0.162522 0.145221 0.10845 0.0842143 0.0717894 0.058119 0.0425 0.0295152 0.0198183 0.012488 0.00719356 0.00370352 0.00165097 0.000614378
 3.70289e-11 1.74166e-09 5.67248e-08 1.27929e-06 1.99779e-05 0.000216033 0.00161765 0.00838814 0.0301269 0.0750107 0.129901 0.158511 0.142905 0.109381 0.0881076 0.0766312 0.0617397 0.0441289 0.0297088 0.0193997 0.0119593 0.00676206 0.00342427 0.00150492 0.000553741
 3.61136e-11 1.69861e-09 5.53226e-08 1.24766e-06 1.94841e-05 0.000210693 0.00157766 0.00818083 0.0293828 0.073162 0.126728 0.154774 0.139978 0.108113 0.0884429 0.0782095 0.0643098 0.0472644 0.032607 0.0213812 0.0129565 0.00712913 0.0035145 0.00151063 0.00054618
 3.53579e-11 1.66307e-09 5.4165e-08 1.22156e-06 1.90764e-05 0.000206284 0.00154465 0.0080097 0.0287686 0.0716371 0.124118 0.151729 0.137687 0.107323 0.0890084 0.0795135 0.065868 0.0489349 0.0343605 0.0230417 0.0142469 0.00790713 0.00386887 0.0016311 0.000576351
 3.24623e-11 1.52687e-09 4.97292e-08 1.12152e-06 1.75141e-05 0.000189391 0.00141817 0.00735396 0.0264155 0.0657998 0.114154 0.140255 0.129548 0.10575 0.0934575 0.0869317 0.073364 0.0552551 0.0393701 0.0268173 0.0168783 0.00955023 0.00474809 0.00201566 0.000709275
 3.36542e-11 1.58293e-09 5.15551e-08 1.1627e-06 1.81572e-05 0.000196345 0.00147023 0.0076238 0.027383 0.0681912 0.118177 0.144611 0.131702 0.103734 0.087659 0.0802054 0.0688693 0.054021 0.0403014 0.0284264 0.0183279 0.0105808 0.00536116 0.00231472 0.00082459
 3.51648e-11 1.65398e-09 5.38692e-08 1.21488e-06 1.89722e-05 0.000205158 0.00153622 0.00796591 0.0286108 0.0712401 0.123401 0.150715 0.13633 0.105373 0.0864219 0.0769498 0.0643423 0.0490357 0.036022 0.0257325 0.0171623 0.010296 0.00538893 0.00238542 0.000866356
#obs surv len freq
 2.48913e-11 1.17077e-09 3.81312e-08 8.59954e-07 1.34294e-05 0.000145221 0.00108742 0.00563895 0.0202565 0.0504693 0.0876373 0.108056 0.101057 0.0852616 0.079356 0.0784847 0.0729173 0.0644812 0.057221 0.0508017 0.0440971 0.0365962 0.0279017 0.0184779 0.0100418
 9.99404e-16 4.70825e-14 1.5432e-12 3.56765e-11 6.11316e-10 8.93752e-09 1.36133e-07 2.13126e-06 2.79823e-05 0.000270409 0.00184038 0.00872312 0.0287772 0.0664554 0.109211 0.132928 0.130071 0.115082 0.100104 0.0863125 0.072722 0.0588971 0.0441215 0.0288783 0.015576
 1.41631e-11 6.66166e-10 2.16966e-08 4.89313e-07 7.64131e-06 8.26295e-05 0.000618712 0.00320796 0.0115174 0.0286332 0.049295 0.0588079 0.0489462 0.030401 0.0221646 0.0358373 0.0691649 0.104899 0.122755 0.118088 0.10073 0.07973 0.0581027 0.0372208 0.0197899
 5.15592e-11 2.4251e-09 7.89838e-08 1.78129e-06 2.78173e-05 0.000300803 0.00225236 0.0116783 0.0419296 0.104253 0.179563 0.214489 0.178504 0.10535 0.0469772 0.0189374 0.00942075 0.0078665 0.0105057 0.01441 0.0162903 0.0149067 0.0113342 0.00722407 0.00377756
 3.47796e-11 1.63587e-09 5.32791e-08 1.20158e-06 1.87644e-05 0.000202911 0.00151941 0.0078791 0.028304 0.070523 0.12248 0.151099 0.141449 0.118872 0.107014 0.0951553 0.0688219 0.0373651 0.0161976 0.00783715 0.00644406 0.00661445 0.0058714 0.00410578 0.00222447
 3.96246e-11 1.86375e-09 6.07012e-08 1.36897e-06 2.13784e-05 0.000231177 0.00173103 0.00897584 0.0322346 0.0802255 0.13871 0.168219 0.148341 0.106773 0.0786325 0.0663161 0.0565799 0.0445496 0.0311916 0.0183896 0.00906738 0.00439391 0.00264501 0.00176462 0.0010061
 2.39243e-11 1.12528e-09 3.66498e-08 8.26546e-07 1.29077e-05 0.00013958 0.00104521 0.00542061 0.01948 0.0486125 0.0849425 0.107218 0.108127 0.106812 0.114919 0.116152 0.0976344 0.0704535 0.0483111 0.0324525 0.0199348 0.0105106 0.00481318 0.00209449 0.000914351
 4.20238e-11 1.9766e-09 6.43765e-08 1.45185e-06 2.26727e-05 0.000245173 0.00183582 0.00951894 0.0341811 0.0850316 0.146758 0.176742 0.151875 0.100865 0.063941 0.0492475 0.0446928 0.0411854 0.0350087 0.0259298 0.0165823 0.00927578 0.00451318 0.00187709 0.000669225
 3.53126e-11 1.66094e-09 5.40956e-08 1.21999e-06 1.9052e-05 0.00020602 0.00154268 0.00799957 0.0287337 0.0715639 0.124084 0.152127 0.139419 0.111317 0.0945755 0.0833137 0.0643719 0.0426041 0.0276402 0.0196296 0.0141167 0.0090392 0.00483255 0.00211325 0.000750362
 3.71326e-11 1.74654e-09 5.68836e-08 1.28287e-06 2.00338e-05 0.000216638 0.00162217 0.00841153 0.0302101 0.0752076 0.130175 0.158532 0.141937 0.106684 0.0840535 0.0733341 0.0614674 0.0467741 0.0329311 0.0214153 0.0129206 0.0074446 0.00402627 0.00189368 0.000721943
 4.05888e-11 1.9091e-09 6.21782e-08 1.40228e-06 2.18985e-05 0.000236802 0.00177315 0.00919424 0.0330189 0.082178 0.142088 0.172321 0.151946 0.109153 0.0793696 0.0643548 0.0510626 0.0371896 0.0259998 0.0176426 0.0111087 0.00627384 0.00314978 0.00139175 0.000524117
 3.84504e-11 1.80852e-09 5.89024e-08 1.3284e-06 2.07449e-05 0.000224326 0.00167975 0.00871009 0.0312826 0.0778801 0.134818 0.164263 0.147287 0.111006 0.087165 0.0740533 0.0582725 0.0402794 0.0260823 0.0165732 0.0101146 0.00570702 0.00287544 0.00124986 0.000454712
 3.70294e-11 1.74168e-09 5.67255e-08 1.2793e-06 1.99782e-05 0.000216036 0.00161767 0.00838825 0.0301274 0.0750116 0.129902 0.15851 0.142901 0.109393 0.0882307 0.0770492 0.0625586 0.0450817 0.0302162 0.0191332 0.011173 0.00594921 0.00286754 0.00121656 0.00043593
 3.70252e-11 1.74149e-09 5.67191e-08 1.27916e-06 1.99759e-05 0.000216012 0.00161749 0.00838727 0.0301235 0.0749981 0.129853 0.158328 0.142351 0.108187 0.0864144 0.0752979 0.0617628 0.0456053 0.0317083 0.0208914 0.0125736 0.00674083 0.00317855 0.00129667 0.000446858
 3.27944e-11 1.54249e-09 5.02379e-08 1.13299e-06 1.76933e-05 0.000191328 0.00143267 0.00742919 0.0266861 0.0664753 0.115338 0.141766 0.131117 0.107345 0.0950486 0.0880117 0.0732186 0.0537823 0.0372337 0.0247804 0.0153018 0.00847143 0.00409589 0.00168317 0.000572989
 3.52763e-11 1.65923e-09 5.40399e-08 1.21874e-06 1.90323e-05 0.000205808 0.00154108 0.00799111 0.028701 0.0714594 0.123747 0.150981 0.13608 0.104228 0.0846556 0.0757662 0.0649714 0.051278 0.0382659 0.0266433 0.0167746 0.00941853 0.00464369 0.00195181 0.000676248
 3.39005e-11 1.59452e-09 5.19324e-08 1.17121e-06 1.82901e-05 0.000197782 0.00148099 0.00767963 0.0275841 0.0686961 0.119082 0.145855 0.133261 0.105761 0.089951 0.0816178 0.0680963 0.0511976 0.0370884 0.0262922 0.0174272 0.0103258 0.00529463 0.00228454 0.000807723
 3.34872e-11 1.57508e-09 5.12992e-08 1.15693e-06 1.80671e-05 0.00019537 0.00146293 0.007586 0.0272477 0.0678576 0.117623 0.144046 0.131549 0.104341 0.0889228 0.0814632 0.0693585 0.0535363 0.0393037 0.0275809 0.0180157 0.0107353 0.00567185 0.00254801 0.000934888
 3.44108e-11 1.61852e-09 5.2714e-08 1.18884e-06 1.85654e-05 0.000200759 0.00150328 0.00779513 0.0279979 0.0697169 0.120784 0.147626 0.133884 0.104245 0.0865542 0.0780532 0.0662348 0.0514069 0.0382702 0.0273553 0.0181281 0.0108653 0.00576014 0.00261679 0.000981585
 3.56378e-11 1.67623e-09 5.45937e-08 1.23123e-06 1.92274e-05 0.000207917 0.00155688 0.00807302 0.0289953 0.0721936 0.125027 0.152586 0.137648 0.105607 0.0856707 0.0757366 0.0631407 0.0479847 0.0350681 0.0249111 0.016619 0.0100949 0.00542391 0.0024911 0.000944377
 3.56897e-11 1.67867e-09 5.46732e-08 1.23302e-06 1.92554e-05 0.00020822 0.00155914 0.0080848 0.0290379 0.0723028 0.125237 0.152941 0.138284 0.106733 0.0872551 0.0772221 0.063787 0.047514 0.0337967 0.0233859 0.015297 0.00920483 0.0049532 0.00229474 0.000879707
 3.65377e-11 1.71856e-09 5.59723e-08 1.26232e-06 1.97129e-05 0.000213167 0.00159619 0.00827684 0.029727 0.0740119 0.128152 0.156286 0.140618 0.107096 0.0858519 0.0750923 0.0619086 0.046172 0.0327341 0.022346 0.0142864 0.00838181 0.00442261 0.00202892 0.000777236
 3.78532e-11 1.78043e-09 5.79875e-08 1.30776e-06 2.04226e-05 0.000220842 0.00165365 0.00857476 0.0307962 0.0766654 0.132689 0.161549 0.144478 0.108168 0.0843523 0.0721746 0.0586188 0.0430575 0.0300839 0.0203281 0.0128784 0.00745062 0.00385452 0.00173223 0.000653019
 3.43644e-11 1.61634e-09 5.2643e-08 1.18723e-06 1.85404e-05 0.000200488 0.00150126 0.00778474 0.0279619 0.06964 0.120738 0.147978 0.135499 0.108122 0.0924963 0.0837717 0.0688509 0.0499909 0.0341947 0.0226163 0.0140679 0.00801035 0.00408146 0.00180457 0.000668651
 3.71739e-11 1.74848e-09 5.6947e-08 1.2843e-06 2.00562e-05 0.000216879 0.00162398 0.00842088 0.0302435 0.0752892 0.130305 0.158637 0.141857 0.106241 0.0831787 0.0721637 0.06037 0.0463411 0.0336282 0.022921 0.0142409 0.00796983 0.00397701 0.00172478 0.000628111
 3.30851e-11 1.55617e-09 5.06833e-08 1.14304e-06 1.78502e-05 0.000193025 0.00144537 0.00749503 0.0269222 0.0670601 0.116329 0.142874 0.131785 0.107145 0.09397 0.0863963 0.0715125 0.0524225 0.0366162 0.0250142 0.0160609 0.00928872 0.00469826 0.00202646 0.000726892
 3.29464e-11 1.54964e-09 5.04707e-08 1.13824e-06 1.77753e-05 0.000192215 0.00143931 0.00746349 0.0268079 0.0667646 0.115744 0.141818 0.129756 0.103463 0.0889817 0.0824227 0.0712367 0.055998 0.0415286 0.0288718 0.0183425 0.0105416 0.00538761 0.00236414 0.000857408
 3.5995e-11 1.69303e-09 5.51409e-08 1.24357e-06 1.94201e-05 0.000210001 0.00157248 0.00815387 0.029285 0.0729082 0.126219 0.153827 0.138085 0.10454 0.083248 0.0731107 0.06165 0.0480911 0.0362279 0.0262429 0.0175111 0.0104245 0.00541109 0.00238917 0.000872303
 3.58919e-11 1.68818e-09 5.4983e-08 1.24001e-06 1.93645e-05 0.0002094 0.00156798 0.00813062 0.0292025 0.0727122 0.125944 0.153795 0.139019 0.107199 0.0874157 0.0769705 0.0629981 0.0463592 0.0327804 0.0228985 0.0152768 0.00933515 0.00502314 0.00228862 0.000853316
#pred catch len freq
 2.32518e-11 1.09366e-09 3.56197e-08 8.03312e-07 1.25449e-05 0.000135656 0.0010158 0.00526768 0.0189243 0.0471658 0.0820064 0.10161 0.0966134 0.08475 0.082482 0.0833397 0.0774823 0.0675065 0.0581129 0.049635 0.0420306 0.0356566 0.0296276 0.0224386 0.0141859
 1.10135e-11 5.18025e-10 1.68717e-08 3.805e-07 5.9421e-06 6.4257e-05 0.000481201 0.00249617 0.00897894 0.0224908 0.0398709 0.053005 0.0618484 0.0772605 0.0999287 0.113151 0.107996 0.0939388 0.0801614 0.0673984 0.0551463 0.043989 0.0337796 0.0237712 0.0142369
 8.7142e-12 4.09874e-10 1.33493e-08 3.01061e-07 4.70152e-06 5.08411e-05 0.000380719 0.00197464 0.00709867 0.0177392 0.0311641 0.0401411 0.0431644 0.0487621 0.0626988 0.0807867 0.0980358 0.11079 0.112729 0.101775 0.0836739 0.0645357 0.0466891 0.0306165 0.0171893
 3.19988e-11 1.50507e-09 4.90192e-08 1.10551e-06 1.7264e-05 0.000186686 0.00139788 0.00724813 0.0260265 0.064743 0.111721 0.134453 0.115235 0.0759261 0.0476031 0.0376205 0.0385764 0.0453154 0.0543842 0.060412 0.0588048 0.0494478 0.0360684 0.0227408 0.0120703
 4.30467e-11 2.02471e-09 6.59435e-08 1.48719e-06 2.32246e-05 0.000251141 0.00188052 0.00975078 0.035015 0.0871215 0.150467 0.181684 0.157597 0.107487 0.0702749 0.0505717 0.0358043 0.0232012 0.0164051 0.0152516 0.0160944 0.015604 0.0126858 0.00838913 0.0044387
 3.3991e-11 1.59878e-09 5.20711e-08 1.17433e-06 1.83389e-05 0.00019831 0.00148496 0.00770036 0.0276608 0.0689112 0.119616 0.147266 0.136938 0.113415 0.10106 0.0915004 0.0708207 0.0449245 0.0252381 0.0142487 0.00925644 0.00727508 0.00593996 0.00419214 0.00233353
 2.98103e-11 1.40214e-09 4.56667e-08 1.0299e-06 1.60833e-05 0.000173919 0.00130232 0.0067534 0.0242606 0.0604544 0.105034 0.129774 0.122198 0.104633 0.0983869 0.0955773 0.0831708 0.0639073 0.0446362 0.0278524 0.0153134 0.00798028 0.00446871 0.00266339 0.00144272
 3.07865e-11 1.44805e-09 4.7162e-08 1.06362e-06 1.661e-05 0.000179614 0.00134496 0.00697433 0.025052 0.0624045 0.108271 0.133067 0.123057 0.100881 0.0901664 0.0859154 0.0760331 0.0617645 0.0477284 0.0342548 0.0217123 0.0118784 0.00570271 0.00252819 0.00106699
 3.59847e-11 1.69255e-09 5.51252e-08 1.24321e-06 1.94145e-05 0.000209941 0.00157203 0.00815153 0.0292764 0.0728861 0.126175 0.153743 0.137913 0.104198 0.0826946 0.0724105 0.0609586 0.0476383 0.036286 0.0269054 0.018479 0.0112167 0.00581235 0.00252734 0.000926156
 3.32225e-11 1.56263e-09 5.08937e-08 1.14778e-06 1.79242e-05 0.000193826 0.00145137 0.00752615 0.0270339 0.0673388 0.116814 0.143479 0.132365 0.107633 0.0942927 0.0862856 0.0706387 0.050844 0.0349564 0.024045 0.0161019 0.0100071 0.0054898 0.00253405 0.000950627
 3.56197e-11 1.67538e-09 5.45661e-08 1.2306e-06 1.92176e-05 0.000207812 0.00155609 0.00806894 0.0289807 0.0721591 0.124979 0.15258 0.137817 0.106125 0.0866461 0.0771187 0.0646745 0.0491179 0.0351206 0.023731 0.0148799 0.00864685 0.00459918 0.00214301 0.000828793
 3.60073e-11 1.69361e-09 5.51598e-08 1.24399e-06 1.94267e-05 0.000210073 0.00157302 0.00815677 0.0292965 0.0729492 0.126372 0.154398 0.13982 0.108338 0.0889039 0.0784055 0.0638034 0.0462781 0.0319274 0.021503 0.01364 0.00786814 0.00404274 0.00181004 0.000684286
 3.41494e-11 1.60622e-09 5.23137e-08 1.1798e-06 1.84243e-05 0.000199234 0.00149186 0.00773606 0.0277872 0.0692073 0.120003 0.147149 0.13497 0.108179 0.093116 0.0846774 0.0697255 0.0506178 0.0344705 0.022577 0.0138793 0.00783124 0.00396881 0.00174837 0.00064598
 3.35377e-11 1.57745e-09 5.13766e-08 1.15867e-06 1.80943e-05 0.000195665 0.00146514 0.0075975 0.0272896 0.0679692 0.117864 0.144565 0.13273 0.106699 0.092391 0.0848392 0.071088 0.0530697 0.0372374 0.0247928 0.0151925 0.00841052 0.00415333 0.0017852 0.000645921
 3.27383e-11 1.53985e-09 5.0152e-08 1.13105e-06 1.7663e-05 0.000191001 0.00143022 0.00741645 0.0266398 0.0663556 0.1151 0.141332 0.130268 0.105775 0.0928467 0.0860502 0.0725856 0.0547381 0.0390774 0.0266441 0.0167414 0.00943154 0.00467009 0.00198405 0.000703869
 3.25493e-11 1.53096e-09 4.98625e-08 1.12452e-06 1.75611e-05 0.000189899 0.00142197 0.00737365 0.0264861 0.0659732 0.11444 0.140536 0.129583 0.105323 0.0925922 0.0859574 0.0726859 0.0550567 0.0395887 0.0272908 0.0174297 0.0100266 0.0050677 0.00218276 0.000776866
 3.30314e-11 1.55364e-09 5.06011e-08 1.14118e-06 1.78212e-05 0.000192711 0.00144303 0.00748281 0.0268776 0.0669431 0.116085 0.142382 0.130728 0.105115 0.0911355 0.0840141 0.0710606 0.0540712 0.0391397 0.0271854 0.0175271 0.0102147 0.00524931 0.00230213 0.00083249
 3.22875e-11 1.51865e-09 4.94615e-08 1.11548e-06 1.74198e-05 0.000188372 0.00141053 0.00731437 0.0262734 0.0654466 0.113547 0.139535 0.128964 0.105433 0.0933309 0.086826 0.0731815 0.0550867 0.0394486 0.0272926 0.0176566 0.0103757 0.00539318 0.00239794 0.000880266
 3.24623e-11 1.52687e-09 4.97292e-08 1.12152e-06 1.75141e-05 0.000189391 0.00141816 0.00735392 0.0264152 0.0657961 0.114129 0.140138 0.129165 0.10489 0.0921487 0.0856332 0.0726573 0.0553321 0.0399971 0.0276939 0.017825 0.0104334 0.00543158 0.00243197 0.000902156
 3.33527e-11 1.56875e-09 5.10932e-08 1.15228e-06 1.79945e-05 0.000194586 0.00145706 0.00755556 0.0271387 0.0675905 0.117189 0.143646 0.131603 0.105222 0.0905229 0.083024 0.0700386 0.0532098 0.0385241 0.0268377 0.0174 0.0102274 0.00532721 0.00238521 0.000886961
 3.37007e-11 1.58512e-09 5.16263e-08 1.1643e-06 1.81823e-05 0.000196616 0.00147226 0.00763439 0.0274217 0.0682944 0.118402 0.145102 0.132829 0.105961 0.0907973 0.0828524 0.0693424 0.0520412 0.0371894 0.0256986 0.0166356 0.00980891 0.00513391 0.00230781 0.000860355
 3.43366e-11 1.61503e-09 5.26005e-08 1.18627e-06 1.85254e-05 0.000200326 0.00150004 0.00777841 0.0279386 0.0695778 0.1206 0.147666 0.134761 0.106633 0.0903261 0.081746 0.0680116 0.0506439 0.0357888 0.0244091 0.0156014 0.00911321 0.00475039 0.00213647 0.00079867
 3.61991e-11 1.70263e-09 5.54536e-08 1.25062e-06 1.95302e-05 0.000211192 0.0015814 0.00820019 0.0294521 0.0733332 0.127015 0.155074 0.14009 0.107855 0.0877805 0.0772747 0.0633225 0.0465007 0.0323613 0.0217542 0.0137147 0.00790159 0.00406828 0.00181361 0.000674906
 3.49817e-11 1.64537e-09 5.35887e-08 1.20856e-06 1.88734e-05 0.000204089 0.00152822 0.00792455 0.0284636 0.0708862 0.122874 0.15048 0.137415 0.108858 0.0921394 0.0827249 0.0674296 0.0483953 0.0326528 0.0213495 0.0131689 0.00744753 0.00377164 0.00165763 0.000609933
 3.41233e-11 1.605e-09 5.22737e-08 1.1789e-06 1.84103e-05 0.000199081 0.00149072 0.00773013 0.0277656 0.0691518 0.119894 0.146952 0.134594 0.107504 0.0922209 0.0840227 0.069843 0.0515295 0.0356211 0.023384 0.0141774 0.00780236 0.00384664 0.00165343 0.000597816
 3.33466e-11 1.56847e-09 5.1084e-08 1.15207e-06 1.79913e-05 0.00019455 0.0014568 0.00755424 0.0271344 0.0675844 0.117209 0.143817 0.132222 0.106653 0.0927417 0.0853008 0.0714083 0.0532517 0.0374662 0.0251522 0.0155593 0.00863708 0.00422628 0.00178182 0.000629613
 3.04988e-11 1.43452e-09 4.67214e-08 1.05368e-06 1.64548e-05 0.000177936 0.0013324 0.00690932 0.0248202 0.0618431 0.107408 0.132523 0.124186 0.105034 0.0970077 0.0924902 0.0787287 0.0594871 0.0424621 0.0289529 0.0182304 0.010317 0.00512956 0.00217764 0.000766279
 3.17101e-11 1.49149e-09 4.85769e-08 1.09553e-06 1.71083e-05 0.000185003 0.0013853 0.00718353 0.0258032 0.0642726 0.111492 0.136928 0.126307 0.102834 0.0908902 0.0854473 0.0740833 0.0583135 0.0435806 0.0307674 0.0198449 0.0114581 0.00580597 0.00250682 0.000893026
 3.37107e-11 1.58559e-09 5.16416e-08 1.16465e-06 1.81876e-05 0.000196674 0.0014727 0.00763661 0.0274293 0.0683095 0.118402 0.144979 0.132326 0.104768 0.0889318 0.0809326 0.0682134 0.0521335 0.038353 0.0274185 0.0182925 0.0109752 0.00574462 0.0025429 0.000923553
#obs catch len freq
 2.1612e-11 1.01652e-09 3.31075e-08 7.46659e-07 1.16602e-05 0.000126089 0.000944165 0.00489619 0.01759 0.0438419 0.0762403 0.0945287 0.0900952 0.0795471 0.0783211 0.0806009 0.0773839 0.0707809 0.0645001 0.0582947 0.0514162 0.0432884 0.0333139 0.0221764 0.0121013
 2.2587e-11 1.06238e-09 3.46011e-08 7.80344e-07 1.21862e-05 0.000131777 0.000986761 0.00511708 0.0183836 0.0458204 0.0796835 0.098809 0.0941977 0.0831387 0.0815119 0.0828457 0.0776829 0.0689328 0.0612777 0.0544481 0.0472777 0.0392405 0.0299191 0.0198142 0.0107681
 8.53666e-16 4.02275e-14 1.3199e-12 3.06377e-11 5.32451e-10 8.07704e-09 1.29462e-07 2.09198e-06 2.77744e-05 0.000269232 0.00183384 0.00869404 0.0286838 0.0662472 0.108897 0.132622 0.12992 0.115131 0.100284 0.0865341 0.0729321 0.0590744 0.0442563 0.028967 0.0156239
 1.25217e-11 5.88962e-10 1.91821e-08 4.32605e-07 6.75574e-06 7.30534e-05 0.000547009 0.00283618 0.0101826 0.0253149 0.0435827 0.0520005 0.0433423 0.0272877 0.0213069 0.0367026 0.0716362 0.108773 0.127308 0.12248 0.104487 0.08271 0.0602766 0.0386141 0.0205308
 5.05967e-11 2.37982e-09 7.75093e-08 1.74803e-06 2.7298e-05 0.000295188 0.00221031 0.0114603 0.0411471 0.10231 0.17623 0.210578 0.175477 0.104079 0.0472038 0.0198388 0.0104064 0.00894052 0.0120153 0.0164942 0.0186486 0.0170651 0.0129754 0.00827022 0.00432462
 3.26492e-11 1.53566e-09 5.00155e-08 1.12798e-06 1.7615e-05 0.000190482 0.00142635 0.00739669 0.0265734 0.0662349 0.115195 0.142875 0.136166 0.119274 0.112569 0.102605 0.0748139 0.0407176 0.0176764 0.00857265 0.0070625 0.00725272 0.00643839 0.00450231 0.0024393
 3.77568e-11 1.7759e-09 5.78399e-08 1.30444e-06 2.03706e-05 0.00022028 0.00164944 0.00855287 0.0307168 0.076461 0.132289 0.160846 0.143186 0.105984 0.0819004 0.0716447 0.0619953 0.0490271 0.034383 0.0202864 0.0100064 0.00485012 0.00292012 0.00194829 0.00111083
 2.19354e-11 1.03174e-09 3.3603e-08 7.57832e-07 1.18347e-05 0.000127977 0.000958331 0.00497022 0.0178641 0.0446054 0.0781153 0.0994152 0.102793 0.106301 0.118823 0.122036 0.103109 0.074571 0.0512187 0.0344423 0.0211674 0.0111626 0.00511215 0.00222467 0.000971204
 4.03723e-11 1.89892e-09 6.18465e-08 1.39479e-06 2.17817e-05 0.000235538 0.00176368 0.00914492 0.0328388 0.0817001 0.14106 0.170128 0.147007 0.0994728 0.065775 0.0529253 0.0489719 0.0453689 0.038621 0.0286199 0.0183066 0.0102415 0.00498333 0.00207269 0.00073897
 3.34856e-11 1.575e-09 5.12968e-08 1.15687e-06 1.80662e-05 0.000195361 0.00146287 0.00758584 0.0272493 0.0678838 0.117819 0.144988 0.134611 0.111048 0.0984316 0.0888836 0.0692716 0.045986 0.0298889 0.0212522 0.0152914 0.00979289 0.00523572 0.00228959 0.00081298
 3.54301e-11 1.66646e-09 5.42756e-08 1.22405e-06 1.91153e-05 0.000206705 0.00154781 0.008026 0.0288267 0.0717767 0.124325 0.151823 0.137274 0.106038 0.0871102 0.0781746 0.0662068 0.0505487 0.0356392 0.0231932 0.0139981 0.00806665 0.00436297 0.00205209 0.000782341
 3.89977e-11 1.83426e-09 5.97408e-08 1.34731e-06 2.10401e-05 0.000227519 0.00170365 0.00883394 0.0317262 0.0789722 0.136624 0.166068 0.147644 0.108668 0.0823834 0.0689709 0.0554224 0.0405306 0.0283844 0.0192775 0.0121426 0.00685876 0.00344364 0.00152162 0.000573032
 3.68778e-11 1.73455e-09 5.64933e-08 1.27407e-06 1.98964e-05 0.000215151 0.00161105 0.00835396 0.0300049 0.0747122 0.129423 0.15811 0.143124 0.110725 0.0904405 0.0788932 0.0626899 0.0434719 0.0281923 0.0179296 0.0109469 0.00617762 0.00311273 0.00135303 0.000492248
 3.53614e-11 1.66323e-09 5.41703e-08 1.22168e-06 1.90783e-05 0.000206305 0.00154481 0.00801053 0.0287722 0.0716511 0.124177 0.151968 0.138432 0.108981 0.0915453 0.0820658 0.0672665 0.0486263 0.0326397 0.0206846 0.0120836 0.00643507 0.00310193 0.00131604 0.000471579
 3.55002e-11 1.66976e-09 5.4383e-08 1.22647e-06 1.91532e-05 0.000207115 0.00155087 0.00804193 0.0288844 0.0719253 0.124616 0.152335 0.138228 0.107724 0.0893149 0.0797583 0.0660083 0.0488814 0.0340297 0.0224357 0.013507 0.00724209 0.00341507 0.00139317 0.000480119
 3.11044e-11 1.463e-09 4.76491e-08 1.07461e-06 1.67815e-05 0.000181469 0.00135885 0.00704651 0.025313 0.0630703 0.109535 0.135128 0.126555 0.106847 0.0982804 0.0929574 0.0778951 0.0573608 0.0397626 0.026483 0.0163586 0.00905764 0.00437953 0.00179976 0.000612684
 3.35935e-11 1.58008e-09 5.1462e-08 1.1606e-06 1.81244e-05 0.00019599 0.00146757 0.00761003 0.0273336 0.0680676 0.11796 0.144332 0.131412 0.103454 0.087466 0.0803315 0.0695288 0.0550403 0.0411267 0.0286531 0.0180449 0.0101329 0.00499615 0.00209999 0.000727594
 3.21759e-11 1.5134e-09 4.92905e-08 1.11163e-06 1.73596e-05 0.00018772 0.00140566 0.00728909 0.0261828 0.0652207 0.113156 0.139062 0.128546 0.105118 0.0930375 0.0864397 0.072719 0.0548277 0.0397735 0.0282166 0.0187086 0.0110864 0.00568486 0.00245296 0.000867274
 3.17264e-11 1.49226e-09 4.86018e-08 1.09609e-06 1.71171e-05 0.000185098 0.00138602 0.00718725 0.0258169 0.0643088 0.11157 0.137097 0.126692 0.103591 0.0919434 0.0862893 0.0740894 0.057351 0.0421612 0.0296069 0.0193451 0.0115288 0.00609141 0.00273654 0.00100407
 3.26996e-11 1.53803e-09 5.00927e-08 1.12972e-06 1.76422e-05 0.000190775 0.00142853 0.00740762 0.0266075 0.0662681 0.114901 0.140869 0.12915 0.103485 0.089439 0.0826847 0.0707868 0.0551012 0.0410756 0.0293805 0.0194757 0.0116743 0.00618928 0.00281179 0.00105474
 3.39828e-11 1.59839e-09 5.20585e-08 1.17405e-06 1.83345e-05 0.000198262 0.00148458 0.00769825 0.0276506 0.0688583 0.119339 0.14606 0.133099 0.104937 0.0885566 0.0802977 0.067558 0.0514967 0.0376863 0.0267896 0.0178775 0.0108606 0.00583553 0.00268019 0.00101606
 3.40509e-11 1.60159e-09 5.21628e-08 1.1764e-06 1.83712e-05 0.000198659 0.00148756 0.0077137 0.0277064 0.0690005 0.119608 0.146491 0.133817 0.106153 0.0902371 0.0818597 0.0682197 0.0509653 0.036301 0.0251369 0.0164475 0.00989829 0.00532658 0.00246776 0.000946038
 3.49274e-11 1.64282e-09 5.35054e-08 1.20668e-06 1.88441e-05 0.000203772 0.00152585 0.00791218 0.0284186 0.0707669 0.12262 0.149948 0.136232 0.106533 0.0887976 0.0796744 0.0662978 0.0495956 0.0352093 0.0240527 0.0153824 0.00902587 0.00476265 0.00218496 0.000837012
 3.62003e-11 1.70269e-09 5.54554e-08 1.25066e-06 1.95308e-05 0.000211199 0.00158145 0.00820045 0.0294531 0.0733348 0.127012 0.15505 0.139999 0.107644 0.0874551 0.0769499 0.0631497 0.0465437 0.0325695 0.0220253 0.0139585 0.00807664 0.00417861 0.00187791 0.000707943
 3.26766e-11 1.53695e-09 5.00574e-08 1.12892e-06 1.76297e-05 0.000190641 0.00142753 0.00740253 0.0265905 0.0662394 0.114943 0.141352 0.130956 0.107653 0.0957643 0.0887437 0.0735219 0.0535274 0.0366637 0.0242681 0.0151007 0.00859963 0.00438194 0.00193745 0.000717895
 3.54941e-11 1.66947e-09 5.43735e-08 1.22626e-06 1.91498e-05 0.000207079 0.0015506 0.00804047 0.0288785 0.0719037 0.124532 0.152013 0.137241 0.105567 0.0861304 0.0768544 0.0649657 0.0500365 0.036362 0.0248019 0.0154144 0.00862766 0.0043055 0.00186729 0.000680011
 3.13828e-11 1.4761e-09 4.80755e-08 1.08423e-06 1.69317e-05 0.000183094 0.00137101 0.00710954 0.0255391 0.0636301 0.110483 0.136184 0.127181 0.106624 0.0971899 0.0913255 0.07616 0.0559741 0.0391497 0.0267652 0.017191 0.00994353 0.00502969 0.00216944 0.000778186
 3.12252e-11 1.46868e-09 4.78341e-08 1.07878e-06 1.68467e-05 0.000182174 0.00136412 0.00707373 0.0254093 0.0632955 0.109826 0.135019 0.124987 0.102684 0.0918732 0.0871033 0.0758911 0.0598178 0.0444168 0.0308993 0.0196361 0.0112863 0.00576849 0.00253132 0.000918044
 3.44033e-11 1.61816e-09 5.27026e-08 1.18858e-06 1.85613e-05 0.000200715 0.00150295 0.00779342 0.0279916 0.0697 0.120746 0.147538 0.133672 0.10381 0.0858968 0.0773819 0.0658607 0.0515302 0.0388686 0.0281731 0.0188037 0.0111951 0.00581129 0.0025659 0.000936831
#spawning biomass
 20221 21271.1 16698.9 12084.2 14252.4 27477.8 41428.6 47763.4 54777.6 75523.1 97496.4 122462 159498 172698 189792 174662 172554 162901 145957 138724 146134 146862 143287 160789 187280 198316 200416 173786 153716 109562 152626 106989 69515.5 46818.1 34672.6 28623.9 25743.3 24410.6 23805.7 23534.7 23414.4 23361.3 23338 23327.7 23323.2 23321.3 23320.4 23320.1 23319.9 23319.8 23319.8 23319.8 23319.8 23319.8 23319.8 23319.8 23319.8 23319.8 23319.8 23319.8 23319.8 23319.8 23319.8 23319.8 23319.8 23319.8 23319.8 23319.8 23319.8 23319.8 23319.8 23319.8 23319.8 23319.8 23319.8 23319.8 23319.8 23319.8 23319.8 23319.8 23319.8 23319.8 23319.8 23319.8 23319.8 23319.8 23319.8 23319.8 23319.8 23319.8 23319.8 23319.8 23319.8 23319.8 23319.8 23319.8 23319.8 23319.8 23319.8 23319.8 23319.8 23319.8 23319.8 23319.8 23319.8 23319.8 23319.8 23319.8 23319.8 23319.8 23319.8 23319.8 23319.8 23319.8 23319.8 23319.8 23319.8 23319.8 23319.8 23319.8 23319.8 23319.8 23319.8 23319.8 23319.8 23319.8 23319.8 23319.8 23319.8 0 0 0 0 0 0 0 0 0 0 0 0 0 0 0 0 0 0 0 0 0 0 0 0 0
