SBPRF35
0.379496
Curr Bio
32158
B35
104208
F35
0.359935
FOFL
0.132015
OFL
6366.47
Bzero
108427
#pred survey bio
 7587.01 6275.22 7364.33 8975.16 11424.6 13674.4 13300.5 12799.9 19361.5 31471.3 32738.6 38451.9 59683.2 71810.3 63831.9 54170.3 47364.1 52788.7 49455.6 50926.2 53867.3 55713.7 61284.3 64748.6 70802.2 76453.4 68047.2 74115.5 3.08625e+06 2.45445e+06 2.40614e+06 2.05875e+06 1.73009e+06 1.49681e+06 1.34816e+06 1.25816e+06 1.20498e+06 1.1738e+06 1.15544e+06 1.14448e+06 1.13781e+06 1.13365e+06 1.13096e+06 1.12918e+06 1.12798e+06 1.12715e+06 1.12657e+06 1.12615e+06 1.12584e+06 1.12562e+06 1.12545e+06 1.12533e+06 1.12524e+06 1.12517e+06 1.12512e+06 1.12508e+06 1.12505e+06 1.12503e+06 1.12501e+06 1.125e+06 1.12499e+06 1.12499e+06 1.12498e+06 1.12498e+06 1.12497e+06 1.12497e+06 1.12497e+06 1.12497e+06 1.12497e+06 1.12497e+06 1.12497e+06 1.12497e+06 1.12497e+06 1.12497e+06 1.12497e+06 1.12497e+06 1.12497e+06 1.12497e+06 1.12497e+06 1.12497e+06 1.12497e+06 1.12497e+06 1.12497e+06 1.12497e+06 1.12497e+06 1.12497e+06 1.12497e+06 1.12497e+06 1.12497e+06 1.12497e+06 1.12497e+06 1.12497e+06 1.12497e+06 1.12497e+06 1.12497e+06 1.12497e+06 1.12497e+06 1.12497e+06 1.12497e+06 1.12497e+06 1.12497e+06 1.12497e+06 1.12497e+06 1.12497e+06 1.12497e+06 1.12497e+06 1.12497e+06 1.12497e+06 1.12497e+06 1.12497e+06 1.12497e+06 1.12497e+06 1.12497e+06 1.12497e+06 1.12497e+06 1.12497e+06 1.12497e+06 1.12497e+06 1.12497e+06 1.12497e+06 1.12497e+06 1.12497e+06 1.12497e+06 1.12497e+06 1.12497e+06 1.12497e+06 1.12497e+06 1.12497e+06 0 0 0 0 0 0 0 0 0 0 0 0 0 0 0 0 0 0 0 0 0 0 0 0 0
#obs survey bio
 6750.65 5142.23 16517.9 10743.7 10070.1 12988 11244.1 21533.2 33257.8 40650.8 27103.4 75557.1 69663.6 62981.3 62570.2 78120.4 47274 58047.9 51821.6 67685.1 72250.4 53089.9 50966.7 77720.9 67952.7 63195.7 78649.9 71552.6
#pred catch bio
 5012.72 3521.31 4090.83 4951.72 6368.76 8348.45 8863.22 7837.48 7972.79 19024.9 22363.8 20220.5 34228.4 48447 44616.3 40033.7 29095 37137 32868.4 33045 36701.1 35343.7 40739 42120.3 43248.5 53680.8 43190.9 40355.1 6366.47 26079.7 27458.6 23069.5 18729.1 15722.8 13868.1 12788.1 12180.6 11846.5 11665.4 11568.3 11516.6 11489.1 11474.6 11466.9 11462.9 11460.8 11459.7 11459.1 11458.8 11458.7 11458.6 11458.5 11458.5 11458.5 11458.5 11458.5 11458.5 11458.5 11458.5 11458.5 11458.5 11458.5 11458.5 11458.5 11458.5 11458.5 11458.5 11458.5 11458.5 11458.5 11458.5 11458.5 11458.5 11458.5 11458.5 11458.5 11458.5 11458.5 11458.5 11458.5 11458.5 11458.5 11458.5 11458.5 11458.5 11458.5 11458.5 11458.5 11458.5 11458.5 11458.5 11458.5 11458.5 11458.5 11458.5 11458.5 11458.5 11458.5 11458.5 11458.5 11458.5 11458.5 11458.5 11458.5 11458.5 11458.5 11458.5 11458.5 11458.5 11458.5 11458.5 11458.5 11458.5 11458.5 11458.5 11458.5 11458.5 11458.5 11458.5 11458.5 11458.5 11458.5 11458.5 11458.5 11458.5 11458.5 11458.5 11458.5 0 0 0 0 0 0 0 0 0 0 0 0 0 0 0 0 0 0 0 0 0 0 0 0 0
#obs catch bio
 3427.64 3549.74 3942.78 4843.19 6280.57 8295.63 9108.27 7856.85 7627.2 18224.8 22945.8 19519.2 32913.3 48115.4 45405.7 40712.9 28489.8 37766.5 33156.8 32784.3 36666.3 34959.6 41173.4 41734.5 42808 54340.9 42768.9 40549.8
#pred cpue bio
 5536.34 4087.48 4720.49 5708.63 7155.39 8815.9 8962.61 8016.98 10684.4 20111.6 21523.3 21781.8 35702.2 46077.8 41945.4 35027.5 28876.3 33647.9 30661.7 31853.5 33729 34032 38504.3 39822.1 43787.2 49474.3 43071.1 46268.9 2.02265e+06 2.02138e+06 2.20334e+06 1.89838e+06 1.57175e+06 1.33799e+06 1.18916e+06 1.09912e+06 1.04593e+06 1.01474e+06 996381 985428 978758 974592 971908 970127 968926 968096 967510 967090 966784 966561 966395 966273 966181 966113 966062 966024 965995 965974 965957 965945 965936 965929 965924 965920 965917 965915 965913 965912 965911 965911 965910 965910 965909 965909 965909 965909 965909 965909 965909 965909 965908 965908 965908 965908 965908 965908 965908 965908 965908 965908 965908 965908 965908 965908 965908 965908 965908 965908 965908 965908 965908 965908 965908 965908 965908 965908 965908 965908 965908 965908 965908 965908 965908 965908 965908 965908 965908 965908 965908 965908 965908 965908 965908 965908 965908 965908 965908 965908 0 0 0 0 0 0 0 0 0 0 0 0 0 0 0 0 0 0 0 0 0 0 0 0 0
#obs cpue bio
 5373.21 4103.71 6406.85 5274.25 8087.03 8895.2 6017.95 8446.73 16738.9 18134.3 16875.3 28731.9 42491.6 45774.8 25469.7 29127.7 32937.7 22216 25708 28267 30572.7 34078.2 39059.8 45593.6 43898.8 51742.5 50605.2 47046.2
#pred surv len freq
 2.1423e-27 2.16475e-27 5.72475e-27 1.21792e-21 7.24341e-17 9.90407e-13 3.11336e-09 2.25003e-06 0.00037384 0.0142804 0.125411 0.253211 0.118119 0.0281347 0.0955331 0.134452 0.0549717 0.0448987 0.0393725 0.0248168 0.019471 0.015318 0.0142621 0.0123405 0.0050314
 2.1425e-27 2.16636e-27 5.94678e-27 1.2933e-21 7.69175e-17 1.05171e-12 3.30606e-09 2.3893e-06 0.000396979 0.0151643 0.133174 0.268884 0.125499 0.0317218 0.112714 0.158399 0.0604703 0.0372281 0.0290804 0.0117627 0.00634269 0.00369492 0.00266664 0.00200505 0.000793123
 2.14289e-27 2.16759e-27 6.09586e-27 1.34394e-21 7.99292e-17 1.09289e-12 3.43551e-09 2.48286e-06 0.000412523 0.0157581 0.138388 0.279412 0.130334 0.0308561 0.104257 0.14662 0.0583496 0.042905 0.0335825 0.0116354 0.00462913 0.00161032 0.000705564 0.00039818 0.000143643
 2.14292e-27 2.16768e-27 6.10447e-27 1.34685e-21 8.01024e-17 1.09526e-12 3.44295e-09 2.48823e-06 0.000413416 0.0157922 0.138688 0.280017 0.130628 0.0312287 0.10635 0.149489 0.058255 0.0393695 0.0310022 0.0119619 0.00500244 0.00135813 0.000320151 9.5911e-05 2.7136e-05
 2.14348e-27 2.16903e-27 6.24733e-27 1.39531e-21 8.29842e-17 1.13466e-12 3.56682e-09 2.57775e-06 0.00042829 0.0163604 0.143678 0.29009 0.135271 0.0308471 0.100984 0.141919 0.0555042 0.0380684 0.0297957 0.0109281 0.00450668 0.00130794 0.000264167 3.93025e-05 5.96614e-06
 2.1421e-27 2.16565e-27 5.88661e-27 1.27293e-21 7.57061e-17 1.03515e-12 3.254e-09 2.35167e-06 0.000390727 0.0149255 0.131077 0.26465 0.12356 0.0322103 0.116974 0.164436 0.0631598 0.0399957 0.0310082 0.0113852 0.00463258 0.00129799 0.000261023 3.24912e-05 2.52091e-06
 2.14048e-27 2.16173e-27 5.48229e-27 1.13583e-21 6.75521e-17 9.23655e-13 2.90352e-09 2.09838e-06 0.000348643 0.0133179 0.116959 0.236147 0.110399 0.0326356 0.128161 0.180381 0.0711988 0.0506836 0.0394667 0.0134808 0.0051071 0.0014036 0.000274286 3.26944e-05 2.04648e-06
 2.1438e-27 2.16988e-27 6.34319e-27 1.42785e-21 8.49199e-17 1.16113e-12 3.65002e-09 2.63788e-06 0.00043828 0.016742 0.147029 0.296857 0.138367 0.0299965 0.093752 0.13182 0.0532457 0.0413954 0.0327436 0.0116867 0.00452722 0.00116028 0.000211184 2.42547e-05 1.43085e-06
 2.14677e-27 2.17702e-27 7.07637e-27 1.67645e-21 9.97052e-17 1.36329e-12 4.28552e-09 3.09716e-06 0.000514588 0.0196569 0.172628 0.34854 0.162243 0.0295076 0.0751901 0.105313 0.03923 0.0212619 0.0162323 0.00623259 0.00260914 0.00069756 0.00012593 1.3526e-05 7.53711e-07
 2.14166e-27 2.16445e-27 5.74605e-27 1.22518e-21 7.28664e-17 9.96318e-13 3.13194e-09 2.26346e-06 0.000376071 0.0143656 0.12616 0.254724 0.119032 0.0338442 0.12994 0.182537 0.0671879 0.0339176 0.0251242 0.00844554 0.00320845 0.000929976 0.000184001 2.02705e-05 1.08998e-06
 2.14184e-27 2.16508e-27 5.83877e-27 1.25676e-21 7.47446e-17 1.022e-12 3.21267e-09 2.3218e-06 0.000385764 0.0147359 0.129412 0.261288 0.121968 0.0312074 0.111865 0.157477 0.0640621 0.0509988 0.0396061 0.011981 0.00384475 0.000962127 0.000180084 2.12338e-05 1.19941e-06
 2.14632e-27 2.17595e-27 6.96869e-27 1.63995e-21 9.75344e-17 1.33361e-12 4.19222e-09 3.02973e-06 0.000503385 0.0192289 0.16887 0.340952 0.15873 0.0293911 0.0767658 0.107618 0.0411902 0.0256616 0.0199235 0.00745973 0.00292749 0.000662574 0.000101623 1.0671e-05 6.05167e-07
 2.14395e-27 2.17004e-27 6.33236e-27 1.42404e-21 8.46934e-17 1.15803e-12 3.64029e-09 2.63085e-06 0.000437111 0.0166973 0.146637 0.296066 0.138092 0.0324156 0.108758 0.15258 0.0552593 0.0251355 0.0183419 0.0063333 0.00244505 0.000671099 0.000116947 1.08999e-05 5.33358e-07
 2.142e-27 2.16536e-27 5.85237e-27 1.2613e-21 7.50143e-17 1.02569e-12 3.22426e-09 2.33018e-06 0.000387156 0.0147891 0.129879 0.262231 0.122456 0.0325859 0.119996 0.1687 0.0647996 0.0409598 0.030817 0.00889026 0.00268739 0.000679708 0.000125104 1.34021e-05 6.57778e-07
 2.14123e-27 2.1635e-27 5.66109e-27 1.19644e-21 7.11568e-17 9.72942e-13 3.05846e-09 2.21036e-06 0.000367247 0.0140286 0.1232 0.248747 0.116229 0.0327685 0.125175 0.176062 0.0682032 0.0448444 0.0344102 0.0112187 0.003802 0.000810642 0.000118876 1.22489e-05 6.51528e-07
 2.14209e-27 2.16562e-27 5.88656e-27 1.27293e-21 7.57061e-17 1.03515e-12 3.25399e-09 2.35167e-06 0.000390726 0.0149255 0.131076 0.264649 0.123549 0.031919 0.115196 0.162004 0.0633504 0.0433851 0.0335021 0.0110705 0.0039107 0.000919613 0.000137407 1.18656e-05 5.56011e-07
 2.14371e-27 2.16951e-27 6.28457e-27 1.40787e-21 8.37316e-17 1.14488e-12 3.59895e-09 2.60097e-06 0.000432147 0.0165077 0.144972 0.292704 0.136516 0.0318387 0.10625 0.149179 0.0558938 0.0312291 0.0234302 0.00763865 0.00266333 0.000634065 0.00010005 9.07269e-06 3.95115e-07
 2.14216e-27 2.16572e-27 5.8877e-27 1.27327e-21 7.57263e-17 1.03542e-12 3.25486e-09 2.3523e-06 0.000390831 0.0149295 0.131111 0.26472 0.123612 0.0327358 0.120161 0.168872 0.0640211 0.0380121 0.0286318 0.00897312 0.00298908 0.000711514 0.000114027 1.0738e-05 4.89461e-07
 2.14332e-27 2.16859e-27 6.19109e-27 1.37619e-21 8.1847e-17 1.11911e-12 3.51794e-09 2.54243e-06 0.000422421 0.0161362 0.141709 0.286116 0.133466 0.0317167 0.107491 0.151012 0.0577004 0.0355964 0.0269117 0.00831878 0.00269091 0.000608964 9.30277e-05 8.74609e-06 4.08619e-07
 2.14278e-27 2.16722e-27 6.04314e-27 1.32598e-21 7.88612e-17 1.07829e-12 3.38961e-09 2.44968e-06 0.00040701 0.0155475 0.136539 0.275679 0.12867 0.0325131 0.115498 0.162244 0.0609072 0.0343823 0.0257914 0.00828459 0.00280297 0.000630009 9.27872e-05 8.30968e-06 3.78905e-07
 2.14304e-27 2.16791e-27 6.12141e-27 1.35256e-21 8.0442e-17 1.0999e-12 3.45755e-09 2.49878e-06 0.000415169 0.0158592 0.139276 0.281204 0.131197 0.0317706 0.1093 0.153593 0.0590305 0.0374328 0.0284162 0.00882547 0.00289296 0.000671861 0.000102426 9.04145e-06 3.96087e-07
 2.14366e-27 2.16939e-27 6.27179e-27 1.40354e-21 8.3474e-17 1.14136e-12 3.58788e-09 2.59297e-06 0.000430818 0.0164569 0.144526 0.291803 0.1361 0.0318402 0.106531 0.149583 0.056162 0.0317283 0.0238214 0.00769924 0.00262534 0.000593649 8.88417e-05 8.0306e-06 3.54947e-07
 2.14264e-27 2.1669e-27 6.01022e-27 1.31482e-21 7.81975e-17 1.06921e-12 3.36108e-09 2.42906e-06 0.000403585 0.0154167 0.13539 0.273359 0.127598 0.0325264 0.116279 0.163365 0.0615992 0.0355787 0.0266772 0.00831337 0.00274219 0.000641688 9.87954e-05 8.82367e-06 3.90562e-07
 2.14366e-27 2.16941e-27 6.27857e-27 1.40586e-21 8.36121e-17 1.14325e-12 3.59381e-09 2.59726e-06 0.00043153 0.0164842 0.144765 0.292286 0.136306 0.0314038 0.103721 0.145699 0.055835 0.0349336 0.0264828 0.00824698 0.00269243 0.000609332 9.22141e-05 8.42774e-06 3.76757e-07
 2.14316e-27 2.16814e-27 6.13952e-27 1.35867e-21 8.08053e-17 1.10487e-12 3.47317e-09 2.51007e-06 0.000417044 0.0159308 0.139905 0.282475 0.131805 0.0323217 0.112282 0.157684 0.0589385 0.0325026 0.0243407 0.00793569 0.00273706 0.000621886 9.23977e-05 8.24375e-06 3.68658e-07
 2.14179e-27 2.16486e-27 5.80148e-27 1.24405e-21 7.39884e-17 1.01166e-12 3.18016e-09 2.29831e-06 0.000381861 0.0145868 0.128102 0.258645 0.120797 0.0325453 0.120829 0.169898 0.0655237 0.0422175 0.0321409 0.0100575 0.00334373 0.000793065 0.000123885 1.10848e-05 4.87054e-07
 2.14268e-27 2.16705e-27 6.03162e-27 1.32211e-21 7.86309e-17 1.07514e-12 3.37971e-09 2.44252e-06 0.000405822 0.0155021 0.13614 0.274873 0.128277 0.0319466 0.112283 0.157813 0.06072 0.0387164 0.0295687 0.00959045 0.00328672 0.000749258 0.000114135 1.05597e-05 4.75563e-07
 2.14326e-27 2.16846e-27 6.18094e-27 1.37276e-21 8.16432e-17 1.11633e-12 3.50918e-09 2.5361e-06 0.000421369 0.016096 0.141356 0.285403 0.133128 0.0314851 0.106292 0.149353 0.0575164 0.036835 0.0282658 0.00948558 0.00341114 0.000811681 0.000126207 1.14367e-05 5.16778e-07
#obs surv len freq
 8.68659e-40 4.25148e-33 4.78384e-27 1.23753e-21 7.36008e-17 1.00636e-12 3.16349e-09 2.28626e-06 0.000379866 0.0145104 0.12743 0.257289 0.120159 0.0322495 0.119431 0.167945 0.0649967 0.0426046 0.0332611 0.0124612 0.00527638 0.00159984 0.00035278 4.7627e-05 3.29107e-06
 1.03856e-39 5.08304e-33 5.71952e-27 1.47959e-21 8.79965e-17 1.20319e-12 3.78225e-09 2.73344e-06 0.000454165 0.0173485 0.152355 0.30761 0.143361 0.0305953 0.0941664 0.132214 0.0507988 0.032209 0.0249144 0.00899979 0.00364893 0.00106384 0.000226634 2.97959e-05 1.99426e-06
 9.6999e-40 4.74743e-33 5.34189e-27 1.3819e-21 8.21865e-17 1.12375e-12 3.53252e-09 2.55296e-06 0.000424178 0.0162031 0.142295 0.287301 0.134057 0.0328468 0.114032 0.16001 0.0578395 0.0259668 0.0189355 0.00662392 0.00257874 0.000718716 0.000145291 1.8307e-05 1.18626e-06
 1.05287e-39 5.15305e-33 5.79829e-27 1.49996e-21 8.92085e-17 1.21976e-12 3.83434e-09 2.77109e-06 0.00046042 0.0175875 0.154453 0.311847 0.145349 0.0313713 0.0976274 0.136959 0.0507045 0.0264665 0.0193631 0.00557672 0.00169613 0.000441016 8.43534e-05 1.0051e-05 6.20636e-07
 9.87503e-40 4.83314e-33 5.43833e-27 1.40684e-21 8.36703e-17 1.14404e-12 3.5963e-09 2.59905e-06 0.000431836 0.0164956 0.144864 0.292488 0.136456 0.0328875 0.112718 0.158125 0.0567561 0.0242015 0.0171954 0.00527887 0.0016749 0.000362167 5.56022e-05 6.03157e-06 3.5078e-07
 8.13641e-40 3.98221e-33 4.48085e-27 1.15915e-21 6.89391e-17 9.42618e-13 2.96313e-09 2.14146e-06 0.000355806 0.0135913 0.119359 0.240995 0.112722 0.0348118 0.139985 0.196675 0.0719575 0.0349467 0.0251678 0.0069907 0.00194273 0.000428985 6.2922e-05 5.60323e-06 2.77592e-07
 7.92933e-40 3.88086e-33 4.3668e-27 1.12965e-21 6.71845e-17 9.18627e-13 2.88771e-09 2.08696e-06 0.000346751 0.0132454 0.116321 0.234861 0.109841 0.0336039 0.13446 0.189144 0.072786 0.0464068 0.0350216 0.0102473 0.00301287 0.000612345 8.13432e-05 6.95162e-06 3.0421e-07
 1.33061e-39 6.51241e-33 7.32788e-27 1.89565e-21 1.12741e-16 1.54154e-12 4.84583e-09 3.50209e-06 0.000581878 0.022227 0.195197 0.394108 0.183233 0.0274593 0.0489526 0.0683185 0.0260436 0.0159011 0.0121262 0.00406371 0.00142939 0.000310188 4.17169e-05 3.29412e-06 1.33017e-07
 1.10554e-39 5.41086e-33 6.08839e-27 1.57501e-21 9.36717e-17 1.28079e-12 4.02618e-09 2.90973e-06 0.000483455 0.0184674 0.16218 0.327449 0.15261 0.0326515 0.100739 0.140985 0.0472217 0.00951054 0.00523918 0.00169154 0.000595556 0.000146948 2.31303e-05 1.93733e-06 7.6276e-08
 6.36684e-40 3.11613e-33 3.50631e-27 9.07051e-22 5.39457e-17 7.3761e-13 2.31868e-09 1.67572e-06 0.000278423 0.0106354 0.0934 0.188585 0.0886383 0.0387213 0.179647 0.252373 0.0888132 0.032238 0.0213224 0.00455054 0.000646102 0.000126749 2.07473e-05 1.98355e-06 8.69076e-08
 1.22973e-39 6.01866e-33 6.77229e-27 1.75193e-21 1.04194e-16 1.42466e-12 4.47844e-09 3.23657e-06 0.000537761 0.0205418 0.180398 0.364228 0.169434 0.0278559 0.0603798 0.0846389 0.0347496 0.0285145 0.0218124 0.00551879 0.00119639 0.000175938 1.37135e-05 1.00329e-06 4.65488e-08
 1.1823e-39 5.78655e-33 6.51112e-27 1.68437e-21 1.00176e-16 1.36972e-12 4.30572e-09 3.11176e-06 0.000517023 0.0197496 0.173441 0.350183 0.163068 0.0312498 0.085331 0.119312 0.0401898 0.0088693 0.00523265 0.00195605 0.000743895 0.000139172 1.33512e-05 6.91072e-07 1.8882e-08
 8.82432e-40 4.31889e-33 4.85969e-27 1.25716e-21 7.47677e-17 1.02231e-12 3.21365e-09 2.32251e-06 0.000385889 0.0147405 0.129451 0.261369 0.122175 0.0357002 0.139267 0.195345 0.0671648 0.0193312 0.0119643 0.00259132 0.000405729 9.09084e-05 1.42072e-05 9.69858e-07 2.67686e-08
 9.20308e-40 4.50427e-33 5.06828e-27 1.31112e-21 7.7977e-17 1.06619e-12 3.35159e-09 2.4222e-06 0.000402452 0.0153732 0.135007 0.272587 0.127268 0.0332285 0.120798 0.169657 0.0628155 0.0327634 0.0234921 0.00547606 0.00097644 0.000139689 1.20347e-05 9.35838e-07 3.66592e-08
 7.34785e-40 3.59627e-33 4.04657e-27 1.04681e-21 6.22578e-17 8.51263e-13 2.67595e-09 1.93392e-06 0.000321323 0.0122741 0.107791 0.21764 0.101976 0.0361859 0.155412 0.218376 0.0790024 0.035625 0.0254597 0.00744068 0.00211191 0.000351557 2.91464e-05 1.4641e-06 4.27668e-08
 1.12483e-39 5.50526e-33 6.19461e-27 1.60249e-21 9.53059e-17 1.30314e-12 4.09642e-09 2.96049e-06 0.00049189 0.0187896 0.16501 0.333161 0.155147 0.0298841 0.0821246 0.115191 0.0441848 0.0277409 0.0207408 0.00567101 0.00151215 0.000308838 3.73288e-05 2.19441e-06 5.46525e-08
 8.71781e-40 4.26677e-33 4.80103e-27 1.24198e-21 7.38653e-17 1.00997e-12 3.17486e-09 2.29448e-06 0.000381231 0.0145625 0.127888 0.258215 0.120716 0.0356843 0.140121 0.196555 0.0676461 0.0197258 0.0127542 0.00408759 0.00135266 0.00027252 3.36863e-05 2.4853e-06 8.09563e-08
 9.52577e-40 4.66221e-33 5.24599e-27 1.35709e-21 8.07111e-17 1.10358e-12 3.46911e-09 2.50713e-06 0.000416563 0.0159122 0.139741 0.282144 0.131669 0.0327704 0.115121 0.16165 0.059922 0.0314705 0.0225961 0.00530041 0.00103261 0.000217427 3.15235e-05 2.42705e-06 8.7651e-08
 1.00946e-39 4.94063e-33 5.55927e-27 1.43813e-21 8.5531e-17 1.16948e-12 3.67628e-09 2.65685e-06 0.00044144 0.0168624 0.148086 0.298992 0.139454 0.0326526 0.109323 0.153332 0.0549521 0.0231631 0.0163351 0.0047821 0.00136318 0.000232338 2.3059e-05 1.772e-06 7.07041e-08
 8.63575e-40 4.2266e-33 4.75584e-27 1.23029e-21 7.317e-17 1.00047e-12 3.14498e-09 2.27288e-06 0.000377643 0.0144255 0.126684 0.255784 0.119567 0.0350207 0.136803 0.19203 0.0681391 0.0265595 0.0182248 0.0048554 0.00124138 0.000252455 3.09761e-05 1.97616e-06 6.40143e-08
 1.11521e-39 5.45816e-33 6.14161e-27 1.58878e-21 9.44904e-17 1.29199e-12 4.06137e-09 2.93516e-06 0.000487681 0.0186288 0.163598 0.33031 0.153859 0.0306783 0.0878318 0.123126 0.0454887 0.0234409 0.0169306 0.0043714 0.00102993 0.000191399 2.28337e-05 1.68353e-06 5.72868e-08
 8.89298e-40 4.3525e-33 4.8975e-27 1.26694e-21 7.53495e-17 1.03027e-12 3.23866e-09 2.34058e-06 0.000388891 0.0148551 0.130458 0.263403 0.123101 0.0353405 0.136458 0.191416 0.0661612 0.0202096 0.0131068 0.00379057 0.00108386 0.000201129 2.19905e-05 1.51369e-06 5.32084e-08
 1.00192e-39 4.90372e-33 5.51774e-27 1.42739e-21 8.48921e-17 1.16075e-12 3.64881e-09 2.63701e-06 0.000438142 0.0167365 0.14698 0.296759 0.138407 0.0322715 0.10767 0.151107 0.0556313 0.0280583 0.0200363 0.00475879 0.000939185 0.000179764 2.26208e-05 1.55587e-06 5.10484e-08
 1.03491e-39 5.06517e-33 5.69942e-27 1.47439e-21 8.76872e-17 1.19896e-12 3.76895e-09 2.72383e-06 0.000452568 0.0172875 0.151819 0.30653 0.142935 0.0325607 0.106491 0.149292 0.052888 0.0203517 0.0140359 0.00402625 0.00111724 0.000190934 1.84907e-05 1.27058e-06 4.46809e-08
 8.73825e-40 4.27677e-33 4.81229e-27 1.24489e-21 7.40385e-17 1.01234e-12 3.18231e-09 2.29986e-06 0.000382125 0.0145967 0.128188 0.25882 0.120972 0.0350562 0.136104 0.191016 0.0673832 0.0250019 0.0168945 0.00433155 0.00102402 0.000201399 2.41723e-05 1.51855e-06 4.62194e-08
 9.24486e-40 4.52472e-33 5.09129e-27 1.31707e-21 7.8331e-17 1.07103e-12 3.36681e-09 2.4332e-06 0.000404279 0.0154429 0.13562 0.273824 0.127839 0.0331952 0.120222 0.168831 0.0623115 0.0319133 0.0229883 0.00583089 0.00131471 0.000233037 2.59196e-05 1.83515e-06 6.10519e-08
 9.71663e-40 4.75562e-33 5.3511e-27 1.38428e-21 8.23282e-17 1.12569e-12 3.53862e-09 2.55736e-06 0.00042491 0.016231 0.142541 0.287797 0.134293 0.0330497 0.115122 0.161532 0.0582232 0.0255839 0.0181658 0.00524659 0.00148698 0.000270267 2.81533e-05 1.82199e-06 6.04063e-08
 1.13028e-39 5.53191e-33 6.2246e-27 1.61024e-21 9.57673e-17 1.30944e-12 4.11625e-09 2.97482e-06 0.000494271 0.0188805 0.165809 0.334774 0.155937 0.0310675 0.0888624 0.124466 0.0444303 0.0181627 0.0126131 0.00340653 0.000889617 0.000180094 2.23934e-05 1.49202e-06 4.64208e-08
#pred catch len freq
 2.13909e-27 2.15648e-27 4.83814e-27 9.17177e-22 5.4548e-17 7.45846e-13 2.34458e-09 1.69443e-06 0.000281528 0.0107542 0.0944436 0.190688 0.0892313 0.0286124 0.117291 0.165363 0.068878 0.0597864 0.0527395 0.033259 0.026061 0.0204509 0.0190123 0.0164426 0.00670327
 2.13877e-27 2.15719e-27 4.98327e-27 9.6651e-22 5.7482e-17 7.85964e-13 2.47069e-09 1.78557e-06 0.00029667 0.0113326 0.0995235 0.200946 0.0941588 0.0335491 0.144345 0.203189 0.0789741 0.0527816 0.0416867 0.0169196 0.00913792 0.00531342 0.00382878 0.0028772 0.00113799
 2.13906e-27 2.15829e-27 5.1279e-27 1.01567e-21 6.04058e-17 8.25941e-13 2.59636e-09 1.87639e-06 0.00031176 0.011909 0.104586 0.211166 0.0988451 0.0325197 0.134982 0.190198 0.0773649 0.0616345 0.0486689 0.0169138 0.00674529 0.002343 0.00102457 0.000577729 0.00020838
 2.1391e-27 2.1584e-27 5.13771e-27 1.01898e-21 6.06027e-17 8.28633e-13 2.60482e-09 1.88251e-06 0.000312776 0.0119478 0.104927 0.211854 0.0991832 0.0330487 0.138004 0.194344 0.0772661 0.0566606 0.0450625 0.0174464 0.00731264 0.00198316 0.000466614 0.000139609 3.9486e-05
 2.13973e-27 2.15993e-27 5.2987e-27 1.07359e-21 6.38502e-17 8.73038e-13 2.74441e-09 1.98339e-06 0.000329537 0.0125881 0.110549 0.223206 0.104417 0.0326614 0.132219 0.186177 0.0742534 0.0550871 0.043519 0.016007 0.00661409 0.00191729 0.000386661 5.74578e-05 8.71603e-06
 2.13858e-27 2.15709e-27 4.99315e-27 9.69914e-22 5.76845e-17 7.88732e-13 2.47939e-09 1.79186e-06 0.000297715 0.0113725 0.0998741 0.201654 0.0945063 0.0340893 0.147431 0.207558 0.0809585 0.0548997 0.0429362 0.0157864 0.00642721 0.00179801 0.000360934 4.48803e-05 3.47976e-06
 2.13722e-27 2.15381e-27 4.65771e-27 8.5618e-22 5.09202e-17 6.96243e-13 2.18865e-09 1.58174e-06 0.000262804 0.0100389 0.0881626 0.178008 0.0835786 0.0341912 0.15518 0.218678 0.0875913 0.0660019 0.0517171 0.0176634 0.00668649 0.00183415 0.000357716 4.25908e-05 2.66423e-06
 2.14035e-27 2.16151e-27 5.47248e-27 1.13257e-21 6.7358e-17 9.21e-13 2.89518e-09 2.09235e-06 0.000347641 0.0132797 0.116623 0.235468 0.110043 0.0315145 0.121522 0.171205 0.0704117 0.0582566 0.046372 0.0165629 0.00641707 0.00164201 0.000298282 3.42194e-05 2.01744e-06
 2.14297e-27 2.16775e-27 6.10571e-27 1.34724e-21 8.01256e-17 1.09557e-12 3.44395e-09 2.48895e-06 0.000413536 0.0157968 0.138728 0.280098 0.130687 0.0318134 0.109894 0.15439 0.0587014 0.0354261 0.0275014 0.0106346 0.00447569 0.00119639 0.000215779 2.31578e-05 1.28972e-06
 2.13819e-27 2.15598e-27 4.85668e-27 9.23529e-22 5.49258e-17 7.51012e-13 2.36082e-09 1.70617e-06 0.000283477 0.0108286 0.0950977 0.192011 0.0901247 0.0361246 0.162763 0.22893 0.0852976 0.0462282 0.0346442 0.0116638 0.00443494 0.00128356 0.000253555 2.79054e-05 1.4996e-06
 2.13866e-27 2.15738e-27 5.03733e-27 9.84965e-22 5.85796e-17 8.00972e-13 2.51787e-09 1.81967e-06 0.000302335 0.011549 0.101424 0.204782 0.0958987 0.0326485 0.137694 0.194112 0.0801017 0.0669172 0.0522085 0.0157788 0.00505411 0.00126201 0.000235672 2.77553e-05 1.56685e-06
 2.14292e-27 2.16766e-27 6.10244e-27 1.34616e-21 8.00611e-17 1.09469e-12 3.44118e-09 2.48695e-06 0.000413203 0.0157841 0.138617 0.279873 0.130564 0.0313111 0.106896 0.150258 0.0585191 0.0394358 0.0309353 0.0116155 0.00456733 0.00103276 0.000158125 1.65849e-05 9.39961e-07
 2.14049e-27 2.16157e-27 5.44024e-27 1.12145e-21 6.66967e-17 9.11959e-13 2.86675e-09 2.07181e-06 0.000344228 0.0131493 0.115478 0.233157 0.109102 0.0349089 0.14294 0.200853 0.0735516 0.0359791 0.0266109 0.00920568 0.00355793 0.000975254 0.000169695 1.58004e-05 7.72579e-07
 2.13887e-27 2.15772e-27 5.05244e-27 9.8999e-22 5.88785e-17 8.05058e-13 2.53071e-09 1.82895e-06 0.000303878 0.0116079 0.101941 0.205827 0.0964492 0.0344421 0.148328 0.208794 0.0811112 0.0539434 0.0408432 0.0117742 0.00355279 0.000896632 0.000164673 1.76213e-05 8.64324e-07
 2.13819e-27 2.15612e-27 4.88906e-27 9.34596e-22 5.5584e-17 7.60012e-13 2.38911e-09 1.72661e-06 0.000286874 0.0109584 0.0962373 0.194311 0.0911262 0.0344723 0.151983 0.214011 0.083797 0.0576972 0.0445123 0.014492 0.00490121 0.00104303 0.000152559 1.56967e-05 8.34349e-07
 2.13933e-27 2.15892e-27 5.18542e-27 1.03513e-21 6.15632e-17 8.41766e-13 2.6461e-09 1.91235e-06 0.000317734 0.0121372 0.10659 0.215212 0.100752 0.033492 0.139699 0.196684 0.0775189 0.054838 0.0424901 0.0139984 0.0049256 0.00115538 0.000172213 1.48502e-05 6.9524e-07
 2.14039e-27 2.1614e-27 5.43308e-27 1.11907e-21 6.65554e-17 9.10026e-13 2.86068e-09 2.06742e-06 0.000343499 0.0131214 0.115233 0.232663 0.108838 0.033966 0.137333 0.193127 0.0732421 0.0435769 0.032994 0.0107623 0.00375239 0.00089198 0.000140477 1.27245e-05 5.5377e-07
 2.13922e-27 2.15855e-27 5.13555e-27 1.01816e-21 6.05539e-17 8.27966e-13 2.60272e-09 1.881e-06 0.000312525 0.0119382 0.104842 0.211684 0.0991627 0.0345986 0.147518 0.207558 0.0793736 0.0491683 0.0372413 0.0116506 0.00387 0.0009191 0.000146949 1.38206e-05 6.29512e-07
 2.14022e-27 2.16103e-27 5.39934e-27 1.10765e-21 6.58761e-17 9.00738e-13 2.83148e-09 2.04632e-06 0.000339993 0.0129875 0.114057 0.230288 0.107726 0.0336078 0.135862 0.191146 0.0738274 0.0478817 0.0364313 0.0112514 0.00363325 0.000820638 0.000125078 1.17442e-05 5.48295e-07
 2.13956e-27 2.15938e-27 5.22023e-27 1.04687e-21 6.22615e-17 8.51315e-13 2.67612e-09 1.93404e-06 0.000321338 0.0122749 0.107799 0.217653 0.101921 0.0345686 0.145536 0.204715 0.077692 0.0463838 0.0350727 0.0112628 0.00380718 0.000854292 0.000125551 1.12297e-05 5.11671e-07
 2.14001e-27 2.16052e-27 5.34761e-27 1.09011e-21 6.48331e-17 8.86477e-13 2.78665e-09 2.01392e-06 0.00033461 0.0127819 0.112251 0.226642 0.10604 0.0335876 0.136838 0.192555 0.0747681 0.049652 0.0379059 0.0117572 0.0038452 0.000891143 0.000135551 1.19502e-05 5.23111e-07
 2.14044e-27 2.16153e-27 5.44724e-27 1.12387e-21 6.68411e-17 9.13933e-13 2.87296e-09 2.0763e-06 0.000344973 0.0131778 0.115728 0.233661 0.109297 0.0339088 0.136683 0.192214 0.0729801 0.0436686 0.0330556 0.0106827 0.0036401 0.000821769 0.000122721 1.10794e-05 4.89357e-07
 2.13951e-27 2.15925e-27 5.20757e-27 1.04258e-21 6.20063e-17 8.47826e-13 2.66515e-09 1.92611e-06 0.000320021 0.0122246 0.107357 0.216761 0.101507 0.0345202 0.145509 0.204698 0.0779878 0.0474462 0.0358315 0.0111581 0.00367495 0.000858324 0.000131868 1.17629e-05 5.20273e-07
 2.1405e-27 2.16172e-27 5.47359e-27 1.13284e-21 6.73743e-17 9.21223e-13 2.89588e-09 2.09286e-06 0.000347725 0.0132829 0.116651 0.235525 0.110136 0.0332944 0.13237 0.186233 0.0722034 0.0476308 0.0363504 0.0113133 0.00368872 0.000833301 0.000125832 1.14858e-05 5.13097e-07
 2.13976e-27 2.15986e-27 5.2709e-27 1.06405e-21 6.32833e-17 8.65287e-13 2.72004e-09 1.96578e-06 0.000326612 0.0124763 0.109568 0.221225 0.10357 0.0344902 0.143981 0.202503 0.0766371 0.0451191 0.0341167 0.0111323 0.003841 0.000871533 0.000129242 1.15175e-05 5.14693e-07
 2.1388e-27 2.15758e-27 5.03953e-27 9.85623e-22 5.86187e-17 8.01507e-13 2.51955e-09 1.82088e-06 0.000302537 0.0115567 0.101492 0.204919 0.0960239 0.0342949 0.147703 0.207928 0.0809886 0.054515 0.0417208 0.0130344 0.0043221 0.00102285 0.000159417 1.42461e-05 6.25479e-07
 2.13934e-27 2.15891e-27 5.18076e-27 1.03353e-21 6.14681e-17 8.40466e-13 2.64202e-09 1.90939e-06 0.000317243 0.0121185 0.106425 0.214879 0.100611 0.0338388 0.141916 0.199758 0.0779084 0.0527535 0.0405923 0.0131691 0.00451195 0.00102699 0.000156122 1.44271e-05 6.49288e-07
 2.13946e-27 2.15923e-27 5.21747e-27 1.046e-21 6.22094e-17 8.50603e-13 2.67388e-09 1.93242e-06 0.000321069 0.0122646 0.107709 0.217471 0.101797 0.0334998 0.139066 0.195766 0.0768356 0.0534443 0.0414434 0.0139512 0.0050311 0.00119623 0.000185729 1.68138e-05 7.59253e-07
#obs catch len freq
 4.10564e-40 2.00943e-33 2.26104e-27 5.84909e-22 3.47867e-17 4.75646e-13 1.4952e-09 1.08058e-06 0.00017954 0.00685821 0.0602288 0.121612 0.0575698 0.0359001 0.182609 0.257451 0.102693 0.0762634 0.0607263 0.0235852 0.0103218 0.00317768 0.000715839 9.98165e-05 7.17093e-06
 4.22433e-40 2.06752e-33 2.3264e-27 6.01818e-22 3.57924e-17 4.89396e-13 1.53842e-09 1.11182e-06 0.000184731 0.00705647 0.0619699 0.125128 0.0592114 0.0363371 0.184217 0.259636 0.102373 0.0726248 0.0572448 0.0214735 0.00909568 0.00275307 0.000605818 8.16521e-05 5.63515e-06
 5.77211e-40 2.82505e-33 3.17879e-27 8.22323e-22 4.89066e-17 6.68709e-13 2.10209e-09 1.51919e-06 0.000252415 0.00964193 0.0846755 0.170969 0.0803602 0.0351476 0.16314 0.229774 0.0897999 0.0613955 0.0479423 0.0173323 0.00702761 0.00204513 0.00043473 5.7057e-05 3.81402e-06
 5.22737e-40 2.55844e-33 2.87879e-27 7.44716e-22 4.42911e-17 6.056e-13 1.90371e-09 1.37582e-06 0.000228594 0.00873198 0.0766843 0.154836 0.0730239 0.0384097 0.187916 0.264295 0.096565 0.0465657 0.0344106 0.0120429 0.00468667 0.0013037 0.000262942 3.30723e-05 2.1402e-06
 6.06194e-40 2.9669e-33 3.3384e-27 8.63614e-22 5.13623e-17 7.02287e-13 2.20765e-09 1.59547e-06 0.00026509 0.0101261 0.0889273 0.179554 0.0843856 0.036655 0.169755 0.238835 0.0895137 0.050049 0.0370098 0.0106609 0.00324045 0.000840907 0.000160461 1.90848e-05 1.17686e-06
 5.47974e-40 2.68195e-33 3.01778e-27 7.80671e-22 4.64294e-17 6.34838e-13 1.99562e-09 1.44224e-06 0.00023963 0.00915356 0.0803865 0.162311 0.0764872 0.0386093 0.186882 0.262773 0.0951985 0.0433596 0.0312107 0.00958176 0.00303802 0.000655811 0.000100413 1.08706e-05 6.31315e-07
 4.07613e-40 1.99498e-33 2.24479e-27 5.80704e-22 3.45367e-17 4.72227e-13 1.48445e-09 1.07281e-06 0.00017825 0.0068089 0.0597958 0.120739 0.0573109 0.0397604 0.206439 0.290514 0.107385 0.0555227 0.0404116 0.0112222 0.00311498 0.000686556 0.000100461 8.92879e-06 4.41618e-07
 3.95769e-40 1.93701e-33 2.17956e-27 5.63831e-22 3.35332e-17 4.58505e-13 1.44131e-09 1.04164e-06 0.00017307 0.00661106 0.0580583 0.117231 0.0556094 0.037641 0.194559 0.274157 0.106902 0.07226 0.054926 0.0160615 0.00471559 0.000956724 0.000126752 1.08111e-05 4.72401e-07
 9.82786e-40 4.81006e-33 5.41235e-27 1.40012e-21 8.32706e-17 1.13858e-12 3.57912e-09 2.58664e-06 0.000429774 0.0164168 0.144172 0.291091 0.135748 0.0312388 0.103074 0.144814 0.0558708 0.0360819 0.0277153 0.00927872 0.00325849 0.000705813 9.46869e-05 7.46279e-06 3.00878e-07
 6.93211e-40 3.39279e-33 3.81762e-27 9.87583e-22 5.87352e-17 8.03098e-13 2.52455e-09 1.82449e-06 0.000303142 0.0115796 0.101693 0.205327 0.0964024 0.0393529 0.178456 0.250402 0.0840992 0.0177069 0.00999231 0.00322419 0.00113282 0.000278896 4.37953e-05 3.66196e-06 1.43972e-07
 3.00984e-40 1.47311e-33 1.65757e-27 4.28797e-22 2.55022e-17 3.48696e-13 1.09613e-09 7.92175e-07 0.000131621 0.00502775 0.0441537 0.0891594 0.0428482 0.0434196 0.238295 0.335083 0.118625 0.0453117 0.0303411 0.00647404 0.000916836 0.000179316 2.92724e-05 2.79359e-06 1.22243e-07
 8.5411e-40 4.18028e-33 4.70372e-27 1.21681e-21 7.23681e-17 9.89503e-13 3.11051e-09 2.24797e-06 0.000373504 0.0142674 0.125296 0.25298 0.118127 0.0311884 0.114254 0.160965 0.0669952 0.0574645 0.0441379 0.0111547 0.00241152 0.000354126 2.75166e-05 2.00659e-06 9.29479e-08
 7.95831e-40 3.89504e-33 4.38276e-27 1.13378e-21 6.74301e-17 9.21985e-13 2.89827e-09 2.09458e-06 0.000348018 0.0132938 0.116747 0.235721 0.110381 0.0374174 0.15748 0.220905 0.0746173 0.0171559 0.0103183 0.00385117 0.00146161 0.00027303 2.61286e-05 1.34993e-06 3.68061e-08
 4.84124e-40 2.36945e-33 2.66614e-27 6.89706e-22 4.10194e-17 5.60866e-13 1.76309e-09 1.27419e-06 0.000211708 0.00808697 0.0710198 0.143401 0.0678629 0.0417618 0.211826 0.297582 0.102748 0.0309829 0.0194695 0.00421593 0.000658063 0.000146982 2.29231e-05 1.56281e-06 4.30786e-08
 5.16223e-40 2.52656e-33 2.84292e-27 7.35437e-22 4.37392e-17 5.98054e-13 1.87999e-09 1.35867e-06 0.000225745 0.00862318 0.0757288 0.152907 0.0721231 0.0381721 0.187049 0.263219 0.0983001 0.0538337 0.0388946 0.00906008 0.00161131 0.000230132 1.97616e-05 1.5324e-06 5.99592e-08
 3.73305e-40 1.82707e-33 2.05585e-27 5.31828e-22 3.16298e-17 4.32481e-13 1.35951e-09 9.82518e-07 0.000163247 0.00623582 0.0547629 0.110578 0.0526524 0.0408027 0.215864 0.303697 0.110633 0.0522672 0.0376731 0.0109941 0.0031125 0.000517363 4.27843e-05 2.14431e-06 6.25018e-08
 7.22648e-40 3.53686e-33 3.97973e-27 1.02952e-21 6.12293e-17 8.372e-13 2.63175e-09 1.90197e-06 0.000316015 0.0120714 0.106011 0.214044 0.100242 0.0342773 0.144845 0.203858 0.0790162 0.0520182 0.0391224 0.0106833 0.00284067 0.000578912 6.98058e-05 4.09748e-06 1.01901e-07
 4.76076e-40 2.33006e-33 2.62182e-27 6.7824e-22 4.03375e-17 5.51542e-13 1.73378e-09 1.25301e-06 0.000208189 0.00795254 0.0698392 0.141017 0.0667546 0.0415964 0.211535 0.297183 0.10271 0.0313657 0.0205799 0.00658698 0.00217469 0.000437297 5.39043e-05 3.9695e-06 1.29145e-07
 5.46113e-40 2.67284e-33 3.00753e-27 7.78018e-22 4.62717e-17 6.32681e-13 1.98884e-09 1.43734e-06 0.000238816 0.00912246 0.0801134 0.161759 0.0761993 0.0377319 0.181693 0.255667 0.0955904 0.0526836 0.0381103 0.0089328 0.00173489 0.000364299 5.26854e-05 4.04927e-06 1.46021e-07
 6.00319e-40 2.93814e-33 3.30605e-27 8.55243e-22 5.08645e-17 6.9548e-13 2.18625e-09 1.58001e-06 0.00026252 0.0100279 0.0880653 0.177814 0.0836362 0.0381187 0.179214 0.25193 0.0908919 0.0402085 0.0286299 0.00837057 0.00238044 0.000405089 4.00789e-05 3.07221e-06 1.22412e-07
 4.69877e-40 2.29972e-33 2.58768e-27 6.69409e-22 3.98123e-17 5.44361e-13 1.7112e-09 1.23669e-06 0.000205478 0.00784899 0.0689298 0.139181 0.0658622 0.0404358 0.205003 0.288219 0.102888 0.0420625 0.0291671 0.00776238 0.00197901 0.000401577 4.91537e-05 3.13032e-06 1.01214e-07
 7.13895e-40 3.49402e-33 3.93153e-27 1.01705e-21 6.04877e-17 8.2706e-13 2.59987e-09 1.87893e-06 0.000312187 0.0119251 0.104727 0.211452 0.0990948 0.0356408 0.15395 0.216482 0.080641 0.0435697 0.0317041 0.00817687 0.001921 0.000356228 4.23753e-05 3.11815e-06 1.05961e-07
 4.91586e-40 2.40597e-33 2.70724e-27 7.00337e-22 4.16517e-17 5.69511e-13 1.79026e-09 1.29383e-06 0.000214971 0.00821162 0.0721145 0.145611 0.0688651 0.0412422 0.207988 0.292219 0.101452 0.0324533 0.0213405 0.00616471 0.00175831 0.000325691 3.55107e-05 2.43915e-06 8.56043e-08
 5.93631e-40 2.90541e-33 3.26922e-27 8.45715e-22 5.02978e-17 6.87732e-13 2.16189e-09 1.5624e-06 0.000259596 0.00991622 0.0870843 0.175833 0.0826924 0.0373744 0.175268 0.246549 0.0915101 0.048418 0.0348443 0.00826917 0.00162709 0.000310663 3.89915e-05 2.67705e-06 8.76958e-08
 6.28138e-40 3.0743e-33 3.45925e-27 8.94876e-22 5.32216e-17 7.27709e-13 2.28756e-09 1.65323e-06 0.000274686 0.0104926 0.0921464 0.186054 0.0874488 0.0382065 0.177267 0.249102 0.0887631 0.0357976 0.0249479 0.0071472 0.00197825 0.000337536 3.25913e-05 2.23416e-06 7.84512e-08
 4.7754e-40 2.33723e-33 2.62988e-27 6.80326e-22 4.04615e-17 5.53239e-13 1.73911e-09 1.25686e-06 0.000208829 0.00797699 0.070054 0.14145 0.0669182 0.0406169 0.205425 0.288767 0.102452 0.0398828 0.0272547 0.00698153 0.0016459 0.000322996 3.86713e-05 2.42522e-06 7.36891e-08
 5.22925e-40 2.55935e-33 2.87983e-27 7.44984e-22 4.4307e-17 6.05818e-13 1.90439e-09 1.37631e-06 0.000228676 0.00873512 0.0767118 0.154892 0.0730392 0.038133 0.186211 0.262012 0.0974928 0.0523409 0.0379856 0.00962479 0.00216389 0.000382767 4.24496e-05 2.9993e-06 9.96443e-08
 5.66945e-40 2.7748e-33 3.12225e-27 8.07697e-22 4.80368e-17 6.56816e-13 2.06471e-09 1.49217e-06 0.000247926 0.00947045 0.0831695 0.16793 0.0790756 0.0383651 0.183698 0.258293 0.0937308 0.0431579 0.0309163 0.00891668 0.00252044 0.000457281 4.75026e-05 3.06765e-06 1.01538e-07
#spawning biomass
 4491.68 2948.22 3377.74 4044.86 5024.36 6252.87 6557.28 5678.59 6803.52 13925.5 15631.5 14247.4 23629.7 32388 30033.5 24954.8 19578 23492.2 21122 21929.7 23421.4 23111.3 26605.7 27336.1 29908.1 35048.9 30136.1 32158 41520.4 79842 96217 81707.5 65376.2 54029.6 47034.8 42962.5 40672.2 39412.4 38729.8 38363.6 38168.6 38065.1 38010.4 37981.5 37966.3 37958.4 37954.2 37952 37950.9 37950.3 37949.9 37949.8 37949.7 37949.6 37949.6 37949.6 37949.6 37949.6 37949.6 37949.6 37949.6 37949.6 37949.6 37949.6 37949.6 37949.6 37949.6 37949.6 37949.6 37949.6 37949.6 37949.6 37949.6 37949.6 37949.6 37949.6 37949.6 37949.6 37949.6 37949.6 37949.6 37949.6 37949.6 37949.6 37949.6 37949.6 37949.6 37949.6 37949.6 37949.6 37949.6 37949.6 37949.6 37949.6 37949.6 37949.6 37949.6 37949.6 37949.6 37949.6 37949.6 37949.6 37949.6 37949.6 37949.6 37949.6 37949.6 37949.6 37949.6 37949.6 37949.6 37949.6 37949.6 37949.6 37949.6 37949.6 37949.6 37949.6 37949.6 37949.6 37949.6 37949.6 37949.6 37949.6 37949.6 37949.6 37949.6 37949.6 0 0 0 0 0 0 0 0 0 0 0 0 0 0 0 0 0 0 0 0 0 0 0 0 0
