SBPRF35
0.18548
Curr Bio
169703
B35
186270
F35
0.862652
FOFL
0.81752
OFL
50570
Bzero
52994.1
#pred survey bio
 13787.1 14502.3 15127.1 17292.9 19526.8 23354.1 25661.5 31446.6 41894.8 54965.7 64489 76562.2 110838 132158 129154 104698 99750 97870.9 96303.2 89645.1 98650.4 99073.8 102998 112618 113220 119408 112725 113810 4.22494e+06 3.23181e+06 1.8411e+06 1.04798e+06 689340 531126 457410 419921 399251 387207 379973 375567 372869 371216 370198 369567 369189 368962 368826 368743 368694 368664 368646 368635 368628 368624 368622 368620 368619 368619 368619 368618 368618 368618 368618 368618 368618 368618 368618 368618 368618 368618 368618 368618 368618 368618 368618 368618 368618 368618 368618 368618 368618 368618 368618 368618 368618 368618 368618 368618 368618 368618 368618 368618 368618 368618 368618 368618 368618 368618 368618 368618 368618 368618 368618 368618 368618 368618 368618 368618 368618 368618 368618 368618 368618 368618 368618 368618 368618 368618 368618 368618 368618 368618 368618 368618 368618 368618 368618 368618 0 0 0 0 0 0 0 0 0 0 0 0 0 0 0 0 0 0 0 0 0 0 0 0 0
#obs survey bio
 12355.6 12399.9 15065.4 17060 14129 26047.8 17788 31893.7 51051.6 44868.4 68814.1 114162 122637 126458 131588 96991 101366 94607.9 115170 78840.3 89372.1 98481.5 85661.5 110574 193672 118624 128401 108065
#pred catch bio
 5693.08 7101.21 7278.53 9395.1 10831.5 13860.4 15187.3 20215.5 27790.7 37968.5 46257.6 52392.1 83550.6 98401.8 101963 82804.2 82229.5 79884.7 83413.6 74589.4 87349.3 88464.5 92270.3 105255 101841 111523 102155 99514.4 50570 71726.8 33920.9 16517.4 9960.89 7763.22 7079.92 6878.09 6820.61 6804.66 6800.33 6799.16 6798.86 6798.78 6798.75 6798.75 6798.75 6798.75 6798.75 6798.75 6798.75 6798.75 6798.75 6798.75 6798.75 6798.75 6798.75 6798.75 6798.75 6798.75 6798.75 6798.75 6798.75 6798.75 6798.75 6798.75 6798.75 6798.75 6798.75 6798.75 6798.75 6798.75 6798.75 6798.75 6798.75 6798.75 6798.75 6798.75 6798.75 6798.75 6798.75 6798.75 6798.75 6798.75 6798.75 6798.75 6798.75 6798.75 6798.75 6798.75 6798.75 6798.75 6798.75 6798.75 6798.75 6798.75 6798.75 6798.75 6798.75 6798.75 6798.75 6798.75 6798.75 6798.75 6798.75 6798.75 6798.75 6798.75 6798.75 6798.75 6798.75 6798.75 6798.75 6798.75 6798.75 6798.75 6798.75 6798.75 6798.75 6798.75 6798.75 6798.75 6798.75 6798.75 6798.75 6798.75 6798.75 6798.75 6798.75 6798.75 0 0 0 0 0 0 0 0 0 0 0 0 0 0 0 0 0 0 0 0 0 0 0 0 0
#obs catch bio
 6933.14 7277.19 7394.3 9631.66 11067.9 14086.8 15260.9 20405.6 27308.5 37876.1 45794.4 51660.5 81567 97961.8 102827 83773.2 81808 78892.2 81981.5 73880.7 85901 86588.2 90971.9 103295 95508.3 108527 99231.1 99252.7
#pred cpue bio
 13076.3 13497.8 13916.1 15902 17513.5 21218.5 23270.7 27464.4 36285.1 48142.1 57250.4 65409 94237.1 116712 118013 93546.3 86979.4 85713.3 84496.9 77010.3 84513.8 84667.9 86918.2 94770.3 95665.3 101443 96150.9 96440.5 3.63123e+06 3.36571e+06 1.8276e+06 1.03e+06 671244 513027 439310 401821 381150 369107 361873 357467 354769 353116 352098 351467 351089 350862 350726 350643 350594 350564 350546 350535 350528 350524 350522 350520 350519 350519 350518 350518 350518 350518 350518 350518 350518 350518 350518 350518 350518 350518 350518 350518 350518 350518 350518 350518 350518 350518 350518 350518 350518 350518 350518 350518 350518 350518 350518 350518 350518 350518 350518 350518 350518 350518 350518 350518 350518 350518 350518 350518 350518 350518 350518 350518 350518 350518 350518 350518 350518 350518 350518 350518 350518 350518 350518 350518 350518 350518 350518 350518 350518 350518 350518 350518 350518 350518 350518 350518 0 0 0 0 0 0 0 0 0 0 0 0 0 0 0 0 0 0 0 0 0 0 0 0 0
#obs cpue bio
 10853.5 9571.98 9412.59 13246.4 15515 17069.2 35396.7 22831.3 48703.7 50019.5 69987.4 58946 116853 104980 104794 88078.7 92564.5 111324 99397.4 90247.6 131016 121754 121647 142828 188621 118855 138559 102378
#pred surv len freq
 2.56151e-27 2.58368e-27 2.88009e-26 5.53577e-20 1.35703e-14 4.02112e-10 1.4403e-06 0.000623594 0.0326366 0.206469 0.158337 0.0428314 0.214768 0.198161 0.0409509 0.0438226 0.0180839 0.012972 0.0077949 0.00582707 0.00451912 0.00387647 0.00386604 0.00341744 0.00104218
 2.56241e-27 2.5865e-27 3.15998e-26 6.12634e-20 1.5018e-14 4.45009e-10 1.59395e-06 0.000690119 0.0361183 0.228495 0.175102 0.0394962 0.17761 0.164722 0.0505684 0.0740942 0.0259948 0.0121683 0.00552153 0.00315099 0.00199355 0.00146217 0.0012904 0.00114015 0.000380946
 2.56338e-27 2.58889e-27 3.34582e-26 6.51827e-20 1.59788e-14 4.73479e-10 1.69592e-06 0.00073427 0.038429 0.243113 0.186294 0.0413813 0.184092 0.170075 0.040108 0.0490705 0.0211956 0.01569 0.00558382 0.00205761 0.000895836 0.000502634 0.000366499 0.000303907 0.000105115
 2.56341e-27 2.58889e-27 3.33894e-26 6.50373e-20 1.59431e-14 4.72423e-10 1.69214e-06 0.000732632 0.0383433 0.242571 0.185889 0.0419387 0.188619 0.174247 0.040802 0.0494196 0.0184824 0.0104987 0.00506514 0.0023144 0.000635419 0.000218421 0.000113439 8.08095e-05 2.7658e-05
 2.56498e-27 2.59303e-27 3.69293e-26 7.25047e-20 1.77736e-14 5.26665e-10 1.88643e-06 0.00081675 0.0427458 0.270422 0.207154 0.04184 0.172927 0.159603 0.0352752 0.0404557 0.0150623 0.00832173 0.00325307 0.00141025 0.000526093 0.000126056 3.51606e-05 1.80882e-05 5.79971e-06
 2.56428e-27 2.59101e-27 3.502e-26 6.84764e-20 1.67862e-14 4.97404e-10 1.78162e-06 0.000771373 0.0403709 0.255398 0.195707 0.0433857 0.192733 0.177694 0.0351288 0.0355193 0.0128236 0.00654696 0.00251693 0.000978735 0.00031343 8.99461e-05 1.67449e-05 4.42021e-06 1.18853e-06
 2.56437e-27 2.59126e-27 3.52481e-26 6.89576e-20 1.69041e-14 5.009e-10 1.79414e-06 0.000776794 0.0406546 0.257192 0.197074 0.0431995 0.190355 0.175562 0.0359041 0.0377866 0.0129312 0.00554349 0.00200623 0.000731264 0.000214784 5.39799e-05 1.03235e-05 1.45656e-06 2.49231e-07
 2.56641e-27 2.59676e-27 4.00832e-26 7.91574e-20 1.94045e-14 5.7499e-10 2.05952e-06 0.000891692 0.046668 0.295234 0.226104 0.0420176 0.160966 0.148388 0.0301224 0.0314362 0.0109306 0.00492152 0.00163251 0.000510802 0.000137698 3.13007e-05 5.34531e-06 6.08967e-07 5.39913e-08
 2.56686e-27 2.59782e-27 4.08598e-26 8.07952e-20 1.9806e-14 5.86886e-10 2.10213e-06 0.000910141 0.0476335 0.301343 0.230785 0.0431138 0.166018 0.152763 0.0256898 0.0201892 0.00696551 0.0031048 0.00105584 0.000331545 7.67609e-05 1.53744e-05 2.32332e-06 2.28621e-07 1.29797e-08
 2.56632e-27 2.59633e-27 3.9509e-26 7.79455e-20 1.91074e-14 5.66187e-10 2.02799e-06 0.00087804 0.0459535 0.290714 0.22268 0.0437783 0.17677 0.162651 0.0268633 0.020339 0.00643885 0.00200993 0.000656729 0.000206417 4.85335e-05 8.65416e-06 1.11434e-06 9.46082e-08 4.21877e-09
 2.56565e-27 2.59449e-27 3.78763e-26 7.45012e-20 1.82631e-14 5.41167e-10 1.93837e-06 0.00083924 0.0439228 0.277868 0.212879 0.0442735 0.187425 0.172486 0.0286586 0.0219557 0.00689823 0.00204799 0.000572646 0.000134849 3.06386e-05 5.48043e-06 6.34712e-07 4.51948e-08 1.68404e-09
 2.56746e-27 2.59944e-27 4.22661e-26 8.37618e-20 2.05332e-14 6.08435e-10 2.17931e-06 0.00094356 0.0493825 0.312407 0.23923 0.0428559 0.158123 0.145472 0.0243327 0.0188892 0.00595128 0.00179016 0.000493491 0.000105887 1.82963e-05 2.83376e-06 3.21895e-07 2.04238e-08 6.33613e-10
 2.56768e-27 2.59999e-27 4.27138e-26 8.47062e-20 2.07647e-14 6.15295e-10 2.20388e-06 0.000954197 0.0499392 0.315929 0.241923 0.0430676 0.157842 0.145132 0.0228109 0.0155013 0.00488573 0.0014927 0.000414134 8.93544e-05 1.45124e-05 1.78042e-06 1.64906e-07 9.88457e-09 2.69724e-10
 2.56596e-27 2.59524e-27 3.8437e-26 7.56836e-20 1.85529e-14 5.49756e-10 1.96913e-06 0.00085256 0.0446199 0.282278 0.216257 0.0449451 0.190161 0.174822 0.025632 0.0144516 0.00441877 0.00116041 0.000317325 6.9439e-05 1.13578e-05 1.33005e-06 9.91957e-08 4.78613e-09 1.1915e-10
 2.56408e-27 2.5902e-27 3.40328e-26 6.63928e-20 1.62754e-14 4.82269e-10 1.72741e-06 0.000747901 0.0391424 0.247626 0.18981 0.0457619 0.214959 0.197832 0.0320174 0.0232134 0.00693781 0.00148902 0.000375663 7.24537e-05 1.1759e-05 1.38964e-06 9.87607e-08 3.86565e-09 7.77522e-11
 2.56531e-27 2.59357e-27 3.70569e-26 7.27726e-20 1.78393e-14 5.28611e-10 1.8934e-06 0.000819768 0.0429037 0.271421 0.20796 0.0445548 0.193021 0.177647 0.0295014 0.0225752 0.00703187 0.00197818 0.000492991 7.87398e-05 1.12257e-05 1.24069e-06 8.83131e-08 3.2609e-09 5.35814e-11
 2.56655e-27 2.5969e-27 3.99657e-26 7.89088e-20 1.93435e-14 5.73184e-10 2.05305e-06 0.000888892 0.0465214 0.294307 0.225428 0.0440436 0.176858 0.162644 0.0252685 0.0166975 0.00524352 0.00157411 0.000426609 8.45754e-05 1.1045e-05 1.01949e-06 6.57001e-08 2.38124e-09 3.64824e-11
 2.56637e-27 2.59634e-27 3.9403e-26 7.77215e-20 1.90525e-14 5.64559e-10 2.02216e-06 0.000875517 0.0458214 0.289879 0.222058 0.0447665 0.184727 0.169781 0.0242872 0.0126513 0.00384216 0.000978088 0.00026472 5.66879e-05 8.71696e-06 8.53299e-07 4.61932e-08 1.48066e-09 2.18107e-11
 2.56628e-27 2.59609e-27 3.919e-26 7.72722e-20 1.89424e-14 5.61296e-10 2.01047e-06 0.000870456 0.0455565 0.288203 0.220778 0.0447269 0.185325 0.170364 0.0249576 0.0140251 0.00412862 0.000817112 0.000201208 3.77086e-05 5.99711e-06 6.71333e-07 4.02857e-08 1.13513e-09 1.46295e-11
 2.56726e-27 2.59874e-27 4.15107e-26 8.21678e-20 2.01424e-14 5.96857e-10 2.13784e-06 0.000925603 0.0484427 0.306462 0.234712 0.0442087 0.171591 0.157647 0.0218988 0.0102534 0.00303186 0.000646748 0.000151566 2.24666e-05 3.09116e-06 3.31761e-07 2.23059e-08 6.95883e-10 8.21519e-12
 2.56737e-27 2.59906e-27 4.18008e-26 8.27798e-20 2.02925e-14 6.01302e-10 2.15376e-06 0.000932497 0.0488035 0.308745 0.236453 0.0440792 0.169383 0.155623 0.0217762 0.0104793 0.00303745 0.000540248 0.000124238 1.9301e-05 2.30675e-06 1.99568e-07 1.23706e-08 4.20019e-10 5.42799e-12
 2.56749e-27 2.59934e-27 4.2022e-26 8.32463e-20 2.04068e-14 6.04691e-10 2.1659e-06 0.000937752 0.0490786 0.310485 0.237784 0.0442741 0.169931 0.156064 0.0207053 0.0079272 0.00228729 0.000417211 9.2677e-05 1.23249e-05 1.46797e-06 1.19746e-07 5.95571e-09 1.81083e-10 2.47717e-12
 2.56801e-27 2.60077e-27 4.32922e-26 8.59259e-20 2.10637e-14 6.24155e-10 2.23562e-06 0.000967938 0.0506584 0.320479 0.245409 0.0438459 0.161315 0.148127 0.0195307 0.00724441 0.0020461 0.000301168 6.37582e-05 8.56931e-06 9.32935e-07 6.92365e-08 3.2821e-09 8.23504e-11 9.93691e-13
 2.56813e-27 2.60108e-27 4.3557e-26 8.64845e-20 2.12006e-14 6.28212e-10 2.25015e-06 0.00097423 0.0509877 0.322562 0.246999 0.043816 0.159971 0.146874 0.0190912 0.00655772 0.00184236 0.00026325 5.30894e-05 5.89322e-06 6.13353e-07 4.35484e-08 1.84955e-09 4.30442e-11 4.40089e-13
 2.56797e-27 2.60062e-27 4.31336e-26 8.55912e-20 2.09817e-14 6.21724e-10 2.22691e-06 0.000964167 0.050461 0.319231 0.24446 0.0441188 0.164058 0.150604 0.0189867 0.00538078 0.00149086 0.000199069 3.91289e-05 4.18454e-06 3.89292e-07 2.39136e-08 9.65682e-10 2.03639e-11 1.88915e-13
 2.56774e-27 2.60002e-27 4.26086e-26 8.44837e-20 2.07102e-14 6.13679e-10 2.1981e-06 0.000951692 0.0498081 0.3151 0.241307 0.0441733 0.166688 0.153057 0.0199048 0.00685403 0.00189443 0.000215253 3.94988e-05 3.96255e-06 3.54857e-07 2.00611e-08 6.95488e-10 1.34206e-11 1.13753e-13
 2.56758e-27 2.59956e-27 4.21846e-26 8.35893e-20 2.04909e-14 6.07182e-10 2.17482e-06 0.000941616 0.0492808 0.311764 0.238764 0.0444423 0.170522 0.15656 0.0198838 0.00592664 0.00164638 0.000220092 4.18597e-05 3.61816e-06 2.9666e-07 1.57323e-08 5.0685e-10 8.49882e-12 6.42237e-14
 2.56785e-27 2.60031e-27 4.2869e-26 8.5033e-20 2.08448e-14 6.17669e-10 2.21239e-06 0.000957879 0.0501319 0.317149 0.242869 0.0440612 0.164738 0.151265 0.0197299 0.00690674 0.00191537 0.000226786 4.22997e-05 4.21619e-06 3.43208e-07 1.57559e-08 4.66362e-10 7.2248e-12 4.80669e-14
#obs surv len freq
 1.24592e-41 1.72925e-33 2.90118e-26 5.88353e-20 1.44228e-14 4.27373e-10 1.53078e-06 0.000662775 0.034687 0.219441 0.168294 0.0416631 0.170004 0.142373 0.0895191 0.0848832 0.0336082 0.0121308 0.0024461 0.000273622 1.25329e-05 1.71386e-07 5.27589e-10 2.98775e-13 2.72801e-17
 1.55857e-41 2.16319e-33 3.62921e-26 7.35996e-20 1.80421e-14 5.34619e-10 1.91492e-06 0.000829094 0.0433915 0.274508 0.210378 0.0426693 0.142219 0.113322 0.0741224 0.0646397 0.0243818 0.00796865 0.00142866 0.000135498 5.02189e-06 5.31075e-08 1.21966e-10 5.02437e-14 3.28288e-18
 1.29005e-41 1.79051e-33 3.00395e-26 6.09195e-20 1.49337e-14 4.42513e-10 1.58501e-06 0.000686254 0.0359158 0.227215 0.174505 0.0516516 0.203613 0.149762 0.0736531 0.0558471 0.0201979 0.00594174 0.000933673 7.40275e-05 2.18411e-06 1.76432e-08 3.00559e-11 9.0029e-15 4.22048e-19
 1.55799e-41 2.16239e-33 3.62786e-26 7.35723e-20 1.80354e-14 5.34422e-10 1.91421e-06 0.000828787 0.0433754 0.274407 0.210474 0.04738 0.149719 0.109555 0.084734 0.0595889 0.0156713 0.00372563 0.000505795 3.29762e-05 7.62789e-07 4.64683e-09 5.8191e-12 1.26158e-15 4.23862e-20
 1.54092e-41 2.1387e-33 3.58811e-26 7.27661e-20 1.78377e-14 5.28565e-10 1.89323e-06 0.000819705 0.0429001 0.2714 0.20842 0.0553432 0.179989 0.118681 0.0637219 0.0415057 0.0140418 0.00288586 0.000274941 1.39091e-05 2.48331e-07 1.12746e-09 1.02841e-12 1.60277e-16 3.84247e-21
 1.34552e-41 1.86749e-33 3.13311e-26 6.35388e-20 1.55758e-14 4.61539e-10 1.65316e-06 0.00071576 0.03746 0.236986 0.182387 0.0611481 0.205275 0.131148 0.0840299 0.0471245 0.0113078 0.00220394 0.000205049 7.37029e-06 9.26986e-08 3.06706e-10 2.01932e-13 2.24716e-17 3.82341e-22
 1.56505e-41 2.17218e-33 3.64429e-26 7.39054e-20 1.8117e-14 5.36841e-10 1.92288e-06 0.000832539 0.0435718 0.275651 0.211882 0.0580636 0.16547 0.104939 0.0832492 0.0440005 0.0106223 0.00159787 0.000113764 3.55249e-06 3.24987e-08 7.25036e-11 3.31662e-14 2.603e-18 3.12432e-23
 1.73096e-41 2.40245e-33 4.03061e-26 8.174e-20 2.00376e-14 5.93751e-10 2.12672e-06 0.000920796 0.0481908 0.304873 0.234399 0.0627616 0.163205 0.0927154 0.0566807 0.0278147 0.0073419 0.00103377 5.9729e-05 1.35184e-06 9.51753e-09 1.54646e-11 4.7763e-15 2.52351e-19 2.08177e-24
 1.65535e-41 2.29751e-33 3.85456e-26 7.81697e-20 1.91624e-14 5.67816e-10 2.03382e-06 0.000880576 0.0460858 0.291558 0.224639 0.071294 0.184975 0.0980935 0.0551441 0.0223239 0.00440867 0.000563575 3.05997e-05 5.52261e-07 2.76319e-09 3.20963e-12 7.11912e-16 2.60446e-20 1.44851e-25
 1.53483e-41 2.13025e-33 3.57393e-26 7.24786e-20 1.77673e-14 5.26477e-10 1.88576e-06 0.000816467 0.0427306 0.270335 0.208873 0.0785612 0.199804 0.104685 0.066344 0.0236612 0.00381395 0.000357938 1.48669e-05 2.28119e-07 8.98447e-10 7.42649e-13 1.13925e-16 2.91387e-21 1.13567e-26
 1.46509e-41 2.03345e-33 3.41153e-26 6.91852e-20 1.69599e-14 5.02554e-10 1.80007e-06 0.000779366 0.0407889 0.258054 0.199927 0.0841099 0.203644 0.107473 0.0754936 0.0253129 0.00409031 0.000314835 9.29245e-06 1.00429e-07 3.01926e-10 1.91474e-13 2.13093e-17 3.78851e-22 1.01477e-27
 1.88108e-41 2.61081e-33 4.38018e-26 8.88291e-20 2.17754e-14 6.45245e-10 2.31116e-06 0.00100065 0.0523702 0.33132 0.25549 0.0729389 0.140718 0.0737857 0.052847 0.0166502 0.00268377 0.000188671 4.66934e-06 3.5768e-08 7.20736e-11 3.21003e-14 2.61623e-18 3.40173e-23 6.50487e-29
 1.5693e-41 2.17808e-33 3.65418e-26 7.41061e-20 1.81662e-14 5.38299e-10 1.9281e-06 0.0008348 0.0436901 0.276418 0.215271 0.10232 0.213925 0.0902626 0.0430275 0.0122429 0.00188215 0.000121144 2.68436e-06 1.67786e-08 2.44965e-11 7.29915e-15 3.97321e-19 3.57e-24 4.85068e-30
 1.27263e-41 1.76632e-33 2.96337e-26 6.00966e-20 1.4732e-14 4.36535e-10 1.5636e-06 0.000676984 0.0354307 0.224176 0.176473 0.113729 0.233413 0.119342 0.0779306 0.0169959 0.00173632 9.35775e-05 1.81673e-06 9.61572e-09 1.12352e-11 2.48488e-15 9.3822e-20 5.63923e-25 5.11491e-31
 1.15083e-41 1.59728e-33 2.67977e-26 5.43452e-20 1.33221e-14 3.94758e-10 1.41396e-06 0.000612195 0.0320399 0.202733 0.16087 0.117558 0.227502 0.134879 0.0973918 0.0235794 0.00272769 0.0001046 1.3945e-06 5.82926e-09 5.48005e-12 9.49001e-16 2.70128e-20 1.17484e-25 7.4369e-32
 1.55718e-41 2.16126e-33 3.62596e-26 7.35338e-20 1.80259e-14 5.34142e-10 1.91321e-06 0.000828354 0.0433528 0.2743 0.214823 0.100839 0.165601 0.104421 0.074118 0.0191896 0.0024274 9.77644e-05 1.12029e-06 3.1781e-09 2.09119e-12 2.71764e-16 5.88724e-21 1.92725e-26 9.02147e-33
 1.40833e-41 1.95467e-33 3.27936e-26 6.65048e-20 1.63029e-14 4.83084e-10 1.73033e-06 0.000749172 0.0392088 0.248113 0.197841 0.1359 0.215061 0.0970966 0.0514781 0.0128845 0.00160003 6.60046e-05 7.54476e-07 1.89859e-09 9.27054e-13 8.15485e-17 1.2197e-21 2.87206e-27 9.86943e-34
 1.46139e-41 2.02832e-33 3.40292e-26 6.90106e-20 1.69171e-14 5.01286e-10 1.79552e-06 0.0007774 0.0406861 0.257469 0.205328 0.130082 0.190186 0.10771 0.0570319 0.00978651 0.000906908 3.40113e-05 3.65082e-07 8.53491e-10 3.65427e-13 2.56692e-17 2.78341e-22 4.49367e-28 1.05175e-34
 1.44052e-41 1.99935e-33 3.35432e-26 6.8025e-20 1.66755e-14 4.94126e-10 1.76988e-06 0.000766297 0.0401051 0.253823 0.20461 0.144223 0.195486 0.101672 0.0493887 0.00918017 0.000725186 1.85081e-05 1.53903e-07 3.07353e-10 1.13518e-13 6.74959e-18 5.97332e-23 7.49966e-29 1.29709e-35
 1.55736e-41 2.16151e-33 3.62638e-26 7.35422e-20 1.8028e-14 5.34202e-10 1.91343e-06 0.000828448 0.0433578 0.27442 0.221065 0.141496 0.175181 0.094914 0.0416361 0.00661664 0.000473097 1.06816e-05 6.40932e-08 8.9516e-11 2.51911e-14 1.19695e-18 8.53613e-24 8.57358e-30 1.1688e-36
 1.50649e-41 2.09091e-33 3.50793e-26 7.11401e-20 1.74392e-14 5.16754e-10 1.85093e-06 0.000801388 0.0419417 0.265514 0.217435 0.16057 0.184726 0.0893742 0.0343189 0.00501001 0.000301326 5.59681e-06 2.77301e-08 2.92223e-11 5.70473e-15 1.89327e-19 9.86642e-25 7.48823e-31 7.82761e-38
 1.55146e-41 2.15332e-33 3.61265e-26 7.32638e-20 1.79598e-14 5.3218e-10 1.90618e-06 0.000825312 0.0431939 0.273474 0.224934 0.160381 0.172627 0.0896974 0.030928 0.00374684 0.000187357 2.85512e-06 1.11007e-08 9.08239e-12 1.34508e-15 3.22099e-20 1.16524e-25 6.10716e-32 4.48735e-39
 1.55793e-41 2.1623e-33 3.62771e-26 7.35691e-20 1.80346e-14 5.34399e-10 1.91413e-06 0.000828752 0.0433741 0.274683 0.228818 0.170883 0.170129 0.0825233 0.025725 0.00291198 0.000120476 1.42548e-06 4.27819e-09 2.65779e-12 2.9425e-16 5.23443e-21 1.39137e-26 5.25038e-33 2.71737e-40
 1.59421e-41 2.21266e-33 3.71219e-26 7.52825e-20 1.84546e-14 5.46844e-10 1.95871e-06 0.000848053 0.0443844 0.281145 0.236097 0.174074 0.16199 0.0778639 0.0214226 0.00209717 7.43486e-05 7.23644e-07 1.6541e-09 7.58964e-13 6.17914e-17 8.04435e-22 1.55687e-27 4.26637e-34 1.59979e-41
 1.58442e-41 2.19907e-33 3.6894e-26 7.48202e-20 1.83413e-14 5.43486e-10 1.94668e-06 0.000842845 0.0441122 0.279534 0.238667 0.184413 0.160269 0.0727285 0.0178379 0.00154754 4.53934e-05 3.55779e-07 6.41059e-10 2.22684e-13 1.32353e-17 1.23936e-22 1.72185e-28 3.38833e-35 9.11905e-43
 1.37508e-41 1.90853e-33 3.20195e-26 6.49349e-20 1.5918e-14 4.7168e-10 1.68948e-06 0.000731487 0.0382849 0.242896 0.219057 0.216702 0.1829 0.0807838 0.0173349 0.0012778 3.09199e-05 1.93497e-07 2.68689e-10 7.07091e-14 3.13833e-18 2.15343e-23 2.15426e-29 3.02053e-36 5.77028e-44
 1.40173e-41 1.9455e-33 3.26399e-26 6.6193e-20 1.62264e-14 4.80819e-10 1.72222e-06 0.000745661 0.0390271 0.247693 0.223791 0.205606 0.176633 0.0880441 0.0173288 0.00110783 2.17358e-05 1.06546e-07 1.13349e-10 2.23836e-14 7.34127e-19 3.69269e-24 2.69281e-30 2.73395e-37 3.7528e-45
 1.46533e-41 2.03378e-33 3.4121e-26 6.91966e-20 1.69627e-14 5.02637e-10 1.80036e-06 0.000779496 0.0407979 0.258879 0.231668 0.202646 0.169272 0.0788026 0.0160617 0.0010715 1.94282e-05 8.20245e-08 7.25136e-11 1.17254e-14 3.12942e-19 1.27478e-24 7.49763e-31 6.12524e-38 6.75868e-46
#pred catch len freq
 2.55898e-27 2.57682e-27 2.27525e-26 4.25983e-20 1.04424e-14 3.09428e-10 1.10832e-06 0.000479861 0.0251142 0.15888 0.122024 0.0444637 0.252701 0.233152 0.046867 0.0485382 0.0199972 0.0143123 0.0085983 0.0064272 0.0049845 0.00427566 0.00426416 0.00376937 0.00114951
 2.56015e-27 2.58042e-27 2.62731e-26 5.00265e-20 1.22634e-14 3.63386e-10 1.30159e-06 0.000563538 0.0294935 0.186585 0.143118 0.0406159 0.208602 0.193405 0.0571499 0.0819062 0.0287069 0.0134031 0.00608005 0.0034694 0.00219497 0.0016099 0.00142078 0.00125534 0.000419436
 2.56104e-27 2.58258e-27 2.79096e-26 5.34776e-20 1.31094e-14 3.88455e-10 1.39138e-06 0.000602415 0.0315282 0.199457 0.152982 0.0427932 0.218241 0.201609 0.0460627 0.0547582 0.0236138 0.0174427 0.0062065 0.0022868 0.000995601 0.000558609 0.000407313 0.000337751 0.000116821
 2.5614e-27 2.58345e-27 2.8591e-26 5.49147e-20 1.34617e-14 3.98894e-10 1.42877e-06 0.000618603 0.0323754 0.204817 0.157082 0.0432629 0.218935 0.202231 0.0458881 0.0539941 0.0201671 0.0114276 0.00551189 0.00251832 0.000691396 0.000237662 0.000123433 8.79281e-05 3.00944e-05
 2.56304e-27 2.58778e-27 3.22942e-26 6.27265e-20 1.53766e-14 4.55637e-10 1.63202e-06 0.000706601 0.0369809 0.233952 0.179328 0.0431655 0.202564 0.186952 0.040108 0.0446101 0.0165871 0.00914171 0.00357274 0.00154867 0.000577722 0.000138427 3.86111e-05 1.98633e-05 6.36885e-06
 2.56255e-27 2.58629e-27 3.08352e-26 5.96481e-20 1.4622e-14 4.33277e-10 1.55192e-06 0.000671924 0.0351661 0.222471 0.170585 0.0447243 0.220569 0.203353 0.0391616 0.0382666 0.0137968 0.00702616 0.00270045 0.00104999 0.000336244 9.64927e-05 1.79636e-05 4.74193e-06 1.27503e-06
 2.56263e-27 2.58652e-27 3.10487e-26 6.00985e-20 1.47324e-14 4.36548e-10 1.56364e-06 0.000676998 0.0354316 0.224151 0.171865 0.0445284 0.21818 0.201216 0.0400412 0.0407703 0.0139361 0.00595862 0.00215582 0.000785702 0.00023077 5.79973e-05 1.10919e-05 1.56496e-06 2.67779e-07
 2.56505e-27 2.59307e-27 3.68073e-26 7.22466e-20 1.77104e-14 5.24791e-10 1.87971e-06 0.000813843 0.0425936 0.269459 0.206439 0.0430725 0.182809 0.168523 0.0332956 0.0336097 0.0116722 0.00524183 0.00173829 0.000543832 0.000146599 3.3324e-05 5.69083e-06 6.48331e-07 5.74813e-08
 2.56563e-27 2.59446e-27 3.78703e-26 7.44885e-20 1.826e-14 5.41075e-10 1.93804e-06 0.000839097 0.0439153 0.277821 0.212841 0.0441753 0.186703 0.171809 0.0283128 0.0213791 0.00736518 0.00327445 0.00111322 0.000349521 8.09215e-05 1.62077e-05 2.44924e-06 2.41011e-07 1.36832e-08
 2.56524e-27 2.59336e-27 3.68567e-26 7.23502e-20 1.77358e-14 5.25543e-10 1.88241e-06 0.00081501 0.0426547 0.269846 0.206761 0.0447535 0.195376 0.179778 0.0291168 0.0211673 0.00669261 0.00208344 0.000680479 0.000213857 5.02818e-05 8.96588e-06 1.15448e-06 9.80159e-08 4.37072e-09
 2.56471e-27 2.59193e-27 3.55856e-26 6.96687e-20 1.70784e-14 5.06065e-10 1.81264e-06 0.000784803 0.0410738 0.259844 0.19913 0.0451406 0.203683 0.187447 0.0305337 0.0224659 0.00704987 0.00208729 0.000583405 0.000137364 3.12093e-05 5.58249e-06 6.46532e-07 4.60364e-08 1.7154e-09
 2.5664e-27 2.59652e-27 3.96687e-26 7.82824e-20 1.919e-14 5.68633e-10 2.03675e-06 0.000881835 0.0461521 0.291971 0.22364 0.0437972 0.176239 0.162151 0.0265837 0.0198245 0.00623833 0.00187138 0.000515684 0.000110634 1.91161e-05 2.96071e-06 3.36315e-07 2.13387e-08 6.61997e-10
 2.56706e-27 2.59828e-27 4.11888e-26 8.1489e-20 1.99761e-14 5.91926e-10 2.12018e-06 0.000917957 0.0480426 0.303931 0.23277 0.0436711 0.168864 0.155269 0.0239806 0.0156168 0.00491531 0.00149764 0.000415347 8.96042e-05 1.45526e-05 1.78534e-06 1.65362e-07 9.91191e-09 2.7047e-10
 2.5652e-27 2.59315e-27 3.65708e-26 7.17466e-20 1.75878e-14 5.21158e-10 1.8667e-06 0.00080821 0.0422988 0.267594 0.205056 0.0456852 0.203663 0.187238 0.0270584 0.0145786 0.00445064 0.00116557 0.000318594 6.97072e-05 1.14014e-05 1.33515e-06 9.9576e-08 4.80448e-09 1.19607e-10
 2.56363e-27 2.58895e-27 3.29083e-26 6.40205e-20 1.56938e-14 4.65037e-10 1.66568e-06 0.000721177 0.0377438 0.238778 0.183062 0.0462714 0.223577 0.205744 0.03268 0.0227324 0.00678633 0.00145253 0.000366259 7.063e-05 1.14627e-05 1.35462e-06 9.62717e-08 3.76822e-09 7.57927e-11
 2.56489e-27 2.59242e-27 3.60156e-26 7.05757e-20 1.73008e-14 5.12653e-10 1.83624e-06 0.000795021 0.0416085 0.263227 0.201711 0.0450276 0.201009 0.18498 0.0301176 0.0221337 0.00688605 0.00193186 0.000481256 7.68545e-05 1.09566e-05 1.21093e-06 8.61952e-08 3.18269e-09 5.22964e-11
 2.56639e-27 2.59644e-27 3.9541e-26 7.80128e-20 1.91239e-14 5.66675e-10 2.02973e-06 0.000878798 0.0459931 0.290965 0.22288 0.0442915 0.180535 0.166009 0.0253561 0.0160494 0.0050329 0.00150675 0.000408199 8.09145e-05 1.05667e-05 9.75325e-07 6.28542e-08 2.27809e-09 3.49021e-11
 2.56613e-27 2.59567e-27 3.87903e-26 7.64288e-20 1.87356e-14 5.5517e-10 1.98852e-06 0.000860955 0.0450593 0.285058 0.218381 0.045063 0.189566 0.174221 0.0245923 0.0122291 0.00370775 0.000941275 0.00025464 5.45219e-05 8.3837e-06 8.20673e-07 4.44269e-08 1.42405e-09 2.09768e-11
 2.56641e-27 2.59644e-27 3.94929e-26 7.79112e-20 1.9099e-14 5.65937e-10 2.02709e-06 0.000877653 0.0459332 0.290586 0.222597 0.044708 0.183903 0.169035 0.0244083 0.0131071 0.00385283 0.000760454 0.000187148 3.50684e-05 5.57707e-06 6.24309e-07 3.74638e-08 1.05562e-09 1.36048e-11
 2.56713e-27 2.59838e-27 4.11848e-26 8.14803e-20 1.99739e-14 5.91863e-10 2.11995e-06 0.000917859 0.0480374 0.303898 0.232757 0.0443902 0.174346 0.160169 0.021985 0.00981489 0.00289705 0.0006163 0.000144354 2.13945e-05 2.94354e-06 3.15915e-07 2.12406e-08 6.62647e-10 7.82282e-12
 2.56762e-27 2.59973e-27 4.23943e-26 8.40319e-20 2.05994e-14 6.10397e-10 2.18634e-06 0.000946602 0.0495417 0.313415 0.240016 0.0439311 0.165752 0.152264 0.021046 0.00965965 0.00279524 0.00049583 0.00011395 1.77001e-05 2.11536e-06 1.83008e-07 1.13441e-08 3.85167e-10 4.97759e-12
 2.56778e-27 2.60013e-27 4.2718e-26 8.47145e-20 2.07667e-14 6.15355e-10 2.2041e-06 0.000954291 0.0499441 0.315961 0.241962 0.0440663 0.165413 0.151895 0.0199577 0.00727197 0.00209379 0.000380884 8.45553e-05 1.12432e-05 1.33908e-06 1.09231e-07 5.43273e-09 1.65182e-10 2.25964e-12
 2.56831e-27 2.60157e-27 4.40022e-26 8.74238e-20 2.14309e-14 6.35036e-10 2.27459e-06 0.000984811 0.0515415 0.326066 0.249671 0.043627 0.156654 0.143827 0.0187866 0.00663027 0.00186867 0.000274334 5.80323e-05 7.79856e-06 8.48991e-07 6.30063e-08 2.98676e-09 7.49401e-11 9.04274e-13
 2.56868e-27 2.60257e-27 4.48878e-26 8.9292e-20 2.18889e-14 6.48606e-10 2.3232e-06 0.00100586 0.0526429 0.333033 0.254988 0.0433587 0.150877 0.138496 0.0178469 0.00582966 0.00163406 0.00023288 4.69276e-05 5.20845e-06 5.42058e-07 3.84861e-08 1.63455e-09 3.80406e-11 3.88931e-13
 2.56828e-27 2.60147e-27 4.38907e-26 8.71884e-20 2.13732e-14 6.33326e-10 2.26847e-06 0.000982159 0.0514027 0.325187 0.249005 0.043864 0.158927 0.145874 0.0182607 0.00491598 0.00135827 0.000180901 3.55276e-05 3.79884e-06 3.53393e-07 2.17082e-08 8.76622e-10 1.84858e-11 1.71493e-13
 2.5683e-27 2.60155e-27 4.39769e-26 8.73703e-20 2.14178e-14 6.34647e-10 2.2732e-06 0.000984208 0.0515099 0.325866 0.24952 0.0437031 0.15734 0.144444 0.018622 0.00609799 0.0016817 0.000190616 3.49431e-05 3.50498e-06 3.13864e-07 1.77436e-08 6.1514e-10 1.18701e-11 1.00611e-13
 2.56795e-27 2.60057e-27 4.30863e-26 8.54914e-20 2.09572e-14 6.20999e-10 2.22431e-06 0.000963043 0.0504022 0.318858 0.244176 0.0441373 0.164399 0.150917 0.0190245 0.00538794 0.00149277 0.000199046 3.78252e-05 3.26897e-06 2.68013e-07 1.4213e-08 4.57901e-10 7.67805e-12 5.80213e-14
 2.568e-27 2.60071e-27 4.32276e-26 8.57897e-20 2.10303e-14 6.23166e-10 2.23207e-06 0.000966403 0.050578 0.319971 0.245023 0.0439693 0.162525 0.14922 0.0192918 0.00642302 0.0017773 0.000209919 3.91163e-05 3.89829e-06 3.17314e-07 1.4567e-08 4.31172e-10 6.67964e-12 4.44399e-14
#obs catch len freq
 5.9795e-42 8.29915e-34 1.39236e-26 2.82367e-20 6.92189e-15 2.05108e-10 7.34664e-07 0.000318084 0.0166473 0.105317 0.0811873 0.0424431 0.227388 0.191978 0.131784 0.127295 0.0518242 0.0192639 0.00405694 0.000473414 2.26136e-05 3.22066e-07 1.03241e-09 6.0805e-13 5.75518e-17
 6.82822e-42 9.47712e-34 1.58998e-26 3.22445e-20 7.90437e-15 2.34221e-10 8.38941e-07 0.000363233 0.0190101 0.120265 0.0927117 0.0460982 0.229594 0.184409 0.129283 0.114693 0.0451122 0.0152817 0.00287832 0.000287535 1.11799e-05 1.23159e-07 2.93177e-10 1.24826e-13 8.41204e-18
 1.02743e-41 1.426e-33 2.39241e-26 4.85176e-20 1.18935e-14 3.52427e-10 1.26234e-06 0.000546548 0.0286042 0.18096 0.139129 0.0482001 0.202641 0.154658 0.110445 0.0894592 0.0333522 0.0101677 0.00168948 0.000141833 4.42139e-06 3.73809e-08 6.60404e-11 2.03903e-14 9.81665e-19
 8.8111e-42 1.22292e-33 2.0517e-26 4.16082e-20 1.01998e-14 3.02237e-10 1.08256e-06 0.000468713 0.0245306 0.15519 0.119783 0.059959 0.261663 0.182713 0.0961197 0.067855 0.0241243 0.0065747 0.000949903 6.60584e-05 1.62487e-06 1.04223e-08 1.3595e-11 3.04331e-15 1.04947e-19
 1.21628e-41 1.68812e-33 2.83217e-26 5.74358e-20 1.40797e-14 4.17208e-10 1.49437e-06 0.000647011 0.033862 0.214223 0.164761 0.0539796 0.193454 0.135739 0.110219 0.0705128 0.0180724 0.00400453 0.000495862 2.80981e-05 5.37346e-07 2.58316e-09 2.46681e-12 3.98642e-16 9.83668e-21
 1.27974e-41 1.77619e-33 2.97993e-26 6.04324e-20 1.48143e-14 4.38975e-10 1.57233e-06 0.000680767 0.0356286 0.225401 0.173616 0.0637337 0.22091 0.138131 0.0771843 0.0464746 0.0151724 0.00281152 0.000244572 1.07269e-05 1.5713e-07 5.59788e-10 3.87969e-13 4.49681e-17 7.90627e-22
 1.1682e-41 1.62139e-33 2.72022e-26 5.51655e-20 1.35232e-14 4.00716e-10 1.4353e-06 0.000621436 0.0325235 0.205758 0.158895 0.0694217 0.235036 0.142984 0.0937962 0.0477392 0.0110788 0.00197767 0.000162725 5.00663e-06 5.1679e-08 1.33684e-10 6.66676e-14 5.50663e-18 6.86259e-23
 1.45295e-41 2.0166e-33 3.38326e-26 6.86118e-20 1.68194e-14 4.98389e-10 1.78515e-06 0.000772907 0.0404509 0.255909 0.197119 0.0646528 0.184603 0.112392 0.0897307 0.0430313 0.0099084 0.00134043 8.54184e-05 2.25006e-06 1.66465e-08 2.9011e-11 1.00445e-14 5.84308e-19 5.13164e-24
 1.67608e-41 2.32629e-33 3.90283e-26 7.91486e-20 1.94024e-14 5.74927e-10 2.0593e-06 0.000891604 0.046663 0.295209 0.22734 0.0687982 0.175015 0.0946142 0.0580169 0.0260885 0.00650512 0.00081403 4.12832e-05 7.87756e-07 4.46442e-09 5.61818e-12 1.31089e-15 5.13375e-20 3.09715e-25
 1.64444e-41 2.28237e-33 3.82914e-26 7.76543e-20 1.9036e-14 5.64073e-10 2.02042e-06 0.000874771 0.045782 0.289639 0.223533 0.0770943 0.190129 0.0957969 0.0534493 0.0195955 0.00366641 0.000419389 1.96773e-05 2.94572e-07 1.18032e-09 1.06025e-12 1.77107e-16 4.79703e-21 1.95203e-26
 1.55782e-41 2.16216e-33 3.62747e-26 7.35643e-20 1.80334e-14 5.34363e-10 1.914e-06 0.000828697 0.0433707 0.274387 0.212371 0.0840821 0.199705 0.100104 0.0620002 0.0198896 0.0030001 0.000249922 9.03212e-06 1.14146e-07 3.55734e-10 2.26207e-13 2.61028e-17 4.93802e-22 1.40737e-27
 1.51762e-41 2.10635e-33 3.53384e-26 7.16656e-20 1.7568e-14 5.20572e-10 1.8646e-06 0.000807309 0.0422513 0.267309 0.20743 0.0891091 0.199159 0.101373 0.0685102 0.0207423 0.00309359 0.000207884 5.28583e-06 4.71282e-08 1.11961e-10 5.42976e-14 4.52864e-18 5.94918e-23 1.16494e-28
 1.92752e-41 2.67527e-33 4.48831e-26 9.10221e-20 2.2313e-14 6.61175e-10 2.36822e-06 0.00102536 0.0536631 0.339502 0.262072 0.076161 0.135849 0.0691023 0.0470661 0.0134522 0.00198152 0.000120767 2.53062e-06 1.58145e-08 2.51619e-11 8.57227e-15 5.22467e-19 5.00895e-24 6.99799e-30
 1.62375e-41 2.25366e-33 3.78098e-26 7.66776e-20 1.87966e-14 5.56978e-10 1.995e-06 0.000863768 0.0452062 0.286015 0.223205 0.107278 0.205608 0.0827019 0.0378543 0.00982049 0.00136802 7.60528e-05 1.41179e-06 7.11308e-09 8.12661e-12 1.84811e-15 7.5241e-20 4.98068e-25 4.93651e-31
 1.33741e-41 1.85623e-33 3.11421e-26 6.31556e-20 1.54819e-14 4.58756e-10 1.64319e-06 0.000711444 0.0372342 0.235594 0.186007 0.119994 0.225469 0.112455 0.0679956 0.0132441 0.00123676 5.77594e-05 9.3283e-07 3.94893e-09 3.58173e-12 6.01259e-16 1.69462e-20 7.50567e-26 4.96686e-32
 1.2214e-41 1.69523e-33 2.84409e-26 5.76776e-20 1.4139e-14 4.18964e-10 1.50066e-06 0.000649734 0.0340046 0.215174 0.171327 0.124276 0.22033 0.128811 0.0848575 0.0186112 0.00189677 6.19399e-05 6.91913e-07 2.31044e-09 1.67694e-12 2.19338e-16 4.64495e-21 1.48673e-26 6.86959e-33
 1.63453e-41 2.26862e-33 3.80608e-26 7.71866e-20 1.89214e-14 5.60675e-10 2.00825e-06 0.000869502 0.0455063 0.287934 0.225954 0.10465 0.157347 0.0980004 0.0631241 0.0149124 0.0016456 5.58475e-05 5.22431e-07 1.17869e-09 5.99778e-13 5.87378e-17 9.43722e-22 2.26826e-27 7.74052e-34
 1.48648e-41 2.06314e-33 3.46134e-26 7.01954e-20 1.72076e-14 5.09892e-10 1.82635e-06 0.000790746 0.0413846 0.261895 0.209484 0.140518 0.202523 0.0889378 0.0434253 0.00992957 0.00107277 3.71501e-05 3.42569e-07 6.75318e-10 2.52742e-13 1.67387e-17 1.85554e-22 3.20112e-28 8.00135e-35
 1.54458e-41 2.14377e-33 3.59662e-26 7.29388e-20 1.78801e-14 5.2982e-10 1.89773e-06 0.000821651 0.043002 0.27214 0.217642 0.133837 0.178854 0.0989996 0.0468244 0.00726481 0.000594105 1.86936e-05 1.60977e-07 2.92336e-10 9.50823e-14 4.99771e-18 4.00927e-23 4.74385e-29 8.07282e-36
 1.52676e-41 2.11904e-33 3.55513e-26 7.20973e-20 1.76738e-14 5.23707e-10 1.87583e-06 0.000812171 0.042506 0.269037 0.217546 0.147557 0.182607 0.0923913 0.0403422 0.00673378 0.000455457 9.76457e-06 6.54634e-08 1.01168e-10 2.8221e-14 1.24855e-18 8.14055e-24 7.47668e-30 9.40684e-37
 1.64552e-41 2.28388e-33 3.83168e-26 7.77057e-20 1.90487e-14 5.64446e-10 2.02175e-06 0.00087535 0.0458126 0.289978 0.234218 0.143419 0.162302 0.0851077 0.0332523 0.00473753 0.00028986 5.39693e-06 2.58401e-08 2.79811e-11 5.94106e-15 2.09255e-19 1.09504e-24 8.01817e-31 7.9325e-38
 1.5961e-41 2.21528e-33 3.71659e-26 7.53717e-20 1.84765e-14 5.47492e-10 1.96103e-06 0.000849057 0.0444366 0.281338 0.231085 0.162009 0.170239 0.0792228 0.0271152 0.00352038 0.000179646 2.7437e-06 1.07553e-08 8.71247e-12 1.28084e-15 3.14939e-20 1.20147e-25 6.62591e-32 5.01044e-39
 1.64305e-41 2.28044e-33 3.82591e-26 7.75887e-20 1.902e-14 5.63596e-10 2.01871e-06 0.000874031 0.0457438 0.289653 0.238886 0.160853 0.158668 0.0786878 0.0239541 0.00256771 0.000108505 1.34884e-06 4.12836e-09 2.58547e-12 2.87083e-16 5.08283e-21 1.34589e-26 5.12275e-33 2.71751e-40
 1.64999e-41 2.29008e-33 3.84208e-26 7.79167e-20 1.91004e-14 5.65978e-10 2.02724e-06 0.000877726 0.0459374 0.29096 0.243022 0.170413 0.155512 0.0715513 0.0197031 0.00195304 6.75688e-05 6.49104e-07 1.52648e-09 7.22896e-13 5.98331e-17 7.85053e-22 1.52488e-27 4.17777e-34 1.56232e-41
 1.68655e-41 2.34082e-33 3.92721e-26 7.96431e-20 1.95236e-14 5.78519e-10 2.07216e-06 0.000897175 0.0469555 0.297484 0.250413 0.172583 0.147477 0.0666501 0.0161219 0.00137501 4.05291e-05 3.17275e-07 5.65035e-10 1.97039e-13 1.19624e-17 1.14631e-22 1.61858e-28 3.21591e-35 8.70407e-43
 1.67753e-41 2.3283e-33 3.90621e-26 7.92171e-20 1.94191e-14 5.75425e-10 2.06108e-06 0.000892376 0.0467048 0.296029 0.253296 0.181964 0.145318 0.0615386 0.0132388 0.000991763 2.40271e-05 1.50659e-07 2.10299e-10 5.52805e-14 2.44462e-18 1.68251e-23 1.70305e-29 2.42688e-36 4.7097e-44
 1.4707e-41 2.04124e-33 3.4246e-26 6.94502e-20 1.70249e-14 5.04479e-10 1.80696e-06 0.000782354 0.0409476 0.259884 0.234927 0.2146 0.167053 0.0682042 0.0127758 0.000807817 1.60472e-05 7.98224e-08 8.54822e-11 1.69644e-14 5.58701e-19 2.81331e-24 2.0491e-30 2.07965e-37 2.86308e-45
 1.49941e-41 2.08108e-33 3.49144e-26 7.08058e-20 1.73572e-14 5.14325e-10 1.84223e-06 0.000797622 0.0417465 0.264855 0.235158 0.197502 0.166947 0.0779503 0.0142075 0.00081935 1.41047e-05 5.92598e-08 5.29426e-11 8.65602e-15 2.32657e-19 9.52299e-25 5.62293e-31 4.60649e-38 5.08928e-46
#spawning biomass
 17059.8 18367.3 19696.4 22612.5 26548.1 31371.5 34555.5 44515.5 60335 78205 90208.5 112229 163691 186935 174190 145272 143022 139986 137361 131340 144981 146230 154242 169237 169505 177553 166951 169703 177012 156600 76216 39212 25271.4 20598.7 19145.8 18716.7 18594.5 18560.6 18551.3 18548.9 18548.2 18548 18548 18548 18548 18548 18548 18548 18548 18548 18548 18548 18548 18548 18548 18548 18548 18548 18548 18548 18548 18548 18548 18548 18548 18548 18548 18548 18548 18548 18548 18548 18548 18548 18548 18548 18548 18548 18548 18548 18548 18548 18548 18548 18548 18548 18548 18548 18548 18548 18548 18548 18548 18548 18548 18548 18548 18548 18548 18548 18548 18548 18548 18548 18548 18548 18548 18548 18548 18548 18548 18548 18548 18548 18548 18548 18548 18548 18548 18548 18548 18548 18548 18548 18548 18548 18548 18548 0 0 0 0 0 0 0 0 0 0 0 0 0 0 0 0 0 0 0 0 0 0 0 0 0
