SBPRF35
0.178135
Curr Bio
185278
B35
209761
F35
0.608344
FOFL
0.608344
OFL
91280.3
Bzero
50895.7
#pred survey bio
 5254.02 7382.08 9773.37 11747.8 17453.6 27858.5 28936.4 33875.2 46241.9 56369.7 67828.6 87473.8 113120 140864 137617 120229 110102 110309 110161 99693.4 100429 107329 117865 122865 129105 139243 147492 186216 6.03671e+06 5.75545e+06 3.48545e+06 2.00519e+06 1.20941e+06 815970 625769 532173 484170 458316 443768 435309 430285 427261 425422 424292 423617 423212 422969 422822 422734 422680 422648 422629 422617 422610 422606 422603 422602 422601 422600 422600 422600 422599 422599 422599 422599 422599 422599 422599 422599 422599 422599 422599 422599 422599 422599 422599 422599 422599 422599 422599 422599 422599 422599 422599 422599 422599 422599 422599 422599 422599 422599 422599 422599 422599 422599 422599 422599 422599 422599 422599 422599 422599 422599 422599 422599 422599 422599 422599 422599 422599 422599 422599 422599 422599 422599 422599 422599 422599 422599 422599 422599 422599 422599 422599 422599 422599 422599 422599 0 0 0 0 0 0 0 0 0 0 0 0 0 0 0 0 0 0 0 0 0 0 0 0 0
#obs survey bio
 4380.28 11336.5 7930.48 13052.7 25101.3 17162.2 33490.5 43455.2 43571.4 60332.3 70889.5 85372 109436 146657 97257 76443.4 78117.1 97676.9 144796 138632 79177.2 114990 151490 162270 161981 134539 161158 146937
#pred catch bio
 2326.42 4304.68 6185.48 7725.04 9312.77 18056.8 19824.5 22373.4 32288.1 40296.7 47374.5 61202.6 78227.7 104074 105698 95537.4 85774.9 84556.6 89506.5 80865.4 81611.8 85794.5 96275.3 101188 104940 114815 113996 105716 91280.3 96264.7 53797.2 28025.2 15382.8 9889.5 7680 6836.67 6526.48 6415.41 6376.42 6362.94 6358.33 6356.77 6356.24 6356.07 6356.01 6355.99 6355.98 6355.98 6355.98 6355.98 6355.98 6355.98 6355.98 6355.98 6355.98 6355.98 6355.98 6355.98 6355.98 6355.98 6355.98 6355.98 6355.98 6355.98 6355.98 6355.98 6355.98 6355.98 6355.98 6355.98 6355.98 6355.98 6355.98 6355.98 6355.98 6355.98 6355.98 6355.98 6355.98 6355.98 6355.98 6355.98 6355.98 6355.98 6355.98 6355.98 6355.98 6355.98 6355.98 6355.98 6355.98 6355.98 6355.98 6355.98 6355.98 6355.98 6355.98 6355.98 6355.98 6355.98 6355.98 6355.98 6355.98 6355.98 6355.98 6355.98 6355.98 6355.98 6355.98 6355.98 6355.98 6355.98 6355.98 6355.98 6355.98 6355.98 6355.98 6355.98 6355.98 6355.98 6355.98 6355.98 6355.98 6355.98 6355.98 6355.98 6355.98 6355.98 0 0 0 0 0 0 0 0 0 0 0 0 0 0 0 0 0 0 0 0 0 0 0 0 0
#obs catch bio
 4428.47 4256.98 6189.77 7742.2 9004.49 17782.4 19983.4 21911.3 32056.7 39940.9 45998.9 59763.3 76644.6 102071 104913 96995 85709.7 83082.4 87899.6 79113.9 81150.5 82695.4 93072 97374.1 99980.6 110222 111803 104981
#pred cpue bio
 4829.09 6569.06 8687.4 10452 15012.5 24959.4 26018.2 29518.8 40647.4 49457.5 59375.7 76407 98874.3 123969 122577 106439 96342.1 96897.9 96972.8 87158.6 87181.3 92955.2 102393 106507 111713 120734 127440 160782 5.45174e+06 5.73463e+06 3.46463e+06 1.98436e+06 1.18858e+06 795144 604944 511348 463344 437491 422942 414484 409459 406436 404596 403466 402791 402386 402143 401997 401908 401855 401823 401803 401792 401785 401780 401778 401776 401775 401775 401774 401774 401774 401774 401774 401774 401774 401774 401774 401774 401774 401774 401774 401774 401774 401774 401774 401774 401774 401774 401774 401774 401774 401774 401774 401774 401774 401774 401774 401774 401774 401774 401774 401774 401774 401774 401774 401774 401774 401774 401774 401774 401774 401774 401774 401774 401774 401774 401774 401774 401774 401774 401774 401774 401774 401774 401774 401774 401774 401774 401774 401774 401774 401774 401774 401774 401774 401774 401774 0 0 0 0 0 0 0 0 0 0 0 0 0 0 0 0 0 0 0 0 0 0 0 0 0
#obs cpue bio
 7369.31 7298.16 7525.04 10746.2 25863.6 30992.5 22368.5 34568.4 44142.1 54300.5 107452 104523 135208 161138 174135 124190 145207 158134 100930 89633.8 109308 188673 130070 152929 200375 224429 143446 214845
#pred surv len freq
 2.56795e-27 2.6012e-27 4.44118e-26 8.82907e-20 2.16434e-14 6.41332e-10 2.29714e-06 0.000994576 0.0520525 0.329298 0.252036 0.0371109 0.105402 0.09733 0.0246524 0.0320661 0.0150136 0.0132515 0.00896847 0.00737584 0.00615819 0.0055853 0.00581713 0.00526568 0.00161825
 2.5697e-27 2.60565e-27 4.79467e-26 9.57463e-20 2.3471e-14 6.95489e-10 2.49113e-06 0.00107856 0.056448 0.357106 0.273309 0.0396149 0.109514 0.100804 0.0197285 0.019735 0.0077794 0.00507119 0.00282647 0.00196779 0.0014313 0.00115387 0.0010902 0.00100058 0.000338375
 2.56932e-27 2.60454e-27 4.68489e-26 9.34299e-20 2.29032e-14 6.78663e-10 2.43086e-06 0.00105247 0.0550824 0.348466 0.266734 0.0409728 0.124468 0.114492 0.020203 0.0173004 0.0059459 0.00264143 0.00111417 0.000574247 0.000329195 0.000222075 0.000182048 0.000160686 5.66441e-05
 2.56917e-27 2.60414e-27 4.64913e-26 9.26756e-20 2.27183e-14 6.73184e-10 2.41123e-06 0.00104397 0.0546377 0.345653 0.264588 0.0410891 0.126861 0.116726 0.0210944 0.0187547 0.00613813 0.0022167 0.000732829 0.00025174 9.69309e-05 4.79203e-05 3.14058e-05 2.50079e-05 8.83175e-06
 2.57174e-27 2.6111e-27 5.26431e-26 1.05653e-19 2.58996e-14 7.67452e-10 2.74888e-06 0.00119016 0.0622888 0.394056 0.301519 0.0393396 0.0876001 0.0804826 0.014428 0.0126681 0.00419145 0.00157859 0.000479025 0.000127408 3.13573e-05 9.32395e-06 4.10607e-06 2.66752e-06 9.06166e-07
 2.56847e-27 2.60217e-27 4.4682e-26 8.88584e-20 2.17826e-14 6.45456e-10 2.31192e-06 0.00100097 0.0523872 0.331416 0.253734 0.042213 0.14304 0.131524 0.0213292 0.0155614 0.00511332 0.00189795 0.000585835 0.000155981 3.07772e-05 5.53047e-06 1.26077e-06 5.4342e-07 1.66906e-07
 2.56823e-27 2.60161e-27 4.42903e-26 8.80324e-20 2.15801e-14 6.39456e-10 2.29042e-06 0.000991666 0.0519002 0.328335 0.25137 0.0414343 0.138776 0.127807 0.0246307 0.0240203 0.00757637 0.00225903 0.000676493 0.000179069 3.56188e-05 5.29115e-06 6.35332e-07 1.25758e-07 3.02538e-08
 2.57084e-27 2.6087e-27 5.05345e-26 1.01205e-19 2.48092e-14 7.35141e-10 2.63315e-06 0.00114005 0.0596663 0.377465 0.288858 0.039797 0.0999764 0.0919346 0.0170147 0.0157009 0.00536065 0.00226183 0.000646414 0.000142725 2.7552e-05 4.06253e-06 3.84765e-07 3.11527e-08 4.07483e-09
 2.57009e-27 2.60657e-27 4.8577e-26 9.70751e-20 2.37968e-14 7.05142e-10 2.5257e-06 0.00109353 0.0572315 0.362062 0.277116 0.041018 0.117518 0.10798 0.0172883 0.0122708 0.00409108 0.00161913 0.00052964 0.000150614 2.57245e-05 3.42939e-06 3.1278e-07 1.66466e-08 8.12701e-10
 2.57024e-27 2.60699e-27 4.89561e-26 9.78751e-20 2.39929e-14 7.10952e-10 2.54651e-06 0.00110254 0.0577031 0.365046 0.279391 0.0407879 0.114169 0.104929 0.0174804 0.0134607 0.00420625 0.00121712 0.000373063 0.000105849 2.27237e-05 3.11541e-06 2.50845e-07 1.19605e-08 3.00024e-10
 2.57041e-27 2.60743e-27 4.93358e-26 9.8676e-20 2.41892e-14 7.1677e-10 2.56735e-06 0.00111156 0.0581753 0.368033 0.281671 0.0407577 0.112337 0.103217 0.0167901 0.0123209 0.00391499 0.00123718 0.000340179 7.39021e-05 1.50832e-05 2.39952e-06 2.11958e-07 9.07393e-09 1.81838e-10
 2.57057e-27 2.60788e-27 4.97349e-26 9.95179e-20 2.43956e-14 7.22885e-10 2.58925e-06 0.00112105 0.0586716 0.371173 0.284067 0.0406225 0.109625 0.10072 0.0164488 0.0121685 0.00382626 0.00114541 0.000322797 7.25276e-05 1.18771e-05 1.63652e-06 1.60033e-07 7.50339e-09 1.36463e-10
 2.57051e-27 2.60772e-27 4.95898e-26 9.92117e-20 2.43206e-14 7.20661e-10 2.58129e-06 0.0011176 0.0584911 0.370031 0.283196 0.0407125 0.110922 0.101906 0.0164591 0.0118935 0.0037447 0.00113049 0.000312894 6.78748e-05 1.14642e-05 1.38248e-06 1.13172e-07 5.65542e-09 1.10395e-10
 2.56999e-27 2.60628e-27 4.8321e-26 9.65351e-20 2.36644e-14 7.01219e-10 2.51165e-06 0.00108745 0.0569131 0.360048 0.275579 0.0410795 0.119066 0.109425 0.0178529 0.0131794 0.00413092 0.00121434 0.000336017 7.2955e-05 1.19505e-05 1.43666e-06 1.06401e-07 4.52687e-09 9.1407e-11
 2.56898e-27 2.60355e-27 4.58928e-26 9.14127e-20 2.24087e-14 6.64011e-10 2.37837e-06 0.00102975 0.0538932 0.340943 0.261003 0.0418648 0.135283 0.124374 0.0202241 0.0148262 0.00466732 0.0014053 0.000386522 8.21578e-05 1.34474e-05 1.5868e-06 1.14926e-07 4.43973e-09 7.84585e-11
 2.56952e-27 2.60503e-27 4.72269e-26 9.4227e-20 2.30986e-14 6.84453e-10 2.4516e-06 0.00106145 0.0555523 0.351439 0.269009 0.0412871 0.125262 0.11517 0.0193566 0.0151653 0.00477266 0.00142612 0.000395081 8.54271e-05 1.37813e-05 1.60779e-06 1.14756e-07 4.29284e-09 6.88996e-11
 2.57042e-27 2.60747e-27 4.93597e-26 9.87263e-20 2.42016e-14 7.17135e-10 2.56866e-06 0.00111213 0.0582049 0.36822 0.281816 0.0408442 0.112894 0.103709 0.0164734 0.0114747 0.00365704 0.00117978 0.000328922 7.0864e-05 1.15877e-05 1.35037e-06 9.49233e-08 3.49337e-09 5.39414e-11
 2.5701e-27 2.60657e-27 4.8547e-26 9.70118e-20 2.37813e-14 7.04682e-10 2.52405e-06 0.00109282 0.0571942 0.361826 0.27694 0.0412461 0.119378 0.10966 0.0169279 0.0110068 0.00341625 0.000964521 0.0002718 6.23282e-05 1.02427e-05 1.20158e-06 8.47819e-08 3.0771e-09 4.66095e-11
 2.56995e-27 2.60616e-27 4.81961e-26 9.62717e-20 2.35998e-14 6.99306e-10 2.5048e-06 0.00108448 0.0567578 0.359065 0.274832 0.0412451 0.120852 0.111047 0.0176669 0.0123411 0.00378861 0.000989521 0.000263581 5.45533e-05 9.29577e-06 1.12655e-06 7.99897e-08 2.91296e-09 4.35997e-11
 2.57047e-27 2.60757e-27 4.94322e-26 9.88792e-20 2.4239e-14 7.18246e-10 2.57264e-06 0.00111385 0.0582951 0.36879 0.282253 0.0409607 0.113473 0.104216 0.0160607 0.0103993 0.00322959 0.000912159 0.000239867 4.5815e-05 7.09672e-06 8.38647e-07 6.19221e-08 2.28187e-09 3.4231e-11
 2.57098e-27 2.60896e-27 5.06586e-26 1.01466e-19 2.48733e-14 7.37039e-10 2.63995e-06 0.001143 0.0598204 0.37844 0.289616 0.0406385 0.105848 0.097171 0.0146579 0.00897003 0.00274417 0.000713494 0.000190052 3.8493e-05 5.68703e-06 6.08333e-07 4.25991e-08 1.61266e-09 2.45865e-11
 2.57114e-27 2.60937e-27 5.10116e-26 1.02211e-19 2.50558e-14 7.42448e-10 2.65933e-06 0.00115139 0.0602594 0.381217 0.291736 0.0406072 0.10412 0.0955597 0.0140774 0.00804976 0.00243637 0.000595486 0.000153207 2.91434e-05 4.45894e-06 4.75751e-07 3.03021e-08 1.07827e-09 1.66569e-11
 2.57091e-27 2.60876e-27 5.04747e-26 1.01078e-19 2.47782e-14 7.34222e-10 2.62986e-06 0.00113863 0.0595917 0.376993 0.288514 0.0407838 0.107728 0.0988872 0.0146226 0.00845401 0.00253394 0.000576233 0.00014401 2.57755e-05 3.72168e-06 3.92743e-07 2.52141e-08 8.28545e-10 1.20169e-11
 2.57107e-27 2.60919e-27 5.08502e-26 1.01871e-19 2.49724e-14 7.39976e-10 2.65047e-06 0.00114755 0.0600587 0.379948 0.290768 0.0406602 0.105204 0.0965601 0.0142553 0.00820236 0.00246211 0.000565955 0.000139006 2.32555e-05 3.18291e-06 3.14251e-07 1.95502e-08 6.40759e-10 8.70469e-12
 2.57119e-27 2.60952e-27 5.11445e-26 1.02491e-19 2.51245e-14 7.44485e-10 2.66662e-06 0.00115455 0.0604247 0.382263 0.292535 0.0405999 0.103503 0.0949844 0.0138564 0.00768928 0.0023045 0.000527147 0.000129744 2.17855e-05 2.85348e-06 2.6282e-07 1.52345e-08 4.79234e-10 6.41488e-12
 2.57105e-27 2.60912e-27 5.07873e-26 1.01738e-19 2.49398e-14 7.39012e-10 2.64702e-06 0.00114606 0.0599805 0.379453 0.290391 0.0407175 0.105905 0.0971983 0.0142145 0.00794782 0.00237059 0.000522254 0.000127557 2.13434e-05 2.80312e-06 2.51799e-07 1.35852e-08 3.96593e-10 5.06783e-12
 2.5713e-27 2.6098e-27 5.1391e-26 1.03011e-19 2.5252e-14 7.48262e-10 2.68015e-06 0.0011604 0.0607312 0.384202 0.294014 0.0405128 0.101802 0.0934175 0.0136435 0.00759761 0.00226824 0.00050344 0.000121949 1.97428e-05 2.57028e-06 2.30606e-07 1.22058e-08 3.33395e-10 3.94869e-12
 2.57136e-27 2.60998e-27 5.15578e-26 1.03363e-19 2.53383e-14 7.50819e-10 2.68931e-06 0.00116437 0.0609388 0.385515 0.295015 0.0403805 0.100091 0.0918589 0.0137236 0.0081725 0.00244241 0.000539872 0.000130931 2.12755e-05 2.71303e-06 2.37852e-07 1.25224e-08 3.35602e-10 3.74125e-12
#obs surv len freq
 1.76365e-41 2.44783e-33 4.10675e-26 8.3284e-20 2.04161e-14 6.04966e-10 2.16689e-06 0.000938189 0.0491011 0.310628 0.237926 0.0440228 0.152138 0.128904 0.0365017 0.0281075 0.00850456 0.00265684 0.000509361 5.74374e-05 2.82108e-06 4.45221e-08 1.6803e-10 1.21567e-13 1.45616e-17
 2.17382e-41 3.01712e-33 5.06185e-26 1.02653e-19 2.51642e-14 7.45662e-10 2.67084e-06 0.00115638 0.0605204 0.382869 0.293061 0.0420015 0.0972596 0.0778753 0.0224952 0.0163103 0.00477188 0.00140136 0.000248881 2.48448e-05 1.01115e-06 1.24048e-08 3.49106e-11 1.83683e-14 1.57575e-18
 1.72578e-41 2.39526e-33 4.01855e-26 8.14954e-20 1.99776e-14 5.91974e-10 2.12035e-06 0.00091804 0.0480466 0.303957 0.233026 0.0512042 0.181481 0.135539 0.0265055 0.0140931 0.00395348 0.00108147 0.000175948 1.54001e-05 5.20976e-07 4.9961e-09 1.04904e-11 4.00901e-15 2.46217e-19
 2.0905e-41 2.90147e-33 4.86782e-26 9.87184e-20 2.41997e-14 7.1708e-10 2.56846e-06 0.00111206 0.0582006 0.368194 0.281979 0.0458378 0.113496 0.0813903 0.0279472 0.017727 0.00335148 0.000658606 9.57513e-05 7.25026e-06 2.02102e-07 1.51916e-09 2.39636e-12 6.67976e-16 2.9412e-20
 2.37095e-41 3.29073e-33 5.52087e-26 1.11962e-19 2.74462e-14 8.13282e-10 2.91304e-06 0.00126125 0.0660086 0.41759 0.319668 0.044299 0.0791796 0.0521397 0.0116559 0.00608114 0.0017312 0.000348058 3.25145e-05 1.91354e-06 4.31893e-08 2.52892e-10 3.00454e-13 6.15077e-17 1.95398e-21
 1.32014e-41 1.83227e-33 3.07401e-26 6.23403e-20 1.5282e-14 4.52833e-10 1.62198e-06 0.000702259 0.0367535 0.232516 0.179137 0.0711975 0.272132 0.16634 0.0279778 0.0107581 0.00204216 0.000397047 4.26917e-05 1.76235e-06 2.76675e-08 1.22199e-10 1.08711e-13 1.63651e-17 3.77007e-22
 2.21721e-41 3.07734e-33 5.16287e-26 1.04702e-19 2.56665e-14 7.60544e-10 2.72415e-06 0.00117946 0.0617283 0.390512 0.299129 0.046758 0.0887825 0.0563206 0.0349288 0.017912 0.00242649 0.000294981 2.47581e-05 9.98249e-07 1.16962e-08 3.44554e-11 2.16849e-14 2.36825e-18 3.94966e-23
 1.98615e-41 2.75665e-33 4.62486e-26 9.37911e-20 2.29918e-14 6.81289e-10 2.44027e-06 0.00105655 0.0552957 0.349819 0.268535 0.0610451 0.155346 0.0827084 0.0158743 0.00727759 0.00264484 0.000375014 1.90895e-05 5.27968e-07 5.17011e-09 1.1542e-11 4.89275e-15 3.60958e-19 4.20594e-24
 2.01542e-41 2.79728e-33 4.69301e-26 9.51733e-20 2.33306e-14 6.91329e-10 2.47623e-06 0.00107212 0.0561105 0.354975 0.27257 0.0616515 0.144578 0.0745722 0.023886 0.00894552 0.0013592 0.000257617 2.00334e-05 3.98351e-07 2.45882e-09 4.05843e-12 1.29282e-15 6.69389e-20 5.25537e-25
 1.9847e-41 2.75463e-33 4.62146e-26 9.37223e-20 2.29749e-14 6.80789e-10 2.43847e-06 0.00105578 0.0552551 0.349565 0.268713 0.0668487 0.153538 0.0734 0.0219001 0.00803553 0.00150657 0.000169197 1.11444e-05 2.79921e-07 1.45837e-09 1.54253e-12 3.29281e-16 1.2253e-20 6.93585e-26
 2.09767e-41 2.91143e-33 4.88453e-26 9.90573e-20 2.42827e-14 7.19542e-10 2.57728e-06 0.00111587 0.0584004 0.369463 0.283967 0.0658969 0.133379 0.0602898 0.0196748 0.00654099 0.00113395 0.000128754 6.30551e-06 1.18583e-07 6.19056e-10 5.88465e-13 8.95768e-17 2.17666e-21 8.25995e-27
 2.03536e-41 2.82494e-33 4.73942e-26 9.61145e-20 2.35613e-14 6.98166e-10 2.50072e-06 0.00108272 0.0566655 0.35849 0.276035 0.0735035 0.148101 0.0616307 0.0179826 0.00546993 0.000936818 9.46463e-05 4.15733e-06 5.97587e-08 2.24226e-10 1.78361e-13 2.37237e-17 4.59852e-22 1.24447e-27
 1.99195e-41 2.7647e-33 4.63836e-26 9.4065e-20 2.30589e-14 6.83278e-10 2.44739e-06 0.00105964 0.0554571 0.350849 0.270655 0.0796638 0.154592 0.0615116 0.0199477 0.00539193 0.000794362 7.22252e-05 2.75537e-06 3.26665e-08 9.27138e-11 5.22023e-14 5.14287e-18 7.91116e-23 1.72994e-28
 1.87308e-41 2.59971e-33 4.36156e-26 8.84516e-20 2.16829e-14 6.42503e-10 2.30134e-06 0.000996401 0.0521477 0.329919 0.255479 0.0911025 0.174678 0.0663322 0.0226261 0.00581671 0.000835181 6.33572e-05 1.99844e-06 1.938e-08 4.31427e-11 1.81664e-14 1.27651e-18 1.38204e-23 2.1809e-29
 1.68519e-41 2.33893e-33 3.92404e-26 7.95788e-20 1.95078e-14 5.78052e-10 2.07049e-06 0.00089645 0.0469166 0.296835 0.231409 0.106675 0.201965 0.0765603 0.0302224 0.0074045 0.00103876 7.19145e-05 1.86516e-06 1.40548e-08 2.41712e-11 7.72687e-15 4.02496e-19 3.15106e-24 3.51947e-30
 1.91616e-41 2.65951e-33 4.46188e-26 9.0486e-20 2.21816e-14 6.57281e-10 2.35427e-06 0.00101932 0.0533471 0.337516 0.262143 0.0952684 0.154179 0.0606955 0.0278342 0.00693026 0.000999373 6.38539e-05 1.43304e-06 8.57406e-09 1.10684e-11 2.62221e-15 1.00953e-19 5.79949e-25 4.70523e-31
 1.86741e-41 2.59184e-33 4.34835e-26 8.81837e-20 2.16172e-14 6.40557e-10 2.29437e-06 0.000993383 0.0519898 0.328942 0.256904 0.109363 0.168631 0.0566429 0.0204134 0.00526362 0.000803842 4.99765e-05 9.94604e-07 4.89007e-09 4.88321e-12 8.56335e-16 2.39183e-20 9.92814e-26 5.82174e-32
 1.84453e-41 2.56009e-33 4.29508e-26 8.71033e-20 2.13524e-14 6.32709e-10 2.26626e-06 0.000981213 0.0513528 0.324926 0.254899 0.11673 0.167707 0.0573015 0.0211851 0.00430657 0.000572955 3.52038e-05 6.44031e-07 2.68046e-09 2.12774e-12 2.84299e-16 5.86856e-21 1.76372e-26 7.40734e-33
 1.86101e-41 2.58295e-33 4.33344e-26 8.78813e-20 2.15431e-14 6.3836e-10 2.2865e-06 0.000989977 0.0518115 0.327842 0.258131 0.121505 0.160489 0.0545747 0.0201775 0.00400484 0.000449725 2.22376e-05 3.59377e-07 1.29363e-09 8.38623e-13 8.74789e-17 1.36634e-21 3.04064e-27 9.30789e-34
 1.94311e-41 2.6969e-33 4.52462e-26 9.17583e-20 2.24935e-14 6.66523e-10 2.38738e-06 0.00103365 0.0540973 0.342316 0.269858 0.121202 0.144231 0.0472944 0.0164823 0.00314138 0.000327816 1.33619e-05 1.66434e-07 4.8152e-10 2.54167e-13 2.1083e-17 2.54492e-22 4.27802e-28 9.72605e-35
 1.93761e-41 2.68928e-33 4.51182e-26 9.14988e-20 2.24299e-14 6.64638e-10 2.38062e-06 0.00103073 0.0539444 0.341377 0.270804 0.130024 0.143009 0.0436104 0.0136003 0.0023668 0.000223309 7.91188e-06 7.7992e-08 1.68437e-10 6.68943e-14 4.263e-18 3.96865e-23 5.0984e-29 8.744e-36
 1.97784e-41 2.74511e-33 4.60549e-26 9.33984e-20 2.28955e-14 6.78436e-10 2.43005e-06 0.00105213 0.0550643 0.348488 0.277392 0.131762 0.132231 0.0402776 0.0117992 0.00178295 0.000143619 4.29994e-06 3.4472e-08 5.71787e-11 1.66848e-14 7.7173e-19 5.25981e-24 5.00622e-30 6.40263e-37
 1.91048e-41 2.65162e-33 4.44864e-26 9.02175e-20 2.21157e-14 6.5533e-10 2.34729e-06 0.00101629 0.0531891 0.33668 0.271337 0.147088 0.138461 0.0399256 0.0107089 0.00148856 0.000100698 2.41431e-06 1.53024e-08 1.96699e-11 4.32281e-15 1.46499e-19 7.18594e-25 4.89237e-31 4.48678e-38
 1.96338e-41 2.72505e-33 4.57183e-26 9.27158e-20 2.27282e-14 6.73478e-10 2.41229e-06 0.00104444 0.0546621 0.346037 0.279658 0.145316 0.125051 0.0374468 0.00954113 0.00117262 6.7789e-05 1.302e-06 6.28994e-09 6.08735e-12 1.00133e-15 2.51507e-20 9.0299e-26 4.44534e-32 2.91957e-39
 1.93794e-41 2.68974e-33 4.51259e-26 9.15145e-20 2.24337e-14 6.64751e-10 2.38103e-06 0.0010309 0.0539541 0.341635 0.279382 0.155777 0.124077 0.0349007 0.00823705 0.00095623 4.70749e-05 7.24512e-07 2.68013e-09 1.91909e-12 2.30556e-16 4.22167e-21 1.10423e-26 3.95045e-33 1.87773e-40
 1.87359e-41 2.60042e-33 4.36275e-26 8.84757e-20 2.16888e-14 6.42678e-10 2.30197e-06 0.000996673 0.0521629 0.330415 0.274943 0.169515 0.127221 0.0360879 0.007817 0.000804652 3.45243e-05 4.33013e-07 1.2286e-09 6.53965e-13 5.72323e-17 7.54454e-22 1.41467e-27 3.62797e-34 1.23748e-41
 1.78935e-41 2.48349e-33 4.16658e-26 8.44974e-20 2.07135e-14 6.1378e-10 2.19846e-06 0.000951857 0.0498179 0.315733 0.268798 0.18471 0.132028 0.0390806 0.00809598 0.00075581 2.72547e-05 2.77804e-07 6.1542e-10 2.45679e-13 1.57378e-17 1.49885e-22 2.01403e-28 3.68212e-35 8.92978e-43
 1.82099e-41 2.52741e-33 4.24025e-26 8.59915e-20 2.10798e-14 6.24633e-10 2.23733e-06 0.000968689 0.0506992 0.321427 0.275534 0.182542 0.122538 0.0379542 0.00764328 0.000670672 2.07455e-05 1.69382e-07 2.90051e-10 8.76154e-14 4.16006e-18 2.8867e-23 2.7944e-29 3.65589e-36 6.31843e-44
#pred catch len freq
 2.56735e-27 2.5996e-27 4.30319e-26 8.53799e-20 2.09299e-14 6.20189e-10 2.22141e-06 0.000961787 0.0503365 0.318442 0.243749 0.0372199 0.112054 0.103495 0.026214 0.0340973 0.0159647 0.0140909 0.00953657 0.00784305 0.00654828 0.00593909 0.00618561 0.00559923 0.00172076
 2.56957e-27 2.60532e-27 4.76588e-26 9.5139e-20 2.33222e-14 6.91078e-10 2.47533e-06 0.00107172 0.05609 0.354841 0.271581 0.0396816 0.111236 0.102394 0.0200397 0.0200463 0.00790212 0.00515119 0.00287106 0.00199883 0.00145388 0.00117208 0.0011074 0.00101636 0.000343713
 2.56935e-27 2.60463e-27 4.69212e-26 9.35824e-20 2.29406e-14 6.79771e-10 2.43482e-06 0.00105419 0.0551723 0.349035 0.267168 0.0409519 0.124005 0.114064 0.0201275 0.0172358 0.00592368 0.00263156 0.00111001 0.000572101 0.000327965 0.000221245 0.000181368 0.000160086 5.64324e-05
 2.56928e-27 2.60444e-27 4.67555e-26 9.32328e-20 2.28549e-14 6.77231e-10 2.42573e-06 0.00105025 0.0549662 0.347731 0.266173 0.0410127 0.125166 0.115162 0.0208116 0.0185033 0.00605585 0.00218698 0.000723005 0.000248365 9.56315e-05 4.72779e-05 3.09848e-05 2.46727e-05 8.71336e-06
 2.57153e-27 2.61054e-27 5.21419e-26 1.04596e-19 2.56404e-14 7.59772e-10 2.72138e-06 0.00117825 0.0616655 0.390112 0.298511 0.0394856 0.0908252 0.0834591 0.0149616 0.0131366 0.00434647 0.00163697 0.000496741 0.00013212 3.2517e-05 9.66878e-06 4.25792e-06 2.76617e-06 9.39679e-07
 2.56856e-27 2.6024e-27 4.48839e-26 8.92842e-20 2.18869e-14 6.48549e-10 2.32299e-06 0.00100577 0.0526383 0.333004 0.254946 0.042149 0.141701 0.13029 0.0211291 0.0154154 0.00506535 0.00188014 0.000580338 0.000154518 3.04884e-05 5.47857e-06 1.24894e-06 5.38321e-07 1.6534e-07
 2.56844e-27 2.6022e-27 4.48081e-26 8.91249e-20 2.18479e-14 6.47392e-10 2.31885e-06 0.00100397 0.0525443 0.33241 0.254479 0.0412915 0.135504 0.124786 0.0240484 0.0234524 0.00739725 0.00220562 0.000660499 0.000174835 3.47766e-05 5.16606e-06 6.20311e-07 1.22785e-07 2.95386e-08
 2.57095e-27 2.60897e-27 5.07759e-26 1.01714e-19 2.4934e-14 7.3884e-10 2.6464e-06 0.00114579 0.0599665 0.379365 0.290308 0.0397291 0.0984415 0.0905175 0.0167524 0.0154588 0.00527802 0.00222696 0.00063645 0.000140525 2.71273e-05 3.99991e-06 3.78834e-07 3.06725e-08 4.01202e-09
 2.57031e-27 2.60718e-27 4.91161e-26 9.82124e-20 2.40756e-14 7.13403e-10 2.55529e-06 0.00110634 0.057902 0.366304 0.280352 0.0408458 0.113934 0.104675 0.0167593 0.0118953 0.00396589 0.00156959 0.000513433 0.000146005 2.49373e-05 3.32445e-06 3.03208e-07 1.61372e-08 7.87832e-10
 2.57051e-27 2.60772e-27 4.96077e-26 9.92495e-20 2.43298e-14 7.20936e-10 2.58227e-06 0.00111803 0.0585134 0.370172 0.283302 0.0405839 0.109869 0.100964 0.0168197 0.012952 0.00404728 0.00117112 0.000358963 0.000101848 2.18649e-05 2.99767e-06 2.41365e-07 1.15085e-08 2.88685e-10
 2.57062e-27 2.60801e-27 4.98581e-26 9.97778e-20 2.44593e-14 7.24774e-10 2.59602e-06 0.00112398 0.0588249 0.372142 0.284806 0.0405914 0.108869 0.10002 0.0162699 0.0119392 0.00379371 0.00119886 0.000329641 7.16126e-05 1.46159e-05 2.32518e-06 2.05391e-07 8.79282e-09 1.76204e-10
 2.57079e-27 2.60846e-27 5.02559e-26 1.00617e-19 2.4665e-14 7.30869e-10 2.61785e-06 0.00113343 0.0593196 0.375272 0.287194 0.0404569 0.106167 0.0975322 0.0159282 0.0117833 0.00370515 0.00110916 0.00031258 7.02318e-05 1.15012e-05 1.58472e-06 1.54967e-07 7.26588e-09 1.32144e-10
 2.57071e-27 2.60824e-27 5.00573e-26 1.00198e-19 2.45623e-14 7.27826e-10 2.60695e-06 0.00112871 0.0590726 0.373709 0.286003 0.0405627 0.10781 0.0990369 0.0159957 0.0115586 0.00363927 0.00109866 0.000304084 6.59637e-05 1.11414e-05 1.34355e-06 1.09986e-07 5.49619e-09 1.07287e-10
 2.57034e-27 2.60724e-27 4.91734e-26 9.83335e-20 2.41053e-14 7.14282e-10 2.55844e-06 0.00110771 0.0579733 0.366755 0.280696 0.0408082 0.113406 0.104206 0.0170014 0.0125508 0.00393391 0.00115642 0.000319991 6.94756e-05 1.13806e-05 1.36814e-06 1.01326e-07 4.31097e-09 8.70475e-11
 2.56947e-27 2.60489e-27 4.70836e-26 9.39247e-20 2.30245e-14 6.82257e-10 2.44373e-06 0.00105804 0.0553741 0.350312 0.268151 0.0414851 0.127371 0.11708 0.0190379 0.0139566 0.00439357 0.00132287 0.000363851 7.7339e-05 1.26587e-05 1.49373e-06 1.08186e-07 4.17933e-09 7.38568e-11
 2.57008e-27 2.60656e-27 4.85805e-26 9.70827e-20 2.37986e-14 7.05196e-10 2.52589e-06 0.00109362 0.0572359 0.36209 0.277135 0.0408664 0.116351 0.10695 0.0179752 0.014083 0.00443205 0.00132435 0.000366886 7.93305e-05 1.27978e-05 1.49304e-06 1.06566e-07 3.98648e-09 6.39825e-11
 2.57088e-27 2.60872e-27 5.04696e-26 1.01068e-19 2.47756e-14 7.34144e-10 2.62958e-06 0.00113851 0.0595854 0.376953 0.288479 0.0404847 0.105476 0.0968714 0.0153872 0.0107181 0.00341592 0.00110199 0.000307235 6.61918e-05 1.08237e-05 1.26134e-06 8.86649e-08 3.26305e-09 5.0385e-11
 2.57054e-27 2.60776e-27 4.96025e-26 9.92385e-20 2.43271e-14 7.20856e-10 2.58199e-06 0.0011179 0.0585069 0.370131 0.283275 0.040896 0.112262 0.103101 0.0159154 0.0103485 0.00321193 0.000906834 0.000255544 5.86004e-05 9.63011e-06 1.12971e-06 7.97112e-08 2.89306e-09 4.38219e-11
 2.57054e-27 2.60778e-27 4.96368e-26 9.93109e-20 2.43449e-14 7.21382e-10 2.58387e-06 0.00111872 0.0585496 0.370401 0.28348 0.0407766 0.11121 0.102158 0.0162528 0.0113532 0.00348536 0.000910317 0.000242483 5.01867e-05 8.5517e-06 1.03638e-06 7.35871e-08 2.6798e-09 4.01098e-11
 2.57102e-27 2.60908e-27 5.07788e-26 1.0172e-19 2.49354e-14 7.38881e-10 2.64655e-06 0.00114585 0.0599699 0.379386 0.290336 0.0405133 0.104389 0.0958439 0.0147705 0.00956391 0.00297015 0.000838882 0.000220598 4.21345e-05 6.52661e-06 7.71275e-07 5.69477e-08 2.09856e-09 3.14811e-11
 2.57151e-27 2.61039e-27 5.19303e-26 1.04149e-19 2.55309e-14 7.56527e-10 2.70975e-06 0.00117322 0.0614021 0.388446 0.29725 0.040209 0.097216 0.0892168 0.013458 0.00823577 0.00251954 0.00065509 0.000174495 3.53421e-05 5.22151e-06 5.58536e-07 3.91121e-08 1.48065e-09 2.25739e-11
 2.57161e-27 2.61066e-27 5.21659e-26 1.04646e-19 2.56528e-14 7.60137e-10 2.72268e-06 0.00117882 0.0616951 0.3903 0.298665 0.0402106 0.0962336 0.0882944 0.0130071 0.00743774 0.00225114 0.000550212 0.000141559 2.69277e-05 4.11994e-06 4.3958e-07 2.79982e-08 9.96286e-10 1.53905e-11
 2.57146e-27 2.61024e-27 5.17888e-26 1.03851e-19 2.54577e-14 7.54358e-10 2.70199e-06 0.00116986 0.0612261 0.387333 0.296402 0.0403331 0.0987559 0.090621 0.0134003 0.00774731 0.00232212 0.000528064 0.000131972 2.36208e-05 3.41058e-06 3.59912e-07 2.31064e-08 7.59284e-10 1.10123e-11
 2.57162e-27 2.61069e-27 5.21843e-26 1.04685e-19 2.56623e-14 7.60419e-10 2.72369e-06 0.00117926 0.061718 0.390445 0.298776 0.0402021 0.0960915 0.088165 0.0130159 0.00748923 0.00224805 0.00051675 0.000126921 2.12337e-05 2.90618e-06 2.8693e-07 1.78505e-08 5.8505e-10 7.94789e-12
 2.5717e-27 2.61091e-27 5.23819e-26 1.05102e-19 2.57644e-14 7.63447e-10 2.73454e-06 0.00118395 0.0619637 0.391999 0.299962 0.0401717 0.0950262 0.0871752 0.0127172 0.00705709 0.00211503 0.000483807 0.000119077 1.99944e-05 2.61888e-06 2.41211e-07 1.3982e-08 4.39833e-10 5.88747e-12
 2.5716e-27 2.61063e-27 5.21328e-26 1.04576e-19 2.56356e-14 7.5963e-10 2.72087e-06 0.00117803 0.0616539 0.390039 0.298467 0.0402523 0.0966906 0.0887101 0.0129732 0.00725374 0.00216356 0.000476646 0.000116418 1.94795e-05 2.55833e-06 2.2981e-07 1.23988e-08 3.61959e-10 4.62526e-12
 2.57169e-27 2.61087e-27 5.23435e-26 1.05021e-19 2.57446e-14 7.62859e-10 2.73243e-06 0.00118304 0.061916 0.391697 0.299732 0.0401833 0.0952765 0.0874066 0.0127656 0.00710874 0.00212229 0.000471046 0.000114102 1.84725e-05 2.40489e-06 2.15767e-07 1.14204e-08 3.11943e-10 3.69461e-12
 2.57122e-27 2.6096e-27 5.12257e-26 1.02663e-19 2.51665e-14 7.45729e-10 2.67108e-06 0.00115647 0.0605257 0.382902 0.293021 0.0404937 0.102354 0.0939433 0.014035 0.00835795 0.00249783 0.000552122 0.000133902 2.17582e-05 2.77459e-06 2.43249e-07 1.28065e-08 3.43217e-10 3.82615e-12
#obs catch len freq
 1.74732e-41 2.42516e-33 4.06872e-26 8.25128e-20 2.0227e-14 5.99364e-10 2.14682e-06 0.000929501 0.0486464 0.307751 0.235732 0.0441206 0.154208 0.130678 0.0371339 0.0286745 0.00876046 0.00276128 0.000536343 6.27107e-05 3.24349e-06 5.3908e-08 2.13166e-10 1.60802e-13 1.99912e-17
 1.7664e-41 2.45164e-33 4.11314e-26 8.34137e-20 2.04479e-14 6.05908e-10 2.17026e-06 0.000939649 0.0491775 0.311111 0.238355 0.045971 0.155891 0.125043 0.036365 0.0264872 0.0078506 0.00233906 0.000421825 4.29175e-05 1.81278e-06 2.33219e-08 6.86677e-11 3.75787e-14 3.33612e-18
 2.18215e-41 3.02868e-33 5.08123e-26 1.03046e-19 2.52606e-14 7.48518e-10 2.68107e-06 0.00116081 0.0607522 0.384336 0.294224 0.0432881 0.0986334 0.0745764 0.022156 0.015112 0.00433287 0.00120716 0.000200545 1.78938e-05 6.19446e-07 6.14328e-09 1.34149e-11 5.32142e-15 3.37703e-19
 1.74232e-41 2.41823e-33 4.05708e-26 8.22768e-20 2.01692e-14 5.9765e-10 2.14068e-06 0.000926842 0.0485072 0.306872 0.235344 0.0537156 0.183176 0.12853 0.0254044 0.0129071 0.00354911 0.000916247 0.000138569 1.07473e-05 3.06074e-07 2.35246e-09 3.81197e-12 1.09492e-15 4.96584e-20
 2.10983e-41 2.92831e-33 4.91284e-26 9.96315e-20 2.44235e-14 7.23713e-10 2.59222e-06 0.00112234 0.0587389 0.3716 0.284645 0.04746 0.113385 0.0765747 0.0271493 0.0158245 0.00287561 0.000544035 7.31874e-05 4.86824e-06 1.13178e-07 6.7643e-10 8.18971e-13 1.71043e-16 5.5522e-21
 2.38727e-41 3.31337e-33 5.55887e-26 1.12733e-19 2.76351e-14 8.18878e-10 2.93309e-06 0.00126993 0.0664629 0.420463 0.321912 0.0453896 0.0781553 0.0481729 0.0109748 0.0054013 0.00149624 0.000273463 2.37044e-05 1.23122e-06 2.29928e-08 1.06292e-10 9.64383e-14 1.47451e-17 3.44717e-22
 1.35536e-41 1.88115e-33 3.15602e-26 6.40035e-20 1.56897e-14 4.64915e-10 1.66525e-06 0.000720995 0.037734 0.238721 0.184088 0.0756162 0.27103 0.154433 0.02611 0.00945279 0.00174151 0.00031887 3.05175e-05 1.09025e-06 1.4241e-08 4.94815e-11 3.34704e-14 3.75186e-18 6.34865e-23
 2.24646e-41 3.11794e-33 5.23099e-26 1.06083e-19 2.60051e-14 7.70579e-10 2.76009e-06 0.00119502 0.0625427 0.395664 0.303137 0.0481274 0.0865843 0.0522365 0.033135 0.0151814 0.00195231 0.000223633 1.71304e-05 5.86564e-07 5.59496e-09 1.29775e-11 6.20788e-15 5.03711e-19 6.15916e-24
 2.02173e-41 2.80603e-33 4.7077e-26 9.54711e-20 2.34036e-14 6.93492e-10 2.48398e-06 0.00107548 0.0562861 0.356086 0.273472 0.0634433 0.151227 0.074888 0.0145811 0.00644753 0.00220417 0.000273431 1.25573e-05 3.00287e-07 2.37935e-09 4.12724e-12 1.32673e-15 7.27304e-20 6.20633e-25
 2.05576e-41 2.85325e-33 4.78692e-26 9.70778e-20 2.37975e-14 7.05163e-10 2.52578e-06 0.00109358 0.0572334 0.362079 0.278155 0.0638628 0.139501 0.0674043 0.021933 0.00742085 0.00110666 0.000194556 1.27767e-05 2.1236e-07 1.07039e-09 1.37415e-12 3.30172e-16 1.26779e-20 7.29223e-26
 2.0282e-41 2.81501e-33 4.72276e-26 9.57766e-20 2.34785e-14 6.95711e-10 2.49192e-06 0.00107892 0.0564662 0.357228 0.274762 0.0692306 0.14738 0.065912 0.0199149 0.00670561 0.0011901 0.00012131 7.15136e-06 1.45979e-07 6.00346e-10 4.92795e-13 7.95337e-17 2.1916e-21 9.07891e-27
 2.13951e-41 2.96949e-33 4.98194e-26 1.01033e-19 2.4767e-14 7.33891e-10 2.62868e-06 0.00113813 0.0595651 0.376833 0.28979 0.0678816 0.12694 0.05383 0.0176763 0.00536528 0.000884454 8.99617e-05 3.82879e-06 6.00753e-08 2.46075e-10 1.78078e-13 2.03592e-17 3.66581e-22 1.01765e-27
 2.08179e-41 2.88939e-33 4.84756e-26 9.83075e-20 2.40989e-14 7.14095e-10 2.55777e-06 0.00110743 0.0579583 0.366672 0.282535 0.0756885 0.140202 0.0546309 0.0159614 0.00445634 0.000718206 6.47692e-05 2.44368e-06 2.87766e-08 8.5228e-11 5.16276e-14 5.11678e-18 7.31399e-23 1.44884e-28
 2.04257e-41 2.83495e-33 4.75622e-26 9.64552e-20 2.36449e-14 7.00641e-10 2.50958e-06 0.00108656 0.0568663 0.359767 0.277773 0.0819203 0.145586 0.0545055 0.0175272 0.00431729 0.000597727 4.83303e-05 1.56837e-06 1.50886e-08 3.34589e-11 1.43237e-14 1.05108e-18 1.18772e-23 1.89342e-29
 1.92921e-41 2.67761e-33 4.49225e-26 9.1102e-20 2.23326e-14 6.61755e-10 2.3703e-06 0.00102626 0.0537103 0.339808 0.263451 0.0937929 0.164222 0.0589217 0.0197601 0.00464542 0.000617224 4.13125e-05 1.10403e-06 8.62235e-09 1.48961e-11 4.74385e-15 2.47692e-19 1.96795e-24 2.25865e-30
 1.74868e-41 2.42705e-33 4.07188e-26 8.2577e-20 2.02428e-14 5.9983e-10 2.14849e-06 0.000930224 0.0486843 0.308024 0.240548 0.110111 0.189988 0.0687098 0.0262941 0.00590109 0.000759823 4.59122e-05 9.96715e-07 6.02066e-09 7.99949e-12 1.92614e-15 7.4341e-20 4.26468e-25 3.46305e-31
 1.9758e-41 2.74228e-33 4.60075e-26 9.33022e-20 2.28719e-14 6.77737e-10 2.42755e-06 0.00105104 0.0550074 0.348027 0.270666 0.0973506 0.143326 0.054486 0.0238565 0.00547295 0.000714282 3.95035e-05 7.33515e-07 3.48469e-09 3.45957e-12 6.15693e-16 1.75221e-20 7.36285e-26 4.33837e-32
 1.92897e-41 2.67728e-33 4.49169e-26 9.10906e-20 2.23298e-14 6.61672e-10 2.37e-06 0.00102613 0.0537036 0.339794 0.265836 0.111467 0.155953 0.0500715 0.01738 0.00416608 0.000569012 3.0291e-05 4.92891e-07 1.90703e-09 1.45511e-12 1.91008e-16 3.93636e-21 1.19345e-26 5.07613e-33
 1.90782e-41 2.64792e-33 4.44244e-26 9.00918e-20 2.20849e-14 6.54417e-10 2.34402e-06 0.00101488 0.0531147 0.336084 0.264175 0.118656 0.154609 0.0508587 0.0177293 0.00333205 0.000401615 2.09542e-05 3.09609e-07 1.00424e-09 6.05183e-13 6.02793e-17 9.15863e-22 2.00794e-27 6.1121e-34
 1.92507e-41 2.67186e-33 4.48261e-26 9.09064e-20 2.22846e-14 6.60334e-10 2.36521e-06 0.00102405 0.053595 0.339141 0.267595 0.122963 0.147202 0.0483698 0.0167372 0.00305279 0.000305112 1.2877e-05 1.67375e-07 4.65271e-10 2.27419e-13 1.76056e-17 2.0184e-22 3.27122e-28 7.25134e-35
 2.00484e-41 2.78259e-33 4.66837e-26 9.46736e-20 2.32081e-14 6.87699e-10 2.46323e-06 0.00106649 0.0558161 0.353208 0.279024 0.121882 0.131306 0.0416044 0.0135044 0.00236204 0.000216693 7.43054e-06 7.43108e-08 1.65679e-10 6.56004e-14 4.0201e-18 3.55085e-23 4.33846e-29 7.13378e-36
 1.99981e-41 2.7756e-33 4.65664e-26 9.44358e-20 2.31498e-14 6.85971e-10 2.45704e-06 0.00106381 0.0556759 0.352355 0.280165 0.130211 0.129553 0.038059 0.0110126 0.00175346 0.000144568 4.25865e-06 3.33519e-08 5.53085e-11 1.64494e-14 7.72311e-19 5.2454e-24 4.88643e-30 6.0516e-37
 2.03904e-41 2.83005e-33 4.748e-26 9.62884e-20 2.3604e-14 6.99429e-10 2.50524e-06 0.00108468 0.0567683 0.359296 0.286669 0.131258 0.119174 0.0349599 0.00940285 0.00129272 9.05378e-05 2.23766e-06 1.41325e-08 1.78812e-11 3.895e-15 1.32521e-19 6.57811e-25 4.53041e-31 4.17523e-38
 1.97476e-41 2.74084e-33 4.59833e-26 9.32532e-20 2.28599e-14 6.77381e-10 2.42627e-06 0.00105049 0.054979 0.348043 0.28128 0.146102 0.12449 0.0344676 0.00846238 0.00106072 6.17427e-05 1.21496e-06 6.0345e-09 5.88712e-12 9.62156e-16 2.39336e-20 8.54066e-26 4.20381e-32 2.77484e-39
 2.0259e-41 2.81181e-33 4.71739e-26 9.56678e-20 2.34518e-14 6.9492e-10 2.48909e-06 0.00107769 0.0564026 0.357095 0.289373 0.143601 0.112013 0.0321514 0.00742557 0.000818072 4.03259e-05 6.29637e-07 2.37179e-09 1.73627e-12 2.11782e-16 3.89565e-21 1.01607e-26 3.61364e-33 1.7077e-40
 2.00144e-41 2.77787e-33 4.66045e-26 9.45131e-20 2.31688e-14 6.86533e-10 2.45905e-06 0.00106468 0.0557221 0.352882 0.28943 0.153355 0.110754 0.0297459 0.00636125 0.000654934 2.7208e-05 3.37748e-07 9.68129e-10 5.22489e-13 4.64454e-17 6.21726e-22 1.17957e-27 3.0451e-34 1.04066e-41
 1.93958e-41 2.69201e-33 4.5164e-26 9.15917e-20 2.24526e-14 6.65312e-10 2.38304e-06 0.00103177 0.0540002 0.342121 0.285625 0.166489 0.113591 0.0306121 0.00596605 0.000542002 1.94491e-05 1.94857e-07 4.25966e-10 1.7027e-13 1.1001e-17 1.0587e-22 1.43838e-28 2.65903e-35 6.5146e-43
 1.85836e-41 2.57928e-33 4.32727e-26 8.77562e-20 2.15124e-14 6.37452e-10 2.28325e-06 0.000988568 0.0517396 0.328002 0.28027 0.181139 0.118158 0.0330594 0.00612679 0.000499485 1.49494e-05 1.20863e-07 2.05013e-10 6.12291e-14 2.8894e-18 2.00626e-23 1.95166e-29 2.57058e-36 4.47557e-44
#spawning biomass
 5238.19 7351.87 9732.69 11699.2 17364 27748.7 28826 33714.3 46033.4 56112.6 67514.5 87063.2 112592 140233 137050 119713 109590 109808 109669 99227.4 99938.7 106798 117292 122259 128462 138558 146751 185278 261494 262628 147040 76839 42402 27438.5 21420 19122.8 18277.9 17975.4 17869.2 17832.4 17819.9 17815.6 17814.2 17813.7 17813.6 17813.5 17813.5 17813.5 17813.5 17813.5 17813.5 17813.5 17813.5 17813.5 17813.5 17813.5 17813.5 17813.5 17813.5 17813.5 17813.5 17813.5 17813.5 17813.5 17813.5 17813.5 17813.5 17813.5 17813.5 17813.5 17813.5 17813.5 17813.5 17813.5 17813.5 17813.5 17813.5 17813.5 17813.5 17813.5 17813.5 17813.5 17813.5 17813.5 17813.5 17813.5 17813.5 17813.5 17813.5 17813.5 17813.5 17813.5 17813.5 17813.5 17813.5 17813.5 17813.5 17813.5 17813.5 17813.5 17813.5 17813.5 17813.5 17813.5 17813.5 17813.5 17813.5 17813.5 17813.5 17813.5 17813.5 17813.5 17813.5 17813.5 17813.5 17813.5 17813.5 17813.5 17813.5 17813.5 17813.5 17813.5 17813.5 17813.5 17813.5 17813.5 17813.5 17813.5 0 0 0 0 0 0 0 0 0 0 0 0 0 0 0 0 0 0 0 0 0 0 0 0 0
