SBPRF35
0.224663
Curr Bio
32364.9
B35
69958.3
F35
0.48033
FOFL
0.234855
OFL
9690.86
Bzero
64189.3
#pred survey bio
 7046.28 6865.03 7890.08 9770.2 12714.8 14870.8 14713.4 14220.3 21374.6 32967.1 34669.2 41276.1 68649 84086.9 65569.6 56550.9 52577.1 56207.3 53348.1 56650.5 56237.3 59343.8 66751.2 74759.7 79784.5 78405.6 76912.3 75661.8 2.83389e+06 2.00994e+06 1.73073e+06 1.33554e+06 1.0663e+06 916192 838405 799046 779047 768643 763031 759870 758013 756879 756165 755703 755402 755204 755072 754984 754924 754885 754858 754840 754827 754819 754813 754810 754807 754805 754804 754803 754803 754802 754802 754802 754802 754802 754802 754802 754802 754802 754802 754802 754802 754802 754802 754802 754802 754802 754802 754802 754802 754802 754802 754802 754802 754802 754802 754802 754802 754802 754802 754802 754802 754802 754802 754802 754802 754802 754802 754802 754802 754802 754802 754802 754802 754802 754802 754802 754802 754802 754802 754802 754802 754802 754802 754802 754802 754802 754802 754802 754802 754802 754802 754802 754802 754802 754802 754802 0 0 0 0 0 0 0 0 0 0 0 0 0 0 0 0 0 0 0 0 0 0 0 0 0
#obs survey bio
 6077.14 6717.8 9954.13 12597.6 21598.9 12941.3 8477.03 16134.9 33749.5 28847.5 25998.9 49473 71561.1 82779.9 43001.4 58764.8 60455.3 34811.8 45185.6 56071.5 54335.4 54883.2 60764.1 77257.7 87612.4 59906.6 52608.3 80917.3
#pred catch bio
 3858.81 3505.46 3840.33 4597.38 6294.1 7807.19 8908.11 8112.96 8242.38 17747.7 22062.9 17550.9 33180.3 55850.7 41615.2 36662 29371.7 35894.8 31284.7 35460.9 34877.2 33820.5 39410.3 45164.6 48263.3 46993 47343.4 42320.1 9690.86 25959.1 23327.7 17218.3 13077.7 10887.7 9831.95 9347.31 9131.44 9037.17 8996.54 8979.19 8971.82 8968.71 8967.4 8966.85 8966.61 8966.52 8966.48 8966.46 8966.45 8966.45 8966.45 8966.45 8966.45 8966.45 8966.45 8966.45 8966.45 8966.45 8966.45 8966.45 8966.45 8966.45 8966.45 8966.45 8966.45 8966.45 8966.45 8966.45 8966.45 8966.45 8966.45 8966.45 8966.45 8966.45 8966.45 8966.45 8966.45 8966.45 8966.45 8966.45 8966.45 8966.45 8966.45 8966.45 8966.45 8966.45 8966.45 8966.45 8966.45 8966.45 8966.45 8966.45 8966.45 8966.45 8966.45 8966.45 8966.45 8966.45 8966.45 8966.45 8966.45 8966.45 8966.45 8966.45 8966.45 8966.45 8966.45 8966.45 8966.45 8966.45 8966.45 8966.45 8966.45 8966.45 8966.45 8966.45 8966.45 8966.45 8966.45 8966.45 8966.45 8966.45 8966.45 8966.45 8966.45 8966.45 8966.45 8966.45 0 0 0 0 0 0 0 0 0 0 0 0 0 0 0 0 0 0 0 0 0 0 0 0 0
#obs catch bio
 3742.32 3553.25 3801.45 4548.24 6184.25 7752.69 9224.61 8371.47 8003.88 17404 22918.7 17260.8 32538.4 55241.1 42394 37830.7 28768 36552 31910.1 36035.1 35523.3 33628 40133.5 46457.2 48442.1 47344.2 48974.6 42711.2
#pred cpue bio
 5023.96 4607.7 5209.39 6394.57 8261.95 9967.26 10314.2 9177.29 12180.8 21680.3 23473.3 24018.5 42426.6 56449.1 44542.4 37716.8 33645.7 37353.4 34212.8 36797.6 36099.3 37448.3 43099.4 47174.8 51127.2 51845.5 50656.5 49040.6 1.87424e+06 1.6591e+06 1.56862e+06 1.20022e+06 931710 781316 703450 664075 644074 633670 628057 624897 623040 621906 621191 620729 620429 620230 620098 620010 619951 619911 619884 619866 619854 619845 619840 619836 619833 619832 619831 619830 619829 619829 619829 619828 619828 619828 619828 619828 619828 619828 619828 619828 619828 619828 619828 619828 619828 619828 619828 619828 619828 619828 619828 619828 619828 619828 619828 619828 619828 619828 619828 619828 619828 619828 619828 619828 619828 619828 619828 619828 619828 619828 619828 619828 619828 619828 619828 619828 619828 619828 619828 619828 619828 619828 619828 619828 619828 619828 619828 619828 619828 619828 619828 619828 619828 619828 619828 619828 0 0 0 0 0 0 0 0 0 0 0 0 0 0 0 0 0 0 0 0 0 0 0 0 0
#obs cpue bio
 4333.91 3279.39 6097.94 5932.84 6827.39 9121.94 7836.97 7423.17 19271.5 19558.1 18663.6 32243.5 47066.8 73376.4 31490.3 30236.1 45735.1 35390.4 26703.8 30822.1 32786.2 41906.5 31538.2 28232.5 51767.1 57384.7 37711.1 65596.3
#pred surv len freq
 2.14373e-27 2.16859e-27 6.14463e-27 1.36036e-21 8.09057e-17 1.10624e-12 3.47748e-09 2.51319e-06 0.000417562 0.0159506 0.140079 0.282824 0.13182 0.0283988 0.0882219 0.124002 0.0495342 0.0371951 0.0320878 0.0195623 0.0149998 0.0115713 0.0105909 0.00906405 0.00367895
 2.14286e-27 2.16725e-27 6.04112e-27 1.3253e-21 7.88207e-17 1.07773e-12 3.38786e-09 2.44842e-06 0.000406801 0.0155395 0.136469 0.275537 0.128569 0.0315741 0.109807 0.154276 0.058664 0.0354335 0.0276641 0.011335 0.00614257 0.0035268 0.00248997 0.00184031 0.000722669
 2.14343e-27 2.16891e-27 6.23639e-27 1.39161e-21 8.27645e-17 1.13166e-12 3.55738e-09 2.57093e-06 0.000427156 0.0163171 0.143297 0.289322 0.1349 0.0304201 0.0986086 0.138645 0.0553472 0.0411927 0.0323809 0.0114801 0.0047069 0.00167534 0.000731192 0.000403013 0.000143574
 2.14356e-27 2.16923e-27 6.26878e-27 1.40259e-21 8.34173e-17 1.14058e-12 3.58544e-09 2.59121e-06 0.000430525 0.0164458 0.144428 0.291604 0.135965 0.0307107 0.0996949 0.140089 0.0546505 0.0371248 0.0295014 0.0120328 0.0053052 0.00150236 0.000370065 0.000111139 3.09047e-05
 2.14383e-27 2.1699e-27 6.33955e-27 1.42659e-21 8.48449e-17 1.1601e-12 3.6468e-09 2.63555e-06 0.000437893 0.0167272 0.146899 0.296595 0.138265 0.030496 0.09688 0.136126 0.0533357 0.0368804 0.0291184 0.0112902 0.00498872 0.00155881 0.000338063 5.30906e-05 8.15749e-06
 2.14238e-27 2.16634e-27 5.96257e-27 1.29871e-21 7.72393e-17 1.05611e-12 3.31989e-09 2.3993e-06 0.00039864 0.0152278 0.133731 0.270009 0.126023 0.0318105 0.112918 0.158728 0.0612558 0.0396567 0.031054 0.0120008 0.00520524 0.00157902 0.000349745 4.74155e-05 3.92973e-06
 2.14079e-27 2.16254e-27 5.57455e-27 1.16715e-21 6.9415e-17 9.49127e-13 2.98359e-09 2.15625e-06 0.000358258 0.0136852 0.120184 0.242658 0.11338 0.031859 0.121457 0.170986 0.0685865 0.051992 0.0411565 0.01511 0.00625798 0.00186619 0.000403347 5.33487e-05 3.67415e-06
 2.14444e-27 2.17145e-27 6.51008e-27 1.48447e-21 8.82872e-17 1.20717e-12 3.79475e-09 2.74248e-06 0.000455659 0.0174059 0.152859 0.308627 0.143786 0.0293972 0.0865453 0.121644 0.0493705 0.0390763 0.0313811 0.0123054 0.0052943 0.00149928 0.000307908 3.9531e-05 2.59795e-06
 2.14731e-27 2.17833e-27 7.21426e-27 1.72322e-21 1.02487e-16 1.40132e-12 4.40508e-09 3.18356e-06 0.000528944 0.0202053 0.177444 0.358263 0.166726 0.0291801 0.0702599 0.0983334 0.0363499 0.0188604 0.014411 0.00583787 0.00262759 0.000786204 0.000162501 1.98727e-05 1.25169e-06
 2.1422e-27 2.16577e-27 5.88266e-27 1.27151e-21 7.56216e-17 1.03399e-12 3.25036e-09 2.34905e-06 0.000390291 0.0149088 0.13093 0.264355 0.123478 0.033644 0.125815 0.176676 0.0645037 0.0309442 0.0227007 0.00759135 0.00292291 0.000909475 0.000201123 2.53923e-05 1.56467e-06
 2.14238e-27 2.1664e-27 5.97935e-27 1.30445e-21 7.75809e-17 1.06078e-12 3.33458e-09 2.40991e-06 0.000400403 0.0152951 0.134322 0.271203 0.126534 0.0307334 0.105983 0.149182 0.0610623 0.0496549 0.0386971 0.0118484 0.00387113 0.000987007 0.000196054 2.56921e-05 1.64789e-06
 2.14701e-27 2.17763e-27 7.14565e-27 1.69998e-21 1.01104e-16 1.38242e-12 4.34565e-09 3.14062e-06 0.000521809 0.0199327 0.17505 0.35343 0.164481 0.0289008 0.0700117 0.0980714 0.0374506 0.0230931 0.0180688 0.00718809 0.0029791 0.000693724 0.000110534 1.22704e-05 7.63188e-07
 2.14462e-27 2.17169e-27 6.50801e-27 1.48363e-21 8.82375e-17 1.20649e-12 3.79262e-09 2.74093e-06 0.000455402 0.0173961 0.152773 0.308454 0.143794 0.0317384 0.10089 0.141494 0.0514038 0.0238896 0.0176305 0.00643637 0.0026816 0.000796463 0.000148327 1.44745e-05 7.49697e-07
 2.14202e-27 2.16542e-27 5.86042e-27 1.26404e-21 7.51772e-17 1.02791e-12 3.23126e-09 2.33524e-06 0.000387997 0.0148212 0.130161 0.262801 0.122712 0.0323899 0.118628 0.166789 0.0643439 0.0415058 0.0315078 0.00963273 0.00322074 0.000892441 0.000182641 2.12474e-05 1.10636e-06
 2.1416e-27 2.16442e-27 5.75774e-27 1.22922e-21 7.31065e-17 9.99602e-13 3.14226e-09 2.27092e-06 0.00037731 0.014413 0.126576 0.255563 0.11937 0.032507 0.121524 0.170895 0.0660956 0.0431608 0.033227 0.0112028 0.0039957 0.000918806 0.000153088 1.77678e-05 1.03841e-06
 2.14275e-27 2.16726e-27 6.06287e-27 1.33275e-21 7.92638e-17 1.08379e-12 3.40691e-09 2.46219e-06 0.000409088 0.0156269 0.137236 0.277086 0.129269 0.0311397 0.10669 0.150032 0.0593492 0.0426265 0.0333109 0.0115767 0.00436305 0.00108708 0.000177028 1.7172e-05 9.18445e-07
 2.14388e-27 2.16997e-27 6.33671e-27 1.42558e-21 8.47849e-17 1.15928e-12 3.64422e-09 2.63369e-06 0.000437583 0.0167154 0.146795 0.296385 0.138199 0.0313337 0.102057 0.143305 0.0542917 0.0321659 0.0246853 0.00897096 0.00355545 0.000922017 0.000160174 1.58759e-05 7.70028e-07
 2.14242e-27 2.16639e-27 5.96127e-27 1.29824e-21 7.72113e-17 1.05573e-12 3.31869e-09 2.39843e-06 0.000398495 0.0152222 0.133683 0.269911 0.125994 0.0322611 0.115698 0.162603 0.0620794 0.0381763 0.0291641 0.00987876 0.00371027 0.00100944 0.000187436 1.97029e-05 9.90094e-07
 2.14396e-27 2.17019e-27 6.36397e-27 1.43485e-21 8.53359e-17 1.16682e-12 3.6679e-09 2.6508e-06 0.000440427 0.016824 0.147749 0.298311 0.139073 0.0309074 0.0988749 0.13889 0.0537141 0.0350627 0.0269424 0.00897624 0.00324295 0.000822476 0.000148391 1.63903e-05 8.74341e-07
 2.1432e-27 2.16827e-27 6.15606e-27 1.3643e-21 8.114e-17 1.10945e-12 3.48755e-09 2.52047e-06 0.000418772 0.0159968 0.140485 0.283644 0.132334 0.032017 0.110069 0.154592 0.0582084 0.0334059 0.0254185 0.00896377 0.003423 0.000857325 0.000146989 1.55104e-05 8.37748e-07
 2.14374e-27 2.1696e-27 6.29822e-27 1.41253e-21 8.40083e-17 1.14866e-12 3.61084e-09 2.60957e-06 0.000433575 0.0165623 0.145451 0.293671 0.136947 0.0314168 0.103383 0.145201 0.0553695 0.033841 0.0256668 0.00825698 0.00289812 0.000751913 0.000132898 1.36284e-05 7.04379e-07
 2.14422e-27 2.17076e-27 6.41666e-27 1.45269e-21 8.63968e-17 1.18132e-12 3.7135e-09 2.68376e-06 0.000445902 0.0170332 0.149586 0.30202 0.140805 0.0313594 0.100516 0.141098 0.0530564 0.0302219 0.0227978 0.00758441 0.00270235 0.000649745 0.000109057 1.14004e-05 5.88223e-07
 2.14342e-27 2.16881e-27 6.21291e-27 1.38358e-21 8.22868e-17 1.12513e-12 3.53685e-09 2.55609e-06 0.00042469 0.0162229 0.14247 0.287653 0.134181 0.0318313 0.107727 0.151302 0.0572074 0.0335241 0.0253428 0.00831024 0.00294189 0.00072608 0.000120495 1.19151e-05 6.0402e-07
 2.14444e-27 2.17134e-27 6.48254e-27 1.47505e-21 8.77271e-17 1.19951e-12 3.77068e-09 2.72508e-06 0.000452768 0.0172954 0.151889 0.30667 0.142933 0.0307721 0.0955292 0.13413 0.0514357 0.0322973 0.0246757 0.00816708 0.00290905 0.000710683 0.000118081 1.17052e-05 5.75367e-07
 2.14349e-27 2.16895e-27 6.22271e-27 1.38688e-21 8.24832e-17 1.12781e-12 3.54529e-09 2.56219e-06 0.000425704 0.0162616 0.14281 0.28834 0.134513 0.0322155 0.109865 0.15424 0.0572059 0.0302119 0.0225894 0.00767806 0.00281956 0.000694249 0.000115197 1.13646e-05 5.57755e-07
 2.14255e-27 2.16671e-27 5.99457e-27 1.30953e-21 7.78827e-17 1.06491e-12 3.34755e-09 2.41928e-06 0.000401961 0.0153546 0.134845 0.272258 0.127078 0.0322269 0.114782 0.161316 0.0616979 0.0382409 0.0289363 0.00898138 0.00299131 0.000746358 0.000127188 1.26342e-05 6.18709e-07
 2.14309e-27 2.16807e-27 6.14411e-27 1.36029e-21 8.09016e-17 1.10619e-12 3.47731e-09 2.51306e-06 0.000417541 0.0159498 0.140072 0.282811 0.131919 0.0312238 0.105478 0.148268 0.0579762 0.0397079 0.0307952 0.010514 0.00381833 0.000890101 0.000141821 1.42017e-05 7.0637e-07
 2.14345e-27 2.16891e-27 6.22658e-27 1.38823e-21 8.25636e-17 1.12891e-12 3.54874e-09 2.56469e-06 0.000426119 0.0162774 0.142949 0.28862 0.134617 0.0315403 0.105659 0.148412 0.0565081 0.0343155 0.0263829 0.00947717 0.00370199 0.000939341 0.000155543 1.47611e-05 7.12649e-07
#obs surv len freq
 8.67889e-40 4.24771e-33 4.77959e-27 1.23644e-21 7.35355e-17 1.00547e-12 3.16069e-09 2.28424e-06 0.000379529 0.0144975 0.127317 0.257061 0.120054 0.0322649 0.119594 0.168176 0.0651016 0.0427153 0.0333128 0.0123771 0.00519168 0.00156279 0.000343082 4.6236e-05 3.18466e-06
 1.03671e-39 5.07399e-33 5.70933e-27 1.47695e-21 8.78398e-17 1.20105e-12 3.77551e-09 2.72857e-06 0.000453356 0.0173176 0.152083 0.307062 0.143107 0.0305768 0.0942184 0.132294 0.050924 0.0325665 0.0252279 0.00913465 0.00370288 0.00107061 0.000225828 2.9501e-05 1.96816e-06
 9.66562e-40 4.73065e-33 5.323e-27 1.37701e-21 8.1896e-17 1.11978e-12 3.52004e-09 2.54394e-06 0.000422679 0.0161458 0.141792 0.286286 0.133586 0.0328072 0.114096 0.160114 0.0580549 0.0266214 0.0195191 0.00690149 0.00271713 0.000759715 0.000153087 1.91146e-05 1.22912e-06
 1.04955e-39 5.13681e-33 5.78003e-27 1.49524e-21 8.89274e-17 1.21592e-12 3.82226e-09 2.76236e-06 0.000458969 0.017532 0.153966 0.310864 0.144894 0.03134 0.0977321 0.137118 0.0509248 0.0270746 0.0198951 0.00580831 0.00180795 0.000476908 9.21611e-05 1.09859e-05 6.74091e-07
 9.86191e-40 4.82672e-33 5.4311e-27 1.40497e-21 8.35591e-17 1.14252e-12 3.59152e-09 2.5956e-06 0.000431263 0.0164737 0.144672 0.2921 0.136276 0.0328793 0.112785 0.158223 0.056837 0.0243815 0.0173654 0.00538694 0.00173732 0.000382084 6.00819e-05 6.61625e-06 3.86625e-07
 8.12556e-40 3.9769e-33 4.47487e-27 1.15761e-21 6.88472e-17 9.41361e-13 2.95918e-09 2.1386e-06 0.000355332 0.0135732 0.1192 0.240673 0.112572 0.0347841 0.139912 0.19658 0.072018 0.0352709 0.0254494 0.00709898 0.0019915 0.000445446 6.66369e-05 6.07043e-06 3.06869e-07
 7.88653e-40 3.85991e-33 4.34323e-27 1.12355e-21 6.68219e-17 9.13669e-13 2.87213e-09 2.07569e-06 0.000344879 0.0131739 0.115694 0.233593 0.109252 0.0335298 0.134389 0.189067 0.0730567 0.047462 0.0359359 0.0106012 0.00315675 0.000646535 8.70475e-05 7.57634e-06 3.3891e-07
 1.32939e-39 6.50644e-33 7.32115e-27 1.89391e-21 1.12638e-16 1.54012e-12 4.84139e-09 3.49888e-06 0.000581344 0.0222066 0.195018 0.393746 0.183065 0.0274485 0.0489955 0.0683828 0.0261163 0.0160899 0.0123047 0.00417529 0.00149087 0.000326851 4.45342e-05 3.56054e-06 1.46179e-07
 1.10418e-39 5.40418e-33 6.08087e-27 1.57306e-21 9.35559e-17 1.27921e-12 4.0212e-09 2.90613e-06 0.000482858 0.0184446 0.16198 0.327044 0.152423 0.0326572 0.100896 0.141209 0.047328 0.00963827 0.00534802 0.0017416 0.000621114 0.00015546 2.48659e-05 2.11025e-06 8.42002e-08
 6.37191e-40 3.11861e-33 3.50911e-27 9.07773e-22 5.39887e-17 7.38198e-13 2.32053e-09 1.67705e-06 0.000278645 0.0106439 0.0934745 0.188735 0.0887074 0.0387101 0.179534 0.252213 0.0887624 0.0322375 0.0213291 0.00456332 0.000655882 0.000130479 2.17016e-05 2.10873e-06 9.37459e-08
 1.23192e-39 6.02938e-33 6.78436e-27 1.75505e-21 1.04379e-16 1.4272e-12 4.48641e-09 3.24234e-06 0.000538719 0.0205784 0.180719 0.364877 0.169735 0.02788 0.0603317 0.0845612 0.034587 0.0280222 0.0214054 0.00540609 0.00116794 0.000172095 1.35803e-05 1.01273e-06 4.77806e-08
 1.18224e-39 5.78625e-33 6.51078e-27 1.68428e-21 1.0017e-16 1.36965e-12 4.3055e-09 3.11159e-06 0.000516996 0.0197486 0.173432 0.350165 0.16306 0.0312586 0.0853901 0.119395 0.0402061 0.00883389 0.00519333 0.0019231 0.000725263 0.000135326 1.2956e-05 6.73508e-07 1.86929e-08
 8.84086e-40 4.32699e-33 4.8688e-27 1.25951e-21 7.49079e-17 1.02423e-12 3.21968e-09 2.32687e-06 0.000386612 0.0147681 0.129693 0.261859 0.122401 0.0356836 0.139018 0.194993 0.0670225 0.0192209 0.0118802 0.00256901 0.000398864 8.83637e-05 1.37036e-05 9.32636e-07 2.57486e-08
 9.26294e-40 4.53357e-33 5.10124e-27 1.31964e-21 7.84841e-17 1.07313e-12 3.37339e-09 2.43796e-06 0.00040507 0.0154731 0.135885 0.27436 0.12809 0.033304 0.120725 0.169525 0.0623708 0.0313279 0.0223125 0.0051718 0.000907526 0.000128863 1.09665e-05 8.41503e-07 3.2765e-08
 7.3827e-40 3.61332e-33 4.06577e-27 1.05178e-21 6.2553e-17 8.55299e-13 2.68864e-09 1.94309e-06 0.000322846 0.0123323 0.108302 0.218672 0.102455 0.0362445 0.155459 0.218426 0.0788018 0.034848 0.0247532 0.00708449 0.00194812 0.000320734 2.62153e-05 1.29992e-06 3.74348e-08
 1.11998e-39 5.48151e-33 6.16788e-27 1.59557e-21 9.48946e-17 1.29751e-12 4.07874e-09 2.94772e-06 0.000489767 0.0187085 0.164298 0.331723 0.154481 0.0298553 0.0823823 0.115572 0.0445658 0.0286694 0.0214962 0.00585944 0.0015474 0.000309733 3.64732e-05 2.11201e-06 5.1895e-08
 8.70447e-40 4.26023e-33 4.79368e-27 1.24008e-21 7.37522e-17 1.00843e-12 3.17e-09 2.29097e-06 0.000380648 0.0145403 0.127692 0.25782 0.120532 0.0356618 0.140103 0.196535 0.0677183 0.0200079 0.0130178 0.00423796 0.00142661 0.000286915 3.49828e-05 2.52437e-06 8.05568e-08
 9.56078e-40 4.67934e-33 5.26527e-27 1.36207e-21 8.10077e-17 1.10763e-12 3.48186e-09 2.51635e-06 0.000418094 0.0159707 0.140254 0.283181 0.13215 0.0328002 0.114991 0.161452 0.0596476 0.030717 0.0219872 0.00516469 0.00101351 0.000216571 3.17583e-05 2.43271e-06 8.64071e-08
 1.00991e-39 4.94282e-33 5.56174e-27 1.43877e-21 8.5569e-17 1.17e-12 3.67791e-09 2.65803e-06 0.000441636 0.0168699 0.148152 0.299125 0.139516 0.0326564 0.109306 0.153307 0.0549304 0.0231126 0.0162772 0.00472272 0.00132937 0.000226628 2.27253e-05 1.77122e-06 7.0954e-08
 8.64418e-40 4.23072e-33 4.76048e-27 1.23149e-21 7.32414e-17 1.00144e-12 3.14805e-09 2.2751e-06 0.000378011 0.0144395 0.126808 0.256034 0.119683 0.0350501 0.136907 0.192169 0.0680923 0.0262351 0.017949 0.0047676 0.00120994 0.000243643 2.95991e-05 1.89155e-06 6.19669e-08
 1.12022e-39 5.48272e-33 6.16925e-27 1.59593e-21 9.49157e-17 1.2978e-12 4.07965e-09 2.94837e-06 0.000489876 0.0187126 0.164334 0.331797 0.154547 0.0306944 0.0874822 0.122618 0.0451022 0.0226346 0.0162623 0.00416123 0.000962027 0.000177305 2.09294e-05 1.52639e-06 5.16669e-08
 8.89734e-40 4.35463e-33 4.8999e-27 1.26756e-21 7.53864e-17 1.03077e-12 3.24024e-09 2.34173e-06 0.000389082 0.0148624 0.130522 0.263532 0.123162 0.0353567 0.136518 0.191497 0.0661499 0.020076 0.0129762 0.00370571 0.00103813 0.000190302 2.04542e-05 1.39041e-06 4.83427e-08
 1.00422e-39 4.91497e-33 5.53041e-27 1.43066e-21 8.50869e-17 1.16341e-12 3.65719e-09 2.64306e-06 0.000439148 0.0167749 0.147317 0.29744 0.138723 0.0322791 0.107511 0.150876 0.055453 0.027683 0.0197281 0.0046689 0.000910403 0.000171534 2.11496e-05 1.4308e-06 4.62126e-08
 1.03265e-39 5.05409e-33 5.68694e-27 1.47116e-21 8.74953e-17 1.19634e-12 3.76071e-09 2.71787e-06 0.000451578 0.0172497 0.151487 0.305859 0.142625 0.0325653 0.106721 0.149622 0.0530743 0.0206444 0.0142704 0.00408609 0.00112999 0.000192263 1.83755e-05 1.23851e-06 4.27483e-08
 8.75678e-40 4.28584e-33 4.82249e-27 1.24753e-21 7.41954e-17 1.01449e-12 3.18905e-09 2.30474e-06 0.000382935 0.0146276 0.12846 0.259369 0.121225 0.0350447 0.135869 0.190681 0.067224 0.0248121 0.0167489 0.00430517 0.0010227 0.000200889 2.40023e-05 1.49577e-06 4.48138e-08
 9.23126e-40 4.51806e-33 5.0838e-27 1.31513e-21 7.82157e-17 1.06946e-12 3.36185e-09 2.42962e-06 0.000403685 0.0154202 0.13542 0.273421 0.127654 0.0332286 0.120547 0.169287 0.0624427 0.0318666 0.0229366 0.005806 0.0013041 0.000231504 2.58269e-05 1.82535e-06 6.03761e-08
 9.71831e-40 4.75644e-33 5.35202e-27 1.38452e-21 8.23424e-17 1.12588e-12 3.53923e-09 2.55781e-06 0.000424983 0.0162338 0.142565 0.287847 0.134315 0.0330196 0.114923 0.161257 0.0581929 0.0257862 0.0183387 0.00529381 0.00149859 0.000271875 2.82621e-05 1.83129e-06 6.07685e-08
 1.1295e-39 5.52814e-33 6.22035e-27 1.60915e-21 9.5702e-17 1.30855e-12 4.11344e-09 2.9728e-06 0.000493934 0.0188676 0.165696 0.334546 0.155831 0.0310605 0.0888883 0.124506 0.0444832 0.0183076 0.0127389 0.00345817 0.000911181 0.000184698 2.29434e-05 1.52614e-06 4.74475e-08
#pred catch len freq
 2.14042e-27 2.16013e-27 5.24024e-27 1.05359e-21 6.2661e-17 8.56777e-13 2.69329e-09 1.94645e-06 0.000323399 0.0123536 0.10849 0.219048 0.102362 0.0291353 0.111938 0.157658 0.0642271 0.0517839 0.0450359 0.0275382 0.0211162 0.0162574 0.0148598 0.0127118 0.00515904
 2.13933e-27 2.15858e-27 5.12999e-27 1.01627e-21 6.04416e-17 8.26431e-13 2.5979e-09 1.87751e-06 0.000311945 0.0119161 0.104648 0.211291 0.0989344 0.0333551 0.140043 0.197078 0.076203 0.0497845 0.0392909 0.016156 0.00876987 0.0050267 0.00354369 0.00261763 0.0010278
 2.13974e-27 2.15994e-27 5.30199e-27 1.07472e-21 6.39178e-17 8.73963e-13 2.74731e-09 1.98549e-06 0.000329886 0.0126014 0.110666 0.223442 0.104501 0.0319869 0.128029 0.180378 0.073627 0.0593808 0.0470913 0.0167578 0.00689137 0.00244992 0.0010674 0.000587862 0.000209393
 2.13981e-27 2.16014e-27 5.3229e-27 1.0818e-21 6.4339e-17 8.79721e-13 2.76541e-09 1.99857e-06 0.00033206 0.0126845 0.111396 0.224915 0.105198 0.0324385 0.130342 0.183521 0.0731048 0.0540441 0.0433953 0.0177822 0.00786339 0.00222495 0.000547195 0.000164149 4.56307e-05
 2.14022e-27 2.16114e-27 5.42843e-27 1.1176e-21 6.64679e-17 9.0883e-13 2.85692e-09 2.0647e-06 0.000343047 0.0131042 0.115082 0.232356 0.108629 0.0321851 0.126553 0.178176 0.0712013 0.0532445 0.0424327 0.0165114 0.00731274 0.00228263 0.0004944 7.75582e-05 1.19096e-05
 2.13885e-27 2.15776e-27 5.06814e-27 9.9537e-22 5.91984e-17 8.09433e-13 2.54446e-09 1.83889e-06 0.000305529 0.011671 0.102495 0.206946 0.0969337 0.0335775 0.142712 0.200928 0.0788953 0.0550424 0.0435137 0.0168658 0.00732881 0.00222054 0.00049113 6.65232e-05 5.5101e-06
 2.13758e-27 2.15477e-27 4.767e-27 8.93292e-22 5.31275e-17 7.26424e-13 2.28352e-09 1.65031e-06 0.000274196 0.0104741 0.0919842 0.185724 0.0871087 0.0332098 0.146864 0.207027 0.0844037 0.0678133 0.0540073 0.0198419 0.00821765 0.00244639 0.000527834 6.97435e-05 4.80061e-06
 2.14124e-27 2.16371e-27 5.70625e-27 1.21187e-21 7.20745e-17 9.85491e-13 3.0979e-09 2.23886e-06 0.000371984 0.0142095 0.124789 0.251955 0.117636 0.0307376 0.111809 0.157478 0.0650271 0.0545681 0.0440794 0.0172995 0.00744372 0.00210453 0.000431438 5.53334e-05 3.63446e-06
 2.14395e-27 2.17014e-27 6.35571e-27 1.43203e-21 8.51682e-17 1.16452e-12 3.66069e-09 2.64559e-06 0.000439561 0.0167909 0.147459 0.297725 0.138817 0.0312997 0.101446 0.142415 0.0535645 0.0306053 0.0237581 0.00968475 0.0043772 0.00130909 0.000270306 3.30305e-05 2.0794e-06
 2.13885e-27 2.15756e-27 5.02075e-27 9.79168e-22 5.82348e-17 7.96258e-13 2.50305e-09 1.80896e-06 0.000300556 0.011481 0.100827 0.203578 0.095465 0.0359298 0.158087 0.222277 0.0821027 0.0423254 0.0314432 0.0105384 0.00406415 0.00126294 0.000278892 3.51795e-05 2.16663e-06
 2.13937e-27 2.15911e-27 5.2209e-27 1.04724e-21 6.22831e-17 8.5161e-13 2.67705e-09 1.93471e-06 0.000321449 0.0122791 0.107836 0.217728 0.101862 0.0320584 0.13019 0.183523 0.0762009 0.064946 0.050838 0.0155567 0.00507585 0.00129157 0.000255989 3.35088e-05 2.1481e-06
 2.14369e-27 2.16956e-27 6.3023e-27 1.41395e-21 8.40931e-17 1.14982e-12 3.61448e-09 2.6122e-06 0.000434013 0.016579 0.145598 0.293967 0.137058 0.0307326 0.0991162 0.139261 0.0542116 0.0364846 0.0288879 0.0115487 0.00480253 0.00111778 0.000177864 1.97252e-05 1.22616e-06
 2.14119e-27 2.16331e-27 5.62718e-27 1.18487e-21 7.04688e-17 9.63535e-13 3.02889e-09 2.18898e-06 0.000363697 0.013893 0.122009 0.246343 0.115168 0.0341255 0.134183 0.188522 0.0693484 0.0349027 0.0261361 0.0095749 0.00399903 0.00118664 0.000220736 2.15218e-05 1.11397e-06
 2.13922e-27 2.15861e-27 5.14793e-27 1.02239e-21 6.08052e-17 8.31403e-13 2.61353e-09 1.8888e-06 0.000313822 0.0119878 0.105277 0.212563 0.0995474 0.0340281 0.143771 0.202369 0.078814 0.0530129 0.0404462 0.0123493 0.00411892 0.0011386 0.000232529 2.7023e-05 1.40632e-06
 2.13862e-27 2.15716e-27 4.99934e-27 9.72007e-22 5.78089e-17 7.90434e-13 2.48474e-09 1.79573e-06 0.000298358 0.0113971 0.10009 0.202089 0.0947098 0.0341519 0.147683 0.207929 0.0813537 0.0558523 0.0432576 0.0145781 0.00519446 0.00119243 0.000198228 2.29782e-05 1.34214e-06
 2.13986e-27 2.16025e-27 5.33187e-27 1.08483e-21 6.45192e-17 8.82185e-13 2.77316e-09 2.00417e-06 0.00033299 0.01272 0.111708 0.225545 0.105496 0.0326174 0.131246 0.184816 0.0739477 0.0555046 0.0435781 0.0151269 0.00569102 0.00141519 0.000229989 2.22817e-05 1.19083e-06
 2.14066e-27 2.16212e-27 5.51592e-27 1.1472e-21 6.82282e-17 9.32899e-13 2.93258e-09 2.11938e-06 0.000352132 0.0134512 0.118129 0.23851 0.111514 0.0332379 0.131125 0.184426 0.0707975 0.0447093 0.0346141 0.0125954 0.00499489 0.00129351 0.000224336 2.22132e-05 1.07673e-06
 2.1395e-27 2.15929e-27 5.21815e-27 1.0462e-21 6.22215e-17 8.50768e-13 2.6744e-09 1.9328e-06 0.000321131 0.012267 0.107729 0.217513 0.101835 0.0339913 0.142054 0.19989 0.0770955 0.049718 0.0382131 0.0129334 0.00485003 0.00131685 0.000244045 2.56257e-05 1.28692e-06
 2.14088e-27 2.16268e-27 5.57857e-27 1.16847e-21 6.94935e-17 9.502e-13 2.98696e-09 2.15869e-06 0.000358663 0.0137007 0.12032 0.242933 0.113536 0.0326355 0.126115 0.17745 0.0695326 0.0480322 0.0371641 0.0123861 0.00447394 0.00113285 0.000203998 2.25079e-05 1.19999e-06
 2.14028e-27 2.16116e-27 5.41074e-27 1.1115e-21 6.61053e-17 9.03873e-13 2.84134e-09 2.05344e-06 0.000341176 0.0130327 0.114454 0.23109 0.108106 0.0338523 0.137113 0.192831 0.0733109 0.0441853 0.0338501 0.0119291 0.00454967 0.0011374 0.000194607 2.05109e-05 1.10711e-06
 2.14083e-27 2.16252e-27 5.55576e-27 1.16071e-21 6.90317e-17 9.43885e-13 2.96711e-09 2.14434e-06 0.000356279 0.0136096 0.11952 0.241319 0.11281 0.0331895 0.129984 0.182829 0.0704497 0.0452214 0.0345171 0.0110976 0.00388993 0.00100729 0.000177688 1.82011e-05 9.40089e-07
 2.14111e-27 2.16318e-27 5.62251e-27 1.18333e-21 7.03772e-17 9.62282e-13 3.02495e-09 2.18614e-06 0.000363223 0.0138749 0.12185 0.246022 0.11499 0.0333168 0.129343 0.18186 0.0691996 0.0418648 0.0318532 0.0106049 0.0037795 0.000907438 0.000152022 1.58744e-05 8.18569e-07
 2.14033e-27 2.16128e-27 5.42407e-27 1.11603e-21 6.63745e-17 9.07553e-13 2.8529e-09 2.0618e-06 0.000342565 0.0130858 0.11492 0.23203 0.108537 0.0337327 0.136099 0.191431 0.0732252 0.0454325 0.0346162 0.0113552 0.00401907 0.000990396 0.000164057 1.62045e-05 8.20918e-07
 2.14152e-27 2.16422e-27 5.73746e-27 1.22235e-21 7.26976e-17 9.9401e-13 3.12468e-09 2.25822e-06 0.0003752 0.0143324 0.125868 0.254133 0.118709 0.0325067 0.121953 0.171515 0.0665186 0.0439641 0.0338073 0.0111858 0.00398057 0.000970758 0.00016097 1.59387e-05 7.82942e-07
 2.14051e-27 2.16167e-27 5.45838e-27 1.12763e-21 6.70647e-17 9.1699e-13 2.88257e-09 2.08324e-06 0.000346128 0.0132218 0.116115 0.234443 0.10967 0.034213 0.138304 0.19443 0.072805 0.0405591 0.0305768 0.0103919 0.00381342 0.000937379 0.000155236 1.52974e-05 7.50272e-07
 2.13944e-27 2.15913e-27 5.20078e-27 1.04031e-21 6.1871e-17 8.45975e-13 2.65933e-09 1.92191e-06 0.000319322 0.0121979 0.107123 0.216288 0.101271 0.0340495 0.142779 0.200934 0.0778049 0.0510379 0.0389035 0.0120789 0.00402211 0.00100196 0.000170432 1.69116e-05 8.27646e-07
 2.14006e-27 2.1607e-27 5.37531e-27 1.09955e-21 6.53943e-17 8.94151e-13 2.81077e-09 2.03135e-06 0.000337506 0.0128925 0.113223 0.228604 0.106919 0.0328354 0.131654 0.185337 0.0733904 0.0529186 0.0412833 0.0140911 0.00511343 0.00119005 0.000189217 1.89254e-05 9.40714e-07
 2.14018e-27 2.16096e-27 5.39536e-27 1.10631e-21 6.57967e-17 8.99653e-13 2.82807e-09 2.04386e-06 0.000339583 0.0129719 0.11392 0.230011 0.107591 0.0334177 0.134785 0.189625 0.0731999 0.0474175 0.0367729 0.0132277 0.00517085 0.00131034 0.000216622 2.05364e-05 9.90808e-07
#obs catch len freq
 4.13596e-40 2.02427e-33 2.27774e-27 5.89229e-22 3.50436e-17 4.79159e-13 1.50624e-09 1.08856e-06 0.000180866 0.00690885 0.0606735 0.12251 0.0579902 0.0360408 0.183197 0.258254 0.102624 0.0751034 0.0596413 0.0229945 0.0100052 0.00307907 0.000692619 9.61903e-05 6.87475e-06
 4.20712e-40 2.0591e-33 2.31693e-27 5.99367e-22 3.56466e-17 4.87403e-13 1.53216e-09 1.10729e-06 0.000183978 0.00702773 0.0617175 0.124618 0.0589766 0.0363583 0.1845 0.260039 0.10258 0.0729013 0.0574081 0.0213578 0.00896286 0.00269336 0.000590056 7.93879e-05 5.46129e-06
 5.71589e-40 2.79753e-33 3.14783e-27 8.14314e-22 4.84303e-17 6.62197e-13 2.08162e-09 1.50439e-06 0.000249957 0.00954803 0.0838508 0.169304 0.0795891 0.0351141 0.163437 0.230211 0.0902004 0.0623347 0.0487565 0.0176726 0.0071658 0.00206823 0.000435322 5.6772e-05 3.78277e-06
 5.16848e-40 2.52961e-33 2.84636e-27 7.36326e-22 4.37921e-17 5.98778e-13 1.88226e-09 1.36032e-06 0.000226018 0.00863361 0.0758204 0.153092 0.0722142 0.0383216 0.187904 0.264305 0.0969177 0.0478199 0.0355309 0.0125707 0.00494808 0.00138092 0.000277636 3.4605e-05 2.22227e-06
 6.02162e-40 2.94717e-33 3.3162e-27 8.57869e-22 5.10207e-17 6.97615e-13 2.19296e-09 1.58486e-06 0.000263326 0.0100587 0.0883357 0.17836 0.08383 0.0365642 0.169561 0.238584 0.0897321 0.0511155 0.0379578 0.0110837 0.00344797 0.000907728 0.000175006 2.08239e-05 1.27602e-06
 5.45499e-40 2.66984e-33 3.00415e-27 7.77144e-22 4.62197e-17 6.31971e-13 1.9866e-09 1.43572e-06 0.000238547 0.00911221 0.0800234 0.161578 0.0761475 0.0385911 0.186992 0.262936 0.0953506 0.0437229 0.0315503 0.00978812 0.00315475 0.000692637 0.000108625 1.19382e-05 6.9665e-07
 4.04094e-40 1.97776e-33 2.2254e-27 5.75691e-22 3.42385e-17 4.6815e-13 1.47163e-09 1.06355e-06 0.000176711 0.00675012 0.0592796 0.119697 0.0568277 0.039725 0.206537 0.290666 0.107629 0.0562248 0.0410089 0.011438 0.0032056 0.000715707 0.000106815 9.71189e-06 4.90159e-07
 3.91767e-40 1.91743e-33 2.15752e-27 5.5813e-22 3.31941e-17 4.53869e-13 1.42674e-09 1.03111e-06 0.00017132 0.00654421 0.0574713 0.116045 0.0550557 0.0374906 0.193998 0.2734 0.107089 0.0737882 0.0562668 0.0165892 0.00493302 0.00100856 0.000135428 1.17642e-05 5.25462e-07
 9.78525e-40 4.7892e-33 5.38889e-27 1.39405e-21 8.29096e-17 1.13364e-12 3.56361e-09 2.57543e-06 0.000427911 0.0163456 0.143547 0.289829 0.135164 0.0312244 0.103366 0.145237 0.056159 0.0366375 0.0282235 0.00956829 0.00341146 0.000746545 0.000101467 8.09721e-06 3.31916e-07
 6.91929e-40 3.38651e-33 3.81056e-27 9.85755e-22 5.86266e-17 8.01613e-13 2.51988e-09 1.82112e-06 0.000302582 0.0115582 0.101504 0.204948 0.0962264 0.0393424 0.178506 0.250477 0.0841837 0.0179247 0.0101849 0.00331459 0.00117963 0.000294592 4.70087e-05 3.98267e-06 1.58684e-07
 3.02648e-40 1.48125e-33 1.66673e-27 4.31167e-22 2.56431e-17 3.50623e-13 1.10219e-09 7.96554e-07 0.000132348 0.00505554 0.0443978 0.0896521 0.0430751 0.0433963 0.238004 0.334673 0.118472 0.0452288 0.0302874 0.00647839 0.000928588 0.000184155 3.05454e-05 2.96276e-06 1.31545e-07
 8.57727e-40 4.19798e-33 4.72364e-27 1.22196e-21 7.26746e-17 9.93693e-13 3.12368e-09 2.25749e-06 0.000375086 0.0143278 0.125827 0.254051 0.118624 0.031247 0.114289 0.160994 0.0667375 0.0565117 0.0433466 0.0109349 0.00235583 0.000346625 2.72666e-05 2.02676e-06 9.54693e-08
 7.96547e-40 3.89854e-33 4.3867e-27 1.1348e-21 6.74908e-17 9.22814e-13 2.90087e-09 2.09647e-06 0.000348331 0.0133058 0.116852 0.235933 0.110479 0.037422 0.157444 0.220853 0.0745754 0.0170639 0.010226 0.00378076 0.00142285 0.000265085 2.53163e-05 1.31357e-06 3.638e-08
 4.90732e-40 2.40179e-33 2.70254e-27 6.9912e-22 4.15793e-17 5.68522e-13 1.78715e-09 1.29158e-06 0.000214598 0.00819736 0.0719892 0.145358 0.0687648 0.0416855 0.210771 0.296091 0.102172 0.0306084 0.0191918 0.00414872 0.000641907 0.000141732 2.19331e-05 1.49073e-06 4.11025e-08
 5.23897e-40 2.56411e-33 2.88518e-27 7.46369e-22 4.43894e-17 6.06944e-13 1.90793e-09 1.37887e-06 0.000229101 0.00875136 0.0768544 0.15518 0.0731799 0.0383343 0.187354 0.2636 0.097765 0.051497 0.0369626 0.00856135 0.00149818 0.00021237 1.80135e-05 1.37833e-06 5.36044e-08
 3.72296e-40 1.82213e-33 2.05029e-27 5.30391e-22 3.15443e-17 4.31312e-13 1.35583e-09 9.79863e-07 0.000162806 0.00621896 0.054615 0.11028 0.0525201 0.040956 0.21689 0.305123 0.110868 0.0514897 0.0369125 0.0105517 0.00289476 0.000475922 3.88035e-05 1.91983e-06 5.51698e-08
 7.15437e-40 3.50157e-33 3.94002e-27 1.01925e-21 6.06184e-17 8.28847e-13 2.60549e-09 1.88299e-06 0.000312862 0.0119509 0.104953 0.211909 0.0992515 0.0341953 0.144988 0.204093 0.0795627 0.0537007 0.0404995 0.0110259 0.00290391 0.000580036 6.81401e-05 3.93977e-06 9.66655e-08
 4.77984e-40 2.3394e-33 2.63233e-27 6.80959e-22 4.04992e-17 5.53753e-13 1.74073e-09 1.25803e-06 0.000209023 0.00798441 0.0701191 0.141582 0.0670125 0.041506 0.210813 0.296174 0.102472 0.0316562 0.0208851 0.00678879 0.00227966 0.000457591 5.56369e-05 4.00723e-06 1.27718e-07
 5.49107e-40 2.6875e-33 3.02401e-27 7.82284e-22 4.65254e-17 6.3615e-13 1.99974e-09 1.44522e-06 0.000240125 0.00917247 0.0805527 0.162646 0.0766125 0.0378189 0.181956 0.256014 0.0953836 0.0515562 0.0371875 0.00872857 0.00170759 0.000363882 5.32287e-05 4.0704e-06 1.44366e-07
 6.02672e-40 2.94966e-33 3.31901e-27 8.58596e-22 5.10639e-17 6.98207e-13 2.19482e-09 1.5862e-06 0.00026355 0.0100673 0.0884106 0.178511 0.0839581 0.038109 0.178945 0.251547 0.0907189 0.0400205 0.0284519 0.00824403 0.00231477 0.000393986 3.93823e-05 3.06179e-06 1.22484e-07
 4.74471e-40 2.32221e-33 2.61298e-27 6.75954e-22 4.02015e-17 5.49683e-13 1.72793e-09 1.24878e-06 0.000207487 0.00792573 0.0696038 0.140541 0.0664917 0.0404485 0.204671 0.287737 0.102533 0.041338 0.0285694 0.00757953 0.00191765 0.000385277 4.66888e-05 2.97828e-06 9.73857e-08
 7.19816e-40 3.523e-33 3.96414e-27 1.02548e-21 6.09894e-17 8.3392e-13 2.62144e-09 1.89452e-06 0.000314777 0.0120241 0.105595 0.213206 0.0999085 0.035717 0.153887 0.216365 0.0802234 0.0422107 0.030561 0.00781168 0.00180077 0.000331176 3.89804e-05 2.83722e-06 9.59057e-08
 4.9351e-40 2.41539e-33 2.71783e-27 7.03078e-22 4.18147e-17 5.7174e-13 1.79727e-09 1.29889e-06 0.000215813 0.00824377 0.0723967 0.146181 0.069129 0.0412537 0.207886 0.29207 0.101328 0.0321752 0.0210827 0.00601367 0.0016803 0.000307458 3.29538e-05 2.23529e-06 7.75943e-08
 5.93605e-40 2.90528e-33 3.26907e-27 8.45678e-22 5.02957e-17 6.87702e-13 2.1618e-09 1.56234e-06 0.000259584 0.00991578 0.0870805 0.175825 0.0826911 0.0374329 0.175628 0.247046 0.0915511 0.0480039 0.0344862 0.00815561 0.00158577 0.000298072 3.66567e-05 2.47544e-06 7.98271e-08
 6.27258e-40 3.06999e-33 3.45441e-27 8.93622e-22 5.3147e-17 7.2669e-13 2.28436e-09 1.65091e-06 0.000274301 0.0104779 0.0920173 0.185793 0.087327 0.0381733 0.177143 0.248935 0.0888183 0.0361824 0.0252665 0.00722493 0.0019928 0.000338521 3.22585e-05 2.16904e-06 7.47554e-08
 4.79198e-40 2.34534e-33 2.63902e-27 6.82688e-22 4.0602e-17 5.55159e-13 1.74515e-09 1.26122e-06 0.000209554 0.00800469 0.0702972 0.141942 0.0671454 0.0406183 0.205286 0.288566 0.102314 0.0396166 0.0270462 0.00694572 0.00164537 0.000322491 3.84369e-05 2.3912e-06 7.15197e-08
 5.20898e-40 2.54944e-33 2.86867e-27 7.42097e-22 4.41352e-17 6.0347e-13 1.89701e-09 1.37098e-06 0.000227789 0.00870127 0.0764145 0.154291 0.0727635 0.0381813 0.186687 0.26268 0.097688 0.0522832 0.037918 0.00958852 0.0021476 0.000380461 4.23222e-05 2.98505e-06 9.86008e-08
 5.65732e-40 2.76887e-33 3.11557e-27 8.05969e-22 4.7934e-17 6.55411e-13 2.06029e-09 1.48898e-06 0.000247395 0.00945018 0.0829915 0.16757 0.0789082 0.0383304 0.183594 0.258156 0.0938087 0.04359 0.0312774 0.00901662 0.00254588 0.000461056 4.7796e-05 3.09042e-06 1.02384e-07
#spawning biomass
 3800.98 3163.84 3552.71 4311.06 5542.93 6788.94 7322.05 6199.93 7208.34 14160.2 16300.2 14643.3 26508.7 38190.2 30466.4 25731.1 21968.9 25068.5 22499.2 24193 23603.5 24063.1 28208.8 30552.6 33037.4 34607.8 34095.9 32364.9 35993.5 61792 65346.7 48151.5 35291 28458.2 25165.3 23654 22980.8 22686.8 22560.1 22506 22483 22473.3 22469.2 22467.5 22466.8 22466.5 22466.4 22466.3 22466.3 22466.3 22466.3 22466.3 22466.3 22466.3 22466.3 22466.3 22466.3 22466.3 22466.3 22466.3 22466.3 22466.3 22466.3 22466.3 22466.3 22466.3 22466.3 22466.3 22466.3 22466.3 22466.3 22466.3 22466.3 22466.3 22466.3 22466.3 22466.3 22466.3 22466.3 22466.3 22466.3 22466.3 22466.3 22466.3 22466.3 22466.3 22466.3 22466.3 22466.3 22466.3 22466.3 22466.3 22466.3 22466.3 22466.3 22466.3 22466.3 22466.3 22466.3 22466.3 22466.3 22466.3 22466.3 22466.3 22466.3 22466.3 22466.3 22466.3 22466.3 22466.3 22466.3 22466.3 22466.3 22466.3 22466.3 22466.3 22466.3 22466.3 22466.3 22466.3 22466.3 22466.3 22466.3 22466.3 22466.3 22466.3 22466.3 22466.3 0 0 0 0 0 0 0 0 0 0 0 0 0 0 0 0 0 0 0 0 0 0 0 0 0
