SBPRF35
0.224663
Curr Bio
31766.9
B35
69959.3
F35
0.493084
FOFL
0.313639
OFL
16341
Bzero
64189.3
#pred survey bio
 7035.99 6496.36 7463.19 9298.96 12219.8 14325.8 14109.6 13601.7 20703.3 31768.1 32878.2 39874.1 67222 81402.9 63662.5 54671.8 51376.8 54369.8 51860.8 55159.7 54480.1 57650.7 64692.7 72886.2 77751.7 76121.9 75991.7 85972.6 3.80915e+06 2.65534e+06 2.16664e+06 1.57813e+06 1.19573e+06 984400 875008 819511 791115 776170 767984 763296 760496 758762 757656 756937 756465 756152 755944 755804 755710 755647 755604 755576 755556 755543 755534 755528 755524 755521 755519 755518 755517 755517 755516 755516 755516 755516 755515 755515 755515 755515 755515 755515 755515 755515 755515 755515 755515 755515 755515 755515 755515 755515 755515 755515 755515 755515 755515 755515 755515 755515 755515 755515 755515 755515 755515 755515 755515 755515 755515 755515 755515 755515 755515 755515 755515 755515 755515 755515 755515 755515 755515 755515 755515 755515 755515 755515 755515 755515 755515 755515 755515 755515 755515 755515 755515 755515 755515 755515 0 0 0 0 0 0 0 0 0 0 0 0 0 0 0 0 0 0 0 0 0 0 0 0 0
#obs survey bio
 6077.14 6717.8 9954.13 12597.6 21598.9 12941.3 8477.03 16134.9 33749.5 28847.5 25998.9 49473 71561.1 82779.9 43001.4 58764.8 60455.3 34811.8 45185.6 56071.5 54335.4 54883.2 60764.1 77257.7 87612.4 59906.6 52608.3 80917.3
#pred catch bio
 3931.64 3485.82 3873 4639.58 6356.65 7879.91 8933.5 8115.35 8428.39 18050 21878.1 17894.7 33732.8 55801.3 41869.3 36553.9 29882.6 35977.2 31467.4 35746.5 34974.2 34324 39556.5 45356.2 48765.5 47317.7 47574.2 42668.5 16341 37811.1 31339.8 21124.2 15009.8 11891.2 10415.1 9747.26 9453.87 9327.44 9273.67 9251 9241.5 9237.53 9235.88 9235.2 9234.91 9234.8 9234.75 9234.73 9234.72 9234.72 9234.72 9234.72 9234.72 9234.72 9234.72 9234.72 9234.72 9234.72 9234.72 9234.72 9234.72 9234.72 9234.72 9234.72 9234.72 9234.72 9234.72 9234.72 9234.72 9234.72 9234.72 9234.72 9234.72 9234.72 9234.72 9234.72 9234.72 9234.72 9234.72 9234.72 9234.72 9234.72 9234.72 9234.72 9234.72 9234.72 9234.72 9234.72 9234.72 9234.72 9234.72 9234.72 9234.72 9234.72 9234.72 9234.72 9234.72 9234.72 9234.72 9234.72 9234.72 9234.72 9234.72 9234.72 9234.72 9234.72 9234.72 9234.72 9234.72 9234.72 9234.72 9234.72 9234.72 9234.72 9234.72 9234.72 9234.72 9234.72 9234.72 9234.72 9234.72 9234.72 9234.72 9234.72 9234.72 9234.72 9234.72 9234.72 0 0 0 0 0 0 0 0 0 0 0 0 0 0 0 0 0 0 0 0 0 0 0 0 0
#obs catch bio
 3742.32 3553.25 3801.45 4548.24 6184.25 7752.69 9224.61 8371.47 8003.88 17404 22918.7 17260.8 32538.4 55241.1 42394 37830.7 28768 36552 31910.1 36035.1 35523.3 33628 40133.5 46457.2 48442.1 47344.2 48974.6 42711.2
#pred cpue bio
 5208.41 4239.3 4653.65 5717.46 7450.63 9260.24 9783.61 8248.82 10222.2 20177 21642.1 20221.1 38149.5 53775 42259.5 35425.1 31001.3 35154.5 31350.1 34317.6 33333.2 34127.5 39650.8 43091.4 47611.2 48638.7 47492 49286.4 2.44405e+06 2.39438e+06 2.09677e+06 1.47121e+06 1.07565e+06 861329 751309 695681 667256 652305 644118 639429 636629 634895 633790 633070 632598 632286 632077 631938 631844 631781 631738 631709 631689 631676 631667 631661 631657 631655 631653 631651 631651 631650 631650 631649 631649 631649 631649 631649 631649 631649 631649 631649 631649 631649 631649 631649 631649 631649 631649 631649 631649 631649 631649 631649 631649 631649 631649 631649 631649 631649 631649 631649 631649 631649 631649 631649 631649 631649 631649 631649 631649 631649 631649 631649 631649 631649 631649 631649 631649 631649 631649 631649 631649 631649 631649 631649 631649 631649 631649 631649 631649 631649 631649 631649 631649 631649 631649 631649 0 0 0 0 0 0 0 0 0 0 0 0 0 0 0 0 0 0 0 0 0 0 0 0 0
#obs cpue bio
 4333.91 3279.39 6097.94 5932.84 6827.39 9121.94 7836.97 7423.17 19271.5 19558.1 18663.6 32243.5 47066.8 73376.4 31490.3 30236.1 45735.1 35390.4 26703.8 30822.1 32786.2 41906.5 31538.2 28232.5 51767.1 57384.7 37711.1 65596.3
#pred surv len freq
 2.14226e-27 2.16485e-27 5.74495e-27 1.22479e-21 7.28426e-17 9.95993e-13 3.13092e-09 2.26272e-06 0.000375948 0.014361 0.126119 0.254639 0.118803 0.0287837 0.099066 0.139379 0.0561022 0.0433386 0.0375222 0.0229334 0.0176062 0.0135865 0.0124322 0.0106344 0.00431499
 2.14336e-27 2.16847e-27 6.16719e-27 1.36806e-21 8.13636e-17 1.1125e-12 3.49716e-09 2.52741e-06 0.000419925 0.0160409 0.140872 0.284426 0.132669 0.0313073 0.105499 0.14817 0.0560513 0.0329972 0.02576 0.0108172 0.00607756 0.00362135 0.0025946 0.00192025 0.000753705
 2.1438e-27 2.1697e-27 6.3017e-27 1.41368e-21 8.40767e-17 1.1496e-12 3.61378e-09 2.61169e-06 0.000433928 0.0165758 0.145569 0.29391 0.137073 0.0318233 0.105792 0.148508 0.0552827 0.0298134 0.0223623 0.00764759 0.00308051 0.00116512 0.000544167 0.000306777 0.000109491
 2.14401e-27 2.17022e-27 6.35599e-27 1.43209e-21 8.51717e-17 1.16457e-12 3.66084e-09 2.6457e-06 0.00043958 0.0167916 0.147465 0.297737 0.138843 0.0318286 0.104671 0.146912 0.0545283 0.0289095 0.0214947 0.00696677 0.00247685 0.000682529 0.000176601 5.75177e-05 1.63866e-05
 2.14421e-27 2.17071e-27 6.40934e-27 1.45019e-21 8.62482e-17 1.17929e-12 3.70712e-09 2.67914e-06 0.000445136 0.0170039 0.149329 0.301501 0.140574 0.0316129 0.10222 0.143464 0.0534153 0.0288255 0.0214885 0.00694777 0.00242545 0.000609247 0.000113748 1.828e-05 3.02504e-06
 2.14268e-27 2.16694e-27 6.00727e-27 1.31378e-21 7.81358e-17 1.06837e-12 3.35843e-09 2.42715e-06 0.000403267 0.0154045 0.135283 0.273143 0.127523 0.0331823 0.120348 0.168985 0.061999 0.0306735 0.0225325 0.0072555 0.00251897 0.000624744 0.000107661 1.20835e-05 9.64868e-07
 2.14099e-27 2.16286e-27 5.58658e-27 1.17113e-21 6.96517e-17 9.52362e-13 2.99376e-09 2.1636e-06 0.000359479 0.0137319 0.120594 0.243486 0.113827 0.033583 0.131733 0.185219 0.0702816 0.0419101 0.0315098 0.00967753 0.00316449 0.000774835 0.000131519 1.35687e-05 7.55983e-07
 2.14449e-27 2.17145e-27 6.4918e-27 1.47819e-21 8.79134e-17 1.20206e-12 3.77869e-09 2.73087e-06 0.00045373 0.0173322 0.152212 0.307321 0.143239 0.0309137 0.0961973 0.135044 0.0513805 0.0310673 0.0236002 0.00776177 0.00272024 0.000640482 0.000103158 1.03502e-05 5.29787e-07
 2.14755e-27 2.17883e-27 7.25587e-27 1.73729e-21 1.03323e-16 1.41276e-12 4.44103e-09 3.20955e-06 0.000533262 0.0203702 0.178892 0.361188 0.168105 0.029919 0.0738894 0.103324 0.0364417 0.0135203 0.00937343 0.00304747 0.00107496 0.000268507 4.4748e-05 4.3232e-06 2.11466e-07
 2.1427e-27 2.16689e-27 5.98867e-27 1.30741e-21 7.77567e-17 1.06318e-12 3.34213e-09 2.41537e-06 0.00040131 0.0153298 0.134627 0.271818 0.126955 0.0343583 0.127927 0.179493 0.0633624 0.0236584 0.0161076 0.00439767 0.00121368 0.00029321 5.03967e-05 5.08711e-06 2.48458e-07
 2.1424e-27 2.16631e-27 5.94718e-27 1.29343e-21 7.69254e-17 1.05182e-12 3.3064e-09 2.38955e-06 0.00039702 0.0151659 0.133188 0.268912 0.12555 0.032724 0.118826 0.166983 0.0632959 0.0375128 0.0277568 0.00739174 0.0018651 0.000372535 5.25555e-05 5.15058e-06 2.59371e-07
 2.14727e-27 2.17817e-27 7.18892e-27 1.71459e-21 1.01973e-16 1.39431e-12 4.38302e-09 3.16762e-06 0.000526295 0.0201041 0.176555 0.356469 0.165922 0.0298527 0.0749072 0.104812 0.0377058 0.0163497 0.0116871 0.00366452 0.00117584 0.000233694 2.85565e-05 2.2837e-06 1.02336e-07
 2.14516e-27 2.17294e-27 6.62915e-27 1.52468e-21 9.06783e-17 1.23986e-12 3.89753e-09 2.81676e-06 0.000468 0.0178773 0.156999 0.316987 0.147759 0.0322694 0.10156 0.142302 0.0498701 0.017466 0.0117691 0.00339047 0.00101041 0.000233161 3.40378e-05 2.62849e-06 9.97015e-08
 2.14192e-27 2.16505e-27 5.80199e-27 1.24413e-21 7.3993e-17 1.01172e-12 3.18036e-09 2.29846e-06 0.000381885 0.0145878 0.12811 0.258662 0.120867 0.0342221 0.131061 0.184054 0.0669425 0.0312753 0.0222331 0.00581474 0.00143714 0.000300657 4.38336e-05 3.88176e-06 1.58699e-07
 2.14177e-27 2.16468e-27 5.76209e-27 1.23059e-21 7.31879e-17 1.00071e-12 3.14576e-09 2.27345e-06 0.00037773 0.014429 0.126717 0.255848 0.119573 0.034403 0.133013 0.186792 0.0677191 0.03097 0.0220592 0.00610831 0.00163604 0.000311508 3.79935e-05 3.12688e-06 1.34712e-07
 2.14262e-27 2.16681e-27 5.99344e-27 1.3091e-21 7.78569e-17 1.06455e-12 3.34644e-09 2.41848e-06 0.000401827 0.0153495 0.1348 0.272168 0.127071 0.0331488 0.120438 0.169145 0.06255 0.0324276 0.0236362 0.00661809 0.00182562 0.000367365 4.59722e-05 3.37955e-06 1.2866e-07
 2.14408e-27 2.17031e-27 6.35609e-27 1.43207e-21 8.51708e-17 1.16456e-12 3.66081e-09 2.64567e-06 0.000439575 0.0167915 0.147463 0.297735 0.138875 0.03271 0.110053 0.15436 0.0553172 0.0233042 0.0164202 0.00478723 0.00140978 0.000290645 3.78076e-05 2.88723e-06 1.06179e-07
 2.14246e-27 2.16634e-27 5.93716e-27 1.28997e-21 7.67194e-17 1.049e-12 3.29755e-09 2.38315e-06 0.000395956 0.0151253 0.132831 0.268192 0.125263 0.0339384 0.126456 0.177526 0.0641067 0.0285308 0.020199 0.00555701 0.00150865 0.000320469 4.43134e-05 3.52202e-06 1.34213e-07
 2.14411e-27 2.17041e-27 6.36887e-27 1.43642e-21 8.54293e-17 1.16809e-12 3.67192e-09 2.6537e-06 0.000440909 0.0168424 0.147911 0.298638 0.139283 0.0324545 0.108221 0.151821 0.0550136 0.0250739 0.0178256 0.00488004 0.00129626 0.000259517 3.40682e-05 2.78954e-06 1.11702e-07
 2.14331e-27 2.16842e-27 6.15413e-27 1.36356e-21 8.10959e-17 1.10884e-12 3.48566e-09 2.51909e-06 0.000418544 0.0159881 0.140408 0.283491 0.13232 0.0335279 0.119339 0.167432 0.0597022 0.0242026 0.0168435 0.00472277 0.00130505 0.000260858 3.30507e-05 2.56501e-06 1.0115e-07
 2.14371e-27 2.16941e-27 6.2592e-27 1.3992e-21 8.32156e-17 1.13783e-12 3.57677e-09 2.58494e-06 0.000429484 0.016406 0.144078 0.2909 0.135731 0.0331391 0.114732 0.160948 0.0575541 0.0238406 0.0165585 0.00435292 0.00107976 0.000216372 2.81096e-05 2.15538e-06 8.16116e-08
 2.14439e-27 2.17106e-27 6.43168e-27 1.4577e-21 8.66949e-17 1.1854e-12 3.72631e-09 2.69302e-06 0.000447441 0.0170919 0.150102 0.303062 0.141338 0.0327102 0.108448 0.152061 0.0539992 0.0211826 0.0145481 0.00384926 0.000954157 0.000179685 2.15633e-05 1.64323e-06 6.25384e-08
 2.14365e-27 2.16926e-27 6.24249e-27 1.39353e-21 8.28784e-17 1.13321e-12 3.56227e-09 2.57446e-06 0.000427743 0.0163395 0.143494 0.289721 0.13519 0.0332474 0.115749 0.162373 0.0579347 0.0235935 0.0163331 0.00430635 0.00106164 0.000200438 2.35703e-05 1.68505e-06 6.11502e-08
 2.14454e-27 2.17146e-27 6.47877e-27 1.47369e-21 8.76461e-17 1.1984e-12 3.7672e-09 2.72257e-06 0.00045235 0.0172795 0.151749 0.306387 0.142856 0.0322143 0.104419 0.146439 0.0528062 0.0232645 0.0163941 0.00438793 0.00111063 0.000210062 2.46056e-05 1.7418e-06 6.08704e-08
 2.14354e-27 2.16894e-27 6.20477e-27 1.38071e-21 8.21162e-17 1.12279e-12 3.52951e-09 2.55079e-06 0.00042381 0.0161892 0.142175 0.287057 0.133977 0.0337479 0.119607 0.167743 0.0589007 0.0209908 0.014125 0.00383954 0.00100376 0.00019351 2.30921e-05 1.63916e-06 5.68722e-08
 2.1427e-27 2.16693e-27 5.99789e-27 1.31056e-21 7.79441e-17 1.06575e-12 3.35019e-09 2.42119e-06 0.000402277 0.0153667 0.134951 0.272473 0.12724 0.0338843 0.124835 0.175222 0.0630478 0.027337 0.019092 0.00481748 0.00109205 0.000208308 2.56137e-05 1.8601e-06 6.53384e-08
 2.14347e-27 2.16887e-27 6.2091e-27 1.38224e-21 8.22072e-17 1.12404e-12 3.53342e-09 2.55362e-06 0.00042428 0.0162072 0.142332 0.287375 0.134082 0.0326299 0.112686 0.158181 0.0581641 0.0291421 0.0210931 0.00582401 0.00154076 0.000281654 3.11746e-05 2.22654e-06 8.00071e-08
 2.14514e-27 2.17294e-27 6.63405e-27 1.52636e-21 9.07786e-17 1.24124e-12 3.90184e-09 2.81987e-06 0.000468517 0.017897 0.157173 0.317337 0.147902 0.031782 0.0984796 0.138041 0.0494782 0.0208736 0.0147147 0.00429645 0.00126427 0.000255697 3.12348e-05 2.14908e-06 7.25342e-08
#obs surv len freq
 8.67889e-40 4.24771e-33 4.77959e-27 1.23644e-21 7.35355e-17 1.00547e-12 3.16069e-09 2.28424e-06 0.000379529 0.0144975 0.127317 0.257061 0.120054 0.0322649 0.119594 0.168176 0.0651016 0.0427153 0.0333128 0.0123771 0.00519168 0.00156279 0.000343082 4.6236e-05 3.18466e-06
 1.03671e-39 5.07399e-33 5.70933e-27 1.47695e-21 8.78398e-17 1.20105e-12 3.77551e-09 2.72857e-06 0.000453356 0.0173176 0.152083 0.307062 0.143107 0.0305768 0.0942184 0.132294 0.050924 0.0325665 0.0252279 0.00913465 0.00370288 0.00107061 0.000225828 2.9501e-05 1.96816e-06
 9.66562e-40 4.73065e-33 5.323e-27 1.37701e-21 8.1896e-17 1.11978e-12 3.52004e-09 2.54394e-06 0.000422679 0.0161458 0.141792 0.286286 0.133586 0.0328072 0.114096 0.160114 0.0580549 0.0266214 0.0195191 0.00690149 0.00271713 0.000759715 0.000153087 1.91146e-05 1.22912e-06
 1.04955e-39 5.13681e-33 5.78003e-27 1.49524e-21 8.89274e-17 1.21592e-12 3.82226e-09 2.76236e-06 0.000458969 0.017532 0.153966 0.310864 0.144894 0.03134 0.0977321 0.137118 0.0509248 0.0270746 0.0198951 0.00580831 0.00180795 0.000476908 9.21611e-05 1.09859e-05 6.74091e-07
 9.86191e-40 4.82672e-33 5.4311e-27 1.40497e-21 8.35591e-17 1.14252e-12 3.59152e-09 2.5956e-06 0.000431263 0.0164737 0.144672 0.2921 0.136276 0.0328793 0.112785 0.158223 0.056837 0.0243815 0.0173654 0.00538694 0.00173732 0.000382084 6.00819e-05 6.61625e-06 3.86625e-07
 8.12556e-40 3.9769e-33 4.47487e-27 1.15761e-21 6.88472e-17 9.41361e-13 2.95918e-09 2.1386e-06 0.000355332 0.0135732 0.1192 0.240673 0.112572 0.0347841 0.139912 0.19658 0.072018 0.0352709 0.0254494 0.00709898 0.0019915 0.000445446 6.66369e-05 6.07043e-06 3.06869e-07
 7.88653e-40 3.85991e-33 4.34323e-27 1.12355e-21 6.68219e-17 9.13669e-13 2.87213e-09 2.07569e-06 0.000344879 0.0131739 0.115694 0.233593 0.109252 0.0335298 0.134389 0.189067 0.0730567 0.047462 0.0359359 0.0106012 0.00315675 0.000646535 8.70475e-05 7.57634e-06 3.3891e-07
 1.32939e-39 6.50644e-33 7.32115e-27 1.89391e-21 1.12638e-16 1.54012e-12 4.84139e-09 3.49888e-06 0.000581344 0.0222066 0.195018 0.393746 0.183065 0.0274485 0.0489955 0.0683828 0.0261163 0.0160899 0.0123047 0.00417529 0.00149087 0.000326851 4.45342e-05 3.56054e-06 1.46179e-07
 1.10418e-39 5.40418e-33 6.08087e-27 1.57306e-21 9.35559e-17 1.27921e-12 4.0212e-09 2.90613e-06 0.000482858 0.0184446 0.16198 0.327044 0.152423 0.0326572 0.100896 0.141209 0.047328 0.00963827 0.00534802 0.0017416 0.000621114 0.00015546 2.48659e-05 2.11025e-06 8.42002e-08
 6.37191e-40 3.11861e-33 3.50911e-27 9.07773e-22 5.39887e-17 7.38198e-13 2.32053e-09 1.67705e-06 0.000278645 0.0106439 0.0934745 0.188735 0.0887074 0.0387101 0.179534 0.252213 0.0887624 0.0322375 0.0213291 0.00456332 0.000655882 0.000130479 2.17016e-05 2.10873e-06 9.37459e-08
 1.23192e-39 6.02938e-33 6.78436e-27 1.75505e-21 1.04379e-16 1.4272e-12 4.48641e-09 3.24234e-06 0.000538719 0.0205784 0.180719 0.364877 0.169735 0.02788 0.0603317 0.0845612 0.034587 0.0280222 0.0214054 0.00540609 0.00116794 0.000172095 1.35803e-05 1.01273e-06 4.77806e-08
 1.18224e-39 5.78625e-33 6.51078e-27 1.68428e-21 1.0017e-16 1.36965e-12 4.3055e-09 3.11159e-06 0.000516996 0.0197486 0.173432 0.350165 0.16306 0.0312586 0.0853901 0.119395 0.0402061 0.00883389 0.00519333 0.0019231 0.000725263 0.000135326 1.2956e-05 6.73508e-07 1.86929e-08
 8.84086e-40 4.32699e-33 4.8688e-27 1.25951e-21 7.49079e-17 1.02423e-12 3.21968e-09 2.32687e-06 0.000386612 0.0147681 0.129693 0.261859 0.122401 0.0356836 0.139018 0.194993 0.0670225 0.0192209 0.0118802 0.00256901 0.000398864 8.83637e-05 1.37036e-05 9.32636e-07 2.57486e-08
 9.26294e-40 4.53357e-33 5.10124e-27 1.31964e-21 7.84841e-17 1.07313e-12 3.37339e-09 2.43796e-06 0.00040507 0.0154731 0.135885 0.27436 0.12809 0.033304 0.120725 0.169525 0.0623708 0.0313279 0.0223125 0.0051718 0.000907526 0.000128863 1.09665e-05 8.41503e-07 3.2765e-08
 7.3827e-40 3.61332e-33 4.06577e-27 1.05178e-21 6.2553e-17 8.55299e-13 2.68864e-09 1.94309e-06 0.000322846 0.0123323 0.108302 0.218672 0.102455 0.0362445 0.155459 0.218426 0.0788018 0.034848 0.0247532 0.00708449 0.00194812 0.000320734 2.62153e-05 1.29992e-06 3.74348e-08
 1.11998e-39 5.48151e-33 6.16788e-27 1.59557e-21 9.48946e-17 1.29751e-12 4.07874e-09 2.94772e-06 0.000489767 0.0187085 0.164298 0.331723 0.154481 0.0298553 0.0823823 0.115572 0.0445658 0.0286694 0.0214962 0.00585944 0.0015474 0.000309733 3.64732e-05 2.11201e-06 5.1895e-08
 8.70447e-40 4.26023e-33 4.79368e-27 1.24008e-21 7.37522e-17 1.00843e-12 3.17e-09 2.29097e-06 0.000380648 0.0145403 0.127692 0.25782 0.120532 0.0356618 0.140103 0.196535 0.0677183 0.0200079 0.0130178 0.00423796 0.00142661 0.000286915 3.49828e-05 2.52437e-06 8.05568e-08
 9.56078e-40 4.67934e-33 5.26527e-27 1.36207e-21 8.10077e-17 1.10763e-12 3.48186e-09 2.51635e-06 0.000418094 0.0159707 0.140254 0.283181 0.13215 0.0328002 0.114991 0.161452 0.0596476 0.030717 0.0219872 0.00516469 0.00101351 0.000216571 3.17583e-05 2.43271e-06 8.64071e-08
 1.00991e-39 4.94282e-33 5.56174e-27 1.43877e-21 8.5569e-17 1.17e-12 3.67791e-09 2.65803e-06 0.000441636 0.0168699 0.148152 0.299125 0.139516 0.0326564 0.109306 0.153307 0.0549304 0.0231126 0.0162772 0.00472272 0.00132937 0.000226628 2.27253e-05 1.77122e-06 7.0954e-08
 8.64418e-40 4.23072e-33 4.76048e-27 1.23149e-21 7.32414e-17 1.00144e-12 3.14805e-09 2.2751e-06 0.000378011 0.0144395 0.126808 0.256034 0.119683 0.0350501 0.136907 0.192169 0.0680923 0.0262351 0.017949 0.0047676 0.00120994 0.000243643 2.95991e-05 1.89155e-06 6.19669e-08
 1.12022e-39 5.48272e-33 6.16925e-27 1.59593e-21 9.49157e-17 1.2978e-12 4.07965e-09 2.94837e-06 0.000489876 0.0187126 0.164334 0.331797 0.154547 0.0306944 0.0874822 0.122618 0.0451022 0.0226346 0.0162623 0.00416123 0.000962027 0.000177305 2.09294e-05 1.52639e-06 5.16669e-08
 8.89734e-40 4.35463e-33 4.8999e-27 1.26756e-21 7.53864e-17 1.03077e-12 3.24024e-09 2.34173e-06 0.000389082 0.0148624 0.130522 0.263532 0.123162 0.0353567 0.136518 0.191497 0.0661499 0.020076 0.0129762 0.00370571 0.00103813 0.000190302 2.04542e-05 1.39041e-06 4.83427e-08
 1.00422e-39 4.91497e-33 5.53041e-27 1.43066e-21 8.50869e-17 1.16341e-12 3.65719e-09 2.64306e-06 0.000439148 0.0167749 0.147317 0.29744 0.138723 0.0322791 0.107511 0.150876 0.055453 0.027683 0.0197281 0.0046689 0.000910403 0.000171534 2.11496e-05 1.4308e-06 4.62126e-08
 1.03265e-39 5.05409e-33 5.68694e-27 1.47116e-21 8.74953e-17 1.19634e-12 3.76071e-09 2.71787e-06 0.000451578 0.0172497 0.151487 0.305859 0.142625 0.0325653 0.106721 0.149622 0.0530743 0.0206444 0.0142704 0.00408609 0.00112999 0.000192263 1.83755e-05 1.23851e-06 4.27483e-08
 8.75678e-40 4.28584e-33 4.82249e-27 1.24753e-21 7.41954e-17 1.01449e-12 3.18905e-09 2.30474e-06 0.000382935 0.0146276 0.12846 0.259369 0.121225 0.0350447 0.135869 0.190681 0.067224 0.0248121 0.0167489 0.00430517 0.0010227 0.000200889 2.40023e-05 1.49577e-06 4.48138e-08
 9.23126e-40 4.51806e-33 5.0838e-27 1.31513e-21 7.82157e-17 1.06946e-12 3.36185e-09 2.42962e-06 0.000403685 0.0154202 0.13542 0.273421 0.127654 0.0332286 0.120547 0.169287 0.0624427 0.0318666 0.0229366 0.005806 0.0013041 0.000231504 2.58269e-05 1.82535e-06 6.03761e-08
 9.71831e-40 4.75644e-33 5.35202e-27 1.38452e-21 8.23424e-17 1.12588e-12 3.53923e-09 2.55781e-06 0.000424983 0.0162338 0.142565 0.287847 0.134315 0.0330196 0.114923 0.161257 0.0581929 0.0257862 0.0183387 0.00529381 0.00149859 0.000271875 2.82621e-05 1.83129e-06 6.07685e-08
 1.1295e-39 5.52814e-33 6.22035e-27 1.60915e-21 9.5702e-17 1.30855e-12 4.11344e-09 2.9728e-06 0.000493934 0.0188676 0.165696 0.334546 0.155831 0.0310605 0.0888883 0.124506 0.0444832 0.0183076 0.0127389 0.00345817 0.000911181 0.000184698 2.29434e-05 1.52614e-06 4.74475e-08
#pred catch len freq
 2.13535e-27 2.14732e-27 3.87503e-27 5.90505e-22 3.51195e-17 4.80197e-13 1.50951e-09 1.09092e-06 0.000181255 0.00692383 0.0608055 0.122774 0.0579282 0.0311323 0.153143 0.216002 0.0881152 0.0713548 0.061826 0.0371273 0.0281426 0.0215033 0.0195642 0.0167013 0.00677363
 2.13603e-27 2.15042e-27 4.26362e-27 7.22382e-22 4.29628e-17 5.87439e-13 1.84662e-09 1.33456e-06 0.000221735 0.00847013 0.0743851 0.150193 0.070785 0.0359536 0.174321 0.245427 0.0936657 0.0575907 0.0451246 0.0186632 0.0103239 0.00608727 0.00433317 0.00319905 0.00125494
 2.13637e-27 2.15148e-27 4.38256e-27 7.62716e-22 4.53616e-17 6.20239e-13 1.94973e-09 1.40907e-06 0.000234116 0.00894306 0.0785384 0.158579 0.0747067 0.037149 0.179093 0.252033 0.0945853 0.0533201 0.0402 0.0135766 0.00538196 0.00201422 0.000933038 0.000524257 0.000186964
 2.13644e-27 2.1517e-27 4.40621e-27 7.70732e-22 4.58383e-17 6.26757e-13 1.97022e-09 1.42388e-06 0.000236576 0.00903704 0.0793638 0.160245 0.0754845 0.037344 0.179782 0.252985 0.0947163 0.0526937 0.0394157 0.0126285 0.00442081 0.00120731 0.00030966 0.000100357 2.85514e-05
 2.13681e-27 2.15261e-27 4.50292e-27 8.03543e-22 4.77897e-17 6.53439e-13 2.05409e-09 1.4845e-06 0.000246647 0.00942176 0.0827424 0.167066 0.0786253 0.0370035 0.175647 0.247162 0.0927312 0.0521768 0.0390876 0.0124904 0.00429324 0.00106953 0.000198126 3.16734e-05 5.22742e-06
 2.13548e-27 2.14931e-27 4.14811e-27 6.83154e-22 4.06297e-17 5.55539e-13 1.74635e-09 1.26209e-06 0.000209694 0.00801017 0.0703458 0.142038 0.0671171 0.0386736 0.193386 0.272091 0.100505 0.0518016 0.0382612 0.0121767 0.00416218 0.00102389 0.00017515 1.9571e-05 1.55798e-06
 2.13443e-27 2.14683e-27 3.90072e-27 5.99308e-22 3.56431e-17 4.87356e-13 1.53201e-09 1.10719e-06 0.000183957 0.00702705 0.0617119 0.124607 0.0590383 0.0381449 0.195413 0.275197 0.105008 0.064349 0.0484965 0.0147241 0.00473455 0.00114949 0.000193681 1.98995e-05 1.10582e-06
 2.13774e-27 2.15495e-27 4.75738e-27 8.89891e-22 5.29252e-17 7.23658e-13 2.27483e-09 1.64402e-06 0.000273152 0.0104342 0.0916339 0.185018 0.0868726 0.0356219 0.161802 0.227731 0.0870105 0.0536857 0.0408287 0.0132572 0.0045728 0.00106818 0.000170736 1.70577e-05 8.70982e-07
 2.14035e-27 2.16113e-27 5.38143e-27 1.10144e-21 6.55065e-17 8.95685e-13 2.8156e-09 2.03484e-06 0.000338086 0.0129146 0.113417 0.228997 0.107226 0.0361751 0.151923 0.213348 0.0757116 0.0295707 0.020722 0.0066612 0.00231469 0.000573569 9.49185e-05 9.13341e-06 4.45626e-07
 2.13573e-27 2.14976e-27 4.17343e-27 6.91636e-22 4.11342e-17 5.62437e-13 1.76803e-09 1.27776e-06 0.000212298 0.00810963 0.0712192 0.143802 0.0680004 0.0404836 0.203904 0.286616 0.101601 0.0392826 0.0269414 0.00728828 0.00197556 0.000472867 8.06855e-05 8.11241e-06 3.95293e-07
 2.13606e-27 2.15078e-27 4.31154e-27 7.38632e-22 4.39292e-17 6.00653e-13 1.88816e-09 1.36458e-06 0.000226723 0.00866066 0.0760584 0.153572 0.0723997 0.0373577 0.181878 0.256045 0.0972999 0.0583874 0.0432369 0.0114067 0.00282496 0.00055939 7.82493e-05 7.63221e-06 3.83415e-07
 2.14024e-27 2.16092e-27 5.36582e-27 1.09617e-21 6.51935e-17 8.91404e-13 2.80214e-09 2.02512e-06 0.00033647 0.0128529 0.112875 0.227903 0.1067 0.0356423 0.149001 0.209337 0.0757673 0.0342875 0.0246826 0.00765342 0.00241914 0.000477569 5.78987e-05 4.60724e-06 2.0584e-07
 2.13792e-27 2.15513e-27 4.73986e-27 8.83773e-22 5.25613e-17 7.18682e-13 2.25919e-09 1.63272e-06 0.000271274 0.0103625 0.0910039 0.183747 0.0864029 0.0387647 0.181371 0.254806 0.0896916 0.0326758 0.0222167 0.00633702 0.0018569 0.00042495 6.1614e-05 4.73959e-06 1.79265e-07
 2.13582e-27 2.15006e-27 4.21707e-27 7.06498e-22 4.20181e-17 5.74522e-13 1.80602e-09 1.30521e-06 0.000216859 0.00828388 0.0727495 0.146892 0.0693836 0.0392818 0.195637 0.275158 0.100216 0.0472429 0.0336098 0.00871032 0.00211174 0.000437734 6.33145e-05 5.58331e-06 2.27736e-07
 2.13544e-27 2.14913e-27 4.11846e-27 6.73046e-22 4.00285e-17 5.47319e-13 1.7205e-09 1.24341e-06 0.000206591 0.00789165 0.0693049 0.139937 0.0661815 0.0396303 0.19986 0.281101 0.102168 0.0475244 0.0339227 0.00930002 0.00244708 0.000462368 5.593e-05 4.58e-06 1.96784e-07
 2.13636e-27 2.15145e-27 4.37214e-27 7.5914e-22 4.51489e-17 6.17331e-13 1.94059e-09 1.40247e-06 0.000233018 0.00890113 0.0781702 0.157835 0.0743976 0.0380686 0.184932 0.260177 0.096385 0.0504864 0.0368204 0.0102028 0.00276388 0.000551743 6.8524e-05 5.01476e-06 1.9034e-07
 2.13725e-27 2.15354e-27 4.58107e-27 8.29954e-22 4.93605e-17 6.74917e-13 2.12161e-09 1.53329e-06 0.000254754 0.00973144 0.0854621 0.172558 0.0812197 0.0384889 0.18306 0.257331 0.092539 0.039989 0.0282906 0.00816063 0.00236285 0.000483404 6.24046e-05 4.74492e-06 1.74028e-07
 2.13617e-27 2.15089e-27 4.30245e-27 7.35448e-22 4.37399e-17 5.98065e-13 1.88002e-09 1.3587e-06 0.000225746 0.00862334 0.0757306 0.15291 0.0721639 0.0392224 0.193459 0.272039 0.0984167 0.044358 0.0314488 0.00856564 0.00228288 0.000480797 6.59867e-05 5.22259e-06 1.98493e-07
 2.13749e-27 2.15416e-27 4.64962e-27 8.53225e-22 5.07445e-17 6.9384e-13 2.1811e-09 1.57628e-06 0.000261897 0.0100043 0.0878583 0.177395 0.0834356 0.0379371 0.178233 0.250592 0.0910594 0.0422916 0.0301423 0.00817204 0.00213194 0.000423347 5.51343e-05 4.49396e-06 1.7949e-07
 2.13699e-27 2.15287e-27 4.50603e-27 8.04479e-22 4.78454e-17 6.54201e-13 2.05649e-09 1.48623e-06 0.000246935 0.00943274 0.0828389 0.167262 0.078792 0.0390419 0.188032 0.264294 0.0943849 0.0387146 0.0269819 0.00748725 0.00203208 0.000402968 5.06589e-05 3.91346e-06 1.53895e-07
 2.13738e-27 2.15384e-27 4.6097e-27 8.39651e-22 4.99372e-17 6.82803e-13 2.1464e-09 1.55121e-06 0.000257731 0.00984515 0.0864606 0.174574 0.0821574 0.0386385 0.183366 0.257732 0.0923026 0.0386692 0.0268978 0.00700647 0.00170538 0.000338776 4.36744e-05 3.33414e-06 1.25896e-07
 2.13775e-27 2.15474e-27 4.7026e-27 8.7115e-22 5.18106e-17 7.08418e-13 2.22692e-09 1.6094e-06 0.0002674 0.0102145 0.0897042 0.181122 0.0851814 0.0385433 0.18081 0.25409 0.0904565 0.0361937 0.0249461 0.0065412 0.00159221 0.000297431 3.54071e-05 2.68529e-06 1.0192e-07
 2.13704e-27 2.153e-27 4.52068e-27 8.09449e-22 4.8141e-17 6.58242e-13 2.06919e-09 1.49541e-06 0.00024846 0.00949101 0.0833506 0.168295 0.0792674 0.0389808 0.187347 0.263339 0.0942015 0.0391225 0.0271735 0.00710058 0.00171881 0.000321889 3.75578e-05 2.67242e-06 9.66989e-08
 2.13816e-27 2.15579e-27 4.82003e-27 9.11017e-22 5.41816e-17 7.40837e-13 2.32883e-09 1.68305e-06 0.000279637 0.0106819 0.0938093 0.18941 0.0889783 0.0376173 0.17266 0.242691 0.0876677 0.0390965 0.0275904 0.00731494 0.00181768 0.000341045 3.96363e-05 2.79277e-06 9.73212e-08
 2.13708e-27 2.15305e-27 4.51794e-27 8.08486e-22 4.80837e-17 6.57459e-13 2.06673e-09 1.49363e-06 0.000248165 0.00947973 0.0832515 0.168095 0.0791989 0.0396173 0.191294 0.268786 0.0945472 0.0342241 0.0230983 0.00621827 0.00159646 0.000305344 3.61565e-05 2.55483e-06 8.83927e-08
 2.1361e-27 2.1507e-27 4.28018e-27 7.27881e-22 4.32898e-17 5.91911e-13 1.86068e-09 1.34472e-06 0.000223423 0.00853461 0.0749514 0.151337 0.071446 0.0394705 0.195449 0.274826 0.0991922 0.0439606 0.0308123 0.00771283 0.00171589 0.000324427 3.95839e-05 2.86181e-06 1.00248e-07
 2.1369e-27 2.15277e-27 4.50881e-27 8.05487e-22 4.79054e-17 6.5502e-13 2.05906e-09 1.48809e-06 0.000247244 0.00944456 0.0829426 0.167471 0.0788436 0.0378389 0.180625 0.254067 0.0936912 0.0477626 0.0346357 0.00946884 0.00246119 0.000446625 4.90363e-05 3.4847e-06 1.24866e-07
 2.1378e-27 2.15491e-27 4.72732e-27 8.79568e-22 5.23112e-17 7.15263e-13 2.24844e-09 1.62495e-06 0.000269984 0.0103132 0.090571 0.182872 0.0859667 0.0379131 0.176436 0.248006 0.0894117 0.0393471 0.0279447 0.00807758 0.00233894 0.000469596 5.69435e-05 3.90107e-06 1.31278e-07
#obs catch len freq
 4.13596e-40 2.02427e-33 2.27774e-27 5.89229e-22 3.50436e-17 4.79159e-13 1.50624e-09 1.08856e-06 0.000180866 0.00690885 0.0606735 0.12251 0.0579902 0.0360408 0.183197 0.258254 0.102624 0.0751034 0.0596413 0.0229945 0.0100052 0.00307907 0.000692619 9.61903e-05 6.87475e-06
 4.20712e-40 2.0591e-33 2.31693e-27 5.99367e-22 3.56466e-17 4.87403e-13 1.53216e-09 1.10729e-06 0.000183978 0.00702773 0.0617175 0.124618 0.0589766 0.0363583 0.1845 0.260039 0.10258 0.0729013 0.0574081 0.0213578 0.00896286 0.00269336 0.000590056 7.93879e-05 5.46129e-06
 5.71589e-40 2.79753e-33 3.14783e-27 8.14314e-22 4.84303e-17 6.62197e-13 2.08162e-09 1.50439e-06 0.000249957 0.00954803 0.0838508 0.169304 0.0795891 0.0351141 0.163437 0.230211 0.0902004 0.0623347 0.0487565 0.0176726 0.0071658 0.00206823 0.000435322 5.6772e-05 3.78277e-06
 5.16848e-40 2.52961e-33 2.84636e-27 7.36326e-22 4.37921e-17 5.98778e-13 1.88226e-09 1.36032e-06 0.000226018 0.00863361 0.0758204 0.153092 0.0722142 0.0383216 0.187904 0.264305 0.0969177 0.0478199 0.0355309 0.0125707 0.00494808 0.00138092 0.000277636 3.4605e-05 2.22227e-06
 6.02162e-40 2.94717e-33 3.3162e-27 8.57869e-22 5.10207e-17 6.97615e-13 2.19296e-09 1.58486e-06 0.000263326 0.0100587 0.0883357 0.17836 0.08383 0.0365642 0.169561 0.238584 0.0897321 0.0511155 0.0379578 0.0110837 0.00344797 0.000907728 0.000175006 2.08239e-05 1.27602e-06
 5.45499e-40 2.66984e-33 3.00415e-27 7.77144e-22 4.62197e-17 6.31971e-13 1.9866e-09 1.43572e-06 0.000238547 0.00911221 0.0800234 0.161578 0.0761475 0.0385911 0.186992 0.262936 0.0953506 0.0437229 0.0315503 0.00978812 0.00315475 0.000692637 0.000108625 1.19382e-05 6.9665e-07
 4.04094e-40 1.97776e-33 2.2254e-27 5.75691e-22 3.42385e-17 4.6815e-13 1.47163e-09 1.06355e-06 0.000176711 0.00675012 0.0592796 0.119697 0.0568277 0.039725 0.206537 0.290666 0.107629 0.0562248 0.0410089 0.011438 0.0032056 0.000715707 0.000106815 9.71189e-06 4.90159e-07
 3.91767e-40 1.91743e-33 2.15752e-27 5.5813e-22 3.31941e-17 4.53869e-13 1.42674e-09 1.03111e-06 0.00017132 0.00654421 0.0574713 0.116045 0.0550557 0.0374906 0.193998 0.2734 0.107089 0.0737882 0.0562668 0.0165892 0.00493302 0.00100856 0.000135428 1.17642e-05 5.25462e-07
 9.78525e-40 4.7892e-33 5.38889e-27 1.39405e-21 8.29096e-17 1.13364e-12 3.56361e-09 2.57543e-06 0.000427911 0.0163456 0.143547 0.289829 0.135164 0.0312244 0.103366 0.145237 0.056159 0.0366375 0.0282235 0.00956829 0.00341146 0.000746545 0.000101467 8.09721e-06 3.31916e-07
 6.91929e-40 3.38651e-33 3.81056e-27 9.85755e-22 5.86266e-17 8.01613e-13 2.51988e-09 1.82112e-06 0.000302582 0.0115582 0.101504 0.204948 0.0962264 0.0393424 0.178506 0.250477 0.0841837 0.0179247 0.0101849 0.00331459 0.00117963 0.000294592 4.70087e-05 3.98267e-06 1.58684e-07
 3.02648e-40 1.48125e-33 1.66673e-27 4.31167e-22 2.56431e-17 3.50623e-13 1.10219e-09 7.96554e-07 0.000132348 0.00505554 0.0443978 0.0896521 0.0430751 0.0433963 0.238004 0.334673 0.118472 0.0452288 0.0302874 0.00647839 0.000928588 0.000184155 3.05454e-05 2.96276e-06 1.31545e-07
 8.57727e-40 4.19798e-33 4.72364e-27 1.22196e-21 7.26746e-17 9.93693e-13 3.12368e-09 2.25749e-06 0.000375086 0.0143278 0.125827 0.254051 0.118624 0.031247 0.114289 0.160994 0.0667375 0.0565117 0.0433466 0.0109349 0.00235583 0.000346625 2.72666e-05 2.02676e-06 9.54693e-08
 7.96547e-40 3.89854e-33 4.3867e-27 1.1348e-21 6.74908e-17 9.22814e-13 2.90087e-09 2.09647e-06 0.000348331 0.0133058 0.116852 0.235933 0.110479 0.037422 0.157444 0.220853 0.0745754 0.0170639 0.010226 0.00378076 0.00142285 0.000265085 2.53163e-05 1.31357e-06 3.638e-08
 4.90732e-40 2.40179e-33 2.70254e-27 6.9912e-22 4.15793e-17 5.68522e-13 1.78715e-09 1.29158e-06 0.000214598 0.00819736 0.0719892 0.145358 0.0687648 0.0416855 0.210771 0.296091 0.102172 0.0306084 0.0191918 0.00414872 0.000641907 0.000141732 2.19331e-05 1.49073e-06 4.11025e-08
 5.23897e-40 2.56411e-33 2.88518e-27 7.46369e-22 4.43894e-17 6.06944e-13 1.90793e-09 1.37887e-06 0.000229101 0.00875136 0.0768544 0.15518 0.0731799 0.0383343 0.187354 0.2636 0.097765 0.051497 0.0369626 0.00856135 0.00149818 0.00021237 1.80135e-05 1.37833e-06 5.36044e-08
 3.72296e-40 1.82213e-33 2.05029e-27 5.30391e-22 3.15443e-17 4.31312e-13 1.35583e-09 9.79863e-07 0.000162806 0.00621896 0.054615 0.11028 0.0525201 0.040956 0.21689 0.305123 0.110868 0.0514897 0.0369125 0.0105517 0.00289476 0.000475922 3.88035e-05 1.91983e-06 5.51698e-08
 7.15437e-40 3.50157e-33 3.94002e-27 1.01925e-21 6.06184e-17 8.28847e-13 2.60549e-09 1.88299e-06 0.000312862 0.0119509 0.104953 0.211909 0.0992515 0.0341953 0.144988 0.204093 0.0795627 0.0537007 0.0404995 0.0110259 0.00290391 0.000580036 6.81401e-05 3.93977e-06 9.66655e-08
 4.77984e-40 2.3394e-33 2.63233e-27 6.80959e-22 4.04992e-17 5.53753e-13 1.74073e-09 1.25803e-06 0.000209023 0.00798441 0.0701191 0.141582 0.0670125 0.041506 0.210813 0.296174 0.102472 0.0316562 0.0208851 0.00678879 0.00227966 0.000457591 5.56369e-05 4.00723e-06 1.27718e-07
 5.49107e-40 2.6875e-33 3.02401e-27 7.82284e-22 4.65254e-17 6.3615e-13 1.99974e-09 1.44522e-06 0.000240125 0.00917247 0.0805527 0.162646 0.0766125 0.0378189 0.181956 0.256014 0.0953836 0.0515562 0.0371875 0.00872857 0.00170759 0.000363882 5.32287e-05 4.0704e-06 1.44366e-07
 6.02672e-40 2.94966e-33 3.31901e-27 8.58596e-22 5.10639e-17 6.98207e-13 2.19482e-09 1.5862e-06 0.00026355 0.0100673 0.0884106 0.178511 0.0839581 0.038109 0.178945 0.251547 0.0907189 0.0400205 0.0284519 0.00824403 0.00231477 0.000393986 3.93823e-05 3.06179e-06 1.22484e-07
 4.74471e-40 2.32221e-33 2.61298e-27 6.75954e-22 4.02015e-17 5.49683e-13 1.72793e-09 1.24878e-06 0.000207487 0.00792573 0.0696038 0.140541 0.0664917 0.0404485 0.204671 0.287737 0.102533 0.041338 0.0285694 0.00757953 0.00191765 0.000385277 4.66888e-05 2.97828e-06 9.73857e-08
 7.19816e-40 3.523e-33 3.96414e-27 1.02548e-21 6.09894e-17 8.3392e-13 2.62144e-09 1.89452e-06 0.000314777 0.0120241 0.105595 0.213206 0.0999085 0.035717 0.153887 0.216365 0.0802234 0.0422107 0.030561 0.00781168 0.00180077 0.000331176 3.89804e-05 2.83722e-06 9.59057e-08
 4.9351e-40 2.41539e-33 2.71783e-27 7.03078e-22 4.18147e-17 5.7174e-13 1.79727e-09 1.29889e-06 0.000215813 0.00824377 0.0723967 0.146181 0.069129 0.0412537 0.207886 0.29207 0.101328 0.0321752 0.0210827 0.00601367 0.0016803 0.000307458 3.29538e-05 2.23529e-06 7.75943e-08
 5.93605e-40 2.90528e-33 3.26907e-27 8.45678e-22 5.02957e-17 6.87702e-13 2.1618e-09 1.56234e-06 0.000259584 0.00991578 0.0870805 0.175825 0.0826911 0.0374329 0.175628 0.247046 0.0915511 0.0480039 0.0344862 0.00815561 0.00158577 0.000298072 3.66567e-05 2.47544e-06 7.98271e-08
 6.27258e-40 3.06999e-33 3.45441e-27 8.93622e-22 5.3147e-17 7.2669e-13 2.28436e-09 1.65091e-06 0.000274301 0.0104779 0.0920173 0.185793 0.087327 0.0381733 0.177143 0.248935 0.0888183 0.0361824 0.0252665 0.00722493 0.0019928 0.000338521 3.22585e-05 2.16904e-06 7.47554e-08
 4.79198e-40 2.34534e-33 2.63902e-27 6.82688e-22 4.0602e-17 5.55159e-13 1.74515e-09 1.26122e-06 0.000209554 0.00800469 0.0702972 0.141942 0.0671454 0.0406183 0.205286 0.288566 0.102314 0.0396166 0.0270462 0.00694572 0.00164537 0.000322491 3.84369e-05 2.3912e-06 7.15197e-08
 5.20898e-40 2.54944e-33 2.86867e-27 7.42097e-22 4.41352e-17 6.0347e-13 1.89701e-09 1.37098e-06 0.000227789 0.00870127 0.0764145 0.154291 0.0727635 0.0381813 0.186687 0.26268 0.097688 0.0522832 0.037918 0.00958852 0.0021476 0.000380461 4.23222e-05 2.98505e-06 9.86008e-08
 5.65732e-40 2.76887e-33 3.11557e-27 8.05969e-22 4.7934e-17 6.55411e-13 2.06029e-09 1.48898e-06 0.000247395 0.00945018 0.0829915 0.16757 0.0789082 0.0383304 0.183594 0.258156 0.0938087 0.04359 0.0312774 0.00901662 0.00254588 0.000461056 4.7796e-05 3.09042e-06 1.02384e-07
#spawning biomass
 4097.74 2976.99 3133.17 3814.54 4974.07 6144.24 6656.71 5581.91 6464.67 12915.8 14573.2 12977.4 24149 35235.1 27676.6 23498.8 20046.6 22921.5 20398.3 22122.3 21473.6 21827.9 25503.4 27879.1 30267.2 31522.8 31286.7 31766.9 45772.5 83818.8 84958.6 58452.3 40088.7 30579.5 26071.4 24031.8 23135.6 22749.5 22585.2 22516 22487 22474.9 22469.8 22467.7 22466.9 22466.5 22466.4 22466.3 22466.3 22466.3 22466.3 22466.3 22466.3 22466.3 22466.3 22466.3 22466.3 22466.3 22466.3 22466.3 22466.3 22466.3 22466.3 22466.3 22466.3 22466.3 22466.3 22466.3 22466.3 22466.3 22466.3 22466.3 22466.3 22466.3 22466.3 22466.3 22466.3 22466.3 22466.3 22466.3 22466.3 22466.3 22466.3 22466.3 22466.3 22466.3 22466.3 22466.3 22466.3 22466.3 22466.3 22466.3 22466.3 22466.3 22466.3 22466.3 22466.3 22466.3 22466.3 22466.3 22466.3 22466.3 22466.3 22466.3 22466.3 22466.3 22466.3 22466.3 22466.3 22466.3 22466.3 22466.3 22466.3 22466.3 22466.3 22466.3 22466.3 22466.3 22466.3 22466.3 22466.3 22466.3 22466.3 22466.3 22466.3 22466.3 22466.3 22466.3 0 0 0 0 0 0 0 0 0 0 0 0 0 0 0 0 0 0 0 0 0 0 0 0 0
