SBPRF35
0.819782
Curr Bio
103317
B35
906611
F35
0.201027
FOFL
0
OFL
0
Bzero
234224
#pred survey bio
 29490 32568.1 24230.8 14110 16601.9 24877.9 27371.8 36901.2 48624.3 58101.9 70865.2 65415.5 73201.9 88327.4 89212.9 98539.8 91310.3 90250.3 96515.5 107869 114006 112204 109865 114618 112121 100303 106692 106727 3.80789e+06 6.60617e+06 7.46412e+06 7.34671e+06 6.68374e+06 5.82247e+06 4.97217e+06 4.23164e+06 3.63115e+06 3.16546e+06 2.81463e+06 2.55528e+06 2.36581e+06 2.22831e+06 2.12805e+06 2.05299e+06 1.99964e+06 1.96139e+06 1.93369e+06 1.91342e+06 1.89845e+06 1.88726e+06 1.87883e+06 1.8724e+06 1.86746e+06 1.86364e+06 1.86065e+06 1.85829e+06 1.85643e+06 1.85495e+06 1.85377e+06 1.85282e+06 1.85205e+06 1.85143e+06 1.85093e+06 1.85053e+06 1.8502e+06 1.84993e+06 1.84971e+06 1.84953e+06 1.84939e+06 1.84927e+06 1.84917e+06 1.8491e+06 1.84903e+06 1.84898e+06 1.84893e+06 1.8489e+06 1.84887e+06 1.84885e+06 1.84883e+06 1.84881e+06 1.8488e+06 1.84879e+06 1.84878e+06 1.84877e+06 1.84877e+06 1.84876e+06 1.84876e+06 1.84875e+06 1.84875e+06 1.84875e+06 1.84875e+06 1.84875e+06 1.84875e+06 1.84874e+06 1.84874e+06 1.84874e+06 1.84874e+06 1.84874e+06 1.84874e+06 1.84874e+06 1.84874e+06 1.84874e+06 1.84874e+06 1.84874e+06 1.84874e+06 1.84874e+06 1.84874e+06 1.84874e+06 1.84874e+06 1.84874e+06 1.84874e+06 1.84874e+06 1.84874e+06 1.84874e+06 1.84874e+06 1.84874e+06 1.84874e+06 1.84874e+06 1.84874e+06 1.84874e+06 1.84874e+06 1.84874e+06 1.84874e+06 1.84874e+06 1.84874e+06 1.84874e+06 1.84874e+06 1.84874e+06 0 0 0 0 0 0 0 0 0 0 0 0 0 0 0 0 0 0 0 0 0 0 0 0 0
#obs survey bio
 27027 28577.4 16461.7 10733.9 13453.9 34534.2 20938.9 40165.1 35456.3 58952.6 88822 52279.6 72937.2 130312 76977.3 97164.4 78127.5 87233.4 121955 134458 156556 93345.9 105224 131509 124835 87583.9 147904 90869
#pred catch bio
 15065.1 18704.9 16027.3 9284.87 10244.1 18435.5 19006.9 26615.7 38502.4 45775 63940.5 58841.7 65807.7 84657.5 84718.7 100391 94039.5 92089.2 99113 114652 124530 126087 127937 138977 138574 123576 135498 108597 0 51819.9 58182.2 56751.6 51034.9 43849.6 36877.9 30896.6 26123.2 22489.2 19811.2 17883.1 16518.5 15564.8 14901.4 14435 14122.7 13913.5 13773.5 13679.7 13616.9 13574.9 13546.7 13527.9 13515.2 13506.8 13501.1 13497.3 13494.8 13493.1 13491.9 13491.2 13490.7 13490.3 13490.1 13489.9 13489.8 13489.8 13489.7 13489.7 13489.7 13489.7 13489.7 13489.7 13489.6 13489.6 13489.6 13489.6 13489.6 13489.6 13489.6 13489.6 13489.6 13489.6 13489.6 13489.6 13489.6 13489.6 13489.6 13489.6 13489.6 13489.6 13489.6 13489.6 13489.6 13489.6 13489.6 13489.6 13489.6 13489.6 13489.6 13489.6 13489.6 13489.6 13489.6 13489.6 13489.6 13489.6 13489.6 13489.6 13489.6 13489.6 13489.6 13489.6 13489.6 13489.6 13489.6 13489.6 13489.6 13489.6 13489.6 13489.6 13489.6 13489.6 13489.6 13489.6 13489.6 13489.6 13489.6 13489.6 0 0 0 0 0 0 0 0 0 0 0 0 0 0 0 0 0 0 0 0 0 0 0 0 0
#obs catch bio
 18055.1 19574.4 19150.8 10787.9 10068.3 17247 18355.6 24849 39190.9 44947.2 59627.3 58560.2 63397.1 79515.6 83868.6 96934 94539 86771.9 93207.8 110505 104353 112915 128677 133505 134078 112795 121743 103072
#pred cpue bio
 27836.1 31464.6 23856.8 13436.5 15067.5 23159.2 25127.1 33899.2 44449.9 52857.3 64672.7 59036 65513.7 79023.2 79593.1 87659.8 80599.4 79448.3 84906.7 94374.7 99324.5 97518.4 94509.3 97516.2 94793.6 84810.6 89635.8 89044 3.3835e+06 6.58828e+06 7.44623e+06 7.32882e+06 6.66585e+06 5.80458e+06 4.95428e+06 4.21375e+06 3.61326e+06 3.14757e+06 2.79674e+06 2.53739e+06 2.34792e+06 2.21042e+06 2.11016e+06 2.0351e+06 1.98175e+06 1.9435e+06 1.9158e+06 1.89553e+06 1.88056e+06 1.86937e+06 1.86094e+06 1.85451e+06 1.84957e+06 1.84575e+06 1.84275e+06 1.8404e+06 1.83854e+06 1.83706e+06 1.83588e+06 1.83493e+06 1.83416e+06 1.83354e+06 1.83304e+06 1.83264e+06 1.83231e+06 1.83204e+06 1.83182e+06 1.83164e+06 1.8315e+06 1.83138e+06 1.83128e+06 1.8312e+06 1.83114e+06 1.83109e+06 1.83104e+06 1.83101e+06 1.83098e+06 1.83096e+06 1.83094e+06 1.83092e+06 1.83091e+06 1.8309e+06 1.83089e+06 1.83088e+06 1.83087e+06 1.83087e+06 1.83087e+06 1.83086e+06 1.83086e+06 1.83086e+06 1.83086e+06 1.83086e+06 1.83085e+06 1.83085e+06 1.83085e+06 1.83085e+06 1.83085e+06 1.83085e+06 1.83085e+06 1.83085e+06 1.83085e+06 1.83085e+06 1.83085e+06 1.83085e+06 1.83085e+06 1.83085e+06 1.83085e+06 1.83085e+06 1.83085e+06 1.83085e+06 1.83085e+06 1.83085e+06 1.83085e+06 1.83085e+06 1.83085e+06 1.83085e+06 1.83085e+06 1.83085e+06 1.83085e+06 1.83085e+06 1.83085e+06 1.83085e+06 1.83085e+06 1.83085e+06 1.83085e+06 1.83085e+06 1.83085e+06 1.83085e+06 0 0 0 0 0 0 0 0 0 0 0 0 0 0 0 0 0 0 0 0 0 0 0 0 0
#obs cpue bio
 32481.2 25438 14036.6 11738.3 22282.3 30583.4 30346.1 45635.8 48970.6 56868.3 78748.7 66474.5 78127.5 73218.8 87005.1 110337 88322.9 107946 84864.6 87192.6 159532 169952 90556.7 103468 97845.4 137553 103285 121124
#pred surv len freq
 1.34095e-11 1.45548e-09 9.31502e-08 3.5152e-06 7.82178e-05 0.00102626 0.00794061 0.036251 0.0979091 0.158563 0.16399 0.134931 0.119347 0.102419 0.0696751 0.0408995 0.0241487 0.0145147 0.00896763 0.00588403 0.00419111 0.0032956 0.00272984 0.00205237 0.0011828
 9.20752e-12 9.99388e-10 6.39607e-08 2.41368e-06 5.37079e-05 0.0007047 0.00545342 0.0249166 0.0675739 0.111676 0.126005 0.130673 0.146785 0.139856 0.100831 0.0627653 0.0373867 0.020593 0.0107304 0.00567462 0.00320978 0.00204268 0.00145886 0.00102499 0.000583042
 5.20873e-12 5.65357e-10 3.61828e-08 1.36543e-06 3.03831e-05 0.000398677 0.00308602 0.0141186 0.0385457 0.0657619 0.083695 0.109515 0.145968 0.154424 0.130024 0.10003 0.0700116 0.0420058 0.0221486 0.0106245 0.00484833 0.00231845 0.00127351 0.000763631 0.000406856
 1.32439e-11 1.4375e-09 9.19996e-08 3.47178e-06 7.72514e-05 0.00101357 0.0078419 0.0357885 0.0964968 0.154963 0.154159 0.111613 0.0839139 0.075137 0.0700498 0.0649283 0.0548802 0.0402622 0.0253791 0.0134409 0.00602589 0.00241955 0.000973957 0.000435635 0.000197146
 1.76902e-11 1.9201e-09 1.22886e-07 4.63733e-06 0.000103186 0.00135384 0.0104744 0.0477977 0.128813 0.206339 0.202745 0.139464 0.0918971 0.0654249 0.0400983 0.0217108 0.0140125 0.0110792 0.00847749 0.00548618 0.00287785 0.00121669 0.000432241 0.000143657 4.85254e-05
 1.42042e-11 1.54173e-09 9.86707e-08 3.72353e-06 8.28533e-05 0.00108708 0.00841126 0.0384005 0.103727 0.16808 0.174269 0.144367 0.127978 0.107019 0.0663697 0.0314847 0.0138668 0.00646447 0.00354768 0.00230836 0.00142999 0.000716819 0.000277981 8.55138e-05 2.25313e-05
 1.59205e-11 1.72802e-09 1.10593e-07 4.17344e-06 9.28643e-05 0.00121842 0.00942699 0.0430265 0.116069 0.186845 0.187956 0.141098 0.109299 0.0873969 0.0574125 0.0317035 0.016205 0.0072897 0.00285643 0.00113127 0.000529966 0.000270011 0.000119148 4.01916e-05 1.02033e-05
 1.5745e-11 1.70896e-09 1.09374e-07 4.12742e-06 9.18402e-05 0.00120499 0.00932313 0.0425543 0.114819 0.185027 0.187038 0.142753 0.113175 0.0905349 0.0573877 0.0295946 0.0146323 0.00703757 0.00306618 0.00116263 0.000390012 0.00013206 4.90553e-05 1.70699e-05 4.62946e-06
 1.62343e-11 1.76207e-09 1.12773e-07 4.25569e-06 9.46943e-05 0.00124243 0.00961275 0.0438739 0.118348 0.190461 0.191339 0.142921 0.109539 0.0861029 0.0544289 0.0280269 0.0135944 0.00625411 0.00263563 0.00102455 0.000354452 0.000105271 2.80823e-05 7.38764e-06 1.83869e-06
 1.66128e-11 1.80316e-09 1.15402e-07 4.35491e-06 9.69021e-05 0.0012714 0.00983681 0.0448955 0.12109 0.19476 0.195119 0.144296 0.108613 0.0838861 0.0515281 0.0250354 0.0113513 0.00501887 0.00205962 0.000774149 0.00026149 7.72938e-05 1.94311e-05 4.14231e-06 7.82665e-07
 1.62587e-11 1.76472e-09 1.12942e-07 4.26208e-06 9.48366e-05 0.0012443 0.00962723 0.0439408 0.118541 0.190863 0.192178 0.144659 0.112041 0.0878382 0.053972 0.0259301 0.0114387 0.00482051 0.00185581 0.000658402 0.000213349 6.10207e-05 1.49146e-05 3.02042e-06 4.9761e-07
 1.72546e-11 1.87283e-09 1.19861e-07 4.52317e-06 0.000100646 0.00132052 0.0102168 0.0466273 0.125729 0.201965 0.201128 0.145526 0.105367 0.0790287 0.0471049 0.0215152 0.00886884 0.00355327 0.00131681 0.000444914 0.00013546 3.6442e-05 8.48276e-06 1.65031e-06 2.58288e-07
 1.79399e-11 1.94721e-09 1.24621e-07 4.70281e-06 0.000104643 0.00137296 0.0106224 0.0484756 0.130674 0.209592 0.207231 0.145975 0.100555 0.0728401 0.0424854 0.018718 0.00726939 0.00272494 0.000942452 0.000298015 8.5763e-05 2.17939e-05 4.76147e-06 8.71287e-07 1.29323e-07
 1.79328e-11 1.94643e-09 1.24571e-07 4.70094e-06 0.000104602 0.00137242 0.0106182 0.0484567 0.130627 0.209544 0.207316 0.146379 0.101237 0.0733568 0.04244 0.018248 0.00678099 0.00241536 0.000787999 0.000231895 6.17662e-05 1.45732e-05 2.975e-06 5.10122e-07 7.09936e-08
 1.81312e-11 1.96796e-09 1.25949e-07 4.75294e-06 0.000105759 0.0013876 0.0107356 0.0489918 0.13206 0.211771 0.209171 0.146754 0.100218 0.0718136 0.040999 0.0170938 0.00601292 0.00202332 0.000627376 0.000174448 4.34914e-05 9.50757e-06 1.78749e-06 2.82941e-07 3.65826e-08
 1.83685e-11 1.99372e-09 1.27598e-07 4.81515e-06 0.000107143 0.00140576 0.010876 0.0496317 0.13377 0.214394 0.2112 0.146675 0.0981911 0.0694224 0.0394777 0.0164358 0.00575106 0.00189943 0.000565824 0.000148431 3.47455e-05 7.11742e-06 1.24449e-06 1.81684e-07 2.15883e-08
 1.89448e-11 2.05628e-09 1.31601e-07 4.96623e-06 0.000110505 0.00144986 0.0112172 0.0511861 0.137928 0.220801 0.2163 0.146958 0.0939839 0.0640525 0.0354931 0.0140879 0.00452405 0.00137909 0.000394683 0.000101041 2.28234e-05 4.42854e-06 7.24577e-07 9.84227e-08 1.08249e-08
 1.91324e-11 2.07664e-09 1.32905e-07 5.01542e-06 0.000111599 0.00146422 0.0113282 0.0516922 0.139282 0.22289 0.217971 0.14708 0.0926638 0.0623489 0.0342107 0.0133049 0.00408337 0.0011645 0.000308138 7.23724e-05 1.52441e-05 2.82677e-06 4.438e-07 5.71557e-08 5.88469e-09
 1.91827e-11 2.08209e-09 1.33254e-07 5.02858e-06 0.000111892 0.00146806 0.0113579 0.0518276 0.139644 0.223444 0.218396 0.147052 0.0922178 0.0618333 0.0338978 0.0131857 0.00404245 0.00114206 0.000293753 6.5282e-05 1.27121e-05 2.16012e-06 3.13285e-07 3.79458e-08 3.71214e-09
 1.95885e-11 2.12615e-09 1.36073e-07 5.13498e-06 0.000114259 0.00149912 0.0115982 0.052922 0.142568 0.227927 0.221845 0.14686 0.0886579 0.0576525 0.0312504 0.0120758 0.00366614 0.00102508 0.000261972 5.77393e-05 1.09971e-05 1.7842e-06 2.40879e-07 2.6785e-08 2.41329e-09
 1.98711e-11 2.15682e-09 1.38036e-07 5.20906e-06 0.000115908 0.00152075 0.0117654 0.0536841 0.144606 0.231063 0.224321 0.146931 0.0864904 0.0549466 0.0293171 0.0110122 0.0031487 0.000818856 0.000200002 4.31388e-05 8.1145e-06 1.30127e-06 1.72006e-07 1.83561e-08 1.55138e-09
 2.00269e-11 2.17373e-09 1.39119e-07 5.2499e-06 0.000116817 0.00153267 0.0118577 0.0541043 0.14573 0.232794 0.225693 0.146988 0.085323 0.0534758 0.0282502 0.0104067 0.00284069 0.000688067 0.000156411 3.13914e-05 5.52896e-06 8.49343e-07 1.09686e-07 1.15119e-08 9.51637e-10
 2.071e-11 2.24787e-09 1.43864e-07 5.42896e-06 0.000120801 0.00158494 0.0122619 0.0559461 0.150651 0.240336 0.231487 0.146634 0.0792859 0.0464099 0.0238094 0.00858265 0.00224441 0.000508023 0.000107977 2.02595e-05 3.30214e-06 4.68418e-07 5.62816e-08 5.58715e-09 4.45596e-10
 2.13901e-11 2.32169e-09 1.48588e-07 5.60725e-06 0.000124768 0.00163699 0.0126645 0.0577799 0.155551 0.247845 0.237257 0.146286 0.0732799 0.0393762 0.0193823 0.00675801 0.00164656 0.000330104 6.25005e-05 1.07695e-05 1.6233e-06 2.12979e-07 2.36272e-08 2.1606e-09 1.59597e-10
 2.17542e-11 2.36121e-09 1.51117e-07 5.70268e-06 0.000126891 0.00166485 0.0128799 0.0587615 0.158174 0.251865 0.24035 0.146111 0.0700811 0.0356216 0.0170074 0.00576574 0.00131334 0.000228911 3.65951e-05 5.46086e-06 7.19877e-07 8.36656e-08 8.40524e-09 7.0417e-10 4.77997e-11
 2.17444e-11 2.36015e-09 1.51049e-07 5.70013e-06 0.000126835 0.0016641 0.0128742 0.0587353 0.158105 0.251761 0.240283 0.146158 0.0702313 0.0357643 0.0170515 0.00573112 0.00126918 0.000206322 2.9589e-05 3.90372e-06 4.42518e-07 4.32467e-08 3.6917e-09 2.68286e-10 1.61357e-11
 2.21122e-11 2.40007e-09 1.53604e-07 5.79653e-06 0.00012898 0.00169224 0.0130918 0.0597268 0.160753 0.255813 0.243361 0.145855 0.0668091 0.0318468 0.0147103 0.00490957 0.00108894 0.00017805 2.55432e-05 3.28706e-06 3.48756e-07 3.05153e-08 2.25864e-09 1.39112e-10 7.02366e-12
 2.24905e-11 2.44113e-09 1.56232e-07 5.8957e-06 0.000131186 0.00172119 0.0133157 0.0607468 0.163478 0.259983 0.246542 0.145581 0.0633465 0.0278541 0.012283 0.00400841 0.000856462 0.000128162 1.61329e-05 1.89321e-06 1.94148e-07 1.67138e-08 1.19417e-09 6.82795e-11 3.06554e-12
#obs surv len freq
 4.32187e-11 4.00536e-09 2.18876e-07 7.05248e-06 0.000133991 0.00150111 0.00991805 0.0386812 0.089471 0.12579 0.120419 0.108522 0.114343 0.113648 0.0982876 0.0770946 0.0523707 0.0294699 0.0135954 0.00499962 0.00140701 0.000292308 4.33756e-05 4.44869e-06 3.05716e-07
 2.36092e-11 2.11033e-09 1.11226e-07 3.4566e-06 6.33424e-05 0.000684544 0.00436611 0.0165007 0.0377231 0.0574801 0.0783411 0.120577 0.164835 0.168412 0.138546 0.100043 0.0613426 0.0311726 0.0134364 0.00481588 0.0013414 0.000272404 3.85912e-05 3.69927e-06 2.34375e-07
 1.16393e-11 1.00172e-09 5.08339e-08 1.52108e-06 2.68387e-05 0.000279314 0.00171683 0.00627691 0.0141537 0.022999 0.0383723 0.0722329 0.120505 0.168984 0.196811 0.172652 0.107951 0.0502149 0.0189355 0.00600702 0.00153916 0.000296443 4.02505e-05 3.67973e-06 2.19763e-07
 2.44516e-10 2.02289e-08 9.86785e-07 2.83831e-05 0.000481377 0.00481391 0.0283859 0.0987011 0.202432 0.245265 0.17708 0.0804307 0.0319767 0.025035 0.0302142 0.0306838 0.0233449 0.0132739 0.00560908 0.00175521 0.000409115 7.05886e-05 8.73259e-06 7.41124e-07 4.14946e-08
 1.34267e-10 1.06614e-08 4.99168e-07 1.37806e-05 0.000224332 0.00215366 0.0122024 0.0409637 0.08314 0.112056 0.13321 0.174769 0.194843 0.143228 0.0662219 0.0219161 0.00800848 0.00411771 0.00200299 0.000716604 0.00017741 2.9965e-05 3.43139e-06 2.63806e-07 1.3393e-08
 3.6441e-10 2.77325e-08 1.24445e-06 3.29268e-05 0.000513704 0.0047258 0.0256387 0.082087 0.155668 0.178223 0.135135 0.0930149 0.0833568 0.0845576 0.0760177 0.0508639 0.0224205 0.00627942 0.00121045 0.000208129 3.87201e-05 6.31777e-06 7.23477e-07 5.39183e-08 2.56497e-09
 4.16128e-10 3.03104e-08 1.3018e-06 3.29674e-05 0.000492289 0.00433502 0.0225217 0.0692026 0.127382 0.149441 0.139822 0.142778 0.140716 0.10332 0.0567475 0.0268089 0.0113336 0.0038855 0.000981923 0.000173766 2.15896e-05 2.03145e-06 1.58032e-07 9.82787e-09 4.33146e-10
 6.6918e-10 4.65928e-08 1.91286e-06 4.63056e-05 0.000660965 0.0055635 0.0276251 0.0810739 0.142048 0.156124 0.13079 0.118639 0.115833 0.0971026 0.0675271 0.0373558 0.0147711 0.00396192 0.00075128 0.000110475 1.30605e-05 1.16554e-06 7.31295e-08 3.16463e-09 9.60901e-11
 9.72582e-10 6.46537e-08 2.53424e-06 5.85722e-05 0.000798236 0.00641521 0.0304193 0.0853289 0.143535 0.154557 0.134367 0.129257 0.122705 0.0926528 0.056538 0.0285622 0.0110412 0.00305908 0.000605663 8.69722e-05 9.06602e-06 6.82705e-07 3.69661e-08 1.41403e-09 3.69847e-11
 1.3031e-09 8.26131e-08 3.08822e-06 6.80701e-05 0.000884722 0.00678142 0.0306775 0.0822199 0.133131 0.142512 0.133131 0.139411 0.133691 0.0988575 0.0584433 0.02778 0.00967102 0.00230526 0.000381069 4.63584e-05 4.31339e-06 3.00285e-07 1.48717e-08 5.0391e-10 1.14344e-11
 2.10149e-09 1.26925e-07 4.52018e-06 9.49189e-05 0.00117531 0.0085825 0.0369881 0.0944398 0.145646 0.148314 0.131463 0.131253 0.12225 0.0901583 0.0538212 0.0252602 0.00839335 0.00185214 0.000273124 2.8269e-05 2.1566e-06 1.22808e-07 5.11452e-09 1.50997e-10 3.05965e-12
 3.2085e-09 1.84435e-07 6.25137e-06 0.000124938 0.00147239 0.0102336 0.0419859 0.102151 0.150814 0.149787 0.134225 0.134142 0.119632 0.0823618 0.0454742 0.0198638 0.0062168 0.00130501 0.000184088 1.81301e-05 1.28469e-06 6.53278e-08 2.33495e-09 5.76416e-11 9.71037e-13
 4.63071e-09 2.53115e-07 8.15783e-06 0.000155033 0.00173734 0.011483 0.0448169 0.103907 0.1474 0.145202 0.136047 0.139478 0.121657 0.080903 0.0429801 0.0178448 0.00522825 0.00101181 0.000129412 1.14101e-05 7.24504e-07 3.34265e-08 1.09348e-09 2.45869e-11 3.70983e-13
 6.82515e-09 3.5444e-07 1.08533e-05 0.000195961 0.0020864 0.0131029 0.0486088 0.107316 0.146201 0.142567 0.137622 0.141936 0.120654 0.0780601 0.0403026 0.016025 0.00441902 0.000792416 9.21776e-05 7.2266e-06 4.00594e-07 1.60535e-08 4.58929e-10 9.10925e-12 1.22602e-13
 9.66578e-09 4.76533e-07 1.38528e-05 0.000237453 0.00240018 0.0143122 0.050444 0.106124 0.13967 0.137629 0.140413 0.14713 0.122935 0.0784559 0.0399653 0.0154224 0.0040682 0.000694662 7.70255e-05 5.75309e-06 3.00838e-07 1.11372e-08 2.87044e-10 5.03765e-12 5.93093e-14
 1.51626e-08 7.09182e-07 1.95582e-05 0.000318052 0.00304999 0.0172551 0.0577162 0.115381 0.145097 0.138873 0.139332 0.141918 0.115236 0.072299 0.0361221 0.0134245 0.00335874 0.00053986 5.61451e-05 3.92583e-06 1.9212e-07 6.66109e-09 1.60703e-10 2.62857e-12 2.85824e-14
 2.29684e-08 1.01855e-06 2.66329e-05 0.000410635 0.00373366 0.0200299 0.0635635 0.120858 0.146118 0.138586 0.14025 0.140218 0.11048 0.0676475 0.0329194 0.0118105 0.00285076 0.000447316 4.63445e-05 3.28356e-06 1.62495e-07 5.57006e-09 1.29227e-10 1.99202e-12 2.01931e-14
 3.27179e-08 1.37493e-06 3.40695e-05 0.000497798 0.00428943 0.0218123 0.0656793 0.119066 0.140072 0.136139 0.143856 0.143493 0.111125 0.0673578 0.0322628 0.0112378 0.00262712 0.000404032 4.18592e-05 3.01469e-06 1.52087e-07 5.27394e-09 1.22587e-10 1.87541e-12 1.86515e-14
 4.71809e-08 1.87813e-06 4.40836e-05 0.000610146 0.0049805 0.023998 0.068552 0.11856 0.136099 0.135533 0.147373 0.145165 0.110076 0.0656201 0.0305782 0.0101875 0.00225821 0.000329283 3.25311e-05 2.25462e-06 1.10557e-07 3.75984e-09 8.62708e-11 1.30658e-12 1.28466e-14
 7.42188e-08 2.79768e-06 6.21831e-05 0.000814996 0.00629986 0.0287484 0.0778124 0.127785 0.140395 0.135836 0.143689 0.13729 0.102289 0.0604181 0.027547 0.0088396 0.00187959 0.000264356 2.53749e-05 1.70995e-06 8.0934e-08 2.63411e-09 5.76066e-11 8.3217e-13 7.83082e-15
 1.11519e-07 3.97975e-06 8.37442e-05 0.00103912 0.007605 0.0328676 0.084374 0.132266 0.142043 0.139695 0.147926 0.135324 0.0945483 0.0519959 0.0220841 0.00662753 0.00132351 0.000175599 1.59778e-05 1.02519e-06 4.63378e-08 1.44169e-09 3.01076e-11 4.14025e-13 3.69313e-15
 1.46237e-07 4.93996e-06 9.83976e-05 0.00115578 0.00800847 0.0327936 0.0800475 0.121237 0.132833 0.142977 0.159028 0.143525 0.0976652 0.0521537 0.0212069 0.005999 0.00111741 0.000137239 1.14985e-05 6.78772e-07 2.83431e-08 8.19702e-10 1.59981e-11 2.06362e-13 1.73038e-15
 2.23736e-07 7.15371e-06 0.000134873 0.00149951 0.00983507 0.0381288 0.08819 0.127011 0.133758 0.140143 0.152048 0.13597 0.0942859 0.0514377 0.0207452 0.00566755 0.00100927 0.000118459 9.4816e-06 5.30903e-07 2.07548e-08 5.55024e-10 9.94324e-12 1.17507e-13 9.04323e-16
 3.28794e-07 9.95066e-06 0.000177573 0.00186874 0.0116035 0.0426161 0.093673 0.129917 0.136868 0.147279 0.156887 0.131929 0.0843577 0.0422692 0.0157704 0.00402009 0.000672307 7.4488e-05 5.64952e-06 3.0012e-07 1.11125e-08 2.80384e-10 4.71331e-12 5.19135e-14 3.69731e-16
 4.52485e-07 1.29624e-05 0.000218963 0.00218134 0.0128244 0.0446415 0.0934388 0.125775 0.135077 0.151752 0.161274 0.132139 0.0824364 0.040037 0.0142171 0.00339321 0.000524932 5.3252e-05 3.67233e-06 1.77438e-07 6.01962e-09 1.40402e-10 2.19537e-12 2.25542e-14 1.49862e-16
 6.37594e-07 1.7291e-05 0.000276506 0.00260778 0.0145174 0.0478957 0.0954049 0.12418 0.133727 0.152324 0.160192 0.13016 0.08168 0.039592 0.0137323 0.00316675 0.000474954 4.71622e-05 3.19468e-06 1.49812e-07 4.81828e-09 1.04187e-10 1.49001e-12 1.39385e-14 8.44613e-17
 9.53599e-07 2.44843e-05 0.0003707 0.00331025 0.0174516 0.0545755 0.103455 0.13003 0.139046 0.156798 0.158038 0.12098 0.0710037 0.0320514 0.0103257 0.00220475 0.000304753 2.77755e-05 1.72927e-06 7.52667e-08 2.27789e-09 4.68025e-11 6.36933e-13 5.63471e-15 3.19523e-17
 1.21523e-06 2.95452e-05 0.000423581 0.00358217 0.0178956 0.0531735 0.0968943 0.121983 0.139794 0.166176 0.165678 0.122945 0.0698138 0.030239 0.00924454 0.00186189 0.000242334 2.07716e-05 1.21106e-06 4.89679e-08 1.3652e-09 2.57219e-11 3.21217e-13 2.62008e-15 1.37858e-17
#pred catch len freq
 1.31122e-11 1.42321e-09 9.1085e-08 3.43727e-06 7.64837e-05 0.00100351 0.00776464 0.0354491 0.0957634 0.15525 0.161322 0.134679 0.121333 0.104979 0.0715561 0.0420182 0.0248102 0.0149123 0.00921332 0.00604524 0.00430594 0.00338589 0.00280463 0.00210859 0.0012152
 9.07894e-12 9.85432e-10 6.30675e-08 2.37998e-06 5.29579e-05 0.000694861 0.00537732 0.0245697 0.0666458 0.110243 0.124849 0.130558 0.147639 0.140973 0.101684 0.0633008 0.037706 0.0207689 0.010822 0.00572309 0.00323719 0.00206012 0.00147132 0.00103375 0.000588022
 5.29596e-12 5.74825e-10 3.67888e-08 1.3883e-06 3.08919e-05 0.000405352 0.00313765 0.0143539 0.039176 0.0667405 0.0845085 0.109674 0.145514 0.153759 0.129433 0.0995723 0.069691 0.0418135 0.0220472 0.0105759 0.00482613 0.00230783 0.00126768 0.000760135 0.000404993
 1.33535e-11 1.44939e-09 9.2761e-08 3.50051e-06 7.78907e-05 0.00102196 0.00790678 0.0360843 0.0972901 0.156202 0.155225 0.111936 0.0835452 0.0744788 0.0693629 0.064283 0.0543342 0.0398616 0.0251266 0.0133072 0.00596594 0.00239548 0.000964267 0.000431301 0.000195185
 1.76806e-11 1.91905e-09 1.22819e-07 4.63481e-06 0.00010313 0.00135311 0.0104687 0.0477718 0.128744 0.206232 0.20266 0.139457 0.0919629 0.0655074 0.0401555 0.0217424 0.0140329 0.0110954 0.00848988 0.0054942 0.00288206 0.00121847 0.000432873 0.000143868 4.85964e-05
 1.45606e-11 1.58041e-09 1.01146e-07 3.81694e-06 8.49319e-05 0.00111436 0.00862218 0.0393615 0.106296 0.172028 0.177355 0.144358 0.125104 0.103545 0.0640539 0.0303714 0.0133756 0.00623541 0.00342197 0.00222656 0.00137931 0.000691419 0.000268131 8.24836e-05 2.17329e-05
 1.61116e-11 1.74876e-09 1.1192e-07 4.22353e-06 9.39787e-05 0.00123304 0.00954008 0.0435418 0.117447 0.188967 0.189637 0.141167 0.107868 0.0856006 0.0561206 0.0309787 0.0158339 0.00712271 0.002791 0.00110536 0.000517825 0.000263825 0.000116419 3.92709e-05 9.96953e-06
 1.60132e-11 1.73808e-09 1.11237e-07 4.19774e-06 9.3405e-05 0.00122552 0.00948191 0.0432777 0.116754 0.188003 0.189379 0.142796 0.111086 0.0879659 0.0556119 0.0286645 0.0141715 0.00681589 0.00296959 0.00112601 0.000377726 0.0001279 4.751e-05 1.65322e-05 4.48363e-06
 1.6692e-11 1.81176e-09 1.15952e-07 4.37568e-06 9.73643e-05 0.00127746 0.00988367 0.0451083 0.121649 0.195538 0.195332 0.142989 0.105964 0.081705 0.0513829 0.0264325 0.0128193 0.00589746 0.00248533 0.000966124 0.000334239 9.92682e-05 2.64809e-05 6.96636e-06 1.73384e-06
 1.70429e-11 1.84984e-09 1.1839e-07 4.46765e-06 9.94108e-05 0.00130431 0.0100914 0.0460554 0.124191 0.199525 0.198844 0.144286 0.10514 0.0796739 0.0486875 0.0236314 0.0107131 0.00473664 0.00194379 0.000730614 0.000246785 7.29472e-05 1.83384e-05 3.90937e-06 7.38652e-07
 1.70586e-11 1.85155e-09 1.18499e-07 4.47178e-06 9.95026e-05 0.00130552 0.0101007 0.046098 0.124307 0.199723 0.199094 0.144604 0.105525 0.0799555 0.0486783 0.0233448 0.0102955 0.00433864 0.0016703 0.000592586 0.000192022 5.49208e-05 1.34237e-05 2.71849e-06 4.47867e-07
 1.79641e-11 1.94983e-09 1.24789e-07 4.70915e-06 0.000104784 0.00137481 0.0106367 0.0485405 0.130843 0.209815 0.207227 0.145383 0.0994419 0.0719356 0.0424377 0.0193434 0.00797103 0.00319347 0.00118347 0.000399861 0.000121743 3.27518e-05 7.62377e-06 1.4832e-06 2.32133e-07
 1.85881e-11 2.01756e-09 1.29123e-07 4.87271e-06 0.000108424 0.00142256 0.011006 0.0502233 0.135345 0.216759 0.212781 0.145784 0.095049 0.0662923 0.0382332 0.0168056 0.00652429 0.00244554 0.000845817 0.000267457 7.69692e-05 1.95592e-05 4.27325e-06 7.81948e-07 1.16063e-07
 1.87416e-11 2.03422e-09 1.3019e-07 4.91297e-06 0.00010932 0.00143431 0.0110969 0.0506376 0.136455 0.218484 0.214223 0.146089 0.0942861 0.065129 0.0371455 0.0159244 0.00591464 0.00210666 0.000687283 0.000202256 5.38718e-05 1.27106e-05 2.59476e-06 4.44923e-07 6.19198e-08
 1.88927e-11 2.05062e-09 1.3124e-07 4.95257e-06 0.000110201 0.00144587 0.0111863 0.0510453 0.137548 0.220184 0.215655 0.146426 0.0935883 0.0640077 0.0360315 0.0149786 0.00526623 0.00177196 0.000549433 0.000152775 3.80882e-05 8.32639e-06 1.56542e-06 2.47789e-07 3.20377e-08
 1.92856e-11 2.09326e-09 1.33969e-07 5.05556e-06 0.000112492 0.00147594 0.0114188 0.0521046 0.140379 0.224525 0.219007 0.146276 0.0902012 0.0600157 0.0334916 0.0138883 0.0048564 0.00160382 0.000477761 0.00012533 2.93378e-05 6.00969e-06 1.0508e-06 1.53407e-07 1.82284e-08
 1.98023e-11 2.14935e-09 1.37558e-07 5.19102e-06 0.000115507 0.00151548 0.0117247 0.0534983 0.144106 0.230268 0.223568 0.146499 0.0863816 0.0551693 0.0299316 0.0118263 0.00379472 0.00115665 0.000331018 8.47427e-05 1.91418e-05 3.71419e-06 6.07698e-07 8.25466e-08 9.07878e-09
 1.99382e-11 2.1641e-09 1.38502e-07 5.22663e-06 0.000116299 0.00152588 0.0118051 0.0538646 0.145087 0.231782 0.224787 0.146614 0.085467 0.0539649 0.0289956 0.0112253 0.00344228 0.000981564 0.000259729 6.10026e-05 1.28493e-05 2.38268e-06 3.74078e-07 4.81764e-08 4.96019e-09
 1.99958e-11 2.17035e-09 1.38902e-07 5.24174e-06 0.000116635 0.00153029 0.0118392 0.0540201 0.145502 0.232418 0.225275 0.146581 0.0849541 0.0533708 0.0286326 0.0110852 0.0033956 0.000959204 0.000246718 5.48291e-05 1.06766e-05 1.81424e-06 2.63122e-07 3.18699e-08 3.11776e-09
 2.04152e-11 2.21587e-09 1.41816e-07 5.35168e-06 0.000119081 0.00156238 0.0120874 0.0551509 0.148523 0.237049 0.228836 0.146374 0.0812621 0.0490419 0.0259013 0.00995136 0.00301801 0.000843735 0.000215625 4.75242e-05 9.05155e-06 1.46854e-06 1.98264e-07 2.20463e-08 1.98634e-09
 2.07072e-11 2.24757e-09 1.43844e-07 5.42822e-06 0.000120784 0.00158473 0.0122603 0.0559383 0.150629 0.240286 0.231375 0.146394 0.0789418 0.0461928 0.0239271 0.00892787 0.00254955 0.000662919 0.000161913 3.49231e-05 6.56912e-06 1.05345e-06 1.39248e-07 1.48603e-08 1.25592e-09
 2.08946e-11 2.26791e-09 1.45146e-07 5.47736e-06 0.000121878 0.00159907 0.0123712 0.0564438 0.15198 0.242363 0.233002 0.146398 0.0774396 0.0443578 0.022669 0.00828795 0.0022591 0.000547075 0.000124358 2.49584e-05 4.39593e-06 6.75289e-07 8.72084e-08 9.15278e-09 7.5662e-10
 2.15023e-11 2.33387e-09 1.49367e-07 5.63666e-06 0.000125422 0.00164557 0.0127309 0.0580823 0.156358 0.249071 0.238152 0.146072 0.0720497 0.0380591 0.0187236 0.00668279 0.00174423 0.000394687 8.38852e-05 1.57392e-05 2.56537e-06 3.63905e-07 4.37241e-08 4.34055e-09 3.46175e-10
 2.20893e-11 2.39758e-09 1.53445e-07 5.79052e-06 0.000128846 0.00169049 0.0130783 0.0596649 0.160587 0.255551 0.243127 0.145757 0.0668445 0.0319745 0.0149095 0.00512874 0.00124623 0.00024973 4.72802e-05 8.14682e-06 1.22799e-06 1.61113e-07 1.78733e-08 1.63444e-09 1.20731e-10
 2.2388e-11 2.43e-09 1.5552e-07 5.86884e-06 0.000130589 0.00171335 0.0132551 0.0604705 0.162739 0.258849 0.245662 0.145605 0.0642083 0.0288861 0.012964 0.00432503 0.000981946 0.000171049 2.73426e-05 4.08013e-06 5.37862e-07 6.25115e-08 6.28005e-09 5.26127e-10 3.57139e-11
 2.23764e-11 2.42874e-09 1.55439e-07 5.86578e-06 0.00013052 0.00171246 0.0132482 0.060439 0.162656 0.258723 0.245575 0.145644 0.0643613 0.0290395 0.0130249 0.00430906 0.000951164 0.000154531 2.21596e-05 2.92352e-06 3.31404e-07 3.23877e-08 2.76474e-09 2.00921e-10 1.20841e-11
 2.26849e-11 2.46222e-09 1.57582e-07 5.94665e-06 0.00013232 0.00173607 0.0134308 0.0612708 0.164878 0.262122 0.248158 0.14539 0.0614911 0.0257535 0.0110607 0.00361922 0.000799451 0.000130617 1.87363e-05 2.41108e-06 2.55814e-07 2.23831e-08 1.65672e-09 1.0204e-10 5.15189e-12
 2.27699e-11 2.47145e-09 1.58173e-07 5.96894e-06 0.000132816 0.00174257 0.0134811 0.0615001 0.16549 0.263061 0.24888 0.145349 0.0607438 0.024876 0.0105049 0.00338653 0.000721726 0.000107947 1.35871e-05 1.59445e-06 1.6351e-07 1.40762e-08 1.00572e-09 5.75045e-11 2.58177e-12
#obs catch len freq
 3.85505e-11 3.57273e-09 1.95234e-07 6.29072e-06 0.000119518 0.00133898 0.00884706 0.0345091 0.0798809 0.112743 0.109787 0.103322 0.114288 0.119686 0.110364 0.0901516 0.0608735 0.03286 0.0143715 0.00508414 0.00141741 0.000299225 4.56228e-05 4.80703e-06 3.38141e-07
 5.96211e-11 5.32926e-09 2.80881e-07 8.72898e-06 0.000159954 0.00172836 0.0110144 0.0414397 0.0925422 0.126134 0.119022 0.108838 0.115512 0.113667 0.0974529 0.0756139 0.0505046 0.0278583 0.0125433 0.00447172 0.00121144 0.000240596 3.3896e-05 3.27966e-06 2.11478e-07
 3.33605e-11 2.87112e-09 1.45699e-07 4.35966e-06 7.69221e-05 0.000800427 0.00491625 0.0179037 0.03957 0.0590824 0.0810018 0.124788 0.167104 0.167172 0.13576 0.0967009 0.0581998 0.0290225 0.0122448 0.00425878 0.00113983 0.000220632 2.96015e-05 2.67271e-06 1.58759e-07
 1.69681e-11 1.40378e-09 6.84778e-08 1.96967e-06 3.34082e-05 0.000334235 0.00197534 0.00695131 0.0151627 0.0242642 0.0407157 0.0761418 0.125093 0.172953 0.197073 0.167693 0.101682 0.0461136 0.0170009 0.00524555 0.00129409 0.000237595 3.05119e-05 2.62307e-06 1.46678e-07
 3.5308e-10 2.80361e-08 1.31265e-06 3.62383e-05 0.000589893 0.00566196 0.0320445 0.106944 0.210531 0.244888 0.169957 0.0748203 0.0301547 0.0248125 0.0297424 0.0294003 0.0217155 0.0119596 0.00487982 0.00147065 0.000328933 5.41201e-05 6.33679e-06 5.05659e-07 2.64887e-08
 2.01025e-10 1.52986e-08 6.86495e-07 1.81641e-05 0.000283396 0.00260761 0.0141619 0.0455933 0.088963 0.116433 0.136999 0.177022 0.19054 0.13435 0.0598292 0.0195288 0.0073311 0.00378215 0.00177949 0.00060845 0.000143273 2.29313e-05 2.4784e-06 1.79037e-07 8.50364e-09
 5.46321e-10 3.97935e-08 1.70908e-06 4.32815e-05 0.000646295 0.00569064 0.0295498 0.0905612 0.164457 0.180671 0.132644 0.090445 0.0810682 0.081333 0.0713127 0.0458954 0.0193281 0.00518132 0.000969896 0.000165511 3.01799e-05 4.69154e-06 5.05554e-07 3.52904e-08 1.5678e-09
 6.34855e-10 4.42029e-08 1.81474e-06 4.39304e-05 0.000627068 0.00527841 0.0262153 0.0770265 0.135766 0.153443 0.140512 0.141147 0.134801 0.0956895 0.0513811 0.0239322 0.00990226 0.00328416 0.000796624 0.000134818 1.60444e-05 1.45175e-06 1.08145e-07 6.35652e-09 2.62067e-10
 1.02948e-09 6.84358e-08 2.68249e-06 6.19984e-05 0.000844925 0.00679022 0.0321923 0.0902265 0.151123 0.159515 0.130146 0.116257 0.110886 0.0907991 0.0617063 0.0330231 0.0125222 0.00322011 0.000588865 8.38152e-05 9.53206e-06 8.103e-07 4.81382e-08 1.96655e-09 5.61822e-11
 1.52061e-09 9.64026e-08 3.60369e-06 7.9432e-05 0.00103238 0.00791278 0.0357846 0.0957562 0.153817 0.158868 0.133971 0.125513 0.115263 0.0845475 0.050447 0.0247813 0.00922932 0.00245548 0.000466726 6.4244e-05 6.40076e-06 4.59259e-07 2.36002e-08 8.52345e-10 2.09428e-11
 2.07231e-09 1.25162e-07 4.45739e-06 9.36006e-05 0.00115899 0.00846344 0.0364775 0.0931698 0.143946 0.147721 0.133522 0.135252 0.124995 0.0896661 0.0516899 0.0237762 0.00793247 0.0018078 0.000286617 3.35366e-05 2.99301e-06 1.98503e-07 9.30676e-09 2.97193e-10 6.33364e-12
 3.35625e-09 1.92929e-07 6.53924e-06 0.000130692 0.00154018 0.0107044 0.0439096 0.106734 0.156872 0.152847 0.130655 0.125891 0.113041 0.0809635 0.0470417 0.0212755 0.00674832 0.00141813 0.000199626 1.9786e-05 1.4456e-06 7.8546e-08 3.10496e-09 8.65595e-11 1.64845e-12
 5.16369e-09 2.82248e-07 9.09678e-06 0.000172876 0.00193727 0.0128035 0.0499523 0.115595 0.162476 0.154128 0.132612 0.127177 0.108954 0.0726849 0.0390299 0.0164319 0.00490941 0.000981135 0.000131992 1.24202e-05 8.39841e-07 4.06001e-08 1.3741e-09 3.2012e-11 5.07248e-13
 7.55212e-09 3.92191e-07 1.20092e-05 0.000216833 0.00230858 0.0144971 0.053759 0.118442 0.159766 0.149919 0.134029 0.131083 0.109596 0.070557 0.0363897 0.0145262 0.00405319 0.000744997 9.06776e-05 7.6307e-06 4.62507e-07 2.02959e-08 6.28441e-10 1.3319e-11 1.88784e-13
 1.12156e-08 5.52941e-07 1.60739e-05 0.000275524 0.00278493 0.0166041 0.0584804 0.122593 0.158651 0.147081 0.134974 0.132445 0.107863 0.0675394 0.033791 0.0128836 0.00337535 0.000573471 6.33121e-05 4.72576e-06 2.49735e-07 9.51842e-09 2.57685e-10 4.82361e-12 6.10099e-14
 1.61017e-08 7.53103e-07 2.07695e-05 0.000337749 0.00323884 0.0183224 0.0612662 0.122282 0.152643 0.142429 0.137275 0.136424 0.109202 0.0674505 0.0332259 0.0122622 0.00306798 0.000495912 5.21496e-05 3.70375e-06 1.84233e-07 6.4704e-09 1.576e-10 2.60536e-12 2.88151e-14
 2.52001e-08 1.11751e-06 2.92207e-05 0.000450531 0.00409631 0.0219726 0.0696842 0.132081 0.157427 0.142529 0.134972 0.130406 0.101532 0.0616502 0.0297187 0.0105354 0.00249577 0.000379292 3.73746e-05 2.48308e-06 1.15523e-07 3.79757e-09 8.65156e-11 1.33158e-12 1.35866e-14
 3.81514e-08 1.60327e-06 3.97274e-05 0.00058046 0.00500147 0.0254267 0.0764668 0.137777 0.15777 0.141392 0.134943 0.127998 0.0967653 0.0573308 0.0268759 0.00918643 0.00209947 0.000311774 3.06376e-05 2.06189e-06 9.67785e-08 3.13528e-09 6.851e-11 9.92123e-13 9.42811e-15
 5.4999e-08 2.18935e-06 5.13883e-05 0.000711238 0.00580533 0.0279634 0.0797539 0.136892 0.152161 0.138878 0.137556 0.129988 0.0966454 0.0566503 0.0260801 0.00864147 0.00191276 0.000278693 2.74147e-05 1.87518e-06 8.95989e-08 2.93116e-09 6.40611e-11 9.19156e-13 8.5547e-15
 7.98365e-08 3.00943e-06 6.68897e-05 0.000876676 0.00677643 0.0309183 0.0836216 0.136825 0.148066 0.137816 0.140074 0.130739 0.0952432 0.0548475 0.024503 0.00775091 0.00162535 0.000224485 2.10607e-05 1.38666e-06 6.44089e-08 2.06613e-09 4.45531e-11 6.32273e-13 5.81104e-15
 1.25918e-07 4.4936e-06 9.45566e-05 0.00117327 0.00858598 0.0370912 0.0950149 0.147473 0.152219 0.136597 0.134229 0.121395 0.086927 0.0495229 0.0215904 0.00656823 0.00132086 0.000175993 1.60378e-05 1.02551e-06 4.59088e-08 1.40773e-09 2.89121e-11 3.91187e-13 3.43953e-15
 1.89737e-07 6.40941e-06 0.000127666 0.0014995 0.0103879 0.0424926 0.1032 0.152715 0.153437 0.138912 0.136076 0.117637 0.0788812 0.0417974 0.0169674 0.0048265 0.000911465 0.000114557 9.89486e-06 6.02287e-07 2.57364e-08 7.53929e-10 1.47745e-11 1.90127e-13 1.58331e-15
 2.52877e-07 8.08546e-06 0.000152439 0.00169477 0.0111148 0.0430715 0.0994149 0.141832 0.144406 0.142058 0.146261 0.124958 0.081629 0.0419283 0.0162568 0.00435153 0.00076555 8.89776e-05 7.07182e-06 3.9594e-07 1.56314e-08 4.2567e-10 7.79488e-12 9.40667e-14 7.36101e-16
 3.90236e-07 1.18101e-05 0.000210754 0.00221782 0.0137677 0.0505054 0.110403 0.149428 0.145099 0.13725 0.137056 0.116082 0.0772993 0.0404308 0.0154895 0.00399653 0.000671775 7.45873e-05 5.65787e-06 2.99975e-07 1.10686e-08 2.78374e-10 4.67624e-12 5.16882e-14 3.71192e-16
 5.75862e-07 1.64968e-05 0.000278662 0.00277584 0.0163136 0.0566877 0.11768 0.1529 0.147205 0.141852 0.138849 0.110438 0.0677085 0.0325093 0.0115232 0.00277471 0.000438059 4.59121e-05 3.29917e-06 1.65855e-07 5.7917e-09 1.37311e-10 2.16238e-12 2.22567e-14 1.47808e-16
 7.95294e-07 2.15676e-05 0.000344889 0.00325246 0.0180995 0.059606 0.117745 0.148019 0.144354 0.145267 0.142544 0.110721 0.0662166 0.0307508 0.0103518 0.00233028 0.000339893 3.25827e-05 2.12768e-06 9.73001e-08 3.11444e-09 6.8273e-11 1.00001e-12 9.59784e-15 5.94422e-17
 1.14785e-06 2.94718e-05 0.000446202 0.00398406 0.0209942 0.0655095 0.12294 0.148371 0.142576 0.143377 0.138767 0.106913 0.0642298 0.0296772 0.0097377 0.00211712 0.000299524 2.81098e-05 1.80089e-06 7.97323e-08 2.41332e-09 4.89622e-11 6.55406e-13 5.72656e-15 3.23447e-17
 1.70672e-06 4.1494e-05 0.000594861 0.00502957 0.025101 0.0742319 0.132433 0.153689 0.145575 0.144663 0.134283 0.0974102 0.0546583 0.0234913 0.00715345 0.00143899 0.000187495 1.61443e-05 9.50912e-07 3.91052e-08 1.11438e-09 2.14803e-11 2.73413e-13 2.25687e-15 1.19173e-17
#spawning biomass
 29165.6 32347.4 24153.7 13978.9 16304 24540.6 26934 36315.1 47810.3 57079.8 69657.1 64173.6 71707.4 86518.5 87343.2 96426.4 89232 88154.9 94263.9 105254 111162 109360 106895 111314 108776 97311.9 103401 103317 155225 313312 351848 343210 308691 265303 223205 187088 158265 136321 120150 108508 100268 94509.1 90502.9 87686.6 85800.7 84537.9 83692.3 83126 82746.8 82492.9 82322.9 82209 82132.8 82081.7 82047.5 82024.6 82009.3 81999 81992.2 81987.6 81984.5 81982.4 81981 81980.1 81979.5 81979.1 81978.8 81978.6 81978.5 81978.4 81978.4 81978.3 81978.3 81978.3 81978.3 81978.3 81978.3 81978.2 81978.2 81978.2 81978.2 81978.2 81978.2 81978.2 81978.2 81978.2 81978.2 81978.2 81978.2 81978.2 81978.2 81978.2 81978.2 81978.2 81978.2 81978.2 81978.2 81978.2 81978.2 81978.2 81978.2 81978.2 81978.2 81978.2 81978.2 81978.2 81978.2 81978.2 81978.2 81978.2 81978.2 81978.2 81978.2 81978.2 81978.2 81978.2 81978.2 81978.2 81978.2 81978.2 81978.2 81978.2 81978.2 81978.2 81978.2 81978.2 81978.2 81978.2 0 0 0 0 0 0 0 0 0 0 0 0 0 0 0 0 0 0 0 0 0 0 0 0 0
