SBPRF35
0.819782
Curr Bio
109752
B35
851004
F35
0.231954
FOFL
0
OFL
0
Bzero
234224
#pred survey bio
 31218.7 33571 23560.4 13843 20701 26626.3 31130.7 41836.4 55690.2 69464.6 83902.6 80957 91955.5 111248 115599 126442 120568 119097 128230 147783 156894 153524 156276 166315 166122 147994 158108 137239 3.21004e+06 5.15354e+06 5.81895e+06 5.69951e+06 5.17972e+06 4.5357e+06 3.92231e+06 3.40519e+06 2.99855e+06 2.69229e+06 2.46789e+06 2.30625e+06 2.19095e+06 2.10904e+06 2.05048e+06 2.00702e+06 1.97649e+06 1.95477e+06 1.9391e+06 1.92764e+06 1.91915e+06 1.91277e+06 1.90793e+06 1.9042e+06 1.9013e+06 1.89903e+06 1.89724e+06 1.89581e+06 1.89467e+06 1.89376e+06 1.89302e+06 1.89242e+06 1.89194e+06 1.89154e+06 1.89123e+06 1.89096e+06 1.89075e+06 1.89058e+06 1.89044e+06 1.89032e+06 1.89023e+06 1.89015e+06 1.89009e+06 1.89004e+06 1.88999e+06 1.88996e+06 1.88993e+06 1.88991e+06 1.88989e+06 1.88987e+06 1.88986e+06 1.88985e+06 1.88984e+06 1.88983e+06 1.88983e+06 1.88982e+06 1.88982e+06 1.88982e+06 1.88981e+06 1.88981e+06 1.88981e+06 1.88981e+06 1.88981e+06 1.88981e+06 1.88981e+06 1.88981e+06 1.8898e+06 1.8898e+06 1.8898e+06 1.8898e+06 1.8898e+06 1.8898e+06 1.8898e+06 1.8898e+06 1.8898e+06 1.8898e+06 1.8898e+06 1.8898e+06 1.8898e+06 1.8898e+06 1.8898e+06 1.8898e+06 1.8898e+06 1.8898e+06 1.8898e+06 1.8898e+06 1.8898e+06 1.8898e+06 1.8898e+06 1.8898e+06 1.8898e+06 1.8898e+06 1.8898e+06 1.8898e+06 1.8898e+06 1.8898e+06 1.8898e+06 1.8898e+06 1.8898e+06 1.8898e+06 0 0 0 0 0 0 0 0 0 0 0 0 0 0 0 0 0 0 0 0 0 0 0 0 0
#obs survey bio
 27027 28577.4 16461.7 10733.9 13453.9 34534.2 20938.9 40165.1 35456.3 58952.6 88822 52279.6 72937.2 130312 76977.3 97164.4 78127.5 87233.4 121955 134458 156556 93345.9 105224 131509 124835 87583.9 147904 90869
#pred catch bio
 13512.4 18768.7 16142.6 8859.58 13754.2 19665.5 21715.1 29340.2 40953.5 50003 66873.2 62734.3 70398.4 88971.2 90583.5 104700 98948.3 97321.9 104347 120746 130126 131446 133866 145610 145652 128331 140799 120904 0 45029.8 50614.5 49019.1 43868.6 37708.3 31950.8 27176.7 23489.2 20770.4 18829.1 17474.8 16545.7 15916.4 15492.7 15203.6 15015.9 14894.1 14814.9 14763.6 14730.2 14708.6 14694.5 14685.4 14679.5 14675.6 14673.1 14671.5 14670.5 14669.8 14669.3 14669 14668.9 14668.7 14668.7 14668.6 14668.6 14668.6 14668.5 14668.5 14668.5 14668.5 14668.5 14668.5 14668.5 14668.5 14668.5 14668.5 14668.5 14668.5 14668.5 14668.5 14668.5 14668.5 14668.5 14668.5 14668.5 14668.5 14668.5 14668.5 14668.5 14668.5 14668.5 14668.5 14668.5 14668.5 14668.5 14668.5 14668.5 14668.5 14668.5 14668.5 14668.5 14668.5 14668.5 14668.5 14668.5 14668.5 14668.5 14668.5 14668.5 14668.5 14668.5 14668.5 14668.5 14668.5 14668.5 14668.5 14668.5 14668.5 14668.5 14668.5 14668.5 14668.5 14668.5 14668.5 14668.5 14668.5 14668.5 14668.5 0 0 0 0 0 0 0 0 0 0 0 0 0 0 0 0 0 0 0 0 0 0 0 0 0
#obs catch bio
 18055.1 19574.4 19150.8 10787.9 10068.3 17247 18355.6 24849 39190.9 44947.2 59627.3 58560.2 63397.1 79515.6 83868.6 96934 94539 86771.9 93207.8 110505 104353 112915 128677 133505 134078 112795 121743 103072
#pred cpue bio
 22908.7 27592.7 21922.4 9344.92 9522.85 14834.1 14978.6 20299 26949.4 32099.1 42185 37727.2 40384.8 47862.8 50241.8 55894.3 49908 49640.6 50043.3 55198.7 62582.8 62152.8 53089.7 54935.2 52481.3 51840.3 48984.1 45320.7 1.00415e+06 5.0256e+06 5.6975e+06 5.57732e+06 5.0575e+06 4.41348e+06 3.80009e+06 3.28297e+06 2.87633e+06 2.57007e+06 2.34567e+06 2.18403e+06 2.06873e+06 1.98682e+06 1.92826e+06 1.8848e+06 1.85427e+06 1.83255e+06 1.81688e+06 1.80542e+06 1.79693e+06 1.79055e+06 1.78571e+06 1.78198e+06 1.77908e+06 1.77681e+06 1.77502e+06 1.77359e+06 1.77245e+06 1.77154e+06 1.7708e+06 1.7702e+06 1.76972e+06 1.76932e+06 1.769e+06 1.76874e+06 1.76853e+06 1.76836e+06 1.76822e+06 1.7681e+06 1.76801e+06 1.76793e+06 1.76787e+06 1.76782e+06 1.76777e+06 1.76774e+06 1.76771e+06 1.76769e+06 1.76767e+06 1.76765e+06 1.76764e+06 1.76763e+06 1.76762e+06 1.76761e+06 1.76761e+06 1.7676e+06 1.7676e+06 1.7676e+06 1.76759e+06 1.76759e+06 1.76759e+06 1.76759e+06 1.76759e+06 1.76759e+06 1.76759e+06 1.76759e+06 1.76758e+06 1.76758e+06 1.76758e+06 1.76758e+06 1.76758e+06 1.76758e+06 1.76758e+06 1.76758e+06 1.76758e+06 1.76758e+06 1.76758e+06 1.76758e+06 1.76758e+06 1.76758e+06 1.76758e+06 1.76758e+06 1.76758e+06 1.76758e+06 1.76758e+06 1.76758e+06 1.76758e+06 1.76758e+06 1.76758e+06 1.76758e+06 1.76758e+06 1.76758e+06 1.76758e+06 1.76758e+06 1.76758e+06 1.76758e+06 1.76758e+06 1.76758e+06 1.76758e+06 1.76758e+06 0 0 0 0 0 0 0 0 0 0 0 0 0 0 0 0 0 0 0 0 0 0 0 0 0
#obs cpue bio
 32481.2 25438 14036.6 11738.3 22282.3 30583.4 30346.1 45635.8 48970.6 56868.3 78748.7 66474.5 78127.5 73218.8 87005.1 110337 88322.9 107946 84864.6 87192.6 159532 169952 90556.7 103468 97845.4 137553 103285 121124
#pred surv len freq
 1.32385e-11 1.43691e-09 9.19622e-08 3.47037e-06 7.72202e-05 0.00101317 0.00783929 0.0357874 0.0966427 0.156397 0.161219 0.131354 0.115091 0.0996805 0.0706509 0.0446757 0.0281366 0.0174118 0.0108479 0.00711106 0.00503988 0.00393964 0.00324742 0.00243397 0.00140034
 9.37631e-12 1.01771e-09 6.51332e-08 2.45793e-06 5.46925e-05 0.000717621 0.00555347 0.0253749 0.0688349 0.113903 0.129159 0.135327 0.152518 0.142891 0.0977045 0.0556645 0.0314204 0.0177231 0.00978975 0.00539228 0.00308984 0.00196206 0.00139254 0.000973655 0.000552337
 4.37317e-12 4.74665e-10 3.03785e-08 1.1464e-06 2.55095e-05 0.000334746 0.00259189 0.011875 0.0326545 0.0575788 0.081564 0.123704 0.174978 0.179855 0.135449 0.0884003 0.0539092 0.0291704 0.0143862 0.00689041 0.00328151 0.00162569 0.000900838 0.000538074 0.000285506
 1.51414e-11 1.64345e-09 1.05181e-07 3.9692e-06 8.83195e-05 0.00115879 0.00896532 0.0409134 0.110286 0.176866 0.174799 0.123337 0.0876749 0.0734822 0.0628516 0.0523581 0.0389938 0.0244467 0.0131844 0.00620626 0.00261233 0.00104775 0.00043554 0.000198751 9.00998e-05
 1.80137e-11 1.95521e-09 1.25133e-07 4.72214e-06 0.000105073 0.00137861 0.0106661 0.0486764 0.131233 0.210626 0.208899 0.148803 0.104249 0.0748759 0.0405837 0.0142793 0.003581 0.00105042 0.000518464 0.00027568 0.000124385 4.72489e-05 1.60167e-05 5.35521e-06 1.84357e-06
 1.58847e-11 1.72414e-09 1.10345e-07 4.16406e-06 9.26557e-05 0.00121569 0.00940612 0.0429371 0.115908 0.187233 0.191372 0.151374 0.125348 0.0985648 0.0541679 0.0182556 0.00365679 0.000432583 3.01826e-05 1.24182e-06 3.01273e-08 4.30966e-10 3.63582e-12 1.83085e-14 1.11947e-16
 1.75045e-11 1.89994e-09 1.21596e-07 4.58866e-06 0.000102103 0.00133964 0.0103648 0.0473041 0.127573 0.205073 0.204905 0.14997 0.110169 0.0812421 0.0438897 0.0147386 0.00295019 0.000348946 2.43463e-05 1.00169e-06 2.43016e-08 3.47627e-10 2.93211e-12 1.4583e-14 4.27649e-17
 1.74231e-11 1.89111e-09 1.21031e-07 4.56732e-06 0.000101629 0.00133341 0.0103166 0.0470846 0.126986 0.204176 0.204225 0.15004 0.110932 0.0821128 0.0444064 0.0149154 0.00298571 0.000353149 2.46397e-05 1.01376e-06 2.45944e-08 3.51816e-10 2.96744e-12 1.47588e-14 4.32802e-17
 1.74489e-11 1.89391e-09 1.2121e-07 4.5741e-06 0.000101779 0.00133539 0.0103319 0.0471543 0.127172 0.204461 0.204441 0.150018 0.11069 0.0818362 0.0442423 0.0148592 0.00297443 0.000351814 2.45465e-05 1.00992e-06 2.45014e-08 3.50486e-10 2.95621e-12 1.47029e-14 4.31165e-17
 1.78809e-11 1.9408e-09 1.24211e-07 4.68733e-06 0.000104299 0.00136844 0.0105875 0.0483189 0.130283 0.209218 0.20805 0.149643 0.106642 0.0772168 0.0415013 0.0139213 0.00278599 0.00032951 2.29901e-05 9.45886e-07 2.29478e-08 3.28262e-10 2.76877e-12 1.37707e-14 4.03826e-17
 1.70633e-11 1.85206e-09 1.18532e-07 4.47302e-06 9.95302e-05 0.00130588 0.0101037 0.0461147 0.124396 0.200214 0.201219 0.150352 0.114303 0.0859601 0.0466891 0.0156965 0.00314264 0.000371725 2.59359e-05 1.06709e-06 2.58883e-08 3.70325e-10 3.12355e-12 1.55352e-14 4.55571e-17
 1.78043e-11 1.93249e-09 1.23679e-07 4.66726e-06 0.000103852 0.00136259 0.0105422 0.0481125 0.129732 0.208375 0.207411 0.14971 0.10736 0.0780356 0.0419872 0.0140876 0.00281939 0.000333464 2.3266e-05 9.57236e-07 2.32232e-08 3.32201e-10 2.80199e-12 1.39359e-14 4.08672e-17
 1.83189e-11 1.98834e-09 1.27254e-07 4.80215e-06 0.000106854 0.00140196 0.0108468 0.0494998 0.133437 0.214043 0.21171 0.149264 0.102537 0.0725322 0.0387218 0.0129702 0.00259491 0.000306892 2.14118e-05 8.80947e-07 2.13723e-08 3.05726e-10 2.57868e-12 1.28253e-14 3.76101e-17
 1.84857e-11 2.00645e-09 1.28412e-07 4.84589e-06 0.000107827 0.00141473 0.0109455 0.0499496 0.134639 0.21588 0.213104 0.149119 0.100974 0.070748 0.0376632 0.012608 0.00252213 0.000298278 2.08107e-05 8.56214e-07 2.07723e-08 2.97142e-10 2.50628e-12 1.24652e-14 3.65542e-17
 1.84042e-11 1.99759e-09 1.27846e-07 4.8245e-06 0.000107351 0.00140849 0.0108972 0.0497297 0.134051 0.214982 0.212423 0.14919 0.101738 0.0716203 0.0381808 0.0127851 0.00255771 0.00030249 2.11046e-05 8.68308e-07 2.10657e-08 3.01339e-10 2.54168e-12 1.26412e-14 3.70705e-17
 1.82647e-11 1.98246e-09 1.26877e-07 4.78795e-06 0.000106538 0.00139782 0.0108147 0.0493538 0.133047 0.213446 0.211258 0.14931 0.103045 0.0731115 0.0390656 0.0130878 0.00261854 0.000309689 2.1607e-05 8.88978e-07 2.15672e-08 3.08513e-10 2.60219e-12 1.29422e-14 3.7953e-17
 1.87839e-11 2.03882e-09 1.30484e-07 4.92406e-06 0.000109566 0.00143755 0.011122 0.0507536 0.136786 0.219165 0.215596 0.14886 0.0981796 0.0675587 0.0357709 0.0119604 0.00239203 0.00028288 1.97362e-05 8.12004e-07 1.96997e-08 2.81799e-10 2.37687e-12 1.18215e-14 3.46668e-17
 1.8732e-11 2.03318e-09 1.30123e-07 4.91045e-06 0.000109263 0.00143358 0.0110913 0.0506136 0.136412 0.218593 0.215162 0.148905 0.0986662 0.068114 0.0361004 0.0120732 0.00241469 0.000285561 1.99233e-05 8.19702e-07 1.98865e-08 2.84471e-10 2.3994e-12 1.19336e-14 3.49954e-17
 1.92046e-11 2.08447e-09 1.33406e-07 5.03432e-06 0.00011202 0.00146974 0.011371 0.0518877 0.139815 0.223797 0.21911 0.148496 0.0942379 0.0630602 0.0331018 0.0110471 0.00220854 0.00026116 1.82206e-05 7.49646e-07 1.81869e-08 2.60158e-10 2.19434e-12 1.09137e-14 3.20045e-17
 1.94934e-11 2.11582e-09 1.35412e-07 5.11003e-06 0.000113704 0.00149184 0.0115419 0.0526663 0.141895 0.226978 0.221523 0.148245 0.0915317 0.0599717 0.0312692 0.01042 0.00208255 0.000246248 1.718e-05 7.06831e-07 1.71482e-08 2.453e-10 2.06901e-12 1.02904e-14 3.01766e-17
 1.90531e-11 2.06803e-09 1.32353e-07 4.99461e-06 0.000111136 0.00145815 0.0112813 0.0514792 0.138724 0.222129 0.217844 0.148627 0.0956577 0.0646805 0.0340631 0.0113761 0.00227463 0.000268983 1.87665e-05 7.72106e-07 1.87318e-08 2.67953e-10 2.26008e-12 1.12407e-14 3.29634e-17
 1.89474e-11 2.05655e-09 1.31619e-07 4.9669e-06 0.00011052 0.00145006 0.0112187 0.0511942 0.137963 0.220964 0.216961 0.148719 0.0966482 0.065811 0.0347339 0.0116056 0.00232075 0.000274441 1.91474e-05 7.87778e-07 1.9112e-08 2.73392e-10 2.30596e-12 1.14688e-14 3.36324e-17
 2.00552e-11 2.1768e-09 1.39315e-07 5.25731e-06 0.000116981 0.00153483 0.0118744 0.0541811 0.145941 0.233166 0.226218 0.147758 0.0862666 0.0539628 0.027704 0.00920008 0.00183745 0.000217236 1.51555e-05 6.23536e-07 1.51274e-08 2.16393e-10 1.82519e-12 9.07771e-15 2.66205e-17
 2.02069e-11 2.19326e-09 1.40369e-07 5.29707e-06 0.000117866 0.00154644 0.0119642 0.05459 0.147033 0.234837 0.227485 0.147627 0.0848453 0.0523407 0.0267415 0.00887074 0.00177128 0.000209404 1.4609e-05 6.0105e-07 1.45818e-08 2.08589e-10 1.75937e-12 8.75035e-15 2.56605e-17
 2.04349e-11 2.21802e-09 1.41953e-07 5.35685e-06 0.000119196 0.00156389 0.0120991 0.0552049 0.148676 0.237349 0.229391 0.147429 0.0827082 0.0499017 0.0252943 0.00837554 0.00167179 0.000197628 1.37873e-05 5.6724e-07 1.37616e-08 1.96855e-10 1.6604e-12 8.25811e-15 2.4217e-17
 1.98824e-11 2.15805e-09 1.38115e-07 5.21202e-06 0.000115974 0.00152161 0.0117721 0.0537152 0.144697 0.231263 0.224774 0.147908 0.0878857 0.0558106 0.0288003 0.00957523 0.00191282 0.000226158 1.57781e-05 6.49151e-07 1.57488e-08 2.25282e-10 1.90017e-12 9.45062e-15 2.7714e-17
 2.05304e-11 2.22837e-09 1.42616e-07 5.38186e-06 0.000119753 0.00157119 0.0121556 0.0554621 0.149363 0.238399 0.230188 0.147346 0.0818141 0.0488813 0.0246889 0.00816837 0.00163017 0.000192702 1.34435e-05 5.53095e-07 1.34184e-08 1.91946e-10 1.61899e-12 8.05218e-15 2.36131e-17
 2.02081e-11 2.19339e-09 1.40377e-07 5.29739e-06 0.000117873 0.00154653 0.0119649 0.0545932 0.147042 0.23485 0.227495 0.147626 0.084834 0.0523279 0.0267339 0.00886813 0.00177076 0.000209342 1.46047e-05 6.00872e-07 1.45775e-08 2.08527e-10 1.75885e-12 8.74775e-15 2.56528e-17
#obs surv len freq
 4.32187e-11 4.00536e-09 2.18876e-07 7.05248e-06 0.000133991 0.00150111 0.00991805 0.0386812 0.089471 0.12579 0.120419 0.108522 0.114343 0.113648 0.0982876 0.0770946 0.0523707 0.0294699 0.0135954 0.00499962 0.00140701 0.000292308 4.33756e-05 4.44869e-06 3.05716e-07
 2.36092e-11 2.11033e-09 1.11226e-07 3.4566e-06 6.33424e-05 0.000684544 0.00436611 0.0165007 0.0377231 0.0574801 0.0783411 0.120577 0.164835 0.168412 0.138546 0.100043 0.0613426 0.0311726 0.0134364 0.00481588 0.0013414 0.000272404 3.85912e-05 3.69927e-06 2.34375e-07
 1.16393e-11 1.00172e-09 5.08339e-08 1.52108e-06 2.68387e-05 0.000279314 0.00171683 0.00627691 0.0141537 0.022999 0.0383723 0.0722329 0.120505 0.168984 0.196811 0.172652 0.107951 0.0502149 0.0189355 0.00600702 0.00153916 0.000296443 4.02505e-05 3.67973e-06 2.19763e-07
 2.44516e-10 2.02289e-08 9.86785e-07 2.83831e-05 0.000481377 0.00481391 0.0283859 0.0987011 0.202432 0.245265 0.17708 0.0804307 0.0319767 0.025035 0.0302142 0.0306838 0.0233449 0.0132739 0.00560908 0.00175521 0.000409115 7.05886e-05 8.73259e-06 7.41124e-07 4.14946e-08
 1.34267e-10 1.06614e-08 4.99168e-07 1.37806e-05 0.000224332 0.00215366 0.0122024 0.0409637 0.08314 0.112056 0.13321 0.174769 0.194843 0.143228 0.0662219 0.0219161 0.00800848 0.00411771 0.00200299 0.000716604 0.00017741 2.9965e-05 3.43139e-06 2.63806e-07 1.3393e-08
 3.6441e-10 2.77325e-08 1.24445e-06 3.29268e-05 0.000513704 0.0047258 0.0256387 0.082087 0.155668 0.178223 0.135135 0.0930149 0.0833568 0.0845576 0.0760177 0.0508639 0.0224205 0.00627942 0.00121045 0.000208129 3.87201e-05 6.31777e-06 7.23477e-07 5.39183e-08 2.56497e-09
 4.16128e-10 3.03104e-08 1.3018e-06 3.29674e-05 0.000492289 0.00433502 0.0225217 0.0692026 0.127382 0.149441 0.139822 0.142778 0.140716 0.10332 0.0567475 0.0268089 0.0113336 0.0038855 0.000981923 0.000173766 2.15896e-05 2.03145e-06 1.58032e-07 9.82787e-09 4.33146e-10
 6.6918e-10 4.65928e-08 1.91286e-06 4.63056e-05 0.000660965 0.0055635 0.0276251 0.0810739 0.142048 0.156124 0.13079 0.118639 0.115833 0.0971026 0.0675271 0.0373558 0.0147711 0.00396192 0.00075128 0.000110475 1.30605e-05 1.16554e-06 7.31295e-08 3.16463e-09 9.60901e-11
 9.72582e-10 6.46537e-08 2.53424e-06 5.85722e-05 0.000798236 0.00641521 0.0304193 0.0853289 0.143535 0.154557 0.134367 0.129257 0.122705 0.0926528 0.056538 0.0285622 0.0110412 0.00305908 0.000605663 8.69722e-05 9.06602e-06 6.82705e-07 3.69661e-08 1.41403e-09 3.69847e-11
 1.3031e-09 8.26131e-08 3.08822e-06 6.80701e-05 0.000884722 0.00678142 0.0306775 0.0822199 0.133131 0.142512 0.133131 0.139411 0.133691 0.0988575 0.0584433 0.02778 0.00967102 0.00230526 0.000381069 4.63584e-05 4.31339e-06 3.00285e-07 1.48717e-08 5.0391e-10 1.14344e-11
 2.10149e-09 1.26925e-07 4.52018e-06 9.49189e-05 0.00117531 0.0085825 0.0369881 0.0944398 0.145646 0.148314 0.131463 0.131253 0.12225 0.0901583 0.0538212 0.0252602 0.00839335 0.00185214 0.000273124 2.8269e-05 2.1566e-06 1.22808e-07 5.11452e-09 1.50997e-10 3.05965e-12
 3.2085e-09 1.84435e-07 6.25137e-06 0.000124938 0.00147239 0.0102336 0.0419859 0.102151 0.150814 0.149787 0.134225 0.134142 0.119632 0.0823618 0.0454742 0.0198638 0.0062168 0.00130501 0.000184088 1.81301e-05 1.28469e-06 6.53278e-08 2.33495e-09 5.76416e-11 9.71037e-13
 4.63071e-09 2.53115e-07 8.15783e-06 0.000155033 0.00173734 0.011483 0.0448169 0.103907 0.1474 0.145202 0.136047 0.139478 0.121657 0.080903 0.0429801 0.0178448 0.00522825 0.00101181 0.000129412 1.14101e-05 7.24504e-07 3.34265e-08 1.09348e-09 2.45869e-11 3.70983e-13
 6.82515e-09 3.5444e-07 1.08533e-05 0.000195961 0.0020864 0.0131029 0.0486088 0.107316 0.146201 0.142567 0.137622 0.141936 0.120654 0.0780601 0.0403026 0.016025 0.00441902 0.000792416 9.21776e-05 7.2266e-06 4.00594e-07 1.60535e-08 4.58929e-10 9.10925e-12 1.22602e-13
 9.66578e-09 4.76533e-07 1.38528e-05 0.000237453 0.00240018 0.0143122 0.050444 0.106124 0.13967 0.137629 0.140413 0.14713 0.122935 0.0784559 0.0399653 0.0154224 0.0040682 0.000694662 7.70255e-05 5.75309e-06 3.00838e-07 1.11372e-08 2.87044e-10 5.03765e-12 5.93093e-14
 1.51626e-08 7.09182e-07 1.95582e-05 0.000318052 0.00304999 0.0172551 0.0577162 0.115381 0.145097 0.138873 0.139332 0.141918 0.115236 0.072299 0.0361221 0.0134245 0.00335874 0.00053986 5.61451e-05 3.92583e-06 1.9212e-07 6.66109e-09 1.60703e-10 2.62857e-12 2.85824e-14
 2.29684e-08 1.01855e-06 2.66329e-05 0.000410635 0.00373366 0.0200299 0.0635635 0.120858 0.146118 0.138586 0.14025 0.140218 0.11048 0.0676475 0.0329194 0.0118105 0.00285076 0.000447316 4.63445e-05 3.28356e-06 1.62495e-07 5.57006e-09 1.29227e-10 1.99202e-12 2.01931e-14
 3.27179e-08 1.37493e-06 3.40695e-05 0.000497798 0.00428943 0.0218123 0.0656793 0.119066 0.140072 0.136139 0.143856 0.143493 0.111125 0.0673578 0.0322628 0.0112378 0.00262712 0.000404032 4.18592e-05 3.01469e-06 1.52087e-07 5.27394e-09 1.22587e-10 1.87541e-12 1.86515e-14
 4.71809e-08 1.87813e-06 4.40836e-05 0.000610146 0.0049805 0.023998 0.068552 0.11856 0.136099 0.135533 0.147373 0.145165 0.110076 0.0656201 0.0305782 0.0101875 0.00225821 0.000329283 3.25311e-05 2.25462e-06 1.10557e-07 3.75984e-09 8.62708e-11 1.30658e-12 1.28466e-14
 7.42188e-08 2.79768e-06 6.21831e-05 0.000814996 0.00629986 0.0287484 0.0778124 0.127785 0.140395 0.135836 0.143689 0.13729 0.102289 0.0604181 0.027547 0.0088396 0.00187959 0.000264356 2.53749e-05 1.70995e-06 8.0934e-08 2.63411e-09 5.76066e-11 8.3217e-13 7.83082e-15
 1.11519e-07 3.97975e-06 8.37442e-05 0.00103912 0.007605 0.0328676 0.084374 0.132266 0.142043 0.139695 0.147926 0.135324 0.0945483 0.0519959 0.0220841 0.00662753 0.00132351 0.000175599 1.59778e-05 1.02519e-06 4.63378e-08 1.44169e-09 3.01076e-11 4.14025e-13 3.69313e-15
 1.46237e-07 4.93996e-06 9.83976e-05 0.00115578 0.00800847 0.0327936 0.0800475 0.121237 0.132833 0.142977 0.159028 0.143525 0.0976652 0.0521537 0.0212069 0.005999 0.00111741 0.000137239 1.14985e-05 6.78772e-07 2.83431e-08 8.19702e-10 1.59981e-11 2.06362e-13 1.73038e-15
 2.23736e-07 7.15371e-06 0.000134873 0.00149951 0.00983507 0.0381288 0.08819 0.127011 0.133758 0.140143 0.152048 0.13597 0.0942859 0.0514377 0.0207452 0.00566755 0.00100927 0.000118459 9.4816e-06 5.30903e-07 2.07548e-08 5.55024e-10 9.94324e-12 1.17507e-13 9.04323e-16
 3.28794e-07 9.95066e-06 0.000177573 0.00186874 0.0116035 0.0426161 0.093673 0.129917 0.136868 0.147279 0.156887 0.131929 0.0843577 0.0422692 0.0157704 0.00402009 0.000672307 7.4488e-05 5.64952e-06 3.0012e-07 1.11125e-08 2.80384e-10 4.71331e-12 5.19135e-14 3.69731e-16
 4.52485e-07 1.29624e-05 0.000218963 0.00218134 0.0128244 0.0446415 0.0934388 0.125775 0.135077 0.151752 0.161274 0.132139 0.0824364 0.040037 0.0142171 0.00339321 0.000524932 5.3252e-05 3.67233e-06 1.77438e-07 6.01962e-09 1.40402e-10 2.19537e-12 2.25542e-14 1.49862e-16
 6.37594e-07 1.7291e-05 0.000276506 0.00260778 0.0145174 0.0478957 0.0954049 0.12418 0.133727 0.152324 0.160192 0.13016 0.08168 0.039592 0.0137323 0.00316675 0.000474954 4.71622e-05 3.19468e-06 1.49812e-07 4.81828e-09 1.04187e-10 1.49001e-12 1.39385e-14 8.44613e-17
 9.53599e-07 2.44843e-05 0.0003707 0.00331025 0.0174516 0.0545755 0.103455 0.13003 0.139046 0.156798 0.158038 0.12098 0.0710037 0.0320514 0.0103257 0.00220475 0.000304753 2.77755e-05 1.72927e-06 7.52667e-08 2.27789e-09 4.68025e-11 6.36933e-13 5.63471e-15 3.19523e-17
 1.21523e-06 2.95452e-05 0.000423581 0.00358217 0.0178956 0.0531735 0.0968943 0.121983 0.139794 0.166176 0.165678 0.122945 0.0698138 0.030239 0.00924454 0.00186189 0.000242334 2.07716e-05 1.21106e-06 4.89679e-08 1.3652e-09 2.57219e-11 3.21217e-13 2.62008e-15 1.37858e-17
#pred catch len freq
 9.60231e-13 1.04224e-10 6.67036e-09 2.51727e-07 5.60218e-06 7.35661e-05 0.00057167 0.0026671 0.0079897 0.0192843 0.0496798 0.11717 0.191144 0.200745 0.148222 0.0943436 0.0594489 0.0367861 0.022917 0.0150222 0.0106467 0.00832247 0.00686015 0.00514175 0.00295821
 5.73639e-13 6.22632e-11 3.98488e-09 1.50387e-07 3.34738e-06 4.39917e-05 0.000343234 0.00163339 0.00532348 0.0159796 0.0509896 0.130168 0.215062 0.222126 0.154883 0.0885067 0.0499593 0.0281751 0.0155618 0.00857127 0.00491138 0.00311874 0.00221348 0.00154765 0.000877952
 2.22106e-13 2.41076e-11 1.54293e-09 5.82343e-08 1.2968e-06 1.70826e-05 0.000134853 0.000678033 0.00268775 0.0112654 0.0440568 0.1195 0.201807 0.215583 0.163498 0.106772 0.0650938 0.0352159 0.0173661 0.00831735 0.00396103 0.00196233 0.00108737 0.000649492 0.000344625
 2.64583e-12 2.8718e-10 1.83795e-08 6.93591e-07 1.54339e-05 0.00020254 0.00156868 0.00719736 0.0199323 0.0362644 0.0562413 0.094998 0.143803 0.162005 0.147564 0.123865 0.092265 0.0578352 0.0311888 0.014681 0.00617944 0.00247844 0.00103026 0.000470141 0.000213129
 1.29355e-11 1.40402e-09 8.98571e-08 3.39093e-06 7.54528e-05 0.000989998 0.00766055 0.0349847 0.0946571 0.154651 0.166258 0.152621 0.150912 0.128445 0.0727477 0.0258264 0.00648306 0.00189851 0.00093599 0.000497594 0.000224507 8.52809e-05 2.8909e-05 9.66579e-06 3.32752e-06
 1.08473e-11 1.17737e-09 7.53513e-08 2.84353e-06 6.32726e-05 0.000830201 0.00642468 0.0293556 0.0796314 0.131751 0.149281 0.155742 0.172554 0.152439 0.0861337 0.0291937 0.00585438 0.000692699 4.83338e-05 1.98864e-06 4.82457e-08 6.90146e-10 5.82238e-12 2.93175e-14 1.78852e-16
 1.28241e-11 1.39194e-09 8.90838e-08 3.36175e-06 7.48035e-05 0.00098148 0.0075947 0.0346855 0.0938677 0.153524 0.165799 0.154028 0.154028 0.131297 0.0735892 0.0249012 0.00499197 0.00059062 4.12107e-05 1.69556e-06 4.11354e-08 5.88432e-10 4.9632e-12 2.46848e-14 7.23885e-17
 1.27601e-11 1.38498e-09 8.86386e-08 3.34495e-06 7.44297e-05 0.000976576 0.00755677 0.0345127 0.0934061 0.152818 0.165264 0.154083 0.154629 0.131983 0.0739959 0.0250404 0.00501993 0.00059393 4.14416e-05 1.70506e-06 4.1366e-08 5.91729e-10 4.99101e-12 2.48232e-14 7.27942e-17
 1.36228e-11 1.47863e-09 9.4632e-08 3.57112e-06 7.94622e-05 0.0010426 0.0080674 0.0368388 0.0996193 0.162321 0.172473 0.153335 0.146544 0.122755 0.0685211 0.023167 0.00464354 0.000549379 3.83328e-05 1.57715e-06 3.82628e-08 5.47339e-10 4.6166e-12 2.2961e-14 6.73333e-17
 1.40639e-11 1.5265e-09 9.76955e-08 3.68673e-06 8.20346e-05 0.00107635 0.00832842 0.0380278 0.102795 0.167178 0.176157 0.152953 0.142411 0.118039 0.0657226 0.0222094 0.00445115 0.000526607 3.67437e-05 1.51177e-06 3.66766e-08 5.24649e-10 4.42521e-12 2.20091e-14 6.45419e-17
 1.42485e-11 1.54654e-09 9.89781e-08 3.73513e-06 8.31115e-05 0.00109048 0.00843769 0.0385256 0.104125 0.169212 0.1777 0.152793 0.140681 0.116064 0.064551 0.0218085 0.00437061 0.000517073 3.60785e-05 1.4844e-06 3.60125e-08 5.15149e-10 4.34509e-12 2.16106e-14 6.33733e-17
 1.50015e-11 1.62827e-09 1.04209e-07 3.93253e-06 8.75038e-05 0.0011481 0.00888337 0.0405558 0.109548 0.177505 0.183992 0.15214 0.133624 0.108011 0.0597726 0.0201734 0.00404211 0.00047819 3.33652e-05 1.37276e-06 3.33041e-08 4.76406e-10 4.01831e-12 1.99853e-14 5.86072e-17
 1.56635e-11 1.70013e-09 1.08808e-07 4.10607e-06 9.13654e-05 0.00119876 0.0092752 0.0423407 0.114315 0.184797 0.189524 0.151566 0.127421 0.100931 0.0555716 0.0187359 0.00375329 0.000444005 3.09797e-05 1.27461e-06 3.09229e-08 4.42344e-10 3.73101e-12 1.85564e-14 5.44169e-17
 1.64274e-11 1.78304e-09 1.14114e-07 4.30632e-06 9.5821e-05 0.00125722 0.00972729 0.0444002 0.119816 0.19321 0.195906 0.150903 0.120262 0.0927611 0.0507244 0.0170773 0.00342006 0.000404561 2.82273e-05 1.16136e-06 2.81755e-08 4.03043e-10 3.39952e-12 1.69077e-14 4.95821e-17
 1.60753e-11 1.74482e-09 1.11668e-07 4.21401e-06 9.37671e-05 0.00123027 0.0095189 0.0434509 0.11728 0.189332 0.192964 0.151209 0.123562 0.0965269 0.0529588 0.0178418 0.00357367 0.000422743 2.9496e-05 1.21357e-06 2.9442e-08 4.21159e-10 3.55232e-12 1.76677e-14 5.18107e-17
 1.64916e-11 1.79001e-09 1.1456e-07 4.32315e-06 9.61956e-05 0.00126213 0.00976531 0.0445734 0.120279 0.193918 0.196443 0.150848 0.119661 0.0920743 0.0503168 0.0169378 0.00339204 0.000401245 2.79959e-05 1.15184e-06 2.79445e-08 3.99738e-10 3.37164e-12 1.67691e-14 4.91756e-17
 1.71206e-11 1.85828e-09 1.18929e-07 4.48803e-06 9.98642e-05 0.00131026 0.0101376 0.0462691 0.124808 0.200845 0.201698 0.150302 0.113767 0.0853477 0.0463257 0.0155721 0.00311766 0.000368768 2.57296e-05 1.0586e-06 2.56823e-08 3.67378e-10 3.0987e-12 1.54116e-14 4.51947e-17
 1.70057e-11 1.84581e-09 1.18131e-07 4.45791e-06 9.9194e-05 0.00130147 0.0100696 0.0459593 0.123981 0.199579 0.200738 0.150402 0.114843 0.0865765 0.0470548 0.0158216 0.00316779 0.000374701 2.61436e-05 1.07563e-06 2.60956e-08 3.7329e-10 3.14856e-12 1.56596e-14 4.59219e-17
 1.76278e-11 1.91333e-09 1.22453e-07 4.62099e-06 0.000102823 0.00134908 0.0104378 0.0476366 0.128461 0.206431 0.205936 0.149863 0.109013 0.0799231 0.0431071 0.0144708 0.00289639 0.000342577 2.39019e-05 9.83401e-07 2.3858e-08 3.41282e-10 2.87858e-12 1.43168e-14 4.19842e-17
 1.80629e-11 1.96055e-09 1.25475e-07 4.73504e-06 0.00010536 0.00138237 0.0106952 0.0488096 0.131594 0.211223 0.209571 0.149485 0.104937 0.0752702 0.0403464 0.0135261 0.00270659 0.000320112 2.23343e-05 9.18902e-07 2.22932e-08 3.18898e-10 2.68978e-12 1.33778e-14 3.92306e-17
 1.7589e-11 1.90912e-09 1.22183e-07 4.61081e-06 0.000102596 0.00134611 0.0104148 0.0475319 0.128181 0.206004 0.205611 0.149896 0.109377 0.0803384 0.0433536 0.0145551 0.00291333 0.000344582 2.40419e-05 9.89159e-07 2.39977e-08 3.4328e-10 2.89544e-12 1.44007e-14 4.22301e-17
 1.773e-11 1.92442e-09 1.23163e-07 4.64778e-06 0.000103419 0.0013569 0.0104982 0.0479122 0.129197 0.207557 0.20679 0.149774 0.108056 0.07883 0.0424585 0.0142488 0.0028518 0.000337299 2.35337e-05 9.68249e-07 2.34904e-08 3.36023e-10 2.83423e-12 1.40962e-14 4.13373e-17
 1.91477e-11 2.0783e-09 1.33011e-07 5.01941e-06 0.000111688 0.00146538 0.0113373 0.0517343 0.139406 0.223171 0.218635 0.148545 0.0947711 0.0636687 0.0334628 0.0111707 0.00223336 0.000264098 1.84256e-05 7.58081e-07 1.83915e-08 2.63086e-10 2.21903e-12 1.10365e-14 3.23646e-17
 1.94713e-11 2.11342e-09 1.35259e-07 5.10425e-06 0.000113576 0.00149015 0.0115288 0.0526068 0.141736 0.226735 0.221339 0.148264 0.0917383 0.0602075 0.0314091 0.0104679 0.00209217 0.000247386 1.72594e-05 7.101e-07 1.72275e-08 2.46434e-10 2.07858e-12 1.0338e-14 3.03161e-17
 1.97568e-11 2.14441e-09 1.37242e-07 5.17909e-06 0.000115241 0.001512 0.0116978 0.0533766 0.143793 0.22988 0.223725 0.148017 0.0890627 0.0571539 0.0295973 0.00984796 0.00196762 0.000232643 1.62306e-05 6.67771e-07 1.62005e-08 2.31744e-10 1.95467e-12 9.72171e-15 2.8509e-17
 1.90113e-11 2.06349e-09 1.32063e-07 4.98366e-06 0.000110892 0.00145495 0.0112566 0.0513666 0.138424 0.221669 0.217495 0.148663 0.0960491 0.0651272 0.0343282 0.0114668 0.00229285 0.00027114 1.8917e-05 7.78299e-07 1.8882e-08 2.70102e-10 2.27821e-12 1.13308e-14 3.32278e-17
 1.99551e-11 2.16593e-09 1.38619e-07 5.23106e-06 0.000116397 0.00152717 0.0118151 0.053911 0.14522 0.232063 0.225381 0.147845 0.0872052 0.055034 0.0283395 0.00941754 0.00188114 0.000222408 1.55164e-05 6.38384e-07 1.54876e-08 2.21545e-10 1.86865e-12 9.29387e-15 2.72544e-17
 1.95097e-11 2.11759e-09 1.35526e-07 5.11431e-06 0.0001138 0.00149309 0.0115516 0.0527104 0.142013 0.227158 0.22166 0.148231 0.0913785 0.0597968 0.0311655 0.0103845 0.00207542 0.000245404 1.71211e-05 7.04407e-07 1.70893e-08 2.44458e-10 2.06191e-12 1.02551e-14 3.00731e-17
#obs catch len freq
 3.85505e-11 3.57273e-09 1.95234e-07 6.29072e-06 0.000119518 0.00133898 0.00884706 0.0345091 0.0798809 0.112743 0.109787 0.103322 0.114288 0.119686 0.110364 0.0901516 0.0608735 0.03286 0.0143715 0.00508414 0.00141741 0.000299225 4.56228e-05 4.80703e-06 3.38141e-07
 5.96211e-11 5.32926e-09 2.80881e-07 8.72898e-06 0.000159954 0.00172836 0.0110144 0.0414397 0.0925422 0.126134 0.119022 0.108838 0.115512 0.113667 0.0974529 0.0756139 0.0505046 0.0278583 0.0125433 0.00447172 0.00121144 0.000240596 3.3896e-05 3.27966e-06 2.11478e-07
 3.33605e-11 2.87112e-09 1.45699e-07 4.35966e-06 7.69221e-05 0.000800427 0.00491625 0.0179037 0.03957 0.0590824 0.0810018 0.124788 0.167104 0.167172 0.13576 0.0967009 0.0581998 0.0290225 0.0122448 0.00425878 0.00113983 0.000220632 2.96015e-05 2.67271e-06 1.58759e-07
 1.69681e-11 1.40378e-09 6.84778e-08 1.96967e-06 3.34082e-05 0.000334235 0.00197534 0.00695131 0.0151627 0.0242642 0.0407157 0.0761418 0.125093 0.172953 0.197073 0.167693 0.101682 0.0461136 0.0170009 0.00524555 0.00129409 0.000237595 3.05119e-05 2.62307e-06 1.46678e-07
 3.5308e-10 2.80361e-08 1.31265e-06 3.62383e-05 0.000589893 0.00566196 0.0320445 0.106944 0.210531 0.244888 0.169957 0.0748203 0.0301547 0.0248125 0.0297424 0.0294003 0.0217155 0.0119596 0.00487982 0.00147065 0.000328933 5.41201e-05 6.33679e-06 5.05659e-07 2.64887e-08
 2.01025e-10 1.52986e-08 6.86495e-07 1.81641e-05 0.000283396 0.00260761 0.0141619 0.0455933 0.088963 0.116433 0.136999 0.177022 0.19054 0.13435 0.0598292 0.0195288 0.0073311 0.00378215 0.00177949 0.00060845 0.000143273 2.29313e-05 2.4784e-06 1.79037e-07 8.50364e-09
 5.46321e-10 3.97935e-08 1.70908e-06 4.32815e-05 0.000646295 0.00569064 0.0295498 0.0905612 0.164457 0.180671 0.132644 0.090445 0.0810682 0.081333 0.0713127 0.0458954 0.0193281 0.00518132 0.000969896 0.000165511 3.01799e-05 4.69154e-06 5.05554e-07 3.52904e-08 1.5678e-09
 6.34855e-10 4.42029e-08 1.81474e-06 4.39304e-05 0.000627068 0.00527841 0.0262153 0.0770265 0.135766 0.153443 0.140512 0.141147 0.134801 0.0956895 0.0513811 0.0239322 0.00990226 0.00328416 0.000796624 0.000134818 1.60444e-05 1.45175e-06 1.08145e-07 6.35652e-09 2.62067e-10
 1.02948e-09 6.84358e-08 2.68249e-06 6.19984e-05 0.000844925 0.00679022 0.0321923 0.0902265 0.151123 0.159515 0.130146 0.116257 0.110886 0.0907991 0.0617063 0.0330231 0.0125222 0.00322011 0.000588865 8.38152e-05 9.53206e-06 8.103e-07 4.81382e-08 1.96655e-09 5.61822e-11
 1.52061e-09 9.64026e-08 3.60369e-06 7.9432e-05 0.00103238 0.00791278 0.0357846 0.0957562 0.153817 0.158868 0.133971 0.125513 0.115263 0.0845475 0.050447 0.0247813 0.00922932 0.00245548 0.000466726 6.4244e-05 6.40076e-06 4.59259e-07 2.36002e-08 8.52345e-10 2.09428e-11
 2.07231e-09 1.25162e-07 4.45739e-06 9.36006e-05 0.00115899 0.00846344 0.0364775 0.0931698 0.143946 0.147721 0.133522 0.135252 0.124995 0.0896661 0.0516899 0.0237762 0.00793247 0.0018078 0.000286617 3.35366e-05 2.99301e-06 1.98503e-07 9.30676e-09 2.97193e-10 6.33364e-12
 3.35625e-09 1.92929e-07 6.53924e-06 0.000130692 0.00154018 0.0107044 0.0439096 0.106734 0.156872 0.152847 0.130655 0.125891 0.113041 0.0809635 0.0470417 0.0212755 0.00674832 0.00141813 0.000199626 1.9786e-05 1.4456e-06 7.8546e-08 3.10496e-09 8.65595e-11 1.64845e-12
 5.16369e-09 2.82248e-07 9.09678e-06 0.000172876 0.00193727 0.0128035 0.0499523 0.115595 0.162476 0.154128 0.132612 0.127177 0.108954 0.0726849 0.0390299 0.0164319 0.00490941 0.000981135 0.000131992 1.24202e-05 8.39841e-07 4.06001e-08 1.3741e-09 3.2012e-11 5.07248e-13
 7.55212e-09 3.92191e-07 1.20092e-05 0.000216833 0.00230858 0.0144971 0.053759 0.118442 0.159766 0.149919 0.134029 0.131083 0.109596 0.070557 0.0363897 0.0145262 0.00405319 0.000744997 9.06776e-05 7.6307e-06 4.62507e-07 2.02959e-08 6.28441e-10 1.3319e-11 1.88784e-13
 1.12156e-08 5.52941e-07 1.60739e-05 0.000275524 0.00278493 0.0166041 0.0584804 0.122593 0.158651 0.147081 0.134974 0.132445 0.107863 0.0675394 0.033791 0.0128836 0.00337535 0.000573471 6.33121e-05 4.72576e-06 2.49735e-07 9.51842e-09 2.57685e-10 4.82361e-12 6.10099e-14
 1.61017e-08 7.53103e-07 2.07695e-05 0.000337749 0.00323884 0.0183224 0.0612662 0.122282 0.152643 0.142429 0.137275 0.136424 0.109202 0.0674505 0.0332259 0.0122622 0.00306798 0.000495912 5.21496e-05 3.70375e-06 1.84233e-07 6.4704e-09 1.576e-10 2.60536e-12 2.88151e-14
 2.52001e-08 1.11751e-06 2.92207e-05 0.000450531 0.00409631 0.0219726 0.0696842 0.132081 0.157427 0.142529 0.134972 0.130406 0.101532 0.0616502 0.0297187 0.0105354 0.00249577 0.000379292 3.73746e-05 2.48308e-06 1.15523e-07 3.79757e-09 8.65156e-11 1.33158e-12 1.35866e-14
 3.81514e-08 1.60327e-06 3.97274e-05 0.00058046 0.00500147 0.0254267 0.0764668 0.137777 0.15777 0.141392 0.134943 0.127998 0.0967653 0.0573308 0.0268759 0.00918643 0.00209947 0.000311774 3.06376e-05 2.06189e-06 9.67785e-08 3.13528e-09 6.851e-11 9.92123e-13 9.42811e-15
 5.4999e-08 2.18935e-06 5.13883e-05 0.000711238 0.00580533 0.0279634 0.0797539 0.136892 0.152161 0.138878 0.137556 0.129988 0.0966454 0.0566503 0.0260801 0.00864147 0.00191276 0.000278693 2.74147e-05 1.87518e-06 8.95989e-08 2.93116e-09 6.40611e-11 9.19156e-13 8.5547e-15
 7.98365e-08 3.00943e-06 6.68897e-05 0.000876676 0.00677643 0.0309183 0.0836216 0.136825 0.148066 0.137816 0.140074 0.130739 0.0952432 0.0548475 0.024503 0.00775091 0.00162535 0.000224485 2.10607e-05 1.38666e-06 6.44089e-08 2.06613e-09 4.45531e-11 6.32273e-13 5.81104e-15
 1.25918e-07 4.4936e-06 9.45566e-05 0.00117327 0.00858598 0.0370912 0.0950149 0.147473 0.152219 0.136597 0.134229 0.121395 0.086927 0.0495229 0.0215904 0.00656823 0.00132086 0.000175993 1.60378e-05 1.02551e-06 4.59088e-08 1.40773e-09 2.89121e-11 3.91187e-13 3.43953e-15
 1.89737e-07 6.40941e-06 0.000127666 0.0014995 0.0103879 0.0424926 0.1032 0.152715 0.153437 0.138912 0.136076 0.117637 0.0788812 0.0417974 0.0169674 0.0048265 0.000911465 0.000114557 9.89486e-06 6.02287e-07 2.57364e-08 7.53929e-10 1.47745e-11 1.90127e-13 1.58331e-15
 2.52877e-07 8.08546e-06 0.000152439 0.00169477 0.0111148 0.0430715 0.0994149 0.141832 0.144406 0.142058 0.146261 0.124958 0.081629 0.0419283 0.0162568 0.00435153 0.00076555 8.89776e-05 7.07182e-06 3.9594e-07 1.56314e-08 4.2567e-10 7.79488e-12 9.40667e-14 7.36101e-16
 3.90236e-07 1.18101e-05 0.000210754 0.00221782 0.0137677 0.0505054 0.110403 0.149428 0.145099 0.13725 0.137056 0.116082 0.0772993 0.0404308 0.0154895 0.00399653 0.000671775 7.45873e-05 5.65787e-06 2.99975e-07 1.10686e-08 2.78374e-10 4.67624e-12 5.16882e-14 3.71192e-16
 5.75862e-07 1.64968e-05 0.000278662 0.00277584 0.0163136 0.0566877 0.11768 0.1529 0.147205 0.141852 0.138849 0.110438 0.0677085 0.0325093 0.0115232 0.00277471 0.000438059 4.59121e-05 3.29917e-06 1.65855e-07 5.7917e-09 1.37311e-10 2.16238e-12 2.22567e-14 1.47808e-16
 7.95294e-07 2.15676e-05 0.000344889 0.00325246 0.0180995 0.059606 0.117745 0.148019 0.144354 0.145267 0.142544 0.110721 0.0662166 0.0307508 0.0103518 0.00233028 0.000339893 3.25827e-05 2.12768e-06 9.73001e-08 3.11444e-09 6.8273e-11 1.00001e-12 9.59784e-15 5.94422e-17
 1.14785e-06 2.94718e-05 0.000446202 0.00398406 0.0209942 0.0655095 0.12294 0.148371 0.142576 0.143377 0.138767 0.106913 0.0642298 0.0296772 0.0097377 0.00211712 0.000299524 2.81098e-05 1.80089e-06 7.97323e-08 2.41332e-09 4.89622e-11 6.55406e-13 5.72656e-15 3.23447e-17
 1.70672e-06 4.1494e-05 0.000594861 0.00502957 0.025101 0.0742319 0.132433 0.153689 0.145575 0.144663 0.134283 0.0974102 0.0546583 0.0234913 0.00715345 0.00143899 0.000187495 1.61443e-05 9.50912e-07 3.91052e-08 1.11438e-09 2.14803e-11 2.73413e-13 2.25687e-15 1.19173e-17
#spawning biomass
 28767.1 31848.4 23122.8 12503.8 17374.6 23140 26331.7 35438.8 47152.3 58351.6 71523.4 68102.4 76600.2 92367.3 96134.5 105439 99504.7 98395.4 104900 120139 128762 126277 125429 133008 132123 119260 125454 109752 106251 244058 272821 264351 237006 204300 173733 148386 128809 114374 104068 96877 91944.5 88603.6 86354 84819.2 83822.7 83175.7 82755.7 82483 82305.9 82191 82116.4 82067.9 82036.5 82016 82002.8 81994.2 81988.6 81985 81982.6 81981.1 81980.1 81979.4 81979 81978.7 81978.6 81978.5 81978.4 81978.3 81978.3 81978.3 81978.3 81978.3 81978.2 81978.2 81978.2 81978.2 81978.2 81978.2 81978.2 81978.2 81978.2 81978.2 81978.2 81978.2 81978.2 81978.2 81978.2 81978.2 81978.2 81978.2 81978.2 81978.2 81978.2 81978.2 81978.2 81978.2 81978.2 81978.2 81978.2 81978.2 81978.2 81978.2 81978.2 81978.2 81978.2 81978.2 81978.2 81978.2 81978.2 81978.2 81978.2 81978.2 81978.2 81978.2 81978.2 81978.2 81978.2 81978.2 81978.2 81978.2 81978.2 81978.2 81978.2 81978.2 81978.2 81978.2 81978.2 81978.2 0 0 0 0 0 0 0 0 0 0 0 0 0 0 0 0 0 0 0 0 0 0 0 0 0
