SBPRF35
0.367525
Curr Bio
185239
B35
827130
F35
0.317397
FOFL
0.0750708
OFL
14760.3
Bzero
105007
#pred survey bio
 27457 30803.4 21637.2 13695.6 22604.2 39524.6 70553 99460.8 137000 149843 145628 164553 205450 217670 222335 232766 235074 204751 198816 205726 196668 202095 223394 213635 217403 203987 197152 222880 9.2705e+06 8.74491e+06 7.96842e+06 6.32804e+06 4.69355e+06 3.40191e+06 2.49211e+06 1.89154e+06 1.50952e+06 1.27111e+06 1.12324e+06 1.03125e+06 973443 936586 912620 896368 885667 878488 873593 870214 867856 866198 865025 864192 863597 863172 862867 862648 862491 862379 862297 862239 862197 862167 862145 862129 862118 862110 862104 862100 862097 862095 862093 862092 862091 862091 862090 862090 862090 862089 862089 862089 862089 862089 862089 862089 862089 862089 862089 862089 862089 862089 862089 862089 862089 862089 862089 862089 862089 862089 862089 862089 862089 862089 862089 862089 862089 862089 862089 862089 862089 862089 862089 862089 862089 862089 862089 862089 862089 862089 862089 862089 862089 862089 862089 862089 862089 862089 862089 862089 0 0 0 0 0 0 0 0 0 0 0 0 0 0 0 0 0 0 0 0 0 0 0 0 0
#obs survey bio
 24710.1 12040 13028.9 12411.6 29149 54796.9 78639.1 119336 185278 118512 141611 180283 199430 236502 283597 189260 161974 289294 190801 284696 224187 243818 268012 192663 149666 250069 196267 201439
#pred catch bio
 11321 15353.1 12367.7 7571.86 11880.7 19852.5 44872.9 63262.2 93977.8 111268 111676 125012 165949 177901 183969 203822 221006 191753 185025 197605 195660 202521 229530 223904 236545 223150 217144 220146 14760.3 96034.1 85602.5 66110.6 47413.5 33104.2 23380.9 17240.6 13548.2 11402.5 10186.2 9509.13 9137.43 8935.45 8826.44 8767.26 8736.23 8719.95 8711.42 8706.95 8704.6 8703.37 8702.73 8702.39 8702.21 8702.12 8702.07 8702.05 8702.03 8702.03 8702.02 8702.02 8702.02 8702.02 8702.02 8702.02 8702.02 8702.02 8702.02 8702.02 8702.02 8702.02 8702.02 8702.02 8702.02 8702.02 8702.02 8702.02 8702.02 8702.02 8702.02 8702.02 8702.02 8702.02 8702.02 8702.02 8702.02 8702.02 8702.02 8702.02 8702.02 8702.02 8702.02 8702.02 8702.02 8702.02 8702.02 8702.02 8702.02 8702.02 8702.02 8702.02 8702.02 8702.02 8702.02 8702.02 8702.02 8702.02 8702.02 8702.02 8702.02 8702.02 8702.02 8702.02 8702.02 8702.02 8702.02 8702.02 8702.02 8702.02 8702.02 8702.02 8702.02 8702.02 8702.02 8702.02 8702.02 8702.02 8702.02 8702.02 0 0 0 0 0 0 0 0 0 0 0 0 0 0 0 0 0 0 0 0 0 0 0 0 0
#obs catch bio
 15450.6 18329.9 15910.1 8616.03 12005.4 18108.1 41438.2 57922.2 86794 113851 114611 115649 152741 157600 176200 198930 240306 183052 187694 182554 188499 175718 200508 209091 243782 200566 203592 211927
#pred cpue bio
 25977.6 29894.2 21345.7 13129.8 20614.8 36845.2 65408.6 92043.7 127099 139859 134931 150779 188375 199471 203795 212544 213071 184525 179021 185088 176303 179572 198456 189492 191766 179015 173040 194874 8.29028e+06 8.73016e+06 7.95367e+06 6.31328e+06 4.67879e+06 3.38715e+06 2.47735e+06 1.87678e+06 1.49477e+06 1.25635e+06 1.10849e+06 1.01649e+06 958688 921831 897865 881613 870912 863733 858838 855459 853101 851443 850270 849437 848842 848417 848112 847893 847736 847624 847543 847484 847442 847412 847390 847374 847363 847355 847349 847345 847342 847340 847338 847337 847336 847336 847335 847335 847335 847335 847334 847334 847334 847334 847334 847334 847334 847334 847334 847334 847334 847334 847334 847334 847334 847334 847334 847334 847334 847334 847334 847334 847334 847334 847334 847334 847334 847334 847334 847334 847334 847334 847334 847334 847334 847334 847334 847334 847334 847334 847334 847334 847334 847334 847334 847334 847334 847334 847334 847334 0 0 0 0 0 0 0 0 0 0 0 0 0 0 0 0 0 0 0 0 0 0 0 0 0
#obs cpue bio
 26224.1 21479.4 12459.8 12013.4 20024.1 56015.4 73826 105988 124819 134480 127328 213112 272721 307398 169059 285420 213745 168663 165896 196810 173269 272625 282672 262604 244350 229626 220438 246778
#pred surv len freq
 1.60809e-11 1.74542e-09 1.11707e-07 4.21547e-06 9.37995e-05 0.00123069 0.00952182 0.0434571 0.117199 0.188411 0.18834 0.138244 0.10315 0.0806721 0.05272 0.029773 0.0170027 0.010073 0.00622203 0.00411993 0.00297962 0.00238384 0.00200309 0.0015194 0.000879764
 1.06651e-11 1.15759e-09 7.40858e-08 2.79577e-06 6.22098e-05 0.000816244 0.00631623 0.0288496 0.0781151 0.128091 0.1399 0.134169 0.140578 0.129948 0.0913631 0.0547553 0.0313112 0.0165931 0.00833919 0.00432059 0.00244587 0.00158118 0.0011515 0.00082055 0.000470378
 6.30405e-12 6.84244e-10 4.37915e-08 1.65256e-06 3.6772e-05 0.000482496 0.00373429 0.0170718 0.0464348 0.0778367 0.0929024 0.108749 0.136167 0.14371 0.12469 0.0991372 0.0697595 0.0408605 0.0206768 0.00948846 0.00417426 0.00196703 0.00109231 0.000667233 0.000359994
 1.5136e-11 1.64287e-09 1.05143e-07 3.96778e-06 8.82878e-05 0.00115837 0.00896188 0.0408931 0.110169 0.176176 0.171744 0.114881 0.0737856 0.0604009 0.0571129 0.0552384 0.0485794 0.0367618 0.0233704 0.0121361 0.00522962 0.00200911 0.000786381 0.00035213 0.000161586
 2.0563e-11 2.23191e-09 1.42842e-07 5.39042e-06 0.000119943 0.00157369 0.0121748 0.0555459 0.14954 0.238289 0.228221 0.14107 0.0714903 0.0400286 0.0225807 0.0121871 0.0081914 0.00683405 0.00545782 0.00362115 0.00190148 0.000785059 0.00026806 8.60343e-05 2.8777e-05
 1.72707e-11 1.87457e-09 1.19972e-07 4.52738e-06 0.00010074 0.00132175 0.0102263 0.0466709 0.125849 0.20217 0.201394 0.145861 0.105668 0.0788458 0.0460481 0.019989 0.0077857 0.00338454 0.00189522 0.00130043 0.000836019 0.000424659 0.000162992 4.86852e-05 1.24016e-05
 1.82135e-11 1.9769e-09 1.26521e-07 4.77452e-06 0.000106239 0.00139389 0.0107842 0.0492104 0.132606 0.2123 0.208068 0.141745 0.0918919 0.065814 0.0423032 0.0235569 0.0119852 0.00514335 0.00183556 0.000667397 0.000312148 0.000165241 7.45483e-05 2.51251e-05 6.25565e-06
 1.83261e-11 1.98912e-09 1.27303e-07 4.80403e-06 0.000106896 0.00140251 0.0108509 0.0495153 0.133435 0.213686 0.2097 0.143541 0.09365 0.0662113 0.0401753 0.0201649 0.00977254 0.00468009 0.00202399 0.000738209 0.000229335 7.25205e-05 2.68007e-05 9.50527e-06 2.59276e-06
 1.79896e-11 1.9526e-09 1.24966e-07 4.71583e-06 0.000104933 0.00137676 0.0106517 0.0486079 0.13101 0.209965 0.206819 0.143644 0.0965514 0.0697698 0.0426794 0.0213795 0.0100473 0.00449565 0.0018522 0.000708846 0.000240508 6.83605e-05 1.70491e-05 4.27917e-06 1.0592e-06
 1.71956e-11 1.86642e-09 1.1945e-07 4.50769e-06 0.000100302 0.001316 0.0101817 0.0464667 0.125284 0.201156 0.199881 0.143498 0.102712 0.0773876 0.0480178 0.0242446 0.0114712 0.00512455 0.00206115 0.000751716 0.000247153 7.13402e-05 1.73752e-05 3.52219e-06 6.29337e-07
 1.81884e-11 1.97418e-09 1.26347e-07 4.76795e-06 0.000106093 0.00139198 0.0107694 0.0491438 0.132439 0.21213 0.208362 0.143146 0.0941885 0.0673028 0.0415394 0.0214099 0.0104099 0.00473299 0.00191968 0.000698033 0.00022441 6.25129e-05 1.48304e-05 2.90979e-06 4.6024e-07
 1.93995e-11 2.10563e-09 1.3476e-07 5.08543e-06 0.000113157 0.00148466 0.0114862 0.0524105 0.141181 0.225635 0.21927 0.144273 0.0861772 0.056637 0.0331025 0.0158781 0.0071709 0.00317445 0.00130354 0.000483631 0.000157119 4.3548e-05 1.01094e-05 1.92183e-06 2.91465e-07
 1.92393e-11 2.08824e-09 1.33647e-07 5.04343e-06 0.000112222 0.00147239 0.0113914 0.0519791 0.140035 0.223929 0.218208 0.145176 0.0888677 0.059229 0.0340074 0.0153444 0.00628199 0.00252292 0.000954372 0.000337123 0.000108703 3.04885e-05 7.12981e-06 1.34528e-06 1.99427e-07
 1.92811e-11 2.09278e-09 1.33938e-07 5.05439e-06 0.000112466 0.00147559 0.0114162 0.0520919 0.140337 0.2244 0.218606 0.145278 0.0886995 0.0589811 0.0338058 0.0151767 0.00610182 0.00233962 0.000813606 0.000258465 7.59358e-05 2.01263e-05 4.62195e-06 8.73867e-07 1.29677e-07
 1.92462e-11 2.08899e-09 1.33695e-07 5.04523e-06 0.000112262 0.00147292 0.0113955 0.0519977 0.140086 0.224019 0.218334 0.145363 0.0891132 0.0594189 0.0340214 0.0151945 0.00605715 0.00230035 0.000785752 0.000239011 6.48435e-05 1.5505e-05 3.24424e-06 5.78801e-07 8.39002e-08
 1.96607e-11 2.13398e-09 1.36575e-07 5.1539e-06 0.00011468 0.00150464 0.0116408 0.0531156 0.143074 0.228606 0.2219 0.145286 0.0856607 0.0552807 0.0312915 0.0139164 0.00552473 0.00208672 0.00070719 0.000212521 5.63546e-05 1.28514e-05 2.48291e-06 4.01855e-07 5.34599e-08
 2.0385e-11 2.2126e-09 1.41606e-07 5.34377e-06 0.000118905 0.00156007 0.0120696 0.055069 0.148298 0.236648 0.228259 0.145502 0.0801648 0.0484061 0.0263722 0.0111875 0.0041542 0.00149283 0.000495313 0.000147433 3.87345e-05 8.70132e-06 1.63306e-06 2.50646e-07 3.08231e-08
 2.08917e-11 2.2676e-09 1.45126e-07 5.47659e-06 0.000121861 0.00159885 0.0123695 0.0564355 0.151954 0.242286 0.232763 0.145811 0.0765621 0.0437696 0.0228925 0.00908326 0.00299792 0.000954259 0.0002892 8.04402e-05 2.02767e-05 4.46341e-06 8.26078e-07 1.24339e-07 1.47739e-08
 2.09572e-11 2.27471e-09 1.45581e-07 5.49377e-06 0.000122243 0.00160386 0.0124082 0.0566123 0.152427 0.243021 0.233374 0.145929 0.0762185 0.0432619 0.0224352 0.00872455 0.00275008 0.000813394 0.000222899 5.46667e-05 1.22416e-05 2.47111e-06 4.33132e-07 6.32245e-08 7.35802e-09
 2.10348e-11 2.28312e-09 1.46119e-07 5.51409e-06 0.000122695 0.00160979 0.0124541 0.0568213 0.152986 0.243877 0.234033 0.145891 0.0755384 0.0424673 0.0219396 0.00852288 0.00267976 0.00078383 0.0002083 4.79954e-05 9.74403e-06 1.73823e-06 2.68898e-07 3.55476e-08 3.87767e-09
 2.13581e-11 2.31821e-09 1.48365e-07 5.59884e-06 0.000124581 0.00163453 0.0126455 0.0576931 0.155316 0.247453 0.236805 0.145805 0.0728048 0.0392047 0.019802 0.00754417 0.00229634 0.000649171 0.000169239 3.84661e-05 7.60418e-06 1.28338e-06 1.8109e-07 2.12341e-08 2.04706e-09
 2.21157e-11 2.40045e-09 1.53629e-07 5.79746e-06 0.000129 0.00169251 0.0130939 0.0597361 0.160775 0.255823 0.243257 0.145482 0.0662134 0.0314375 0.0148489 0.00542566 0.00154869 0.000404708 9.94621e-05 2.16601e-05 4.14509e-06 6.82901e-07 9.35398e-08 1.04018e-08 9.20661e-10
 2.21202e-11 2.40093e-09 1.53659e-07 5.79862e-06 0.000129026 0.00169285 0.0130965 0.0597482 0.160808 0.255882 0.243343 0.145614 0.066379 0.0315277 0.0147633 0.00522497 0.00137691 0.000319357 7.06264e-05 1.40866e-05 2.49192e-06 3.86455e-07 5.07051e-08 5.45369e-09 4.65959e-10
 2.22464e-11 2.41463e-09 1.54536e-07 5.83171e-06 0.000129762 0.00170251 0.0131712 0.0600885 0.161718 0.257277 0.244417 0.145557 0.0652755 0.0302312 0.0139422 0.00487949 0.0012569 0.000278829 5.77128e-05 1.04631e-05 1.6438e-06 2.27811e-07 2.723e-08 2.72121e-09 2.20197e-10
 2.26927e-11 2.46308e-09 1.57636e-07 5.94871e-06 0.000132366 0.00173667 0.0134354 0.0612919 0.164933 0.2622 0.248182 0.145269 0.061244 0.0255563 0.0110637 0.00376685 0.000938482 0.000197667 3.89362e-05 6.75604e-06 1.00105e-06 1.27437e-07 1.36513e-08 1.2118e-09 8.81553e-11
 2.30825e-11 2.50539e-09 1.60344e-07 6.05089e-06 0.000134639 0.0017665 0.0136661 0.0623429 0.167741 0.266501 0.251477 0.145037 0.0577511 0.0214914 0.00854029 0.00276758 0.000637156 0.000116358 1.98365e-05 3.13706e-06 4.35231e-07 5.23056e-08 5.27737e-09 4.33694e-10 2.85526e-11
 2.30699e-11 2.50401e-09 1.60256e-07 6.04758e-06 0.000134566 0.00176553 0.0136586 0.0623088 0.16765 0.266364 0.25138 0.145072 0.0579063 0.0216507 0.00860971 0.00276056 0.000612632 0.000102591 1.54315e-05 2.13813e-06 2.5622e-07 2.67409e-08 2.42979e-09 1.85108e-10 1.1397e-11
 2.33563e-11 2.53511e-09 1.62246e-07 6.12267e-06 0.000136237 0.00178745 0.0138282 0.0630812 0.169713 0.26952 0.253781 0.144843 0.0552516 0.0186064 0.00678259 0.00211008 0.000463301 7.65426e-05 1.12092e-05 1.47821e-06 1.62199e-07 1.4882e-08 1.16523e-09 7.6381e-11 4.1175e-12
#obs surv len freq
 4.67852e-11 4.33589e-09 2.36938e-07 7.63448e-06 0.000145048 0.00162498 0.0107361 0.0418641 0.0967422 0.135357 0.126882 0.10873 0.110757 0.111179 0.0980983 0.0752786 0.0466552 0.0227495 0.00913067 0.00305932 0.000814341 0.000162042 2.30409e-05 2.26371e-06 1.49391e-07
 2.56868e-11 2.29603e-09 1.21013e-07 3.76077e-06 6.89161e-05 0.000744772 0.00474999 0.0179461 0.0409646 0.06199 0.0829209 0.125112 0.16852 0.168287 0.133779 0.0940926 0.0569711 0.028076 0.0111585 0.00354788 0.000879554 0.000163673 2.18454e-05 2.00408e-06 1.22313e-07
 1.4087e-11 1.21238e-09 6.15239e-08 1.84095e-06 3.24822e-05 0.000338026 0.00207703 0.00758071 0.0169454 0.026583 0.0413093 0.0740872 0.121392 0.168371 0.194375 0.16927 0.104942 0.0481745 0.0176944 0.00532289 0.00125475 0.000219065 2.71238e-05 2.30139e-06 1.29932e-07
 2.66878e-10 2.20789e-08 1.07703e-06 3.09788e-05 0.0005254 0.00525414 0.0309816 0.107722 0.220887 0.267318 0.191762 0.0837815 0.0269136 0.0139264 0.014702 0.0147498 0.0112682 0.00642432 0.00270071 0.000830288 0.000186769 3.0478e-05 3.51221e-06 2.76183e-07 1.4383e-08
 1.82375e-10 1.44814e-08 6.7802e-07 1.87182e-05 0.000304705 0.00292502 0.0165659 0.0554883 0.111338 0.142422 0.145451 0.161363 0.168078 0.120701 0.0538202 0.0154894 0.0038123 0.00135775 0.000595831 0.000208765 5.09886e-05 8.42962e-06 9.33829e-07 6.86587e-08 3.30598e-09
 4.28726e-10 3.26272e-08 1.46408e-06 3.87382e-05 0.000604368 0.00555982 0.0301621 0.0965474 0.182867 0.208029 0.152924 0.0948016 0.0719014 0.0617625 0.0483306 0.0298276 0.0126131 0.00337469 0.000572861 7.08746e-05 8.79886e-06 1.18255e-06 1.27905e-07 9.28704e-09 4.30673e-10
 5.4463e-10 3.96704e-08 1.7038e-06 4.31477e-05 0.000644301 0.00567329 0.0294654 0.0903926 0.165006 0.185985 0.151107 0.123734 0.107922 0.0753016 0.038984 0.0167948 0.00640404 0.00199541 0.000462427 7.4939e-05 8.19951e-06 6.15689e-07 3.4851e-08 1.64867e-09 6.27773e-11
 8.03149e-10 5.59206e-08 2.29581e-06 5.55758e-05 0.000793285 0.00667711 0.0331502 0.0972233 0.169746 0.183386 0.143965 0.115684 0.101007 0.074199 0.0434678 0.0208267 0.00755285 0.00189253 0.000325564 4.13317e-05 4.15662e-06 3.23239e-07 1.78598e-08 6.62116e-10 1.63664e-11
 1.0353e-09 6.88231e-08 2.69767e-06 6.23493e-05 0.000849711 0.00682883 0.0323791 0.0908038 0.152552 0.163292 0.139166 0.12979 0.119282 0.0853352 0.04773 0.0219089 0.00772592 0.00191847 0.000329232 4.01174e-05 3.5527e-06 2.28869e-07 1.06415e-08 3.52606e-10 8.10275e-12
 1.31065e-09 8.30918e-08 3.10611e-06 6.84646e-05 0.000889849 0.00682074 0.030856 0.0827057 0.133979 0.1437 0.134867 0.141488 0.134643 0.0975288 0.0558402 0.0256822 0.00864242 0.00195639 0.000294693 3.08759e-05 2.37626e-06 1.36419e-07 5.67608e-09 1.6474e-10 3.24679e-12
 2.52293e-09 1.52379e-07 5.42666e-06 0.000113954 0.00141098 0.0103027 0.0443847 0.113101 0.172696 0.168143 0.130721 0.112669 0.0994586 0.0731935 0.0441615 0.0208967 0.00696195 0.00153237 0.000223514 2.24898e-05 1.61925e-06 8.38044e-08 3.06057e-09 7.74063e-11 1.33637e-12
 3.68164e-09 2.11634e-07 7.17324e-06 0.000143362 0.00168949 0.0117419 0.0481609 0.117008 0.171534 0.165218 0.136465 0.124993 0.104819 0.0666328 0.0331723 0.0133793 0.00405062 0.000850181 0.000122193 1.23544e-05 8.9353e-07 4.55988e-08 1.59954e-09 3.78132e-11 5.9485e-13
 5.27183e-09 2.88158e-07 9.28728e-06 0.000176497 0.00197784 0.0130716 0.0509993 0.118027 0.165953 0.157628 0.135782 0.129248 0.10776 0.0678873 0.0337123 0.0132434 0.00373521 0.00069649 8.45668e-05 6.94761e-06 4.10293e-07 1.80332e-08 5.79678e-10 1.30344e-11 1.96969e-13
 7.75977e-09 4.02976e-07 1.23395e-05 0.000222795 0.00237206 0.0148956 0.055235 0.121675 0.163996 0.15337 0.135902 0.131108 0.10701 0.0659001 0.0321228 0.0122381 0.00329088 0.000578161 6.5374e-05 4.89816e-06 2.54604e-07 9.4574e-09 2.50405e-10 4.63822e-12 5.90905e-14
 1.03826e-08 5.11872e-07 1.48801e-05 0.000255061 0.00257814 0.0153726 0.0541671 0.113807 0.148857 0.143461 0.140817 0.143155 0.116028 0.0706727 0.0341794 0.0127255 0.00329028 0.000553211 6.01303e-05 4.36134e-06 2.19455e-07 7.77605e-09 1.91154e-10 3.18447e-12 3.53929e-14
 1.75574e-08 8.21188e-07 2.26472e-05 0.000368281 0.00353156 0.0199763 0.0667626 0.132915 0.163962 0.146664 0.131713 0.12589 0.100187 0.062276 0.0309109 0.0114474 0.00286075 0.0004598 4.78187e-05 3.33801e-06 1.62377e-07 5.55891e-09 1.31442e-10 2.09309e-12 2.20439e-14
 2.46125e-08 1.09145e-06 2.85393e-05 0.000440027 0.00400087 0.0214624 0.068093 0.129316 0.155494 0.14479 0.142074 0.137328 0.102511 0.0576319 0.0257177 0.00872473 0.00204049 0.000312166 3.13842e-05 2.1453e-06 1.0258e-07 3.42793e-09 7.82758e-11 1.19403e-12 1.1988e-14
 3.87888e-08 1.63005e-06 4.03911e-05 0.000590157 0.00508502 0.0258514 0.0777425 0.140063 0.160313 0.143393 0.136139 0.127719 0.0944108 0.0540191 0.0244412 0.00811393 0.00179732 0.00025489 2.33694e-05 1.44119e-06 6.23055e-08 1.91333e-09 4.09667e-11 5.94301e-13 5.70599e-15
 5.6414e-08 2.24567e-06 5.27104e-05 0.000729537 0.00595467 0.0286826 0.0818026 0.140386 0.15592 0.141848 0.1393 0.129244 0.0926683 0.051585 0.0226914 0.00730382 0.00158218 0.000224638 2.12793e-05 1.38306e-06 6.21819e-08 1.90288e-09 3.87904e-11 5.2012e-13 4.56502e-15
 7.73303e-08 2.91497e-06 6.479e-05 0.000849163 0.00656395 0.0299533 0.0810706 0.133109 0.146084 0.140673 0.146812 0.136037 0.0955817 0.0522905 0.0223869 0.00689542 0.00141658 0.000190866 1.7305e-05 1.09244e-06 4.85289e-08 1.4892e-09 3.06966e-11 4.15485e-13 3.6331e-15
 1.37139e-07 4.89404e-06 0.000102983 0.00127781 0.00935065 0.0403868 0.10336 0.159711 0.161804 0.138199 0.128607 0.112355 0.0777244 0.0426057 0.0179919 0.00533331 0.00104042 0.000132635 1.13831e-05 6.80668e-07 2.86452e-08 8.34129e-10 1.63935e-11 2.13133e-13 1.80476e-15
 1.96164e-07 6.62651e-06 0.00013199 0.00155029 0.0107398 0.0439329 0.106706 0.157952 0.158831 0.14362 0.138732 0.115188 0.0713998 0.0341993 0.0128136 0.00347732 0.000636035 7.7242e-05 6.37818e-06 3.67567e-07 1.48083e-08 4.08875e-10 7.56417e-12 9.2216e-14 7.31478e-16
 2.75897e-07 8.82151e-06 0.000166315 0.00184903 0.0121257 0.0469751 0.108272 0.153474 0.15257 0.143057 0.141185 0.116277 0.0721713 0.0349473 0.0129365 0.00334807 0.000568621 6.28975e-05 4.67038e-06 2.41824e-07 8.86389e-09 2.26484e-10 3.92405e-12 4.50022e-14 3.35465e-16
 3.61156e-07 1.093e-05 0.00019505 0.00205263 0.0127442 0.0467867 0.102643 0.14116 0.144603 0.148641 0.152572 0.123323 0.0743592 0.0349201 0.0123993 0.0030451 0.000488601 5.1017e-05 3.56615e-06 1.72243e-07 5.80341e-09 1.34454e-10 2.09732e-12 2.16698e-14 1.4647e-16
 5.82085e-07 1.6675e-05 0.000281673 0.00280583 0.0164897 0.0572975 0.118924 0.154391 0.148224 0.14211 0.138401 0.109358 0.0663394 0.0314129 0.0109469 0.00257071 0.000389268 3.81659e-05 2.50047e-06 1.13047e-07 3.55833e-09 7.67578e-11 1.10895e-12 1.0538e-14 6.50134e-17
 7.71176e-07 2.09136e-05 0.000334431 0.00315392 0.0175532 0.0578392 0.11455 0.145558 0.146373 0.152426 0.149481 0.11174 0.0625765 0.0272691 0.00884455 0.00196368 0.000285921 2.74405e-05 1.78252e-06 7.97977e-08 2.44776e-09 5.04245e-11 6.84828e-13 6.05929e-15 3.46221e-17
 1.13452e-06 2.91294e-05 0.00044102 0.00393786 0.0207525 0.064782 0.121802 0.148115 0.145223 0.148769 0.142807 0.106077 0.060339 0.0265083 0.00838697 0.00176635 0.000240208 2.1375e-05 1.28742e-06 5.3876e-08 1.56533e-09 3.09009e-11 4.04411e-13 3.44271e-15 1.87942e-17
 1.63386e-06 3.97226e-05 0.000569471 0.0048151 0.0240356 0.0711483 0.127475 0.150454 0.148653 0.153422 0.141644 0.0982 0.051401 0.0207363 0.00605912 0.00118414 0.000149534 1.23197e-05 6.83382e-07 2.62059e-08 6.9619e-10 1.25846e-11 1.51482e-13 1.19382e-15 6.0778e-18
#pred catch len freq
 1.57878e-11 1.71361e-09 1.09671e-07 4.13864e-06 9.209e-05 0.00120826 0.00934834 0.0426666 0.115084 0.185148 0.185724 0.138034 0.105167 0.0832406 0.0545725 0.0308373 0.0176117 0.0104339 0.00644495 0.00426753 0.00308637 0.00246925 0.00207486 0.00157383 0.000911284
 1.04856e-11 1.13812e-09 7.28393e-08 2.74873e-06 6.11631e-05 0.000802512 0.00621001 0.0283656 0.0768201 0.126093 0.138297 0.134038 0.141815 0.131544 0.0925556 0.0554771 0.0317244 0.0168121 0.00844926 0.00437761 0.00247815 0.00160205 0.0011667 0.00083138 0.000476586
 6.27067e-12 6.80621e-10 4.35597e-08 1.64381e-06 3.65773e-05 0.000479942 0.00371453 0.0169817 0.0461936 0.0774619 0.0925893 0.108683 0.136333 0.143961 0.12492 0.0993213 0.0698892 0.0409365 0.0207152 0.0095061 0.00418202 0.00197068 0.00109434 0.000668473 0.000360663
 1.50622e-11 1.63486e-09 1.04631e-07 3.94844e-06 8.78577e-05 0.00115272 0.00891822 0.0406941 0.109635 0.175341 0.17102 0.114645 0.0740033 0.0608164 0.0575662 0.0556843 0.048972 0.0370589 0.0235593 0.0122341 0.00527188 0.00202534 0.000792736 0.000354975 0.000162892
 2.04988e-11 2.22495e-09 1.42396e-07 5.37359e-06 0.000119569 0.00156877 0.0121367 0.0553727 0.149076 0.237573 0.227646 0.141017 0.071918 0.0405677 0.0229552 0.0123975 0.00833358 0.00695271 0.00555258 0.00368402 0.0019345 0.00079869 0.000272714 8.75282e-05 2.92766e-05
 1.71319e-11 1.8595e-09 1.19008e-07 4.49098e-06 9.993e-05 0.00131112 0.0101441 0.0462965 0.124848 0.200635 0.200203 0.145896 0.106836 0.0802334 0.0469426 0.0203847 0.00794029 0.00345176 0.00193286 0.00132626 0.000852624 0.000433094 0.000166229 4.96522e-05 1.26479e-05
 1.82783e-11 1.98394e-09 1.26972e-07 4.79151e-06 0.000106617 0.00139885 0.0108225 0.0493852 0.133074 0.21302 0.208639 0.141771 0.0914091 0.0652048 0.0418606 0.0233051 0.0118567 0.00508821 0.00181588 0.000660243 0.000308801 0.00016347 7.37491e-05 2.48558e-05 6.18859e-06
 1.839e-11 1.99606e-09 1.27747e-07 4.82078e-06 0.000107268 0.0014074 0.0108887 0.0496876 0.133896 0.214395 0.210257 0.143547 0.0931462 0.0655952 0.0397537 0.0199486 0.00966735 0.00462971 0.0020022 0.000730262 0.000226866 7.17397e-05 2.65122e-05 9.40293e-06 2.56484e-06
 1.81359e-11 1.96848e-09 1.25983e-07 4.75419e-06 0.000105787 0.00138796 0.0107383 0.0490026 0.132065 0.211588 0.208091 0.143655 0.0953917 0.0683513 0.0417071 0.0208821 0.00981292 0.00439074 0.00180897 0.000692305 0.000234895 6.67653e-05 1.66512e-05 4.17931e-06 1.03449e-06
 1.746e-11 1.89511e-09 1.21287e-07 4.57699e-06 0.000101844 0.00133623 0.0103382 0.0471796 0.127191 0.204087 0.202182 0.143521 0.100622 0.0748281 0.0462592 0.02334 0.0110421 0.00493282 0.00198403 0.00072359 0.000237905 6.86709e-05 1.67251e-05 3.39041e-06 6.0579e-07
 1.84669e-11 2.00441e-09 1.28282e-07 4.84095e-06 0.000107717 0.00141329 0.0109342 0.0498948 0.134447 0.215219 0.210792 0.14319 0.0920179 0.0646284 0.0396811 0.0204312 0.0099327 0.00451596 0.00183165 0.000666024 0.00021412 5.96463e-05 1.41503e-05 2.77635e-06 4.39135e-07
 1.96211e-11 2.12969e-09 1.363e-07 5.14352e-06 0.00011445 0.00150161 0.0116174 0.0530081 0.142779 0.22809 0.221189 0.144266 0.0843848 0.0544647 0.0316399 0.0151574 0.00684415 0.00302975 0.00124412 0.000461586 0.000149957 4.1563e-05 9.6486e-06 1.83423e-06 2.7818e-07
 1.95392e-11 2.12079e-09 1.35731e-07 5.12205e-06 0.000113972 0.00149535 0.0115689 0.0527878 0.142196 0.227247 0.220785 0.145112 0.0863586 0.0562282 0.032037 0.014432 0.00590698 0.00237225 0.000897375 0.00031699 0.000102211 2.86677e-05 6.70401e-06 1.26494e-06 1.87516e-07
 1.95936e-11 2.1267e-09 1.36108e-07 5.1363e-06 0.000114289 0.00149951 0.0116011 0.0529345 0.142589 0.227856 0.221289 0.145204 0.0860739 0.0558439 0.0317484 0.0142287 0.00571913 0.00219283 0.000762557 0.000242247 7.11712e-05 1.88635e-05 4.33195e-06 8.19037e-07 1.2154e-07
 1.95764e-11 2.12483e-09 1.35989e-07 5.13179e-06 0.000114189 0.00149819 0.0115909 0.0528882 0.142466 0.227672 0.221167 0.145281 0.0863304 0.0560976 0.0318479 0.0141984 0.00565846 0.00214888 0.000734009 0.000223272 6.05735e-05 1.4484e-05 3.03061e-06 5.40686e-07 7.83753e-08
 2.00394e-11 2.17509e-09 1.39205e-07 5.25317e-06 0.000116889 0.00153362 0.011865 0.0541367 0.145803 0.232795 0.225149 0.145189 0.0824663 0.0514695 0.0287992 0.0127764 0.00507017 0.00191495 0.000648976 0.000195027 5.17157e-05 1.17936e-05 2.27853e-06 3.68776e-07 4.90593e-08
 2.07959e-11 2.25719e-09 1.4446e-07 5.45147e-06 0.000121302 0.00159151 0.0123127 0.0561767 0.151258 0.241189 0.231767 0.145355 0.076634 0.0442274 0.0236845 0.0100089 0.00371416 0.00133461 0.000442813 0.000131806 3.46289e-05 7.77904e-06 1.45996e-06 2.24079e-07 2.75561e-08
 2.12469e-11 2.30614e-09 1.47593e-07 5.56969e-06 0.000123932 0.00162602 0.0125796 0.0573931 0.154512 0.246207 0.235778 0.145632 0.0734308 0.0401029 0.0205866 0.00813299 0.00268221 0.000853684 0.000258717 7.19616e-05 1.81394e-05 3.99295e-06 7.39007e-07 1.11234e-07 1.32167e-08
 2.12988e-11 2.31178e-09 1.47954e-07 5.5833e-06 0.000124235 0.00163 0.0126104 0.0575332 0.154888 0.246791 0.236267 0.145741 0.0731829 0.0397182 0.0202209 0.00782963 0.00246606 0.000729314 0.000199857 4.90154e-05 1.09761e-05 2.21565e-06 3.88356e-07 5.66886e-08 6.59737e-09
 2.14033e-11 2.32312e-09 1.48679e-07 5.61069e-06 0.000124845 0.00163799 0.0126722 0.0578149 0.155641 0.247944 0.237154 0.145688 0.0722621 0.0386427 0.0195496 0.00755715 0.00237399 0.00069431 0.000184509 4.25134e-05 8.63109e-06 1.53969e-06 2.38185e-07 3.14874e-08 3.43478e-09
 2.17277e-11 2.35833e-09 1.50933e-07 5.69573e-06 0.000126737 0.00166282 0.0128642 0.0586897 0.157978 0.251531 0.239931 0.14559 0.0695009 0.0353569 0.0174102 0.00659231 0.00200432 0.00056653 0.000147693 3.35689e-05 6.63606e-06 1.11999e-06 1.58035e-07 1.85307e-08 1.78644e-09
 2.23963e-11 2.43091e-09 1.55578e-07 5.87101e-06 0.000130637 0.00171399 0.01326 0.0604926 0.162796 0.258918 0.245624 0.145303 0.0636814 0.0285006 0.0130396 0.00472489 0.00134649 0.000351785 8.64537e-05 1.88272e-05 3.60296e-06 5.93585e-07 8.13058e-08 9.04137e-09 8.00249e-10
 2.24204e-11 2.43352e-09 1.55745e-07 5.87732e-06 0.000130777 0.00171583 0.0132742 0.0605576 0.162971 0.259193 0.24587 0.145404 0.0636411 0.0283662 0.0128355 0.00450179 0.00118421 0.000274584 6.07229e-05 1.21113e-05 2.14249e-06 3.32265e-07 4.3595e-08 4.68895e-09 4.00619e-10
 2.25448e-11 2.44702e-09 1.56609e-07 5.90993e-06 0.000131503 0.00172535 0.0133479 0.0608931 0.163867 0.260567 0.246926 0.145343 0.0625469 0.0270839 0.0120275 0.00416679 0.00107113 0.000237539 4.91648e-05 8.91338e-06 1.40033e-06 1.94069e-07 2.31969e-08 2.31816e-09 1.87583e-10
 2.29492e-11 2.49091e-09 1.59418e-07 6.01594e-06 0.000133862 0.00175629 0.0135872 0.0619834 0.16678 0.265027 0.250337 0.14508 0.0588907 0.0228459 0.00942045 0.00316191 0.000785442 0.000165352 3.25689e-05 5.65119e-06 8.37347e-07 1.06597e-07 1.14188e-08 1.01363e-09 7.37388e-11
 2.32778e-11 2.52658e-09 1.61701e-07 6.10209e-06 0.000135779 0.00178144 0.0137817 0.0628695 0.169148 0.268653 0.253115 0.144883 0.0559453 0.0194185 0.00729332 0.00232018 0.000532013 9.70868e-05 1.65495e-05 2.61722e-06 3.63109e-07 4.3638e-08 4.40285e-09 3.61826e-10 2.38211e-11
 2.32706e-11 2.5258e-09 1.61651e-07 6.1002e-06 0.000135737 0.00178089 0.0137774 0.0628501 0.169096 0.268576 0.253062 0.14491 0.0560437 0.0195157 0.00732982 0.00230673 0.000509833 8.53116e-05 1.2831e-05 1.77779e-06 2.13039e-07 2.22342e-08 2.02029e-09 1.53912e-10 9.47628e-12
 2.34707e-11 2.54752e-09 1.63041e-07 6.15266e-06 0.000136904 0.00179621 0.0138959 0.0633896 0.170537 0.270781 0.254739 0.14475 0.0541897 0.0173894 0.00605332 0.00185181 0.000405053 6.68715e-05 9.79191e-06 1.29129e-06 1.41689e-07 1.30001e-08 1.01789e-09 6.67226e-11 3.59684e-12
#obs catch len freq
 4.09043e-11 3.79087e-09 2.07155e-07 6.67482e-06 0.000126816 0.00142075 0.00938778 0.0366273 0.0848949 0.120611 0.120611 0.119322 0.132289 0.126758 0.0991406 0.0694434 0.0431404 0.0223894 0.00951422 0.00325013 0.000865466 0.000173539 2.52028e-05 2.54673e-06 1.72854e-07
 6.44301e-11 5.75912e-09 3.03536e-07 9.43306e-06 0.000172856 0.00186776 0.0119023 0.0447713 0.0998774 0.135406 0.124918 0.108647 0.111999 0.111582 0.0974333 0.0735696 0.0446038 0.0212913 0.00836727 0.00272801 0.000700219 0.000133272 1.80007e-05 1.66971e-06 1.03485e-07
 3.60846e-11 3.10557e-09 1.57597e-07 4.71566e-06 8.32031e-05 0.000865777 0.00531733 0.0193586 0.0427215 0.0633676 0.0854168 0.12934 0.170741 0.16681 0.130898 0.0909392 0.0540228 0.0260266 0.0100838 0.00310988 0.000742758 0.000132129 1.67329e-05 1.4475e-06 8.28951e-08
 2.03961e-11 1.68737e-09 8.23118e-08 2.36758e-06 4.01569e-05 0.000401725 0.00237336 0.00833639 0.0180154 0.0277959 0.0435362 0.0779113 0.125889 0.172201 0.194536 0.164327 0.0987723 0.0441695 0.0158297 0.00461962 0.00104722 0.00017445 2.04714e-05 1.63668e-06 8.66476e-08
 3.84437e-10 3.0526e-08 1.42923e-06 3.94566e-05 0.000642281 0.00616479 0.03489 0.116436 0.229161 0.266216 0.183424 0.077278 0.0246178 0.0134487 0.0143238 0.0140232 0.0104017 0.00574055 0.00232791 0.000688336 0.000148369 2.30702e-05 2.51706e-06 1.86326e-07 9.09248e-09
 2.71421e-10 2.06559e-08 9.26893e-07 2.45248e-05 0.000382629 0.00352037 0.0191101 0.0613728 0.118258 0.146288 0.147138 0.16155 0.163158 0.112404 0.0480714 0.0134176 0.00333448 0.00122083 0.000524915 0.000176084 4.08911e-05 6.4023e-06 6.69189e-07 4.62417e-08 2.08466e-09
 6.36404e-10 4.63551e-08 1.9909e-06 5.04182e-05 0.000752862 0.0066289 0.0344204 0.105462 0.191271 0.208722 0.148363 0.090907 0.0689525 0.0586089 0.0449363 0.0268014 0.0108416 0.00276656 0.000450183 5.4418e-05 6.70726e-06 8.72821e-07 8.92334e-08 6.07362e-09 2.63127e-10
 8.22593e-10 5.72744e-08 2.35139e-06 5.69213e-05 0.00081249 0.00683878 0.0339535 0.0995874 0.173947 0.188303 0.148787 0.120022 0.10195 0.0687643 0.0346948 0.0147033 0.00548866 0.00165606 0.000368634 5.70556e-05 5.94796e-06 4.26504e-07 2.31441e-08 1.04462e-09 3.74674e-11
 1.22363e-09 8.13426e-08 3.1884e-06 7.3691e-05 0.00100427 0.00807057 0.0382571 0.107146 0.178789 0.185302 0.141319 0.111767 0.0951828 0.0679495 0.0388863 0.0181234 0.00632432 0.00151768 0.000250774 3.07383e-05 2.97955e-06 2.21284e-07 1.15813e-08 4.05002e-10 9.42374e-12
 1.61125e-09 1.02149e-07 3.8185e-06 8.41667e-05 0.00109392 0.00838434 0.0379154 0.101432 0.162725 0.167056 0.138109 0.125485 0.111413 0.0771787 0.0421232 0.0188097 0.0063861 0.00151881 0.000249691 2.91676e-05 2.47222e-06 1.51942e-07 6.7151e-09 2.10541e-10 4.55507e-12
 2.07315e-09 1.25213e-07 4.45922e-06 9.36388e-05 0.00115946 0.00846696 0.0364938 0.0932261 0.144146 0.14842 0.13523 0.137602 0.126214 0.0886076 0.0494524 0.0220151 0.00709375 0.00153099 0.000220199 2.21029e-05 1.63065e-06 8.93791e-08 3.53033e-09 9.67978e-11 1.7955e-12
 3.9639e-09 2.27859e-07 7.72318e-06 0.000154353 0.001819 0.0126412 0.0518341 0.125741 0.182935 0.170331 0.127869 0.106986 0.0914087 0.0654243 0.038424 0.0175125 0.00556707 0.00116627 0.000162205 1.55973e-05 1.07261e-06 5.28419e-08 1.82964e-09 4.37172e-11 7.10617e-13
 5.84624e-09 3.19555e-07 1.02992e-05 0.000195727 0.00219331 0.0144949 0.0565354 0.130642 0.18233 0.167768 0.133262 0.117345 0.0943681 0.057929 0.0280579 0.0109561 0.00317855 0.000636492 8.73322e-05 8.43516e-06 5.81467e-07 2.81637e-08 9.3405e-10 2.08124e-11 3.07757e-13
 8.47113e-09 4.39917e-07 1.34706e-05 0.000243218 0.00258947 0.0162598 0.0602746 0.132562 0.177275 0.16058 0.132426 0.12055 0.0962536 0.0585833 0.0282514 0.010692 0.00287426 0.000508596 5.86714e-05 4.59717e-06 2.59555e-07 1.08809e-08 3.31702e-10 7.03384e-12 9.98217e-14
 1.25483e-08 6.18644e-07 1.79839e-05 0.000308262 0.00311579 0.0185752 0.0653946 0.136794 0.17522 0.156092 0.132063 0.121523 0.0949432 0.0564999 0.0267094 0.00977788 0.00250054 0.00041611 4.46016e-05 3.17673e-06 1.57252e-07 5.55545e-09 1.39406e-10 2.43828e-12 2.92347e-14
 1.7046e-08 7.97272e-07 2.19876e-05 0.000357557 0.00342876 0.0193959 0.0648419 0.129279 0.160562 0.147114 0.137279 0.132708 0.102949 0.060622 0.0283866 0.0101278 0.00248599 0.00039563 4.0755e-05 2.80866e-06 1.34382e-07 4.51698e-09 1.04936e-10 1.64666e-12 1.71954e-14
 2.87153e-08 1.27339e-06 3.32966e-05 0.000513372 0.00466751 0.0250325 0.0793234 0.149742 0.175155 0.148461 0.126149 0.114473 0.0873571 0.0525562 0.0251777 0.00889723 0.0021056 0.000320001 3.15297e-05 2.09066e-06 9.66383e-08 3.13507e-09 6.99714e-11 1.04823e-12 1.0359e-14
 4.07022e-08 1.71046e-06 4.23835e-05 0.000619268 0.0053358 0.027125 0.081553 0.146755 0.167072 0.146798 0.135477 0.123828 0.088342 0.0479625 0.0206662 0.00669956 0.00148526 0.000215005 2.04907e-05 1.33036e-06 6.03787e-08 1.90878e-09 4.1079e-11 5.88827e-13 5.54205e-15
 6.36168e-08 2.5324e-06 5.94402e-05 0.000822673 0.00671456 0.0323353 0.0921138 0.157199 0.170348 0.14391 0.128773 0.114523 0.0811426 0.0448697 0.0195346 0.00617036 0.00129172 0.000172946 1.50042e-05 8.78171e-07 3.60562e-08 1.04875e-09 2.11797e-11 2.88714e-13 2.59704e-15
 9.31766e-08 3.51229e-06 7.80662e-05 0.00102315 0.00790811 0.0360707 0.0974105 0.158241 0.166054 0.141922 0.130642 0.114712 0.0788385 0.0423958 0.0179234 0.0054872 0.00112465 0.000151081 1.35656e-05 8.36003e-07 3.55521e-08 1.02545e-09 1.96471e-11 2.47112e-13 2.03096e-15
 1.29443e-07 4.6194e-06 9.72037e-05 0.00120611 0.00882638 0.0381304 0.0976851 0.151674 0.156752 0.140792 0.137092 0.12018 0.0809864 0.0427581 0.0175489 0.00513129 0.000996596 0.000127052 1.09256e-05 6.54556e-07 2.75218e-08 7.96095e-10 1.54115e-11 1.95356e-13 1.59618e-15
 2.25888e-07 7.6306e-06 0.00015199 0.00178515 0.0123653 0.0505524 0.122433 0.178822 0.17035 0.135074 0.116531 0.0961531 0.0638373 0.033717 0.0136038 0.00381918 0.00070359 8.48243e-05 6.90167e-06 3.91437e-07 1.55842e-08 4.2764e-10 7.89264e-12 9.60924e-14 7.60141e-16
 3.24417e-07 1.03728e-05 0.000195562 0.00217412 0.0142558 0.0551919 0.126822 0.177252 0.166918 0.139132 0.124209 0.0971699 0.05762 0.0265787 0.00953594 0.002456 0.000424757 4.8814e-05 3.82102e-06 2.08651e-07 7.94101e-09 2.06362e-10 3.58193e-12 4.08684e-14 3.02712e-16
 4.61869e-07 1.3978e-05 0.000249439 0.00262484 0.0162923 0.0597308 0.130193 0.173915 0.160815 0.137502 0.124907 0.0970238 0.0576816 0.0268436 0.00947465 0.00231914 0.000371528 3.88199e-05 2.7301e-06 1.34e-07 4.64504e-09 1.11792e-10 1.81744e-12 1.94984e-14 1.35638e-16
 6.16713e-07 1.7667e-05 0.000298429 0.00297271 0.0174696 0.0606874 0.125815 0.162502 0.153265 0.142288 0.134487 0.102686 0.0593093 0.0267248 0.00903078 0.00209532 0.000316978 3.12482e-05 2.06662e-06 9.44612e-08 3.00478e-09 6.54973e-11 9.58312e-13 9.26413e-15 5.84541e-17
 9.7947e-07 2.65622e-05 0.000424751 0.00400533 0.0222819 0.0732674 0.1437 0.175135 0.154529 0.133271 0.119255 0.0890985 0.0517916 0.0234677 0.00775752 0.00171789 0.000245043 2.26717e-05 1.40466e-06 6.00636e-08 1.78371e-09 3.61736e-11 4.89803e-13 4.35142e-15 2.50446e-17
 1.31626e-06 3.37956e-05 0.000511661 0.00456836 0.0240689 0.0750407 0.14028 0.166525 0.152122 0.14175 0.128062 0.0905343 0.048533 0.0202354 0.00623033 0.00130586 0.00017934 1.62578e-05 9.98543e-07 4.22092e-08 1.21879e-09 2.35602e-11 2.99521e-13 2.47573e-15 1.31904e-17
 1.95682e-06 4.75742e-05 0.000682017 0.0057661 0.0287682 0.0849575 0.150599 0.170211 0.149561 0.135198 0.11904 0.08364 0.0454906 0.0190478 0.00570043 0.00113103 0.000144914 1.21741e-05 6.93342e-07 2.74128e-08 7.50139e-10 1.38968e-11 1.70161e-13 1.35203e-15 6.87531e-18
#spawning biomass
 25463.9 29573.7 21241.2 12934.1 19928.7 35915.4 63628.1 89476 123670 136396 131228 146017 182470 193178 197383 205555 205474 177546 172191 177968 169280 171813 189864 181175 182939 170421 164741 185239 227208 410031 365606 282252 202297 141105 99524.7 73266.6 57476.3 48300.7 43099.2 40204 38614.4 37750.7 37284.5 37031.4 36898.7 36829.2 36792.7 36773.5 36763.5 36758.3 36755.5 36754.1 36753.3 36752.9 36752.7 36752.6 36752.5 36752.5 36752.5 36752.5 36752.5 36752.5 36752.5 36752.5 36752.5 36752.5 36752.5 36752.5 36752.5 36752.5 36752.5 36752.5 36752.5 36752.5 36752.5 36752.5 36752.5 36752.5 36752.5 36752.5 36752.5 36752.5 36752.5 36752.5 36752.5 36752.5 36752.5 36752.5 36752.5 36752.5 36752.5 36752.5 36752.5 36752.5 36752.5 36752.5 36752.5 36752.5 36752.5 36752.5 36752.5 36752.5 36752.5 36752.5 36752.5 36752.5 36752.5 36752.5 36752.5 36752.5 36752.5 36752.5 36752.5 36752.5 36752.5 36752.5 36752.5 36752.5 36752.5 36752.5 36752.5 36752.5 36752.5 36752.5 36752.5 36752.5 36752.5 36752.5 0 0 0 0 0 0 0 0 0 0 0 0 0 0 0 0 0 0 0 0 0 0 0 0 0
