SBPRF35
0.115364
Curr Bio
42899.7
B35
106496
F35
0.462288
FOFL
0
OFL
0
Bzero
32961.2
#pred survey bio
 9970.78 8768.95 8855.18 8096.97 10485.7 14879.4 16349.1 17885.2 32316.5 54137.8 74193.8 86124.3 112959 151690 160408 138937 133087 121691 128634 136268 133617 138581 148102 167455 178514 196331 184051 142635 2.50915e+06 2.40981e+06 1.65789e+06 1.08004e+06 767820 618821 551301 521112 507462 501120 498067 496543 495755 495337 495110 494984 494915 494876 494854 494842 494835 494831 494828 494827 494826 494826 494826 494826 494826 494825 494825 494825 494825 494825 494825 494825 494825 494825 494825 494825 494825 494825 494825 494825 494825 494825 494825 494825 494825 494825 494825 494825 494825 494825 494825 494825 494825 494825 494825 494825 494825 494825 494825 494825 494825 494825 494825 494825 494825 494825 494825 494825 494825 494825 494825 494825 494825 494825 494825 494825 494825 494825 494825 494825 494825 494825 494825 494825 494825 494825 494825 494825 494825 494825 494825 494825 494825 494825 494825 494825 0 0 0 0 0 0 0 0 0 0 0 0 0 0 0 0 0 0 0 0 0 0 0 0 0
#obs survey bio
 9232.31 10350.2 7495.3 6958.97 11280.9 18083.5 15062.6 22941.5 42324.3 53655 98312.6 113169 108999 151956 129887 100148 148700 116231 98972.1 220104 185573 127647 151138 166481 164465 242300 157976 112541
#pred catch bio
 6019.87 5544.13 6047.08 5362.22 6466.26 9866.23 11657.5 10536.9 18593.8 33568.9 51365.7 57700.1 71088.4 98409.7 111666 92529.8 89931.7 78247.2 83099.4 90715 85835.6 88084.8 91466.5 108833 110096 124526 127324 119598 0 32719.2 21368.2 13342.8 9264.38 7451.71 6704.73 6410.95 6298.83 6256.89 6241.41 6235.75 6233.69 6232.94 6232.67 6232.58 6232.54 6232.53 6232.53 6232.52 6232.52 6232.52 6232.52 6232.52 6232.52 6232.52 6232.52 6232.52 6232.52 6232.52 6232.52 6232.52 6232.52 6232.52 6232.52 6232.52 6232.52 6232.52 6232.52 6232.52 6232.52 6232.52 6232.52 6232.52 6232.52 6232.52 6232.52 6232.52 6232.52 6232.52 6232.52 6232.52 6232.52 6232.52 6232.52 6232.52 6232.52 6232.52 6232.52 6232.52 6232.52 6232.52 6232.52 6232.52 6232.52 6232.52 6232.52 6232.52 6232.52 6232.52 6232.52 6232.52 6232.52 6232.52 6232.52 6232.52 6232.52 6232.52 6232.52 6232.52 6232.52 6232.52 6232.52 6232.52 6232.52 6232.52 6232.52 6232.52 6232.52 6232.52 6232.52 6232.52 6232.52 6232.52 6232.52 6232.52 6232.52 6232.52 6232.52 6232.52 0 0 0 0 0 0 0 0 0 0 0 0 0 0 0 0 0 0 0 0 0 0 0 0 0
#obs catch bio
 4975.38 5524.12 6102.63 5376.94 6376.22 9830.86 11848.5 10348 18026.5 32885.9 51005 57771 71064.7 98500.5 115574 95130.3 88331.6 78263.1 84300.7 90493.3 84352.5 88197.7 91597 109967 110879 124525 129127 120921
#pred cpue bio
 9373.64 7910.64 8025.3 7303.42 9268.74 13263.7 14689.8 15840.8 28448.9 48085.6 66194.9 76499.6 100081 135387 145047 125605 120240 110128 115857 122825 120621 125162 133600 151028 160589 177729 167954 129857 2.19097e+06 2.4172e+06 1.6424e+06 1.05952e+06 746855 597824 530302 500112 486462 480120 477068 475543 474755 474337 474110 473985 473915 473876 473854 473842 473835 473831 473829 473827 473827 473826 473826 473826 473826 473826 473826 473826 473826 473826 473826 473826 473826 473826 473826 473826 473826 473826 473826 473826 473826 473826 473826 473826 473826 473826 473826 473826 473826 473826 473826 473826 473826 473826 473826 473826 473826 473826 473826 473826 473826 473826 473826 473826 473826 473826 473826 473826 473826 473826 473826 473826 473826 473826 473826 473826 473826 473826 473826 473826 473826 473826 473826 473826 473826 473826 473826 473826 473826 473826 473826 473826 473826 473826 473826 473826 0 0 0 0 0 0 0 0 0 0 0 0 0 0 0 0 0 0 0 0 0 0 0 0 0
#obs cpue bio
 4873.35 7957.39 7391.86 8445.86 11904.7 10667.8 11477.2 19796.5 41453.6 57664.1 51626.3 52798.7 102870 137243 86704.8 114816 202499 95128.6 107955 94842.6 125038 112665 125920 125610 154138 156413 144923 150415
#pred surv len freq
 2.14608e-27 2.17368e-27 6.63845e-27 1.52773e-21 9.08601e-17 1.24235e-12 3.90534e-09 2.8224e-06 0.000468938 0.0179131 0.157314 0.31762 0.147831 0.0263926 0.0654857 0.0919099 0.0374618 0.0303144 0.0270287 0.0183692 0.0155517 0.0135493 0.0140915 0.013157 0.0055382
 2.14875e-27 2.18155e-27 7.53616e-27 1.83237e-21 1.08978e-16 1.49008e-12 4.68408e-09 3.3852e-06 0.000562446 0.0214851 0.188683 0.380954 0.177164 0.0278082 0.0550447 0.0768508 0.0281505 0.0138573 0.0109756 0.00587721 0.0040939 0.00291927 0.00252787 0.00214852 0.00089423
 2.14786e-27 2.17955e-27 7.32973e-27 1.76234e-21 1.04813e-16 1.43313e-12 4.50507e-09 3.25583e-06 0.000540951 0.020664 0.181472 0.366396 0.1705 0.0295613 0.0701363 0.0980314 0.0345135 0.0126183 0.00884313 0.00326405 0.00157649 0.000824011 0.000531193 0.000376569 0.00014857
 2.14824e-27 2.18054e-27 7.43995e-27 1.79974e-21 1.07038e-16 1.46355e-12 4.60069e-09 3.32493e-06 0.000552432 0.0211025 0.185324 0.374172 0.174075 0.0290467 0.0646511 0.0903441 0.0324342 0.0138523 0.00983763 0.00301707 0.00103513 0.000335233 0.000129792 6.51343e-05 2.26402e-05
 2.14992e-27 2.18467e-27 7.87637e-27 1.94778e-21 1.15842e-16 1.58394e-12 4.97913e-09 3.59843e-06 0.000597874 0.0228384 0.200568 0.404949 0.188253 0.027671 0.0469768 0.0654082 0.0233154 0.00944146 0.00669946 0.00222924 0.000797335 0.000197355 4.1569e-05 1.07228e-05 2.75107e-06
 2.14921e-27 2.1829e-27 7.68526e-27 1.88294e-21 1.11986e-16 1.5312e-12 4.81336e-09 3.47863e-06 0.000577969 0.022078 0.19389 0.391467 0.182057 0.0286489 0.0570095 0.0794962 0.0275612 0.00870099 0.00577144 0.00186775 0.000662818 0.000172247 3.09873e-05 4.02367e-06 5.16991e-07
 2.14854e-27 2.18126e-27 7.51291e-27 1.82448e-21 1.08509e-16 1.48366e-12 4.66391e-09 3.37062e-06 0.000560024 0.0213925 0.18787 0.379314 0.176456 0.0291346 0.0636379 0.0888629 0.0311992 0.0111107 0.00750699 0.00213251 0.00063079 0.000157062 2.81831e-05 3.11295e-06 2.06498e-07
 2.14974e-27 2.18423e-27 7.82837e-27 1.9315e-21 1.14874e-16 1.57069e-12 4.93749e-09 3.56834e-06 0.000592874 0.0226474 0.19889 0.401562 0.186698 0.0279608 0.0497667 0.0693238 0.0244738 0.00915216 0.0062994 0.0018918 0.000586465 0.000128714 1.98878e-05 2.07298e-06 1.14689e-07
 2.1502e-27 2.18535e-27 7.94588e-27 1.97135e-21 1.17244e-16 1.6031e-12 5.03937e-09 3.64197e-06 0.000605108 0.0231147 0.202994 0.409848 0.190517 0.0276512 0.0453791 0.0631217 0.0220437 0.00747697 0.00503665 0.00155979 0.000510503 0.000117756 1.7861e-05 1.63256e-06 8.02245e-08
 2.1495e-27 2.18361e-27 7.7601e-27 1.90833e-21 1.13495e-16 1.55185e-12 4.87826e-09 3.52553e-06 0.000585761 0.0223757 0.196504 0.396745 0.184487 0.0283995 0.0538964 0.07511 0.0260439 0.00822828 0.00540042 0.00159099 0.000491454 0.000116518 1.86783e-05 1.73208e-06 7.89874e-08
 2.14914e-27 2.18274e-27 7.66982e-27 1.8777e-21 1.11674e-16 1.52695e-12 4.79998e-09 3.46896e-06 0.000576362 0.0220166 0.193351 0.390379 0.181552 0.0285981 0.0570277 0.0795448 0.0278989 0.00984347 0.00663615 0.00188524 0.000544421 0.000122069 1.89858e-05 1.8185e-06 8.53091e-08
 2.1495e-27 2.18364e-27 7.76421e-27 1.90972e-21 1.13579e-16 1.55299e-12 4.88183e-09 3.52811e-06 0.000586191 0.0223921 0.196648 0.397036 0.184617 0.0282791 0.053074 0.0739689 0.0258877 0.00895861 0.0060435 0.00180713 0.000557191 0.000121 1.75393e-05 1.60189e-06 7.50653e-08
 2.1497e-27 2.18412e-27 7.81481e-27 1.92689e-21 1.14599e-16 1.56694e-12 4.9257e-09 3.55982e-06 0.000591459 0.0225933 0.198416 0.400604 0.186262 0.0281472 0.0511934 0.0713108 0.0248509 0.00825617 0.0055024 0.00163177 0.000503858 0.000114742 1.72022e-05 1.5066e-06 6.67404e-08
 2.14911e-27 2.18265e-27 7.65892e-27 1.874e-21 1.11454e-16 1.52394e-12 4.79052e-09 3.46212e-06 0.000575226 0.0219733 0.19297 0.38961 0.1812 0.028699 0.0578755 0.0807278 0.0281532 0.00941831 0.00627585 0.00182606 0.000547721 0.000123833 1.89169e-05 1.71799e-06 7.58755e-08
 2.14797e-27 2.17987e-27 7.36533e-27 1.77442e-21 1.05531e-16 1.44295e-12 4.53594e-09 3.27814e-06 0.000544658 0.0208056 0.182716 0.368907 0.171662 0.029599 0.0696099 0.097288 0.0342697 0.0125671 0.00858073 0.00250432 0.000750287 0.000166305 2.48323e-05 2.26242e-06 1.02338e-07
 2.14801e-27 2.17999e-27 7.3812e-27 1.77981e-21 1.05852e-16 1.44734e-12 4.54974e-09 3.28811e-06 0.000546315 0.0208688 0.183271 0.370028 0.17217 0.0293071 0.0674898 0.0943383 0.0337517 0.0140496 0.00992567 0.00303202 0.000966672 0.000216386 3.20355e-05 2.86111e-06 1.28256e-07
 2.14808e-27 2.18016e-27 7.39936e-27 1.78597e-21 1.06219e-16 1.45235e-12 4.56549e-09 3.29949e-06 0.000548206 0.0209411 0.183906 0.371309 0.172758 0.0292032 0.0664692 0.0929023 0.0332745 0.0139731 0.00997392 0.00327094 0.00114894 0.000272526 4.23852e-05 3.81386e-06 1.68849e-07
 2.14792e-27 2.17977e-27 7.35764e-27 1.77182e-21 1.05377e-16 1.44084e-12 4.5293e-09 3.27334e-06 0.000543861 0.0207751 0.182448 0.368366 0.171404 0.0293829 0.0684533 0.0956921 0.0341631 0.0139982 0.00994541 0.00328127 0.00118287 0.000302992 5.17641e-05 4.95212e-06 2.25777e-07
 2.14837e-27 2.18087e-27 7.47592e-27 1.81195e-21 1.07764e-16 1.47348e-12 4.63189e-09 3.34748e-06 0.000556179 0.0212457 0.18658 0.376709 0.175242 0.0288804 0.0628708 0.0878404 0.0316244 0.013793 0.00991227 0.0032315 0.00115135 0.000298931 5.38203e-05 5.61203e-06 2.75977e-07
 2.14829e-27 2.18067e-27 7.45266e-27 1.80405e-21 1.07294e-16 1.46705e-12 4.6117e-09 3.33289e-06 0.000553755 0.021153 0.185767 0.375067 0.174491 0.0290952 0.0646775 0.090362 0.0321736 0.0129118 0.00915881 0.00309118 0.00114053 0.000294329 5.30151e-05 5.73142e-06 3.01735e-07
 2.14815e-27 2.18032e-27 7.41544e-27 1.79143e-21 1.06543e-16 1.45679e-12 4.57943e-09 3.30956e-06 0.000549879 0.021005 0.184467 0.372443 0.173283 0.0292295 0.0662882 0.0926339 0.0329992 0.0132909 0.00937854 0.00301987 0.00106801 0.000283047 5.21723e-05 5.66052e-06 3.04708e-07
 2.14811e-27 2.18024e-27 7.40771e-27 1.78881e-21 1.06387e-16 1.45466e-12 4.57273e-09 3.30473e-06 0.000549076 0.0209743 0.184198 0.371898 0.173029 0.029168 0.0660766 0.0923506 0.0331043 0.0139863 0.00997439 0.00321849 0.0011261 0.000286142 5.17317e-05 5.72569e-06 3.12706e-07
 2.14822e-27 2.18051e-27 7.43755e-27 1.79893e-21 1.06989e-16 1.46289e-12 4.59861e-09 3.32343e-06 0.000552183 0.021093 0.18524 0.374003 0.173997 0.0290488 0.0647151 0.0904328 0.0324407 0.0137839 0.00987496 0.00327427 0.00118156 0.000300242 5.29627e-05 5.696e-06 3.11228e-07
 2.14824e-27 2.18056e-27 7.4424e-27 1.80058e-21 1.07087e-16 1.46423e-12 4.60282e-09 3.32647e-06 0.000552688 0.0211123 0.185409 0.374345 0.174155 0.0290346 0.0645247 0.0901636 0.0323336 0.0137058 0.00981916 0.00327082 0.00119522 0.000312243 5.62378e-05 5.98295e-06 3.191e-07
 2.14847e-27 2.18111e-27 7.49946e-27 1.81993e-21 1.08238e-16 1.47996e-12 4.65229e-09 3.36222e-06 0.000558628 0.0213392 0.187402 0.378368 0.17601 0.0289093 0.0625473 0.0873646 0.0311866 0.0127683 0.00907744 0.00301538 0.0011003 0.00028968 5.32669e-05 5.80041e-06 3.1037e-07
 2.14789e-27 2.1797e-27 7.3503e-27 1.76933e-21 1.05229e-16 1.43882e-12 4.52294e-09 3.26874e-06 0.000543097 0.0207459 0.182192 0.367849 0.171166 0.0294103 0.0687762 0.0961475 0.0343276 0.0140703 0.00998258 0.00325583 0.0011633 0.000304949 5.62646e-05 6.22098e-06 3.39768e-07
 2.14713e-27 2.17784e-27 7.15497e-27 1.70308e-21 1.01289e-16 1.38494e-12 4.35359e-09 3.14635e-06 0.000522761 0.0199691 0.17537 0.354076 0.164816 0.0298945 0.0758837 0.106197 0.0383052 0.0169313 0.0122008 0.00397889 0.00141365 0.000363707 6.59925e-05 7.28831e-06 4.02117e-07
 2.14737e-27 2.17844e-27 7.22005e-27 1.72516e-21 1.02602e-16 1.4029e-12 4.41004e-09 3.18715e-06 0.00052954 0.0202281 0.177644 0.358667 0.166927 0.0295731 0.0725377 0.101495 0.0368231 0.016952 0.0123751 0.00420313 0.00156001 0.000402392 7.21285e-05 7.82749e-06 4.28552e-07
#obs surv len freq
 1.23683e-39 6.05344e-33 6.81143e-27 1.76205e-21 1.04796e-16 1.43289e-12 4.50432e-09 3.25528e-06 0.000540869 0.0206605 0.181441 0.366334 0.17046 0.029271 0.0683833 0.095624 0.0345441 0.0154432 0.0112534 0.00394255 0.0015493 0.00044442 9.2838e-05 1.19774e-05 7.90606e-07
 1.31409e-39 6.43156e-33 7.23689e-27 1.87211e-21 1.11342e-16 1.5224e-12 4.78567e-09 3.45861e-06 0.000574653 0.021951 0.192774 0.389215 0.181001 0.0282505 0.055257 0.0771083 0.0278299 0.0123611 0.00897755 0.00309519 0.00119099 0.000334351 6.79058e-05 8.49825e-06 5.4385e-07
 1.15768e-39 5.66603e-33 6.37551e-27 1.64928e-21 9.80891e-17 1.34119e-12 4.21605e-09 3.04694e-06 0.000506254 0.0193383 0.169829 0.34289 0.159681 0.0308473 0.0850717 0.119075 0.0418518 0.015068 0.010437 0.00357804 0.00136392 0.000375688 7.43338e-05 9.03817e-06 5.60938e-07
 1.34909e-39 6.60288e-33 7.42967e-27 1.92199e-21 1.14308e-16 1.56295e-12 4.91315e-09 3.55074e-06 0.000589961 0.0225357 0.197909 0.399582 0.185765 0.0274961 0.0475274 0.0662628 0.0246885 0.0133716 0.00990486 0.00302685 0.00100639 0.000270468 5.26136e-05 6.23693e-06 3.76082e-07
 1.39345e-39 6.81999e-33 7.67396e-27 1.98518e-21 1.18066e-16 1.61434e-12 5.0747e-09 3.6675e-06 0.00060936 0.0232767 0.204416 0.412721 0.191841 0.0275372 0.0438181 0.0609103 0.0211016 0.00662039 0.00449099 0.0017326 0.000711483 0.000175035 3.05157e-05 3.49246e-06 2.05648e-07
 1.26948e-39 6.2132e-33 6.9912e-27 1.80856e-21 1.07562e-16 1.47071e-12 4.62319e-09 3.34119e-06 0.000555144 0.0212058 0.186229 0.376002 0.174942 0.0295875 0.0674015 0.0941168 0.0323535 0.00930561 0.00590349 0.00168143 0.000526224 0.000153657 2.99671e-05 3.17209e-06 1.74257e-07
 1.28186e-39 6.27383e-33 7.05942e-27 1.8262e-21 1.08611e-16 1.48506e-12 4.66831e-09 3.3738e-06 0.000560561 0.0214127 0.188046 0.37967 0.176612 0.0288773 0.0619604 0.0865429 0.0309874 0.0129677 0.00905839 0.00246849 0.000659821 0.00014467 2.48433e-05 2.91205e-06 1.61745e-07
 1.41594e-39 6.93005e-33 7.79781e-27 2.01722e-21 1.19972e-16 1.64039e-12 5.1566e-09 3.72668e-06 0.000619193 0.0236524 0.207715 0.419381 0.194901 0.0270148 0.0386219 0.0536247 0.0190642 0.00755952 0.00533441 0.00175823 0.000603844 0.00012713 1.73662e-05 1.64685e-06 8.9739e-08
 1.4205e-39 6.95239e-33 7.82294e-27 2.02372e-21 1.20358e-16 1.64568e-12 5.17321e-09 3.73869e-06 0.000621189 0.0237286 0.208385 0.420732 0.195536 0.0273026 0.0399711 0.0554666 0.0189025 0.00490203 0.00303646 0.0009714 0.000339714 8.58917e-05 1.37501e-05 1.17239e-06 5.17622e-08
 1.35065e-39 6.6105e-33 7.43824e-27 1.9242e-21 1.1444e-16 1.56475e-12 4.91882e-09 3.55484e-06 0.000590642 0.0225618 0.198137 0.400044 0.186013 0.0284176 0.0530136 0.0738372 0.0252097 0.00668297 0.00408182 0.00106117 0.000269156 6.44097e-05 1.1198e-05 1.11416e-06 5.04263e-08
 1.32535e-39 6.48666e-33 7.2989e-27 1.88816e-21 1.12296e-16 1.53544e-12 4.82667e-09 3.48825e-06 0.000579577 0.0221391 0.194426 0.39255 0.182555 0.0285743 0.0562287 0.0784068 0.0273407 0.00913145 0.00601748 0.00157755 0.000385858 7.41399e-05 1.00214e-05 9.8001e-07 4.91376e-08
 1.35865e-39 6.64965e-33 7.48229e-27 1.9356e-21 1.15117e-16 1.57402e-12 4.94795e-09 3.57589e-06 0.00059414 0.0226954 0.199311 0.402413 0.187092 0.027984 0.0496529 0.0691532 0.0242775 0.0086428 0.00585876 0.00171044 0.00050033 9.82302e-05 1.18771e-05 9.20497e-07 4.04046e-08
 1.3349e-39 6.53339e-33 7.35147e-27 1.90176e-21 1.13105e-16 1.5465e-12 4.86144e-09 3.51337e-06 0.000583752 0.0222986 0.195826 0.395377 0.183857 0.0284533 0.0546378 0.0761568 0.0264352 0.00844572 0.00557749 0.00168363 0.000529396 0.000117013 1.61791e-05 1.22941e-06 4.58461e-08
 1.28515e-39 6.28994e-33 7.07754e-27 1.83089e-21 1.0889e-16 1.48887e-12 4.68029e-09 3.38246e-06 0.000562 0.0214677 0.188529 0.380645 0.17707 0.0290993 0.0630218 0.0879894 0.030818 0.0107367 0.00722021 0.0020674 0.000607732 0.000138863 2.11566e-05 1.8171e-06 7.19103e-08
 1.17002e-39 5.72645e-33 6.44349e-27 1.66687e-21 9.9135e-17 1.35549e-12 4.261e-09 3.07943e-06 0.000511652 0.0195445 0.17164 0.346546 0.16136 0.0305355 0.0820667 0.114873 0.0408332 0.0161584 0.0112624 0.00336549 0.00103742 0.000227341 3.35174e-05 3.04552e-06 1.33434e-07
 1.25946e-39 6.16418e-33 6.93603e-27 1.79429e-21 1.06713e-16 1.45911e-12 4.58671e-09 3.31483e-06 0.000550763 0.0210384 0.18476 0.373035 0.173536 0.0286785 0.062747 0.0877326 0.0324948 0.0170207 0.0126171 0.00404369 0.00137389 0.000316696 4.76247e-05 4.21519e-06 1.86998e-07
 1.23125e-39 6.0261e-33 6.78066e-27 1.75409e-21 1.04322e-16 1.42642e-12 4.48397e-09 3.24057e-06 0.000538426 0.0205672 0.180621 0.364679 0.169705 0.0295267 0.0704428 0.0984932 0.0350925 0.0141725 0.0102288 0.00387326 0.00158363 0.000400936 6.60136e-05 6.10305e-06 2.71332e-07
 1.27499e-39 6.24022e-33 7.02159e-27 1.81642e-21 1.08029e-16 1.4771e-12 4.64329e-09 3.35572e-06 0.000557557 0.021298 0.187039 0.377636 0.175667 0.028772 0.0619309 0.0865255 0.0312938 0.0140963 0.0101891 0.00331973 0.00123012 0.000363108 7.10678e-05 7.30712e-06 3.47303e-07
 1.24833e-39 6.1097e-33 6.87473e-27 1.77843e-21 1.0577e-16 1.44621e-12 4.54617e-09 3.28553e-06 0.000545895 0.0208525 0.183127 0.369738 0.172037 0.0293545 0.0678668 0.094856 0.0337358 0.013421 0.00952991 0.00329032 0.00124283 0.00032712 6.39852e-05 7.65201e-06 4.15635e-07
 1.25807e-39 6.1574e-33 6.9284e-27 1.79231e-21 1.06596e-16 1.4575e-12 4.58167e-09 3.31118e-06 0.000550157 0.0210153 0.184556 0.372624 0.173362 0.0290754 0.0652933 0.0912562 0.0328453 0.0142964 0.010254 0.0033048 0.00117676 0.000318828 6.05429e-05 6.96768e-06 4.08861e-07
 1.27653e-39 6.24773e-33 7.03004e-27 1.81861e-21 1.08159e-16 1.47888e-12 4.64888e-09 3.35976e-06 0.000558228 0.0213236 0.187264 0.378091 0.175881 0.028865 0.0623613 0.0871113 0.0312145 0.0131564 0.00943489 0.00319408 0.00117811 0.000302095 5.54087e-05 6.31683e-06 3.62232e-07
 1.25811e-39 6.15755e-33 6.92858e-27 1.79236e-21 1.06598e-16 1.45754e-12 4.58178e-09 3.31126e-06 0.000550171 0.0210158 0.184561 0.372634 0.17337 0.0291935 0.0660112 0.0922461 0.0328939 0.0133563 0.00948007 0.00315477 0.00115827 0.000308526 5.67445e-05 6.21321e-06 3.47971e-07
 1.25233e-39 6.1293e-33 6.89678e-27 1.78413e-21 1.06109e-16 1.45085e-12 4.56076e-09 3.29607e-06 0.000547647 0.0209194 0.183714 0.370924 0.172579 0.0291604 0.0663246 0.0927089 0.033345 0.0144429 0.0103643 0.0033781 0.00120602 0.000316913 5.891e-05 6.5517e-06 3.60174e-07
 1.25909e-39 6.16239e-33 6.93402e-27 1.79377e-21 1.06682e-16 1.45868e-12 4.58539e-09 3.31387e-06 0.000550604 0.0210324 0.184706 0.372927 0.1735 0.0290536 0.0650692 0.0909387 0.0327084 0.0141713 0.0102172 0.00345225 0.00127435 0.00032888 5.96599e-05 6.61677e-06 3.6729e-07
 1.26868e-39 6.20931e-33 6.98682e-27 1.80742e-21 1.07494e-16 1.46979e-12 4.6203e-09 3.3391e-06 0.000554796 0.0211925 0.186112 0.375766 0.174809 0.0289551 0.0636118 0.0888776 0.0318872 0.0135649 0.00974376 0.00329557 0.00123013 0.000328113 6.04752e-05 6.59237e-06 3.617e-07
 1.19575e-39 5.85234e-33 6.58515e-27 1.70352e-21 1.01314e-16 1.38529e-12 4.35468e-09 3.14714e-06 0.000522901 0.0199741 0.175413 0.354164 0.164861 0.0299946 0.0764684 0.107002 0.0383156 0.0160642 0.011489 0.00384599 0.00142073 0.00038065 7.16756e-05 7.99353e-06 4.38189e-07
 1.19438e-39 5.84567e-33 6.57764e-27 1.70157e-21 1.01199e-16 1.38371e-12 4.34971e-09 3.14355e-06 0.000522305 0.0199514 0.175213 0.35376 0.164659 0.0295663 0.0739758 0.103565 0.0381387 0.019311 0.0142951 0.00474965 0.00173383 0.000459535 8.6167e-05 9.73813e-06 5.44621e-07
 1.22769e-39 6.0087e-33 6.76109e-27 1.74903e-21 1.04021e-16 1.4223e-12 4.47102e-09 3.23122e-06 0.000536872 0.0205078 0.1801 0.363626 0.169203 0.0291245 0.0683047 0.0955548 0.0350761 0.0174317 0.0130617 0.00485926 0.0019761 0.000525596 9.73282e-05 1.09223e-05 6.14406e-07
#pred catch len freq
 2.1459e-27 2.17323e-27 6.58973e-27 1.5112e-21 8.98771e-17 1.22891e-12 3.86309e-09 2.79187e-06 0.000463865 0.0177193 0.155612 0.314184 0.146249 0.0265574 0.0675275 0.0947868 0.0384592 0.0306298 0.0272458 0.0184631 0.015611 0.0135952 0.0141376 0.0131997 0.00555619
 2.14864e-27 2.18128e-27 7.50652e-27 1.82231e-21 1.0838e-16 1.4819e-12 4.65838e-09 3.36662e-06 0.00055936 0.0213672 0.187647 0.378863 0.176203 0.0279347 0.0564475 0.0788242 0.0287961 0.0139349 0.0109978 0.0058726 0.00408417 0.00291093 0.00252029 0.00214203 0.000891525
 2.14781e-27 2.17944e-27 7.31799e-27 1.75835e-21 1.04576e-16 1.42989e-12 4.49488e-09 3.24847e-06 0.000539728 0.0206172 0.181062 0.365567 0.170119 0.0296351 0.0708362 0.0990129 0.0347902 0.0124983 0.00871784 0.00321021 0.00154704 0.000808124 0.00052085 0.000369226 0.000145672
 2.14816e-27 2.18035e-27 7.41947e-27 1.7928e-21 1.06624e-16 1.4579e-12 4.58293e-09 3.31209e-06 0.0005503 0.0210211 0.184608 0.372727 0.173411 0.0291474 0.0657011 0.091819 0.0328864 0.0138023 0.00976469 0.00298899 0.00102294 0.000331048 0.000128133 6.42979e-05 2.23493e-05
 2.1498e-27 2.18437e-27 7.8448e-27 1.93707e-21 1.15205e-16 1.57523e-12 4.95175e-09 3.57864e-06 0.000594586 0.0227128 0.199465 0.402722 0.187228 0.0277987 0.0484275 0.0674498 0.0239927 0.00955564 0.0067539 0.00224269 0.000800356 0.000197985 4.16869e-05 1.0752e-05 2.75851e-06
 2.14914e-27 2.18273e-27 7.66663e-27 1.87662e-21 1.1161e-16 1.52606e-12 4.79719e-09 3.46695e-06 0.000576028 0.0220039 0.193239 0.390153 0.181452 0.0287364 0.0579399 0.0808037 0.0279695 0.00868322 0.00572915 0.0018502 0.000655057 0.000170126 3.05961e-05 3.97243e-06 5.1039e-07
 2.14855e-27 2.18129e-27 7.51531e-27 1.82529e-21 1.08557e-16 1.48432e-12 4.66599e-09 3.37212e-06 0.000560273 0.0214021 0.187954 0.379483 0.176535 0.0291527 0.0636975 0.0889424 0.0311655 0.0109007 0.00732955 0.00207844 0.000613172 0.000152563 2.73669e-05 3.02248e-06 2.00489e-07
 2.14958e-27 2.18383e-27 7.78566e-27 1.91701e-21 1.14012e-16 1.55891e-12 4.90044e-09 3.54156e-06 0.000588426 0.0224775 0.197398 0.39855 0.185311 0.0281286 0.0516987 0.0720435 0.0253869 0.00934301 0.00640447 0.00191983 0.000593719 0.000130223 2.01137e-05 2.09626e-06 1.15972e-07
 2.15003e-27 2.18494e-27 7.90229e-27 1.95656e-21 1.16364e-16 1.59108e-12 5.00157e-09 3.61465e-06 0.000600568 0.0229413 0.201472 0.406774 0.189102 0.027822 0.0473486 0.0658943 0.0229749 0.00767262 0.00514526 0.00159037 0.000519286 0.000119709 1.8151e-05 1.65887e-06 8.15139e-08
 2.14937e-27 2.18329e-27 7.72612e-27 1.89679e-21 1.1281e-16 1.54247e-12 4.84878e-09 3.50423e-06 0.000582222 0.0222405 0.195317 0.394348 0.183384 0.0285406 0.0554803 0.0773386 0.0267753 0.00832479 0.00543633 0.00159863 0.000492585 0.000116708 1.87025e-05 1.73413e-06 7.9078e-08
 2.14912e-27 2.18269e-27 7.66327e-27 1.87548e-21 1.11542e-16 1.52514e-12 4.7943e-09 3.46485e-06 0.00057568 0.0219906 0.193122 0.389917 0.18134 0.0286442 0.0574484 0.0801337 0.0280518 0.00972471 0.00652472 0.00185035 0.000532953 0.000119414 1.85662e-05 1.77809e-06 8.34104e-08
 2.14945e-27 2.1835e-27 7.74938e-27 1.90469e-21 1.13279e-16 1.54889e-12 4.86897e-09 3.51882e-06 0.000584646 0.0223331 0.19613 0.39599 0.184136 0.0283524 0.0538364 0.0750397 0.0262146 0.00891736 0.00598678 0.0017868 0.000549567 0.000119268 1.7282e-05 1.57818e-06 7.39514e-08
 2.14959e-27 2.18384e-27 7.78556e-27 1.91696e-21 1.14009e-16 1.55887e-12 4.90033e-09 3.54149e-06 0.000588413 0.022477 0.197394 0.398541 0.185313 0.0282702 0.052566 0.0732419 0.0254815 0.00832833 0.00552378 0.00163509 0.000503634 0.000114616 1.71775e-05 1.50425e-06 6.66335e-08
 2.14901e-27 2.18242e-27 7.63427e-27 1.86564e-21 1.10957e-16 1.51714e-12 4.76914e-09 3.44667e-06 0.000572659 0.0218752 0.192109 0.387871 0.1804 0.0288083 0.0590668 0.0824029 0.0286883 0.00943843 0.0062587 0.00181779 0.000543863 0.000122878 1.87645e-05 1.70394e-06 7.52521e-08
 2.14795e-27 2.17982e-27 7.3597e-27 1.77251e-21 1.05418e-16 1.4414e-12 4.53106e-09 3.27461e-06 0.000544071 0.0207832 0.182519 0.368509 0.17148 0.0296485 0.0700316 0.0978772 0.0344078 0.0123955 0.00842446 0.00245424 0.000733415 0.000162455 2.4249e-05 2.209e-06 9.9917e-08
 2.14794e-27 2.17981e-27 7.36171e-27 1.7732e-21 1.05459e-16 1.44196e-12 4.53283e-09 3.27589e-06 0.000544285 0.0207913 0.18259 0.368653 0.171538 0.0294054 0.0685042 0.0957629 0.0341833 0.0139825 0.00983937 0.00299995 0.000954126 0.000213444 3.15889e-05 2.82086e-06 1.26447e-07
 2.14803e-27 2.18002e-27 7.3848e-27 1.78104e-21 1.05925e-16 1.44834e-12 4.55286e-09 3.29037e-06 0.00054669 0.0208832 0.183397 0.370282 0.172286 0.0292854 0.0672806 0.0940407 0.0336038 0.0138641 0.0098567 0.0032258 0.00113049 0.000267992 4.16662e-05 3.74873e-06 1.65958e-07
 2.14781e-27 2.17948e-27 7.32699e-27 1.76142e-21 1.04758e-16 1.43239e-12 4.50272e-09 3.25413e-06 0.000540669 0.0206532 0.181377 0.366205 0.17041 0.0295184 0.069932 0.0977714 0.0348292 0.0140298 0.00992838 0.00326887 0.00117571 0.000300979 5.14043e-05 4.91718e-06 2.24175e-07
 2.14827e-27 2.18062e-27 7.44862e-27 1.80269e-21 1.07213e-16 1.46595e-12 4.60822e-09 3.33037e-06 0.000553336 0.0211371 0.185627 0.374784 0.174357 0.0290023 0.0641955 0.0897029 0.0322186 0.0138125 0.00988945 0.00321749 0.0011437 0.000296766 5.34139e-05 5.56908e-06 2.73856e-07
 2.14822e-27 2.18049e-27 7.43367e-27 1.79761e-21 1.06911e-16 1.46181e-12 4.59523e-09 3.32099e-06 0.000551777 0.0210775 0.185104 0.373728 0.173876 0.0291904 0.0656621 0.0917449 0.0325948 0.0128548 0.00908051 0.0030582 0.00112584 0.000290365 5.22846e-05 5.65186e-06 2.97536e-07
 2.14803e-27 2.18004e-27 7.38524e-27 1.78118e-21 1.05934e-16 1.44845e-12 4.55323e-09 3.29063e-06 0.000546734 0.0208849 0.183412 0.370312 0.172303 0.0293623 0.0677411 0.094677 0.0336549 0.0133263 0.00936572 0.00300965 0.00106191 0.000281255 5.18259e-05 5.62238e-06 3.02645e-07
 2.14799e-27 2.17993e-27 7.3745e-27 1.77754e-21 1.05717e-16 1.44549e-12 4.54393e-09 3.28391e-06 0.000545617 0.0208422 0.183037 0.369556 0.171951 0.0293106 0.0676531 0.0945681 0.0338229 0.0140494 0.00998139 0.00321427 0.00112201 0.000284929 5.14958e-05 5.69898e-06 3.11237e-07
 2.14807e-27 2.18013e-27 7.39679e-27 1.7851e-21 1.06167e-16 1.45164e-12 4.56326e-09 3.29788e-06 0.000547938 0.0209309 0.183816 0.371128 0.172674 0.0292152 0.0665969 0.0930809 0.0333164 0.013922 0.00993679 0.00328798 0.00118383 0.000300641 5.30163e-05 5.70115e-06 3.11499e-07
 2.14814e-27 2.18032e-27 7.41631e-27 1.79172e-21 1.06561e-16 1.45703e-12 4.58019e-09 3.31011e-06 0.00054997 0.0210085 0.184498 0.372504 0.173309 0.0291534 0.0658051 0.0919635 0.0329035 0.0137091 0.00978364 0.00325217 0.00118571 0.000309574 5.57398e-05 5.92936e-06 3.16231e-07
 2.14832e-27 2.18073e-27 7.45943e-27 1.80635e-21 1.07431e-16 1.46892e-12 4.61757e-09 3.33713e-06 0.00055446 0.02118 0.186004 0.375545 0.174711 0.0290725 0.0643946 0.0899642 0.0320463 0.0129043 0.00913862 0.00302941 0.00110293 0.000290198 5.33457e-05 5.80841e-06 3.10787e-07
 2.14776e-27 2.17937e-27 7.31541e-27 1.75749e-21 1.04525e-16 1.42919e-12 4.49268e-09 3.24688e-06 0.000539464 0.0206071 0.180973 0.365388 0.170034 0.0295598 0.0704306 0.0984744 0.0350822 0.0141386 0.00999177 0.00325218 0.00115932 0.000303719 5.60202e-05 6.19333e-06 3.38247e-07
 2.14711e-27 2.17777e-27 7.14769e-27 1.70061e-21 1.01142e-16 1.38293e-12 4.34727e-09 3.14178e-06 0.000522003 0.0199402 0.175115 0.353562 0.164581 0.02996 0.0764386 0.106973 0.0384878 0.0167079 0.0119937 0.00390329 0.00138356 0.000355747 6.45275e-05 7.12578e-06 3.93137e-07
 2.14767e-27 2.17917e-27 7.29644e-27 1.75107e-21 1.04143e-16 1.42397e-12 4.47627e-09 3.23501e-06 0.000537493 0.0205319 0.180312 0.364053 0.16941 0.0293773 0.0697192 0.0975109 0.0352698 0.0159008 0.0115585 0.00391699 0.00145042 0.000373902 6.7e-05 7.27017e-06 3.98025e-07
#obs catch len freq
 1.22434e-39 5.99227e-33 6.7426e-27 1.74425e-21 1.03737e-16 1.41841e-12 4.4588e-09 3.22238e-06 0.000535404 0.0204517 0.179607 0.362632 0.168754 0.0294068 0.0703281 0.0983712 0.0355917 0.0160856 0.0117673 0.00417997 0.00167414 0.000491126 0.000105465 1.40137e-05 9.54153e-07
 1.22704e-39 6.00552e-33 6.75751e-27 1.7481e-21 1.03966e-16 1.42155e-12 4.46866e-09 3.22951e-06 0.000536587 0.0204969 0.180004 0.363434 0.169126 0.0294365 0.0702675 0.0982759 0.035427 0.0156028 0.011332 0.00395802 0.00155032 0.000444036 9.26466e-05 1.19443e-05 7.88063e-07
 1.30634e-39 6.39364e-33 7.19423e-27 1.86108e-21 1.10685e-16 1.51342e-12 4.75745e-09 3.43822e-06 0.000571266 0.0218216 0.191637 0.386921 0.179945 0.0283821 0.0567522 0.0792127 0.028529 0.0124823 0.00903517 0.00310572 0.0011911 0.000333876 6.77275e-05 8.46987e-06 5.41788e-07
 1.14813e-39 5.61929e-33 6.32292e-27 1.63568e-21 9.728e-17 1.33013e-12 4.18127e-09 3.02181e-06 0.000502078 0.0191787 0.168428 0.340062 0.15838 0.0310186 0.0869697 0.121745 0.0427198 0.015154 0.0104529 0.00357269 0.00135738 0.000373324 7.37763e-05 8.96395e-06 5.56077e-07
 1.34304e-39 6.57325e-33 7.39633e-27 1.91336e-21 1.13795e-16 1.55594e-12 4.8911e-09 3.53481e-06 0.000587313 0.0224346 0.197021 0.397789 0.18494 0.0276 0.0487023 0.0679162 0.0252362 0.0134613 0.00994463 0.0030311 0.00100412 0.000269422 5.23465e-05 6.20081e-06 3.73732e-07
 1.38814e-39 6.794e-33 7.64472e-27 1.97762e-21 1.17616e-16 1.60819e-12 5.05536e-09 3.65352e-06 0.000607037 0.023188 0.203637 0.411148 0.191117 0.0276316 0.0448682 0.0623876 0.0215834 0.00667348 0.00450473 0.00173208 0.000709224 0.000174248 3.03383e-05 3.46948e-06 2.042e-07
 1.26264e-39 6.17974e-33 6.95355e-27 1.79882e-21 1.06982e-16 1.46279e-12 4.59829e-09 3.3232e-06 0.000552154 0.0210916 0.185226 0.373977 0.174011 0.0297121 0.0687726 0.0960451 0.0329752 0.00934923 0.00590072 0.00167653 0.000522607 0.000152337 2.96787e-05 3.13942e-06 1.72374e-07
 1.27404e-39 6.23553e-33 7.01632e-27 1.81505e-21 1.07948e-16 1.476e-12 4.6398e-09 3.3532e-06 0.000557138 0.021282 0.186898 0.377352 0.175545 0.0290136 0.063491 0.0886965 0.0316956 0.0130656 0.00909574 0.00247327 0.000658556 0.000144153 2.47186e-05 2.89527e-06 1.60747e-07
 1.41155e-39 6.90855e-33 7.77361e-27 2.01096e-21 1.19599e-16 1.6353e-12 5.1406e-09 3.71512e-06 0.000617273 0.023579 0.207071 0.41808 0.194302 0.0270933 0.0394931 0.0548502 0.0194633 0.0076012 0.00534347 0.00175615 0.000601162 0.000126404 1.72436e-05 1.63376e-06 8.89773e-08
 1.41586e-39 6.92963e-33 7.79733e-27 2.0171e-21 1.19964e-16 1.6403e-12 5.15628e-09 3.72646e-06 0.000619156 0.023651 0.207703 0.419356 0.194903 0.0273858 0.0408943 0.0567653 0.0193242 0.0049422 0.00304363 0.000970897 0.000338357 8.54233e-05 1.36599e-05 1.1639e-06 5.13581e-08
 1.34518e-39 6.58372e-33 7.40811e-27 1.91641e-21 1.13976e-16 1.55842e-12 4.89889e-09 3.54044e-06 0.000588249 0.0224704 0.197335 0.398423 0.185268 0.0285169 0.0541083 0.0753768 0.0257066 0.00671954 0.00408144 0.00105886 0.000267476 6.38913e-05 1.1094e-05 1.10307e-06 4.99033e-08
 1.31905e-39 6.45586e-33 7.26424e-27 1.87919e-21 1.11762e-16 1.52815e-12 4.80375e-09 3.47168e-06 0.000576825 0.022034 0.193502 0.390686 0.181697 0.028687 0.057479 0.0801656 0.0279117 0.00918536 0.00602677 0.00157675 0.000384161 7.36977e-05 9.94701e-06 9.7188e-07 4.87075e-08
 1.35295e-39 6.62176e-33 7.45091e-27 1.92748e-21 1.14634e-16 1.56742e-12 4.92719e-09 3.56089e-06 0.000591647 0.0226002 0.198475 0.400725 0.186316 0.0280857 0.0507824 0.0707421 0.0247946 0.00869591 0.00587043 0.00170961 0.000498291 9.76988e-05 1.17972e-05 9.13512e-07 4.00739e-08
 1.32833e-39 6.50123e-33 7.31529e-27 1.8924e-21 1.12548e-16 1.53889e-12 4.83751e-09 3.49608e-06 0.000580879 0.0221888 0.194862 0.393432 0.182962 0.0285699 0.055936 0.077983 0.0270307 0.00851085 0.00559455 0.00168437 0.000527741 0.000116482 1.60863e-05 1.22148e-06 4.55258e-08
 1.27841e-39 6.25696e-33 7.04043e-27 1.82129e-21 1.08319e-16 1.48107e-12 4.65575e-09 3.36472e-06 0.000559053 0.0213551 0.18754 0.378649 0.176152 0.0292211 0.064367 0.0898814 0.0314304 0.0107879 0.00722415 0.00206354 0.000604319 0.000137869 2.09792e-05 1.80062e-06 7.12251e-08
 1.16055e-39 5.68009e-33 6.39132e-27 1.65337e-21 9.83324e-17 1.34452e-12 4.2265e-09 3.0545e-06 0.00050751 0.0193862 0.17025 0.34374 0.160069 0.0307038 0.0839399 0.117508 0.0416926 0.016253 0.0112867 0.00336419 0.00103331 0.000226114 3.32927e-05 3.02281e-06 1.32378e-07
 1.2521e-39 6.12815e-33 6.89549e-27 1.7838e-21 1.06089e-16 1.45058e-12 4.5599e-09 3.29545e-06 0.000547544 0.0209155 0.18368 0.370854 0.172533 0.0288081 0.0641953 0.0897703 0.0331631 0.0171073 0.0126457 0.00404168 0.00136853 0.00031502 4.73138e-05 4.18455e-06 1.85545e-07
 1.22249e-39 5.98322e-33 6.73242e-27 1.74161e-21 1.0358e-16 1.41627e-12 4.45206e-09 3.21752e-06 0.000534595 0.0204208 0.179336 0.362084 0.168511 0.0296803 0.0721624 0.100913 0.0358867 0.0142772 0.0102654 0.00387445 0.00157943 0.000399341 6.56734e-05 6.06739e-06 2.69618e-07
 1.26725e-39 6.20229e-33 6.97891e-27 1.80538e-21 1.07373e-16 1.46813e-12 4.61507e-09 3.33532e-06 0.000554168 0.0211685 0.185902 0.375341 0.174611 0.028907 0.0634467 0.0886583 0.0319958 0.0141956 0.0102272 0.00332271 0.00122687 0.000361582 7.06942e-05 7.26413e-06 3.45108e-07
 1.23937e-39 6.06586e-33 6.8254e-27 1.76567e-21 1.05011e-16 1.43583e-12 4.51355e-09 3.26195e-06 0.000541978 0.0207029 0.181813 0.367085 0.170817 0.0295096 0.0696137 0.0973142 0.034546 0.0135397 0.0095782 0.00329705 0.00124134 0.000326243 6.3732e-05 7.61658e-06 4.13549e-07
 1.24912e-39 6.1136e-33 6.87912e-27 1.77956e-21 1.05837e-16 1.44713e-12 4.54908e-09 3.28763e-06 0.000546244 0.0208658 0.183244 0.369974 0.172142 0.0292284 0.0670261 0.0936947 0.0336535 0.01443 0.0103151 0.00331522 0.00117636 0.000318228 6.03574e-05 6.94125e-06 4.07125e-07
 1.26707e-39 6.20143e-33 6.97795e-27 1.80513e-21 1.07358e-16 1.46792e-12 4.61443e-09 3.33486e-06 0.000554091 0.0211656 0.185876 0.375289 0.174591 0.0290239 0.0641756 0.0896649 0.0320664 0.0133162 0.00951624 0.00321218 0.0011809 0.00030237 5.53891e-05 6.31e-06 3.61675e-07
 1.24702e-39 6.10332e-33 6.86755e-27 1.77657e-21 1.05659e-16 1.4447e-12 4.54143e-09 3.2821e-06 0.000545325 0.0208307 0.182936 0.369352 0.17186 0.0293769 0.0681201 0.0952149 0.0338896 0.0135609 0.00959098 0.0031825 0.00116454 0.000309735 5.68993e-05 6.22568e-06 3.48504e-07
 1.24195e-39 6.07848e-33 6.8396e-27 1.76934e-21 1.05229e-16 1.43882e-12 4.52294e-09 3.26874e-06 0.000543106 0.020746 0.182191 0.367849 0.171163 0.0293333 0.0683069 0.0954993 0.0342793 0.0146293 0.010463 0.00340068 0.00120995 0.000317463 5.89406e-05 6.55049e-06 3.59943e-07
 1.24885e-39 6.11226e-33 6.87761e-27 1.77917e-21 1.05814e-16 1.44682e-12 4.54808e-09 3.28691e-06 0.000546124 0.0208612 0.183203 0.369893 0.172104 0.029224 0.0670235 0.0936898 0.0336298 0.0143563 0.0103157 0.00347535 0.00127866 0.000329513 5.97007e-05 6.61651e-06 3.67107e-07
 1.25775e-39 6.1558e-33 6.92661e-27 1.79185e-21 1.06568e-16 1.45712e-12 4.58048e-09 3.31032e-06 0.000550015 0.0210099 0.184509 0.372528 0.173319 0.0291344 0.0656823 0.0917925 0.0328685 0.0137788 0.00986369 0.00332639 0.00123754 0.000329604 6.06779e-05 6.60977e-06 3.62485e-07
 1.18257e-39 5.78788e-33 6.51261e-27 1.68475e-21 1.00198e-16 1.37003e-12 4.30671e-09 3.11247e-06 0.000517141 0.0197541 0.173481 0.350263 0.163066 0.0302107 0.0789636 0.110515 0.0394979 0.0163209 0.0116326 0.00388283 0.00142957 0.000382448 7.19281e-05 8.01609e-06 4.39227e-07
 1.18087e-39 5.77952e-33 6.50321e-27 1.68232e-21 1.00054e-16 1.36805e-12 4.30049e-09 3.10798e-06 0.000516394 0.0197256 0.17323 0.349757 0.162816 0.02978 0.0764867 0.107101 0.039347 0.0196344 0.0144936 0.00480194 0.00174707 0.000462355 8.65907e-05 9.77909e-06 5.46666e-07
#spawning biomass
 5168.84 2742.99 2532.46 2237.47 2434.88 3592.95 4248.54 4162.31 7050.45 12643 18194.9 20342.2 25978.5 37102.9 43958.9 38783.8 37157.1 34305.8 35275.9 37181.4 36830.9 38611.5 40976.3 46260.7 48080.8 55449 55792.1 42899.7 21324.4 55049.3 58202.8 35833.6 22012.5 15753.9 13170.1 12153.7 11765.8 11620.7 11567.1 11547.6 11540.4 11537.9 11536.9 11536.6 11536.5 11536.4 11536.4 11536.4 11536.4 11536.4 11536.4 11536.4 11536.4 11536.4 11536.4 11536.4 11536.4 11536.4 11536.4 11536.4 11536.4 11536.4 11536.4 11536.4 11536.4 11536.4 11536.4 11536.4 11536.4 11536.4 11536.4 11536.4 11536.4 11536.4 11536.4 11536.4 11536.4 11536.4 11536.4 11536.4 11536.4 11536.4 11536.4 11536.4 11536.4 11536.4 11536.4 11536.4 11536.4 11536.4 11536.4 11536.4 11536.4 11536.4 11536.4 11536.4 11536.4 11536.4 11536.4 11536.4 11536.4 11536.4 11536.4 11536.4 11536.4 11536.4 11536.4 11536.4 11536.4 11536.4 11536.4 11536.4 11536.4 11536.4 11536.4 11536.4 11536.4 11536.4 11536.4 11536.4 11536.4 11536.4 11536.4 11536.4 11536.4 11536.4 11536.4 11536.4 0 0 0 0 0 0 0 0 0 0 0 0 0 0 0 0 0 0 0 0 0 0 0 0 0
