SBPRF35
0.0628122
Curr Bio
397520
B35
204404
F35
32202.6
FOFL
32202.6
OFL
409913
Bzero
11155.6
#pred survey bio
 10087.9 9532.14 13585.6 16989.3 23331 26395 32950.7 46187.7 47406 46427.3 59811.1 79811.8 77209.4 125871 119749 98913.6 88332.5 104526 83948.8 79000.2 90007.1 93490.6 102487 101250 116270 92130.1 94917.2 91926.7 2.10954e+06 469384 170903 60169.5 33637.8 27598.7 26239.1 25935.6 25868.4 25853.7 25850.4 25849.7 25849.6 25849.5 25849.5 25849.5 25849.5 25849.5 25849.5 25849.5 25849.5 25849.5 25849.5 25849.5 25849.5 25849.5 25849.5 25849.5 25849.5 25849.5 25849.5 25849.5 25849.5 25849.5 25849.5 25849.5 25849.5 25849.5 25849.5 25849.5 25849.5 25849.5 25849.5 25849.5 25849.5 25849.5 25849.5 25849.5 25849.5 25849.5 25849.5 25849.5 25849.5 25849.5 25849.5 25849.5 25849.5 25849.5 25849.5 25849.5 25849.5 25849.5 25849.5 25849.5 25849.5 25849.5 25849.5 25849.5 25849.5 25849.5 25849.5 25849.5 25849.5 25849.5 25849.5 25849.5 25849.5 25849.5 25849.5 25849.5 25849.5 25849.5 25849.5 25849.5 25849.5 25849.5 25849.5 25849.5 25849.5 25849.5 25849.5 25849.5 25849.5 25849.5 25849.5 25849.5 25849.5 25849.5 25849.5 25849.5 0 0 0 0 0 0 0 0 0 0 0 0 0 0 0 0 0 0 0 0 0 0 0 0 0
#obs survey bio
 8811.32 10606.9 15070.8 16210.8 29740 25717.3 43408 57856.6 37723.3 46407.9 48268.3 77752.9 57203.1 159683 123625 107160 70230.7 87407.8 95234.2 69405.6 93045.2 96216.1 100754 92269 147589 62291.8 108935 72076.1
#pred catch bio
 7840.39 5903.34 6210.3 10271.2 14349.3 16877.8 21676.2 27875 30362.3 36991.2 52365.1 58019.7 69108.6 95731.7 111999 89811.3 89285.4 82167.5 84091.6 86365.5 80724.1 89317 93432.8 103740 108987 114588 115437 99153 409913 6604.56 6604.56 6604.56 6604.56 6604.56 6604.56 6604.56 6604.56 6604.56 6604.56 6604.56 6604.56 6604.56 6604.56 6604.56 6604.56 6604.56 6604.56 6604.56 6604.56 6604.56 6604.56 6604.56 6604.56 6604.56 6604.56 6604.56 6604.56 6604.56 6604.56 6604.56 6604.56 6604.56 6604.56 6604.56 6604.56 6604.56 6604.56 6604.56 6604.56 6604.56 6604.56 6604.56 6604.56 6604.56 6604.56 6604.56 6604.56 6604.56 6604.56 6604.56 6604.56 6604.56 6604.56 6604.56 6604.56 6604.56 6604.56 6604.56 6604.56 6604.56 6604.56 6604.56 6604.56 6604.56 6604.56 6604.56 6604.56 6604.56 6604.56 6604.56 6604.56 6604.56 6604.56 6604.56 6604.56 6604.56 6604.56 6604.56 6604.56 6604.56 6604.56 6604.56 6604.56 6604.56 6604.56 6604.56 6604.56 6604.56 6604.56 6604.56 6604.56 6604.56 6604.56 6604.56 6604.56 6604.56 6604.56 6604.56 0 0 0 0 0 0 0 0 0 0 0 0 0 0 0 0 0 0 0 0 0 0 0 0 0
#obs catch bio
 5869.12 6040.46 6217.14 10311.8 14540.6 16961.8 21859.3 27914.8 30564.9 37232.1 52318.7 58316.6 69018.7 94674.5 111785 90361.3 88661.6 81541.5 83007.6 86446.3 79945.1 87982.1 92515.2 102904 106818 112911 113622 99162.1
#pred cpue bio
 10372 9591.73 13307.7 16974.3 23312.4 26111.9 32579.3 45544.3 46260.7 44297.4 58158.4 76813.1 72940.7 122384 119713 97393.6 86016.4 101178 81025.6 76677.9 84890.5 88287.1 96920.9 94233 108678 88074.2 91263.1 88041.2 2.01931e+06 500965 175878 57009.2 30106.2 24054.5 22694.4 22391 22323.8 22309 22305.8 22305.1 22304.9 22304.9 22304.9 22304.9 22304.9 22304.9 22304.9 22304.9 22304.9 22304.9 22304.9 22304.9 22304.9 22304.9 22304.9 22304.9 22304.9 22304.9 22304.9 22304.9 22304.9 22304.9 22304.9 22304.9 22304.9 22304.9 22304.9 22304.9 22304.9 22304.9 22304.9 22304.9 22304.9 22304.9 22304.9 22304.9 22304.9 22304.9 22304.9 22304.9 22304.9 22304.9 22304.9 22304.9 22304.9 22304.9 22304.9 22304.9 22304.9 22304.9 22304.9 22304.9 22304.9 22304.9 22304.9 22304.9 22304.9 22304.9 22304.9 22304.9 22304.9 22304.9 22304.9 22304.9 22304.9 22304.9 22304.9 22304.9 22304.9 22304.9 22304.9 22304.9 22304.9 22304.9 22304.9 22304.9 22304.9 22304.9 22304.9 22304.9 22304.9 22304.9 22304.9 22304.9 22304.9 22304.9 22304.9 22304.9 0 0 0 0 0 0 0 0 0 0 0 0 0 0 0 0 0 0 0 0 0 0 0 0 0
#obs cpue bio
 7848.91 7036.08 12153.6 15017.7 16405.4 23838.9 20644 37520.6 53061.8 39633 67480.9 81333.6 87995.2 129035 115708 83791.3 107977 150742 83856.1 82066.3 100105 104001 118258 115441 125334 150313 103577 120961
#pred surv len freq
 2.55458e-27 2.56606e-27 1.45256e-26 2.52479e-20 6.18922e-15 1.83398e-10 6.56899e-07 0.000284412 0.0148851 0.0941681 0.0724801 0.0361964 0.224593 0.208763 0.0701037 0.108269 0.0472679 0.0371062 0.0224443 0.016732 0.0128523 0.0108948 0.0107212 0.00938663 0.002852
 2.55973e-27 2.57977e-27 2.61843e-26 4.98409e-20 1.22179e-14 3.62038e-10 1.29676e-06 0.000561448 0.0293841 0.185893 0.142525 0.0365205 0.177854 0.166 0.0698605 0.117794 0.0395836 0.0157848 0.00693453 0.00387066 0.00241348 0.00174477 0.0015145 0.00132047 0.000438885
 2.56295e-27 2.58772e-27 3.24132e-26 6.29781e-20 1.54383e-14 4.57465e-10 1.63856e-06 0.000709436 0.0371293 0.234891 0.18002 0.0416273 0.190373 0.176043 0.0443661 0.0571152 0.0211027 0.0112189 0.00344395 0.00099519 0.000407541 0.000223065 0.000159284 0.000129726 4.45431e-05
 2.56113e-27 2.5827e-27 2.78987e-26 5.34542e-20 1.31037e-14 3.88285e-10 1.39077e-06 0.000602151 0.0315144 0.199369 0.152925 0.0434489 0.223272 0.206424 0.0501943 0.0625845 0.0200673 0.00646737 0.00220064 0.000698016 0.000145932 4.3176e-05 2.15681e-05 1.4989e-05 5.07806e-06
 2.5611e-27 2.58276e-27 2.80902e-26 5.38587e-20 1.32028e-14 3.91223e-10 1.40129e-06 0.000606707 0.0317528 0.200878 0.154057 0.042201 0.212981 0.197239 0.0542335 0.0740877 0.0232242 0.00650211 0.00174579 0.000382218 8.73938e-05 1.49291e-05 3.3651e-06 1.64533e-06 5.19655e-07
 2.56213e-27 2.58544e-27 3.0353e-26 5.86319e-20 1.43729e-14 4.25895e-10 1.52548e-06 0.000660476 0.0345669 0.21868 0.167655 0.0424531 0.205346 0.18996 0.0487023 0.0633252 0.0202692 0.0063655 0.00166212 0.000298372 4.66995e-05 6.93505e-06 8.37129e-07 1.744e-07 4.52538e-08
 2.56223e-27 2.58559e-27 3.03741e-26 5.8676e-20 1.43837e-14 4.26215e-10 1.52663e-06 0.000660973 0.034593 0.218845 0.167795 0.0433265 0.211894 0.195814 0.046342 0.0564359 0.0176875 0.00497967 0.0013261 0.000258657 3.60493e-05 3.75804e-06 3.25663e-07 2.70044e-08 3.82992e-09
 2.56249e-27 2.58631e-27 3.10225e-26 6.00438e-20 1.4719e-14 4.36151e-10 1.56222e-06 0.000676381 0.0353993 0.223946 0.171686 0.0430496 0.207053 0.191381 0.0461912 0.0571887 0.0176173 0.00444573 0.00112913 0.000202592 2.95964e-05 2.96547e-06 1.83334e-07 8.46921e-09 4.3126e-10
 2.56344e-27 2.58883e-27 3.31849e-26 6.46054e-20 1.58372e-14 4.69285e-10 1.6809e-06 0.000727766 0.0380887 0.24096 0.184675 0.0429545 0.197203 0.182162 0.0422012 0.0504077 0.0155339 0.00393426 0.000970913 0.000156538 2.10904e-05 2.07548e-06 1.2466e-07 4.03967e-09 8.58782e-11
 2.56526e-27 2.59362e-27 3.72827e-26 7.32495e-20 1.79562e-14 5.32075e-10 1.9058e-06 0.00082514 0.0431849 0.2732 0.209293 0.04293 0.17972 0.165755 0.0343372 0.0365828 0.0110414 0.00243627 0.000587126 9.32344e-05 1.16856e-05 1.03375e-06 5.91235e-08 1.80717e-09 2.49424e-11
 2.56378e-27 2.58946e-27 3.34547e-26 6.51736e-20 1.59765e-14 4.73413e-10 1.69569e-06 0.000734167 0.0384236 0.243079 0.186331 0.0452925 0.213832 0.196958 0.0348773 0.0299397 0.00872462 0.00144189 0.000316091 4.37991e-05 5.28353e-06 4.43077e-07 2.27293e-08 6.47858e-10 8.09232e-12
 2.56461e-27 2.59179e-27 3.55929e-26 6.96846e-20 1.70823e-14 5.0618e-10 1.81305e-06 0.000784983 0.0410832 0.259904 0.199157 0.0439785 0.194821 0.179588 0.0349541 0.0344695 0.00981807 0.00118909 0.000225147 2.38115e-05 2.45651e-06 1.85637e-07 8.99466e-09 2.31639e-10 2.65824e-12
 2.56597e-27 2.59542e-27 3.87695e-26 7.63856e-20 1.8725e-14 5.54855e-10 1.9874e-06 0.000860468 0.0450338 0.284896 0.218232 0.0433976 0.176998 0.163042 0.0302168 0.0278454 0.00804229 0.00118392 0.000229312 1.83152e-05 1.47044e-06 8.57099e-08 3.59416e-09 8.55163e-11 8.92113e-13
 2.5638e-27 2.58945e-27 3.33998e-26 6.50575e-20 1.59481e-14 4.7257e-10 1.69266e-06 0.000732859 0.0383552 0.242646 0.186006 0.0456764 0.216981 0.199782 0.0339006 0.0269928 0.00770548 0.00100788 0.000192792 1.8022e-05 1.3805e-06 5.84209e-08 1.81605e-09 3.54929e-11 3.34537e-13
 2.56126e-27 2.58276e-27 2.76686e-26 5.29678e-20 1.29844e-14 3.84751e-10 1.37811e-06 0.000596671 0.0312276 0.197555 0.151577 0.0457812 0.241968 0.223245 0.0454017 0.0472908 0.0134557 0.00158479 0.000287927 2.45619e-05 1.93059e-06 8.93039e-08 2.21653e-09 3.06733e-11 2.27935e-13
 2.5627e-27 2.58667e-27 3.11472e-26 6.03063e-20 1.47834e-14 4.38058e-10 1.56905e-06 0.000679338 0.0355541 0.224926 0.172458 0.044585 0.218195 0.201335 0.0420304 0.0451294 0.01298 0.00176759 0.000332749 2.53107e-05 1.81102e-06 7.91264e-08 2.09415e-09 2.57948e-11 1.36674e-13
 2.56367e-27 2.5892e-27 3.32767e-26 6.47982e-20 1.58845e-14 4.70686e-10 1.68592e-06 0.000729939 0.0382024 0.241679 0.185255 0.044861 0.211304 0.194749 0.0367437 0.0347412 0.0100085 0.00142287 0.000275983 2.37524e-05 1.72734e-06 6.67077e-08 1.62422e-09 2.02391e-11 1.01015e-13
 2.56416e-27 2.59047e-27 3.4334e-26 6.70284e-20 1.64312e-14 4.86886e-10 1.74394e-06 0.000755061 0.0395172 0.249997 0.19161 0.0451111 0.208742 0.192251 0.0338806 0.0288371 0.00816921 0.000940989 0.000170597 1.51812e-05 1.17377e-06 4.99473e-08 1.1428e-09 1.27921e-11 6.21883e-14
 2.56439e-27 2.59113e-27 3.49653e-26 6.83604e-20 1.67577e-14 4.96562e-10 1.7786e-06 0.000770066 0.0403025 0.254965 0.195395 0.0445618 0.201902 0.186028 0.0343794 0.031538 0.00894002 0.00102076 0.00018029 1.35602e-05 9.82044e-07 4.39078e-08 1.09618e-09 1.23358e-11 5.43874e-14
 2.56394e-27 2.5898e-27 3.36765e-26 6.56411e-20 1.60911e-14 4.76808e-10 1.70785e-06 0.000739433 0.0386993 0.244823 0.187672 0.0459132 0.217613 0.200292 0.0326593 0.0240295 0.00674276 0.000691135 0.000116101 8.41645e-06 5.60474e-07 2.14814e-08 5.33307e-10 6.46114e-12 2.95797e-14
 2.56607e-27 2.59559e-27 3.88248e-26 7.6502e-20 1.87535e-14 5.55701e-10 1.99043e-06 0.000861779 0.0451024 0.28533 0.218575 0.0441843 0.182743 0.168158 0.0277612 0.0209474 0.005805 0.000458882 6.5739e-05 4.30072e-06 2.66351e-07 9.55219e-09 2.07461e-10 2.33846e-12 1.1236e-14
 2.56597e-27 2.59531e-27 3.8545e-26 7.59116e-20 1.86088e-14 5.51412e-10 1.97507e-06 0.000855128 0.0447543 0.283128 0.216899 0.0445219 0.18649 0.171551 0.0271973 0.0188124 0.00523782 0.000473878 7.24656e-05 3.86409e-06 1.96687e-07 6.2901e-09 1.26567e-10 1.27306e-12 5.53123e-15
 2.56587e-27 2.59503e-27 3.8289e-26 7.53714e-20 1.84764e-14 5.47489e-10 1.96101e-06 0.000849044 0.0444359 0.281114 0.215364 0.0446802 0.188773 0.17364 0.0272294 0.0183584 0.00508134 0.000410152 5.90415e-05 3.49289e-06 1.83597e-07 4.64767e-09 7.84934e-11 7.10071e-13 2.78223e-15
 2.56693e-27 2.59791e-27 4.08502e-26 8.07746e-20 1.98009e-14 5.86737e-10 2.10159e-06 0.000909909 0.0476214 0.301266 0.230737 0.0437936 0.171225 0.157473 0.0248466 0.0169959 0.0047014 0.000371786 5.23197e-05 2.81661e-06 1.40696e-07 3.90352e-09 6.01202e-11 4.33055e-13 1.47426e-15
 2.56664e-27 2.59706e-27 4.00344e-26 7.90533e-20 1.9379e-14 5.74234e-10 2.05681e-06 0.00089052 0.0466066 0.294846 0.225848 0.0445615 0.180504 0.165907 0.0240098 0.0129692 0.00355745 0.000261178 3.46968e-05 1.81223e-06 8.58089e-08 2.16023e-09 3.36187e-11 2.42834e-13 6.86662e-16
 2.5651e-27 2.59288e-27 3.63335e-26 7.1246e-20 1.74651e-14 5.17522e-10 1.85368e-06 0.000802571 0.0420037 0.265727 0.203631 0.0457021 0.204793 0.188319 0.0279479 0.0163015 0.00445476 0.000281202 3.23635e-05 1.58566e-06 7.00494e-08 1.68342e-09 2.42468e-11 1.66228e-13 4.75589e-16
 2.56467e-27 2.59169e-27 3.52503e-26 6.89608e-20 1.69049e-14 5.00923e-10 1.79422e-06 0.000776829 0.0406564 0.257204 0.197132 0.0462622 0.213622 0.19641 0.0283539 0.0151913 0.00412917 0.000235643 2.38272e-05 1.01052e-06 3.66596e-08 8.04867e-10 1.08566e-11 6.95412e-14 1.85688e-16
 2.56497e-27 2.59251e-27 3.60015e-26 7.05457e-20 1.72934e-14 5.12435e-10 1.83546e-06 0.000794682 0.0415908 0.263115 0.201639 0.0458404 0.207246 0.190574 0.0281966 0.0162999 0.00443395 0.000244147 2.3384e-05 9.16037e-07 2.82634e-08 5.11682e-10 5.83528e-12 3.41191e-14 8.50887e-17
#obs surv len freq
 1.08484e-41 1.50568e-33 2.52609e-26 5.12286e-20 1.25581e-14 3.72119e-10 1.33287e-06 0.000577088 0.0302025 0.19107 0.146609 0.0401747 0.173361 0.146704 0.10393 0.101796 0.0440034 0.0171903 0.00386984 0.000485906 2.50255e-05 3.82883e-07 1.30622e-09 8.08503e-13 7.94964e-17
 1.60384e-41 2.22603e-33 3.73462e-26 7.57373e-20 1.85661e-14 5.50148e-10 1.97054e-06 0.000853176 0.0446518 0.282481 0.216425 0.0406594 0.12654 0.102146 0.0760385 0.0687806 0.0288547 0.0102747 0.0020629 0.000221167 9.26864e-06 1.09451e-07 2.7694e-10 1.24183e-13 8.73287e-18
 1.53459e-41 2.12991e-33 3.57337e-26 7.24672e-20 1.77645e-14 5.26394e-10 1.88546e-06 0.000816338 0.0427239 0.270285 0.207342 0.050025 0.176927 0.128963 0.0565311 0.0426536 0.0171386 0.00552199 0.000980019 8.8068e-05 2.94908e-06 2.66755e-08 4.99962e-11 1.62368e-14 8.16181e-19
 1.0773e-41 1.49521e-33 2.50853e-26 5.08725e-20 1.24708e-14 3.69533e-10 1.32361e-06 0.000573076 0.0299925 0.189743 0.146071 0.056427 0.229845 0.162854 0.098108 0.0659195 0.0159502 0.00387378 0.000595386 4.43018e-05 1.16611e-06 7.9715e-09 1.10048e-11 2.58701e-15 9.30387e-20
 1.50403e-41 2.08749e-33 3.5022e-26 7.1024e-20 1.74107e-14 5.1591e-10 1.84791e-06 0.00080008 0.041873 0.264902 0.203267 0.0472968 0.14251 0.104275 0.103638 0.0687672 0.0188298 0.00349658 0.000323996 1.81847e-05 3.70352e-07 1.8906e-09 1.90423e-12 3.22412e-16 8.2851e-21
 1.19856e-41 1.66352e-33 2.7909e-26 5.65989e-20 1.38745e-14 4.11128e-10 1.47259e-06 0.000637583 0.0333685 0.211103 0.162742 0.064986 0.231334 0.144127 0.0786787 0.0498937 0.019095 0.00373081 0.000293034 1.00031e-05 1.35211e-07 5.00494e-10 3.64453e-13 4.41388e-17 8.06481e-22
 1.37387e-41 1.90684e-33 3.19911e-26 6.48773e-20 1.59039e-14 4.71262e-10 1.68798e-06 0.000730839 0.0382492 0.241979 0.186192 0.0577785 0.1746 0.116524 0.110475 0.0575125 0.0131474 0.00257275 0.000230626 6.61139e-06 5.62287e-08 1.29508e-10 6.42971e-14 5.48681e-18 7.08463e-23
 1.19392e-41 1.65708e-33 2.7801e-26 5.63798e-20 1.38208e-14 4.09537e-10 1.46689e-06 0.000635115 0.0332394 0.210288 0.162562 0.0721784 0.226959 0.133235 0.0938977 0.0497186 0.0150126 0.00212715 0.000141647 3.99712e-06 2.85905e-08 4.36543e-11 1.33186e-14 7.32342e-19 6.41721e-24
 1.51308e-41 2.10006e-33 3.52329e-26 7.14516e-20 1.75155e-14 5.19017e-10 1.85903e-06 0.000804898 0.0421251 0.266501 0.205308 0.0644231 0.167016 0.104058 0.0963826 0.0422743 0.00962317 0.0013965 8.24917e-05 1.66219e-06 9.89473e-09 1.24399e-11 2.71049e-15 9.59285e-20 5.30144e-25
 1.52053e-41 2.11039e-33 3.54062e-26 7.18031e-20 1.76017e-14 5.2157e-10 1.86818e-06 0.000808857 0.0423324 0.267816 0.206931 0.077949 0.198328 0.103586 0.0660552 0.0283469 0.00701634 0.000789467 3.8419e-05 6.58164e-07 2.85978e-09 2.68434e-12 4.57516e-16 1.22046e-20 4.72965e-26
 1.09652e-41 1.5219e-33 2.5533e-26 5.17805e-20 1.26934e-14 3.76128e-10 1.34723e-06 0.000583304 0.0305278 0.193143 0.150976 0.0969834 0.257532 0.136091 0.0957646 0.0321714 0.00561622 0.000585467 2.41746e-05 3.15852e-07 1.07401e-09 7.44626e-13 9.06091e-17 1.76803e-21 5.11298e-27
 1.66533e-41 2.31136e-33 3.87779e-26 7.86409e-20 1.92779e-14 5.71239e-10 2.04609e-06 0.000885884 0.0463637 0.293321 0.226476 0.0712811 0.144805 0.093996 0.0894103 0.0285206 0.00459027 0.000338369 1.04106e-05 1.09318e-07 2.77937e-10 1.42164e-13 1.26836e-17 1.76942e-22 3.61592e-28
 1.33492e-41 1.85278e-33 3.10842e-26 6.30381e-20 1.5453e-14 4.57902e-10 1.64013e-06 0.00071012 0.0371648 0.23514 0.184228 0.110521 0.242925 0.106828 0.0576993 0.0204878 0.00401842 0.000268482 6.1869e-06 4.48015e-08 8.35934e-11 3.1462e-14 2.02151e-18 2.02407e-23 2.96368e-29
 1.11774e-41 1.55136e-33 2.60272e-26 5.27827e-20 1.2939e-14 3.83408e-10 1.3733e-06 0.000594593 0.0311187 0.196897 0.155624 0.112046 0.235563 0.13771 0.103497 0.0238251 0.00291528 0.000202366 4.53724e-06 2.52836e-08 3.2231e-11 8.33184e-15 3.79807e-19 2.7151e-24 2.82285e-30
 8.75748e-42 1.21548e-33 2.03922e-26 4.1355e-20 1.01377e-14 3.00398e-10 1.07598e-06 0.000465861 0.0243814 0.154287 0.12434 0.123299 0.248976 0.159959 0.124752 0.0346706 0.00465952 0.0002048 3.4772e-06 1.75347e-08 1.80083e-11 3.30307e-15 1.0182e-19 4.95551e-25 3.57881e-31
 1.41418e-41 1.96279e-33 3.29298e-26 6.6781e-20 1.63706e-14 4.8509e-10 1.73751e-06 0.000752283 0.0393716 0.249111 0.195279 0.0945652 0.159788 0.126439 0.101642 0.0287577 0.00409676 0.000192273 2.56954e-06 8.79698e-09 7.02272e-12 1.03577e-15 2.40712e-20 8.27492e-26 4.08209e-32
 9.73622e-42 1.35132e-33 2.26713e-26 4.59769e-20 1.12707e-14 3.33971e-10 1.19623e-06 0.000517926 0.0271063 0.171568 0.141489 0.162367 0.273236 0.126275 0.0720499 0.0220743 0.00316718 0.000147347 1.92892e-06 5.57998e-09 3.1481e-12 3.2374e-16 5.585e-21 1.46006e-26 5.37286e-33
 1.4356e-41 1.99252e-33 3.34286e-26 6.77925e-20 1.66185e-14 4.92437e-10 1.76383e-06 0.000763678 0.0399679 0.25291 0.200173 0.10781 0.16121 0.136105 0.0841098 0.0152283 0.00164461 7.43634e-05 9.1325e-07 2.39857e-09 1.14952e-12 9.01542e-17 1.09278e-21 1.97773e-27 5.16868e-34
 1.00219e-41 1.39098e-33 2.33365e-26 4.7326e-20 1.16014e-14 3.43771e-10 1.23133e-06 0.000533124 0.0279018 0.176659 0.149324 0.183396 0.260991 0.121286 0.0624577 0.0159271 0.00147962 4.29624e-05 4.2506e-07 9.75525e-10 3.99723e-13 2.59972e-17 2.50232e-22 3.40625e-28 6.37928e-35
 1.289e-41 1.78905e-33 3.0015e-26 6.08698e-20 1.49215e-14 4.42152e-10 1.58372e-06 0.000685694 0.0358867 0.227149 0.184367 0.132601 0.181558 0.151937 0.0736663 0.0111854 0.000934894 2.66483e-05 1.86702e-07 3.01319e-10 9.6743e-14 5.08711e-18 3.92691e-23 4.22029e-29 6.12127e-36
 1.41283e-41 1.96091e-33 3.28984e-26 6.67172e-20 1.63549e-14 4.84627e-10 1.73585e-06 0.000751565 0.0393342 0.249018 0.204796 0.159267 0.187344 0.101519 0.0476632 0.00965057 0.000642011 1.29267e-05 7.67928e-08 9.55601e-11 2.12222e-14 7.89029e-19 4.54038e-24 3.73679e-30 4.17095e-37
 1.12801e-41 1.5656e-33 2.62662e-26 5.32672e-20 1.30578e-14 3.86928e-10 1.38591e-06 0.000600052 0.0314048 0.198957 0.172601 0.196701 0.225408 0.122817 0.0446594 0.00641891 0.000422514 7.98653e-06 3.45732e-08 3.18463e-11 5.4197e-15 1.46752e-19 5.87488e-25 3.36116e-31 2.67108e-38
 1.37751e-41 1.91189e-33 3.20759e-26 6.50492e-20 1.59461e-14 4.72511e-10 1.69246e-06 0.000732775 0.038351 0.242888 0.203373 0.160419 0.179033 0.126036 0.0436684 0.00524808 0.00024554 3.6596e-06 1.37645e-08 9.88189e-12 1.20487e-15 2.35486e-20 6.91272e-26 2.86566e-32 1.6112e-39
 1.35878e-41 1.8859e-33 3.16398e-26 6.41649e-20 1.57293e-14 4.66087e-10 1.66945e-06 0.000722814 0.03783 0.239734 0.207552 0.194072 0.187929 0.0962765 0.0316546 0.00406395 0.000162448 1.74942e-06 4.7098e-09 2.62024e-12 2.50508e-16 3.64962e-21 7.65759e-27 2.24867e-33 9.02782e-41
 1.18693e-41 1.64738e-33 2.76381e-26 5.60496e-20 1.37399e-14 4.07138e-10 1.4583e-06 0.000631395 0.033046 0.209622 0.190345 0.214371 0.206962 0.112648 0.0294113 0.00285633 0.00010373 9.84202e-07 1.9897e-09 7.71645e-13 5.24314e-17 5.64952e-22 8.89013e-28 1.93215e-34 5.61204e-42
 1.06564e-41 1.47903e-33 2.48138e-26 5.0322e-20 1.23358e-14 3.65533e-10 1.30928e-06 0.000566874 0.0296697 0.188414 0.178394 0.221124 0.217276 0.129511 0.032212 0.00275511 7.46468e-05 5.49422e-07 9.13125e-10 2.75549e-13 1.34734e-17 1.00822e-22 1.10673e-28 1.71235e-35 3.60432e-43
 1.04753e-41 1.45391e-33 2.43923e-26 4.94671e-20 1.21263e-14 3.59324e-10 1.28704e-06 0.000557244 0.0291664 0.185386 0.179433 0.221344 0.216962 0.132278 0.0321465 0.00266351 6.21917e-05 3.50493e-07 4.24718e-10 9.64756e-14 3.61277e-18 2.0231e-23 1.60185e-29 1.73983e-36 2.54298e-44
 1.26957e-41 1.76208e-33 2.95626e-26 5.99524e-20 1.46966e-14 4.35488e-10 1.55985e-06 0.00067536 0.0353478 0.224388 0.204779 0.199932 0.1924 0.113063 0.0271323 0.00223065 5.08169e-05 2.64897e-07 2.72727e-10 4.95971e-14 1.47085e-18 6.64328e-24 4.31574e-30 3.85596e-37 4.59126e-45
#pred catch len freq
 2.55462e-27 2.56581e-27 1.39175e-26 2.39635e-20 5.87436e-15 1.74068e-10 6.23481e-07 0.000269944 0.0141279 0.0893777 0.0688763 0.0396035 0.253054 0.2346 0.0671327 0.0947886 0.040103 0.0298944 0.0178968 0.0132733 0.0101835 0.00863045 0.00849267 0.00743546 0.00225916
 2.55894e-27 2.57745e-27 2.39621e-26 4.51524e-20 1.10686e-14 3.27982e-10 1.17478e-06 0.000508633 0.02662 0.168406 0.129206 0.0386292 0.203259 0.189164 0.0689168 0.109759 0.0363449 0.013661 0.00593022 0.00328911 0.00204804 0.00148017 0.00128478 0.00112018 0.000372313
 2.56139e-27 2.5834e-27 2.85138e-26 5.47517e-20 1.34217e-14 3.9771e-10 1.42453e-06 0.000616767 0.0322794 0.204209 0.15662 0.0433997 0.220301 0.203541 0.0470671 0.0563238 0.0204111 0.0103143 0.00314387 0.000900948 0.000368217 0.000201463 0.000143852 0.000117158 4.02276e-05
 2.55998e-27 2.57946e-27 2.49122e-26 4.71536e-20 1.15591e-14 3.42518e-10 1.22684e-06 0.000531176 0.0277998 0.17587 0.135011 0.0453096 0.250018 0.230892 0.0506784 0.0575084 0.0182123 0.00553006 0.00185944 0.00058553 0.000122205 3.613e-05 1.80467e-05 1.25417e-05 4.24896e-06
 2.56011e-27 2.57993e-27 2.54465e-26 4.82812e-20 1.18356e-14 3.50709e-10 1.25618e-06 0.000543878 0.0284646 0.180076 0.138203 0.0440981 0.238556 0.220591 0.053865 0.0673492 0.0208834 0.00550255 0.00146062 0.000316951 7.23066e-05 1.23447e-05 2.78214e-06 1.36028e-06 4.29625e-07
 2.56114e-27 2.58263e-27 2.77426e-26 5.31245e-20 1.30228e-14 3.8589e-10 1.38219e-06 0.000598436 0.03132 0.19814 0.151999 0.0442728 0.230193 0.212657 0.04853 0.0571967 0.018079 0.00534187 0.00138088 0.000245689 3.83588e-05 5.69165e-06 6.86933e-07 1.43105e-07 3.71334e-08
 2.56121e-27 2.58271e-27 2.7712e-26 5.30596e-20 1.30069e-14 3.85418e-10 1.3805e-06 0.000597705 0.0312817 0.197897 0.151828 0.0451036 0.236636 0.218424 0.0463281 0.0506969 0.0157083 0.00415847 0.00109483 0.000211691 2.94388e-05 3.06616e-06 2.6565e-07 2.20272e-08 3.12402e-09
 2.56142e-27 2.5833e-27 2.8246e-26 5.41862e-20 1.32831e-14 3.93602e-10 1.40982e-06 0.000610397 0.031946 0.2021 0.155032 0.0448081 0.232135 0.214316 0.0464136 0.0519101 0.0158311 0.00375908 0.000943248 0.000167743 2.44467e-05 2.44747e-06 1.51278e-07 6.98801e-09 3.55834e-10
 2.56252e-27 2.58622e-27 3.0767e-26 5.95043e-20 1.45868e-14 4.32232e-10 1.54818e-06 0.000670304 0.0350813 0.221934 0.170174 0.044606 0.219959 0.202948 0.042026 0.044764 0.0136503 0.00324839 0.000792077 0.000126553 1.70062e-05 1.67205e-06 1.00409e-07 3.25362e-09 6.91671e-11
 2.56473e-27 2.59208e-27 3.58192e-26 7.01618e-20 1.71993e-14 5.09647e-10 1.82547e-06 0.000790358 0.0413645 0.261684 0.20052 0.0442375 0.195834 0.180422 0.0332518 0.0304093 0.00908356 0.00187649 0.000445754 7.01275e-05 8.76632e-06 7.74755e-07 4.43004e-08 1.35402e-09 1.86878e-11
 2.56335e-27 2.58818e-27 3.22242e-26 6.25773e-20 1.53401e-14 4.54554e-10 1.62813e-06 0.00070492 0.036893 0.233396 0.178955 0.0464629 0.22792 0.209767 0.033673 0.0239688 0.00692061 0.00107154 0.000230516 3.16365e-05 3.80492e-06 3.1877e-07 1.63486e-08 4.65959e-10 5.82018e-12
 2.56391e-27 2.58978e-27 3.3726e-26 6.57458e-20 1.61168e-14 4.77569e-10 1.71057e-06 0.000740613 0.038761 0.245213 0.187961 0.0453206 0.2129 0.196082 0.0344506 0.0291717 0.00825881 0.000943947 0.000174548 1.82885e-05 1.87981e-06 1.41904e-07 6.87388e-09 1.77012e-10 2.03132e-12
 2.5656e-27 2.59433e-27 3.77187e-26 7.41686e-20 1.81815e-14 5.38752e-10 1.92972e-06 0.000835494 0.0437268 0.276628 0.211934 0.0444468 0.189407 0.174316 0.0290098 0.0222562 0.00637579 0.000880253 0.000167112 1.32306e-05 1.05722e-06 6.15458e-08 2.58001e-09 6.13822e-11 6.40336e-13
 2.56304e-27 2.58731e-27 3.14296e-26 6.09009e-20 1.49291e-14 4.42376e-10 1.58452e-06 0.000686036 0.0359046 0.227143 0.174189 0.0469604 0.235055 0.216294 0.0338002 0.022609 0.0064058 0.000789428 0.000147741 1.36865e-05 1.04444e-06 4.41432e-08 1.37163e-09 2.68046e-11 2.52642e-13
 2.56124e-27 2.58255e-27 2.73314e-26 5.2256e-20 1.28099e-14 3.79581e-10 1.3596e-06 0.000588653 0.030808 0.1949 0.149571 0.0471292 0.253635 0.233707 0.0417356 0.0363048 0.0102629 0.00113656 0.000201247 1.70103e-05 1.33118e-06 6.15002e-08 1.52588e-09 2.11133e-11 1.5689e-13
 2.56262e-27 2.58633e-27 3.07113e-26 5.93862e-20 1.45578e-14 4.31374e-10 1.54511e-06 0.000668973 0.0350117 0.221494 0.169858 0.0458861 0.229922 0.211873 0.038752 0.0350048 0.0099964 0.00127711 0.000235206 1.7736e-05 1.26291e-06 5.51061e-08 1.45784e-09 1.79553e-11 9.51333e-14
 2.56378e-27 2.58938e-27 3.33217e-26 6.48927e-20 1.59077e-14 4.71372e-10 1.68838e-06 0.000731003 0.038258 0.242031 0.185539 0.0458303 0.21848 0.201134 0.0335543 0.0258646 0.00738887 0.000983033 0.000186561 1.59097e-05 1.15209e-06 4.44339e-08 1.0814e-09 1.34736e-11 6.72463e-14
 2.56361e-27 2.5889e-27 3.2861e-26 6.39208e-20 1.56694e-14 4.64313e-10 1.66309e-06 0.000720054 0.037685 0.238406 0.182779 0.0462896 0.223915 0.206074 0.0330884 0.0235541 0.00662769 0.000720252 0.000127339 1.12292e-05 8.64699e-07 3.67499e-08 8.40512e-10 9.40729e-12 4.57318e-14
 2.56457e-27 2.59153e-27 3.52097e-26 6.88755e-20 1.6884e-14 5.00303e-10 1.792e-06 0.000775868 0.0406061 0.256886 0.196875 0.0453786 0.207079 0.190587 0.0312306 0.0232163 0.00653319 0.000700959 0.000120521 8.98413e-06 6.47411e-07 2.89081e-08 7.21429e-10 8.11767e-12 3.5789e-14
 2.56427e-27 2.59062e-27 3.43212e-26 6.70008e-20 1.64244e-14 4.86686e-10 1.74323e-06 0.000754751 0.0395009 0.249894 0.191552 0.0464186 0.218732 0.201152 0.0296837 0.0170339 0.0047389 0.000457043 7.44659e-05 5.34983e-06 3.54449e-07 1.35663e-08 3.36647e-10 4.07811e-12 1.86695e-14
 2.56584e-27 2.59492e-27 3.81618e-26 7.51031e-20 1.84106e-14 5.45539e-10 1.95403e-06 0.000846021 0.0442777 0.280113 0.214604 0.0449661 0.191483 0.176079 0.0265594 0.0162183 0.00446595 0.000335825 4.63512e-05 3.00608e-06 1.85158e-07 6.63109e-09 1.43951e-10 1.62238e-12 7.79512e-15
 2.56589e-27 2.59502e-27 3.82267e-26 7.52398e-20 1.84441e-14 5.46533e-10 1.95759e-06 0.000847561 0.0443583 0.280623 0.214996 0.0451568 0.192659 0.177111 0.0257735 0.0141707 0.00391492 0.000335175 4.95978e-05 2.62503e-06 1.32729e-07 4.23814e-09 8.52341e-11 8.57199e-13 3.72426e-15
 2.56569e-27 2.59448e-27 3.7742e-26 7.42174e-20 1.81935e-14 5.39106e-10 1.93099e-06 0.000836044 0.0437555 0.27681 0.212088 0.0453694 0.196319 0.180474 0.0260931 0.014052 0.0038611 0.000296186 4.11071e-05 2.41207e-06 1.26045e-07 3.18622e-09 5.37761e-11 4.86397e-13 1.90575e-15
 2.56709e-27 2.59829e-27 4.11296e-26 8.13638e-20 1.99453e-14 5.91016e-10 2.11692e-06 0.000916546 0.0479687 0.303463 0.232422 0.0441912 0.173068 0.159054 0.0229567 0.0122942 0.00337466 0.000253397 3.43173e-05 1.83303e-06 9.09617e-08 2.51985e-09 3.87875e-11 2.79345e-13 9.5094e-16
 2.56655e-27 2.59677e-27 3.97319e-26 7.84151e-20 1.92225e-14 5.69597e-10 2.0402e-06 0.000883329 0.0462303 0.292466 0.224037 0.0450337 0.185369 0.170302 0.0230773 0.0097404 0.00264789 0.000185313 2.36474e-05 1.22563e-06 5.76484e-08 1.44909e-09 2.25371e-11 1.62763e-13 4.60226e-16
 2.5659e-27 2.59501e-27 3.81727e-26 7.51257e-20 1.84162e-14 5.45704e-10 1.95462e-06 0.000846276 0.044291 0.280197 0.214678 0.0455694 0.196022 0.180118 0.0245579 0.0106436 0.00288073 0.000173885 1.90321e-05 9.24938e-07 4.05639e-08 9.73256e-10 1.40087e-11 9.60223e-14 2.74712e-16
 2.56539e-27 2.59358e-27 3.68788e-26 7.23961e-20 1.7747e-14 5.25876e-10 1.8836e-06 0.000815527 0.0426817 0.270017 0.206914 0.0461569 0.205948 0.18923 0.025307 0.0100584 0.00270644 0.000148496 1.42149e-05 5.98362e-07 2.15292e-08 4.71824e-10 6.3597e-12 4.07291e-14 1.08748e-16
 2.56523e-27 2.59317e-27 3.65265e-26 7.1653e-20 1.75649e-14 5.20478e-10 1.86427e-06 0.000807156 0.0422436 0.267245 0.204797 0.0461388 0.207297 0.190507 0.0261063 0.0115571 0.00311778 0.000165574 1.5014e-05 5.84131e-07 1.78688e-08 3.22886e-10 3.67909e-12 2.15073e-14 5.36332e-17
#obs catch len freq
 5.02396e-42 6.97293e-34 1.16985e-26 2.37244e-20 5.81576e-15 1.72331e-10 6.17263e-07 0.000267254 0.013987 0.088487 0.068294 0.039989 0.219191 0.187006 0.14341 0.142859 0.0639136 0.0257479 0.00602103 0.000783048 4.20933e-05 6.74042e-07 2.39619e-09 1.53587e-12 1.55553e-16
 5.72525e-42 7.94627e-34 1.33315e-26 2.70361e-20 6.62757e-15 1.96387e-10 7.03426e-07 0.000304559 0.0159394 0.100839 0.0778358 0.0436898 0.223298 0.181686 0.143244 0.131117 0.0564466 0.0207231 0.00436521 0.000489849 2.13952e-05 2.6312e-07 6.92034e-10 3.2108e-13 2.32438e-17
 1.08227e-41 1.50212e-33 2.52012e-26 5.11075e-20 1.25284e-14 3.71239e-10 1.32972e-06 0.000575722 0.030131 0.190619 0.146437 0.0451419 0.181297 0.140598 0.113859 0.0956649 0.0397529 0.0132174 0.00246411 0.000234031 8.23556e-06 7.75431e-08 1.50496e-10 5.04388e-14 2.60722e-18
 1.11416e-41 1.54639e-33 2.59439e-26 5.26136e-20 1.28976e-14 3.8218e-10 1.36891e-06 0.000592689 0.031019 0.196237 0.151072 0.0584416 0.238066 0.16438 0.0768031 0.0543204 0.0214991 0.00643113 0.00105072 8.28751e-05 2.30968e-06 1.65394e-08 2.36645e-11 5.72839e-15 2.11342e-19
 7.88228e-42 1.09401e-33 1.83543e-26 3.72221e-20 9.12456e-15 2.70377e-10 9.68448e-07 0.000419304 0.0219447 0.138832 0.1075 0.0647338 0.273257 0.184234 0.116524 0.0713175 0.0168109 0.00384958 0.000540723 3.4978e-05 7.5965e-07 4.0855e-09 4.28781e-12 7.49398e-16 1.97521e-20
 1.25906e-41 1.74749e-33 2.93177e-26 5.94558e-20 1.45749e-14 4.31881e-10 1.54693e-06 0.000669766 0.0350529 0.221757 0.170556 0.0530209 0.173018 0.122423 0.124812 0.0751884 0.0198585 0.00334157 0.000285648 1.3973e-05 2.33012e-07 9.30454e-10 7.099e-13 8.91593e-17 1.67679e-21
 1.03234e-41 1.43282e-33 2.40386e-26 4.87498e-20 1.19504e-14 3.54113e-10 1.26838e-06 0.000549163 0.028741 0.181829 0.140768 0.0737932 0.260817 0.153968 0.0864042 0.051021 0.0186272 0.0032469 0.000226966 6.70226e-06 7.47138e-08 2.15754e-10 1.18642e-13 1.06376e-17 1.42071e-22
 1.2734e-41 1.76739e-33 2.96517e-26 6.01331e-20 1.47409e-14 4.368e-10 1.56455e-06 0.000677395 0.0354522 0.224286 0.172991 0.0641859 0.191837 0.123836 0.117185 0.0550221 0.012172 0.0021805 0.00016977 4.08169e-06 2.83055e-08 5.11137e-11 1.918e-14 1.21021e-18 1.14103e-23
 1.14907e-41 1.59483e-33 2.67566e-26 5.42618e-20 1.33016e-14 3.94152e-10 1.41179e-06 0.000611256 0.0319907 0.202391 0.15694 0.0797105 0.238864 0.134078 0.0944639 0.0461439 0.0130586 0.00164731 9.79251e-05 2.29653e-06 1.30846e-08 1.55127e-11 3.58355e-15 1.45937e-19 9.33378e-25
 1.51474e-41 2.10236e-33 3.52715e-26 7.15299e-20 1.75347e-14 5.19585e-10 1.86107e-06 0.000805779 0.0421713 0.266795 0.205852 0.0696089 0.171266 0.103654 0.0934925 0.0372126 0.00804258 0.0010432 5.31035e-05 8.93984e-07 4.23948e-09 4.09061e-12 6.70631e-16 1.75888e-20 7.10832e-26
 1.5512e-41 2.15297e-33 3.61205e-26 7.32516e-20 1.79568e-14 5.32092e-10 1.90587e-06 0.000825175 0.0431864 0.273221 0.211449 0.0832355 0.197325 0.0985502 0.0616738 0.0243766 0.00557739 0.000555051 2.34454e-05 3.29657e-07 1.13413e-09 8.17322e-13 1.04378e-16 2.05671e-21 5.83281e-27
 1.1535e-41 1.60098e-33 2.68597e-26 5.44709e-20 1.33529e-14 3.95671e-10 1.41723e-06 0.000613611 0.032114 0.203182 0.159214 0.103723 0.253366 0.129122 0.08737 0.0265414 0.00433842 0.000400044 1.40526e-05 1.50443e-07 4.02463e-10 2.12951e-13 1.93861e-17 2.78868e-22 5.88756e-28
 1.72548e-41 2.39485e-33 4.01786e-26 8.14815e-20 1.99742e-14 5.91873e-10 2.11999e-06 0.000917883 0.0480383 0.303918 0.234919 0.0748904 0.140512 0.0901548 0.0799316 0.0230901 0.00340045 0.000219456 5.78637e-06 4.93109e-08 9.80716e-11 3.81813e-14 2.54088e-18 2.60908e-23 3.88856e-29
 1.398e-41 1.94033e-33 3.2553e-26 6.60168e-20 1.61832e-14 4.79539e-10 1.71763e-06 0.000743675 0.038921 0.246257 0.19342 0.116464 0.234269 0.0986776 0.0512828 0.0168498 0.00294127 0.000169159 3.28473e-06 1.93106e-08 2.81413e-11 8.03033e-15 3.84064e-19 2.82629e-24 3.0148e-30
 1.18707e-41 1.64757e-33 2.76414e-26 5.60563e-20 1.37415e-14 4.07187e-10 1.45848e-06 0.00063147 0.0330487 0.209115 0.165798 0.118847 0.228935 0.131756 0.090823 0.0187919 0.00212255 0.000127288 2.34801e-06 1.0464e-08 1.03803e-11 2.03446e-15 6.89416e-20 3.61726e-25 2.73753e-31
 9.44724e-42 1.31121e-33 2.19983e-26 4.46122e-20 1.09362e-14 3.24058e-10 1.16072e-06 0.000502553 0.0263017 0.166448 0.134737 0.131646 0.243713 0.15501 0.110258 0.0279643 0.00329213 0.000124271 1.76747e-06 7.05705e-09 5.57266e-12 7.71513e-16 1.76708e-20 6.31019e-26 3.31404e-32
 1.50127e-41 2.08366e-33 3.49577e-26 7.08935e-20 1.73787e-14 5.14963e-10 1.84451e-06 0.000798611 0.0417962 0.26446 0.207705 0.0987114 0.153219 0.120502 0.087252 0.0226237 0.00281715 0.000111469 1.21592e-06 3.31203e-09 2.03376e-12 2.25068e-16 3.87275e-21 9.76483e-27 3.50554e-33
 1.04999e-41 1.45732e-33 2.44496e-26 4.95832e-20 1.21547e-14 3.60167e-10 1.29006e-06 0.000558552 0.0292325 0.185042 0.15338 0.170403 0.261453 0.117774 0.0623877 0.0175078 0.00217442 8.50297e-05 8.97263e-07 2.02969e-09 8.76148e-13 6.76336e-17 8.61953e-22 1.64807e-27 4.40933e-34
 1.52866e-41 2.12168e-33 3.55956e-26 7.21873e-20 1.76959e-14 5.24361e-10 1.87818e-06 0.000813185 0.0425589 0.269317 0.21361 0.111345 0.15346 0.127096 0.0692517 0.0114083 0.00109484 4.13621e-05 4.06139e-07 8.27045e-10 3.00446e-13 1.75922e-17 1.57375e-22 2.08175e-28 3.94655e-35
 1.08583e-41 1.50707e-33 2.52841e-26 5.12757e-20 1.25696e-14 3.72461e-10 1.3341e-06 0.000577618 0.0302305 0.191429 0.162644 0.190337 0.247147 0.111752 0.0528489 0.0120584 0.000950958 2.33124e-05 1.85489e-07 3.27995e-10 1.01239e-13 4.88948e-18 3.46064e-23 3.43948e-29 4.67655e-36
 1.38685e-41 1.92486e-33 3.22934e-26 6.54905e-20 1.60542e-14 4.75716e-10 1.70394e-06 0.000737746 0.0386109 0.244413 0.19893 0.136383 0.173074 0.139668 0.0594123 0.00816353 0.000591411 1.38011e-05 7.69199e-08 9.60684e-11 2.31922e-14 9.01746e-19 5.09916e-24 3.9895e-30 4.19354e-37
 1.50815e-41 2.09321e-33 3.5118e-26 7.12186e-20 1.74584e-14 5.17324e-10 1.85297e-06 0.000802273 0.0419881 0.265849 0.219273 0.161331 0.17377 0.0910693 0.0386436 0.00688049 0.000385068 6.42838e-06 3.01766e-08 2.87324e-11 4.79192e-15 1.31673e-19 5.53512e-25 3.3056e-31 2.66672e-38
 1.22157e-41 1.69547e-33 2.84449e-26 5.76858e-20 1.4141e-14 4.19023e-10 1.50087e-06 0.000649827 0.03401 0.215507 0.187725 0.200445 0.211365 0.10999 0.0354891 0.00456087 0.000253601 3.86998e-06 1.31644e-08 9.27838e-12 1.18025e-15 2.35631e-20 6.89069e-26 2.85814e-32 1.63748e-39
 1.47876e-41 2.05242e-33 3.44337e-26 6.98308e-20 1.71182e-14 5.07244e-10 1.81686e-06 0.00078664 0.0411703 0.260784 0.218902 0.161793 0.167793 0.11119 0.0338627 0.00357452 0.000140872 1.70631e-06 4.99423e-09 2.72045e-12 2.47529e-16 3.56099e-21 7.61993e-27 2.28896e-33 9.28669e-41
 1.45692e-41 2.02211e-33 3.39251e-26 6.87995e-20 1.68654e-14 4.99752e-10 1.79003e-06 0.000775022 0.0405627 0.25711 0.223202 0.194077 0.173128 0.0838295 0.0245062 0.00271634 8.98895e-05 7.80697e-07 1.63775e-09 6.89631e-13 4.897e-17 5.24083e-22 8.01359e-28 1.70374e-34 4.92784e-42
 1.28454e-41 1.78286e-33 2.99111e-26 6.06592e-20 1.48699e-14 4.40622e-10 1.57824e-06 0.000683322 0.0357641 0.226944 0.206666 0.215292 0.192835 0.097514 0.0223543 0.00188929 5.66789e-05 4.2734e-07 6.6775e-10 1.9573e-13 9.8667e-18 7.788e-23 8.90883e-29 1.40083e-35 2.93338e-43
 1.16223e-41 1.6131e-33 2.70631e-26 5.48833e-20 1.3454e-14 3.98667e-10 1.42796e-06 0.000618258 0.0323596 0.205594 0.195171 0.223089 0.204867 0.112095 0.0243807 0.00178338 3.97366e-05 2.32569e-07 2.96832e-10 6.73136e-14 2.43799e-18 1.33617e-23 1.06497e-29 1.18929e-36 1.80007e-44
 1.14483e-41 1.58895e-33 2.66579e-26 5.40617e-20 1.32526e-14 3.92699e-10 1.40658e-06 0.000609003 0.0318751 0.202494 0.191295 0.216255 0.209 0.11949 0.0269318 0.00200754 4.11182e-05 1.98405e-07 2.01553e-10 3.77924e-14 1.15747e-18 5.27225e-24 3.38056e-30 2.96139e-37 3.47876e-45
#spawning biomass
 19392.2 26609.6 48848.5 56115.5 76210.9 91892.4 116450 165567 180046 197821 238133 330527 346517 503760 409805 365427 347639 425644 344889 319988 410455 425321 464102 486531 552940 401263 404534 397520 395892 6281.22 6281.22 6281.22 6281.22 6281.22 6281.22 6281.22 6281.22 6281.22 6281.22 6281.22 6281.22 6281.22 6281.22 6281.22 6281.22 6281.22 6281.22 6281.22 6281.22 6281.22 6281.22 6281.22 6281.22 6281.22 6281.22 6281.22 6281.22 6281.22 6281.22 6281.22 6281.22 6281.22 6281.22 6281.22 6281.22 6281.22 6281.22 6281.22 6281.22 6281.22 6281.22 6281.22 6281.22 6281.22 6281.22 6281.22 6281.22 6281.22 6281.22 6281.22 6281.22 6281.22 6281.22 6281.22 6281.22 6281.22 6281.22 6281.22 6281.22 6281.22 6281.22 6281.22 6281.22 6281.22 6281.22 6281.22 6281.22 6281.22 6281.22 6281.22 6281.22 6281.22 6281.22 6281.22 6281.22 6281.22 6281.22 6281.22 6281.22 6281.22 6281.22 6281.22 6281.22 6281.22 6281.22 6281.22 6281.22 6281.22 6281.22 6281.22 6281.22 6281.22 6281.22 6281.22 6281.22 6281.22 6281.22 6281.22 0 0 0 0 0 0 0 0 0 0 0 0 0 0 0 0 0 0 0 0 0 0 0 0 0
