SBPRF35
0.274855
Curr Bio
304738
B35
473243
F35
0.361883
FOFL
0.244417
OFL
87012.6
Bzero
78530.1
#pred survey bio
 85884.6 79027.8 60700.9 47403.9 66359.3 99684.1 149674 200423 262148 304373 354907 349477 429523 397386 401475 432934 412768 405515 397818 432143 426448 429456 447444 449780 475291 440053 417606 468696 1.72086e+07 9.69646e+06 7.07647e+06 4.72465e+06 3.097e+06 2.09746e+06 1.52035e+06 1.19694e+06 1.01739e+06 917247 860549 827743 808272 796406 788985 784235 781157 779132 777783 776876 776262 775844 775560 775365 775231 775139 775076 775033 775003 774983 774969 774959 774953 774948 774945 774943 774941 774940 774939 774939 774939 774938 774938 774938 774938 774938 774938 774938 774938 774938 774938 774938 774938 774938 774938 774938 774938 774938 774938 774938 774938 774938 774938 774938 774938 774938 774938 774938 774938 774938 774938 774938 774938 774938 774938 774938 774938 774938 774938 774938 774938 774938 774938 774938 774938 774938 774938 774938 774938 774938 774938 774938 774938 774938 774938 774938 774938 774938 774938 774938 0 0 0 0 0 0 0 0 0 0 0 0 0 0 0 0 0 0 0 0 0 0 0 0 0
#obs survey bio
 78110.2 59029.1 41042.3 60443.6 94287.3 101105 159246 243552 335941 352237 346514 379843 362522 479942 435540 421677 320736 350658 383809 426079 405075 439250 475195 368427 496116 438847 361406 469356
#pred catch bio
 15090.1 16085.2 15036.3 11678.7 16806.9 27255.7 47347.5 60859.1 92845.4 104901 165649 135585 224702 195798 190373 230246 210217 195869 167352 199409 197300 192377 210148 207561 238742 216444 175735 206229 87012.6 115768 81914.4 52704.3 33160.6 21628.5 15300.5 11981.2 10290 9444.95 9028.09 8824.29 8725.25 8677.32 8654.19 8643.05 8637.7 8635.14 8633.92 8633.33 8633.05 8632.91 8632.85 8632.82 8632.8 8632.79 8632.79 8632.79 8632.79 8632.79 8632.79 8632.79 8632.79 8632.79 8632.79 8632.79 8632.79 8632.79 8632.79 8632.79 8632.79 8632.79 8632.79 8632.79 8632.79 8632.79 8632.79 8632.79 8632.79 8632.79 8632.79 8632.79 8632.79 8632.79 8632.79 8632.79 8632.79 8632.79 8632.79 8632.79 8632.79 8632.79 8632.79 8632.79 8632.79 8632.79 8632.79 8632.79 8632.79 8632.79 8632.79 8632.79 8632.79 8632.79 8632.79 8632.79 8632.79 8632.79 8632.79 8632.79 8632.79 8632.79 8632.79 8632.79 8632.79 8632.79 8632.79 8632.79 8632.79 8632.79 8632.79 8632.79 8632.79 8632.79 8632.79 8632.79 8632.79 8632.79 8632.79 8632.79 0 0 0 0 0 0 0 0 0 0 0 0 0 0 0 0 0 0 0 0 0 0 0 0 0
#obs catch bio
 12364.4 16631.8 16660.9 12125.1 16411.9 26376.2 45180.1 57465.1 89230.6 99812.5 163177 125779 241436 198446 186712 231424 226869 200191 166863 203002 193355 187155 202162 210920 236822 217514 178589 206634
#pred cpue bio
 84288.3 78374.6 60530 46536.4 63197.5 96006.4 143690 193101 252980 294060 342960 336035 412406 381608 385269 415018 395508 389258 383082 416410 410944 413217 430740 432621 456437 423881 401807 450751 1.65813e+07 9.68887e+06 7.06171e+06 4.70952e+06 3.08186e+06 2.08232e+06 1.50522e+06 1.1818e+06 1.00226e+06 902111 845413 812607 793137 781270 773850 769099 766022 763996 762647 761740 761126 760709 760424 760229 760095 760004 759941 759898 759868 759847 759833 759824 759817 759812 759809 759807 759806 759804 759804 759803 759803 759803 759803 759802 759802 759802 759802 759802 759802 759802 759802 759802 759802 759802 759802 759802 759802 759802 759802 759802 759802 759802 759802 759802 759802 759802 759802 759802 759802 759802 759802 759802 759802 759802 759802 759802 759802 759802 759802 759802 759802 759802 759802 759802 759802 759802 759802 759802 759802 759802 759802 759802 759802 759802 759802 759802 759802 759802 759802 759802 0 0 0 0 0 0 0 0 0 0 0 0 0 0 0 0 0 0 0 0 0 0 0 0 0
#obs cpue bio
 77607.8 70585 28258.2 60670 92710.5 110432 189549 192284 216837 282277 361001 449256 254938 328021 415996 412456 294322 496216 400121 395190 533778 452155 502301 387314 532270 393912 376370 512020
#pred surv len freq
 2.67621e-11 1.25876e-09 4.0997e-08 9.24585e-07 1.44387e-05 0.000156135 0.00116915 0.00606271 0.0217781 0.0542556 0.0941771 0.115954 0.107907 0.089906 0.0822328 0.080027 0.0727398 0.0618984 0.0518604 0.0430191 0.0353204 0.0291061 0.0236547 0.017671 0.0110897
 1.46191e-11 6.87614e-10 2.23951e-08 5.05067e-07 7.88738e-06 8.52923e-05 0.000638706 0.00331276 0.0119099 0.0297692 0.0523449 0.0676104 0.0730323 0.0816324 0.0983059 0.108512 0.102715 0.0887469 0.0748084 0.0615915 0.0489052 0.03765 0.027951 0.0191715 0.0112984
 6.49284e-12 3.05392e-10 9.94643e-09 2.24317e-07 3.50306e-06 3.78817e-05 0.000283687 0.00147165 0.0052945 0.0132703 0.0235833 0.0316364 0.0378938 0.0497545 0.0695291 0.0900888 0.106302 0.116656 0.116503 0.1038 0.0838567 0.0629334 0.0439806 0.0278789 0.0152414
 2.9808e-11 1.40203e-09 4.56631e-08 1.02981e-06 1.6082e-05 0.000173904 0.00130217 0.00675179 0.0242433 0.0602979 0.103988 0.124851 0.106076 0.0680133 0.0407933 0.0333477 0.0394462 0.0520768 0.0649457 0.0717186 0.0685281 0.0563566 0.0400156 0.0244611 0.0125959
 4.54204e-11 2.13636e-09 6.95799e-08 1.5692e-06 2.45053e-05 0.000264989 0.0019842 0.0102883 0.0369427 0.0918951 0.158555 0.190712 0.163031 0.105987 0.0623329 0.0401093 0.0270909 0.0181328 0.0146678 0.0157666 0.0176822 0.017239 0.013793 0.00890741 0.00459134
 3.66386e-11 1.7233e-09 5.61269e-08 1.2658e-06 1.97673e-05 0.000213756 0.00160061 0.0082999 0.0298118 0.0742441 0.128696 0.157613 0.143907 0.113773 0.0952712 0.0827901 0.0624593 0.0384556 0.0209187 0.0119674 0.00862837 0.00761005 0.00653541 0.00463637 0.00254791
 3.8717e-11 1.82106e-09 5.93108e-08 1.33761e-06 2.08886e-05 0.000225881 0.00169139 0.00877034 0.0314975 0.0784022 0.135631 0.164828 0.146452 0.107696 0.0819037 0.0697158 0.0579389 0.0438464 0.0302807 0.0186485 0.0102081 0.00551463 0.0033623 0.00215759 0.00120624
 3.65988e-11 1.72143e-09 5.60659e-08 1.26443e-06 1.97458e-05 0.000213524 0.00159886 0.00829072 0.0297772 0.0741418 0.128409 0.15675 0.14151 0.108725 0.0881062 0.0770443 0.0624881 0.0453047 0.0312663 0.020888 0.0128242 0.00695796 0.00339405 0.00157881 0.000709777
 3.58956e-11 1.68836e-09 5.49886e-08 1.24013e-06 1.93664e-05 0.000209421 0.00156814 0.00813142 0.0292051 0.0727173 0.125942 0.153741 0.138813 0.106765 0.0869452 0.0770686 0.0642149 0.0483632 0.0343823 0.0231853 0.0143867 0.00803611 0.00396611 0.00170289 0.000635948
 3.53536e-11 1.66287e-09 5.41585e-08 1.22141e-06 1.90741e-05 0.000206259 0.00154447 0.00800869 0.0287646 0.0716236 0.124069 0.151554 0.137159 0.10616 0.0872421 0.0777556 0.0649259 0.0491446 0.0354665 0.024545 0.0156859 0.0089851 0.00451009 0.00193509 0.000693833
 3.53303e-11 1.66177e-09 5.41227e-08 1.2206e-06 1.90614e-05 0.000206123 0.00154344 0.00800338 0.0287454 0.0715743 0.123974 0.151391 0.136864 0.105635 0.0865013 0.077053 0.0645827 0.0492503 0.0358738 0.0250971 0.0162938 0.00954595 0.00491479 0.00215263 0.000777214
 3.81176e-11 1.79287e-09 5.83925e-08 1.3169e-06 2.05652e-05 0.000222384 0.0016652 0.00863459 0.0310104 0.0771934 0.133566 0.162438 0.144705 0.107155 0.0821894 0.0697744 0.0570637 0.0427685 0.030765 0.0214578 0.01402 0.00832158 0.0043613 0.00194958 0.000717526
 3.85806e-11 1.81465e-09 5.91019e-08 1.3329e-06 2.08151e-05 0.000225086 0.00168543 0.00873951 0.0313874 0.0781338 0.135206 0.164496 0.146734 0.109025 0.0838863 0.0708078 0.0566846 0.0408502 0.0280379 0.0188481 0.0120607 0.00710762 0.0037393 0.0016909 0.000632092
 3.8266e-11 1.79985e-09 5.86199e-08 1.32202e-06 2.06453e-05 0.00022325 0.00167169 0.00866828 0.0311321 0.0775038 0.134153 0.163389 0.146305 0.109882 0.0859576 0.0732446 0.0584727 0.0415159 0.0277001 0.0178964 0.010947 0.00619431 0.00317197 0.00141827 0.000530586
 3.8633e-11 1.81711e-09 5.91822e-08 1.33471e-06 2.08434e-05 0.000225392 0.00168772 0.0087514 0.0314302 0.0782417 0.135402 0.164777 0.147121 0.109611 0.0847355 0.0718205 0.0576222 0.0414101 0.0279249 0.0179918 0.0107723 0.00587554 0.0028832 0.00124169 0.00045275
 3.91555e-11 1.84169e-09 5.99826e-08 1.35276e-06 2.11252e-05 0.00022844 0.00171054 0.00886971 0.0318547 0.079295 0.1372 0.166848 0.148594 0.109899 0.0839184 0.0704112 0.0561256 0.0401201 0.0269908 0.0174404 0.0104836 0.00569488 0.00274355 0.00114565 0.000403279
 3.9277e-11 1.8474e-09 6.01688e-08 1.35696e-06 2.11908e-05 0.000229149 0.00171585 0.00889726 0.0319538 0.0795425 0.137635 0.167409 0.149191 0.110533 0.0845698 0.0708538 0.056047 0.0394719 0.0260653 0.0165954 0.00989824 0.00536079 0.00257469 0.00106579 0.000368723
 3.83201e-11 1.80239e-09 5.87028e-08 1.32389e-06 2.06745e-05 0.000223566 0.00167405 0.00868055 0.0311763 0.0776147 0.134352 0.163661 0.146646 0.110344 0.0865628 0.0738752 0.0589303 0.0416659 0.0275011 0.017377 0.0102232 0.00545431 0.0025887 0.00106269 0.000364793
 3.67187e-11 1.72707e-09 5.62496e-08 1.26857e-06 1.98105e-05 0.000214223 0.0016041 0.0083179 0.0298748 0.0743851 0.128832 0.157273 0.142009 0.109177 0.0886126 0.0776901 0.0631773 0.0456533 0.0308539 0.019822 0.0117281 0.00623402 0.00292911 0.00118745 0.000402819
 3.66189e-11 1.72238e-09 5.60967e-08 1.26512e-06 1.97567e-05 0.000213641 0.00159974 0.00829524 0.029793 0.0741773 0.128444 0.156665 0.141038 0.107585 0.0864729 0.075822 0.0626293 0.0467029 0.0328448 0.0218757 0.0133135 0.00722011 0.00342773 0.00139059 0.000468855
 3.66473e-11 1.72371e-09 5.61403e-08 1.2661e-06 1.9772e-05 0.000213807 0.00160098 0.00830168 0.0298162 0.074235 0.128545 0.156792 0.141161 0.107679 0.0864745 0.0755839 0.0620404 0.0459335 0.0323274 0.0218988 0.0137496 0.0077308 0.0037882 0.00157152 0.000536441
 3.75015e-11 1.76389e-09 5.74489e-08 1.29561e-06 2.02329e-05 0.00021879 0.00163829 0.00849512 0.0305103 0.0759563 0.131479 0.160152 0.14348 0.10796 0.0848895 0.0731355 0.0596946 0.0440617 0.030891 0.0208589 0.013134 0.00748915 0.00376228 0.00160781 0.000564153
 3.71338e-11 1.7466e-09 5.68855e-08 1.28291e-06 2.00345e-05 0.000216645 0.00162223 0.00841187 0.0302117 0.075218 0.130234 0.15879 0.142755 0.108447 0.0864691 0.074996 0.0609523 0.044438 0.0306968 0.0205016 0.0128352 0.00731341 0.00369587 0.00160148 0.000573437
 3.76045e-11 1.76874e-09 5.76066e-08 1.29917e-06 2.02884e-05 0.000219391 0.00164279 0.00851846 0.0305941 0.0761655 0.131844 0.160612 0.14394 0.108402 0.0853245 0.0734746 0.059773 0.0437952 0.0303389 0.0201734 0.0124981 0.00704287 0.00353528 0.00153158 0.000551899
 3.84065e-11 1.80646e-09 5.88353e-08 1.32688e-06 2.07212e-05 0.00022407 0.00167783 0.00870009 0.0312459 0.0777828 0.134607 0.163803 0.146236 0.108925 0.0842057 0.0714774 0.0576191 0.0418647 0.0288029 0.0190987 0.0118222 0.00664055 0.00331094 0.00142371 0.000510632
 3.66034e-11 1.72165e-09 5.6073e-08 1.26459e-06 1.97483e-05 0.000213551 0.00159906 0.00829179 0.0297812 0.0741535 0.128441 0.156844 0.141771 0.10929 0.0889863 0.0779769 0.0630478 0.0451617 0.0304247 0.019813 0.0121205 0.00676008 0.00335458 0.00143591 0.00051237
 3.74213e-11 1.76012e-09 5.7326e-08 1.29284e-06 2.01896e-05 0.000218322 0.00163479 0.00847696 0.0304451 0.0757952 0.131207 0.159852 0.143316 0.10807 0.085308 0.0738082 0.0605044 0.0447817 0.0312082 0.0206239 0.0125404 0.00688779 0.00336836 0.0014269 0.000505609
 3.76857e-11 1.77256e-09 5.7731e-08 1.30198e-06 2.03323e-05 0.000219865 0.00164634 0.00853684 0.0306601 0.0763292 0.132123 0.160931 0.144158 0.108418 0.0851389 0.0731589 0.0594262 0.0435391 0.0302793 0.0202858 0.0126231 0.00706151 0.00347015 0.0014606 0.000512064
#obs surv len freq
 2.57578e-11 1.21152e-09 3.94586e-08 8.8989e-07 1.38969e-05 0.000150276 0.00112528 0.00583525 0.0209617 0.0522266 0.0906903 0.111829 0.104608 0.0882956 0.0821712 0.0810944 0.0748699 0.0653436 0.0567932 0.0490045 0.0408088 0.0317998 0.0222742 0.0134257 0.00667843
 4.4445e-12 2.09048e-10 6.80856e-09 1.53551e-07 2.39797e-06 2.59327e-05 0.000194244 0.00100849 0.00364003 0.00923993 0.0172109 0.0267117 0.0425253 0.0717738 0.107145 0.127278 0.123957 0.109538 0.0947506 0.0804309 0.0657586 0.0507823 0.0356539 0.0216115 0.0107607
 1.87242e-14 8.80708e-13 2.86859e-11 6.47105e-10 1.01156e-08 1.09824e-07 8.35366e-07 4.59976e-06 2.03492e-05 8.86183e-05 0.000415471 0.001776 0.00597484 0.015512 0.0329706 0.061418 0.10057 0.137987 0.154939 0.146413 0.122769 0.0943119 0.0655819 0.0395615 0.0196854
 5.2562e-11 2.47226e-09 8.052e-08 1.81593e-06 2.83583e-05 0.000306653 0.00229616 0.0119053 0.0427432 0.106262 0.182927 0.218055 0.179998 0.10295 0.0410651 0.0123695 0.00540344 0.00738705 0.0122867 0.0167723 0.0182836 0.0161952 0.0118937 0.00726087 0.00360922
 3.36154e-11 1.58111e-09 5.14957e-08 1.16136e-06 1.81363e-05 0.000196119 0.00146856 0.00761551 0.0273586 0.0681831 0.118522 0.146711 0.1389 0.119806 0.110957 0.0996127 0.0712558 0.0373715 0.0153721 0.00772809 0.00729076 0.00779916 0.00681145 0.00461397 0.00240846
 4.16247e-11 1.95783e-09 6.37651e-08 1.43806e-06 2.24574e-05 0.000242845 0.0018184 0.00942874 0.0338594 0.0842529 0.145561 0.175996 0.153484 0.106793 0.0739683 0.0597051 0.0507768 0.0405854 0.0287144 0.0168895 0.00829779 0.00414459 0.00264199 0.00180077 0.00101489
 3.88888e-11 1.82914e-09 5.95739e-08 1.34354e-06 2.09814e-05 0.000226884 0.0016989 0.00880936 0.0316388 0.0787642 0.136329 0.16601 0.148549 0.111281 0.0864336 0.0725807 0.0564657 0.0387927 0.0255438 0.0168276 0.0103297 0.00548566 0.00255303 0.00114469 0.000513876
 3.72514e-11 1.75213e-09 5.70657e-08 1.28698e-06 2.0098e-05 0.000217331 0.00162737 0.00843852 0.0303077 0.0754571 0.130651 0.15932 0.143298 0.109013 0.0871583 0.0758403 0.0617992 0.0449005 0.0303556 0.0193721 0.0114346 0.00615127 0.00295395 0.00123451 0.000447774
 3.71842e-11 1.74896e-09 5.69626e-08 1.28465e-06 2.00617e-05 0.000216939 0.00162443 0.00842324 0.0302524 0.0753156 0.13038 0.158865 0.142495 0.107596 0.0851517 0.0739205 0.0609247 0.0455393 0.0321817 0.0215389 0.0131433 0.00713363 0.00339795 0.00139472 0.000482536
 3.51182e-11 1.65179e-09 5.37977e-08 1.21327e-06 1.8947e-05 0.000204886 0.00153418 0.0079554 0.0285738 0.0711534 0.123289 0.150763 0.136961 0.107068 0.089154 0.079816 0.0661417 0.049197 0.03476 0.0236391 0.0149027 0.00841262 0.0041373 0.00172372 0.000593014
 3.71275e-11 1.7463e-09 5.68758e-08 1.28269e-06 2.00311e-05 0.000216608 0.00162195 0.00841037 0.0302058 0.0751959 0.130148 0.158462 0.141753 0.106259 0.0832549 0.0721162 0.0600553 0.0458801 0.0333749 0.023104 0.0147289 0.00845207 0.00426521 0.00183031 0.000645135
 4.02775e-11 1.89446e-09 6.17014e-08 1.39152e-06 2.17306e-05 0.000234986 0.00175956 0.00912376 0.032766 0.08155 0.141013 0.171069 0.151009 0.108842 0.0796215 0.0648909 0.0516276 0.0376656 0.0264155 0.0181276 0.011725 0.00687717 0.00354477 0.00155357 0.000560008
 3.82672e-11 1.79991e-09 5.86218e-08 1.32207e-06 2.0646e-05 0.000223257 0.00167174 0.00866859 0.0311336 0.07751 0.134182 0.163512 0.146692 0.110727 0.0871727 0.0742509 0.0585986 0.0406929 0.0265201 0.0169753 0.010464 0.00600333 0.00309674 0.00137705 0.000506172
 3.66387e-11 1.72331e-09 5.6127e-08 1.26581e-06 1.97674e-05 0.000213757 0.0016006 0.00829976 0.0298098 0.0742224 0.128547 0.15691 0.141636 0.108811 0.0882817 0.0775486 0.0633924 0.0461445 0.0313123 0.020059 0.0118417 0.00638264 0.00312347 0.00134938 0.000492531
 4.03021e-11 1.89562e-09 6.17389e-08 1.39237e-06 2.17438e-05 0.000235129 0.00176063 0.00912931 0.0327858 0.081599 0.141095 0.171153 0.151041 0.108798 0.079599 0.0651392 0.052345 0.038656 0.0270972 0.0180606 0.0110171 0.00599301 0.00286847 0.00118836 0.000416208
 3.84118e-11 1.80671e-09 5.88433e-08 1.32707e-06 2.0724e-05 0.000224101 0.00167806 0.00870134 0.0312512 0.0778017 0.134681 0.164091 0.147117 0.110846 0.0870084 0.0739296 0.0582549 0.040436 0.0264084 0.0169496 0.0103773 0.0057893 0.00283798 0.00118436 0.000409526
 3.9401e-11 1.85323e-09 6.03586e-08 1.36124e-06 2.12577e-05 0.000229872 0.00172127 0.0089253 0.0320543 0.0797888 0.138037 0.167784 0.149164 0.10978 0.0832173 0.0696294 0.0557343 0.0401144 0.0269819 0.017187 0.0101147 0.00542268 0.00261332 0.00109501 0.000382497
 3.56223e-11 1.6755e-09 5.457e-08 1.23069e-06 1.9219e-05 0.000207827 0.00155621 0.00806962 0.0289843 0.0721784 0.125084 0.153045 0.139303 0.109409 0.091493 0.081501 0.0661799 0.0473189 0.0316896 0.0203904 0.0121915 0.00655703 0.0031103 0.00127309 0.000437275
 3.72956e-11 1.75421e-09 5.71334e-08 1.2885e-06 2.01218e-05 0.000217589 0.0016293 0.00844846 0.0303426 0.0755365 0.130737 0.159183 0.142407 0.106777 0.0837203 0.0726121 0.0605413 0.0461477 0.0331334 0.0222557 0.0135352 0.00733601 0.00349865 0.00143176 0.000487711
 3.57206e-11 1.68013e-09 5.47206e-08 1.23409e-06 1.92721e-05 0.0002084 0.0015605 0.00809183 0.0290635 0.0723689 0.125369 0.153184 0.138761 0.107621 0.0885179 0.0784041 0.0643442 0.0473647 0.0332835 0.022746 0.0144928 0.00825007 0.00407055 0.00169533 0.000581363
 3.76121e-11 1.76909e-09 5.76181e-08 1.29943e-06 2.02925e-05 0.000219435 0.00164312 0.00852012 0.0305998 0.0761748 0.13183 0.160452 0.143342 0.10703 0.0832703 0.0715849 0.0590757 0.0445332 0.0318841 0.021779 0.013782 0.00790663 0.00400933 0.0017304 0.000612037
 3.82299e-11 1.79815e-09 5.85645e-08 1.32078e-06 2.06258e-05 0.000223039 0.00167011 0.00866006 0.0311024 0.077426 0.133995 0.163085 0.145677 0.108679 0.0842023 0.071529 0.0576053 0.0418644 0.0290216 0.0196202 0.0124936 0.00723019 0.0036958 0.00161569 0.000583291
 3.68254e-11 1.73209e-09 5.6413e-08 1.27226e-06 1.98681e-05 0.000214846 0.00160876 0.00834203 0.0299615 0.0745987 0.129189 0.157648 0.142149 0.108865 0.0878325 0.0766538 0.0621686 0.0449045 0.0305582 0.0200797 0.0124186 0.00705077 0.0035856 0.00157514 0.000574448
 3.8816e-11 1.82572e-09 5.94625e-08 1.34103e-06 2.09421e-05 0.000226459 0.00169571 0.00879279 0.0315784 0.078605 0.135993 0.16532 0.147043 0.108391 0.0824877 0.0695304 0.0564521 0.0417028 0.0291242 0.0193576 0.011876 0.00660005 0.00327646 0.00141424 0.00051191
 3.78136e-11 1.77857e-09 5.79268e-08 1.3064e-06 2.04012e-05 0.000220611 0.00165192 0.00856583 0.0307645 0.0765913 0.132593 0.16158 0.14498 0.109513 0.0864485 0.0741629 0.0594616 0.0424994 0.0287262 0.0188805 0.0116735 0.00654709 0.00324407 0.0013823 0.000492054
 3.56365e-11 1.67617e-09 5.45917e-08 1.23118e-06 1.92267e-05 0.00020791 0.00155682 0.0080728 0.0289953 0.0722017 0.125096 0.152929 0.138784 0.108179 0.0896568 0.0798656 0.0656851 0.0480966 0.0330391 0.0216283 0.0131278 0.00724081 0.00356329 0.00151609 0.000537794
 3.85513e-11 1.81327e-09 5.9057e-08 1.33188e-06 2.07993e-05 0.000224915 0.00168415 0.00873282 0.0313629 0.0780674 0.135055 0.164142 0.14588 0.107316 0.0815137 0.0689509 0.056714 0.0428866 0.0307905 0.0209236 0.0129887 0.0072105 0.00352702 0.00148485 0.000522059
 3.59158e-11 1.68931e-09 5.50196e-08 1.24083e-06 1.93774e-05 0.000209539 0.00156902 0.00813607 0.0292226 0.0727675 0.126076 0.154125 0.139854 0.108937 0.0900064 0.0795164 0.0643448 0.0461011 0.0313554 0.0209345 0.0132393 0.007586 0.003806 0.00162169 0.000570648
#pred catch len freq
 2.55636e-11 1.20239e-09 3.9161e-08 8.83178e-07 1.37921e-05 0.000149143 0.00111679 0.00579128 0.0208041 0.0518385 0.0900463 0.111173 0.104435 0.0890187 0.0836905 0.0826452 0.0754381 0.0642315 0.0538033 0.0446219 0.0366331 0.0301869 0.0245329 0.018327 0.0115014
 1.37609e-11 6.47247e-10 2.10804e-08 4.75417e-07 7.42435e-06 8.02854e-05 0.000601217 0.00311841 0.0112124 0.0280386 0.0493882 0.064193 0.0705648 0.0810389 0.099417 0.110465 0.104717 0.0904707 0.0762365 0.0627543 0.049824 0.0383562 0.0284749 0.0195309 0.0115101
 6.07696e-12 2.85831e-10 9.30934e-09 2.09949e-07 3.27868e-06 3.54554e-05 0.00026552 0.00137747 0.00495644 0.0124308 0.0221451 0.0299547 0.0366148 0.0492812 0.06979 0.0907752 0.107166 0.117576 0.117397 0.104586 0.084487 0.0634051 0.0443099 0.0280876 0.0153555
 2.87338e-11 1.3515e-09 4.40175e-08 9.92704e-07 1.55025e-05 0.000167637 0.00125524 0.0065085 0.02337 0.0581277 0.100259 0.120442 0.102555 0.0662898 0.0406505 0.0341606 0.0408583 0.0540291 0.0673831 0.0744067 0.071095 0.058467 0.0415139 0.0253769 0.0130675
 4.46746e-11 2.10128e-09 6.84374e-08 1.54343e-06 2.41029e-05 0.000260638 0.00195163 0.0101194 0.0363367 0.0903915 0.155988 0.187752 0.160918 0.105533 0.0633507 0.0417397 0.0285399 0.0191687 0.0155085 0.0166652 0.018688 0.0182193 0.0145772 0.00941388 0.0048524
 3.56641e-11 1.67747e-09 5.46341e-08 1.23213e-06 1.92416e-05 0.000208071 0.00155804 0.00807923 0.0290202 0.0722818 0.125358 0.153825 0.141407 0.113773 0.0975486 0.0859796 0.0651734 0.0401675 0.0218466 0.0124926 0.0090042 0.00794072 0.00681925 0.00483772 0.00265856
 3.78649e-11 1.78099e-09 5.80055e-08 1.30817e-06 2.04289e-05 0.00022091 0.00165417 0.00857739 0.0308052 0.0766854 0.132705 0.16148 0.144147 0.107437 0.083531 0.0722355 0.0603638 0.0457262 0.0315735 0.0194399 0.0106398 0.00574741 0.00350411 0.00224856 0.0012571
 3.56821e-11 1.67831e-09 5.46616e-08 1.23275e-06 1.92513e-05 0.000208175 0.00155882 0.00808313 0.0290324 0.0722951 0.125264 0.153158 0.139064 0.108518 0.0899505 0.0798033 0.0650375 0.0471927 0.0325614 0.0217465 0.0133493 0.0072424 0.00353272 0.0016433 0.000738766
 3.50666e-11 1.64937e-09 5.37188e-08 1.21149e-06 1.89192e-05 0.000204585 0.00153193 0.00794371 0.0285316 0.0710471 0.123096 0.150483 0.136573 0.106516 0.088525 0.0794924 0.0665132 0.0501262 0.0356258 0.0240169 0.0149005 0.00832264 0.00410743 0.00176356 0.0006586
 3.44987e-11 1.62265e-09 5.28487e-08 1.19187e-06 1.86128e-05 0.000201271 0.00150712 0.00781508 0.0280699 0.0699009 0.121133 0.148192 0.134842 0.105888 0.0888451 0.0802232 0.0672681 0.0509497 0.0367589 0.0254321 0.0162506 0.009308 0.00467208 0.00200458 0.000718745
 3.47335e-11 1.6337e-09 5.32085e-08 1.19998e-06 1.87395e-05 0.000202641 0.00151738 0.00786824 0.0282605 0.0703718 0.121924 0.149044 0.135245 0.105441 0.0876138 0.0787681 0.0662112 0.0505059 0.0367743 0.0257188 0.0166949 0.0097804 0.00503539 0.00220543 0.000796278
 3.73902e-11 1.75866e-09 5.72783e-08 1.29177e-06 2.01728e-05 0.000218141 0.00163343 0.00846989 0.0304194 0.0757278 0.131068 0.159579 0.142735 0.106926 0.0835558 0.0718719 0.0590456 0.044286 0.0318477 0.0222063 0.0145069 0.00861008 0.00451241 0.00201711 0.00074238
 3.81446e-11 1.79414e-09 5.8434e-08 1.31783e-06 2.05799e-05 0.000222542 0.00166639 0.00864078 0.0310331 0.0772555 0.133711 0.162789 0.145574 0.108934 0.0847744 0.0721286 0.0578955 0.0417334 0.0286318 0.0192399 0.0123091 0.00725349 0.00381595 0.00172555 0.000645043
 3.7758e-11 1.77595e-09 5.78417e-08 1.30447e-06 2.03712e-05 0.000220286 0.0016495 0.00855324 0.0307194 0.0764805 0.132411 0.161402 0.144962 0.109796 0.0870225 0.0748152 0.0599043 0.0425473 0.0283771 0.0183267 0.011208 0.00634153 0.00324728 0.00145193 0.000543175
 3.80899e-11 1.79157e-09 5.83502e-08 1.31594e-06 2.05503e-05 0.000222223 0.001664 0.00862841 0.0309889 0.0771477 0.133539 0.162651 0.14568 0.109507 0.0858582 0.0734885 0.0591563 0.0425312 0.0286706 0.0184655 0.0110539 0.00602868 0.00295827 0.00127401 0.000464531
 3.87453e-11 1.82239e-09 5.93542e-08 1.33858e-06 2.09039e-05 0.000226047 0.00169263 0.00877683 0.0315215 0.0784688 0.135793 0.165244 0.147509 0.10983 0.0847788 0.0716813 0.0572856 0.0409591 0.0275435 0.0177906 0.010692 0.00580764 0.0027978 0.00116829 0.000411247
 3.8818e-11 1.82582e-09 5.94656e-08 1.3411e-06 2.09432e-05 0.000226471 0.0016958 0.00879332 0.0315809 0.078618 0.136061 0.165615 0.147983 0.110466 0.0855492 0.07229 0.0573501 0.0404036 0.0266698 0.0169736 0.0101218 0.00548141 0.00263255 0.00108973 0.000377003
 3.77914e-11 1.77753e-09 5.78929e-08 1.30563e-06 2.03893e-05 0.000220481 0.00165096 0.00856083 0.0307467 0.0765498 0.132538 0.161595 0.145253 0.110264 0.0876876 0.0755284 0.0604349 0.0427463 0.0282035 0.0178141 0.0104782 0.00558994 0.00265299 0.00108907 0.000373848
 3.6036e-11 1.69496e-09 5.52038e-08 1.24498e-06 1.94422e-05 0.00021024 0.00157428 0.0081633 0.0293202 0.0730098 0.12649 0.154601 0.140196 0.109043 0.0900186 0.0797841 0.0651096 0.0470727 0.0318026 0.0204245 0.0120825 0.00642194 0.00301732 0.0012232 0.000414944
 3.60232e-11 1.69436e-09 5.51841e-08 1.24454e-06 1.94353e-05 0.000210165 0.00157371 0.00816034 0.029309 0.0729771 0.126399 0.154328 0.139438 0.107429 0.0876424 0.0775959 0.0642946 0.0479617 0.0337176 0.0224497 0.0136606 0.00740786 0.00351678 0.0014267 0.000481029
 3.60545e-11 1.69583e-09 5.52321e-08 1.24562e-06 1.94522e-05 0.000210348 0.00157508 0.00816744 0.0293345 0.0730407 0.12651 0.154467 0.13957 0.107526 0.08764 0.0773454 0.0636845 0.0471676 0.0331835 0.0224711 0.0141066 0.00793101 0.00388622 0.00161216 0.000550314
 3.68875e-11 1.73501e-09 5.65083e-08 1.2744e-06 1.99016e-05 0.000215208 0.00161147 0.00835608 0.0300114 0.0747193 0.129371 0.157743 0.141832 0.107801 0.0860952 0.0749587 0.061397 0.0453392 0.0317755 0.0214489 0.0135034 0.00769925 0.00386773 0.00165287 0.00057996
 3.65618e-11 1.71969e-09 5.60093e-08 1.26315e-06 1.97259e-05 0.000213308 0.00159724 0.00828234 0.029747 0.0740656 0.128271 0.156548 0.141228 0.108316 0.0876186 0.0767181 0.0625455 0.0456162 0.0314987 0.0210297 0.0131635 0.00749997 0.00379006 0.00164228 0.000588045
 3.70207e-11 1.74128e-09 5.67122e-08 1.279e-06 1.99735e-05 0.000215985 0.00161729 0.00838624 0.0301197 0.0749893 0.12984 0.158323 0.142379 0.108263 0.08649 0.0752273 0.061402 0.0450076 0.0311675 0.0207173 0.0128328 0.00723101 0.00362963 0.00157244 0.000566622
 3.7922e-11 1.78367e-09 5.80929e-08 1.31014e-06 2.04597e-05 0.000221243 0.00165666 0.00859035 0.0308522 0.0768066 0.132944 0.161905 0.144945 0.10882 0.0851885 0.0729454 0.0589743 0.0428629 0.0294778 0.0195391 0.0120926 0.00679197 0.00338636 0.00145612 0.000522256
 3.60746e-11 1.69678e-09 5.52629e-08 1.24632e-06 1.9463e-05 0.000210466 0.00157596 0.00817204 0.0293516 0.0730883 0.126627 0.154775 0.140371 0.109196 0.0900875 0.0796052 0.0645363 0.0462399 0.0311383 0.02027 0.0123977 0.00691417 0.00343096 0.00146858 0.000524029
 3.67492e-11 1.72851e-09 5.62963e-08 1.26962e-06 1.9827e-05 0.000214401 0.00160543 0.00832476 0.029899 0.074441 0.128899 0.157215 0.141513 0.107898 0.0866326 0.0758144 0.0623851 0.0461987 0.0321855 0.021263 0.0129268 0.0070996 0.00347185 0.00147073 0.000521138
 3.70572e-11 1.743e-09 5.67683e-08 1.28027e-06 1.99932e-05 0.000216198 0.00161889 0.00839453 0.0301495 0.075063 0.129966 0.158467 0.142477 0.108267 0.0863897 0.0750406 0.0611754 0.0448431 0.0311755 0.0208791 0.0129901 0.00726637 0.00357074 0.00150293 0.000526901
#obs catch len freq
 2.45698e-11 1.15565e-09 3.76386e-08 8.48847e-07 1.3256e-05 0.000143345 0.00107338 0.00556617 0.0199956 0.0498249 0.0865566 0.106904 0.100558 0.0860324 0.0814541 0.0814302 0.0762354 0.0680315 0.0607134 0.0532049 0.0440535 0.0336917 0.0233069 0.0140959 0.0071139
 2.46232e-11 1.15816e-09 3.77204e-08 8.50691e-07 1.32848e-05 0.000143657 0.00107571 0.00557829 0.0200395 0.0499383 0.0867797 0.107302 0.10132 0.087451 0.0835458 0.0835737 0.0774433 0.0676041 0.0587279 0.0506528 0.042171 0.0328566 0.0230127 0.0138702 0.0068994
 4.14409e-12 1.94918e-10 6.34837e-09 1.43173e-07 2.23589e-06 2.41801e-05 0.000181122 0.00094046 0.00339592 0.00863442 0.0161777 0.025524 0.0416894 0.0716283 0.107628 0.128055 0.124707 0.110132 0.0952032 0.0807801 0.0660273 0.0509822 0.0357913 0.0216938 0.0108014
 1.74502e-14 8.20788e-13 2.67344e-11 6.03092e-10 9.42836e-09 1.02393e-07 7.79761e-07 4.31218e-06 1.93271e-05 8.61797e-05 0.000411973 0.00177516 0.00598506 0.0155428 0.0330228 0.0614776 0.100617 0.138009 0.154931 0.14638 0.122722 0.0942635 0.0655429 0.0395362 0.0196724
 5.21863e-11 2.45459e-09 7.99445e-08 1.80295e-06 2.81556e-05 0.000304461 0.00227974 0.0118202 0.0424377 0.105503 0.18162 0.216497 0.178712 0.10222 0.0407974 0.0123697 0.00560475 0.00785244 0.0130915 0.017872 0.0194815 0.0172554 0.0126718 0.00773568 0.00384516
 3.26385e-11 1.53516e-09 4.99991e-08 1.12761e-06 1.76092e-05 0.00019042 0.00142588 0.0073943 0.0265651 0.066217 0.115183 0.142948 0.136504 0.120049 0.113587 0.103094 0.074004 0.0388471 0.0159764 0.00802057 0.00755765 0.00808261 0.00705871 0.00478138 0.00249582
 4.08675e-11 1.92221e-09 6.26051e-08 1.4119e-06 2.20489e-05 0.000238427 0.00178532 0.00925727 0.0332441 0.0827269 0.142959 0.17301 0.151401 0.106488 0.075316 0.0618876 0.0529822 0.0423917 0.029984 0.0176306 0.00865966 0.00432393 0.0027555 0.00187792 0.00105834
 3.80613e-11 1.79022e-09 5.83063e-08 1.31495e-06 2.05349e-05 0.000222056 0.00166275 0.00862198 0.0309666 0.0770975 0.133492 0.162781 0.146383 0.111188 0.0882337 0.0751847 0.0587869 0.0404184 0.026599 0.0175112 0.0107453 0.0057053 0.00265492 0.00119025 0.00053429
 3.63509e-11 1.70977e-09 5.56861e-08 1.25586e-06 1.96121e-05 0.000212077 0.00158803 0.00823459 0.029576 0.0736429 0.127561 0.155793 0.140902 0.108826 0.0890004 0.0785961 0.0643553 0.0467883 0.0316165 0.0201659 0.0118989 0.00639957 0.00307276 0.00128406 0.000465719
 3.637e-11 1.71067e-09 5.57155e-08 1.25652e-06 1.96224e-05 0.000212189 0.00158887 0.00823888 0.0295909 0.0736753 0.127585 0.15567 0.140308 0.10738 0.0867441 0.076339 0.0631984 0.0472621 0.0333805 0.0223291 0.0136209 0.00739134 0.00352025 0.0014448 0.000499836
 3.43805e-11 1.61709e-09 5.26677e-08 1.18779e-06 1.85491e-05 0.000200582 0.00150196 0.00778835 0.0279745 0.0696672 0.120757 0.14787 0.134984 0.106883 0.0906119 0.082015 0.0681903 0.0507298 0.035819 0.0243447 0.015342 0.00865879 0.00425784 0.0017738 0.000610218
 3.6464e-11 1.71509e-09 5.58593e-08 1.25977e-06 1.96731e-05 0.000212737 0.00159297 0.00826011 0.0296666 0.0738588 0.127869 0.155854 0.139956 0.106051 0.0845055 0.0740402 0.0618822 0.0472863 0.0343754 0.023783 0.0151565 0.00869564 0.00438757 0.00188268 0.000663565
 3.97342e-11 1.8689e-09 6.0869e-08 1.37275e-06 2.14375e-05 0.000231816 0.00173582 0.00900071 0.0323245 0.0804553 0.139148 0.168939 0.149557 0.108716 0.0807084 0.0665183 0.0531297 0.0387744 0.027174 0.0186359 0.012049 0.00706572 0.00364151 0.00159585 0.000575225
 3.76418e-11 1.77049e-09 5.76636e-08 1.30046e-06 2.03086e-05 0.000219609 0.00164442 0.00852696 0.0306255 0.0762503 0.132038 0.16107 0.145053 0.110652 0.0885305 0.0762247 0.0603694 0.0419355 0.027311 0.0174691 0.0107635 0.00617367 0.00318417 0.00141582 0.000520401
 3.60931e-11 1.69764e-09 5.52912e-08 1.24696e-06 1.9473e-05 0.000210573 0.00157677 0.0081762 0.0293665 0.0731233 0.126675 0.154776 0.140192 0.108715 0.0894227 0.0792391 0.0649449 0.0472743 0.0320552 0.0205215 0.0121098 0.00652552 0.00319289 0.00137925 0.000503407
 3.97978e-11 1.8719e-09 6.09665e-08 1.37495e-06 2.14718e-05 0.000232187 0.0017386 0.00901512 0.0323762 0.0805831 0.139364 0.169177 0.149694 0.108682 0.0806117 0.0666607 0.05376 0.03971 0.0278165 0.0185283 0.0112981 0.00614453 0.00294059 0.00121813 0.000426613
 3.78884e-11 1.78209e-09 5.80414e-08 1.30898e-06 2.04416e-05 0.000221047 0.00165519 0.0085828 0.0308259 0.0767475 0.132887 0.162049 0.14575 0.110793 0.0881573 0.0755927 0.0597411 0.0414729 0.0270646 0.0173577 0.0106224 0.00592457 0.0029039 0.00121177 0.000418984
 3.87646e-11 1.8233e-09 5.93837e-08 1.33925e-06 2.09143e-05 0.000226159 0.00169347 0.00878118 0.0315372 0.0785068 0.135854 0.165294 0.147479 0.109665 0.0845438 0.0715975 0.0575445 0.0414348 0.0278528 0.0177308 0.0104306 0.00559071 0.00269389 0.00112867 0.000394236
 3.49e-11 1.64153e-09 5.34635e-08 1.20574e-06 1.88293e-05 0.000203613 0.00152465 0.00790606 0.0283975 0.0707236 0.122607 0.150221 0.137398 0.109295 0.0930208 0.0837496 0.0682281 0.0487936 0.0326553 0.0209982 0.01255 0.00674828 0.00320057 0.00130993 0.000449905
 3.66156e-11 1.72222e-09 5.60917e-08 1.26501e-06 1.97549e-05 0.000213622 0.00159959 0.00829447 0.0297901 0.0741663 0.128403 0.156512 0.140571 0.106576 0.085023 0.0746111 0.062441 0.0476081 0.0341608 0.0229331 0.0139423 0.00755511 0.00360266 0.0014742 0.000502142
 3.50457e-11 1.64838e-09 5.36868e-08 1.21077e-06 1.8908e-05 0.000204463 0.00153102 0.00793901 0.0285151 0.0710093 0.123053 0.150539 0.136959 0.107466 0.0898713 0.0804303 0.0662162 0.0487492 0.0342319 0.0233792 0.0148907 0.00847483 0.00418094 0.00174118 0.000597058
 3.69864e-11 1.73966e-09 5.66596e-08 1.27782e-06 1.9955e-05 0.000215785 0.00161579 0.00837844 0.0300914 0.0749142 0.129681 0.157995 0.141657 0.106853 0.084478 0.0734257 0.0608088 0.0458488 0.0328041 0.022394 0.0141661 0.0081252 0.00411964 0.00177787 0.000628801
 3.76374e-11 1.77028e-09 5.76569e-08 1.30031e-06 2.03062e-05 0.000219583 0.00164423 0.0085259 0.030621 0.0762325 0.131962 0.160764 0.1441 0.108553 0.0854067 0.0733226 0.0592536 0.0430715 0.029837 0.0201581 0.012831 0.00742385 0.00379431 0.00165863 0.000598767
 3.62315e-11 1.70416e-09 5.55032e-08 1.25174e-06 1.95477e-05 0.000211381 0.00158282 0.00820755 0.029479 0.0734023 0.127152 0.155324 0.140576 0.108757 0.0890665 0.0784803 0.0638394 0.0461158 0.0313596 0.0205925 0.0127305 0.00722615 0.00367428 0.00161397 0.000588582
 3.82217e-11 1.79776e-09 5.8552e-08 1.3205e-06 2.06214e-05 0.000222992 0.00166975 0.0086582 0.0310955 0.0774076 0.133953 0.162989 0.145454 0.10825 0.0836766 0.0713193 0.0581176 0.0429445 0.0299713 0.0199084 0.0122093 0.00678376 0.00336719 0.00145328 0.000526017
 3.71853e-11 1.74902e-09 5.69643e-08 1.28469e-06 2.00623e-05 0.000216945 0.00162448 0.00842354 0.0302541 0.0753257 0.130438 0.159123 0.143319 0.109405 0.0877647 0.0761032 0.0612289 0.0437734 0.0295666 0.0194198 0.0120021 0.00672984 0.00333418 0.00142058 0.000505658
 3.49699e-11 1.64481e-09 5.35705e-08 1.20815e-06 1.8867e-05 0.000204021 0.0015277 0.00792184 0.0284537 0.0708588 0.122809 0.150318 0.137011 0.108043 0.0910214 0.0819011 0.0675644 0.0494783 0.0339647 0.0222203 0.013482 0.00743442 0.00365805 0.00155628 0.000552024
 3.79885e-11 1.7868e-09 5.81948e-08 1.31244e-06 2.04956e-05 0.000221631 0.00165956 0.00860537 0.0309056 0.0769334 0.133123 0.161932 0.144364 0.107159 0.0826033 0.0706117 0.0582797 0.0440778 0.031624 0.0214772 0.0133276 0.00739702 0.00361778 0.00152294 0.000535422
#spawning biomass
 70997.1 72336.5 58798.3 39682.9 38140.3 65745.2 95225.6 133254 178035 209642 245227 227012 273472 253258 253658 269733 255490 256960 262617 288015 284414 281078 294531 292972 303330 291599 273187 304738 327311 439086 313474 199493 123215 78206.7 53509 40554 33953.7 30655.3 29028.4 28232.9 27846.4 27659.3 27569.1 27525.6 27504.7 27494.7 27489.9 27487.6 27486.5 27486 27485.8 27485.6 27485.6 27485.6 27485.5 27485.5 27485.5 27485.5 27485.5 27485.5 27485.5 27485.5 27485.5 27485.5 27485.5 27485.5 27485.5 27485.5 27485.5 27485.5 27485.5 27485.5 27485.5 27485.5 27485.5 27485.5 27485.5 27485.5 27485.5 27485.5 27485.5 27485.5 27485.5 27485.5 27485.5 27485.5 27485.5 27485.5 27485.5 27485.5 27485.5 27485.5 27485.5 27485.5 27485.5 27485.5 27485.5 27485.5 27485.5 27485.5 27485.5 27485.5 27485.5 27485.5 27485.5 27485.5 27485.5 27485.5 27485.5 27485.5 27485.5 27485.5 27485.5 27485.5 27485.5 27485.5 27485.5 27485.5 27485.5 27485.5 27485.5 27485.5 27485.5 27485.5 27485.5 27485.5 27485.5 27485.5 0 0 0 0 0 0 0 0 0 0 0 0 0 0 0 0 0 0 0 0 0 0 0 0 0
