SBPRF35
0.231759
Curr Bio
174566
B35
183048
F35
0.416514
FOFL
0.416514
OFL
80486.4
Bzero
66217
#pred survey bio
 30469.4 26771.4 20514.6 17729 28182.7 44963.8 58584.5 66759.7 89715.2 115439 136179 155376 179568 210081 213307 184703 175292 167301 189900 197139 200554 215153 225738 222130 237522 244885 257943 247715 266118 6.89949e+06 5.52345e+06 3.80656e+06 2.47686e+06 1.65437e+06 1.19544e+06 951852 824953 758680 723462 704233 693393 687079 683290 680957 679490 678560 677964 677577 677326 677161 677054 676983 676936 676906 676885 676872 676863 676858 676854 676851 676850 676848 676848 676847 676847 676847 676847 676846 676846 676846 676846 676846 676846 676846 676846 676846 676846 676846 676846 676846 676846 676846 676846 676846 676846 676846 676846 676846 676846 676846 676846 676846 676846 676846 676846 676846 676846 676846 676846 676846 676846 676846 676846 676846 676846 676846 676846 676846 676846 676846 676846 676846 676846 676846 676846 676846 676846 676846 676846 676846 676846 676846 676846 676846 676846 676846 676846 676846 676846 0 0 0 0 0 0 0 0 0 0 0 0 0 0 0 0 0 0 0 0 0 0 0 0 0
#obs survey bio
 27203 21847.3 18599 20431 28391.1 49351.1 71405.4 89108.8 90637.9 138860 162299 188405 264876 138720 195201 173320 136781 151944 215687 190588 241414 284418 221055 222141 213584 261279 126407 258018 280874
#pred catch bio
 4334.51 4420.3 3937.27 3375.51 5178.34 8852.98 15306.7 15037.5 24832.2 40686.9 50711 59211.6 66032.9 88989.1 102285 81882.3 80968.7 59623.7 72965.2 81793.2 79942.5 87753.4 96889.5 86014.8 96551.9 90921.8 114619 102331 94859.3 80486.4 71896.9 47786 29715.1 19003.8 13341.3 10542.7 9216.88 8605.78 8329.24 8205.64 8150.86 8126.73 8116.13 8111.5 8109.47 8108.59 8108.21 8108.04 8107.97 8107.94 8107.92 8107.92 8107.91 8107.91 8107.91 8107.91 8107.91 8107.91 8107.91 8107.91 8107.91 8107.91 8107.91 8107.91 8107.91 8107.91 8107.91 8107.91 8107.91 8107.91 8107.91 8107.91 8107.91 8107.91 8107.91 8107.91 8107.91 8107.91 8107.91 8107.91 8107.91 8107.91 8107.91 8107.91 8107.91 8107.91 8107.91 8107.91 8107.91 8107.91 8107.91 8107.91 8107.91 8107.91 8107.91 8107.91 8107.91 8107.91 8107.91 8107.91 8107.91 8107.91 8107.91 8107.91 8107.91 8107.91 8107.91 8107.91 8107.91 8107.91 8107.91 8107.91 8107.91 8107.91 8107.91 8107.91 8107.91 8107.91 8107.91 8107.91 8107.91 8107.91 8107.91 8107.91 8107.91 8107.91 8107.91 8107.91 8107.91 0 0 0 0 0 0 0 0 0 0 0 0 0 0 0 0 0 0 0 0 0 0 0 0 0
#obs catch bio
 4206.97 4473.31 4106.73 3482.49 5216.33 8579.98 14742.5 14412.1 23586.9 38661.4 47951 57557.1 62338.3 90243.5 110781 84442 86719.2 61673.7 73310.7 85160.3 82033.2 83279.2 92963.5 80537.7 98030.7 89840.4 129098 108215 94149.4
#pred cpue bio
 29471.5 26373.7 20325.1 16962 25534.2 41809.8 55473.5 62976.6 83486.6 107524 126279 144295 166152 194939 198496 172423 163204 155042 177178 184289 186346 199897 209894 206989 221183 228011 241581 229875 246484 6.44442e+06 5.47348e+06 3.7762e+06 2.44695e+06 1.62447e+06 1.16554e+06 921952 795053 728780 693562 674333 663493 657179 653390 651057 649590 648660 648064 647677 647426 647261 647154 647083 647036 647006 646985 646972 646963 646958 646954 646951 646950 646949 646948 646947 646947 646947 646947 646947 646947 646946 646946 646946 646946 646946 646946 646946 646946 646946 646946 646946 646946 646946 646946 646946 646946 646946 646946 646946 646946 646946 646946 646946 646946 646946 646946 646946 646946 646946 646946 646946 646946 646946 646946 646946 646946 646946 646946 646946 646946 646946 646946 646946 646946 646946 646946 646946 646946 646946 646946 646946 646946 646946 646946 646946 646946 646946 646946 646946 646946 0 0 0 0 0 0 0 0 0 0 0 0 0 0 0 0 0 0 0 0 0 0 0 0 0
#obs cpue bio
 29425 27913.6 12471.9 15440.8 32484 71584.6 58558.1 48867.9 109099 105689 125211 115330 158237 201410 137941 174530 154047 132564 200876 143042 141856 273578 244692 283901 168711 229237 205487 217480 300789
#pred surv len freq
 2.50707e-11 1.1792e-09 3.84059e-08 8.66149e-07 1.35262e-05 0.000146267 0.00109526 0.00567958 0.0204023 0.0508325 0.0882655 0.108819 0.101732 0.0857513 0.0797062 0.0786918 0.0727582 0.0634754 0.0548593 0.047139 0.0402837 0.0346059 0.0291522 0.0223422 0.0142487
 1.2181e-11 5.72936e-10 1.86602e-08 4.20834e-07 6.57196e-06 7.1068e-05 0.000532198 0.00276053 0.0099273 0.024841 0.0438656 0.0575242 0.0647801 0.0771035 0.0969033 0.108858 0.104085 0.0911069 0.078342 0.066384 0.0548109 0.0442324 0.034435 0.0245593 0.0148713
 9.26909e-12 4.35974e-10 1.41994e-08 3.20232e-07 5.0009e-06 5.40784e-05 0.000404958 0.00210028 0.00754931 0.0188551 0.0330548 0.0422507 0.0444282 0.0483711 0.0606741 0.0778586 0.0950423 0.108299 0.111129 0.10129 0.0842216 0.0657978 0.0482694 0.0320973 0.0182463
 3.37496e-11 1.58742e-09 5.17012e-08 1.16599e-06 1.82086e-05 0.0001969 0.00147436 0.00764462 0.0274495 0.0682751 0.117765 0.141479 0.120449 0.0775401 0.0459459 0.0342138 0.0346947 0.0414153 0.0505575 0.0569277 0.0560931 0.0477712 0.0353329 0.0225986 0.0121563
 4.54933e-11 2.13979e-09 6.96914e-08 1.57171e-06 2.45446e-05 0.000265414 0.00198739 0.0103048 0.0370028 0.092051 0.158868 0.191294 0.1642 0.108228 0.0657262 0.0438301 0.0298829 0.0191376 0.0136146 0.0129294 0.0139356 0.0137342 0.0113241 0.00758976 0.00406777
 3.54439e-11 1.66711e-09 5.42968e-08 1.22453e-06 1.91228e-05 0.000206787 0.00154842 0.00802938 0.0288414 0.0718393 0.12461 0.152994 0.140927 0.113989 0.0984909 0.0874207 0.0668315 0.0417566 0.0229697 0.0127485 0.00831004 0.00667096 0.00556158 0.00398698 0.00224741
 3.01194e-11 1.41667e-09 4.61402e-08 1.04058e-06 1.62501e-05 0.000175723 0.00131582 0.00682337 0.0245114 0.0610733 0.106069 0.130864 0.12263 0.10384 0.0965334 0.0936602 0.0822606 0.0641772 0.0453832 0.0283878 0.0155027 0.0080204 0.004515 0.00273524 0.0015055
 3.26864e-11 1.53741e-09 5.00726e-08 1.12926e-06 1.7635e-05 0.000190698 0.00142795 0.00740453 0.026595 0.0662256 0.114747 0.140304 0.127445 0.0997852 0.084043 0.077986 0.0697509 0.058485 0.046818 0.034528 0.0222731 0.0122966 0.00592149 0.0026332 0.00112078
 3.71339e-11 1.7466e-09 5.68857e-08 1.28291e-06 2.00345e-05 0.000216645 0.00162223 0.00841176 0.03021 0.0751999 0.130109 0.1582 0.140825 0.104092 0.079753 0.0681193 0.0568993 0.044658 0.0346227 0.0264575 0.0188142 0.0117723 0.00623313 0.00274698 0.00101545
 3.59982e-11 1.69318e-09 5.51458e-08 1.24368e-06 1.94218e-05 0.000210019 0.00157262 0.00815469 0.0292888 0.072928 0.126322 0.15427 0.139491 0.107632 0.0877594 0.0770095 0.0624596 0.0452615 0.0315579 0.0220995 0.0151551 0.00970711 0.00549583 0.00260705 0.000998546
 3.72473e-11 1.75194e-09 5.70594e-08 1.28683e-06 2.00957e-05 0.000217307 0.00162719 0.00843755 0.0303036 0.0754429 0.130597 0.159112 0.142659 0.107591 0.0849491 0.0735108 0.0602724 0.0446504 0.0312536 0.0209771 0.0132812 0.00788692 0.00431489 0.00207111 0.000823261
 3.65401e-11 1.71867e-09 5.59761e-08 1.2624e-06 1.97142e-05 0.000213181 0.0015963 0.00827744 0.0297295 0.0740227 0.128201 0.156487 0.141248 0.108481 0.0879027 0.0769695 0.0625978 0.0454512 0.0312416 0.0207984 0.0130088 0.00745402 0.00385635 0.00175975 0.000682195
 3.76777e-11 1.77218e-09 5.77187e-08 1.3017e-06 2.03279e-05 0.000219818 0.00164599 0.00853502 0.0306535 0.0763124 0.132092 0.160884 0.144086 0.108312 0.0850318 0.0731552 0.0596063 0.0438018 0.0303953 0.0201736 0.0124429 0.00698865 0.00351845 0.00154745 0.000575831
 3.66765e-11 1.72509e-09 5.6185e-08 1.26711e-06 1.97878e-05 0.000213977 0.00160226 0.00830834 0.0298404 0.0742989 0.128679 0.157065 0.141755 0.108835 0.088129 0.0770818 0.0625538 0.045224 0.0308691 0.0203586 0.0125668 0.00704167 0.00350352 0.00150804 0.000545265
 3.58528e-11 1.68634e-09 5.49231e-08 1.23865e-06 1.93434e-05 0.000209171 0.00156627 0.00812178 0.029171 0.0726374 0.125838 0.153774 0.139352 0.108203 0.0891679 0.0791172 0.064947 0.04753 0.0327101 0.0215207 0.0131472 0.00728817 0.00359676 0.00153466 0.000547427
 3.49023e-11 1.64164e-09 5.34671e-08 1.20582e-06 1.88306e-05 0.000203626 0.00152475 0.00790654 0.0283986 0.0707213 0.122568 0.150008 0.136681 0.107688 0.0906223 0.0815304 0.0673752 0.0496002 0.0344151 0.0228541 0.014059 0.00780215 0.00383026 0.00161986 0.000572016
 3.59784e-11 1.69225e-09 5.51156e-08 1.24299e-06 1.94111e-05 0.000209904 0.00157176 0.00815019 0.0292725 0.0728849 0.126231 0.154087 0.139104 0.106933 0.0869753 0.0769322 0.0638914 0.0479504 0.0340674 0.0230515 0.0143655 0.00804905 0.00397576 0.00168377 0.00059262
 3.72473e-11 1.75194e-09 5.70594e-08 1.28683e-06 2.00957e-05 0.000217307 0.00162719 0.00843757 0.0303039 0.0754458 0.130618 0.159209 0.142972 0.108278 0.0859348 0.074327 0.0604233 0.0441997 0.0307507 0.0207396 0.013093 0.00747419 0.00375236 0.00160696 0.000569052
 3.50583e-11 1.64897e-09 5.3706e-08 1.2112e-06 1.89147e-05 0.000204536 0.00153157 0.00794186 0.0285254 0.0710367 0.123111 0.150659 0.137227 0.108008 0.0907116 0.0813678 0.0668994 0.0488547 0.033627 0.0222949 0.0138454 0.00784552 0.00395689 0.00171515 0.000615404
 3.47333e-11 1.63369e-09 5.32081e-08 1.19998e-06 1.87394e-05 0.00020264 0.00151737 0.00786821 0.0282606 0.0703746 0.121946 0.149148 0.135589 0.106229 0.0888728 0.0801807 0.0672936 0.0509025 0.0363482 0.024597 0.0152921 0.0085775 0.00427601 0.00184233 0.000662034
 3.67404e-11 1.72809e-09 5.62828e-08 1.26932e-06 1.98222e-05 0.00021435 0.00160504 0.00832273 0.0298914 0.0744188 0.128839 0.157036 0.141016 0.106821 0.0849623 0.0740319 0.0611931 0.0460375 0.0330731 0.0228417 0.0146041 0.00838317 0.00422179 0.00181701 0.000649489
 3.64779e-11 1.71574e-09 5.58807e-08 1.26025e-06 1.96806e-05 0.000212818 0.00159358 0.00826333 0.0296788 0.0738962 0.127981 0.15621 0.140973 0.108221 0.0876386 0.0767309 0.0624611 0.045486 0.0314911 0.0212539 0.0135487 0.00787711 0.00404696 0.00177367 0.000640996
 3.62031e-11 1.70282e-09 5.54597e-08 1.25075e-06 1.95323e-05 0.000211215 0.00158157 0.00820109 0.0294554 0.0733419 0.127033 0.155111 0.140171 0.108021 0.088053 0.0776205 0.0636576 0.0467028 0.0323134 0.0214562 0.0133159 0.00756419 0.00385117 0.00169635 0.000620664
 3.55256e-11 1.67095e-09 5.44219e-08 1.22735e-06 1.91668e-05 0.000207263 0.00155198 0.00804768 0.028905 0.0719767 0.124705 0.152441 0.138314 0.107758 0.0892502 0.0795058 0.0654955 0.04821 0.0335035 0.0223295 0.0138315 0.00776841 0.00388461 0.00168329 0.000610792
 3.59099e-11 1.68903e-09 5.50106e-08 1.24063e-06 1.93742e-05 0.000209505 0.00156877 0.00813468 0.0292168 0.0727473 0.125999 0.153833 0.138968 0.107021 0.0872598 0.0772529 0.0640762 0.0479555 0.0339778 0.0229707 0.0143408 0.00807527 0.00402475 0.00172803 0.000619362
 3.58993e-11 1.68853e-09 5.49944e-08 1.24026e-06 1.93685e-05 0.000209443 0.0015683 0.0081323 0.0292084 0.0727279 0.125976 0.153853 0.139139 0.10745 0.0878796 0.0777094 0.0639879 0.047346 0.0332836 0.0225761 0.0142736 0.00815376 0.00410444 0.0017682 0.000632143
 3.40301e-11 1.60062e-09 5.2131e-08 1.17568e-06 1.836e-05 0.000198538 0.00148665 0.00770901 0.0276896 0.0689606 0.11955 0.146473 0.133973 0.106638 0.0910861 0.0828973 0.0691679 0.0515772 0.0363855 0.0246311 0.0155192 0.00887489 0.00449968 0.0019574 0.000705238
 3.71747e-11 1.74852e-09 5.69483e-08 1.28432e-06 2.00566e-05 0.000216884 0.00162402 0.00842109 0.0302442 0.0752926 0.130321 0.158698 0.142044 0.106636 0.0836986 0.0724513 0.0600616 0.0455284 0.0328533 0.0226163 0.0143687 0.0082386 0.00418064 0.00182302 0.000660086
 3.73323e-11 1.75593e-09 5.71896e-08 1.28977e-06 2.01416e-05 0.000217803 0.0016309 0.00845683 0.0303732 0.0756195 0.130926 0.159622 0.143459 0.108866 0.0865738 0.0747107 0.0601856 0.0433504 0.0297313 0.0199977 0.0127549 0.00741607 0.00380781 0.00167175 0.00060767
#obs surv len freq
 2.46291e-11 1.15843e-09 3.77294e-08 8.50895e-07 1.3288e-05 0.000143691 0.00107597 0.00557956 0.0200434 0.0499405 0.0867339 0.107013 0.100307 0.0851058 0.0797964 0.079353 0.0740118 0.0655389 0.0579494 0.0511221 0.044181 0.0365568 0.0276958 0.0181301 0.00970797
 7.71082e-16 3.63426e-14 1.19331e-12 2.7777e-11 4.8742e-10 7.57478e-09 1.25245e-07 2.06073e-06 2.75284e-05 0.0002673 0.0018215 0.00863678 0.0284983 0.0658352 0.108287 0.132082 0.129804 0.115588 0.101132 0.0873852 0.0734597 0.0591949 0.0440666 0.0286214 0.0152906
 1.2498e-11 5.87845e-10 1.91457e-08 4.31784e-07 6.74292e-06 7.29148e-05 0.000545971 0.0028308 0.0101633 0.0252669 0.0435 0.0519014 0.0432564 0.0272157 0.0211865 0.03642 0.0711382 0.108245 0.127143 0.1229 0.105267 0.0833935 0.0605858 0.0385887 0.0203713
 5.17875e-11 2.43583e-09 7.93334e-08 1.78917e-06 2.79404e-05 0.000302135 0.00226232 0.01173 0.042115 0.104712 0.180339 0.215352 0.179011 0.105174 0.0461752 0.0179197 0.00862442 0.00744664 0.0103676 0.0144289 0.0164006 0.0150559 0.0114608 0.00729337 0.00379881
 3.38574e-11 1.59249e-09 5.18664e-08 1.16972e-06 1.82669e-05 0.000197531 0.00147913 0.00767029 0.027555 0.0686677 0.119333 0.147568 0.139255 0.119249 0.109707 0.0986048 0.071409 0.0385717 0.01652 0.00792694 0.00661388 0.00688128 0.00614179 0.00430149 0.00232888
 3.77389e-11 1.77505e-09 5.78124e-08 1.30381e-06 2.03609e-05 0.000220175 0.00164865 0.00854878 0.030702 0.0764223 0.13221 0.160695 0.142878 0.105409 0.0811218 0.0710468 0.0620113 0.0496558 0.0351726 0.0208302 0.0102589 0.00496636 0.00300671 0.00201925 0.00115486
 2.35309e-11 1.10678e-09 3.6047e-08 8.12952e-07 1.26954e-05 0.000137285 0.00102802 0.00533144 0.0191593 0.0478089 0.0835179 0.105324 0.105933 0.10417 0.111891 0.11376 0.0973133 0.0726222 0.0519895 0.0361669 0.0226809 0.0120873 0.00556593 0.00243244 0.00106684
 4.29078e-11 2.01818e-09 6.57306e-08 1.48239e-06 2.31497e-05 0.00025033 0.00187444 0.00971913 0.0348994 0.086814 0.149802 0.180257 0.154394 0.101398 0.0625617 0.0466745 0.0416545 0.0382934 0.0328853 0.024933 0.01649 0.00955155 0.00477465 0.00202029 0.000727785
 3.40435e-11 1.60124e-09 5.21515e-08 1.17615e-06 1.83672e-05 0.000198616 0.00148725 0.0077122 0.0277029 0.0690105 0.119752 0.147261 0.136382 0.111805 0.0982584 0.0881035 0.0680827 0.0444652 0.0282038 0.0197353 0.0142582 0.00930896 0.00511371 0.00230084 0.000837421
 4.09529e-11 1.92623e-09 6.2736e-08 1.41485e-06 2.2095e-05 0.000238926 0.00178905 0.00927663 0.0333139 0.0829026 0.143277 0.173462 0.151997 0.107248 0.0759251 0.0614333 0.0507254 0.0391732 0.0280467 0.018312 0.0109558 0.00625653 0.00339286 0.00161951 0.000630465
 3.63207e-11 1.70835e-09 5.56398e-08 1.25482e-06 1.95958e-05 0.000211901 0.00158671 0.00822782 0.0295524 0.0735917 0.127524 0.155985 0.141823 0.11099 0.092051 0.080768 0.0638073 0.0437922 0.0284143 0.0184312 0.0114811 0.00649321 0.00326084 0.00144112 0.000545545
 3.85379e-11 1.81264e-09 5.90363e-08 1.33142e-06 2.0792e-05 0.000224836 0.00168356 0.00872979 0.0313523 0.0780436 0.135032 0.164201 0.146212 0.108155 0.0828861 0.0704904 0.0578397 0.0431326 0.0300157 0.0194629 0.0115109 0.00620344 0.00302976 0.00130043 0.000472019
 3.81487e-11 1.79433e-09 5.84402e-08 1.31797e-06 2.0582e-05 0.000222566 0.00166656 0.00864171 0.0310368 0.0772664 0.133743 0.162895 0.145878 0.109595 0.0857809 0.0731544 0.0585361 0.0418671 0.0283857 0.0187004 0.011501 0.00633733 0.00305747 0.00126899 0.000443627
 3.64698e-11 1.71536e-09 5.58683e-08 1.25997e-06 1.96763e-05 0.000212771 0.00159323 0.00826153 0.0296727 0.0738838 0.127979 0.156302 0.141357 0.109142 0.0891177 0.0783628 0.0636494 0.0458327 0.030916 0.0199842 0.0120538 0.00661495 0.00322471 0.00135017 0.000469273
 3.391e-11 1.59496e-09 5.19469e-08 1.17153e-06 1.82952e-05 0.000197837 0.0014814 0.00768181 0.0275924 0.0687217 0.119159 0.146104 0.133986 0.107369 0.0925215 0.0845514 0.0704181 0.0520868 0.0361411 0.0238012 0.014411 0.00784804 0.00378517 0.00157541 0.000547252
 3.41583e-11 1.60664e-09 5.23273e-08 1.18011e-06 1.84292e-05 0.000199286 0.00149225 0.00773797 0.027793 0.0692109 0.119935 0.146719 0.133482 0.104827 0.0881462 0.0802072 0.0683439 0.052949 0.0388326 0.0268071 0.0168056 0.0093668 0.00456667 0.00190152 0.000657567
 3.67296e-11 1.72758e-09 5.62662e-08 1.26895e-06 1.98164e-05 0.000214286 0.00160457 0.00832026 0.0298825 0.0743947 0.128785 0.156919 0.14074 0.106258 0.0841091 0.0731366 0.060615 0.0459907 0.0335525 0.0236684 0.0154849 0.00905447 0.00459432 0.00196488 0.000689256
 3.58955e-11 1.68835e-09 5.49885e-08 1.24013e-06 1.93664e-05 0.000209421 0.00156814 0.00813143 0.0292055 0.0727202 0.125963 0.153837 0.139121 0.107421 0.0877996 0.0775008 0.063591 0.046836 0.0329006 0.0225554 0.0146335 0.0086815 0.00454871 0.0020218 0.000734301
 3.25937e-11 1.53305e-09 4.99304e-08 1.12606e-06 1.7585e-05 0.000190158 0.0014239 0.0073837 0.0265224 0.0660644 0.114604 0.140769 0.129897 0.105775 0.0931848 0.0865153 0.0729351 0.0548268 0.0389187 0.0264299 0.0167252 0.0096863 0.00503061 0.00225839 0.000839509
 3.63156e-11 1.70811e-09 5.5632e-08 1.25464e-06 1.9593e-05 0.000211871 0.00158648 0.00822646 0.0295455 0.0735536 0.127316 0.155069 0.1389 0.104549 0.0826215 0.0724825 0.0615678 0.0484216 0.0362955 0.025648 0.0165318 0.00956777 0.00490614 0.00217332 0.000804145
 3.60274e-11 1.69455e-09 5.51905e-08 1.24469e-06 1.94376e-05 0.00021019 0.0015739 0.00816129 0.0293126 0.0729856 0.126413 0.154345 0.139442 0.107365 0.0873386 0.0767326 0.062688 0.0460826 0.0326234 0.0228153 0.0151268 0.00908098 0.00476956 0.00212813 0.000784834
 3.73691e-11 1.75766e-09 5.72459e-08 1.29104e-06 2.01614e-05 0.000218017 0.00163251 0.00846511 0.0304026 0.0756879 0.131013 0.159582 0.142961 0.107564 0.0846153 0.0730405 0.0598605 0.0444232 0.0312558 0.0211488 0.0134486 0.00789149 0.00416374 0.00189342 0.000710763
 3.75934e-11 1.76821e-09 5.75895e-08 1.29879e-06 2.02825e-05 0.000219326 0.00164231 0.00851595 0.0305854 0.0761454 0.131821 0.160639 0.144137 0.108892 0.0860377 0.0740232 0.0597303 0.0431624 0.0295567 0.0196487 0.0123057 0.00705792 0.00362852 0.0016227 0.000607725
 3.51554e-11 1.65354e-09 5.38547e-08 1.21456e-06 1.89671e-05 0.000205103 0.00153581 0.00796385 0.0286044 0.0712323 0.123444 0.15104 0.137488 0.10804 0.0905572 0.0811876 0.0668335 0.0488855 0.0336047 0.0221164 0.0135622 0.00758982 0.0038099 0.00166619 0.000612426
 3.77796e-11 1.77697e-09 5.78747e-08 1.30522e-06 2.03829e-05 0.000220412 0.00165044 0.00855805 0.0307359 0.0765127 0.132407 0.16112 0.14383 0.107163 0.0831024 0.0713174 0.0588929 0.044468 0.0318149 0.0215517 0.013368 0.00744837 0.00367845 0.00157316 0.000565133
 3.31143e-11 1.55754e-09 5.0728e-08 1.14405e-06 1.78659e-05 0.000193195 0.00144665 0.00750166 0.0269462 0.0671213 0.116445 0.143066 0.132117 0.107725 0.0947933 0.0872043 0.0719395 0.0522889 0.0360133 0.0241954 0.0153001 0.00874867 0.00438937 0.00187858 0.000667461
 3.36027e-11 1.58051e-09 5.14761e-08 1.16092e-06 1.81294e-05 0.000196044 0.00146798 0.00761213 0.0273412 0.0680877 0.118003 0.144421 0.131608 0.103841 0.0880273 0.0808567 0.0697307 0.0547911 0.0405404 0.0279951 0.0175725 0.0099423 0.00500272 0.00216691 0.000777768
 3.76725e-11 1.77193e-09 5.77106e-08 1.30152e-06 2.03251e-05 0.000219787 0.00164575 0.00853376 0.0306484 0.076292 0.132006 0.160544 0.143028 0.105958 0.0814237 0.0695014 0.0575511 0.0441395 0.0327463 0.023485 0.015562 0.00918716 0.00471371 0.00205261 0.000739102
 3.57171e-11 1.67996e-09 5.47153e-08 1.23397e-06 1.92702e-05 0.00020838 0.00156035 0.00809107 0.029061 0.0723655 0.125382 0.153286 0.139125 0.10844 0.0896931 0.0793332 0.0643038 0.0462251 0.0316708 0.0214944 0.0140348 0.0084447 0.00449047 0.00202394 0.000746173
#pred catch len freq
 2.26485e-11 1.06528e-09 3.46954e-08 7.82467e-07 1.22194e-05 0.000132136 0.000989448 0.00513102 0.0184336 0.0459459 0.0799057 0.0991024 0.094534 0.0835473 0.0820165 0.0833234 0.0777895 0.0681089 0.0589688 0.0507117 0.0433495 0.0372428 0.0313742 0.0240452 0.0153348
 1.06386e-11 5.00388e-10 1.62973e-08 3.67546e-07 5.7398e-06 6.20694e-05 0.00046482 0.00241122 0.00867366 0.0217292 0.0385416 0.0513345 0.0601892 0.0756853 0.0983612 0.111821 0.107362 0.0941929 0.081122 0.0687937 0.0568168 0.0458551 0.0356992 0.025461 0.0154173
 8.05268e-12 3.78759e-10 1.2336e-08 2.78207e-07 4.34462e-06 4.69817e-05 0.00035182 0.00182478 0.00656036 0.0163982 0.0288373 0.0372801 0.0405176 0.0466061 0.0608564 0.0792882 0.0972499 0.111018 0.114009 0.103949 0.0864433 0.0675368 0.049546 0.0329464 0.018729
 3.13821e-11 1.47606e-09 4.80745e-08 1.0842e-06 1.69313e-05 0.000183088 0.00137094 0.00710842 0.0255247 0.063493 0.109553 0.131791 0.112786 0.0739541 0.045929 0.0362251 0.0377583 0.04538 0.0554763 0.0624872 0.0615765 0.0524424 0.0387881 0.0248086 0.0133451
 4.38051e-11 2.06038e-09 6.71053e-08 1.51339e-06 2.36338e-05 0.000255565 0.00191364 0.00992252 0.035631 0.0886483 0.153063 0.184621 0.159507 0.107404 0.0683605 0.0478968 0.0334626 0.0216125 0.0154335 0.0146837 0.0158347 0.0156073 0.0128686 0.00862498 0.0046226
 3.32038e-11 1.56175e-09 5.08651e-08 1.14713e-06 1.79142e-05 0.000193717 0.00145057 0.00752211 0.0270215 0.0673282 0.116935 0.144277 0.135149 0.113924 0.103638 0.0947027 0.0731246 0.0458455 0.0252713 0.0140498 0.00916766 0.00736198 0.00613811 0.00440033 0.00248041
 2.79611e-11 1.31516e-09 4.28338e-08 9.66009e-07 1.50856e-05 0.000163131 0.00122154 0.0063346 0.0227576 0.0567235 0.09865 0.122351 0.116692 0.102966 0.10034 0.0997759 0.0883583 0.0691426 0.0489716 0.0306584 0.0167493 0.00866685 0.00487928 0.002956 0.00162701
 3.0438e-11 1.43166e-09 4.66282e-08 1.05158e-06 1.6422e-05 0.000177581 0.00132973 0.00689534 0.0247679 0.0616924 0.107006 0.131376 0.121067 0.0984353 0.0873188 0.0836216 0.0756288 0.0636547 0.0510434 0.0376737 0.0243098 0.0134224 0.00646393 0.00287446 0.00122348
 3.51482e-11 1.6532e-09 5.38437e-08 1.21431e-06 1.89632e-05 0.00020506 0.00153549 0.00796207 0.0285964 0.0711971 0.123278 0.150342 0.135276 0.103084 0.0828948 0.0732533 0.0619813 0.0488569 0.0379505 0.0290264 0.0206478 0.012921 0.00684155 0.00301514 0.00111459
 3.42025e-11 1.60872e-09 5.2395e-08 1.18164e-06 1.8453e-05 0.000199544 0.00149418 0.00774805 0.0278298 0.0693098 0.120154 0.14721 0.134623 0.107054 0.0911047 0.0821362 0.0672722 0.0489139 0.0341634 0.023947 0.0164287 0.0105242 0.00595865 0.00282662 0.00108265
 3.55511e-11 1.67216e-09 5.4461e-08 1.22823e-06 1.91806e-05 0.000207412 0.00155309 0.00805344 0.0289254 0.0720249 0.12477 0.152438 0.138046 0.107014 0.0880783 0.078368 0.0649191 0.048259 0.033834 0.0227283 0.0143952 0.0085496 0.00467763 0.00224525 0.000892485
 3.485e-11 1.63918e-09 5.3387e-08 1.20401e-06 1.88023e-05 0.000203321 0.00152247 0.0078947 0.0283562 0.0706174 0.122398 0.149849 0.13669 0.107994 0.0911479 0.0819198 0.0672576 0.0489928 0.03373 0.0224748 0.0140627 0.00805899 0.00416952 0.00190268 0.000737607
 3.59837e-11 1.6925e-09 5.51237e-08 1.24318e-06 1.9414e-05 0.000209935 0.00157199 0.00815142 0.0292771 0.0728992 0.126274 0.154225 0.139501 0.107786 0.0882329 0.0780822 0.0642912 0.047411 0.032954 0.0218909 0.0135073 0.00758747 0.0038201 0.00168014 0.000625211
 3.51255e-11 1.65214e-09 5.3809e-08 1.21353e-06 1.8951e-05 0.000204928 0.0015345 0.0079571 0.0285802 0.0711739 0.123354 0.150977 0.137583 0.108412 0.091145 0.0816643 0.0668555 0.0484781 0.0331387 0.0218731 0.0135065 0.00756915 0.00376612 0.00162109 0.000586143
 3.44666e-11 1.62115e-09 5.27997e-08 1.19076e-06 1.85955e-05 0.000201085 0.00150572 0.00780789 0.0280447 0.0698445 0.121078 0.148329 0.135611 0.107798 0.0918258 0.0831858 0.068798 0.0504759 0.0347805 0.0228982 0.0139929 0.00775781 0.00382866 0.00163363 0.000582732
 3.33707e-11 1.5696e-09 5.11207e-08 1.1529e-06 1.80042e-05 0.000194691 0.00145785 0.00755969 0.0271541 0.0676351 0.117308 0.143989 0.132539 0.10722 0.0935285 0.0859954 0.0716145 0.0528614 0.036727 0.0244073 0.0150193 0.00833602 0.0040925 0.00173079 0.000611189
 3.45327e-11 1.62426e-09 5.2901e-08 1.19305e-06 1.86312e-05 0.00020147 0.00150861 0.00782282 0.0280978 0.0699717 0.121265 0.148396 0.135164 0.106424 0.0896179 0.081055 0.0678606 0.051068 0.0363289 0.0245981 0.0153337 0.00859239 0.00424428 0.00179752 0.000632655
 3.55042e-11 1.66995e-09 5.43891e-08 1.22661e-06 1.91553e-05 0.000207138 0.00155105 0.00804284 0.0288876 0.0719336 0.124631 0.152358 0.138257 0.107743 0.0892334 0.0793871 0.065211 0.0478703 0.033361 0.0225205 0.0142229 0.00812027 0.00407689 0.00174597 0.000618279
 3.33379e-11 1.56805e-09 5.10705e-08 1.15177e-06 1.79865e-05 0.000194499 0.00145642 0.00755228 0.0271276 0.0675704 0.117204 0.143901 0.132584 0.107503 0.0940039 0.086404 0.0716571 0.0524866 0.0361824 0.0240098 0.014916 0.00845332 0.00426361 0.00184813 0.00066312
 3.31014e-11 1.55693e-09 5.07083e-08 1.1436e-06 1.78589e-05 0.00019312 0.00144608 0.00749867 0.0269347 0.0670861 0.116339 0.142721 0.13113 0.10563 0.0918205 0.0848055 0.0717707 0.0544446 0.0389317 0.0263646 0.0163961 0.0091978 0.00458542 0.00197567 0.000709949
 3.5108e-11 1.65131e-09 5.37822e-08 1.21292e-06 1.89415e-05 0.000204826 0.00153374 0.00795307 0.0285651 0.0711293 0.12323 0.150607 0.136555 0.106218 0.0879002 0.0786323 0.0656278 0.049535 0.0356397 0.0246335 0.0157548 0.00904471 0.00455511 0.0019605 0.000700779
 3.48695e-11 1.64009e-09 5.34168e-08 1.20468e-06 1.88129e-05 0.000203435 0.00152332 0.00789911 0.028372 0.0706556 0.122458 0.149891 0.136628 0.107739 0.0906982 0.0814102 0.0668721 0.0488485 0.0338705 0.0228787 0.0145897 0.00848337 0.0043586 0.00191027 0.000690367
 3.46558e-11 1.63004e-09 5.30895e-08 1.1973e-06 1.86976e-05 0.000202188 0.00151399 0.00785072 0.0281983 0.0702244 0.121719 0.149031 0.135987 0.107549 0.090988 0.0821281 0.0679332 0.0499846 0.0346331 0.0230141 0.0142875 0.00811711 0.00413284 0.00182044 0.000666069
 3.38256e-11 1.59099e-09 5.18177e-08 1.16862e-06 1.82497e-05 0.000197345 0.00147772 0.00766271 0.0275237 0.0685513 0.118866 0.145759 0.133713 0.107231 0.092463 0.084447 0.0701891 0.0518237 0.0360701 0.0240602 0.0149089 0.00837464 0.00418793 0.00181476 0.000658498
 3.42798e-11 1.61236e-09 5.25134e-08 1.18431e-06 1.84947e-05 0.000199994 0.00149756 0.00776553 0.0278923 0.0694625 0.120399 0.147417 0.134528 0.106453 0.0902491 0.0819089 0.0685509 0.0514612 0.036515 0.024705 0.0154286 0.00868882 0.00433071 0.00185943 0.000666458
 3.41587e-11 1.60666e-09 5.2328e-08 1.18013e-06 1.84294e-05 0.000199288 0.00149227 0.00773814 0.0277942 0.0692206 0.119998 0.147008 0.134414 0.106878 0.0911178 0.0827133 0.0687557 0.051039 0.0359371 0.0243969 0.0154304 0.00881571 0.00443784 0.00191185 0.000683503
 3.24835e-11 1.52787e-09 4.97617e-08 1.12225e-06 1.75256e-05 0.000189515 0.00141909 0.00735877 0.0264329 0.0658441 0.114237 0.140388 0.129766 0.106112 0.0939384 0.0873249 0.0734064 0.0548796 0.0387661 0.0262613 0.0165514 0.0094662 0.00479964 0.00208791 0.000752263
 3.56011e-11 1.67451e-09 5.45376e-08 1.22996e-06 1.92076e-05 0.000207703 0.00155528 0.00806473 0.0289656 0.0721214 0.124913 0.152497 0.137733 0.106031 0.0864971 0.0768618 0.0643415 0.048931 0.0353603 0.0243601 0.0154813 0.00887749 0.00450501 0.00196448 0.000711311
 3.55933e-11 1.67414e-09 5.45256e-08 1.22969e-06 1.92034e-05 0.000207658 0.00155494 0.00806303 0.0289603 0.0721158 0.124956 0.152794 0.138777 0.10838 0.089933 0.0798127 0.0649615 0.0469547 0.0322589 0.0217185 0.0138581 0.00805861 0.0041379 0.00181669 0.000660359
#obs catch len freq
 2.16402e-11 1.01785e-09 3.31508e-08 7.47635e-07 1.16754e-05 0.000126254 0.000945401 0.00490262 0.0176133 0.043903 0.0763654 0.0947722 0.0906013 0.0805032 0.0796433 0.0817035 0.0776234 0.0702085 0.063817 0.0579907 0.0512963 0.0428925 0.0325002 0.0212189 0.0113603
 2.23329e-11 1.05043e-09 3.42119e-08 7.71565e-07 1.20491e-05 0.000130295 0.000975661 0.00505954 0.0181771 0.045308 0.0788083 0.0977984 0.0934735 0.082994 0.0819546 0.0837213 0.0787979 0.0700145 0.0620129 0.0547516 0.0473332 0.0391698 0.0296768 0.0194272 0.0104026
 6.56445e-16 3.09504e-14 1.01765e-12 2.38125e-11 4.25326e-10 6.89544e-09 1.19924e-07 2.02832e-06 2.73432e-05 0.00026616 0.00181489 0.00860698 0.0284023 0.0656209 0.107964 0.131767 0.129648 0.115639 0.101319 0.0876146 0.0736764 0.0593771 0.0442042 0.0287113 0.0153387
 1.10176e-11 5.18215e-10 1.68779e-08 3.80639e-07 5.94422e-06 6.4278e-05 0.0004813 0.00249549 0.00895948 0.0222741 0.0383481 0.0457617 0.0382021 0.0244068 0.0204091 0.0371898 0.0733479 0.111717 0.131241 0.126873 0.108681 0.0861038 0.0625572 0.0398449 0.0210346
 5.08522e-11 2.39184e-09 7.79007e-08 1.75686e-06 2.74358e-05 0.000296678 0.00222147 0.0115182 0.0413546 0.102824 0.1771 0.211543 0.176041 0.103873 0.0462916 0.018684 0.00950402 0.00846706 0.0118645 0.0165248 0.0187849 0.0172451 0.0131274 0.00835399 0.00435125
 3.17543e-11 1.49357e-09 4.86446e-08 1.09706e-06 1.71322e-05 0.000185262 0.00138726 0.00719407 0.0258466 0.0644347 0.112142 0.139451 0.134047 0.119662 0.115215 0.105977 0.0773217 0.0418585 0.0179516 0.00863359 0.00721741 0.00751272 0.00670579 0.00469653 0.00254276
 3.57487e-11 1.68145e-09 5.47637e-08 1.23506e-06 1.92872e-05 0.000208564 0.00156172 0.0080981 0.0290848 0.072411 0.125367 0.15283 0.137355 0.104504 0.0845107 0.0766493 0.0677762 0.0544926 0.0386596 0.0229121 0.0112884 0.0054661 0.00330984 0.00222298 0.0012714
 2.16079e-11 1.01633e-09 3.31013e-08 7.46518e-07 1.1658e-05 0.000126066 0.000944022 0.00489598 0.0175968 0.0439341 0.0769129 0.0977606 0.10071 0.103529 0.115445 0.119243 0.102524 0.0766809 0.05498 0.0382832 0.024018 0.0128019 0.00589538 0.00257651 0.00113004
 4.12474e-11 1.94008e-09 6.31871e-08 1.42503e-06 2.22538e-05 0.000240643 0.00180191 0.0093431 0.03355 0.0834646 0.144074 0.173605 0.149492 0.099978 0.0643664 0.0503094 0.0458749 0.0424248 0.0364918 0.0276827 0.0183128 0.0106086 0.00530338 0.00224407 0.00080841
 3.22155e-11 1.51526e-09 4.93511e-08 1.11299e-06 1.7381e-05 0.000187952 0.00140739 0.00729825 0.0262178 0.0653287 0.113485 0.140126 0.131594 0.111585 0.102189 0.0937424 0.0730064 0.0478123 0.0303801 0.0212842 0.0153853 0.0100464 0.00551905 0.00248325 0.000903817
 3.94069e-11 1.85351e-09 6.03676e-08 1.36144e-06 2.12609e-05 0.000229906 0.00172152 0.00892652 0.0320576 0.0797867 0.137962 0.16736 0.147733 0.106597 0.0786074 0.0657537 0.0550248 0.0426693 0.0305962 0.0199904 0.0119639 0.00683321 0.00370582 0.00176894 0.000688643
 3.46538e-11 1.62995e-09 5.30863e-08 1.19723e-06 1.86965e-05 0.000202176 0.0015139 0.00785035 0.0281981 0.070234 0.121806 0.149467 0.137421 0.110714 0.0955477 0.085901 0.0684511 0.0471167 0.0306181 0.0198791 0.0123883 0.0070074 0.00351926 0.00155536 0.000588793
 3.6927e-11 1.73687e-09 5.65686e-08 1.27577e-06 1.99229e-05 0.000215438 0.00161319 0.008365 0.0300435 0.0747977 0.129499 0.157865 0.141838 0.107628 0.0858995 0.0751735 0.0623497 0.0466565 0.0325153 0.0210992 0.0124829 0.00672825 0.00328628 0.00141056 0.000512
 3.66251e-11 1.72267e-09 5.61062e-08 1.26534e-06 1.97601e-05 0.000213677 0.00160001 0.0082967 0.029799 0.074197 0.128514 0.156919 0.141797 0.109218 0.0887986 0.0777019 0.0627703 0.0450353 0.0305768 0.020159 0.0124023 0.00683482 0.00329764 0.00136869 0.000478484
 3.50145e-11 1.64691e-09 5.36389e-08 1.20969e-06 1.88911e-05 0.000204281 0.00152966 0.00793197 0.0284903 0.0709518 0.122983 0.150594 0.137457 0.108777 0.091998 0.0827176 0.0677242 0.0488932 0.0330195 0.0213576 0.012886 0.00707238 0.00344783 0.0014436 0.00050175
 3.22655e-11 1.51761e-09 4.94277e-08 1.11472e-06 1.7408e-05 0.000188243 0.00140957 0.00730942 0.0262562 0.0654082 0.113512 0.139642 0.129539 0.106869 0.0956461 0.0893571 0.074991 0.0556124 0.0386363 0.025462 0.0154215 0.00839939 0.00405128 0.0016862 0.00058574
 3.26433e-11 1.53538e-09 5.00064e-08 1.12777e-06 1.76118e-05 0.000190447 0.00142607 0.00739489 0.026562 0.0661575 0.114728 0.140743 0.129311 0.104201 0.0907804 0.0844076 0.0724692 0.0562832 0.0413228 0.0285416 0.017897 0.009976 0.00486383 0.00202528 0.000700366
 3.49719e-11 1.64491e-09 5.35736e-08 1.20822e-06 1.88681e-05 0.000204032 0.00152779 0.00792222 0.0284543 0.0708524 0.122745 0.14999 0.135917 0.105566 0.0872048 0.0780171 0.06534 0.0497474 0.0363499 0.0256621 0.0167949 0.00982177 0.00498391 0.00213154 0.000747724
 3.41588e-11 1.60667e-09 5.23281e-08 1.18013e-06 1.84294e-05 0.000199289 0.00149227 0.00773815 0.0277944 0.0692207 0.119997 0.147007 0.134408 0.106853 0.0910305 0.0824818 0.0683167 0.0504753 0.0355107 0.0243647 0.0158131 0.0093826 0.0049163 0.00218523 0.000793662
 3.09286e-11 1.45473e-09 4.73797e-08 1.06853e-06 1.66867e-05 0.000180443 0.00135117 0.00700663 0.0251694 0.062709 0.108884 0.134214 0.125357 0.105185 0.0962201 0.0912501 0.0774869 0.0583932 0.0415016 0.0282029 0.0178526 0.0103404 0.00537056 0.00241104 0.000896259
 3.46698e-11 1.6307e-09 5.31109e-08 1.19779e-06 1.87051e-05 0.00020227 0.00151459 0.00785377 0.0282082 0.0702365 0.121657 0.148566 0.134332 0.103785 0.0853532 0.0769169 0.0659809 0.0520567 0.0390721 0.0276275 0.0178126 0.0103101 0.00528701 0.00234208 0.000866591
 3.43653e-11 1.61638e-09 5.26444e-08 1.18726e-06 1.85408e-05 0.000200493 0.00150129 0.00778491 0.0279621 0.0696365 0.120704 0.147808 0.134929 0.106815 0.0904168 0.081472 0.0671693 0.0495274 0.0351129 0.0245754 0.0162992 0.00978597 0.00514005 0.00229347 0.000845816
 3.58682e-11 1.68707e-09 5.49467e-08 1.23919e-06 1.93517e-05 0.000209261 0.00156694 0.00812523 0.0291831 0.0726635 0.125858 0.153677 0.13888 0.107057 0.087388 0.0773401 0.0639694 0.047613 0.0335431 0.0227111 0.0144462 0.0084778 0.00447326 0.00203419 0.00076361
 3.58989e-11 1.68851e-09 5.49937e-08 1.24025e-06 1.93683e-05 0.000209441 0.00156829 0.00813223 0.0292086 0.0727313 0.126003 0.153986 0.139575 0.108421 0.0893164 0.0790085 0.0644082 0.0467006 0.03203 0.0213113 0.0133522 0.00765927 0.00393791 0.0017611 0.000659562
 3.35326e-11 1.57721e-09 5.13688e-08 1.1585e-06 1.80916e-05 0.000195635 0.00146492 0.00759637 0.0272859 0.0679627 0.117872 0.144666 0.133111 0.107571 0.0936755 0.085955 0.0713386 0.0523232 0.036015 0.0237197 0.0145502 0.00814376 0.00408816 0.00178791 0.00065717
 3.6122e-11 1.699e-09 5.53354e-08 1.24795e-06 1.94886e-05 0.000210742 0.00157803 0.00818268 0.029389 0.0731723 0.126712 0.154592 0.139301 0.106557 0.0860994 0.0760182 0.0634432 0.0480683 0.0344417 0.0233484 0.0144872 0.00807302 0.00398715 0.00170522 0.000612579
 3.14397e-11 1.47877e-09 4.81626e-08 1.08619e-06 1.69624e-05 0.000183425 0.0013735 0.00712243 0.0255855 0.0637472 0.110696 0.13649 0.127606 0.107252 0.098022 0.0921155 0.0765468 0.0557778 0.0384668 0.0258632 0.0163603 0.00935608 0.00469433 0.00200913 0.00071385
 3.19814e-11 1.50425e-09 4.89925e-08 1.1049e-06 1.72547e-05 0.000186585 0.00139715 0.00724497 0.0260238 0.06482 0.112428 0.138017 0.12712 0.103117 0.0907678 0.0852867 0.0741353 0.0584033 0.0432632 0.0298926 0.0187683 0.0106199 0.00534389 0.00231472 0.000830825
 3.60853e-11 1.69728e-09 5.52792e-08 1.24669e-06 1.94688e-05 0.000210528 0.00157642 0.00817433 0.0293587 0.0730932 0.12655 0.154281 0.138653 0.105287 0.0841481 0.0738371 0.0617788 0.0475404 0.0353191 0.0253472 0.0168007 0.00991942 0.00508961 0.00221632 0.000798057
#spawning biomass
 25843.6 24980.3 19655.4 14129.4 15758 30301.8 44165.3 49151.8 60639.5 78561.1 90006.9 103740 116989 139518 144325 127553 118966 110137 130686 137319 134304 144057 151917 151622 161395 166277 181836 164494 174566 207925 246414 163559 99615.7 61722.3 41690.1 31789.6 27099.1 24937.3 23958.9 23521.7 23327.9 23242.5 23205 23188.6 23181.5 23178.3 23177 23176.4 23176.1 23176 23176 23176 23176 23176 23175.9 23175.9 23175.9 23175.9 23175.9 23175.9 23175.9 23175.9 23175.9 23175.9 23175.9 23175.9 23175.9 23175.9 23175.9 23175.9 23175.9 23175.9 23175.9 23175.9 23175.9 23175.9 23175.9 23175.9 23175.9 23175.9 23175.9 23175.9 23175.9 23175.9 23175.9 23175.9 23175.9 23175.9 23175.9 23175.9 23175.9 23175.9 23175.9 23175.9 23175.9 23175.9 23175.9 23175.9 23175.9 23175.9 23175.9 23175.9 23175.9 23175.9 23175.9 23175.9 23175.9 23175.9 23175.9 23175.9 23175.9 23175.9 23175.9 23175.9 23175.9 23175.9 23175.9 23175.9 23175.9 23175.9 23175.9 23175.9 23175.9 23175.9 23175.9 23175.9 23175.9 23175.9 23175.9 0 0 0 0 0 0 0 0 0 0 0 0 0 0 0 0 0 0 0 0 0 0 0 0 0
