SBPRF35
0.0450248
Curr Bio
37393.1
B35
28103.1
F35
2.56802
FOFL
2.56802
OFL
47824.5
Bzero
12864.2
#pred survey bio
 7682.33 7735.9 9282.08 11307.8 14607.6 17644.4 16708.4 16942 27680.5 40043.6 39163.8 49689 78008.7 85791.5 74138.1 61648.2 59971.8 62573.1 62732.5 67358.2 68565.3 73749.5 79174.4 82991.2 90222.6 84979.8 74796.7 73718.1 87631.2 2.19489e+06 1.60877e+06 635782 310127 250280 231839 224926 222227 221160 220735 220565 220497 220470 220459 220454 220452 220452 220451 220451 220451 220451 220451 220451 220451 220451 220451 220451 220451 220451 220451 220451 220451 220451 220451 220451 220451 220451 220451 220451 220451 220451 220451 220451 220451 220451 220451 220451 220451 220451 220451 220451 220451 220451 220451 220451 220451 220451 220451 220451 220451 220451 220451 220451 220451 220451 220451 220451 220451 220451 220451 220451 220451 220451 220451 220451 220451 220451 220451 220451 220451 220451 220451 220451 220451 220451 220451 220451 220451 220451 220451 220451 220451 220451 220451 220451 220451 220451 220451 220451 220451 0 0 0 0 0 0 0 0 0 0 0 0 0 0 0 0 0 0 0 0 0 0 0 0 0
#obs survey bio
 5596.35 5490.72 16415.3 14469.8 11591.2 11725.9 11776.3 19880.4 48952.2 33555.7 35637 64133.7 93962.9 63045.2 75591.6 63693.2 75747 64811.9 50398.4 64190.7 71037.5 108406 51695 111988 105842 61688 68637.2 95557.4 62571.5
#pred catch bio
 2946.38 3226.29 3998.76 4526.6 5884.64 8693.83 8912.41 7807.39 8619.79 19668.6 21860 17588.5 36948.6 47809.6 44305.4 35884.2 30548.9 34912.2 32339.7 37166.3 37126.5 36903.5 42264.7 40390.3 47883.5 50039.4 44208.8 40918.7 54614.1 47824.5 47097.8 14323.1 5445.86 4984.92 4967.45 4966.84 4966.82 4966.82 4966.82 4966.82 4966.82 4966.82 4966.82 4966.82 4966.82 4966.82 4966.82 4966.82 4966.82 4966.82 4966.82 4966.82 4966.82 4966.82 4966.82 4966.82 4966.82 4966.82 4966.82 4966.82 4966.82 4966.82 4966.82 4966.82 4966.82 4966.82 4966.82 4966.82 4966.82 4966.82 4966.82 4966.82 4966.82 4966.82 4966.82 4966.82 4966.82 4966.82 4966.82 4966.82 4966.82 4966.82 4966.82 4966.82 4966.82 4966.82 4966.82 4966.82 4966.82 4966.82 4966.82 4966.82 4966.82 4966.82 4966.82 4966.82 4966.82 4966.82 4966.82 4966.82 4966.82 4966.82 4966.82 4966.82 4966.82 4966.82 4966.82 4966.82 4966.82 4966.82 4966.82 4966.82 4966.82 4966.82 4966.82 4966.82 4966.82 4966.82 4966.82 4966.82 4966.82 4966.82 4966.82 4966.82 4966.82 4966.82 4966.82 4966.82 4966.82 0 0 0 0 0 0 0 0 0 0 0 0 0 0 0 0 0 0 0 0 0 0 0 0 0
#obs catch bio
 3606.88 3323.74 4009.73 4482.3 5820.69 8944.6 9177.33 7975.81 8320.45 19030.6 22562.8 17168.2 35841.1 47889.7 44799.9 36996.1 29977.4 34987.7 32846 37349.8 37499.1 35975.1 42476.8 39772.9 46575.4 50738.4 45004.1 40947.3 54690.3
#pred cpue bio
 4888.15 4037.8 4551.77 5537.71 7077.42 8962.38 9044.47 8131.27 10994.5 20390.1 20690.6 20342.2 36105.4 44024.4 39609.2 31634.2 28746.7 31773.1 30341.4 33240.8 33457.5 35234.6 39818.7 40157.3 45443.4 44405.7 37728.1 34936 39077.8 994919 1.11582e+06 537780 212118 151195 132639 125715 123014 121947 121522 121352 121284 121257 121246 121242 121240 121239 121239 121239 121239 121239 121239 121239 121239 121239 121239 121239 121239 121239 121239 121239 121239 121239 121239 121239 121239 121239 121239 121239 121239 121239 121239 121239 121239 121239 121239 121239 121239 121239 121239 121239 121239 121239 121239 121239 121239 121239 121239 121239 121239 121239 121239 121239 121239 121239 121239 121239 121239 121239 121239 121239 121239 121239 121239 121239 121239 121239 121239 121239 121239 121239 121239 121239 121239 121239 121239 121239 121239 121239 121239 121239 121239 121239 121239 121239 121239 121239 121239 121239 121239 0 0 0 0 0 0 0 0 0 0 0 0 0 0 0 0 0 0 0 0 0 0 0 0 0
#obs cpue bio
 3216.43 3124.8 4288.35 5516.26 7835.58 5178.33 10059.1 8678.72 17871.6 20341.6 16338.5 28798.8 41089.5 43185.7 29154.6 24413.2 32036.5 27170.2 22404.1 36918.2 34834 40505.5 42740.9 52371.5 57303.2 34489.9 33057.5 36014.8 43422.3
#pred surv len freq
 2.14302e-27 2.16686e-27 5.96674e-27 1.30004e-21 7.73186e-17 1.05719e-12 3.3233e-09 2.40176e-06 0.000399049 0.0152434 0.133868 0.270285 0.126019 0.0282926 0.0913525 0.128493 0.0521273 0.0414206 0.0359936 0.0220494 0.0168295 0.0127705 0.0114153 0.00958308 0.00385532
 2.14394e-27 2.16997e-27 6.32795e-27 1.42259e-21 8.46066e-17 1.15684e-12 3.63656e-09 2.62815e-06 0.000436663 0.0166802 0.146487 0.295762 0.137905 0.0311724 0.10126 0.142175 0.0537482 0.0314953 0.0240847 0.00879525 0.00429919 0.0023994 0.00164915 0.00118761 0.000460265
 2.1443e-27 2.1709e-27 6.42472e-27 1.45539e-21 8.65574e-17 1.18352e-12 3.72041e-09 2.68875e-06 0.000446732 0.0170648 0.149864 0.302582 0.141083 0.0318344 0.103247 0.144878 0.0534917 0.0274746 0.0199907 0.00560401 0.00164148 0.000479226 0.000184471 9.73375e-05 3.39904e-05
 2.14407e-27 2.17033e-27 6.36247e-27 1.43426e-21 8.53007e-17 1.16634e-12 3.66639e-09 2.64971e-06 0.000440245 0.0168171 0.147688 0.298189 0.139069 0.0323015 0.107423 0.150732 0.0551357 0.0267265 0.0191025 0.00492897 0.00116722 0.000228086 3.69676e-05 8.8228e-06 2.3126e-06
 2.14458e-27 2.1716e-27 6.5007e-27 1.48116e-21 8.80906e-17 1.20448e-12 3.7863e-09 2.73637e-06 0.000454644 0.0173671 0.152519 0.307941 0.143548 0.0315133 0.0996718 0.139862 0.0520489 0.0279704 0.0203459 0.00527116 0.00123886 0.000219162 2.41571e-05 2.1743e-06 2.3508e-07
 2.14324e-27 2.1683e-27 6.14754e-27 1.36135e-21 8.09649e-17 1.10705e-12 3.48003e-09 2.51503e-06 0.000417868 0.0159623 0.140181 0.283032 0.132086 0.0329373 0.115872 0.162658 0.0595678 0.0290963 0.0209032 0.00559964 0.0014038 0.000250956 2.62824e-05 1.71633e-06 6.92184e-08
 2.14153e-27 2.1641e-27 5.70446e-27 1.21105e-21 7.20261e-17 9.84828e-13 3.09582e-09 2.23736e-06 0.000371734 0.0142 0.124705 0.251786 0.11769 0.0342718 0.133436 0.187463 0.0689853 0.0347028 0.0248316 0.00605611 0.00125281 0.000219441 2.37128e-05 1.51622e-06 4.77678e-08
 2.14498e-27 2.17262e-27 6.61123e-27 1.51867e-21 9.03212e-17 1.23498e-12 3.88218e-09 2.80566e-06 0.000466157 0.0178069 0.156381 0.315738 0.147129 0.0308801 0.0934559 0.131151 0.0496798 0.0293278 0.0215053 0.00523229 0.00105772 0.000169063 1.56601e-05 9.56731e-07 2.9942e-08
 2.14754e-27 2.17882e-27 7.25496e-27 1.73698e-21 1.03305e-16 1.41251e-12 4.44025e-09 3.20898e-06 0.000533167 0.0203666 0.178861 0.361124 0.168074 0.0298586 0.0735404 0.102856 0.0366201 0.0146651 0.0101094 0.00264676 0.000629058 0.00010386 9.28009e-06 5.09682e-07 1.42819e-08
 2.14238e-27 2.16609e-27 5.90272e-27 1.27825e-21 7.60223e-17 1.03947e-12 3.26759e-09 2.36149e-06 0.000392359 0.0149878 0.131624 0.265756 0.124166 0.0347265 0.132002 0.185234 0.0653605 0.0243001 0.0163727 0.00404457 0.000864495 0.000151228 1.56943e-05 9.07721e-07 2.42076e-08
 2.14272e-27 2.16708e-27 6.02684e-27 1.32045e-21 7.8532e-17 1.07379e-12 3.37546e-09 2.43945e-06 0.000405312 0.0154826 0.135969 0.274528 0.128142 0.0326009 0.116382 0.163532 0.062017 0.0368086 0.0268462 0.00609296 0.00101841 0.000156748 1.48981e-05 9.0385e-07 2.66221e-08
 2.14726e-27 2.17814e-27 7.18608e-27 1.71363e-21 1.01916e-16 1.39352e-12 4.38055e-09 3.16584e-06 0.000525999 0.0200928 0.176456 0.356269 0.165829 0.0298488 0.0749438 0.104882 0.0379916 0.0172661 0.0121514 0.00301061 0.000629269 9.42596e-05 7.1642e-06 3.65092e-07 1.02138e-08
 2.14459e-27 2.17154e-27 6.47996e-27 1.47406e-21 8.76682e-17 1.19871e-12 3.76815e-09 2.72325e-06 0.000452464 0.0172838 0.151787 0.306465 0.142915 0.0328251 0.108124 0.151557 0.0531891 0.0188567 0.0125733 0.00315295 0.000690116 0.00011442 1.04208e-05 5.26997e-07 1.2345e-08
 2.14257e-27 2.1666e-27 5.96279e-27 1.29865e-21 7.72359e-17 1.05606e-12 3.31975e-09 2.39919e-06 0.000398622 0.0152271 0.133725 0.269998 0.1261 0.0340033 0.126308 0.17731 0.0639696 0.0282509 0.0195792 0.00434042 0.000674857 0.000102289 9.66924e-06 5.45664e-07 1.42061e-08
 2.14176e-27 2.16464e-27 5.75886e-27 1.2295e-21 7.31229e-17 9.99826e-13 3.14296e-09 2.27143e-06 0.000377395 0.0144162 0.126604 0.255621 0.119463 0.0342791 0.132325 0.18587 0.0680584 0.0331818 0.0234694 0.00532554 0.000876975 0.000120558 8.64681e-06 4.25547e-07 1.14952e-08
 2.1429e-27 2.16744e-27 6.05581e-27 1.33023e-21 7.91138e-17 1.08174e-12 3.40047e-09 2.45753e-06 0.000408314 0.0155973 0.136977 0.276562 0.129108 0.0332929 0.119993 0.168477 0.0617775 0.0303908 0.0215405 0.00491963 0.000828627 0.000116372 8.40574e-06 3.65071e-07 7.97824e-09
 2.14418e-27 2.17056e-27 6.38085e-27 1.44047e-21 8.567e-17 1.17139e-12 3.68226e-09 2.66118e-06 0.000442152 0.0168899 0.148328 0.29948 0.139681 0.0326975 0.109451 0.153519 0.0551469 0.0236125 0.0163044 0.0037224 0.000628011 8.87541e-05 6.5342e-06 2.88976e-07 6.11916e-09
 2.14277e-27 2.16708e-27 6.01234e-27 1.31546e-21 7.82353e-17 1.06973e-12 3.3627e-09 2.43023e-06 0.00040378 0.0154241 0.135455 0.273491 0.127713 0.0339458 0.124905 0.175309 0.0629402 0.0268423 0.0185191 0.00422716 0.000713372 0.000101394 7.58912e-06 3.41919e-07 7.37693e-09
 2.14421e-27 2.17066e-27 6.39501e-27 1.44529e-21 8.59567e-17 1.17531e-12 3.69459e-09 2.67009e-06 0.000443631 0.0169464 0.148824 0.300482 0.140131 0.0323448 0.106996 0.150115 0.0547218 0.0259275 0.0182275 0.00408869 0.000651489 9.06586e-05 6.74176e-06 3.04767e-07 6.67065e-09
 2.14342e-27 2.16868e-27 6.18099e-27 1.37266e-21 8.16376e-17 1.11625e-12 3.50894e-09 2.53592e-06 0.00042134 0.0160949 0.141346 0.285384 0.133193 0.0334703 0.118417 0.166142 0.0593939 0.0245327 0.0168471 0.0039364 0.00070977 0.000101203 7.26247e-06 3.19443e-07 6.94731e-09
 2.1438e-27 2.16962e-27 6.28146e-27 1.40675e-21 8.3665e-17 1.14397e-12 3.59608e-09 2.5989e-06 0.000431803 0.0164946 0.144856 0.292471 0.136452 0.0329898 0.113348 0.159024 0.0572591 0.0249355 0.0172349 0.00382305 0.000589127 8.26411e-05 6.42159e-06 2.92896e-07 6.23274e-09
 2.1442e-27 2.17059e-27 6.3835e-27 1.44136e-21 8.57232e-17 1.17211e-12 3.68455e-09 2.66284e-06 0.000442426 0.0169004 0.14842 0.299666 0.139769 0.0327603 0.109778 0.153968 0.0551401 0.0230812 0.0158449 0.00356817 0.000574813 7.83061e-05 5.4633e-06 2.40755e-07 5.37378e-09
 2.14307e-27 2.16784e-27 6.09349e-27 1.34299e-21 7.98727e-17 1.09212e-12 3.43308e-09 2.4811e-06 0.000412231 0.0157469 0.13829 0.279215 0.130346 0.0336021 0.121081 0.16993 0.0611914 0.0266681 0.0184798 0.00421781 0.00071012 9.96596e-05 7.18293e-06 3.08784e-07 6.41872e-09
 2.14423e-27 2.17072e-27 6.40153e-27 1.4475e-21 8.60884e-17 1.17711e-12 3.70025e-09 2.67418e-06 0.000444311 0.0169724 0.149052 0.300942 0.140342 0.0322864 0.106501 0.149422 0.0545441 0.026077 0.0183914 0.00420352 0.000710957 0.000101011 7.52548e-06 3.35177e-07 7.07868e-09
 2.14309e-27 2.16788e-27 6.09853e-27 1.3447e-21 7.99746e-17 1.09351e-12 3.43746e-09 2.48427e-06 0.000412757 0.015767 0.138467 0.279571 0.130508 0.0335303 0.120535 0.169167 0.0609962 0.0268383 0.018713 0.0044853 0.000867561 0.000128602 9.74062e-06 4.43763e-07 9.67621e-09
 2.14234e-27 2.16607e-27 5.90953e-27 1.2806e-21 7.61624e-17 1.04138e-12 3.27361e-09 2.36585e-06 0.000393082 0.0150155 0.131866 0.266245 0.124359 0.0338547 0.126532 0.177684 0.0648925 0.0311223 0.0219709 0.00504673 0.000872564 0.000130446 1.08673e-05 5.26607e-07 1.1768e-08
 2.14315e-27 2.16804e-27 6.11617e-27 1.35069e-21 8.03309e-17 1.09838e-12 3.45278e-09 2.49533e-06 0.000414596 0.0158373 0.139084 0.280817 0.131077 0.0333391 0.118993 0.167021 0.0606274 0.0279329 0.0195581 0.00444488 0.000739215 0.000104727 7.97578e-06 3.83759e-07 9.1781e-09
 2.1443e-27 2.17083e-27 6.40808e-27 1.44969e-21 8.62188e-17 1.17889e-12 3.70585e-09 2.67823e-06 0.000444984 0.0169981 0.149278 0.301398 0.140571 0.0327751 0.109346 0.153342 0.0546791 0.0221428 0.0150767 0.00335083 0.000518303 7.08047e-05 5.14831e-06 2.30815e-07 5.1923e-09
 2.14541e-27 2.17355e-27 6.69411e-27 1.54671e-21 9.19888e-17 1.25778e-12 3.95386e-09 2.85746e-06 0.000474764 0.0181356 0.159268 0.321568 0.149866 0.0319857 0.098448 0.137942 0.0487271 0.0182766 0.0122082 0.00266032 0.000383123 5.00947e-05 3.4483e-06 1.46461e-07 3.11935e-09
#obs surv len freq
 8.67265e-40 4.24466e-33 4.77616e-27 1.23555e-21 7.34827e-17 1.00474e-12 3.15842e-09 2.2826e-06 0.000379256 0.0144871 0.127226 0.256876 0.119966 0.0321925 0.119208 0.167642 0.0650656 0.0431922 0.0337639 0.0126272 0.00533924 0.00162138 0.000359426 4.87872e-05 3.37267e-06
 1.03659e-39 5.07339e-33 5.70866e-27 1.47678e-21 8.78294e-17 1.20091e-12 3.77507e-09 2.72825e-06 0.000453302 0.0173156 0.152065 0.307026 0.143091 0.0305873 0.0942939 0.132398 0.0509204 0.0324384 0.0251396 0.00916539 0.00374598 0.00109175 0.000232658 3.07083e-05 2.06547e-06
 9.68951e-40 4.74234e-33 5.33616e-27 1.38041e-21 8.20984e-17 1.12255e-12 3.52874e-09 2.55023e-06 0.000423724 0.0161857 0.142143 0.286994 0.133913 0.0328192 0.113957 0.15991 0.0578879 0.0262538 0.0191949 0.00674998 0.00264842 0.000745192 0.000151605 1.91275e-05 1.2428e-06
 1.04836e-39 5.131e-33 5.77348e-27 1.49355e-21 8.88268e-17 1.21455e-12 3.81793e-09 2.75923e-06 0.00045845 0.0175122 0.153792 0.310513 0.144732 0.0313612 0.0979679 0.137451 0.0510416 0.0271157 0.0199124 0.00578484 0.00178517 0.000468422 9.05728e-05 1.08875e-05 6.75065e-07
 9.87296e-40 4.83213e-33 5.43719e-27 1.40655e-21 8.36528e-17 1.1438e-12 3.59555e-09 2.59851e-06 0.000431746 0.0164921 0.144834 0.292427 0.136427 0.0328572 0.112551 0.157895 0.0567369 0.0243947 0.0173819 0.00538909 0.00173481 0.000379397 5.91554e-05 6.49722e-06 3.81597e-07
 8.13108e-40 3.9796e-33 4.47791e-27 1.15839e-21 6.88939e-17 9.42e-13 2.96119e-09 2.14006e-06 0.000355573 0.0135824 0.119281 0.240837 0.112649 0.0348215 0.140092 0.196825 0.0719968 0.0349188 0.0251511 0.00701216 0.00196519 0.000438916 6.5394e-05 5.91426e-06 2.97409e-07
 7.92808e-40 3.88024e-33 4.36611e-27 1.12947e-21 6.7174e-17 9.18483e-13 2.88726e-09 2.08663e-06 0.000346696 0.0132433 0.116303 0.234824 0.109823 0.0335803 0.134327 0.188962 0.0727807 0.0465934 0.035181 0.0102949 0.00302976 0.000618686 8.31003e-05 7.20779e-06 3.20571e-07
 1.33063e-39 6.51253e-33 7.328e-27 1.89569e-21 1.12744e-16 1.54156e-12 4.84592e-09 3.50216e-06 0.000581888 0.0222274 0.195201 0.394115 0.183236 0.027461 0.048961 0.0683299 0.0260403 0.015877 0.0121089 0.00406664 0.00143372 0.000311338 4.19817e-05 3.34109e-06 1.36704e-07
 1.10567e-39 5.41149e-33 6.08909e-27 1.57519e-21 9.36825e-17 1.28094e-12 4.02664e-09 2.91006e-06 0.000483511 0.0184695 0.162199 0.327487 0.152628 0.0326551 0.10075 0.141 0.0472151 0.00947032 0.0052036 0.00167653 0.000589193 0.000145596 2.29606e-05 1.92691e-06 7.62606e-08
 6.39166e-40 3.12827e-33 3.51998e-27 9.10586e-22 5.4156e-17 7.40485e-13 2.32772e-09 1.68225e-06 0.000279508 0.0106768 0.0937641 0.18932 0.0889775 0.0387046 0.179324 0.251913 0.088603 0.0320065 0.0211413 0.00450555 0.000635678 0.000124152 2.02981e-05 1.94321e-06 8.53116e-08
 1.23173e-39 6.02847e-33 6.78333e-27 1.75478e-21 1.04364e-16 1.42698e-12 4.48573e-09 3.24185e-06 0.000538638 0.0205753 0.180692 0.364822 0.16971 0.027888 0.0603969 0.0846524 0.0346092 0.0279983 0.0213806 0.00539048 0.00115955 0.000169927 1.31607e-05 9.57796e-07 4.44191e-08
 1.18091e-39 5.77975e-33 6.50347e-27 1.68239e-21 1.00058e-16 1.36811e-12 4.30066e-09 3.1081e-06 0.000516415 0.0197264 0.173237 0.349772 0.162878 0.0312671 0.0855603 0.119636 0.040314 0.00894669 0.00528721 0.00196227 0.000741165 0.000138111 1.31668e-05 6.779e-07 1.84069e-08
 8.82726e-40 4.32033e-33 4.86131e-27 1.25757e-21 7.47926e-17 1.02265e-12 3.21472e-09 2.32329e-06 0.000386017 0.0147454 0.129494 0.261456 0.122214 0.0356826 0.139134 0.19516 0.0671314 0.0194216 0.0120427 0.00261246 0.000410856 9.16174e-05 1.42252e-05 9.6624e-07 2.65196e-08
 9.22767e-40 4.51631e-33 5.08182e-27 1.31462e-21 7.81853e-17 1.06904e-12 3.36055e-09 2.42867e-06 0.000403528 0.0154142 0.135368 0.273315 0.127606 0.0332694 0.120828 0.169686 0.0626352 0.0320884 0.0229395 0.00534358 0.000951343 0.000136174 1.17353e-05 9.07692e-07 3.53591e-08
 7.37207e-40 3.60812e-33 4.05991e-27 1.05026e-21 6.2463e-17 8.54068e-13 2.68477e-09 1.94029e-06 0.000322382 0.0123146 0.108147 0.218357 0.102309 0.0362359 0.155501 0.218488 0.0788627 0.034997 0.0249012 0.00719318 0.00200723 0.000332895 2.75474e-05 1.38285e-06 4.02956e-08
 1.12024e-39 5.48281e-33 6.16934e-27 1.59595e-21 9.49172e-17 1.29782e-12 4.07971e-09 2.94842e-06 0.000489883 0.0187129 0.164337 0.331802 0.154518 0.0298558 0.0823616 0.115542 0.044542 0.0286186 0.0214568 0.00585522 0.00155228 0.00031364 3.74261e-05 2.18941e-06 5.44397e-08
 8.71225e-40 4.26404e-33 4.79797e-27 1.24119e-21 7.38181e-17 1.00933e-12 3.17284e-09 2.29302e-06 0.000380988 0.0145532 0.127807 0.25805 0.120639 0.035667 0.140065 0.196479 0.0676629 0.0198736 0.0129019 0.00419085 0.00140758 0.000283427 3.47609e-05 2.53527e-06 8.18271e-08
 9.53362e-40 4.66604e-33 5.25031e-27 1.35821e-21 8.07776e-17 1.10449e-12 3.47196e-09 2.5092e-06 0.000416906 0.0159253 0.139856 0.282376 0.131777 0.0327741 0.115073 0.161581 0.059856 0.0313144 0.0224732 0.00528107 0.00103708 0.000221392 3.24534e-05 2.49419e-06 8.92858e-08
 1.00819e-39 4.93439e-33 5.55226e-27 1.43632e-21 8.54231e-17 1.16801e-12 3.67164e-09 2.6535e-06 0.000440883 0.0168412 0.147899 0.298615 0.13928 0.0326479 0.109408 0.153456 0.0550508 0.0233757 0.0165101 0.00483345 0.00137831 0.000235584 2.36405e-05 1.84229e-06 7.39114e-08
 8.65754e-40 4.23727e-33 4.76784e-27 1.2334e-21 7.33546e-17 1.00299e-12 3.15291e-09 2.27862e-06 0.000378595 0.0144619 0.127004 0.25643 0.119866 0.0350308 0.13667 0.191835 0.0679686 0.0261709 0.0179082 0.00477266 0.00122099 0.000248245 3.04801e-05 1.95519e-06 6.41017e-08
 1.11524e-39 5.45832e-33 6.14178e-27 1.58882e-21 9.44932e-17 1.29202e-12 4.06149e-09 2.93525e-06 0.000487695 0.0186293 0.163603 0.33032 0.153864 0.0306888 0.0878932 0.12321 0.0454977 0.0233766 0.0168683 0.00433486 0.0010117 0.000187705 2.23999e-05 1.65224e-06 5.63758e-08
 8.90452e-40 4.35814e-33 4.90385e-27 1.26858e-21 7.54472e-17 1.0316e-12 3.24286e-09 2.34362e-06 0.000389396 0.0148744 0.130627 0.263745 0.123259 0.035339 0.136346 0.191256 0.0660714 0.0200699 0.0129895 0.00374589 0.00106563 0.000196653 2.13309e-05 1.46426e-06 5.14765e-08
 1.00684e-39 4.92778e-33 5.54482e-27 1.43439e-21 8.53087e-17 1.16644e-12 3.66672e-09 2.64995e-06 0.000440292 0.0168186 0.147701 0.298215 0.139081 0.0322791 0.107278 0.15054 0.05524 0.0273022 0.0194219 0.00459268 0.00089532 0.000170201 2.12713e-05 1.45267e-06 4.73744e-08
 1.03383e-39 5.05991e-33 5.69349e-27 1.47285e-21 8.7596e-17 1.19772e-12 3.76503e-09 2.721e-06 0.000452097 0.0172695 0.151661 0.306211 0.142789 0.032598 0.106815 0.149745 0.053007 0.0202638 0.0139396 0.00396092 0.00108264 0.000183717 1.75914e-05 1.19751e-06 4.18104e-08
 8.74763e-40 4.28136e-33 4.81745e-27 1.24623e-21 7.41179e-17 1.01343e-12 3.18572e-09 2.30233e-06 0.000382535 0.0146123 0.128326 0.259098 0.121099 0.0350325 0.135876 0.190696 0.0672983 0.0250596 0.0169444 0.00433367 0.00101731 0.000198012 2.34409e-05 1.4574e-06 4.38767e-08
 9.24193e-40 4.52329e-33 5.08967e-27 1.31665e-21 7.83061e-17 1.07069e-12 3.36574e-09 2.43243e-06 0.000404151 0.015438 0.135577 0.273737 0.1278 0.0332301 0.120461 0.169162 0.0623533 0.0316897 0.0227988 0.00578473 0.00130464 0.000230536 2.54086e-05 1.77655e-06 5.83853e-08
 9.71784e-40 4.75621e-33 5.35176e-27 1.38445e-21 8.23384e-17 1.12583e-12 3.53906e-09 2.55768e-06 0.000424962 0.016233 0.142558 0.287833 0.134309 0.0330353 0.115023 0.161396 0.0582095 0.0256887 0.0182497 0.00525496 0.00148277 0.000269375 2.80373e-05 1.80492e-06 5.92245e-08
 1.13099e-39 5.53542e-33 6.22854e-27 1.61127e-21 9.5828e-17 1.31027e-12 4.11886e-09 2.97671e-06 0.000494584 0.0188925 0.165914 0.334986 0.156034 0.0310429 0.0886483 0.124167 0.0443559 0.0182353 0.0126829 0.00343578 0.00090149 0.00018219 2.25819e-05 1.50265e-06 4.66241e-08
 1.13099e-39 5.53542e-33 6.22854e-27 1.61127e-21 9.5828e-17 1.31027e-12 4.11886e-09 2.97671e-06 0.000494584 0.0188925 0.165914 0.334986 0.156034 0.0310429 0.0886483 0.124167 0.0443559 0.0182353 0.0126829 0.00343578 0.00090149 0.00018219 2.25819e-05 1.50265e-06 4.66241e-08
#pred catch len freq
 2.13541e-27 2.14748e-27 3.90531e-27 6.00857e-22 3.57352e-17 4.88615e-13 1.53597e-09 1.11005e-06 0.000184433 0.00704521 0.0618714 0.124926 0.0588451 0.0290605 0.139846 0.197494 0.0846159 0.0798267 0.0702902 0.0425786 0.0321963 0.0242396 0.021589 0.0181073 0.00728364
 2.13638e-27 2.15144e-27 4.38218e-27 7.62638e-22 4.5357e-17 6.20176e-13 1.94953e-09 1.40893e-06 0.000234092 0.00894215 0.0785304 0.158562 0.0746309 0.0353334 0.168013 0.236645 0.0921477 0.0620122 0.0482127 0.0173979 0.00837563 0.00463101 0.00316841 0.00227895 0.000883055
 2.13694e-27 2.1529e-27 4.5318e-27 8.13334e-22 4.8372e-17 6.61401e-13 2.07912e-09 1.50259e-06 0.000249653 0.00953657 0.0837506 0.169102 0.0795602 0.036841 0.174042 0.244938 0.0925019 0.0538136 0.0398724 0.0110773 0.00318928 0.000921909 0.00035225 0.00018549 6.4754e-05
 2.13654e-27 2.15191e-27 4.42436e-27 7.76869e-22 4.62033e-17 6.31748e-13 1.98591e-09 1.43522e-06 0.00023846 0.00910901 0.0799958 0.161521 0.0760828 0.0375674 0.180761 0.25437 0.095332 0.0532505 0.0389214 0.00997727 0.00232667 0.000451154 7.25247e-05 1.72367e-05 4.51434e-06
 2.13703e-27 2.15318e-27 4.56528e-27 8.24707e-22 4.90485e-17 6.7065e-13 2.1082e-09 1.5236e-06 0.000253144 0.00966993 0.0849218 0.171466 0.0806396 0.036475 0.171095 0.240853 0.092033 0.0567192 0.0420545 0.0108206 0.00250398 0.000439922 4.81369e-05 4.31269e-06 4.65268e-07
 2.13628e-27 2.15126e-27 4.35311e-27 7.5269e-22 4.47653e-17 6.12086e-13 1.9241e-09 1.39055e-06 0.000231038 0.0088255 0.077506 0.156495 0.0737744 0.0379808 0.1848 0.260028 0.0968427 0.0522728 0.0381403 0.0101214 0.00249034 0.00044192 4.59487e-05 2.98837e-06 1.20246e-07
 2.13492e-27 2.14792e-27 4.00097e-27 6.33243e-22 3.76613e-17 5.14951e-13 1.61876e-09 1.16988e-06 0.000194374 0.00742495 0.0652063 0.131662 0.0623317 0.038989 0.198439 0.279309 0.104445 0.0576184 0.041812 0.0101191 0.00205075 0.000355992 3.81894e-05 2.43252e-06 7.6487e-08
 2.13786e-27 2.15523e-27 4.78564e-27 8.99471e-22 5.3495e-17 7.31448e-13 2.29932e-09 1.66172e-06 0.000276093 0.0105466 0.0926204 0.187009 0.0877891 0.0355063 0.160497 0.225963 0.0874661 0.057193 0.0424813 0.010261 0.00203482 0.000322654 2.96648e-05 1.80404e-06 5.63473e-08
 2.14029e-27 2.16103e-27 5.37705e-27 1.09998e-21 6.542e-17 8.94502e-13 2.81188e-09 2.03215e-06 0.000337639 0.0128976 0.113267 0.228695 0.107064 0.0355864 0.148421 0.208547 0.0758906 0.0355788 0.0253032 0.00658709 0.00154524 0.000253697 2.25169e-05 1.2314e-06 3.44317e-08
 2.13557e-27 2.14937e-27 4.13389e-27 6.78235e-22 4.03372e-17 5.51539e-13 1.73377e-09 1.253e-06 0.000208184 0.00795249 0.0698392 0.141016 0.0667082 0.0403733 0.20407 0.286911 0.102543 0.0422871 0.0291523 0.00714916 0.00149907 0.000260061 2.68005e-05 1.54436e-06 4.11052e-08
 2.13613e-27 2.15097e-27 4.33338e-27 7.46051e-22 4.43705e-17 6.06687e-13 1.90713e-09 1.37829e-06 0.000229 0.00874766 0.0768224 0.155114 0.0731002 0.0370224 0.179366 0.252585 0.0972228 0.0619551 0.0455932 0.0102795 0.00167995 0.000255835 2.41269e-05 1.45723e-06 4.28384e-08
 2.14014e-27 2.16071e-27 5.34809e-27 1.09018e-21 6.48371e-17 8.86532e-13 2.78682e-09 2.01405e-06 0.000334631 0.0127827 0.112258 0.226657 0.106108 0.0352119 0.14675 0.206283 0.0763661 0.0398108 0.0286843 0.00706437 0.00145393 0.000216479 1.63419e-05 8.28448e-07 2.31229e-08
 2.13774e-27 2.15468e-27 4.69453e-27 8.68403e-22 5.16472e-17 7.06184e-13 2.2199e-09 1.60433e-06 0.000266556 0.0101823 0.0894213 0.180551 0.0849246 0.0387361 0.18216 0.255969 0.0908185 0.0353565 0.024099 0.00599484 0.00128654 0.000211647 1.91412e-05 9.64102e-07 2.25355e-08
 2.1361e-27 2.15074e-27 4.28651e-27 7.30044e-22 4.34184e-17 5.9367e-13 1.86621e-09 1.34871e-06 0.000224087 0.00855997 0.0751741 0.151787 0.0716426 0.0391712 0.193486 0.272128 0.0992104 0.0470323 0.033018 0.00727673 0.00110621 0.000165763 1.55494e-05 8.73789e-07 2.27042e-08
 2.13555e-27 2.14944e-27 4.15509e-27 6.85493e-22 4.07688e-17 5.57441e-13 1.75232e-09 1.26641e-06 0.000210412 0.00803759 0.0705866 0.142525 0.0673557 0.0390419 0.195489 0.275056 0.101676 0.0525229 0.0374921 0.00844835 0.00135915 0.000185008 1.31705e-05 6.44378e-07 1.73645e-08
 2.13656e-27 2.15192e-27 4.41812e-27 7.74719e-22 4.60754e-17 6.29999e-13 1.98041e-09 1.43125e-06 0.0002378 0.00908379 0.0797744 0.161074 0.0758987 0.0381685 0.184566 0.259651 0.0961051 0.0500236 0.0357708 0.00811095 0.00133442 0.000185567 1.33073e-05 5.74911e-07 1.25323e-08
 2.13746e-27 2.15407e-27 4.6381e-27 8.49305e-22 5.05113e-17 6.90653e-13 2.17108e-09 1.56904e-06 0.000260694 0.00995834 0.0874546 0.17658 0.0830659 0.0381245 0.179623 0.252551 0.091786 0.0426324 0.029891 0.00678108 0.00111996 0.000156838 1.14649e-05 5.04462e-07 1.06572e-08
 2.13632e-27 2.15125e-27 4.33815e-27 7.4755e-22 4.44596e-17 6.07906e-13 1.91096e-09 1.38106e-06 0.000229461 0.00876524 0.0769768 0.155426 0.0733261 0.0391963 0.192542 0.270757 0.0981577 0.0448334 0.031334 0.00710402 0.00117225 0.000165022 1.22623e-05 5.4966e-07 1.18315e-08
 2.1375e-27 2.15421e-27 4.6591e-27 8.56458e-22 5.09368e-17 6.96469e-13 2.18936e-09 1.58226e-06 0.00026289 0.0100422 0.0881912 0.178067 0.0837307 0.0375208 0.17549 0.246824 0.0911244 0.0467184 0.0332777 0.00742007 0.00115714 0.000159453 1.17722e-05 5.2946e-07 1.15617e-08
 2.13695e-27 2.1528e-27 4.50139e-27 8.02915e-22 4.77524e-17 6.52929e-13 2.05249e-09 1.48334e-06 0.000246455 0.00941441 0.0826778 0.166937 0.0786338 0.0388303 0.186839 0.262677 0.0947517 0.0418019 0.0290772 0.00674321 0.00118873 0.000167999 1.19702e-05 5.237e-07 1.1362e-08
 2.13727e-27 2.15359e-27 4.58755e-27 8.32155e-22 4.94914e-17 6.76707e-13 2.12724e-09 1.53736e-06 0.00025543 0.00975725 0.0856887 0.173015 0.0814237 0.038288 0.181696 0.255479 0.0929063 0.0433205 0.0303228 0.00668625 0.00100745 0.000139815 1.07844e-05 4.89528e-07 1.03934e-08
 2.13742e-27 2.15397e-27 4.62619e-27 8.45258e-22 5.02707e-17 6.87362e-13 2.16073e-09 1.56157e-06 0.000259452 0.00991089 0.0870379 0.175739 0.0826824 0.03827 0.180765 0.254143 0.0921143 0.0420069 0.0293192 0.00656417 0.00103571 0.000139809 9.68577e-06 4.24478e-07 9.45166e-09
 2.13645e-27 2.15159e-27 4.37681e-27 7.60675e-22 4.52402e-17 6.18579e-13 1.94451e-09 1.4053e-06 0.000233489 0.00891912 0.0783282 0.158155 0.0745761 0.038891 0.189856 0.267002 0.0972568 0.0458512 0.0322348 0.00730998 0.00120452 0.000167501 1.19878e-05 5.12688e-07 1.06316e-08
 2.13731e-27 2.15376e-27 4.61274e-27 8.4074e-22 5.0002e-17 6.83688e-13 2.14918e-09 1.55322e-06 0.000258065 0.00985791 0.0865727 0.1748 0.0822195 0.0375076 0.176395 0.248129 0.0919829 0.0483119 0.0346025 0.00786135 0.00130311 0.000183523 1.3577e-05 6.01705e-07 1.26785e-08
 2.13644e-27 2.15157e-27 4.37568e-27 7.60298e-22 4.52178e-17 6.18272e-13 1.94355e-09 1.40461e-06 0.000233373 0.0089147 0.0782894 0.158076 0.0745361 0.038792 0.189276 0.266195 0.097126 0.0463046 0.0327548 0.00779081 0.00147528 0.00021691 1.63133e-05 7.39486e-07 1.60875e-08
 2.13606e-27 2.15067e-27 4.28487e-27 7.29511e-22 4.33868e-17 5.93236e-13 1.86485e-09 1.34773e-06 0.000223923 0.00855372 0.0751192 0.151676 0.0715748 0.0387314 0.190835 0.268468 0.0989603 0.0502696 0.0358189 0.00816735 0.00137916 0.000204078 1.68751e-05 8.13991e-07 1.81505e-08
 2.13692e-27 2.15275e-27 4.50126e-27 8.02898e-22 4.77514e-17 6.52915e-13 2.05245e-09 1.48331e-06 0.000246449 0.0094142 0.082676 0.166933 0.0786137 0.0383433 0.183867 0.258581 0.0945745 0.0457754 0.0323194 0.00729188 0.00118376 0.000165977 1.25454e-05 6.00441e-07 1.43273e-08
 2.13796e-27 2.15525e-27 4.75834e-27 8.9007e-22 5.29358e-17 7.23803e-13 2.27529e-09 1.64436e-06 0.000273207 0.0104363 0.0916524 0.185056 0.0869852 0.0381543 0.177251 0.249128 0.0894977 0.0383309 0.0263954 0.00582933 0.000880796 0.000119039 8.59182e-06 3.83143e-07 8.59794e-09
 2.1399e-27 2.16e-27 5.25635e-27 1.05898e-21 6.29816e-17 8.61161e-13 2.70707e-09 1.95641e-06 0.000325054 0.0124168 0.109045 0.220171 0.103176 0.0369759 0.159473 0.223968 0.0792229 0.0300555 0.0201195 0.00435418 0.000610516 7.88145e-05 5.38401e-06 2.27368e-07 4.8302e-09
#obs catch len freq
 4.09888e-40 2.00612e-33 2.25731e-27 5.83946e-22 3.47294e-17 4.74862e-13 1.49273e-09 1.0788e-06 0.000179244 0.00684691 0.0601296 0.121412 0.0574803 0.0359832 0.183177 0.25824 0.102806 0.075774 0.0602834 0.0234094 0.010268 0.00318368 0.00072018 0.000100219 7.17194e-06
 4.20465e-40 2.05788e-33 2.31556e-27 5.99014e-22 3.56256e-17 4.87116e-13 1.53125e-09 1.10664e-06 0.00018387 0.00702359 0.0616812 0.124545 0.0589378 0.0362303 0.183741 0.258987 0.102452 0.0736378 0.0581148 0.0217625 0.00920582 0.0027907 0.000617361 8.36597e-05 5.77622e-06
 5.73731e-40 2.80802e-33 3.15962e-27 8.17365e-22 4.86118e-17 6.64678e-13 2.08942e-09 1.51003e-06 0.000250893 0.00958381 0.084165 0.169939 0.0798827 0.0351205 0.163285 0.229988 0.0900002 0.0618749 0.0484116 0.0176661 0.00722119 0.00210079 0.000446716 5.88611e-05 3.95406e-06
 5.18709e-40 2.53872e-33 2.85661e-27 7.38978e-22 4.39498e-17 6.00934e-13 1.88904e-09 1.36521e-06 0.000226832 0.0086647 0.0760934 0.153643 0.0724711 0.0383749 0.188063 0.264517 0.0968293 0.0472622 0.0350241 0.0123244 0.00483468 0.0013578 0.000275617 3.47126e-05 2.25249e-06
 6.01032e-40 2.94164e-33 3.30998e-27 8.56259e-22 5.0925e-17 6.96307e-13 2.18885e-09 1.58188e-06 0.000262832 0.0100399 0.08817 0.178025 0.0836763 0.03659 0.169819 0.238947 0.0898554 0.0511443 0.0379548 0.0110284 0.00340129 0.000890732 0.000171824 2.06172e-05 1.27662e-06
 5.47803e-40 2.68111e-33 3.01683e-27 7.80426e-22 4.64149e-17 6.34639e-13 1.99499e-09 1.44179e-06 0.000239555 0.00915069 0.0803614 0.16226 0.0764615 0.0385523 0.186549 0.262313 0.0951465 0.0436962 0.031538 0.00977823 0.00314552 0.000686738 0.000106788 1.17053e-05 6.86515e-07
 4.06769e-40 1.99086e-33 2.24014e-27 5.79503e-22 3.44652e-17 4.7125e-13 1.48138e-09 1.07059e-06 0.000177881 0.00679482 0.0596721 0.120489 0.057196 0.0397732 0.206592 0.290729 0.107445 0.0554967 0.040401 0.0112614 0.0031524 0.000702758 0.000104454 9.42867e-06 4.73362e-07
 3.95769e-40 1.93701e-33 2.17956e-27 5.63832e-22 3.35332e-17 4.58506e-13 1.44132e-09 1.04164e-06 0.00017307 0.00661107 0.0580584 0.117231 0.055608 0.0376033 0.194328 0.273839 0.106877 0.0725319 0.0551592 0.0161311 0.00474048 0.0009663 0.000129444 1.12055e-05 4.97631e-07
 9.83773e-40 4.81488e-33 5.41779e-27 1.40153e-21 8.33542e-17 1.13972e-12 3.58271e-09 2.58924e-06 0.000430205 0.0164333 0.144317 0.291383 0.135883 0.0312346 0.10296 0.144652 0.055785 0.035959 0.0276219 0.00926687 0.0032617 0.000706975 9.50903e-05 7.55335e-06 3.08567e-07
 6.94239e-40 3.39782e-33 3.82328e-27 9.89046e-22 5.88223e-17 8.04288e-13 2.52829e-09 1.8272e-06 0.000303592 0.0115968 0.101843 0.205632 0.0965428 0.0393479 0.178334 0.250229 0.0840171 0.0176088 0.00991037 0.00319092 0.00111903 0.000275908 4.34073e-05 3.63667e-06 1.4372e-07
 3.03736e-40 1.48658e-33 1.67272e-27 4.32717e-22 2.57353e-17 3.51883e-13 1.10615e-09 7.99416e-07 0.000132824 0.00507371 0.0445573 0.0899743 0.0432247 0.0434132 0.23801 0.334676 0.118398 0.0449624 0.0300626 0.00640543 0.000901295 0.000175484 2.86119e-05 2.7342e-06 1.19884e-07
 8.55489e-40 4.18702e-33 4.7113e-27 1.21877e-21 7.24848e-17 9.91099e-13 3.11553e-09 2.2516e-06 0.000374106 0.0142904 0.125498 0.253388 0.118319 0.0312741 0.114654 0.16151 0.0669391 0.0566488 0.0434425 0.0109408 0.00234719 0.000343488 2.65207e-05 1.92382e-06 8.90762e-08
 7.9362e-40 3.88422e-33 4.37058e-27 1.13063e-21 6.72428e-17 9.19423e-13 2.89021e-09 2.08876e-06 0.000347051 0.0132569 0.116422 0.235066 0.110079 0.0374421 0.157828 0.221398 0.0748143 0.017303 0.0104241 0.00386289 0.00145606 0.000270919 2.57649e-05 1.32406e-06 3.58762e-08
 4.86892e-40 2.383e-33 2.68139e-27 6.93649e-22 4.12539e-17 5.64073e-13 1.77317e-09 1.28147e-06 0.000212918 0.00813321 0.0714259 0.144221 0.0682397 0.0417035 0.211223 0.296735 0.102492 0.0310233 0.0195208 0.00423349 0.000663617 0.000147503 2.28545e-05 1.55034e-06 4.24955e-08
 5.207e-40 2.54847e-33 2.86758e-27 7.41815e-22 4.41185e-17 6.03241e-13 1.89629e-09 1.37045e-06 0.000227703 0.00869796 0.0763855 0.154233 0.0727388 0.0382429 0.187081 0.263239 0.0979698 0.0526339 0.0379128 0.00882494 0.00156683 0.000223889 1.92307e-05 1.48326e-06 5.77136e-08
 3.71851e-40 1.81995e-33 2.04784e-27 5.29756e-22 3.15066e-17 4.30796e-13 1.35421e-09 9.78691e-07 0.000162611 0.00621152 0.0545496 0.110148 0.0524581 0.0409293 0.216767 0.304953 0.11086 0.0516549 0.0370905 0.0107009 0.00297901 0.000493367 4.07252e-05 2.0398e-06 5.93133e-08
 7.16823e-40 3.50835e-33 3.94765e-27 1.02122e-21 6.07358e-17 8.30453e-13 2.61053e-09 1.88664e-06 0.000313468 0.0119741 0.105156 0.212319 0.0994411 0.03419 0.144832 0.20387 0.0794432 0.0535264 0.0403635 0.0110007 0.0029083 0.000586369 6.9803e-05 4.07729e-06 1.01234e-07
 4.76191e-40 2.33062e-33 2.62245e-27 6.78404e-22 4.03472e-17 5.51676e-13 1.7342e-09 1.25331e-06 0.000208239 0.00795446 0.0698561 0.141051 0.0667688 0.0415546 0.211269 0.296814 0.102649 0.0315656 0.0207903 0.00674388 0.0022598 0.000454162 5.5546e-05 4.04364e-06 1.30349e-07
 5.45495e-40 2.66982e-33 3.00413e-27 7.77139e-22 4.62194e-17 6.31966e-13 1.98659e-09 1.43571e-06 0.000238546 0.00911215 0.0800229 0.161576 0.0761157 0.0377581 0.181908 0.255967 0.0956475 0.0525502 0.0380012 0.00892351 0.00174708 0.000371947 5.43891e-05 4.1729e-06 1.49161e-07
 6.01377e-40 2.94333e-33 3.31188e-27 8.56752e-22 5.09542e-17 6.96707e-13 2.1901e-09 1.58279e-06 0.000262983 0.0100456 0.0882207 0.178128 0.0837794 0.0380717 0.178833 0.251398 0.0907791 0.0404062 0.0288049 0.00842117 0.00239537 0.000408768 4.08893e-05 3.1785e-06 1.27343e-07
 4.71753e-40 2.30891e-33 2.59802e-27 6.72083e-22 3.99713e-17 5.46535e-13 1.71804e-09 1.24163e-06 0.000206298 0.00788033 0.0692051 0.139737 0.0661206 0.0404753 0.205077 0.288311 0.102758 0.041495 0.0286976 0.00763999 0.00194903 0.000395392 4.84288e-05 3.10103e-06 1.01481e-07
 7.15085e-40 3.49984e-33 3.93808e-27 1.01874e-21 6.05885e-17 8.28439e-13 2.6042e-09 1.88206e-06 0.000312708 0.011945 0.104901 0.211805 0.099258 0.035649 0.153894 0.216399 0.0805601 0.0433742 0.0315302 0.00809369 0.00188341 0.000348678 4.14894e-05 3.05423e-06 1.04071e-07
 4.95384e-40 2.42456e-33 2.72815e-27 7.05748e-22 4.19735e-17 5.73911e-13 1.80409e-09 1.30382e-06 0.000216632 0.00827507 0.0726717 0.146736 0.0693843 0.0412175 0.207498 0.291523 0.10114 0.0321214 0.0210708 0.00606867 0.0017218 0.000317156 3.43047e-05 2.34978e-06 8.24755e-08
 5.98571e-40 2.92959e-33 3.29642e-27 8.52753e-22 5.07164e-17 6.93455e-13 2.17988e-09 1.57541e-06 0.000261756 0.00999874 0.0878089 0.177296 0.0833711 0.0374358 0.175203 0.246433 0.0911482 0.0472586 0.0338863 0.00800677 0.0015562 0.000295103 3.67857e-05 2.50769e-06 8.1651e-08
 6.26965e-40 3.06856e-33 3.45279e-27 8.93205e-22 5.31222e-17 7.2635e-13 2.28329e-09 1.65014e-06 0.000274173 0.010473 0.0919743 0.185706 0.0872902 0.0382614 0.177707 0.249716 0.0889085 0.0356219 0.0247644 0.00702794 0.00191608 0.000324626 3.0992e-05 2.1047e-06 7.33764e-08
 4.79153e-40 2.34512e-33 2.63877e-27 6.82625e-22 4.05982e-17 5.55108e-13 1.74499e-09 1.26111e-06 0.000209534 0.00800395 0.0702907 0.141928 0.0671378 0.0405801 0.205056 0.28825 0.102308 0.0399502 0.0273139 0.00697934 0.00163373 0.000317293 3.74685e-05 2.32551e-06 6.98919e-08
 5.22279e-40 2.55619e-33 2.87627e-27 7.44064e-22 4.42523e-17 6.0507e-13 1.90204e-09 1.37461e-06 0.000228393 0.00872434 0.0766171 0.154701 0.072953 0.0381904 0.186619 0.262579 0.0975748 0.0519951 0.0376917 0.00955359 0.0021485 0.000378877 4.16375e-05 2.90527e-06 9.53489e-08
 5.65994e-40 2.77015e-33 3.11702e-27 8.06343e-22 4.79562e-17 6.55715e-13 2.06124e-09 1.48967e-06 0.00024751 0.00945457 0.08303 0.167648 0.078945 0.0383532 0.18371 0.258315 0.0938073 0.0434049 0.0311114 0.00894638 0.00251779 0.000456592 4.73928e-05 3.0445e-06 9.97359e-08
 7.68136e-40 3.75949e-33 4.23024e-27 1.09432e-21 6.50835e-17 8.899e-13 2.79741e-09 2.02169e-06 0.000335907 0.0128312 0.112684 0.227517 0.106537 0.036047 0.151587 0.212932 0.0763791 0.0323872 0.0226678 0.00612694 0.00160015 0.0003225 3.98573e-05 2.64711e-06 8.19988e-08
#spawning biomass
 4746.99 3873.89 4352.28 5285.86 6771.97 8535.65 8577.1 7794.76 10640 19326.1 19700 19663.3 34442.5 41789 37558.5 30082.7 27410.5 30169.6 28953.6 31615.4 31864.7 33591.9 37846.7 38328 43204.8 42160.5 35882.1 33309.9 37393.1 41148.6 44126.5 16428 5163.61 4527.7 4503.37 4502.51 4502.49 4502.48 4502.48 4502.48 4502.48 4502.48 4502.48 4502.48 4502.48 4502.48 4502.48 4502.48 4502.48 4502.48 4502.48 4502.48 4502.48 4502.48 4502.48 4502.48 4502.48 4502.48 4502.48 4502.48 4502.48 4502.48 4502.48 4502.48 4502.48 4502.48 4502.48 4502.48 4502.48 4502.48 4502.48 4502.48 4502.48 4502.48 4502.48 4502.48 4502.48 4502.48 4502.48 4502.48 4502.48 4502.48 4502.48 4502.48 4502.48 4502.48 4502.48 4502.48 4502.48 4502.48 4502.48 4502.48 4502.48 4502.48 4502.48 4502.48 4502.48 4502.48 4502.48 4502.48 4502.48 4502.48 4502.48 4502.48 4502.48 4502.48 4502.48 4502.48 4502.48 4502.48 4502.48 4502.48 4502.48 4502.48 4502.48 4502.48 4502.48 4502.48 4502.48 4502.48 4502.48 4502.48 4502.48 4502.48 4502.48 4502.48 4502.48 4502.48 4502.48 0 0 0 0 0 0 0 0 0 0 0 0 0 0 0 0 0 0 0 0 0 0 0 0 0
