SBPRF35
0.827133
Curr Bio
125063
B35
625165
F35
0.222039
FOFL
0.0947951
OFL
19035.1
Bzero
236324
#pred survey bio
 9166.09 9760.97 11639.4 17144.6 22370.4 26103.6 28842.4 34412.6 39302 50155 66309.7 78118.3 98429.9 121233 136645 110431 98226.5 92381.8 93247.7 89138.2 89017.1 95730.9 101872 106462 116751 124341 120906 93912.4 88005.6 8.59232e+06 7.52923e+06 7.78122e+06 7.2042e+06 6.29392e+06 5.34023e+06 4.49029e+06 3.79634e+06 3.25924e+06 2.85753e+06 2.56361e+06 2.35149e+06 2.1995e+06 2.0904e+06 2.01123e+06 1.9537e+06 1.91293e+06 1.88368e+06 1.86244e+06 1.84682e+06 1.83518e+06 1.82641e+06 1.81972e+06 1.81457e+06 1.81057e+06 1.80743e+06 1.80495e+06 1.80297e+06 1.8014e+06 1.80013e+06 1.79912e+06 1.79829e+06 1.79763e+06 1.79708e+06 1.79664e+06 1.79629e+06 1.79599e+06 1.79576e+06 1.79556e+06 1.7954e+06 1.79527e+06 1.79517e+06 1.79508e+06 1.79501e+06 1.79495e+06 1.7949e+06 1.79486e+06 1.79483e+06 1.79481e+06 1.79479e+06 1.79477e+06 1.79475e+06 1.79474e+06 1.79473e+06 1.79472e+06 1.79472e+06 1.79471e+06 1.79471e+06 1.7947e+06 1.7947e+06 1.7947e+06 1.7947e+06 1.7947e+06 1.79469e+06 1.79469e+06 1.79469e+06 1.79469e+06 1.79469e+06 1.79469e+06 1.79469e+06 1.79469e+06 1.79469e+06 1.79469e+06 1.79469e+06 1.79469e+06 1.79469e+06 1.79469e+06 1.79469e+06 1.79469e+06 1.79469e+06 1.79469e+06 1.79469e+06 1.79469e+06 1.79469e+06 1.79469e+06 1.79469e+06 1.79469e+06 1.79469e+06 1.79469e+06 1.79469e+06 1.79469e+06 1.79469e+06 1.79469e+06 1.79469e+06 1.79469e+06 1.79469e+06 1.79469e+06 1.79469e+06 1.79469e+06 1.79469e+06 0 0 0 0 0 0 0 0 0 0 0 0 0 0 0 0 0 0 0 0 0 0 0 0 0
#obs survey bio
 8664.63 11618.8 11052.9 17353.6 24240.7 32454.2 30700.4 27002 30592.5 39181.6 71581.3 98787 102843 170863 123567 80902.4 92253.8 95118.9 101153 70561.1 66908.1 92463.4 122539 169694 128236 122303 110231 80715.7 98308.9
#pred catch bio
 4958.18 5942.6 6475.56 9828.82 14196 18070.1 19362.4 25097.5 29492.2 38718.8 52408 61698.6 79785.8 91722.1 115297 95753.2 86605.4 80036.4 84081.3 80274 83198.3 89857.2 96035.6 100803 111510 118084 117968 88700.3 1.11359 19035.1 64749.6 66024.1 60417.3 52031.1 43416.9 35855 29776.6 25156.4 21775.7 19367.9 17686.4 16529 15738.6 15200.4 14837.5 14599.5 14443.4 14341.1 14274 14230 14201.1 14182.2 14169.8 14161.7 14156.4 14152.9 14150.6 14149.1 14148.1 14147.4 14147 14146.7 14146.6 14146.4 14146.4 14146.3 14146.3 14146.2 14146.2 14146.2 14146.2 14146.2 14146.2 14146.2 14146.2 14146.2 14146.2 14146.2 14146.2 14146.2 14146.2 14146.2 14146.2 14146.2 14146.2 14146.2 14146.2 14146.2 14146.2 14146.2 14146.2 14146.2 14146.2 14146.2 14146.2 14146.2 14146.2 14146.2 14146.2 14146.2 14146.2 14146.2 14146.2 14146.2 14146.2 14146.2 14146.2 14146.2 14146.2 14146.2 14146.2 14146.2 14146.2 14146.2 14146.2 14146.2 14146.2 14146.2 14146.2 14146.2 14146.2 14146.2 14146.2 14146.2 14146.2 14146.2 14146.2 14146.2 14146.2 0 0 0 0 0 0 0 0 0 0 0 0 0 0 0 0 0 0 0 0 0 0 0 0 0
#obs catch bio
 6600.2 6111.21 6481.65 9826.78 14269.5 17725.3 19313.7 25493.8 29861.5 38777 52356.7 60962.7 76979.6 88604.2 116293 98735.3 86011.2 79007.4 82916.1 80454.8 83006.2 88887.5 94868.9 95374.8 108460 116638 116332 94464.4 1.01732
#pred cpue bio
 8640.03 8963.33 10278 15500.3 20337.9 23579.4 25939.6 30796.4 34679.8 42956.5 58110.5 68135.6 84326.7 106427 124152 98432.4 86325.1 81050.5 81094.6 78042.2 75743.6 81235.8 87034.4 90080.7 98439.3 105908 105119 82827.8 72377 8.09e+06 7.5387e+06 7.75583e+06 7.17734e+06 6.26702e+06 5.31333e+06 4.46339e+06 3.76945e+06 3.23235e+06 2.83063e+06 2.53672e+06 2.32459e+06 2.1726e+06 2.0635e+06 1.98433e+06 1.92681e+06 1.88604e+06 1.85679e+06 1.83555e+06 1.81992e+06 1.80829e+06 1.79952e+06 1.79283e+06 1.78768e+06 1.78367e+06 1.78053e+06 1.77805e+06 1.77608e+06 1.7745e+06 1.77324e+06 1.77222e+06 1.7714e+06 1.77073e+06 1.77019e+06 1.76975e+06 1.76939e+06 1.7691e+06 1.76886e+06 1.76867e+06 1.76851e+06 1.76838e+06 1.76827e+06 1.76818e+06 1.76811e+06 1.76806e+06 1.76801e+06 1.76797e+06 1.76794e+06 1.76791e+06 1.76789e+06 1.76787e+06 1.76786e+06 1.76785e+06 1.76784e+06 1.76783e+06 1.76782e+06 1.76782e+06 1.76781e+06 1.76781e+06 1.76781e+06 1.7678e+06 1.7678e+06 1.7678e+06 1.7678e+06 1.7678e+06 1.7678e+06 1.7678e+06 1.7678e+06 1.7678e+06 1.7678e+06 1.76779e+06 1.76779e+06 1.76779e+06 1.76779e+06 1.76779e+06 1.76779e+06 1.76779e+06 1.76779e+06 1.76779e+06 1.76779e+06 1.76779e+06 1.76779e+06 1.76779e+06 1.76779e+06 1.76779e+06 1.76779e+06 1.76779e+06 1.76779e+06 1.76779e+06 1.76779e+06 1.76779e+06 1.76779e+06 1.76779e+06 1.76779e+06 1.76779e+06 1.76779e+06 1.76779e+06 1.76779e+06 1.76779e+06 1.76779e+06 0 0 0 0 0 0 0 0 0 0 0 0 0 0 0 0 0 0 0 0 0 0 0 0 0
#obs cpue bio
 8116.85 5051.69 10339.7 14258.5 22356.6 27554.5 22207.9 25448.2 41617.8 52995.8 51027.8 87534.8 130252 119815 100252 88456.8 96958.3 113262 77754.5 98090 108413 90967.5 101038 155729 110356 119446 161772 83683.7 122405
#pred surv len freq
 2.55912e-27 2.57723e-27 2.31679e-26 4.34749e-20 1.06573e-14 3.15796e-10 1.13113e-06 0.000489735 0.025631 0.162149 0.124512 0.0439014 0.246675 0.227686 0.0476279 0.0516574 0.0210601 0.0147441 0.00874618 0.00648215 0.00501332 0.0043067 0.00431507 0.00383118 0.00117055
 2.56107e-27 2.58309e-27 2.88248e-26 5.54103e-20 1.35832e-14 4.02493e-10 1.44166e-06 0.000624185 0.0326676 0.206665 0.158414 0.0383126 0.180327 0.167623 0.0581801 0.0908002 0.0322351 0.0156151 0.0069805 0.00389859 0.00243388 0.0017787 0.00157488 0.00139888 0.000468569
 2.56387e-27 2.5902e-27 3.4605e-26 6.7602e-20 1.65718e-14 4.91053e-10 1.75887e-06 0.000761523 0.0398553 0.252136 0.193182 0.0412234 0.17805 0.164401 0.0372724 0.044095 0.0206611 0.0172712 0.00630154 0.002369 0.00100661 0.000555132 0.00040381 0.000336603 0.00011679
 2.56211e-27 2.58528e-27 3.01122e-26 5.81235e-20 1.42483e-14 4.22202e-10 1.51226e-06 0.000654749 0.0342672 0.216784 0.166225 0.0435793 0.214919 0.198368 0.0423911 0.0469427 0.0172923 0.00958122 0.00518178 0.00258595 0.0007311 0.000247306 0.000126111 8.99862e-05 3.09073e-05
 2.56165e-27 2.58424e-27 2.93743e-26 5.65677e-20 1.38669e-14 4.10901e-10 1.47178e-06 0.000637223 0.03335 0.210982 0.161773 0.0422234 0.207729 0.192127 0.0484206 0.0622892 0.0222977 0.0110027 0.00419213 0.0018875 0.000796559 0.000199675 5.4991e-05 2.7962e-05 8.98832e-06
 2.56215e-27 2.58551e-27 3.04333e-26 5.88013e-20 1.44144e-14 4.27125e-10 1.52989e-06 0.000662384 0.0346668 0.219312 0.168139 0.0425714 0.205904 0.190237 0.0443437 0.0535448 0.0208516 0.0127285 0.00463651 0.00164919 0.000534644 0.00017164 3.38137e-05 8.82062e-06 2.36312e-06
 2.56244e-27 2.58614e-27 3.08301e-26 5.96378e-20 1.46195e-14 4.33201e-10 1.55166e-06 0.000671807 0.03516 0.222432 0.170539 0.0436876 0.212712 0.196292 0.0413095 0.0450044 0.0167883 0.00938162 0.00388763 0.00157584 0.000424157 0.000105694 2.23654e-05 3.31823e-06 5.6372e-07
 2.56276e-27 2.58702e-27 3.16129e-26 6.12894e-20 1.50243e-14 4.45198e-10 1.59463e-06 0.000690412 0.0361337 0.228592 0.175238 0.0433436 0.206793 0.1909 0.0416485 0.0470877 0.0166909 0.00804174 0.00309968 0.00124438 0.000391862 8.64845e-05 1.46309e-05 1.8269e-06 1.67758e-07
 2.56366e-27 2.58931e-27 3.35127e-26 6.52966e-20 1.60067e-14 4.74306e-10 1.69889e-06 0.000735553 0.0384962 0.243538 0.186658 0.0438777 0.202834 0.18701 0.0366917 0.0367407 0.0132291 0.00666864 0.00236783 0.000829972 0.000248734 6.08474e-05 9.31742e-06 9.28652e-07 5.70098e-08
 2.56535e-27 2.5938e-27 3.73768e-26 7.34478e-20 1.80048e-14 5.33516e-10 1.91096e-06 0.000827374 0.0433018 0.273939 0.209867 0.0435167 0.183781 0.169291 0.0310925 0.0283659 0.00968364 0.00414347 0.00149251 0.000523192 0.000136455 3.1011e-05 5.00799e-06 4.41829e-07 2.04199e-08
 2.564e-27 2.59002e-27 3.39191e-26 6.6153e-20 1.62166e-14 4.80527e-10 1.72117e-06 0.0007452 0.0390011 0.246732 0.189123 0.0454937 0.2134 0.196425 0.0323213 0.0243093 0.00801964 0.00302908 0.000989785 0.000309027 8.08418e-05 1.6486e-05 2.45009e-06 2.17327e-07 8.55585e-09
 2.56428e-27 2.59083e-27 3.46883e-26 6.7776e-20 1.66145e-14 4.92317e-10 1.7634e-06 0.000763483 0.0399579 0.252785 0.193734 0.0447977 0.204864 0.188676 0.0332809 0.0284279 0.00895039 0.00267193 0.000805499 0.00022054 5.02714e-05 9.76251e-06 1.3179e-06 1.0832e-07 4.09489e-09
 2.56528e-27 2.59354e-27 3.70682e-26 7.27966e-20 1.78452e-14 5.28785e-10 1.89402e-06 0.000820038 0.0429179 0.27151 0.208023 0.0442203 0.190431 0.175318 0.0301935 0.0247619 0.0080316 0.00277751 0.000779306 0.000172538 3.41847e-05 5.69633e-06 7.0217e-07 5.23482e-08 1.845e-09
 2.56388e-27 2.58965e-27 3.35537e-26 6.53821e-20 1.60276e-14 4.74928e-10 1.70111e-06 0.000736516 0.0385466 0.243857 0.186934 0.0459163 0.218154 0.200754 0.032039 0.0225581 0.00721852 0.0023798 0.000701244 0.000170147 2.86033e-05 3.90794e-06 4.05607e-07 2.69512e-08 8.61728e-10
 2.56163e-27 2.5837e-27 2.84436e-26 5.46025e-20 1.33851e-14 3.96626e-10 1.42065e-06 0.000615086 0.0321914 0.203652 0.156238 0.0461171 0.241249 0.222386 0.0416821 0.0391017 0.0121716 0.00336751 0.000953365 0.000226374 4.12178e-05 5.2316e-06 4.31879e-07 2.37159e-08 6.68175e-10
 2.56296e-27 2.5873e-27 3.16218e-26 6.13073e-20 1.50287e-14 4.45328e-10 1.59509e-06 0.000690614 0.0361442 0.228659 0.175319 0.0452692 0.221391 0.204003 0.0373661 0.0339327 0.0113252 0.00438648 0.00121471 0.000247819 4.31765e-05 5.68805e-06 4.49684e-07 1.96867e-08 4.53994e-10
 2.56383e-27 2.58954e-27 3.34821e-26 6.52312e-20 1.59906e-14 4.73831e-10 1.69718e-06 0.000734816 0.0384576 0.243294 0.186501 0.0456964 0.216785 0.199535 0.0326222 0.0242114 0.0079673 0.00297402 0.000930438 0.00024532 3.92333e-05 4.68794e-06 3.73633e-07 1.5526e-08 2.88616e-10
 2.56391e-27 2.5897e-27 3.35708e-26 6.54182e-20 1.60365e-14 4.75189e-10 1.70205e-06 0.000736922 0.0385678 0.243991 0.18704 0.0461191 0.219623 0.202068 0.0315305 0.0210554 0.00657631 0.0019243 0.000576061 0.000153768 3.06191e-05 3.88756e-06 2.78721e-07 1.13566e-08 1.96917e-10
 2.56442e-27 2.59111e-27 3.48426e-26 6.81012e-20 1.66942e-14 4.94678e-10 1.77186e-06 0.000767146 0.0401496 0.253998 0.194672 0.0455362 0.209825 0.193082 0.0309377 0.0219581 0.00673398 0.00174467 0.000469321 0.000101955 1.97552e-05 2.90393e-06 2.34566e-07 8.88099e-09 1.47776e-10
 2.56402e-27 2.58995e-27 3.37483e-26 6.57925e-20 1.61282e-14 4.77908e-10 1.71179e-06 0.000741138 0.0387885 0.245387 0.188111 0.0464459 0.221357 0.203584 0.0302752 0.0178048 0.00549729 0.00151908 0.000397287 7.55941e-05 1.2102e-05 1.60379e-06 1.44181e-07 6.13518e-09 9.80139e-11
 2.56559e-27 2.59424e-27 3.75803e-26 7.38765e-20 1.81099e-14 5.3663e-10 1.92212e-06 0.000832204 0.0435545 0.275538 0.211112 0.0450104 0.194274 0.178667 0.0272295 0.0171211 0.00513423 0.00115727 0.000299357 5.94357e-05 8.7266e-06 9.54877e-07 7.48218e-08 3.43347e-09 6.0594e-11
 2.5657e-27 2.59448e-27 3.77132e-26 7.41566e-20 1.81786e-14 5.38664e-10 1.9294e-06 0.000835358 0.0437196 0.276583 0.211918 0.0455853 0.198082 0.182034 0.0251534 0.0115399 0.003466 0.000835288 0.00020619 3.459e-05 5.10248e-06 5.37273e-07 3.49578e-08 1.39328e-09 2.58407e-11
 2.56535e-27 2.59351e-27 3.68444e-26 7.23236e-20 1.77292e-14 5.25349e-10 1.88171e-06 0.00081471 0.042639 0.269746 0.206703 0.0459276 0.20435 0.187805 0.0259398 0.0118716 0.00342982 0.000600165 0.000141934 2.4775e-05 3.26853e-06 3.15645e-07 1.98265e-08 6.67133e-10 1.08352e-11
 2.56584e-27 2.59486e-27 3.80566e-26 7.48809e-20 1.83562e-14 5.43926e-10 1.94825e-06 0.000843518 0.0441467 0.279284 0.213979 0.0454626 0.1957 0.179847 0.0249688 0.0116608 0.00337024 0.000586633 0.000128571 1.70282e-05 2.18335e-06 2.01208e-07 1.12903e-08 3.5682e-10 4.97622e-12
 2.56601e-27 2.59531e-27 3.84469e-26 7.57043e-20 1.8558e-14 5.49906e-10 1.96967e-06 0.000852793 0.0446321 0.282355 0.216323 0.0454282 0.193792 0.178065 0.024282 0.010544 0.00304664 0.000540643 0.00011892 1.53609e-05 1.65016e-06 1.27605e-07 6.8392e-09 1.94741e-10 2.48875e-12
 2.5655e-27 2.5939e-27 3.71765e-26 7.30242e-20 1.7901e-14 5.30439e-10 1.89994e-06 0.000822603 0.043052 0.272359 0.208699 0.0459653 0.203236 0.186744 0.0251646 0.0103704 0.00297081 0.000491618 0.000106789 1.40253e-05 1.49617e-06 1.03173e-07 4.49643e-09 1.17038e-10 1.3598e-12
 2.5644e-27 2.5909e-27 3.4518e-26 6.74159e-20 1.65262e-14 4.897e-10 1.75402e-06 0.000759426 0.0397456 0.251442 0.192741 0.0468072 0.220855 0.202994 0.0278903 0.0124935 0.00357253 0.000562902 0.000119133 1.47119e-05 1.5588e-06 1.07909e-07 4.31818e-09 9.24858e-11 9.47583e-13
 2.56356e-27 2.58862e-27 3.2475e-26 6.3106e-20 1.54697e-14 4.58394e-10 1.64189e-06 0.000710876 0.0372047 0.235367 0.180479 0.0475952 0.235466 0.216435 0.029501 0.0127844 0.00367814 0.000625164 0.000133621 1.57399e-05 1.59163e-06 1.05671e-07 4.21761e-09 8.42485e-11 7.24111e-13
 2.5672e-27 2.5986e-27 4.14197e-26 8.1976e-20 2.00954e-14 5.95463e-10 2.13285e-06 0.000923443 0.0483297 0.305747 0.234162 0.0439892 0.170308 0.156527 0.0228601 0.0127211 0.00367525 0.000606982 0.000130674 1.64341e-05 1.65161e-06 1.039e-07 3.94465e-09 7.73191e-11 6.24961e-13
#obs surv len freq
 1.08459e-41 1.50534e-33 2.52551e-26 5.12169e-20 1.25552e-14 3.72034e-10 1.33257e-06 0.000576956 0.0301956 0.191027 0.146576 0.0402148 0.173641 0.146905 0.103796 0.101634 0.0439535 0.0171351 0.00383824 0.000480453 2.47055e-05 3.76471e-07 1.27654e-09 7.85554e-13 7.68941e-17
 1.60297e-41 2.22481e-33 3.73258e-26 7.5696e-20 1.8556e-14 5.49847e-10 1.96946e-06 0.00085271 0.0446274 0.282326 0.216307 0.0406392 0.126483 0.102127 0.0761981 0.0689386 0.0289068 0.0102969 0.00206519 0.00022047 9.20948e-06 1.08523e-07 2.73708e-10 1.22192e-13 8.55362e-18
 1.53569e-41 2.13143e-33 3.57591e-26 7.25188e-20 1.77771e-14 5.26769e-10 1.8868e-06 0.00081692 0.0427543 0.270477 0.207488 0.0499933 0.176668 0.128782 0.0565047 0.0426755 0.0172085 0.00555154 0.000985802 8.84862e-05 2.95274e-06 2.66288e-08 4.98053e-11 1.61378e-14 8.08846e-19
 1.0755e-41 1.49272e-33 2.50435e-26 5.07876e-20 1.245e-14 3.68916e-10 1.3214e-06 0.000572119 0.0299424 0.189427 0.14583 0.0564551 0.230114 0.163029 0.0981317 0.0659493 0.0159998 0.0039009 0.000601609 4.48052e-05 1.178e-06 8.03116e-09 1.10587e-11 2.59478e-15 9.31655e-20
 1.50193e-41 2.08457e-33 3.49731e-26 7.09246e-20 1.73863e-14 5.15189e-10 1.84532e-06 0.000798962 0.0418145 0.264532 0.202982 0.0472017 0.14217 0.104167 0.104127 0.0692148 0.0190777 0.00356047 0.000332471 1.87609e-05 3.82692e-07 1.95228e-09 1.96275e-12 3.31646e-16 8.50772e-21
 1.20272e-41 1.6693e-33 2.8006e-26 5.67956e-20 1.39228e-14 4.12557e-10 1.47771e-06 0.000639799 0.0334845 0.211836 0.163303 0.0650413 0.231347 0.144017 0.0781349 0.0494053 0.0188138 0.00367579 0.000289565 9.9418e-06 1.35088e-07 5.00985e-10 3.64778e-13 4.41319e-17 8.05199e-22
 1.37873e-41 1.91358e-33 3.21043e-26 6.51069e-20 1.59602e-14 4.7293e-10 1.69396e-06 0.000733425 0.0383846 0.242835 0.186852 0.0580111 0.175326 0.116619 0.109363 0.0565963 0.0126263 0.0024293 0.000216075 6.19332e-06 5.28688e-08 1.22309e-10 6.08707e-14 5.19794e-18 6.70992e-23
 1.1942e-41 1.65748e-33 2.78076e-26 5.63932e-20 1.38241e-14 4.09634e-10 1.46724e-06 0.000635266 0.0332473 0.210338 0.162601 0.0722203 0.227111 0.133337 0.0939728 0.0495434 0.0147909 0.00206333 0.000134061 3.7402e-06 2.66951e-08 4.08418e-11 1.25038e-14 6.89537e-19 6.05204e-24
 1.51755e-41 2.10626e-33 3.53369e-26 7.16626e-20 1.75672e-14 5.20549e-10 1.86452e-06 0.000807274 0.0422495 0.267288 0.205912 0.0645379 0.167222 0.103907 0.0956252 0.0417074 0.00933231 0.00133131 7.70183e-05 1.51516e-06 8.88068e-09 1.11093e-11 2.41987e-15 8.57944e-20 4.75294e-25
 1.52062e-41 2.11051e-33 3.54083e-26 7.18072e-20 1.76027e-14 5.216e-10 1.86829e-06 0.000808903 0.0423348 0.267831 0.206944 0.0779938 0.198473 0.103629 0.0659987 0.0282368 0.00693921 0.000771137 3.67637e-05 6.16905e-07 2.62505e-09 2.42383e-12 4.09613e-16 1.08928e-20 4.21946e-26
 1.09674e-41 1.5222e-33 2.55381e-26 5.17908e-20 1.26959e-14 3.76203e-10 1.3475e-06 0.00058342 0.0305339 0.193181 0.151009 0.0970687 0.25778 0.136106 0.0955749 0.0320192 0.00554552 0.000572789 2.33305e-05 2.99101e-07 9.97373e-10 6.79351e-13 8.14017e-17 1.57048e-21 4.51084e-27
 1.66411e-41 2.30968e-33 3.87496e-26 7.85835e-20 1.92638e-14 5.70822e-10 2.04459e-06 0.000885237 0.0463298 0.293106 0.226313 0.0712993 0.144904 0.0941117 0.0895656 0.0285514 0.00458498 0.000336119 1.02355e-05 1.06128e-07 2.65701e-10 1.33703e-13 1.17514e-17 1.61778e-22 3.26816e-28
 1.33727e-41 1.85605e-33 3.1139e-26 6.31493e-20 1.54803e-14 4.5871e-10 1.64302e-06 0.000711373 0.0372304 0.235555 0.18454 0.110423 0.242596 0.10667 0.0575861 0.0204172 0.00399691 0.000266326 6.10336e-06 4.37981e-08 8.08235e-11 3.00621e-14 1.9077e-18 1.88693e-23 2.73195e-29
 1.11587e-41 1.54875e-33 2.59835e-26 5.26941e-20 1.29173e-14 3.82764e-10 1.371e-06 0.000593595 0.0310664 0.196566 0.155368 0.111966 0.235449 0.137904 0.103873 0.0240306 0.00296964 0.000206859 4.63722e-06 2.57574e-08 3.26328e-11 8.3672e-15 3.78077e-19 2.6787e-24 2.76003e-30
 8.74337e-42 1.21352e-33 2.03594e-26 4.12884e-20 1.01214e-14 2.99914e-10 1.07424e-06 0.000465111 0.0243421 0.154038 0.124144 0.123178 0.248778 0.160112 0.125099 0.0349119 0.00471859 0.000209198 3.58117e-06 1.80932e-08 1.8557e-11 3.39197e-15 1.0403e-19 5.03251e-25 3.61126e-31
 1.41493e-41 1.96383e-33 3.29473e-26 6.68164e-20 1.63793e-14 4.85347e-10 1.73844e-06 0.000752683 0.0393924 0.249244 0.19539 0.0947321 0.160069 0.126305 0.101319 0.0285427 0.00405857 0.000190956 2.56633e-06 8.84981e-09 7.0941e-12 1.04694e-15 2.43008e-20 8.33362e-26 4.09738e-32
 9.76999e-42 1.35601e-33 2.27499e-26 4.61363e-20 1.13098e-14 3.35129e-10 1.20038e-06 0.000519722 0.0272003 0.172162 0.141936 0.162301 0.273024 0.126057 0.071724 0.0218171 0.00311087 0.000144043 1.88507e-06 5.47117e-09 3.10272e-12 3.20653e-16 5.54782e-21 1.45163e-26 5.33992e-33
 1.43343e-41 1.98951e-33 3.33781e-26 6.76901e-20 1.65934e-14 4.91694e-10 1.76117e-06 0.000762524 0.0399076 0.252528 0.199878 0.107745 0.161194 0.136381 0.0844568 0.0153995 0.0016692 7.52541e-05 9.21172e-07 2.41656e-09 1.15973e-12 9.12337e-17 1.11013e-21 2.01667e-27 5.28562e-34
 1.00141e-41 1.38989e-33 2.33183e-26 4.7289e-20 1.15924e-14 3.43503e-10 1.23037e-06 0.000532708 0.02788 0.176521 0.149246 0.183705 0.261419 0.12119 0.0621962 0.0157973 0.00146849 4.27361e-05 4.22146e-07 9.65939e-10 3.95007e-13 2.56786e-17 2.47389e-22 3.37385e-28 6.3341e-35
 1.28579e-41 1.7846e-33 2.99403e-26 6.07183e-20 1.48844e-14 4.41051e-10 1.57978e-06 0.000683988 0.0357974 0.226583 0.183903 0.13222 0.181324 0.152799 0.0743371 0.0113684 0.000954584 2.7271e-05 1.91592e-07 3.09504e-10 9.92363e-14 5.20861e-18 4.01533e-23 4.3128e-29 6.25633e-36
 1.41363e-41 1.96203e-33 3.29171e-26 6.67553e-20 1.63643e-14 4.84903e-10 1.73685e-06 0.000751994 0.0393566 0.24916 0.204901 0.159243 0.187253 0.101343 0.0476466 0.00968363 0.000646966 1.30952e-05 7.80314e-08 9.73037e-11 2.16432e-14 8.04937e-19 4.62818e-24 3.80436e-30 4.24149e-37
 1.12876e-41 1.56664e-33 2.62836e-26 5.33027e-20 1.30665e-14 3.87185e-10 1.38683e-06 0.000600452 0.0314257 0.199089 0.172683 0.196544 0.225241 0.12283 0.0447055 0.00644404 0.000426119 8.09448e-06 3.5213e-08 3.2563e-11 5.55486e-15 1.50657e-19 6.03826e-25 3.45664e-31 2.74679e-38
 1.37463e-41 1.9079e-33 3.20089e-26 6.49135e-20 1.59128e-14 4.71525e-10 1.68893e-06 0.000731246 0.038271 0.242382 0.203001 0.160507 0.179262 0.126383 0.0439019 0.00530517 0.000249508 3.74086e-06 1.41435e-08 1.01986e-11 1.24824e-15 2.44686e-20 7.19743e-26 2.98794e-32 1.68176e-39
 1.35644e-41 1.88264e-33 3.15852e-26 6.40542e-20 1.57021e-14 4.65283e-10 1.66657e-06 0.000721567 0.0377648 0.239321 0.207243 0.194104 0.188122 0.096624 0.0318325 0.00409932 0.000164607 1.78321e-06 4.82814e-09 2.69931e-12 2.59095e-16 3.78725e-21 7.96932e-27 2.34593e-33 9.43665e-41
 1.18639e-41 1.64663e-33 2.76257e-26 5.60243e-20 1.37337e-14 4.06955e-10 1.45765e-06 0.00063111 0.0330311 0.209527 0.190226 0.214074 0.206901 0.112996 0.0296115 0.002894 0.000105642 1.00727e-06 2.04701e-09 7.9801e-13 5.44716e-17 5.89172e-22 9.30027e-28 2.0266e-34 5.8999e-42
 1.06661e-41 1.48039e-33 2.48366e-26 5.03681e-20 1.23471e-14 3.65869e-10 1.31048e-06 0.000567394 0.0296969 0.188587 0.178547 0.221244 0.217171 0.129222 0.0321361 0.00275231 7.48481e-05 5.53601e-07 9.24053e-10 2.79968e-13 1.37442e-17 1.03246e-22 1.13731e-28 1.76504e-35 3.72498e-43
 1.04901e-41 1.45596e-33 2.44267e-26 4.95368e-20 1.21434e-14 3.5983e-10 1.28885e-06 0.00055803 0.0292075 0.185645 0.179574 0.221061 0.216773 0.132282 0.0321686 0.00266805 6.24102e-05 3.5285e-07 4.29341e-10 9.79188e-14 3.67948e-18 2.06679e-23 1.64123e-29 1.78765e-36 2.61993e-44
 1.26625e-41 1.75748e-33 2.94853e-26 5.97956e-20 1.46582e-14 4.34349e-10 1.55577e-06 0.000673594 0.0352554 0.223804 0.204365 0.200079 0.19269 0.113459 0.0273603 0.00226116 5.16868e-05 2.70182e-07 2.78934e-10 5.08841e-14 1.51399e-18 6.85954e-24 4.46852e-30 4.00213e-37 4.77578e-45
 1.26628e-41 1.75751e-33 2.94859e-26 5.97968e-20 1.46585e-14 4.34358e-10 1.5558e-06 0.000673608 0.0352561 0.223808 0.204369 0.200088 0.192859 0.113812 0.0269788 0.00210935 4.46382e-05 2.11747e-07 1.95463e-10 3.15065e-14 8.21124e-19 3.24101e-24 1.83401e-30 1.42491e-37 1.47361e-45
#pred catch len freq
 2.55724e-27 2.57216e-27 1.87189e-26 3.40893e-20 8.35658e-15 2.4762e-10 8.86935e-07 0.000384009 0.0200976 0.127144 0.0977985 0.0449165 0.273168 0.252156 0.0523185 0.0562256 0.022916 0.0160381 0.00951356 0.00705085 0.00545316 0.00468454 0.00469364 0.00416731 0.00127325
 2.55927e-27 2.5783e-27 2.46772e-26 4.66609e-20 1.14383e-14 3.38939e-10 1.21402e-06 0.000525625 0.0275093 0.174032 0.133504 0.0388006 0.201542 0.187343 0.0642323 0.0996689 0.0353776 0.017131 0.00765789 0.00427688 0.00267004 0.0019513 0.00172769 0.00153462 0.000514036
 2.56176e-27 2.58453e-27 2.9651e-26 5.71514e-20 1.401e-14 4.15141e-10 1.48696e-06 0.000643799 0.0336941 0.213159 0.163436 0.0422487 0.206752 0.19094 0.0429001 0.0503156 0.0235684 0.0196959 0.00718607 0.00270151 0.0011479 0.000633049 0.000460488 0.000383847 0.000133182
 2.56014e-27 2.57998e-27 2.54526e-26 4.82939e-20 1.18387e-14 3.50801e-10 1.25651e-06 0.000544021 0.0284721 0.180123 0.13825 0.0447421 0.243423 0.224703 0.0476099 0.0522379 0.0192381 0.0106555 0.00576261 0.0028758 0.000813045 0.000275025 0.000140246 0.000100072 3.43716e-05
 2.56002e-27 2.57984e-27 2.55197e-26 4.84362e-20 1.18736e-14 3.51835e-10 1.26021e-06 0.000545624 0.028556 0.180654 0.138628 0.0430658 0.230401 0.213105 0.0531583 0.0678327 0.0242771 0.011975 0.00456243 0.00205421 0.000866913 0.000217311 5.9848e-05 3.04316e-05 9.7822e-06
 2.56085e-27 2.58201e-27 2.73606e-26 5.23194e-20 1.28255e-14 3.80042e-10 1.36125e-06 0.000589368 0.0308454 0.195137 0.149691 0.0433076 0.224467 0.207395 0.0478639 0.0572746 0.0222984 0.0136069 0.00495636 0.00176295 0.000571522 0.000183479 3.6146e-05 9.42904e-06 2.52612e-06
 2.56101e-27 2.58228e-27 2.74367e-26 5.24794e-20 1.28647e-14 3.81204e-10 1.36541e-06 0.000591169 0.0309397 0.195733 0.150167 0.044586 0.233862 0.215823 0.0450178 0.0485611 0.0181103 0.0101167 0.00419213 0.00169926 0.000457377 0.000113972 2.4117e-05 3.57811e-06 6.0787e-07
 2.56171e-27 2.58417e-27 2.91054e-26 5.59995e-20 1.37276e-14 4.06774e-10 1.45699e-06 0.000630823 0.033015 0.208863 0.160183 0.0440235 0.222545 0.205445 0.0443954 0.0496995 0.0176124 0.00848255 0.00326949 0.00131254 0.000413326 9.12216e-05 1.54323e-05 1.92697e-06 1.76947e-07
 2.56276e-27 2.58688e-27 3.13584e-26 6.0752e-20 1.48926e-14 4.41295e-10 1.58064e-06 0.000684359 0.0358169 0.226588 0.173726 0.0445216 0.216821 0.199912 0.0388884 0.0385093 0.013862 0.00698509 0.00248011 0.000869325 0.000260528 6.37324e-05 9.75919e-06 9.72683e-07 5.97128e-08
 2.56464e-27 2.59186e-27 3.56623e-26 6.98308e-20 1.71182e-14 5.07243e-10 1.81686e-06 0.00078663 0.0411694 0.260449 0.199575 0.0440652 0.195186 0.179805 0.0327631 0.0295319 0.0100788 0.00431086 0.00155274 0.000544304 0.000141961 3.22624e-05 5.21008e-06 4.59658e-07 2.12439e-08
 2.5634e-27 2.58837e-27 3.24482e-26 6.30501e-20 1.5456e-14 4.57988e-10 1.64044e-06 0.000710246 0.0371717 0.235159 0.180294 0.0460099 0.223532 0.205756 0.033635 0.0249575 0.00823067 0.00310756 0.00101538 0.000317017 8.29321e-05 1.69123e-05 2.51344e-06 2.22946e-07 8.77706e-09
 2.56368e-27 2.58919e-27 3.32255e-26 6.46901e-20 1.5858e-14 4.69901e-10 1.68311e-06 0.00072872 0.0381386 0.241276 0.184954 0.0452967 0.214831 0.197859 0.0346404 0.0292174 0.00919642 0.00274426 0.000827259 0.000226496 5.1629e-05 1.00261e-05 1.35349e-06 1.11245e-07 4.20547e-09
 2.56485e-27 2.59236e-27 3.60197e-26 7.05846e-20 1.7303e-14 5.12718e-10 1.83647e-06 0.000795121 0.0416138 0.263261 0.20173 0.0445937 0.197694 0.182006 0.0311183 0.0251881 0.00816734 0.00282332 0.000792123 0.000175374 3.47466e-05 5.78996e-06 7.13711e-07 5.32086e-08 1.87533e-09
 2.56303e-27 2.58732e-27 3.14822e-26 6.1012e-20 1.49564e-14 4.43184e-10 1.58741e-06 0.000687288 0.0359702 0.227558 0.1745 0.0466353 0.232361 0.21384 0.0339223 0.02356 0.00753652 0.00248364 0.000731807 0.000177561 2.98497e-05 4.07823e-06 4.23281e-07 2.81256e-08 8.99277e-10
 2.56145e-27 2.5832e-27 2.79921e-26 5.36501e-20 1.31517e-14 3.89708e-10 1.39587e-06 0.000604357 0.0316299 0.2001 0.153529 0.0463284 0.244761 0.225609 0.0419295 0.0388542 0.0120916 0.003344 0.000946653 0.000224778 4.09273e-05 5.19472e-06 4.28834e-07 2.35488e-08 6.63465e-10
 2.56298e-27 2.58736e-27 3.16611e-26 6.13901e-20 1.5049e-14 4.4593e-10 1.59725e-06 0.000691546 0.036193 0.228968 0.175556 0.0453334 0.221712 0.204283 0.0371081 0.0332724 0.0111016 0.00429817 0.00119021 0.000242818 4.23052e-05 5.57326e-06 4.40609e-07 1.92894e-08 4.44832e-10
 2.56397e-27 2.58991e-27 3.38053e-26 6.5913e-20 1.61578e-14 4.78784e-10 1.71492e-06 0.000742496 0.0388596 0.245837 0.188442 0.0456498 0.215067 0.197938 0.0321415 0.0235155 0.0077355 0.00288634 0.000902969 0.000238075 3.80747e-05 4.5495e-06 3.62599e-07 1.50675e-08 2.80093e-10
 2.56391e-27 2.58969e-27 3.35587e-26 6.53925e-20 1.60302e-14 4.75003e-10 1.70138e-06 0.000736633 0.0385527 0.243896 0.186968 0.0461703 0.220064 0.202464 0.031401 0.02066 0.00645035 0.00188667 0.000564765 0.000150751 3.00184e-05 3.81129e-06 2.73253e-07 1.11339e-08 1.93054e-10
 2.56473e-27 2.59194e-27 3.55754e-26 6.96471e-20 1.70731e-14 5.05908e-10 1.81208e-06 0.00078456 0.0410611 0.259764 0.199072 0.0453471 0.205295 0.188894 0.030068 0.0210285 0.00644663 0.00166953 0.000449081 9.75573e-05 1.8903e-05 2.77867e-06 2.24448e-07 8.49791e-09 1.41402e-10
 2.56431e-27 2.59075e-27 3.44531e-26 6.72792e-20 1.64927e-14 4.88708e-10 1.75047e-06 0.000757886 0.039665 0.250932 0.192342 0.0462455 0.21686 0.199432 0.0294971 0.017075 0.00526963 0.00145557 0.000380655 7.24289e-05 1.15952e-05 1.53664e-06 1.38143e-07 5.87828e-09 9.39098e-11
 2.56615e-27 2.59578e-27 3.89386e-26 7.67419e-20 1.88124e-14 5.57444e-10 1.99667e-06 0.000864482 0.0452439 0.286225 0.219265 0.0445908 0.185352 0.170437 0.0258222 0.0159832 0.00479111 0.00107949 0.000279216 5.54362e-05 8.13937e-06 8.90621e-07 6.97869e-08 3.20242e-09 5.65165e-11
 2.56628e-27 2.59607e-27 3.91266e-26 7.71383e-20 1.89095e-14 5.60323e-10 2.00698e-06 0.000868947 0.0454775 0.287704 0.220402 0.0451049 0.188465 0.173173 0.0238267 0.0107448 0.00322533 0.000776968 0.000191781 3.21725e-05 4.74585e-06 4.99722e-07 3.25145e-08 1.29589e-09 2.40347e-11
 2.56598e-27 2.59523e-27 3.83749e-26 7.55524e-20 1.85208e-14 5.48803e-10 1.96572e-06 0.000851082 0.0445426 0.281789 0.215891 0.0454037 0.193909 0.178185 0.0245058 0.0110236 0.00318302 0.000556753 0.000131655 2.29805e-05 3.03179e-06 2.92783e-07 1.83905e-08 6.18812e-10 1.00504e-11
 2.56649e-27 2.59663e-27 3.96264e-26 7.81925e-20 1.9168e-14 5.67981e-10 2.03441e-06 0.000880823 0.0460991 0.291636 0.223402 0.0449258 0.184995 0.169983 0.0234962 0.0107861 0.00311571 0.00054211 0.000118802 1.57342e-05 2.01743e-06 1.85917e-07 1.04323e-08 3.29703e-10 4.59805e-12
 2.56672e-27 2.59725e-27 4.01657e-26 7.93304e-20 1.94469e-14 5.76246e-10 2.06402e-06 0.00089364 0.0467699 0.295879 0.226641 0.0448291 0.181984 0.167188 0.022706 0.00968841 0.00279774 0.000496272 0.00010915 1.40988e-05 1.51457e-06 1.1712e-07 6.27725e-09 1.7874e-10 2.28426e-12
 2.56618e-27 2.59576e-27 3.88365e-26 7.65261e-20 1.87594e-14 5.55876e-10 1.99105e-06 0.00086205 0.0451166 0.28542 0.218663 0.0453827 0.191801 0.176212 0.023654 0.0095772 0.00274183 0.000453543 9.8509e-05 1.29377e-05 1.38014e-06 9.51715e-08 4.14773e-09 1.07962e-10 1.25435e-12
 2.56538e-27 2.59358e-27 3.69026e-26 7.24463e-20 1.77593e-14 5.26241e-10 1.88491e-06 0.000816093 0.0427114 0.270204 0.207054 0.0459744 0.204461 0.187893 0.0257057 0.0113137 0.00323328 0.000509245 0.000107766 1.3308e-05 1.41005e-06 9.76119e-08 3.9061e-09 8.36601e-11 8.57157e-13
 2.56427e-27 2.59054e-27 3.41882e-26 6.67201e-20 1.63556e-14 4.84647e-10 1.73592e-06 0.000751588 0.0393354 0.248847 0.190762 0.0470029 0.223733 0.205626 0.027914 0.0118867 0.00341781 0.000580682 0.000124102 1.46184e-05 1.47822e-06 9.81412e-08 3.91709e-09 7.82455e-11 6.72516e-13
 2.56303e-27 2.58723e-27 3.12907e-26 6.06077e-20 1.48572e-14 4.40247e-10 1.57689e-06 0.000682733 0.0357318 0.22605 0.173363 0.0475291 0.239962 0.220688 0.0321276 0.0177009 0.00511254 0.000844038 0.000181691 2.285e-05 2.29641e-06 1.44463e-07 5.48464e-09 1.07505e-10 8.68947e-13
#obs catch len freq
 5.04141e-42 6.99714e-34 1.17392e-26 2.38068e-20 5.83595e-15 1.7293e-10 6.19407e-07 0.000268182 0.0140356 0.0887942 0.0685291 0.0400159 0.219225 0.187037 0.143447 0.142789 0.0635765 0.025514 0.00595133 0.000773711 4.14048e-05 6.57982e-07 2.32315e-09 1.48206e-12 1.49664e-16
 5.71842e-42 7.93678e-34 1.33156e-26 2.70038e-20 6.61966e-15 1.96153e-10 7.02587e-07 0.000304196 0.0159204 0.100719 0.0777449 0.0437437 0.223678 0.181943 0.143094 0.130958 0.0564018 0.0206575 0.00432985 0.000484485 2.11253e-05 2.58723e-07 6.76417e-10 3.12077e-13 2.24941e-17
 1.08062e-41 1.49984e-33 2.51628e-26 5.10297e-20 1.25093e-14 3.70675e-10 1.3277e-06 0.000574847 0.0300852 0.190329 0.146215 0.0451106 0.181235 0.140598 0.114138 0.0959144 0.0398389 0.0132511 0.00246701 0.000233301 8.1847e-06 7.69016e-08 1.48773e-10 4.96472e-14 2.55497e-18
 1.11447e-41 1.54681e-33 2.59509e-26 5.26279e-20 1.29011e-14 3.82284e-10 1.36928e-06 0.00059285 0.0310274 0.196291 0.151112 0.0584072 0.237862 0.164254 0.076829 0.0544 0.0216076 0.00647114 0.00105778 8.33154e-05 2.31384e-06 1.65218e-08 2.35919e-11 5.69813e-15 2.09636e-19
 7.84285e-42 1.08854e-33 1.82624e-26 3.70359e-20 9.07891e-15 2.69025e-10 9.63602e-07 0.000417206 0.0218349 0.138138 0.106972 0.064789 0.273774 0.184573 0.116696 0.0714485 0.0168903 0.0038832 0.000547214 3.54241e-05 7.68341e-07 4.12122e-09 4.31461e-12 7.52706e-16 1.9808e-20
 1.26093e-41 1.75009e-33 2.93614e-26 5.95443e-20 1.45966e-14 4.32524e-10 1.54923e-06 0.000670763 0.0351051 0.222087 0.170804 0.0528642 0.17219 0.122014 0.125032 0.0754659 0.0200645 0.00339355 0.000292358 1.43732e-05 2.40012e-07 9.5768e-10 7.29351e-13 9.14214e-17 1.71647e-21
 1.04166e-41 1.44576e-33 2.42555e-26 4.91898e-20 1.20583e-14 3.57309e-10 1.27982e-06 0.000554119 0.0290004 0.18347 0.142019 0.073764 0.260192 0.153433 0.0855205 0.0503373 0.018289 0.00318863 0.000223597 6.64173e-06 7.44056e-08 2.15231e-10 1.18339e-13 1.05995e-17 1.41366e-22
 1.27816e-41 1.774e-33 2.97626e-26 6.03578e-20 1.4796e-14 4.38433e-10 1.5704e-06 0.000679928 0.0355847 0.225124 0.173639 0.0644543 0.19265 0.123884 0.115994 0.0540951 0.0116731 0.00205726 0.000159048 3.8247e-06 2.66248e-08 4.82846e-11 1.81601e-14 1.1466e-18 1.0808e-23
 1.1526e-41 1.59973e-33 2.68388e-26 5.44286e-20 1.33425e-14 3.95363e-10 1.41613e-06 0.000613134 0.032089 0.203013 0.157413 0.079678 0.238585 0.133925 0.0943239 0.045847 0.0128266 0.00159121 9.2349e-05 2.14335e-06 1.21902e-08 1.44825e-11 3.35693e-15 1.37094e-19 8.78238e-25
 1.51903e-41 2.10831e-33 3.53714e-26 7.17324e-20 1.75843e-14 5.21056e-10 1.86634e-06 0.000808061 0.0422907 0.26755 0.206432 0.0697272 0.17147 0.103464 0.0927424 0.0366797 0.00779027 0.000992939 4.94885e-05 8.13686e-07 3.80319e-09 3.6528e-12 5.98736e-16 1.57304e-20 6.37229e-26
 1.55205e-41 2.15415e-33 3.61403e-26 7.32919e-20 1.79666e-14 5.32384e-10 1.90691e-06 0.000825628 0.0432101 0.273371 0.211564 0.0832544 0.197348 0.0985239 0.061574 0.0242546 0.00550873 0.000540971 2.23834e-05 3.0831e-07 1.03915e-09 7.37154e-13 9.33769e-17 1.83439e-21 5.1999e-27
 1.15363e-41 1.60116e-33 2.68627e-26 5.4477e-20 1.33544e-14 3.95715e-10 1.41739e-06 0.00061368 0.0321176 0.203205 0.159235 0.103813 0.25361 0.129123 0.0871911 0.0264048 0.00428131 0.000391019 1.3544e-05 1.42265e-07 3.73363e-10 1.94164e-13 1.74128e-17 2.47732e-22 5.19514e-28
 1.72458e-41 2.3936e-33 4.01577e-26 8.1439e-20 1.99638e-14 5.91564e-10 2.11889e-06 0.000917405 0.0480133 0.30376 0.234799 0.0749033 0.14058 0.09025 0.0800505 0.0231071 0.00339483 0.000217795 5.68262e-06 4.78132e-08 9.36487e-11 3.58807e-14 2.35316e-18 2.38528e-23 3.51516e-29
 1.39932e-41 1.94216e-33 3.25838e-26 6.60792e-20 1.61985e-14 4.79992e-10 1.71925e-06 0.000744378 0.0389578 0.24649 0.193594 0.116407 0.234096 0.0985939 0.0512157 0.0168013 0.00292722 0.000167869 3.24091e-06 1.88789e-08 2.72127e-11 7.67556e-15 3.62663e-19 2.6372e-24 2.78237e-30
 1.18494e-41 1.64462e-33 2.75919e-26 5.59559e-20 1.37169e-14 4.06458e-10 1.45587e-06 0.00063034 0.0329895 0.208741 0.16551 0.118786 0.228887 0.131997 0.0911902 0.0189718 0.00216354 0.000130159 2.40004e-06 1.06596e-08 1.05088e-11 2.04316e-15 6.86428e-20 3.57035e-25 2.67843e-31
 9.43832e-42 1.30998e-33 2.19776e-26 4.45701e-20 1.09258e-14 3.23752e-10 1.15963e-06 0.000502079 0.0262769 0.166291 0.134609 0.131505 0.243484 0.155146 0.110558 0.0281641 0.0033347 0.000127004 1.82034e-06 7.27991e-09 5.74042e-12 7.92003e-16 1.80498e-20 6.40765e-26 3.34436e-32
 1.5023e-41 2.08509e-33 3.49817e-26 7.09422e-20 1.73906e-14 5.15317e-10 1.84578e-06 0.000799159 0.0418249 0.264641 0.207854 0.0988628 0.15343 0.120317 0.086926 0.0224406 0.00279022 0.000110704 1.21456e-06 3.33178e-09 2.05382e-12 2.27412e-16 3.90832e-21 9.83139e-27 3.51811e-33
 1.05278e-41 1.4612e-33 2.45146e-26 4.97151e-20 1.21871e-14 3.61125e-10 1.29349e-06 0.000560037 0.0293102 0.185534 0.153749 0.170353 0.261295 0.117584 0.0620957 0.017299 0.00213537 8.3132e-05 8.77228e-07 1.99111e-09 8.63902e-13 6.70091e-17 8.56414e-22 1.63896e-27 4.38359e-34
 1.52698e-41 2.11935e-33 3.55565e-26 7.21079e-20 1.76764e-14 5.23784e-10 1.87611e-06 0.000812291 0.0425122 0.269022 0.213379 0.111269 0.153428 0.12734 0.0695436 0.0115396 0.00111078 4.18368e-05 4.09517e-07 8.33097e-10 3.03076e-13 1.77998e-17 1.59832e-22 2.12202e-28 4.03439e-35
 1.08445e-41 1.50514e-33 2.52518e-26 5.12102e-20 1.25536e-14 3.71986e-10 1.33239e-06 0.00057688 0.0301918 0.191185 0.162492 0.1907 0.247612 0.111681 0.0526292 0.0119635 0.000944328 2.31969e-05 1.84244e-07 3.24845e-10 1.00077e-13 4.8313e-18 3.42246e-23 3.40766e-29 4.64426e-36
 1.38385e-41 1.92069e-33 3.22236e-26 6.53489e-20 1.60195e-14 4.74687e-10 1.70025e-06 0.000736151 0.0385274 0.243884 0.198492 0.136018 0.172927 0.140511 0.0599827 0.0083021 0.000604047 1.41284e-05 7.89544e-08 9.86877e-11 2.37922e-14 9.23414e-19 5.21485e-24 4.0776e-30 4.28657e-37
 1.50883e-41 2.09416e-33 3.51339e-26 7.12508e-20 1.74663e-14 5.17558e-10 1.85381e-06 0.000802635 0.0420071 0.265969 0.219362 0.161311 0.173686 0.090918 0.038642 0.00690629 0.000388208 6.51413e-06 3.06687e-08 2.92605e-11 4.88731e-15 1.34334e-19 5.64261e-25 3.36578e-31 2.71218e-38
 1.22219e-41 1.69632e-33 2.84593e-26 5.77149e-20 1.41481e-14 4.19235e-10 1.50163e-06 0.000650155 0.0340272 0.215615 0.187788 0.200298 0.211231 0.110015 0.0355334 0.00458054 0.000255877 3.92385e-06 1.34122e-08 9.48887e-12 1.20982e-15 2.41919e-20 7.08275e-26 2.93955e-32 1.68409e-39
 1.47589e-41 2.04844e-33 3.43668e-26 6.96952e-20 1.7085e-14 5.06259e-10 1.81334e-06 0.000785112 0.0410903 0.260279 0.218535 0.161909 0.168049 0.111529 0.034061 0.00361529 0.000143231 1.74511e-06 5.1338e-09 2.80851e-12 2.56494e-16 3.70066e-21 7.93475e-27 2.3869e-33 9.69441e-41
 1.45452e-41 2.01877e-33 3.38691e-26 6.86858e-20 1.68375e-14 4.98926e-10 1.78707e-06 0.000773741 0.0404957 0.256687 0.222892 0.194147 0.173358 0.0841587 0.0246537 0.00274129 9.11361e-05 7.96198e-07 1.67963e-09 7.10668e-13 5.06599e-17 5.43931e-22 8.34061e-28 1.77753e-34 5.15125e-42
 1.28411e-41 1.78226e-33 2.99012e-26 6.0639e-20 1.48649e-14 4.40475e-10 1.57771e-06 0.000683094 0.0357522 0.226868 0.206557 0.215006 0.192811 0.0978328 0.0225153 0.00191491 5.77418e-05 4.3748e-07 6.87125e-10 2.02437e-13 1.02506e-17 8.12125e-23 9.3186e-29 1.46906e-35 3.08319e-43
 1.16316e-41 1.61439e-33 2.70848e-26 5.49274e-20 1.34648e-14 3.98986e-10 1.4291e-06 0.000618754 0.0323856 0.205759 0.195318 0.223195 0.204739 0.111838 0.0243233 0.00178183 3.9853e-05 2.34376e-07 3.00409e-10 6.83933e-14 2.48678e-18 1.36805e-23 1.09412e-29 1.22552e-36 1.85972e-44
 1.14629e-41 1.59097e-33 2.66919e-26 5.41305e-20 1.32695e-14 3.93199e-10 1.40837e-06 0.000609778 0.0319157 0.202749 0.191435 0.215979 0.208815 0.119492 0.0269505 0.00201099 4.12632e-05 1.99733e-07 2.03724e-10 3.8351e-14 1.17859e-18 5.38465e-24 3.4625e-30 3.04157e-37 3.58242e-45
 1.35126e-41 1.87545e-33 3.14646e-26 6.38096e-20 1.56422e-14 4.63506e-10 1.6602e-06 0.000718812 0.0376218 0.238749 0.214679 0.194576 0.182538 0.104706 0.0244786 0.00189208 3.97514e-05 1.87598e-07 1.72552e-10 2.77402e-14 7.21543e-19 2.84383e-24 1.60756e-30 1.24801e-37 1.28992e-45
#spawning biomass
 10593.1 11740.2 14936.3 21286.5 27487.7 32417.5 36118.7 43413.4 50690.1 67496.8 86593.7 102633 132546 158011 168962 140549 127775 120548 123152 116725 121137 130856 138030 146074 160941 169192 160022 121843 125063 284815 363262 369122 338164 291866 244309 202562 169005 143498 124834 111541 102258 95868.1 91504.6 88533.5 86529.7 85215.7 84354.2 83789.2 83418.8 83175.9 83016.6 82912.2 82843.7 82798.8 82769.4 82750.1 82737.4 82729.1 82723.7 82720.1 82717.8 82716.2 82715.2 82714.6 82714.1 82713.9 82713.7 82713.6 82713.5 82713.4 82713.4 82713.4 82713.3 82713.3 82713.3 82713.3 82713.3 82713.3 82713.3 82713.3 82713.3 82713.3 82713.3 82713.3 82713.3 82713.3 82713.3 82713.3 82713.3 82713.3 82713.3 82713.3 82713.3 82713.3 82713.3 82713.3 82713.3 82713.3 82713.3 82713.3 82713.3 82713.3 82713.3 82713.3 82713.3 82713.3 82713.3 82713.3 82713.3 82713.3 82713.3 82713.3 82713.3 82713.3 82713.3 82713.3 82713.3 82713.3 82713.3 82713.3 82713.3 82713.3 82713.3 82713.3 82713.3 82713.3 82713.3 82713.3 82713.3 0 0 0 0 0 0 0 0 0 0 0 0 0 0 0 0 0 0 0 0 0 0 0 0 0
