SBPRF35
0.819782
Curr Bio
137687
B35
696622
F35
0.211066
FOFL
0.0500293
OFL
7117.47
Bzero
234224
#pred survey bio
 6396.66 6883.45 8441.91 11123.4 15549.3 18185.6 17754 22604.3 36821.6 51820.7 62216.4 81953.1 101614 132579 139557 118244 104526 102064 106646 108452 101216 112130 116142 122337 130493 132859 137614 149426 7.05476e+06 6.68712e+06 7.4679e+06 7.19643e+06 6.44569e+06 5.55985e+06 4.72392e+06 4.01641e+06 3.45454e+06 3.02596e+06 2.70748e+06 2.47475e+06 2.30638e+06 2.18505e+06 2.0968e+06 2.03166e+06 1.98551e+06 1.95247e+06 1.92855e+06 1.91103e+06 1.89807e+06 1.88836e+06 1.881e+06 1.87538e+06 1.87104e+06 1.86766e+06 1.86501e+06 1.86291e+06 1.86125e+06 1.85992e+06 1.85885e+06 1.85799e+06 1.8573e+06 1.85673e+06 1.85628e+06 1.85591e+06 1.85561e+06 1.85536e+06 1.85516e+06 1.855e+06 1.85487e+06 1.85476e+06 1.85467e+06 1.85459e+06 1.85454e+06 1.85449e+06 1.85445e+06 1.85441e+06 1.85439e+06 1.85437e+06 1.85435e+06 1.85433e+06 1.85432e+06 1.85431e+06 1.8543e+06 1.8543e+06 1.85429e+06 1.85429e+06 1.85428e+06 1.85428e+06 1.85428e+06 1.85428e+06 1.85427e+06 1.85427e+06 1.85427e+06 1.85427e+06 1.85427e+06 1.85427e+06 1.85427e+06 1.85427e+06 1.85427e+06 1.85427e+06 1.85427e+06 1.85427e+06 1.85427e+06 1.85427e+06 1.85427e+06 1.85427e+06 1.85427e+06 1.85427e+06 1.85427e+06 1.85427e+06 1.85427e+06 1.85427e+06 1.85427e+06 1.85427e+06 1.85427e+06 1.85427e+06 1.85427e+06 1.85427e+06 1.85427e+06 1.85427e+06 1.85427e+06 1.85427e+06 1.85427e+06 1.85427e+06 1.85427e+06 1.85427e+06 1.85427e+06 1.85427e+06 0 0 0 0 0 0 0 0 0 0 0 0 0 0 0 0 0 0 0 0 0 0 0 0 0
#obs survey bio
 5638.96 6577.07 12871.5 14041.2 21506.9 17063.5 12837.7 33974.7 58886.1 60677.1 80650.2 92202.1 157168 107082 108253 84867.5 86151.7 77623.9 122455 105520 80591.4 143943 128316 110021 126930 117122 103578 141696
#pred catch bio
 4136.39 4786.6 5949.51 7461.24 10560.2 13676.6 13310.2 14996.3 24676.3 37568.4 44337.9 62058.8 73949.3 100165 112620 97070.8 85017.9 81798.9 86344.7 91840.7 81708.1 92996.8 96440.7 101674 109390 111057 114735 98122.5 7117.47 53929.5 60607 57727.1 51009.2 43312.9 36168.5 30211.4 25558.1 22077.3 19551.2 17757.5 16504.1 15638 15040.9 14629 14355.9 14174.9 14054.8 13975.3 13922.5 13887.6 13864.4 13849 13838.8 13832.1 13827.6 13824.6 13822.7 13821.4 13820.5 13819.9 13819.5 13819.3 13819.1 13819 13818.9 13818.9 13818.9 13818.8 13818.8 13818.8 13818.8 13818.8 13818.8 13818.8 13818.8 13818.8 13818.8 13818.8 13818.8 13818.8 13818.8 13818.8 13818.8 13818.8 13818.8 13818.8 13818.8 13818.8 13818.8 13818.8 13818.8 13818.8 13818.8 13818.8 13818.8 13818.8 13818.8 13818.8 13818.8 13818.8 13818.8 13818.8 13818.8 13818.8 13818.8 13818.8 13818.8 13818.8 13818.8 13818.8 13818.8 13818.8 13818.8 13818.8 13818.8 13818.8 13818.8 13818.8 13818.8 13818.8 13818.8 13818.8 13818.8 13818.8 13818.8 13818.8 13818.8 13818.8 0 0 0 0 0 0 0 0 0 0 0 0 0 0 0 0 0 0 0 0 0 0 0 0 0
#obs catch bio
 4539.08 4774.13 5745.46 7182.8 10151 13541.7 13362.8 14376 23274.8 35295.1 42076.2 59561.9 70951.1 99446.7 113105 96895.8 85215.8 81160.4 85908.4 90506.9 80200.4 90617.8 93420 98603.4 105695 107511 114712 97236.1
#pred cpue bio
 5379.13 5444.06 6448.84 8407.58 11894.9 14579.8 13833 16520 27366.5 39856.8 47530.9 61626.1 75587.8 99966.3 109306 92432.9 79434.3 77052.1 80121.8 81679.4 75125.3 83024.6 85915.8 90023.5 95846.1 98273.1 101206 108954 5.60017e+06 6.53848e+06 7.42626e+06 7.1441e+06 6.39015e+06 5.50381e+06 4.66781e+06 3.96029e+06 3.39842e+06 2.96984e+06 2.65135e+06 2.41863e+06 2.25026e+06 2.12893e+06 2.04068e+06 1.97554e+06 1.92939e+06 1.89635e+06 1.87242e+06 1.85491e+06 1.84194e+06 1.83223e+06 1.82488e+06 1.81926e+06 1.81492e+06 1.81154e+06 1.80889e+06 1.80679e+06 1.80513e+06 1.8038e+06 1.80273e+06 1.80187e+06 1.80117e+06 1.80061e+06 1.80016e+06 1.79979e+06 1.79949e+06 1.79924e+06 1.79904e+06 1.79888e+06 1.79874e+06 1.79864e+06 1.79855e+06 1.79847e+06 1.79841e+06 1.79837e+06 1.79833e+06 1.79829e+06 1.79827e+06 1.79824e+06 1.79823e+06 1.79821e+06 1.7982e+06 1.79819e+06 1.79818e+06 1.79818e+06 1.79817e+06 1.79817e+06 1.79816e+06 1.79816e+06 1.79816e+06 1.79815e+06 1.79815e+06 1.79815e+06 1.79815e+06 1.79815e+06 1.79815e+06 1.79815e+06 1.79815e+06 1.79815e+06 1.79815e+06 1.79815e+06 1.79815e+06 1.79815e+06 1.79815e+06 1.79815e+06 1.79815e+06 1.79815e+06 1.79815e+06 1.79815e+06 1.79815e+06 1.79815e+06 1.79815e+06 1.79815e+06 1.79815e+06 1.79815e+06 1.79815e+06 1.79815e+06 1.79815e+06 1.79815e+06 1.79815e+06 1.79815e+06 1.79815e+06 1.79815e+06 1.79815e+06 1.79815e+06 1.79815e+06 1.79815e+06 1.79815e+06 1.79815e+06 0 0 0 0 0 0 0 0 0 0 0 0 0 0 0 0 0 0 0 0 0 0 0 0 0
#obs cpue bio
 5863.41 6694.5 9039.81 11998.8 15317.6 14090.8 19512.8 27647.1 49666.9 80227.1 84055.4 88961.2 96130.7 101226 133714 144168 87692.4 117496 75474.3 116610 120040 105532 130084 160433 171036 178628 121532 147458
#pred surv len freq
 2.56726e-27 2.59937e-27 4.28409e-26 8.49771e-20 2.08311e-14 6.17263e-10 2.21093e-06 0.000957249 0.050099 0.31694 0.242599 0.0371067 0.112 0.103477 0.0267799 0.0353977 0.0164412 0.0143424 0.009652 0.00791181 0.00660044 0.00599476 0.00626346 0.0056854 0.00174919
 2.56849e-27 2.6024e-27 4.50989e-26 8.97386e-20 2.19983e-14 6.5185e-10 2.33482e-06 0.00101089 0.0529062 0.334699 0.25621 0.0402347 0.126245 0.116286 0.0232442 0.0238643 0.00916164 0.00562152 0.00306859 0.00210554 0.00152218 0.00122588 0.00116126 0.00106946 0.000362225
 2.5694e-27 2.60481e-27 4.71301e-26 9.40233e-20 2.30487e-14 6.82973e-10 2.4463e-06 0.00105915 0.0554322 0.350679 0.268416 0.0404721 0.119476 0.109985 0.0212185 0.020752 0.00700489 0.00288535 0.00115328 0.000561013 0.000313977 0.000209997 0.000172157 0.000152513 5.38682e-05
 2.56966e-27 2.60546e-27 4.76637e-26 9.51488e-20 2.33246e-14 6.91149e-10 2.47558e-06 0.00107183 0.0560958 0.354877 0.271625 0.0407133 0.119057 0.109529 0.0198995 0.017845 0.0059165 0.00225049 0.000718933 0.000226443 8.06959e-05 3.84177e-05 2.49468e-05 1.99112e-05 7.0479e-06
 2.5692e-27 2.60424e-27 4.65952e-26 9.28948e-20 2.2772e-14 6.74776e-10 2.41693e-06 0.00104644 0.0547669 0.346471 0.26521 0.0409401 0.125291 0.115311 0.0214523 0.019925 0.00645406 0.00220919 0.000676398 0.000183598 4.17539e-05 1.12412e-05 4.71893e-06 3.04952e-06 1.03808e-06
 2.56724e-27 2.59894e-27 4.19344e-26 8.30626e-20 2.03618e-14 6.03356e-10 2.16112e-06 0.000935683 0.0489703 0.309799 0.237226 0.0420815 0.153637 0.141521 0.0270278 0.0260569 0.00852734 0.00304299 0.000896975 0.000220866 4.41231e-05 7.48793e-06 1.51536e-06 6.25229e-07 1.918e-07
 2.56857e-27 2.60261e-27 4.52202e-26 8.99943e-20 2.2061e-14 6.53707e-10 2.34147e-06 0.00101377 0.0530569 0.335653 0.256946 0.0407612 0.129735 0.11954 0.0245113 0.0258556 0.00853705 0.00315219 0.000947703 0.000237785 4.37694e-05 6.31347e-06 7.12576e-07 1.24255e-07 2.91667e-08
 2.57082e-27 2.60863e-27 5.04701e-26 1.01069e-19 2.47759e-14 7.34153e-10 2.62961e-06 0.00113852 0.0595862 0.376958 0.288472 0.0398598 0.100726 0.0926161 0.0169575 0.0153963 0.00522894 0.00217578 0.000670374 0.000173857 3.27717e-05 4.48165e-06 4.01385e-07 2.94769e-08 3.47884e-09
 2.57018e-27 2.60684e-27 4.88471e-26 9.76452e-20 2.39365e-14 7.09282e-10 2.54053e-06 0.00109995 0.0575676 0.364188 0.278734 0.0406884 0.113872 0.104678 0.0178397 0.014355 0.00465394 0.0016201 0.000517446 0.000148364 2.90574e-05 4.08414e-06 3.47276e-07 1.7132e-08 7.34514e-10
 2.56895e-27 2.60352e-27 4.59318e-26 9.14951e-20 2.24289e-14 6.64609e-10 2.38052e-06 0.00103067 0.0539417 0.34125 0.26123 0.0413307 0.131059 0.120598 0.0217418 0.0192425 0.00606579 0.00181374 0.000527403 0.000133491 2.82584e-05 4.252e-06 3.72108e-07 1.67913e-08 3.8157e-10
 2.56925e-27 2.60437e-27 4.67113e-26 9.31397e-20 2.28321e-14 6.76555e-10 2.42331e-06 0.0010492 0.0549113 0.347384 0.265906 0.0408941 0.124451 0.114542 0.0214308 0.0200671 0.00646362 0.00214268 0.000597216 0.000129801 2.39253e-05 3.60869e-06 3.4222e-07 1.58361e-08 3.03592e-10
 2.56983e-27 2.60594e-27 4.80918e-26 9.6052e-20 2.3546e-14 6.97709e-10 2.49908e-06 0.00108201 0.0566283 0.358246 0.274195 0.0405637 0.116113 0.106825 0.0196473 0.0179455 0.00587156 0.00209926 0.000611909 0.000142324 2.35044e-05 3.01919e-06 2.75634e-07 1.3655e-08 2.64516e-10
 2.57014e-27 2.60672e-27 4.87291e-26 9.73961e-20 2.38755e-14 7.07473e-10 2.53405e-06 0.00109715 0.0574207 0.363259 0.278026 0.0407776 0.115049 0.105754 0.0178346 0.0140713 0.00454734 0.00155623 0.000464634 0.000116246 2.05422e-05 2.52205e-06 1.95403e-07 9.17849e-09 1.86796e-10
 2.56966e-27 2.60541e-27 4.75779e-26 9.49677e-20 2.32802e-14 6.89833e-10 2.47087e-06 0.00106979 0.055989 0.354202 0.271115 0.0410812 0.122215 0.112383 0.0193095 0.0157579 0.00492767 0.00141883 0.000408095 9.9492e-05 1.85873e-05 2.4556e-06 1.86401e-07 7.56823e-09 1.45439e-10
 2.56816e-27 2.60135e-27 4.39834e-26 8.73847e-20 2.14213e-14 6.34752e-10 2.27357e-06 0.000984371 0.0515184 0.32592 0.249536 0.0421421 0.14545 0.133825 0.0231347 0.0190884 0.006007 0.00178418 0.000484883 0.000101805 1.81898e-05 2.46903e-06 2.01465e-07 8.04699e-09 1.3673e-10
 2.56828e-27 2.60172e-27 4.43434e-26 8.81444e-20 2.16075e-14 6.4027e-10 2.29334e-06 0.000992928 0.0519663 0.328753 0.251694 0.0417845 0.141212 0.129972 0.0235046 0.0209038 0.00658586 0.00195682 0.000537372 0.000113489 1.80142e-05 2.21903e-06 1.82931e-07 7.76141e-09 1.29611e-10
 2.56939e-27 2.6047e-27 4.69563e-26 9.36564e-20 2.29587e-14 6.80308e-10 2.43675e-06 0.00105502 0.0552159 0.349311 0.267382 0.0411681 0.125499 0.115431 0.0201707 0.0169634 0.00543018 0.00176048 0.000488405 0.000103497 1.658e-05 1.89446e-06 1.39051e-07 5.87048e-09 1.02616e-10
 2.56958e-27 2.60518e-27 4.73448e-26 9.44758e-20 2.31596e-14 6.86261e-10 2.45807e-06 0.00106425 0.055699 0.352367 0.269719 0.0413423 0.125183 0.115075 0.0189471 0.014255 0.00449369 0.0013618 0.000386373 8.80179e-05 1.42653e-05 1.63727e-06 1.13321e-07 4.29147e-09 7.38045e-11
 2.56975e-27 2.60566e-27 4.77718e-26 9.53767e-20 2.33804e-14 6.92804e-10 2.48151e-06 0.0010744 0.0562302 0.355727 0.272282 0.0411891 0.122217 0.112349 0.0186626 0.0142861 0.0044057 0.00117267 0.000319448 6.94829e-05 1.18565e-05 1.41859e-06 9.84785e-08 3.53001e-09 5.52029e-11
 2.56964e-27 2.60535e-27 4.74905e-26 9.47832e-20 2.3235e-14 6.88493e-10 2.46607e-06 0.00106771 0.0558802 0.353514 0.270594 0.0413732 0.124803 0.114712 0.0186523 0.0136679 0.00422363 0.00114158 0.000299104 5.78658e-05 9.32892e-06 1.12905e-06 8.24727e-08 2.97366e-09 4.41086e-11
 2.57013e-27 2.60666e-27 4.86377e-26 9.72031e-20 2.38282e-14 7.06071e-10 2.52903e-06 0.00109497 0.0573069 0.362539 0.277483 0.0411581 0.118327 0.108707 0.017077 0.0115833 0.00353792 0.000896756 0.000233901 4.52251e-05 6.68364e-06 7.37519e-07 5.33496e-08 2.00865e-09 3.00231e-11
 2.57023e-27 2.60693e-27 4.88814e-26 9.77173e-20 2.39542e-14 7.09806e-10 2.54241e-06 0.00110077 0.0576101 0.364457 0.278945 0.0410108 0.116178 0.106744 0.0170826 0.0120881 0.00365603 0.000860741 0.000217876 3.99559e-05 5.8667e-06 6.11914e-07 3.99454e-08 1.46793e-09 2.26598e-11
 2.57024e-27 2.60694e-27 4.88742e-26 9.7702e-20 2.39505e-14 7.09695e-10 2.54201e-06 0.00110059 0.0576011 0.3644 0.278903 0.0411374 0.117171 0.107629 0.0166908 0.0109724 0.00333242 0.000815216 0.000203449 3.48067e-05 4.85962e-06 4.90305e-07 3.04993e-08 1.0188e-09 1.52133e-11
 2.57041e-27 2.60742e-27 4.93022e-26 9.86049e-20 2.41718e-14 7.16254e-10 2.5655e-06 0.00111076 0.0581334 0.367768 0.281473 0.0409977 0.114302 0.104987 0.0163027 0.0107501 0.00322781 0.000727645 0.00018109 3.18234e-05 4.26165e-06 4.01982e-07 2.38505e-08 7.55644e-10 1.03628e-11
 2.57047e-27 2.60756e-27 4.9423e-26 9.88599e-20 2.42343e-14 7.18106e-10 2.57214e-06 0.00111364 0.0582837 0.368719 0.282199 0.0410019 0.113824 0.104536 0.0160489 0.0102848 0.00308743 0.000697327 0.000169898 2.79036e-05 3.76192e-06 3.50701e-07 1.94367e-08 5.81387e-10 7.52206e-12
 2.57022e-27 2.60688e-27 4.88132e-26 9.75733e-20 2.39189e-14 7.0876e-10 2.53866e-06 0.00109914 0.0575252 0.36392 0.278539 0.0412479 0.118268 0.108622 0.0165137 0.0103152 0.00308111 0.000672703 0.000163035 2.66471e-05 3.42923e-06 3.09227e-07 1.70133e-08 4.79658e-10 5.82516e-12
 2.57043e-27 2.60746e-27 4.93345e-26 9.86732e-20 2.41885e-14 7.1675e-10 2.56728e-06 0.00111153 0.0581736 0.368022 0.281667 0.0410039 0.114213 0.104902 0.0162415 0.0106303 0.00316792 0.000673655 0.000161138 2.55749e-05 3.26562e-06 2.85793e-07 1.50379e-08 4.16404e-10 4.80484e-12
 2.57071e-27 2.60821e-27 4.99983e-26 1.00074e-19 2.45318e-14 7.26922e-10 2.60371e-06 0.00112731 0.0589992 0.373245 0.285652 0.0408228 0.110035 0.101041 0.0154611 0.00982383 0.00294497 0.000658744 0.000157977 2.44476e-05 3.04761e-06 2.61007e-07 1.33908e-08 3.55126e-10 3.98522e-12
#obs surv len freq
 1.64527e-41 2.28353e-33 3.8311e-26 7.76939e-20 1.90458e-14 5.64361e-10 2.02145e-06 0.000875217 0.0458054 0.289778 0.222014 0.0443392 0.164449 0.139721 0.0427967 0.0344954 0.0110888 0.00373104 0.000794773 0.000103185 5.92628e-06 1.07289e-07 4.5299e-10 3.59641e-13 4.65624e-17
 1.90696e-41 2.64673e-33 4.44044e-26 9.00512e-20 2.2075e-14 6.54122e-10 2.34296e-06 0.00101442 0.0530907 0.335868 0.257218 0.0440546 0.132119 0.106265 0.0336311 0.0255979 0.00803888 0.00254553 0.000496172 5.57693e-05 2.62917e-06 3.72857e-08 1.18437e-10 6.86371e-14 6.37054e-18
 1.93228e-41 2.68188e-33 4.49941e-26 9.12472e-20 2.23682e-14 6.6281e-10 2.37408e-06 0.00102789 0.0537959 0.340329 0.260707 0.0470656 0.140604 0.105772 0.0266818 0.0169715 0.005193 0.0015454 0.000277178 2.69715e-05 1.03396e-06 1.13358e-08 2.69381e-11 1.1417e-14 7.62499e-19
 1.96297e-41 2.72447e-33 4.57086e-26 9.26961e-20 2.27234e-14 6.73335e-10 2.41178e-06 0.00104422 0.0546501 0.345733 0.264899 0.0487901 0.139398 0.0988123 0.0263432 0.0155543 0.00369973 0.000912051 0.000149213 1.25921e-05 3.92315e-07 3.30483e-09 5.82896e-12 1.79899e-15 8.64905e-20
 1.76616e-41 2.45131e-33 4.11259e-26 8.34024e-20 2.04451e-14 6.05826e-10 2.16997e-06 0.000939523 0.0491709 0.311071 0.238621 0.0548536 0.175585 0.116833 0.0310924 0.0169763 0.00393944 0.000809523 9.9768e-05 6.9824e-06 1.76604e-07 1.14457e-09 1.49552e-12 3.34762e-16 1.15458e-20
 1.44777e-41 2.00941e-33 3.3712e-26 6.83672e-20 1.67594e-14 4.96612e-10 1.77878e-06 0.000770152 0.0403067 0.254994 0.196078 0.0625676 0.221527 0.140521 0.0492802 0.0268509 0.0058818 0.00110235 0.000112471 5.71999e-06 1.09657e-07 5.43203e-10 5.27324e-13 8.57381e-17 2.11969e-21
 2.08976e-41 2.90045e-33 4.86611e-26 9.86837e-20 2.41911e-14 7.16828e-10 2.56756e-06 0.00111167 0.0581801 0.368065 0.282097 0.0502657 0.112234 0.0689973 0.0342104 0.0189395 0.00491339 0.000899422 8.00649e-05 3.17652e-06 4.28473e-08 1.51287e-10 1.07204e-13 1.26715e-17 2.25277e-22
 1.989e-41 2.7606e-33 4.63148e-26 9.39255e-20 2.30247e-14 6.82265e-10 2.44376e-06 0.00105806 0.0553749 0.35032 0.268893 0.0601791 0.151525 0.0815473 0.0189101 0.0086996 0.00286281 0.000574485 5.15635e-05 1.71123e-06 1.71469e-08 4.17246e-11 2.03171e-14 1.68977e-18 2.14074e-23
 2.02034e-41 2.8041e-33 4.70446e-26 9.54054e-20 2.33875e-14 6.93015e-10 2.48227e-06 0.00107474 0.0562474 0.355841 0.273233 0.0617398 0.144671 0.0742213 0.022575 0.00860098 0.00148317 0.000281813 2.77812e-05 8.76584e-07 7.13656e-09 1.26385e-11 4.23073e-15 2.3829e-19 2.06646e-24
 1.72622e-41 2.39588e-33 4.01959e-26 8.15165e-20 1.99828e-14 5.92127e-10 2.1209e-06 0.000918278 0.048059 0.304042 0.234322 0.0763061 0.199605 0.0955442 0.0286563 0.0103962 0.00190314 0.000228724 1.65858e-05 5.09042e-07 3.72109e-09 5.25928e-12 1.28914e-15 5.06169e-20 2.99183e-25
 2.01637e-41 2.79859e-33 4.69522e-26 9.5218e-20 2.33416e-14 6.91654e-10 2.47739e-06 0.00107262 0.0561369 0.355144 0.273083 0.0667169 0.139663 0.0665493 0.029417 0.0102345 0.00177095 0.000198578 1.01521e-05 2.13043e-07 1.31368e-09 1.57726e-12 3.06928e-16 8.9994e-21 3.80636e-26
 1.84666e-41 2.56304e-33 4.30004e-26 8.72039e-20 2.1377e-14 6.3344e-10 2.26888e-06 0.000982346 0.0514121 0.325258 0.251038 0.0817106 0.180504 0.075703 0.0233984 0.00807002 0.00173138 0.000182035 7.97607e-06 1.18538e-07 4.86053e-10 4.38007e-13 6.79333e-17 1.56705e-21 5.04212e-27
 1.92105e-41 2.66629e-33 4.47326e-26 9.07167e-20 2.22381e-14 6.58957e-10 2.36028e-06 0.00102192 0.0534831 0.338362 0.261204 0.0810747 0.161247 0.0674081 0.027087 0.00768853 0.00127407 0.000141349 5.96459e-06 7.177e-08 2.08358e-10 1.24128e-13 1.32875e-17 2.25597e-22 5.50784e-28
 1.62425e-41 2.25436e-33 3.78215e-26 7.67013e-20 1.88024e-14 5.5715e-10 1.99562e-06 0.000864036 0.0452202 0.286098 0.222732 0.104245 0.216528 0.0835038 0.0304611 0.00872622 0.00148741 0.000127879 4.814e-06 5.24314e-08 1.21191e-10 5.18845e-14 3.74956e-18 4.24802e-23 7.10892e-29
 1.47813e-41 2.05155e-33 3.4419e-26 6.98011e-20 1.71109e-14 5.07028e-10 1.81609e-06 0.000786305 0.0411521 0.26037 0.204003 0.113405 0.224679 0.0943647 0.0470002 0.0121688 0.00190863 0.000155782 4.70603e-06 4.12382e-08 7.96195e-11 2.70015e-14 1.44162e-18 1.14599e-23 1.30475e-29
 1.71353e-41 2.37826e-33 3.99003e-26 8.09169e-20 1.98358e-14 5.87772e-10 2.1053e-06 0.000911524 0.0477056 0.30183 0.235435 0.103032 0.177079 0.0769019 0.0421811 0.0126009 0.00216137 0.000155298 4.05323e-06 2.80557e-08 4.11899e-11 1.08628e-14 4.5075e-19 2.70673e-24 2.24931e-30
 1.67728e-41 2.32795e-33 3.90562e-26 7.92051e-20 1.94162e-14 5.75337e-10 2.06077e-06 0.00089224 0.0466963 0.29546 0.232033 0.118776 0.192411 0.0708937 0.0312163 0.0096506 0.00182893 0.000137539 3.1316e-06 1.75089e-08 1.97846e-11 3.86887e-15 1.18718e-19 5.32893e-25 3.32005e-31
 1.69858e-41 2.35752e-33 3.95523e-26 8.02114e-20 1.96629e-14 5.82647e-10 2.08695e-06 0.000903576 0.0472896 0.299226 0.235856 0.123834 0.184565 0.069508 0.0301479 0.00732537 0.00124552 9.58342e-05 2.09875e-06 9.96143e-09 8.80148e-12 1.29823e-15 2.93319e-20 9.55436e-26 4.30883e-32
 1.64992e-41 2.28998e-33 3.84191e-26 7.79132e-20 1.90995e-14 5.65953e-10 2.02715e-06 0.000877687 0.0459347 0.290676 0.23098 0.135713 0.188857 0.0698219 0.0292827 0.00683781 0.000954354 6.09812e-05 1.2219e-06 5.16259e-09 3.76962e-12 4.31401e-16 7.29378e-21 1.74492e-26 5.7111e-33
 1.74716e-41 2.42495e-33 4.06835e-26 8.25054e-20 2.02252e-14 5.99311e-10 2.14663e-06 0.000929418 0.0486422 0.307819 0.244726 0.133781 0.168206 0.0634648 0.0259767 0.00570075 0.000715209 3.66366e-05 5.77053e-07 2.02354e-09 1.23141e-12 1.13762e-16 1.49457e-21 2.69317e-27 6.50177e-34
 1.71482e-41 2.38005e-33 3.99303e-26 8.09779e-20 1.98508e-14 5.88215e-10 2.10689e-06 0.00091221 0.0477416 0.302158 0.242696 0.147759 0.172274 0.0594395 0.0218627 0.00461044 0.000521543 2.23748e-05 2.70929e-07 7.13365e-10 3.34768e-13 2.43012e-17 2.50305e-22 3.48642e-28 6.39174e-35
 1.72547e-41 2.39484e-33 4.01784e-26 8.14809e-20 1.99741e-14 5.91869e-10 2.11998e-06 0.000917878 0.0480383 0.30407 0.245905 0.153076 0.1648 0.0587905 0.0203075 0.00370987 0.000369867 1.34608e-05 1.28592e-07 2.52578e-10 8.64093e-14 4.60383e-18 3.53607e-23 3.71355e-29 5.14955e-36
 1.7282e-41 2.39862e-33 4.02419e-26 8.16097e-20 2.00057e-14 5.92804e-10 2.12333e-06 0.000919328 0.0481143 0.304601 0.248619 0.161065 0.159836 0.0554831 0.0180151 0.00308024 0.000257761 7.64935e-06 5.80661e-08 8.67528e-11 2.18008e-14 8.36557e-19 4.60252e-24 3.47725e-30 3.49787e-37
 1.74946e-41 2.42814e-33 4.0737e-26 8.26139e-20 2.02518e-14 6.00099e-10 2.14946e-06 0.00093064 0.0487065 0.308404 0.253713 0.165567 0.151535 0.0525941 0.0158782 0.0024839 0.000180963 4.30876e-06 2.51679e-08 2.85136e-11 5.33194e-15 1.49352e-19 5.91215e-25 3.1855e-31 2.2765e-38
 1.68037e-41 2.33224e-33 3.91282e-26 7.93511e-20 1.9452e-14 5.76398e-10 2.06456e-06 0.000893885 0.0467832 0.296337 0.24869 0.181495 0.155646 0.052993 0.0148882 0.00213515 0.000133777 2.59178e-06 1.1626e-08 9.78956e-12 1.34659e-15 2.75908e-20 7.93243e-26 3.08024e-32 1.57567e-39
 1.59378e-41 2.21207e-33 3.7112e-26 7.52624e-20 1.84497e-14 5.46698e-10 1.95818e-06 0.000847826 0.044373 0.28122 0.241898 0.196538 0.160431 0.0573962 0.015212 0.00197383 0.00010596 1.66216e-06 5.7652e-09 3.62641e-12 3.64392e-16 5.39866e-21 1.11871e-26 3.12699e-33 1.14951e-40
 1.58962e-41 2.20628e-33 3.7015e-26 7.50657e-20 1.84015e-14 5.45269e-10 1.95307e-06 0.00084561 0.0442575 0.280615 0.244797 0.199849 0.154518 0.0581666 0.015041 0.00182395 8.34566e-05 1.05407e-06 2.82301e-09 1.33182e-12 9.84063e-17 1.05734e-21 1.57469e-27 3.14792e-34 8.25959e-42
 1.63888e-41 2.27466e-33 3.81622e-26 7.73921e-20 1.89718e-14 5.62168e-10 2.01359e-06 0.000871817 0.0456296 0.289434 0.254474 0.199175 0.143 0.0526814 0.0131518 0.00151922 6.07718e-05 6.20449e-07 1.27976e-09 4.52654e-13 2.46494e-17 1.92936e-22 2.076e-28 2.98005e-35 5.58913e-43
#pred catch len freq
 2.56521e-27 2.5939e-27 3.81208e-26 7.502e-20 1.83902e-14 5.44936e-10 1.95187e-06 0.000845084 0.0442287 0.279803 0.214248 0.037491 0.134843 0.124652 0.0321921 0.0424825 0.019698 0.0171424 0.0115293 0.00944779 0.00788117 0.00715783 0.00747864 0.00678843 0.00208855
 2.56687e-27 2.59803e-27 4.12579e-26 8.1636e-20 2.00121e-14 5.92993e-10 2.124e-06 0.000919612 0.0481292 0.304479 0.233149 0.0411523 0.14943 0.137703 0.0274213 0.0280202 0.0107426 0.00657184 0.003585 0.00245901 0.00177755 0.00143151 0.00135605 0.00124885 0.000422983
 2.56795e-27 2.60087e-27 4.36611e-26 8.67051e-20 2.12547e-14 6.29815e-10 2.25589e-06 0.000976715 0.0511178 0.323385 0.24759 0.0414248 0.141359 0.13019 0.0250113 0.0243231 0.00820247 0.00336732 0.00134502 0.000653985 0.000365969 0.000244765 0.000200659 0.000177762 6.27864e-05
 2.56809e-27 2.60121e-27 4.39039e-26 8.72171e-20 2.13802e-14 6.33534e-10 2.26921e-06 0.000982483 0.0514196 0.325295 0.249054 0.0418117 0.143274 0.131879 0.0238892 0.021324 0.00706383 0.0026781 0.000855029 0.000269167 9.59083e-05 4.56584e-05 2.96484e-05 2.36638e-05 8.37618e-06
 2.56761e-27 2.59993e-27 4.27834e-26 8.48534e-20 2.08008e-14 6.16365e-10 2.20772e-06 0.000955856 0.0500261 0.316479 0.242326 0.0420401 0.149739 0.137878 0.0255686 0.0236364 0.00765025 0.00260991 0.000798594 0.000216653 4.92642e-05 1.32625e-05 5.56739e-06 3.59783e-06 1.22473e-06
 2.56582e-27 2.59508e-27 3.85244e-26 7.58689e-20 1.85983e-14 5.51102e-10 1.97396e-06 0.000854647 0.0447292 0.282969 0.216755 0.0430614 0.175477 0.161681 0.0307185 0.0294036 0.009614 0.00341877 0.00100714 0.000247856 4.95079e-05 8.4013e-06 1.70018e-06 7.01484e-07 2.15193e-07
 2.56725e-27 2.59903e-27 4.20669e-26 8.33421e-20 2.04303e-14 6.05387e-10 2.16839e-06 0.000938832 0.0491351 0.310842 0.238015 0.0416089 0.149487 0.137785 0.0280867 0.0294225 0.00970593 0.00357124 0.00107305 0.000269089 4.95249e-05 7.14326e-06 8.0622e-07 1.40584e-07 3.29996e-08
 2.5694e-27 2.60478e-27 4.70641e-26 9.38839e-20 2.30145e-14 6.81961e-10 2.44267e-06 0.00105758 0.0553501 0.35016 0.268025 0.0408445 0.122585 0.112791 0.020588 0.0186049 0.00631263 0.00261823 0.000806262 0.000208989 3.93886e-05 5.38625e-06 4.82396e-07 3.54261e-08 4.18096e-09
 2.56869e-27 2.60279e-27 4.52556e-26 9.00686e-20 2.20792e-14 6.54247e-10 2.3434e-06 0.0010146 0.0531007 0.33593 0.257174 0.0418005 0.137484 0.126455 0.0214917 0.0172054 0.00557354 0.00193377 0.000617236 0.000176887 3.46393e-05 4.86844e-06 4.1396e-07 2.04216e-08 8.75551e-10
 2.56754e-27 2.59971e-27 4.25595e-26 8.4381e-20 2.0685e-14 6.12933e-10 2.19542e-06 0.000950534 0.0497475 0.314717 0.240985 0.042346 0.153009 0.140851 0.025284 0.0222246 0.00700063 0.00208593 0.000606139 0.000153336 3.24546e-05 4.88316e-06 4.27338e-07 1.92835e-08 4.38203e-10
 2.56782e-27 2.6005e-27 4.32861e-26 8.5914e-20 2.10608e-14 6.24069e-10 2.23531e-06 0.000967803 0.0506513 0.320434 0.245344 0.041888 0.146461 0.134858 0.0251249 0.0233816 0.0075252 0.00248601 0.000692499 0.000150426 2.77226e-05 4.1812e-06 3.96508e-07 1.83483e-08 3.51751e-10
 2.56869e-27 2.60283e-27 4.53404e-26 9.02476e-20 2.21231e-14 6.55548e-10 2.34806e-06 0.00101662 0.0532063 0.336597 0.257678 0.0413813 0.13394 0.123275 0.0225465 0.0204203 0.00667503 0.00237802 0.000692749 0.000161037 2.65912e-05 3.41548e-06 3.11808e-07 1.5447e-08 2.99231e-10
 2.56889e-27 2.60333e-27 4.57274e-26 9.10639e-20 2.23232e-14 6.61477e-10 2.3693e-06 0.00102582 0.0536875 0.339642 0.260008 0.0417253 0.134921 0.124078 0.0208386 0.0163123 0.00526685 0.00179616 0.000535931 0.000134011 2.36783e-05 2.90693e-06 2.25219e-07 1.0579e-08 2.15298e-10
 2.56848e-27 2.60222e-27 4.47479e-26 8.89975e-20 2.18167e-14 6.46467e-10 2.31554e-06 0.00100254 0.0524692 0.331935 0.254127 0.041973 0.140938 0.129649 0.0221671 0.0179296 0.00560242 0.00160727 0.000461965 0.000112563 2.10262e-05 2.77767e-06 2.10846e-07 8.5607e-09 1.64512e-10
 2.56711e-27 2.59851e-27 4.14614e-26 8.20644e-20 2.01171e-14 5.96106e-10 2.13515e-06 0.000924438 0.0483818 0.306077 0.234397 0.0429472 0.162213 0.149282 0.0256495 0.0209341 0.00658214 0.00194768 0.000528959 0.000110994 1.98286e-05 2.69132e-06 2.196e-07 8.77133e-09 1.49037e-10
 2.56733e-27 2.59913e-27 4.20421e-26 8.32896e-20 2.04174e-14 6.05005e-10 2.16703e-06 0.00093824 0.0491041 0.310646 0.237879 0.0425019 0.156378 0.14396 0.0258518 0.0227369 0.0071572 0.00211851 0.000581373 0.000122712 1.94751e-05 2.39883e-06 1.9775e-07 8.39013e-09 1.40111e-10
 2.56848e-27 2.60223e-27 4.47664e-26 8.90365e-20 2.18262e-14 6.4675e-10 2.31655e-06 0.00100298 0.0524923 0.33208 0.254236 0.0418622 0.140018 0.128819 0.0223621 0.0185927 0.00594611 0.00192049 0.000532453 0.000112766 1.80622e-05 2.06368e-06 1.5147e-07 6.39475e-09 1.11781e-10
 2.56862e-27 2.60258e-27 4.50395e-26 8.96125e-20 2.19674e-14 6.50934e-10 2.33154e-06 0.00100947 0.0528318 0.334228 0.25588 0.0420999 0.140671 0.129351 0.0211782 0.0157504 0.00496059 0.00149765 0.000424622 9.6677e-05 1.56665e-05 1.79797e-06 1.24442e-07 4.71261e-09 8.1047e-11
 2.56886e-27 2.60322e-27 4.56081e-26 9.0812e-20 2.22615e-14 6.59647e-10 2.36275e-06 0.00102298 0.053539 0.338702 0.259293 0.0419004 0.136755 0.12575 0.0207646 0.0157067 0.00483985 0.00128333 0.000349328 7.59384e-05 1.29561e-05 1.55006e-06 1.07604e-07 3.85709e-09 6.03178e-11
 2.56894e-27 2.60342e-27 4.5771e-26 9.11557e-20 2.23457e-14 6.62144e-10 2.37169e-06 0.00102685 0.0537417 0.339984 0.260273 0.0419559 0.136489 0.12548 0.0202696 0.014646 0.00452181 0.0012174 0.000318732 6.16264e-05 9.93355e-06 1.20216e-06 8.78113e-08 3.16614e-09 4.69636e-11
 2.56926e-27 2.60429e-27 4.6527e-26 9.27505e-20 2.27367e-14 6.73728e-10 2.41318e-06 0.00104481 0.0546818 0.345932 0.264814 0.0418762 0.132693 0.121944 0.0190557 0.012764 0.00389529 0.000983585 0.000256353 4.95371e-05 7.31973e-06 8.07657e-07 5.84222e-08 2.19963e-09 3.28775e-11
 2.56948e-27 2.60488e-27 4.70579e-26 9.38704e-20 2.30112e-14 6.81863e-10 2.44232e-06 0.00105743 0.0553421 0.350109 0.267999 0.0416302 0.128582 0.118173 0.0187983 0.0131237 0.00396607 0.000930122 0.000235247 4.31157e-05 6.3296e-06 6.60153e-07 4.30937e-08 1.58362e-09 2.44456e-11
 2.56949e-27 2.6049e-27 4.70607e-26 9.38763e-20 2.30127e-14 6.81906e-10 2.44247e-06 0.0010575 0.0553456 0.350132 0.268018 0.0417644 0.12959 0.11907 0.0183619 0.0119034 0.00361208 0.000880211 0.000219499 3.75301e-05 5.23894e-06 5.2854e-07 3.28771e-08 1.09823e-09 1.63993e-11
 2.56969e-27 2.60544e-27 4.75356e-26 9.48782e-20 2.32583e-14 6.89184e-10 2.46854e-06 0.00106878 0.0559363 0.353868 0.270869 0.0416087 0.126403 0.116134 0.017932 0.0116596 0.00349805 0.000785514 0.000195328 3.4305e-05 4.59319e-06 4.33225e-07 2.57038e-08 8.14356e-10 1.1168e-11
 2.56978e-27 2.60569e-27 4.77515e-26 9.53335e-20 2.33699e-14 6.92491e-10 2.48039e-06 0.00107391 0.0562047 0.355566 0.272165 0.0415854 0.125314 0.11512 0.0175743 0.0110992 0.00332914 0.000748993 0.000182335 2.99281e-05 4.03414e-06 3.76053e-07 2.08414e-08 6.23401e-10 8.06563e-12
 2.5695e-27 2.60491e-27 4.706e-26 9.38748e-20 2.30123e-14 6.81895e-10 2.44243e-06 0.00105748 0.0553447 0.350126 0.268015 0.0418626 0.13034 0.119741 0.0181057 0.0111465 0.00332669 0.000723507 0.000175198 2.86178e-05 3.6822e-06 3.32014e-07 1.82667e-08 5.14993e-10 6.25427e-12
 2.56972e-27 2.60551e-27 4.76019e-26 9.50181e-20 2.32925e-14 6.902e-10 2.47218e-06 0.00107036 0.0560187 0.35439 0.271267 0.0416053 0.126096 0.115849 0.0178349 0.0115083 0.0034269 0.00072591 0.000173487 2.75182e-05 3.51313e-06 3.07432e-07 1.61762e-08 4.47922e-10 5.1685e-12
 2.56925e-27 2.60423e-27 4.64592e-26 9.26074e-20 2.27016e-14 6.72689e-10 2.40946e-06 0.0010432 0.0545975 0.345399 0.264408 0.0420191 0.134065 0.123184 0.0188115 0.0118902 0.00356245 0.000794201 0.000190323 2.94363e-05 3.66885e-06 3.14189e-07 1.6119e-08 4.27475e-10 4.79713e-12
#obs catch len freq
 1.64383e-41 2.28153e-33 3.82774e-26 7.76259e-20 1.90291e-14 5.63866e-10 2.01968e-06 0.00087445 0.0457652 0.289524 0.22182 0.0443568 0.164693 0.139907 0.0426453 0.0343447 0.0112192 0.00386651 0.000857679 0.000116266 6.92396e-06 1.30097e-07 5.72275e-10 4.72202e-13 6.31678e-17
 1.65256e-41 2.29364e-33 3.84806e-26 7.80378e-20 1.913e-14 5.66858e-10 2.03039e-06 0.000879091 0.0460081 0.291061 0.223057 0.0464206 0.167999 0.135194 0.0426496 0.0324391 0.0102535 0.00329274 0.000662495 7.78329e-05 3.83841e-06 5.64407e-08 1.85239e-10 1.10894e-13 1.06131e-17
 1.92066e-41 2.66575e-33 4.47234e-26 9.06982e-20 2.22336e-14 6.58822e-10 2.35979e-06 0.00102171 0.0534722 0.338281 0.259119 0.0457973 0.133767 0.101665 0.0331919 0.0237118 0.00732586 0.00220087 0.000402409 4.05539e-05 1.62624e-06 1.85799e-08 4.56082e-11 1.98611e-14 1.36013e-18
 1.95041e-41 2.70705e-33 4.54163e-26 9.21033e-20 2.2578e-14 6.69029e-10 2.39635e-06 0.00103754 0.0543006 0.343522 0.263215 0.0489731 0.141332 0.10005 0.0258302 0.0155149 0.00467115 0.00131212 0.000219105 1.89253e-05 6.10981e-07 5.35639e-09 9.78661e-12 3.10671e-15 1.5281e-19
 1.98651e-41 2.75714e-33 4.62568e-26 9.38079e-20 2.29959e-14 6.8141e-10 2.4407e-06 0.00105674 0.0553055 0.34988 0.268144 0.0507314 0.13899 0.0925485 0.0252989 0.0139291 0.00323195 0.000758697 0.000114815 8.51431e-06 2.21096e-07 1.47824e-09 1.9953e-12 4.59923e-16 1.62565e-20
 1.7967e-41 2.4937e-33 4.1837e-26 8.48446e-20 2.07987e-14 6.16302e-10 2.2075e-06 0.000955769 0.0500212 0.31645 0.242844 0.0574493 0.174516 0.108872 0.0296922 0.0150672 0.00339854 0.000652123 7.45516e-05 4.56903e-06 9.53924e-08 4.87033e-10 4.84765e-13 8.08272e-17 2.04622e-21
 1.48754e-41 2.06461e-33 3.4638e-26 7.02452e-20 1.72198e-14 5.10254e-10 1.82765e-06 0.000791308 0.0414139 0.262 0.2016 0.0661551 0.219997 0.131105 0.047309 0.0236447 0.00502458 0.000873092 8.10734e-05 3.59573e-06 5.68063e-08 2.20368e-10 1.62233e-13 1.9596e-17 3.55072e-22
 2.12515e-41 2.94957e-33 4.94851e-26 1.00355e-19 2.46008e-14 7.28966e-10 2.61104e-06 0.00113049 0.0591653 0.374299 0.286949 0.0519557 0.109336 0.0635346 0.0323542 0.016407 0.0041217 0.000688007 5.51271e-05 1.87708e-06 2.07537e-08 5.73412e-11 3.07328e-14 2.69209e-18 3.50239e-23
 2.02872e-41 2.81572e-33 4.72396e-26 9.58009e-20 2.34845e-14 6.95888e-10 2.49256e-06 0.00107919 0.0564806 0.357316 0.274378 0.0624053 0.146826 0.0736586 0.0173961 0.00758157 0.00240307 0.00043705 3.45989e-05 9.70274e-07 7.87899e-09 1.49435e-11 5.50112e-15 3.38715e-19 3.13593e-24
 2.0622e-41 2.8622e-33 4.80194e-26 9.73824e-20 2.38721e-14 7.07375e-10 2.5337e-06 0.00109701 0.0574129 0.363215 0.279021 0.0638807 0.139257 0.0668549 0.0206604 0.00715822 0.00120706 0.000214208 1.83311e-05 4.79834e-07 3.12034e-09 4.27594e-12 1.0796e-15 4.50064e-20 2.85126e-25
 1.77814e-41 2.46794e-33 4.14047e-26 8.3968e-20 2.05838e-14 6.09934e-10 2.18469e-06 0.000945893 0.0495043 0.313187 0.241571 0.0796014 0.192449 0.086189 0.0261663 0.00869421 0.00151325 0.00016602 1.08142e-05 2.73191e-07 1.57139e-09 1.70147e-12 3.13124e-16 9.08892e-21 3.9257e-26
 2.06434e-41 2.86517e-33 4.80691e-26 9.74832e-20 2.38968e-14 7.08107e-10 2.53633e-06 0.00109814 0.0574724 0.363594 0.279739 0.0688167 0.132878 0.0599497 0.0265377 0.00838841 0.00137836 0.000138751 6.20569e-06 1.09024e-07 5.28901e-10 4.82173e-13 6.99992e-17 1.51285e-21 4.67309e-27
 1.90125e-41 2.63881e-33 4.42715e-26 8.97818e-20 2.2009e-14 6.52165e-10 2.33595e-06 0.00101139 0.0529319 0.334876 0.258698 0.084545 0.17143 0.0674126 0.0209131 0.00671082 0.00133969 0.000124902 4.70732e-06 5.75581e-08 1.86603e-10 1.27935e-13 1.47424e-17 2.49659e-22 5.85424e-28
 1.97642e-41 2.74314e-33 4.60218e-26 9.33313e-20 2.28791e-14 6.77949e-10 2.4283e-06 0.00105137 0.0550246 0.348117 0.268976 0.0834791 0.151963 0.0602423 0.0238853 0.00618683 0.000973415 9.58195e-05 3.40218e-06 3.3183e-08 7.53941e-11 3.41624e-14 2.71982e-18 3.38335e-23 6.00179e-29
 1.68817e-41 2.34307e-33 3.93098e-26 7.97195e-20 1.95423e-14 5.79074e-10 2.07415e-06 0.000898034 0.0469996 0.29736 0.231879 0.108042 0.204837 0.0748107 0.0268617 0.00710661 0.00111511 8.509e-05 2.70791e-06 2.35573e-08 4.21275e-11 1.36392e-14 7.32203e-19 6.08e-24 7.38557e-30
 1.54645e-41 2.14638e-33 3.60099e-26 7.30274e-20 1.79018e-14 5.30463e-10 1.90003e-06 0.000822649 0.0430542 0.272411 0.213893 0.117833 0.212953 0.0864029 0.041281 0.00982072 0.00142251 0.000101418 2.56152e-06 1.79463e-08 2.66262e-11 6.78062e-15 2.67996e-19 1.56045e-24 1.29066e-30
 1.78101e-41 2.47193e-33 4.14718e-26 8.41039e-20 2.06171e-14 6.10922e-10 2.18822e-06 0.000947425 0.0495845 0.313725 0.24512 0.105949 0.16587 0.070267 0.0366817 0.0101857 0.00156793 9.78571e-05 2.11277e-06 1.1578e-08 1.30329e-11 2.57341e-15 7.87547e-20 3.45599e-25 2.08539e-31
 1.74618e-41 2.42358e-33 4.06606e-26 8.24588e-20 2.02138e-14 5.98972e-10 2.14542e-06 0.000928893 0.0486146 0.307607 0.24208 0.12172 0.179132 0.0637231 0.026964 0.00781768 0.00132476 8.48496e-05 1.57565e-06 6.92194e-09 5.95939e-12 8.6991e-16 1.96487e-20 6.43064e-26 2.90325e-32
 1.76778e-41 2.45357e-33 4.11637e-26 8.34792e-20 2.04639e-14 6.06384e-10 2.17197e-06 0.000940387 0.0492162 0.311428 0.246035 0.1264 0.17111 0.0625756 0.0255342 0.00580411 0.000894805 5.82676e-05 1.0245e-06 3.77361e-09 2.52504e-12 2.76997e-16 4.59628e-21 1.0901e-26 3.55767e-33
 1.7214e-41 2.3892e-33 4.00837e-26 8.1289e-20 1.9927e-14 5.90474e-10 2.11498e-06 0.000915715 0.047925 0.303286 0.241653 0.138164 0.174597 0.0627785 0.024645 0.0053316 0.000665893 3.6273e-05 5.80629e-07 1.88378e-09 1.0331e-12 8.75231e-17 1.08408e-21 1.88552e-27 4.46195e-34
 1.81757e-41 2.52266e-33 4.23229e-26 8.583e-20 2.10402e-14 6.2346e-10 2.23313e-06 0.00096687 0.0506023 0.32024 0.255254 0.13526 0.154436 0.0567925 0.0215695 0.0043712 0.000484328 2.09099e-05 2.63283e-07 7.0683e-10 3.21135e-13 2.18497e-17 2.09609e-22 2.74119e-28 4.78026e-35
 1.78614e-41 2.47904e-33 4.15911e-26 8.43458e-20 2.06764e-14 6.12679e-10 2.19452e-06 0.00095015 0.0497273 0.314749 0.25357 0.14886 0.157512 0.0527529 0.0180272 0.00349136 0.00034527 1.2328e-05 1.18368e-07 2.38193e-10 8.32908e-14 4.43804e-18 3.32684e-23 3.35466e-29 4.43594e-36
 1.79738e-41 2.49464e-33 4.18528e-26 8.48766e-20 2.08065e-14 6.16534e-10 2.20833e-06 0.000956129 0.0500403 0.316772 0.256982 0.153531 0.150239 0.0519872 0.0164859 0.00275798 0.00023908 7.16168e-06 5.37619e-08 8.02872e-11 2.04246e-14 7.97549e-19 4.44873e-24 3.37403e-30 3.36711e-37
 1.80011e-41 2.49843e-33 4.19163e-26 8.50055e-20 2.08381e-14 6.17471e-10 2.21168e-06 0.000957581 0.0501165 0.317313 0.259867 0.160858 0.14521 0.0487592 0.0145059 0.00224487 0.000161866 3.9303e-06 2.32724e-08 2.62908e-11 4.89762e-15 1.37524e-19 5.48909e-25 2.99115e-31 2.16177e-38
 1.82086e-41 2.52723e-33 4.23995e-26 8.59854e-20 2.10783e-14 6.24589e-10 2.23718e-06 0.000968621 0.0506944 0.321037 0.265018 0.164599 0.137249 0.0459053 0.0126359 0.00177779 0.000110345 2.12947e-06 9.65556e-09 8.23787e-12 1.13841e-15 2.32908e-20 6.68217e-26 2.59548e-32 1.33202e-39
 1.75356e-41 2.43382e-33 4.08324e-26 8.28073e-20 2.02992e-14 6.01503e-10 2.15449e-06 0.000932819 0.0488211 0.309308 0.260596 0.180029 0.140937 0.0460364 0.0117545 0.00150242 7.94778e-05 1.23634e-06 4.27718e-09 2.70297e-12 2.74132e-16 4.0951e-21 8.52247e-27 2.38399e-33 8.75491e-41
 1.66907e-41 2.31656e-33 3.8865e-26 7.88175e-20 1.93212e-14 5.72522e-10 2.05068e-06 0.000887875 0.0464694 0.294588 0.254509 0.194739 0.145738 0.0497311 0.0119073 0.00136565 6.13194e-05 7.65903e-07 2.0365e-09 9.57648e-13 7.07917e-17 7.63584e-22 1.14405e-27 2.30142e-34 6.06923e-42
 1.66531e-41 2.31134e-33 3.87775e-26 7.864e-20 1.92777e-14 5.71233e-10 2.04606e-06 0.000885875 0.0463653 0.294079 0.257652 0.197408 0.140492 0.0501572 0.0116741 0.00123633 4.68557e-05 4.67534e-07 9.54624e-10 3.35488e-13 1.81954e-17 1.4214e-22 1.52928e-28 2.19877e-35 4.13625e-43
#spawning biomass
 6121.52 6500.51 7891.23 10368.2 14559.6 17339.1 16721.2 20798 34130.1 48650.8 58226.3 76238.6 94232.6 123584 132036 111721 97705.1 95229.3 99315.3 101118 93876.3 103884 107597 113108 120576 123111 127210 137687 191697 325209 353057 335724 296872 252400 211119 176697 149810 129697 115101 104737 97494.1 92489.8 89039.7 86659.6 85081.7 84035.7 83342.2 82882.5 82577.7 82375.6 82241.7 82152.9 82094 82055 82029.1 82012 82000.6 81993.1 81988.1 81984.8 81982.6 81981.1 81980.1 81979.5 81979.1 81978.8 81978.6 81978.5 81978.4 81978.3 81978.3 81978.3 81978.3 81978.3 81978.3 81978.2 81978.2 81978.2 81978.2 81978.2 81978.2 81978.2 81978.2 81978.2 81978.2 81978.2 81978.2 81978.2 81978.2 81978.2 81978.2 81978.2 81978.2 81978.2 81978.2 81978.2 81978.2 81978.2 81978.2 81978.2 81978.2 81978.2 81978.2 81978.2 81978.2 81978.2 81978.2 81978.2 81978.2 81978.2 81978.2 81978.2 81978.2 81978.2 81978.2 81978.2 81978.2 81978.2 81978.2 81978.2 81978.2 81978.2 81978.2 81978.2 81978.2 81978.2 81978.2 81978.2 0 0 0 0 0 0 0 0 0 0 0 0 0 0 0 0 0 0 0 0 0 0 0 0 0
