SBPRF35
0.178135
Curr Bio
159656
B35
203819
F35
0.609944
FOFL
0.581218
OFL
64872.4
Bzero
50895.7
#pred survey bio
 8576.51 8073.5 10265.9 12560.2 18870.7 31747 29950.2 35824.4 48554.4 59352 71765.7 96857.9 122686 148177 147216 123662 110285 113067 104344 99411.1 106357 109829 120072 122312 136310 145312 147625 165628 7.02403e+06 4.56626e+06 2.82336e+06 1.66947e+06 1.04559e+06 736520 587079 513592 475936 455670 444270 437643 433706 431337 429896 429009 428479 428162 427971 427856 427786 427745 427719 427704 427695 427689 427686 427684 427683 427682 427682 427681 427681 427681 427681 427681 427681 427681 427681 427681 427681 427681 427681 427681 427681 427681 427681 427681 427681 427681 427681 427681 427681 427681 427681 427681 427681 427681 427681 427681 427681 427681 427681 427681 427681 427681 427681 427681 427681 427681 427681 427681 427681 427681 427681 427681 427681 427681 427681 427681 427681 427681 427681 427681 427681 427681 427681 427681 427681 427681 427681 427681 427681 427681 427681 427681 427681 427681 427681 427681 0 0 0 0 0 0 0 0 0 0 0 0 0 0 0 0 0 0 0 0 0 0 0 0 0
#obs survey bio
 7792.33 6901.76 13285.6 10312 27302.9 34694.2 39592.3 44055.7 60652.2 54077 107280 100282 161660 144648 120394 137814 70871.2 129347 96388.5 91903.4 84807.1 105101 158130 104756 157100 156020 178158 161397
#pred catch bio
 5062.01 4720.54 6002.76 7689.31 8535.9 20754.7 19357.7 22260.4 31528.8 40073.8 46965.3 65726.4 81674.8 104090 110388 94385.4 81431 86840 81159.4 77106.8 86123.8 85751.1 95233.9 94733.1 108279 117558 114584 109708 64872.4 76537.4 43700.9 23484.7 13507.5 9160.15 7409.47 6741.08 6495.3 6407.36 6376.51 6365.86 6362.22 6360.99 6360.58 6360.44 6360.39 6360.38 6360.37 6360.37 6360.37 6360.37 6360.37 6360.37 6360.37 6360.37 6360.37 6360.37 6360.37 6360.37 6360.37 6360.37 6360.37 6360.37 6360.37 6360.37 6360.37 6360.37 6360.37 6360.37 6360.37 6360.37 6360.37 6360.37 6360.37 6360.37 6360.37 6360.37 6360.37 6360.37 6360.37 6360.37 6360.37 6360.37 6360.37 6360.37 6360.37 6360.37 6360.37 6360.37 6360.37 6360.37 6360.37 6360.37 6360.37 6360.37 6360.37 6360.37 6360.37 6360.37 6360.37 6360.37 6360.37 6360.37 6360.37 6360.37 6360.37 6360.37 6360.37 6360.37 6360.37 6360.37 6360.37 6360.37 6360.37 6360.37 6360.37 6360.37 6360.37 6360.37 6360.37 6360.37 6360.37 6360.37 6360.37 6360.37 6360.37 6360.37 6360.37 6360.37 0 0 0 0 0 0 0 0 0 0 0 0 0 0 0 0 0 0 0 0 0 0 0 0 0
#obs catch bio
 4767.4 4728.17 5887.31 7627.26 8240.48 20153.4 19430.9 21712.4 30742.8 39290.5 45620.2 64655.5 78615.6 101784 110736 92217.8 81845.7 85818.7 80067 76567.9 86319.8 84124.4 91210.7 92124.3 103652 114300 111257 109140
#pred cpue bio
 7849.15 6986.19 8863.97 10947.3 15701.8 27835 26307.9 30302.4 41551.3 50797.8 60919.7 81860.1 104032 126972 127447 106807 93861.5 96267.3 89054.1 83895.5 89002.5 91452.9 100769 102635 113870 121429 123359 138475 6.0737e+06 4.53992e+06 2.79702e+06 1.64313e+06 1.01925e+06 710178 560737 487250 449594 429328 417928 411301 407364 404995 403554 402667 402137 401820 401629 401514 401444 401403 401377 401362 401353 401347 401344 401342 401341 401340 401340 401339 401339 401339 401339 401339 401339 401339 401339 401339 401339 401339 401339 401339 401339 401339 401339 401339 401339 401339 401339 401339 401339 401339 401339 401339 401339 401339 401339 401339 401339 401339 401339 401339 401339 401339 401339 401339 401339 401339 401339 401339 401339 401339 401339 401339 401339 401339 401339 401339 401339 401339 401339 401339 401339 401339 401339 401339 401339 401339 401339 401339 401339 401339 401339 401339 401339 401339 401339 401339 0 0 0 0 0 0 0 0 0 0 0 0 0 0 0 0 0 0 0 0 0 0 0 0 0
#obs cpue bio
 4093.49 8460.86 10273.2 15615.2 26393.8 27217 18032.6 41486.2 50518.2 70768.3 70735.4 89860.1 172969 153768 127292 170927 104255 119984 118578 96666.7 105469 144580 172442 166687 217248 159377 166384 138721
#pred surv len freq
 2.56689e-27 2.5984e-27 4.20392e-26 8.32859e-20 2.04165e-14 6.04979e-10 2.16693e-06 0.000938199 0.0491019 0.310632 0.237779 0.0368198 0.113204 0.104613 0.0273862 0.0365296 0.0173238 0.0155709 0.0106846 0.00890055 0.00753147 0.00692412 0.0073136 0.00668387 0.00206145
 2.56994e-27 2.6063e-27 4.85002e-26 9.69138e-20 2.37573e-14 7.0397e-10 2.5215e-06 0.00109171 0.0571364 0.36146 0.276634 0.0395663 0.106808 0.0982759 0.0187211 0.0180724 0.00725309 0.00491859 0.00279665 0.0019844 0.00146929 0.00120505 0.00115932 0.00107842 0.000366568
 2.5696e-27 2.60529e-27 4.7498e-26 9.47992e-20 2.32389e-14 6.8861e-10 2.46648e-06 0.00106789 0.0558897 0.353574 0.270632 0.0408314 0.120654 0.110964 0.0194452 0.016453 0.00557993 0.00237153 0.00102589 0.000548611 0.000322971 0.000222972 0.000187109 0.000168247 5.97337e-05
 2.56889e-27 2.60339e-27 4.58393e-26 9.13001e-20 2.23811e-14 6.63193e-10 2.37544e-06 0.00102848 0.0538268 0.340523 0.260671 0.0411552 0.130116 0.119759 0.0221699 0.0204457 0.00667369 0.00237283 0.000766195 0.000257453 0.000103385 5.30219e-05 3.58724e-05 2.93066e-05 1.04536e-05
 2.57181e-27 2.61131e-27 5.28554e-26 1.06101e-19 2.60094e-14 7.70705e-10 2.76054e-06 0.00119521 0.0625528 0.395726 0.30279 0.0390642 0.0846111 0.07777 0.0147717 0.0141415 0.00473854 0.00186731 0.000565607 0.000147393 3.52593e-05 1.08217e-05 5.0103e-06 3.37781e-06 1.16408e-06
 2.56839e-27 2.60198e-27 4.45348e-26 8.85479e-20 2.17065e-14 6.43201e-10 2.30384e-06 0.000997474 0.0522042 0.330258 0.252847 0.0420369 0.142322 0.130904 0.0219737 0.0172008 0.00581673 0.002408 0.000765666 0.00021092 4.11152e-05 7.19943e-06 1.69942e-06 7.77397e-07 2.44212e-07
 2.56831e-27 2.60185e-27 4.45071e-26 8.84898e-20 2.16922e-14 6.42779e-10 2.30233e-06 0.000996819 0.0521699 0.330041 0.252671 0.0413446 0.137178 0.126333 0.0243528 0.023765 0.00761249 0.00246722 0.000782794 0.000227561 4.71924e-05 7.04379e-06 8.30791e-07 1.73921e-07 4.36072e-08
 2.57088e-27 2.60881e-27 5.06495e-26 1.01448e-19 2.48687e-14 7.36903e-10 2.63946e-06 0.00114279 0.0598093 0.37837 0.289547 0.0396265 0.0981954 0.0903208 0.0172668 0.016685 0.00570121 0.00241041 0.000709084 0.000170628 3.6263e-05 5.71667e-06 5.49609e-07 4.47387e-08 6.20464e-09
 2.57006e-27 2.60651e-27 4.85361e-26 9.69889e-20 2.37757e-14 7.04516e-10 2.52346e-06 0.00109256 0.0571807 0.36174 0.276869 0.040926 0.116991 0.107514 0.0175661 0.0130276 0.00441507 0.00185255 0.000609464 0.000175297 3.20199e-05 4.75143e-06 4.70999e-07 2.56836e-08 1.29425e-09
 2.57006e-27 2.60653e-27 4.85729e-26 9.70666e-20 2.37947e-14 7.0508e-10 2.52548e-06 0.00109344 0.0572265 0.36203 0.277088 0.0407384 0.11541 0.106111 0.0183331 0.0151123 0.0047704 0.00145276 0.000460297 0.000136813 2.97414e-05 4.29622e-06 3.87059e-07 2.01864e-08 5.24809e-10
 2.57057e-27 2.6079e-27 4.97766e-26 9.9606e-20 2.44172e-14 7.23526e-10 2.59155e-06 0.00112204 0.0587236 0.371501 0.284315 0.0404582 0.1082 0.0994355 0.0167607 0.0132117 0.0042735 0.0014643 0.000413127 9.45761e-05 2.03221e-05 3.33072e-06 3.09773e-07 1.48011e-08 3.24712e-10
 2.57083e-27 2.60858e-27 5.03742e-26 1.00867e-19 2.47262e-14 7.32683e-10 2.62435e-06 0.00113624 0.0594668 0.376203 0.287903 0.0403422 0.104797 0.0962826 0.0159813 0.0122236 0.00390771 0.00127234 0.000373105 9.00851e-05 1.54861e-05 2.2679e-06 2.3167e-07 1.15109e-08 2.32369e-10
 2.57061e-27 2.60797e-27 4.98152e-26 9.96872e-20 2.44371e-14 7.24116e-10 2.59366e-06 0.00112296 0.0587715 0.371804 0.284549 0.0406492 0.109489 0.100582 0.0161807 0.0115933 0.00367619 0.00115465 0.000330643 7.76676e-05 1.4057e-05 1.81125e-06 1.58661e-07 8.36246e-09 1.74039e-10
 2.56996e-27 2.60621e-27 4.8265e-26 9.6417e-20 2.36355e-14 7.00361e-10 2.50858e-06 0.00108612 0.0568435 0.359607 0.275242 0.0410423 0.11902 0.109395 0.0180779 0.0136999 0.00428859 0.00124931 0.00035 7.92875e-05 1.38982e-05 1.81645e-06 1.4561e-07 6.66955e-09 1.42929e-10
 2.56928e-27 2.60437e-27 4.66408e-26 9.29906e-20 2.27955e-14 6.75472e-10 2.41943e-06 0.00104752 0.0548234 0.346828 0.265491 0.0414912 0.129287 0.118875 0.0198606 0.0153842 0.0048755 0.00151266 0.000416254 8.8201e-05 1.48964e-05 1.87733e-06 1.49111e-07 6.28795e-09 1.20101e-10
 2.56944e-27 2.60481e-27 4.70292e-26 9.38101e-20 2.29964e-14 6.81425e-10 2.44075e-06 0.00105675 0.0553066 0.349885 0.267823 0.0413736 0.126753 0.116536 0.0194313 0.0149951 0.00477526 0.00152105 0.000429005 9.50191e-05 1.53282e-05 1.8255e-06 1.39254e-07 5.72846e-09 1.00814e-10
 2.57039e-27 2.60738e-27 4.92973e-26 9.85949e-20 2.41693e-14 7.16181e-10 2.56524e-06 0.00111065 0.0581274 0.36773 0.28144 0.0407563 0.112489 0.103361 0.0168631 0.0124516 0.00395863 0.00125588 0.000357305 8.14392e-05 1.36815e-05 1.61406e-06 1.15655e-07 4.54555e-09 7.71535e-11
 2.57034e-27 2.60725e-27 4.91622e-26 9.83098e-20 2.40995e-14 7.1411e-10 2.55782e-06 0.00110744 0.0579594 0.366667 0.280631 0.0409305 0.114383 0.105079 0.0166383 0.0115028 0.00361702 0.00109052 0.000307931 7.01599e-05 1.20416e-05 1.47572e-06 1.06258e-07 3.94871e-09 6.37892e-11
 2.57018e-27 2.60678e-27 4.87409e-26 9.74209e-20 2.38816e-14 7.07653e-10 2.5347e-06 0.00109743 0.0574353 0.363352 0.278103 0.0411544 0.117862 0.108269 0.0168321 0.0111382 0.00345349 0.000965915 0.000265412 5.79344e-05 9.87672e-06 1.2283e-06 9.16706e-08 3.43081e-09 5.28412e-11
 2.57087e-27 2.60867e-27 5.04162e-26 1.00955e-19 2.47479e-14 7.33325e-10 2.62665e-06 0.00113724 0.0595189 0.376533 0.288159 0.0405971 0.106556 0.0978506 0.0152537 0.0101592 0.00312537 0.00083201 0.000221601 4.51569e-05 7.36634e-06 8.94481e-07 6.74929e-08 2.6069e-09 4.03921e-11
 2.57134e-27 2.60995e-27 5.15373e-26 1.0332e-19 2.53277e-14 7.50504e-10 2.68818e-06 0.00116388 0.0609132 0.385354 0.294891 0.0403458 0.0999146 0.0917022 0.0138069 0.00840659 0.00258425 0.000692444 0.000181837 3.52633e-05 5.42067e-06 6.18792e-07 4.51692e-08 1.75637e-09 2.79459e-11
 2.5716e-27 2.61062e-27 5.21191e-26 1.04547e-19 2.56285e-14 7.59419e-10 2.72011e-06 0.0011777 0.0616368 0.389931 0.298385 0.0403039 0.0971408 0.0891129 0.0128133 0.00678942 0.00204939 0.000498382 0.000129296 2.50891e-05 3.72381e-06 3.99006e-07 2.71489e-08 1.0156e-09 1.62046e-11
 2.57116e-27 2.60942e-27 5.10506e-26 1.02293e-19 2.5076e-14 7.43045e-10 2.66146e-06 0.00115231 0.0603079 0.381524 0.291971 0.0406473 0.10426 0.0956791 0.0139175 0.00765194 0.00226775 0.000476837 0.000117374 2.09699e-05 3.07457e-06 3.2192e-07 2.05401e-08 7.14347e-10 1.09362e-11
 2.57117e-27 2.60946e-27 5.10954e-26 1.02388e-19 2.50992e-14 7.43733e-10 2.66393e-06 0.00115338 0.0603637 0.381877 0.29224 0.0405865 0.103609 0.0950892 0.0140103 0.00801298 0.00238844 0.000520798 0.000124333 1.94162e-05 2.61743e-06 2.60382e-07 1.62148e-08 5.30183e-10 7.5521e-12
 2.57143e-27 2.61018e-27 5.17418e-26 1.03751e-19 2.54334e-14 7.53638e-10 2.6994e-06 0.00116874 0.0611676 0.386963 0.296119 0.0403222 0.0988716 0.0907338 0.0135301 0.0080151 0.0024039 0.000546178 0.000132502 2.11335e-05 2.62262e-06 2.30501e-07 1.3353e-08 4.21214e-10 5.65664e-12
 2.5714e-27 2.61009e-27 5.16477e-26 1.03553e-19 2.53848e-14 7.52196e-10 2.69424e-06 0.0011665 0.0610506 0.386222 0.295556 0.0404456 0.100207 0.0919425 0.0133239 0.00724121 0.00217826 0.000513659 0.000126677 2.09944e-05 2.66425e-06 2.25447e-07 1.14959e-08 3.31341e-10 4.24422e-12
 2.5714e-27 2.61008e-27 5.16318e-26 1.03519e-19 2.53765e-14 7.51952e-10 2.69337e-06 0.00116613 0.0610308 0.386097 0.295461 0.0404789 0.100527 0.0922327 0.0132734 0.00705115 0.00209465 0.000451823 0.000110831 1.90208e-05 2.4894e-06 2.17656e-07 1.08651e-08 2.79625e-10 3.23925e-12
 2.57138e-27 2.61003e-27 5.16017e-26 1.03456e-19 2.53609e-14 7.5149e-10 2.69171e-06 0.00116541 0.0609933 0.38586 0.295278 0.0404119 0.100145 0.0918983 0.0135506 0.00776722 0.00230507 0.000485392 0.000115873 1.84571e-05 2.43642e-06 2.21022e-07 1.14231e-08 2.89967e-10 3.04564e-12
#obs surv len freq
 1.77189e-41 2.45927e-33 4.12594e-26 8.36731e-20 2.05115e-14 6.07793e-10 2.17701e-06 0.000942572 0.0493305 0.312079 0.239035 0.0440433 0.151573 0.128372 0.0358799 0.0274116 0.00822674 0.00255333 0.000491465 5.63786e-05 2.8115e-06 4.46484e-08 1.68914e-10 1.22383e-13 1.46644e-17
 2.17547e-41 3.01941e-33 5.06569e-26 1.02731e-19 2.51833e-14 7.46229e-10 2.67287e-06 0.00115726 0.0605664 0.38316 0.293284 0.0420392 0.0973702 0.0779313 0.0222466 0.0160162 0.00462462 0.0013409 0.000236087 2.36431e-05 9.76724e-07 1.21474e-08 3.44179e-11 1.81603e-14 1.56021e-18
 1.72396e-41 2.39275e-33 4.01433e-26 8.14099e-20 1.99567e-14 5.91353e-10 2.11813e-06 0.000917076 0.0479961 0.303638 0.232783 0.0512196 0.181712 0.135725 0.0266335 0.0141847 0.00393872 0.00106366 0.00017029 1.47671e-05 5.00908e-07 4.86078e-09 1.03257e-11 3.97471e-15 2.45016e-19
 2.09297e-41 2.9049e-33 4.87358e-26 9.88352e-20 2.42283e-14 7.17928e-10 2.5715e-06 0.00111337 0.0582694 0.36863 0.282311 0.0458187 0.113211 0.0811704 0.0277801 0.0176063 0.00333449 0.000652527 9.34222e-05 6.96046e-06 1.92242e-07 1.44696e-09 2.30114e-12 6.47491e-16 2.87225e-20
 2.36884e-41 3.2878e-33 5.51596e-26 1.11863e-19 2.74218e-14 8.12558e-10 2.91045e-06 0.00126013 0.0659499 0.417218 0.319386 0.0443268 0.0794676 0.052341 0.0117606 0.00615092 0.00174945 0.000351822 3.27671e-05 1.90131e-06 4.22646e-08 2.45327e-10 2.91176e-13 5.98669e-17 1.91445e-21
 1.32446e-41 1.83826e-33 3.08406e-26 6.25441e-20 1.5332e-14 4.54314e-10 1.62728e-06 0.000704555 0.0368736 0.233277 0.179715 0.0711196 0.271479 0.165916 0.0277898 0.0106566 0.00202842 0.000394765 4.24189e-05 1.74452e-06 2.70573e-08 1.17935e-10 1.04013e-13 1.56036e-17 3.59681e-22
 2.21199e-41 3.0701e-33 5.15072e-26 1.04456e-19 2.56061e-14 7.58755e-10 2.71774e-06 0.00117669 0.0615831 0.389593 0.298429 0.0468128 0.0893367 0.0567292 0.0353963 0.0181605 0.00245535 0.000298457 2.51034e-05 1.01173e-06 1.18101e-08 3.44759e-11 2.14637e-14 2.32406e-18 3.85501e-23
 1.97977e-41 2.74779e-33 4.60999e-26 9.34896e-20 2.29179e-14 6.79099e-10 2.43242e-06 0.00105315 0.0551179 0.348695 0.267681 0.0611561 0.15616 0.0832115 0.016234 0.00752504 0.00275308 0.000390513 1.98656e-05 5.50191e-07 5.38757e-09 1.19957e-11 5.0558e-15 3.70053e-19 4.27848e-24
 2.02854e-41 2.81548e-33 4.72355e-26 9.57926e-20 2.34824e-14 6.95827e-10 2.49234e-06 0.0010791 0.0564757 0.357285 0.274322 0.0613527 0.14275 0.0734716 0.0230549 0.0086097 0.00132357 0.000253352 1.97429e-05 3.92492e-07 2.42391e-09 4.00189e-12 1.2732e-15 6.57281e-20 5.13677e-25
 1.98085e-41 2.7493e-33 4.61252e-26 9.35409e-20 2.29304e-14 6.79471e-10 2.43375e-06 0.00105373 0.0551481 0.348888 0.268203 0.067021 0.154337 0.0737565 0.0219287 0.00800306 0.00148053 0.000166901 1.11304e-05 2.80633e-07 1.46278e-09 1.5475e-12 3.30457e-16 1.22943e-20 6.95187e-26
 2.09247e-41 2.90421e-33 4.87241e-26 9.88114e-20 2.42225e-14 7.17756e-10 2.57088e-06 0.0011131 0.0582554 0.368546 0.283273 0.0660157 0.133999 0.0607014 0.0201031 0.00669738 0.00115673 0.00013012 6.36244e-06 1.20786e-07 6.33928e-10 6.0341e-13 9.18795e-17 2.23309e-21 8.47574e-27
 2.04134e-41 2.83325e-33 4.75337e-26 9.63973e-20 2.36307e-14 7.0022e-10 2.50807e-06 0.00108591 0.0568322 0.359545 0.276829 0.0732438 0.147074 0.0611596 0.0177688 0.0054234 0.000937379 9.45795e-05 4.1238e-06 5.91046e-08 2.22956e-10 1.78364e-13 2.37868e-17 4.61501e-22 1.24933e-27
 1.99704e-41 2.77176e-33 4.6502e-26 9.43051e-20 2.31178e-14 6.85022e-10 2.45364e-06 0.00106234 0.0555987 0.351745 0.271332 0.079551 0.154083 0.0610907 0.0194586 0.00523434 0.000768936 7.03177e-05 2.68672e-06 3.16942e-08 8.96367e-11 5.05493e-14 5.00145e-18 7.72203e-23 1.69223e-28
 1.86732e-41 2.59171e-33 4.34814e-26 8.81793e-20 2.16161e-14 6.40525e-10 2.29426e-06 0.000993334 0.0519872 0.328903 0.254718 0.0913587 0.175532 0.0667929 0.0229483 0.00586726 0.000832185 6.28858e-05 1.98898e-06 1.93312e-08 4.29326e-11 1.80173e-14 1.26447e-18 1.37085e-23 2.16923e-29
 1.69178e-41 2.34807e-33 3.93938e-26 7.98898e-20 1.95841e-14 5.80311e-10 2.07858e-06 0.000899953 0.0471 0.297995 0.232277 0.106393 0.20109 0.0760253 0.0298084 0.00731257 0.00102454 7.02153e-05 1.80929e-06 1.36388e-08 2.3501e-11 7.51125e-15 3.90476e-19 3.05033e-24 3.40293e-30
 1.92031e-41 2.66526e-33 4.47152e-26 9.06817e-20 2.22295e-14 6.58702e-10 2.35936e-06 0.00102152 0.0534624 0.338246 0.262694 0.0952033 0.153896 0.0602797 0.0273795 0.00677836 0.000973397 6.20869e-05 1.3835e-06 8.22213e-09 1.05937e-11 2.51191e-15 9.67954e-20 5.55979e-25 4.50572e-31
 1.86206e-41 2.58442e-33 4.3359e-26 8.79311e-20 2.15553e-14 6.38722e-10 2.2878e-06 0.000990538 0.0518408 0.328 0.256208 0.109678 0.169398 0.0570662 0.0206658 0.00529678 0.000802927 4.96783e-05 9.8583e-07 4.8235e-09 4.78935e-12 8.36869e-16 2.33502e-20 9.69584e-26 5.68923e-32
 1.83342e-41 2.54467e-33 4.2692e-26 8.65786e-20 2.12237e-14 6.28898e-10 2.25261e-06 0.000975302 0.0510435 0.322969 0.25344 0.11715 0.168811 0.0584154 0.022038 0.0045163 0.000601437 3.6713e-05 6.68339e-07 2.77288e-09 2.19385e-12 2.9194e-16 6.00304e-21 1.79923e-26 7.54599e-33
 1.86449e-41 2.58779e-33 4.34155e-26 8.80457e-20 2.15834e-14 6.39555e-10 2.29078e-06 0.000991829 0.0519085 0.328455 0.258573 0.121184 0.159884 0.054318 0.0201345 0.004063 0.000462635 2.29391e-05 3.69121e-07 1.32271e-09 8.54808e-13 8.89463e-17 1.38568e-21 3.07491e-27 9.38619e-34
 1.94445e-41 2.69876e-33 4.52774e-26 9.18216e-20 2.2509e-14 6.66982e-10 2.38902e-06 0.00103436 0.0541346 0.342552 0.270035 0.121172 0.144132 0.0471113 0.0163591 0.00312307 0.000329924 1.36432e-05 1.7077e-07 4.93152e-10 2.59399e-13 2.14532e-17 2.58375e-22 4.33514e-28 9.83822e-35
 1.9392e-41 2.69149e-33 4.51552e-26 9.1574e-20 2.24483e-14 6.65183e-10 2.38258e-06 0.00103157 0.0539886 0.341656 0.271004 0.129891 0.142795 0.0435112 0.0135424 0.0023477 0.0002217 7.93239e-06 7.9145e-08 1.72052e-10 6.83925e-14 4.35085e-18 4.04081e-23 5.17976e-29 8.86735e-36
 1.9846e-41 2.7545e-33 4.62124e-26 9.37179e-20 2.29738e-14 6.80757e-10 2.43836e-06 0.00105573 0.0552527 0.349679 0.278254 0.13136 0.131492 0.0395741 0.0114641 0.00172318 0.000138178 4.13822e-06 3.34035e-08 5.59239e-11 1.64368e-14 7.63028e-19 5.20464e-24 4.94979e-30 6.32127e-37
 1.90603e-41 2.64544e-33 4.43827e-26 9.00072e-20 2.20642e-14 6.53803e-10 2.34182e-06 0.00101393 0.0530652 0.335897 0.270797 0.147557 0.139096 0.0402256 0.0107657 0.00147911 9.92825e-05 2.37015e-06 1.5016e-08 1.9376e-11 4.28499e-15 1.46155e-19 7.2059e-25 4.92232e-31 4.52185e-38
 1.95339e-41 2.71118e-33 4.54857e-26 9.2244e-20 2.26125e-14 6.70051e-10 2.40001e-06 0.00103912 0.054384 0.344279 0.278409 0.145977 0.126165 0.0385023 0.00994368 0.00122602 7.03745e-05 1.34055e-06 6.44711e-09 6.23022e-12 1.02604e-15 2.5854e-20 9.32233e-26 4.61015e-32 3.04043e-39
 1.93327e-41 2.68325e-33 4.50172e-26 9.12939e-20 2.23796e-14 6.63149e-10 2.37529e-06 0.00102842 0.053824 0.340813 0.278783 0.155946 0.124512 0.0355026 0.00852704 0.00100961 5.00492e-05 7.67405e-07 2.81971e-09 2.00925e-12 2.40773e-16 4.40532e-21 1.153e-26 4.13201e-33 1.96891e-40
 1.8689e-41 2.59391e-33 4.35182e-26 8.8254e-20 2.16344e-14 6.41067e-10 2.2962e-06 0.000994176 0.0520321 0.329589 0.274367 0.169833 0.127726 0.0365584 0.00801765 0.000842698 3.68665e-05 4.66789e-07 1.32417e-09 7.0181e-13 6.11411e-17 8.03267e-22 1.50302e-27 3.8503e-34 1.31294e-41
 1.78479e-41 2.47716e-33 4.15596e-26 8.4282e-20 2.06607e-14 6.12215e-10 2.19286e-06 0.000949431 0.0496909 0.31493 0.268238 0.184991 0.132533 0.0395751 0.00827605 0.000784437 2.88449e-05 2.99365e-07 6.70311e-10 2.68524e-13 1.7184e-17 1.63186e-22 2.18576e-28 3.98497e-35 9.64334e-43
 1.82845e-41 2.53776e-33 4.25763e-26 8.63438e-20 2.11662e-14 6.27192e-10 2.2465e-06 0.000972658 0.050907 0.322737 0.276371 0.181725 0.121605 0.0374327 0.0075565 0.000669479 2.09993e-05 1.74338e-07 3.03175e-10 9.26154e-14 4.42626e-18 3.07977e-23 2.98177e-29 3.89595e-36 6.72003e-44
#pred catch len freq
 2.56641e-27 2.59711e-27 4.09254e-26 8.09365e-20 1.98406e-14 5.87912e-10 2.1058e-06 0.000911733 0.0477168 0.30187 0.231089 0.0368857 0.118405 0.109437 0.028649 0.0382139 0.0181226 0.0162888 0.0111772 0.00931094 0.00787874 0.00724338 0.00765082 0.00699206 0.0021565
 2.56954e-27 2.60523e-27 4.75591e-26 9.49286e-20 2.32706e-14 6.8955e-10 2.46985e-06 0.00106935 0.055966 0.354056 0.270983 0.0397883 0.112468 0.103503 0.0197168 0.0190336 0.00763883 0.00518018 0.00294539 0.00208994 0.00154743 0.00126914 0.00122098 0.00113577 0.000386063
 2.56919e-27 2.60419e-27 4.65289e-26 9.27549e-20 2.27377e-14 6.7376e-10 2.41329e-06 0.00104486 0.0546844 0.345949 0.264814 0.0411134 0.126887 0.116716 0.0204531 0.0173058 0.00586915 0.00249445 0.00107906 0.000577047 0.000339711 0.000234529 0.000196807 0.000176968 6.28298e-05
 2.56855e-27 2.60248e-27 4.50403e-26 8.96145e-20 2.19679e-14 6.50949e-10 2.33159e-06 0.00100949 0.052833 0.334236 0.255875 0.0413814 0.135208 0.12446 0.0230401 0.0212482 0.00693565 0.00246597 0.00079627 0.000267558 0.000107443 5.51031e-05 3.72805e-05 3.0457e-05 1.0864e-05
 2.57117e-27 2.60959e-27 5.13299e-26 1.02883e-19 2.52205e-14 7.47329e-10 2.67681e-06 0.00115895 0.0606555 0.383723 0.293632 0.0394842 0.094242 0.0866637 0.016461 0.0157588 0.00528044 0.00208086 0.00063029 0.000164249 3.92916e-05 1.20593e-05 5.58328e-06 3.76409e-06 1.2972e-06
 2.5682e-27 2.60145e-27 4.40696e-26 8.75667e-20 2.14659e-14 6.36073e-10 2.27831e-06 0.00098642 0.0516257 0.326598 0.250055 0.0421796 0.14537 0.133715 0.0224456 0.0175702 0.00594164 0.00245971 0.000782109 0.00021545 4.19981e-05 7.35404e-06 1.73591e-06 7.94092e-07 2.49456e-07
 2.56809e-27 2.60125e-27 4.39743e-26 8.73658e-20 2.14167e-14 6.34614e-10 2.27308e-06 0.000984158 0.0515073 0.325849 0.249472 0.0414908 0.140539 0.129436 0.0249511 0.0243488 0.00779951 0.00252784 0.000802025 0.000233151 4.83518e-05 7.21683e-06 8.51201e-07 1.78194e-07 4.46785e-08
 2.57063e-27 2.60813e-27 5.00544e-26 1.00192e-19 2.45609e-14 7.27783e-10 2.6068e-06 0.00112864 0.0590692 0.373688 0.285974 0.0397887 0.10194 0.0937786 0.0179279 0.0173238 0.00591948 0.00250269 0.000736231 0.00017716 3.76513e-05 5.93552e-06 5.7065e-07 4.64515e-08 6.44218e-09
 2.56988e-27 2.60602e-27 4.80979e-26 9.60645e-20 2.3549e-14 6.978e-10 2.4994e-06 0.00108215 0.0566356 0.358292 0.274239 0.0410634 0.119885 0.110182 0.018002 0.0133509 0.00452464 0.00189853 0.000624589 0.000179647 3.28145e-05 4.86934e-06 4.82688e-07 2.63209e-08 1.32637e-09
 2.56997e-27 2.60627e-27 4.83379e-26 9.6571e-20 2.36732e-14 7.0148e-10 2.51258e-06 0.00108785 0.0569343 0.360182 0.275677 0.0408097 0.116944 0.107525 0.0185775 0.0153138 0.004834 0.00147212 0.000466433 0.000138637 3.01379e-05 4.35349e-06 3.92219e-07 2.04555e-08 5.31805e-10
 2.57042e-27 2.60748e-27 4.93994e-26 9.88103e-20 2.42221e-14 7.17746e-10 2.57084e-06 0.00111308 0.0582545 0.368534 0.282051 0.0405746 0.110677 0.10172 0.0171457 0.0135152 0.00437168 0.00149795 0.000422618 9.67489e-05 2.0789e-05 3.40724e-06 3.1689e-07 1.51411e-08 3.32172e-10
 2.57075e-27 2.60837e-27 5.01832e-26 1.00464e-19 2.46275e-14 7.29756e-10 2.61386e-06 0.0011317 0.0592292 0.3747 0.286757 0.040402 0.106057 0.0974452 0.0161743 0.0123712 0.00395489 0.00128771 0.00037761 9.11728e-05 1.56731e-05 2.29528e-06 2.34467e-07 1.16499e-08 2.35175e-10
 2.57049e-27 2.60764e-27 4.95228e-26 9.90704e-20 2.42859e-14 7.19635e-10 2.57761e-06 0.00111601 0.0584078 0.369504 0.282794 0.0407431 0.111437 0.102377 0.0164695 0.0118003 0.00374182 0.00117526 0.000336546 7.90542e-05 1.43079e-05 1.84359e-06 1.61494e-07 8.51175e-09 1.77147e-10
 2.56995e-27 2.60619e-27 4.82483e-26 9.63819e-20 2.36269e-14 7.00106e-10 2.50766e-06 0.00108572 0.0568228 0.359476 0.275142 0.0410476 0.11913 0.109497 0.0180946 0.0137126 0.00429257 0.00125047 0.000350325 7.93612e-05 1.39111e-05 1.81814e-06 1.45745e-07 6.67574e-09 1.43061e-10
 2.56945e-27 2.60483e-27 4.70455e-26 9.38445e-20 2.30049e-14 6.81675e-10 2.44165e-06 0.00105714 0.0553268 0.350013 0.267921 0.0413649 0.126619 0.116414 0.0194495 0.0150658 0.00477458 0.00148135 0.000407637 8.63752e-05 1.45881e-05 1.83847e-06 1.46025e-07 6.15779e-09 1.17615e-10
 2.56965e-27 2.6054e-27 4.75489e-26 9.49064e-20 2.32652e-14 6.89388e-10 2.46927e-06 0.0010691 0.0559529 0.353973 0.270943 0.0412113 0.123327 0.113376 0.0189044 0.0145885 0.00464578 0.00147981 0.000417373 9.24427e-05 1.49126e-05 1.77601e-06 1.35478e-07 5.57313e-09 9.80802e-11
 2.5705e-27 2.60768e-27 4.95659e-26 9.91614e-20 2.43082e-14 7.20296e-10 2.57998e-06 0.00111703 0.0584614 0.369843 0.283052 0.0406711 0.110707 0.101718 0.0165951 0.0122537 0.00389572 0.00123592 0.000351626 8.01449e-05 1.34641e-05 1.58841e-06 1.13817e-07 4.4733e-09 7.59273e-11
 2.57056e-27 2.60782e-27 4.96742e-26 9.93899e-20 2.43642e-14 7.21956e-10 2.58592e-06 0.00111961 0.0585962 0.370695 0.283704 0.040764 0.110956 0.10192 0.0161381 0.011157 0.00350829 0.00105774 0.000298675 6.80509e-05 1.16796e-05 1.43136e-06 1.03064e-07 3.83001e-09 6.18717e-11
 2.57043e-27 2.60746e-27 4.93453e-26 9.8696e-20 2.41941e-14 7.16916e-10 2.56787e-06 0.00111179 0.0581871 0.368107 0.281731 0.0409548 0.113794 0.10452 0.0162492 0.0107525 0.00333389 0.000932465 0.000256221 5.59281e-05 9.53469e-06 1.18577e-06 8.8496e-08 3.312e-09 5.10112e-11
 2.57109e-27 2.60928e-27 5.0955e-26 1.02092e-19 2.50266e-14 7.41582e-10 2.65622e-06 0.00115004 0.0601891 0.380772 0.291394 0.0404193 0.102931 0.0945091 0.0147328 0.00981231 0.00301864 0.000803598 0.000214034 4.36149e-05 7.11478e-06 8.63936e-07 6.51881e-08 2.51788e-09 3.90127e-11
 2.57166e-27 2.6108e-27 5.2292e-26 1.04912e-19 2.5718e-14 7.6207e-10 2.72961e-06 0.00118182 0.0618519 0.391292 0.299421 0.0400907 0.0947901 0.0869801 0.0130959 0.00797371 0.00245118 0.000656788 0.000172474 3.34474e-05 5.14154e-06 5.86929e-07 4.28433e-08 1.66593e-09 2.65069e-11
 2.57181e-27 2.61121e-27 5.26421e-26 1.05651e-19 2.5899e-14 7.67434e-10 2.74882e-06 0.00119013 0.0622874 0.394047 0.301525 0.0401214 0.0935455 0.0858013 0.0123371 0.00653711 0.00197323 0.00047986 0.000124491 2.41568e-05 3.58542e-06 3.84178e-07 2.61399e-08 9.77855e-10 1.56024e-11
 2.57143e-27 2.61015e-27 5.1701e-26 1.03665e-19 2.54123e-14 7.53012e-10 2.69716e-06 0.00116777 0.0611168 0.386641 0.295875 0.0404215 0.0997992 0.09157 0.0133198 0.00732331 0.00217036 0.000456358 0.000112333 2.00693e-05 2.94253e-06 3.08095e-07 1.96579e-08 6.83668e-10 1.04665e-11
 2.57138e-27 2.61004e-27 5.16053e-26 1.03463e-19 2.53628e-14 7.51546e-10 2.69191e-06 0.00116549 0.0609978 0.385889 0.2953 0.0404111 0.100124 0.0918783 0.0135372 0.0077424 0.00230779 0.000503212 0.000120134 1.87605e-05 2.52905e-06 2.51589e-07 1.56672e-08 5.1228e-10 7.29709e-12
 2.57169e-27 2.6109e-27 5.23753e-26 1.05088e-19 2.5761e-14 7.63345e-10 2.73417e-06 0.00118379 0.0619555 0.391947 0.299921 0.040106 0.0945554 0.0867569 0.0129371 0.0076638 0.00229853 0.000522239 0.000126694 2.02072e-05 2.50767e-06 2.20398e-07 1.27678e-08 4.02752e-10 5.40871e-12
 2.57171e-27 2.61093e-27 5.23912e-26 1.05121e-19 2.57692e-14 7.63588e-10 2.73505e-06 0.00118417 0.0619752 0.392072 0.300018 0.0401873 0.0951056 0.0872437 0.012643 0.00687115 0.00206693 0.000487408 0.000120204 1.99215e-05 2.5281e-06 2.13926e-07 1.09084e-08 3.14408e-10 4.02732e-12
 2.57161e-27 2.61064e-27 5.21377e-26 1.04587e-19 2.56382e-14 7.59704e-10 2.72113e-06 0.00117815 0.06166 0.390078 0.298497 0.0403022 0.0970489 0.0890289 0.0128123 0.00680622 0.00202189 0.000436128 0.000106981 1.83601e-05 2.40293e-06 2.10095e-07 1.04877e-08 2.69912e-10 3.12673e-12
 2.57126e-27 2.60971e-27 5.1313e-26 1.02847e-19 2.52117e-14 7.47067e-10 2.67587e-06 0.00115855 0.0606343 0.383589 0.293546 0.0405112 0.102118 0.093716 0.0138187 0.00792085 0.00235066 0.000494992 0.000118165 1.88222e-05 2.48461e-06 2.25394e-07 1.1649e-08 2.95702e-10 3.10589e-12
#obs catch len freq
 1.755e-41 2.43583e-33 4.08661e-26 8.28757e-20 2.0316e-14 6.02e-10 2.15627e-06 0.000933589 0.0488603 0.309105 0.236765 0.0441059 0.153449 0.130001 0.0366586 0.0281847 0.00859946 0.00272793 0.000540638 6.40725e-05 3.33023e-06 5.54691e-08 2.19695e-10 1.65647e-13 2.054e-17
 1.7753e-41 2.464e-33 4.13387e-26 8.3834e-20 2.05509e-14 6.08961e-10 2.1812e-06 0.000944384 0.0494253 0.312679 0.239552 0.0459761 0.155205 0.124431 0.0356969 0.0258072 0.00758352 0.00224617 0.000407118 4.21568e-05 1.80645e-06 2.33745e-08 6.89808e-11 3.78025e-14 3.35718e-18
 2.18343e-41 3.03046e-33 5.08423e-26 1.03107e-19 2.52755e-14 7.48959e-10 2.68265e-06 0.00116149 0.060788 0.384562 0.294397 0.0433298 0.0987898 0.0746573 0.0219097 0.014842 0.00419682 0.00115484 0.000190296 1.7054e-05 5.99381e-07 6.02215e-09 1.3234e-11 5.26385e-15 3.3453e-19
 1.74096e-41 2.41634e-33 4.05391e-26 8.22126e-20 2.01535e-14 5.97183e-10 2.13901e-06 0.000926119 0.0484694 0.306632 0.235161 0.0537275 0.183341 0.128661 0.0255222 0.0129823 0.00353131 0.000899758 0.00013392 1.02995e-05 2.94384e-07 2.28957e-09 3.75183e-12 1.08515e-15 4.93924e-20
 2.11169e-41 2.93089e-33 4.91717e-26 9.97192e-20 2.4445e-14 7.2435e-10 2.5945e-06 0.00112333 0.0587906 0.371927 0.284894 0.0474452 0.113183 0.076421 0.0270051 0.0157299 0.00286342 0.000538921 7.1366e-05 4.67244e-06 1.07725e-07 6.4505e-10 7.87338e-13 1.65942e-16 5.42565e-21
 2.3856e-41 3.31106e-33 5.55499e-26 1.12654e-19 2.76158e-14 8.18307e-10 2.93104e-06 0.00126904 0.0664165 0.42017 0.321689 0.0454137 0.0783784 0.0483229 0.011067 0.00545846 0.00151069 0.000276189 2.3847e-05 1.22064e-06 2.2462e-08 1.03003e-10 9.33895e-14 1.434e-17 3.37394e-22
 1.35896e-41 1.88615e-33 3.16441e-26 6.41737e-20 1.57314e-14 4.66151e-10 1.66968e-06 0.000722912 0.0378343 0.239355 0.184571 0.0755434 0.270487 0.154097 0.0259393 0.00936867 0.0017309 0.000317169 3.03334e-05 1.0789e-06 1.39192e-08 4.77492e-11 3.20335e-14 3.57892e-18 6.05927e-23
 2.2409e-41 3.11022e-33 5.21804e-26 1.05821e-19 2.59407e-14 7.68671e-10 2.75325e-06 0.00119206 0.0623879 0.394685 0.302392 0.0482044 0.0872114 0.0526781 0.0336169 0.0154076 0.0019774 0.000226556 1.73885e-05 5.95026e-07 5.65268e-09 1.29916e-11 6.14936e-15 4.94831e-19 6.01857e-24
 2.0169e-41 2.79933e-33 4.69646e-26 9.52432e-20 2.33478e-14 6.91837e-10 2.47805e-06 0.00107291 0.0561518 0.355236 0.272827 0.0635262 0.151793 0.0752433 0.0148997 0.00665941 0.00229088 0.000284234 1.30472e-05 3.12424e-07 2.47502e-09 4.28133e-12 1.36837e-15 7.44381e-20 6.30415e-25
 2.06794e-41 2.87016e-33 4.81529e-26 9.76531e-20 2.39385e-14 7.09341e-10 2.54075e-06 0.00110006 0.0575725 0.364224 0.27978 0.0635423 0.137778 0.0664019 0.0211674 0.00714747 0.00107918 0.000191468 1.2596e-05 2.09316e-07 1.05563e-09 1.35546e-12 3.25264e-16 1.24533e-20 7.13151e-26
 2.02406e-41 2.80926e-33 4.71312e-26 9.55812e-20 2.34306e-14 6.94292e-10 2.48684e-06 0.00107672 0.056351 0.356499 0.274214 0.0694343 0.148232 0.066266 0.0199498 0.00667718 0.00116997 0.000119872 7.15076e-06 1.46453e-07 6.02542e-10 4.94705e-13 7.98683e-17 2.2004e-21 9.10614e-27
 2.13489e-41 2.96308e-33 4.97119e-26 1.00815e-19 2.47135e-14 7.32307e-10 2.623e-06 0.00113567 0.0594365 0.376019 0.289174 0.0679997 0.127487 0.0541997 0.0180588 0.00549076 0.000901306 9.08255e-05 3.86441e-06 6.12022e-08 2.51916e-10 1.8253e-13 2.08741e-17 3.75929e-22 1.04381e-27
 2.08793e-41 2.89791e-33 4.86184e-26 9.85972e-20 2.41699e-14 7.16199e-10 2.56531e-06 0.00111069 0.0581291 0.367752 0.283345 0.0753872 0.139138 0.0541708 0.0157609 0.00441829 0.000718251 6.46427e-05 2.42107e-06 2.84487e-08 8.47203e-11 5.15995e-14 5.12688e-18 7.33498e-23 1.45346e-28
 2.04702e-41 2.84113e-33 4.76658e-26 9.66652e-20 2.36964e-14 7.02166e-10 2.51504e-06 0.00108893 0.0569901 0.360551 0.278364 0.0818139 0.145154 0.0541186 0.0170983 0.00419144 0.00057901 4.70916e-05 1.52943e-06 1.46401e-08 3.23614e-11 1.38779e-14 1.02266e-18 1.15976e-23 1.8528e-29
 1.92409e-41 2.67051e-33 4.48033e-26 9.08602e-20 2.22733e-14 6.59998e-10 2.36401e-06 0.00102353 0.0535677 0.338906 0.262777 0.0940453 0.164977 0.0593311 0.0200328 0.00467982 0.000614487 4.09933e-05 1.09873e-06 8.59677e-09 1.48151e-11 4.70281e-15 2.45268e-19 1.95125e-24 2.24547e-30
 1.75527e-41 2.4362e-33 4.08724e-26 8.28883e-20 2.03191e-14 6.02092e-10 2.1566e-06 0.000933731 0.0488678 0.309185 0.241413 0.109785 0.189089 0.0681788 0.0259239 0.00582637 0.000748627 4.47759e-05 9.66386e-07 5.84107e-09 7.77495e-12 1.87155e-15 7.2091e-20 4.12685e-25 3.34713e-31
 1.97948e-41 2.74739e-33 4.60932e-26 9.34761e-20 2.29146e-14 6.79e-10 2.43207e-06 0.001053 0.0551099 0.348675 0.271155 0.0972883 0.143076 0.0540891 0.0234648 0.00535139 0.000695817 3.84001e-05 7.07853e-07 3.34155e-09 3.31193e-12 5.8993e-16 1.68037e-20 7.05996e-26 4.15547e-32
 1.92329e-41 2.66941e-33 4.47848e-26 9.08228e-20 2.22641e-14 6.59727e-10 2.36303e-06 0.00102311 0.0535457 0.338795 0.265103 0.111849 0.156783 0.0505011 0.0176049 0.00419297 0.000568552 3.01275e-05 4.88793e-07 1.88188e-09 1.428e-12 1.8681e-16 3.84601e-21 1.16646e-26 4.96449e-33
 1.8974e-41 2.63346e-33 4.41818e-26 8.95998e-20 2.19643e-14 6.50843e-10 2.33122e-06 0.00100934 0.0528247 0.33425 0.262816 0.119106 0.155676 0.0519228 0.0184534 0.0034962 0.000421403 2.18442e-05 3.21246e-07 1.03878e-09 6.23948e-13 6.19005e-17 9.3696e-22 2.0487e-27 6.22745e-34
 1.92846e-41 2.67658e-33 4.49051e-26 9.10667e-20 2.23239e-14 6.61499e-10 2.36938e-06 0.00102586 0.0536895 0.339738 0.268021 0.122624 0.146624 0.0481343 0.0167123 0.00310092 0.000313982 1.32777e-05 1.71823e-07 4.75561e-10 2.31751e-13 1.78975e-17 2.04669e-22 3.3079e-28 7.31237e-35
 2.00612e-41 2.78436e-33 4.67134e-26 9.47339e-20 2.32229e-14 6.88137e-10 2.46479e-06 0.00106717 0.0558516 0.353433 0.279191 0.121846 0.131201 0.0414299 0.0134022 0.00234969 0.00021837 7.5915e-06 7.62383e-08 1.69636e-10 6.69388e-14 4.0903e-18 3.60489e-23 4.3964e-29 7.21642e-36
 2.00161e-41 2.7781e-33 4.66084e-26 9.45209e-20 2.31707e-14 6.8659e-10 2.45925e-06 0.00106477 0.0557261 0.352672 0.280388 0.13004 0.129308 0.0379537 0.0109585 0.0017383 0.00014355 4.2722e-06 3.38506e-08 5.6477e-11 1.68096e-14 7.87858e-19 5.33862e-24 4.96263e-30 6.13497e-37
 2.0453e-41 2.83874e-33 4.76257e-26 9.65839e-20 2.36764e-14 7.01576e-10 2.51293e-06 0.00108801 0.0569425 0.360397 0.287457 0.130848 0.118474 0.0343206 0.00913276 0.00124884 8.70919e-05 2.15429e-06 1.37025e-08 1.74954e-11 3.83748e-15 1.31023e-19 6.50891e-25 4.47947e-31 4.12253e-38
 1.97019e-41 2.7345e-33 4.58768e-26 9.30373e-20 2.2807e-14 6.75813e-10 2.42065e-06 0.00104806 0.0548517 0.347239 0.280736 0.146623 0.12513 0.0347468 0.00850587 0.00105382 6.08835e-05 1.19323e-06 5.92587e-09 5.80391e-12 9.54416e-16 2.38903e-20 8.56812e-26 4.23131e-32 2.79784e-39
 2.0163e-41 2.79849e-33 4.69505e-26 9.52146e-20 2.33407e-14 6.91629e-10 2.4773e-06 0.00107259 0.0561355 0.355407 0.288195 0.144317 0.113121 0.0331062 0.0077457 0.000855483 4.18566e-05 6.48379e-07 2.43204e-09 1.77803e-12 2.17139e-16 4.00669e-21 1.04939e-26 3.74866e-33 1.77876e-40
 1.99694e-41 2.77162e-33 4.64996e-26 9.43002e-20 2.31166e-14 6.84987e-10 2.45351e-06 0.00106229 0.0555966 0.352089 0.288862 0.153564 0.111212 0.0302946 0.00659638 0.000692272 2.89326e-05 3.57691e-07 1.01858e-09 5.47158e-13 4.85189e-17 6.48986e-22 1.232e-27 3.18563e-34 1.09126e-41
 1.93502e-41 2.68569e-33 4.5058e-26 9.13766e-20 2.23999e-14 6.6375e-10 2.37745e-06 0.00102935 0.0538734 0.341321 0.285079 0.16684 0.114099 0.0310371 0.00612842 0.000568666 2.07935e-05 2.10136e-07 4.59143e-10 1.82755e-13 1.17556e-17 1.12759e-22 1.52876e-28 2.82294e-35 6.9138e-43
 1.85411e-41 2.57338e-33 4.31738e-26 8.75555e-20 2.14632e-14 6.35994e-10 2.27803e-06 0.000986308 0.0516214 0.327255 0.279758 0.181429 0.11865 0.0334942 0.00626872 0.000519105 1.58435e-05 1.30345e-07 2.23348e-10 6.69224e-14 3.15498e-18 2.18456e-23 2.11851e-29 2.78268e-36 4.83438e-44
#spawning biomass
 8416.18 7834.18 9957.02 12204.6 18174.4 30883.5 29146.5 34610 47012.1 57468.3 69378.7 93558.1 118581 143507 142857 119947 106669 109368 100976 95997.1 102540 105789 115826 117984 131375 140060 142288 159656 194700 208518 119326 64367.1 37243.5 25424.9 20665.5 18848.5 18180.3 17941.2 17857.4 17828.4 17818.5 17815.2 17814 17813.7 17813.5 17813.5 17813.5 17813.5 17813.5 17813.5 17813.5 17813.5 17813.5 17813.5 17813.5 17813.5 17813.5 17813.5 17813.5 17813.5 17813.5 17813.5 17813.5 17813.5 17813.5 17813.5 17813.5 17813.5 17813.5 17813.5 17813.5 17813.5 17813.5 17813.5 17813.5 17813.5 17813.5 17813.5 17813.5 17813.5 17813.5 17813.5 17813.5 17813.5 17813.5 17813.5 17813.5 17813.5 17813.5 17813.5 17813.5 17813.5 17813.5 17813.5 17813.5 17813.5 17813.5 17813.5 17813.5 17813.5 17813.5 17813.5 17813.5 17813.5 17813.5 17813.5 17813.5 17813.5 17813.5 17813.5 17813.5 17813.5 17813.5 17813.5 17813.5 17813.5 17813.5 17813.5 17813.5 17813.5 17813.5 17813.5 17813.5 17813.5 17813.5 17813.5 17813.5 17813.5 0 0 0 0 0 0 0 0 0 0 0 0 0 0 0 0 0 0 0 0 0 0 0 0 0
