SBPRF35
0.256306
Curr Bio
86177.1
B35
182381
F35
0.492552
FOFL
0.161522
OFL
10158
Bzero
73230.3
#pred survey bio
 31579 37113.3 39937.4 47334.4 43744.7 51594.9 55127.1 61403.7 73763 82816.8 81292.5 79770.6 89704.5 103857 110768 109384 124782 142444 143060 158750 171761 178079 167786 163963 179098 191821 170756 143864 4.31089e+06 2.80847e+06 2.15093e+06 1.55346e+06 1.18096e+06 976415 870005 815456 787161 772038 763622 758732 755775 753926 752740 751963 751452 751112 750886 750734 750631 750562 750516 750484 750463 750449 750439 750432 750428 750425 750423 750422 750421 750420 750420 750419 750419 750419 750419 750419 750419 750419 750419 750419 750419 750419 750419 750419 750419 750419 750419 750419 750419 750419 750419 750419 750419 750419 750419 750419 750419 750419 750419 750419 750419 750419 750419 750419 750419 750419 750419 750419 750419 750419 750419 750419 750419 750419 750419 750419 750419 750419 750419 750419 750419 750419 750419 750419 750419 750419 750419 750419 750419 750419 750419 750419 750419 750419 750419 750419 0 0 0 0 0 0 0 0 0 0 0 0 0 0 0 0 0 0 0 0 0 0 0 0 0
#obs survey bio
 26552.3 47217.5 41614.9 43851.8 37156.1 48511.3 42988 79925.5 72708 72105 85184.5 67651.3 94889.4 151928 150258 95280.3 153175 146659 124489 186384 201524 153937 212589 179074 202066 157186 190741 145571
#pred catch bio
 16148.6 21785.6 21206.6 29826.8 24516.2 30106.4 32232.4 34074.6 40437.2 48097 47299.2 43484.9 48156.8 59588 66840.4 59485 66454.9 82101.2 77991.8 89204.4 96191.5 104613 96459.7 86188.4 92750.6 110727 100916 90988.2 10158 39094.8 29758.9 20209.3 14506.8 11574.1 10178.2 9544.37 9265.2 9144.67 9093.34 9071.67 9062.58 9058.79 9057.2 9056.55 9056.28 9056.16 9056.12 9056.1 9056.09 9056.09 9056.08 9056.08 9056.08 9056.08 9056.08 9056.08 9056.08 9056.08 9056.08 9056.08 9056.08 9056.08 9056.08 9056.08 9056.08 9056.08 9056.08 9056.08 9056.08 9056.08 9056.08 9056.08 9056.08 9056.08 9056.08 9056.08 9056.08 9056.08 9056.08 9056.08 9056.08 9056.08 9056.08 9056.08 9056.08 9056.08 9056.08 9056.08 9056.08 9056.08 9056.08 9056.08 9056.08 9056.08 9056.08 9056.08 9056.08 9056.08 9056.08 9056.08 9056.08 9056.08 9056.08 9056.08 9056.08 9056.08 9056.08 9056.08 9056.08 9056.08 9056.08 9056.08 9056.08 9056.08 9056.08 9056.08 9056.08 9056.08 9056.08 9056.08 9056.08 9056.08 9056.08 9056.08 9056.08 9056.08 9056.08 9056.08 0 0 0 0 0 0 0 0 0 0 0 0 0 0 0 0 0 0 0 0 0 0 0 0 0
#obs catch bio
 19603.4 22971.3 21277.7 30973.1 23736.2 30075.6 34716.6 33772.1 39811.5 46978.7 44860.2 43032.5 46761.4 55797 66074.3 61167.7 64080.2 83971.2 78498.6 90758.2 93039 106646 90352.4 84586.8 86694.8 110711 96505.4 91302.3
#pred cpue bio
 23510.5 23987.5 25539.6 30990.8 28080.9 32870.8 35569.3 38917.2 47026.4 54426.5 54031.9 52864.6 58753.7 67969.1 71976.6 70832.1 81692.5 94115.5 94646.2 104515 112304 118675 112155 109572 120761 131148 117557 99461 2.81021e+06 2.52387e+06 2.0203e+06 1.43147e+06 1.05933e+06 854796 748387 693838 665543 650420 642004 637114 634157 632308 631122 630345 629834 629494 629268 629116 629013 628944 628898 628866 628845 628831 628821 628815 628810 628807 628805 628804 628803 628802 628802 628801 628801 628801 628801 628801 628801 628801 628801 628801 628801 628801 628801 628801 628801 628801 628801 628801 628801 628801 628801 628801 628801 628801 628801 628801 628801 628801 628801 628801 628801 628801 628801 628801 628801 628801 628801 628801 628801 628801 628801 628801 628801 628801 628801 628801 628801 628801 628801 628801 628801 628801 628801 628801 628801 628801 628801 628801 628801 628801 628801 628801 628801 628801 628801 628801 0 0 0 0 0 0 0 0 0 0 0 0 0 0 0 0 0 0 0 0 0 0 0 0 0
#obs cpue bio
 24057.3 17508.1 22891.7 31467.3 38608.4 33709.3 28886.2 38300.5 48512.8 73633.2 66786.3 56973.2 65895 67341 50306.8 61477.6 92171.2 76951.9 100802 87730 118559 115358 140461 91526.7 162174 136677 141723 86875.7
#pred surv len freq
 3.94812e-11 1.85701e-09 6.04816e-08 1.36401e-06 2.1301e-05 0.00023034 0.00172476 0.00894331 0.032117 0.0799278 0.138158 0.167367 0.146973 0.104298 0.0742574 0.0594158 0.0473898 0.035429 0.0262828 0.0202004 0.0162402 0.0137554 0.011815 0.00933538 0.00611704
 4.41696e-11 2.07753e-09 6.76638e-08 1.52599e-06 2.38305e-05 0.000257693 0.00192958 0.0100053 0.0359301 0.0894107 0.154505 0.186959 0.163467 0.114317 0.0785559 0.0591854 0.042492 0.0261837 0.0146268 0.00831782 0.00511859 0.00344069 0.00246866 0.0017365 0.00106635
 4.3249e-11 2.03423e-09 6.62534e-08 1.49418e-06 2.33338e-05 0.000252322 0.00188937 0.00979688 0.0351834 0.0875691 0.151436 0.183776 0.162398 0.117218 0.0851223 0.0665695 0.0474 0.0274527 0.0132976 0.00591115 0.00257527 0.00114084 0.00054721 0.000288624 0.000150508
 4.2066e-11 1.97858e-09 6.44412e-08 1.45331e-06 2.26955e-05 0.00024542 0.00183769 0.00952898 0.0342221 0.0851841 0.147364 0.179081 0.159051 0.116547 0.086981 0.0698832 0.0511117 0.0308677 0.0158915 0.00739252 0.00310373 0.00114364 0.000377907 0.000121653 4.10773e-05
 4.30151e-11 2.02322e-09 6.58951e-08 1.4861e-06 2.32075e-05 0.000250957 0.00187915 0.0097439 0.0349933 0.0870974 0.15063 0.182843 0.161721 0.117056 0.0854664 0.0672641 0.048292 0.0283834 0.0140503 0.0063106 0.00261913 0.000965549 0.000306532 8.34812e-05 1.98416e-05
 4.35838e-11 2.04997e-09 6.67663e-08 1.50575e-06 2.35144e-05 0.000254275 0.00190399 0.00987267 0.0354551 0.0882402 0.152562 0.184979 0.16294 0.116526 0.0833676 0.064745 0.0465673 0.0277977 0.0141309 0.00650786 0.00272219 0.000993602 0.000309627 8.20648e-05 1.83254e-05
 4.27083e-11 2.00879e-09 6.54251e-08 1.4755e-06 2.3042e-05 0.000249167 0.00186575 0.00967444 0.0347441 0.08648 0.149581 0.18166 0.160966 0.11713 0.0862978 0.0683895 0.0492292 0.0289468 0.0143168 0.00641486 0.00265172 0.000972408 0.000306128 8.14694e-05 1.80315e-05
 4.38248e-11 2.06131e-09 6.71356e-08 1.51407e-06 2.36444e-05 0.000255681 0.00191452 0.00992726 0.0356509 0.0887261 0.15339 0.18593 0.163604 0.116625 0.0829427 0.0640554 0.0458684 0.0272175 0.0137082 0.00624584 0.00258953 0.000938763 0.000290623 7.64064e-05 1.68409e-05
 4.3468e-11 2.04453e-09 6.6589e-08 1.50175e-06 2.34519e-05 0.0002536 0.00189893 0.00984647 0.0353612 0.0880083 0.152173 0.184566 0.162761 0.116785 0.0840104 0.0654288 0.0469225 0.0277507 0.0138983 0.00631441 0.00263108 0.000965209 0.000302531 8.00086e-05 1.75863e-05
 4.17411e-11 1.9633e-09 6.39434e-08 1.44208e-06 2.25202e-05 0.000243524 0.0018235 0.00945541 0.0339582 0.0845313 0.146261 0.177864 0.158369 0.11688 0.0882218 0.0713514 0.0520902 0.0311687 0.0158212 0.00728417 0.00305921 0.00112544 0.000353538 9.39723e-05 2.08151e-05
 4.11511e-11 1.93555e-09 6.30397e-08 1.4217e-06 2.22019e-05 0.000240082 0.00179773 0.00932181 0.0334789 0.0833422 0.144232 0.175536 0.156741 0.116632 0.0892533 0.073028 0.0537899 0.0325839 0.0168613 0.00793912 0.00339743 0.00126716 0.000402163 0.000107685 2.39729e-05
 4.14273e-11 1.94854e-09 6.34628e-08 1.43124e-06 2.23509e-05 0.000241694 0.00180979 0.00938435 0.0337031 0.0838972 0.14517 0.17657 0.157323 0.116349 0.0881878 0.0717396 0.0528814 0.0322515 0.0169088 0.00810129 0.00353249 0.00134395 0.000435481 0.000118882 2.68812e-05
 4.22737e-11 1.98835e-09 6.47593e-08 1.46048e-06 2.28075e-05 0.000246631 0.00184676 0.00957598 0.0343905 0.0855994 0.148056 0.179798 0.159291 0.115897 0.0855345 0.0683338 0.0502498 0.0309273 0.0165121 0.00808968 0.00360365 0.0014 0.000463879 0.000129603 2.99678e-05
 4.22415e-11 1.98684e-09 6.471e-08 1.45937e-06 2.27902e-05 0.000246444 0.00184535 0.0095687 0.0343644 0.0855358 0.147953 0.179711 0.159331 0.116165 0.0859919 0.0687429 0.0503476 0.0306882 0.0161561 0.0078322 0.00349236 0.00137426 0.000464676 0.000132855 3.14377e-05
 4.25196e-11 1.99992e-09 6.51361e-08 1.46898e-06 2.29402e-05 0.000248066 0.0018575 0.0096317 0.0345906 0.0860975 0.148917 0.180844 0.160214 0.116539 0.0858813 0.0682809 0.0496276 0.0298175 0.0153235 0.00721432 0.00313416 0.00120937 0.000404165 0.000115379 2.75387e-05
 4.25578e-11 2.00171e-09 6.51946e-08 1.4703e-06 2.29608e-05 0.000248289 0.00185917 0.00964035 0.0346218 0.0861763 0.149061 0.181055 0.160516 0.116988 0.0864463 0.0687184 0.0496403 0.0293695 0.0146799 0.0066666 0.00279431 0.00104235 0.000337096 9.34941e-05 2.18578e-05
 4.21206e-11 1.98115e-09 6.45248e-08 1.45519e-06 2.2725e-05 0.000245738 0.00184007 0.00954133 0.0342663 0.0852933 0.147546 0.179271 0.159121 0.116391 0.0866223 0.0694929 0.0508873 0.030875 0.0160509 0.00758207 0.00324005 0.0012027 0.000380557 0.000102414 2.31948e-05
 4.16834e-11 1.96059e-09 6.38551e-08 1.44009e-06 2.24891e-05 0.000243188 0.00182098 0.00944233 0.0339111 0.0844118 0.146041 0.177535 0.157878 0.116124 0.0872558 0.0705967 0.0520589 0.0319239 0.0169097 0.00820534 0.00362068 0.00139129 0.000454189 0.000124525 2.82266e-05
 4.1493e-11 1.95163e-09 6.35634e-08 1.43351e-06 2.23864e-05 0.000242077 0.00181266 0.00939922 0.0337565 0.08403 0.145399 0.176846 0.157558 0.116494 0.0882351 0.0716665 0.052657 0.0319201 0.0166019 0.00792359 0.0034793 0.00134915 0.000449461 0.000126585 2.94971e-05
 4.1948e-11 1.97304e-09 6.42605e-08 1.44923e-06 2.26319e-05 0.000244732 0.00183254 0.00950225 0.034126 0.0849441 0.146942 0.178541 0.158485 0.115964 0.0864015 0.0695174 0.0512472 0.0315394 0.0168085 0.00820507 0.00363749 0.0014077 0.000466823 0.000131608 3.09746e-05
 4.22428e-11 1.9869e-09 6.4712e-08 1.45942e-06 2.27909e-05 0.000246451 0.00184541 0.009569 0.0343656 0.0855391 0.147963 0.179737 0.159405 0.11632 0.0862139 0.0689308 0.0503817 0.0305519 0.0159462 0.00765391 0.00338408 0.00132237 0.00044432 0.000126412 2.98648e-05
 4.10139e-11 1.9291e-09 6.28295e-08 1.41696e-06 2.21279e-05 0.000239282 0.00179173 0.00929074 0.0333674 0.0830658 0.143762 0.174998 0.156376 0.116601 0.0895234 0.0734188 0.054127 0.0328147 0.0170289 0.0080858 0.00352309 0.00135533 0.000449992 0.000127509 3.02309e-05
 4.08762e-11 1.92262e-09 6.26186e-08 1.4122e-06 2.20536e-05 0.000238479 0.00178572 0.00925956 0.0332555 0.0827879 0.143285 0.17444 0.155948 0.116438 0.0896153 0.0736949 0.0545289 0.0332716 0.0174308 0.00834615 0.00364313 0.00139303 0.000456917 0.000127561 2.98359e-05
 4.09772e-11 1.92737e-09 6.27732e-08 1.41569e-06 2.21081e-05 0.000239068 0.00179013 0.00928241 0.0333374 0.0829901 0.143624 0.174798 0.156094 0.116187 0.0890118 0.073041 0.0541607 0.0332788 0.0176498 0.00857755 0.00379551 0.00146755 0.000485051 0.000135697 3.16035e-05
 4.06152e-11 1.91035e-09 6.22187e-08 1.40319e-06 2.19128e-05 0.000236956 0.00177432 0.00920043 0.0330431 0.0822587 0.142366 0.173309 0.1549 0.115603 0.0890151 0.0735274 0.0550861 0.0345081 0.0188651 0.00948107 0.00431524 0.00170764 0.000576228 0.000164087 3.87144e-05
 3.98088e-11 1.87242e-09 6.09834e-08 1.37533e-06 2.14777e-05 0.000232251 0.00173909 0.00901782 0.0323878 0.0806339 0.139597 0.170141 0.152723 0.115366 0.0905591 0.0758942 0.0573333 0.0362407 0.0200984 0.0103074 0.00481117 0.00196171 0.000683698 0.000200691 4.85793e-05
 3.91835e-11 1.843e-09 6.00255e-08 1.35372e-06 2.11403e-05 0.000228603 0.00171178 0.00887623 0.0318801 0.079377 0.137471 0.167782 0.151351 0.115882 0.0927758 0.0786054 0.0592594 0.0369873 0.0201059 0.0101282 0.00469498 0.00192442 0.000680987 0.000204443 5.08219e-05
 3.89054e-11 1.82993e-09 5.95995e-08 1.34412e-06 2.09903e-05 0.000226981 0.00169963 0.00881327 0.0316542 0.0788167 0.136516 0.166691 0.150605 0.115813 0.0933413 0.0794901 0.0601403 0.0376859 0.0205573 0.0103404 0.00474843 0.00191797 0.000669799 0.00020004 4.99837e-05
#obs surv len freq
 4.22385e-11 1.9867e-09 6.47054e-08 1.45927e-06 2.27886e-05 0.000246426 0.00184522 0.009568 0.0343617 0.0855253 0.147912 0.179552 0.158847 0.115112 0.0844633 0.0674273 0.0500603 0.0315577 0.0175477 0.00904573 0.00425896 0.00176573 0.000634077 0.000194785 5.00355e-05
 4.19838e-11 1.97472e-09 6.43152e-08 1.45047e-06 2.26512e-05 0.00024494 0.0018341 0.00951036 0.0341554 0.0850183 0.14708 0.178752 0.158809 0.116469 0.0870237 0.0699167 0.0510494 0.030787 0.0159759 0.00770487 0.00349674 0.00143471 0.000514692 0.000157748 4.0308e-05
 4.22522e-11 1.98734e-09 6.47264e-08 1.45974e-06 2.2796e-05 0.000246506 0.00184582 0.00957115 0.0343735 0.0855593 0.148003 0.179812 0.159551 0.11659 0.0865871 0.069245 0.0504384 0.0303132 0.0155633 0.00731146 0.00317041 0.00122679 0.000415821 0.000122376 3.05979e-05
 4.15267e-11 1.95322e-09 6.3615e-08 1.43468e-06 2.24046e-05 0.000242274 0.00181413 0.00940686 0.0337841 0.0840985 0.145518 0.176995 0.157701 0.11662 0.0883433 0.0717261 0.0526192 0.0317767 0.0164031 0.00773718 0.00334687 0.00127684 0.000420082 0.000118305 2.81411e-05
 4.45777e-11 2.09672e-09 6.82888e-08 1.54008e-06 2.40506e-05 0.000260073 0.0019474 0.0100977 0.0362625 0.0902406 0.155959 0.188812 0.165391 0.1163 0.0806868 0.0610941 0.043493 0.0259147 0.0132291 0.00617712 0.0026553 0.00100968 0.000330649 9.20937e-05 2.14495e-05
 4.23963e-11 1.99412e-09 6.49471e-08 1.46472e-06 2.28737e-05 0.000247347 0.00185212 0.00960379 0.0344908 0.0858523 0.148516 0.180467 0.160229 0.11727 0.0872326 0.0695918 0.0501508 0.0294087 0.0144737 0.0064657 0.00268631 0.00100168 0.000324543 8.97848e-05 2.07828e-05
 4.09326e-11 1.92527e-09 6.27049e-08 1.41415e-06 2.2084e-05 0.000238808 0.00178818 0.00927234 0.0333016 0.0829031 0.143489 0.174713 0.156267 0.116825 0.0900531 0.0740141 0.0545095 0.0328802 0.0168632 0.00783586 0.0033019 0.00121293 0.000380942 0.000102066 2.30646e-05
 4.4423e-11 2.08944e-09 6.80518e-08 1.53474e-06 2.39672e-05 0.000259171 0.00194064 0.0100627 0.0361366 0.0899272 0.155417 0.18815 0.164798 0.11587 0.0804323 0.0611009 0.0438899 0.0266494 0.0140193 0.00675337 0.00295662 0.00112614 0.000363995 9.87905e-05 2.2191e-05
 4.17257e-11 1.96257e-09 6.39198e-08 1.44155e-06 2.25119e-05 0.000243435 0.00182283 0.00945194 0.0339462 0.0845033 0.146228 0.177902 0.158645 0.117571 0.0892423 0.0721819 0.0521473 0.0304248 0.0148315 0.0065806 0.00274777 0.00104208 0.000344498 9.65722e-05 2.23648e-05
 4.2359e-11 1.99236e-09 6.489e-08 1.46343e-06 2.28536e-05 0.000247129 0.00185049 0.00959532 0.0344601 0.0857733 0.148361 0.180194 0.159719 0.116359 0.0860193 0.0686719 0.0502068 0.0304579 0.0158211 0.00744343 0.00315383 0.00115807 0.000363634 9.79483e-05 2.23789e-05
 4.0812e-11 1.9196e-09 6.25201e-08 1.40999e-06 2.2019e-05 0.000238104 0.00178291 0.00924501 0.0332034 0.0826588 0.143067 0.174199 0.155811 0.116499 0.0898498 0.0739647 0.0546934 0.0333076 0.0174174 0.00835044 0.00366507 0.0014086 0.000460252 0.00012599 2.84595e-05
 4.17873e-11 1.96547e-09 6.40141e-08 1.44368e-06 2.25451e-05 0.000243794 0.00182551 0.00946584 0.0339956 0.0846211 0.146397 0.177942 0.158158 0.116151 0.0870468 0.0702684 0.0517294 0.0316571 0.0167297 0.00811567 0.00359908 0.00140082 0.000467241 0.000131727 3.07245e-05
 4.18625e-11 1.96901e-09 6.41294e-08 1.44628e-06 2.25857e-05 0.000244233 0.0018288 0.00948289 0.0340568 0.0847732 0.146658 0.178252 0.158407 0.116273 0.0870418 0.0701477 0.0514966 0.0313558 0.0164571 0.0079475 0.00353193 0.00138664 0.000468485 0.000134127 3.18593e-05
 4.29149e-11 2.01851e-09 6.57415e-08 1.48264e-06 2.31535e-05 0.000250372 0.00187477 0.00972118 0.0349116 0.0868913 0.150257 0.182314 0.161013 0.116062 0.084258 0.0663686 0.0483498 0.0294484 0.0155068 0.00750808 0.00333555 0.00130686 0.0004413 0.000126807 3.03759e-05
 4.19694e-11 1.97404e-09 6.42931e-08 1.44997e-06 2.26434e-05 0.000244856 0.00183347 0.00950711 0.0341439 0.0849913 0.147045 0.178764 0.158992 0.116957 0.0877797 0.0706211 0.0513127 0.0305087 0.0153881 0.00710889 0.00305993 0.00118165 0.000396766 0.000113705 2.72071e-05
 4.11684e-11 1.93636e-09 6.30661e-08 1.4223e-06 2.22113e-05 0.000240184 0.00179848 0.00932574 0.0334932 0.083378 0.144298 0.175632 0.156879 0.116836 0.0895064 0.0732111 0.0537622 0.0323389 0.0165434 0.0076974 0.00327545 0.00122788 0.000397314 0.000110309 2.58637e-05
 4.11507e-11 1.93553e-09 6.3039e-08 1.42169e-06 2.22017e-05 0.00024008 0.00179771 0.0093217 0.0334784 0.0833389 0.144214 0.175455 0.156484 0.116066 0.0884312 0.0723268 0.0536534 0.033077 0.0176281 0.00859047 0.00378956 0.00145134 0.000472864 0.00013018 2.98875e-05
 4.16799e-11 1.96042e-09 6.38497e-08 1.43997e-06 2.24872e-05 0.000243168 0.00182082 0.00944154 0.0339084 0.0844048 0.146028 0.17752 0.157865 0.116112 0.0872363 0.0705551 0.0519903 0.031856 0.0168924 0.00825838 0.0037088 0.00146563 0.000495494 0.000140868 3.29955e-05
 3.97467e-11 1.86949e-09 6.08881e-08 1.37318e-06 2.14442e-05 0.000231889 0.00173638 0.00900376 0.0323379 0.080513 0.139414 0.170038 0.153013 0.11636 0.0921534 0.0773467 0.0577791 0.0355219 0.0188316 0.00918916 0.00411979 0.00163111 0.000556817 0.000161423 3.88378e-05
 4.23372e-11 1.99134e-09 6.48566e-08 1.46268e-06 2.28418e-05 0.000247002 0.00184954 0.00959036 0.034442 0.0857254 0.148259 0.17998 0.159243 0.115429 0.0847025 0.0675314 0.049929 0.0311827 0.0170546 0.00858964 0.00392594 0.00156579 0.000535487 0.00015555 3.76519e-05
 4.13703e-11 1.94586e-09 6.33753e-08 1.42927e-06 2.23202e-05 0.000241361 0.0018073 0.00937143 0.033657 0.0837837 0.144985 0.176397 0.157331 0.116685 0.0887867 0.0722568 0.0529514 0.0318713 0.0164322 0.00783876 0.00350305 0.00140712 0.000490575 0.000145006 3.54833e-05
 4.02954e-11 1.8953e-09 6.17287e-08 1.39214e-06 2.17403e-05 0.00023509 0.00176035 0.00912803 0.0327838 0.0816185 0.141297 0.172189 0.15448 0.11649 0.0910589 0.0757024 0.0562507 0.0343756 0.0180295 0.00864883 0.00379267 0.00146679 0.000492101 0.000142222 3.46869e-05
 4.13639e-11 1.94556e-09 6.33656e-08 1.42905e-06 2.23167e-05 0.000241324 0.00180702 0.00936998 0.0336516 0.0837678 0.144941 0.176269 0.156982 0.115955 0.087761 0.0714481 0.0529421 0.0326852 0.0174989 0.00860679 0.00385529 0.00150954 0.00050595 0.000143879 3.42013e-05
 4.00139e-11 1.88206e-09 6.12976e-08 1.38241e-06 2.15884e-05 0.000233448 0.00174805 0.00906428 0.0325549 0.0810502 0.140322 0.171044 0.153591 0.116119 0.0911719 0.076144 0.0569136 0.035179 0.018839 0.00930886 0.00422197 0.00168612 0.000578097 0.000167504 4.01821e-05
 4.1449e-11 1.94956e-09 6.34959e-08 1.43199e-06 2.23626e-05 0.00024182 0.00181074 0.00938921 0.0337203 0.0839354 0.145207 0.176481 0.156814 0.115101 0.0863167 0.0700946 0.0524646 0.0332336 0.0185382 0.00953655 0.00443905 0.00179923 0.000624679 0.000183797 4.48856e-05
 3.8662e-11 1.81847e-09 5.92265e-08 1.33571e-06 2.0859e-05 0.000225561 0.001689 0.00875816 0.0314568 0.0783293 0.135701 0.165833 0.150267 0.116441 0.0948058 0.0810026 0.0608512 0.0374524 0.0199294 0.00986779 0.00455894 0.00188257 0.000672388 0.000202974 5.05533e-05
 3.99455e-11 1.87884e-09 6.11927e-08 1.38005e-06 2.15515e-05 0.000233049 0.00174506 0.00904875 0.0324989 0.0809082 0.14006 0.170647 0.15299 0.115186 0.0899873 0.0752572 0.0569697 0.0362088 0.0201998 0.0103623 0.0048011 0.00194148 0.000678277 0.000203321 5.1129e-05
 3.83455e-11 1.80359e-09 5.87416e-08 1.32477e-06 2.06882e-05 0.000223714 0.00167517 0.00868645 0.0311992 0.0776871 0.134584 0.164447 0.148948 0.115325 0.0939322 0.080692 0.0615452 0.039091 0.02183 0.0113403 0.00539896 0.00225803 0.000809605 0.000244872 6.13034e-05
#pred catch len freq
 3.20892e-11 1.50932e-09 4.91576e-08 1.10863e-06 1.73128e-05 0.000187214 0.00140186 0.00726929 0.0261099 0.0650235 0.112705 0.137994 0.125923 0.0996308 0.0844542 0.0767004 0.0644995 0.0494155 0.0372696 0.028929 0.0233579 0.0198136 0.0170261 0.0134543 0.00881623
 3.91275e-11 1.84037e-09 5.99396e-08 1.35179e-06 2.11101e-05 0.000228276 0.00170933 0.0088635 0.0318339 0.079257 0.13723 0.167333 0.150444 0.11413 0.0900815 0.07553 0.0566862 0.035558 0.0201223 0.0115702 0.00716618 0.00482917 0.00346746 0.00243952 0.00149813
 3.74659e-11 1.76222e-09 5.73943e-08 1.29438e-06 2.02137e-05 0.000218583 0.00163675 0.00848738 0.0304858 0.0759287 0.131657 0.161432 0.148004 0.118221 0.100196 0.087155 0.06467 0.0380581 0.0186601 0.00839997 0.0036952 0.00164551 0.00079101 0.000417526 0.000217769
 3.71448e-11 1.74711e-09 5.69024e-08 1.28329e-06 2.00404e-05 0.00021671 0.00162272 0.00841462 0.0302244 0.0752771 0.130524 0.160025 0.146667 0.117106 0.0993979 0.0871014 0.0658716 0.0403152 0.0209605 0.00983705 0.00415479 0.0015357 0.000508242 0.000163745 5.53124e-05
 3.7499e-11 1.76377e-09 5.7445e-08 1.29553e-06 2.02315e-05 0.000218776 0.0016382 0.00849485 0.0305125 0.0759939 0.131762 0.161519 0.147954 0.117934 0.099741 0.0868479 0.0648465 0.0387039 0.0193818 0.00880362 0.00368358 0.00136373 0.000433777 0.000118244 2.81172e-05
 3.84624e-11 1.80909e-09 5.89208e-08 1.32881e-06 2.07513e-05 0.000224396 0.00168028 0.00871298 0.0312948 0.0779305 0.135039 0.165159 0.150087 0.117186 0.0964003 0.0827525 0.0619333 0.0375508 0.019304 0.00898113 0.00378303 0.0013858 0.000432574 0.000114748 2.56352e-05
 3.73994e-11 1.75909e-09 5.72924e-08 1.29209e-06 2.01778e-05 0.000218195 0.00163385 0.00847231 0.0304317 0.0757936 0.131422 0.161139 0.147721 0.117984 0.100051 0.0872518 0.0651683 0.0388755 0.0194365 0.00880089 0.00366582 0.00134966 0.000425666 0.000113379 2.51048e-05
 3.84465e-11 1.80834e-09 5.88965e-08 1.32826e-06 2.07428e-05 0.000224304 0.00167959 0.0087094 0.031282 0.0778994 0.13499 0.165123 0.15013 0.11737 0.0967043 0.0830295 0.0620152 0.0374118 0.0190694 0.00878506 0.00367043 0.00133596 0.000414364 0.00010904 2.40457e-05
 3.79236e-11 1.78374e-09 5.80954e-08 1.31019e-06 2.04606e-05 0.000221253 0.00165674 0.00859098 0.0308573 0.0768473 0.133206 0.163121 0.148888 0.11759 0.0982484 0.0850256 0.0635593 0.0382089 0.0193688 0.00890092 0.00373881 0.00137733 0.000432534 0.000114496 2.51788e-05
 3.61488e-11 1.70026e-09 5.53765e-08 1.24888e-06 1.95031e-05 0.000210899 0.00157922 0.00818909 0.0294155 0.0732736 0.127127 0.156223 0.144337 0.117606 0.10246 0.0910168 0.0688608 0.0418034 0.0214589 0.00998457 0.00422408 0.00155985 0.00049086 0.000130585 2.89379e-05
 3.54325e-11 1.66658e-09 5.42793e-08 1.22413e-06 1.91166e-05 0.00020672 0.00154793 0.00802689 0.0288335 0.0718298 0.124663 0.153387 0.142331 0.11724 0.103618 0.0929728 0.0709108 0.0435805 0.0228107 0.0108535 0.00467738 0.0017508 0.000556578 0.000149154 3.32192e-05
 3.53274e-11 1.66163e-09 5.41183e-08 1.2205e-06 1.90599e-05 0.000206107 0.00154334 0.00800308 0.0287479 0.0716166 0.124292 0.152929 0.141903 0.116889 0.103351 0.0928749 0.071109 0.0440669 0.0233987 0.0113398 0.00498202 0.0019026 0.000617573 0.000168737 3.81713e-05
 3.62628e-11 1.70563e-09 5.55512e-08 1.25282e-06 1.95646e-05 0.000211564 0.00158419 0.00821487 0.0295075 0.0734975 0.127479 0.156483 0.144034 0.11629 0.100274 0.0889855 0.0681712 0.0426831 0.0230912 0.0114431 0.00513488 0.00200208 0.000664478 0.000185801 4.29805e-05
 3.66568e-11 1.72416e-09 5.61548e-08 1.26643e-06 1.97771e-05 0.000213862 0.0016014 0.0083041 0.0298278 0.0742924 0.128839 0.158065 0.145208 0.116645 0.0998491 0.0880593 0.0670004 0.0414824 0.0221012 0.0108287 0.00486208 0.0019198 0.000650138 0.000186017 4.40334e-05
 3.73692e-11 1.75767e-09 5.72462e-08 1.29104e-06 2.01615e-05 0.000218019 0.00163253 0.00846544 0.0304067 0.0757291 0.131294 0.160904 0.147262 0.117141 0.098894 0.086296 0.0650288 0.0396375 0.0205902 0.00978977 0.00428149 0.00165765 0.000554821 0.000158501 3.78443e-05
 3.67348e-11 1.72783e-09 5.62743e-08 1.26913e-06 1.98192e-05 0.000214318 0.00160482 0.00832181 0.0298917 0.0744547 0.129141 0.158535 0.145949 0.117841 0.10141 0.0893041 0.0671032 0.040332 0.0204059 0.00937633 0.00396306 0.00148475 0.000481126 0.000133567 3.12408e-05
 3.60428e-11 1.69528e-09 5.52142e-08 1.24522e-06 1.94459e-05 0.000210281 0.00157459 0.00816508 0.0293291 0.0730576 0.126746 0.155724 0.143784 0.116988 0.101819 0.0906363 0.0690852 0.0426197 0.0224454 0.0107273 0.0046199 0.00172169 0.00054579 0.00014702 3.33139e-05
 3.59996e-11 1.69325e-09 5.51481e-08 1.24373e-06 1.94226e-05 0.000210028 0.0015727 0.00815529 0.0292939 0.0729688 0.126585 0.155498 0.143483 0.116566 0.101295 0.0902118 0.0690237 0.0429821 0.023039 0.011297 0.00501871 0.00193497 0.000632647 0.000173585 3.93627e-05
 3.54128e-11 1.66565e-09 5.42491e-08 1.22345e-06 1.9106e-05 0.000206605 0.00154707 0.00802242 0.0288174 0.0717894 0.124591 0.153291 0.142217 0.117095 0.103437 0.0927982 0.070814 0.0436119 0.0229716 0.0110919 0.00490845 0.00191071 0.000637657 0.000179738 4.19004e-05
 3.61492e-11 1.70028e-09 5.53771e-08 1.24889e-06 1.95033e-05 0.000210901 0.00157923 0.00818914 0.0294153 0.073269 0.127091 0.156051 0.143774 0.116361 0.100648 0.0894661 0.0685471 0.0428713 0.0231322 0.0114141 0.00509515 0.00197857 0.000657179 0.00018542 4.36572e-05
 3.65035e-11 1.71695e-09 5.592e-08 1.26114e-06 1.96945e-05 0.000212968 0.00159471 0.0082694 0.0297034 0.0739848 0.128321 0.1575 0.144917 0.116871 0.100539 0.0888538 0.0675101 0.0415953 0.0219783 0.0106669 0.004751 0.00186329 0.000627096 0.000178552 4.2199e-05
 3.53323e-11 1.66186e-09 5.41257e-08 1.22067e-06 1.90625e-05 0.000206135 0.00154355 0.00800419 0.028752 0.0716277 0.124318 0.15299 0.142051 0.117187 0.103765 0.0931999 0.071109 0.0437288 0.022951 0.0110118 0.00483158 0.00186524 0.000620287 0.000175899 4.17196e-05
 3.50083e-11 1.64662e-09 5.36294e-08 1.20948e-06 1.88877e-05 0.000204245 0.0015294 0.00793082 0.0284887 0.0709744 0.123202 0.1517 0.141119 0.116968 0.104217 0.0940388 0.0720629 0.0446237 0.0236553 0.0114481 0.00503247 0.00193108 0.000634435 0.000177262 4.14779e-05
 3.45501e-11 1.62507e-09 5.29275e-08 1.19365e-06 1.86405e-05 0.000201572 0.00150938 0.00782705 0.0281163 0.0700503 0.121623 0.149874 0.1398 0.116652 0.104836 0.0951777 0.0733346 0.0458112 0.0246248 0.0121115 0.00540103 0.00209638 0.000694126 0.000194358 4.52859e-05
 3.40031e-11 1.59934e-09 5.20895e-08 1.17475e-06 1.83454e-05 0.000198381 0.00148548 0.00770316 0.0276716 0.0689452 0.119724 0.14763 0.138013 0.11581 0.104899 0.0959628 0.0747432 0.0476345 0.0264074 0.0134307 0.00615825 0.00244575 0.000826676 0.000235601 5.56113e-05
 3.37191e-11 1.58598e-09 5.16545e-08 1.16494e-06 1.81922e-05 0.000196724 0.00147308 0.00763883 0.0274407 0.0683718 0.118741 0.146477 0.137126 0.115457 0.105041 0.096418 0.0753804 0.0483787 0.0271622 0.0140748 0.00661112 0.00270376 0.000943609 0.00027717 6.71145e-05
 3.31645e-11 1.5599e-09 5.08049e-08 1.14578e-06 1.7893e-05 0.000193488 0.00144885 0.00751328 0.0269905 0.0672581 0.116862 0.144416 0.136012 0.116138 0.107328 0.0990882 0.0771198 0.0488194 0.0268515 0.0136663 0.00637613 0.00262164 0.000928999 0.000279083 6.93986e-05
 3.33716e-11 1.56964e-09 5.11221e-08 1.15293e-06 1.80047e-05 0.000194696 0.0014579 0.00756016 0.0271586 0.0676746 0.117568 0.145206 0.136494 0.116032 0.1067 0.098314 0.0765815 0.0486054 0.0267916 0.0135982 0.00627968 0.0025434 0.000889325 0.000265763 6.64256e-05
#obs catch len freq
 3.28224e-11 1.54381e-09 5.02809e-08 1.13396e-06 1.77084e-05 0.000191493 0.00143391 0.00743581 0.0267126 0.0665685 0.115685 0.143061 0.135049 0.11595 0.107848 0.099956 0.0779971 0.0495675 0.0274612 0.0141375 0.00670006 0.00281048 0.00102024 0.000315334 8.11814e-05
 3.71345e-11 1.74663e-09 5.68866e-08 1.28294e-06 2.00349e-05 0.000216649 0.00162227 0.00841223 0.0302154 0.0752485 0.130434 0.15973 0.145812 0.115269 0.0967149 0.0847212 0.0651912 0.0416434 0.0233473 0.0121122 0.00572509 0.00237841 0.000855017 0.000262823 6.75381e-05
 3.71029e-11 1.74514e-09 5.68381e-08 1.28184e-06 2.00178e-05 0.000216465 0.00162089 0.00840512 0.0301904 0.0751924 0.130379 0.159857 0.146541 0.117054 0.0993686 0.0869796 0.0655951 0.0400216 0.0209221 0.0101553 0.0046289 0.00190355 0.00068365 0.000209659 5.35906e-05
 3.72473e-11 1.75194e-09 5.70594e-08 1.28683e-06 2.00958e-05 0.000217308 0.0016272 0.00843784 0.0303079 0.0754842 0.130879 0.160444 0.146994 0.117241 0.0993278 0.0868321 0.0654183 0.0397946 0.0205877 0.00973593 0.00424093 0.00164507 0.00055832 0.000164435 4.11315e-05
 3.68111e-11 1.73142e-09 5.63911e-08 1.27176e-06 1.98604e-05 0.000214763 0.00160815 0.00833906 0.0299535 0.0746057 0.129384 0.158744 0.145861 0.117214 0.10032 0.0882755 0.0667361 0.0407375 0.0211715 0.0100444 0.00436208 0.00166768 0.000549275 0.000154788 3.68338e-05
 3.99995e-11 1.88138e-09 6.12754e-08 1.38192e-06 2.15806e-05 0.000233364 0.00174742 0.00906104 0.0325436 0.0810245 0.140296 0.1711 0.153919 0.116928 0.0923887 0.077223 0.0572064 0.0345644 0.0177869 0.00836092 0.00361044 0.00137624 0.000451262 0.000125778 2.93078e-05
 3.74822e-11 1.76298e-09 5.74192e-08 1.29495e-06 2.02225e-05 0.000218678 0.00163746 0.00849106 0.0304991 0.0759611 0.13171 0.161484 0.148008 0.118146 0.100084 0.0871482 0.0649077 0.0385051 0.0190878 0.00858384 0.00358385 0.00133998 0.00043475 0.000120365 2.78735e-05
 3.58295e-11 1.68525e-09 5.48874e-08 1.23785e-06 1.93308e-05 0.000209036 0.00156527 0.00811679 0.0291562 0.0726303 0.12603 0.154966 0.143467 0.117497 0.103059 0.091973 0.0698202 0.0425818 0.0219964 0.0102855 0.00435287 0.00160276 0.00050401 0.000135142 3.05536e-05
 4.00357e-11 1.88309e-09 6.13309e-08 1.38317e-06 2.16001e-05 0.000233575 0.001749 0.00906922 0.0325727 0.0810949 0.140403 0.171156 0.153737 0.116322 0.0914293 0.0763775 0.057009 0.0350859 0.0185994 0.00901383 0.00396174 0.0015121 0.000489279 0.000132878 2.98601e-05
 3.66989e-11 1.72614e-09 5.62192e-08 1.26789e-06 1.97999e-05 0.000214108 0.00160325 0.00831369 0.0298629 0.0743853 0.129038 0.158491 0.146167 0.11852 0.102463 0.0901963 0.0672357 0.0396622 0.0194717 0.00869801 0.00365046 0.00138831 0.000459595 0.00012893 2.9871e-05
 3.71245e-11 1.74616e-09 5.68712e-08 1.28259e-06 2.00295e-05 0.000216591 0.00162184 0.00841002 0.030208 0.0752356 0.13045 0.159926 0.146549 0.116961 0.0992352 0.0869923 0.0659054 0.0405013 0.0212102 0.0100474 0.00427674 0.00157432 0.000495015 0.000133451 3.05067e-05
 3.56749e-11 1.67798e-09 5.46506e-08 1.23251e-06 1.92474e-05 0.000208134 0.00155852 0.00808178 0.0290304 0.0723172 0.125488 0.154305 0.142876 0.117065 0.102777 0.0918898 0.0700483 0.0431376 0.0227247 0.0109641 0.00483267 0.00186151 0.000608942 0.000166804 3.76944e-05
 3.65796e-11 1.72053e-09 5.60364e-08 1.26376e-06 1.97355e-05 0.000213412 0.00159803 0.00828661 0.0297652 0.074137 0.128574 0.157765 0.145011 0.11665 0.100045 0.0883501 0.0672801 0.0416875 0.022207 0.0108449 0.0048306 0.00188452 0.000629351 0.000177555 4.14315e-05
 3.65704e-11 1.7201e-09 5.60224e-08 1.26345e-06 1.97306e-05 0.000213359 0.00159763 0.00828455 0.0297578 0.0741193 0.128548 0.157754 0.145067 0.116824 0.100313 0.0885697 0.0672962 0.0414955 0.0219576 0.0106777 0.00476725 0.0018762 0.000634692 0.000181843 4.32121e-05
 3.81845e-11 1.79601e-09 5.8495e-08 1.31921e-06 2.06014e-05 0.000222775 0.00166814 0.00865003 0.0310689 0.0773682 0.134068 0.16399 0.149084 0.116542 0.0961029 0.0828225 0.0624749 0.0385285 0.0204421 0.00995905 0.00444245 0.00174429 0.000589674 0.000169552 4.0631e-05
 3.71696e-11 1.74828e-09 5.69403e-08 1.28415e-06 2.00538e-05 0.000216854 0.00162381 0.00842025 0.0302449 0.0753295 0.130626 0.160204 0.146997 0.117687 0.10015 0.0876101 0.0656878 0.0394925 0.0200595 0.0093251 0.00403168 0.00156063 0.00052465 0.000150454 3.6014e-05
 3.58223e-11 1.68491e-09 5.48764e-08 1.2376e-06 1.9327e-05 0.000208994 0.00156496 0.00811517 0.0291504 0.072616 0.126007 0.154946 0.143474 0.117551 0.103146 0.0920307 0.0697879 0.0424735 0.0218969 0.0102585 0.00438607 0.00164849 0.000534145 0.000148417 3.48161e-05
 3.58939e-11 1.68828e-09 5.4986e-08 1.24007e-06 1.93655e-05 0.000209412 0.00156808 0.00813134 0.0292081 0.0727556 0.126221 0.155079 0.143188 0.116514 0.101474 0.0905202 0.0693575 0.0432734 0.0232431 0.0114002 0.00505022 0.00193847 0.000632329 0.000174206 4.00132e-05
 3.63305e-11 1.70881e-09 5.56549e-08 1.25516e-06 1.96011e-05 0.000211959 0.00158715 0.00823022 0.0295628 0.0736353 0.12772 0.15679 0.144351 0.116603 0.100555 0.0890935 0.0679422 0.0421605 0.0225421 0.0110972 0.00500646 0.00198316 0.000671287 0.00019098 4.47523e-05
 3.42294e-11 1.60999e-09 5.24362e-08 1.18257e-06 1.84675e-05 0.000199701 0.00149537 0.00775444 0.027856 0.0694056 0.120531 0.148658 0.139074 0.116865 0.105888 0.0964665 0.0742344 0.0461534 0.024659 0.0121138 0.00545519 0.0021649 0.000739943 0.000214662 5.16686e-05
 3.7338e-11 1.7562e-09 5.71983e-08 1.28997e-06 2.01447e-05 0.000217837 0.00163116 0.00845833 0.0303809 0.07566 0.131144 0.16058 0.146525 0.115694 0.096868 0.0846225 0.0648052 0.0409986 0.0226026 0.0114552 0.00525617 0.00210063 0.000719185 0.000209048 5.06215e-05
 3.62571e-11 1.70536e-09 5.55424e-08 1.25262e-06 1.95615e-05 0.00021153 0.00158394 0.0082136 0.0295035 0.0734905 0.12749 0.156607 0.144495 0.117334 0.101773 0.0901831 0.0682113 0.0415297 0.0215736 0.0103603 0.0046511 0.00187276 0.000653698 0.000193348 4.73303e-05
 3.5044e-11 1.6483e-09 5.3684e-08 1.21071e-06 1.8907e-05 0.000204453 0.00153095 0.0079389 0.0285178 0.0710465 0.123326 0.151849 0.141244 0.11704 0.104235 0.0939973 0.0719503 0.0444563 0.0234896 0.0113399 0.00499398 0.00193581 0.000650249 0.000188063 4.58869e-05
 3.59015e-11 1.68863e-09 5.49977e-08 1.24034e-06 1.93697e-05 0.000209456 0.00156841 0.00813306 0.0292142 0.0727705 0.126244 0.155092 0.14315 0.116387 0.101261 0.0903007 0.0692334 0.0432897 0.0233711 0.011575 0.00520817 0.00204409 0.000685976 0.000195218 4.64267e-05
 3.40929e-11 1.60356e-09 5.22271e-08 1.17785e-06 1.83939e-05 0.000198904 0.00148941 0.00772351 0.027745 0.0691294 0.120055 0.148087 0.138594 0.116579 0.105791 0.0965577 0.0745475 0.0466549 0.0252039 0.0125474 0.00571856 0.00228966 0.00078607 0.000227939 5.4705e-05
 3.60897e-11 1.69748e-09 5.5286e-08 1.24684e-06 1.94712e-05 0.000210554 0.00157663 0.00817563 0.0293666 0.0731444 0.126854 0.155663 0.143113 0.115238 0.0991446 0.0882322 0.0683714 0.043878 0.0246813 0.0127794 0.00597229 0.00242571 0.000843138 0.000248241 6.06482e-05
 3.30487e-11 1.55445e-09 5.06274e-08 1.14178e-06 1.78305e-05 0.000192813 0.0014438 0.00748707 0.0268969 0.0670284 0.116489 0.144078 0.136077 0.116934 0.108743 0.100404 0.0775383 0.0482322 0.0258639 0.0128934 0.00598351 0.00247655 0.000885568 0.000267497 6.66481e-05
 3.40534e-11 1.60171e-09 5.21666e-08 1.17649e-06 1.83726e-05 0.000198674 0.00148768 0.00771454 0.0277124 0.0690445 0.119882 0.147757 0.13792 0.115317 0.104064 0.0951808 0.0744656 0.0479395 0.0269801 0.0139376 0.00648563 0.00262867 0.000919516 0.000275846 6.93984e-05
#spawning biomass
 20723.2 19321.2 20677.1 25621.5 22818.3 26451.5 29058.9 31165.3 37909.3 45216.8 45324.7 44174.1 48460.9 56074.5 59062.3 58037.1 67492.6 78351.7 78998.4 86659.1 92625 99775.2 94503.7 92216.8 102250 112343 101497 86177.1 65936.4 121345 89230.1 59738.2 42294 33328.1 29060.8 27123.3 26269.9 25901.4 25744.5 25678.3 25650.5 25638.9 25634 25632 25631.2 25630.9 25630.7 25630.7 25630.6 25630.6 25630.6 25630.6 25630.6 25630.6 25630.6 25630.6 25630.6 25630.6 25630.6 25630.6 25630.6 25630.6 25630.6 25630.6 25630.6 25630.6 25630.6 25630.6 25630.6 25630.6 25630.6 25630.6 25630.6 25630.6 25630.6 25630.6 25630.6 25630.6 25630.6 25630.6 25630.6 25630.6 25630.6 25630.6 25630.6 25630.6 25630.6 25630.6 25630.6 25630.6 25630.6 25630.6 25630.6 25630.6 25630.6 25630.6 25630.6 25630.6 25630.6 25630.6 25630.6 25630.6 25630.6 25630.6 25630.6 25630.6 25630.6 25630.6 25630.6 25630.6 25630.6 25630.6 25630.6 25630.6 25630.6 25630.6 25630.6 25630.6 25630.6 25630.6 25630.6 25630.6 25630.6 25630.6 25630.6 25630.6 25630.6 25630.6 0 0 0 0 0 0 0 0 0 0 0 0 0 0 0 0 0 0 0 0 0 0 0 0 0
