SBPRF35
0.256306
Curr Bio
183205
B35
199701
F35
0.39612
FOFL
0.385556
OFL
70371.2
Bzero
73230.3
#pred survey bio
 25759.8 23843.6 18167.4 15443.4 23029.1 35780.4 50765.4 64505.8 86465.3 112750 143518 172550 191838 229028 232751 179844 189885 190358 174033 185725 195443 207265 233964 227289 235878 249886 259600 256891 268054 9.79205e+06 5.31398e+06 3.81292e+06 2.57545e+06 1.7717e+06 1.30354e+06 1.04538e+06 906319 831622 791014 768443 755536 747926 743304 740421 738581 737394 736618 736106 735764 735536 735383 735280 735211 735164 735132 735111 735096 735087 735080 735075 735072 735070 735069 735068 735067 735067 735067 735066 735066 735066 735066 735066 735066 735066 735066 735066 735066 735066 735066 735066 735066 735066 735066 735066 735066 735066 735066 735066 735066 735066 735066 735066 735066 735066 735066 735066 735066 735066 735066 735066 735066 735066 735066 735066 735066 735066 735066 735066 735066 735066 735066 735066 735066 735066 735066 735066 735066 735066 735066 735066 735066 735066 735066 735066 735066 735066 735066 735066 735066 0 0 0 0 0 0 0 0 0 0 0 0 0 0 0 0 0 0 0 0 0 0 0 0 0
#obs survey bio
 17559.8 19704.6 16149.9 18832.1 30276.5 35788.1 62240.6 49207.6 88584.9 135155 155053 208589 180574 245534 185391 137226 121687 158097 156313 164234 203122 221311 247700 283399 210274 259153 250582 224228 306017
#pred catch bio
 3011.03 4321.73 3828.32 2927.14 4709.42 7165.29 12324.2 16906.2 24474.1 36902.4 54629.2 72483.6 69976.3 93201.8 122715 73211.2 83118.4 91070.5 69717.8 76834.1 84491.7 83205.8 105813 92965.7 93289.8 96274.7 105280 101805 105017 70371.2 67067.1 46664.3 30244.8 19975.6 14269.3 11309.6 9839.29 9129.06 8792.32 8634.65 8561.47 8527.69 8512.17 8505.05 8501.8 8500.31 8499.64 8499.33 8499.19 8499.13 8499.1 8499.08 8499.08 8499.08 8499.07 8499.07 8499.07 8499.07 8499.07 8499.07 8499.07 8499.07 8499.07 8499.07 8499.07 8499.07 8499.07 8499.07 8499.07 8499.07 8499.07 8499.07 8499.07 8499.07 8499.07 8499.07 8499.07 8499.07 8499.07 8499.07 8499.07 8499.07 8499.07 8499.07 8499.07 8499.07 8499.07 8499.07 8499.07 8499.07 8499.07 8499.07 8499.07 8499.07 8499.07 8499.07 8499.07 8499.07 8499.07 8499.07 8499.07 8499.07 8499.07 8499.07 8499.07 8499.07 8499.07 8499.07 8499.07 8499.07 8499.07 8499.07 8499.07 8499.07 8499.07 8499.07 8499.07 8499.07 8499.07 8499.07 8499.07 8499.07 8499.07 8499.07 8499.07 8499.07 8499.07 8499.07 8499.07 0 0 0 0 0 0 0 0 0 0 0 0 0 0 0 0 0 0 0 0 0 0 0 0 0
#obs catch bio
 3439.29 4512.56 4093.16 2962.39 4640.86 7020.62 11800.5 16461.7 23287.5 34711.9 52261.6 68698.6 69169.4 90748 121172 73633.2 88825.8 96118.8 70664.7 79460.7 86096.8 85013.7 107541 85585.1 89645.5 93055.3 104077 102178 104909
#pred cpue bio
 24771.6 23436.4 17974.1 14692.7 20706.4 32786 47080.6 59954.7 79285.1 103783 131133 157234 175064 209959 215395 165779 174326 174743 159851 170843 179353 189177 213994 209054 217243 230143 240394 237659 246790 9.04316e+06 5.24693e+06 3.77606e+06 2.53958e+06 1.73585e+06 1.2677e+06 1.00954e+06 870476 795778 755171 732599 719692 712082 707460 704577 702737 701551 700775 700262 699921 699693 699540 699437 699367 699320 699289 699267 699253 699243 699237 699232 699229 699227 699226 699225 699224 699224 699223 699223 699223 699223 699223 699223 699223 699223 699223 699223 699223 699223 699223 699223 699223 699223 699223 699223 699223 699223 699223 699223 699223 699223 699223 699223 699223 699223 699223 699223 699223 699223 699223 699223 699223 699223 699223 699223 699223 699223 699223 699223 699223 699223 699223 699223 699223 699223 699223 699223 699223 699223 699223 699223 699223 699223 699223 699223 699223 699223 699223 699223 699223 0 0 0 0 0 0 0 0 0 0 0 0 0 0 0 0 0 0 0 0 0 0 0 0 0
#obs cpue bio
 26536.9 21411.8 11092.1 19901.8 26995.5 33446.7 59982.8 71498.7 107007 113124 123701 171825 141401 247308 302671 160223 179991 202877 164948 163697 177860 147106 222377 337289 233508 247728 237737 246428 223042
#pred surv len freq
 2.48375e-11 1.16824e-09 3.80488e-08 8.58095e-07 1.34004e-05 0.000144907 0.00108507 0.00562678 0.0202128 0.0503622 0.087461 0.107885 0.101044 0.0855622 0.0800118 0.0793656 0.0736972 0.0645735 0.0559207 0.0479268 0.040632 0.0344677 0.0286277 0.0216758 0.0137034
 1.14344e-11 5.37819e-10 1.75164e-08 3.9504e-07 6.16915e-06 6.67122e-05 0.000499582 0.00259142 0.00932007 0.0233307 0.041261 0.054398 0.062134 0.0754694 0.0961821 0.108932 0.105085 0.09306 0.0809112 0.0690314 0.057053 0.0457732 0.0352318 0.0248059 0.0148564
 8.95594e-12 4.21245e-10 1.37197e-08 3.09413e-07 4.83194e-06 5.22513e-05 0.000391275 0.0020293 0.00729399 0.0182154 0.0319202 0.04074 0.0426636 0.0461958 0.0580179 0.075315 0.0935797 0.108472 0.112869 0.104136 0.0874609 0.0686508 0.0502287 0.0331238 0.0186385
 3.3318e-11 1.56712e-09 5.10401e-08 1.15108e-06 1.79758e-05 0.000194382 0.0014555 0.00754687 0.0270985 0.0674019 0.116257 0.139663 0.118882 0.076479 0.045217 0.0335522 0.0340345 0.0409908 0.0508177 0.0581835 0.0581808 0.0501077 0.0372902 0.0238555 0.0127732
 4.39549e-11 2.06743e-09 6.73348e-08 1.51857e-06 2.37146e-05 0.000256439 0.00192019 0.00995643 0.0357526 0.088949 0.15357 0.185175 0.159797 0.107189 0.0676684 0.0470208 0.0327195 0.0211157 0.0151435 0.0145937 0.0159945 0.0159946 0.0133328 0.00899464 0.00483073
 3.61867e-11 1.70205e-09 5.54347e-08 1.25019e-06 1.95235e-05 0.00021112 0.00158087 0.00819755 0.0294443 0.0733297 0.127118 0.155713 0.142284 0.112763 0.0949187 0.0832508 0.0639771 0.0407998 0.0232171 0.0133773 0.00900009 0.00740132 0.00627316 0.00454494 0.00257833
 3.34694e-11 1.57424e-09 5.12721e-08 1.15631e-06 1.80575e-05 0.000195267 0.00146216 0.00758201 0.0272336 0.0678268 0.117596 0.144139 0.132044 0.105619 0.0911743 0.0844433 0.0723905 0.0554839 0.0388509 0.024418 0.0136402 0.00734712 0.00432524 0.00269989 0.00150865
 3.3433e-11 1.57253e-09 5.12162e-08 1.15505e-06 1.80378e-05 0.000195054 0.00146056 0.00757368 0.027203 0.0677434 0.117404 0.143675 0.130889 0.103183 0.0873396 0.0801351 0.0692128 0.0549397 0.0416558 0.0296368 0.0188087 0.0104012 0.00511641 0.00236323 0.00104591
 3.73645e-11 1.75745e-09 5.72389e-08 1.29088e-06 2.0159e-05 0.000217991 0.0016323 0.008464 0.0303977 0.0756677 0.130922 0.159208 0.141786 0.104947 0.0806185 0.0690408 0.0577096 0.0449753 0.0340205 0.0248981 0.0168594 0.0101469 0.00526686 0.00232331 0.000875569
 3.56337e-11 1.67604e-09 5.45875e-08 1.23108e-06 1.92252e-05 0.000207893 0.0015567 0.00807216 0.0289928 0.0721942 0.125074 0.152858 0.138573 0.107678 0.0887169 0.0784185 0.0638506 0.0464106 0.0323738 0.0224669 0.0150317 0.00926979 0.00504175 0.00231868 0.000874129
 3.76686e-11 1.77175e-09 5.77048e-08 1.30139e-06 2.0323e-05 0.000219765 0.00164559 0.00853294 0.0306457 0.0762896 0.132029 0.160699 0.143576 0.107227 0.0834318 0.0716669 0.0589872 0.0442117 0.0313683 0.0212343 0.0134354 0.00787519 0.0041994 0.00195149 0.000752223
 3.79458e-11 1.78479e-09 5.81295e-08 1.31096e-06 2.04726e-05 0.000221382 0.0016577 0.00859577 0.0308717 0.0768561 0.133036 0.162044 0.145155 0.10914 0.085558 0.0731137 0.0586804 0.0421755 0.0287974 0.0191946 0.0120915 0.00696694 0.00359321 0.00161646 0.000612661
 3.7388e-11 1.75855e-09 5.7275e-08 1.29169e-06 2.01717e-05 0.000218128 0.00163334 0.00846947 0.0304187 0.0757343 0.131134 0.159921 0.143873 0.10949 0.0874562 0.0757005 0.0609769 0.0436233 0.0292816 0.0189292 0.0115052 0.00642844 0.00323632 0.00142236 0.000526064
 3.63299e-11 1.70878e-09 5.5654e-08 1.25514e-06 1.96008e-05 0.000211955 0.00158711 0.00822982 0.0295586 0.0735991 0.127479 0.155663 0.140689 0.108459 0.0884447 0.0779505 0.0638377 0.0466531 0.031996 0.0208821 0.0125868 0.00686667 0.00334796 0.0014249 0.000512301
 3.3847e-11 1.592e-09 5.18505e-08 1.16936e-06 1.82612e-05 0.00019747 0.00147865 0.00766756 0.0275411 0.0685941 0.118938 0.145835 0.133743 0.107181 0.0923599 0.0843917 0.0702847 0.0520629 0.0363199 0.0241742 0.0148353 0.00817169 0.00396637 0.00165751 0.00058044
 3.52377e-11 1.65741e-09 5.39809e-08 1.2174e-06 1.90115e-05 0.000205583 0.0015394 0.00798246 0.0286706 0.0713916 0.123682 0.151148 0.13701 0.106504 0.0880754 0.078801 0.0658159 0.0496196 0.0354273 0.0240827 0.0150591 0.00844518 0.0041595 0.00174996 0.000610499
 3.63802e-11 1.71115e-09 5.5731e-08 1.25687e-06 1.96279e-05 0.000212248 0.00158931 0.00824117 0.0295989 0.0736942 0.12761 0.15566 0.14017 0.106996 0.0860705 0.0754739 0.0623325 0.0466332 0.0332568 0.0228412 0.014572 0.00836904 0.00421504 0.00180565 0.000637705
 3.61633e-11 1.70095e-09 5.53988e-08 1.24938e-06 1.95109e-05 0.000210983 0.00157983 0.00819209 0.0294231 0.0732621 0.126899 0.154967 0.140099 0.108076 0.0881772 0.0776346 0.0634151 0.0463102 0.0320916 0.0215959 0.0136853 0.00790857 0.0040464 0.00176868 0.000637018
 3.59178e-11 1.6894e-09 5.50227e-08 1.2409e-06 1.93784e-05 0.000209551 0.00156911 0.0081365 0.0292238 0.0727682 0.12606 0.154023 0.139506 0.108171 0.088942 0.0787608 0.0645394 0.0471571 0.0324755 0.021496 0.0133091 0.00753389 0.0038167 0.00167236 0.000609098
 3.56682e-11 1.67766e-09 5.46404e-08 1.23228e-06 1.92438e-05 0.000208095 0.00155821 0.00807997 0.0290207 0.0722619 0.12518 0.152933 0.138475 0.107306 0.0882621 0.0784836 0.0649946 0.0483488 0.0339564 0.0227397 0.0140714 0.00787489 0.00392166 0.00169204 0.000611197
 3.63727e-11 1.7108e-09 5.57196e-08 1.25662e-06 1.96239e-05 0.000212205 0.00158898 0.00823949 0.029593 0.0736809 0.127596 0.155686 0.140329 0.107398 0.0867098 0.0761396 0.0627416 0.0466468 0.0329214 0.0223019 0.0140071 0.00792854 0.0039577 0.00169619 0.000605812
 3.76401e-11 1.77041e-09 5.76612e-08 1.3004e-06 2.03077e-05 0.000219599 0.00164435 0.00852653 0.0306231 0.0762375 0.131968 0.160758 0.144052 0.10844 0.0852674 0.073294 0.0594596 0.0434415 0.0301267 0.0202044 0.012689 0.00723643 0.00364968 0.00157659 0.000564376
 3.69026e-11 1.73572e-09 5.65314e-08 1.27492e-06 1.99098e-05 0.000215296 0.00161213 0.00835954 0.0300242 0.0747549 0.129458 0.157969 0.142416 0.109017 0.0878734 0.076595 0.0620103 0.0446823 0.0303455 0.0199152 0.0122815 0.00692123 0.00347799 0.00150714 0.000542744
 3.54085e-11 1.66545e-09 5.42426e-08 1.22331e-06 1.91037e-05 0.00020658 0.00154687 0.00802119 0.0288102 0.0717439 0.124324 0.15208 0.138319 0.108443 0.09057 0.0809294 0.066373 0.0482773 0.0329465 0.0215077 0.013056 0.00720639 0.00355371 0.0015209 0.000544775
 3.53765e-11 1.66394e-09 5.41935e-08 1.2222e-06 1.90864e-05 0.000206393 0.00154547 0.00801389 0.0287835 0.0716726 0.124167 0.151736 0.137523 0.10686 0.0883093 0.0789412 0.0658239 0.0494287 0.0350028 0.0234788 0.014431 0.00796007 0.0038831 0.00163557 0.00057688
 3.54831e-11 1.66895e-09 5.43568e-08 1.22588e-06 1.91439e-05 0.000207014 0.00155012 0.00803802 0.02887 0.0718867 0.12453 0.152137 0.137751 0.106742 0.087813 0.0781605 0.064924 0.048672 0.0347091 0.0237608 0.0150411 0.0085328 0.00423553 0.00179152 0.000628225
 3.39541e-11 1.59704e-09 5.20145e-08 1.17306e-06 1.8319e-05 0.000198094 0.00148333 0.00769178 0.0276277 0.0688059 0.119279 0.146127 0.133612 0.106263 0.0906845 0.0825527 0.0690324 0.0517421 0.036824 0.025219 0.0160832 0.00927836 0.0047131 0.00203847 0.000725938
 3.44901e-11 1.62225e-09 5.28356e-08 1.19157e-06 1.86082e-05 0.000201221 0.00150674 0.00781312 0.0280627 0.0698809 0.121085 0.148069 0.134527 0.105242 0.0879238 0.0794363 0.0670846 0.0514018 0.0374466 0.0260124 0.0166879 0.00967369 0.00495956 0.00217711 0.000789243
 3.58292e-11 1.68523e-09 5.4887e-08 1.23784e-06 1.93306e-05 0.000209034 0.00156524 0.00811637 0.0291509 0.072581 0.125697 0.153396 0.138357 0.1061 0.0859949 0.0759346 0.063178 0.0478086 0.0346517 0.0242671 0.0158373 0.00934154 0.00485255 0.00215247 0.000788871
#obs surv len freq
 2.29223e-11 1.07815e-09 3.51147e-08 7.91926e-07 1.23671e-05 0.000133733 0.00100141 0.00519302 0.0186562 0.0464983 0.0808509 0.100203 0.0953518 0.0837919 0.0816987 0.0826447 0.0771197 0.0681568 0.0606053 0.0540518 0.0469463 0.0386543 0.0290903 0.0190499 0.0102889
 1.05649e-15 4.97618e-14 1.62974e-12 3.7564e-11 6.3681e-10 9.04207e-09 1.31826e-07 2.00413e-06 2.60316e-05 0.00025081 0.0017059 0.00808726 0.0267052 0.0618304 0.102271 0.126343 0.127136 0.116682 0.104479 0.0913538 0.0773365 0.0626187 0.0466742 0.0302951 0.0162021
 1.17362e-11 5.52015e-10 1.79788e-08 4.05467e-07 6.33194e-06 6.84706e-05 0.000512693 0.00265826 0.00954386 0.0237269 0.0408487 0.0487388 0.0406266 0.025598 0.0200859 0.0348756 0.0686734 0.105755 0.126537 0.125259 0.10981 0.0884467 0.0648372 0.0414622 0.0219289
 5.14729e-11 2.42104e-09 7.88515e-08 1.7783e-06 2.77707e-05 0.000300299 0.00224858 0.0116587 0.0418591 0.104076 0.179243 0.214039 0.177908 0.104501 0.0458412 0.0177575 0.00855757 0.00749434 0.0106286 0.0150454 0.0174237 0.0163178 0.0126449 0.00814942 0.00427597
 3.30196e-11 1.55308e-09 5.0583e-08 1.14077e-06 1.78148e-05 0.000192643 0.00144253 0.00748057 0.0268743 0.0669804 0.116461 0.144301 0.137071 0.119164 0.111505 0.1011 0.0734109 0.0396742 0.0170201 0.00827688 0.00709535 0.00754477 0.006851 0.0048693 0.00266734
 4.0622e-11 1.91066e-09 6.22291e-08 1.40342e-06 2.19165e-05 0.000236995 0.0017746 0.00920167 0.0330445 0.0822307 0.142105 0.171993 0.150567 0.106034 0.0752118 0.0620666 0.0534548 0.043156 0.0308999 0.0184382 0.00915538 0.00452083 0.00282204 0.00193915 0.00112505
 2.64241e-11 1.24286e-09 4.04792e-08 9.12909e-07 1.42564e-05 0.000154164 0.00115441 0.00598672 0.0215115 0.0536532 0.0935534 0.117165 0.115288 0.108448 0.111407 0.109798 0.0906182 0.063991 0.043118 0.0289606 0.0180322 0.00967541 0.00452577 0.00202898 0.000914661
 4.20293e-11 1.97686e-09 6.43849e-08 1.45204e-06 2.26757e-05 0.000245205 0.00183607 0.00952023 0.0341862 0.0850497 0.146825 0.176991 0.152628 0.102511 0.0663831 0.0515044 0.0455369 0.040259 0.0329993 0.0238049 0.0149597 0.00831471 0.00407048 0.00172158 0.000629287
 3.46926e-11 1.63177e-09 5.31458e-08 1.19857e-06 1.87175e-05 0.000202403 0.0015156 0.00785917 0.02823 0.070315 0.121958 0.149703 0.137786 0.111241 0.0959861 0.0855266 0.0666556 0.0444747 0.0287927 0.0199734 0.0138927 0.00864877 0.0045422 0.00197347 0.000703971
 3.90379e-11 1.83616e-09 5.98024e-08 1.3487e-06 2.10618e-05 0.000227754 0.0017054 0.008843 0.0317581 0.0790457 0.136711 0.165986 0.14698 0.10702 0.0800683 0.0674307 0.0560705 0.0429282 0.0305274 0.0199871 0.0120217 0.00680802 0.00358876 0.00164938 0.000619508
 3.92991e-11 1.84844e-09 6.02024e-08 1.35772e-06 2.12027e-05 0.000229277 0.00171681 0.00890222 0.0319716 0.0795848 0.137696 0.167428 0.149027 0.110019 0.0836577 0.0697156 0.0550197 0.0389509 0.0263355 0.0175359 0.0110058 0.00622049 0.00310662 0.00135341 0.000500212
 3.86411e-11 1.81749e-09 5.91946e-08 1.33499e-06 2.08477e-05 0.000225439 0.00168808 0.00875325 0.0314372 0.0782613 0.135452 0.164914 0.147486 0.110374 0.0858369 0.0727779 0.0578454 0.0407698 0.0268511 0.0170358 0.0102008 0.00563164 0.00279648 0.00120488 0.000434486
 3.71233e-11 1.7461e-09 5.68694e-08 1.28255e-06 2.00289e-05 0.000216584 0.00162177 0.00840952 0.0302038 0.0752011 0.130226 0.158886 0.143177 0.109464 0.0880852 0.0767235 0.0621126 0.0446514 0.0299844 0.0191522 0.0113035 0.00603907 0.00288744 0.00120703 0.000426222
 3.54489e-11 1.66735e-09 5.43044e-08 1.2247e-06 1.91255e-05 0.000206815 0.00154863 0.00803033 0.0288429 0.0718232 0.124448 0.152173 0.138217 0.107993 0.0898326 0.0802848 0.0662609 0.0487751 0.03371 0.0221137 0.0133053 0.00716007 0.00339243 0.00138547 0.000475093
 3.3753e-11 1.58758e-09 5.17064e-08 1.16611e-06 1.82105e-05 0.000196921 0.00147455 0.00764623 0.0274643 0.0684003 0.118585 0.145322 0.133023 0.106117 0.0910059 0.0832761 0.070081 0.052916 0.0377405 0.0255546 0.0158461 0.00876238 0.00423332 0.00174154 0.00059371
 3.62749e-11 1.7062e-09 5.55697e-08 1.25324e-06 1.95711e-05 0.000211634 0.00158471 0.00821729 0.0295128 0.0734759 0.127205 0.155045 0.13923 0.105513 0.0841361 0.073886 0.0620815 0.0478986 0.0352698 0.0246969 0.0158451 0.00907009 0.00452524 0.00191104 0.000663017
 3.49023e-11 1.64164e-09 5.3467e-08 1.20582e-06 1.88306e-05 0.000203626 0.00152475 0.00790652 0.0283985 0.0707193 0.122554 0.149942 0.136461 0.107168 0.0897283 0.0803523 0.0661547 0.0487209 0.0343222 0.0236984 0.0154563 0.00913728 0.00472707 0.00206621 0.000738548
 3.59946e-11 1.69301e-09 5.51403e-08 1.24355e-06 1.94199e-05 0.000209999 0.00157246 0.00815383 0.0292854 0.0729144 0.126266 0.154052 0.138827 0.106221 0.0858674 0.0758518 0.0633449 0.0480527 0.0345505 0.0236699 0.0150565 0.00875223 0.00454933 0.00203331 0.000748651
 3.45463e-11 1.62489e-09 5.29216e-08 1.19352e-06 1.86385e-05 0.000201549 0.0015092 0.00782588 0.0281091 0.0700004 0.121321 0.148497 0.135352 0.106744 0.0899738 0.0811105 0.0672936 0.0500299 0.0354327 0.0243168 0.0156145 0.0090953 0.00469473 0.00208661 0.000771639
 3.54799e-11 1.66881e-09 5.43519e-08 1.22577e-06 1.91422e-05 0.000206996 0.00154998 0.00803727 0.0288671 0.0718761 0.124489 0.151987 0.137296 0.105752 0.0863685 0.0768859 0.0645439 0.0492687 0.0357164 0.0246655 0.0157551 0.00913408 0.00471186 0.0020944 0.000773875
 3.61512e-11 1.70038e-09 5.53803e-08 1.24896e-06 1.95044e-05 0.000210913 0.00157931 0.00818932 0.0294129 0.0732323 0.126819 0.154739 0.13948 0.10676 0.0862234 0.0757783 0.0625993 0.0468546 0.0335472 0.0232666 0.0150763 0.00884388 0.0045806 0.00203469 0.000750743
 3.82357e-11 1.79842e-09 5.85734e-08 1.32098e-06 2.0629e-05 0.000223073 0.00167036 0.00866136 0.0311068 0.0774345 0.133993 0.163004 0.145358 0.10794 0.0831112 0.0705736 0.0573485 0.0423685 0.0298392 0.0203335 0.0130109 0.00760963 0.0039619 0.0017728 0.000657333
 3.51047e-11 1.65115e-09 5.3777e-08 1.21281e-06 1.89397e-05 0.000204807 0.00153359 0.00795239 0.0285636 0.0711335 0.123293 0.150948 0.137699 0.108783 0.0917177 0.0821289 0.066858 0.047977 0.0324531 0.0213742 0.0133455 0.00766362 0.00394231 0.00175573 0.000651675
 3.68507e-11 1.73328e-09 5.64518e-08 1.27313e-06 1.98818e-05 0.000214993 0.00160986 0.0083477 0.0299811 0.0746405 0.129213 0.157451 0.141258 0.106755 0.0847139 0.0739826 0.0616441 0.0467583 0.0334085 0.0224415 0.0137847 0.00766681 0.00382716 0.00166849 0.00061154
 3.61688e-11 1.70121e-09 5.54072e-08 1.24957e-06 1.95139e-05 0.000211015 0.00158008 0.00819333 0.0294277 0.0732727 0.126913 0.154969 0.140052 0.107936 0.087941 0.077374 0.0632528 0.0463595 0.0323743 0.0219695 0.0139289 0.00794153 0.00397052 0.00170145 0.000609522
 3.56626e-11 1.6774e-09 5.46317e-08 1.23208e-06 1.92408e-05 0.000208062 0.00155796 0.00807868 0.0290161 0.07225 0.125157 0.152893 0.138402 0.107173 0.0880656 0.0782727 0.0648329 0.0482629 0.0339566 0.022857 0.0143075 0.00814398 0.00411758 0.00178621 0.000641632
 3.2662e-11 1.53626e-09 5.00351e-08 1.12842e-06 1.76219e-05 0.000190556 0.00142689 0.00739918 0.0265779 0.0662019 0.114837 0.141028 0.130049 0.105722 0.0929374 0.0861934 0.0726935 0.0547815 0.0390871 0.0266812 0.0168542 0.0096102 0.00484825 0.00210316 0.000758451
 3.61694e-11 1.70123e-09 5.5408e-08 1.24959e-06 1.95142e-05 0.000211018 0.0015801 0.00819335 0.0294266 0.0732588 0.126813 0.154487 0.13848 0.104449 0.0828132 0.0728198 0.0619173 0.0487324 0.0365748 0.0259054 0.016746 0.00969738 0.00494119 0.00215423 0.000778457
 3.49966e-11 1.64607e-09 5.36115e-08 1.20908e-06 1.88815e-05 0.000204177 0.00152887 0.00792787 0.028475 0.0709082 0.12287 0.150277 0.1366 0.106928 0.0891038 0.0795362 0.0654092 0.0482583 0.0342677 0.0240228 0.0159589 0.00959701 0.00504256 0.00224295 0.000820182
#pred catch len freq
 2.19369e-11 1.03181e-09 3.36053e-08 7.57883e-07 1.18355e-05 0.000127985 0.000958363 0.00496987 0.0178552 0.04451 0.0774477 0.0962384 0.0923905 0.0828473 0.0826684 0.0848179 0.0797052 0.0701959 0.0609647 0.0523226 0.0443821 0.0376552 0.0312766 0.0236817 0.0149716
 9.73851e-12 4.58053e-10 1.49185e-08 3.3645e-07 5.25419e-06 5.68182e-05 0.0004255 0.00220735 0.00794163 0.0199087 0.0354031 0.0475727 0.0570219 0.0737659 0.0975671 0.111981 0.108588 0.0964973 0.0841094 0.0718519 0.0594132 0.0476743 0.0366969 0.0258378 0.0154744
 7.58663e-12 3.56839e-10 1.1622e-08 2.62105e-07 4.09317e-06 4.42626e-05 0.000331458 0.00171917 0.00618069 0.0154493 0.0271693 0.0351292 0.038211 0.0440951 0.0580478 0.0767447 0.0959568 0.11153 0.116194 0.107262 0.0901061 0.070734 0.0517549 0.0341307 0.0192051
 3.048e-11 1.43363e-09 4.66925e-08 1.05303e-06 1.64446e-05 0.000177825 0.00133153 0.00690408 0.024791 0.0616689 0.106412 0.128039 0.109662 0.0721014 0.0450637 0.0357939 0.037535 0.0456088 0.0566627 0.064912 0.0649192 0.0559139 0.0416119 0.0266203 0.0142536
 4.18362e-11 1.96777e-09 6.40891e-08 1.44537e-06 2.25715e-05 0.000244079 0.00182764 0.00947663 0.034031 0.0846782 0.146282 0.17679 0.153871 0.106072 0.0708437 0.0519829 0.0371068 0.024172 0.0174262 0.0168428 0.0184752 0.0184782 0.0154034 0.0103916 0.00558098
 3.35718e-11 1.57905e-09 5.14288e-08 1.15985e-06 1.81127e-05 0.000195864 0.00146664 0.00760539 0.0273198 0.0680631 0.118154 0.145512 0.135457 0.112505 0.100655 0.0914961 0.0712128 0.0456333 0.0260536 0.0150526 0.0101435 0.00834625 0.0070749 0.00512592 0.00290792
 3.08754e-11 1.45223e-09 4.72983e-08 1.06669e-06 1.6658e-05 0.000180133 0.00134885 0.00699458 0.0251259 0.062599 0.108681 0.133912 0.12492 0.104594 0.0957789 0.0917968 0.0796674 0.0613585 0.0430834 0.0271206 0.0151614 0.00816931 0.00481001 0.00300265 0.00167785
 3.08881e-11 1.45283e-09 4.73178e-08 1.06713e-06 1.66648e-05 0.000180207 0.0013494 0.00699738 0.0251351 0.0626137 0.10865 0.133608 0.123789 0.101921 0.0914429 0.0868775 0.0759955 0.0606277 0.0460975 0.0328455 0.0208581 0.0115372 0.00567576 0.00262168 0.00116032
 3.50108e-11 1.64674e-09 5.36333e-08 1.20956e-06 1.88891e-05 0.000204259 0.00152949 0.00793099 0.0284851 0.0709233 0.122827 0.1499 0.135229 0.103799 0.0844283 0.0752503 0.063878 0.050069 0.0379859 0.0278428 0.0188653 0.0113566 0.00589526 0.00260058 0.000980073
 3.33583e-11 1.56902e-09 5.11019e-08 1.15247e-06 1.79976e-05 0.000194619 0.00145731 0.00755689 0.027144 0.0676093 0.117259 0.143908 0.132394 0.106923 0.0929263 0.0848995 0.069973 0.0511041 0.0357515 0.0248542 0.0166417 0.0102653 0.00558366 0.00256797 0.000968121
 3.56373e-11 1.67621e-09 5.4593e-08 1.23121e-06 1.92271e-05 0.000207914 0.00155686 0.00807294 0.0289952 0.072196 0.125049 0.152695 0.138014 0.106455 0.08706 0.0773797 0.0645265 0.0485993 0.0345713 0.0234365 0.0148384 0.00869972 0.00463949 0.00215607 0.000831089
 3.60615e-11 1.69616e-09 5.52428e-08 1.24586e-06 1.94559e-05 0.000210389 0.00157539 0.00816905 0.0293407 0.0730594 0.126565 0.154644 0.140075 0.108599 0.0891776 0.0786287 0.0638621 0.0461064 0.0315625 0.0210698 0.0132818 0.00765475 0.00394829 0.00177625 0.000673231
 3.53016e-11 1.66042e-09 5.40787e-08 1.21961e-06 1.9046e-05 0.000205956 0.0015422 0.00799699 0.0287235 0.0715306 0.123972 0.151733 0.138269 0.10894 0.0915437 0.0819011 0.0667933 0.0480098 0.0323145 0.0209246 0.0127279 0.00711375 0.0035817 0.00157422 0.000582235
 3.43394e-11 1.61516e-09 5.26048e-08 1.18637e-06 1.85269e-05 0.000200342 0.00150016 0.00777908 0.0279414 0.0695885 0.120644 0.147841 0.135308 0.107856 0.0922325 0.0837732 0.069376 0.0509187 0.0350086 0.022882 0.0138016 0.00753142 0.00367242 0.00156306 0.000561979
 3.22294e-11 1.51592e-09 4.93725e-08 1.11347e-06 1.73885e-05 0.000188033 0.001408 0.00730125 0.0262268 0.0653347 0.113382 0.139472 0.129348 0.106643 0.0953635 0.0890501 0.0747484 0.0555439 0.0388228 0.0258696 0.015884 0.0087511 0.00424792 0.00177521 0.000621666
 3.32086e-11 1.56197e-09 5.08724e-08 1.1473e-06 1.79168e-05 0.000193745 0.00145076 0.00752294 0.0270218 0.0673024 0.116709 0.143153 0.131454 0.105734 0.0917024 0.0845126 0.0713609 0.0540289 0.0386693 0.0263228 0.0164699 0.00923851 0.00455063 0.00191457 0.000667936
 3.44923e-11 1.62235e-09 5.2839e-08 1.19165e-06 1.86094e-05 0.000201234 0.00150684 0.00781365 0.0280649 0.0698898 0.121123 0.148224 0.135007 0.106293 0.0894602 0.0807882 0.0674615 0.0506838 0.0362315 0.0249176 0.015906 0.00913719 0.00460228 0.00197159 0.000696317
 3.44169e-11 1.6188e-09 5.27234e-08 1.18904e-06 1.85687e-05 0.000200794 0.00150355 0.00779661 0.0280042 0.0697432 0.120901 0.1481 0.135366 0.10752 0.0914514 0.0826758 0.0681996 0.0499937 0.0347215 0.0233966 0.0148352 0.00857498 0.0043877 0.00191791 0.000690774
 3.38915e-11 1.5941e-09 5.19187e-08 1.1709e-06 1.82852e-05 0.000197729 0.0014806 0.00767765 0.0275774 0.0686854 0.119101 0.146058 0.13402 0.107539 0.0927664 0.0846467 0.0701333 0.0514646 0.0355316 0.0235543 0.0145935 0.00826311 0.00418652 0.00183446 0.000668146
 3.36763e-11 1.58397e-09 5.1589e-08 1.16346e-06 1.81691e-05 0.000196474 0.0014712 0.00762889 0.0274022 0.068248 0.118337 0.145093 0.133049 0.106612 0.0919144 0.0841762 0.0704718 0.0526448 0.0370637 0.0248554 0.0153904 0.00861514 0.00429068 0.00185132 0.000668739
 3.4467e-11 1.62116e-09 5.28003e-08 1.19078e-06 1.85957e-05 0.000201087 0.00150574 0.00780794 0.0280446 0.0698407 0.121049 0.148184 0.135134 0.106725 0.0901877 0.0815623 0.0679545 0.0507362 0.0358934 0.0243486 0.0153019 0.0086634 0.00432488 0.00185361 0.000662044
 3.56794e-11 1.67819e-09 5.46575e-08 1.23266e-06 1.92498e-05 0.00020816 0.0015587 0.00808251 0.0290299 0.0722866 0.125233 0.153048 0.138738 0.107815 0.0889443 0.0789597 0.0648449 0.0475954 0.0330933 0.0222274 0.0139689 0.00796836 0.00401917 0.00173626 0.00062154
 3.5089e-11 1.65042e-09 5.37531e-08 1.21227e-06 1.89313e-05 0.000204716 0.00153291 0.00794885 0.0285506 0.0711008 0.123231 0.150848 0.137531 0.108506 0.0913758 0.081933 0.0670364 0.0484996 0.033016 0.0216986 0.0133901 0.00754785 0.00379321 0.00164379 0.000591958
 3.33964e-11 1.57081e-09 5.11602e-08 1.15379e-06 1.80181e-05 0.000194841 0.00145897 0.00756554 0.0271753 0.0676897 0.117414 0.144175 0.132887 0.107852 0.0944237 0.0868331 0.0719664 0.0525615 0.035959 0.0235094 0.014281 0.00788465 0.00388856 0.00166427 0.000596136
 3.33131e-11 1.56689e-09 5.10326e-08 1.15091e-06 1.79732e-05 0.000194355 0.00145533 0.00754663 0.0271069 0.0675145 0.117078 0.14361 0.131887 0.106107 0.0920439 0.0848003 0.0714997 0.053923 0.0382799 0.0257132 0.0158144 0.00872526 0.00425676 0.00179302 0.000632423
 3.3388e-11 1.57041e-09 5.11473e-08 1.1535e-06 1.80136e-05 0.000194792 0.0014586 0.00756358 0.0271677 0.0676648 0.117331 0.143884 0.132022 0.105962 0.0915767 0.084064 0.0706278 0.0531831 0.038023 0.0260673 0.0165118 0.00936932 0.00465116 0.00196739 0.000689903
 3.18875e-11 1.49984e-09 4.88487e-08 1.10166e-06 1.7204e-05 0.000186038 0.00139306 0.00722379 0.0259485 0.0646414 0.112178 0.137986 0.127959 0.105491 0.0943915 0.0883683 0.0746489 0.0561793 0.0400794 0.0274873 0.0175407 0.0101216 0.00514185 0.00222397 0.000792009
 3.24012e-11 1.524e-09 4.96357e-08 1.11941e-06 1.74812e-05 0.000189035 0.0014155 0.00734008 0.0263653 0.0656708 0.113904 0.139826 0.128766 0.104355 0.091514 0.0851747 0.072719 0.0559574 0.0408647 0.0284252 0.0182466 0.0105796 0.00542443 0.00238124 0.000863256
 3.37642e-11 1.58811e-09 5.17236e-08 1.16649e-06 1.82165e-05 0.000196986 0.00147503 0.00764874 0.027473 0.0684193 0.118599 0.145252 0.132679 0.105261 0.0895947 0.0816375 0.0687233 0.0522401 0.0379599 0.0266216 0.0173844 0.0102564 0.0053282 0.00236352 0.000866229
#obs catch len freq
 2.18059e-11 1.02564e-09 3.34046e-08 7.53358e-07 1.17648e-05 0.00012722 0.000952635 0.0049401 0.0177474 0.0442319 0.0769011 0.0952668 0.0905434 0.0794469 0.0777631 0.0800262 0.0773153 0.0714437 0.0655791 0.0590335 0.0512091 0.0422769 0.0321584 0.0213538 0.0116708
 2.06977e-11 9.73519e-10 3.17069e-08 7.15071e-07 1.11669e-05 0.000120755 0.000904229 0.00468922 0.0168481 0.0420102 0.0731725 0.0912761 0.088732 0.0817459 0.0837837 0.0868548 0.0817143 0.0724497 0.0645324 0.0576013 0.0500453 0.0412108 0.0310156 0.020311 0.0109702
 9.02188e-16 4.25042e-14 1.39333e-12 3.22296e-11 5.53329e-10 8.13181e-09 1.24786e-07 1.963e-06 2.58181e-05 0.000249629 0.00169943 0.00805857 0.0266131 0.0616253 0.101961 0.126042 0.126988 0.11673 0.104657 0.0915725 0.0775444 0.0627942 0.046807 0.0303818 0.0162486
 1.03164e-11 4.85235e-10 1.58038e-08 3.56415e-07 5.56592e-06 6.01873e-05 0.00045067 0.00233668 0.00838928 0.0208565 0.0359076 0.0428503 0.0357782 0.0228987 0.0193187 0.0355542 0.0706818 0.108954 0.130383 0.129079 0.11317 0.0911588 0.0668277 0.0427357 0.0226026
 5.05097e-11 2.37573e-09 7.7376e-08 1.74503e-06 2.7251e-05 0.00029468 0.00220651 0.0114406 0.0410761 0.102131 0.175905 0.210112 0.174835 0.103128 0.0459082 0.0184853 0.00941199 0.00850313 0.0121354 0.017191 0.0199103 0.018647 0.01445 0.00931279 0.0048864
 3.08834e-11 1.4526e-09 4.73104e-08 1.06697e-06 1.66623e-05 0.00018018 0.00134921 0.00699684 0.025139 0.0626806 0.109156 0.136053 0.131769 0.119559 0.117061 0.108545 0.079383 0.0429938 0.0184687 0.00900239 0.00773232 0.00822583 0.00746987 0.00530921 0.00290832
 3.87918e-11 1.82458e-09 5.94253e-08 1.34019e-06 2.0929e-05 0.000226318 0.00169465 0.0087872 0.0315572 0.0785414 0.135809 0.164752 0.145463 0.105144 0.0782444 0.0671458 0.0587374 0.0476439 0.0341693 0.0204035 0.0101348 0.00500565 0.00312519 0.00214759 0.001246
 2.43739e-11 1.14643e-09 3.73385e-08 8.42078e-07 1.31503e-05 0.000142203 0.00106485 0.00552245 0.0198458 0.049523 0.0865182 0.109134 0.109827 0.108004 0.115548 0.115955 0.0962582 0.0681379 0.0459917 0.0309259 0.0192658 0.0103393 0.00483669 0.00216845 0.000977553
 4.03654e-11 1.8986e-09 6.18361e-08 1.39456e-06 2.1778e-05 0.000235498 0.00176338 0.00914343 0.032834 0.0816941 0.14109 0.17035 0.147799 0.101276 0.0684804 0.0554415 0.0499364 0.0443817 0.0364351 0.0262987 0.016531 0.00918918 0.00449887 0.00190283 0.000695546
 3.29138e-11 1.54811e-09 5.04209e-08 1.13712e-06 1.77578e-05 0.000192026 0.0014379 0.00745636 0.0267848 0.0667321 0.115858 0.142753 0.133105 0.11098 0.0997471 0.0909736 0.0714744 0.0478248 0.0310138 0.0215381 0.0149882 0.00933215 0.00490132 0.00212953 0.000759645
 3.73535e-11 1.75693e-09 5.7222e-08 1.2905e-06 2.0153e-05 0.000217927 0.00163182 0.00846155 0.0303894 0.075651 0.130922 0.159345 0.142355 0.106353 0.0830519 0.0721849 0.0607536 0.0466917 0.0332549 0.0217892 0.0131102 0.00742563 0.0039146 0.00179918 0.000675778
 3.77802e-11 1.777e-09 5.78756e-08 1.30524e-06 2.03832e-05 0.000220416 0.00165047 0.00855826 0.0307375 0.0765248 0.132483 0.161473 0.144966 0.109657 0.0866827 0.074252 0.0592155 0.0420642 0.0284839 0.0189819 0.0119176 0.00673675 0.0033646 0.00146582 0.000541763
 3.70311e-11 1.74177e-09 5.67282e-08 1.27936e-06 1.99791e-05 0.000216046 0.00161775 0.00838867 0.0301291 0.0750179 0.129928 0.158607 0.143198 0.110031 0.0891119 0.077675 0.0623771 0.0441123 0.0290975 0.018477 0.0110683 0.00611156 0.00303498 0.00130767 0.000471556
 3.55338e-11 1.67134e-09 5.44344e-08 1.22763e-06 1.91713e-05 0.000207311 0.00155234 0.00804957 0.0289123 0.0719987 0.124771 0.152653 0.138921 0.109077 0.0912495 0.0815027 0.0665854 0.0480101 0.0322846 0.0206371 0.0121842 0.00651051 0.00311301 0.00130136 0.000459533
 3.38531e-11 1.59229e-09 5.18598e-08 1.16957e-06 1.82645e-05 0.000197505 0.00147892 0.00766895 0.0275463 0.0686079 0.118969 0.145904 0.133909 0.107524 0.0928898 0.084972 0.0707094 0.0521918 0.0361176 0.0237094 0.0142699 0.00768008 0.00363898 0.00148619 0.000509634
 3.21138e-11 1.51048e-09 4.91952e-08 1.10948e-06 1.73261e-05 0.000187358 0.00140294 0.00727502 0.0261324 0.065097 0.112953 0.138869 0.128553 0.105536 0.0939963 0.0879474 0.0745859 0.0564638 0.0403208 0.0273197 0.0169455 0.00937139 0.00452775 0.0018627 0.000635016
 3.47006e-11 1.63215e-09 5.3158e-08 1.19885e-06 1.87217e-05 0.000202449 0.00151594 0.00786077 0.0282336 0.070303 0.121794 0.148834 0.134893 0.104854 0.0868563 0.0782237 0.0663331 0.0513307 0.037845 0.0265165 0.0170171 0.00974191 0.0048606 0.00205269 0.000712166
 3.32188e-11 1.56245e-09 5.0888e-08 1.14765e-06 1.79223e-05 0.000193804 0.00145121 0.00752528 0.0270306 0.0673269 0.116771 0.143321 0.131894 0.106621 0.0928632 0.0851783 0.0707244 0.0522355 0.0368497 0.025463 0.0166127 0.00982212 0.00508158 0.0022212 0.000793953
 3.43765e-11 1.6169e-09 5.26615e-08 1.18765e-06 1.85469e-05 0.000200558 0.00150178 0.00778739 0.0279706 0.0696535 0.120705 0.147676 0.134395 0.105603 0.0887528 0.0803961 0.0677518 0.051548 0.0371124 0.0254421 0.0161885 0.00941135 0.00489215 0.00218656 0.000805082
 3.28635e-11 1.54574e-09 5.03438e-08 1.13538e-06 1.77306e-05 0.000191732 0.00143569 0.00744482 0.0267418 0.0666096 0.115541 0.141876 0.130776 0.106173 0.0930756 0.085914 0.0718737 0.0535849 0.0380022 0.0260993 0.0167645 0.00976637 0.00504135 0.0022407 0.000828627
 3.38231e-11 1.59088e-09 5.18138e-08 1.16853e-06 1.82483e-05 0.00019733 0.00147761 0.00766208 0.0275209 0.0685372 0.118795 0.145455 0.132748 0.105097 0.0892885 0.0815051 0.0690399 0.0528567 0.0383684 0.0265149 0.0169414 0.00982299 0.00506747 0.0022525 0.000832298
 3.45036e-11 1.62288e-09 5.28562e-08 1.19204e-06 1.86154e-05 0.0002013 0.00150733 0.0078162 0.0280741 0.069912 0.121158 0.148252 0.134984 0.106167 0.0892089 0.0804325 0.0670615 0.050348 0.0360988 0.0250544 0.0162399 0.00952756 0.00493492 0.00219211 0.000808831
 3.66691e-11 1.72474e-09 5.61735e-08 1.26686e-06 1.97838e-05 0.000213934 0.00160193 0.0083066 0.0298339 0.0742778 0.128612 0.156842 0.141102 0.107418 0.0860141 0.0750635 0.0616263 0.0456802 0.0322179 0.0219706 0.0140629 0.00822593 0.00428296 0.0019165 0.000710616
 3.34508e-11 1.57336e-09 5.12434e-08 1.15567e-06 1.80474e-05 0.000195158 0.00146135 0.00757786 0.0272198 0.0678014 0.117616 0.14446 0.133263 0.10836 0.094972 0.087044 0.0714401 0.0514064 0.0348208 0.0229516 0.0143356 0.00823329 0.00423556 0.00188637 0.000700166
 3.52535e-11 1.65815e-09 5.40049e-08 1.21795e-06 1.902e-05 0.000205675 0.00154009 0.007986 0.0286833 0.0714217 0.123725 0.15116 0.136891 0.106164 0.0875949 0.0785131 0.0660439 0.0502495 0.0359506 0.0241651 0.0148479 0.00825908 0.00412301 0.00179751 0.00065883
 3.45183e-11 1.62357e-09 5.28787e-08 1.19255e-06 1.86234e-05 0.000201386 0.00150798 0.00781956 0.0280866 0.069947 0.121245 0.148483 0.135588 0.107431 0.091065 0.0821616 0.0677764 0.0498246 0.0348437 0.0236634 0.0150079 0.00855778 0.00427884 0.0018336 0.000656867
 3.39801e-11 1.59826e-09 5.20542e-08 1.17395e-06 1.8333e-05 0.000198246 0.00148446 0.00769766 0.027649 0.0688596 0.119377 0.146274 0.133829 0.10661 0.0911839 0.0831076 0.0694586 0.0518609 0.036539 0.0246136 0.0154121 0.00877391 0.0044363 0.00192451 0.000691314
 3.09566e-11 1.45605e-09 4.74226e-08 1.0695e-06 1.67018e-05 0.000180607 0.00135239 0.00701298 0.0251922 0.0627652 0.108978 0.134314 0.125397 0.105111 0.0960368 0.0910331 0.0773515 0.0584417 0.0417523 0.0285205 0.0180216 0.0102771 0.00518493 0.00224925 0.000811139
 3.45198e-11 1.62365e-09 5.28811e-08 1.1926e-06 1.86242e-05 0.000201394 0.00150804 0.00781979 0.0280862 0.0699339 0.12114 0.147968 0.1339 0.10368 0.0855466 0.0772594 0.0663371 0.0523753 0.0393609 0.0278964 0.0180379 0.0104466 0.00532317 0.00232081 0.000838655
#spawning biomass
 21867.3 22349.2 17441 12396.4 13629.5 23873.7 36137.3 46407.1 57702.6 77020.6 93952.9 111291 124840 152981 163856 123811 127766 128088 117513 126412 131223 134932 154255 154710 161632 171198 183289 180330 183205 194642 237301 164827 104924 67478.3 46670.9 35878.8 30517.5 27927.8 26699.9 26125 25858.1 25735 25678.4 25652.4 25640.5 25635.1 25632.7 25631.6 25631 25630.8 25630.7 25630.7 25630.6 25630.6 25630.6 25630.6 25630.6 25630.6 25630.6 25630.6 25630.6 25630.6 25630.6 25630.6 25630.6 25630.6 25630.6 25630.6 25630.6 25630.6 25630.6 25630.6 25630.6 25630.6 25630.6 25630.6 25630.6 25630.6 25630.6 25630.6 25630.6 25630.6 25630.6 25630.6 25630.6 25630.6 25630.6 25630.6 25630.6 25630.6 25630.6 25630.6 25630.6 25630.6 25630.6 25630.6 25630.6 25630.6 25630.6 25630.6 25630.6 25630.6 25630.6 25630.6 25630.6 25630.6 25630.6 25630.6 25630.6 25630.6 25630.6 25630.6 25630.6 25630.6 25630.6 25630.6 25630.6 25630.6 25630.6 25630.6 25630.6 25630.6 25630.6 25630.6 25630.6 25630.6 25630.6 25630.6 25630.6 0 0 0 0 0 0 0 0 0 0 0 0 0 0 0 0 0 0 0 0 0 0 0 0 0
