SBPRF35
0.819782
Curr Bio
152997
B35
641460
F35
0.237466
FOFL
0.0702384
OFL
8650.77
Bzero
234224
#pred survey bio
 11675.3 14175.5 15103.1 19145.4 22081.1 22219 27403.3 39402.6 53702.8 72486.1 86828.1 102759 130881 147718 161095 159364 123047 113967 130431 118035 126621 136233 161590 160688 168177 151875 160396 175510 8.21268e+06 7.146e+06 7.73913e+06 7.25914e+06 6.35842e+06 5.39448e+06 4.5348e+06 3.83698e+06 3.30161e+06 2.90528e+06 2.61843e+06 2.41365e+06 2.26846e+06 2.16549e+06 2.09148e+06 2.03763e+06 1.99968e+06 1.97256e+06 1.95291e+06 1.93846e+06 1.92768e+06 1.91954e+06 1.91331e+06 1.90849e+06 1.90473e+06 1.90177e+06 1.89942e+06 1.89754e+06 1.89604e+06 1.89483e+06 1.89385e+06 1.89306e+06 1.89241e+06 1.89189e+06 1.89146e+06 1.89112e+06 1.89083e+06 1.8906e+06 1.89041e+06 1.89026e+06 1.89013e+06 1.89003e+06 1.88994e+06 1.88987e+06 1.88982e+06 1.88977e+06 1.88973e+06 1.8897e+06 1.88967e+06 1.88965e+06 1.88964e+06 1.88962e+06 1.88961e+06 1.8896e+06 1.88959e+06 1.88959e+06 1.88958e+06 1.88958e+06 1.88958e+06 1.88957e+06 1.88957e+06 1.88957e+06 1.88957e+06 1.88957e+06 1.88956e+06 1.88956e+06 1.88956e+06 1.88956e+06 1.88956e+06 1.88956e+06 1.88956e+06 1.88956e+06 1.88956e+06 1.88956e+06 1.88956e+06 1.88956e+06 1.88956e+06 1.88956e+06 1.88956e+06 1.88956e+06 1.88956e+06 1.88956e+06 1.88956e+06 1.88956e+06 1.88956e+06 1.88956e+06 1.88956e+06 1.88956e+06 1.88956e+06 1.88956e+06 1.88956e+06 1.88956e+06 1.88956e+06 1.88956e+06 1.88956e+06 1.88956e+06 1.88956e+06 1.88956e+06 1.88956e+06 1.88956e+06 0 0 0 0 0 0 0 0 0 0 0 0 0 0 0 0 0 0 0 0 0 0 0 0 0
#obs survey bio
 9236.76 8943.41 18772 17370 17352.7 18012 26170.3 26927.6 54940.2 74620.2 72269.5 121833 131098 126850 117630 125357 104821 105942 119192 129857 129664 137491 121779 203228 187780 155634 175422 144440
#pred catch bio
 5073.5 8077.79 8277.16 10207 13515.1 12950.8 15274.9 22567.1 30601.8 44487.5 53647.3 60932.5 83574.8 90731.7 100720 115880 85966.2 69894.1 92575.8 79311.2 86382.4 86408.9 115794 111148 123351 104898 108646 88749.5 8650.77 54846.9 66884.6 63232 54544 45284.3 37142.8 30639.3 25742.7 22200.1 19708.3 17991.1 16825.3 16041.9 15516.6 15165.7 14939 14792.7 14698.3 14637.3 14597.9 14572.4 14556 14545.4 14538.6 14534.2 14531.3 14529.5 14528.3 14527.5 14527 14526.7 14526.5 14526.3 14526.3 14526.2 14526.2 14526.1 14526.1 14526.1 14526.1 14526.1 14526.1 14526.1 14526.1 14526.1 14526.1 14526.1 14526.1 14526.1 14526.1 14526.1 14526.1 14526.1 14526.1 14526.1 14526.1 14526.1 14526.1 14526.1 14526.1 14526.1 14526.1 14526.1 14526.1 14526.1 14526.1 14526.1 14526.1 14526.1 14526.1 14526.1 14526.1 14526.1 14526.1 14526.1 14526.1 14526.1 14526.1 14526.1 14526.1 14526.1 14526.1 14526.1 14526.1 14526.1 14526.1 14526.1 14526.1 14526.1 14526.1 14526.1 14526.1 14526.1 14526.1 14526.1 14526.1 14526.1 14526.1 14526.1 0 0 0 0 0 0 0 0 0 0 0 0 0 0 0 0 0 0 0 0 0 0 0 0 0
#obs catch bio
 8274.47 8378.38 8178.66 9101.84 13099.9 12706.6 14373.7 21357.9 28060 39833 49998.1 53100.8 74512.8 84527.6 100538 129055 82681.8 63873 81116.3 72524.8 81243.3 74788.5 103294 99390.2 108127 88144.2 101755 83824.8
#pred cpue bio
 7499.34 9387.6 9119.59 10934.8 13651.2 13137.1 15206.6 20970.5 28939.1 39351.9 47276.8 55937.6 70986 80022.7 92180.8 94047 68845.1 61677.3 72801.7 63409.6 66850.7 70815.6 86186.2 81810.7 87666.1 78850.5 83078.8 91357.5 4.86955e+06 5.91659e+06 7.35931e+06 7.05494e+06 6.17595e+06 5.2143e+06 4.35485e+06 3.65706e+06 3.12169e+06 2.72536e+06 2.43851e+06 2.23373e+06 2.08854e+06 1.98557e+06 1.91156e+06 1.85771e+06 1.81976e+06 1.79264e+06 1.77299e+06 1.75854e+06 1.74776e+06 1.73962e+06 1.73339e+06 1.72857e+06 1.72481e+06 1.72185e+06 1.7195e+06 1.71762e+06 1.71612e+06 1.71491e+06 1.71393e+06 1.71314e+06 1.71249e+06 1.71197e+06 1.71154e+06 1.7112e+06 1.71091e+06 1.71068e+06 1.71049e+06 1.71034e+06 1.71021e+06 1.71011e+06 1.71002e+06 1.70995e+06 1.7099e+06 1.70985e+06 1.70981e+06 1.70978e+06 1.70976e+06 1.70973e+06 1.70972e+06 1.7097e+06 1.70969e+06 1.70968e+06 1.70967e+06 1.70967e+06 1.70966e+06 1.70966e+06 1.70966e+06 1.70965e+06 1.70965e+06 1.70965e+06 1.70965e+06 1.70965e+06 1.70964e+06 1.70964e+06 1.70964e+06 1.70964e+06 1.70964e+06 1.70964e+06 1.70964e+06 1.70964e+06 1.70964e+06 1.70964e+06 1.70964e+06 1.70964e+06 1.70964e+06 1.70964e+06 1.70964e+06 1.70964e+06 1.70964e+06 1.70964e+06 1.70964e+06 1.70964e+06 1.70964e+06 1.70964e+06 1.70964e+06 1.70964e+06 1.70964e+06 1.70964e+06 1.70964e+06 1.70964e+06 1.70964e+06 1.70964e+06 1.70964e+06 1.70964e+06 1.70964e+06 1.70964e+06 1.70964e+06 1.70964e+06 0 0 0 0 0 0 0 0 0 0 0 0 0 0 0 0 0 0 0 0 0 0 0 0 0
#obs cpue bio
 15233.8 11977.3 11344.2 16924.7 20585.8 14952.7 25065.1 32663.9 45275.3 62274.9 65606 96971.6 102940 103310 104323 90526.4 104960 95209.9 147914 74991.6 84706.4 132791 172971 100155 139584 147851 90311.2 146630
#pred surv len freq
 1.55199e-11 1.68454e-09 1.0781e-07 4.06842e-06 9.05275e-05 0.00118776 0.00918968 0.0419415 0.113116 0.181883 0.181985 0.134079 0.100954 0.0803531 0.0547994 0.0336222 0.0211084 0.013584 0.00904411 0.00638405 0.00486415 0.00405152 0.00349658 0.00269127 0.00156962
 1.19504e-11 1.2971e-09 8.30142e-08 3.1327e-06 6.97068e-05 0.000914603 0.00707704 0.0323175 0.0874077 0.142544 0.152052 0.136959 0.13457 0.120516 0.0822874 0.0471518 0.0258775 0.0134544 0.00681256 0.00367949 0.00222556 0.00153889 0.0011777 0.000862713 0.000501079
 1.54351e-11 1.67533e-09 1.07221e-07 4.04619e-06 9.00328e-05 0.00118127 0.00913951 0.0417133 0.112512 0.180999 0.181524 0.134955 0.103708 0.0853641 0.0620797 0.0408274 0.0244531 0.0122482 0.00523516 0.00211568 0.00089201 0.000436743 0.000260921 0.000168264 9.32318e-05
 1.54411e-11 1.67598e-09 1.07263e-07 4.04776e-06 9.00679e-05 0.00118174 0.00914326 0.0417341 0.112618 0.181579 0.184015 0.141672 0.113915 0.0921728 0.059374 0.0316585 0.0164047 0.00828822 0.00380686 0.00152316 0.000529788 0.000175985 6.68868e-05 3.16512e-05 1.52894e-05
 1.30257e-11 1.41381e-09 9.04837e-08 3.41458e-06 7.59788e-05 0.000996892 0.00771358 0.0352197 0.0951938 0.154732 0.16268 0.140611 0.131845 0.11527 0.0769448 0.0421277 0.0212872 0.00954305 0.00372934 0.0013636 0.000467321 0.000141706 3.8691e-05 1.11243e-05 3.75161e-06
 1.5005e-11 1.62865e-09 1.04233e-07 3.93344e-06 8.7524e-05 0.00114836 0.00888503 0.0405559 0.109444 0.176506 0.179093 0.138549 0.112772 0.0937636 0.0645745 0.0384202 0.021005 0.00973928 0.00372307 0.00123437 0.000366133 9.85015e-05 2.39068e-05 5.1966e-06 1.09407e-06
 1.60116e-11 1.73791e-09 1.11226e-07 4.19732e-06 9.33957e-05 0.00122539 0.00948094 0.0432728 0.116734 0.18792 0.189056 0.14195 0.109843 0.0872717 0.0562777 0.0301419 0.0152559 0.00713255 0.00291442 0.0010268 0.000304217 7.54267e-05 1.59913e-05 2.94412e-06 4.73901e-07
 1.66751e-11 1.80992e-09 1.15834e-07 4.37123e-06 9.72654e-05 0.00127616 0.00987364 0.0450627 0.121528 0.19536 0.195233 0.14313 0.106365 0.0822252 0.0518674 0.0267103 0.012722 0.00550057 0.00206633 0.000697761 0.000211285 5.45037e-05 1.14815e-05 1.94651e-06 2.67762e-07
 1.6063e-11 1.74349e-09 1.11583e-07 4.21079e-06 9.36954e-05 0.00122933 0.00951142 0.0434131 0.117127 0.188675 0.190385 0.144396 0.113243 0.0896156 0.0556478 0.0272081 0.012096 0.00491583 0.0017194 0.000528873 0.00014597 3.56314e-05 7.46594e-06 1.27846e-06 1.71033e-07
 1.60935e-11 1.74679e-09 1.11795e-07 4.21878e-06 9.38732e-05 0.00123166 0.00952944 0.0434946 0.117338 0.188938 0.190295 0.143423 0.111527 0.0883886 0.0559705 0.0285811 0.0132685 0.00541181 0.00181675 0.000520507 0.000131804 2.92138e-05 5.59377e-06 9.04841e-07 1.18556e-07
 1.57972e-11 1.71464e-09 1.09737e-07 4.14112e-06 9.21452e-05 0.00120899 0.00935412 0.0426963 0.115211 0.185731 0.188087 0.144413 0.115417 0.0922788 0.0574992 0.0281609 0.0124958 0.00501521 0.0016967 0.000487664 0.000119919 2.48394e-05 4.33185e-06 6.33763e-07 7.6154e-08
 1.58709e-11 1.72263e-09 1.10248e-07 4.16043e-06 9.25748e-05 0.00121463 0.00939771 0.0428948 0.115739 0.186521 0.188597 0.144063 0.114302 0.091252 0.057254 0.0284917 0.0128094 0.00509536 0.00166931 0.000462683 0.000111622 2.28886e-05 3.87892e-06 5.33065e-07 5.85913e-08
 1.60698e-11 1.74422e-09 1.1163e-07 4.21256e-06 9.37347e-05 0.00122984 0.00951539 0.0434307 0.117169 0.188691 0.190162 0.143624 0.112024 0.0888189 0.056033 0.0283741 0.0130684 0.00532278 0.00178671 0.000503422 0.000120692 2.41608e-05 3.99588e-06 5.37348e-07 5.70792e-08
 1.57898e-11 1.71383e-09 1.09685e-07 4.13916e-06 9.21016e-05 0.00120842 0.00934972 0.0426766 0.115163 0.185689 0.188213 0.14494 0.116288 0.0929178 0.0573907 0.027502 0.0118434 0.00463162 0.00153056 0.000430531 0.000104032 2.09986e-05 3.46017e-06 4.56984e-07 4.73613e-08
 1.45788e-11 1.58239e-09 1.01273e-07 3.82172e-06 8.50382e-05 0.00111575 0.00863295 0.0394103 0.106423 0.172195 0.177353 0.14395 0.124534 0.103844 0.0660192 0.0330725 0.0149128 0.00589464 0.00189517 0.000510329 0.00011943 2.38432e-05 3.93999e-06 5.23079e-07 5.40805e-08
 1.41564e-11 1.53654e-09 9.83386e-08 3.711e-06 8.25745e-05 0.00108342 0.00838289 0.0382699 0.103359 0.167362 0.172963 0.141942 0.124852 0.105866 0.0695208 0.0371698 0.0180864 0.00757495 0.00255831 0.000716191 0.000168775 3.28848e-05 5.26696e-06 6.8643e-07 7.06616e-08
 1.50523e-11 1.63378e-09 1.04562e-07 3.94584e-06 8.77999e-05 0.00115198 0.0089132 0.0406876 0.109843 0.177494 0.181709 0.144637 0.121756 0.0998234 0.0624148 0.0303811 0.0133481 0.00530984 0.0017809 0.000506799 0.000122712 2.45221e-05 3.9585e-06 5.08168e-07 5.09827e-08
 1.57767e-11 1.71241e-09 1.09594e-07 4.13573e-06 9.20252e-05 0.00120742 0.00934197 0.0426413 0.115069 0.185549 0.188126 0.145018 0.116528 0.093196 0.057588 0.0275634 0.0117545 0.00446059 0.00139116 0.00036462 8.39034e-05 1.66461e-05 2.73643e-06 3.5906e-07 3.63846e-08
 1.52617e-11 1.65651e-09 1.06016e-07 4.00072e-06 8.90211e-05 0.001168 0.0090371 0.0412517 0.111345 0.179759 0.183263 0.143921 0.118996 0.0971168 0.0614597 0.0308122 0.0139202 0.00550429 0.00176051 0.000464528 0.000103976 1.95095e-05 3.04781e-06 3.91691e-07 3.99436e-08
 1.58226e-11 1.71739e-09 1.09913e-07 4.14776e-06 9.22929e-05 0.00121093 0.00936914 0.0427655 0.115405 0.186102 0.188734 0.145594 0.117033 0.0933111 0.0570023 0.0265706 0.0109751 0.00411001 0.00128918 0.000338902 7.59498e-05 1.41673e-05 2.15479e-06 2.64155e-07 2.56873e-08
 1.62726e-11 1.76623e-09 1.13039e-07 4.26573e-06 9.49179e-05 0.00124537 0.0096355 0.0439789 0.118647 0.191067 0.192533 0.145313 0.112993 0.088655 0.0541936 0.0255222 0.0106338 0.00393252 0.00118259 0.000292875 6.26301e-05 1.14478e-05 1.73204e-06 2.10745e-07 2.00446e-08
 1.64461e-11 1.78506e-09 1.14244e-07 4.3112e-06 9.59297e-05 0.00125864 0.00973819 0.0444471 0.119905 0.193045 0.194302 0.146043 0.112708 0.0876857 0.05271 0.0238996 0.00946259 0.00338529 0.00100389 0.000244987 5.07036e-05 8.80083e-06 1.26271e-06 1.48248e-07 1.38527e-08
 1.60314e-11 1.74006e-09 1.11363e-07 4.2025e-06 9.3511e-05 0.00122691 0.00949274 0.0433285 0.116908 0.188397 0.190452 0.145341 0.114981 0.0910649 0.0558271 0.026325 0.0109659 0.00403635 0.00119738 0.000288223 5.88e-05 1.00654e-05 1.4095e-06 1.58934e-07 1.41703e-08
 1.67943e-11 1.82286e-09 1.16663e-07 4.4025e-06 9.79612e-05 0.00128529 0.00994434 0.0453866 0.122419 0.196931 0.197452 0.146401 0.110452 0.0846355 0.0502342 0.0222272 0.00848519 0.00294252 0.000851352 0.000202241 4.06054e-05 6.79822e-06 9.28488e-07 1.02131e-07 8.85138e-09
 1.61845e-11 1.75667e-09 1.12427e-07 4.24264e-06 9.44042e-05 0.00123863 0.00958342 0.0437424 0.118027 0.190211 0.192338 0.146881 0.1161 0.0911376 0.0541825 0.0236704 0.00880548 0.00294988 0.000812706 0.000180622 3.40917e-05 5.49458e-06 7.33465e-07 7.89839e-08 6.68401e-09
 1.62172e-11 1.76022e-09 1.12654e-07 4.25122e-06 9.45949e-05 0.00124113 0.00960278 0.0438308 0.118265 0.19059 0.192702 0.147103 0.116177 0.0910522 0.0538922 0.0232685 0.00847784 0.00277155 0.00073934 0.000155994 2.74179e-05 4.0832e-06 5.05464e-07 5.13098e-08 4.17645e-09
 1.64828e-11 1.78905e-09 1.14499e-07 4.32084e-06 9.61441e-05 0.00126145 0.00975994 0.0445463 0.120171 0.19346 0.194658 0.146148 0.112586 0.087487 0.0525295 0.0237254 0.00926692 0.00319702 0.000876717 0.000187703 3.30042e-05 4.79697e-06 5.63625e-07 5.32586e-08 4.02035e-09
 1.63726e-11 1.77709e-09 1.13734e-07 4.29196e-06 9.55015e-05 0.00125302 0.00969474 0.0442493 0.119377 0.192243 0.193723 0.146202 0.113548 0.0885945 0.053189 0.0239731 0.00937338 0.00328242 0.000935898 0.000213512 4.00866e-05 6.08357e-06 7.26767e-07 6.79962e-08 4.94384e-09
#obs surv len freq
 1.16106e-11 1.26023e-09 8.06543e-08 3.04365e-06 6.77253e-05 0.00088861 0.00687603 0.0314016 0.0849446 0.138552 0.147533 0.131576 0.12855 0.119919 0.0916995 0.0600989 0.0340965 0.0158004 0.00583599 0.00170311 0.000381982 6.35415e-05 7.57986e-06 6.28287e-07 3.51783e-08
 8.30713e-12 9.0166e-10 5.77062e-08 2.17766e-06 4.84564e-05 0.000635814 0.00492097 0.0224967 0.0611609 0.102085 0.118962 0.130399 0.151734 0.149386 0.114726 0.0743755 0.0413646 0.018677 0.0066806 0.00187406 0.000400962 6.31587e-05 7.08581e-06 5.49132e-07 2.86056e-08
 1.85044e-11 2.00848e-09 1.28542e-07 4.85079e-06 0.000107936 0.00141616 0.0109564 0.0499939 0.134673 0.215163 0.208432 0.134853 0.0783674 0.056212 0.0448445 0.0327614 0.0193822 0.00876829 0.00304898 0.00082018 0.000166968 2.48663e-05 2.62217e-06 1.90008e-07 9.21417e-09
 8.41527e-12 9.13399e-10 5.84575e-08 2.20602e-06 4.90879e-05 0.000644136 0.00498661 0.0228217 0.0623422 0.106108 0.13146 0.157429 0.184518 0.162641 0.096838 0.0426806 0.0172105 0.0069554 0.00247477 0.000680142 0.000136202 1.93971e-05 1.92707e-06 1.30569e-07 5.89365e-09
 1.40926e-11 1.52962e-09 9.78958e-08 3.69429e-06 8.22028e-05 0.00107856 0.00834539 0.0380996 0.102873 0.166119 0.168545 0.128699 0.103974 0.0961825 0.0835199 0.0587923 0.0299232 0.0104746 0.00264427 0.000537188 9.21069e-05 1.23785e-05 1.18577e-06 7.66433e-08 3.25439e-09
 1.19438e-11 1.29639e-09 8.2969e-08 3.131e-06 6.96698e-05 0.000914162 0.00707505 0.0323346 0.0877277 0.144659 0.159115 0.148884 0.143228 0.120509 0.0781323 0.0427394 0.021597 0.00927449 0.0029671 0.000658659 0.000100243 1.07387e-05 8.34304e-07 4.67434e-08 1.81185e-09
 1.64852e-11 1.78932e-09 1.14516e-07 4.32149e-06 9.6159e-05 0.00126168 0.00976238 0.0445692 0.120333 0.19411 0.195436 0.143342 0.102919 0.078851 0.0547922 0.0320569 0.0150571 0.00545739 0.00154498 0.000343341 5.67008e-05 6.48149e-06 4.91944e-07 2.45101e-08 8.04274e-10
 1.34768e-11 1.46278e-09 9.3618e-08 3.53287e-06 7.86122e-05 0.00103151 0.00798333 0.0364854 0.0989546 0.162699 0.176078 0.156171 0.138754 0.108691 0.0646208 0.0304099 0.0123503 0.00425441 0.0011575 0.000237108 3.56304e-05 3.83801e-06 2.87104e-07 1.43664e-08 4.65665e-10
 1.42702e-11 1.5489e-09 9.91295e-08 3.74086e-06 8.324e-05 0.00109222 0.00845275 0.0386201 0.104604 0.170921 0.180405 0.149981 0.125228 0.099889 0.0657227 0.0348137 0.0144597 0.00448378 0.00103224 0.000181085 2.41927e-05 2.36676e-06 1.61987e-07 7.49613e-09 2.28695e-10
 1.42612e-11 1.54792e-09 9.90669e-08 3.73849e-06 8.31879e-05 0.00109155 0.00844816 0.0386087 0.104668 0.171554 0.182683 0.154061 0.128385 0.0990303 0.0617626 0.0312924 0.0129695 0.00417322 0.000992535 0.000170009 2.06452e-05 1.76056e-06 1.04585e-07 4.26352e-09 1.16538e-10
 1.28594e-11 1.39577e-09 8.93291e-08 3.37103e-06 7.50121e-05 0.000984319 0.00761963 0.0348478 0.0947409 0.156949 0.173056 0.157283 0.140619 0.111144 0.0692212 0.0344043 0.0137074 0.00420164 0.000961026 0.000161279 1.93447e-05 1.60505e-06 8.97081e-08 3.31983e-09 8.04393e-11
 1.41112e-11 1.53164e-09 9.80248e-08 3.69918e-06 8.23137e-05 0.00108011 0.00836047 0.0382207 0.103721 0.170461 0.182418 0.154094 0.127546 0.0989739 0.0636103 0.0329616 0.0133646 0.00404621 0.000894457 0.000143181 1.63208e-05 1.29157e-06 6.91522e-08 2.44804e-09 5.61924e-11
 1.35692e-11 1.47281e-09 9.42598e-08 3.55711e-06 7.91535e-05 0.00103869 0.00804125 0.0367847 0.100055 0.165755 0.181634 0.160353 0.136075 0.102591 0.0617178 0.0298473 0.0116277 0.00348846 0.000771805 0.000122292 1.35279e-05 1.02127e-06 5.16367e-08 1.71972e-09 3.71333e-11
 1.13815e-11 1.23535e-09 7.90629e-08 2.98364e-06 6.63945e-05 0.00087136 0.00674862 0.0309196 0.0845835 0.142955 0.166216 0.164079 0.153626 0.121287 0.0744851 0.0359342 0.013496 0.00380719 0.000789521 0.000118754 1.26445e-05 9.23313e-07 4.49438e-08 1.42742e-09 2.91136e-11
 9.24889e-12 1.00388e-09 6.42488e-08 2.42462e-06 5.39569e-05 0.000708235 0.00548819 0.0251936 0.0693931 0.119974 0.148271 0.161688 0.164993 0.139509 0.0923046 0.0475401 0.0184574 0.0052059 0.00104992 0.000150117 1.49833e-05 1.02251e-06 4.67064e-08 1.39957e-09 2.7012e-11
 1.21076e-11 1.31417e-09 8.41071e-08 3.174e-06 7.06306e-05 0.000926945 0.00717848 0.0328718 0.0896873 0.149836 0.167383 0.152657 0.136471 0.114041 0.0798974 0.0441051 0.0181798 0.00538731 0.00112428 0.000162349 1.59163e-05 1.04136e-06 4.48255e-08 1.25325e-09 2.24795e-11
 1.16996e-11 1.26988e-09 8.12729e-08 3.06708e-06 6.8254e-05 0.000895879 0.00694116 0.0318361 0.0873277 0.148347 0.172807 0.166838 0.14884 0.113125 0.0692313 0.0346071 0.0138689 0.00420204 0.000911443 0.000136077 1.35949e-05 8.905e-07 3.76666e-08 1.01655e-09 1.73335e-11
 1.24263e-11 1.34877e-09 8.63217e-08 3.25762e-06 7.24943e-05 0.000951535 0.00737211 0.0338041 0.0926029 0.156407 0.178728 0.166069 0.143446 0.108285 0.0657614 0.0312901 0.0113889 0.00309947 0.000620221 8.88172e-05 8.75312e-06 5.71877e-07 2.40941e-08 6.42644e-10 1.0718e-11
 1.17371e-11 1.27396e-09 8.15342e-08 3.07699e-06 6.84779e-05 0.000898952 0.00696809 0.0320005 0.0880783 0.150803 0.177858 0.172508 0.151407 0.111614 0.0648822 0.0294805 0.0102461 0.00262984 0.000485614 6.32553e-05 5.6887e-06 3.44696e-07 1.37254e-08 3.51036e-10 5.65879e-12
 1.20804e-11 1.31123e-09 8.39196e-08 3.16703e-06 7.04827e-05 0.000925301 0.0071728 0.0329426 0.0906417 0.154792 0.180692 0.171489 0.147782 0.108865 0.0636263 0.028608 0.00959828 0.00233426 0.000403805 4.88253e-05 4.03779e-06 2.23301e-07 8.09572e-09 1.89188e-10 2.8082e-12
 1.28798e-11 1.39798e-09 8.94724e-08 3.37661e-06 7.51479e-05 0.000986577 0.00764818 0.0351258 0.0965944 0.164384 0.189234 0.17345 0.142277 0.0999094 0.0559518 0.0242612 0.00789444 0.00185931 0.000308307 3.52197e-05 2.71587e-06 1.387e-07 4.6125e-09 9.84151e-11 1.33011e-12
 1.215e-11 1.31877e-09 8.44036e-08 3.18539e-06 7.08977e-05 0.000930988 0.00722208 0.0332338 0.0919014 0.158703 0.188475 0.179818 0.149908 0.103128 0.0552132 0.0226268 0.00694646 0.00154801 0.000243557 2.64017e-05 1.92503e-06 9.23592e-08 2.86349e-09 5.6553e-11 7.03365e-13
 1.28358e-11 1.39321e-09 8.91681e-08 3.36522e-06 7.49008e-05 0.000983557 0.00762943 0.0350946 0.0968703 0.166127 0.193342 0.177822 0.143535 0.0976641 0.0521361 0.021009 0.00619566 0.00130152 0.000191121 1.92833e-05 1.30992e-06 5.86409e-08 1.69701e-09 3.12458e-11 3.61404e-13
 1.20476e-11 1.30767e-09 8.36941e-08 3.15876e-06 7.03132e-05 0.000923609 0.00717082 0.0330671 0.0918862 0.160205 0.192652 0.184194 0.15064 0.100379 0.0516508 0.0200714 0.00573745 0.0011673 0.000164439 1.56982e-05 9.96733e-07 4.1387e-08 1.10716e-09 1.88322e-11 2.0133e-13
 1.21581e-11 1.31967e-09 8.44628e-08 3.18783e-06 7.09639e-05 0.000932263 0.00723984 0.0334013 0.0928735 0.161903 0.193948 0.183726 0.149169 0.099461 0.0511316 0.0195455 0.00539409 0.00104712 0.000140117 1.26829e-05 7.61276e-07 2.97286e-08 7.43178e-10 1.17412e-11 1.16039e-13
 1.0811e-11 1.17346e-09 7.51075e-08 2.83497e-06 6.31229e-05 0.000829761 0.00645452 0.0299108 0.0841312 0.150708 0.190017 0.191178 0.160267 0.106446 0.0535488 0.0199423 0.00535434 0.00100643 0.000129247 1.11172e-05 6.29168e-07 2.30524e-08 5.39121e-10 7.95057e-12 7.31793e-14
 1.08955e-11 1.18265e-09 7.56961e-08 2.85726e-06 6.36231e-05 0.000836433 0.0065077 0.0301627 0.0848033 0.151464 0.189419 0.188792 0.158727 0.107321 0.0549342 0.0204682 0.00538752 0.000978692 0.000120502 9.88596e-06 5.31003e-07 1.83679e-08 4.0345e-10 5.5632e-12 4.77151e-14
 1.1238e-11 1.21983e-09 7.80775e-08 2.94729e-06 6.56345e-05 0.000863081 0.00671834 0.031168 0.0877466 0.156773 0.194892 0.190429 0.155065 0.101434 0.0505679 0.0185028 0.00480248 0.000857516 0.000102818 8.12129e-06 4.15822e-07 1.36116e-08 2.81513e-10 3.64165e-12 2.92138e-14
#pred catch len freq
 1.04608e-11 1.13542e-09 7.26667e-08 2.74222e-06 6.1018e-05 0.000800603 0.00619502 0.028292 0.076551 0.125089 0.134607 0.124271 0.125915 0.116496 0.0852495 0.0560274 0.0371093 0.0245088 0.0165023 0.011702 0.00892967 0.00744096 0.00642236 0.00494329 0.00288306
 7.72332e-12 8.38292e-10 5.36506e-08 2.02461e-06 4.50507e-05 0.000591123 0.00457499 0.0209147 0.0568814 0.0952949 0.11344 0.131513 0.160036 0.155371 0.110584 0.0665879 0.0381568 0.0202897 0.0103864 0.00564036 0.00341867 0.00236526 0.00181035 0.00132617 0.000770268
 1.11307e-11 1.20813e-09 7.73202e-08 2.91783e-06 6.49256e-05 0.00085187 0.00659162 0.0301008 0.0814116 0.132763 0.141627 0.127835 0.127344 0.119727 0.092568 0.0640277 0.0396206 0.0201494 0.00868586 0.00352991 0.00149259 0.000731598 0.000437201 0.00028196 0.000156229
 1.12447e-11 1.2205e-09 7.8112e-08 2.94771e-06 6.55905e-05 0.0008606 0.0066594 0.0304156 0.0823355 0.134851 0.146536 0.138634 0.142914 0.129648 0.0875181 0.0489418 0.0265443 0.013745 0.00637956 0.00256466 0.000894046 0.000297314 0.000113056 5.35068e-05 2.58475e-05
 9.09828e-12 9.8753e-10 6.32018e-08 2.38505e-06 5.30707e-05 0.000696346 0.00538896 0.0246265 0.0668493 0.110976 0.127487 0.137458 0.158592 0.15038 0.104117 0.0593621 0.0311123 0.0142204 0.00561034 0.00206292 0.000708954 0.000215207 5.87832e-05 1.69038e-05 5.70104e-06
 1.09801e-11 1.19178e-09 7.62739e-08 2.87834e-06 6.4047e-05 0.000840348 0.00650265 0.0296989 0.0803845 0.131569 0.142583 0.134099 0.138318 0.128482 0.0928863 0.0577833 0.0326754 0.0154001 0.00593557 0.00197819 0.000588503 0.000158547 3.85024e-05 8.37104e-06 1.76253e-06
 1.20853e-11 1.31175e-09 8.39517e-08 3.16808e-06 7.0494e-05 0.000924933 0.00715699 0.0326831 0.0884028 0.144219 0.154078 0.139359 0.137415 0.122845 0.0830266 0.046458 0.0244726 0.0116894 0.00482301 0.00170768 0.000507195 0.000125901 2.67077e-05 4.91839e-06 7.91771e-07
 1.30463e-11 1.41605e-09 9.06271e-08 3.41999e-06 7.60992e-05 0.000998472 0.00772582 0.0352759 0.0953508 0.155027 0.163173 0.141479 0.133017 0.116015 0.0765926 0.0410237 0.0202789 0.00895192 0.00339567 0.00115282 0.00035004 9.04029e-05 1.9053e-05 3.23077e-06 4.44465e-07
 1.23095e-11 1.33608e-09 8.55087e-08 3.22684e-06 7.18015e-05 0.000942088 0.00728977 0.0332903 0.0900568 0.14701 0.157483 0.143409 0.141929 0.125371 0.0810698 0.0411462 0.0190283 0.00791901 0.00280039 0.00086653 0.000239945 5.86586e-05 1.22985e-05 2.1065e-06 2.81835e-07
 1.2616e-11 1.36934e-09 8.76379e-08 3.30718e-06 7.35893e-05 0.000965543 0.00747115 0.0341159 0.092254 0.150304 0.159658 0.142081 0.137461 0.121118 0.0797753 0.0421615 0.0202264 0.00840266 0.00284482 0.00081915 0.000208051 4.61813e-05 8.84826e-06 1.43166e-06 1.87602e-07
 1.23119e-11 1.33634e-09 8.55253e-08 3.22746e-06 7.18154e-05 0.000942271 0.00729119 0.0332968 0.0900756 0.147049 0.157566 0.143581 0.142189 0.125591 0.0811217 0.0410369 0.0188375 0.00771572 0.00263461 0.000761041 0.000187674 3.89285e-05 6.79337e-06 9.94194e-07 1.19479e-07
 1.2221e-11 1.32648e-09 8.48943e-08 3.20365e-06 7.12855e-05 0.000935319 0.00723741 0.0330514 0.0894147 0.145994 0.156547 0.142948 0.141972 0.125919 0.0821517 0.0423678 0.0197478 0.00802179 0.00265354 0.000739621 0.00017904 3.67744e-05 6.2368e-06 8.57385e-07 9.42525e-08
 1.27713e-11 1.38621e-09 8.8717e-08 3.34791e-06 7.44954e-05 0.000977431 0.00756311 0.0345351 0.093378 0.152058 0.16116 0.14251 0.136862 0.120021 0.0785416 0.0410332 0.0194788 0.00807081 0.00273036 0.000772715 0.000185736 3.72305e-05 6.16122e-06 8.28774e-07 8.80468e-08
 1.22929e-11 1.33427e-09 8.53933e-08 3.22248e-06 7.17046e-05 0.000940817 0.00727997 0.0332461 0.0899462 0.1469 0.15769 0.144379 0.143569 0.126635 0.081013 0.0400698 0.0178624 0.00713702 0.00238177 0.000673506 0.000163232 3.29963e-05 5.44083e-06 7.18794e-07 7.45056e-08
 1.09293e-11 1.18627e-09 7.59208e-08 2.86502e-06 6.37507e-05 0.000836465 0.00647283 0.0295677 0.0800993 0.131663 0.145264 0.142721 0.152032 0.138408 0.0909931 0.0471352 0.0219925 0.0088661 0.00287641 0.000778709 0.000182849 3.6566e-05 6.04693e-06 8.03069e-07 8.30405e-08
 1.11875e-11 1.21429e-09 7.77146e-08 2.93271e-06 6.52568e-05 0.000856224 0.00662559 0.0302625 0.0819392 0.134348 0.146664 0.140407 0.146398 0.133409 0.0899967 0.0493046 0.0245233 0.0103909 0.00352796 0.000990733 0.000233913 4.56207e-05 7.31022e-06 9.52937e-07 9.8106e-08
 1.20397e-11 1.30679e-09 8.36346e-08 3.15611e-06 7.02278e-05 0.000921443 0.00713011 0.0325632 0.0881183 0.144074 0.155396 0.144105 0.145182 0.128815 0.0827713 0.0412635 0.0185955 0.00751222 0.00253715 0.000724659 0.000175822 3.51703e-05 5.68004e-06 7.29331e-07 7.31789e-08
 1.22742e-11 1.33225e-09 8.52637e-08 3.21759e-06 7.15957e-05 0.00093939 0.00726893 0.0331959 0.0898127 0.146701 0.157569 0.144495 0.143922 0.127048 0.081312 0.0401666 0.017726 0.0068705 0.00216361 0.00057021 0.000131664 2.6167e-05 4.30483e-06 5.6504e-07 5.72654e-08
 1.23642e-11 1.34201e-09 8.58887e-08 3.24118e-06 7.21205e-05 0.000946274 0.00732214 0.0334376 0.0904489 0.147597 0.157868 0.143169 0.141168 0.124787 0.0812012 0.0416727 0.019266 0.00771957 0.00248375 0.000657574 0.000147494 2.77053e-05 4.33042e-06 5.56664e-07 5.67733e-08
 1.27746e-11 1.38657e-09 8.874e-08 3.34877e-06 7.45147e-05 0.000977686 0.00756515 0.0345461 0.0934303 0.152324 0.162279 0.145515 0.141443 0.123143 0.0774747 0.0369994 0.0157074 0.00598818 0.00189363 0.000499922 0.000112314 2.0977e-05 3.19242e-06 3.91468e-07 3.80727e-08
 1.34031e-11 1.45477e-09 9.31053e-08 3.51351e-06 7.81802e-05 0.00102578 0.00793709 0.0362405 0.0979578 0.159263 0.167609 0.145192 0.135909 0.116716 0.0735304 0.0354431 0.015142 0.00568914 0.00172311 0.000428414 9.18452e-05 1.68102e-05 2.54492e-06 3.09734e-07 2.94633e-08
 1.32778e-11 1.44118e-09 9.22353e-08 3.48068e-06 7.74497e-05 0.00101619 0.00786299 0.0359035 0.0970646 0.157954 0.166899 0.146226 0.138491 0.118985 0.0739223 0.0344065 0.0140479 0.00513236 0.00153673 0.000376917 7.82524e-05 1.36054e-05 1.95363e-06 2.29453e-07 2.14445e-08
 1.33862e-11 1.45295e-09 9.29884e-08 3.50909e-06 7.8082e-05 0.00102449 0.00792713 0.0361952 0.0978371 0.159082 0.167491 0.145268 0.136164 0.116975 0.0736462 0.0354266 0.015075 0.00562388 0.00167837 0.00040532 8.28635e-05 1.4201e-05 1.98972e-06 2.24418e-07 2.00112e-08
 1.41617e-11 1.53712e-09 9.83756e-08 3.71239e-06 8.26055e-05 0.00108384 0.00838618 0.0382876 0.103443 0.167795 0.174784 0.146836 0.132309 0.110934 0.0677478 0.0305657 0.0119404 0.00420994 0.00122744 0.000292703 5.8905e-05 9.87438e-06 1.34944e-06 1.48478e-07 1.28699e-08
 1.37532e-11 1.49278e-09 9.55375e-08 3.60529e-06 8.02225e-05 0.00105257 0.00814439 0.0371863 0.100503 0.163312 0.171452 0.147416 0.13649 0.11557 0.0703213 0.0312025 0.0118286 0.00401859 0.00111439 0.000248474 4.6996e-05 7.58337e-06 1.01286e-06 1.09099e-07 9.23359e-09
 1.34473e-11 1.45958e-09 9.34127e-08 3.52511e-06 7.84383e-05 0.00102916 0.00796335 0.0363616 0.0983011 0.159949 0.168925 0.147761 0.139483 0.118943 0.0722694 0.031791 0.0118599 0.00394772 0.00106204 0.00022502 3.96601e-05 5.91639e-06 7.33016e-07 7.44384e-08 6.06017e-09
 1.36506e-11 1.48164e-09 9.48249e-08 3.5784e-06 7.96241e-05 0.00104472 0.00808364 0.0369089 0.0997542 0.1621 0.170203 0.146427 0.135816 0.11561 0.0714959 0.0330024 0.0132176 0.00463853 0.00128183 0.000275538 4.85837e-05 7.07351e-06 8.31837e-07 7.86372e-08 5.93742e-09
 1.23578e-11 1.34132e-09 8.58443e-08 3.2395e-06 7.20833e-05 0.000945787 0.00731845 0.0334225 0.0904322 0.147764 0.158944 0.146288 0.146002 0.12813 0.0801709 0.0375294 0.015366 0.00555372 0.00160678 0.00036946 6.97286e-05 1.06138e-05 1.26989e-06 1.18905e-07 8.64896e-09
#obs catch len freq
 9.73898e-12 1.05707e-09 6.76527e-08 2.55301e-06 5.68081e-05 0.000745379 0.00576819 0.026353 0.0714312 0.117641 0.130421 0.128998 0.139566 0.135624 0.10532 0.0698109 0.0399829 0.0186915 0.0069725 0.00205776 0.000467205 7.87385e-05 9.52171e-06 8.0039e-07 4.54563e-08
 9.97619e-12 1.08282e-09 6.93005e-08 2.61519e-06 5.81919e-05 0.000763539 0.00590883 0.0269972 0.0731924 0.120592 0.133619 0.131201 0.139843 0.134112 0.103033 0.0673266 0.037757 0.0171861 0.00620269 0.00175733 0.00038 6.0533e-05 6.87069e-06 5.38763e-07 2.83967e-08
 7.07339e-12 7.6775e-10 4.9136e-08 1.85425e-06 4.12603e-05 0.000541411 0.00419106 0.0191751 0.0523206 0.088707 0.109027 0.131034 0.160899 0.160106 0.122928 0.0792725 0.0435027 0.0192631 0.00672184 0.00182763 0.000376388 5.66895e-05 6.04344e-06 4.42569e-07 2.16825e-08
 1.754e-11 1.9038e-09 1.21843e-07 4.59798e-06 0.000102311 0.00134236 0.0103857 0.0473947 0.127731 0.204506 0.199938 0.133915 0.0841645 0.0643921 0.0522052 0.0378454 0.0219938 0.00973121 0.00329514 0.000857774 0.000167827 2.38643e-05 2.38815e-06 1.63344e-07 7.44292e-09
 7.45525e-12 8.09198e-10 5.17887e-08 1.95436e-06 4.34886e-05 0.000570691 0.00441903 0.0202443 0.0555396 0.0961607 0.125298 0.160765 0.193899 0.170463 0.100601 0.0440855 0.0176723 0.00702295 0.00242828 0.000643571 0.000123558 1.67737e-05 1.57949e-06 1.00911e-07 4.27617e-09
 1.31613e-11 1.42854e-09 9.14263e-08 3.45015e-06 7.67707e-05 0.0010073 0.00779441 0.0355922 0.0961965 0.155971 0.160775 0.12853 0.110422 0.104902 0.0908594 0.06283 0.0311832 0.0106299 0.00261433 0.000515399 8.4905e-05 1.08593e-05 9.83885e-07 5.98816e-08 2.38504e-09
 1.1162e-11 1.21153e-09 7.75378e-08 2.92605e-06 6.51097e-05 0.00085435 0.00661288 0.0302365 0.0821928 0.136556 0.153973 0.151134 0.150249 0.12684 0.081847 0.0444946 0.0221363 0.00924421 0.00285313 0.000608469 8.87122e-05 9.06659e-06 6.67613e-07 3.52025e-08 1.27763e-09
 1.58981e-11 1.72559e-09 1.10438e-07 4.16758e-06 9.27346e-05 0.00121676 0.00941525 0.0429926 0.116164 0.187945 0.191286 0.144521 0.107929 0.0840071 0.0581568 0.0335418 0.0154125 0.00544401 0.00149506 0.000319615 5.03573e-05 5.46258e-06 3.92043e-07 1.84043e-08 5.66616e-10
 1.29486e-11 1.40545e-09 8.99486e-08 3.3944e-06 7.55314e-05 0.000991106 0.0076714 0.0350732 0.0952649 0.157483 0.173328 0.158712 0.144006 0.11257 0.0662734 0.0308148 0.0122844 0.00411823 0.00108287 0.000213102 3.05796e-05 3.12584e-06 2.20636e-07 1.03734e-08 3.14997e-10
 1.38411e-11 1.50232e-09 9.61483e-08 3.62836e-06 8.07372e-05 0.0010594 0.0081994 0.0374739 0.101614 0.166707 0.178187 0.152002 0.129522 0.103309 0.0672722 0.0350031 0.0141709 0.00426376 0.000949245 0.000160127 2.0418e-05 1.89373e-06 1.22226e-07 5.31027e-09 1.51542e-10
 1.39219e-11 1.51109e-09 9.67098e-08 3.64955e-06 8.12093e-05 0.00106561 0.00824812 0.0377065 0.102339 0.168398 0.18139 0.156241 0.131951 0.101361 0.0625034 0.0311389 0.0125867 0.00392203 0.000898299 0.000147404 1.70626e-05 1.37997e-06 7.73326e-08 2.95888e-09 7.55966e-11
 1.25856e-11 1.36605e-09 8.74273e-08 3.29927e-06 7.34159e-05 0.000963404 0.00745859 0.0341252 0.0929089 0.154624 0.17258 0.159748 0.143767 0.11271 0.0692561 0.0337769 0.0131056 0.00388831 0.000856205 0.000137482 1.56835e-05 1.23144e-06 6.48628e-08 2.2536e-09 5.10816e-11
 1.39231e-11 1.51122e-09 9.67182e-08 3.64988e-06 8.12173e-05 0.00106575 0.00825009 0.037728 0.102493 0.169002 0.182425 0.156208 0.129954 0.100024 0.0633555 0.0321325 0.0126555 0.00370143 0.000786546 0.000120336 1.30335e-05 9.7496e-07 4.9124e-08 1.63051e-09 3.49863e-11
 1.3444e-11 1.45923e-09 9.33905e-08 3.52432e-06 7.84244e-05 0.00102916 0.00796836 0.0364651 0.0993053 0.165095 0.1824 0.162634 0.137861 0.102697 0.0608179 0.0288037 0.0109029 0.00315635 0.000669856 0.000101225 1.06228e-05 7.57233e-07 3.59999e-08 1.12316e-09 2.26487e-11
 1.13142e-11 1.22805e-09 7.85954e-08 2.96601e-06 6.60032e-05 0.00086627 0.00671033 0.0307609 0.084288 0.143089 0.16782 0.166744 0.155132 0.120707 0.0728235 0.0343125 0.0124957 0.00339871 0.000675894 9.68892e-05 9.77333e-06 6.72758e-07 3.07491e-08 9.13999e-10 1.73989e-11
 9.22682e-12 1.00149e-09 6.40957e-08 2.41886e-06 5.38299e-05 0.000706621 0.00547699 0.0251607 0.0694505 0.120712 0.150501 0.164729 0.166618 0.138771 0.0900604 0.0451726 0.0169615 0.00460267 0.000888547 0.000120925 1.14257e-05 7.34523e-07 3.14736e-08 8.8162e-10 1.58623e-11
 1.21337e-11 1.317e-09 8.42887e-08 3.18087e-06 7.07844e-05 0.000929007 0.00719546 0.0329634 0.0900438 0.150876 0.169458 0.155103 0.137775 0.113478 0.077879 0.0417853 0.0166264 0.00472963 0.000942295 0.000129209 1.19713e-05 7.37107e-07 2.97464e-08 7.7709e-10 1.29872e-11
 1.17732e-11 1.27788e-09 8.17849e-08 3.08643e-06 6.86859e-05 0.000901606 0.00698688 0.0320633 0.0880774 0.150094 0.175576 0.169238 0.149061 0.111344 0.0668514 0.0325799 0.012616 0.00366423 0.00075692 0.000107037 1.00831e-05 6.20417e-07 2.45713e-08 6.19171e-10 9.834e-12
 1.25402e-11 1.36112e-09 8.71126e-08 3.28749e-06 7.31606e-05 0.000960339 0.00744165 0.0341395 0.0936359 0.158551 0.181703 0.168332 0.143384 0.106151 0.063007 0.0291256 0.010234 0.00267282 0.000509796 6.90991e-05 6.40897e-06 3.92461e-07 1.54516e-08 3.84223e-10 5.96264e-12
 1.18805e-11 1.28952e-09 8.25305e-08 3.11462e-06 6.93173e-05 0.000910045 0.00705566 0.0324218 0.0893627 0.153396 0.181263 0.174785 0.150866 0.108922 0.061844 0.0272744 0.00913436 0.00224515 0.000394681 4.8653e-05 4.11779e-06 2.33695e-07 8.68308e-09 2.06658e-10 3.09413e-12
 1.22587e-11 1.33057e-09 8.5158e-08 3.2138e-06 7.15257e-05 0.000939071 0.00728115 0.0334587 0.0921762 0.157741 0.184299 0.173677 0.147025 0.105919 0.0603272 0.026267 0.00847847 0.00197226 0.000324441 3.70862e-05 2.88432e-06 1.49355e-07 5.05155e-09 1.09799e-10 1.5123e-12
 1.30788e-11 1.41959e-09 9.08553e-08 3.42884e-06 7.63126e-05 0.00100195 0.00776907 0.0356997 0.0982815 0.167536 0.192864 0.175316 0.141069 0.0967461 0.0527536 0.0221329 0.0069195 0.00155617 0.000244995 2.64288e-05 1.91526e-06 9.15451e-08 2.8394e-09 5.63427e-11 7.06549e-13
 1.23716e-11 1.34284e-09 8.59442e-08 3.24359e-06 7.2196e-05 0.000948141 0.00735716 0.0338768 0.0937965 0.162233 0.192452 0.181649 0.14825 0.0994806 0.0518069 0.020526 0.0060497 0.00128616 0.000191913 1.96213e-05 1.34304e-06 6.02596e-08 1.74172e-09 3.19855e-11 3.69113e-13
 1.3073e-11 1.41897e-09 9.08171e-08 3.42751e-06 7.62904e-05 0.00100191 0.00777384 0.0357795 0.0988681 0.169767 0.197294 0.179512 0.141782 0.0939558 0.0486774 0.0189238 0.00535008 0.00107128 0.000149096 1.41788e-05 9.03465e-07 3.77913e-08 1.01876e-09 1.7431e-11 1.86994e-13
 1.23023e-11 1.33532e-09 8.54646e-08 3.22565e-06 7.18064e-05 0.000943357 0.00732658 0.0338091 0.0940628 0.16418 0.196902 0.185816 0.148473 0.0963026 0.0480757 0.0180111 0.00492911 0.000954295 0.00012723 1.14379e-05 6.80894e-07 2.64087e-08 6.57851e-10 1.03933e-11 1.02998e-13
 1.243e-11 1.34918e-09 8.63527e-08 3.25925e-06 7.25583e-05 0.000953354 0.00740615 0.0341923 0.095181 0.166064 0.198309 0.185332 0.146903 0.0952001 0.0473842 0.0174318 0.00460081 0.000849217 0.000107448 9.14903e-06 5.14366e-07 1.8749e-08 4.36279e-10 6.40118e-12 5.86415e-14
 1.10914e-11 1.20391e-09 7.70572e-08 2.90868e-06 6.47703e-05 0.000851601 0.00662752 0.0307405 0.0865829 0.155195 0.194763 0.192888 0.157717 0.101795 0.0495585 0.0177451 0.00455018 0.000812024 9.8485e-05 7.96212e-06 4.21793e-07 1.44168e-08 3.13659e-10 4.29361e-12 3.66184e-14
 1.11906e-11 1.21468e-09 7.77477e-08 2.93483e-06 6.53569e-05 0.000859422 0.00668971 0.0310336 0.0873621 0.156103 0.194302 0.190647 0.156249 0.10249 0.0506536 0.0181121 0.0045475 0.00078358 9.10258e-05 7.01181e-06 3.52224e-07 1.13581e-08 2.31983e-10 2.9683e-12 2.35839e-14
#spawning biomass
 10536.1 13175.7 13498.8 17015.2 20210.9 19891.9 24137.9 34311.1 47135.5 63643.7 76502.1 90463 114934 130097 144372 143792 109535 100374 115829 103834 110654 118645 141726 139104 146935 132593 139578 152997 212320 338091 362682 336221 290144 241906 199568 165754 140295 121877 108922 99993.2 93932.3 89859.1 87128.2 85303.4 84125.2 83364.5 82873.3 82556.1 82351.4 82219.2 82133.8 82078.7 82043.1 82020.1 82005.3 81995.7 81989.5 81985.5 81982.9 81981.3 81980.2 81979.5 81979.1 81978.8 81978.6 81978.5 81978.4 81978.3 81978.3 81978.3 81978.3 81978.3 81978.3 81978.2 81978.2 81978.2 81978.2 81978.2 81978.2 81978.2 81978.2 81978.2 81978.2 81978.2 81978.2 81978.2 81978.2 81978.2 81978.2 81978.2 81978.2 81978.2 81978.2 81978.2 81978.2 81978.2 81978.2 81978.2 81978.2 81978.2 81978.2 81978.2 81978.2 81978.2 81978.2 81978.2 81978.2 81978.2 81978.2 81978.2 81978.2 81978.2 81978.2 81978.2 81978.2 81978.2 81978.2 81978.2 81978.2 81978.2 81978.2 81978.2 81978.2 81978.2 81978.2 81978.2 81978.2 81978.2 0 0 0 0 0 0 0 0 0 0 0 0 0 0 0 0 0 0 0 0 0 0 0 0 0
