SBPRF35
0.178135
Curr Bio
155740
B35
200205
F35
0.941289
FOFL
0.774017
OFL
45663.3
Bzero
50895.7
#pred survey bio
 5367.29 5945.4 8984.43 14653.4 26159.1 33883.6 30023.8 38003.1 58819.4 85489.6 108088 129406 188434 212303 180931 171004 157373 156763 144570 156144 166054 168371 190911 211989 200945 184925 185845 184486 6.82924e+06 4.02673e+06 2.4369e+06 1.33276e+06 852835 655304 568004 524892 501410 487787 479620 474653 471615 469755 468611 467904 467481 467226 467073 466981 466926 466892 466872 466860 466852 466848 466845 466844 466843 466842 466842 466842 466841 466841 466841 466841 466841 466841 466841 466841 466841 466841 466841 466841 466841 466841 466841 466841 466841 466841 466841 466841 466841 466841 466841 466841 466841 466841 466841 466841 466841 466841 466841 466841 466841 466841 466841 466841 466841 466841 466841 466841 466841 466841 466841 466841 466841 466841 466841 466841 466841 466841 466841 466841 466841 466841 466841 466841 466841 466841 466841 466841 466841 466841 466841 466841 466841 466841 466841 466841 0 0 0 0 0 0 0 0 0 0 0 0 0 0 0 0 0 0 0 0 0 0 0 0 0
#obs survey bio
 4501.76 4982.77 9760.47 12705.8 18771.1 20781 20727.4 37685.6 49501.4 64704.5 74258.9 74584 136121 215488 121899 117574 146865 112241 57640.8 114761 123960 97503.8 172388 169282 195140 116597 166310 149902
#pred catch bio
 2208.78 2286.61 3035.71 4976.73 9491.64 16710.3 14578.4 17653 25208.8 38550.1 55919.3 59771.6 97023.6 123695 97388.3 100963 89242 94973.7 80767.1 87202.5 99142.7 95873 108479 134354 128580 112274 113864 104857 45663.3 73965.6 45499.3 20474.2 10935 7955.88 7100.49 6867.27 6805.93 6790.22 6786.27 6785.29 6785.05 6784.99 6784.98 6784.97 6784.97 6784.97 6784.97 6784.97 6784.97 6784.97 6784.97 6784.97 6784.97 6784.97 6784.97 6784.97 6784.97 6784.97 6784.97 6784.97 6784.97 6784.97 6784.97 6784.97 6784.97 6784.97 6784.97 6784.97 6784.97 6784.97 6784.97 6784.97 6784.97 6784.97 6784.97 6784.97 6784.97 6784.97 6784.97 6784.97 6784.97 6784.97 6784.97 6784.97 6784.97 6784.97 6784.97 6784.97 6784.97 6784.97 6784.97 6784.97 6784.97 6784.97 6784.97 6784.97 6784.97 6784.97 6784.97 6784.97 6784.97 6784.97 6784.97 6784.97 6784.97 6784.97 6784.97 6784.97 6784.97 6784.97 6784.97 6784.97 6784.97 6784.97 6784.97 6784.97 6784.97 6784.97 6784.97 6784.97 6784.97 6784.97 6784.97 6784.97 6784.97 6784.97 6784.97 6784.97 0 0 0 0 0 0 0 0 0 0 0 0 0 0 0 0 0 0 0 0 0 0 0 0 0
#obs catch bio
 2129.96 2252.86 2690.05 4414.9 8654.63 16453.3 15542.6 17215 23295.5 35165.1 54655.7 58690.7 91577.9 113116 93602.4 99386.1 89243.7 95695.4 82803.9 80129.9 91175.9 92057.9 94377.8 123585 117616 105199 104567 100262
#pred cpue bio
 3648.15 3212.66 4361.46 7230.99 12302.8 18511.9 17098.9 17943.3 26119.8 40864.4 53924.3 60815.8 86408.8 103907 92132.4 88064 75667 75557.8 68105 73211.4 78550.4 76887.6 86291.9 97049.9 89676.5 83039.6 84243.5 83362.6 3.20065e+06 3.01813e+06 2.20256e+06 1.17758e+06 702096 504803 417518 374407 350925 337302 329134 324167 321129 319269 318125 317418 316995 316741 316588 316495 316440 316406 316386 316374 316367 316362 316359 316358 316357 316356 316356 316356 316355 316355 316355 316355 316355 316355 316355 316355 316355 316355 316355 316355 316355 316355 316355 316355 316355 316355 316355 316355 316355 316355 316355 316355 316355 316355 316355 316355 316355 316355 316355 316355 316355 316355 316355 316355 316355 316355 316355 316355 316355 316355 316355 316355 316355 316355 316355 316355 316355 316355 316355 316355 316355 316355 316355 316355 316355 316355 316355 316355 316355 316355 316355 316355 316355 316355 316355 316355 0 0 0 0 0 0 0 0 0 0 0 0 0 0 0 0 0 0 0 0 0 0 0 0 0
#obs cpue bio
 2911.17 5285.11 9112.33 13256.1 18106.4 21456.2 20115.8 26931.9 42809.1 76564.7 74737.9 106300 173748 157066 128421 144729 77224.1 108121 131520 183536 146182 138826 203758 153242 136497 149130 145040 119233
#pred surv len freq
 1.48795e-11 1.61502e-09 1.03361e-07 3.90054e-06 8.67918e-05 0.00113875 0.00881047 0.040211 0.108452 0.174402 0.174599 0.128941 0.0977283 0.0789899 0.0559867 0.0368788 0.0250967 0.0174837 0.0126104 0.00959965 0.00784401 0.00694881 0.00627867 0.00496823 0.00294111
 1.72453e-11 1.87181e-09 1.19796e-07 4.52072e-06 0.000100591 0.0013198 0.010211 0.046598 0.125606 0.201408 0.198887 0.139526 0.0959666 0.0715872 0.0465973 0.0265213 0.0147967 0.00807823 0.00445187 0.00266932 0.00179585 0.00136829 0.00112809 0.00086463 0.000514266
 1.79269e-11 1.94579e-09 1.24531e-07 4.6994e-06 0.000104567 0.00137196 0.0106146 0.0484386 0.130554 0.209234 0.206101 0.143159 0.0962862 0.0697592 0.0430156 0.0219421 0.0105693 0.00485044 0.00208329 0.00089838 0.000425842 0.000241508 0.000164306 0.000114973 6.6393e-05
 1.74221e-11 1.891e-09 1.21024e-07 4.56706e-06 0.000101623 0.00133333 0.0103158 0.0470774 0.126917 0.203663 0.201833 0.143469 0.100873 0.075256 0.0467513 0.0237311 0.0111401 0.00477573 0.00179127 0.000617881 0.000208682 7.59312e-05 3.44071e-05 1.90864e-05 1.0042e-05
 1.83876e-11 1.99579e-09 1.2773e-07 4.82015e-06 0.000107254 0.00140721 0.0108872 0.0496806 0.133873 0.214323 0.210025 0.142977 0.0923599 0.0653154 0.0405559 0.0212401 0.0103379 0.00449763 0.00166064 0.000535738 0.000154198 4.07912e-05 1.11034e-05 3.72358e-06 1.49175e-06
 1.48669e-11 1.61366e-09 1.03274e-07 3.89723e-06 8.67184e-05 0.00113779 0.00880346 0.0401876 0.108506 0.175438 0.180094 0.144611 0.123172 0.101459 0.0633513 0.0307503 0.0136568 0.00570075 0.00210699 0.000684328 0.000192563 4.62173e-05 9.66547e-06 1.93013e-06 4.37741e-07
 1.45745e-11 1.58192e-09 1.01243e-07 3.82059e-06 8.50129e-05 0.00111542 0.0086303 0.0393966 0.106363 0.171918 0.176225 0.140944 0.119969 0.100767 0.0671615 0.0371581 0.0186494 0.00788996 0.00267846 0.000780883 0.00020598 4.79339e-05 9.44357e-06 1.55214e-06 2.2339e-07
 1.86225e-11 2.0213e-09 1.29363e-07 4.88174e-06 0.000108625 0.00142519 0.0110263 0.0503135 0.135556 0.216834 0.21162 0.141757 0.0885894 0.061691 0.0393331 0.0220282 0.0115481 0.00529525 0.00201592 0.000641378 0.000168268 3.63579e-05 6.62609e-06 1.01515e-06 1.27041e-07
 1.86337e-11 2.02251e-09 1.2944e-07 4.88467e-06 0.00010869 0.00142605 0.011033 0.0503464 0.135674 0.217265 0.213176 0.145779 0.0946638 0.0657956 0.0378422 0.0165816 0.00646993 0.00250342 0.000916833 0.000303316 8.6336e-05 2.01108e-05 3.72644e-06 5.44559e-07 6.29314e-08
 1.74124e-11 1.88995e-09 1.20956e-07 4.56452e-06 0.000101566 0.00133259 0.0103101 0.0470528 0.126868 0.203724 0.20255 0.145683 0.104381 0.0778352 0.0463759 0.0211221 0.00842656 0.00302222 0.00090309 0.000233843 5.7465e-05 1.31706e-05 2.57614e-06 3.99105e-07 4.69523e-08
 1.68642e-11 1.83045e-09 1.17148e-07 4.42082e-06 9.83687e-05 0.00129064 0.00998564 0.0455738 0.122905 0.197566 0.197397 0.14458 0.107109 0.0820855 0.0504932 0.024514 0.0106581 0.0040784 0.00125946 0.000317881 6.82502e-05 1.26589e-05 2.08691e-06 3.04392e-07 3.6532e-08
 1.78948e-11 1.94231e-09 1.24308e-07 4.69099e-06 0.00010438 0.00136951 0.0105957 0.0483533 0.130339 0.209013 0.20646 0.144931 0.0993409 0.0722913 0.0433645 0.0204702 0.00865787 0.00330382 0.00104907 0.000277209 6.157e-05 1.12044e-05 1.65646e-06 2.02121e-07 2.06558e-08
 1.82496e-11 1.98081e-09 1.26772e-07 4.78398e-06 0.000106449 0.00139665 0.0108056 0.04931 0.132899 0.21296 0.209616 0.145151 0.0968225 0.0690379 0.0409025 0.0189673 0.00783962 0.00294182 0.000926425 0.000245521 5.57342e-05 1.05359e-05 1.60754e-06 1.93515e-07 1.81121e-08
 1.67438e-11 1.81738e-09 1.16312e-07 4.38926e-06 9.76665e-05 0.00128143 0.00991444 0.0452505 0.122057 0.196393 0.197115 0.146679 0.111279 0.0853962 0.0504217 0.0219757 0.00821363 0.00282674 0.000832775 0.000207291 4.48639e-05 8.30652e-06 1.27437e-06 1.56965e-07 1.49763e-08
 1.59877e-11 1.73532e-09 1.1106e-07 4.19106e-06 9.32564e-05 0.00122357 0.00946693 0.0432115 0.116604 0.187996 0.190467 0.146428 0.116996 0.0926265 0.0557265 0.0250024 0.00966687 0.0033204 0.000917908 0.000202788 3.84459e-05 6.4045e-06 9.14495e-07 1.08413e-07 1.02605e-08
 1.62314e-11 1.76177e-09 1.12753e-07 4.25494e-06 9.46777e-05 0.00124222 0.0096111 0.0438672 0.118342 0.19054 0.191842 0.144395 0.111931 0.0881596 0.0549188 0.0270107 0.0118475 0.00448294 0.00132887 0.000311604 6.0161e-05 9.48706e-06 1.21508e-06 1.28437e-07 1.11504e-08
 1.73154e-11 1.87942e-09 1.20283e-07 4.53909e-06 0.000101 0.00132517 0.0102527 0.0467912 0.126169 0.202648 0.201703 0.145666 0.10513 0.0787436 0.0469822 0.0214371 0.00861945 0.00315449 0.000966515 0.000244447 5.12622e-05 8.62359e-06 1.13772e-06 1.17166e-07 9.37926e-09
 1.70831e-11 1.85421e-09 1.18669e-07 4.47821e-06 9.96457e-05 0.00130739 0.0101153 0.0461654 0.124501 0.200133 0.199965 0.146428 0.10817 0.0818323 0.0482927 0.021216 0.00800873 0.00274393 0.00078485 0.000185514 3.784e-05 6.57511e-06 9.29262e-07 1.02488e-07 8.53957e-09
 1.74108e-11 1.88977e-09 1.20945e-07 4.5641e-06 0.000101557 0.00133247 0.0103092 0.0470492 0.126866 0.203788 0.202921 0.146746 0.106022 0.078956 0.0459958 0.0196911 0.0071118 0.0023176 0.000623287 0.00013455 2.4622e-05 3.88984e-06 5.19544e-07 5.71319e-08 4.96014e-09
 1.76114e-11 1.91155e-09 1.22339e-07 4.61668e-06 0.000102727 0.00134782 0.0104279 0.0475898 0.128308 0.20597 0.20447 0.146222 0.10361 0.0764637 0.0448868 0.0197629 0.00746237 0.00251335 0.000682606 0.000145934 2.58179e-05 3.82042e-06 4.64888e-07 4.6411e-08 3.7626e-09
 1.74025e-11 1.88888e-09 1.20888e-07 4.56194e-06 0.000101509 0.00133184 0.0103043 0.0470268 0.126805 0.203676 0.202753 0.146478 0.105678 0.0787599 0.0461544 0.0200885 0.00746293 0.00250169 0.000690142 0.000152349 2.78035e-05 4.15641e-06 4.96016e-07 4.70002e-08 3.51732e-09
 1.79475e-11 1.94803e-09 1.24674e-07 4.7048e-06 0.000104688 0.00137354 0.0106269 0.0484966 0.130736 0.209729 0.207547 0.146666 0.101579 0.0736016 0.0424181 0.0179757 0.00639686 0.00205683 0.000547181 0.00011625 2.06259e-05 3.07564e-06 3.72867e-07 3.57754e-08 2.65311e-09
 1.81114e-11 1.96582e-09 1.25812e-07 4.74775e-06 0.000105643 0.00138608 0.0107239 0.0489384 0.131917 0.211544 0.208963 0.146655 0.100243 0.0719839 0.0413286 0.0174415 0.00616237 0.00196223 0.000514405 0.000106593 1.82665e-05 2.6238e-06 3.08231e-07 2.91103e-08 2.16276e-09
 1.78576e-11 1.93827e-09 1.24049e-07 4.68121e-06 0.000104163 0.00136666 0.0105736 0.0482541 0.130089 0.208748 0.206842 0.146876 0.102624 0.0747015 0.0429414 0.0179929 0.00627096 0.00197184 0.000512439 0.000105167 1.77598e-05 2.49566e-06 2.84332e-07 2.58935e-08 1.85978e-09
 1.81415e-11 1.96908e-09 1.26021e-07 4.75564e-06 0.000105819 0.00138838 0.0107417 0.04902 0.13214 0.211932 0.209487 0.147381 0.101107 0.0724184 0.0408085 0.016308 0.00520924 0.00149944 0.000365037 7.02331e-05 1.10751e-05 1.47366e-06 1.61615e-07 1.42484e-08 9.8943e-10
 1.79687e-11 1.95033e-09 1.24821e-07 4.71034e-06 0.000104811 0.00137516 0.0106394 0.0485543 0.130898 0.210043 0.208111 0.147716 0.10301 0.0744578 0.0418342 0.0164289 0.00505177 0.00138498 0.000319811 5.70235e-05 8.09635e-06 9.67565e-07 9.68204e-08 7.92006e-09 5.19491e-10
 1.7929e-11 1.94602e-09 1.24545e-07 4.69995e-06 0.00010458 0.00137213 0.0106159 0.048447 0.130607 0.209567 0.207592 0.147234 0.102597 0.0743743 0.0423348 0.0172686 0.00571213 0.00168226 0.0004021 7.21151e-05 1.00816e-05 1.15486e-06 1.07288e-07 7.95092e-09 4.70716e-10
 1.79767e-11 1.9512e-09 1.24876e-07 4.71244e-06 0.000104858 0.00137577 0.0106442 0.0485756 0.130951 0.210097 0.208012 0.147253 0.102241 0.073917 0.0419888 0.0170644 0.00561791 0.00165899 0.000404829 7.59842e-05 1.13045e-05 1.36037e-06 1.28418e-07 9.33647e-09 5.24278e-10
#obs surv len freq
 1.28688e-11 1.39679e-09 8.93945e-08 3.37347e-06 7.50643e-05 0.000984896 0.00762085 0.0347974 0.0940551 0.152817 0.159998 0.135884 0.124959 0.111902 0.0818274 0.0505938 0.0270969 0.0118663 0.00411706 0.00112424 0.000236008 3.6811e-05 4.12986e-06 3.23326e-07 1.71803e-08
 1.84029e-11 1.99746e-09 1.27837e-07 4.82418e-06 0.000107344 0.0014084 0.0108965 0.049724 0.133996 0.214489 0.209713 0.14076 0.0878063 0.0620918 0.0422204 0.0254086 0.0132622 0.0056281 0.00188003 0.000490801 9.78383e-05 1.43953e-05 1.51381e-06 1.10464e-07 5.4452e-09
 1.56021e-11 1.69346e-09 1.08381e-07 4.08998e-06 9.10075e-05 0.00119408 0.00923929 0.0421827 0.113941 0.184407 0.189218 0.149314 0.120571 0.0936808 0.0557472 0.0253279 0.0100133 0.00361405 0.00111713 0.000276799 5.23502e-05 7.26381e-06 7.15993e-07 4.87205e-08 2.23002e-09
 1.80713e-11 1.96148e-09 1.25534e-07 4.73727e-06 0.00010541 0.00138303 0.0107006 0.0488376 0.131692 0.211385 0.208969 0.145254 0.0955581 0.0675943 0.0426169 0.0222495 0.00953997 0.00315357 0.000779322 0.000150079 2.34103e-05 2.87333e-06 2.59923e-07 1.64041e-08 6.96507e-10
 1.66314e-11 1.80518e-09 1.15532e-07 4.35981e-06 9.70116e-05 0.00127286 0.00984886 0.0449645 0.121422 0.196148 0.199112 0.150559 0.112431 0.0825141 0.0480921 0.021742 0.00829332 0.00267167 0.000678333 0.000129209 1.80103e-05 1.81955e-06 1.33399e-07 7.05134e-09 2.61601e-10
 7.24599e-12 7.86484e-10 5.0335e-08 1.8995e-06 4.22682e-05 0.000554686 0.0042954 0.0196828 0.0540412 0.0937339 0.122278 0.156236 0.188391 0.170133 0.108588 0.0529449 0.0208877 0.00642374 0.00147513 0.000254012 3.30138e-05 3.1553e-06 2.1311e-07 9.87844e-09 3.09391e-10
 1.59919e-11 1.73577e-09 1.11089e-07 4.19217e-06 9.32813e-05 0.00122391 0.00946975 0.0432253 0.116608 0.187429 0.186043 0.131155 0.0920965 0.0793571 0.0688619 0.0486271 0.0246965 0.00861443 0.00208623 0.000359904 4.45628e-05 3.91648e-06 2.40675e-07 1.01839e-08 2.91127e-10
 1.80124e-11 1.95508e-09 1.25125e-07 4.72183e-06 0.000105067 0.00137856 0.0106668 0.0486972 0.131457 0.211834 0.211995 0.151127 0.0998061 0.0658448 0.0369035 0.0176544 0.00803174 0.00325304 0.000997989 0.000210441 2.94315e-05 2.71097e-06 1.64823e-07 6.62017e-09 1.74941e-10
 1.59334e-11 1.72943e-09 1.10683e-07 4.17685e-06 9.29415e-05 0.0012195 0.00943733 0.0431095 0.116657 0.189875 0.197357 0.156712 0.120702 0.0863745 0.0481034 0.0205434 0.00714979 0.00206031 0.000490021 9.52379e-05 1.41484e-05 1.46535e-06 9.93901e-08 4.28792e-09 1.16393e-10
 1.46789e-11 1.59326e-09 1.01968e-07 3.84799e-06 8.56242e-05 0.00112352 0.00869545 0.0397369 0.107703 0.176371 0.187177 0.156353 0.128222 0.0966077 0.0576273 0.0269528 0.00993479 0.00275494 0.000557038 8.34126e-05 9.50759e-06 8.22539e-07 5.17951e-08 2.23908e-09 6.31663e-11
 1.42432e-11 1.54597e-09 9.89419e-08 3.73378e-06 8.30834e-05 0.0010902 0.00843821 0.0385716 0.104643 0.171896 0.184061 0.156321 0.130012 0.0991189 0.0606701 0.0295754 0.0114046 0.00330468 0.000691947 0.000103125 1.08208e-05 7.9124e-07 4.01542e-08 1.41083e-09 3.39302e-11
 1.67241e-11 1.81524e-09 1.16175e-07 4.38412e-06 9.75539e-05 0.00128004 0.00990614 0.0452533 0.122439 0.198861 0.203965 0.154036 0.109257 0.075964 0.0452637 0.0220164 0.00852944 0.00250071 0.000534579 8.16201e-05 8.70152e-06 6.31762e-07 3.06172e-08 9.77358e-10 2.03765e-11
 1.52745e-11 1.6579e-09 1.06106e-07 4.00414e-06 8.91e-05 0.00116918 0.00905019 0.041378 0.112312 0.184567 0.196772 0.162615 0.126526 0.0878853 0.0477963 0.0203737 0.00705479 0.0019371 0.000401494 6.04753e-05 6.40878e-06 4.63576e-07 2.23203e-08 7.01416e-10 1.41652e-11
 1.2887e-11 1.39877e-09 8.95214e-08 3.37831e-06 7.5176e-05 0.000986559 0.0076393 0.0349734 0.0953909 0.159491 0.179366 0.16573 0.144943 0.108398 0.0625701 0.0278964 0.00957464 0.00244129 0.000452969 6.11486e-05 5.95172e-06 4.06139e-07 1.87816e-08 5.7187e-10 1.12191e-11
 1.22787e-11 1.33274e-09 8.52953e-08 3.21884e-06 7.16283e-05 0.000940042 0.00728016 0.0333446 0.0910787 0.152904 0.173617 0.162927 0.145443 0.113054 0.0697452 0.0335348 0.0121802 0.00319843 0.00059336 7.71338e-05 6.95932e-06 4.29953e-07 1.79317e-08 4.97303e-10 9.01711e-12
 1.36505e-11 1.48164e-09 9.48251e-08 3.57847e-06 7.96306e-05 0.00104503 0.00809228 0.037044 0.100946 0.16787 0.18456 0.161194 0.133202 0.0997383 0.061317 0.029953 0.0112076 0.00306639 0.000594104 7.96873e-05 7.24381e-06 4.38056e-07 1.7379e-08 4.47579e-10 7.41495e-12
 1.3582e-11 1.47421e-09 9.43497e-08 3.56055e-06 7.92334e-05 0.00103989 0.00805424 0.0368961 0.100767 0.168665 0.188287 0.167594 0.137538 0.0981088 0.0558724 0.0252427 0.00894081 0.00238294 0.000459476 6.20868e-05 5.70764e-06 3.47793e-07 1.37639e-08 3.48423e-10 5.57762e-12
 1.39882e-11 1.51829e-09 9.71711e-08 3.66704e-06 8.16039e-05 0.00107103 0.00829587 0.038007 0.103802 0.173546 0.192455 0.168001 0.134312 0.0941884 0.0529304 0.0232156 0.00777275 0.00192434 0.000344708 4.38699e-05 3.86619e-06 2.29033e-07 8.88157e-09 2.20819e-10 3.46534e-12
 1.41908e-11 1.54028e-09 9.85788e-08 3.72018e-06 8.27879e-05 0.00108663 0.00841794 0.038582 0.10548 0.176718 0.196384 0.17058 0.133597 0.0907375 0.0491158 0.0206947 0.00664841 0.0015716 0.000265725 3.15055e-05 2.56816e-06 1.40916e-07 5.09917e-09 1.19417e-10 1.77998e-12
 1.41809e-11 1.53921e-09 9.85105e-08 3.71763e-06 8.27332e-05 0.00108598 0.00841468 0.0385888 0.105655 0.177619 0.198521 0.172943 0.134212 0.0893406 0.0470398 0.0190949 0.00585356 0.0013116 0.000209236 2.32994e-05 1.77377e-06 9.03314e-08 3.01782e-09 6.50733e-11 8.93451e-13
 1.4364e-11 1.55909e-09 9.97829e-08 3.76568e-06 8.38043e-05 0.00110011 0.0085255 0.0391125 0.107179 0.180408 0.201579 0.174194 0.132702 0.0864782 0.044552 0.01759 0.00519473 0.00111087 0.000167696 1.754e-05 1.24708e-06 5.90667e-08 1.82922e-09 3.64542e-11 4.61305e-13
 1.48071e-11 1.60718e-09 1.02861e-07 3.88187e-06 8.63919e-05 0.00113413 0.00879013 0.040335 0.110552 0.185943 0.206545 0.175087 0.129077 0.081226 0.0404379 0.0153864 0.00436256 0.000892219 0.000128134 1.26643e-05 8.45013e-07 3.73383e-08 1.07378e-09 1.9804e-11 2.31359e-13
 1.45577e-11 1.58011e-09 1.01129e-07 3.81659e-06 8.49431e-05 0.00111527 0.00864723 0.0397207 0.109165 0.184809 0.207876 0.178651 0.131538 0.08091 0.038778 0.0140712 0.00378709 0.000733686 9.96021e-05 9.27877e-06 5.81581e-07 2.40534e-08 6.45069e-10 1.10553e-11 1.19637e-13
 1.45206e-11 1.57609e-09 1.00873e-07 3.80697e-06 8.47326e-05 0.00111263 0.00862929 0.0396663 0.109189 0.185409 0.209347 0.179937 0.131471 0.0799124 0.0377183 0.0133455 0.00345165 0.000634346 8.0972e-05 7.05587e-06 4.12555e-07 1.58927e-08 3.96497e-10 6.31298e-12 6.33741e-14
 1.44379e-11 1.56712e-09 1.00299e-07 3.7854e-06 8.42575e-05 0.00110656 0.00858547 0.0395016 0.108966 0.185817 0.211085 0.181894 0.131766 0.0786575 0.0362857 0.0124924 0.00312729 0.000552789 6.7322e-05 5.54512e-06 3.03811e-07 1.0895e-08 2.51988e-10 3.71101e-12 3.44192e-14
 1.31905e-11 1.43174e-09 9.16363e-08 3.45865e-06 7.69964e-05 0.00101162 0.00785785 0.0362641 0.100832 0.175282 0.207044 0.188331 0.141974 0.0855302 0.0389574 0.0130711 0.00316109 0.000536516 6.24294e-05 4.88844e-06 2.53233e-07 8.53772e-09 1.84626e-10 2.52965e-12 2.17403e-14
 1.32912e-11 1.44267e-09 9.23368e-08 3.48517e-06 7.7591e-05 0.00101955 0.00792123 0.0365693 0.101702 0.176591 0.20747 0.186833 0.140145 0.085182 0.0394044 0.0133096 0.00318305 0.000525284 5.87029e-05 4.37751e-06 2.14659e-07 6.81969e-09 1.38448e-10 1.77491e-12 1.42283e-14
 1.34843e-11 1.46364e-09 9.36807e-08 3.53603e-06 7.87307e-05 0.00103475 0.0080432 0.0371695 0.103558 0.180219 0.211608 0.188409 0.137659 0.0808606 0.0361818 0.0118889 0.00278264 0.000450183 4.91043e-05 3.54214e-06 1.66307e-07 5.01321e-09 9.59016e-11 1.15283e-12 8.63536e-15
#pred catch len freq
 9.25449e-12 1.00449e-09 6.4287e-08 2.42599e-06 5.39817e-05 0.000708283 0.00548076 0.0250324 0.0677641 0.110995 0.120675 0.11454 0.119753 0.113856 0.0874718 0.0622022 0.0446874 0.0319205 0.0232708 0.0177897 0.0145561 0.0128996 0.0116565 0.00922374 0.0054603
 1.22903e-11 1.334e-09 8.53757e-08 3.22182e-06 7.16896e-05 0.000940615 0.00727815 0.0332318 0.089825 0.146039 0.153706 0.133352 0.12606 0.112306 0.0789203 0.0481177 0.0284096 0.0159682 0.00892119 0.00538276 0.00362931 0.00276682 0.00228138 0.00174861 0.00104005
 1.31275e-11 1.42486e-09 9.11912e-08 3.44127e-06 7.65728e-05 0.00100469 0.00777385 0.0354941 0.0959258 0.155843 0.163477 0.140354 0.130524 0.113524 0.0753541 0.0410741 0.0210875 0.010033 0.00438307 0.00190685 0.000907438 0.000515301 0.00035068 0.000245401 0.000141712
 1.24851e-11 1.35514e-09 8.67287e-08 3.27287e-06 7.28258e-05 0.000955526 0.00739365 0.0337622 0.0912994 0.148765 0.158099 0.140903 0.136643 0.120877 0.0804669 0.0435875 0.0217872 0.0096774 0.00369171 0.00128576 0.000436478 0.000159162 7.2173e-05 4.00421e-05 2.1068e-05
 1.39233e-11 1.51124e-09 9.67189e-08 3.64987e-06 8.12144e-05 0.00106558 0.00824483 0.0376399 0.101662 0.164652 0.170342 0.140282 0.124136 0.106204 0.0712382 0.0397759 0.0204838 0.0091859 0.00344077 0.00111932 0.000323654 8.58049e-05 2.33784e-05 7.8427e-06 3.1422e-06
 1.03679e-11 1.12533e-09 7.20211e-08 2.71786e-06 6.04761e-05 0.000793505 0.00614057 0.0280542 0.076057 0.125484 0.140589 0.143235 0.157244 0.144043 0.0937469 0.0475863 0.0222153 0.00956167 0.00358345 0.001172 0.00033095 7.95596e-05 1.66506e-05 3.32612e-06 7.54436e-07
 9.89289e-12 1.07378e-09 6.87217e-08 2.59335e-06 5.77057e-05 0.000757153 0.00585926 0.0267691 0.0725739 0.119746 0.134216 0.137037 0.151675 0.142683 0.100054 0.058348 0.0306249 0.0132541 0.00454946 0.00133629 0.000354138 8.25921e-05 1.62859e-05 2.67769e-06 3.85439e-07
 1.48653e-11 1.61348e-09 1.03263e-07 3.89682e-06 8.67091e-05 0.00113767 0.00880235 0.0401793 0.108439 0.174972 0.177947 0.138727 0.114156 0.0952649 0.0653449 0.0385925 0.0210768 0.00986332 0.00379109 0.00121278 0.000319135 6.90604e-05 1.25957e-05 1.93044e-06 2.41622e-07
 1.48263e-11 1.60926e-09 1.02992e-07 3.8866e-06 8.6482e-05 0.00113469 0.00877951 0.0400793 0.108228 0.175103 0.180283 0.146101 0.125774 0.103381 0.0630224 0.0288169 0.0118528 0.00476701 0.00177702 0.000592436 0.000169215 3.94752e-05 7.31945e-06 1.06995e-06 1.23666e-07
 1.32587e-11 1.43911e-09 9.21028e-08 3.47568e-06 7.73384e-05 0.00101473 0.00785168 0.0358516 0.0969213 0.157695 0.166509 0.14561 0.137708 0.118557 0.0743229 0.035334 0.0148125 0.00549084 0.00166632 0.000435324 0.000107587 2.47238e-05 4.84054e-06 7.50164e-07 8.82636e-08
 1.29531e-11 1.40593e-09 8.99794e-08 3.39554e-06 7.55554e-05 0.000991338 0.0076707 0.035026 0.0946998 0.154165 0.163181 0.143741 0.137311 0.119635 0.0771078 0.0389634 0.0176523 0.00692202 0.00216137 0.000548987 0.000118355 2.20019e-05 3.63112e-06 5.29881e-07 6.36057e-08
 1.39587e-11 1.51509e-09 9.69653e-08 3.65917e-06 8.14213e-05 0.0010683 0.00826595 0.0377384 0.101956 0.165359 0.17214 0.144399 0.130207 0.110373 0.069966 0.0345263 0.0153089 0.00601587 0.00193602 0.000515329 0.000114957 2.09663e-05 3.10302e-06 3.78835e-07 3.87253e-08
 1.48353e-11 1.61023e-09 1.03054e-07 3.88895e-06 8.65342e-05 0.00113538 0.00878478 0.0401027 0.108282 0.175118 0.17996 0.145005 0.124079 0.102396 0.0638549 0.0307248 0.013211 0.00508465 0.00161987 0.000431944 9.8407e-05 1.86362e-05 2.84582e-06 3.4271e-07 3.20819e-08
 1.33633e-11 1.45046e-09 9.2829e-08 3.50308e-06 7.79482e-05 0.00102273 0.0079136 0.0361347 0.0976907 0.158981 0.168021 0.147276 0.139401 0.119195 0.0728754 0.0326116 0.0126028 0.00444699 0.00132566 0.000331916 7.20808e-05 1.33687e-05 2.05259e-06 2.52904e-07 2.41336e-08
 1.20618e-11 1.30919e-09 8.37883e-08 3.16191e-06 7.03569e-05 0.000923138 0.00714328 0.0326246 0.088302 0.144514 0.156516 0.146671 0.148979 0.131463 0.0820724 0.0380575 0.0153202 0.00541119 0.00151512 0.000337033 6.42066e-05 1.07264e-05 1.53364e-06 1.81913e-07 1.72208e-08
 1.27009e-11 1.37856e-09 8.82277e-08 3.32944e-06 7.40845e-05 0.000972041 0.00752145 0.0343459 0.0928805 0.151361 0.160947 0.143613 0.139165 0.122061 0.0790118 0.0401396 0.0181877 0.00701306 0.00209631 0.000493942 9.56841e-05 1.5118e-05 1.93818e-06 2.04974e-07 1.77994e-08
 1.39595e-11 1.51517e-09 9.6971e-08 3.65938e-06 8.14261e-05 0.00106836 0.00826647 0.0377416 0.101975 0.165472 0.172642 0.145763 0.13229 0.111784 0.0694615 0.0326759 0.013601 0.0050942 0.00157739 0.000401104 8.43794e-05 1.4218e-05 1.8773e-06 1.93411e-07 1.54862e-08
 1.39851e-11 1.51795e-09 9.71486e-08 3.66609e-06 8.15753e-05 0.00107032 0.00828164 0.0378114 0.102171 0.165846 0.173294 0.146949 0.133905 0.112792 0.0689061 0.0310225 0.0120624 0.00422281 0.00122006 0.000289856 5.93096e-05 1.03229e-05 1.46004e-06 1.61081e-07 1.34237e-08
 1.40619e-11 1.52628e-09 9.76817e-08 3.68621e-06 8.20229e-05 0.00107619 0.00832708 0.0380187 0.10273 0.166741 0.174169 0.147528 0.134179 0.11266 0.0682137 0.0300082 0.011218 0.00375396 0.00102235 0.000222084 4.08085e-05 6.46278e-06 8.64203e-07 9.50815e-08 8.25673e-09
 1.43136e-11 1.5536e-09 9.94302e-08 3.75219e-06 8.34911e-05 0.00109545 0.00847604 0.0386969 0.104537 0.169468 0.176057 0.146718 0.13092 0.109381 0.066893 0.0303189 0.0118487 0.0040897 0.00112329 0.000241534 4.28993e-05 6.36331e-06 7.75257e-07 7.74412e-08 6.28001e-09
 1.434e-11 1.55647e-09 9.96141e-08 3.75913e-06 8.36455e-05 0.00109748 0.00849171 0.0387685 0.104731 0.169789 0.176419 0.147083 0.131257 0.109466 0.066511 0.0296719 0.0113576 0.00389226 0.00108486 0.000240709 4.40722e-05 6.60082e-06 7.88465e-07 7.47465e-08 5.5951e-09
 1.48724e-11 1.61426e-09 1.03312e-07 3.89869e-06 8.67509e-05 0.00113822 0.00880684 0.0402046 0.108573 0.17572 0.181186 0.147499 0.127608 0.104665 0.0627704 0.0272879 0.0100246 0.00330487 0.000889762 0.000190139 3.38634e-05 5.0609e-06 6.14219e-07 5.89625e-08 4.37375e-09
 1.50902e-11 1.6379e-09 1.04825e-07 3.95577e-06 8.80211e-05 0.00115488 0.00893572 0.0407918 0.110143 0.178134 0.183079 0.147512 0.125876 0.102545 0.0613124 0.0265395 0.00967689 0.00315912 0.000838109 0.000174678 3.00476e-05 4.32612e-06 5.08807e-07 4.80803e-08 3.5731e-09
 1.52594e-11 1.65626e-09 1.06001e-07 4.00013e-06 8.90081e-05 0.00116783 0.00903589 0.0412483 0.111365 0.180025 0.184622 0.14772 0.124829 0.101089 0.06008 0.0256664 0.00916162 0.00293719 0.000770504 0.000158835 2.68992e-05 3.78658e-06 4.3179e-07 3.93391e-08 2.8261e-09
 1.57068e-11 1.70482e-09 1.09108e-07 4.11741e-06 9.16177e-05 0.00120207 0.00930071 0.0424553 0.114598 0.185041 0.18878 0.148488 0.122398 0.0974647 0.0567303 0.0230485 0.00752142 0.00220898 0.00054349 0.00010507 1.66173e-05 2.21527e-06 2.43183e-07 2.14494e-08 1.4898e-09
 1.52253e-11 1.65256e-09 1.05763e-07 3.99119e-06 8.8809e-05 0.00116522 0.00901573 0.0411571 0.111132 0.17975 0.184817 0.149072 0.127165 0.102792 0.0597336 0.023876 0.00752168 0.00211291 0.000494434 8.8681e-05 1.26371e-05 1.51411e-06 1.51732e-07 1.24205e-08 8.14946e-10
 1.51997e-11 1.64978e-09 1.05586e-07 3.98447e-06 8.86596e-05 0.00116326 0.00900054 0.0410875 0.11094 0.179408 0.184319 0.148313 0.12622 0.102298 0.0602726 0.0250709 0.00850504 0.00256069 0.000618816 0.000111529 1.56429e-05 1.79629e-06 1.67116e-07 1.23936e-08 7.34009e-10
 1.49254e-11 1.62001e-09 1.03681e-07 3.91259e-06 8.70601e-05 0.00114228 0.00883824 0.0403482 0.108964 0.17638 0.181991 0.14845 0.128634 0.10512 0.062037 0.0257923 0.0087533 0.00265552 0.000656868 0.000124058 1.85307e-05 2.23599e-06 2.1139e-07 1.53807e-08 8.64045e-10
#obs catch len freq
 1.09006e-11 1.18316e-09 7.57221e-08 2.85752e-06 6.35839e-05 0.000834277 0.00645587 0.0294886 0.0798486 0.130859 0.142146 0.133555 0.137121 0.128836 0.0961168 0.0604129 0.0328169 0.0145509 0.00511693 0.00141854 0.000302674 4.8026e-05 5.48464e-06 4.37199e-07 2.36521e-08
 1.11963e-11 1.21525e-09 7.77759e-08 2.93503e-06 6.53086e-05 0.00085691 0.0066311 0.0302905 0.0820315 0.134464 0.145894 0.135893 0.13711 0.126748 0.0931641 0.0574496 0.0304237 0.0130851 0.00443604 0.00117632 0.00023819 3.56007e-05 3.8035e-06 2.81957e-07 1.41164e-08
 1.72374e-11 1.87096e-09 1.19741e-07 4.51865e-06 0.000100546 0.00131921 0.0102068 0.0465836 0.125618 0.201705 0.199905 0.140823 0.0963741 0.0725111 0.050077 0.0300714 0.0154983 0.00644968 0.00210193 0.000532045 0.000102145 1.4381e-05 1.43831e-06 9.9272e-08 4.60665e-09
 1.43816e-11 1.56098e-09 9.99029e-08 3.77003e-06 8.38885e-05 0.00110069 0.00851725 0.0388979 0.105211 0.171295 0.17996 0.151432 0.131588 0.104879 0.0623601 0.028184 0.0110443 0.00391908 0.00118149 0.00028344 5.15483e-05 6.83446e-06 6.39914e-07 4.11423e-08 1.7712e-09
 1.71821e-11 1.86495e-09 1.19357e-07 4.50416e-06 0.000100223 0.00131499 0.0101745 0.0464443 0.12533 0.201806 0.202077 0.146382 0.103068 0.0756957 0.0479453 0.0248294 0.0104612 0.00337698 0.000812775 0.000151857 2.28129e-05 2.67444e-06 2.29531e-07 1.36713e-08 5.45464e-10
 1.57701e-11 1.71169e-09 1.09548e-07 4.13401e-06 9.19877e-05 0.00120696 0.00933946 0.0426491 0.115288 0.187039 0.192988 0.152608 0.1204 0.0901207 0.052368 0.0234698 0.00882109 0.00277666 0.000684275 0.000125814 1.68431e-05 1.6262e-06 1.13274e-07 5.65231e-09 1.96863e-10
 6.57091e-12 7.13211e-10 4.56456e-08 1.72254e-06 3.8331e-05 0.000503051 0.00389663 0.0178761 0.0493114 0.0870144 0.118685 0.159505 0.195291 0.175311 0.110779 0.0533369 0.0206325 0.00618065 0.0013769 0.000228935 2.85463e-05 2.6013e-06 1.66671e-07 7.2969e-09 2.14903e-10
 1.53324e-11 1.66419e-09 1.06508e-07 4.01929e-06 8.94347e-05 0.00117345 0.00907967 0.0414511 0.111892 0.180301 0.180685 0.131233 0.0968655 0.0857168 0.0740468 0.0512199 0.0253017 0.0085595 0.00200485 0.000333024 3.94936e-05 3.30748e-06 1.92725e-07 7.69562e-09 2.06733e-10
 1.75482e-11 1.9047e-09 1.219e-07 4.60015e-06 0.00010236 0.00134305 0.0103925 0.0474534 0.128188 0.207107 0.209172 0.152787 0.104139 0.0694447 0.0387653 0.0184233 0.00825343 0.00324493 0.00095727 0.000193139 2.57588e-05 2.25524e-06 1.29851e-07 4.91991e-09 1.22179e-10
 1.54915e-11 1.68146e-09 1.07613e-07 4.06101e-06 9.03642e-05 0.0011857 0.00917646 0.0419293 0.113581 0.185559 0.195173 0.15898 0.125148 0.0895249 0.0493 0.0207378 0.00706998 0.00198495 0.000457532 8.54203e-05 1.20768e-05 1.18338e-06 7.56939e-08 3.07246e-09 7.82922e-11
 1.43034e-11 1.55249e-09 9.93596e-08 3.74955e-06 8.34343e-05 0.00109481 0.008474 0.0387374 0.105118 0.172838 0.185647 0.15865 0.132116 0.0991662 0.0584257 0.0268339 0.00963718 0.00258868 0.000505243 7.27247e-05 7.91788e-06 6.49395e-07 3.85079e-08 1.56053e-09 4.11643e-11
 1.39428e-11 1.51336e-09 9.68549e-08 3.65503e-06 8.13316e-05 0.00106724 0.0082613 0.0377758 0.102607 0.16922 0.183206 0.158592 0.13328 0.101 0.0610094 0.0291708 0.0109445 0.00306641 0.000617835 8.81678e-05 8.8146e-06 6.11254e-07 2.92737e-08 9.65458e-10 2.16874e-11
 1.65285e-11 1.79401e-09 1.14817e-07 4.33285e-06 9.64136e-05 0.0012651 0.00979114 0.0447379 0.121134 0.19721 0.203622 0.155753 0.111452 0.0770676 0.045296 0.021588 0.00812993 0.00230246 0.000472927 6.89953e-05 6.99158e-06 4.80359e-07 2.19455e-08 6.58039e-10 1.28421e-11
 1.51227e-11 1.64143e-09 1.05052e-07 3.96436e-06 8.82156e-05 0.00115761 0.00896149 0.0409857 0.111363 0.183576 0.197211 0.164725 0.128289 0.0880504 0.0471092 0.0196827 0.00663222 0.00175897 0.00034995 5.02959e-05 5.0579e-06 3.4558e-07 1.56563e-08 4.61451e-10 8.71675e-12
 1.27972e-11 1.38902e-09 8.88977e-08 3.35479e-06 7.46535e-05 0.000979744 0.00758763 0.0347529 0.0949239 0.159332 0.180656 0.168189 0.146384 0.107881 0.0611404 0.0266178 0.00885688 0.00217751 0.00038782 4.99707e-05 4.61329e-06 2.96967e-07 1.29001e-08 3.67761e-10 6.73764e-12
 1.22351e-11 1.32801e-09 8.49929e-08 3.20744e-06 7.13757e-05 0.000936773 0.00725598 0.0332502 0.0909521 0.153269 0.175306 0.16542 0.146737 0.112371 0.0679954 0.031849 0.0111873 0.00282602 0.00050199 6.2167e-05 5.31637e-06 3.09852e-07 1.21377e-08 3.14931e-10 5.3254e-12
 1.36651e-11 1.48322e-09 9.49265e-08 3.58231e-06 7.97171e-05 0.00104622 0.00810248 0.0371052 0.101223 0.16879 0.18649 0.16333 0.133911 0.0986903 0.0594678 0.0282811 0.0102249 0.00268678 0.000497231 6.3374e-05 5.44904e-06 3.10456e-07 1.15629e-08 2.78654e-10 4.30688e-12
 1.3633e-11 1.47974e-09 9.47038e-08 3.57393e-06 7.95326e-05 0.00104387 0.00808631 0.0370594 0.101332 0.170069 0.190631 0.169658 0.137628 0.0963907 0.0537605 0.0236543 0.00809707 0.00207147 0.000381045 4.88392e-05 4.23798e-06 2.42799e-07 9.00536e-09 2.13077e-10 3.18093e-12
 1.40783e-11 1.52807e-09 9.77975e-08 3.6907e-06 8.21318e-05 0.00107802 0.00835126 0.0382769 0.104651 0.175365 0.195042 0.169912 0.134028 0.0921248 0.0505892 0.0215577 0.00696469 0.00165418 0.00028263 3.40993e-05 2.83314e-06 1.57535e-07 5.71482e-09 1.32572e-10 1.93719e-12
 1.4313e-11 1.55354e-09 9.94277e-08 3.75224e-06 8.35031e-05 0.00109608 0.00849254 0.0389407 0.106571 0.178908 0.199204 0.172322 0.132864 0.0883018 0.0466503 0.0190766 0.00590588 0.00133718 0.000215349 2.41848e-05 1.85769e-06 9.56208e-08 3.23376e-09 7.05661e-11 9.77863e-13
 1.43313e-11 1.55554e-09 9.95556e-08 3.7571e-06 8.36136e-05 0.00109761 0.0085063 0.0390267 0.106964 0.180147 0.201569 0.174567 0.133113 0.0865728 0.0444227 0.0174768 0.00515675 0.00110553 0.000167803 1.76805e-05 1.2672e-06 6.04988e-08 1.88814e-09 3.79226e-11 4.83804e-13
 1.45405e-11 1.57824e-09 1.01009e-07 3.812e-06 8.48374e-05 0.00111375 0.00863283 0.0396229 0.108684 0.183225 0.20478 0.175661 0.131282 0.0834659 0.0418432 0.0159878 0.00453856 0.000927486 0.000133073 1.31579e-05 8.80058e-07 3.90506e-08 1.12912e-09 2.09504e-11 2.46269e-13
 1.50032e-11 1.62847e-09 1.04224e-07 3.93335e-06 8.75399e-05 0.00114929 0.0089093 0.0409 0.112201 0.188952 0.209787 0.176322 0.127345 0.078062 0.0377638 0.0138885 0.00378082 0.000738041 0.000100622 9.39209e-06 5.89058e-07 2.43697e-08 6.54022e-10 1.12262e-11 1.21788e-13
 1.47742e-11 1.60361e-09 1.02634e-07 3.87343e-06 8.62112e-05 0.00113202 0.00877904 0.0403458 0.110986 0.188096 0.211302 0.179748 0.129443 0.0774656 0.0360381 0.0126273 0.00325975 0.000602147 7.75231e-05 6.81374e-06 4.01095e-07 1.55203e-08 3.88211e-10 6.18954e-12 6.21817e-14
 1.47547e-11 1.6015e-09 1.025e-07 3.86843e-06 8.61041e-05 0.00113076 0.00877195 0.0403426 0.111151 0.188907 0.212888 0.180932 0.129161 0.0762902 0.0348979 0.0119043 0.00294964 0.0005164 6.24644e-05 5.13179e-06 2.81599e-07 1.01422e-08 2.3585e-10 3.49158e-12 3.25253e-14
 1.46869e-11 1.59415e-09 1.0203e-07 3.8508e-06 8.57173e-05 0.00112586 0.00873754 0.0402228 0.111055 0.189507 0.214724 0.182758 0.129217 0.0748803 0.033439 0.0110856 0.00265532 0.000446573 5.14822e-05 3.9947e-06 2.05292e-07 6.88042e-09 1.48277e-10 2.02964e-12 1.74615e-14
 1.34599e-11 1.46099e-09 9.35096e-08 3.52946e-06 7.85782e-05 0.00103257 0.00802342 0.0370536 0.103135 0.179382 0.211093 0.189258 0.139085 0.0813092 0.0358263 0.0115635 0.00267299 0.000431191 4.74449e-05 3.49644e-06 1.69758e-07 5.34582e-09 1.07675e-10 1.37097e-12 1.0928e-14
 1.35755e-11 1.47354e-09 9.43142e-08 3.55992e-06 7.92613e-05 0.00104168 0.00809603 0.0374013 0.104116 0.180841 0.211611 0.18779 0.137243 0.0808338 0.0360983 0.0117065 0.00267239 0.000418753 4.42159e-05 3.10074e-06 1.42406e-07 4.22306e-09 7.98106e-11 9.50408e-13 7.06425e-15
#spawning biomass
 4910.91 5166.85 7646.78 12565.5 22054.5 30174.5 26908.6 31956.1 49143.5 73079.6 93387.6 109775 158733 183368 158203 149263 134765 134654 123414 132898 141824 142332 160882 179457 169066 156035 157031 155740 166406 181869 97850.8 45410.5 26153.5 20165.7 18447.3 17978.8 17855.6 17824 17816.1 17814.1 17813.7 17813.5 17813.5 17813.5 17813.5 17813.5 17813.5 17813.5 17813.5 17813.5 17813.5 17813.5 17813.5 17813.5 17813.5 17813.5 17813.5 17813.5 17813.5 17813.5 17813.5 17813.5 17813.5 17813.5 17813.5 17813.5 17813.5 17813.5 17813.5 17813.5 17813.5 17813.5 17813.5 17813.5 17813.5 17813.5 17813.5 17813.5 17813.5 17813.5 17813.5 17813.5 17813.5 17813.5 17813.5 17813.5 17813.5 17813.5 17813.5 17813.5 17813.5 17813.5 17813.5 17813.5 17813.5 17813.5 17813.5 17813.5 17813.5 17813.5 17813.5 17813.5 17813.5 17813.5 17813.5 17813.5 17813.5 17813.5 17813.5 17813.5 17813.5 17813.5 17813.5 17813.5 17813.5 17813.5 17813.5 17813.5 17813.5 17813.5 17813.5 17813.5 17813.5 17813.5 17813.5 17813.5 17813.5 17813.5 0 0 0 0 0 0 0 0 0 0 0 0 0 0 0 0 0 0 0 0 0 0 0 0 0
