SBPRF35
0.58423
Curr Bio
133255
B35
442452
F35
0.350041
FOFL
0.118051
OFL
7029.48
Bzero
166923
#pred survey bio
 10714.7 11039.4 14091.8 19275.1 24691.8 29608.9 34416.1 41027.7 44628.1 57912.2 74275.1 90510.1 114251 140546 143464 122733 109875 99131.1 103148 100393 104548 106223 113647 125209 136274 144835 131160 118507 104732 4.61801e+06 4.32138e+06 4.64037e+06 4.05633e+06 3.30727e+06 2.6696e+06 2.19902e+06 1.876e+06 1.66293e+06 1.52518e+06 1.4367e+06 1.37961e+06 1.3423e+06 1.31742e+06 1.30023e+06 1.28795e+06 1.27937e+06 1.27323e+06 1.26875e+06 1.26543e+06 1.26293e+06 1.26103e+06 1.25958e+06 1.25846e+06 1.2576e+06 1.25694e+06 1.25642e+06 1.25602e+06 1.25571e+06 1.25547e+06 1.25528e+06 1.25514e+06 1.25502e+06 1.25493e+06 1.25486e+06 1.25481e+06 1.25477e+06 1.25474e+06 1.25471e+06 1.25469e+06 1.25467e+06 1.25466e+06 1.25465e+06 1.25465e+06 1.25464e+06 1.25464e+06 1.25463e+06 1.25463e+06 1.25463e+06 1.25463e+06 1.25462e+06 1.25462e+06 1.25462e+06 1.25462e+06 1.25462e+06 1.25462e+06 1.25462e+06 1.25462e+06 1.25462e+06 1.25462e+06 1.25462e+06 1.25462e+06 1.25462e+06 1.25462e+06 1.25462e+06 1.25462e+06 1.25462e+06 1.25462e+06 1.25462e+06 1.25462e+06 1.25462e+06 1.25462e+06 1.25462e+06 1.25462e+06 1.25462e+06 1.25462e+06 1.25462e+06 1.25462e+06 1.25462e+06 1.25462e+06 1.25462e+06 1.25462e+06 1.25462e+06 1.25462e+06 1.25462e+06 1.25462e+06 1.25462e+06 1.25462e+06 1.25462e+06 1.25462e+06 1.25462e+06 1.25462e+06 1.25462e+06 1.25462e+06 1.25462e+06 1.25462e+06 1.25462e+06 1.25462e+06 1.25462e+06 1.25462e+06 0 0 0 0 0 0 0 0 0 0 0 0 0 0 0 0 0 0 0 0 0 0 0 0 0
#obs survey bio
 9196.94 10405.2 15994.6 17347.6 21727.3 23728.8 31500.5 39177.7 38668.1 65682.6 53164.6 103871 81640.2 138076 92682.3 115703 68797.2 90447.4 72611.4 95869.5 62294.9 83091.6 89120.6 136594 136565 168071 92318.7 107362 105587
#pred catch bio
 5737.28 5864.53 7071.87 10131.1 14534 18524.2 20820.3 27590.8 28765.8 37527.2 49746.4 63060.3 79019 99835.5 110952 96424.4 88597.4 76045.3 81961.2 78861.1 86296.7 85033.1 90037.6 101789 109841 122639 111567 105961 72451.6 7029.48 45025.8 55110.1 47159.6 36881.7 28522.1 22583.9 18666.6 16204.7 14708.9 13822.1 13305.6 13008.9 12840.1 12744.4 12690.2 12660.5 12644.2 12635.3 12630.3 12627.6 12626.2 12625.4 12624.9 12624.7 12624.5 12624.4 12624.4 12624.4 12624.4 12624.4 12624.4 12624.4 12624.4 12624.4 12624.4 12624.4 12624.4 12624.4 12624.4 12624.4 12624.4 12624.4 12624.4 12624.4 12624.4 12624.4 12624.4 12624.4 12624.4 12624.4 12624.4 12624.4 12624.4 12624.4 12624.4 12624.4 12624.4 12624.4 12624.4 12624.4 12624.4 12624.4 12624.4 12624.4 12624.4 12624.4 12624.4 12624.4 12624.4 12624.4 12624.4 12624.4 12624.4 12624.4 12624.4 12624.4 12624.4 12624.4 12624.4 12624.4 12624.4 12624.4 12624.4 12624.4 12624.4 12624.4 12624.4 12624.4 12624.4 12624.4 12624.4 12624.4 12624.4 12624.4 12624.4 12624.4 12624.4 12624.4 12624.4 0 0 0 0 0 0 0 0 0 0 0 0 0 0 0 0 0 0 0 0 0 0 0 0 0
#obs catch bio
 6003.81 5840.42 6960.39 9771.65 14641.3 18604.4 20688.2 27284 28244.2 36072 48369.1 61695 75835.1 97530 111172 96756.7 88392.6 73826.1 80199.6 77773.8 84753.2 82603.4 87471.6 94606.7 103498 117369 106941 105750 70275.3
#pred cpue bio
 7553.32 7322.93 8304 11573.2 15147.1 17368 19805.7 24073.4 25107.5 30516.7 39821 48595.9 57573.8 73713.7 82120.7 69037.3 58947.1 51821.6 53153.6 51810.8 52398.2 51049.9 55908.3 60820.7 64781.7 71171.6 65589.5 58448.3 48468.3 2.43347e+06 3.49974e+06 4.46352e+06 3.93588e+06 3.17051e+06 2.52631e+06 2.05407e+06 1.73066e+06 1.5175e+06 1.37974e+06 1.29125e+06 1.23416e+06 1.19685e+06 1.17197e+06 1.15478e+06 1.1425e+06 1.13392e+06 1.12779e+06 1.1233e+06 1.11998e+06 1.11748e+06 1.11558e+06 1.11413e+06 1.11302e+06 1.11216e+06 1.11149e+06 1.11098e+06 1.11058e+06 1.11027e+06 1.11002e+06 1.10984e+06 1.10969e+06 1.10957e+06 1.10949e+06 1.10942e+06 1.10936e+06 1.10932e+06 1.10929e+06 1.10926e+06 1.10924e+06 1.10923e+06 1.10922e+06 1.10921e+06 1.1092e+06 1.10919e+06 1.10919e+06 1.10918e+06 1.10918e+06 1.10918e+06 1.10918e+06 1.10918e+06 1.10918e+06 1.10918e+06 1.10917e+06 1.10917e+06 1.10917e+06 1.10917e+06 1.10917e+06 1.10917e+06 1.10917e+06 1.10917e+06 1.10917e+06 1.10917e+06 1.10917e+06 1.10917e+06 1.10917e+06 1.10917e+06 1.10917e+06 1.10917e+06 1.10917e+06 1.10917e+06 1.10917e+06 1.10917e+06 1.10917e+06 1.10917e+06 1.10917e+06 1.10917e+06 1.10917e+06 1.10917e+06 1.10917e+06 1.10917e+06 1.10917e+06 1.10917e+06 1.10917e+06 1.10917e+06 1.10917e+06 1.10917e+06 1.10917e+06 1.10917e+06 1.10917e+06 1.10917e+06 1.10917e+06 1.10917e+06 1.10917e+06 1.10917e+06 1.10917e+06 1.10917e+06 1.10917e+06 1.10917e+06 1.10917e+06 0 0 0 0 0 0 0 0 0 0 0 0 0 0 0 0 0 0 0 0 0 0 0 0 0
#obs cpue bio
 7127.59 9867.15 9455.16 22149.7 12146.6 19800.4 27471.5 32511.2 42780.3 56138.8 62234.6 82056.9 123354 95450.1 105730 88964.2 80436.8 116221 80683.3 77304.7 120803 92877.5 130151 214192 133042 118156 163651 75168.7 86838.6
#pred surv len freq
 2.562e-27 2.58525e-27 3.04625e-26 5.88641e-20 1.44298e-14 4.27581e-10 1.53152e-06 0.000663091 0.0347038 0.219546 0.168278 0.0400642 0.186723 0.172618 0.0424101 0.0536947 0.0228283 0.0172224 0.0104787 0.00789786 0.0061555 0.00529761 0.00529674 0.00468893 0.00143062
 2.56385e-27 2.59049e-27 3.52171e-26 6.88946e-20 1.68887e-14 5.00442e-10 1.7925e-06 0.000776084 0.0406174 0.256957 0.196807 0.0376685 0.148452 0.138029 0.0497277 0.078863 0.0269232 0.0114338 0.00509574 0.0028832 0.00182616 0.00134364 0.0011896 0.00105331 0.000352189
 2.56629e-27 2.59679e-27 4.04445e-26 7.9921e-20 1.95917e-14 5.80536e-10 2.07938e-06 0.000900294 0.0471181 0.298082 0.228234 0.0392232 0.138203 0.127861 0.0350721 0.0480902 0.0190175 0.011872 0.00385238 0.00122482 0.000514773 0.000287383 0.000210175 0.000174799 6.05248e-05
 2.56456e-27 2.59196e-27 3.60357e-26 7.06198e-20 1.73116e-14 5.12973e-10 1.83738e-06 0.000795517 0.0416345 0.263392 0.201782 0.0415777 0.174706 0.161403 0.0384833 0.0472837 0.0165836 0.0077253 0.00306003 0.00114175 0.000264187 8.30686e-05 4.27379e-05 3.05444e-05 1.04707e-05
 2.56462e-27 2.59229e-27 3.64936e-26 7.15864e-20 1.75485e-14 5.19995e-10 1.86253e-06 0.000806406 0.0422044 0.266997 0.20451 0.0400084 0.160848 0.14899 0.0431113 0.0609357 0.0202884 0.00768673 0.00250994 0.000809028 0.000229826 4.49654e-05 1.10819e-05 5.64515e-06 1.81363e-06
 2.56546e-27 2.59441e-27 3.82244e-26 7.5237e-20 1.84434e-14 5.46512e-10 1.95751e-06 0.000847529 0.0443566 0.280612 0.214918 0.0407479 0.159162 0.147126 0.0371819 0.0479048 0.0166925 0.0074664 0.00225257 0.000568811 0.000129527 2.67358e-05 3.87295e-06 9.0204e-07 2.41181e-07
 2.56529e-27 2.59382e-27 3.75731e-26 7.38626e-20 1.81065e-14 5.36529e-10 1.92176e-06 0.000832047 0.0435463 0.275486 0.211023 0.041959 0.171115 0.157971 0.0357732 0.0418827 0.0136528 0.00475306 0.00149683 0.000413985 7.75568e-05 1.24238e-05 1.61257e-06 1.70107e-07 2.66126e-08
 2.56497e-27 2.59303e-27 3.69372e-26 7.25213e-20 1.77777e-14 5.26785e-10 1.88686e-06 0.000816937 0.0427555 0.270484 0.207197 0.0415698 0.170842 0.157872 0.0385455 0.0482149 0.0153317 0.00468077 0.00131407 0.000303385 6.0924e-05 8.76462e-06 8.67952e-07 6.35285e-08 4.24819e-09
 2.56579e-27 2.59515e-27 3.87163e-26 7.62742e-20 1.86977e-14 5.54047e-10 1.9845e-06 0.000859213 0.0449681 0.284481 0.21789 0.0418809 0.165696 0.152931 0.0341786 0.0394898 0.0125444 0.00381781 0.00102073 0.000200795 3.34224e-05 4.6121e-06 4.19345e-07 2.26795e-08 8.00672e-10
 2.56739e-27 2.59944e-27 4.24638e-26 8.41796e-20 2.06356e-14 6.1147e-10 2.19018e-06 0.000948265 0.0496288 0.313965 0.240393 0.0411619 0.144415 0.13321 0.0291869 0.0330509 0.0103025 0.00282222 0.000744995 0.000144479 2.13879e-05 2.41604e-06 1.9742e-07 9.47809e-09 2.26642e-10
 2.56625e-27 2.59624e-27 3.95129e-26 7.79541e-20 1.91095e-14 5.66249e-10 2.02821e-06 0.000878137 0.0459585 0.290746 0.222692 0.0429969 0.170815 0.157355 0.0295373 0.0277589 0.00850344 0.00211482 0.000532512 9.344e-05 1.34903e-05 1.39637e-06 9.32731e-08 3.88292e-09 7.81328e-11
 2.56657e-27 2.59716e-27 4.03929e-26 7.98107e-20 1.95646e-14 5.79735e-10 2.07651e-06 0.000899051 0.0470531 0.297671 0.227966 0.0421628 0.160762 0.148229 0.0306642 0.0326061 0.00965825 0.00182177 0.00042582 6.78719e-05 8.97361e-06 8.65205e-07 5.30644e-08 1.82074e-09 3.101e-11
 2.5678e-27 2.60044e-27 4.32246e-26 8.57841e-20 2.10289e-14 6.23125e-10 2.23193e-06 0.000966341 0.0505748 0.31995 0.244975 0.0419196 0.146962 0.135344 0.0256534 0.0244302 0.00731136 0.00152276 0.000341541 4.19913e-05 4.91348e-06 4.25268e-07 2.37712e-08 7.37353e-10 1.04389e-11
 2.5664e-27 2.59656e-27 3.97221e-26 7.83951e-20 1.92176e-14 5.69452e-10 2.03968e-06 0.000883105 0.0462185 0.292391 0.223957 0.043549 0.174128 0.160282 0.0276969 0.0228028 0.00666303 0.00114028 0.000249817 3.27325e-05 3.35981e-06 2.31872e-07 1.13584e-08 3.16356e-10 3.9888e-12
 2.56427e-27 2.59086e-27 3.47644e-26 6.79367e-20 1.66539e-14 4.93484e-10 1.76758e-06 0.000765293 0.0400527 0.253385 0.194184 0.0442659 0.200502 0.184815 0.0356057 0.0346479 0.00999927 0.00144742 0.000293034 3.24756e-05 3.29808e-06 2.20099e-07 8.62612e-09 2.0196e-10 2.25719e-12
 2.56522e-27 2.5935e-27 3.71655e-26 7.30024e-20 1.78956e-14 5.3028e-10 1.89937e-06 0.000822357 0.0430392 0.272278 0.20859 0.0430291 0.180968 0.166908 0.0345799 0.0368237 0.0107701 0.00178651 0.000365191 3.42925e-05 3.01401e-06 1.79117e-07 6.812e-09 1.32798e-10 1.21731e-12
 2.56601e-27 2.59555e-27 3.88689e-26 7.65953e-20 1.87764e-14 5.56379e-10 1.99286e-06 0.000862831 0.0451574 0.285679 0.21883 0.0434578 0.177036 0.163049 0.0297117 0.0267003 0.00782865 0.00136509 0.000287484 2.99171e-05 2.53352e-06 1.25183e-07 4.10363e-09 7.46052e-11 5.8692e-13
 2.56628e-27 2.59617e-27 3.93477e-26 7.76051e-20 1.9024e-14 5.63714e-10 2.01913e-06 0.000874206 0.0457528 0.289445 0.221714 0.0439582 0.178818 0.164545 0.027288 0.0207878 0.00591225 0.000743109 0.000143263 1.53502e-05 1.37344e-06 7.13658e-08 2.03916e-09 3.1102e-11 2.20625e-13
 2.56691e-27 2.59795e-27 4.09621e-26 8.10109e-20 1.98588e-14 5.88453e-10 2.10774e-06 0.000912571 0.0477607 0.302147 0.231399 0.04307 0.165254 0.152128 0.0268939 0.0230109 0.00652104 0.000753968 0.000135143 1.10493e-05 9.02206e-07 4.89929e-08 1.4833e-09 2.09738e-11 1.24824e-13
 2.56642e-27 2.59654e-27 3.9642e-26 7.82259e-20 1.91761e-14 5.68223e-10 2.03528e-06 0.000881199 0.0461188 0.29176 0.223485 0.044147 0.179011 0.164656 0.0260929 0.0180354 0.00509713 0.000598662 0.000106765 7.9179e-06 5.49e-07 2.3556e-08 7.00532e-10 1.04316e-11 5.98721e-14
 2.56742e-27 2.5993e-27 4.21341e-26 8.34833e-20 2.04649e-14 6.06412e-10 2.17207e-06 0.000940422 0.0492183 0.311369 0.238438 0.0429665 0.15952 0.146777 0.024863 0.0197264 0.00553222 0.00054826 9.10744e-05 6.87011e-06 4.64928e-07 1.72728e-08 4.08461e-10 5.45935e-12 3.23008e-14
 2.56786e-27 2.60039e-27 4.30085e-26 8.53276e-20 2.0917e-14 6.19809e-10 2.22005e-06 0.000961198 0.0503056 0.318247 0.243699 0.0434816 0.159744 0.146791 0.0213698 0.0117654 0.00326801 0.000311651 4.98156e-05 3.16512e-06 1.941e-07 7.17367e-09 1.54105e-10 1.66337e-12 8.40285e-15
 2.56737e-27 2.59908e-27 4.1854e-26 8.28922e-20 2.032e-14 6.02119e-10 2.15669e-06 0.000933764 0.0488698 0.309164 0.236768 0.0437797 0.166882 0.153393 0.0228164 0.0133973 0.00368266 0.000271041 3.66061e-05 2.25136e-06 1.28029e-07 3.98505e-09 8.07705e-11 8.17324e-13 3.44025e-15
 2.56784e-27 2.6004e-27 4.30582e-26 8.54325e-20 2.09428e-14 6.20571e-10 2.22278e-06 0.00096238 0.0503675 0.318639 0.243992 0.0431211 0.156795 0.144156 0.0224821 0.0149593 0.00413956 0.000334273 4.74248e-05 2.36889e-06 1.10871e-07 3.24024e-09 5.74974e-11 5.14618e-13 2.03114e-15
 2.56809e-27 2.60103e-27 4.3577e-26 8.6527e-20 2.1211e-14 6.28521e-10 2.25126e-06 0.000974709 0.0510127 0.322721 0.247112 0.043297 0.155941 0.143286 0.02082 0.011393 0.00314178 0.000259249 3.75121e-05 1.99608e-06 9.40879e-08 2.16935e-09 3.3123e-11 2.65187e-13 9.11996e-16
 2.56731e-27 2.59889e-27 4.16707e-26 8.25054e-20 2.02252e-14 5.99309e-10 2.14662e-06 0.000929406 0.0486418 0.307721 0.235669 0.0439721 0.169119 0.155423 0.0225634 0.0123107 0.00337398 0.000240993 3.14015e-05 1.69859e-06 8.28561e-08 2.01982e-09 2.78402e-11 1.79058e-13 5.40223e-16
 2.56682e-27 2.59754e-27 4.04561e-26 7.9943e-20 1.95971e-14 5.80696e-10 2.07996e-06 0.000900541 0.0471311 0.298164 0.22838 0.0444727 0.17805 0.163633 0.0234383 0.0122386 0.00334093 0.000221161 2.66394e-05 1.26411e-06 5.4148e-08 1.3411e-09 1.93167e-11 1.22082e-13 3.07103e-16
 2.56726e-27 2.59878e-27 4.1576e-26 8.23057e-20 2.01762e-14 5.97858e-10 2.14143e-06 0.000927156 0.048524 0.306977 0.2351 0.0439394 0.169269 0.155578 0.02288 0.012992 0.00355185 0.000231043 2.72389e-05 1.21618e-06 4.67334e-08 9.90022e-10 1.32216e-11 8.6019e-14 2.19396e-16
 2.56839e-27 2.60179e-27 4.42029e-26 8.78472e-20 2.15347e-14 6.38111e-10 2.28561e-06 0.00098958 0.051791 0.327644 0.250875 0.0434868 0.154742 0.142086 0.0189152 0.00735495 0.00198215 0.00011733 1.2438e-05 5.34225e-07 1.9259e-08 3.72164e-10 4.32433e-12 2.45573e-14 6.15045e-17
#obs surv len freq
 1.08614e-41 1.50749e-33 2.52912e-26 5.12901e-20 1.25732e-14 3.72566e-10 1.33447e-06 0.00057778 0.0302387 0.191299 0.146784 0.0401973 0.173403 0.146723 0.103824 0.101646 0.0438602 0.017104 0.0038368 0.000479046 2.44595e-05 3.69758e-07 1.24725e-09 7.6634e-13 7.5102e-17
 1.60563e-41 2.22851e-33 3.73879e-26 7.58218e-20 1.85868e-14 5.50762e-10 1.97274e-06 0.000854128 0.0447016 0.282796 0.216666 0.0406861 0.126566 0.102146 0.0758853 0.0685813 0.0286712 0.0101813 0.00203688 0.000217405 9.05358e-06 1.06026e-07 2.65677e-10 1.18043e-13 8.24251e-18
 1.53274e-41 2.12735e-33 3.56907e-26 7.238e-20 1.77431e-14 5.2576e-10 1.88319e-06 0.000815355 0.0426724 0.269959 0.207093 0.0499748 0.176772 0.12889 0.0567514 0.042944 0.0174069 0.00562744 0.000999027 8.95573e-05 2.98618e-06 2.68583e-08 5.00011e-11 1.61195e-14 8.0444e-19
 1.07693e-41 1.4947e-33 2.50768e-26 5.08552e-20 1.24665e-14 3.69406e-10 1.32315e-06 0.00057288 0.0299823 0.189679 0.146024 0.0565012 0.230264 0.163081 0.0978731 0.0656901 0.0158416 0.00385155 0.000593974 4.41867e-05 1.15998e-06 7.89855e-09 1.08539e-11 2.53869e-15 9.08149e-20
 1.50162e-41 2.08414e-33 3.49658e-26 7.091e-20 1.73828e-14 5.15083e-10 1.84494e-06 0.000798796 0.0418058 0.264477 0.20294 0.0471983 0.142172 0.104181 0.104192 0.0692551 0.0190762 0.00355146 0.000330209 1.86132e-05 3.79343e-07 1.93281e-09 1.94101e-12 3.27534e-16 8.38654e-21
 1.20443e-41 1.67167e-33 2.80458e-26 5.68762e-20 1.39425e-14 4.13143e-10 1.47981e-06 0.000640707 0.033532 0.212137 0.163533 0.0650876 0.231461 0.144032 0.0779085 0.0491388 0.018608 0.00362476 0.000284281 9.71264e-06 1.31631e-07 4.87657e-10 3.54724e-13 4.28753e-17 7.81565e-22
 1.37873e-41 1.91358e-33 3.21043e-26 6.51069e-20 1.59602e-14 4.72929e-10 1.69396e-06 0.000733424 0.0383845 0.242835 0.186852 0.0580106 0.175324 0.116625 0.109387 0.0566008 0.0126098 0.00241692 0.00021409 6.11168e-06 5.19371e-08 1.19787e-10 5.95344e-14 5.07972e-18 6.55255e-23
 1.19715e-41 1.66156e-33 2.78761e-26 5.65322e-20 1.38582e-14 4.10644e-10 1.47086e-06 0.000636832 0.0333292 0.210856 0.163 0.072347 0.227461 0.133353 0.0934224 0.0489883 0.0144656 0.0020059 0.000129227 3.58359e-06 2.54665e-08 3.88038e-11 1.18405e-14 6.5165e-19 5.71346e-24
 1.51219e-41 2.09882e-33 3.52121e-26 7.14094e-20 1.75052e-14 5.1871e-10 1.85794e-06 0.000804422 0.0421002 0.266344 0.205189 0.0644433 0.167132 0.104158 0.096526 0.042293 0.00956367 0.00136407 7.85956e-05 1.53713e-06 8.95968e-09 1.11646e-11 2.42403e-15 8.56893e-20 4.73581e-25
 1.51916e-41 2.10849e-33 3.53743e-26 7.17384e-20 1.75858e-14 5.211e-10 1.8665e-06 0.000808128 0.0422942 0.267574 0.206742 0.0778135 0.19794 0.103585 0.0664926 0.02872 0.00718067 0.000808287 3.88838e-05 6.51811e-07 2.76174e-09 2.53806e-12 4.27325e-16 1.13317e-20 4.37887e-26
 1.09954e-41 1.52609e-33 2.56033e-26 5.1923e-20 1.27283e-14 3.77163e-10 1.35094e-06 0.000584909 0.0306118 0.193674 0.151394 0.0973034 0.258368 0.1359 0.0946013 0.0315493 0.00542459 0.000563814 2.32184e-05 3.00137e-07 1.00234e-09 6.80944e-13 8.12907e-17 1.56283e-21 4.47602e-27
 1.66484e-41 2.31069e-33 3.87667e-26 7.8618e-20 1.92723e-14 5.71073e-10 2.04549e-06 0.000885627 0.0463502 0.293235 0.22641 0.0712567 0.144761 0.0941008 0.0896125 0.028494 0.0045492 0.000331895 1.01216e-05 1.05901e-07 2.67348e-10 1.35081e-13 1.18739e-17 1.6315e-22 3.28733e-28
 1.33522e-41 1.8532e-33 3.10913e-26 6.30526e-20 1.54566e-14 4.58007e-10 1.64051e-06 0.000710283 0.0371734 0.235194 0.184265 0.110417 0.242653 0.106797 0.0578277 0.0206261 0.00405752 0.000270035 6.16928e-06 4.42727e-08 8.21648e-11 3.07838e-14 1.96431e-18 1.94857e-23 2.82309e-29
 1.11447e-41 1.54681e-33 2.5951e-26 5.26281e-20 1.29012e-14 3.82285e-10 1.36928e-06 0.000592852 0.0310275 0.19632 0.155172 0.11179 0.235107 0.138122 0.104363 0.0242544 0.00303241 0.000213197 4.79395e-06 2.65977e-08 3.36702e-11 8.65264e-15 3.92838e-19 2.79785e-24 2.89538e-30
 8.75919e-42 1.21572e-33 2.03962e-26 4.13631e-20 1.01397e-14 3.00457e-10 1.07619e-06 0.000465952 0.0243861 0.154317 0.124369 0.123409 0.249186 0.159822 0.124522 0.0346355 0.00467378 0.000208226 3.59465e-06 1.82431e-08 1.87212e-11 3.41905e-15 1.04845e-19 5.07956e-25 3.65569e-31
 1.4099e-41 1.95684e-33 3.28301e-26 6.65788e-20 1.6321e-14 4.83621e-10 1.73225e-06 0.000750005 0.0392523 0.248357 0.194701 0.0945021 0.159826 0.12692 0.102269 0.0290622 0.0041585 0.000196305 2.65191e-06 9.21782e-09 7.43684e-12 1.10063e-15 2.55616e-20 8.7632e-26 4.30753e-32
 9.73923e-42 1.35174e-33 2.26783e-26 4.5991e-20 1.12742e-14 3.34074e-10 1.1966e-06 0.000518086 0.0271146 0.17162 0.141497 0.161901 0.272456 0.126434 0.0725907 0.0224643 0.0032491 0.000152316 2.00773e-06 5.85692e-09 3.34138e-12 3.47501e-16 6.04096e-21 1.58485e-26 5.83644e-33
 1.43977e-41 1.99831e-33 3.35258e-26 6.79897e-20 1.66669e-14 4.9387e-10 1.76896e-06 0.000765899 0.0400842 0.253646 0.200769 0.108294 0.161708 0.135093 0.0830699 0.0148957 0.00159934 7.25258e-05 8.95029e-07 2.36312e-09 1.139e-12 8.99498e-17 1.09919e-21 2.00565e-27 5.27732e-34
 1.00397e-41 1.39345e-33 2.33779e-26 4.741e-20 1.1622e-14 3.44381e-10 1.23352e-06 0.000534071 0.0279513 0.176972 0.149579 0.18359 0.261219 0.121163 0.0619497 0.015568 0.00143081 4.11044e-05 4.0566e-07 9.33676e-10 3.84062e-13 2.50797e-17 2.42437e-22 3.31598e-28 6.24368e-35
 1.28486e-41 1.7833e-33 2.99185e-26 6.06741e-20 1.48735e-14 4.4073e-10 1.57862e-06 0.000683489 0.0357713 0.226418 0.183778 0.132225 0.181357 0.152875 0.0744767 0.0114299 0.000956235 2.7057e-05 1.8811e-07 3.02258e-10 9.70765e-14 5.11699e-18 3.96138e-23 4.26989e-29 6.21171e-36
 1.41403e-41 1.96259e-33 3.29265e-26 6.67742e-20 1.63689e-14 4.85041e-10 1.73734e-06 0.000752207 0.0393678 0.24923 0.204953 0.159228 0.187224 0.10131 0.0476019 0.00967077 0.000646845 1.30741e-05 7.73706e-08 9.56665e-11 2.11327e-14 7.83553e-19 4.50806e-24 3.71488e-30 4.15408e-37
 1.12625e-41 1.56317e-33 2.62254e-26 5.31845e-20 1.30376e-14 3.86327e-10 1.38376e-06 0.00059912 0.031356 0.198648 0.172311 0.196213 0.225125 0.12348 0.0452215 0.00659692 0.000439531 8.38165e-06 3.65047e-08 3.36646e-11 5.71157e-15 1.53993e-19 6.14123e-25 3.50434e-31 2.78142e-38
 1.37555e-41 1.90917e-33 3.20303e-26 6.49568e-20 1.59234e-14 4.71839e-10 1.69005e-06 0.000731734 0.0382966 0.242544 0.203117 0.160453 0.179137 0.126232 0.0439012 0.00532914 0.000252747 3.82442e-06 1.45325e-08 1.05015e-11 1.28517e-15 2.51359e-20 7.36677e-26 3.04562e-32 1.70742e-39
 1.35217e-41 1.87672e-33 3.14859e-26 6.38527e-20 1.56527e-14 4.63819e-10 1.66132e-06 0.000719296 0.037646 0.238569 0.206681 0.194152 0.188425 0.0972191 0.0322299 0.0041855 0.000169354 1.85305e-06 5.06706e-09 2.85251e-12 2.74818e-16 4.02397e-21 8.47027e-27 2.4913e-33 1.00034e-40
 1.18827e-41 1.64924e-33 2.76695e-26 5.61131e-20 1.37555e-14 4.076e-10 1.45996e-06 0.000632111 0.0330835 0.209858 0.190469 0.214026 0.206733 0.112735 0.0294793 0.00287648 0.000105365 1.01049e-06 2.06825e-09 8.12714e-13 5.58672e-17 6.07367e-22 9.61884e-28 2.10007e-34 6.12005e-42
 1.06941e-41 1.48427e-33 2.49017e-26 5.05002e-20 1.23795e-14 3.66828e-10 1.31392e-06 0.000568882 0.0297748 0.18908 0.178944 0.22137 0.216934 0.128656 0.0318816 0.00271627 7.3592e-05 5.4416e-07 9.11336e-10 2.77462e-13 1.3697e-17 1.03487e-22 1.14609e-28 1.78661e-35 3.78347e-43
 1.0512e-41 1.459e-33 2.44777e-26 4.96402e-20 1.21687e-14 3.60581e-10 1.29154e-06 0.000559195 0.0292685 0.186035 0.180043 0.221945 0.216763 0.131196 0.0315472 0.00258212 5.98018e-05 3.35492e-07 4.06679e-10 9.27408e-14 3.49259e-18 1.96822e-23 1.5688e-29 1.71552e-36 2.52421e-44
 1.26892e-41 1.76118e-33 2.95475e-26 5.99217e-20 1.46891e-14 4.35265e-10 1.55905e-06 0.000675015 0.0353298 0.224274 0.20471 0.20003 0.192565 0.113114 0.0270444 0.00220625 4.97421e-05 2.5689e-07 2.62904e-10 4.76812e-14 1.41437e-18 6.40327e-24 4.17463e-30 3.74534e-37 4.47923e-45
 1.26895e-41 1.76122e-33 2.95481e-26 5.99229e-20 1.46894e-14 4.35274e-10 1.55908e-06 0.000675029 0.0353305 0.224278 0.204714 0.200039 0.192731 0.11346 0.0266691 0.00205848 4.2973e-05 2.01414e-07 1.84307e-10 2.95338e-14 7.67247e-19 3.02546e-24 1.71309e-30 1.33304e-37 1.38148e-45
#pred catch len freq
 2.55545e-27 2.56791e-27 1.5645e-26 2.76074e-20 6.76761e-15 2.00536e-10 7.18288e-07 0.000310991 0.0162762 0.102968 0.0792613 0.0400698 0.249307 0.230963 0.0632722 0.0868501 0.0369333 0.0278204 0.0168414 0.0126412 0.00982916 0.00845073 0.00844652 0.00747676 0.00228118
 2.55664e-27 2.57157e-27 1.91331e-26 3.49665e-20 8.57162e-15 2.53992e-10 9.09758e-07 0.00039389 0.0206148 0.130416 0.10017 0.0369621 0.210972 0.196853 0.0805644 0.134522 0.0459157 0.0194481 0.00862865 0.0048583 0.00306924 0.00225576 0.00199642 0.00176756 0.000591005
 2.55903e-27 2.57758e-27 2.3933e-26 4.50904e-20 1.10534e-14 3.27531e-10 1.17316e-06 0.000507934 0.0265834 0.168175 0.129055 0.0402537 0.215726 0.200133 0.061082 0.0894641 0.0353559 0.0220084 0.00712064 0.00225041 0.000942968 0.00052573 0.000384322 0.000319607 0.000110664
 2.55778e-27 2.57389e-27 2.03821e-26 3.75984e-20 9.21681e-15 2.7311e-10 9.78236e-07 0.000423539 0.0221665 0.140232 0.10777 0.0435091 0.255455 0.236481 0.0619384 0.0819845 0.0287457 0.0133405 0.00526262 0.0019546 0.000451098 0.000141574 7.27958e-05 5.20206e-05 1.78327e-05
 2.55803e-27 2.57482e-27 2.1434e-26 3.98182e-20 9.76096e-15 2.89235e-10 1.03599e-06 0.000448544 0.0234752 0.148511 0.114055 0.0411663 0.233212 0.216505 0.0684109 0.101717 0.0338265 0.0127262 0.00413955 0.00132644 0.000375806 7.34257e-05 1.80806e-05 9.20854e-06 2.95839e-06
 2.55925e-27 2.57785e-27 2.38538e-26 4.49221e-20 1.10121e-14 3.26308e-10 1.16878e-06 0.000506038 0.0264842 0.167547 0.128615 0.0427102 0.234731 0.217355 0.0585423 0.0790296 0.0274727 0.0121703 0.00365885 0.000918082 0.000208441 4.29548e-05 6.21831e-06 1.44783e-06 3.87098e-07
 2.55907e-27 2.57716e-27 2.30375e-26 4.31994e-20 1.05898e-14 3.13795e-10 1.12396e-06 0.000486632 0.0254686 0.161122 0.123737 0.0445274 0.251986 0.232994 0.0562209 0.0696709 0.0226815 0.00782502 0.00245432 0.000674869 0.000126099 2.01629e-05 2.61509e-06 2.75781e-07 4.31412e-08
 2.5592e-27 2.57757e-27 2.34691e-26 4.411e-20 1.0813e-14 3.2041e-10 1.14765e-06 0.00049689 0.0260054 0.164518 0.12632 0.0438301 0.244866 0.226589 0.0580865 0.075507 0.0239643 0.00722516 0.00202006 0.00046328 9.27603e-05 1.33233e-05 1.31831e-06 9.64601e-08 6.44966e-09
 2.55991e-27 2.57935e-27 2.48953e-26 4.71181e-20 1.15504e-14 3.4226e-10 1.22592e-06 0.000530776 0.0277789 0.175738 0.134899 0.0445945 0.244656 0.226121 0.0530602 0.0641493 0.0203437 0.00611875 0.00162993 0.000318509 5.28577e-05 7.28043e-06 6.61453e-07 3.57614e-08 1.26236e-09
 2.56177e-27 2.58431e-27 2.92008e-26 5.62008e-20 1.37769e-14 4.08235e-10 1.46223e-06 0.00063309 0.0331336 0.209613 0.160756 0.0440027 0.221984 0.205055 0.0467027 0.0549232 0.0170898 0.0046181 0.00121401 0.000233856 3.45197e-05 3.89175e-06 3.17724e-07 1.52487e-08 3.64584e-10
 2.56076e-27 2.58137e-27 2.64137e-26 5.03205e-20 1.23355e-14 3.65521e-10 1.30924e-06 0.000566849 0.0296669 0.187681 0.144048 0.0464222 0.252136 0.232517 0.0450137 0.0441369 0.0135009 0.0033112 0.000830289 0.000144692 2.08272e-05 2.15168e-06 1.43596e-07 5.97549e-09 1.20224e-10
 2.56129e-27 2.58291e-27 2.78623e-26 5.33767e-20 1.30847e-14 3.87722e-10 1.38876e-06 0.000601278 0.0314687 0.19908 0.152732 0.0451872 0.236636 0.218428 0.0464143 0.0508461 0.0150419 0.00279415 0.000649772 0.000102839 1.35549e-05 1.30425e-06 7.99201e-08 2.74111e-09 4.66779e-11
 2.56278e-27 2.58683e-27 3.1218e-26 6.04554e-20 1.48199e-14 4.39141e-10 1.57293e-06 0.000681018 0.035642 0.225482 0.172891 0.045163 0.222288 0.204945 0.0396134 0.0387428 0.0115762 0.00237189 0.000529625 6.46543e-05 7.53866e-06 6.51097e-07 3.63598e-08 1.12737e-09 1.59579e-11
 2.56133e-27 2.58279e-27 2.75401e-26 5.2696e-20 1.29178e-14 3.82777e-10 1.37104e-06 0.00059361 0.0310674 0.196542 0.150825 0.0471397 0.252835 0.232934 0.0409771 0.0347922 0.0101559 0.00171077 0.00037282 4.85066e-05 4.9637e-06 3.41763e-07 1.67239e-08 4.65591e-10 5.86941e-12
 2.55955e-27 2.57807e-27 2.34829e-26 4.41377e-20 1.08198e-14 3.20611e-10 1.14837e-06 0.000497202 0.0260218 0.164622 0.126454 0.0472975 0.271158 0.250112 0.0488983 0.0485124 0.0139854 0.00199115 0.000400653 4.40879e-05 4.46141e-06 2.97084e-07 1.16313e-08 2.72177e-10 3.04137e-12
 2.56063e-27 2.5811e-27 2.6243e-26 4.99604e-20 1.22472e-14 3.62906e-10 1.29987e-06 0.000562794 0.0294546 0.186339 0.143013 0.0458097 0.248202 0.22908 0.0479114 0.0515661 0.0150582 0.00245291 0.000498656 4.65013e-05 4.07125e-06 2.41368e-07 9.16965e-09 1.78671e-10 1.63744e-12
 2.5618e-27 2.58411e-27 2.87517e-26 5.52523e-20 1.35444e-14 4.01346e-10 1.43755e-06 0.000622405 0.0325745 0.206076 0.158094 0.0464412 0.242412 0.223397 0.0407406 0.0366543 0.0107263 0.00183387 0.000383973 3.96726e-05 3.34816e-06 1.65033e-07 5.40354e-09 9.8184e-11 7.72245e-13
 2.56174e-27 2.58383e-27 2.83959e-26 5.45013e-20 1.33603e-14 3.95891e-10 1.41801e-06 0.000613946 0.0321317 0.203275 0.15597 0.0473975 0.251181 0.231294 0.0386088 0.0297922 0.00846498 0.00104589 0.000200169 2.12944e-05 1.8988e-06 9.84387e-08 2.80968e-09 4.28285e-11 3.03732e-13
 2.56275e-27 2.58665e-27 3.09524e-26 5.98946e-20 1.46824e-14 4.35067e-10 1.55834e-06 0.0006747 0.0353114 0.22339 0.171309 0.0461171 0.23066 0.212483 0.0375685 0.03215 0.00910045 0.0010334 0.000183751 1.49207e-05 1.21304e-06 6.57166e-08 1.98752e-09 2.80883e-11 1.67121e-13
 2.56211e-27 2.58479e-27 2.92011e-26 5.61998e-20 1.37767e-14 4.08229e-10 1.46221e-06 0.00063308 0.0331331 0.20961 0.16081 0.04757 0.249093 0.229266 0.0364252 0.0253251 0.00714996 0.000825159 0.00014605 1.07612e-05 7.42906e-07 3.17946e-08 9.44353e-10 1.40547e-11 8.06478e-14
 2.56374e-27 2.58929e-27 3.32442e-26 6.47292e-20 1.58676e-14 4.70185e-10 1.68412e-06 0.000729161 0.0381616 0.241422 0.185073 0.0458158 0.218697 0.20135 0.03389 0.0265653 0.00744129 0.000724211 0.000119133 8.92612e-06 6.01499e-07 2.2291e-08 5.26435e-10 7.03147e-12 4.15917e-14
 2.56404e-27 2.58997e-27 3.37266e-26 6.57464e-20 1.61169e-14 4.77574e-10 1.71059e-06 0.00074062 0.0387614 0.245216 0.187985 0.0467395 0.22368 0.205684 0.029865 0.0163067 0.00452439 0.000424042 6.71268e-05 4.23876e-06 2.58656e-07 9.53552e-09 2.04587e-10 2.20676e-12 1.11445e-14
 2.56334e-27 2.58808e-27 3.20611e-26 6.2233e-20 1.52557e-14 4.52053e-10 1.61918e-06 0.000701042 0.03669 0.232112 0.177986 0.0471611 0.233914 0.215152 0.0319773 0.0187334 0.00514621 0.00037335 4.98177e-05 3.04517e-06 1.72331e-07 5.35045e-09 1.08291e-10 1.09508e-12 4.60795e-15
 2.56415e-27 2.59033e-27 3.40966e-26 6.65273e-20 1.63084e-14 4.83246e-10 1.73091e-06 0.000749416 0.0392217 0.248128 0.1902 0.0461496 0.217635 0.200226 0.0310794 0.0204423 0.00565147 0.000449081 6.29933e-05 3.13025e-06 1.45641e-07 4.24526e-09 7.52251e-11 6.72789e-13 2.65456e-15
 2.5644e-27 2.59095e-27 3.45972e-26 6.7583e-20 1.65672e-14 4.90914e-10 1.75837e-06 0.000761308 0.0398441 0.252065 0.193211 0.046461 0.21789 0.200345 0.0290053 0.015689 0.00432205 0.00035089 5.02094e-05 2.65712e-06 1.24576e-07 2.86532e-09 4.36753e-11 3.49403e-13 1.20121e-15
 2.56387e-27 2.58949e-27 3.32922e-26 6.48301e-20 1.58923e-14 4.70917e-10 1.68675e-06 0.000730297 0.0382211 0.241798 0.185379 0.046949 0.227106 0.208829 0.0301238 0.0161018 0.00440813 0.000310112 3.98728e-05 2.14449e-06 1.04046e-07 2.5302e-09 3.48227e-11 2.23785e-13 6.74892e-16
 2.56331e-27 2.58795e-27 3.19118e-26 6.19178e-20 1.51784e-14 4.49763e-10 1.61098e-06 0.000697491 0.0365042 0.230936 0.177094 0.0475294 0.237343 0.218237 0.0310814 0.0159168 0.00434056 0.000283305 3.36452e-05 1.5884e-06 6.76277e-08 1.67065e-09 2.40275e-11 1.5174e-13 3.81563e-16
 2.56438e-27 2.5909e-27 3.45518e-26 6.74874e-20 1.65437e-14 4.9022e-10 1.75589e-06 0.000760232 0.0397878 0.251709 0.192939 0.0464533 0.218022 0.200475 0.0291604 0.0160071 0.00437026 0.000280146 3.25314e-05 1.44543e-06 5.51912e-08 1.16622e-09 1.55478e-11 1.01073e-13 2.57699e-16
 2.56369e-27 2.58893e-27 3.27316e-26 6.36472e-20 1.56023e-14 4.62325e-10 1.65597e-06 0.000716972 0.0375238 0.237386 0.182021 0.0476672 0.23493 0.215913 0.028924 0.0115874 0.00312506 0.000183189 1.9183e-05 8.20389e-07 2.93972e-08 5.66707e-10 6.57328e-12 3.72972e-14 9.33731e-17
#obs catch len freq
 5.02476e-42 6.97403e-34 1.17004e-26 2.37282e-20 5.81668e-15 1.72359e-10 6.17361e-07 0.000267296 0.0139892 0.0885011 0.0683039 0.0399431 0.218887 0.186795 0.143617 0.143121 0.0640273 0.0257402 0.00599189 0.000773431 4.10198e-05 6.48193e-07 2.28755e-09 1.46372e-12 1.48434e-16
 5.74226e-42 7.96988e-34 1.33711e-26 2.71164e-20 6.64726e-15 1.9697e-10 7.05516e-07 0.000305464 0.0159868 0.101138 0.0780652 0.0437273 0.223397 0.181736 0.143071 0.130891 0.0562431 0.0206098 0.0043251 0.000482508 2.08872e-05 2.53833e-07 6.60375e-10 3.04238e-13 2.19536e-17
 1.07914e-41 1.49777e-33 2.51283e-26 5.09596e-20 1.24922e-14 3.70165e-10 1.32587e-06 0.000574057 0.0300438 0.190067 0.146017 0.045193 0.181811 0.14098 0.114064 0.09576 0.0396568 0.0131494 0.00244261 0.000230923 8.07408e-06 7.53933e-08 1.44941e-10 4.81473e-14 2.47171e-18
 1.11579e-41 1.54865e-33 2.59818e-26 5.26905e-20 1.29165e-14 3.82738e-10 1.37091e-06 0.000593555 0.0310643 0.196524 0.151289 0.0583275 0.23735 0.163939 0.0768974 0.0545486 0.0217776 0.00653435 0.00106764 8.39886e-05 2.33053e-06 1.65946e-08 2.35872e-11 5.66911e-15 2.07694e-19
 7.84802e-42 1.08925e-33 1.82745e-26 3.70603e-20 9.08489e-15 2.69202e-10 9.64238e-07 0.000417482 0.0218493 0.138229 0.107043 0.064859 0.274089 0.184714 0.116455 0.0712019 0.0167287 0.00383673 0.000540614 3.49545e-05 7.57046e-07 4.05562e-09 4.23727e-12 7.36939e-16 1.93239e-20
 1.26288e-41 1.7528e-33 2.94069e-26 5.96365e-20 1.46192e-14 4.33193e-10 1.55163e-06 0.000671801 0.0351594 0.222431 0.171066 0.0528406 0.171969 0.121865 0.124905 0.0753821 0.0200268 0.00337804 0.000289823 1.42347e-05 2.37478e-07 9.46431e-10 7.19998e-13 9.01317e-17 1.68921e-21
 1.0427e-41 1.4472e-33 2.42799e-26 4.92391e-20 1.20704e-14 3.57667e-10 1.28111e-06 0.000554675 0.0290295 0.183654 0.142161 0.0738317 0.260424 0.153501 0.0853056 0.0500724 0.0180938 0.00314502 0.000219541 6.49002e-06 7.25318e-08 2.09599e-10 1.15131e-13 1.03029e-17 1.3729e-22
 1.28141e-41 1.77851e-33 2.98381e-26 6.05112e-20 1.48336e-14 4.39547e-10 1.57438e-06 0.000681654 0.0356751 0.225696 0.174073 0.064401 0.192278 0.12364 0.115753 0.0539713 0.0116278 0.00204116 0.000157165 3.76399e-06 2.60866e-08 4.71716e-11 1.77186e-14 1.11785e-18 1.05295e-23
 1.15168e-41 1.59846e-33 2.68175e-26 5.43853e-20 1.33319e-14 3.95049e-10 1.415e-06 0.000612647 0.0320635 0.202851 0.157298 0.0799059 0.239449 0.134202 0.0939896 0.0454139 0.0125713 0.00154995 8.91971e-05 2.05821e-06 1.16563e-08 1.37931e-11 3.1869e-15 1.29898e-19 8.31277e-25
 1.51177e-41 2.09823e-33 3.52022e-26 7.13893e-20 1.75002e-14 5.18564e-10 1.85741e-06 0.000804195 0.0420884 0.266271 0.205455 0.069682 0.171639 0.103919 0.0937875 0.0372836 0.00799889 0.00101885 5.05689e-05 8.2654e-07 3.84267e-09 3.67684e-12 6.00767e-16 1.57386e-20 6.36077e-26
 1.55313e-41 2.15565e-33 3.61654e-26 7.33428e-20 1.79791e-14 5.32754e-10 1.90824e-06 0.000826201 0.0432401 0.273561 0.211698 0.0829825 0.196483 0.0983389 0.0619327 0.024652 0.00569417 0.000566473 2.36293e-05 3.25022e-07 1.09078e-09 7.70231e-13 9.72158e-17 1.90456e-21 5.38607e-27
 1.15604e-41 1.60451e-33 2.6919e-26 5.45912e-20 1.33824e-14 3.96545e-10 1.42036e-06 0.000614967 0.0321849 0.203631 0.15957 0.104059 0.254185 0.128869 0.0862935 0.0260035 0.00418887 0.000385242 1.349e-05 1.42803e-07 3.75203e-10 1.94602e-13 1.73889e-17 2.46546e-22 5.1558e-28
 1.72455e-41 2.39356e-33 4.01569e-26 8.14375e-20 1.99634e-14 5.91553e-10 2.11885e-06 0.000917387 0.0480124 0.303754 0.234793 0.0748818 0.140531 0.0903061 0.0801431 0.0230683 0.00336952 0.000215173 5.62678e-06 4.77751e-08 9.43245e-11 3.62775e-14 2.37931e-18 2.40728e-23 3.53867e-29
 1.39665e-41 1.93846e-33 3.25217e-26 6.59533e-20 1.61677e-14 4.79078e-10 1.71598e-06 0.00074296 0.0388836 0.24602 0.193239 0.116447 0.234276 0.0987782 0.0514724 0.0169923 0.00297337 0.000170269 3.27744e-06 1.91e-08 2.76913e-11 7.86612e-15 3.73658e-19 2.7249e-24 2.87692e-30
 1.18433e-41 1.64377e-33 2.75777e-26 5.5927e-20 1.37099e-14 4.06248e-10 1.45511e-06 0.000630014 0.0329725 0.208633 0.165416 0.118576 0.228487 0.132188 0.0915959 0.0191536 0.00221013 0.000134147 2.48005e-06 1.10019e-08 1.08391e-11 2.11226e-15 7.12962e-20 3.7273e-25 2.80818e-31
 9.44374e-42 1.31073e-33 2.19902e-26 4.45957e-20 1.09321e-14 3.23938e-10 1.16029e-06 0.000502367 0.0262919 0.166387 0.134699 0.131784 0.243966 0.154901 0.110087 0.0279482 0.00330532 0.000126557 1.82891e-06 7.3446e-09 5.79396e-12 7.98723e-16 1.82006e-20 6.47054e-26 3.38669e-32
 1.49655e-41 2.07711e-33 3.48479e-26 7.06708e-20 1.73241e-14 5.13345e-10 1.83872e-06 0.000796102 0.0416648 0.263629 0.207073 0.0986904 0.153359 0.121058 0.0878644 0.0228862 0.00286243 0.000113952 1.25692e-06 3.47526e-09 2.15551e-12 2.39316e-16 4.11516e-21 1.03485e-26 3.70222e-33
 1.05147e-41 1.45937e-33 2.44839e-26 4.96529e-20 1.21718e-14 3.60673e-10 1.29187e-06 0.000559336 0.0292735 0.185301 0.153535 0.169851 0.260592 0.117895 0.0628542 0.0178184 0.00223059 8.78878e-05 9.338e-07 2.13026e-09 9.29761e-13 7.25627e-17 9.31701e-22 1.7877e-27 4.78685e-34
 1.53301e-41 2.12772e-33 3.56969e-26 7.23925e-20 1.77462e-14 5.25852e-10 1.88351e-06 0.000815497 0.04268 0.270083 0.214229 0.111788 0.153796 0.126031 0.0683267 0.0111446 0.0010642 4.03297e-05 3.97933e-07 8.14559e-10 2.97583e-13 1.75436e-17 1.58189e-22 2.10931e-28 4.02569e-35
 1.0868e-41 1.50841e-33 2.53067e-26 5.13214e-20 1.25808e-14 3.72793e-10 1.33528e-06 0.000578132 0.0302574 0.191599 0.162795 0.190579 0.247429 0.11165 0.0523874 0.0117813 0.000919194 2.2304e-05 1.77117e-07 3.14105e-10 9.73219e-14 4.71892e-18 3.35393e-23 3.34896e-29 4.57726e-36
 1.38299e-41 1.9195e-33 3.22035e-26 6.53081e-20 1.60095e-14 4.74391e-10 1.69919e-06 0.000735691 0.0385034 0.243732 0.198377 0.136026 0.172962 0.140588 0.0601087 0.00834678 0.000604697 1.40073e-05 7.74845e-08 9.63804e-11 2.32773e-14 9.07198e-19 5.14442e-24 4.03648e-30 4.25526e-37
 1.50872e-41 2.094e-33 3.51312e-26 7.12454e-20 1.7465e-14 5.17519e-10 1.85367e-06 0.000802575 0.0420039 0.265949 0.21935 0.161339 0.173719 0.0909208 0.0386187 0.00690029 0.0003883 6.50371e-06 3.04065e-08 2.87707e-11 4.77358e-15 1.30821e-19 5.49818e-25 3.28747e-31 2.65675e-38
 1.2198e-41 1.693e-33 2.84037e-26 5.76021e-20 1.41205e-14 4.18415e-10 1.4987e-06 0.000648884 0.0339606 0.215193 0.18743 0.199995 0.211192 0.110644 0.0359735 0.00469296 0.000264052 4.06417e-06 1.39049e-08 9.80941e-12 1.24401e-15 2.47322e-20 7.20554e-26 2.98093e-32 1.70562e-39
 1.47652e-41 2.04931e-33 3.43814e-26 6.97248e-20 1.70922e-14 5.06474e-10 1.81411e-06 0.000785446 0.0411078 0.260389 0.218614 0.161874 0.167954 0.111419 0.0340737 0.00363401 0.000145213 1.78507e-06 5.27663e-09 2.89246e-12 2.64123e-16 3.80239e-21 8.12411e-27 2.43406e-33 9.84747e-41
 1.45052e-41 2.01323e-33 3.3776e-26 6.84971e-20 1.67913e-14 4.97556e-10 1.78216e-06 0.000771616 0.0403844 0.255983 0.22237 0.194221 0.173684 0.0847097 0.0249783 0.00280049 9.38272e-05 8.27922e-07 1.76349e-09 7.5114e-13 5.37389e-17 5.77966e-22 8.86577e-28 1.88803e-34 5.46228e-42
 1.28609e-41 1.78501e-33 2.99472e-26 6.07324e-20 1.48878e-14 4.41154e-10 1.58014e-06 0.000684147 0.0358073 0.227216 0.206807 0.214924 0.19261 0.0975809 0.0224071 0.00190327 5.75994e-05 4.38949e-07 6.94329e-10 2.06156e-13 1.05109e-17 8.36949e-23 9.63472e-29 1.52187e-35 3.19743e-43
 1.16621e-41 1.61862e-33 2.71558e-26 5.50713e-20 1.35001e-14 4.00032e-10 1.43285e-06 0.000620376 0.0324705 0.206296 0.195739 0.223252 0.204416 0.111293 0.0241149 0.00175745 3.91679e-05 2.30333e-07 2.96218e-10 6.77624e-14 2.47724e-18 1.37049e-23 1.10185e-29 1.23963e-36 1.88762e-44
 1.14845e-41 1.59398e-33 2.67423e-26 5.42328e-20 1.32945e-14 3.93942e-10 1.41103e-06 0.00061093 0.031976 0.203134 0.191885 0.216775 0.208747 0.118466 0.0264186 0.00194561 3.95283e-05 1.89875e-07 1.92934e-10 3.63118e-14 1.11821e-18 5.12479e-24 3.3073e-30 2.91637e-37 3.44829e-45
 1.36564e-41 1.89542e-33 3.17997e-26 6.44891e-20 1.58087e-14 4.68442e-10 1.67788e-06 0.000726466 0.0380224 0.241277 0.216353 0.193311 0.180954 0.103495 0.0239909 0.00183058 3.79379e-05 1.76893e-07 1.61284e-10 2.57756e-14 6.68281e-19 2.63135e-24 1.48835e-30 1.15726e-37 1.19862e-45
#spawning biomass
 12395.4 13052.9 17145.4 23313.8 29758.8 36036.5 42030.4 49908.3 54779.9 72102.5 92005.2 112173 143388 174781 175112 150531 136037 123314 128774 125173 131222 134274 143020 158031 172623 182273 164459 149046 133255 163879 227412 226962 190203 150603 118810 96252.5 81373.4 72022.3 66340.9 62972.2 61010.6 59883.6 59242.4 58878.8 58673.3 58560.4 58498.5 58464.4 58445.8 58435.5 58429.9 58426.8 58425.1 58424.2 58423.6 58423.4 58423.2 58423.1 58423.1 58423.1 58423 58423 58423 58423 58423 58423 58423 58423 58423 58423 58423 58423 58423 58423 58423 58423 58423 58423 58423 58423 58423 58423 58423 58423 58423 58423 58423 58423 58423 58423 58423 58423 58423 58423 58423 58423 58423 58423 58423 58423 58423 58423 58423 58423 58423 58423 58423 58423 58423 58423 58423 58423 58423 58423 58423 58423 58423 58423 58423 58423 58423 58423 58423 58423 58423 58423 58423 58423 58423 0 0 0 0 0 0 0 0 0 0 0 0 0 0 0 0 0 0 0 0 0 0 0 0 0
