SBPRF35
0.256306
Curr Bio
277940
B35
409099
F35
0.377914
FOFL
0.21653
OFL
59872.4
Bzero
73230.3
#pred survey bio
 83852.4 79131.2 60005.3 48063.9 70146.5 104690 149676 204853 248884 303236 323832 340298 366782 374767 351641 348469 368652 364171 371375 384454 375472 374814 412102 439232 451624 445670 433500 419599 1.34488e+07 7.55672e+06 5.45277e+06 3.62136e+06 2.39041e+06 1.65556e+06 1.24249e+06 1.01663e+06 893964 826809 789365 767964 755387 747787 743074 740081 738162 736912 736089 735543 735179 734934 734770 734660 734585 734535 734501 734478 734462 734452 734445 734440 734437 734434 734433 734432 734431 734431 734430 734430 734430 734430 734430 734430 734430 734430 734430 734430 734430 734430 734430 734430 734430 734430 734430 734430 734430 734430 734430 734430 734430 734430 734430 734430 734430 734430 734430 734430 734430 734430 734430 734430 734430 734430 734430 734430 734430 734430 734430 734430 734430 734430 734430 734430 734430 734430 734430 734430 734430 734430 734430 734430 734430 734430 734430 734430 734430 734430 734430 734430 0 0 0 0 0 0 0 0 0 0 0 0 0 0 0 0 0 0 0 0 0 0 0 0 0
#obs survey bio
 65187.9 60169.7 51701.1 65096.4 89545.2 97748.8 170344 227694 348029 216959 249991 404971 307486 459284 398784 293805 226864 420762 389168 517382 439229 392984 406828 522496 441408 390517 498407 312959
#pred catch bio
 12086.2 16099.5 13057.9 9786.18 17536.6 30655.3 43660.6 64812.6 72410.5 114815 133392 143067 174145 190520 171290 165101 186533 172407 166673 179839 179264 168931 185559 198537 214571 209724 201166 214023 59872.4 92645.3 64675.3 41303.2 26161.2 17511.6 12917.7 10585.7 9435.94 8879.99 8614.64 8489.12 8430.11 8402.48 8389.57 8383.56 8380.77 8379.48 8378.88 8378.6 8378.47 8378.41 8378.38 8378.37 8378.36 8378.36 8378.36 8378.36 8378.36 8378.36 8378.36 8378.36 8378.36 8378.36 8378.36 8378.36 8378.36 8378.36 8378.36 8378.36 8378.36 8378.36 8378.36 8378.36 8378.36 8378.36 8378.36 8378.36 8378.36 8378.36 8378.36 8378.36 8378.36 8378.36 8378.36 8378.36 8378.36 8378.36 8378.36 8378.36 8378.36 8378.36 8378.36 8378.36 8378.36 8378.36 8378.36 8378.36 8378.36 8378.36 8378.36 8378.36 8378.36 8378.36 8378.36 8378.36 8378.36 8378.36 8378.36 8378.36 8378.36 8378.36 8378.36 8378.36 8378.36 8378.36 8378.36 8378.36 8378.36 8378.36 8378.36 8378.36 8378.36 8378.36 8378.36 8378.36 8378.36 8378.36 8378.36 8378.36 0 0 0 0 0 0 0 0 0 0 0 0 0 0 0 0 0 0 0 0 0 0 0 0 0
#obs catch bio
 13761.6 17440.8 13665.3 9833.88 17315.6 29834.1 41481.4 61333.6 66179.6 108753 131142 137198 178948 187529 175391 169396 203721 176130 162520 173086 179279 171244 187020 193944 217935 218114 200254 215880
#pred cpue bio
 82073.2 78260.5 59778.3 47074.7 66234.8 100056 142643 196014 239198 291747 310688 325635 350344 356670 335307 332042 350516 346352 354317 367393 358921 357096 392127 419130 431517 425219 414543 401491 1.28144e+07 7.54266e+06 5.43505e+06 3.60344e+06 2.37249e+06 1.63763e+06 1.22456e+06 998702 876035 808880 771436 750035 737458 729858 725145 722153 720233 718983 718160 717614 717250 717005 716841 716731 716656 716606 716572 716549 716533 716523 716516 716511 716508 716506 716504 716503 716502 716502 716502 716501 716501 716501 716501 716501 716501 716501 716501 716501 716501 716501 716501 716501 716501 716501 716501 716501 716501 716501 716501 716501 716501 716501 716501 716501 716501 716501 716501 716501 716501 716501 716501 716501 716501 716501 716501 716501 716501 716501 716501 716501 716501 716501 716501 716501 716501 716501 716501 716501 716501 716501 716501 716501 716501 716501 716501 716501 716501 716501 716501 716501 0 0 0 0 0 0 0 0 0 0 0 0 0 0 0 0 0 0 0 0 0 0 0 0 0
#obs cpue bio
 74626.1 44284.1 66280.5 49873.6 79703.1 133250 174241 234388 281472 389647 342271 346333 294038 373618 225253 345498 355740 328611 432512 339680 266044 297574 401829 433600 365437 383133 414950 523681
#pred surv len freq
 2.6467e-11 1.24488e-09 4.0545e-08 9.1439e-07 1.42795e-05 0.000154414 0.00115625 0.00599584 0.0215378 0.0536553 0.0931245 0.114609 0.106501 0.0884379 0.0806363 0.0785792 0.0719429 0.0620047 0.0527607 0.0444663 0.0370762 0.0309545 0.0253765 0.0190428 0.0119732
 1.6055e-11 7.55148e-10 2.45947e-08 5.54672e-07 8.66204e-06 9.3669e-05 0.000701427 0.00363791 0.0130764 0.0326616 0.0572705 0.073228 0.0768302 0.0818595 0.0951776 0.103684 0.0978688 0.0847483 0.0719703 0.0600416 0.048532 0.0380898 0.0287498 0.0199428 0.0118266
 7.0519e-12 3.31688e-10 1.08029e-08 2.43632e-07 3.80469e-06 4.11435e-05 0.000308114 0.00159836 0.00575029 0.0144121 0.0256078 0.0343275 0.0410119 0.0534887 0.0737239 0.0931554 0.106127 0.11282 0.110757 0.0984088 0.0801498 0.0611163 0.0435445 0.0280926 0.0155554
 2.89799e-11 1.36308e-09 4.43945e-08 1.00121e-06 1.56353e-05 0.000169073 0.00126599 0.00656426 0.0235703 0.0586277 0.101132 0.121541 0.103661 0.067409 0.0419946 0.0358539 0.0426795 0.0552257 0.0669466 0.0720679 0.0678489 0.0557151 0.0399416 0.0247965 0.0129718
 4.55597e-11 2.14291e-09 6.97931e-08 1.57401e-06 2.45804e-05 0.000265802 0.00199028 0.0103198 0.0370556 0.0921735 0.159019 0.191191 0.163188 0.105541 0.0613396 0.0390322 0.0264793 0.0181943 0.0151873 0.0163422 0.0180144 0.0173063 0.013769 0.00892203 0.00464234
 3.71179e-11 1.74585e-09 5.68612e-08 1.28236e-06 2.00259e-05 0.000216553 0.00162155 0.00840844 0.0302012 0.0752097 0.130341 0.159489 0.14518 0.113863 0.0942626 0.0812566 0.0609901 0.0373526 0.0202512 0.0116786 0.00855263 0.00756833 0.00646182 0.0045642 0.0025093
 3.87162e-11 1.82103e-09 5.93097e-08 1.33758e-06 2.08882e-05 0.000225877 0.00169135 0.00877019 0.0314971 0.0784025 0.135641 0.164883 0.146638 0.108111 0.0825126 0.070248 0.0580697 0.0435148 0.0297287 0.0181622 0.00991043 0.00537235 0.00329586 0.00211931 0.00118411
 3.67412e-11 1.72813e-09 5.62841e-08 1.26935e-06 1.98227e-05 0.000214355 0.00160508 0.00832298 0.0298929 0.0744285 0.128896 0.157297 0.141854 0.10868 0.0877251 0.0765849 0.0622017 0.0452236 0.0312351 0.0207826 0.0126638 0.00682055 0.00331402 0.00154237 0.000695027
 3.47406e-11 1.63403e-09 5.32193e-08 1.20023e-06 1.87433e-05 0.000202683 0.00151769 0.00786988 0.0282667 0.0703908 0.121981 0.149224 0.135761 0.10657 0.0893653 0.0806289 0.0674498 0.0506991 0.0359473 0.0242146 0.0150135 0.00836342 0.00410738 0.00175435 0.00065295
 3.45247e-11 1.62388e-09 5.28886e-08 1.19277e-06 1.86268e-05 0.000201423 0.00150825 0.00782093 0.0280904 0.0699475 0.121183 0.148109 0.13431 0.104563 0.0868396 0.0784208 0.0667201 0.0518618 0.0383981 0.026958 0.0172994 0.00990493 0.00496192 0.00212258 0.00075819
 3.60518e-11 1.6957e-09 5.5228e-08 1.24553e-06 1.94507e-05 0.000210332 0.00157496 0.00816676 0.0293314 0.0730261 0.126438 0.15416 0.138596 0.105355 0.0843344 0.0740639 0.0619341 0.0475355 0.0351508 0.0251386 0.016709 0.00997041 0.00518462 0.00227784 0.000821859
 3.71211e-11 1.746e-09 5.68661e-08 1.28247e-06 2.00277e-05 0.000216571 0.00162168 0.00840896 0.0302009 0.075187 0.130153 0.158565 0.142147 0.107147 0.0844889 0.0729577 0.0596975 0.0443604 0.0316431 0.0220812 0.0145969 0.00883288 0.00472586 0.00214801 0.000798905
 3.77689e-11 1.77647e-09 5.78584e-08 1.30485e-06 2.03771e-05 0.00022035 0.00164997 0.00855567 0.0307276 0.0764958 0.132403 0.16123 0.144292 0.108234 0.0846365 0.072494 0.0587749 0.0429906 0.0299002 0.0202008 0.0129187 0.00763066 0.00405384 0.00186147 0.000707267
 3.9236e-11 1.84547e-09 6.01059e-08 1.35554e-06 2.11687e-05 0.000228909 0.00171406 0.00888792 0.0319199 0.0794548 0.13746 0.167088 0.14856 0.109355 0.0828847 0.069258 0.0553107 0.0398423 0.0271778 0.0179457 0.011164 0.00638756 0.00329421 0.0014833 0.000560261
 3.81207e-11 1.79302e-09 5.83974e-08 1.31701e-06 2.0567e-05 0.000222403 0.00166534 0.00863541 0.0310143 0.0772133 0.133669 0.162884 0.146127 0.110316 0.0869429 0.0743194 0.059121 0.0415983 0.0274455 0.0175575 0.010621 0.00590543 0.00295351 0.00129069 0.000475691
 3.85404e-11 1.81276e-09 5.90404e-08 1.33151e-06 2.07934e-05 0.000224851 0.00168368 0.00873042 0.0313549 0.0780549 0.135082 0.164403 0.146841 0.109523 0.0848409 0.0720826 0.0580002 0.0418235 0.0282439 0.0181311 0.0107593 0.00579408 0.00279851 0.00118286 0.000422864
 3.9478e-11 1.85686e-09 6.04766e-08 1.3639e-06 2.12992e-05 0.000230321 0.00172463 0.00894275 0.0321168 0.0799447 0.138306 0.16811 0.149445 0.109951 0.0832352 0.0694 0.0551987 0.0394585 0.0265819 0.017209 0.0103506 0.00560551 0.00267889 0.00110463 0.000382793
 3.92161e-11 1.84454e-09 6.00753e-08 1.35485e-06 2.11579e-05 0.000228793 0.00171319 0.00888345 0.0319043 0.0794203 0.137431 0.167192 0.149102 0.110681 0.0849303 0.0712451 0.0562686 0.0394712 0.0259414 0.0164669 0.00981558 0.00531769 0.00255163 0.00105209 0.000361198
 3.78268e-11 1.77919e-09 5.79471e-08 1.30685e-06 2.04084e-05 0.000220688 0.0016525 0.00856884 0.0307754 0.0766203 0.132655 0.161709 0.145269 0.110098 0.0873676 0.075221 0.0603231 0.0428556 0.0283997 0.0179632 0.0105479 0.00561186 0.00265785 0.00108932 0.000373048
 3.72624e-11 1.75264e-09 5.70825e-08 1.28735e-06 2.01039e-05 0.000217395 0.00162785 0.00844099 0.0303163 0.0754783 0.130684 0.159336 0.14324 0.108812 0.086793 0.0753882 0.0614287 0.0448255 0.030686 0.0199248 0.0118673 0.0063274 0.00297374 0.00120379 0.00040751
 3.72208e-11 1.75069e-09 5.70189e-08 1.28592e-06 2.00815e-05 0.000217153 0.00162603 0.00843158 0.0302825 0.0753932 0.130531 0.159126 0.142973 0.108443 0.0862994 0.0748592 0.0610372 0.0447321 0.0309749 0.0205298 0.0125615 0.00687626 0.00329085 0.00134136 0.000453015
 3.87848e-11 1.82425e-09 5.94148e-08 1.33995e-06 2.09253e-05 0.000226277 0.00169435 0.00878575 0.0315532 0.0785443 0.135901 0.165266 0.147183 0.108873 0.0832473 0.0701788 0.0565597 0.0412507 0.0285142 0.0189569 0.0117198 0.00653321 0.00319936 0.00133336 0.000457825
 3.91774e-11 1.84272e-09 6.00162e-08 1.35351e-06 2.11371e-05 0.000228568 0.0017115 0.00887468 0.0318726 0.0793394 0.137277 0.166941 0.148673 0.109943 0.0839007 0.0702775 0.0558318 0.0397341 0.0267015 0.0174013 0.0106737 0.00596186 0.00294877 0.0012486 0.000436776
 3.78103e-11 1.77841e-09 5.79218e-08 1.30628e-06 2.03995e-05 0.000220592 0.00165178 0.0085651 0.0307619 0.0765865 0.132594 0.161625 0.145162 0.10995 0.0871579 0.0749665 0.0600756 0.0426915 0.0284037 0.0181667 0.0108807 0.0059489 0.00290682 0.0012293 0.00043313
 3.73497e-11 1.75675e-09 5.72162e-08 1.29037e-06 2.0151e-05 0.000217904 0.00163166 0.00846076 0.0303873 0.0756542 0.130983 0.159679 0.143475 0.108834 0.0866144 0.0751012 0.0611237 0.0445485 0.030465 0.0197938 0.0118447 0.00638806 0.00306113 0.00127158 0.000443013
 3.8091e-11 1.79162e-09 5.83518e-08 1.31598e-06 2.05509e-05 0.000222229 0.00166404 0.00862862 0.0309895 0.0771467 0.133521 0.162555 0.145356 0.108776 0.0847474 0.072409 0.0586481 0.0428171 0.029552 0.0195403 0.0119467 0.00655224 0.00315583 0.00130214 0.000447766
 3.69638e-11 1.7386e-09 5.66251e-08 1.27704e-06 1.99428e-05 0.000215653 0.00161481 0.0083734 0.0300739 0.0748781 0.129668 0.158208 0.142577 0.109026 0.087749 0.0764274 0.0618952 0.0446598 0.0303894 0.0199566 0.0122519 0.00680713 0.00333231 0.00139301 0.000481687
 3.68041e-11 1.73109e-09 5.63804e-08 1.27152e-06 1.98566e-05 0.000214721 0.00160783 0.00833719 0.0299437 0.0745523 0.129093 0.157455 0.141739 0.108083 0.0867601 0.0758139 0.0621753 0.0458226 0.031823 0.0210637 0.0128878 0.00712668 0.00349358 0.00147231 0.000514717
#obs surv len freq
 2.68455e-11 1.26268e-09 4.11248e-08 9.27467e-07 1.44837e-05 0.000156622 0.00117278 0.00608148 0.0218444 0.0544078 0.094355 0.115769 0.106461 0.0861855 0.0763917 0.0742401 0.0698392 0.0631478 0.0566603 0.0499574 0.0424311 0.0338766 0.0243722 0.0150364 0.00759769
 5.70998e-12 2.6857e-10 8.74715e-09 1.97271e-07 3.08072e-06 3.33157e-05 0.000249527 0.00129514 0.00466942 0.0118014 0.0216359 0.0320576 0.0471491 0.0747655 0.108339 0.126077 0.119528 0.102562 0.0877843 0.075803 0.0639416 0.0509675 0.0368133 0.0228846 0.0116389
 1.67447e-14 7.87608e-13 2.56542e-11 5.78777e-10 9.05145e-09 9.84377e-08 7.53725e-07 4.25092e-06 2.01586e-05 9.86309e-05 0.000504434 0.00222195 0.00745958 0.0189067 0.0383414 0.0672283 0.104403 0.137967 0.150648 0.139498 0.116347 0.0907017 0.0648292 0.0402684 0.0205516
 5.2289e-11 2.45942e-09 8.01018e-08 1.8065e-06 2.8211e-05 0.000305061 0.00228423 0.0118435 0.0425212 0.105711 0.181977 0.216923 0.179066 0.102437 0.040947 0.0125887 0.00597618 0.0082673 0.0132409 0.0174929 0.0186486 0.0163599 0.0120731 0.00749605 0.00381059
 3.5902e-11 1.68866e-09 5.49985e-08 1.24036e-06 1.937e-05 0.000209459 0.00156844 0.00813327 0.0292159 0.0727842 0.126332 0.155498 0.144439 0.119081 0.104555 0.0912061 0.0646596 0.0339175 0.0141204 0.0072959 0.00689222 0.00726531 0.00629142 0.00426596 0.00224748
 3.99215e-11 1.87771e-09 6.11559e-08 1.37922e-06 2.15385e-05 0.000232908 0.001744 0.00904309 0.0324761 0.0808269 0.139752 0.169492 0.14949 0.107627 0.0791811 0.0663968 0.0559131 0.0431455 0.0295174 0.0170394 0.00834428 0.00420051 0.00269045 0.00183157 0.00103284
 4.04455e-11 1.90236e-09 6.19587e-08 1.39733e-06 2.18212e-05 0.000235966 0.0017669 0.00916184 0.0329031 0.0818949 0.141634 0.171937 0.15214 0.110397 0.0815392 0.066483 0.0520651 0.036895 0.0250746 0.0166192 0.0100394 0.00522809 0.00240405 0.00107501 0.000483437
 3.63779e-11 1.71104e-09 5.57274e-08 1.25679e-06 1.96267e-05 0.000212235 0.00158921 0.00824073 0.0295984 0.0737024 0.12769 0.156067 0.141518 0.110024 0.0906381 0.0798466 0.0642957 0.0454332 0.0299355 0.019012 0.011363 0.00618129 0.00296524 0.00122721 0.000440667
 3.61337e-11 1.69955e-09 5.53534e-08 1.24836e-06 1.94949e-05 0.00021081 0.00157854 0.00818534 0.0293986 0.0731962 0.126754 0.154648 0.139367 0.106653 0.0862881 0.0763905 0.0640267 0.0486744 0.0347087 0.0230842 0.0138741 0.00744459 0.00353842 0.00145573 0.000503611
 3.63849e-11 1.71137e-09 5.57382e-08 1.25704e-06 1.96305e-05 0.000212276 0.00158951 0.00824223 0.0296027 0.0737024 0.127617 0.155636 0.140042 0.106684 0.0855897 0.0750162 0.0621585 0.0468673 0.0337982 0.0234243 0.0149351 0.008443 0.00412781 0.00170698 0.00058437
 3.71903e-11 1.74925e-09 5.6972e-08 1.28486e-06 2.0065e-05 0.000216974 0.0016247 0.00842462 0.0302573 0.0753269 0.130394 0.158855 0.142397 0.107321 0.0846382 0.0731751 0.0600281 0.0447113 0.0317993 0.0218839 0.0140879 0.00820756 0.00418932 0.00180551 0.00063553
 3.75142e-11 1.76449e-09 5.74683e-08 1.29605e-06 2.02398e-05 0.000218864 0.00163885 0.008498 0.0305207 0.0759819 0.131522 0.160202 0.143513 0.107957 0.0848334 0.0730057 0.059479 0.0438025 0.0306913 0.0208096 0.0132454 0.00769593 0.00397177 0.00175416 0.00063729
 3.8553e-11 1.81335e-09 5.90595e-08 1.33194e-06 2.08002e-05 0.000224924 0.00168422 0.00873323 0.0313649 0.0780768 0.135103 0.164347 0.146529 0.108739 0.0835728 0.0706863 0.0569885 0.0415213 0.0287023 0.0191695 0.0120112 0.00687908 0.00351877 0.00155475 0.000570891
 3.94654e-11 1.85626e-09 6.04573e-08 1.36347e-06 2.12925e-05 0.000230248 0.00172408 0.00893989 0.0321066 0.0799187 0.138259 0.16804 0.149344 0.109791 0.0830007 0.0691192 0.054927 0.0392528 0.0265094 0.0173318 0.0106623 0.00600103 0.00302058 0.00131826 0.000481085
 3.65702e-11 1.72009e-09 5.60221e-08 1.26344e-06 1.97304e-05 0.000213357 0.00159761 0.00828429 0.0297546 0.0740886 0.128341 0.156777 0.14189 0.10975 0.0897684 0.0787923 0.0635276 0.045147 0.0300133 0.0192153 0.0115434 0.0063395 0.00311934 0.0013354 0.000480024
 3.90264e-11 1.83562e-09 5.97848e-08 1.3483e-06 2.10556e-05 0.000227687 0.0017049 0.00884043 0.0317494 0.0790285 0.136713 0.166134 0.147574 0.108382 0.082018 0.0689652 0.0561395 0.041676 0.0291387 0.0192007 0.0115512 0.00624186 0.00299918 0.00125251 0.000440284
 3.85396e-11 1.81272e-09 5.9039e-08 1.33148e-06 2.07929e-05 0.000224846 0.00168364 0.00873024 0.0313546 0.0780553 0.135094 0.164469 0.14706 0.109991 0.0854483 0.0723807 0.0575551 0.0408054 0.0273795 0.0179214 0.0110394 0.00613383 0.00298429 0.00123904 0.000428174
 3.79948e-11 1.78709e-09 5.82044e-08 1.31266e-06 2.0499e-05 0.000221668 0.00165984 0.00860685 0.0309116 0.0769549 0.133205 0.162242 0.14531 0.10923 0.0856779 0.0734562 0.0593494 0.0429237 0.029118 0.018845 0.0113312 0.00619879 0.00302308 0.00127014 0.000442654
 3.74987e-11 1.76376e-09 5.74445e-08 1.29552e-06 2.02314e-05 0.000218774 0.00163817 0.00849451 0.0305085 0.0759544 0.131494 0.16026 0.143861 0.108833 0.0862324 0.0744898 0.0604632 0.0440046 0.030181 0.0198023 0.0120203 0.00656941 0.00317343 0.0013211 0.000459156
 3.78091e-11 1.77836e-09 5.79199e-08 1.30624e-06 2.03988e-05 0.000220585 0.00165173 0.00856478 0.0307605 0.0765779 0.132547 0.16142 0.144506 0.108496 0.0849976 0.0729765 0.0593453 0.043523 0.030167 0.0200073 0.0122787 0.00678315 0.00330111 0.00137636 0.000476801
 3.70707e-11 1.74363e-09 5.67888e-08 1.28073e-06 2.00005e-05 0.000216277 0.00161947 0.00839758 0.0301607 0.0750915 0.130022 0.158565 0.142661 0.108603 0.0868686 0.0754933 0.0613726 0.0446885 0.0307609 0.0203934 0.0126004 0.00703574 0.00346302 0.00145773 0.000508168
 3.9933e-11 1.87826e-09 6.11736e-08 1.37962e-06 2.15447e-05 0.000232976 0.00174451 0.00904574 0.032486 0.080856 0.139831 0.169719 0.150096 0.1088 0.0804562 0.066314 0.0532869 0.0391649 0.02731 0.0182135 0.0112505 0.00628207 0.00310533 0.00131771 0.000463582
 3.77725e-11 1.77663e-09 5.78638e-08 1.30498e-06 2.03791e-05 0.000220371 0.00165013 0.00855654 0.0307315 0.0765122 0.132477 0.161537 0.145254 0.110354 0.0877867 0.075415 0.0599292 0.0420139 0.0277192 0.0178896 0.010972 0.00614899 0.00305258 0.00129994 0.000459395
 3.77295e-11 1.77461e-09 5.77979e-08 1.30349e-06 2.03559e-05 0.00022012 0.00164825 0.00854675 0.0306958 0.0764178 0.132277 0.161122 0.144343 0.108602 0.085402 0.0736098 0.0600671 0.0440932 0.0303094 0.019671 0.0117384 0.00635706 0.00308856 0.00130604 0.000461924
 3.7177e-11 1.74863e-09 5.69517e-08 1.2844e-06 2.00578e-05 0.000216897 0.00162412 0.00842166 0.030247 0.0753051 0.130382 0.158961 0.142876 0.108476 0.0864384 0.0750009 0.0610847 0.0446918 0.0309349 0.020545 0.0126139 0.00693655 0.00334966 0.00139009 0.000482867
 3.83024e-11 1.80156e-09 5.86757e-08 1.32329e-06 2.0665e-05 0.000223463 0.00167328 0.00867649 0.0311612 0.0775707 0.134233 0.163317 0.145705 0.108342 0.0836021 0.0710956 0.0577692 0.0425618 0.0297135 0.0198672 0.0123079 0.0068721 0.00337713 0.00141708 0.000492228
 3.44904e-11 1.62226e-09 5.2836e-08 1.19159e-06 1.86083e-05 0.000201223 0.00150676 0.00781328 0.0280644 0.0698945 0.121175 0.148491 0.135896 0.108284 0.0924387 0.0835681 0.0685679 0.0496987 0.0339693 0.0224735 0.013944 0.00785004 0.00390213 0.00165874 0.000583089
 3.91389e-11 1.84091e-09 5.99571e-08 1.35218e-06 2.11163e-05 0.000228343 0.00170981 0.00886586 0.03184 0.0792483 0.137053 0.166356 0.147162 0.106819 0.0794194 0.0664114 0.054933 0.0421895 0.0307137 0.0209826 0.013048 0.00729208 0.00361483 0.00154364 0.000547535
#pred catch len freq
 2.49796e-11 1.17492e-09 3.82664e-08 8.63002e-07 1.3477e-05 0.000145736 0.00109128 0.00565899 0.0203289 0.0506552 0.0879959 0.108666 0.102159 0.08726 0.0823262 0.081704 0.0752106 0.0648835 0.0552078 0.0465233 0.0387893 0.0323841 0.0265483 0.0199221 0.0125261
 1.49603e-11 7.0366e-10 2.29178e-08 5.16853e-07 8.07144e-06 8.72826e-05 0.000653608 0.00339 0.0121868 0.0304539 0.0534978 0.0688624 0.0736612 0.0810532 0.0965179 0.106092 0.100364 0.0869284 0.0738085 0.0615667 0.0497618 0.0390542 0.0294775 0.0204476 0.0121259
 6.48786e-12 3.05158e-10 9.93881e-09 2.24145e-07 3.50038e-06 3.78528e-05 0.000283475 0.00147062 0.00529181 0.0132736 0.0236575 0.0320475 0.0392795 0.0528515 0.0740834 0.094088 0.10729 0.114049 0.111947 0.0994591 0.0810024 0.0617655 0.0440068 0.0283908 0.0157204
 2.75887e-11 1.29764e-09 4.22633e-08 9.53142e-07 1.48847e-05 0.000160956 0.00120522 0.00624916 0.0224392 0.055817 0.096304 0.115834 0.0991118 0.0652036 0.0418602 0.036984 0.0446029 0.0578319 0.0701149 0.0754766 0.0710569 0.0583489 0.0418296 0.0259685 0.013585
 4.46527e-11 2.10025e-09 6.84038e-08 1.54268e-06 2.40911e-05 0.000260511 0.00195067 0.0101144 0.0363186 0.0903449 0.155896 0.187586 0.160599 0.104942 0.062508 0.040947 0.0282085 0.0194701 0.0162615 0.0174957 0.0192846 0.0185264 0.0147396 0.00955098 0.00496959
 3.5979e-11 1.69228e-09 5.51165e-08 1.24301e-06 1.94115e-05 0.000209908 0.0015718 0.00815055 0.029276 0.0729164 0.12644 0.155062 0.142257 0.113861 0.0969193 0.0849758 0.0641505 0.0393419 0.0213305 0.0122973 0.00900377 0.00796699 0.0068021 0.00480454 0.00264144
 3.76165e-11 1.7693e-09 5.7625e-08 1.29959e-06 2.02949e-05 0.000219461 0.00164332 0.00852116 0.0306036 0.0761867 0.131865 0.160563 0.143668 0.107788 0.0846301 0.0735152 0.0612033 0.0459314 0.0313808 0.0191686 0.0104585 0.00566917 0.00347787 0.00223633 0.00124949
 3.56431e-11 1.67648e-09 5.46019e-08 1.23141e-06 1.92302e-05 0.000207948 0.00155711 0.00807431 0.0290007 0.0722162 0.125127 0.152991 0.138918 0.108419 0.0899151 0.0798752 0.0652571 0.0475024 0.0328073 0.0218244 0.0132971 0.00716136 0.00347956 0.0016194 0.000729737
 3.35553e-11 1.57828e-09 5.14036e-08 1.15928e-06 1.81038e-05 0.000195768 0.00146591 0.00760147 0.0273037 0.0680026 0.11791 0.144566 0.132555 0.106208 0.0916135 0.0840844 0.070732 0.053224 0.0377352 0.0254144 0.0157559 0.00877663 0.00431024 0.00184098 0.000685194
 3.35227e-11 1.57675e-09 5.13537e-08 1.15815e-06 1.80862e-05 0.000195577 0.00146448 0.00759403 0.0272763 0.0679283 0.11774 0.144161 0.131566 0.10418 0.088624 0.0812293 0.0694414 0.054023 0.0399931 0.0280725 0.0180128 0.010313 0.00516629 0.00220999 0.000789412
 3.51458e-11 1.65309e-09 5.38401e-08 1.21423e-06 1.89619e-05 0.000205047 0.00153539 0.0079616 0.0285953 0.0712004 0.123325 0.150591 0.136119 0.105017 0.0859568 0.0766007 0.0643694 0.0494484 0.0365602 0.0261412 0.0173737 0.0103666 0.00539058 0.00236832 0.000854502
 3.62517e-11 1.7051e-09 5.55342e-08 1.25243e-06 1.95586e-05 0.000211498 0.00158369 0.00821207 0.0294944 0.0734351 0.127167 0.155148 0.139795 0.106879 0.0861286 0.0754678 0.0620602 0.0461595 0.0329219 0.0229685 0.0151818 0.00918639 0.00491493 0.00223394 0.000830861
 3.70345e-11 1.74192e-09 5.67333e-08 1.27948e-06 1.99809e-05 0.000216065 0.00161789 0.00838936 0.0301309 0.0750162 0.129882 0.158349 0.14232 0.108041 0.0860734 0.0746668 0.0608008 0.0445073 0.0309494 0.0209045 0.013367 0.00789507 0.00419425 0.00192593 0.000731757
 3.86053e-11 1.81581e-09 5.91397e-08 1.33375e-06 2.08284e-05 0.00022523 0.00168651 0.0087451 0.0314075 0.0781842 0.135296 0.164616 0.146877 0.109214 0.0841558 0.0711605 0.0570696 0.0411404 0.0280576 0.0185217 0.0115207 0.00659134 0.00339924 0.00153058 0.000578119
 3.74207e-11 1.76009e-09 5.7325e-08 1.29282e-06 2.01893e-05 0.000218319 0.00163476 0.00847688 0.0304455 0.0758031 0.131267 0.160147 0.144278 0.1102 0.088415 0.0764887 0.061097 0.0430209 0.0283786 0.0181493 0.0109775 0.00610324 0.00305238 0.00133389 0.000491611
 3.78171e-11 1.77873e-09 5.79323e-08 1.30652e-06 2.04031e-05 0.000220631 0.00165208 0.00856662 0.0307672 0.0765977 0.1326 0.16157 0.144916 0.10937 0.0863162 0.0742884 0.0600434 0.0433329 0.0292583 0.0187776 0.0111414 0.00599954 0.00289768 0.00122477 0.000437845
 3.8846e-11 1.82713e-09 5.95085e-08 1.34206e-06 2.09583e-05 0.000226634 0.00169702 0.00879963 0.0316033 0.0786715 0.136138 0.165635 0.147767 0.109827 0.0845358 0.0713344 0.0569793 0.0407631 0.0274555 0.0177697 0.0106864 0.00578703 0.00276558 0.00114037 0.000395176
 3.85043e-11 1.81106e-09 5.89851e-08 1.33026e-06 2.07739e-05 0.000224641 0.0016821 0.00872228 0.0313261 0.0779867 0.13499 0.16441 0.147223 0.110568 0.0864344 0.0734592 0.0582852 0.0409224 0.0268908 0.017065 0.0101706 0.0055097 0.00264371 0.00109005 0.000374229
 3.70333e-11 1.74187e-09 5.67315e-08 1.27944e-06 1.99803e-05 0.000216059 0.00161784 0.00838915 0.0301307 0.0750219 0.129933 0.158605 0.143168 0.109958 0.0890257 0.0776764 0.0625758 0.0444944 0.0294811 0.0186425 0.0109452 0.00582295 0.00275777 0.00113026 0.000387068
 3.65033e-11 1.71694e-09 5.59196e-08 1.26113e-06 1.96943e-05 0.000212966 0.00159469 0.00826909 0.0296996 0.073949 0.128078 0.156361 0.141213 0.108637 0.0883196 0.0776835 0.0635669 0.0464205 0.0317722 0.0206251 0.0122827 0.00654858 0.00307763 0.00124583 0.000421743
 3.64839e-11 1.71603e-09 5.58899e-08 1.26046e-06 1.96838e-05 0.000212853 0.00159384 0.00826469 0.0296837 0.0739084 0.128002 0.156236 0.140999 0.108262 0.0877628 0.0770661 0.0630961 0.0462742 0.0320365 0.0212281 0.0129872 0.00710892 0.00340214 0.00138671 0.000468329
 3.80141e-11 1.788e-09 5.82341e-08 1.31332e-06 2.05095e-05 0.000221781 0.00166069 0.00861122 0.030927 0.0769916 0.133255 0.162244 0.145118 0.108682 0.0847742 0.072482 0.0587072 0.0428578 0.029621 0.0196881 0.0121704 0.00678403 0.00332212 0.00138452 0.000475388
 3.84135e-11 1.80679e-09 5.88459e-08 1.32712e-06 2.07249e-05 0.000224111 0.00167813 0.00870169 0.0312519 0.0778005 0.134656 0.16395 0.146644 0.109791 0.0854697 0.0726098 0.0579746 0.0413001 0.02775 0.0180801 0.0110886 0.00619327 0.00306317 0.00129704 0.000453717
 3.70238e-11 1.74142e-09 5.6717e-08 1.27911e-06 1.99751e-05 0.000216003 0.00161743 0.00838699 0.0301229 0.0750021 0.129896 0.158548 0.143078 0.109806 0.0887924 0.0773891 0.0622977 0.0443084 0.0294747 0.0188469 0.0112866 0.00617045 0.00301502 0.00127505 0.000449247
 3.66092e-11 1.72192e-09 5.60818e-08 1.26478e-06 1.97514e-05 0.000213584 0.00159931 0.00829307 0.0297856 0.0741623 0.128442 0.156777 0.141497 0.108664 0.088104 0.07734 0.0632077 0.046101 0.0315208 0.0204747 0.0122505 0.0066066 0.00316579 0.00131505 0.000458156
 3.73523e-11 1.75687e-09 5.72203e-08 1.29046e-06 2.01524e-05 0.00021792 0.00163178 0.00846135 0.0303893 0.0756586 0.130986 0.159658 0.14338 0.108598 0.0862181 0.0746245 0.0607126 0.0443604 0.0306118 0.0202361 0.0123705 0.00678436 0.00326757 0.00134824 0.000463615
 3.61911e-11 1.70226e-09 5.54414e-08 1.25034e-06 1.95259e-05 0.000211145 0.00158105 0.00819841 0.0294461 0.0733215 0.127016 0.155181 0.140518 0.108859 0.0893158 0.078769 0.0640587 0.0462554 0.0314693 0.0206605 0.0126823 0.00704594 0.00344915 0.00144184 0.000498572
 3.61401e-11 1.69986e-09 5.53633e-08 1.24858e-06 1.94984e-05 0.000210848 0.00157882 0.00818683 0.0294042 0.0732146 0.126814 0.15485 0.139959 0.107915 0.0880714 0.0777969 0.0640304 0.0472165 0.0327835 0.0216939 0.0132716 0.00733855 0.00359738 0.00151605 0.000530005
#obs catch len freq
 2.22779e-11 1.04784e-09 3.41276e-08 7.69663e-07 1.20194e-05 0.000129974 0.000973256 0.00504708 0.0181324 0.0451979 0.0786246 0.0976073 0.0934064 0.0831566 0.0823262 0.0841811 0.0793896 0.0711645 0.0640991 0.0572124 0.0486848 0.038375 0.0271943 0.0166586 0.00842602
 2.56663e-11 1.20722e-09 3.93183e-08 8.86728e-07 1.38475e-05 0.000149742 0.00112127 0.00581443 0.020886 0.0520291 0.0902873 0.11105 0.102991 0.0851909 0.0776419 0.0766385 0.0724132 0.0654993 0.058744 0.0517748 0.0439644 0.035096 0.0252476 0.0155758 0.00787008
 5.32749e-12 2.5058e-10 8.16122e-09 1.84057e-07 2.87436e-06 3.10843e-05 0.00023282 0.00120853 0.00435862 0.0110304 0.0203202 0.0305439 0.0460799 0.0745686 0.108934 0.12704 0.120454 0.103296 0.0883518 0.0762576 0.0643084 0.0512526 0.0370163 0.0230099 0.0117023
 1.55716e-14 7.3243e-13 2.38571e-11 5.38249e-10 8.41857e-09 9.15954e-08 7.02535e-07 3.98639e-06 1.92215e-05 9.64262e-05 0.000501493 0.00222249 0.00747331 0.0189448 0.0384042 0.0672975 0.104453 0.137986 0.150634 0.139459 0.116294 0.0906482 0.0647856 0.0402395 0.0205364
 5.19113e-11 2.44166e-09 7.95232e-08 1.79345e-06 2.80072e-05 0.000302857 0.00226773 0.0117579 0.0422141 0.104947 0.180663 0.215356 0.177774 0.101705 0.0406827 0.0126029 0.00620571 0.00876968 0.0140735 0.0185936 0.019821 0.0173875 0.0128309 0.00796626 0.00404953
 3.49557e-11 1.64415e-09 5.35488e-08 1.20766e-06 1.88594e-05 0.000203938 0.0015271 0.00791898 0.0284472 0.0708796 0.123097 0.151851 0.142114 0.119308 0.10709 0.0945643 0.0673124 0.0353457 0.0147126 0.00759116 0.00716294 0.00754884 0.00653666 0.00443218 0.00233502
 3.91125e-11 1.83966e-09 5.99166e-08 1.35127e-06 2.1102e-05 0.000228189 0.00170866 0.00885989 0.0318187 0.0791968 0.136974 0.16631 0.147296 0.107371 0.0807202 0.0688098 0.0582776 0.0450076 0.0307808 0.0177622 0.00869581 0.00437599 0.00280203 0.00190731 0.00107552
 3.96473e-11 1.86482e-09 6.07359e-08 1.36975e-06 2.13906e-05 0.000231309 0.00173203 0.00898109 0.0322546 0.080287 0.138896 0.168814 0.150028 0.110258 0.0832049 0.0689381 0.0543007 0.0385152 0.0261625 0.01733 0.0104652 0.00544879 0.00250521 0.00112012 0.000503687
 3.55025e-11 1.66987e-09 5.43864e-08 1.22655e-06 1.91544e-05 0.000207128 0.00155097 0.00804251 0.0288872 0.0719392 0.124688 0.152645 0.139211 0.109892 0.0925001 0.0825822 0.0667828 0.0472155 0.0310927 0.019735 0.0117905 0.00641242 0.00307569 0.00127282 0.000457021
 3.53528e-11 1.66282e-09 5.41571e-08 1.22138e-06 1.90736e-05 0.000206254 0.00154443 0.0080085 0.0287641 0.0716228 0.124072 0.15158 0.13726 0.106427 0.0877915 0.0786946 0.0662151 0.0503542 0.0358857 0.0238543 0.0143322 0.00768876 0.00365397 0.00150314 0.000519985
 3.56867e-11 1.67853e-09 5.46686e-08 1.23291e-06 1.92537e-05 0.000208202 0.00155901 0.00808411 0.0290354 0.0722956 0.125219 0.152894 0.138161 0.106486 0.0869349 0.0770643 0.0640829 0.0483287 0.0348289 0.0241244 0.0153762 0.00869059 0.00424835 0.0017567 0.000601361
 3.6457e-11 1.71476e-09 5.58487e-08 1.25953e-06 1.96694e-05 0.000212696 0.00159266 0.00825857 0.0296615 0.0738495 0.127877 0.155977 0.140425 0.107121 0.0860631 0.0753362 0.0620496 0.0462338 0.0328615 0.0226015 0.0145447 0.0084719 0.00432373 0.0018633 0.000655847
 3.69014e-11 1.73566e-09 5.65294e-08 1.27488e-06 1.99091e-05 0.000215289 0.00161208 0.00835921 0.0300228 0.0747472 0.129419 0.157799 0.141875 0.107812 0.0860574 0.0748429 0.0611812 0.0450641 0.0315531 0.0213802 0.0136033 0.00790217 0.00407768 0.0018008 0.000654208
 3.79975e-11 1.78722e-09 5.82085e-08 1.31275e-06 2.05005e-05 0.000221684 0.00165996 0.00860743 0.0309135 0.0769577 0.133197 0.162172 0.145051 0.108623 0.0847048 0.0723734 0.0585419 0.0426603 0.0294684 0.0196682 0.0123187 0.00705358 0.00360755 0.00159385 0.000585223
 3.88737e-11 1.82843e-09 5.95507e-08 1.34302e-06 2.09732e-05 0.000226795 0.00169823 0.00880588 0.0316258 0.0787266 0.136229 0.165725 0.147778 0.109687 0.0842359 0.070944 0.0565933 0.0404577 0.0273046 0.0178399 0.0109704 0.00617298 0.00310671 0.00135574 0.000494738
 3.60201e-11 1.69421e-09 5.51793e-08 1.24443e-06 1.94336e-05 0.000210147 0.00157358 0.0081597 0.0293076 0.0729806 0.126454 0.154628 0.140445 0.109676 0.0909509 0.0805217 0.065092 0.0462593 0.0307293 0.0196598 0.0118053 0.00648175 0.00318887 0.00136505 0.000490657
 3.85169e-11 1.81165e-09 5.90043e-08 1.3307e-06 2.07807e-05 0.000224714 0.00168265 0.00872506 0.0313354 0.0780021 0.134964 0.164138 0.146214 0.108265 0.0830435 0.0705071 0.0575759 0.0427469 0.0298661 0.0196677 0.0118276 0.00638977 0.00306981 0.0012819 0.000450589
 3.78692e-11 1.78119e-09 5.8012e-08 1.30832e-06 2.04313e-05 0.000220935 0.00165436 0.00857844 0.0308099 0.076705 0.132794 0.161848 0.145291 0.109883 0.0868615 0.0744586 0.0594426 0.0421606 0.0282703 0.0184922 0.0113864 0.00632524 0.00307702 0.00127744 0.000441422
 3.7386e-11 1.75846e-09 5.72717e-08 1.29162e-06 2.01705e-05 0.000218116 0.00163325 0.00846899 0.030417 0.0757285 0.131116 0.15986 0.143697 0.109118 0.0869426 0.0753324 0.0610728 0.0441798 0.0299496 0.0193707 0.0116427 0.00636768 0.003105 0.00130445 0.000454589
 3.68647e-11 1.73394e-09 5.64732e-08 1.27361e-06 1.98893e-05 0.000215075 0.00161047 0.00835094 0.0299933 0.0746771 0.129319 0.157777 0.142176 0.108707 0.0875358 0.0764295 0.0622498 0.0453146 0.0310583 0.0203649 0.0123571 0.00675193 0.00326115 0.0013575 0.000471786
 3.72132e-11 1.75033e-09 5.70071e-08 1.28565e-06 2.00773e-05 0.000217108 0.0016257 0.00842984 0.0302763 0.0753774 0.130502 0.159086 0.142919 0.108369 0.0862084 0.0747861 0.0610186 0.0447577 0.0310011 0.0205474 0.0126053 0.00696203 0.00338771 0.00141235 0.000489245
 3.6439e-11 1.71391e-09 5.5821e-08 1.25891e-06 1.96596e-05 0.000212591 0.00159188 0.00825452 0.0296474 0.0738189 0.127854 0.156092 0.140982 0.108475 0.0881629 0.0774197 0.0631453 0.0459874 0.0316328 0.0209579 0.0129442 0.00722606 0.00355622 0.00149685 0.000521778
 3.93662e-11 1.8516e-09 6.03052e-08 1.36004e-06 2.12389e-05 0.000229669 0.00171974 0.00891738 0.0320255 0.0797139 0.137886 0.167497 0.148582 0.108669 0.0815932 0.0680218 0.0548735 0.0403446 0.0281139 0.0187379 0.0115701 0.00645904 0.00319238 0.00135454 0.000476516
 3.70925e-11 1.74465e-09 5.68222e-08 1.28148e-06 2.00122e-05 0.000216404 0.00162043 0.00840257 0.0301791 0.0751426 0.130145 0.158881 0.143467 0.110261 0.0892457 0.0775458 0.0618512 0.0433765 0.0285991 0.0184448 0.0113078 0.00633569 0.00314484 0.00133912 0.000473222
 3.70887e-11 1.74447e-09 5.68163e-08 1.28135e-06 2.00101e-05 0.000216382 0.00162026 0.00840164 0.0301752 0.075127 0.130078 0.158612 0.142636 0.108466 0.0867065 0.0755629 0.0618793 0.0454346 0.0312111 0.0202438 0.0120757 0.00653818 0.00317609 0.00134294 0.000474951
 3.65153e-11 1.7175e-09 5.5938e-08 1.26154e-06 1.97008e-05 0.000213037 0.00159521 0.00827181 0.0297094 0.073972 0.128111 0.156369 0.141114 0.108335 0.087784 0.0770103 0.0629407 0.0460604 0.0318607 0.0211466 0.0129783 0.00713542 0.00344524 0.00142964 0.00049658
 3.76828e-11 1.77242e-09 5.77265e-08 1.30188e-06 2.03307e-05 0.000219848 0.00164621 0.00853618 0.0306578 0.0763223 0.132106 0.160888 0.144049 0.108199 0.0848444 0.0729614 0.0595022 0.04385 0.0305923 0.0204421 0.0126593 0.00706674 0.00347232 0.00145691 0.000506039
 3.38698e-11 1.59307e-09 5.18853e-08 1.17014e-06 1.82735e-05 0.000197602 0.00147965 0.00767274 0.0275601 0.0686443 0.119045 0.146063 0.134253 0.108173 0.0937307 0.085478 0.0703126 0.0509619 0.0348063 0.0230117 0.0142721 0.00803293 0.00399251 0.00169703 0.000596521
#spawning biomass
 69730.7 71774.1 57922.7 40502.1 40235.5 68258.2 94954.6 135654 172746 213060 221069 225804 238521 233969 224057 220410 227561 225354 238056 251068 246110 236865 256584 282142 294454 286162 285123 277940 243133 339747 239079 150476 93060 60262.3 42843.1 34000.4 29640.8 27532.7 26526.6 26050.6 25826.8 25722.1 25673.2 25650.3 25639.8 25634.9 25632.6 25631.5 25631 25630.8 25630.7 25630.7 25630.6 25630.6 25630.6 25630.6 25630.6 25630.6 25630.6 25630.6 25630.6 25630.6 25630.6 25630.6 25630.6 25630.6 25630.6 25630.6 25630.6 25630.6 25630.6 25630.6 25630.6 25630.6 25630.6 25630.6 25630.6 25630.6 25630.6 25630.6 25630.6 25630.6 25630.6 25630.6 25630.6 25630.6 25630.6 25630.6 25630.6 25630.6 25630.6 25630.6 25630.6 25630.6 25630.6 25630.6 25630.6 25630.6 25630.6 25630.6 25630.6 25630.6 25630.6 25630.6 25630.6 25630.6 25630.6 25630.6 25630.6 25630.6 25630.6 25630.6 25630.6 25630.6 25630.6 25630.6 25630.6 25630.6 25630.6 25630.6 25630.6 25630.6 25630.6 25630.6 25630.6 25630.6 25630.6 25630.6 0 0 0 0 0 0 0 0 0 0 0 0 0 0 0 0 0 0 0 0 0 0 0 0 0
