SBPRF35
0.256306
Curr Bio
137203
B35
196599
F35
0.484521
FOFL
0.45471
OFL
68190.3
Bzero
73230.3
#pred survey bio
 32650.9 33560.7 33697.8 37051.4 41165 46715.2 56687.6 59456.9 59726 69656 78597.4 78260.7 86933.4 94110.4 90647.8 92138.5 99729.5 98148 120939 124674 138842 143339 162814 165927 182566 198381 219444 228988 9.68824e+06 5.84256e+06 4.11967e+06 2.66177e+06 1.7662e+06 1.27536e+06 1.01889e+06 886319 816836 779286 758173 745797 738263 733532 730485 728489 727174 726300 725716 725324 725060 724882 724762 724680 724626 724589 724563 724546 724535 724527 724522 724518 724516 724514 724513 724513 724512 724512 724511 724511 724511 724511 724511 724511 724511 724511 724511 724511 724511 724511 724511 724511 724511 724511 724511 724511 724511 724511 724511 724511 724511 724511 724511 724511 724511 724511 724511 724511 724511 724511 724511 724511 724511 724511 724511 724511 724511 724511 724511 724511 724511 724511 724511 724511 724511 724511 724511 724511 724511 724511 724511 724511 724511 724511 724511 724511 724511 724511 724511 724511 0 0 0 0 0 0 0 0 0 0 0 0 0 0 0 0 0 0 0 0 0 0 0 0 0
#obs survey bio
 27953.7 24589.6 33619.5 35628.1 44529.9 56172.4 85424.2 42905.1 57330.3 86735.2 55452.5 65241.9 88580.8 98765.5 130282 81077.6 129957 123354 161452 150411 112225 118644 135617 127482 151708 222483 215148 202273
#pred catch bio
 18326.7 21159.5 20253 23017.5 25179.7 26473.4 34898.6 38490.7 35133.1 41552.1 51337 47894.2 53189 61837.5 58654.4 56372.8 64034.3 54522.8 75192 72713.8 89923.8 85630 102256 98269.5 107044 109716 128744 104561 68190.3 85496.6 58022.4 35058.1 21732 14919.6 11676.1 10198.6 9544.58 9260.51 9138.7 9086.92 9065.05 9055.84 9051.98 9050.36 9049.68 9049.4 9049.28 9049.24 9049.22 9049.21 9049.2 9049.2 9049.2 9049.2 9049.2 9049.2 9049.2 9049.2 9049.2 9049.2 9049.2 9049.2 9049.2 9049.2 9049.2 9049.2 9049.2 9049.2 9049.2 9049.2 9049.2 9049.2 9049.2 9049.2 9049.2 9049.2 9049.2 9049.2 9049.2 9049.2 9049.2 9049.2 9049.2 9049.2 9049.2 9049.2 9049.2 9049.2 9049.2 9049.2 9049.2 9049.2 9049.2 9049.2 9049.2 9049.2 9049.2 9049.2 9049.2 9049.2 9049.2 9049.2 9049.2 9049.2 9049.2 9049.2 9049.2 9049.2 9049.2 9049.2 9049.2 9049.2 9049.2 9049.2 9049.2 9049.2 9049.2 9049.2 9049.2 9049.2 9049.2 9049.2 9049.2 9049.2 9049.2 9049.2 9049.2 9049.2 0 0 0 0 0 0 0 0 0 0 0 0 0 0 0 0 0 0 0 0 0 0 0 0 0
#obs catch bio
 24399.7 21820.5 19482.4 23013.5 25018.5 25793.2 31980.3 37653.3 35589.8 40316.4 53011.7 49757.5 52635 63037.2 58356.1 57930 61589.7 52445.2 73944.9 70591.5 95820.2 90087.5 105306 103194 108554 108468 130159 102597
#pred cpue bio
 26041.9 24178.3 24125.6 26530.2 28832.9 32974.8 40560.2 42717.6 42194.4 49608.1 56082.7 55249.7 61678.4 67282.3 64446.4 65070.4 71406.7 70291.1 86503.3 89591.6 100452 100058 116475 119049 131665 144222 162786 167291 7.49342e+06 5.65484e+06 4.03924e+06 2.57587e+06 1.67921e+06 1.18825e+06 931768 799198 729714 692165 671051 658676 651142 646410 643364 641367 640052 639178 638594 638202 637938 637760 637640 637559 637504 637467 637442 637425 637414 637406 637401 637397 637395 637393 637392 637391 637391 637390 637390 637390 637390 637390 637390 637390 637390 637390 637390 637390 637390 637390 637390 637390 637390 637390 637390 637390 637390 637390 637390 637390 637390 637390 637390 637390 637390 637390 637390 637390 637390 637390 637390 637390 637390 637390 637390 637390 637390 637390 637390 637390 637390 637390 637390 637390 637390 637390 637390 637390 637390 637390 637390 637390 637390 637390 637390 637390 637390 637390 637390 637390 0 0 0 0 0 0 0 0 0 0 0 0 0 0 0 0 0 0 0 0 0 0 0 0 0
#obs cpue bio
 26868.5 33968.7 29509.8 26757.6 27373 30337.2 46194.2 54958.5 36690.2 52112.3 62868 53197.8 71779.7 58044.4 48179.3 57835.9 80299.6 57649.2 74758.7 75773.3 91143.1 89994.9 142304 114092 169380 135207 167802 196513
#pred surv len freq
 3.80404e-11 1.78924e-09 5.82744e-08 1.31423e-06 2.05236e-05 0.000221934 0.00166183 0.00861701 0.0309459 0.0770206 0.133182 0.16157 0.142634 0.102857 0.0754212 0.0619268 0.0501673 0.0380268 0.0286261 0.0222913 0.0181282 0.0155178 0.0134452 0.0106879 0.00703007
 4.19996e-11 1.97546e-09 6.43395e-08 1.45102e-06 2.26597e-05 0.000245033 0.00183479 0.00951389 0.0341673 0.0850419 0.147078 0.178545 0.15797 0.114471 0.0838473 0.0664721 0.0485769 0.0299109 0.0165997 0.00943772 0.00588389 0.00403593 0.00294802 0.00209839 0.00129759
 4.12446e-11 1.93995e-09 6.31829e-08 1.42493e-06 2.22523e-05 0.000240628 0.00180181 0.009343 0.0335551 0.0835331 0.144571 0.175984 0.157255 0.117227 0.089853 0.0732804 0.0532938 0.0314017 0.015581 0.00712965 0.00318482 0.0014425 0.000710259 0.000384438 0.000204039
 4.12973e-11 1.94243e-09 6.32636e-08 1.42675e-06 2.22808e-05 0.000240935 0.00180411 0.00935491 0.0335976 0.0836364 0.144732 0.1761 0.157103 0.116603 0.0888673 0.0725056 0.053354 0.0323082 0.0166973 0.0078347 0.0033433 0.00126421 0.000433038 0.000145465 5.11257e-05
 4.26787e-11 2.0074e-09 6.53797e-08 1.47448e-06 2.30261e-05 0.000248994 0.00186445 0.00966772 0.0347198 0.0864182 0.149465 0.181477 0.16067 0.116643 0.0856597 0.0678817 0.0491914 0.0294208 0.0150059 0.0069948 0.00300271 0.0011396 0.000372715 0.000105086 2.60476e-05
 4.20796e-11 1.97923e-09 6.44621e-08 1.45378e-06 2.27029e-05 0.0002455 0.00183829 0.00953209 0.0342334 0.0852142 0.147428 0.179219 0.159361 0.117148 0.0878041 0.070513 0.0510811 0.0301751 0.0150225 0.00679495 0.002844 0.00106163 0.000343238 9.48081e-05 2.20316e-05
 4.13495e-11 1.94488e-09 6.33437e-08 1.42856e-06 2.2309e-05 0.00024124 0.00180639 0.00936674 0.03364 0.0837414 0.14491 0.176296 0.157214 0.116552 0.0886726 0.0722737 0.0532013 0.0322732 0.0167386 0.00789023 0.00337182 0.00125483 0.00039878 0.000107817 2.44977e-05
 4.10166e-11 1.92923e-09 6.28337e-08 1.41706e-06 2.21294e-05 0.000239298 0.00179185 0.00929137 0.0333697 0.0830725 0.143779 0.175047 0.156504 0.116868 0.0899019 0.0737297 0.0541637 0.032559 0.0166653 0.00779803 0.00336036 0.00127882 0.000416847 0.000114546 2.6065e-05
 4.20745e-11 1.97898e-09 6.44542e-08 1.4536e-06 2.27001e-05 0.00024547 0.00183806 0.00953092 0.0342291 0.085203 0.147405 0.179171 0.159256 0.116947 0.0875266 0.0702891 0.0510631 0.030377 0.0153071 0.00702075 0.0029687 0.0011142 0.00036114 9.97183e-05 2.29887e-05
 4.16078e-11 1.95703e-09 6.37392e-08 1.43748e-06 2.24483e-05 0.000242747 0.00181767 0.00942522 0.0338499 0.0842623 0.1458 0.177328 0.157967 0.116748 0.0883424 0.0716285 0.052441 0.0315372 0.01615 0.00752475 0.00320289 0.00119692 0.000383594 0.000104579 2.38893e-05
 4.1508e-11 1.95234e-09 6.35864e-08 1.43403e-06 2.23945e-05 0.000242165 0.00181332 0.00940263 0.0337688 0.0840611 0.145456 0.176929 0.157675 0.116669 0.0884592 0.0718527 0.0526937 0.0317816 0.0163671 0.00769444 0.00331314 0.00125395 0.000406289 0.000111359 2.5393e-05
 4.20617e-11 1.97838e-09 6.44346e-08 1.45316e-06 2.26932e-05 0.000245395 0.0018375 0.00952803 0.0342189 0.0851783 0.147368 0.179155 0.159335 0.117193 0.0879098 0.0706215 0.0511309 0.0301569 0.0149779 0.00676379 0.00283361 0.00106099 0.00034393 9.48617e-05 2.18069e-05
 4.17919e-11 1.96569e-09 6.40213e-08 1.44384e-06 2.25476e-05 0.000243821 0.00182572 0.00946692 0.0339996 0.084634 0.146437 0.178075 0.158543 0.116976 0.0882411 0.071298 0.051958 0.030976 0.0156251 0.00714 0.0029813 0.0010948 0.000345508 9.3121e-05 2.11294e-05
 4.13115e-11 1.94309e-09 6.32853e-08 1.42724e-06 2.22884e-05 0.000241018 0.00180473 0.00935813 0.0336093 0.0836665 0.144791 0.176204 0.157299 0.116952 0.089336 0.0728694 0.0533567 0.0319434 0.0162219 0.0074878 0.00316415 0.001175 0.000373077 0.000100197 2.24348e-05
 4.15997e-11 1.95665e-09 6.37269e-08 1.4372e-06 2.2444e-05 0.0002427 0.00181732 0.00942342 0.0338436 0.0842483 0.145788 0.177368 0.158178 0.117259 0.0890975 0.0722652 0.0525414 0.0310572 0.0154479 0.00696916 0.00290152 0.00107302 0.000341823 9.2409e-05 2.08121e-05
 4.20382e-11 1.97728e-09 6.43986e-08 1.45235e-06 2.26805e-05 0.000245258 0.00183648 0.00952271 0.0341998 0.0851308 0.147287 0.179059 0.159259 0.11716 0.0879255 0.0706906 0.0512539 0.0303007 0.015078 0.00678393 0.00279945 0.00102011 0.000319567 8.52562e-05 1.90782e-05
 4.11822e-11 1.93701e-09 6.30873e-08 1.42278e-06 2.22187e-05 0.000240264 0.00179909 0.00932887 0.0335043 0.0834068 0.144352 0.175718 0.157021 0.117072 0.089817 0.0734602 0.0537861 0.0321179 0.0162195 0.00742206 0.00310219 0.00113737 0.000356213 9.44458e-05 2.0913e-05
 4.11622e-11 1.93607e-09 6.30566e-08 1.42208e-06 2.22079e-05 0.000240147 0.00179821 0.00932433 0.0334881 0.0833666 0.144284 0.175645 0.156985 0.117106 0.0899101 0.0735564 0.053828 0.0321004 0.0161861 0.00740997 0.00311183 0.00115138 0.000364681 9.76356e-05 2.17329e-05
 4.14999e-11 1.95196e-09 6.3574e-08 1.43375e-06 2.23901e-05 0.000242117 0.00181296 0.00940078 0.033762 0.0840419 0.145409 0.176806 0.157356 0.116013 0.0875362 0.0711082 0.0526411 0.0324596 0.017302 0.0084104 0.00368407 0.00139481 0.000447891 0.000121288 2.72982e-05
 4.09797e-11 1.92749e-09 6.27771e-08 1.41578e-06 2.21094e-05 0.000239083 0.00179024 0.00928301 0.0333398 0.0829988 0.143657 0.174923 0.156473 0.117007 0.0901825 0.0739922 0.054239 0.0324367 0.016489 0.00769674 0.00334582 0.00129871 0.000434054 0.000122082 2.82512e-05
 4.06626e-11 1.91258e-09 6.22914e-08 1.40483e-06 2.19384e-05 0.000237233 0.00177639 0.00921119 0.0330819 0.0823574 0.142551 0.173599 0.155365 0.116363 0.0900145 0.0743342 0.0551734 0.0337963 0.017792 0.0085461 0.00372782 0.00142166 0.000466086 0.00013059 3.06849e-05
 4.28773e-11 2.01674e-09 6.56841e-08 1.48134e-06 2.31332e-05 0.000250153 0.00187313 0.0097127 0.0348812 0.0868184 0.150147 0.182256 0.1612 0.116686 0.0852489 0.0672512 0.0485792 0.0289466 0.0146974 0.00683801 0.00295036 0.00113353 0.000375628 0.000105505 2.46455e-05
 4.12076e-11 1.93821e-09 6.31263e-08 1.42365e-06 2.22324e-05 0.000240412 0.0018002 0.00933463 0.033525 0.0834587 0.144444 0.17584 0.15716 0.117233 0.0899847 0.0735482 0.0536955 0.0318632 0.0159394 0.00724206 0.00303806 0.00113504 0.000367802 0.000102098 2.38058e-05
 4.10761e-11 1.93203e-09 6.29248e-08 1.41911e-06 2.21615e-05 0.000239645 0.00179445 0.00930484 0.0334181 0.0831927 0.143985 0.17529 0.156696 0.116956 0.0898991 0.0736743 0.0540763 0.0324351 0.0165007 0.00761731 0.00320952 0.00118666 0.000376214 0.000101648 2.31055e-05
 4.08462e-11 1.92121e-09 6.25726e-08 1.41117e-06 2.20374e-05 0.000238304 0.00178441 0.00925277 0.0332311 0.0827277 0.143184 0.174331 0.155896 0.116493 0.0897684 0.0738721 0.0546478 0.0333046 0.0174047 0.00829888 0.00359809 0.00135999 0.000437639 0.00011881 2.68189e-05
 4.03371e-11 1.89726e-09 6.17927e-08 1.39358e-06 2.17627e-05 0.000235333 0.00176217 0.00913747 0.0328175 0.081702 0.141437 0.172337 0.154539 0.116383 0.090801 0.075416 0.0560772 0.0343653 0.018131 0.00877572 0.00388341 0.0015063 0.000499119 0.000139315 3.21301e-05
 3.90286e-11 1.83572e-09 5.97881e-08 1.34837e-06 2.10568e-05 0.000227699 0.00170501 0.00884115 0.0317542 0.0790648 0.136939 0.167173 0.150932 0.115838 0.0930938 0.0791329 0.0598321 0.0374784 0.020415 0.0102222 0.00464556 0.00184032 0.000622936 0.000178113 4.21625e-05
 4.02088e-11 1.89123e-09 6.15961e-08 1.38914e-06 2.16935e-05 0.000234585 0.00175656 0.00910839 0.0327128 0.08144 0.140973 0.171722 0.153832 0.115548 0.0898798 0.0747744 0.0561836 0.0352686 0.0193749 0.0098485 0.00457308 0.00186131 0.00064893 0.000190814 4.63141e-05
#obs surv len freq
 4.07302e-11 1.91575e-09 6.23948e-08 1.40716e-06 2.19748e-05 0.000237627 0.00177934 0.00922649 0.0331369 0.0824929 0.142778 0.173841 0.155469 0.116204 0.0895996 0.0738177 0.0547504 0.0335904 0.0178324 0.00877106 0.00400586 0.00163622 0.000583239 0.000178233 4.55623e-05
 4.28881e-11 2.01725e-09 6.57004e-08 1.48171e-06 2.3139e-05 0.000250216 0.0018736 0.00971511 0.0348898 0.0868371 0.150164 0.182205 0.160927 0.116022 0.084261 0.0664004 0.0484015 0.029514 0.0155769 0.00757224 0.00338732 0.00134371 0.000463529 0.000137618 3.44586e-05
 4.02363e-11 1.89252e-09 6.16382e-08 1.3901e-06 2.17084e-05 0.000234746 0.00175777 0.00911467 0.032736 0.0815021 0.141112 0.17204 0.15459 0.117064 0.0920192 0.0765623 0.0564668 0.0338896 0.0172853 0.0080857 0.00351635 0.00136889 0.00046366 0.000134522 3.27824e-05
 4.36247e-11 2.0519e-09 6.6829e-08 1.50716e-06 2.35365e-05 0.000254514 0.00190578 0.00988191 0.0354881 0.088319 0.152676 0.185019 0.162656 0.115667 0.0820238 0.0635445 0.0462404 0.0284636 0.0152415 0.00746261 0.00329977 0.00126795 0.000417556 0.000117586 2.79171e-05
 4.21549e-11 1.98277e-09 6.45774e-08 1.45638e-06 2.27435e-05 0.000245939 0.00184158 0.00954913 0.0342947 0.0853655 0.147684 0.179503 0.159528 0.117088 0.0875265 0.0701385 0.0507507 0.0299757 0.0149777 0.00687016 0.00296026 0.00115093 0.000388086 0.000110707 2.61444e-05
 4.16426e-11 1.95867e-09 6.37924e-08 1.43868e-06 2.24671e-05 0.00024295 0.00181919 0.00943309 0.0338782 0.0843312 0.145912 0.177428 0.157944 0.116502 0.0879084 0.0712257 0.0523133 0.0317163 0.0164491 0.00775838 0.00332456 0.00124736 0.000403384 0.000112124 2.63418e-05
 4.27893e-11 2.0126e-09 6.55492e-08 1.4783e-06 2.30858e-05 0.00024964 0.00186929 0.00969276 0.0348097 0.08664 0.149837 0.181874 0.160846 0.116404 0.0850518 0.0672174 0.0488133 0.0294162 0.0152047 0.00719864 0.00312929 0.00119729 0.000392065 0.000108462 2.49643e-05
 4.28926e-11 2.01746e-09 6.57074e-08 1.48187e-06 2.31415e-05 0.000250243 0.0018738 0.00971617 0.0348938 0.0868497 0.150202 0.182331 0.161292 0.116802 0.0853844 0.067354 0.0485808 0.0288341 0.0145272 0.00668165 0.00284562 0.00107993 0.000354447 9.89465e-05 2.29998e-05
 4.08923e-11 1.92338e-09 6.26431e-08 1.41276e-06 2.20623e-05 0.000238573 0.00178642 0.0092632 0.0332688 0.0828218 0.143351 0.174554 0.156155 0.116803 0.0901094 0.0740972 0.0545749 0.0329267 0.0169187 0.00791257 0.00338009 0.00126836 0.000408918 0.000112408 2.5929e-05
 4.27329e-11 2.00995e-09 6.54627e-08 1.47635e-06 2.30553e-05 0.00024931 0.00186682 0.00967995 0.0347635 0.0865228 0.14962 0.181542 0.160337 0.115604 0.0840325 0.066452 0.0488598 0.0303059 0.0163863 0.00811461 0.00362397 0.00139981 0.000458895 0.00012679 2.91036e-05
 4.21636e-11 1.98317e-09 6.45906e-08 1.45668e-06 2.27482e-05 0.000245989 0.00184195 0.00955109 0.0343016 0.0853822 0.147709 0.179513 0.159471 0.116912 0.0872499 0.0698883 0.0506761 0.0301038 0.0152017 0.00706953 0.00308622 0.00121338 0.000413018 0.000118532 2.79819e-05
 4.12712e-11 1.9412e-09 6.32236e-08 1.42585e-06 2.22667e-05 0.000240783 0.00180297 0.00934901 0.0335766 0.0835841 0.144644 0.176004 0.157055 0.116642 0.0889834 0.0726307 0.0534198 0.0323096 0.0166846 0.00784626 0.00336853 0.00127327 0.00041646 0.000117203 2.78322e-05
 4.23005e-11 1.98961e-09 6.48003e-08 1.46141e-06 2.2822e-05 0.000246788 0.00184793 0.00958207 0.0344126 0.0856551 0.148159 0.179955 0.159532 0.116274 0.0860189 0.0687075 0.0502523 0.0305347 0.0159657 0.00764401 0.00334341 0.00128136 0.000420009 0.000116599 2.70253e-05
 4.12777e-11 1.9415e-09 6.32335e-08 1.42607e-06 2.22702e-05 0.000240821 0.00180325 0.00935046 0.0335818 0.0835968 0.144664 0.176018 0.157035 0.11656 0.088838 0.0724691 0.0533085 0.0322929 0.0167661 0.00798575 0.00350122 0.00135639 0.000451717 0.000127339 2.97815e-05
 4.22277e-11 1.98619e-09 6.46889e-08 1.4589e-06 2.27828e-05 0.000246364 0.00184475 0.00956558 0.0343533 0.0855074 0.147901 0.179635 0.159224 0.116008 0.0858045 0.0686242 0.0504078 0.0309148 0.0164082 0.00798825 0.00354444 0.00137726 0.000459095 0.000129979 3.06713e-05
 4.17993e-11 1.96604e-09 6.40325e-08 1.4441e-06 2.25516e-05 0.000243864 0.00182604 0.00946859 0.0340056 0.0846483 0.146459 0.178085 0.1585 0.116836 0.0880048 0.0710391 0.0517819 0.03095 0.015752 0.0073608 0.00320128 0.00124512 0.000419287 0.000119863 2.84617e-05
 4.14284e-11 1.94859e-09 6.34644e-08 1.43128e-06 2.23515e-05 0.0002417 0.00180984 0.0093846 0.0337042 0.0839003 0.14518 0.176603 0.157418 0.116553 0.0884815 0.0719872 0.0529223 0.0320619 0.0166189 0.00785826 0.00339391 0.00128915 0.000422347 0.000118507 2.79765e-05
 4.11298e-11 1.93455e-09 6.30069e-08 1.42096e-06 2.21904e-05 0.000239958 0.00179679 0.00931696 0.0334614 0.0832966 0.144141 0.175367 0.156408 0.116016 0.0884038 0.072319 0.0536715 0.0331269 0.0177051 0.00867711 0.00386342 0.001499 0.000496096 0.000138786 3.23285e-05
 4.27432e-11 2.01043e-09 6.54785e-08 1.47671e-06 2.30609e-05 0.000249371 0.00186727 0.00968231 0.0347721 0.0865459 0.149671 0.181657 0.160606 0.116135 0.0847631 0.0670146 0.0488374 0.0296888 0.0155979 0.00755843 0.00337868 0.00133584 0.000453933 0.00013023 3.08729e-05
 3.88271e-11 1.82624e-09 5.94794e-08 1.34141e-06 2.09481e-05 0.000226524 0.00169621 0.00879556 0.0315912 0.0786648 0.136288 0.166575 0.151016 0.117165 0.095488 0.0814187 0.0606789 0.036647 0.0188185 0.00885645 0.00386133 0.0015018 0.000507115 0.000146237 3.51851e-05
 4.33782e-11 2.0403e-09 6.64513e-08 1.49864e-06 2.34035e-05 0.000253075 0.00189501 0.00982607 0.0352875 0.0878199 0.151814 0.183974 0.161746 0.115056 0.0817204 0.0636296 0.0468565 0.0295289 0.016377 0.00830519 0.00376268 0.0014665 0.000486886 0.000137626 3.2664e-05
 4.11754e-11 1.93669e-09 6.30768e-08 1.42254e-06 2.2215e-05 0.000240224 0.00179879 0.00932732 0.0334989 0.083393 0.144328 0.175691 0.157 0.117057 0.0897802 0.0733451 0.0535665 0.0318837 0.0161419 0.0075699 0.00336071 0.00135148 0.000470677 0.000137758 3.30928e-05
 4.12141e-11 1.93851e-09 6.31361e-08 1.42388e-06 2.22359e-05 0.00024045 0.00180048 0.00933606 0.03353 0.0834671 0.144435 0.175719 0.156701 0.116188 0.0884619 0.0722753 0.0535114 0.0328533 0.017376 0.00838149 0.00366536 0.00140366 0.000465527 0.000133383 3.23349e-05
 4.05106e-11 1.90542e-09 6.20584e-08 1.39957e-06 2.18563e-05 0.000236346 0.00176975 0.00917674 0.0329584 0.0820499 0.142021 0.172964 0.154833 0.116048 0.0899018 0.0744076 0.0554613 0.0342869 0.0183728 0.00906349 0.00408341 0.00160979 0.000541941 0.000154015 3.64132e-05
 4.12586e-11 1.9406e-09 6.32042e-08 1.42541e-06 2.22599e-05 0.000240709 0.00180242 0.00934611 0.0335659 0.0835545 0.144572 0.17582 0.156584 0.115673 0.0875936 0.0714291 0.0531407 0.03309 0.0179799 0.0090176 0.00412978 0.00165837 0.000571103 0.000166252 4.00442e-05
 3.87639e-11 1.82327e-09 5.93826e-08 1.33923e-06 2.0914e-05 0.000226155 0.00169345 0.00878121 0.0315394 0.0785327 0.136038 0.166174 0.150349 0.116049 0.0940089 0.0802249 0.0605539 0.0376989 0.0203847 0.010201 0.00469604 0.00190958 0.000669171 0.000198695 4.88604e-05
 4.00686e-11 1.88463e-09 6.13813e-08 1.3843e-06 2.16179e-05 0.000233767 0.00175044 0.00907663 0.0325988 0.081155 0.140474 0.171088 0.153186 0.114918 0.0893019 0.0744885 0.0564938 0.0361463 0.0204036 0.0106247 0.00499889 0.00204831 0.000720608 0.0002155 5.36371e-05
 4.06593e-11 1.91242e-09 6.22862e-08 1.40471e-06 2.19366e-05 0.000237213 0.00177624 0.0092104 0.0330788 0.0823459 0.142506 0.173428 0.154841 0.115217 0.0883213 0.0727915 0.0546451 0.0345117 0.0192274 0.0100007 0.00479157 0.00202649 0.000736693 0.000225766 5.7046e-05
#pred catch len freq
 3.18692e-11 1.49897e-09 4.88207e-08 1.10103e-06 1.71941e-05 0.000185931 0.00139225 0.00721947 0.0259311 0.0645795 0.111944 0.137104 0.125241 0.0993619 0.0845384 0.0769339 0.0647157 0.049575 0.0374293 0.0291597 0.0237008 0.0202744 0.0175597 0.0139565 0.00917953
 3.74578e-11 1.76184e-09 5.73819e-08 1.2941e-06 2.02093e-05 0.000218536 0.00163639 0.00848543 0.0304777 0.075897 0.131525 0.160907 0.146369 0.114591 0.0946526 0.0815726 0.0614781 0.0381675 0.0212141 0.0120555 0.00750769 0.00514438 0.00375529 0.00267228 0.00165232
 3.62702e-11 1.70597e-09 5.55625e-08 1.25307e-06 1.95686e-05 0.000211607 0.00158452 0.0082166 0.0295143 0.0735204 0.127559 0.156771 0.144895 0.118136 0.102886 0.0910447 0.0681596 0.0404828 0.0201293 0.00921563 0.00411552 0.00186241 0.00091607 0.00049551 0.000262922
 3.65608e-11 1.71965e-09 5.60077e-08 1.26311e-06 1.97254e-05 0.000213302 0.00159721 0.00828239 0.0297501 0.074102 0.128529 0.157782 0.145257 0.117303 0.101049 0.089263 0.0675699 0.0412284 0.0213442 0.010017 0.00427315 0.00161474 0.000552611 0.000185463 6.51431e-05
 3.81094e-11 1.79248e-09 5.83801e-08 1.31662e-06 2.05609e-05 0.000222337 0.00166486 0.00863306 0.0310082 0.0772207 0.133836 0.163816 0.149275 0.11739 0.0975114 0.0841238 0.0629002 0.0379427 0.0193909 0.00904118 0.00387991 0.0014716 0.00048094 0.000135506 3.35693e-05
 3.68997e-11 1.73559e-09 5.65269e-08 1.27482e-06 1.99082e-05 0.00021528 0.00161202 0.00835915 0.0300257 0.0747879 0.129714 0.159213 0.146494 0.118108 0.101406 0.0890671 0.0666488 0.0397347 0.0198371 0.00898295 0.003761 0.00140351 0.000453492 0.000125182 2.90757e-05
 3.65584e-11 1.71953e-09 5.6004e-08 1.26303e-06 1.9724e-05 0.000213288 0.00159711 0.00828183 0.0297481 0.0740968 0.128519 0.157765 0.145225 0.117247 0.100975 0.0892087 0.0675821 0.0413162 0.0214682 0.0101225 0.00432462 0.00160849 0.000510794 0.000138005 3.134e-05
 3.65386e-11 1.7186e-09 5.59738e-08 1.26235e-06 1.97134e-05 0.000213173 0.00159625 0.00827737 0.0297322 0.0740586 0.128462 0.157738 0.145336 0.117597 0.101514 0.0896444 0.0675972 0.0409115 0.0209655 0.00980715 0.00422324 0.00160591 0.000523048 0.00014363 3.26668e-05
 3.71241e-11 1.74614e-09 5.68707e-08 1.28258e-06 2.00293e-05 0.000216589 0.00162182 0.00840996 0.0302079 0.0752385 0.130474 0.160044 0.146935 0.11781 0.100445 0.0879542 0.0659316 0.0395661 0.0199854 0.00917332 0.00387901 0.00145519 0.000471343 0.000130062 2.99692e-05
 3.66526e-11 1.72396e-09 5.61483e-08 1.26628e-06 1.97749e-05 0.000213838 0.00160122 0.00830317 0.0298247 0.0742878 0.12885 0.158171 0.145596 0.117529 0.101155 0.0892153 0.0673173 0.0408218 0.020951 0.00976763 0.00415736 0.00155286 0.000497322 0.000135494 3.09352e-05
 3.71862e-11 1.74906e-09 5.69658e-08 1.28472e-06 2.00628e-05 0.000216951 0.00162453 0.008424 0.0302582 0.0753615 0.130673 0.16022 0.146883 0.117345 0.0996269 0.0871821 0.0656602 0.0398756 0.020558 0.00966047 0.0041565 0.00157183 0.000508864 0.000139374 3.17647e-05
 3.73745e-11 1.75792e-09 5.72543e-08 1.29123e-06 2.01644e-05 0.00021805 0.00163276 0.00846667 0.0304115 0.075744 0.13134 0.161057 0.147704 0.118088 0.100254 0.0874397 0.0652188 0.0387796 0.0192981 0.00871741 0.00365103 0.00136623 0.000442547 0.000121979 2.80267e-05
 3.70474e-11 1.74253e-09 5.67532e-08 1.27993e-06 1.99879e-05 0.000216141 0.00161847 0.00839259 0.0301456 0.075084 0.130211 0.159744 0.146734 0.117803 0.100626 0.0882367 0.0662226 0.0397978 0.0201141 0.0091944 0.00383826 0.0014087 0.000444244 0.000119647 2.71334e-05
 3.70036e-11 1.74047e-09 5.6686e-08 1.27841e-06 1.99642e-05 0.000215886 0.00161655 0.00838266 0.0301099 0.0749952 0.130057 0.159558 0.146571 0.117691 0.100562 0.0882312 0.0662998 0.0399581 0.0203129 0.00937169 0.00395709 0.00146822 0.000465787 0.000125005 2.79743e-05
 3.72277e-11 1.75101e-09 5.70294e-08 1.28615e-06 2.00852e-05 0.000217193 0.00162635 0.00843342 0.0302922 0.0754483 0.130837 0.160487 0.147331 0.118098 0.100619 0.0879615 0.0656896 0.0391033 0.0194746 0.00878303 0.00365414 0.00135026 0.000429782 0.000116104 2.61346e-05
 3.73446e-11 1.75651e-09 5.72084e-08 1.29019e-06 2.01482e-05 0.000217875 0.00163145 0.00845989 0.0303871 0.0756834 0.131236 0.160934 0.147607 0.118045 0.100273 0.087527 0.0653761 0.0389644 0.0194273 0.0087437 0.00360733 0.00131376 0.000411255 0.00010964 2.45213e-05
 3.66732e-11 1.72493e-09 5.61799e-08 1.267e-06 1.9786e-05 0.000213958 0.00160212 0.00830786 0.0298416 0.0743308 0.128931 0.158298 0.145801 0.117865 0.101596 0.0895658 0.067343 0.040495 0.0204771 0.00936866 0.00391355 0.0014338 0.000448692 0.000118879 2.63087e-05
 3.56745e-11 1.67796e-09 5.465e-08 1.23249e-06 1.92472e-05 0.000208132 0.0015585 0.0080817 0.0290304 0.0723205 0.125515 0.154441 0.14332 0.118048 0.104212 0.0931262 0.0703162 0.0423097 0.0213969 0.00980909 0.00412146 0.00152466 0.000482638 0.000129137 2.87308e-05
 3.68021e-11 1.731e-09 5.63774e-08 1.27145e-06 1.98556e-05 0.00021471 0.00160775 0.00833701 0.0299458 0.0745847 0.129334 0.158616 0.145536 0.116551 0.0993925 0.0875391 0.0667119 0.0414557 0.022135 0.0107612 0.00471213 0.00178292 0.000572094 0.000154816 3.48263e-05
 3.57569e-11 1.68183e-09 5.47762e-08 1.23534e-06 1.92916e-05 0.000208612 0.0015621 0.00810036 0.0290973 0.0724857 0.125793 0.154738 0.143454 0.117873 0.103745 0.0925627 0.0698915 0.0421444 0.0214757 0.0100331 0.00436187 0.00169237 0.000565264 0.000158892 3.67531e-05
 3.61219e-11 1.699e-09 5.53353e-08 1.24795e-06 1.94885e-05 0.000210742 0.00157804 0.00818298 0.0293933 0.0732166 0.127016 0.156028 0.143974 0.116959 0.101582 0.0903039 0.068782 0.0424143 0.0223549 0.0107349 0.00467959 0.00178324 0.000584146 0.000163549 3.84094e-05
 3.81942e-11 1.79647e-09 5.85099e-08 1.31954e-06 2.06066e-05 0.000222832 0.00166856 0.00865226 0.0310771 0.0773918 0.134129 0.164157 0.149529 0.117469 0.0974214 0.0839159 0.062624 0.0376534 0.0191619 0.00891957 0.0038478 0.0014775 0.000489266 0.000137334 3.20656e-05
 3.65398e-11 1.71866e-09 5.59755e-08 1.26239e-06 1.9714e-05 0.00021318 0.0015963 0.00827765 0.0297334 0.0740631 0.128481 0.157812 0.145564 0.118095 0.102236 0.090264 0.0677254 0.0404838 0.0202842 0.00921669 0.00386475 0.0014429 0.000467193 0.000129596 3.02017e-05
 3.59723e-11 1.69196e-09 5.51062e-08 1.24278e-06 1.94078e-05 0.000209869 0.00157151 0.00814913 0.0292722 0.072919 0.126528 0.155563 0.143969 0.117794 0.103147 0.0918326 0.0694101 0.0419718 0.0214007 0.00988657 0.00416588 0.0015396 0.000487782 0.000131703 2.99215e-05
 3.56278e-11 1.67576e-09 5.45784e-08 1.23088e-06 1.9222e-05 0.000207859 0.00155646 0.0080711 0.028992 0.0722227 0.12533 0.15414 0.142814 0.117197 0.10309 0.0922479 0.0702899 0.043191 0.0226248 0.0107967 0.00468146 0.00176875 0.000568806 0.00015432 3.48175e-05
 3.46576e-11 1.63013e-09 5.30922e-08 1.19736e-06 1.86985e-05 0.000202199 0.00151408 0.0078514 0.0282038 0.0702686 0.122004 0.150352 0.140269 0.117076 0.105192 0.0953176 0.0730679 0.0451706 0.0239028 0.0115855 0.00512907 0.00198896 0.000658673 0.000183742 4.23576e-05
 3.34947e-11 1.57543e-09 5.13107e-08 1.15718e-06 1.80711e-05 0.000195414 0.00146328 0.00758805 0.0272588 0.0679237 0.117998 0.145724 0.136938 0.116317 0.106831 0.0982822 0.0763431 0.048181 0.026305 0.0131825 0.0059913 0.00237237 0.000802506 0.000229317 5.42592e-05
 3.35106e-11 1.57618e-09 5.1335e-08 1.15773e-06 1.80797e-05 0.000195507 0.00146397 0.00759164 0.0272716 0.0679543 0.118043 0.145743 0.136838 0.116001 0.10632 0.0977816 0.076109 0.0483006 0.0266612 0.0135913 0.00631903 0.0025722 0.000896396 0.000263452 6.39208e-05
#obs catch len freq
 3.56554e-11 1.67706e-09 5.46207e-08 1.23184e-06 1.92369e-05 0.00020802 0.00155766 0.00807732 0.0290141 0.0722726 0.125385 0.154061 0.142278 0.115849 0.101028 0.0903422 0.0696017 0.0439937 0.0242753 0.0124585 0.00588876 0.00245918 0.000886212 0.00027212 7.01567e-05
 3.56131e-11 1.67507e-09 5.45559e-08 1.23037e-06 1.92141e-05 0.000207774 0.00155582 0.00806777 0.0289801 0.072191 0.125265 0.154011 0.142541 0.116672 0.102333 0.0915359 0.0699855 0.0434212 0.023223 0.0114947 0.00527166 0.00215794 0.000770064 0.000235472 6.0216e-05
 3.7984e-11 1.78659e-09 5.81879e-08 1.31228e-06 2.04932e-05 0.000221606 0.00165938 0.00860463 0.030906 0.0769643 0.13338 0.163205 0.148551 0.116502 0.0965133 0.0834327 0.0630345 0.0389356 0.020713 0.0101348 0.00455308 0.00181026 0.000625214 0.000185748 4.6529e-05
 3.49664e-11 1.64465e-09 5.35652e-08 1.20803e-06 1.88652e-05 0.000204001 0.00152757 0.00792136 0.0284552 0.0708936 0.123083 0.151653 0.141388 0.117794 0.105496 0.0951263 0.0722338 0.0438177 0.0225121 0.0106006 0.00463144 0.00180748 0.000612994 0.000177973 4.33895e-05
 3.894e-11 1.83155e-09 5.96524e-08 1.34531e-06 2.1009e-05 0.000227183 0.00170114 0.00882109 0.0316824 0.0788872 0.136641 0.166856 0.150794 0.11604 0.0936091 0.0797276 0.0602347 0.0375791 0.0202818 0.00999179 0.0044355 0.00170792 0.000563087 0.000158678 3.76893e-05
 3.70803e-11 1.74408e-09 5.68036e-08 1.28106e-06 2.00057e-05 0.000216333 0.00161991 0.00840004 0.0301725 0.0751508 0.130327 0.159889 0.14687 0.117911 0.100676 0.0881547 0.0659457 0.039414 0.0198434 0.00916554 0.0039691 0.00154731 0.000522436 0.000149137 3.52347e-05
 3.67207e-11 1.72716e-09 5.62525e-08 1.26864e-06 1.98116e-05 0.000214235 0.0016042 0.00831857 0.02988 0.0744229 0.12907 0.158374 0.14557 0.117086 0.10036 0.0884661 0.0670606 0.041123 0.021482 0.0101943 0.00438646 0.00164947 0.000534066 0.000148555 3.4916e-05
 3.8093e-11 1.79171e-09 5.83548e-08 1.31605e-06 2.0552e-05 0.000222241 0.00166414 0.00862932 0.0309948 0.0771858 0.133768 0.163696 0.14905 0.116987 0.0969669 0.0836868 0.0628658 0.0383429 0.0199643 0.00951049 0.00415149 0.00159191 0.000521883 0.00014447 3.32655e-05
 3.78578e-11 1.78065e-09 5.79946e-08 1.30793e-06 2.04251e-05 0.000220869 0.00165387 0.00857609 0.030804 0.0767149 0.13298 0.162863 0.148709 0.117567 0.0983597 0.0851794 0.0636723 0.0382738 0.0194359 0.00900205 0.00385281 0.00146608 0.000481849 0.000134615 3.13051e-05
 3.53334e-11 1.66191e-09 5.41274e-08 1.22071e-06 1.90631e-05 0.000206142 0.0015436 0.00800444 0.0287531 0.0716313 0.124331 0.15304 0.142202 0.117515 0.104247 0.0936274 0.071232 0.0434938 0.0225296 0.0106124 0.00455583 0.00171413 0.000553417 0.000152256 3.51386e-05
 3.80151e-11 1.78804e-09 5.82354e-08 1.31336e-06 2.051e-05 0.000221786 0.00166073 0.00861164 0.030931 0.0770243 0.133469 0.163244 0.148369 0.115928 0.0956233 0.0826827 0.0629365 0.0395282 0.021534 0.0107265 0.00480825 0.00186088 0.000610687 0.000168837 3.87703e-05
 3.71645e-11 1.74804e-09 5.69325e-08 1.28397e-06 2.00511e-05 0.000216824 0.00162358 0.00841909 0.0302408 0.0753192 0.130608 0.160182 0.146975 0.117666 0.100121 0.0875647 0.0656289 0.0394486 0.0200709 0.00939742 0.00412214 0.0016248 0.000553752 0.000159028 3.75562e-05
 3.62258e-11 1.70388e-09 5.54944e-08 1.25154e-06 1.95446e-05 0.000211348 0.00158258 0.00820651 0.029478 0.0734272 0.12738 0.156475 0.144381 0.117266 0.101782 0.0903301 0.0685344 0.0419207 0.0218058 0.0103193 0.00444926 0.00168569 0.000552038 0.000155472 3.69361e-05
 3.71912e-11 1.74929e-09 5.69733e-08 1.28489e-06 2.00655e-05 0.00021698 0.00162475 0.00842511 0.0302621 0.0753692 0.130674 0.160168 0.146663 0.116832 0.0988699 0.086533 0.0655302 0.0403232 0.0212525 0.0102436 0.00450047 0.00172891 0.000567413 0.000157635 3.65532e-05
 3.59688e-11 1.6918e-09 5.51008e-08 1.24266e-06 1.9406e-05 0.000209849 0.00157135 0.00814832 0.0292692 0.0729094 0.126498 0.155465 0.143684 0.117183 0.102253 0.0910384 0.0691795 0.0424091 0.0221921 0.0106427 0.0046878 0.00182056 0.000607075 0.000171259 4.00708e-05
 3.74661e-11 1.76222e-09 5.73945e-08 1.29439e-06 2.02138e-05 0.000218584 0.00163676 0.00848735 0.0304853 0.0759211 0.131605 0.161183 0.147195 0.116447 0.0976634 0.0851367 0.0646272 0.0401079 0.0214435 0.0105019 0.00467782 0.00182137 0.000607797 0.000172189 4.06474e-05
 3.68039e-11 1.73108e-09 5.63801e-08 1.27152e-06 1.98565e-05 0.000214721 0.00160783 0.00833745 0.0299478 0.0745926 0.129369 0.158763 0.145994 0.117544 0.100802 0.088654 0.0667283 0.0403445 0.0206853 0.00972964 0.0042509 0.00165741 0.000558815 0.00015986 3.7974e-05
 3.59801e-11 1.69233e-09 5.51181e-08 1.24305e-06 1.94121e-05 0.000209915 0.00157185 0.00815088 0.0292784 0.0729322 0.126537 0.15551 0.143718 0.117195 0.102256 0.091059 0.0692329 0.042465 0.0221916 0.0105678 0.00458612 0.00174653 0.000572982 0.000160905 3.80043e-05
 3.60245e-11 1.69442e-09 5.5186e-08 1.24458e-06 1.9436e-05 0.000210173 0.00157378 0.0081609 0.0293141 0.0730182 0.126666 0.155577 0.143489 0.116438 0.10105 0.089966 0.068909 0.0430293 0.0231715 0.0114268 0.00510819 0.00198617 0.000658068 0.000184221 4.29299e-05
 3.77566e-11 1.77589e-09 5.78395e-08 1.30443e-06 2.03705e-05 0.000220279 0.00164945 0.00855314 0.0307214 0.0765071 0.132606 0.162342 0.148036 0.116653 0.0972654 0.084368 0.0637172 0.0392363 0.0207797 0.0101369 0.00455132 0.00180365 0.000613631 0.000176164 4.17792e-05
 3.32553e-11 1.56417e-09 5.09439e-08 1.14891e-06 1.7942e-05 0.000194018 0.00145282 0.00753388 0.0270651 0.0674485 0.117224 0.145013 0.137036 0.117887 0.109666 0.100988 0.0773439 0.0471941 0.0244143 0.0115683 0.0050676 0.00197598 0.000668106 0.000192803 4.6409e-05
 3.85174e-11 1.81167e-09 5.90049e-08 1.33071e-06 2.0781e-05 0.000224717 0.00168268 0.00872537 0.0313388 0.0780327 0.135169 0.165098 0.149335 0.115217 0.093414 0.0801462 0.0613332 0.0391965 0.0219183 0.0111837 0.00508581 0.0019861 0.000660126 0.000186724 4.43361e-05
 3.59451e-11 1.69068e-09 5.50645e-08 1.24184e-06 1.93932e-05 0.00020971 0.00157032 0.00814297 0.0292502 0.0728645 0.126436 0.155464 0.143921 0.117832 0.103223 0.0918105 0.069186 0.0416496 0.0212463 0.0100336 0.00447652 0.00180486 0.000629361 0.000184322 4.42952e-05
 3.57713e-11 1.68251e-09 5.47983e-08 1.23584e-06 1.92994e-05 0.000208697 0.00156273 0.00810359 0.0291086 0.0725096 0.125807 0.154627 0.142953 0.116693 0.102026 0.0911661 0.0697869 0.0433792 0.0231309 0.011234 0.00493504 0.00189449 0.000629153 0.00018041 4.37565e-05
 3.49563e-11 1.64418e-09 5.35497e-08 1.20768e-06 1.88597e-05 0.000203942 0.00152712 0.00791903 0.0284464 0.0708676 0.123009 0.15143 0.140767 0.116483 0.103622 0.0935673 0.0720154 0.0450623 0.0243457 0.012093 0.0054727 0.00216254 0.000728924 0.000207303 4.90337e-05
 3.56512e-11 1.67686e-09 5.46142e-08 1.23169e-06 1.92346e-05 0.000207996 0.00155748 0.00807636 0.0290107 0.0722648 0.125375 0.154066 0.142337 0.116008 0.101293 0.0906398 0.0698216 0.044051 0.0241449 0.0121961 0.00561075 0.00225841 0.000778716 0.000226855 5.46653e-05
 3.29275e-11 1.54875e-09 5.04417e-08 1.13759e-06 1.77651e-05 0.000192105 0.0014385 0.0074596 0.0267981 0.0667821 0.116059 0.143536 0.135536 0.116433 0.108317 0.100255 0.0779056 0.0490546 0.0267432 0.0134769 0.00623224 0.00254024 0.000891263 0.000264826 6.51495e-05
 3.41742e-11 1.60739e-09 5.23516e-08 1.18066e-06 1.84377e-05 0.000199379 0.00149296 0.00774187 0.0278103 0.069286 0.120285 0.148177 0.138068 0.114959 0.103251 0.0942989 0.073958 0.0479433 0.0273047 0.0143176 0.00676511 0.00277818 0.000978569 0.000292857 7.29231e-05
#spawning biomass
 22722.8 19485.5 19432.4 21355.2 22672.9 26170.8 32621.1 34520.3 33506.3 39717.6 44984.4 43859.4 49204.5 54103.5 51548.6 51673.5 57521.8 56639.7 69484.3 72429.3 81691.3 78396.2 93766.7 96084.7 106749 117863 135600 137203 185108 265677 177528 106186 64909.5 43811.3 33766.2 29190.4 27164.8 26285 25907.8 25747.4 25679.7 25651.2 25639.2 25634.2 25632.1 25631.2 25630.9 25630.7 25630.7 25630.6 25630.6 25630.6 25630.6 25630.6 25630.6 25630.6 25630.6 25630.6 25630.6 25630.6 25630.6 25630.6 25630.6 25630.6 25630.6 25630.6 25630.6 25630.6 25630.6 25630.6 25630.6 25630.6 25630.6 25630.6 25630.6 25630.6 25630.6 25630.6 25630.6 25630.6 25630.6 25630.6 25630.6 25630.6 25630.6 25630.6 25630.6 25630.6 25630.6 25630.6 25630.6 25630.6 25630.6 25630.6 25630.6 25630.6 25630.6 25630.6 25630.6 25630.6 25630.6 25630.6 25630.6 25630.6 25630.6 25630.6 25630.6 25630.6 25630.6 25630.6 25630.6 25630.6 25630.6 25630.6 25630.6 25630.6 25630.6 25630.6 25630.6 25630.6 25630.6 25630.6 25630.6 25630.6 25630.6 25630.6 25630.6 25630.6 0 0 0 0 0 0 0 0 0 0 0 0 0 0 0 0 0 0 0 0 0 0 0 0 0
