SBPRF35
0.127197
Curr Bio
279342
B35
160250
F35
1.68075
FOFL
1.68075
OFL
173870
Bzero
36338.1
#pred survey bio
 12005.1 13422.5 14313.7 15548.1 17217.9 21078 22728.6 25593.1 35277.6 49078.7 59961.9 73457.3 101330 123620 119453 93700.2 80505.8 83813.7 78030.5 75526.6 76777.9 83249.1 84994.5 93600.2 105993 109846 103426 112843 143820 5.06969e+06 3.79513e+06 1.47612e+06 715602 453076 336323 276188 243655 225859 216132 210834 207962 206410 205575 205125 204883 204756 204689 204654 204635 204625 204620 204617 204616 204615 204615 204615 204615 204614 204614 204614 204614 204614 204614 204614 204614 204614 204614 204614 204614 204614 204614 204614 204614 204614 204614 204614 204614 204614 204614 204614 204614 204614 204614 204614 204614 204614 204614 204614 204614 204614 204614 204614 204614 204614 204614 204614 204614 204614 204614 204614 204614 204614 204614 204614 204614 204614 204614 204614 204614 204614 204614 204614 204614 204614 204614 204614 204614 204614 204614 204614 204614 204614 204614 204614 204614 204614 204614 204614 204614 0 0 0 0 0 0 0 0 0 0 0 0 0 0 0 0 0 0 0 0 0 0 0 0 0
#obs survey bio
 10252.4 10566.3 22326 16970.4 13860.2 23951.9 27986 27951.2 45266.7 53458.1 54527.8 61389.7 169423 101425 75933.1 82804 67903.4 68624.5 75050.1 54642 94079.4 104967 111859 104731 158416 122646 89628 82656.4 88877.5
#pred catch bio
 4679.87 6684.64 7646.5 9072.17 9900.22 14001.1 15995.2 17479.4 24569.5 36700.9 47421.1 58646.5 83219.4 103177 108267 89686.6 74853.8 82377.7 78016.4 77167.9 76939.6 87564.6 87927.3 96072.2 112341 120412 107113 110972 93772.4 173870 123044 24814 8477.8 6179.03 5887.19 5852.58 5848.66 5848.24 5848.19 5848.19 5848.19 5848.19 5848.19 5848.19 5848.19 5848.19 5848.19 5848.19 5848.19 5848.19 5848.19 5848.19 5848.19 5848.19 5848.19 5848.19 5848.19 5848.19 5848.19 5848.19 5848.19 5848.19 5848.19 5848.19 5848.19 5848.19 5848.19 5848.19 5848.19 5848.19 5848.19 5848.19 5848.19 5848.19 5848.19 5848.19 5848.19 5848.19 5848.19 5848.19 5848.19 5848.19 5848.19 5848.19 5848.19 5848.19 5848.19 5848.19 5848.19 5848.19 5848.19 5848.19 5848.19 5848.19 5848.19 5848.19 5848.19 5848.19 5848.19 5848.19 5848.19 5848.19 5848.19 5848.19 5848.19 5848.19 5848.19 5848.19 5848.19 5848.19 5848.19 5848.19 5848.19 5848.19 5848.19 5848.19 5848.19 5848.19 5848.19 5848.19 5848.19 5848.19 5848.19 5848.19 5848.19 5848.19 5848.19 5848.19 5848.19 0 0 0 0 0 0 0 0 0 0 0 0 0 0 0 0 0 0 0 0 0 0 0 0 0
#obs catch bio
 6867.18 6960.05 7770.7 9238.2 10036.5 14366.3 16296.1 17393.9 24300.3 36267.9 47306.6 58648.5 79859.7 101426 110506 91146.1 75237.6 82160 77425.8 77612.6 75186.3 86310.1 85530.7 93238 107164 116094 104798 109610 92521.9
#pred cpue bio
 12998.2 14223.2 15286.2 16701.7 18088.6 22505.3 24327.6 26635 36318 51409.3 63370.8 75273 103968 132087 130363 100829 83966.1 88600.7 82162.7 78498.2 79336.7 86022.8 87326.8 95688.4 108449 113711 106831 115119 144750 5.49919e+06 4.61219e+06 1.53456e+06 732487 467499 350566 290417 257882 240087 230359 225062 222189 220638 219803 219353 219111 218983 218916 218881 218863 218853 218848 218845 218843 218843 218842 218842 218842 218842 218842 218842 218842 218842 218842 218842 218842 218842 218842 218842 218842 218842 218842 218842 218842 218842 218842 218842 218842 218842 218842 218842 218842 218842 218842 218842 218842 218842 218842 218842 218842 218842 218842 218842 218842 218842 218842 218842 218842 218842 218842 218842 218842 218842 218842 218842 218842 218842 218842 218842 218842 218842 218842 218842 218842 218842 218842 218842 218842 218842 218842 218842 218842 218842 218842 218842 218842 218842 218842 218842 218842 0 0 0 0 0 0 0 0 0 0 0 0 0 0 0 0 0 0 0 0 0 0 0 0 0
#obs cpue bio
 7467.89 6310.15 10380.4 13662.9 15330.4 13374.4 18569.2 30305.9 32873.9 56953.8 64192.9 97614.2 155786 144792 128999 109815 74140.5 132986 95203 93672 106815 84748.6 108165 137569 170853 156256 157148 192307 295666
#pred surv len freq
 2.56174e-27 2.58436e-27 2.94685e-26 5.67664e-20 1.39156e-14 4.12344e-10 1.47695e-06 0.000639461 0.0334671 0.211723 0.162338 0.0421673 0.206903 0.190994 0.0413138 0.0464754 0.0192062 0.0137829 0.00819812 0.00605292 0.00462609 0.0039077 0.00383461 0.0033519 0.0010179
 2.56264e-27 2.58716e-27 3.2231e-26 6.25951e-20 1.53444e-14 4.54683e-10 1.6286e-06 0.000705121 0.0369035 0.233462 0.178886 0.0389355 0.170684 0.158424 0.0511484 0.0770039 0.0269011 0.0123954 0.00554433 0.00310515 0.00192696 0.00138609 0.00119811 0.00104199 0.00034604
 2.56317e-27 2.58835e-27 3.30149e-26 6.42477e-20 1.57496e-14 4.66688e-10 1.6716e-06 0.000723737 0.0378778 0.239626 0.18363 0.0412721 0.185132 0.171097 0.0413941 0.0517493 0.0220492 0.0159314 0.00556184 0.00197908 0.000837985 0.000457994 0.000325073 0.000263695 9.04263e-05
 2.56309e-27 2.58806e-27 3.26879e-26 6.35577e-20 1.55804e-14 4.61675e-10 1.65364e-06 0.000715964 0.037471 0.237052 0.181674 0.0418629 0.191003 0.176526 0.0426482 0.0530502 0.0194873 0.0105239 0.00488919 0.00215628 0.000568929 0.000187752 9.39513e-05 6.48947e-05 2.19395e-05
 2.56484e-27 2.59271e-27 3.67058e-26 7.20335e-20 1.76581e-14 5.23242e-10 1.87417e-06 0.000811442 0.0424679 0.268664 0.205805 0.0414132 0.170627 0.157599 0.0370656 0.0450485 0.0165293 0.00874887 0.00327086 0.00132389 0.000469431 0.000107501 2.83216e-05 1.39082e-05 4.3778e-06
 2.56429e-27 2.59109e-27 3.51533e-26 6.87578e-20 1.68551e-14 4.99448e-10 1.78894e-06 0.000774542 0.0405368 0.256447 0.196499 0.0428384 0.188011 0.173447 0.0363715 0.0394392 0.0142683 0.00729015 0.00270173 0.000985501 0.000291389 7.8291e-05 1.3735e-05 3.36328e-06 8.75817e-07
 2.5643e-27 2.59109e-27 3.51061e-26 6.86581e-20 1.68307e-14 4.98724e-10 1.78634e-06 0.000773419 0.040478 0.256075 0.19622 0.0431659 0.190699 0.175895 0.036248 0.0384911 0.0132099 0.00571436 0.00204921 0.000725072 0.000198503 4.56234e-05 8.04977e-06 1.04381e-06 1.67329e-07
 2.56612e-27 2.59596e-27 3.93558e-26 7.76229e-20 1.90283e-14 5.63843e-10 2.01959e-06 0.000874406 0.0457633 0.289511 0.221739 0.0423956 0.166908 0.153846 0.0306313 0.0312072 0.0106219 0.00444493 0.00145804 0.000450035 0.00011767 2.49141e-05 3.84065e-06 3.97419e-07 3.20003e-08
 2.56695e-27 2.59813e-27 4.11855e-26 8.14825e-20 1.99744e-14 5.91878e-10 2.12001e-06 0.000917883 0.0480387 0.303906 0.232734 0.0425585 0.160424 0.147714 0.0268705 0.0241475 0.00808262 0.00319447 0.00102784 0.000299243 6.77607e-05 1.31126e-05 1.82974e-06 1.60848e-07 8.17972e-09
 2.56622e-27 2.59608e-27 3.93296e-26 7.75672e-20 1.90147e-14 5.63438e-10 2.01814e-06 0.000873778 0.0457304 0.289303 0.221598 0.0434742 0.175216 0.161295 0.0280394 0.0233735 0.00752402 0.00252207 0.000778283 0.000215304 4.63113e-05 7.86295e-06 9.68416e-07 7.49846e-08 2.96712e-09
 2.56574e-27 2.59478e-27 3.81789e-26 7.51397e-20 1.84196e-14 5.45806e-10 1.95498e-06 0.000846433 0.0442993 0.28025 0.21469 0.0438033 0.182574 0.168096 0.0294438 0.0248569 0.00785813 0.00239335 0.00068395 0.000163985 3.31111e-05 5.27069e-06 5.69048e-07 3.81464e-08 1.28316e-09
 2.56735e-27 2.59915e-27 4.20315e-26 8.32671e-20 2.04119e-14 6.04842e-10 2.16644e-06 0.000937987 0.0490908 0.310562 0.237819 0.0427361 0.158202 0.145587 0.0251214 0.0206627 0.00654906 0.00202301 0.000560199 0.000121313 2.13662e-05 3.05239e-06 3.03038e-07 1.76651e-08 5.08144e-10
 2.56748e-27 2.59945e-27 4.22369e-26 8.37001e-20 2.05181e-14 6.07987e-10 2.17771e-06 0.000942865 0.0493461 0.312177 0.23906 0.0432158 0.160981 0.148028 0.0233135 0.0159177 0.00499824 0.00149616 0.000414833 8.99151e-05 1.46614e-05 1.8178e-06 1.57329e-07 8.23856e-09 2.04574e-10
 2.56551e-27 2.59404e-27 3.74179e-26 7.35339e-20 1.80259e-14 5.34141e-10 1.9132e-06 0.000828344 0.0433525 0.27426 0.210134 0.0449228 0.194293 0.178715 0.0277775 0.0183622 0.00556333 0.00134175 0.00035724 7.55061e-05 1.23056e-05 1.44548e-06 1.08103e-07 4.86409e-09 1.06434e-10
 2.56398e-27 2.58997e-27 3.38837e-26 6.60785e-20 1.61983e-14 4.79986e-10 1.71923e-06 0.00074436 0.0389571 0.246454 0.188909 0.0453786 0.212675 0.195823 0.0334459 0.0269825 0.00816522 0.00189569 0.000470517 8.24427e-05 1.27815e-05 1.47906e-06 1.05215e-07 4.09577e-09 7.64829e-11
 2.56486e-27 2.59236e-27 3.59944e-26 7.05312e-20 1.72899e-14 5.1233e-10 1.83508e-06 0.000794519 0.0415823 0.263061 0.201581 0.0448137 0.199473 0.183612 0.0307633 0.0239556 0.00751016 0.00218937 0.000556117 9.25344e-05 1.2417e-05 1.26572e-06 8.71648e-08 3.20493e-09 5.19379e-11
 2.5668e-27 2.59755e-27 4.05213e-26 8.00808e-20 1.96308e-14 5.81697e-10 2.08354e-06 0.000902093 0.0472123 0.298678 0.228765 0.044022 0.174349 0.160298 0.0242964 0.0150657 0.00466701 0.00130781 0.000352954 7.11029e-05 9.55136e-06 8.66483e-07 5.11678e-08 1.77257e-09 2.68816e-11
 2.56623e-27 2.59596e-27 3.90779e-26 7.70357e-20 1.88844e-14 5.59578e-10 2.00431e-06 0.000867791 0.0454171 0.287321 0.220105 0.0447537 0.186002 0.170989 0.0250556 0.0140944 0.00419507 0.000910267 0.000233193 4.63311e-05 7.10923e-06 7.10879e-07 3.8325e-08 1.13835e-09 1.59064e-11
 2.56648e-27 2.59664e-27 3.96655e-26 7.82751e-20 1.91882e-14 5.68581e-10 2.03656e-06 0.000881753 0.0461478 0.291944 0.223633 0.0446973 0.183094 0.168279 0.024102 0.0125989 0.00369761 0.000722705 0.000169314 2.68721e-05 3.90707e-06 4.20253e-07 2.55654e-08 7.1806e-10 8.68248e-12
 2.56715e-27 2.59845e-27 4.12651e-26 8.16496e-20 2.00154e-14 5.93093e-10 2.12436e-06 0.000919766 0.0481372 0.30453 0.233237 0.0442565 0.172992 0.158948 0.0222933 0.0108217 0.0031441 0.000570103 0.000128429 1.82188e-05 2.22034e-06 2.05682e-07 1.29799e-08 4.05267e-10 4.75969e-12
 2.56749e-27 2.59934e-27 4.20332e-26 8.327e-20 2.04126e-14 6.04863e-10 2.16652e-06 0.000938019 0.0490925 0.310573 0.23785 0.0441717 0.169105 0.155327 0.0210255 0.00884143 0.0025389 0.000427818 9.33089e-05 1.2302e-05 1.38048e-06 1.079e-07 5.6865e-09 1.77297e-10 2.26492e-12
 2.56747e-27 2.59931e-27 4.20103e-26 8.32217e-20 2.04008e-14 6.04512e-10 2.16526e-06 0.000937475 0.0490641 0.310393 0.237712 0.0441398 0.168959 0.155204 0.0212023 0.00927343 0.00263407 0.000387507 8.04267e-05 9.88551e-06 1.04585e-06 7.44951e-08 3.33874e-09 8.6547e-11 1.07188e-12
 2.56779e-27 2.60015e-27 4.27371e-26 8.47548e-20 2.07766e-14 6.15648e-10 2.20515e-06 0.000954745 0.0499679 0.316111 0.242077 0.044058 0.16527 0.151765 0.0199771 0.00734673 0.00208083 0.000317199 6.49325e-05 7.04051e-06 6.91539e-07 4.56175e-08 1.85829e-09 4.10389e-11 4.24653e-13
 2.56799e-27 2.60071e-27 4.32437e-26 8.58235e-20 2.10386e-14 6.23412e-10 2.23296e-06 0.000966784 0.050598 0.320097 0.245117 0.04384 0.161475 0.14828 0.0196673 0.00751577 0.00210527 0.00027459 5.39562e-05 5.99999e-06 5.58167e-07 3.26718e-08 1.21889e-09 2.42943e-11 2.1479e-13
 2.56796e-27 2.60062e-27 4.31559e-26 8.56383e-20 2.09932e-14 6.22066e-10 2.22814e-06 0.000964698 0.0504888 0.319406 0.24459 0.0438715 0.162085 0.148841 0.0197414 0.00754376 0.00211846 0.000285563 5.53471e-05 5.35421e-06 4.81281e-07 2.78124e-08 9.32365e-10 1.6678e-11 1.32268e-13
 2.56748e-27 2.59931e-27 4.19791e-26 8.31557e-20 2.03846e-14 6.04033e-10 2.16354e-06 0.000936732 0.0490252 0.310147 0.237528 0.0444118 0.171158 0.15717 0.0204024 0.00695513 0.0019446 0.000262149 5.10608e-05 5.06028e-06 4.30158e-07 2.2264e-08 7.28068e-10 1.19911e-11 8.46404e-14
 2.5676e-27 2.59963e-27 4.22575e-26 8.3743e-20 2.05286e-14 6.08298e-10 2.17882e-06 0.000943347 0.0493714 0.312337 0.2392 0.0443742 0.169697 0.15581 0.0199648 0.00629905 0.00174291 0.000212873 4.00944e-05 3.97557e-06 3.41907e-07 1.75072e-08 5.18561e-10 8.03163e-12 5.29065e-14
 2.56807e-27 2.60094e-27 4.3446e-26 8.62504e-20 2.11432e-14 6.26512e-10 2.24406e-06 0.000971593 0.0508497 0.321689 0.246331 0.0437412 0.15987 0.146809 0.0195903 0.00770904 0.00214257 0.00024527 4.44428e-05 4.02661e-06 3.34728e-07 1.72192e-08 5.09435e-10 7.34449e-12 4.46567e-14
 2.5686e-27 2.60238e-27 4.47462e-26 8.89934e-20 2.18157e-14 6.46437e-10 2.31543e-06 0.00100249 0.0524668 0.33192 0.254134 0.0431625 0.149984 0.13773 0.0187754 0.00813788 0.00229974 0.000318023 6.10442e-05 5.20435e-06 4.05314e-07 1.92657e-08 5.62124e-10 8.0946e-12 4.67606e-14
#obs surv len freq
 1.24551e-41 1.72868e-33 2.90022e-26 5.88159e-20 1.4418e-14 4.27233e-10 1.53028e-06 0.000662558 0.0346756 0.219369 0.168239 0.0416511 0.169959 0.142341 0.0895492 0.0849347 0.033674 0.012184 0.00246861 0.000277119 1.26997e-05 1.73861e-07 5.37251e-10 3.05614e-13 2.79895e-17
 1.5542e-41 2.15713e-33 3.61903e-26 7.33933e-20 1.79915e-14 5.33121e-10 1.90955e-06 0.00082677 0.0432699 0.273738 0.209789 0.042565 0.141915 0.113161 0.0745783 0.0652731 0.0249923 0.00824876 0.00149248 0.000142578 5.30775e-06 5.62116e-08 1.29248e-10 5.33758e-14 3.49898e-18
 1.29195e-41 1.79314e-33 3.00837e-26 6.10092e-20 1.49557e-14 4.43164e-10 1.58734e-06 0.000687264 0.0359687 0.22755 0.174761 0.0517008 0.203759 0.149812 0.0733282 0.0555029 0.0200036 0.0059089 0.000938524 7.50866e-05 2.23086e-06 1.80943e-08 3.08783e-11 9.25841e-15 4.3462e-19
 1.55775e-41 2.16205e-33 3.62729e-26 7.35606e-20 1.80325e-14 5.34337e-10 1.91391e-06 0.000828655 0.0433685 0.274363 0.21044 0.0473709 0.149687 0.109549 0.084814 0.0596443 0.0156706 0.00372104 0.000506773 3.33763e-05 7.79496e-07 4.78021e-09 6.01024e-12 1.30578e-15 4.39198e-20
 1.53936e-41 2.13654e-33 3.58448e-26 7.26925e-20 1.78197e-14 5.28031e-10 1.89132e-06 0.000818877 0.0428567 0.271126 0.20821 0.0553097 0.17992 0.118677 0.0639163 0.041728 0.0142129 0.00292868 0.000279522 1.42014e-05 2.55811e-07 1.17164e-09 1.07542e-12 1.68295e-16 4.04509e-21
 1.34963e-41 1.8732e-33 3.14269e-26 6.3733e-20 1.56234e-14 4.6295e-10 1.65821e-06 0.000717949 0.0375745 0.237711 0.182942 0.0612318 0.205421 0.131082 0.0833559 0.0465815 0.0110356 0.00214018 0.000198975 7.15427e-06 9.02726e-08 3.00654e-10 1.9937e-13 2.23159e-17 3.81311e-22
 1.56245e-41 2.16858e-33 3.63825e-26 7.37829e-20 1.8087e-14 5.35951e-10 1.91969e-06 0.000831159 0.0434996 0.275194 0.211534 0.0580601 0.165595 0.105085 0.0835771 0.0442123 0.0106913 0.00160205 0.000113332 3.53453e-06 3.23578e-08 7.23713e-11 3.32568e-14 2.62434e-18 3.16618e-23
 1.72934e-41 2.40021e-33 4.02684e-26 8.16636e-20 2.00189e-14 5.93196e-10 2.12473e-06 0.000919935 0.0481457 0.304588 0.23418 0.0627017 0.163051 0.0927316 0.0569994 0.0280798 0.00747989 0.00105806 6.11899e-05 1.37917e-06 9.68743e-09 1.5744e-11 4.86982e-15 2.57976e-19 2.13573e-24
 1.65382e-41 2.29539e-33 3.851e-26 7.80975e-20 1.91447e-14 5.67292e-10 2.03195e-06 0.000879763 0.0460433 0.291289 0.224435 0.0713207 0.185142 0.0981932 0.0552336 0.0224009 0.00445416 0.00057402 3.14044e-05 5.68163e-07 2.83709e-09 3.28697e-12 7.28453e-16 2.66611e-20 1.48456e-25
 1.5346e-41 2.12992e-33 3.57338e-26 7.24674e-20 1.77645e-14 5.26396e-10 1.88546e-06 0.000816341 0.042724 0.270293 0.208836 0.0784245 0.199365 0.104652 0.0667242 0.0238854 0.00389235 0.000368919 1.55187e-05 2.40361e-07 9.50815e-10 7.86127e-13 1.20392e-16 3.07454e-21 1.19751e-26
 1.46649e-41 2.0354e-33 3.4148e-26 6.92515e-20 1.69762e-14 5.03036e-10 1.80179e-06 0.000780114 0.0408281 0.258302 0.200119 0.0841847 0.203809 0.107352 0.0750832 0.0251541 0.00406288 0.000314076 9.35872e-06 1.02294e-07 3.10485e-10 1.98e-13 2.20843e-17 3.92634e-22 1.05059e-27
 1.87918e-41 2.60817e-33 4.37575e-26 8.87393e-20 2.17534e-14 6.44593e-10 2.30883e-06 0.000999643 0.0523173 0.330985 0.255238 0.0730119 0.140993 0.0739454 0.0529717 0.0166642 0.00267847 0.000188208 4.67042e-06 3.60424e-08 7.33544e-11 3.29717e-14 2.70511e-18 3.53144e-23 6.76657e-29
 1.57158e-41 2.18125e-33 3.6595e-26 7.42139e-20 1.81927e-14 5.39082e-10 1.9309e-06 0.000836015 0.0437537 0.27682 0.215577 0.102312 0.213821 0.0900894 0.0427565 0.0120782 0.00183503 0.000117186 2.58207e-06 1.6132e-08 2.36434e-11 7.09336e-15 3.89093e-19 3.51997e-24 4.80803e-30
 1.27269e-41 1.76641e-33 2.96352e-26 6.00996e-20 1.47327e-14 4.36557e-10 1.56368e-06 0.000677018 0.0354325 0.224187 0.176482 0.113743 0.233441 0.119334 0.0779037 0.0169777 0.00172759 9.2251e-05 1.77358e-06 9.32794e-09 1.08706e-11 2.40638e-15 9.11725e-20 5.50758e-25 5.0235e-31
 1.15039e-41 1.59667e-33 2.67875e-26 5.43245e-20 1.3317e-14 3.94607e-10 1.41342e-06 0.000611961 0.0320277 0.202656 0.160806 0.117466 0.227332 0.13497 0.0975934 0.0236829 0.00274627 0.000105225 1.39467e-06 5.77971e-09 5.3961e-12 9.30619e-16 2.64462e-20 1.15065e-25 7.29779e-32
 1.55261e-41 2.15493e-33 3.61534e-26 7.33183e-20 1.79731e-14 5.32576e-10 1.9076e-06 0.000825926 0.0432257 0.273496 0.214198 0.100622 0.165362 0.104948 0.0749856 0.0197043 0.0025265 0.000102664 1.18229e-06 3.35072e-09 2.19334e-12 2.83304e-16 6.10736e-21 1.99278e-26 9.31106e-33
 1.40529e-41 1.95044e-33 3.27228e-26 6.63611e-20 1.62676e-14 4.8204e-10 1.72659e-06 0.000747553 0.039124 0.247577 0.197415 0.135639 0.214736 0.0975021 0.0521731 0.0133222 0.00168999 7.11704e-05 8.25043e-07 2.09232e-09 1.02469e-12 9.00385e-17 1.34185e-21 3.14611e-27 1.07689e-33
 1.46077e-41 2.02745e-33 3.40147e-26 6.89811e-20 1.69099e-14 5.01072e-10 1.79476e-06 0.000777068 0.0406687 0.257359 0.205244 0.130071 0.190184 0.10774 0.057117 0.00987208 0.000930383 3.57052e-05 3.91255e-07 9.28681e-10 4.01424e-13 2.83505e-17 3.08153e-22 4.97501e-28 1.16242e-34
 1.44458e-41 2.00498e-33 3.36378e-26 6.82167e-20 1.67225e-14 4.95519e-10 1.77487e-06 0.000768457 0.0402181 0.254538 0.205192 0.144677 0.195883 0.100792 0.0484136 0.00881187 0.000687929 1.76067e-05 1.48561e-07 3.01834e-10 1.13065e-13 6.79263e-18 6.0543e-23 7.63684e-29 1.32457e-35
 1.55813e-41 2.16259e-33 3.62819e-26 7.3579e-20 1.8037e-14 5.3447e-10 1.91439e-06 0.000828862 0.0433795 0.274557 0.221157 0.141364 0.17503 0.0950102 0.0416357 0.00656333 0.000462635 1.02913e-05 6.15233e-08 8.66076e-11 2.46923e-14 1.18822e-18 8.5636e-24 8.6729e-30 1.18991e-36
 1.50426e-41 2.08781e-33 3.50273e-26 7.10347e-20 1.74133e-14 5.15988e-10 1.84819e-06 0.000800201 0.0418796 0.265121 0.21713 0.160511 0.184778 0.0897288 0.0346314 0.00510457 0.000307609 5.66911e-06 2.77633e-08 2.90389e-11 5.67104e-15 1.89451e-19 9.96491e-25 7.63446e-31 8.04816e-38
 1.5546e-41 2.15768e-33 3.61995e-26 7.34119e-20 1.79961e-14 5.33256e-10 1.91004e-06 0.00082698 0.0432812 0.274026 0.225346 0.160327 0.17239 0.0892374 0.0306744 0.00370015 0.000185192 2.82723e-06 1.09456e-08 8.87795e-12 1.30366e-15 3.1058e-20 1.12269e-25 5.90145e-32 4.35931e-39
 1.55676e-41 2.16068e-33 3.625e-26 7.35142e-20 1.80211e-14 5.33999e-10 1.9127e-06 0.000828133 0.0433417 0.274478 0.228674 0.170975 0.170262 0.0826252 0.0257719 0.00291872 0.000120635 1.42724e-06 4.29036e-09 2.66407e-12 2.93743e-16 5.19332e-21 1.37194e-26 5.15221e-33 2.65914e-40
 1.59064e-41 2.20771e-33 3.70389e-26 7.51141e-20 1.84133e-14 5.45621e-10 1.95433e-06 0.000846155 0.0442851 0.280517 0.235585 0.17382 0.162149 0.0786845 0.0218586 0.00217421 7.78867e-05 7.62435e-07 1.7473e-09 8.03202e-13 6.54814e-17 8.5228e-22 1.64591e-27 4.49419e-34 1.67806e-41
 1.58752e-41 2.20337e-33 3.69661e-26 7.49664e-20 1.83771e-14 5.44548e-10 1.95048e-06 0.000844492 0.0441984 0.28008 0.239097 0.184515 0.160005 0.0720974 0.0175953 0.00152053 4.4786e-05 3.53745e-07 6.40945e-10 2.23323e-13 1.32951e-17 1.24643e-22 1.73326e-28 3.41205e-35 9.17866e-43
 1.37217e-41 1.90449e-33 3.19517e-26 6.47975e-20 1.58843e-14 4.70682e-10 1.68591e-06 0.00072994 0.0382039 0.242383 0.218637 0.216533 0.183174 0.0814286 0.0175725 0.0013045 3.16857e-05 1.99256e-07 2.78666e-10 7.38309e-14 3.29239e-18 2.26568e-23 2.27054e-29 3.18732e-36 6.09439e-44
 1.40381e-41 1.9484e-33 3.26885e-26 6.62916e-20 1.62506e-14 4.81535e-10 1.72478e-06 0.000746771 0.0390853 0.24806 0.224076 0.205625 0.176377 0.0876764 0.0172295 0.00110082 2.16466e-05 1.06427e-07 1.13558e-10 2.2517e-14 7.42243e-19 3.75181e-24 2.74681e-30 2.79692e-37 3.84705e-45
 1.46429e-41 2.03233e-33 3.40966e-26 6.91472e-20 1.69506e-14 5.02278e-10 1.79908e-06 0.00077894 0.0407688 0.258695 0.231542 0.202715 0.169399 0.0789136 0.0160922 0.00107391 1.94793e-05 8.23639e-08 7.29989e-11 1.18353e-14 3.16705e-19 1.29392e-24 7.63617e-31 6.26082e-38 6.93194e-46
 1.4643e-41 2.03235e-33 3.4097e-26 6.91479e-20 1.69508e-14 5.02283e-10 1.7991e-06 0.000778948 0.0407692 0.258698 0.231544 0.20272 0.169486 0.0790889 0.0158904 0.00100517 1.69271e-05 6.50487e-08 5.15378e-11 7.38822e-15 1.73471e-19 6.18775e-25 3.17706e-31 2.26057e-38 2.16819e-46
#pred catch len freq
 2.55941e-27 2.57792e-27 2.36613e-26 4.45152e-20 1.09124e-14 3.23353e-10 1.1582e-06 0.000501455 0.0262443 0.16603 0.127488 0.0447676 0.251176 0.231681 0.0454878 0.0457304 0.0186399 0.0130668 0.00773686 0.00569938 0.00435339 0.00367688 0.00360804 0.00315384 0.000957756
 2.56076e-27 2.58197e-27 2.75487e-26 5.27171e-20 1.2923e-14 3.8293e-10 1.37159e-06 0.000593847 0.0310798 0.19662 0.150788 0.0410896 0.206819 0.191612 0.0541993 0.0755883 0.0261795 0.011743 0.00522635 0.00291878 0.00181011 0.00130184 0.00112526 0.000978626 0.000324999
 2.56132e-27 2.58323e-27 2.83871e-26 5.44847e-20 1.33563e-14 3.9577e-10 1.41758e-06 0.000613759 0.0321219 0.203213 0.15586 0.0434541 0.221248 0.204262 0.0443512 0.050112 0.0210513 0.0148719 0.00517544 0.00183515 0.000776383 0.000424241 0.000301107 0.000244254 8.37595e-05
 2.56143e-27 2.58346e-27 2.85095e-26 5.47425e-20 1.34195e-14 3.97643e-10 1.42429e-06 0.000616663 0.0322739 0.204174 0.156602 0.0439408 0.224431 0.207199 0.0449323 0.0505148 0.018362 0.00966329 0.0044686 0.00196578 0.000518298 0.000170992 8.55607e-05 5.90988e-05 1.99801e-05
 2.56311e-27 2.58793e-27 3.23897e-26 6.29279e-20 1.5426e-14 4.571e-10 1.63726e-06 0.000708869 0.0370997 0.234703 0.179905 0.0433849 0.203829 0.188091 0.0398106 0.043616 0.0158358 0.00816899 0.00304156 0.00122708 0.000434781 9.95458e-05 2.62241e-05 1.2878e-05 4.05353e-06
 2.56291e-27 2.58727e-27 3.16825e-26 6.14355e-20 1.50602e-14 4.4626e-10 1.59843e-06 0.000692058 0.0362198 0.229137 0.175674 0.0446184 0.216188 0.199289 0.0380594 0.0367641 0.0131614 0.00655207 0.00241811 0.000879243 0.000259762 6.97759e-05 1.22405e-05 2.99729e-06 7.80511e-07
 2.56311e-27 2.58775e-27 3.20655e-26 6.22432e-20 1.52582e-14 4.52127e-10 1.61944e-06 0.000701157 0.036696 0.23215 0.177977 0.0448093 0.216023 0.199102 0.0374391 0.0353501 0.0120219 0.00506172 0.00180694 0.000637279 0.00017433 4.00566e-05 7.06716e-06 9.16387e-07 1.46902e-07
 2.56483e-27 2.59239e-27 3.61212e-26 7.07991e-20 1.73555e-14 5.14276e-10 1.84205e-06 0.000797537 0.0417402 0.26406 0.202331 0.0439693 0.19252 0.177346 0.0323451 0.0291893 0.00984592 0.00400989 0.00130963 0.000402818 0.000105234 2.2275e-05 3.43359e-06 3.55293e-07 2.86083e-08
 2.56571e-27 2.59469e-27 3.80826e-26 7.49364e-20 1.83698e-14 5.44329e-10 1.94969e-06 0.000844143 0.0441794 0.279491 0.214114 0.0440204 0.18463 0.169931 0.0286239 0.0225459 0.00747893 0.00287597 0.000921237 0.00026727 6.04681e-05 1.16977e-05 1.6322e-06 1.43481e-07 7.29651e-09
 2.56517e-27 2.59318e-27 3.66986e-26 7.20167e-20 1.7654e-14 5.2312e-10 1.87373e-06 0.000811253 0.0424581 0.268602 0.205811 0.0447982 0.196383 0.180706 0.0292569 0.0212576 0.00678741 0.00221237 0.000679355 0.000187264 4.02444e-05 6.83073e-06 8.41221e-07 6.51349e-08 2.57736e-09
 2.56491e-27 2.59247e-27 3.60707e-26 7.0692e-20 1.73293e-14 5.13498e-10 1.83926e-06 0.000796331 0.0416771 0.263661 0.202042 0.044982 0.20043 0.184448 0.0300602 0.0221407 0.00694693 0.00205707 0.000584893 0.000139708 2.81819e-05 4.48458e-06 4.84137e-07 3.24538e-08 1.09167e-09
 2.56661e-27 2.59708e-27 4.01452e-26 7.92876e-20 1.94364e-14 5.75935e-10 2.0629e-06 0.000893158 0.0467447 0.29572 0.226502 0.0437659 0.17399 0.16005 0.0257457 0.0184408 0.00579985 0.0017419 0.000480025 0.000103554 1.822e-05 2.60197e-06 2.58298e-07 1.50568e-08 4.33114e-10
 2.56682e-27 2.59758e-27 4.05366e-26 8.0113e-20 1.96387e-14 5.81931e-10 2.08438e-06 0.000902457 0.0472313 0.298799 0.228859 0.0441253 0.175069 0.160936 0.0239246 0.0140582 0.00437775 0.00127401 0.000351478 7.58941e-05 1.23631e-05 1.53224e-06 1.32601e-07 6.94354e-09 1.72416e-10
 2.56484e-27 2.59218e-27 3.57116e-26 6.99341e-20 1.71435e-14 5.07993e-10 1.81954e-06 0.000787793 0.0412303 0.260834 0.199898 0.0458837 0.208798 0.191994 0.0282206 0.0160273 0.00482026 0.0011301 0.000299103 6.29758e-05 1.02533e-05 1.20394e-06 9.00302e-08 4.05079e-09 8.86369e-11
 2.5638e-27 2.5894e-27 3.33175e-26 6.48837e-20 1.59055e-14 4.71307e-10 1.68814e-06 0.000730902 0.0382528 0.241998 0.185518 0.0461002 0.220549 0.202959 0.0323593 0.0227053 0.00682742 0.00154096 0.000380236 6.6359e-05 1.02761e-05 1.18867e-06 8.45494e-08 3.29123e-09 6.14589e-11
 2.565e-27 2.59268e-27 3.62147e-26 7.09957e-20 1.74037e-14 5.15704e-10 1.84717e-06 0.000799752 0.0418561 0.264794 0.202911 0.0452308 0.201713 0.185567 0.0290976 0.0196583 0.00611609 0.00173344 0.000438227 7.26309e-05 9.73498e-06 9.91889e-07 6.82997e-08 2.51122e-09 4.06956e-11
 2.56669e-27 2.59721e-27 4.01792e-26 7.93588e-20 1.94539e-14 5.76453e-10 2.06476e-06 0.000893961 0.0467867 0.295986 0.226716 0.0444536 0.179073 0.164581 0.0236766 0.0125708 0.00386144 0.00105192 0.000282421 5.66775e-05 7.60625e-06 6.89718e-07 4.07245e-08 1.41075e-09 2.13943e-11
 2.56641e-27 2.59642e-27 3.94508e-26 7.78222e-20 1.90772e-14 5.65291e-10 2.02478e-06 0.000876651 0.0458808 0.290255 0.222347 0.0449075 0.185597 0.170552 0.0238398 0.0114307 0.003376 0.000712183 0.000181279 3.58765e-05 5.49938e-06 5.49691e-07 2.96318e-08 8.80114e-10 1.22979e-11
 2.56675e-27 2.59733e-27 4.02473e-26 7.95024e-20 1.9489e-14 5.77495e-10 2.06849e-06 0.000895578 0.0468713 0.296521 0.227129 0.0447421 0.180978 0.166274 0.0227965 0.010126 0.00294886 0.00056048 0.000130427 2.06169e-05 2.99391e-06 3.219e-07 1.95802e-08 5.49939e-10 6.64957e-12
 2.56752e-27 2.59942e-27 4.21008e-26 8.34125e-20 2.04476e-14 6.05898e-10 2.17023e-06 0.000939625 0.0491766 0.311105 0.238256 0.0441698 0.168805 0.155046 0.0208839 0.00859016 0.00247597 0.000436684 9.76763e-05 1.38005e-05 1.67973e-06 1.55527e-07 9.81367e-09 3.064e-10 3.59852e-12
 2.56771e-27 2.59992e-27 4.25312e-26 8.43204e-20 2.06701e-14 6.12493e-10 2.19385e-06 0.000949852 0.0497118 0.314491 0.240842 0.0441645 0.166949 0.153303 0.0200417 0.00710798 0.00202341 0.000331727 7.18069e-05 9.42909e-06 1.05668e-06 8.25509e-08 4.34997e-09 1.35621e-10 1.73251e-12
 2.56798e-27 2.60068e-27 4.32072e-26 8.57467e-20 2.10198e-14 6.22853e-10 2.23096e-06 0.000965919 0.0505527 0.31981 0.244899 0.0438823 0.16195 0.14871 0.0195915 0.00723575 0.00203887 0.000292022 6.00937e-05 7.35657e-06 7.77212e-07 5.53318e-08 2.47952e-09 6.42718e-11 7.95995e-13
 2.56816e-27 2.60116e-27 4.36249e-26 8.66278e-20 2.12358e-14 6.29253e-10 2.25388e-06 0.000975844 0.0510722 0.323097 0.247408 0.043871 0.160102 0.146976 0.0187706 0.00580154 0.00162768 0.00024152 4.90407e-05 5.2963e-06 5.19412e-07 3.4245e-08 1.39481e-09 3.08019e-11 3.18723e-13
 2.56832e-27 2.6016e-27 4.40151e-26 8.74508e-20 2.14375e-14 6.35232e-10 2.27529e-06 0.000985115 0.0515574 0.326166 0.249749 0.0436999 0.157155 0.14427 0.0185423 0.00596086 0.0016552 0.000210345 4.09412e-05 4.53447e-06 4.21212e-07 2.46416e-08 9.19162e-10 1.83194e-11 1.61963e-13
 2.56847e-27 2.602e-27 4.43758e-26 8.82119e-20 2.16241e-14 6.4076e-10 2.29509e-06 0.000993688 0.0520061 0.329005 0.251915 0.0435641 0.1546 0.141919 0.0182399 0.00586336 0.0016321 0.000214308 4.11616e-05 3.96635e-06 3.55926e-07 2.0557e-08 6.8903e-10 1.23247e-11 9.77417e-14
 2.56821e-27 2.60129e-27 4.37322e-26 8.6854e-20 2.12912e-14 6.30897e-10 2.25977e-06 0.000978393 0.0512056 0.323941 0.248053 0.0438867 0.159768 0.146657 0.0185137 0.00529544 0.0014661 0.000192525 3.71601e-05 3.66825e-06 3.11324e-07 1.61041e-08 5.26536e-10 8.6715e-12 6.12079e-14
 2.56798e-27 2.60064e-27 4.31417e-26 8.56084e-20 2.09859e-14 6.21848e-10 2.22736e-06 0.00096436 0.0504711 0.319294 0.24451 0.044162 0.164352 0.150864 0.01884 0.00498018 0.00136386 0.000162378 3.02785e-05 2.99041e-06 2.56766e-07 1.31401e-08 3.89142e-10 6.02682e-12 3.96998e-14
 2.56817e-27 2.60119e-27 4.36543e-26 8.66897e-20 2.12509e-14 6.29703e-10 2.25549e-06 0.000976542 0.0511087 0.323328 0.247584 0.0438152 0.159553 0.146483 0.0189222 0.00626872 0.00172806 0.000192938 3.4591e-05 3.12181e-06 2.59056e-07 1.33188e-08 3.93972e-10 5.67956e-12 3.45329e-14
 2.5671e-27 2.59827e-27 4.1062e-26 8.12211e-20 1.99104e-14 5.8998e-10 2.11321e-06 0.000914938 0.0478846 0.302931 0.232023 0.0446866 0.177117 0.162669 0.0213923 0.00782743 0.00219456 0.000295577 5.62415e-05 4.77682e-06 3.71332e-07 1.76399e-08 5.14591e-10 7.40974e-12 4.28037e-14
#obs catch len freq
 5.96773e-42 8.28282e-34 1.38961e-26 2.81811e-20 6.90827e-15 2.04705e-10 7.33219e-07 0.000317458 0.0166145 0.105109 0.0810279 0.0423835 0.227096 0.191768 0.131921 0.127546 0.0521432 0.0194581 0.00411139 0.000479435 2.29225e-05 3.28198e-07 1.05787e-09 6.24498e-13 5.90569e-17
 6.77198e-42 9.39906e-34 1.57689e-26 3.1979e-20 7.83927e-15 2.32292e-10 8.32032e-07 0.000360241 0.0188536 0.119275 0.0919551 0.0460691 0.229844 0.184657 0.12977 0.115193 0.0453849 0.0154159 0.00291782 0.00029245 1.1376e-05 1.25481e-07 2.99845e-10 1.28221e-13 8.66648e-18
 1.02792e-41 1.42668e-33 2.39355e-26 4.85408e-20 1.18992e-14 3.52595e-10 1.26294e-06 0.000546809 0.0286178 0.181046 0.139191 0.0480163 0.201557 0.153948 0.110658 0.0899692 0.0340556 0.0104818 0.00175759 0.000148595 4.65128e-06 3.93768e-08 6.96505e-11 2.15572e-14 1.04114e-18
 8.81572e-42 1.22356e-33 2.05278e-26 4.163e-20 1.02051e-14 3.02396e-10 1.08313e-06 0.000468959 0.0245435 0.155272 0.119847 0.0600448 0.262089 0.182929 0.0957952 0.0675093 0.0239227 0.0065518 0.000956814 6.71335e-05 1.66243e-06 1.07041e-08 1.39855e-11 3.13374e-15 1.08208e-19
 1.21364e-41 1.68445e-33 2.82602e-26 5.73112e-20 1.40492e-14 4.16302e-10 1.49113e-06 0.000645607 0.0337885 0.213758 0.164407 0.0539869 0.193654 0.135914 0.11051 0.0706981 0.0181019 0.00400684 0.000498067 2.85149e-05 5.50413e-07 2.66283e-09 2.55266e-12 4.13356e-16 1.02107e-20
 1.28384e-41 1.78189e-33 2.98949e-26 6.06262e-20 1.48618e-14 4.40382e-10 1.57738e-06 0.00068295 0.0357429 0.226123 0.174164 0.0635974 0.220046 0.137633 0.0770886 0.0465297 0.0152912 0.00284045 0.000247548 1.09085e-05 1.61222e-07 5.79255e-10 4.03886e-13 4.69993e-17 8.28413e-22
 1.16945e-41 1.62311e-33 2.72311e-26 5.52241e-20 1.35375e-14 4.01142e-10 1.43683e-06 0.000622096 0.032558 0.205976 0.159066 0.0695775 0.23563 0.143148 0.0932334 0.0472692 0.0108299 0.00192468 0.000158264 4.8717e-06 5.04619e-08 1.31397e-10 6.59849e-14 5.48106e-18 6.85908e-23
 1.44848e-41 2.01039e-33 3.37285e-26 6.84007e-20 1.67676e-14 4.96855e-10 1.77965e-06 0.000770529 0.0403264 0.255121 0.19652 0.0646846 0.184952 0.112693 0.0902095 0.0433027 0.00998566 0.00134507 8.51954e-05 2.24188e-06 1.65995e-08 2.90044e-11 1.00875e-14 5.89923e-19 5.20694e-24
 1.67427e-41 2.32377e-33 3.89861e-26 7.9063e-20 1.93814e-14 5.74305e-10 2.05707e-06 0.00089064 0.0466125 0.29489 0.227094 0.0687374 0.174881 0.0946649 0.058362 0.026357 0.0066313 0.00083351 4.22901e-05 8.03625e-07 4.54492e-09 5.72111e-12 1.33689e-15 5.24915e-20 3.17764e-25
 1.64122e-41 2.27791e-33 3.82167e-26 7.75026e-20 1.89989e-14 5.62971e-10 2.01647e-06 0.000873062 0.0456926 0.289073 0.223105 0.077183 0.19056 0.0960307 0.0536202 0.0196998 0.00371197 0.000428129 2.0233e-05 3.03511e-07 1.21357e-09 1.08744e-12 1.81507e-16 4.91828e-21 2.00365e-26
 1.5586e-41 2.16323e-33 3.62927e-26 7.36008e-20 1.80424e-14 5.34629e-10 1.91495e-06 0.000829108 0.0433922 0.274523 0.212467 0.0839029 0.199135 0.10003 0.0623156 0.0200739 0.00306137 0.00025763 9.4287e-06 1.2023e-07 3.76205e-10 2.3925e-13 2.75622e-17 5.20629e-22 1.48286e-27
 1.51886e-41 2.10808e-33 3.53674e-26 7.17243e-20 1.75824e-14 5.20998e-10 1.86613e-06 0.000807969 0.0422859 0.267528 0.2076 0.0891866 0.19932 0.101236 0.0681364 0.0206112 0.0030734 0.000207511 5.32791e-06 4.80394e-08 1.15182e-10 5.61561e-14 4.69349e-18 6.16579e-23 1.20615e-28
 1.92682e-41 2.67429e-33 4.48668e-26 9.0989e-20 2.23049e-14 6.60934e-10 2.36736e-06 0.00102498 0.0536436 0.339378 0.261979 0.0761926 0.135955 0.0691686 0.0471144 0.0134432 0.00197485 0.000120322 2.52892e-06 1.59246e-08 2.55882e-11 8.79562e-15 5.39535e-19 5.19292e-24 7.26961e-30
 1.62576e-41 2.25645e-33 3.78566e-26 7.67724e-20 1.88199e-14 5.57667e-10 1.99747e-06 0.000864837 0.0452621 0.286369 0.223474 0.107272 0.205522 0.082535 0.037611 0.00968096 0.00133315 7.35362e-05 1.35794e-06 6.84073e-09 7.84672e-12 1.7966e-15 7.36951e-20 4.91092e-25 4.8927e-31
 1.33714e-41 1.85586e-33 3.1136e-26 6.31431e-20 1.54788e-14 4.58665e-10 1.64286e-06 0.000711303 0.0372268 0.235547 0.185973 0.120024 0.22554 0.11247 0.0679866 0.0132311 0.00123018 5.69096e-05 9.10425e-07 3.83078e-09 3.46629e-12 5.82448e-16 1.6472e-20 7.33144e-26 4.87804e-32
 1.21969e-41 1.69285e-33 2.84011e-26 5.75969e-20 1.41192e-14 4.18377e-10 1.49856e-06 0.000648825 0.0339569 0.214872 0.171096 0.124249 0.220346 0.129023 0.0851178 0.0187142 0.0019115 6.23515e-05 6.9225e-07 2.29192e-09 1.65245e-12 2.1528e-16 4.5518e-21 1.45745e-26 6.74657e-33
 1.62916e-41 2.26117e-33 3.79358e-26 7.6933e-20 1.88592e-14 5.58833e-10 2.00165e-06 0.000866645 0.0453568 0.286988 0.225225 0.104507 0.157306 0.0986464 0.0639784 0.0153487 0.0017159 5.87426e-05 5.52013e-07 1.24388e-09 6.29658e-13 6.12972e-17 9.80166e-22 2.34829e-27 7.99882e-34
 1.48357e-41 2.0591e-33 3.45456e-26 7.00578e-20 1.71738e-14 5.08893e-10 1.82277e-06 0.000789197 0.0413035 0.261382 0.209076 0.140278 0.202276 0.0893692 0.0440625 0.0102861 0.0011351 4.01141e-05 3.74905e-07 7.4454e-10 2.79415e-13 1.84841e-17 2.04185e-22 3.50774e-28 8.73412e-35
 1.54538e-41 2.14488e-33 3.59848e-26 7.29764e-20 1.78893e-14 5.30093e-10 1.89871e-06 0.000822075 0.0430242 0.27228 0.21774 0.133728 0.178673 0.0989221 0.0468527 0.00732694 0.000609793 1.96337e-05 1.72506e-07 3.17895e-10 1.04348e-13 5.51351e-18 4.43348e-23 5.24609e-29 8.91324e-36
 1.53041e-41 2.12411e-33 3.56363e-26 7.22698e-20 1.77161e-14 5.2496e-10 1.88032e-06 0.000814115 0.0426077 0.269681 0.218075 0.147993 0.18291 0.091524 0.0394974 0.00645513 0.000431972 9.29549e-06 6.3253e-08 9.94122e-11 2.81142e-14 1.25642e-18 8.24909e-24 7.61137e-30 9.60363e-37
 1.64587e-41 2.28436e-33 3.83249e-26 7.77222e-20 1.90527e-14 5.64566e-10 2.02218e-06 0.000875535 0.0458223 0.290039 0.234254 0.143321 0.162222 0.0852254 0.0332526 0.004697 0.000283228 5.19904e-06 2.48206e-08 2.70968e-11 5.8275e-15 2.07812e-19 1.09875e-24 8.11133e-31 8.07551e-38
 1.59431e-41 2.2128e-33 3.71244e-26 7.52875e-20 1.84558e-14 5.4688e-10 1.95884e-06 0.000848109 0.044387 0.281024 0.230839 0.161936 0.170277 0.0795411 0.0273726 0.00358747 0.000183291 2.77661e-06 1.07609e-08 8.65583e-12 1.27322e-15 3.1509e-20 1.21296e-25 6.75102e-32 5.14758e-39
 1.64593e-41 2.28444e-33 3.83262e-26 7.77248e-20 1.90533e-14 5.64585e-10 2.02225e-06 0.000875565 0.0458241 0.290161 0.239262 0.160787 0.158424 0.0782693 0.0237504 0.0025355 0.000107269 1.33543e-06 4.06894e-09 2.52644e-12 2.78215e-16 4.9012e-21 1.29669e-26 4.9489e-33 2.6386e-40
 1.64837e-41 2.28783e-33 3.8383e-26 7.784e-20 1.90816e-14 5.65422e-10 2.02525e-06 0.000876862 0.0458922 0.290675 0.242827 0.170566 0.155707 0.0716766 0.0197498 0.00195846 6.76886e-05 6.50293e-07 1.53162e-09 7.24891e-13 5.97564e-17 7.79354e-22 1.50469e-27 4.10279e-34 1.52987e-41
 1.68357e-41 2.33668e-33 3.92026e-26 7.95021e-20 1.9489e-14 5.77495e-10 2.06849e-06 0.000895586 0.0468724 0.296958 0.249974 0.172334 0.147659 0.0673734 0.0164632 0.0014264 4.24692e-05 3.3429e-07 5.96837e-10 2.08506e-13 1.26751e-17 1.21435e-22 1.71117e-28 3.38819e-35 9.1327e-43
 1.68016e-41 2.33196e-33 3.91234e-26 7.93415e-20 1.94496e-14 5.76328e-10 2.06431e-06 0.000893778 0.0467782 0.296494 0.253667 0.182064 0.145051 0.0609957 0.013056 0.00097468 2.37185e-05 1.49855e-07 2.10305e-10 5.54456e-14 2.45588e-18 1.69223e-23 1.71445e-29 2.44411e-36 4.74139e-44
 1.46802e-41 2.03752e-33 3.41836e-26 6.93236e-20 1.69939e-14 5.03559e-10 1.80367e-06 0.000780927 0.0408729 0.259411 0.234539 0.214463 0.167362 0.0687712 0.0129575 0.000824947 1.64493e-05 8.22292e-08 8.86802e-11 1.77151e-14 5.86132e-19 2.95991e-24 2.15968e-30 2.19445e-37 3.02384e-45
 1.5014e-41 2.08384e-33 3.49607e-26 7.08996e-20 1.73802e-14 5.15007e-10 1.84467e-06 0.00079868 0.0418019 0.265205 0.235426 0.197502 0.166692 0.0776192 0.014125 0.00081414 1.40455e-05 5.91861e-08 5.30315e-11 8.70508e-15 2.35126e-19 9.67053e-25 5.73283e-31 4.71047e-38 5.21509e-46
 1.56061e-41 2.16603e-33 3.63396e-26 7.36961e-20 1.80657e-14 5.3532e-10 1.91743e-06 0.000830182 0.0434505 0.275618 0.242642 0.193579 0.157578 0.0712831 0.0141192 0.000882865 1.47577e-05 5.63847e-08 4.44878e-11 6.35914e-15 1.49001e-19 5.30696e-25 2.72178e-31 1.93496e-38 1.85463e-46
#spawning biomass
 17825.2 20496.2 22546 24614.1 28721.7 34908.6 37791.3 44985.8 63962.9 87330.2 105214 135447 188518 216989 199909 160759 146956 150729 141581 139985 144004 156036 161120 178536 201943 206412 195183 215752 279342 373687 192019 41735.8 16742.8 13225.9 12779.4 12726.4 12720.5 12719.8 12719.7 12719.7 12719.7 12719.7 12719.7 12719.7 12719.7 12719.7 12719.7 12719.7 12719.7 12719.7 12719.7 12719.7 12719.7 12719.7 12719.7 12719.7 12719.7 12719.7 12719.7 12719.7 12719.7 12719.7 12719.7 12719.7 12719.7 12719.7 12719.7 12719.7 12719.7 12719.7 12719.7 12719.7 12719.7 12719.7 12719.7 12719.7 12719.7 12719.7 12719.7 12719.7 12719.7 12719.7 12719.7 12719.7 12719.7 12719.7 12719.7 12719.7 12719.7 12719.7 12719.7 12719.7 12719.7 12719.7 12719.7 12719.7 12719.7 12719.7 12719.7 12719.7 12719.7 12719.7 12719.7 12719.7 12719.7 12719.7 12719.7 12719.7 12719.7 12719.7 12719.7 12719.7 12719.7 12719.7 12719.7 12719.7 12719.7 12719.7 12719.7 12719.7 12719.7 12719.7 12719.7 12719.7 12719.7 12719.7 12719.7 12719.7 12719.7 0 0 0 0 0 0 0 0 0 0 0 0 0 0 0 0 0 0 0 0 0 0 0 0 0
