SBPRF35
0.0447541
Curr Bio
380383
B35
154046
F35
12.5026
FOFL
12.5026
OFL
357314
Bzero
12706
#pred survey bio
 9452.07 8475.96 5853.46 6409.11 9879.19 15768.8 24236.7 35054.6 53360.7 75873.7 102487 153122 200456 211545 191523 155404 150403 160189 164990 162324 172914 189699 205345 247851 277877 255723 241407 243551 242140 4.88451e+06 1.57643e+06 420672 190841 114757 89529.9 81286.8 78634.1 77791.4 77526.5 77443.9 77418.4 77410.5 77408.1 77407.3 77407.1 77407 77407 77407 77407 77407 77407 77407 77407 77407 77407 77407 77407 77407 77407 77407 77407 77407 77407 77407 77407 77407 77407 77407 77407 77407 77407 77407 77407 77407 77407 77407 77407 77407 77407 77407 77407 77407 77407 77407 77407 77407 77407 77407 77407 77407 77407 77407 77407 77407 77407 77407 77407 77407 77407 77407 77407 77407 77407 77407 77407 77407 77407 77407 77407 77407 77407 77407 77407 77407 77407 77407 77407 77407 77407 77407 77407 77407 77407 77407 77407 77407 77407 77407 77407 0 0 0 0 0 0 0 0 0 0 0 0 0 0 0 0 0 0 0 0 0 0 0 0 0
#obs survey bio
 6241.46 4901.62 3610.49 7853.19 9423.79 15843.2 31499 38906.8 56440.8 84370 94358.4 173450 194389 172376 185282 165469 151430 185512 129142 176223 176634 136766 193349 402679 394950 255595 215370 299738 226733
#pred catch bio
 2407.3 4062.02 3304.16 3647.56 5160.73 8016.45 14138.7 20064.9 30973.9 47341.9 59443.8 103559 153285 168044 163398 124657 122330 131464 146424 146704 150069 169560 174026 203765 243882 234931 238265 236927 263160 357314 19957.6 4787.11 4787.08 4787.08 4787.08 4787.08 4787.08 4787.08 4787.08 4787.08 4787.08 4787.08 4787.08 4787.08 4787.08 4787.08 4787.08 4787.08 4787.08 4787.08 4787.08 4787.08 4787.08 4787.08 4787.08 4787.08 4787.08 4787.08 4787.08 4787.08 4787.08 4787.08 4787.08 4787.08 4787.08 4787.08 4787.08 4787.08 4787.08 4787.08 4787.08 4787.08 4787.08 4787.08 4787.08 4787.08 4787.08 4787.08 4787.08 4787.08 4787.08 4787.08 4787.08 4787.08 4787.08 4787.08 4787.08 4787.08 4787.08 4787.08 4787.08 4787.08 4787.08 4787.08 4787.08 4787.08 4787.08 4787.08 4787.08 4787.08 4787.08 4787.08 4787.08 4787.08 4787.08 4787.08 4787.08 4787.08 4787.08 4787.08 4787.08 4787.08 4787.08 4787.08 4787.08 4787.08 4787.08 4787.08 4787.08 4787.08 4787.08 4787.08 4787.08 4787.08 4787.08 4787.08 4787.08 4787.08 4787.08 0 0 0 0 0 0 0 0 0 0 0 0 0 0 0 0 0 0 0 0 0 0 0 0 0
#obs catch bio
 4183.36 4701.81 4045.46 3723.16 5172.5 7874.54 13889.6 19743.7 30222.8 46713.3 56931.9 99750 146108 168194 167673 117507 121821 124880 145142 150601 145833 169029 164486 183477 202798 215796 233350 221479 266848
#pred cpue bio
 9141.44 8626.99 5746.76 5732.48 9001.35 14310 22322.7 31780.9 48526 69953.6 93544.6 139014 184004 198434 181622 146464 139002 146536 153506 146662 156648 172491 184928 222680 257037 237540 218230 216713 220833 4.2779e+06 1.81014e+06 414917 180561 104347 79116.7 70873.5 68220.7 67378 67113.1 67030.6 67005 66997.1 66994.7 66994 66993.8 66993.7 66993.7 66993.7 66993.7 66993.7 66993.7 66993.7 66993.7 66993.7 66993.7 66993.7 66993.7 66993.7 66993.7 66993.7 66993.7 66993.7 66993.7 66993.7 66993.7 66993.7 66993.7 66993.7 66993.7 66993.7 66993.7 66993.7 66993.7 66993.7 66993.7 66993.7 66993.7 66993.7 66993.7 66993.7 66993.7 66993.7 66993.7 66993.7 66993.7 66993.7 66993.7 66993.7 66993.7 66993.7 66993.7 66993.7 66993.7 66993.7 66993.7 66993.7 66993.7 66993.7 66993.7 66993.7 66993.7 66993.7 66993.7 66993.7 66993.7 66993.7 66993.7 66993.7 66993.7 66993.7 66993.7 66993.7 66993.7 66993.7 66993.7 66993.7 66993.7 66993.7 66993.7 66993.7 66993.7 66993.7 66993.7 66993.7 66993.7 66993.7 66993.7 66993.7 66993.7 0 0 0 0 0 0 0 0 0 0 0 0 0 0 0 0 0 0 0 0 0 0 0 0 0
#obs cpue bio
 6787.69 6324.81 5757.45 5484.88 9760.91 15254.3 21453.8 27636 49487.2 69948.2 123678 147679 238470 185844 204920 179133 134600 160965 192550 115040 184799 237086 275477 241232 430264 241536 266318 228518 208462
#pred surv len freq
 1.41182e-11 1.53307e-09 9.81487e-08 3.70462e-06 8.24411e-05 0.00108166 0.00836808 0.0381889 0.103043 0.166277 0.169425 0.133085 0.110764 0.0930217 0.064345 0.0395241 0.0245741 0.0154495 0.00994693 0.00675687 0.00493899 0.00394492 0.00328673 0.00247088 0.00142105
 1.12626e-11 1.22299e-09 7.82967e-08 2.95531e-06 6.57666e-05 0.000862907 0.0066765 0.0304878 0.0825184 0.135217 0.147435 0.14076 0.14597 0.131286 0.0856603 0.044616 0.022504 0.0115464 0.00599458 0.00326137 0.00192046 0.00126632 0.0009231 0.000652959 0.000371495
 1.366e-11 1.48332e-09 9.49633e-08 3.58439e-06 7.97657e-05 0.00104657 0.00809685 0.036958 0.0998143 0.161818 0.168396 0.14132 0.127835 0.109586 0.0719326 0.0384775 0.0192213 0.00882939 0.00369151 0.00152736 0.000670151 0.000329244 0.00018844 0.000115749 6.21399e-05
 1.80735e-11 1.96256e-09 1.25645e-07 4.74248e-06 0.000105537 0.00138468 0.0107117 0.0488712 0.131685 0.211036 0.208153 0.145498 0.0988359 0.0710031 0.041493 0.0185873 0.00757063 0.00311927 0.00123958 0.000456638 0.000156383 5.36113e-05 2.08218e-05 9.5794e-06 4.44088e-06
 1.74712e-11 1.89716e-09 1.21458e-07 4.58444e-06 0.00010202 0.00133854 0.0103549 0.0472476 0.127365 0.204554 0.203844 0.148011 0.107549 0.0796387 0.044862 0.0174719 0.00537023 0.00159633 0.00048325 0.000146157 4.34659e-05 1.21944e-05 3.283e-06 9.55803e-07 3.17837e-07
 1.75949e-11 1.9106e-09 1.22318e-07 4.61691e-06 0.000102743 0.00134802 0.0104282 0.0475811 0.128251 0.205875 0.204676 0.147351 0.105565 0.077827 0.0444479 0.0181044 0.00600547 0.00182049 0.000477461 0.000106541 2.23777e-05 4.73175e-06 9.86972e-07 1.98817e-07 4.09359e-08
 1.70374e-11 1.85006e-09 1.18442e-07 4.47061e-06 9.9487e-05 0.00130531 0.0100979 0.0460767 0.124232 0.199717 0.199939 0.147611 0.110436 0.0835362 0.0480466 0.0196113 0.00654553 0.00202835 0.000555481 0.000128001 2.49778e-05 4.12945e-06 6.01664e-07 8.31435e-08 1.12495e-08
 1.76376e-11 1.91524e-09 1.22615e-07 4.62811e-06 0.000102992 0.00135129 0.0104535 0.0476964 0.128561 0.206362 0.205111 0.147531 0.105489 0.077568 0.0440434 0.0176722 0.00572497 0.00172572 0.000468188 0.000108998 2.18527e-05 3.67497e-06 5.02142e-07 5.56232e-08 5.16903e-09
 1.75326e-11 1.90383e-09 1.21885e-07 4.60055e-06 0.000102379 0.00134324 0.0103913 0.0474132 0.127806 0.205217 0.204293 0.147784 0.10672 0.0788578 0.0446496 0.0176813 0.00556865 0.00162195 0.000426581 9.63849e-05 1.892e-05 3.17504e-06 4.39482e-07 4.86918e-08 4.20465e-09
 1.70155e-11 1.84768e-09 1.1829e-07 4.46487e-06 9.93592e-05 0.00130363 0.010085 0.0460179 0.124079 0.19951 0.199918 0.148077 0.111323 0.0842288 0.04801 0.0190426 0.00599442 0.00173583 0.000449084 9.85468e-05 1.86615e-05 3.02823e-06 4.08892e-07 4.48296e-08 3.87005e-09
 1.7399e-11 1.88932e-09 1.20956e-07 4.56548e-06 0.000101598 0.001333 0.0103122 0.0470526 0.126843 0.203746 0.203182 0.147915 0.107995 0.0803052 0.045501 0.0179611 0.00560951 0.00161138 0.000414959 9.06054e-05 1.69507e-05 2.68679e-06 3.51118e-07 3.72034e-08 3.12539e-09
 1.75918e-11 1.91025e-09 1.22296e-07 4.61607e-06 0.000102724 0.00134777 0.0104264 0.0475727 0.128231 0.205865 0.204771 0.147689 0.106102 0.0781899 0.044308 0.0176268 0.00559565 0.00163247 0.000422178 9.17648e-05 1.70463e-05 2.68219e-06 3.46556e-07 3.59946e-08 2.9392e-09
 1.72075e-11 1.86852e-09 1.19625e-07 4.51523e-06 0.00010048 0.00131833 0.0101987 0.0465362 0.125468 0.201674 0.201758 0.148562 0.110518 0.0828269 0.0464951 0.0176892 0.0050975 0.00133764 0.000329113 7.12414e-05 1.33387e-05 2.10357e-06 2.70593e-07 2.78825e-08 2.25076e-09
 1.63718e-11 1.77778e-09 1.13815e-07 4.29596e-06 9.56005e-05 0.00125432 0.00970368 0.0442818 0.11945 0.192487 0.194854 0.149489 0.118648 0.091962 0.0517252 0.0192431 0.00521777 0.00124356 0.000276275 5.37967e-05 9.18724e-06 1.38209e-06 1.75963e-07 1.81485e-08 1.4626e-09
 1.59125e-11 1.7279e-09 1.10622e-07 4.17542e-06 9.29181e-05 0.00121913 0.00943153 0.0430423 0.116139 0.187417 0.190969 0.149754 0.122745 0.096741 0.054714 0.0204508 0.0055897 0.00133674 0.000290452 5.31078e-05 8.19894e-06 1.09929e-06 1.26151e-07 1.21096e-08 9.43529e-10
 1.61861e-11 1.75762e-09 1.12524e-07 4.24723e-06 9.4516e-05 0.00124009 0.00959365 0.0437808 0.118113 0.190454 0.193366 0.149824 0.120651 0.094121 0.0528309 0.0194062 0.00508497 0.00114489 0.00023914 4.31729e-05 6.58199e-06 8.47767e-07 8.98731e-08 7.7497e-09 5.41814e-10
 1.69596e-11 1.8416e-09 1.17901e-07 4.45018e-06 9.90324e-05 0.00129934 0.0100519 0.0458675 0.123684 0.198963 0.199779 0.149029 0.113225 0.0857441 0.0479925 0.0179047 0.0048913 0.00116481 0.000249143 4.39572e-05 6.39627e-06 7.92345e-07 8.18786e-08 6.82807e-09 4.48958e-10
 1.73553e-11 1.88458e-09 1.20652e-07 4.55402e-06 0.000101343 0.00132966 0.0102863 0.0469354 0.126538 0.203344 0.20319 0.148977 0.109963 0.0818021 0.0453371 0.0166119 0.00435229 0.000980479 0.000204856 3.69102e-05 5.57472e-06 7.00659e-07 7.0924e-08 5.69484e-09 3.61007e-10
 1.67136e-11 1.81489e-09 1.16191e-07 4.38564e-06 9.75961e-05 0.0012805 0.00990615 0.0452041 0.121915 0.196278 0.197839 0.149554 0.116 0.088677 0.0494024 0.0179873 0.00461372 0.00100015 0.000199954 3.43748e-05 4.96948e-06 6.14032e-07 6.30197e-08 5.161e-09 3.27335e-10
 1.78093e-11 1.93388e-09 1.23809e-07 4.67315e-06 0.000103994 0.00136444 0.0105553 0.0481606 0.129812 0.208368 0.207097 0.148904 0.106202 0.0772738 0.0423115 0.0151604 0.0037483 0.000762666 0.000143634 2.36304e-05 3.26776e-06 3.84351e-07 3.76508e-08 2.98634e-09 1.87834e-10
 1.77214e-11 1.92433e-09 1.23197e-07 4.65008e-06 0.000103481 0.0013577 0.0105032 0.0479235 0.12918 0.207413 0.206424 0.149147 0.107278 0.0783773 0.0427909 0.0151113 0.00358015 0.000670205 0.000115334 1.76747e-05 2.28547e-06 2.52134e-07 2.33806e-08 1.76286e-09 1.05683e-10
 1.75855e-11 1.90958e-09 1.22253e-07 4.61443e-06 0.000102687 0.00134729 0.0104227 0.0475568 0.1282 0.205907 0.205241 0.149133 0.10835 0.0797007 0.04372 0.0156032 0.00380444 0.000749702 0.000133795 2.0163e-05 2.43852e-06 2.46053e-07 2.09865e-08 1.4706e-09 8.26426e-11
 1.79268e-11 1.94664e-09 1.24625e-07 4.70398e-06 0.00010468 0.00137344 0.0106249 0.0484777 0.13066 0.209673 0.208126 0.148933 0.105302 0.0761493 0.0415066 0.0147162 0.00353252 0.000677862 0.000119019 1.81717e-05 2.27387e-06 2.34812e-07 1.96391e-08 1.2923e-09 6.67997e-11
 1.80049e-11 1.95512e-09 1.25168e-07 4.72448e-06 0.000105136 0.00137942 0.0106712 0.0486884 0.131221 0.210526 0.208745 0.148775 0.104434 0.0752277 0.0410564 0.0146785 0.00360921 0.000723176 0.000131539 2.01954e-05 2.49357e-06 2.5516e-07 2.15635e-08 1.44868e-09 7.53032e-11
 1.69451e-11 1.84004e-09 1.17801e-07 4.4464e-06 9.89483e-05 0.00129824 0.0100433 0.045829 0.123585 0.19884 0.199829 0.149508 0.114068 0.0863593 0.0478663 0.0172631 0.00431729 0.000892136 0.000167902 2.66507e-05 3.41622e-06 3.60453e-07 3.07726e-08 2.05946e-09 1.06915e-10
 1.67844e-11 1.82259e-09 1.16684e-07 4.40422e-06 9.80097e-05 0.00128593 0.00994811 0.0453953 0.122427 0.197072 0.198497 0.149676 0.115616 0.0881029 0.0488701 0.0175705 0.00435386 0.000886631 0.00016568 2.65713e-05 3.4984e-06 3.82473e-07 3.38802e-08 2.3462e-09 1.2479e-10
 1.77947e-11 1.93229e-09 1.23707e-07 4.66931e-06 0.000103909 0.00136332 0.0105466 0.0481212 0.129707 0.208216 0.207016 0.14903 0.106512 0.0775426 0.042352 0.015029 0.00361349 0.000696327 0.000123371 1.91831e-05 2.48375e-06 2.7039e-07 2.42423e-08 1.72382e-09 9.48653e-11
 1.83395e-11 1.99145e-09 1.27495e-07 4.81229e-06 0.00010709 0.00140506 0.0108694 0.0495915 0.133636 0.214239 0.211669 0.14884 0.101842 0.0720027 0.0387597 0.0134267 0.00301668 0.000502944 7.51564e-05 1.04161e-05 1.25139e-06 1.2876e-07 1.11368e-08 7.78839e-10 4.28551e-11
 1.74902e-11 1.89923e-09 1.2159e-07 4.58943e-06 0.000102131 0.00134 0.0103663 0.0473 0.127517 0.204882 0.204564 0.149541 0.109735 0.0810365 0.0441666 0.0153368 0.00344334 0.000570324 8.30355e-05 1.07552e-05 1.14016e-06 1.00172e-07 7.58313e-09 4.85041e-10 2.52118e-11
#obs surv len freq
 1.27998e-11 1.38991e-09 8.89829e-08 3.35867e-06 7.47425e-05 0.000980662 0.007587 0.0346315 0.093541 0.151734 0.158362 0.134428 0.124862 0.112405 0.0810399 0.0495363 0.0277712 0.0138773 0.00601806 0.00224585 0.000697177 0.000169865 3.04406e-05 3.79163e-06 3.14755e-07
 5.40334e-12 5.86739e-10 3.75636e-08 1.41785e-06 3.1553e-05 0.000414044 0.00320531 0.0146769 0.0402637 0.0702313 0.095891 0.137601 0.187363 0.185583 0.128691 0.0714894 0.0366737 0.0173743 0.00717156 0.00247532 0.000687972 0.000147832 2.34478e-05 2.61438e-06 1.96221e-07
 1.83572e-11 1.99338e-09 1.27618e-07 4.81694e-06 0.000107194 0.00140641 0.0108795 0.0496294 0.133618 0.213211 0.205824 0.131985 0.076057 0.0557516 0.0467671 0.0360251 0.0223112 0.0106556 0.0040777 0.00128851 0.00032706 6.3276e-05 8.90131e-06 8.75435e-07 5.81679e-08
 1.56287e-11 1.69709e-09 1.08649e-07 4.10097e-06 9.12616e-05 0.0011974 0.00926393 0.042286 0.114192 0.184856 0.190284 0.152067 0.124735 0.0956671 0.0529528 0.0205868 0.00717026 0.00293703 0.00120412 0.000391348 9.4242e-05 1.66022e-05 2.09596e-06 1.83655e-07 1.08194e-08
 1.71687e-11 1.86432e-09 1.19355e-07 4.50507e-06 0.000100254 0.00131538 0.0101763 0.0464423 0.125299 0.201875 0.203273 0.150807 0.11034 0.0798499 0.0446196 0.0180448 0.00577445 0.00158071 0.000384634 8.92135e-05 1.906e-05 3.20744e-06 3.80713e-07 3.04976e-08 1.61532e-09
 1.57542e-11 1.71072e-09 1.09521e-07 4.1339e-06 9.19946e-05 0.00120703 0.00933876 0.0426338 0.115193 0.186801 0.1931 0.154695 0.125054 0.093682 0.0511736 0.0194924 0.00573318 0.00143754 0.000303254 5.17223e-05 7.2367e-06 8.53101e-07 8.18456e-08 5.82717e-09 2.8296e-10
 1.64755e-11 1.78904e-09 1.14536e-07 4.32317e-06 9.62066e-05 0.0012623 0.00976626 0.0445829 0.120418 0.194894 0.199507 0.154443 0.118103 0.0853927 0.0463616 0.0180134 0.00546374 0.00137008 0.000273702 4.19053e-05 4.90331e-06 4.37743e-07 2.95538e-08 1.49622e-09 5.56458e-11
 1.7006e-11 1.84666e-09 1.18224e-07 4.46239e-06 9.93049e-05 0.00130295 0.0100809 0.0460196 0.124293 0.20105 0.204983 0.155882 0.114747 0.0796368 0.0413888 0.0150988 0.00421081 0.000982387 0.000188983 2.82542e-05 3.15997e-06 2.57228e-07 1.48868e-08 6.03277e-10 1.69619e-11
 1.54005e-11 1.67231e-09 1.07063e-07 4.0411e-06 8.993e-05 0.00117998 0.0091305 0.0417019 0.112871 0.184187 0.194068 0.160935 0.131202 0.0943577 0.0482164 0.0167194 0.00427146 0.000889961 0.000152947 2.0676e-05 2.12663e-06 1.6183e-07 8.78418e-09 3.28562e-10 8.25755e-12
 1.57137e-11 1.70632e-09 1.0924e-07 4.12329e-06 9.17593e-05 0.00120399 0.00931652 0.0425547 0.115201 0.188032 0.197837 0.162339 0.129063 0.090197 0.04478 0.0149597 0.00360735 0.00069151 0.000107226 1.28638e-05 1.16035e-06 7.7585e-08 3.75172e-09 1.27048e-10 2.92433e-12
 1.65232e-11 1.79423e-09 1.14868e-07 4.33571e-06 9.64866e-05 0.00126602 0.00979644 0.0447444 0.121084 0.197211 0.205366 0.162859 0.122385 0.0813893 0.0385946 0.0120805 0.00262044 0.000436739 5.91151e-05 6.29819e-06 5.05218e-07 2.97695e-08 1.25915e-09 3.72352e-11 7.5172e-13
 1.65313e-11 1.7951e-09 1.14924e-07 4.33783e-06 9.6534e-05 0.00126666 0.00980188 0.0447771 0.121245 0.197836 0.206944 0.164933 0.123093 0.0800115 0.0366474 0.0108569 0.00214019 0.00030785 3.50621e-05 3.15752e-06 2.15264e-07 1.08236e-08 3.94295e-10 1.014e-11 1.78878e-13
 1.6445e-11 1.78573e-09 1.14324e-07 4.3152e-06 9.60309e-05 0.00126008 0.00975155 0.0445566 0.120732 0.197422 0.207609 0.166592 0.123936 0.0793597 0.035778 0.0105004 0.00206943 0.000297474 3.29469e-05 2.74945e-06 1.65412e-07 7.07465e-09 2.15613e-10 4.64531e-12 6.93044e-14
 1.23336e-11 1.33929e-09 8.57426e-08 3.23641e-06 7.20263e-05 0.000945246 0.0073196 0.033525 0.0916876 0.155159 0.181733 0.181256 0.164897 0.114002 0.0515137 0.0147096 0.00276356 0.000371725 3.83952e-05 3.0292e-06 1.74145e-07 7.07091e-09 1.99758e-10 3.86477e-12 5.03124e-14
 1.51444e-11 1.64451e-09 1.05283e-07 3.97396e-06 8.84389e-05 0.00116055 0.00898401 0.0410936 0.111773 0.185133 0.202098 0.174159 0.136899 0.0874463 0.0381327 0.0107205 0.00200807 0.000270279 2.7511e-05 2.07927e-06 1.11695e-07 4.17907e-09 1.08562e-10 1.94119e-12 2.34423e-14
 1.36381e-11 1.48093e-09 9.48111e-08 3.57872e-06 7.96451e-05 0.00104526 0.00809449 0.0370741 0.101317 0.170503 0.194694 0.181807 0.152028 0.0980484 0.0418143 0.0112591 0.00196764 0.000240135 2.20278e-05 1.53733e-06 7.84243e-08 2.81854e-09 6.99214e-11 1.17657e-12 1.31809e-14
 1.63724e-11 1.77785e-09 1.1382e-07 4.2962e-06 9.5611e-05 0.00125469 0.00971315 0.044429 0.120783 0.199299 0.213577 0.173904 0.124908 0.0733312 0.0296558 0.00763418 0.00125831 0.000140676 1.14806e-05 7.0515e-07 3.17281e-08 1.00988e-09 2.23745e-11 3.41488e-13 3.52879e-15
 1.45989e-11 1.58527e-09 1.01491e-07 3.83088e-06 8.52586e-05 0.00111898 0.00866647 0.0397033 0.108513 0.182176 0.204855 0.18242 0.141957 0.0856314 0.0344825 0.00877813 0.00143621 0.000160094 1.29387e-05 7.69182e-07 3.25255e-08 9.46748e-10 1.87703e-11 2.53056e-13 2.30212e-15
 1.48723e-11 1.61496e-09 1.03392e-07 3.90265e-06 8.68568e-05 0.00114 0.00883007 0.0404619 0.11063 0.185724 0.20801 0.18232 0.138226 0.0816431 0.0327201 0.00851874 0.0014841 0.000182951 1.63851e-05 1.03981e-06 4.49705e-08 1.30021e-09 2.5082e-11 3.22522e-13 2.74098e-15
 1.54475e-11 1.67742e-09 1.07391e-07 4.0536e-06 9.02172e-05 0.00118413 0.00917236 0.0420327 0.114898 0.192485 0.21346 0.181963 0.132248 0.0749775 0.0289257 0.00721649 0.00119216 0.000138564 1.18704e-05 7.44817e-07 3.29573e-08 9.95587e-10 2.00998e-11 2.66398e-13 2.28017e-15
 1.48363e-11 1.61106e-09 1.03143e-07 3.8933e-06 8.6653e-05 0.00113749 0.00881442 0.0404391 0.11092 0.187566 0.212421 0.186453 0.1375 0.0772319 0.0291264 0.00704921 0.00111859 0.000123078 9.84383e-06 5.73198e-07 2.35909e-08 6.68811e-10 1.28674e-11 1.65623e-13 1.40093e-15
 1.54346e-11 1.67603e-09 1.07302e-07 4.05034e-06 9.01493e-05 0.00118342 0.00917081 0.0420748 0.115356 0.194505 0.217692 0.185415 0.130976 0.0706958 0.0257763 0.0060353 0.000921119 9.63709e-05 7.24085e-06 3.93059e-07 1.50094e-08 3.92812e-10 6.94493e-12 8.20508e-14 6.39121e-16
 1.58774e-11 1.72411e-09 1.10381e-07 4.16658e-06 9.27383e-05 0.00121746 0.00943553 0.0432965 0.118709 0.199873 0.221969 0.184815 0.12589 0.0654907 0.0231112 0.00524164 0.00077142 7.70848e-05 5.4718e-06 2.78587e-07 9.93721e-09 2.41892e-10 3.95685e-12 4.30425e-14 3.07609e-16
 1.65121e-11 1.79303e-09 1.14794e-07 4.33317e-06 9.64474e-05 0.00126619 0.00981343 0.0450275 0.123369 0.206992 0.226947 0.183062 0.11901 0.0592111 0.0201199 0.00439854 0.000620102 5.86511e-05 3.89424e-06 1.84479e-07 6.1227e-09 1.38639e-10 2.1045e-12 2.11745e-14 1.39583e-16
 1.60044e-11 1.7379e-09 1.11265e-07 4.20007e-06 9.34907e-05 0.00122759 0.00951893 0.0437341 0.12024 0.203434 0.226776 0.186839 0.122629 0.0604386 0.0201248 0.00429356 0.000588782 5.38308e-05 3.42017e-06 1.53333e-07 4.77233e-09 1.00606e-10 1.41347e-12 1.31107e-14 7.95297e-17
 1.32098e-11 1.43445e-09 9.18402e-08 3.4671e-06 7.71943e-05 0.00101432 0.00788118 0.0364185 0.101729 0.179236 0.217593 0.202452 0.146585 0.0754124 0.0253522 0.00542114 0.000749741 6.9657e-05 4.48555e-06 2.00606e-07 6.10136e-09 1.23509e-10 1.64439e-12 1.43085e-14 8.07909e-17
 1.65359e-11 1.79563e-09 1.14962e-07 4.33975e-06 9.66073e-05 0.00126874 0.00984186 0.0452516 0.124535 0.21059 0.232605 0.185717 0.115344 0.0536173 0.0170583 0.0035403 0.000481269 4.42054e-05 2.81605e-06 1.24336e-07 3.72604e-09 7.41682e-11 9.66978e-13 8.17746e-15 4.44271e-17
 1.39943e-11 1.51966e-09 9.72977e-08 3.67334e-06 8.17973e-05 0.00107514 0.00835895 0.0386678 0.108116 0.189953 0.226571 0.201387 0.136173 0.0649838 0.0201767 0.00392935 0.000481553 3.83054e-05 2.06825e-06 7.84569e-08 2.09783e-09 3.86694e-11 4.781e-13 3.87759e-15 2.02788e-17
 1.26324e-11 1.37179e-09 8.78343e-08 3.31647e-06 7.38743e-05 0.000971803 0.00757168 0.035214 0.0997315 0.180111 0.224983 0.210125 0.145876 0.0695441 0.0212378 0.00403863 0.000480318 3.66537e-05 1.85786e-06 6.41532e-08 1.51333e-09 2.40528e-11 2.53899e-13 1.76581e-15 8.04947e-18
#pred catch len freq
 1.20066e-11 1.30377e-09 8.34685e-08 3.15052e-06 7.01106e-05 0.000919893 0.00711703 0.0324904 0.0878149 0.1429 0.151217 0.133323 0.128025 0.113643 0.0777446 0.0456342 0.0271825 0.0167444 0.0107005 0.00725018 0.00529566 0.00422907 0.00352335 0.00264876 0.00152335
 1.00005e-11 1.08594e-09 6.95227e-08 2.62414e-06 5.83969e-05 0.000766221 0.00592882 0.0270829 0.0734307 0.121355 0.137079 0.14236 0.15857 0.145359 0.0936345 0.0468559 0.0225042 0.0112208 0.00576168 0.00312245 0.00183641 0.00121053 0.000882379 0.000624149 0.000355103
 1.28527e-11 1.39565e-09 8.93511e-08 3.37256e-06 7.50517e-05 0.000984724 0.00761861 0.0347802 0.0940041 0.152974 0.161878 0.142634 0.136335 0.118872 0.0768882 0.0394746 0.0188397 0.00843485 0.00348817 0.001436 0.000628782 0.000308731 0.000176676 0.000108521 5.82592e-05
 1.74386e-11 1.89362e-09 1.21231e-07 4.57587e-06 0.000101829 0.00133604 0.0103356 0.0471582 0.127112 0.204055 0.202907 0.146203 0.105015 0.07795 0.0454791 0.0197803 0.00766482 0.00304025 0.00118891 0.000435452 0.000148804 5.09718e-05 1.97915e-05 9.10483e-06 4.22084e-06
 1.6543e-11 1.79638e-09 1.15006e-07 4.34089e-06 9.66003e-05 0.00126743 0.0098051 0.0447434 0.120679 0.194335 0.196108 0.148854 0.116292 0.0895882 0.0507348 0.0194475 0.00574017 0.00162447 0.00047785 0.000142948 4.23499e-05 1.18666e-05 3.19357e-06 9.29666e-07 3.09138e-07
 1.66324e-11 1.80608e-09 1.15627e-07 4.36433e-06 9.71218e-05 0.00127428 0.00985799 0.044984 0.121317 0.195275 0.196646 0.14821 0.114608 0.0881281 0.0505431 0.0201738 0.00640904 0.0018615 0.000477352 0.000105464 2.2034e-05 4.64721e-06 9.68504e-07 1.95052e-07 4.01583e-08
 1.63495e-11 1.77536e-09 1.1366e-07 4.2901e-06 9.54701e-05 0.00125261 0.00969041 0.0442207 0.119278 0.192152 0.194245 0.148345 0.117083 0.0910197 0.0523499 0.0209188 0.00668271 0.00198294 0.000530909 0.000121191 2.35428e-05 3.88369e-06 5.65294e-07 7.80846e-08 1.05634e-08
 1.69413e-11 1.83962e-09 1.17774e-07 4.4454e-06 9.89259e-05 0.00129794 0.010041 0.0458178 0.123545 0.1987 0.199332 0.148233 0.112155 0.085102 0.0484173 0.0190537 0.00591494 0.00170493 0.000451478 0.000104055 2.07654e-05 3.48468e-06 4.75717e-07 5.26764e-08 4.89439e-09
 1.6858e-11 1.83058e-09 1.17195e-07 4.42353e-06 9.84394e-05 0.00129156 0.00999168 0.0455931 0.122947 0.197795 0.198697 0.148471 0.113188 0.086163 0.0488835 0.0190099 0.0057447 0.00159858 0.00040979 9.16028e-05 1.78925e-05 2.99573e-06 4.14269e-07 4.58811e-08 3.96133e-09
 1.64966e-11 1.79133e-09 1.14683e-07 4.32869e-06 9.63289e-05 0.00126387 0.00977756 0.0446179 0.120342 0.193808 0.195645 0.148691 0.116429 0.0899334 0.0512282 0.0199424 0.00602352 0.00166684 0.000420384 9.12629e-05 1.71944e-05 2.78333e-06 3.75434e-07 4.11444e-08 3.55133e-09
 1.67114e-11 1.81466e-09 1.16176e-07 4.38507e-06 9.75835e-05 0.00128033 0.00990484 0.0451976 0.121891 0.196182 0.197478 0.148613 0.114584 0.087748 0.0498163 0.0193174 0.00579151 0.00158935 0.000398809 8.61356e-05 1.60325e-05 2.535e-06 3.30932e-07 3.50493e-08 2.94389e-09
 1.73249e-11 1.88127e-09 1.20441e-07 4.54604e-06 0.000101165 0.00132733 0.0102683 0.0468527 0.126311 0.202942 0.202619 0.148132 0.108921 0.0812505 0.0459057 0.0179078 0.00545218 0.00152066 0.000383581 8.25028e-05 1.52485e-05 2.39334e-06 3.08903e-07 3.20697e-08 2.61823e-09
 1.72989e-11 1.87845e-09 1.2026e-07 4.53923e-06 0.000101014 0.00132534 0.0102529 0.0467831 0.126129 0.202699 0.202606 0.148715 0.110016 0.0820832 0.0458108 0.0171571 0.0047659 0.00119158 0.000284142 6.07015e-05 1.13023e-05 1.77801e-06 2.28475e-07 2.35324e-08 1.89926e-09
 1.66041e-11 1.803e-09 1.1543e-07 4.35691e-06 9.69567e-05 0.00127211 0.00984127 0.0449085 0.121125 0.195062 0.196875 0.149513 0.116817 0.0897051 0.0501477 0.0184116 0.00483333 0.00109781 0.000235455 4.51325e-05 7.65523e-06 1.14796e-06 1.4596e-07 1.50465e-08 1.21238e-09
 1.64469e-11 1.78594e-09 1.14337e-07 4.31567e-06 9.6039e-05 0.00126007 0.00974817 0.0444845 0.119992 0.193326 0.195538 0.149581 0.118184 0.0913207 0.0511869 0.0188629 0.00498838 0.00113751 0.000238898 4.30239e-05 6.59641e-06 8.81232e-07 1.00958e-07 9.68473e-09 7.54397e-10
 1.64555e-11 1.78687e-09 1.14397e-07 4.31791e-06 9.60889e-05 0.00126073 0.00975323 0.0445077 0.120056 0.193436 0.195689 0.149793 0.118437 0.0914445 0.0510272 0.0185253 0.00471247 0.00101186 0.000203564 3.61193e-05 5.46595e-06 7.0148e-07 7.42408e-08 6.39711e-09 4.47109e-10
 1.72624e-11 1.87449e-09 1.20006e-07 4.52964e-06 0.000100801 0.00132254 0.0102313 0.0466847 0.125868 0.202316 0.202391 0.148995 0.110739 0.0827363 0.0459622 0.0169101 0.00447007 0.00101533 0.000209975 3.64946e-05 5.27359e-06 6.50771e-07 6.71224e-08 5.59308e-09 3.67633e-10
 1.76695e-11 1.9187e-09 1.22837e-07 4.63647e-06 0.000103178 0.00135373 0.0104725 0.0477834 0.128804 0.206818 0.20588 0.148888 0.107301 0.078628 0.0432575 0.0156599 0.00398273 0.000855632 0.000172189 3.04934e-05 4.57179e-06 5.7255e-07 5.78592e-08 4.64234e-09 2.94187e-10
 1.73499e-11 1.88399e-09 1.20615e-07 4.5526e-06 0.000101312 0.00132924 0.0102831 0.046921 0.126501 0.203302 0.20323 0.149216 0.11037 0.0820932 0.045265 0.0162878 0.00406242 0.000840476 0.000161612 2.72735e-05 3.91141e-06 4.81354e-07 4.9309e-08 4.03496e-09 2.55832e-10
 1.84203e-11 2.00023e-09 1.28057e-07 4.83349e-06 0.000107562 0.00141125 0.0109173 0.0498094 0.134215 0.21511 0.212256 0.14853 0.100721 0.0709027 0.0383611 0.0135991 0.0032798 0.000637882 0.0001152 1.85568e-05 2.54335e-06 2.97846e-07 2.91159e-08 2.30731e-09 1.45069e-10
 1.81969e-11 1.97596e-09 1.26503e-07 4.77485e-06 0.000106257 0.00139413 0.0107849 0.0492065 0.132607 0.212658 0.210435 0.148845 0.102997 0.0734089 0.0397215 0.0139114 0.00322885 0.000579646 9.53445e-05 1.42492e-05 1.8232e-06 2.00133e-07 1.85136e-08 1.39443e-09 8.35593e-11
 1.81756e-11 1.97365e-09 1.26355e-07 4.76926e-06 0.000106133 0.0013925 0.0107723 0.049149 0.132452 0.212416 0.210221 0.148766 0.103049 0.0735426 0.0399065 0.0141021 0.00335881 0.00063355 0.000108394 1.59826e-05 1.91488e-06 1.92237e-07 1.63503e-08 1.14424e-09 6.42674e-11
 1.83123e-11 1.98849e-09 1.27305e-07 4.80513e-06 0.000106931 0.00140297 0.0108533 0.0495178 0.133438 0.213926 0.211386 0.14871 0.101864 0.0721432 0.0390074 0.0137109 0.00322013 0.000591982 9.94789e-05 1.48355e-05 1.83811e-06 1.88887e-07 1.57582e-08 1.03571e-09 5.35074e-11
 1.8292e-11 1.98629e-09 1.27164e-07 4.79981e-06 0.000106813 0.00140142 0.0108412 0.0494631 0.133291 0.213697 0.211187 0.148646 0.10193 0.0722803 0.0391768 0.0138754 0.00333052 0.000638398 0.000111387 1.67438e-05 2.04868e-06 2.08617e-07 1.75835e-08 1.17986e-09 6.12971e-11
 1.75189e-11 1.90234e-09 1.2179e-07 4.59695e-06 0.000102298 0.00134219 0.0103832 0.0473771 0.12772 0.205172 0.204684 0.149187 0.108968 0.0804072 0.0441416 0.0157516 0.00383925 0.000758198 0.000137037 2.13223e-05 2.70983e-06 2.84624e-07 2.42406e-08 1.6205e-09 8.40841e-11
 1.75479e-11 1.90549e-09 1.21991e-07 4.60455e-06 0.000102468 0.00134441 0.0104004 0.0474553 0.127929 0.205495 0.20494 0.149201 0.108756 0.0801357 0.0439374 0.0156297 0.00377748 0.000735384 0.000131836 2.07084e-05 2.70245e-06 2.9413e-07 2.59955e-08 1.79834e-09 9.56063e-11
 1.87128e-11 2.03198e-09 1.30089e-07 4.91022e-06 0.00010927 0.00143365 0.0110905 0.0505984 0.136323 0.218339 0.214739 0.148388 0.0981542 0.0678911 0.0364546 0.0127995 0.00300937 0.000555408 9.41723e-05 1.4303e-05 1.83368e-06 1.98663e-07 1.77691e-08 1.26219e-09 6.94292e-11
 1.91306e-11 2.07735e-09 1.32994e-07 5.01985e-06 0.000111709 0.00146566 0.011338 0.0517258 0.139335 0.222957 0.218303 0.148233 0.0945595 0.0636339 0.0337045 0.0115845 0.00256341 0.000412536 5.87462e-05 7.88242e-06 9.33891e-07 9.55138e-08 8.23808e-09 5.75416e-10 3.16457e-11
 1.88076e-11 2.04228e-09 1.30749e-07 4.93511e-06 0.000109824 0.00144092 0.0111467 0.0508544 0.137008 0.219399 0.215603 0.148503 0.0975667 0.0670733 0.0357596 0.012306 0.00272089 0.000435259 6.04538e-05 7.58544e-06 7.92998e-07 6.92091e-08 5.21967e-09 3.33265e-10 1.73099e-11
#obs catch len freq
 1.14335e-11 1.24155e-09 7.94848e-08 3.00016e-06 6.67646e-05 0.000875994 0.00677754 0.0309438 0.0836783 0.136527 0.1462 0.133541 0.134435 0.124551 0.0896798 0.0543596 0.0306474 0.0158974 0.00742404 0.00304318 0.00102802 0.000265837 4.94716e-05 6.32289e-06 5.35925e-07
 1.24922e-11 1.3565e-09 8.68444e-08 3.27795e-06 7.29463e-05 0.000957101 0.00740491 0.0338044 0.0913559 0.148531 0.15637 0.135507 0.127921 0.115082 0.082554 0.0501609 0.0278212 0.0136947 0.00582757 0.00212028 0.000635923 0.000148192 2.51667e-05 2.94893e-06 2.29018e-07
 5.23923e-12 5.68919e-10 3.64227e-08 1.37479e-06 3.05949e-05 0.000401482 0.00310842 0.0142405 0.0391507 0.0688462 0.0959069 0.139993 0.190173 0.186558 0.128302 0.0707959 0.0359444 0.0167563 0.00676746 0.00227021 0.000608469 0.000124994 1.87883e-05 1.97042e-06 1.38303e-07
 1.82759e-11 1.98454e-09 1.27052e-07 4.79559e-06 0.000106719 0.00140018 0.0108314 0.0494113 0.133047 0.2124 0.205405 0.132455 0.0771126 0.0568131 0.0474425 0.0360552 0.0219083 0.0102507 0.00383314 0.00117573 0.000287229 5.3041e-05 7.06741e-06 6.53857e-07 4.0636e-08
 1.56298e-11 1.69721e-09 1.08657e-07 4.10127e-06 9.12683e-05 0.0011975 0.00926484 0.0422935 0.114248 0.185152 0.191197 0.153469 0.125363 0.0948216 0.0517255 0.0199147 0.00690812 0.00279196 0.00111249 0.000348868 8.06245e-05 1.35403e-05 1.61798e-06 1.33334e-07 7.34836e-09
 1.72202e-11 1.86991e-09 1.19713e-07 4.51858e-06 0.000100555 0.00131933 0.0102071 0.0465853 0.125712 0.202687 0.204471 0.151947 0.110432 0.0786855 0.0432792 0.0172465 0.00542493 0.00145444 0.000346468 7.82456e-05 1.60578e-05 2.5686e-06 2.8801e-07 2.16855e-08 1.07462e-09
 1.58573e-11 1.72191e-09 1.10238e-07 4.16096e-06 9.25968e-05 0.00121494 0.00940016 0.0429174 0.115991 0.188254 0.194934 0.156057 0.124718 0.0917366 0.0492521 0.0184671 0.00533546 0.00130593 0.000267494 4.41548e-05 5.95319e-06 6.70849e-07 6.09001e-08 4.07086e-09 1.84733e-10
 1.66131e-11 1.80399e-09 1.15493e-07 4.35929e-06 9.70105e-05 0.00127285 0.00984812 0.0449598 0.121464 0.196713 0.201566 0.155656 0.117392 0.0831861 0.0443495 0.0169453 0.00503775 0.00122997 0.000238049 3.51734e-05 3.9516e-06 3.36749e-07 2.15698e-08 1.02879e-09 3.57906e-11
 1.71754e-11 1.86504e-09 1.19402e-07 4.50683e-06 0.000100294 0.00131594 0.0101815 0.0464821 0.125568 0.203212 0.207263 0.15695 0.113613 0.0770745 0.0392614 0.0140677 0.00384448 0.000873104 0.000162492 2.33897e-05 2.50568e-06 1.94364e-07 1.06672e-08 4.07933e-10 1.07681e-11
 1.56418e-11 1.69852e-09 1.0874e-07 4.10443e-06 9.13396e-05 0.00119848 0.00927393 0.0423607 0.114682 0.187226 0.197156 0.162162 0.129379 0.0907908 0.0454267 0.0154527 0.00386429 0.000783011 0.000130054 1.69136e-05 1.66481e-06 1.20549e-07 6.19567e-09 2.18523e-10 5.15981e-12
 1.59824e-11 1.7355e-09 1.11108e-07 4.1938e-06 9.33286e-05 0.00122459 0.00947619 0.0432877 0.117211 0.191371 0.201113 0.163422 0.126864 0.0863503 0.041921 0.0137219 0.00323481 0.000602254 9.01197e-05 1.03891e-05 8.96339e-07 5.70048e-08 2.60814e-09 8.31973e-11 1.7972e-12
 1.67972e-11 1.82398e-09 1.16773e-07 4.40761e-06 9.80868e-05 0.00128702 0.00995925 0.0454916 0.123129 0.200582 0.208576 0.163717 0.119968 0.0775403 0.0358915 0.0109928 0.00232981 0.000377076 4.92012e-05 5.02863e-06 3.85338e-07 2.15826e-08 8.63483e-10 2.40497e-11 4.55534e-13
 1.68067e-11 1.82501e-09 1.16839e-07 4.41011e-06 9.8143e-05 0.00128778 0.00996566 0.0455294 0.123308 0.201244 0.210181 0.16573 0.120541 0.0760918 0.0339856 0.00984169 0.0018945 0.000264653 2.90407e-05 2.50553e-06 1.63029e-07 7.78776e-09 2.68181e-10 6.49158e-12 1.07411e-13
 1.67344e-11 1.81716e-09 1.16336e-07 4.39116e-06 9.77216e-05 0.00128228 0.0099237 0.0453476 0.122902 0.201003 0.21097 0.167323 0.121178 0.075296 0.0330813 0.00948357 0.00182284 0.000254005 2.70638e-05 2.16255e-06 1.24209e-07 5.05076e-09 1.4558e-10 2.95208e-12 4.12977e-14
 1.26869e-11 1.37765e-09 8.8199e-08 3.32914e-06 7.40905e-05 0.000972362 0.00753018 0.0344967 0.0943858 0.159742 0.186305 0.182566 0.161404 0.108529 0.0478475 0.0133455 0.00244461 0.000318683 3.16414e-05 2.38633e-06 1.30728e-07 5.04027e-09 1.34649e-10 2.4543e-12 3.00064e-14
 1.5474e-11 1.68029e-09 1.07574e-07 4.06045e-06 9.03642e-05 0.00118584 0.00918029 0.0419977 0.114266 0.189277 0.205988 0.174896 0.133553 0.0827589 0.0351491 0.00964131 0.00175846 0.000228999 2.23777e-05 1.61593e-06 8.27065e-08 2.93767e-09 7.21099e-11 1.21328e-12 1.37449e-14
 1.39952e-11 1.51971e-09 9.72939e-08 3.67245e-06 8.17319e-05 0.00107268 0.00830751 0.0380578 0.104046 0.175091 0.199067 0.18265 0.148232 0.0927852 0.0385396 0.0101217 0.00172242 0.00020349 1.79154e-05 1.19236e-06 5.78129e-08 1.96871e-09 4.61043e-11 7.29887e-13 7.67189e-15
 1.66813e-11 1.81139e-09 1.15967e-07 4.37727e-06 9.74159e-05 0.00127841 0.00989733 0.0452783 0.123126 0.203171 0.217081 0.174269 0.121548 0.069073 0.0271471 0.00680799 0.00109217 0.000118238 9.26441e-06 5.42333e-07 2.31717e-08 6.98329e-10 1.45914e-11 2.09159e-13 2.02364e-15
 1.49336e-11 1.62161e-09 1.03818e-07 3.91873e-06 8.72146e-05 0.0011447 0.00886648 0.0406291 0.111089 0.186507 0.208888 0.182941 0.138173 0.0807899 0.0316407 0.00784596 0.00124839 0.00013456 1.04277e-05 5.90571e-07 2.37207e-08 6.54233e-10 1.22431e-11 1.55104e-13 1.32105e-15
 1.5207e-11 1.65131e-09 1.05719e-07 3.99052e-06 8.88136e-05 0.00116573 0.0090303 0.0413894 0.113212 0.190052 0.211976 0.182717 0.134425 0.0769272 0.02997 0.00759276 0.00128315 0.000152369 1.30506e-05 7.88879e-07 3.24282e-08 8.88584e-10 1.618e-11 1.95589e-13 1.5578e-15
 1.57732e-11 1.71279e-09 1.09655e-07 4.1391e-06 9.21216e-05 0.00120918 0.00936739 0.0429367 0.117415 0.196685 0.217221 0.182155 0.128447 0.0704928 0.0264133 0.00640894 0.00102696 0.000114972 9.40831e-06 5.60767e-07 2.34992e-08 6.70421e-10 1.27456e-11 1.5868e-13 1.27334e-15
 1.51734e-11 1.64766e-09 1.05486e-07 3.9818e-06 8.86245e-05 0.00116344 0.00901668 0.0413791 0.113549 0.191973 0.216357 0.186573 0.133435 0.0725615 0.0265752 0.00625317 0.000962111 0.00010194 7.78541e-06 4.30347e-07 1.67575e-08 4.4804e-10 8.09912e-12 9.76298e-14 7.71616e-16
 1.57613e-11 1.7115e-09 1.09574e-07 4.13611e-06 9.20603e-05 0.00120858 0.00936705 0.0429876 0.117909 0.198759 0.221396 0.185341 0.12697 0.0662988 0.0234554 0.00533585 0.000789245 7.94919e-05 5.70104e-06 2.93581e-07 1.05995e-08 2.61496e-10 4.34248e-12 4.80194e-14 3.49131e-16
 1.61957e-11 1.75867e-09 1.12594e-07 4.25015e-06 9.46007e-05 0.00124199 0.009627 0.044188 0.121202 0.204007 0.225482 0.184573 0.12193 0.0613223 0.0209815 0.00462046 0.000658711 6.33456e-05 4.2905e-06 2.07093e-07 6.97903e-09 1.60059e-10 2.4585e-12 2.50258e-14 1.66905e-16
 1.68151e-11 1.82594e-09 1.16901e-07 4.41276e-06 9.82215e-05 0.00128956 0.00999604 0.0458785 0.125747 0.210911 0.230184 0.182661 0.115194 0.0553668 0.0182238 0.0038658 0.000527785 4.80434e-05 3.04357e-06 1.366e-07 4.27897e-09 9.12107e-11 1.29939e-12 1.22297e-14 7.5209e-17
 1.63145e-11 1.77158e-09 1.13422e-07 4.28153e-06 9.53074e-05 0.00125155 0.00970645 0.044611 0.122703 0.207507 0.230119 0.186344 0.11862 0.0564961 0.0182234 0.0037715 0.000500624 4.40297e-05 2.6682e-06 1.13301e-07 3.3274e-09 6.60216e-11 8.70421e-13 7.55067e-15 4.27122e-17
 1.35569e-11 1.47216e-09 9.42553e-08 3.55837e-06 7.92317e-05 0.00104125 0.00809303 0.0374192 0.104592 0.1841 0.221747 0.202008 0.141781 0.0706265 0.0230323 0.00477756 0.000638726 5.69698e-05 3.4938e-06 1.47961e-07 4.24838e-09 8.0989e-11 1.0123e-12 8.24087e-15 4.34045e-17
 1.68361e-11 1.82823e-09 1.17051e-07 4.41868e-06 9.83686e-05 0.001292 0.0100243 0.0461068 0.126937 0.214515 0.235664 0.184976 0.111441 0.0500156 0.01539 0.00309178 0.000405599 3.57082e-05 2.16333e-06 9.03337e-08 2.55226e-09 4.77811e-11 5.84255e-13 4.62086e-15 2.34239e-17
 1.43335e-11 1.5565e-09 9.96579e-08 3.76258e-06 8.37915e-05 0.00110154 0.00856732 0.0396552 0.110937 0.194668 0.230329 0.200491 0.131381 0.0606456 0.0182481 0.00344686 0.000408874 3.12968e-05 1.611e-06 5.77056e-08 1.44792e-09 2.49735e-11 2.88439e-13 2.18198e-15 1.06282e-17
#spawning biomass
 12696.1 11192.1 8148.94 10061.7 15418.1 24640.3 37343.3 54872.5 83369.7 117038 159626 239545 311341 322496 288853 236061 232470 250192 253834 256655 272979 298338 325789 393859 430071 394332 381723 390845 380383 345564 21102 4475.44 4475.41 4475.41 4475.41 4475.41 4475.41 4475.41 4475.41 4475.41 4475.41 4475.41 4475.41 4475.41 4475.41 4475.41 4475.41 4475.41 4475.41 4475.41 4475.41 4475.41 4475.41 4475.41 4475.41 4475.41 4475.41 4475.41 4475.41 4475.41 4475.41 4475.41 4475.41 4475.41 4475.41 4475.41 4475.41 4475.41 4475.41 4475.41 4475.41 4475.41 4475.41 4475.41 4475.41 4475.41 4475.41 4475.41 4475.41 4475.41 4475.41 4475.41 4475.41 4475.41 4475.41 4475.41 4475.41 4475.41 4475.41 4475.41 4475.41 4475.41 4475.41 4475.41 4475.41 4475.41 4475.41 4475.41 4475.41 4475.41 4475.41 4475.41 4475.41 4475.41 4475.41 4475.41 4475.41 4475.41 4475.41 4475.41 4475.41 4475.41 4475.41 4475.41 4475.41 4475.41 4475.41 4475.41 4475.41 4475.41 4475.41 4475.41 4475.41 4475.41 4475.41 4475.41 4475.41 4475.41 4475.41 0 0 0 0 0 0 0 0 0 0 0 0 0 0 0 0 0 0 0 0 0 0 0 0 0
