SBPRF35
0.819782
Curr Bio
159065
B35
661619
F35
0.212233
FOFL
0.0664121
OFL
11531
Bzero
234224
#pred survey bio
 16241.4 11901.1 11061.3 15390.8 19633.3 19632.7 22047.8 30626 43889.5 56459.4 75787.5 87259 103491 119950 128016 96894.3 103608 94177.1 95145.7 95484.7 101938 101069 122659 130023 146447 160012 154327 156495 7.95265e+06 7.69927e+06 8.20612e+06 7.78372e+06 6.90215e+06 5.9031e+06 4.97543e+06 4.19728e+06 3.58283e+06 3.11595e+06 2.76995e+06 2.51758e+06 2.33522e+06 2.20381e+06 2.10812e+06 2.03777e+06 1.98788e+06 1.9521e+06 1.92617e+06 1.90715e+06 1.89305e+06 1.88246e+06 1.87444e+06 1.86829e+06 1.86353e+06 1.85982e+06 1.85691e+06 1.8546e+06 1.85276e+06 1.8513e+06 1.85012e+06 1.84917e+06 1.8484e+06 1.84778e+06 1.84728e+06 1.84687e+06 1.84653e+06 1.84626e+06 1.84604e+06 1.84586e+06 1.84571e+06 1.84559e+06 1.84549e+06 1.84541e+06 1.84534e+06 1.84529e+06 1.84525e+06 1.84521e+06 1.84518e+06 1.84516e+06 1.84514e+06 1.84512e+06 1.84511e+06 1.8451e+06 1.84509e+06 1.84508e+06 1.84507e+06 1.84507e+06 1.84507e+06 1.84506e+06 1.84506e+06 1.84506e+06 1.84506e+06 1.84505e+06 1.84505e+06 1.84505e+06 1.84505e+06 1.84505e+06 1.84505e+06 1.84505e+06 1.84505e+06 1.84505e+06 1.84505e+06 1.84505e+06 1.84505e+06 1.84505e+06 1.84505e+06 1.84505e+06 1.84505e+06 1.84505e+06 1.84505e+06 1.84505e+06 1.84505e+06 1.84505e+06 1.84505e+06 1.84505e+06 1.84505e+06 1.84505e+06 1.84505e+06 1.84505e+06 1.84505e+06 1.84505e+06 1.84505e+06 1.84505e+06 1.84505e+06 1.84505e+06 1.84505e+06 1.84505e+06 1.84505e+06 1.84505e+06 0 0 0 0 0 0 0 0 0 0 0 0 0 0 0 0 0 0 0 0 0 0 0 0 0
#obs survey bio
 15287.1 11741 13515 13446 16883.3 20101.4 33463.2 42464.3 36788 74718.2 67134.1 78700.7 129989 137287 110120 98954.4 90123.1 72733.2 115174 133428 111211 97664.4 137628 121676 178170 204847 171117 164450
#pred catch bio
 11352.1 8143.37 6885.16 9552.3 13625.2 14011.3 15017.9 20507.7 31303.6 38407.3 56712.7 65917 77764.3 86926.5 105635 71021.2 85753.3 75909.2 77698.5 75800.9 85587.9 79976.3 103801 107490 120686 136941 131279 95644.9 11531 63214.5 66892.3 62795.9 54949.7 46260.5 38315.8 31750.5 26653.1 22857.1 20111.8 18167.9 16812.8 15878 15234.3 14792.3 14499.6 14305.8 14177.5 14092.5 14036.3 13999 13974.3 13958 13947.2 13940 13935.3 13932.1 13930.1 13928.7 13927.8 13927.2 13926.8 13926.5 13926.3 13926.2 13926.1 13926.1 13926.1 13926 13926 13926 13926 13926 13926 13926 13926 13926 13926 13926 13926 13926 13926 13926 13926 13926 13926 13926 13926 13926 13926 13926 13926 13926 13926 13926 13926 13926 13926 13926 13926 13926 13926 13926 13926 13926 13926 13926 13926 13926 13926 13926 13926 13926 13926 13926 13926 13926 13926 13926 13926 13926 13926 13926 13926 13926 13926 13926 13926 13926 0 0 0 0 0 0 0 0 0 0 0 0 0 0 0 0 0 0 0 0 0 0 0 0 0
#obs catch bio
 8414.85 8071.83 7178.67 9124.06 13665 13172.9 13959.9 17743.4 30385.5 32507.7 51437.8 62845.3 67575.7 74651.2 109321 68494.9 86026.3 72628.8 70762.5 70366.6 72270.5 74401.9 94441.7 96841.2 104067 118781 121920 91718.7
#pred cpue bio
 14712.2 10764.3 9344.82 12826.3 17218.7 16833.8 18322.6 25030.7 36348.8 46546.6 63304.5 72165.7 85148.1 100438 110858 82577.8 87080.3 78223.8 78971.7 78714.3 84645.6 81763.1 99565.9 104979 118621 130840 126483 126323 6.89662e+06 7.65934e+06 8.16619e+06 7.74379e+06 6.86222e+06 5.86317e+06 4.9355e+06 4.15735e+06 3.5429e+06 3.07602e+06 2.73002e+06 2.47765e+06 2.29529e+06 2.16388e+06 2.06819e+06 1.99784e+06 1.94795e+06 1.91218e+06 1.88624e+06 1.86723e+06 1.85312e+06 1.84254e+06 1.83451e+06 1.82836e+06 1.8236e+06 1.81989e+06 1.81698e+06 1.81467e+06 1.81284e+06 1.81137e+06 1.81019e+06 1.80924e+06 1.80847e+06 1.80785e+06 1.80735e+06 1.80694e+06 1.80661e+06 1.80633e+06 1.80611e+06 1.80593e+06 1.80578e+06 1.80566e+06 1.80556e+06 1.80548e+06 1.80542e+06 1.80536e+06 1.80532e+06 1.80528e+06 1.80525e+06 1.80523e+06 1.80521e+06 1.80519e+06 1.80518e+06 1.80517e+06 1.80516e+06 1.80515e+06 1.80515e+06 1.80514e+06 1.80514e+06 1.80513e+06 1.80513e+06 1.80513e+06 1.80513e+06 1.80513e+06 1.80513e+06 1.80512e+06 1.80512e+06 1.80512e+06 1.80512e+06 1.80512e+06 1.80512e+06 1.80512e+06 1.80512e+06 1.80512e+06 1.80512e+06 1.80512e+06 1.80512e+06 1.80512e+06 1.80512e+06 1.80512e+06 1.80512e+06 1.80512e+06 1.80512e+06 1.80512e+06 1.80512e+06 1.80512e+06 1.80512e+06 1.80512e+06 1.80512e+06 1.80512e+06 1.80512e+06 1.80512e+06 1.80512e+06 1.80512e+06 1.80512e+06 1.80512e+06 1.80512e+06 1.80512e+06 1.80512e+06 1.80512e+06 0 0 0 0 0 0 0 0 0 0 0 0 0 0 0 0 0 0 0 0 0 0 0 0 0
#obs cpue bio
 9511.6 10986.8 6807.28 15865.1 24531.9 20834.9 18261.7 32746.9 39451.8 89906.4 85131.5 92172.6 138255 148574 92173.6 94922.9 101931 122110 101527 72579.9 176404 90551.2 145138 161621 187719 173979 147540 137886
#pred surv len freq
 1.10514e-11 1.19952e-09 7.67691e-08 2.89703e-06 6.44628e-05 0.000845799 0.00654467 0.029887 0.0808426 0.131907 0.141032 0.127907 0.126976 0.115588 0.0823199 0.0517659 0.0329459 0.0212104 0.0140575 0.00989965 0.00756108 0.0063419 0.00551954 0.00427638 0.00250443
 1.01414e-11 1.10075e-09 7.04481e-08 2.65849e-06 5.91553e-05 0.000776172 0.00600636 0.0274394 0.0743679 0.122518 0.136446 0.137135 0.149167 0.137429 0.0922167 0.0507977 0.0276963 0.0153952 0.00862466 0.00499476 0.00310766 0.00217444 0.00168029 0.00124098 0.000724726
 1.40271e-11 1.5225e-09 9.74401e-08 3.67709e-06 8.18199e-05 0.00107352 0.00830618 0.0379176 0.102378 0.165543 0.170007 0.136841 0.117812 0.100627 0.0697401 0.0418708 0.0238237 0.0123114 0.00586628 0.0027755 0.0013632 0.000734769 0.000456374 0.000298664 0.000166734
 1.42711e-11 1.54899e-09 9.91354e-08 3.74106e-06 8.32435e-05 0.0010922 0.00845079 0.0385796 0.104192 0.168682 0.174186 0.142533 0.124599 0.104321 0.0664192 0.0339343 0.0169274 0.00863422 0.00419745 0.00185789 0.000756319 0.000306755 0.00013819 7.09953e-05 3.51644e-05
 1.1551e-11 1.25375e-09 8.02401e-08 3.02802e-06 6.73775e-05 0.000884048 0.00684085 0.0312445 0.0845818 0.138549 0.150636 0.142642 0.146753 0.131545 0.0854521 0.0437373 0.0208813 0.00949066 0.00403661 0.00166303 0.000647813 0.000229355 7.70371e-05 2.75809e-05 1.0591e-05
 1.29612e-11 1.40681e-09 9.00359e-08 3.39768e-06 7.56028e-05 0.000991958 0.0076754 0.0350452 0.0947208 0.153951 0.161804 0.139725 0.130946 0.114711 0.0771656 0.0430806 0.0225544 0.0106657 0.0044127 0.00165096 0.000569101 0.000181439 5.28771e-05 1.42791e-05 3.82458e-06
 1.43119e-11 1.55342e-09 9.94187e-08 3.75175e-06 8.34814e-05 0.00109532 0.00847495 0.03869 0.104491 0.169174 0.174732 0.143076 0.12518 0.104833 0.0666701 0.0337984 0.0163706 0.00783903 0.00347946 0.00136879 0.000462446 0.00013462 3.44275e-05 7.80717e-06 1.5885e-06
 1.49333e-11 1.62087e-09 1.03736e-07 3.91466e-06 8.71062e-05 0.00114288 0.0088428 0.0403666 0.108982 0.176149 0.180548 0.144269 0.122078 0.100294 0.0627015 0.0306429 0.0138838 0.00608563 0.00249296 0.000960454 0.000336502 0.000100912 2.49946e-05 5.09787e-06 8.68166e-07
 1.43093e-11 1.55314e-09 9.94004e-08 3.75107e-06 8.34661e-05 0.00109512 0.00847345 0.0386841 0.104489 0.169283 0.175366 0.144902 0.128088 0.107158 0.0668249 0.0320781 0.0140939 0.00592977 0.00228001 0.000806302 0.000262251 7.6537e-05 1.91718e-05 3.90534e-06 6.25647e-07
 1.44985e-11 1.57367e-09 1.00715e-07 3.80066e-06 8.45697e-05 0.0011096 0.00858543 0.0391944 0.105853 0.171384 0.177028 0.144962 0.12667 0.105417 0.0656432 0.0314646 0.0137515 0.00570362 0.00213151 0.00071952 0.000218663 5.88392e-05 1.38073e-05 2.73193e-06 4.3322e-07
 1.3938e-11 1.51284e-09 9.68214e-08 3.65374e-06 8.13005e-05 0.00106671 0.00825369 0.0376827 0.101809 0.165143 0.172022 0.144558 0.13056 0.110486 0.0695272 0.0338914 0.0151163 0.00633858 0.00236604 0.000787865 0.0002323 5.93721e-05 1.29772e-05 2.38238e-06 3.56935e-07
 1.4342e-11 1.55669e-09 9.9628e-08 3.75965e-06 8.36571e-05 0.00109763 0.00849284 0.0387727 0.104728 0.169675 0.175788 0.145284 0.128415 0.10726 0.0665204 0.0315144 0.0136016 0.0056401 0.00212635 0.000717208 0.000211841 5.33501e-05 1.12634e-05 1.95578e-06 2.7342e-07
 1.45223e-11 1.57626e-09 1.0088e-07 3.80691e-06 8.47087e-05 0.00111143 0.00859957 0.0392593 0.106034 0.171718 0.17757 0.145888 0.127902 0.106178 0.0652097 0.0301932 0.0125648 0.0050176 0.00182832 0.000603722 0.000178033 4.5145e-05 9.52355e-06 1.62409e-06 2.18503e-07
 1.37193e-11 1.48909e-09 9.53018e-08 3.5964e-06 8.00245e-05 0.00104997 0.00812427 0.0370939 0.100247 0.162841 0.170707 0.146166 0.134797 0.114374 0.0705451 0.0325846 0.0134421 0.00527091 0.0018616 0.000590625 0.000167856 4.15606e-05 8.69898e-06 1.48301e-06 1.98258e-07
 1.21196e-11 1.31547e-09 8.419e-08 3.17707e-06 7.06942e-05 0.000927562 0.00717745 0.0327791 0.0886991 0.144995 0.156257 0.144564 0.145216 0.128393 0.0818337 0.0401477 0.01788 0.00733453 0.0026121 0.000817224 0.000225547 5.37445e-05 1.08482e-05 1.80478e-06 2.38517e-07
 1.29263e-11 1.40303e-09 8.97936e-08 3.38853e-06 7.53994e-05 0.000989293 0.00765492 0.034955 0.0945222 0.153992 0.163532 0.145334 0.139875 0.121158 0.0759033 0.0361618 0.01571 0.00654988 0.00246634 0.000816996 0.000231466 5.48313e-05 1.07765e-05 1.73e-06 2.21129e-07
 1.37079e-11 1.48786e-09 9.52231e-08 3.59343e-06 7.99584e-05 0.0010491 0.00811748 0.0370615 0.10014 0.162517 0.169664 0.143559 0.130882 0.111711 0.0714488 0.036031 0.016705 0.00713301 0.00266734 0.000888576 0.000261385 6.49938e-05 1.31545e-05 2.11145e-06 2.63988e-07
 1.40479e-11 1.52476e-09 9.75846e-08 3.68254e-06 8.19414e-05 0.00107512 0.00831879 0.0379807 0.102624 0.166546 0.173856 0.146987 0.13338 0.111872 0.0677774 0.0301232 0.0119297 0.00475433 0.00181654 0.000627464 0.000187443 4.72372e-05 9.85407e-06 1.64255e-06 2.10519e-07
 1.40719e-11 1.52737e-09 9.77514e-08 3.68884e-06 8.20814e-05 0.00107696 0.008333 0.0380453 0.102795 0.166798 0.173999 0.146814 0.132966 0.111651 0.0680676 0.0306197 0.012077 0.00450235 0.00151668 0.000470969 0.000136733 3.51035e-05 7.49036e-06 1.27567e-06 1.68081e-07
 1.43573e-11 1.55834e-09 9.97337e-08 3.76364e-06 8.37459e-05 0.0010988 0.0085019 0.0388149 0.104854 0.169974 0.176542 0.147002 0.130955 0.109038 0.0660733 0.0294022 0.0114405 0.00423997 0.00141521 0.000418447 0.000109987 2.55703e-05 5.20529e-06 8.8736e-07 1.19204e-07
 1.40479e-11 1.52477e-09 9.7585e-08 3.68256e-06 8.19417e-05 0.00107513 0.00831882 0.0379807 0.102623 0.166536 0.173808 0.146859 0.133229 0.111938 0.0682269 0.0306664 0.0120865 0.00449784 0.0014908 0.000435799 0.000112309 2.48471e-05 4.64681e-06 7.27626e-07 9.31653e-08
 1.51181e-11 1.64092e-09 1.05019e-07 3.96308e-06 8.81836e-05 0.00115702 0.00895221 0.0408668 0.110342 0.178422 0.183225 0.147242 0.125201 0.101829 0.0608997 0.0265172 0.00998556 0.00361065 0.00119282 0.00035023 9.00535e-05 1.96788e-05 3.58093e-06 5.31988e-07 6.32206e-08
 1.49795e-11 1.62588e-09 1.04056e-07 3.92676e-06 8.73756e-05 0.00114642 0.00887022 0.0404932 0.109343 0.176887 0.182023 0.14724 0.126321 0.10322 0.0618955 0.0270468 0.010192 0.0036338 0.001162 0.000329279 8.30936e-05 1.80836e-05 3.27745e-06 4.79935e-07 5.5271e-08
 1.51398e-11 1.64328e-09 1.05169e-07 3.96877e-06 8.83102e-05 0.00115868 0.00896508 0.0409258 0.110506 0.178724 0.183703 0.148042 0.126255 0.102465 0.0604961 0.0253926 0.00895239 0.00302866 0.000947676 0.000264613 6.5101e-05 1.37288e-05 2.43047e-06 3.51748e-07 4.01413e-08
 1.50203e-11 1.63031e-09 1.0434e-07 3.93746e-06 8.76136e-05 0.00114954 0.00889439 0.0406037 0.109643 0.177387 0.182604 0.147867 0.126958 0.103497 0.0614426 0.026106 0.00934591 0.00314372 0.000944504 0.000249137 5.86957e-05 1.20481e-05 2.07906e-06 2.9261e-07 3.26182e-08
 1.4637e-11 1.58871e-09 1.01677e-07 3.83697e-06 8.53777e-05 0.0011202 0.00866751 0.0395699 0.106879 0.173141 0.179285 0.147882 0.130063 0.107263 0.063988 0.0273681 0.00991652 0.00338556 0.001031 0.000272433 6.26167e-05 1.22657e-05 2.01814e-06 2.73876e-07 2.96557e-08
 1.45185e-11 1.57585e-09 1.00854e-07 3.80592e-06 8.46867e-05 0.00111114 0.0085974 0.0392507 0.106029 0.171857 0.178392 0.148251 0.131578 0.108794 0.0646167 0.0272415 0.00963569 0.00323426 0.000984933 0.000263183 6.12493e-05 1.20245e-05 1.94226e-06 2.53696e-07 2.62755e-08
 1.51609e-11 1.64557e-09 1.05317e-07 3.97432e-06 8.84337e-05 0.0011603 0.00897761 0.0409828 0.110656 0.17894 0.183799 0.147801 0.125725 0.102047 0.0605225 0.0257197 0.00921816 0.00310793 0.000935583 0.000245578 5.66475e-05 1.11657e-05 1.81886e-06 2.37773e-07 2.42479e-08
#obs surv len freq
 1.16557e-11 1.26512e-09 8.09676e-08 3.05547e-06 6.79884e-05 0.000892061 0.00690273 0.0315234 0.0852723 0.139073 0.148024 0.131849 0.128596 0.119747 0.0913057 0.0596089 0.0336966 0.0155718 0.00574296 0.0016765 0.000376687 6.28051e-05 7.5081e-06 6.23481e-07 3.49652e-08
 8.37557e-12 9.09089e-10 5.81816e-08 2.1956e-06 4.88556e-05 0.000641052 0.00496151 0.0226818 0.0616616 0.102901 0.119824 0.131119 0.152251 0.149421 0.114059 0.0733054 0.040404 0.0180789 0.00640863 0.00178458 0.000380077 5.97539e-05 6.70368e-06 5.20054e-07 2.71294e-08
 1.85002e-11 2.00803e-09 1.28513e-07 4.8497e-06 0.000107912 0.00141584 0.0109539 0.0499828 0.134644 0.215124 0.208423 0.134927 0.0785163 0.0563585 0.0449106 0.0327247 0.0192775 0.00866264 0.00298526 0.000795161 0.000160404 2.37135e-05 2.48793e-06 1.79766e-07 8.70779e-09
 8.43029e-12 9.15029e-10 5.85618e-08 2.20995e-06 4.91756e-05 0.000645286 0.00499549 0.0228621 0.0624486 0.106261 0.131532 0.157286 0.18421 0.162403 0.0968202 0.0428047 0.0173325 0.00701695 0.00249173 0.000681428 0.000135502 1.91425e-05 1.88688e-06 1.26989e-07 5.70261e-09
 1.41678e-11 1.53778e-09 9.84177e-08 3.71398e-06 8.26411e-05 0.00108431 0.00838987 0.0383026 0.103421 0.166994 0.16939 0.129201 0.104046 0.0957276 0.0826096 0.0578811 0.0293843 0.0102692 0.00258706 0.00052373 8.9358e-05 1.19399e-05 1.13652e-06 7.29731e-08 3.07832e-09
 1.19325e-11 1.29516e-09 8.28904e-08 3.12804e-06 6.96038e-05 0.000913297 0.00706836 0.0323042 0.0876472 0.144541 0.159049 0.14896 0.143427 0.120709 0.0782244 0.0427022 0.0214959 0.00919343 0.00293169 0.000649228 9.85841e-05 1.05303e-05 8.14863e-07 4.54352e-08 1.7521e-09
 1.64784e-11 1.78858e-09 1.14469e-07 4.3197e-06 9.61192e-05 0.00126115 0.00975833 0.0445507 0.120283 0.194029 0.195357 0.143291 0.102909 0.0788978 0.0548867 0.0321481 0.015106 0.00547067 0.00154521 0.000342289 5.635e-05 6.4244e-06 4.86466e-07 2.41778e-08 7.91086e-10
 1.34601e-11 1.46097e-09 9.35021e-08 3.5285e-06 7.85149e-05 0.00103023 0.00797345 0.0364403 0.0988329 0.162503 0.175885 0.156047 0.138721 0.108773 0.0648079 0.0306185 0.0124977 0.00432502 0.0011807 0.000242283 3.64087e-05 3.9167e-06 2.92415e-07 1.46018e-08 4.72355e-10
 1.42671e-11 1.54856e-09 9.91078e-08 3.74003e-06 8.32218e-05 0.00109198 0.00845089 0.0386116 0.104581 0.170883 0.180362 0.149943 0.125203 0.0998921 0.0657593 0.0348662 0.0145043 0.00450952 0.00104238 0.000183759 2.46563e-05 2.41889e-06 1.65756e-07 7.67017e-09 2.33798e-10
 1.42061e-11 1.54194e-09 9.86843e-08 3.72406e-06 8.28667e-05 0.00108734 0.00841556 0.0384601 0.104269 0.170927 0.182122 0.153836 0.128519 0.0994376 0.0623059 0.0317673 0.0132513 0.00428915 0.00102593 0.000176723 2.15821e-05 1.8508e-06 1.10517e-07 4.52421e-09 1.24016e-10
 1.2863e-11 1.39616e-09 8.93539e-08 3.37197e-06 7.50329e-05 0.000984593 0.00762175 0.0348574 0.0947668 0.156989 0.173091 0.157291 0.140594 0.111089 0.0691665 0.034383 0.0137171 0.00421643 0.000968402 0.000163312 1.96872e-05 1.64151e-06 9.21853e-08 3.42741e-09 8.34149e-11
 1.41651e-11 1.53749e-09 9.83995e-08 3.71332e-06 8.26284e-05 0.00108424 0.0083924 0.0383661 0.10411 0.171065 0.182927 0.154228 0.127309 0.0985234 0.0631227 0.0325955 0.0131752 0.00397898 0.000878216 0.000140561 1.60459e-05 1.27336e-06 6.84173e-08 2.43123e-09 5.6019e-11
 1.35467e-11 1.47037e-09 9.41037e-08 3.55122e-06 7.90223e-05 0.00103697 0.00802795 0.0367242 0.0998939 0.165511 0.181448 0.160352 0.136233 0.102794 0.0618824 0.0299419 0.0116645 0.00349731 0.000772959 0.000122338 1.35218e-05 1.02063e-06 5.16395e-08 1.72241e-09 3.7273e-11
 1.13567e-11 1.23267e-09 7.88909e-08 2.97715e-06 6.62501e-05 0.000869466 0.00673396 0.0308527 0.0844028 0.142665 0.165935 0.163928 0.153655 0.121502 0.0747932 0.0361834 0.0136244 0.00385159 0.000800041 0.000120453 1.28286e-05 9.36537e-07 4.55697e-08 1.44691e-09 2.95127e-11
 9.2341e-12 1.00228e-09 6.41461e-08 2.42075e-06 5.38707e-05 0.000707103 0.00547942 0.0251535 0.0692845 0.119797 0.14809 0.161568 0.164973 0.139615 0.0924982 0.0477255 0.0185703 0.00525148 0.00106214 0.000152271 1.52314e-05 1.04104e-06 4.75962e-08 1.42682e-09 2.75398e-11
 1.21834e-11 1.32239e-09 8.46334e-08 3.19387e-06 7.10726e-05 0.000932745 0.00722336 0.0330768 0.0902411 0.150727 0.168246 0.153117 0.136361 0.113363 0.0789591 0.0433557 0.017796 0.00525713 0.00109495 0.000157993 1.54932e-05 1.01458e-06 4.37215e-08 1.22369e-09 2.19686e-11
 1.17909e-11 1.2798e-09 8.19075e-08 3.09103e-06 6.87869e-05 0.000902871 0.00699529 0.0320836 0.0879989 0.149441 0.173913 0.167523 0.148859 0.112391 0.0680484 0.0335487 0.0132599 0.00397 0.000853122 0.000126513 1.25818e-05 8.21795e-07 3.4706e-08 9.36044e-10 1.59602e-11
 1.24762e-11 1.35418e-09 8.6668e-08 3.27069e-06 7.27851e-05 0.000955351 0.00740164 0.033939 0.0929681 0.156998 0.179308 0.166396 0.143412 0.107888 0.0651675 0.030763 0.011076 0.00297313 0.000586095 8.27915e-05 8.07119e-06 5.23119e-07 2.19143e-08 5.82173e-10 9.68306e-12
 1.16783e-11 1.26758e-09 8.11259e-08 3.06159e-06 6.81351e-05 0.000894454 0.00693327 0.0318414 0.0876486 0.150113 0.177203 0.172213 0.151618 0.11225 0.0655984 0.0299473 0.0104323 0.00267471 0.000491565 6.35208e-05 5.65567e-06 3.39142e-07 1.33763e-08 3.39392e-10 5.43655e-12
 1.2108e-11 1.31422e-09 8.4111e-08 3.17425e-06 7.06434e-05 0.00092741 0.00718911 0.0330169 0.0908412 0.155104 0.180962 0.171556 0.147611 0.108557 0.063355 0.0284695 0.00955608 0.00232592 0.000402428 4.85888e-05 4.00419e-06 2.20236e-07 7.92937e-09 1.83874e-10 2.70805e-12
 1.28497e-11 1.39472e-09 8.92633e-08 3.36872e-06 7.49723e-05 0.000984274 0.0076304 0.0350451 0.0963813 0.164067 0.189009 0.173478 0.142505 0.100175 0.0561428 0.0243567 0.00792873 0.00186836 0.000310042 3.54465e-05 2.7346e-06 1.39611e-07 4.63624e-09 9.86661e-11 1.32863e-12
 1.21393e-11 1.31762e-09 8.43294e-08 3.1826e-06 7.08354e-05 0.000930169 0.0072157 0.0332042 0.091817 0.158547 0.188273 0.179646 0.149889 0.103303 0.0554535 0.0227905 0.00701463 0.00156648 0.00024688 2.67983e-05 1.95613e-06 9.39367e-08 2.91434e-09 5.75763e-11 7.16003e-13
 1.28588e-11 1.39571e-09 8.93281e-08 3.37126e-06 7.50351e-05 0.00098532 0.00764308 0.0351569 0.097038 0.166393 0.193577 0.177883 0.143384 0.0973943 0.051906 0.0208942 0.00616072 0.00129493 0.000190348 1.92279e-05 1.30765e-06 5.85995e-08 1.69732e-09 3.12753e-11 3.61975e-13
 1.20657e-11 1.30963e-09 8.382e-08 3.16351e-06 7.04189e-05 0.000924996 0.00718159 0.0331165 0.0920215 0.16043 0.192882 0.184313 0.150573 0.100154 0.0514045 0.0199168 0.00567692 0.00115222 0.000162045 1.54563e-05 9.81211e-07 4.07555e-08 1.09091e-09 1.85687e-11 1.98652e-13
 1.21593e-11 1.3198e-09 8.44715e-08 3.18816e-06 7.09712e-05 0.000932358 0.00724055 0.0334043 0.0928796 0.161905 0.19393 0.183697 0.149166 0.0994872 0.0511519 0.0195463 0.00538886 0.00104446 0.000139498 1.26035e-05 7.55324e-07 2.94625e-08 7.36019e-10 1.16248e-11 1.14893e-13
 1.08032e-11 1.17262e-09 7.50533e-08 2.83292e-06 6.30775e-05 0.000829168 0.00644998 0.0298908 0.0840829 0.150656 0.19003 0.19127 0.160349 0.106454 0.0535173 0.0199167 0.00534379 0.00100363 0.000128753 1.10601e-05 6.25e-07 2.28642e-08 5.33929e-10 7.86377e-12 7.23036e-14
 1.08661e-11 1.17945e-09 7.54913e-08 2.84953e-06 6.34511e-05 0.000834176 0.0064902 0.0300826 0.0845858 0.151115 0.189103 0.188712 0.158941 0.107684 0.0552271 0.0206098 0.00543085 0.000987265 0.000121602 9.97662e-06 5.35731e-07 1.85214e-08 4.06515e-10 5.60038e-12 4.79863e-14
 1.12081e-11 1.21658e-09 7.78695e-08 2.93943e-06 6.54596e-05 0.00086078 0.00670044 0.0310851 0.0875142 0.15637 0.194457 0.190203 0.155225 0.101886 0.0510086 0.0187467 0.00488567 0.000875409 0.000105253 8.33065e-06 4.27139e-07 1.39944e-08 2.89567e-10 3.74643e-12 3.00518e-14
#pred catch len freq
 9.73396e-12 1.05653e-09 6.76177e-08 2.55168e-06 5.67785e-05 0.000744983 0.00576489 0.0263333 0.0713297 0.117188 0.129031 0.126291 0.134967 0.12622 0.0904285 0.0569217 0.0362314 0.0233258 0.0154594 0.0108869 0.00831515 0.00697438 0.00607001 0.00470286 0.0027542
 8.78367e-12 9.53383e-10 6.10164e-08 2.30257e-06 5.12356e-05 0.000672269 0.00520273 0.0237776 0.064573 0.107423 0.124434 0.136464 0.159005 0.149781 0.100987 0.0556759 0.0303593 0.0168755 0.009454 0.00547506 0.0034065 0.00238354 0.00184187 0.00136031 0.000794416
 1.23884e-11 1.34464e-09 8.60571e-08 3.24753e-06 7.22618e-05 0.000948123 0.00733627 0.0334979 0.0905535 0.147298 0.15538 0.135677 0.129174 0.115301 0.0807442 0.0485642 0.0276378 0.0142826 0.00680558 0.00321991 0.00158147 0.000852419 0.000529448 0.000346486 0.000193431
 1.26498e-11 1.37302e-09 8.78728e-08 3.31605e-06 7.37865e-05 0.000968131 0.00749117 0.0342073 0.0925003 0.150698 0.160038 0.142277 0.137216 0.119794 0.0770339 0.0394307 0.0196742 0.0100355 0.00487867 0.00215942 0.000879065 0.000356539 0.000160617 8.25174e-05 4.08713e-05
 1.02417e-11 1.11164e-09 7.1145e-08 2.6848e-06 5.97405e-05 0.000783854 0.0060659 0.0277136 0.0751409 0.124031 0.13923 0.142491 0.157044 0.14417 0.0941501 0.0482358 0.023032 0.0104683 0.00445243 0.00183434 0.000714546 0.000252981 8.49729e-05 3.0422e-05 1.16821e-05
 1.17867e-11 1.27933e-09 8.1877e-08 3.08979e-06 6.87519e-05 0.000902077 0.00698021 0.0318776 0.0862487 0.140903 0.151456 0.139269 0.139686 0.1257 0.0850808 0.0475514 0.0248984 0.0117743 0.00487136 0.00182257 0.000628254 0.000200298 5.83732e-05 1.57633e-05 4.22211e-06
 1.30162e-11 1.41278e-09 9.04179e-08 3.41209e-06 7.59236e-05 0.000996169 0.00770804 0.0351957 0.0951478 0.154807 0.16345 0.142941 0.135381 0.117316 0.0752205 0.0381913 0.0185023 0.00885993 0.0039326 0.00154705 0.000522672 0.000152152 3.89111e-05 8.82393e-06 1.79537e-06
 1.36189e-11 1.4782e-09 9.46046e-08 3.57009e-06 7.94391e-05 0.00104229 0.00806481 0.036822 0.0995056 0.161587 0.16916 0.144291 0.132679 0.113162 0.0713943 0.0349515 0.0158399 0.0069432 0.00284426 0.0010958 0.000383921 0.000115132 2.85168e-05 5.81626e-06 9.90507e-07
 1.31996e-11 1.43269e-09 9.16918e-08 3.46017e-06 7.69933e-05 0.0010102 0.00781665 0.0356917 0.0964891 0.156994 0.165777 0.14499 0.137146 0.118105 0.0741632 0.0356475 0.0156652 0.00659098 0.00253425 0.000896211 0.000291494 8.50714e-05 2.13097e-05 4.34082e-06 6.95412e-07
 1.32144e-11 1.4343e-09 9.17949e-08 3.46406e-06 7.70798e-05 0.00101134 0.00782543 0.0357317 0.0965968 0.157165 0.165935 0.145074 0.137168 0.118101 0.0741437 0.0355943 0.0155599 0.00645381 0.00241186 0.000814158 0.000247424 6.65783e-05 1.56234e-05 3.09126e-06 4.90201e-07
 1.3019e-11 1.41308e-09 9.04371e-08 3.41282e-06 7.59398e-05 0.000996382 0.00770973 0.0352043 0.0951831 0.154963 0.164068 0.144598 0.138012 0.119523 0.0756267 0.0369027 0.0164618 0.0069029 0.00257669 0.000858008 0.000252982 6.46579e-05 1.41326e-05 2.59448e-06 3.88712e-07
 1.34863e-11 1.46381e-09 9.36838e-08 3.53534e-06 7.86659e-05 0.00103215 0.00798638 0.0364652 0.0985601 0.160201 0.168406 0.145385 0.135452 0.115738 0.0721714 0.0342273 0.0147747 0.00612666 0.00230978 0.00077908 0.000230117 5.79525e-05 1.2235e-05 2.12451e-06 2.97008e-07
 1.36522e-11 1.48182e-09 9.4836e-08 3.57882e-06 7.96334e-05 0.00104484 0.00808457 0.036913 0.0997622 0.162089 0.170083 0.146046 0.135143 0.114862 0.0709452 0.0328848 0.0136871 0.0054659 0.00199167 0.000657662 0.00019394 4.91786e-05 1.03744e-05 1.7692e-06 2.38025e-07
 1.26503e-11 1.37307e-09 8.78764e-08 3.31619e-06 7.37896e-05 0.000968174 0.0074916 0.0342115 0.0925422 0.151013 0.161515 0.146374 0.143715 0.125061 0.0775954 0.0358818 0.0148049 0.00580537 0.00205036 0.000650513 0.000184876 4.57748e-05 9.58104e-06 1.63339e-06 2.18361e-07
 1.16698e-11 1.26664e-09 8.10649e-08 3.05914e-06 6.80701e-05 0.000893134 0.00691117 0.031566 0.0854558 0.140012 0.152363 0.144581 0.14886 0.132818 0.0848283 0.0416328 0.0185424 0.0076063 0.00270889 0.000847505 0.000233904 5.5736e-05 1.12502e-05 1.87165e-06 2.47355e-07
 1.18761e-11 1.28904e-09 8.24985e-08 3.11324e-06 6.92739e-05 0.000908929 0.00703335 0.0321231 0.086952 0.142365 0.154469 0.145447 0.148494 0.131552 0.0828418 0.039506 0.0171653 0.00715673 0.00269485 0.000892691 0.000252912 5.99115e-05 1.17749e-05 1.89029e-06 2.41617e-07
 1.33041e-11 1.44403e-09 9.24177e-08 3.48756e-06 7.76028e-05 0.0010182 0.00787845 0.0359725 0.0972287 0.158041 0.166155 0.143537 0.134098 0.115642 0.0741442 0.0374073 0.0173441 0.00740597 0.00276941 0.00092258 0.000271388 6.7481e-05 1.36579e-05 2.19225e-06 2.7409e-07
 1.35075e-11 1.46611e-09 9.38308e-08 3.54089e-06 7.87894e-05 0.00103377 0.00799896 0.0365235 0.0987294 0.16057 0.169227 0.147139 0.137958 0.117316 0.0713098 0.0317134 0.0125607 0.00500588 0.00191265 0.000660664 0.00019736 4.97365e-05 1.03755e-05 1.72945e-06 2.21657e-07
 1.36039e-11 1.47658e-09 9.45006e-08 3.56616e-06 7.93518e-05 0.00104115 0.00805602 0.0367834 0.0994225 0.161622 0.169987 0.146939 0.136921 0.116366 0.0711472 0.032023 0.0126315 0.00470913 0.00158634 0.0004926 0.000143013 3.67157e-05 7.83438e-06 1.33426e-06 1.75801e-07
 1.37478e-11 1.49219e-09 9.55e-08 3.60387e-06 8.01909e-05 0.00105216 0.00814118 0.0371715 0.100462 0.163235 0.171322 0.14718 0.136131 0.115195 0.0700769 0.0312074 0.0121444 0.00450089 0.0015023 0.000444198 0.000116756 2.71439e-05 5.52562e-06 9.41968e-07 1.2654e-07
 1.37386e-11 1.49119e-09 9.54362e-08 3.60147e-06 8.01374e-05 0.00105145 0.00813574 0.0371466 0.100394 0.163115 0.171156 0.146942 0.135845 0.115057 0.0702625 0.0315931 0.0124524 0.00463407 0.00153595 0.000448998 0.000115711 2.55996e-05 4.78755e-06 7.49664e-07 9.5987e-08
 1.45241e-11 1.57646e-09 1.00893e-07 3.80739e-06 8.47193e-05 0.00111157 0.00860069 0.0392653 0.106062 0.171857 0.178149 0.147446 0.130291 0.10786 0.0647897 0.0282353 0.010634 0.00384519 0.0012703 0.000372981 9.59034e-05 2.09571e-05 3.81354e-06 5.66546e-07 6.73274e-08
 1.47348e-11 1.59932e-09 1.02356e-07 3.86262e-06 8.59482e-05 0.00112769 0.00872538 0.0398333 0.107579 0.174182 0.179931 0.147323 0.128416 0.105705 0.0635006 0.0277581 0.0104607 0.00372961 0.00119264 0.00033796 8.52844e-05 1.85603e-05 3.36386e-06 4.92589e-07 5.67283e-08
 1.47713e-11 1.60329e-09 1.0261e-07 3.87219e-06 8.61612e-05 0.00113049 0.00874702 0.0399324 0.107851 0.174654 0.180566 0.148201 0.129462 0.106241 0.0628986 0.0264155 0.00931388 0.00315099 0.000985953 0.000275301 6.77304e-05 1.42833e-05 2.52864e-06 3.65955e-07 4.17627e-08
 1.46313e-11 1.58809e-09 1.01637e-07 3.83548e-06 8.53445e-05 0.00111977 0.00866414 0.0395547 0.10684 0.173089 0.179288 0.148025 0.13033 0.107475 0.0639865 0.0272021 0.00973924 0.00327607 0.000984266 0.000259625 6.11667e-05 1.25553e-05 2.16658e-06 3.04929e-07 3.39914e-08
 1.44519e-11 1.56862e-09 1.00391e-07 3.78846e-06 8.42983e-05 0.00110604 0.00855798 0.039071 0.105546 0.171096 0.177707 0.147954 0.131663 0.109153 0.0651988 0.0278931 0.0101071 0.00345066 0.00105082 0.000277671 6.38207e-05 1.25015e-05 2.05694e-06 2.79142e-07 3.02259e-08
 1.42961e-11 1.5517e-09 9.93087e-08 3.7476e-06 8.33891e-05 0.00109412 0.00846573 0.0386509 0.104426 0.169399 0.176498 0.148345 0.133512 0.111074 0.0660689 0.0278619 0.00985565 0.00330811 0.00100742 0.000269192 6.26478e-05 1.2299e-05 1.9866e-06 2.59489e-07 2.68754e-08
 1.35731e-11 1.47323e-09 9.42862e-08 3.55807e-06 7.91718e-05 0.00103879 0.0080378 0.0367012 0.0992142 0.161395 0.170265 0.148445 0.139487 0.118286 0.0709059 0.0301957 0.0108262 0.00365022 0.00109883 0.000288429 6.65319e-05 1.3114e-05 2.13623e-06 2.79261e-07 2.84789e-08
#obs catch len freq
 9.75231e-12 1.05852e-09 6.77453e-08 2.5565e-06 5.68858e-05 0.000746399 0.00577608 0.0263889 0.0715271 0.117787 0.130528 0.128974 0.13941 0.135418 0.105156 0.0697488 0.0400279 0.0187752 0.00703067 0.00208177 0.000473827 8.00149e-05 9.69398e-06 8.16321e-07 4.64379e-08
 1.00562e-11 1.09151e-09 6.98562e-08 2.63616e-06 5.86585e-05 0.000769661 0.00595619 0.0272132 0.0737724 0.121505 0.134438 0.131547 0.13972 0.133662 0.102362 0.0666179 0.0372224 0.0168961 0.00608924 0.00172583 0.000373853 5.96887e-05 6.78916e-06 5.33331e-07 2.81548e-08
 7.13517e-12 7.74456e-10 4.95652e-08 1.87044e-06 4.16207e-05 0.00054614 0.00422765 0.0193423 0.0527742 0.0894557 0.109856 0.131811 0.161533 0.16022 0.122259 0.0781598 0.0425082 0.0186534 0.00645132 0.00174148 0.000357055 5.36779e-05 5.72229e-06 4.19472e-07 2.05795e-08
 1.75247e-11 1.90214e-09 1.21737e-07 4.59398e-06 0.000102222 0.00134119 0.0103766 0.0473536 0.127622 0.204343 0.199835 0.133986 0.084395 0.0646458 0.0523576 0.0378568 0.0219043 0.009626 0.0032303 0.000832714 0.000161465 2.27945e-05 2.26975e-06 1.54809e-07 7.04603e-09
 7.49245e-12 8.13236e-10 5.20471e-08 1.96411e-06 4.37056e-05 0.000573537 0.00444103 0.0203443 0.055805 0.0965537 0.125544 0.160591 0.193392 0.170017 0.100463 0.0441592 0.0177718 0.00707295 0.0024403 0.00064352 0.000122684 1.6523e-05 1.5439e-06 9.7987e-08 4.13119e-09
 1.32326e-11 1.43628e-09 9.19216e-08 3.46884e-06 7.71866e-05 0.00101275 0.00783663 0.035785 0.0967166 0.156807 0.161601 0.12906 0.110544 0.104465 0.0899368 0.0619133 0.030652 0.0104318 0.00256015 0.000502929 8.24428e-05 1.0484e-05 9.4396e-07 5.70776e-08 2.2588e-09
 1.11486e-11 1.21008e-09 7.74449e-08 2.92255e-06 6.50317e-05 0.000853328 0.00660497 0.0302006 0.0820979 0.136418 0.153895 0.151219 0.150473 0.127062 0.0819457 0.0444529 0.0220307 0.00916319 0.00281919 0.000599795 8.72491e-05 8.89114e-06 6.52121e-07 3.42234e-08 1.23584e-09
 1.58796e-11 1.72358e-09 1.10309e-07 4.16272e-06 9.26264e-05 0.00121534 0.00940428 0.0429426 0.11603 0.187736 0.191106 0.144465 0.108 0.0841607 0.0583382 0.0336849 0.0154841 0.00546455 0.00149724 0.000319063 5.01155e-05 5.42223e-06 3.88244e-07 1.81819e-08 5.58196e-10
 1.29309e-11 1.40353e-09 8.9826e-08 3.38978e-06 7.54286e-05 0.000989756 0.00766096 0.0350255 0.0951362 0.157276 0.173123 0.158583 0.143976 0.112665 0.0664759 0.0310328 0.0124335 0.00418719 0.00110465 0.000217752 3.12463e-05 3.18982e-06 2.24718e-07 1.05438e-08 3.19548e-10
 1.38202e-11 1.50006e-09 9.60036e-08 3.6229e-06 8.06157e-05 0.0010578 0.00818708 0.0374178 0.101464 0.166477 0.178 0.151973 0.129632 0.103473 0.0674272 0.0351208 0.0142422 0.00429688 0.00096052 0.000162815 2.08492e-05 1.93907e-06 1.25303e-07 5.44378e-09 1.55221e-10
 1.38729e-11 1.50577e-09 9.63694e-08 3.63671e-06 8.09234e-05 0.00106186 0.0082191 0.0375742 0.101984 0.167835 0.180874 0.156006 0.132037 0.101727 0.0630214 0.0315945 0.0128526 0.00402849 0.000927915 0.000153118 1.78235e-05 1.44951e-06 8.16454e-08 3.13681e-09 8.03704e-11
 1.25975e-11 1.36734e-09 8.75097e-08 3.30238e-06 7.3485e-05 0.000964312 0.0074656 0.0341572 0.0929939 0.154753 0.172679 0.159747 0.143673 0.112581 0.0691526 0.0337329 0.0131064 0.00389962 0.000862243 0.000139123 1.59497e-05 1.25843e-06 6.65976e-08 2.32449e-09 5.29189e-11
 1.39708e-11 1.5164e-09 9.70497e-08 3.66239e-06 8.14957e-05 0.00106941 0.00827833 0.0378567 0.102837 0.169538 0.182883 0.156343 0.129758 0.0996195 0.0629049 0.0317951 0.0124844 0.00364255 0.000772875 0.000118234 1.28249e-05 9.61989e-07 4.86383e-08 1.62041e-09 3.48996e-11
 1.34178e-11 1.45638e-09 9.32083e-08 3.51744e-06 7.82714e-05 0.00102715 0.00795284 0.0363945 0.0991179 0.164812 0.182189 0.162642 0.138053 0.102933 0.0610012 0.0289049 0.0109409 0.00316535 0.000671075 0.000101299 1.06221e-05 7.57061e-07 3.60153e-08 1.12529e-09 2.27398e-11
 1.12885e-11 1.22526e-09 7.84168e-08 2.95928e-06 6.58533e-05 0.000864303 0.00669511 0.0306914 0.0841005 0.142788 0.167532 0.166597 0.155178 0.120941 0.0731383 0.0345564 0.0126165 0.00343877 0.000684962 9.82817e-05 9.91624e-06 6.82443e-07 3.118e-08 9.26563e-10 1.76387e-11
 9.22216e-12 1.00098e-09 6.40633e-08 2.41764e-06 5.38027e-05 0.000706264 0.00547421 0.0251478 0.0694138 0.120642 0.150396 0.1646 0.166527 0.138797 0.0901937 0.0453197 0.0170541 0.00463986 0.000898246 0.000122568 1.16056e-05 7.47221e-07 3.20469e-08 8.98057e-10 1.61593e-11
 1.22212e-11 1.3265e-09 8.48961e-08 3.20379e-06 7.12945e-05 0.000935699 0.00724724 0.0331998 0.0906809 0.151892 0.170409 0.155541 0.137545 0.112666 0.0768651 0.0410236 0.0162556 0.00461001 0.000916698 0.000125606 1.16405e-05 7.17351e-07 2.89806e-08 7.57883e-10 1.26772e-11
 1.18676e-11 1.28812e-09 8.24403e-08 3.11116e-06 6.92363e-05 0.000908828 0.00704278 0.032319 0.0887703 0.15122 0.1767 0.169897 0.149007 0.110536 0.0656454 0.0315524 0.0120515 0.00345948 0.000708116 9.94743e-05 9.32874e-06 5.72382e-07 2.26332e-08 5.69951e-10 9.0517e-12
 1.25811e-11 1.36556e-09 8.73968e-08 3.29821e-06 7.33992e-05 0.000963472 0.0074659 0.0342506 0.0939382 0.159049 0.182218 0.168662 0.143396 0.105805 0.0624606 0.0286424 0.00995458 0.00256444 0.000481946 6.44533e-05 5.91459e-06 3.59337e-07 1.40676e-08 3.48416e-10 5.39217e-12
 1.18259e-11 1.2836e-09 8.21516e-08 3.10032e-06 6.89992e-05 0.00090587 0.00702334 0.0322741 0.0889627 0.152751 0.180643 0.174503 0.151075 0.10954 0.06252 0.027699 0.00929635 0.00228219 0.000399275 4.88311e-05 4.09238e-06 2.2989e-07 8.46205e-09 1.99816e-10 2.9729e-12
 1.22845e-11 1.33338e-09 8.53376e-08 3.22058e-06 7.16765e-05 0.00094105 0.00729646 0.0335285 0.0923636 0.158035 0.184552 0.173736 0.146856 0.105623 0.0600763 0.0261441 0.00844255 0.00196543 0.000323349 3.69071e-05 2.86049e-06 1.47331e-07 4.94951e-09 1.06773e-10 1.45939e-12
 1.30474e-11 1.41618e-09 9.06375e-08 3.42061e-06 7.61297e-05 0.000999554 0.00775055 0.0356157 0.0980603 0.16721 0.192638 0.175356 0.141313 0.0970196 0.0529431 0.022224 0.00695091 0.00156407 0.000246421 2.66034e-05 1.92876e-06 9.2161e-08 2.85464e-09 5.65053e-11 7.06103e-13
 1.23627e-11 1.34187e-09 8.58821e-08 3.24124e-06 7.21438e-05 0.000947454 0.0073518 0.0338517 0.0937239 0.162094 0.192262 0.181482 0.148232 0.0996499 0.0520311 0.0206733 0.00610852 0.00130136 0.000194505 1.99131e-05 1.36452e-06 6.12783e-08 1.77235e-09 3.2559e-11 3.75699e-13
 1.3097e-11 1.42157e-09 9.09835e-08 3.43379e-06 7.64301e-05 0.00100375 0.00778802 0.0358442 0.099042 0.17004 0.197529 0.179559 0.141612 0.09368 0.0484553 0.0188181 0.00531934 0.00106573 0.000148473 1.41358e-05 9.01742e-07 3.77574e-08 1.01874e-09 1.74438e-11 1.8725e-13
 1.23197e-11 1.33721e-09 8.55855e-08 3.23021e-06 7.1908e-05 0.000944691 0.00733693 0.0338567 0.0941934 0.164397 0.197123 0.185926 0.148398 0.0960788 0.0478425 0.0178713 0.00487705 0.000941998 0.000125384 1.12623e-05 6.70318e-07 2.60061e-08 6.48187e-10 1.02475e-11 1.01623e-13
 1.24316e-11 1.34936e-09 8.63643e-08 3.25968e-06 7.25679e-05 0.000953479 0.00740709 0.0341963 0.0951898 0.166069 0.198293 0.185304 0.146899 0.095222 0.0473999 0.0174309 0.00459592 0.000847001 0.00010697 9.09179e-06 5.10357e-07 1.85817e-08 4.32082e-10 6.33762e-12 5.80593e-14
 1.10827e-11 1.20296e-09 7.69968e-08 2.9064e-06 6.47196e-05 0.00085094 0.00662247 0.0307183 0.0865292 0.155136 0.194773 0.192981 0.157801 0.101807 0.0495322 0.0177236 0.00454151 0.000809822 9.81162e-05 7.9221e-06 4.1906e-07 1.43017e-08 3.10701e-10 4.24765e-12 3.61879e-14
 1.116e-11 1.21136e-09 7.75353e-08 2.92681e-06 6.51785e-05 0.00085708 0.00667156 0.0309506 0.0871373 0.155745 0.19399 0.190589 0.156488 0.102856 0.050933 0.0182404 0.00458479 0.000790561 9.18703e-05 7.07721e-06 3.55421e-07 1.14554e-08 2.338e-10 2.98894e-12 2.3725e-14
#spawning biomass
 16370.7 11996.3 11207.5 15609 19836.7 19870 22364.8 31102.9 44530.8 57303 76848 88542.6 105051 121606 129464 98105.8 105011 95531.8 96519.4 96910.3 103407 102714 124625 132156 148817 162493 156694 159065 229764 365270 386509 362957 317845 267886 222208 184460 155153 133328 117544 106367 98576.1 93201.6 89500.3 86959.1 85276.4 84162.2 83424.4 82935.8 82612.3 82398.1 82256.3 82162.3 82100.1 82059 82031.7 82013.6 82001.7 81993.8 81988.5 81985 81982.7 81981.2 81980.2 81979.5 81979.1 81978.8 81978.6 81978.5 81978.4 81978.4 81978.3 81978.3 81978.3 81978.3 81978.3 81978.2 81978.2 81978.2 81978.2 81978.2 81978.2 81978.2 81978.2 81978.2 81978.2 81978.2 81978.2 81978.2 81978.2 81978.2 81978.2 81978.2 81978.2 81978.2 81978.2 81978.2 81978.2 81978.2 81978.2 81978.2 81978.2 81978.2 81978.2 81978.2 81978.2 81978.2 81978.2 81978.2 81978.2 81978.2 81978.2 81978.2 81978.2 81978.2 81978.2 81978.2 81978.2 81978.2 81978.2 81978.2 81978.2 81978.2 81978.2 81978.2 81978.2 81978.2 81978.2 81978.2 0 0 0 0 0 0 0 0 0 0 0 0 0 0 0 0 0 0 0 0 0 0 0 0 0
