SBPRF35
5.68839
Curr Bio
119414
B35
4.36856e+06
F35
0.0662721
FOFL
0
OFL
0
Bzero
1.62525e+06
#pred survey bio
 8225.75 6736.3 5591.31 5697.64 8604.93 13306.6 18860.2 24161.5 32289.7 42427.7 61136.7 70268.2 79263.2 102481 119630 112915 115516 109923 112839 111799 117294 129982 133572 146772 148911 140460 130324 133979 146478 5.22111e+06 8.94428e+06 1.28121e+07 1.60094e+07 1.83968e+07 2.00048e+07 2.09525e+07 2.13845e+07 2.14378e+07 2.12279e+07 2.08462e+07 2.03611e+07 1.98224e+07 1.92648e+07 1.86654e+07 1.80125e+07 1.7431e+07 1.69129e+07 1.64511e+07 1.60393e+07 1.56721e+07 1.53445e+07 1.50522e+07 1.47913e+07 1.45585e+07 1.43507e+07 1.41651e+07 1.39994e+07 1.38515e+07 1.37193e+07 1.36012e+07 1.34957e+07 1.34015e+07 1.33172e+07 1.32419e+07 1.31746e+07 1.31143e+07 1.30605e+07 1.30123e+07 1.29692e+07 1.29306e+07 1.2896e+07 1.28651e+07 1.28374e+07 1.28125e+07 1.27902e+07 1.27703e+07 1.27524e+07 1.27363e+07 1.27219e+07 1.27089e+07 1.26973e+07 1.26868e+07 1.26774e+07 1.26689e+07 1.26613e+07 1.26544e+07 1.26483e+07 1.26427e+07 1.26376e+07 1.26331e+07 1.2629e+07 1.26253e+07 1.26219e+07 1.26189e+07 1.26161e+07 1.26136e+07 1.26113e+07 1.26092e+07 1.26074e+07 1.26056e+07 1.26041e+07 1.26027e+07 1.26013e+07 1.26002e+07 1.25991e+07 1.25981e+07 1.25972e+07 1.25963e+07 1.25955e+07 1.25948e+07 1.25942e+07 1.25936e+07 1.2593e+07 1.25925e+07 1.2592e+07 1.25916e+07 1.25912e+07 1.25908e+07 1.25904e+07 1.25901e+07 1.25898e+07 1.25895e+07 1.25893e+07 1.2589e+07 1.25888e+07 1.25886e+07 1.25884e+07 1.25882e+07 1.2588e+07 0 0 0 0 0 0 0 0 0 0 0 0 0 0 0 0 0 0 0 0 0 0 0 0 0
#obs survey bio
 8530.07 7712.39 6395.18 5007.23 13094.2 21003.2 21898.1 32030.2 42794.4 44402.6 51924.8 86967.7 70931.2 71181.6 113517 93176.6 82245.7 109941 99237.7 127412 86355.5 113484 101333 86509.8 141035 107497 99277.6 153203 162751
#pred catch bio
 4466.02 3593.63 3208.68 2528.02 4840.26 9067.74 13719.7 17079.1 24006.4 29994.8 47476.1 55613.6 59582.7 77591.2 96476.5 90604.4 95282.7 89226.7 93146.3 91223 95755.1 109048 112065 125245 129084 122350 113258 120471 102783 0 26267.8 38151 47922.2 55225.7 60116 62945.4 64158.2 64182.6 63383.3 62049.4 60398.7 58589 56730.6 54762.7 52656.5 50778.8 49104.7 47612.3 46281.7 45095.4 44037.8 43094.9 42254.3 41504.9 40836.7 40241.1 39710 39236.5 38814.4 38438.1 38102.6 37803.4 37536.8 37299 37087.1 36898.1 36729.6 36579.4 36445.5 36326.1 36219.7 36124.8 36040.2 35964.8 35897.5 35837.6 35784.1 35736.5 35694 35656.1 35622.4 35592.2 35565.4 35541.5 35520.2 35501.1 35484.2 35469.1 35455.6 35443.6 35432.9 35423.3 35414.8 35407.2 35400.4 35394.4 35389 35384.2 35380 35376.1 35372.7 35369.7 35367 35364.6 35362.5 35360.5 35358.8 35357.3 35356 35354.7 35353.7 35352.7 35351.9 35351.1 35350.4 35349.8 35349.3 35348.8 35348.3 35348 35347.6 35347.3 35347 35346.8 35346.6 35346.4 35346.2 35346.1 35345.9 0 0 0 0 0 0 0 0 0 0 0 0 0 0 0 0 0 0 0 0 0 0 0 0 0
#obs catch bio
 3684.57 3171.58 3535.57 2227.89 3861.33 6900.19 10397.1 12447.3 18560.3 24781.2 42203.1 48615.9 53368.4 75388.3 82909.8 76162.4 100105 72493.7 84303.8 76166.7 80865.7 98896.4 97845.2 120617 107868 106057 94284.3 104022 81625.7
#pred cpue bio
 7213.24 6229.32 4841.78 3975.55 6214.44 7857.6 10801.6 13526.2 18493.2 22060.9 32943 37744.2 41131.5 53732.7 67939.6 64939.6 62228.2 58944.9 59389.5 57825 59925.9 63050.3 64185.3 66239 69079.1 65151.5 60149.6 56652.7 50962.8 2.91419e+06 8.78208e+06 1.26911e+07 1.58863e+07 1.82736e+07 1.98816e+07 2.08294e+07 2.12614e+07 2.13146e+07 2.11048e+07 2.0723e+07 2.0238e+07 1.96992e+07 1.91417e+07 1.85422e+07 1.78894e+07 1.73079e+07 1.67898e+07 1.6328e+07 1.59162e+07 1.55489e+07 1.52213e+07 1.4929e+07 1.46682e+07 1.44354e+07 1.42275e+07 1.4042e+07 1.38763e+07 1.37283e+07 1.35962e+07 1.34781e+07 1.33726e+07 1.32783e+07 1.31941e+07 1.31188e+07 1.30514e+07 1.29912e+07 1.29373e+07 1.28891e+07 1.2846e+07 1.28074e+07 1.27729e+07 1.27419e+07 1.27142e+07 1.26894e+07 1.26671e+07 1.26471e+07 1.26292e+07 1.26132e+07 1.25987e+07 1.25858e+07 1.25741e+07 1.25637e+07 1.25543e+07 1.25458e+07 1.25382e+07 1.25313e+07 1.25251e+07 1.25195e+07 1.25145e+07 1.25099e+07 1.25058e+07 1.25021e+07 1.24988e+07 1.24957e+07 1.24929e+07 1.24904e+07 1.24882e+07 1.24861e+07 1.24842e+07 1.24825e+07 1.24809e+07 1.24795e+07 1.24782e+07 1.2477e+07 1.24759e+07 1.24749e+07 1.2474e+07 1.24732e+07 1.24724e+07 1.24717e+07 1.2471e+07 1.24704e+07 1.24699e+07 1.24694e+07 1.24689e+07 1.24684e+07 1.2468e+07 1.24677e+07 1.24673e+07 1.2467e+07 1.24667e+07 1.24664e+07 1.24661e+07 1.24659e+07 1.24656e+07 1.24654e+07 1.24652e+07 1.2465e+07 1.24649e+07 0 0 0 0 0 0 0 0 0 0 0 0 0 0 0 0 0 0 0 0 0 0 0 0 0
#obs cpue bio
 6979.51 8123.39 5685.94 5383.26 10562.2 10912.7 23881.6 32764.6 41735.7 39659.8 65732.4 56408 58501.1 83616.8 155581 145882 76946.1 139107 98880.3 110275 145020 112107 142193 126190 164448 145913 159262 98561.4 105578
#pred surv len freq
 7.66246e-12 8.32052e-10 5.32687e-08 2.01063e-06 4.47441e-05 0.000587088 0.00454289 0.0207554 0.0563221 0.0934639 0.107374 0.116159 0.136181 0.136223 0.108704 0.079126 0.0543351 0.0338149 0.0200047 0.0119387 0.00747486 0.00511033 0.0037628 0.00262349 0.00145081
 5.14842e-12 5.59057e-10 3.57914e-08 1.35095e-06 3.0064e-05 0.000394486 0.00305318 0.0139645 0.0381029 0.064906 0.0822392 0.106809 0.141342 0.147939 0.122578 0.0946323 0.0705125 0.0480293 0.0295708 0.0165327 0.00879041 0.00484412 0.00293404 0.00182437 0.000968831
 9.09701e-12 9.87826e-10 6.32415e-08 2.38705e-06 5.31206e-05 0.000696972 0.00539225 0.0246146 0.066502 0.10801 0.113386 0.0982695 0.0960257 0.0980614 0.0943034 0.0873567 0.0731464 0.0541599 0.036381 0.0218469 0.0115505 0.00556498 0.00267712 0.00135528 0.000643335
 1.44111e-11 1.56488e-09 1.00185e-07 3.78148e-06 8.41513e-05 0.0011041 0.00854152 0.0389778 0.105134 0.169349 0.171131 0.130689 0.104124 0.0849501 0.0577811 0.0367511 0.0274305 0.0226428 0.0174526 0.0116745 0.00669141 0.0032777 0.00141144 0.000574481 0.000224257
 1.25363e-11 1.36129e-09 8.71511e-08 3.28952e-06 7.32038e-05 0.000960478 0.00743105 0.0339245 0.0916982 0.149277 0.158226 0.140064 0.134556 0.117556 0.0761746 0.0396448 0.0202867 0.0113284 0.00732706 0.00516156 0.00333393 0.00179494 0.000791139 0.00029267 9.46421e-05
 1.57265e-11 1.70771e-09 1.09329e-07 4.12663e-06 9.18323e-05 0.00120488 0.00932116 0.0425355 0.11473 0.184807 0.186747 0.142541 0.113092 0.0905793 0.0575661 0.0297091 0.0144254 0.00667117 0.00296217 0.00143401 0.000802983 0.00045227 0.000216558 8.21428e-05 2.46203e-05
 1.5375e-11 1.66954e-09 1.06885e-07 4.03439e-06 8.97797e-05 0.00117795 0.00911317 0.0415932 0.112282 0.181619 0.187055 0.151798 0.130169 0.104032 0.0573716 0.0193343 0.00386943 0.000457213 3.18615e-05 1.30943e-06 3.18581e-08 5.147e-10 3.12247e-11 1.07593e-11 3.27419e-12
 1.56757e-11 1.70219e-09 1.08976e-07 4.1133e-06 9.15357e-05 0.00120099 0.00929132 0.0424046 0.114448 0.18493 0.189565 0.151534 0.12735 0.100818 0.0554662 0.0186829 0.0037387 0.000441755 3.07833e-05 1.26477e-06 3.06375e-08 4.37556e-10 3.68428e-12 1.82899e-14 5.35312e-17
 1.53748e-11 1.66952e-09 1.06884e-07 4.03435e-06 8.97787e-05 0.00117794 0.00911307 0.0415927 0.112281 0.181617 0.187054 0.151799 0.130171 0.104034 0.0573726 0.0193347 0.0038695 0.000457219 3.1861e-05 1.30905e-06 3.17101e-08 4.52875e-10 3.81327e-12 1.89302e-14 5.54056e-17
 1.6565e-11 1.79877e-09 1.15159e-07 4.34666e-06 9.67288e-05 0.00126912 0.00981819 0.0448041 0.120855 0.194724 0.196987 0.150752 0.119012 0.0913124 0.0498311 0.0167566 0.00335208 0.000396048 2.75979e-05 1.13389e-06 2.74671e-08 3.92277e-10 3.30303e-12 1.63972e-14 4.79917e-17
 1.61512e-11 1.75383e-09 1.12282e-07 4.23807e-06 9.43122e-05 0.00123742 0.00957301 0.0436875 0.117874 0.190167 0.193533 0.151116 0.122892 0.0957358 0.0524533 0.017653 0.00353199 0.000417318 2.90802e-05 1.1948e-06 2.89424e-08 4.13348e-10 3.48044e-12 1.72779e-14 5.05695e-17
 1.61889e-11 1.75792e-09 1.12544e-07 4.24796e-06 9.45324e-05 0.00124031 0.00959535 0.0437892 0.118146 0.190582 0.193848 0.151083 0.122538 0.0953328 0.0522144 0.0175713 0.0035156 0.00041538 2.89452e-05 1.18925e-06 2.8808e-08 4.11428e-10 3.46428e-12 1.71977e-14 5.03346e-17
 1.65875e-11 1.8012e-09 1.15315e-07 4.35256e-06 9.68599e-05 0.00127084 0.00983149 0.0448647 0.121017 0.194972 0.197175 0.150732 0.118801 0.0910723 0.0496888 0.0167079 0.00334232 0.000394893 2.75174e-05 1.13059e-06 2.7387e-08 3.91134e-10 3.2934e-12 1.63494e-14 4.78518e-17
 1.64707e-11 1.78852e-09 1.14503e-07 4.32191e-06 9.61778e-05 0.00126189 0.00976229 0.0445495 0.120176 0.193685 0.1962 0.150835 0.119896 0.0923208 0.0504289 0.0169609 0.0033931 0.000400897 2.79358e-05 1.14778e-06 2.78034e-08 3.97081e-10 3.34347e-12 1.6598e-14 4.85794e-17
 1.54877e-11 1.68178e-09 1.07669e-07 4.06398e-06 9.04381e-05 0.00118659 0.00917996 0.0418974 0.113094 0.18286 0.187996 0.151699 0.129112 0.102827 0.0566571 0.0190901 0.00382041 0.000451415 3.14566e-05 1.29244e-06 3.13076e-08 4.47126e-10 3.76486e-12 1.86899e-14 5.4702e-17
 1.53182e-11 1.66338e-09 1.06491e-07 4.0195e-06 8.94484e-05 0.00117361 0.00907955 0.0414401 0.111873 0.180994 0.186582 0.151848 0.130701 0.104639 0.0577311 0.0194572 0.00389409 0.000460127 3.20637e-05 1.31738e-06 3.19118e-08 4.55756e-10 3.83752e-12 1.90506e-14 5.57577e-17
 1.61544e-11 1.75417e-09 1.12304e-07 4.23891e-06 9.43308e-05 0.00123766 0.0095749 0.0436961 0.117897 0.190202 0.19356 0.151113 0.122862 0.0957017 0.0524331 0.0176461 0.00353061 0.000417153 2.90688e-05 1.19433e-06 2.89311e-08 4.13185e-10 3.47907e-12 1.72712e-14 5.05496e-17
 1.6209e-11 1.7601e-09 1.12683e-07 4.25323e-06 9.46497e-05 0.00124184 0.00960725 0.0438434 0.11829 0.190803 0.194016 0.151065 0.12235 0.0951181 0.0520872 0.0175278 0.00350687 0.000414347 2.88732e-05 1.18629e-06 2.87364e-08 4.10405e-10 3.45567e-12 1.71549e-14 5.02095e-17
 1.64272e-11 1.78379e-09 1.142e-07 4.31048e-06 9.59237e-05 0.00125856 0.0097365 0.0444321 0.119862 0.193206 0.195837 0.150873 0.120304 0.0927861 0.0507047 0.0170552 0.00341202 0.000403134 2.80917e-05 1.15418e-06 2.79586e-08 3.99297e-10 3.36213e-12 1.66906e-14 4.88505e-17
 1.66241e-11 1.80518e-09 1.15569e-07 4.36215e-06 9.70735e-05 0.00127364 0.00985316 0.0449634 0.121281 0.195374 0.19748 0.1507 0.118458 0.0906814 0.049457 0.0166287 0.00332642 0.000393014 2.73864e-05 1.1252e-06 2.72566e-08 3.89271e-10 3.27772e-12 1.62716e-14 4.76239e-17
 1.67591e-11 1.81984e-09 1.16508e-07 4.39759e-06 9.78621e-05 0.00128399 0.00993317 0.0453278 0.122254 0.196862 0.198607 0.150581 0.117192 0.0892378 0.0486013 0.0163361 0.00326771 0.000386072 2.69027e-05 1.10533e-06 2.67752e-08 3.82395e-10 3.21982e-12 1.59841e-14 4.67827e-17
 1.72974e-11 1.87829e-09 1.2025e-07 4.53883e-06 0.000101005 0.00132522 0.010252 0.04678 0.126131 0.202789 0.203099 0.150108 0.112145 0.0834847 0.0451908 0.0151703 0.00303372 0.000358409 2.49748e-05 1.02612e-06 2.48564e-08 3.54991e-10 2.98908e-12 1.48387e-14 4.34301e-17
 1.73897e-11 1.88831e-09 1.20891e-07 4.56304e-06 0.000101544 0.00133229 0.0103067 0.047029 0.126796 0.203805 0.20387 0.150027 0.11128 0.0824984 0.0446062 0.0149704 0.00299361 0.000353667 2.46443e-05 1.01254e-06 2.45274e-08 3.50293e-10 2.94952e-12 1.46423e-14 4.28553e-17
 1.79683e-11 1.95114e-09 1.24914e-07 4.71487e-06 0.000104923 0.00137662 0.0106495 0.0485901 0.130964 0.210177 0.208699 0.149518 0.105855 0.0763139 0.04094 0.0137171 0.00274208 0.00032393 2.25718e-05 9.27387e-07 2.24647e-08 3.20835e-10 2.70147e-12 1.34109e-14 3.92513e-17
 1.77223e-11 1.92443e-09 1.23204e-07 4.65032e-06 0.000103486 0.00135777 0.0105037 0.0479263 0.129192 0.207468 0.206645 0.149734 0.108162 0.0789434 0.0424988 0.01425 0.00284902 0.000336574 2.3453e-05 9.63591e-07 2.33417e-08 3.3336e-10 2.80694e-12 1.39345e-14 4.07837e-17
 1.77232e-11 1.92453e-09 1.2321e-07 4.65057e-06 0.000103492 0.00135785 0.0105043 0.047929 0.129199 0.207479 0.206654 0.149733 0.108153 0.078933 0.0424926 0.0142478 0.0028486 0.000336523 2.34495e-05 9.63447e-07 2.33382e-08 3.3331e-10 2.80652e-12 1.39324e-14 4.07776e-17
 1.77687e-11 1.92946e-09 1.23526e-07 4.66249e-06 0.000103757 0.00136133 0.0105312 0.0480515 0.129526 0.207979 0.207033 0.149694 0.107727 0.0784475 0.0422048 0.0141495 0.00282885 0.000334189 2.32868e-05 9.56763e-07 2.31763e-08 3.30998e-10 2.78705e-12 1.38357e-14 4.04947e-17
 1.85071e-11 2.00965e-09 1.2866e-07 4.85626e-06 0.000108069 0.0014179 0.0109687 0.0500439 0.134846 0.216111 0.213196 0.149044 0.100804 0.0705547 0.0375259 0.0125499 0.00250784 0.000296237 2.06419e-05 8.48091e-07 2.05439e-08 2.93402e-10 2.47048e-12 1.22642e-14 3.58951e-17
 1.98206e-11 2.15229e-09 1.37791e-07 5.20093e-06 0.000115739 0.00151852 0.0117469 0.0535879 0.144309 0.230576 0.224158 0.147889 0.0884884 0.056515 0.0292032 0.00970478 0.00193683 0.000228729 1.59372e-05 6.54786e-07 1.58613e-08 2.26526e-10 1.90738e-12 9.4688e-15 2.77135e-17
#obs surv len freq
 2.22403e-11 2.14869e-09 1.2239e-07 4.11016e-06 8.13788e-05 0.000949987 0.00653955 0.0265691 0.0640071 0.0937127 0.0935921 0.0889542 0.100559 0.109478 0.107337 0.0986169 0.0813287 0.058653 0.0369995 0.0199917 0.00882335 0.00296891 0.000708726 0.00011338 1.16945e-05
 4.46762e-12 4.16317e-10 2.28724e-08 7.40874e-07 1.41497e-05 0.00015939 0.00106085 0.0042113 0.0104618 0.0197383 0.0400367 0.0833684 0.132791 0.156298 0.154994 0.138188 0.107004 0.0725086 0.0437568 0.0225575 0.00927795 0.00285414 0.000619619 9.03674e-05 8.52731e-06
 9.04536e-11 8.11586e-09 4.29321e-07 1.33896e-05 0.000246202 0.00266904 0.0170594 0.0642887 0.142886 0.187586 0.146879 0.0736441 0.0382206 0.0466705 0.0692738 0.0755214 0.0599725 0.0383627 0.0213189 0.0101613 0.00387744 0.00109916 0.000217839 2.88559e-05 2.47218e-06
 1.11212e-10 9.59205e-09 4.87763e-07 1.46233e-05 0.000258478 0.00269375 0.0165548 0.0600517 0.129223 0.169314 0.152134 0.129093 0.121001 0.0930106 0.0510514 0.0265112 0.0192398 0.0147745 0.0089872 0.00416395 0.00146673 0.0003796 6.85818e-05 8.26671e-06 6.43248e-07
 1.29991e-10 1.0761e-08 5.25205e-07 1.51128e-05 0.000256392 0.00256463 0.0151288 0.0526946 0.109072 0.138719 0.125595 0.115496 0.122067 0.11625 0.0929739 0.060976 0.0300899 0.0114786 0.00424221 0.001663 0.000556967 0.000135205 2.23995e-05 2.45403e-06 1.73264e-07
 2.11927e-10 1.68141e-08 7.86501e-07 2.16902e-05 0.000352672 0.00338092 0.0191135 0.0637877 0.126361 0.152897 0.128702 0.10675 0.1056 0.100432 0.0840445 0.0591354 0.0318017 0.0125884 0.00380487 0.000957265 0.000217749 4.2906e-05 6.3595e-06 6.37497e-07 4.11027e-08
 2.92676e-10 2.22243e-08 9.94963e-07 2.62619e-05 0.000408684 0.00374988 0.0202927 0.0648661 0.123473 0.145845 0.127022 0.116776 0.118963 0.105694 0.0797968 0.051671 0.0266826 0.0105709 0.0032378 0.000764543 0.00013794 1.92314e-05 2.08266e-06 1.67922e-07 9.37146e-09
 4.21931e-10 3.0625e-08 1.31054e-06 3.30646e-05 0.000491838 0.00431372 0.0223149 0.068204 0.124305 0.1415 0.121515 0.113316 0.117283 0.107701 0.0846793 0.0546324 0.0266032 0.00965679 0.0027261 0.000607214 0.000102935 1.26982e-05 1.11027e-06 6.80762e-08 2.89943e-09
 6.08895e-10 4.21937e-08 1.72382e-06 4.15217e-05 0.000589665 0.0049376 0.0243886 0.0712153 0.124357 0.137475 0.119635 0.116533 0.12099 0.108781 0.0833433 0.0520601 0.0244088 0.00846188 0.00224096 0.000459395 7.12113e-05 8.03983e-06 6.37089e-07 3.43329e-08 1.22993e-09
 9.98161e-10 6.59605e-08 2.56984e-06 5.90293e-05 0.000799421 0.00638357 0.0300683 0.0837232 0.139365 0.146621 0.120833 0.111653 0.112255 0.0998279 0.0754336 0.0451745 0.0197272 0.00624729 0.00150146 0.000280384 3.96939e-05 4.08135e-06 2.93425e-07 1.4304e-08 4.61037e-10
 1.38939e-09 8.74634e-08 3.24613e-06 7.10308e-05 0.000916385 0.00697123 0.03129 0.083129 0.132894 0.138282 0.121975 0.123386 0.123545 0.103186 0.0721145 0.0400506 0.0162322 0.00472854 0.00102938 0.000172009 2.17266e-05 2.00016e-06 1.29356e-07 5.68897e-09 1.65564e-10
 2.01174e-09 1.2052e-07 4.25685e-06 8.86457e-05 0.00108838 0.00787978 0.0336649 0.085195 0.130215 0.131635 0.117311 0.121788 0.124353 0.107556 0.0768757 0.04161 0.0157051 0.00411526 0.000786987 0.000114732 1.27026e-05 1.03044e-06 5.89404e-08 2.30197e-09 5.97743e-11
 2.73802e-09 1.5596e-07 5.23756e-06 0.000103702 0.00121061 0.00833429 0.0338712 0.0817037 0.120219 0.121818 0.117544 0.130295 0.133086 0.112988 0.0785644 0.0409485 0.0148228 0.00371568 0.000670977 8.98195e-05 8.8578e-06 6.28291e-07 3.12778e-08 1.06696e-09 2.43434e-11
 4.23137e-09 2.28968e-07 7.30478e-06 0.000137399 0.00152377 0.00996574 0.0384807 0.0882338 0.123689 0.120476 0.113764 0.124907 0.128806 0.112382 0.0789468 0.0403783 0.0141658 0.00344569 0.000604767 7.80408e-05 7.2837e-06 4.77767e-07 2.15025e-08 6.51468e-10 1.3065e-11
 5.49907e-09 2.82463e-07 8.55409e-06 0.000152733 0.00160792 0.00998451 0.0366357 0.0801738 0.109504 0.111753 0.120354 0.140363 0.141037 0.116838 0.0776543 0.0377169 0.0126637 0.00297575 0.00050748 6.35249e-05 5.711e-06 3.57457e-07 1.51771e-08 4.28078e-10 7.88169e-12
 8.59778e-09 4.18924e-07 1.20344e-05 0.000203826 0.00203549 0.0119898 0.041733 0.0866411 0.112286 0.108912 0.112825 0.130886 0.136862 0.119742 0.08114 0.0387197 0.0126004 0.00287202 0.000475976 5.77179e-05 4.99699e-06 2.99472e-07 1.21083e-08 3.23346e-10 5.60119e-12
 1.41782e-08 6.54912e-07 1.78355e-05 0.000286373 0.00271121 0.015141 0.0499831 0.0985811 0.122274 0.116043 0.11911 0.1325 0.129289 0.105008 0.0667131 0.0302955 0.00952921 0.00212605 0.000345944 4.08989e-05 3.41832e-06 1.96221e-07 7.55496e-09 1.91227e-10 3.1273e-12
 1.98711e-08 8.69705e-07 2.2442e-05 0.000341431 0.00306298 0.0162121 0.0507772 0.0955089 0.115581 0.114069 0.125725 0.140909 0.133383 0.103998 0.0629751 0.0271992 0.00817126 0.0017541 0.000276183 3.16362e-05 2.55589e-06 1.41141e-07 5.19593e-09 1.2498e-10 1.93223e-12
 2.92663e-08 1.21317e-06 2.96496e-05 0.000427235 0.00363018 0.0182015 0.0540412 0.0966841 0.11289 0.111471 0.125098 0.140978 0.134903 0.105402 0.0620325 0.0253999 0.00714475 0.00143044 0.000210596 2.26986e-05 1.73575e-06 9.10314e-08 3.18492e-09 7.27146e-11 1.06443e-12
 4.5679e-08 1.7928e-06 4.14848e-05 0.000565981 0.00455344 0.0216198 0.0608246 0.103421 0.116147 0.113265 0.126056 0.13847 0.129031 0.0983361 0.0566155 0.0229805 0.00652846 0.00132745 0.000194667 2.02503e-05 1.45949e-06 7.14067e-08 2.32757e-09 4.96095e-11 6.7947e-13
 6.5746e-08 2.44255e-06 5.35007e-05 0.000690937 0.00526227 0.023661 0.0631473 0.102675 0.113776 0.116149 0.133947 0.144072 0.128491 0.0927223 0.0501045 0.0190241 0.00508096 0.000985762 0.000140478 1.43471e-05 1.01199e-06 4.78162e-08 1.4808e-09 2.95827e-11 3.7661e-13
 9.673e-08 3.40116e-06 7.05079e-05 0.000861817 0.0062126 0.026447 0.0669124 0.103757 0.112087 0.115726 0.134615 0.144234 0.128382 0.0911228 0.0473403 0.0170442 0.00428871 0.000780648 0.00010421 1.00042e-05 6.68218e-07 3.01139e-08 8.92548e-10 1.70408e-11 2.06222e-13
 1.49761e-07 4.98342e-06 9.7769e-05 0.00113096 0.0077161 0.0310963 0.0745739 0.110216 0.115665 0.11903 0.136426 0.141635 0.121589 0.0825046 0.0406084 0.0137974 0.00327209 0.000559874 6.99022e-05 6.24385e-06 3.86918e-07 1.61802e-08 4.46217e-10 7.95848e-12 9.03182e-14
 2.12822e-07 6.70204e-06 0.000124436 0.00136228 0.00879723 0.0335774 0.0764805 0.108713 0.114283 0.122988 0.142195 0.143315 0.118449 0.0773099 0.0367751 0.0122161 0.00286168 0.000482259 5.82809e-05 4.93657e-06 2.85787e-07 1.10701e-08 2.81609e-10 4.62597e-12 4.83611e-14
 2.80014e-07 8.34554e-06 0.000146649 0.00151953 0.00928935 0.033598 0.0728551 0.100572 0.108787 0.125808 0.149268 0.14981 0.122197 0.0772503 0.0349872 0.0110052 0.00245178 0.000396447 4.62725e-05 3.78433e-06 2.10027e-07 7.71405e-09 1.83992e-10 2.80824e-12 2.71088e-14
 4.14626e-07 1.16964e-05 0.000194537 0.00190793 0.0110412 0.037819 0.0778191 0.102764 0.108666 0.124911 0.147152 0.147977 0.120661 0.0745634 0.0323973 0.00970603 0.00205501 0.000314959 3.475e-05 2.68534e-06 1.41024e-07 4.9067e-09 1.10765e-10 1.59502e-12 1.44577e-14
 5.12687e-07 1.36906e-05 0.000215555 0.00200146 0.0109708 0.0356742 0.0704128 0.0928971 0.107194 0.135587 0.160419 0.154801 0.119881 0.0703435 0.0291757 0.00841037 0.00172104 0.00025388 2.66837e-05 1.94486e-06 9.57246e-08 3.11229e-09 6.56061e-11 8.82514e-13 7.47703e-15
 8.5753e-07 2.16794e-05 0.000323152 0.00284059 0.0147384 0.0453335 0.0843595 0.103594 0.108808 0.127872 0.149484 0.147903 0.115678 0.0656017 0.0253552 0.00666622 0.00123598 0.000166598 1.62409e-05 1.1093e-06 5.12862e-08 1.56209e-09 3.07209e-11 3.84217e-13 3.01993e-15
 1.14102e-06 2.73136e-05 0.000385513 0.00320924 0.0157792 0.0461311 0.0826775 0.102536 0.117536 0.145442 0.160809 0.143331 0.101679 0.0539893 0.0201531 0.00522293 0.000955291 0.000124274 1.13549e-05 7.13369e-07 3.01961e-08 8.44974e-10 1.53444e-11 1.7779e-13 1.29598e-15
#pred catch len freq
 2.74407e-13 2.97974e-11 1.9077e-09 7.20137e-08 1.60343e-06 2.10961e-05 0.00016551 0.000809015 0.00291986 0.010663 0.0388641 0.103681 0.175794 0.192718 0.156623 0.114406 0.0786216 0.0489354 0.0289488 0.0172757 0.0108163 0.00739471 0.00544482 0.00379623 0.00209935
 1.53989e-13 1.67215e-11 1.07056e-09 4.04157e-08 9.00215e-07 1.18663e-05 9.39757e-05 0.00047953 0.0019893 0.00882648 0.0354257 0.0969736 0.165842 0.184088 0.154338 0.119464 0.0890778 0.0606821 0.0373596 0.0208868 0.0111053 0.00611976 0.00370668 0.00230479 0.00122396
 3.7352e-13 4.05599e-11 2.59671e-09 9.80178e-08 2.18183e-06 2.86655e-05 0.000223304 0.00105493 0.00333868 0.00936613 0.0283209 0.0719095 0.124216 0.149193 0.147945 0.137626 0.115293 0.0853665 0.0573405 0.0344322 0.0182042 0.00877066 0.00421927 0.00213599 0.00101392
 8.62375e-13 9.36437e-11 5.9952e-09 2.26297e-07 5.03682e-06 6.61458e-05 0.000514115 0.00240195 0.00724567 0.0178644 0.0471942 0.112343 0.182803 0.189271 0.13578 0.0872291 0.0652153 0.0538438 0.0415011 0.0277608 0.0159114 0.00779397 0.00335624 0.00136605 0.000533256
 7.66336e-13 8.3215e-11 5.32755e-09 2.01098e-07 4.47628e-06 5.88058e-05 0.000457904 0.00215876 0.00677254 0.0185775 0.0548393 0.136132 0.222596 0.226479 0.151573 0.0793555 0.0406434 0.0226971 0.0146791 0.0103403 0.00667887 0.0035958 0.00158489 0.000586306 0.000189596
 7.10214e-12 7.71208e-10 4.93735e-08 1.86361e-06 4.14726e-05 0.000544182 0.00421166 0.0192603 0.052515 0.0891501 0.111528 0.14118 0.180176 0.17307 0.114633 0.0595219 0.0288786 0.0133429 0.00592248 0.00286679 0.00160522 0.000904113 0.000432911 0.000164208 4.92174e-05
 9.26996e-12 1.00661e-09 6.44439e-08 2.43244e-06 5.41311e-05 0.000710265 0.00549644 0.0251215 0.0683011 0.114388 0.136104 0.157167 0.187407 0.169286 0.0960538 0.032558 0.00652337 0.000770976 5.37288e-05 2.20814e-06 5.37221e-08 8.67323e-10 5.23724e-11 1.80329e-11 5.48759e-12
 9.13185e-12 9.9161e-10 6.34838e-08 2.3962e-06 5.33247e-05 0.000699685 0.00541463 0.0247489 0.0673061 0.112868 0.134951 0.157288 0.188702 0.170762 0.0969289 0.0328572 0.0065834 0.000778069 5.42217e-05 2.22779e-06 5.39655e-08 7.7072e-10 6.48956e-12 3.22161e-14 9.42909e-17
 9.8375e-12 1.06824e-09 6.83894e-08 2.58136e-06 5.74452e-05 0.000753743 0.00583267 0.0266528 0.0723897 0.120638 0.140841 0.156668 0.182086 0.163219 0.0924578 0.0313287 0.00627664 0.000741803 5.16942e-05 2.12394e-06 5.14499e-08 7.34793e-10 6.18706e-12 3.07144e-14 8.9896e-17
 1.10222e-11 1.19688e-09 7.66255e-08 2.89224e-06 6.4363e-05 0.000844502 0.00653452 0.0298492 0.0809245 0.133685 0.150728 0.155626 0.170979 0.150557 0.0849512 0.0287625 0.00576163 0.000680915 4.74508e-05 1.9496e-06 4.72265e-08 6.74476e-10 5.67918e-12 2.81931e-14 8.25162e-17
 1.22221e-11 1.32717e-09 8.49667e-08 3.20707e-06 7.13692e-05 0.000936418 0.00724533 0.0330865 0.0895682 0.146898 0.160742 0.154571 0.15973 0.137732 0.0773488 0.0261636 0.00524004 0.000619251 4.31533e-05 1.77302e-06 4.29493e-08 6.13389e-10 5.16482e-12 2.56397e-14 7.50428e-17
 1.265e-11 1.37364e-09 8.7942e-08 3.31937e-06 7.38682e-05 0.000969204 0.00749887 0.0342412 0.0926514 0.151611 0.164314 0.154194 0.155717 0.133158 0.0746371 0.0252366 0.00505399 0.000597255 4.16204e-05 1.71004e-06 4.14236e-08 5.916e-10 4.98135e-12 2.47289e-14 7.2377e-17
 1.23481e-11 1.34085e-09 8.58426e-08 3.24013e-06 7.21049e-05 0.00094607 0.00731997 0.0334264 0.090476 0.148286 0.161793 0.15446 0.158548 0.136385 0.0765505 0.0258907 0.00518526 0.000612775 4.2702e-05 1.75448e-06 4.25001e-08 6.06974e-10 5.1108e-12 2.53715e-14 7.4258e-17
 1.22794e-11 1.3334e-09 8.53654e-08 3.22212e-06 7.17041e-05 0.000940812 0.0072793 0.0332412 0.0899814 0.14753 0.16122 0.15452 0.159192 0.137119 0.0769854 0.0260394 0.00521511 0.000616303 4.29479e-05 1.76458e-06 4.27448e-08 6.10469e-10 5.14023e-12 2.55176e-14 7.46856e-17
 1.18905e-11 1.29117e-09 8.26619e-08 3.12008e-06 6.94332e-05 0.00091102 0.00704892 0.032192 0.0871798 0.143247 0.157975 0.154862 0.162838 0.141276 0.0794495 0.0268818 0.00538416 0.00063629 4.43408e-05 1.82181e-06 4.41311e-08 6.30268e-10 5.30695e-12 2.63453e-14 7.71078e-17
 1.15133e-11 1.25021e-09 8.00395e-08 3.02109e-06 6.72306e-05 0.000882122 0.00682544 0.0311742 0.0844623 0.139093 0.154827 0.155194 0.166375 0.145308 0.0818396 0.0276988 0.00554815 0.000655677 4.56919e-05 1.87733e-06 4.54759e-08 6.49474e-10 5.46866e-12 2.7148e-14 7.94574e-17
 1.33401e-11 1.44857e-09 9.27389e-08 3.50043e-06 7.78974e-05 0.00102206 0.00790765 0.0361029 0.0976224 0.15921 0.170072 0.153588 0.149248 0.125782 0.070265 0.023742 0.00475403 0.000561792 3.91489e-05 1.60849e-06 3.89637e-08 5.56469e-10 4.68554e-12 2.32604e-14 6.80791e-17
 1.31425e-11 1.42712e-09 9.13656e-08 3.4486e-06 7.67439e-05 0.00100693 0.00779062 0.0355699 0.0961993 0.157034 0.168424 0.153761 0.1511 0.127894 0.0715167 0.0241699 0.0048399 0.000571945 3.98565e-05 1.63756e-06 3.96679e-08 5.66526e-10 4.77023e-12 2.36808e-14 6.93095e-17
 1.37568e-11 1.49382e-09 9.56359e-08 3.60978e-06 8.03307e-05 0.00105399 0.00815452 0.0372272 0.100624 0.163799 0.17355 0.153221 0.145341 0.121328 0.0676246 0.0228394 0.00457287 0.000540375 3.76563e-05 1.54717e-06 3.74782e-08 5.35253e-10 4.5069e-12 2.23736e-14 6.54835e-17
 1.38613e-11 1.50517e-09 9.63623e-08 3.6372e-06 8.09408e-05 0.00106199 0.00821642 0.0375091 0.101377 0.164949 0.174422 0.153129 0.144361 0.120212 0.0669626 0.0226131 0.00452745 0.000535006 3.72821e-05 1.53179e-06 3.71057e-08 5.29933e-10 4.46211e-12 2.21512e-14 6.48327e-17
 1.40719e-11 1.52804e-09 9.78265e-08 3.69246e-06 8.21707e-05 0.00107813 0.0083412 0.0380774 0.102895 0.167269 0.17618 0.152944 0.142386 0.11796 0.0656281 0.0221568 0.00443589 0.000524181 3.65277e-05 1.50079e-06 3.63549e-08 5.1921e-10 4.37182e-12 2.1703e-14 6.35208e-17
 1.52451e-11 1.65544e-09 1.05983e-07 4.00032e-06 8.90214e-05 0.001168 0.00903623 0.0412428 0.111346 0.180189 0.185971 0.151913 0.131387 0.10542 0.0581944 0.0196156 0.00392588 0.000463884 3.23255e-05 1.32814e-06 3.21725e-08 4.59478e-10 3.86887e-12 1.92062e-14 5.62131e-17
 1.53746e-11 1.6695e-09 1.06883e-07 4.03429e-06 8.97775e-05 0.00117792 0.00911294 0.0415922 0.112279 0.181615 0.187052 0.151799 0.130173 0.104036 0.057374 0.0193351 0.00386959 0.00045723 3.18618e-05 1.30908e-06 3.17109e-08 4.52886e-10 3.81336e-12 1.89307e-14 5.54066e-17
 1.63691e-11 1.77748e-09 1.13796e-07 4.29524e-06 9.55843e-05 0.00125411 0.00970208 0.0442753 0.119443 0.192566 0.195352 0.150924 0.120849 0.0934072 0.0510729 0.0171811 0.00343728 0.000406121 2.82999e-05 1.16274e-06 2.81658e-08 4.02256e-10 3.38705e-12 1.68143e-14 4.92125e-17
 1.62234e-11 1.76166e-09 1.12783e-07 4.25701e-06 9.47337e-05 0.00124295 0.00961577 0.0438822 0.118394 0.190962 0.194136 0.151052 0.122215 0.0949644 0.051996 0.0174966 0.00350062 0.000413608 2.88217e-05 1.18418e-06 2.86851e-08 4.09673e-10 3.4495e-12 1.71243e-14 5.01199e-17
 1.62801e-11 1.76783e-09 1.13178e-07 4.27191e-06 9.50652e-05 0.0012473 0.00964941 0.0440354 0.118803 0.191587 0.19461 0.151002 0.121683 0.0943575 0.0516363 0.0173737 0.00347593 0.00041069 2.86183e-05 1.17582e-06 2.84827e-08 4.06782e-10 3.42516e-12 1.70035e-14 4.97662e-17
 1.63125e-11 1.77134e-09 1.13403e-07 4.28039e-06 9.52539e-05 0.00124977 0.00966855 0.0441226 0.119036 0.191943 0.194879 0.150974 0.12138 0.0940121 0.0514315 0.0173037 0.00346189 0.000409029 2.85026e-05 1.17106e-06 2.83675e-08 4.05137e-10 3.41131e-12 1.69347e-14 4.9565e-17
 1.75803e-11 1.90901e-09 1.22217e-07 4.61306e-06 0.000102657 0.0013469 0.0104196 0.0475433 0.128169 0.205905 0.20546 0.149859 0.109493 0.0804609 0.0433983 0.0145575 0.00291074 0.00034387 2.39615e-05 9.84485e-07 2.38479e-08 3.40588e-10 2.8678e-12 1.42366e-14 4.1668e-17
 1.71649e-11 1.8639e-09 1.19329e-07 4.50406e-06 0.000100231 0.00131507 0.0101735 0.0464225 0.125177 0.20133 0.201994 0.150224 0.113388 0.084901 0.0460304 0.0154573 0.00309132 0.00036522 2.54494e-05 1.04562e-06 2.53287e-08 3.61738e-10 3.04588e-12 1.51206e-14 4.42554e-17
#obs catch len freq
 1.56323e-11 1.51028e-09 8.60261e-08 2.88896e-06 5.72001e-05 0.00066775 0.00459727 0.0186909 0.0451962 0.0674565 0.0730329 0.0825633 0.106045 0.121959 0.123762 0.114831 0.0930999 0.0659283 0.0421223 0.0238572 0.0111164 0.00389199 0.000951169 0.000154309 1.60746e-05
 1.5126e-11 1.40952e-09 7.74389e-08 2.50834e-06 4.79026e-05 0.000539406 0.00358306 0.0140748 0.0331269 0.0498776 0.0611416 0.0850281 0.11843 0.134301 0.131916 0.12035 0.0980691 0.0697802 0.0432756 0.0228143 0.00971312 0.00311325 0.000700473 0.000104826 1.00629e-05
 1.32599e-12 1.18973e-10 6.29368e-09 1.96305e-07 3.61143e-06 3.92596e-05 0.000254681 0.00103615 0.00322064 0.0107458 0.0358982 0.0872007 0.140365 0.163264 0.160465 0.141384 0.107976 0.0722445 0.0428453 0.0214862 0.0084996 0.00248726 0.000508758 6.93981e-05 6.09328e-06
 1.94526e-11 1.67779e-09 8.53169e-08 2.55783e-06 4.52116e-05 0.000471177 0.00289569 0.0105044 0.0226116 0.0297323 0.0278237 0.0311345 0.0589583 0.118423 0.179983 0.1908 0.147908 0.0930055 0.0507465 0.0235209 0.00862103 0.00232121 0.000433054 5.36355e-05 4.2753e-06
 5.34679e-11 4.42621e-09 2.16028e-07 6.21628e-06 0.000105465 0.00105521 0.00623296 0.0218645 0.046957 0.0706419 0.103561 0.163963 0.202533 0.162115 0.0883171 0.0468598 0.0346129 0.0260182 0.0153204 0.00684842 0.00231137 0.000567743 9.65088e-05 1.08733e-05 7.87081e-07
 1.52726e-10 1.21171e-08 5.66793e-07 1.56311e-05 0.000254157 0.00243662 0.0137789 0.0460526 0.0919456 0.115681 0.113059 0.122149 0.139266 0.132863 0.104677 0.0669159 0.0320321 0.0120195 0.0044453 0.00171134 0.000548859 0.000126072 1.96245e-05 2.00884e-06 1.31936e-07
 2.78495e-10 2.11474e-08 9.46753e-07 2.49894e-05 0.000388882 0.00356818 0.0193091 0.0617183 0.117443 0.138513 0.120074 0.110345 0.115602 0.11006 0.0908722 0.0623739 0.0324706 0.0124389 0.00365461 0.00089907 0.000199222 3.75776e-05 5.248e-06 4.91468e-07 2.94667e-08
 3.57304e-10 2.59342e-08 1.1098e-06 2.80002e-05 0.000416507 0.00365317 0.0189021 0.0578406 0.106062 0.124328 0.117937 0.125879 0.135627 0.119997 0.0893486 0.0565953 0.0283769 0.0108972 0.00322951 0.000735007 0.00012742 1.70113e-05 1.75082e-06 1.32771e-07 6.91036e-09
 5.67346e-10 3.93145e-08 1.60619e-06 3.86884e-05 0.00054943 0.00460075 0.0227265 0.0663884 0.116169 0.129701 0.116663 0.118918 0.126379 0.114925 0.0887463 0.0556474 0.0261877 0.00920176 0.00251674 0.000540424 8.76537e-05 1.02804e-05 8.50373e-07 4.90904e-08 1.9578e-09
 8.69388e-10 5.7451e-08 2.2383e-06 5.1414e-05 0.000696294 0.00556028 0.0261955 0.0730137 0.122179 0.131764 0.117618 0.120198 0.125203 0.110865 0.0832778 0.0504822 0.0228397 0.00764724 0.00195673 0.000386034 5.7222e-05 6.13737e-06 4.59269e-07 2.3256e-08 7.79595e-10
 1.4806e-09 9.32051e-08 3.45923e-06 7.56937e-05 0.000976535 0.00742858 0.0333372 0.0884901 0.14083 0.143551 0.119121 0.113192 0.113413 0.0991784 0.073242 0.042395 0.017808 0.0054363 0.00126169 0.000226697 3.06688e-05 2.99328e-06 2.03108e-07 9.29983e-09 2.80411e-10
 2.10228e-09 1.25945e-07 4.44845e-06 9.26356e-05 0.00113736 0.00823444 0.0351799 0.0890266 0.13605 0.137398 0.121813 0.124365 0.122415 0.100091 0.0682978 0.0366426 0.0142647 0.00399687 0.000838466 0.000134657 1.62497e-05 1.4201e-06 8.66827e-08 3.58036e-09 9.74657e-11
 3.11e-09 1.77149e-07 5.94913e-06 0.000117791 0.00137506 0.00946585 0.0384578 0.0926158 0.135164 0.132297 0.117531 0.121739 0.121841 0.10309 0.0715801 0.0372053 0.0134254 0.00337174 0.0006202 8.68805e-05 9.19182e-06 7.07928e-07 3.82249e-08 1.40246e-09 3.4073e-11
 4.28745e-09 2.32002e-07 7.40159e-06 0.00013922 0.00154397 0.0100981 0.0389955 0.0894596 0.125718 0.123624 0.118687 0.129965 0.129558 0.107445 0.0724428 0.036204 0.0125163 0.00300237 0.000519924 6.6635e-05 6.26354e-06 4.21403e-07 1.98058e-08 6.3501e-10 1.35626e-11
 6.73001e-09 3.45691e-07 1.04689e-05 0.00018692 0.00196777 0.0122169 0.0447879 0.097579 0.130448 0.122811 0.114443 0.123495 0.124333 0.105827 0.0717876 0.0351022 0.0117485 0.00273329 0.00045951 5.66454e-05 5.02554e-06 3.11883e-07 1.32272e-08 3.76283e-10 7.0625e-12
 8.81074e-09 4.29301e-07 1.23325e-05 0.000208875 0.00208594 0.0122876 0.0427819 0.088947 0.116045 0.115048 0.122125 0.138898 0.135775 0.109595 0.070304 0.0326428 0.0104579 0.00235055 0.000383724 4.58265e-05 3.91017e-06 2.31177e-07 9.23438e-09 2.442e-10 4.20312e-12
 1.4001e-08 6.46727e-07 1.76126e-05 0.000282794 0.0026773 0.0149511 0.0493467 0.0972331 0.120078 0.112396 0.113804 0.128601 0.131054 0.111356 0.0724254 0.0329347 0.0102164 0.00222637 0.000352892 4.07737e-05 3.34596e-06 1.89182e-07 7.188e-09 1.79773e-10 2.90831e-12
 2.30287e-08 1.0079e-06 2.60081e-05 0.000395682 0.00354952 0.0187834 0.0587688 0.109965 0.12995 0.118974 0.119024 0.128538 0.122024 0.096256 0.0587478 0.0254479 0.00763639 0.00162902 0.000253225 2.8476e-05 2.2524e-06 1.21825e-07 4.40303e-09 1.04277e-10 1.5913e-12
 3.27182e-08 1.35626e-06 3.31466e-05 0.000477623 0.00405823 0.0203452 0.0603697 0.107685 0.124076 0.117721 0.125352 0.13563 0.124669 0.0942555 0.0547622 0.0225509 0.00646381 0.00132681 0.0001995 2.17189e-05 1.65874e-06 8.62002e-08 2.97526e-09 6.68902e-11 9.64126e-13
 4.81634e-08 1.89031e-06 4.37411e-05 0.000596761 0.00480098 0.0227929 0.0640951 0.108733 0.120922 0.114871 0.124581 0.135756 0.126194 0.0952904 0.0536068 0.0208799 0.00559683 0.00107097 0.000150582 1.54271e-05 1.11504e-06 5.50072e-08 1.8032e-09 3.84504e-11 5.24344e-13
 7.59816e-08 2.82281e-06 6.18297e-05 0.000798488 0.00608092 0.0273313 0.0728011 0.117274 0.125056 0.116329 0.123975 0.131282 0.118738 0.087391 0.0481093 0.0186022 0.00503959 0.000977538 0.000136367 1.34359e-05 9.13456e-07 4.20043e-08 1.28242e-09 2.55218e-11 3.2553e-13
 1.10105e-07 3.87143e-06 8.02566e-05 0.000980964 0.00707106 0.0300924 0.0760222 0.117053 0.122942 0.119121 0.130872 0.135404 0.117033 0.081418 0.0420171 0.0151925 0.00387252 0.000717796 9.73959e-05 9.41645e-06 6.25456e-07 2.7716e-08 8.02458e-10 1.49498e-11 1.77108e-13
 1.64141e-07 5.46193e-06 0.000107156 0.00123953 0.00845627 0.0340676 0.081564 0.119616 0.121892 0.118263 0.130233 0.134113 0.115504 0.0787703 0.0389844 0.013348 0.00320222 0.000556411 7.06963e-05 6.42577e-06 4.04261e-07 1.70846e-08 4.73148e-10 8.41661e-12 9.46885e-14
 2.51984e-07 7.93529e-06 0.000147332 0.00161289 0.010414 0.0397178 0.0901317 0.125964 0.124625 0.12047 0.130809 0.130588 0.108379 0.0705542 0.0330496 0.0106733 0.00241189 0.000393589 4.67242e-05 3.94824e-06 2.30337e-07 9.03102e-09 2.32702e-10 3.8666e-12 4.07855e-14
 3.61825e-07 1.07838e-05 0.000189493 0.00196334 0.0119992 0.0433415 0.0933864 0.125314 0.123462 0.123719 0.134962 0.13066 0.104313 0.0652933 0.0295769 0.00934714 0.00208596 0.000334585 3.83394e-05 3.06527e-06 1.66825e-07 6.05366e-09 1.43814e-10 2.20026e-12 2.13755e-14
 4.85149e-07 1.36858e-05 0.000227623 0.00223236 0.0129165 0.0442079 0.0906276 0.117751 0.118331 0.126331 0.141218 0.13613 0.107026 0.0647066 0.0278673 0.00833769 0.00177038 0.000272569 3.0156e-05 2.32542e-06 1.21147e-07 4.16215e-09 9.25968e-11 1.31517e-12 1.17916e-14
 7.22841e-07 1.93024e-05 0.000303901 0.00282138 0.0154546 0.0500927 0.097399 0.120766 0.11784 0.124257 0.137819 0.133111 0.104342 0.0614875 0.0253676 0.00722425 0.00145684 0.000212427 2.22027e-05 1.61719e-06 7.96985e-08 2.59265e-09 5.45566e-11 7.30547e-13 6.146e-15
 9.20181e-07 2.32633e-05 0.000346762 0.00304814 0.0158156 0.0486509 0.0905645 0.111311 0.116668 0.134394 0.149645 0.138553 0.103027 0.0576275 0.0227023 0.00622214 0.00121194 0.000169833 1.68824e-05 1.15842e-06 5.34646e-08 1.62448e-09 3.19098e-11 3.99039e-13 3.13691e-15
 1.52234e-06 3.64412e-05 0.00051432 0.00428062 0.0210265 0.0611898 0.107406 0.122881 0.11697 0.124604 0.137003 0.129889 0.0970875 0.0522492 0.0191259 0.00477401 0.000842609 0.000108013 9.96787e-06 6.41004e-07 2.77746e-08 7.90034e-10 1.44696e-11 1.68157e-13 1.22594e-15
#spawning biomass
 7959.98 6610.64 5385.86 5217.3 7951.8 11786.6 16629.9 21212.1 28471.4 36748.2 53294.2 61219 68628.2 88894.3 105313 99642.3 100693 95737.2 97946.5 96742.4 101278 111240 114133 124143 126507 119325 110625 112194 119414 190883 426902 613640 769706 886358 964466 1.00966e+06 1.02903e+06 1.02942e+06 1.01665e+06 995346 968981 940077 910394 878962 845322 815332 788594 764756 743504 724556 707664 692605 679178 667208 656536 647022 638540 630977 624235 618225 612866 608088 603829 600032 596646 593628 590937 588538 586399 584492 582792 581277 579925 578721 577647 576689 575836 575075 574396 573791 573252 572771 572342 571960 571619 571316 571045 570803 570588 570396 570225 570073 569937 569815 569707 569611 569525 569448 569380 569319 569265 569217 569173 569135 569101 569070 569043 569019 568997 568978 568960 568945 568931 568919 568908 568899 568890 568882 568875 568869 568864 568859 568855 568851 568847 568844 568841 568839 568837 0 0 0 0 0 0 0 0 0 0 0 0 0 0 0 0 0 0 0 0 0 0 0 0 0
