SBPRF35
0.819782
Curr Bio
107475
B35
684024
F35
0.207454
FOFL
0
OFL
0
Bzero
234224
#pred survey bio
 6055.99 6928.39 8300.28 10525.2 15001 18604.4 17121.2 21479.9 34254.4 48204.1 57949.4 79561.1 106111 136501 137270 113071 109372 109518 105914 96287.7 105980 106439 111126 112420 123526 139641 125729 113697 2.74039e+06 4.35984e+06 4.92401e+06 4.89406e+06 4.53423e+06 4.05393e+06 3.57773e+06 3.16373e+06 2.82943e+06 2.57155e+06 2.37844e+06 2.23658e+06 2.13361e+06 2.05933e+06 2.00538e+06 1.9652e+06 1.93683e+06 1.9166e+06 1.90202e+06 1.8914e+06 1.88359e+06 1.87777e+06 1.87339e+06 1.87006e+06 1.86751e+06 1.86553e+06 1.86398e+06 1.86277e+06 1.86181e+06 1.86104e+06 1.86043e+06 1.85994e+06 1.85954e+06 1.85922e+06 1.85896e+06 1.85875e+06 1.85858e+06 1.85844e+06 1.85833e+06 1.85824e+06 1.85816e+06 1.8581e+06 1.85805e+06 1.85801e+06 1.85798e+06 1.85795e+06 1.85793e+06 1.85791e+06 1.85789e+06 1.85788e+06 1.85787e+06 1.85786e+06 1.85785e+06 1.85785e+06 1.85784e+06 1.85784e+06 1.85784e+06 1.85784e+06 1.85783e+06 1.85783e+06 1.85783e+06 1.85783e+06 1.85783e+06 1.85783e+06 1.85783e+06 1.85783e+06 1.85783e+06 1.85783e+06 1.85783e+06 1.85782e+06 1.85782e+06 1.85782e+06 1.85782e+06 1.85782e+06 1.85782e+06 1.85782e+06 1.85782e+06 1.85782e+06 1.85782e+06 1.85782e+06 1.85782e+06 1.85782e+06 1.85782e+06 1.85782e+06 1.85782e+06 1.85782e+06 1.85782e+06 1.85782e+06 1.85782e+06 1.85782e+06 1.85782e+06 1.85782e+06 1.85782e+06 1.85782e+06 1.85782e+06 1.85782e+06 1.85782e+06 1.85782e+06 1.85782e+06 1.85782e+06 0 0 0 0 0 0 0 0 0 0 0 0 0 0 0 0 0 0 0 0 0 0 0 0 0
#obs survey bio
 5313.43 9322.82 14260.8 12409 16908.6 20384.7 26247.1 23626.9 40374.3 50978.1 82471.2 68597.4 155235 107647 148421 98011.8 114979 137127 95144.9 76814.6 116779 128000 158796 149322 177115 146252 152852 79115.9
#pred catch bio
 3765.43 4940.33 6265.12 7597.22 10458.7 14556.1 12909.1 15123.9 25217.7 38138.2 43664.3 61429 80635.7 108106 115185 92973.7 90717.4 91719.3 91960.8 79982.1 90802.1 89093.9 95827 96676.5 103652 124462 112196 98413.8 0 34948.1 39244.5 38653.4 35395.5 31220.8 27160.4 23684.6 20921.8 18828.9 17295 16196.9 15424.4 14887.6 14515.9 14256.6 14084 13969.2 13892.8 13841.9 13808.1 13785.6 13770.7 13760.7 13754.1 13749.7 13746.7 13744.8 13743.5 13742.6 13742 13741.7 13741.4 13741.2 13741.1 13741 13741 13741 13740.9 13740.9 13740.9 13740.9 13740.9 13740.9 13740.9 13740.9 13740.9 13740.9 13740.9 13740.9 13740.9 13740.9 13740.9 13740.9 13740.9 13740.9 13740.9 13740.9 13740.9 13740.9 13740.9 13740.9 13740.9 13740.9 13740.9 13740.9 13740.9 13740.9 13740.9 13740.9 13740.9 13740.9 13740.9 13740.9 13740.9 13740.9 13740.9 13740.9 13740.9 13740.9 13740.9 13740.9 13740.9 13740.9 13740.9 13740.9 13740.9 13740.9 13740.9 13740.9 13740.9 13740.9 13740.9 13740.9 13740.9 13740.9 13740.9 13740.9 13740.9 13740.9 0 0 0 0 0 0 0 0 0 0 0 0 0 0 0 0 0 0 0 0 0 0 0 0 0
#obs catch bio
 5146.18 4836.35 6041.7 7507.1 10329.3 14409.8 12450.5 14467.9 24224 37754.6 42392.5 59860.5 77981.1 105906 114356 94137.6 89233.9 90296.2 90705.5 79604.4 88820.6 85404.4 90229.8 94308.7 99295 120492 108083 97955.4
#pred cpue bio
 5291.31 5770.94 6716.68 8319.36 11929.3 15629.2 14099.8 16835.6 26832.9 38314.3 45813.2 62580.8 83282.3 109337 113622 92248 87731.1 87612.9 85125 76076.4 83451.7 84145.1 88257.1 87650.8 95742.7 109846 99023.1 89252.6 2.15372e+06 4.31762e+06 4.88178e+06 4.85184e+06 4.49201e+06 4.01171e+06 3.5355e+06 3.12151e+06 2.78721e+06 2.52933e+06 2.33622e+06 2.19436e+06 2.09139e+06 2.01711e+06 1.96316e+06 1.92298e+06 1.89461e+06 1.87438e+06 1.8598e+06 1.84918e+06 1.84137e+06 1.83555e+06 1.83117e+06 1.82784e+06 1.82529e+06 1.82331e+06 1.82176e+06 1.82055e+06 1.81959e+06 1.81882e+06 1.81821e+06 1.81772e+06 1.81732e+06 1.817e+06 1.81674e+06 1.81653e+06 1.81636e+06 1.81622e+06 1.81611e+06 1.81602e+06 1.81594e+06 1.81588e+06 1.81583e+06 1.81579e+06 1.81575e+06 1.81573e+06 1.8157e+06 1.81568e+06 1.81567e+06 1.81566e+06 1.81565e+06 1.81564e+06 1.81563e+06 1.81563e+06 1.81562e+06 1.81562e+06 1.81562e+06 1.81561e+06 1.81561e+06 1.81561e+06 1.81561e+06 1.81561e+06 1.81561e+06 1.81561e+06 1.8156e+06 1.8156e+06 1.8156e+06 1.8156e+06 1.8156e+06 1.8156e+06 1.8156e+06 1.8156e+06 1.8156e+06 1.8156e+06 1.8156e+06 1.8156e+06 1.8156e+06 1.8156e+06 1.8156e+06 1.8156e+06 1.8156e+06 1.8156e+06 1.8156e+06 1.8156e+06 1.8156e+06 1.8156e+06 1.8156e+06 1.8156e+06 1.8156e+06 1.8156e+06 1.8156e+06 1.8156e+06 1.8156e+06 1.8156e+06 1.8156e+06 1.8156e+06 1.8156e+06 1.8156e+06 1.8156e+06 1.8156e+06 0 0 0 0 0 0 0 0 0 0 0 0 0 0 0 0 0 0 0 0 0 0 0 0 0
#obs cpue bio
 6320.75 8292.29 6986.11 6894.72 12378.7 17369 21801 28021.5 41931.4 33288.2 63252.6 96219.5 105824 161308 117542 81777.8 121435 88332.6 117735 95419 120665 146485 170290 83533.2 141268 166063 150426 129511
#pred surv len freq
 2.56646e-27 2.5972e-27 4.09343e-26 8.09549e-20 1.98451e-14 5.88046e-10 2.10628e-06 0.00091194 0.0477277 0.301938 0.231151 0.0375177 0.123172 0.113789 0.0286338 0.0370434 0.0171446 0.0148909 0.0100363 0.00825001 0.00691341 0.00631402 0.00664044 0.00605701 0.00186712
 2.56782e-27 2.60057e-27 4.34895e-26 8.63436e-20 2.11661e-14 6.27189e-10 2.24649e-06 0.000972642 0.0509046 0.322036 0.246547 0.0406126 0.135909 0.125198 0.024703 0.0249679 0.00980787 0.0063341 0.00347219 0.00238816 0.00173351 0.00140433 0.0013407 0.00124283 0.000422067
 2.56871e-27 2.6029e-27 4.54095e-26 9.03934e-20 2.21589e-14 6.56607e-10 2.35185e-06 0.00101826 0.0532922 0.337141 0.258091 0.0412515 0.132661 0.12208 0.0220485 0.0196073 0.00676963 0.00304724 0.00127878 0.000649469 0.000365654 0.00024592 0.000203371 0.000181703 6.44078e-05
 2.56957e-27 2.60519e-27 4.73767e-26 9.45431e-20 2.31761e-14 6.8675e-10 2.45982e-06 0.00106501 0.0557387 0.352618 0.269908 0.0411888 0.123882 0.113894 0.0190743 0.0148573 0.00490496 0.00185573 0.000620405 0.000214727 8.15109e-05 3.95144e-05 2.5895e-05 2.08882e-05 7.42882e-06
 2.5693e-27 2.60442e-27 4.66804e-26 9.30742e-20 2.2816e-14 6.76079e-10 2.4216e-06 0.00104846 0.0548727 0.34714 0.265729 0.0415016 0.129198 0.118786 0.0196987 0.0150389 0.00479366 0.00154168 0.000469168 0.000129843 3.23652e-05 9.51074e-06 4.11369e-06 2.6937e-06 9.22746e-07
 2.56673e-27 2.59746e-27 4.05446e-26 8.01304e-20 1.9643e-14 5.82057e-10 2.08483e-06 0.000902652 0.0472416 0.298863 0.228893 0.0431546 0.167659 0.154318 0.0267412 0.0221618 0.00704258 0.00220678 0.000628705 0.00014817 2.98511e-05 5.49664e-06 1.23785e-06 5.29284e-07 1.63824e-07
 2.56779e-27 2.60041e-27 4.3208e-26 8.57492e-20 2.10204e-14 6.22871e-10 2.23102e-06 0.000965947 0.0505542 0.31982 0.244875 0.0419022 0.146899 0.135261 0.0251692 0.0233857 0.00759454 0.00262033 0.000747926 0.000168893 2.95943e-05 4.23065e-06 5.20725e-07 1.01956e-07 2.45381e-08
 2.56994e-27 2.60621e-27 4.83172e-26 9.65273e-20 2.36625e-14 7.01162e-10 2.51144e-06 0.00108736 0.0569085 0.360019 0.27555 0.0406275 0.115647 0.106358 0.0189044 0.016375 0.00549222 0.00218382 0.000654998 0.000159614 2.74002e-05 3.46137e-06 3.05507e-07 2.49996e-08 3.25085e-09
 2.5699e-27 2.60607e-27 4.81416e-26 9.61568e-20 2.35717e-14 6.98471e-10 2.50181e-06 0.00108319 0.0566901 0.358637 0.274502 0.0410855 0.119868 0.110166 0.0179976 0.0133348 0.00436556 0.0015955 0.00050362 0.000139149 2.58323e-05 3.31794e-06 2.56874e-07 1.25601e-08 6.10953e-10
 2.56929e-27 2.60439e-27 4.66383e-26 9.29854e-20 2.27942e-14 6.75434e-10 2.41929e-06 0.00104746 0.0548203 0.346809 0.265479 0.0416744 0.130689 0.120127 0.01932 0.0138328 0.00435531 0.00132124 0.000393847 0.000103823 2.13839e-05 3.04934e-06 2.43387e-07 1.00047e-08 2.29206e-10
 2.5695e-27 2.60496e-27 4.71285e-26 9.40195e-20 2.30477e-14 6.82946e-10 2.4462e-06 0.00105911 0.05543 0.350665 0.268423 0.0415917 0.127991 0.117625 0.0186498 0.0129315 0.00404084 0.00117555 0.000325201 7.26479e-05 1.39604e-05 2.09915e-06 1.88095e-07 7.93696e-09 1.39725e-10
 2.56972e-27 2.60556e-27 4.76801e-26 9.51831e-20 2.3333e-14 6.91398e-10 2.47647e-06 0.00107222 0.056116 0.355005 0.271732 0.0412972 0.123425 0.113443 0.0184836 0.0136043 0.00422934 0.00118626 0.000322254 6.79269e-05 1.1299e-05 1.51097e-06 1.38965e-07 6.5091e-09 1.15291e-10
 2.56979e-27 2.60574e-27 4.78217e-26 9.54817e-20 2.34062e-14 6.93567e-10 2.48424e-06 0.00107558 0.0562921 0.356119 0.272584 0.0413912 0.123542 0.113517 0.0178827 0.012217 0.00383842 0.00115107 0.000311693 6.34413e-05 1.00815e-05 1.18909e-06 9.53129e-08 4.51039e-09 8.69827e-11
 2.56895e-27 2.60346e-27 4.58001e-26 9.12169e-20 2.23607e-14 6.62588e-10 2.37328e-06 0.00102754 0.0537777 0.340213 0.260448 0.0420124 0.136796 0.125746 0.0200198 0.0140099 0.00433906 0.00119762 0.000328009 7.0336e-05 1.09733e-05 1.23078e-06 8.74529e-08 3.62033e-09 6.9815e-11
 2.56744e-27 2.59936e-27 4.21694e-26 8.35577e-20 2.04832e-14 6.06953e-10 2.174e-06 0.00094126 0.0492622 0.311646 0.238652 0.0430948 0.160347 0.147478 0.0238597 0.0172998 0.0053864 0.0015254 0.000407986 8.21765e-05 1.32348e-05 1.50278e-06 1.01292e-07 3.71865e-09 6.34831e-11
 2.56816e-27 2.60132e-27 4.39267e-26 8.7265e-20 2.1392e-14 6.33882e-10 2.27046e-06 0.000983023 0.0514479 0.325473 0.249199 0.0423874 0.147553 0.135713 0.0225161 0.0172002 0.0053985 0.00159175 0.000431495 8.80692e-05 1.35252e-05 1.51932e-06 1.04385e-07 3.64451e-09 5.53218e-11
 2.56891e-27 2.60336e-27 4.57263e-26 9.10615e-20 2.23226e-14 6.61459e-10 2.36924e-06 0.00102579 0.0536861 0.339633 0.260004 0.0419111 0.136338 0.125347 0.0203797 0.0149387 0.00473801 0.00148392 0.000410541 8.69042e-05 1.35766e-05 1.49101e-06 9.97818e-08 3.51408e-09 5.08376e-11
 2.569e-27 2.60356e-27 4.58811e-26 9.13879e-20 2.24026e-14 6.6383e-10 2.37773e-06 0.00102947 0.0538785 0.34085 0.260936 0.0420995 0.137116 0.126013 0.0195447 0.0128618 0.00403416 0.00120596 0.0003387 7.56956e-05 1.22449e-05 1.38211e-06 9.15097e-08 3.14191e-09 4.53027e-11
 2.56879e-27 2.60298e-27 4.53525e-26 9.02728e-20 2.21293e-14 6.5573e-10 2.34871e-06 0.0010169 0.0532211 0.336691 0.257764 0.0423359 0.141143 0.129715 0.0199413 0.012829 0.00393987 0.0010434 0.000283767 6.14059e-05 1.03145e-05 1.22152e-06 8.35298e-08 2.85692e-09 4.03197e-11
 2.56949e-27 2.60489e-27 4.70388e-26 9.383e-20 2.30013e-14 6.81569e-10 2.44127e-06 0.00105698 0.0553183 0.349959 0.267888 0.0418891 0.130631 0.120001 0.0179923 0.0108276 0.00330768 0.000853304 0.0002225 4.32481e-05 6.95828e-06 8.31984e-07 5.99063e-08 2.1221e-09 2.99717e-11
 2.56963e-27 2.60528e-27 4.73867e-26 9.4564e-20 2.31812e-14 6.86901e-10 2.46036e-06 0.00106524 0.055751 0.352696 0.269976 0.0417312 0.127962 0.117553 0.01782 0.0110487 0.00334164 0.00080227 0.000205392 3.85703e-05 5.69684e-06 6.2937e-07 4.50555e-08 1.67032e-09 2.44501e-11
 2.56945e-27 2.60477e-27 4.69211e-26 9.35818e-20 2.29404e-14 6.79766e-10 2.43481e-06 0.00105418 0.055172 0.349033 0.267184 0.0420401 0.132275 0.121492 0.0177812 0.00996919 0.00302218 0.000748426 0.000188677 3.32388e-05 4.74808e-06 4.87972e-07 3.18658e-08 1.16031e-09 1.76318e-11
 2.56928e-27 2.60431e-27 4.65225e-26 9.27408e-20 2.27343e-14 6.73658e-10 2.41293e-06 0.00104471 0.0546762 0.345896 0.264789 0.0420426 0.133976 0.123092 0.0186084 0.0114501 0.00342751 0.000763773 0.000190945 3.43286e-05 4.70831e-06 4.57753e-07 2.78659e-08 9.27134e-10 1.37264e-11
 2.57001e-27 2.6063e-27 4.82806e-26 9.64498e-20 2.36435e-14 7.00599e-10 2.50943e-06 0.00108649 0.0568628 0.35973 0.275343 0.0415298 0.122658 0.112642 0.0166592 0.00963791 0.00292052 0.000716874 0.000177 2.91306e-05 3.99153e-06 3.82383e-07 2.18988e-08 6.75936e-10 9.19466e-12
 2.57022e-27 2.60685e-27 4.87626e-26 9.74665e-20 2.38927e-14 7.07985e-10 2.53588e-06 0.00109794 0.0574622 0.363522 0.278238 0.0414822 0.120262 0.110409 0.0158666 0.00839044 0.00251347 0.000578609 0.000145105 2.57431e-05 3.36833e-06 3.07436e-07 1.73906e-08 5.07296e-10 6.38251e-12
 2.56965e-27 2.6053e-27 4.73832e-26 9.45564e-20 2.31794e-14 6.86846e-10 2.46017e-06 0.00106516 0.0557466 0.352668 0.269957 0.0419173 0.129391 0.11883 0.0172984 0.00953389 0.002825 0.000592487 0.000143667 2.4294e-05 3.31889e-06 3.06852e-07 1.64092e-08 4.66627e-10 5.57347e-12
 2.56959e-27 2.60511e-27 4.72036e-26 9.41777e-20 2.30865e-14 6.84095e-10 2.45031e-06 0.00106089 0.0555233 0.351255 0.268882 0.042099 0.131529 0.120772 0.0170792 0.00854586 0.00253939 0.000555072 0.000132501 2.05579e-05 2.67005e-06 2.46555e-07 1.35438e-08 3.69535e-10 4.25656e-12
 2.56972e-27 2.60547e-27 4.75248e-26 9.48553e-20 2.32526e-14 6.89017e-10 2.46794e-06 0.00106853 0.0559228 0.353783 0.270809 0.0419783 0.129257 0.118682 0.0168383 0.00852067 0.0025026 0.000496293 0.000117535 1.87756e-05 2.32288e-06 1.98734e-07 1.06827e-08 2.96703e-10 3.32518e-12
#obs surv len freq
 1.64598e-41 2.28451e-33 3.83274e-26 7.77272e-20 1.90539e-14 5.64602e-10 2.02231e-06 0.000875591 0.045825 0.289902 0.222108 0.0442989 0.164111 0.139438 0.0427474 0.0345307 0.0113047 0.00388999 0.000848817 0.000111031 6.34852e-06 1.14705e-07 4.85704e-10 3.86863e-13 5.01669e-17
 1.90877e-41 2.64924e-33 4.44465e-26 9.01367e-20 2.20959e-14 6.54743e-10 2.34518e-06 0.00101538 0.0531411 0.336186 0.257462 0.0440575 0.131991 0.106145 0.0334545 0.02542 0.00799269 0.00255785 0.000512172 5.89943e-05 2.80641e-06 3.97188e-08 1.25956e-10 7.30928e-14 6.80058e-18
 1.92688e-41 2.67438e-33 4.48683e-26 9.09921e-20 2.23056e-14 6.60957e-10 2.36744e-06 0.00102502 0.0536454 0.339377 0.259981 0.0470967 0.141203 0.106254 0.0270124 0.0172496 0.00527017 0.00156929 0.000284608 2.84187e-05 1.11509e-06 1.23392e-08 2.93276e-11 1.24124e-14 8.28954e-19
 1.97402e-41 2.73981e-33 4.5966e-26 9.32181e-20 2.28513e-14 6.77126e-10 2.42536e-06 0.0010501 0.0549578 0.34768 0.266382 0.0486771 0.137967 0.0977462 0.0257494 0.0151282 0.00361038 0.000891014 0.000145886 1.24627e-05 3.97423e-07 3.41581e-09 6.08464e-12 1.88257e-15 9.04684e-20
 1.76395e-41 2.44824e-33 4.10743e-26 8.32979e-20 2.04195e-14 6.05067e-10 2.16725e-06 0.000938345 0.0491092 0.310681 0.238327 0.054975 0.176378 0.117294 0.0308374 0.016728 0.003841 0.000786197 9.71143e-05 6.81776e-06 1.74539e-07 1.15278e-09 1.53207e-12 3.46662e-16 1.20178e-20
 1.44572e-41 2.00657e-33 3.36644e-26 6.82707e-20 1.67358e-14 4.95911e-10 1.77627e-06 0.000769065 0.0402498 0.254634 0.195803 0.0625289 0.221462 0.140576 0.0497552 0.0271314 0.00588119 0.00109058 0.000110433 5.62023e-06 1.08224e-07 5.41461e-10 5.33082e-13 8.78949e-17 2.19725e-21
 2.08976e-41 2.90045e-33 4.86611e-26 9.86837e-20 2.41911e-14 7.16828e-10 2.56756e-06 0.00111167 0.0581801 0.368065 0.282097 0.05027 0.112254 0.0689956 0.0341578 0.0189386 0.00494409 0.000901147 7.92279e-05 3.11764e-06 4.20146e-08 1.48898e-10 1.06246e-13 1.26785e-17 2.27787e-22
 1.98072e-41 2.74911e-33 4.6122e-26 9.35345e-20 2.29289e-14 6.79424e-10 2.43359e-06 0.00105366 0.0551443 0.348862 0.267784 0.0602923 0.152451 0.0821696 0.0195138 0.00906713 0.00299887 0.000604836 5.42327e-05 1.78208e-06 1.77096e-08 4.29903e-11 2.09707e-14 1.75132e-18 2.23143e-23
 2.01906e-41 2.80232e-33 4.70147e-26 9.53448e-20 2.33727e-14 6.92575e-10 2.48069e-06 0.00107405 0.0562117 0.355615 0.27306 0.0617229 0.144669 0.074277 0.0227736 0.00872913 0.00153912 0.000296083 2.93314e-05 9.24955e-07 7.47843e-09 1.3146e-11 4.38322e-15 2.46736e-19 2.14308e-24
 1.72498e-41 2.39416e-33 4.0167e-26 8.14579e-20 1.99684e-14 5.91702e-10 2.11938e-06 0.000917618 0.0480245 0.303823 0.234156 0.076322 0.19972 0.0956265 0.0287581 0.0104618 0.00193364 0.000236385 1.74693e-05 5.39396e-07 3.94331e-09 5.55047e-12 1.35272e-15 5.28608e-20 3.11594e-25
 2.0165e-41 2.79877e-33 4.69552e-26 9.52243e-20 2.33431e-14 6.91699e-10 2.47755e-06 0.00107269 0.0561406 0.355167 0.273102 0.066731 0.139703 0.0665377 0.029347 0.0102132 0.00177252 0.000200359 1.04176e-05 2.22635e-07 1.38373e-09 1.66374e-12 3.23222e-16 9.4446e-21 3.97861e-26
 1.84043e-41 2.55439e-33 4.28552e-26 8.69094e-20 2.13048e-14 6.31301e-10 2.26122e-06 0.000979029 0.0512385 0.32416 0.250209 0.0819073 0.181352 0.0761837 0.0237898 0.00821964 0.0017646 0.000186058 8.21889e-06 1.2397e-07 5.16583e-10 4.7001e-13 7.31564e-17 1.68839e-21 5.42652e-27
 1.92305e-41 2.66906e-33 4.47791e-26 9.0811e-20 2.22613e-14 6.59642e-10 2.36273e-06 0.00102298 0.0535387 0.338714 0.261464 0.0809008 0.160694 0.0672743 0.0271918 0.007752 0.00129493 0.000143977 6.09292e-06 7.38308e-08 2.16823e-10 1.30881e-13 1.41585e-17 2.41885e-22 5.92292e-28
 1.62149e-41 2.25053e-33 3.77572e-26 7.65709e-20 1.87705e-14 5.56203e-10 1.99223e-06 0.000862566 0.0451433 0.285611 0.222368 0.104374 0.21695 0.0836875 0.0305669 0.00878914 0.0015089 0.000130701 4.9425e-06 5.39888e-08 1.25426e-10 5.41194e-14 3.94856e-18 4.51622e-23 7.61775e-29
 1.47702e-41 2.05001e-33 3.43932e-26 6.97486e-20 1.7098e-14 5.06646e-10 1.81473e-06 0.000785713 0.0411211 0.260174 0.203852 0.113357 0.224614 0.0945128 0.0472438 0.0122465 0.00192781 0.000158432 4.82141e-06 4.24639e-08 8.22325e-11 2.79793e-14 1.5007e-18 1.20001e-23 1.37546e-29
 1.72398e-41 2.39277e-33 4.01436e-26 8.14105e-20 1.99568e-14 5.91357e-10 2.11814e-06 0.000917083 0.0479965 0.303671 0.236828 0.102906 0.176438 0.0758027 0.0409639 0.0122225 0.00209721 0.000151139 3.96813e-06 2.76437e-08 4.07856e-11 1.07902e-14 4.48807e-19 2.70187e-24 2.25224e-30
 1.68559e-41 2.33949e-33 3.92499e-26 7.95979e-20 1.95125e-14 5.78191e-10 2.07099e-06 0.000896665 0.0469279 0.296925 0.233139 0.118655 0.191899 0.0701233 0.0303482 0.0092198 0.00173158 0.000130172 2.97128e-06 1.66896e-08 1.89564e-11 3.72358e-15 1.14645e-19 5.15852e-25 3.21988e-31
 1.69584e-41 2.35371e-33 3.94884e-26 8.00817e-20 1.96311e-14 5.81705e-10 2.08357e-06 0.000902115 0.0472132 0.298742 0.235501 0.124017 0.184978 0.0698053 0.0302789 0.00725643 0.00120974 9.20683e-05 2.01268e-06 9.56846e-09 8.48087e-12 1.25569e-15 2.84765e-20 9.30608e-26 4.20811e-32
 1.65096e-41 2.29142e-33 3.84434e-26 7.79624e-20 1.91116e-14 5.66311e-10 2.02843e-06 0.000878241 0.0459637 0.290859 0.231119 0.135708 0.188805 0.0696784 0.0291799 0.00680735 0.000938984 5.88667e-05 1.16665e-06 4.91349e-09 3.58884e-12 4.11414e-16 6.97242e-21 1.67249e-26 5.4887e-33
 1.7518e-41 2.43139e-33 4.07916e-26 8.27245e-20 2.02789e-14 6.00902e-10 2.15233e-06 0.000931886 0.0487713 0.308635 0.245322 0.133492 0.16765 0.0630809 0.0257405 0.00563368 0.000704435 3.56853e-05 5.53298e-07 1.9198e-09 1.16288e-12 1.07291e-16 1.40997e-21 2.54345e-27 6.14946e-34
 1.70568e-41 2.36737e-33 3.97176e-26 8.05465e-20 1.9745e-14 5.85082e-10 2.09567e-06 0.000907351 0.0474873 0.300549 0.241531 0.148351 0.173349 0.0602709 0.0222991 0.00469963 0.000530461 2.26575e-05 2.71817e-07 7.07129e-10 3.28583e-13 2.37078e-17 2.43429e-22 3.38615e-28 6.20618e-35
 1.72036e-41 2.38775e-33 4.00594e-26 8.12397e-20 1.9915e-14 5.90117e-10 2.1137e-06 0.000915161 0.0478961 0.303171 0.245227 0.153111 0.165112 0.0595505 0.0207866 0.0038324 0.000382913 1.39074e-05 1.32317e-07 2.5816e-10 8.75675e-14 4.62652e-18 3.52943e-23 3.68868e-29 5.09893e-36
 1.71863e-41 2.38535e-33 4.00192e-26 8.11581e-20 1.9895e-14 5.89524e-10 2.11158e-06 0.000914242 0.0478481 0.302917 0.247375 0.161349 0.160625 0.056715 0.0187163 0.0032545 0.000275422 8.20466e-06 6.22178e-08 9.26861e-11 2.31932e-14 8.85182e-19 4.84072e-24 3.63543e-30 3.63743e-37
 1.74097e-41 2.41635e-33 4.05393e-26 8.22129e-20 2.01535e-14 5.97186e-10 2.13902e-06 0.000926123 0.0484701 0.306909 0.252625 0.16592 0.152299 0.0535785 0.0164393 0.00263072 0.000195251 4.70423e-06 2.76085e-08 3.1292e-11 5.84285e-15 1.63274e-19 6.44369e-25 3.45948e-31 2.46251e-38
 1.69123e-41 2.34731e-33 3.9381e-26 7.98639e-20 1.95777e-14 5.80123e-10 2.07791e-06 0.000899662 0.0470855 0.298247 0.250002 0.180528 0.154297 0.0520223 0.0146433 0.00213492 0.000136652 2.69572e-06 1.223e-08 1.03578e-11 1.42776e-15 2.92569e-20 8.40373e-26 3.25849e-32 1.66383e-39
 1.60686e-41 2.23022e-33 3.74165e-26 7.58799e-20 1.86011e-14 5.51184e-10 1.97425e-06 0.000854782 0.0447371 0.283522 0.243597 0.196231 0.159137 0.0554786 0.0144686 0.00186915 0.000101656 1.62461e-06 5.72485e-09 3.64072e-12 3.68336e-16 5.47823e-21 1.13733e-26 3.18106e-33 1.16924e-40
 1.59406e-41 2.21245e-33 3.71185e-26 7.52755e-20 1.84529e-14 5.46793e-10 1.95852e-06 0.000847974 0.0443812 0.281398 0.24541 0.199961 0.154222 0.057416 0.0145557 0.00172672 7.85677e-05 1.00108e-06 2.71944e-09 1.30011e-12 9.70744e-17 1.05105e-21 1.57378e-27 3.15762e-34 8.30471e-42
 1.64055e-41 2.27698e-33 3.82011e-26 7.7471e-20 1.89911e-14 5.62741e-10 2.01565e-06 0.000872706 0.0456761 0.289729 0.254725 0.19931 0.142898 0.0523439 0.012924 0.00146248 5.73708e-05 5.81494e-07 1.20406e-09 4.29795e-13 2.36451e-17 1.8681e-22 2.02592e-28 2.9267e-35 5.51672e-43
#pred catch len freq
 2.56478e-27 2.59271e-27 3.706e-26 7.27822e-20 1.78417e-14 5.28681e-10 1.89365e-06 0.000819877 0.0429094 0.271457 0.207881 0.0378439 0.142002 0.131241 0.0330255 0.0427248 0.0197741 0.0171747 0.0115756 0.00951533 0.00797373 0.00728241 0.00765889 0.00698599 0.00215348
 2.56675e-27 2.5977e-27 4.09651e-26 8.10183e-20 1.98607e-14 5.88507e-10 2.10793e-06 0.000912655 0.047765 0.302175 0.23139 0.0411931 0.150976 0.139118 0.0274494 0.0277438 0.0108983 0.00703832 0.00385822 0.00265368 0.00192624 0.00156046 0.00148976 0.00138101 0.000468992
 2.56794e-27 2.60081e-27 4.35678e-26 8.65083e-20 2.12065e-14 6.28385e-10 2.25077e-06 0.000974498 0.0510017 0.322651 0.247034 0.0417707 0.144381 0.132897 0.0240022 0.0213446 0.00736945 0.00331724 0.00139209 0.000707015 0.000398053 0.00026771 0.00022139 0.000197803 7.01147e-05
 2.56871e-27 2.60284e-27 4.52926e-26 9.01466e-20 2.20984e-14 6.54814e-10 2.34543e-06 0.00101548 0.0531467 0.336221 0.257397 0.0418309 0.137558 0.126507 0.0211868 0.0165027 0.00544817 0.00206125 0.000689113 0.000238507 9.05381e-05 4.38906e-05 2.87628e-05 2.32015e-05 8.25155e-06
 2.56829e-27 2.60169e-27 4.42592e-26 8.79664e-20 2.15639e-14 6.38977e-10 2.28871e-06 0.000990924 0.0518614 0.328089 0.251195 0.0422597 0.145179 0.133524 0.0221428 0.0169049 0.00538843 0.00173296 0.000527379 0.000145953 3.63808e-05 1.06908e-05 4.62408e-06 3.02792e-06 1.03723e-06
 2.56602e-27 2.59554e-27 3.88441e-26 7.6543e-20 1.87636e-14 5.55999e-10 1.99149e-06 0.000862241 0.0451266 0.285483 0.218684 0.0436693 0.178748 0.164549 0.0285141 0.023631 0.00750949 0.00235309 0.000670387 0.000157993 3.18301e-05 5.86105e-06 1.31991e-06 5.64374e-07 1.74685e-07
 2.56696e-27 2.59817e-27 4.12309e-26 8.15784e-20 1.9998e-14 5.92575e-10 2.1225e-06 0.000918963 0.0480952 0.304264 0.233005 0.0424622 0.1595 0.146895 0.027334 0.0253971 0.00824774 0.0028457 0.000812255 0.000183419 3.21397e-05 4.59453e-06 5.65513e-07 1.10725e-07 2.66486e-08
 2.56902e-27 2.60372e-27 4.61155e-26 9.18827e-20 2.25239e-14 6.67425e-10 2.3906e-06 0.00103504 0.0541703 0.342696 0.262333 0.0412723 0.12984 0.119456 0.0212325 0.0183916 0.00616859 0.00245276 0.000735661 0.00017927 3.07746e-05 3.88764e-06 3.4313e-07 2.80783e-08 3.65119e-09
 2.56914e-27 2.60398e-27 4.62854e-26 9.22409e-20 2.26117e-14 6.70026e-10 2.39992e-06 0.00103907 0.0543814 0.344032 0.263359 0.0416709 0.132153 0.121494 0.0198481 0.0147059 0.00481444 0.00175955 0.000555403 0.000153457 2.84884e-05 3.6591e-06 2.83286e-07 1.38516e-08 6.73772e-10
 2.56876e-27 2.60293e-27 4.53384e-26 9.02431e-20 2.2122e-14 6.55515e-10 2.34794e-06 0.00101657 0.0532036 0.336581 0.257676 0.042092 0.139349 0.128112 0.0206042 0.0147522 0.00464481 0.00140906 0.000420026 0.000110724 2.28053e-05 3.25203e-06 2.59565e-07 1.06697e-08 2.44441e-10
 2.56879e-27 2.60301e-27 4.53993e-26 9.03714e-20 2.21535e-14 6.56447e-10 2.35128e-06 0.00101802 0.0532793 0.337059 0.258043 0.042154 0.139564 0.128294 0.0203413 0.0141044 0.00440734 0.00128217 0.000354696 7.92369e-05 1.52266e-05 2.28954e-06 2.05155e-07 8.65682e-09 1.52398e-10
 2.56911e-27 2.6039e-27 4.62072e-26 9.20759e-20 2.25713e-14 6.68828e-10 2.39563e-06 0.00103722 0.0542841 0.343416 0.26289 0.041767 0.133212 0.122468 0.019954 0.0146865 0.0045658 0.00128063 0.000347891 7.33307e-05 1.21979e-05 1.63118e-06 1.5002e-07 7.02692e-09 1.24463e-10
 2.56913e-27 2.60393e-27 4.62163e-26 9.2095e-20 2.2576e-14 6.68967e-10 2.39613e-06 0.00103743 0.0542954 0.343488 0.262947 0.0419155 0.134303 0.123436 0.0194453 0.0132845 0.00417381 0.00125165 0.000338928 6.89846e-05 1.09624e-05 1.293e-06 1.03641e-07 4.9045e-09 9.4583e-11
 2.5684e-27 2.60196e-27 4.44683e-26 8.84075e-20 2.1672e-14 6.42181e-10 2.30018e-06 0.000995892 0.0521214 0.329734 0.252454 0.0424447 0.145703 0.133957 0.0213271 0.0149247 0.0046224 0.00127582 0.000349427 7.49288e-05 1.16899e-05 1.31115e-06 9.31635e-08 3.85673e-09 7.43739e-11
 2.56711e-27 2.59845e-27 4.13701e-26 8.18715e-20 2.00698e-14 5.94704e-10 2.13013e-06 0.000922265 0.048268 0.305357 0.233854 0.0433511 0.165668 0.152385 0.0246535 0.0178753 0.00556561 0.00157615 0.00042156 8.49105e-05 1.36751e-05 1.55277e-06 1.04662e-07 3.84237e-09 6.55951e-11
 2.56774e-27 2.60019e-27 4.29268e-26 8.51557e-20 2.08749e-14 6.1856e-10 2.21558e-06 0.000959261 0.0502043 0.317606 0.243197 0.0427015 0.15416 0.141807 0.0235272 0.0179725 0.00564091 0.00166322 0.000450869 9.20236e-05 1.41326e-05 1.58754e-06 1.09072e-07 3.80816e-09 5.78059e-11
 2.56856e-27 2.60241e-27 4.48864e-26 8.92895e-20 2.18883e-14 6.48588e-10 2.32313e-06 0.00100583 0.0526414 0.333024 0.254962 0.0421787 0.141916 0.130491 0.021216 0.0155518 0.00493245 0.00154482 0.000427388 9.04704e-05 1.41337e-05 1.5522e-06 1.03876e-07 3.65829e-09 5.29238e-11
 2.5687e-27 2.60275e-27 4.51565e-26 8.98593e-20 2.20279e-14 6.52727e-10 2.33796e-06 0.00101225 0.0529773 0.335149 0.256587 0.0423388 0.141993 0.130508 0.0202418 0.0133206 0.00417806 0.00124898 0.000350782 7.83957e-05 1.26817e-05 1.43141e-06 9.47739e-08 3.25398e-09 4.69186e-11
 2.56866e-27 2.60263e-27 4.50471e-26 8.96283e-20 2.19713e-14 6.51049e-10 2.33195e-06 0.00100964 0.0528412 0.334288 0.255931 0.0424377 0.143206 0.131616 0.0202336 0.013017 0.00399761 0.00105869 0.000287926 6.23059e-05 1.04657e-05 1.23942e-06 8.47541e-08 2.8988e-09 4.09107e-11
 2.56917e-27 2.60402e-27 4.62613e-26 9.21899e-20 2.25993e-14 6.69656e-10 2.3986e-06 0.0010385 0.0543514 0.343842 0.263222 0.0421528 0.135916 0.124871 0.0187225 0.011267 0.00344191 0.000887934 0.00023153 4.50032e-05 7.24067e-06 8.65748e-07 6.23375e-08 2.20822e-09 3.1188e-11
 2.56946e-27 2.60479e-27 4.6957e-26 9.36574e-20 2.2959e-14 6.80316e-10 2.43678e-06 0.00105503 0.0552165 0.349315 0.267396 0.0418761 0.130877 0.120239 0.0182271 0.0113011 0.00341799 0.000820601 0.000210084 3.94516e-05 5.827e-06 6.43751e-07 4.6085e-08 1.70848e-09 2.50088e-11
 2.56917e-27 2.60399e-27 4.62233e-26 9.21096e-20 2.25796e-14 6.69073e-10 2.39651e-06 0.0010376 0.054304 0.343542 0.262995 0.0422809 0.13705 0.125891 0.018425 0.0103301 0.00313161 0.000775525 0.000195509 3.44423e-05 4.92e-06 5.05641e-07 3.30196e-08 1.20232e-09 1.82702e-11
 2.56913e-27 2.60389e-27 4.6151e-26 9.19571e-20 2.25422e-14 6.67965e-10 2.39254e-06 0.00103588 0.0542141 0.342973 0.262559 0.0421682 0.136499 0.125417 0.0189599 0.0116664 0.00349224 0.000778198 0.000194551 3.49769e-05 4.79723e-06 4.66398e-07 2.83921e-08 9.44643e-10 1.39856e-11
 2.56986e-27 2.60588e-27 4.79088e-26 9.56654e-20 2.34512e-14 6.94902e-10 2.48902e-06 0.00107765 0.0564004 0.356804 0.273112 0.0416572 0.125196 0.11498 0.0170049 0.00983794 0.00298114 0.000731752 0.000180673 2.97351e-05 4.07437e-06 3.90319e-07 2.23533e-08 6.89964e-10 9.38549e-12
 2.56997e-27 2.60616e-27 4.81477e-26 9.61693e-20 2.35747e-14 6.98562e-10 2.50213e-06 0.00108333 0.0566974 0.358683 0.274547 0.041697 0.12449 0.114304 0.0164263 0.00868641 0.00260213 0.00059902 0.000150223 2.66512e-05 3.48715e-06 3.18281e-07 1.80041e-08 5.2519e-10 6.60766e-12
 2.56966e-27 2.60533e-27 4.74104e-26 9.46138e-20 2.31934e-14 6.87263e-10 2.46166e-06 0.00106581 0.0557804 0.352882 0.270121 0.0419079 0.129205 0.118659 0.0172734 0.0095201 0.00282092 0.00059163 0.000143459 2.42589e-05 3.31409e-06 3.06408e-07 1.63854e-08 4.65952e-10 5.5654e-12
 2.5696e-27 2.60516e-27 4.72454e-26 9.42657e-20 2.31081e-14 6.84734e-10 2.4526e-06 0.00106188 0.0555752 0.351584 0.269132 0.0420842 0.131241 0.120507 0.0170417 0.00852709 0.00253381 0.000553853 0.000132209 2.05127e-05 2.66419e-06 2.46013e-07 1.3514e-08 3.68724e-10 4.24721e-12
 2.56959e-27 2.60512e-27 4.72129e-26 9.41972e-20 2.30913e-14 6.84237e-10 2.45082e-06 0.00106111 0.0555348 0.351328 0.268937 0.0420883 0.13141 0.120665 0.0171196 0.00866303 0.00254441 0.000504585 0.000119498 1.90893e-05 2.36169e-06 2.02055e-07 1.08612e-08 3.0166e-10 3.38074e-12
#obs catch len freq
 1.63225e-41 2.26545e-33 3.80076e-26 7.70787e-20 1.88949e-14 5.59892e-10 2.00544e-06 0.000868287 0.0454427 0.287484 0.220261 0.0442525 0.164968 0.140246 0.0436975 0.0356413 0.0119017 0.00417406 0.000929152 0.000125017 7.43047e-06 1.40258e-07 6.19253e-10 5.11411e-13 6.83767e-17
 1.65356e-41 2.29504e-33 3.8504e-26 7.80854e-20 1.91417e-14 5.67204e-10 2.03163e-06 0.000879627 0.0460362 0.291239 0.223192 0.0463742 0.167617 0.13489 0.0425926 0.0324772 0.0104666 0.00343804 0.000708169 8.3712e-05 4.10947e-06 6.03341e-08 1.98598e-10 1.19261e-13 1.14318e-17
 1.9215e-41 2.66691e-33 4.4743e-26 9.0738e-20 2.22434e-14 6.59111e-10 2.36083e-06 0.00102216 0.0534957 0.338429 0.259233 0.0458083 0.133769 0.101648 0.0330468 0.0235727 0.00729397 0.00221763 0.000416766 4.30012e-05 1.73771e-06 1.98103e-08 4.85575e-11 2.11739e-14 1.45345e-18
 1.9466e-41 2.70175e-33 4.53274e-26 9.19231e-20 2.25339e-14 6.67719e-10 2.39166e-06 0.00103551 0.0541943 0.34285 0.262703 0.0489916 0.141709 0.100351 0.0261157 0.0157409 0.00473188 0.0013306 0.000224992 1.99514e-05 6.58488e-07 5.82096e-09 1.06352e-11 3.37157e-15 1.65831e-19
 1.99747e-41 2.77235e-33 4.65119e-26 9.43253e-20 2.31227e-14 6.85169e-10 2.45416e-06 0.00106257 0.0556106 0.351809 0.269613 0.0505932 0.137525 0.0915148 0.0247089 0.0135448 0.00315367 0.000740923 0.000112288 8.4396e-06 2.24311e-07 1.52869e-09 2.08257e-12 4.81153e-16 1.69995e-20
 1.7941e-41 2.4901e-33 4.17765e-26 8.4722e-20 2.07686e-14 6.15412e-10 2.2043e-06 0.000954388 0.0499489 0.315993 0.242498 0.0575891 0.175368 0.109329 0.0294451 0.0148478 0.00331289 0.000633709 7.26075e-05 4.46629e-06 9.44439e-08 4.91272e-10 4.97051e-13 8.37392e-17 2.1306e-21
 1.4857e-41 2.06205e-33 3.45952e-26 7.01584e-20 1.71985e-14 5.09623e-10 1.82539e-06 0.00079033 0.0413627 0.261676 0.201351 0.0661145 0.219919 0.131166 0.0477722 0.0238814 0.00501951 0.000863034 7.95884e-05 3.5336e-06 5.60912e-08 2.19806e-10 1.64069e-13 2.00883e-17 3.67943e-22
 2.12382e-41 2.94772e-33 4.94541e-26 1.00292e-19 2.45854e-14 7.2851e-10 2.6094e-06 0.00112978 0.0591283 0.374064 0.286772 0.05199 0.109552 0.0636471 0.0323674 0.0164441 0.00415591 0.000690063 5.4612e-05 1.84547e-06 2.03946e-08 5.65657e-11 3.05268e-14 2.69897e-18 3.54736e-23
 2.02071e-41 2.80461e-33 4.70531e-26 9.54227e-20 2.33918e-14 6.9314e-10 2.48272e-06 0.00107493 0.0562576 0.355905 0.273307 0.0625408 0.147758 0.0742604 0.0179717 0.00790593 0.00251879 0.000460357 3.6373e-05 1.00986e-06 8.13692e-09 1.54007e-11 5.67986e-15 3.51126e-19 3.2688e-24
 2.06088e-41 2.86037e-33 4.79887e-26 9.732e-20 2.38569e-14 7.06922e-10 2.53208e-06 0.0010963 0.0573762 0.362983 0.278844 0.0638696 0.139279 0.0669265 0.0208514 0.0072727 0.00125459 0.000225214 1.93608e-05 5.06187e-07 3.26861e-09 4.44728e-12 1.11866e-15 4.66096e-20 2.95725e-25
 1.77709e-41 2.46649e-33 4.13804e-26 8.39187e-20 2.05717e-14 6.09576e-10 2.1834e-06 0.000945338 0.0494752 0.313003 0.241431 0.0796147 0.192538 0.0862582 0.0262586 0.00875164 0.00153874 0.000171884 1.13979e-05 2.89485e-07 1.66469e-09 1.79496e-12 3.2848e-16 9.49065e-21 4.08818e-26
 2.06405e-41 2.86477e-33 4.80624e-26 9.74696e-20 2.38935e-14 7.08009e-10 2.53597e-06 0.00109799 0.0574644 0.363544 0.279702 0.068848 0.132983 0.0599655 0.0264887 0.00837655 0.00138091 0.000140233 6.38241e-06 1.14102e-07 5.57524e-10 5.08878e-13 7.37522e-17 1.58861e-21 4.88796e-27
 1.89522e-41 2.63044e-33 4.41311e-26 8.9497e-20 2.19391e-14 6.50097e-10 2.32854e-06 0.00100818 0.052764 0.333813 0.257898 0.0847655 0.172269 0.0678733 0.0212709 0.00683665 0.00136582 0.000127747 4.85651e-06 6.02848e-08 1.98513e-10 1.37338e-13 1.58791e-17 2.69042e-22 6.3021e-28
 1.97821e-41 2.74563e-33 4.60636e-26 9.34161e-20 2.28999e-14 6.78565e-10 2.43051e-06 0.00105233 0.0550746 0.348433 0.269208 0.083304 0.151463 0.0601448 0.0239852 0.00624247 0.000989758 9.7631e-05 3.47739e-06 3.41661e-08 7.85297e-11 3.60431e-14 2.89888e-18 3.628e-23 6.45464e-29
 1.68539e-41 2.33922e-33 3.92452e-26 7.95885e-20 1.95102e-14 5.78123e-10 2.07074e-06 0.000896559 0.0469224 0.296872 0.231515 0.10819 0.205266 0.0749891 0.0269622 0.00716255 0.00113204 8.70259e-05 2.78121e-06 2.42678e-08 4.36233e-11 1.42335e-14 7.71273e-19 6.46408e-24 7.91322e-30
 1.54612e-41 2.14591e-33 3.60022e-26 7.30117e-20 1.7898e-14 5.30349e-10 1.89962e-06 0.000822472 0.0430449 0.272352 0.213844 0.117743 0.212786 0.0865115 0.0414727 0.00987927 0.00143664 0.000103148 2.62403e-06 1.84728e-08 2.74876e-11 7.02285e-15 2.78825e-19 1.63284e-24 1.35936e-30
 1.79145e-41 2.48642e-33 4.17148e-26 8.45967e-20 2.07379e-14 6.14502e-10 2.20104e-06 0.000952977 0.049875 0.315563 0.246505 0.105757 0.16513 0.0691331 0.0355924 0.00987236 0.00152047 9.52072e-05 2.06795e-06 1.14038e-08 1.28976e-11 2.55449e-15 7.83572e-20 3.447e-25 2.08619e-31
 1.75396e-41 2.43439e-33 4.08419e-26 8.28265e-20 2.03039e-14 6.01643e-10 2.15499e-06 0.000933035 0.0488314 0.308978 0.243112 0.121577 0.178621 0.062964 0.0261868 0.00745936 0.001254 8.0311e-05 1.49538e-06 6.59989e-09 5.71092e-12 8.37275e-16 1.89735e-20 6.22432e-26 2.81523e-32
 1.76526e-41 2.45006e-33 4.11049e-26 8.33598e-20 2.04347e-14 6.05517e-10 2.16886e-06 0.000939043 0.0491459 0.310983 0.245712 0.126585 0.17149 0.0628494 0.0256292 0.00573952 0.000867868 5.59556e-05 9.82494e-07 3.62515e-09 2.43331e-12 2.67927e-16 4.46193e-21 1.06162e-26 3.47383e-33
 1.7225e-41 2.39071e-33 4.01092e-26 8.13406e-20 1.99397e-14 5.90849e-10 2.11633e-06 0.000916296 0.0479554 0.303478 0.241797 0.138145 0.174523 0.062633 0.0245561 0.00530423 0.000653957 3.49658e-05 5.54084e-07 1.79262e-09 9.83484e-13 8.34611e-17 1.03617e-21 1.80687e-27 4.287e-34
 1.82172e-41 2.52842e-33 4.24195e-26 8.60259e-20 2.10882e-14 6.24883e-10 2.23823e-06 0.000969076 0.0507178 0.320971 0.255782 0.134979 0.153941 0.056447 0.0213739 0.00431982 0.000476807 2.0343e-05 2.52245e-07 6.70483e-10 3.03302e-13 2.06112e-17 1.97785e-22 2.58921e-28 4.52171e-35
 1.77714e-41 2.46656e-33 4.13816e-26 8.39211e-20 2.05723e-14 6.09594e-10 2.18347e-06 0.000945366 0.0494769 0.313166 0.252437 0.149516 0.158593 0.0535434 0.018396 0.00356014 0.000351248 1.24821e-05 1.1871e-07 2.36079e-10 8.17718e-14 4.33166e-18 3.23716e-23 3.25989e-29 4.30927e-36
 1.79212e-41 2.48735e-33 4.17304e-26 8.46285e-20 2.07457e-14 6.14733e-10 2.20187e-06 0.000953335 0.0498941 0.315847 0.256294 0.153638 0.150643 0.0527259 0.0168959 0.00285185 0.000247634 7.4018e-06 5.53305e-08 8.20759e-11 2.07053e-14 8.01928e-19 4.44357e-24 3.35408e-30 3.33665e-37
 1.79074e-41 2.48542e-33 4.16982e-26 8.45631e-20 2.07296e-14 6.14257e-10 2.20017e-06 0.000952597 0.0498556 0.315664 0.258663 0.161224 0.146068 0.0499207 0.0150966 0.00237584 0.000173146 4.21805e-06 2.49469e-08 2.81003e-11 5.21277e-15 1.45601e-19 5.77744e-25 3.12998e-31 2.25023e-38
 1.81299e-41 2.51631e-33 4.22163e-26 8.56137e-20 2.09872e-14 6.21889e-10 2.22751e-06 0.000964433 0.0504753 0.319652 0.264021 0.164969 0.137999 0.0468063 0.0131029 0.00188597 0.000119198 2.32611e-06 1.05929e-08 9.04035e-12 1.24746e-15 2.54627e-20 7.28385e-26 2.81941e-32 1.44141e-39
 1.76441e-41 2.44889e-33 4.10852e-26 8.33199e-20 2.04249e-14 6.05228e-10 2.16783e-06 0.000938594 0.0491233 0.311217 0.261876 0.178965 0.139575 0.045153 0.0115639 0.00150364 8.12555e-05 1.28618e-06 4.49782e-09 2.858e-12 2.90439e-16 4.33916e-21 9.02251e-27 2.52035e-33 9.23958e-41
 1.68178e-41 2.33421e-33 3.91611e-26 7.9418e-20 1.94684e-14 5.76884e-10 2.0663e-06 0.000894639 0.0468234 0.296826 0.256135 0.194315 0.14435 0.0479907 0.0113111 0.00129339 5.88781e-05 7.49016e-07 2.02228e-09 9.61058e-13 7.15154e-17 7.74319e-22 1.16233e-27 2.33976e-34 6.1699e-42
 1.66963e-41 2.31734e-33 3.88782e-26 7.88442e-20 1.93277e-14 5.72716e-10 2.05137e-06 0.000888175 0.0464857 0.294841 0.258242 0.197465 0.140138 0.0494498 0.0112741 0.00116917 4.41187e-05 4.44308e-07 9.19951e-10 3.27499e-13 1.7944e-17 1.41232e-22 1.52762e-28 2.20443e-35 4.15688e-43
#spawning biomass
 5861.26 6633.58 7897.07 9963.88 14219.1 17845.3 16351.3 20298.5 32366.1 45686.5 54860.4 75240.1 100302 129584 131240 107766 103862 103940 100619 91142.9 100246 100763 105304 106118 116457 132057 118931 107475 107961 206372 231656 228187 209066 184566 160736 140337 124122 111839 102837 96392.5 91858.4 88708.1 86526.8 85004.6 83991.8 83318 82869.6 82571.3 82372.8 82240.8 82152.9 82094.5 82055.6 82029.7 82012.5 82001 81993.4 81988.3 81984.9 81982.7 81981.2 81980.2 81979.6 81979.1 81978.8 81978.6 81978.5 81978.4 81978.4 81978.3 81978.3 81978.3 81978.3 81978.3 81978.2 81978.2 81978.2 81978.2 81978.2 81978.2 81978.2 81978.2 81978.2 81978.2 81978.2 81978.2 81978.2 81978.2 81978.2 81978.2 81978.2 81978.2 81978.2 81978.2 81978.2 81978.2 81978.2 81978.2 81978.2 81978.2 81978.2 81978.2 81978.2 81978.2 81978.2 81978.2 81978.2 81978.2 81978.2 81978.2 81978.2 81978.2 81978.2 81978.2 81978.2 81978.2 81978.2 81978.2 81978.2 81978.2 81978.2 81978.2 81978.2 81978.2 81978.2 81978.2 81978.2 81978.2 0 0 0 0 0 0 0 0 0 0 0 0 0 0 0 0 0 0 0 0 0 0 0 0 0
