SBPRF35
28.6338
Curr Bio
198738
B35
4.85339e+07
F35
0.0236297
FOFL
0
OFL
0
Bzero
8.18108e+06
#pred survey bio
 21371.9 24528.9 17790.4 22588.5 41032.3 54148 71032.7 90096.7 116794 127592 164231 196607 235387 262753 240633 242195 256768 276116 311861 279277 243351 257528 261982 277204 265932 263970 278301 239843 6.39918e+06 1.20617e+07 1.8861e+07 2.55651e+07 3.17247e+07 3.71172e+07 4.16866e+07 4.54728e+07 4.85618e+07 5.10559e+07 5.30562e+07 5.4655e+07 5.59318e+07 5.69529e+07 5.76272e+07 5.77411e+07 5.78563e+07 5.79719e+07 5.80875e+07 5.82025e+07 5.83166e+07 5.84297e+07 5.85415e+07 5.86519e+07 5.8761e+07 5.88686e+07 5.89748e+07 5.90795e+07 5.91827e+07 5.92845e+07 5.93848e+07 5.94837e+07 5.95813e+07 5.96774e+07 5.97723e+07 5.98658e+07 5.9958e+07 6.00489e+07 6.01386e+07 6.02271e+07 6.03144e+07 6.04005e+07 6.04854e+07 6.05693e+07 6.0652e+07 6.07337e+07 6.08143e+07 6.08939e+07 6.09725e+07 6.105e+07 6.11266e+07 6.12023e+07 6.12769e+07 6.13507e+07 6.14236e+07 6.14956e+07 6.15667e+07 6.1637e+07 6.17064e+07 6.1775e+07 6.18428e+07 6.19099e+07 6.19761e+07 6.20416e+07 6.21063e+07 6.21703e+07 6.22336e+07 6.22962e+07 6.23581e+07 6.24193e+07 6.24798e+07 6.25397e+07 6.25989e+07 6.26575e+07 6.27154e+07 6.27727e+07 6.28295e+07 6.28856e+07 6.29412e+07 6.29961e+07 6.30505e+07 6.31044e+07 6.31577e+07 6.32104e+07 6.32627e+07 6.33144e+07 6.33656e+07 6.34163e+07 6.34664e+07 6.35161e+07 6.35653e+07 6.36141e+07 6.36623e+07 6.37102e+07 6.37575e+07 6.38044e+07 6.38509e+07 6.38969e+07 6.39425e+07 6.39876e+07 0 0 0 0 0 0 0 0 0 0 0 0 0 0 0 0 0 0 0 0 0 0 0 0 0
#obs survey bio
 18519 14781.2 20113.2 26909.4 41434.7 58798.4 63058.7 85493.1 99440.9 90632.4 162336 161459 154750 238279 301864 230014 287660 190689 215364 143892 216434 285492 220114 260227 156342 334312 250175 224899
#pred catch bio
 10501.7 18252 10529.3 10348.8 29655 40110.5 54729.8 66992.3 94019 97662.8 127930 155268 187976 222088 201130 200704 210966 227866 270520 246209 207290 223725 224295 249468 243001 236892 257737 204401 0 13215.4 21022.4 28716.9 35823.7 42057.2 47335.1 51693.8 55229.4 58060.4 60305.9 62075.2 63463.1 64548.6 65232 65274.6 65316 65356.1 65395 65432.7 65469.4 65504.9 65539.3 65572.8 65605.2 65636.7 65667.2 65696.8 65725.5 65753.4 65780.4 65806.6 65832 65856.7 65880.6 65903.9 65926.4 65948.2 65969.4 65990 66010 66029.3 66048.1 66066.3 66084 66101.1 66117.7 66133.9 66149.5 66164.7 66179.4 66193.7 66207.5 66221 66234 66246.7 66258.9 66270.8 66282.4 66293.6 66304.5 66315 66325.2 66335.2 66344.8 66354.1 66363.2 66372 66380.5 66388.8 66396.8 66404.6 66412.1 66419.4 66426.5 66433.4 66440.1 66446.6 66452.9 66459 66464.9 66470.7 66476.2 66481.6 66486.9 66492 66496.9 66501.7 66506.3 66510.8 66515.2 66519.4 66523.6 66527.6 66531.4 66535.2 66538.8 66542.4 66545.8 66549.1 0 0 0 0 0 0 0 0 0 0 0 0 0 0 0 0 0 0 0 0 0 0 0 0 0
#obs catch bio
 18387.5 21955.8 12002.4 8091.63 23769.6 35036.8 44483.4 58433.3 89790.1 97522.5 115871 139575 188990 225836 187512 195184 191697 203570 285420 247869 187716 191240 184854 200494 242500 201390 239123 171798
#pred cpue bio
 16661.9 21302 12895.5 16210.2 26015.4 30756.6 39517.9 47347.7 66189.9 68104.9 87304.4 107178 122947 143532 130165 125128 131683 143955 152399 143948 118052 122018 120054 130757 109977 101846 112973 98593.4 3.00391e+06 1.18792e+07 1.87411e+07 2.54429e+07 3.16023e+07 3.69948e+07 4.15643e+07 4.53505e+07 4.84395e+07 5.09335e+07 5.29339e+07 5.45327e+07 5.58094e+07 5.68305e+07 5.75049e+07 5.76187e+07 5.77339e+07 5.78496e+07 5.79651e+07 5.80801e+07 5.81943e+07 5.83073e+07 5.84191e+07 5.85296e+07 5.86387e+07 5.87463e+07 5.88524e+07 5.89571e+07 5.90604e+07 5.91621e+07 5.92625e+07 5.93614e+07 5.94589e+07 5.95551e+07 5.96499e+07 5.97434e+07 5.98356e+07 5.99266e+07 6.00163e+07 6.01047e+07 6.0192e+07 6.02781e+07 6.03631e+07 6.0447e+07 6.05297e+07 6.06114e+07 6.0692e+07 6.07716e+07 6.08501e+07 6.09277e+07 6.10043e+07 6.10799e+07 6.11546e+07 6.12284e+07 6.13013e+07 6.13732e+07 6.14444e+07 6.15146e+07 6.15841e+07 6.16527e+07 6.17205e+07 6.17875e+07 6.18538e+07 6.19193e+07 6.1984e+07 6.2048e+07 6.21113e+07 6.21739e+07 6.22357e+07 6.22969e+07 6.23574e+07 6.24173e+07 6.24765e+07 6.25351e+07 6.25931e+07 6.26504e+07 6.27071e+07 6.27633e+07 6.28188e+07 6.28738e+07 6.29282e+07 6.2982e+07 6.30353e+07 6.30881e+07 6.31403e+07 6.3192e+07 6.32432e+07 6.32939e+07 6.33441e+07 6.33938e+07 6.3443e+07 6.34917e+07 6.354e+07 6.35878e+07 6.36352e+07 6.36821e+07 6.37285e+07 6.37745e+07 6.38201e+07 6.38653e+07 0 0 0 0 0 0 0 0 0 0 0 0 0 0 0 0 0 0 0 0 0 0 0 0 0
#obs cpue bio
 22824.4 16196.4 16004.3 22817.8 43210.1 52414.6 94556 76785.9 99377.7 87845.6 144227 198029 170241 168210 147875 137210 180205 297583 188464 269032 203892 226848 287505 342792 175350 166700 167986 203027
#pred surv len freq
 1.13536e-11 1.23232e-09 7.88685e-08 2.97626e-06 6.62257e-05 0.000868931 0.00672372 0.030706 0.0830761 0.135697 0.145758 0.13379 0.134036 0.120907 0.0827959 0.0481471 0.0280103 0.0165936 0.0101612 0.00668748 0.00483584 0.00388735 0.00328739 0.00250612 0.00145561
 7.49529e-12 8.13542e-10 5.20666e-08 1.96484e-06 4.37206e-05 0.000573669 0.0044399 0.0202968 0.055197 0.0924419 0.109912 0.127224 0.155217 0.152766 0.112929 0.0725225 0.0439998 0.0241272 0.0123426 0.00640995 0.00360665 0.00232609 0.00170113 0.0012192 0.000701798
 1.27222e-11 1.38087e-09 8.83754e-08 3.33501e-06 7.42084e-05 0.000973662 0.00753379 0.0343978 0.0929583 0.150986 0.15822 0.135499 0.126026 0.111016 0.0769287 0.0462384 0.027547 0.0157919 0.00831085 0.00396412 0.00177977 0.000841807 0.000467106 0.000286263 0.000155138
 1.23895e-11 1.34476e-09 8.60646e-08 3.24781e-06 7.22682e-05 0.000948212 0.00733713 0.0335059 0.0906315 0.147878 0.158083 0.143111 0.140597 0.123252 0.0785241 0.0391433 0.018831 0.00944095 0.00473398 0.00226853 0.000988151 0.000391732 0.000156229 7.03652e-05 3.23974e-05
 1.50997e-11 1.63893e-09 1.04891e-07 3.95827e-06 8.80766e-05 0.00115561 0.00894107 0.0408104 0.110114 0.177448 0.179401 0.137125 0.109774 0.091107 0.0639305 0.039414 0.0223337 0.010803 0.00454597 0.00184774 0.000742295 0.000278583 9.47839e-05 3.10849e-05 1.05409e-05
 1.56136e-11 1.69471e-09 1.08461e-07 4.09299e-06 9.10743e-05 0.00119494 0.00924566 0.0422062 0.113956 0.184247 0.189106 0.151607 0.127885 0.101462 0.0558887 0.0188465 0.00377733 0.000448022 3.18675e-05 1.57199e-06 1.333e-07 3.32943e-08 9.86386e-09 2.70353e-09 6.84439e-10
 1.58845e-11 1.72411e-09 1.10343e-07 4.164e-06 9.26543e-05 0.00121567 0.00940598 0.0429365 0.115907 0.187231 0.19137 0.151374 0.12535 0.0985673 0.0541694 0.0182561 0.0036569 0.000432595 3.01836e-05 1.24187e-06 3.01302e-08 4.31085e-10 3.63911e-12 1.83121e-14 8.94579e-17
 1.65747e-11 1.79902e-09 1.15137e-07 4.34492e-06 9.668e-05 0.00126849 0.00981446 0.0447973 0.120877 0.194832 0.197137 0.150776 0.118882 0.0911861 0.0497899 0.0167575 0.00335581 0.000396957 2.76966e-05 1.13953e-06 2.76458e-08 3.95467e-10 3.33564e-12 1.65904e-14 4.86554e-17
 1.56436e-11 1.69796e-09 1.08669e-07 4.10084e-06 9.1249e-05 0.00119724 0.00926339 0.0422869 0.114172 0.184577 0.189357 0.151583 0.127608 0.101144 0.0556982 0.0187792 0.003762 0.000445035 3.10516e-05 1.27757e-06 3.09948e-08 4.43374e-10 3.73977e-12 1.86013e-14 5.45619e-17
 1.63934e-11 1.77935e-09 1.13878e-07 4.2974e-06 9.56225e-05 0.00125462 0.00970716 0.0443085 0.119571 0.192835 0.195622 0.150933 0.120581 0.093125 0.0509403 0.0171512 0.0034349 0.000406318 2.83499e-05 1.16641e-06 2.82979e-08 4.04793e-10 3.41428e-12 1.69812e-14 4.97975e-17
 1.64415e-11 1.78456e-09 1.14212e-07 4.31e-06 9.59029e-05 0.00125829 0.00973561 0.0444381 0.119917 0.193365 0.196023 0.150891 0.120131 0.0926109 0.0506353 0.0170468 0.00341393 0.000403836 2.81767e-05 1.15928e-06 2.8125e-08 4.02321e-10 3.39343e-12 1.68776e-14 4.94952e-17
 1.61394e-11 1.75178e-09 1.12113e-07 4.23082e-06 9.4141e-05 0.00123518 0.00955683 0.0436237 0.117742 0.190038 0.1935 0.151153 0.122961 0.0958414 0.052552 0.0177027 0.0035457 0.000419433 2.92651e-05 1.20406e-06 2.92114e-08 4.17861e-10 3.5245e-12 1.75294e-14 5.14053e-17
 1.66444e-11 1.80659e-09 1.15621e-07 4.36319e-06 9.70866e-05 0.00127382 0.00985571 0.0449852 0.121379 0.1956 0.197719 0.150715 0.118229 0.0904406 0.0493475 0.0166061 0.0033254 0.000393357 2.74455e-05 1.1292e-06 2.73951e-08 3.91879e-10 3.30536e-12 1.64394e-14 4.82089e-17
 1.61141e-11 1.74903e-09 1.11938e-07 4.22418e-06 9.39933e-05 0.00123324 0.00954184 0.0435554 0.11756 0.189759 0.193288 0.151175 0.123199 0.0961122 0.0527127 0.0177577 0.00355675 0.000420741 2.93563e-05 1.20782e-06 2.93025e-08 4.19164e-10 3.53549e-12 1.7584e-14 5.15653e-17
 1.6234e-11 1.76205e-09 1.12771e-07 4.25563e-06 9.46931e-05 0.00124242 0.00961285 0.0438789 0.118424 0.19108 0.19429 0.151071 0.122074 0.0948291 0.0519514 0.0174971 0.00350441 0.000414546 2.8924e-05 1.19003e-06 2.8871e-08 4.12992e-10 3.48343e-12 1.73251e-14 5.0806e-17
 1.67671e-11 1.8199e-09 1.16474e-07 4.39535e-06 9.7802e-05 0.00128321 0.00992831 0.0453159 0.122262 0.196951 0.198744 0.150609 0.11708 0.0891288 0.0485692 0.0163398 0.00327189 0.000387024 2.70035e-05 1.11101e-06 2.69539e-08 3.85568e-10 3.25213e-12 1.61747e-14 4.74324e-17
 1.68484e-11 1.82874e-09 1.17039e-07 4.41668e-06 9.82768e-05 0.00128944 0.00997648 0.0455353 0.122848 0.197847 0.199424 0.150538 0.116317 0.0882584 0.0480527 0.0161631 0.00323639 0.000382821 2.67102e-05 1.09895e-06 2.66612e-08 3.81381e-10 3.21681e-12 1.5999e-14 4.69173e-17
 1.66652e-11 1.80885e-09 1.15766e-07 4.36866e-06 9.72081e-05 0.00127542 0.00986804 0.0450414 0.121529 0.195829 0.197893 0.150697 0.118034 0.0902178 0.0492153 0.0165609 0.00331631 0.000392282 2.73704e-05 1.12611e-06 2.73201e-08 3.90807e-10 3.29631e-12 1.63945e-14 4.80769e-17
 1.73551e-11 1.88373e-09 1.20558e-07 4.54949e-06 0.000101232 0.00132821 0.0102763 0.0469012 0.126497 0.203427 0.203657 0.150099 0.111569 0.0828401 0.0448379 0.015063 0.00301537 0.000356661 2.48847e-05 1.02384e-06 2.4839e-08 3.55315e-10 2.99695e-12 1.49055e-14 4.37106e-17
 1.67931e-11 1.82273e-09 1.16654e-07 4.40217e-06 9.79538e-05 0.0012852 0.00994371 0.0453861 0.122449 0.197237 0.198961 0.150586 0.116836 0.0888505 0.0484041 0.0162833 0.00326054 0.00038568 2.69097e-05 1.10715e-06 2.68603e-08 3.8423e-10 3.24083e-12 1.61185e-14 4.72677e-17
 1.74282e-11 1.89166e-09 1.21066e-07 4.56866e-06 0.000101658 0.0013338 0.0103196 0.0470983 0.127023 0.204232 0.204268 0.150036 0.110884 0.0820583 0.044374 0.0149043 0.00298348 0.000352886 2.46213e-05 1.013e-06 2.45761e-08 3.51554e-10 2.96522e-12 1.47478e-14 4.32479e-17
 1.76571e-11 1.91651e-09 1.22656e-07 4.62867e-06 0.000102994 0.00135132 0.0104551 0.0477155 0.128672 0.206754 0.206181 0.149837 0.108739 0.07961 0.0429214 0.0144072 0.00288362 0.000341065 2.37965e-05 9.79062e-07 2.37527e-08 3.39776e-10 2.86588e-12 1.42537e-14 4.1799e-17
 1.79655e-11 1.94998e-09 1.24799e-07 4.70951e-06 0.000104792 0.00137492 0.0106376 0.048547 0.130892 0.21015 0.208757 0.14957 0.105849 0.0763118 0.0409644 0.0137376 0.00274908 0.000325141 2.26853e-05 9.33342e-07 2.26435e-08 3.23909e-10 2.73205e-12 1.3588e-14 3.9847e-17
 1.76993e-11 1.92109e-09 1.2295e-07 4.63974e-06 0.00010324 0.00135455 0.0104801 0.0478294 0.128976 0.207219 0.206533 0.149801 0.108343 0.0791583 0.0426533 0.0143155 0.00286519 0.000338884 2.36443e-05 9.72799e-07 2.36008e-08 3.37602e-10 2.84755e-12 1.41625e-14 4.15316e-17
 1.88113e-11 2.04178e-09 1.30674e-07 4.93122e-06 0.000109726 0.00143964 0.0111382 0.0508273 0.136983 0.219465 0.215824 0.148837 0.0979236 0.0672666 0.0355975 0.0119011 0.00238012 0.000281469 1.96378e-05 8.07955e-07 1.96015e-08 2.80394e-10 2.36502e-12 1.17626e-14 3.44939e-17
 1.93077e-11 2.09567e-09 1.34123e-07 5.06137e-06 0.000112622 0.00147763 0.011432 0.0521658 0.140558 0.224934 0.219972 0.148406 0.0932711 0.0619568 0.032447 0.0108231 0.00216353 0.000255832 1.78488e-05 7.34349e-07 1.78158e-08 2.5485e-10 2.14956e-12 1.0691e-14 3.13514e-17
 1.89497e-11 2.0568e-09 1.31635e-07 4.9675e-06 0.000110533 0.00145023 0.0112201 0.0512004 0.13798 0.22099 0.216981 0.148717 0.0966266 0.0657863 0.0347192 0.0116006 0.00231974 0.000274322 1.9139e-05 7.87435e-07 1.91037e-08 2.73273e-10 2.30495e-12 1.14638e-14 3.36178e-17
 1.88565e-11 2.04669e-09 1.30988e-07 4.94308e-06 0.00010999 0.0014431 0.0111649 0.0509492 0.137309 0.219964 0.216202 0.148797 0.0974997 0.0667827 0.0353105 0.0118029 0.00236038 0.000279133 1.94748e-05 8.01248e-07 1.94388e-08 2.78066e-10 2.34538e-12 1.16649e-14 3.42075e-17
#obs surv len freq
 3.5349e-11 3.27603e-09 1.79021e-07 5.76831e-06 0.000109593 0.00122779 0.00811264 0.0316493 0.0733219 0.103927 0.103081 0.10141 0.117525 0.128714 0.123409 0.100099 0.0627105 0.0295694 0.0109442 0.00326215 0.000765922 0.000136178 1.76475e-05 1.60674e-06 9.9302e-08
 2.36405e-11 2.11312e-09 1.11373e-07 3.46117e-06 6.34258e-05 0.00068542 0.00437083 0.0165011 0.0375197 0.0557978 0.0713341 0.104438 0.14609 0.164395 0.155266 0.122032 0.0732003 0.0327744 0.0114609 0.00322225 0.000711822 0.000118178 1.41406e-05 1.17684e-06 6.61313e-08
 1.5119e-10 1.30119e-08 6.60308e-07 1.97578e-05 0.000348593 0.00362649 0.0222462 0.08048 0.171832 0.2174 0.166636 0.0872265 0.0497712 0.0495401 0.056055 0.0485267 0.0289419 0.0121917 0.00391173 0.00100517 0.000204184 3.13206e-05 3.46356e-06 2.6551e-07 1.36725e-08
 1.1665e-10 9.65045e-09 4.70759e-07 1.35406e-05 0.000229653 0.00229687 0.0135524 0.0472823 0.0987041 0.130699 0.136352 0.154332 0.16842 0.131836 0.0700488 0.0289165 0.0112665 0.00424525 0.00137658 0.000350824 6.71839e-05 9.43801e-06 9.494e-07 6.63337e-08 3.12064e-09
 1.9194e-10 1.52409e-08 7.1358e-07 1.96998e-05 0.00032068 0.00307814 0.0174259 0.0582427 0.115555 0.139978 0.117795 0.0987842 0.104769 0.114309 0.107599 0.0753962 0.0347388 0.00995928 0.0017872 0.000217643 2.17246e-05 2.08864e-06 1.76477e-07 1.10532e-08 4.70734e-10
 3.12339e-10 2.37698e-08 1.06663e-06 2.82219e-05 0.000440305 0.00405072 0.0219806 0.0704488 0.134333 0.158082 0.134189 0.116724 0.114195 0.0991822 0.0726244 0.044386 0.0206297 0.00682542 0.00158971 0.000258675 2.86951e-05 2.14022e-06 1.1059e-07 4.25726e-09 1.28167e-10
 4.37999e-10 3.19035e-08 1.37022e-06 3.47e-05 0.000518158 0.00456263 0.023699 0.0727354 0.133086 0.151778 0.129286 0.11752 0.117875 0.103664 0.0761711 0.044474 0.0184179 0.00507933 0.000951485 0.000130398 1.38577e-05 1.11516e-06 6.31735e-08 2.37977e-09 5.82713e-11
 6.07171e-10 4.22753e-08 1.7356e-06 4.20147e-05 0.000599719 0.00504805 0.0250675 0.0735972 0.129212 0.143422 0.124432 0.119541 0.122257 0.107631 0.0790418 0.0455667 0.0184813 0.00500627 0.000920509 0.000120232 1.15e-05 8.04537e-07 4.05199e-08 1.43918e-09 3.49968e-11
 7.96031e-10 5.29172e-08 2.0742e-06 4.79397e-05 0.000653338 0.00525083 0.0249016 0.0699013 0.118018 0.129306 0.119031 0.125383 0.132449 0.11756 0.0860015 0.0479418 0.0182289 0.0044999 0.000732958 8.33502e-05 6.99728e-06 4.38698e-07 1.99294e-08 6.32151e-10 1.36275e-11
 1.32629e-09 8.40832e-08 3.14317e-06 6.92812e-05 0.000900453 0.00690158 0.0312113 0.0835155 0.134136 0.138541 0.11762 0.115108 0.119309 0.108278 0.0805202 0.043926 0.0158001 0.0035871 0.000518819 5.00747e-05 3.43696e-06 1.7515e-07 6.61073e-09 1.79281e-10 3.381e-12
 1.74177e-09 1.05199e-07 3.74643e-06 7.86712e-05 0.000974133 0.0071138 0.0306659 0.0783971 0.121677 0.127425 0.121892 0.133256 0.135513 0.112713 0.0760909 0.0382506 0.0128274 0.00272131 0.000365491 3.22312e-05 1.96805e-06 8.64508e-08 2.73634e-09 6.11394e-11 9.45758e-13
 2.83251e-09 1.62823e-07 5.51881e-06 0.000110298 0.00129984 0.00903412 0.0370603 0.0901117 0.132651 0.130287 0.114898 0.119353 0.12368 0.109761 0.0776056 0.0388107 0.0124943 0.00249861 0.000312348 2.52813e-05 1.39539e-06 5.4771e-08 1.53835e-09 3.02456e-11 4.06199e-13
 3.75617e-09 2.05312e-07 6.61717e-06 0.000125754 0.00140925 0.00931497 0.036366 0.084438 0.120656 0.122481 0.123278 0.138301 0.137055 0.110614 0.0711226 0.0328664 0.00988052 0.00185145 0.000216592 1.63201e-05 8.31268e-07 2.98087e-08 7.58234e-10 1.34032e-11 1.60769e-13
 5.27104e-09 2.73732e-07 8.38192e-06 0.00015134 0.00161134 0.0101198 0.0375501 0.0829899 0.11367 0.113447 0.116673 0.134818 0.140148 0.120527 0.0797914 0.0361448 0.010332 0.00180922 0.000194673 1.32157e-05 5.92516e-07 1.84467e-08 4.09306e-10 6.40578e-12 6.88181e-14
 8.44895e-09 4.16542e-07 1.21089e-05 0.000207559 0.00209799 0.0125095 0.044078 0.0926013 0.121112 0.117149 0.118639 0.133807 0.13491 0.112085 0.0708633 0.0303262 0.00813312 0.0013276 0.000131832 8.1172e-06 3.21707e-07 8.62003e-09 1.62276e-10 2.15792e-12 1.98522e-14
 1.18786e-08 5.55583e-07 1.53222e-05 0.000249167 0.00238946 0.0135195 0.045243 0.0906656 0.115337 0.115119 0.12548 0.143149 0.139133 0.109842 0.0655928 0.0264463 0.00668382 0.00103073 9.71897e-05 5.72795e-06 2.19184e-07 5.68023e-09 1.02003e-10 1.25858e-12 1.04187e-14
 1.86689e-08 8.27884e-07 2.16475e-05 0.000333769 0.00303477 0.0162808 0.0516701 0.0982862 0.119131 0.114601 0.122137 0.137989 0.135302 0.107464 0.0628089 0.0242193 0.00579583 0.000844903 7.55558e-05 4.25321e-06 1.56909e-07 3.9484e-09 6.88749e-11 8.21182e-13 6.5248e-15
 2.70893e-08 1.1384e-06 2.82084e-05 0.000412161 0.00355155 0.0180611 0.0543988 0.0987526 0.116953 0.116544 0.130449 0.144894 0.134564 0.100412 0.0552988 0.0202608 0.00467652 0.00067515 6.2357e-05 3.82026e-06 1.59534e-07 4.5372e-09 8.58537e-11 1.05514e-12 8.31999e-15
 3.96982e-08 1.58027e-06 3.70921e-05 0.000513379 0.00419059 0.0201915 0.057673 0.099708 0.114404 0.114826 0.13092 0.145657 0.135544 0.100136 0.053193 0.0184372 0.00398376 0.000534846 4.57466e-05 2.60228e-06 1.02592e-07 2.84142e-09 5.42844e-11 6.94556e-13 5.80682e-15
 5.51528e-08 2.07899e-06 4.62091e-05 0.000605643 0.00468191 0.0213728 0.0579506 0.0959721 0.109211 0.115814 0.138055 0.152155 0.137604 0.0976265 0.0491739 0.0160381 0.00324978 0.000408366 3.26109e-05 1.72461e-06 6.28515e-08 1.60205e-09 2.81683e-11 3.33708e-13 2.61504e-15
 8.42697e-08 3.00731e-06 6.32816e-05 0.000785224 0.00574703 0.0248429 0.0638386 0.10057 0.110343 0.11549 0.136566 0.149769 0.135381 0.0942902 0.0454312 0.0139307 0.00262422 0.000303026 2.18858e-05 1.02708e-06 3.27757e-08 7.32639e-10 1.14454e-11 1.22108e-13 8.68733e-16
 1.39894e-07 4.72568e-06 9.41291e-05 0.00110561 0.00765994 0.0313479 0.0763022 0.114102 0.119646 0.120636 0.136529 0.142149 0.121581 0.0798874 0.0362949 0.0105351 0.00189658 0.000212857 1.53062e-05 7.3181e-07 2.38897e-08 5.32488e-10 7.94688e-12 7.78773e-14 4.96315e-16
 1.88169e-07 6.01652e-06 0.000113433 0.00126116 0.00827225 0.0320791 0.0742991 0.107686 0.11614 0.12818 0.149561 0.14936 0.119486 0.0729977 0.0307838 0.00826353 0.001364 0.000138187 8.77203e-06 3.62671e-07 1.02208e-08 2.02025e-10 2.78738e-12 2.61366e-14 1.61954e-16
 2.61709e-07 7.92037e-06 0.000141342 0.00148746 0.00923633 0.0339271 0.0746287 0.103888 0.111287 0.125981 0.14942 0.152011 0.123793 0.0748602 0.0303254 0.00769288 0.00119174 0.000112929 6.67903e-06 2.55281e-07 6.55772e-09 1.15966e-10 1.40741e-12 1.15e-14 6.21574e-17
 3.99603e-07 1.14475e-05 0.000193372 0.00192634 0.0113239 0.0393968 0.0822533 0.109612 0.114973 0.129162 0.14956 0.147308 0.115447 0.066426 0.0253836 0.00605625 0.000883387 7.9154e-05 4.45743e-06 1.63438e-07 4.03991e-09 6.83318e-11 7.82451e-13 5.93605e-15 2.93362e-17
 4.74882e-07 1.28784e-05 0.000205946 0.00194244 0.0108167 0.035736 0.0716459 0.0957868 0.111106 0.140258 0.16523 0.157073 0.117127 0.0638237 0.0231323 0.00528143 0.000750809 6.75459e-05 3.96663e-06 1.56453e-07 4.17681e-09 7.43484e-11 8.63083e-13 6.43531e-15 3.06306e-17
 6.13367e-07 1.57487e-05 0.000238444 0.00212944 0.0112312 0.0351944 0.0673446 0.0879451 0.104262 0.136467 0.166383 0.16558 0.126706 0.0677296 0.0232128 0.00488607 0.000624725 4.89732e-05 2.41717e-06 7.83455e-08 1.74495e-09 2.73515e-11 2.98396e-13 2.19582e-15 1.05661e-17
 8.7179e-07 2.11953e-05 0.000303873 0.0025699 0.0128407 0.0381834 0.0698368 0.0893497 0.107673 0.141734 0.169177 0.163293 0.119929 0.0608824 0.0197398 0.00394325 0.000483157 3.68913e-05 1.80814e-06 5.87932e-08 1.29297e-09 1.91547e-11 1.87788e-13 1.19994e-15 4.96689e-18
#pred catch len freq
 9.10592e-13 9.88362e-11 6.32555e-09 2.38716e-07 5.31274e-06 6.97736e-05 0.00054253 0.00253882 0.00770842 0.019354 0.0521976 0.125356 0.204439 0.21136 0.148964 0.0871277 0.050759 0.0300805 0.0184204 0.0121229 0.00876622 0.00704682 0.00595923 0.00454298 0.00263866
 6.54735e-13 7.10653e-11 4.54821e-09 1.71644e-07 3.82029e-06 5.01902e-05 0.000390942 0.00184531 0.00581518 0.0161265 0.0481255 0.120348 0.199451 0.211447 0.15859 0.102071 0.0619357 0.03396 0.0173715 0.00902128 0.00507588 0.00327364 0.00239411 0.00171586 0.000987682
 1.42786e-12 1.5498e-10 9.91877e-09 3.74312e-07 8.32991e-06 0.000109359 0.000848732 0.0039348 0.0114525 0.0252058 0.0572638 0.127059 0.203505 0.210876 0.151236 0.0914441 0.0545202 0.031256 0.0164485 0.0078454 0.0035223 0.00166599 0.000924434 0.000566533 0.000307028
 1.08013e-12 1.17237e-10 7.50323e-09 2.83159e-07 6.30179e-06 8.27594e-05 0.00064336 0.00300735 0.00908665 0.0224947 0.059678 0.142104 0.229818 0.232051 0.152374 0.0764327 0.0368327 0.018476 0.00926518 0.00443981 0.00193392 0.000766658 0.000305755 0.000137712 6.34049e-05
 7.12886e-12 7.73769e-10 4.95211e-08 1.86878e-06 4.15833e-05 0.000545631 0.00422313 0.0193113 0.0525912 0.0886737 0.108129 0.131149 0.164676 0.162669 0.118638 0.0735146 0.041637 0.0201306 0.00846944 0.0034422 0.0013828 0.000518962 0.000176569 5.79066e-05 1.96362e-05
 1.02161e-11 1.10886e-09 7.09671e-08 2.67808e-06 5.95913e-05 0.000781904 0.00605115 0.027654 0.0750864 0.1248 0.144007 0.156286 0.178463 0.159186 0.0901392 0.0305677 0.00613336 0.000727615 5.1752e-05 2.55081e-06 2.15665e-07 5.38063e-08 1.59397e-08 4.36881e-09 1.10603e-09
 1.1613e-11 1.26048e-09 8.06707e-08 3.04427e-06 6.77392e-05 0.0008888 0.0068779 0.0314202 0.0851459 0.140185 0.15568 0.155078 0.165378 0.14425 0.0812745 0.027531 0.00552032 0.000653159 4.55749e-05 1.87514e-06 4.54946e-08 6.50908e-10 5.49478e-12 2.76483e-14 1.34798e-16
 1.212e-11 1.3155e-09 8.41921e-08 3.17715e-06 7.06961e-05 0.000927593 0.00717793 0.0327869 0.0887965 0.145768 0.159915 0.154638 0.160627 0.138828 0.0780577 0.0264303 0.00529917 0.000626982 4.3748e-05 1.79996e-06 4.36682e-08 6.24664e-10 5.26884e-12 2.62055e-14 7.6854e-17
 1.21136e-11 1.31482e-09 8.4148e-08 3.17549e-06 7.0659e-05 0.000927107 0.00717417 0.0327698 0.0887508 0.145698 0.159862 0.154644 0.160687 0.138896 0.078098 0.0264441 0.00530194 0.00062731 4.37709e-05 1.8009e-06 4.36911e-08 6.24994e-10 5.27169e-12 2.62209e-14 7.6912e-17
 1.23667e-11 1.34228e-09 8.5906e-08 3.24183e-06 7.21352e-05 0.000946473 0.00732395 0.0334521 0.0905733 0.148486 0.161977 0.154424 0.158315 0.13619 0.0764921 0.0258946 0.00519154 0.000614242 4.2859e-05 1.76338e-06 4.27808e-08 6.11968e-10 5.16172e-12 2.56722e-14 7.52841e-17
 1.27811e-11 1.38726e-09 8.87847e-08 3.35046e-06 7.45523e-05 0.000978185 0.00756921 0.0345693 0.0935575 0.15305 0.165439 0.154065 0.154432 0.131758 0.0738625 0.0249948 0.00501076 0.000592844 4.13659e-05 1.70194e-06 4.12904e-08 5.90648e-10 4.98191e-12 2.47781e-14 7.2664e-17
 1.25398e-11 1.36108e-09 8.71089e-08 3.28722e-06 7.31452e-05 0.000959724 0.00742644 0.0339189 0.0918203 0.150393 0.163424 0.154274 0.156693 0.134338 0.0753933 0.0255186 0.00511599 0.0006053 4.22351e-05 1.73771e-06 4.2158e-08 6.03059e-10 5.08658e-12 2.52985e-14 7.41884e-17
 1.35492e-11 1.47063e-09 9.41202e-08 3.55181e-06 7.90325e-05 0.00103696 0.0080238 0.0366402 0.0990888 0.16151 0.171857 0.153399 0.147234 0.123543 0.0689885 0.023327 0.00467568 0.000553183 3.85983e-05 1.58807e-06 3.85277e-08 5.51129e-10 4.64857e-12 2.312e-14 6.77998e-17
 1.37058e-11 1.48764e-09 9.52085e-08 3.59288e-06 7.99463e-05 0.00104895 0.00811652 0.0370625 0.100217 0.163235 0.173166 0.153263 0.145766 0.121868 0.0679944 0.0229868 0.00460734 0.000545094 3.80338e-05 1.56485e-06 3.79643e-08 5.43069e-10 4.58058e-12 2.27819e-14 6.6808e-17
 1.36923e-11 1.48617e-09 9.51145e-08 3.58933e-06 7.98673e-05 0.00104791 0.00810851 0.0370261 0.10012 0.163086 0.173053 0.153275 0.145893 0.122013 0.0680803 0.0230162 0.00461324 0.000545793 3.80826e-05 1.56685e-06 3.8013e-08 5.43765e-10 4.58646e-12 2.28111e-14 6.68937e-17
 1.43264e-11 1.55499e-09 9.95195e-08 3.75556e-06 8.35661e-05 0.00109644 0.00848382 0.0387357 0.104686 0.17007 0.178351 0.152725 0.139951 0.115231 0.0640564 0.0216393 0.00433661 0.000513049 3.57977e-05 1.47284e-06 3.57322e-08 5.1114e-10 4.31127e-12 2.14424e-14 6.28801e-17
 1.43149e-11 1.55375e-09 9.94398e-08 3.75255e-06 8.34992e-05 0.00109556 0.00847703 0.0387048 0.104603 0.169944 0.178255 0.152735 0.140058 0.115353 0.0641292 0.0216642 0.00434161 0.000513641 3.5839e-05 1.47454e-06 3.57735e-08 5.1173e-10 4.31625e-12 2.14672e-14 6.29526e-17
 1.4114e-11 1.53194e-09 9.80441e-08 3.69988e-06 8.23273e-05 0.00108019 0.00835812 0.0381631 0.103157 0.167731 0.176577 0.152909 0.141941 0.117502 0.0654041 0.0221004 0.00442926 0.000524016 3.65629e-05 1.50433e-06 3.64961e-08 5.22067e-10 4.40344e-12 2.19008e-14 6.42243e-17
 1.57626e-11 1.71088e-09 1.09496e-07 4.13205e-06 9.19433e-05 0.00120635 0.00933384 0.0426079 0.115029 0.185888 0.190351 0.15148 0.126492 0.0998709 0.0549429 0.0185208 0.00371007 0.000438889 3.06227e-05 1.25992e-06 3.05666e-08 4.37247e-10 3.68801e-12 1.83426e-14 5.37898e-17
 1.52441e-11 1.6546e-09 1.05894e-07 3.99611e-06 8.89187e-05 0.00116666 0.00902693 0.0412098 0.111294 0.180177 0.186019 0.151929 0.131351 0.105417 0.0582334 0.0196467 0.00393629 0.000465665 3.24911e-05 1.3368e-06 3.24317e-08 4.63926e-10 3.91304e-12 1.94618e-14 5.70719e-17
 1.5633e-11 1.69681e-09 1.08595e-07 4.09806e-06 9.1187e-05 0.00119642 0.00925709 0.0422583 0.114095 0.18446 0.189268 0.151592 0.127707 0.101258 0.0557657 0.0188023 0.00376664 0.000445584 3.10899e-05 1.27915e-06 3.10329e-08 4.43918e-10 3.74428e-12 1.86225e-14 5.46105e-17
 1.61737e-11 1.7555e-09 1.12352e-07 4.23981e-06 9.43411e-05 0.0012378 0.00957714 0.0437162 0.117989 0.190416 0.193786 0.151123 0.12264 0.0954745 0.0523343 0.0176282 0.00353074 0.000417662 2.91415e-05 1.19898e-06 2.9088e-08 4.16096e-10 3.50962e-12 1.74553e-14 5.11879e-17
 1.64119e-11 1.78135e-09 1.14006e-07 4.30224e-06 9.57304e-05 0.00125603 0.0097181 0.0443583 0.119704 0.193039 0.195776 0.150917 0.120408 0.0929272 0.0508229 0.017111 0.00342683 0.000405363 2.82832e-05 1.16367e-06 2.82314e-08 4.03842e-10 3.40626e-12 1.69413e-14 4.96804e-17
 1.66206e-11 1.804e-09 1.15456e-07 4.35695e-06 9.69477e-05 0.001272 0.00984162 0.044921 0.121207 0.195338 0.19752 0.150736 0.118452 0.0906952 0.0494986 0.0166578 0.00333579 0.000394587 2.75312e-05 1.13273e-06 2.74807e-08 3.93104e-10 3.31569e-12 1.64908e-14 4.83594e-17
 1.80877e-11 1.96324e-09 1.25647e-07 4.74154e-06 0.000105505 0.00138427 0.0107099 0.0488764 0.131772 0.211496 0.209778 0.149464 0.104704 0.0750051 0.0401891 0.0134723 0.00269578 0.000318832 2.2245e-05 9.15228e-07 2.2204e-08 3.17622e-10 2.67903e-12 1.33243e-14 3.90737e-17
 1.85322e-11 2.01149e-09 1.28735e-07 4.85806e-06 0.000108098 0.00141829 0.010973 0.0500749 0.134973 0.216392 0.213492 0.149079 0.100539 0.0702511 0.0373684 0.0125071 0.00250186 0.000295879 2.06433e-05 8.49326e-07 2.06052e-08 2.94752e-10 2.48612e-12 1.23649e-14 3.62602e-17
 1.83544e-11 1.9922e-09 1.275e-07 4.81147e-06 0.000107061 0.00140468 0.0108678 0.0495956 0.133693 0.214434 0.212007 0.149233 0.102205 0.0721522 0.0384964 0.0128931 0.00257941 0.000305058 2.12838e-05 8.75681e-07 2.12446e-08 3.03898e-10 2.56326e-12 1.27486e-14 3.73853e-17
 1.75398e-11 1.90377e-09 1.21841e-07 4.59791e-06 0.000102309 0.00134234 0.0103856 0.0473992 0.127827 0.205461 0.2052 0.149939 0.109839 0.0808648 0.0436659 0.014662 0.0029348 0.000347124 2.42192e-05 9.96456e-07 2.41747e-08 3.45812e-10 2.9168e-12 1.45069e-14 4.25416e-17
#obs catch len freq
 2.9001e-11 2.68771e-09 1.46872e-07 4.73243e-06 8.99128e-05 0.00100734 0.00665684 0.0259881 0.0604301 0.087264 0.0931706 0.105316 0.131434 0.142522 0.131361 0.103599 0.0644991 0.0306353 0.0114954 0.00349695 0.000847843 0.000157318 2.12913e-05 2.00732e-06 1.27083e-07
 4.26097e-11 3.8087e-09 2.00739e-07 6.2384e-06 0.000114316 0.00123526 0.00787309 0.0296432 0.0664609 0.0924148 0.0946066 0.102551 0.125434 0.137748 0.130752 0.104005 0.0635147 0.0292081 0.0105496 0.00305653 0.000692875 0.000118091 1.45674e-05 1.25434e-06 7.29108e-08
 2.85193e-11 2.45447e-09 1.24556e-07 3.727e-06 6.57593e-05 0.00068427 0.00420277 0.0153048 0.0338201 0.0504751 0.0693343 0.108518 0.152586 0.1696 0.157987 0.12149 0.0708929 0.030905 0.0105338 0.00287564 0.00061247 9.7317e-05 1.10692e-05 8.70485e-07 4.59849e-08
 2.11281e-18 9.28756e-16 2.4073e-13 3.67917e-11 3.31565e-09 1.76203e-07 5.52294e-06 0.000102166 0.0011176 0.00727435 0.0287082 0.0723662 0.130151 0.188751 0.219529 0.184513 0.106325 0.0434412 0.0135621 0.00338223 0.000662153 9.71404e-05 1.02023e-05 7.38374e-07 3.57214e-08
 1.26681e-10 1.00591e-08 4.70967e-07 1.30021e-05 0.000211658 0.002032 0.0115134 0.0386571 0.0785238 0.106231 0.127612 0.169652 0.19238 0.147514 0.0763104 0.0310528 0.0120161 0.00445568 0.00140567 0.000345868 6.35913e-05 8.53026e-06 8.14515e-07 5.37086e-08 2.37282e-09
 2.7186e-10 2.06892e-08 9.2839e-07 2.45643e-05 0.000383239 0.00352571 0.019131 0.0613032 0.116773 0.136754 0.114349 0.0995582 0.108106 0.117163 0.107734 0.0727093 0.0320233 0.00876112 0.00150482 0.000177058 1.72843e-05 1.61715e-06 1.30586e-07 7.72525e-09 3.08899e-10
 4.54072e-10 3.30742e-08 1.4205e-06 3.59734e-05 0.000537172 0.00473004 0.0245679 0.0753935 0.137865 0.15675 0.131947 0.117131 0.114551 0.0978236 0.0703685 0.0419182 0.0188162 0.00599124 0.0013404 0.000208781 2.20902e-05 1.56949e-06 7.73332e-08 2.83743e-09 8.09266e-11
 6.40167e-10 4.45727e-08 1.82992e-06 4.42979e-05 0.000632308 0.00532232 0.0264283 0.0775731 0.13602 0.150063 0.127461 0.118497 0.118524 0.102397 0.0736345 0.0416125 0.0165248 0.00436268 0.000785314 0.000103845 1.06245e-05 8.16525e-07 4.38499e-08 1.5591e-09 3.59458e-11
 9.19084e-10 6.10974e-08 2.39484e-06 5.53503e-05 0.000754327 0.00606226 0.0287442 0.0806089 0.135415 0.144959 0.124094 0.119252 0.120007 0.10347 0.0742161 0.0413185 0.0160493 0.00415792 0.000732819 9.18864e-05 8.42277e-06 5.62576e-07 2.69343e-08 9.05158e-10 2.07288e-11
 1.24481e-09 7.89179e-08 2.95009e-06 6.50254e-05 0.000845144 0.00647788 0.0293003 0.0784721 0.126606 0.133456 0.120131 0.124344 0.128083 0.111077 0.0790994 0.0424066 0.0153847 0.00361938 0.000563482 6.1466e-05 4.95057e-06 2.96495e-07 1.27938e-08 3.83597e-10 7.78627e-12
 2.09413e-09 1.26481e-07 4.50434e-06 9.45862e-05 0.00117118 0.00855194 0.0368472 0.0939595 0.143982 0.142595 0.117634 0.112724 0.114063 0.101139 0.0729115 0.038074 0.0130182 0.00280608 0.000386201 3.56063e-05 2.34054e-06 1.14063e-07 4.09758e-09 1.05215e-10 1.87002e-12
 2.79203e-09 1.60495e-07 5.43993e-06 0.000108721 0.00128127 0.00890547 0.0365406 0.0889488 0.131671 0.132345 0.1229 0.130459 0.128628 0.104245 0.0682431 0.0328534 0.0104672 0.00210551 0.000268548 2.25613e-05 1.31538e-06 5.51164e-08 1.658e-09 3.50652e-11 5.11587e-13
 4.60125e-09 2.51505e-07 8.10593e-06 0.000154046 0.00172625 0.0114085 0.0445045 0.102923 0.144232 0.135312 0.114827 0.115348 0.116139 0.100363 0.0684093 0.032588 0.00993509 0.00187965 0.000222683 1.71351e-05 9.01489e-07 3.37163e-08 8.99269e-10 1.67204e-11 2.11621e-13
 6.2211e-09 3.2307e-07 9.89269e-06 0.000178618 0.00190174 0.0119429 0.0443006 0.097751 0.132839 0.128524 0.123659 0.133003 0.12738 0.099931 0.0619802 0.0272924 0.00776646 0.0013755 0.000152305 1.08942e-05 5.28121e-07 1.80216e-08 4.34864e-10 7.26364e-12 8.20574e-14
 8.91989e-09 4.3976e-07 1.27838e-05 0.000219128 0.00221491 0.013206 0.0465202 0.0976076 0.126892 0.120064 0.117061 0.129379 0.130232 0.108604 0.0689256 0.0296107 0.00798882 0.00131917 0.000134023 8.61399e-06 3.66791e-07 1.08605e-08 2.28754e-10 3.38512e-12 3.42558e-14
 1.43489e-08 6.71125e-07 1.85087e-05 0.000300982 0.00288623 0.0163266 0.0545753 0.108757 0.134815 0.123217 0.117732 0.126712 0.123598 0.0993959 0.0601133 0.0243562 0.00615616 0.000946095 8.85246e-05 5.14702e-06 1.93196e-07 4.91384e-09 8.7774e-11 1.1041e-12 9.57259e-15
 2.04387e-08 9.06365e-07 2.36996e-05 0.000365408 0.0033224 0.0178228 0.0565459 0.107392 0.129225 0.121275 0.124078 0.134802 0.126598 0.0966095 0.0551194 0.0210214 0.00500372 0.000726157 6.45041e-05 3.58958e-06 1.30042e-07 3.1947e-09 5.43027e-11 6.32109e-13 4.92123e-15
 3.2006e-08 1.34501e-06 3.33281e-05 0.00048696 0.00419583 0.0213309 0.0641486 0.115582 0.132439 0.11974 0.119917 0.12936 0.122669 0.0939065 0.0522522 0.0190176 0.00428147 0.000587017 4.94418e-05 2.62798e-06 9.17841e-08 2.18827e-09 3.60929e-11 4.05479e-13 3.02646e-15
 4.70431e-08 1.87265e-06 4.39547e-05 0.000608355 0.00496559 0.0239191 0.0682287 0.117193 0.130766 0.121489 0.126882 0.134173 0.120323 0.0864723 0.0453318 0.0156843 0.00341045 0.000464281 4.05345e-05 2.3521e-06 9.2988e-08 2.49612e-09 4.44244e-11 5.12245e-13 3.784e-15
 6.98987e-08 2.63483e-06 5.85635e-05 0.000767549 0.00593282 0.0270674 0.0731821 0.119564 0.128724 0.119383 0.126267 0.133709 0.120046 0.0851273 0.0429103 0.0140178 0.00284964 0.000360377 2.91189e-05 1.56951e-06 5.8675e-08 1.53715e-09 2.76659e-11 3.32269e-13 2.60038e-15
 9.91198e-08 3.53726e-06 7.44329e-05 0.00092358 0.00675914 0.029207 0.0749161 0.117009 0.124062 0.120087 0.132099 0.138484 0.120667 0.0819914 0.0391221 0.0120135 0.00228857 0.000270697 2.0404e-05 1.02139e-06 3.52622e-08 8.49613e-10 1.40704e-11 1.56503e-13 1.14853e-15
 1.51673e-07 5.12358e-06 0.000102054 0.00119868 0.00830418 0.0339729 0.0825565 0.122524 0.124819 0.118636 0.129357 0.135097 0.117492 0.0781068 0.0355565 0.0102481 0.00181236 0.00019666 1.33794e-05 5.93258e-07 1.79221e-08 3.78897e-10 5.58e-12 5.59176e-14 3.72581e-16
 2.52276e-07 8.06624e-06 0.000152076 0.00169069 0.0110865 0.0429327 0.0987762 0.138891 0.134303 0.121314 0.12536 0.123841 0.101718 0.06372 0.0273409 0.00746161 0.00126222 0.000133324 9.04567e-06 4.08792e-07 1.26064e-08 2.64702e-10 3.7098e-12 3.40623e-14 2.03066e-16
 3.45838e-07 1.04664e-05 0.000186776 0.0019655 0.0122016 0.0447652 0.0979065 0.132855 0.13047 0.127649 0.136254 0.129182 0.099135 0.0576862 0.0229565 0.00578808 0.000896403 8.52931e-05 5.0972e-06 1.98976e-07 5.30364e-09 9.90359e-11 1.28639e-12 1.1313e-14 6.55474e-17
 4.90077e-07 1.40393e-05 0.00023715 0.00236232 0.0138831 0.0482386 0.10011 0.129962 0.125377 0.124633 0.135322 0.130879 0.101988 0.0585194 0.0223178 0.00531186 0.000771636 6.86379e-05 3.81866e-06 1.37624e-07 3.33769e-09 5.56617e-11 6.35251e-13 4.86689e-15 2.46086e-17
 7.39802e-07 2.00627e-05 0.000320821 0.0030254 0.0168334 0.0553973 0.109077 0.13531 0.127343 0.1257 0.133683 0.125249 0.0937963 0.051135 0.0183833 0.00411441 0.000562832 4.7355e-05 2.50937e-06 8.67595e-08 2.02322e-09 3.22272e-11 3.4648e-13 2.46128e-15 1.1367e-17
 9.26638e-07 2.3792e-05 0.000360213 0.0032164 0.0169518 0.0529376 0.0997151 0.122282 0.123614 0.135742 0.147377 0.133273 0.0948186 0.0489108 0.01668 0.00357632 0.000477758 4.0467e-05 2.24137e-06 8.33832e-08 2.09511e-09 3.49926e-11 3.80194e-13 2.64876e-15 1.17656e-17
 1.22603e-06 2.98075e-05 0.000427327 0.00361325 0.0180371 0.0534036 0.0957933 0.113814 0.116171 0.132359 0.14953 0.141592 0.102944 0.0518813 0.016687 0.00329143 0.000394467 2.90275e-05 1.34808e-06 4.12177e-08 8.6687e-10 1.28074e-11 1.31209e-13 9.03318e-16 4.05489e-18
#spawning biomass
 20044.8 23658.4 16398.1 20787.8 36705.1 47442.3 61984.8 77779.5 102285 110468 142081 170897 202979 228483 208859 208433 220679 238020 265745 240243 207103 218286 220828 234788 220556 216711 230172 198738 225650 576474 907445 1.23804e+06 1.54339e+06 1.81122e+06 2.03798e+06 2.22525e+06 2.37716e+06 2.4988e+06 2.59528e+06 2.6713e+06 2.73093e+06 2.77757e+06 2.80693e+06 2.80876e+06 2.81054e+06 2.81226e+06 2.81393e+06 2.81556e+06 2.81713e+06 2.81865e+06 2.82014e+06 2.82157e+06 2.82296e+06 2.82432e+06 2.82563e+06 2.8269e+06 2.82813e+06 2.82933e+06 2.83049e+06 2.83162e+06 2.83271e+06 2.83377e+06 2.8348e+06 2.8358e+06 2.83677e+06 2.8377e+06 2.83861e+06 2.8395e+06 2.84036e+06 2.84119e+06 2.84199e+06 2.84278e+06 2.84354e+06 2.84427e+06 2.84499e+06 2.84568e+06 2.84635e+06 2.847e+06 2.84764e+06 2.84825e+06 2.84884e+06 2.84942e+06 2.84998e+06 2.85053e+06 2.85105e+06 2.85157e+06 2.85206e+06 2.85254e+06 2.85301e+06 2.85346e+06 2.8539e+06 2.85433e+06 2.85474e+06 2.85514e+06 2.85553e+06 2.85591e+06 2.85628e+06 2.85663e+06 2.85698e+06 2.85731e+06 2.85763e+06 2.85795e+06 2.85825e+06 2.85855e+06 2.85884e+06 2.85912e+06 2.85939e+06 2.85965e+06 2.8599e+06 2.86015e+06 2.86039e+06 2.86062e+06 2.86085e+06 2.86107e+06 2.86128e+06 2.86148e+06 2.86168e+06 2.86188e+06 2.86206e+06 2.86225e+06 2.86242e+06 2.86259e+06 2.86276e+06 2.86292e+06 2.86308e+06 2.86323e+06 2.86338e+06 2.86352e+06 0 0 0 0 0 0 0 0 0 0 0 0 0 0 0 0 0 0 0 0 0 0 0 0 0
