SBPRF35
3.98033
Curr Bio
103387
B35
3.0271e+06
F35
0.084201
FOFL
0
OFL
0
Bzero
1.13724e+06
#pred survey bio
 7413.65 7305.65 6098.14 7214.11 8935.47 14467.1 21778.7 26682 39640.3 51907.6 60099.3 73067 101797 118991 113177 108171 101371 106714 120645 118019 113449 122767 130994 145674 159492 160894 141176 130959 123694 3.00562e+06 5.35871e+06 7.66774e+06 9.51252e+06 1.08321e+07 1.1673e+07 1.21295e+07 1.23023e+07 1.22798e+07 1.2132e+07 1.19109e+07 1.16531e+07 1.13834e+07 1.11176e+07 1.0852e+07 1.05694e+07 1.03265e+07 1.01177e+07 9.93813e+06 9.78367e+06 9.6508e+06 9.53646e+06 9.43808e+06 9.35342e+06 9.28057e+06 9.21787e+06 9.16391e+06 9.11747e+06 9.0775e+06 9.04311e+06 9.01352e+06 8.98806e+06 8.96615e+06 8.9473e+06 8.93109e+06 8.91714e+06 8.90515e+06 8.89483e+06 8.88596e+06 8.87834e+06 8.87178e+06 8.86615e+06 8.86131e+06 8.85715e+06 8.85358e+06 8.85052e+06 8.84788e+06 8.84563e+06 8.84369e+06 8.84203e+06 8.8406e+06 8.83938e+06 8.83834e+06 8.83745e+06 8.83668e+06 8.83603e+06 8.83547e+06 8.83499e+06 8.83459e+06 8.83424e+06 8.83395e+06 8.8337e+06 8.83348e+06 8.8333e+06 8.83315e+06 8.83302e+06 8.83292e+06 8.83283e+06 8.83275e+06 8.83269e+06 8.83263e+06 8.83259e+06 8.83255e+06 8.83253e+06 8.8325e+06 8.83248e+06 8.83247e+06 8.83246e+06 8.83245e+06 8.83244e+06 8.83244e+06 8.83243e+06 8.83243e+06 8.83243e+06 8.83243e+06 8.83243e+06 8.83243e+06 8.83243e+06 8.83244e+06 8.83244e+06 8.83244e+06 8.83244e+06 8.83245e+06 8.83245e+06 8.83245e+06 8.83246e+06 8.83246e+06 8.83246e+06 8.83246e+06 8.83247e+06 0 0 0 0 0 0 0 0 0 0 0 0 0 0 0 0 0 0 0 0 0 0 0 0 0
#obs survey bio
 7189.15 9236.45 6274.06 8102.74 13161.3 18751.2 45667.8 31717.8 75918.4 68720.3 58662.7 57747.7 119470 120414 133350 96927.2 95772.2 121099 109339 133515 126594 141092 141198 131472 175369 169586 129487 109102 102039
#pred catch bio
 3278.81 3912.23 2908.58 3903.1 4764.27 9399.8 16168.7 18015.7 28394.9 39341.2 46118.2 53123.7 75962.3 94851.8 90139 87998.3 81584.5 82309.4 99061.6 99325.2 92130.9 101503 108790 121234 133493 141215 124556 114314 105692 0 19487.6 28273.6 35269.2 40260.1 43401 45046.6 45586 45365 44659.4 43674.5 42555.2 41399.3 40269 39154.9 37998.8 37002.7 36144.6 35405.2 34768.2 34219.4 33746.5 33339.1 32988.1 32685.7 32425.2 32200.7 32007.3 31840.6 31697.1 31573.4 31466.8 31375 31295.9 31227.8 31169 31118.4 31074.9 31037.3 31005 30977.1 30953.1 30932.4 30914.5 30899.2 30886 30874.5 30864.7 30856.3 30849 30842.7 30837.3 30832.6 30828.6 30825.1 30822.2 30819.6 30817.4 30815.5 30813.8 30812.4 30811.2 30810.1 30809.2 30808.4 30807.8 30807.2 30806.7 30806.3 30805.9 30805.6 30805.3 30805.1 30804.9 30804.7 30804.5 30804.4 30804.3 30804.2 30804.1 30804 30804 30803.9 30803.9 30803.8 30803.8 30803.8 30803.7 30803.7 30803.7 30803.7 30803.7 30803.7 30803.7 30803.6 30803.6 30803.6 30803.6 30803.6 30803.6 0 0 0 0 0 0 0 0 0 0 0 0 0 0 0 0 0 0 0 0 0 0 0 0 0
#obs catch bio
 3984.98 3614.21 3138.83 3591.21 3727.01 6937.11 12144.6 12547.5 22024.5 35660.4 40098 44658.2 65826.1 80302.7 80525.2 82662.7 73355.1 72546.8 90587.1 94962.7 75637.5 81602.8 92150.9 102271 110259 120900 109845 101695 86569.8
#pred cpue bio
 6315.37 6746.34 5113.67 5196.73 6498.97 8301.25 12419.1 14338 21673.1 28543.9 32608.2 36627.7 51586.3 67383.3 64093.7 61135.2 54440.6 53555.7 64904.4 59406.8 53668.5 59583.1 60269.7 63945.5 71155.4 75954 61562.4 53682.6 53126.7 1.31181e+06 5.22099e+06 7.54451e+06 9.38831e+06 1.07078e+07 1.15487e+07 1.20052e+07 1.2178e+07 1.21555e+07 1.20078e+07 1.17867e+07 1.15289e+07 1.12591e+07 1.09933e+07 1.07277e+07 1.04451e+07 1.02022e+07 9.99343e+06 9.81386e+06 9.65941e+06 9.52653e+06 9.4122e+06 9.31382e+06 9.22916e+06 9.1563e+06 9.0936e+06 9.03964e+06 8.9932e+06 8.95324e+06 8.91885e+06 8.88926e+06 8.86379e+06 8.84189e+06 8.82304e+06 8.80682e+06 8.79288e+06 8.78088e+06 8.77057e+06 8.7617e+06 8.75407e+06 8.74752e+06 8.74188e+06 8.73704e+06 8.73289e+06 8.72932e+06 8.72625e+06 8.72362e+06 8.72136e+06 8.71942e+06 8.71776e+06 8.71634e+06 8.71512e+06 8.71407e+06 8.71318e+06 8.71242e+06 8.71176e+06 8.7112e+06 8.71073e+06 8.71032e+06 8.70998e+06 8.70968e+06 8.70943e+06 8.70922e+06 8.70904e+06 8.70889e+06 8.70876e+06 8.70865e+06 8.70856e+06 8.70848e+06 8.70842e+06 8.70837e+06 8.70833e+06 8.70829e+06 8.70826e+06 8.70824e+06 8.70822e+06 8.7082e+06 8.70819e+06 8.70818e+06 8.70817e+06 8.70817e+06 8.70817e+06 8.70816e+06 8.70816e+06 8.70816e+06 8.70817e+06 8.70817e+06 8.70817e+06 8.70817e+06 8.70817e+06 8.70818e+06 8.70818e+06 8.70818e+06 8.70818e+06 8.70819e+06 8.70819e+06 8.70819e+06 8.7082e+06 8.7082e+06 8.7082e+06 0 0 0 0 0 0 0 0 0 0 0 0 0 0 0 0 0 0 0 0 0 0 0 0 0
#obs cpue bio
 8185.55 6573.86 5769.96 6703.05 10546.7 17251.5 19825.5 32869.9 38623.9 31126.4 57985.2 75990.4 87897.2 129568 86205.9 90038.3 87532.8 74695.6 103452 71821.2 101245 122385 111354 132337 138346 138684 109619 99764.3 141637
#pred surv len freq
 8.75618e-12 9.50816e-10 6.08722e-08 2.29762e-06 5.11307e-05 0.000670878 0.00519097 0.0237096 0.0642473 0.10588 0.118268 0.120095 0.133609 0.130462 0.101763 0.07208 0.0485386 0.0298604 0.0175207 0.010397 0.0064843 0.00441913 0.00324508 0.0022581 0.00124725
 5.26731e-12 5.71967e-10 3.66179e-08 1.38215e-06 3.07582e-05 0.000403593 0.00312361 0.014285 0.0389556 0.0661844 0.083087 0.106328 0.139779 0.146845 0.123142 0.096097 0.071258 0.0476408 0.0287441 0.0158356 0.00833645 0.00456275 0.00275066 0.00170506 0.00090382
 1.03021e-11 1.11869e-09 7.16193e-08 2.70327e-06 6.01575e-05 0.000789296 0.00610635 0.02787 0.0752382 0.121722 0.125539 0.103017 0.0938198 0.09214 0.0865365 0.0791825 0.0664908 0.0495962 0.0332188 0.0196429 0.0101901 0.00483342 0.00230001 0.00115669 0.000547179
 1.37381e-11 1.4918e-09 9.55062e-08 3.60488e-06 8.02216e-05 0.00105254 0.00814277 0.0371607 0.100267 0.161788 0.164802 0.129304 0.107308 0.0896419 0.06182 0.0398445 0.0298048 0.0244899 0.0188886 0.0126504 0.00719778 0.0034698 0.00146719 0.000588497 0.00022777
 1.21216e-11 1.31627e-09 8.42686e-08 3.18072e-06 7.07827e-05 0.000928717 0.0071855 0.0328077 0.0887377 0.144926 0.155787 0.143256 0.142847 0.125276 0.0785327 0.037631 0.0174476 0.00929976 0.00596917 0.00419909 0.00270899 0.001451 0.000631629 0.000229649 7.30895e-05
 1.61512e-11 1.75383e-09 1.12282e-07 4.23807e-06 9.43122e-05 0.00123741 0.00957272 0.0436805 0.117778 0.189393 0.189859 0.140985 0.107347 0.0850133 0.055716 0.0307706 0.0157385 0.00713587 0.00293321 0.00132463 0.000723704 0.000405428 0.000193042 7.244e-05 2.13854e-05
 1.53953e-11 1.67174e-09 1.07026e-07 4.03971e-06 8.98982e-05 0.00117951 0.00912519 0.0416479 0.112428 0.181842 0.187225 0.151781 0.129979 0.103816 0.057243 0.0192904 0.00386061 0.000456168 3.17877e-05 1.30604e-06 3.16372e-08 4.51834e-10 3.80451e-12 1.88886e-14 5.58748e-17
 1.61378e-11 1.75237e-09 1.12189e-07 4.23456e-06 9.42341e-05 0.00123639 0.00956509 0.0436514 0.117778 0.190019 0.193422 0.151128 0.123017 0.0958788 0.0525381 0.0176819 0.00353781 0.000418005 2.91281e-05 1.19677e-06 2.89901e-08 4.14028e-10 3.48618e-12 1.73064e-14 5.06528e-17
 1.59301e-11 1.72982e-09 1.10745e-07 4.18006e-06 9.30213e-05 0.00122048 0.00944204 0.043091 0.116281 0.187732 0.191688 0.15131 0.124964 0.0980988 0.0538541 0.0181318 0.0036281 0.000428679 2.9872e-05 1.22733e-06 2.97305e-08 4.24603e-10 3.57521e-12 1.77484e-14 5.19464e-17
 1.58595e-11 1.72215e-09 1.10254e-07 4.16154e-06 9.26091e-05 0.00121507 0.00940022 0.0429005 0.115773 0.186955 0.191099 0.151372 0.125626 0.0988533 0.0543014 0.0182847 0.00365878 0.000432307 3.01249e-05 1.23772e-06 2.99822e-08 4.28197e-10 3.60548e-12 1.78986e-14 5.23861e-17
 1.60229e-11 1.73989e-09 1.1139e-07 4.2044e-06 9.3563e-05 0.00122759 0.009497 0.0433413 0.11695 0.188754 0.192463 0.151229 0.124095 0.0971072 0.0532663 0.0179309 0.00358777 0.000423911 2.95397e-05 1.21368e-06 2.93998e-08 4.1988e-10 3.53544e-12 1.7551e-14 5.13686e-17
 1.69079e-11 1.836e-09 1.17542e-07 4.43663e-06 9.87309e-05 0.00129539 0.0100213 0.0457292 0.123325 0.1985 0.199849 0.15045 0.115797 0.0876475 0.0476586 0.0160139 0.00320303 0.000378426 2.63698e-05 1.08343e-06 2.62448e-08 3.7482e-10 3.15604e-12 1.56675e-14 4.5856e-17
 1.6794e-11 1.82363e-09 1.16751e-07 4.40675e-06 9.80659e-05 0.00128666 0.00995384 0.0454219 0.122505 0.197246 0.198898 0.150551 0.116865 0.0888649 0.0483802 0.0162606 0.00325254 0.000384279 2.67777e-05 1.10019e-06 2.66508e-08 3.80619e-10 3.20486e-12 1.59099e-14 4.65654e-17
 1.54867e-11 1.68167e-09 1.07662e-07 4.06371e-06 9.04322e-05 0.00118651 0.00917936 0.0418947 0.113087 0.182849 0.187988 0.1517 0.129122 0.102838 0.0566636 0.0190923 0.00382085 0.000451468 3.14602e-05 1.29258e-06 3.13112e-08 4.47178e-10 3.7653e-12 1.8692e-14 5.47083e-17
 1.54862e-11 1.68161e-09 1.07659e-07 4.06357e-06 9.04291e-05 0.00118647 0.00917905 0.0418933 0.113083 0.182844 0.187983 0.151701 0.129127 0.102844 0.0566669 0.0190934 0.00382108 0.000451495 3.14621e-05 1.29266e-06 3.13131e-08 4.47205e-10 3.76552e-12 1.86932e-14 5.47116e-17
 1.55124e-11 1.68446e-09 1.07841e-07 4.07045e-06 9.05822e-05 0.00118848 0.00919459 0.041964 0.113272 0.183132 0.188202 0.151678 0.128881 0.102563 0.0565007 0.0190366 0.00380968 0.000450147 3.13681e-05 1.2888e-06 3.12196e-08 4.45869e-10 3.75428e-12 1.86373e-14 5.45482e-17
 1.61449e-11 1.75314e-09 1.12238e-07 4.23642e-06 9.42754e-05 0.00123693 0.00956928 0.0436705 0.117829 0.190097 0.193481 0.151121 0.122951 0.0958031 0.0524932 0.0176666 0.00353473 0.000417641 2.91027e-05 1.19572e-06 2.89649e-08 4.13668e-10 3.48314e-12 1.72913e-14 5.06086e-17
 1.6896e-11 1.83471e-09 1.1746e-07 4.43352e-06 9.86615e-05 0.00129448 0.0100143 0.0456971 0.12324 0.198369 0.19975 0.150461 0.115908 0.0877746 0.0477339 0.0160396 0.0032082 0.000379037 2.64124e-05 1.08518e-06 2.62871e-08 3.75425e-10 3.16113e-12 1.56928e-14 4.593e-17
 1.61244e-11 1.75091e-09 1.12095e-07 4.23103e-06 9.41556e-05 0.00123536 0.00955713 0.0436151 0.117681 0.189871 0.19331 0.151139 0.123143 0.0960224 0.0526232 0.0177111 0.00354365 0.000418696 2.91762e-05 1.19874e-06 2.9038e-08 4.14713e-10 3.49194e-12 1.7335e-14 5.07365e-17
 1.68648e-11 1.83132e-09 1.17243e-07 4.42532e-06 9.84792e-05 0.00129209 0.00999577 0.0456129 0.123015 0.198025 0.199489 0.150488 0.116201 0.0881083 0.0479317 0.0161072 0.00322177 0.000380642 2.65242e-05 1.08978e-06 2.63985e-08 3.77015e-10 3.17452e-12 1.57593e-14 4.61245e-17
 1.74804e-11 1.89816e-09 1.21522e-07 4.58684e-06 0.000102073 0.00133924 0.0103604 0.0472736 0.127449 0.204804 0.204626 0.149947 0.11043 0.0815292 0.0440316 0.014774 0.00295419 0.000349007 2.43195e-05 9.99193e-07 2.42041e-08 3.45677e-10 2.91064e-12 1.44493e-14 4.22905e-17
 1.72346e-11 1.87147e-09 1.19813e-07 4.52235e-06 0.000100638 0.00132041 0.0102148 0.0466106 0.125679 0.202098 0.202575 0.150163 0.112734 0.0841559 0.0455887 0.0153063 0.00306102 0.000361637 2.51997e-05 1.03536e-06 2.50802e-08 3.58188e-10 3.01599e-12 1.49723e-14 4.38212e-17
 1.7735e-11 1.9258e-09 1.23292e-07 4.65365e-06 0.00010356 0.00135875 0.0105113 0.0479606 0.129284 0.207608 0.206751 0.149723 0.108043 0.0788078 0.0424183 0.0142225 0.0028435 0.000335921 2.34075e-05 9.61723e-07 2.32965e-08 3.32714e-10 2.80149e-12 1.39074e-14 4.07046e-17
 1.81391e-11 1.96969e-09 1.26102e-07 4.7597e-06 0.00010592 0.00138971 0.0107507 0.049051 0.132195 0.212059 0.210124 0.149368 0.104254 0.0744879 0.0398575 0.013347 0.00266781 0.00031515 2.19599e-05 9.02245e-07 2.18557e-08 3.12137e-10 2.62823e-12 1.30473e-14 3.81872e-17
 1.80033e-11 1.95495e-09 1.25158e-07 4.72407e-06 0.000105127 0.00137931 0.0106703 0.0486847 0.131217 0.210563 0.208991 0.149487 0.105527 0.0759391 0.0407178 0.0136411 0.00272683 0.000322128 2.24463e-05 9.22227e-07 2.23397e-08 3.1905e-10 2.68644e-12 1.33363e-14 3.90329e-17
 1.74999e-11 1.90028e-09 1.21658e-07 4.59197e-06 0.000102188 0.00134074 0.010372 0.0473264 0.12759 0.205019 0.20479 0.14993 0.110247 0.0813201 0.0439076 0.0147316 0.00294568 0.000348001 2.42494e-05 9.96314e-07 2.41344e-08 3.44681e-10 2.90226e-12 1.44077e-14 4.21687e-17
 1.81935e-11 1.9756e-09 1.2648e-07 4.77397e-06 0.000106238 0.00139387 0.0107829 0.0491978 0.132587 0.212657 0.210578 0.14932 0.103744 0.0739066 0.0395129 0.0132292 0.00264417 0.000312354 2.17651e-05 8.94241e-07 2.16618e-08 3.09368e-10 2.60492e-12 1.29316e-14 3.78484e-17
 1.8674e-11 2.02777e-09 1.2982e-07 4.90005e-06 0.000109043 0.00143068 0.0110676 0.0504941 0.136048 0.217949 0.214588 0.148897 0.099239 0.068771 0.0364685 0.0121885 0.0024353 0.000287661 2.00442e-05 8.23533e-07 1.9949e-08 2.84906e-10 2.39894e-12 1.19091e-14 3.48557e-17
 1.8316e-11 1.9889e-09 1.27331e-07 4.80611e-06 0.000106953 0.00140326 0.0108555 0.0495282 0.133469 0.214006 0.2116 0.149212 0.102595 0.0725975 0.0387369 0.0129639 0.00259093 0.00030606 2.13265e-05 8.76218e-07 2.12252e-08 3.03132e-10 2.55242e-12 1.26709e-14 3.70856e-17
#obs surv len freq
 2.2705e-11 2.19359e-09 1.24947e-07 4.19603e-06 8.30789e-05 0.00096983 0.00667594 0.0271187 0.0652732 0.0951271 0.0931214 0.084582 0.0940042 0.106969 0.112032 0.105219 0.0838817 0.0577897 0.0357439 0.0193024 0.00849087 0.00282741 0.000667302 0.000105896 1.08775e-05
 4.98699e-12 4.64715e-10 2.55314e-08 8.27e-07 1.57945e-05 0.000177911 0.00118387 0.00469451 0.0115984 0.0214418 0.0420568 0.0857563 0.134478 0.15445 0.149486 0.134 0.10715 0.0741784 0.0443535 0.022406 0.00909764 0.00277882 0.000599082 8.66993e-05 8.12338e-06
 9.06348e-11 8.13212e-09 4.30181e-07 1.34164e-05 0.000246696 0.00267439 0.0170936 0.064418 0.143178 0.188001 0.147333 0.0741702 0.0387696 0.0468766 0.0687364 0.0743375 0.0589372 0.038115 0.0215364 0.0103181 0.0039054 0.00109431 0.000214868 2.82638e-05 2.40699e-06
 1.07624e-10 9.2826e-09 4.72027e-07 1.41515e-05 0.00025014 0.00260686 0.0160211 0.0581223 0.125145 0.164474 0.14972 0.130833 0.125413 0.0971283 0.0533862 0.0274375 0.0194787 0.0147933 0.00901269 0.00420832 0.00149054 0.000385279 6.91776e-05 8.27589e-06 6.39572e-07
 1.27529e-10 1.05572e-08 5.15259e-07 1.48266e-05 0.000251537 0.00251606 0.0148423 0.0516976 0.107017 0.136162 0.123514 0.11419 0.121831 0.117935 0.0963405 0.0640813 0.0315732 0.0117201 0.00410283 0.00154867 0.000514256 0.000124982 2.07213e-05 2.26571e-06 1.59316e-07
 2.23675e-10 1.77461e-08 8.30097e-07 2.28925e-05 0.00037222 0.0035683 0.0201721 0.0673077 0.133199 0.160331 0.131981 0.104032 0.0991835 0.0937838 0.0792448 0.0569141 0.0315837 0.0129829 0.00403461 0.0010128 0.000223863 4.29982e-05 6.30575e-06 6.30422e-07 4.06124e-08
 2.88934e-10 2.19402e-08 9.82243e-07 2.59261e-05 0.00040346 0.00370197 0.020034 0.0640489 0.122016 0.144698 0.127875 0.120206 0.122749 0.106646 0.0778009 0.0493553 0.0256455 0.0104588 0.00333897 0.000820218 0.000151677 2.12048e-05 2.26412e-06 1.79473e-07 9.90393e-09
 4.21003e-10 3.05577e-08 1.30766e-06 3.29919e-05 0.000490756 0.00430422 0.0222656 0.0680502 0.123994 0.140981 0.120586 0.111953 0.116391 0.108387 0.0864564 0.0559733 0.0270169 0.00966852 0.00271333 0.000612427 0.000106746 1.35639e-05 1.2115e-06 7.49137e-08 3.1806e-09
 5.92512e-10 4.10584e-08 1.67744e-06 4.04045e-05 0.0005738 0.00480479 0.0237333 0.0693133 0.12114 0.134469 0.118631 0.117675 0.122984 0.110527 0.0848236 0.0535226 0.0255986 0.00910253 0.00246138 0.000509868 7.95222e-05 9.0768e-06 7.32244e-07 4.02923e-08 1.47057e-09
 9.19703e-10 6.07758e-08 2.36784e-06 5.43894e-05 0.000736587 0.00588193 0.0277079 0.0771877 0.128804 0.137118 0.117579 0.114894 0.11913 0.10781 0.0825309 0.0497605 0.0217993 0.00694047 0.00168905 0.000321427 4.6371e-05 4.83655e-06 3.51346e-07 1.72951e-08 5.63916e-10
 1.48086e-09 9.32212e-08 3.45983e-06 7.57068e-05 0.000976704 0.00742989 0.0333437 0.0885157 0.140939 0.143979 0.120258 0.114902 0.114531 0.0987433 0.0717971 0.0410603 0.0170179 0.00507384 0.001132 0.000193355 2.48809e-05 2.33006e-06 1.53124e-07 6.82875e-09 2.0101e-10
 2.02398e-09 1.21254e-07 4.28276e-06 8.91852e-05 0.001095 0.00792785 0.0338723 0.0857472 0.131268 0.133604 0.120993 0.12634 0.126041 0.104212 0.0715017 0.0380633 0.0144568 0.00388167 0.000770665 0.000117019 1.34156e-05 1.11799e-06 6.52927e-08 2.59349e-09 6.83243e-11
 2.89815e-09 1.65081e-07 5.54387e-06 0.000109767 0.0012814 0.00882135 0.0358447 0.0863892 0.126566 0.125964 0.116679 0.125649 0.128251 0.109965 0.0767988 0.0396541 0.0139916 0.0033655 0.000580252 7.53697e-05 7.42032e-06 5.37025e-07 2.75039e-08 9.64194e-10 2.25064e-11
 3.65381e-09 1.97715e-07 6.30771e-06 0.000118645 0.00131581 0.00860656 0.0332503 0.076451 0.108624 0.111541 0.116818 0.13626 0.140202 0.119713 0.0833134 0.0432124 0.0157123 0.00401352 0.00073509 9.65211e-05 8.93323e-06 5.74737e-07 2.54947e-08 7.71104e-10 1.56265e-11
 5.55963e-09 2.85574e-07 8.6483e-06 0.000154414 0.0016256 0.0100936 0.0370228 0.0808739 0.109514 0.10843 0.11179 0.130679 0.138724 0.123581 0.0862883 0.0427355 0.0144099 0.00339828 0.000588009 7.57009e-05 7.03155e-06 4.51415e-07 1.93925e-08 5.46429e-10 9.97855e-12
 9.05496e-09 4.412e-07 1.26743e-05 0.000214664 0.00214373 0.0126272 0.043949 0.0912149 0.118039 0.113794 0.11611 0.131494 0.132778 0.1122 0.0747021 0.0356782 0.0117731 0.00274121 0.000464234 5.73041e-05 5.04221e-06 3.07899e-07 1.2725e-08 3.47424e-10 6.13072e-12
 1.34672e-08 6.22068e-07 1.6941e-05 0.000272013 0.00257528 0.0143827 0.047494 0.0938118 0.117168 0.113814 0.120781 0.136286 0.132973 0.107751 0.068561 0.0313726 0.0100188 0.00228711 0.000382498 4.64592e-05 3.97621e-06 2.32815e-07 9.11556e-09 2.34279e-10 3.89012e-12
 1.91938e-08 8.40062e-07 2.16771e-05 0.000329794 0.00295859 0.0156597 0.0490488 0.0922761 0.111776 0.110723 0.123092 0.140093 0.135926 0.108967 0.067564 0.029873 0.00924879 0.00206147 0.00033746 4.00115e-05 3.32861e-06 1.88541e-07 7.09707e-09 1.74033e-10 2.73561e-12
 2.6507e-08 1.09879e-06 2.68541e-05 0.000386956 0.00328803 0.0164883 0.0489904 0.0879611 0.104307 0.107464 0.12613 0.144943 0.14032 0.111564 0.0677037 0.029209 0.00889514 0.00196357 0.00031726 3.67593e-05 2.96124e-06 1.61413e-07 5.821e-09 1.36246e-10 2.03701e-12
 5.21695e-08 2.04754e-06 4.73793e-05 0.000646392 0.00520005 0.0246824 0.0693365 0.117032 0.127318 0.113716 0.115949 0.125706 0.120299 0.094224 0.0550873 0.022595 0.00653685 0.00138018 0.000215064 2.41418e-05 1.88292e-06 9.89173e-08 3.41739e-09 7.62027e-11 1.08069e-12
 6.30483e-08 2.34232e-06 5.13056e-05 0.000662596 0.00504676 0.0226996 0.0606815 0.0994375 0.113565 0.123264 0.146474 0.152392 0.126349 0.084765 0.0435936 0.0159816 0.00413222 0.000779958 0.000109975 1.13847e-05 8.31868e-07 4.13215e-08 1.35505e-09 2.86901e-11 3.8568e-13
 9.92247e-08 3.48888e-06 7.23262e-05 0.000884035 0.0063725 0.0271221 0.0685519 0.105802 0.112282 0.112054 0.129007 0.142142 0.131521 0.0949339 0.0483826 0.0164363 0.00375076 0.000603786 7.18836e-05 6.37478e-06 4.08659e-07 1.82035e-08 5.44457e-10 1.06407e-11 1.33059e-13
 1.63828e-07 5.45149e-06 0.000106952 0.00123717 0.00844032 0.0340068 0.0814584 0.119732 0.123024 0.121084 0.133365 0.134501 0.112702 0.0757682 0.0376746 0.013104 0.00317686 0.000542921 6.51612e-05 5.40966e-06 3.06958e-07 1.18193e-08 3.0585e-10 5.2366e-12 5.82205e-14
 2.09242e-07 6.5893e-06 0.000122343 0.00133938 0.0086498 0.0330228 0.0753069 0.107615 0.115136 0.127047 0.147419 0.14555 0.116498 0.0738278 0.0342843 0.0111354 0.00255739 0.000426064 5.13179e-05 4.32532e-06 2.46001e-07 9.1963e-09 2.22295e-10 3.43982e-12 3.38507e-14
 2.40913e-07 7.18016e-06 0.000126172 0.0013074 0.00799401 0.0289387 0.0630183 0.0886045 0.101296 0.125984 0.155728 0.15992 0.132324 0.083601 0.0371432 0.0112364 0.00236725 0.000360447 4.00736e-05 3.17754e-06 1.73403e-07 6.30651e-09 1.48993e-10 2.24211e-12 2.11854e-14
 4.09683e-07 1.1557e-05 0.000192217 0.00188515 0.0109085 0.0373504 0.0767189 0.100564 0.104211 0.117921 0.141683 0.149348 0.127772 0.0815621 0.036164 0.0109807 0.00233337 0.00035299 3.77583e-05 2.79821e-06 1.40795e-07 4.72405e-09 1.0381e-10 1.4677e-12 1.31395e-14
 5.75191e-07 1.53597e-05 0.000241832 0.00224535 0.0123052 0.0399751 0.0785531 0.101791 0.112189 0.13515 0.155412 0.146756 0.111959 0.0656246 0.0275984 0.0081668 0.00172596 0.000261896 2.79729e-05 2.04151e-06 9.92638e-08 3.1558e-09 6.46618e-11 8.44031e-13 6.95056e-15
 7.81561e-07 1.97589e-05 0.000294529 0.00258915 0.0134379 0.0413932 0.0775392 0.0977429 0.109238 0.134938 0.157323 0.151333 0.115533 0.0649993 0.0253119 0.00679918 0.00130382 0.000182906 1.85223e-05 1.30473e-06 6.16383e-08 1.90002e-09 3.74759e-11 4.66363e-13 3.62425e-15
 1.05917e-06 2.53544e-05 0.00035786 0.00297906 0.014648 0.0428305 0.0768196 0.0955903 0.11076 0.140127 0.160941 0.151009 0.112068 0.0611802 0.0232344 0.00611907 0.00114181 0.000152325 1.43357e-05 9.30078e-07 4.06529e-08 1.17134e-09 2.17981e-11 2.57383e-13 1.9012e-15
#pred catch len freq
 1.23113e-13 1.33688e-11 8.55923e-10 3.23148e-08 7.20031e-07 9.50812e-06 7.59676e-05 0.000402823 0.00185747 0.00921968 0.0386609 0.106756 0.181856 0.198021 0.157836 0.112207 0.0756026 0.0465126 0.0272904 0.016194 0.0100996 0.00688297 0.00505434 0.00351708 0.00194264
 6.43561e-14 6.98842e-12 4.47442e-10 1.68959e-08 3.76814e-07 4.99889e-06 4.0843e-05 0.000236939 0.0013332 0.00775573 0.0342828 0.0959878 0.165194 0.184561 0.156587 0.122427 0.0908061 0.0607098 0.0366277 0.0201783 0.0106225 0.00581395 0.00350494 0.00217262 0.00115167
 1.68549e-13 1.83025e-11 1.17177e-09 4.42338e-08 9.8497e-07 1.29641e-05 0.00010191 0.000502723 0.00187327 0.00719953 0.0270397 0.0732658 0.127897 0.152447 0.148588 0.136618 0.114769 0.0856062 0.0573354 0.0339028 0.0175875 0.00834218 0.00396967 0.00199638 0.000944398
 3.71486e-13 4.03391e-11 2.58259e-09 9.74879e-08 2.17038e-06 2.85387e-05 0.000223243 0.00107609 0.00368987 0.0123017 0.0423517 0.11071 0.184182 0.192082 0.139007 0.0903117 0.0675996 0.0555408 0.0428357 0.0286881 0.0163228 0.00786865 0.00332723 0.00133457 0.000516527
 2.77019e-13 3.00812e-11 1.92588e-09 7.27031e-08 1.61912e-06 2.13251e-05 0.0001682 0.000842667 0.00330391 0.0136455 0.0529244 0.142565 0.236536 0.238698 0.154117 0.0742466 0.0344457 0.0183582 0.0117824 0.00828819 0.00534696 0.00286396 0.0012467 0.000453277 0.000144263
 6.34052e-12 6.88504e-10 4.40787e-08 1.66376e-06 3.70252e-05 0.000485832 0.00376033 0.0172024 0.0469865 0.0804256 0.103573 0.137459 0.180681 0.177012 0.121793 0.0677583 0.0346471 0.0156996 0.00645171 0.00291328 0.00159161 0.000891637 0.000424546 0.000159313 4.70316e-05
 9.84959e-12 1.06955e-09 6.84735e-08 2.58454e-06 5.75158e-05 0.000754669 0.00583983 0.0266854 0.0724768 0.120771 0.140941 0.156657 0.181973 0.16309 0.0923812 0.0313025 0.00627139 0.000741182 5.16509e-05 2.12217e-06 5.14068e-08 7.34178e-10 6.18189e-12 3.06919e-14 9.07853e-17
 8.92887e-12 9.69569e-10 6.20727e-08 2.34294e-06 5.21395e-05 0.000684136 0.00529438 0.0242013 0.0658439 0.110632 0.133257 0.157467 0.190605 0.172931 0.098215 0.0332968 0.00667164 0.000788501 5.49487e-05 2.25766e-06 5.46891e-08 7.81054e-10 6.57658e-12 3.26481e-14 9.55551e-17
 1.00232e-11 1.0884e-09 6.96807e-08 2.6301e-06 5.85298e-05 0.000767972 0.0059427 0.0271539 0.0737278 0.122684 0.142391 0.156504 0.180345 0.161234 0.0912809 0.0309264 0.0061959 0.000732257 5.10289e-05 2.09661e-06 5.07878e-08 7.25337e-10 6.10743e-12 3.03191e-14 8.87386e-17
 1.12129e-11 1.21759e-09 7.79512e-08 2.94227e-06 6.54765e-05 0.00085911 0.00664749 0.0303637 0.0822983 0.135785 0.15232 0.155458 0.169191 0.148518 0.0837429 0.0283495 0.00567873 0.000671115 4.67678e-05 1.92153e-06 4.65467e-08 6.64768e-10 5.59743e-12 2.77873e-14 8.13285e-17
 1.17704e-11 1.27812e-09 8.18265e-08 3.08854e-06 6.87316e-05 0.000901814 0.00697773 0.0318678 0.0863141 0.141924 0.156972 0.154968 0.163965 0.14256 0.0802109 0.027142 0.0054364 0.000642466 4.47712e-05 1.8395e-06 4.45595e-08 6.36387e-10 5.35846e-12 2.6601e-14 7.78563e-17
 1.2301e-11 1.33575e-09 8.55158e-08 3.2278e-06 7.18303e-05 0.000942468 0.00729212 0.0332996 0.0901372 0.147768 0.161401 0.154501 0.158989 0.136888 0.0768484 0.0259926 0.00520571 0.000615192 4.28704e-05 1.7614e-06 4.26677e-08 6.09368e-10 5.13096e-12 2.54716e-14 7.45509e-17
 1.25899e-11 1.36711e-09 8.75237e-08 3.30358e-06 7.35169e-05 0.000964595 0.00746322 0.0340788 0.092218 0.150948 0.163811 0.154247 0.156281 0.133801 0.0750183 0.0253669 0.00508015 0.000600348 4.18359e-05 1.71889e-06 4.16381e-08 5.94663e-10 5.00714e-12 2.48569e-14 7.27518e-17
 1.16594e-11 1.26608e-09 8.10553e-08 3.05944e-06 6.80838e-05 0.000893316 0.00691201 0.0315685 0.085515 0.140702 0.156046 0.155066 0.165005 0.143746 0.0809137 0.0273823 0.00548462 0.000648167 4.51685e-05 1.85582e-06 4.4955e-08 6.42034e-10 5.40601e-12 2.68371e-14 7.85473e-17
 1.16402e-11 1.26399e-09 8.09217e-08 3.05439e-06 6.79716e-05 0.000891844 0.00690063 0.0315166 0.0853766 0.14049 0.155886 0.155082 0.165185 0.143951 0.0810355 0.0274239 0.00549298 0.000649154 4.52373e-05 1.85865e-06 4.50235e-08 6.43013e-10 5.41425e-12 2.6878e-14 7.8667e-17
 1.21179e-11 1.31586e-09 8.42427e-08 3.17975e-06 7.07611e-05 0.00092844 0.00718363 0.0328055 0.088818 0.145751 0.159873 0.154662 0.160706 0.138845 0.0780087 0.0263892 0.00528531 0.000624603 4.35263e-05 1.78835e-06 4.33205e-08 6.18691e-10 5.20946e-12 2.58613e-14 7.56914e-17
 1.29009e-11 1.40088e-09 8.96858e-08 3.38519e-06 7.5333e-05 0.000988421 0.00764747 0.034918 0.0944585 0.154373 0.166407 0.153974 0.153365 0.130477 0.0730477 0.0246933 0.00494494 0.000584363 4.07219e-05 1.67312e-06 4.05293e-08 5.78829e-10 4.87381e-12 2.41951e-14 7.08146e-17
 1.33651e-11 1.45129e-09 9.29127e-08 3.50699e-06 7.80434e-05 0.00102398 0.00792246 0.0361704 0.0978025 0.159485 0.170281 0.153566 0.149013 0.125515 0.0701066 0.0236878 0.00474316 0.000560508 3.90594e-05 1.60481e-06 3.88746e-08 5.55196e-10 4.67483e-12 2.32072e-14 6.79234e-17
 1.32277e-11 1.43637e-09 9.19576e-08 3.47094e-06 7.72411e-05 0.00101345 0.00784107 0.0357997 0.0968127 0.157972 0.169134 0.153687 0.150301 0.126984 0.0709771 0.0239854 0.00480289 0.000567568 3.95515e-05 1.62503e-06 3.93644e-08 5.62191e-10 4.73372e-12 2.34996e-14 6.87791e-17
 1.46942e-11 1.59561e-09 1.02153e-07 3.85575e-06 8.58045e-05 0.0011258 0.00870986 0.0397564 0.107378 0.174122 0.181374 0.152397 0.136552 0.111309 0.0616851 0.0208089 0.00416537 0.000492198 3.42988e-05 1.40921e-06 3.41364e-08 4.87527e-10 4.10504e-12 2.03786e-14 5.96447e-17
 1.50782e-11 1.63731e-09 1.04822e-07 3.95652e-06 8.80468e-05 0.00115522 0.00893736 0.0407925 0.110144 0.178351 0.184579 0.152059 0.132952 0.107204 0.0592519 0.0199771 0.00399843 0.000472462 3.29233e-05 1.3527e-06 3.27675e-08 4.67975e-10 3.94042e-12 1.95614e-14 5.72527e-17
 1.49672e-11 1.62526e-09 1.0405e-07 3.92739e-06 8.73985e-05 0.00114671 0.00887158 0.0404929 0.109344 0.177128 0.183652 0.152157 0.133993 0.108391 0.0599554 0.0202176 0.0040467 0.000478169 3.3321e-05 1.36904e-06 3.31633e-08 4.73629e-10 3.98802e-12 1.97977e-14 5.79443e-17
 1.57381e-11 1.70897e-09 1.0941e-07 4.12969e-06 9.19003e-05 0.00120577 0.00932832 0.0425731 0.114898 0.185618 0.190086 0.151479 0.126764 0.100151 0.0550704 0.0185477 0.00371155 0.000438545 3.05596e-05 1.25558e-06 3.04149e-08 4.34377e-10 3.65751e-12 1.8157e-14 5.31422e-17
 1.63282e-11 1.77305e-09 1.13512e-07 4.28453e-06 9.5346e-05 0.00125098 0.0096779 0.0441651 0.119149 0.192116 0.195011 0.15096 0.121232 0.0938435 0.0513316 0.0172695 0.00345503 0.000408218 2.84461e-05 1.16874e-06 2.83113e-08 4.04334e-10 3.40454e-12 1.69012e-14 4.94667e-17
 1.62054e-11 1.75971e-09 1.12658e-07 4.2523e-06 9.46288e-05 0.00124157 0.00960513 0.0438338 0.118265 0.190764 0.193986 0.151068 0.122383 0.0951563 0.0521098 0.0175355 0.00350842 0.000414531 2.8886e-05 1.18682e-06 2.87492e-08 4.10587e-10 3.4572e-12 1.71626e-14 5.02317e-17
 1.60904e-11 1.74723e-09 1.11859e-07 4.22212e-06 9.39573e-05 0.00123276 0.009537 0.0435235 0.117436 0.189497 0.193026 0.151169 0.123462 0.0963855 0.0528385 0.0177846 0.00355841 0.000420441 2.92979e-05 1.20374e-06 2.91591e-08 4.16442e-10 3.5065e-12 1.74073e-14 5.0948e-17
 1.70222e-11 1.84841e-09 1.18337e-07 4.46663e-06 9.93985e-05 0.00130415 0.010089 0.0460376 0.124149 0.199759 0.200803 0.15035 0.114725 0.0864256 0.0469342 0.0157662 0.00315333 0.00037255 2.59603e-05 1.06661e-06 2.58372e-08 3.69e-10 3.10703e-12 1.54242e-14 4.51439e-17
 1.75231e-11 1.9028e-09 1.21819e-07 4.59806e-06 0.000102323 0.00134252 0.0103858 0.047389 0.127757 0.205275 0.204983 0.149909 0.110029 0.0810722 0.0437607 0.0146814 0.0029356 0.000346809 2.41664e-05 9.92901e-07 2.40517e-08 3.435e-10 2.89232e-12 1.43583e-14 4.20242e-17
 1.68529e-11 1.83002e-09 1.1716e-07 4.42219e-06 9.84094e-05 0.00129117 0.0099887 0.0455806 0.122929 0.197894 0.199389 0.150499 0.116313 0.088236 0.0480074 0.0161331 0.00322696 0.000381256 2.6567e-05 1.09154e-06 2.6441e-08 3.77623e-10 3.17964e-12 1.57847e-14 4.61989e-17
#obs catch len freq
 1.37735e-11 1.3307e-09 7.57969e-08 2.54544e-06 5.03987e-05 0.000588364 0.00405117 0.0164806 0.0399813 0.0606546 0.0698563 0.0874567 0.116842 0.130278 0.124313 0.111066 0.0905761 0.0657236 0.0424992 0.0238382 0.0109027 0.00376306 0.000913578 0.000148028 1.54417e-05
 1.54999e-11 1.44436e-09 7.93529e-08 2.57033e-06 4.90864e-05 0.000552727 0.00367123 0.0144144 0.0338427 0.0503546 0.0594101 0.0791498 0.110856 0.132512 0.13886 0.128853 0.101249 0.0689352 0.0420131 0.0221388 0.00938784 0.00297754 0.00066259 9.83947e-05 9.40797e-06
 1.46499e-12 1.31445e-10 6.95342e-09 2.16882e-07 3.98984e-06 4.33656e-05 0.000281052 0.0011381 0.00347799 0.0112985 0.0371889 0.0896345 0.142445 0.161678 0.155363 0.138035 0.108885 0.0742235 0.0435357 0.0214048 0.00836525 0.00243103 0.000493839 6.68553e-05 5.82965e-06
 1.97738e-11 1.70549e-09 8.67256e-08 2.60006e-06 4.59582e-05 0.000478959 0.00294357 0.0106791 0.0229989 0.0303167 0.0286423 0.0323823 0.0603979 0.119028 0.178759 0.188078 0.145714 0.0927252 0.0514052 0.0239142 0.00868982 0.00231335 0.000427729 5.26184e-05 4.16984e-06
 5.19889e-11 4.30378e-09 2.10053e-07 6.04434e-06 0.000102548 0.00102603 0.00606103 0.0212687 0.0457576 0.0693342 0.103175 0.165057 0.20457 0.163988 0.0893099 0.0468132 0.033838 0.0251913 0.0148693 0.00669839 0.00227182 0.000557065 9.41033e-05 1.05243e-05 7.56777e-07
 1.47278e-10 1.16849e-08 5.46575e-07 1.50735e-05 0.00024509 0.00234971 0.0132877 0.0444149 0.0887193 0.111891 0.11031 0.120922 0.139738 0.135682 0.109172 0.0706989 0.0337282 0.0122788 0.00430026 0.00159924 0.000509286 0.000117131 1.82434e-05 1.86365e-06 1.21907e-07
 2.94439e-10 2.23581e-08 1.00095e-06 2.642e-05 0.000411144 0.00377241 0.0204134 0.0652308 0.123956 0.145193 0.122524 0.107173 0.109231 0.103808 0.0866683 0.0607867 0.032681 0.0129968 0.00391719 0.000958664 0.00020631 3.79877e-05 5.25404e-06 4.90849e-07 2.94063e-08
 3.51427e-10 2.55076e-08 1.09155e-06 2.75397e-05 0.000409657 0.00359313 0.0185923 0.0569077 0.104494 0.123275 0.119256 0.129971 0.139702 0.120591 0.0867899 0.0539865 0.0273026 0.0108098 0.00333982 0.000789864 0.000140079 1.87221e-05 1.89903e-06 1.41645e-07 7.29304e-09
 5.62423e-10 3.89734e-08 1.59225e-06 3.83527e-05 0.000544662 0.00456083 0.0225292 0.0658103 0.115142 0.128479 0.115395 0.117694 0.126042 0.116342 0.0910849 0.057241 0.0266795 0.00924502 0.00251781 0.000548757 9.15507e-05 1.10528e-05 9.3299e-07 5.42714e-08 2.15688e-09
 8.45617e-10 5.58801e-08 2.1771e-06 5.00082e-05 0.000677257 0.0054083 0.0254804 0.0710356 0.118996 0.12897 0.11686 0.12144 0.127123 0.112488 0.0846957 0.0519141 0.0239776 0.00823376 0.00214902 0.000428093 6.38576e-05 6.92784e-06 5.27877e-07 2.72866e-08 9.31515e-10
 1.35968e-09 8.55931e-08 3.17672e-06 6.95119e-05 0.000896786 0.00682207 0.0306189 0.0813234 0.129824 0.134247 0.116508 0.117056 0.120716 0.107377 0.0802893 0.0467662 0.0197071 0.00605175 0.00142325 0.000260646 3.59178e-05 3.55427e-06 2.43627e-07 1.12636e-08 3.43548e-10
 2.24187e-09 1.34307e-07 4.74381e-06 9.87861e-05 0.00121287 0.0087808 0.0375074 0.094828 0.144231 0.142614 0.119298 0.115468 0.113661 0.0961098 0.0681839 0.0376308 0.0149787 0.00429631 0.000923524 0.000151545 1.86253e-05 1.65546e-06 1.02653e-07 4.29811e-09 1.18311e-10
 3.13832e-09 1.78761e-07 6.00329e-06 0.000118863 0.00138759 0.00955217 0.038811 0.0934964 0.136668 0.134655 0.121315 0.125854 0.122662 0.0991165 0.0661991 0.0339269 0.0123432 0.00318114 0.000607872 8.86504e-05 9.70328e-06 7.67125e-07 4.22692e-08 1.57667e-09 3.88518e-11
 4.48737e-09 2.42821e-07 7.74672e-06 0.000145711 0.00161595 0.0105685 0.0408056 0.093534 0.130904 0.126603 0.117384 0.125808 0.125718 0.105335 0.0712559 0.0352243 0.011851 0.00272518 0.000450998 5.62355e-05 5.28988e-06 3.63496e-07 1.75743e-08 5.7876e-10 1.26397e-11
 5.83107e-09 2.99517e-07 9.07054e-06 0.000161954 0.00170498 0.0105866 0.0388345 0.0848685 0.115153 0.114728 0.118671 0.135425 0.135695 0.113092 0.0761847 0.0378697 0.0131597 0.00321539 0.000562879 7.0405e-05 6.18435e-06 3.76473e-07 1.57521e-08 4.47768e-10 8.49638e-12
 8.96081e-09 4.36613e-07 1.25425e-05 0.000212432 0.00212143 0.0124956 0.0434878 0.0902222 0.116543 0.111686 0.113291 0.129526 0.134139 0.116268 0.0780736 0.0368799 0.0118589 0.00267709 0.000444051 5.45836e-05 4.80968e-06 2.913e-07 1.17589e-08 3.10428e-10 5.29849e-12
 1.45974e-08 6.74275e-07 1.83628e-05 0.00029484 0.00279134 0.0155878 0.051447 0.101359 0.125087 0.116687 0.11685 0.129057 0.126984 0.104378 0.0668552 0.0304783 0.00959646 0.00213688 0.000345987 4.06783e-05 3.39284e-06 1.95502e-07 7.59269e-09 1.94083e-10 3.19685e-12
 2.1783e-08 9.53382e-07 2.46012e-05 0.000374279 0.00335757 0.0177689 0.0556148 0.104251 0.124221 0.116842 0.121286 0.132984 0.126268 0.0994275 0.0608209 0.0265689 0.0081017 0.00176948 0.000282729 3.26531e-05 2.64346e-06 1.45774e-07 5.35607e-09 1.28778e-10 1.99508e-12
 3.12493e-08 1.29537e-06 3.16584e-05 0.00045618 0.00387606 0.0194325 0.0576695 0.102941 0.118993 0.114083 0.12354 0.136334 0.128685 0.100051 0.059517 0.0251055 0.00742295 0.00158273 0.000247328 2.78519e-05 2.18913e-06 1.16637e-07 4.11467e-09 9.42727e-11 1.38109e-12
 4.39293e-08 1.72413e-06 3.98958e-05 0.000544303 0.00437908 0.0207931 0.0585152 0.0996305 0.112549 0.111507 0.126271 0.140222 0.131939 0.101508 0.0590036 0.0242843 0.00706501 0.00149097 0.000229583 2.52199e-05 1.91678e-06 9.81659e-08 3.31441e-09 7.24152e-11 1.00819e-12
 8.69173e-08 3.22908e-06 7.07283e-05 0.000913397 0.00695554 0.031252 0.083108 0.132815 0.136861 0.115908 0.112609 0.117619 0.109212 0.0824738 0.0460543 0.0180001 0.00497456 0.00100443 0.000149164 1.58662e-05 1.16628e-06 5.74954e-08 1.85753e-09 3.86258e-11 5.0967e-13
 1.06896e-07 3.75861e-06 7.7918e-05 0.000952392 0.00686554 0.0292267 0.0739474 0.11467 0.123768 0.126615 0.142311 0.141685 0.113617 0.073615 0.0362244 0.0126519 0.00312256 0.000563848 7.58839e-05 7.45395e-06 5.13653e-07 2.39426e-08 7.3391e-10 1.44812e-11 1.80998e-13
 1.67454e-07 5.57216e-06 0.000109319 0.00126454 0.00862651 0.0347468 0.0831123 0.121359 0.121659 0.114464 0.12519 0.132852 0.118802 0.0820963 0.0396958 0.01277 0.0027689 0.000425384 4.83635e-05 4.07841e-06 2.47094e-07 1.03444e-08 2.89471e-10 5.27439e-12 6.13237e-14
 2.74385e-07 8.6407e-06 0.000160429 0.00175625 0.011339 0.043235 0.0979946 0.136182 0.131828 0.121616 0.126549 0.122548 0.0993384 0.0642006 0.0304335 0.0100659 0.00232119 0.000376884 4.2843e-05 3.35819e-06 1.79454e-07 6.4907e-09 1.57294e-10 2.51389e-12 2.60125e-14
 3.58335e-07 1.06798e-05 0.000187665 0.00194443 0.0118842 0.0429347 0.0926022 0.124812 0.124782 0.127654 0.139339 0.131893 0.101924 0.0619689 0.0274075 0.00846955 0.00185435 0.000294348 3.3625e-05 2.67258e-06 1.4268e-07 4.99025e-09 1.12584e-10 1.62289e-12 1.48522e-14
 4.21381e-07 1.1887e-05 0.000197707 0.00193903 0.0112213 0.038439 0.079124 0.104645 0.111073 0.127853 0.149333 0.14742 0.117458 0.0708404 0.0298672 0.0085772 0.00172063 0.000249669 2.63623e-05 1.97439e-06 1.01242e-07 3.44528e-09 7.59095e-11 1.06266e-12 9.32323e-15
 7.17951e-07 1.91718e-05 0.000301845 0.00280224 0.0153486 0.0497305 0.0965272 0.118818 0.113597 0.117774 0.133293 0.135023 0.110901 0.0674103 0.0283594 0.00817844 0.00165267 0.000237394 2.40234e-05 1.6777e-06 7.92684e-08 2.48925e-09 5.10376e-11 6.71447e-13 5.5812e-15
 1.01065e-06 2.55505e-05 0.000380852 0.00334769 0.0173671 0.0533825 0.0990211 0.119944 0.120876 0.133036 0.143968 0.130479 0.0957186 0.0535769 0.0214333 0.00603605 0.00121415 0.000174824 1.76342e-05 1.20996e-06 5.51134e-08 1.63669e-09 3.12495e-11 3.79312e-13 2.89955e-15
 1.38482e-06 3.31494e-05 0.000467867 0.00389425 0.0191343 0.0557615 0.0985079 0.115637 0.117423 0.132474 0.145766 0.134533 0.0983406 0.0525969 0.0194277 0.00496143 0.000906536 0.00012095 1.15867e-05 7.67698e-07 3.39572e-08 9.76715e-10 1.79295e-11 2.07243e-13 1.49358e-15
#spawning biomass
 7109.54 7157.74 5818.47 6638.59 8251.74 12699.8 19116.5 23159.1 34517.2 45247.9 52257.4 62634.3 87427.6 104306 99210.3 94784.9 87976.8 91495.2 104738 101241 96296.5 104654 110683 122169 134098 136521 118275 108695 103387 104933 254685 365691 455117 518917 559066 580102 586998 584173 575153 562563 548255 533479 519030 504788 490010 477277 466307 456856 448713 441697 435652 430445 425958 422092 418761 415892 413420 411290 409454 407873 406511 405337 404326 403455 402704 402058 401500 401020 400607 400251 399944 399679 399451 399255 399086 398940 398814 398706 398613 398533 398463 398404 398352 398308 398270 398237 398209 398185 398164 398145 398130 398116 398105 398095 398086 398079 398072 398067 398062 398058 398055 398052 398049 398047 398045 398043 398042 398040 398039 398039 398038 398037 398036 398036 398036 398035 398035 398035 398034 398034 398034 398034 398034 398033 398033 398033 398033 398033 398033 0 0 0 0 0 0 0 0 0 0 0 0 0 0 0 0 0 0 0 0 0 0 0 0 0
