SBPRF35
0.338679
Curr Bio
175036
B35
304128
F35
0.487099
FOFL
0.294677
OFL
25560.9
Bzero
96765.5
#pred survey bio
 19381.2 15039.5 15748 20584.4 22667 25518 30529.5 43101.3 55585.1 81169.9 100884 124104 159470 194299 177836 150037 136159 134270 141570 124184 143971 165439 160962 167262 181014 187248 184110 201050 7.55896e+06 5.51182e+06 4.62496e+06 3.31071e+06 2.32094e+06 1.69716e+06 1.33227e+06 1.12541e+06 1.00854e+06 941353 901517 876991 861314 850951 843868 838902 835505 833154 831515 830366 829558 828988 828585 828300 828099 827957 827856 827784 827734 827698 827673 827655 827642 827633 827626 827622 827619 827616 827615 827614 827613 827612 827612 827612 827611 827611 827611 827611 827611 827611 827611 827611 827611 827611 827611 827611 827611 827611 827611 827611 827611 827611 827611 827611 827611 827611 827611 827611 827611 827611 827611 827611 827611 827611 827611 827611 827611 827611 827611 827611 827611 827611 827611 827611 827611 827611 827611 827611 827611 827611 827611 827611 827611 827611 827611 827611 827611 827611 827611 827611 0 0 0 0 0 0 0 0 0 0 0 0 0 0 0 0 0 0 0 0 0 0 0 0 0
#obs survey bio
 16953.7 10912 11618.5 12426 17478.9 17778.7 34264 40269.8 41921.4 78172.4 63164.4 154397 177007 184744 148783 106271 79784.5 94338.7 111740 83023.1 116886 143554 122869 207590 143414 164723 161114 148672
#pred catch bio
 10545.3 7602.89 7532.23 10442.7 11380.4 13411.2 14079.9 21258.5 24367 43093.3 54961.5 65223 80243.1 111701 105763 92005.6 83787.5 77728.6 93513 73728.3 83801.1 104539 100519 102204 112598 119684 107847 113603 25560.9 69299.5 64956.1 44521.2 28832 19433.6 14336.3 11731.5 10453.6 9844.58 9560.5 9430.08 9370.93 9344.34 9332.45 9327.15 9324.84 9323.84 9323.4 9323.21 9323.13 9323.09 9323.07 9323.07 9323.06 9323.06 9323.06 9323.06 9323.06 9323.06 9323.06 9323.06 9323.06 9323.06 9323.06 9323.06 9323.06 9323.06 9323.06 9323.06 9323.06 9323.06 9323.06 9323.06 9323.06 9323.06 9323.06 9323.06 9323.06 9323.06 9323.06 9323.06 9323.06 9323.06 9323.06 9323.06 9323.06 9323.06 9323.06 9323.06 9323.06 9323.06 9323.06 9323.06 9323.06 9323.06 9323.06 9323.06 9323.06 9323.06 9323.06 9323.06 9323.06 9323.06 9323.06 9323.06 9323.06 9323.06 9323.06 9323.06 9323.06 9323.06 9323.06 9323.06 9323.06 9323.06 9323.06 9323.06 9323.06 9323.06 9323.06 9323.06 9323.06 9323.06 9323.06 9323.06 9323.06 9323.06 9323.06 9323.06 0 0 0 0 0 0 0 0 0 0 0 0 0 0 0 0 0 0 0 0 0 0 0 0 0
#obs catch bio
 9715.25 7585.44 7866.76 10845.9 12200 13646.6 13229.5 18163.9 21497.9 38634.6 55723 60629.7 70298.6 95654.3 97020.9 85980.8 90633.9 76017 90229 72487.8 85602.8 96629.4 87652.4 88520.8 102824 107930 96226.5 107715
#pred cpue bio
 13020.4 9476.27 8896.38 10685.6 12586.5 14037.9 15676.9 22035.6 28724.9 41859.9 50549.1 61425.5 79213.2 102539 99219 84467.8 70991.7 67097.1 72557.2 61054.1 68499.2 80774.5 79156.8 80294.7 87162.5 90687.2 88950.5 100179 3.91789e+06 4.30803e+06 4.30633e+06 3.1259e+06 2.14735e+06 1.52438e+06 1.15955e+06 952696 835819 768636 728801 704274 688597 678235 671151 666185 662788 660438 658798 657649 656841 656271 655868 655584 655382 655240 655139 655068 655017 654981 654956 654938 654925 654916 654910 654905 654902 654900 654898 654897 654896 654895 654895 654895 654895 654894 654894 654894 654894 654894 654894 654894 654894 654894 654894 654894 654894 654894 654894 654894 654894 654894 654894 654894 654894 654894 654894 654894 654894 654894 654894 654894 654894 654894 654894 654894 654894 654894 654894 654894 654894 654894 654894 654894 654894 654894 654894 654894 654894 654894 654894 654894 654894 654894 654894 654894 654894 654894 654894 654894 0 0 0 0 0 0 0 0 0 0 0 0 0 0 0 0 0 0 0 0 0 0 0 0 0
#obs cpue bio
 10150.6 11174.6 11291.9 11888 14277.3 20818.4 24750 51484.5 52912.4 65379.7 52926.7 92364.7 129912 191827 137080 157505 69927.9 119577 119038 82635.5 77282.6 160861 184581 117430 138775 160212 157446 172002
#pred surv len freq
 1.40607e-11 1.52615e-09 9.76733e-08 3.68589e-06 8.20157e-05 0.00107609 0.00832586 0.0380035 0.102557 0.165403 0.16785 0.129936 0.106016 0.0888449 0.0628406 0.0404391 0.0265698 0.0176889 0.0121 0.00872332 0.00675863 0.00570604 0.0049728 0.00385003 0.00225256
 1.22777e-11 1.33263e-09 8.52879e-08 3.2185e-06 7.1616e-05 0.000939651 0.0072708 0.0332009 0.0897782 0.146257 0.155302 0.1381 0.133723 0.118667 0.080039 0.0448682 0.0240412 0.0122766 0.00615609 0.00334229 0.00205774 0.00145211 0.00112933 0.000835384 0.000487683
 1.59893e-11 1.73549e-09 1.11071e-07 4.19147e-06 9.32655e-05 0.00122368 0.00946756 0.0432084 0.116515 0.1872 0.186619 0.13576 0.100518 0.0809268 0.0584056 0.0381947 0.0226629 0.0111507 0.00463412 0.00182024 0.000757585 0.000374845 0.000229049 0.000150293 8.40324e-05
 1.64042e-11 1.78052e-09 1.13953e-07 4.30023e-06 9.56854e-05 0.00125544 0.0097133 0.0443318 0.119569 0.192308 0.192641 0.142441 0.107377 0.0836772 0.0529529 0.0276632 0.01401 0.00695342 0.0031402 0.00122935 0.000415558 0.000134432 5.09152e-05 2.45405e-05 1.2048e-05
 1.42638e-11 1.54819e-09 9.90843e-08 3.73913e-06 8.32006e-05 0.00109164 0.00844647 0.0385605 0.104149 0.168683 0.174518 0.143657 0.126579 0.106444 0.0678512 0.0341392 0.015666 0.00653204 0.00239391 0.000823949 0.000270024 7.90979e-05 2.09285e-05 5.91936e-06 2.0126e-06
 1.54856e-11 1.68081e-09 1.07572e-07 4.05943e-06 9.03274e-05 0.00118514 0.00916953 0.0418527 0.11292 0.181916 0.183663 0.139669 0.110669 0.0904329 0.0613874 0.0356888 0.0188783 0.0083253 0.00294211 0.000887273 0.000241085 6.03042e-05 1.38454e-05 2.88777e-06 5.92103e-07
 1.64403e-11 1.78444e-09 1.14204e-07 4.30969e-06 9.5896e-05 0.0012582 0.00973468 0.0444293 0.119832 0.192731 0.193064 0.142756 0.107654 0.0840263 0.053359 0.02784 0.0136186 0.00613799 0.002392 0.000791073 0.000216007 4.85556e-05 9.3192e-06 1.57713e-06 2.38355e-07
 1.6462e-11 1.78679e-09 1.14355e-07 4.31539e-06 9.60227e-05 0.00125986 0.00974754 0.044488 0.11999 0.192983 0.193305 0.142908 0.107746 0.0841181 0.0534465 0.0278008 0.0133348 0.00572992 0.00210377 0.000683699 0.00019662 4.74497e-05 9.19229e-06 1.41321e-06 1.75864e-07
 1.60508e-11 1.74216e-09 1.11498e-07 4.20759e-06 9.36242e-05 0.00122839 0.00950417 0.0433795 0.117032 0.188476 0.189978 0.143567 0.11207 0.0888637 0.0560152 0.0283582 0.0131573 0.0055029 0.00195492 0.000603297 0.000163918 3.85583e-05 7.64479e-06 1.21988e-06 1.49942e-07
 1.65197e-11 1.79305e-09 1.14755e-07 4.3305e-06 9.63591e-05 0.00126427 0.00978164 0.0446428 0.120396 0.19354 0.193419 0.141845 0.105666 0.0824946 0.0535487 0.0291475 0.0146004 0.00634596 0.00227433 0.000696807 0.000185026 4.17993e-05 7.93211e-06 1.23906e-06 1.53582e-07
 1.6503e-11 1.79125e-09 1.1464e-07 4.32614e-06 9.6262e-05 0.001263 0.00977186 0.0445997 0.1203 0.193554 0.194218 0.144444 0.109766 0.0853074 0.0526012 0.025589 0.0113855 0.00470227 0.00169115 0.000527163 0.000140672 3.13711e-05 5.78445e-06 8.68654e-07 1.03757e-07
 1.66473e-11 1.80691e-09 1.15642e-07 4.36397e-06 9.71037e-05 0.00127404 0.00985728 0.044989 0.121343 0.195173 0.195564 0.14471 0.109044 0.0843068 0.0518119 0.0249843 0.0108104 0.00418397 0.00135008 0.000375765 9.42685e-05 2.07554e-05 3.82274e-06 5.67084e-07 6.59523e-08
 1.66144e-11 1.80333e-09 1.15413e-07 4.35532e-06 9.69114e-05 0.00127152 0.00983776 0.0449 0.121104 0.194794 0.195215 0.144536 0.109044 0.0844572 0.0521157 0.0253559 0.0110933 0.00431698 0.00138168 0.000369733 8.53489e-05 1.69365e-05 2.88151e-06 4.12064e-07 4.72654e-08
 1.54153e-11 1.67318e-09 1.07083e-07 4.04099e-06 8.99172e-05 0.00117976 0.00912803 0.041666 0.112454 0.18147 0.184638 0.144038 0.11793 0.0956938 0.0603117 0.0300655 0.0135426 0.00539888 0.00176752 0.000483149 0.000112175 2.16608e-05 3.44264e-06 4.49548e-07 4.76687e-08
 1.40377e-11 1.52366e-09 9.75142e-08 3.67989e-06 8.18822e-05 0.00107434 0.0083127 0.0379511 0.10252 0.166187 0.1726 0.143777 0.128619 0.108948 0.0696586 0.0350933 0.0159595 0.00638677 0.00209001 0.000571849 0.000133714 2.60842e-05 4.14645e-06 5.2733e-07 5.26904e-08
 1.4294e-11 1.55148e-09 9.92944e-08 3.74706e-06 8.3377e-05 0.00109395 0.00846432 0.0386408 0.104349 0.168871 0.174082 0.14174 0.123443 0.104341 0.0687427 0.037039 0.0181208 0.00756177 0.00252401 0.000698504 0.000164309 3.2167e-05 5.14084e-06 6.57537e-07 6.54701e-08
 1.59531e-11 1.73155e-09 1.10819e-07 4.18197e-06 9.30542e-05 0.00122091 0.00944632 0.0431157 0.116323 0.187358 0.188961 0.143099 0.112148 0.0893706 0.0569131 0.0293967 0.0139114 0.00583477 0.00203033 0.000593535 0.000145424 2.90842e-05 4.69426e-06 6.0362e-07 6.03671e-08
 1.62519e-11 1.76399e-09 1.12895e-07 4.26032e-06 9.47974e-05 0.00124379 0.00962328 0.0439233 0.118501 0.190858 0.192446 0.145565 0.113526 0.0890375 0.054073 0.0250984 0.0103539 0.00391971 0.00126973 0.000354326 8.64694e-05 1.78488e-05 2.99654e-06 3.96299e-07 4.02375e-08
 1.57764e-11 1.71238e-09 1.09592e-07 4.13566e-06 9.20236e-05 0.0012074 0.0093418 0.0426407 0.115069 0.185561 0.188194 0.145211 0.116833 0.0934277 0.0575758 0.0273539 0.0115109 0.00428027 0.0012899 0.000321741 7.05614e-05 1.36071e-05 2.23437e-06 2.99933e-07 3.14115e-08
 1.63517e-11 1.77483e-09 1.13589e-07 4.28648e-06 9.53796e-05 0.00125142 0.00968238 0.0441931 0.119228 0.192028 0.193618 0.146412 0.114033 0.0890005 0.0532187 0.0237287 0.00914218 0.0031814 0.000915774 0.000215622 4.32579e-05 7.40746e-06 1.07554e-06 1.31888e-07 1.32547e-08
 1.71952e-11 1.86638e-09 1.19448e-07 4.50759e-06 0.000100299 0.00131597 0.0101816 0.046467 0.1253 0.2013 0.200579 0.145441 0.105769 0.079757 0.0480052 0.0222667 0.0090697 0.00325285 0.000929914 0.000211973 4.06991e-05 6.60377e-06 8.86695e-07 9.7661e-08 8.74048e-09
 1.65039e-11 1.79133e-09 1.14645e-07 4.32635e-06 9.62668e-05 0.00126306 0.0097724 0.0446032 0.120324 0.193709 0.194915 0.14635 0.112713 0.0874366 0.0522075 0.0232863 0.00899199 0.00314667 0.000914228 0.000216535 4.27239e-05 6.89318e-06 8.93526e-07 9.30264e-08 7.70461e-09
 1.6291e-11 1.76824e-09 1.13167e-07 4.27057e-06 9.50255e-05 0.00124678 0.00964645 0.0440295 0.118792 0.191371 0.193165 0.146614 0.114836 0.0898271 0.0535917 0.0236948 0.00897635 0.00304343 0.000839519 0.000185561 3.47602e-05 5.55103e-06 7.2837e-07 7.59908e-08 6.14451e-09
 1.68835e-11 1.83254e-09 1.17283e-07 4.42588e-06 9.84813e-05 0.00129212 0.0099971 0.0456268 0.123059 0.197893 0.198099 0.146057 0.109218 0.0834491 0.0498562 0.0224757 0.00877412 0.00303663 0.00084114 0.000183697 3.32811e-05 5.03788e-06 6.25462e-07 6.31236e-08 5.06389e-09
 1.67309e-11 1.81598e-09 1.16223e-07 4.38588e-06 9.75914e-05 0.00128044 0.00990682 0.0452157 0.121963 0.196235 0.19693 0.146478 0.111085 0.0853575 0.0506705 0.0223728 0.00848288 0.00289323 0.000808311 0.000180878 3.35434e-05 5.10495e-06 6.21787e-07 6.02272e-08 4.59774e-09
 1.65974e-11 1.80149e-09 1.15295e-07 4.35087e-06 9.68124e-05 0.00127022 0.00982777 0.0448556 0.121001 0.194762 0.195804 0.146568 0.1123 0.086773 0.0515548 0.0227212 0.00856945 0.00289119 0.000791686 0.000172259 3.12943e-05 4.76461e-06 5.88718e-07 5.75956e-08 4.36033e-09
 1.65956e-11 1.80129e-09 1.15283e-07 4.35041e-06 9.6802e-05 0.00127009 0.00982672 0.0448509 0.12099 0.194757 0.195861 0.146767 0.112618 0.0869932 0.0514866 0.0224515 0.0083242 0.0027649 0.000746612 0.000159366 2.81878e-05 4.16248e-06 5.00652e-07 4.83121e-08 3.66203e-09
 1.6225e-11 1.76107e-09 1.12708e-07 4.25325e-06 9.46402e-05 0.00124172 0.00960734 0.0438508 0.118308 0.190574 0.192286 0.145771 0.114085 0.0896356 0.0544199 0.0251312 0.0101315 0.00358708 0.00100463 0.000220497 3.98239e-05 5.91541e-06 7.04292e-07 6.6555e-08 4.92887e-09
#obs surv len freq
 1.16217e-11 1.26143e-09 8.07315e-08 3.04656e-06 6.77901e-05 0.000889459 0.00688261 0.0314316 0.085026 0.138686 0.147682 0.13172 0.12868 0.119974 0.091616 0.0599104 0.0338946 0.0156541 0.00576072 0.00167569 0.000374961 6.2288e-05 7.42607e-06 6.15564e-07 3.44819e-08
 8.32812e-12 9.03939e-10 5.7852e-08 2.18316e-06 4.85788e-05 0.00063742 0.0049334 0.0225534 0.0613142 0.102333 0.119214 0.130589 0.151853 0.149386 0.114559 0.0741009 0.0410981 0.0184924 0.00658622 0.00183908 0.000391785 6.14913e-05 6.88036e-06 5.32285e-07 2.77015e-08
 1.848e-11 2.00583e-09 1.28373e-07 4.8444e-06 0.000107794 0.00141429 0.0109419 0.0499281 0.134496 0.214885 0.208181 0.134745 0.078406 0.0563613 0.045069 0.0329881 0.0195374 0.00884117 0.00307226 0.000824856 0.000167413 2.48432e-05 2.61038e-06 1.88562e-07 9.12114e-09
 8.41268e-12 9.13118e-10 5.84395e-08 2.20534e-06 4.90729e-05 0.000643938 0.00498508 0.0228147 0.0623228 0.106074 0.131411 0.157359 0.184437 0.162599 0.0968704 0.0427672 0.017301 0.00701569 0.00250172 0.000688166 0.000137769 1.95935e-05 1.94224e-06 1.31239e-07 5.90705e-09
 1.41154e-11 1.5321e-09 9.80541e-08 3.70026e-06 8.23358e-05 0.0010803 0.00835888 0.0381612 0.10304 0.166389 0.16882 0.128897 0.104054 0.0960665 0.0832075 0.0584579 0.0297211 0.0103982 0.0026245 0.000533334 9.15015e-05 1.23012e-05 1.178e-06 7.60685e-08 3.2251e-09
 1.1946e-11 1.29663e-09 8.29843e-08 3.13158e-06 6.96827e-05 0.000914331 0.00707636 0.0323405 0.0877425 0.144675 0.159102 0.148807 0.143116 0.120455 0.078177 0.0428233 0.0216547 0.00929772 0.00297335 0.000659898 0.00010044 1.07646e-05 8.36853e-07 4.6911e-08 1.81859e-09
 1.64731e-11 1.788e-09 1.14432e-07 4.31831e-06 9.60883e-05 0.00126075 0.0097552 0.0445365 0.120245 0.193973 0.19532 0.143307 0.102962 0.0789349 0.0548887 0.0321437 0.0151171 0.00548847 0.00155661 0.000346371 5.72327e-05 6.5434e-06 4.96709e-07 2.47539e-08 8.12596e-10
 1.34543e-11 1.46034e-09 9.34615e-08 3.52696e-06 7.84808e-05 0.00102978 0.00796999 0.0364246 0.0987912 0.162441 0.175843 0.156066 0.138787 0.108836 0.0648373 0.0306196 0.0124897 0.00431991 0.00117957 0.000242411 3.65285e-05 3.94315e-06 2.95383e-07 1.47925e-08 4.79689e-10
 1.42438e-11 1.54603e-09 9.89459e-08 3.73393e-06 8.30859e-05 0.0010902 0.0084371 0.0385486 0.104411 0.170608 0.180086 0.149761 0.125165 0.100049 0.0660695 0.0351616 0.0146747 0.004575 0.0010604 0.000187439 2.52109e-05 2.47904e-06 1.70309e-07 7.90285e-09 2.41579e-10
 1.42606e-11 1.54785e-09 9.90626e-08 3.73833e-06 8.31843e-05 0.00109151 0.0084478 0.0386071 0.104664 0.171548 0.18268 0.154064 0.128383 0.0990127 0.0617425 0.0312942 0.0129903 0.00419195 0.001001 0.000172306 2.10439e-05 1.80584e-06 1.07947e-07 4.42491e-09 1.21483e-10
 1.28413e-11 1.3938e-09 8.92034e-08 3.36629e-06 7.49066e-05 0.000982935 0.00760893 0.034799 0.0946111 0.156751 0.172903 0.157277 0.14074 0.111301 0.0693501 0.0344846 0.0137463 0.0042168 0.000965893 0.000162487 1.95545e-05 1.62904e-06 9.14679e-08 3.40178e-09 8.2846e-11
 1.41551e-11 1.53641e-09 9.83301e-08 3.7107e-06 8.25701e-05 0.00108348 0.00838648 0.0383392 0.104038 0.170954 0.182836 0.15421 0.127361 0.0986089 0.0632086 0.0326569 0.0132049 0.00398799 0.000879663 0.000140597 1.60182e-05 1.2684e-06 6.80212e-08 2.41376e-09 5.55687e-11
 1.3553e-11 1.47106e-09 9.41476e-08 3.55288e-06 7.90592e-05 0.00103746 0.00803168 0.0367411 0.0999381 0.165573 0.181478 0.160308 0.136145 0.102734 0.0618744 0.029959 0.0116798 0.00350426 0.000774898 0.000122672 1.35558e-05 1.02246e-06 5.16706e-08 1.72091e-09 3.71826e-11
 1.13751e-11 1.23466e-09 7.90182e-08 2.98196e-06 6.6357e-05 0.000870869 0.00674481 0.0309021 0.0845356 0.142874 0.166121 0.163997 0.15359 0.121336 0.0745985 0.0360425 0.0135585 0.00383092 0.000795568 0.000119776 1.27574e-05 9.31363e-07 4.5312e-08 1.43821e-09 2.93173e-11
 9.22318e-12 1.00109e-09 6.40702e-08 2.41788e-06 5.3807e-05 0.000706268 0.00547296 0.0251241 0.0692062 0.119678 0.147997 0.161564 0.165049 0.139721 0.0925855 0.0477711 0.0185842 0.00525343 0.00106209 0.000152216 1.52236e-05 1.04049e-06 4.75742e-08 1.42627e-09 2.75301e-11
 1.2192e-11 1.32333e-09 8.46934e-08 3.19613e-06 7.1123e-05 0.000933406 0.00722847 0.0331001 0.0903033 0.150823 0.168325 0.153136 0.136321 0.113292 0.0788849 0.0433001 0.0177661 0.00524576 0.00109198 0.000157475 1.54342e-05 1.01026e-06 4.35203e-08 1.21779e-09 2.18601e-11
 1.17812e-11 1.27874e-09 8.18399e-08 3.08848e-06 6.87302e-05 0.000902126 0.00698951 0.0320571 0.0879256 0.149314 0.173762 0.167392 0.14881 0.112478 0.0682276 0.0337124 0.0133511 0.00400315 0.000861042 0.000127748 1.27064e-05 8.29882e-07 3.50412e-08 9.44869e-10 1.6107e-11
 1.24002e-11 1.34593e-09 8.614e-08 3.25076e-06 7.23418e-05 0.000949534 0.00735664 0.0337336 0.0924147 0.156117 0.178492 0.166041 0.143644 0.108599 0.0660159 0.0313891 0.0113857 0.00307894 0.000611024 8.67563e-05 8.48626e-06 5.51133e-07 2.31145e-08 6.14443e-10 1.02231e-11
 1.17432e-11 1.27462e-09 8.15768e-08 3.0786e-06 6.85137e-05 0.000899422 0.00697172 0.0320171 0.0881239 0.150879 0.177938 0.172559 0.151401 0.111548 0.0647964 0.0294166 0.0102119 0.00261551 0.000481188 6.23387e-05 5.56874e-06 3.35025e-07 1.32504e-08 3.36894e-10 5.40429e-12
 1.20739e-11 1.31051e-09 8.3874e-08 3.16531e-06 7.04444e-05 0.000924799 0.0071689 0.0329247 0.0905927 0.154709 0.180604 0.171434 0.147795 0.108949 0.0637275 0.0286735 0.00962405 0.0023405 0.000404649 4.88583e-05 4.03062e-06 2.22119e-07 8.01725e-09 1.86419e-10 2.75278e-12
 1.27957e-11 1.38886e-09 8.88882e-08 3.35456e-06 7.46573e-05 0.000980139 0.00759836 0.0348982 0.0959797 0.1634 0.188314 0.173065 0.142607 0.100791 0.0569167 0.0249012 0.00816974 0.00193773 0.000323114 3.70584e-05 2.86447e-06 1.46432e-07 4.86861e-09 1.03755e-10 1.39945e-12
 1.21074e-11 1.31415e-09 8.41079e-08 3.17423e-06 7.06494e-05 0.000927729 0.00719685 0.0331184 0.0915887 0.158197 0.187987 0.179582 0.150029 0.103556 0.05573 0.023002 0.00712304 0.00160245 0.000254486 2.78156e-05 2.0418e-06 9.84619e-08 3.06382e-09 6.06544e-11 7.55401e-13
 1.27816e-11 1.38733e-09 8.87917e-08 3.35102e-06 7.45846e-05 0.000979407 0.00759728 0.0349473 0.0964689 0.165469 0.192691 0.177506 0.143736 0.0982899 0.0528216 0.0214545 0.00638364 0.00135442 0.000201036 2.05033e-05 1.40683e-06 6.35373e-08 1.85244e-09 3.43152e-11 3.98822e-13
 1.20239e-11 1.3051e-09 8.35295e-08 3.15254e-06 7.01749e-05 0.000921791 0.00715671 0.033002 0.0917049 0.159891 0.192295 0.183949 0.150659 0.100683 0.0520501 0.0203567 0.00586449 0.00120373 0.000171196 1.65053e-05 1.05836e-06 4.43675e-08 1.19763e-09 2.05393e-11 2.21198e-13
 1.21859e-11 1.32268e-09 8.46558e-08 3.19511e-06 7.1126e-05 0.000934392 0.00725636 0.0334773 0.0930832 0.162256 0.194308 0.183886 0.148996 0.0990557 0.0507696 0.0193678 0.0053438 0.00103925 0.000139588 1.27028e-05 7.67412e-07 3.0181e-08 7.60039e-10 1.20959e-11 1.20401e-13
 1.08474e-11 1.17742e-09 7.53605e-08 2.84452e-06 6.33355e-05 0.000832552 0.00647617 0.0300104 0.084405 0.151165 0.190481 0.191401 0.160098 0.105972 0.0530649 0.0196572 0.00525026 0.000982538 0.000125808 1.08091e-05 6.12153e-07 2.24796e-08 5.27544e-10 7.81317e-12 7.22601e-14
 1.09236e-11 1.18569e-09 7.58907e-08 2.86461e-06 6.37866e-05 0.000838583 0.0065244 0.0302398 0.0850175 0.151831 0.189808 0.189001 0.158608 0.106936 0.0545288 0.0202229 0.0052946 0.000956277 0.000117071 9.55581e-06 5.11217e-07 1.76352e-08 3.868e-10 5.33228e-12 4.57698e-14
 1.1231e-11 1.21906e-09 7.80285e-08 2.94544e-06 6.55934e-05 0.00086254 0.00671415 0.0311489 0.087695 0.156692 0.194831 0.190444 0.155157 0.10153 0.050606 0.0184966 0.00479071 0.000852805 0.000101867 8.01229e-06 4.08459e-07 1.33147e-08 2.74333e-10 3.53744e-12 2.83063e-14
#pred catch len freq
 8.93401e-12 9.69701e-10 6.20607e-08 2.34198e-06 5.21124e-05 0.000683761 0.00529119 0.0241709 0.0654909 0.107746 0.11934 0.118601 0.129056 0.123496 0.0930839 0.0637315 0.0438195 0.0297938 0.0205624 0.0148766 0.0115394 0.00974525 0.00849353 0.00657591 0.00384741
 7.33968e-12 7.96652e-10 5.09857e-08 1.92405e-06 4.2813e-05 0.000561765 0.00434794 0.0198805 0.0541207 0.0910863 0.110314 0.132068 0.16399 0.159785 0.113092 0.067236 0.0379726 0.0199344 0.0101292 0.00553494 0.00341576 0.00241196 0.00187606 0.00138778 0.000810166
 1.09402e-11 1.18745e-09 7.59969e-08 2.86789e-06 6.38144e-05 0.000837292 0.00647886 0.0295868 0.0800343 0.13062 0.139825 0.127427 0.128294 0.12135 0.0943565 0.0655723 0.0404547 0.0202652 0.00850639 0.00336371 0.00140493 0.000696046 0.000425455 0.000279183 0.000156099
 1.18887e-11 1.29041e-09 8.25858e-08 3.11653e-06 6.93471e-05 0.000909886 0.00704062 0.032153 0.0869885 0.142067 0.152499 0.139685 0.139381 0.124602 0.0831845 0.0456986 0.0242992 0.012384 0.00565441 0.0022243 0.000753562 0.000244045 9.24759e-05 4.45783e-05 2.1886e-05
 9.43616e-12 1.02421e-09 6.5549e-08 2.47362e-06 5.50417e-05 0.000722205 0.00558907 0.0255404 0.0693225 0.11502 0.131845 0.141404 0.161963 0.151381 0.100844 0.0533117 0.0257473 0.0110585 0.00411023 0.00142596 0.000469171 0.000137641 3.6438e-05 1.03082e-05 3.50504e-06
 1.08258e-11 1.17504e-09 7.52023e-08 2.83791e-06 6.31473e-05 0.000828544 0.00641138 0.0292835 0.0792808 0.129928 0.141571 0.135009 0.141033 0.131295 0.0942995 0.0577311 0.0317772 0.0142855 0.0050961 0.00154653 0.000421843 0.000105715 2.42896e-05 5.06752e-06 1.03913e-06
 1.16467e-11 1.26414e-09 8.09047e-08 3.05309e-06 6.79355e-05 0.000891366 0.00689739 0.0315006 0.0852458 0.139402 0.150482 0.139935 0.141861 0.127897 0.0860589 0.0474591 0.0244629 0.0113453 0.00447834 0.00149077 0.000408416 9.19561e-05 1.76635e-05 2.99046e-06 4.52026e-07
 1.1896e-11 1.29119e-09 8.26362e-08 3.11843e-06 6.93894e-05 0.000910441 0.00704493 0.0321731 0.0870477 0.142203 0.152829 0.140458 0.140721 0.126278 0.084754 0.046373 0.0233167 0.0102808 0.00382028 0.00124998 0.00036076 8.71955e-05 1.69028e-05 2.59933e-06 3.2351e-07
 1.1064e-11 1.20089e-09 7.68569e-08 2.90034e-06 6.45367e-05 0.000846776 0.00655254 0.0299301 0.0810566 0.133042 0.145886 0.141206 0.148571 0.135264 0.0901523 0.0482794 0.0236852 0.010224 0.00368568 0.00114679 0.000313003 7.37822e-05 1.46415e-05 2.3372e-06 2.87319e-07
 1.21976e-11 1.32393e-09 8.47312e-08 3.1975e-06 7.11486e-05 0.00093352 0.00722339 0.0329853 0.0892073 0.145425 0.154878 0.138901 0.13593 0.121787 0.0834867 0.0476515 0.0248509 0.0110278 0.00399076 0.00122976 0.000327619 7.41276e-05 1.40766e-05 2.19953e-06 2.72665e-07
 1.23745e-11 1.34313e-09 8.59602e-08 3.24387e-06 7.21806e-05 0.000947062 0.00732824 0.0334656 0.0905258 0.147733 0.158062 0.143447 0.141447 0.124695 0.0804651 0.0407441 0.0189121 0.00801267 0.00291479 0.000913799 0.000244561 5.46135e-05 1.00763e-05 1.51359e-06 1.80813e-07
 1.24322e-11 1.34939e-09 8.63609e-08 3.259e-06 7.2517e-05 0.000951477 0.0073624 0.0336214 0.0909455 0.148403 0.158709 0.143861 0.141672 0.124801 0.0804081 0.040415 0.0182673 0.0072591 0.00237079 0.000664366 0.000167344 3.69142e-05 6.80403e-06 1.00965e-06 1.17438e-07
 1.22249e-11 1.32689e-09 8.49211e-08 3.20466e-06 7.1308e-05 0.000935614 0.0072397 0.0330622 0.0894472 0.146075 0.156763 0.143452 0.142717 0.126425 0.0819839 0.0417154 0.0191201 0.00764924 0.00247911 0.000668103 0.00015489 3.08039e-05 5.24614e-06 7.50539e-07 8.61048e-08
 1.12467e-11 1.22072e-09 7.81257e-08 2.94823e-06 6.56021e-05 0.000860755 0.00666069 0.0304237 0.0823877 0.13518 0.148014 0.142713 0.149453 0.135232 0.0887665 0.045987 0.0215394 0.00878264 0.00290468 0.000798514 0.000186021 3.59815e-05 5.72323e-06 7.47631e-07 7.92898e-08
 9.81455e-12 1.06527e-09 6.81775e-08 2.57281e-06 5.72487e-05 0.000751162 0.00581304 0.0265613 0.0720576 0.11927 0.135398 0.142165 0.160144 0.148733 0.0986001 0.0516008 0.024395 0.00998121 0.00329913 0.000907836 0.000213005 4.1623e-05 6.62173e-06 8.42428e-07 8.41885e-08
 1.0181e-11 1.10505e-09 7.0723e-08 2.66887e-06 5.93862e-05 0.000779202 0.00602985 0.0275475 0.0746712 0.123102 0.13749 0.139175 0.152626 0.142063 0.0973148 0.0544835 0.0275816 0.0117163 0.0039427 0.00109655 0.000258734 5.07314e-05 8.11354e-06 1.0381e-06 1.03378e-07
 1.21945e-11 1.3236e-09 8.47102e-08 3.1967e-06 7.11309e-05 0.00093329 0.00722168 0.032979 0.0892104 0.145593 0.155808 0.14154 0.140002 0.124595 0.0826109 0.044164 0.021584 0.0092145 0.00323187 0.000948879 0.000233051 4.66643e-05 7.53595e-06 9.69288e-07 9.6949e-08
 1.23576e-11 1.3413e-09 8.58429e-08 3.23945e-06 7.20821e-05 0.000945771 0.00731831 0.0334214 0.0904224 0.147694 0.158618 0.145388 0.144595 0.127057 0.0802203 0.0384889 0.0164913 0.00639977 0.0020966 0.000588454 0.000144064 2.97819e-05 5.00314e-06 6.61863e-07 6.72095e-08
 1.24371e-11 1.34993e-09 8.63951e-08 3.26029e-06 7.25458e-05 0.000951854 0.00736534 0.0336354 0.0909915 0.148543 0.159154 0.144973 0.143352 0.125985 0.080122 0.0390379 0.0168775 0.006382 0.00193769 0.000485292 0.000106707 2.06053e-05 3.38548e-06 4.54559e-07 4.76098e-08
 1.26328e-11 1.37117e-09 8.77545e-08 3.31159e-06 7.36872e-05 0.000966831 0.00748122 0.0341644 0.0924197 0.150851 0.161518 0.14681 0.14458 0.125938 0.0780611 0.0358214 0.0142926 0.00509783 0.0014841 0.000351448 7.07598e-05 1.21406e-05 1.7644e-06 2.1645e-07 2.1757e-08
 1.36141e-11 1.47768e-09 9.4571e-08 3.56882e-06 7.94109e-05 0.00104192 0.00806198 0.0368097 0.0994809 0.161616 0.169512 0.145397 0.134535 0.114907 0.0721383 0.0345405 0.0145623 0.00533898 0.0015413 0.000353197 6.80586e-05 1.10659e-05 1.4873e-06 1.63886e-07 1.46706e-08
 1.31426e-11 1.42651e-09 9.12962e-08 3.44524e-06 7.66611e-05 0.00100585 0.00778299 0.0355393 0.0960952 0.156498 0.165926 0.146774 0.140419 0.120881 0.0746241 0.0341183 0.0135691 0.00484813 0.00142199 0.000338381 6.69526e-05 1.08187e-05 1.40341e-06 1.46165e-07 1.21079e-08
 1.28151e-11 1.39095e-09 8.90207e-08 3.35937e-06 7.47504e-05 0.00098078 0.00758912 0.0346562 0.0937369 0.152896 0.163217 0.14714 0.143625 0.12452 0.0767754 0.0348078 0.0135962 0.00471195 0.00131289 0.000291663 5.48181e-05 8.77095e-06 1.1519e-06 1.20225e-07 9.72302e-09
 1.34552e-11 1.46043e-09 9.34672e-08 3.52716e-06 7.84841e-05 0.00102976 0.00796795 0.0363818 0.0983445 0.15993 0.168488 0.146371 0.137303 0.117465 0.0728171 0.0337309 0.0135855 0.00480259 0.00134303 0.000294742 5.35763e-05 8.12604e-06 1.00985e-06 1.01965e-07 8.18157e-09
 1.33596e-11 1.45005e-09 9.28032e-08 3.50211e-06 7.79265e-05 0.00102245 0.0079114 0.0361245 0.0976614 0.15892 0.167892 0.147011 0.139041 0.119024 0.0731354 0.0331094 0.0129373 0.00450871 0.00127215 0.000286069 5.32148e-05 8.11297e-06 9.89021e-07 9.5839e-08 7.3179e-09
 1.33344e-11 1.44732e-09 9.2628e-08 3.4955e-06 7.77794e-05 0.00102052 0.00789648 0.0360566 0.0974807 0.158649 0.167716 0.147129 0.139428 0.11941 0.0732918 0.0330607 0.0128226 0.00441405 0.00121985 0.000266637 4.85848e-05 7.41009e-06 9.16371e-07 8.96859e-08 6.79104e-09
 1.28972e-11 1.39987e-09 8.95916e-08 3.38091e-06 7.52298e-05 0.000987069 0.00763777 0.034878 0.0943322 0.153829 0.164036 0.147433 0.143412 0.124018 0.0761156 0.0341319 0.0131061 0.00446712 0.00122075 0.000262121 4.65452e-05 6.88955e-06 8.29627e-07 8.01023e-08 6.07332e-09
 1.22273e-11 1.32715e-09 8.49375e-08 3.20528e-06 7.13218e-05 0.000935797 0.00724117 0.0330701 0.0894854 0.146272 0.157594 0.14569 0.146153 0.128853 0.0813926 0.0388938 0.0163014 0.00591863 0.00167627 0.000370128 6.71301e-05 9.99659e-06 1.1917e-06 1.12684e-07 8.34767e-09
#obs catch len freq
 9.76259e-12 1.05964e-09 6.78167e-08 2.5592e-06 5.69458e-05 0.000747186 0.00578217 0.0264168 0.0716034 0.117918 0.130698 0.129195 0.139669 0.135584 0.105096 0.0694923 0.039714 0.0185334 0.00690397 0.00203592 0.000462189 7.79268e-05 9.43135e-06 7.93669e-07 4.5132e-08
 9.99737e-12 1.08512e-09 6.94476e-08 2.62074e-06 5.83154e-05 0.00076516 0.00592137 0.0270545 0.0733468 0.12084 0.133867 0.131376 0.13994 0.134097 0.102868 0.0670636 0.0375023 0.0170125 0.00611756 0.00172768 0.000372739 5.92967e-05 6.7266e-06 5.27483e-07 2.78147e-08
 7.08027e-12 7.68497e-10 4.91837e-08 1.85605e-06 4.13004e-05 0.000541938 0.00419513 0.0191938 0.0523722 0.0887992 0.109159 0.131225 0.161124 0.160234 0.122854 0.0790503 0.0432615 0.0190897 0.00663283 0.0017952 0.000368139 5.52514e-05 5.87471e-06 4.29478e-07 2.10211e-08
 1.75105e-11 1.9006e-09 1.21638e-07 4.59024e-06 0.000102139 0.0013401 0.0103682 0.047315 0.127517 0.204169 0.199636 0.133789 0.0842178 0.0645804 0.0524801 0.0381155 0.0221739 0.00981336 0.00332054 0.000862694 0.000168281 2.3844e-05 2.37775e-06 1.62132e-07 7.36943e-09
 7.46439e-12 8.1019e-10 5.18521e-08 1.95675e-06 4.35419e-05 0.00057139 0.00442443 0.0202688 0.0556043 0.0962533 0.125341 0.160679 0.193712 0.170308 0.100568 0.0441462 0.0177531 0.00707835 0.00245262 0.000650564 0.000124859 1.69271e-05 1.59043e-06 1.01338e-07 4.2823e-09
 1.31761e-11 1.43014e-09 9.15291e-08 3.45403e-06 7.6857e-05 0.00100843 0.00780318 0.0356323 0.0963057 0.156153 0.160984 0.12873 0.110558 0.104848 0.0905945 0.0625301 0.0310025 0.0105628 0.0025974 0.000512226 8.44323e-05 1.08021e-05 9.78408e-07 5.94923e-08 2.36605e-09
 1.116e-11 1.21132e-09 7.75242e-08 2.92554e-06 6.50983e-05 0.000854201 0.00661172 0.0302311 0.0821776 0.136527 0.153922 0.151052 0.150164 0.126826 0.0819257 0.0445989 0.0222031 0.00927056 0.00286017 0.000609843 8.8921e-05 9.09191e-06 6.69903e-07 3.53415e-08 1.28286e-09
 1.58762e-11 1.72321e-09 1.10285e-07 4.16183e-06 9.26067e-05 0.00121508 0.00940228 0.0429335 0.116006 0.187701 0.191086 0.144484 0.10804 0.0841782 0.0583238 0.033672 0.0154928 0.00548176 0.00150814 0.000322815 5.08889e-05 5.52121e-06 3.96304e-07 1.8609e-08 5.73141e-10
 1.29126e-11 1.40154e-09 8.96983e-08 3.38495e-06 7.53213e-05 0.000988349 0.00765008 0.0349761 0.0950048 0.157079 0.172985 0.158617 0.144149 0.112841 0.0665773 0.0310686 0.01244 0.00418739 0.00110503 0.00021816 3.13912e-05 3.21553e-06 2.2728e-07 1.06943e-08 3.24887e-10
 1.38169e-11 1.4997e-09 9.59806e-08 3.62203e-06 8.05964e-05 0.00105755 0.00818511 0.0374086 0.101437 0.166417 0.177881 0.151773 0.129438 0.10346 0.0676183 0.0353475 0.0143794 0.00435004 0.000975036 0.000165714 2.12714e-05 1.98289e-06 1.28455e-07 5.59602e-09 1.60009e-10
 1.392e-11 1.51089e-09 9.66967e-08 3.64906e-06 8.11982e-05 0.00106547 0.008247 0.0377014 0.102326 0.168378 0.181377 0.156244 0.131958 0.101354 0.0624918 0.031147 0.0126102 0.00394084 0.000906246 0.000149439 1.73966e-05 1.41572e-06 7.98255e-08 3.07092e-09 7.88024e-11
 1.25769e-11 1.36511e-09 8.7367e-08 3.29699e-06 7.33652e-05 0.00096274 0.00745345 0.0341019 0.0928464 0.154528 0.172501 0.159734 0.143813 0.112784 0.0693271 0.0338261 0.0131311 0.00389893 0.000859809 0.000138394 1.58398e-05 1.2487e-06 6.60699e-08 2.30674e-09 5.25483e-11
 1.39603e-11 1.51526e-09 9.69765e-08 3.65963e-06 8.14342e-05 0.0010686 0.00827209 0.0378283 0.102762 0.169421 0.182789 0.156327 0.129815 0.0997111 0.0629942 0.0318567 0.012513 0.00365083 0.000774135 0.000118262 1.28027e-05 9.58286e-07 4.83602e-08 1.6089e-09 3.46217e-11
 1.34264e-11 1.45731e-09 9.32679e-08 3.51969e-06 7.83215e-05 0.00102781 0.00795791 0.0364175 0.0991781 0.164898 0.182234 0.162593 0.137947 0.102856 0.0609827 0.028916 0.0109531 0.00317098 0.000672607 0.000101551 1.06461e-05 7.58229e-07 3.60291e-08 1.1241e-09 2.26811e-11
 1.13051e-11 1.22706e-09 7.85322e-08 2.96363e-06 6.59501e-05 0.000865573 0.00670494 0.0307362 0.084221 0.142979 0.167705 0.166666 0.155121 0.120785 0.0729545 0.0344259 0.0125572 0.00342084 0.000681243 9.77457e-05 9.86278e-06 6.78778e-07 3.10085e-08 9.21148e-10 1.75252e-11
 9.21245e-12 9.99928e-10 6.39959e-08 2.41509e-06 5.37461e-05 0.000705521 0.00546847 0.0251217 0.0693443 0.120536 0.150314 0.164597 0.166595 0.138893 0.0902709 0.0453584 0.0170649 0.00464107 0.000898119 0.000122513 1.15986e-05 7.46757e-07 3.2029e-08 8.97624e-10 1.61521e-11
 1.22265e-11 1.32708e-09 8.49334e-08 3.2052e-06 7.13258e-05 0.00093611 0.00725042 0.0332143 0.0907197 0.151953 0.170463 0.15556 0.137527 0.112622 0.0768128 0.040982 0.0162327 0.00460131 0.000914474 0.000125231 1.15997e-05 7.14516e-07 2.88563e-08 7.54464e-10 1.26185e-11
 1.18493e-11 1.28614e-09 8.23135e-08 3.10637e-06 6.91298e-05 0.000907431 0.00703197 0.0322695 0.0886366 0.151004 0.176489 0.169783 0.149036 0.110703 0.0658724 0.0317332 0.0121446 0.00349123 0.000715263 0.000100525 9.42863e-06 5.78475e-07 2.28702e-08 5.75791e-10 9.1424e-12
 1.25163e-11 1.35853e-09 8.69469e-08 3.28124e-06 7.30215e-05 0.000958515 0.00742754 0.0340753 0.0934643 0.158286 0.181488 0.168309 0.143573 0.106444 0.0632358 0.0292064 0.0102258 0.00265366 0.000502 6.74733e-05 6.2123e-06 3.78181e-07 1.48224e-08 3.67345e-10 5.68699e-12
 1.18854e-11 1.29005e-09 8.25647e-08 3.11591e-06 6.9346e-05 0.000910422 0.00705859 0.0324353 0.0893998 0.15346 0.181335 0.174836 0.150866 0.108864 0.061766 0.0272166 0.00910389 0.0022328 0.000391052 4.79461e-05 4.03121e-06 2.27184e-07 8.3852e-09 1.98409e-10 2.95624e-12
 1.22445e-11 1.32904e-09 8.50597e-08 3.21009e-06 7.14432e-05 0.000937989 0.00727277 0.0334206 0.0920739 0.157582 0.184161 0.173642 0.147106 0.106067 0.0604649 0.0263458 0.00850724 0.00197891 0.00032534 3.71363e-05 2.88123e-06 1.4868e-07 5.00703e-09 1.08302e-10 1.48413e-12
 1.29935e-11 1.41034e-09 9.02633e-08 3.40649e-06 7.58155e-05 0.000995428 0.00771858 0.0354691 0.0976593 0.166544 0.191952 0.174971 0.141456 0.0976564 0.0536962 0.0227294 0.00716422 0.00162243 0.000256837 2.78151e-05 2.0205e-06 9.66709e-08 2.9979e-09 5.9421e-11 7.43722e-13
 1.23254e-11 1.33782e-09 8.56229e-08 3.23146e-06 7.19262e-05 0.0009446 0.00732975 0.0337516 0.0934584 0.161692 0.191949 0.181444 0.14843 0.0999521 0.0523282 0.0208821 0.00620805 0.00133225 0.000200627 2.06801e-05 1.42494e-06 6.42583e-08 1.86406e-09 3.43151e-11 3.96556e-13
 1.30176e-11 1.41296e-09 9.04321e-08 3.41298e-06 7.59671e-05 0.000997669 0.00774095 0.0356289 0.0984582 0.169099 0.196647 0.17923 0.142032 0.0946036 0.049344 0.0193357 0.00551539 0.00111535 0.000156884 1.50785e-05 9.70335e-07 4.09434e-08 1.11189e-09 1.91397e-11 2.06316e-13
 1.22813e-11 1.33304e-09 8.53186e-08 3.22014e-06 7.16838e-05 0.000941745 0.00731405 0.033751 0.0938998 0.163892 0.196565 0.185581 0.148495 0.0965984 0.048451 0.0182685 0.00503849 0.00098405 0.000132438 1.20223e-05 7.22655e-07 2.82929e-08 7.11055e-10 1.13254e-11 1.13054e-13
 1.24592e-11 1.35236e-09 8.65562e-08 3.26693e-06 7.27292e-05 0.000955599 0.00742357 0.0342724 0.0954013 0.16643 0.198669 0.185466 0.146696 0.0947857 0.0470379 0.0172707 0.00455743 0.000842744 0.000107025 9.16093e-06 5.18293e-07 1.90232e-08 4.45845e-10 6.58862e-12 6.07829e-14
 1.11287e-11 1.20796e-09 7.73164e-08 2.91846e-06 6.4988e-05 0.000854461 0.00664971 0.0308425 0.0868629 0.155659 0.195222 0.193082 0.157511 0.101309 0.0490947 0.0174866 0.00446084 0.000792658 9.58584e-05 7.74088e-06 4.10323e-07 1.40547e-08 3.06789e-10 4.21686e-12 3.61307e-14
 1.1218e-11 1.21766e-09 7.79386e-08 2.94204e-06 6.55174e-05 0.000861531 0.0067061 0.0311094 0.0875728 0.156463 0.19468 0.190834 0.156109 0.102103 0.0502702 0.0178919 0.00446852 0.000765607 8.84404e-05 6.77869e-06 3.39164e-07 1.0907e-08 2.22432e-10 2.84507e-12 2.26191e-14
#spawning biomass
 17806 13891.8 13913.6 17958.8 20340.3 22596.8 26591.1 37514.3 48650.8 70656.5 87603 107458 138177 171551 159982 134732 119394 116898 124186 107833 123389 143312 139869 144014 156187 161906 159162 175036 189993 256820 207429 140711 92885.3 64441.4 49026.7 41150.6 37286.4 35444.9 34585.9 34191.5 34012.7 33932.3 33896.3 33880.3 33873.3 33870.3 33868.9 33868.4 33868.1 33868 33868 33867.9 33867.9 33867.9 33867.9 33867.9 33867.9 33867.9 33867.9 33867.9 33867.9 33867.9 33867.9 33867.9 33867.9 33867.9 33867.9 33867.9 33867.9 33867.9 33867.9 33867.9 33867.9 33867.9 33867.9 33867.9 33867.9 33867.9 33867.9 33867.9 33867.9 33867.9 33867.9 33867.9 33867.9 33867.9 33867.9 33867.9 33867.9 33867.9 33867.9 33867.9 33867.9 33867.9 33867.9 33867.9 33867.9 33867.9 33867.9 33867.9 33867.9 33867.9 33867.9 33867.9 33867.9 33867.9 33867.9 33867.9 33867.9 33867.9 33867.9 33867.9 33867.9 33867.9 33867.9 33867.9 33867.9 33867.9 33867.9 33867.9 33867.9 33867.9 33867.9 33867.9 33867.9 33867.9 33867.9 33867.9 0 0 0 0 0 0 0 0 0 0 0 0 0 0 0 0 0 0 0 0 0 0 0 0 0
