SBPRF35
0.0420769
Curr Bio
243453
B35
92006.5
F35
20.2758
FOFL
20.2758
OFL
280118
Bzero
11522.3
#pred survey bio
 6863.71 8791.63 10665 12594.5 20492 31277.5 30059.4 37345.9 48219.4 58311.6 70036.6 97056 124137 144175 138876 122717 122540 116324 102383 99805.6 102094 114144 117985 128188 137791 135654 140354 132112 159310 3.53076e+06 847943 263623 130921 90311.1 77916.6 74196.2 73097.5 72777.3 72685.1 72658.7 72651.2 72649.1 72648.5 72648.4 72648.3 72648.3 72648.3 72648.3 72648.3 72648.3 72648.3 72648.3 72648.3 72648.3 72648.3 72648.3 72648.3 72648.3 72648.3 72648.3 72648.3 72648.3 72648.3 72648.3 72648.3 72648.3 72648.3 72648.3 72648.3 72648.3 72648.3 72648.3 72648.3 72648.3 72648.3 72648.3 72648.3 72648.3 72648.3 72648.3 72648.3 72648.3 72648.3 72648.3 72648.3 72648.3 72648.3 72648.3 72648.3 72648.3 72648.3 72648.3 72648.3 72648.3 72648.3 72648.3 72648.3 72648.3 72648.3 72648.3 72648.3 72648.3 72648.3 72648.3 72648.3 72648.3 72648.3 72648.3 72648.3 72648.3 72648.3 72648.3 72648.3 72648.3 72648.3 72648.3 72648.3 72648.3 72648.3 72648.3 72648.3 72648.3 72648.3 72648.3 72648.3 72648.3 72648.3 72648.3 72648.3 0 0 0 0 0 0 0 0 0 0 0 0 0 0 0 0 0 0 0 0 0 0 0 0 0
#obs survey bio
 4320.93 9289.93 9189.94 12858.5 28786.3 24131.3 33211.2 41616.3 56238.2 58450.1 71910.2 82129.6 164886 144151 174596 93219.7 104378 127722 87946.6 115551 98581.8 93834.7 125464 142737 168375 175034 172438 95620.3 98918.3
#pred catch bio
 1814.26 4719.6 6109.33 7115.37 9170.72 19158.2 17419.8 23613.2 30125.1 38659.5 43587.2 64958.2 80429.1 100260 103374 87938 90708.4 88723.6 75346.7 75471.8 74495.5 91410.3 92201.3 101514 114803 101757 119421 101294 150669 280118 6073.08 5340.57 5340.57 5340.57 5340.57 5340.57 5340.57 5340.57 5340.57 5340.57 5340.57 5340.57 5340.57 5340.57 5340.57 5340.57 5340.57 5340.57 5340.57 5340.57 5340.57 5340.57 5340.57 5340.57 5340.57 5340.57 5340.57 5340.57 5340.57 5340.57 5340.57 5340.57 5340.57 5340.57 5340.57 5340.57 5340.57 5340.57 5340.57 5340.57 5340.57 5340.57 5340.57 5340.57 5340.57 5340.57 5340.57 5340.57 5340.57 5340.57 5340.57 5340.57 5340.57 5340.57 5340.57 5340.57 5340.57 5340.57 5340.57 5340.57 5340.57 5340.57 5340.57 5340.57 5340.57 5340.57 5340.57 5340.57 5340.57 5340.57 5340.57 5340.57 5340.57 5340.57 5340.57 5340.57 5340.57 5340.57 5340.57 5340.57 5340.57 5340.57 5340.57 5340.57 5340.57 5340.57 5340.57 5340.57 5340.57 5340.57 5340.57 5340.57 5340.57 5340.57 5340.57 5340.57 5340.57 5340.57 5340.57 0 0 0 0 0 0 0 0 0 0 0 0 0 0 0 0 0 0 0 0 0 0 0 0 0
#obs catch bio
 4697.19 4828.4 6192.41 7261.53 9107.84 19286.1 17764.8 23740.1 30079.1 38723.8 43522.2 65322.3 79536.1 99909.8 104945 88961.7 90988.1 87830.2 74792.5 74581.9 73308.2 90484.2 90410.6 99873.6 111960 98147 115967 100783 151642
#pred cpue bio
 6653.76 8327.28 10197.1 12037.4 18680.1 30325.2 29223.6 34850.1 45694.5 55439.6 65907.3 90737.9 117024 137983 134024 117764 116622 111891 98265.1 94951.9 96612.5 107657 111141 120558 129649 128144 133811 123592 148697 3.27294e+06 937736 257664 123256 82608 70212.6 66492.2 65393.5 65073.4 64981.1 64954.7 64947.3 64945.1 64944.6 64944.4 64944.3 64944.3 64944.3 64944.3 64944.3 64944.3 64944.3 64944.3 64944.3 64944.3 64944.3 64944.3 64944.3 64944.3 64944.3 64944.3 64944.3 64944.3 64944.3 64944.3 64944.3 64944.3 64944.3 64944.3 64944.3 64944.3 64944.3 64944.3 64944.3 64944.3 64944.3 64944.3 64944.3 64944.3 64944.3 64944.3 64944.3 64944.3 64944.3 64944.3 64944.3 64944.3 64944.3 64944.3 64944.3 64944.3 64944.3 64944.3 64944.3 64944.3 64944.3 64944.3 64944.3 64944.3 64944.3 64944.3 64944.3 64944.3 64944.3 64944.3 64944.3 64944.3 64944.3 64944.3 64944.3 64944.3 64944.3 64944.3 64944.3 64944.3 64944.3 64944.3 64944.3 64944.3 64944.3 64944.3 64944.3 64944.3 64944.3 64944.3 64944.3 64944.3 64944.3 64944.3 64944.3 0 0 0 0 0 0 0 0 0 0 0 0 0 0 0 0 0 0 0 0 0 0 0 0 0
#obs cpue bio
 5402.16 8316.16 7228.73 9838.84 18921.8 24177.7 24618.9 27617.5 46485.6 51494.1 64557.3 91179.3 131706 128028 71356.9 138111 139322 141580 117996 109496 124731 153190 149966 135116 179679 183527 162933 127953 247984
#pred surv len freq
 2.5677e-27 2.60054e-27 4.37733e-26 8.69435e-20 2.13132e-14 6.31547e-10 2.2621e-06 0.000979401 0.0512583 0.324274 0.248214 0.0380276 0.115064 0.106225 0.0259173 0.032675 0.0146311 0.0120496 0.00768488 0.00596741 0.00468869 0.00400079 0.00391495 0.00339735 0.00102783
 2.57007e-27 2.6066e-27 4.86995e-26 9.7334e-20 2.38603e-14 7.07022e-10 2.53244e-06 0.00109645 0.0573841 0.363028 0.27784 0.0401862 0.110679 0.101773 0.0180419 0.015599 0.00582644 0.00335163 0.00173054 0.0011122 0.000747381 0.00055748 0.000485809 0.000419905 0.000138815
 2.56976e-27 2.60559e-27 4.76383e-26 9.50948e-20 2.33113e-14 6.90757e-10 2.47417e-06 0.00107122 0.0560639 0.354676 0.27149 0.0418544 0.127836 0.117377 0.0167058 0.00856075 0.0027266 0.000923455 0.000348121 0.000157617 8.10397e-05 4.93551e-05 3.64238e-05 2.9569e-05 1.00932e-05
 2.56977e-27 2.60564e-27 4.76805e-26 9.51837e-20 2.33331e-14 6.91403e-10 2.47649e-06 0.00107223 0.0561164 0.355008 0.271743 0.0418329 0.127495 0.11708 0.0169853 0.00925808 0.00270612 0.000508158 0.000135465 3.58266e-05 1.16148e-05 4.95539e-06 2.82187e-06 1.99978e-06 6.74535e-07
 2.57233e-27 2.61261e-27 5.38956e-26 1.08295e-19 2.65472e-14 7.86642e-10 2.81762e-06 0.00121992 0.0638463 0.403909 0.309048 0.0396585 0.0847374 0.0776962 0.01132 0.00625486 0.00184197 0.000365835 8.35226e-05 1.20986e-05 2.13081e-06 4.8873e-07 1.74865e-07 9.60846e-08 3.05079e-08
 2.56892e-27 2.60328e-27 4.55552e-26 9.07e-20 2.2234e-14 6.58833e-10 2.35983e-06 0.00102172 0.053473 0.338285 0.258989 0.0428033 0.14384 0.132084 0.0182023 0.00825786 0.00242261 0.000488118 0.000113203 1.64118e-05 1.90082e-06 1.95808e-07 3.06751e-08 1.00934e-08 2.7842e-09
 2.56866e-27 2.60261e-27 4.49901e-26 8.9508e-20 2.19418e-14 6.50175e-10 2.32882e-06 0.00100829 0.0527702 0.333839 0.255593 0.0427196 0.145589 0.133762 0.0196605 0.0111562 0.00322559 0.000535063 0.000119331 1.7567e-05 2.0545e-06 1.59102e-07 9.53048e-09 1.10077e-09 2.14473e-10
 2.57111e-27 2.60932e-27 5.09749e-26 1.02134e-19 2.50368e-14 7.41886e-10 2.65731e-06 0.00115051 0.0602138 0.380929 0.291515 0.0405373 0.103743 0.0952346 0.0144235 0.00891752 0.002646 0.000547238 0.000122909 1.52493e-05 1.72542e-06 1.34438e-07 6.14081e-09 2.08065e-10 1.53273e-11
 2.57036e-27 2.6072e-27 4.90318e-26 9.80342e-20 2.40319e-14 7.12108e-10 2.55065e-06 0.00110433 0.0577969 0.365639 0.279858 0.0416839 0.120659 0.110709 0.0147081 0.00567226 0.00167982 0.000380771 9.10489e-05 1.359e-05 1.45898e-06 1.00856e-07 4.5122e-09 1.0565e-10 1.81315e-12
 2.57014e-27 2.60661e-27 4.85228e-26 9.69605e-20 2.37687e-14 7.04309e-10 2.52272e-06 0.00109224 0.0571639 0.361634 0.276801 0.0417439 0.123263 0.113139 0.0156245 0.00714409 0.00202671 0.0002896 6.38292e-05 1.04337e-05 1.26986e-06 9.52617e-08 3.82096e-09 8.30084e-11 8.14637e-13
 2.57074e-27 2.60824e-27 4.99691e-26 1.00012e-19 2.45166e-14 7.26472e-10 2.6021e-06 0.00112661 0.0589627 0.373014 0.285483 0.0412738 0.113586 0.104216 0.0141665 0.00606785 0.00174199 0.000290481 6.07099e-05 6.62515e-06 7.70737e-07 6.50267e-08 2.91411e-09 5.98177e-11 5.1724e-13
 2.57109e-27 2.60921e-27 5.08375e-26 1.01844e-19 2.49658e-14 7.3978e-10 2.64977e-06 0.00114725 0.0600429 0.379847 0.290696 0.0409545 0.107494 0.0986078 0.01343 0.00579957 0.0016559 0.000259863 5.49643e-05 6.72706e-06 6.44986e-07 4.17128e-08 1.99928e-09 4.58737e-11 3.90004e-13
 2.57066e-27 2.60803e-27 4.97672e-26 9.95856e-20 2.44122e-14 7.23378e-10 2.59102e-06 0.00112181 0.0587116 0.371425 0.284273 0.0414642 0.115885 0.106306 0.0139743 0.00510324 0.0014496 0.000229138 4.8017e-05 5.60426e-06 5.63164e-07 3.53167e-08 1.28694e-09 2.87411e-11 2.69542e-13
 2.56977e-27 2.60558e-27 4.75926e-26 9.49981e-20 2.32876e-14 6.90054e-10 2.47166e-06 0.00107013 0.056007 0.354315 0.271219 0.0421696 0.130424 0.119712 0.0161609 0.00671231 0.00189131 0.000256835 5.15992e-05 6.03945e-06 5.92303e-07 3.68582e-08 1.34366e-09 2.43557e-11 2.08601e-13
 2.56925e-27 2.60416e-27 4.63259e-26 9.23259e-20 2.26326e-14 6.70644e-10 2.40213e-06 0.00104003 0.0544315 0.344349 0.263616 0.0426191 0.139187 0.127781 0.0172842 0.00724354 0.00206103 0.000313998 6.36203e-05 6.49727e-06 6.11345e-07 3.76162e-08 1.3458e-09 2.41297e-11 1.77361e-13
 2.56961e-27 2.60515e-27 4.72064e-26 9.41834e-20 2.30879e-14 6.84136e-10 2.45046e-06 0.00106096 0.0555266 0.351277 0.268902 0.0423537 0.133453 0.12249 0.0163401 0.00642322 0.00182494 0.000280502 5.80517e-05 6.53861e-06 5.94493e-07 3.27845e-08 1.1432e-09 2.01349e-11 1.44771e-13
 2.5701e-27 2.6065e-27 4.84151e-26 9.67333e-20 2.3713e-14 7.02658e-10 2.5168e-06 0.00108968 0.0570299 0.360787 0.276156 0.0418867 0.124803 0.114533 0.0153839 0.00624534 0.00176757 0.000256265 5.22553e-05 5.95868e-06 5.70159e-07 3.29596e-08 1.05109e-09 1.74724e-11 1.23125e-13
 2.56949e-27 2.6048e-27 4.68861e-26 9.35077e-20 2.29223e-14 6.79228e-10 2.43288e-06 0.00105334 0.0551283 0.348757 0.266981 0.0425536 0.136325 0.125115 0.0163543 0.00579479 0.00163594 0.00024414 4.97009e-05 5.37916e-06 5.09318e-07 3.04232e-08 1.0247e-09 1.6287e-11 1.06817e-13
 2.56962e-27 2.60516e-27 4.72094e-26 9.41897e-20 2.30895e-14 6.84182e-10 2.45063e-06 0.00106103 0.0555304 0.3513 0.268921 0.0424166 0.133919 0.122905 0.0161492 0.00588234 0.00164645 0.00021769 4.29326e-05 4.75461e-06 4.421e-07 2.5408e-08 8.70052e-10 1.44942e-11 9.36595e-14
 2.57014e-27 2.60658e-27 4.84802e-26 9.68706e-20 2.37467e-14 7.03656e-10 2.52038e-06 0.00109123 0.0571109 0.361299 0.276548 0.0419036 0.124656 0.114389 0.0152048 0.00587268 0.00165033 0.000223402 4.35461e-05 4.32694e-06 3.92508e-07 2.26706e-08 7.50545e-10 1.24872e-11 8.37381e-14
 2.57046e-27 2.60747e-27 4.92597e-26 9.8515e-20 2.41498e-14 7.15601e-10 2.56316e-06 0.00110975 0.0580804 0.367432 0.281228 0.0417035 0.119846 0.109941 0.0142508 0.00481814 0.0013526 0.000192891 3.83415e-05 3.87569e-06 3.36121e-07 1.78454e-08 5.86146e-10 9.54823e-12 6.33396e-14
 2.57064e-27 2.60797e-27 4.97101e-26 9.94651e-20 2.43827e-14 7.22502e-10 2.58788e-06 0.00112045 0.0586405 0.370976 0.283931 0.041518 0.116535 0.106898 0.0139391 0.00487261 0.00135765 0.000172358 3.32825e-05 3.52734e-06 3.13469e-07 1.64756e-08 5.01232e-10 7.86306e-12 5.13274e-14
 2.57074e-27 2.60822e-27 4.99178e-26 9.99034e-20 2.44901e-14 7.25686e-10 2.59929e-06 0.00112539 0.0588989 0.372611 0.28518 0.0415637 0.116006 0.106383 0.0133624 0.00368835 0.00101894 0.00013304 2.54794e-05 2.43475e-06 2.13248e-07 1.16909e-08 3.57492e-10 5.30287e-12 3.2819e-14
 2.57082e-27 2.60845e-27 5.01267e-26 1.00344e-19 2.45981e-14 7.28886e-10 2.61075e-06 0.00113035 0.0591586 0.374254 0.286433 0.0414622 0.114353 0.104868 0.0132753 0.00387 0.00105818 0.000113658 2.02932e-05 1.97808e-06 1.66595e-07 8.46048e-09 2.63981e-10 3.98592e-12 2.37426e-14
 2.5708e-27 2.60839e-27 5.00713e-26 1.00227e-19 2.45694e-14 7.28037e-10 2.60771e-06 0.00112904 0.0590897 0.373818 0.2861 0.0415038 0.114903 0.105369 0.0132514 0.00368984 0.00100934 0.000113163 2.00404e-05 1.6357e-06 1.29135e-07 6.51081e-09 1.89799e-10 2.82041e-12 1.7121e-14
 2.5706e-27 2.60782e-27 4.95559e-26 9.91398e-20 2.43029e-14 7.20139e-10 2.57942e-06 0.00111679 0.0584487 0.369762 0.283008 0.0417531 0.118972 0.109102 0.0135006 0.00331856 0.00089968 9.7244e-05 1.70509e-05 1.43895e-06 1.07212e-07 4.62956e-09 1.30199e-10 1.84388e-12 1.08081e-14
 2.57004e-27 2.6063e-27 4.8219e-26 9.63195e-20 2.36116e-14 6.99653e-10 2.50604e-06 0.00108502 0.056786 0.359244 0.274982 0.0421181 0.127389 0.116879 0.0150701 0.00493751 0.00135031 0.000132526 2.21215e-05 1.80543e-06 1.34332e-07 5.78428e-09 1.43661e-10 1.86011e-12 1.04419e-14
 2.57112e-27 2.60925e-27 5.08383e-26 1.01845e-19 2.49661e-14 7.3979e-10 2.6498e-06 0.00114726 0.0600437 0.379853 0.290704 0.0412461 0.109707 0.10058 0.0125081 0.00320097 0.000877297 0.000108277 1.96856e-05 1.47176e-06 1.03323e-07 4.33294e-09 1.0736e-10 1.28136e-12 6.44364e-15
 2.57123e-27 2.60956e-27 5.11179e-26 1.02435e-19 2.51107e-14 7.44076e-10 2.66515e-06 0.00115391 0.0603915 0.382053 0.292382 0.0410943 0.107373 0.098443 0.0124377 0.00357739 0.000974207 9.86306e-05 1.70071e-05 1.56232e-06 1.16826e-07 4.49097e-09 1.06289e-10 1.24914e-12 5.94439e-15
#obs surv len freq
 1.76158e-41 2.44496e-33 4.10193e-26 8.31864e-20 2.03922e-14 6.04257e-10 2.16435e-06 0.000937089 0.0490435 0.310264 0.237649 0.0440445 0.152464 0.12918 0.0365645 0.028141 0.00848847 0.0026506 0.00051145 5.82049e-05 2.88536e-06 4.58173e-08 1.73203e-10 1.24984e-13 1.48885e-17
 2.17525e-41 3.01911e-33 5.06518e-26 1.02721e-19 2.51808e-14 7.46153e-10 2.6726e-06 0.00115714 0.0605603 0.383122 0.293253 0.0419925 0.0970853 0.0777322 0.0224293 0.0162521 0.00474927 0.0013916 0.0002468 2.47742e-05 1.0176e-06 1.259e-08 3.56297e-11 1.87897e-14 1.61102e-18
 1.72343e-41 2.39201e-33 4.01309e-26 8.13847e-20 1.99505e-14 5.9117e-10 2.11747e-06 0.000916793 0.0479813 0.303544 0.232712 0.0512231 0.181774 0.135769 0.0266257 0.0141899 0.00398097 0.00108835 0.000176705 1.54561e-05 5.25443e-07 5.07921e-09 1.07427e-11 4.12698e-15 2.5424e-19
 2.09376e-41 2.906e-33 4.87542e-26 9.88725e-20 2.42374e-14 7.18199e-10 2.57247e-06 0.00111379 0.0582914 0.368769 0.282418 0.0458213 0.113169 0.081128 0.0276856 0.0175287 0.00331789 0.000652668 9.48188e-05 7.16732e-06 1.99772e-07 1.50745e-09 2.39247e-12 6.70926e-16 2.96873e-20
 2.36883e-41 3.28777e-33 5.51592e-26 1.11862e-19 2.74216e-14 8.12552e-10 2.91043e-06 0.00126012 0.0659495 0.417215 0.319384 0.0443346 0.0795106 0.0523638 0.0117343 0.00612521 0.00173682 0.000348851 3.26308e-05 1.91977e-06 4.32754e-08 2.53401e-10 3.01794e-13 6.20396e-17 1.98005e-21
 1.32226e-41 1.8352e-33 3.07893e-26 6.24402e-20 1.53065e-14 4.53559e-10 1.62457e-06 0.000703384 0.0368123 0.232889 0.17942 0.0711473 0.271752 0.166107 0.0279388 0.0107451 0.00204189 0.000396301 4.25128e-05 1.75564e-06 2.75612e-08 1.21627e-10 1.08178e-13 1.63026e-17 3.76432e-22
 2.21997e-41 3.08118e-33 5.16931e-26 1.04833e-19 2.56985e-14 7.61493e-10 2.72754e-06 0.00118093 0.0618053 0.390999 0.2995 0.0467578 0.0886214 0.0561505 0.034562 0.0177063 0.0023969 0.000291317 2.44269e-05 9.82936e-07 1.15127e-08 3.39156e-11 2.13351e-14 2.32909e-18 3.88484e-23
 1.98861e-41 2.76006e-33 4.63058e-26 9.39072e-20 2.30202e-14 6.82132e-10 2.44328e-06 0.00105786 0.0553641 0.350252 0.268864 0.061001 0.155027 0.0825168 0.0157537 0.00718165 0.00259345 0.000367195 1.86772e-05 5.16045e-07 5.0456e-09 1.12559e-11 4.77097e-15 3.51914e-19 4.09918e-24
 2.03006e-41 2.81758e-33 4.72708e-26 9.58643e-20 2.35e-14 6.96348e-10 2.4942e-06 0.0010799 0.0565179 0.357552 0.274528 0.0614022 0.142867 0.0734219 0.0226941 0.00841764 0.00126198 0.000236419 1.83219e-05 3.6388e-07 2.24354e-09 3.69852e-12 1.17713e-15 6.09254e-20 4.78265e-25
 1.98275e-41 2.75193e-33 4.61693e-26 9.36304e-20 2.29524e-14 6.80121e-10 2.43608e-06 0.00105474 0.0552009 0.349222 0.268456 0.0669722 0.154073 0.0736171 0.0218462 0.0079381 0.00144688 0.000159917 1.03807e-05 2.59415e-07 1.34937e-09 1.42578e-12 3.04055e-16 1.13044e-20 6.3949e-26
 2.09551e-41 2.90843e-33 4.87949e-26 9.89552e-20 2.42577e-14 7.188e-10 2.57462e-06 0.00111472 0.0583402 0.369082 0.283679 0.0659488 0.133645 0.0604661 0.0198564 0.00659918 0.00113374 0.000125971 6.02982e-06 1.11692e-07 5.79124e-10 5.49251e-13 8.35175e-17 2.02776e-21 7.68912e-27
 2.04313e-41 2.83573e-33 4.75753e-26 9.64816e-20 2.36513e-14 7.00833e-10 2.51027e-06 0.00108686 0.0568819 0.35986 0.277067 0.0732184 0.146924 0.0610243 0.0175828 0.00534104 0.000915534 9.18051e-05 3.95535e-06 5.56227e-08 2.05431e-10 1.62037e-13 2.14737e-17 4.15571e-22 1.12363e-27
 1.99287e-41 2.76597e-33 4.64048e-26 9.41081e-20 2.30695e-14 6.83591e-10 2.44851e-06 0.00106012 0.0554825 0.35101 0.270778 0.0796936 0.154637 0.0614278 0.0197502 0.00530943 0.000774976 7.03317e-05 2.66602e-06 3.11189e-08 8.67003e-11 4.8074e-14 4.68829e-18 7.17026e-23 1.56313e-28
 1.86782e-41 2.59241e-33 4.34931e-26 8.82032e-20 2.1622e-14 6.40699e-10 2.29488e-06 0.000993603 0.0520013 0.328992 0.254784 0.0913231 0.175424 0.0667501 0.0229398 0.00588567 0.000838821 6.31168e-05 1.98054e-06 1.90985e-08 4.20508e-11 1.746e-14 1.21045e-18 1.2962e-23 2.0291e-29
 1.69539e-41 2.35309e-33 3.9478e-26 8.00606e-20 1.96259e-14 5.81551e-10 2.08302e-06 0.000901877 0.0472007 0.298632 0.232755 0.106249 0.200635 0.0757289 0.0295604 0.00724661 0.00101687 6.99514e-05 1.79941e-06 1.34767e-08 2.30622e-11 7.32183e-15 3.77903e-19 2.92849e-24 3.23873e-30
 1.91888e-41 2.66328e-33 4.46821e-26 9.06143e-20 2.2213e-14 6.58213e-10 2.35761e-06 0.00102076 0.0534228 0.337995 0.26251 0.0953345 0.154212 0.060354 0.0273626 0.00675546 0.000967516 6.17658e-05 1.37987e-06 8.19868e-09 1.05211e-11 2.48138e-15 9.51198e-20 5.43608e-25 4.38289e-31
 1.85948e-41 2.58083e-33 4.32989e-26 8.78092e-20 2.15254e-14 6.37837e-10 2.28463e-06 0.000989165 0.051769 0.327546 0.25587 0.109812 0.169734 0.0572787 0.0208132 0.00532964 0.000805895 4.97345e-05 9.86946e-07 4.8369e-09 4.80594e-12 8.38471e-16 2.33197e-20 9.64616e-26 5.63848e-32
 1.83725e-41 2.54998e-33 4.27812e-26 8.67594e-20 2.1268e-14 6.30211e-10 2.25731e-06 0.000977339 0.0511501 0.323643 0.253934 0.116876 0.168229 0.0581467 0.0219079 0.00449743 0.000599153 3.64917e-05 6.62853e-07 2.7484e-09 2.17616e-12 2.89861e-16 5.96116e-21 1.78493e-26 7.47173e-33
 1.87127e-41 2.5972e-33 4.35734e-26 8.8366e-20 2.16619e-14 6.41881e-10 2.29912e-06 0.000995437 0.0520973 0.32965 0.259455 0.120859 0.159148 0.0536624 0.0196955 0.00396099 0.000450696 2.23522e-05 3.59113e-07 1.28451e-09 8.29281e-13 8.62854e-17 1.34494e-21 2.98638e-27 9.11898e-34
 1.94421e-41 2.69844e-33 4.52719e-26 9.18105e-20 2.25063e-14 6.66902e-10 2.38873e-06 0.00103424 0.0541281 0.342511 0.270021 0.121375 0.14439 0.0469675 0.0161804 0.00305597 0.000320561 1.32321e-05 1.65583e-07 4.77734e-10 2.50949e-13 2.07309e-17 2.49516e-22 4.18583e-28 9.50129e-35
 1.93912e-41 2.69137e-33 4.51533e-26 9.15701e-20 2.24473e-14 6.65155e-10 2.38248e-06 0.00103153 0.0539864 0.341642 0.270994 0.129902 0.142818 0.0435399 0.0135317 0.00232662 0.000217319 7.71291e-06 7.67306e-08 1.66685e-10 6.62251e-14 4.20952e-18 3.90591e-23 5.00269e-29 8.55897e-36
 1.9791e-41 2.74686e-33 4.60842e-26 9.34578e-20 2.29101e-14 6.78867e-10 2.43159e-06 0.0010528 0.0550994 0.348709 0.277555 0.131712 0.132115 0.0401236 0.011721 0.0017645 0.000140684 4.17147e-06 3.34139e-08 5.57272e-11 1.63559e-14 7.58868e-19 5.17407e-24 4.9181e-30 6.27692e-37
 1.91162e-41 2.65321e-33 4.45131e-26 9.02716e-20 2.2129e-14 6.55723e-10 2.34869e-06 0.0010169 0.053221 0.336882 0.271472 0.146934 0.138285 0.0399049 0.0106975 0.00148221 9.98055e-05 2.3725e-06 1.4913e-08 1.91092e-11 4.20693e-15 1.43143e-19 7.04916e-25 4.81254e-31 4.41947e-38
 1.95172e-41 2.70886e-33 4.54467e-26 9.21649e-20 2.25931e-14 6.69476e-10 2.39796e-06 0.00103823 0.0543373 0.343985 0.278226 0.146291 0.126457 0.0384609 0.00990734 0.00122253 7.06046e-05 1.35027e-06 6.48072e-09 6.22934e-12 1.02e-15 2.55803e-20 9.19242e-26 4.53581e-32 2.98731e-39
 1.93853e-41 2.69055e-33 4.51396e-26 9.15421e-20 2.24405e-14 6.64952e-10 2.38175e-06 0.00103122 0.0539704 0.341738 0.279424 0.15552 0.123903 0.0350289 0.00834998 0.000983099 4.87036e-05 7.49746e-07 2.76509e-09 1.97088e-12 2.35563e-16 4.29325e-21 1.11911e-26 3.996e-33 1.89839e-40
 1.87674e-41 2.60479e-33 4.37007e-26 8.86242e-20 2.17252e-14 6.43757e-10 2.30583e-06 0.000998346 0.0522504 0.330968 0.275318 0.16923 0.126828 0.0358056 0.00775873 0.000806023 3.50168e-05 4.42564e-07 1.25799e-09 6.68759e-13 5.83682e-17 7.66829e-22 1.43271e-27 3.66152e-34 1.24516e-41
 1.79444e-41 2.49057e-33 4.17845e-26 8.47381e-20 2.07725e-14 6.15528e-10 2.20472e-06 0.00095457 0.0499598 0.316629 0.269431 0.184431 0.131444 0.0384753 0.00790938 0.000736357 2.67257e-05 2.75224e-07 6.1441e-10 2.46161e-13 1.57798e-17 1.50152e-22 2.01415e-28 3.67442e-35 8.88991e-43
 1.82229e-41 2.52922e-33 4.24329e-26 8.6053e-20 2.10949e-14 6.2508e-10 2.23894e-06 0.000969382 0.0507356 0.321656 0.275682 0.182415 0.122423 0.0378655 0.00757267 0.000658253 2.02943e-05 1.66321e-07 2.86931e-10 8.72836e-14 4.16459e-18 2.89765e-23 2.80799e-29 3.67365e-36 6.34487e-44
 1.82236e-41 2.52932e-33 4.24346e-26 8.60565e-20 2.10957e-14 6.25105e-10 2.23903e-06 0.000969421 0.0507376 0.321669 0.275699 0.182689 0.123406 0.0372495 0.00700583 0.000557554 1.51828e-05 1.0658e-07 1.53891e-10 3.85891e-14 1.50314e-18 8.48308e-24 6.6374e-30 6.98826e-37 9.69023e-45
#pred catch len freq
 2.56661e-27 2.59757e-27 4.11227e-26 8.13517e-20 1.99424e-14 5.90929e-10 2.11661e-06 0.00091641 0.0479616 0.303418 0.232304 0.0389449 0.133223 0.122943 0.0281729 0.0336154 0.0149886 0.0122766 0.00782455 0.00607443 0.00477261 0.00407238 0.00398501 0.00345814 0.00104622
 2.57002e-27 2.60643e-27 4.85212e-26 9.69577e-20 2.3768e-14 7.04289e-10 2.52264e-06 0.00109221 0.0571622 0.361624 0.276773 0.0404647 0.113548 0.104379 0.0177301 0.0142243 0.00529297 0.00302526 0.00156082 0.00100284 0.000673864 0.000502639 0.000438019 0.000378598 0.000125159
 2.56976e-27 2.60559e-27 4.76301e-26 9.50774e-20 2.33071e-14 6.90631e-10 2.47372e-06 0.00107103 0.0560537 0.354611 0.271442 0.0419666 0.128723 0.118171 0.0164044 0.00767195 0.00243366 0.000818377 0.00030818 0.000139481 7.17111e-05 4.36735e-05 3.22307e-05 2.61651e-05 8.93126e-06
 2.56975e-27 2.60556e-27 4.75963e-26 9.50061e-20 2.32896e-14 6.90113e-10 2.47187e-06 0.00107022 0.0560117 0.354345 0.271239 0.0419718 0.128905 0.118355 0.0167188 0.00832947 0.00242709 0.000452532 0.000120431 3.18357e-05 1.03201e-05 4.40297e-06 2.50729e-06 1.77684e-06 5.99338e-07
 2.57198e-27 2.61165e-27 5.30271e-26 1.06463e-19 2.60981e-14 7.73334e-10 2.76995e-06 0.00119928 0.0627662 0.397076 0.303837 0.0400387 0.0912925 0.0837168 0.0118721 0.00599801 0.00176079 0.000347224 7.91536e-05 1.146e-05 2.01806e-06 4.6286e-07 1.65608e-07 9.09983e-08 2.88929e-08
 2.56908e-27 2.60371e-27 4.59276e-26 9.14857e-20 2.24266e-14 6.64541e-10 2.38027e-06 0.00103057 0.0539362 0.341215 0.261226 0.0427657 0.141982 0.130352 0.0175725 0.00725743 0.00212098 0.0004243 9.82551e-05 1.42377e-05 1.64881e-06 1.69842e-07 2.66072e-08 8.75491e-09 2.41499e-09
 2.5687e-27 2.6027e-27 4.50554e-26 8.96459e-20 2.19756e-14 6.51176e-10 2.3324e-06 0.00100984 0.0528515 0.334353 0.255987 0.0428264 0.146125 0.134226 0.0191881 0.00996245 0.0028721 0.000473108 0.000105321 1.54967e-05 1.81216e-06 1.40331e-07 8.40599e-09 9.70888e-10 1.89168e-10
 2.57133e-27 2.60988e-27 5.1465e-26 1.03167e-19 2.52903e-14 7.49396e-10 2.68421e-06 0.00116216 0.0608233 0.384785 0.294458 0.0404728 0.101185 0.0928542 0.0136425 0.0077357 0.00228877 0.000469983 0.000105406 1.30713e-05 1.47876e-06 1.15216e-07 5.26277e-09 1.78315e-10 1.31357e-11
 2.57054e-27 2.60767e-27 4.94496e-26 9.89157e-20 2.4248e-14 7.18512e-10 2.57359e-06 0.00111427 0.0583166 0.368927 0.282367 0.0415971 0.118236 0.108463 0.0141445 0.00495196 0.00145977 0.000328516 7.8449e-05 1.17036e-05 1.25631e-06 8.68439e-08 3.88528e-09 9.09711e-11 1.56123e-12
 2.57047e-27 2.60751e-27 4.93143e-26 9.86304e-20 2.4178e-14 7.16439e-10 2.56616e-06 0.00111105 0.0581484 0.367862 0.281554 0.0415387 0.118363 0.108608 0.0146694 0.00610714 0.00172648 0.000245026 5.38889e-05 8.80444e-06 1.07145e-06 8.03749e-08 3.22383e-09 7.0036e-11 6.87327e-13
 2.5709e-27 2.60868e-27 5.03552e-26 1.00826e-19 2.47163e-14 7.32388e-10 2.62329e-06 0.00113579 0.0594429 0.376052 0.287802 0.0412034 0.111421 0.102206 0.0136081 0.00530055 0.00151582 0.000251004 5.2366e-05 5.71177e-06 6.64365e-07 5.60506e-08 2.51184e-09 5.15604e-11 4.4584e-13
 2.57141e-27 2.61006e-27 5.15878e-26 1.03426e-19 2.53537e-14 7.51277e-10 2.69095e-06 0.00116508 0.0609759 0.38575 0.2952 0.0407473 0.102752 0.0942275 0.0125677 0.00493617 0.00140404 0.000218817 4.6194e-05 5.65084e-06 5.41721e-07 3.50332e-08 1.67912e-09 3.85275e-11 3.2755e-13
 2.57091e-27 2.6087e-27 5.03635e-26 1.00844e-19 2.47206e-14 7.32515e-10 2.62375e-06 0.00113598 0.0594532 0.376117 0.287853 0.0413014 0.112131 0.102837 0.0132829 0.00440013 0.00124425 0.000195317 4.08523e-05 4.76567e-06 4.78821e-07 3.00265e-08 1.09416e-09 2.44357e-11 2.29165e-13
 2.57023e-27 2.60685e-27 4.87154e-26 9.73668e-20 2.38683e-14 7.0726e-10 2.53329e-06 0.00109682 0.0574034 0.36315 0.27796 0.0418337 0.123133 0.112983 0.0149489 0.00564337 0.00158401 0.000213664 4.2831e-05 5.01064e-06 4.9133e-07 3.05738e-08 1.11455e-09 2.02029e-11 1.73033e-13
 2.56994e-27 2.60605e-27 4.80024e-26 9.58626e-20 2.34996e-14 6.96334e-10 2.49415e-06 0.00107987 0.0565166 0.35754 0.27368 0.0420867 0.128065 0.117524 0.0155776 0.00593455 0.00168202 0.000254496 5.14639e-05 5.2532e-06 4.942e-07 3.04072e-08 1.08787e-09 1.95052e-11 1.43369e-13
 2.57017e-27 2.60666e-27 4.85479e-26 9.70134e-20 2.37817e-14 7.04693e-10 2.52409e-06 0.00109284 0.0571951 0.361832 0.276955 0.0419316 0.124584 0.114309 0.0149622 0.00534099 0.00151115 0.000230673 4.76465e-05 5.36397e-06 4.87617e-07 2.68897e-08 9.37641e-10 1.65144e-11 1.1874e-13
 2.57072e-27 2.60818e-27 4.99052e-26 9.98767e-20 2.44836e-14 7.25492e-10 2.59859e-06 0.00112509 0.0588832 0.372511 0.285101 0.0414091 0.114884 0.105386 0.0138802 0.00511964 0.00144321 0.000207815 4.22884e-05 4.81974e-06 4.61107e-07 2.66547e-08 8.50022e-10 1.413e-11 9.95711e-14
 2.57023e-27 2.60683e-27 4.86876e-26 9.7308e-20 2.38539e-14 7.06833e-10 2.53176e-06 0.00109615 0.0573688 0.362931 0.277794 0.0419468 0.124109 0.113858 0.0146316 0.00470087 0.001321 0.000195791 3.97786e-05 4.30312e-06 4.07368e-07 2.43325e-08 8.19557e-10 1.30263e-11 8.54321e-14
 2.57025e-27 2.60687e-27 4.87298e-26 9.73971e-20 2.38757e-14 7.07481e-10 2.53408e-06 0.00109716 0.0574213 0.363263 0.278048 0.0419169 0.123704 0.113488 0.0146528 0.00484132 0.00134913 0.000177191 3.48661e-05 3.85933e-06 3.58796e-07 2.06197e-08 7.06081e-10 1.17626e-11 7.60082e-14
 2.57081e-27 2.60841e-27 5.01053e-26 1.00299e-19 2.45871e-14 7.28559e-10 2.60957e-06 0.00112985 0.0591321 0.374086 0.286303 0.0413682 0.113728 0.104315 0.0136098 0.00477222 0.00133552 0.000179577 3.49266e-05 3.46875e-06 3.14602e-07 1.81703e-08 6.01551e-10 1.00083e-11 6.71148e-14
 2.57101e-27 2.60895e-27 5.05826e-26 1.01306e-19 2.48339e-14 7.35872e-10 2.63577e-06 0.00114119 0.0597257 0.377841 0.289169 0.0412622 0.110908 0.101703 0.0129711 0.00397411 0.0011103 0.000157264 3.11945e-05 3.15169e-06 2.73284e-07 1.45087e-08 4.76547e-10 7.76287e-12 5.14961e-14
 2.57142e-27 2.6101e-27 5.16055e-26 1.03464e-19 2.53629e-14 7.51547e-10 2.69192e-06 0.0011655 0.0609979 0.385889 0.295308 0.0408635 0.103561 0.0949453 0.0121744 0.00385817 0.0010701 0.000134958 2.5999e-05 2.75403e-06 2.44706e-07 1.2861e-08 3.91264e-10 6.13792e-12 4.00663e-14
 2.57144e-27 2.61012e-27 5.16166e-26 1.03487e-19 2.53686e-14 7.51718e-10 2.69253e-06 0.00116576 0.0610118 0.385977 0.295376 0.0409577 0.10423 0.0955384 0.0118442 0.00295669 0.000812024 0.000105319 2.01245e-05 1.9221e-06 1.68316e-07 9.22725e-09 2.82155e-10 4.18535e-12 2.59028e-14
 2.57155e-27 2.61043e-27 5.18944e-26 1.04073e-19 2.55123e-14 7.55975e-10 2.70777e-06 0.00117236 0.0613572 0.388163 0.297043 0.0408339 0.102117 0.0935984 0.0116855 0.00308223 0.000838213 8.94696e-05 1.593e-05 1.55198e-06 1.30685e-07 6.63656e-09 2.0707e-10 3.1266e-12 1.86239e-14
 2.57167e-27 2.61075e-27 5.21777e-26 1.04671e-19 2.56588e-14 7.60316e-10 2.72332e-06 0.00117909 0.0617096 0.390391 0.298744 0.0407421 0.100223 0.0918526 0.0113999 0.00287099 0.000780863 8.69917e-05 1.53648e-05 1.25347e-06 9.89366e-08 4.98807e-09 1.45408e-10 2.16076e-12 1.31166e-14
 2.5712e-27 2.60945e-27 5.10145e-26 1.02217e-19 2.50572e-14 7.42491e-10 2.65948e-06 0.00115145 0.0602629 0.381239 0.291763 0.04123 0.108841 0.0997716 0.0122039 0.00271092 0.000730174 7.84284e-05 1.37138e-05 1.15676e-06 8.61691e-08 3.72075e-09 1.04639e-10 1.48189e-12 8.68632e-15
 2.57106e-27 2.6091e-27 5.07077e-26 1.0157e-19 2.48986e-14 7.37789e-10 2.64264e-06 0.00114416 0.0598813 0.378825 0.28992 0.0412356 0.110179 0.101028 0.0128235 0.003806 0.00103593 0.000101061 1.6818e-05 1.3719e-06 1.02054e-07 4.39422e-09 1.09136e-10 1.41308e-12 7.93245e-15
 2.57173e-27 2.61093e-27 5.2332e-26 1.04996e-19 2.57386e-14 7.6268e-10 2.73179e-06 0.00118276 0.0619015 0.391606 0.29967 0.0407099 0.0993272 0.0910218 0.0111834 0.00258695 0.000704545 8.63872e-05 1.56682e-05 1.17086e-06 8.21792e-08 3.44613e-09 8.53863e-11 1.01909e-12 5.12478e-15
 2.57238e-27 2.61271e-27 5.3931e-26 1.0837e-19 2.65655e-14 7.87183e-10 2.81956e-06 0.00122076 0.0638902 0.404187 0.309267 0.0400636 0.0876663 0.0803011 0.0100077 0.00260414 0.000705292 7.097e-05 1.22013e-05 1.12028e-06 8.37553e-08 3.21957e-09 7.61978e-11 8.95495e-13 4.26147e-15
#obs catch len freq
 1.75255e-41 2.43242e-33 4.08089e-26 8.27597e-20 2.02876e-14 6.01158e-10 2.15325e-06 0.000932282 0.0487919 0.308672 0.236435 0.0441038 0.153645 0.130179 0.036813 0.0283621 0.00869884 0.00275786 0.000540469 6.37452e-05 3.31828e-06 5.52156e-08 2.1732e-10 1.62558e-13 2.00174e-17
 1.7647e-41 2.44929e-33 4.10919e-26 8.33335e-20 2.04282e-14 6.05326e-10 2.16818e-06 0.000938747 0.0491303 0.310813 0.238127 0.0459933 0.156173 0.125268 0.0364137 0.0265071 0.00783124 0.00233344 0.000423671 4.35091e-05 1.85447e-06 2.39964e-08 7.07518e-11 3.86186e-14 3.4103e-18
 2.18316e-41 3.03008e-33 5.08359e-26 1.03094e-19 2.52723e-14 7.48865e-10 2.68231e-06 0.00116135 0.0607804 0.384514 0.29436 0.0432812 0.0985149 0.074483 0.0221038 0.0150673 0.00431459 0.00119929 0.000199044 1.78672e-05 6.2424e-07 6.24166e-09 1.3702e-11 5.44709e-15 3.45507e-19
 1.74073e-41 2.41602e-33 4.05337e-26 8.22016e-20 2.01507e-14 5.97103e-10 2.13873e-06 0.000925995 0.0484629 0.306591 0.23513 0.0537273 0.183355 0.128668 0.025507 0.0129868 0.00357123 0.000921317 0.000139045 1.07813e-05 3.08658e-07 2.39104e-09 3.9018e-12 1.12639e-15 5.12384e-20
 2.11263e-41 2.93219e-33 4.91935e-26 9.97635e-20 2.44558e-14 7.24671e-10 2.59565e-06 0.00112383 0.0588167 0.372092 0.28502 0.0474442 0.113115 0.0763603 0.0269038 0.0156562 0.00284863 0.000539411 7.25048e-05 4.81466e-06 1.11955e-07 6.71807e-10 8.18274e-13 1.71899e-16 5.60666e-21
 2.38536e-41 3.31073e-33 5.55443e-26 1.12643e-19 2.7613e-14 8.18225e-10 2.93075e-06 0.00126891 0.0664098 0.420128 0.321657 0.0454267 0.0784575 0.0483657 0.0110461 0.00543775 0.00150031 0.000274016 2.37818e-05 1.23467e-06 2.30294e-08 1.06479e-10 9.68474e-14 1.48679e-17 3.49156e-22
 1.35783e-41 1.88458e-33 3.16178e-26 6.41203e-20 1.57183e-14 4.65763e-10 1.66829e-06 0.000722311 0.0378029 0.239156 0.184419 0.0755489 0.270578 0.154175 0.026066 0.00943891 0.00174074 0.000318091 3.03799e-05 1.0858e-06 1.41811e-08 4.92331e-11 3.32967e-14 3.73639e-18 6.33649e-23
 2.24927e-41 3.12183e-33 5.23752e-26 1.06216e-19 2.60376e-14 7.71541e-10 2.76354e-06 0.00119652 0.0626209 0.396159 0.303514 0.0481194 0.0863984 0.0520495 0.0327722 0.0150016 0.00192774 0.000220777 1.68921e-05 5.77323e-07 5.50531e-09 1.27694e-11 6.1055e-15 4.95206e-19 6.05582e-24
 2.02578e-41 2.81165e-33 4.71713e-26 9.56625e-20 2.34505e-14 6.94882e-10 2.48896e-06 0.00107763 0.056399 0.3568 0.274013 0.0633356 0.150603 0.0745544 0.0144341 0.00634492 0.00215604 0.000267104 1.22574e-05 2.92798e-07 2.31657e-09 4.01569e-12 1.29074e-15 7.07459e-20 6.03501e-25
 2.06945e-41 2.87226e-33 4.81881e-26 9.77245e-20 2.3956e-14 7.09861e-10 2.54261e-06 0.00110086 0.0576147 0.364491 0.279984 0.0635875 0.137869 0.066327 0.020824 0.00698138 0.00102649 0.000178507 1.16863e-05 1.9401e-07 9.768e-10 1.25249e-12 3.00684e-16 1.15414e-20 6.63772e-26
 2.02617e-41 2.81219e-33 4.71803e-26 9.56806e-20 2.3455e-14 6.95014e-10 2.48943e-06 0.00107784 0.0564096 0.35687 0.274494 0.0693681 0.147922 0.0661127 0.0198642 0.00661526 0.00114165 0.000114528 6.65834e-06 1.35293e-07 5.55558e-10 4.55572e-13 7.34547e-17 2.02236e-21 8.37271e-27
 2.13798e-41 2.96737e-33 4.97839e-26 1.00961e-19 2.47493e-14 7.33368e-10 2.6268e-06 0.00113732 0.0595225 0.376564 0.289586 0.0679153 0.127105 0.0539585 0.0178275 0.00540712 0.000882458 8.77678e-05 3.65327e-06 5.6499e-08 2.29979e-10 1.66074e-13 1.89669e-17 3.41239e-22 9.46607e-28
 2.08925e-41 2.89974e-33 4.86491e-26 9.86594e-20 2.41852e-14 7.16651e-10 2.56693e-06 0.00111139 0.0581658 0.367984 0.283521 0.0753765 0.139057 0.0540634 0.0155999 0.00435099 0.000701562 6.27303e-05 2.3202e-06 2.67431e-08 7.80174e-11 4.68835e-14 4.63041e-18 6.60842e-23 1.30792e-28
 2.04316e-41 2.83577e-33 4.75759e-26 9.6483e-20 2.36517e-14 7.00842e-10 2.5103e-06 0.00108687 0.0568827 0.359871 0.277854 0.0819634 0.145671 0.0544322 0.0173552 0.00424982 0.000583199 4.70671e-05 1.51644e-06 1.43592e-08 3.12688e-11 1.31894e-14 9.58396e-19 1.0769e-23 1.71157e-29
 1.92472e-41 2.67138e-33 4.4818e-26 9.08899e-20 2.22806e-14 6.60215e-10 2.36478e-06 0.00102387 0.0535852 0.339018 0.262859 0.0939986 0.164849 0.0592831 0.0200238 0.00469582 0.000619196 4.11107e-05 1.09318e-06 8.48689e-09 1.45002e-11 4.5546e-15 2.3471e-19 1.84493e-24 2.10084e-30
 1.75875e-41 2.44103e-33 4.09534e-26 8.30527e-20 2.03594e-14 6.03286e-10 2.16087e-06 0.000935583 0.0489647 0.309798 0.24187 0.109627 0.188643 0.0678917 0.0257047 0.00577346 0.000743199 4.46073e-05 9.60605e-07 5.76846e-09 7.62652e-12 1.82381e-15 6.97592e-20 3.96225e-25 3.18661e-31
 1.97804e-41 2.74539e-33 4.60596e-26 9.3408e-20 2.28979e-14 6.78505e-10 2.4303e-06 0.00105223 0.0550698 0.348421 0.270971 0.0974301 0.143384 0.0541564 0.0234505 0.00533245 0.000691684 3.82142e-05 7.06147e-07 3.33173e-09 3.28875e-12 5.82735e-16 1.65142e-20 6.90437e-26 4.04367e-32
 1.92093e-41 2.66613e-33 4.47298e-26 9.07112e-20 2.22368e-14 6.58916e-10 2.36013e-06 0.00102186 0.0534799 0.338379 0.264796 0.111985 0.15709 0.0506974 0.0177292 0.00421803 0.000570479 3.01573e-05 4.89373e-07 1.88715e-09 1.4328e-12 1.87142e-16 3.8407e-21 1.16051e-26 4.92083e-33
 1.90132e-41 2.63891e-33 4.42731e-26 8.9785e-20 2.20097e-14 6.52189e-10 2.33603e-06 0.00101142 0.0529339 0.33494 0.263317 0.118795 0.155079 0.0516588 0.0183386 0.00348066 0.000419571 2.16993e-05 3.18452e-07 1.02923e-09 6.18702e-13 6.14359e-17 9.30049e-22 2.03168e-27 6.16445e-34
 1.93501e-41 2.68567e-33 4.50577e-26 9.13761e-20 2.23998e-14 6.63746e-10 2.37743e-06 0.00102935 0.0538719 0.340892 0.268866 0.122264 0.145889 0.0475059 0.0163394 0.00302167 0.000305803 1.29327e-05 1.67088e-07 4.61644e-10 2.24757e-13 1.73568e-17 1.9859e-22 3.21161e-28 7.10195e-35
 2.00588e-41 2.78402e-33 4.67078e-26 9.47224e-20 2.32201e-14 6.88053e-10 2.4645e-06 0.00106704 0.0558448 0.35339 0.279177 0.122046 0.131423 0.0412841 0.0132478 0.00229743 0.000212118 7.36244e-06 7.39176e-08 1.64316e-10 6.47535e-14 3.95245e-18 3.48121e-23 4.24488e-29 6.96897e-36
 2.0013e-41 2.77767e-33 4.66011e-26 9.45061e-20 2.31671e-14 6.86483e-10 2.45887e-06 0.00106461 0.0557174 0.352617 0.28035 0.130077 0.129366 0.0379898 0.0109488 0.00172178 0.000140644 4.15392e-06 3.2826e-08 5.47315e-11 1.62816e-14 7.62498e-19 5.16208e-24 4.79464e-30 5.92368e-37
 2.0402e-41 2.83166e-33 4.75069e-26 9.63431e-20 2.36174e-14 6.99826e-10 2.50666e-06 0.0010853 0.0568005 0.359499 0.286817 0.131206 0.119061 0.0348192 0.00933929 0.00127851 8.86031e-05 2.17017e-06 1.37027e-08 1.74328e-11 3.81864e-15 1.30311e-19 6.47088e-25 4.45101e-31 4.09389e-38
 1.97554e-41 2.74192e-33 4.60015e-26 9.32901e-20 2.2869e-14 6.77649e-10 2.42723e-06 0.00105091 0.0550007 0.34818 0.281369 0.145986 0.124375 0.0344626 0.00845505 0.00105631 6.11833e-05 1.19356e-06 5.88148e-09 5.72177e-12 9.36821e-16 2.33944e-20 8.3806e-26 4.13637e-32 2.73413e-39
 2.01486e-41 2.79649e-33 4.69169e-26 9.51465e-20 2.3324e-14 6.91134e-10 2.47553e-06 0.00107182 0.0560953 0.355153 0.288044 0.144608 0.113355 0.033059 0.0077156 0.000853216 4.2004e-05 6.52933e-07 2.44356e-09 1.77702e-12 2.158e-16 3.96364e-21 1.03467e-26 3.6879e-33 1.74751e-40
 2.00209e-41 2.77877e-33 4.66196e-26 9.45436e-20 2.31762e-14 6.86755e-10 2.45984e-06 0.00106503 0.0557401 0.352995 0.289475 0.153098 0.110603 0.0298655 0.00645422 0.000673706 2.815e-05 3.49425e-07 9.98507e-10 5.36449e-13 4.74475e-17 6.32252e-22 1.1955e-27 3.08021e-34 1.05202e-41
 1.94271e-41 2.69635e-33 4.52369e-26 9.17396e-20 2.24889e-14 6.66387e-10 2.38689e-06 0.00103344 0.0540874 0.342672 0.285988 0.166174 0.113195 0.0303616 0.00592269 0.00054328 1.97348e-05 1.99137e-07 4.3602e-10 1.74061e-13 1.1216e-17 1.07584e-22 1.45656e-28 2.68354e-35 6.55507e-43
 1.86321e-41 2.58601e-33 4.33856e-26 8.79852e-20 2.15685e-14 6.39116e-10 2.28921e-06 0.000991148 0.0518747 0.328855 0.280859 0.180833 0.117574 0.0325272 0.00598265 0.000486694 1.46672e-05 1.19782e-07 2.04678e-10 6.13394e-14 2.89659e-18 2.00956e-23 1.95167e-29 2.56526e-36 4.45606e-44
 1.89846e-41 2.63493e-33 4.42065e-26 8.96498e-20 2.19766e-14 6.51207e-10 2.33252e-06 0.0010099 0.0528559 0.335023 0.283866 0.17255 0.114196 0.0337241 0.00626559 0.000494789 1.34135e-05 9.39087e-08 1.35379e-10 3.39138e-14 1.32017e-18 7.44709e-24 5.82484e-30 6.13117e-37 8.50001e-45
#spawning biomass
 9145.86 12839.8 15698.6 18559.7 32050.7 45330.1 43263.3 56663.4 72137.5 86749.9 105632 147582 187076 212877 202776 180639 182289 170869 150796 148611 153213 171982 178307 194068 208536 204428 208719 201438 243453 237060 4988.29 4207.69 4207.69 4207.69 4207.69 4207.69 4207.69 4207.69 4207.69 4207.69 4207.69 4207.69 4207.69 4207.69 4207.69 4207.69 4207.69 4207.69 4207.69 4207.69 4207.69 4207.69 4207.69 4207.69 4207.69 4207.69 4207.69 4207.69 4207.69 4207.69 4207.69 4207.69 4207.69 4207.69 4207.69 4207.69 4207.69 4207.69 4207.69 4207.69 4207.69 4207.69 4207.69 4207.69 4207.69 4207.69 4207.69 4207.69 4207.69 4207.69 4207.69 4207.69 4207.69 4207.69 4207.69 4207.69 4207.69 4207.69 4207.69 4207.69 4207.69 4207.69 4207.69 4207.69 4207.69 4207.69 4207.69 4207.69 4207.69 4207.69 4207.69 4207.69 4207.69 4207.69 4207.69 4207.69 4207.69 4207.69 4207.69 4207.69 4207.69 4207.69 4207.69 4207.69 4207.69 4207.69 4207.69 4207.69 4207.69 4207.69 4207.69 4207.69 4207.69 4207.69 4207.69 4207.69 4207.69 4207.69 4207.69 0 0 0 0 0 0 0 0 0 0 0 0 0 0 0 0 0 0 0 0 0 0 0 0 0
