SBPRF35
0.17814
Curr Bio
271544
B35
448494
F35
1.03575
FOFL
0.779979
OFL
71770.5
Bzero
50895.7
#pred survey bio
 35069.2 34709.7 23999.7 16716.4 33201.7 52860.5 82996.3 116973 166513 201829 215399 248664 259211 292634 265473 281829 265926 257588 280298 236733 285095 305016 282202 279139 319365 304785 320428 343734 1.45247e+07 1.00144e+07 4.71001e+06 2.28601e+06 1.30659e+06 898452 708840 609584 553018 519269 498721 486118 478377 473627 470705 468894 467808 467156 466763 466526 466384 466298 466246 466215 466196 466184 466177 466173 466171 466169 466168 466168 466167 466167 466167 466167 466167 466167 466167 466167 466167 466167 466167 466167 466167 466167 466167 466167 466167 466167 466167 466167 466167 466167 466167 466167 466167 466167 466167 466167 466167 466167 466167 466167 466167 466167 466167 466167 466167 466167 466167 466167 466167 466167 466167 466167 466167 466167 466167 466167 466167 466167 466167 466167 466167 466167 466167 466167 466167 466167 466167 466167 466167 466167 466167 466167 466167 466167 466167 466167 0 0 0 0 0 0 0 0 0 0 0 0 0 0 0 0 0 0 0 0 0 0 0 0 0
#obs survey bio
 28862.7 16248.6 12198.1 16134.6 32030.5 47538.4 90856.9 121761 155837 137865 157112 203248 191700 179148 171935 280501 140446 245144 177294 179908 208084 240677 203451 154484 272525 244704 258695 272936
#pred catch bio
 12117.3 15269.2 13685.8 8683.87 18334.4 31176.1 53150.4 71550.9 108101 140039 147475 181485 178877 221064 193445 209983 203231 188902 227070 175230 217922 239160 227185 217406 259144 238866 258567 234103 71770.5 242727 91764.9 32956.6 14357.5 9118.72 7749.41 7409.34 7327.88 7308.88 7304.54 7303.56 7303.34 7303.29 7303.28 7303.28 7303.28 7303.28 7303.28 7303.28 7303.28 7303.28 7303.28 7303.28 7303.28 7303.28 7303.28 7303.28 7303.28 7303.28 7303.28 7303.28 7303.28 7303.28 7303.28 7303.28 7303.28 7303.28 7303.28 7303.28 7303.28 7303.28 7303.28 7303.28 7303.28 7303.28 7303.28 7303.28 7303.28 7303.28 7303.28 7303.28 7303.28 7303.28 7303.28 7303.28 7303.28 7303.28 7303.28 7303.28 7303.28 7303.28 7303.28 7303.28 7303.28 7303.28 7303.28 7303.28 7303.28 7303.28 7303.28 7303.28 7303.28 7303.28 7303.28 7303.28 7303.28 7303.28 7303.28 7303.28 7303.28 7303.28 7303.28 7303.28 7303.28 7303.28 7303.28 7303.28 7303.28 7303.28 7303.28 7303.28 7303.28 7303.28 7303.28 7303.28 7303.28 7303.28 7303.28 7303.28 0 0 0 0 0 0 0 0 0 0 0 0 0 0 0 0 0 0 0 0 0 0 0 0 0
#obs catch bio
 18661.4 16999.9 17137.9 10058.1 12904.6 24129.7 41121.8 57508.4 88451.2 130646 138462 161587 156454 208211 177283 182741 186226 163256 216680 151906 191886 202959 190485 204388 225225 201768 214029 191969
#pred cpue bio
 24212.6 25907.2 21131.7 9316.93 11597.1 22740.5 33253.7 45215.5 68931.9 87754.4 91880.7 101482 98874.5 119062 103987 105904 104343 91166.8 100544 75881.1 90196.4 97332.4 94240.3 79197.5 89469.4 85859.3 94813.7 89280.7 5.62493e+06 9.91595e+06 4.59293e+06 2.16756e+06 1.18811e+06 779973 590361 491105 434539 400790 380242 367639 359898 355148 352227 350415 349329 348677 348284 348048 347905 347819 347767 347736 347717 347706 347699 347694 347692 347690 347689 347689 347689 347688 347688 347688 347688 347688 347688 347688 347688 347688 347688 347688 347688 347688 347688 347688 347688 347688 347688 347688 347688 347688 347688 347688 347688 347688 347688 347688 347688 347688 347688 347688 347688 347688 347688 347688 347688 347688 347688 347688 347688 347688 347688 347688 347688 347688 347688 347688 347688 347688 347688 347688 347688 347688 347688 347688 347688 347688 347688 347688 347688 347688 347688 347688 347688 347688 347688 347688 0 0 0 0 0 0 0 0 0 0 0 0 0 0 0 0 0 0 0 0 0 0 0 0 0
#obs cpue bio
 27077.4 25836 14933.8 15108.2 27657.9 76997.2 90159.2 91853.6 164732 149408 177149 219949 203622 259207 216378 216336 241990 185603 195117 167358 210780 244477 259084 165426 207310 202414 257836 232985
#pred surv len freq
 1.45341e-11 1.57754e-09 1.00962e-07 3.81001e-06 8.47775e-05 0.00111232 0.00860622 0.0392831 0.106008 0.170947 0.173373 0.133911 0.108691 0.0901244 0.0620738 0.0379406 0.023353 0.0144465 0.0091409 0.00614024 0.00447978 0.00360322 0.00303632 0.00230592 0.00133578
 1.2009e-11 1.30347e-09 8.34216e-08 3.14807e-06 7.00489e-05 0.000919093 0.00711182 0.0324771 0.0878507 0.143357 0.153334 0.139082 0.137299 0.121935 0.0807023 0.0437619 0.0233105 0.0125524 0.00673485 0.00369622 0.00216252 0.00142166 0.00104361 0.00074611 0.000428218
 6.77751e-12 7.35634e-10 4.70805e-08 1.77668e-06 3.9534e-05 0.000518747 0.00401528 0.0183662 0.0500899 0.0850369 0.106296 0.134467 0.172418 0.16884 0.11827 0.0686763 0.0376368 0.0188963 0.00872025 0.00394917 0.00182708 0.00091204 0.0005234 0.00032371 0.000175334
 1.73446e-11 1.88259e-09 1.20485e-07 4.54674e-06 0.00010117 0.00132739 0.0102696 0.0468619 0.12627 0.202089 0.197759 0.134053 0.0868445 0.0651862 0.04861 0.0347192 0.0228167 0.0127259 0.0061008 0.00260022 0.00101129 0.00038408 0.000157801 7.39888e-05 3.45977e-05
 1.99643e-11 2.16693e-09 1.38684e-07 5.23348e-06 0.000116451 0.00152788 0.0118206 0.0539359 0.145285 0.232152 0.225398 0.14767 0.086857 0.0547361 0.0282908 0.00957457 0.00208114 0.000373359 0.000105028 4.41489e-05 1.74491e-05 5.95343e-06 1.8627e-06 6.01476e-07 2.09437e-07
 1.85397e-11 2.0123e-09 1.28787e-07 4.86002e-06 0.000108141 0.00141886 0.0109774 0.050095 0.135027 0.216474 0.213555 0.149072 0.100469 0.0701712 0.037321 0.0124909 0.0024986 0.000295493 2.06164e-05 8.48219e-07 2.05784e-08 2.94373e-10 2.48424e-12 1.26953e-14 1.19956e-16
 1.90716e-11 2.07004e-09 1.32482e-07 4.99948e-06 0.000111244 0.00145957 0.0112923 0.0515293 0.138858 0.222333 0.218 0.148611 0.0954836 0.0644818 0.0339453 0.0113357 0.00226653 0.000268024 1.86996e-05 7.69353e-07 1.86651e-08 2.67002e-10 2.25216e-12 1.1203e-14 3.28717e-17
 1.93178e-11 2.09676e-09 1.34193e-07 5.06401e-06 0.00011268 0.00147841 0.011438 0.052193 0.140631 0.225045 0.220057 0.148397 0.0931766 0.0618489 0.032383 0.0108012 0.00215913 0.000255312 1.78125e-05 7.32854e-07 1.77795e-08 2.54331e-10 2.14518e-12 1.06692e-14 3.12876e-17
 1.88348e-11 2.04434e-09 1.30838e-07 4.9374e-06 0.000109863 0.00144145 0.0111521 0.0508908 0.137153 0.219725 0.216021 0.148816 0.0977027 0.0670144 0.0354479 0.0118499 0.00236983 0.000280252 1.95528e-05 8.04459e-07 1.95167e-08 2.79181e-10 2.35479e-12 1.17117e-14 3.43447e-17
 1.84547e-11 2.00308e-09 1.28197e-07 4.83775e-06 0.000107646 0.00141235 0.0109271 0.0498659 0.134415 0.215538 0.212845 0.149146 0.101265 0.07108 0.0378602 0.0126754 0.00253567 0.000299881 2.09226e-05 8.60818e-07 2.0884e-08 2.9874e-10 2.51976e-12 1.25322e-14 3.67508e-17
 1.86065e-11 2.01955e-09 1.29251e-07 4.87754e-06 0.000108531 0.00142397 0.011017 0.0502751 0.135508 0.21721 0.214113 0.149014 0.0998426 0.0694567 0.036897 0.0123458 0.00246946 0.000292043 2.03757e-05 8.38315e-07 2.03381e-08 2.9093e-10 2.45389e-12 1.22046e-14 3.579e-17
 1.89397e-11 2.05573e-09 1.31566e-07 4.9649e-06 0.000110475 0.00144947 0.0112142 0.0511737 0.137908 0.220881 0.216898 0.148725 0.0967196 0.0658925 0.0347822 0.0116221 0.00232407 0.000274835 1.91748e-05 7.88907e-07 1.91394e-08 2.73783e-10 2.30926e-12 1.14853e-14 3.36806e-17
 1.94056e-11 2.10629e-09 1.34802e-07 5.08701e-06 0.000113192 0.00148512 0.0114899 0.0524296 0.141263 0.226011 0.22079 0.148321 0.0923543 0.0609105 0.0318263 0.0106107 0.00212085 0.000250781 1.74963e-05 7.19846e-07 1.74639e-08 2.49816e-10 2.10711e-12 1.04798e-14 3.07322e-17
 1.89619e-11 2.05813e-09 1.3172e-07 4.97071e-06 0.000110604 0.00145117 0.0112273 0.0512334 0.138068 0.221124 0.217083 0.148706 0.0965121 0.0656556 0.0346417 0.0115741 0.00231441 0.000273691 1.9095e-05 7.85623e-07 1.90597e-08 2.72644e-10 2.29965e-12 1.14375e-14 3.35405e-17
 1.92285e-11 2.08707e-09 1.33572e-07 5.04059e-06 0.000112159 0.00147157 0.0113851 0.0519521 0.139988 0.224061 0.21931 0.148475 0.0940138 0.0628045 0.03295 0.0109952 0.00219811 0.000259925 1.81344e-05 7.461e-07 1.81009e-08 2.58928e-10 2.18396e-12 1.08621e-14 3.18531e-17
 1.95023e-11 2.11679e-09 1.35474e-07 5.11238e-06 0.000113757 0.00149253 0.0115472 0.0526905 0.14196 0.227077 0.221598 0.148237 0.0914476 0.0598757 0.0312123 0.0104006 0.00207864 0.000245785 1.71477e-05 7.05501e-07 1.71159e-08 2.44838e-10 2.06512e-12 1.0271e-14 3.01198e-17
 1.92168e-11 2.0858e-09 1.33491e-07 5.03753e-06 0.000112091 0.00147068 0.0113782 0.0519206 0.139904 0.223932 0.219213 0.148485 0.0941233 0.0629294 0.0330241 0.0110205 0.0022032 0.000260528 1.81765e-05 7.47832e-07 1.81429e-08 2.59529e-10 2.18903e-12 1.08873e-14 3.1927e-17
 1.98677e-11 2.15645e-09 1.38013e-07 5.20816e-06 0.000115888 0.00152049 0.0117634 0.0536756 0.144591 0.231101 0.224651 0.147921 0.0880235 0.0559679 0.0288936 0.00960717 0.00191924 0.000226917 1.58311e-05 6.51331e-07 1.58017e-08 2.26038e-10 1.90655e-12 9.48236e-15 2.78071e-17
 1.97888e-11 2.14788e-09 1.37464e-07 5.18747e-06 0.000115427 0.00151445 0.0117167 0.0534628 0.144023 0.230232 0.223992 0.147989 0.0887633 0.0568122 0.0293946 0.00977858 0.00195368 0.000230993 1.61155e-05 6.63034e-07 1.60856e-08 2.301e-10 1.94081e-12 9.65275e-15 2.83068e-17
 2.04047e-11 2.21473e-09 1.41743e-07 5.34892e-06 0.00011902 0.00156158 0.0120812 0.0551233 0.148458 0.237015 0.229138 0.147455 0.0829916 0.0502252 0.0254863 0.00844122 0.00168499 0.00019919 1.38963e-05 5.71724e-07 1.38704e-08 1.98411e-10 1.67353e-12 8.3234e-15 2.44084e-17
 2.04699e-11 2.22181e-09 1.42195e-07 5.36601e-06 0.0001194 0.00156657 0.0121198 0.0552991 0.148927 0.237733 0.229683 0.147399 0.0823808 0.0495281 0.0250726 0.00829969 0.00165655 0.000195824 1.36614e-05 5.62061e-07 1.36359e-08 1.95058e-10 1.64524e-12 8.18271e-15 2.39959e-17
 2.04271e-11 2.21717e-09 1.41898e-07 5.3548e-06 0.000119151 0.00156329 0.0120945 0.0551838 0.14862 0.237262 0.229325 0.147436 0.0827815 0.0499853 0.0253439 0.00839252 0.0016752 0.000198032 1.38154e-05 5.68399e-07 1.37897e-08 1.97257e-10 1.66379e-12 8.27499e-15 2.42665e-17
 2.0192e-11 2.19165e-09 1.40265e-07 5.29318e-06 0.00011778 0.00154531 0.0119554 0.05455 0.146927 0.234673 0.227361 0.147639 0.0849843 0.0524994 0.0268356 0.00890295 0.00177776 0.00021017 1.46625e-05 6.0325e-07 1.46352e-08 2.09352e-10 1.76581e-12 8.78236e-15 2.57544e-17
 2.09685e-11 2.27593e-09 1.45659e-07 5.49671e-06 0.000122308 0.00160472 0.0124149 0.0566433 0.152518 0.243225 0.233849 0.146966 0.0777085 0.0441957 0.0219088 0.00721706 0.00143904 0.000170079 1.18648e-05 4.88142e-07 1.18426e-08 1.69405e-10 1.42887e-12 7.10657e-15 2.08401e-17
 2.10217e-11 2.2817e-09 1.46029e-07 5.51067e-06 0.000122619 0.00160879 0.0124464 0.0567868 0.152901 0.243811 0.234293 0.14692 0.0772097 0.0436264 0.021571 0.00710147 0.00141582 0.00016733 1.1673e-05 4.80251e-07 1.16511e-08 1.66666e-10 1.40577e-12 6.99168e-15 2.05031e-17
 2.09985e-11 2.27919e-09 1.45868e-07 5.5046e-06 0.000122484 0.00160702 0.0124327 0.0567244 0.152735 0.243556 0.2341 0.14694 0.0774267 0.0438741 0.0217179 0.00715176 0.00142592 0.000168526 1.17565e-05 4.83684e-07 1.17344e-08 1.67858e-10 1.41582e-12 7.04166e-15 2.06497e-17
 2.07852e-11 2.25603e-09 1.44386e-07 5.44866e-06 0.000121239 0.00159069 0.0123064 0.0561491 0.151198 0.241206 0.232317 0.147125 0.0794263 0.0461562 0.023072 0.0076151 0.00151901 0.000179544 1.25254e-05 5.15319e-07 1.25019e-08 1.78836e-10 1.50842e-12 7.50222e-15 2.20003e-17
 2.13208e-11 2.31417e-09 1.48107e-07 5.58908e-06 0.000124364 0.00163168 0.0126235 0.0575933 0.155055 0.247106 0.236793 0.146661 0.0744066 0.0404273 0.0196728 0.00645197 0.00128533 0.000151884 1.05952e-05 4.35905e-07 1.05753e-08 1.51276e-10 1.27596e-12 6.34606e-15 1.86099e-17
#obs surv len freq
 4.50156e-11 4.17189e-09 2.27976e-07 7.34571e-06 0.000139562 0.00156353 0.0103307 0.0402943 0.0932508 0.131451 0.127233 0.117323 0.124145 0.11874 0.0945619 0.0669896 0.0410543 0.020643 0.00850225 0.00284835 0.000750232 0.000148884 2.13254e-05 2.11881e-06 1.41257e-07
 3.41717e-11 3.05445e-09 1.60986e-07 5.00301e-06 9.16792e-05 0.000990704 0.0063162 0.0238176 0.0538285 0.0778041 0.0910638 0.119197 0.153954 0.156867 0.130225 0.0932079 0.0543993 0.0250172 0.00939923 0.00293176 0.000727706 0.000135543 1.80511e-05 1.65525e-06 1.01391e-07
 1.41807e-11 1.22044e-09 6.19332e-08 1.8532e-06 3.26991e-05 0.000340318 0.00209227 0.00765857 0.0173695 0.0288362 0.0496627 0.0924735 0.142698 0.175409 0.181651 0.149892 0.0911073 0.0410503 0.0144926 0.00412505 0.000928022 0.000158016 1.93982e-05 1.64268e-06 9.26895e-08
 2.67157e-10 2.2102e-08 1.07816e-06 3.10112e-05 0.000525949 0.00525964 0.0310139 0.107835 0.221116 0.267587 0.191934 0.0839017 0.0273621 0.0150638 0.0159379 0.014788 0.00999523 0.0050291 0.00192472 0.000555266 0.000118702 1.84968e-05 2.05292e-06 1.57445e-07 8.08902e-09
 1.92016e-10 1.52469e-08 7.13861e-07 1.97076e-05 0.000320811 0.0030796 0.0174402 0.0583975 0.116973 0.14841 0.147556 0.157952 0.161882 0.115803 0.0516287 0.0149115 0.00367944 0.00124819 0.000496909 0.000158037 3.56449e-05 5.54127e-06 5.84805e-07 4.13222e-08 1.92652e-09
 4.21946e-10 3.21112e-08 1.44093e-06 3.81255e-05 0.00059481 0.00547191 0.0296856 0.0950286 0.180056 0.205214 0.152155 0.0967 0.0749743 0.064042 0.0492845 0.0300617 0.0126531 0.00338424 0.000575251 7.04703e-05 8.27868e-06 1.02222e-06 1.03004e-07 7.08469e-09 3.14672e-10
 5.30444e-10 3.8637e-08 1.65942e-06 4.20238e-05 0.000627519 0.00552554 0.0286987 0.0880526 0.160846 0.181916 0.149752 0.12566 0.11146 0.0785707 0.0412395 0.0180287 0.00688927 0.00212062 0.000483174 7.72105e-05 8.36029e-06 6.1844e-07 3.37572e-08 1.49798e-09 5.327e-11
 7.67736e-10 5.3455e-08 2.19458e-06 5.31254e-05 0.000758308 0.00638275 0.03169 0.0929592 0.162467 0.176408 0.141176 0.117623 0.105753 0.0799108 0.0486754 0.0242452 0.00906414 0.00234529 0.000422674 5.69271e-05 6.00681e-06 4.7702e-07 2.63914e-08 9.69654e-10 2.35211e-11
 1.08705e-09 7.22629e-08 2.8325e-06 6.54655e-05 0.000892175 0.00716997 0.0339931 0.0952802 0.159642 0.168744 0.138024 0.122047 0.110644 0.0811053 0.047739 0.0232181 0.0086481 0.00229143 0.000428883 5.78511e-05 5.64793e-06 3.94862e-07 1.95692e-08 6.77787e-10 1.59632e-11
 1.29398e-09 8.20348e-08 3.0666e-06 6.75936e-05 0.000878531 0.00673407 0.0304657 0.081685 0.132531 0.143103 0.136591 0.145151 0.137416 0.0972731 0.0537781 0.024079 0.00805913 0.00185593 0.000292274 3.31284e-05 2.83708e-06 1.82577e-07 8.43612e-09 2.67889e-10 5.68837e-12
 2.5064e-09 1.51381e-07 5.3911e-06 0.000113207 0.00140173 0.0102352 0.0440936 0.112357 0.171545 0.16696 0.129707 0.111977 0.0997041 0.0746599 0.0459626 0.0220277 0.00736794 0.00161962 0.000235546 2.37369e-05 1.73667e-06 9.34974e-08 3.64274e-09 1.00187e-10 1.89611e-12
 3.55551e-09 2.04383e-07 6.92748e-06 0.000138451 0.00163162 0.0113399 0.0465165 0.11307 0.166173 0.161798 0.137552 0.129562 0.109548 0.0694457 0.034318 0.0137463 0.00414594 0.000868617 0.000124662 1.25783e-05 9.07532e-07 4.62697e-08 1.62955e-09 3.9039e-11 6.30625e-13
 5.28342e-09 2.88792e-07 9.30769e-06 0.000176884 0.00198218 0.0131002 0.051108 0.118246 0.166037 0.156839 0.133462 0.126359 0.106769 0.0696281 0.0362603 0.0148112 0.00428386 0.000816743 0.000102245 8.77689e-06 5.44924e-07 2.49338e-08 8.19718e-10 1.86018e-11 2.82076e-13
 7.26267e-09 3.7716e-07 1.1549e-05 0.000208523 0.00222013 0.0139423 0.0517154 0.114091 0.15488 0.148948 0.139647 0.139874 0.114704 0.0697833 0.0333965 0.0125542 0.00336 0.000591564 6.7471e-05 5.14268e-06 2.74734e-07 1.05842e-08 2.92251e-10 5.65121e-12 7.48474e-14
 1.09656e-08 5.40614e-07 1.57156e-05 0.000269382 0.00272286 0.0162344 0.0571841 0.119938 0.155602 0.145605 0.135952 0.134929 0.110341 0.0692471 0.0346806 0.0131993 0.00343658 0.000575943 6.19187e-05 4.41497e-06 2.1812e-07 7.63881e-09 1.87799e-10 3.16684e-12 3.59754e-14
 1.7786e-08 8.31881e-07 2.29421e-05 0.000373077 0.00357754 0.0202364 0.0676325 0.134651 0.166121 0.148612 0.133226 0.126277 0.0984613 0.0591352 0.0283532 0.0102979 0.00256161 0.000413928 4.36092e-05 3.09918e-06 1.53306e-07 5.29473e-09 1.25057e-10 1.97585e-12 2.06111e-14
 2.24928e-08 9.97454e-07 2.60815e-05 0.000402134 0.00365644 0.0196176 0.0622865 0.118722 0.145111 0.142181 0.149082 0.148248 0.110721 0.0615116 0.027002 0.00901816 0.00207299 0.000309086 2.98534e-05 1.93469e-06 8.76875e-08 2.82298e-09 6.34458e-11 9.66992e-13 9.75797e-15
 3.92797e-08 1.65068e-06 4.09023e-05 0.000597625 0.00514929 0.0261764 0.078693 0.14154 0.160815 0.140618 0.130108 0.122848 0.0949075 0.0582327 0.0280587 0.00967329 0.00219107 0.00031711 2.98232e-05 1.89311e-06 8.36039e-08 2.57223e-09 5.40349e-11 7.5925e-13 7.04591e-15
 5.73461e-08 2.28278e-06 5.35813e-05 0.00074159 0.00605305 0.0291562 0.0831503 0.142672 0.15832 0.14359 0.140114 0.128511 0.0900973 0.0485244 0.0207505 0.00660139 0.00143503 0.000206978 2.01305e-05 1.3526e-06 6.29265e-08 1.9867e-09 4.1608e-11 5.70023e-13 5.07008e-15
 8.82414e-08 3.32626e-06 7.39315e-05 0.000968962 0.00748951 0.0341662 0.0923303 0.150482 0.160145 0.142343 0.136808 0.121936 0.0835347 0.0444064 0.018493 0.00555715 0.00110811 0.00014277 1.21515e-05 7.14904e-07 3.00578e-08 8.99347e-10 1.85571e-11 2.55281e-13 2.2821e-15
 1.36488e-07 4.87079e-06 0.000102493 0.00127174 0.00930642 0.0401991 0.102921 0.159337 0.162684 0.141588 0.133288 0.114375 0.0753382 0.0386712 0.0154924 0.00445347 0.000851031 0.000106005 8.79591e-06 5.02045e-07 1.99774e-08 5.47786e-10 1.01483e-11 1.25239e-13 1.01968e-15
 1.82899e-07 6.1784e-06 0.000123065 0.00144547 0.0100142 0.0409756 0.0996509 0.148391 0.152701 0.145212 0.146157 0.123242 0.0768861 0.0369533 0.0138058 0.00369659 0.00065716 7.59955e-05 5.84778e-06 3.10492e-07 1.15863e-08 3.00392e-10 5.27374e-12 6.12865e-14 4.63863e-16
 2.64042e-07 8.44246e-06 0.000159169 0.0017696 0.0116053 0.0449678 0.103744 0.147692 0.149169 0.144241 0.145587 0.121024 0.0755707 0.0367482 0.0135868 0.00348218 0.000578439 6.14097e-05 4.26853e-06 2.02247e-07 6.72079e-09 1.56395e-10 2.49252e-12 2.65651e-14 1.85887e-16
 4.08708e-07 1.23691e-05 0.00022073 0.0023228 0.0144193 0.0528957 0.115625 0.156463 0.151686 0.142269 0.1385 0.11099 0.0675702 0.0321659 0.0115211 0.00283536 0.000453365 4.68817e-05 3.21783e-06 1.50945e-07 4.88072e-09 1.07239e-10 1.56916e-12 1.50842e-14 9.45393e-17
 5.48928e-07 1.57252e-05 0.00026563 0.00264609 0.0155529 0.054075 0.112554 0.147926 0.147676 0.149659 0.148342 0.114183 0.0654769 0.029194 0.00979212 0.00226365 0.000341826 3.36445e-05 2.21896e-06 1.00854e-07 3.17375e-09 6.79066e-11 9.6502e-13 8.94824e-15 5.34706e-17
 8.40518e-07 2.27941e-05 0.000364499 0.00343734 0.0191269 0.062967 0.124177 0.154994 0.147827 0.143952 0.137979 0.104923 0.0610855 0.0276513 0.00914272 0.00202932 0.000290871 2.71244e-05 1.69797e-06 7.33617e-08 2.19478e-09 4.46425e-11 6.03659e-13 5.33449e-15 3.04168e-17
 1.08431e-06 2.78403e-05 0.000421505 0.00376375 0.0198383 0.0619761 0.116941 0.144256 0.146843 0.156119 0.150039 0.107948 0.0582107 0.0243315 0.0074873 0.00156313 0.000213033 1.90959e-05 1.15795e-06 4.84436e-08 1.39201e-09 2.69257e-11 3.43734e-13 2.85633e-15 1.52884e-17
 1.58771e-06 3.86006e-05 0.000553387 0.00467913 0.0233574 0.0691491 0.12396 0.146639 0.145864 0.152279 0.1431 0.102376 0.0559808 0.0234604 0.00699714 0.00137616 0.000173453 1.41945e-05 7.80567e-07 2.97219e-08 7.87209e-10 1.42324e-11 1.71364e-13 1.34685e-15 6.80675e-18
#pred catch len freq
 1.22868e-12 1.33361e-10 8.53514e-09 3.22098e-07 7.16803e-06 9.41111e-05 0.000730642 0.00339301 0.0099525 0.0224805 0.053061 0.120079 0.193469 0.201271 0.145605 0.0896432 0.0551714 0.034115 0.0215819 0.0144963 0.010576 0.0085066 0.00716822 0.00544389 0.00315355
 9.08782e-13 9.86397e-11 6.31298e-09 2.38242e-07 5.30228e-06 6.96418e-05 0.000541727 0.0025402 0.00778143 0.0200305 0.0555012 0.134628 0.219401 0.224389 0.152888 0.0832399 0.0443107 0.0238453 0.0127907 0.00701915 0.00410655 0.00269965 0.00198177 0.00141682 0.000813165
 4.00366e-13 4.3456e-11 2.78123e-09 1.04965e-07 2.3367e-06 3.07325e-05 0.000240701 0.00116666 0.00408158 0.0141194 0.0497803 0.131069 0.218404 0.227281 0.16101 0.0935552 0.0512187 0.0256998 0.0118569 0.00536912 0.00248392 0.00123991 0.000711556 0.00044008 0.000238365
 4.33793e-12 4.7084e-10 3.01337e-08 1.13716e-06 2.53039e-05 0.000332043 0.00257078 0.0117742 0.0323215 0.0565495 0.0782237 0.115323 0.162336 0.171087 0.138074 0.0996578 0.0654897 0.036511 0.0175 0.00745801 0.0029005 0.00110158 0.000452586 0.000212206 9.92287e-05
 1.49031e-11 1.61759e-09 1.03525e-07 3.90673e-06 8.69299e-05 0.00114057 0.00882512 0.0402903 0.108836 0.176394 0.183039 0.151864 0.133981 0.108633 0.0604188 0.0207703 0.0045264 0.000810806 0.000227385 9.54896e-05 3.77364e-05 1.2875e-05 4.0283e-06 1.30076e-06 4.52932e-07
 1.23011e-11 1.33517e-09 8.54505e-08 3.22464e-06 7.17527e-05 0.000941455 0.00728514 0.0332753 0.0901011 0.147764 0.161429 0.154481 0.15893 0.136891 0.0769082 0.0260369 0.00522014 0.000617628 4.30953e-05 1.7731e-06 4.30167e-08 6.15352e-10 5.19301e-12 2.65329e-14 2.4952e-16
 1.48072e-11 1.60718e-09 1.02859e-07 3.88158e-06 8.63703e-05 0.00113323 0.00876835 0.0400319 0.108148 0.175365 0.182368 0.152308 0.135446 0.110089 0.0610058 0.0205954 0.00412688 0.000488224 3.40654e-05 1.40157e-06 3.40032e-08 4.86413e-10 4.10289e-12 2.04092e-14 5.98839e-17
 1.47246e-11 1.59821e-09 1.02285e-07 3.85993e-06 8.58884e-05 0.00112691 0.00871946 0.0398091 0.107553 0.174455 0.181678 0.15238 0.13622 0.110973 0.06153 0.0207748 0.00416292 0.000492491 3.43631e-05 1.41382e-06 3.43002e-08 4.90655e-10 4.13849e-12 2.05831e-14 6.03601e-17
 1.4499e-11 1.57373e-09 1.00718e-07 3.80079e-06 8.45727e-05 0.00110965 0.00858595 0.039201 0.105929 0.171971 0.179793 0.152575 0.138334 0.113385 0.0629614 0.0212646 0.00426133 0.000504138 3.51759e-05 1.44726e-06 3.51115e-08 5.02261e-10 4.23638e-12 2.107e-14 6.17879e-17
 1.46726e-11 1.59257e-09 1.01924e-07 3.8463e-06 8.55853e-05 0.00112293 0.0086887 0.039669 0.107179 0.173883 0.181244 0.152425 0.136707 0.111529 0.0618598 0.0208876 0.00418559 0.000495174 3.45503e-05 1.42152e-06 3.44871e-08 4.93329e-10 4.16104e-12 2.06953e-14 6.0689e-17
 1.47775e-11 1.60395e-09 1.02653e-07 3.8738e-06 8.61971e-05 0.00113096 0.00875078 0.0399518 0.107934 0.175038 0.18212 0.152334 0.135724 0.110407 0.0611942 0.0206599 0.00413984 0.000489758 3.41724e-05 1.40597e-06 3.41099e-08 4.87932e-10 4.11553e-12 2.04689e-14 6.00251e-17
 1.61632e-11 1.75436e-09 1.12279e-07 4.23706e-06 9.428e-05 0.001237 0.00957094 0.0436879 0.117914 0.190301 0.193699 0.151133 0.122738 0.0955865 0.0524008 0.0176509 0.00353531 0.000418203 2.91792e-05 1.20053e-06 2.91257e-08 4.16635e-10 3.51416e-12 1.74779e-14 5.12542e-17
 1.6363e-11 1.77605e-09 1.13667e-07 4.28944e-06 9.54455e-05 0.00125229 0.0096892 0.0442267 0.119353 0.192501 0.195368 0.150959 0.120866 0.0934496 0.0511329 0.0172171 0.00344814 0.000407885 2.84592e-05 1.17091e-06 2.8407e-08 4.06355e-10 3.42745e-12 1.70467e-14 4.99895e-17
 1.65722e-11 1.79875e-09 1.1512e-07 4.34427e-06 9.66655e-05 0.0012683 0.00981298 0.0447905 0.120859 0.194805 0.197116 0.150778 0.118906 0.0912127 0.0498057 0.0167629 0.0033569 0.000397085 2.77056e-05 1.1399e-06 2.76548e-08 3.95594e-10 3.33669e-12 1.65952e-14 4.86657e-17
 1.663e-11 1.80503e-09 1.15522e-07 4.35942e-06 9.70027e-05 0.00127272 0.0098472 0.0449464 0.121275 0.195441 0.197599 0.150728 0.118364 0.0905944 0.0494388 0.0166374 0.00333168 0.0003941 2.74973e-05 1.13133e-06 2.74468e-08 3.92619e-10 3.3116e-12 1.64705e-14 4.82998e-17
 1.72945e-11 1.87715e-09 1.20137e-07 4.53361e-06 0.000100878 0.00132357 0.0102405 0.0467379 0.12606 0.20276 0.203151 0.150152 0.112137 0.0834881 0.0452224 0.0151946 0.00304181 0.00035979 2.51031e-05 1.03282e-06 2.50569e-08 3.58432e-10 3.02324e-12 1.50363e-14 4.40941e-17
 1.70869e-11 1.85462e-09 1.18695e-07 4.47919e-06 9.96675e-05 0.00130768 0.0101176 0.0461781 0.124565 0.200473 0.201416 0.150332 0.114083 0.0857085 0.0465398 0.0156454 0.00313238 0.00037051 2.58511e-05 1.0636e-06 2.58036e-08 3.69114e-10 3.11334e-12 1.54844e-14 4.54082e-17
 1.77389e-11 1.92539e-09 1.23225e-07 4.65012e-06 0.000103471 0.00135758 0.0105035 0.0479362 0.129261 0.207655 0.206864 0.149766 0.107972 0.0787349 0.0424021 0.0142295 0.00284792 0.00033684 2.35016e-05 9.6693e-07 2.34584e-08 3.35566e-10 2.83037e-12 1.4077e-14 4.1281e-17
 1.84162e-11 1.9989e-09 1.2793e-07 4.82766e-06 0.000107421 0.00140941 0.0109044 0.0497622 0.134138 0.215115 0.212523 0.149179 0.101626 0.0714914 0.0381043 0.0127589 0.00255245 0.000301867 2.10612e-05 8.66521e-07 2.10223e-08 3.00719e-10 2.53645e-12 1.26152e-14 3.69942e-17
 1.86623e-11 2.02561e-09 1.29639e-07 4.89217e-06 0.000108857 0.00142824 0.01105 0.0504256 0.13591 0.217825 0.214579 0.148966 0.0993197 0.0688599 0.0365429 0.0122246 0.00244511 0.000289162 2.01746e-05 8.30041e-07 2.01373e-08 2.88059e-10 2.42967e-12 1.20841e-14 3.54368e-17
 1.8981e-11 2.0602e-09 1.31853e-07 4.97571e-06 0.000110716 0.00145263 0.0112386 0.0512848 0.138205 0.221335 0.217242 0.148689 0.0963333 0.0654516 0.0345206 0.0115326 0.00230608 0.000272706 1.90263e-05 7.82795e-07 1.89911e-08 2.71662e-10 2.29137e-12 1.13963e-14 3.34197e-17
 1.90849e-11 2.07148e-09 1.32575e-07 5.00295e-06 0.000111322 0.00146058 0.0113001 0.051565 0.138954 0.222479 0.21811 0.148599 0.0953594 0.0643401 0.0338611 0.011307 0.00226074 0.000267339 1.86518e-05 7.67387e-07 1.86173e-08 2.66315e-10 2.24627e-12 1.1172e-14 3.27619e-17
 1.89283e-11 2.05449e-09 1.31487e-07 4.96191e-06 0.000110408 0.0014486 0.0112075 0.0511429 0.137826 0.220755 0.216802 0.148735 0.0968266 0.0660146 0.0348547 0.0116469 0.00232905 0.000275424 1.92159e-05 7.90599e-07 1.91804e-08 2.74371e-10 2.31422e-12 1.15099e-14 3.37529e-17
 1.98152e-11 2.15075e-09 1.37647e-07 5.19439e-06 0.000115581 0.00151646 0.0117323 0.0535339 0.144213 0.230522 0.224212 0.147966 0.088516 0.05653 0.0292271 0.00972128 0.00194216 0.000229631 1.60204e-05 6.59122e-07 1.59907e-08 2.28742e-10 1.92936e-12 9.59579e-15 2.81397e-17
 2.01005e-11 2.18172e-09 1.3963e-07 5.26919e-06 0.000117246 0.0015383 0.0119012 0.0543033 0.146268 0.233665 0.226597 0.147719 0.0858418 0.053478 0.0274163 0.00910164 0.00181767 0.000214895 1.49922e-05 6.16815e-07 1.49643e-08 2.1406e-10 1.80552e-12 8.97986e-15 2.63335e-17
 1.98908e-11 2.15896e-09 1.38173e-07 5.21421e-06 0.000116023 0.00152225 0.0117771 0.0537378 0.144757 0.231356 0.224844 0.147901 0.0878072 0.055721 0.0287471 0.00955704 0.00190917 0.000225725 1.57479e-05 6.47908e-07 1.57186e-08 2.24851e-10 1.89653e-12 9.43253e-15 2.7661e-17
 1.97534e-11 2.14404e-09 1.37218e-07 5.17818e-06 0.000115221 0.00151174 0.0116958 0.0533673 0.143768 0.229842 0.223696 0.14802 0.0890952 0.057191 0.0296193 0.00985548 0.00196913 0.000232822 1.62431e-05 6.68285e-07 1.6213e-08 2.31922e-10 1.95618e-12 9.72919e-15 2.85309e-17
 1.96225e-11 2.12983e-09 1.36309e-07 5.14387e-06 0.000114457 0.00150172 0.0116183 0.0530144 0.142825 0.2284 0.222602 0.148133 0.0903218 0.0585908 0.0304499 0.0101397 0.00202623 0.000239581 1.67148e-05 6.8769e-07 1.66838e-08 2.38657e-10 2.01298e-12 1.00117e-14 2.93594e-17
#obs catch len freq
 4.79533e-11 4.44414e-09 2.42854e-07 7.82508e-06 0.00014867 0.00166555 0.0110042 0.04291 0.0991659 0.138795 0.13027 0.111755 0.112811 0.11004 0.0931055 0.0696938 0.0435831 0.0219 0.0090394 0.00307662 0.000831093 0.000169485 2.4912e-05 2.53564e-06 1.7291e-07
 6.20133e-11 5.5431e-09 2.92151e-07 9.07923e-06 0.000166373 0.00179772 0.0114567 0.0431086 0.0963284 0.1317 0.125838 0.117848 0.125327 0.118287 0.0931453 0.0652429 0.0392853 0.0193509 0.00778842 0.00253554 0.000644234 0.000122377 1.66542e-05 1.56198e-06 9.77749e-08
 4.82472e-11 4.15231e-09 2.10715e-07 6.30507e-06 0.000111245 0.00115748 0.0071059 0.0258128 0.0563169 0.0793315 0.0928069 0.122411 0.155816 0.155741 0.127555 0.089801 0.0512335 0.0230303 0.00845975 0.0025654 0.000613648 0.000109234 1.38034e-05 1.19372e-06 6.86121e-08
 2.06711e-11 1.71013e-09 8.34221e-08 2.39953e-06 4.06996e-05 0.0004072 0.00240717 0.00848203 0.0186194 0.0304764 0.0526969 0.0969804 0.146565 0.177369 0.180504 0.145036 0.0855495 0.0374965 0.0128938 0.00356106 0.000771836 0.000125593 1.46224e-05 1.16693e-06 6.17441e-08
 3.84802e-10 3.0555e-08 1.43059e-06 3.94941e-05 0.000642892 0.00617064 0.0349231 0.116546 0.229377 0.266458 0.183572 0.0774025 0.0251051 0.0145955 0.0154531 0.01392 0.00912191 0.00445362 0.00164967 0.000458559 9.40025e-05 1.39697e-05 1.46963e-06 1.06204e-07 5.11551e-09
 2.849e-10 2.16817e-08 9.72924e-07 2.57427e-05 0.000401629 0.00369514 0.0200574 0.0643924 0.12385 0.151902 0.148725 0.157886 0.157155 0.107902 0.0461494 0.0129314 0.00321411 0.0011135 0.000433919 0.000132375 2.84513e-05 4.19599e-06 4.18325e-07 2.78067e-08 1.2147e-09
 6.26925e-10 4.56646e-08 1.96124e-06 4.96673e-05 0.000741649 0.00653019 0.0339083 0.103901 0.188514 0.206128 0.147858 0.0929059 0.0718926 0.0606704 0.0457516 0.0269882 0.0108715 0.00277387 0.000451854 5.39419e-05 6.26719e-06 7.4991e-07 7.15726e-08 4.62146e-09 1.9196e-10
 7.99341e-10 5.56555e-08 2.28492e-06 5.53123e-05 0.000789525 0.00664552 0.032995 0.0967925 0.169213 0.183956 0.147677 0.122516 0.106001 0.0722897 0.0370001 0.0159027 0.00594103 0.00176963 0.000387349 5.9143e-05 6.10187e-06 4.30659e-07 2.24998e-08 9.52408e-10 3.19463e-11
 1.16709e-09 7.75842e-08 3.04108e-06 7.02862e-05 0.000957869 0.00769776 0.0364916 0.102227 0.170796 0.178111 0.138983 0.114512 0.100668 0.0740581 0.0441054 0.0213563 0.0076804 0.0019049 0.000330187 4.2928e-05 4.35657e-06 3.29781e-07 1.7268e-08 5.9825e-10 1.36573e-11
 1.68662e-09 1.06927e-07 3.99711e-06 8.81036e-05 0.00114508 0.00877631 0.0396836 0.106103 0.169736 0.171977 0.136356 0.117654 0.10331 0.0735118 0.0422831 0.0200002 0.00717458 0.00182372 0.000327493 4.23439e-05 3.95068e-06 2.63035e-07 1.23695e-08 4.04751e-10 8.96488e-12
 2.04534e-09 1.23534e-07 4.3994e-06 9.23828e-05 0.00114391 0.00835352 0.0360073 0.0920151 0.142519 0.147823 0.13711 0.14131 0.128814 0.0882565 0.0475624 0.0206512 0.00663213 0.0014593 0.000220024 2.39541e-05 1.96819e-06 1.20811e-07 5.29008e-09 1.58425e-10 3.16124e-12
 3.94331e-09 2.26675e-07 7.68305e-06 0.000153551 0.00180954 0.0125755 0.0515644 0.125083 0.181953 0.169316 0.12694 0.106336 0.0916804 0.0668058 0.0400154 0.0184542 0.00588603 0.00123114 0.000170751 1.64589e-05 1.15202e-06 5.91405e-08 2.18703e-09 5.68335e-11 1.01191e-12
 5.6418e-09 3.08381e-07 9.93905e-06 0.000188883 0.00211662 0.0139884 0.0545661 0.126164 0.17658 0.164476 0.134876 0.122394 0.0992857 0.0607702 0.029218 0.0113347 0.00327689 0.000655065 8.97482e-05 8.65049e-06 5.94909e-07 2.87954e-08 9.59285e-10 2.16748e-11 3.2929e-13
 8.49834e-09 4.4133e-07 1.35139e-05 0.000243999 0.00259778 0.0163118 0.0604638 0.132938 0.177515 0.15984 0.130117 0.117822 0.0954716 0.0602531 0.0304681 0.0119718 0.00329782 0.000596892 7.10693e-05 5.82322e-06 3.45481e-07 1.50546e-08 4.68743e-10 1.00249e-11 1.42739e-13
 1.18122e-08 5.82352e-07 1.69289e-05 0.000290179 0.00293305 0.0174868 0.0615814 0.129013 0.166455 0.152498 0.136435 0.130216 0.102123 0.0599924 0.0278483 0.0100678 0.00256441 0.000427892 4.62931e-05 3.3569e-06 1.70908e-07 6.26463e-09 1.63935e-10 2.99203e-12 3.7268e-14
 1.79317e-08 8.38698e-07 2.31301e-05 0.000376134 0.00360685 0.0204019 0.0681808 0.135696 0.167142 0.148659 0.131972 0.124648 0.0976995 0.0593378 0.0287494 0.0104684 0.00258455 0.000409679 4.17176e-05 2.82553e-06 1.32784e-07 4.4153e-09 1.02679e-10 1.63202e-12 1.7425e-14
 2.91144e-08 1.29109e-06 3.37595e-05 0.000520508 0.00473239 0.0253804 0.0804253 0.151817 0.177544 0.150321 0.127198 0.114211 0.0852316 0.049499 0.022931 0.00795992 0.00187712 0.00028702 2.8664e-05 1.93513e-06 9.09084e-08 2.97265e-09 6.62305e-11 9.84218e-13 9.63503e-15
 3.7307e-08 1.56778e-06 3.88481e-05 0.000567616 0.0048909 0.0248673 0.074824 0.135166 0.156547 0.145103 0.14362 0.135286 0.0965694 0.0517932 0.0219561 0.00700785 0.0015262 0.000215076 1.96666e-05 1.21006e-06 5.2117e-08 1.5904e-09 3.3739e-11 4.83536e-13 4.57456e-15
 6.45402e-08 2.56915e-06 6.03029e-05 0.00083461 0.00681189 0.0328016 0.0934082 0.159126 0.171096 0.141117 0.122881 0.110084 0.0817228 0.0484842 0.0224242 0.00734021 0.00157033 0.000214633 1.9109e-05 1.15082e-06 4.81959e-08 1.40191e-09 2.77436e-11 3.66214e-13 3.18545e-15
 9.50842e-08 3.5842e-06 7.96645e-05 0.00104409 0.00806997 0.0368083 0.0993921 0.16138 0.168973 0.143405 0.130502 0.11293 0.0757429 0.0393871 0.0162081 0.00491194 0.00101149 0.000138176 1.27478e-05 8.12263e-07 3.57313e-08 1.06276e-09 2.09084e-11 2.6852e-13 2.23486e-15
 1.45694e-07 5.19934e-06 0.000109407 0.00135751 0.0099337 0.0429008 0.10974 0.169171 0.169663 0.140754 0.125979 0.106003 0.0695495 0.0356641 0.0142424 0.00406207 0.00076487 9.30823e-05 7.50576e-06 4.19429e-07 1.67351e-08 4.73224e-10 9.18449e-12 1.18389e-13 9.889e-16
 2.25483e-07 7.61691e-06 0.000151717 0.00178195 0.0123434 0.0504662 0.122267 0.178868 0.171518 0.138181 0.120233 0.0971687 0.0612697 0.0303058 0.0116248 0.0031692 0.000571958 6.73202e-05 5.28969e-06 2.86111e-07 1.0767e-08 2.78268e-10 4.84447e-12 5.60474e-14 4.26842e-16
 3.0787e-07 9.8438e-06 0.000185588 0.00206326 0.0135295 0.0523911 0.120511 0.169238 0.16238 0.141221 0.130786 0.103801 0.0619255 0.0286405 0.010234 0.00259679 0.000435693 4.75805e-05 3.46589e-06 1.74407e-07 6.15653e-09 1.50427e-10 2.4798e-12 2.6982e-14 1.90766e-16
 4.45552e-07 1.34842e-05 0.000240627 0.00253213 0.0157175 0.0576332 0.125725 0.168578 0.158083 0.13911 0.129238 0.101366 0.0606298 0.0283224 0.0099765 0.00241567 0.00037793 3.78209e-05 2.4846e-06 1.11473e-07 3.50462e-09 7.69046e-11 1.15149e-12 1.14943e-14 7.51376e-17
 6.86002e-07 1.96519e-05 0.000331955 0.00330658 0.0194287 0.0674466 0.13937 0.177397 0.158965 0.13473 0.120312 0.090952 0.0530379 0.0242168 0.00824945 0.00191703 0.00028885 2.81819e-05 1.82852e-06 8.10956e-08 2.47351e-09 5.10996e-11 7.01096e-13 6.3064e-15 3.69165e-17
 9.30222e-07 2.52267e-05 0.000403397 0.00380406 0.0211646 0.0696318 0.136919 0.16874 0.15444 0.14087 0.128542 0.0934672 0.0513107 0.0219249 0.00699132 0.00152617 0.000217243 2.0184e-05 1.25886e-06 5.40947e-08 1.60509e-09 3.22676e-11 4.29554e-13 3.72252e-15 2.07482e-17
 1.4202e-06 3.64644e-05 0.000552061 0.00492889 0.0259638 0.0808817 0.150623 0.175919 0.152809 0.132744 0.116743 0.0839308 0.0467779 0.0202295 0.00633753 0.00132601 0.000179054 1.57584e-05 9.32629e-07 3.80791e-08 1.0736e-09 2.05086e-11 2.59684e-13 2.14385e-15 1.13968e-17
 1.87324e-06 4.55424e-05 0.000652894 0.00552006 0.0275449 0.0814032 0.14477 0.165829 0.151287 0.142673 0.126187 0.0858492 0.0442639 0.0176654 0.00515139 0.00101431 0.00013031 1.10286e-05 6.32083e-07 2.49627e-08 6.75061e-10 1.22496e-11 1.46322e-13 1.1353e-15 5.66305e-18
#spawning biomass
 32042.9 32299.8 23265.2 14630.8 27095.7 44388.2 68978.7 96735 139037 169751 180647 207206 213978 243739 219942 232183 220370 210569 229525 191215 229932 246242 229046 222468 254195 242729 256514 271544 343280 464262 177641 66357.7 31162.7 21249.4 18658.2 18014.7 17860.6 17824.6 17816.4 17814.5 17814.1 17814 17814 17814 17814 17814 17814 17814 17814 17814 17814 17814 17814 17814 17814 17814 17814 17814 17814 17814 17814 17814 17814 17814 17814 17814 17814 17814 17814 17814 17814 17814 17814 17814 17814 17814 17814 17814 17814 17814 17814 17814 17814 17814 17814 17814 17814 17814 17814 17814 17814 17814 17814 17814 17814 17814 17814 17814 17814 17814 17814 17814 17814 17814 17814 17814 17814 17814 17814 17814 17814 17814 17814 17814 17814 17814 17814 17814 17814 17814 17814 17814 17814 17814 17814 17814 17814 17814 0 0 0 0 0 0 0 0 0 0 0 0 0 0 0 0 0 0 0 0 0 0 0 0 0
