SBPRF35
8.81375
Curr Bio
109721
B35
7.04098e+06
F35
0.0493247
FOFL
0
OFL
0
Bzero
2.51822e+06
#pred survey bio
 9000.24 7241.32 5351.04 6015.02 8802.51 15047.8 21336.8 26358.3 37973.8 53692.2 73152.8 87642.6 105335 124746 124714 132025 139733 138911 130155 125689 129479 137000 132521 134746 162638 131363 143858 124250 132453 3.56427e+06 6.51535e+06 9.81103e+06 1.28236e+07 1.53711e+07 1.74036e+07 1.89524e+07 2.00858e+07 2.08814e+07 2.14133e+07 2.17449e+07 2.19286e+07 2.20053e+07 2.20067e+07 2.19156e+07 2.16878e+07 2.148e+07 2.12905e+07 2.11175e+07 2.09595e+07 2.08153e+07 2.06836e+07 2.05634e+07 2.04536e+07 2.03535e+07 2.02623e+07 2.0179e+07 2.01032e+07 2.00342e+07 1.99714e+07 1.99143e+07 1.98625e+07 1.98154e+07 1.97727e+07 1.9734e+07 1.96991e+07 1.96675e+07 1.9639e+07 1.96133e+07 1.95902e+07 1.95694e+07 1.95509e+07 1.95343e+07 1.95194e+07 1.95063e+07 1.94946e+07 1.94843e+07 1.94753e+07 1.94673e+07 1.94604e+07 1.94545e+07 1.94494e+07 1.9445e+07 1.94414e+07 1.94384e+07 1.94359e+07 1.9434e+07 1.94325e+07 1.94315e+07 1.94308e+07 1.94305e+07 1.94305e+07 1.94307e+07 1.94312e+07 1.94318e+07 1.94327e+07 1.94337e+07 1.94349e+07 1.94362e+07 1.94376e+07 1.94391e+07 1.94407e+07 1.94424e+07 1.94441e+07 1.94458e+07 1.94476e+07 1.94494e+07 1.94513e+07 1.94531e+07 1.9455e+07 1.94568e+07 1.94587e+07 1.94605e+07 1.94623e+07 1.94642e+07 1.9466e+07 1.94677e+07 1.94695e+07 1.94712e+07 1.94729e+07 1.94746e+07 1.94762e+07 1.94779e+07 1.94794e+07 1.9481e+07 1.94825e+07 1.9484e+07 1.94855e+07 1.94869e+07 1.94883e+07 0 0 0 0 0 0 0 0 0 0 0 0 0 0 0 0 0 0 0 0 0 0 0 0 0
#obs survey bio
 9132.22 5579.38 5257.39 7333.58 16655.1 17541.7 32683 39459.6 44301.7 63723.8 98855.6 97657.2 94357.8 180730 102924 94380.6 124925 140720 174003 140343 119794 147160 122685 89632.5 164826 103322 134288 126857 128994
#pred catch bio
 5069.17 4435.22 2914.98 2958.94 4638.66 10251.1 15906.8 18443.8 27418.7 38768.8 55782.9 67667.9 79630.1 100398 98541 104095 112193 114894 107251 103936 106050 116033 112456 110980 147390 111391 129095 108461 110376 0 14390.4 22055.1 29043 34969.8 39692.5 43271.3 45861.1 47644.4 48797.1 49472.1 49795 49865.3 49759.1 49442 48818.2 48243.5 47714.2 47226.6 46777.4 46363.6 45982.4 45631.3 45307.9 45009.9 44735.4 44482.6 44249.7 44035.1 43837.5 43655.4 43487.7 43333.2 43190.9 43059.8 42939 42827.8 42725.3 42630.9 42543.9 42463.8 42390 42322.1 42259.5 42201.8 42148.6 42099.7 42054.6 42013.1 41974.8 41939.5 41907.1 41877.2 41849.6 41824.2 41800.9 41779.3 41759.5 41741.2 41724.4 41708.9 41694.6 41681.4 41669.3 41658.1 41647.8 41638.4 41629.6 41621.6 41614.2 41607.4 41601.1 41595.3 41589.9 41585 41580.5 41576.3 41572.5 41569 41565.7 41562.7 41559.9 41557.4 41555 41552.9 41550.9 41549 41547.4 41545.8 41544.4 41543 41541.8 41540.7 41539.7 41538.7 41537.8 41537 41536.3 41535.6 41535 0 0 0 0 0 0 0 0 0 0 0 0 0 0 0 0 0 0 0 0 0 0 0 0 0
#obs catch bio
 4140.15 4382.61 3486.14 2631.82 3689.51 7891.81 11891.7 13701.3 22639.7 31778.8 44410.7 57074.7 65455.7 84069.8 93808.2 101239 99616.9 93321.7 90623 84983.5 90712 94050.1 97320 97520.5 140446 97430.8 112152 86934.8 92132.4
#pred cpue bio
 7888.42 6690.97 4507.95 4266.62 6191.95 8842.82 12359.6 14554.2 20871.7 28233.3 40168.3 47658.4 55395.8 70677.6 68830.7 73359.8 78030 77930.6 69934.6 67186.1 64320.3 69688.4 64815.5 62956.8 72489.9 57949.1 64250.5 54140 54132.5 1.68154e+06 6.36176e+06 9.68849e+06 1.26999e+07 1.52474e+07 1.72799e+07 1.88287e+07 1.9962e+07 2.07577e+07 2.12895e+07 2.16212e+07 2.18049e+07 2.18816e+07 2.1883e+07 2.17918e+07 2.1564e+07 2.13563e+07 2.11668e+07 2.09938e+07 2.08358e+07 2.06915e+07 2.05599e+07 2.04396e+07 2.03299e+07 2.02298e+07 2.01385e+07 2.00553e+07 1.99795e+07 1.99105e+07 1.98477e+07 1.97906e+07 1.97387e+07 1.96916e+07 1.9649e+07 1.96103e+07 1.95753e+07 1.95437e+07 1.95152e+07 1.94895e+07 1.94664e+07 1.94457e+07 1.94271e+07 1.94105e+07 1.93957e+07 1.93825e+07 1.93709e+07 1.93606e+07 1.93515e+07 1.93436e+07 1.93367e+07 1.93307e+07 1.93256e+07 1.93213e+07 1.93176e+07 1.93146e+07 1.93122e+07 1.93103e+07 1.93088e+07 1.93078e+07 1.93071e+07 1.93067e+07 1.93067e+07 1.93069e+07 1.93074e+07 1.93081e+07 1.9309e+07 1.931e+07 1.93112e+07 1.93125e+07 1.93139e+07 1.93154e+07 1.9317e+07 1.93186e+07 1.93203e+07 1.93221e+07 1.93239e+07 1.93257e+07 1.93275e+07 1.93294e+07 1.93312e+07 1.93331e+07 1.93349e+07 1.93368e+07 1.93386e+07 1.93404e+07 1.93422e+07 1.9344e+07 1.93458e+07 1.93475e+07 1.93492e+07 1.93509e+07 1.93525e+07 1.93541e+07 1.93557e+07 1.93573e+07 1.93588e+07 1.93603e+07 1.93617e+07 1.93631e+07 1.93645e+07 0 0 0 0 0 0 0 0 0 0 0 0 0 0 0 0 0 0 0 0 0 0 0 0 0
#obs cpue bio
 6994.92 6578.79 4055.34 6169.99 8298.22 13990.1 26474.9 26129.9 39002.5 51190 77893.8 87079.3 111065 121029 84355.4 110274 163143 183550 105092 134267 122160 156769 121668 137698 105002 110766 134604 125298 109322
#pred surv len freq
 7.70112e-12 8.3625e-10 5.35375e-08 2.02078e-06 4.49699e-05 0.00059005 0.00456581 0.0208601 0.0566059 0.0939322 0.107898 0.116681 0.136666 0.136374 0.108229 0.0782631 0.0536181 0.0334586 0.0198918 0.0119223 0.00748046 0.00511096 0.0037539 0.00261065 0.0014412
 5.17127e-12 5.61538e-10 3.59502e-08 1.35695e-06 3.01974e-05 0.000396238 0.00306677 0.0140273 0.0382831 0.0652834 0.0830282 0.108453 0.143765 0.149829 0.122654 0.0931407 0.0685393 0.0463364 0.0284487 0.0159382 0.00851332 0.00470755 0.00285147 0.00176926 0.000937585
 9.97417e-12 1.08308e-09 6.93395e-08 2.61722e-06 5.82426e-05 0.000764175 0.00591215 0.026987 0.0729004 0.118311 0.123756 0.105978 0.101248 0.0995822 0.0899962 0.0785186 0.0634549 0.0459628 0.0304077 0.018106 0.00955166 0.00461321 0.0022268 0.00112809 0.000534717
 1.3916e-11 1.51111e-09 9.67424e-08 3.65154e-06 8.12599e-05 0.00106617 0.00824818 0.0376419 0.101568 0.163906 0.167048 0.131292 0.109196 0.0911849 0.0624701 0.0393106 0.0280061 0.0217619 0.0160499 0.0104554 0.00590184 0.00287099 0.00123554 0.000503939 0.0001969
 1.30428e-11 1.41629e-09 9.06723e-08 3.42243e-06 7.61614e-05 0.000999282 0.00773116 0.035292 0.0953594 0.154954 0.162925 0.140932 0.131891 0.113846 0.0732414 0.0377186 0.0190512 0.0104057 0.00640545 0.00425407 0.0026339 0.0013838 0.000602539 0.000222 7.18033e-05
 1.58547e-11 1.72163e-09 1.1022e-07 4.16026e-06 9.25807e-05 0.00121469 0.00939707 0.042881 0.11565 0.18619 0.187679 0.142052 0.111323 0.0888526 0.0569638 0.0300222 0.0148846 0.00691904 0.0030349 0.00141744 0.000748582 0.0003996 0.000184929 6.88958e-05 2.04925e-05
 1.52575e-11 1.65679e-09 1.06069e-07 4.00358e-06 8.9094e-05 0.00116896 0.0090436 0.0412764 0.111436 0.180326 0.186075 0.151902 0.13127 0.105288 0.0581156 0.0195887 0.00392051 0.000463265 3.22894e-05 1.32945e-06 3.32848e-08 9.17209e-10 1.95369e-10 7.19643e-11 2.14226e-11
 1.58885e-11 1.7253e-09 1.10456e-07 4.16915e-06 9.27784e-05 0.00121729 0.0094174 0.0429788 0.115982 0.187274 0.191341 0.151347 0.125354 0.0985433 0.0541176 0.0182219 0.00364618 0.000430817 3.0021e-05 1.23345e-06 2.98788e-08 4.26721e-10 3.59305e-12 1.78369e-14 5.22058e-17
 1.59461e-11 1.73156e-09 1.10856e-07 4.18425e-06 9.31146e-05 0.00122171 0.00945151 0.0431341 0.116396 0.187908 0.191822 0.151296 0.124815 0.0979279 0.0537528 0.0180972 0.00362115 0.000427858 2.98148e-05 1.22498e-06 2.96736e-08 4.23791e-10 3.56843e-12 1.77157e-14 5.18605e-17
 1.64748e-11 1.78897e-09 1.14531e-07 4.32299e-06 9.62019e-05 0.00126221 0.00976473 0.0445606 0.120205 0.193731 0.196234 0.150831 0.119858 0.0922768 0.0504028 0.016952 0.00339131 0.000400685 2.79211e-05 1.14717e-06 2.77887e-08 3.96871e-10 3.34171e-12 1.65892e-14 4.85539e-17
 1.59582e-11 1.73287e-09 1.1094e-07 4.18742e-06 9.31851e-05 0.00122263 0.00945866 0.0431667 0.116483 0.188041 0.191922 0.151286 0.124701 0.097799 0.0536764 0.0180711 0.0036159 0.000427238 2.97716e-05 1.2232e-06 2.96306e-08 4.23175e-10 3.56319e-12 1.76887e-14 5.17718e-17
 1.60781e-11 1.74589e-09 1.11773e-07 4.21888e-06 9.38853e-05 0.00123182 0.0095297 0.0434902 0.117347 0.189362 0.192923 0.15118 0.123577 0.0965173 0.0529166 0.0178114 0.00356378 0.000421075 2.93421e-05 1.20556e-06 2.92031e-08 4.1707e-10 3.51179e-12 1.74335e-14 5.10249e-17
 1.64734e-11 1.78881e-09 1.14521e-07 4.3226e-06 9.61934e-05 0.0012621 0.00976387 0.0445567 0.120195 0.193715 0.196222 0.150833 0.119871 0.0922924 0.0504121 0.0169552 0.00339194 0.00040076 2.79263e-05 1.14739e-06 2.7794e-08 3.96945e-10 3.34233e-12 1.65923e-14 4.85628e-17
 1.55568e-11 1.68928e-09 1.08149e-07 4.08209e-06 9.08412e-05 0.00119188 0.00922086 0.0420837 0.113592 0.183621 0.188572 0.151639 0.128465 0.102089 0.0562197 0.0189405 0.0037904 0.000447867 3.12093e-05 1.28228e-06 3.10615e-08 4.43611e-10 3.73527e-12 1.8543e-14 5.4272e-17
 1.58944e-11 1.72595e-09 1.10497e-07 4.1707e-06 9.2813e-05 0.00121775 0.00942091 0.0429947 0.116024 0.187339 0.191391 0.151342 0.125299 0.0984801 0.0540802 0.0182091 0.00364361 0.000430513 2.99998e-05 1.23258e-06 2.98577e-08 4.26419e-10 3.59051e-12 1.78243e-14 5.21687e-17
 1.58091e-11 1.71668e-09 1.09903e-07 4.1483e-06 9.23146e-05 0.00121121 0.00937034 0.0427645 0.115409 0.186399 0.190678 0.151417 0.126099 0.0993924 0.054621 0.018394 0.00368071 0.0004349 3.03055e-05 1.24514e-06 3.0162e-08 4.30765e-10 3.6271e-12 1.8006e-14 5.27003e-17
 1.57455e-11 1.70977e-09 1.09461e-07 4.1316e-06 9.1943e-05 0.00120633 0.00933265 0.0425928 0.114951 0.185699 0.190147 0.151473 0.126696 0.100073 0.0550241 0.0185318 0.00370837 0.00043817 3.05334e-05 1.25451e-06 3.03888e-08 4.34004e-10 3.65438e-12 1.81414e-14 5.30966e-17
 1.56858e-11 1.70329e-09 1.09046e-07 4.11596e-06 9.15948e-05 0.00120177 0.00929732 0.0424319 0.114521 0.185042 0.18965 0.151525 0.127255 0.10071 0.0554019 0.018661 0.00373429 0.000441234 3.0747e-05 1.26328e-06 3.06014e-08 4.3704e-10 3.67994e-12 1.82683e-14 5.3468e-17
 1.62223e-11 1.76155e-09 1.12776e-07 4.25673e-06 9.47276e-05 0.00124287 0.00961515 0.0438794 0.118386 0.19095 0.194127 0.151053 0.122225 0.0949755 0.0520026 0.0174989 0.00350107 0.000413661 2.88254e-05 1.18433e-06 2.86888e-08 4.09726e-10 3.44995e-12 1.71266e-14 5.01264e-17
 1.62838e-11 1.76822e-09 1.13203e-07 4.27286e-06 9.50864e-05 0.00124757 0.00965156 0.0440452 0.118829 0.191627 0.19464 0.150999 0.121649 0.0943186 0.0516132 0.0173658 0.00347435 0.000410503 2.86053e-05 1.17528e-06 2.84698e-08 4.06597e-10 3.4236e-12 1.69958e-14 4.97436e-17
 1.70933e-11 1.85613e-09 1.18831e-07 4.48528e-06 9.98135e-05 0.00130959 0.0101311 0.0462294 0.124661 0.200542 0.201396 0.150287 0.114059 0.0856659 0.0464839 0.0156123 0.00312243 0.000368897 2.57057e-05 1.05615e-06 2.55838e-08 3.65381e-10 3.07656e-12 1.52729e-14 4.47012e-17
 1.68435e-11 1.829e-09 1.17094e-07 4.41972e-06 9.83546e-05 0.00129045 0.00998313 0.0455553 0.122861 0.19779 0.199311 0.150507 0.116401 0.0883364 0.048067 0.0161535 0.00323105 0.000381738 2.66006e-05 1.09292e-06 2.64745e-08 3.78102e-10 3.18367e-12 1.58047e-14 4.62574e-17
 1.72517e-11 1.87332e-09 1.19932e-07 4.52683e-06 0.000100738 0.00132172 0.0102249 0.0466566 0.125802 0.202286 0.202718 0.150148 0.112574 0.0839735 0.0454806 0.0152693 0.0030536 0.00036076 2.51386e-05 1.03285e-06 2.50194e-08 3.5732e-10 3.00868e-12 1.4936e-14 4.37149e-17
 1.76928e-11 1.92123e-09 1.22999e-07 4.64258e-06 0.000103314 0.00135552 0.0104863 0.0478468 0.12898 0.207143 0.206399 0.14976 0.108438 0.0792584 0.0426855 0.0143138 0.00286183 0.000338088 2.35586e-05 9.67928e-07 2.34468e-08 3.3486e-10 2.81957e-12 1.39972e-14 4.09672e-17
 1.81122e-11 1.96677e-09 1.25915e-07 4.75264e-06 0.000105763 0.00138765 0.0107348 0.0489785 0.132001 0.211762 0.2099 0.149391 0.104506 0.0747754 0.0400279 0.0134053 0.0026795 0.000316532 2.20563e-05 9.06203e-07 2.19516e-08 3.13506e-10 2.63976e-12 1.31046e-14 3.83547e-17
 1.81997e-11 1.97627e-09 1.26522e-07 4.77558e-06 0.000106274 0.00139434 0.0107866 0.0492144 0.132631 0.212725 0.21063 0.149315 0.103686 0.0738409 0.039474 0.0132159 0.00264149 0.000312038 2.17431e-05 8.93337e-07 2.16399e-08 3.09055e-10 2.60228e-12 1.29185e-14 3.78101e-17
 1.80947e-11 1.96487e-09 1.25793e-07 4.74805e-06 0.000105661 0.00138631 0.0107244 0.0489313 0.131875 0.21157 0.209754 0.149407 0.10467 0.0749623 0.0401388 0.0134432 0.0026871 0.000317431 2.21189e-05 9.08777e-07 2.20139e-08 3.14397e-10 2.64726e-12 1.31418e-14 3.84637e-17
 1.83021e-11 1.98739e-09 1.27234e-07 4.80246e-06 0.000106872 0.00140219 0.0108472 0.0494907 0.133369 0.213853 0.211484 0.149224 0.102726 0.0727461 0.038825 0.012994 0.00259697 0.000306774 2.13762e-05 8.78263e-07 2.12748e-08 3.0384e-10 2.55837e-12 1.27005e-14 3.71721e-17
 1.88023e-11 2.04171e-09 1.30712e-07 4.93372e-06 0.000109793 0.00144051 0.0111436 0.0508403 0.136973 0.219362 0.215659 0.148785 0.0980359 0.0673995 0.0356555 0.0119106 0.00237952 0.000281066 1.95846e-05 8.04649e-07 1.94915e-08 2.78373e-10 2.34393e-12 1.1636e-14 3.40564e-17
#obs surv len freq
 2.30012e-11 2.2222e-09 1.26577e-07 4.25077e-06 8.41629e-05 0.000982486 0.0067632 0.0274763 0.0661742 0.0967444 0.0959992 0.0898086 0.100171 0.108386 0.105611 0.0961653 0.0785726 0.0566509 0.0364625 0.0204445 0.00935702 0.00322425 0.000778981 0.00012531 1.2961e-05
 5.21231e-12 4.85711e-10 2.66849e-08 8.64364e-07 1.6508e-05 0.000185946 0.00123723 0.00490373 0.0120864 0.0221465 0.0428269 0.086869 0.136955 0.15939 0.155267 0.135391 0.102094 0.0673283 0.0401004 0.0208769 0.008813 0.00279086 0.00062001 9.17978e-05 8.7393e-06
 9.24914e-11 8.2987e-09 4.38993e-07 1.36913e-05 0.000251749 0.00272917 0.0174437 0.0657375 0.14611 0.191845 0.150309 0.0754979 0.038863 0.0460665 0.0672559 0.0725887 0.0568427 0.0355354 0.0192288 0.00901481 0.00344451 0.000991469 0.000200607 2.71007e-05 2.35863e-06
 1.07156e-10 9.24219e-09 4.69972e-07 1.40899e-05 0.000249051 0.00259551 0.0159514 0.05787 0.124609 0.163817 0.149303 0.130817 0.125643 0.0973896 0.0536734 0.0278932 0.0200374 0.0151435 0.00903353 0.00409728 0.00142049 0.000365914 6.65016e-05 8.11463e-06 6.40553e-07
 1.35237e-10 1.11953e-08 5.46403e-07 1.57228e-05 0.00026674 0.00266812 0.0157387 0.0548091 0.113338 0.143431 0.127264 0.112423 0.116453 0.112045 0.0916821 0.0612351 0.0304686 0.0116129 0.00423547 0.00162619 0.000534412 0.000127904 2.10244e-05 2.30081e-06 1.63154e-07
 2.18142e-10 1.73071e-08 8.09564e-07 2.23262e-05 0.000363013 0.00348005 0.0196738 0.0656555 0.130038 0.157198 0.13176 0.108005 0.104972 0.0973808 0.0793232 0.0551763 0.0299204 0.0120885 0.0037323 0.000947852 0.000213889 4.14678e-05 6.05913e-06 6.01476e-07 3.8569e-08
 2.93187e-10 2.22631e-08 9.96699e-07 2.63077e-05 0.000409398 0.00375643 0.0203282 0.0649806 0.123702 0.146179 0.127515 0.117498 0.119632 0.105783 0.0791837 0.0507681 0.0259698 0.0102237 0.00313744 0.000749058 0.000136966 1.92218e-05 2.07338e-06 1.65472e-07 9.13753e-09
 4.22868e-10 3.0693e-08 1.31345e-06 3.3138e-05 0.00049293 0.00432329 0.0223643 0.0683526 0.124554 0.141665 0.121288 0.112581 0.116372 0.107139 0.0847243 0.0551608 0.0272279 0.010058 0.00288599 0.000649886 0.00011105 1.38166e-05 1.21846e-06 7.51192e-08 3.19986e-09
 6.49714e-10 4.50223e-08 1.83938e-06 4.43052e-05 0.000629193 0.00526852 0.0260213 0.0759544 0.132374 0.144969 0.122109 0.113409 0.115001 0.102635 0.0784378 0.0490806 0.0231773 0.00814597 0.00219926 0.000460226 7.26105e-05 8.30653e-06 6.64597e-07 3.60941e-08 1.3017e-09
 9.49404e-10 6.27385e-08 2.44431e-06 5.61459e-05 0.000760375 0.00607189 0.0286029 0.0796822 0.132977 0.141599 0.121376 0.117726 0.119192 0.103403 0.0758914 0.0448265 0.0196297 0.00630904 0.00155005 0.000296393 4.28951e-05 4.4974e-06 3.28724e-07 1.62385e-08 5.28794e-10
 1.30642e-09 8.22399e-08 3.05227e-06 6.67887e-05 0.000861658 0.00655497 0.0294232 0.0781912 0.125179 0.13112 0.118043 0.12283 0.126585 0.109924 0.0799317 0.0455423 0.0187401 0.00553678 0.00122723 0.000209579 2.70922e-05 2.55093e-06 1.68404e-07 7.54093e-09 2.22866e-10
 2.21624e-09 1.32772e-07 4.68959e-06 9.7657e-05 0.00119901 0.0086804 0.0370778 0.0937324 0.142493 0.140594 0.117051 0.113566 0.114145 0.0997655 0.0722771 0.0394688 0.014994 0.00396048 0.000766343 0.000113468 1.2791e-05 1.05801e-06 6.17381e-08 2.45857e-09 6.50073e-11
 2.63468e-09 1.50074e-07 5.03989e-06 9.97885e-05 0.00116493 0.00802017 0.0326019 0.0787327 0.116508 0.120785 0.122084 0.138291 0.137923 0.11149 0.0745855 0.0386789 0.0143877 0.00379842 0.000729874 0.000103092 1.05492e-05 7.66773e-07 3.88941e-08 1.34944e-09 3.12974e-11
 4.11996e-09 2.22939e-07 7.11243e-06 0.000133781 0.00148364 0.0097033 0.0374668 0.0859032 0.120386 0.117161 0.110777 0.123159 0.130582 0.117686 0.0840756 0.0427597 0.0146276 0.0034249 0.000581233 7.44452e-05 7.10637e-06 4.84224e-07 2.26448e-08 7.07866e-10 1.4535e-11
 5.39594e-09 2.77166e-07 8.39368e-06 0.000149869 0.00157777 0.00979742 0.0359516 0.0787025 0.107663 0.110489 0.120058 0.140649 0.141509 0.117642 0.0790167 0.0391952 0.0136013 0.0033237 0.000583996 7.37281e-05 6.57479e-06 4.07586e-07 1.73221e-08 4.95667e-10 9.34495e-12
 8.41061e-09 4.09804e-07 1.17724e-05 0.000199389 0.00199119 0.011729 0.0408281 0.0847934 0.110082 0.107458 0.112573 0.131717 0.138619 0.121843 0.0826295 0.0393215 0.0127465 0.002906 0.000486799 6.03008e-05 5.34591e-06 3.25955e-07 1.32752e-08 3.54385e-10 6.12261e-12
 1.37702e-08 6.36066e-07 1.73222e-05 0.000278133 0.0026332 0.0147057 0.0485516 0.0958127 0.119161 0.114148 0.118922 0.133675 0.131514 0.107681 0.0688579 0.0314455 0.00995059 0.00223373 0.000365349 4.34088e-05 3.65576e-06 2.12392e-07 8.30474e-09 2.13537e-10 3.53779e-12
 1.9098e-08 8.35867e-07 2.15689e-05 0.000328148 0.00294384 0.015582 0.0488122 0.0918927 0.111641 0.11152 0.124913 0.141643 0.135773 0.107552 0.0663679 0.0294115 0.00916327 0.00205414 0.000336289 3.95652e-05 3.24625e-06 1.80898e-07 6.70581e-09 1.62483e-10 2.53419e-12
 2.87947e-08 1.19362e-06 2.91718e-05 0.00042035 0.00357168 0.017908 0.053168 0.0951059 0.110972 0.109423 0.122919 0.139539 0.135467 0.107963 0.065238 0.0278171 0.0083266 0.00180662 0.00028862 3.32813e-05 2.67476e-06 1.45233e-07 5.20106e-09 1.20561e-10 1.78258e-12
 4.67823e-08 1.8361e-06 4.24868e-05 0.000579651 0.00466338 0.0221407 0.062276 0.105771 0.118222 0.113819 0.125 0.136533 0.126963 0.096782 0.0559389 0.0229472 0.00666603 0.00140907 0.000218384 2.42713e-05 1.87379e-06 9.76826e-08 3.35792e-09 7.46102e-11 1.05433e-12
 6.6932e-08 2.48661e-06 5.44658e-05 0.000703399 0.00535717 0.0240874 0.0642803 0.104479 0.115591 0.117499 0.134675 0.143661 0.126679 0.0903982 0.0484025 0.0182189 0.00482703 0.000934243 0.00013447 1.40818e-05 1.03173e-06 5.1083e-08 1.66486e-09 3.50119e-11 4.67829e-13
 9.39307e-08 3.30274e-06 6.84675e-05 0.000836881 0.00603296 0.0256847 0.0650143 0.101035 0.110073 0.115621 0.136092 0.146153 0.130031 0.0923747 0.0481662 0.0174546 0.00442765 0.000811427 0.000108717 1.04661e-05 7.03599e-07 3.21381e-08 9.73002e-10 1.9103e-11 2.3887e-13
 1.41944e-07 4.7233e-06 9.2666e-05 0.00107194 0.00731364 0.029479 0.0707506 0.104944 0.11164 0.118024 0.138244 0.145537 0.126327 0.0861373 0.0422615 0.0142135 0.00332179 0.000560564 6.94361e-05 6.19242e-06 3.84435e-07 1.61254e-08 4.46537e-10 8.01351e-12 9.17919e-14
 2.0287e-07 6.38864e-06 0.000118617 0.00129858 0.00838609 0.0320118 0.0729551 0.103966 0.110291 0.120723 0.141902 0.145704 0.123148 0.0821293 0.0399002 0.013571 0.00325653 0.000558441 6.79129e-05 5.73846e-06 3.30355e-07 1.27379e-08 3.23369e-10 5.31291e-12 5.56354e-14
 2.78685e-07 8.30592e-06 0.000145953 0.00151231 0.00924518 0.0334373 0.0724976 0.100026 0.108052 0.124904 0.14873 0.150366 0.123518 0.0782593 0.0353387 0.0110543 0.00245438 0.000398286 4.69804e-05 3.89103e-06 2.18056e-07 8.04701e-09 1.92006e-10 2.92421e-12 2.81464e-14
 4.1637e-07 1.17456e-05 0.000195355 0.00191596 0.0110876 0.0379768 0.078134 0.103124 0.108864 0.124841 0.146821 0.147485 0.120276 0.0744936 0.0325179 0.00980601 0.0020899 0.000321755 3.559e-05 2.75827e-06 1.45606e-07 5.10346e-09 1.16135e-10 1.68419e-12 1.53438e-14
 5.98231e-07 1.59749e-05 0.000251517 0.00233522 0.0127961 0.0415454 0.0814161 0.104337 0.111795 0.131293 0.15104 0.145049 0.112726 0.0668048 0.0281998 0.00834026 0.00175836 0.000266407 2.85343e-05 2.1035e-06 1.04199e-07 3.40134e-09 7.19419e-11 9.71431e-13 8.268e-15
 7.68918e-07 1.94393e-05 0.000289766 0.00254734 0.0132223 0.0407489 0.0765014 0.097252 0.110665 0.138069 0.159425 0.150402 0.113247 0.0637828 0.0252459 0.00697696 0.00138287 0.000199293 2.0498e-05 1.45412e-06 6.89714e-08 2.13681e-09 4.24945e-11 5.35324e-13 4.22794e-15
 9.4056e-07 2.25151e-05 0.000317791 0.0026457 0.0130135 0.0381154 0.068879 0.0881078 0.107936 0.142744 0.167473 0.158941 0.117955 0.0634074 0.0233412 0.00589273 0.00105632 0.000137806 1.29602e-05 8.51284e-07 3.77706e-08 1.10142e-09 2.06621e-11 2.45283e-13 1.81991e-15
#pred catch len freq
 3.327e-13 3.61274e-11 2.31295e-09 8.73099e-08 1.94383e-06 2.55624e-05 0.000200069 0.000966858 0.00334755 0.0113675 0.0396474 0.104447 0.176494 0.192926 0.155919 0.113138 0.0775684 0.0484105 0.0287805 0.0172494 0.0108227 0.00739452 0.00543113 0.00377707 0.00208512
 1.99673e-13 2.16822e-11 1.38815e-09 5.24032e-08 1.167e-06 1.53676e-05 0.000121103 0.000604273 0.00233882 0.00949468 0.0365926 0.0991175 0.168875 0.186394 0.154324 0.11746 0.0864826 0.0584723 0.0358989 0.0201117 0.0107425 0.00594019 0.0035981 0.00223252 0.00118308
 4.98151e-13 5.40933e-11 3.46313e-09 1.30722e-07 2.90968e-06 3.82197e-05 0.000297397 0.00139723 0.0043195 0.0114098 0.0325556 0.080692 0.137204 0.159535 0.148982 0.130617 0.105626 0.0765134 0.0506178 0.0301392 0.0158996 0.00767908 0.0037067 0.00187781 0.000890083
 9.91753e-13 1.07693e-10 6.89462e-09 2.60246e-07 5.79232e-06 7.60593e-05 0.000590851 0.00275311 0.00820645 0.019522 0.0493885 0.115395 0.187013 0.193741 0.139175 0.0883475 0.0630305 0.048986 0.036128 0.0235347 0.0132847 0.00646244 0.00278113 0.00113434 0.00044321
 9.2579e-13 1.0053e-10 6.43606e-09 2.42939e-07 5.40739e-06 7.10223e-05 0.000552415 0.00259008 0.0079364 0.020456 0.0567535 0.137619 0.223712 0.227016 0.1512 0.0783832 0.0396394 0.0216557 0.0133305 0.008853 0.00548128 0.00287976 0.00125391 0.000461992 0.000149426
 7.40433e-12 8.04022e-10 5.14743e-08 1.9429e-06 4.32371e-05 0.000567331 0.00439066 0.0200752 0.0546852 0.0924225 0.113787 0.140193 0.176254 0.169159 0.113129 0.0600097 0.0297398 0.0138151 0.0060581 0.00282917 0.00149411 0.000797568 0.000369102 0.00013751 4.09013e-05
 9.70372e-12 1.05371e-09 6.74594e-08 2.54626e-06 5.6664e-05 0.000743495 0.00575341 0.0262918 0.0714259 0.119165 0.139724 0.156785 0.18334 0.164649 0.0933054 0.0316185 0.00633485 0.00074871 5.21868e-05 2.14868e-06 5.3787e-08 1.47879e-09 3.14241e-10 1.1574e-10 3.44537e-11
 9.347e-12 1.01497e-09 6.49795e-08 2.45266e-06 5.4581e-05 0.000716167 0.00554208 0.0253294 0.0688561 0.115237 0.136747 0.157099 0.186685 0.168462 0.0955657 0.0323912 0.00648987 0.000767012 5.34511e-05 2.19613e-06 5.31985e-08 7.59766e-10 6.39734e-12 3.17583e-14 9.29512e-17
 1.02673e-11 1.1149e-09 7.13771e-08 2.69413e-06 5.99546e-05 0.000786666 0.00608726 0.0278123 0.0754857 0.125371 0.144427 0.15629 0.178057 0.158626 0.0897348 0.0303978 0.00608982 0.000719716 5.01549e-05 2.0607e-06 4.9918e-08 7.12917e-10 6.00295e-12 2.9802e-14 8.72414e-17
 1.13272e-11 1.23e-09 7.87458e-08 2.97227e-06 6.6144e-05 0.000867867 0.00671521 0.0306721 0.0831218 0.137044 0.153274 0.155358 0.168119 0.147297 0.0830187 0.0281019 0.00562904 0.00066524 4.63584e-05 1.90471e-06 4.61393e-08 6.58948e-10 5.54843e-12 2.75441e-14 8.06168e-17
 1.15336e-11 1.25241e-09 8.01806e-08 3.02642e-06 6.73491e-05 0.000883677 0.00683747 0.031229 0.0846086 0.139316 0.154996 0.155176 0.166184 0.145091 0.081711 0.0276549 0.00553932 0.000654633 4.56192e-05 1.87434e-06 4.54035e-08 6.4844e-10 5.45995e-12 2.71048e-14 7.9331e-17
 1.20017e-11 1.30324e-09 8.34349e-08 3.14925e-06 7.00825e-05 0.000919538 0.00711479 0.032492 0.0879809 0.144471 0.158903 0.154765 0.161795 0.140087 0.078745 0.0266409 0.00533583 0.000630575 4.39425e-05 1.80545e-06 4.37348e-08 6.24608e-10 5.25928e-12 2.61086e-14 7.64153e-17
 1.22735e-11 1.33276e-09 8.53243e-08 3.22057e-06 7.16695e-05 0.000940359 0.0072758 0.0332253 0.0899389 0.147464 0.161171 0.154526 0.159247 0.137182 0.0770229 0.0260522 0.00521768 0.000616607 4.29691e-05 1.76545e-06 4.27659e-08 6.1077e-10 5.14277e-12 2.55302e-14 7.47224e-17
 1.19797e-11 1.30085e-09 8.32818e-08 3.14348e-06 6.9954e-05 0.000917851 0.00710175 0.0324326 0.0878223 0.144229 0.158719 0.154784 0.162002 0.140323 0.0788844 0.0266886 0.0053454 0.000631707 4.40214e-05 1.80869e-06 4.38132e-08 6.25728e-10 5.26872e-12 2.61555e-14 7.65524e-17
 1.21563e-11 1.32002e-09 8.45092e-08 3.1898e-06 7.09849e-05 0.000931376 0.00720634 0.0329089 0.0890941 0.146173 0.160192 0.154629 0.160347 0.138436 0.0777658 0.0263062 0.00526865 0.000622633 4.3389e-05 1.78271e-06 4.31839e-08 6.1674e-10 5.19303e-12 2.57797e-14 7.54527e-17
 1.19723e-11 1.30005e-09 8.32306e-08 3.14154e-06 6.9911e-05 0.000917287 0.00709738 0.0324127 0.0877692 0.144148 0.158658 0.15479 0.162071 0.140401 0.0789311 0.0267046 0.0053486 0.000632085 4.40478e-05 1.80977e-06 4.38395e-08 6.26103e-10 5.27187e-12 2.61711e-14 7.65983e-17
 1.22328e-11 1.32833e-09 8.50412e-08 3.20988e-06 7.14318e-05 0.000937239 0.00725168 0.0331154 0.0896455 0.147016 0.160831 0.154561 0.159629 0.137618 0.0772809 0.0261404 0.00523538 0.0006187 4.31149e-05 1.77144e-06 4.2911e-08 6.12843e-10 5.16022e-12 2.56169e-14 7.4976e-17
 1.271e-11 1.38016e-09 8.83588e-08 3.33511e-06 7.42184e-05 0.000973798 0.00753439 0.034403 0.0930834 0.152271 0.164814 0.154142 0.155155 0.132517 0.0742571 0.0251067 0.00502792 0.000594173 4.14056e-05 1.70121e-06 4.12098e-08 5.88547e-10 4.95564e-12 2.46013e-14 7.20035e-17
 1.34421e-11 1.45965e-09 9.34483e-08 3.52721e-06 7.84933e-05 0.00102988 0.0079681 0.0363782 0.0983575 0.160333 0.170924 0.153498 0.148291 0.124692 0.0696185 0.023521 0.00470967 0.000556548 3.87834e-05 1.59348e-06 3.86e-08 5.51274e-10 4.6418e-12 2.30433e-14 6.74435e-17
 1.35923e-11 1.47597e-09 9.44927e-08 3.56663e-06 7.93705e-05 0.00104139 0.0080571 0.0367836 0.0994398 0.161988 0.172178 0.153366 0.146882 0.123086 0.0686666 0.0231956 0.00464436 0.000548827 3.82453e-05 1.57137e-06 3.80644e-08 5.43625e-10 4.5774e-12 2.27235e-14 6.65078e-17
 1.4633e-11 1.58897e-09 1.01727e-07 3.8397e-06 8.54473e-05 0.00112111 0.00867362 0.0395914 0.106937 0.173448 0.180863 0.152451 0.137125 0.111963 0.0620727 0.0209414 0.00419196 0.000495342 3.45179e-05 1.41822e-06 3.43545e-08 4.90641e-10 4.13126e-12 2.05088e-14 6.00256e-17
 1.47607e-11 1.60284e-09 1.02615e-07 3.87322e-06 8.61931e-05 0.0011309 0.00874928 0.039936 0.107857 0.174855 0.181929 0.152338 0.135928 0.110598 0.0612634 0.0206648 0.00413644 0.000488778 3.40604e-05 1.39942e-06 3.38992e-08 4.84139e-10 4.07651e-12 2.0237e-14 5.92301e-17
 1.53477e-11 1.66658e-09 1.06696e-07 4.02724e-06 8.96206e-05 0.00117587 0.00909703 0.0415197 0.112086 0.181319 0.186828 0.151822 0.130425 0.104324 0.0575442 0.0193933 0.00388127 0.00045861 3.1958e-05 1.31304e-06 3.18067e-08 4.54254e-10 3.82488e-12 1.89878e-14 5.55739e-17
 1.55783e-11 1.69162e-09 1.08299e-07 4.08775e-06 9.0967e-05 0.00119353 0.00923363 0.0421418 0.113747 0.183858 0.188752 0.15162 0.128263 0.101859 0.0560832 0.0188939 0.00378103 0.00044676 3.11321e-05 1.2791e-06 3.09847e-08 4.42514e-10 3.72603e-12 1.84971e-14 5.41378e-17
 1.71912e-11 1.86676e-09 1.19512e-07 4.51097e-06 0.000100385 0.00131709 0.0101891 0.0464935 0.125366 0.20162 0.202213 0.150201 0.113141 0.0846195 0.0458636 0.0154002 0.00307988 0.000363866 2.53551e-05 1.04174e-06 2.52348e-08 3.60397e-10 3.03459e-12 1.50646e-14 4.40914e-17
 1.66211e-11 1.80485e-09 1.15548e-07 4.36137e-06 9.7056e-05 0.00127341 0.00985139 0.0449553 0.121259 0.195341 0.197455 0.150703 0.118486 0.0907134 0.049476 0.0166352 0.00332772 0.000393168 2.73972e-05 1.12565e-06 2.72673e-08 3.89424e-10 3.279e-12 1.62779e-14 4.76426e-17
 1.70733e-11 1.85396e-09 1.18692e-07 4.48004e-06 9.96968e-05 0.00130806 0.0101193 0.0461755 0.124517 0.200322 0.20123 0.150305 0.114246 0.0858795 0.0466105 0.0156556 0.00313112 0.000369924 2.57773e-05 1.05909e-06 2.56551e-08 3.66398e-10 3.08512e-12 1.53155e-14 4.48256e-17
 1.70554e-11 1.85201e-09 1.18567e-07 4.47532e-06 9.95918e-05 0.00130668 0.0101087 0.046127 0.124388 0.200124 0.201079 0.150321 0.114415 0.0860717 0.0467244 0.0156945 0.00313894 0.000370849 2.58417e-05 1.06174e-06 2.57192e-08 3.67314e-10 3.09284e-12 1.53537e-14 4.49377e-17
 1.72585e-11 1.87406e-09 1.19979e-07 4.52862e-06 0.000100778 0.00132224 0.010229 0.046675 0.125851 0.202361 0.202775 0.150142 0.11251 0.0839006 0.0454374 0.0152545 0.00305064 0.000360409 2.51142e-05 1.03184e-06 2.49951e-08 3.56973e-10 3.00576e-12 1.49215e-14 4.36725e-17
#obs catch len freq
 1.55158e-11 1.49902e-09 8.53849e-08 2.86743e-06 5.67737e-05 0.000662771 0.00456295 0.0185506 0.0448473 0.0668618 0.0720742 0.0808436 0.103507 0.119359 0.121728 0.113572 0.0933708 0.0684477 0.0459118 0.0270105 0.0128117 0.00451336 0.00110631 0.000179877 1.87593e-05
 1.60391e-11 1.49461e-09 8.21133e-08 2.65975e-06 5.07941e-05 0.000571961 0.00379915 0.0149204 0.0350763 0.0525171 0.0632023 0.085835 0.118276 0.133489 0.130311 0.117806 0.0951507 0.067801 0.0429878 0.0235259 0.0103739 0.00340056 0.000773809 0.000116411 1.1205e-05
 1.54656e-12 1.38764e-10 7.34057e-09 2.28956e-07 4.21189e-06 4.57737e-05 0.000296476 0.0011969 0.00361685 0.0115413 0.0376659 0.0908391 0.145414 0.167296 0.16146 0.139079 0.103396 0.0673803 0.0395246 0.0200544 0.00814557 0.00245204 0.000512781 7.09638e-05 6.28409e-06
 2.02512e-11 1.74666e-09 8.88193e-08 2.66283e-06 4.70677e-05 0.000490523 0.00301465 0.0109373 0.0235591 0.0310815 0.0294534 0.0333558 0.0617371 0.120867 0.18118 0.190155 0.145247 0.089196 0.0474156 0.0216536 0.00795882 0.00217687 0.000414486 5.23256e-05 4.23502e-06
 5.00547e-11 4.14366e-09 2.02238e-07 5.81946e-06 9.87334e-05 0.000987879 0.00583609 0.0204878 0.0441691 0.0674944 0.10217 0.165325 0.205568 0.164955 0.0901216 0.0478024 0.0349182 0.0258227 0.0149073 0.00652594 0.00217009 0.000531066 9.08471e-05 1.03604e-05 7.60571e-07
 1.59427e-10 1.26488e-08 5.91663e-07 1.6317e-05 0.000265308 0.0025435 0.0143825 0.048056 0.0957979 0.119627 0.113878 0.118513 0.133687 0.129327 0.104283 0.0678337 0.0327153 0.0122526 0.00446678 0.00168419 0.000530294 0.00012017 1.85702e-05 1.89935e-06 1.2529e-07
 2.86723e-10 2.17722e-08 9.74725e-07 2.57277e-05 0.000400371 0.00367359 0.0198795 0.0635389 0.120884 0.142428 0.122937 0.111786 0.115231 0.107022 0.0861014 0.0585387 0.030772 0.012037 0.00360989 0.000895 0.000196523 3.64763e-05 5.02437e-06 4.66125e-07 2.78007e-08
 3.53629e-10 2.56675e-08 1.09839e-06 2.77122e-05 0.000412224 0.00361562 0.0187082 0.0572532 0.105043 0.123453 0.11807 0.127242 0.137368 0.120992 0.0893129 0.056016 0.0278275 0.0106256 0.00315792 0.00072701 0.000127679 1.71438e-05 1.7565e-06 1.31848e-07 6.7917e-09
 5.67638e-10 3.93348e-08 1.60702e-06 3.87084e-05 0.000549713 0.00460312 0.0227381 0.0664198 0.116203 0.129632 0.116292 0.118176 0.125584 0.114555 0.0890029 0.0563411 0.0268888 0.00961567 0.00267187 0.000579779 9.47831e-05 1.12117e-05 9.35209e-07 5.42662e-08 2.16407e-09
 9.26168e-10 6.12031e-08 2.38449e-06 5.47719e-05 0.000741767 0.00592331 0.0279033 0.0777389 0.129783 0.138444 0.119394 0.116909 0.11951 0.105182 0.0788515 0.0479071 0.0218442 0.00741948 0.0019359 0.000389781 5.87781e-05 6.3851e-06 4.82302e-07 2.46084e-08 8.30361e-10
 1.39775e-09 8.79897e-08 3.26567e-06 7.14582e-05 0.000921897 0.0070131 0.0314766 0.0836065 0.133508 0.13822 0.120192 0.120064 0.120812 0.102943 0.073927 0.042284 0.0178351 0.00553056 0.00131254 0.000241447 3.3381e-05 3.32094e-06 2.29006e-07 1.06217e-08 3.2349e-10
 1.98645e-09 1.19006e-07 4.20335e-06 8.75317e-05 0.0010747 0.00778085 0.0332438 0.0841507 0.128783 0.130908 0.118284 0.123885 0.125483 0.106734 0.0756884 0.0416006 0.0164354 0.00467184 0.000998256 0.000163868 2.02356e-05 1.80819e-06 1.12624e-07 4.73465e-09 1.30844e-10
 3.394e-09 1.93325e-07 6.49239e-06 0.000128547 0.00150062 0.0103297 0.0419583 0.100931 0.146458 0.139794 0.116287 0.113592 0.112506 0.0963237 0.0677759 0.0355298 0.012905 0.00326814 0.000608489 8.65936e-05 9.32877e-06 7.32563e-07 4.03455e-08 1.50892e-09 3.73177e-11
 4.14199e-09 2.24131e-07 7.15047e-06 0.000134496 0.0014916 0.00975602 0.0376838 0.0865587 0.122384 0.123225 0.123659 0.137634 0.133469 0.105336 0.0685384 0.0342015 0.0121842 0.00308295 0.000567872 7.66625e-05 7.46557e-06 5.14265e-07 2.46183e-08 8.02615e-10 1.74219e-11
 6.52903e-09 3.35368e-07 1.01562e-05 0.000181338 0.00190901 0.0118521 0.0434504 0.094665 0.126558 0.11923 0.111663 0.122462 0.127009 0.111586 0.0768008 0.0372618 0.0121412 0.00271825 0.00044277 5.43457e-05 4.94092e-06 3.18597e-07 1.40298e-08 4.11439e-10 7.90158e-12
 8.67471e-09 4.22673e-07 1.21421e-05 0.00020565 0.00205374 0.0120981 0.0421245 0.0876061 0.114455 0.114015 0.121896 0.139099 0.136129 0.110324 0.0715927 0.0339905 0.0112657 0.00263214 0.000441819 5.31055e-05 4.4917e-06 2.63195e-07 1.05347e-08 2.82831e-10 4.98541e-12
 1.36986e-08 6.32759e-07 1.72322e-05 0.000276686 0.00261949 0.0146285 0.0482858 0.0951818 0.117774 0.111009 0.113733 0.129658 0.132992 0.113491 0.0738421 0.0334783 0.0103467 0.00225735 0.000362098 4.27607e-05 3.59156e-06 2.06401e-07 7.89301e-09 1.97268e-10 3.18303e-12
 2.22474e-08 9.73709e-07 2.51258e-05 0.000382259 0.00342913 0.0181469 0.0567865 0.106342 0.126144 0.116969 0.119288 0.130446 0.124956 0.0993823 0.06105 0.0265957 0.00802953 0.00172332 0.00026925 3.04337e-05 2.42648e-06 1.32871e-07 4.87707e-09 1.17306e-10 1.81285e-12
 3.1171e-08 1.29213e-06 3.15791e-05 0.000455038 0.00386637 0.0193844 0.0575343 0.102765 0.119112 0.115037 0.125268 0.137537 0.12819 0.0985355 0.0583839 0.0246977 0.00734919 0.00157528 0.000245984 2.74675e-05 2.1286e-06 1.11584e-07 3.87785e-09 8.78253e-11 1.27707e-12
 4.74612e-08 1.86275e-06 4.31034e-05 0.000588061 0.00473098 0.0224604 0.0631573 0.10712 0.119032 0.112891 0.122565 0.134623 0.127046 0.0979171 0.0566261 0.0230177 0.00658066 0.00136569 0.000208097 2.27609e-05 1.72579e-06 8.8022e-08 2.95064e-09 6.38406e-11 8.79037e-13
 7.78776e-08 2.89325e-06 6.33725e-05 0.000818412 0.00623258 0.0280115 0.0745936 0.120011 0.127295 0.11674 0.122616 0.129046 0.116471 0.0857629 0.0474247 0.0185521 0.00514785 0.00103995 0.000153517 1.61651e-05 1.17648e-06 5.75724e-08 1.85116e-09 3.83595e-11 5.0435e-13
 1.11456e-07 3.91895e-06 8.12417e-05 0.000993006 0.00715786 0.0304616 0.0769537 0.118476 0.124379 0.120298 0.131597 0.135068 0.115433 0.0794373 0.0406276 0.0145635 0.00368396 0.000681981 9.36118e-05 9.29276e-06 6.41657e-07 2.98022e-08 9.07853e-10 1.77941e-11 2.21096e-13
 1.60347e-07 5.33568e-06 0.00010468 0.00121089 0.00826098 0.0332836 0.0797189 0.11713 0.120223 0.118388 0.131704 0.135864 0.116952 0.079843 0.0396707 0.0136744 0.003307 0.000578329 7.37326e-05 6.72174e-06 4.25854e-07 1.82522e-08 5.16566e-10 9.45087e-12 1.09854e-13
 2.38538e-07 7.51186e-06 0.000139471 0.00152684 0.00985874 0.0376069 0.0854161 0.119858 0.120398 0.119973 0.133514 0.135318 0.113546 0.0742261 0.0346334 0.0110653 0.00246391 0.000396769 4.67661e-05 3.94742e-06 2.30748e-07 9.07525e-09 2.34826e-10 3.92662e-12 4.18108e-14
 3.48876e-07 1.03979e-05 0.000182711 0.00189309 0.01157 0.0417944 0.0900861 0.12109 0.120051 0.121854 0.134923 0.133083 0.108638 0.0694655 0.0321426 0.0104025 0.00237683 0.000387471 4.46293e-05 3.55765e-06 1.92544e-07 6.95656e-09 1.64958e-10 2.52453e-12 2.4568e-14
 4.82599e-07 1.36139e-05 0.000226427 0.00222062 0.0128486 0.0439745 0.0901412 0.117077 0.117556 0.125542 0.140929 0.136886 0.108345 0.0656132 0.0281632 0.00838016 0.0017745 0.000274411 3.06941e-05 2.39648e-06 1.26005e-07 4.34761e-09 9.67333e-11 1.37083e-12 1.22553e-14
 7.19937e-07 1.92249e-05 0.000302681 0.00281005 0.0153926 0.0498935 0.0970253 0.120376 0.117672 0.124347 0.137986 0.133236 0.10451 0.0617524 0.0256039 0.00734028 0.00148983 0.000218169 2.286e-05 1.67024e-06 8.27575e-08 2.71221e-09 5.75271e-11 7.7565e-13 6.55751e-15
 1.04186e-06 2.63394e-05 0.000392609 0.00345096 0.0179009 0.0549966 0.101784 0.122156 0.120143 0.129239 0.140089 0.129203 0.0965203 0.0545872 0.0219097 0.00616553 0.00123723 0.000177942 1.80106e-05 1.24922e-06 5.8008e-08 1.76937e-09 3.48733e-11 4.3777e-13 3.45713e-15
 1.38154e-06 3.30709e-05 0.000466761 0.00388509 0.0190905 0.0556501 0.0984408 0.11614 0.119208 0.135023 0.146737 0.132729 0.0957717 0.0513467 0.019301 0.00507464 0.000957977 0.000131139 1.27455e-05 8.50003e-07 3.77468e-08 1.09138e-09 2.0204e-11 2.36441e-13 1.73184e-15
#spawning biomass
 8695.7 7097.57 5111.57 5513.65 8062.02 13261.7 18773 22975.7 33071.5 46375.2 63697.3 76173.5 90982 109280 108699 115221 122065 121455 112869 108890 110698 117621 112992 114000 136542 110104 120815 103940 109721 125850 310327 469998 617564 742723 842453 918030 972718 1.01038e+06 1.03472e+06 1.04897e+06 1.05579e+06 1.05728e+06 1.05503e+06 1.04834e+06 1.03516e+06 1.02303e+06 1.01185e+06 1.00155e+06 992068 983330 975281 967866 961036 954744 948947 943608 938690 934159 929985 926141 922599 919336 916331 913563 911012 908663 906499 904505 902669 900977 899419 897983 896661 895443 894321 893287 892335 891458 890650 889906 889220 888588 888006 887470 886977 886522 886103 885717 885361 885034 884732 884454 884198 883963 883745 883545 883361 883191 883035 882891 882758 882635 882523 882419 882324 882235 882154 882080 882011 881947 881889 881835 881786 881740 881698 881659 881623 881591 881560 881532 881507 881483 881461 881441 881423 881406 881390 881375 881362 0 0 0 0 0 0 0 0 0 0 0 0 0 0 0 0 0 0 0 0 0 0 0 0 0
