SBPRF35
0.178135
Curr Bio
144350
B35
204747
F35
0.613212
FOFL
0.613212
OFL
85594.6
Bzero
50895.7
#pred survey bio
 5471.87 8270.23 10336.5 12420.8 19873.9 31583.8 30086.2 36542.7 46908.4 59854.6 74903.9 93545.1 125601 144278 141610 123061 116505 106562 101015 99405.2 107533 109762 124415 132112 136549 151810 140772 136003 151538 5.76037e+06 5.00757e+06 3.02115e+06 1.75711e+06 1.08631e+06 757189 598729 520860 480901 459349 447201 440129 435924 433391 431849 430903 430338 429999 429795 429673 429599 429554 429527 429511 429501 429495 429492 429490 429488 429487 429487 429487 429486 429486 429486 429486 429486 429486 429486 429486 429486 429486 429486 429486 429486 429486 429486 429486 429486 429486 429486 429486 429486 429486 429486 429486 429486 429486 429486 429486 429486 429486 429486 429486 429486 429486 429486 429486 429486 429486 429486 429486 429486 429486 429486 429486 429486 429486 429486 429486 429486 429486 429486 429486 429486 429486 429486 429486 429486 429486 429486 429486 429486 429486 429486 429486 429486 429486 429486 429486 0 0 0 0 0 0 0 0 0 0 0 0 0 0 0 0 0 0 0 0 0 0 0 0 0
#obs survey bio
 4364.45 8948.89 11942.2 13523 51359.5 22022.9 27442 38096.6 51738.7 67063.8 81372.4 117555 138954 137456 107600 109850 126141 112768 88134.9 82583.3 137541 96658.7 137763 208075 122538 164151 175022 185781 118760
#pred catch bio
 2205.72 4810.71 6110.44 7181.54 9424.93 20424.7 19410.9 23484.7 29477 40148 52190.5 60348.5 85589.7 101675 105145 90516.4 87753 79162.7 76110.9 75192.6 85629.4 84193.7 96857.7 104790 107202 125489 114093 106656 57110.8 85594.6 83897.5 46619.8 24545.6 13873.2 9284.34 7454.17 6760.71 6507.32 6417.14 6385.67 6374.85 6371.17 6369.93 6369.51 6369.37 6369.33 6369.31 6369.31 6369.31 6369.31 6369.31 6369.31 6369.31 6369.31 6369.31 6369.31 6369.31 6369.31 6369.31 6369.31 6369.31 6369.31 6369.31 6369.31 6369.31 6369.31 6369.31 6369.31 6369.31 6369.31 6369.31 6369.31 6369.31 6369.31 6369.31 6369.31 6369.31 6369.31 6369.31 6369.31 6369.31 6369.31 6369.31 6369.31 6369.31 6369.31 6369.31 6369.31 6369.31 6369.31 6369.31 6369.31 6369.31 6369.31 6369.31 6369.31 6369.31 6369.31 6369.31 6369.31 6369.31 6369.31 6369.31 6369.31 6369.31 6369.31 6369.31 6369.31 6369.31 6369.31 6369.31 6369.31 6369.31 6369.31 6369.31 6369.31 6369.31 6369.31 6369.31 6369.31 6369.31 6369.31 6369.31 6369.31 6369.31 6369.31 6369.31 6369.31 6369.31 0 0 0 0 0 0 0 0 0 0 0 0 0 0 0 0 0 0 0 0 0 0 0 0 0
#obs catch bio
 4407.55 4796.69 6005.78 7128.1 9014.46 20072 19565 23126.1 28352.4 39894.4 51864.6 58310.6 83284.5 99620.3 105327 90832.3 85408.2 77934.5 74418.2 74505.5 84490.1 82814.6 94568.6 100097 104646 123018 109075 104837 56412.1
#pred cpue bio
 4845.19 7050.79 8821.13 10646.6 16271.5 27363.2 26045.8 30319 39532.7 50375 62212.9 77447.2 105092 121433 120807 104217 98057 89765.2 84988 82721.8 88609.3 90026.2 102126 108901 111941 123971 115971 111697 123636 5.11862e+06 4.97854e+06 2.99213e+06 1.72808e+06 1.05729e+06 728164 569703 491834 451875 430323 418175 411103 406898 404366 402823 401878 401312 400974 400770 400647 400573 400528 400502 400485 400475 400470 400466 400464 400462 400462 400461 400461 400461 400461 400461 400461 400461 400460 400460 400460 400460 400460 400460 400460 400460 400460 400460 400460 400460 400460 400460 400460 400460 400460 400460 400460 400460 400460 400460 400460 400460 400460 400460 400460 400460 400460 400460 400460 400460 400460 400460 400460 400460 400460 400460 400460 400460 400460 400460 400460 400460 400460 400460 400460 400460 400460 400460 400460 400460 400460 400460 400460 400460 400460 400460 400460 400460 400460 400460 400460 0 0 0 0 0 0 0 0 0 0 0 0 0 0 0 0 0 0 0 0 0 0 0 0 0
#obs cpue bio
 6343.9 9543.85 9257.69 11372.8 21907.9 25073.5 26927.4 40483.2 82220.8 35651.2 67942.6 128145 133552 162445 133648 114520 166068 98485.2 145775 104922 91429 130610 141608 161487 154831 160221 210362 101269 171916
#pred surv len freq
 2.56873e-27 2.60329e-27 4.62056e-26 9.20747e-20 2.2571e-14 6.6882e-10 2.3956e-06 0.0010372 0.0542835 0.343412 0.262813 0.037079 0.0975886 0.0900775 0.022648 0.0292871 0.0136587 0.011985 0.00806475 0.0065939 0.00546864 0.00492441 0.00508927 0.00458203 0.00140528
 2.57e-27 2.60648e-27 4.86625e-26 9.72563e-20 2.38412e-14 7.06457e-10 2.53041e-06 0.00109557 0.0573383 0.362737 0.277608 0.0395236 0.105799 0.0973614 0.018878 0.0186534 0.00732186 0.00472927 0.00261985 0.00181139 0.00130716 0.00104478 0.000977604 0.000890523 0.000300283
 2.5695e-27 2.60501e-27 4.72569e-26 9.42905e-20 2.31142e-14 6.84914e-10 2.45325e-06 0.00106216 0.0555898 0.351676 0.269184 0.0409273 0.122401 0.112571 0.0196257 0.0164634 0.00563066 0.00246082 0.00102992 0.000525857 0.000298712 0.000199469 0.000161575 0.000141172 4.95651e-05
 2.56918e-27 2.60417e-27 4.6532e-26 9.27613e-20 2.27393e-14 6.73807e-10 2.41346e-06 0.00104494 0.0546882 0.345973 0.26483 0.0409595 0.125705 0.115688 0.021428 0.0197764 0.00644009 0.00226771 0.000741881 0.000250898 9.5438e-05 4.66072e-05 3.01048e-05 2.36488e-05 8.30542e-06
 2.57178e-27 2.61124e-27 5.2789e-26 1.05961e-19 2.59751e-14 7.69689e-10 2.7569e-06 0.00119363 0.0624703 0.395204 0.302392 0.0390714 0.0849463 0.078082 0.0148766 0.0143027 0.00479407 0.00189064 0.000570416 0.000148209 3.58349e-05 1.04733e-05 4.52967e-06 2.89006e-06 9.74112e-07
 2.56841e-27 2.60201e-27 4.4559e-26 8.85991e-20 2.1719e-14 6.43573e-10 2.30517e-06 0.00099805 0.0522343 0.330449 0.252994 0.0420782 0.142534 0.131089 0.0218046 0.0167681 0.00567704 0.00236303 0.000752012 0.000207007 4.01811e-05 7.04739e-06 1.56733e-06 6.58944e-07 2.00069e-07
 2.56853e-27 2.60243e-27 4.50127e-26 8.95563e-20 2.19537e-14 6.50526e-10 2.33008e-06 0.00100883 0.0527987 0.334019 0.255706 0.0411987 0.133935 0.123341 0.0238327 0.0233296 0.00744271 0.00236307 0.000749909 0.000218957 4.54191e-05 6.75943e-06 7.88034e-07 1.50443e-07 3.55068e-08
 2.57109e-27 2.60938e-27 5.11433e-26 1.02489e-19 2.5124e-14 7.44469e-10 2.66656e-06 0.00115452 0.0604234 0.382255 0.292512 0.0395656 0.0956484 0.0879517 0.0165086 0.0155496 0.00531746 0.00225645 0.00065907 0.000156055 3.3237e-05 5.24873e-06 5.03051e-07 3.92714e-08 4.9527e-09
 2.57012e-27 2.60665e-27 4.86415e-26 9.72113e-20 2.38302e-14 7.06131e-10 2.52924e-06 0.00109506 0.0573117 0.36257 0.277504 0.0410303 0.117339 0.107807 0.0171066 0.0119007 0.00399291 0.00162185 0.000533069 0.000153373 2.7638e-05 4.07782e-06 4.04954e-07 2.18837e-08 1.02352e-09
 2.57023e-27 2.60699e-27 4.89793e-26 9.79239e-20 2.40049e-14 7.11307e-10 2.54778e-06 0.00110309 0.0577319 0.365228 0.279527 0.0405789 0.112483 0.103421 0.0180774 0.0152024 0.0047389 0.00134146 0.000414834 0.000120255 2.61084e-05 3.73815e-06 3.33729e-07 1.73944e-08 4.41907e-10
 2.57095e-27 2.60892e-27 5.06761e-26 1.01503e-19 2.48823e-14 7.37308e-10 2.64091e-06 0.00114341 0.0598422 0.378578 0.289715 0.0402309 0.102676 0.0943284 0.0156821 0.0120371 0.00391256 0.00137183 0.000378764 8.1112e-05 1.68567e-05 2.73141e-06 2.5212e-07 1.19378e-08 2.6067e-10
 2.57109e-27 2.60926e-27 5.0946e-26 1.02073e-19 2.50219e-14 7.41444e-10 2.65573e-06 0.00114983 0.0601779 0.380702 0.291339 0.0403835 0.102697 0.0942975 0.0147684 0.00995289 0.00315452 0.000996124 0.000293795 7.1705e-05 1.17256e-05 1.62605e-06 1.62852e-07 8.02078e-09 1.60553e-10
 2.57052e-27 2.60773e-27 4.95995e-26 9.92323e-20 2.43256e-14 7.20811e-10 2.58182e-06 0.00111783 0.0585032 0.370107 0.283255 0.0407085 0.11085 0.101843 0.0165088 0.0120182 0.0037156 0.00101087 0.000281132 6.45688e-05 1.17854e-05 1.4753e-06 1.21453e-07 6.2316e-09 1.28365e-10
 2.57019e-27 2.60684e-27 4.88154e-26 9.75782e-20 2.39201e-14 7.08796e-10 2.53879e-06 0.0010992 0.0575281 0.363938 0.278547 0.0409173 0.115746 0.106365 0.0173733 0.0128562 0.00403621 0.0011949 0.000319928 6.40261e-05 1.08163e-05 1.40466e-06 1.10083e-07 4.75416e-09 9.87732e-11
 2.56938e-27 2.60463e-27 4.68592e-26 9.34514e-20 2.29085e-14 6.78819e-10 2.43142e-06 0.00105271 0.0550951 0.348546 0.266804 0.0415303 0.128662 0.118275 0.0193384 0.0143416 0.00451799 0.00136423 0.000376341 7.96115e-05 1.22198e-05 1.41713e-06 1.10386e-07 4.53912e-09 8.22084e-11
 2.56984e-27 2.60589e-27 4.798e-26 9.58158e-20 2.34881e-14 6.95994e-10 2.49293e-06 0.00107935 0.0564891 0.357365 0.273531 0.0411065 0.12071 0.110959 0.0184179 0.0140842 0.00444136 0.00134479 0.000373506 8.10191e-05 1.30594e-05 1.46077e-06 1.00833e-07 4.00335e-09 6.84199e-11
 2.57019e-27 2.60684e-27 4.88135e-26 9.7574e-20 2.39191e-14 7.08766e-10 2.53868e-06 0.00109915 0.0575256 0.363923 0.278536 0.0409335 0.115878 0.106481 0.0172863 0.0126311 0.00400674 0.00125685 0.000350855 7.6447e-05 1.25483e-05 1.46147e-06 9.94652e-08 3.5514e-09 5.74727e-11
 2.57012e-27 2.60663e-27 4.8609e-26 9.71427e-20 2.38134e-14 7.05633e-10 2.52746e-06 0.00109429 0.0572713 0.362314 0.277311 0.041148 0.118371 0.108747 0.0170738 0.011572 0.00362937 0.00108106 0.000303632 6.8141e-05 1.1265e-05 1.33171e-06 9.38432e-08 3.31342e-09 4.90334e-11
 2.5702e-27 2.60684e-27 4.88066e-26 9.75596e-20 2.39156e-14 7.08661e-10 2.5383e-06 0.00109899 0.0575171 0.363869 0.278496 0.0410262 0.116611 0.107141 0.0171038 0.0120419 0.00372454 0.00101886 0.000277999 5.99915e-05 1.01005e-05 1.21676e-06 8.70934e-08 3.16537e-09 4.6264e-11
 2.57081e-27 2.6085e-27 5.02684e-26 1.00643e-19 2.46715e-14 7.3106e-10 2.61854e-06 0.00113373 0.0593351 0.37537 0.287272 0.040605 0.10724 0.0984888 0.0154893 0.0105385 0.00328106 0.0009354 0.000249713 4.9882e-05 8.04178e-06 9.62352e-07 7.04276e-08 2.60825e-09 3.90211e-11
 2.57131e-27 2.60986e-27 5.14612e-26 1.0316e-19 2.52883e-14 7.49339e-10 2.68401e-06 0.00116207 0.0608187 0.384755 0.294434 0.040338 0.100176 0.0919501 0.0139698 0.0087166 0.0026913 0.000738935 0.000198902 4.07838e-05 6.2308e-06 6.98887e-07 5.01445e-08 1.89059e-09 2.88797e-11
 2.57152e-27 2.61041e-27 5.19298e-26 1.04148e-19 2.55306e-14 7.56519e-10 2.70972e-06 0.00117321 0.0614014 0.388442 0.297249 0.0403627 0.098386 0.0902611 0.0130005 0.00692793 0.00209956 0.000524269 0.000137566 2.7434e-05 4.26431e-06 4.67818e-07 3.12982e-08 1.14727e-09 1.77465e-11
 2.57148e-27 2.61031e-27 5.18457e-26 1.03971e-19 2.54872e-14 7.5523e-10 2.70511e-06 0.00117121 0.0612968 0.38778 0.296744 0.0403541 0.0986758 0.0905389 0.0132388 0.00739831 0.00219502 0.000464344 0.000115267 2.11151e-05 3.16805e-06 3.46033e-07 2.28597e-08 7.87349e-10 1.17895e-11
 2.57126e-27 2.60971e-27 5.1308e-26 1.02836e-19 2.52091e-14 7.4699e-10 2.67559e-06 0.00115843 0.0606281 0.38355 0.293517 0.0405615 0.102522 0.0940764 0.0136583 0.00746538 0.00222759 0.000493963 0.000118439 1.8635e-05 2.55904e-06 2.61881e-07 1.69941e-08 5.76152e-10 8.18109e-12
 2.57155e-27 2.61048e-27 5.19947e-26 1.04285e-19 2.55642e-14 7.57513e-10 2.71328e-06 0.00117475 0.0614821 0.388952 0.297638 0.0403227 0.0978083 0.089735 0.0130343 0.00713488 0.00212275 0.0004603 0.000111239 1.80086e-05 2.25128e-06 2.01008e-07 1.20035e-08 3.94653e-10 5.48825e-12
 2.57174e-27 2.611e-27 5.24524e-26 1.0525e-19 2.58009e-14 7.64527e-10 2.73841e-06 0.00118563 0.0620513 0.392554 0.300386 0.0401879 0.0948524 0.0870065 0.0125385 0.00669097 0.0019898 0.000432034 0.000103847 1.65428e-05 2.10334e-06 1.80246e-07 9.33414e-09 2.77433e-10 3.70231e-12
 2.57127e-27 2.60972e-27 5.12962e-26 1.02811e-19 2.5203e-14 7.46809e-10 2.67494e-06 0.00115815 0.0606133 0.383456 0.293448 0.0407171 0.103754 0.0951777 0.0132062 0.00615613 0.00181798 0.0003846 9.20482e-05 1.46554e-05 1.84292e-06 1.57814e-07 7.96282e-09 2.08464e-10 2.48954e-12
 2.57145e-27 2.6102e-27 5.17407e-26 1.03749e-19 2.54329e-14 7.53621e-10 2.69934e-06 0.00116871 0.0611662 0.386954 0.296114 0.0404526 0.0998676 0.0916242 0.0131706 0.00696748 0.00203304 0.000375961 8.70691e-05 1.3547e-05 1.69572e-06 1.44271e-07 7.22782e-09 1.84092e-10 1.96844e-12
 2.57178e-27 2.61113e-27 5.25712e-26 1.05501e-19 2.58624e-14 7.66348e-10 2.74493e-06 0.00118845 0.0621992 0.393489 0.301099 0.0401288 0.0939012 0.0861348 0.0124947 0.00680994 0.00201751 0.000422525 9.73174e-05 1.34303e-05 1.61375e-06 1.35098e-07 6.72554e-09 1.69757e-10 1.75991e-12
#obs surv len freq
 1.77075e-41 2.45769e-33 4.12328e-26 8.36192e-20 2.04983e-14 6.07401e-10 2.17561e-06 0.000941965 0.0492987 0.311878 0.238881 0.0440249 0.151544 0.12836 0.0359911 0.0275655 0.00834063 0.00260869 0.00050288 5.73199e-05 2.84111e-06 4.49088e-08 1.6892e-10 1.21744e-13 1.45468e-17
 2.17613e-41 3.02032e-33 5.06722e-26 1.02762e-19 2.51909e-14 7.46453e-10 2.67367e-06 0.00115761 0.0605846 0.383276 0.293371 0.042017 0.0971737 0.0777827 0.0222787 0.0160713 0.00465824 0.00135963 0.000241702 2.42669e-05 9.97575e-07 1.23361e-08 3.47977e-11 1.82792e-14 1.56363e-18
 1.72236e-41 2.39053e-33 4.0106e-26 8.13342e-20 1.99381e-14 5.90803e-10 2.11616e-06 0.000916225 0.0479516 0.303356 0.232569 0.0512426 0.181973 0.135919 0.0266574 0.0141967 0.00395514 0.0010725 0.000172975 1.51343e-05 5.14904e-07 4.97965e-09 1.05284e-11 4.03684e-15 2.47988e-19
 2.09319e-41 2.90521e-33 4.87409e-26 9.88456e-20 2.42308e-14 7.18004e-10 2.57177e-06 0.00111349 0.0582756 0.368669 0.282341 0.0458019 0.113099 0.0811032 0.0278363 0.0176574 0.00334379 0.000655502 9.43375e-05 7.08244e-06 1.97169e-07 1.48873e-09 2.36371e-12 6.62823e-16 2.93044e-20
 2.36709e-41 3.28536e-33 5.51188e-26 1.1178e-19 2.74015e-14 8.11957e-10 2.9083e-06 0.00125919 0.0659011 0.416909 0.31915 0.044346 0.0796866 0.0524967 0.0118563 0.0062218 0.00177638 0.000357798 3.33842e-05 1.94755e-06 4.36105e-08 2.54846e-10 3.03553e-13 6.24245e-17 1.99268e-21
 1.32035e-41 1.83255e-33 3.07449e-26 6.235e-20 1.52844e-14 4.52904e-10 1.62223e-06 0.000702368 0.0367592 0.232552 0.179165 0.0711875 0.27207 0.166303 0.0279776 0.0107712 0.00206177 0.000403493 4.3488e-05 1.79281e-06 2.79462e-08 1.22574e-10 1.08718e-13 1.63735e-17 3.78119e-22
 2.21664e-41 3.07655e-33 5.16155e-26 1.04675e-19 2.56599e-14 7.60349e-10 2.72345e-06 0.00117916 0.0617124 0.390412 0.299052 0.0467738 0.0888879 0.05638 0.0349354 0.0179138 0.00242813 0.000296644 2.51166e-05 1.01619e-06 1.18949e-08 3.48642e-11 2.18132e-14 2.37303e-18 3.9516e-23
 1.99317e-41 2.76639e-33 4.6412e-26 9.41226e-20 2.3073e-14 6.83697e-10 2.44889e-06 0.00106028 0.0554911 0.351055 0.269474 0.0608812 0.154272 0.0820949 0.0156007 0.00710804 0.00257554 0.000365119 1.8653e-05 5.19935e-07 5.11368e-09 1.14171e-11 4.82608e-15 3.54498e-19 4.11387e-24
 2.02273e-41 2.80741e-33 4.71001e-26 9.55181e-20 2.34151e-14 6.93834e-10 2.4852e-06 0.00107601 0.0563138 0.356261 0.273548 0.0615595 0.143851 0.0740263 0.0231834 0.00862336 0.00129325 0.000243049 1.88797e-05 3.76388e-07 2.33782e-09 3.87742e-12 1.23707e-15 6.40038e-20 5.01364e-25
 1.97881e-41 2.74646e-33 4.60775e-26 9.34442e-20 2.29068e-14 6.78769e-10 2.43124e-06 0.00105264 0.0550911 0.348527 0.267929 0.0670322 0.154473 0.0739058 0.0221979 0.00811551 0.00149621 0.00016598 1.08044e-05 2.70695e-07 1.4124e-09 1.50021e-12 3.2175e-16 1.2008e-20 6.80454e-26
 2.09842e-41 2.91247e-33 4.88628e-26 9.90927e-20 2.42914e-14 7.19799e-10 2.5782e-06 0.00111627 0.0584213 0.369595 0.284066 0.0658483 0.133186 0.0602237 0.0197036 0.00656322 0.00113946 0.000127903 6.16645e-06 1.14601e-07 5.95647e-10 5.66232e-13 8.6374e-17 2.10582e-21 8.01808e-27
 2.04652e-41 2.84044e-33 4.76543e-26 9.6642e-20 2.36906e-14 7.01997e-10 2.51444e-06 0.00108867 0.0569764 0.360457 0.277519 0.0731186 0.146484 0.0607606 0.0173477 0.00525227 0.000898484 9.07452e-05 3.9526e-06 5.60189e-08 2.07754e-10 1.64257e-13 2.18077e-17 4.22825e-22 1.14588e-27
 1.99435e-41 2.76803e-33 4.64395e-26 9.41784e-20 2.30867e-14 6.84101e-10 2.45034e-06 0.00106091 0.0555239 0.351272 0.270978 0.0796845 0.154554 0.0613035 0.0195588 0.00523413 0.00075725 6.85138e-05 2.60926e-06 3.07393e-08 8.63033e-11 4.80825e-14 4.702e-18 7.2039e-23 1.57264e-28
 1.87378e-41 2.60069e-33 4.36319e-26 8.84847e-20 2.1691e-14 6.42743e-10 2.3022e-06 0.000996774 0.0521672 0.330042 0.255574 0.091135 0.174733 0.0662691 0.0224772 0.00573206 0.000808736 6.0332e-05 1.88393e-06 1.82115e-08 4.03649e-11 1.68745e-14 1.1759e-18 1.26357e-23 1.98251e-29
 1.69084e-41 2.34677e-33 3.93719e-26 7.98454e-20 1.95732e-14 5.79989e-10 2.07743e-06 0.000899453 0.0470738 0.29783 0.232154 0.106436 0.201225 0.0761262 0.0298801 0.00729032 0.00101272 6.9007e-05 1.75917e-06 1.31053e-08 2.24261e-11 7.14642e-15 3.70728e-19 2.8869e-24 3.20552e-30
 1.91097e-41 2.6523e-33 4.44978e-26 9.02406e-20 2.21214e-14 6.55498e-10 2.34789e-06 0.00101655 0.0532024 0.336601 0.261464 0.0955718 0.154979 0.0610786 0.0280533 0.00696688 0.000999451 6.32783e-05 1.40006e-06 8.24951e-09 1.05264e-11 2.47708e-15 9.50254e-20 5.44482e-25 4.40503e-31
 1.86075e-41 2.58259e-33 4.33283e-26 8.78689e-20 2.154e-14 6.38271e-10 2.28618e-06 0.000989838 0.0518042 0.327768 0.256024 0.109558 0.16923 0.0572952 0.0210027 0.00544183 0.000831524 5.14553e-05 1.01567e-06 4.93676e-09 4.86908e-12 8.44655e-16 2.34043e-20 9.66418e-26 5.64846e-32
 1.8474e-41 2.56407e-33 4.30176e-26 8.72387e-20 2.13855e-14 6.33693e-10 2.26978e-06 0.000982738 0.0514327 0.325431 0.255265 0.116477 0.167189 0.0571026 0.0211449 0.0043509 0.000585528 3.60364e-05 6.56946e-07 2.71667e-09 2.13861e-12 2.83123e-16 5.79173e-21 1.72681e-26 7.20547e-33
 1.86755e-41 2.59204e-33 4.34869e-26 8.81905e-20 2.16189e-14 6.40606e-10 2.29455e-06 0.00099346 0.0519938 0.328995 0.258985 0.121213 0.159804 0.0539084 0.0197284 0.00391147 0.000442659 2.21411e-05 3.59054e-07 1.29007e-09 8.32796e-13 8.63955e-17 1.34102e-21 2.96468e-27 9.01632e-34
 1.94216e-41 2.6956e-33 4.52242e-26 9.17139e-20 2.24826e-14 6.662e-10 2.38622e-06 0.00103315 0.0540711 0.342151 0.26975 0.12141 0.14453 0.0472567 0.0163737 0.0030885 0.000320823 1.31522e-05 1.65355e-07 4.80718e-10 2.53806e-13 2.10103e-17 2.52818e-22 4.23379e-28 9.58515e-35
 1.94247e-41 2.69602e-33 4.52314e-26 9.17283e-20 2.24861e-14 6.66305e-10 2.38659e-06 0.00103331 0.0540796 0.342232 0.271419 0.129661 0.142393 0.0432368 0.0134042 0.00231508 0.000216221 7.61786e-06 7.53182e-08 1.63772e-10 6.53948e-14 4.17751e-18 3.88967e-23 4.9913e-29 8.5445e-36
 1.97806e-41 2.74541e-33 4.606e-26 9.34088e-20 2.28981e-14 6.78511e-10 2.43032e-06 0.00105224 0.0550704 0.348527 0.277437 0.131907 0.132344 0.0400948 0.0116715 0.00175094 0.000139803 4.14656e-06 3.30557e-08 5.4839e-11 1.60647e-14 7.46565e-19 5.10735e-24 4.87196e-30 6.2366e-37
 1.90745e-41 2.64741e-33 4.44158e-26 9.00743e-20 2.20806e-14 6.5429e-10 2.34356e-06 0.00101468 0.0531046 0.336146 0.270953 0.147271 0.1388 0.040274 0.0108333 0.00149743 0.000100543 2.38976e-06 1.50245e-08 1.92042e-11 4.21136e-15 1.42839e-19 7.02452e-25 4.7978e-31 4.41339e-38
 1.95283e-41 2.7104e-33 4.54726e-26 9.22174e-20 2.2606e-14 6.69858e-10 2.39932e-06 0.00103882 0.0543683 0.34418 0.278336 0.145993 0.12621 0.038571 0.00998865 0.00123905 7.15493e-05 1.36517e-06 6.54673e-09 6.29293e-12 1.02956e-15 2.57672e-20 9.23535e-26 4.54591e-32 2.98874e-39
 1.9331e-41 2.68302e-33 4.50132e-26 9.12859e-20 2.23777e-14 6.63092e-10 2.37509e-06 0.00102833 0.0538193 0.340784 0.278771 0.156015 0.124549 0.0354561 0.00851347 0.00101054 5.03559e-05 7.76333e-07 2.85949e-09 2.03584e-12 2.43238e-16 4.43237e-21 1.15474e-26 4.1186e-33 1.95359e-40
 1.87086e-41 2.59663e-33 4.35638e-26 8.83465e-20 2.16571e-14 6.4174e-10 2.29861e-06 0.000995218 0.0520867 0.329934 0.274601 0.169661 0.127496 0.0363902 0.00796134 0.000835628 3.66226e-05 4.65638e-07 1.32688e-09 7.05365e-13 6.15091e-17 8.07501e-22 1.50813e-27 3.85359e-34 1.31021e-41
 1.79353e-41 2.4893e-33 4.17632e-26 8.4695e-20 2.0762e-14 6.15215e-10 2.2036e-06 0.000954084 0.0499344 0.316468 0.269284 0.184295 0.1315 0.0387405 0.0080354 0.000757541 2.77934e-05 2.88686e-07 6.48213e-10 2.60559e-13 1.67246e-17 1.59153e-22 2.13387e-28 3.89061e-35 9.40872e-43
 1.8281e-41 2.53728e-33 4.25681e-26 8.63273e-20 2.11621e-14 6.27072e-10 2.24607e-06 0.000972471 0.0508972 0.322676 0.276372 0.181965 0.121691 0.0372913 0.00745858 0.000653524 2.03739e-05 1.68689e-07 2.93301e-10 8.97261e-14 4.29759e-18 2.99741e-23 2.90848e-29 3.8071e-36 6.57547e-44
 1.82817e-41 2.53738e-33 4.25698e-26 8.63307e-20 2.11629e-14 6.27097e-10 2.24616e-06 0.000972509 0.0508992 0.322689 0.276388 0.182234 0.122656 0.0366883 0.00690162 0.000553702 1.52453e-05 1.08102e-07 1.57293e-10 3.96626e-14 1.55086e-18 8.77375e-24 6.87421e-30 7.24184e-37 1.00426e-44
#pred catch len freq
 2.56751e-27 2.60003e-27 4.33891e-26 8.61334e-20 2.11146e-14 6.25662e-10 2.24102e-06 0.000970275 0.0507807 0.321252 0.245896 0.0373168 0.111283 0.10277 0.0258392 0.0334137 0.0155833 0.0136737 0.00920109 0.007523 0.00623919 0.00561828 0.00580636 0.00522764 0.00160328
 2.56946e-27 2.60502e-27 4.73841e-26 9.45593e-20 2.31801e-14 6.86867e-10 2.46024e-06 0.00106519 0.0557483 0.352679 0.269932 0.0398249 0.113485 0.104461 0.0202545 0.0200136 0.00785577 0.00507412 0.00281089 0.00194348 0.00140248 0.00112096 0.00104889 0.00095546 0.000322179
 2.56897e-27 2.60359e-27 4.59968e-26 9.16322e-20 2.24625e-14 6.65605e-10 2.38408e-06 0.00103222 0.0540225 0.341761 0.261619 0.0412957 0.130519 0.120061 0.0209316 0.0175589 0.00600531 0.00262456 0.00109845 0.000560847 0.000318589 0.000212741 0.000172326 0.000150565 5.28631e-05
 2.56859e-27 2.60259e-27 4.51329e-26 8.98099e-20 2.20158e-14 6.52368e-10 2.33667e-06 0.00101169 0.0529482 0.334965 0.256431 0.0413557 0.134621 0.12392 0.0229526 0.0211835 0.00689832 0.00242906 0.000794668 0.00026875 0.000102229 4.99235e-05 3.22469e-05 2.53315e-05 8.89638e-06
 2.57107e-27 2.60931e-27 5.10887e-26 1.02374e-19 2.50958e-14 7.43633e-10 2.66357e-06 0.00115322 0.0603555 0.381826 0.292184 0.0395382 0.0956707 0.0879859 0.0167636 0.0161168 0.00540214 0.00213045 0.000642767 0.000167008 4.03802e-05 1.18017e-05 5.10421e-06 3.25664e-06 1.09767e-06
 2.56805e-27 2.60103e-27 4.36922e-26 8.67704e-20 2.12707e-14 6.3029e-10 2.25759e-06 0.000977451 0.0511563 0.323629 0.24779 0.0423462 0.148229 0.136341 0.0226782 0.0174399 0.00590448 0.0024577 0.000782141 0.000215301 4.1791e-05 7.32974e-06 1.63013e-06 6.85344e-07 2.08085e-07
 2.56816e-27 2.60144e-27 4.41415e-26 8.77184e-20 2.15031e-14 6.37176e-10 2.28226e-06 0.00098813 0.0517152 0.327164 0.250476 0.0414375 0.139428 0.128414 0.024813 0.0242892 0.00774883 0.00246027 0.000780753 0.000227963 4.72872e-05 7.03744e-06 8.20446e-07 1.5663e-07 3.69672e-08
 2.5708e-27 2.60859e-27 5.0446e-26 1.01018e-19 2.47634e-14 7.33785e-10 2.6283e-06 0.00113795 0.0595563 0.376769 0.288326 0.039759 0.100061 0.0920259 0.0172734 0.0162699 0.00556379 0.00236097 0.000689601 0.000163284 3.47766e-05 5.49187e-06 5.26354e-07 4.10906e-08 5.18213e-09
 2.56975e-27 2.60564e-27 4.77438e-26 9.53175e-20 2.33659e-14 6.92374e-10 2.47997e-06 0.00107373 0.0561952 0.355506 0.272115 0.0413187 0.12332 0.11332 0.0179814 0.0125093 0.00419712 0.00170479 0.000560331 0.000161217 2.90515e-05 4.28637e-06 4.25664e-07 2.30028e-08 1.07587e-09
 2.57e-27 2.60637e-27 4.84337e-26 9.67731e-20 2.37228e-14 7.02948e-10 2.51784e-06 0.00109013 0.0570534 0.360936 0.276252 0.0407432 0.116035 0.106698 0.0186502 0.0156841 0.00488907 0.00138397 0.000427979 0.000124065 2.69357e-05 3.85661e-06 3.44304e-07 1.79456e-08 4.5591e-10
 2.57082e-27 2.60858e-27 5.03715e-26 1.00861e-19 2.47249e-14 7.32642e-10 2.6242e-06 0.00113618 0.0594635 0.376182 0.287887 0.0403258 0.104683 0.0961793 0.0159898 0.0122733 0.00398934 0.00139875 0.000386196 8.27035e-05 1.71874e-05 2.785e-06 2.57067e-07 1.2172e-08 2.65785e-10
 2.5708e-27 2.60849e-27 5.02623e-26 1.0063e-19 2.46683e-14 7.30967e-10 2.6182e-06 0.00113358 0.0593275 0.375322 0.287235 0.0406074 0.107284 0.0985256 0.0154306 0.0103992 0.00329597 0.00104079 0.000306968 7.49201e-05 1.22513e-05 1.69896e-06 1.70154e-07 8.38042e-09 1.67752e-10
 2.57033e-27 2.60723e-27 4.91552e-26 9.82949e-20 2.40958e-14 7.14002e-10 2.55743e-06 0.00110727 0.0579506 0.366611 0.280587 0.0408509 0.113807 0.10457 0.0169508 0.01234 0.00381508 0.00103794 0.00028866 6.62976e-05 1.2101e-05 1.5148e-06 1.24705e-07 6.39845e-09 1.31802e-10
 2.57008e-27 2.60654e-27 4.85491e-26 9.70163e-20 2.37824e-14 7.04715e-10 2.52417e-06 0.00109287 0.0571968 0.361843 0.276948 0.0410019 0.117514 0.107995 0.0176396 0.0130532 0.00409807 0.00121321 0.000324831 6.50072e-05 1.0982e-05 1.42619e-06 1.1177e-07 4.82701e-09 1.00287e-10
 2.5694e-27 2.6047e-27 4.69205e-26 9.35808e-20 2.29402e-14 6.79759e-10 2.43478e-06 0.00105417 0.0551714 0.349029 0.267172 0.0415108 0.128255 0.1179 0.0192771 0.0142961 0.00450365 0.0013599 0.000375146 7.93589e-05 1.2181e-05 1.41263e-06 1.10035e-07 4.52472e-09 8.19476e-11
 2.56983e-27 2.60588e-27 4.79762e-26 9.58079e-20 2.34861e-14 6.95936e-10 2.49273e-06 0.00107926 0.0564844 0.357335 0.273509 0.0411077 0.120735 0.110982 0.0184217 0.0140871 0.00444228 0.00134507 0.000373583 8.10358e-05 1.30621e-05 1.46107e-06 1.00853e-07 4.00418e-09 6.8434e-11
 2.57025e-27 2.60701e-27 4.89632e-26 9.78899e-20 2.39965e-14 7.1106e-10 2.5469e-06 0.00110271 0.0577118 0.365101 0.279434 0.0408858 0.114883 0.105563 0.0171374 0.0125222 0.00397222 0.00124602 0.000347833 7.57885e-05 1.24402e-05 1.44888e-06 9.86084e-08 3.52081e-09 5.69776e-11
 2.57014e-27 2.6067e-27 4.86694e-26 9.727e-20 2.38446e-14 7.06557e-10 2.53077e-06 0.00109573 0.0573464 0.362789 0.277673 0.0411283 0.117966 0.108374 0.0170152 0.0115323 0.00361692 0.00107735 0.000302591 6.79072e-05 1.12264e-05 1.32715e-06 9.35213e-08 3.30205e-09 4.88652e-11
 2.57026e-27 2.60701e-27 4.89585e-26 9.78799e-20 2.39941e-14 7.10987e-10 2.54664e-06 0.0011026 0.0577059 0.365063 0.279407 0.040977 0.115596 0.106205 0.0169545 0.0119368 0.00369203 0.00100997 0.000275572 5.94677e-05 1.00123e-05 1.20614e-06 8.6333e-08 3.13773e-09 4.58601e-11
 2.57087e-27 2.60868e-27 5.04337e-26 1.00992e-19 2.4757e-14 7.33593e-10 2.62761e-06 0.00113765 0.0595407 0.376671 0.288264 0.0405509 0.106131 0.0974666 0.0153285 0.0104291 0.00324701 0.000925692 0.000247121 4.93643e-05 7.95832e-06 9.52365e-07 6.96967e-08 2.58118e-09 3.86162e-11
 2.5715e-27 2.61038e-27 5.1922e-26 1.04132e-19 2.55266e-14 7.564e-10 2.7093e-06 0.00117302 0.0613917 0.388381 0.297199 0.0401833 0.0970557 0.0890745 0.0135329 0.008444 0.00260714 0.000715826 0.000192681 3.95084e-05 6.03594e-06 6.77031e-07 4.85763e-08 1.83146e-09 2.79765e-11
 2.57161e-27 2.61067e-27 5.21585e-26 1.04631e-19 2.56489e-14 7.60023e-10 2.72228e-06 0.00117864 0.0616858 0.390241 0.298622 0.040283 0.096815 0.088814 0.0127921 0.00681686 0.0020659 0.000515864 0.000135361 2.69942e-05 4.19594e-06 4.60318e-07 3.07964e-08 1.12887e-09 1.7462e-11
 2.57161e-27 2.61066e-27 5.21612e-26 1.04636e-19 2.56503e-14 7.60065e-10 2.72243e-06 0.00117871 0.0616892 0.390263 0.298638 0.040245 0.0965147 0.088548 0.0129477 0.00723563 0.00214675 0.000454134 0.000112732 2.06508e-05 3.09839e-06 3.38424e-07 2.23571e-08 7.70036e-10 1.15303e-11
 2.57144e-27 2.6102e-27 5.1748e-26 1.03765e-19 2.54366e-14 7.53733e-10 2.69975e-06 0.00116889 0.0611753 0.387012 0.296158 0.0404087 0.0995031 0.0912958 0.0132546 0.00724472 0.00216175 0.000479363 0.000114938 1.80842e-05 2.4834e-06 2.54141e-07 1.64918e-08 5.59123e-10 7.93928e-12
 2.57169e-27 2.61089e-27 5.23562e-26 1.05048e-19 2.57511e-14 7.63052e-10 2.73312e-06 0.00118334 0.0619317 0.391796 0.299808 0.0401972 0.0953286 0.0874507 0.0127025 0.00695325 0.00206871 0.000448583 0.000108408 1.75502e-05 2.19397e-06 1.95891e-07 1.16979e-08 3.84607e-10 5.34854e-12
 2.57201e-27 2.61173e-27 5.31065e-26 1.0663e-19 2.61392e-14 7.7455e-10 2.77431e-06 0.00120117 0.0628649 0.3977 0.304312 0.0399596 0.0903564 0.0828652 0.0119417 0.00637249 0.00189509 0.00041147 9.89043e-05 1.57554e-05 2.00323e-06 1.71667e-07 8.88985e-09 2.64227e-10 3.52609e-12
 2.57151e-27 2.61036e-27 5.18716e-26 1.04025e-19 2.55005e-14 7.55626e-10 2.70653e-06 0.00117182 0.0613289 0.387984 0.296901 0.0405114 0.0997619 0.0915018 0.0126961 0.00591838 0.00174776 0.000369747 8.84932e-05 1.40894e-05 1.77174e-06 1.51719e-07 7.65529e-09 2.00413e-10 2.39339e-12
 2.57159e-27 2.61061e-27 5.21013e-26 1.0451e-19 2.56193e-14 7.59146e-10 2.71913e-06 0.00117728 0.0616146 0.389791 0.298278 0.0403264 0.0973864 0.0893388 0.0128421 0.00679368 0.00198233 0.000366583 8.48973e-05 1.32091e-05 1.65342e-06 1.40672e-07 7.04753e-09 1.795e-10 1.91934e-12
 2.57084e-27 2.60855e-27 5.02767e-26 1.00661e-19 2.46757e-14 7.31186e-10 2.61899e-06 0.00113392 0.0593454 0.375435 0.287326 0.0409267 0.10965 0.100642 0.0145991 0.00795691 0.00235731 0.00049369 0.000113708 1.56923e-05 1.88555e-06 1.57851e-07 7.8583e-09 1.98348e-10 2.05632e-12
#obs catch len freq
 1.74785e-41 2.4259e-33 4.06994e-26 8.25376e-20 2.02331e-14 5.99544e-10 2.14747e-06 0.000929781 0.048661 0.307844 0.235802 0.0440981 0.154009 0.130518 0.0371749 0.0287481 0.00880517 0.00279143 0.000548526 6.47006e-05 3.34857e-06 5.53757e-08 2.18009e-10 1.6412e-13 2.03915e-17
 1.77383e-41 2.46196e-33 4.13044e-26 8.37646e-20 2.05339e-14 6.08457e-10 2.17939e-06 0.000943602 0.0493844 0.31242 0.239354 0.045961 0.155227 0.124462 0.0358257 0.0259659 0.00769639 0.00229628 0.000416587 4.2851e-05 1.82551e-06 2.35113e-08 6.89916e-11 3.76166e-14 3.3315e-18
 2.18402e-41 3.03128e-33 5.0856e-26 1.03135e-19 2.52823e-14 7.49161e-10 2.68337e-06 0.00116181 0.0608044 0.384666 0.294476 0.0433061 0.0986007 0.0745246 0.0219471 0.0148961 0.00422938 0.0011719 0.000194935 1.75014e-05 6.11954e-07 6.11461e-09 1.33793e-11 5.29868e-15 3.35331e-19
 1.73927e-41 2.41399e-33 4.04998e-26 8.21327e-20 2.01339e-14 5.96603e-10 2.13694e-06 0.000925219 0.0484223 0.306334 0.234935 0.053756 0.183623 0.128857 0.0255471 0.0129958 0.0035474 0.000907708 0.00013615 1.0562e-05 3.02599e-07 2.34514e-09 3.82528e-12 1.1022e-15 5.00016e-20
 2.11147e-41 2.93058e-33 4.91666e-26 9.97088e-20 2.44424e-14 7.24274e-10 2.59423e-06 0.00112321 0.0587845 0.371888 0.284864 0.0474343 0.113139 0.0764061 0.0270795 0.0157857 0.00287335 0.000541904 7.21514e-05 4.76086e-06 1.10602e-07 6.64094e-10 8.09182e-13 1.69978e-16 5.53962e-21
 2.38377e-41 3.30851e-33 5.55072e-26 1.12567e-19 2.75946e-14 8.17678e-10 2.92879e-06 0.00126806 0.0663654 0.419847 0.321443 0.0454395 0.0786198 0.0484845 0.0111637 0.00552412 0.00153477 0.000280993 2.43128e-05 1.25148e-06 2.31981e-08 1.07068e-10 9.73977e-14 1.49578e-17 3.51326e-22
 1.35561e-41 1.88149e-33 3.15659e-26 6.40151e-20 1.56925e-14 4.64999e-10 1.66555e-06 0.000721126 0.0377409 0.238764 0.184121 0.0756042 0.270961 0.154395 0.0261097 0.00946635 0.00175931 0.000324115 3.10871e-05 1.10857e-06 1.43756e-08 4.96194e-11 3.34709e-14 3.75369e-18 6.36661e-23
 2.24645e-41 3.11793e-33 5.23097e-26 1.06083e-19 2.6005e-14 7.70576e-10 2.76008e-06 0.00119502 0.0625425 0.395663 0.303136 0.0481335 0.0866106 0.0522433 0.0331095 0.0151686 0.00195208 0.000224832 1.73693e-05 5.96555e-07 5.683e-09 1.31145e-11 6.23768e-15 5.04235e-19 6.15625e-24
 2.0293e-41 2.81653e-33 4.72531e-26 9.58284e-20 2.34912e-14 6.96087e-10 2.49327e-06 0.0010795 0.0564968 0.357418 0.274482 0.0632326 0.150024 0.0742461 0.014307 0.00628864 0.00214382 0.000265942 1.22633e-05 2.95522e-07 2.3509e-09 4.07749e-12 1.307e-15 7.13468e-20 6.06412e-25
 2.06219e-41 2.86218e-33 4.8019e-26 9.73815e-20 2.38719e-14 7.07369e-10 2.53368e-06 0.001097 0.0574124 0.363212 0.279015 0.0637731 0.138877 0.0669185 0.0212889 0.00715501 0.00105258 0.000183635 1.20497e-05 2.00862e-07 1.01877e-09 1.31387e-12 3.16138e-16 1.21299e-20 6.96193e-26
 2.02268e-41 2.80735e-33 4.70992e-26 9.55161e-20 2.34147e-14 6.93819e-10 2.48515e-06 0.00107598 0.0563127 0.356256 0.274029 0.0694267 0.148268 0.0663714 0.0201851 0.00676549 0.00118073 0.000118856 6.92966e-06 1.41159e-07 5.81489e-10 4.79335e-13 7.77139e-17 2.14757e-21 8.90615e-27
 2.14097e-41 2.97152e-33 4.98535e-26 1.01102e-19 2.47839e-14 7.34393e-10 2.63048e-06 0.00113891 0.0596058 0.37709 0.289983 0.0677963 0.126624 0.0537173 0.0176835 0.00537854 0.000887255 8.91459e-05 3.7358e-06 5.79601e-08 2.36482e-10 1.71163e-13 1.96097e-17 3.54232e-22 9.8661e-28
 2.09264e-41 2.90445e-33 4.87281e-26 9.88197e-20 2.42245e-14 7.17815e-10 2.5711e-06 0.0011132 0.0582603 0.368582 0.283972 0.0752577 0.1386 0.053801 0.0153832 0.00427634 0.000688492 6.20439e-05 2.31959e-06 2.69355e-08 7.88882e-11 4.75149e-14 4.70111e-18 6.72158e-23 1.33328e-28
 2.04498e-41 2.8383e-33 4.76183e-26 9.65691e-20 2.36728e-14 7.01467e-10 2.51254e-06 0.00108784 0.0569334 0.360192 0.278096 0.0819263 0.14551 0.0542775 0.0171732 0.00418463 0.00056928 4.58293e-05 1.48431e-06 1.41843e-08 3.11167e-11 1.31852e-14 9.60638e-19 1.08127e-23 1.72084e-29
 1.93007e-41 2.6788e-33 4.49425e-26 9.11425e-20 2.23425e-14 6.62049e-10 2.37135e-06 0.00102671 0.0537342 0.33996 0.263567 0.0938112 0.164232 0.0588389 0.0196196 0.00457142 0.000596764 3.92844e-05 1.04017e-06 8.0984e-09 1.39283e-11 4.40401e-15 2.28086e-19 1.79894e-24 2.05302e-30
 1.75394e-41 2.43436e-33 4.08414e-26 8.28255e-20 2.03037e-14 6.01636e-10 2.15496e-06 0.000933024 0.0488308 0.308951 0.241239 0.109861 0.189293 0.0683035 0.0259937 0.00580712 0.00074004 4.39935e-05 9.39111e-07 5.61177e-09 7.42123e-12 1.78135e-15 6.84744e-20 3.90777e-25 3.15514e-31
 1.97043e-41 2.73482e-33 4.58823e-26 9.30484e-20 2.28097e-14 6.75894e-10 2.42094e-06 0.00104818 0.0548578 0.34708 0.269968 0.0977018 0.144156 0.0548701 0.0240575 0.00550346 0.000714392 3.91313e-05 7.16229e-07 3.35203e-09 3.29096e-12 5.81921e-16 1.65037e-20 6.91738e-26 4.06477e-32
 1.92273e-41 2.66862e-33 4.47716e-26 9.0796e-20 2.22576e-14 6.59533e-10 2.36234e-06 0.00102281 0.0535299 0.338695 0.265016 0.11168 0.156535 0.0507015 0.0178887 0.00430837 0.00058848 3.11715e-05 5.02962e-07 1.92384e-09 1.45021e-12 1.88373e-16 3.852e-21 1.16191e-26 4.92602e-33
 1.91085e-41 2.65214e-33 4.44952e-26 9.02353e-20 2.21201e-14 6.5546e-10 2.34775e-06 0.00101649 0.0531993 0.336619 0.26456 0.118368 0.154074 0.0506625 0.0176974 0.00336894 0.000410399 2.1437e-05 3.15554e-07 1.0169e-09 6.07789e-13 5.99931e-17 9.03517e-22 1.9655e-27 5.94489e-34
 1.93133e-41 2.68055e-33 4.49718e-26 9.1202e-20 2.23571e-14 6.62482e-10 2.3729e-06 0.00102738 0.0537693 0.340243 0.268405 0.122642 0.146523 0.0477337 0.0163586 0.00298185 0.000300573 1.28248e-05 1.67178e-07 4.63783e-10 2.2574e-13 1.73817e-17 1.9806e-22 3.18943e-28 7.02514e-35
 2.00408e-41 2.78154e-33 4.6666e-26 9.46378e-20 2.31993e-14 6.87439e-10 2.46229e-06 0.00106609 0.055795 0.353075 0.278941 0.122075 0.131549 0.0415517 0.0134051 0.0023203 0.000212079 7.31822e-06 7.38502e-08 1.65381e-10 6.54898e-14 4.00524e-18 3.52688e-23 4.29334e-29 7.0309e-36
 2.0045e-41 2.78212e-33 4.66758e-26 9.46575e-20 2.32042e-14 6.87583e-10 2.46281e-06 0.00106631 0.0558067 0.353181 0.280752 0.129822 0.128955 0.0377104 0.0108471 0.00171336 0.000139848 4.09957e-06 3.2215e-08 5.37815e-11 1.60783e-14 7.56629e-19 5.13973e-24 4.78286e-30 5.91287e-37
 2.03909e-41 2.83013e-33 4.74812e-26 9.6291e-20 2.36046e-14 6.99447e-10 2.50531e-06 0.00108471 0.0567697 0.359305 0.286694 0.131413 0.119279 0.0347932 0.00929901 0.0012689 8.80773e-05 2.15695e-06 1.35528e-08 1.71552e-11 3.75141e-15 1.28224e-19 6.38808e-25 4.40932e-31 4.0675e-38
 1.97151e-41 2.73633e-33 4.59076e-26 9.30998e-20 2.28223e-14 6.76267e-10 2.42228e-06 0.00104876 0.0548885 0.347471 0.280877 0.146344 0.124876 0.0347986 0.00856312 0.0010671 6.16425e-05 1.20256e-06 5.926e-09 5.75036e-12 9.37917e-16 2.33497e-20 8.35313e-26 4.1243e-32 2.73046e-39
 2.0158e-41 2.7978e-33 4.69389e-26 9.51912e-20 2.3335e-14 6.91459e-10 2.47669e-06 0.00107232 0.0561216 0.355319 0.28813 0.144332 0.113163 0.0331684 0.00778313 0.000864984 4.25652e-05 6.60189e-07 2.46889e-09 1.79542e-12 2.17851e-16 3.99332e-21 1.03976e-26 3.69721e-33 1.74885e-40
 1.99681e-41 2.77145e-33 4.64968e-26 9.42946e-20 2.31152e-14 6.84946e-10 2.45336e-06 0.00106222 0.0555933 0.352067 0.288855 0.153625 0.111234 0.0302516 0.00658623 0.000693095 2.9121e-05 3.61914e-07 1.03288e-09 5.54314e-13 4.90102e-17 6.52965e-22 1.23401e-27 3.17608e-34 1.08314e-41
 1.93707e-41 2.68852e-33 4.51055e-26 9.14731e-20 2.24236e-14 6.64451e-10 2.37996e-06 0.00103044 0.0539303 0.34168 0.285316 0.166637 0.113855 0.0308815 0.00608285 0.000563766 2.06555e-05 2.09618e-07 4.60022e-10 1.83632e-13 1.18227e-17 1.13322e-22 1.53366e-28 2.82509e-35 6.89954e-43
 1.86249e-41 2.58501e-33 4.33689e-26 8.79512e-20 2.15602e-14 6.38868e-10 2.28832e-06 0.000990764 0.0518546 0.328727 0.280734 0.180694 0.117637 0.0327617 0.00608227 0.000501042 1.52614e-05 1.25676e-07 2.1595e-10 6.49219e-14 3.06965e-18 2.12981e-23 2.06752e-29 2.71603e-36 4.71581e-44
 1.88997e-41 2.62315e-33 4.40088e-26 8.9249e-20 2.18783e-14 6.48295e-10 2.32209e-06 0.00100538 0.0526197 0.333535 0.283037 0.174078 0.115176 0.0337564 0.00627624 0.000499758 1.37002e-05 9.68933e-08 1.40766e-10 3.5461e-14 1.3857e-18 7.83587e-24 6.13735e-30 6.46393e-37 8.96205e-45
#spawning biomass
 5310.29 7955.78 9945.34 11962.7 18946.2 30492.9 29042.4 34939 45005.4 57409.5 71632.6 89395.6 120312 138384 136239 118198 111746 102228 96880.6 95103.6 102656 104676 118671 126129 130208 144638 134379 129739 144350 243222 227665 126799 67029.2 38131.8 25706.5 20751 18873.3 18187.2 17943 17857.8 17828.5 17818.5 17815.2 17814 17813.7 17813.5 17813.5 17813.5 17813.5 17813.5 17813.5 17813.5 17813.5 17813.5 17813.5 17813.5 17813.5 17813.5 17813.5 17813.5 17813.5 17813.5 17813.5 17813.5 17813.5 17813.5 17813.5 17813.5 17813.5 17813.5 17813.5 17813.5 17813.5 17813.5 17813.5 17813.5 17813.5 17813.5 17813.5 17813.5 17813.5 17813.5 17813.5 17813.5 17813.5 17813.5 17813.5 17813.5 17813.5 17813.5 17813.5 17813.5 17813.5 17813.5 17813.5 17813.5 17813.5 17813.5 17813.5 17813.5 17813.5 17813.5 17813.5 17813.5 17813.5 17813.5 17813.5 17813.5 17813.5 17813.5 17813.5 17813.5 17813.5 17813.5 17813.5 17813.5 17813.5 17813.5 17813.5 17813.5 17813.5 17813.5 17813.5 17813.5 17813.5 17813.5 17813.5 17813.5 17813.5 0 0 0 0 0 0 0 0 0 0 0 0 0 0 0 0 0 0 0 0 0 0 0 0 0
