SBPRF35
0.224663
Curr Bio
46355.5
B35
185530
F35
0.329541
FOFL
0.0793038
OFL
9859.49
Bzero
64189.3
#pred survey bio
 7552.71 7979.03 8290.96 8130.6 10626.3 15643.7 16986.2 19804.7 32041.8 52905.6 74001.3 92620.2 119047 153197 154125 138456 128503 124247 125130 127412 128744 133627 142748 155871 171624 182296 175716 162037 5.99757e+06 4.06763e+06 3.24645e+06 2.38286e+06 1.7457e+06 1.34101e+06 1.10292e+06 968344 893642 852325 829317 816320 808835 804429 801773 800133 799107 798455 798034 797758 797577 797457 797376 797322 797286 797262 797246 797235 797227 797222 797219 797216 797215 797214 797213 797213 797212 797212 797212 797212 797212 797212 797212 797212 797212 797212 797212 797212 797212 797212 797212 797212 797212 797212 797212 797212 797212 797212 797212 797212 797212 797212 797212 797212 797212 797212 797212 797212 797212 797212 797212 797212 797212 797212 797212 797212 797212 797212 797212 797212 797212 797212 797212 797212 797212 797212 797212 797212 797212 797212 797212 797212 797212 797212 797212 797212 797212 797212 797212 797212 0 0 0 0 0 0 0 0 0 0 0 0 0 0 0 0 0 0 0 0 0 0 0 0 0
#obs survey bio
 7004.85 6565.96 3952.49 11156.5 9453.59 21892.6 12430.3 35310 41444.1 75273.3 90338.5 98974.6 166324 123358 205778 96020.6 146762 102640 91854.1 121071 97721.7 137836 111526 190358 167225 180872 143444 169626
#pred catch bio
 4549.53 5257.91 5759.42 5485.58 6513.19 10370 11819.3 12721.8 18825.5 31941.9 48297 61868.9 77076.9 104586 106676 96039.8 88601.9 86275 86889.6 88893 88751.7 91030.8 97351.3 103713 112019 120800 118855 99445.6 9859.49 44567.5 34748.5 24829.2 17720.9 13348.1 10874.9 9545.57 8853.8 8501.42 8324.47 8236.46 8192.99 8171.6 8161.12 8155.98 8153.48 8152.26 8151.67 8151.38 8151.24 8151.17 8151.14 8151.12 8151.12 8151.11 8151.11 8151.11 8151.11 8151.11 8151.11 8151.11 8151.11 8151.11 8151.11 8151.11 8151.11 8151.11 8151.11 8151.11 8151.11 8151.11 8151.11 8151.11 8151.11 8151.11 8151.11 8151.11 8151.11 8151.11 8151.11 8151.11 8151.11 8151.11 8151.11 8151.11 8151.11 8151.11 8151.11 8151.11 8151.11 8151.11 8151.11 8151.11 8151.11 8151.11 8151.11 8151.11 8151.11 8151.11 8151.11 8151.11 8151.11 8151.11 8151.11 8151.11 8151.11 8151.11 8151.11 8151.11 8151.11 8151.11 8151.11 8151.11 8151.11 8151.11 8151.11 8151.11 8151.11 8151.11 8151.11 8151.11 8151.11 8151.11 8151.11 8151.11 8151.11 8151.11 8151.11 8151.11 0 0 0 0 0 0 0 0 0 0 0 0 0 0 0 0 0 0 0 0 0 0 0 0 0
#obs catch bio
 4985.29 5243.6 5990.23 5438.66 6408.88 9965.47 11860.1 12390 17971 30536.8 46546.3 60908.7 74747.3 105859 107667 97239.6 87497.5 87510.8 89060.1 90100.9 89393.6 91779 100612 104350 111328 121784 121523 99308.3
#pred cpue bio
 7005.49 7132.42 7427.81 7245.28 9331.81 13857 15201.9 17422 28018.5 46749 65846.1 82050.4 104993 135917 137990 124448 114951 111075 111356 113451 114583 118973 127074 138491 153157 163523 158256 145694 5.42555e+06 4.04003e+06 3.21884e+06 2.35525e+06 1.71809e+06 1.3134e+06 1.07532e+06 940740 866039 824722 801713 788716 781232 776826 774170 772529 771504 770851 770430 770155 769974 769853 769773 769719 769683 769659 769642 769631 769624 769619 769615 769613 769611 769610 769610 769609 769609 769609 769608 769608 769608 769608 769608 769608 769608 769608 769608 769608 769608 769608 769608 769608 769608 769608 769608 769608 769608 769608 769608 769608 769608 769608 769608 769608 769608 769608 769608 769608 769608 769608 769608 769608 769608 769608 769608 769608 769608 769608 769608 769608 769608 769608 769608 769608 769608 769608 769608 769608 769608 769608 769608 769608 769608 769608 769608 769608 769608 769608 769608 769608 0 0 0 0 0 0 0 0 0 0 0 0 0 0 0 0 0 0 0 0 0 0 0 0 0
#obs cpue bio
 7505.93 10003.3 6314.24 8296.15 13653.8 22531.3 14404.6 18381 55757.8 63788.9 86222.8 83928.4 135894 106110 92434.9 146664 140268 90838.4 96435.7 105230 138261 99464.3 82932.8 123516 186962 131649 129617 160491
#pred surv len freq
 2.14673e-27 2.17547e-27 6.83637e-27 1.59489e-21 9.4854e-17 1.29696e-12 4.07701e-09 2.94647e-06 0.000489551 0.0187005 0.164229 0.331581 0.154287 0.0264376 0.0615536 0.0863098 0.0348028 0.0271062 0.0240285 0.0162084 0.0136677 0.0118814 0.0123433 0.0115209 0.0048493
 2.14881e-27 2.18171e-27 7.55271e-27 1.83798e-21 1.09312e-16 1.49464e-12 4.69843e-09 3.39557e-06 0.000564169 0.0215509 0.189261 0.382121 0.177701 0.027741 0.0542829 0.0757784 0.0277906 0.0137834 0.0109449 0.00589482 0.00410942 0.00291949 0.00252155 0.00214112 0.00089098
 2.14806e-27 2.18006e-27 7.38498e-27 1.78109e-21 1.05928e-16 1.44838e-12 4.55299e-09 3.29046e-06 0.000546705 0.0208838 0.183402 0.370293 0.17229 0.0292623 0.0671359 0.0938167 0.0332161 0.0127465 0.00908439 0.0034803 0.00174279 0.000919863 0.000592325 0.000418915 0.000165174
 2.1485e-27 2.18119e-27 7.50989e-27 1.82347e-21 1.08449e-16 1.48285e-12 4.66135e-09 3.36877e-06 0.000559716 0.0213808 0.187767 0.379105 0.176344 0.0287212 0.0611769 0.0854574 0.0308452 0.0136989 0.00986917 0.00320106 0.00119116 0.000406658 0.000162493 8.17559e-05 2.83802e-05
 2.14974e-27 2.18424e-27 7.8312e-27 1.93247e-21 1.14931e-16 1.57148e-12 4.93997e-09 3.57013e-06 0.000593171 0.0226587 0.19899 0.401764 0.186784 0.0277692 0.048536 0.0676126 0.0241793 0.0100428 0.00721546 0.00253588 0.000974645 0.000259905 6.00336e-05 1.62842e-05 4.21066e-06
 2.14897e-27 2.18233e-27 7.62621e-27 1.86291e-21 1.10795e-16 1.51492e-12 4.76217e-09 3.44163e-06 0.000571822 0.0218432 0.191828 0.387305 0.180134 0.0287012 0.0585838 0.0817384 0.0286656 0.0101169 0.00695912 0.0023537 0.000890704 0.000248324 4.89555e-05 7.0612e-06 9.73123e-07
 2.14805e-27 2.18007e-27 7.38901e-27 1.78246e-21 1.0601e-16 1.44949e-12 4.5565e-09 3.293e-06 0.000547127 0.0208999 0.183544 0.370578 0.172425 0.0293471 0.0675682 0.0944359 0.0336082 0.0134278 0.009411 0.00290597 0.000978468 0.000261836 5.10862e-05 6.21121e-06 4.617e-07
 2.14961e-27 2.18391e-27 7.79812e-27 1.92125e-21 1.14264e-16 1.56236e-12 4.91129e-09 3.5494e-06 0.000589728 0.0225272 0.197835 0.399432 0.185707 0.0277984 0.0494176 0.0688729 0.0248693 0.0110795 0.00800964 0.002644 0.000938976 0.00023028 4.0609e-05 4.67243e-06 2.85498e-07
 2.15004e-27 2.18497e-27 7.90676e-27 1.95808e-21 1.16455e-16 1.59231e-12 5.00546e-09 3.61746e-06 0.000601035 0.0229591 0.201628 0.40709 0.189244 0.0277237 0.0466531 0.0649232 0.0227528 0.00798274 0.00551286 0.00194033 0.00075041 0.000196065 3.45543e-05 3.63076e-06 2.01734e-07
 2.14917e-27 2.18281e-27 7.67689e-27 1.8801e-21 1.11817e-16 1.5289e-12 4.80611e-09 3.47339e-06 0.000577098 0.0220448 0.193598 0.390878 0.181781 0.028577 0.0567486 0.0791473 0.0276967 0.00957505 0.00647585 0.00199354 0.000676906 0.000186553 3.57586e-05 3.87398e-06 2.0493e-07
 2.14859e-27 2.1814e-27 7.52997e-27 1.83028e-21 1.08854e-16 1.48838e-12 4.67874e-09 3.38134e-06 0.000561804 0.0214605 0.188468 0.380519 0.177003 0.0288478 0.0615237 0.0859194 0.0306514 0.0124808 0.00877272 0.00267425 0.000863133 0.000209443 3.75013e-05 4.29392e-06 2.38329e-07
 2.149e-27 2.18242e-27 7.63923e-27 1.86735e-21 1.11058e-16 1.51852e-12 4.7735e-09 3.44982e-06 0.000573183 0.0218952 0.192285 0.388226 0.180548 0.0283893 0.0564019 0.0787094 0.0282291 0.0119762 0.00858506 0.00286337 0.00102483 0.00024556 4.02307e-05 4.19163e-06 2.31627e-07
 2.14936e-27 2.18331e-27 7.73154e-27 1.89865e-21 1.1292e-16 1.54398e-12 4.85353e-09 3.50766e-06 0.000582792 0.0222623 0.195508 0.394734 0.183551 0.0282123 0.05336 0.0743965 0.0263634 0.0101833 0.00717334 0.00245444 0.000925094 0.000242865 4.24698e-05 4.23363e-06 2.14876e-07
 2.14884e-27 2.182e-27 7.59265e-27 1.85153e-21 1.10118e-16 1.50566e-12 4.73308e-09 3.42061e-06 0.000568329 0.0217098 0.190656 0.384938 0.179042 0.0287524 0.0596093 0.0831969 0.0293583 0.0109413 0.00759004 0.00246189 0.000882781 0.000238825 4.49979e-05 4.83709e-06 2.47097e-07
 2.14801e-27 2.17998e-27 7.3798e-27 1.77933e-21 1.05824e-16 1.44695e-12 4.54852e-09 3.28722e-06 0.000546168 0.0208632 0.183222 0.369929 0.172126 0.0293711 0.0679104 0.0949181 0.0337752 0.013483 0.00948091 0.00301211 0.00103816 0.000266583 4.92674e-05 5.57103e-06 3.04828e-07
 2.14767e-27 2.17916e-27 7.29536e-27 1.7507e-21 1.04121e-16 1.42367e-12 4.47533e-09 3.23433e-06 0.00053738 0.0205275 0.180274 0.363977 0.169375 0.0294 0.0698806 0.0977372 0.0353375 0.0158839 0.011502 0.00379768 0.00135907 0.000341251 6.00182e-05 6.56326e-06 3.6604e-07
 2.14815e-27 2.18035e-27 7.42301e-27 1.79401e-21 1.06697e-16 1.45889e-12 4.58603e-09 3.31434e-06 0.000550672 0.0210353 0.184733 0.37298 0.173518 0.0288904 0.0640564 0.0895345 0.0325259 0.0151103 0.0111114 0.00393782 0.00153108 0.000401687 7.17795e-05 7.59211e-06 4.08175e-07
 2.14819e-27 2.18044e-27 7.43056e-27 1.79656e-21 1.06849e-16 1.46096e-12 4.59256e-09 3.31906e-06 0.000551456 0.0210653 0.184996 0.373511 0.173768 0.0290119 0.0646378 0.0903275 0.0324431 0.0139211 0.0101078 0.00366098 0.00148373 0.00042021 8.11293e-05 8.87185e-06 4.72411e-07
 2.14861e-27 2.18146e-27 7.53768e-27 1.8329e-21 1.0901e-16 1.49051e-12 4.68545e-09 3.38619e-06 0.00056261 0.0214913 0.188738 0.381065 0.177249 0.0286818 0.0603458 0.0842748 0.0302717 0.0129924 0.00937276 0.00323743 0.00126234 0.00036727 7.56289e-05 8.94573e-06 5.01303e-07
 2.14854e-27 2.18128e-27 7.5172e-27 1.82595e-21 1.08596e-16 1.48486e-12 4.66767e-09 3.37334e-06 0.000560475 0.0214098 0.188022 0.379619 0.176587 0.0288676 0.0619161 0.0864691 0.0307894 0.0123641 0.00879452 0.00303301 0.00116468 0.000324756 6.61044e-05 8.20137e-06 4.92518e-07
 2.14858e-27 2.18138e-27 7.52843e-27 1.82976e-21 1.08823e-16 1.48796e-12 4.67741e-09 3.38038e-06 0.000561645 0.0214544 0.188414 0.380411 0.176951 0.0288135 0.0613469 0.0856717 0.0305782 0.0125061 0.00888667 0.00294865 0.00108652 0.000299031 5.91521e-05 7.18122e-06 4.41547e-07
 2.14854e-27 2.1813e-27 7.51989e-27 1.82686e-21 1.0865e-16 1.4856e-12 4.67001e-09 3.37503e-06 0.000560756 0.0214205 0.188116 0.379809 0.176674 0.0288398 0.0616891 0.0861542 0.0307502 0.0125771 0.00894916 0.00299779 0.00110372 0.000292498 5.57378e-05 6.59423e-06 3.97169e-07
 2.14856e-27 2.18135e-27 7.52511e-27 1.82863e-21 1.08756e-16 1.48704e-12 4.67453e-09 3.3783e-06 0.000561299 0.0214412 0.188298 0.380177 0.176843 0.0287992 0.0613302 0.0856522 0.0306244 0.0126944 0.00905866 0.00303555 0.0011208 0.00029825 5.58259e-05 6.35525e-06 3.70826e-07
 2.14873e-27 2.18177e-27 7.56962e-27 1.84373e-21 1.09654e-16 1.49932e-12 4.71313e-09 3.40619e-06 0.000565934 0.0216183 0.189853 0.383316 0.178288 0.0286588 0.0595273 0.0831084 0.0296923 0.0122375 0.00873058 0.0029483 0.00109771 0.000292781 5.49201e-05 6.19059e-06 3.50877e-07
 2.14833e-27 2.18078e-27 7.46438e-27 1.80803e-21 1.07531e-16 1.47029e-12 4.62187e-09 3.34024e-06 0.000554976 0.0211997 0.186177 0.375894 0.174871 0.0290311 0.0640367 0.0894627 0.0319099 0.0129845 0.00923399 0.00310833 0.00115602 0.000310617 5.86804e-05 6.62746e-06 3.73261e-07
 2.14786e-27 2.17964e-27 7.34554e-27 1.76773e-21 1.05134e-16 1.43751e-12 4.51884e-09 3.26578e-06 0.000542604 0.0207271 0.182027 0.367515 0.171006 0.0292689 0.068014 0.095098 0.0342925 0.0151323 0.0109335 0.00365454 0.00134721 0.000360898 6.83488e-05 7.77315e-06 4.39398e-07
 2.14749e-27 2.17873e-27 7.25143e-27 1.73581e-21 1.03235e-16 1.41156e-12 4.43726e-09 3.20682e-06 0.000532808 0.0203529 0.17874 0.36088 0.167945 0.0294297 0.070995 0.0993233 0.036096 0.0168103 0.0123486 0.0043292 0.00167197 0.000447064 8.40677e-05 9.55691e-06 5.42693e-07
 2.14767e-27 2.17919e-27 7.30107e-27 1.75265e-21 1.04237e-16 1.42526e-12 4.48031e-09 3.23793e-06 0.000537978 0.0205504 0.180475 0.364382 0.169554 0.0291766 0.0683946 0.0956684 0.0349444 0.016828 0.012493 0.00453265 0.00183321 0.000514974 0.000100044 1.1371e-05 6.43955e-07
#obs surv len freq
 1.23537e-39 6.04629e-33 6.80338e-27 1.75997e-21 1.04672e-16 1.4312e-12 4.49899e-09 3.25143e-06 0.00054023 0.0206361 0.181226 0.365901 0.17026 0.0292704 0.0685102 0.0958061 0.0346516 0.0156222 0.0114104 0.00401803 0.00158515 0.0004529 9.39057e-05 1.20583e-05 7.97967e-07
 1.3149e-39 6.43554e-33 7.24137e-27 1.87327e-21 1.11411e-16 1.52334e-12 4.78863e-09 3.46075e-06 0.000575009 0.0219646 0.192893 0.389456 0.181111 0.028236 0.0550959 0.0768814 0.0277512 0.0123367 0.00896717 0.00310733 0.00120355 0.000339565 6.90075e-05 8.587e-06 5.46682e-07
 1.1509e-39 5.63284e-33 6.33816e-27 1.63962e-21 9.75144e-17 1.33333e-12 4.19135e-09 3.0291e-06 0.000503288 0.019225 0.168834 0.340881 0.158756 0.0309358 0.0862175 0.120692 0.0424409 0.0153473 0.0106433 0.00365224 0.00139561 0.000386669 7.7025e-05 9.38977e-06 5.81065e-07
 1.34455e-39 6.58065e-33 7.40466e-27 1.91551e-21 1.13923e-16 1.55769e-12 4.89661e-09 3.53879e-06 0.000587975 0.0224599 0.197243 0.398237 0.185144 0.0275163 0.0480561 0.0670157 0.0250582 0.013842 0.0102873 0.0031518 0.00105168 0.000283252 5.53549e-05 6.60464e-06 3.99851e-07
 1.39063e-39 6.80616e-33 7.6584e-27 1.98115e-21 1.17827e-16 1.61107e-12 5.0644e-09 3.66005e-06 0.000608123 0.0232295 0.204002 0.411883 0.191455 0.0275622 0.0442233 0.0614834 0.0213308 0.00679277 0.00463772 0.00181307 0.000752904 0.00018595 3.25447e-05 3.74055e-06 2.21489e-07
 1.26557e-39 6.19411e-33 6.96971e-27 1.803e-21 1.07231e-16 1.46619e-12 4.60899e-09 3.33092e-06 0.000553438 0.0211406 0.185657 0.374846 0.17441 0.0296321 0.068022 0.0949931 0.0326866 0.00950643 0.00605816 0.00173895 0.000552949 0.000163797 3.22607e-05 3.43213e-06 1.89395e-07
 1.27836e-39 6.25668e-33 7.04011e-27 1.82121e-21 1.08314e-16 1.481e-12 4.65554e-09 3.36457e-06 0.000559028 0.0213541 0.187532 0.378632 0.176133 0.0289028 0.0624292 0.0872079 0.0312793 0.0132593 0.00929197 0.00254571 0.000687949 0.000152619 2.66922e-05 3.17101e-06 1.77441e-07
 1.41736e-39 6.93699e-33 7.80561e-27 2.01924e-21 1.20092e-16 1.64204e-12 5.16175e-09 3.73041e-06 0.000619813 0.0236761 0.207923 0.4198 0.195094 0.0269883 0.0383335 0.053219 0.0189313 0.0075431 0.00533346 0.00177084 0.000613801 0.000130183 1.80214e-05 1.73883e-06 9.62831e-08
 1.41776e-39 6.93895e-33 7.80781e-27 2.01981e-21 1.20126e-16 1.6425e-12 5.16321e-09 3.73146e-06 0.000619988 0.0236827 0.207982 0.419919 0.195162 0.0273461 0.0404819 0.0561859 0.0191463 0.00496078 0.00307283 0.000986015 0.000346753 8.83913e-05 1.42907e-05 1.23247e-06 5.53046e-08
 1.34585e-39 6.58698e-33 7.41178e-27 1.91736e-21 1.14032e-16 1.55919e-12 4.90132e-09 3.54219e-06 0.00058854 0.0224815 0.197432 0.39862 0.185358 0.028479 0.0538173 0.0749716 0.0256313 0.00690781 0.00424516 0.00110365 0.000280073 6.72911e-05 1.17894e-05 1.18431e-06 5.4185e-08
 1.32279e-39 6.47412e-33 7.28478e-27 1.8845e-21 1.12079e-16 1.53247e-12 4.81734e-09 3.4815e-06 0.000578456 0.0220963 0.194049 0.391791 0.182204 0.028592 0.0565655 0.0788849 0.0275539 0.00935347 0.00619585 0.00163625 0.000405708 7.81756e-05 1.0593e-05 1.04257e-06 5.2732e-08
 1.35811e-39 6.64702e-33 7.47933e-27 1.93483e-21 1.15072e-16 1.5734e-12 4.94599e-09 3.57448e-06 0.000593904 0.0226864 0.199232 0.402253 0.187019 0.0279832 0.049696 0.0692153 0.0243156 0.00870937 0.00591845 0.00174221 0.000516466 0.000102365 1.25154e-05 9.74876e-07 4.30109e-08
 1.33617e-39 6.53962e-33 7.35849e-27 1.90357e-21 1.13212e-16 1.54798e-12 4.86608e-09 3.51672e-06 0.000584309 0.0223198 0.196013 0.395754 0.184031 0.0284349 0.054412 0.0758383 0.0263208 0.00839664 0.00554459 0.00167909 0.000531318 0.000118573 1.66137e-05 1.2767e-06 4.80334e-08
 1.28975e-39 6.31245e-33 7.10287e-27 1.83744e-21 1.0928e-16 1.4942e-12 4.69704e-09 3.39456e-06 0.000564011 0.0215445 0.189204 0.382007 0.177698 0.0290416 0.0622589 0.0869125 0.0304165 0.0105186 0.00705906 0.00201957 0.000593453 0.000136138 2.09193e-05 1.81775e-06 7.28068e-08
 1.15857e-39 5.67038e-33 6.3804e-27 1.65055e-21 9.81644e-17 1.34222e-12 4.21928e-09 3.04928e-06 0.000506643 0.0193531 0.169959 0.343153 0.159797 0.0307006 0.0840973 0.117735 0.0418492 0.0165551 0.0115336 0.00343483 0.00105367 0.000230642 3.40584e-05 3.11452e-06 1.3781e-07
 1.26676e-39 6.19992e-33 6.97625e-27 1.80469e-21 1.07332e-16 1.46757e-12 4.61331e-09 3.33405e-06 0.000553957 0.0211604 0.185831 0.375198 0.174531 0.0285511 0.0613169 0.0857207 0.0318367 0.0169415 0.0125893 0.00403255 0.00136793 0.000314173 4.70605e-05 4.16486e-06 1.85521e-07
 1.23176e-39 6.02859e-33 6.78347e-27 1.75482e-21 1.04366e-16 1.42701e-12 4.48583e-09 3.24192e-06 0.000538649 0.0205757 0.180696 0.36483 0.169776 0.0295568 0.0705812 0.0986815 0.0350655 0.0138642 0.00997412 0.00381482 0.00157267 0.000398138 6.53828e-05 6.0225e-06 2.67255e-07
 1.27986e-39 6.26404e-33 7.0484e-27 1.82335e-21 1.08442e-16 1.48274e-12 4.66102e-09 3.36853e-06 0.000559686 0.0213793 0.187753 0.379078 0.176332 0.0287196 0.0611762 0.0854594 0.0308874 0.0138468 0.00998483 0.00321514 0.00117901 0.000350691 6.90295e-05 7.09233e-06 3.3612e-07
 1.24506e-39 6.09372e-33 6.85676e-27 1.77378e-21 1.05493e-16 1.44243e-12 4.53429e-09 3.27694e-06 0.000544468 0.020798 0.182648 0.368771 0.171593 0.0294159 0.0685334 0.0957935 0.0340372 0.0134392 0.00952333 0.00327825 0.00123067 0.000320421 6.24194e-05 7.50386e-06 4.08431e-07
 1.26394e-39 6.1861e-33 6.9607e-27 1.80067e-21 1.07092e-16 1.4643e-12 4.60303e-09 3.32662e-06 0.000552722 0.0211133 0.185417 0.374361 0.174161 0.0289936 0.0642705 0.0898143 0.0323346 0.0140998 0.0101112 0.00324417 0.00114807 0.000309465 5.82457e-05 6.65492e-06 3.90724e-07
 1.27684e-39 6.24924e-33 7.03174e-27 1.81905e-21 1.08185e-16 1.47924e-12 4.65001e-09 3.36057e-06 0.000558363 0.0213288 0.187309 0.378182 0.175924 0.0288876 0.0624718 0.0872625 0.0312057 0.0129544 0.00926166 0.00313818 0.0011572 0.00029528 5.37728e-05 6.08207e-06 3.46188e-07
 1.2562e-39 6.14822e-33 6.91807e-27 1.78964e-21 1.06437e-16 1.45533e-12 4.57483e-09 3.30624e-06 0.000549337 0.020984 0.184281 0.372069 0.17311 0.0292153 0.0663146 0.0926752 0.0330661 0.0134858 0.00957098 0.00315818 0.00114909 0.000305821 5.61044e-05 6.10353e-06 3.39185e-07
 1.26025e-39 6.16803e-33 6.94037e-27 1.79541e-21 1.0678e-16 1.46002e-12 4.58958e-09 3.3169e-06 0.000551108 0.0210516 0.184875 0.373268 0.173659 0.0290626 0.065021 0.0908686 0.032657 0.0140632 0.0100827 0.00329244 0.00117516 0.000306301 5.65319e-05 6.26836e-06 3.42913e-07
 1.26221e-39 6.17765e-33 6.95119e-27 1.79821e-21 1.06946e-16 1.46229e-12 4.59674e-09 3.32207e-06 0.000551967 0.0210844 0.185163 0.37385 0.173927 0.0290534 0.0647899 0.0905376 0.0324681 0.0137655 0.00987645 0.0033255 0.00122378 0.000315933 5.70969e-05 6.28471e-06 3.47027e-07
 1.25996e-39 6.16664e-33 6.9388e-27 1.795e-21 1.06755e-16 1.45969e-12 4.58854e-09 3.31615e-06 0.000550983 0.0210468 0.184833 0.373184 0.17362 0.0290709 0.0650975 0.0909742 0.032661 0.0139605 0.0100222 0.00334871 0.00123269 0.000327253 6.01693e-05 6.5425e-06 3.56933e-07
 1.20474e-39 5.89638e-33 6.63471e-27 1.71634e-21 1.02077e-16 1.39572e-12 4.38745e-09 3.17082e-06 0.000526836 0.0201245 0.176733 0.356829 0.166088 0.0298419 0.0747328 0.104559 0.0375057 0.0159292 0.0114267 0.00383329 0.00141425 0.000374286 6.96296e-05 7.72744e-06 4.22344e-07
 1.19536e-39 5.85046e-33 6.58303e-27 1.70297e-21 1.01282e-16 1.38485e-12 4.35327e-09 3.14612e-06 0.000522732 0.0199677 0.175356 0.35405 0.164794 0.0296086 0.0741464 0.103795 0.0380809 0.0188459 0.0139097 0.00465571 0.0017142 0.000454958 8.47646e-05 9.46412e-06 5.24948e-07
 1.22893e-39 6.01478e-33 6.76793e-27 1.7508e-21 1.04127e-16 1.42374e-12 4.47555e-09 3.23449e-06 0.000537415 0.0205285 0.180282 0.363994 0.169373 0.0291175 0.0681514 0.0953381 0.034994 0.0173807 0.0129955 0.00476654 0.00191831 0.00051337 9.56553e-05 1.0706e-05 5.96749e-07
#pred catch len freq
 2.14642e-27 2.17466e-27 6.74839e-27 1.56504e-21 9.30788e-17 1.27269e-12 4.00071e-09 2.89132e-06 0.000480389 0.0183505 0.161155 0.325376 0.151422 0.0265391 0.0640434 0.0898344 0.0362241 0.0282132 0.0250098 0.0168703 0.0142259 0.0123667 0.0128474 0.0119914 0.00504733
 2.14864e-27 2.18129e-27 7.50855e-27 1.823e-21 1.08421e-16 1.48246e-12 4.66014e-09 3.3679e-06 0.000559571 0.0213752 0.187719 0.379007 0.176266 0.0278574 0.0559317 0.0781052 0.028644 0.0142066 0.011281 0.00607583 0.0042356 0.00300914 0.00259898 0.00220687 0.000918338
 2.14794e-27 2.17975e-27 7.3526e-27 1.7701e-21 1.05275e-16 1.43945e-12 4.52491e-09 3.27017e-06 0.000543334 0.020755 0.182271 0.368009 0.171239 0.0293693 0.0684777 0.0957083 0.0338859 0.0130035 0.00926757 0.00355048 0.00177793 0.00093841 0.000604268 0.000427362 0.000168504
 2.14835e-27 2.18083e-27 7.47128e-27 1.81038e-21 1.0767e-16 1.4722e-12 4.62787e-09 3.34458e-06 0.000555696 0.0212272 0.186419 0.376382 0.17509 0.0288455 0.0627565 0.0876853 0.0316493 0.014056 0.0101265 0.00328451 0.00122221 0.00041726 0.00016673 8.38873e-05 2.91201e-05
 2.14954e-27 2.18375e-27 7.77962e-27 1.91497e-21 1.1389e-16 1.55725e-12 4.89523e-09 3.5378e-06 0.0005878 0.0224536 0.197188 0.398126 0.185108 0.027939 0.0506693 0.0706207 0.0252551 0.0104896 0.00753649 0.00264871 0.00101801 0.000271469 6.27046e-05 1.70087e-05 4.398e-06
 2.14881e-27 2.18194e-27 7.58562e-27 1.84915e-21 1.09976e-16 1.50372e-12 4.72698e-09 3.4162e-06 0.000567596 0.0216818 0.190411 0.384442 0.178816 0.0288425 0.0603088 0.0841696 0.0295182 0.0104178 0.00716612 0.00242371 0.000917197 0.00025571 5.04116e-05 7.27123e-06 1.00207e-06
 2.14793e-27 2.17977e-27 7.35724e-27 1.77168e-21 1.05369e-16 1.44073e-12 4.52895e-09 3.27309e-06 0.000543819 0.0207735 0.182434 0.368338 0.171394 0.0294541 0.0688968 0.0963089 0.0342748 0.0136942 0.00959766 0.00296361 0.000997876 0.00026703 5.20995e-05 6.33441e-06 4.70858e-07
 2.14944e-27 2.18351e-27 7.75491e-27 1.90659e-21 1.13392e-16 1.55044e-12 4.87382e-09 3.52232e-06 0.000585229 0.0223553 0.196326 0.396384 0.184303 0.0279378 0.0511869 0.0713683 0.0257704 0.0114809 0.00829986 0.0027398 0.000972999 0.000238623 4.20804e-05 4.84172e-06 2.95843e-07
 2.14983e-27 2.18444e-27 7.85058e-27 1.93903e-21 1.15322e-16 1.57682e-12 4.95674e-09 3.58225e-06 0.000595186 0.0227357 0.199666 0.403128 0.18742 0.0279192 0.0490404 0.0682877 0.0239319 0.00839645 0.00579856 0.00204089 0.0007893 0.000206226 3.63451e-05 3.81893e-06 2.12188e-07
 2.14894e-27 2.18224e-27 7.61657e-27 1.85964e-21 1.106e-16 1.51226e-12 4.7538e-09 3.43559e-06 0.000570818 0.0218048 0.191491 0.386624 0.179823 0.0287893 0.0593269 0.0827807 0.0289682 0.0100146 0.00677315 0.00208506 0.000707982 0.000195117 3.74002e-05 4.05183e-06 2.14338e-07
 2.14841e-27 2.18096e-27 7.48305e-27 1.81436e-21 1.07907e-16 1.47544e-12 4.63805e-09 3.35193e-06 0.000556919 0.0212739 0.186829 0.37721 0.175479 0.0290051 0.0634811 0.0886792 0.031636 0.0128817 0.00905452 0.00276015 0.000890858 0.00021617 3.87059e-05 4.43185e-06 2.45984e-07
 2.14885e-27 2.18206e-27 7.60084e-27 1.85432e-21 1.10284e-16 1.50793e-12 4.74021e-09 3.42576e-06 0.000569186 0.0217425 0.190944 0.385519 0.179301 0.0285153 0.0579873 0.0809451 0.0290309 0.0123164 0.00882893 0.00294471 0.00105394 0.000252536 4.13735e-05 4.3107e-06 2.38206e-07
 2.1492e-27 2.1829e-27 7.68812e-27 1.88392e-21 1.12044e-16 1.532e-12 4.81587e-09 3.48045e-06 0.000578271 0.0220896 0.193992 0.391672 0.18214 0.0283593 0.0551798 0.076962 0.0272726 0.0105344 0.00742072 0.00253908 0.000956996 0.000251241 4.39344e-05 4.37963e-06 2.22286e-07
 2.14871e-27 2.18169e-27 7.55894e-27 1.8401e-21 1.09438e-16 1.49636e-12 4.70384e-09 3.39948e-06 0.000564819 0.0215757 0.189479 0.382561 0.177947 0.0288681 0.0610325 0.085203 0.0300662 0.0112051 0.00777306 0.00252126 0.000904067 0.000244584 4.6083e-05 4.95373e-06 2.53055e-07
 2.14788e-27 2.17967e-27 7.34626e-27 1.76796e-21 1.05147e-16 1.4377e-12 4.51943e-09 3.2662e-06 0.000542675 0.0207298 0.18205 0.367563 0.171037 0.0294839 0.0693122 0.0968944 0.0344785 0.0137637 0.00967832 0.00307483 0.00105978 0.000272134 5.02933e-05 5.68703e-06 3.11175e-07
 2.14754e-27 2.17884e-27 7.26117e-27 1.73911e-21 1.03431e-16 1.41424e-12 4.44568e-09 3.21291e-06 0.00053382 0.0203915 0.17908 0.361566 0.168265 0.0295099 0.071278 0.0997083 0.0360502 0.0162042 0.0117339 0.00387427 0.00138648 0.000348133 6.12286e-05 6.69562e-06 3.73422e-07
 2.14802e-27 2.18003e-27 7.38898e-27 1.78247e-21 1.0601e-16 1.4495e-12 4.55653e-09 3.29301e-06 0.00054713 0.0209 0.183545 0.37058 0.172413 0.0289976 0.065434 0.0914778 0.0332319 0.0154382 0.0113526 0.00402329 0.00156431 0.000410406 7.33375e-05 7.7569e-06 4.17034e-07
 2.14807e-27 2.18014e-27 7.39878e-27 1.78579e-21 1.06208e-16 1.4522e-12 4.56501e-09 3.29914e-06 0.000548148 0.0209389 0.183886 0.37127 0.172736 0.029115 0.0659423 0.0921671 0.0331039 0.0142046 0.0103137 0.00373554 0.00151394 0.000428769 8.27816e-05 9.05254e-06 4.82032e-07
 2.14849e-27 2.18117e-27 7.50765e-27 1.82271e-21 1.08404e-16 1.48223e-12 4.65941e-09 3.36737e-06 0.000559483 0.0213719 0.187689 0.378947 0.176273 0.0287796 0.061581 0.0860166 0.0308974 0.0132609 0.00956648 0.00330434 0.00128843 0.000374861 7.71921e-05 9.13063e-06 5.11664e-07
 2.14842e-27 2.181e-27 7.48821e-27 1.81611e-21 1.08011e-16 1.47686e-12 4.64253e-09 3.35517e-06 0.000557457 0.0212945 0.187009 0.377575 0.175646 0.0289644 0.0631228 0.0881705 0.0313952 0.0126074 0.00896757 0.00309269 0.0011876 0.000331147 6.74051e-05 8.36275e-06 5.0221e-07
 2.14845e-27 2.18108e-27 7.49619e-27 1.81882e-21 1.08172e-16 1.47906e-12 4.64945e-09 3.36017e-06 0.000558288 0.0213262 0.187288 0.378138 0.175904 0.0289207 0.0626865 0.0875605 0.0312523 0.0127819 0.0090826 0.00301366 0.00111047 0.000305624 6.04562e-05 7.33954e-06 4.51282e-07
 2.14841e-27 2.18096e-27 7.48417e-27 1.81474e-21 1.0793e-16 1.47575e-12 4.63903e-09 3.35264e-06 0.000557036 0.0212784 0.186868 0.37729 0.175514 0.0289585 0.063173 0.0882466 0.0314971 0.0128826 0.00916651 0.0030706 0.00113053 0.000299602 5.70915e-05 6.75438e-06 4.06815e-07
 2.14843e-27 2.18101e-27 7.48979e-27 1.81665e-21 1.08043e-16 1.4773e-12 4.64391e-09 3.35616e-06 0.000557622 0.0213008 0.187064 0.377686 0.175695 0.028916 0.062794 0.0877162 0.0313624 0.0130004 0.00927697 0.00310871 0.00114781 0.000305437 5.71712e-05 6.50841e-06 3.79763e-07
 2.14858e-27 2.18138e-27 7.52862e-27 1.82982e-21 1.08827e-16 1.48801e-12 4.67758e-09 3.3805e-06 0.000561665 0.0214552 0.188421 0.380425 0.176957 0.0287946 0.0612274 0.0855056 0.0305488 0.0125905 0.00898242 0.00303334 0.00112937 0.000301226 5.65043e-05 6.36916e-06 3.60998e-07
 2.14815e-27 2.18032e-27 7.41584e-27 1.79156e-21 1.06551e-16 1.4569e-12 4.57977e-09 3.30982e-06 0.000549921 0.0210066 0.184481 0.372471 0.173295 0.0291927 0.0660547 0.0923081 0.0329248 0.0133975 0.00952769 0.00320719 0.00119279 0.000320496 6.05468e-05 6.83825e-06 3.85133e-07
 2.14768e-27 2.17919e-27 7.29843e-27 1.75174e-21 1.04183e-16 1.42452e-12 4.47798e-09 3.23625e-06 0.000537698 0.0205397 0.180381 0.364193 0.169476 0.0294212 0.0699452 0.0978216 0.0352747 0.0155658 0.0112467 0.00375921 0.00138579 0.000371234 7.03064e-05 7.99578e-06 4.51983e-07
 2.14732e-27 2.17832e-27 7.20858e-27 1.72127e-21 1.02371e-16 1.39974e-12 4.40009e-09 3.17996e-06 0.000528346 0.0201824 0.177243 0.357858 0.166553 0.0295647 0.07273 0.101771 0.0369855 0.0172246 0.0126529 0.00443588 0.00171317 0.00045808 8.61392e-05 9.79241e-06 5.56066e-07
 2.1474e-27 2.17853e-27 7.23193e-27 1.7292e-21 1.02842e-16 1.40618e-12 4.42036e-09 3.1946e-06 0.000530779 0.0202754 0.178059 0.359506 0.167308 0.0293904 0.0711693 0.0995832 0.0363744 0.0175166 0.0130042 0.00471814 0.00190823 0.000536048 0.000104138 1.18363e-05 6.70307e-07
#obs catch len freq
 1.22085e-39 5.97523e-33 6.72342e-27 1.73929e-21 1.03442e-16 1.41438e-12 4.44611e-09 3.21322e-06 0.00053388 0.0203935 0.179096 0.3616 0.168278 0.0294364 0.0708194 0.0990674 0.0358882 0.0163585 0.0119814 0.00424205 0.00168923 0.000491614 0.000105302 1.40726e-05 9.65809e-07
 1.22573e-39 5.99908e-33 6.75026e-27 1.74623e-21 1.03855e-16 1.42003e-12 4.46386e-09 3.22604e-06 0.000536012 0.020475 0.179811 0.363044 0.168946 0.0294339 0.0703693 0.0984226 0.0355218 0.0157764 0.0114849 0.00403194 0.00158548 0.000452312 9.36711e-05 1.20196e-05 7.95045e-07
 1.30651e-39 6.39445e-33 7.19514e-27 1.86131e-21 1.10699e-16 1.51361e-12 4.75806e-09 3.43866e-06 0.000571338 0.0218244 0.191662 0.38697 0.179967 0.0283761 0.0567009 0.0791406 0.0285067 0.0124845 0.00904442 0.00312468 0.0012063 0.000339828 6.89781e-05 8.57724e-06 5.45812e-07
 1.14064e-39 5.58262e-33 6.28165e-27 1.625e-21 9.66451e-17 1.32145e-12 4.15398e-09 3.00209e-06 0.000498801 0.0190536 0.167328 0.337842 0.157358 0.0311177 0.0882438 0.123542 0.0433718 0.015454 0.0106732 0.00365145 0.00139071 0.000384728 7.65458e-05 9.3247e-06 5.76777e-07
 1.33805e-39 6.54884e-33 7.36885e-27 1.90625e-21 1.13372e-16 1.55016e-12 4.87293e-09 3.52168e-06 0.000585132 0.0223513 0.196289 0.396312 0.184258 0.0276259 0.0493053 0.068774 0.0256449 0.0139527 0.0103424 0.00316046 0.00105072 0.000282538 5.51484e-05 6.57529e-06 3.97892e-07
 1.38503e-39 6.77877e-33 7.62758e-27 1.97318e-21 1.17353e-16 1.60458e-12 5.04402e-09 3.64533e-06 0.000605676 0.023136 0.203181 0.410226 0.190692 0.0276609 0.0453254 0.063034 0.0218379 0.00685355 0.00465654 0.00181429 0.000751269 0.000185302 3.23884e-05 3.71971e-06 2.20153e-07
 1.25833e-39 6.15863e-33 6.92979e-27 1.79267e-21 1.06617e-16 1.45779e-12 4.58259e-09 3.31185e-06 0.000550268 0.0210195 0.184593 0.372699 0.173422 0.0297633 0.0694698 0.0970294 0.0333452 0.00955983 0.00606135 0.00173557 0.000549689 0.000162553 3.19824e-05 3.40021e-06 1.87538e-07
 1.27077e-39 6.21955e-33 6.99834e-27 1.8104e-21 1.07672e-16 1.47221e-12 4.62792e-09 3.34461e-06 0.000555711 0.0212274 0.186419 0.376386 0.175099 0.0290359 0.0639187 0.0893036 0.0319663 0.0133471 0.00932193 0.0025483 0.000686005 0.000151934 2.65339e-05 3.14989e-06 1.76187e-07
 1.41264e-39 6.9139e-33 7.77963e-27 2.01252e-21 1.19692e-16 1.63657e-12 5.14457e-09 3.71799e-06 0.00061775 0.0235973 0.207231 0.418403 0.194451 0.0270712 0.0392605 0.0545233 0.0193588 0.00759747 0.00535168 0.00177175 0.000612128 0.000129663 1.79249e-05 1.72797e-06 9.56309e-08
 1.4126e-39 6.9137e-33 7.77941e-27 2.01246e-21 1.19689e-16 1.63652e-12 5.14443e-09 3.71789e-06 0.000617732 0.0235966 0.207225 0.418392 0.194459 0.0274375 0.0415002 0.0576185 0.0196135 0.00501213 0.00308678 0.00098764 0.00034612 8.81007e-05 1.42279e-05 1.22621e-06 5.49926e-08
 1.34008e-39 6.55877e-33 7.38003e-27 1.90915e-21 1.13544e-16 1.55251e-12 4.88033e-09 3.52702e-06 0.00058602 0.0223852 0.196587 0.396913 0.184572 0.0285831 0.0549675 0.0765893 0.0261545 0.00695015 0.004248 0.00110209 0.000278538 6.68006e-05 1.16889e-05 1.17343e-06 5.36641e-08
 1.31644e-39 6.44306e-33 7.24984e-27 1.87546e-21 1.11541e-16 1.52512e-12 4.79423e-09 3.4648e-06 0.000575681 0.0219903 0.193119 0.389911 0.18134 0.0287056 0.0578257 0.0806576 0.0281296 0.00940839 0.00620566 0.00163543 0.000403934 7.77127e-05 1.05148e-05 1.03396e-06 5.22725e-08
 1.35261e-39 6.62009e-33 7.44903e-27 1.92699e-21 1.14606e-16 1.56702e-12 4.92595e-09 3.56e-06 0.000591498 0.0225945 0.198425 0.400624 0.186269 0.0280821 0.0507904 0.0707547 0.0248153 0.00875601 0.00592565 0.00173996 0.000513954 0.000101731 1.24215e-05 9.66726e-07 4.26257e-08
 1.32994e-39 6.50915e-33 7.3242e-27 1.8947e-21 1.12685e-16 1.54076e-12 4.84341e-09 3.50034e-06 0.000581586 0.0222159 0.1951 0.393911 0.183183 0.0285463 0.0556475 0.0775763 0.0268857 0.00845217 0.00555536 0.00167793 0.000529059 0.0001179 1.64996e-05 1.26703e-06 4.7644e-08
 1.28198e-39 6.27439e-33 7.06004e-27 1.82637e-21 1.08621e-16 1.48519e-12 4.66872e-09 3.37409e-06 0.00056061 0.0214146 0.188063 0.379704 0.176638 0.0291784 0.0637881 0.0890638 0.0311206 0.0106048 0.00708701 0.0020227 0.000592145 0.000135627 2.0815e-05 1.80744e-06 7.23607e-08
 1.15012e-39 5.62906e-33 6.33391e-27 1.63852e-21 9.7449e-17 1.33244e-12 4.18854e-09 3.02706e-06 0.000502951 0.0192121 0.16872 0.340653 0.158647 0.0308554 0.0857957 0.120124 0.0426185 0.0166061 0.0115262 0.00342394 0.00104656 0.000228751 3.37347e-05 3.08257e-06 1.36333e-07
 1.25951e-39 6.16443e-33 6.93631e-27 1.79436e-21 1.06717e-16 1.45917e-12 4.5869e-09 3.31496e-06 0.000550786 0.0210393 0.184767 0.37305 0.173543 0.0286784 0.0627414 0.0877249 0.0324949 0.0170295 0.0126197 0.00403117 0.00136281 0.00031256 4.67607e-05 4.13523e-06 1.84108e-07
 1.22362e-39 5.98875e-33 6.73864e-27 1.74322e-21 1.03676e-16 1.41758e-12 4.45618e-09 3.22049e-06 0.000535089 0.0204397 0.179501 0.362419 0.168667 0.0297021 0.0721949 0.100951 0.0358057 0.0139451 0.00999326 0.00380957 0.0015659 0.000395898 6.49382e-05 5.9774e-06 2.65126e-07
 1.27174e-39 6.22429e-33 7.00367e-27 1.81178e-21 1.07754e-16 1.47334e-12 4.63144e-09 3.34715e-06 0.000556134 0.0212436 0.186561 0.376672 0.175225 0.0288592 0.0627532 0.0876786 0.0316215 0.0139636 0.0100361 0.00322262 0.00117753 0.000349697 6.87617e-05 7.0604e-06 3.3446e-07
 1.23683e-39 6.05342e-33 6.81141e-27 1.76205e-21 1.04796e-16 1.43289e-12 4.5043e-09 3.25527e-06 0.000540867 0.0206604 0.18144 0.366333 0.170471 0.0295614 0.0701564 0.0980769 0.0347843 0.0135293 0.00955079 0.00327781 0.00122651 0.000318866 6.20357e-05 7.45268e-06 4.05488e-07
 1.25508e-39 6.14277e-33 6.91194e-27 1.78805e-21 1.06342e-16 1.45404e-12 4.57078e-09 3.30331e-06 0.00054885 0.0209654 0.184118 0.371739 0.172955 0.0291448 0.0659837 0.0922253 0.0331341 0.0142333 0.0101727 0.00325485 0.00114782 0.000308923 5.80747e-05 6.63051e-06 3.89112e-07
 1.26702e-39 6.2012e-33 6.97769e-27 1.80506e-21 1.07354e-16 1.46787e-12 4.61426e-09 3.33474e-06 0.000554071 0.0211648 0.185869 0.375275 0.174586 0.0290516 0.0643491 0.089905 0.0320889 0.0131256 0.00935096 0.00315915 0.00116113 0.000295852 5.38089e-05 6.08173e-06 3.46009e-07
 1.2462e-39 6.09927e-33 6.863e-27 1.77539e-21 1.05589e-16 1.44374e-12 4.53842e-09 3.27992e-06 0.000544964 0.0208169 0.182814 0.369107 0.171747 0.0293839 0.0682365 0.0953803 0.033967 0.01365 0.00965279 0.00317606 0.00115168 0.000306053 5.60805e-05 6.09655e-06 3.38635e-07
 1.25024e-39 6.11903e-33 6.88524e-27 1.78114e-21 1.05931e-16 1.44842e-12 4.55312e-09 3.29055e-06 0.00054673 0.0208844 0.183406 0.370303 0.172294 0.0292299 0.0669362 0.0935644 0.0335582 0.0142386 0.010174 0.00331287 0.00117844 0.000306694 5.6535e-05 6.26426e-06 3.42534e-07
 1.25094e-39 6.12247e-33 6.88911e-27 1.78215e-21 1.05991e-16 1.44923e-12 4.55568e-09 3.2924e-06 0.000547037 0.0208961 0.18351 0.370511 0.172391 0.029238 0.0669227 0.0935405 0.0334797 0.0139883 0.010002 0.00335801 0.00123169 0.000317511 5.73116e-05 6.30377e-06 3.4792e-07
 1.24986e-39 6.11722e-33 6.8832e-27 1.78062e-21 1.059e-16 1.44799e-12 4.55177e-09 3.28958e-06 0.000546568 0.0208782 0.183352 0.370193 0.172244 0.0292396 0.0670281 0.0936917 0.0335696 0.0141379 0.0101149 0.00336991 0.00123635 0.000327736 6.01864e-05 6.53971e-06 3.56614e-07
 1.19177e-39 5.83287e-33 6.56324e-27 1.69785e-21 1.00977e-16 1.38068e-12 4.34019e-09 3.13667e-06 0.000521161 0.0199077 0.174829 0.352986 0.164319 0.0300542 0.0771874 0.108015 0.0386701 0.0161865 0.0115719 0.0038708 0.00142337 0.000376141 6.98903e-05 7.75091e-06 4.23435e-07
 1.18203e-39 5.78521e-33 6.50961e-27 1.68398e-21 1.00152e-16 1.3694e-12 4.30473e-09 3.11103e-06 0.000516903 0.019745 0.173401 0.350102 0.162977 0.0298208 0.0766317 0.107295 0.0392736 0.0191543 0.0140964 0.00470472 0.00172651 0.000457544 8.51438e-05 9.49972e-06 5.26684e-07
#spawning biomass
 3639.17 2401.23 2262.87 2124.49 2416.11 3751.33 4498.94 4605.53 6833.52 12334.2 18718.1 22788.9 27817.9 37446.7 40994.1 38788.8 34978.1 33274.3 32182.1 32575.1 32809.1 34167.2 36525.7 39223.3 44717.2 50158.3 50508.4 46355.5 51691.7 107857 125212 92719.5 63162.2 44588.2 34061.9 28402.7 25457.7 23957.6 23204.3 22829.6 22644.5 22553.5 22508.9 22487 22476.4 22471.2 22468.7 22467.4 22466.8 22466.5 22466.4 22466.3 22466.3 22466.3 22466.3 22466.3 22466.3 22466.3 22466.3 22466.3 22466.3 22466.3 22466.3 22466.3 22466.3 22466.3 22466.3 22466.3 22466.3 22466.3 22466.3 22466.3 22466.3 22466.3 22466.3 22466.3 22466.3 22466.3 22466.3 22466.3 22466.3 22466.3 22466.3 22466.3 22466.3 22466.3 22466.3 22466.3 22466.3 22466.3 22466.3 22466.3 22466.3 22466.3 22466.3 22466.3 22466.3 22466.3 22466.3 22466.3 22466.3 22466.3 22466.3 22466.3 22466.3 22466.3 22466.3 22466.3 22466.3 22466.3 22466.3 22466.3 22466.3 22466.3 22466.3 22466.3 22466.3 22466.3 22466.3 22466.3 22466.3 22466.3 22466.3 22466.3 22466.3 22466.3 22466.3 22466.3 0 0 0 0 0 0 0 0 0 0 0 0 0 0 0 0 0 0 0 0 0 0 0 0 0
