SBPRF35
0.178139
Curr Bio
232091
B35
460087
F35
1.02714
FOFL
0.459123
OFL
20758.6
Bzero
50895.7
#pred survey bio
 34327.3 35979 23715 13851.1 26108.1 44749.3 84703.1 145415 216671 225221 212509 234827 286433 333235 270284 261980 278293 260352 297158 326521 274492 314585 351934 325052 333453 293767 293754 295384 9.86052e+06 7.67915e+06 3.70501e+06 1.85202e+06 1.1014e+06 790711 648055 574177 532361 507499 492383 483116 477424 473931 471786 470451 469650 469170 468880 468706 468601 468538 468500 468477 468463 468454 468449 468446 468444 468443 468442 468442 468442 468442 468441 468441 468441 468441 468441 468441 468441 468441 468441 468441 468441 468441 468441 468441 468441 468441 468441 468441 468441 468441 468441 468441 468441 468441 468441 468441 468441 468441 468441 468441 468441 468441 468441 468441 468441 468441 468441 468441 468441 468441 468441 468441 468441 468441 468441 468441 468441 468441 468441 468441 468441 468441 468441 468441 468441 468441 468441 468441 468441 468441 468441 468441 468441 468441 468441 468441 0 0 0 0 0 0 0 0 0 0 0 0 0 0 0 0 0 0 0 0 0 0 0 0 0
#obs survey bio
 26743.5 18651.6 17893.5 13869 23282.1 54995 83159.8 124142 199114 150522 280607 158288 239178 299421 140309 155314 179640 230906 230504 219643 232127 266415 303058 272925 264737 155093 280258 192206
#pred catch bio
 10571.9 15981.3 14299.1 7014.05 14623.6 24223.5 48909 85059 142727 160262 147667 162376 195341 255154 203040 188532 217411 189674 215108 263040 201348 241694 276076 249401 275104 233080 233109 244180 20758.6 185849 72995.1 27522.2 12915 8748.14 7646.72 7370.32 7303.47 7287.72 7284.09 7283.26 7283.07 7283.03 7283.02 7283.02 7283.02 7283.02 7283.02 7283.02 7283.02 7283.02 7283.02 7283.02 7283.02 7283.02 7283.02 7283.02 7283.02 7283.02 7283.02 7283.02 7283.02 7283.02 7283.02 7283.02 7283.02 7283.02 7283.02 7283.02 7283.02 7283.02 7283.02 7283.02 7283.02 7283.02 7283.02 7283.02 7283.02 7283.02 7283.02 7283.02 7283.02 7283.02 7283.02 7283.02 7283.02 7283.02 7283.02 7283.02 7283.02 7283.02 7283.02 7283.02 7283.02 7283.02 7283.02 7283.02 7283.02 7283.02 7283.02 7283.02 7283.02 7283.02 7283.02 7283.02 7283.02 7283.02 7283.02 7283.02 7283.02 7283.02 7283.02 7283.02 7283.02 7283.02 7283.02 7283.02 7283.02 7283.02 7283.02 7283.02 7283.02 7283.02 7283.02 7283.02 7283.02 7283.02 7283.02 7283.02 0 0 0 0 0 0 0 0 0 0 0 0 0 0 0 0 0 0 0 0 0 0 0 0 0
#obs catch bio
 17759.6 17779.1 17952.8 7010.78 10598.8 19544.8 35921.4 71784 120894 143568 131068 146500 167503 238613 203644 182279 203495 167908 189576 243588 174865 201873 242594 200209 235344 223592 184932 214580
#pred cpue bio
 22753.8 27042.7 21215.3 7995.93 9370.72 17216.7 31097 53648.3 89429.2 106335 92654.7 93342.1 104547 130492 107053 93981.6 103512 83809.4 99380 115355 85660.3 102601 101557 102623 104309 78213.4 82283.5 82471.8 2.41064e+06 7.52918e+06 3.58465e+06 1.7311e+06 980471 669780 527124 453246 411430 386568 371452 362185 356493 353000 350855 349520 348719 348239 347950 347775 347670 347607 347569 347546 347532 347523 347518 347515 347513 347512 347511 347511 347511 347511 347511 347510 347510 347510 347510 347510 347510 347510 347510 347510 347510 347510 347510 347510 347510 347510 347510 347510 347510 347510 347510 347510 347510 347510 347510 347510 347510 347510 347510 347510 347510 347510 347510 347510 347510 347510 347510 347510 347510 347510 347510 347510 347510 347510 347510 347510 347510 347510 347510 347510 347510 347510 347510 347510 347510 347510 347510 347510 347510 347510 347510 347510 347510 347510 347510 347510 0 0 0 0 0 0 0 0 0 0 0 0 0 0 0 0 0 0 0 0 0 0 0 0 0
#obs cpue bio
 24476.4 25977.5 12372 19350.2 19890.1 41443.8 92691.8 111516 204383 222044 143414 181408 230934 205324 180194 177259 239333 150725 204995 248374 170325 258600 200022 284666 248613 157898 243088 197576
#pred surv len freq
 1.52096e-11 1.65086e-09 1.05655e-07 3.98708e-06 8.87175e-05 0.00116401 0.00900604 0.0411054 0.110888 0.178518 0.179643 0.135063 0.105102 0.0850688 0.0579238 0.0349997 0.0213292 0.0131138 0.00826178 0.00552937 0.00402012 0.00322266 0.00270808 0.0020529 0.00118797
 1.177e-11 1.27752e-09 8.17609e-08 3.08541e-06 6.86545e-05 0.000900798 0.00697032 0.0318324 0.086126 0.140699 0.151216 0.138957 0.139039 0.124185 0.0824216 0.0448146 0.0238549 0.0127508 0.00676809 0.0036817 0.00214064 0.00140014 0.00102353 0.000729698 0.000418135
 5.99064e-12 6.50226e-10 4.16144e-08 1.5704e-06 3.49442e-05 0.00045853 0.00354949 0.016243 0.0444008 0.076188 0.0988555 0.132757 0.176102 0.174643 0.123884 0.0733717 0.040924 0.0207131 0.00955923 0.00429853 0.00196668 0.000971531 0.000553238 0.00034049 0.000183935
 1.70132e-11 1.84662e-09 1.18184e-07 4.45988e-06 9.92379e-05 0.00130204 0.0100735 0.0459676 0.123869 0.19832 0.194422 0.132763 0.0874877 0.0668787 0.0508604 0.0371654 0.0249007 0.0141369 0.00689317 0.00296896 0.00115553 0.000435231 0.000176546 8.19097e-05 3.80859e-05
 1.98793e-11 2.15771e-09 1.38093e-07 5.2112e-06 0.000115955 0.00152137 0.0117703 0.0537065 0.14467 0.231189 0.224559 0.147385 0.0870914 0.0552135 0.0288412 0.0101286 0.00255365 0.000709544 0.00030729 0.000144998 5.87842e-05 2.02498e-05 6.32365e-06 2.01877e-06 6.94674e-07
 1.93718e-11 2.10262e-09 1.34567e-07 5.07815e-06 0.000112995 0.00148253 0.0114699 0.0523384 0.141019 0.225639 0.220507 0.148351 0.0926713 0.0612722 0.0320409 0.0106841 0.0021356 0.000252527 1.76182e-05 7.24867e-07 1.75872e-08 2.52095e-10 2.28196e-12 5.16807e-14 9.90949e-15
 1.96743e-11 2.13545e-09 1.36669e-07 5.15745e-06 0.00011476 0.00150568 0.011649 0.0531541 0.143198 0.228971 0.223035 0.148088 0.0898362 0.0580367 0.0301211 0.0100272 0.00200363 0.000236909 1.65288e-05 6.80118e-07 1.65069e-08 2.36482e-10 2.00542e-12 1.01673e-14 3.18619e-17
 1.96436e-11 2.13213e-09 1.36456e-07 5.14942e-06 0.000114581 0.00150334 0.0116308 0.0530715 0.142977 0.228633 0.222779 0.148115 0.0901234 0.0583644 0.0303156 0.0100937 0.00201699 0.000238488 1.66385e-05 6.84552e-07 1.66077e-08 2.37574e-10 2.00398e-12 9.96936e-15 2.92609e-17
 1.88741e-11 2.0486e-09 1.3111e-07 4.94768e-06 0.000110092 0.00144445 0.0111753 0.0509966 0.137435 0.220157 0.216349 0.148782 0.0973351 0.066595 0.035199 0.0117648 0.00235272 0.000278226 1.94115e-05 7.98646e-07 1.93757e-08 2.77167e-10 2.33789e-12 1.16292e-14 3.41191e-17
 1.77457e-11 1.92613e-09 1.23272e-07 4.6519e-06 0.00010351 0.0013581 0.0105075 0.0479545 0.12931 0.20773 0.206921 0.14976 0.107909 0.0786622 0.042359 0.0142148 0.00284496 0.000336489 2.34771e-05 9.65924e-07 2.34339e-08 3.35216e-10 2.82742e-12 1.40624e-14 4.12383e-17
 1.84444e-11 2.00196e-09 1.28125e-07 4.83505e-06 0.000107586 0.00141157 0.010921 0.0498382 0.134341 0.215425 0.212759 0.149155 0.101361 0.07119 0.0379255 0.0126977 0.00254016 0.000300412 2.09596e-05 8.62342e-07 2.0921e-08 2.99269e-10 2.52422e-12 1.25544e-14 3.68159e-17
 1.91476e-11 2.07829e-09 1.3301e-07 5.0194e-06 0.000111688 0.00146538 0.0113373 0.0517342 0.139405 0.22317 0.218635 0.148545 0.0947714 0.0636691 0.033463 0.0111707 0.00223337 0.0002641 1.84257e-05 7.58086e-07 1.83916e-08 2.63087e-10 2.21904e-12 1.10366e-14 3.23648e-17
 1.97104e-11 2.13937e-09 1.3692e-07 5.16692e-06 0.00011497 0.00150845 0.0116703 0.0532514 0.143458 0.229368 0.223337 0.148057 0.0894979 0.0576506 0.029892 0.0099488 0.00198788 0.000235041 1.6398e-05 6.74657e-07 1.63676e-08 2.34134e-10 1.97483e-12 9.82195e-15 2.88029e-17
 1.92518e-11 2.0896e-09 1.33734e-07 5.04671e-06 0.000112296 0.00147336 0.0113989 0.0520151 0.140156 0.224318 0.219505 0.148455 0.0937949 0.0625547 0.0328018 0.0109445 0.00218792 0.000258719 1.80502e-05 7.42637e-07 1.80168e-08 2.57726e-10 2.17382e-12 1.08117e-14 3.17053e-17
 1.91727e-11 2.08102e-09 1.33185e-07 5.02598e-06 0.000111834 0.0014673 0.0113521 0.0518018 0.139586 0.223447 0.218844 0.148523 0.0945362 0.0634006 0.0333037 0.0111162 0.00222242 0.000262804 1.83353e-05 7.54364e-07 1.83013e-08 2.61796e-10 2.20815e-12 1.09824e-14 3.22059e-17
 1.98158e-11 2.15081e-09 1.37652e-07 5.19454e-06 0.000115585 0.00151651 0.0117327 0.0535355 0.144217 0.230529 0.224217 0.147966 0.0885104 0.0565235 0.0292233 0.00971997 0.0019419 0.0002296 1.60183e-05 6.59033e-07 1.59885e-08 2.28711e-10 1.92909e-12 9.59449e-15 2.81359e-17
 1.95922e-11 2.12654e-09 1.36098e-07 5.13592e-06 0.000114281 0.0014994 0.0116003 0.0529326 0.142607 0.228066 0.222349 0.14816 0.0906059 0.0589151 0.0306423 0.0102055 0.00203945 0.000241146 1.6824e-05 6.92185e-07 1.67928e-08 2.40217e-10 2.02614e-12 1.00771e-14 2.95513e-17
 2.04168e-11 2.21604e-09 1.41827e-07 5.35209e-06 0.00011909 0.0015625 0.0120884 0.0551559 0.148545 0.237148 0.229239 0.147445 0.0828784 0.050096 0.0254096 0.00841499 0.00167972 0.000198566 1.38527e-05 5.69933e-07 1.38269e-08 1.9779e-10 1.66828e-12 8.29733e-15 2.4332e-17
 2.02159e-11 2.19424e-09 1.40431e-07 5.29942e-06 0.000117919 0.00154713 0.0119695 0.0546142 0.147098 0.234936 0.22756 0.147619 0.0847611 0.0522446 0.0266845 0.00885123 0.00176736 0.00020894 1.45766e-05 5.99718e-07 1.45495e-08 2.08127e-10 1.75547e-12 8.73095e-15 2.56036e-17
 1.99067e-11 2.16068e-09 1.38283e-07 5.21839e-06 0.000116115 0.00152347 0.0117865 0.0537808 0.144872 0.231531 0.224977 0.147887 0.087658 0.0555508 0.0286461 0.00952247 0.00190222 0.000224903 1.56905e-05 6.45548e-07 1.56614e-08 2.24032e-10 1.88962e-12 9.39817e-15 2.75602e-17
 2.05721e-11 2.2329e-09 1.42906e-07 5.39281e-06 0.000119996 0.00157439 0.0121803 0.0555747 0.149664 0.238859 0.230537 0.14731 0.0814229 0.0484348 0.024424 0.00807773 0.00161196 0.000190546 1.32931e-05 5.46906e-07 1.32682e-08 1.89798e-10 1.60088e-12 7.96208e-15 2.33489e-17
 2.03492e-11 2.20871e-09 1.41357e-07 5.33437e-06 0.000118696 0.00155733 0.0120484 0.0549737 0.148058 0.236404 0.228674 0.147503 0.0835118 0.0508188 0.0258385 0.00856174 0.0017092 0.000202056 1.40962e-05 5.79952e-07 1.407e-08 2.01267e-10 1.69761e-12 8.44319e-15 2.47597e-17
 2.09345e-11 2.27224e-09 1.45423e-07 5.48782e-06 0.000122111 0.00160212 0.0123948 0.0565518 0.152274 0.242851 0.233565 0.146996 0.0780265 0.0445586 0.0221241 0.00729074 0.00145385 0.000171831 1.19871e-05 4.93173e-07 1.19646e-08 1.71151e-10 1.44359e-12 7.17981e-15 2.10548e-17
 2.05148e-11 2.22669e-09 1.42508e-07 5.3778e-06 0.000119662 0.00157001 0.0121464 0.0554203 0.149251 0.238228 0.230058 0.14736 0.0819595 0.0490472 0.0247873 0.00820206 0.00163694 0.000193503 1.34994e-05 5.55395e-07 1.34742e-08 1.92744e-10 1.62573e-12 8.08567e-15 2.37113e-17
 2.05604e-11 2.23163e-09 1.42824e-07 5.38974e-06 0.000119928 0.00157349 0.0121734 0.0555431 0.149579 0.23873 0.230439 0.14732 0.0815326 0.04856 0.0244983 0.00810315 0.00161707 0.000191151 1.33352e-05 5.48642e-07 1.33103e-08 1.90401e-10 1.60596e-12 7.98735e-15 2.3423e-17
 2.12681e-11 2.30845e-09 1.47741e-07 5.57527e-06 0.000124056 0.00162765 0.0125923 0.0574513 0.154676 0.246525 0.236352 0.146706 0.0749003 0.0409908 0.0200072 0.00656637 0.00130831 0.000154605 1.0785e-05 4.43716e-07 1.07648e-08 1.53987e-10 1.29882e-12 6.45978e-15 1.89433e-17
 2.10621e-11 2.28609e-09 1.4631e-07 5.52126e-06 0.000122855 0.00161189 0.0124703 0.0568958 0.153192 0.244256 0.234631 0.146885 0.0768309 0.0431941 0.0213145 0.0070137 0.00139819 0.000165243 1.15274e-05 4.74258e-07 1.15057e-08 1.64586e-10 1.38822e-12 6.90443e-15 2.02473e-17
 2.10757e-11 2.28757e-09 1.46404e-07 5.52483e-06 0.000122934 0.00161293 0.0124784 0.0569325 0.153291 0.244406 0.234745 0.146873 0.0767033 0.0430484 0.0212281 0.00698413 0.00139224 0.00016454 1.14783e-05 4.72239e-07 1.14568e-08 1.63886e-10 1.38231e-12 6.87503e-15 2.01611e-17
#obs surv len freq
 4.68094e-11 4.33813e-09 2.37061e-07 7.63842e-06 0.000145123 0.00162583 0.010742 0.0418937 0.09689 0.136133 0.129922 0.115938 0.119809 0.114538 0.0923367 0.0663492 0.0409902 0.020606 0.00841013 0.00277688 0.000721918 0.000142151 2.0288e-05 2.01221e-06 1.33971e-07
 2.8643e-11 2.56027e-09 1.3494e-07 4.19358e-06 7.6847e-05 0.000830455 0.00529562 0.0199907 0.0454338 0.0674124 0.0854133 0.122328 0.16291 0.165099 0.134524 0.0950379 0.0556468 0.0260001 0.00993894 0.00312296 0.000771981 0.000142396 1.87805e-05 1.71004e-06 1.043e-07
 1.60107e-11 1.37793e-09 6.99254e-08 2.09234e-06 3.6918e-05 0.000384192 0.00236087 0.00861983 0.0193035 0.0304955 0.0479009 0.0851808 0.133797 0.173231 0.187961 0.157194 0.0938953 0.0407989 0.0139022 0.00389149 0.000874817 0.000149226 1.82764e-05 1.53858e-06 8.62201e-08
 2.6636e-10 2.2036e-08 1.07494e-06 3.09187e-05 0.000524379 0.00524394 0.0309214 0.107514 0.220464 0.266841 0.191558 0.0840555 0.0276791 0.0150687 0.0157646 0.0150263 0.0106816 0.00563607 0.00220306 0.000631388 0.00013253 2.03508e-05 2.24375e-06 1.71708e-07 8.80524e-09
 1.91718e-10 1.52233e-08 7.12754e-07 1.9677e-05 0.000320314 0.00307482 0.0174132 0.0583071 0.116793 0.148192 0.147373 0.157816 0.161815 0.115871 0.051822 0.0151293 0.00385952 0.00138117 0.000574464 0.000188329 4.31061e-05 6.70057e-06 7.01028e-07 4.90271e-08 2.26793e-09
 4.50745e-10 3.43028e-08 1.53928e-06 4.07277e-05 0.000635407 0.00584533 0.0317103 0.10149 0.192101 0.21778 0.157479 0.092508 0.0653549 0.0540539 0.0414997 0.0253652 0.0106972 0.00287137 0.000493999 6.30142e-05 7.9952e-06 1.04729e-06 1.08026e-07 7.47244e-09 3.3117e-10
 5.26479e-10 3.83483e-08 1.64702e-06 4.17097e-05 0.00062283 0.00548428 0.028485 0.0874071 0.159763 0.181219 0.150792 0.128746 0.114596 0.0792509 0.0395703 0.0160492 0.00577788 0.00173239 0.000391896 6.26918e-05 6.84855e-06 5.19033e-07 2.97343e-08 1.40089e-09 5.20043e-11
 7.99636e-10 5.5676e-08 2.28576e-06 5.53327e-05 0.000789814 0.00664788 0.0330049 0.0967923 0.168951 0.18231 0.142516 0.113914 0.100055 0.0753045 0.0459164 0.0228062 0.0084158 0.00211167 0.000358962 4.44253e-05 4.32709e-06 3.28165e-07 1.78996e-08 6.61622e-10 1.64018e-11
 1.01929e-09 6.77588e-08 2.65595e-06 6.13852e-05 0.000836572 0.00672328 0.0318794 0.0894144 0.150318 0.161406 0.138939 0.131238 0.121226 0.0867363 0.0484924 0.0223345 0.00796392 0.00202024 0.000357751 4.50933e-05 4.0872e-06 2.64501e-07 1.21488e-08 3.94415e-10 8.88987e-12
 1.25758e-09 7.97274e-08 2.98035e-06 6.56925e-05 0.000853821 0.00654467 0.029609 0.0793895 0.128821 0.139179 0.133201 0.142681 0.137757 0.101708 0.0597836 0.0281513 0.00964145 0.00222492 0.000345456 3.79203e-05 3.08971e-06 1.87096e-07 8.10258e-09 2.4102e-10 4.79874e-12
 2.40978e-09 1.45545e-07 5.18328e-06 0.000108843 0.0013477 0.00984081 0.0423977 0.108077 0.165326 0.162335 0.12967 0.115933 0.104724 0.0786034 0.0484253 0.0232922 0.00786162 0.00175849 0.000263034 2.7449e-05 2.06595e-06 1.12112e-07 4.29865e-09 1.14166e-10 2.06301e-12
 3.80528e-09 2.18741e-07 7.41412e-06 0.000148177 0.00174622 0.012136 0.0497728 0.120871 0.176802 0.168625 0.135537 0.120701 0.100284 0.0638101 0.0318846 0.0128709 0.0038751 0.00080271 0.00011308 1.11948e-05 8.00503e-07 4.10696e-08 1.47118e-09 3.58911e-11 5.85878e-13
 5.27481e-09 2.88321e-07 9.29253e-06 0.000176596 0.00197896 0.0130791 0.0510302 0.118118 0.166212 0.158382 0.137369 0.131052 0.108188 0.0664543 0.0318044 0.0121035 0.00334781 0.000615153 7.32683e-05 5.83753e-06 3.30414e-07 1.38918e-08 4.31486e-10 9.5166e-12 1.43093e-13
 6.94677e-09 3.60755e-07 1.10466e-05 0.000199453 0.00212358 0.0133363 0.0494737 0.109214 0.148708 0.144702 0.138958 0.142191 0.119136 0.0750712 0.0375428 0.0145801 0.00396376 0.000701767 8.00383e-05 6.06005e-06 3.1776e-07 1.18054e-08 3.08543e-10 5.57282e-12 6.87487e-14
 1.13355e-08 5.58854e-07 1.62459e-05 0.000278471 0.00281471 0.0167814 0.059101 0.123854 0.160037 0.147514 0.133959 0.13075 0.106718 0.0672829 0.0339053 0.0129645 0.00338708 0.000569921 6.16496e-05 4.4352e-06 2.21324e-07 7.80603e-09 1.91958e-10 3.20793e-12 3.57278e-14
 1.63996e-08 7.67039e-07 2.11539e-05 0.000343999 0.00329878 0.0186615 0.0624023 0.124569 0.1556 0.145447 0.140146 0.137727 0.106905 0.0625352 0.0290477 0.0103153 0.00253062 0.000403901 4.18769e-05 2.91572e-06 1.41314e-07 4.8125e-09 1.13064e-10 1.78857e-12 1.87319e-14
 2.77625e-08 1.23114e-06 3.21919e-05 0.00049634 0.00451272 0.0242038 0.076722 0.14506 0.170921 0.148657 0.131673 0.121201 0.0905117 0.0520004 0.0237299 0.00810501 0.00187053 0.000275994 2.60007e-05 1.61809e-06 6.96732e-08 2.13299e-09 4.60439e-11 6.81649e-13 6.74206e-15
 3.73319e-08 1.56883e-06 3.8874e-05 0.000567994 0.00489414 0.0248832 0.0748639 0.135168 0.156196 0.143844 0.1415 0.133785 0.0971183 0.0537236 0.0236059 0.007775 0.00174944 0.000258103 2.52191e-05 1.67906e-06 7.7221e-08 2.42201e-09 5.06304e-11 6.9493e-13 6.23482e-15
 5.83792e-08 2.3239e-06 5.45466e-05 0.000754948 0.00616199 0.0296787 0.0846093 0.144918 0.159589 0.14167 0.135339 0.124649 0.0900799 0.0508572 0.0225886 0.00726073 0.00155208 0.000214833 1.96574e-05 1.2374e-06 5.49598e-08 1.7087e-09 3.61545e-11 5.0659e-13 4.60726e-15
 8.13762e-08 3.06747e-06 6.81797e-05 0.000893585 0.00690717 0.0315158 0.0852508 0.13959 0.151475 0.141749 0.143708 0.13103 0.0906819 0.0487296 0.0205873 0.00631498 0.00130178 0.00017689 1.61959e-05 1.02729e-06 4.5369e-08 1.37037e-09 2.77034e-11 3.69421e-13 3.21709e-15
 1.23385e-07 4.4032e-06 9.26545e-05 0.00114967 0.00841358 0.036352 0.0931904 0.145145 0.151916 0.140754 0.141196 0.12552 0.0853835 0.0454776 0.0187456 0.0054661 0.00105063 0.000131433 1.10115e-05 6.42646e-07 2.65839e-08 7.67927e-10 1.50494e-11 1.95066e-13 1.64129e-15
 1.99858e-07 6.75129e-06 0.000134476 0.00157947 0.0109416 0.0447519 0.108619 0.160262 0.159129 0.140005 0.13309 0.112232 0.0727993 0.0370588 0.0145394 0.00402113 0.000734377 8.77773e-05 7.05489e-06 3.93259e-07 1.53251e-08 4.10879e-10 7.41698e-12 8.86934e-14 6.93915e-16
 2.70891e-07 8.66145e-06 0.000163298 0.00181549 0.0119061 0.0461308 0.106397 0.151271 0.152027 0.145425 0.144927 0.118368 0.0717857 0.0337648 0.0122525 0.00315289 0.000538362 6.03724e-05 4.56647e-06 2.40227e-07 8.85053e-09 2.24279e-10 3.81486e-12 4.27328e-14 3.10861e-16
 3.78945e-07 1.14684e-05 0.000204657 0.0021537 0.0133709 0.0490713 0.107492 0.146836 0.147084 0.145931 0.147027 0.118769 0.072165 0.0341894 0.0121854 0.00298288 0.000473636 4.85588e-05 3.3121e-06 1.56162e-07 5.18243e-09 1.19666e-10 1.87474e-12 1.94773e-14 1.31879e-16
 5.28981e-07 1.51538e-05 0.000255978 0.00254996 0.0149884 0.0521209 0.108571 0.143178 0.144524 0.14911 0.150241 0.118122 0.069969 0.0322811 0.0110648 0.00257876 0.000389178 3.80537e-05 2.4813e-06 1.11183e-07 3.45139e-09 7.31499e-11 1.03723e-12 9.69395e-15 5.90978e-17
 8.78212e-07 2.38163e-05 0.000380844 0.00359143 0.0199829 0.0657638 0.129497 0.160585 0.150037 0.141712 0.133369 0.10044 0.0579275 0.0259844 0.00853061 0.00188102 0.000267251 2.45919e-05 1.5115e-06 6.39554e-08 1.87589e-09 3.75167e-11 5.00063e-13 4.36423e-15 2.46256e-17
 1.16307e-06 2.98625e-05 0.00045212 0.00403702 0.0212759 0.0664279 0.124999 0.152486 0.150558 0.154212 0.144374 0.100821 0.0520215 0.0207338 0.00614801 0.00124522 0.000163787 1.39694e-05 7.94427e-07 3.10547e-08 8.42098e-10 1.56076e-11 1.93295e-13 1.57031e-15 8.25505e-18
 1.47266e-06 3.58036e-05 0.000513294 0.00434036 0.0216718 0.0642332 0.115751 0.139736 0.145906 0.159291 0.151415 0.1073 0.0575789 0.0237024 0.00698177 0.00135918 0.000169053 1.35412e-05 7.20265e-07 2.62143e-08 6.58319e-10 1.12459e-11 1.27944e-13 9.5335e-16 4.59715e-18
#pred catch len freq
 1.62805e-12 1.7671e-10 1.13094e-08 4.26791e-07 9.49757e-06 0.000124674 0.000967063 0.00447093 0.0128445 0.0270083 0.0570124 0.121442 0.192433 0.199182 0.143315 0.0874572 0.0533759 0.032823 0.0206784 0.0138391 0.0100616 0.00806572 0.00677783 0.00513802 0.00297327
 1.08032e-12 1.17259e-10 7.5046e-09 2.8321e-07 6.30286e-06 8.2769e-05 0.000643255 0.00300273 0.00901723 0.0219237 0.0569533 0.134537 0.217914 0.222762 0.15209 0.0831201 0.0442785 0.0236691 0.012563 0.00683377 0.00397328 0.00259882 0.00189979 0.0013544 0.000776108
 4.3802e-13 4.7543e-11 3.0428e-09 1.14835e-07 2.55631e-06 3.36127e-05 0.000262936 0.001267 0.00433655 0.0144032 0.0494728 0.129318 0.215401 0.225003 0.161224 0.0956361 0.053346 0.0269984 0.0124591 0.00560228 0.00256313 0.00126617 0.000721018 0.00044375 0.000239717
 4.05846e-12 4.40507e-10 2.81924e-08 1.0639e-06 2.36737e-05 0.000310655 0.00240529 0.0110187 0.0302808 0.0532438 0.0748056 0.112561 0.160242 0.170454 0.139938 0.103378 0.0693039 0.0393404 0.0191808 0.00826102 0.00321517 0.00121099 0.000491221 0.000227906 0.00010597
 1.49382e-11 1.62139e-09 1.03769e-07 3.91592e-06 8.71343e-05 0.00114325 0.00884585 0.0403843 0.109081 0.176723 0.183061 0.151081 0.132473 0.107352 0.0602193 0.0214689 0.00542443 0.00150511 0.000651074 0.000307146 0.000124518 4.28933e-05 1.33948e-05 4.27617e-06 1.47146e-06
 1.3191e-11 1.43176e-09 9.16323e-08 3.45792e-06 7.69434e-05 0.00100956 0.00781183 0.0356746 0.0965097 0.157565 0.168865 0.153709 0.15059 0.127374 0.0712612 0.0241046 0.00483192 0.000571677 3.98888e-05 1.64118e-06 3.98197e-08 5.7077e-10 5.16503e-12 1.16596e-13 2.23365e-14
 1.48872e-11 1.61586e-09 1.03415e-07 3.90255e-06 8.68368e-05 0.00113935 0.0088157 0.0402475 0.108724 0.176246 0.183037 0.152239 0.134696 0.109234 0.0604982 0.0204217 0.004092 0.0004841 3.37787e-05 1.38993e-06 3.37347e-08 4.83288e-10 4.09829e-12 2.07763e-14 6.50903e-17
 1.49818e-11 1.62613e-09 1.04072e-07 3.92736e-06 8.73889e-05 0.00114659 0.00887171 0.0405027 0.109406 0.177288 0.183827 0.152157 0.133809 0.108222 0.0598976 0.0202162 0.0040507 0.000479207 3.34362e-05 1.37568e-06 3.33752e-08 4.77432e-10 4.02723e-12 2.00346e-14 5.88029e-17
 1.4867e-11 1.61367e-09 1.03274e-07 3.89726e-06 8.67191e-05 0.00113781 0.00880375 0.0401931 0.108579 0.176024 0.182868 0.152256 0.134885 0.10945 0.0606263 0.0204655 0.0041008 0.000485137 3.38499e-05 1.39271e-06 3.37881e-08 4.83335e-10 4.0769e-12 2.02794e-14 5.9498e-17
 1.38182e-11 1.49983e-09 9.59892e-08 3.62234e-06 8.06018e-05 0.00105755 0.00818304 0.0373655 0.101026 0.164473 0.174105 0.153166 0.144713 0.120666 0.0672813 0.0227428 0.00455831 0.000539291 3.76288e-05 1.54819e-06 3.75601e-08 5.37287e-10 4.53182e-12 2.25393e-14 6.6097e-17
 1.47559e-11 1.60161e-09 1.02503e-07 3.86814e-06 8.60711e-05 0.0011293 0.00873799 0.0398936 0.107779 0.1748 0.18194 0.152353 0.135926 0.110638 0.0613313 0.0207068 0.00414926 0.000490873 3.42502e-05 1.40917e-06 3.41876e-08 4.89044e-10 4.1249e-12 2.05155e-14 6.01619e-17
 1.59805e-11 1.73453e-09 1.1101e-07 4.18916e-06 9.32142e-05 0.00122302 0.00946279 0.0431953 0.116598 0.188288 0.192172 0.151291 0.12445 0.0975408 0.0535603 0.0180477 0.00361502 0.000427638 2.98376e-05 1.22762e-06 2.97829e-08 4.26037e-10 3.59346e-12 1.78723e-14 5.24108e-17
 1.68522e-11 1.82915e-09 1.17065e-07 4.41768e-06 9.82989e-05 0.00128973 0.00997872 0.0455455 0.122875 0.197889 0.199456 0.150535 0.116281 0.0882178 0.0480287 0.0161549 0.00323473 0.000382626 2.66966e-05 1.09838e-06 2.66476e-08 3.81186e-10 3.21516e-12 1.59908e-14 4.68933e-17
 1.72038e-11 1.86731e-09 1.19507e-07 4.50984e-06 0.000100349 0.00131663 0.0101868 0.0464934 0.125407 0.201761 0.202393 0.15023 0.112987 0.084458 0.0457978 0.0153915 0.00308137 0.000364472 2.54298e-05 1.04627e-06 2.53831e-08 3.63098e-10 3.0626e-12 1.52321e-14 4.46681e-17
 1.68984e-11 1.83416e-09 1.17386e-07 4.42979e-06 9.85684e-05 0.00129326 0.0100061 0.0456701 0.123208 0.198398 0.199842 0.150495 0.115848 0.0877236 0.0477355 0.0160545 0.00321458 0.000380239 2.65301e-05 1.09153e-06 2.64814e-08 3.78809e-10 3.19511e-12 1.58911e-14 4.66008e-17
 1.75346e-11 1.90322e-09 1.21806e-07 4.59656e-06 0.000102279 0.00134195 0.0103826 0.0473854 0.12779 0.205405 0.205157 0.149943 0.109887 0.0809198 0.0436985 0.0146731 0.00293704 0.000347389 2.42377e-05 9.97218e-07 2.41932e-08 3.46077e-10 2.91903e-12 1.4518e-14 4.25741e-17
 1.78868e-11 1.94144e-09 1.24252e-07 4.68888e-06 0.000104333 0.0013689 0.010591 0.0483348 0.130326 0.209283 0.2081 0.149638 0.106587 0.0771536 0.0414639 0.0139085 0.00278342 0.000329205 2.29688e-05 9.4501e-07 2.29266e-08 3.27958e-10 2.7662e-12 1.37579e-14 4.03452e-17
 1.86027e-11 2.01914e-09 1.29225e-07 4.87654e-06 0.000108509 0.00142368 0.0110147 0.0502648 0.135481 0.217168 0.214081 0.149017 0.0998784 0.0694975 0.0369212 0.0123541 0.00247112 0.00029224 2.03894e-05 8.38881e-07 2.03518e-08 2.91127e-10 2.45554e-12 1.22128e-14 3.58142e-17
 1.82348e-11 1.97921e-09 1.26669e-07 4.78011e-06 0.000106363 0.00139553 0.010797 0.0492731 0.132832 0.213117 0.211008 0.149336 0.103325 0.0734315 0.0392554 0.0131528 0.00263159 0.000311234 2.17148e-05 8.93414e-07 2.16748e-08 3.10052e-10 2.61517e-12 1.30067e-14 3.81424e-17
 1.85691e-11 2.0155e-09 1.28992e-07 4.86775e-06 0.000108313 0.00142111 0.0109949 0.0501745 0.135239 0.216799 0.213801 0.149047 0.100193 0.0698561 0.037134 0.0124269 0.00248575 0.000293972 2.05102e-05 8.43851e-07 2.04724e-08 2.92852e-10 2.47009e-12 1.22852e-14 3.60264e-17
 1.88935e-11 2.05071e-09 1.31245e-07 4.95278e-06 0.000110206 0.00144594 0.0111869 0.0510491 0.137576 0.220372 0.216511 0.148765 0.0971527 0.0663867 0.0350755 0.0117225 0.00234423 0.000277221 1.93413e-05 7.95758e-07 1.93056e-08 2.76161e-10 2.32932e-12 1.1585e-14 3.39732e-17
 1.88675e-11 2.04789e-09 1.31065e-07 4.94597e-06 0.000110054 0.00144395 0.0111715 0.050979 0.137388 0.220085 0.216294 0.148788 0.0973962 0.0666646 0.0352404 0.0117789 0.00235556 0.000278563 1.9435e-05 7.9961e-07 1.9399e-08 2.77498e-10 2.34059e-12 1.16411e-14 3.41376e-17
 1.98289e-11 2.15224e-09 1.37743e-07 5.19799e-06 0.000115661 0.00151752 0.0117405 0.0535709 0.144312 0.230674 0.224327 0.147954 0.0883873 0.0563831 0.02914 0.00969147 0.00193618 0.000228922 1.5971e-05 6.57087e-07 1.59413e-08 2.28036e-10 1.9234e-12 9.56616e-15 2.80528e-17
 1.91008e-11 2.0732e-09 1.32685e-07 5.00711e-06 0.000111414 0.00146179 0.0113095 0.0516078 0.139068 0.222654 0.218243 0.148586 0.0952108 0.0641705 0.0337605 0.0112725 0.00225383 0.000266521 1.85946e-05 7.65036e-07 1.85603e-08 2.65499e-10 2.23939e-12 1.11378e-14 3.26615e-17
 1.96e-11 2.12739e-09 1.36153e-07 5.13797e-06 0.000114326 0.0015 0.011605 0.0529537 0.142663 0.228152 0.222414 0.148153 0.0905326 0.0588315 0.0305927 0.0101886 0.00203604 0.000240743 1.67958e-05 6.91026e-07 1.67647e-08 2.39814e-10 2.02274e-12 1.00603e-14 2.95018e-17
 2.03451e-11 2.20826e-09 1.41328e-07 5.33329e-06 0.000118672 0.00155701 0.0120459 0.0549625 0.148029 0.236359 0.22864 0.147507 0.0835505 0.050863 0.0258647 0.00857072 0.00171101 0.00020227 1.41112e-05 5.80566e-07 1.40849e-08 2.0148e-10 1.69941e-12 8.45212e-15 2.47859e-17
 2.00647e-11 2.17783e-09 1.39381e-07 5.2598e-06 0.000117037 0.00153556 0.01188 0.0542067 0.14601 0.233271 0.226297 0.14775 0.0861776 0.0538612 0.0276437 0.00917945 0.00183331 0.000216746 1.51213e-05 6.22128e-07 1.50932e-08 2.15904e-10 1.82107e-12 9.0572e-15 2.65603e-17
 2.02809e-11 2.2013e-09 1.40883e-07 5.31648e-06 0.000118298 0.00155211 0.012008 0.0547896 0.147567 0.235652 0.228104 0.147562 0.0841516 0.051549 0.0262717 0.00870999 0.00173899 0.000205582 1.43423e-05 5.90075e-07 1.43155e-08 2.0478e-10 1.72724e-12 8.59056e-15 2.51919e-17
#obs catch len freq
 4.62617e-11 4.28738e-09 2.34287e-07 7.54905e-06 0.000143425 0.0016068 0.0106161 0.0413995 0.0957073 0.134186 0.126922 0.111112 0.114492 0.113256 0.0970485 0.0729433 0.0451561 0.0222706 0.00905066 0.00306095 0.000825525 0.000168134 2.46805e-05 2.50855e-06 1.70611e-07
 6.44271e-11 5.75885e-09 3.03522e-07 9.43262e-06 0.000172848 0.00186768 0.0119022 0.0447791 0.0999891 0.136208 0.128185 0.116184 0.120971 0.114294 0.0911565 0.0647449 0.0392762 0.0193281 0.00770443 0.00247204 0.000620211 0.000116942 1.58605e-05 1.48503e-06 9.28372e-08
 4.06747e-11 3.50061e-09 1.77643e-07 5.3155e-06 9.37861e-05 0.000975862 0.00599227 0.0217933 0.0478399 0.0693104 0.0878985 0.126127 0.164781 0.163529 0.13143 0.0914343 0.052397 0.0239408 0.00894213 0.00272891 0.000649715 0.000114532 1.43365e-05 1.2314e-06 7.04851e-08
 2.32352e-11 1.92225e-09 9.37697e-08 2.69716e-06 4.57469e-05 0.000457653 0.00270398 0.00950135 0.0205716 0.0319594 0.0505066 0.0893279 0.137948 0.176014 0.187235 0.152037 0.087959 0.0371597 0.0123488 0.00335951 0.000727968 0.000118642 1.37778e-05 1.09306e-06 5.74461e-08
 3.83632e-10 3.04621e-08 1.42623e-06 3.9374e-05 0.000640937 0.00615188 0.034817 0.116193 0.228689 0.265707 0.183224 0.0775789 0.0254132 0.014599 0.0153406 0.0142358 0.00981645 0.00501605 0.00189247 0.000521831 0.000105046 1.5394e-05 1.60949e-06 1.16072e-07 5.58044e-09
 2.84235e-10 2.1631e-08 9.70652e-07 2.56826e-05 0.000400691 0.00368651 0.0200107 0.0642428 0.123567 0.151588 0.148521 0.157823 0.157207 0.108063 0.0463807 0.0131525 0.00338872 0.00123879 0.0005037 0.000158158 3.44468e-05 5.0756e-06 5.01564e-07 3.3005e-08 1.43089e-09
 6.68038e-10 4.86593e-08 2.08986e-06 5.29244e-05 0.000790284 0.00695837 0.0361301 0.110685 0.200595 0.218061 0.152235 0.088125 0.0622729 0.0510245 0.0384097 0.0227035 0.00916376 0.0023474 0.000387589 4.83385e-05 6.06832e-06 7.6776e-07 7.48731e-08 4.85904e-09 2.01357e-10
 7.94826e-10 5.53411e-08 2.27201e-06 5.49999e-05 0.000785066 0.00660802 0.0328096 0.0962597 0.168383 0.183583 0.148903 0.125441 0.108651 0.0725169 0.0352065 0.0140347 0.004954 0.00144053 0.000313345 4.79208e-05 4.99211e-06 3.61474e-07 1.98406e-08 8.90856e-10 3.11441e-11
 1.21803e-09 8.09703e-08 3.1738e-06 7.33538e-05 0.000999672 0.00803362 0.0380816 0.106649 0.177915 0.184174 0.139887 0.110154 0.0945226 0.0692563 0.0412732 0.0199113 0.00705869 0.00169428 0.000276331 3.29919e-05 3.09826e-06 2.24632e-07 1.16155e-08 4.05186e-10 9.45689e-12
 1.58399e-09 1.00421e-07 3.75391e-06 8.2743e-05 0.00107542 0.00824258 0.0372755 0.0997367 0.160137 0.165026 0.13805 0.127256 0.113621 0.0787281 0.0429632 0.0192628 0.00661884 0.00160962 0.000273186 3.2991e-05 2.85784e-06 1.76194e-07 7.68675e-09 2.36143e-10 5.01319e-12
 1.99179e-09 1.203e-07 4.28422e-06 8.99641e-05 0.00111396 0.00813482 0.0350647 0.0896077 0.138802 0.144042 0.13395 0.139228 0.12965 0.0928649 0.0532188 0.0242413 0.00794829 0.00174989 0.000259755 2.73461e-05 2.13571e-06 1.2334e-07 5.06396e-09 1.42147e-10 2.6616e-12
 3.80725e-09 2.18854e-07 7.41796e-06 0.000148253 0.00174712 0.0121419 0.0497899 0.120825 0.176098 0.16532 0.127361 0.11029 0.0963578 0.0703589 0.042181 0.0195316 0.00629034 0.00134 0.000191293 1.90909e-05 1.37265e-06 7.08943e-08 2.57646e-09 6.46144e-11 1.09853e-12
 6.037e-09 3.29983e-07 1.06353e-05 0.000202113 0.00226487 0.0149675 0.0583732 0.134823 0.187709 0.170893 0.131878 0.112788 0.0898526 0.0552131 0.0268363 0.0104818 0.00302193 0.000596811 8.0236e-05 7.59251e-06 5.18144e-07 2.52633e-08 8.56261e-10 1.96936e-11 3.02132e-13
 8.45346e-09 4.38999e-07 1.34425e-05 0.000242711 0.00258408 0.0162261 0.0601521 0.132321 0.177137 0.161129 0.13407 0.122471 0.0967726 0.0573549 0.0266545 0.00978486 0.00258176 0.000450138 5.08988e-05 3.8637e-06 2.08992e-07 8.38657e-09 2.47345e-10 5.15048e-12 7.27865e-14
 1.13546e-08 5.59793e-07 1.62731e-05 0.000278939 0.00281945 0.0168099 0.0592048 0.124109 0.160598 0.148803 0.136235 0.132818 0.106557 0.0649297 0.031482 0.0117374 0.00303307 0.000508616 5.49982e-05 3.95844e-06 1.97562e-07 6.97403e-09 1.72589e-10 2.94212e-12 3.4161e-14
 1.85205e-08 8.66238e-07 2.38896e-05 0.000388484 0.00372525 0.0210709 0.0704037 0.139992 0.171693 0.150282 0.129553 0.120232 0.094053 0.0573922 0.0279744 0.0102317 0.00253476 0.000403452 4.13467e-05 2.82596e-06 1.3412e-07 4.48926e-09 1.0436e-10 1.64281e-12 1.71875e-14
 2.7084e-08 1.20105e-06 3.14051e-05 0.00048421 0.00440247 0.0236135 0.0748659 0.141693 0.167729 0.148237 0.134623 0.125195 0.092884 0.0524881 0.0235698 0.00800777 0.00186313 0.000281325 2.76375e-05 1.82774e-06 8.41642e-08 2.71582e-09 6.0225e-11 8.96339e-13 8.8099e-15
 4.50787e-08 1.89438e-06 4.69407e-05 0.000685849 0.00590928 0.0300352 0.0902259 0.161684 0.180597 0.148865 0.124818 0.109037 0.0779706 0.0432942 0.0190583 0.00620887 0.0013556 0.000188807 1.68168e-05 9.92539e-07 4.06067e-08 1.17936e-09 2.40574e-11 3.35199e-13 3.11026e-15
 6.16157e-08 2.45274e-06 5.75705e-05 0.000796799 0.00650349 0.0313215 0.0892629 0.152641 0.16689 0.144859 0.133941 0.119818 0.0832257 0.0444733 0.0188354 0.00591659 0.00126096 0.000176031 1.63019e-05 1.02951e-06 4.48247e-08 1.32633e-09 2.60772e-11 3.35966e-13 2.82495e-15
 9.60075e-08 3.619e-06 8.0438e-05 0.00105423 0.00814821 0.0371629 0.100321 0.162661 0.169305 0.141328 0.126656 0.110462 0.0765636 0.0417545 0.0178062 0.00543741 0.00109845 0.000143713 1.24623e-05 7.44856e-07 3.13697e-08 9.21163e-10 1.83339e-11 2.40858e-13 2.04868e-15
 1.35753e-07 4.84456e-06 0.000101942 0.00126489 0.00925633 0.0399829 0.102371 0.158508 0.161939 0.141193 0.133278 0.114794 0.076126 0.0394776 0.0160017 0.00466334 0.000909311 0.00011694 1.01523e-05 6.1058e-07 2.54982e-08 7.25634e-10 1.378e-11 1.72214e-13 1.40254e-15
 2.0592e-07 6.95605e-06 0.000138554 0.00162737 0.0112732 0.0461026 0.111835 0.164579 0.16172 0.13881 0.129192 0.108508 0.0707873 0.0363327 0.0143206 0.0039563 0.00071794 8.48928e-05 6.74155e-06 3.73371e-07 1.46247e-08 3.98362e-10 7.33242e-12 8.89867e-14 6.99321e-16
 3.30663e-07 1.05726e-05 0.000199328 0.00221597 0.0145298 0.0562442 0.129149 0.179914 0.167268 0.135488 0.118829 0.0944865 0.0587338 0.0287775 0.0107829 0.00282387 0.000486905 5.50116e-05 4.18837e-06 2.21206e-07 8.14655e-09 2.05675e-10 3.4853e-12 3.90258e-14 2.85238e-16
 4.55136e-07 1.37742e-05 0.000245803 0.00258659 0.0160553 0.0588691 0.12839 0.171955 0.16054 0.13982 0.12818 0.0986523 0.0572541 0.0258907 0.00896992 0.0021855 0.000352295 3.73386e-05 2.67482e-06 1.3328e-07 4.63825e-09 1.10605e-10 1.76456e-12 1.84908e-14 1.25555e-16
 6.43613e-07 1.84376e-05 0.000311445 0.00310233 0.0182301 0.0633107 0.131069 0.168238 0.155325 0.139081 0.12878 0.098218 0.0571648 0.0259756 0.00880455 0.00203485 0.000304414 2.94475e-05 1.90005e-06 8.48329e-08 2.66073e-09 5.78501e-11 8.50298e-13 8.26383e-15 5.22147e-17
 9.08081e-07 2.46263e-05 0.000393796 0.00371353 0.0206614 0.0679823 0.133734 0.165129 0.152136 0.140512 0.130099 0.0966706 0.0548383 0.0242209 0.00788107 0.00173276 0.000246356 2.27281e-05 1.401e-06 5.93488e-08 1.73759e-09 3.4619e-11 4.60133e-13 4.02187e-15 2.28832e-17
 1.48552e-06 3.81415e-05 0.00057745 0.00515548 0.0271554 0.0845639 0.157223 0.182328 0.154691 0.12931 0.110928 0.0787833 0.0434573 0.0186179 0.00579044 0.00120329 0.000160993 1.39746e-05 8.11786e-07 3.24608e-08 8.97502e-10 1.68617e-11 2.10502e-13 1.7166e-15 9.03235e-18
 1.98153e-06 4.81751e-05 0.000690634 0.00583901 0.0291334 0.0860561 0.152706 0.173314 0.153902 0.13984 0.120219 0.0792359 0.0390548 0.0148708 0.00418164 0.000798587 9.89095e-05 7.95481e-06 4.27349e-07 1.57814e-08 4.03315e-10 7.02124e-12 8.14292e-14 6.17977e-16 3.02854e-18
#spawning biomass
 30929.4 33405.1 23043.5 12119.9 21146.8 36601 68824.8 118236 179068 190214 177136 192981 232552 273253 222004 212199 226534 207956 238490 263933 218427 251681 277528 259021 265421 229659 230891 232091 218377 359067 142797 56308.3 28525.9 20600.5 18505.7 17980 17852.8 17822.9 17816 17814.4 17814 17813.9 17813.9 17813.9 17813.9 17813.9 17813.9 17813.9 17813.9 17813.9 17813.9 17813.9 17813.9 17813.9 17813.9 17813.9 17813.9 17813.9 17813.9 17813.9 17813.9 17813.9 17813.9 17813.9 17813.9 17813.9 17813.9 17813.9 17813.9 17813.9 17813.9 17813.9 17813.9 17813.9 17813.9 17813.9 17813.9 17813.9 17813.9 17813.9 17813.9 17813.9 17813.9 17813.9 17813.9 17813.9 17813.9 17813.9 17813.9 17813.9 17813.9 17813.9 17813.9 17813.9 17813.9 17813.9 17813.9 17813.9 17813.9 17813.9 17813.9 17813.9 17813.9 17813.9 17813.9 17813.9 17813.9 17813.9 17813.9 17813.9 17813.9 17813.9 17813.9 17813.9 17813.9 17813.9 17813.9 17813.9 17813.9 17813.9 17813.9 17813.9 17813.9 17813.9 17813.9 17813.9 17813.9 17813.9 0 0 0 0 0 0 0 0 0 0 0 0 0 0 0 0 0 0 0 0 0 0 0 0 0
