SBPRF35
0.10504
Curr Bio
48446.8
B35
98675.5
F35
0.483376
FOFL
0.131426
OFL
10619.8
Bzero
30011.5
#pred survey bio
 8305.04 7973.13 8644.69 7886.21 9804.36 15086.4 17022.3 20868.3 38255.3 61513.7 79016.6 93332.1 121509 148284 159391 133599 128421 123720 130487 125855 139830 140980 153341 163801 181380 180915 175881 157980 4.43884e+06 2.67911e+06 1.7284e+06 1.07127e+06 737013 585009 518848 490228 477622 471884 469168 467832 467153 466798 466610 466508 466453 466423 466406 466397 466392 466390 466388 466387 466387 466386 466386 466386 466386 466386 466386 466386 466386 466386 466386 466386 466386 466386 466386 466386 466386 466386 466386 466386 466386 466386 466386 466386 466386 466386 466386 466386 466386 466386 466386 466386 466386 466386 466386 466386 466386 466386 466386 466386 466386 466386 466386 466386 466386 466386 466386 466386 466386 466386 466386 466386 466386 466386 466386 466386 466386 466386 466386 466386 466386 466386 466386 466386 466386 466386 466386 466386 466386 466386 466386 466386 466386 466386 466386 466386 0 0 0 0 0 0 0 0 0 0 0 0 0 0 0 0 0 0 0 0 0 0 0 0 0
#obs survey bio
 7624.02 6895.28 7504.54 8663.63 11311.4 12937.4 19170.2 19643.1 59301 83674.8 73127.2 105144 132307 172072 110842 135156 131072 87919.3 116540 136790 108500 185019 112142 212937 190681 200509 170598 151055
#pred catch bio
 4766.88 4890.23 5979.63 5450.68 5854.64 9911.43 11059.8 11178 19635.6 35228.5 50280.5 58746.3 78030.4 92591 110442 88965 86771.5 79824.4 86841.3 78871.9 93424.2 88538.3 97930.3 101948 115429 109954 110176 119505 10619.8 37458.9 22692.1 13418.7 9010.06 7160.13 6437.92 6168.35 6070.62 6035.87 6023.67 6019.42 6017.96 6017.45 6017.28 6017.22 6017.2 6017.19 6017.19 6017.19 6017.19 6017.19 6017.19 6017.19 6017.19 6017.19 6017.19 6017.19 6017.19 6017.19 6017.19 6017.19 6017.19 6017.19 6017.19 6017.19 6017.19 6017.19 6017.19 6017.19 6017.19 6017.19 6017.19 6017.19 6017.19 6017.19 6017.19 6017.19 6017.19 6017.19 6017.19 6017.19 6017.19 6017.19 6017.19 6017.19 6017.19 6017.19 6017.19 6017.19 6017.19 6017.19 6017.19 6017.19 6017.19 6017.19 6017.19 6017.19 6017.19 6017.19 6017.19 6017.19 6017.19 6017.19 6017.19 6017.19 6017.19 6017.19 6017.19 6017.19 6017.19 6017.19 6017.19 6017.19 6017.19 6017.19 6017.19 6017.19 6017.19 6017.19 6017.19 6017.19 6017.19 6017.19 6017.19 6017.19 6017.19 6017.19 6017.19 6017.19 0 0 0 0 0 0 0 0 0 0 0 0 0 0 0 0 0 0 0 0 0 0 0 0 0
#obs catch bio
 5427.09 4944.78 6155.72 5574.89 5824.3 10100.1 10980.2 10977.1 18666.2 33546.4 49153.8 57725.5 77924.4 92360.2 113609 90693.9 88324.2 81403.2 87013.8 79529.4 95033.2 88320.6 99048.6 102671 116209 110407 109320 120355
#pred cpue bio
 7785.5 7151.09 7784.6 7065.69 8582.26 13344.2 15210.6 18484.8 33649.8 55022.5 70928.7 83044.3 107707 131949 143995 120505 115304 110942 117085 113219 125320 126243 137891 146902 162952 163483 160279 143833 3.92019e+06 2.71334e+06 1.71506e+06 1.05135e+06 716578 564539 498375 469755 457149 451411 448695 447359 446680 446326 446137 446035 445980 445950 445934 445925 445920 445917 445915 445915 445914 445914 445914 445914 445914 445914 445914 445913 445913 445913 445913 445913 445913 445913 445913 445913 445913 445913 445913 445913 445913 445913 445913 445913 445913 445913 445913 445913 445913 445913 445913 445913 445913 445913 445913 445913 445913 445913 445913 445913 445913 445913 445913 445913 445913 445913 445913 445913 445913 445913 445913 445913 445913 445913 445913 445913 445913 445913 445913 445913 445913 445913 445913 445913 445913 445913 445913 445913 445913 445913 445913 445913 445913 445913 445913 445913 0 0 0 0 0 0 0 0 0 0 0 0 0 0 0 0 0 0 0 0 0 0 0 0 0
#obs cpue bio
 5202.64 6772.86 5270.14 4776.99 8904.79 10140.6 19130.6 27973.8 78402.4 73273 80793.1 92965.9 89213.5 118810 114649 90978.1 86965.8 108139 152401 80704.2 125396 110566 142286 103446 145656 136048 206348 127980
#pred surv len freq
 2.14621e-27 2.17413e-27 6.69195e-27 1.5459e-21 9.19405e-17 1.25712e-12 3.95178e-09 2.85596e-06 0.000474514 0.0181261 0.159184 0.321397 0.14958 0.0264734 0.0648415 0.0909851 0.0369513 0.0295235 0.0262393 0.0176935 0.0148845 0.0128715 0.0132762 0.0123222 0.00517329
 2.14892e-27 2.18201e-27 7.58506e-27 1.84896e-21 1.09965e-16 1.50357e-12 4.72649e-09 3.41585e-06 0.000567539 0.0216796 0.190391 0.384403 0.178756 0.0277269 0.0535091 0.0746787 0.0272929 0.0132428 0.0104561 0.00557933 0.00386379 0.00272859 0.0023364 0.00196873 0.000816242
 2.14822e-27 2.18043e-27 7.42338e-27 1.7941e-21 1.06702e-16 1.45896e-12 4.58627e-09 3.31451e-06 0.000550701 0.0210364 0.184743 0.372999 0.173543 0.0293154 0.0666443 0.093099 0.0326359 0.0114791 0.00796275 0.00292939 0.00140887 0.000731393 0.000465216 0.000325613 0.000127701
 2.14857e-27 2.18133e-27 7.52179e-27 1.8275e-21 1.08688e-16 1.48612e-12 4.67163e-09 3.3762e-06 0.000560951 0.0214279 0.188181 0.379941 0.176739 0.0289478 0.0623085 0.0870118 0.030848 0.0119492 0.00829306 0.00250355 0.000841008 0.000270497 0.000103597 5.11322e-05 1.76001e-05
 2.15024e-27 2.18546e-27 7.95828e-27 1.97556e-21 1.17494e-16 1.60652e-12 5.05013e-09 3.64974e-06 0.0006064 0.0231641 0.203428 0.410723 0.190917 0.0275297 0.0443735 0.0617169 0.0217194 0.00790509 0.00543725 0.00171957 0.000578515 0.000139804 2.88446e-05 7.30561e-06 1.84559e-06
 2.1495e-27 2.18362e-27 7.76057e-27 1.90848e-21 1.13505e-16 1.55198e-12 4.87866e-09 3.52582e-06 0.000585809 0.0223775 0.196521 0.396778 0.184504 0.0284569 0.0542368 0.0755783 0.0260516 0.00772941 0.00499705 0.00153143 0.000502068 0.000122816 2.08993e-05 2.62553e-06 3.28705e-07
 2.14875e-27 2.18177e-27 7.56534e-27 1.84226e-21 1.09566e-16 1.49812e-12 4.70936e-09 3.40347e-06 0.000565482 0.021601 0.189701 0.38301 0.178162 0.0290571 0.0620505 0.0866085 0.0301727 0.00998913 0.00660087 0.00182638 0.000511033 0.000118911 1.96178e-05 2.02643e-06 1.2782e-07
 2.14942e-27 2.18342e-27 7.74307e-27 1.90256e-21 1.13153e-16 1.54716e-12 4.86352e-09 3.51488e-06 0.000583992 0.0223081 0.195911 0.395547 0.183927 0.0282474 0.0533294 0.0743481 0.0262841 0.00994367 0.00684039 0.00199353 0.000588861 0.000124255 1.7889e-05 1.7129e-06 8.76497e-08
 2.14991e-27 2.18464e-27 7.87233e-27 1.94641e-21 1.1576e-16 1.58281e-12 4.9756e-09 3.59588e-06 0.00059745 0.0228222 0.200426 0.404662 0.188125 0.0278179 0.0479598 0.0667739 0.0235308 0.00866529 0.00597097 0.00187028 0.000615783 0.000137671 1.98197e-05 1.70172e-06 7.70686e-08
 2.14868e-27 2.1816e-27 7.54797e-27 1.83637e-21 1.09216e-16 1.49333e-12 4.69431e-09 3.39259e-06 0.000563674 0.021532 0.189095 0.381786 0.177596 0.0290528 0.0623932 0.0870984 0.0304332 0.0103733 0.00699492 0.00216264 0.000714117 0.000172243 2.73774e-05 2.43636e-06 1.04707e-07
 2.14841e-27 2.18097e-27 7.48414e-27 1.81473e-21 1.07929e-16 1.47574e-12 4.639e-09 3.35262e-06 0.000557033 0.0212783 0.186867 0.377288 0.175514 0.0289922 0.0633791 0.0885385 0.0316295 0.0130147 0.00914121 0.00271446 0.000845671 0.000201453 3.31171e-05 3.20238e-06 1.46596e-07
 2.14909e-27 2.18264e-27 7.66136e-27 1.87485e-21 1.11504e-16 1.52462e-12 4.79267e-09 3.46368e-06 0.000575485 0.0219831 0.193057 0.389785 0.181271 0.0284346 0.0562087 0.0784176 0.027863 0.0109967 0.00774387 0.00253651 0.000883904 0.0002051 3.22547e-05 3.14401e-06 1.52094e-07
 2.14936e-27 2.18329e-27 7.72875e-27 1.8977e-21 1.12863e-16 1.54321e-12 4.85109e-09 3.5059e-06 0.000582499 0.0222511 0.19541 0.394536 0.183464 0.0283538 0.0542831 0.0756784 0.0265572 0.00942373 0.00644948 0.00206764 0.000721937 0.000183527 3.09657e-05 2.95807e-06 1.41138e-07
 2.14907e-27 2.18257e-27 7.65101e-27 1.87132e-21 1.11295e-16 1.52176e-12 4.78366e-09 3.45717e-06 0.000574403 0.0219418 0.192694 0.389052 0.180942 0.0287032 0.0580693 0.0810034 0.0282801 0.00956254 0.00641763 0.00194145 0.000627374 0.000156475 2.74167e-05 2.82352e-06 1.38351e-07
 2.14788e-27 2.17964e-27 7.34114e-27 1.76621e-21 1.05043e-16 1.43628e-12 4.51496e-09 3.26298e-06 0.000542139 0.0207093 0.18187 0.3672 0.170876 0.0296835 0.0706397 0.0987387 0.0347692 0.0127142 0.00868502 0.00256292 0.000787909 0.000183954 3.03174e-05 3.13979e-06 1.62007e-07
 2.14802e-27 2.18e-27 7.38196e-27 1.78007e-21 1.05868e-16 1.44755e-12 4.55039e-09 3.28858e-06 0.000546393 0.0208718 0.183298 0.370081 0.172195 0.0293362 0.0676515 0.0945604 0.0337511 0.0137973 0.00971435 0.00297986 0.000958124 0.000218151 3.3722e-05 3.26927e-06 1.64625e-07
 2.1484e-27 2.18093e-27 7.48059e-27 1.81353e-21 1.07857e-16 1.47476e-12 4.63592e-09 3.35039e-06 0.000556663 0.0212641 0.186743 0.377037 0.175398 0.028993 0.0634598 0.088649 0.0316187 0.0128602 0.0091117 0.00297387 0.00104046 0.000248127 3.91673e-05 3.64523e-06 1.7237e-07
 2.14849e-27 2.18116e-27 7.50312e-27 1.82116e-21 1.08312e-16 1.48097e-12 4.65544e-09 3.3645e-06 0.000559007 0.0213537 0.187529 0.378625 0.176134 0.0290375 0.0632527 0.0883362 0.0312244 0.0118052 0.00822298 0.00267811 0.000950927 0.000242272 4.13973e-05 4.0045e-06 1.87443e-07
 2.14844e-27 2.18104e-27 7.49058e-27 1.81691e-21 1.08059e-16 1.47751e-12 4.64458e-09 3.35665e-06 0.000557702 0.0213038 0.187091 0.377741 0.175725 0.0290458 0.0635699 0.0887913 0.0314956 0.0122565 0.00855429 0.00267909 0.00090784 0.000231296 4.11079e-05 4.27317e-06 2.11514e-07
 2.14823e-27 2.18052e-27 7.43611e-27 1.79843e-21 1.0696e-16 1.46248e-12 4.59733e-09 3.32251e-06 0.00055203 0.0210872 0.185188 0.373899 0.173957 0.0292564 0.0660135 0.092231 0.0326472 0.0124877 0.00869662 0.0027624 0.000942371 0.000231337 3.98492e-05 4.2216e-06 2.20564e-07
 2.14854e-27 2.18129e-27 7.51859e-27 1.82642e-21 1.08624e-16 1.48524e-12 4.66888e-09 3.37421e-06 0.00056062 0.0214153 0.18807 0.379717 0.176632 0.0288476 0.061764 0.086263 0.030837 0.0127584 0.00903357 0.00284777 0.000965682 0.00023904 4.07371e-05 4.18638e-06 2.18186e-07
 2.1486e-27 2.18142e-27 7.53097e-27 1.83061e-21 1.08873e-16 1.48865e-12 4.67959e-09 3.38196e-06 0.000561907 0.0214645 0.188502 0.380589 0.177039 0.0289659 0.062224 0.0868818 0.030651 0.0113998 0.00791895 0.00260213 0.000924679 0.000228869 3.89266e-05 3.98517e-06 2.03837e-07
 2.14827e-27 2.18061e-27 7.44502e-27 1.80146e-21 1.0714e-16 1.46494e-12 4.60507e-09 3.3281e-06 0.000552958 0.0211226 0.1855 0.374528 0.174246 0.0291993 0.0654754 0.0914781 0.0324577 0.0126587 0.00883076 0.00274327 0.00092235 0.000235795 4.14853e-05 4.26176e-06 2.17135e-07
 2.14849e-27 2.18115e-27 7.50371e-27 1.82137e-21 1.08324e-16 1.48114e-12 4.65597e-09 3.36488e-06 0.00055907 0.0213561 0.18755 0.378667 0.176149 0.0289287 0.0625756 0.0874015 0.0311625 0.0126371 0.00891999 0.00283922 0.000968546 0.000236079 4.04538e-05 4.26548e-06 2.21175e-07
 2.14835e-27 2.1808e-27 7.46658e-27 1.80877e-21 1.07575e-16 1.47089e-12 4.62376e-09 3.34161e-06 0.000555203 0.0212084 0.186253 0.376048 0.174945 0.0290875 0.0643344 0.0898739 0.0319432 0.0126364 0.00889449 0.00289523 0.00102018 0.000254027 4.31746e-05 4.40905e-06 2.28537e-07
 2.14787e-27 2.17963e-27 7.34231e-27 1.76662e-21 1.05068e-16 1.43661e-12 4.51601e-09 3.26373e-06 0.000542264 0.0207141 0.181912 0.367285 0.170908 0.0294898 0.0694321 0.0970641 0.0345473 0.0138187 0.00973389 0.00312581 0.00109103 0.000278019 4.8723e-05 5.01332e-06 2.55375e-07
 2.14714e-27 2.17787e-27 7.15839e-27 1.70424e-21 1.01358e-16 1.38589e-12 4.35655e-09 3.14849e-06 0.000523117 0.0199827 0.175489 0.354317 0.164927 0.0298766 0.0757015 0.105942 0.038241 0.0169887 0.0122421 0.00395917 0.00138742 0.00035015 6.15874e-05 6.49704e-06 3.36554e-07
 2.14724e-27 2.17811e-27 7.18681e-27 1.71389e-21 1.01932e-16 1.39374e-12 4.38123e-09 3.16632e-06 0.00052608 0.0200959 0.176483 0.356324 0.165844 0.0295826 0.0733019 0.102588 0.037434 0.0179007 0.0131782 0.00452546 0.0016947 0.000433388 7.62287e-05 8.03646e-06 4.22197e-07
#obs surv len freq
 1.23639e-39 6.05127e-33 6.80899e-27 1.76142e-21 1.04758e-16 1.43238e-12 4.5027e-09 3.25411e-06 0.000540675 0.0206531 0.181375 0.366202 0.1704 0.0292663 0.0683939 0.0956406 0.0345728 0.015527 0.0113278 0.00397704 0.00156567 0.000448558 9.33372e-05 1.19766e-05 7.87883e-07
 1.31454e-39 6.43374e-33 7.23935e-27 1.87275e-21 1.1138e-16 1.52291e-12 4.78729e-09 3.45979e-06 0.000574848 0.0219585 0.192839 0.389347 0.181061 0.0282446 0.0551813 0.0770014 0.0277883 0.0123336 0.00895942 0.00309735 0.00119583 0.000336456 6.83652e-05 8.53064e-06 5.43369e-07
 1.1547e-39 5.65145e-33 6.3591e-27 1.64504e-21 9.78367e-17 1.33774e-12 4.2052e-09 3.03911e-06 0.000504952 0.0192885 0.169392 0.342008 0.159275 0.0308862 0.0855749 0.119785 0.0421112 0.0151928 0.0105285 0.00360866 0.00137639 0.000380247 7.54873e-05 9.18987e-06 5.69405e-07
 1.34429e-39 6.57939e-33 7.40323e-27 1.91515e-21 1.13901e-16 1.55739e-12 4.89567e-09 3.53811e-06 0.000587862 0.0224556 0.197205 0.39816 0.185109 0.0275322 0.0481765 0.0671833 0.0250901 0.0137667 0.0102195 0.00312721 0.0010415 0.000280031 5.45754e-05 6.49016e-06 3.92111e-07
 1.39139e-39 6.80991e-33 7.66262e-27 1.98225e-21 1.17892e-16 1.61196e-12 5.0672e-09 3.66207e-06 0.000608459 0.0232423 0.204114 0.412111 0.19156 0.027552 0.0440926 0.0612993 0.0212665 0.0067709 0.00461933 0.00179771 0.000743598 0.000183323 3.20115e-05 3.6695e-06 2.16624e-07
 1.27002e-39 6.21587e-33 6.99419e-27 1.80933e-21 1.07608e-16 1.47134e-12 4.62517e-09 3.34262e-06 0.000555382 0.0212149 0.186309 0.376163 0.175016 0.0295715 0.0672554 0.0939119 0.0322962 0.00933238 0.00593425 0.00170269 0.00054036 0.000159351 3.12703e-05 3.31844e-06 1.82631e-07
 1.28249e-39 6.27691e-33 7.06289e-27 1.8271e-21 1.08665e-16 1.48579e-12 4.6706e-09 3.37545e-06 0.000560836 0.0214232 0.188139 0.379857 0.176697 0.0288715 0.061869 0.0864134 0.0309316 0.0129147 0.00901901 0.00246317 0.000662082 0.000146596 2.5547e-05 3.02209e-06 1.68586e-07
 1.41895e-39 6.94477e-33 7.81437e-27 2.0215e-21 1.20226e-16 1.64388e-12 5.16755e-09 3.7346e-06 0.000620509 0.0237026 0.208157 0.420272 0.195311 0.0269801 0.0381415 0.0529461 0.0188054 0.0074009 0.0052126 0.00171547 0.000588507 0.000124248 1.71149e-05 1.64513e-06 9.07238e-08
 1.42095e-39 6.95456e-33 7.82539e-27 2.02435e-21 1.20396e-16 1.6462e-12 5.17483e-09 3.73986e-06 0.000621383 0.023736 0.20845 0.420864 0.195597 0.0273026 0.0399318 0.0554102 0.0188688 0.00484508 0.00298804 0.000951823 0.000331104 8.35618e-05 1.33836e-05 1.14758e-06 5.1247e-08
 1.35154e-39 6.61485e-33 7.44313e-27 1.92547e-21 1.14515e-16 1.56578e-12 4.92205e-09 3.55718e-06 0.00059103 0.0225766 0.198268 0.400307 0.186134 0.028406 0.0528638 0.0736259 0.0251331 0.00664791 0.00405534 0.00104972 0.000263701 6.27216e-05 1.08545e-05 1.07906e-06 4.89949e-08
 1.32093e-39 6.46502e-33 7.27454e-27 1.88185e-21 1.11921e-16 1.53032e-12 4.81056e-09 3.47661e-06 0.000577643 0.0220652 0.193777 0.39124 0.181951 0.0286371 0.0570072 0.0795046 0.0277328 0.00929248 0.00612863 0.00160537 0.000391662 7.48461e-05 1.00204e-05 9.73467e-07 4.86841e-08
 1.35921e-39 6.65238e-33 7.48537e-27 1.93639e-21 1.15165e-16 1.57467e-12 4.94998e-09 3.57736e-06 0.000594384 0.0227047 0.199393 0.402578 0.187168 0.0279626 0.0494725 0.0689012 0.0242193 0.00871961 0.00592883 0.00173372 0.000508174 9.96831e-05 1.20051e-05 9.23282e-07 4.01877e-08
 1.33142e-39 6.51637e-33 7.33233e-27 1.8968e-21 1.1281e-16 1.54247e-12 4.84878e-09 3.50422e-06 0.000582231 0.0222405 0.195316 0.394347 0.183383 0.028503 0.0552518 0.0770222 0.0267392 0.00855467 0.00565563 0.00171753 0.00054458 0.000120693 1.6707e-05 1.26692e-06 4.69763e-08
 1.28516e-39 6.28996e-33 7.07756e-27 1.8309e-21 1.0889e-16 1.48888e-12 4.68031e-09 3.38247e-06 0.000562002 0.0214677 0.18853 0.380646 0.177071 0.0290843 0.0629297 0.0878621 0.0308079 0.0108443 0.00731284 0.00209572 0.000617724 0.000142062 2.17987e-05 1.87732e-06 7.42691e-08
 1.17134e-39 5.73289e-33 6.45074e-27 1.66874e-21 9.92465e-17 1.35702e-12 4.26579e-09 3.0829e-06 0.000512228 0.0195664 0.171832 0.346936 0.161539 0.0305191 0.0818491 0.114565 0.0407132 0.0160777 0.0112076 0.00336669 0.00104543 0.000229674 3.40198e-05 3.11245e-06 1.3703e-07
 1.2653e-39 6.19278e-33 6.96821e-27 1.80261e-21 1.07208e-16 1.46588e-12 4.60799e-09 3.33021e-06 0.000553319 0.0211361 0.185617 0.374765 0.174334 0.0286253 0.0619003 0.0865338 0.0320004 0.0166084 0.0122911 0.00393412 0.00133646 0.000309677 4.68721e-05 4.16757e-06 1.85947e-07
 1.23408e-39 6.03994e-33 6.79624e-27 1.75812e-21 1.04562e-16 1.4297e-12 4.49427e-09 3.24802e-06 0.000539663 0.0206144 0.181036 0.365517 0.170092 0.029523 0.0701677 0.0980997 0.034879 0.0138526 0.00995214 0.00374549 0.00152308 0.000385134 6.35394e-05 5.90766e-06 2.64144e-07
 1.27663e-39 6.24824e-33 7.03062e-27 1.81875e-21 1.08168e-16 1.479e-12 4.64926e-09 3.36003e-06 0.000558274 0.0213253 0.187279 0.378121 0.175891 0.0287622 0.0617244 0.0862327 0.0311688 0.0139793 0.0100846 0.00325464 0.00119066 0.000348945 6.8005e-05 6.99379e-06 3.33641e-07
 1.24401e-39 6.08854e-33 6.85093e-27 1.77227e-21 1.05404e-16 1.4412e-12 4.53043e-09 3.27415e-06 0.000544005 0.0207803 0.182493 0.368458 0.171448 0.029418 0.0686402 0.0959463 0.0341208 0.0135653 0.00962788 0.00331524 0.00124557 0.000324295 6.26476e-05 7.44424e-06 4.0366e-07
 1.25571e-39 6.14583e-33 6.91538e-27 1.78894e-21 1.06395e-16 1.45476e-12 4.57306e-09 3.30496e-06 0.000549124 0.0209758 0.18421 0.371924 0.173038 0.0290821 0.0655449 0.0916155 0.0330361 0.0145723 0.0104793 0.00337649 0.00120084 0.000324052 6.09881e-05 6.933e-06 4.03219e-07
 1.28052e-39 6.26726e-33 7.05202e-27 1.82429e-21 1.08497e-16 1.48351e-12 4.66341e-09 3.37026e-06 0.000559973 0.0213903 0.187849 0.379272 0.176425 0.0288085 0.06166 0.0861221 0.0308566 0.0129956 0.00932732 0.00318159 0.00118261 0.000303303 5.54587e-05 6.27592e-06 3.56054e-07
 1.25934e-39 6.16362e-33 6.93541e-27 1.79412e-21 1.06703e-16 1.45897e-12 4.5863e-09 3.31453e-06 0.000550713 0.0210365 0.184743 0.373001 0.17354 0.0291951 0.0659104 0.0921007 0.0327976 0.0131764 0.00933005 0.00310393 0.00114176 0.000306357 5.66549e-05 6.19527e-06 3.44956e-07
 1.26127e-39 6.17305e-33 6.94601e-27 1.79687e-21 1.06866e-16 1.46121e-12 4.59331e-09 3.3196e-06 0.000551556 0.0210687 0.185026 0.373571 0.173799 0.0290647 0.0649428 0.0907559 0.0325853 0.0139332 0.00996466 0.00322708 0.00114372 0.000300481 5.61035e-05 6.27767e-06 3.45637e-07
 1.25722e-39 6.15321e-33 6.92369e-27 1.79109e-21 1.06523e-16 1.45651e-12 4.57855e-09 3.30893e-06 0.000549783 0.021001 0.184431 0.372371 0.173246 0.0291163 0.0656193 0.0917087 0.0329065 0.014009 0.0100547 0.00337184 0.00123273 0.000315819 5.69996e-05 6.3334e-06 3.53282e-07
 1.2627e-39 6.18005e-33 6.95389e-27 1.79891e-21 1.06988e-16 1.46286e-12 4.59853e-09 3.32336e-06 0.000552182 0.0210926 0.185236 0.373995 0.173993 0.0290161 0.0645183 0.0901602 0.0324072 0.0139733 0.0100521 0.00336596 0.0012404 0.000327732 5.97974e-05 6.47526e-06 3.54828e-07
 1.19591e-39 5.85317e-33 6.58608e-27 1.70376e-21 1.01329e-16 1.38549e-12 4.3553e-09 3.14758e-06 0.000522975 0.019977 0.175438 0.354214 0.164883 0.0299579 0.0762293 0.10667 0.0382694 0.0162748 0.0116859 0.00394171 0.00146356 0.00038821 7.21119e-05 7.95425e-06 4.32542e-07
 1.19447e-39 5.84609e-33 6.57812e-27 1.7017e-21 1.01206e-16 1.38381e-12 4.35003e-09 3.14377e-06 0.000522343 0.0199528 0.175226 0.353786 0.164671 0.0295677 0.0739762 0.103564 0.0381203 0.0192474 0.014256 0.00477617 0.00176294 0.000470602 8.81515e-05 9.84639e-06 5.44054e-07
 1.23009e-39 6.02046e-33 6.77432e-27 1.75245e-21 1.04225e-16 1.42509e-12 4.47977e-09 3.23754e-06 0.000537922 0.0205479 0.180452 0.364338 0.169531 0.0291023 0.0679551 0.09506 0.0348755 0.0172732 0.0129318 0.00480275 0.00195491 0.000524664 9.81929e-05 1.10512e-05 6.1747e-07
#pred catch len freq
 2.14591e-27 2.17335e-27 6.60859e-27 1.51762e-21 9.02585e-17 1.23412e-12 3.87949e-09 2.80372e-06 0.000465833 0.0177945 0.156272 0.315517 0.146871 0.0267068 0.0680378 0.0954927 0.0385617 0.0301901 0.0267528 0.0179789 0.0151017 0.0130529 0.0134615 0.0124939 0.00524538
 2.14873e-27 2.18154e-27 7.53498e-27 1.83197e-21 1.08954e-16 1.48975e-12 4.68306e-09 3.38446e-06 0.000562323 0.0214803 0.188641 0.38087 0.17713 0.0279193 0.0557486 0.0778315 0.028351 0.0134628 0.0105821 0.00562814 0.00389038 0.00274584 0.00235078 0.0019808 0.000821244
 2.14814e-27 2.18025e-27 7.40355e-27 1.78738e-21 1.06302e-16 1.45349e-12 4.56907e-09 3.30208e-06 0.000548636 0.0209575 0.18405 0.3716 0.172901 0.0294216 0.0677147 0.0946018 0.0330851 0.0113868 0.00785066 0.00288025 0.00138167 0.000716773 0.000455815 0.000319021 0.000125115
 2.1485e-27 2.18116e-27 7.50269e-27 1.82101e-21 1.08303e-16 1.48085e-12 4.65506e-09 3.36423e-06 0.000558961 0.0213519 0.187514 0.378594 0.17612 0.0290489 0.0633319 0.0884484 0.0312745 0.0118505 0.00818034 0.0024641 0.000825329 0.000265233 0.000101545 5.01161e-05 1.72502e-05
 2.15006e-27 2.18501e-27 7.91093e-27 1.9595e-21 1.16539e-16 1.59346e-12 5.00907e-09 3.62007e-06 0.00060147 0.0229757 0.201774 0.407384 0.18938 0.0277172 0.0465249 0.0647453 0.022732 0.00810291 0.00554254 0.00174881 0.000586752 0.000141693 2.92221e-05 7.40025e-06 1.86946e-06
 2.14938e-27 2.18332e-27 7.72876e-27 1.89769e-21 1.12863e-16 1.5432e-12 4.85107e-09 3.50588e-06 0.000582497 0.022251 0.195409 0.394534 0.183472 0.0285956 0.05576 0.0777204 0.0267405 0.00777173 0.00498917 0.00152552 0.000498717 0.000121906 2.07367e-05 2.60474e-06 3.26088e-07
 2.1486e-27 2.18141e-27 7.52645e-27 1.82906e-21 1.08781e-16 1.48739e-12 4.67563e-09 3.37909e-06 0.000561431 0.0214463 0.188342 0.380267 0.1769 0.0292248 0.0639015 0.0892117 0.0310136 0.0100537 0.00660255 0.00182329 0.000508604 0.000118245 1.95003e-05 2.01402e-06 1.27032e-07
 2.14911e-27 2.18268e-27 7.66359e-27 1.8756e-21 1.11549e-16 1.52523e-12 4.79459e-09 3.46506e-06 0.000575715 0.0219919 0.193134 0.389941 0.181347 0.0285496 0.0568637 0.0793251 0.0279771 0.0103715 0.00709836 0.00206446 0.000608054 0.000128208 1.84504e-05 1.76637e-06 9.03818e-08
 2.14961e-27 2.18389e-27 7.79193e-27 1.91913e-21 1.14138e-16 1.56064e-12 4.90588e-09 3.54549e-06 0.000589078 0.0225024 0.197617 0.398992 0.185515 0.028121 0.0515194 0.0717868 0.0252399 0.00911052 0.00624494 0.00195166 0.000640832 0.000143173 2.06037e-05 1.76877e-06 8.0101e-08
 2.1484e-27 2.18091e-27 7.4743e-27 1.81138e-21 1.07729e-16 1.47301e-12 4.63042e-09 3.34642e-06 0.000556002 0.0212389 0.186521 0.37659 0.175204 0.0293433 0.0657331 0.0917999 0.032008 0.0106904 0.00716674 0.00221075 0.000727974 0.000175458 2.78781e-05 2.48061e-06 1.06604e-07
 2.14824e-27 2.18054e-27 7.43831e-27 1.79918e-21 1.07004e-16 1.46309e-12 4.59925e-09 3.32389e-06 0.000552259 0.0210959 0.185266 0.374055 0.174026 0.029184 0.0655248 0.0915571 0.0326173 0.0131351 0.00918061 0.00272038 0.000845062 0.000201153 3.30552e-05 3.19598e-06 1.46297e-07
 2.14893e-27 2.18223e-27 7.61685e-27 1.85974e-21 1.10606e-16 1.51234e-12 4.75407e-09 3.43578e-06 0.000570849 0.0218061 0.191502 0.386645 0.179826 0.028618 0.0582745 0.0813244 0.0288201 0.0111337 0.00779981 0.0025487 0.000885815 0.000205406 3.22901e-05 3.14703e-06 1.52233e-07
 2.14922e-27 2.18294e-27 7.69086e-27 1.88484e-21 1.12099e-16 1.53275e-12 4.81823e-09 3.48215e-06 0.000578554 0.0221004 0.194087 0.391864 0.182235 0.0285141 0.0560676 0.0781887 0.0273747 0.00950974 0.00647058 0.00206949 0.000720619 0.000183063 3.08764e-05 2.94918e-06 1.40707e-07
 2.14889e-27 2.18212e-27 7.60326e-27 1.85512e-21 1.10331e-16 1.50858e-12 4.74225e-09 3.42724e-06 0.000569431 0.0217519 0.191026 0.385685 0.179393 0.0289005 0.0602884 0.0841258 0.0293069 0.00970512 0.00647417 0.00195422 0.000629698 0.000156935 2.74872e-05 2.83044e-06 1.38684e-07
 2.1478e-27 2.17945e-27 7.32071e-27 1.75928e-21 1.04631e-16 1.43064e-12 4.49724e-09 3.25017e-06 0.00054001 0.020628 0.181156 0.365759 0.170214 0.029792 0.071737 0.100279 0.0352245 0.012602 0.00855927 0.00252042 0.000772585 0.000180237 2.96931e-05 3.07473e-06 1.58643e-07
 2.14789e-27 2.17969e-27 7.34868e-27 1.76878e-21 1.05196e-16 1.43837e-12 4.52152e-09 3.26772e-06 0.000542927 0.0207394 0.182135 0.367734 0.171116 0.029489 0.0692915 0.0968656 0.0344776 0.0137895 0.00966009 0.00295663 0.000947991 0.000215687 3.3328e-05 3.23062e-06 1.62671e-07
 2.1483e-27 2.18068e-27 7.45375e-27 1.80442e-21 1.07316e-16 1.46735e-12 4.61264e-09 3.33357e-06 0.000553867 0.0211573 0.185805 0.375144 0.174528 0.0291219 0.0648175 0.0905566 0.0322092 0.0128158 0.00903374 0.00294136 0.00102635 0.000244596 3.85953e-05 3.59152e-06 1.69822e-07
 2.14834e-27 2.18077e-27 7.46159e-27 1.80707e-21 1.07474e-16 1.46951e-12 4.61942e-09 3.33847e-06 0.000554682 0.0211885 0.186078 0.375695 0.174786 0.0292152 0.0652207 0.0911044 0.0321223 0.011887 0.00823485 0.00267554 0.00094747 0.000241223 4.12035e-05 3.98527e-06 1.86535e-07
 2.14832e-27 2.18074e-27 7.45863e-27 1.80607e-21 1.07414e-16 1.4687e-12 4.61686e-09 3.33662e-06 0.000554375 0.0211767 0.185975 0.375487 0.174689 0.0291912 0.0651369 0.090994 0.0321923 0.0122581 0.00851001 0.00265911 0.000898564 0.000228765 4.06433e-05 4.22438e-06 2.09091e-07
 2.14804e-27 2.18004e-27 7.38415e-27 1.7808e-21 1.05911e-16 1.44815e-12 4.55227e-09 3.28994e-06 0.000546619 0.0208805 0.183373 0.370234 0.172271 0.0294711 0.0684286 0.0956292 0.0337649 0.0126434 0.00875828 0.00277551 0.000944266 0.000231638 3.9886e-05 4.22496e-06 2.2073e-07
 2.14843e-27 2.18101e-27 7.48872e-27 1.81628e-21 1.08021e-16 1.477e-12 4.64297e-09 3.35549e-06 0.000557509 0.0212965 0.187027 0.37761 0.175663 0.0289855 0.0632415 0.0883397 0.03149 0.0127462 0.00897991 0.00282434 0.000955097 0.00023625 4.02467e-05 4.13546e-06 2.15523e-07
 2.14842e-27 2.18096e-27 7.48202e-27 1.814e-21 1.07886e-16 1.47515e-12 4.63714e-09 3.35127e-06 0.000556809 0.0212697 0.186792 0.377136 0.17545 0.0291685 0.0645012 0.090086 0.0317041 0.0115439 0.00797498 0.0026142 0.000926514 0.000229167 3.89627e-05 3.98837e-06 2.03992e-07
 2.14809e-27 2.18018e-27 7.39914e-27 1.78589e-21 1.06214e-16 1.45229e-12 4.56528e-09 3.29934e-06 0.00054818 0.0209401 0.183897 0.371292 0.172757 0.0293929 0.0676327 0.0945129 0.0334475 0.0127679 0.00886043 0.00274625 0.00092077 0.000235218 4.13688e-05 4.24929e-06 2.1649e-07
 2.14829e-27 2.18067e-27 7.45184e-27 1.80377e-21 1.07277e-16 1.46682e-12 4.61098e-09 3.33237e-06 0.000553668 0.0211498 0.185738 0.375009 0.174466 0.0291403 0.0649701 0.090771 0.0322766 0.0128122 0.0089985 0.00285756 0.000972156 0.000236792 4.05605e-05 4.27618e-06 2.21722e-07
 2.14817e-27 2.18037e-27 7.42026e-27 1.79306e-21 1.0664e-16 1.45811e-12 4.58359e-09 3.31257e-06 0.000550379 0.0210241 0.184635 0.372781 0.173441 0.0292818 0.0665056 0.0929285 0.0329418 0.0127547 0.00893138 0.0029003 0.00101924 0.000253617 4.3089e-05 4.39975e-06 2.28046e-07
 2.14763e-27 2.17903e-27 7.27881e-27 1.74508e-21 1.03786e-16 1.41909e-12 4.46094e-09 3.22393e-06 0.000535652 0.0204615 0.179694 0.362806 0.168847 0.0297447 0.0723375 0.101153 0.0359079 0.0140621 0.0098556 0.00315748 0.0010991 0.000279878 4.90311e-05 5.0444e-06 2.56948e-07
 2.14693e-27 2.17733e-27 7.1006e-27 1.68463e-21 1.00192e-16 1.36994e-12 4.30643e-09 3.11227e-06 0.000517099 0.0197528 0.17347 0.350241 0.163052 0.0301149 0.0783848 0.109718 0.0394843 0.0171672 0.0123146 0.00397326 0.00138861 0.000350205 6.15744e-05 6.49488e-06 3.36429e-07
 2.14731e-27 2.17829e-27 7.20467e-27 1.71995e-21 1.02292e-16 1.39866e-12 4.3967e-09 3.17751e-06 0.000527939 0.0201669 0.177107 0.357582 0.166426 0.0295834 0.0729274 0.10205 0.0371065 0.0173381 0.0127063 0.00435244 0.00162572 0.000415472 7.30509e-05 7.70051e-06 4.04532e-07
#obs catch len freq
 1.22237e-39 5.98267e-33 6.73179e-27 1.74145e-21 1.03571e-16 1.41614e-12 4.45165e-09 3.21722e-06 0.000534545 0.0204189 0.179319 0.362051 0.168486 0.0294259 0.0706195 0.0987836 0.0357592 0.0162183 0.0118712 0.00421364 0.00168414 0.000491669 0.000104997 1.39154e-05 9.49769e-07
 1.22672e-39 6.00395e-33 6.75574e-27 1.74765e-21 1.03939e-16 1.42118e-12 4.46749e-09 3.22867e-06 0.000536447 0.0204916 0.179957 0.363339 0.169082 0.0294301 0.0702569 0.0982626 0.035445 0.0156821 0.0114031 0.00399129 0.00156617 0.000448022 9.3114e-05 1.19394e-05 7.85086e-07
 1.30648e-39 6.39432e-33 7.19499e-27 1.86128e-21 1.10697e-16 1.51358e-12 4.75796e-09 3.43859e-06 0.000571326 0.0218239 0.191658 0.386962 0.179964 0.0283803 0.0567288 0.0791794 0.0285142 0.0124673 0.00902628 0.0031111 0.00119719 0.000336329 6.82572e-05 8.51108e-06 5.41878e-07
 1.14432e-39 5.60065e-33 6.30194e-27 1.63025e-21 9.69572e-17 1.32571e-12 4.1674e-09 3.01179e-06 0.000500413 0.0191151 0.167869 0.338933 0.15786 0.0310695 0.0876208 0.122664 0.0430524 0.015305 0.0105626 0.00360944 0.00137214 0.000378503 7.50501e-05 9.13012e-06 5.65445e-07
 1.33797e-39 6.54843e-33 7.36839e-27 1.90613e-21 1.13365e-16 1.55006e-12 4.87263e-09 3.52146e-06 0.000585095 0.0223499 0.196277 0.396287 0.184247 0.0276398 0.0493978 0.0689023 0.0256617 0.0138677 0.0102673 0.00313368 0.00103984 0.000279135 5.43347e-05 6.45691e-06 3.89923e-07
 1.38612e-39 6.78409e-33 7.63357e-27 1.97473e-21 1.17445e-16 1.60584e-12 5.04799e-09 3.64819e-06 0.000606152 0.0231542 0.20334 0.410548 0.190841 0.0276459 0.0451367 0.062768 0.0217453 0.00682265 0.004632 0.00179657 0.000741006 0.000182442 3.18156e-05 3.64424e-06 2.15032e-07
 1.26323e-39 6.18264e-33 6.9568e-27 1.79966e-21 1.07032e-16 1.46348e-12 4.60045e-09 3.32475e-06 0.000552413 0.0211015 0.185313 0.374152 0.174091 0.0296954 0.0686177 0.0958278 0.0329137 0.00937504 0.00593088 0.00169752 0.000536585 0.000157967 3.09664e-05 3.28394e-06 1.80641e-07
 1.27527e-39 6.24158e-33 7.02312e-27 1.81682e-21 1.08053e-16 1.47743e-12 4.6443e-09 3.35645e-06 0.000557679 0.0213026 0.18708 0.377718 0.175714 0.0289994 0.0632939 0.088418 0.0315862 0.0129896 0.00904017 0.00246353 0.00065963 0.000145809 2.53731e-05 2.9993e-06 1.67246e-07
 1.41459e-39 6.92346e-33 7.79038e-27 2.0153e-21 1.19857e-16 1.63883e-12 5.15169e-09 3.72314e-06 0.000618604 0.0236299 0.207518 0.418982 0.194718 0.0270578 0.0390048 0.0541606 0.0192009 0.00744256 0.0052219 0.00171359 0.000585944 0.000123548 1.69953e-05 1.63217e-06 8.99609e-08
 1.4164e-39 6.93228e-33 7.80031e-27 2.01787e-21 1.2001e-16 1.64092e-12 5.15825e-09 3.72788e-06 0.000619392 0.02366 0.207782 0.419516 0.194977 0.0273844 0.0408373 0.0566839 0.019282 0.00488293 0.00299378 0.000950921 0.000329635 8.30689e-05 1.32898e-05 1.13875e-06 5.08237e-08
 1.3456e-39 6.58577e-33 7.41041e-27 1.917e-21 1.14011e-16 1.5589e-12 4.90042e-09 3.54154e-06 0.000588432 0.0224773 0.197396 0.398547 0.185325 0.0285127 0.0540454 0.0752879 0.025672 0.00669623 0.00406229 0.00104935 0.000262534 6.23304e-05 1.07733e-05 1.07027e-06 4.85748e-08
 1.31468e-39 6.43446e-33 7.24015e-27 1.87296e-21 1.11392e-16 1.52308e-12 4.78782e-09 3.46017e-06 0.000574912 0.0219609 0.192861 0.38939 0.181101 0.0287494 0.0582502 0.0812529 0.0282995 0.00934297 0.00613528 0.00160382 0.000389761 7.43661e-05 9.94143e-06 9.6495e-07 4.82358e-08
 1.35317e-39 6.62283e-33 7.45211e-27 1.92779e-21 1.14653e-16 1.56767e-12 4.92799e-09 3.56147e-06 0.000591743 0.0226038 0.198507 0.40079 0.186345 0.0280692 0.0506618 0.0705744 0.0247664 0.00878461 0.00594874 0.00173524 0.000506798 9.92806e-05 1.19409e-05 9.17545e-07 3.9914e-08
 1.32477e-39 6.48384e-33 7.29572e-27 1.88733e-21 1.12247e-16 1.53477e-12 4.82457e-09 3.48673e-06 0.000579325 0.0221295 0.194341 0.392379 0.182477 0.028621 0.0565652 0.0788698 0.0273417 0.00862067 0.00567297 0.00171826 0.00054288 0.000120146 1.66114e-05 1.25877e-06 4.6649e-08
 1.27853e-39 6.25749e-33 7.04103e-27 1.82145e-21 1.08328e-16 1.4812e-12 4.65615e-09 3.36501e-06 0.000559101 0.0213569 0.187557 0.378682 0.176167 0.0292045 0.0642558 0.0897273 0.031411 0.0108925 0.0073147 0.00209119 0.000614073 0.000141002 2.16095e-05 1.85974e-06 7.35401e-08
 1.16262e-39 5.69023e-33 6.40273e-27 1.65633e-21 9.8508e-17 1.34692e-12 4.23405e-09 3.05996e-06 0.000508416 0.0194208 0.170554 0.344354 0.160352 0.0306768 0.0835896 0.117013 0.041506 0.0161454 0.011213 0.00335969 0.00103954 0.00022805 3.37348e-05 3.08403e-06 1.35717e-07
 1.25833e-39 6.15865e-33 6.92981e-27 1.79268e-21 1.06617e-16 1.4578e-12 4.5826e-09 3.31185e-06 0.000550269 0.0210196 0.184594 0.3727 0.173384 0.0287496 0.0632815 0.0884769 0.0326347 0.0166798 0.0123089 0.00392895 0.00133014 0.000307781 4.65274e-05 4.13385e-06 1.8435e-07
 1.2253e-39 5.99698e-33 6.7479e-27 1.74562e-21 1.03818e-16 1.41953e-12 4.4623e-09 3.22492e-06 0.000535825 0.0204678 0.179748 0.362917 0.168896 0.0296768 0.0718902 0.100523 0.0356746 0.0139579 0.00998926 0.00374726 0.00151927 0.000383658 6.32209e-05 5.87397e-06 2.62513e-07
 1.26862e-39 6.20902e-33 6.98649e-27 1.80734e-21 1.07489e-16 1.46972e-12 4.62008e-09 3.33894e-06 0.00055477 0.0211915 0.186104 0.375748 0.174799 0.0289006 0.0632844 0.088428 0.0318936 0.0140897 0.0101309 0.00326045 0.00118855 0.000347777 6.77053e-05 6.95856e-06 3.31814e-07
 1.23473e-39 6.04317e-33 6.79987e-27 1.75906e-21 1.04618e-16 1.43046e-12 4.49667e-09 3.24975e-06 0.000539951 0.0206254 0.181133 0.365712 0.170185 0.0295778 0.0704437 0.0984841 0.0349588 0.013693 0.0096822 0.00332395 0.00124481 0.000323618 6.24361e-05 7.41405e-06 4.01865e-07
 1.24727e-39 6.10451e-33 6.8689e-27 1.77692e-21 1.0568e-16 1.44498e-12 4.54232e-09 3.28274e-06 0.000545432 0.0208348 0.182971 0.369424 0.171888 0.0292282 0.0671907 0.0939313 0.0337999 0.0146859 0.0105258 0.003382 0.00119861 0.000322952 6.07091e-05 6.89623e-06 4.00897e-07
 1.27113e-39 6.22129e-33 7.00029e-27 1.81091e-21 1.07702e-16 1.47262e-12 4.62921e-09 3.34554e-06 0.000555866 0.0212334 0.186471 0.376491 0.175145 0.0289661 0.0634607 0.0886567 0.0317024 0.0131551 0.00940875 0.00319988 0.00118554 0.000303614 5.54456e-05 6.2699e-06 3.55549e-07
 1.24945e-39 6.11521e-33 6.88094e-27 1.78003e-21 1.05865e-16 1.44752e-12 4.55028e-09 3.2885e-06 0.000546388 0.0208713 0.183292 0.370072 0.172192 0.0293622 0.0678134 0.0947791 0.0336889 0.0133359 0.00940865 0.00312104 0.00114419 0.00030655 5.66237e-05 6.18744e-06 3.44356e-07
 1.25067e-39 6.12114e-33 6.88761e-27 1.78176e-21 1.05968e-16 1.44892e-12 4.55469e-09 3.29168e-06 0.000546918 0.0208916 0.18347 0.37043 0.172353 0.0292402 0.0669606 0.0935965 0.0335385 0.0141311 0.0100721 0.00325277 0.00114888 0.000301378 5.62025e-05 6.28433e-06 3.45848e-07
 1.24625e-39 6.09954e-33 6.8633e-27 1.77547e-21 1.05594e-16 1.44381e-12 4.53861e-09 3.28007e-06 0.000544988 0.0208178 0.182822 0.369123 0.171751 0.029297 0.0677013 0.0946396 0.0338915 0.0142179 0.0101699 0.00340059 0.00123915 0.000317 5.71417e-05 6.34455e-06 3.53743e-07
 1.25164e-39 6.12593e-33 6.89299e-27 1.78315e-21 1.06051e-16 1.45005e-12 4.55825e-09 3.29426e-06 0.000547346 0.0209079 0.183613 0.37072 0.172486 0.0291973 0.0666114 0.093107 0.0333998 0.0141915 0.0101748 0.00339722 0.00124776 0.000329191 5.9992e-05 6.49169e-06 3.55561e-07
 1.18281e-39 5.78906e-33 6.51394e-27 1.68509e-21 1.00219e-16 1.37031e-12 4.30759e-09 3.1131e-06 0.000517247 0.0197582 0.173516 0.350335 0.163098 0.0301726 0.0787091 0.110161 0.0394451 0.0165323 0.0118305 0.00397893 0.00147252 0.000390009 7.2359e-05 7.9759e-06 4.33522e-07
 1.18136e-39 5.78194e-33 6.50593e-27 1.68302e-21 1.00096e-16 1.36863e-12 4.30229e-09 3.10928e-06 0.000516611 0.0197339 0.173303 0.349904 0.162884 0.0297763 0.0764198 0.107005 0.0392931 0.0195512 0.0144399 0.00482395 0.00177467 0.000473028 8.84997e-05 9.87833e-06 5.45571e-07
#spawning biomass
 4226.88 2437.07 2386.34 2086.43 2155.67 3506.72 4300.96 5041.55 8751.42 15779.2 21303.7 23578.6 29392.2 36584.1 44104.8 37249.7 34775.2 32851.6 34888.4 34181.7 37425.6 36991.6 41621.3 43932.5 49118.4 51040.6 53374.3 48446.8 30421.4 63961.3 60996.8 35207.9 20599.6 14363.6 11924.9 11014.6 10684.5 10567.1 10525.9 10511.6 10506.6 10504.9 10504.3 10504.1 10504.1 10504.1 10504 10504 10504 10504 10504 10504 10504 10504 10504 10504 10504 10504 10504 10504 10504 10504 10504 10504 10504 10504 10504 10504 10504 10504 10504 10504 10504 10504 10504 10504 10504 10504 10504 10504 10504 10504 10504 10504 10504 10504 10504 10504 10504 10504 10504 10504 10504 10504 10504 10504 10504 10504 10504 10504 10504 10504 10504 10504 10504 10504 10504 10504 10504 10504 10504 10504 10504 10504 10504 10504 10504 10504 10504 10504 10504 10504 10504 10504 10504 10504 10504 10504 0 0 0 0 0 0 0 0 0 0 0 0 0 0 0 0 0 0 0 0 0 0 0 0 0
