SBPRF35
0.592463
Curr Bio
120350
B35
589024
F35
0.247066
FOFL
0
OFL
0
Bzero
169275
#pred survey bio
 30564.8 32185.7 21630.4 12986.9 14121.6 20601.1 26286.6 29322.1 38801.9 46033.3 46688.8 53219.6 65471.2 65133.3 70437.6 77642.8 80503.5 89329.3 96432.9 90634.6 101978 94469.2 100664 98977.2 111210 110191 93416.4 128846 3.32599e+06 6.02454e+06 6.4078e+06 5.90539e+06 5.04123e+06 4.1504e+06 3.38691e+06 2.7927e+06 2.35596e+06 2.04613e+06 1.83106e+06 1.68357e+06 1.58293e+06 1.51425e+06 1.46702e+06 1.43321e+06 1.4101e+06 1.39406e+06 1.38274e+06 1.37465e+06 1.36877e+06 1.36446e+06 1.36125e+06 1.35885e+06 1.35704e+06 1.35566e+06 1.3546e+06 1.35379e+06 1.35316e+06 1.35267e+06 1.3523e+06 1.35201e+06 1.35178e+06 1.3516e+06 1.35146e+06 1.35136e+06 1.35127e+06 1.35121e+06 1.35115e+06 1.35111e+06 1.35108e+06 1.35106e+06 1.35104e+06 1.35102e+06 1.35101e+06 1.351e+06 1.351e+06 1.35099e+06 1.35099e+06 1.35098e+06 1.35098e+06 1.35098e+06 1.35098e+06 1.35097e+06 1.35097e+06 1.35097e+06 1.35097e+06 1.35097e+06 1.35097e+06 1.35097e+06 1.35097e+06 1.35097e+06 1.35097e+06 1.35097e+06 1.35097e+06 1.35097e+06 1.35097e+06 1.35097e+06 1.35097e+06 1.35097e+06 1.35097e+06 1.35097e+06 1.35097e+06 1.35097e+06 1.35097e+06 1.35097e+06 1.35097e+06 1.35097e+06 1.35097e+06 1.35097e+06 1.35097e+06 1.35097e+06 1.35097e+06 1.35097e+06 1.35097e+06 1.35097e+06 1.35097e+06 1.35097e+06 1.35097e+06 1.35097e+06 1.35097e+06 1.35097e+06 1.35097e+06 1.35097e+06 1.35097e+06 1.35097e+06 1.35097e+06 1.35097e+06 1.35097e+06 1.35097e+06 0 0 0 0 0 0 0 0 0 0 0 0 0 0 0 0 0 0 0 0 0 0 0 0 0
#obs survey bio
 27321.9 27679.2 11681 9824.44 16796.6 20963.4 37871.4 30249.7 42792.1 40754.3 35339.3 47805.2 72813 64057.6 86740.5 77136.5 66525.2 74411 95993.6 80456.6 115531 115113 100863 108257 124172 202199 96992.2 108778
#pred catch bio
 15313.9 18841.6 13680.8 8534.16 8119.25 12773.5 18882.3 19306.7 28254.7 37975.6 38132.8 41905.3 57321.5 58331.2 63985.7 74334.8 78389.4 87299.9 98929.3 90887.3 107456 101520 112747 111264 128179 129824 107673 149307 0 55478.5 58349.7 52980.4 44409.7 35808.7 28591.3 23097.6 19163.7 16460.4 14656 13476.8 12718.1 12235.7 11931.1 11736.5 11617.5 11544.8 11500.4 11473.2 11456.6 11446.5 11440.3 11436.5 11434.2 11432.8 11431.9 11431.4 11431.1 11430.9 11430.8 11430.7 11430.6 11430.6 11430.6 11430.6 11430.6 11430.6 11430.6 11430.6 11430.6 11430.6 11430.6 11430.6 11430.6 11430.6 11430.6 11430.6 11430.6 11430.6 11430.6 11430.6 11430.6 11430.6 11430.6 11430.6 11430.6 11430.6 11430.6 11430.6 11430.6 11430.6 11430.6 11430.6 11430.6 11430.6 11430.6 11430.6 11430.6 11430.6 11430.6 11430.6 11430.6 11430.6 11430.6 11430.6 11430.6 11430.6 11430.6 11430.6 11430.6 11430.6 11430.6 11430.6 11430.6 11430.6 11430.6 11430.6 11430.6 11430.6 11430.6 11430.6 11430.6 11430.6 11430.6 11430.6 11430.6 11430.6 11430.6 11430.6 0 0 0 0 0 0 0 0 0 0 0 0 0 0 0 0 0 0 0 0 0 0 0 0 0
#obs catch bio
 18227.1 20026.6 16435.6 10488.9 7795.91 12180.5 17768.5 17376.5 26532 39660.2 39170.4 41205.1 52402 54747.5 64185 66370.9 79983.7 88932.4 99528.5 90574.1 98099.4 96380.1 114414 96936.1 124003 105772 96796 147471
#pred cpue bio
 28051.9 30691.9 21105.3 12121.2 12308.9 18644.6 23410.3 26010.7 34361.3 40442.3 40499.8 45995.9 56808.7 55802.9 59640.2 65731.9 67005.5 74054.1 80286.1 74401.2 83987.2 77064 80676.3 78876.7 87873.1 87036.2 73479.8 99938.3 2.63507e+06 5.99903e+06 6.38232e+06 5.87991e+06 5.01575e+06 4.12492e+06 3.36143e+06 2.76722e+06 2.33048e+06 2.02065e+06 1.80558e+06 1.65809e+06 1.55745e+06 1.48877e+06 1.44154e+06 1.40773e+06 1.38462e+06 1.36858e+06 1.35726e+06 1.34917e+06 1.34329e+06 1.33898e+06 1.33577e+06 1.33337e+06 1.33156e+06 1.33018e+06 1.32912e+06 1.32831e+06 1.32768e+06 1.32719e+06 1.32682e+06 1.32653e+06 1.3263e+06 1.32612e+06 1.32598e+06 1.32588e+06 1.32579e+06 1.32573e+06 1.32567e+06 1.32563e+06 1.3256e+06 1.32558e+06 1.32556e+06 1.32554e+06 1.32553e+06 1.32552e+06 1.32552e+06 1.32551e+06 1.32551e+06 1.3255e+06 1.3255e+06 1.3255e+06 1.3255e+06 1.32549e+06 1.32549e+06 1.32549e+06 1.32549e+06 1.32549e+06 1.32549e+06 1.32549e+06 1.32549e+06 1.32549e+06 1.32549e+06 1.32549e+06 1.32549e+06 1.32549e+06 1.32549e+06 1.32549e+06 1.32549e+06 1.32549e+06 1.32549e+06 1.32549e+06 1.32549e+06 1.32549e+06 1.32549e+06 1.32549e+06 1.32549e+06 1.32549e+06 1.32549e+06 1.32549e+06 1.32549e+06 1.32549e+06 1.32549e+06 1.32549e+06 1.32549e+06 1.32549e+06 1.32549e+06 1.32549e+06 1.32549e+06 1.32549e+06 1.32549e+06 1.32549e+06 1.32549e+06 1.32549e+06 1.32549e+06 1.32549e+06 1.32549e+06 1.32549e+06 1.32549e+06 1.32549e+06 0 0 0 0 0 0 0 0 0 0 0 0 0 0 0 0 0 0 0 0 0 0 0 0 0
#obs cpue bio
 54470 25128 14828.8 8841.06 16622 24655.4 21861.4 39189.6 37022.5 34123.2 49269.6 55292.2 86046.7 68485.5 45129.1 117773 66223.7 83033.4 85278.4 81845.3 117446 74721.7 76057.1 131848 87525.8 117593 98455.5 123536
#pred surv len freq
 1.39681e-11 1.5161e-09 9.70304e-08 3.66163e-06 8.14759e-05 0.00106901 0.00827126 0.0377582 0.101948 0.164845 0.169275 0.136159 0.116794 0.0984908 0.0660632 0.0379841 0.0220297 0.0131683 0.00816647 0.00540621 0.00388851 0.00307243 0.00253892 0.00189851 0.00108909
 9.1466e-12 9.92775e-10 6.35375e-08 2.39771e-06 5.33525e-05 0.00070004 0.00541741 0.0247534 0.0671498 0.111123 0.126057 0.132286 0.149819 0.142457 0.101324 0.0614804 0.035648 0.0191787 0.00979686 0.00513661 0.00291819 0.0018748 0.00134532 0.000943428 0.000534477
 5.83805e-12 6.33664e-10 4.05545e-08 1.5304e-06 3.40539e-05 0.000446837 0.00345854 0.0158167 0.0430972 0.0728509 0.0897047 0.111068 0.143449 0.150608 0.126776 0.0973583 0.0674697 0.0396439 0.0203238 0.00948664 0.00424448 0.00201859 0.00111496 0.000671137 0.000357184
 1.32983e-11 1.4434e-09 9.23773e-08 3.48603e-06 7.75686e-05 0.00101773 0.00787414 0.0359366 0.0969095 0.155733 0.155427 0.113829 0.0869853 0.0774253 0.0699698 0.062946 0.0525029 0.0382666 0.0238466 0.0123686 0.00539312 0.00210835 0.000835822 0.00037337 0.000169308
 1.77936e-11 1.93133e-09 1.23605e-07 4.66446e-06 0.00010379 0.00136176 0.0105356 0.0480769 0.129563 0.207512 0.203772 0.139833 0.0917006 0.0651069 0.0399224 0.0215383 0.013585 0.0104117 0.00781177 0.0049915 0.00257701 0.00106449 0.000367941 0.000119643 4.00773e-05
 1.42677e-11 1.54863e-09 9.91119e-08 3.74018e-06 8.32238e-05 0.00109194 0.00844885 0.0385717 0.104184 0.168781 0.174806 0.144331 0.127422 0.1064 0.0660514 0.0314452 0.0139146 0.00646925 0.00347404 0.00219377 0.00132997 0.0006552 0.000248931 7.46729e-05 1.92117e-05
 1.58062e-11 1.71561e-09 1.09799e-07 4.14346e-06 9.21971e-05 0.00120967 0.00935925 0.0427172 0.115232 0.185473 0.186465 0.139722 0.108107 0.0870634 0.0586323 0.0338997 0.0180801 0.00830962 0.00328172 0.00129206 0.000590418 0.000292325 0.000126151 4.16843e-05 1.03429e-05
 1.58855e-11 1.72421e-09 1.10349e-07 4.16425e-06 9.26597e-05 0.00121574 0.0094063 0.0429335 0.115837 0.186628 0.188463 0.143321 0.112894 0.0896617 0.0560677 0.0281969 0.0137171 0.00672161 0.00304254 0.00118896 0.000403397 0.000135049 4.87926e-05 1.65301e-05 4.38427e-06
 1.60273e-11 1.73961e-09 1.11335e-07 4.20144e-06 9.34872e-05 0.0012266 0.00949025 0.0433156 0.116854 0.18815 0.189457 0.14268 0.110845 0.08792 0.055973 0.0291003 0.0141728 0.00645253 0.00268454 0.001052 0.000374402 0.000114193 3.06749e-05 7.93103e-06 1.92139e-06
 1.65233e-11 1.79344e-09 1.1478e-07 4.33144e-06 9.638e-05 0.00126455 0.00978382 0.0446538 0.12044 0.193728 0.194152 0.14377 0.10852 0.0841811 0.0522485 0.0259873 0.0121518 0.00549154 0.00227404 0.000852303 0.00028648 8.54126e-05 2.19425e-05 4.76051e-06 8.97544e-07
 1.72416e-11 1.87141e-09 1.1977e-07 4.51975e-06 0.00010057 0.00131952 0.010209 0.0465921 0.125634 0.201809 0.20096 0.145373 0.105225 0.0789431 0.0471368 0.0216556 0.00906051 0.00374255 0.0014629 0.000531575 0.000174626 5.00768e-05 1.2264e-05 2.51016e-06 4.20096e-07
 1.74264e-11 1.89147e-09 1.21054e-07 4.56819e-06 0.000101648 0.00133366 0.0103184 0.0470906 0.12697 0.203889 0.202716 0.145801 0.104418 0.0776818 0.0459571 0.0206546 0.00825685 0.0031707 0.00111924 0.000365527 0.000111082 3.03796e-05 7.17148e-06 1.40497e-06 2.21349e-07
 1.71778e-11 1.86449e-09 1.19327e-07 4.50303e-06 0.000100198 0.00131464 0.0101713 0.0464203 0.125177 0.201129 0.200532 0.145722 0.106302 0.0800635 0.0477056 0.0216581 0.00874803 0.00334081 0.00113917 0.000346662 9.52126e-05 2.33739e-05 5.06065e-06 9.34488e-07 1.40369e-07
 1.79211e-11 1.94516e-09 1.2449e-07 4.69787e-06 0.000104533 0.00137152 0.0106112 0.0484249 0.13054 0.2094 0.207148 0.146197 0.101048 0.0732628 0.0425461 0.0185001 0.00703118 0.00258244 0.000872547 0.000263687 7.01474e-05 1.60605e-05 3.14482e-06 5.22413e-07 7.19054e-08
 1.85601e-11 2.01452e-09 1.28929e-07 4.86538e-06 0.000108261 0.00142042 0.0109895 0.0501484 0.135151 0.216506 0.212806 0.146522 0.0964101 0.0673615 0.0382055 0.015954 0.00565002 0.00192341 0.000607846 0.000174025 4.48916e-05 1.00683e-05 1.89738e-06 2.93453e-07 3.666e-08
 1.85334e-11 2.01162e-09 1.28743e-07 4.85837e-06 0.000108105 0.00141837 0.0109736 0.0500766 0.134961 0.216239 0.212716 0.146913 0.0972271 0.0680437 0.0382675 0.0155389 0.00520254 0.00165452 0.000486868 0.000128528 3.06366e-05 6.45194e-06 1.16421e-06 1.73873e-07 2.07155e-08
 1.94262e-11 2.10852e-09 1.34945e-07 5.09241e-06 0.000113312 0.0014867 0.0115021 0.0524841 0.141397 0.226119 0.220398 0.146751 0.0897964 0.059126 0.0323658 0.0127607 0.0040491 0.00120716 0.000333823 8.2087e-05 1.80438e-05 3.48671e-06 5.78795e-07 8.06577e-08 9.12147e-09
 1.9602e-11 2.12761e-09 1.36167e-07 5.1385e-06 0.000114338 0.00150015 0.0116061 0.0529583 0.142666 0.228085 0.222004 0.146977 0.088726 0.0576329 0.0311 0.0118565 0.00350045 0.000953715 0.000244663 5.60613e-05 1.14413e-05 2.04409e-06 3.11409e-07 3.9665e-08 4.12019e-09
 1.93756e-11 2.10304e-09 1.34594e-07 5.07916e-06 0.000113018 0.00148283 0.0114722 0.052348 0.141036 0.225592 0.220114 0.147178 0.0908562 0.0600663 0.0325499 0.0123552 0.00359222 0.000948449 0.000230769 4.88389e-05 9.09606e-06 1.49094e-06 2.09041e-07 2.44452e-08 2.32249e-09
 2.00685e-11 2.17824e-09 1.39407e-07 5.26078e-06 0.000117059 0.00153585 0.0118822 0.0542162 0.146029 0.233247 0.226019 0.146895 0.0848475 0.0529743 0.0280105 0.0103961 0.0028936 0.000721701 0.000168357 3.44371e-05 6.11632e-06 9.34155e-07 1.19802e-07 1.27491e-08 1.10547e-09
 1.99055e-11 2.16056e-09 1.38275e-07 5.21808e-06 0.000116109 0.00152338 0.0117858 0.053777 0.144855 0.231453 0.22466 0.147041 0.0863824 0.0547245 0.0290479 0.010748 0.00295788 0.000721674 0.000162876 3.17825e-05 5.3499e-06 7.78491e-07 9.49331e-08 9.45624e-09 7.5398e-10
 2.03503e-11 2.20883e-09 1.41365e-07 5.33466e-06 0.000118703 0.00155741 0.012049 0.0549762 0.14806 0.236369 0.228458 0.146883 0.0825599 0.0501935 0.0261211 0.00945534 0.00248094 0.000564619 0.000120855 2.28339e-05 3.72261e-06 5.19436e-07 6.01836e-08 5.67847e-09 4.28155e-10
 2.11341e-11 2.29391e-09 1.4681e-07 5.54014e-06 0.000123275 0.0016174 0.012513 0.0570897 0.153707 0.245019 0.235087 0.146421 0.0755458 0.0420276 0.0210481 0.00744079 0.00186721 0.000394063 7.80749e-05 1.37565e-05 2.09587e-06 2.76983e-07 3.07907e-08 2.78731e-09 2.00309e-10
 2.13605e-11 2.31848e-09 1.48382e-07 5.59948e-06 0.000124595 0.00163472 0.0126469 0.0577001 0.155339 0.247524 0.237039 0.146392 0.0736785 0.0397722 0.0195339 0.00670789 0.00156025 0.000284428 4.82918e-05 7.62319e-06 1.06021e-06 1.28696e-07 1.32594e-08 1.12449e-09 7.66402e-11
 2.17082e-11 2.35622e-09 1.50797e-07 5.69062e-06 0.000126623 0.00166133 0.0128527 0.0586375 0.157843 0.251357 0.23996 0.146135 0.0704886 0.0360987 0.0173078 0.00588912 0.00135256 0.000239134 3.82974e-05 5.49277e-06 6.63856e-07 6.92279e-08 6.29144e-09 4.82321e-10 3.01573e-11
 2.1718e-11 2.35728e-09 1.50866e-07 5.6932e-06 0.00012668 0.00166208 0.0128585 0.0586641 0.157914 0.251469 0.24006 0.146176 0.0704713 0.0360419 0.0172214 0.0057956 0.00128686 0.00021059 3.05403e-05 4.07985e-06 4.66654e-07 4.51331e-08 3.66563e-09 2.43755e-10 1.31876e-11
 2.18814e-11 2.37501e-09 1.52001e-07 5.73603e-06 0.000127633 0.00167458 0.0129552 0.0591046 0.159091 0.253271 0.241438 0.146069 0.0689925 0.0343285 0.0161683 0.00539088 0.00117285 0.000182434 2.43919e-05 2.99807e-06 3.14361e-07 2.76683e-08 2.06786e-09 1.27422e-10 6.27788e-12
 2.24169e-11 2.43314e-09 1.55721e-07 5.87641e-06 0.000130757 0.00171556 0.0132722 0.0605484 0.162948 0.25917 0.245916 0.145614 0.0639884 0.0286104 0.0127655 0.00421438 0.00092749 0.000149319 2.08879e-05 2.60519e-06 2.6417e-07 2.1628e-08 1.47728e-09 8.28756e-11 3.71977e-12
#obs surv len freq
 3.90434e-11 3.61841e-09 1.97731e-07 6.37116e-06 0.000121047 0.00135612 0.00896065 0.0349599 0.0810198 0.115033 0.114776 0.113342 0.127031 0.126201 0.105218 0.0781268 0.0497919 0.0262932 0.0117173 0.00438462 0.00131235 0.000295639 4.74632e-05 5.20087e-06 3.76618e-07
 2.62152e-11 2.34326e-09 1.23502e-07 3.83812e-06 7.03333e-05 0.000760069 0.0048469 0.0182993 0.0416185 0.0619536 0.0792981 0.115273 0.156555 0.16486 0.142348 0.105351 0.0627685 0.0294464 0.011462 0.00380384 0.00103192 0.0002138 3.1822e-05 3.24292e-06 2.18331e-07
 1.33748e-11 1.15108e-09 5.84134e-08 1.74787e-06 3.08404e-05 0.000320959 0.00197276 0.00721168 0.0162505 0.0263223 0.0434886 0.0801984 0.128464 0.169941 0.189194 0.163287 0.102159 0.0473397 0.0172563 0.00510149 0.0012069 0.000219824 2.92806e-05 2.7095e-06 1.67102e-07
 2.34502e-10 1.94004e-08 9.4637e-07 2.72207e-05 0.000461661 0.00461675 0.0272235 0.0946623 0.194181 0.235486 0.170885 0.0798518 0.0357271 0.0316661 0.0381265 0.0372086 0.0269336 0.0146482 0.0059937 0.00181906 0.000405795 6.60625e-05 7.71195e-06 6.2718e-07 3.43872e-08
 1.49747e-10 1.18906e-08 5.56717e-07 1.53694e-05 0.000250194 0.00240185 0.0136062 0.0456329 0.0921671 0.121545 0.13614 0.168386 0.183984 0.135235 0.0634294 0.0218715 0.00834735 0.004191 0.00194212 0.000666624 0.000159383 2.5999e-05 2.86156e-06 2.10533e-07 1.02368e-08
 3.30914e-10 2.51834e-08 1.13006e-06 2.99003e-05 0.000466487 0.00429149 0.0232841 0.074577 0.141711 0.163912 0.129967 0.099813 0.0962101 0.0959174 0.0831066 0.0544733 0.0238924 0.00673768 0.00132589 0.000233337 4.31287e-05 6.84669e-06 7.60902e-07 5.5042e-08 2.53894e-09
 4.63702e-10 3.37756e-08 1.45062e-06 3.67363e-05 0.000548566 0.00483043 0.0250912 0.0770289 0.141135 0.16199 0.140838 0.130029 0.123706 0.0933058 0.05517 0.0283222 0.0124408 0.00425361 0.00106024 0.00018627 2.32303e-05 2.20541e-06 1.71529e-07 1.05128e-08 4.53486e-10
 6.28942e-10 4.37911e-08 1.79783e-06 4.35212e-05 0.000621224 0.00522912 0.0259679 0.0762593 0.134053 0.149651 0.132065 0.128276 0.126595 0.101509 0.0660982 0.0350452 0.0138269 0.00383993 0.000777973 0.000123107 1.52533e-05 1.38597e-06 8.74736e-08 3.79922e-09 1.15526e-10
 9.81489e-10 6.52458e-08 2.55745e-06 5.91086e-05 0.000805545 0.0064739 0.0306964 0.0860888 0.144664 0.155039 0.132863 0.125941 0.120173 0.0931287 0.0588136 0.0301566 0.0114357 0.00301497 0.000559667 7.65131e-05 7.90926e-06 6.1334e-07 3.46569e-08 1.37207e-09 3.66171e-11
 1.30587e-09 8.27886e-08 3.09478e-06 6.82148e-05 0.000886602 0.00679585 0.0307433 0.0824025 0.133478 0.14312 0.134235 0.140838 0.134347 0.0979439 0.0567607 0.0265797 0.00920043 0.00219011 0.00035994 4.28626e-05 3.83138e-06 2.54926e-07 1.22335e-08 4.11228e-10 9.45642e-12
 2.23918e-09 1.35241e-07 4.81634e-06 0.000101138 0.0012523 0.0091445 0.0394044 0.100533 0.154455 0.154661 0.130883 0.124719 0.114587 0.0848654 0.0511217 0.0241511 0.00804812 0.00177765 0.000262205 2.71285e-05 2.06325e-06 1.1632e-07 4.74679e-09 1.36111e-10 2.67279e-12
 2.76303e-09 1.58828e-07 5.38343e-06 0.000107592 0.00126799 0.00881372 0.036177 0.088223 0.131753 0.137161 0.136721 0.148521 0.135527 0.0931582 0.0511664 0.0224274 0.00715126 0.0015596 0.000233461 2.46807e-05 1.86098e-06 9.85009e-08 3.58843e-09 8.90031e-11 1.49195e-12
 4.93396e-09 2.69691e-07 8.69207e-06 0.000165185 0.00185108 0.012234 0.0477319 0.110475 0.15541 0.147996 0.128883 0.126426 0.112869 0.0807946 0.0468555 0.0206528 0.00623823 0.00123137 0.000161402 1.48022e-05 9.94393e-07 4.90057e-08 1.7107e-09 4.06766e-11 6.40344e-13
 6.77325e-09 3.51744e-07 1.07707e-05 0.000194471 0.00207054 0.0130035 0.0482445 0.10656 0.145481 0.142986 0.139878 0.14477 0.121568 0.0765764 0.0384073 0.0151093 0.00423396 0.000795294 0.000100484 8.84307e-06 5.55339e-07 2.47434e-08 7.66357e-10 1.6217e-11 2.31192e-13
 1.0155e-08 5.00651e-07 1.45539e-05 0.00024947 0.00252163 0.0150355 0.0529781 0.111295 0.145489 0.139998 0.13747 0.141324 0.118183 0.076187 0.0392411 0.01523 0.00401795 0.000683703 7.5517e-05 5.66065e-06 3.03294e-07 1.18588e-08 3.3158e-10 6.39929e-12 8.27628e-14
 1.60031e-08 7.48495e-07 2.06424e-05 0.000335682 0.00321902 0.0182103 0.0608921 0.121542 0.151757 0.141736 0.136888 0.136455 0.109841 0.0684879 0.0341016 0.0127083 0.00321488 0.000528492 5.70601e-05 4.1967e-06 2.16376e-07 7.81756e-09 1.94192e-10 3.26179e-12 3.67062e-14
 2.35981e-08 1.04647e-06 2.73632e-05 0.000421894 0.00383603 0.0205791 0.0653068 0.124175 0.15013 0.142295 0.143272 0.140928 0.106985 0.0616188 0.0281508 0.00965224 0.00224809 0.000337882 3.29286e-05 2.16381e-06 1.00108e-07 3.30923e-09 7.66847e-11 1.20863e-12 1.26414e-14
 3.05181e-08 1.28249e-06 3.17789e-05 0.000464332 0.00400118 0.0203494 0.061318 0.111544 0.133186 0.134846 0.148839 0.150784 0.116685 0.0702073 0.0332778 0.0114284 0.00261079 0.000385997 3.76163e-05 2.50198e-06 1.15882e-07 3.70658e-09 8.0127e-11 1.15181e-12 1.092e-14
 5.10922e-08 2.03383e-06 4.7738e-05 0.000660719 0.00539306 0.0259797 0.0741269 0.127489 0.142963 0.133955 0.137624 0.134833 0.105506 0.0658765 0.0318559 0.0108473 0.00243999 0.000360631 3.6028e-05 2.49923e-06 1.20426e-07 3.94441e-09 8.58087e-11 1.2212e-12 1.12573e-14
 7.21247e-08 2.71874e-06 6.04287e-05 0.000792007 0.00612236 0.027943 0.0756941 0.124785 0.139214 0.13945 0.150974 0.142404 0.101529 0.0565942 0.0247276 0.00779285 0.00165501 0.000234948 2.29267e-05 1.57551e-06 7.59083e-08 2.50072e-09 5.49e-11 7.87964e-13 7.28531e-15
 9.61444e-08 3.43108e-06 7.2199e-05 0.000895885 0.00655731 0.0283531 0.072952 0.115588 0.129302 0.138468 0.156916 0.148362 0.106625 0.0603041 0.0260289 0.00781423 0.00153986 0.000199156 1.75243e-05 1.09015e-06 4.8401e-08 1.50168e-09 3.15912e-11 4.39397e-13 3.9626e-15
 1.66399e-07 5.62105e-06 0.000111963 0.00131508 0.0091111 0.0372843 0.0907226 0.135441 0.140838 0.137613 0.144464 0.130733 0.0921594 0.0513329 0.0214491 0.00612798 0.00113954 0.000138488 1.13807e-05 6.53889e-07 2.64628e-08 7.41681e-10 1.40795e-11 1.77845e-13 1.47273e-15
 2.19768e-07 7.02686e-06 0.000132481 0.00147293 0.00966134 0.0374654 0.0867668 0.125673 0.134861 0.145222 0.158232 0.137749 0.0908354 0.0471749 0.0185854 0.00510152 0.000934086 0.000114851 9.71297e-06 5.69996e-07 2.28874e-08 6.15604e-10 1.09242e-11 1.26741e-13 9.5379e-16
 3.49072e-07 1.05643e-05 0.000188524 0.00198395 0.0123178 0.0452206 0.0992036 0.136414 0.139791 0.14439 0.150792 0.126829 0.0817475 0.0412182 0.0153395 0.00385564 0.000627154 6.66318e-05 4.81761e-06 2.47101e-07 9.07765e-09 2.32896e-10 4.02566e-12 4.55286e-14 3.30167e-16
 4.61763e-07 1.32282e-05 0.000223453 0.00222604 0.0130869 0.0455492 0.0952793 0.127915 0.136316 0.15158 0.159986 0.130256 0.0806734 0.039024 0.0139107 0.00336582 0.000533913 5.6133e-05 4.0212e-06 1.99314e-07 6.78474e-09 1.55879e-10 2.38493e-12 2.40926e-14 1.59199e-16
 6.60597e-07 1.79148e-05 0.000286481 0.00270183 0.0150401 0.0496069 0.0986915 0.127806 0.135738 0.152071 0.158184 0.127125 0.0786855 0.0376609 0.0129392 0.00295841 0.000439318 4.316e-05 2.9041e-06 1.36646e-07 4.46101e-09 9.85916e-11 1.44026e-12 1.36664e-14 8.31669e-17
 8.92508e-07 2.29158e-05 0.000346954 0.0030983 0.0163366 0.0511236 0.0972138 0.123691 0.136288 0.158445 0.162464 0.126312 0.0755785 0.034782 0.0114121 0.00249196 0.000355865 3.39076e-05 2.21739e-06 1.00537e-07 3.11999e-09 6.48913e-11 8.89136e-13 7.9248e-15 4.54195e-17
 1.32516e-06 3.22176e-05 0.000461888 0.00390582 0.0195055 0.0578598 0.104652 0.128172 0.138661 0.157916 0.156938 0.119017 0.069803 0.0310938 0.00969872 0.00199073 0.000265903 2.36801e-05 1.45186e-06 6.20822e-08 1.82742e-09 3.61439e-11 4.70204e-13 3.95972e-15 2.13137e-17
#pred catch len freq
 1.31999e-11 1.43272e-09 9.1694e-08 3.46025e-06 7.6995e-05 0.00101022 0.00781656 0.0356861 0.0964037 0.156288 0.162402 0.135565 0.122014 0.105171 0.0709179 0.040814 0.0236738 0.0141511 0.00877599 0.00580971 0.00417874 0.00330175 0.00272842 0.00204021 0.00117037
 8.63361e-12 9.37096e-10 5.9974e-08 2.26324e-06 5.03603e-05 0.000660783 0.00511378 0.0233697 0.0634476 0.105409 0.121465 0.131885 0.153314 0.146987 0.104729 0.0635648 0.0368578 0.0198296 0.0101294 0.00531096 0.00301725 0.00193844 0.00139099 0.00097545 0.000552619
 5.54389e-12 6.01736e-10 3.8511e-08 1.45329e-06 3.23381e-05 0.000424326 0.00328442 0.0150231 0.0409714 0.0695515 0.0869639 0.110541 0.144991 0.152869 0.128784 0.0989118 0.068547 0.040277 0.0206484 0.00963813 0.00431226 0.00205083 0.00113276 0.000681855 0.000362888
 1.29972e-11 1.41072e-09 9.02859e-08 3.40711e-06 7.58125e-05 0.000994693 0.00769593 0.0351242 0.0947312 0.152334 0.152518 0.112998 0.0880874 0.0793049 0.0718635 0.0646729 0.0539447 0.0393176 0.0245016 0.0127083 0.00554123 0.00216625 0.000858777 0.000383624 0.000173958
 1.73657e-11 1.88488e-09 1.20632e-07 4.55227e-06 0.000101294 0.00132901 0.0102823 0.0469227 0.126475 0.202749 0.199962 0.13955 0.0946681 0.0688206 0.0424969 0.022959 0.0144838 0.0111006 0.0083287 0.0053218 0.00274754 0.00113493 0.000392289 0.000127561 4.27294e-05
 1.3864e-11 1.50481e-09 9.63075e-08 3.63435e-06 8.0869e-05 0.00106105 0.0082099 0.0374831 0.101274 0.164308 0.17131 0.14434 0.130677 0.110336 0.0686787 0.0327128 0.0144766 0.00673061 0.0036144 0.0022824 0.0013837 0.00068167 0.000258988 7.76897e-05 1.99879e-05
 1.57398e-11 1.70841e-09 1.09338e-07 4.12607e-06 9.18102e-05 0.00120459 0.00931999 0.0425382 0.114753 0.184735 0.185877 0.139687 0.108587 0.087676 0.0590844 0.0341651 0.018222 0.00837483 0.00330748 0.0013022 0.000595052 0.000294619 0.000127141 4.20114e-05 1.0424e-05
 1.56303e-11 1.69652e-09 1.08577e-07 4.09736e-06 9.11715e-05 0.00119622 0.00925529 0.0422455 0.113998 0.183799 0.186243 0.143296 0.114905 0.0921193 0.0577447 0.0290538 0.0141349 0.00692638 0.00313523 0.00122519 0.000415687 0.000139163 5.0279e-05 1.70337e-05 4.51783e-06
 1.59944e-11 1.73604e-09 1.11107e-07 4.19282e-06 9.32954e-05 0.00122408 0.00947079 0.043227 0.116617 0.187785 0.18917 0.142675 0.1111 0.0882352 0.0561924 0.0292163 0.0142294 0.00647831 0.00269527 0.00105621 0.000375898 0.000114649 3.07975e-05 7.96272e-06 1.92906e-06
 1.68127e-11 1.82485e-09 1.1679e-07 4.40731e-06 9.80681e-05 0.0012867 0.00995511 0.0454342 0.122527 0.196936 0.196666 0.143783 0.106214 0.0813685 0.0503323 0.0250178 0.0116974 0.00528616 0.00218899 0.000820426 0.000275765 8.22181e-05 2.11218e-05 4.58246e-06 8.63975e-07
 1.74827e-11 1.89758e-09 1.21445e-07 4.58294e-06 0.000101976 0.00133797 0.0103517 0.0472421 0.127371 0.204477 0.203034 0.145329 0.103221 0.0765406 0.045553 0.0209143 0.00874947 0.00361403 0.00141266 0.000513321 0.000168629 4.83572e-05 1.18428e-05 2.42396e-06 4.05671e-07
 1.7572e-11 1.90727e-09 1.22065e-07 4.60636e-06 0.000102497 0.0013448 0.0104046 0.0474832 0.128019 0.2055 0.203965 0.145765 0.103192 0.0762184 0.0449997 0.020216 0.00808103 0.00310317 0.0010954 0.000357742 0.000108716 2.97325e-05 7.01873e-06 1.37504e-06 2.16635e-07
 1.76149e-11 1.91193e-09 1.22363e-07 4.61761e-06 0.000102748 0.00134809 0.01043 0.0475989 0.128328 0.205964 0.204285 0.145622 0.102634 0.0756773 0.0448245 0.0203258 0.00820838 0.00313467 0.00106888 0.000325271 8.93375e-05 2.19316e-05 4.74838e-06 8.76825e-07 1.31707e-07
 1.83805e-11 1.99503e-09 1.27682e-07 4.81831e-06 0.000107213 0.00140668 0.0108831 0.0496638 0.133851 0.21448 0.211077 0.146046 0.0971208 0.0686046 0.0395365 0.0171644 0.00652185 0.0023953 0.000809318 0.000244578 6.50641e-05 1.48966e-05 2.91693e-06 4.84556e-07 6.66947e-08
 1.90137e-11 2.06375e-09 1.3208e-07 4.98429e-06 0.000110906 0.00145513 0.0112579 0.0513715 0.138419 0.221517 0.216669 0.14633 0.0924672 0.0627167 0.0352466 0.01469 0.00520071 0.00177039 0.000559485 0.000160179 4.132e-05 9.26728e-06 1.74643e-06 2.70105e-07 3.37433e-08
 1.91309e-11 2.07647e-09 1.32894e-07 5.015e-06 0.00011159 0.0014641 0.0113273 0.0516876 0.139266 0.222837 0.217791 0.146621 0.0919723 0.0618825 0.0343814 0.013925 0.0046601 0.00148193 0.000436079 0.00011512 2.74406e-05 5.77889e-06 1.04276e-06 1.55735e-07 1.85545e-08
 1.99751e-11 2.1681e-09 1.38758e-07 5.23631e-06 0.000116514 0.0015287 0.0118269 0.0539641 0.145351 0.232178 0.225049 0.146452 0.0849211 0.0534331 0.0288065 0.0113196 0.00358971 0.00107012 0.000295924 7.27676e-05 1.59953e-05 3.09087e-06 5.13085e-07 7.15006e-08 8.08591e-09
 2.01394e-11 2.18594e-09 1.399e-07 5.27939e-06 0.000117473 0.00154128 0.0119242 0.0544075 0.146538 0.234014 0.226544 0.146646 0.0838957 0.0520207 0.0276295 0.0104966 0.00309695 0.000843704 0.00021644 4.95942e-05 1.01215e-05 1.80829e-06 2.75486e-07 3.50894e-08 3.64489e-09
 2.00628e-11 2.17763e-09 1.39368e-07 5.25931e-06 0.000117026 0.00153542 0.0118789 0.054201 0.145987 0.233173 0.225916 0.146746 0.0846665 0.0528805 0.028114 0.0106267 0.00308729 0.000815043 0.000198308 4.19689e-05 7.81655e-06 1.28121e-06 1.79636e-07 2.10066e-08 1.99579e-09
 2.0608e-11 2.2368e-09 1.43155e-07 5.40222e-06 0.000120206 0.00157714 0.0122016 0.0556709 0.149915 0.239198 0.230567 0.146537 0.0799582 0.047313 0.0245365 0.00906699 0.00252157 0.000628835 0.000146692 3.00055e-05 5.32922e-06 8.13941e-07 1.04385e-07 1.11084e-08 9.63206e-10
 2.05822e-11 2.23399e-09 1.42975e-07 5.39544e-06 0.000120055 0.00157516 0.0121863 0.0556013 0.149729 0.238915 0.230361 0.146586 0.0802419 0.0476187 0.0246932 0.00908885 0.00249881 0.000609576 0.000137575 2.68453e-05 4.51883e-06 6.57558e-07 8.01859e-08 7.98728e-09 6.36855e-10
 2.09998e-11 2.27933e-09 1.45877e-07 5.50493e-06 0.000122491 0.00160712 0.0124335 0.0567274 0.152739 0.24353 0.233923 0.146422 0.0766296 0.043349 0.0219514 0.00789619 0.00206934 0.000470855 0.000100783 1.90415e-05 3.10434e-06 4.33166e-07 5.01881e-08 4.73537e-09 3.57045e-10
 2.17242e-11 2.35795e-09 1.50908e-07 5.69481e-06 0.000126716 0.00166255 0.0128622 0.0586805 0.157957 0.251523 0.240044 0.145985 0.0701319 0.0357922 0.0172681 0.00604955 0.00151539 0.000319718 6.3343e-05 1.11608e-05 1.7004e-06 2.24719e-07 2.49807e-08 2.26137e-09 1.62513e-10
 2.19124e-11 2.37838e-09 1.52216e-07 5.74415e-06 0.000127814 0.00167695 0.0129736 0.059188 0.159314 0.253606 0.241666 0.145958 0.0685747 0.033914 0.0160104 0.00544448 0.00126389 0.000230323 3.91037e-05 6.17277e-06 8.58491e-07 1.0421e-07 1.07366e-08 9.10539e-10 6.20583e-11
 2.22287e-11 2.41271e-09 1.54413e-07 5.82707e-06 0.000129659 0.00170116 0.0131608 0.0600409 0.161592 0.257093 0.244323 0.145722 0.0656697 0.03057 0.0139859 0.00470219 0.00107733 0.00019039 3.04892e-05 4.37286e-06 5.28503e-07 5.51131e-08 5.00868e-09 3.83982e-10 2.40086e-11
 2.22689e-11 2.41707e-09 1.54692e-07 5.8376e-06 0.000129894 0.00170423 0.0131846 0.0601492 0.161882 0.257539 0.244674 0.145729 0.0653555 0.0301805 0.013711 0.00455488 0.00100869 0.000164988 2.39251e-05 3.19612e-06 3.65573e-07 3.53568e-08 2.87162e-09 1.90955e-10 1.03311e-11
 2.23654e-11 2.42755e-09 1.55363e-07 5.86291e-06 0.000130457 0.00171162 0.0132417 0.0604096 0.162577 0.258604 0.24549 0.14567 0.0644894 0.0291729 0.0130861 0.00430811 0.000934823 0.000145338 1.94306e-05 2.38825e-06 2.50418e-07 2.20404e-08 1.64724e-09 1.01504e-10 5.00092e-12
 2.27951e-11 2.47419e-09 1.58348e-07 5.97554e-06 0.000132963 0.0017445 0.013496 0.0615679 0.165671 0.263337 0.249083 0.145306 0.0604749 0.0245857 0.0103562 0.0033641 0.000737853 0.000118714 1.6605e-05 2.071e-06 2.10002e-07 1.71931e-08 1.17437e-09 6.5882e-11 2.95703e-12
#obs catch len freq
 4.35563e-11 4.03665e-09 2.20586e-07 7.10758e-06 0.000135038 0.00151284 0.00999555 0.0389836 0.0901736 0.126798 0.121468 0.109635 0.115577 0.114562 0.0981622 0.0755111 0.0499378 0.0275997 0.0129368 0.00504214 0.00154589 0.000352425 5.69822e-05 6.28518e-06 4.58509e-07
 5.41155e-11 4.83714e-09 2.54943e-07 7.92293e-06 0.000145184 0.00156879 0.00999823 0.0376316 0.0842162 0.11602 0.114369 0.114387 0.128187 0.125559 0.103555 0.07598 0.0475887 0.0246702 0.0107738 0.003924 0.00113251 0.000243747 3.70915e-05 3.82787e-06 2.59753e-07
 3.7181e-11 3.19992e-09 1.62385e-07 4.85892e-06 8.57304e-05 0.000892047 0.00547777 0.0199253 0.0437761 0.063668 0.0816685 0.119052 0.158815 0.164083 0.139784 0.10165 0.0591746 0.0271593 0.0103575 0.00334927 0.000876641 0.000173509 2.44646e-05 2.3462e-06 1.47901e-07
 1.95229e-11 1.61513e-09 7.87879e-08 2.26623e-06 3.84382e-05 0.000384555 0.00227266 0.0079963 0.0174271 0.0277791 0.0460925 0.0842901 0.132683 0.173043 0.188934 0.158477 0.0961792 0.0433674 0.0154036 0.00442206 0.00100895 0.000175712 2.21863e-05 1.93218e-06 1.11543e-07
 3.39361e-10 2.69467e-08 1.26165e-06 3.48303e-05 0.000566973 0.00544197 0.0307996 0.102793 0.202398 0.235665 0.164468 0.0746861 0.0340458 0.0313627 0.0372977 0.0353807 0.024865 0.0131142 0.00518483 0.00151442 0.000323841 5.02789e-05 5.56258e-06 4.26006e-07 2.18739e-08
 2.2354e-10 1.7012e-08 7.63383e-07 2.01985e-05 0.000315134 0.00289954 0.0157442 0.0506347 0.098279 0.125669 0.139173 0.169992 0.179668 0.126793 0.0573705 0.0195531 0.00763119 0.00382709 0.00171623 0.000563565 0.000128219 1.98212e-05 2.05937e-06 1.42446e-07 6.48515e-09
 4.9752e-10 3.62389e-08 1.55642e-06 3.94154e-05 0.000588566 0.00518242 0.0269129 0.0825147 0.150176 0.166832 0.128489 0.0979599 0.0939257 0.092341 0.0781212 0.0493333 0.0206951 0.00559172 0.00106954 0.00018648 3.36988e-05 5.09572e-06 5.33127e-07 3.61383e-08 1.55751e-09
 7.0408e-10 4.90228e-08 2.01262e-06 4.87206e-05 0.000695438 0.00585372 0.0290672 0.085323 0.149642 0.165226 0.140282 0.127784 0.118368 0.0866611 0.0502313 0.0253582 0.010853 0.00358325 0.000857523 0.000144211 1.72386e-05 1.5733e-06 1.17063e-07 6.77868e-09 2.73602e-10
 9.72526e-10 6.465e-08 2.5341e-06 5.85688e-05 0.000798189 0.00641479 0.0304164 0.0853066 0.143377 0.1538 0.132209 0.125942 0.120801 0.0943123 0.0600564 0.0309152 0.0117375 0.00313446 0.000613385 9.37977e-05 1.11477e-05 9.63416e-07 5.75527e-08 2.35957e-09 6.74985e-11
 1.53553e-09 9.73486e-08 3.63905e-06 8.02113e-05 0.00104251 0.00799034 0.0361338 0.0966688 0.155107 0.159374 0.13236 0.122187 0.11292 0.0851156 0.0525142 0.0261027 0.00950727 0.00240235 0.000428324 5.6307e-05 5.58302e-06 4.13187e-07 2.21474e-08 8.26904e-10 2.07133e-11
 2.07421e-09 1.25277e-07 4.46148e-06 9.36864e-05 0.00116005 0.00847124 0.0365118 0.0932661 0.144162 0.148237 0.134616 0.136663 0.125577 0.0887534 0.0501592 0.0227503 0.00755176 0.00171858 0.000270618 3.09442e-05 2.65088e-06 1.68168e-07 7.65301e-09 2.4281e-10 5.24764e-12
 3.54544e-09 2.03804e-07 6.90786e-06 0.000138059 0.00162699 0.0113074 0.0463766 0.112647 0.164953 0.158146 0.129436 0.11956 0.106141 0.0764093 0.0448011 0.0203892 0.0064846 0.00136391 0.000192036 1.90242e-05 1.38512e-06 7.44594e-08 2.88249e-09 7.80391e-11 1.44085e-12
 4.48106e-09 2.44935e-07 7.8942e-06 0.000150023 0.0016812 0.0111122 0.0433747 0.10062 0.143135 0.142566 0.136691 0.142448 0.124792 0.083101 0.0444181 0.0187906 0.00572962 0.00119191 0.000170393 1.72053e-05 1.23565e-06 6.2051e-08 2.13767e-09 4.99982e-11 7.88032e-13
 7.98497e-09 4.1467e-07 1.26976e-05 0.00022926 0.00244086 0.0153267 0.0568164 0.124965 0.167178 0.151772 0.126494 0.11889 0.102186 0.0710244 0.0399252 0.016864 0.00484305 0.00090793 0.000113369 9.93783e-06 6.37866e-07 2.98961e-08 9.86948e-10 2.20924e-11 3.26313e-13
 1.11317e-08 5.48806e-07 1.59538e-05 0.000273464 0.00276412 0.0164803 0.0580498 0.121747 0.157903 0.147564 0.137238 0.13507 0.108539 0.0661136 0.0321707 0.0121664 0.00324791 0.000579823 6.97461e-05 5.8523e-06 3.4989e-07 1.47873e-08 4.32823e-10 8.62797e-12 1.15508e-13
 1.67882e-08 7.85212e-07 2.1655e-05 0.000352148 0.00337688 0.0191022 0.0638567 0.127281 0.157892 0.144126 0.134094 0.130982 0.10503 0.065559 0.0326432 0.0121096 0.00302899 0.000487836 5.11199e-05 3.64865e-06 1.86397e-07 6.92923e-09 1.83283e-10 3.33078e-12 4.04181e-14
 2.66463e-08 1.18164e-06 3.08976e-05 0.000476385 0.00433131 0.0232315 0.0736507 0.139354 0.16476 0.145091 0.131542 0.123967 0.0955728 0.0576565 0.0277081 0.00985615 0.00236297 0.000367737 3.76664e-05 2.63339e-06 1.28968e-07 4.41196e-09 1.03415e-10 1.63462e-12 1.72685e-14
 3.9157e-08 1.64553e-06 4.07746e-05 0.00059576 0.0051333 0.0260969 0.0784815 0.141401 0.161871 0.14481 0.137234 0.127774 0.0928085 0.0516471 0.0227611 0.00744619 0.00164178 0.000233196 2.15224e-05 1.34346e-06 5.90914e-08 1.85203e-09 4.05129e-11 6.00383e-13 5.88639e-15
 5.14103e-08 2.04649e-06 4.80353e-05 0.000664835 0.00542673 0.0261437 0.0746197 0.128541 0.145099 0.138211 0.143378 0.137771 0.10236 0.0595491 0.0271238 0.00885537 0.00191293 0.000267432 2.46999e-05 1.55915e-06 6.84315e-08 2.06709e-09 4.20634e-11 5.67821e-13 5.04516e-15
 8.60657e-08 3.24424e-06 7.21086e-05 0.000945067 0.00730471 0.0333208 0.0900145 0.146468 0.15484 0.135513 0.129891 0.120596 0.0907772 0.0547328 0.0253318 0.00818131 0.00174052 0.000243639 2.30982e-05 1.51988e-06 6.92495e-08 2.13665e-09 4.36564e-11 5.82231e-13 5.01967e-15
 1.22594e-07 4.37496e-06 9.20601e-05 0.0011423 0.00835962 0.0361192 0.092598 0.144255 0.151122 0.140343 0.141166 0.125862 0.0860833 0.0463096 0.019396 0.00580634 0.00116758 0.000157146 1.45642e-05 9.4963e-07 4.32538e-08 1.34161e-09 2.76386e-11 3.71271e-13 3.20557e-15
 1.67115e-07 5.64524e-06 0.000112445 0.00132075 0.0091504 0.0374464 0.0911323 0.136155 0.141962 0.139315 0.146089 0.130729 0.0902431 0.0491379 0.0202376 0.00575047 0.00107027 0.000131004 1.09416e-05 6.46368e-07 2.71703e-08 7.94551e-10 1.5692e-11 2.04244e-13 1.71921e-15
 2.8232e-07 9.02686e-06 0.000170187 0.00189204 0.012407 0.0480506 0.110593 0.155752 0.151205 0.135679 0.1319 0.113104 0.0766271 0.0410198 0.0163156 0.00440543 0.000773104 8.88426e-05 6.92075e-06 3.7698e-07 1.44243e-08 3.808e-10 6.78667e-12 8.02583e-14 6.20637e-16
 3.85418e-07 1.16643e-05 0.000208153 0.00219046 0.0135985 0.0498958 0.109185 0.14847 0.146462 0.141933 0.142105 0.116928 0.0739704 0.0368966 0.0138461 0.00359759 0.000622931 7.25356e-05 5.81132e-06 3.22346e-07 1.21916e-08 3.0794e-10 5.11988e-12 5.55432e-14 3.90068e-16
 6.01568e-07 1.72332e-05 0.0002911 0.0028997 0.0170404 0.0591945 0.122701 0.158385 0.149187 0.138826 0.133471 0.106259 0.0656889 0.0317238 0.0112064 0.0026577 0.000407572 4.09286e-05 2.80564e-06 1.36499e-07 4.74077e-09 1.14431e-10 1.85304e-12 1.9572e-14 1.32248e-16
 8.11822e-07 2.20159e-05 0.000352056 0.00332003 0.0184749 0.0608338 0.120091 0.150542 0.145539 0.144622 0.140691 0.108512 0.0644196 0.0298124 0.010083 0.00230331 0.000344838 3.42754e-05 2.32319e-06 1.08777e-07 3.48727e-09 7.52402e-11 1.07859e-12 1.0187e-14 6.27907e-17
 1.16735e-06 2.99724e-05 0.000453781 0.00405172 0.0213502 0.066614 0.124956 0.150516 0.143807 0.143391 0.137673 0.104976 0.0622342 0.0284116 0.00923746 0.00199122 0.000278907 2.59036e-05 1.64986e-06 7.33715e-08 2.25589e-09 4.67818e-11 6.39361e-13 5.66259e-15 3.21009e-17
 1.60581e-06 3.90406e-05 0.000559693 0.00473235 0.0236209 0.0698986 0.125059 0.146816 0.143408 0.147665 0.139962 0.103279 0.0591162 0.0259064 0.00803749 0.0016549 0.000223015 2.00885e-05 1.24223e-06 5.31432e-08 1.5509e-09 3.02416e-11 3.87526e-13 3.2232e-15 1.7204e-17
#spawning biomass
 29820.8 31738.7 21471.7 12731.3 13587.1 20021.3 25436.7 28343.2 37489.5 44381.7 44861.7 51087.3 62913.5 62380.5 67253.9 74130.5 76526.6 84829.4 91675.1 85854.3 96679.7 89345.1 94783.5 93064.6 104347 103382 87554.3 120350 130116 284896 299740 272218 228287 184201 147207 119048 98883.9 85027.8 75779.1 69734.7 65845.8 63373.1 61812 60814.2 60204.4 59831.8 59604.1 59464.9 59379.9 59327.9 59296.2 59276.7 59264.9 59257.6 59253.2 59250.5 59248.9 59247.8 59247.2 59246.9 59246.6 59246.5 59246.4 59246.3 59246.3 59246.3 59246.3 59246.3 59246.3 59246.3 59246.3 59246.3 59246.3 59246.3 59246.3 59246.3 59246.3 59246.3 59246.3 59246.3 59246.3 59246.3 59246.3 59246.3 59246.3 59246.3 59246.3 59246.3 59246.3 59246.3 59246.3 59246.3 59246.3 59246.3 59246.3 59246.3 59246.3 59246.3 59246.3 59246.3 59246.3 59246.3 59246.3 59246.3 59246.3 59246.3 59246.3 59246.3 59246.3 59246.3 59246.3 59246.3 59246.3 59246.3 59246.3 59246.3 59246.3 59246.3 59246.3 59246.3 59246.3 59246.3 59246.3 59246.3 59246.3 59246.3 59246.3 59246.3 0 0 0 0 0 0 0 0 0 0 0 0 0 0 0 0 0 0 0 0 0 0 0 0 0
