SBPRF35
0.383579
Curr Bio
206951
B35
822550
F35
0.359348
FOFL
0.0877153
OFL
11776.4
Bzero
109594
#pred survey bio
 26106.8 25885.5 23115.7 26027.9 37983.5 49217.8 68457.8 86147 117566 145009 175124 207571 234090 238706 223843 204699 217242 242998 242706 216784 198385 201608 208822 195744 203144 209086 224656 186436 7.36615e+06 8.3592e+06 7.55061e+06 5.84199e+06 4.25371e+06 3.05743e+06 2.24579e+06 1.72614e+06 1.40352e+06 1.2057e+06 1.08427e+06 1.00891e+06 961299 930575 910191 896098 886611 880103 875572 872381 870114 868494 867331 866493 865888 865450 865133 864904 864737 864616 864529 864465 864419 864385 864361 864343 864330 864321 864314 864309 864306 864303 864301 864300 864299 864298 864298 864297 864297 864297 864297 864297 864297 864296 864296 864296 864296 864296 864296 864296 864296 864296 864296 864296 864296 864296 864296 864296 864296 864296 864296 864296 864296 864296 864296 864296 864296 864296 864296 864296 864296 864296 864296 864296 864296 864296 864296 864296 864296 864296 864296 864296 864296 864296 864296 864296 864296 864296 864296 864296 0 0 0 0 0 0 0 0 0 0 0 0 0 0 0 0 0 0 0 0 0 0 0 0 0
#obs survey bio
 23961.2 18538.5 20937.3 25562.9 45340.1 40714.6 59058.3 81092.1 134502 113938 236375 197705 232292 260746 200406 114724 260698 219787 222854 178952 192466 219344 268728 223625 244099 258495 252332 204349
#pred catch bio
 12590.8 14637.2 11705.7 8768.03 21739.3 31308 49019.2 58856 86492.2 107515 135021 167891 194533 201299 201278 188783 200501 234722 242570 218713 200729 203220 221238 214795 232830 238743 271200 204655 11776.4 105539 90259.7 67399.5 47093.4 32350.5 22765.8 16951.7 13585.8 11700.4 10669.2 10115.1 9821.37 9667.16 9586.68 9544.56 9523.21 9512.39 9506.9 9504.12 9502.71 9501.99 9501.63 9501.44 9501.35 9501.3 9501.28 9501.27 9501.26 9501.26 9501.26 9501.26 9501.25 9501.25 9501.25 9501.25 9501.25 9501.25 9501.25 9501.25 9501.25 9501.25 9501.25 9501.25 9501.25 9501.25 9501.25 9501.25 9501.25 9501.25 9501.25 9501.25 9501.25 9501.25 9501.25 9501.25 9501.25 9501.25 9501.25 9501.25 9501.25 9501.25 9501.25 9501.25 9501.25 9501.25 9501.25 9501.25 9501.25 9501.25 9501.25 9501.25 9501.25 9501.25 9501.25 9501.25 9501.25 9501.25 9501.25 9501.25 9501.25 9501.25 9501.25 9501.25 9501.25 9501.25 9501.25 9501.25 9501.25 9501.25 9501.25 9501.25 9501.25 9501.25 9501.25 9501.25 9501.25 9501.25 9501.25 9501.25 0 0 0 0 0 0 0 0 0 0 0 0 0 0 0 0 0 0 0 0 0 0 0 0 0
#obs catch bio
 13252 16269.9 13771.5 8463.84 22363.5 32223 50089.3 56406.5 82249.6 106107 130880 164246 182676 198034 195871 202101 201016 234749 238543 219990 190179 172657 184220 190151 213183 217056 247194 194790
#pred cpue bio
 24265.8 24591.2 20712.1 24257.9 33728.2 42282.4 58254.4 73406.1 99555.2 123697 148923 174571 197406 204497 191608 167982 175848 196583 196119 175976 157427 158885 165526 150852 151534 154329 166588 136657 5.65559e+06 8.58187e+06 7.5355e+06 5.81649e+06 4.22784e+06 3.03155e+06 2.21991e+06 1.70025e+06 1.37764e+06 1.17982e+06 1.05839e+06 983023 935416 904692 884308 870215 860728 854220 849689 846498 844231 842611 841448 840610 840005 839567 839250 839021 838854 838733 838646 838582 838536 838502 838478 838460 838447 838438 838431 838426 838423 838420 838418 838417 838416 838415 838415 838414 838414 838414 838414 838414 838414 838413 838413 838413 838413 838413 838413 838413 838413 838413 838413 838413 838413 838413 838413 838413 838413 838413 838413 838413 838413 838413 838413 838413 838413 838413 838413 838413 838413 838413 838413 838413 838413 838413 838413 838413 838413 838413 838413 838413 838413 838413 838413 838413 838413 838413 838413 838413 0 0 0 0 0 0 0 0 0 0 0 0 0 0 0 0 0 0 0 0 0 0 0 0 0
#obs cpue bio
 17449.9 14419.7 15988.8 26984.8 31990.4 44180.3 64453.2 105132 106420 144028 137152 195343 263141 179862 263046 191867 157307 228040 228192 205719 216240 298475 268206 200831 175570 179156 225309 138474
#pred surv len freq
 1.03702e-11 1.12558e-09 7.20371e-08 2.71846e-06 6.04895e-05 0.000793676 0.00614171 0.0280551 0.0760001 0.124914 0.137769 0.135279 0.14426 0.132246 0.0891466 0.0498105 0.0278387 0.0161606 0.00982031 0.00644206 0.00464565 0.00372027 0.00313294 0.00238072 0.00138002
 8.47951e-12 9.2037e-10 5.89036e-08 2.22284e-06 4.94614e-05 0.000648986 0.0050224 0.0229502 0.0622814 0.103255 0.118009 0.126042 0.145611 0.142425 0.107895 0.0719385 0.0442516 0.0236931 0.0116039 0.00582589 0.00322854 0.00206873 0.00150544 0.00107457 0.000616881
 1.27612e-11 1.3851e-09 8.86464e-08 3.34524e-06 7.44359e-05 0.000976642 0.00755666 0.0344978 0.0931685 0.150843 0.155826 0.127924 0.113856 0.101623 0.0771547 0.0542237 0.0368539 0.0226544 0.0122133 0.0057395 0.00248004 0.00113333 0.000618053 0.000376 0.000202995
 9.92588e-12 1.07736e-09 6.89509e-08 2.602e-06 5.78981e-05 0.000759677 0.00587877 0.0268575 0.0728042 0.12005 0.134197 0.136072 0.149177 0.138033 0.093344 0.0527473 0.0305916 0.0185773 0.0109074 0.00573484 0.00257287 0.001004 0.000385801 0.000168856 7.68445e-05
 1.32533e-11 1.43851e-09 9.20646e-08 3.47423e-06 7.73061e-05 0.0010143 0.00784787 0.0358238 0.0967028 0.156188 0.159586 0.126582 0.108159 0.0967733 0.077048 0.0566149 0.037223 0.0206298 0.0104406 0.0052524 0.00249763 0.00102669 0.000357058 0.000114485 3.76511e-05
 1.455e-11 1.57926e-09 1.01073e-07 3.81417e-06 8.48701e-05 0.00111354 0.00861581 0.0393306 0.106188 0.171654 0.176044 0.140951 0.119699 0.0989184 0.0630586 0.033173 0.0183422 0.0111263 0.00637066 0.00314592 0.00137089 0.000546955 0.000191927 5.6546e-05 1.44058e-05
 1.47335e-11 1.59918e-09 1.02347e-07 3.86228e-06 8.59406e-05 0.00112759 0.00872453 0.0398277 0.107541 0.173931 0.178797 0.14421 0.123561 0.102033 0.0637021 0.0309413 0.01396 0.00628098 0.00288283 0.00138898 0.000636069 0.000250993 8.40843e-05 2.37934e-05 5.53276e-06
 1.45705e-11 1.58149e-09 1.01215e-07 3.81954e-06 8.49896e-05 0.00111511 0.00862808 0.0393892 0.106382 0.172256 0.178006 0.145938 0.12758 0.105706 0.0647591 0.0298405 0.0123733 0.00498258 0.00187975 0.000685066 0.000254068 9.40361e-05 3.14108e-05 8.69145e-06 1.92164e-06
 1.48585e-11 1.61274e-09 1.03215e-07 3.89503e-06 8.66695e-05 0.00113715 0.00879851 0.0401653 0.10845 0.175383 0.180199 0.145104 0.124012 0.102132 0.0633797 0.03024 0.0130248 0.00521744 0.00184066 0.000585421 0.000173718 4.93531e-05 1.3694e-05 3.5165e-06 7.53805e-07
 1.44941e-11 1.57319e-09 1.00684e-07 3.7995e-06 8.45439e-05 0.00110927 0.00858286 0.0391835 0.105835 0.171448 0.177529 0.146451 0.128994 0.107049 0.0652108 0.0295512 0.0119241 0.004656 0.00166474 0.000530097 0.000147706 3.58409e-05 7.79772e-06 1.56945e-06 2.87502e-07
 1.46346e-11 1.58845e-09 1.0166e-07 3.83635e-06 8.53637e-05 0.00112002 0.00866603 0.0395623 0.106846 0.172982 0.178634 0.146142 0.127408 0.10543 0.064544 0.0296364 0.0120798 0.00462967 0.00157817 0.000481381 0.000132004 3.13714e-05 6.27296e-06 1.05274e-06 1.51439e-07
 1.50817e-11 1.63698e-09 1.04766e-07 3.95355e-06 8.79717e-05 0.00115424 0.00893069 0.0407684 0.110075 0.17798 0.182719 0.146715 0.124684 0.101624 0.0613081 0.0273276 0.0106989 0.00401055 0.0013627 0.000411052 0.000109013 2.48836e-05 4.81093e-06 7.67284e-07 9.83995e-08
 1.49266e-11 1.62013e-09 1.03688e-07 3.91288e-06 8.70666e-05 0.00114236 0.00883888 0.0403507 0.108966 0.176342 0.181762 0.147786 0.127576 0.10428 0.0619953 0.0264365 0.00959146 0.00334563 0.00107886 0.000313829 8.15878e-05 1.83025e-05 3.43707e-06 5.27386e-07 6.45107e-08
 1.4228e-11 1.54432e-09 9.88361e-08 3.72977e-06 8.29922e-05 0.00108891 0.00842546 0.0384674 0.103935 0.168644 0.175902 0.14833 0.134038 0.111733 0.0665451 0.0281231 0.00997113 0.00334114 0.00101269 0.000272586 6.61392e-05 1.41436e-05 2.576e-06 3.85524e-07 4.57446e-08
 1.42735e-11 1.54925e-09 9.91518e-08 3.74168e-06 8.32573e-05 0.00109239 0.00845235 0.0385897 0.10426 0.169123 0.17618 0.148009 0.133187 0.110974 0.0663984 0.0284422 0.010306 0.00349814 0.00105072 0.000273458 6.26114e-05 1.24303e-05 2.10521e-06 2.97999e-07 3.40295e-08
 1.59659e-11 1.73295e-09 1.10909e-07 4.18535e-06 9.31292e-05 0.0012219 0.00945409 0.043154 0.116464 0.187897 0.190957 0.148294 0.119995 0.0946389 0.054904 0.0222926 0.00738277 0.00233003 0.000686122 0.000179668 4.1058e-05 7.93488e-06 1.27384e-06 1.68048e-07 1.78781e-08
 1.64237e-11 1.78264e-09 1.14089e-07 4.30535e-06 9.57995e-05 0.00125694 0.00972506 0.044389 0.119771 0.193022 0.195175 0.148978 0.11736 0.0908619 0.0515904 0.0198209 0.00582757 0.00158517 0.000412853 9.82411e-05 2.12017e-05 4.02147e-06 6.39881e-07 8.23432e-08 8.34758e-09
 1.64359e-11 1.78395e-09 1.14173e-07 4.30853e-06 9.58702e-05 0.00125786 0.00973224 0.0444217 0.11986 0.193166 0.195328 0.149113 0.117472 0.0908979 0.0514891 0.0196237 0.00563895 0.00146073 0.000349063 7.2804e-05 1.35336e-05 2.27065e-06 3.33782e-07 4.12635e-08 4.09309e-09
 1.64599e-11 1.78657e-09 1.1434e-07 4.31484e-06 9.60107e-05 0.00125971 0.0097465 0.0444869 0.120037 0.193461 0.19567 0.149477 0.117833 0.0910259 0.0511643 0.0190217 0.00514847 0.00122731 0.000275135 5.44504e-05 9.37819e-06 1.3997e-06 1.78069e-07 1.92305e-08 1.73167e-09
 1.62836e-11 1.76743e-09 1.13115e-07 4.26862e-06 9.49822e-05 0.00124621 0.00964215 0.0440117 0.11877 0.191538 0.194285 0.149874 0.119857 0.0931589 0.0521809 0.0190622 0.00492028 0.00108283 0.000223522 4.08115e-05 6.47043e-06 8.95325e-07 1.05035e-07 1.01746e-08 8.00822e-10
 1.70666e-11 1.85241e-09 1.18554e-07 4.47386e-06 9.95491e-05 0.00130613 0.0101055 0.0461227 0.124409 0.200173 0.200883 0.149348 0.112753 0.0849399 0.0471469 0.0171459 0.00438741 0.00094745 0.000189179 3.26576e-05 4.7725e-06 6.02597e-07 6.45932e-08 5.73193e-09 4.12205e-10
 1.72869e-11 1.87632e-09 1.20084e-07 4.53161e-06 0.000100834 0.00132299 0.0102359 0.0467168 0.125997 0.202611 0.202777 0.149305 0.110914 0.08273 0.0456791 0.0164531 0.00410707 0.000850172 0.000163447 2.75078e-05 3.90683e-06 4.71332e-07 4.71813e-08 3.83664e-09 2.51053e-10
 1.7097e-11 1.85571e-09 1.18765e-07 4.48183e-06 9.97264e-05 0.00130846 0.0101235 0.0462048 0.12463 0.200518 0.201184 0.149453 0.112667 0.0847452 0.0468951 0.0168929 0.00421111 0.000867339 0.000164566 2.69785e-05 3.68787e-06 4.28098e-07 4.14025e-08 3.2315e-09 1.99509e-10
 1.79711e-11 1.95059e-09 1.24837e-07 4.71098e-06 0.000104825 0.00137535 0.0106409 0.0485617 0.130928 0.210171 0.208607 0.149023 0.104974 0.0757196 0.0411901 0.0145157 0.00342088 0.000634379 0.000108951 1.70063e-05 2.27587e-06 2.58819e-07 2.4292e-08 1.82643e-09 1.08441e-10
 1.88872e-11 2.05002e-09 1.31201e-07 4.95111e-06 0.000110168 0.00144545 0.0111831 0.0510317 0.137527 0.220278 0.216346 0.148461 0.0967424 0.0661515 0.0352674 0.0121901 0.00273236 0.000452637 6.69458e-05 9.18626e-06 1.0963e-06 1.13289e-07 1.00308e-08 7.30172e-10 4.21717e-11
 1.91592e-11 2.07955e-09 1.33091e-07 5.02243e-06 0.000111755 0.00146627 0.0113441 0.0517653 0.139487 0.223284 0.218667 0.148358 0.0943945 0.0633723 0.0334769 0.0114056 0.00244835 0.00036264 4.47499e-05 5.1716e-06 5.30851e-07 4.69632e-08 3.59906e-09 2.32559e-10 1.22926e-11
 1.90383e-11 2.06643e-09 1.32251e-07 4.99074e-06 0.00011105 0.00145702 0.0112726 0.0514393 0.138617 0.221952 0.217655 0.148456 0.0955176 0.0646594 0.0342481 0.0116784 0.00250907 0.000371777 4.54737e-05 5.04216e-06 4.68399e-07 3.52158e-08 2.2395e-09 1.21382e-10 5.45554e-12
 1.93333e-11 2.09844e-09 1.343e-07 5.06807e-06 0.000112771 0.00147959 0.0114471 0.0522347 0.140742 0.225208 0.220152 0.148292 0.0928918 0.0615936 0.0323309 0.0109035 0.00226702 0.000305822 3.11636e-05 2.87757e-06 2.43353e-07 1.75248e-08 1.05417e-09 5.14638e-11 1.97789e-12
#obs surv len freq
 3.77734e-11 3.50071e-09 1.91299e-07 6.16392e-06 0.000117109 0.001312 0.00866887 0.0338166 0.07831 0.110758 0.108835 0.104681 0.118317 0.126015 0.116975 0.0928312 0.0577639 0.0273255 0.0102324 0.00311927 0.000756531 0.000139007 1.83925e-05 1.67983e-06 1.02687e-07
 2.16598e-11 1.93608e-09 1.02042e-07 3.17118e-06 5.8112e-05 0.000628011 0.00400528 0.0151317 0.034532 0.052213 0.0698765 0.106923 0.151189 0.168696 0.156814 0.121442 0.0718945 0.0317375 0.0109647 0.00307425 0.000685873 0.000116198 1.42609e-05 1.21578e-06 6.95112e-08
 1.50573e-10 1.29589e-08 6.57615e-07 1.96772e-05 0.000347171 0.0036117 0.0221554 0.0801504 0.171117 0.216418 0.165594 0.0861553 0.0491399 0.0503826 0.0582947 0.0504639 0.0294991 0.0119332 0.00362548 0.00088685 0.000175009 2.66114e-05 2.95889e-06 2.30032e-07 1.20612e-08
 1.14051e-10 9.43544e-09 4.60271e-07 1.32389e-05 0.000224537 0.00224571 0.0132509 0.0462369 0.0965921 0.128346 0.13543 0.155605 0.170826 0.133603 0.0706471 0.0290829 0.0115094 0.00446788 0.00147095 0.000369968 6.84754e-05 9.25751e-06 9.04855e-07 6.23209e-08 2.92576e-09
 1.96112e-10 1.55722e-08 7.2909e-07 2.0128e-05 0.00032765 0.00314503 0.0178043 0.0595017 0.117994 0.14257 0.118706 0.0973039 0.102064 0.112125 0.106563 0.0750963 0.0347141 0.00999589 0.00181449 0.000227747 2.39427e-05 2.38542e-06 2.00878e-07 1.23009e-08 5.1141e-10
 3.19968e-10 2.43504e-08 1.09268e-06 2.89112e-05 0.000451058 0.00414965 0.0225172 0.0721648 0.137568 0.161669 0.136482 0.117336 0.113393 0.0969636 0.0694292 0.0414287 0.0187853 0.00603315 0.0013593 0.000215133 2.35363e-05 1.76237e-06 9.31283e-08 3.70298e-09 1.14011e-10
 3.93876e-10 2.86896e-08 1.23218e-06 3.12044e-05 0.000465962 0.00410311 0.0213146 0.0654574 0.120148 0.139129 0.125094 0.123546 0.128908 0.113828 0.0831577 0.0482864 0.0199118 0.00545743 0.00100882 0.00013478 1.38304e-05 1.07649e-06 5.95819e-08 2.21996e-09 5.44203e-11
 6.70721e-10 4.67001e-08 1.91726e-06 4.64121e-05 0.000662484 0.00557621 0.027686 0.0812198 0.142007 0.15454 0.125153 0.108914 0.108637 0.0995152 0.0768492 0.0453361 0.0182102 0.00473423 0.000807489 9.5228e-05 8.21276e-06 5.29886e-07 2.52311e-08 8.60986e-10 2.0324e-11
 8.60893e-10 5.7229e-08 2.24321e-06 5.18459e-05 0.000706571 0.00567863 0.0269292 0.0755769 0.127458 0.138914 0.125617 0.128273 0.129716 0.107677 0.0736046 0.0397582 0.0152817 0.00395945 0.000699741 8.73132e-05 7.7933e-06 4.89549e-07 2.12009e-08 6.26998e-10 1.26145e-11
 1.18695e-09 7.52497e-08 2.81296e-06 6.20029e-05 0.000805862 0.00617682 0.0279394 0.074839 0.120842 0.12786 0.116516 0.123126 0.130456 0.117525 0.0863328 0.0466333 0.0166013 0.00370867 0.000522239 4.86083e-05 3.24084e-06 1.65673e-07 6.47253e-09 1.82134e-10 3.48433e-12
 1.84703e-09 1.11556e-07 3.97284e-06 8.34254e-05 0.00103299 0.00754329 0.0325098 0.0830107 0.128067 0.130727 0.117457 0.122832 0.127204 0.111784 0.0794965 0.0410514 0.0138568 0.00291984 0.000384371 3.26472e-05 1.88424e-06 7.74708e-08 2.30864e-09 4.94467e-11 7.50897e-13
 2.83993e-09 1.63249e-07 5.53326e-06 0.000110586 0.00130325 0.00905798 0.0371617 0.090402 0.133396 0.132319 0.119275 0.124678 0.12539 0.105868 0.0718924 0.0352668 0.0112967 0.00226619 0.000286036 2.3515e-05 1.32017e-06 5.2244e-08 1.45286e-09 2.77386e-11 3.56765e-13
 3.61799e-09 1.97759e-07 6.37375e-06 0.000121128 0.00135741 0.00897246 0.0350313 0.0813688 0.116478 0.119081 0.121697 0.13864 0.13967 0.114984 0.0750605 0.0348856 0.0104648 0.00194176 0.000222532 1.61777e-05 7.83197e-07 2.66186e-08 6.51326e-10 1.13095e-11 1.35018e-13
 4.54733e-09 2.36149e-07 7.2311e-06 0.000130562 0.00139014 0.0087316 0.0324175 0.0718531 0.0997698 0.104627 0.117046 0.142233 0.150702 0.130962 0.0871681 0.0395205 0.0112634 0.00195673 0.000207083 1.36211e-05 5.79099e-07 1.67432e-08 3.4219e-10 4.96492e-12 5.00715e-14
 9.16447e-09 4.51818e-07 1.31343e-05 0.000225136 0.00227561 0.0135671 0.0477769 0.100085 0.129141 0.118885 0.110872 0.121958 0.127838 0.111969 0.0732893 0.0318943 0.00863383 0.001423 0.000143541 9.0812e-06 3.75069e-07 1.055e-08 2.06236e-10 2.77053e-12 2.49697e-14
 1.18933e-08 5.56271e-07 1.53412e-05 0.000249477 0.00239246 0.0135375 0.0453192 0.0909781 0.116643 0.119167 0.132869 0.149397 0.138037 0.102493 0.0587315 0.0232852 0.00587622 0.000914756 8.81979e-05 5.41458e-06 2.20673e-07 6.18789e-09 1.20232e-10 1.58664e-12 1.3873e-14
 1.88499e-08 8.35908e-07 2.18573e-05 0.000337003 0.00306415 0.0164377 0.0521562 0.0991012 0.119528 0.11328 0.118871 0.135046 0.135278 0.10977 0.0649496 0.0251669 0.00602946 0.00087828 7.83698e-05 4.39804e-06 1.6195e-07 4.09311e-09 7.2605e-11 8.93996e-13 7.44048e-15
 2.89388e-08 1.21612e-06 3.01343e-05 0.000440298 0.00379395 0.0192921 0.0580819 0.10522 0.123484 0.119839 0.129853 0.141287 0.128936 0.0946695 0.051509 0.018668 0.00424273 0.00059631 5.26561e-05 3.02373e-06 1.17215e-07 3.12073e-09 5.63877e-11 6.74746e-13 5.25511e-15
 3.55386e-08 1.41469e-06 3.32057e-05 0.000459594 0.00375178 0.0180826 0.051726 0.0900615 0.106377 0.114487 0.138292 0.154964 0.141767 0.102821 0.0540068 0.018598 0.00399386 0.00053099 4.46221e-05 2.46404e-06 9.30545e-08 2.44421e-09 4.4053e-11 5.3086e-13 4.18809e-15
 5.80116e-08 2.18675e-06 4.86042e-05 0.000637027 0.00492423 0.0224724 0.0608461 0.100097 0.110955 0.111222 0.128572 0.14537 0.138358 0.102379 0.0527246 0.0173678 0.00353884 0.000447113 3.59616e-05 1.91764e-06 7.02855e-08 1.78796e-09 3.10396e-11 3.59183e-13 2.72437e-15
 9.28553e-08 3.3137e-06 6.97288e-05 0.000865218 0.00633231 0.0273688 0.0702777 0.110328 0.119356 0.120761 0.137223 0.144278 0.124576 0.083911 0.0398383 0.0121992 0.002318 0.000273146 2.04626e-05 1.01514e-06 3.46605e-08 8.25403e-10 1.35038e-11 1.48088e-13 1.06765e-15
 1.26236e-07 4.26431e-06 8.49395e-05 0.000997692 0.00691293 0.0283042 0.0690518 0.10435 0.113703 0.123113 0.145154 0.150734 0.126565 0.0817616 0.0366845 0.0105098 0.00185368 0.000200757 1.36233e-05 6.01591e-07 1.80629e-08 3.78881e-10 5.53023e-12 5.48941e-14 3.62166e-16
 1.84079e-07 5.88574e-06 0.000110967 0.00123373 0.00809208 0.0313753 0.0726114 0.104879 0.111919 0.122178 0.144469 0.150314 0.126551 0.0803461 0.0346662 0.00946968 0.00159874 0.000168064 1.13118e-05 5.0572e-07 1.54159e-08 3.20431e-10 4.455e-12 4.0633e-14 2.40706e-16
 2.90629e-07 8.79559e-06 0.00015696 0.00165179 0.0102556 0.037651 0.0826117 0.11373 0.117466 0.125698 0.143943 0.143811 0.115815 0.0698834 0.0285626 0.00741764 0.001204 0.000124082 8.39599e-06 3.85332e-07 1.21235e-08 2.57737e-10 3.61827e-12 3.29712e-14 1.93103e-16
 3.62336e-07 1.03799e-05 0.00017534 0.00174679 0.0102707 0.0357698 0.0750453 0.10207 0.11345 0.135994 0.159346 0.152934 0.116012 0.0654151 0.0248415 0.00595127 0.000880879 8.13742e-05 4.84516e-06 1.94336e-07 5.43537e-09 1.06442e-10 1.42708e-12 1.2729e-14 7.38073e-17
 5.5072e-07 1.4935e-05 0.000238829 0.00225239 0.0125373 0.0413377 0.0821164 0.105791 0.111731 0.129412 0.151649 0.150319 0.117168 0.0654078 0.0238214 0.00538632 0.000747163 6.43783e-05 3.5509e-06 1.30382e-07 3.28489e-09 5.70768e-11 6.73248e-13 5.28803e-15 2.72797e-17
 5.9159e-07 1.51896e-05 0.000229984 0.00205405 0.0108381 0.0340278 0.06567 0.0884501 0.111219 0.149232 0.175046 0.161986 0.116185 0.0599227 0.0202657 0.00426267 0.000549299 4.37808e-05 2.21816e-06 7.42154e-08 1.69437e-09 2.66396e-11 2.84285e-13 2.01524e-15 9.33291e-18
 7.93503e-07 1.92919e-05 0.000276586 0.00233917 0.0116886 0.0347692 0.0636913 0.0820152 0.100629 0.136545 0.170131 0.172233 0.130953 0.0676371 0.0220732 0.00441532 0.000540256 4.11188e-05 2.00715e-06 6.50929e-08 1.43471e-09 2.14549e-11 2.13727e-13 1.39228e-15 5.86467e-18
#pred catch len freq
 8.26575e-12 8.97168e-10 5.74186e-08 2.16681e-06 4.82147e-05 0.000632634 0.00489613 0.0223797 0.0608222 0.101548 0.119292 0.134623 0.16009 0.151754 0.102512 0.0567202 0.0313489 0.018099 0.0109799 0.00719969 0.00519153 0.00415734 0.00350101 0.00266041 0.00154215
 6.86035e-12 7.44625e-10 4.76559e-08 1.79839e-06 4.0017e-05 0.000525079 0.00406403 0.0185831 0.0505989 0.0852415 0.103624 0.125079 0.157122 0.157114 0.118686 0.078272 0.047747 0.0254745 0.0124601 0.0062525 0.00346438 0.00221976 0.00161534 0.00115301 0.000661915
 1.07152e-11 1.16303e-09 7.44338e-08 2.8089e-06 6.25019e-05 0.000820071 0.00634563 0.0289789 0.0783978 0.128012 0.137318 0.125788 0.126938 0.118975 0.0906253 0.0630425 0.0425061 0.0260468 0.014028 0.00658994 0.00284717 0.00130105 0.000709508 0.000431637 0.000233032
 7.38207e-12 8.01253e-10 5.12801e-08 1.93516e-06 4.30603e-05 0.000565012 0.00437313 0.0199971 0.0544577 0.0918096 0.111882 0.135338 0.168419 0.16176 0.109694 0.0613779 0.0351978 0.0212615 0.0124647 0.00655121 0.00293883 0.00114677 0.00044066 0.000192866 8.77713e-05
 1.15252e-11 1.25095e-09 8.00609e-08 3.02125e-06 6.72268e-05 0.00088206 0.00682505 0.0311625 0.0842256 0.136887 0.143871 0.124551 0.118898 0.111357 0.088831 0.0646344 0.0422049 0.023326 0.0117921 0.00592955 0.00281921 0.00115884 0.000403012 0.000129219 4.24968e-05
 1.31617e-11 1.42857e-09 9.14286e-08 3.45023e-06 7.67722e-05 0.0010073 0.0077941 0.0355867 0.0961781 0.156268 0.16399 0.140896 0.130737 0.112257 0.0719208 0.0374995 0.0204802 0.0123469 0.00705801 0.00348403 0.00151807 0.000605655 0.000212522 6.26138e-05 1.59517e-05
 1.3778e-11 1.49546e-09 9.57096e-08 3.61178e-06 8.03669e-05 0.00105446 0.00815896 0.037251 0.100654 0.163366 0.170618 0.144503 0.131691 0.111674 0.069915 0.0336876 0.0150206 0.00670821 0.00307052 0.00147824 0.000676812 0.000267059 8.94657e-05 2.53161e-05 5.88684e-06
 1.34183e-11 1.45643e-09 9.32112e-08 3.5175e-06 7.82691e-05 0.00102694 0.00794614 0.0362825 0.0980792 0.159525 0.168182 0.146393 0.137544 0.117458 0.0722583 0.0330659 0.0135493 0.00541124 0.00203489 0.000740834 0.00027466 0.000101649 3.3953e-05 9.39487e-06 2.07716e-06
 1.40179e-11 1.52151e-09 9.73764e-08 3.67468e-06 8.17665e-05 0.00107283 0.008301 0.0378987 0.102393 0.166095 0.173033 0.145441 0.131291 0.110717 0.0688627 0.0325998 0.0138791 0.00551819 0.0019411 0.000616734 0.00018294 5.19665e-05 1.44186e-05 3.70255e-06 7.93687e-07
 1.36633e-11 1.48302e-09 9.49132e-08 3.58173e-06 7.96982e-05 0.00104569 0.00809117 0.0369435 0.09985 0.162275 0.170477 0.146867 0.136312 0.115617 0.070594 0.0317674 0.0126669 0.00490384 0.00174741 0.000555815 0.000154815 3.75613e-05 8.17171e-06 1.64471e-06 3.01287e-07
 1.39861e-11 1.51806e-09 9.71556e-08 3.66635e-06 8.15812e-05 0.0010704 0.00828223 0.0378138 0.102174 0.165823 0.173141 0.146498 0.133169 0.112153 0.0687403 0.0313294 0.0126207 0.00479743 0.00162997 0.000496615 0.000136126 3.23464e-05 6.46765e-06 1.0854e-06 1.56137e-07
 1.46749e-11 1.59282e-09 1.0194e-07 3.8469e-06 8.55985e-05 0.0011231 0.00868989 0.0396715 0.107144 0.173494 0.1793 0.147014 0.128414 0.10592 0.0639115 0.0282857 0.0109436 0.00406616 0.00137659 0.000414747 0.000109947 2.50933e-05 4.85126e-06 7.73706e-07 9.92226e-08
 1.46472e-11 1.58982e-09 1.01748e-07 3.83966e-06 8.54374e-05 0.00112099 0.00867357 0.0395977 0.106955 0.173267 0.179435 0.148048 0.130224 0.107287 0.0637607 0.0270165 0.0096887 0.00334661 0.00107453 0.000312122 8.11055e-05 1.81914e-05 3.41604e-06 5.24152e-07 6.41149e-08
 1.40146e-11 1.52115e-09 9.73532e-08 3.67381e-06 8.17471e-05 0.00107257 0.00829912 0.0378919 0.102398 0.166297 0.17414 0.148573 0.136127 0.114075 0.0678762 0.0285062 0.00999195 0.0033151 0.00100027 0.000268823 6.519e-05 1.39379e-05 2.53839e-06 3.79889e-07 4.50757e-08
 1.44454e-11 1.56791e-09 1.00346e-07 3.78676e-06 8.42603e-05 0.00110555 0.00855413 0.0390535 0.1055 0.171035 0.177703 0.148098 0.131938 0.109376 0.0652076 0.0277352 0.00993379 0.00333967 0.000998854 0.00025957 5.93985e-05 1.17899e-05 1.99662e-06 2.82622e-07 3.22733e-08
 1.62461e-11 1.76336e-09 1.12855e-07 4.25878e-06 9.47633e-05 0.00124334 0.0096199 0.0439094 0.118484 0.190998 0.193371 0.148251 0.117676 0.0918465 0.0530434 0.0214043 0.00701018 0.00218862 0.000641075 0.000167572 3.82712e-05 7.39477e-06 1.18705e-06 1.56595e-07 1.66595e-08
 1.66866e-11 1.81117e-09 1.15915e-07 4.37427e-06 9.73329e-05 0.00127705 0.00988066 0.0450978 0.121666 0.195927 0.197418 0.148879 0.115093 0.0881801 0.049866 0.0190672 0.00555192 0.00149244 0.000385995 9.16181e-05 1.97563e-05 3.7463e-06 5.96048e-07 7.67007e-08 7.7755e-09
 1.69455e-11 1.83927e-09 1.17713e-07 4.44212e-06 9.88427e-05 0.00129686 0.0100339 0.0457958 0.123532 0.198793 0.19965 0.148845 0.112961 0.0856205 0.0481757 0.0182673 0.00520003 0.00133133 0.000315848 6.56933e-05 1.21997e-05 2.04609e-06 3.00733e-07 3.71764e-08 3.68764e-09
 1.71585e-11 1.86239e-09 1.19193e-07 4.49796e-06 0.000100085 0.00131316 0.0101599 0.0463704 0.125069 0.201168 0.201568 0.149041 0.111544 0.0837233 0.0466533 0.0172606 0.00463242 0.00109119 0.000242588 4.78482e-05 8.23163e-06 1.22805e-06 1.56209e-07 1.68688e-08 1.51898e-09
 1.7051e-11 1.85073e-09 1.18446e-07 4.46979e-06 9.94585e-05 0.00130494 0.0100964 0.0460808 0.124298 0.200001 0.200751 0.149356 0.11289 0.0850973 0.0472417 0.0171821 0.00440173 0.000957397 0.000195809 3.56084e-05 5.63767e-06 7.79692e-07 9.14516e-08 8.85825e-09 6.97202e-10
 1.7774e-11 1.92919e-09 1.23468e-07 4.6593e-06 0.000103675 0.00136026 0.0105242 0.04803 0.129505 0.207974 0.20684 0.148865 0.106322 0.0775025 0.0425959 0.0154207 0.00391693 0.000836076 0.000165388 2.84328e-05 4.14895e-06 5.23557e-07 5.61077e-08 4.97853e-09 3.58015e-10
 1.79518e-11 1.94849e-09 1.24703e-07 4.70591e-06 0.000104712 0.00137387 0.0106295 0.0485095 0.130787 0.209942 0.208372 0.148837 0.104847 0.0757258 0.0414081 0.0148515 0.00368204 0.000753532 0.000143443 2.40313e-05 3.40756e-06 4.10843e-07 4.1116e-08 3.34312e-09 2.18752e-10
 1.80491e-11 1.95906e-09 1.25379e-07 4.73143e-06 0.00010528 0.00138132 0.0106871 0.048772 0.131488 0.211016 0.209191 0.148769 0.10396 0.0747019 0.0407847 0.0146182 0.00361881 0.000736907 0.000138446 2.25926e-05 3.08323e-06 3.57675e-07 3.45822e-08 2.69889e-09 1.6662e-10
 1.89674e-11 2.05873e-09 1.31758e-07 4.97214e-06 0.000110636 0.00145159 0.0112306 0.0512479 0.138103 0.221151 0.216969 0.148261 0.0957931 0.0651648 0.034819 0.0122038 0.00285944 0.000524699 8.91166e-05 1.38285e-05 1.84667e-06 2.09852e-07 1.96903e-08 1.48029e-09 8.78861e-11
 1.99026e-11 2.16024e-09 1.38255e-07 5.21731e-06 0.000116092 0.00152316 0.0117841 0.0537696 0.14484 0.231467 0.224855 0.147648 0.0873287 0.0553572 0.0287906 0.00988634 0.00220546 0.000362078 5.29224e-05 7.20663e-06 8.57487e-07 8.85182e-08 7.83448e-09 5.70212e-10 3.29315e-11
 2.0104e-11 2.1821e-09 1.39654e-07 5.2701e-06 0.000117266 0.00153857 0.0119033 0.0543126 0.146291 0.233693 0.226575 0.147577 0.0855984 0.053305 0.027463 0.00929846 0.00198907 0.000292622 3.56972e-05 4.085e-06 4.17439e-07 3.68721e-08 2.82408e-09 1.82443e-10 9.64286e-12
 2.02226e-11 2.19497e-09 1.40477e-07 5.30118e-06 0.000117958 0.00154764 0.0119734 0.0546322 0.147145 0.234999 0.227566 0.147476 0.0844909 0.0520397 0.0267102 0.00903824 0.00193448 0.000284687 3.44291e-05 3.781e-06 3.49684e-07 2.62472e-08 1.66796e-09 9.03745e-11 4.0614e-12
 2.00996e-11 2.18162e-09 1.39623e-07 5.26894e-06 0.00011724 0.00153823 0.0119007 0.0543007 0.14626 0.233649 0.226561 0.147644 0.0857368 0.0534149 0.0274597 0.00921436 0.00191145 0.00025673 2.59136e-05 2.36518e-06 1.9864e-07 1.42677e-08 8.57459e-10 4.18455e-11 1.608e-12
#obs catch len freq
 3.07722e-11 2.85186e-09 1.55842e-07 5.02146e-06 9.54039e-05 0.00106885 0.00706298 0.0275667 0.0640148 0.0918247 0.0955591 0.103297 0.126262 0.137785 0.12909 0.103097 0.0647417 0.0312903 0.0121845 0.00388129 0.000968043 0.000179147 2.36715e-05 2.1712e-06 1.3481e-07
 4.55809e-11 4.07428e-09 2.14736e-07 6.6734e-06 0.000122287 0.00132139 0.00842189 0.0317064 0.0710493 0.098534 0.0998106 0.105879 0.126656 0.13533 0.124438 0.0969652 0.0588686 0.027177 0.0099389 0.00294736 0.00069025 0.000121477 1.52828e-05 1.3192e-06 7.58434e-08
 2.64346e-11 2.27505e-09 1.15451e-07 3.45457e-06 6.09529e-05 0.000634275 0.00389632 0.0142008 0.0315155 0.0479111 0.0687486 0.111293 0.157308 0.173088 0.158652 0.120232 0.0692394 0.0297608 0.0100276 0.00273257 0.000588245 9.54062e-05 1.1128e-05 8.95957e-07 4.81332e-08
 1.951e-18 8.57628e-16 2.22294e-13 3.39742e-11 3.06175e-09 1.62713e-07 5.10041e-06 9.43682e-05 0.00103291 0.00673569 0.0267316 0.0683979 0.126754 0.190408 0.225801 0.189421 0.106808 0.0418479 0.0123699 0.00294102 0.000560328 8.15811e-05 8.61956e-06 6.32681e-07 3.11579e-08
 1.21568e-10 9.65307e-09 4.51958e-07 1.24773e-05 0.000203116 0.00195001 0.0110497 0.0371144 0.0755382 0.103073 0.126556 0.171555 0.195653 0.14984 0.0771324 0.0313314 0.0123366 0.00471084 0.00150541 0.000364829 6.47927e-05 8.37027e-06 7.77454e-07 5.05756e-08 2.2305e-09
 2.8001e-10 2.13095e-08 9.56223e-07 2.53008e-05 0.000394729 0.00363139 0.0197039 0.0631301 0.120164 0.140208 0.115509 0.0977151 0.104783 0.11434 0.106111 0.0719984 0.031813 0.00874459 0.00152083 0.000184758 1.89971e-05 1.83669e-06 1.47567e-07 8.53448e-09 3.33294e-10
 4.6472e-10 3.38498e-08 1.45381e-06 3.68169e-05 0.000549769 0.00484095 0.0251437 0.0771562 0.141047 0.160137 0.134046 0.117675 0.113738 0.0955844 0.0672133 0.0390913 0.0171139 0.00528763 0.00114467 0.000173595 1.8138e-05 1.29535e-06 6.53208e-08 2.47475e-09 7.21149e-11
 5.83755e-10 4.06449e-08 1.66867e-06 4.03944e-05 0.000576593 0.00485346 0.024103 0.0707922 0.12453 0.139503 0.124724 0.124477 0.128308 0.110995 0.0793224 0.0445839 0.0176284 0.0046234 0.000820551 0.000105682 1.04394e-05 7.76603e-07 4.0786e-08 1.4354e-09 3.31475e-11
 1.00457e-09 6.67799e-08 2.61758e-06 6.04983e-05 0.000824479 0.00662584 0.0314113 0.0880132 0.147209 0.154376 0.123425 0.108542 0.107631 0.0968988 0.072972 0.0414448 0.0158991 0.00394234 0.00064296 7.27422e-05 6.02245e-06 3.71858e-07 1.68604e-08 5.44938e-10 1.2123e-11
 1.34375e-09 8.51902e-08 3.18455e-06 7.01935e-05 0.000912313 0.00699265 0.0316272 0.0846831 0.136455 0.142985 0.126215 0.126372 0.124268 0.100613 0.0671105 0.0350078 0.0128839 0.00319095 0.000539928 6.45249e-05 5.50043e-06 3.28663e-07 1.34941e-08 3.773e-10 7.15546e-12
 1.88816e-09 1.14041e-07 4.06131e-06 8.52832e-05 0.00105599 0.00771119 0.0332318 0.0848338 0.13072 0.13272 0.117531 0.121211 0.125046 0.109977 0.0783318 0.0405065 0.0137029 0.00290419 0.000388807 3.45685e-05 2.21167e-06 1.08418e-07 4.03501e-09 1.07382e-10 1.933e-12
 2.95675e-09 1.69965e-07 5.76088e-06 0.000115136 0.00135685 0.00943032 0.0386843 0.0940452 0.138327 0.13534 0.117915 0.120013 0.120887 0.103603 0.0712894 0.0351724 0.0112636 0.00224798 0.00028067 2.26777e-05 1.24854e-06 4.89809e-08 1.38905e-09 2.82071e-11 4.04593e-13
 4.61668e-09 2.52348e-07 8.13311e-06 0.000154563 0.00173204 0.0114471 0.044659 0.103331 0.145148 0.137502 0.119127 0.120087 0.117042 0.0962115 0.0631152 0.0295427 0.00896979 0.00170333 0.000203854 1.59369e-05 8.52481e-07 3.21066e-08 8.4672e-10 1.52749e-11 1.85113e-13
 6.02815e-09 3.1305e-07 9.58586e-06 0.000173078 0.00184276 0.0115727 0.0429298 0.0947554 0.128961 0.12552 0.122369 0.133526 0.130044 0.10405 0.0654571 0.0289636 0.00821844 0.00144015 0.000156042 1.07553e-05 4.95282e-07 1.60328e-08 3.72789e-10 6.12432e-12 6.88906e-14
 7.75099e-09 3.82132e-07 1.11086e-05 0.000190413 0.00192471 0.0114771 0.0404534 0.0851282 0.112215 0.111645 0.118599 0.138036 0.141689 0.119376 0.0761371 0.0327248 0.00879929 0.00144065 0.00014381 8.94219e-06 3.60479e-07 9.90455e-09 1.92255e-10 2.64078e-12 2.5117e-14
 1.54507e-08 7.22657e-07 1.99298e-05 0.000324092 0.00310776 0.0175778 0.0587246 0.116697 0.142758 0.124325 0.109608 0.115346 0.117178 0.0992135 0.061987 0.0255115 0.00650729 0.00101011 9.60858e-05 5.74647e-06 2.2496e-07 6.00402e-09 1.11166e-10 1.40959e-12 1.19545e-14
 2.04155e-08 9.05336e-07 2.36727e-05 0.000364994 0.00331869 0.0178042 0.0565073 0.107509 0.130389 0.125276 0.131118 0.140156 0.124893 0.0897462 0.0492693 0.0185114 0.00440457 0.000645911 5.87493e-05 3.4114e-06 1.31815e-07 3.50449e-09 6.43869e-11 8.00562e-13 6.57646e-15
 3.24934e-08 1.3655e-06 3.38356e-05 0.000494374 0.00425967 0.0216543 0.0651043 0.117154 0.133482 0.118599 0.116531 0.126274 0.122314 0.0955678 0.0537804 0.0196592 0.00442996 0.000606819 5.09932e-05 2.70213e-06 9.4228e-08 2.25814e-09 3.79127e-11 4.40245e-13 3.44341e-15
 4.99902e-08 1.98996e-06 4.67083e-05 0.000646464 0.00527656 0.0254149 0.0724652 0.124218 0.137376 0.124295 0.125498 0.129819 0.114333 0.0808699 0.0418959 0.0143351 0.00306662 0.00040584 3.38171e-05 1.83722e-06 6.74527e-08 1.69794e-09 2.89089e-11 3.24981e-13 2.37309e-15
 6.3042e-08 2.37637e-06 5.28188e-05 0.000692266 0.00535123 0.024421 0.0661211 0.108762 0.120414 0.119704 0.134452 0.143508 0.126677 0.0882567 0.0440184 0.0142893 0.0028864 0.000361272 2.86539e-05 1.49761e-06 5.35855e-08 1.3309e-09 2.25999e-11 2.55736e-13 1.88989e-15
 1.03633e-07 3.6983e-06 7.78215e-05 0.000965615 0.00706639 0.0305267 0.0782009 0.121408 0.125684 0.115324 0.123081 0.132543 0.121523 0.0859486 0.0418658 0.0129764 0.00248552 0.000295632 2.24468e-05 1.13289e-06 3.93146e-08 9.44596e-10 1.54337e-11 1.67587e-13 1.1901e-15
 1.66035e-07 5.60874e-06 0.000111718 0.00131218 0.00909017 0.0371828 0.0902903 0.133534 0.134091 0.122851 0.128025 0.12775 0.106109 0.0683356 0.0306979 0.0088445 0.00157921 0.000175092 1.23751e-05 5.80775e-07 1.87711e-08 4.22191e-10 6.50025e-12 6.68714e-14 4.51151e-16
 2.28428e-07 7.30374e-06 0.0001377 0.0015309 0.0100396 0.0388964 0.0896849 0.127375 0.127895 0.124609 0.135152 0.133479 0.107708 0.0663836 0.0281354 0.00757512 0.00125404 0.000127598 8.15422e-06 3.40082e-07 9.65992e-09 1.91473e-10 2.63239e-12 2.45261e-14 1.51456e-16
 3.35125e-07 1.01422e-05 0.00018099 0.00190461 0.0118234 0.043374 0.094827 0.128465 0.12556 0.122613 0.133474 0.132262 0.106825 0.0645132 0.026249 0.00673661 0.00106823 0.000105647 6.70624e-06 2.83245e-07 8.15179e-09 1.59536e-10 2.08197e-12 1.77834e-14 9.84996e-17
 5.33245e-07 1.52759e-05 0.000258038 0.00257035 0.0151043 0.0524603 0.108658 0.139831 0.130854 0.123345 0.129055 0.122478 0.0944379 0.0541283 0.0208548 0.00509081 0.000777073 7.54735e-05 4.82369e-06 2.09189e-07 6.2058e-09 1.23985e-10 1.63107e-12 1.38992e-14 7.59988e-17
 6.83633e-07 1.85395e-05 0.000296466 0.00279582 0.0155587 0.0512445 0.101286 0.127707 0.126288 0.132759 0.143103 0.130645 0.0947739 0.0506976 0.0181297 0.00407776 0.000566696 4.92447e-05 2.76595e-06 1.04882e-07 2.77222e-09 5.11498e-11 6.43642e-13 5.3707e-15 2.90589e-17
 1.05224e-06 2.70168e-05 0.00040903 0.00365203 0.0192413 0.0599925 0.112186 0.133502 0.124072 0.124315 0.133462 0.125686 0.093312 0.0492213 0.0168451 0.0035726 0.000465026 3.76649e-05 1.95751e-06 6.78408e-08 1.61259e-09 2.63698e-11 2.91843e-13 2.14526e-15 1.03353e-17
 1.17867e-06 2.86561e-05 0.000410827 0.00347398 0.0173477 0.0514427 0.0929223 0.113367 0.122604 0.144256 0.157141 0.138446 0.0945666 0.046083 0.0146436 0.00288835 0.000349105 2.61379e-05 1.24672e-06 3.93389e-08 8.46907e-10 1.25276e-11 1.25394e-13 8.31517e-16 3.59474e-18
#spawning biomass
 27388.3 26953 24380.2 27336.3 40123.1 52732.5 73678.1 92809.3 126760 156247 188785 224345 253048 257302 241274 222560 236942 265091 264898 236460 217257 221068 228752 215483 224844 231828 248910 206951 231869 406413 347996 260347 182491 125965 89216 66923.7 54018.5 46789.6 42836 40711.6 39585.2 38994 38685.4 38523.9 38442 38400.5 38379.5 38368.8 38363.4 38360.7 38359.3 38358.6 38358.2 38358 38358 38357.9 38357.9 38357.9 38357.9 38357.9 38357.9 38357.9 38357.9 38357.9 38357.9 38357.9 38357.9 38357.9 38357.9 38357.9 38357.9 38357.9 38357.9 38357.9 38357.9 38357.9 38357.9 38357.9 38357.9 38357.9 38357.9 38357.9 38357.9 38357.9 38357.9 38357.9 38357.9 38357.9 38357.9 38357.9 38357.9 38357.9 38357.9 38357.9 38357.9 38357.9 38357.9 38357.9 38357.9 38357.9 38357.9 38357.9 38357.9 38357.9 38357.9 38357.9 38357.9 38357.9 38357.9 38357.9 38357.9 38357.9 38357.9 38357.9 38357.9 38357.9 38357.9 38357.9 38357.9 38357.9 38357.9 38357.9 38357.9 38357.9 38357.9 38357.9 38357.9 38357.9 0 0 0 0 0 0 0 0 0 0 0 0 0 0 0 0 0 0 0 0 0 0 0 0 0
