SBPRF35
0.317644
Curr Bio
116587
B35
290899
F35
0.411111
FOFL
0.259061
OFL
29585.2
Bzero
90755.3
#pred survey bio
 12114.4 10004.7 8050.23 8451.25 11722.9 17242 22908.3 30492.9 42521.7 53133.3 62930.6 79688.9 101265 118801 129121 113269 104237 117731 117877 110500 108078 113746 107759 112069 110234 110879 99393.3 101004 116112 6.58879e+06 5.72726e+06 4.64247e+06 3.39624e+06 2.41111e+06 1.74794e+06 1.33741e+06 1.09407e+06 952306 869610 820658 790998 772533 760721 752920 747609 744075 741690 740064 738945 738173 737637 737265 737005 736824 736698 736610 736549 736506 736476 736455 736440 736430 736422 736417 736414 736412 736410 736409 736408 736407 736407 736406 736406 736406 736406 736406 736406 736406 736406 736406 736406 736406 736406 736406 736406 736406 736406 736406 736406 736406 736406 736406 736406 736406 736406 736406 736406 736406 736406 736406 736406 736406 736406 736406 736406 736406 736406 736406 736406 736406 736406 736406 736406 736406 736406 736406 736406 736406 736406 736406 736406 736406 736406 736406 736406 736406 736406 736406 736406 0 0 0 0 0 0 0 0 0 0 0 0 0 0 0 0 0 0 0 0 0 0 0 0 0
#obs survey bio
 12042.3 7023.44 7803.29 7603.53 11072.1 20554 18994.1 24973.9 54720.9 50983.5 56614.1 85326.3 91818.4 102825 126168 86120.1 101537 105130 165662 83594.4 116523 171613 122817 107833 129034 141945 89581.9 99216.2 139759
#pred catch bio
 4750.44 3869.93 2758.8 2443.8 4090.06 8044.63 11005.5 14177.9 23510.8 32874.7 39801.9 51510.4 66721.9 76556.3 94434.8 88828.6 77624.8 91259.1 96724 93745.6 88084.2 97670.2 94495.7 102047 98134.5 103508 94608.4 102780 83337.5 29585.2 76432.4 59741.4 41757.7 28152.3 19421.2 14331.5 11543.7 10080.7 9335.93 8965.18 8783.65 8695.88 8653.84 8633.8 8624.27 8619.85 8617.8 8616.86 8616.42 8616.21 8616.12 8616.07 8616.05 8616.04 8616.04 8616.04 8616.04 8616.04 8616.04 8616.04 8616.04 8616.04 8616.04 8616.04 8616.04 8616.04 8616.04 8616.04 8616.04 8616.04 8616.04 8616.04 8616.04 8616.04 8616.04 8616.04 8616.04 8616.04 8616.04 8616.04 8616.04 8616.04 8616.04 8616.04 8616.04 8616.04 8616.04 8616.04 8616.04 8616.04 8616.04 8616.04 8616.04 8616.04 8616.04 8616.04 8616.04 8616.04 8616.04 8616.04 8616.04 8616.04 8616.04 8616.04 8616.04 8616.04 8616.04 8616.04 8616.04 8616.04 8616.04 8616.04 8616.04 8616.04 8616.04 8616.04 8616.04 8616.04 8616.04 8616.04 8616.04 8616.04 8616.04 8616.04 8616.04 8616.04 8616.04 8616.04 8616.04 0 0 0 0 0 0 0 0 0 0 0 0 0 0 0 0 0 0 0 0 0 0 0 0 0
#obs catch bio
 4549.06 4171.99 3077.22 2557.76 4377.84 8209.71 10763.7 14289.2 22662.3 31625.1 39776.5 49323.2 61199.9 70728 91361 94539.6 76003.5 92519.2 93816.5 94099.2 77198 81451.3 85359.8 92610.2 83609.1 84930.4 85828.2 94594.1 78646.6
#pred cpue bio
 11308.9 9593.43 7457.44 7525.23 10128.8 14623.4 19319.1 25685.6 35581.9 44105.1 51328.5 63902.1 81507.4 97218.7 108254 92938.4 81892.3 93260.5 94103.4 85732.9 82743 88819.6 81985.8 83353.9 82243.5 83639.8 73424.6 71992.7 77411.3 5.23424e+06 5.68549e+06 4.6007e+06 3.35448e+06 2.36934e+06 1.70618e+06 1.29565e+06 1.05231e+06 910544 827848 778896 749236 730771 718959 711158 705847 702313 699929 698302 697183 696411 695875 695503 695243 695062 694936 694848 694787 694744 694714 694693 694678 694668 694661 694656 694652 694650 694648 694647 694646 694645 694645 694645 694644 694644 694644 694644 694644 694644 694644 694644 694644 694644 694644 694644 694644 694644 694644 694644 694644 694644 694644 694644 694644 694644 694644 694644 694644 694644 694644 694644 694644 694644 694644 694644 694644 694644 694644 694644 694644 694644 694644 694644 694644 694644 694644 694644 694644 694644 694644 694644 694644 694644 694644 694644 694644 694644 694644 694644 694644 0 0 0 0 0 0 0 0 0 0 0 0 0 0 0 0 0 0 0 0 0 0 0 0 0
#obs cpue bio
 9273.48 4987.84 6569.49 5518.17 8763.67 20605.6 26793.7 24508 42803.9 51084.2 50725.4 80364.9 132413 137886 122607 90026.4 94559.1 91769.8 88264.5 106139 145488 128757 97789 126533 138649 147952 105335 107581 73786.8
#pred surv len freq
 8.18562e-12 8.8886e-10 5.69057e-08 2.14791e-06 4.77991e-05 0.000627172 0.00485305 0.0221725 0.0601676 0.0998448 0.114685 0.123861 0.144049 0.140374 0.105076 0.0698809 0.045125 0.0274168 0.0160939 0.00957269 0.00596924 0.00405185 0.00295692 0.0020465 0.00112646
 5.85502e-12 6.35786e-10 4.07036e-08 1.53636e-06 3.419e-05 0.000448616 0.00347178 0.0158707 0.0431891 0.0726534 0.0879827 0.105839 0.134631 0.141996 0.122288 0.0976112 0.0714156 0.0456702 0.0263767 0.0142272 0.00745837 0.00407936 0.00244931 0.00150925 0.000796293
 9.94729e-12 1.08016e-09 6.91526e-08 2.61017e-06 5.80856e-05 0.000762114 0.00589612 0.0269121 0.0726742 0.117751 0.122274 0.102462 0.0956493 0.094303 0.0877322 0.0802103 0.0685639 0.0520935 0.0346209 0.0197795 0.00989164 0.00459602 0.00217056 0.00108603 0.000511093
 1.23717e-11 1.34342e-09 8.6007e-08 3.24634e-06 7.22427e-05 0.00094786 0.00733309 0.0334694 0.0903601 0.14623 0.150967 0.123735 0.10932 0.0952597 0.0688308 0.0475152 0.0373158 0.0312755 0.0245039 0.0165228 0.00926193 0.00432821 0.00177727 0.000700758 0.000268997
 1.34999e-11 1.46592e-09 9.38498e-08 3.54236e-06 7.88302e-05 0.00103429 0.00800167 0.036519 0.0985668 0.159297 0.163457 0.131401 0.113128 0.0972076 0.0688232 0.0435555 0.027637 0.0179874 0.01271 0.00928513 0.00606416 0.00323 0.00137552 0.000486119 0.000151335
 1.39666e-11 1.5166e-09 9.70944e-08 3.66483e-06 8.15556e-05 0.00107005 0.00827831 0.0377815 0.101975 0.164805 0.169103 0.135879 0.116627 0.0990714 0.0679722 0.0406548 0.0241036 0.0139688 0.00796825 0.00474796 0.00296402 0.00172782 0.000824915 0.000304859 8.78782e-05
 1.38841e-11 1.50765e-09 9.65212e-08 3.64319e-06 8.10742e-05 0.00106373 0.00822955 0.0375613 0.101412 0.164149 0.169617 0.139299 0.122732 0.104367 0.0692622 0.0385238 0.0209768 0.0112265 0.00578139 0.00291225 0.00147536 0.000763305 0.000370788 0.000147604 4.42423e-05
 1.38545e-11 1.50443e-09 9.6315e-08 3.63541e-06 8.0901e-05 0.00106146 0.00821199 0.0374814 0.101199 0.163834 0.169423 0.139489 0.123365 0.105313 0.070349 0.0393851 0.0211378 0.0107041 0.00503621 0.00226533 0.000981493 0.000416303 0.000174108 6.67813e-05 2.06624e-05
 1.41716e-11 1.53887e-09 9.85197e-08 3.71863e-06 8.27528e-05 0.00108576 0.00839986 0.0383371 0.103485 0.16733 0.172086 0.139257 0.120469 0.102002 0.0684045 0.0387826 0.0211219 0.0107718 0.00499135 0.00212037 0.000825784 0.000298992 0.000102823 3.34874e-05 9.62983e-06
 1.43751e-11 1.56096e-09 9.99344e-08 3.77203e-06 8.39411e-05 0.00110135 0.0085205 0.038888 0.104976 0.169775 0.174757 0.141761 0.122692 0.102727 0.0663665 0.0349524 0.0177457 0.00882698 0.00410526 0.00174672 0.000661832 0.000221086 6.56911e-05 1.76613e-05 4.27644e-06
 1.49831e-11 1.62699e-09 1.04161e-07 3.93157e-06 8.74916e-05 0.00114793 0.00888078 0.0405301 0.109378 0.176649 0.180677 0.143569 0.120653 0.0990013 0.0623471 0.031122 0.0146011 0.00667635 0.00287497 0.00116872 0.000436462 0.000143423 4.02713e-05 9.58244e-06 1.94551e-06
 1.55673e-11 1.69043e-09 1.08223e-07 4.08486e-06 9.09028e-05 0.00119268 0.00922691 0.0421074 0.113602 0.183202 0.186121 0.144627 0.117622 0.0945692 0.0584402 0.0281039 0.0124607 0.00534015 0.00212099 0.000785834 0.000270509 8.43388e-05 2.29306e-05 5.20673e-06 9.59917e-07
 1.53459e-11 1.66638e-09 1.06683e-07 4.02675e-06 8.96096e-05 0.00117572 0.00909574 0.0415104 0.112013 0.180821 0.184547 0.14558 0.120878 0.0978103 0.059743 0.0277347 0.011643 0.00472167 0.00176489 0.000606291 0.000190664 5.39927e-05 1.35255e-05 2.89601e-06 5.06205e-07
 1.46641e-11 1.59235e-09 1.01943e-07 3.84786e-06 8.56286e-05 0.00112349 0.00869183 0.0396706 0.107097 0.173275 0.178675 0.145683 0.126524 0.104646 0.064376 0.0300083 0.0125695 0.00499058 0.00178188 0.000574719 0.000168002 4.36383e-05 9.90869e-06 1.92626e-06 3.10561e-07
 1.36625e-11 1.48359e-09 9.49808e-08 3.58505e-06 7.97803e-05 0.00104676 0.00809843 0.036967 0.0998633 0.162096 0.169607 0.144608 0.132923 0.113323 0.0714464 0.0348339 0.0154565 0.00636257 0.00229169 0.000727625 0.000203903 4.95933e-05 1.03643e-05 1.83103e-06 2.66944e-07
 1.45866e-11 1.58393e-09 1.01405e-07 3.82753e-06 8.51763e-05 0.00111756 0.00864593 0.0394612 0.106534 0.172385 0.177856 0.145271 0.126497 0.104893 0.0648799 0.0306845 0.0132245 0.00547526 0.00205284 0.000680828 0.000194541 4.6743e-05 9.35742e-06 1.54235e-06 2.05872e-07
 1.61415e-11 1.75277e-09 1.12214e-07 4.23553e-06 9.42556e-05 0.00123667 0.00956715 0.0436584 0.117764 0.189737 0.191918 0.146897 0.116513 0.0914402 0.0540449 0.0233677 0.00879941 0.00327171 0.0011607 0.000380137 0.000111148 2.7657e-05 5.64105e-06 9.18377e-07 1.17252e-07
 1.57923e-11 1.71485e-09 1.09787e-07 4.1439e-06 9.22165e-05 0.00120992 0.00936028 0.0427165 0.115252 0.185916 0.189124 0.147538 0.120317 0.0956048 0.0563071 0.0238301 0.00853246 0.00291725 0.000919552 0.000265534 7.13686e-05 1.72563e-05 3.557e-06 5.92923e-07 7.65748e-08
 1.54812e-11 1.68107e-09 1.07624e-07 4.06227e-06 9.04e-05 0.00118609 0.00917599 0.0418772 0.113011 0.182496 0.186553 0.147883 0.123349 0.0990256 0.0582955 0.0244506 0.00858649 0.00285485 0.000861014 0.000229913 5.51141e-05 1.1774e-05 2.21399e-06 3.54646e-07 4.57639e-08
 1.64832e-11 1.78988e-09 1.1459e-07 4.32518e-06 9.62507e-05 0.00126285 0.0097696 0.0445812 0.120238 0.193599 0.195243 0.147903 0.115328 0.0892351 0.0515847 0.0210341 0.00702983 0.00222644 0.000649582 0.000167946 3.83794e-05 7.58221e-06 1.27639e-06 1.81755e-07 2.14547e-08
 1.68726e-11 1.83217e-09 1.17297e-07 4.42737e-06 9.85248e-05 0.00129268 0.0100003 0.0456326 0.123052 0.197958 0.198825 0.148474 0.113071 0.0860071 0.0487541 0.0189293 0.00572029 0.0016147 0.000433431 0.000105277 2.28892e-05 4.32907e-06 6.90002e-07 9.06399e-08 9.62975e-09
 1.62092e-11 1.76013e-09 1.12685e-07 4.25329e-06 9.46509e-05 0.00124186 0.00960731 0.0438423 0.118269 0.190622 0.193147 0.14867 0.118708 0.0927335 0.0531735 0.0209556 0.00648708 0.00184318 0.000471773 0.000103837 2.02573e-05 3.51732e-06 5.25884e-07 6.5365e-08 6.52631e-09
 1.70732e-11 1.85395e-09 1.18692e-07 4.48001e-06 9.96962e-05 0.00130805 0.0101192 0.0461739 0.124498 0.200172 0.200523 0.148364 0.111296 0.0839451 0.0474834 0.0184268 0.00554912 0.00153785 0.000392536 8.68456e-05 1.6555e-05 2.67543e-06 3.61334e-07 4.07429e-08 3.76367e-09
 1.77436e-11 1.92675e-09 1.23352e-07 4.65593e-06 0.000103611 0.00135941 0.0105164 0.0479831 0.129333 0.2076 0.206331 0.148361 0.105902 0.0773673 0.0429793 0.0161442 0.00452666 0.001144 0.000273318 5.81394e-05 1.08563e-05 1.73891e-06 2.30009e-07 2.45313e-08 2.07675e-09
 1.76197e-11 1.91329e-09 1.2249e-07 4.6234e-06 0.000102887 0.00134991 0.0104429 0.0476488 0.128444 0.206262 0.205428 0.148831 0.107615 0.0790579 0.0436123 0.0159053 0.00412925 0.000923633 0.000196641 3.78401e-05 6.45897e-06 9.70646e-07 1.23788e-07 1.2922e-08 1.06669e-09
 1.72919e-11 1.87769e-09 1.20211e-07 4.53738e-06 0.000100973 0.0013248 0.0102487 0.0467643 0.12608 0.202636 0.202614 0.148905 0.110364 0.0823562 0.045803 0.016937 0.00453749 0.0010537 0.000223233 4.0006e-05 6.07187e-06 8.0733e-07 9.2715e-08 8.93248e-09 6.99417e-10
 1.79089e-11 1.9447e-09 1.24501e-07 4.6993e-06 0.000104576 0.00137207 0.0106143 0.0484294 0.130528 0.209456 0.207882 0.148686 0.10507 0.076077 0.0417345 0.0151267 0.00386753 0.000839644 0.000171304 3.08775e-05 4.74099e-06 6.12003e-07 6.45356e-08 5.52787e-09 3.85645e-10
 1.88834e-11 2.05051e-09 1.31275e-07 4.95499e-06 0.000110266 0.00144672 0.0111916 0.0510586 0.137551 0.220209 0.216121 0.148123 0.0963806 0.0659535 0.0354251 0.0125934 0.00307776 0.000615415 0.000115103 1.92921e-05 2.78911e-06 3.48759e-07 3.65073e-08 3.07365e-09 2.02602e-10
 2.04385e-11 2.21938e-09 1.42086e-07 5.36305e-06 0.000119347 0.00156585 0.0121129 0.0552547 0.148758 0.237364 0.229238 0.147135 0.0823761 0.0497048 0.0253907 0.00867414 0.00193009 0.000316765 4.68986e-05 6.67501e-06 8.61056e-07 9.79379e-08 9.51043e-09 7.60483e-10 4.87049e-11
#obs surv len freq
 2.39436e-11 2.31326e-09 1.31764e-07 4.42494e-06 8.76112e-05 0.00102274 0.00704009 0.0285971 0.0688202 0.100208 0.0976784 0.0875279 0.0951044 0.104833 0.10623 0.0989561 0.0803253 0.0565622 0.0354195 0.0193147 0.00858722 0.00288035 0.000681847 0.000108323 1.11358e-05
 4.82494e-12 4.49614e-10 2.47017e-08 8.00127e-07 1.52814e-05 0.000172138 0.0011457 0.00454821 0.0112996 0.0213211 0.0432064 0.0895327 0.140575 0.16016 0.151888 0.131782 0.101646 0.0687536 0.0410545 0.0209638 0.008612 0.00265543 0.000576429 8.37856e-05 7.86962e-06
 8.98421e-11 8.061e-09 4.26418e-07 1.32991e-05 0.000244538 0.002651 0.0169441 0.0638543 0.141923 0.186336 0.145971 0.0734238 0.0386834 0.0478214 0.0708284 0.0766618 0.0602696 0.0381994 0.0210908 0.00998672 0.00378607 0.00106923 0.000211701 2.80357e-05 2.3994e-06
 1.07424e-10 9.2653e-09 4.71148e-07 1.41252e-05 0.000249673 0.002602 0.0159912 0.0580126 0.124897 0.164061 0.149013 0.129574 0.123758 0.0958473 0.0531898 0.0285055 0.0212948 0.0164124 0.00992397 0.00456316 0.0015962 0.000410771 7.39152e-05 8.88861e-06 6.90819e-07
 1.34888e-10 1.11664e-08 5.44991e-07 1.56822e-05 0.000266051 0.00266123 0.0156981 0.0546689 0.113061 0.143164 0.127328 0.113002 0.117228 0.112394 0.0914224 0.0607711 0.0301749 0.0115283 0.00425048 0.00165677 0.000551215 0.000132978 2.19143e-05 2.39098e-06 1.6831e-07
 2.09112e-10 1.65908e-08 7.76053e-07 2.14021e-05 0.000347987 0.00333603 0.0188601 0.0629477 0.124759 0.151338 0.128705 0.10894 0.108444 0.101532 0.0831409 0.0580437 0.0315518 0.012776 0.0039583 0.00101282 0.000231448 4.54576e-05 6.7036e-06 6.68843e-07 4.29535e-08
 2.85251e-10 2.16605e-08 9.69721e-07 2.55956e-05 0.000398316 0.00365476 0.0197781 0.0632249 0.120386 0.142417 0.124786 0.116082 0.11962 0.107799 0.082881 0.0544763 0.0284405 0.011417 0.0035654 0.00086209 0.000159128 2.25521e-05 2.45983e-06 1.98354e-07 1.1038e-08
 4.14221e-10 3.00654e-08 1.28659e-06 3.24604e-05 0.000482851 0.0042349 0.0219074 0.0669615 0.122069 0.139122 0.120011 0.112819 0.1176 0.108897 0.0866133 0.0566851 0.0281536 0.0105065 0.00306148 0.000701899 0.000121949 1.53789e-05 1.37113e-06 8.53588e-08 3.67013e-09
 6.38047e-10 4.42138e-08 1.80635e-06 4.35096e-05 0.000617895 0.00517392 0.0255544 0.0745954 0.130042 0.142613 0.120732 0.113104 0.115591 0.104139 0.0805353 0.0510215 0.0244512 0.00875906 0.00241579 0.000515813 8.28686e-05 9.63859e-06 7.82699e-07 4.30512e-08 1.56924e-09
 9.15332e-10 6.0487e-08 2.35659e-06 5.4131e-05 0.000733089 0.00585405 0.0275781 0.076847 0.128417 0.137605 0.120362 0.11983 0.122854 0.107103 0.0786338 0.0461314 0.0198933 0.00625768 0.00150982 0.000287453 4.19819e-05 4.46939e-06 3.31949e-07 1.66412e-08 5.49044e-10
 1.41387e-09 8.90043e-08 3.30332e-06 7.22822e-05 0.000932525 0.00709387 0.0318373 0.0845378 0.134779 0.138526 0.117987 0.115822 0.117869 0.103802 0.0769171 0.0444266 0.0184543 0.00548741 0.0012166 0.000206152 2.63634e-05 2.46682e-06 1.6311e-07 7.36193e-09 2.20001e-10
 2.18642e-09 1.30985e-07 4.62648e-06 9.63429e-05 0.00118288 0.00856376 0.0365825 0.0925183 0.140941 0.140359 0.119828 0.118375 0.116892 0.0981273 0.0689166 0.0376465 0.0147883 0.00415705 0.000867428 0.000136645 1.59311e-05 1.33151e-06 7.75833e-08 3.07585e-09 8.11221e-11
 2.90813e-09 1.6565e-07 5.56296e-06 0.000110145 0.00128582 0.00885189 0.0359715 0.086729 0.12731 0.127704 0.120186 0.129689 0.12903 0.106086 0.0719246 0.0372088 0.0136121 0.00351762 0.000670213 9.65261e-05 1.03216e-05 7.89624e-07 4.17818e-08 1.48873e-09 3.49652e-11
 3.57993e-09 1.93717e-07 6.18018e-06 0.000116246 0.00128921 0.00843265 0.0325802 0.0749308 0.106608 0.110052 0.116514 0.13731 0.142672 0.122682 0.0848543 0.0428528 0.0148354 0.00355689 0.000619004 8.05616e-05 7.75426e-06 5.3457e-07 2.5566e-08 8.25126e-10 1.75499e-11
 5.07703e-09 2.60785e-07 7.89759e-06 0.000141011 0.00148452 0.00921811 0.0338219 0.073998 0.100963 0.102797 0.111291 0.134109 0.144304 0.129932 0.0917036 0.0459931 0.015743 0.00375552 0.000647066 8.12724e-05 7.30597e-06 4.59029e-07 1.97598e-08 5.719e-10 1.09178e-11
 9.85789e-09 4.80323e-07 1.37982e-05 0.000233698 0.00233376 0.0137452 0.0478164 0.0989912 0.126567 0.116744 0.110655 0.121743 0.125332 0.109386 0.0746067 0.0362214 0.0121523 0.00288943 0.00050057 6.28741e-05 5.56656e-06 3.37664e-07 1.37332e-08 3.68114e-10 6.41005e-12
 1.3639e-08 6.30005e-07 1.71572e-05 0.000275484 0.00260817 0.0145671 0.0481137 0.095144 0.119443 0.117848 0.126899 0.141078 0.131574 0.101019 0.0620362 0.0279958 0.00893255 0.00205364 0.000347955 4.29846e-05 3.7457e-06 2.22835e-07 8.82039e-09 2.27647e-10 3.77038e-12
 1.69092e-08 7.4007e-07 1.90969e-05 0.000290541 0.00260654 0.0137987 0.0432572 0.0817306 0.100912 0.105735 0.125626 0.147869 0.145998 0.117806 0.0722195 0.0308855 0.00903992 0.0018795 0.000289639 3.31837e-05 2.73387e-06 1.55595e-07 5.92178e-09 1.47044e-10 2.3382e-12
 3.10689e-08 1.28789e-06 3.14757e-05 0.000453545 0.0038536 0.0193181 0.0573035 0.102057 0.116821 0.109083 0.116077 0.131802 0.132027 0.108105 0.0656998 0.0275537 0.00792859 0.00161706 0.000239501 2.56085e-05 1.9324e-06 1.00515e-07 3.5244e-09 8.14609e-11 1.21561e-12
 4.90404e-08 1.92473e-06 4.45375e-05 0.000607629 0.00488846 0.0232092 0.0652797 0.110856 0.123793 0.118615 0.128301 0.135778 0.120642 0.0886269 0.050646 0.0209708 0.00619496 0.00132 0.00020186 2.16351e-05 1.58549e-06 7.79777e-08 2.53495e-09 5.3707e-11 7.31926e-13
 6.18027e-08 2.29605e-06 5.02919e-05 0.000649502 0.0049469 0.0222476 0.0594359 0.0971109 0.109702 0.116796 0.138826 0.149652 0.131982 0.0938838 0.050007 0.0186902 0.00491741 0.00094908 0.000136964 1.43763e-05 1.04737e-06 5.09563e-08 1.61363e-09 3.27102e-11 4.19652e-13
 9.42902e-08 3.31538e-06 6.87295e-05 0.000840079 0.00605587 0.0257792 0.0652159 0.101078 0.109034 0.112542 0.132189 0.145011 0.132898 0.0961291 0.0500697 0.0178199 0.00438113 0.000774098 0.000100591 9.50603e-06 6.33908e-07 2.88733e-08 8.71809e-10 1.70109e-11 2.1029e-13
 1.58121e-07 5.26159e-06 0.000103226 0.00119408 0.00814636 0.0328232 0.0786328 0.115648 0.119141 0.118171 0.13199 0.136112 0.117308 0.0808001 0.0409543 0.0145666 0.003654 0.000656596 8.41002e-05 7.52257e-06 4.60498e-07 1.89777e-08 5.1812e-10 9.21377e-12 1.04979e-13
 1.8815e-07 5.92509e-06 0.000110011 0.0012044 0.00777899 0.029715 0.0679462 0.0982702 0.109375 0.128055 0.153393 0.152885 0.122713 0.0777439 0.0359933 0.0116373 0.00266644 0.000447048 5.49301e-05 4.78866e-06 2.84808e-07 1.12174e-08 2.86782e-10 4.69448e-12 4.87083e-14
 2.91693e-07 8.6936e-06 0.000152765 0.00158285 0.00967521 0.0349717 0.0756094 0.103039 0.107186 0.118471 0.141263 0.148561 0.127268 0.0820306 0.0365635 0.010965 0.00227179 0.000339387 3.72128e-05 2.9398e-06 1.61631e-07 5.98179e-09 1.44972e-10 2.25158e-12 2.20514e-14
 3.42834e-07 9.67124e-06 0.000160857 0.00157774 0.00913404 0.0313469 0.0650872 0.0892476 0.104508 0.133644 0.161296 0.157971 0.124651 0.0758598 0.033036 0.00999268 0.00212181 0.000319689 3.38811e-05 2.47927e-06 1.232e-07 4.09743e-09 8.97693e-11 1.27342e-12 1.15056e-14
 6.02274e-07 1.60829e-05 0.000253214 0.00235088 0.0128795 0.0417784 0.0815318 0.102732 0.105496 0.120492 0.14391 0.149317 0.1236 0.0745023 0.030633 0.00855812 0.00168292 0.000239957 2.46341e-05 1.76038e-06 8.45675e-08 2.66323e-09 5.4072e-11 6.99667e-13 5.71947e-15
 8.49418e-07 2.14744e-05 0.0003201 0.00281392 0.0146039 0.044976 0.084172 0.105661 0.11648 0.139988 0.156111 0.141724 0.103691 0.0580682 0.0232923 0.00656082 0.00130989 0.000185637 1.8381e-05 1.24463e-06 5.65118e-08 1.68865e-09 3.26027e-11 4.00033e-13 3.07823e-15
 1.10615e-06 2.64789e-05 0.000373731 0.00311113 0.0152961 0.0447094 0.0800571 0.0990006 0.113175 0.141388 0.160792 0.148878 0.108344 0.0575016 0.0209908 0.00527323 0.00094549 0.000123968 1.1702e-05 7.64805e-07 3.33746e-08 9.48131e-10 1.72416e-11 1.98286e-13 1.42842e-15
#pred catch len freq
 5.91165e-12 6.41934e-10 4.10973e-08 1.55122e-06 3.45208e-05 0.000452966 0.00350577 0.0160339 0.0437403 0.0744352 0.0939584 0.121017 0.157801 0.158953 0.119788 0.079751 0.0515043 0.031293 0.0183693 0.0109261 0.00681317 0.0046247 0.00337497 0.00233583 0.00128572
 4.03805e-12 4.38484e-10 2.80722e-08 1.05959e-06 2.35802e-05 0.000309419 0.00239521 0.0109647 0.0300491 0.052237 0.0708826 0.102076 0.143299 0.155123 0.134255 0.107236 0.0784619 0.0501765 0.0289793 0.015631 0.00819428 0.00448187 0.00269098 0.00165817 0.000874863
 7.26688e-12 7.89097e-10 5.05187e-08 1.90683e-06 4.2434e-05 0.000556768 0.0043079 0.0196733 0.0532696 0.087467 0.0962573 0.0946925 0.104796 0.110275 0.103961 0.0952086 0.0813948 0.0618426 0.0411001 0.0234812 0.0117428 0.00545615 0.00257677 0.00128927 0.000606742
 9.32871e-12 1.01299e-09 6.48524e-08 2.44786e-06 5.44738e-05 0.000714738 0.00553013 0.0252539 0.0683649 0.112127 0.122752 0.118559 0.125317 0.117331 0.0861757 0.0596501 0.0468587 0.0392744 0.0307708 0.0207486 0.0116307 0.00543517 0.00223181 0.00087998 0.000337794
 1.06566e-11 1.15718e-09 7.40837e-08 2.79629e-06 6.22277e-05 0.000816471 0.00631709 0.0288437 0.0780292 0.127545 0.137629 0.12808 0.130646 0.120505 0.0867252 0.0550362 0.0349324 0.022736 0.0160654 0.0117364 0.00766509 0.00408271 0.00173865 0.000614454 0.000191288
 1.16176e-11 1.26154e-09 8.07647e-08 3.04847e-06 6.78395e-05 0.000890098 0.00688663 0.0314412 0.0850158 0.13864 0.148086 0.134033 0.132552 0.119615 0.0832378 0.0499079 0.0295982 0.0171534 0.00978486 0.0058304 0.00363976 0.00212173 0.00101298 0.00037436 0.000107913
 1.16015e-11 1.25978e-09 8.06523e-08 3.04422e-06 6.77451e-05 0.000888863 0.00687717 0.0314005 0.0849387 0.138781 0.149468 0.13827 0.139427 0.125337 0.0842628 0.0469761 0.0255867 0.0136939 0.00705208 0.00355233 0.00179962 0.00093107 0.000452283 0.000180046 5.39663e-05
 1.15051e-11 1.24932e-09 7.99825e-08 3.01894e-06 6.71825e-05 0.000881482 0.0068201 0.0311406 0.0842455 0.137727 0.148701 0.138477 0.140641 0.127047 0.0859889 0.0482538 0.0259052 0.0131185 0.00617221 0.00277631 0.00120288 0.000510207 0.00021338 8.18448e-05 2.53231e-05
 1.22443e-11 1.32958e-09 8.51211e-08 3.2129e-06 7.14987e-05 0.000938108 0.00725801 0.0331353 0.0895755 0.145907 0.155061 0.138356 0.134534 0.119759 0.0812667 0.0461716 0.0251527 0.0128277 0.00594398 0.00252506 0.00098339 0.000356057 0.000122447 3.98787e-05 1.14677e-05
 1.28036e-11 1.39031e-09 8.90091e-08 3.35965e-06 7.47644e-05 0.000980954 0.00758943 0.0346467 0.093638 0.152337 0.161013 0.141409 0.13475 0.11762 0.0767465 0.040493 0.0205638 0.0102289 0.00475728 0.00202415 0.000766949 0.000256201 7.61246e-05 2.04664e-05 4.95565e-06
 1.35342e-11 1.46965e-09 9.40882e-08 3.55136e-06 7.90306e-05 0.00103693 0.00802234 0.0366197 0.098927 0.16059 0.168099 0.143505 0.13218 0.11305 0.071917 0.0359674 0.0168788 0.00771803 0.00332354 0.00135107 0.000504562 0.000165801 4.65547e-05 1.10776e-05 2.24906e-06
 1.42456e-11 1.5469e-09 9.90339e-08 3.73803e-06 8.31847e-05 0.00109143 0.00844385 0.0385404 0.104069 0.168565 0.174704 0.144726 0.128382 0.107572 0.0671625 0.0323621 0.0143528 0.00615121 0.00244313 0.000905188 0.000311595 9.71484e-05 2.64134e-05 5.99754e-06 1.10571e-06
 1.40762e-11 1.5285e-09 9.78562e-08 3.69358e-06 8.21956e-05 0.00107845 0.00834352 0.038084 0.102858 0.166771 0.173628 0.145808 0.131422 0.110452 0.0680992 0.0316711 0.0132991 0.00539346 0.00201599 0.000692553 0.000217792 6.16747e-05 1.54499e-05 3.30805e-06 5.78227e-07
 1.3263e-11 1.4402e-09 9.22031e-08 3.48021e-06 7.74472e-05 0.00101615 0.00786176 0.0358896 0.096994 0.15777 0.166625 0.145931 0.138157 0.118602 0.0736184 0.0343755 0.0144025 0.0057185 0.00204178 0.000658548 0.000192507 5.00034e-05 1.1354e-05 2.20723e-06 3.55859e-07
 1.27225e-11 1.38151e-09 8.84457e-08 3.33839e-06 7.42913e-05 0.000974749 0.00754152 0.0344302 0.0930839 0.151685 0.161482 0.144664 0.140558 0.122571 0.0776883 0.0379149 0.016826 0.00692642 0.00249478 0.000792108 0.000221973 5.39883e-05 1.12828e-05 1.99329e-06 2.90601e-07
 1.40331e-11 1.52383e-09 9.75569e-08 3.68229e-06 8.19442e-05 0.00107515 0.008318 0.0379675 0.102543 0.166258 0.173086 0.145345 0.131054 0.110376 0.0685308 0.0324347 0.0139803 0.00578824 0.00217019 0.000719747 0.000205661 4.9415e-05 9.89233e-06 1.63052e-06 2.1764e-07
 1.5423e-11 1.67476e-09 1.07219e-07 4.047e-06 9.00602e-05 0.00118163 0.0091415 0.0417197 0.112585 0.181796 0.185786 0.147155 0.122677 0.0987306 0.0587325 0.0254272 0.00957696 0.00356089 0.0012633 0.000413738 0.000120973 3.01016e-05 6.13967e-06 9.99552e-07 1.27616e-07
 1.52361e-11 1.65446e-09 1.0592e-07 3.99795e-06 8.89687e-05 0.00116731 0.00903077 0.0412156 0.111242 0.179772 0.184389 0.147772 0.125142 0.10129 0.0599349 0.0253891 0.00909209 0.00310864 0.000979883 0.000282956 7.60511e-05 1.83885e-05 3.79037e-06 6.31825e-07 8.15988e-08
 1.52007e-11 1.65061e-09 1.05674e-07 3.98865e-06 8.87618e-05 0.0011646 0.00900979 0.0411202 0.110989 0.179397 0.184168 0.148008 0.125793 0.101901 0.0601241 0.0252289 0.0088605 0.00294598 0.000888499 0.000237252 5.68734e-05 1.21499e-05 2.28466e-06 3.65967e-07 4.72248e-08
 1.63964e-11 1.78045e-09 1.13986e-07 4.3024e-06 9.57438e-05 0.0012562 0.00971817 0.0443469 0.119612 0.19264 0.194506 0.147946 0.116093 0.09013 0.0521485 0.0212679 0.00710818 0.00225127 0.000656824 0.000169818 3.88073e-05 7.66675e-06 1.29062e-06 1.83782e-07 2.16939e-08
 1.65989e-11 1.80244e-09 1.15394e-07 4.35554e-06 9.69263e-05 0.00127171 0.00983817 0.0448939 0.121079 0.194937 0.196513 0.14864 0.115525 0.0888584 0.0505209 0.0196273 0.00593188 0.00167446 0.000449471 0.000109173 2.37363e-05 4.48927e-06 7.15537e-07 9.39943e-08 9.98612e-09
 1.61842e-11 1.75741e-09 1.12511e-07 4.24672e-06 9.45048e-05 0.00123994 0.00959248 0.0437748 0.118089 0.190346 0.192935 0.148685 0.118931 0.0929936 0.0533354 0.0210205 0.00650721 0.00184891 0.000473238 0.00010416 2.03202e-05 3.52824e-06 5.27517e-07 6.5568e-08 6.54658e-09
 1.71541e-11 1.86273e-09 1.19254e-07 4.50123e-06 0.000100168 0.00131424 0.0101671 0.046392 0.125081 0.201064 0.201206 0.148315 0.110571 0.0831026 0.0469613 0.0182206 0.00548681 0.00152057 0.000388126 8.587e-05 1.63691e-05 2.64538e-06 3.57274e-07 4.02852e-08 3.72139e-09
 1.79913e-11 1.95364e-09 1.25074e-07 4.72092e-06 0.000105057 0.00137838 0.0106631 0.0486514 0.131118 0.210331 0.208417 0.148194 0.103658 0.074771 0.0413865 0.015534 0.00435496 0.00110058 0.000262944 5.59328e-05 1.04443e-05 1.67291e-06 2.21279e-07 2.36003e-08 1.99793e-09
 1.77645e-11 1.92902e-09 1.23497e-07 4.66141e-06 0.000103733 0.00136101 0.0105288 0.0480397 0.129487 0.207859 0.206645 0.148726 0.10629 0.077531 0.0426844 0.0155604 0.00403937 0.000903516 0.000192358 3.70159e-05 6.31829e-06 9.49505e-07 1.21092e-07 1.26405e-08 1.04346e-09
 1.76831e-11 1.92017e-09 1.22931e-07 4.64003e-06 0.000103257 0.00135477 0.0104805 0.0478198 0.128899 0.206949 0.205903 0.148629 0.1068 0.0782416 0.043292 0.0159913 0.00428327 0.000994633 0.000210719 3.77633e-05 5.73149e-06 7.62072e-07 8.75175e-08 8.43174e-09 6.60208e-10
 1.83571e-11 1.99337e-09 1.27617e-07 4.81691e-06 0.000107193 0.00140641 0.0108798 0.0496387 0.133758 0.214396 0.211645 0.148354 0.100962 0.0713479 0.0388652 0.0140656 0.00359521 0.000780487 0.000159234 2.87019e-05 4.40694e-06 5.68882e-07 5.99884e-08 5.13838e-09 3.58472e-10
 1.95309e-11 2.12082e-09 1.35777e-07 5.1249e-06 0.000114047 0.00149633 0.0115752 0.0528058 0.142217 0.227345 0.221551 0.147625 0.0904172 0.059102 0.0312882 0.0110876 0.0027081 0.000541442 0.000101266 1.6973e-05 2.45383e-06 3.06834e-07 3.21187e-08 2.70416e-09 1.78247e-10
 1.99899e-11 2.17066e-09 1.38968e-07 5.24534e-06 0.000116727 0.00153149 0.0118471 0.0540443 0.145526 0.232422 0.225485 0.147505 0.0865445 0.0544755 0.0282451 0.00968185 0.00215576 0.000353846 5.23896e-05 7.45655e-06 9.61873e-07 1.09405e-07 1.0624e-08 8.49524e-10 5.44075e-11
#obs catch len freq
 1.44621e-11 1.39722e-09 7.95862e-08 2.6727e-06 5.29182e-05 0.000617769 0.00425337 0.0172974 0.0418869 0.062975 0.0701464 0.0833915 0.109832 0.125861 0.125506 0.11432 0.0922197 0.0665457 0.0436924 0.0248939 0.0114323 0.0039435 0.000958065 0.00015551 1.62359e-05
 1.67527e-11 1.56111e-09 8.5767e-08 2.77809e-06 5.3054e-05 0.000597401 0.00396786 0.015577 0.0365468 0.0541895 0.0631381 0.0823585 0.112854 0.130813 0.132862 0.122592 0.0981825 0.0682782 0.0421115 0.0224108 0.00960223 0.00306637 0.000684267 0.00010172 9.73381e-06
 1.39022e-12 1.24736e-10 6.59854e-09 2.05815e-07 3.78645e-06 4.11662e-05 0.000267185 0.00108974 0.00341724 0.0115498 0.0387697 0.0938105 0.148743 0.167246 0.157278 0.135146 0.102889 0.068661 0.0402811 0.0200243 0.00791564 0.00232145 0.000474697 6.45325e-05 5.64038e-06
 1.87011e-11 1.61297e-09 8.20208e-08 2.45901e-06 4.3465e-05 0.000452976 0.00278388 0.0100997 0.0217508 0.0286735 0.0271529 0.0312251 0.0599958 0.120547 0.182457 0.191959 0.14731 0.0918027 0.0497688 0.0229156 0.00834667 0.00223959 0.000417464 5.16917e-05 4.11607e-06
 5.13981e-11 4.25486e-09 2.07665e-07 5.97564e-06 0.000101383 0.00101437 0.00599211 0.0210264 0.0452304 0.0684998 0.101824 0.16277 0.201702 0.16191 0.0892087 0.0489116 0.0371015 0.0279509 0.0163556 0.00725621 0.0024324 0.000594205 0.000100619 1.13111e-05 8.17849e-07
 1.58446e-10 1.2571e-08 5.88022e-07 1.62166e-05 0.000263675 0.00252786 0.0142942 0.0477632 0.0952395 0.119083 0.113879 0.11929 0.134745 0.129855 0.10409 0.0674011 0.0324489 0.0121901 0.0044959 0.0017207 0.00054825 0.000125168 1.93841e-05 1.97633e-06 1.29427e-07
 2.72373e-10 2.06826e-08 9.25943e-07 2.44401e-05 0.000380334 0.00348977 0.0188854 0.0603741 0.114986 0.136205 0.119993 0.113117 0.119128 0.111532 0.0901812 0.0615288 0.0324208 0.0127109 0.00382634 0.000956298 0.000212685 3.99772e-05 5.55529e-06 5.17871e-07 3.09305e-08
 3.44991e-10 2.50405e-08 1.07156e-06 2.70353e-05 0.000402155 0.0035273 0.0182513 0.0558563 0.102493 0.120532 0.115551 0.125184 0.136466 0.122513 0.092893 0.0596981 0.030262 0.0117817 0.00356174 0.00083008 0.000147146 1.99534e-05 2.06702e-06 1.56727e-07 8.13382e-09
 5.52727e-10 3.83015e-08 1.5648e-06 3.76915e-05 0.000535273 0.00448223 0.0221415 0.0646861 0.113251 0.126772 0.115007 0.118637 0.127133 0.116643 0.0911492 0.0580023 0.0278612 0.0100706 0.00284272 0.00062799 0.000104351 1.25069e-05 1.05444e-06 6.17732e-08 2.48611e-09
 9.16795e-10 6.05837e-08 2.36036e-06 5.42175e-05 0.00073426 0.00586336 0.027621 0.0769531 0.128477 0.137085 0.118341 0.116175 0.119359 0.106006 0.0804111 0.0494675 0.0228987 0.00792987 0.00211356 0.000434087 6.66398e-05 7.35829e-06 5.6395e-07 2.91334e-08 9.93338e-10
 1.34382e-09 8.45946e-08 3.13966e-06 6.87011e-05 0.000886328 0.00674261 0.0302645 0.0804141 0.128632 0.134229 0.119477 0.12253 0.124735 0.106766 0.0766533 0.0435099 0.0180589 0.00548049 0.00127873 0.00023455 3.27487e-05 3.30839e-06 2.31771e-07 1.09066e-08 3.36451e-10
 2.12754e-09 1.27458e-07 4.50189e-06 9.37484e-05 0.00115102 0.00833315 0.0355977 0.0900318 0.137186 0.136784 0.11731 0.117097 0.117839 0.10183 0.0735747 0.0409756 0.0163378 0.00467183 0.000997718 0.000162428 1.98475e-05 1.76361e-06 1.10081e-07 4.66548e-09 1.30363e-10
 3.3525e-09 1.90961e-07 6.413e-06 0.000126975 0.00148227 0.0102036 0.0414499 0.0997544 0.145089 0.139895 0.119341 0.118257 0.114682 0.0942618 0.0644768 0.0339298 0.0127825 0.0034519 0.0006927 0.000104597 1.16237e-05 9.2099e-07 5.06258e-08 1.8851e-09 4.65118e-11
 4.54498e-09 2.45938e-07 7.84617e-06 0.000147582 0.0016367 0.0107043 0.0413325 0.0947708 0.132832 0.129198 0.120914 0.128919 0.125085 0.100459 0.066153 0.0328777 0.0115087 0.00285225 0.000522231 7.20811e-05 7.34326e-06 5.3205e-07 2.65302e-08 8.87103e-10 1.94841e-11
 5.68983e-09 2.92262e-07 8.85084e-06 0.000158031 0.00166369 0.0103304 0.0378976 0.0828539 0.112637 0.113047 0.11857 0.136944 0.138642 0.116271 0.0776922 0.0375154 0.0123886 0.00284171 0.00047434 5.9097e-05 5.41687e-06 3.53636e-07 1.59371e-08 4.82614e-10 9.59691e-12
 8.19533e-09 3.99315e-07 1.14711e-05 0.000194286 0.00194024 0.0114292 0.03979 0.0826953 0.107715 0.106372 0.113405 0.133566 0.140201 0.122839 0.0833901 0.0399022 0.0130243 0.00297057 0.00048959 5.86345e-05 5.00305e-06 2.97116e-07 1.20427e-08 3.26976e-10 5.83614e-12
 1.59046e-08 7.34654e-07 2.00071e-05 0.00032124 0.00304122 0.0169814 0.0560146 0.110044 0.133995 0.119159 0.110645 0.11899 0.119552 0.101433 0.0664778 0.0307978 0.00986297 0.00224348 0.000371463 4.43946e-05 3.72101e-06 2.12783e-07 8.1296e-09 2.04077e-10 3.31918e-12
 2.21679e-08 9.70227e-07 2.50359e-05 0.000380893 0.00341693 0.0180838 0.0566125 0.106232 0.127168 0.121208 0.127015 0.136583 0.123645 0.092335 0.0546482 0.0235828 0.00719156 0.00158291 0.000256349 3.01158e-05 2.4819e-06 1.38994e-07 5.15987e-09 1.24514e-10 1.9234e-12
 2.80501e-08 1.16276e-06 2.84174e-05 0.000409482 0.00347939 0.0174466 0.0518188 0.0928725 0.10928 0.110249 0.126601 0.143987 0.138105 0.107852 0.0632739 0.0257488 0.00718267 0.00142873 0.000210704 2.29938e-05 1.79304e-06 9.6064e-08 3.42696e-09 7.94969e-11 1.17788e-12
 5.0997e-08 2.00152e-06 4.63144e-05 0.000631865 0.0050832 0.024128 0.0677829 0.114441 0.12467 0.111925 0.115395 0.127139 0.123853 0.097868 0.0567809 0.0226462 0.00620836 0.0012089 0.00017072 1.73348e-05 1.23666e-06 6.05613e-08 1.99139e-09 4.30114e-11 5.98012e-13
 8.10332e-08 3.01048e-06 6.59403e-05 0.000851573 0.00648513 0.0291466 0.0776175 0.124881 0.132444 0.121106 0.125383 0.127697 0.110118 0.078346 0.0429502 0.0169828 0.00479037 0.000973535 0.000141445 1.43373e-05 9.89839e-07 4.57143e-08 1.39137e-09 2.75243e-11 3.49401e-13
 1.04153e-07 3.66216e-06 7.59185e-05 0.000927947 0.00668918 0.028473 0.0720034 0.111392 0.1192 0.120259 0.135952 0.140819 0.120291 0.0824834 0.041952 0.01493 0.00375137 0.000692956 9.53901e-05 9.48569e-06 6.50591e-07 2.96631e-08 8.77484e-10 1.65765e-11 1.97807e-13
 1.5879e-07 5.28386e-06 0.000103663 0.00119912 0.0081806 0.0329573 0.0789091 0.115751 0.118115 0.11529 0.12892 0.136293 0.12087 0.0838801 0.0415576 0.0140478 0.00328993 0.000554908 6.87046e-05 6.15643e-06 3.87197e-07 1.65521e-08 4.67118e-10 8.49111e-12 9.75517e-14
 2.67504e-07 8.42401e-06 0.000156406 0.0017122 0.0110547 0.0421508 0.0955375 0.132773 0.128598 0.119075 0.125373 0.124149 0.103477 0.0684606 0.0330795 0.0111993 0.00267646 0.000457649 5.55761e-05 4.69413e-06 2.70386e-07 1.04507e-08 2.66748e-10 4.42175e-12 4.68432e-14
 3.26472e-07 9.73015e-06 0.000170979 0.00177157 0.0108288 0.0391422 0.0846305 0.115326 0.119593 0.129501 0.145896 0.139402 0.107996 0.065615 0.0289237 0.00889773 0.00194485 0.00031108 3.63039e-05 2.98767e-06 1.66888e-07 6.15025e-09 1.46711e-10 2.23584e-12 2.15566e-14
 5.06068e-07 1.42759e-05 0.000237437 0.00232854 0.0134713 0.0460783 0.0941879 0.120843 0.116798 0.118972 0.133625 0.135026 0.111209 0.0682882 0.0288428 0.00820306 0.00161751 0.000230345 2.40096e-05 1.79354e-06 9.27437e-08 3.21363e-09 7.26586e-11 1.04986e-12 9.54591e-15
 6.10361e-07 1.62988e-05 0.000256617 0.00238258 0.0130557 0.0423912 0.0830977 0.106607 0.114449 0.134123 0.15248 0.143388 0.108914 0.0633275 0.026214 0.00753495 0.00152112 0.000217496 2.17976e-05 1.50301e-06 7.01554e-08 2.18483e-09 4.46838e-11 5.9005e-13 4.95106e-15
 1.05648e-06 2.67089e-05 0.000398114 0.00349921 0.0181479 0.0557062 0.102681 0.12121 0.114185 0.119105 0.134049 0.133495 0.105763 0.0605457 0.0235852 0.00625706 0.00117157 0.000158885 1.54395e-05 1.0386e-06 4.67612e-08 1.37573e-09 2.60297e-11 3.13249e-13 2.37739e-15
 1.50243e-06 3.59649e-05 0.000507603 0.00422493 0.020758 0.0604776 0.106708 0.124585 0.124307 0.135647 0.142153 0.123733 0.0869312 0.0464444 0.0177111 0.00474287 0.000899802 0.000120832 1.12926e-05 7.19032e-07 3.05936e-08 8.5392e-10 1.53563e-11 1.75096e-13 1.24981e-15
#spawning biomass
 12121.9 10008 8056.82 8461.64 11740.9 17271.6 22948.5 30546.7 42600 53235 63062.5 79870 101490 119043 129351 113497 104495 118011 118148 110787 108373 114033 108061 112409 110564 111199 99700.9 101353 116587 188689 268126 210021 147318 99880.6 69438.2 51692.4 41972.3 36871.1 34274.4 32981.7 32348.8 32042.8 31896.2 31826.3 31793.1 31777.7 31770.5 31767.2 31765.7 31765 31764.6 31764.5 31764.4 31764.4 31764.4 31764.4 31764.4 31764.4 31764.4 31764.4 31764.4 31764.4 31764.4 31764.4 31764.4 31764.4 31764.4 31764.4 31764.4 31764.4 31764.4 31764.4 31764.4 31764.4 31764.4 31764.4 31764.4 31764.4 31764.4 31764.4 31764.4 31764.4 31764.4 31764.4 31764.4 31764.4 31764.4 31764.4 31764.4 31764.4 31764.4 31764.4 31764.4 31764.4 31764.4 31764.4 31764.4 31764.4 31764.4 31764.4 31764.4 31764.4 31764.4 31764.4 31764.4 31764.4 31764.4 31764.4 31764.4 31764.4 31764.4 31764.4 31764.4 31764.4 31764.4 31764.4 31764.4 31764.4 31764.4 31764.4 31764.4 31764.4 31764.4 31764.4 31764.4 31764.4 31764.4 31764.4 31764.4 0 0 0 0 0 0 0 0 0 0 0 0 0 0 0 0 0 0 0 0 0 0 0 0 0
