SBPRF35
0.132455
Curr Bio
183796
B35
155058
F35
1.98001
FOFL
1.98001
OFL
82188.2
Bzero
37836.1
#pred survey bio
 10924.3 11916.8 13118.7 18759.9 23746.1 27725.3 30952.7 34900.2 37136.3 45181.7 61555.6 75479.9 95735.6 114435 124314 113028 100543 90565 92816.2 80892.3 81111.7 89669.9 102308 99169.6 107370 113530 102440 92923.4 2.274e+06 2.13531e+06 928821 482894 341976 279331 246450 228369 218333 212767 209691 207997 207068 206560 206282 206130 206049 206005 205982 205969 205963 205959 205957 205956 205956 205955 205955 205955 205955 205955 205955 205955 205955 205955 205955 205955 205955 205955 205955 205955 205955 205955 205955 205955 205955 205955 205955 205955 205955 205955 205955 205955 205955 205955 205955 205955 205955 205955 205955 205955 205955 205955 205955 205955 205955 205955 205955 205955 205955 205955 205955 205955 205955 205955 205955 205955 205955 205955 205955 205955 205955 205955 205955 205955 205955 205955 205955 205955 205955 205955 205955 205955 205955 205955 205955 205955 205955 205955 205955 205955 0 0 0 0 0 0 0 0 0 0 0 0 0 0 0 0 0 0 0 0 0 0 0 0 0
#obs survey bio
 8780.41 9797.78 10581.5 18567.6 24517.9 24111.6 27875.7 30441.4 42242.4 47612.2 91122.6 65302.2 98926.6 122108 82224.3 95816.8 123264 81560.6 91303.5 65587.7 98420.1 82157.7 146205 108939 87331.8 147402 131740 93911.8
#pred catch bio
 4180.17 6493.79 6371.16 9771.42 13801 18206.1 20450.5 25565.8 28234.1 33140.1 45620.3 58588.5 82584.1 92868.8 104798 101975 96347.4 83266.8 96549.2 79742 81816.6 86421.4 107900 105255 114240 123448 110376 91892.6 82188.2 73424.4 17772.7 7289.56 6154.52 6045.67 6035.93 6035.1 6035.03 6035.02 6035.02 6035.02 6035.02 6035.02 6035.02 6035.02 6035.02 6035.02 6035.02 6035.02 6035.02 6035.02 6035.02 6035.02 6035.02 6035.02 6035.02 6035.02 6035.02 6035.02 6035.02 6035.02 6035.02 6035.02 6035.02 6035.02 6035.02 6035.02 6035.02 6035.02 6035.02 6035.02 6035.02 6035.02 6035.02 6035.02 6035.02 6035.02 6035.02 6035.02 6035.02 6035.02 6035.02 6035.02 6035.02 6035.02 6035.02 6035.02 6035.02 6035.02 6035.02 6035.02 6035.02 6035.02 6035.02 6035.02 6035.02 6035.02 6035.02 6035.02 6035.02 6035.02 6035.02 6035.02 6035.02 6035.02 6035.02 6035.02 6035.02 6035.02 6035.02 6035.02 6035.02 6035.02 6035.02 6035.02 6035.02 6035.02 6035.02 6035.02 6035.02 6035.02 6035.02 6035.02 6035.02 6035.02 6035.02 6035.02 6035.02 6035.02 0 0 0 0 0 0 0 0 0 0 0 0 0 0 0 0 0 0 0 0 0 0 0 0 0
#obs catch bio
 6390.17 6661.88 6431.12 9849 14032.5 18373.7 20686.1 25873.9 28544.2 33167.7 44404.2 58100.7 81213.2 91760.5 106634 103861 95078.1 82740.1 97009.5 79572.4 80574.1 83764.3 104924 101101 111881 119708 107792 92057.4
#pred cpue bio
 11001.3 11751.1 12495.5 18388.3 23310.5 27038.9 30284.4 34162.1 35958.1 42396.1 59552.3 72378.1 90086 110419 122811 110614 97756.3 87429.6 89147.6 78252.7 76421.5 84449.1 97827.5 93269.4 100366 108316 98395.5 88204.1 2.17794e+06 2.32901e+06 948681 482029 339964 277243 244357 226276 216240 210674 207597 205903 204974 204467 204189 204036 203955 203912 203888 203876 203869 203866 203864 203863 203862 203862 203862 203861 203861 203861 203861 203861 203861 203861 203861 203861 203861 203861 203861 203861 203861 203861 203861 203861 203861 203861 203861 203861 203861 203861 203861 203861 203861 203861 203861 203861 203861 203861 203861 203861 203861 203861 203861 203861 203861 203861 203861 203861 203861 203861 203861 203861 203861 203861 203861 203861 203861 203861 203861 203861 203861 203861 203861 203861 203861 203861 203861 203861 203861 203861 203861 203861 203861 203861 203861 203861 203861 203861 203861 203861 0 0 0 0 0 0 0 0 0 0 0 0 0 0 0 0 0 0 0 0 0 0 0 0 0
#obs cpue bio
 7817.98 11825.8 10263 16353.7 21312.2 27001.5 28738.2 32657.2 30055.3 36882.3 75027.6 94582.8 103155 106035 109786 135148 96637.6 108015 73106.7 107537 91743.8 132654 132346 154548 134806 148900 107207 88885.2
#pred surv len freq
 2.55947e-27 2.57835e-27 2.43104e-26 4.58856e-20 1.12483e-14 3.33307e-10 1.19385e-06 0.000516891 0.0270522 0.171141 0.131353 0.0423652 0.230178 0.212677 0.0487994 0.0581619 0.0238684 0.0168653 0.00990764 0.00724386 0.0055049 0.00463702 0.00454615 0.00397427 0.0012071
 2.56082e-27 2.58253e-27 2.84346e-26 5.45873e-20 1.33814e-14 3.96516e-10 1.42025e-06 0.000614915 0.0321824 0.203595 0.156059 0.0375839 0.176437 0.164254 0.0615845 0.0993999 0.0346386 0.0157785 0.0069487 0.00381712 0.0023353 0.00166759 0.00143724 0.00124943 0.000414984
 2.56417e-27 2.59102e-27 3.53382e-26 6.91488e-20 1.6951e-14 5.02288e-10 1.79911e-06 0.000778947 0.0407673 0.257905 0.197582 0.0408996 0.172495 0.159378 0.0383036 0.04763 0.0204808 0.0150194 0.00520188 0.0018134 0.000749334 0.000402133 0.000283057 0.000229165 7.85803e-05
 2.56239e-27 2.58605e-27 3.0786e-26 5.95449e-20 1.45967e-14 4.32527e-10 1.54924e-06 0.000670761 0.0351052 0.222086 0.17027 0.0433488 0.210324 0.1942 0.0429868 0.0493051 0.0173016 0.00819922 0.00380856 0.00168563 0.000436446 0.00013979 6.84421e-05 4.69628e-05 1.58659e-05
 2.56204e-27 2.58528e-27 3.02798e-26 5.84779e-20 1.43351e-14 4.24776e-10 1.52148e-06 0.000658741 0.0344761 0.218106 0.167209 0.0419911 0.202142 0.187037 0.0487543 0.0642598 0.0217918 0.00891503 0.00302978 0.00110882 0.00039292 8.85807e-05 2.249e-05 1.08218e-05 3.39625e-06
 2.56263e-27 2.58678e-27 3.15296e-26 6.11141e-20 1.49814e-14 4.43925e-10 1.59007e-06 0.000688438 0.0360303 0.227938 0.174722 0.0423298 0.199441 0.184342 0.0445837 0.0554827 0.0199961 0.00997239 0.00322345 0.000930565 0.000241039 6.25163e-05 1.07485e-05 2.52419e-06 6.49846e-07
 2.5626e-27 2.58656e-27 3.11866e-26 6.03899e-20 1.48038e-14 4.38664e-10 1.57122e-06 0.000680279 0.0356034 0.225237 0.172681 0.0436374 0.210827 0.194612 0.0421553 0.0472842 0.0163684 0.00727111 0.00257307 0.000844476 0.0001827 3.4809e-05 5.76049e-06 7.20581e-07 1.11777e-07
 2.56255e-27 2.58644e-27 3.10959e-26 6.01987e-20 1.4757e-14 4.37276e-10 1.56625e-06 0.000678126 0.0354907 0.224524 0.172134 0.0434827 0.210033 0.193957 0.0434394 0.0503401 0.0167095 0.00630826 0.00206898 0.000643727 0.000158585 2.73035e-05 3.36208e-06 3.19924e-07 2.45956e-08
 2.56344e-27 2.58874e-27 3.30269e-26 6.42718e-20 1.57555e-14 4.66862e-10 1.67222e-06 0.000724008 0.037892 0.239716 0.183738 0.043792 0.204234 0.188408 0.0388933 0.0413554 0.0137848 0.00529382 0.00161707 0.000431572 9.77204e-05 1.7927e-05 2.03687e-06 1.42502e-07 6.58856e-09
 2.56547e-27 2.59415e-27 3.77047e-26 7.41397e-20 1.81745e-14 5.38542e-10 1.92897e-06 0.000835168 0.0437097 0.27652 0.211833 0.0432301 0.180219 0.166079 0.0319022 0.0309898 0.00999501 0.00334138 0.00101438 0.000267345 5.27199e-05 8.60742e-06 9.92218e-07 6.20545e-08 1.97939e-09
 2.56373e-27 2.58934e-27 3.33701e-26 6.49951e-20 1.59328e-14 4.72116e-10 1.69104e-06 0.000732157 0.0383184 0.242413 0.185821 0.0451814 0.213344 0.196506 0.0347337 0.0297714 0.00937234 0.00278621 0.00079033 0.000186468 3.61408e-05 5.30707e-06 5.36626e-07 3.27147e-08 8.86214e-10
 2.56416e-27 2.59062e-27 3.46092e-26 6.76096e-20 1.65737e-14 4.91108e-10 1.75907e-06 0.000761608 0.0398598 0.252165 0.193246 0.0438645 0.198106 0.182679 0.0365558 0.0373955 0.011492 0.00290438 0.000774384 0.000162645 2.81796e-05 3.87348e-06 3.54759e-07 1.90682e-08 4.85041e-10
 2.56536e-27 2.5938e-27 3.73468e-26 7.33845e-20 1.79893e-14 5.33056e-10 1.90932e-06 0.000826661 0.0432644 0.273703 0.20969 0.0437377 0.185587 0.170949 0.0312553 0.0282771 0.00900192 0.00281424 0.00073502 0.000132701 2.05489e-05 2.47934e-06 2.05762e-07 9.92631e-09 2.2444e-10
 2.56403e-27 2.59004e-27 3.3883e-26 6.60768e-20 1.61979e-14 4.79974e-10 1.71918e-06 0.000744341 0.0389561 0.246448 0.188912 0.0458832 0.216513 0.19924 0.0317897 0.0223499 0.00683402 0.00174035 0.000472279 0.000100365 1.43124e-05 1.48448e-06 1.06459e-07 4.5606e-09 9.17811e-11
 2.56227e-27 2.58541e-27 2.99255e-26 5.77286e-20 1.41515e-14 4.19334e-10 1.50198e-06 0.000650301 0.0340344 0.215312 0.165137 0.0458988 0.233335 0.215058 0.039939 0.0369342 0.0109506 0.0021224 0.000515701 9.40236e-05 1.48089e-05 1.57951e-06 9.69722e-08 3.53383e-09 6.23581e-11
 2.56284e-27 2.58703e-27 3.1419e-26 6.08794e-20 1.49238e-14 4.4222e-10 1.58396e-06 0.000685794 0.035892 0.227063 0.174096 0.0449567 0.219872 0.202731 0.0394879 0.0390412 0.0120872 0.00319608 0.000766042 0.00010799 1.43746e-05 1.50551e-06 9.76119e-08 3.12221e-09 4.64808e-11
 2.56345e-27 2.58854e-27 3.26332e-26 6.34404e-20 1.55517e-14 4.60823e-10 1.65059e-06 0.000714643 0.0374019 0.236615 0.181401 0.0456576 0.220073 0.202661 0.0348545 0.0284899 0.00887115 0.00247977 0.000646819 0.000117037 1.39444e-05 1.14625e-06 6.86562e-08 2.25936e-09 3.021e-11
 2.564e-27 2.58997e-27 3.38162e-26 6.59359e-20 1.61634e-14 4.7895e-10 1.71552e-06 0.000742754 0.0388731 0.245922 0.188512 0.0459345 0.217184 0.19986 0.0319202 0.0224805 0.00670493 0.00142238 0.000361008 6.99065e-05 9.90672e-06 8.75022e-07 4.17813e-08 1.2163e-09 1.61912e-11
 2.56428e-27 2.59076e-27 3.45444e-26 6.74721e-20 1.654e-14 4.90109e-10 1.75549e-06 0.000760059 0.0397788 0.251652 0.19288 0.0454789 0.210648 0.193892 0.0320014 0.0241605 0.00709715 0.00129943 0.000297739 4.56713e-05 6.48437e-06 6.54398e-07 3.51801e-08 8.72813e-10 1.00575e-11
 2.564e-27 2.58986e-27 3.36177e-26 6.55167e-20 1.60606e-14 4.75905e-10 1.70461e-06 0.000738032 0.0386259 0.244359 0.187332 0.0468467 0.224954 0.206831 0.029542 0.0152968 0.0044545 0.000811212 0.000179793 2.36374e-05 2.76962e-06 2.47541e-07 1.47011e-08 4.0851e-10 4.2471e-12
 2.56545e-27 2.59387e-27 3.72571e-26 7.31946e-20 1.79428e-14 5.31677e-10 1.90438e-06 0.000824522 0.0431525 0.272995 0.20917 0.0450238 0.19574 0.180055 0.0281076 0.0187548 0.00532961 0.000686865 0.000138462 1.79621e-05 1.9237e-06 1.40449e-07 7.0736e-09 2.0683e-10 2.37032e-12
 2.56553e-27 2.59404e-27 3.73463e-26 7.33826e-20 1.79889e-14 5.33042e-10 1.90927e-06 0.00082664 0.0432633 0.273696 0.209713 0.0455406 0.199291 0.183194 0.0261855 0.0135904 0.00391538 0.000638222 0.000129989 1.23642e-05 1.19407e-06 8.19145e-08 3.42318e-09 8.36417e-11 9.67873e-13
 2.56465e-27 2.59166e-27 3.52612e-26 6.89839e-20 1.69106e-14 5.01091e-10 1.79482e-06 0.00077709 0.0406701 0.25729 0.197193 0.0459703 0.211358 0.194383 0.0291274 0.0174748 0.00496029 0.00064913 0.00012886 1.4933e-05 1.3246e-06 7.04189e-08 2.68235e-09 5.54435e-11 5.35959e-13
 2.56562e-27 2.59426e-27 3.75277e-26 7.37652e-20 1.80826e-14 5.35821e-10 1.91922e-06 0.000830949 0.0434889 0.275123 0.210803 0.0455634 0.198699 0.182631 0.025782 0.0128094 0.00364087 0.000514905 0.000101083 9.68132e-06 8.85206e-07 5.12959e-08 1.57895e-09 2.76968e-11 2.2846e-13
 2.56596e-27 2.59517e-27 3.83174e-26 7.54311e-20 1.8491e-14 5.47922e-10 1.96257e-06 0.000849716 0.0444711 0.281336 0.215546 0.0454488 0.194494 0.178723 0.0245714 0.0110314 0.00308569 0.000365016 6.82545e-05 6.94451e-06 5.93212e-07 3.07389e-08 1.01544e-09 1.58041e-11 1.07026e-13
 2.56486e-27 2.59216e-27 3.56319e-26 6.97656e-20 1.71022e-14 5.06769e-10 1.81516e-06 0.000785895 0.0411309 0.260206 0.199427 0.0464747 0.213626 0.196327 0.0267689 0.011609 0.00322565 0.000348945 6.13711e-05 5.32233e-06 4.39621e-07 2.29328e-08 6.81007e-10 1.06064e-11 6.73774e-14
 2.56447e-27 2.59109e-27 3.46856e-26 6.77693e-20 1.66128e-14 4.92268e-10 1.76322e-06 0.000763407 0.039954 0.25276 0.193746 0.0467567 0.219763 0.201992 0.0278069 0.0125484 0.00348128 0.000359045 6.11401e-05 4.85543e-06 3.59723e-07 1.6507e-08 4.84745e-10 7.05128e-12 4.29883e-14
 2.56512e-27 2.5929e-27 3.63129e-26 7.12025e-20 1.74544e-14 5.17206e-10 1.85255e-06 0.000802082 0.0419781 0.265565 0.203513 0.0460499 0.207523 0.190749 0.0267564 0.0129834 0.00361787 0.000387861 6.68379e-05 5.0739e-06 3.55187e-07 1.45415e-08 3.73111e-10 5.10215e-12 2.96361e-14
#obs surv len freq
 1.08722e-41 1.50898e-33 2.53163e-26 5.13411e-20 1.25857e-14 3.72936e-10 1.3358e-06 0.000578354 0.0302687 0.191489 0.146929 0.0402106 0.173401 0.146705 0.103676 0.101491 0.0438196 0.0170914 0.00383455 0.000479063 2.44925e-05 3.70808e-07 1.25049e-09 7.66344e-13 7.48035e-17
 1.6035e-41 2.22555e-33 3.73382e-26 7.57211e-20 1.85621e-14 5.5003e-10 1.97012e-06 0.000852993 0.0446422 0.28242 0.216379 0.0406905 0.126755 0.1023 0.0760107 0.0687057 0.0287477 0.0102193 0.00204703 0.000218622 9.11165e-06 1.06834e-07 2.68001e-10 1.19095e-13 8.30641e-18
 1.53758e-41 2.13406e-33 3.58032e-26 7.26082e-20 1.7799e-14 5.27418e-10 1.88913e-06 0.000817926 0.042807 0.27081 0.207744 0.0500577 0.176902 0.128915 0.0563266 0.0423685 0.0168303 0.00538235 0.000948869 8.48948e-05 2.82982e-06 2.54622e-08 4.74399e-11 1.53065e-14 7.64235e-19
 1.07683e-41 1.49457e-33 2.50746e-26 5.08507e-20 1.24654e-14 3.69374e-10 1.32304e-06 0.00057283 0.0299796 0.189662 0.146009 0.0564231 0.229854 0.162872 0.0981742 0.0659828 0.0159765 0.0038603 0.000587629 4.34168e-05 1.13728e-06 7.74183e-09 1.06418e-11 2.49047e-15 8.91478e-20
 1.50076e-41 2.08295e-33 3.49459e-26 7.08695e-20 1.73728e-14 5.14789e-10 1.84389e-06 0.00079834 0.041782 0.264326 0.202826 0.0472277 0.142371 0.104283 0.104114 0.0692311 0.0191225 0.00356798 0.000330662 1.84189e-05 3.72523e-07 1.89287e-09 1.89968e-12 3.20574e-16 8.2108e-21
 1.20229e-41 1.66869e-33 2.79958e-26 5.67749e-20 1.39177e-14 4.12407e-10 1.47717e-06 0.000639566 0.0334723 0.211759 0.163242 0.0649857 0.231117 0.143934 0.0783365 0.0495861 0.018919 0.00370407 0.000292223 9.97432e-06 1.33983e-07 4.92752e-10 3.57217e-13 4.31234e-17 7.85827e-22
 1.37925e-41 1.91431e-33 3.21165e-26 6.51317e-20 1.59663e-14 4.73109e-10 1.6946e-06 0.000733704 0.0383991 0.242927 0.186922 0.0579948 0.175228 0.116551 0.109294 0.056604 0.0126743 0.00244545 0.000218052 6.25726e-06 5.31978e-08 1.21975e-10 6.02198e-14 5.11643e-18 6.58545e-23
 1.19218e-41 1.65466e-33 2.77604e-26 5.62975e-20 1.38007e-14 4.08939e-10 1.46475e-06 0.000634187 0.0331908 0.209981 0.162329 0.0722349 0.227269 0.133452 0.0941236 0.0496845 0.0148767 0.00208216 0.00013599 3.80597e-06 2.71973e-08 4.1526e-11 1.26412e-14 6.92363e-19 6.0427e-24
 1.50943e-41 2.09499e-33 3.51478e-26 7.12791e-20 1.74732e-14 5.17764e-10 1.85455e-06 0.000802954 0.0420234 0.265858 0.204811 0.064218 0.166449 0.104107 0.0973069 0.0429582 0.00993329 0.0014446 8.46921e-05 1.68124e-06 9.90802e-09 1.24215e-11 2.70559e-15 9.57029e-20 5.2799e-25
 1.51652e-41 2.10482e-33 3.53128e-26 7.16137e-20 1.75552e-14 5.20194e-10 1.86325e-06 0.000806723 0.0422207 0.267109 0.20639 0.0778882 0.198299 0.103728 0.0665229 0.0288635 0.00729384 0.000834905 4.11588e-05 7.03145e-07 3.0231e-09 2.80915e-12 4.76298e-16 1.26831e-20 4.91285e-26
 1.09585e-41 1.52097e-33 2.55174e-26 5.17488e-20 1.26856e-14 3.75898e-10 1.34641e-06 0.000582947 0.0305091 0.193025 0.150887 0.097007 0.257629 0.136131 0.0957748 0.0321838 0.00564522 0.000597933 2.51675e-05 3.33333e-07 1.13596e-09 7.82893e-13 9.44802e-17 1.831e-21 5.27308e-27
 1.66784e-41 2.31485e-33 3.88364e-26 7.87595e-20 1.9307e-14 5.72101e-10 2.04917e-06 0.000887221 0.0464336 0.293763 0.226815 0.0713329 0.14485 0.0938139 0.088988 0.0282602 0.00451146 0.000332202 1.03199e-05 1.10171e-07 2.83905e-10 1.46125e-13 1.3029e-17 1.8094e-22 3.67631e-28
 1.3368e-41 1.85539e-33 3.11281e-26 6.31271e-20 1.54749e-14 4.58549e-10 1.64245e-06 0.000711123 0.0372174 0.235472 0.184482 0.110536 0.242895 0.106704 0.0574603 0.020298 0.0039546 0.000262202 6.00969e-06 4.37268e-08 8.25882e-11 3.14696e-14 2.03972e-18 2.05106e-23 3.00461e-29
 1.11799e-41 1.55169e-33 2.60328e-26 5.2794e-20 1.29418e-14 3.8349e-10 1.3736e-06 0.000594721 0.0311254 0.196939 0.155651 0.111938 0.235312 0.137739 0.103658 0.0239043 0.00293015 0.000202637 4.51689e-06 2.50416e-08 3.19349e-11 8.31141e-15 3.82501e-19 2.75906e-24 2.88875e-30
 8.74348e-42 1.21354e-33 2.03596e-26 4.12889e-20 1.01215e-14 2.99918e-10 1.07426e-06 0.000465116 0.0243424 0.15404 0.124158 0.123387 0.249199 0.160008 0.124778 0.0347336 0.00467744 0.000205957 3.4925e-06 1.75343e-08 1.79266e-11 3.28011e-15 1.0124e-19 4.95026e-25 3.59815e-31
 1.41162e-41 1.95924e-33 3.28703e-26 6.66603e-20 1.6341e-14 4.84213e-10 1.73437e-06 0.000750923 0.0393004 0.248661 0.194932 0.0944933 0.159753 0.126775 0.102069 0.0289347 0.00413206 0.000194501 2.60553e-06 8.92382e-09 7.10764e-12 1.04472e-15 2.42045e-20 8.30525e-26 4.09682e-32
 9.70757e-42 1.34735e-33 2.26045e-26 4.58416e-20 1.12375e-14 3.32988e-10 1.19271e-06 0.000516402 0.0270265 0.171063 0.141067 0.161815 0.272417 0.126739 0.0730925 0.0227959 0.00330978 0.000155335 2.04543e-06 5.93867e-09 3.35698e-12 3.45233e-16 5.94661e-21 1.55109e-26 5.69494e-33
 1.43567e-41 1.99261e-33 3.34302e-26 6.77957e-20 1.66193e-14 4.92461e-10 1.76391e-06 0.000763714 0.0399698 0.252922 0.20018 0.10778 0.161141 0.135988 0.0841306 0.0153582 0.0016868 7.74724e-05 9.60837e-07 2.53954e-09 1.22197e-12 9.6081e-17 1.16627e-21 2.11145e-27 5.51488e-34
 1.00355e-41 1.39285e-33 2.3368e-26 4.73899e-20 1.16171e-14 3.44235e-10 1.23299e-06 0.000533844 0.0279395 0.176898 0.149535 0.183743 0.261389 0.120933 0.0618796 0.0156509 0.00145389 4.26555e-05 4.28041e-07 9.9229e-10 4.0922e-13 2.673e-17 2.58052e-22 3.52e-28 6.60164e-35
 1.28664e-41 1.78578e-33 2.99601e-26 6.07584e-20 1.48942e-14 4.41343e-10 1.58082e-06 0.00068444 0.035821 0.226733 0.184031 0.132381 0.181456 0.152541 0.0741013 0.0112809 0.000941844 2.68427e-05 1.89379e-07 3.09305e-10 1.00347e-13 5.31462e-18 4.12284e-23 4.44666e-29 6.46674e-36
 1.4151e-41 1.96407e-33 3.29514e-26 6.68247e-20 1.63813e-14 4.85408e-10 1.73865e-06 0.000752776 0.0393976 0.249419 0.205121 0.159474 0.187432 0.101045 0.0472068 0.00950576 0.000630623 1.26524e-05 7.50045e-08 9.35705e-11 2.09243e-14 7.84692e-19 4.55007e-24 3.76676e-30 4.22286e-37
 1.13365e-41 1.57343e-33 2.63975e-26 5.35336e-20 1.31231e-14 3.88863e-10 1.39284e-06 0.000603053 0.0315619 0.199951 0.173404 0.197137 0.225441 0.121641 0.0437253 0.0061308 0.000396179 7.41542e-06 3.19126e-08 2.92802e-11 4.97812e-15 1.3508e-19 5.43188e-25 3.12559e-31 2.49843e-38
 1.37453e-41 1.90776e-33 3.20066e-26 6.49087e-20 1.59116e-14 4.7149e-10 1.6888e-06 0.000731193 0.0382682 0.242364 0.202962 0.160306 0.179187 0.12666 0.0439853 0.00528644 0.000244499 3.58101e-06 1.33179e-08 9.50159e-12 1.15381e-15 2.24932e-20 6.59664e-26 2.73643e-32 1.54168e-39
 1.35175e-41 1.87613e-33 3.14761e-26 6.38328e-20 1.56479e-14 4.63675e-10 1.66081e-06 0.000719072 0.0376342 0.238494 0.206567 0.193742 0.188201 0.0975913 0.0326068 0.00426866 0.000172334 1.85621e-06 4.9479e-09 2.72266e-12 2.5839e-16 3.747e-21 7.83688e-27 2.29609e-33 9.20455e-41
 1.18778e-41 1.64856e-33 2.7658e-26 5.60899e-20 1.37498e-14 4.07431e-10 1.45935e-06 0.000631849 0.0330697 0.209772 0.190405 0.214033 0.206724 0.112756 0.0295848 0.00291279 0.000107671 1.03529e-06 2.10304e-09 8.13089e-13 5.48277e-17 5.86142e-22 9.16749e-28 1.98381e-34 5.7441e-42
 1.06533e-41 1.47861e-33 2.48068e-26 5.03076e-20 1.23323e-14 3.65429e-10 1.30891e-06 0.000566713 0.0296613 0.188361 0.178366 0.221186 0.217263 0.129472 0.0322712 0.00277533 7.60123e-05 5.68631e-07 9.58467e-10 2.91684e-13 1.43035e-17 1.06862e-22 1.16782e-28 1.7969e-35 3.76236e-43
 1.04744e-41 1.45378e-33 2.43902e-26 4.94629e-20 1.21253e-14 3.59293e-10 1.28693e-06 0.000557197 0.0291639 0.18537 0.179391 0.221199 0.216955 0.132413 0.0322108 0.00267483 6.27539e-05 3.56716e-07 4.37539e-10 1.00663e-13 3.8082e-18 2.14698e-23 1.70606e-29 1.85476e-36 2.70787e-44
 1.27135e-41 1.76455e-33 2.9604e-26 6.00363e-20 1.47172e-14 4.36097e-10 1.56203e-06 0.000676305 0.0353973 0.224701 0.205061 0.200147 0.192247 0.112593 0.02692 0.00220602 5.0219e-05 2.6228e-07 2.71333e-10 4.971e-14 1.4876e-18 6.78148e-24 4.44178e-30 3.99454e-37 4.77903e-45
#pred catch len freq
 2.55725e-27 2.57228e-27 1.88974e-26 3.44661e-20 8.44896e-15 2.50358e-10 8.9674e-07 0.000388254 0.0203198 0.12855 0.0988625 0.0443327 0.267978 0.24748 0.0535506 0.0602331 0.024442 0.0169213 0.00990258 0.00722663 0.00548948 0.00462364 0.00453299 0.00396276 0.0012036
 2.55911e-27 2.57785e-27 2.42491e-26 4.57575e-20 1.12169e-14 3.32377e-10 1.19052e-06 0.000515449 0.0269767 0.170663 0.130937 0.039145 0.205968 0.191444 0.0653117 0.101044 0.0349526 0.0155432 0.00681577 0.00373526 0.00228406 0.00163084 0.00140555 0.00122188 0.000405833
 2.56197e-27 2.58502e-27 3.00037e-26 5.78951e-20 1.41923e-14 4.20543e-10 1.50631e-06 0.000652176 0.0341325 0.215932 0.165561 0.0426959 0.208663 0.192701 0.043256 0.0505427 0.0214651 0.0154338 0.00533117 0.00185306 0.000765225 0.000410604 0.000289014 0.000233987 8.02339e-05
 2.56034e-27 2.58043e-27 2.57682e-26 4.89593e-20 1.20018e-14 3.55634e-10 1.27382e-06 0.000551516 0.0288644 0.182605 0.140153 0.0452655 0.246069 0.227092 0.0471269 0.0504613 0.0175649 0.00812842 0.0037596 0.00166049 0.000429708 0.000137603 6.73692e-05 4.62265e-05 1.56172e-05
 2.56031e-27 2.58052e-27 2.60094e-26 4.94687e-20 1.21267e-14 3.59335e-10 1.28708e-06 0.000557255 0.0291647 0.184505 0.141579 0.043736 0.233428 0.215805 0.0519923 0.0643931 0.0216835 0.00865609 0.00293018 0.00106926 0.000378673 8.5357e-05 2.16706e-05 1.04274e-05 3.2725e-06
 2.56123e-27 2.58291e-27 2.8034e-26 5.37394e-20 1.31736e-14 3.90356e-10 1.39819e-06 0.000605363 0.0316825 0.200433 0.153745 0.0439515 0.22652 0.209206 0.0467472 0.0541414 0.0193404 0.00941959 0.00303478 0.000873496 0.000226098 5.86293e-05 1.00799e-05 2.36716e-06 6.09418e-07
 2.56117e-27 2.58261e-27 2.76151e-26 5.28553e-20 1.29568e-14 3.83934e-10 1.37519e-06 0.000595404 0.0311613 0.197136 0.151249 0.0452768 0.23836 0.219894 0.0443623 0.0459412 0.0157756 0.0068385 0.00241067 0.000789037 0.000170602 3.24964e-05 5.37754e-06 6.72673e-07 1.04346e-07
 2.5615e-27 2.58351e-27 2.84182e-26 5.45495e-20 1.33722e-14 3.96241e-10 1.41927e-06 0.000614489 0.0321602 0.203455 0.156068 0.0449424 0.232429 0.214477 0.0444268 0.0474135 0.0156279 0.00575168 0.00187859 0.000582793 0.00014348 2.46981e-05 3.04111e-06 2.89379e-07 2.22473e-08
 2.5625e-27 2.5861e-27 3.0612e-26 5.91772e-20 1.45066e-14 4.29856e-10 1.53967e-06 0.000666618 0.0348884 0.220714 0.16925 0.0451246 0.224553 0.207023 0.0397298 0.0385654 0.0127599 0.00477706 0.00145354 0.000386736 8.75055e-05 1.60496e-05 1.82347e-06 1.27572e-07 5.89824e-09
 2.56436e-27 2.59107e-27 3.49276e-26 6.8281e-20 1.67383e-14 4.95985e-10 1.77653e-06 0.000769171 0.0402556 0.254669 0.195168 0.0445365 0.201869 0.18595 0.0334619 0.0295388 0.00946345 0.00308306 0.000931895 0.000244861 4.82522e-05 7.87606e-06 9.07865e-07 5.67784e-08 1.81109e-09
 2.56259e-27 2.58618e-27 3.05147e-26 5.89713e-20 1.44561e-14 4.2836e-10 1.53431e-06 0.000664299 0.034767 0.219946 0.168687 0.0465501 0.235797 0.217107 0.0362398 0.0280152 0.00876335 0.00253828 0.000716701 0.00016856 3.26452e-05 4.7926e-06 4.84578e-07 2.95414e-08 8.00249e-10
 2.56327e-27 2.58813e-27 3.23441e-26 6.28309e-20 1.54022e-14 4.56396e-10 1.63473e-06 0.000707777 0.0370425 0.234342 0.179656 0.0451004 0.217059 0.200039 0.0372858 0.0346858 0.0106037 0.00261037 0.000692408 0.000144954 2.5094e-05 3.44842e-06 3.15811e-07 1.69746e-08 4.31784e-10
 2.56494e-27 2.5926e-27 3.62221e-26 7.10115e-20 1.74076e-14 5.15819e-10 1.84758e-06 0.00079993 0.0418654 0.264853 0.202945 0.0445741 0.196691 0.181082 0.0309813 0.0250947 0.00793457 0.00241587 0.000628357 0.000113066 1.74926e-05 2.10997e-06 1.75096e-07 8.44684e-09 1.90988e-10
 2.56322e-27 2.58778e-27 3.18305e-26 6.17466e-20 1.51364e-14 4.4852e-10 1.60652e-06 0.000695563 0.0364032 0.230297 0.176597 0.0469496 0.233281 0.214608 0.0326045 0.0203365 0.00617857 0.00153242 0.000413693 8.76341e-05 1.24875e-05 1.2948e-06 9.28496e-08 3.9775e-09 8.00463e-11
 2.56172e-27 2.58384e-27 2.84615e-26 5.46398e-20 1.33943e-14 3.96897e-10 1.42162e-06 0.000615506 0.0322134 0.203791 0.156357 0.0469487 0.247494 0.227978 0.0396023 0.0329126 0.00971395 0.00183404 0.000442784 8.04568e-05 1.26608e-05 1.35002e-06 8.28773e-08 3.02014e-09 5.32933e-11
 2.5627e-27 2.58655e-27 3.09155e-26 5.98169e-20 1.46634e-14 4.34503e-10 1.55632e-06 0.000673825 0.0352656 0.2231 0.171083 0.0457778 0.228238 0.210294 0.038007 0.0337534 0.0103898 0.00267473 0.000638138 8.96532e-05 1.19209e-05 1.24812e-06 8.0918e-08 2.5882e-09 3.85308e-11
 2.56358e-27 2.58884e-27 3.28337e-26 6.38631e-20 1.56553e-14 4.63894e-10 1.66159e-06 0.000719405 0.0376511 0.238191 0.182612 0.0461187 0.222732 0.204994 0.0330894 0.0238711 0.00738309 0.00200888 0.000521536 9.40575e-05 1.11974e-05 9.20105e-07 5.51061e-08 1.81342e-09 2.42472e-11
 2.56382e-27 2.58943e-27 3.32898e-26 6.48251e-20 1.58911e-14 4.70882e-10 1.68662e-06 0.000730242 0.0382182 0.241779 0.185358 0.0465118 0.223794 0.205861 0.031186 0.0192941 0.00572051 0.00118156 0.000298074 5.75289e-05 8.14598e-06 7.19287e-07 3.43424e-08 9.99726e-10 1.33081e-11
 2.56492e-27 2.59243e-27 3.59754e-26 7.04907e-20 1.72799e-14 5.12036e-10 1.83403e-06 0.000794063 0.0415584 0.26291 0.201476 0.0454552 0.204429 0.188054 0.0291969 0.0192346 0.00561961 0.0010017 0.000227974 3.48488e-05 4.94275e-06 4.9867e-07 2.68063e-08 6.65049e-10 7.66339e-12
 2.56417e-27 2.59027e-27 3.39572e-26 6.62328e-20 1.62362e-14 4.81107e-10 1.72325e-06 0.000746099 0.0390481 0.24703 0.189375 0.0470075 0.224744 0.206574 0.0283533 0.0126508 0.00365823 0.000648747 0.000142838 1.87145e-05 2.19036e-06 1.95698e-07 1.16213e-08 3.22924e-10 3.35728e-12
 2.5658e-27 2.59478e-27 3.80291e-26 7.4823e-20 1.8342e-14 5.43505e-10 1.94674e-06 0.000842866 0.0441125 0.279068 0.213808 0.045099 0.193053 0.1775 0.026287 0.0152487 0.0043123 0.000542086 0.000108265 1.39959e-05 1.49729e-06 1.09275e-07 5.50305e-09 1.60904e-10 1.844e-12
 2.56555e-27 2.59406e-27 3.73357e-26 7.33601e-20 1.79833e-14 5.32879e-10 1.90868e-06 0.000826386 0.0432501 0.273612 0.209653 0.0457908 0.201237 0.184931 0.0254125 0.011391 0.00326023 0.000517773 0.000104712 9.92709e-06 9.57303e-07 6.56461e-08 2.74306e-09 6.7022e-11 7.75553e-13
 2.56529e-27 2.59337e-27 3.6747e-26 7.21183e-20 1.76789e-14 5.23858e-10 1.87637e-06 0.000812398 0.042518 0.268981 0.206116 0.0457744 0.203597 0.187159 0.0267222 0.0138109 0.00389882 0.000497542 9.78715e-05 1.13028e-05 1.00144e-06 5.32163e-08 2.02682e-09 4.18928e-11 4.04966e-13
 2.56623e-27 2.5959e-27 3.89631e-26 7.67933e-20 1.8825e-14 5.57817e-10 1.99801e-06 0.000865061 0.0452742 0.286417 0.219423 0.0452848 0.190523 0.175049 0.0237505 0.010087 0.00284785 0.000392554 7.64282e-05 7.29549e-06 6.66102e-07 3.8584e-08 1.18754e-09 2.08302e-11 1.71818e-13
 2.56655e-27 2.59677e-27 3.9726e-26 7.84027e-20 1.92195e-14 5.69507e-10 2.03988e-06 0.00088319 0.046223 0.29242 0.224004 0.0451381 0.186187 0.171029 0.0226894 0.00867829 0.00241072 0.000278291 5.15218e-05 5.22412e-06 4.4567e-07 2.30837e-08 7.62461e-10 1.18664e-11 8.03591e-14
 2.56564e-27 2.59428e-27 3.74939e-26 7.36938e-20 1.80651e-14 5.35303e-10 1.91736e-06 0.000830145 0.0434468 0.274857 0.210607 0.0460072 0.202213 0.185771 0.0244613 0.00900668 0.00248495 0.000262511 4.56732e-05 3.94772e-06 3.25575e-07 1.69764e-08 5.04066e-10 7.85033e-12 4.98692e-14
 2.5652e-27 2.59308e-27 3.64315e-26 7.14525e-20 1.75157e-14 5.19022e-10 1.85905e-06 0.000804897 0.0421254 0.266497 0.204229 0.0463514 0.209314 0.192318 0.0255332 0.00980149 0.00270112 0.000272177 4.58283e-05 3.62757e-06 2.68312e-07 1.23067e-08 3.61349e-10 5.25615e-12 3.2044e-14
 2.56528e-27 2.59331e-27 3.66501e-26 7.19137e-20 1.76288e-14 5.22372e-10 1.87105e-06 0.000810093 0.0423973 0.268218 0.20554 0.0461615 0.206948 0.190166 0.025699 0.0107208 0.00296953 0.000311008 5.30245e-05 4.01248e-06 2.80407e-07 1.14747e-08 2.94377e-10 4.02533e-12 2.33812e-14
#obs catch len freq
 5.0277e-42 6.97811e-34 1.17072e-26 2.3742e-20 5.82008e-15 1.7246e-10 6.17722e-07 0.000267452 0.0139974 0.0885528 0.0683428 0.0399109 0.218655 0.186625 0.143706 0.143244 0.0640973 0.0257786 0.00600452 0.000776046 4.12435e-05 6.51429e-07 2.28943e-09 1.45663e-12 1.46943e-16
 5.74353e-42 7.97164e-34 1.33741e-26 2.71224e-20 6.64873e-15 1.97014e-10 7.05672e-07 0.000305532 0.0159903 0.101161 0.0780826 0.0437447 0.223493 0.181791 0.142963 0.130791 0.0562363 0.0206109 0.00432617 0.000482952 2.0935e-05 2.54769e-07 6.6258e-10 3.04476e-13 2.18865e-17
 1.08637e-41 1.50781e-33 2.52966e-26 5.13009e-20 1.25758e-14 3.72644e-10 1.33475e-06 0.000577901 0.0302451 0.19134 0.146988 0.0451827 0.181238 0.140497 0.113454 0.0952375 0.0394652 0.013099 0.002436 0.000230433 8.06366e-06 7.53861e-08 1.45079e-10 4.82e-14 2.47172e-18
 1.11515e-41 1.54776e-33 2.59669e-26 5.26603e-20 1.29091e-14 3.82519e-10 1.37012e-06 0.000593215 0.0310465 0.196412 0.151207 0.0585187 0.238411 0.164578 0.0766664 0.0540427 0.0211438 0.00627825 0.00101909 8.00302e-05 2.22016e-06 1.58155e-08 2.24976e-11 5.41157e-15 1.98353e-19
 7.85055e-42 1.0896e-33 1.82804e-26 3.70722e-20 9.08782e-15 2.69289e-10 9.64548e-07 0.000417616 0.0218564 0.138273 0.107074 0.0647558 0.273563 0.184468 0.1168 0.071514 0.0168671 0.00384036 0.000534313 3.43275e-05 7.42015e-07 3.97423e-09 4.15353e-12 7.22771e-16 1.89642e-20
 1.25873e-41 1.74704e-33 2.93102e-26 5.94405e-20 1.45712e-14 4.3177e-10 1.54653e-06 0.000669594 0.0350439 0.2217 0.17051 0.0529059 0.172508 0.122201 0.12509 0.0755367 0.0201258 0.00340191 0.000290645 1.41079e-05 2.33694e-07 9.29017e-10 7.06335e-13 8.84258e-17 1.65772e-21
 1.04102e-41 1.44487e-33 2.42406e-26 4.91595e-20 1.20509e-14 3.5709e-10 1.27904e-06 0.000553779 0.0289826 0.183358 0.141931 0.0737016 0.259962 0.153375 0.0857587 0.0505344 0.0183962 0.00321427 0.000225638 6.65869e-06 7.3756e-08 2.11664e-10 1.15894e-13 1.03589e-17 1.37991e-22
 1.2779e-41 1.77364e-33 2.97565e-26 6.03455e-20 1.4793e-14 4.38343e-10 1.57007e-06 0.000679788 0.0355774 0.225078 0.173603 0.064448 0.192638 0.123876 0.115991 0.0541429 0.0117273 0.00207262 0.000160627 3.86606e-06 2.67926e-08 4.81601e-11 1.79739e-14 1.12931e-18 1.06147e-23
 1.14376e-41 1.58746e-33 2.66329e-26 5.40111e-20 1.32402e-14 3.92331e-10 1.40526e-06 0.000608431 0.0318429 0.201456 0.156232 0.0798599 0.239651 0.134573 0.0949048 0.0461973 0.0129633 0.00161387 9.41454e-05 2.19159e-06 1.24773e-08 1.4791e-11 3.40917e-15 1.38305e-19 8.81134e-25
 1.50902e-41 2.09442e-33 3.51382e-26 7.12596e-20 1.74685e-14 5.17622e-10 1.85404e-06 0.000802735 0.042012 0.265787 0.205078 0.0694441 0.170972 0.103936 0.0945841 0.0379235 0.00832149 0.00108083 5.4566e-05 9.05078e-07 4.25215e-09 4.09228e-12 6.70703e-16 1.75813e-20 7.09365e-26
 1.54792e-41 2.1484e-33 3.60439e-26 7.30964e-20 1.79187e-14 5.30964e-10 1.90183e-06 0.000823426 0.0430948 0.272642 0.211005 0.0831613 0.197231 0.098672 0.0621058 0.0248479 0.00580225 0.000587584 2.51101e-05 3.51814e-07 1.1976e-09 8.54738e-13 1.08614e-16 2.13651e-21 6.05637e-27
 1.15374e-41 1.60132e-33 2.68654e-26 5.44825e-20 1.33557e-14 3.95755e-10 1.41753e-06 0.000613741 0.0321208 0.203225 0.159247 0.103715 0.253335 0.129089 0.0873284 0.026539 0.00436214 0.00040896 1.46396e-05 1.58742e-07 4.25319e-10 2.2369e-13 2.01997e-17 2.88643e-22 6.06891e-28
 1.72827e-41 2.39873e-33 4.02437e-26 8.16134e-20 2.00066e-14 5.92831e-10 2.12342e-06 0.000919369 0.0481161 0.30441 0.235295 0.0749234 0.140491 0.0899207 0.0795062 0.0228551 0.00333965 0.000215438 5.74018e-06 4.97239e-08 1.00177e-10 3.9228e-14 2.60866e-18 2.66693e-23 3.95248e-29
 1.39924e-41 1.94206e-33 3.2582e-26 6.60756e-20 1.61977e-14 4.79966e-10 1.71916e-06 0.000744338 0.0389557 0.246476 0.193589 0.116502 0.234313 0.0985838 0.0510799 0.0166913 0.00289428 0.00016517 3.19217e-06 1.8868e-08 2.78325e-11 8.038e-15 3.87693e-19 2.865e-24 3.05778e-30
 1.1873e-41 1.64789e-33 2.76467e-26 5.6067e-20 1.37442e-14 4.07265e-10 1.45876e-06 0.000631591 0.033055 0.209156 0.165822 0.118735 0.228702 0.131803 0.0909727 0.0188588 0.00213308 0.00012741 2.33658e-06 1.0363e-08 1.02879e-11 2.03011e-15 6.94378e-20 3.67543e-25 2.80083e-31
 9.43063e-42 1.30891e-33 2.19597e-26 4.45338e-20 1.09169e-14 3.23489e-10 1.15868e-06 0.00050167 0.0262555 0.166156 0.134521 0.131756 0.243966 0.155079 0.110307 0.0280243 0.0033058 0.000124998 1.77507e-06 7.05611e-09 5.54755e-12 7.66291e-16 1.75736e-20 6.30384e-26 3.33146e-32
 1.49755e-41 2.0785e-33 3.48711e-26 7.0718e-20 1.73357e-14 5.13688e-10 1.83995e-06 0.000796633 0.0416927 0.263805 0.207207 0.0987037 0.153349 0.120969 0.0877232 0.0227925 0.0028452 0.00011291 1.23444e-06 3.36326e-09 2.06038e-12 2.27253e-16 3.89861e-21 9.81193e-27 3.52198e-33
 1.0472e-41 1.45345e-33 2.43847e-26 4.94516e-20 1.21225e-14 3.59211e-10 1.28664e-06 0.000557069 0.0291549 0.184551 0.152966 0.169867 0.260761 0.1183 0.0633721 0.0181046 0.00227449 8.97069e-05 9.5195e-07 2.16097e-09 9.3453e-13 7.21396e-17 9.17994e-22 1.75138e-27 4.67534e-34
 1.52932e-41 2.12259e-33 3.56109e-26 7.22182e-20 1.77034e-14 5.24586e-10 1.87898e-06 0.000813533 0.0425772 0.269433 0.213693 0.111284 0.153329 0.126932 0.0692566 0.0115127 0.00112394 4.31084e-05 4.27305e-07 8.75452e-10 3.19264e-13 1.87404e-17 1.67878e-22 2.22148e-28 4.20917e-35
 1.08672e-41 1.50829e-33 2.53047e-26 5.13175e-20 1.25799e-14 3.72765e-10 1.33518e-06 0.000578088 0.0302551 0.191585 0.162796 0.190706 0.247529 0.111407 0.0523357 0.0118483 0.000935039 2.3174e-05 1.86957e-07 3.33801e-10 1.03675e-13 5.02817e-18 3.56918e-23 3.55462e-29 4.83992e-36
 1.38504e-41 1.92234e-33 3.22513e-26 6.5405e-20 1.60333e-14 4.75095e-10 1.70171e-06 0.000736783 0.0385605 0.244094 0.198664 0.136148 0.17298 0.140214 0.0597603 0.00823173 0.000595601 1.39032e-05 7.80593e-08 9.86455e-11 2.40562e-14 9.41894e-19 5.35201e-24 4.20204e-30 4.42858e-37
 1.51109e-41 2.09729e-33 3.51865e-26 7.13574e-20 1.74924e-14 5.18333e-10 1.85658e-06 0.000803837 0.04207 0.266367 0.219679 0.161445 0.173702 0.0905506 0.0382275 0.00677044 0.000377859 6.28566e-06 2.94524e-08 2.8119e-11 4.72183e-15 1.30844e-19 5.5416e-25 3.32863e-31 2.69698e-38
 1.22674e-41 1.70263e-33 2.85652e-26 5.79296e-20 1.42008e-14 4.20795e-10 1.50722e-06 0.000652574 0.0341538 0.216417 0.188466 0.200849 0.211303 0.108871 0.0346962 0.00434907 0.000237579 3.59151e-06 1.21475e-08 8.52948e-12 1.08403e-15 2.1687e-20 6.36955e-26 2.65671e-32 1.53079e-39
 1.47527e-41 2.04757e-33 3.43523e-26 6.96657e-20 1.70777e-14 5.06044e-10 1.81257e-06 0.00078478 0.0410729 0.260168 0.218431 0.161764 0.168073 0.111827 0.0341353 0.00360118 0.0001402 1.66945e-06 4.83381e-09 2.61718e-12 2.37194e-16 3.40376e-21 7.27645e-27 2.18702e-33 8.88987e-41
 1.45013e-41 2.01268e-33 3.37669e-26 6.84786e-20 1.67867e-14 4.97421e-10 1.78168e-06 0.000771407 0.0403735 0.255913 0.222257 0.193838 0.173527 0.0850749 0.0252902 0.00285668 9.54221e-05 8.28332e-07 1.72045e-09 7.16775e-13 5.05334e-17 5.38352e-22 8.20587e-28 1.74067e-34 5.02707e-42
 1.28541e-41 1.78406e-33 2.99314e-26 6.07003e-20 1.48799e-14 4.4092e-10 1.5793e-06 0.000683785 0.0357883 0.227096 0.206723 0.214959 0.192631 0.0976268 0.0225016 0.00192887 5.88885e-05 4.4968e-07 7.05742e-10 2.06214e-13 1.03182e-17 8.08198e-23 9.18959e-29 1.43875e-35 3.00335e-43
 1.16189e-41 1.61262e-33 2.70551e-26 5.48672e-20 1.345e-14 3.98549e-10 1.42754e-06 0.000618076 0.0323501 0.205534 0.19514 0.223156 0.204856 0.112073 0.0244329 0.00179748 4.05005e-05 2.40879e-07 3.11668e-10 7.12573e-14 2.58815e-18 1.4164e-23 1.12414e-29 1.24867e-36 1.88015e-44
 1.14485e-41 1.58897e-33 2.66583e-26 5.40624e-20 1.32528e-14 3.92704e-10 1.4066e-06 0.000609011 0.0318756 0.202496 0.191268 0.216111 0.208987 0.119609 0.0269856 0.00201613 4.14907e-05 2.01909e-07 2.07565e-10 3.94099e-14 1.21932e-18 5.59211e-24 3.59931e-30 3.15688e-37 3.70533e-45
#spawning biomass
 16531.1 18802.5 23778.9 32578.8 40491.1 48314.8 54388.8 61226.1 67478 88618.6 114294 141295 187740 216086 219686 202714 185309 170964 176664 153685 161372 179707 198338 199488 218940 222811 198242 183796 191144 115321 29948.5 15026.1 13415.1 13260.6 13246.8 13245.6 13245.5 13245.5 13245.5 13245.5 13245.5 13245.5 13245.5 13245.5 13245.5 13245.5 13245.5 13245.5 13245.5 13245.5 13245.5 13245.5 13245.5 13245.5 13245.5 13245.5 13245.5 13245.5 13245.5 13245.5 13245.5 13245.5 13245.5 13245.5 13245.5 13245.5 13245.5 13245.5 13245.5 13245.5 13245.5 13245.5 13245.5 13245.5 13245.5 13245.5 13245.5 13245.5 13245.5 13245.5 13245.5 13245.5 13245.5 13245.5 13245.5 13245.5 13245.5 13245.5 13245.5 13245.5 13245.5 13245.5 13245.5 13245.5 13245.5 13245.5 13245.5 13245.5 13245.5 13245.5 13245.5 13245.5 13245.5 13245.5 13245.5 13245.5 13245.5 13245.5 13245.5 13245.5 13245.5 13245.5 13245.5 13245.5 13245.5 13245.5 13245.5 13245.5 13245.5 13245.5 13245.5 13245.5 13245.5 13245.5 13245.5 13245.5 13245.5 13245.5 0 0 0 0 0 0 0 0 0 0 0 0 0 0 0 0 0 0 0 0 0 0 0 0 0
