SBPRF35
0.185482
Curr Bio
156155
B35
183209
F35
1.2832
FOFL
0.973974
OFL
31075.8
Bzero
52994.1
#pred survey bio
 17854.7 16013.4 17521.6 19919 22784.5 27224 30067.8 36204.8 51369.6 70642.5 82039 96792.3 134406 164800 151329 129796 113112 116196 117427 115596 113489 115689 118741 128269 145515 164148 146087 122327 3.82847e+06 2.57646e+06 1.61921e+06 888281 610178 504165 455747 429811 414667 405503 399887 396436 394315 393014 392213 391717 391420 391241 391134 391069 391030 391007 390993 390984 390979 390976 390974 390973 390972 390972 390971 390971 390971 390971 390971 390971 390971 390971 390971 390971 390971 390971 390971 390971 390971 390971 390971 390971 390971 390971 390971 390971 390971 390971 390971 390971 390971 390971 390971 390971 390971 390971 390971 390971 390971 390971 390971 390971 390971 390971 390971 390971 390971 390971 390971 390971 390971 390971 390971 390971 390971 390971 390971 390971 390971 390971 390971 390971 390971 390971 390971 390971 390971 390971 390971 390971 390971 390971 390971 390971 0 0 0 0 0 0 0 0 0 0 0 0 0 0 0 0 0 0 0 0 0 0 0 0 0
#obs survey bio
 15203.3 9387.42 14378.2 17003.5 20960.7 25842 24954.9 26020.7 55165.1 80123.8 56848.9 80860.8 135616 97433.9 120064 118267 95321.2 88235.7 77806.2 86607 83295 88312.1 70138 111892 128614 99773.1 108621 100078
#pred catch bio
 8788.46 7153.05 7676.43 9649.07 10550.2 13958.4 16270.6 18948 26073.2 39776 49345.2 55867.5 76404.7 105132 99846.8 92399.4 75980.7 79354.4 82667.8 83699 82377.9 86782.5 87885.9 94332.4 102953 129720 117144 99625.4 31075.8 59440.6 35147.5 14502.5 8611.37 7299.58 7032.48 6980.84 6971.2 6969.45 6969.14 6969.08 6969.07 6969.07 6969.07 6969.07 6969.07 6969.07 6969.07 6969.07 6969.07 6969.07 6969.07 6969.07 6969.07 6969.07 6969.07 6969.07 6969.07 6969.07 6969.07 6969.07 6969.07 6969.07 6969.07 6969.07 6969.07 6969.07 6969.07 6969.07 6969.07 6969.07 6969.07 6969.07 6969.07 6969.07 6969.07 6969.07 6969.07 6969.07 6969.07 6969.07 6969.07 6969.07 6969.07 6969.07 6969.07 6969.07 6969.07 6969.07 6969.07 6969.07 6969.07 6969.07 6969.07 6969.07 6969.07 6969.07 6969.07 6969.07 6969.07 6969.07 6969.07 6969.07 6969.07 6969.07 6969.07 6969.07 6969.07 6969.07 6969.07 6969.07 6969.07 6969.07 6969.07 6969.07 6969.07 6969.07 6969.07 6969.07 6969.07 6969.07 6969.07 6969.07 6969.07 6969.07 6969.07 6969.07 6969.07 6969.07 0 0 0 0 0 0 0 0 0 0 0 0 0 0 0 0 0 0 0 0 0 0 0 0 0
#obs catch bio
 6935.62 7311.08 7792.25 9767.89 10544 13873.5 16486.2 18940.5 25816.2 38315.8 49121.5 54549.7 74000 103272 98636.3 91724.2 74062 78759.8 81835.1 82088.9 80086.6 85486.8 87860.8 91221 99593.6 126136 115862 98441
#pred cpue bio
 12211.7 10214.5 10738.3 12166.2 13187.8 15888.7 17392.9 19303.6 25907.9 37210.8 44444.1 49385 65394.7 87379.6 85413.9 72643.5 58257.3 59299 59715 58023.7 55717 55907.3 55611.9 59836.5 66704.5 78463.9 69756.1 59218.6 1.74987e+06 1.9223e+06 1.47313e+06 774376 494152 387497 338953 312992 297843 288678 283062 279611 277490 276189 275388 274892 274595 274416 274309 274244 274205 274182 274168 274159 274154 274151 274149 274148 274147 274147 274146 274146 274146 274146 274146 274146 274146 274146 274146 274146 274146 274146 274146 274146 274146 274146 274146 274146 274146 274146 274146 274146 274146 274146 274146 274146 274146 274146 274146 274146 274146 274146 274146 274146 274146 274146 274146 274146 274146 274146 274146 274146 274146 274146 274146 274146 274146 274146 274146 274146 274146 274146 274146 274146 274146 274146 274146 274146 274146 274146 274146 274146 274146 274146 274146 274146 274146 274146 274146 274146 0 0 0 0 0 0 0 0 0 0 0 0 0 0 0 0 0 0 0 0 0 0 0 0 0
#obs cpue bio
 8613.15 7658.15 10307.8 16211.3 15291.1 19572.7 15591.3 29953 31177.6 78186.4 47339.1 117665 95716.8 157306 128114 109241 94438.7 79485 108743 118715 116224 88440.6 85425.9 149690 119867 184736 107581 101401
#pred surv len freq
 2.56409e-27 2.59079e-27 3.52086e-26 6.88759e-20 1.68841e-14 5.00306e-10 1.79201e-06 0.000775872 0.0406064 0.256887 0.196791 0.0400368 0.166484 0.15375 0.0356787 0.0430149 0.0183956 0.0140393 0.00859825 0.00649465 0.00504095 0.00430092 0.00424799 0.00372457 0.00113208
 2.5653e-27 2.59415e-27 3.81691e-26 7.5121e-20 1.8415e-14 5.4567e-10 1.9545e-06 0.000846223 0.0442883 0.28018 0.214563 0.0391948 0.147592 0.136754 0.040821 0.0587973 0.019714 0.00784205 0.00348965 0.00198602 0.00126123 0.00092266 0.000806362 0.000704998 0.000234476
 2.56606e-27 2.59612e-27 3.98198e-26 7.86029e-20 1.92686e-14 5.70962e-10 2.04509e-06 0.000885445 0.046341 0.293166 0.224487 0.0396421 0.144024 0.133233 0.036077 0.0489627 0.0182526 0.00992699 0.00310891 0.000939244 0.000395059 0.000220989 0.000159932 0.000130972 4.50276e-05
 2.5658e-27 2.59538e-27 3.91147e-26 7.71153e-20 1.89039e-14 5.60156e-10 2.00639e-06 0.000868688 0.045464 0.287618 0.22026 0.0402475 0.151601 0.140169 0.0363 0.0476714 0.017036 0.00834121 0.00304588 0.00101705 0.000222031 6.84873e-05 3.51263e-05 2.46997e-05 8.38938e-06
 2.56723e-27 2.59917e-27 4.23936e-26 8.40322e-20 2.05995e-14 6.10399e-10 2.18635e-06 0.000946605 0.0495419 0.313416 0.239952 0.0398682 0.134878 0.124642 0.031831 0.0413346 0.0142916 0.00626926 0.00212435 0.000686429 0.000172538 3.10576e-05 7.39948e-06 3.71758e-06 1.18104e-06
 2.5665e-27 2.59712e-27 4.05006e-26 8.00385e-20 1.96205e-14 5.81389e-10 2.08244e-06 0.000901617 0.0471874 0.29852 0.228597 0.0410492 0.151844 0.140165 0.032191 0.0382343 0.0131491 0.00566321 0.00181894 0.000525925 0.00012325 2.31854e-05 3.02173e-06 6.72598e-07 1.77448e-07
 2.56677e-27 2.59785e-27 4.11481e-26 8.14044e-20 1.99553e-14 5.91311e-10 2.11798e-06 0.000917004 0.0479927 0.303615 0.232483 0.0407921 0.147158 0.135887 0.0322903 0.0394977 0.0129146 0.00454474 0.001415 0.000391982 8.27004e-05 1.42203e-05 1.70824e-06 1.60253e-07 2.40498e-08
 2.56864e-27 2.60285e-27 4.54831e-26 9.05492e-20 2.2197e-14 6.57738e-10 2.35591e-06 0.00102002 0.053384 0.337722 0.258518 0.0402534 0.124766 0.115057 0.0255844 0.0294318 0.00962655 0.00338733 0.00096932 0.00022458 4.47924e-05 6.99505e-06 7.5408e-07 5.11568e-08 3.04986e-09
 2.5694e-27 2.60481e-27 4.71131e-26 9.39873e-20 2.30399e-14 6.82712e-10 2.44536e-06 0.00105875 0.055411 0.350545 0.268316 0.0406281 0.120734 0.111149 0.0214998 0.0210755 0.00671687 0.00210792 0.000595474 0.000133788 2.2783e-05 3.14756e-06 3.06093e-07 1.77645e-08 5.76979e-10
 2.56824e-27 2.60161e-27 4.42604e-26 8.79693e-20 2.15646e-14 6.38998e-10 2.28878e-06 0.000990956 0.0518631 0.3281 0.251193 0.0416399 0.140464 0.129331 0.0242853 0.0228343 0.00699135 0.00173657 0.000457558 9.32591e-05 1.53841e-05 1.88083e-06 1.55964e-07 7.97553e-09 1.99799e-10
 2.56764e-27 2.60003e-27 4.28894e-26 8.5077e-20 2.08556e-14 6.17989e-10 2.21353e-06 0.000958375 0.0501579 0.317313 0.242959 0.0417908 0.147398 0.135798 0.0266717 0.0266417 0.0080326 0.00176979 0.000426955 6.95307e-05 1.02255e-05 1.16079e-06 8.58438e-08 3.70622e-09 7.91368e-11
 2.5691e-27 2.60397e-27 4.63699e-26 9.24196e-20 2.26555e-14 6.71324e-10 2.40457e-06 0.00104109 0.0544868 0.344698 0.263855 0.0408494 0.125552 0.115613 0.0226252 0.0224965 0.00681079 0.00154669 0.000364105 5.1904e-05 6.36856e-06 5.96176e-07 3.9606e-08 1.50932e-09 2.71427e-11
 2.56984e-27 2.60592e-27 4.80381e-26 9.59384e-20 2.35182e-14 6.96885e-10 2.49612e-06 0.00108073 0.0565613 0.357822 0.273876 0.0408297 0.118362 0.108863 0.0193544 0.0167352 0.00505375 0.00114386 0.000270985 3.93664e-05 4.48734e-06 3.48787e-07 1.85532e-08 6.12955e-10 9.60912e-12
 2.56767e-27 2.59999e-27 4.27527e-26 8.47884e-20 2.07849e-14 6.15893e-10 2.20602e-06 0.000955124 0.0499878 0.316236 0.242151 0.0426792 0.154726 0.142364 0.0242746 0.0195136 0.00575079 0.00107401 0.000245062 3.54713e-05 4.08915e-06 3.07527e-07 1.37625e-08 3.59751e-10 4.75916e-12
 2.56625e-27 2.5962e-27 3.94733e-26 7.78704e-20 1.9089e-14 5.65641e-10 2.02603e-06 0.000877194 0.0459092 0.290434 0.222455 0.0430572 0.171441 0.157942 0.0298183 0.0282242 0.00821236 0.00131308 0.000277347 3.34626e-05 3.67473e-06 2.7659e-07 1.20975e-08 2.71136e-10 2.83518e-12
 2.56687e-27 2.59795e-27 4.10861e-26 8.1273e-20 1.99231e-14 5.90357e-10 2.11456e-06 0.000915524 0.0479152 0.303125 0.232129 0.0420438 0.156932 0.144672 0.0296252 0.0311351 0.00926126 0.00180932 0.000389798 4.06271e-05 3.86099e-06 2.52879e-07 1.08253e-08 2.3666e-10 2.15542e-12
 2.56851e-27 2.60231e-27 4.48372e-26 8.91859e-20 2.18629e-14 6.47836e-10 2.32044e-06 0.00100466 0.0525803 0.332638 0.254662 0.0418662 0.139749 0.128586 0.0226118 0.0191928 0.00569819 0.00112602 0.000250328 3.02089e-05 2.79657e-06 1.54063e-07 5.5992e-09 1.1508e-10 1.01505e-12
 2.56854e-27 2.60234e-27 4.48227e-26 8.91551e-20 2.18553e-14 6.47611e-10 2.31964e-06 0.00100431 0.0525621 0.332523 0.254579 0.0421643 0.142076 0.130669 0.0218045 0.0168196 0.00486366 0.000752621 0.000158684 1.95749e-05 1.95947e-06 1.17241e-07 3.74843e-09 6.43412e-11 5.17264e-13
 2.56857e-27 2.60242e-27 4.48893e-26 8.92957e-20 2.18898e-14 6.48633e-10 2.32329e-06 0.0010059 0.0526451 0.333047 0.25498 0.0422133 0.142167 0.130738 0.0215592 0.0162399 0.00464183 0.000625785 0.000121663 1.20428e-05 1.13707e-06 7.15698e-08 2.50197e-09 4.03034e-11 2.71916e-13
 2.56878e-27 2.60297e-27 4.53559e-26 9.02798e-20 2.2131e-14 6.55782e-10 2.3489e-06 0.00101698 0.0532253 0.336718 0.257783 0.0422173 0.140228 0.128915 0.0206111 0.0145367 0.00412706 0.000515617 9.58262e-05 8.24821e-06 6.6323e-07 3.49779e-08 1.23016e-09 2.13695e-11 1.41076e-13
 2.56916e-27 2.60399e-27 4.6244e-26 9.21534e-20 2.25903e-14 6.69391e-10 2.39765e-06 0.00103809 0.0543298 0.343705 0.263117 0.0421121 0.13568 0.124679 0.0191533 0.0122787 0.00345107 0.000380904 6.6812e-05 5.29999e-06 3.87665e-07 1.71082e-08 4.95317e-10 8.11151e-12 5.65451e-14
 2.56944e-27 2.60473e-27 4.68836e-26 9.35025e-20 2.2921e-14 6.79191e-10 2.43275e-06 0.00105329 0.0551252 0.348737 0.266957 0.0420083 0.132192 0.121438 0.0181913 0.0109008 0.0030398 0.000300499 4.94754e-05 3.50291e-06 2.33998e-07 9.29378e-09 2.29536e-10 3.06071e-12 1.92474e-14
 2.56997e-27 2.60617e-27 4.81461e-26 9.61658e-20 2.35739e-14 6.98537e-10 2.50204e-06 0.00108329 0.0566954 0.358671 0.274538 0.0417589 0.124967 0.114739 0.016414 0.00853598 0.00235665 0.000205093 3.11598e-05 1.97516e-06 1.18307e-07 4.13053e-09 9.1247e-11 1.04296e-12 5.36128e-15
 2.57001e-27 2.60626e-27 4.82191e-26 9.63199e-20 2.36117e-14 6.99655e-10 2.50605e-06 0.00108502 0.0567862 0.359245 0.274978 0.0417997 0.124969 0.114726 0.0161372 0.00790821 0.00216908 0.000169267 2.37074e-05 1.34583e-06 7.16943e-08 2.19072e-09 4.23943e-11 4.24001e-13 1.87685e-15
 2.57037e-27 2.60724e-27 4.90953e-26 9.81683e-20 2.40648e-14 7.13082e-10 2.55414e-06 0.00110585 0.057876 0.366139 0.280237 0.0414729 0.118787 0.109036 0.0154013 0.00766243 0.00209949 0.000158228 2.14362e-05 1.11095e-06 5.28157e-08 1.4086e-09 2.37565e-11 2.04794e-13 7.859e-16
 2.56953e-27 2.60496e-27 4.70689e-26 9.38933e-20 2.30168e-14 6.82029e-10 2.44291e-06 0.00105769 0.0553556 0.350195 0.268073 0.0421552 0.132526 0.121697 0.0173487 0.00891475 0.00245069 0.000195498 2.7548e-05 1.39809e-06 6.34793e-08 1.51029e-09 2.2274e-11 1.64645e-13 5.42103e-16
 2.56943e-27 2.60466e-27 4.67722e-26 9.32675e-20 2.28634e-14 6.77483e-10 2.42663e-06 0.00105064 0.0549866 0.347861 0.266295 0.0424518 0.136032 0.124882 0.0169926 0.00730236 0.00198636 0.000139182 1.77745e-05 9.17627e-07 4.22621e-08 9.69771e-10 1.31718e-11 8.46827e-14 2.38943e-16
 2.5691e-27 2.60376e-27 4.59711e-26 9.15773e-20 2.24491e-14 6.65206e-10 2.38266e-06 0.0010316 0.0539902 0.341557 0.261487 0.0427697 0.141829 0.130214 0.0176135 0.00737517 0.00199481 0.000122073 1.35209e-05 6.23861e-07 2.55781e-08 5.93355e-10 8.00403e-12 4.82945e-14 1.20845e-16
#obs surv len freq
 1.25003e-41 1.73496e-33 2.91076e-26 5.90297e-20 1.44704e-14 4.28785e-10 1.53584e-06 0.000664966 0.0348016 0.220166 0.168849 0.0417499 0.170234 0.142521 0.0892593 0.0844063 0.0329471 0.0117746 0.00235204 0.000260198 1.17322e-05 1.58365e-07 4.84309e-10 2.73467e-13 2.49145e-17
 1.56032e-41 2.16561e-33 3.63327e-26 7.3682e-20 1.80623e-14 5.35218e-10 1.91706e-06 0.000830022 0.0434401 0.274815 0.210613 0.0426841 0.142177 0.113276 0.0740117 0.0645074 0.024256 0.00786307 0.00138922 0.000130229 4.76744e-06 4.97302e-08 1.12932e-10 4.62049e-14 3.00819e-18
 1.29386e-41 1.79579e-33 3.01281e-26 6.10992e-20 1.49777e-14 4.43818e-10 1.58968e-06 0.000688278 0.0360217 0.227885 0.175018 0.0517389 0.203841 0.149848 0.0731919 0.055294 0.0197487 0.00575724 0.000892784 6.96443e-05 2.02659e-06 1.61769e-08 2.72462e-11 8.08237e-15 3.76218e-19
 1.55722e-41 2.16132e-33 3.62606e-26 7.35358e-20 1.80264e-14 5.34156e-10 1.91326e-06 0.000828376 0.0433539 0.27427 0.21037 0.0473671 0.149702 0.10957 0.0848867 0.05971 0.0156971 0.00371139 0.000498241 3.20489e-05 7.30024e-07 4.38979e-09 5.4401e-12 1.1686e-15 3.89424e-20
 1.5381e-41 2.13477e-33 3.58153e-26 7.26327e-20 1.7805e-14 5.27596e-10 1.88976e-06 0.000818202 0.0428214 0.270903 0.208039 0.0552762 0.179832 0.118659 0.0640961 0.0419272 0.0143614 0.00296713 0.000282767 1.41766e-05 2.49888e-07 1.11962e-09 1.00971e-12 1.55936e-16 3.70999e-21
 1.34653e-41 1.86889e-33 3.13545e-26 6.35863e-20 1.55874e-14 4.61884e-10 1.65439e-06 0.000716295 0.037488 0.237163 0.182523 0.0612053 0.205479 0.131193 0.0837221 0.0468885 0.0112133 0.00219327 0.000205261 7.37711e-06 9.20751e-08 3.01306e-10 1.96214e-13 2.16237e-17 3.64931e-22
 1.56458e-41 2.17154e-33 3.6432e-26 7.38834e-20 1.81116e-14 5.36681e-10 1.92231e-06 0.000832291 0.0435588 0.275569 0.211819 0.0580411 0.1654 0.104941 0.0833969 0.0440837 0.0106391 0.00159909 0.000114087 3.58119e-06 3.27975e-08 7.2814e-11 3.3038e-14 2.57066e-18 3.06075e-23
 1.72782e-41 2.39809e-33 4.0233e-26 8.15917e-20 2.00012e-14 5.92674e-10 2.12286e-06 0.000919125 0.0481034 0.30432 0.233977 0.0627395 0.163276 0.0928506 0.0570512 0.0281285 0.0075084 0.00106238 6.15899e-05 1.3983e-06 9.88856e-09 1.61033e-11 4.96502e-15 2.61077e-19 2.14066e-24
 1.65707e-41 2.29991e-33 3.85857e-26 7.8251e-20 1.91823e-14 5.68407e-10 2.03594e-06 0.000881492 0.0461338 0.291862 0.224869 0.0712464 0.184723 0.097951 0.0550432 0.0222828 0.00440695 0.000567011 3.10085e-05 5.61807e-07 2.81939e-09 3.28591e-12 7.30791e-16 2.67549e-20 1.48591e-25
 1.5323e-41 2.12673e-33 3.56803e-26 7.2359e-20 1.7738e-14 5.25608e-10 1.88264e-06 0.000815119 0.0426601 0.269889 0.208536 0.078627 0.200132 0.104871 0.0664976 0.0237488 0.00384474 0.000362086 1.51412e-05 2.34099e-07 9.26574e-10 7.68284e-13 1.18174e-16 3.03012e-21 1.18324e-26
 1.46492e-41 2.03321e-33 3.41114e-26 6.91772e-20 1.6958e-14 5.02496e-10 1.79986e-06 0.000779277 0.0407842 0.258025 0.199904 0.0840983 0.203617 0.107501 0.0755696 0.0253139 0.00408233 0.000314606 9.31876e-06 1.01265e-07 3.06454e-10 1.95352e-13 2.18147e-17 3.88774e-22 1.04348e-27
 1.88135e-41 2.61119e-33 4.3808e-26 8.88418e-20 2.17785e-14 6.45338e-10 2.3115e-06 0.0010008 0.0523778 0.331367 0.255524 0.0728848 0.140559 0.0737623 0.0529156 0.0167085 0.00270287 0.000190099 4.70897e-06 3.61815e-08 7.32453e-11 3.27974e-14 2.68625e-18 3.50607e-23 6.72281e-29
 1.56896e-41 2.17762e-33 3.6534e-26 7.40903e-20 1.81624e-14 5.38184e-10 1.92769e-06 0.000834622 0.0436808 0.276359 0.215231 0.102427 0.214202 0.0902542 0.0428606 0.0121621 0.00186367 0.000119981 2.65948e-06 1.66258e-08 2.43099e-11 7.26516e-15 3.96983e-19 3.58133e-24 4.88417e-30
 1.27287e-41 1.76667e-33 2.96395e-26 6.01083e-20 1.47348e-14 4.3662e-10 1.5639e-06 0.000677116 0.0354376 0.224219 0.176504 0.113693 0.233325 0.119362 0.0779806 0.0169788 0.00172683 9.27157e-05 1.7968e-06 9.51061e-09 1.11147e-11 2.45963e-15 9.3e-20 5.60213e-25 5.09494e-31
 1.14787e-41 1.59316e-33 2.67286e-26 5.4205e-20 1.32877e-14 3.9374e-10 1.41031e-06 0.000610616 0.0319572 0.20221 0.160464 0.117409 0.227305 0.135234 0.0980077 0.0239046 0.00278737 0.000107051 1.42622e-06 5.95455e-09 5.59623e-12 9.69357e-16 2.76014e-20 1.20105e-25 7.60951e-32
 1.56026e-41 2.16554e-33 3.63315e-26 7.36795e-20 1.80617e-14 5.352e-10 1.917e-06 0.000829994 0.0434386 0.274843 0.215238 0.100876 0.165557 0.104065 0.0736645 0.0189885 0.00239886 9.69753e-05 1.11395e-06 3.15899e-09 2.07572e-12 2.69483e-16 5.83584e-21 1.9105e-26 8.94471e-33
 1.41248e-41 1.96044e-33 3.28904e-26 6.6701e-20 1.6351e-14 4.84509e-10 1.73543e-06 0.000751382 0.0393244 0.248845 0.198411 0.1361 0.215239 0.0965471 0.0507104 0.0124801 0.00152755 6.24534e-05 7.12264e-07 1.79434e-09 8.76499e-13 7.70421e-17 1.15094e-21 2.70761e-27 9.29937e-34
 1.46491e-41 2.03319e-33 3.4111e-26 6.91764e-20 1.69578e-14 5.0249e-10 1.79984e-06 0.000779268 0.0407839 0.258088 0.205811 0.13025 0.190288 0.107156 0.0564225 0.0095273 0.00086155 3.16139e-05 3.34818e-07 7.78174e-10 3.32751e-13 2.33809e-17 2.53565e-22 4.092e-28 9.57e-35
 1.44229e-41 2.0018e-33 3.35843e-26 6.81083e-20 1.66959e-14 4.94731e-10 1.77205e-06 0.000767235 0.0401542 0.254133 0.204868 0.144483 0.195746 0.101285 0.048892 0.00895651 0.000695427 1.72865e-05 1.4e-07 2.74985e-10 1.00669e-13 5.96139e-18 5.26839e-23 6.61338e-29 1.14394e-35
 1.55991e-41 2.16505e-33 3.63233e-26 7.36628e-20 1.80576e-14 5.35079e-10 1.91657e-06 0.000829807 0.0434289 0.274869 0.221397 0.141395 0.174967 0.0946879 0.0414283 0.00652494 0.00046035 1.02041e-05 5.98577e-08 8.15685e-11 2.25195e-14 1.05727e-18 7.4869e-24 7.48968e-30 1.0189e-36
 1.5063e-41 2.09065e-33 3.5075e-26 7.11314e-20 1.7437e-14 5.16691e-10 1.8507e-06 0.00080129 0.0419366 0.265482 0.217415 0.160615 0.184771 0.0893457 0.0343152 0.00501091 0.000300082 5.51245e-06 2.68992e-08 2.78477e-11 5.3326e-15 1.73748e-19 8.92151e-25 6.7001e-31 6.95368e-38
 1.55146e-41 2.15333e-33 3.61265e-26 7.32638e-20 1.79598e-14 5.32181e-10 1.90618e-06 0.000825312 0.0431939 0.273474 0.224931 0.160351 0.172608 0.0897316 0.0309438 0.00374919 0.000187505 2.85072e-06 1.1003e-08 8.90257e-12 1.30151e-15 3.07395e-20 1.09638e-25 5.66753e-32 4.11298e-39
 1.55958e-41 2.1646e-33 3.63156e-26 7.36473e-20 1.80538e-14 5.34966e-10 1.91616e-06 0.000829632 0.0434202 0.274975 0.229057 0.171023 0.170101 0.0821287 0.0254826 0.00286219 0.00011781 1.38919e-06 4.15696e-09 2.57066e-12 2.82624e-16 4.98439e-21 1.31247e-26 4.90446e-33 2.5132e-40
 1.5958e-41 2.21487e-33 3.7159e-26 7.53577e-20 1.84731e-14 5.4739e-10 1.96066e-06 0.0008489 0.0444287 0.281426 0.236318 0.174133 0.16191 0.0775678 0.021235 0.00205761 7.22309e-05 6.97056e-07 1.58472e-09 7.24632e-13 5.8816e-17 7.62846e-22 1.46933e-27 4.00366e-34 1.49191e-41
 1.5874e-41 2.2032e-33 3.69633e-26 7.49608e-20 1.83758e-14 5.44507e-10 1.95034e-06 0.000844429 0.0441951 0.280059 0.23908 0.18451 0.160053 0.0721588 0.0175537 0.00150101 4.34173e-05 3.35584e-07 5.98209e-10 2.06294e-13 1.22043e-17 1.13926e-22 1.5788e-28 3.09902e-35 8.31677e-43
 1.37546e-41 1.90905e-33 3.20282e-26 6.49526e-20 1.59224e-14 4.71809e-10 1.68994e-06 0.000731687 0.0382954 0.242963 0.219157 0.216981 0.18294 0.0804858 0.017165 0.00125005 2.98212e-05 1.83708e-07 2.51564e-10 6.54573e-14 2.88079e-18 1.96491e-23 1.95743e-29 2.73637e-36 5.21564e-44
 1.40162e-41 1.94535e-33 3.26373e-26 6.61878e-20 1.62251e-14 4.80781e-10 1.72208e-06 0.000745601 0.039024 0.247672 0.223726 0.205361 0.176656 0.088288 0.0173937 0.00111067 2.16495e-05 1.04936e-07 1.10213e-10 2.14977e-14 6.97579e-19 3.47812e-24 2.51856e-30 2.54307e-37 3.47606e-45
 1.46395e-41 2.03187e-33 3.40889e-26 6.91315e-20 1.69468e-14 5.02164e-10 1.79867e-06 0.000778763 0.0407595 0.258637 0.23152 0.202826 0.169408 0.078866 0.016106 0.00107701 1.95339e-05 8.22179e-08 7.21831e-11 1.15642e-14 3.05617e-19 1.23334e-24 7.1931e-31 5.83344e-38 6.39629e-46
#pred catch len freq
 2.55824e-27 2.57525e-27 2.18617e-26 4.07208e-20 9.98222e-15 2.95791e-10 1.05947e-06 0.000458712 0.0240073 0.151878 0.116617 0.0406297 0.227323 0.210324 0.0533454 0.0692808 0.0296834 0.0226838 0.0138393 0.0104191 0.00807071 0.00687987 0.00679322 0.00595586 0.00181026
 2.55911e-27 2.57778e-27 2.41324e-26 4.55112e-20 1.11565e-14 3.30588e-10 1.18411e-06 0.000512674 0.0268315 0.169744 0.130243 0.0396223 0.210087 0.1952 0.0651959 0.0997644 0.0334977 0.0133685 0.00593188 0.00336341 0.00213137 0.00155774 0.00136096 0.0011898 0.000395714
 2.5599e-27 2.57981e-27 2.57882e-26 4.90035e-20 1.20126e-14 3.55956e-10 1.27497e-06 0.000552015 0.0288905 0.182769 0.140204 0.0405759 0.210345 0.19508 0.0586733 0.0850963 0.0317807 0.0173349 0.00541952 0.00162987 0.000683828 0.000382085 0.000276416 0.000226348 7.78166e-05
 2.55999e-27 2.57993e-27 2.57742e-26 4.89737e-20 1.20053e-14 3.55739e-10 1.2742e-06 0.000551678 0.0288728 0.182658 0.140134 0.0415347 0.217691 0.201708 0.0571332 0.0798089 0.0285437 0.0139811 0.00509184 0.00169371 0.000368929 0.00011361 5.82394e-05 4.09482e-05 1.39081e-05
 2.56142e-27 2.58371e-27 2.90128e-26 5.58053e-20 1.368e-14 4.05362e-10 1.45194e-06 0.000628635 0.0329005 0.208138 0.159588 0.0413872 0.202901 0.187935 0.0524828 0.0725898 0.0251196 0.0110255 0.00372713 0.00119925 0.000300788 5.4075e-05 1.28735e-05 6.46668e-06 2.05438e-06
 2.56104e-27 2.58253e-27 2.78076e-26 5.32623e-20 1.30566e-14 3.86891e-10 1.38578e-06 0.000599989 0.0314013 0.198654 0.152372 0.0430536 0.220652 0.204038 0.0503088 0.0635438 0.0218567 0.00939512 0.00300996 0.000866298 0.000202545 3.80516e-05 4.95618e-06 1.10286e-06 2.90953e-07
 2.56152e-27 2.58381e-27 2.89327e-26 5.56357e-20 1.36384e-14 4.04131e-10 1.44753e-06 0.000626725 0.0328005 0.207506 0.159127 0.042736 0.21349 0.197478 0.0500661 0.0645727 0.0211077 0.00739898 0.00229719 0.000633331 0.00013331 2.28897e-05 2.74796e-06 2.5772e-07 3.86742e-08
 2.56367e-27 2.58949e-27 3.38176e-26 6.59403e-20 1.61645e-14 4.78982e-10 1.71563e-06 0.000742803 0.0388756 0.245938 0.188469 0.0424649 0.190811 0.176286 0.0415498 0.0504627 0.0164992 0.00577934 0.0016497 0.000380257 7.56562e-05 1.1798e-05 1.271e-06 8.6202e-08 5.13868e-09
 2.56463e-27 2.59193e-27 3.57975e-26 7.01165e-20 1.71882e-14 5.09317e-10 1.82429e-06 0.000789847 0.0413378 0.261514 0.200376 0.043335 0.189067 0.174358 0.0354469 0.0369883 0.0117879 0.00368228 0.00103756 0.000231943 3.94053e-05 5.43525e-06 5.28205e-07 3.06467e-08 9.95285e-10
 2.56358e-27 2.58902e-27 3.3179e-26 6.45923e-20 1.5834e-14 4.6919e-10 1.68056e-06 0.000727619 0.0380809 0.240911 0.184662 0.0444614 0.208679 0.192398 0.0375971 0.0373206 0.0114238 0.00281795 0.00074029 0.000150069 2.46945e-05 3.01437e-06 2.49773e-07 1.27688e-08 3.19845e-10
 2.56313e-27 2.58783e-27 3.21619e-26 6.24469e-20 1.53081e-14 4.53606e-10 1.62474e-06 0.000703451 0.0368161 0.232909 0.178551 0.0444209 0.212664 0.196168 0.0399458 0.0417163 0.0125713 0.00274624 0.000660515 0.000106951 1.56861e-05 1.77768e-06 1.31367e-07 5.6698e-09 1.2105e-10
 2.56475e-27 2.59221e-27 3.60214e-26 7.05887e-20 1.7304e-14 5.12748e-10 1.83658e-06 0.000795167 0.0416162 0.263276 0.201723 0.0434175 0.188749 0.17406 0.0353215 0.0367388 0.0111168 0.00250331 0.000587678 8.3301e-05 1.01935e-05 9.52454e-07 6.32233e-08 2.40854e-09 4.33083e-11
 2.5657e-27 2.5947e-27 3.8134e-26 7.5045e-20 1.83964e-14 5.45118e-10 1.95252e-06 0.000845366 0.0442434 0.279896 0.214417 0.0435856 0.181109 0.166819 0.0305765 0.0277384 0.00837294 0.00187855 0.000443756 6.41008e-05 7.28837e-06 5.65428e-07 3.00504e-08 9.92413e-10 1.55557e-11
 2.56351e-27 2.5887e-27 3.27689e-26 6.37267e-20 1.56218e-14 4.62903e-10 1.65804e-06 0.000717868 0.0375706 0.237683 0.182215 0.045606 0.219108 0.201797 0.0351831 0.0294255 0.00866774 0.00160172 0.000364124 5.23944e-05 6.02431e-06 4.52226e-07 2.02206e-08 5.28339e-10 6.98827e-12
 2.562e-27 2.58472e-27 2.93481e-26 5.65107e-20 1.38529e-14 4.10487e-10 1.4703e-06 0.000636582 0.0333164 0.210769 0.161666 0.0457225 0.234433 0.216167 0.0418943 0.0410977 0.011953 0.00189148 0.000397996 4.77371e-05 5.22697e-06 3.92687e-07 1.71609e-08 3.84462e-10 4.01948e-12
 2.5631e-27 2.58776e-27 3.21187e-26 6.23558e-20 1.52858e-14 4.52945e-10 1.62237e-06 0.000702426 0.0367624 0.23257 0.17829 0.0442804 0.211779 0.195398 0.040663 0.0435336 0.0129324 0.0024923 0.000534922 5.54161e-05 5.24973e-06 3.43123e-07 1.46749e-08 3.20689e-10 2.92022e-12
 2.5648e-27 2.59222e-27 3.59137e-26 7.03611e-20 1.72482e-14 5.11095e-10 1.83065e-06 0.000792604 0.041482 0.262427 0.201091 0.0444599 0.197125 0.181556 0.0324222 0.0282283 0.00837168 0.00163297 0.000361651 4.33793e-05 4.0051e-06 2.2018e-07 7.99412e-09 1.64226e-10 1.44829e-12
 2.56494e-27 2.59255e-27 3.61481e-26 7.08554e-20 1.73693e-14 5.14685e-10 1.84351e-06 0.000798171 0.0417734 0.26427 0.202505 0.0448295 0.198945 0.183137 0.030931 0.0244189 0.00705585 0.00107758 0.000226112 2.77205e-05 2.76709e-06 1.65243e-07 5.27835e-09 9.05564e-11 7.27869e-13
 2.56516e-27 2.59314e-27 3.66547e-26 7.1924e-20 1.76313e-14 5.22447e-10 1.87132e-06 0.000810209 0.0424034 0.268256 0.205547 0.0447924 0.196524 0.180879 0.0300847 0.0230535 0.00658457 0.000875628 0.000169327 1.66581e-05 1.56756e-06 9.8468e-08 3.43924e-09 5.53771e-11 3.73535e-13
 2.56559e-27 2.5943e-27 3.76558e-26 7.40359e-20 1.8149e-14 5.37787e-10 1.92626e-06 0.000833999 0.0436485 0.276133 0.211561 0.0447088 0.191663 0.176341 0.0283321 0.0201993 0.00573018 0.000705715 0.000130382 1.11554e-05 8.93808e-07 4.70345e-08 1.65251e-09 2.86937e-11 1.89392e-13
 2.5661e-27 2.59565e-27 3.88271e-26 7.65066e-20 1.87547e-14 5.55734e-10 1.99055e-06 0.000861831 0.0451051 0.285348 0.218595 0.0445902 0.185818 0.170891 0.0263444 0.0170388 0.00478576 0.000520846 9.07517e-05 7.15678e-06 5.21564e-07 2.29664e-08 6.64191e-10 1.08714e-11 7.57687e-14
 2.56666e-27 2.59715e-27 4.01379e-26 7.92718e-20 1.94325e-14 5.75821e-10 2.06249e-06 0.000892981 0.0467354 0.295661 0.226466 0.0443189 0.178223 0.163852 0.0245517 0.0147233 0.0041026 0.000399784 6.53147e-05 4.59786e-06 3.05911e-07 1.21227e-08 2.99068e-10 3.98561e-12 2.50577e-14
 2.56727e-27 2.59879e-27 4.1573e-26 8.22993e-20 2.01747e-14 5.97812e-10 2.14126e-06 0.000927084 0.0485202 0.306953 0.235084 0.0440765 0.170324 0.156516 0.0223981 0.0116613 0.00321755 0.000276284 4.16158e-05 2.62363e-06 1.56474e-07 5.45068e-09 1.20267e-10 1.37385e-12 7.06039e-15
 2.56729e-27 2.59881e-27 4.15806e-26 8.23153e-20 2.01786e-14 5.97928e-10 2.14168e-06 0.000927265 0.0485297 0.307012 0.235131 0.0441633 0.170952 0.157074 0.0221082 0.0108598 0.00297726 0.000229468 3.18387e-05 1.79828e-06 9.53549e-08 2.90706e-09 5.61856e-11 5.61582e-13 2.48517e-15
 2.56754e-27 2.5995e-27 4.21988e-26 8.36194e-20 2.04983e-14 6.07401e-10 2.17561e-06 0.000941955 0.0492985 0.311876 0.238841 0.0439132 0.166442 0.152928 0.0216553 0.0108705 0.00297781 0.000221854 2.97814e-05 1.53631e-06 7.2684e-08 1.93411e-09 3.25755e-11 2.80633e-13 1.07661e-15
 2.56713e-27 2.59838e-27 4.12036e-26 8.15199e-20 1.99836e-14 5.9215e-10 2.12098e-06 0.000918305 0.0480608 0.304046 0.232867 0.0442465 0.173176 0.159134 0.0226141 0.0114942 0.00315697 0.000248394 3.46555e-05 1.75052e-06 7.90802e-08 1.87726e-09 2.76462e-11 2.04214e-13 6.72165e-16
 2.5671e-27 2.59828e-27 4.10789e-26 8.12567e-20 1.99191e-14 5.90239e-10 2.11414e-06 0.00091534 0.0479056 0.303064 0.232122 0.0445386 0.175921 0.161605 0.0219177 0.00928624 0.00252363 0.000174598 2.20428e-05 1.1324e-06 5.18954e-08 1.18822e-09 1.61157e-11 1.03535e-13 2.92036e-16
 2.5668e-27 2.59747e-27 4.03513e-26 7.97217e-20 1.95428e-14 5.79089e-10 2.0742e-06 0.000898049 0.0470006 0.297339 0.227756 0.0448396 0.18128 0.16653 0.0224435 0.00924462 0.00249816 0.000151169 1.65248e-05 7.59016e-07 3.09482e-08 7.1628e-10 9.64876e-12 5.81776e-14 1.45524e-16
#obs catch len freq
 6.01371e-42 8.34663e-34 1.40032e-26 2.83982e-20 6.96149e-15 2.06282e-10 7.38867e-07 0.000319904 0.0167425 0.105919 0.0816485 0.0425112 0.227554 0.192059 0.131385 0.126797 0.0515018 0.0190935 0.003988 0.000457975 2.15811e-05 3.05601e-07 9.77264e-10 5.73842e-13 5.40772e-17
 6.85611e-42 9.51583e-34 1.59648e-26 3.23763e-20 7.93666e-15 2.35178e-10 8.42368e-07 0.000364717 0.0190878 0.120757 0.0930894 0.0462355 0.230219 0.184839 0.129083 0.11417 0.0442537 0.0148463 0.00276982 0.000273519 1.04697e-05 1.13917e-07 2.69505e-10 1.14428e-13 7.69504e-18
 1.03407e-41 1.43522e-33 2.40788e-26 4.88313e-20 1.19704e-14 3.54705e-10 1.2705e-06 0.000550082 0.0287891 0.18213 0.140022 0.0482119 0.202236 0.154306 0.109946 0.088985 0.0330582 0.00998854 0.00163561 0.000135721 4.17862e-06 3.48566e-08 6.09195e-11 1.8686e-14 8.96491e-19
 8.82114e-42 1.22432e-33 2.05404e-26 4.16556e-20 1.02114e-14 3.02582e-10 1.0838e-06 0.000469248 0.0245586 0.155367 0.119922 0.0601144 0.262424 0.18313 0.0957176 0.0673129 0.0236293 0.00638126 0.000909407 6.22265e-05 1.51011e-06 9.57371e-09 1.23506e-11 2.73888e-15 9.38007e-20
 1.21111e-41 1.68094e-33 2.82012e-26 5.71915e-20 1.40198e-14 4.15433e-10 1.48802e-06 0.000644259 0.0337179 0.213312 0.164067 0.0539979 0.193866 0.136087 0.110756 0.070877 0.0181568 0.00399901 0.00048956 2.73625e-05 5.1541e-07 2.4467e-09 2.31295e-12 3.70456e-16 9.06889e-21
 1.28033e-41 1.77702e-33 2.98131e-26 6.04604e-20 1.48212e-14 4.39178e-10 1.57306e-06 0.000681083 0.0356452 0.225505 0.173692 0.0635872 0.220202 0.137792 0.0774302 0.046839 0.0154798 0.0028827 0.000250651 1.08898e-05 1.57488e-07 5.53856e-10 3.79654e-13 4.36176e-17 7.61231e-22
 1.16816e-41 1.62133e-33 2.72012e-26 5.51636e-20 1.35227e-14 4.00702e-10 1.43525e-06 0.000621414 0.0325223 0.205751 0.158892 0.0695106 0.235415 0.143107 0.0935165 0.0475287 0.0109951 0.00197071 0.000163053 5.01315e-06 5.13346e-08 1.31358e-10 6.4812e-14 5.30304e-18 6.55677e-23
 1.44979e-41 2.01221e-33 3.37591e-26 6.84627e-20 1.67828e-14 4.97306e-10 1.78127e-06 0.000771227 0.040363 0.255353 0.196696 0.0646775 0.184859 0.112614 0.0900825 0.0432052 0.0099452 0.00134439 8.58858e-05 2.27378e-06 1.68332e-08 2.91886e-11 1.00254e-14 5.78327e-19 5.03954e-24
 1.67385e-41 2.32319e-33 3.89763e-26 7.90433e-20 1.93765e-14 5.74162e-10 2.05655e-06 0.000890417 0.0466009 0.294816 0.227038 0.0687517 0.174952 0.0946905 0.0583521 0.0263771 0.00664944 0.000836031 4.25384e-05 8.14342e-07 4.6352e-09 5.84471e-12 1.3613e-15 5.30645e-20 3.1825e-25
 1.64536e-41 2.28366e-33 3.83131e-26 7.76982e-20 1.90468e-14 5.64391e-10 2.02156e-06 0.000875265 0.0458079 0.289802 0.223656 0.0770657 0.189994 0.0957207 0.0533902 0.0195742 0.00366891 0.000422536 1.99622e-05 2.99952e-07 1.20547e-09 1.08641e-12 1.81946e-16 4.9316e-21 2.00412e-26
 1.55573e-41 2.15925e-33 3.62259e-26 7.34654e-20 1.80092e-14 5.33645e-10 1.91143e-06 0.000827582 0.0433124 0.274018 0.212092 0.0841436 0.199976 0.100255 0.0621258 0.0199614 0.00302401 0.000252836 9.20145e-06 1.17149e-07 3.66822e-10 2.33963e-13 2.70686e-17 5.13327e-22 1.46578e-27
 1.51708e-41 2.1056e-33 3.53258e-26 7.16401e-20 1.75617e-14 5.20386e-10 1.86394e-06 0.000807021 0.0422363 0.267214 0.207358 0.0891122 0.199189 0.101434 0.0685995 0.0207467 0.00308857 0.000207845 5.30428e-06 4.75572e-08 1.13714e-10 5.54232e-14 4.63773e-18 6.10684e-23 1.19821e-28
 1.92835e-41 2.67642e-33 4.49025e-26 9.10613e-20 2.23226e-14 6.6146e-10 2.36924e-06 0.0010258 0.0536863 0.339648 0.262179 0.0760807 0.135618 0.0690454 0.0471006 0.0134945 0.00199448 0.000121605 2.55088e-06 1.59913e-08 2.55614e-11 8.75435e-15 5.36133e-19 5.15907e-24 7.22714e-30
 1.62343e-41 2.25321e-33 3.78023e-26 7.66623e-20 1.87929e-14 5.56867e-10 1.99461e-06 0.000863596 0.0451972 0.285958 0.223167 0.107387 0.205863 0.082676 0.037702 0.00975244 0.00135449 7.53224e-05 1.39863e-06 7.04837e-09 8.06531e-12 1.83961e-15 7.51763e-20 4.99594e-25 4.96964e-31
 1.33676e-41 1.85534e-33 3.11271e-26 6.31252e-20 1.54744e-14 4.58535e-10 1.6424e-06 0.000711101 0.0372162 0.23548 0.185921 0.120003 0.225514 0.112548 0.0680806 0.0132362 0.00123047 5.72541e-05 9.23198e-07 3.9084e-09 3.5457e-12 5.95563e-16 1.68091e-20 7.4609e-26 4.95013e-32
 1.21922e-41 1.6922e-33 2.83902e-26 5.75747e-20 1.41138e-14 4.18217e-10 1.49798e-06 0.000648576 0.0339439 0.21479 0.171024 0.124099 0.220089 0.129141 0.0853872 0.0188745 0.0019379 6.33679e-05 7.07328e-07 2.35916e-09 1.71189e-12 2.23963e-16 4.74443e-21 1.51933e-26 7.02611e-33
 1.63857e-41 2.27423e-33 3.81549e-26 7.73773e-20 1.89681e-14 5.62061e-10 2.01321e-06 0.000871651 0.0456188 0.288645 0.226492 0.104614 0.157139 0.0975445 0.0626565 0.0147361 0.00162482 5.53488e-05 5.18908e-07 1.17022e-09 5.94656e-13 5.81798e-17 9.3445e-22 2.24606e-27 7.66607e-34
 1.49117e-41 2.06964e-33 3.47226e-26 7.04167e-20 1.72618e-14 5.11499e-10 1.83211e-06 0.000793239 0.0415151 0.262721 0.21012 0.140639 0.202523 0.088322 0.0427091 0.00959813 0.00102257 3.51123e-05 3.23164e-07 6.37751e-10 2.38763e-13 1.58007e-17 1.74955e-22 3.01548e-28 7.5333e-35
 1.54851e-41 2.14923e-33 3.60577e-26 7.31243e-20 1.79256e-14 5.31167e-10 1.90256e-06 0.000823741 0.0431114 0.272832 0.218177 0.133941 0.178817 0.0983946 0.0462654 0.00705591 0.00056305 1.73436e-05 1.47461e-07 2.66332e-10 8.65225e-14 4.54912e-18 3.64992e-23 4.31698e-29 7.34097e-36
 1.52857e-41 2.12156e-33 3.55935e-26 7.2183e-20 1.76948e-14 5.2433e-10 1.87806e-06 0.000813137 0.0425565 0.269357 0.21781 0.147788 0.182784 0.0919869 0.0398974 0.00656054 0.000435971 9.09973e-06 5.94629e-08 9.04452e-11 2.50167e-14 1.10245e-18 7.17805e-24 6.59134e-30 8.29388e-37
 1.6479e-41 2.28718e-33 3.83721e-26 7.78179e-20 1.90761e-14 5.65261e-10 2.02467e-06 0.000876613 0.0458787 0.290396 0.234524 0.14331 0.162092 0.0848941 0.033072 0.00466787 0.000281715 5.14849e-06 2.40984e-08 2.54731e-11 5.30915e-15 1.84831e-19 9.6053e-25 7.00525e-31 6.91564e-38
 1.59589e-41 2.215e-33 3.71611e-26 7.5362e-20 1.84741e-14 5.47422e-10 1.96078e-06 0.000848948 0.0444309 0.281302 0.231064 0.162057 0.170281 0.0791987 0.0271141 0.00352054 0.000178798 2.7e-06 1.04239e-08 8.29694e-12 1.19689e-15 2.89046e-20 1.0868e-25 5.93132e-32 4.45315e-39
 1.64334e-41 2.28085e-33 3.8266e-26 7.76028e-20 1.90234e-14 5.63698e-10 2.01907e-06 0.00087419 0.0457521 0.289706 0.238918 0.160794 0.158616 0.0786988 0.0239602 0.00256871 0.000108555 1.34594e-06 4.08891e-09 2.53256e-12 2.77657e-16 4.85006e-21 1.26659e-26 4.75633e-33 2.49251e-40
 1.65172e-41 2.29247e-33 3.8461e-26 7.79982e-20 1.91203e-14 5.6657e-10 2.02936e-06 0.000878644 0.0459855 0.291264 0.243267 0.170513 0.155425 0.0711759 0.0195036 0.00191843 6.60416e-05 6.32319e-07 1.48258e-09 6.98882e-13 5.74496e-17 7.4745e-22 1.43856e-27 3.90394e-34 1.44585e-41
 1.68833e-41 2.3433e-33 3.93137e-26 7.97273e-20 1.95442e-14 5.79131e-10 2.07435e-06 0.000898123 0.0470052 0.297798 0.250652 0.172591 0.147338 0.0663603 0.0159663 0.00134776 3.93395e-05 3.05415e-07 5.41069e-10 1.88047e-13 1.13822e-17 1.08674e-22 1.52738e-28 3.01808e-35 8.11929e-43
 1.68046e-41 2.33237e-33 3.91303e-26 7.93555e-20 1.94531e-14 5.7643e-10 2.06468e-06 0.000893934 0.0467864 0.296545 0.253696 0.18201 0.145049 0.0610191 0.0130139 0.000960892 2.29566e-05 1.41991e-07 1.96139e-10 5.11946e-14 2.25363e-18 1.54631e-23 1.56133e-29 2.2195e-36 4.29551e-44
 1.47094e-41 2.04157e-33 3.42516e-26 6.94615e-20 1.70277e-14 5.04561e-10 1.80726e-06 0.00078248 0.0409542 0.259928 0.235013 0.214869 0.167067 0.0679373 0.0126429 0.000789686 1.54646e-05 7.57406e-08 8.0011e-11 1.57039e-14 5.12923e-19 2.56759e-24 1.86235e-30 1.88447e-37 2.58853e-45
 1.49933e-41 2.08097e-33 3.49126e-26 7.0802e-20 1.73563e-14 5.14298e-10 1.84213e-06 0.00079758 0.0417443 0.26484 0.235101 0.197277 0.166974 0.0781674 0.014261 0.000821418 1.40488e-05 5.83754e-08 5.14992e-11 8.31846e-15 2.21235e-19 8.97667e-25 5.26321e-31 4.28806e-38 4.71721e-46
#spawning biomass
 20966 19235.3 21270.1 24192.8 28055.9 33425 37006.4 45414.5 65170.6 88742.6 102426 122490 171708 206557 187010 160843 142739 146870 148527 146595 144567 147833 152661 165025 187867 210162 187024 156155 141267 132026 67550.5 31212.1 21297.1 19101.1 18654.3 18567.9 18551.8 18548.9 18548.4 18548.3 18548.3 18548.2 18548.2 18548.2 18548.2 18548.2 18548.2 18548.2 18548.2 18548.2 18548.2 18548.2 18548.2 18548.2 18548.2 18548.2 18548.2 18548.2 18548.2 18548.2 18548.2 18548.2 18548.2 18548.2 18548.2 18548.2 18548.2 18548.2 18548.2 18548.2 18548.2 18548.2 18548.2 18548.2 18548.2 18548.2 18548.2 18548.2 18548.2 18548.2 18548.2 18548.2 18548.2 18548.2 18548.2 18548.2 18548.2 18548.2 18548.2 18548.2 18548.2 18548.2 18548.2 18548.2 18548.2 18548.2 18548.2 18548.2 18548.2 18548.2 18548.2 18548.2 18548.2 18548.2 18548.2 18548.2 18548.2 18548.2 18548.2 18548.2 18548.2 18548.2 18548.2 18548.2 18548.2 18548.2 18548.2 18548.2 18548.2 18548.2 18548.2 18548.2 18548.2 18548.2 18548.2 18548.2 18548.2 18548.2 0 0 0 0 0 0 0 0 0 0 0 0 0 0 0 0 0 0 0 0 0 0 0 0 0
