SBPRF35
0.819782
Curr Bio
140567
B35
720152
F35
0.20568
FOFL
0.094391
OFL
26918.1
Bzero
234224
#pred survey bio
 6133.52 6715.06 7832.73 10667 14871.6 17822.7 16912.8 21887.9 35620.8 53175 60072.9 79460.6 105767 129452 128913 106732 100515 109325 96387.9 97044.3 105178 111121 105822 109540 119886 134426 124889 120308 147545 1.2496e+07 1.05338e+07 1.09283e+07 1.0173e+07 8.87662e+06 7.46893e+06 6.18254e+06 5.11025e+06 4.26495e+06 3.62213e+06 3.14465e+06 2.7953e+06 2.54195e+06 2.35848e+06 2.22423e+06 2.12599e+06 2.05606e+06 2.00578e+06 1.96926e+06 1.94244e+06 1.92253e+06 1.90759e+06 1.89627e+06 1.8876e+06 1.8809e+06 1.87569e+06 1.8716e+06 1.86837e+06 1.8658e+06 1.86375e+06 1.8621e+06 1.86078e+06 1.85971e+06 1.85885e+06 1.85815e+06 1.85758e+06 1.85712e+06 1.85674e+06 1.85644e+06 1.85619e+06 1.85598e+06 1.85581e+06 1.85568e+06 1.85557e+06 1.85547e+06 1.8554e+06 1.85534e+06 1.85529e+06 1.85525e+06 1.85521e+06 1.85519e+06 1.85516e+06 1.85515e+06 1.85513e+06 1.85512e+06 1.85511e+06 1.8551e+06 1.85509e+06 1.85509e+06 1.85508e+06 1.85508e+06 1.85508e+06 1.85507e+06 1.85507e+06 1.85507e+06 1.85507e+06 1.85507e+06 1.85507e+06 1.85507e+06 1.85507e+06 1.85507e+06 1.85507e+06 1.85507e+06 1.85506e+06 1.85506e+06 1.85506e+06 1.85506e+06 1.85506e+06 1.85506e+06 1.85506e+06 1.85506e+06 1.85506e+06 1.85506e+06 1.85506e+06 1.85506e+06 1.85506e+06 1.85506e+06 1.85506e+06 1.85506e+06 1.85506e+06 1.85506e+06 1.85506e+06 1.85506e+06 1.85506e+06 1.85506e+06 1.85506e+06 1.85506e+06 1.85506e+06 1.85506e+06 1.85506e+06 0 0 0 0 0 0 0 0 0 0 0 0 0 0 0 0 0 0 0 0 0 0 0 0 0
#obs survey bio
 5446.37 6955.85 7074.15 12132.1 18579.5 12963.1 14687.6 33683 51036.5 79025.5 70341.3 124968 144282 147355 96183.1 125203 102586 84119.3 64557 133656 86233.9 119602 133782 121121 138256 141940 133112 199604 126348
#pred catch bio
 3953.78 4885.17 5649.97 7581.44 10521.1 14040.6 12970.1 15534.1 24782.7 42037.7 45108.1 60221.6 81480.6 103054 107699 88969.8 82285.7 96932.8 82138.4 81409.9 89787.7 98734.9 92554.3 95081.1 102525 120501 110684 101205 17044.6 26918.1 84192.6 86716.8 79903.8 68811.9 56990.6 46338.3 37584.8 30796.9 25735.8 22065.2 19456.2 17629.1 16361 15482 14878.4 14476 14207.8 14029.1 13910 13830.5 13777.6 13742.3 13718.8 13703.2 13692.7 13685.7 13681.1 13678 13675.9 13674.6 13673.7 13673 13672.6 13672.4 13672.2 13672.1 13672 13671.9 13671.9 13671.9 13671.9 13671.8 13671.8 13671.8 13671.8 13671.8 13671.8 13671.8 13671.8 13671.8 13671.8 13671.8 13671.8 13671.8 13671.8 13671.8 13671.8 13671.8 13671.8 13671.8 13671.8 13671.8 13671.8 13671.8 13671.8 13671.8 13671.8 13671.8 13671.8 13671.8 13671.8 13671.8 13671.8 13671.8 13671.8 13671.8 13671.8 13671.8 13671.8 13671.8 13671.8 13671.8 13671.8 13671.8 13671.8 13671.8 13671.8 13671.8 13671.8 13671.8 13671.8 13671.8 13671.8 13671.8 13671.8 13671.8 13671.8 13671.8 13671.8 0 0 0 0 0 0 0 0 0 0 0 0 0 0 0 0 0 0 0 0 0 0 0 0 0
#obs catch bio
 4770.57 4838.93 5451.38 7406.09 10117.3 14217.1 12924.2 14848.1 23707.7 40056.5 43353 56811.2 78370 98458.5 107944 87222.9 82054.6 99208.8 82308.3 78587.3 88984 96112.8 89643.7 91947.9 98884.2 117853 106541 97312 16681.9
#pred cpue bio
 5473.33 5764.71 6564.57 8821.08 12419.3 15392 14271.4 17755.4 29053.8 44431.7 49910.2 65493 87166.7 108024 110219 90569.8 83376.2 90409.5 79575.6 80046.5 86203.1 91077 86399.3 89057.9 97082.7 109613 102326 98195 118442 1.14774e+07 1.04984e+07 1.08929e+07 1.01376e+07 8.84122e+06 7.43354e+06 6.14715e+06 5.07486e+06 4.22956e+06 3.58674e+06 3.10926e+06 2.75991e+06 2.50656e+06 2.32308e+06 2.18884e+06 2.0906e+06 2.02067e+06 1.97039e+06 1.93387e+06 1.90705e+06 1.88714e+06 1.8722e+06 1.86088e+06 1.85221e+06 1.84551e+06 1.8403e+06 1.83621e+06 1.83297e+06 1.83041e+06 1.82836e+06 1.82671e+06 1.82539e+06 1.82432e+06 1.82346e+06 1.82276e+06 1.82219e+06 1.82173e+06 1.82135e+06 1.82104e+06 1.82079e+06 1.82059e+06 1.82042e+06 1.82029e+06 1.82017e+06 1.82008e+06 1.82001e+06 1.81995e+06 1.8199e+06 1.81986e+06 1.81982e+06 1.8198e+06 1.81977e+06 1.81976e+06 1.81974e+06 1.81973e+06 1.81972e+06 1.81971e+06 1.8197e+06 1.8197e+06 1.81969e+06 1.81969e+06 1.81969e+06 1.81968e+06 1.81968e+06 1.81968e+06 1.81968e+06 1.81968e+06 1.81968e+06 1.81968e+06 1.81968e+06 1.81968e+06 1.81967e+06 1.81967e+06 1.81967e+06 1.81967e+06 1.81967e+06 1.81967e+06 1.81967e+06 1.81967e+06 1.81967e+06 1.81967e+06 1.81967e+06 1.81967e+06 1.81967e+06 1.81967e+06 1.81967e+06 1.81967e+06 1.81967e+06 1.81967e+06 1.81967e+06 1.81967e+06 1.81967e+06 1.81967e+06 1.81967e+06 1.81967e+06 1.81967e+06 1.81967e+06 1.81967e+06 1.81967e+06 1.81967e+06 0 0 0 0 0 0 0 0 0 0 0 0 0 0 0 0 0 0 0 0 0 0 0 0 0
#obs cpue bio
 5012.97 8066.52 14013.8 10126.9 19820.7 12297.6 21913.9 28846.6 39961.8 60239.8 80627.9 111382 103347 186929 113089 124358 72118.8 80678.2 117955 123960 102772 146586 113092 137612 147082 140664 187892 138878 142110
#pred surv len freq
 2.56637e-27 2.59697e-27 4.07331e-26 8.05304e-20 1.97411e-14 5.84963e-10 2.09524e-06 0.000907159 0.0474774 0.300355 0.229944 0.0376054 0.124687 0.115185 0.0288368 0.037154 0.0171627 0.0148654 0.0100034 0.0082124 0.00687446 0.00627288 0.00659227 0.00601052 0.00185252
 2.56769e-27 2.60025e-27 4.32066e-26 8.57467e-20 2.10198e-14 6.22853e-10 2.23096e-06 0.000965919 0.0505527 0.31981 0.244847 0.0406339 0.137266 0.126462 0.0251461 0.0256627 0.0100536 0.00645191 0.00352609 0.00241893 0.00175259 0.00141784 0.0013521 0.00125258 0.000425285
 2.56862e-27 2.60267e-27 4.52275e-26 9.00096e-20 2.20648e-14 6.53818e-10 2.34187e-06 0.00101394 0.0530659 0.33571 0.256996 0.04115 0.132658 0.122109 0.0226195 0.0209079 0.0072504 0.00330448 0.00138189 0.000697765 0.000391367 0.000262572 0.000216766 0.000193472 6.85571e-05
 2.56922e-27 2.60426e-27 4.6602e-26 9.29091e-20 2.27755e-14 6.7488e-10 2.41731e-06 0.0010466 0.0547754 0.346524 0.265252 0.0410521 0.126113 0.11603 0.0208564 0.0183958 0.00615884 0.0024458 0.000826587 0.000288316 0.00010877 5.24554e-05 3.42684e-05 2.75962e-05 9.80947e-06
 2.56867e-27 2.60276e-27 4.52504e-26 9.00576e-20 2.20765e-14 6.54167e-10 2.34312e-06 0.00101448 0.0530943 0.335889 0.25714 0.041605 0.13602 0.125145 0.0219759 0.0186489 0.00615168 0.00229832 0.000725535 0.00020924 5.28331e-05 1.54795e-05 6.65138e-06 4.3417e-06 1.48599e-06
 2.56671e-27 2.59749e-27 4.06185e-26 8.02863e-20 1.96812e-14 5.8319e-10 2.08889e-06 0.000904409 0.0473335 0.299445 0.229329 0.0427032 0.163917 0.150953 0.0277292 0.0252798 0.00825797 0.00294001 0.000900269 0.000241533 5.13023e-05 9.69461e-06 2.18059e-06 9.26137e-07 2.86158e-07
 2.56815e-27 2.60141e-27 4.41193e-26 8.76717e-20 2.14917e-14 6.36837e-10 2.28104e-06 0.000987604 0.0516876 0.32699 0.250342 0.041434 0.139494 0.128462 0.0245808 0.02377 0.0079368 0.00308314 0.00093365 0.000238763 4.74395e-05 7.45109e-06 9.51349e-07 1.86056e-07 4.45914e-08
 2.57014e-27 2.60675e-27 4.87955e-26 9.75364e-20 2.39099e-14 7.08492e-10 2.5377e-06 0.00109873 0.0575034 0.363782 0.278421 0.0404838 0.112536 0.103484 0.0183297 0.0157913 0.00536759 0.0022502 0.000711722 0.000193888 3.72551e-05 5.42591e-06 5.39662e-07 4.62349e-08 6.00835e-09
 2.56983e-27 2.60587e-27 4.79673e-26 9.5789e-20 2.34815e-14 6.95799e-10 2.49224e-06 0.00107904 0.0564732 0.357265 0.273454 0.0410766 0.120536 0.110796 0.0183546 0.0139912 0.00457547 0.00166299 0.000537252 0.000157397 3.23187e-05 4.71275e-06 4.26553e-07 2.38086e-08 1.21691e-09
 2.56861e-27 2.60258e-27 4.50732e-26 8.96838e-20 2.19849e-14 6.51452e-10 2.33339e-06 0.00101027 0.0528739 0.334495 0.256079 0.0418008 0.138256 0.127187 0.0219588 0.0180805 0.00574245 0.00179974 0.000537194 0.000142204 3.08164e-05 4.83638e-06 4.44452e-07 2.154e-08 5.67128e-10
 2.56891e-27 2.60339e-27 4.57893e-26 9.11945e-20 2.23552e-14 6.62426e-10 2.3727e-06 0.00102729 0.0537645 0.340129 0.260378 0.0416241 0.13389 0.123146 0.0210211 0.0169645 0.00548783 0.00187872 0.000535627 0.000122879 2.37313e-05 3.71789e-06 3.68062e-07 1.79897e-08 3.75067e-10
 2.56933e-27 2.60455e-27 4.68285e-26 9.33868e-20 2.28927e-14 6.7835e-10 2.42974e-06 0.00105198 0.055057 0.348306 0.266615 0.041206 0.126327 0.116192 0.020263 0.0169845 0.00546939 0.00183088 0.000538284 0.000130311 2.25608e-05 3.07165e-06 2.94485e-07 1.52895e-08 3.14051e-10
 2.56932e-27 2.6045e-27 4.67592e-26 9.32405e-20 2.28568e-14 6.77288e-10 2.42593e-06 0.00105034 0.0549708 0.34776 0.266201 0.0413935 0.128044 0.117737 0.0198039 0.0155496 0.00505105 0.00176839 0.000517751 0.000124421 2.26084e-05 2.91971e-06 2.41452e-07 1.19999e-08 2.56827e-10
 2.56866e-27 2.6027e-27 4.51655e-26 8.98784e-20 2.20326e-14 6.52865e-10 2.33845e-06 0.00101246 0.0529886 0.33522 0.256635 0.0419365 0.138897 0.12774 0.0213509 0.0165553 0.00528876 0.00171472 0.000506655 0.000125906 2.27584e-05 3.01386e-06 2.41104e-07 1.04836e-08 2.14048e-10
 2.56728e-27 2.59896e-27 4.18609e-26 8.29072e-20 2.03237e-14 6.02227e-10 2.15708e-06 0.000933932 0.0488786 0.30922 0.236796 0.0428736 0.159967 0.147194 0.0250006 0.0199844 0.00636932 0.00203244 0.000582115 0.000136644 2.52631e-05 3.38834e-06 2.74672e-07 1.15228e-08 2.09832e-10
 2.56776e-27 2.60027e-27 4.30447e-26 8.54044e-20 2.09359e-14 6.20367e-10 2.22205e-06 0.000962063 0.0503509 0.318534 0.243899 0.0423016 0.150624 0.138621 0.0243628 0.0206923 0.00664956 0.00219849 0.000628706 0.000144254 2.52987e-05 3.35733e-06 2.77494e-07 1.17392e-08 2.0507e-10
 2.569e-27 2.60363e-27 4.60008e-26 9.16406e-20 2.24646e-14 6.65666e-10 2.3843e-06 0.00103231 0.0540275 0.341793 0.261647 0.0415533 0.13246 0.121825 0.0207791 0.0167477 0.00546217 0.00194269 0.000567192 0.000133755 2.31591e-05 2.93935e-06 2.36741e-07 1.01654e-08 1.78336e-10
 2.56912e-27 2.60393e-27 4.62371e-26 9.2139e-20 2.25868e-14 6.69286e-10 2.39727e-06 0.00103793 0.0543213 0.343652 0.26307 0.0417426 0.132901 0.122176 0.0198225 0.0144695 0.00464665 0.00155407 0.000463679 0.000116531 2.08081e-05 2.6479e-06 2.05013e-07 8.55725e-09 1.51359e-10
 2.56916e-27 2.60399e-27 4.62439e-26 9.21531e-20 2.25902e-14 6.69389e-10 2.39764e-06 0.00103809 0.0543297 0.343704 0.263116 0.04211 0.135664 0.124646 0.018803 0.011513 0.00360217 0.00107271 0.000308249 7.43771e-05 1.39392e-05 1.86105e-06 1.45539e-07 5.87578e-09 1.01188e-10
 2.56922e-27 2.60417e-27 4.64266e-26 9.25386e-20 2.26847e-14 6.72189e-10 2.40767e-06 0.00104243 0.0545569 0.345142 0.26421 0.0418749 0.133107 0.122334 0.0192699 0.0131532 0.00399654 0.000979017 0.000262837 5.71281e-05 1.01732e-05 1.37864e-06 1.13782e-07 4.65826e-09 7.80627e-11
 2.56955e-27 2.60507e-27 4.72283e-26 9.423e-20 2.30993e-14 6.84475e-10 2.45167e-06 0.00106148 0.0555541 0.35145 0.269022 0.0415671 0.127384 0.117065 0.018571 0.0128902 0.00399141 0.00109787 0.000282436 5.13389e-05 8.18566e-06 1.02319e-06 8.41994e-08 3.61341e-09 6.15074e-11
 2.56953e-27 2.605e-27 4.71511e-26 9.4067e-20 2.30594e-14 6.83291e-10 2.44743e-06 0.00105965 0.055458 0.350843 0.268561 0.0417368 0.128999 0.118521 0.0181935 0.0116627 0.00361664 0.00101488 0.000270943 5.33743e-05 7.57436e-06 8.05445e-07 5.996e-08 2.53806e-09 4.48527e-11
 2.5697e-27 2.60544e-27 4.75245e-26 9.48547e-20 2.32525e-14 6.89013e-10 2.46793e-06 0.00106852 0.0559224 0.35378 0.270804 0.0417599 0.127598 0.117199 0.0174273 0.0102439 0.00312573 0.000803814 0.000213305 4.31776e-05 6.54099e-06 6.72164e-07 4.20725e-08 1.58651e-09 2.74493e-11
 2.5699e-27 2.606e-27 4.80259e-26 9.59125e-20 2.35118e-14 6.96697e-10 2.49545e-06 0.00108043 0.056546 0.357726 0.273814 0.0415584 0.123951 0.113847 0.0170919 0.0103203 0.00310861 0.000728003 0.000185448 3.49207e-05 5.32572e-06 5.75794e-07 3.57997e-08 1.1559e-09 1.76977e-11
 2.57009e-27 2.60651e-27 4.84732e-26 9.6856e-20 2.37431e-14 7.0355e-10 2.52e-06 0.00109106 0.0571023 0.361245 0.276498 0.0414195 0.121008 0.111132 0.0166232 0.00993553 0.00300415 0.000723073 0.000180282 3.10748e-05 4.42548e-06 4.63879e-07 2.99726e-08 9.62493e-10 1.28932e-11
 2.56976e-27 2.60562e-27 4.76859e-26 9.51952e-20 2.3336e-14 6.91486e-10 2.47679e-06 0.00107235 0.0561232 0.355051 0.271773 0.0416736 0.126261 0.115976 0.0174077 0.0105052 0.00317216 0.000755539 0.000189482 3.31828e-05 4.46425e-06 4.28487e-07 2.63993e-08 8.66276e-10 1.14854e-11
 2.56951e-27 2.60493e-27 4.70633e-26 9.38816e-20 2.30139e-14 6.81944e-10 2.44261e-06 0.00105756 0.0553487 0.350151 0.268037 0.0419941 0.131325 0.120617 0.0176519 0.00989371 0.0029867 0.000718574 0.000179977 3.1304e-05 4.25729e-06 3.97698e-07 2.24041e-08 6.9478e-10 9.26984e-12
 2.56971e-27 2.60548e-27 4.75636e-26 9.49371e-20 2.32727e-14 6.89611e-10 2.47007e-06 0.00106945 0.055971 0.354088 0.271039 0.0417291 0.1272 0.116839 0.0175045 0.0105066 0.00314323 0.000699994 0.000173592 3.04249e-05 4.12253e-06 3.8578e-07 2.1341e-08 6.11114e-10 7.6761e-12
 2.5705e-27 2.60766e-27 4.95136e-26 9.9051e-20 2.42812e-14 7.19494e-10 2.57711e-06 0.00111579 0.0583964 0.369431 0.282742 0.0409293 0.11289 0.103684 0.0160723 0.0105545 0.00319502 0.000763819 0.000187796 3.08164e-05 4.14734e-06 3.88823e-07 2.14739e-08 6.03501e-10 7.07336e-12
#obs surv len freq
 1.64111e-41 2.27775e-33 3.8214e-26 7.74973e-20 1.89975e-14 5.62932e-10 2.01633e-06 0.000873002 0.0456894 0.289045 0.221453 0.044261 0.164267 0.139627 0.0433032 0.0351618 0.0114688 0.003906 0.000831605 0.00010557 5.8789e-06 1.04163e-07 4.3425e-10 3.41536e-13 4.38705e-17
 1.905e-41 2.64401e-33 4.43588e-26 8.99588e-20 2.20523e-14 6.53451e-10 2.34056e-06 0.00101338 0.0530363 0.335523 0.256955 0.0440418 0.132194 0.106338 0.0337488 0.0257514 0.00818514 0.00262994 0.000520745 5.84902e-05 2.69946e-06 3.72718e-08 1.16117e-10 6.64845e-14 6.11944e-18
 1.92847e-41 2.67659e-33 4.49054e-26 9.10672e-20 2.23241e-14 6.61502e-10 2.36939e-06 0.00102587 0.0536897 0.339657 0.260195 0.0470849 0.141011 0.106098 0.026898 0.0171626 0.00527332 0.0015836 0.000289097 2.855e-05 1.09297e-06 1.1774e-08 2.73843e-11 1.14073e-14 7.52799e-19
 1.96674e-41 2.7297e-33 4.57964e-26 9.28742e-20 2.2767e-14 6.74628e-10 2.41641e-06 0.00104622 0.054755 0.346397 0.265405 0.0487347 0.138813 0.0983929 0.0262061 0.0154732 0.00369454 0.000915422 0.000151309 1.29887e-05 4.0991e-07 3.45045e-09 6.01249e-12 1.82595e-15 8.64852e-20
 1.76064e-41 2.44366e-33 4.09974e-26 8.3142e-20 2.03813e-14 6.03935e-10 2.1632e-06 0.000936589 0.0490173 0.310099 0.237882 0.0549414 0.176419 0.117399 0.0313005 0.0171036 0.00397147 0.000818214 0.000101529 7.18846e-06 1.84613e-07 1.20952e-09 1.58291e-12 3.52108e-16 1.20171e-20
 1.45362e-41 2.01753e-33 3.38483e-26 6.86436e-20 1.68272e-14 4.9862e-10 1.78598e-06 0.000773266 0.0404697 0.256025 0.196863 0.0624715 0.220687 0.139969 0.048996 0.026684 0.00584615 0.00109615 0.000112121 5.74324e-06 1.11374e-07 5.58714e-10 5.47622e-13 8.94175e-17 2.20851e-21
 2.08726e-41 2.89698e-33 4.86028e-26 9.85655e-20 2.41622e-14 7.15969e-10 2.56448e-06 0.00111033 0.0581104 0.367625 0.281762 0.0503222 0.112638 0.0692391 0.0342998 0.0189839 0.00492228 0.000901069 8.02704e-05 3.19362e-06 4.3369e-08 1.54615e-10 1.10674e-13 1.31947e-17 2.35977e-22
 1.98459e-41 2.75447e-33 4.6212e-26 9.3717e-20 2.29736e-14 6.8075e-10 2.43834e-06 0.00105572 0.055252 0.349543 0.268301 0.0602239 0.151953 0.0818598 0.0192879 0.00893085 0.00294467 0.000591076 5.306e-05 1.76249e-06 1.77076e-08 4.3317e-11 2.12452e-14 1.78074e-18 2.2725e-23
 2.01679e-41 2.79917e-33 4.69619e-26 9.52378e-20 2.33464e-14 6.91798e-10 2.47791e-06 0.00107285 0.0561486 0.355216 0.272758 0.0617967 0.145071 0.074487 0.0228457 0.0087467 0.00153202 0.000293244 2.89384e-05 9.13369e-07 7.4422e-09 1.32058e-11 4.43601e-15 2.51047e-19 2.18909e-24
 1.72715e-41 2.39717e-33 4.02174e-26 8.15602e-20 1.99935e-14 5.92445e-10 2.12204e-06 0.00091877 0.0480848 0.304205 0.234444 0.0762421 0.199331 0.0954419 0.0287069 0.0104425 0.00192805 0.000234584 1.72161e-05 5.29714e-07 3.87407e-09 5.47876e-12 1.34451e-15 5.28927e-20 3.13481e-25
 2.01643e-41 2.79867e-33 4.69536e-26 9.52209e-20 2.33423e-14 6.91674e-10 2.47746e-06 0.00107266 0.0561386 0.355155 0.273092 0.066733 0.139712 0.0665425 0.0293502 0.0102164 0.00177397 0.000200359 1.03735e-05 2.2028e-07 1.36413e-09 1.63932e-12 3.19141e-16 9.36301e-21 3.96373e-26
 1.84812e-41 2.56507e-33 4.30343e-26 8.72727e-20 2.13939e-14 6.3394e-10 2.27067e-06 0.000983121 0.0514527 0.325515 0.251233 0.0817091 0.180439 0.075593 0.0231987 0.00797815 0.00170774 0.000179969 7.94128e-06 1.19347e-07 4.947e-10 4.48384e-13 6.96805e-17 1.60839e-21 5.17702e-27
 1.92856e-41 2.67671e-33 4.49074e-26 9.10712e-20 2.2325e-14 6.61532e-10 2.3695e-06 0.00102591 0.0536921 0.339684 0.2622 0.0808156 0.160245 0.0668307 0.0266071 0.00751942 0.00123581 0.000136639 5.77354e-06 6.98774e-08 2.04668e-10 1.23061e-13 1.32636e-17 2.26037e-22 5.52803e-28
 1.62473e-41 2.25502e-33 3.78326e-26 7.67238e-20 1.88079e-14 5.57313e-10 1.99621e-06 0.000864288 0.0452334 0.286182 0.222802 0.104375 0.216832 0.0834135 0.0301368 0.00858084 0.00144956 0.000123651 4.63253e-06 5.04742e-08 1.1712e-10 5.04512e-14 3.67183e-18 4.18762e-23 7.04446e-29
 1.47444e-41 2.04643e-33 3.43331e-26 6.96269e-20 1.70682e-14 5.05763e-10 1.81156e-06 0.000784343 0.0410494 0.259721 0.203512 0.113473 0.224973 0.0947629 0.0474332 0.0122302 0.00190092 0.000153752 4.60717e-06 4.01696e-08 7.74816e-11 2.6324e-14 1.4104e-18 1.12631e-23 1.2888e-29
 1.72459e-41 2.39361e-33 4.01578e-26 8.14392e-20 1.99639e-14 5.91566e-10 2.11889e-06 0.000917407 0.0480135 0.303778 0.236904 0.102809 0.176223 0.0758009 0.0410429 0.0122594 0.00209668 0.000149324 3.8607e-06 2.652e-08 3.87366e-11 1.0192e-14 4.22865e-19 2.54261e-24 2.11768e-30
 1.68285e-41 2.33568e-33 3.91859e-26 7.94682e-20 1.94807e-14 5.77249e-10 2.06761e-06 0.000895204 0.0468514 0.296441 0.232777 0.118757 0.192181 0.0703495 0.0305513 0.00930857 0.00175124 0.000131246 2.96683e-06 1.64502e-08 1.84612e-11 3.59184e-15 1.09852e-19 4.92232e-25 3.06515e-31
 1.69272e-41 2.34938e-33 3.94158e-26 7.99344e-20 1.9595e-14 5.80635e-10 2.07974e-06 0.000900456 0.0471264 0.298193 0.23509 0.124106 0.185238 0.0701204 0.0305489 0.00734941 0.00123035 9.37845e-05 2.04476e-06 9.65271e-09 8.47405e-12 1.24255e-15 2.79382e-20 9.06618e-26 4.07731e-32
 1.64869e-41 2.28828e-33 3.83906e-26 7.78553e-20 1.90853e-14 5.65533e-10 2.02565e-06 0.000877035 0.0459006 0.29046 0.230808 0.135604 0.188753 0.07007 0.0295619 0.00693894 0.000962637 6.06171e-05 1.20314e-06 5.05895e-09 3.67919e-12 4.19176e-16 7.05438e-21 1.68041e-26 5.47941e-33
 1.7501e-41 2.42902e-33 4.07519e-26 8.26441e-20 2.02592e-14 6.00318e-10 2.15024e-06 0.00093098 0.0487239 0.308335 0.245106 0.13363 0.167879 0.0631356 0.0258087 0.00569384 0.000717492 3.65749e-05 5.69456e-07 1.97924e-09 1.19839e-12 1.1034e-16 1.44525e-21 2.59615e-27 6.24736e-34
 1.70934e-41 2.37244e-33 3.98027e-26 8.0719e-20 1.97873e-14 5.86335e-10 2.10015e-06 0.000909294 0.047589 0.301193 0.241998 0.148124 0.172931 0.0599333 0.0221071 0.00466064 0.000529357 2.27905e-05 2.75039e-07 7.18307e-10 3.34473e-13 2.41483e-17 2.47842e-22 3.44317e-28 6.29852e-35
 1.72498e-41 2.39415e-33 4.01669e-26 8.14576e-20 1.99684e-14 5.91699e-10 2.11937e-06 0.000917614 0.0480245 0.303983 0.245828 0.15297 0.164731 0.05896 0.020445 0.00375056 0.000374543 1.36723e-05 1.3095e-07 2.56862e-10 8.74534e-14 4.6318e-18 3.53852e-23 3.7006e-29 5.11567e-36
 1.71634e-41 2.38217e-33 3.99658e-26 8.10499e-20 1.98684e-14 5.88738e-10 2.10876e-06 0.000913022 0.0477843 0.302514 0.247099 0.161606 0.160975 0.056882 0.0187168 0.00322906 0.000271796 8.09012e-06 6.1565e-08 9.2176e-11 2.31718e-14 8.87563e-19 4.86683e-24 3.66222e-30 3.6693e-37
 1.74444e-41 2.42117e-33 4.06202e-26 8.23769e-20 2.01937e-14 5.98377e-10 2.14329e-06 0.00092797 0.0485668 0.30752 0.253056 0.165665 0.151906 0.053255 0.0163057 0.0025999 0.000191603 4.59126e-06 2.69073e-08 3.05499e-11 5.72293e-15 1.60495e-19 6.35474e-25 3.42116e-31 2.44074e-38
 1.68602e-41 2.34009e-33 3.92599e-26 7.96182e-20 1.95175e-14 5.78338e-10 2.07151e-06 0.000896894 0.0469406 0.297332 0.24935 0.180829 0.154865 0.0526267 0.0148544 0.00216289 0.000137964 2.7061e-06 1.22185e-08 1.03251e-11 1.4233e-15 2.92081e-20 8.40812e-26 3.26817e-32 1.67279e-39
 1.59477e-41 2.21344e-33 3.71351e-26 7.53092e-20 1.84612e-14 5.47038e-10 1.9594e-06 0.000848354 0.0444006 0.281396 0.24209 0.196902 0.160427 0.0568658 0.0150066 0.0019537 0.000106293 1.6938e-06 5.94332e-09 3.76445e-12 3.79797e-16 5.64101e-21 1.1709e-26 3.27699e-33 1.2059e-40
 1.59521e-41 2.21404e-33 3.71451e-26 7.53296e-20 1.84662e-14 5.47186e-10 1.95993e-06 0.000848583 0.0444131 0.281598 0.245485 0.199521 0.153945 0.0575682 0.0147592 0.00177696 8.15139e-05 1.04033e-06 2.82116e-09 1.34483e-12 1.00102e-16 1.08084e-21 1.61495e-27 3.23567e-34 8.50356e-42
 1.64609e-41 2.28467e-33 3.833e-26 7.77326e-20 1.90552e-14 5.64641e-10 2.02245e-06 0.000875653 0.0458303 0.290703 0.255406 0.198998 0.142208 0.0516842 0.0127744 0.00146022 5.80279e-05 5.92979e-07 1.23136e-09 4.39459e-13 2.41396e-17 1.90328e-22 2.05962e-28 2.96927e-35 5.58679e-43
 1.64619e-41 2.2848e-33 3.83323e-26 7.77371e-20 1.90563e-14 5.64674e-10 2.02257e-06 0.000875704 0.045833 0.29072 0.255429 0.199374 0.143592 0.0509839 0.0119023 0.0012452 4.36186e-05 3.80571e-07 6.59369e-10 1.93414e-13 8.65062e-18 5.52009e-23 4.81509e-29 5.57972e-36 8.4213e-44
#pred catch len freq
 2.5653e-27 2.5941e-27 3.82532e-26 7.52992e-20 1.84587e-14 5.46964e-10 1.95913e-06 0.00084823 0.0443933 0.280844 0.215049 0.0378211 0.136793 0.126403 0.0316454 0.0407726 0.0188343 0.0163132 0.0109776 0.00901225 0.007544 0.00688383 0.00723433 0.00659592 0.00203295
 2.56709e-27 2.59862e-27 4.1777e-26 8.27311e-20 2.02805e-14 6.00948e-10 2.1525e-06 0.000931948 0.0487748 0.308563 0.236264 0.0409599 0.145777 0.134326 0.0267098 0.0272585 0.0106788 0.00685312 0.00374536 0.00256935 0.00186158 0.001506 0.00143619 0.00133047 0.000451731
 2.56803e-27 2.60109e-27 4.38301e-26 8.70617e-20 2.13421e-14 6.32405e-10 2.26517e-06 0.000980732 0.051328 0.324715 0.248607 0.0415338 0.141473 0.130247 0.024127 0.0223013 0.00773362 0.00352471 0.00147399 0.000744269 0.000417451 0.000280072 0.000231213 0.000206367 7.31262e-05
 2.56862e-27 2.60264e-27 4.51667e-26 8.98812e-20 2.20333e-14 6.52886e-10 2.33853e-06 0.00101249 0.0529902 0.335231 0.256635 0.0414668 0.135323 0.12453 0.0223844 0.0197435 0.00661003 0.00262497 0.000887141 0.000309438 0.000116739 5.62982e-05 3.67789e-05 2.96179e-05 1.05281e-05
 2.56803e-27 2.60102e-27 4.37158e-26 8.68204e-20 2.1283e-14 6.30652e-10 2.25889e-06 0.000978014 0.0511857 0.323815 0.247928 0.0420603 0.145957 0.134314 0.023586 0.0200153 0.0066024 0.00246672 0.000778694 0.000224571 5.67041e-05 1.66136e-05 7.13871e-06 4.65981e-06 1.59487e-06
 2.5664e-27 2.59662e-27 3.98569e-26 7.86798e-20 1.92874e-14 5.7152e-10 2.04709e-06 0.000886312 0.0463864 0.293453 0.224758 0.0429209 0.168785 0.155447 0.0285548 0.0260325 0.00850384 0.00302754 0.000927074 0.000248725 5.28298e-05 9.98326e-06 2.24551e-06 9.53712e-07 2.94678e-07
 2.56776e-27 2.60035e-27 4.31822e-26 8.56948e-20 2.1007e-14 6.22476e-10 2.22961e-06 0.000965334 0.0505221 0.319617 0.244716 0.0416905 0.145399 0.133916 0.0256243 0.024779 0.00827373 0.00321402 0.000973285 0.000248899 4.94534e-05 7.7674e-06 9.91736e-07 1.93954e-07 4.64844e-08
 2.56959e-27 2.60526e-27 4.7472e-26 9.47444e-20 2.32254e-14 6.88212e-10 2.46506e-06 0.00106728 0.0558574 0.353369 0.270476 0.0408712 0.121066 0.111356 0.019724 0.0169925 0.00577588 0.00242137 0.000765859 0.000208637 4.0089e-05 5.83864e-06 5.80712e-07 4.97518e-08 6.46538e-09
 2.5692e-27 2.60417e-27 4.64675e-26 9.26252e-20 2.27059e-14 6.72818e-10 2.40992e-06 0.0010434 0.054608 0.345465 0.264451 0.0415443 0.130421 0.119913 0.0198649 0.0151424 0.00495193 0.00179982 0.000581457 0.000170347 3.49779e-05 5.10051e-06 4.61649e-07 2.57676e-08 1.31704e-09
 2.56834e-27 2.60186e-27 4.44333e-26 8.83338e-20 2.1654e-14 6.41645e-10 2.29827e-06 0.000995061 0.0520779 0.329459 0.252237 0.041995 0.142433 0.13104 0.0226241 0.0186283 0.00591644 0.00185427 0.00055347 0.000146512 3.17501e-05 4.98292e-06 4.57919e-07 2.21927e-08 5.84311e-10
 2.56847e-27 2.6022e-27 4.47339e-26 8.8968e-20 2.18094e-14 6.46252e-10 2.31477e-06 0.00100221 0.0524518 0.331825 0.254042 0.0419465 0.140795 0.129515 0.0221084 0.017842 0.00577168 0.0019759 0.000563332 0.000129235 2.49588e-05 3.9102e-06 3.87099e-07 1.89202e-08 3.94467e-10
 2.56894e-27 2.60348e-27 4.58841e-26 9.13944e-20 2.24042e-14 6.63878e-10 2.3779e-06 0.00102954 0.0538824 0.340875 0.260945 0.0414896 0.132468 0.121859 0.0212513 0.0178129 0.00573613 0.00192017 0.000564535 0.000136666 2.36611e-05 3.22145e-06 3.08847e-07 1.60351e-08 3.29367e-10
 2.56898e-27 2.60358e-27 4.59437e-26 9.152e-20 2.2435e-14 6.6479e-10 2.38117e-06 0.00103095 0.0539564 0.341343 0.261306 0.0416454 0.133401 0.122677 0.0206349 0.0162021 0.00526301 0.0018426 0.000539477 0.000129642 2.35572e-05 3.04223e-06 2.51584e-07 1.25035e-08 2.67604e-10
 2.56843e-27 2.60206e-27 4.4591e-26 8.86665e-20 2.17355e-14 6.44063e-10 2.30692e-06 0.00099881 0.0522741 0.3307 0.253186 0.0421153 0.142681 0.131229 0.0219341 0.0170075 0.00543323 0.00176156 0.000520495 0.000129345 2.338e-05 3.09619e-06 2.47691e-07 1.077e-08 2.19895e-10
 2.56723e-27 2.59882e-27 4.17346e-26 8.26406e-20 2.02583e-14 6.00291e-10 2.15014e-06 0.000930929 0.0487215 0.308225 0.236038 0.0429125 0.160796 0.147958 0.0251304 0.0200882 0.0064024 0.00204299 0.000585139 0.000137354 2.53944e-05 3.40593e-06 2.76098e-07 1.15826e-08 2.10922e-10
 2.56769e-27 2.60011e-27 4.28985e-26 8.50961e-20 2.08603e-14 6.18127e-10 2.21403e-06 0.00095859 0.0501691 0.317384 0.243022 0.0423453 0.151573 0.139496 0.0245166 0.0208229 0.00669154 0.00221237 0.000632676 0.000145165 2.54585e-05 3.37853e-06 2.79246e-07 1.18133e-08 2.06365e-10
 2.56887e-27 2.60329e-27 4.5697e-26 9.09997e-20 2.23075e-14 6.61011e-10 2.36763e-06 0.00102509 0.0536497 0.339403 0.259824 0.041646 0.134447 0.123658 0.0210917 0.0169996 0.00554435 0.00197191 0.000575725 0.000135767 2.35075e-05 2.98357e-06 2.40302e-07 1.03183e-08 1.81018e-10
 2.56933e-27 2.60449e-27 4.67344e-26 9.31881e-20 2.28439e-14 6.76907e-10 2.42457e-06 0.00104974 0.0549398 0.347565 0.266055 0.0415844 0.129599 0.119132 0.0193286 0.0141089 0.00453086 0.00151534 0.000452125 0.000113628 2.02896e-05 2.58192e-06 1.99904e-07 8.34402e-09 1.47588e-10
 2.56919e-27 2.60409e-27 4.63288e-26 9.23322e-20 2.26341e-14 6.70689e-10 2.4023e-06 0.0010401 0.0544352 0.344372 0.263625 0.0420814 0.135089 0.124115 0.018723 0.011464 0.00358684 0.00106815 0.000306937 7.40607e-05 1.38799e-05 1.85313e-06 1.4492e-07 5.85078e-09 1.00757e-10
 2.56919e-27 2.6041e-27 4.6358e-26 9.23938e-20 2.26492e-14 6.71137e-10 2.4039e-06 0.0010408 0.0544716 0.344602 0.263798 0.0418974 0.133568 0.122759 0.0193368 0.0131988 0.00401041 0.000982416 0.000263749 5.73264e-05 1.02085e-05 1.38343e-06 1.14177e-07 4.67443e-09 7.83337e-11
 2.56959e-27 2.60518e-27 4.73268e-26 9.44377e-20 2.31503e-14 6.85983e-10 2.45708e-06 0.00106382 0.0556765 0.352225 0.269613 0.0415351 0.126724 0.116458 0.0184746 0.0128233 0.00397069 0.00109217 0.00028097 5.10724e-05 8.14317e-06 1.01788e-06 8.37624e-08 3.59465e-09 6.11881e-11
 2.56973e-27 2.60556e-27 4.76498e-26 9.5119e-20 2.33173e-14 6.90933e-10 2.4748e-06 0.0010715 0.0560782 0.354766 0.271554 0.0415706 0.125631 0.115417 0.0177171 0.0113573 0.00352193 0.000988302 0.000263849 5.19767e-05 7.37602e-06 7.84354e-07 5.83899e-08 2.4716e-09 4.36782e-11
 2.56983e-27 2.60581e-27 4.78558e-26 9.55536e-20 2.34238e-14 6.94089e-10 2.48611e-06 0.00107639 0.0563344 0.356387 0.272793 0.0416469 0.125341 0.115119 0.017118 0.0100622 0.00307026 0.000789551 0.00020952 4.24114e-05 6.42492e-06 6.60237e-07 4.1326e-08 1.55836e-09 2.69623e-11
 2.57e-27 2.60628e-27 4.82768e-26 9.64417e-20 2.36415e-14 7.0054e-10 2.50922e-06 0.0010864 0.056858 0.359699 0.275319 0.0414733 0.122245 0.112276 0.0168559 0.0101778 0.00306569 0.000717952 0.000182888 3.44386e-05 5.25219e-06 5.67844e-07 3.53054e-08 1.13994e-09 1.74534e-11
 2.57013e-27 2.60663e-27 4.8582e-26 9.70856e-20 2.37994e-14 7.05218e-10 2.52597e-06 0.00109365 0.0572376 0.362101 0.277152 0.0413825 0.120267 0.110449 0.0165211 0.0098745 0.0029857 0.000718631 0.000179174 3.08839e-05 4.3983e-06 4.6103e-07 2.97885e-08 9.56581e-10 1.2814e-11
 2.57e-27 2.60627e-27 4.82617e-26 9.64099e-20 2.36337e-14 7.0031e-10 2.50839e-06 0.00108604 0.0568393 0.359581 0.275229 0.0414781 0.122345 0.112368 0.0168662 0.0101784 0.00307348 0.000732035 0.000183587 3.21505e-05 4.32537e-06 4.15157e-07 2.55781e-08 8.39327e-10 1.1128e-11
 2.56971e-27 2.60547e-27 4.75364e-26 9.48797e-20 2.32586e-14 6.89194e-10 2.46858e-06 0.0010688 0.0559371 0.353874 0.270877 0.0418308 0.128087 0.117634 0.0172154 0.00964904 0.00291284 0.000700804 0.000175527 3.05299e-05 4.15201e-06 3.87863e-07 2.185e-08 6.77598e-10 9.0406e-12
 2.56969e-27 2.60544e-27 4.75236e-26 9.48527e-20 2.3252e-14 6.88998e-10 2.46788e-06 0.0010685 0.0559212 0.353773 0.270798 0.0417427 0.127472 0.11709 0.0175421 0.0105292 0.00314998 0.000701497 0.000173965 3.04902e-05 4.13138e-06 3.86609e-07 2.13868e-08 6.12426e-10 7.69258e-12
 2.56821e-27 2.60142e-27 4.39672e-26 8.73503e-20 2.14129e-14 6.34502e-10 2.27268e-06 0.000983983 0.0514981 0.325791 0.249448 0.0427706 0.150294 0.138158 0.0214163 0.0140638 0.00425735 0.00101779 0.000250238 4.10628e-05 5.52631e-06 5.18106e-07 2.86139e-08 8.04163e-10 9.42523e-12
#obs catch len freq
 1.63108e-41 2.26383e-33 3.79804e-26 7.70234e-20 1.88814e-14 5.5949e-10 2.004e-06 0.000867664 0.0454101 0.287278 0.220105 0.0443323 0.165616 0.14077 0.043601 0.0354072 0.0116326 0.00399429 0.000864153 0.000113524 6.61749e-06 1.22775e-07 5.34262e-10 4.36816e-13 5.80586e-17
 1.64825e-41 2.28766e-33 3.83802e-26 7.78342e-20 1.90801e-14 5.6538e-10 2.0251e-06 0.000876797 0.0458881 0.290302 0.222476 0.046344 0.167851 0.135143 0.0431882 0.0330846 0.0106191 0.00344912 0.000692564 7.94427e-05 3.80092e-06 5.47569e-08 1.77544e-10 1.05326e-13 1.00036e-17
 1.91832e-41 2.6625e-33 4.46689e-26 9.05877e-20 2.22065e-14 6.58019e-10 2.35692e-06 0.00102046 0.053407 0.337869 0.258804 0.0457909 0.133905 0.101784 0.0333287 0.0238732 0.00747038 0.00227779 0.000422794 4.24998e-05 1.66693e-06 1.85557e-08 4.47122e-11 1.92463e-14 1.30743e-18
 1.94704e-41 2.70237e-33 4.53378e-26 9.19441e-20 2.2539e-14 6.67872e-10 2.39221e-06 0.00103574 0.0542067 0.342928 0.262763 0.0489935 0.141688 0.100324 0.0260355 0.0156847 0.0047435 0.00134555 0.000228765 2.00341e-05 6.449e-07 5.55352e-09 9.93708e-12 3.10237e-15 1.50839e-19
 1.98974e-41 2.76163e-33 4.6332e-26 9.39604e-20 2.30333e-14 6.82518e-10 2.44467e-06 0.00105846 0.0553955 0.350448 0.268577 0.0506755 0.138477 0.0922019 0.02518 0.0138655 0.00323032 0.000762353 0.000116646 8.79974e-06 2.31221e-07 1.54339e-09 2.0581e-12 4.67024e-16 1.62702e-20
 1.79184e-41 2.48695e-33 4.17238e-26 8.46151e-20 2.07424e-14 6.14635e-10 2.20152e-06 0.000953183 0.0498858 0.315594 0.242193 0.0575397 0.175265 0.109352 0.0298782 0.0151726 0.00342474 0.000659045 7.58886e-05 4.70743e-06 9.97702e-08 5.14555e-10 5.12762e-13 8.49677e-17 2.12934e-21
 1.493e-41 2.07219e-33 3.47653e-26 7.05033e-20 1.7283e-14 5.12128e-10 1.83436e-06 0.000794214 0.041566 0.262962 0.202331 0.0660496 0.219197 0.130606 0.0470421 0.0235021 0.00499514 0.00086843 8.08721e-05 3.61412e-06 5.77616e-08 2.26849e-10 1.68546e-13 2.04412e-17 3.70067e-22
 2.12202e-41 2.94522e-33 4.94121e-26 1.00207e-19 2.45645e-14 7.27891e-10 2.60719e-06 0.00112882 0.0590781 0.373747 0.286531 0.0520348 0.10984 0.0638211 0.0324733 0.016463 0.00413364 0.00069005 5.53373e-05 1.89007e-06 2.10432e-08 5.87003e-11 3.17718e-14 2.8064e-18 3.67242e-23
 2.02422e-41 2.80949e-33 4.7135e-26 9.55889e-20 2.34325e-14 6.94347e-10 2.48704e-06 0.0010768 0.0563555 0.356525 0.273777 0.0624689 0.1473 0.0739857 0.0177617 0.00778747 0.00247295 0.000449862 3.56197e-05 9.99906e-07 8.14255e-09 1.55257e-11 5.75611e-15 3.57102e-19 3.32966e-24
 2.05882e-41 2.8575e-33 4.79405e-26 9.72225e-20 2.38329e-14 7.06214e-10 2.52954e-06 0.0010952 0.0573187 0.362619 0.278569 0.0639462 0.139651 0.0671089 0.0209147 0.00728452 0.00124806 0.000222944 1.90962e-05 5.00018e-07 3.25447e-09 4.46876e-12 1.13216e-15 4.74177e-20 3.02005e-25
 1.77909e-41 2.46927e-33 4.14271e-26 8.40133e-20 2.05949e-14 6.10263e-10 2.18586e-06 0.000946404 0.049531 0.313356 0.241697 0.0795308 0.192174 0.0860969 0.0262136 0.00873591 0.00153408 0.00017048 1.12288e-05 2.84282e-07 1.63594e-09 1.77244e-12 3.26564e-16 9.49685e-21 4.1126e-26
 2.06468e-41 2.86564e-33 4.80771e-26 9.74993e-20 2.39008e-14 7.08225e-10 2.53675e-06 0.00109832 0.0574819 0.363654 0.279785 0.0688208 0.132875 0.0599162 0.0264664 0.00837139 0.0013807 0.000140065 6.34577e-06 1.12741e-07 5.49036e-10 5.00948e-13 7.27556e-17 1.57332e-21 4.8641e-27
 1.903e-41 2.64124e-33 4.43123e-26 8.98644e-20 2.20292e-14 6.52766e-10 2.3381e-06 0.00101232 0.0529806 0.335184 0.258932 0.0845209 0.171296 0.0672724 0.0207215 0.00662984 0.00132087 0.000123482 4.68845e-06 5.79766e-08 1.89926e-10 1.30921e-13 1.51147e-17 2.56126e-22 6.00798e-28
 1.98372e-41 2.75327e-33 4.61918e-26 9.3676e-20 2.29636e-14 6.80452e-10 2.43727e-06 0.00105525 0.0552278 0.349402 0.26994 0.0831876 0.150967 0.0596837 0.0234497 0.00604539 0.000943479 9.25928e-05 3.29328e-06 3.23162e-08 7.40755e-11 3.38681e-14 2.71422e-18 3.38872e-23 6.02152e-29
 1.68838e-41 2.34336e-33 3.93147e-26 7.97294e-20 1.95447e-14 5.79146e-10 2.07441e-06 0.000898147 0.0470054 0.297397 0.231915 0.108187 0.205153 0.0747124 0.0265733 0.00698472 0.00108628 8.22444e-05 2.60608e-06 2.26868e-08 4.07328e-11 1.32681e-14 7.17219e-19 5.99418e-24 7.31867e-30
 1.54357e-41 2.14238e-33 3.59428e-26 7.28913e-20 1.78684e-14 5.29475e-10 1.89649e-06 0.000821116 0.042974 0.271904 0.213509 0.117873 0.213146 0.0867584 0.0416362 0.00985893 0.00141502 9.99709e-05 2.5051e-06 1.74694e-08 2.58992e-11 6.60769e-15 2.62067e-19 1.53273e-24 1.27392e-30
 1.7919e-41 2.48704e-33 4.17253e-26 8.4618e-20 2.07431e-14 6.14657e-10 2.2016e-06 0.000953217 0.0498876 0.315642 0.24656 0.105666 0.164952 0.0691499 0.0356688 0.00990313 0.00151916 9.39572e-05 2.00987e-06 1.09331e-08 1.22472e-11 2.413e-15 7.38386e-20 3.24435e-25 1.96192e-31
 1.7512e-41 2.43055e-33 4.07775e-26 8.26959e-20 2.02719e-14 6.00695e-10 2.15159e-06 0.000931564 0.0487544 0.308491 0.242751 0.121701 0.178921 0.0631921 0.0263714 0.00753439 0.00126839 8.09366e-05 1.49196e-06 6.50112e-09 5.56005e-12 8.07649e-16 1.81837e-20 5.94095e-26 2.68071e-32
 1.76204e-41 2.4456e-33 4.10299e-26 8.32079e-20 2.03974e-14 6.04413e-10 2.16491e-06 0.000937331 0.0490563 0.310416 0.24529 0.126706 0.17179 0.0631716 0.0258708 0.00581718 0.000883159 5.7012e-05 9.9803e-07 3.65614e-09 2.43106e-12 2.65153e-16 4.37904e-21 1.03476e-26 3.36779e-33
 1.72036e-41 2.38774e-33 4.00593e-26 8.12395e-20 1.99149e-14 5.90115e-10 2.1137e-06 0.000915158 0.0478958 0.303101 0.241503 0.138051 0.174505 0.0630218 0.0248878 0.00540986 0.000670774 3.60164e-05 5.7143e-07 1.84541e-09 1.00807e-12 8.503e-17 1.04846e-21 1.81592e-27 4.28152e-34
 1.82021e-41 2.52633e-33 4.23844e-26 8.59546e-20 2.10708e-14 6.24365e-10 2.23638e-06 0.000968273 0.0506757 0.320705 0.255593 0.135112 0.154139 0.0564919 0.0214379 0.00436852 0.000485884 2.0857e-05 2.59637e-07 6.91185e-10 3.12512e-13 2.11938e-17 2.0272e-22 2.64302e-28 4.59463e-35
 1.78083e-41 2.47168e-33 4.14675e-26 8.40952e-20 2.0615e-14 6.10859e-10 2.188e-06 0.000947327 0.0495796 0.313815 0.252902 0.149254 0.158158 0.0532164 0.0182311 0.00353084 0.000350666 1.25586e-05 1.20121e-07 2.39775e-10 8.32157e-14 4.41079e-18 3.2949e-23 3.31401e-29 4.37274e-36
 1.79648e-41 2.4934e-33 4.1832e-26 8.48344e-20 2.07962e-14 6.16228e-10 2.20723e-06 0.000955654 0.0500155 0.316615 0.256857 0.153478 0.150252 0.0521735 0.0166108 0.00279008 0.000242273 7.27994e-06 5.47757e-08 8.16727e-11 2.06779e-14 8.02768e-19 4.45448e-24 3.36453e-30 3.34732e-37
 1.78862e-41 2.48248e-33 4.16488e-26 8.4463e-20 2.07051e-14 6.1353e-10 2.19757e-06 0.000951471 0.0497967 0.315292 0.258413 0.161477 0.146385 0.0500629 0.0150883 0.00235592 0.000170823 4.1598e-06 2.4692e-08 2.79508e-11 5.20823e-15 1.45986e-19 5.80798e-25 3.15263e-31 2.26963e-38
 1.81614e-41 2.52069e-33 4.22897e-26 8.57628e-20 2.10237e-14 6.22972e-10 2.23138e-06 0.000966112 0.0505631 0.320207 0.264406 0.16472 0.137637 0.0465201 0.0129955 0.00186305 0.000116918 2.27001e-06 1.03255e-08 8.8279e-12 1.22206e-15 2.50311e-20 7.18325e-26 2.78801e-32 1.42854e-39
 1.75916e-41 2.44159e-33 4.09628e-26 8.30716e-20 2.0364e-14 6.03424e-10 2.16137e-06 0.000935797 0.0489769 0.310292 0.261232 0.179329 0.140181 0.0457096 0.011735 0.00152372 8.20367e-05 1.29121e-06 4.49489e-09 2.85025e-12 2.8967e-16 4.33381e-21 9.03052e-27 2.52857e-33 9.29153e-41
 1.67009e-41 2.31797e-33 3.88888e-26 7.88657e-20 1.9333e-14 5.72872e-10 2.05193e-06 0.000888417 0.0464978 0.294769 0.254704 0.195066 0.145666 0.0492472 0.0117448 0.00135267 6.15795e-05 7.81037e-07 2.09989e-09 9.94057e-13 7.37724e-17 7.97689e-22 1.19713e-27 2.4112e-34 6.36521e-42
 1.67089e-41 2.31909e-33 3.89075e-26 7.89037e-20 1.93423e-14 5.73148e-10 2.05292e-06 0.000888846 0.0465208 0.295061 0.258323 0.19702 0.13989 0.0496008 0.0114434 0.00120399 4.57782e-05 4.61635e-07 9.54124e-10 3.387e-13 1.85014e-17 1.45227e-22 1.56755e-28 2.25885e-35 4.25614e-43
 1.70904e-41 2.37204e-33 3.97958e-26 8.07051e-20 1.97839e-14 5.86233e-10 2.09979e-06 0.000909139 0.0475827 0.301754 0.262352 0.191879 0.136085 0.0473358 0.0109256 0.00113496 3.96001e-05 3.4471e-07 5.9641e-10 1.74795e-13 7.81345e-18 4.98392e-23 4.34615e-29 5.03522e-36 7.59819e-44
#spawning biomass
 5974.96 6486.76 7528.25 10224 14282.7 17237.7 16278.3 20897 34045.4 51075.1 57632.9 76108.7 101303 124306 124416 102847 96400.5 104784 92351.3 92963.7 100625 106310 101161 104626 114416 128472 119473 115002 140567 349976 498981 514010 473714 408110 338192 275187 223414 183266 153332 131622 116191 105384 97883.8 92684.9 89114.5 86734.7 85148.5 84091.3 83386.7 82917 82603.9 82395.3 82256.2 82163.5 82101.7 82060.5 82033.1 82014.8 82002.6 81994.5 81989.1 81985.5 81983.1 81981.4 81980.4 81979.7 81979.2 81978.9 81978.7 81978.5 81978.4 81978.4 81978.3 81978.3 81978.3 81978.3 81978.3 81978.3 81978.2 81978.2 81978.2 81978.2 81978.2 81978.2 81978.2 81978.2 81978.2 81978.2 81978.2 81978.2 81978.2 81978.2 81978.2 81978.2 81978.2 81978.2 81978.2 81978.2 81978.2 81978.2 81978.2 81978.2 81978.2 81978.2 81978.2 81978.2 81978.2 81978.2 81978.2 81978.2 81978.2 81978.2 81978.2 81978.2 81978.2 81978.2 81978.2 81978.2 81978.2 81978.2 81978.2 81978.2 81978.2 81978.2 81978.2 81978.2 81978.2 81978.2 81978.2 0 0 0 0 0 0 0 0 0 0 0 0 0 0 0 0 0 0 0 0 0 0 0 0 0
