SBPRF35
26.8981
Curr Bio
168937
B35
4.39291e+07
F35
0.0250545
FOFL
0
OFL
0
Bzero
7.68517e+06
#pred survey bio
 22630 22987.4 20386 25218.1 39568.2 56356.3 74889 90831.7 128020 173921 185261 206728 243253 256834 267367 255801 246881 267611 280311 284436 245732 224332 241488 278803 262467 240175 245807 202142 3.54667e+06 7.51935e+06 1.2256e+07 1.70314e+07 2.15155e+07 2.55313e+07 2.90218e+07 3.20005e+07 3.45167e+07 3.66335e+07 3.84153e+07 3.99215e+07 4.1204e+07 4.23064e+07 4.32306e+07 4.36904e+07 4.414e+07 4.45792e+07 4.50079e+07 4.54262e+07 4.5834e+07 4.62316e+07 4.66192e+07 4.6997e+07 4.73651e+07 4.77239e+07 4.80735e+07 4.84143e+07 4.87464e+07 4.90702e+07 4.93857e+07 4.96934e+07 4.99933e+07 5.02857e+07 5.05709e+07 5.0849e+07 5.11202e+07 5.13848e+07 5.16429e+07 5.18947e+07 5.21405e+07 5.23803e+07 5.26143e+07 5.28427e+07 5.30657e+07 5.32835e+07 5.34961e+07 5.37037e+07 5.39065e+07 5.41046e+07 5.42981e+07 5.44872e+07 5.4672e+07 5.48525e+07 5.5029e+07 5.52016e+07 5.53703e+07 5.55353e+07 5.56966e+07 5.58544e+07 5.60088e+07 5.61598e+07 5.63076e+07 5.64522e+07 5.65937e+07 5.67323e+07 5.6868e+07 5.70008e+07 5.71309e+07 5.72583e+07 5.73832e+07 5.75055e+07 5.76253e+07 5.77428e+07 5.78579e+07 5.79707e+07 5.80814e+07 5.81899e+07 5.82963e+07 5.84007e+07 5.85031e+07 5.86035e+07 5.87021e+07 5.87989e+07 5.88939e+07 5.89871e+07 5.90787e+07 5.91686e+07 5.92569e+07 5.93437e+07 5.94289e+07 5.95126e+07 5.95949e+07 5.96758e+07 5.97553e+07 5.98335e+07 5.99104e+07 5.9986e+07 6.00603e+07 6.01335e+07 0 0 0 0 0 0 0 0 0 0 0 0 0 0 0 0 0 0 0 0 0 0 0 0 0
#obs survey bio
 21374.9 13277.1 28350.3 27014.6 55587.1 46709.8 94376.5 100696 129868 168795 162902 190380 189379 177958 210417 252708 189519 217364 286650 298397 209602 167938 261675 224445 200431 236172 245107 120723
#pred catch bio
 12581.7 15604.3 12063.6 14076.9 27796.1 42340.6 58309.7 68101.4 94833.3 139106 149646 162480 196871 206256 222365 216601 203186 225233 236361 249571 217275 195437 205450 251496 238282 215221 228710 205280 0 8646.38 14402.2 20195.8 25665.5 30573.2 34835.3 38461.2 41508.1 44053.2 46176.7 47953.3 49448.4 50717.4 51764.9 52250.3 52720.6 53176.2 53617.6 54045.1 54459.4 54860.7 55249.5 55626.1 55991 56344.5 56686.9 57018.7 57340.1 57651.5 57953.1 58245.3 58528.4 58802.7 59068.4 59325.8 59575.2 59816.8 60050.8 60277.5 60497.2 60710 60916.1 61115.9 61309.3 61496.8 61678.4 61854.3 62024.7 62189.8 62349.8 62504.7 62654.8 62800.3 62941.2 63077.6 63209.9 63338 63462.1 63582.3 63698.8 63811.6 63920.9 64026.8 64129.4 64228.8 64325.1 64418.4 64508.8 64596.3 64681.1 64763.3 64842.9 64920 64994.7 65067.1 65137.2 65205.1 65270.9 65334.7 65396.4 65456.3 65514.2 65570.4 65624.8 65677.5 65728.5 65778 65825.9 65872.4 65917.3 65960.9 66003.1 66044 66083.6 66122 66159.2 66195.2 66230.1 66263.9 0 0 0 0 0 0 0 0 0 0 0 0 0 0 0 0 0 0 0 0 0 0 0 0 0
#obs catch bio
 16011.7 16735.1 14081 11193 21235.3 40525.9 48323.5 58648.7 86392.9 126612 141207 145666 170965 198656 214626 203250 185328 200991 211208 215490 190261 181770 172824 221315 218202 170877 197142 206250
#pred cpue bio
 18229 19747 14687 18635.2 24454.8 31878.7 40206.8 49334.7 65939 96323.2 105071 108282 133598 142206 153253 140657 127826 139236 139505 146654 124835 105025 105751 127186 112428 104341 101951 85848.4 765844 7.35021e+06 1.21371e+07 1.691e+07 2.13939e+07 2.54096e+07 2.89001e+07 3.18788e+07 3.43951e+07 3.65119e+07 3.82936e+07 3.97998e+07 4.10823e+07 4.21847e+07 4.31089e+07 4.35687e+07 4.40184e+07 4.44576e+07 4.48863e+07 4.53045e+07 4.57124e+07 4.611e+07 4.64975e+07 4.68753e+07 4.72434e+07 4.76022e+07 4.79519e+07 4.82926e+07 4.86248e+07 4.89485e+07 4.92641e+07 4.95717e+07 4.98716e+07 5.01641e+07 5.04492e+07 5.07273e+07 5.09986e+07 5.12631e+07 5.15213e+07 5.17731e+07 5.20188e+07 5.22586e+07 5.24926e+07 5.27211e+07 5.29441e+07 5.31618e+07 5.33744e+07 5.3582e+07 5.37848e+07 5.39829e+07 5.41764e+07 5.43655e+07 5.45503e+07 5.47309e+07 5.49074e+07 5.50799e+07 5.52486e+07 5.54136e+07 5.55749e+07 5.57327e+07 5.58871e+07 5.60381e+07 5.61859e+07 5.63305e+07 5.64721e+07 5.66107e+07 5.67463e+07 5.68792e+07 5.70093e+07 5.71367e+07 5.72615e+07 5.73838e+07 5.75037e+07 5.76211e+07 5.77362e+07 5.78491e+07 5.79597e+07 5.80682e+07 5.81746e+07 5.8279e+07 5.83814e+07 5.84819e+07 5.85805e+07 5.86772e+07 5.87722e+07 5.88655e+07 5.8957e+07 5.90469e+07 5.91352e+07 5.9222e+07 5.93072e+07 5.9391e+07 5.94733e+07 5.95542e+07 5.96337e+07 5.97118e+07 5.97887e+07 5.98643e+07 5.99387e+07 6.00118e+07 0 0 0 0 0 0 0 0 0 0 0 0 0 0 0 0 0 0 0 0 0 0 0 0 0
#obs cpue bio
 18076.7 19734 15443.6 24787 38226 51360.5 63091 74312.5 92726.4 145189 161425 178911 285780 218344 251685 204034 217488 281775 219530 265339 239366 179419 203184 260066 210137 269222 182045 139358
#pred surv len freq
 1.04165e-11 1.13062e-09 7.23593e-08 2.73062e-06 6.076e-05 0.000797223 0.00616907 0.0281782 0.0763082 0.125215 0.137161 0.132475 0.139479 0.128359 0.0887591 0.0522006 0.0306545 0.0182183 0.0111505 0.00732752 0.00529238 0.00425307 0.00359822 0.00274473 0.00159495
 7.92295e-12 8.5996e-10 5.50373e-08 2.07694e-06 4.62151e-05 0.000606396 0.00469304 0.0214507 0.0582878 0.0972413 0.113909 0.128021 0.152997 0.149408 0.109797 0.070044 0.0424119 0.0233755 0.0120531 0.00628819 0.00353876 0.00227957 0.00166639 0.00119469 0.000688001
 1.3099e-11 1.42177e-09 9.09932e-08 3.4338e-06 7.64065e-05 0.0010025 0.00775674 0.0354116 0.0956424 0.154896 0.160226 0.132011 0.117585 0.103393 0.0750662 0.0490594 0.0311745 0.0182654 0.0096523 0.00462473 0.0020899 0.000992306 0.000550774 0.000337442 0.000182907
 1.16885e-11 1.26868e-09 8.11954e-08 3.06406e-06 6.81796e-05 0.000894571 0.00692228 0.0316162 0.0855863 0.140179 0.152329 0.143988 0.147504 0.130704 0.0822097 0.0396661 0.0187437 0.00979887 0.00524687 0.00261537 0.0011556 0.000461313 0.000184987 8.35138e-05 3.84645e-05
 1.53061e-11 1.66133e-09 1.06325e-07 4.01237e-06 8.92804e-05 0.0011714 0.00906329 0.0413688 0.111628 0.179942 0.182175 0.139846 0.112315 0.092069 0.0618638 0.0353126 0.0186048 0.00857455 0.00352462 0.00146497 0.000620037 0.000242092 8.39448e-05 2.77736e-05 9.45572e-06
 1.56601e-11 1.69976e-09 1.08784e-07 4.10518e-06 9.13454e-05 0.0011985 0.00927317 0.0423315 0.114291 0.184759 0.189494 0.151566 0.127448 0.100964 0.0555941 0.0187472 0.00375858 0.000446462 3.20361e-05 1.67782e-06 1.69273e-07 4.5769e-08 1.42007e-08 4.02775e-09 1.03812e-09
 1.6315e-11 1.77084e-09 1.13334e-07 4.27686e-06 9.51655e-05 0.00124862 0.00966079 0.0440972 0.119007 0.191973 0.194967 0.151001 0.121315 0.0939629 0.0514374 0.0173213 0.00346908 0.000410364 2.86322e-05 1.17803e-06 2.85799e-08 4.08835e-10 3.44871e-12 1.71799e-14 5.54096e-17
 1.61752e-11 1.75567e-09 1.12362e-07 4.24021e-06 9.43501e-05 0.00123792 0.00957804 0.0437203 0.118 0.190433 0.193799 0.151122 0.122626 0.0954581 0.0523246 0.0176248 0.00353007 0.000417583 2.91359e-05 1.19875e-06 2.90825e-08 4.16017e-10 3.50895e-12 1.7452e-14 5.11784e-17
 1.67912e-11 1.82252e-09 1.16641e-07 4.40167e-06 9.79427e-05 0.00128505 0.00994258 0.0453809 0.122436 0.197216 0.198945 0.150588 0.116854 0.0888709 0.0484162 0.0162875 0.00326138 0.000385779 2.69166e-05 1.10744e-06 2.68672e-08 3.8433e-10 3.24173e-12 1.61238e-14 4.72918e-17
 1.5933e-11 1.72938e-09 1.1068e-07 4.17672e-06 9.29373e-05 0.00121939 0.00943469 0.0430673 0.116256 0.187765 0.191775 0.151332 0.124895 0.0980485 0.0538616 0.0181508 0.00363573 0.00043009 3.00087e-05 1.23466e-06 2.99537e-08 4.2848e-10 3.61409e-12 1.79753e-14 5.27163e-17
 1.56251e-11 1.69595e-09 1.08541e-07 4.09599e-06 9.11411e-05 0.00119582 0.00925244 0.0422371 0.114038 0.184373 0.189202 0.151599 0.127781 0.101342 0.0558156 0.0188194 0.00377007 0.00044599 3.11182e-05 1.28031e-06 3.10612e-08 4.44323e-10 3.7477e-12 1.86394e-14 5.46603e-17
 1.66029e-11 1.80208e-09 1.15333e-07 4.35231e-06 9.68444e-05 0.00127065 0.00983114 0.0448733 0.12108 0.195143 0.197372 0.150751 0.118618 0.0908846 0.049611 0.0166963 0.00334351 0.000395501 2.75951e-05 1.13535e-06 2.75444e-08 3.94015e-10 3.32337e-12 1.6529e-14 4.84715e-17
 1.60383e-11 1.7408e-09 1.11411e-07 4.2043e-06 9.35511e-05 0.00122744 0.00949697 0.043351 0.117014 0.188924 0.192654 0.151241 0.123909 0.0969231 0.0531938 0.0179223 0.00358983 0.000424656 2.96295e-05 1.21906e-06 2.95752e-08 4.23065e-10 3.5684e-12 1.77477e-14 5.20452e-17
 1.59364e-11 1.72974e-09 1.10703e-07 4.17759e-06 9.29568e-05 0.00121964 0.00943667 0.0430763 0.11628 0.187802 0.191803 0.151329 0.124864 0.0980128 0.0538404 0.0181435 0.00363428 0.000429917 2.99966e-05 1.23416e-06 2.99417e-08 4.28307e-10 3.61261e-12 1.79676e-14 5.26901e-17
 1.54831e-11 1.68054e-09 1.07554e-07 4.05877e-06 9.03129e-05 0.00118496 0.0091684 0.0418542 0.113016 0.18281 0.188016 0.151722 0.129112 0.10286 0.0567166 0.0191277 0.00383201 0.000453322 3.16299e-05 1.30136e-06 3.15719e-08 4.51628e-10 3.80932e-12 1.89459e-14 5.5559e-17
 1.60234e-11 1.73918e-09 1.11307e-07 4.2004e-06 9.34642e-05 0.0012263 0.00948816 0.0433108 0.116906 0.18876 0.19253 0.151254 0.124049 0.0970824 0.0532883 0.0179546 0.00359632 0.000425425 2.96832e-05 1.22127e-06 2.96288e-08 4.23831e-10 3.57486e-12 1.77798e-14 5.21395e-17
 1.67333e-11 1.81624e-09 1.16239e-07 4.38649e-06 9.7605e-05 0.00128062 0.00990832 0.0452248 0.122019 0.196579 0.198462 0.150638 0.117396 0.0894901 0.0487836 0.0164132 0.00328663 0.000388768 2.71252e-05 1.11602e-06 2.70754e-08 3.87307e-10 3.26679e-12 1.62476e-14 4.76462e-17
 1.66787e-11 1.81032e-09 1.1586e-07 4.3722e-06 9.7287e-05 0.00127645 0.00987604 0.0450778 0.121626 0.195978 0.198006 0.150686 0.117907 0.0900732 0.0491296 0.0165316 0.00331042 0.000391584 2.73217e-05 1.1241e-06 2.72715e-08 3.90112e-10 3.29045e-12 1.63653e-14 4.79913e-17
 1.71586e-11 1.86241e-09 1.19194e-07 4.498e-06 0.000100086 0.00131317 0.0101601 0.0463716 0.125082 0.201264 0.202016 0.150269 0.11341 0.0849409 0.0460844 0.0154895 0.00310107 0.000366804 2.55925e-05 1.05296e-06 2.55455e-08 3.65422e-10 3.08219e-12 1.53295e-14 4.49539e-17
 1.67799e-11 1.82129e-09 1.16562e-07 4.3987e-06 9.78767e-05 0.00128419 0.00993588 0.0453504 0.122354 0.197092 0.198851 0.150598 0.11696 0.0889919 0.048488 0.016312 0.00326631 0.000386363 2.69574e-05 1.10912e-06 2.69079e-08 3.8491e-10 3.24657e-12 1.61471e-14 4.73514e-17
 1.69415e-11 1.83884e-09 1.17685e-07 4.44108e-06 9.88197e-05 0.00129656 0.0100316 0.0457863 0.123518 0.198872 0.200202 0.150458 0.115445 0.0872629 0.0474621 0.015961 0.00319578 0.000378015 2.63748e-05 1.08515e-06 2.63264e-08 3.76592e-10 3.17641e-12 1.57981e-14 4.63281e-17
 1.77592e-11 1.92759e-09 1.23365e-07 4.65542e-06 0.000103589 0.00135913 0.0105155 0.0479907 0.129407 0.207878 0.207033 0.149749 0.107783 0.0785184 0.0422737 0.0141856 0.00283909 0.000335795 2.34287e-05 9.6393e-07 2.33856e-08 3.34524e-10 2.82159e-12 1.40334e-14 4.11529e-17
 1.83464e-11 1.99133e-09 1.27445e-07 4.80937e-06 0.000107014 0.00140407 0.0108631 0.049574 0.133636 0.214346 0.21194 0.14924 0.10228 0.0722379 0.0385472 0.0129105 0.0025829 0.000305471 2.13127e-05 8.76868e-07 2.12734e-08 3.0431e-10 2.56674e-12 1.27659e-14 3.7436e-17
 1.79951e-11 1.95319e-09 1.25004e-07 4.71727e-06 0.000104965 0.00137718 0.0106551 0.0486268 0.131105 0.210476 0.209005 0.149544 0.105572 0.0759954 0.0407767 0.0136733 0.00273617 0.000323613 2.25786e-05 9.28955e-07 2.25371e-08 3.22386e-10 2.71921e-12 1.35242e-14 3.96598e-17
 1.85264e-11 2.01087e-09 1.28695e-07 4.85655e-06 0.000108064 0.00141784 0.0109696 0.0500593 0.134932 0.216328 0.213444 0.149084 0.100593 0.0703128 0.037405 0.0125196 0.00250438 0.000296177 2.06641e-05 8.50182e-07 2.0626e-08 2.95049e-10 2.48863e-12 1.23774e-14 3.62967e-17
 1.84122e-11 1.99847e-09 1.27902e-07 4.82661e-06 0.000107398 0.0014091 0.010902 0.0497514 0.134109 0.21507 0.21249 0.149183 0.101663 0.0715344 0.0381298 0.0127676 0.00255421 0.000302075 2.10757e-05 8.67116e-07 2.10368e-08 3.00926e-10 2.53819e-12 1.26239e-14 3.70197e-17
 1.87777e-11 2.03814e-09 1.30441e-07 4.92243e-06 0.00010953 0.00143708 0.0111183 0.0507369 0.136742 0.219096 0.215544 0.148866 0.0982376 0.067625 0.0358102 0.0119739 0.00239474 0.000283199 1.97585e-05 8.12923e-07 1.9722e-08 2.82118e-10 2.37956e-12 1.18349e-14 3.4706e-17
 1.85945e-11 2.01826e-09 1.29168e-07 4.87441e-06 0.000108462 0.00142306 0.0110099 0.050243 0.135422 0.217079 0.214013 0.149025 0.0999544 0.0695842 0.0369727 0.0123717 0.00247466 0.000292659 2.04186e-05 8.40083e-07 2.03809e-08 2.91544e-10 2.45906e-12 1.22303e-14 3.58655e-17
#obs surv len freq
 3.55387e-11 3.2936e-09 1.79981e-07 5.79925e-06 0.000110181 0.00123438 0.0081562 0.0318198 0.0737243 0.104551 0.103909 0.102611 0.118936 0.12948 0.122874 0.0985556 0.0610107 0.028428 0.0104862 0.00317405 0.000770093 0.0001423 1.904e-05 1.76586e-06 1.09593e-07
 2.03254e-11 1.8168e-09 9.57551e-08 2.97582e-06 5.45319e-05 0.000589325 0.00375864 0.0142019 0.0324336 0.0492016 0.0664531 0.102768 0.146749 0.166479 0.158747 0.126737 0.0779398 0.0360962 0.0130414 0.00374574 0.000839701 0.000142053 1.74455e-05 1.49423e-06 8.61254e-08
 1.53675e-10 1.32258e-08 6.71162e-07 2.00826e-05 0.000354322 0.0036861 0.0226117 0.0817996 0.17462 0.220724 0.168387 0.0863397 0.0473062 0.0473828 0.0548579 0.0476453 0.028014 0.0115004 0.00360447 0.000922176 0.000189875 2.96755e-05 3.34073e-06 2.60763e-07 1.36978e-08
 1.12438e-10 9.30205e-09 4.53764e-07 1.30518e-05 0.000221363 0.00221398 0.013064 0.04559 0.0953003 0.127005 0.135303 0.157358 0.173449 0.135193 0.070542 0.0281774 0.0107368 0.00407793 0.00133894 0.000340944 6.47619e-05 9.06696e-06 9.17633e-07 6.4923e-08 3.09976e-09
 1.88426e-10 1.49619e-08 7.00515e-07 1.93391e-05 0.000314809 0.00302178 0.0171068 0.0571755 0.113431 0.137366 0.115502 0.0969805 0.104036 0.115881 0.11114 0.0787209 0.0365147 0.0105673 0.00194076 0.00025038 2.75768e-05 2.87602e-06 2.50512e-07 1.57936e-08 6.75047e-10
 3.43372e-10 2.61315e-08 1.1726e-06 3.10259e-05 0.000484049 0.0044531 0.0241623 0.0774113 0.147311 0.171618 0.139919 0.112244 0.104056 0.0889127 0.0646618 0.0392269 0.0180373 0.0058799 0.00134788 0.000217172 2.41884e-05 1.85128e-06 1.01001e-07 4.18805e-09 1.34422e-10
 3.89407e-10 2.83641e-08 1.2182e-06 3.08504e-05 0.000460676 0.0040566 0.0210741 0.0647358 0.118985 0.138663 0.127288 0.128818 0.133798 0.114057 0.0793415 0.044497 0.0181242 0.00498745 0.000938487 0.000129259 1.37387e-05 1.10174e-06 6.23788e-08 2.37015e-09 5.9347e-11
 6.19141e-10 4.31087e-08 1.76982e-06 4.2843e-05 0.000611539 0.00514746 0.0255589 0.0750051 0.131371 0.144191 0.12053 0.110808 0.114903 0.108153 0.0854041 0.0510841 0.0206952 0.00542942 0.000939525 0.000113341 1.00738e-05 6.72361e-07 3.31296e-08 1.16689e-09 2.82941e-11
 9.06408e-10 6.02547e-08 2.36181e-06 5.45869e-05 0.000743924 0.00597869 0.028349 0.079515 0.133701 0.14374 0.12471 0.121666 0.122419 0.10424 0.0736524 0.0406237 0.0157224 0.00406867 0.000715605 8.8939e-05 7.95034e-06 5.04202e-07 2.22213e-08 6.7302e-10 1.39183e-11
 1.08976e-09 6.9088e-08 2.58263e-06 5.6926e-05 0.000739882 0.00567134 0.0256588 0.06881 0.111758 0.121311 0.118208 0.132317 0.140179 0.122233 0.0867686 0.0459401 0.0161995 0.0035955 0.000501875 4.60071e-05 2.99822e-06 1.49625e-07 5.7535e-09 1.61121e-10 3.09467e-12
 1.9662e-09 1.18754e-07 4.22917e-06 8.88078e-05 0.00109963 0.00802958 0.0345984 0.0882495 0.135423 0.135009 0.113834 0.112931 0.118653 0.109636 0.0814337 0.0429465 0.0145734 0.00305798 0.000397279 3.29119e-05 1.8287e-06 7.18456e-08 2.05074e-09 4.23967e-11 6.26324e-13
 2.81936e-09 1.62066e-07 5.49318e-06 0.000109786 0.00129382 0.00899264 0.0368981 0.0898167 0.132939 0.13354 0.123764 0.130843 0.128057 0.102664 0.0665872 0.0319406 0.0101943 0.0020642 0.00026631 2.26686e-05 1.32602e-06 5.42166e-08 1.52665e-09 2.8896e-11 3.62823e-13
 3.65825e-09 1.9996e-07 6.44467e-06 0.000122476 0.00137251 0.00907205 0.0354163 0.082217 0.117378 0.118792 0.119246 0.135179 0.138098 0.116336 0.0773457 0.0362566 0.0108974 0.0020179 0.00022994 1.65534e-05 7.91745e-07 2.67082e-08 6.57093e-10 1.16276e-11 1.42247e-13
 4.91694e-09 2.55343e-07 7.81885e-06 0.000141174 0.00150311 0.00944069 0.0350407 0.0775617 0.107005 0.109647 0.117951 0.139589 0.145421 0.124569 0.0822106 0.0371979 0.0106354 0.00186482 0.000201145 1.36973e-05 6.14748e-07 1.90043e-08 4.12735e-10 6.22854e-12 6.39842e-14
 7.82378e-09 3.8572e-07 1.12129e-05 0.000192201 0.00194277 0.0115845 0.0408262 0.0858531 0.112807 0.111017 0.11619 0.135232 0.140839 0.120792 0.0780226 0.0338195 0.00917756 0.00152611 0.000156831 1.0263e-05 4.46862e-07 1.34478e-08 2.82147e-10 4.04771e-12 3.87515e-14
 1.27173e-08 5.9481e-07 1.6404e-05 0.000266759 0.00255811 0.0144723 0.0484073 0.0967678 0.121719 0.117089 0.121383 0.136253 0.133905 0.107608 0.0651171 0.0264971 0.00676644 0.00106216 0.000103547 6.47341e-06 2.71272e-07 7.88793e-09 1.5971e-10 2.20341e-12 2.02232e-14
 1.858e-08 8.23941e-07 2.15445e-05 0.00033218 0.00302036 0.0162044 0.0514423 0.0979886 0.119498 0.117022 0.126795 0.141698 0.134453 0.103249 0.0592097 0.0227158 0.00546166 0.000808126 7.44848e-05 4.42241e-06 1.76768e-07 4.91063e-09 9.48533e-11 1.24574e-12 1.08708e-14
 2.76924e-08 1.16374e-06 2.88364e-05 0.000421335 0.00363056 0.0184617 0.0555871 0.10075 0.118509 0.115927 0.127576 0.14207 0.133916 0.101326 0.0560534 0.0204123 0.00462563 0.000643782 5.58266e-05 3.12194e-06 1.17642e-07 3.08094e-09 5.60626e-11 6.93227e-13 5.69434e-15
 3.90846e-08 1.55584e-06 3.65188e-05 0.000505445 0.00412589 0.0198811 0.0568066 0.0983753 0.113659 0.115995 0.133832 0.148095 0.135711 0.0987749 0.051955 0.0178732 0.003824 0.000504449 4.17858e-05 2.25445e-06 8.25167e-08 2.09366e-09 3.65111e-11 4.27491e-13 3.2966e-15
 5.87327e-08 2.21393e-06 4.92083e-05 0.000644947 0.00498554 0.0227541 0.0616339 0.101587 0.113436 0.115356 0.133394 0.146889 0.134406 0.0963971 0.0488311 0.0159588 0.00323404 0.000405797 3.228e-05 1.69279e-06 6.07253e-08 1.50877e-09 2.55715e-11 2.88682e-13 2.13352e-15
 8.27233e-08 2.95212e-06 6.21204e-05 0.000770821 0.00564181 0.0243923 0.0627334 0.099212 0.110424 0.118657 0.14154 0.152351 0.133667 0.0910056 0.0434084 0.013296 0.00251847 0.000294633 2.17867e-05 1.05954e-06 3.52876e-08 8.19227e-10 1.30982e-11 1.40706e-13 9.94774e-16
 1.36008e-07 4.59441e-06 9.15143e-05 0.0010749 0.0074472 0.0304779 0.0741924 0.111005 0.116664 0.118435 0.135712 0.143952 0.125696 0.0837424 0.0382261 0.0110703 0.00197547 0.000217934 1.52439e-05 7.03105e-07 2.21761e-08 4.84234e-10 7.21763e-12 7.1806e-14 4.68987e-16
 1.86409e-07 5.96022e-06 0.000112372 0.00124936 0.00819489 0.0317801 0.0736162 0.10676 0.115381 0.127802 0.149567 0.149808 0.120317 0.0738776 0.0313857 0.00853512 0.0014433 0.000152739 1.04118e-05 4.74776e-07 1.48559e-08 3.18411e-10 4.57998e-12 4.33197e-14 2.6614e-16
 2.63341e-07 7.96978e-06 0.000142224 0.00149674 0.0092938 0.034136 0.075066 0.104362 0.111342 0.12536 0.148449 0.151323 0.123712 0.0752266 0.0307484 0.00793053 0.00126783 0.000127255 8.28649e-06 3.63875e-07 1.10253e-08 2.29309e-10 3.20227e-12 2.93989e-14 1.74923e-16
 3.96101e-07 1.13472e-05 0.000191678 0.00190947 0.011225 0.0390561 0.0815772 0.10891 0.11485 0.129836 0.150485 0.147786 0.115438 0.0663188 0.0253594 0.00606939 0.000891527 8.10215e-05 4.68644e-06 1.79925e-07 4.76552e-09 8.82285e-11 1.12449e-12 9.61504e-15 5.39509e-17
 5.18839e-07 1.40705e-05 0.000225006 0.00212212 0.0118149 0.0389967 0.0778421 0.102267 0.113565 0.137471 0.159799 0.152037 0.113697 0.0619574 0.0223638 0.0050568 0.000705914 6.16076e-05 3.46446e-06 1.30088e-07 3.33415e-09 5.81429e-11 6.7712e-13 5.17691e-15 2.57469e-17
 5.92101e-07 1.52027e-05 0.00023018 0.00205573 0.0108451 0.0340213 0.0654179 0.0869737 0.106849 0.14248 0.171087 0.164978 0.122869 0.0647596 0.0221035 0.0046627 0.000600814 4.78047e-05 2.4158e-06 8.06772e-08 1.84466e-09 2.92051e-11 3.15415e-13 2.26759e-15 1.06312e-17
 8.6353e-07 2.09945e-05 0.000300992 0.00254548 0.0127173 0.0377978 0.0689827 0.0876055 0.104321 0.137483 0.167445 0.166173 0.124732 0.0641245 0.0209597 0.00422302 0.000524359 4.09233e-05 2.07288e-06 7.02909e-08 1.61593e-09 2.49259e-11 2.52931e-13 1.66372e-15 7.04792e-18
#pred catch len freq
 8.00286e-13 8.68635e-11 5.5593e-09 2.098e-07 4.66932e-06 6.13317e-05 0.000477213 0.00224067 0.00690372 0.0180554 0.0508777 0.124347 0.203745 0.211223 0.149708 0.0884576 0.0519935 0.0309048 0.0189145 0.0124292 0.00897699 0.00721409 0.00610332 0.00465564 0.00270536
 5.99832e-13 6.51061e-11 4.16683e-09 1.57252e-07 3.50005e-06 4.59891e-05 0.00035846 0.00169757 0.00542375 0.0155537 0.0478178 0.120807 0.200571 0.21235 0.158559 0.101413 0.0614229 0.0338522 0.0174538 0.00910529 0.00512401 0.00330073 0.00241286 0.00172986 0.000996199
 1.46319e-12 1.58816e-10 1.01642e-08 3.83574e-07 8.53593e-06 0.000112057 0.000869422 0.00402485 0.0116353 0.0250154 0.0548049 0.119409 0.191339 0.201827 0.152261 0.100119 0.063654 0.0372932 0.019706 0.00944132 0.00426642 0.00202573 0.00112437 0.000688865 0.000373393
 1.06174e-12 1.15242e-10 7.37554e-09 2.7834e-07 6.19459e-06 8.13542e-05 0.000632533 0.00295902 0.00897109 0.022428 0.0601673 0.143873 0.232561 0.233575 0.150841 0.0731506 0.0345984 0.0180897 0.00968587 0.00482785 0.00213316 0.000851545 0.00034147 0.000154159 7.10021e-05
 6.83927e-12 7.42337e-10 4.75095e-08 1.79287e-06 3.98942e-05 0.000523474 0.00405187 0.0185337 0.0505484 0.0858287 0.107346 0.135921 0.174374 0.170741 0.11936 0.0684954 0.0360612 0.0166082 0.00682495 0.00283639 0.00120043 0.000468701 0.000162521 5.37709e-05 1.83067e-05
 1.06213e-11 1.15284e-09 7.37814e-08 2.78429e-06 6.19544e-05 0.000812906 0.00629093 0.0287463 0.0780039 0.129262 0.147391 0.155933 0.174664 0.154851 0.087569 0.0296905 0.00595895 0.000707964 5.0794e-05 2.65693e-06 2.6712e-07 7.21489e-08 2.23842e-08 6.34883e-09 1.63636e-09
 1.25422e-11 1.36133e-09 8.71249e-08 3.28783e-06 7.31587e-05 0.000959901 0.0074278 0.0339252 0.0918369 0.150418 0.163443 0.154272 0.156671 0.134313 0.0753786 0.0255135 0.00511499 0.000605181 4.22268e-05 1.73737e-06 4.215e-08 6.02956e-10 5.0862e-12 2.53368e-14 8.16733e-17
 1.15333e-11 1.25183e-09 8.01172e-08 3.02338e-06 6.72744e-05 0.000882702 0.00683074 0.0312053 0.0845721 0.139307 0.155014 0.155147 0.166124 0.145102 0.0817801 0.027704 0.00555508 0.000657272 4.58617e-05 1.88692e-06 4.57781e-08 6.54844e-10 5.52336e-12 2.74709e-14 8.05587e-17
 1.24258e-11 1.3487e-09 8.63164e-08 3.25732e-06 7.24798e-05 0.000950994 0.00735892 0.0336114 0.0909988 0.149136 0.16247 0.154373 0.157762 0.135558 0.0761172 0.0257663 0.00516576 0.000611191 4.26461e-05 1.75462e-06 4.25684e-08 6.08932e-10 5.13618e-12 2.55465e-14 7.49288e-17
 1.24293e-11 1.34908e-09 8.6341e-08 3.25825e-06 7.25004e-05 0.000951265 0.00736101 0.0336209 0.0910242 0.149175 0.1625 0.15437 0.157728 0.13552 0.0760947 0.0257586 0.00516422 0.000611009 4.26334e-05 1.75409e-06 4.25556e-08 6.08748e-10 5.13459e-12 2.55377e-14 7.48948e-17
 1.21321e-11 1.31682e-09 8.42764e-08 3.18033e-06 7.07668e-05 0.000928521 0.0071851 0.0328196 0.0888839 0.145902 0.160017 0.154628 0.160514 0.138699 0.0779807 0.0264039 0.00529388 0.000626356 4.37043e-05 1.79816e-06 4.36246e-08 6.24038e-10 5.26353e-12 2.61785e-14 7.67688e-17
 1.31906e-11 1.43171e-09 9.16292e-08 3.45781e-06 7.69408e-05 0.00100952 0.00781157 0.0356734 0.0965064 0.15756 0.168861 0.15371 0.150595 0.127378 0.071264 0.0241056 0.00483212 0.000571699 3.98904e-05 1.64123e-06 3.98175e-08 5.69579e-10 4.80419e-12 2.3894e-14 7.00692e-17
 1.28182e-11 1.39129e-09 8.90425e-08 3.36019e-06 7.47688e-05 0.000981025 0.00759118 0.0346694 0.0938248 0.153459 0.165749 0.154033 0.154084 0.131361 0.073627 0.0249142 0.00499457 0.000590928 4.12321e-05 1.69644e-06 4.11569e-08 5.88738e-10 4.96578e-12 2.46977e-14 7.24262e-17
 1.25121e-11 1.35807e-09 8.69165e-08 3.27996e-06 7.29837e-05 0.000957605 0.00741004 0.0338443 0.0916209 0.150088 0.163192 0.154298 0.156952 0.134634 0.075569 0.0255787 0.00512808 0.000606731 4.23349e-05 1.74181e-06 4.22576e-08 6.04484e-10 5.0986e-12 2.53582e-14 7.43632e-17
 1.24856e-11 1.35519e-09 8.67319e-08 3.273e-06 7.28287e-05 0.000955572 0.00739432 0.0337726 0.0914295 0.149795 0.16297 0.154321 0.157201 0.134918 0.0757376 0.0256364 0.00513967 0.000608103 4.24306e-05 1.74575e-06 4.23532e-08 6.05851e-10 5.11013e-12 2.54156e-14 7.45314e-17
 1.35907e-11 1.47514e-09 9.44088e-08 3.5627e-06 7.92748e-05 0.00104014 0.00804839 0.0367522 0.0993879 0.161967 0.172204 0.153363 0.146845 0.123099 0.068725 0.0232368 0.00465756 0.000551038 3.84486e-05 1.58191e-06 3.83784e-08 5.48992e-10 4.63054e-12 2.30303e-14 6.75367e-17
 1.41557e-11 1.53647e-09 9.83338e-08 3.71081e-06 8.25705e-05 0.00108338 0.0083828 0.0382755 0.103457 0.16819 0.176925 0.152873 0.14155 0.117056 0.0651396 0.0220099 0.00441107 0.000521863 3.64127e-05 1.49815e-06 3.63461e-08 5.19922e-10 4.38534e-12 2.18108e-14 6.39604e-17
 1.44193e-11 1.56507e-09 1.00164e-07 3.7799e-06 8.41077e-05 0.00110355 0.00853877 0.038986 0.105355 0.171093 0.179127 0.152645 0.139081 0.114238 0.0634673 0.0214377 0.00429611 0.000508255 3.54631e-05 1.45908e-06 3.53983e-08 5.06363e-10 4.27098e-12 2.1242e-14 6.22924e-17
 1.51175e-11 1.64085e-09 1.05014e-07 3.96292e-06 8.81801e-05 0.00115697 0.00895199 0.0408684 0.110383 0.178782 0.184961 0.152039 0.132538 0.106771 0.0590369 0.0199217 0.00399152 0.000472203 3.29474e-05 1.35557e-06 3.28871e-08 4.70441e-10 3.96799e-12 1.97351e-14 5.78733e-17
 1.51498e-11 1.64437e-09 1.05239e-07 3.9714e-06 8.83688e-05 0.00115945 0.00897114 0.0409556 0.110616 0.179139 0.185231 0.152011 0.132235 0.106425 0.0588316 0.0198514 0.00397741 0.000470533 3.28308e-05 1.35077e-06 3.27707e-08 4.68776e-10 3.95395e-12 1.96653e-14 5.76686e-17
 1.54589e-11 1.67792e-09 1.07386e-07 4.05243e-06 9.01718e-05 0.0011831 0.00915408 0.041789 0.112842 0.182543 0.187814 0.151743 0.129338 0.103119 0.0568701 0.0191803 0.00384257 0.000454571 3.1717e-05 1.30495e-06 3.1659e-08 4.52873e-10 3.81981e-12 1.89981e-14 5.57121e-17
 1.63265e-11 1.77209e-09 1.13414e-07 4.27987e-06 9.52326e-05 0.0012495 0.0096676 0.0441283 0.11909 0.192099 0.195063 0.150991 0.121208 0.0938399 0.0513645 0.0172963 0.00346406 0.00040977 2.85907e-05 1.17632e-06 2.85383e-08 4.08233e-10 3.44329e-12 1.71254e-14 5.02205e-17
 1.68393e-11 1.82774e-09 1.16975e-07 4.41428e-06 9.82233e-05 0.00128874 0.00997105 0.0455106 0.122782 0.197746 0.199347 0.150546 0.116403 0.0883565 0.0481109 0.016183 0.00324039 0.000383295 2.67433e-05 1.10031e-06 2.66942e-08 3.81853e-10 3.22079e-12 1.60188e-14 4.69753e-17
 1.69926e-11 1.84439e-09 1.1804e-07 4.45448e-06 9.91178e-05 0.00130047 0.0100618 0.0459241 0.123886 0.199435 0.200629 0.150413 0.114966 0.0867164 0.0471378 0.01585 0.00317349 0.000375376 2.61907e-05 1.07757e-06 2.61426e-08 3.73963e-10 3.15424e-12 1.56878e-14 4.60047e-17
 1.76888e-11 1.91995e-09 1.22876e-07 4.63697e-06 0.000103178 0.00135374 0.0104738 0.047801 0.1289 0.207103 0.206445 0.14981 0.108442 0.079271 0.0427202 0.0143384 0.00286979 0.000339429 2.36823e-05 9.74363e-07 2.36387e-08 3.38145e-10 2.85213e-12 1.41852e-14 4.15984e-17
 1.74332e-11 1.89221e-09 1.21101e-07 4.56998e-06 0.000101688 0.00133419 0.0103226 0.0471119 0.127059 0.204288 0.20431 0.150031 0.110837 0.0820044 0.044342 0.0148933 0.00298128 0.000352626 2.46032e-05 1.01225e-06 2.45579e-08 3.51295e-10 2.96304e-12 1.47369e-14 4.3216e-17
 1.8188e-11 1.97414e-09 1.26344e-07 4.76785e-06 0.00010609 0.00139195 0.0107693 0.049147 0.132495 0.212601 0.210617 0.149377 0.103764 0.0739318 0.0395522 0.0132544 0.002652 0.00031365 2.18834e-05 9.00349e-07 2.1843e-08 3.12459e-10 2.63547e-12 1.31077e-14 3.84385e-17
 1.86636e-11 2.02575e-09 1.29648e-07 4.8925e-06 0.000108864 0.00142834 0.0110508 0.0504291 0.135919 0.217839 0.21459 0.148965 0.0993077 0.0688461 0.0365348 0.0122218 0.00244455 0.000289096 2.01699e-05 8.29851e-07 2.01327e-08 2.87993e-10 2.42911e-12 1.20814e-14 3.54287e-17
#obs catch len freq
 3.02143e-11 2.80016e-09 1.53017e-07 4.93042e-06 9.36743e-05 0.00104947 0.00693523 0.0270732 0.0629323 0.0907251 0.0962267 0.107347 0.132183 0.140839 0.126987 0.0989025 0.0619055 0.0301165 0.0117695 0.00375557 0.000947496 0.000179395 2.42498e-05 2.24857e-06 1.38947e-07
 4.20994e-11 3.76308e-09 1.98334e-07 6.16368e-06 0.000112947 0.00122047 0.00777894 0.0292912 0.0657011 0.0915607 0.0945163 0.103877 0.127693 0.139511 0.13108 0.103107 0.0622161 0.0282842 0.0101945 0.00300374 0.000703988 0.000124634 1.58582e-05 1.38983e-06 8.10986e-08
 2.49031e-11 2.14324e-09 1.08762e-07 3.25442e-06 5.74215e-05 0.00059753 0.0036707 0.0133804 0.0297163 0.0453176 0.0655291 0.10695 0.152571 0.170778 0.160656 0.125573 0.0751826 0.0339095 0.0119321 0.00332496 0.000718656 0.000116393 1.35875e-05 1.09918e-06 5.95261e-08
 1.90862e-18 8.38997e-16 2.17465e-13 3.32361e-11 2.99524e-09 1.59179e-07 4.9897e-06 9.23232e-05 0.00101065 0.00659293 0.0261939 0.0672184 0.125293 0.189525 0.225873 0.19018 0.107919 0.0429595 0.0131174 0.0032625 0.000647804 9.68139e-05 1.03486e-05 7.62464e-07 3.76167e-08
 1.15866e-10 9.2003e-09 4.30759e-07 1.18921e-05 0.00019359 0.00185859 0.0105327 0.0353962 0.072231 0.0996885 0.125871 0.174711 0.200511 0.153032 0.0776571 0.0305704 0.011597 0.00434019 0.00138508 0.000340209 6.20522e-05 8.30104e-06 7.97783e-07 5.32686e-08 2.38789e-09
 2.68484e-10 2.04324e-08 9.16863e-07 2.42593e-05 0.000378481 0.00348193 0.0188933 0.0605394 0.115296 0.134905 0.112451 0.097636 0.107036 0.118372 0.110814 0.0755548 0.0334999 0.0092576 0.0016304 0.000203886 2.19759e-05 2.22179e-06 1.84492e-07 1.09804e-08 4.40635e-10
 4.98469e-10 3.6308e-08 1.55939e-06 3.94906e-05 0.000589692 0.00519241 0.0269672 0.0827194 0.15091 0.169631 0.136669 0.112018 0.104415 0.087906 0.062817 0.0371345 0.0164853 0.00517079 0.00113897 0.000175826 1.87036e-05 1.36583e-06 7.11421e-08 2.81032e-09 8.53046e-11
 5.72394e-10 3.98539e-08 1.63619e-06 3.96083e-05 0.000565372 0.00475907 0.0236359 0.0694457 0.122389 0.138289 0.126957 0.130342 0.13366 0.111454 0.0758854 0.0412839 0.0161503 0.00425775 0.000770042 0.000102304 1.04643e-05 8.01439e-07 4.30343e-08 1.54415e-09 3.64191e-11
 9.31327e-10 6.19112e-08 2.42674e-06 5.60876e-05 0.000764371 0.00614287 0.0291238 0.0816336 0.136798 0.144773 0.119571 0.110803 0.113924 0.105326 0.0810447 0.0466374 0.0180419 0.00451588 0.000747639 8.65767e-05 7.38915e-06 4.71931e-07 2.2135e-08 7.38055e-10 1.68566e-11
 1.41609e-09 8.97764e-08 3.35599e-06 7.39722e-05 0.000961421 0.00736887 0.0333246 0.0891691 0.143205 0.14781 0.124825 0.119349 0.116957 0.0972464 0.0669974 0.0356332 0.0131922 0.00326191 0.000549261 6.54025e-05 5.58687e-06 3.37212e-07 1.40945e-08 4.03618e-10 7.86675e-12
 1.74085e-09 1.05143e-07 3.74445e-06 7.86295e-05 0.000973616 0.00710996 0.0306481 0.0783347 0.121451 0.126629 0.119959 0.130679 0.134419 0.11432 0.0787768 0.039981 0.0134038 0.00282232 0.000374394 3.27644e-05 2.04834e-06 9.80702e-08 3.59546e-09 9.5284e-11 1.72265e-12
 3.13627e-09 1.80284e-07 6.11064e-06 0.000122126 0.00143922 0.0100023 0.0410218 0.0996155 0.145699 0.139109 0.113706 0.110165 0.112987 0.101863 0.0730495 0.0367387 0.0118155 0.00234651 0.000288888 2.2744e-05 1.20469e-06 4.51647e-08 1.22768e-09 2.4082e-11 3.3624e-13
 4.58042e-09 2.50366e-07 8.06924e-06 0.000153349 0.00171845 0.0113575 0.0443154 0.102603 0.14459 0.138775 0.12364 0.125865 0.119096 0.092911 0.0583387 0.0267595 0.00810632 0.00155545 0.000190482 1.54301e-05 8.59682e-07 3.34037e-08 8.90547e-10 1.59095e-11 1.88143e-13
 6.07661e-09 3.15567e-07 9.66293e-06 0.000174469 0.00185756 0.0116654 0.0432694 0.095455 0.12959 0.124967 0.119903 0.130454 0.129012 0.105633 0.0676166 0.0301528 0.00856896 0.00149804 0.000161337 1.1009e-05 5.00942e-07 1.6108e-08 3.76976e-10 6.3146e-12 7.27748e-14
 8.31391e-09 4.09884e-07 1.19153e-05 0.000204242 0.00206447 0.0123098 0.0433774 0.091163 0.119437 0.116249 0.118952 0.134896 0.136127 0.1131 0.0715759 0.0307198 0.00829089 0.00137099 0.000139639 9.00222e-06 3.83559e-07 1.12669e-08 2.32042e-10 3.30915e-12 3.20258e-14
 1.33238e-08 6.23177e-07 1.71863e-05 0.000279479 0.00268005 0.0151609 0.0506892 0.101118 0.125968 0.117285 0.116145 0.12936 0.130515 0.108291 0.0668416 0.0274206 0.00701546 0.0010995 0.000106668 6.60813e-06 2.73061e-07 7.79973e-09 1.54904e-10 2.09592e-12 1.88691e-14
 2.16963e-08 9.62135e-07 2.51579e-05 0.00038789 0.00352675 0.0189172 0.05999 0.113669 0.135337 0.122667 0.119641 0.128074 0.121715 0.0945251 0.054622 0.0210228 0.00505857 0.000748085 6.88307e-05 4.07303e-06 1.61933e-07 4.4659e-09 8.55043e-11 1.11143e-12 9.5833e-15
 3.20464e-08 1.34671e-06 3.33702e-05 0.000487575 0.00420118 0.0213591 0.0642484 0.115894 0.133461 0.122412 0.124056 0.131943 0.120927 0.0895951 0.0489898 0.0177585 0.00402038 0.000560127 4.8708e-05 2.73649e-06 1.03723e-07 2.73082e-09 4.98347e-11 6.16137e-13 5.04739e-15
 4.81968e-08 1.91857e-06 4.50327e-05 0.000623273 0.00508728 0.0245036 0.0698715 0.119813 0.132723 0.120847 0.123797 0.13117 0.119372 0.0869073 0.0457124 0.0157019 0.00334709 0.00043833 3.5841e-05 1.8955e-06 6.76913e-08 1.67895e-09 2.88439e-11 3.35543e-13 2.58587e-15
 6.8859e-08 2.59564e-06 5.76925e-05 0.000756135 0.00584468 0.0266671 0.0721242 0.118026 0.127918 0.120613 0.129136 0.135974 0.120204 0.0840187 0.0419522 0.0136012 0.00273633 0.000339653 2.65353e-05 1.35407e-06 4.69406e-08 1.12636e-09 1.85142e-11 2.03666e-13 1.47208e-15
 1.04675e-07 3.73549e-06 7.8604e-05 0.000975329 0.00713759 0.0308367 0.0790251 0.122906 0.128116 0.119203 0.127206 0.133248 0.117471 0.0806503 0.038685 0.011901 0.00226705 0.000267715 2.00946e-05 9.96942e-07 3.38548e-08 7.94499e-10 1.26746e-11 1.34275e-13 9.29204e-16
 1.49383e-07 5.04622e-06 0.000100514 0.00118059 0.00817912 0.0334663 0.081385 0.121192 0.125037 0.12178 0.133853 0.137078 0.115734 0.0753036 0.0339707 0.00978684 0.00174141 0.0001916 1.33592e-05 6.14323e-07 1.93656e-08 4.24732e-10 6.39287e-12 6.44383e-14 4.26384e-16
 2.44446e-07 7.81589e-06 0.000147356 0.00163822 0.0107425 0.0416025 0.0957363 0.134754 0.130866 0.119603 0.12574 0.126825 0.10636 0.0675064 0.0290827 0.0079143 0.00132618 0.000137576 9.07246e-06 3.95486e-07 1.1795e-08 2.43011e-10 3.40621e-12 3.17746e-14 1.94161e-16
 3.39066e-07 1.02615e-05 0.000183119 0.00192702 0.0119629 0.0438932 0.0960364 0.130545 0.128996 0.127628 0.137338 0.130823 0.100859 0.0590122 0.0236712 0.0060517 0.000961605 9.57836e-05 6.16136e-06 2.65563e-07 7.84787e-09 1.58396e-10 2.13863e-12 1.89413e-14 1.08765e-16
 4.91682e-07 1.40852e-05 0.000237926 0.00237005 0.0139284 0.0483941 0.100414 0.130247 0.125305 0.124056 0.134556 0.130432 0.102058 0.0589033 0.0226805 0.0054946 0.000825295 7.79869e-05 4.79338e-06 1.98956e-07 5.69122e-09 1.114e-10 1.45936e-12 1.25364e-14 6.96563e-17
 7.38358e-07 2.00236e-05 0.000320195 0.0030195 0.0168007 0.0552919 0.108889 0.135181 0.127518 0.126211 0.13413 0.125232 0.0934665 0.0508826 0.0183078 0.00411144 0.000566659 4.83978e-05 2.63775e-06 9.56503e-08 2.39366e-09 4.17749e-11 5.0012e-13 4.00381e-15 2.09801e-17
 9.96476e-07 2.55851e-05 0.000387358 0.00345867 0.0182258 0.0568752 0.106777 0.129161 0.12571 0.13222 0.141311 0.127821 0.0911761 0.0470187 0.0159621 0.00338723 0.000443928 3.64384e-05 1.93142e-06 6.84354e-08 1.65331e-09 2.71015e-11 2.95848e-13 2.1157e-15 9.82564e-18
 1.17855e-06 2.86532e-05 0.000410783 0.00347351 0.017343 0.0513968 0.0925833 0.111803 0.118428 0.138387 0.154385 0.141768 0.100438 0.0499611 0.0160129 0.00316675 0.000382684 2.86008e-05 1.36071e-06 4.28644e-08 9.24539e-10 1.37766e-11 1.39578e-13 9.38592e-16 4.10649e-18
#spawning biomass
 21428.5 22131.8 18790.4 23413.8 35298.6 49476 65101.3 79130.5 110453 152072 162726 178899 212358 224558 235328 223362 213202 231307 240387 245449 211493 190400 202775 235633 219640 201423 204699 168937 114272 358655 588226 823150 1.04494e+06 1.24395e+06 1.41677e+06 1.5638e+06 1.68735e+06 1.79055e+06 1.87666e+06 1.9487e+06 2.00933e+06 2.06078e+06 2.10326e+06 2.12294e+06 2.14201e+06 2.16048e+06 2.17838e+06 2.19572e+06 2.21252e+06 2.22879e+06 2.24455e+06 2.25983e+06 2.27462e+06 2.28896e+06 2.30284e+06 2.31629e+06 2.32933e+06 2.34195e+06 2.35418e+06 2.36603e+06 2.37751e+06 2.38863e+06 2.39941e+06 2.40985e+06 2.41996e+06 2.42975e+06 2.43924e+06 2.44844e+06 2.45735e+06 2.46597e+06 2.47433e+06 2.48243e+06 2.49028e+06 2.49788e+06 2.50524e+06 2.51237e+06 2.51928e+06 2.52598e+06 2.53247e+06 2.53875e+06 2.54484e+06 2.55073e+06 2.55645e+06 2.56198e+06 2.56734e+06 2.57254e+06 2.57757e+06 2.58244e+06 2.58717e+06 2.59174e+06 2.59618e+06 2.60047e+06 2.60463e+06 2.60866e+06 2.61256e+06 2.61635e+06 2.62001e+06 2.62356e+06 2.627e+06 2.63033e+06 2.63356e+06 2.63669e+06 2.63972e+06 2.64265e+06 2.64549e+06 2.64825e+06 2.65092e+06 2.6535e+06 2.65601e+06 2.65843e+06 2.66078e+06 2.66306e+06 2.66527e+06 2.6674e+06 2.66947e+06 2.67148e+06 2.67342e+06 2.6753e+06 2.67713e+06 2.67889e+06 2.68061e+06 2.68226e+06 2.68387e+06 2.68543e+06 2.68693e+06 2.68839e+06 2.68981e+06 2.69118e+06 0 0 0 0 0 0 0 0 0 0 0 0 0 0 0 0 0 0 0 0 0 0 0 0 0
