SBPRF35
0.132617
Curr Bio
45419.4
B35
120036
F35
0.429275
FOFL
0
OFL
0
Bzero
37890.6
#pred survey bio
 9043.17 8148.77 8173.64 7270.44 10210.9 14720.1 16151 19058.8 31473.6 52243.2 70747 81507 111846 139586 153497 133860 126287 123355 123587 128579 122445 130751 144285 158352 171069 182328 171758 162136 158474 2.42887e+06 2.65471e+06 1.93725e+06 1.29721e+06 917759 722569 628306 583840 562836 552733 547734 545178 543828 543093 542684 542452 542318 542241 542196 542170 542154 542145 542140 542137 542135 542134 542133 542133 542132 542132 542132 542132 542132 542132 542132 542132 542132 542132 542132 542132 542132 542132 542132 542132 542132 542132 542132 542132 542132 542132 542132 542132 542132 542132 542132 542132 542132 542132 542132 542132 542132 542132 542132 542132 542132 542132 542132 542132 542132 542132 542132 542132 542132 542132 542132 542132 542132 542132 542132 542132 542132 542132 542132 542132 542132 542132 542132 542132 542132 542132 542132 542132 542132 542132 542132 542132 542132 542132 542132 542132 0 0 0 0 0 0 0 0 0 0 0 0 0 0 0 0 0 0 0 0 0 0 0 0 0
#obs survey bio
 8372.18 8047.09 6677.58 7696.36 10502.7 13286 19266.5 16649.4 38104.5 61551.8 72344.4 79849.2 126149 114245 101940 112173 103846 121414 93519 159678 90297.5 127239 158131 144251 158396 272926 157508 128484 147665
#pred catch bio
 5573.5 5350.45 5809.34 4685.41 6292.32 9819.33 11011 12160.5 19043.2 32910 48619.4 53387.2 74130.9 90719.3 107836 91656.5 86798.4 85181.5 82587.8 88567.3 80712.4 84944.3 93331.9 104094 110315 118714 111648 106988 154951 0 34942.2 24146.8 15535.4 10710.4 8372.8 7328.52 6884.55 6701.7 6627.96 6598.63 6587.07 6582.55 6580.79 6580.11 6579.84 6579.74 6579.7 6579.68 6579.68 6579.68 6579.67 6579.67 6579.67 6579.67 6579.67 6579.67 6579.67 6579.67 6579.67 6579.67 6579.67 6579.67 6579.67 6579.67 6579.67 6579.67 6579.67 6579.67 6579.67 6579.67 6579.67 6579.67 6579.67 6579.67 6579.67 6579.67 6579.67 6579.67 6579.67 6579.67 6579.67 6579.67 6579.67 6579.67 6579.67 6579.67 6579.67 6579.67 6579.67 6579.67 6579.67 6579.67 6579.67 6579.67 6579.67 6579.67 6579.67 6579.67 6579.67 6579.67 6579.67 6579.67 6579.67 6579.67 6579.67 6579.67 6579.67 6579.67 6579.67 6579.67 6579.67 6579.67 6579.67 6579.67 6579.67 6579.67 6579.67 6579.67 6579.67 6579.67 6579.67 6579.67 6579.67 6579.67 6579.67 6579.67 6579.67 6579.67 6579.67 0 0 0 0 0 0 0 0 0 0 0 0 0 0 0 0 0 0 0 0 0 0 0 0 0
#obs catch bio
 5239.45 5383.42 5919.84 4672.32 6199.93 9736.06 10975.7 11949.6 18488.9 32345.1 47365.1 53260.7 73263.3 90692.6 111061 92153.4 87976.3 86864.1 84126 87093.3 80112.9 85042.2 93462.2 104605 111751 118551 112099 108212 160733
#pred cpue bio
 8545.41 7413.08 7467.43 6614.83 9125.93 13273.3 14685.4 17119.3 27964.5 46801.7 63907.6 73420 100237 125977 140085 122385 115128 112164 112167 117089 111604 118874 131231 144175 155503 166543 158111 148736 144715 2.07069e+06 2.69256e+06 1.92684e+06 1.27976e+06 899723 704491 610225 565759 544754 534652 529653 527097 525746 525012 524603 524370 524237 524160 524115 524088 524073 524064 524058 524055 524053 524052 524051 524051 524051 524051 524051 524051 524051 524051 524051 524051 524051 524050 524050 524050 524050 524050 524050 524050 524050 524050 524050 524050 524050 524050 524050 524050 524050 524050 524050 524050 524050 524050 524050 524050 524050 524050 524050 524050 524050 524050 524050 524050 524050 524050 524050 524050 524050 524050 524050 524050 524050 524050 524050 524050 524050 524050 524050 524050 524050 524050 524050 524050 524050 524050 524050 524050 524050 524050 524050 524050 524050 524050 524050 524050 0 0 0 0 0 0 0 0 0 0 0 0 0 0 0 0 0 0 0 0 0 0 0 0 0
#obs cpue bio
 8042.24 7072.38 6395.03 7162.32 12256.9 16161.6 12496.6 28379.2 41353.8 45785.2 102901 62345.2 119925 138204 115970 156799 104536 81970.5 107515 165984 151738 112334 117749 143613 127853 130823 152618 135415 104815
#pred surv len freq
 2.14612e-27 2.17386e-27 6.66172e-27 1.53564e-21 9.13302e-17 1.24878e-12 3.92555e-09 2.837e-06 0.000471364 0.0180058 0.158128 0.319263 0.148594 0.0264741 0.0654882 0.0919039 0.0373569 0.0299395 0.0266258 0.0179786 0.0151443 0.0131221 0.0135719 0.0126244 0.00530557
 2.14876e-27 2.18158e-27 7.53992e-27 1.83364e-21 1.09054e-16 1.49112e-12 4.68734e-09 3.38756e-06 0.000562837 0.0215 0.188814 0.381219 0.177287 0.0278065 0.0549543 0.0767227 0.0280976 0.0138128 0.0109421 0.00586771 0.00407741 0.00288685 0.00248001 0.00209589 0.000870216
 2.14797e-27 2.17982e-27 7.35901e-27 1.77227e-21 1.05404e-16 1.44121e-12 4.53046e-09 3.27418e-06 0.000544 0.0207804 0.182495 0.36846 0.171451 0.0294771 0.0689998 0.0964268 0.0339099 0.0122746 0.00858958 0.00319406 0.0015544 0.000812313 0.000519282 0.000364908 0.000143407
 2.14829e-27 2.18068e-27 7.45325e-27 1.80425e-21 1.07306e-16 1.46722e-12 4.61222e-09 3.33326e-06 0.000553817 0.0211554 0.185788 0.375109 0.174509 0.0290571 0.0644323 0.0900258 0.0321886 0.0133351 0.00941263 0.00289325 0.000998342 0.00032634 0.000126692 6.29967e-05 2.17552e-05
 2.1498e-27 2.18439e-27 7.84771e-27 1.93806e-21 1.15264e-16 1.57603e-12 4.95428e-09 3.58047e-06 0.00059489 0.0227244 0.199567 0.402928 0.18732 0.0277289 0.0479393 0.0667721 0.0238946 0.00996988 0.00711244 0.00234729 0.000832621 0.000206777 4.397e-05 1.13718e-05 2.89698e-06
 2.14906e-27 2.18253e-27 7.64658e-27 1.86982e-21 1.11205e-16 1.52053e-12 4.77982e-09 3.45439e-06 0.000573941 0.0219242 0.192539 0.38874 0.180799 0.0287407 0.0583923 0.0814512 0.0283317 0.00924755 0.00621309 0.00206046 0.00074965 0.000194096 3.48019e-05 4.5491e-06 5.86061e-07
 2.14833e-27 2.18075e-27 7.45892e-27 1.80617e-21 1.0742e-16 1.46877e-12 4.6171e-09 3.33679e-06 0.000554403 0.0211778 0.185985 0.375507 0.174701 0.0292622 0.0655643 0.0915875 0.032284 0.0119102 0.00813917 0.00236808 0.000730902 0.000187468 3.42331e-05 3.78068e-06 2.51458e-07
 2.14939e-27 2.18338e-27 7.73946e-27 1.90134e-21 1.1308e-16 1.54617e-12 4.8604e-09 3.51263e-06 0.000583617 0.0222938 0.195785 0.395293 0.183806 0.0281461 0.0527875 0.0736013 0.02625 0.0106681 0.0075085 0.00232056 0.000750965 0.000170512 2.75487e-05 2.9528e-06 1.64906e-07
 2.15024e-27 2.18545e-27 7.95745e-27 1.97528e-21 1.17477e-16 1.60629e-12 5.04941e-09 3.64922e-06 0.000606313 0.0231607 0.203399 0.410665 0.190891 0.0275731 0.0446563 0.0621076 0.0217495 0.00757341 0.00516972 0.00168653 0.000591569 0.00014206 2.25799e-05 2.15767e-06 1.10007e-07
 2.14959e-27 2.18383e-27 7.78365e-27 1.91631e-21 1.1397e-16 1.55834e-12 4.89867e-09 3.54028e-06 0.000588213 0.0224693 0.197327 0.398406 0.185252 0.028335 0.0530023 0.0738461 0.0255473 0.00788229 0.00514713 0.0015466 0.000498011 0.000125401 2.15251e-05 2.10044e-06 1.00382e-07
 2.1489e-27 2.18215e-27 7.60669e-27 1.85629e-21 1.10401e-16 1.50953e-12 4.74523e-09 3.42939e-06 0.000569788 0.0217655 0.191146 0.385927 0.179502 0.0288336 0.0598075 0.0834602 0.0292421 0.0102204 0.00686935 0.00194163 0.000559254 0.000128709 2.11971e-05 2.1754e-06 1.08382e-07
 2.14915e-27 2.18276e-27 7.67281e-27 1.87872e-21 1.11735e-16 1.52778e-12 4.80258e-09 3.47084e-06 0.000576675 0.0220286 0.193456 0.390591 0.181646 0.0285132 0.0564456 0.0787354 0.0277602 0.0102648 0.00704544 0.00211444 0.000654167 0.000141821 2.07919e-05 1.98386e-06 9.90766e-08
 2.14957e-27 2.1838e-27 7.78212e-27 1.91581e-21 1.1394e-16 1.55793e-12 4.89738e-09 3.53935e-06 0.000588057 0.0224634 0.197275 0.3983 0.185197 0.0281497 0.0519029 0.0723285 0.0254469 0.00923757 0.00633358 0.00196095 0.000641211 0.000147767 2.22346e-05 1.96184e-06 8.94977e-08
 2.14898e-27 2.18234e-27 7.62644e-27 1.86299e-21 1.10799e-16 1.51498e-12 4.76236e-09 3.44177e-06 0.000571845 0.0218441 0.191836 0.38732 0.180145 0.0288043 0.0592086 0.0826062 0.0288018 0.00961748 0.00644264 0.00197515 0.000643481 0.000153731 2.46288e-05 2.26996e-06 1.01038e-07
 2.14799e-27 2.17992e-27 7.3717e-27 1.77658e-21 1.0566e-16 1.44471e-12 4.54147e-09 3.28214e-06 0.000545322 0.0208309 0.182938 0.369356 0.171867 0.0295127 0.0689475 0.0963649 0.0340878 0.0129596 0.00893226 0.0026258 0.000805296 0.00018966 3.07903e-05 2.97652e-06 1.39097e-07
 2.14783e-27 2.17954e-27 7.33361e-27 1.76367e-21 1.04892e-16 1.43421e-12 4.50847e-09 3.25828e-06 0.000541359 0.0206795 0.181609 0.366672 0.170623 0.0294495 0.0693705 0.0969912 0.0347131 0.014491 0.010277 0.00322719 0.00106755 0.000243443 3.76633e-05 3.62378e-06 1.74417e-07
 2.14811e-27 2.18023e-27 7.40761e-27 1.78878e-21 1.06385e-16 1.45463e-12 4.57265e-09 3.30467e-06 0.000549066 0.0209739 0.184194 0.371892 0.173024 0.0291247 0.0658142 0.0919867 0.0330546 0.0142222 0.0102152 0.00338514 0.00121163 0.000296439 4.78304e-05 4.46867e-06 2.1004e-07
 2.14834e-27 2.1808e-27 7.46718e-27 1.80898e-21 1.07587e-16 1.47106e-12 4.6243e-09 3.34199e-06 0.000555267 0.0212108 0.186275 0.376092 0.174962 0.0290164 0.0638872 0.0892529 0.031848 0.0130007 0.00925561 0.00312376 0.00115767 0.000301768 5.3003e-05 5.25666e-06 2.49232e-07
 2.14851e-27 2.1812e-27 7.50816e-27 1.82288e-21 1.08414e-16 1.48236e-12 4.65982e-09 3.36767e-06 0.000559533 0.0213738 0.187706 0.378981 0.176295 0.0289477 0.0625973 0.0874242 0.0310616 0.0122536 0.00862493 0.00282524 0.00101932 0.000271515 5.03317e-05 5.38922e-06 2.73668e-07
 2.1482e-27 2.18045e-27 7.42856e-27 1.79587e-21 1.06808e-16 1.4604e-12 4.5908e-09 3.31778e-06 0.000551244 0.0210572 0.184925 0.373367 0.17371 0.0292189 0.0659446 0.092144 0.0327505 0.0129556 0.00910396 0.00292534 0.00102398 0.000264824 4.8724e-05 5.42517e-06 2.93883e-07
 2.14812e-27 2.18025e-27 7.40846e-27 1.78906e-21 1.06402e-16 1.45486e-12 4.57337e-09 3.30519e-06 0.000549153 0.0209773 0.184223 0.37195 0.173056 0.0292368 0.0664811 0.0929089 0.0331397 0.0134823 0.00953431 0.00306596 0.0010682 0.000269972 4.80303e-05 5.25681e-06 2.90269e-07
 2.14835e-27 2.18084e-27 7.47137e-27 1.8104e-21 1.07672e-16 1.47222e-12 4.62794e-09 3.34462e-06 0.000555704 0.0212275 0.186421 0.376388 0.175096 0.0289489 0.0633865 0.0885581 0.0317553 0.0134505 0.009613 0.00314285 0.00111579 0.000282128 4.94829e-05 5.26189e-06 2.84194e-07
 2.14832e-27 2.18074e-27 7.46052e-27 1.80672e-21 1.07453e-16 1.46922e-12 4.61852e-09 3.33782e-06 0.000554574 0.0211843 0.186042 0.375622 0.174746 0.0290383 0.0641627 0.089642 0.0319956 0.013088 0.00931224 0.00311638 0.00114043 0.000294067 5.22527e-05 5.51805e-06 2.91652e-07
 2.14822e-27 2.18051e-27 7.43622e-27 1.79848e-21 1.06962e-16 1.46252e-12 4.59745e-09 3.32259e-06 0.000552044 0.0210877 0.185193 0.373909 0.173956 0.0291013 0.0650638 0.0909166 0.0325073 0.0134745 0.00959045 0.00314863 0.00113577 0.000299623 5.48662e-05 5.89824e-06 3.12273e-07
 2.14837e-27 2.18087e-27 7.4748e-27 1.81157e-21 1.07741e-16 1.47316e-12 4.63091e-09 3.34677e-06 0.000556061 0.0212412 0.186541 0.376629 0.175209 0.0289654 0.0634141 0.0885915 0.0316901 0.0131814 0.0093973 0.00310624 0.00112298 0.00029186 5.34553e-05 5.89266e-06 3.19068e-07
 2.14792e-27 2.17976e-27 7.35743e-27 1.77175e-21 1.05373e-16 1.44079e-12 4.52913e-09 3.27322e-06 0.00054384 0.0207743 0.182441 0.368352 0.171397 0.0293759 0.0684146 0.0956384 0.0341562 0.0140346 0.00998234 0.00330743 0.00120108 0.000313638 5.72255e-05 6.27867e-06 3.44479e-07
 2.14717e-27 2.17792e-27 7.16407e-27 1.70617e-21 1.01472e-16 1.38745e-12 4.36147e-09 3.15205e-06 0.000523708 0.0200053 0.175688 0.354717 0.165112 0.0298729 0.0755584 0.105737 0.0381082 0.0167491 0.0120692 0.00397227 0.00143242 0.00037487 6.87165e-05 7.54324e-06 4.12812e-07
 2.14752e-27 2.17882e-27 7.262e-27 1.7394e-21 1.03449e-16 1.41448e-12 4.44643e-09 3.21345e-06 0.000533909 0.020395 0.17911 0.361626 0.168285 0.0293011 0.0699855 0.0979179 0.0358424 0.0174879 0.0129136 0.00441959 0.00165759 0.000433169 7.91057e-05 8.70657e-06 4.77476e-07
 2.14796e-27 2.17988e-27 7.37263e-27 1.77692e-21 1.0568e-16 1.44499e-12 4.54235e-09 3.28277e-06 0.000545427 0.0208349 0.182973 0.369427 0.171884 0.0291027 0.0664233 0.0928615 0.033572 0.0150944 0.0110737 0.00403804 0.0016283 0.00044487 8.35541e-05 9.209e-06 5.04974e-07
#obs surv len freq
 1.23121e-39 6.0259e-33 6.78044e-27 1.75404e-21 1.04319e-16 1.42638e-12 4.48382e-09 3.24047e-06 0.000538409 0.0205665 0.180615 0.364667 0.169691 0.0292961 0.0690388 0.0965561 0.0349836 0.0159622 0.0116946 0.0041439 0.00165051 0.000478313 0.000100876 1.30881e-05 8.6514e-07
 1.31418e-39 6.43202e-33 7.23741e-27 1.87225e-21 1.1135e-16 1.52251e-12 4.78601e-09 3.45886e-06 0.000574694 0.0219526 0.192787 0.389243 0.181013 0.0282286 0.0551151 0.0769108 0.0277941 0.0124574 0.00907797 0.00316887 0.00123867 0.000352573 7.26607e-05 9.19504e-06 5.92676e-07
 1.15334e-39 5.64479e-33 6.35161e-27 1.6431e-21 9.77214e-17 1.33616e-12 4.20024e-09 3.03552e-06 0.000504357 0.0192658 0.169192 0.341605 0.159089 0.0309019 0.0857928 0.120093 0.0422205 0.0152371 0.0105681 0.00364426 0.00140256 0.000392024 7.89783e-05 9.75849e-06 6.1341e-07
 1.34644e-39 6.58987e-33 7.41503e-27 1.9182e-21 1.14082e-16 1.55987e-12 4.90347e-09 3.54375e-06 0.000588799 0.0224913 0.197519 0.398795 0.185402 0.0275066 0.0478287 0.0666922 0.0249034 0.0136546 0.0101352 0.00310198 0.00103516 0.000280423 5.53253e-05 6.67799e-06 4.09664e-07
 1.39185e-39 6.81216e-33 7.66515e-27 1.9829e-21 1.17931e-16 1.61249e-12 5.06887e-09 3.66328e-06 0.00060866 0.02325 0.204182 0.412247 0.191623 0.0275509 0.0440447 0.0612309 0.0212306 0.00671978 0.00457612 0.00178003 0.00073608 0.00018165 3.18887e-05 3.69649e-06 2.21331e-07
 1.26733e-39 6.20269e-33 6.97937e-27 1.8055e-21 1.0738e-16 1.46822e-12 4.61537e-09 3.33554e-06 0.000554204 0.0211699 0.185914 0.375365 0.174649 0.0296121 0.0677438 0.0946001 0.0325369 0.00941489 0.00598771 0.00171325 0.000541313 0.000159478 3.13117e-05 3.33588e-06 1.85277e-07
 1.27387e-39 6.23473e-33 7.01542e-27 1.81482e-21 1.07934e-16 1.47581e-12 4.63921e-09 3.35277e-06 0.000557067 0.0212792 0.186874 0.377304 0.175521 0.0289636 0.0632004 0.0882959 0.031676 0.0134477 0.00942482 0.00257644 0.000693104 0.000153034 2.65751e-05 3.14286e-06 1.75811e-07
 1.41803e-39 6.9403e-33 7.80933e-27 2.0202e-21 1.20149e-16 1.64282e-12 5.16422e-09 3.73219e-06 0.000620109 0.0236874 0.208022 0.420001 0.195185 0.0269682 0.0381504 0.0529627 0.0188643 0.00759332 0.00538167 0.00178829 0.00062003 0.000131172 1.80598e-05 1.73071e-06 9.52911e-08
 1.419e-39 6.94501e-33 7.81463e-27 2.02157e-21 1.2023e-16 1.64393e-12 5.16772e-09 3.73472e-06 0.00062053 0.0237034 0.208164 0.420286 0.195331 0.0273297 0.0402714 0.0558889 0.0190364 0.00490383 0.00303273 0.000978527 0.000346413 8.84209e-05 1.42832e-05 1.22696e-06 5.47063e-08
 1.34736e-39 6.59439e-33 7.42012e-27 1.91952e-21 1.14161e-16 1.56094e-12 4.90683e-09 3.54618e-06 0.000589203 0.0225068 0.197655 0.399069 0.185564 0.0284613 0.0535744 0.0746284 0.0255 0.00682637 0.00418363 0.00108492 0.00027438 6.62407e-05 1.16663e-05 1.17271e-06 5.3526e-08
 1.31562e-39 6.43904e-33 7.24531e-27 1.87429e-21 1.11471e-16 1.52417e-12 4.79123e-09 3.46264e-06 0.000575322 0.0219765 0.192998 0.389668 0.181227 0.0286921 0.0578166 0.0806492 0.0281889 0.00962895 0.00638749 0.00168245 0.000414868 7.96899e-05 1.07931e-05 1.06705e-06 5.41146e-08
 1.35896e-39 6.65119e-33 7.48403e-27 1.93605e-21 1.15144e-16 1.57439e-12 4.94909e-09 3.57672e-06 0.000594277 0.0227006 0.199357 0.402506 0.187134 0.02795 0.0494167 0.0688252 0.024226 0.00882975 0.00602872 0.00178021 0.000529649 0.000104735 1.27409e-05 9.89999e-07 4.37549e-08
 1.33592e-39 6.53838e-33 7.35709e-27 1.90321e-21 1.13191e-16 1.54768e-12 4.86516e-09 3.51606e-06 0.000584198 0.0223156 0.195976 0.395679 0.183996 0.0284408 0.0544708 0.0759205 0.02634 0.00837295 0.00552895 0.00168974 0.000541547 0.000121407 1.70422e-05 1.30597e-06 4.89561e-08
 1.29118e-39 6.31943e-33 7.11073e-27 1.83948e-21 1.09401e-16 1.49586e-12 4.70224e-09 3.39832e-06 0.000564635 0.0215683 0.189413 0.38243 0.177893 0.0290233 0.0620197 0.0865749 0.0302922 0.0104555 0.00701171 0.0020027 0.000588372 0.000136222 2.11637e-05 1.84708e-06 7.39767e-08
 1.173e-39 5.74101e-33 6.45987e-27 1.67111e-21 9.9387e-17 1.35894e-12 4.27183e-09 3.08726e-06 0.000512953 0.0195942 0.172076 0.347427 0.161767 0.0305322 0.0817808 0.114463 0.0405994 0.0157856 0.0109525 0.00325669 0.000996622 0.000217903 3.22927e-05 2.98178e-06 1.32933e-07
 1.26105e-39 6.17197e-33 6.9448e-27 1.79655e-21 1.06848e-16 1.46095e-12 4.59251e-09 3.31902e-06 0.000551459 0.021065 0.184993 0.373506 0.173754 0.0286762 0.0625908 0.0875096 0.0323797 0.0168601 0.0124714 0.00395803 0.00132765 0.000303981 4.54434e-05 4.02685e-06 1.80521e-07
 1.23213e-39 6.03042e-33 6.78553e-27 1.75535e-21 1.04397e-16 1.42744e-12 4.48718e-09 3.2429e-06 0.000538812 0.0205819 0.180751 0.36494 0.169826 0.0295228 0.0703403 0.0983476 0.0350273 0.0141032 0.0101663 0.00383394 0.001558 0.000390276 6.3487e-05 5.82725e-06 2.58533e-07
 1.26898e-39 6.21077e-33 6.98845e-27 1.80785e-21 1.07519e-16 1.47013e-12 4.62138e-09 3.33988e-06 0.000554926 0.0211975 0.186156 0.375854 0.174846 0.0288424 0.0628978 0.0878913 0.0318153 0.0144168 0.0104308 0.00339341 0.0012536 0.000368046 7.13904e-05 7.25651e-06 3.41697e-07
 1.24708e-39 6.10359e-33 6.86786e-27 1.77665e-21 1.05664e-16 1.44477e-12 4.54163e-09 3.28225e-06 0.00054535 0.0208317 0.182944 0.369368 0.171866 0.029343 0.0679083 0.0949192 0.0338215 0.0136562 0.00973343 0.00337257 0.00127778 0.00033571 6.53327e-05 7.75122e-06 4.16896e-07
 1.2645e-39 6.18885e-33 6.96379e-27 1.80147e-21 1.0714e-16 1.46495e-12 4.60507e-09 3.32809e-06 0.000552967 0.0211226 0.185499 0.374527 0.174238 0.0289961 0.0642354 0.0897622 0.0322793 0.0139624 0.0100116 0.00325269 0.00117017 0.000318414 6.05336e-05 6.94001e-06 4.04438e-07
 1.28349e-39 6.28178e-33 7.06836e-27 1.82852e-21 1.08749e-16 1.48694e-12 4.67422e-09 3.37807e-06 0.000561271 0.0214398 0.188285 0.380151 0.176831 0.0288132 0.0614244 0.0857826 0.030638 0.0125966 0.00898149 0.00302874 0.00111517 0.000288266 5.33591e-05 6.10255e-06 3.49316e-07
 1.26171e-39 6.17518e-33 6.94841e-27 1.79749e-21 1.06903e-16 1.46171e-12 4.5949e-09 3.32074e-06 0.000551746 0.021076 0.185089 0.3737 0.173863 0.0291794 0.0656039 0.0916665 0.0326156 0.0130154 0.00918639 0.00301346 0.001088 0.000288471 5.31766e-05 5.87125e-06 3.30681e-07
 1.26375e-39 6.18518e-33 6.95966e-27 1.8004e-21 1.07076e-16 1.46408e-12 4.60234e-09 3.32612e-06 0.000552639 0.0211101 0.185389 0.374305 0.174138 0.0290464 0.0646097 0.0902838 0.0323836 0.0137456 0.00981102 0.00316403 0.00111162 0.000287377 5.26834e-05 5.84753e-06 3.23126e-07
 1.25349e-39 6.13497e-33 6.90317e-27 1.78578e-21 1.06207e-16 1.45219e-12 4.56498e-09 3.29912e-06 0.000548154 0.0209388 0.183884 0.371267 0.172738 0.0291702 0.0662809 0.0926414 0.0332397 0.0141454 0.0101466 0.00338864 0.00123195 0.000313542 5.58156e-05 6.09146e-06 3.35699e-07
 1.2667e-39 6.19964e-33 6.97593e-27 1.80461e-21 1.07327e-16 1.4675e-12 4.6131e-09 3.3339e-06 0.000553931 0.0211595 0.185822 0.37518 0.174539 0.0289532 0.063777 0.0891163 0.032052 0.0138828 0.00999564 0.00334539 0.00123067 0.000323604 5.86004e-05 6.27195e-06 3.38269e-07
 1.19455e-39 5.84652e-33 6.57859e-27 1.70182e-21 1.01214e-16 1.38391e-12 4.35034e-09 3.144e-06 0.00052238 0.0199543 0.175238 0.353812 0.164698 0.0299959 0.0765826 0.107165 0.0383991 0.0161797 0.0115993 0.00392284 0.00146043 0.000387087 7.16449e-05 7.84784e-06 4.22382e-07
 1.19607e-39 5.85391e-33 6.58691e-27 1.70397e-21 1.01342e-16 1.38566e-12 4.35585e-09 3.14798e-06 0.000523041 0.0199795 0.17546 0.354259 0.164888 0.0295418 0.0736756 0.103141 0.0379846 0.0192393 0.0142478 0.00474838 0.00174407 0.000466414 8.74842e-05 9.74817e-06 5.35548e-07
 1.22548e-39 5.99787e-33 6.7489e-27 1.74588e-21 1.03834e-16 1.41974e-12 4.46296e-09 3.22539e-06 0.000535904 0.0204708 0.179775 0.362971 0.168901 0.029158 0.0687067 0.096121 0.0352707 0.0174875 0.0130988 0.00487476 0.00198482 0.000530224 9.89577e-05 1.11466e-05 6.22168e-07
 1.22548e-39 5.99787e-33 6.7489e-27 1.74588e-21 1.03834e-16 1.41974e-12 4.46296e-09 3.22539e-06 0.000535904 0.0204708 0.179775 0.362971 0.168901 0.029158 0.0687067 0.096121 0.0352707 0.0174875 0.0130988 0.00487476 0.00198482 0.000530224 9.89577e-05 1.11466e-05 6.22168e-07
#pred catch len freq
 2.14596e-27 2.17346e-27 6.61858e-27 1.521e-21 9.04598e-17 1.23688e-12 3.88814e-09 2.80997e-06 0.000466872 0.0178342 0.156621 0.316221 0.147194 0.0266513 0.0674871 0.0947174 0.0382963 0.0301178 0.0267131 0.0179852 0.0151304 0.013105 0.0135527 0.0126063 0.00529797
 2.14867e-27 2.18138e-27 7.51813e-27 1.82625e-21 1.08614e-16 1.4851e-12 4.66844e-09 3.3739e-06 0.000560568 0.0214133 0.188053 0.379682 0.176581 0.0279192 0.0561058 0.0783405 0.0286003 0.0137814 0.0108727 0.00581417 0.00403389 0.00285475 0.0024521 0.00207227 0.000860407
 2.14796e-27 2.17981e-27 7.35714e-27 1.77164e-21 1.05366e-16 1.44069e-12 4.52883e-09 3.273e-06 0.000543804 0.020773 0.182429 0.368328 0.171392 0.0295209 0.0693072 0.0968544 0.0339845 0.012058 0.0083925 0.00311339 0.00151185 0.000789629 0.000504692 0.000354645 0.000139374
 2.14818e-27 2.18038e-27 7.42142e-27 1.79345e-21 1.06664e-16 1.45843e-12 4.58461e-09 3.31331e-06 0.000550501 0.0210288 0.184676 0.372864 0.173477 0.0291993 0.0659766 0.0921972 0.0328809 0.0133567 0.00938608 0.00287957 0.000991184 0.00032378 0.000125663 6.24821e-05 2.15774e-05
 2.14967e-27 2.18407e-27 7.81305e-27 1.92631e-21 1.14565e-16 1.56647e-12 4.92422e-09 3.55875e-06 0.00059128 0.0225865 0.198356 0.400483 0.186195 0.0278708 0.0495427 0.0690282 0.0246394 0.0100828 0.00716145 0.00235858 0.000834754 0.000207188 4.40428e-05 1.13895e-05 2.90145e-06
 2.14898e-27 2.18234e-27 7.62605e-27 1.86285e-21 1.10791e-16 1.51487e-12 4.76202e-09 3.44152e-06 0.000571804 0.0218425 0.191822 0.387292 0.180133 0.0288389 0.0594279 0.0829064 0.0287828 0.00921581 0.00615575 0.00203709 0.000739479 0.000191353 3.43003e-05 4.48307e-06 5.77536e-07
 2.14827e-27 2.1806e-27 7.44321e-27 1.80083e-21 1.07103e-16 1.46444e-12 4.60348e-09 3.32694e-06 0.000552767 0.0211153 0.185436 0.374398 0.174192 0.0293483 0.0664242 0.0927942 0.0326358 0.0118044 0.00802588 0.00233093 0.000717606 0.000183933 3.35778e-05 3.70797e-06 2.46615e-07
 2.14928e-27 2.1831e-27 7.70997e-27 1.89133e-21 1.12485e-16 1.53803e-12 4.83482e-09 3.49414e-06 0.000580546 0.0221765 0.194755 0.393213 0.182849 0.0282738 0.0541937 0.0755792 0.0268885 0.0107158 0.00750793 0.00231592 0.000747691 0.000169667 2.74031e-05 2.93687e-06 1.64012e-07
 2.15011e-27 2.18512e-27 7.92152e-27 1.96309e-21 1.16753e-16 1.59638e-12 5.01825e-09 3.6267e-06 0.000602572 0.0230178 0.202144 0.408131 0.189725 0.0277194 0.046313 0.0644391 0.0225205 0.00769506 0.00522504 0.00170105 0.000595313 0.000142878 2.27031e-05 2.16921e-06 1.10591e-07
 2.14947e-27 2.18353e-27 7.75104e-27 1.90525e-21 1.13313e-16 1.54935e-12 4.87039e-09 3.51985e-06 0.000584817 0.0223396 0.196188 0.396106 0.184195 0.0284738 0.0545429 0.0760131 0.026251 0.00794962 0.00515991 0.00154749 0.000497073 0.000125084 2.14646e-05 2.09434e-06 1.00087e-07
 2.14886e-27 2.18204e-27 7.59423e-27 1.85206e-21 1.10149e-16 1.50609e-12 4.73443e-09 3.42158e-06 0.000568491 0.021716 0.190711 0.385048 0.179098 0.0289044 0.0605041 0.0844373 0.0295221 0.0101174 0.00676356 0.00190842 0.000548275 0.000126095 2.07599e-05 2.13031e-06 1.06132e-07
 2.14906e-27 2.18254e-27 7.64823e-27 1.87038e-21 1.11239e-16 1.52099e-12 4.78126e-09 3.45543e-06 0.000574115 0.0219308 0.192597 0.388857 0.180849 0.0286256 0.0576544 0.0804345 0.0282961 0.0102607 0.00700727 0.00209906 0.000647833 0.000140362 2.05711e-05 1.96256e-06 9.80093e-08
 2.14949e-27 2.18361e-27 7.76209e-27 1.90901e-21 1.13536e-16 1.5524e-12 4.88e-09 3.52679e-06 0.00058597 0.0223837 0.196575 0.396887 0.184547 0.0282441 0.0529052 0.073737 0.0258858 0.00921502 0.00628553 0.00194228 0.000633597 0.000145926 2.19507e-05 1.93657e-06 8.83417e-08
 2.14888e-27 2.18208e-27 7.5987e-27 1.85357e-21 1.10239e-16 1.50732e-12 4.73829e-09 3.42438e-06 0.000568955 0.0217337 0.190866 0.385363 0.179245 0.0289284 0.0605562 0.0845008 0.0294049 0.0096326 0.00641668 0.00196337 0.000638108 0.000152355 2.44008e-05 2.24871e-06 1.00089e-07
 2.14797e-27 2.17987e-27 7.36544e-27 1.77446e-21 1.05534e-16 1.44299e-12 4.53604e-09 3.27821e-06 0.00054467 0.020806 0.18272 0.368915 0.171664 0.0295689 0.0694238 0.0970303 0.0342422 0.01276 0.00875091 0.00256781 0.000785542 0.000184887 3.00061e-05 2.90041e-06 1.35535e-07
 2.14778e-27 2.17941e-27 7.31913e-27 1.75876e-21 1.046e-16 1.43022e-12 4.49591e-09 3.24921e-06 0.000539851 0.0206219 0.181103 0.36565 0.170154 0.0295371 0.0702133 0.0981728 0.0350439 0.0143385 0.010123 0.00317261 0.00104704 0.000238625 3.6906e-05 3.55053e-06 1.70886e-07
 2.14806e-27 2.18012e-27 7.39511e-27 1.78453e-21 1.06133e-16 1.45118e-12 4.56181e-09 3.29683e-06 0.000547764 0.0209242 0.183757 0.37101 0.172619 0.0292051 0.066571 0.0930473 0.0333447 0.0140609 0.010055 0.00332511 0.00118748 0.000290365 4.68365e-05 4.37537e-06 2.05647e-07
 2.1483e-27 2.1807e-27 7.45625e-27 1.80527e-21 1.07366e-16 1.46804e-12 4.61482e-09 3.33514e-06 0.000554129 0.0211673 0.185893 0.375321 0.174608 0.029089 0.0645633 0.0902001 0.0321037 0.0128444 0.00910174 0.00306528 0.00113347 0.000295295 5.18513e-05 5.14196e-06 2.43786e-07
 2.14843e-27 2.181e-27 7.48736e-27 1.81582e-21 1.07994e-16 1.47662e-12 4.64178e-09 3.35463e-06 0.000557366 0.021291 0.186979 0.377514 0.175621 0.0290516 0.0636739 0.0889364 0.0315222 0.0121915 0.00854033 0.00279174 0.00100493 0.000267526 4.95782e-05 5.30806e-06 2.69539e-07
 2.14816e-27 2.18033e-27 7.41637e-27 1.79174e-21 1.06562e-16 1.45704e-12 4.58022e-09 3.31014e-06 0.000549975 0.0210087 0.184499 0.372507 0.173315 0.0292956 0.0666723 0.0931638 0.0330315 0.012808 0.00895715 0.00287233 0.00100309 0.000259266 4.76875e-05 5.30928e-06 2.87597e-07
 2.14802e-27 2.18001e-27 7.38253e-27 1.78026e-21 1.05879e-16 1.44771e-12 4.55088e-09 3.28894e-06 0.000546452 0.0208741 0.183317 0.370121 0.172215 0.0293603 0.0677866 0.0947434 0.0337093 0.0134455 0.00946474 0.00303744 0.00105582 0.000266685 4.74314e-05 5.19077e-06 2.86614e-07
 2.14825e-27 2.18056e-27 7.44227e-27 1.80053e-21 1.07085e-16 1.46419e-12 4.6027e-09 3.32638e-06 0.000552674 0.0211118 0.185405 0.374335 0.174152 0.0290817 0.0648154 0.0905668 0.0323903 0.0134512 0.0095714 0.00312284 0.00110616 0.000279532 4.90131e-05 5.21143e-06 2.81459e-07
 2.1482e-27 2.18045e-27 7.42986e-27 1.79632e-21 1.06834e-16 1.46077e-12 4.59193e-09 3.3186e-06 0.000551381 0.0210624 0.184971 0.37346 0.173751 0.0291764 0.0656577 0.0917438 0.0326636 0.013101 0.0092791 0.00309875 0.00113145 0.000291587 5.17971e-05 5.46941e-06 2.89073e-07
 2.14812e-27 2.18026e-27 7.40996e-27 1.78957e-21 1.06433e-16 1.45528e-12 4.57468e-09 3.30613e-06 0.000549309 0.0209832 0.184276 0.372056 0.173104 0.0292255 0.0663803 0.0927666 0.0330837 0.0134447 0.00952621 0.00312108 0.00112327 0.000296153 5.42154e-05 5.82774e-06 3.08532e-07
 2.14825e-27 2.18058e-27 7.44356e-27 1.80097e-21 1.0711e-16 1.46454e-12 4.60381e-09 3.32719e-06 0.000552808 0.0211169 0.185449 0.374426 0.174195 0.0291051 0.064931 0.0907243 0.03237 0.0132018 0.0093699 0.00309075 0.00111486 0.000289583 5.30229e-05 5.84445e-06 3.16449e-07
 2.14781e-27 2.17948e-27 7.3272e-27 1.76149e-21 1.04763e-16 1.43244e-12 4.5029e-09 3.25426e-06 0.000540691 0.020654 0.181385 0.366219 0.170416 0.0295151 0.0699071 0.0977363 0.0348172 0.0140269 0.00993169 0.00328379 0.00118981 0.000310516 5.66396e-05 6.2138e-06 3.40911e-07
 2.14704e-27 2.17762e-27 7.13113e-27 1.69499e-21 1.00808e-16 1.37837e-12 4.33291e-09 3.13141e-06 0.000520278 0.0198743 0.174537 0.352394 0.164044 0.0300259 0.0771926 0.108033 0.0388292 0.0167314 0.0120057 0.00394323 0.00141872 0.000371071 6.80004e-05 7.46395e-06 4.08461e-07
 2.14743e-27 2.17858e-27 7.23591e-27 1.73055e-21 1.02922e-16 1.40728e-12 4.4238e-09 3.19709e-06 0.000531192 0.0202912 0.178198 0.359786 0.167439 0.0294307 0.0713315 0.0998086 0.0364205 0.0174182 0.0128132 0.00437589 0.00163761 0.000427711 7.80864e-05 8.59358e-06 4.71266e-07
 2.14854e-27 2.1813e-27 7.52176e-27 1.82751e-21 1.08689e-16 1.48613e-12 4.67166e-09 3.37622e-06 0.000560954 0.0214281 0.188182 0.379943 0.17673 0.0286729 0.0606294 0.0846821 0.0305138 0.0134034 0.00978537 0.0035599 0.00143246 0.000391155 7.34451e-05 8.0941e-06 4.43826e-07
#obs catch len freq
 1.21638e-39 5.95334e-33 6.69879e-27 1.73291e-21 1.03063e-16 1.4092e-12 4.42983e-09 3.20145e-06 0.000531925 0.0203188 0.17844 0.360276 0.167667 0.0294672 0.0714071 0.0999001 0.0362399 0.0166763 0.0122549 0.00439003 0.00177482 0.000523749 0.000112978 1.50075e-05 1.01808e-06
 1.22153e-39 5.97852e-33 6.72713e-27 1.74024e-21 1.03499e-16 1.41516e-12 4.44857e-09 3.21499e-06 0.000534175 0.0204048 0.179195 0.3618 0.168371 0.0294602 0.0709048 0.0991825 0.0358572 0.0161172 0.0117697 0.00415769 0.00165065 0.000477629 0.000100611 1.30445e-05 8.61879e-07
 1.30604e-39 6.39217e-33 7.19258e-27 1.86065e-21 1.1066e-16 1.51307e-12 4.75636e-09 3.43743e-06 0.000571134 0.0218166 0.191593 0.386832 0.179903 0.0283653 0.0566763 0.0791084 0.0285275 0.0125958 0.00914836 0.00318377 0.00124044 0.00035254 7.25669e-05 9.17665e-06 5.91225e-07
 1.14337e-39 5.59599e-33 6.2967e-27 1.6289e-21 9.68765e-17 1.32461e-12 4.16393e-09 3.00928e-06 0.000499996 0.0190992 0.167729 0.338651 0.15773 0.0310795 0.0877672 0.12287 0.0431259 0.0153352 0.0105922 0.00364149 0.00139687 0.000389845 7.84445e-05 9.68563e-06 6.08555e-07
 1.34011e-39 6.55889e-33 7.38016e-27 1.90918e-21 1.13546e-16 1.55254e-12 4.88041e-09 3.52708e-06 0.00058603 0.0223856 0.19659 0.39692 0.184539 0.027614 0.0490496 0.0684105 0.0254753 0.0137573 0.0101845 0.00310897 0.00103371 0.000279574 5.50909e-05 6.64493e-06 4.0745e-07
 1.3864e-39 6.78547e-33 7.63512e-27 1.97513e-21 1.17468e-16 1.60617e-12 5.04901e-09 3.64893e-06 0.000606275 0.0231589 0.203382 0.410631 0.190879 0.0276475 0.045121 0.0627451 0.0217252 0.00677669 0.00459236 0.00178034 0.000734105 0.000180923 3.17189e-05 3.67398e-06 2.19881e-07
 1.25954e-39 6.16458e-33 6.93648e-27 1.7944e-21 1.0672e-16 1.4592e-12 4.58701e-09 3.31504e-06 0.000550799 0.0210398 0.184772 0.373059 0.173588 0.0297515 0.0692897 0.0967747 0.0332433 0.0094832 0.00600064 0.00171273 0.00053901 0.000158527 3.10926e-05 3.31027e-06 1.83762e-07
 1.26638e-39 6.19804e-33 6.97413e-27 1.80414e-21 1.07299e-16 1.46712e-12 4.61191e-09 3.33303e-06 0.000553788 0.021154 0.185774 0.375084 0.174499 0.0290958 0.0646769 0.090373 0.0323555 0.0135296 0.00945026 0.00257773 0.000690784 0.000152269 2.64037e-05 3.12028e-06 1.74476e-07
 1.4135e-39 6.91809e-33 7.78434e-27 2.01374e-21 1.19764e-16 1.63756e-12 5.14769e-09 3.72025e-06 0.000618124 0.0236116 0.207357 0.418657 0.194567 0.0270485 0.0390455 0.0542219 0.019276 0.00764199 0.00539593 0.00178783 0.000617865 0.000130548 1.79495e-05 1.71859e-06 9.45732e-08
 1.41404e-39 6.92076e-33 7.78734e-27 2.01451e-21 1.19811e-16 1.63819e-12 5.14967e-09 3.72168e-06 0.000618362 0.0236207 0.207437 0.418818 0.194656 0.0274179 0.0412521 0.0572684 0.0194856 0.00495064 0.0030439 0.000979284 0.000345484 8.80548e-05 1.42083e-05 1.21969e-06 5.43513e-08
 1.34074e-39 6.56197e-33 7.38363e-27 1.91008e-21 1.13599e-16 1.55327e-12 4.8827e-09 3.52874e-06 0.000586306 0.0223961 0.196683 0.397107 0.184662 0.0285789 0.0548837 0.0764703 0.0261001 0.00689042 0.00420005 0.00108693 0.00027377 6.59726e-05 1.16048e-05 1.16574e-06 5.31853e-08
 1.30941e-39 6.40864e-33 7.2111e-27 1.86544e-21 1.10945e-16 1.51697e-12 4.76861e-09 3.44629e-06 0.000572605 0.0218728 0.192087 0.387828 0.18038 0.0288042 0.0590554 0.0823916 0.0287529 0.00967659 0.00639184 0.00168011 0.000412684 7.91465e-05 1.07036e-05 1.05727e-06 5.35943e-08
 1.35341e-39 6.62402e-33 7.45346e-27 1.92814e-21 1.14674e-16 1.56795e-12 4.92888e-09 3.56211e-06 0.00059185 0.0226079 0.198543 0.400862 0.186378 0.0280494 0.0505191 0.0703758 0.0247299 0.008879 0.00603784 0.00177842 0.000527232 0.000104118 1.26493e-05 9.82022e-07 4.33761e-08
 1.32993e-39 6.5091e-33 7.32415e-27 1.89469e-21 1.12684e-16 1.54075e-12 4.84337e-09 3.50031e-06 0.000581582 0.0222157 0.195098 0.393908 0.183181 0.0285486 0.0556626 0.077597 0.0268834 0.0084212 0.0055348 0.00168701 0.000538761 0.000120612 1.69102e-05 1.29494e-06 4.85165e-08
 1.28473e-39 6.28787e-33 7.07521e-27 1.83029e-21 1.08854e-16 1.48838e-12 4.67875e-09 3.38134e-06 0.000561815 0.0214606 0.188467 0.38052 0.177014 0.0291405 0.0633108 0.0883908 0.0308786 0.0105 0.00701162 0.00199785 0.000584733 0.000135166 2.0974e-05 1.82926e-06 7.32297e-08
 1.1637e-39 5.6955e-33 6.40867e-27 1.65786e-21 9.85992e-17 1.34817e-12 4.23797e-09 3.06279e-06 0.000508887 0.0194388 0.170712 0.344673 0.1605 0.030698 0.083623 0.117055 0.0414433 0.0158741 0.0109727 0.00325446 0.000992363 0.000216656 3.20655e-05 2.95854e-06 1.31837e-07
 1.25372e-39 6.1361e-33 6.90444e-27 1.78611e-21 1.06227e-16 1.45246e-12 4.56582e-09 3.29973e-06 0.000548255 0.0209426 0.183918 0.371336 0.172755 0.0288053 0.0640329 0.0895386 0.0330449 0.0169454 0.0124992 0.00395604 0.00132243 0.000302361 4.51449e-05 3.99739e-06 1.79109e-07
 1.22255e-39 5.98354e-33 6.73278e-27 1.74171e-21 1.03586e-16 1.41635e-12 4.45231e-09 3.21769e-06 0.000534624 0.0204219 0.179345 0.362104 0.168521 0.0296876 0.0722012 0.100966 0.0358928 0.014238 0.0102248 0.00384352 0.00155728 0.00038958 6.32986e-05 5.8059e-06 2.57462e-07
 1.26116e-39 6.17252e-33 6.94542e-27 1.79671e-21 1.06857e-16 1.46108e-12 4.59292e-09 3.31931e-06 0.000551508 0.0210669 0.18501 0.373539 0.173781 0.0289788 0.0644276 0.0900438 0.0325234 0.0145157 0.0104682 0.00339593 0.00125009 0.000366443 7.10044e-05 7.21272e-06 3.39485e-07
 1.23891e-39 6.06361e-33 6.82287e-27 1.76501e-21 1.04972e-16 1.4353e-12 4.51188e-09 3.26075e-06 0.000541778 0.0206952 0.181745 0.366949 0.170753 0.0294872 0.0695177 0.0971835 0.0345626 0.0137468 0.00976158 0.0033721 0.00127347 0.000334083 6.49327e-05 7.69856e-06 4.13903e-07
 1.25656e-39 6.15001e-33 6.92009e-27 1.79016e-21 1.06468e-16 1.45575e-12 4.57617e-09 3.30721e-06 0.000549497 0.0209901 0.184335 0.372177 0.173157 0.0291349 0.0657914 0.0919515 0.0329984 0.0140591 0.0100465 0.00325481 0.00116687 0.000317028 6.01988e-05 6.8966e-06 4.01725e-07
 1.27434e-39 6.237e-33 7.01797e-27 1.81548e-21 1.07974e-16 1.47634e-12 4.6409e-09 3.35398e-06 0.000557269 0.021287 0.186942 0.377441 0.175584 0.0289678 0.0631845 0.08826 0.0314626 0.012745 0.00905477 0.00304452 0.00111728 0.000288388 5.33147e-05 6.09308e-06 3.48615e-07
 1.25211e-39 6.1282e-33 6.89555e-27 1.78381e-21 1.0609e-16 1.45059e-12 4.55994e-09 3.29548e-06 0.000547548 0.0209156 0.183681 0.370857 0.172555 0.0293424 0.0674559 0.094273 0.0334813 0.0131645 0.0092576 0.00302817 0.00108959 0.000288458 5.31107e-05 5.85974e-06 3.29877e-07
 1.25265e-39 6.13087e-33 6.89855e-27 1.78459e-21 1.06136e-16 1.45122e-12 4.56193e-09 3.29692e-06 0.000547787 0.0209248 0.183761 0.371019 0.172625 0.0292285 0.066712 0.0932435 0.0333799 0.0139624 0.00993211 0.00319421 0.00111839 0.000288692 5.28593e-05 5.86287e-06 3.23825e-07
 1.24301e-39 6.08369e-33 6.84546e-27 1.77086e-21 1.05319e-16 1.44005e-12 4.52682e-09 3.27154e-06 0.000543571 0.0207637 0.182347 0.368164 0.171309 0.0293446 0.0682812 0.0954571 0.0341823 0.0143332 0.0102461 0.00341201 0.00123634 0.000314202 5.58638e-05 6.09225e-06 3.35587e-07
 1.25555e-39 6.14504e-33 6.9145e-27 1.78871e-21 1.06382e-16 1.45458e-12 4.57247e-09 3.30453e-06 0.000549053 0.0209731 0.184186 0.371876 0.173018 0.0291352 0.0658838 0.0920825 0.0330526 0.014108 0.0101239 0.00337856 0.00123875 0.000325249 5.88281e-05 6.29184e-06 3.39182e-07
 1.18156e-39 5.7829e-33 6.50702e-27 1.6833e-21 1.00112e-16 1.36886e-12 4.30301e-09 3.10979e-06 0.000516697 0.0197371 0.173332 0.349962 0.162927 0.0302096 0.0790472 0.110635 0.0395659 0.0164303 0.0117386 0.00395838 0.00146882 0.000388737 7.18641e-05 7.86633e-06 4.23185e-07
 1.18237e-39 5.78687e-33 6.51148e-27 1.68446e-21 1.00181e-16 1.3698e-12 4.30596e-09 3.11193e-06 0.000517051 0.0197507 0.173451 0.350202 0.163021 0.0297576 0.0762155 0.106719 0.0392086 0.0195723 0.0144536 0.0048033 0.00175836 0.000469536 8.79644e-05 9.79481e-06 5.37868e-07
 1.24291e-39 6.08319e-33 6.8449e-27 1.77071e-21 1.05311e-16 1.43993e-12 4.52645e-09 3.27127e-06 0.000543527 0.020762 0.182332 0.368133 0.171282 0.0289798 0.0660629 0.0923832 0.0337988 0.0164487 0.012275 0.00455245 0.00184756 0.000492828 9.18622e-05 1.03398e-05 5.76868e-07
#spawning biomass
 4630.14 2534.5 2305.85 1983.05 2402.54 3613.76 4286.81 4651.32 6842.81 12010.2 17664.2 20076.2 26354.6 34497 42105 37877.1 35231.3 33482.6 32834.6 35050.8 33756.3 35597.8 39241.7 43473.9 46410.6 51277.1 51753.7 48611.2 45419.4 13411.2 56140.8 69186.7 45189.7 28166.3 19739.6 15967.3 14363.3 13702.6 13436.2 13330.2 13288.5 13272.1 13265.8 13263.3 13262.3 13262 13261.8 13261.8 13261.7 13261.7 13261.7 13261.7 13261.7 13261.7 13261.7 13261.7 13261.7 13261.7 13261.7 13261.7 13261.7 13261.7 13261.7 13261.7 13261.7 13261.7 13261.7 13261.7 13261.7 13261.7 13261.7 13261.7 13261.7 13261.7 13261.7 13261.7 13261.7 13261.7 13261.7 13261.7 13261.7 13261.7 13261.7 13261.7 13261.7 13261.7 13261.7 13261.7 13261.7 13261.7 13261.7 13261.7 13261.7 13261.7 13261.7 13261.7 13261.7 13261.7 13261.7 13261.7 13261.7 13261.7 13261.7 13261.7 13261.7 13261.7 13261.7 13261.7 13261.7 13261.7 13261.7 13261.7 13261.7 13261.7 13261.7 13261.7 13261.7 13261.7 13261.7 13261.7 13261.7 13261.7 13261.7 13261.7 13261.7 13261.7 13261.7 13261.7 13261.7 0 0 0 0 0 0 0 0 0 0 0 0 0 0 0 0 0 0 0 0 0 0 0 0 0
