SBPRF35
0.0240419
Curr Bio
42152.5
B35
22376.9
F35
7.66071
FOFL
7.66071
OFL
79921.9
Bzero
6866.79
#pred survey bio
 11612.6 7866.28 8813.87 11006.1 14107.3 16367.4 15719.8 15683.7 26723.6 40071.7 40877.3 52233 76949.1 83619.7 68980.9 57382.3 57659.3 61043.5 54717.5 54340.5 57162.5 63421.1 68493.6 69983.7 78424.4 76222.2 69285.4 71742.3 1.83024e+06 974411 269585 146614 119417 111666 109418 108762 108570 108513 108497 108492 108490 108490 108490 108490 108490 108490 108490 108490 108490 108490 108490 108490 108490 108490 108490 108490 108490 108490 108490 108490 108490 108490 108490 108490 108490 108490 108490 108490 108490 108490 108490 108490 108490 108490 108490 108490 108490 108490 108490 108490 108490 108490 108490 108490 108490 108490 108490 108490 108490 108490 108490 108490 108490 108490 108490 108490 108490 108490 108490 108490 108490 108490 108490 108490 108490 108490 108490 108490 108490 108490 108490 108490 108490 108490 108490 108490 108490 108490 108490 108490 108490 108490 108490 108490 108490 108490 108490 108490 0 0 0 0 0 0 0 0 0 0 0 0 0 0 0 0 0 0 0 0 0 0 0 0 0
#obs survey bio
 9100.1 6272.52 7404.92 11436.8 15342.5 12150 14366.9 13173.2 35829.2 38791.4 54084.9 72851.7 115699 85307.4 60595.2 56373.5 56823.2 55899.1 45460.9 37151.8 68703.1 75707.4 68105.9 62966.1 81178.8 80532.8 65637.8 72496.9
#pred catch bio
 5479.16 3421.21 3703.83 4481.09 5930.14 7567.49 8748.27 8096.19 8350.81 19664.8 21384.5 17915.3 33879.4 49836.2 44301.9 36656.8 29823.6 39362.7 32710.9 32440.4 34947.7 34769.4 42614.7 37712.5 45760.1 47555.9 43818 41650.9 79921.9 44820.5 5438.05 4308.45 4307.99 4307.99 4307.99 4307.99 4307.99 4307.99 4307.99 4307.99 4307.99 4307.99 4307.99 4307.99 4307.99 4307.99 4307.99 4307.99 4307.99 4307.99 4307.99 4307.99 4307.99 4307.99 4307.99 4307.99 4307.99 4307.99 4307.99 4307.99 4307.99 4307.99 4307.99 4307.99 4307.99 4307.99 4307.99 4307.99 4307.99 4307.99 4307.99 4307.99 4307.99 4307.99 4307.99 4307.99 4307.99 4307.99 4307.99 4307.99 4307.99 4307.99 4307.99 4307.99 4307.99 4307.99 4307.99 4307.99 4307.99 4307.99 4307.99 4307.99 4307.99 4307.99 4307.99 4307.99 4307.99 4307.99 4307.99 4307.99 4307.99 4307.99 4307.99 4307.99 4307.99 4307.99 4307.99 4307.99 4307.99 4307.99 4307.99 4307.99 4307.99 4307.99 4307.99 4307.99 4307.99 4307.99 4307.99 4307.99 4307.99 4307.99 4307.99 4307.99 4307.99 4307.99 4307.99 4307.99 0 0 0 0 0 0 0 0 0 0 0 0 0 0 0 0 0 0 0 0 0 0 0 0 0
#obs catch bio
 3452.78 3461.05 3726.92 4490.14 5897.5 7562.97 8868.22 8343.24 8215.8 19285.6 21585.1 17454.8 32535.2 49183 44376.5 37838.5 29674.4 39631.9 32813.5 32444.5 35883 34415.8 42825.3 37632 45853 47842.9 44199.1 41936.8
#pred cpue bio
 8813.15 4618.67 4726.92 5806.24 7431.66 9145.41 9469.11 8207.02 11063.9 21685 23441 24569.5 39985 48474.5 40687.5 31975.3 29469.3 34382.3 29734.8 29265.6 29752.7 32142 37359.3 36165.2 41677 42553 38158.6 36338 960332 702787 228783 96521.3 68151.4 60304 58049.4 57392.8 57200.4 57143.8 57127.1 57122.1 57120.7 57120.2 57120.1 57120.1 57120.1 57120.1 57120.1 57120.1 57120.1 57120.1 57120.1 57120.1 57120.1 57120.1 57120.1 57120.1 57120.1 57120.1 57120.1 57120.1 57120.1 57120.1 57120.1 57120.1 57120.1 57120.1 57120.1 57120.1 57120.1 57120.1 57120.1 57120.1 57120.1 57120.1 57120.1 57120.1 57120.1 57120.1 57120.1 57120.1 57120.1 57120.1 57120.1 57120.1 57120.1 57120.1 57120.1 57120.1 57120.1 57120.1 57120.1 57120.1 57120.1 57120.1 57120.1 57120.1 57120.1 57120.1 57120.1 57120.1 57120.1 57120.1 57120.1 57120.1 57120.1 57120.1 57120.1 57120.1 57120.1 57120.1 57120.1 57120.1 57120.1 57120.1 57120.1 57120.1 57120.1 57120.1 57120.1 57120.1 57120.1 57120.1 57120.1 57120.1 57120.1 57120.1 57120.1 57120.1 0 0 0 0 0 0 0 0 0 0 0 0 0 0 0 0 0 0 0 0 0 0 0 0 0
#obs cpue bio
 4671.21 5480.86 4662.91 6294.04 8187.37 8923.94 8784.45 7334.81 12954.6 24597.3 23741 36763.7 46687.6 37714.8 31584.7 22419.8 28659.2 43407.7 31519 32763.4 19033.7 35087.4 37829.1 36285 35476.1 42349.7 34333.9 33452
#pred surv len freq
 2.14058e-27 2.16027e-27 5.25136e-27 1.05739e-21 6.28871e-17 8.59869e-13 2.70301e-09 1.95347e-06 0.000324567 0.0123982 0.108882 0.219838 0.102646 0.0269599 0.0984175 0.138787 0.0598345 0.0575151 0.05167 0.0338035 0.0268076 0.020828 0.0188854 0.0159637 0.00643817
 2.14328e-27 2.16837e-27 6.16493e-27 1.36732e-21 8.13196e-17 1.1119e-12 3.49527e-09 2.52604e-06 0.000419698 0.0160322 0.140796 0.284272 0.132588 0.0310471 0.103958 0.146093 0.0566807 0.0375379 0.0290272 0.0102094 0.0048227 0.00270833 0.00189189 0.00137792 0.000536268
 2.14425e-27 2.17079e-27 6.41573e-27 1.45235e-21 8.63767e-17 1.18105e-12 3.71264e-09 2.68313e-06 0.000445799 0.0170292 0.149551 0.30195 0.140784 0.0316577 0.102358 0.143666 0.05361 0.0292596 0.0214516 0.00588822 0.00163382 0.000438615 0.00015949 8.47174e-05 2.98004e-05
 2.14436e-27 2.17104e-27 6.43908e-27 1.46025e-21 8.68467e-17 1.18747e-12 3.73284e-09 2.69773e-06 0.000448225 0.0171219 0.150365 0.303593 0.141553 0.0319032 0.103362 0.145035 0.0534833 0.0272512 0.0196005 0.0049387 0.00110296 0.000202585 2.8938e-05 6.23461e-06 1.61789e-06
 2.14442e-27 2.17121e-27 6.45721e-27 1.46641e-21 8.72127e-17 1.19248e-12 3.74857e-09 2.7091e-06 0.000450114 0.017194 0.150999 0.304872 0.14214 0.0317958 0.102321 0.143577 0.0531068 0.0275487 0.0198429 0.00491617 0.00104232 0.000172298 1.70022e-05 1.3212e-06 1.2371e-07
 2.14289e-27 2.16745e-27 6.05836e-27 1.3311e-21 7.91659e-17 1.08245e-12 3.4027e-09 2.45914e-06 0.000408583 0.0156076 0.137067 0.276744 0.129187 0.0331615 0.119136 0.167283 0.0615442 0.0309163 0.0221406 0.00545884 0.00114136 0.000184229 1.67441e-05 9.6082e-07 3.2849e-08
 2.14124e-27 2.16346e-27 5.64455e-27 1.19077e-21 7.08198e-17 9.68335e-13 3.04397e-09 2.19989e-06 0.000365508 0.0139622 0.122616 0.24757 0.115721 0.0337295 0.131397 0.184726 0.0699033 0.0410523 0.0300515 0.00723393 0.00142366 0.000224745 1.99426e-05 1.08172e-06 2.92751e-08
 2.145e-27 2.17267e-27 6.61819e-27 1.52104e-21 9.04623e-17 1.23691e-12 3.88825e-09 2.81005e-06 0.000466885 0.0178347 0.156625 0.316231 0.147351 0.0307074 0.0922532 0.129484 0.0494771 0.0304805 0.0224576 0.00539949 0.00105383 0.000161209 1.33582e-05 6.90783e-07 1.78562e-08
 2.14812e-27 2.18022e-27 7.40264e-27 1.78707e-21 1.06284e-16 1.45324e-12 4.56829e-09 3.30152e-06 0.000548542 0.0209539 0.184019 0.371537 0.172873 0.0294675 0.0680143 0.0950484 0.0336215 0.0127657 0.00862018 0.00206244 0.000399423 6.06822e-05 4.92462e-06 2.43496e-07 5.92799e-09
 2.14271e-27 2.16688e-27 5.98282e-27 1.30541e-21 7.76375e-17 1.06155e-12 3.33701e-09 2.41167e-06 0.000400695 0.0153063 0.13442 0.271402 0.126776 0.0347256 0.130294 0.182782 0.0638823 0.0217869 0.0142693 0.00328439 0.000574366 8.60438e-05 7.1988e-06 3.597e-07 8.56993e-09
 2.14272e-27 2.16707e-27 6.02637e-27 1.32029e-21 7.85227e-17 1.07366e-12 3.37506e-09 2.43916e-06 0.000405263 0.0154808 0.135953 0.274495 0.128124 0.0325343 0.115986 0.162992 0.0620959 0.0376862 0.0274454 0.00589065 0.000795931 0.000104308 7.85584e-06 3.76137e-07 9.06485e-09
 2.14667e-27 2.17673e-27 7.04076e-27 1.66435e-21 9.89854e-17 1.35345e-12 4.25458e-09 3.0748e-06 0.000510873 0.019515 0.171382 0.346024 0.161096 0.0299379 0.0785757 0.110077 0.0408664 0.0216579 0.0156385 0.0038299 0.000771144 0.000107808 6.67889e-06 2.62552e-07 5.70484e-09
 2.14413e-27 2.17042e-27 6.36463e-27 1.43496e-21 8.53423e-17 1.1669e-12 3.66818e-09 2.651e-06 0.00044046 0.0168253 0.14776 0.298334 0.139159 0.0329023 0.111046 0.155732 0.0554356 0.0221633 0.0152416 0.00390835 0.000891296 0.000145095 1.22661e-05 5.50466e-07 1.04435e-08
 2.14197e-27 2.16519e-27 5.8211e-27 1.25063e-21 7.43797e-17 1.01701e-12 3.19698e-09 2.31047e-06 0.000383881 0.014664 0.12878 0.260013 0.121475 0.0337561 0.127809 0.179559 0.0665957 0.0350745 0.0251184 0.00567231 0.00093692 0.000145552 1.37454e-05 7.4493e-07 1.77644e-08
 2.14148e-27 2.16398e-27 5.69334e-27 1.20729e-21 7.18022e-17 9.81768e-13 3.0862e-09 2.23041e-06 0.000370579 0.0141558 0.124317 0.251004 0.117323 0.0341199 0.132745 0.186534 0.0692793 0.0367811 0.0263642 0.00592259 0.000943275 0.000128254 9.19016e-06 4.50386e-07 1.1896e-08
 2.14301e-27 2.16774e-27 6.08977e-27 1.34176e-21 7.97996e-17 1.09112e-12 3.42994e-09 2.47883e-06 0.000411854 0.0157325 0.138164 0.278959 0.130205 0.0329827 0.117377 0.164828 0.061024 0.0318082 0.0226897 0.00498157 0.000732304 9.56839e-05 6.40003e-06 2.6291e-07 5.63622e-09
 2.14454e-27 2.17143e-27 6.4719e-27 1.47135e-21 8.75067e-17 1.1965e-12 3.76121e-09 2.71824e-06 0.000451631 0.017252 0.151508 0.3059 0.142641 0.0324728 0.106144 0.148845 0.0533196 0.0223594 0.0152991 0.00329499 0.000450723 5.60861e-05 3.50021e-06 1.33134e-07 2.57347e-09
 2.14218e-27 2.16564e-27 5.86012e-27 1.26382e-21 7.51643e-17 1.02774e-12 3.23071e-09 2.33484e-06 0.00038793 0.0148187 0.130138 0.262756 0.122767 0.0344183 0.131025 0.18395 0.0662024 0.0287268 0.0198091 0.00430643 0.000609843 7.64092e-05 4.64234e-06 1.68373e-07 3.0489e-09
 2.14342e-27 2.16872e-27 6.18964e-27 1.37562e-21 8.18135e-17 1.11865e-12 3.5165e-09 2.54138e-06 0.000422247 0.0161296 0.141651 0.285999 0.133459 0.0329692 0.115173 0.161663 0.0591204 0.0285845 0.0200569 0.00419982 0.000507583 5.93128e-05 3.57821e-06 1.28331e-07 2.254e-09
 2.14338e-27 2.16859e-27 6.17253e-27 1.3698e-21 8.14672e-17 1.11392e-12 3.50162e-09 2.53063e-06 0.00042046 0.0160613 0.141051 0.284788 0.132914 0.0333753 0.118016 0.165606 0.0596019 0.0258678 0.017832 0.00385931 0.000535284 6.46933e-05 3.55429e-06 1.15725e-07 1.97726e-09
 2.14425e-27 2.17073e-27 6.39942e-27 1.44677e-21 8.60448e-17 1.17651e-12 3.69837e-09 2.67282e-06 0.000444086 0.0169638 0.148977 0.30079 0.140281 0.0325562 0.108193 0.151765 0.054796 0.0243278 0.016819 0.00356802 0.000457636 5.49048e-05 3.28072e-06 1.12756e-07 1.81646e-09
 2.14449e-27 2.17129e-27 6.45359e-27 1.46512e-21 8.71363e-17 1.19143e-12 3.74529e-09 2.70673e-06 0.000449719 0.017179 0.150866 0.304605 0.142056 0.032835 0.108745 0.152458 0.0538677 0.0202425 0.0134848 0.0028238 0.00034256 3.93293e-05 2.21589e-06 7.41802e-08 1.2555e-09
 2.14295e-27 2.16752e-27 6.05697e-27 1.33059e-21 7.91353e-17 1.08203e-12 3.40139e-09 2.45819e-06 0.000408425 0.0156016 0.137014 0.276637 0.129165 0.033895 0.123646 0.173521 0.0621419 0.0259999 0.0177434 0.00371811 0.000450904 5.14695e-05 2.83038e-06 9.07526e-08 1.46764e-09
 2.14445e-27 2.17124e-27 6.45422e-27 1.46536e-21 8.71506e-17 1.19163e-12 3.7459e-09 2.70717e-06 0.000449793 0.0171818 0.150891 0.304655 0.142059 0.0323157 0.10556 0.148064 0.0536267 0.0243279 0.0168693 0.00352521 0.000421175 4.7575e-05 2.58147e-06 8.10446e-08 1.27401e-09
 2.14363e-27 2.16919e-27 6.23451e-27 1.39082e-21 8.27173e-17 1.13101e-12 3.55535e-09 2.56946e-06 0.000426912 0.0163077 0.143215 0.289158 0.134931 0.0332776 0.116103 0.162886 0.0583311 0.0244047 0.0167105 0.00365183 0.000525836 6.45483e-05 3.54188e-06 1.11346e-07 1.73314e-09
 2.14246e-27 2.16634e-27 5.93451e-27 1.28906e-21 7.66652e-17 1.04826e-12 3.29522e-09 2.38146e-06 0.000395677 0.0151146 0.132737 0.268003 0.125182 0.0341241 0.127647 0.179198 0.0646405 0.0285096 0.0196812 0.00416643 0.00053023 6.39356e-05 3.9289e-06 1.38375e-07 2.2228e-09
 2.14308e-27 2.16788e-27 6.10057e-27 1.34541e-21 8.00166e-17 1.09408e-12 3.43927e-09 2.48557e-06 0.000412973 0.0157753 0.13854 0.279718 0.130566 0.0332587 0.118833 0.166827 0.0609884 0.0294269 0.0206581 0.00437267 0.000553257 6.48083e-05 3.66572e-06 1.24179e-07 2.15193e-09
 2.14477e-27 2.17199e-27 6.53237e-27 1.49186e-21 8.87268e-17 1.21318e-12 3.81365e-09 2.75614e-06 0.000457928 0.0174925 0.15362 0.310165 0.144603 0.0322261 0.103353 0.144917 0.052032 0.0221929 0.0152243 0.0032401 0.000420528 4.9718e-05 2.77665e-06 9.02446e-08 1.469e-09
#obs surv len freq
 8.65669e-40 4.23685e-33 4.76737e-27 1.23327e-21 7.33474e-17 1.00289e-12 3.1526e-09 2.27839e-06 0.000378558 0.0144604 0.126992 0.256403 0.119747 0.0321827 0.11929 0.167761 0.0651261 0.04328 0.033903 0.0128525 0.00550724 0.00168353 0.00037543 5.12939e-05 3.56914e-06
 1.03866e-39 5.08351e-33 5.72005e-27 1.47972e-21 8.80046e-17 1.2033e-12 3.7826e-09 2.73369e-06 0.000454207 0.0173501 0.152369 0.307638 0.143375 0.0306177 0.0942946 0.132389 0.0507874 0.0319719 0.0247287 0.00898948 0.00367851 0.00108569 0.000234269 3.11568e-05 2.10936e-06
 9.68087e-40 4.73812e-33 5.33141e-27 1.37918e-21 8.20252e-17 1.12155e-12 3.52559e-09 2.54795e-06 0.000423346 0.0161713 0.142016 0.286738 0.133795 0.03282 0.114038 0.160028 0.0579669 0.026402 0.0193044 0.00675037 0.0026322 0.000739781 0.000151563 1.93732e-05 1.27144e-06
 1.04873e-39 5.13281e-33 5.77552e-27 1.49407e-21 8.8858e-17 1.21497e-12 3.81928e-09 2.7602e-06 0.000458611 0.0175184 0.153846 0.310622 0.144781 0.0313377 0.0977914 0.137205 0.0509938 0.0272231 0.020013 0.00582997 0.00180369 0.000470979 9.06753e-05 1.09402e-05 6.85408e-07
 9.85728e-40 4.82445e-33 5.42855e-27 1.40432e-21 8.35199e-17 1.14198e-12 3.58984e-09 2.59438e-06 0.00043106 0.0164659 0.144604 0.291963 0.136212 0.0328687 0.112761 0.158192 0.0568624 0.0245078 0.0174783 0.00543838 0.00175964 0.000385976 6.01896e-05 6.58632e-06 3.87151e-07
 8.12955e-40 3.97885e-33 4.47707e-27 1.15818e-21 6.8881e-17 9.41824e-13 2.96063e-09 2.13965e-06 0.000355507 0.0135799 0.119259 0.240792 0.112627 0.0347843 0.139878 0.196531 0.0719821 0.0351985 0.0253949 0.0070964 0.00199794 0.000448271 6.71355e-05 6.08476e-06 3.05572e-07
 7.91072e-40 3.87175e-33 4.35655e-27 1.127e-21 6.70269e-17 9.16471e-13 2.88094e-09 2.08206e-06 0.000345937 0.0132143 0.116048 0.23431 0.109585 0.0335745 0.134447 0.189134 0.0729003 0.0468271 0.0353919 0.0104078 0.0030863 0.000632686 8.54531e-05 7.45268e-06 3.32699e-07
 1.33138e-39 6.51619e-33 7.33213e-27 1.89675e-21 1.12807e-16 1.54243e-12 4.84865e-09 3.50413e-06 0.000582216 0.0222399 0.195311 0.394336 0.183339 0.0274561 0.0488643 0.0681925 0.0259769 0.0158057 0.0120524 0.00405121 0.00143118 0.00031232 4.24114e-05 3.39421e-06 1.39664e-07
 1.10258e-39 5.39635e-33 6.07206e-27 1.57078e-21 9.34204e-17 1.27735e-12 4.01537e-09 2.90192e-06 0.000482158 0.0184178 0.161745 0.32657 0.152205 0.0326803 0.10118 0.141609 0.0474722 0.00970163 0.00539026 0.00174621 0.000617619 0.000153109 2.42569e-05 2.04867e-06 8.16245e-08
 6.37402e-40 3.11964e-33 3.51027e-27 9.08074e-22 5.40066e-17 7.38442e-13 2.3213e-09 1.67761e-06 0.000278737 0.0106474 0.0935054 0.188798 0.0887358 0.0386976 0.179438 0.25208 0.0887385 0.0323019 0.021385 0.00457857 0.000659301 0.000130486 2.14811e-05 2.06627e-06 9.12048e-08
 1.23242e-39 6.03182e-33 6.7871e-27 1.75576e-21 1.04422e-16 1.42778e-12 4.48823e-09 3.24365e-06 0.000538937 0.0205867 0.180792 0.365025 0.169803 0.0278834 0.0603076 0.0845254 0.0345474 0.0279217 0.0213245 0.00538842 0.00116554 0.000171873 1.35529e-05 1.00274e-06 4.68302e-08
 1.18133e-39 5.78181e-33 6.50579e-27 1.68299e-21 1.00093e-16 1.3686e-12 4.3022e-09 3.10921e-06 0.000516599 0.0197334 0.173299 0.349896 0.162936 0.0312609 0.0854852 0.11953 0.0402769 0.00893389 0.00527805 0.00195822 0.000739767 0.000138177 1.3251e-05 6.89243e-07 1.90582e-08
 8.79837e-40 4.30619e-33 4.84539e-27 1.25346e-21 7.45478e-17 1.01931e-12 3.2042e-09 2.31568e-06 0.000384754 0.0146971 0.12907 0.260601 0.121819 0.0357003 0.139499 0.195679 0.0673763 0.0197088 0.0122668 0.00266425 0.000420826 9.40318e-05 1.46227e-05 9.9681e-07 2.75562e-08
 9.21893e-40 4.51202e-33 5.077e-27 1.31337e-21 7.81112e-17 1.06803e-12 3.35736e-09 2.42637e-06 0.000403145 0.0153996 0.135239 0.273056 0.127485 0.0332447 0.120755 0.16959 0.0626887 0.0323882 0.0231937 0.00542374 0.000976251 0.000140359 1.21477e-05 9.42582e-07 3.68115e-08
 7.3764e-40 3.61024e-33 4.0623e-27 1.05088e-21 6.24996e-17 8.54569e-13 2.68635e-09 1.94143e-06 0.000322571 0.0123218 0.10821 0.218485 0.102368 0.0362207 0.15537 0.218304 0.0788101 0.035018 0.0249338 0.00723319 0.00203236 0.000338726 2.82812e-05 1.42924e-06 4.18418e-08
 1.12153e-39 5.48911e-33 6.17644e-27 1.59779e-21 9.50263e-17 1.29931e-12 4.0844e-09 2.95181e-06 0.000490447 0.0187344 0.164526 0.332183 0.154694 0.0298662 0.0823102 0.115465 0.0444449 0.0283597 0.0212426 0.00579345 0.00153575 0.000311508 3.74122e-05 2.20266e-06 5.51924e-08
 8.73532e-40 4.27534e-33 4.81068e-27 1.24448e-21 7.40137e-17 1.012e-12 3.18124e-09 2.29909e-06 0.000381997 0.0145918 0.128145 0.258733 0.120955 0.0356714 0.139885 0.19622 0.0674927 0.0195564 0.0126276 0.004072 0.00135631 0.0002726 3.34513e-05 2.45026e-06 7.95489e-08
 9.49167e-40 4.64552e-33 5.22721e-27 1.35223e-21 8.04222e-17 1.09963e-12 3.45669e-09 2.49816e-06 0.000415072 0.0158552 0.139241 0.281134 0.131202 0.032771 0.115429 0.162094 0.0602006 0.0319634 0.0229896 0.00539248 0.00105185 0.00022286 3.24645e-05 2.49168e-06 8.93883e-08
 1.01125e-39 4.94935e-33 5.56908e-27 1.44067e-21 8.5682e-17 1.17155e-12 3.68277e-09 2.66154e-06 0.000442219 0.0168922 0.148347 0.29952 0.139697 0.0326265 0.109005 0.152882 0.0547886 0.0230874 0.0162883 0.00478819 0.00137293 0.00023426 2.3314e-05 1.80115e-06 7.19526e-08
 8.63446e-40 4.22597e-33 4.75513e-27 1.23011e-21 7.31591e-17 1.00032e-12 3.14451e-09 2.27254e-06 0.000377586 0.0144233 0.126666 0.255746 0.11955 0.0350399 0.136931 0.192207 0.0681604 0.026435 0.0181177 0.00482501 0.00123387 0.000251873 3.10535e-05 1.98635e-06 6.45925e-08
 1.11803e-39 5.472e-33 6.15718e-27 1.59281e-21 9.47301e-17 1.29526e-12 4.07167e-09 2.9426e-06 0.000488918 0.018676 0.164013 0.331148 0.154247 0.0306875 0.0876355 0.12284 0.0452705 0.0229839 0.0165523 0.00425389 0.000992778 0.000184021 2.19642e-05 1.62514e-06 5.55047e-08
 8.92537e-40 4.36835e-33 4.91534e-27 1.27155e-21 7.5624e-17 1.03402e-12 3.25045e-09 2.34911e-06 0.000390308 0.0149093 0.130933 0.264362 0.123545 0.0353501 0.136228 0.191081 0.0659198 0.0197243 0.0126936 0.00363056 0.00102035 0.000187856 2.03556e-05 1.39636e-06 4.91435e-08
 1.00527e-39 4.92012e-33 5.53619e-27 1.43216e-21 8.5176e-17 1.16463e-12 3.66102e-09 2.64583e-06 0.000439608 0.0167924 0.147471 0.297751 0.138867 0.0322964 0.107523 0.150887 0.0553826 0.0274184 0.0195031 0.00459264 0.000883736 0.000166194 2.05636e-05 1.39939e-06 4.55888e-08
 1.03537e-39 5.06741e-33 5.70193e-27 1.47504e-21 8.77259e-17 1.19949e-12 3.77062e-09 2.72503e-06 0.000452768 0.0172952 0.151886 0.306665 0.142998 0.032573 0.106525 0.149338 0.0528694 0.020233 0.0139225 0.00395744 0.00108144 0.000182659 1.7265e-05 1.16025e-06 4.01992e-08
 8.71778e-40 4.26675e-33 4.80101e-27 1.24198e-21 7.3865e-17 1.00997e-12 3.17485e-09 2.29447e-06 0.00038123 0.0145625 0.127888 0.258214 0.120691 0.0350516 0.136259 0.19124 0.0675474 0.0253346 0.0171638 0.00439959 0.00103762 0.000202245 2.39138e-05 1.47661e-06 4.38996e-08
 9.26226e-40 4.53324e-33 5.10087e-27 1.31955e-21 7.84784e-17 1.07305e-12 3.37314e-09 2.43778e-06 0.00040504 0.015472 0.135875 0.274339 0.128078 0.0332199 0.120217 0.168815 0.062181 0.0314658 0.0226239 0.00574711 0.0012999 0.000230277 2.54665e-05 1.78182e-06 5.83619e-08
 9.73079e-40 4.76254e-33 5.35889e-27 1.38629e-21 8.24481e-17 1.12733e-12 3.54377e-09 2.56109e-06 0.000425529 0.0162546 0.142748 0.288216 0.134487 0.0330464 0.114975 0.161323 0.058117 0.0254401 0.0180379 0.00517789 0.00145463 0.000264361 2.75875e-05 1.78137e-06 5.85783e-08
 1.13169e-39 5.53882e-33 6.23237e-27 1.61225e-21 9.58868e-17 1.31108e-12 4.12139e-09 2.97854e-06 0.000494888 0.0189041 0.166016 0.335192 0.15613 0.0310688 0.0887445 0.124297 0.0443206 0.0179629 0.0124476 0.00335184 0.000869629 0.000174821 2.15832e-05 1.43642e-06 4.46767e-08
#pred catch len freq
 2.1341e-27 2.1438e-27 3.5038e-27 4.6469e-22 2.76368e-17 3.77884e-13 1.18788e-09 8.58487e-07 0.000142636 0.00544861 0.04785 0.0966164 0.0456817 0.0270461 0.136077 0.192507 0.0868811 0.0936978 0.0839605 0.0524238 0.0403831 0.0307944 0.027699 0.0233683 0.00942169
 2.13582e-27 2.15011e-27 4.25082e-27 7.18118e-22 4.27092e-17 5.83972e-13 1.83572e-09 1.32668e-06 0.000220426 0.00842014 0.0739461 0.149306 0.0703371 0.0349426 0.168418 0.237376 0.0946161 0.0699709 0.0545648 0.018531 0.00836942 0.00459574 0.00317785 0.00230863 0.000898139
 2.1368e-27 2.15258e-27 4.50155e-27 8.03087e-22 4.77626e-17 6.53069e-13 2.05293e-09 1.48366e-06 0.000246508 0.00941642 0.0826955 0.166972 0.0785689 0.0366691 0.173634 0.244422 0.0931361 0.0566436 0.0420778 0.0112715 0.00298348 0.000782266 0.000279421 0.000147738 5.19361e-05
 2.13688e-27 2.15276e-27 4.51468e-27 8.0751e-22 4.80257e-17 6.56665e-13 2.06424e-09 1.49183e-06 0.000247865 0.00946828 0.083151 0.167891 0.0790137 0.0371918 0.176549 0.24845 0.0935033 0.053389 0.039015 0.00963906 0.00205422 0.000369823 5.18402e-05 1.10543e-05 2.86299e-06
 2.13702e-27 2.15309e-27 4.54983e-27 8.19437e-22 4.8735e-17 6.66365e-13 2.09473e-09 1.51386e-06 0.000251526 0.00960814 0.0843791 0.170371 0.0801544 0.0370396 0.174872 0.246096 0.0928004 0.0535303 0.0391197 0.00950851 0.00192263 0.000311878 3.02639e-05 2.32611e-06 2.16648e-07
 2.13572e-27 2.14989e-27 4.20863e-27 7.03685e-22 4.18508e-17 5.72234e-13 1.79883e-09 1.30002e-06 0.000215996 0.0082509 0.0724598 0.146306 0.0690782 0.0383518 0.190136 0.26759 0.100103 0.055345 0.0401758 0.00971587 0.00193528 0.000306536 2.74125e-05 1.55737e-06 5.2968e-08
 2.13463e-27 2.14729e-27 3.94479e-27 6.14236e-22 3.65309e-17 4.99495e-13 1.57017e-09 1.13477e-06 0.00018854 0.00720209 0.0632491 0.12771 0.0604766 0.0382372 0.195042 0.274697 0.105246 0.0656585 0.0483774 0.0114211 0.00213268 0.000329728 2.87815e-05 1.54565e-06 4.16347e-08
 2.13815e-27 2.15593e-27 4.85761e-27 9.23874e-22 5.49463e-17 7.51292e-13 2.3617e-09 1.70681e-06 0.000283583 0.0108327 0.0951332 0.192082 0.0901308 0.0354084 0.15837 0.222943 0.0860925 0.0556926 0.0412219 0.00971663 0.00179773 0.000269399 2.19597e-05 1.12349e-06 2.8902e-08
 2.14123e-27 2.16332e-27 5.61391e-27 1.1803e-21 7.01971e-17 9.5982e-13 3.01721e-09 2.18054e-06 0.000362294 0.0138394 0.121538 0.245393 0.11477 0.0352204 0.141154 0.198232 0.0712849 0.0307651 0.0213343 0.00502342 0.000930082 0.000138775 1.10883e-05 5.42606e-07 1.31462e-08
 2.13583e-27 2.14995e-27 4.18892e-27 6.96866e-22 4.14452e-17 5.6669e-13 1.7814e-09 1.28742e-06 0.000213903 0.00817095 0.0717577 0.14489 0.0685153 0.0408066 0.205548 0.288891 0.101842 0.0375423 0.0250519 0.00567575 0.000943344 0.000138234 1.13794e-05 5.62873e-07 1.33474e-08
 2.13578e-27 2.15011e-27 4.24355e-27 7.15585e-22 4.25585e-17 5.81912e-13 1.82925e-09 1.322e-06 0.000219649 0.00839043 0.0736852 0.14878 0.0701786 0.0372011 0.182366 0.256851 0.0992513 0.0643578 0.0472333 0.0100201 0.00128708 0.000164087 1.21526e-05 5.75219e-07 1.37933e-08
 2.13923e-27 2.15852e-27 5.12611e-27 1.01493e-21 6.03615e-17 8.25336e-13 2.59445e-09 1.87502e-06 0.000311532 0.0119003 0.104509 0.211012 0.0988702 0.0350884 0.150712 0.212033 0.080665 0.0486477 0.0357459 0.00860358 0.00165782 0.000228336 1.39526e-05 5.41222e-07 1.16898e-08
 2.13692e-27 2.15272e-27 4.49348e-27 8.00237e-22 4.75931e-17 6.50751e-13 2.04564e-09 1.47839e-06 0.000245633 0.009383 0.082402 0.16638 0.0783757 0.0388129 0.1869 0.262761 0.094732 0.041655 0.0291628 0.00731975 0.00159187 0.000254739 2.12119e-05 9.43476e-07 1.78195e-08
 2.13552e-27 2.14937e-27 4.15189e-27 6.84428e-22 4.07055e-17 5.56575e-13 1.7496e-09 1.26444e-06 0.000210085 0.0080251 0.0704769 0.142303 0.0672405 0.0387014 0.193477 0.272286 0.101606 0.0553861 0.0398251 0.00884921 0.00138231 0.000209157 1.94227e-05 1.04312e-06 2.47723e-08
 2.1353e-27 2.14884e-27 4.0952e-27 6.65192e-22 3.95614e-17 5.40932e-13 1.70043e-09 1.2289e-06 0.000204181 0.00779956 0.0684961 0.138304 0.0654013 0.0389585 0.196252 0.276188 0.102857 0.0554478 0.0397856 0.00879282 0.00132352 0.000175574 1.23724e-05 5.98559e-07 1.57283e-08
 2.13677e-27 2.15243e-27 4.47133e-27 7.92768e-22 4.71489e-17 6.44677e-13 2.02655e-09 1.46459e-06 0.00024334 0.00929542 0.0816329 0.164827 0.0776275 0.0380096 0.182465 0.256691 0.0950979 0.0497565 0.0354712 0.00767221 0.00106538 0.000135523 8.92066e-06 3.61868e-07 7.7126e-09
 2.13776e-27 2.15477e-27 4.70895e-27 8.73321e-22 5.19397e-17 7.10183e-13 2.23247e-09 1.61341e-06 0.000268066 0.0102399 0.0899277 0.181573 0.085377 0.038199 0.178574 0.25102 0.0905518 0.0399481 0.0275897 0.0058693 0.000762253 9.2394e-05 5.67869e-06 2.132e-07 4.09722e-09
 2.13602e-27 2.1505e-27 4.25619e-27 7.1973e-22 4.2805e-17 5.85283e-13 1.83984e-09 1.32966e-06 0.000220921 0.00843903 0.0741121 0.149643 0.070673 0.0397493 0.197661 0.277931 0.100133 0.0437815 0.0302019 0.00647348 0.000866686 0.000105714 6.3261e-06 2.26411e-07 4.07555e-09
 2.13697e-27 2.15289e-27 4.51621e-27 8.07971e-22 4.80531e-17 6.5704e-13 2.06541e-09 1.49268e-06 0.000248007 0.00947369 0.0831984 0.167987 0.0790978 0.0382477 0.182965 0.25733 0.0944139 0.0465929 0.032782 0.00678974 0.000778323 8.81704e-05 5.23666e-06 1.85354e-07 3.23657e-09
 2.13695e-27 2.1528e-27 4.49992e-27 8.02414e-22 4.77226e-17 6.52521e-13 2.05121e-09 1.48241e-06 0.000246301 0.00940853 0.0826262 0.166832 0.078587 0.0388696 0.18711 0.263064 0.0949556 0.0420758 0.0290933 0.00621229 0.000815863 9.60706e-05 5.20491e-06 1.67045e-07 2.83539e-09
 2.13797e-27 2.1553e-27 4.76484e-27 8.92284e-22 5.30675e-17 7.25603e-13 2.28094e-09 1.64844e-06 0.000273887 0.0104623 0.0918803 0.185516 0.0871908 0.0379653 0.175958 0.247342 0.0893738 0.0398893 0.0275791 0.00577909 0.000701477 8.1689e-05 4.80711e-06 1.63088e-07 2.61223e-09
 2.13791e-27 2.15509e-27 4.73586e-27 8.82416e-22 5.24806e-17 7.17579e-13 2.25572e-09 1.63021e-06 0.000270858 0.0103466 0.0908642 0.183465 0.0862704 0.038709 0.181117 0.254496 0.0902913 0.035106 0.0235544 0.00488007 0.000562231 6.26659e-05 3.47906e-06 1.14855e-07 1.93188e-09
 2.13666e-27 2.15205e-27 4.41808e-27 7.74639e-22 4.60707e-17 6.29934e-13 1.98021e-09 1.4311e-06 0.000237775 0.00908286 0.0797661 0.161058 0.0759373 0.0393961 0.192064 0.270006 0.0968519 0.0410106 0.0280327 0.00580872 0.000667734 7.39311e-05 4.00672e-06 1.26671e-07 2.0354e-09
 2.13777e-27 2.15482e-27 4.71751e-27 8.76242e-22 5.21134e-17 7.12558e-13 2.23994e-09 1.61881e-06 0.000268963 0.0102742 0.0902285 0.182181 0.0856442 0.0378388 0.176192 0.247727 0.0902728 0.0426542 0.0297779 0.00615871 0.000699396 7.67057e-05 4.10334e-06 1.27029e-07 1.98414e-09
 2.13714e-27 2.15325e-27 4.5463e-27 8.1814e-22 4.86579e-17 6.6531e-13 2.09141e-09 1.51147e-06 0.000251128 0.00959292 0.0842456 0.170102 0.0800987 0.0388741 0.186152 0.261682 0.0940309 0.0403406 0.0277342 0.00597618 0.000814843 9.75702e-05 5.28096e-06 1.63714e-07 2.53215e-09
 2.13618e-27 2.1509e-27 4.29912e-27 7.34301e-22 4.36716e-17 5.97132e-13 1.87709e-09 1.35658e-06 0.000225394 0.00860988 0.0756125 0.152672 0.0720638 0.0394907 0.19517 0.274442 0.099218 0.0444452 0.0307466 0.00643182 0.000775353 9.07417e-05 5.49036e-06 1.90957e-07 3.05068e-09
 2.13682e-27 2.1525e-27 4.47429e-27 7.93747e-22 4.72071e-17 6.45473e-13 2.02905e-09 1.4664e-06 0.000243641 0.00930691 0.0817338 0.16503 0.077739 0.038469 0.185208 0.260476 0.0953186 0.0462762 0.032491 0.00679469 0.000813919 9.25604e-05 5.15826e-06 1.72285e-07 2.96688e-09
 2.13838e-27 2.1563e-27 4.87026e-27 9.28036e-22 5.51938e-17 7.54677e-13 2.37234e-09 1.7145e-06 0.000284861 0.0108815 0.0955618 0.192948 0.0906193 0.0377557 0.172439 0.242352 0.087202 0.0377737 0.0259691 0.0054591 0.000671083 7.71221e-05 4.2454e-06 1.36073e-07 2.20103e-09
#obs catch len freq
 4.06613e-40 1.99009e-33 2.23928e-27 5.7928e-22 3.4452e-17 4.71069e-13 1.48081e-09 1.07018e-06 0.000177812 0.00679221 0.0596492 0.120442 0.0570241 0.0357786 0.18222 0.256928 0.10285 0.0774195 0.0617829 0.0241232 0.0106345 0.00330966 0.000754101 0.000105679 7.56653e-06
 4.21462e-40 2.06276e-33 2.32105e-27 6.00435e-22 3.57101e-17 4.88271e-13 1.53488e-09 1.10926e-06 0.000184306 0.00704025 0.0618275 0.12484 0.0590729 0.0361917 0.183416 0.258527 0.102253 0.0734568 0.0580802 0.0220432 0.00944769 0.00288292 0.000641545 8.75057e-05 6.08125e-06
 5.74762e-40 2.81306e-33 3.1653e-27 8.18834e-22 4.86991e-17 6.65872e-13 2.09318e-09 1.51274e-06 0.000251344 0.00960103 0.0843162 0.170244 0.080027 0.0352047 0.163707 0.230567 0.0899906 0.0611848 0.0477872 0.0173889 0.00711685 0.00209672 0.000451457 5.99402e-05 4.05295e-06
 5.17271e-40 2.53168e-33 2.84869e-27 7.36929e-22 4.38279e-17 5.99267e-13 1.8838e-09 1.36143e-06 0.000226203 0.00864067 0.0758824 0.153217 0.072274 0.0383713 0.188169 0.264672 0.0969591 0.047548 0.0352385 0.0123307 0.00480744 0.00134862 0.000275677 3.51759e-05 2.30557e-06
 6.0062e-40 2.93962e-33 3.30771e-27 8.55673e-22 5.08901e-17 6.9583e-13 2.18735e-09 1.5808e-06 0.000262652 0.010033 0.0881096 0.177903 0.0836187 0.0365567 0.169652 0.238718 0.0898601 0.0514197 0.0382007 0.0111306 0.00344176 0.00089697 0.000172282 2.07486e-05 1.29814e-06
 5.45349e-40 2.66911e-33 3.00332e-27 7.76931e-22 4.6207e-17 6.31797e-13 1.98606e-09 1.43533e-06 0.000238482 0.00910971 0.0800015 0.161534 0.0761261 0.0385636 0.186837 0.262722 0.095337 0.0439159 0.031728 0.00987282 0.00319238 0.000699064 0.000108723 1.18733e-05 6.96941e-07
 4.05983e-40 1.987e-33 2.23581e-27 5.78382e-22 3.43986e-17 4.70338e-13 1.47851e-09 1.06852e-06 0.000177537 0.00678168 0.0595567 0.120256 0.0570861 0.0397179 0.206325 0.290363 0.107468 0.0559896 0.0408268 0.0114066 0.00320786 0.000718399 0.000107337 9.70972e-06 4.8682e-07
 3.95097e-40 1.93372e-33 2.17586e-27 5.62874e-22 3.34762e-17 4.57727e-13 1.43887e-09 1.03987e-06 0.000172776 0.00659983 0.0579597 0.117032 0.0555149 0.0375751 0.194216 0.273687 0.10689 0.0727524 0.0553761 0.0162739 0.00481864 0.000986037 0.000132821 1.1561e-05 5.15338e-07
 9.80409e-40 4.79842e-33 5.39926e-27 1.39674e-21 8.30692e-17 1.13582e-12 3.57047e-09 2.58038e-06 0.000428734 0.0163771 0.143824 0.290387 0.135424 0.0312694 0.103473 0.145376 0.0560683 0.0361534 0.0277759 0.00932874 0.00329088 0.000716863 9.71064e-05 7.75696e-06 3.18685e-07
 6.90294e-40 3.37851e-33 3.80155e-27 9.83426e-22 5.8488e-17 7.99718e-13 2.51392e-09 1.81682e-06 0.000301867 0.0115309 0.101265 0.204463 0.0960033 0.039363 0.178778 0.250861 0.0843318 0.0180195 0.010251 0.00331871 0.00117135 0.000289733 4.57929e-05 3.86097e-06 1.53611e-07
 3.02988e-40 1.48292e-33 1.6686e-27 4.31651e-22 2.56719e-17 3.51017e-13 1.10342e-09 7.97448e-07 0.000132497 0.00506122 0.0444476 0.0897527 0.043121 0.043379 0.237869 0.334484 0.118435 0.0453102 0.0303587 0.00649823 0.000933153 0.000184112 3.02263e-05 2.90224e-06 1.2794e-07
 8.56243e-40 4.19072e-33 4.71546e-27 1.21985e-21 7.25488e-17 9.91973e-13 3.11828e-09 2.25359e-06 0.000374436 0.014303 0.125609 0.253611 0.118422 0.0312707 0.114566 0.161384 0.0668686 0.05654 0.0433647 0.0109457 0.00236129 0.000347707 2.73328e-05 2.01576e-06 9.39902e-08
 7.91894e-40 3.87577e-33 4.36108e-27 1.12817e-21 6.70965e-17 9.17424e-13 2.88393e-09 2.08422e-06 0.000346296 0.0132281 0.116169 0.234555 0.109844 0.0374688 0.158145 0.221844 0.0749675 0.0173463 0.010452 0.0038724 0.00146004 0.000272306 2.60503e-05 1.35248e-06 3.73187e-08
 4.83839e-40 2.36806e-33 2.66458e-27 6.89301e-22 4.09953e-17 5.60537e-13 1.76205e-09 1.27344e-06 0.000211584 0.00808222 0.0709781 0.143317 0.0678218 0.041705 0.211505 0.297141 0.102742 0.0314585 0.0198678 0.00431388 0.000679195 0.000151277 2.34756e-05 1.59819e-06 4.41233e-08
 5.19737e-40 2.54375e-33 2.86227e-27 7.40442e-22 4.40369e-17 6.02125e-13 1.89278e-09 1.36792e-06 0.000227282 0.00868187 0.0762442 0.153948 0.0726051 0.0381954 0.186877 0.262963 0.0980157 0.0531093 0.0383189 0.0089539 0.00160726 0.000230687 1.98992e-05 1.53973e-06 6.00629e-08
 3.72907e-40 1.82512e-33 2.05366e-27 5.31261e-22 3.15961e-17 4.3202e-13 1.35806e-09 9.81471e-07 0.000163073 0.00622917 0.0547046 0.110461 0.0526018 0.040905 0.216524 0.304611 0.110747 0.0516412 0.0371028 0.0107494 0.00301306 0.000501455 4.17632e-05 2.10588e-06 6.15205e-08
 7.20711e-40 3.52738e-33 3.96907e-27 1.02676e-21 6.10653e-17 8.34957e-13 2.6247e-09 1.89687e-06 0.000315168 0.012039 0.105727 0.213471 0.0999739 0.034201 0.144552 0.203463 0.0791381 0.052896 0.0398466 0.0108528 0.00286854 0.000580572 6.95585e-05 4.08907e-06 1.02311e-07
 4.75515e-40 2.32732e-33 2.61874e-27 6.77442e-22 4.029e-17 5.50893e-13 1.73174e-09 1.25153e-06 0.000207944 0.00794318 0.069757 0.140851 0.0666789 0.0416226 0.211744 0.297475 0.10276 0.0312159 0.0204639 0.00659092 0.00219051 0.000439443 5.37768e-05 3.93175e-06 1.27489e-07
 5.43759e-40 2.66132e-33 2.99456e-27 7.74665e-22 4.60722e-17 6.29955e-13 1.98027e-09 1.43114e-06 0.000237787 0.00908314 0.0797682 0.161062 0.0758755 0.0376922 0.181661 0.255635 0.0957626 0.0533329 0.0386403 0.00905642 0.00176097 0.00037207 5.40651e-05 4.14236e-06 1.48387e-07
 6.0234e-40 2.94804e-33 3.31718e-27 8.58123e-22 5.10358e-17 6.97822e-13 2.19361e-09 1.58533e-06 0.000263404 0.0100617 0.0883619 0.178413 0.0839119 0.0380894 0.178855 0.251423 0.0907032 0.0401077 0.0285689 0.00838723 0.00239917 0.000408729 4.055e-05 3.12491e-06 1.24661e-07
 4.72092e-40 2.31056e-33 2.59988e-27 6.72566e-22 4e-17 5.46927e-13 1.71927e-09 1.24252e-06 0.000206447 0.007886 0.0692548 0.139837 0.0661656 0.0404391 0.204826 0.287963 0.102712 0.0417231 0.0288902 0.00768505 0.0019594 0.000399071 4.90809e-05 3.13394e-06 1.01721e-07
 7.20427e-40 3.52599e-33 3.9675e-27 1.02636e-21 6.10412e-17 8.34629e-13 2.62366e-09 1.89613e-06 0.000315044 0.0120343 0.105685 0.213387 0.0999897 0.0356514 0.153431 0.215733 0.0801287 0.0425869 0.0308951 0.00793067 0.00184521 0.000341273 4.06142e-05 2.99906e-06 1.0229e-07
 4.96589e-40 2.43046e-33 2.73479e-27 7.07464e-22 4.20756e-17 5.75307e-13 1.80848e-09 1.30699e-06 0.000217159 0.00829519 0.0728484 0.147093 0.0695511 0.0412674 0.207695 0.29179 0.101086 0.0316303 0.0206381 0.00589569 0.00165256 0.00030369 3.28145e-05 2.24618e-06 7.89258e-08
 5.97329e-40 2.92351e-33 3.28958e-27 8.50984e-22 5.06112e-17 6.92017e-13 2.17536e-09 1.57214e-06 0.000261213 0.009978 0.0876268 0.176929 0.0832016 0.0374469 0.175381 0.246686 0.0912657 0.0473912 0.0339775 0.00799487 0.00153377 0.000287727 3.55083e-05 2.41203e-06 7.84536e-08
 6.26741e-40 3.06746e-33 3.45156e-27 8.92885e-22 5.31032e-17 7.2609e-13 2.28247e-09 1.64955e-06 0.000274075 0.0104693 0.0919414 0.18564 0.0872592 0.0382551 0.177689 0.249692 0.0889225 0.0356986 0.0248298 0.00704945 0.00192169 0.000324077 3.05425e-05 2.04762e-06 7.08395e-08
 4.77981e-40 2.33939e-33 2.63232e-27 6.80955e-22 4.0499e-17 5.5375e-13 1.74072e-09 1.25802e-06 0.000209022 0.00798437 0.0701188 0.141581 0.0669767 0.0405619 0.20505 0.288247 0.102389 0.0402415 0.0275594 0.00705739 0.00165958 0.000322753 3.80682e-05 2.34655e-06 6.9643e-08
 5.24887e-40 2.56896e-33 2.89063e-27 7.47779e-22 4.44732e-17 6.08091e-13 1.91154e-09 1.38147e-06 0.000229534 0.0087679 0.0769997 0.155473 0.0733099 0.0381869 0.186365 0.262214 0.097358 0.0516335 0.0374055 0.00949195 0.00214069 0.000378445 4.17312e-05 2.91382e-06 9.53089e-08
 5.69373e-40 2.78669e-33 3.13562e-27 8.11156e-22 4.82425e-17 6.59629e-13 2.07355e-09 1.49856e-06 0.000248988 0.00951101 0.0835257 0.168649 0.079408 0.0383627 0.183466 0.257962 0.0935505 0.0428861 0.0306756 0.00879311 0.00246352 0.000446898 4.65068e-05 2.99663e-06 9.83799e-08
#spawning biomass
 9283.52 5154.66 5397.28 6660.51 8526.08 10369.4 10556 9408.08 13468.8 24864.1 26377.6 28898.8 46148.7 54534.2 45614.6 36264.8 34124.1 39002.7 33933.2 33502.4 34296.5 37332.4 42676.7 41742.6 47862.7 48349.5 43427.3 42152.5 48146.6 27934.3 3577.69 2404.71 2404.19 2404.19 2404.19 2404.19 2404.19 2404.19 2404.19 2404.19 2404.19 2404.19 2404.19 2404.19 2404.19 2404.19 2404.19 2404.19 2404.19 2404.19 2404.19 2404.19 2404.19 2404.19 2404.19 2404.19 2404.19 2404.19 2404.19 2404.19 2404.19 2404.19 2404.19 2404.19 2404.19 2404.19 2404.19 2404.19 2404.19 2404.19 2404.19 2404.19 2404.19 2404.19 2404.19 2404.19 2404.19 2404.19 2404.19 2404.19 2404.19 2404.19 2404.19 2404.19 2404.19 2404.19 2404.19 2404.19 2404.19 2404.19 2404.19 2404.19 2404.19 2404.19 2404.19 2404.19 2404.19 2404.19 2404.19 2404.19 2404.19 2404.19 2404.19 2404.19 2404.19 2404.19 2404.19 2404.19 2404.19 2404.19 2404.19 2404.19 2404.19 2404.19 2404.19 2404.19 2404.19 2404.19 2404.19 2404.19 2404.19 2404.19 2404.19 2404.19 2404.19 2404.19 2404.19 2404.19 0 0 0 0 0 0 0 0 0 0 0 0 0 0 0 0 0 0 0 0 0 0 0 0 0
