SBPRF35
0.819782
Curr Bio
89434.7
B35
663362
F35
0.210048
FOFL
0.0668025
OFL
12350.3
Bzero
234224
#pred survey bio
 6920.93 6778.78 8402.21 11380.7 15468.8 16881 16952.4 23287 36229.6 53774.9 62984.7 81152.4 106013 131912 129752 116943 103195 106284 101507 98490.1 98559.8 111148 121338 122313 124538 131469 120532 106906 95832.3 8.22989e+06 6.73077e+06 7.13752e+06 6.71852e+06 5.95251e+06 5.1189e+06 4.35978e+06 3.72988e+06 3.23572e+06 2.86177e+06 2.58538e+06 2.38413e+06 2.23887e+06 2.13404e+06 2.0576e+06 2.00195e+06 1.96248e+06 1.93421e+06 1.91374e+06 1.89875e+06 1.88764e+06 1.87933e+06 1.87303e+06 1.86822e+06 1.8645e+06 1.86161e+06 1.85934e+06 1.85754e+06 1.85612e+06 1.85498e+06 1.85407e+06 1.85333e+06 1.85274e+06 1.85226e+06 1.85187e+06 1.85156e+06 1.8513e+06 1.85109e+06 1.85092e+06 1.85078e+06 1.85066e+06 1.85057e+06 1.85049e+06 1.85043e+06 1.85038e+06 1.85034e+06 1.85031e+06 1.85028e+06 1.85026e+06 1.85024e+06 1.85022e+06 1.85021e+06 1.8502e+06 1.85019e+06 1.85018e+06 1.85018e+06 1.85017e+06 1.85017e+06 1.85017e+06 1.85016e+06 1.85016e+06 1.85016e+06 1.85016e+06 1.85016e+06 1.85016e+06 1.85016e+06 1.85016e+06 1.85015e+06 1.85015e+06 1.85015e+06 1.85015e+06 1.85015e+06 1.85015e+06 1.85015e+06 1.85015e+06 1.85015e+06 1.85015e+06 1.85015e+06 1.85015e+06 1.85015e+06 1.85015e+06 1.85015e+06 1.85015e+06 1.85015e+06 1.85015e+06 1.85015e+06 1.85015e+06 1.85015e+06 1.85015e+06 1.85015e+06 1.85015e+06 1.85015e+06 1.85015e+06 1.85015e+06 1.85015e+06 1.85015e+06 1.85015e+06 1.85015e+06 1.85015e+06 1.85015e+06 0 0 0 0 0 0 0 0 0 0 0 0 0 0 0 0 0 0 0 0 0 0 0 0 0
#obs survey bio
 6210.45 4033.41 9073.12 15721.3 16254.2 12436.5 25358 24792.7 55019.1 54077.2 67585.3 105567 138296 116899 130314 87222.8 97946.3 81477.8 133081 78407.4 109999 110269 131538 114833 154509 122753 102769 102158 104511
#pred catch bio
 4705.01 4727.91 5937.43 7911.21 11210.8 12767.7 11992.7 15988.6 24013.8 40290.3 46262.8 59789.8 78718.2 103738 104198 97461.2 82277.5 87451.4 84182.3 82830.8 79660.4 90714.2 103016 105074 104122 114012 104125 93719.9 1.31548 12350.3 54418 57641.3 53614.9 46860.5 39679.2 33235.5 27964.3 23895.3 20875.1 18694.6 17151.6 16075.8 15331.9 14818.5 14467.8 14235.1 14080.7 13978.2 13910.2 13865.1 13835.2 13815.3 13802.1 13793.3 13787.5 13783.7 13781.1 13779.4 13778.3 13777.6 13777.1 13776.7 13776.5 13776.4 13776.3 13776.2 13776.2 13776.1 13776.1 13776.1 13776.1 13776.1 13776.1 13776.1 13776.1 13776.1 13776.1 13776.1 13776.1 13776.1 13776.1 13776.1 13776.1 13776.1 13776.1 13776.1 13776.1 13776.1 13776.1 13776.1 13776.1 13776.1 13776.1 13776.1 13776.1 13776.1 13776.1 13776.1 13776.1 13776.1 13776.1 13776.1 13776.1 13776.1 13776.1 13776.1 13776.1 13776.1 13776.1 13776.1 13776.1 13776.1 13776.1 13776.1 13776.1 13776.1 13776.1 13776.1 13776.1 13776.1 13776.1 13776.1 13776.1 13776.1 13776.1 13776.1 13776.1 13776.1 13776.1 0 0 0 0 0 0 0 0 0 0 0 0 0 0 0 0 0 0 0 0 0 0 0 0 0
#obs catch bio
 4762.96 4733.29 5808.08 7668.08 11018.2 12962.6 11646.7 15331.9 22835.3 38838 44295.8 57064.6 75106.6 102648 103824 99941.4 80923.1 86578.7 82077.1 82643.4 77641.9 88365.4 99644.5 102620 100505 110196 102053 97534.7 1.20391
#pred cpue bio
 5939 5492.88 6567.14 8795.12 12103.7 13716.4 13485.7 17790 27592.7 42157.2 49140.8 62485.3 81659.9 102551 103682 92987.2 80320.1 82964.4 78960.9 75970.5 74928.2 84874.8 92646 92622.8 93596.2 100321 91983.8 82585.1 72368.5 7.34327e+06 6.63992e+06 7.10114e+06 6.6718e+06 5.9028e+06 5.06868e+06 4.3095e+06 3.67959e+06 3.18543e+06 2.81148e+06 2.53508e+06 2.33384e+06 2.18857e+06 2.08374e+06 2.00731e+06 1.95165e+06 1.91219e+06 1.88392e+06 1.86345e+06 1.84845e+06 1.83735e+06 1.82903e+06 1.82274e+06 1.81792e+06 1.81421e+06 1.81131e+06 1.80904e+06 1.80725e+06 1.80582e+06 1.80469e+06 1.80377e+06 1.80304e+06 1.80245e+06 1.80196e+06 1.80158e+06 1.80126e+06 1.801e+06 1.80079e+06 1.80062e+06 1.80048e+06 1.80037e+06 1.80027e+06 1.8002e+06 1.80014e+06 1.80009e+06 1.80004e+06 1.80001e+06 1.79998e+06 1.79996e+06 1.79994e+06 1.79993e+06 1.79991e+06 1.7999e+06 1.79989e+06 1.79989e+06 1.79988e+06 1.79988e+06 1.79987e+06 1.79987e+06 1.79987e+06 1.79987e+06 1.79986e+06 1.79986e+06 1.79986e+06 1.79986e+06 1.79986e+06 1.79986e+06 1.79986e+06 1.79986e+06 1.79986e+06 1.79986e+06 1.79986e+06 1.79986e+06 1.79986e+06 1.79986e+06 1.79986e+06 1.79986e+06 1.79986e+06 1.79986e+06 1.79986e+06 1.79986e+06 1.79986e+06 1.79986e+06 1.79986e+06 1.79986e+06 1.79986e+06 1.79986e+06 1.79986e+06 1.79986e+06 1.79986e+06 1.79986e+06 1.79986e+06 1.79986e+06 1.79986e+06 1.79986e+06 1.79986e+06 1.79986e+06 1.79986e+06 1.79986e+06 1.79986e+06 0 0 0 0 0 0 0 0 0 0 0 0 0 0 0 0 0 0 0 0 0 0 0 0 0
#obs cpue bio
 5857.1 9354.61 10112.5 10936.7 12907.5 11767.1 22706.4 31967.6 44217.1 59716.8 103104 95575.8 131050 101089 107016 81092 125950 122610 96928.6 90156.5 110576 128972 150803 136995 137430 180053 141612 93744.9 133672
#pred surv len freq
 2.567e-27 2.59868e-27 4.22606e-26 8.37529e-20 2.0531e-14 6.08371e-10 2.17908e-06 0.00094346 0.0493773 0.312374 0.239112 0.0370317 0.11388 0.105234 0.0274781 0.0365626 0.0170244 0.0149052 0.0100608 0.00827147 0.00692386 0.00631171 0.00662164 0.00602862 0.00185702
 2.56836e-27 2.60205e-27 4.4792e-26 8.90912e-20 2.18396e-14 6.47148e-10 2.31797e-06 0.00100359 0.0525245 0.332284 0.254366 0.0402316 0.127517 0.117474 0.0237083 0.0246282 0.0094625 0.00581587 0.00318129 0.00218914 0.00158863 0.00128491 0.00122331 0.0011312 0.000383768
 2.5695e-27 2.60511e-27 4.74193e-26 9.46335e-20 2.31983e-14 6.87406e-10 2.46217e-06 0.00106603 0.055792 0.352955 0.270149 0.0401879 0.116095 0.106907 0.0214269 0.0220068 0.00745932 0.00311286 0.00124573 0.000606648 0.000340634 0.000228916 0.000188807 0.000168165 5.95283e-05
 2.5698e-27 2.60588e-27 4.80423e-26 9.59475e-20 2.35204e-14 6.9695e-10 2.49636e-06 0.00108083 0.0565666 0.357856 0.273896 0.0405063 0.115886 0.10662 0.0196836 0.0180917 0.00609651 0.00246923 0.000797497 0.000253489 9.04789e-05 4.32455e-05 2.82769e-05 2.27282e-05 8.06895e-06
 2.56927e-27 2.60441e-27 4.67405e-26 9.32011e-20 2.28471e-14 6.77002e-10 2.42491e-06 0.00104989 0.0549475 0.347613 0.266082 0.0409205 0.124529 0.1146 0.0211925 0.0195127 0.00635123 0.00222762 0.000702235 0.000200467 4.62334e-05 1.25118e-05 5.28588e-06 3.44653e-06 1.17801e-06
 2.56754e-27 2.59974e-27 4.26296e-26 8.4529e-20 2.07213e-14 6.14008e-10 2.19928e-06 0.000952202 0.0498348 0.315269 0.241401 0.041994 0.150038 0.138174 0.0259832 0.0245114 0.00797538 0.00277856 0.000823804 0.000208453 4.37467e-05 7.6569e-06 1.56523e-06 6.52575e-07 2.01349e-07
 2.56865e-27 2.60283e-27 4.54228e-26 9.04218e-20 2.21658e-14 6.56813e-10 2.35259e-06 0.00101858 0.0533089 0.337247 0.258162 0.0406434 0.127985 0.117941 0.0245244 0.0262847 0.00861616 0.00307919 0.000913371 0.000225038 4.22023e-05 6.37782e-06 7.50653e-07 1.3326e-07 3.15534e-08
 2.57031e-27 2.60728e-27 4.93148e-26 9.86321e-20 2.41785e-14 7.16451e-10 2.56621e-06 0.00111107 0.0581494 0.367869 0.281532 0.0398519 0.105542 0.0971352 0.0191088 0.0191785 0.0065787 0.00282008 0.000859328 0.000216134 3.99288e-05 5.49413e-06 5.15346e-07 3.97316e-08 4.78475e-09
 2.57032e-27 2.60726e-27 4.92369e-26 9.84675e-20 2.41381e-14 7.15255e-10 2.56192e-06 0.00110922 0.0580523 0.367255 0.281071 0.0403674 0.109788 0.100949 0.0178917 0.0154239 0.00515473 0.00203252 0.00066594 0.000194272 3.71283e-05 5.08358e-06 4.32909e-07 2.23715e-08 1.01056e-09
 2.56917e-27 2.60413e-27 4.64873e-26 9.26672e-20 2.27162e-14 6.73123e-10 2.41101e-06 0.00104388 0.0546327 0.345622 0.264563 0.0410563 0.126629 0.116529 0.0213769 0.0194411 0.00622878 0.00202783 0.000626566 0.000176017 3.83782e-05 5.71566e-06 4.86399e-07 2.19891e-08 5.24561e-10
 2.56938e-27 2.60472e-27 4.70131e-26 9.37763e-20 2.29881e-14 6.8118e-10 2.43987e-06 0.00105637 0.0552866 0.349758 0.267719 0.0408481 0.122828 0.113032 0.0209445 0.0193395 0.00626118 0.00213153 0.000612988 0.000145238 2.9683e-05 4.7709e-06 4.51982e-07 2.04212e-08 3.93309e-10
 2.56992e-27 2.60617e-27 4.82961e-26 9.64828e-20 2.36516e-14 7.00839e-10 2.51029e-06 0.00108686 0.0568823 0.359853 0.275421 0.040493 0.114714 0.105537 0.0194871 0.0179022 0.00582406 0.00203019 0.000595577 0.000142668 2.52471e-05 3.62468e-06 3.59497e-07 1.794e-08 3.41337e-10
 2.56986e-27 2.606e-27 4.81208e-26 9.61131e-20 2.3561e-14 6.98153e-10 2.50067e-06 0.00108269 0.0566643 0.358474 0.274372 0.0407432 0.117355 0.10793 0.0190976 0.0164084 0.00532318 0.00184149 0.000544613 0.00013374 2.41121e-05 3.14838e-06 2.73935e-07 1.40563e-08 2.90002e-10
 2.56949e-27 2.60498e-27 4.7213e-26 9.41979e-20 2.30915e-14 6.84242e-10 2.45084e-06 0.00106112 0.0555352 0.351331 0.268922 0.0410092 0.123208 0.113336 0.0201518 0.0174468 0.00556136 0.00176624 0.000515906 0.000126261 2.31995e-05 3.08619e-06 2.49121e-07 1.13476e-08 2.37844e-10
 2.56826e-27 2.60164e-27 4.42548e-26 8.79573e-20 2.15617e-14 6.38911e-10 2.28847e-06 0.00099082 0.051856 0.328055 0.251164 0.0419758 0.143041 0.131618 0.0230332 0.0194177 0.0061844 0.0019566 0.000553338 0.000126013 2.28601e-05 3.07595e-06 2.51871e-07 1.0704e-08 2.03094e-10
 2.56856e-27 2.60249e-27 4.50443e-26 8.96231e-20 2.197e-14 6.51011e-10 2.33181e-06 0.00100959 0.0528381 0.334268 0.255899 0.0413575 0.135009 0.124297 0.023382 0.0220566 0.00698823 0.00213253 0.000599853 0.00013472 2.29814e-05 2.96956e-06 2.44505e-07 1.04492e-08 1.85672e-10
 2.56943e-27 2.60482e-27 4.70744e-26 9.39054e-20 2.30198e-14 6.82117e-10 2.44323e-06 0.00105783 0.0553628 0.35024 0.26809 0.0410958 0.124452 0.114469 0.0200848 0.017015 0.00552749 0.00192095 0.000541279 0.000117872 1.9848e-05 2.44614e-06 1.9114e-07 8.14607e-09 1.44238e-10
 2.56929e-27 2.60444e-27 4.67216e-26 9.31612e-20 2.28373e-14 6.76711e-10 2.42387e-06 0.00104944 0.054924 0.347464 0.265974 0.0412723 0.127281 0.11707 0.0203546 0.0169665 0.00537098 0.0016512 0.00048138 0.000116249 1.93587e-05 2.32815e-06 1.74258e-07 7.05345e-09 1.23605e-10
 2.56942e-27 2.60477e-27 4.70062e-26 9.37616e-20 2.29845e-14 6.81073e-10 2.43949e-06 0.00105621 0.055278 0.349704 0.267684 0.0412744 0.126096 0.115958 0.0198258 0.0160376 0.00504839 0.00150617 0.000418111 9.2656e-05 1.66284e-05 2.08122e-06 1.51743e-07 5.87837e-09 9.82381e-11
 2.56975e-27 2.60566e-27 4.7784e-26 9.54024e-20 2.33867e-14 6.92991e-10 2.48218e-06 0.00107469 0.0562453 0.355823 0.272354 0.041105 0.121526 0.111727 0.0188454 0.0148635 0.00464451 0.00133251 0.000364505 7.76129e-05 1.28543e-05 1.62329e-06 1.25255e-07 4.77016e-09 7.62883e-11
 2.57029e-27 2.6071e-27 4.90471e-26 9.80669e-20 2.40399e-14 7.12346e-10 2.5515e-06 0.0011047 0.0578162 0.365761 0.279938 0.0408553 0.114298 0.105029 0.017145 0.0126687 0.00393046 0.00108831 0.000292559 6.00682e-05 9.62399e-06 1.13414e-06 8.57517e-08 3.41832e-09 5.42011e-11
 2.57012e-27 2.60664e-27 4.86331e-26 9.71935e-20 2.38258e-14 7.06001e-10 2.52878e-06 0.00109486 0.0573013 0.362503 0.277453 0.0409824 0.117011 0.107534 0.0176125 0.0131017 0.00402247 0.00104279 0.000274774 5.45549e-05 8.46234e-06 9.5716e-07 6.78917e-08 2.63398e-09 4.30533e-11
 2.57012e-27 2.60666e-27 4.86529e-26 9.72353e-20 2.38361e-14 7.06305e-10 2.52987e-06 0.00109534 0.0573259 0.362659 0.277571 0.0409619 0.116771 0.107316 0.017636 0.0132103 0.00405986 0.00105734 0.000273361 5.11385e-05 7.66889e-06 8.35089e-07 5.65239e-08 2.06309e-09 3.28025e-11
 2.57041e-27 2.60742e-27 4.93102e-26 9.8622e-20 2.4176e-14 7.16378e-10 2.56594e-06 0.00111096 0.0581434 0.367831 0.28152 0.0408961 0.113497 0.104263 0.0165393 0.0114766 0.0035198 0.000913118 0.000236234 4.40708e-05 6.33055e-06 6.54461e-07 4.24183e-08 1.47137e-09 2.20774e-11
 2.57067e-27 2.60811e-27 4.991e-26 9.98872e-20 2.44861e-14 7.25568e-10 2.59886e-06 0.00112521 0.0588893 0.37255 0.285121 0.0408023 0.110252 0.101251 0.015677 0.010265 0.00310215 0.000734453 0.000187167 3.47971e-05 4.99153e-06 5.01477e-07 3.06818e-08 1.01225e-09 1.44016e-11
 2.5701e-27 2.60656e-27 4.85454e-26 9.70085e-20 2.37805e-14 7.04658e-10 2.52397e-06 0.00109278 0.0571922 0.361813 0.27693 0.0412194 0.119181 0.109491 0.0171283 0.0114991 0.00345068 0.000771983 0.000190062 3.26646e-05 4.61081e-06 4.61514e-07 2.75751e-08 8.60541e-10 1.15913e-11
 2.5701e-27 2.60656e-27 4.854e-26 9.6997e-20 2.37776e-14 7.04574e-10 2.52367e-06 0.00109265 0.0571854 0.361771 0.276897 0.0412163 0.119181 0.109491 0.0171437 0.0115346 0.00346904 0.000788354 0.000191785 3.11304e-05 4.1184e-06 3.91619e-07 2.31672e-08 7.06396e-10 9.032e-12
 2.56962e-27 2.60525e-27 4.73819e-26 9.4554e-20 2.31788e-14 6.86828e-10 2.4601e-06 0.00106513 0.0557451 0.352659 0.269945 0.0415814 0.126844 0.116558 0.0183191 0.0124362 0.00374277 0.00085391 0.000208712 3.41995e-05 4.3711e-06 3.87568e-07 2.14992e-08 6.41196e-10 8.00246e-12
 2.57051e-27 2.60769e-27 4.95534e-26 9.91349e-20 2.43017e-14 7.20103e-10 2.57929e-06 0.00111673 0.0584458 0.369744 0.282979 0.0408151 0.111855 0.102754 0.0163635 0.0114516 0.00345094 0.000791456 0.000193789 3.18913e-05 4.10708e-06 3.58352e-07 1.85901e-08 5.17487e-10 6.25326e-12
#obs surv len freq
 1.64429e-41 2.28216e-33 3.8288e-26 7.76473e-20 1.90343e-14 5.64021e-10 2.02023e-06 0.000874691 0.0457778 0.289604 0.22188 0.0442925 0.164212 0.139544 0.042959 0.0347452 0.0112903 0.00386109 0.000840339 0.000109834 6.25468e-06 1.11817e-07 4.66836e-10 3.66866e-13 4.70478e-17
 1.90201e-41 2.63986e-33 4.42892e-26 8.98175e-20 2.20177e-14 6.52425e-10 2.33688e-06 0.00101179 0.052953 0.334996 0.256553 0.0440592 0.132548 0.106636 0.0339399 0.0259114 0.00818845 0.00261823 0.000520153 5.96919e-05 2.83425e-06 3.99328e-08 1.25556e-10 7.20832e-14 6.63547e-18
 1.93445e-41 2.68489e-33 4.50445e-26 9.13494e-20 2.23932e-14 6.63553e-10 2.37674e-06 0.00102905 0.0538561 0.34071 0.260998 0.0470354 0.140255 0.105508 0.0266055 0.0169288 0.00520288 0.0015575 0.000282672 2.80476e-05 1.0957e-06 1.20948e-08 2.8639e-11 1.20489e-14 7.98677e-19
 1.96179e-41 2.72284e-33 4.56813e-26 9.26407e-20 2.27098e-14 6.72932e-10 2.41033e-06 0.00104359 0.0546174 0.345526 0.264741 0.0487873 0.139465 0.0988771 0.0264663 0.0156567 0.00372884 0.000922544 0.000152106 1.30073e-05 4.12849e-07 3.53382e-09 6.279e-12 1.93753e-15 9.27685e-20
 1.76029e-41 2.44317e-33 4.09893e-26 8.31255e-20 2.03772e-14 6.03815e-10 2.16277e-06 0.000936403 0.0490076 0.310038 0.237835 0.0549281 0.176372 0.117383 0.0313828 0.0171772 0.00400357 0.000825328 0.000102147 7.21148e-06 1.8484e-07 1.21692e-09 1.61165e-12 3.63778e-16 1.25865e-20
 1.44984e-41 2.01228e-33 3.37602e-26 6.8465e-20 1.67834e-14 4.97322e-10 1.78133e-06 0.000771253 0.0403643 0.255359 0.196355 0.062495 0.221038 0.14024 0.0493197 0.0269066 0.00591633 0.00111348 0.000114136 5.83528e-06 1.12847e-07 5.65417e-10 5.55729e-13 9.13853e-17 2.2792e-21
 2.09192e-41 2.90345e-33 4.87113e-26 9.87856e-20 2.42161e-14 7.17568e-10 2.57021e-06 0.00111281 0.0582402 0.368446 0.282387 0.0502581 0.112074 0.0688543 0.0339621 0.0187955 0.00488696 0.000897227 8.02614e-05 3.20043e-06 4.34155e-08 1.54439e-10 1.10407e-13 1.31724e-17 2.36312e-22
 1.98547e-41 2.7557e-33 4.62326e-26 9.37588e-20 2.29839e-14 6.81054e-10 2.43942e-06 0.00105619 0.0552766 0.349698 0.268421 0.0602479 0.152007 0.0818436 0.0191121 0.00880689 0.00289266 0.000581294 5.23558e-05 1.74564e-06 1.75792e-08 4.29952e-11 2.10561e-14 1.76245e-18 2.24789e-23
 2.02006e-41 2.80371e-33 4.70381e-26 9.53923e-20 2.33843e-14 6.9292e-10 2.48192e-06 0.00107459 0.0562397 0.355792 0.273195 0.0617289 0.144642 0.0742272 0.0226424 0.00864256 0.00149866 0.000284984 2.81163e-05 8.89906e-07 7.27449e-09 1.29381e-11 4.34912e-15 2.45993e-19 2.14275e-24
 1.7234e-41 2.39197e-33 4.01302e-26 8.13833e-20 1.99502e-14 5.9116e-10 2.11744e-06 0.000916777 0.0479805 0.303545 0.233945 0.0763663 0.199953 0.0957618 0.0288593 0.0104911 0.00192828 0.000232814 1.69377e-05 5.2046e-07 3.81359e-09 5.40699e-12 1.32979e-15 5.23843e-20 3.10607e-25
 2.01857e-41 2.80165e-33 4.70035e-26 9.53221e-20 2.33671e-14 6.92409e-10 2.4801e-06 0.0010738 0.0561982 0.355532 0.273377 0.0666677 0.139404 0.0663717 0.0292253 0.0101723 0.00176591 0.000198728 1.02088e-05 2.15019e-07 1.32807e-09 1.59718e-12 3.11474e-16 9.15468e-21 3.88154e-26
 1.84698e-41 2.56349e-33 4.30078e-26 8.7219e-20 2.13807e-14 6.3355e-10 2.26927e-06 0.000982516 0.051421 0.325314 0.251081 0.0817322 0.180556 0.0756823 0.0233051 0.00801822 0.00171611 0.000180796 7.95324e-06 1.18724e-07 4.88591e-10 4.41179e-13 6.8514e-17 1.58257e-21 5.09995e-27
 1.92795e-41 2.67587e-33 4.48933e-26 9.10428e-20 2.23181e-14 6.61325e-10 2.36876e-06 0.00102559 0.0536753 0.339578 0.262119 0.0808084 0.160249 0.066883 0.0267086 0.00756122 0.00124638 0.000137869 5.82242e-06 7.0291e-08 2.04842e-10 1.22442e-13 1.31376e-17 2.23369e-22 5.45901e-28
 1.62307e-41 2.25271e-33 3.77939e-26 7.66453e-20 1.87887e-14 5.56743e-10 1.99416e-06 0.000863403 0.0451871 0.285889 0.222584 0.10447 0.217127 0.0835193 0.0301696 0.00860282 0.00145748 0.000124667 4.6763e-06 5.09301e-08 1.17975e-10 5.06555e-14 3.67119e-18 4.16925e-23 6.98973e-29
 1.48257e-41 2.05771e-33 3.45224e-26 7.00107e-20 1.71623e-14 5.08551e-10 1.82155e-06 0.000788666 0.0412757 0.261152 0.204591 0.113269 0.224216 0.0940234 0.0466577 0.0120046 0.00186377 0.000151071 4.53847e-06 3.96268e-08 7.64367e-11 2.59458e-14 1.38777e-18 1.10553e-23 1.26131e-29
 1.71377e-41 2.37859e-33 3.99059e-26 8.09283e-20 1.98386e-14 5.87854e-10 2.1056e-06 0.000911652 0.0477122 0.301873 0.235471 0.103107 0.177223 0.0768453 0.0420428 0.0125215 0.00213459 0.000151899 3.93322e-06 2.70785e-08 3.96132e-11 1.04285e-14 4.32603e-19 2.5994e-24 2.16262e-30
 1.68245e-41 2.33514e-33 3.91767e-26 7.94497e-20 1.94762e-14 5.77114e-10 2.06713e-06 0.000894995 0.0468405 0.296372 0.232714 0.118589 0.191888 0.0704571 0.0308261 0.00948912 0.00179013 0.00013377 3.02037e-06 1.67602e-08 1.88397e-11 3.67092e-15 1.12379e-19 5.03771e-25 3.13705e-31
 1.68975e-41 2.34526e-33 3.93466e-26 7.97942e-20 1.95606e-14 5.79616e-10 2.07609e-06 0.000898876 0.0470436 0.29767 0.2347 0.124223 0.185534 0.0703592 0.0307548 0.00745408 0.00126158 9.6597e-05 2.10339e-06 9.91702e-09 8.70664e-12 1.2778e-15 2.87643e-20 9.34421e-26 4.20575e-32
 1.65418e-41 2.2959e-33 3.85184e-26 7.81146e-20 1.91489e-14 5.67416e-10 2.03239e-06 0.000879955 0.0460535 0.291427 0.231527 0.135407 0.188244 0.0694645 0.0291322 0.00684521 0.000955784 6.07834e-05 1.21216e-06 5.09738e-09 3.70352e-12 4.21735e-16 7.09842e-21 1.69185e-26 5.52095e-33
 1.75751e-41 2.43931e-33 4.09245e-26 8.29941e-20 2.0345e-14 6.0286e-10 2.15935e-06 0.000934923 0.0489303 0.309641 0.246082 0.133458 0.167341 0.0622446 0.0251435 0.00549527 0.000690966 3.54256e-05 5.55995e-07 1.94179e-09 1.17731e-12 1.08374e-16 1.41866e-21 2.54737e-27 6.12944e-34
 1.71704e-41 2.38315e-33 3.99822e-26 8.10831e-20 1.98766e-14 5.88979e-10 2.10963e-06 0.000913396 0.0478037 0.30255 0.243004 0.147868 0.1723 0.0590825 0.0214961 0.00445767 0.000500344 2.14691e-05 2.60107e-07 6.83458e-10 3.19757e-13 2.31444e-17 2.37755e-22 3.30317e-28 6.04056e-35
 1.72359e-41 2.39223e-33 4.01346e-26 8.13922e-20 1.99523e-14 5.91224e-10 2.11767e-06 0.000916878 0.047986 0.303739 0.245663 0.153162 0.165003 0.0590696 0.0203964 0.00368627 0.00036186 1.30494e-05 1.24471e-07 2.44545e-10 8.35962e-14 4.44595e-18 3.40754e-23 3.57114e-29 4.9425e-36
 1.72432e-41 2.39325e-33 4.01517e-26 8.14268e-20 1.99608e-14 5.91475e-10 2.11857e-06 0.000917267 0.0480065 0.303918 0.248107 0.161114 0.160118 0.0560704 0.0183358 0.00314226 0.000260713 7.6326e-06 5.74265e-08 8.55295e-11 2.14834e-14 8.24279e-19 4.53228e-24 3.42045e-30 3.43601e-37
 1.74538e-41 2.42248e-33 4.06421e-26 8.24214e-20 2.02046e-14 5.987e-10 2.14445e-06 0.000928472 0.048593 0.307686 0.253216 0.165931 0.152005 0.0528668 0.0160481 0.00253358 0.000185059 4.37759e-06 2.5301e-08 2.84256e-11 5.2912e-15 1.47933e-19 5.85279e-25 3.15302e-31 2.25278e-38
 1.68803e-41 2.34287e-33 3.93065e-26 7.97128e-20 1.95407e-14 5.79025e-10 2.07397e-06 0.00089796 0.0469964 0.297684 0.249604 0.180737 0.154695 0.0524239 0.0147061 0.00211745 0.000133638 2.59623e-06 1.16005e-08 9.69672e-12 1.32416e-15 2.69827e-20 7.7303e-26 2.9958e-32 1.53097e-39
 1.5974e-41 2.21708e-33 3.71961e-26 7.5433e-20 1.84915e-14 5.47937e-10 1.96262e-06 0.000849748 0.0444736 0.281857 0.242408 0.196706 0.160143 0.0566284 0.0149001 0.00192638 0.000103703 1.63577e-06 5.69069e-09 3.57551e-12 3.57836e-16 5.27403e-21 1.0873e-26 3.02594e-33 1.10859e-40
 1.5939e-41 2.21223e-33 3.71148e-26 7.52681e-20 1.84511e-14 5.4674e-10 1.95833e-06 0.00084789 0.0443768 0.28137 0.24535 0.199743 0.154127 0.057593 0.0147405 0.00176814 8.05612e-05 1.0189e-06 2.73928e-09 1.29636e-12 9.5888e-17 1.02926e-21 1.52911e-27 3.04681e-34 7.96583e-42
 1.63697e-41 2.27201e-33 3.81177e-26 7.7302e-20 1.89497e-14 5.61514e-10 2.01125e-06 0.000870803 0.0455765 0.289099 0.254258 0.199378 0.143281 0.0528451 0.013129 0.00150098 5.94564e-05 6.04173e-07 1.24596e-09 4.41636e-13 2.41126e-17 1.89125e-22 2.03718e-28 2.92445e-35 5.48018e-43
 1.63707e-41 2.27215e-33 3.812e-26 7.73066e-20 1.89508e-14 5.61547e-10 2.01137e-06 0.000870855 0.0455792 0.289116 0.254281 0.199763 0.144702 0.0521284 0.0122328 0.00127984 4.46861e-05 3.8772e-07 6.67218e-10 1.94409e-13 8.64356e-18 5.48733e-23 4.76485e-29 5.49854e-36 8.26594e-44
#pred catch len freq
 2.56538e-27 2.59435e-27 3.8515e-26 7.58516e-20 1.85941e-14 5.50976e-10 1.97351e-06 0.000854452 0.044719 0.282904 0.216615 0.0373632 0.132208 0.12222 0.0317473 0.0420786 0.0195487 0.0170623 0.0115072 0.00945666 0.00791496 0.00721498 0.00756922 0.00689133 0.00212277
 2.56697e-27 2.59829e-27 4.1486e-26 8.21171e-20 2.013e-14 5.96489e-10 2.13652e-06 0.000925032 0.0484129 0.306273 0.234517 0.0410273 0.147517 0.135948 0.0272956 0.0281765 0.0108074 0.00661756 0.00361667 0.00248751 0.0018049 0.00145979 0.00138981 0.00128515 0.000435997
 2.56827e-27 2.60178e-27 4.44837e-26 8.84406e-20 2.16802e-14 6.42422e-10 2.30105e-06 0.000996265 0.0521409 0.329858 0.252525 0.0409754 0.134471 0.123878 0.0246866 0.0251755 0.00852305 0.0035419 0.00141617 0.000689219 0.000386935 0.000260021 0.000214461 0.000191014 6.76166e-05
 2.56856e-27 2.60251e-27 4.50663e-26 8.96694e-20 2.19814e-14 6.51347e-10 2.33302e-06 0.00101011 0.0528654 0.334441 0.256031 0.041374 0.135041 0.124298 0.0228359 0.0208365 0.00701307 0.00282869 0.000912903 0.000289963 0.000103477 4.94553e-05 3.2337e-05 2.59915e-05 9.22751e-06
 2.56809e-27 2.60122e-27 4.39197e-26 8.72506e-20 2.13884e-14 6.33777e-10 2.27008e-06 0.00098286 0.0514393 0.325419 0.249148 0.0417566 0.142788 0.13145 0.0241716 0.0220686 0.00717542 0.00250581 0.000789276 0.000225155 5.19168e-05 1.40488e-05 5.93512e-06 3.86985e-06 1.3227e-06
 2.56637e-27 2.59656e-27 3.98169e-26 7.85955e-20 1.92667e-14 5.70908e-10 2.0449e-06 0.000885362 0.0463367 0.293139 0.224516 0.0428286 0.168252 0.154982 0.0289561 0.0270637 0.00879617 0.00305104 0.000903867 0.00022854 4.79525e-05 8.39239e-06 1.71555e-06 7.15241e-07 2.20684e-07
 2.56734e-27 2.59928e-27 4.22963e-26 8.38261e-20 2.0549e-14 6.08902e-10 2.18099e-06 0.000944283 0.0494204 0.312647 0.239391 0.041474 0.147493 0.135965 0.0281078 0.0299251 0.0097993 0.00348721 0.00103361 0.000254475 4.77131e-05 7.21005e-06 8.48585e-07 1.50644e-07 3.56697e-08
 2.56909e-27 2.60399e-27 4.64131e-26 9.25107e-20 2.26779e-14 6.71986e-10 2.40694e-06 0.00104211 0.0545405 0.345038 0.264111 0.0406484 0.123842 0.114035 0.0223183 0.0222514 0.00762325 0.00325454 0.00099104 0.000249081 4.60063e-05 6.32985e-06 5.93723e-07 4.57739e-08 5.51241e-09
 2.56902e-27 2.60372e-27 4.61102e-26 9.18716e-20 2.25212e-14 6.67344e-10 2.39031e-06 0.00103491 0.0541637 0.342654 0.262301 0.041306 0.130118 0.119705 0.021136 0.0181063 0.00604435 0.00237361 0.000777097 0.000226546 4.32886e-05 5.92655e-06 5.04685e-07 2.60805e-08 1.1781e-09
 2.56809e-27 2.60121e-27 4.3899e-26 8.72068e-20 2.13777e-14 6.3346e-10 2.26895e-06 0.000982367 0.0514135 0.325256 0.249025 0.0418379 0.143494 0.132089 0.0240794 0.0216895 0.00694198 0.00224998 0.000694596 0.000194987 4.25061e-05 6.32999e-06 5.38667e-07 2.43519e-08 5.80925e-10
 2.56826e-27 2.60168e-27 4.43202e-26 8.80955e-20 2.15955e-14 6.39915e-10 2.29207e-06 0.000992377 0.0519374 0.328571 0.251553 0.0416495 0.140285 0.129141 0.0237868 0.0217694 0.00704036 0.00238632 0.000685725 0.000162349 3.31728e-05 5.33139e-06 5.05072e-07 2.28198e-08 4.39505e-10
 2.56886e-27 2.6033e-27 4.57567e-26 9.11259e-20 2.23384e-14 6.61927e-10 2.37091e-06 0.00102651 0.053724 0.339873 0.260177 0.0412506 0.13119 0.12074 0.0221583 0.02017 0.00655465 0.00227486 0.00066683 0.000159617 2.82407e-05 4.05413e-06 4.0208e-07 2.00649e-08 3.81766e-10
 2.56883e-27 2.60318e-27 4.56203e-26 9.0838e-20 2.22678e-14 6.59836e-10 2.36342e-06 0.00102327 0.0535543 0.338799 0.259361 0.0415158 0.13378 0.12308 0.0216509 0.0184201 0.00596917 0.00205588 0.000607529 0.00014908 2.68723e-05 3.50849e-06 3.0526e-07 1.56636e-08 3.23162e-10
 2.5686e-27 2.60258e-27 4.50884e-26 8.97158e-20 2.19927e-14 6.51684e-10 2.33422e-06 0.00101063 0.0528927 0.334614 0.256168 0.0416772 0.137253 0.126288 0.0222959 0.0190774 0.00607452 0.00192036 0.000560436 0.000137055 2.51779e-05 3.34909e-06 2.70336e-07 1.23138e-08 2.58097e-10
 2.56737e-27 2.59922e-27 4.21007e-26 8.34129e-20 2.04477e-14 6.05901e-10 2.17024e-06 0.000939629 0.0491768 0.311106 0.238233 0.0426674 0.157388 0.144846 0.025166 0.020953 0.00666601 0.00209922 0.000593166 0.000134979 2.44813e-05 3.29382e-06 2.69704e-07 1.14618e-08 2.17472e-10
 2.56784e-27 2.60054e-27 4.33167e-26 8.59785e-20 2.10766e-14 6.24537e-10 2.23699e-06 0.000968529 0.0506893 0.320675 0.245528 0.0419001 0.146424 0.134825 0.0251325 0.0233993 0.00740564 0.00224916 0.000632095 0.000141851 2.41926e-05 3.1258e-06 2.57362e-07 1.09986e-08 1.95435e-10
 2.5686e-27 2.60255e-27 4.50577e-26 8.96511e-20 2.19769e-14 6.51215e-10 2.33254e-06 0.0010099 0.0528546 0.334373 0.255985 0.0417377 0.137842 0.126816 0.0220905 0.018483 0.00599712 0.00207461 0.000584121 0.000127102 2.13977e-05 2.6369e-06 2.0604e-07 8.78105e-09 1.55481e-10
 2.56857e-27 2.60246e-27 4.49673e-26 8.94603e-20 2.19301e-14 6.49828e-10 2.32758e-06 0.00100775 0.0527421 0.333661 0.255443 0.0418448 0.139037 0.127906 0.0220655 0.0181411 0.0057364 0.0017552 0.000511232 0.000123365 2.05396e-05 2.46994e-06 1.84867e-07 7.48281e-09 1.31129e-10
 2.56873e-27 2.6029e-27 4.53453e-26 9.02577e-20 2.21256e-14 6.5562e-10 2.34832e-06 0.00101673 0.0532122 0.336635 0.257713 0.0418248 0.13729 0.126275 0.0214224 0.0170822 0.00537125 0.00159486 0.000442335 9.79471e-05 1.75741e-05 2.19941e-06 1.60356e-07 6.212e-09 1.03813e-10
 2.56914e-27 2.604e-27 4.63074e-26 9.22873e-20 2.26231e-14 6.70363e-10 2.40113e-06 0.0010396 0.0544088 0.344205 0.26349 0.0416028 0.131542 0.120957 0.0202411 0.0157234 0.00490778 0.00140126 0.000382957 8.14773e-05 1.34914e-05 1.70359e-06 1.31448e-07 5.00597e-09 8.00593e-11
 2.56957e-27 2.60514e-27 4.7304e-26 9.43898e-20 2.31385e-14 6.85635e-10 2.45583e-06 0.00106328 0.0556483 0.352046 0.269475 0.0414419 0.126112 0.115916 0.0187963 0.013694 0.00424411 0.00116962 0.000314126 6.44453e-05 1.0323e-05 1.2164e-06 9.19691e-08 3.66614e-09 5.81305e-11
 2.56942e-27 2.60473e-27 4.69403e-26 9.36225e-20 2.29504e-14 6.80062e-10 2.43587e-06 0.00105464 0.055196 0.349185 0.267292 0.0415539 0.128499 0.118119 0.0192133 0.0140876 0.00432082 0.00111482 0.00029347 5.82204e-05 9.02888e-06 1.02114e-06 7.24283e-08 2.80996e-09 4.59298e-11
 2.56957e-27 2.60516e-27 4.73195e-26 9.44224e-20 2.31465e-14 6.85872e-10 2.45668e-06 0.00106365 0.0556675 0.352168 0.269568 0.0414212 0.12589 0.115716 0.0188696 0.0139088 0.00427003 0.00110667 0.000285839 5.34293e-05 8.01056e-06 8.7221e-07 5.90349e-08 2.15472e-09 3.42594e-11
 2.56992e-27 2.60609e-27 4.81251e-26 9.61217e-20 2.35631e-14 6.98216e-10 2.50089e-06 0.00108279 0.0566694 0.358506 0.274406 0.0413148 0.121681 0.111801 0.0176038 0.0120068 0.00367831 0.000949562 0.000245423 4.5748e-05 6.56993e-06 6.79141e-07 4.40167e-08 1.5268e-09 2.29091e-11
 2.57009e-27 2.60654e-27 4.85194e-26 9.69535e-20 2.3767e-14 7.04258e-10 2.52253e-06 0.00109216 0.0571598 0.361608 0.276774 0.0412916 0.11984 0.110082 0.0169333 0.0109068 0.00329273 0.000775813 0.000197502 3.66889e-05 5.26168e-06 5.28565e-07 3.23382e-08 1.06689e-09 1.5179e-11
 2.56963e-27 2.60529e-27 4.7405e-26 9.46026e-20 2.31907e-14 6.87182e-10 2.46137e-06 0.00106568 0.0557738 0.35284 0.270084 0.0416284 0.127104 0.116786 0.018136 0.0119606 0.00358553 0.000798209 0.000196306 3.37098e-05 4.75716e-06 4.76116e-07 2.84467e-08 8.87736e-10 1.19576e-11
 2.56961e-27 2.60524e-27 4.73617e-26 9.45112e-20 2.31683e-14 6.86518e-10 2.45899e-06 0.00106465 0.0557199 0.352499 0.269824 0.0416374 0.127355 0.117018 0.0181894 0.0120244 0.00361265 0.000816964 0.000198535 3.21995e-05 4.25876e-06 4.04923e-07 2.39535e-08 7.30367e-10 9.33847e-12
 2.56917e-27 2.60403e-27 4.62924e-26 9.22556e-20 2.26153e-14 6.70133e-10 2.4003e-06 0.00103924 0.0543901 0.344087 0.263406 0.0419756 0.134438 0.12355 0.0192712 0.0128471 0.00386243 0.000876853 0.000214092 3.50521e-05 4.47897e-06 3.97089e-07 2.20267e-08 6.56922e-10 8.19871e-12
 2.56736e-27 2.59913e-27 4.19578e-26 8.31112e-20 2.03737e-14 6.0371e-10 2.16239e-06 0.000936231 0.048999 0.309981 0.237383 0.0432394 0.162339 0.149306 0.0239931 0.0171328 0.0051634 0.00118156 0.000289144 4.75515e-05 6.12254e-06 5.34152e-07 2.77092e-08 7.71326e-10 9.3206e-12
#obs catch len freq
 1.63595e-41 2.27059e-33 3.80939e-26 7.72537e-20 1.89378e-14 5.61163e-10 2.00999e-06 0.000870258 0.0455459 0.288136 0.22076 0.0443036 0.165001 0.140225 0.0432456 0.0350921 0.0116852 0.00409186 0.000911047 0.000122186 7.17846e-06 1.33225e-07 5.78955e-10 4.72183e-13 6.25271e-17
 1.65087e-41 2.29131e-33 3.84414e-26 7.79584e-20 1.91106e-14 5.66282e-10 2.02833e-06 0.000878196 0.0459613 0.290765 0.22283 0.0463783 0.167861 0.13511 0.0428495 0.0327038 0.0104571 0.00341495 0.0007017 8.28739e-05 4.04982e-06 5.88182e-08 1.90949e-10 1.13187e-13 1.07335e-17
 1.91619e-41 2.65955e-33 4.46195e-26 9.04875e-20 2.21819e-14 6.57291e-10 2.35431e-06 0.00101934 0.053348 0.337495 0.258519 0.0458043 0.134148 0.101983 0.03349 0.0239952 0.007463 0.00226523 0.000422432 4.34361e-05 1.75183e-06 1.98773e-08 4.8309e-11 2.08472e-14 1.41634e-18
 1.95197e-41 2.70921e-33 4.54526e-26 9.2177e-20 2.25961e-14 6.69564e-10 2.39827e-06 0.00103837 0.054344 0.343797 0.263425 0.0489466 0.14107 0.0998627 0.0257731 0.0154883 0.00468497 0.00132419 0.000223915 1.97297e-05 6.48502e-07 5.71864e-09 1.0409e-11 3.28071e-15 1.60202e-19
 1.98506e-41 2.75513e-33 4.6223e-26 9.37392e-20 2.29791e-14 6.80912e-10 2.43892e-06 0.00105597 0.0552651 0.349624 0.267949 0.0507357 0.139109 0.0926474 0.0254316 0.0140269 0.00325924 0.000768109 0.000117195 8.81179e-06 2.33093e-07 1.58234e-09 2.15041e-12 4.9554e-16 1.74462e-20
 1.79115e-41 2.486e-33 4.17077e-26 8.45825e-20 2.07344e-14 6.14398e-10 2.20067e-06 0.000952816 0.0498666 0.315472 0.2421 0.0575336 0.175278 0.109378 0.0299713 0.0152455 0.00345441 0.000664903 7.63637e-05 4.72299e-06 9.9945e-08 5.18201e-10 5.2253e-13 8.78246e-17 2.23035e-21
 1.48979e-41 2.06773e-33 3.46904e-26 7.03514e-20 1.72458e-14 5.11025e-10 1.83041e-06 0.000792504 0.0414765 0.262396 0.201899 0.0660703 0.219478 0.130827 0.0473431 0.0236926 0.00505472 0.000882064 8.22891e-05 3.66985e-06 5.8495e-08 2.29501e-10 1.71009e-13 2.0884e-17 3.81657e-22
 2.12674e-41 2.95177e-33 4.95221e-26 1.0043e-19 2.46192e-14 7.29511e-10 2.61299e-06 0.00113133 0.0592095 0.374578 0.287163 0.0519549 0.109246 0.0634344 0.0321379 0.0162948 0.00410303 0.000687033 5.53227e-05 1.89328e-06 2.10534e-08 5.86027e-11 3.16814e-14 2.80044e-18 3.67551e-23
 2.02534e-41 2.81104e-33 4.7161e-26 9.56416e-20 2.34454e-14 6.9473e-10 2.48841e-06 0.0010774 0.0563866 0.356721 0.273927 0.0624829 0.147299 0.0739354 0.0175867 0.00767416 0.00242823 0.000442352 3.51439e-05 9.90203e-07 8.08064e-09 1.54032e-11 5.70232e-15 3.53292e-19 3.29225e-24
 2.06172e-41 2.86153e-33 4.80081e-26 9.73594e-20 2.38665e-14 7.07208e-10 2.53311e-06 0.00109675 0.0573994 0.363129 0.278956 0.0638782 0.139271 0.0668837 0.0207305 0.0071969 0.00122034 0.000216684 1.85623e-05 4.87433e-07 3.18258e-09 4.37961e-12 1.11028e-15 4.64757e-20 2.95701e-25
 1.77571e-41 2.46457e-33 4.13482e-26 8.38534e-20 2.05557e-14 6.09102e-10 2.1817e-06 0.000944603 0.0494368 0.31276 0.241247 0.0796582 0.192742 0.0863747 0.0263484 0.00877302 0.00153331 0.000169011 1.10417e-05 2.7929e-07 1.61035e-09 1.74907e-12 3.22937e-16 9.40368e-21 4.07409e-26
 2.06651e-41 2.86818e-33 4.81196e-26 9.75856e-20 2.39219e-14 7.08851e-10 2.53899e-06 0.00109929 0.0575327 0.363976 0.280028 0.0687584 0.132612 0.059773 0.0263601 0.00833764 0.00137457 0.000138888 6.2418e-06 1.10038e-07 5.34667e-10 4.88237e-13 7.10294e-17 1.53871e-21 4.7643e-27
 1.90182e-41 2.6396e-33 4.42847e-26 8.98086e-20 2.20155e-14 6.5236e-10 2.33665e-06 0.00101169 0.0529477 0.334975 0.258774 0.0845524 0.171428 0.0673672 0.0208206 0.00666395 0.00132753 0.000124049 4.69398e-06 5.76478e-08 1.87546e-10 1.28827e-13 1.48639e-17 2.52048e-22 5.91909e-28
 1.98316e-41 2.7525e-33 4.61789e-26 9.36499e-20 2.29572e-14 6.80263e-10 2.43659e-06 0.00105496 0.0552124 0.349305 0.269866 0.083181 0.150971 0.0597376 0.0235407 0.00608032 0.000951624 9.34246e-05 3.32071e-06 3.24971e-08 7.41123e-11 3.36906e-14 2.68828e-18 3.34875e-23 5.94633e-29
 1.68721e-41 2.34173e-33 3.92874e-26 7.96741e-20 1.95312e-14 5.78744e-10 2.07297e-06 0.000897523 0.0469728 0.297191 0.231762 0.108262 0.205361 0.0747797 0.026593 0.00700131 0.00109202 8.29012e-05 2.62965e-06 2.28806e-08 4.10075e-11 1.33146e-14 7.16768e-19 5.96581e-24 7.25973e-30
 1.55081e-41 2.15242e-33 3.61114e-26 7.32331e-20 1.79522e-14 5.31958e-10 1.90539e-06 0.000824966 0.0431755 0.273178 0.214468 0.117676 0.212481 0.086061 0.0409657 0.00967914 0.00138806 9.82885e-05 2.46909e-06 1.72406e-08 2.5559e-11 6.51499e-15 2.57956e-19 1.5051e-24 1.24741e-30
 1.78148e-41 2.47257e-33 4.14826e-26 8.41258e-20 2.06224e-14 6.11081e-10 2.18879e-06 0.000947671 0.0495974 0.313806 0.245186 0.106008 0.165961 0.0701853 0.0365469 0.0101149 0.00154695 9.56157e-05 2.04867e-06 1.11685e-08 1.2529e-11 2.4698e-15 7.55635e-20 3.31798e-25 2.00433e-31
 1.75073e-41 2.4299e-33 4.07665e-26 8.26737e-20 2.02665e-14 6.00533e-10 2.15101e-06 0.000931314 0.0487413 0.308408 0.242677 0.121543 0.17868 0.063322 0.0266284 0.00768624 0.00129643 8.24928e-05 1.51916e-06 6.62537e-09 5.67541e-12 8.25591e-16 1.8605e-20 6.08117e-26 2.74407e-32
 1.75949e-41 2.44205e-33 4.09705e-26 8.30873e-20 2.03679e-14 6.03537e-10 2.16177e-06 0.000935972 0.0489852 0.309966 0.244957 0.126813 0.172038 0.0633857 0.0260474 0.00590416 0.000905985 5.87058e-05 1.02628e-06 3.75532e-09 2.4973e-12 2.72622e-16 4.5075e-21 1.06622e-26 3.47297e-33
 1.72599e-41 2.39556e-33 4.01905e-26 8.15055e-20 1.99801e-14 5.92048e-10 2.12062e-06 0.000918154 0.0480527 0.304093 0.242235 0.137796 0.173935 0.0624158 0.0245135 0.00533585 0.000666257 3.61188e-05 5.75459e-07 1.85835e-09 1.01418e-12 8.55049e-17 1.05446e-21 1.82731e-27 4.31155e-34
 1.82756e-41 2.53654e-33 4.25557e-26 8.6302e-20 2.11559e-14 6.26889e-10 2.24541e-06 0.000972187 0.0508805 0.322 0.256554 0.134878 0.153534 0.0556182 0.0208613 0.0042119 0.000467817 2.02047e-05 2.53479e-07 6.77815e-10 3.06845e-13 2.08042e-17 1.9888e-22 2.59194e-28 4.50537e-35
 1.78815e-41 2.48183e-33 4.16379e-26 8.44407e-20 2.06996e-14 6.13368e-10 2.19699e-06 0.000951219 0.0497833 0.315103 0.253849 0.148965 0.157518 0.0524076 0.0177056 0.00337249 0.000331204 1.18305e-05 1.1363e-07 2.2817e-10 7.95486e-14 4.22669e-18 3.16019e-23 3.1787e-29 4.19298e-36
 1.79538e-41 2.49187e-33 4.18062e-26 8.47822e-20 2.07834e-14 6.15849e-10 2.20587e-06 0.000955066 0.0499847 0.31642 0.256729 0.153649 0.150473 0.0522544 0.016554 0.00273773 0.000233721 6.94303e-06 5.20548e-08 7.77534e-11 1.9764e-14 7.70396e-19 4.28837e-24 3.24583e-30 3.23306e-37
 1.79639e-41 2.49327e-33 4.18298e-26 8.48299e-20 2.0795e-14 6.16195e-10 2.20711e-06 0.000955603 0.0500129 0.316659 0.25938 0.160934 0.14552 0.0493077 0.0147711 0.00228953 0.000163558 3.91897e-06 2.30132e-08 2.59236e-11 4.82711e-15 1.35527e-19 5.40633e-25 2.94297e-31 2.12414e-38
 1.81706e-41 2.52196e-33 4.23112e-26 8.58063e-20 2.10344e-14 6.23287e-10 2.23251e-06 0.000966602 0.0505888 0.32037 0.264564 0.164964 0.137683 0.0461535 0.0127795 0.00181411 0.000112804 2.16176e-06 9.70088e-09 8.2105e-12 1.12966e-15 2.30697e-20 6.61507e-26 2.56901e-32 1.31817e-39
 1.76111e-41 2.4443e-33 4.10082e-26 8.31639e-20 2.03866e-14 6.04093e-10 2.16376e-06 0.000936836 0.0490313 0.310635 0.261475 0.179221 0.140003 0.0455169 0.011608 0.00149025 7.93952e-05 1.23777e-06 4.26443e-09 2.67553e-12 2.6944e-16 4.00352e-21 8.30293e-27 2.31795e-33 8.50371e-41
 1.67263e-41 2.3215e-33 3.89479e-26 7.89856e-20 1.93624e-14 5.73743e-10 2.05506e-06 0.000889768 0.0465685 0.295215 0.255006 0.194854 0.145384 0.0490307 0.011656 0.00133259 6.00238e-05 7.5376e-07 2.00964e-09 9.43852e-13 6.94971e-17 7.45837e-22 1.11189e-27 2.22712e-34 5.8534e-42
 1.6694e-41 2.31702e-33 3.88729e-26 7.88334e-20 1.93251e-14 5.72637e-10 2.05109e-06 0.000888054 0.0464793 0.2948 0.258174 0.197272 0.140082 0.0496302 0.0114292 0.00119778 4.52247e-05 4.51982e-07 9.26344e-10 3.26524e-13 1.77272e-17 1.38353e-22 1.48506e-28 2.12849e-35 3.99022e-43
 1.69872e-41 2.35771e-33 3.95555e-26 8.02178e-20 1.96645e-14 5.82694e-10 2.08711e-06 0.000903649 0.0472955 0.299939 0.261089 0.192496 0.137339 0.0484777 0.0112491 0.00116868 4.06448e-05 3.51841e-07 6.04639e-10 1.76023e-13 7.82165e-18 4.96357e-23 4.30881e-29 4.9712e-36 7.47191e-44
#spawning biomass
 6678.42 6465.36 7921.13 10696.7 14617.1 16201.9 16103.1 21767.3 33870.6 50864.9 59448.7 76182.8 99591.5 124397 123803 111243 97373.5 100432 95803.5 92649.6 92198.5 104166 113706 114276 116029 123250 112999 100731 89434.7 233591 325539 337105 313211 273982 232305 194909 164318 140704 123177 110522 101568 95324.5 91007.6 88027.8 85992.9 84642.4 83746.2 83151.5 82756.8 82494.9 82321.1 82205.8 82129.2 82078.4 82044.7 82022.4 82007.5 81997.7 81991.1 81986.8 81983.9 81982 81980.7 81979.9 81979.3 81979 81978.7 81978.6 81978.5 81978.4 81978.3 81978.3 81978.3 81978.3 81978.3 81978.3 81978.2 81978.2 81978.2 81978.2 81978.2 81978.2 81978.2 81978.2 81978.2 81978.2 81978.2 81978.2 81978.2 81978.2 81978.2 81978.2 81978.2 81978.2 81978.2 81978.2 81978.2 81978.2 81978.2 81978.2 81978.2 81978.2 81978.2 81978.2 81978.2 81978.2 81978.2 81978.2 81978.2 81978.2 81978.2 81978.2 81978.2 81978.2 81978.2 81978.2 81978.2 81978.2 81978.2 81978.2 81978.2 81978.2 81978.2 81978.2 81978.2 81978.2 81978.2 81978.2 81978.2 0 0 0 0 0 0 0 0 0 0 0 0 0 0 0 0 0 0 0 0 0 0 0 0 0
