SBPRF35
0.819782
Curr Bio
154525
B35
715833
F35
0.206754
FOFL
0.0601562
OFL
11047.7
Bzero
234224
#pred survey bio
 7504.64 6572.2 8215.65 11712.9 16093.6 18881.3 17538.6 22225.8 33541.3 49224.2 62438.2 79805.4 102978 127722 130176 110342 100517 105332 104113 103722 98672.6 106957 100296 114298 125169 127328 128466 162397 8.45455e+06 8.13044e+06 8.76106e+06 8.36364e+06 7.44064e+06 6.36739e+06 5.35669e+06 4.50031e+06 3.81863e+06 3.29709e+06 2.90827e+06 2.62318e+06 2.41622e+06 2.26659e+06 2.15738e+06 2.07673e+06 2.01944e+06 1.97833e+06 1.94852e+06 1.92667e+06 1.91048e+06 1.89835e+06 1.88917e+06 1.88215e+06 1.87673e+06 1.87251e+06 1.86921e+06 1.8666e+06 1.86453e+06 1.86288e+06 1.86155e+06 1.86049e+06 1.85963e+06 1.85893e+06 1.85837e+06 1.85791e+06 1.85754e+06 1.85723e+06 1.85698e+06 1.85678e+06 1.85662e+06 1.85648e+06 1.85637e+06 1.85628e+06 1.85621e+06 1.85615e+06 1.8561e+06 1.85606e+06 1.85603e+06 1.856e+06 1.85598e+06 1.85596e+06 1.85595e+06 1.85593e+06 1.85592e+06 1.85592e+06 1.85591e+06 1.8559e+06 1.8559e+06 1.8559e+06 1.85589e+06 1.85589e+06 1.85589e+06 1.85589e+06 1.85589e+06 1.85588e+06 1.85588e+06 1.85588e+06 1.85588e+06 1.85588e+06 1.85588e+06 1.85588e+06 1.85588e+06 1.85588e+06 1.85588e+06 1.85588e+06 1.85588e+06 1.85588e+06 1.85588e+06 1.85588e+06 1.85588e+06 1.85588e+06 1.85588e+06 1.85588e+06 1.85588e+06 1.85588e+06 1.85588e+06 1.85588e+06 1.85588e+06 1.85588e+06 1.85588e+06 1.85588e+06 1.85588e+06 1.85588e+06 1.85588e+06 1.85588e+06 1.85588e+06 1.85588e+06 1.85588e+06 1.85588e+06 0 0 0 0 0 0 0 0 0 0 0 0 0 0 0 0 0 0 0 0 0 0 0 0 0
#obs survey bio
 6898.32 5368.09 12078.6 12494.7 18203.7 17881 18800.4 32637.3 42121.6 68992.8 81134.6 90887.9 159575 129203 105034 110741 90116.8 158974 89713.9 140772 95979.4 103227 87750.2 118832 179748 131798 132930 165556
#pred catch bio
 5419.75 4713.43 5724.57 8330.46 11557.8 14871.4 13276.9 16321.2 23846.9 37026.5 47798.4 62401.4 80515.1 101970 108912 93992.7 83440.6 88766.5 87388.9 89028 81664.5 96274.7 87032.1 100107 110453 111784 105412 101488 11047.7 65239.1 69822.3 65999.3 57970.1 48854.3 40401.2 33343.3 27816.7 23669.9 20650.1 18497.8 16988.1 15940.7 15215.3 14713.5 14379.3 14156.9 14008.8 13910.1 13844.5 13800.8 13771.6 13752.3 13739.4 13730.8 13725.1 13721.2 13718.7 13717 13715.9 13715.1 13714.6 13714.3 13714.1 13713.9 13713.9 13713.8 13713.7 13713.7 13713.7 13713.7 13713.7 13713.7 13713.7 13713.7 13713.7 13713.7 13713.7 13713.7 13713.7 13713.7 13713.7 13713.7 13713.7 13713.7 13713.7 13713.7 13713.7 13713.7 13713.7 13713.7 13713.7 13713.7 13713.7 13713.7 13713.7 13713.7 13713.7 13713.7 13713.7 13713.7 13713.7 13713.7 13713.7 13713.7 13713.7 13713.7 13713.7 13713.7 13713.7 13713.7 13713.7 13713.7 13713.7 13713.7 13713.7 13713.7 13713.7 13713.7 13713.7 13713.7 13713.7 13713.7 13713.7 13713.7 13713.7 13713.7 13713.7 13713.7 0 0 0 0 0 0 0 0 0 0 0 0 0 0 0 0 0 0 0 0 0 0 0 0 0
#obs catch bio
 4758.41 4765.81 5507.88 7999.08 11263.9 14804.9 12903.8 15560.9 22819.8 35375.1 45946.8 59302.5 78275.6 99473.3 109374 95113.7 84471.3 86383.6 86559.8 85470 77626.1 94792.2 87209.1 97530.9 106788 108100 102379 100591
#pred cpue bio
 6718.75 5523.4 6723.15 9571.87 13184.1 16068.3 14649 17776.9 26817.5 40204.8 50928.1 64444.7 82621.3 103997 109231 91717.8 81520.3 85749.1 84901.8 84531.6 80088.5 86441.1 79186.7 90235.5 99127.1 101864 102557 128552 7.26996e+06 8.09176e+06 8.72238e+06 8.32496e+06 7.40196e+06 6.32871e+06 5.318e+06 4.46163e+06 3.77994e+06 3.25841e+06 2.86959e+06 2.58449e+06 2.37754e+06 2.22791e+06 2.11869e+06 2.03805e+06 1.98076e+06 1.93965e+06 1.90984e+06 1.88799e+06 1.87179e+06 1.85966e+06 1.85048e+06 1.84346e+06 1.83805e+06 1.83383e+06 1.83053e+06 1.82792e+06 1.82585e+06 1.82419e+06 1.82287e+06 1.8218e+06 1.82094e+06 1.82025e+06 1.81968e+06 1.81923e+06 1.81885e+06 1.81855e+06 1.8183e+06 1.8181e+06 1.81794e+06 1.8178e+06 1.81769e+06 1.8176e+06 1.81753e+06 1.81747e+06 1.81742e+06 1.81738e+06 1.81735e+06 1.81732e+06 1.8173e+06 1.81728e+06 1.81726e+06 1.81725e+06 1.81724e+06 1.81723e+06 1.81723e+06 1.81722e+06 1.81722e+06 1.81721e+06 1.81721e+06 1.81721e+06 1.81721e+06 1.8172e+06 1.8172e+06 1.8172e+06 1.8172e+06 1.8172e+06 1.8172e+06 1.8172e+06 1.8172e+06 1.8172e+06 1.8172e+06 1.8172e+06 1.8172e+06 1.8172e+06 1.8172e+06 1.8172e+06 1.8172e+06 1.8172e+06 1.8172e+06 1.8172e+06 1.8172e+06 1.8172e+06 1.8172e+06 1.8172e+06 1.8172e+06 1.8172e+06 1.8172e+06 1.8172e+06 1.8172e+06 1.8172e+06 1.8172e+06 1.8172e+06 1.8172e+06 1.8172e+06 1.8172e+06 1.8172e+06 1.8172e+06 1.8172e+06 0 0 0 0 0 0 0 0 0 0 0 0 0 0 0 0 0 0 0 0 0 0 0 0 0
#obs cpue bio
 5152.05 5696.78 11882.6 16336.9 14703.3 16330.5 28079.7 26456.6 41789.6 54819.9 76102 123026 74108.6 138361 113475 79241.7 69228.1 108829 100711 145143 177921 101944 78343.9 152587 120278 163396 157373 139039
#pred surv len freq
 2.56536e-27 2.59427e-27 3.84141e-26 7.56386e-20 1.85419e-14 5.4943e-10 1.96796e-06 0.000852054 0.0445934 0.28211 0.216013 0.03769 0.135117 0.124871 0.0316299 0.0411272 0.0190088 0.0164731 0.0110746 0.00907988 0.00758654 0.00690749 0.00724131 0.00659092 0.00203011
 2.56803e-27 2.60113e-27 4.39602e-26 8.73365e-20 2.14095e-14 6.34401e-10 2.27232e-06 0.000983827 0.05149 0.32574 0.249375 0.0406531 0.134231 0.123618 0.023872 0.0234636 0.00924698 0.00601663 0.00329261 0.00225825 0.00163348 0.00131833 0.00125344 0.00115841 0.000392949
 2.56892e-27 2.60346e-27 4.59019e-26 9.14321e-20 2.24135e-14 6.64152e-10 2.37888e-06 0.00102996 0.0539046 0.341015 0.261047 0.0411442 0.129768 0.119407 0.0215137 0.0190544 0.00650954 0.00282661 0.00118934 0.000606564 0.000340401 0.000227918 0.000187511 0.000166829 5.90409e-05
 2.56889e-27 2.60337e-27 4.57996e-26 9.12162e-20 2.23605e-14 6.62583e-10 2.37326e-06 0.00102753 0.0537773 0.34021 0.260436 0.0413775 0.131973 0.121422 0.0215329 0.018576 0.00613605 0.00230799 0.000757519 0.000255523 9.73538e-05 4.70754e-05 3.06572e-05 2.45882e-05 8.72501e-06
 2.56876e-27 2.60299e-27 4.54593e-26 9.04982e-20 2.21846e-14 6.57368e-10 2.35458e-06 0.00101944 0.053354 0.337532 0.258394 0.0415355 0.13461 0.123847 0.0218223 0.0186227 0.00610493 0.0022175 0.000682043 0.000186683 4.52331e-05 1.32039e-05 5.68843e-06 3.69659e-06 1.2622e-06
 2.56674e-27 2.59752e-27 4.06216e-26 8.02929e-20 1.96828e-14 5.83237e-10 2.08906e-06 0.000904483 0.0473374 0.299469 0.229352 0.0429498 0.165777 0.152613 0.0270021 0.0232005 0.00758377 0.00271701 0.000823055 0.000214101 4.3289e-05 7.77146e-06 1.72502e-06 7.31736e-07 2.25409e-07
 2.56781e-27 2.60047e-27 4.32707e-26 8.58815e-20 2.10528e-14 6.23833e-10 2.23446e-06 0.000967437 0.0506322 0.320313 0.24525 0.0418321 0.146102 0.134532 0.0251683 0.0235721 0.00773004 0.00279178 0.000841783 0.000215484 4.17423e-05 6.23952e-06 7.51263e-07 1.44281e-07 3.44815e-08
 2.56987e-27 2.60602e-27 4.81546e-26 9.61844e-20 2.35784e-14 6.98672e-10 2.50252e-06 0.0010835 0.0567064 0.35874 0.274573 0.0406266 0.116326 0.106995 0.0191942 0.0168776 0.00567668 0.00228171 0.000697236 0.000179327 3.43026e-05 4.90233e-06 4.62424e-07 3.72002e-08 4.75094e-09
 2.56981e-27 2.60582e-27 4.79152e-26 9.56792e-20 2.34546e-14 6.95001e-10 2.48938e-06 0.00107781 0.0564085 0.356855 0.273143 0.0411955 0.12166 0.111809 0.0180937 0.0131413 0.00431921 0.00160818 0.000510919 0.000143266 2.77935e-05 3.93963e-06 3.49459e-07 1.84098e-08 8.8388e-10
 2.56885e-27 2.60322e-27 4.56184e-26 9.08337e-20 2.22668e-14 6.59805e-10 2.36331e-06 0.00102322 0.0535518 0.338783 0.259353 0.0417939 0.135903 0.124982 0.0209666 0.0163673 0.00513982 0.00152469 0.00045674 0.000122421 2.55682e-05 3.79182e-06 3.34084e-07 1.57362e-08 3.88645e-10
 2.56893e-27 2.60345e-27 4.58397e-26 9.13008e-20 2.23813e-14 6.63198e-10 2.37546e-06 0.00102848 0.0538272 0.340526 0.260681 0.0416039 0.133524 0.122813 0.0210494 0.0171086 0.00546323 0.00175477 0.000487478 0.000107175 2.08514e-05 3.19318e-06 2.98321e-07 1.39115e-08 2.79236e-10
 2.56939e-27 2.60467e-27 4.69135e-26 9.3566e-20 2.29366e-14 6.79651e-10 2.4344e-06 0.001054 0.0551626 0.348974 0.267128 0.0413679 0.127199 0.116954 0.0196206 0.0153257 0.00493845 0.00166546 0.000478565 0.000109288 1.81374e-05 2.42951e-06 2.28374e-07 1.12168e-08 2.1947e-10
 2.56965e-27 2.60536e-27 4.74987e-26 9.48003e-20 2.32392e-14 6.88618e-10 2.46651e-06 0.00106791 0.0558904 0.353578 0.270644 0.0413838 0.12485 0.114745 0.018476 0.0132658 0.00422692 0.00136128 0.000396188 9.502e-05 1.64663e-05 2.0152e-06 1.61764e-07 7.83695e-09 1.59277e-10
 2.56897e-27 2.6035e-27 4.58355e-26 9.12918e-20 2.23791e-14 6.63132e-10 2.37523e-06 0.00102838 0.0538218 0.340492 0.260661 0.0419864 0.136449 0.125427 0.0199869 0.0140177 0.00438352 0.00128046 0.000362041 8.40954e-05 1.508e-05 1.93152e-06 1.4566e-07 6.09828e-09 1.20619e-10
 2.56746e-27 2.59942e-27 4.22315e-26 8.36887e-20 2.05153e-14 6.07904e-10 2.17741e-06 0.000942736 0.0493394 0.312135 0.239024 0.0430186 0.159505 0.146715 0.0239624 0.0177267 0.00552358 0.00156924 0.000427506 9.10428e-05 1.56878e-05 2.0274e-06 1.59317e-07 6.31227e-09 1.10133e-10
 2.56799e-27 2.60087e-27 4.35481e-26 8.64664e-20 2.11962e-14 6.28081e-10 2.24968e-06 0.000974026 0.050977 0.322495 0.246925 0.0423773 0.149074 0.137145 0.0232655 0.0185516 0.00585157 0.00176533 0.000480326 9.88655e-05 1.5837e-05 1.91642e-06 1.49898e-07 6.10964e-09 1.01149e-10
 2.56916e-27 2.60404e-27 4.63267e-26 9.23281e-20 2.26331e-14 6.7066e-10 2.40219e-06 0.00104006 0.0544328 0.344357 0.263609 0.0417621 0.132671 0.121955 0.0196157 0.0140523 0.00449989 0.00148225 0.000415618 8.9711e-05 1.41273e-05 1.60278e-06 1.1615e-07 4.66688e-09 7.83909e-11
 2.56896e-27 2.60348e-27 4.58047e-26 9.12268e-20 2.23631e-14 6.6266e-10 2.37354e-06 0.00102765 0.0537835 0.340249 0.260478 0.0420996 0.137439 0.126317 0.0197075 0.0131557 0.00410798 0.00119736 0.000341393 7.97269e-05 1.31706e-05 1.50975e-06 1.03134e-07 3.84268e-09 6.3185e-11
 2.56888e-27 2.60324e-27 4.55957e-26 9.07858e-20 2.2255e-14 6.59457e-10 2.36206e-06 0.00102268 0.0535236 0.338605 0.259223 0.0421808 0.138938 0.127699 0.0199265 0.0133037 0.00409921 0.00110238 0.000297886 6.34897e-05 1.10255e-05 1.35067e-06 9.43214e-08 3.33976e-09 5.11801e-11
 2.56891e-27 2.60334e-27 4.56842e-26 9.09724e-20 2.23008e-14 6.60813e-10 2.36692e-06 0.00102479 0.0536336 0.339301 0.259754 0.0421119 0.138041 0.126881 0.0199661 0.0136002 0.00419254 0.00112653 0.000296827 5.83016e-05 9.27256e-06 1.12538e-06 8.42289e-08 3.06381e-09 4.49734e-11
 2.56909e-27 2.60381e-27 4.60922e-26 9.18331e-20 2.25118e-14 6.67065e-10 2.38931e-06 0.00103448 0.054141 0.342511 0.262204 0.0420883 0.13614 0.125103 0.0192215 0.0123497 0.00381638 0.00104842 0.000277058 5.39541e-05 8.08133e-06 8.91806e-07 6.4394e-08 2.47467e-09 3.73505e-11
 2.5693e-27 2.60439e-27 4.66241e-26 9.29554e-20 2.27869e-14 6.75216e-10 2.41851e-06 0.00104712 0.0548026 0.346697 0.265396 0.0417944 0.131661 0.121003 0.0191028 0.013109 0.00401486 0.00103476 0.000272869 5.41325e-05 8.09252e-06 8.54538e-07 5.61066e-08 2.06253e-09 3.23608e-11
 2.57026e-27 2.60697e-27 4.88741e-26 9.77017e-20 2.39504e-14 7.09693e-10 2.542e-06 0.00110059 0.0576009 0.364399 0.278907 0.0414173 0.119299 0.109524 0.0157818 0.0084245 0.00259579 0.000718636 0.000187755 3.53625e-05 5.31515e-06 5.64956e-07 3.57011e-08 1.20172e-09 1.80029e-11
 2.57026e-27 2.60696e-27 4.88573e-26 9.76662e-20 2.39417e-14 7.09435e-10 2.54108e-06 0.00110019 0.05758 0.364267 0.278806 0.0414464 0.119591 0.109793 0.0158099 0.00841454 0.00249392 0.000529122 0.000135527 2.69459e-05 3.93188e-06 4.08511e-07 2.59501e-08 8.42988e-10 1.16653e-11
 2.57013e-27 2.60659e-27 4.85266e-26 9.69686e-20 2.37707e-14 7.04368e-10 2.52293e-06 0.00109233 0.0571686 0.361664 0.276822 0.0415902 0.122079 0.112079 0.0160283 0.00833713 0.00246878 0.000520776 0.000123835 1.97097e-05 2.88152e-06 3.01972e-07 1.86325e-08 6.02811e-10 8.0622e-12
 2.56969e-27 2.60541e-27 4.74735e-26 9.4747e-20 2.32261e-14 6.8823e-10 2.46513e-06 0.00106731 0.0558589 0.353379 0.270501 0.0419617 0.129347 0.118773 0.0169842 0.00883144 0.00260772 0.000537441 0.000127117 1.97034e-05 2.45629e-06 2.29084e-07 1.42543e-08 4.51539e-10 5.9654e-12
 2.5698e-27 2.6057e-27 4.77463e-26 9.53226e-20 2.33672e-14 6.92412e-10 2.4801e-06 0.00107379 0.0561983 0.355526 0.272137 0.0417712 0.126748 0.116401 0.0170344 0.00954303 0.00282307 0.000581524 0.000136776 2.07655e-05 2.54346e-06 2.12603e-07 1.13579e-08 3.51569e-10 4.57713e-12
 2.57018e-27 2.60678e-27 4.87308e-26 9.73996e-20 2.38763e-14 7.07499e-10 2.53414e-06 0.00109719 0.0574228 0.363272 0.278044 0.0412241 0.118435 0.108788 0.0167478 0.010808 0.00323848 0.000719826 0.000171619 2.60091e-05 3.14354e-06 2.5642e-07 1.2529e-08 3.34321e-10 4.13629e-12
#obs surv len freq
 1.63845e-41 2.27406e-33 3.81521e-26 7.73717e-20 1.89668e-14 5.6202e-10 2.01307e-06 0.000871588 0.0456154 0.288577 0.221096 0.0442901 0.164695 0.139983 0.04334 0.0351619 0.0114693 0.00392858 0.000852417 0.000110901 6.29682e-06 1.12732e-07 4.72458e-10 3.72653e-13 4.79253e-17
 1.90253e-41 2.64058e-33 4.43012e-26 8.9842e-20 2.20237e-14 6.52602e-10 2.33752e-06 0.00101206 0.0529674 0.335087 0.256622 0.0440342 0.132344 0.106482 0.0339767 0.0259806 0.00824999 0.00265022 0.000527939 6.04383e-05 2.85743e-06 4.01658e-08 1.26388e-10 7.27501e-14 6.71641e-18
 1.92428e-41 2.67078e-33 4.48078e-26 9.08694e-20 2.22756e-14 6.60066e-10 2.36425e-06 0.00102364 0.0535731 0.338919 0.259632 0.0470784 0.141289 0.106348 0.0272539 0.0175047 0.00541516 0.00163113 0.000297938 2.96487e-05 1.15614e-06 1.27182e-08 3.00529e-11 1.26428e-14 8.39187e-19
 1.96473e-41 2.72692e-33 4.57497e-26 9.27795e-20 2.27438e-14 6.73941e-10 2.41395e-06 0.00104516 0.0546993 0.346044 0.265135 0.0487422 0.138999 0.0985386 0.0263331 0.0155895 0.00376027 0.000941104 0.000156429 1.34643e-05 4.28554e-07 3.66409e-09 6.49405e-12 1.99991e-15 9.56728e-20
 1.77634e-41 2.46544e-33 4.13629e-26 8.38831e-20 2.0563e-14 6.09318e-10 2.18248e-06 0.000944938 0.0494543 0.312864 0.239988 0.0548001 0.174622 0.116071 0.0302235 0.0163499 0.00378988 0.000784209 9.84573e-05 7.02016e-06 1.81065e-07 1.19529e-09 1.58265e-12 3.56662e-16 1.23187e-20
 1.4582e-41 2.02389e-33 3.39549e-26 6.88598e-20 1.68802e-14 5.00191e-10 1.7916e-06 0.000775701 0.0405971 0.256832 0.197481 0.0626026 0.221051 0.139998 0.0480296 0.0259322 0.00555804 0.0010304 0.000105673 5.46843e-06 1.0688e-07 5.38714e-10 5.31031e-13 8.73904e-17 2.17837e-21
 2.08544e-41 2.89446e-33 4.85605e-26 9.84798e-20 2.41412e-14 7.15347e-10 2.56225e-06 0.00110937 0.0580599 0.367305 0.281519 0.0503489 0.112867 0.0694157 0.0345242 0.0190473 0.00485042 0.000872052 7.63438e-05 3.03557e-06 4.15586e-08 1.49273e-10 1.07357e-13 1.28518e-17 2.30952e-22
 1.98567e-41 2.75598e-33 4.62373e-26 9.37683e-20 2.29862e-14 6.81123e-10 2.43967e-06 0.00105629 0.0552822 0.349734 0.268447 0.0602039 0.15181 0.0817707 0.0192245 0.00890181 0.00293385 0.000581479 5.11337e-05 1.67066e-06 1.67173e-08 4.11008e-11 2.02879e-14 1.7087e-18 2.18818e-23
 2.015e-41 2.79669e-33 4.69203e-26 9.51533e-20 2.33257e-14 6.91184e-10 2.47571e-06 0.0010719 0.0560987 0.3549 0.272518 0.0618161 0.145237 0.0746197 0.0230329 0.00883028 0.00154654 0.000295631 2.88595e-05 8.94546e-07 7.17923e-09 1.26556e-11 4.25569e-15 2.41886e-19 2.11873e-24
 1.72515e-41 2.39439e-33 4.01709e-26 8.14657e-20 1.99704e-14 5.91758e-10 2.11958e-06 0.000917706 0.0480291 0.303852 0.234178 0.0762993 0.199631 0.0955994 0.0287948 0.0104942 0.00194757 0.000237247 1.73645e-05 5.29142e-07 3.81521e-09 5.32518e-12 1.29592e-15 5.08247e-20 3.01462e-25
 2.02291e-41 2.80767e-33 4.71044e-26 9.55268e-20 2.34173e-14 6.93897e-10 2.48543e-06 0.0010761 0.056319 0.356296 0.273956 0.0665783 0.138919 0.0660334 0.0288463 0.0100256 0.00174049 0.000197203 1.02333e-05 2.16686e-07 1.33157e-09 1.58366e-12 3.05071e-16 8.87219e-21 3.73355e-26
 1.85291e-41 2.57171e-33 4.31458e-26 8.74989e-20 2.14493e-14 6.35583e-10 2.27655e-06 0.000985669 0.051586 0.326358 0.251872 0.0816094 0.179943 0.0752367 0.0227904 0.0077829 0.0016523 0.000173882 7.68778e-06 1.15767e-07 4.79044e-10 4.31942e-13 6.6655e-17 1.52677e-21 4.87767e-27
 1.9241e-41 2.67053e-33 4.48037e-26 9.0861e-20 2.22735e-14 6.60004e-10 2.36403e-06 0.00102354 0.0535682 0.3389 0.261611 0.0810144 0.160964 0.0671833 0.0268177 0.00754984 0.00122612 0.000134381 5.66008e-06 6.85673e-08 2.0115e-10 1.20916e-13 1.29983e-17 2.20587e-22 5.36782e-28
 1.61731e-41 2.24472e-33 3.76599e-26 7.63735e-20 1.87221e-14 5.54769e-10 1.98709e-06 0.000860342 0.0450269 0.284875 0.221816 0.104557 0.217563 0.0840387 0.0308266 0.00881405 0.00149004 0.000125939 4.67228e-06 5.07006e-08 1.17609e-10 5.07139e-14 3.69343e-18 4.21017e-23 7.07022e-29
 1.47917e-41 2.05298e-33 3.44431e-26 6.98498e-20 1.71229e-14 5.07382e-10 1.81736e-06 0.000786853 0.0411808 0.260552 0.204131 0.113196 0.224177 0.0943795 0.0472389 0.0122685 0.00192732 0.00015613 4.64753e-06 4.01677e-08 7.70977e-11 2.61512e-14 1.40124e-18 1.1197e-23 1.28189e-29
 1.70946e-41 2.37262e-33 3.98056e-26 8.0725e-20 1.97888e-14 5.86378e-10 2.10031e-06 0.000909362 0.0475924 0.301115 0.234901 0.103216 0.177593 0.0771799 0.0424081 0.0127272 0.00219375 0.000157867 4.09645e-06 2.8028e-08 4.06651e-11 1.06424e-14 4.40246e-19 2.64383e-24 2.20146e-30
 1.68205e-41 2.33458e-33 3.91674e-26 7.94308e-20 1.94715e-14 5.76977e-10 2.06664e-06 0.000894782 0.0468294 0.296302 0.232654 0.118488 0.191718 0.0705526 0.0310052 0.00958979 0.00182367 0.00013778 3.14161e-06 1.7499e-08 1.96174e-11 3.80096e-15 1.15701e-19 5.16459e-25 3.20768e-31
 1.69456e-41 2.35194e-33 3.94586e-26 8.00213e-20 1.96163e-14 5.81266e-10 2.082e-06 0.000901434 0.0471775 0.298517 0.235331 0.124043 0.185054 0.069855 0.0303813 0.00738182 0.00125626 9.69743e-05 2.1317e-06 1.01345e-08 8.94057e-12 1.31298e-15 2.94859e-20 9.5421e-26 4.27739e-32
 1.65109e-41 2.29161e-33 3.84465e-26 7.79687e-20 1.91131e-14 5.66356e-10 2.0286e-06 0.000878312 0.0459674 0.290883 0.231131 0.13563 0.18869 0.069719 0.0292392 0.00684164 0.000955801 6.11418e-05 1.22836e-06 5.2049e-09 3.80754e-12 4.35825e-16 7.35739e-21 1.75498e-26 5.72175e-33
 1.74858e-41 2.42691e-33 4.07165e-26 8.25722e-20 2.02416e-14 5.99796e-10 2.14837e-06 0.00093017 0.0486815 0.308068 0.244909 0.133712 0.168058 0.0633248 0.0258854 0.00567867 0.000713356 3.65919e-05 5.77074e-07 2.02755e-09 1.23653e-12 1.14442e-16 1.50518e-21 2.71305e-27 6.54598e-34
 1.70244e-41 2.36287e-33 3.9642e-26 8.03932e-20 1.97074e-14 5.83968e-10 2.09168e-06 0.000905624 0.0473969 0.299978 0.241108 0.148458 0.173621 0.0606568 0.0225453 0.00476557 0.000539615 2.31797e-05 2.8106e-07 7.40911e-10 3.48162e-13 2.5312e-17 2.61107e-22 3.64164e-28 6.68297e-35
 1.72085e-41 2.38842e-33 4.00707e-26 8.12626e-20 1.99206e-14 5.90283e-10 2.1143e-06 0.000915417 0.0479096 0.303255 0.245269 0.152896 0.16489 0.0596646 0.0209149 0.00388008 0.00038937 1.41945e-05 1.35758e-07 2.66957e-10 9.14192e-14 4.87532e-18 3.7483e-23 3.94055e-29 5.47012e-36
 1.73256e-41 2.40467e-33 4.03434e-26 8.18156e-20 2.00561e-14 5.943e-10 2.12869e-06 0.000921648 0.0482357 0.305368 0.249156 0.160675 0.159239 0.0550563 0.0179515 0.00312185 0.000265363 7.94043e-06 6.04273e-08 9.03793e-11 2.27325e-14 8.73013e-19 4.80657e-24 3.63386e-30 3.65787e-37
 1.74707e-41 2.42482e-33 4.06813e-26 8.2501e-20 2.02241e-14 5.99278e-10 2.14652e-06 0.000929368 0.0486399 0.307983 0.253443 0.16595 0.151923 0.0526108 0.0158445 0.00248586 0.000183732 4.44049e-06 2.61616e-08 2.97451e-11 5.57012e-15 1.5615e-19 6.18529e-25 3.33464e-31 2.38437e-38
 1.68479e-41 2.33838e-33 3.92311e-26 7.956e-20 1.95032e-14 5.77915e-10 2.07e-06 0.000896238 0.0469063 0.297115 0.249207 0.180981 0.155083 0.0527645 0.0147949 0.00211583 0.000132987 2.60585e-06 1.18356e-08 1.00526e-11 1.38942e-15 2.85363e-20 8.21414e-26 3.19191e-32 1.63366e-39
 1.59313e-41 2.21115e-33 3.70967e-26 7.52313e-20 1.84421e-14 5.46472e-10 1.95738e-06 0.000847476 0.0443547 0.281106 0.241871 0.196916 0.16059 0.0571442 0.0151065 0.00195567 0.000104787 1.64813e-06 5.76167e-09 3.65887e-12 3.70667e-16 5.52392e-21 1.14903e-26 3.21931e-33 1.18514e-40
 1.5867e-41 2.20224e-33 3.69471e-26 7.4928e-20 1.83677e-14 5.44269e-10 1.94948e-06 0.00084406 0.0441763 0.280102 0.244427 0.19997 0.154881 0.0585664 0.0151195 0.0018269 8.33964e-05 1.05194e-06 2.82134e-09 1.33706e-12 9.9422e-17 1.07537e-21 1.61109e-27 3.23633e-34 8.52325e-42
 1.63755e-41 2.27282e-33 3.81312e-26 7.73293e-20 1.89564e-14 5.61712e-10 2.01196e-06 0.00087111 0.0455926 0.289199 0.254274 0.199063 0.143121 0.0529928 0.0132877 0.0015357 6.12596e-05 6.24017e-07 1.28556e-09 4.54791e-13 2.48114e-17 1.94839e-22 2.10525e-28 3.03578e-35 5.71916e-43
#pred catch len freq
 2.5644e-27 2.59172e-27 3.62099e-26 7.0989e-20 1.74021e-14 5.15655e-10 1.84699e-06 0.000799676 0.0418522 0.264768 0.202774 0.0378724 0.145806 0.134779 0.0341395 0.0443904 0.020517 0.0177802 0.0119533 0.00980029 0.00818847 0.00745555 0.00781585 0.00711386 0.00219119
 2.5672e-27 2.59889e-27 4.19956e-26 8.31921e-20 2.03935e-14 6.04297e-10 2.16449e-06 0.000937142 0.0490466 0.310282 0.23758 0.0411181 0.146056 0.134541 0.0259812 0.0255367 0.010064 0.00654824 0.00358354 0.00245778 0.00177781 0.00143481 0.00136419 0.00126076 0.000427669
 2.56806e-27 2.60114e-27 4.38511e-26 8.71059e-20 2.1353e-14 6.32726e-10 2.26632e-06 0.00098123 0.051354 0.32488 0.248736 0.0417256 0.142842 0.131474 0.0236878 0.0209801 0.00716739 0.00311226 0.00130954 0.000667863 0.000374802 0.00025095 0.000206461 0.000183689 6.50074e-05
 2.5681e-27 2.60123e-27 4.39047e-26 8.72189e-20 2.13807e-14 6.33547e-10 2.26926e-06 0.000982503 0.0514206 0.325301 0.249061 0.0419337 0.144197 0.132703 0.0235334 0.0203019 0.00670613 0.00252242 0.000827897 0.000279262 0.000106399 5.1449e-05 3.35055e-05 2.68725e-05 9.53561e-06
 2.56799e-27 2.60092e-27 4.36216e-26 8.66216e-20 2.12342e-14 6.29208e-10 2.25372e-06 0.000975774 0.0510685 0.323073 0.247362 0.04208 0.146504 0.134823 0.0237563 0.0202731 0.00664598 0.00241402 0.000742488 0.000203227 4.92418e-05 1.43741e-05 6.19256e-06 4.0242e-06 1.37406e-06
 2.56625e-27 2.59619e-27 3.9442e-26 7.78043e-20 1.90728e-14 5.65161e-10 2.02431e-06 0.000876449 0.0458702 0.290188 0.22227 0.0432985 0.173406 0.159653 0.0282476 0.0242707 0.0079336 0.00284234 0.000861021 0.000223977 4.52859e-05 8.12995e-06 1.8046e-06 7.6549e-07 2.35807e-07
 2.56719e-27 2.59878e-27 4.17781e-26 8.27328e-20 2.02809e-14 6.00961e-10 2.15254e-06 0.000931968 0.0487758 0.308569 0.23629 0.0422515 0.155589 0.143292 0.026807 0.0251069 0.00823335 0.00297355 0.000896592 0.000229515 4.44601e-05 6.64578e-06 8.00178e-07 1.53676e-07 3.67266e-08
 2.56924e-27 2.60433e-27 4.66599e-26 9.30312e-20 2.28055e-14 6.75767e-10 2.42048e-06 0.00104798 0.0548473 0.346979 0.2656 0.0410604 0.125932 0.11586 0.0207845 0.018276 0.00614703 0.00247076 0.000755007 0.000194185 3.71448e-05 5.30852e-06 5.00739e-07 4.02825e-08 5.14459e-09
 2.56909e-27 2.60385e-27 4.61662e-26 9.19894e-20 2.25501e-14 6.682e-10 2.39338e-06 0.00103624 0.0542331 0.343094 0.262644 0.0417508 0.133263 0.122507 0.0198249 0.0143987 0.00473248 0.00176205 0.000559806 0.000156974 3.04529e-05 4.31658e-06 3.82896e-07 2.01713e-08 9.68453e-10
 2.56826e-27 2.60159e-27 4.41807e-26 8.78008e-20 2.15233e-14 6.37774e-10 2.2844e-06 0.000989058 0.0517637 0.327472 0.250723 0.0422413 0.145371 0.133714 0.0224316 0.0175109 0.00549894 0.00163123 0.000488653 0.000130975 2.73547e-05 4.05676e-06 3.57427e-07 1.68357e-08 4.158e-10
 2.5684e-27 2.60201e-27 4.45668e-26 8.86155e-20 2.1723e-14 6.43692e-10 2.3056e-06 0.000998235 0.052244 0.33051 0.253039 0.0419924 0.141849 0.130493 0.0223658 0.0181785 0.00580487 0.0018645 0.000517962 0.000113878 2.21553e-05 3.39287e-06 3.16977e-07 1.47814e-08 2.96698e-10
 2.56896e-27 2.6035e-27 4.58782e-26 9.13819e-20 2.24012e-14 6.63787e-10 2.37757e-06 0.0010294 0.053875 0.340828 0.260913 0.0416888 0.134007 0.123234 0.0206741 0.0161486 0.00520361 0.00175488 0.000504261 0.000115156 1.91113e-05 2.55996e-06 2.40636e-07 1.18191e-08 2.31255e-10
 2.56923e-27 2.60422e-27 4.64889e-26 9.26702e-20 2.2717e-14 6.73145e-10 2.41109e-06 0.00104391 0.0546345 0.345633 0.264582 0.0417075 0.131571 0.120942 0.0194739 0.0139823 0.00445521 0.0014348 0.000417585 0.000100152 1.73556e-05 2.12403e-06 1.70501e-07 8.26021e-09 1.67879e-10
 2.5686e-27 2.60251e-27 4.4956e-26 8.94363e-20 2.19242e-14 6.49655e-10 2.32695e-06 0.00100748 0.052728 0.333572 0.255381 0.0422714 0.142326 0.130846 0.0208503 0.0146232 0.00457289 0.00133578 0.000377681 8.77283e-05 1.57315e-05 2.01496e-06 1.51952e-07 6.36172e-09 1.2583e-10
 2.56727e-27 2.5989e-27 4.17731e-26 8.27218e-20 2.02782e-14 6.00881e-10 2.15225e-06 0.000931844 0.0487693 0.308528 0.236273 0.0431645 0.162548 0.149521 0.0244207 0.0180658 0.00562923 0.00159925 0.000435683 9.27841e-05 1.59879e-05 2.06618e-06 1.62365e-07 6.433e-09 1.1224e-10
 2.56789e-27 2.60061e-27 4.33175e-26 8.59799e-20 2.10769e-14 6.24547e-10 2.23702e-06 0.000968545 0.0506902 0.32068 0.24554 0.0424485 0.150588 0.138541 0.0235024 0.0187406 0.00591116 0.00178331 0.000485218 9.98723e-05 1.59982e-05 1.93594e-06 1.51425e-07 6.17186e-09 1.02179e-10
 2.56896e-27 2.6035e-27 4.5848e-26 9.1318e-20 2.23855e-14 6.63323e-10 2.37591e-06 0.00102868 0.0538373 0.34059 0.260735 0.0419157 0.135859 0.124894 0.0200884 0.014391 0.00460832 0.00151797 0.000425633 9.18729e-05 1.44677e-05 1.6414e-06 1.18949e-07 4.77934e-09 8.028e-11
 2.56883e-27 2.60311e-27 4.54764e-26 9.05341e-20 2.21933e-14 6.57628e-10 2.35551e-06 0.00101985 0.0533751 0.337666 0.258507 0.0422076 0.139646 0.128351 0.0200249 0.0133676 0.00417413 0.00121665 0.000346891 8.10108e-05 1.33827e-05 1.53406e-06 1.04794e-07 3.90456e-09 6.42026e-11
 2.56872e-27 2.60282e-27 4.52216e-26 8.99966e-20 2.20616e-14 6.53724e-10 2.34153e-06 0.00101379 0.0530582 0.335661 0.256977 0.0423041 0.141455 0.130018 0.0202884 0.0135453 0.00417367 0.0011224 0.000303297 6.46429e-05 1.12258e-05 1.3752e-06 9.60345e-08 3.40041e-09 5.21096e-11
 2.56886e-27 2.60319e-27 4.55559e-26 9.07019e-20 2.22345e-14 6.58847e-10 2.35988e-06 0.00102174 0.0534741 0.338292 0.258984 0.0421539 0.138902 0.127675 0.020091 0.0136852 0.00421876 0.00113358 0.000298683 5.86662e-05 9.33054e-06 1.13242e-06 8.47556e-08 3.08297e-09 4.52547e-11
 2.56888e-27 2.60323e-27 4.5579e-26 9.07506e-20 2.22464e-14 6.59201e-10 2.36115e-06 0.00102229 0.0535028 0.338473 0.259124 0.0422592 0.139605 0.128296 0.0197121 0.0126649 0.0039138 0.00107518 0.00028413 5.53314e-05 8.28762e-06 9.14571e-07 6.60378e-08 2.53784e-09 3.83039e-11
 2.56947e-27 2.60486e-27 4.7037e-26 9.38263e-20 2.30004e-14 6.81543e-10 2.44117e-06 0.00105693 0.0553161 0.349945 0.267874 0.0416593 0.128892 0.118451 0.0186998 0.0128325 0.00393016 0.00101293 0.000267112 5.29905e-05 7.9218e-06 8.36511e-07 5.4923e-08 2.01902e-09 3.16781e-11
 2.57026e-27 2.60697e-27 4.887e-26 9.76932e-20 2.39483e-14 7.09631e-10 2.54178e-06 0.00110049 0.0575959 0.364367 0.278883 0.0414187 0.119326 0.10955 0.0157855 0.00842648 0.00259639 0.000718804 0.000187799 3.53708e-05 5.31639e-06 5.65088e-07 3.57094e-08 1.202e-09 1.80071e-11
 2.5703e-27 2.60706e-27 4.89454e-26 9.78522e-20 2.39873e-14 7.10786e-10 2.54592e-06 0.00110229 0.0576896 0.36496 0.279336 0.0414156 0.118985 0.109235 0.0157295 0.00837174 0.00248124 0.00052643 0.000134838 2.68088e-05 3.91188e-06 4.06434e-07 2.58181e-08 8.38701e-10 1.1606e-11
 2.57019e-27 2.60678e-27 4.8693e-26 9.73198e-20 2.38568e-14 7.06919e-10 2.53206e-06 0.00109629 0.0573757 0.362974 0.277821 0.0415318 0.120933 0.111023 0.0158773 0.00825857 0.00244552 0.000515869 0.000122668 1.9524e-05 2.85437e-06 2.99127e-07 1.84569e-08 5.97131e-10 7.98623e-12
 2.56974e-27 2.60554e-27 4.75934e-26 9.49999e-20 2.32881e-14 6.90068e-10 2.47171e-06 0.00107015 0.056008 0.354322 0.27122 0.0419196 0.128521 0.118012 0.0168754 0.00877488 0.00259102 0.000533999 0.000126303 1.95773e-05 2.44056e-06 2.27617e-07 1.41631e-08 4.48647e-10 5.9272e-12
 2.56957e-27 2.60508e-27 4.71872e-26 9.4143e-20 2.3078e-14 6.83843e-10 2.44941e-06 0.0010605 0.0555028 0.351126 0.268781 0.0419646 0.130578 0.119929 0.0175507 0.00983228 0.00290864 0.00059915 0.000140922 2.13949e-05 2.62055e-06 2.19047e-07 1.17022e-08 3.62226e-10 4.71587e-12
 2.56914e-27 2.60395e-27 4.6216e-26 9.20943e-20 2.25758e-14 6.68962e-10 2.39611e-06 0.00103742 0.054295 0.343485 0.262948 0.042064 0.135433 0.124453 0.0191595 0.0123644 0.00370483 0.000823483 0.000196332 2.97544e-05 3.59622e-06 2.93346e-07 1.43332e-08 3.82464e-10 4.73193e-12
#obs catch len freq
 1.63657e-41 2.27146e-33 3.81084e-26 7.7283e-20 1.8945e-14 5.61376e-10 2.01076e-06 0.000870588 0.0455631 0.288246 0.220843 0.0442823 0.164802 0.140069 0.0433194 0.0351922 0.011695 0.0040832 0.000904826 0.000120966 7.12094e-06 1.32807e-07 5.79589e-10 4.74142e-13 6.29351e-17
 1.6453e-41 2.28356e-33 3.83115e-26 7.7695e-20 1.9046e-14 5.64368e-10 2.02148e-06 0.000875229 0.045806 0.289782 0.22208 0.0463811 0.16833 0.13552 0.043233 0.0330934 0.0106237 0.00347353 0.00071142 8.36347e-05 4.07639e-06 5.93025e-08 1.93247e-10 1.14957e-13 1.09312e-17
 1.91491e-41 2.65777e-33 4.45895e-26 9.04267e-20 2.2167e-14 6.5685e-10 2.35273e-06 0.00101865 0.0533121 0.337268 0.258346 0.0457966 0.134199 0.102035 0.0335986 0.0241128 0.00753775 0.0022984 0.000429636 4.40566e-05 1.76943e-06 2.00354e-08 4.87366e-11 2.10853e-14 1.43656e-18
 1.94288e-41 2.69659e-33 4.52409e-26 9.17476e-20 2.24908e-14 6.66445e-10 2.3871e-06 0.00103353 0.0540909 0.342195 0.262203 0.0489935 0.141984 0.100581 0.0263969 0.0160026 0.00487363 0.00138609 0.000235864 2.08346e-05 6.83406e-07 6.00641e-09 1.09117e-11 3.43903e-15 1.68152e-19
 1.98979e-41 2.76169e-33 4.63331e-26 9.39627e-20 2.30338e-14 6.82535e-10 2.44473e-06 0.00105848 0.0553968 0.350457 0.268582 0.0506514 0.138346 0.0921289 0.0252443 0.0139387 0.0032823 0.000782201 0.000120314 9.10326e-06 2.41385e-07 1.63655e-09 2.2186e-12 5.10274e-16 1.79497e-20
 1.80771e-41 2.50899e-33 4.20935e-26 8.53648e-20 2.09262e-14 6.20081e-10 2.22103e-06 0.000961628 0.0503278 0.31839 0.244322 0.0573539 0.173359 0.108014 0.0288014 0.0144923 0.00326588 0.000631717 7.35953e-05 4.59546e-06 9.78243e-08 5.08443e-10 5.12532e-13 8.60095e-17 2.18054e-21
 1.49712e-41 2.0779e-33 3.48611e-26 7.06975e-20 1.73307e-14 5.13539e-10 1.83941e-06 0.000796403 0.0416805 0.263687 0.202887 0.0661869 0.219588 0.130613 0.0460932 0.0228267 0.00474336 0.000816429 7.62904e-05 3.44459e-06 5.5462e-08 2.1883e-10 1.63506e-13 1.9982e-17 3.64982e-22
 2.1205e-41 2.94311e-33 4.93768e-26 1.00135e-19 2.45469e-14 7.27371e-10 2.60532e-06 0.00112802 0.0590358 0.373479 0.286327 0.0520604 0.110031 0.0639718 0.0326757 0.0164998 0.0040669 0.000666523 5.25877e-05 1.79694e-06 2.01707e-08 5.66706e-11 3.08135e-14 2.73259e-18 3.59245e-23
 2.02488e-41 2.8104e-33 4.71504e-26 9.562e-20 2.34401e-14 6.94574e-10 2.48785e-06 0.00107715 0.0563739 0.356641 0.273865 0.0624586 0.147227 0.0739363 0.0177107 0.0077668 0.00246368 0.000442045 3.42886e-05 9.47617e-07 7.69273e-09 1.47438e-11 5.50031e-15 3.42824e-19 3.20738e-24
 2.05711e-41 2.85513e-33 4.79007e-26 9.71417e-20 2.38131e-14 7.05627e-10 2.52744e-06 0.00109429 0.057271 0.362317 0.27834 0.06397 0.139817 0.0672395 0.0210901 0.00735431 0.00125996 0.000224635 1.90167e-05 4.89056e-07 3.13752e-09 4.28252e-12 1.08629e-15 4.56886e-20 2.92271e-25
 1.77773e-41 2.46737e-33 4.13952e-26 8.39486e-20 2.0579e-14 6.09794e-10 2.18418e-06 0.000945676 0.0494929 0.313115 0.241515 0.0795716 0.192368 0.0861985 0.0262813 0.00877692 0.00154905 0.000172307 1.13121e-05 2.83507e-07 1.60866e-09 1.72096e-12 3.1455e-16 9.12043e-21 3.9524e-26
 2.07113e-41 2.87459e-33 4.82273e-26 9.7804e-20 2.39755e-14 7.10438e-10 2.54467e-06 0.00110176 0.0576615 0.36479 0.280644 0.068636 0.132053 0.0594072 0.0259947 0.00821029 0.00135414 0.000137827 6.25619e-06 1.10788e-07 5.353e-10 4.83448e-13 6.94966e-17 1.4901e-21 4.57983e-27
 1.90734e-41 2.64726e-33 4.44132e-26 9.00692e-20 2.20794e-14 6.54253e-10 2.34343e-06 0.00101462 0.0531013 0.335947 0.259509 0.0844187 0.170847 0.0669414 0.0203528 0.00646428 0.00127793 0.000119338 4.54064e-06 5.62467e-08 1.83901e-10 1.26108e-13 1.4459e-17 2.43188e-22 5.66307e-28
 1.97903e-41 2.74677e-33 4.60828e-26 9.34549e-20 2.29094e-14 6.78846e-10 2.43152e-06 0.00105276 0.0550974 0.348577 0.269324 0.083425 0.151732 0.0600413 0.0236483 0.0060693 0.000935902 9.10793e-05 3.23061e-06 3.17345e-08 7.28508e-11 3.3296e-14 2.66144e-18 3.30927e-23 5.85191e-29
 1.68139e-41 2.33366e-33 3.91521e-26 7.93996e-20 1.94639e-14 5.7675e-10 2.06582e-06 0.000894431 0.046811 0.296167 0.230989 0.108387 0.205858 0.075323 0.0271891 0.00717639 0.00111606 8.36847e-05 2.62718e-06 2.27866e-08 4.09048e-11 1.33377e-14 7.2144e-19 6.02658e-24 7.34617e-30
 1.54737e-41 2.14766e-33 3.60314e-26 7.30709e-20 1.79125e-14 5.30779e-10 1.90116e-06 0.000823139 0.0430798 0.272573 0.214005 0.117623 0.212499 0.08645 0.0415 0.00990501 0.00143606 0.000101544 2.52668e-06 1.74716e-08 2.57835e-11 6.56835e-15 2.60527e-19 1.52467e-24 1.26788e-30
 1.77726e-41 2.46672e-33 4.13844e-26 8.39267e-20 2.05737e-14 6.09635e-10 2.18361e-06 0.000945429 0.04948 0.313064 0.244629 0.10614 0.166346 0.0705235 0.0368842 0.0102918 0.00159173 9.94437e-05 2.13339e-06 1.15559e-08 1.28598e-11 2.5207e-15 7.69143e-20 3.37538e-25 2.04062e-31
 1.75058e-41 2.4297e-33 4.07632e-26 8.26669e-20 2.02648e-14 6.00484e-10 2.15084e-06 0.000931238 0.0487373 0.308383 0.242649 0.121426 0.178496 0.0634126 0.0267838 0.00777062 0.00132165 8.50279e-05 1.5806e-06 6.91554e-09 5.90697e-12 8.54522e-16 1.91509e-20 6.23353e-26 2.80552e-32
 1.76399e-41 2.44831e-33 4.10754e-26 8.33001e-20 2.04201e-14 6.05083e-10 2.16731e-06 0.00093837 0.0491106 0.31076 0.245545 0.12662 0.171575 0.0629033 0.0257325 0.00584904 0.000902741 5.89829e-05 1.04082e-06 3.83913e-09 2.56456e-12 2.8011e-16 4.62048e-21 1.0889e-26 3.5328e-33
 1.72257e-41 2.39082e-33 4.01109e-26 8.13441e-20 1.99406e-14 5.90875e-10 2.11642e-06 0.000916336 0.0479575 0.303491 0.241801 0.138073 0.174431 0.0626798 0.0246098 0.00533491 0.000666895 3.63735e-05 5.83802e-07 1.89938e-09 1.04346e-12 8.8413e-17 1.09347e-21 1.89647e-27 4.47107e-34
 1.8185e-41 2.52396e-33 4.23447e-26 8.58743e-20 2.10511e-14 6.23782e-10 2.23428e-06 0.000967368 0.0506283 0.320405 0.255376 0.135224 0.154351 0.0566835 0.0215015 0.00435636 0.000483343 2.0895e-05 2.63439e-07 7.08623e-10 3.22629e-13 2.19899e-17 2.11185e-22 2.7626e-28 4.8151e-35
 1.77397e-41 2.46215e-33 4.13077e-26 8.37711e-20 2.05355e-14 6.08505e-10 2.17956e-06 0.000943676 0.0493885 0.312607 0.252026 0.149647 0.158884 0.0539135 0.0186059 0.00361159 0.000357505 1.27817e-05 1.22887e-07 2.47574e-10 8.66858e-14 4.62581e-18 3.47267e-23 3.5062e-29 4.64092e-36
 1.7931e-41 2.48871e-33 4.17532e-26 8.46747e-20 2.0757e-14 6.15068e-10 2.20307e-06 0.000953854 0.0499213 0.316019 0.256393 0.153371 0.150382 0.052813 0.0169981 0.002887 0.000251753 7.5533e-06 5.67668e-08 8.48688e-11 2.1611e-14 8.44648e-19 4.71599e-24 3.58038e-30 3.57671e-37
 1.80431e-41 2.50427e-33 4.20143e-26 8.52041e-20 2.08868e-14 6.18914e-10 2.21685e-06 0.000959819 0.0502336 0.318054 0.260376 0.16045 0.144631 0.0483769 0.014468 0.00227802 0.000166771 4.08041e-06 2.42174e-08 2.73874e-11 5.10634e-15 1.43498e-19 5.73159e-25 3.12535e-31 2.26023e-38
 1.81858e-41 2.52407e-33 4.23465e-26 8.58778e-20 2.10519e-14 6.23807e-10 2.23438e-06 0.000967408 0.0506309 0.320637 0.264768 0.164981 0.137595 0.0459139 0.0126088 0.00178092 0.000112185 2.19634e-06 1.00397e-08 8.59438e-12 1.18929e-15 2.43511e-20 6.99085e-26 2.71694e-32 1.3951e-39
 1.7579e-41 2.43985e-33 4.09336e-26 8.30124e-20 2.03495e-14 6.02994e-10 2.15982e-06 0.00093513 0.048942 0.310071 0.26109 0.179492 0.140398 0.0458253 0.0116758 0.00148857 7.90533e-05 1.24398e-06 4.35583e-09 2.7756e-12 2.82802e-16 4.23448e-21 8.82307e-27 2.46984e-33 9.07493e-41
 1.66833e-41 2.31553e-33 3.88478e-26 7.87826e-20 1.93126e-14 5.72268e-10 2.04977e-06 0.000887481 0.0464488 0.294459 0.254478 0.195116 0.145863 0.049507 0.0118239 0.00135291 6.06481e-05 7.59836e-07 2.03639e-09 9.66533e-13 7.20174e-17 7.81269e-22 1.17497e-27 2.36919e-34 6.25699e-42
 1.66243e-41 2.30734e-33 3.87105e-26 7.85041e-20 1.92443e-14 5.70245e-10 2.04253e-06 0.000884344 0.0462852 0.293573 0.257295 0.197559 0.140873 0.0505091 0.0117335 0.00123829 4.68231e-05 4.66681e-07 9.5439e-10 3.36916e-13 1.83862e-17 1.44562e-22 1.56442e-28 2.26009e-35 4.26743e-43
#spawning biomass
 7321.45 6327.96 7868.24 11214.5 15416.2 18224.9 16865.3 21191.1 31977.1 47124.1 59758.5 76230.7 98241.2 122198 125291 106002 96095 100772 99639 99253.1 94345.7 102181 95385.8 108701 119111 121402 122437 154525 233654 385194 412281 389776 342509 288846 239084 197535 165000 140589 122812 110142 101254 95088.3 90818.3 87864 85897 84587.4 83715.4 83134.9 82748.3 82491 82319.6 82205.5 82129.6 82079 82045.3 82022.9 82008 81998 81991.4 81987 81984.1 81982.1 81980.8 81980 81979.4 81979 81978.7 81978.6 81978.5 81978.4 81978.3 81978.3 81978.3 81978.3 81978.3 81978.3 81978.2 81978.2 81978.2 81978.2 81978.2 81978.2 81978.2 81978.2 81978.2 81978.2 81978.2 81978.2 81978.2 81978.2 81978.2 81978.2 81978.2 81978.2 81978.2 81978.2 81978.2 81978.2 81978.2 81978.2 81978.2 81978.2 81978.2 81978.2 81978.2 81978.2 81978.2 81978.2 81978.2 81978.2 81978.2 81978.2 81978.2 81978.2 81978.2 81978.2 81978.2 81978.2 81978.2 81978.2 81978.2 81978.2 81978.2 81978.2 81978.2 81978.2 81978.2 81978.2 0 0 0 0 0 0 0 0 0 0 0 0 0 0 0 0 0 0 0 0 0 0 0 0 0
