SBPRF35
28.2845
Curr Bio
195536
B35
4.6405e+07
F35
0.0242083
FOFL
0
OFL
0
Bzero
8.08129e+06
#pred survey bio
 30166 24349.7 18856.5 20371.4 31814.7 47153.6 66654.7 90319.3 120347 148519 165739 202599 247753 258501 228028 220820 253782 273391 260755 255010 236299 262855 249170 257290 265703 298093 282816 232533 4.52694e+06 9.11274e+06 1.46009e+07 2.00956e+07 2.52165e+07 2.97669e+07 3.36876e+07 3.7e+07 3.97653e+07 4.206e+07 4.39615e+07 4.55406e+07 4.68592e+07 4.79691e+07 4.88431e+07 4.92067e+07 4.95639e+07 4.99141e+07 5.02571e+07 5.05928e+07 5.09212e+07 5.12422e+07 5.15559e+07 5.18624e+07 5.21619e+07 5.24545e+07 5.27403e+07 5.30195e+07 5.32923e+07 5.35587e+07 5.38191e+07 5.40735e+07 5.43221e+07 5.45651e+07 5.48026e+07 5.50347e+07 5.52616e+07 5.54834e+07 5.57004e+07 5.59125e+07 5.612e+07 5.6323e+07 5.65215e+07 5.67157e+07 5.69058e+07 5.70918e+07 5.72738e+07 5.7452e+07 5.76265e+07 5.77973e+07 5.79645e+07 5.81283e+07 5.82888e+07 5.84459e+07 5.85999e+07 5.87508e+07 5.88986e+07 5.90436e+07 5.91856e+07 5.93249e+07 5.94614e+07 5.95953e+07 5.97266e+07 5.98554e+07 5.99818e+07 6.01058e+07 6.02274e+07 6.03468e+07 6.0464e+07 6.05791e+07 6.0692e+07 6.08029e+07 6.09119e+07 6.10189e+07 6.1124e+07 6.12272e+07 6.13287e+07 6.14284e+07 6.15264e+07 6.16227e+07 6.17174e+07 6.18105e+07 6.19021e+07 6.19922e+07 6.20808e+07 6.2168e+07 6.22537e+07 6.23381e+07 6.24212e+07 6.25029e+07 6.25834e+07 6.26626e+07 6.27407e+07 6.28175e+07 6.28932e+07 6.29677e+07 6.30412e+07 6.31135e+07 6.31849e+07 6.32551e+07 0 0 0 0 0 0 0 0 0 0 0 0 0 0 0 0 0 0 0 0 0 0 0 0 0
#obs survey bio
 29662.2 19874.2 18620.6 29171.2 38928.8 56229.7 44902.5 116241 159698 154069 164834 250504 235899 201298 209135 163697 213528 194486 214798 137337 152094 286444 192032 289098 173117 262623 168399 164969
#pred catch bio
 19648 16986.2 12279.9 12249.4 22065.9 34433.2 49775.9 67693.8 91243 117860 130361 157647 198543 215633 190664 179583 210459 234171 217845 220488 203409 231724 220851 229690 231595 270581 259187 223275 0 10204.5 16622.7 23075 29120.4 34502.5 39136.2 43038.6 46279 48948 51138.7 52937.3 54419.2 55647.8 56594.5 56943.5 57282 57610.3 57928.9 58237.9 58537.6 58828.4 59110.4 59384 59649.4 59906.9 60156.7 60398.9 60633.9 60861.9 61083.1 61297.6 61505.7 61707.6 61903.4 62093.4 62277.6 62456.4 62629.8 62798 62961.2 63119.4 63273 63421.9 63566.4 63706.6 63842.5 63974.4 64102.3 64226.5 64346.8 64463.6 64576.9 64686.8 64793.4 64896.8 64997.1 65094.4 65188.8 65280.4 65369.2 65455.4 65539 65620 65698.7 65775 65849 65920.8 65990.4 66058 66123.5 66187.1 66248.8 66308.6 66366.6 66422.9 66477.5 66530.5 66581.9 66631.7 66680.1 66727 66772.5 66816.6 66859.4 66901 66941.3 66980.3 67018.2 67055 67090.7 67125.3 67158.9 67191.4 67223 67253.7 67283.4 67312.2 67340.2 67367.3 0 0 0 0 0 0 0 0 0 0 0 0 0 0 0 0 0 0 0 0 0 0 0 0 0
#obs catch bio
 16604.8 17456.9 15014.7 10035.7 16814.5 30942.4 44250.2 59109.1 73091.5 97705 122683 144704 173291 215057 170752 164228 202717 227592 198135 208365 189914 216352 189506 201913 209319 231482 254374 200136
#pred cpue bio
 25000.5 21006.2 14709.4 14304.4 18787.2 26075.3 35275 47795.3 64214.1 82985.3 89463.3 103490 131929 146546 131089 114342 125855 136800 129968 136514 114133 111507 115456 104367 108029 124310 113979 103288 1.42878e+06 8.9662e+06 1.44798e+07 1.99725e+07 2.50933e+07 2.96437e+07 3.35644e+07 3.68768e+07 3.96421e+07 4.19368e+07 4.38382e+07 4.54174e+07 4.67359e+07 4.78458e+07 4.87199e+07 4.90835e+07 4.94406e+07 4.97909e+07 5.01339e+07 5.04696e+07 5.0798e+07 5.1119e+07 5.14327e+07 5.17392e+07 5.20387e+07 5.23313e+07 5.26171e+07 5.28963e+07 5.3169e+07 5.34355e+07 5.36959e+07 5.39503e+07 5.41989e+07 5.44419e+07 5.46793e+07 5.49114e+07 5.51384e+07 5.53602e+07 5.55772e+07 5.57893e+07 5.59968e+07 5.61997e+07 5.63983e+07 5.65925e+07 5.67826e+07 5.69686e+07 5.71506e+07 5.73288e+07 5.75033e+07 5.76741e+07 5.78413e+07 5.80051e+07 5.81655e+07 5.83227e+07 5.84767e+07 5.86276e+07 5.87754e+07 5.89203e+07 5.90624e+07 5.92016e+07 5.93382e+07 5.94721e+07 5.96034e+07 5.97322e+07 5.98586e+07 5.99825e+07 6.01042e+07 6.02236e+07 6.03408e+07 6.04558e+07 6.05688e+07 6.06797e+07 6.07886e+07 6.08956e+07 6.10007e+07 6.1104e+07 6.12054e+07 6.13052e+07 6.14032e+07 6.14995e+07 6.15942e+07 6.16873e+07 6.17789e+07 6.1869e+07 6.19576e+07 6.20447e+07 6.21305e+07 6.22149e+07 6.22979e+07 6.23797e+07 6.24602e+07 6.25394e+07 6.26174e+07 6.26943e+07 6.27699e+07 6.28445e+07 6.29179e+07 6.29903e+07 6.30616e+07 6.31319e+07 0 0 0 0 0 0 0 0 0 0 0 0 0 0 0 0 0 0 0 0 0 0 0 0 0
#obs cpue bio
 26571.5 18350.8 15692.3 14035.1 34022.6 35895.3 63275.6 78211 119173 158389 111526 128586 218405 187124 251389 195392 182010 223142 218742 320743 235323 149296 261849 164806 221376 284839 193723 236290
#pred surv len freq
 9.71544e-12 1.05452e-09 6.7489e-08 2.54683e-06 5.66705e-05 0.000743567 0.00575397 0.0262844 0.0712097 0.117092 0.129394 0.127778 0.137669 0.129186 0.092686 0.0581137 0.0362063 0.0222666 0.0139028 0.00924929 0.00673439 0.00544486 0.0046272 0.00353955 0.00206002
 7.57866e-12 8.22591e-10 5.26457e-08 1.98669e-06 4.42069e-05 0.000580054 0.00448942 0.0205258 0.0558554 0.0938292 0.112835 0.133279 0.163765 0.158021 0.1097 0.0636347 0.036331 0.0204004 0.0111359 0.00609761 0.00352919 0.00230845 0.00170217 0.00122615 0.000707869
 1.09417e-11 1.18762e-09 7.60074e-08 2.86828e-06 6.38232e-05 0.00083741 0.00647985 0.0295932 0.080078 0.130902 0.141095 0.130849 0.13326 0.123748 0.0907174 0.0585213 0.0356259 0.0194326 0.00966725 0.00462461 0.00218868 0.00109186 0.000624029 0.000387155 0.000210905
 1.28649e-11 1.39636e-09 8.93671e-08 3.37244e-06 7.50413e-05 0.000984592 0.00761849 0.0347872 0.0940486 0.153062 0.161806 0.141997 0.134988 0.11709 0.0750744 0.0384678 0.0195933 0.0105257 0.00547169 0.00257241 0.00108753 0.000436815 0.000183394 8.62613e-05 4.04447e-05
 1.54638e-11 1.67845e-09 1.0742e-07 4.05371e-06 9.02002e-05 0.00118347 0.00915679 0.0417978 0.112817 0.182113 0.185558 0.1454 0.119544 0.0962759 0.0587415 0.0272902 0.0115756 0.00491009 0.00207439 0.000890785 0.000369922 0.000138322 4.70344e-05 1.59574e-05 5.65119e-06
 1.58297e-11 1.71816e-09 1.09962e-07 4.14962e-06 9.23343e-05 0.00121148 0.00937351 0.0427886 0.115512 0.186627 0.190912 0.151422 0.125864 0.099154 0.0545175 0.0183752 0.00368083 0.000435427 3.03811e-05 1.24998e-06 3.03255e-08 4.33798e-10 3.65897e-12 1.82132e-14 5.73406e-17
 1.63549e-11 1.77517e-09 1.1361e-07 4.2873e-06 9.53979e-05 0.00125167 0.00968436 0.0442046 0.119294 0.192411 0.1953 0.150966 0.120942 0.0935369 0.0511847 0.0172348 0.0034517 0.000408307 2.84886e-05 1.17212e-06 2.84364e-08 4.06775e-10 3.43099e-12 1.70643e-14 5.00412e-17
 1.63557e-11 1.77526e-09 1.13616e-07 4.28753e-06 9.54029e-05 0.00125173 0.00968488 0.044207 0.1193 0.192421 0.195307 0.150966 0.120934 0.0935277 0.0511792 0.0172329 0.00345133 0.000408262 2.84855e-05 1.17199e-06 2.84333e-08 4.06731e-10 3.43062e-12 1.70624e-14 5.00357e-17
 1.62602e-11 1.76488e-09 1.12952e-07 4.26247e-06 9.48454e-05 0.00124442 0.0096283 0.0439493 0.118612 0.191368 0.194509 0.151048 0.12183 0.0945499 0.0517857 0.0174405 0.00349302 0.000413198 2.88299e-05 1.18616e-06 2.87771e-08 4.11648e-10 3.4721e-12 1.72687e-14 5.06407e-17
 1.56991e-11 1.70399e-09 1.09055e-07 4.11539e-06 9.15728e-05 0.00120148 0.00929624 0.0424366 0.114571 0.185188 0.189821 0.151535 0.127087 0.10055 0.055346 0.0186587 0.00373779 0.000442169 3.08516e-05 1.26934e-06 3.07951e-08 4.40515e-10 3.71558e-12 1.84797e-14 5.41919e-17
 1.6124e-11 1.7501e-09 1.12006e-07 4.22677e-06 9.4051e-05 0.001234 0.0095477 0.0435821 0.117631 0.189868 0.193371 0.151167 0.123106 0.0960065 0.05265 0.0177362 0.00355244 0.000420231 2.93207e-05 1.20635e-06 2.92669e-08 4.18656e-10 3.5312e-12 1.75627e-14 5.15027e-17
 1.6748e-11 1.81783e-09 1.16341e-07 4.39035e-06 9.76907e-05 0.00128175 0.00991701 0.0452644 0.122125 0.196741 0.198584 0.150626 0.117259 0.0893329 0.0486903 0.0163812 0.00328022 0.000388009 2.70723e-05 1.11384e-06 2.70226e-08 3.8655e-10 3.26041e-12 1.62159e-14 4.75532e-17
 1.62836e-11 1.76743e-09 1.13115e-07 4.26861e-06 9.4982e-05 0.00124621 0.00964216 0.0440124 0.11878 0.191626 0.194704 0.151028 0.12161 0.0942995 0.0516371 0.0173896 0.00348281 0.000411989 2.87456e-05 1.18269e-06 2.86929e-08 4.10443e-10 3.46194e-12 1.72182e-14 5.04925e-17
 1.55122e-11 1.6837e-09 1.07757e-07 4.06641e-06 9.04827e-05 0.00118718 0.00918564 0.0419327 0.113225 0.18313 0.188259 0.151697 0.128839 0.102549 0.0565318 0.0190645 0.00381931 0.000451819 3.15249e-05 1.29704e-06 3.14672e-08 4.5013e-10 3.79668e-12 1.8883e-14 5.53747e-17
 1.53271e-11 1.66361e-09 1.06471e-07 4.01787e-06 8.94028e-05 0.00117302 0.00907605 0.0414336 0.111892 0.181091 0.186712 0.151857 0.130574 0.104529 0.0577067 0.0194665 0.00390008 0.000461379 3.21921e-05 1.32449e-06 3.21331e-08 4.59656e-10 3.87703e-12 1.92827e-14 5.65466e-17
 1.66e-11 1.80178e-09 1.15313e-07 4.35157e-06 9.68279e-05 0.00127043 0.00982947 0.0448656 0.121059 0.195111 0.197348 0.150754 0.118645 0.0909149 0.049629 0.0167024 0.00334475 0.000395647 2.76053e-05 1.13577e-06 2.75546e-08 3.94161e-10 3.3246e-12 1.65351e-14 4.84894e-17
 1.70576e-11 1.85143e-09 1.18492e-07 4.4715e-06 9.94966e-05 0.00130544 0.0101002 0.0460991 0.124354 0.200151 0.201171 0.150357 0.114357 0.0860219 0.0467257 0.015709 0.00314516 0.000372023 2.59567e-05 1.06794e-06 2.5909e-08 3.70622e-10 3.12605e-12 1.55477e-14 4.55936e-17
 1.69655e-11 1.84144e-09 1.17852e-07 4.44737e-06 9.89596e-05 0.0012984 0.0100458 0.0458509 0.123691 0.199137 0.200402 0.150437 0.11522 0.0870064 0.0473099 0.0159089 0.00318532 0.000376777 2.62884e-05 1.08159e-06 2.62402e-08 3.75358e-10 3.16601e-12 1.57464e-14 4.61763e-17
 1.70059e-11 1.84582e-09 1.18132e-07 4.45795e-06 9.9195e-05 0.00130148 0.0100696 0.0459597 0.123982 0.199581 0.200739 0.150402 0.114842 0.0865748 0.0470538 0.0158213 0.00316771 0.000374693 2.6143e-05 1.07561e-06 2.6095e-08 3.73282e-10 3.14849e-12 1.56593e-14 4.59209e-17
 1.62218e-11 1.76073e-09 1.12686e-07 4.25243e-06 9.46219e-05 0.00124149 0.00960563 0.043846 0.118336 0.190946 0.194188 0.151082 0.122189 0.0949597 0.0520289 0.0175237 0.00350974 0.000415176 2.8968e-05 1.19184e-06 2.89149e-08 4.1362e-10 3.48873e-12 1.73514e-14 5.08832e-17
 1.73202e-11 1.87994e-09 1.20316e-07 4.54034e-06 0.000101028 0.00132553 0.0102557 0.0468071 0.126245 0.203043 0.203365 0.150129 0.111897 0.0832135 0.0450595 0.0151388 0.00303061 0.000358464 2.50105e-05 1.02901e-06 2.49646e-08 3.57111e-10 3.0121e-12 1.49809e-14 4.39316e-17
 1.84512e-11 2.0027e-09 1.28173e-07 4.83684e-06 0.000107626 0.00141209 0.0109251 0.0498566 0.13439 0.2155 0.212816 0.149149 0.101297 0.0711169 0.0378821 0.0126829 0.00253718 0.000300059 2.0935e-05 8.61329e-07 2.08964e-08 2.98917e-10 2.52125e-12 1.25396e-14 3.67726e-17
 1.77095e-11 1.9222e-09 1.2302e-07 4.64241e-06 0.000103299 0.00135533 0.0104861 0.0478569 0.129049 0.207331 0.206619 0.149792 0.108248 0.0790494 0.0425887 0.0142934 0.00286075 0.000338359 2.36076e-05 9.7129e-07 2.35641e-08 3.37079e-10 2.84313e-12 1.41405e-14 4.14672e-17
 1.87881e-11 2.03927e-09 1.30513e-07 4.92516e-06 0.000109591 0.00143787 0.0111245 0.0507649 0.136817 0.219211 0.215631 0.148857 0.0981402 0.0675138 0.0357442 0.0119513 0.0023902 0.000282663 1.97211e-05 8.11382e-07 1.96846e-08 2.81583e-10 2.37505e-12 1.18125e-14 3.46402e-17
 1.87713e-11 2.03745e-09 1.30396e-07 4.92075e-06 0.000109493 0.00143658 0.0111145 0.0507196 0.136695 0.219026 0.21549 0.148871 0.0982979 0.0676937 0.035851 0.0119879 0.00239754 0.000283531 1.97817e-05 8.13876e-07 1.97451e-08 2.82449e-10 2.38235e-12 1.18488e-14 3.47467e-17
 1.85828e-11 2.01699e-09 1.29087e-07 4.87134e-06 0.000108393 0.00142216 0.011003 0.0502114 0.135338 0.21695 0.213916 0.149035 0.100064 0.0697094 0.037047 0.0123971 0.00247976 0.000293263 2.04608e-05 8.41817e-07 2.0423e-08 2.92146e-10 2.46414e-12 1.22556e-14 3.59396e-17
 1.8835e-11 2.04436e-09 1.30839e-07 4.93744e-06 0.000109864 0.00144146 0.0111522 0.0508913 0.137154 0.219727 0.216022 0.148816 0.0977011 0.0670126 0.0354469 0.0118496 0.00236976 0.000280243 1.95522e-05 8.04435e-07 1.95161e-08 2.79172e-10 2.35471e-12 1.17113e-14 3.43436e-17
 1.80783e-11 1.96223e-09 1.25582e-07 4.73909e-06 0.000105451 0.00138356 0.0107044 0.0488513 0.131705 0.211393 0.2097 0.149472 0.104792 0.0751049 0.0402483 0.0134925 0.00269985 0.000319314 2.22786e-05 9.16611e-07 2.22376e-08 3.18102e-10 2.68307e-12 1.33445e-14 3.91327e-17
#obs surv len freq
 3.92078e-11 3.63364e-09 1.98563e-07 6.39799e-06 0.000121556 0.00136181 0.00899788 0.0350968 0.0812351 0.11461 0.111427 0.104556 0.115698 0.121769 0.112407 0.0901056 0.0579058 0.0288122 0.0113303 0.00353444 0.000851197 0.000152856 1.97661e-05 1.7786e-06 1.08018e-07
 2.10411e-11 1.88078e-09 9.9127e-08 3.08061e-06 5.64523e-05 0.000610084 0.00389122 0.0147065 0.033629 0.0513033 0.0702752 0.109695 0.155275 0.171113 0.155983 0.118745 0.0694916 0.0305663 0.0107019 0.00309839 0.000715355 0.000123518 1.51607e-05 1.277e-06 7.1884e-08
 1.37746e-10 1.18549e-08 6.01592e-07 1.80009e-05 0.000317595 0.00330402 0.0202683 0.0733276 0.156599 0.19839 0.153193 0.0834639 0.054322 0.0615174 0.0730678 0.0637126 0.0373543 0.0151365 0.00460696 0.00113357 0.000227161 3.53778e-05 4.02972e-06 3.18417e-07 1.67896e-08
 1.3998e-10 1.15806e-08 5.64911e-07 1.62487e-05 0.000275582 0.00275613 0.016259 0.056666 0.117652 0.151742 0.144304 0.141951 0.14472 0.112644 0.0619911 0.0281975 0.0127801 0.0055094 0.0019274 0.000500243 9.40957e-05 1.28737e-05 1.27632e-06 8.94568e-08 4.27568e-09
 1.79572e-10 1.42588e-08 6.67597e-07 1.84304e-05 0.000300017 0.00287985 0.0163051 0.0545264 0.108493 0.133315 0.118711 0.110358 0.119662 0.120776 0.103645 0.0688718 0.0311885 0.00900438 0.00168441 0.000229955 2.78276e-05 3.11627e-06 2.7728e-07 1.73821e-08 7.33229e-10
 3.25707e-10 2.47872e-08 1.11228e-06 2.94298e-05 0.000459148 0.00422403 0.0229194 0.0734318 0.139761 0.162969 0.133476 0.108867 0.104824 0.0958698 0.0755038 0.047746 0.0216471 0.00664646 0.00139476 0.000205956 2.16937e-05 1.64526e-06 9.31905e-08 4.11212e-09 1.38778e-10
 3.96056e-10 2.88484e-08 1.23901e-06 3.13771e-05 0.000468542 0.00412584 0.0214333 0.0658306 0.120916 0.140466 0.127586 0.127294 0.13156 0.112447 0.0787401 0.0445285 0.0183281 0.00511646 0.000976941 0.000134497 1.38481e-05 1.04964e-06 5.6123e-08 2.05128e-09 5.07939e-11
 6.35476e-10 4.42461e-08 1.81651e-06 4.39733e-05 0.000627674 0.00528325 0.0262327 0.0769755 0.134759 0.147575 0.122324 0.110785 0.113426 0.10546 0.0822773 0.0487215 0.0195204 0.0050321 0.000846168 9.82032e-05 8.40014e-06 5.44513e-07 2.61534e-08 8.92284e-10 2.07997e-11
 8.82114e-10 5.86397e-08 2.29851e-06 5.31239e-05 0.000723986 0.00581852 0.0275908 0.0774068 0.130315 0.140895 0.124408 0.12391 0.125339 0.106225 0.0746823 0.0412811 0.0161741 0.00428616 0.000779274 9.9998e-05 9.08812e-06 5.73865e-07 2.47848e-08 7.30366e-10 1.469e-11
 1.17753e-09 7.46526e-08 2.79064e-06 6.15109e-05 0.000799469 0.00612788 0.0277193 0.0742678 0.120067 0.127729 0.118055 0.126019 0.132462 0.116969 0.0843321 0.0451416 0.016062 0.00361297 0.000517732 4.98902e-05 3.51171e-06 1.90687e-07 7.80775e-09 2.25862e-10 4.37715e-12
 1.8087e-09 1.09241e-07 3.89039e-06 8.1694e-05 0.00101155 0.00738677 0.0318359 0.0812986 0.125494 0.128412 0.116207 0.122728 0.12846 0.114344 0.0821757 0.0426609 0.0144255 0.00303984 0.000399882 3.39531e-05 1.96546e-06 8.17573e-08 2.49877e-09 5.56564e-11 8.8574e-13
 2.90352e-09 1.66904e-07 5.65716e-06 0.000113063 0.00133243 0.00926067 0.0379908 0.0923889 0.136108 0.134082 0.118818 0.122468 0.12298 0.104289 0.0711796 0.0350747 0.0112995 0.00228932 0.000294113 2.48639e-05 1.44601e-06 5.91683e-08 1.68564e-09 3.26871e-11 4.25754e-13
 3.51657e-09 1.92216e-07 6.19508e-06 0.000117733 0.00131937 0.00872124 0.0340553 0.0791576 0.113699 0.117741 0.12316 0.141879 0.142207 0.115696 0.0748441 0.0347131 0.0104644 0.00196837 0.000231964 1.77287e-05 9.2549e-07 3.43919e-08 9.1336e-10 1.68862e-11 2.10873e-13
 4.85464e-09 2.52108e-07 7.71977e-06 0.000139385 0.00148406 0.00932086 0.0345928 0.0765352 0.105365 0.107207 0.114394 0.136425 0.145809 0.12878 0.0867478 0.0396098 0.0113598 0.00199288 0.000214892 1.46425e-05 6.60842e-07 2.07929e-08 4.68327e-10 7.47472e-12 8.23125e-14
 8.91366e-09 4.39453e-07 1.27749e-05 0.000218975 0.00221335 0.0131965 0.0464832 0.0974929 0.126516 0.118952 0.114917 0.127279 0.130066 0.110511 0.0711503 0.0309208 0.00846891 0.00143613 0.000153071 1.06302e-05 5.00936e-07 1.63463e-08 3.65387e-10 5.46162e-12 5.37205e-14
 1.21582e-08 5.68663e-07 1.56829e-05 0.000255033 0.00244572 0.013838 0.0463113 0.0928315 0.118227 0.118338 0.128874 0.144903 0.136723 0.104411 0.0610674 0.0244695 0.00621347 0.000973892 9.50416e-05 5.97148e-06 2.53516e-07 7.5656e-09 1.59605e-10 2.32373e-12 2.2667e-14
 1.98562e-08 8.80535e-07 2.30242e-05 0.000354994 0.00322771 0.0173144 0.0549278 0.10427 0.125218 0.116918 0.1197 0.13302 0.130383 0.10386 0.0608141 0.0234617 0.00561217 0.000817142 7.29287e-05 4.09731e-06 1.51374e-07 3.85568e-09 6.94333e-11 8.76428e-13 7.56365e-15
 2.75277e-08 1.15682e-06 2.86649e-05 0.00041883 0.00360904 0.0183538 0.0552865 0.100416 0.119176 0.119327 0.133533 0.146202 0.132165 0.0959171 0.05185 0.0187716 0.00428008 0.000606389 5.43266e-05 3.18839e-06 1.26877e-07 3.46085e-09 6.36552e-11 7.70576e-13 6.05175e-15
 3.49919e-08 1.39293e-06 3.26949e-05 0.000452523 0.00369404 0.0178036 0.0509194 0.0885872 0.104323 0.111672 0.135155 0.15391 0.144497 0.107244 0.0570643 0.0197661 0.00425805 0.0005679 4.7964e-05 2.671e-06 1.02148e-07 2.72689e-09 5.00741e-11 6.15667e-13 4.95668e-15
 5.90984e-08 2.22771e-06 4.95148e-05 0.00064896 0.00501645 0.0228927 0.0619758 0.101892 0.112645 0.112142 0.128618 0.144474 0.136631 0.100586 0.0516065 0.0169301 0.00342689 0.00042787 3.37377e-05 1.74898e-06 6.21312e-08 1.54126e-09 2.63977e-11 3.04726e-13 2.32388e-15
 9.10521e-08 3.24935e-06 6.83748e-05 0.00084842 0.00620946 0.0268398 0.0689442 0.108417 0.118053 0.121077 0.138837 0.145958 0.125553 0.0843065 0.0399888 0.012259 0.00233703 0.000277103 2.09619e-05 1.05233e-06 3.62651e-08 8.64473e-10 1.40125e-11 1.51066e-13 1.06722e-15
 1.29901e-07 4.38812e-06 8.74054e-05 0.00102665 0.00711335 0.0291202 0.070988 0.106902 0.115038 0.121857 0.14215 0.14823 0.125702 0.0819353 0.0370194 0.0106895 0.00190994 0.000211753 1.49579e-05 7.01137e-07 2.26143e-08 5.07081e-10 7.77557e-12 7.95904e-14 5.3385e-16
 1.94521e-07 6.21961e-06 0.000117262 0.0013037 0.00855072 0.0331477 0.0766494 0.110293 0.116118 0.12367 0.143217 0.146432 0.121253 0.0760954 0.0326192 0.00887012 0.00148959 0.000155357 1.03435e-05 4.5746e-07 1.38931e-08 2.91836e-10 4.16921e-12 3.96233e-14 2.46588e-16
 2.82677e-07 8.55496e-06 0.000152667 0.00160662 0.00997564 0.0366327 0.0804747 0.111376 0.117007 0.128208 0.14773 0.146061 0.115781 0.0688902 0.0277841 0.00708207 0.00111323 0.000108605 6.75947e-06 2.79202e-07 7.91157e-09 1.5496e-10 2.06332e-12 1.82616e-14 1.05665e-16
 4.03713e-07 1.15652e-05 0.000195361 0.00194616 0.0114406 0.0398055 0.0831337 0.110932 0.116746 0.131304 0.1508 0.146094 0.112531 0.0640233 0.0243283 0.00578667 0.000841801 7.51719e-05 4.21625e-06 1.54263e-07 3.83456e-09 6.62008e-11 7.88318e-13 6.32906e-15 3.35272e-17
 4.85322e-07 1.31616e-05 0.000210473 0.00198511 0.0110537 0.0365098 0.0731116 0.0972949 0.111604 0.139502 0.164032 0.156225 0.116591 0.0633128 0.0227175 0.00508051 0.000694776 5.84504e-05 3.09776e-06 1.0718e-07 2.50445e-09 4.00622e-11 4.33946e-13 3.11884e-15 1.46473e-17
 6.19488e-07 1.59059e-05 0.000240824 0.00215069 0.0113434 0.0355459 0.0680191 0.0888258 0.105231 0.137304 0.166341 0.164259 0.125087 0.0669048 0.0230886 0.00493595 0.000649934 5.35966e-05 2.85509e-06 1.015e-07 2.4468e-09 3.96586e-11 4.23212e-13 2.92164e-15 1.29317e-17
 7.51759e-07 1.82771e-05 0.000262043 0.00221638 0.0110802 0.0330296 0.0610685 0.0811867 0.105139 0.145426 0.176157 0.170491 0.12522 0.063515 0.0205568 0.00409303 0.000498728 3.77681e-05 1.8343e-06 5.94089e-08 1.32024e-09 2.01728e-11 2.07814e-13 1.40923e-15 6.17428e-18
#pred catch len freq
 3.11904e-13 3.38544e-11 2.16672e-09 8.1774e-08 1.82056e-06 2.39529e-05 0.000187945 0.000918837 0.00331651 0.0121085 0.0440948 0.11726 0.196445 0.206949 0.151954 0.0956044 0.0595694 0.0366294 0.0228686 0.0152137 0.011077 0.00895587 0.00761096 0.00582195 0.00338839
 2.21629e-13 2.40558e-11 1.53962e-09 5.81101e-08 1.29412e-06 1.70529e-05 0.00013484 0.000683013 0.00277033 0.0119554 0.0473496 0.128544 0.215388 0.223797 0.157628 0.0916251 0.0523048 0.0293639 0.0160272 0.00877557 0.00507909 0.00332223 0.00244969 0.00176463 0.00101874
 4.17667e-13 4.53338e-11 2.90141e-09 1.09499e-07 2.4375e-06 3.20486e-05 0.000250629 0.00120604 0.00410646 0.0135034 0.0460897 0.120425 0.201618 0.214491 0.161584 0.104643 0.0637063 0.0347434 0.0172824 0.00826716 0.00391251 0.00195182 0.00111552 0.000692081 0.000377015
 5.93592e-13 6.44289e-11 4.12349e-09 1.55618e-07 3.46386e-06 4.55257e-05 0.000355325 0.00169374 0.00555724 0.016928 0.0546218 0.139762 0.229955 0.233549 0.154816 0.0797708 0.040638 0.0218244 0.0113437 0.0053328 0.00225451 0.000905534 0.000380182 0.000178823 8.38433e-05
 7.39898e-12 8.03088e-10 5.13976e-08 1.93959e-06 4.3159e-05 0.000566314 0.00438346 0.0200504 0.0546849 0.0928491 0.116086 0.146634 0.186262 0.176358 0.111646 0.0521797 0.0221213 0.00937434 0.00395888 0.00169984 0.000705884 0.000263945 8.97502e-05 3.04497e-05 1.07835e-05
 1.02874e-11 1.1166e-09 7.14622e-08 2.69677e-06 6.0007e-05 0.000787358 0.00609333 0.0278462 0.0755997 0.125585 0.144604 0.156227 0.1778 0.158427 0.0896863 0.0304094 0.00609861 0.000721607 5.03511e-05 2.07163e-06 5.02594e-08 7.18947e-10 6.06414e-12 3.01852e-14 9.49996e-17
 1.17995e-11 1.28072e-09 8.19662e-08 3.09315e-06 6.8827e-05 0.000903071 0.00698828 0.031923 0.0864889 0.142239 0.157238 0.154916 0.16363 0.142255 0.0800911 0.0271261 0.00543896 0.000643528 4.49026e-05 1.84746e-06 4.48207e-08 6.41149e-10 5.40785e-12 2.68963e-14 7.88737e-17
 1.18762e-11 1.28905e-09 8.24989e-08 3.11326e-06 6.92743e-05 0.00090894 0.00703366 0.0321297 0.0870412 0.143084 0.157879 0.154849 0.162911 0.141435 0.0796044 0.0269595 0.0054055 0.000639568 4.46263e-05 1.83609e-06 4.45449e-08 6.37203e-10 5.37457e-12 2.67308e-14 7.83883e-17
 1.19392e-11 1.29588e-09 8.29362e-08 3.12976e-06 6.96415e-05 0.000913757 0.00707092 0.0322995 0.0874946 0.143777 0.158405 0.154795 0.162321 0.140762 0.0792049 0.0268228 0.00537804 0.000636317 4.43995e-05 1.82676e-06 4.43185e-08 6.33964e-10 5.34725e-12 2.65949e-14 7.79898e-17
 1.19115e-11 1.29288e-09 8.27439e-08 3.1225e-06 6.948e-05 0.000911638 0.00705453 0.0322248 0.0872951 0.143472 0.158173 0.154819 0.162581 0.141058 0.0793807 0.026883 0.00539012 0.000637747 4.44993e-05 1.83086e-06 4.44181e-08 6.35389e-10 5.35927e-12 2.66547e-14 7.81651e-17
 1.24348e-11 1.34967e-09 8.63789e-08 3.25967e-06 7.25322e-05 0.000951682 0.00736424 0.0336356 0.0910635 0.149235 0.162546 0.154365 0.157677 0.135462 0.0760601 0.0257467 0.00516184 0.000610727 4.26137e-05 1.75329e-06 4.2536e-08 6.08466e-10 5.13218e-12 2.55253e-14 7.48531e-17
 1.32698e-11 1.44031e-09 9.21798e-08 3.47858e-06 7.74031e-05 0.00101559 0.00785848 0.0358871 0.0970772 0.158433 0.169523 0.153641 0.149852 0.126531 0.0707611 0.0239335 0.00479754 0.000567607 3.96048e-05 1.62948e-06 3.95324e-08 5.65501e-10 4.76979e-12 2.37229e-14 6.95676e-17
 1.30401e-11 1.41538e-09 9.05841e-08 3.41837e-06 7.60633e-05 0.000998007 0.00772252 0.0352677 0.095423 0.155903 0.167604 0.15384 0.152005 0.128987 0.0722187 0.0244323 0.00489775 0.000579468 4.04325e-05 1.66354e-06 4.03587e-08 5.7732e-10 4.86948e-12 2.42187e-14 7.10215e-17
 1.26035e-11 1.36799e-09 8.75513e-08 3.30392e-06 7.35166e-05 0.000964597 0.00746412 0.0340906 0.0922789 0.151094 0.163956 0.154219 0.156096 0.133657 0.0749892 0.0253803 0.00508822 0.000602012 4.20056e-05 1.72827e-06 4.1929e-08 5.99783e-10 5.05894e-12 2.5161e-14 7.37849e-17
 1.23762e-11 1.34332e-09 8.5972e-08 3.24432e-06 7.21906e-05 0.0009472 0.00732957 0.0334777 0.0906417 0.14859 0.162056 0.154416 0.158226 0.136088 0.0764318 0.0258739 0.00518739 0.000613752 4.28248e-05 1.76197e-06 4.27467e-08 6.1148e-10 5.1576e-12 2.56517e-14 7.52238e-17
 1.37814e-11 1.49584e-09 9.57337e-08 3.6127e-06 8.03873e-05 0.00105474 0.00816127 0.0372664 0.100761 0.164068 0.173798 0.153198 0.145058 0.121059 0.0675146 0.0228226 0.00457435 0.000541189 3.77613e-05 1.55364e-06 3.76923e-08 5.39179e-10 4.54777e-12 2.26187e-14 6.63294e-17
 1.47554e-11 1.60156e-09 1.02499e-07 3.86801e-06 8.60683e-05 0.00112927 0.00873771 0.0398923 0.107775 0.174795 0.181936 0.152353 0.135931 0.110643 0.0613343 0.0207078 0.00414947 0.000490898 3.4252e-05 1.40925e-06 3.41893e-08 4.89069e-10 4.12511e-12 2.05165e-14 6.01649e-17
 1.50802e-11 1.63681e-09 1.04756e-07 3.95315e-06 8.79627e-05 0.00115412 0.00892993 0.0407679 0.110114 0.178372 0.184649 0.152072 0.132887 0.107169 0.0592734 0.0200026 0.00400779 0.000474128 3.30817e-05 1.3611e-06 3.30211e-08 4.72359e-10 3.98417e-12 1.98155e-14 5.81092e-17
 1.47873e-11 1.60502e-09 1.02721e-07 3.87637e-06 8.62543e-05 0.00113171 0.00875659 0.0399783 0.108005 0.175146 0.182202 0.152325 0.135632 0.110302 0.0611319 0.0206386 0.00413555 0.000489251 3.4137e-05 1.40452e-06 3.40746e-08 4.87427e-10 4.11127e-12 2.04477e-14 5.9963e-17
 1.42155e-11 1.54296e-09 9.8749e-08 3.72648e-06 8.29191e-05 0.00108795 0.00841817 0.0384367 0.103887 0.168848 0.177425 0.152821 0.14099 0.116417 0.0647603 0.0218801 0.004385 0.000518776 3.61973e-05 1.48929e-06 3.61311e-08 5.16846e-10 4.35941e-12 2.16818e-14 6.35821e-17
 1.56203e-11 1.69544e-09 1.08508e-07 4.09474e-06 9.11133e-05 0.00119546 0.00924962 0.0422242 0.114004 0.184321 0.189162 0.151603 0.127826 0.101393 0.0558459 0.0188298 0.00377215 0.000446237 3.11354e-05 1.28102e-06 3.10784e-08 4.44568e-10 3.74976e-12 1.86497e-14 5.46905e-17
 1.73366e-11 1.88172e-09 1.2043e-07 4.54465e-06 0.000101124 0.00132679 0.0102654 0.0468514 0.126363 0.203224 0.203503 0.150115 0.111743 0.0830377 0.0449551 0.0151031 0.00302343 0.000357615 2.49513e-05 1.02658e-06 2.49055e-08 3.56266e-10 3.00497e-12 1.49454e-14 4.38276e-17
 1.64669e-11 1.78733e-09 1.14389e-07 4.31667e-06 9.60514e-05 0.00126024 0.00975068 0.0445067 0.120101 0.193645 0.196236 0.150869 0.119892 0.0923386 0.0504737 0.0169915 0.00340282 0.000402521 2.80849e-05 1.15551e-06 2.80334e-08 4.0101e-10 3.38237e-12 1.68225e-14 4.9332e-17
 1.78645e-11 1.93902e-09 1.24097e-07 4.68303e-06 0.000104203 0.00136719 0.0105778 0.0482746 0.130165 0.209038 0.207913 0.149658 0.106796 0.0773922 0.0416054 0.0139569 0.00279315 0.000330357 2.30492e-05 9.48317e-07 2.30068e-08 3.29106e-10 2.77589e-12 1.38061e-14 4.04864e-17
 1.76337e-11 1.91397e-09 1.22494e-07 4.62253e-06 0.000102857 0.00134953 0.0104412 0.0476524 0.128503 0.206496 0.205985 0.149858 0.108959 0.0798604 0.0430699 0.014458 0.00289383 0.000342274 2.38808e-05 9.82532e-07 2.38369e-08 3.4098e-10 2.87604e-12 1.43042e-14 4.19471e-17
 1.77628e-11 1.92798e-09 1.2339e-07 4.65637e-06 0.00010361 0.00135941 0.0105176 0.0480004 0.129433 0.207918 0.207063 0.149746 0.107749 0.0784799 0.0422508 0.0141778 0.00283752 0.000335609 2.34157e-05 9.63396e-07 2.33726e-08 3.34339e-10 2.82002e-12 1.40256e-14 4.11302e-17
 1.81391e-11 1.96883e-09 1.26005e-07 4.75503e-06 0.000105805 0.00138821 0.0107404 0.0490152 0.132143 0.212063 0.210208 0.149419 0.104222 0.0744546 0.0398625 0.0133605 0.00267332 0.000316174 2.20595e-05 9.07597e-07 2.20189e-08 3.14974e-10 2.65669e-12 1.32132e-14 3.87479e-17
 1.76884e-11 1.91991e-09 1.22874e-07 4.63688e-06 0.000103176 0.00135372 0.0104736 0.0478 0.128897 0.207099 0.206442 0.14981 0.108446 0.0792749 0.0427225 0.0143392 0.00286995 0.000339448 2.36836e-05 9.74417e-07 2.364e-08 3.38164e-10 2.85228e-12 1.4186e-14 4.16007e-17
#obs catch len freq
 3.07677e-11 2.85145e-09 1.5582e-07 5.02073e-06 9.539e-05 0.00106869 0.00706192 0.027562 0.0639981 0.091758 0.0953198 0.102735 0.125538 0.137485 0.129611 0.104122 0.0655325 0.0314324 0.0119383 0.00366532 0.000886251 0.000161649 2.13317e-05 1.96161e-06 1.21766e-07
 4.76276e-11 4.25722e-09 2.24378e-07 6.97305e-06 0.000127778 0.00138071 0.00879977 0.0331244 0.0741719 0.102484 0.102305 0.105531 0.123764 0.130796 0.119722 0.0943904 0.0592815 0.0287996 0.0110429 0.00334279 0.000776222 0.000133503 1.64245e-05 1.39759e-06 7.98494e-08
 2.54682e-11 2.19188e-09 1.1123e-07 3.32827e-06 5.87247e-05 0.000611101 0.00375439 0.0136916 0.0304769 0.0469213 0.0692526 0.114309 0.161521 0.175381 0.157632 0.11748 0.0669135 0.0286892 0.00981239 0.00276277 0.000614857 0.00010149 1.18289e-05 9.4089e-07 4.97793e-08
 1.85369e-18 8.1485e-16 2.11206e-13 3.22796e-11 2.90905e-09 1.546e-07 4.84624e-06 8.96748e-05 0.000981865 0.00640938 0.0255148 0.0658166 0.123933 0.189688 0.227754 0.192171 0.108658 0.0426433 0.01263 0.00302247 0.000585167 8.72638e-05 9.43974e-06 7.03774e-07 3.48417e-08
 1.55948e-10 1.2383e-08 5.79771e-07 1.60058e-05 0.000260553 0.00250124 0.0141674 0.0474827 0.0955689 0.124036 0.132654 0.15648 0.170308 0.131039 0.0705713 0.0318324 0.0143495 0.00606154 0.00205207 0.000512303 9.24051e-05 1.20799e-05 1.13815e-06 7.5336e-08 3.38154e-09
 2.56033e-10 1.94848e-08 8.74344e-07 2.31343e-05 0.000360931 0.00332055 0.0180199 0.0577793 0.110421 0.13141 0.1167 0.111801 0.122188 0.121819 0.102368 0.065755 0.0285273 0.00787604 0.00141599 0.000188013 2.22672e-05 2.40785e-06 2.03743e-07 1.205e-08 4.77295e-10
 4.73953e-10 3.45223e-08 1.48269e-06 3.75484e-05 0.000560689 0.00493704 0.0256411 0.0786534 0.143511 0.161437 0.1306 0.108763 0.105393 0.0951472 0.0734884 0.0450588 0.0196373 0.00578484 0.00116581 0.000165284 1.6685e-05 1.21137e-06 6.56363e-08 2.75804e-09 8.78861e-11
 5.86622e-10 4.08446e-08 1.67686e-06 4.05928e-05 0.000579425 0.00487733 0.0242222 0.0711537 0.125267 0.140845 0.127316 0.128256 0.130691 0.109262 0.0748927 0.0410881 0.0162475 0.00434613 0.000797037 0.000105612 1.04414e-05 7.55575e-07 3.83613e-08 1.3263e-09 3.09757e-11
 9.49078e-10 6.30912e-08 2.473e-06 5.71566e-05 0.00077894 0.00625994 0.0296785 0.0831834 0.139352 0.147255 0.120957 0.110995 0.112974 0.103222 0.0784956 0.0447233 0.0171045 0.00420347 0.000675664 7.52546e-05 6.1858e-06 3.83974e-07 1.75554e-08 5.66892e-10 1.24497e-11
 1.37436e-09 8.71306e-08 3.25709e-06 7.17922e-05 0.000933089 0.0071518 0.0323447 0.0865726 0.139242 0.144697 0.124717 0.122014 0.120248 0.0995165 0.0682607 0.0364177 0.013663 0.00346272 0.000602873 7.40426e-05 6.41954e-06 3.85275e-07 1.5772e-08 4.39482e-10 8.33393e-12
 1.87225e-09 1.1308e-07 4.0271e-06 8.45647e-05 0.0010471 0.00764632 0.032954 0.0841472 0.129837 0.132593 0.119158 0.124079 0.126861 0.10933 0.0764905 0.0392338 0.0132744 0.00283494 0.00038668 3.56485e-05 2.41005e-06 1.25392e-07 4.88304e-09 1.33421e-10 2.43132e-12
 2.89295e-09 1.66297e-07 5.63657e-06 0.000112651 0.00132758 0.00922688 0.0378508 0.0920314 0.135457 0.132936 0.116829 0.120261 0.122539 0.10639 0.0739468 0.0366625 0.0117591 0.00234678 0.000292793 2.36528e-05 1.30675e-06 5.19088e-08 1.51106e-09 3.19235e-11 4.79732e-13
 4.69623e-09 2.56696e-07 8.27326e-06 0.000157226 0.00176188 0.0116442 0.0454254 0.105074 0.147386 0.138785 0.118498 0.118099 0.115061 0.0950286 0.0626557 0.0294615 0.00899896 0.00172685 0.000210524 1.69364e-05 9.38499e-07 3.65209e-08 9.85845e-10 1.80548e-11 2.21565e-13
 5.84785e-09 3.03687e-07 9.29917e-06 0.000167902 0.00178766 0.011227 0.041654 0.0920121 0.125702 0.124094 0.124098 0.137064 0.132794 0.105017 0.0655164 0.0289509 0.00826126 0.00146906 0.000163937 1.19028e-05 5.9187e-07 2.09416e-08 5.27621e-10 9.21357e-12 1.08281e-13
 8.18722e-09 4.03639e-07 1.17338e-05 0.00020113 0.002033 0.012122 0.0427123 0.0897309 0.117356 0.113583 0.115615 0.132475 0.137346 0.117599 0.0758665 0.0328336 0.00888565 0.00146996 0.000149674 9.65761e-06 4.14075e-07 1.23949e-08 2.65078e-10 4.00121e-12 4.15092e-14
 1.50269e-08 7.02836e-07 1.93832e-05 0.000315203 0.00302256 0.0170967 0.0571316 0.113673 0.139874 0.124469 0.113767 0.120501 0.11927 0.098076 0.0603759 0.0248475 0.00642139 0.0010276 0.000103584 6.82199e-06 3.05261e-07 9.44273e-09 1.99392e-10 2.80669e-12 2.59431e-14
 2.0861e-08 9.2509e-07 2.41893e-05 0.000372957 0.00339105 0.0181913 0.0577184 0.10965 0.132101 0.12434 0.127073 0.135905 0.12378 0.0914451 0.0511818 0.0194222 0.00464956 0.000686729 6.32685e-05 3.76461e-06 1.51766e-07 4.30024e-09 8.5857e-11 1.17812e-12 1.07938e-14
 3.39821e-08 1.42806e-06 3.53858e-05 0.000517023 0.00445479 0.0226455 0.0680727 0.122394 0.138914 0.121761 0.116843 0.123802 0.117319 0.0900523 0.0501892 0.0182735 0.00411191 0.000563045 4.7327e-05 2.51103e-06 8.78771e-08 2.12337e-09 3.62134e-11 4.3134e-13 3.50012e-15
 4.77078e-08 1.89911e-06 4.45758e-05 0.000616952 0.00503578 0.0242578 0.0692021 0.118926 0.132976 0.124118 0.129541 0.134878 0.117659 0.0822983 0.0423864 0.0144942 0.00311197 0.000415366 3.51373e-05 1.95193e-06 7.35613e-08 1.8961e-09 3.28416e-11 3.73343e-13 2.74871e-15
 6.24214e-08 2.35298e-06 5.22989e-05 0.00068545 0.0052985 0.0241794 0.0654533 0.10756 0.118642 0.11709 0.131591 0.142787 0.129353 0.0921279 0.0465049 0.0151788 0.00307547 0.000386194 3.07923e-05 1.62352e-06 5.88431e-08 1.4856e-09 2.57032e-11 2.96736e-13 2.2374e-15
 1.05206e-07 3.75444e-06 7.90027e-05 0.000980272 0.00717361 0.0309892 0.0793776 0.123174 0.127241 0.116068 0.122952 0.131528 0.119832 0.0843355 0.0409273 0.0126316 0.00240257 0.000282221 2.09919e-05 1.02955e-06 3.4641e-08 8.12412e-10 1.31087e-11 1.42089e-13 1.01486e-15
 1.62366e-07 5.4848e-06 0.000109249 0.00128319 0.00888949 0.0363649 0.0883395 0.130893 0.132408 0.123314 0.130085 0.129932 0.107553 0.0690736 0.0310088 0.00894602 0.001603 0.000178891 1.27705e-05 6.06449e-07 1.9772e-08 4.44781e-10 6.78053e-12 6.85566e-14 4.53275e-16
 2.3489e-07 7.51035e-06 0.000141595 0.0015742 0.0103232 0.0399891 0.0921377 0.130427 0.129372 0.123166 0.131917 0.130769 0.106553 0.0662444 0.0282716 0.00767452 0.00128804 0.000134335 8.95063e-06 3.96728e-07 1.21038e-08 2.56104e-10 3.69265e-12 3.54329e-14 2.22271e-16
 3.54732e-07 1.07356e-05 0.000191579 0.00201602 0.0125145 0.0459006 0.100259 0.135258 0.130177 0.123294 0.130695 0.126977 0.10084 0.0602167 0.0243466 0.00621979 0.000980853 9.62145e-05 6.04074e-06 2.52488e-07 7.24688e-09 1.43505e-10 1.92624e-12 1.71522e-14 9.97956e-17
 5.23271e-07 1.49902e-05 0.000253212 0.0025223 0.0148226 0.0514912 0.106745 0.137902 0.130748 0.125755 0.132269 0.124149 0.0942135 0.0532499 0.020237 0.0048437 0.000714738 6.55603e-05 3.84617e-06 1.50063e-07 4.01644e-09 7.41225e-11 9.26854e-13 7.68213e-15 4.15363e-17
 7.552e-07 2.04803e-05 0.000327498 0.00308836 0.0171836 0.0565486 0.111331 0.13803 0.129587 0.127021 0.133346 0.122676 0.090284 0.0486858 0.0174082 0.00388433 0.000529898 4.4429e-05 2.345e-06 8.09357e-08 1.89976e-09 3.09244e-11 3.46116e-13 2.60352e-15 1.28888e-17
 9.32293e-07 2.39372e-05 0.000362411 0.00323601 0.0170548 0.0532551 0.100275 0.12278 0.123626 0.135269 0.146936 0.133212 0.0948544 0.0487422 0.0164436 0.00344885 0.000442285 3.49381e-05 1.74227e-06 5.6829e-08 1.25224e-09 1.88547e-11 1.91672e-13 1.28951e-15 5.65777e-18
 1.23886e-06 3.01193e-05 0.000431797 0.00365105 0.0182257 0.0539612 0.096786 0.114947 0.117129 0.132877 0.149059 0.140047 0.101366 0.0511441 0.0165747 0.00332379 0.000410859 3.18654e-05 1.59954e-06 5.3616e-08 1.21677e-09 1.85133e-11 1.8496e-13 1.19314e-15 4.92772e-18
#spawning biomass
 28734.3 23450.3 17697.9 18666 28113.1 41170.7 57728.3 78222.7 104385 129928 144062 174362 214815 226768 200574 190501 217292 234443 223457 221320 201419 219478 210941 213416 220468 248266 234369 195536 151429 434729 701394 971996 1.22554e+06 1.45126e+06 1.6456e+06 1.80926e+06 1.94516e+06 2.0571e+06 2.14897e+06 2.2244e+06 2.28655e+06 2.33808e+06 2.37778e+06 2.39242e+06 2.40662e+06 2.42039e+06 2.43375e+06 2.44671e+06 2.45928e+06 2.47147e+06 2.4833e+06 2.49477e+06 2.50591e+06 2.5167e+06 2.52718e+06 2.53734e+06 2.5472e+06 2.55676e+06 2.56603e+06 2.57503e+06 2.58376e+06 2.59222e+06 2.60044e+06 2.6084e+06 2.61613e+06 2.62363e+06 2.6309e+06 2.63795e+06 2.6448e+06 2.65144e+06 2.65788e+06 2.66412e+06 2.67018e+06 2.67606e+06 2.68176e+06 2.68729e+06 2.69266e+06 2.69786e+06 2.70291e+06 2.70781e+06 2.71256e+06 2.71717e+06 2.72164e+06 2.72598e+06 2.73018e+06 2.73427e+06 2.73822e+06 2.74206e+06 2.74579e+06 2.7494e+06 2.75291e+06 2.75631e+06 2.75961e+06 2.76281e+06 2.76591e+06 2.76892e+06 2.77184e+06 2.77468e+06 2.77743e+06 2.78009e+06 2.78268e+06 2.78519e+06 2.78762e+06 2.78998e+06 2.79227e+06 2.79449e+06 2.79665e+06 2.79874e+06 2.80077e+06 2.80273e+06 2.80464e+06 2.80649e+06 2.80829e+06 2.81003e+06 2.81172e+06 2.81336e+06 2.81495e+06 2.81649e+06 2.81799e+06 2.81944e+06 2.82085e+06 2.82221e+06 2.82354e+06 2.82482e+06 2.82607e+06 2.82728e+06 2.82845e+06 2.82959e+06 0 0 0 0 0 0 0 0 0 0 0 0 0 0 0 0 0 0 0 0 0 0 0 0 0
