SBPRF35
0.819782
Curr Bio
117964
B35
690828
F35
0.204782
FOFL
0.086312
OFL
22217
Bzero
234224
#pred survey bio
 5362.03 6887.34 8005.61 10616.5 14555 17961.2 17497.3 22026.7 34737.4 50818.7 57435 73944.3 102090 128457 132630 102227 99762.3 104179 94720.4 95528.8 98729.2 103827 112340 106218 120088 128646 127414 111426 122518 1.10521e+07 9.10777e+06 9.41252e+06 8.7691e+06 7.68389e+06 6.51127e+06 5.44209e+06 4.55187e+06 3.85054e+06 3.31738e+06 2.92144e+06 2.63179e+06 2.42174e+06 2.26954e+06 2.15819e+06 2.07685e+06 2.01898e+06 1.9774e+06 1.94722e+06 1.92507e+06 1.90865e+06 1.89634e+06 1.88702e+06 1.87989e+06 1.87439e+06 1.87011e+06 1.86675e+06 1.86411e+06 1.862e+06 1.86033e+06 1.85898e+06 1.8579e+06 1.85703e+06 1.85633e+06 1.85575e+06 1.85529e+06 1.85491e+06 1.8546e+06 1.85435e+06 1.85415e+06 1.85398e+06 1.85385e+06 1.85374e+06 1.85364e+06 1.85357e+06 1.85351e+06 1.85346e+06 1.85342e+06 1.85339e+06 1.85336e+06 1.85334e+06 1.85332e+06 1.8533e+06 1.85329e+06 1.85328e+06 1.85327e+06 1.85327e+06 1.85326e+06 1.85326e+06 1.85325e+06 1.85325e+06 1.85325e+06 1.85324e+06 1.85324e+06 1.85324e+06 1.85324e+06 1.85324e+06 1.85324e+06 1.85324e+06 1.85324e+06 1.85324e+06 1.85324e+06 1.85324e+06 1.85324e+06 1.85324e+06 1.85324e+06 1.85324e+06 1.85324e+06 1.85324e+06 1.85324e+06 1.85324e+06 1.85324e+06 1.85324e+06 1.85324e+06 1.85324e+06 1.85324e+06 1.85324e+06 1.85324e+06 1.85324e+06 1.85324e+06 1.85324e+06 1.85324e+06 1.85324e+06 1.85324e+06 1.85324e+06 1.85324e+06 1.85324e+06 1.85324e+06 1.85324e+06 1.85324e+06 0 0 0 0 0 0 0 0 0 0 0 0 0 0 0 0 0 0 0 0 0 0 0 0 0
#obs survey bio
 4608.73 9922.77 7807.18 13222.9 10374.7 14707.4 18760.1 32894.7 41079.5 61421.2 103255 92326.6 135698 100700 96111.9 81328.6 102265 101301 83512.5 115312 105367 118939 141621 127376 138014 118991 102975 97301.5 174651
#pred catch bio
 3109.05 4997.6 5870.12 7707.73 10266.7 14068.6 13642.3 16196.4 25126 40775.5 44469.2 56148.8 79690.2 102793 115177 84971.7 82152.8 90587.4 80674.8 81657.8 84858.1 88521.5 101323 91477.9 104443 113912 115955 95320.6 1.41564 22217 72498.8 74389.1 68610.2 59352.8 49533.1 40702.6 33452.7 27832.7 23642.1 20602 18440.3 16925.3 15872.7 15142.5 14641.3 14306.9 14083.8 13935 13835.7 13769.5 13725.3 13695.8 13676.2 13663.1 13654.3 13648.5 13644.6 13642 13640.2 13639.1 13638.3 13637.8 13637.5 13637.2 13637.1 13637 13636.9 13636.9 13636.8 13636.8 13636.8 13636.8 13636.8 13636.8 13636.8 13636.8 13636.8 13636.8 13636.8 13636.8 13636.8 13636.8 13636.8 13636.8 13636.8 13636.8 13636.8 13636.8 13636.8 13636.8 13636.8 13636.8 13636.8 13636.8 13636.8 13636.8 13636.8 13636.8 13636.8 13636.8 13636.8 13636.8 13636.8 13636.8 13636.8 13636.8 13636.8 13636.8 13636.8 13636.8 13636.8 13636.8 13636.8 13636.8 13636.8 13636.8 13636.8 13636.8 13636.8 13636.8 13636.8 13636.8 13636.8 13636.8 13636.8 13636.8 13636.8 13636.8 13636.8 0 0 0 0 0 0 0 0 0 0 0 0 0 0 0 0 0 0 0 0 0 0 0 0 0
#obs catch bio
 5330.92 4847.87 5718.02 7463.57 10080.1 14089.3 13537.6 15567 24266.9 39499.2 42318.4 54159.2 76662.7 101420 115914 85514.9 80981.1 89184.1 79687.5 79487.1 82191.7 86121 97118.4 87980.3 100324 110194 114475 99159.2 1.29484
#pred cpue bio
 4803.25 6030.75 6851.47 8975.73 12378.1 15742 15065.5 18290.8 28919.7 43141.7 48691.9 62056.9 85730.1 108712 115172 87925.7 84677.9 88656.9 80227.3 80543.3 82982.3 86922.4 94243.8 88329.2 99861.8 107543 106580 93807.5 101807 1.03272e+07 9.07631e+06 9.38106e+06 8.73763e+06 7.65242e+06 6.47981e+06 5.41063e+06 4.52041e+06 3.81908e+06 3.28592e+06 2.88998e+06 2.60032e+06 2.39027e+06 2.23808e+06 2.12672e+06 2.04539e+06 1.98752e+06 1.94594e+06 1.91576e+06 1.89361e+06 1.87719e+06 1.86488e+06 1.85556e+06 1.84843e+06 1.84293e+06 1.83865e+06 1.83529e+06 1.83264e+06 1.83054e+06 1.82886e+06 1.82752e+06 1.82644e+06 1.82557e+06 1.82486e+06 1.82429e+06 1.82383e+06 1.82345e+06 1.82314e+06 1.82289e+06 1.82269e+06 1.82252e+06 1.82239e+06 1.82227e+06 1.82218e+06 1.82211e+06 1.82205e+06 1.822e+06 1.82196e+06 1.82192e+06 1.8219e+06 1.82187e+06 1.82186e+06 1.82184e+06 1.82183e+06 1.82182e+06 1.82181e+06 1.8218e+06 1.8218e+06 1.82179e+06 1.82179e+06 1.82179e+06 1.82178e+06 1.82178e+06 1.82178e+06 1.82178e+06 1.82178e+06 1.82178e+06 1.82178e+06 1.82178e+06 1.82178e+06 1.82178e+06 1.82178e+06 1.82177e+06 1.82177e+06 1.82177e+06 1.82177e+06 1.82177e+06 1.82177e+06 1.82177e+06 1.82177e+06 1.82177e+06 1.82177e+06 1.82177e+06 1.82177e+06 1.82177e+06 1.82177e+06 1.82177e+06 1.82177e+06 1.82177e+06 1.82177e+06 1.82177e+06 1.82177e+06 1.82177e+06 1.82177e+06 1.82177e+06 1.82177e+06 1.82177e+06 1.82177e+06 1.82177e+06 1.82177e+06 0 0 0 0 0 0 0 0 0 0 0 0 0 0 0 0 0 0 0 0 0 0 0 0 0
#obs cpue bio
 6014.68 10344.6 9035.87 12739.4 18878.7 17279.1 19147 25767.3 40189.2 55288 71406.9 73012.6 124573 133352 144218 98686.4 111522 120237 105104 112925 128479 113853 159644 130826 164150 185617 156061 122932 137184
#pred surv len freq
 2.56701e-27 2.59868e-27 4.21971e-26 8.36188e-20 2.04981e-14 6.07397e-10 2.17559e-06 0.000941948 0.0492982 0.311874 0.238738 0.0375405 0.118014 0.108989 0.0270682 0.0346546 0.0160129 0.0138785 0.00935081 0.00768714 0.00644528 0.00589173 0.0062035 0.00566334 0.00174634
 2.56743e-27 2.59955e-27 4.26051e-26 8.44779e-20 2.07087e-14 6.13637e-10 2.19794e-06 0.000951626 0.0498047 0.315078 0.241234 0.0406619 0.140017 0.129027 0.0260701 0.0271299 0.0105844 0.00672872 0.00367756 0.00252564 0.0018332 0.00148616 0.00142066 0.00131847 0.000447964
 2.5685e-27 2.60236e-27 4.49818e-26 8.94914e-20 2.19377e-14 6.50055e-10 2.32839e-06 0.0010081 0.0527604 0.333777 0.255518 0.0410111 0.13264 0.122133 0.0233647 0.0226108 0.00790851 0.00369713 0.00153859 0.000771956 0.000433371 0.000291411 0.000241277 0.000215884 7.6572e-05
 2.5691e-27 2.60397e-27 4.63492e-26 9.23758e-20 2.26448e-14 6.71007e-10 2.40343e-06 0.00104059 0.054461 0.344535 0.263734 0.0410599 0.127239 0.117079 0.021211 0.0189481 0.00644384 0.00271419 0.000934299 0.000331393 0.000124162 5.98502e-05 3.92263e-05 3.16933e-05 1.12809e-05
 2.56872e-27 2.60289e-27 4.53761e-26 9.03229e-20 2.21416e-14 6.56094e-10 2.35002e-06 0.00101747 0.0532506 0.336878 0.257894 0.0415142 0.1348 0.124029 0.0219655 0.0189081 0.00626172 0.00237939 0.000772849 0.00023464 6.0664e-05 1.77801e-05 7.63791e-06 5.00615e-06 1.71663e-06
 2.56675e-27 2.59759e-27 4.07235e-26 8.05079e-20 1.97355e-14 5.84799e-10 2.09465e-06 0.000906904 0.0474641 0.300271 0.229959 0.0425814 0.162548 0.149708 0.027848 0.0258674 0.00848556 0.00307472 0.00094967 0.000260779 5.82482e-05 1.1427e-05 2.58658e-06 1.10121e-06 3.41144e-07
 2.568e-27 2.60104e-27 4.38075e-26 8.70139e-20 2.13304e-14 6.32058e-10 2.26393e-06 0.000980194 0.0512998 0.324537 0.248468 0.0413756 0.140367 0.129299 0.0252919 0.0251876 0.00846392 0.00336692 0.00102902 0.000267589 5.42587e-05 8.92884e-06 1.19411e-06 2.36145e-07 5.67612e-08
 2.57008e-27 2.60662e-27 4.86851e-26 9.73036e-20 2.38528e-14 7.06801e-10 2.53164e-06 0.0010961 0.0573662 0.362914 0.277758 0.0404499 0.112744 0.103688 0.0185765 0.016308 0.00560459 0.00244168 0.000782887 0.000217869 4.25585e-05 6.34441e-06 6.61958e-07 5.95985e-08 7.83771e-09
 2.56988e-27 2.60602e-27 4.81052e-26 9.608e-20 2.35528e-14 6.97913e-10 2.49981e-06 0.00108232 0.0566448 0.35835 0.274282 0.0410384 0.119664 0.10999 0.0181749 0.0137858 0.00453193 0.00168697 0.00055642 0.000168603 3.54033e-05 5.27113e-06 4.90532e-07 2.88497e-08 1.54787e-09
 2.56878e-27 2.60303e-27 4.54691e-26 9.0519e-20 2.21896e-14 6.57519e-10 2.35512e-06 0.00101968 0.0533662 0.33761 0.258456 0.0417338 0.136076 0.125163 0.0213916 0.017295 0.00548509 0.00170997 0.000515029 0.000139916 3.13892e-05 5.07325e-06 4.78115e-07 2.39515e-08 6.67933e-10
 2.56886e-27 2.60326e-27 4.5672e-26 9.09469e-20 2.22945e-14 6.60627e-10 2.36625e-06 0.0010245 0.0536185 0.339205 0.259674 0.0416672 0.134713 0.123905 0.0211427 0.0170492 0.0054897 0.00183884 0.000522017 0.000119624 2.36001e-05 3.8337e-06 3.93127e-07 1.97791e-08 4.28581e-10
 2.56946e-27 2.6049e-27 4.71353e-26 9.4034e-20 2.30513e-14 6.83051e-10 2.44657e-06 0.00105927 0.0554385 0.350719 0.268457 0.0411156 0.124344 0.114363 0.0199403 0.0167085 0.00537953 0.00179848 0.000524308 0.000124614 2.14908e-05 2.97158e-06 2.95973e-07 1.59576e-08 3.38408e-10
 2.56941e-27 2.60476e-27 4.69956e-26 9.37393e-20 2.29791e-14 6.80911e-10 2.43891e-06 0.00105595 0.0552648 0.34962 0.26762 0.04128 0.126183 0.11603 0.019682 0.0157015 0.00510136 0.00178528 0.00052246 0.000125072 2.23688e-05 2.85983e-06 2.39764e-07 1.23818e-08 2.75319e-10
 2.56896e-27 2.6035e-27 4.58738e-26 9.13725e-20 2.23989e-14 6.63719e-10 2.37733e-06 0.00102929 0.0538695 0.340793 0.260886 0.0416984 0.134098 0.123317 0.0206668 0.0161094 0.00516646 0.00170664 0.000505234 0.000125495 2.26258e-05 2.95966e-06 2.33912e-07 1.031e-08 2.18502e-10
 2.56733e-27 2.59909e-27 4.1968e-26 8.3133e-20 2.03791e-14 6.03868e-10 2.16295e-06 0.000936476 0.0490118 0.310062 0.237439 0.0428486 0.159325 0.1466 0.0248585 0.0198104 0.00632114 0.00203007 0.000585885 0.000139651 2.58589e-05 3.46001e-06 2.77452e-07 1.15164e-08 2.1267e-10
 2.56797e-27 2.60085e-27 4.35411e-26 8.64516e-20 2.11926e-14 6.27974e-10 2.2493e-06 0.00097386 0.0509683 0.32244 0.246881 0.0422714 0.148299 0.136449 0.0234953 0.0192584 0.00618055 0.00203627 0.000583411 0.000134878 2.39821e-05 3.2077e-06 2.64549e-07 1.10794e-08 1.91996e-10
 2.5688e-27 2.60311e-27 4.55464e-26 9.0682e-20 2.22296e-14 6.58703e-10 2.35936e-06 0.00102151 0.0534623 0.338217 0.258918 0.0416168 0.13486 0.124059 0.0215129 0.0178572 0.00577232 0.00196707 0.000571017 0.000134365 2.33903e-05 3.00622e-06 2.44738e-07 1.04948e-08 1.82445e-10
 2.56862e-27 2.60259e-27 4.50677e-26 8.9672e-20 2.1982e-14 6.51366e-10 2.33308e-06 0.00101014 0.0528669 0.334451 0.256048 0.0419726 0.139585 0.128369 0.0213721 0.0164499 0.00532777 0.00184412 0.000543041 0.00013177 2.33837e-05 2.98426e-06 2.33851e-07 9.86843e-09 1.74455e-10
 2.56888e-27 2.60327e-27 4.5643e-26 9.08856e-20 2.22795e-14 6.60182e-10 2.36466e-06 0.00102381 0.0535824 0.338977 0.259504 0.0419848 0.137249 0.126176 0.0203029 0.0145549 0.00462167 0.00146369 0.000429378 0.000105958 1.932e-05 2.53004e-06 1.98045e-07 8.08526e-09 1.40667e-10
 2.56915e-27 2.604e-27 4.62955e-26 9.22621e-20 2.26169e-14 6.7018e-10 2.40047e-06 0.00103931 0.0543939 0.344111 0.26342 0.0417424 0.132653 0.121949 0.0198237 0.0145215 0.00454347 0.00132452 0.000372122 8.55337e-05 1.56656e-05 2.10515e-06 1.69572e-07 6.92948e-09 1.1729e-10
 2.56932e-27 2.60445e-27 4.66851e-26 9.30839e-20 2.28184e-14 6.7615e-10 2.42186e-06 0.00104857 0.0548784 0.347176 0.26576 0.0417004 0.130689 0.12012 0.0191764 0.0135063 0.0042417 0.00126576 0.000346764 7.35852e-05 1.25551e-05 1.64016e-06 1.3523e-07 5.68138e-09 9.63276e-11
 2.56953e-27 2.60503e-27 4.71885e-26 9.41459e-20 2.30787e-14 6.83864e-10 2.44949e-06 0.00106053 0.0555045 0.351137 0.268783 0.041597 0.127779 0.117424 0.0185297 0.012707 0.00395694 0.00112986 0.00031029 6.65298e-05 1.06956e-05 1.28474e-06 1.0128e-07 4.3232e-09 7.51547e-11
 2.56941e-27 2.6047e-27 4.68963e-26 9.35296e-20 2.29277e-14 6.79388e-10 2.43345e-06 0.00105359 0.0551412 0.348838 0.26703 0.0417108 0.129876 0.119355 0.0187786 0.0127875 0.00396125 0.00109721 0.000295773 6.12684e-05 9.89977e-06 1.14774e-06 8.28677e-08 3.36075e-09 5.89204e-11
 2.56987e-27 2.60593e-27 4.79647e-26 9.57833e-20 2.34801e-14 6.95758e-10 2.49209e-06 0.00107898 0.0564699 0.357244 0.273445 0.041546 0.124115 0.114003 0.0171821 0.010492 0.0032385 0.000889691 0.000237293 4.76905e-05 7.4648e-06 8.52532e-07 5.97773e-08 2.23335e-09 3.71575e-11
 2.56988e-27 2.60596e-27 4.80017e-26 9.58614e-20 2.34993e-14 6.96325e-10 2.49412e-06 0.00107986 0.0565159 0.357535 0.273666 0.0414534 0.123255 0.113231 0.0174463 0.0112851 0.00342383 0.000835463 0.000218508 4.34697e-05 6.64709e-06 7.3315e-07 5.01153e-08 1.81035e-09 2.79693e-11
 2.56959e-27 2.60516e-27 4.72902e-26 9.43604e-20 2.31313e-14 6.85422e-10 2.45507e-06 0.00106295 0.055631 0.351937 0.269396 0.0417284 0.128348 0.117915 0.0179874 0.011342 0.00347174 0.000900139 0.00022946 4.1233e-05 6.15848e-06 6.65357e-07 4.38796e-08 1.53679e-09 2.28394e-11
 2.56955e-27 2.60507e-27 4.72029e-26 9.41763e-20 2.30862e-14 6.84085e-10 2.45028e-06 0.00106088 0.0555225 0.35125 0.268872 0.041762 0.128972 0.118489 0.0180683 0.0113812 0.00346878 0.000875471 0.000226214 4.23643e-05 5.92428e-06 5.98626e-07 3.8484e-08 1.30125e-09 1.86886e-11
 2.56918e-27 2.60403e-27 4.62688e-26 9.22057e-20 2.26031e-14 6.69771e-10 2.39901e-06 0.00103868 0.0543607 0.3439 0.263267 0.0421819 0.136106 0.125039 0.0186307 0.0110143 0.00335168 0.000844695 0.000216497 3.98314e-05 5.7286e-06 5.67771e-07 3.37727e-08 1.09902e-09 1.52453e-11
 2.56994e-27 2.60615e-27 4.81888e-26 9.62562e-20 2.3596e-14 6.99193e-10 2.50439e-06 0.00108431 0.0567487 0.359008 0.274787 0.041214 0.120646 0.110867 0.0178327 0.0127607 0.00386057 0.000909407 0.000230578 4.22627e-05 5.99217e-06 5.97754e-07 3.53824e-08 1.07568e-09 1.42216e-11
#obs surv len freq
 1.6484e-41 2.28788e-33 3.83839e-26 7.78417e-20 1.9082e-14 5.65434e-10 2.02529e-06 0.000876882 0.0458925 0.29033 0.222435 0.0443238 0.164075 0.139391 0.0425881 0.034306 0.0110971 0.00376498 0.000808518 0.000104383 5.87549e-06 1.0405e-07 4.31841e-10 3.38129e-13 4.32499e-17
 1.89966e-41 2.6366e-33 4.42344e-26 8.97065e-20 2.19905e-14 6.51618e-10 2.33399e-06 0.00101054 0.0528875 0.334582 0.256237 0.0440549 0.13271 0.10679 0.03418 0.0261403 0.00821753 0.00261294 0.000514432 5.82346e-05 2.72859e-06 3.80287e-08 1.1859e-10 6.77091e-14 6.2106e-18
 1.93024e-41 2.67904e-33 4.49465e-26 9.11506e-20 2.23445e-14 6.62108e-10 2.37156e-06 0.00102681 0.0537389 0.339968 0.260432 0.0470642 0.14075 0.105897 0.0268188 0.0171164 0.00528806 0.0015825 0.000285142 2.80039e-05 1.07946e-06 1.1771e-08 2.76082e-11 1.15319e-14 7.60405e-19
 1.96742e-41 2.73065e-33 4.58122e-26 9.29063e-20 2.27749e-14 6.74862e-10 2.41724e-06 0.00104658 0.054774 0.346517 0.265496 0.0487346 0.138765 0.0983497 0.0261402 0.0154181 0.00367922 0.000913728 0.00015082 1.2809e-05 4.02264e-07 3.40307e-09 5.98411e-12 1.83133e-15 8.71197e-20
 1.75783e-41 2.43976e-33 4.0932e-26 8.30092e-20 2.03487e-14 6.0297e-10 2.15974e-06 0.000935093 0.0489391 0.309604 0.237505 0.0549665 0.17674 0.117638 0.0314986 0.0172396 0.00399952 0.000823522 0.000102299 7.22712e-06 1.84131e-07 1.20119e-09 1.57573e-12 3.52621e-16 1.21127e-20
 1.46082e-41 2.02752e-33 3.40159e-26 6.89835e-20 1.69105e-14 5.01089e-10 1.79482e-06 0.000777094 0.04067 0.257293 0.197828 0.062423 0.22 0.139435 0.0483434 0.0262694 0.00576288 0.00108052 0.000110421 5.65646e-06 1.09415e-07 5.45758e-10 5.32705e-13 8.6957e-17 2.15375e-21
 2.08364e-41 2.89196e-33 4.85186e-26 9.83948e-20 2.41203e-14 7.1473e-10 2.56005e-06 0.00110841 0.0580098 0.366988 0.281278 0.0503629 0.113035 0.0695278 0.0346173 0.0191477 0.00493641 0.00090281 8.04817e-05 3.20048e-06 4.34403e-08 1.54561e-10 1.10207e-13 1.3089e-17 2.3358e-22
 1.98624e-41 2.75677e-33 4.62505e-26 9.37951e-20 2.29928e-14 6.81318e-10 2.44037e-06 0.0010566 0.055298 0.349834 0.268523 0.0601937 0.151735 0.0817226 0.0191833 0.0088788 0.00293173 0.000586413 5.24843e-05 1.74338e-06 1.75122e-08 4.28147e-11 2.09729e-14 1.75389e-18 2.23181e-23
 2.01485e-41 2.79648e-33 4.69168e-26 9.51463e-20 2.3324e-14 6.91132e-10 2.47552e-06 0.00107182 0.0560946 0.354874 0.272499 0.0618471 0.145366 0.0746547 0.0229459 0.00878484 0.00153553 0.000293943 2.8946e-05 9.11117e-07 7.41864e-09 1.31622e-11 4.41979e-15 2.49966e-19 2.17726e-24
 1.72452e-41 2.39352e-33 4.01563e-26 8.14362e-20 1.99631e-14 5.91544e-10 2.11881e-06 0.000917373 0.0480117 0.303742 0.234092 0.0762582 0.199513 0.0956274 0.0290288 0.0105899 0.00196079 0.000238487 1.74844e-05 5.37074e-07 3.9196e-09 5.53712e-12 1.35841e-15 5.343e-20 3.16572e-25
 2.01325e-41 2.79425e-33 4.68794e-26 9.50705e-20 2.33054e-14 6.90582e-10 2.47355e-06 0.00107096 0.0560499 0.354594 0.272667 0.0667934 0.140051 0.0667781 0.029619 0.0103461 0.00181225 0.000205518 1.06507e-05 2.25945e-07 1.39725e-09 1.67646e-12 3.25979e-16 9.55749e-21 4.04496e-26
 1.84641e-41 2.5627e-33 4.29946e-26 8.71921e-20 2.13741e-14 6.33354e-10 2.26857e-06 0.000982214 0.0514052 0.325214 0.251004 0.0817037 0.180494 0.0757168 0.023441 0.00809811 0.00174534 0.000185303 8.22666e-06 1.23858e-07 5.13185e-10 4.64646e-13 7.2124e-17 1.66298e-21 5.34816e-27
 1.9247e-41 2.67136e-33 4.48176e-26 9.08892e-20 2.22804e-14 6.60209e-10 2.36476e-06 0.00102386 0.0535848 0.339005 0.261688 0.0809366 0.160726 0.0671231 0.0268711 0.00762614 0.00126571 0.000141048 6.0042e-06 7.31056e-08 2.1471e-10 1.29153e-13 1.39127e-17 2.36909e-22 5.78911e-28
 1.62794e-41 2.25948e-33 3.79074e-26 7.68754e-20 1.88451e-14 5.58415e-10 2.00015e-06 0.000865997 0.0453228 0.286747 0.223225 0.104203 0.216285 0.0831753 0.0300221 0.00856684 0.0014551 0.000125213 4.73406e-06 5.19389e-08 1.21172e-10 5.23743e-14 3.81742e-18 4.35486e-23 7.32364e-29
 1.48198e-41 2.0569e-33 3.45087e-26 6.9983e-20 1.71555e-14 5.08349e-10 1.82082e-06 0.000788353 0.0412593 0.261048 0.204523 0.113463 0.224667 0.0939522 0.0463725 0.0119202 0.00185044 0.000150356 4.54155e-06 3.99338e-08 7.75231e-11 2.64655e-14 1.42312e-18 1.13921e-23 1.30531e-29
 1.71244e-41 2.37675e-33 3.9875e-26 8.08656e-20 1.98233e-14 5.87399e-10 2.10397e-06 0.000910946 0.0476753 0.301639 0.235295 0.103133 0.177328 0.0770174 0.0421992 0.012518 0.00212702 0.000151319 3.92644e-06 2.71499e-08 3.9938e-11 1.05703e-14 4.40539e-19 2.65822e-24 2.22017e-30
 1.67943e-41 2.33094e-33 3.91063e-26 7.93069e-20 1.94411e-14 5.76077e-10 2.06341e-06 0.000893386 0.0467563 0.295839 0.232314 0.118669 0.192142 0.0707365 0.0311016 0.00959879 0.0018081 0.000134677 3.03862e-06 1.68859e-08 1.90378e-11 3.72397e-15 1.14474e-19 5.15159e-25 3.21917e-31
 1.69101e-41 2.347e-33 3.93759e-26 7.98535e-20 1.95751e-14 5.80047e-10 2.07764e-06 0.000899544 0.0470786 0.297891 0.23486 0.124096 0.18528 0.0702819 0.0307548 0.00748484 0.00127137 9.72805e-05 2.11327e-06 9.95298e-09 8.74295e-12 1.28526e-15 2.90009e-20 9.44721e-26 4.26451e-32
 1.65978e-41 2.30367e-33 3.86488e-26 7.8379e-20 1.92137e-14 5.69337e-10 2.03927e-06 0.000882934 0.0462093 0.292413 0.232265 0.135255 0.187796 0.0688119 0.0286403 0.00672264 0.000941048 6.00396e-05 1.19726e-06 5.02692e-09 3.64795e-12 4.15292e-16 6.99368e-21 1.66874e-26 5.45374e-33
 1.75251e-41 2.43236e-33 4.08079e-26 8.27577e-20 2.02871e-14 6.01143e-10 2.1532e-06 0.00093226 0.0487909 0.308759 0.245431 0.13368 0.167852 0.0628284 0.0254622 0.00553205 0.000693891 3.56477e-05 5.60927e-07 1.96015e-09 1.18753e-12 1.09202e-16 1.42845e-21 2.56422e-27 6.17086e-34
 1.70961e-41 2.37282e-33 3.9809e-26 8.07318e-20 1.97905e-14 5.86427e-10 2.10049e-06 0.000909439 0.0475966 0.30124 0.242037 0.148154 0.172962 0.0599128 0.0220431 0.00460411 0.000515918 2.20806e-05 2.67798e-07 7.05051e-10 3.30209e-13 2.39015e-17 2.45403e-22 3.4071e-28 6.22684e-35
 1.72444e-41 2.39341e-33 4.01545e-26 8.14325e-20 1.99622e-14 5.91517e-10 2.11872e-06 0.000917332 0.0480097 0.303889 0.245757 0.152963 0.16476 0.0590666 0.020499 0.00375131 0.000371334 1.33978e-05 1.27566e-07 2.5064e-10 8.57852e-14 4.56784e-18 3.50336e-23 3.67218e-29 5.08138e-36
 1.73246e-41 2.40454e-33 4.03411e-26 8.1811e-20 2.0055e-14 5.94266e-10 2.12856e-06 0.000921595 0.048233 0.305351 0.24914 0.160656 0.159261 0.0551613 0.0179271 0.00308085 0.000258189 7.62154e-06 5.74541e-08 8.54993e-11 2.14631e-14 8.23752e-19 4.533e-24 3.4239e-30 3.44177e-37
 1.74373e-41 2.42019e-33 4.06036e-26 8.23434e-20 2.01855e-14 5.98134e-10 2.14242e-06 0.000927593 0.048547 0.307396 0.253033 0.166224 0.152316 0.052899 0.0159675 0.00250025 0.000182873 4.36052e-06 2.53863e-08 2.86136e-11 5.32852e-15 1.48905e-19 5.88903e-25 3.17262e-31 2.2676e-38
 1.68484e-41 2.33845e-33 3.92323e-26 7.95623e-20 1.95038e-14 5.77932e-10 2.07006e-06 0.000896264 0.0469076 0.297123 0.249216 0.181001 0.155077 0.0527245 0.0147964 0.00211994 0.000132926 2.58223e-06 1.16e-08 9.75454e-12 1.33753e-15 2.7309e-20 7.82816e-26 3.03336e-32 1.54971e-39
 1.59492e-41 2.21364e-33 3.71384e-26 7.53159e-20 1.84628e-14 5.47087e-10 1.95958e-06 0.00084843 0.0444046 0.281421 0.242072 0.196677 0.160361 0.0570707 0.0150834 0.00195362 0.000104781 1.64457e-06 5.71422e-09 3.59972e-12 3.61779e-16 5.35373e-21 1.10714e-26 3.08729e-33 1.13229e-40
 1.59517e-41 2.214e-33 3.71444e-26 7.5328e-20 1.84658e-14 5.47175e-10 1.95989e-06 0.000848566 0.0444121 0.281593 0.245489 0.199563 0.153928 0.0575207 0.0147798 0.0017826 8.13646e-05 1.02664e-06 2.74993e-09 1.29861e-12 9.60706e-17 1.03319e-21 1.53917e-27 3.07574e-34 8.06259e-42
 1.63375e-41 2.26754e-33 3.80427e-26 7.71497e-20 1.89123e-14 5.60407e-10 2.00729e-06 0.000869087 0.0454867 0.288532 0.253904 0.199766 0.143658 0.053023 0.0131856 0.00151296 6.02124e-05 6.13092e-07 1.26316e-09 4.4666e-13 2.43306e-17 1.9057e-22 2.05222e-28 2.94814e-35 5.53229e-43
 1.63385e-41 2.26767e-33 3.80449e-26 7.71543e-20 1.89135e-14 5.60441e-10 2.00741e-06 0.000869139 0.0454895 0.28855 0.253927 0.200152 0.145083 0.0523043 0.0122867 0.00129026 4.52566e-05 3.9343e-07 6.7642e-10 1.96635e-13 8.72265e-18 5.52967e-23 4.79993e-29 5.54232e-36 8.34241e-44
#pred catch len freq
 2.56598e-27 2.5959e-27 3.97952e-26 7.85519e-20 1.9256e-14 5.70591e-10 2.04376e-06 0.000884871 0.0463109 0.292976 0.224311 0.0377556 0.129787 0.119897 0.0297775 0.0381232 0.0176157 0.0152676 0.0102867 0.00845656 0.0070904 0.00648144 0.00682442 0.0062302 0.00192114
 2.56703e-27 2.59847e-27 4.16572e-26 8.24783e-20 2.02186e-14 5.99112e-10 2.14592e-06 0.000929101 0.0486258 0.30762 0.235543 0.0408737 0.145627 0.134212 0.0271176 0.02822 0.0110097 0.00699909 0.00382533 0.00262712 0.00190686 0.00154587 0.00147774 0.00137145 0.000465963
 2.56816e-27 2.60145e-27 4.41785e-26 8.77967e-20 2.15223e-14 6.37744e-10 2.28429e-06 0.000989012 0.0517613 0.327456 0.250695 0.0412239 0.137648 0.126758 0.0242496 0.023467 0.00820801 0.00383714 0.00159686 0.00080119 0.000449783 0.000302446 0.000250414 0.00022406 7.94718e-05
 2.56876e-27 2.60303e-27 4.55165e-26 9.06191e-20 2.22142e-14 6.58246e-10 2.35773e-06 0.00102081 0.0534253 0.337983 0.258734 0.0412978 0.132562 0.121992 0.0221011 0.0197432 0.00671424 0.00282808 0.000973504 0.000345299 0.000129372 6.23617e-05 4.08723e-05 3.30232e-05 1.17543e-05
 2.56828e-27 2.6017e-27 4.43191e-26 8.80931e-20 2.1595e-14 6.39897e-10 2.292e-06 0.00099235 0.051936 0.328562 0.251549 0.0418251 0.141623 0.130326 0.0230807 0.0198681 0.00657963 0.00250019 0.000812087 0.000246553 6.37439e-05 1.86828e-05 8.02569e-06 5.26032e-06 1.80378e-06
 2.56661e-27 2.59722e-27 4.0395e-26 7.98149e-20 1.95657e-14 5.79765e-10 2.07662e-06 0.000899098 0.0470555 0.297686 0.227986 0.0426741 0.164639 0.151639 0.0282072 0.026201 0.008595 0.00311438 0.000961918 0.000264142 5.89994e-05 1.15744e-05 2.61994e-06 1.11541e-06 3.45544e-07
 2.56786e-27 2.60065e-27 4.34646e-26 8.62906e-20 2.11531e-14 6.26804e-10 2.24511e-06 0.000972046 0.0508734 0.321839 0.24641 0.0414672 0.142511 0.131279 0.0256793 0.0255734 0.00859355 0.00341848 0.00104478 0.000271687 5.50897e-05 9.06559e-06 1.2124e-06 2.39762e-07 5.76305e-08
 2.5698e-27 2.60585e-27 4.80069e-26 9.58728e-20 2.35021e-14 6.96408e-10 2.49442e-06 0.00107999 0.0565226 0.357577 0.273686 0.0406459 0.117096 0.107705 0.0192961 0.0169397 0.00582169 0.00253626 0.000813213 0.000226308 4.42071e-05 6.59017e-06 6.876e-07 6.19071e-08 8.14131e-09
 2.56955e-27 2.60512e-27 4.73056e-26 9.43931e-20 2.31393e-14 6.8566e-10 2.45592e-06 0.00106332 0.0556503 0.352059 0.269482 0.041288 0.124936 0.114851 0.0189783 0.0143951 0.00473225 0.00176154 0.000581016 0.000176055 3.69682e-05 5.50413e-06 5.12215e-07 3.0125e-08 1.61628e-09
 2.56874e-27 2.60293e-27 4.53805e-26 9.03319e-20 2.21438e-14 6.5616e-10 2.35025e-06 0.00101757 0.053256 0.336912 0.257924 0.0417609 0.136656 0.125699 0.0214831 0.0173689 0.00550856 0.00171729 0.000517232 0.000140515 3.15235e-05 5.09495e-06 4.8016e-07 2.4054e-08 6.7079e-10
 2.56871e-27 2.60284e-27 4.52957e-26 9.01531e-20 2.20999e-14 6.54861e-10 2.3456e-06 0.00101556 0.0531505 0.336245 0.257415 0.0417823 0.137176 0.126176 0.0215303 0.0173618 0.00559035 0.00187256 0.000531588 0.000121817 2.40328e-05 3.90399e-06 4.00335e-07 2.01417e-08 4.36438e-10
 2.56925e-27 2.60434e-27 4.66372e-26 9.29832e-20 2.27937e-14 6.75418e-10 2.41923e-06 0.00104744 0.054819 0.3468 0.265466 0.0412652 0.127584 0.117352 0.0204614 0.0171452 0.00552012 0.00184548 0.000538011 0.000127871 2.20525e-05 3.04925e-06 3.03708e-07 1.63747e-08 3.47253e-10
 2.56929e-27 2.60442e-27 4.66986e-26 9.31127e-20 2.28254e-14 6.76359e-10 2.4226e-06 0.00104889 0.0548954 0.347283 0.265837 0.0413711 0.12813 0.117825 0.0199865 0.0159445 0.00518029 0.0018129 0.000530543 0.000127007 2.27149e-05 2.90408e-06 2.43474e-07 1.25734e-08 2.79579e-10
 2.56891e-27 2.60338e-27 4.57642e-26 9.11414e-20 2.23422e-14 6.62039e-10 2.37131e-06 0.00102669 0.0537332 0.339931 0.260229 0.0417324 0.13482 0.123982 0.0207783 0.0161963 0.00519432 0.00171584 0.000507959 0.000126172 2.27478e-05 2.97562e-06 2.35173e-07 1.03656e-08 2.1968e-10
 2.56762e-27 2.59989e-27 4.26776e-26 8.463e-20 2.0746e-14 6.14742e-10 2.2019e-06 0.000953339 0.0498943 0.315645 0.241699 0.0426301 0.15467 0.142306 0.0241304 0.0192301 0.006136 0.00197061 0.000568724 0.000135561 2.51015e-05 3.35866e-06 2.69326e-07 1.1179e-08 2.06441e-10
 2.56807e-27 2.60111e-27 4.37749e-26 8.69449e-20 2.13135e-14 6.31557e-10 2.26213e-06 0.000979416 0.0512591 0.324279 0.248285 0.0422004 0.146772 0.13504 0.0232528 0.0190596 0.00611676 0.00201526 0.000577389 0.000133486 2.37345e-05 3.1746e-06 2.61818e-07 1.0965e-08 1.90014e-10
 2.56886e-27 2.60326e-27 4.56816e-26 9.09673e-20 2.22995e-14 6.60775e-10 2.36679e-06 0.00102473 0.0536306 0.339282 0.25973 0.041576 0.133979 0.123247 0.021372 0.0177402 0.0057345 0.00195418 0.000567276 0.000133484 2.3237e-05 2.98653e-06 2.43135e-07 1.04261e-08 1.81249e-10
 2.56889e-27 2.60333e-27 4.57215e-26 9.10513e-20 2.23201e-14 6.61386e-10 2.36897e-06 0.00102567 0.0536801 0.339595 0.259973 0.041769 0.135277 0.124397 0.0207107 0.0159408 0.00516288 0.00178705 0.000526235 0.000127692 2.26601e-05 2.89191e-06 2.26614e-07 9.56302e-09 1.69056e-10
 2.56906e-27 2.60377e-27 4.60834e-26 9.18148e-20 2.25073e-14 6.66931e-10 2.38884e-06 0.00103427 0.0541302 0.342443 0.262148 0.0418435 0.134316 0.123472 0.0198678 0.014243 0.00452262 0.00143233 0.000420175 0.000103687 1.8906e-05 2.47581e-06 1.93801e-07 7.91198e-09 1.37653e-10
 2.56934e-27 2.60452e-27 4.6758e-26 9.32378e-20 2.28561e-14 6.77268e-10 2.42586e-06 0.0010503 0.0549692 0.34775 0.266197 0.0415947 0.129579 0.119115 0.0193629 0.014184 0.00443787 0.00129373 0.000363472 8.35456e-05 1.53015e-05 2.05621e-06 1.65631e-07 6.76842e-09 1.14564e-10
 2.56953e-27 2.60502e-27 4.719e-26 9.41491e-20 2.30795e-14 6.83887e-10 2.44957e-06 0.00106057 0.0555064 0.351149 0.268791 0.0415371 0.127317 0.117011 0.0186801 0.0131568 0.00413193 0.00123301 0.00033779 7.16809e-05 1.22302e-05 1.59772e-06 1.3173e-07 5.53434e-09 9.38346e-11
 2.56971e-27 2.6055e-27 4.76108e-26 9.50368e-20 2.32971e-14 6.90336e-10 2.47267e-06 0.00107057 0.0560298 0.35446 0.271318 0.0414591 0.124948 0.114815 0.018118 0.0124247 0.00386902 0.00110475 0.000303395 6.50516e-05 1.04579e-05 1.25619e-06 9.90296e-08 4.22714e-09 7.34848e-11
 2.56981e-27 2.60578e-27 4.78535e-26 9.55489e-20 2.34227e-14 6.94055e-10 2.48599e-06 0.00107634 0.0563317 0.35637 0.272776 0.0413973 0.123454 0.113435 0.0178472 0.0121532 0.00376477 0.00104278 0.000281103 5.82295e-05 9.40875e-06 1.09081e-06 7.87575e-08 3.19406e-09 5.5998e-11
 2.57007e-27 2.60648e-27 4.84584e-26 9.68248e-20 2.37354e-14 7.03323e-10 2.51919e-06 0.00109071 0.0570839 0.361128 0.276409 0.0413793 0.120765 0.110915 0.0167168 0.0102079 0.0031508 0.000865597 0.000230867 4.6399e-05 7.26264e-06 8.29445e-07 5.81584e-08 2.17287e-09 3.61513e-11
 2.57012e-27 2.60661e-27 4.85801e-26 9.70817e-20 2.37984e-14 7.05189e-10 2.52587e-06 0.00109361 0.0572354 0.362086 0.277139 0.0412607 0.119349 0.109631 0.0168916 0.0109263 0.00331496 0.000808899 0.00021156 4.20875e-05 6.43574e-06 7.09839e-07 4.85218e-08 1.75279e-09 2.708e-11
 2.5699e-27 2.60602e-27 4.80533e-26 9.59703e-20 2.3526e-14 6.97116e-10 2.49695e-06 0.00108109 0.0565801 0.357941 0.273977 0.0414726 0.123183 0.113155 0.0172613 0.0108842 0.0033316 0.000863804 0.000220197 3.95686e-05 5.90989e-06 6.38499e-07 4.21083e-08 1.47475e-09 2.19175e-11
 2.56998e-27 2.60623e-27 4.82344e-26 9.63522e-20 2.36196e-14 6.99891e-10 2.50689e-06 0.00108539 0.0568053 0.359366 0.275064 0.041416 0.121989 0.112054 0.017087 0.0107631 0.00328039 0.000827925 0.000213929 4.00635e-05 5.60253e-06 5.66114e-07 3.6394e-08 1.23057e-09 1.76736e-11
 2.56937e-27 2.60456e-27 4.67377e-26 9.31948e-20 2.28456e-14 6.76955e-10 2.42474e-06 0.00104982 0.0549438 0.347589 0.266081 0.0420221 0.132912 0.122097 0.0181923 0.0107552 0.00327282 0.00082482 0.000211403 3.88942e-05 5.59382e-06 5.54411e-07 3.29781e-08 1.07316e-09 1.48866e-11
 2.56761e-27 2.59981e-27 4.25672e-26 8.43969e-20 2.06889e-14 6.13049e-10 2.19584e-06 0.000950714 0.0497569 0.314776 0.241042 0.0430318 0.158189 0.145481 0.0234002 0.0167447 0.00506587 0.00119333 0.000302567 5.54574e-05 7.86297e-06 7.84378e-07 4.6429e-08 1.41151e-09 1.86616e-11
#obs catch len freq
 1.63932e-41 2.27527e-33 3.81723e-26 7.74127e-20 1.89768e-14 5.62318e-10 2.01413e-06 0.000872049 0.0456396 0.288729 0.221213 0.0443193 0.164821 0.140055 0.0430464 0.0348384 0.0114834 0.00397987 0.000876923 0.00011634 6.76601e-06 1.24823e-07 5.40362e-10 4.39469e-13 5.81194e-17
 1.65403e-41 2.29568e-33 3.85149e-26 7.81074e-20 1.91471e-14 5.67364e-10 2.0322e-06 0.000879874 0.0460491 0.291321 0.223255 0.0464148 0.167842 0.135054 0.0424988 0.0323134 0.0102821 0.00332987 0.000675005 7.8747e-05 3.80426e-06 5.47522e-08 1.7675e-10 1.04403e-13 9.87563e-18
 1.91359e-41 2.65593e-33 4.45588e-26 9.03644e-20 2.21518e-14 6.56398e-10 2.35111e-06 0.00101795 0.0532754 0.337036 0.258169 0.0458058 0.134355 0.102169 0.0337459 0.0242127 0.00748908 0.00226035 0.00041751 4.23407e-05 1.68558e-06 1.89251e-08 4.56331e-11 1.95883e-14 1.32622e-18
 1.94881e-41 2.70482e-33 4.5379e-26 9.20276e-20 2.25595e-14 6.68479e-10 2.39438e-06 0.00103668 0.054256 0.34324 0.263 0.0489686 0.14142 0.100129 0.0259565 0.0156446 0.00475736 0.00134329 0.000225448 1.96547e-05 6.37498e-07 5.55551e-09 1.00197e-11 3.13615e-15 1.52365e-19
 1.99002e-41 2.76202e-33 4.63386e-26 9.39737e-20 2.30365e-14 6.82615e-10 2.44502e-06 0.00105861 0.0554033 0.350498 0.268615 0.0506812 0.138489 0.0921998 0.0251259 0.0138223 0.00321861 0.000761461 0.000116232 8.67577e-06 2.27054e-07 1.52373e-09 2.05003e-12 4.68649e-16 1.63966e-20
 1.78998e-41 2.48438e-33 4.16806e-26 8.45273e-20 2.07209e-14 6.13998e-10 2.19924e-06 0.000952195 0.0498341 0.315267 0.241944 0.0575524 0.175443 0.10949 0.0300465 0.0152793 0.00344563 0.000662749 7.63988e-05 4.72558e-06 9.93693e-08 5.1056e-10 5.10071e-13 8.50186e-17 2.14402e-21
 1.49933e-41 2.08097e-33 3.49127e-26 7.08022e-20 1.73563e-14 5.14299e-10 1.84214e-06 0.000797582 0.0417422 0.264077 0.20318 0.0660017 0.21861 0.130147 0.0464262 0.0231499 0.00492684 0.000856421 7.96865e-05 3.5611e-06 5.67533e-08 2.21636e-10 1.64031e-13 1.98892e-17 3.61037e-22
 2.11894e-41 2.94095e-33 4.93406e-26 1.00062e-19 2.4529e-14 7.26838e-10 2.60342e-06 0.00112719 0.0589926 0.373206 0.286119 0.0520743 0.110173 0.0640637 0.0327587 0.0165915 0.00414236 0.000691069 5.54515e-05 1.89304e-06 2.10646e-08 5.8637e-11 3.16167e-14 2.78237e-18 3.6332e-23
 2.02563e-41 2.81144e-33 4.71676e-26 9.56551e-20 2.34487e-14 6.94828e-10 2.48876e-06 0.00107755 0.0563946 0.356772 0.273965 0.0624405 0.147119 0.0738731 0.0176671 0.00774497 0.00246228 0.00044625 3.52401e-05 9.89292e-07 8.05425e-09 1.53485e-11 5.68331e-15 3.51797e-19 3.27107e-24
 2.05662e-41 2.85445e-33 4.78893e-26 9.71186e-20 2.38075e-14 7.05459e-10 2.52684e-06 0.00109403 0.0572574 0.362231 0.278276 0.0640145 0.139999 0.0672941 0.0210177 0.00731918 0.00125151 0.00022357 1.91053e-05 4.98985e-07 3.24577e-09 4.4562e-12 1.12858e-15 4.72375e-20 3.0054e-25
 1.77635e-41 2.46546e-33 4.13632e-26 8.38839e-20 2.05631e-14 6.09323e-10 2.1825e-06 0.000944946 0.0494547 0.312873 0.24133 0.0795624 0.192399 0.0863038 0.0265208 0.00886313 0.00156065 0.000173345 1.14058e-05 2.88257e-07 1.65545e-09 1.79177e-12 3.30031e-16 9.59596e-21 4.15436e-26
 2.06141e-41 2.8611e-33 4.80009e-26 9.73448e-20 2.38629e-14 7.07102e-10 2.53273e-06 0.00109658 0.0573908 0.363078 0.27935 0.0689001 0.133248 0.0601633 0.0267233 0.00848545 0.00141166 0.000143753 6.5176e-06 1.15676e-07 5.62538e-10 5.12477e-13 7.43434e-17 1.60666e-21 4.96585e-27
 1.90118e-41 2.63871e-33 4.42699e-26 8.97784e-20 2.20081e-14 6.52141e-10 2.33586e-06 0.00101135 0.0529299 0.334863 0.258687 0.0845303 0.171392 0.0674167 0.0209488 0.0067346 0.00135102 0.000127257 4.85946e-06 6.01846e-08 1.97066e-10 1.35701e-13 1.56488e-17 2.64895e-22 6.20849e-28
 1.98019e-41 2.74837e-33 4.61096e-26 9.35094e-20 2.29227e-14 6.79242e-10 2.43294e-06 0.00105338 0.0551296 0.348781 0.269473 0.0833132 0.15141 0.0599532 0.0236838 0.00613433 0.000966847 9.56324e-05 3.42642e-06 3.38151e-08 7.77067e-11 3.55405e-14 2.84671e-18 3.55138e-23 6.30547e-29
 1.69205e-41 2.34846e-33 3.94002e-26 7.99029e-20 1.95873e-14 5.80406e-10 2.07892e-06 0.000900101 0.0471077 0.298044 0.232396 0.107966 0.204523 0.0744541 0.0264579 0.00697153 0.0010904 8.33034e-05 2.66323e-06 2.3341e-08 4.21262e-11 1.37665e-14 7.4521e-19 6.22981e-24 7.60426e-30
 1.55015e-41 2.15151e-33 3.6096e-26 7.3202e-20 1.79446e-14 5.31732e-10 1.90458e-06 0.000824616 0.0431572 0.273062 0.214391 0.117879 0.21291 0.0859694 0.0407145 0.00961091 0.00137836 9.78637e-05 2.47226e-06 1.73832e-08 2.59316e-11 6.64695e-15 2.64549e-19 1.5509e-24 1.29076e-30
 1.78005e-41 2.47059e-33 4.14492e-26 8.40582e-20 2.06059e-14 6.1059e-10 2.18703e-06 0.00094691 0.0495575 0.313554 0.244996 0.106049 0.166093 0.0703672 0.036684 0.0101104 0.00154165 9.52798e-05 2.04615e-06 1.12043e-08 1.26379e-11 2.50425e-15 7.69672e-20 3.39347e-25 2.05773e-31
 1.74785e-41 2.4259e-33 4.06994e-26 8.25376e-20 2.02331e-14 5.99545e-10 2.14747e-06 0.000929781 0.0486611 0.3079 0.242297 0.121635 0.178935 0.0635966 0.0268729 0.0077758 0.0013091 8.30454e-05 1.52853e-06 6.67658e-09 5.73645e-12 8.37669e-16 1.89533e-20 6.21851e-26 2.81562e-32
 1.76099e-41 2.44413e-33 4.10054e-26 8.31581e-20 2.03852e-14 6.04052e-10 2.16362e-06 0.00093677 0.0490269 0.310231 0.245146 0.126657 0.171755 0.0632996 0.0260441 0.00592901 0.000912775 5.90897e-05 1.03063e-06 3.76776e-09 2.50707e-12 2.74141e-16 4.54313e-21 1.07755e-26 3.51982e-33
 1.7311e-41 2.40265e-33 4.03094e-26 8.17466e-20 2.00392e-14 5.93799e-10 2.12689e-06 0.00092087 0.0481948 0.304992 0.242904 0.137642 0.173513 0.0617981 0.0240995 0.00524137 0.000656291 3.56838e-05 5.68387e-07 1.8327e-09 9.99051e-13 8.42086e-17 1.03901e-21 1.80247e-27 4.25913e-34
 1.82249e-41 2.5295e-33 4.24377e-26 8.60627e-20 2.10973e-14 6.2515e-10 2.23919e-06 0.000969491 0.0507394 0.321108 0.255902 0.135148 0.154085 0.0561869 0.021128 0.00424047 0.000470055 2.0346e-05 2.55869e-07 6.84515e-10 3.09635e-13 2.09724e-17 2.00345e-22 2.61028e-28 4.53779e-35
 1.78104e-41 2.47197e-33 4.14724e-26 8.41051e-20 2.06174e-14 6.10931e-10 2.18826e-06 0.000947439 0.0495854 0.313852 0.252934 0.149287 0.158189 0.0531955 0.0181705 0.0034843 0.000341474 1.21704e-05 1.17033e-07 2.35449e-10 8.21672e-14 4.36587e-18 3.26257e-23 3.27951e-29 4.32337e-36
 1.79646e-41 2.49337e-33 4.18315e-26 8.48335e-20 2.07959e-14 6.16221e-10 2.20721e-06 0.000955643 0.0500149 0.316611 0.256848 0.153422 0.150219 0.0522475 0.0166452 0.00278774 0.000239825 7.12518e-06 5.33323e-08 7.96738e-11 2.02767e-14 7.91297e-19 4.40767e-24 3.33673e-30 3.32304e-37
 1.80416e-41 2.50405e-33 4.20107e-26 8.51968e-20 2.0885e-14 6.18861e-10 2.21666e-06 0.000959737 0.0502293 0.318026 0.260354 0.160439 0.144668 0.0484709 0.014439 0.00224581 0.000162077 3.91348e-06 2.30181e-08 2.59074e-11 4.82149e-15 1.35411e-19 5.40584e-25 2.94515e-31 2.12712e-38
 1.81541e-41 2.51968e-33 4.22728e-26 8.57283e-20 2.10153e-14 6.22722e-10 2.23049e-06 0.000965724 0.0505428 0.32008 0.264387 0.165264 0.137971 0.0461754 0.0127078 0.00179014 0.000111545 2.15486e-06 9.73697e-09 8.26578e-12 1.1377e-15 2.32232e-20 6.65664e-26 2.58517e-32 1.3269e-39
 1.75794e-41 2.43991e-33 4.09345e-26 8.30144e-20 2.035e-14 6.03008e-10 2.15988e-06 0.000935152 0.0489432 0.310079 0.261099 0.179511 0.14039 0.0457911 0.0116788 0.00149142 7.89725e-05 1.23174e-06 4.26661e-09 2.69247e-12 2.7222e-16 4.05264e-21 8.40963e-27 2.34752e-33 8.60972e-41
 1.67026e-41 2.31821e-33 3.88928e-26 7.88738e-20 1.9335e-14 5.72931e-10 2.05214e-06 0.000888508 0.0465025 0.294798 0.254688 0.194847 0.145626 0.0494317 0.0118031 0.00135132 6.06268e-05 7.57749e-07 2.01833e-09 9.50449e-13 7.02709e-17 7.57117e-22 1.13214e-27 2.27221e-34 5.97862e-42
 1.67063e-41 2.31872e-33 3.89014e-26 7.88912e-20 1.93392e-14 5.73057e-10 2.0526e-06 0.000888704 0.0465134 0.295014 0.258302 0.19709 0.139896 0.049575 0.0114645 0.00120785 4.56701e-05 4.55297e-07 9.29818e-10 3.27086e-13 1.7761e-17 1.38871e-22 1.49457e-28 2.14816e-35 4.03753e-43
 1.69555e-41 2.35331e-33 3.94817e-26 8.00682e-20 1.96278e-14 5.81606e-10 2.08322e-06 0.000901963 0.0472072 0.299383 0.260742 0.192884 0.137714 0.048646 0.0112997 0.00117829 4.11673e-05 3.57059e-07 6.13046e-10 1.78058e-13 7.89408e-18 5.00241e-23 4.34099e-29 5.01129e-36 7.54179e-44
#spawning biomass
 5239.08 6698.64 7751.57 10255.5 14075.8 17471.5 16961.7 21205.7 33458.3 49128.7 55510.6 71329.7 98491.7 124111 128779 99075.2 96441.9 100761 91529.8 92231 95264.4 100109 108359 102284 115640 124004 122831 107548 117964 311155 431427 442729 408414 353443 295133 242697 199647 166274 141390 123338 110502 101506 95255.5 90919.4 87943.1 85957.5 84632.9 83749.2 83159.7 82766.4 82504.1 82329 82212.3 82134.4 82082.4 82047.7 82024.6 82009.2 81998.9 81992 81987.4 81984.4 81982.3 81981 81980.1 81979.5 81979 81978.8 81978.6 81978.5 81978.4 81978.3 81978.3 81978.3 81978.3 81978.3 81978.3 81978.3 81978.2 81978.2 81978.2 81978.2 81978.2 81978.2 81978.2 81978.2 81978.2 81978.2 81978.2 81978.2 81978.2 81978.2 81978.2 81978.2 81978.2 81978.2 81978.2 81978.2 81978.2 81978.2 81978.2 81978.2 81978.2 81978.2 81978.2 81978.2 81978.2 81978.2 81978.2 81978.2 81978.2 81978.2 81978.2 81978.2 81978.2 81978.2 81978.2 81978.2 81978.2 81978.2 81978.2 81978.2 81978.2 81978.2 81978.2 81978.2 81978.2 81978.2 81978.2 0 0 0 0 0 0 0 0 0 0 0 0 0 0 0 0 0 0 0 0 0 0 0 0 0
