SBPRF35
0.18548
Curr Bio
193165
B35
190367
F35
0.856785
FOFL
0.856785
OFL
72599.1
Bzero
52994.1
#pred survey bio
 14391.2 13607.4 13493.4 15158.9 17363.9 21902.1 25950.8 31335.3 41988.3 55044.5 66193.4 78131.9 103167 124955 124840 101629 91589.8 92498.9 92272.5 88402.1 84197.9 91622.6 92968.9 101774 110955 117832 114258 122036 3.56288e+06 3.80307e+06 2.18279e+06 1.20549e+06 758636 560604 467996 420787 394731 379548 370433 364883 361486 359404 358123 357331 356856 356571 356399 356296 356233 356196 356173 356159 356151 356146 356143 356141 356140 356139 356139 356139 356138 356138 356138 356138 356138 356138 356138 356138 356138 356138 356138 356138 356138 356138 356138 356138 356138 356138 356138 356138 356138 356138 356138 356138 356138 356138 356138 356138 356138 356138 356138 356138 356138 356138 356138 356138 356138 356138 356138 356138 356138 356138 356138 356138 356138 356138 356138 356138 356138 356138 356138 356138 356138 356138 356138 356138 356138 356138 356138 356138 356138 356138 356138 356138 356138 356138 356138 356138 0 0 0 0 0 0 0 0 0 0 0 0 0 0 0 0 0 0 0 0 0 0 0 0 0
#obs survey bio
 13281.2 11158.2 9055.05 12855.9 22190.9 16955.6 23901.9 62607.2 50493.8 50070.2 80606 77932 134326 126114 100592 69799 89405.9 102979 112237 71565.2 85124.7 99363 77154.5 107530 103272 140845 123820 94478.1
#pred catch bio
 6953.32 7283.64 6998.3 8713.44 9749.12 12836.3 16111.7 19914 27446.7 37040.4 47251.6 56794.1 77540.6 94395.4 103384 87814.1 79065.6 79348.9 81881.8 83584.2 77312.2 87395 88662.3 98675.3 108867 117463 107372 94353.5 72599.1 87085.2 40201.7 18766.6 10695.1 7983.83 7137.9 6886.97 6815.17 6795.15 6789.67 6788.2 6787.81 6787.7 6787.67 6787.67 6787.67 6787.67 6787.66 6787.66 6787.66 6787.66 6787.66 6787.66 6787.66 6787.66 6787.66 6787.66 6787.66 6787.66 6787.66 6787.66 6787.66 6787.66 6787.66 6787.66 6787.66 6787.66 6787.66 6787.66 6787.66 6787.66 6787.66 6787.66 6787.66 6787.66 6787.66 6787.66 6787.66 6787.66 6787.66 6787.66 6787.66 6787.66 6787.66 6787.66 6787.66 6787.66 6787.66 6787.66 6787.66 6787.66 6787.66 6787.66 6787.66 6787.66 6787.66 6787.66 6787.66 6787.66 6787.66 6787.66 6787.66 6787.66 6787.66 6787.66 6787.66 6787.66 6787.66 6787.66 6787.66 6787.66 6787.66 6787.66 6787.66 6787.66 6787.66 6787.66 6787.66 6787.66 6787.66 6787.66 6787.66 6787.66 6787.66 6787.66 6787.66 6787.66 6787.66 6787.66 0 0 0 0 0 0 0 0 0 0 0 0 0 0 0 0 0 0 0 0 0 0 0 0 0
#obs catch bio
 6462.46 7477.26 7089.27 9053.42 9891 13066.6 16302.9 19523.1 26684.8 35847.6 46286.1 55331.2 74090.7 92104.2 105307 90470.2 78937.2 78350.4 79958.6 83107.2 77121.6 85193.8 88021.8 96478.8 105804 115290 104432 93469.4
#pred cpue bio
 14303.1 13213.8 13008.2 14554.6 16304.9 20838.6 24690.2 29050.6 38719.6 51448.2 62281.6 71644 93661.4 117507 120226 95927.4 84303.4 85736.2 85618.4 81346.8 75607 83205.8 83189.4 90650.8 98571.8 105193 103391 109265 3.34832e+06 4.1273e+06 2.19609e+06 1.20138e+06 753713 555644 463033 415825 389768 374585 365470 359920 356523 354442 353160 352368 351893 351608 351436 351333 351270 351233 351210 351196 351188 351183 351180 351178 351177 351177 351176 351176 351176 351176 351176 351176 351176 351176 351176 351176 351176 351176 351176 351176 351176 351176 351176 351176 351176 351176 351176 351176 351176 351176 351176 351176 351176 351176 351176 351176 351176 351176 351176 351176 351176 351176 351176 351176 351176 351176 351176 351176 351176 351176 351176 351176 351176 351176 351176 351176 351176 351176 351176 351176 351176 351176 351176 351176 351176 351176 351176 351176 351176 351176 351176 351176 351176 351176 351176 351176 0 0 0 0 0 0 0 0 0 0 0 0 0 0 0 0 0 0 0 0 0 0 0 0 0
#obs cpue bio
 8090.42 9253.3 14167 9148.46 11961.8 18637.2 28805.9 28574.6 47943.4 93755.6 62338.1 125630 144622 128776 92241.5 94846.4 90929.7 101798 108075 103559 69694.1 139148 96226.5 138758 165533 109580 157538 157032
#pred surv len freq
 2.56095e-27 2.58221e-27 2.75644e-26 5.27495e-20 1.29309e-14 3.83166e-10 1.37243e-06 0.000594212 0.0310989 0.196741 0.150906 0.0426772 0.218815 0.201966 0.0428726 0.0472774 0.0195879 0.0141477 0.00852072 0.00638232 0.00495967 0.00426361 0.00426241 0.00377434 0.00115179
 2.56222e-27 2.58601e-27 3.12006e-26 6.04213e-20 1.48116e-14 4.38893e-10 1.57204e-06 0.000680634 0.0356219 0.225354 0.172701 0.0393112 0.177889 0.165034 0.0515986 0.0763792 0.0269039 0.0127551 0.00580459 0.00332078 0.00210571 0.00154833 0.0013705 0.00121381 0.000405943
 2.56322e-27 2.58847e-27 3.31048e-26 6.44374e-20 1.5796e-14 4.68065e-10 1.67653e-06 0.000725874 0.0379896 0.240333 0.184171 0.0413465 0.185318 0.171235 0.0408112 0.0503878 0.0216785 0.0159455 0.00569573 0.0021128 0.000922635 0.000519181 0.000379915 0.000316045 0.000109457
 2.56359e-27 2.5894e-27 3.38592e-26 6.60285e-20 1.61861e-14 4.79622e-10 1.71793e-06 0.000743797 0.0389276 0.246267 0.188707 0.0416383 0.184353 0.170351 0.0408417 0.0504897 0.018786 0.0105179 0.00502272 0.00228208 0.000630299 0.000217735 0.000113573 8.12495e-05 2.78592e-05
 2.56516e-27 2.59352e-27 3.73631e-26 7.34197e-20 1.79979e-14 5.33311e-10 1.91023e-06 0.000827057 0.0432852 0.273834 0.209758 0.0417254 0.170226 0.157109 0.0348076 0.0400164 0.0149181 0.00826164 0.00319207 0.0013583 0.000501486 0.000120534 3.38589e-05 1.75202e-05 5.6322e-06
 2.56451e-27 2.59168e-27 3.56378e-26 6.97797e-20 1.71057e-14 5.06871e-10 1.81553e-06 0.000786054 0.0411392 0.260258 0.199411 0.0429525 0.186833 0.172309 0.0352576 0.0371678 0.013312 0.0066306 0.00254163 0.000981613 0.000307899 8.71591e-05 1.62578e-05 4.33084e-06 1.16933e-06
 2.56446e-27 2.59156e-27 3.55658e-26 6.9628e-20 1.70685e-14 5.05769e-10 1.81158e-06 0.000784345 0.0410498 0.259693 0.198975 0.0427013 0.185229 0.170916 0.0366134 0.0405887 0.0140075 0.00616285 0.00219799 0.000782952 0.000228117 5.62196e-05 1.05908e-05 1.50022e-06 2.58681e-07
 2.56601e-27 2.59571e-27 3.91722e-26 7.72359e-20 1.89334e-14 5.61032e-10 2.00952e-06 0.000870046 0.0455351 0.288068 0.220633 0.0421322 0.165681 0.152765 0.0313533 0.0331567 0.0116845 0.00549361 0.00184749 0.00058373 0.000153546 3.43519e-05 5.74931e-06 6.46691e-07 5.76715e-08
 2.56643e-27 2.59673e-27 3.99639e-26 7.89055e-20 1.93427e-14 5.73159e-10 2.05296e-06 0.000888854 0.0465194 0.294295 0.225398 0.0427972 0.167394 0.154159 0.0282333 0.0256531 0.00884161 0.00390159 0.00135205 0.000438818 0.000103077 2.03275e-05 3.0038e-06 2.89447e-07 1.6297e-08
 2.56577e-27 2.59489e-27 3.83081e-26 7.54123e-20 1.84864e-14 5.47786e-10 1.96208e-06 0.000849504 0.04446 0.281266 0.215462 0.043535 0.17999 0.165748 0.029679 0.0260043 0.00850922 0.00307339 0.00101219 0.000316782 7.68644e-05 1.4e-05 1.78305e-06 1.47667e-07 6.45546e-09
 2.56537e-27 2.59384e-27 3.7398e-26 7.34925e-20 1.80158e-14 5.3384e-10 1.91213e-06 0.000827878 0.0433281 0.274106 0.209996 0.0436123 0.184418 0.169885 0.0313228 0.0287104 0.00930923 0.00320034 0.000959373 0.000252965 5.78273e-05 1.057e-05 1.2541e-06 8.839e-08 3.21294e-09
 2.56674e-27 2.59754e-27 4.06525e-26 8.0358e-20 1.96988e-14 5.8371e-10 2.09075e-06 0.000905216 0.0473757 0.299712 0.229536 0.0428352 0.164776 0.151712 0.0272634 0.0240267 0.00788549 0.0028661 0.000848242 0.000208225 4.03295e-05 6.60055e-06 7.65311e-07 4.95865e-08 1.52159e-09
 2.5673e-27 2.59899e-27 4.18626e-26 8.29105e-20 2.03245e-14 6.02252e-10 2.15716e-06 0.00093397 0.0488806 0.309232 0.236809 0.043053 0.161324 0.148399 0.024368 0.0182424 0.00590452 0.00204492 0.000615787 0.00015712 2.89643e-05 4.08174e-06 4.11387e-07 2.53674e-08 7.03235e-10
 2.56561e-27 2.59434e-27 3.76993e-26 7.41276e-20 1.81715e-14 5.38454e-10 1.92865e-06 0.000835032 0.0437026 0.276475 0.211822 0.0446999 0.191412 0.176081 0.0277585 0.0189919 0.00590796 0.00168185 0.000485516 0.000119979 2.28192e-05 3.14302e-06 2.7407e-07 1.46064e-08 3.76651e-10
 2.56413e-27 2.5904e-27 3.42787e-26 6.69119e-20 1.64026e-14 4.86039e-10 1.74091e-06 0.000753748 0.0394485 0.249562 0.191278 0.0451101 0.208967 0.192431 0.0333717 0.0276754 0.00849754 0.00217844 0.00057868 0.000120711 2.17876e-05 3.01568e-06 2.58117e-07 1.19593e-08 2.67434e-10
 2.56532e-27 2.59361e-27 3.71114e-26 7.28876e-20 1.78675e-14 5.29447e-10 1.89639e-06 0.000821064 0.0429715 0.27185 0.208285 0.044381 0.19147 0.176243 0.0297598 0.0235301 0.0075079 0.00240209 0.000636385 0.000118844 1.84153e-05 2.27762e-06 1.91928e-07 8.62405e-09 1.68705e-10
 2.56673e-27 2.59736e-27 4.0356e-26 7.97321e-20 1.95454e-14 5.79164e-10 2.07447e-06 0.000898165 0.0470067 0.297378 0.227772 0.0440231 0.175055 0.160958 0.0245527 0.0154889 0.00486594 0.00147479 0.000417049 9.28864e-05 1.36806e-05 1.44899e-06 1.05948e-07 4.58309e-09 8.56812e-11
 2.56643e-27 2.59652e-27 3.9578e-26 7.80906e-20 1.9143e-14 5.67241e-10 2.03176e-06 0.000879675 0.046039 0.291256 0.223106 0.0445871 0.182625 0.167874 0.0245332 0.0136898 0.00411592 0.000966223 0.000258549 5.6293e-05 9.46646e-06 1.05507e-06 6.67559e-08 2.48424e-09 4.38728e-11
 2.56636e-27 2.59634e-27 3.9427e-26 7.77722e-20 1.90649e-14 5.64927e-10 2.02347e-06 0.000876087 0.0458512 0.290068 0.222198 0.0445187 0.182742 0.168014 0.0251206 0.0149898 0.00443959 0.000913332 0.000221271 3.85102e-05 6.10612e-06 7.30538e-07 5.01643e-08 1.66254e-09 2.53072e-11
 2.56679e-27 2.59749e-27 4.04332e-26 7.98947e-20 1.95852e-14 5.80345e-10 2.0787e-06 0.000899997 0.0471026 0.297984 0.22824 0.0443496 0.177211 0.162876 0.0236046 0.0128284 0.00382433 0.000842669 0.000200151 3.03473e-05 3.98518e-06 4.11542e-07 2.92367e-08 1.03928e-09 1.44577e-11
 2.56794e-27 2.60058e-27 4.31404e-26 8.56057e-20 2.09852e-14 6.21829e-10 2.22729e-06 0.000964331 0.0504696 0.319285 0.244496 0.0437654 0.161344 0.148181 0.0200335 0.00838131 0.00245029 0.00049036 0.000116343 1.85528e-05 2.26103e-06 1.92649e-07 1.14147e-08 4.05172e-10 5.92404e-12
 2.56746e-27 2.59926e-27 4.1954e-26 8.31029e-20 2.03717e-14 6.03649e-10 2.16217e-06 0.000936136 0.048994 0.30995 0.237375 0.0442192 0.169801 0.155964 0.0210502 0.00873611 0.00248821 0.000385958 8.44563e-05 1.2425e-05 1.53923e-06 1.28726e-07 6.3798e-09 1.87233e-10 2.65775e-12
 2.5681e-27 2.60101e-27 4.3508e-26 8.63811e-20 2.11753e-14 6.27462e-10 2.24746e-06 0.000973065 0.0509267 0.322177 0.246703 0.0437336 0.159551 0.14651 0.0194461 0.00745888 0.00211733 0.000325456 6.75388e-05 7.86612e-06 8.73438e-07 7.02787e-08 3.44368e-09 8.65957e-11 1.02019e-12
 2.5683e-27 2.60154e-27 4.39746e-26 8.73656e-20 2.14166e-14 6.34613e-10 2.27308e-06 0.000984155 0.0515071 0.325848 0.249506 0.0436293 0.156789 0.143952 0.0188396 0.00671937 0.00189076 0.000270517 5.49374e-05 6.26189e-06 6.07995e-07 3.99445e-08 1.81554e-09 4.4345e-11 4.56654e-13
 2.56841e-27 2.60184e-27 4.42372e-26 8.79194e-20 2.15524e-14 6.38636e-10 2.28749e-06 0.000990394 0.0518337 0.327914 0.251082 0.0436025 0.155477 0.142729 0.0183971 0.00601792 0.00167895 0.000225156 4.42898e-05 4.72799e-06 4.45614e-07 2.68499e-08 9.95493e-10 2.15619e-11 2.11306e-13
 2.56822e-27 2.60131e-27 4.37578e-26 8.69081e-20 2.13045e-14 6.31289e-10 2.26117e-06 0.000979001 0.0512374 0.324142 0.248206 0.0438275 0.15921 0.146155 0.0186584 0.00575098 0.00159167 0.000198103 3.76189e-05 3.77381e-06 3.37423e-07 1.91564e-08 6.59774e-10 1.19198e-11 1.00752e-13
 2.56766e-27 2.59977e-27 4.2372e-26 8.39846e-20 2.05878e-14 6.10054e-10 2.18511e-06 0.00094607 0.0495139 0.313239 0.239889 0.0443821 0.169274 0.155409 0.0197065 0.00581123 0.00159964 0.000189374 3.49257e-05 3.26426e-06 2.76383e-07 1.46518e-08 4.7259e-10 7.88192e-12 5.67561e-14
 2.56807e-27 2.60093e-27 4.34409e-26 8.62396e-20 2.11406e-14 6.26434e-10 2.24378e-06 0.000971471 0.0508433 0.321649 0.2463 0.0437151 0.159694 0.146653 0.0196861 0.00796661 0.00221592 0.000252958 4.56817e-05 4.06718e-06 3.2749e-07 1.60971e-08 4.83764e-10 7.49779e-12 4.95997e-14
#obs surv len freq
 1.24393e-41 1.72649e-33 2.89654e-26 5.87413e-20 1.43997e-14 4.2669e-10 1.52833e-06 0.000661716 0.0346316 0.21909 0.168026 0.0416294 0.169946 0.142352 0.0897218 0.0851348 0.0337825 0.0122451 0.0024859 0.000278344 1.26683e-05 1.71931e-07 5.26839e-10 2.97583e-13 2.71126e-17
 1.56046e-41 2.16582e-33 3.63361e-26 7.3689e-20 1.8064e-14 5.35269e-10 1.91725e-06 0.000830101 0.0434442 0.274841 0.210633 0.0426689 0.142073 0.113198 0.0739911 0.064505 0.0243014 0.00794257 0.00142848 0.000136221 5.05265e-06 5.31669e-08 1.21356e-10 4.97715e-14 3.24315e-18
 1.29454e-41 1.79674e-33 3.0144e-26 6.11314e-20 1.49856e-14 4.44052e-10 1.59052e-06 0.000688641 0.0360407 0.228006 0.175111 0.0517916 0.204093 0.149992 0.0730048 0.0550589 0.0195605 0.00569158 0.000887574 7.03681e-05 2.08302e-06 1.68349e-08 2.85844e-11 8.52236e-15 3.97875e-19
 1.55826e-41 2.16277e-33 3.62849e-26 7.35851e-20 1.80385e-14 5.34515e-10 1.91454e-06 0.000828932 0.043383 0.274454 0.210511 0.0474276 0.149955 0.109698 0.0846891 0.0594526 0.0154627 0.00362089 0.000482824 3.11837e-05 7.20223e-07 4.39633e-09 5.51013e-12 1.19283e-15 3.99584e-20
 1.53813e-41 2.13483e-33 3.58162e-26 7.26345e-20 1.78055e-14 5.27609e-10 1.88981e-06 0.000818223 0.0428225 0.27091 0.208044 0.0552537 0.179719 0.118612 0.0641996 0.042002 0.0143711 0.00295443 0.000278344 1.3855e-05 2.44921e-07 1.10912e-09 1.01255e-12 1.57983e-16 3.78759e-21
 1.34765e-41 1.87044e-33 3.13806e-26 6.36392e-20 1.56004e-14 4.62268e-10 1.65577e-06 0.000716891 0.0375192 0.237361 0.182674 0.0612301 0.205528 0.131174 0.0835141 0.0467409 0.0111542 0.00217592 0.000202481 7.20292e-06 8.91965e-08 2.92046e-10 1.9146e-13 2.12909e-17 3.62478e-22
 1.56545e-41 2.17275e-33 3.64523e-26 7.39245e-20 1.81217e-14 5.3698e-10 1.92338e-06 0.000832755 0.0435831 0.275722 0.211937 0.0580665 0.165461 0.104937 0.083252 0.0439494 0.0105591 0.00158219 0.000112387 3.50662e-06 3.18398e-08 7.01556e-11 3.1759e-14 2.47751e-18 2.96563e-23
 1.73196e-41 2.40385e-33 4.03295e-26 8.17875e-20 2.00492e-14 5.94095e-10 2.12795e-06 0.00092133 0.0482187 0.30505 0.234536 0.0628144 0.163362 0.0927261 0.0564524 0.0276153 0.00723146 0.00101164 5.79949e-05 1.30671e-06 9.17791e-09 1.48397e-11 4.54434e-15 2.37886e-19 1.94804e-24
 1.65532e-41 2.29748e-33 3.8545e-26 7.81685e-20 1.91621e-14 5.67808e-10 2.03379e-06 0.000880563 0.0460851 0.291554 0.224634 0.0712295 0.184745 0.0980568 0.0553362 0.0224359 0.00444357 0.000566691 3.05929e-05 5.48543e-07 2.73092e-09 3.16318e-12 6.99544e-16 2.54719e-20 1.40779e-25
 1.53509e-41 2.13061e-33 3.57454e-26 7.24909e-20 1.77703e-14 5.26566e-10 1.88608e-06 0.000816606 0.0427379 0.270381 0.208904 0.0784553 0.199444 0.104611 0.0665415 0.0238326 0.00389085 0.000367973 1.53372e-05 2.34608e-07 9.19245e-10 7.56286e-13 1.15642e-16 2.95108e-21 1.14747e-26
 1.46428e-41 2.03233e-33 3.40965e-26 6.9147e-20 1.69506e-14 5.02277e-10 1.79907e-06 0.000778936 0.0407665 0.257912 0.199824 0.0842363 0.204056 0.107528 0.0752768 0.0252198 0.00407478 0.000315491 9.40137e-06 1.02106e-07 3.06753e-10 1.93838e-13 2.14864e-17 3.80698e-22 1.0171e-27
 1.87824e-41 2.60687e-33 4.37357e-26 8.86951e-20 2.17426e-14 6.44272e-10 2.30768e-06 0.000999145 0.0522912 0.33082 0.255107 0.0728851 0.140683 0.0740277 0.0533609 0.0168837 0.00274175 0.000193628 4.82634e-06 3.73184e-08 7.57468e-11 3.38159e-14 2.75304e-18 3.57049e-23 6.80818e-29
 1.5692e-41 2.17795e-33 3.65397e-26 7.41017e-20 1.81652e-14 5.38267e-10 1.92799e-06 0.000834751 0.0436876 0.276402 0.215258 0.102309 0.213901 0.0902563 0.043043 0.0122825 0.00189869 0.00012292 2.74057e-06 1.72333e-08 2.53474e-11 7.6074e-15 4.16098e-19 3.74566e-24 5.08804e-30
 1.27184e-41 1.76522e-33 2.96153e-26 6.00592e-20 1.47228e-14 4.36264e-10 1.56263e-06 0.000676563 0.0354086 0.224036 0.176367 0.113738 0.233461 0.119416 0.0780233 0.01703 0.00174498 9.4549e-05 1.84767e-06 9.83941e-09 1.15602e-11 2.57097e-15 9.76401e-20 5.90043e-25 5.37395e-31
 1.14706e-41 1.59204e-33 2.67099e-26 5.4167e-20 1.32784e-14 3.93464e-10 1.40932e-06 0.000610188 0.0319349 0.202069 0.160352 0.117331 0.227178 0.135372 0.0982405 0.0239969 0.00280561 0.000108351 1.45797e-06 6.14258e-09 5.81081e-12 1.01147e-15 2.89211e-20 1.26325e-25 8.03093e-32
 1.55562e-41 2.1591e-33 3.62233e-26 7.34602e-20 1.80079e-14 5.33607e-10 1.91129e-06 0.000827524 0.0433093 0.274025 0.214607 0.100721 0.165435 0.104585 0.0744609 0.0194409 0.00248452 0.000101231 1.17197e-06 3.35384e-09 2.22486e-12 2.90965e-16 6.33401e-21 2.08185e-26 9.77934e-33
 1.4067e-41 1.95241e-33 3.27557e-26 6.64278e-20 1.6284e-14 4.82525e-10 1.72832e-06 0.000748305 0.0391634 0.247826 0.197607 0.135672 0.214742 0.0973609 0.0519616 0.0131859 0.00166107 6.95506e-05 8.0568e-07 2.04988e-09 1.00982e-12 8.94998e-17 1.34734e-21 3.18915e-27 1.10041e-33
 1.46106e-41 2.02785e-33 3.40215e-26 6.89949e-20 1.69133e-14 5.01171e-10 1.79511e-06 0.000777223 0.0406768 0.257411 0.205285 0.130103 0.190219 0.107683 0.0570476 0.00983776 0.000922196 3.51291e-05 3.82615e-07 9.05724e-10 3.91762e-13 2.7748e-17 3.02956e-22 4.92e-28 1.15753e-34
 1.44114e-41 2.00021e-33 3.35576e-26 6.80542e-20 1.66827e-14 4.94338e-10 1.77064e-06 0.000766626 0.0401223 0.253932 0.204717 0.144511 0.195823 0.10138 0.0489984 0.00902018 0.000709393 1.81871e-05 1.52978e-07 3.0935e-10 1.15499e-13 6.92997e-18 6.17954e-23 7.8082e-29 1.35785e-35
 1.55805e-41 2.16246e-33 3.62798e-26 7.35747e-20 1.8036e-14 5.34439e-10 1.91427e-06 0.000828814 0.043377 0.274541 0.221131 0.14122 0.174869 0.0951068 0.041797 0.00664404 0.000473367 1.06391e-05 6.39226e-08 8.9966e-11 2.55745e-14 1.2267e-18 8.81973e-24 8.9203e-30 1.2234e-36
 1.5054e-41 2.0894e-33 3.5054e-26 7.10888e-20 1.74266e-14 5.16382e-10 1.8496e-06 0.000800811 0.0419115 0.265323 0.217306 0.160726 0.184907 0.0893459 0.0343374 0.00503201 0.000303231 5.62434e-06 2.77726e-08 2.92278e-11 5.72207e-15 1.91066e-19 1.003e-24 7.66641e-31 8.06499e-38
 1.55243e-41 2.15467e-33 3.61491e-26 7.33097e-20 1.7971e-14 5.32514e-10 1.90738e-06 0.000825829 0.0432209 0.273645 0.225058 0.160333 0.172543 0.0896103 0.0308482 0.00372383 0.00018614 2.84059e-06 1.10407e-08 9.01412e-12 1.33203e-15 3.18772e-20 1.15504e-25 6.07499e-32 4.48456e-39
 1.55597e-41 2.15958e-33 3.62315e-26 7.34767e-20 1.8012e-14 5.33727e-10 1.91172e-06 0.000827711 0.0433196 0.274338 0.228534 0.170704 0.170145 0.0829921 0.0260354 0.0029775 0.000123805 1.4689e-06 4.42e-09 2.74989e-12 3.04396e-16 5.40818e-21 1.4355e-26 5.41203e-33 2.80116e-40
 1.59484e-41 2.21354e-33 3.71367e-26 7.53124e-20 1.84619e-14 5.47061e-10 1.95948e-06 0.000848389 0.0444021 0.281258 0.236215 0.174305 0.162032 0.0775263 0.0212623 0.00207575 7.37767e-05 7.21154e-07 1.65252e-09 7.59561e-13 6.19323e-17 8.0698e-22 1.56193e-27 4.27783e-34 1.60261e-41
 1.59022e-41 2.20711e-33 3.70289e-26 7.50939e-20 1.84084e-14 5.45474e-10 1.9538e-06 0.000845929 0.0442736 0.280554 0.23941 0.184222 0.159725 0.0719645 0.0174689 0.00148969 4.32037e-05 3.36813e-07 6.06967e-10 2.11225e-13 1.25727e-17 1.17867e-22 1.63916e-28 3.22817e-35 8.6921e-43
 1.3735e-41 1.90633e-33 3.19826e-26 6.486e-20 1.58997e-14 4.71137e-10 1.68753e-06 0.000730644 0.0382408 0.242618 0.218888 0.216943 0.183101 0.080833 0.017339 0.00127347 3.05029e-05 1.88597e-07 2.59892e-10 6.8195e-14 3.02699e-18 2.0795e-23 2.08285e-29 2.92335e-36 5.58934e-44
 1.40136e-41 1.945e-33 3.26314e-26 6.61758e-20 1.62222e-14 4.80694e-10 1.72177e-06 0.000745466 0.039017 0.247628 0.223715 0.205473 0.176688 0.0882269 0.0173737 0.00111089 2.17584e-05 1.0601e-07 1.1173e-10 2.18728e-14 7.13253e-19 3.57739e-24 2.60648e-30 2.64705e-37 3.63625e-45
 1.46879e-41 2.03859e-33 3.42016e-26 6.93601e-20 1.70028e-14 5.03824e-10 1.80462e-06 0.000781337 0.0408943 0.25949 0.23218 0.202878 0.168909 0.078035 0.015769 0.00104207 1.87824e-05 7.89085e-08 6.94035e-11 1.115e-14 2.95402e-19 1.19509e-24 6.99091e-31 5.68991e-38 6.2641e-46
#pred catch len freq
 2.55889e-27 2.57656e-27 2.25345e-26 4.21385e-20 1.03297e-14 3.06089e-10 1.09636e-06 0.000474681 0.0248431 0.157165 0.120714 0.0444272 0.253344 0.233758 0.0471904 0.0491288 0.020261 0.0145285 0.00874111 0.00654464 0.00508543 0.00437166 0.00437042 0.00386998 0.00118097
 2.56033e-27 2.58088e-27 2.66564e-26 5.08349e-20 1.24616e-14 3.69259e-10 1.32262e-06 0.000572645 0.0299702 0.1896 0.145422 0.0406932 0.207572 0.192411 0.0561928 0.0799713 0.0280866 0.0132058 0.0060025 0.00343217 0.00217615 0.00160009 0.00141631 0.00125439 0.000419514
 2.56118e-27 2.58291e-27 2.81768e-26 5.40412e-20 1.32475e-14 3.92549e-10 1.40604e-06 0.000608763 0.0318605 0.201559 0.154589 0.042942 0.218244 0.201576 0.0454101 0.0532551 0.0228038 0.0166575 0.00594558 0.00220401 0.000962346 0.000541515 0.000396258 0.000329641 0.000114165
 2.56182e-27 2.58457e-27 2.95576e-26 5.69538e-20 1.39615e-14 4.13706e-10 1.48182e-06 0.000641573 0.0335776 0.212422 0.162887 0.0431179 0.213754 0.197431 0.0447275 0.0525393 0.0194779 0.0108191 0.00516094 0.00234375 0.000647266 0.000223589 0.000116626 8.34337e-05 2.86081e-05
 2.56331e-27 2.58848e-27 3.28825e-26 6.39675e-20 1.56809e-14 4.64652e-10 1.66431e-06 0.000720581 0.0377126 0.238581 0.182863 0.0432409 0.200654 0.185141 0.0389175 0.0423395 0.0157252 0.00864027 0.00333506 0.00141827 0.000523573 0.00012584 3.53491e-05 1.82914e-05 5.8801e-06
 2.56276e-27 2.58688e-27 3.13587e-26 6.07526e-20 1.48928e-14 4.413e-10 1.58066e-06 0.000684366 0.0358172 0.22659 0.173727 0.0444967 0.21663 0.199741 0.03895 0.0386855 0.0138066 0.00682124 0.00261192 0.00100815 0.000316187 8.95029e-05 1.66949e-05 4.44728e-06 1.20076e-06
 2.5629e-27 2.58729e-27 3.17541e-26 6.15868e-20 1.50973e-14 4.47359e-10 1.60237e-06 0.000693763 0.036309 0.229701 0.176097 0.0441116 0.212034 0.195589 0.039826 0.0417046 0.0143476 0.00625985 0.00223006 0.000793868 0.000231269 5.6995e-05 1.07369e-05 1.5209e-06 2.62248e-07
 2.56457e-27 2.59176e-27 3.56482e-26 6.98015e-20 1.7111e-14 5.0703e-10 1.81609e-06 0.0007863 0.0411521 0.26034 0.199481 0.0434316 0.19043 0.175545 0.0343295 0.0342105 0.0120151 0.00560272 0.00188225 0.000594311 0.000156309 3.49689e-05 5.85255e-06 6.58303e-07 5.8707e-08
 2.56507e-27 2.59301e-27 3.66432e-26 7.19e-20 1.76254e-14 5.22273e-10 1.87069e-06 0.000809939 0.0423893 0.268167 0.205468 0.0440658 0.19105 0.175924 0.0309148 0.0262891 0.00902958 0.00395135 0.00136778 0.000443635 0.000104195 2.05474e-05 3.03627e-06 2.92575e-07 1.64731e-08
 2.56448e-27 2.59136e-27 3.51493e-26 6.87485e-20 1.68529e-14 4.9938e-10 1.7887e-06 0.000774437 0.0405313 0.256412 0.196504 0.0447796 0.202781 0.18671 0.0321259 0.0263066 0.00858197 0.00307297 0.00101076 0.000316122 7.66943e-05 1.39685e-05 1.77903e-06 1.47334e-07 6.44091e-09
 2.56432e-27 2.59096e-27 3.48092e-26 6.8031e-20 1.6677e-14 4.94169e-10 1.77003e-06 0.000766355 0.0401083 0.253736 0.194459 0.0446935 0.203562 0.18748 0.0331526 0.0284524 0.00919911 0.00313514 0.000938641 0.000247319 5.65282e-05 1.03322e-05 1.22587e-06 8.64006e-08 3.14062e-09
 2.56582e-27 2.59499e-27 3.8365e-26 7.55324e-20 1.85158e-14 5.48658e-10 1.9652e-06 0.000850856 0.0445308 0.281714 0.215808 0.0437918 0.181701 0.167268 0.0288772 0.0237893 0.00778374 0.00280482 0.000829122 0.000203383 3.93857e-05 6.44582e-06 7.47365e-07 4.84237e-08 1.48591e-09
 2.56652e-27 2.59683e-27 3.99254e-26 7.88238e-20 1.93227e-14 5.72566e-10 2.05084e-06 0.000887934 0.0464713 0.29399 0.225183 0.0438845 0.175819 0.161717 0.0256697 0.0178568 0.00576087 0.00197793 0.000594864 0.000151673 2.79561e-05 3.93949e-06 3.97047e-07 2.44831e-08 6.7872e-10
 2.56477e-27 2.59204e-27 3.56258e-26 6.97533e-20 1.70992e-14 5.06679e-10 1.81484e-06 0.000785756 0.0411237 0.26016 0.199378 0.0456027 0.207025 0.190423 0.0291055 0.0184521 0.00572232 0.00161471 0.000465443 0.000114934 2.18564e-05 3.0103e-06 2.62494e-07 1.39895e-08 3.60742e-10
 2.56379e-27 2.58944e-27 3.33926e-26 6.50423e-20 1.59443e-14 4.72459e-10 1.69227e-06 0.000732688 0.0383462 0.242589 0.185963 0.0456847 0.217075 0.19984 0.0333737 0.0258129 0.00790566 0.0020089 0.000532804 0.000111055 2.00414e-05 2.77386e-06 2.37417e-07 1.10003e-08 2.45986e-10
 2.56524e-27 2.59336e-27 3.68575e-26 7.23518e-20 1.77362e-14 5.25554e-10 1.88245e-06 0.000815028 0.0426556 0.269852 0.206765 0.0447212 0.195127 0.179558 0.0292509 0.0215316 0.00684959 0.00217241 0.00057482 0.000107263 1.66178e-05 2.0552e-06 1.73184e-07 7.78179e-09 1.52229e-10
 2.5666e-27 2.59701e-27 4.00226e-26 7.90287e-20 1.93729e-14 5.74055e-10 2.05617e-06 0.000890242 0.046592 0.294754 0.225773 0.0443103 0.178645 0.164227 0.0243493 0.0142001 0.00444594 0.00133571 0.000377201 8.39492e-05 1.23624e-05 1.30931e-06 9.57336e-08 4.14122e-09 7.74205e-11
 2.56626e-27 2.59602e-27 3.91116e-26 7.71067e-20 1.89018e-14 5.60094e-10 2.00616e-06 0.000868591 0.0454589 0.287586 0.220309 0.0449014 0.186982 0.171854 0.0244932 0.0125962 0.00377463 0.000878316 0.000234621 5.10442e-05 8.58241e-06 9.56495e-07 6.05184e-08 2.25212e-09 3.97734e-11
 2.56639e-27 2.5964e-27 3.94639e-26 7.78499e-20 1.9084e-14 5.65492e-10 2.0255e-06 0.000876963 0.0458971 0.290358 0.222422 0.0446682 0.183723 0.16888 0.0245807 0.0135403 0.00399847 0.000815404 0.000197173 3.42888e-05 5.43571e-06 6.50298e-07 4.4654e-08 1.47991e-09 2.25273e-11
 2.56721e-27 2.59861e-27 4.14145e-26 8.19648e-20 2.00927e-14 5.95382e-10 2.13256e-06 0.000923316 0.0483231 0.305705 0.234133 0.0441433 0.171501 0.157585 0.0222877 0.0111565 0.00331497 0.000724038 0.000171676 2.6009e-05 3.41473e-06 3.52613e-07 2.505e-08 8.90452e-10 1.23873e-11
 2.56812e-27 2.60108e-27 4.35696e-26 8.65111e-20 2.12071e-14 6.28406e-10 2.25084e-06 0.000974529 0.0510034 0.322661 0.247073 0.0436995 0.159032 0.146032 0.0193793 0.0074304 0.00216357 0.000429208 0.000101639 1.6195e-05 1.97328e-06 1.68122e-07 9.96133e-09 3.53582e-10 5.16974e-12
 2.56788e-27 2.6004e-27 4.29661e-26 8.52379e-20 2.0895e-14 6.19157e-10 2.21772e-06 0.000960187 0.0502527 0.317913 0.243451 0.0439408 0.163413 0.150063 0.0198835 0.00756182 0.00214563 0.000330013 7.20372e-05 1.05893e-05 1.31153e-06 1.09677e-07 5.43565e-09 1.59524e-10 2.26442e-12
 2.56849e-27 2.60208e-27 4.44507e-26 8.83698e-20 2.16628e-14 6.41908e-10 2.29921e-06 0.000995468 0.0520992 0.329594 0.252363 0.0434639 0.153522 0.140942 0.018392 0.00645709 0.00182549 0.000278238 5.76002e-05 6.70315e-06 7.44102e-07 5.98682e-08 2.93353e-09 7.37669e-11 8.69051e-13
 2.56877e-27 2.60284e-27 4.51267e-26 8.97959e-20 2.20124e-14 6.52267e-10 2.33631e-06 0.00101153 0.05294 0.334913 0.256421 0.0432705 0.149199 0.136951 0.0176433 0.00575429 0.00161222 0.000228753 4.6335e-05 5.27709e-06 5.12238e-07 3.3651e-08 1.52947e-09 3.73575e-11 3.84698e-13
 2.56895e-27 2.60331e-27 4.55379e-26 9.06634e-20 2.2225e-14 6.58568e-10 2.35888e-06 0.0010213 0.0534514 0.338148 0.25889 0.0431766 0.14675 0.134684 0.0171121 0.00511365 0.00142005 0.00018888 3.70512e-05 3.95206e-06 3.72376e-07 2.24355e-08 8.31807e-10 1.80165e-11 1.76561e-13
 2.56886e-27 2.60306e-27 4.53128e-26 9.01884e-20 2.21086e-14 6.55117e-10 2.34652e-06 0.00101595 0.0531714 0.336377 0.25754 0.0432998 0.148637 0.136412 0.0171807 0.00483486 0.00133161 0.000164408 3.11275e-05 3.12009e-06 2.78889e-07 1.58321e-08 5.4527e-10 9.85106e-12 8.32665e-14
 2.56796e-27 2.60059e-27 4.31034e-26 8.55276e-20 2.09661e-14 6.21262e-10 2.22526e-06 0.00096345 0.0504235 0.318993 0.24428 0.0441659 0.164543 0.151043 0.0189073 0.00508854 0.00139362 0.000163683 3.00936e-05 2.81038e-06 2.37877e-07 1.26096e-08 4.06709e-10 6.78313e-12 4.88439e-14
 2.56738e-27 2.59905e-27 4.17502e-26 8.26729e-20 2.02663e-14 6.00526e-10 2.15098e-06 0.000931293 0.0487405 0.308346 0.236154 0.0444245 0.172221 0.158165 0.0208532 0.00773025 0.00214239 0.000242661 4.36808e-05 3.88594e-06 3.12791e-07 1.53734e-08 4.62006e-10 7.16054e-12 4.73686e-14
#obs catch len freq
 5.95657e-42 8.26732e-34 1.38702e-26 2.81284e-20 6.89534e-15 2.04322e-10 7.31847e-07 0.000316864 0.0165834 0.104913 0.0808779 0.0423859 0.227203 0.191848 0.131901 0.127565 0.0522809 0.0195163 0.00411063 0.00047594 2.25417e-05 3.1964e-07 1.02205e-09 6.00232e-13 5.66325e-17
 6.82515e-42 9.47286e-34 1.58927e-26 3.22301e-20 7.90082e-15 2.34116e-10 8.38564e-07 0.00036307 0.0190016 0.120211 0.0926694 0.0460461 0.229299 0.184211 0.129405 0.114871 0.0452867 0.0154095 0.00292147 0.000291935 1.12758e-05 1.23313e-07 2.92267e-10 1.24131e-13 8.3478e-18
 1.0367e-41 1.43887e-33 2.414e-26 4.89554e-20 1.20008e-14 3.55607e-10 1.27373e-06 0.00055148 0.0288623 0.182592 0.140375 0.0481813 0.201874 0.154027 0.10973 0.0888264 0.0330688 0.0100823 0.00168104 0.000141868 4.42351e-06 3.72083e-08 6.53465e-11 2.00901e-14 9.64654e-19
 8.8566e-42 1.22924e-33 2.0623e-26 4.18231e-20 1.02524e-14 3.03798e-10 1.08816e-06 0.000471134 0.0246573 0.155992 0.1204 0.0601639 0.262451 0.183075 0.0952895 0.0668836 0.0233511 0.00629646 0.000903229 6.28382e-05 1.55061e-06 9.94806e-09 1.29332e-11 2.8821e-15 9.89906e-20
 1.21116e-41 1.68102e-33 2.82025e-26 5.71941e-20 1.40205e-14 4.15452e-10 1.48808e-06 0.000644288 0.0337195 0.213321 0.164076 0.0540916 0.194328 0.13633 0.110586 0.0706096 0.0178883 0.00390249 0.000474836 2.66734e-05 5.09549e-07 2.45438e-09 2.34558e-12 3.78495e-16 9.31304e-21
 1.28166e-41 1.77886e-33 2.98441e-26 6.05233e-20 1.48366e-14 4.39635e-10 1.5747e-06 0.000681791 0.0356822 0.22574 0.17387 0.0635374 0.219897 0.137637 0.0774845 0.0468753 0.0154719 0.00286534 0.000246284 1.06313e-05 1.543e-07 5.4848e-10 3.80471e-13 4.41468e-17 7.76229e-22
 1.16999e-41 1.62387e-33 2.72438e-26 5.52499e-20 1.35439e-14 4.01329e-10 1.4375e-06 0.000622386 0.0325732 0.206073 0.159138 0.0695286 0.235393 0.143027 0.0932402 0.0473543 0.0109304 0.00195361 0.000160659 4.88864e-06 4.96988e-08 1.27296e-10 6.32283e-14 5.21907e-18 6.5081e-23
 1.4554e-41 2.01999e-33 3.38896e-26 6.87274e-20 1.68477e-14 4.99229e-10 1.78816e-06 0.00077421 0.0405191 0.25634 0.197447 0.0646169 0.18434 0.11223 0.0895875 0.0429017 0.00983043 0.0013247 8.42453e-05 2.21653e-06 1.62693e-08 2.80084e-11 9.6004e-15 5.55213e-19 4.86309e-24
 1.67551e-41 2.3255e-33 3.9015e-26 7.91217e-20 1.93958e-14 5.74732e-10 2.0586e-06 0.000891301 0.0466471 0.295109 0.227266 0.0688996 0.175407 0.0947363 0.057861 0.0259275 0.00641402 0.000797296 4.01266e-05 7.62457e-07 4.3106e-09 5.39732e-12 1.24881e-15 4.84681e-20 2.90308e-25
 1.64284e-41 2.28016e-33 3.82543e-26 7.7579e-20 1.90176e-14 5.63526e-10 2.01846e-06 0.000873922 0.0457376 0.289358 0.223318 0.0770771 0.190142 0.0959039 0.0537179 0.0197267 0.00370087 0.000422174 1.96928e-05 2.92907e-07 1.16807e-09 1.04637e-12 1.74278e-16 4.69878e-21 1.90046e-26
 1.55879e-41 2.1635e-33 3.62971e-26 7.36099e-20 1.80446e-14 5.34694e-10 1.91519e-06 0.00082921 0.0433976 0.274557 0.212495 0.0839449 0.199252 0.1 0.0621588 0.0200364 0.00306085 0.0002569 9.31168e-06 1.17288e-07 3.63664e-10 2.30201e-13 2.64807e-17 4.99845e-22 1.42136e-27
 1.51558e-41 2.10352e-33 3.52909e-26 7.15693e-20 1.75444e-14 5.19872e-10 1.8621e-06 0.000806223 0.0421945 0.26695 0.207164 0.0892906 0.199733 0.101497 0.0683774 0.0206849 0.00308562 0.000208671 5.35578e-06 4.79658e-08 1.13845e-10 5.50145e-14 4.57058e-18 5.98432e-23 1.16887e-28
 1.92496e-41 2.67172e-33 4.48237e-26 9.09015e-20 2.22834e-14 6.60299e-10 2.36508e-06 0.001024 0.0535921 0.339052 0.261727 0.0761079 0.135814 0.0693536 0.0475281 0.0136474 0.00202485 0.000123986 2.61721e-06 1.65083e-08 2.64481e-11 9.02981e-15 5.49742e-19 5.25735e-24 7.3247e-30
 1.62352e-41 2.25334e-33 3.78045e-26 7.66668e-20 1.8794e-14 5.569e-10 1.99472e-06 0.000863647 0.0451999 0.285975 0.223174 0.107276 0.205609 0.0827072 0.0378762 0.00985729 0.00138074 7.7215e-05 1.44211e-06 7.30994e-09 8.41308e-12 1.92675e-15 7.8809e-20 5.2264e-25 5.17899e-31
 1.33553e-41 1.85362e-33 3.10984e-26 6.30669e-20 1.54601e-14 4.58111e-10 1.64088e-06 0.000710444 0.0371818 0.235263 0.185759 0.120065 0.225681 0.112617 0.0681341 0.0132835 0.00124435 5.84363e-05 9.49925e-07 4.04555e-09 3.68933e-12 6.22711e-16 1.76512e-20 7.85923e-26 5.22204e-32
 1.21736e-41 1.68962e-33 2.83469e-26 5.74869e-20 1.40922e-14 4.17579e-10 1.4957e-06 0.000647586 0.0338921 0.214462 0.170773 0.124078 0.22012 0.129382 0.0856607 0.0189653 0.00195263 6.42283e-05 7.24118e-07 2.43659e-09 1.77932e-12 2.33902e-16 4.97525e-21 1.59915e-26 7.41999e-33
 1.63221e-41 2.2654e-33 3.80069e-26 7.70771e-20 1.88945e-14 5.5988e-10 2.0054e-06 0.000868269 0.0454418 0.287525 0.225639 0.104584 0.157318 0.0982517 0.0634923 0.0151323 0.00168706 5.79224e-05 5.47294e-07 1.24549e-09 6.38831e-13 6.29481e-17 1.0162e-21 2.45209e-27 8.39657e-34
 1.48497e-41 2.06103e-33 3.45781e-26 7.01238e-20 1.719e-14 5.09372e-10 1.82449e-06 0.000789939 0.0413424 0.261628 0.209264 0.140299 0.202259 0.0892201 0.0438668 0.0101744 0.00111501 3.91902e-05 3.66126e-07 7.29549e-10 2.75406e-13 1.83746e-17 2.04986e-22 3.55444e-28 8.92039e-35
 1.54488e-41 2.14419e-33 3.59732e-26 7.2953e-20 1.78836e-14 5.29923e-10 1.8981e-06 0.000821811 0.0430104 0.272193 0.217681 0.133815 0.178803 0.0989254 0.0468213 0.00730387 0.000604485 1.93194e-05 1.68762e-07 3.10231e-10 1.01909e-13 5.40003e-18 4.36124e-23 5.19023e-29 8.87763e-36
 1.52699e-41 2.11937e-33 3.55567e-26 7.21084e-20 1.76765e-14 5.23788e-10 1.87612e-06 0.000812296 0.0425125 0.269079 0.217606 0.147863 0.18293 0.0921163 0.0400096 0.00661415 0.000445673 9.60351e-06 6.51327e-08 1.01899e-10 2.87265e-14 1.28221e-18 8.42212e-24 7.7838e-30 9.84595e-37
 1.64622e-41 2.28484e-33 3.8333e-26 7.77385e-20 1.90567e-14 5.64684e-10 2.02261e-06 0.000875719 0.0458319 0.2901 0.234282 0.143145 0.162033 0.0852949 0.0333833 0.00475657 0.000289923 5.3753e-06 2.57812e-08 2.81348e-11 6.03315e-15 2.14469e-19 1.13128e-24 8.34026e-31 8.29999e-38
 1.59515e-41 2.21396e-33 3.71438e-26 7.53268e-20 1.84655e-14 5.47166e-10 1.95986e-06 0.000848552 0.0444102 0.281171 0.230976 0.162159 0.170388 0.079192 0.0271336 0.00353628 0.000180764 2.75642e-06 1.07696e-08 8.71412e-12 1.2848e-15 3.17808e-20 1.22108e-25 6.7808e-32 5.15966e-39
 1.64358e-41 2.28118e-33 3.82715e-26 7.76139e-20 1.90261e-14 5.63779e-10 2.01937e-06 0.000874316 0.0457587 0.289748 0.238956 0.160839 0.158634 0.0786315 0.0238949 0.00255251 0.000107847 1.34244e-06 4.10701e-09 2.56666e-12 2.84386e-16 5.03205e-21 1.33446e-26 5.09626e-33 2.7156e-40
 1.64842e-41 2.28791e-33 3.83844e-26 7.78427e-20 1.90822e-14 5.65441e-10 2.02532e-06 0.000876893 0.0458938 0.290684 0.242787 0.170229 0.155539 0.0719698 0.0199509 0.00199756 6.94384e-05 6.68895e-07 1.57701e-09 7.47855e-13 6.18877e-17 8.11031e-22 1.57314e-27 4.30604e-34 1.61023e-41
 1.68746e-41 2.34209e-33 3.92934e-26 7.96862e-20 1.95341e-14 5.78832e-10 2.07328e-06 0.00089766 0.0469809 0.297645 0.250563 0.172756 0.147437 0.0663254 0.0159917 0.00136054 4.02127e-05 3.16102e-07 5.64307e-10 1.97123e-13 1.19849e-17 1.14946e-22 1.62322e-28 3.22345e-35 8.71679e-43
 1.68299e-41 2.33588e-33 3.91892e-26 7.94749e-20 1.94823e-14 5.77297e-10 2.06778e-06 0.00089528 0.0468568 0.29699 0.253985 0.181734 0.144757 0.0608539 0.0129494 0.000953767 2.28547e-05 1.42595e-07 1.99087e-10 5.24259e-14 2.32171e-18 1.59972e-23 1.62085e-29 2.31156e-36 4.4881e-44
 1.4691e-41 2.03901e-33 3.42086e-26 6.93743e-20 1.70063e-14 5.03928e-10 1.80499e-06 0.000781498 0.0409029 0.259602 0.234762 0.214852 0.167247 0.068251 0.0127785 0.000804751 1.58217e-05 7.77804e-08 8.26844e-11 1.6363e-14 5.38924e-19 2.71682e-24 1.9812e-30 2.01274e-37 2.77327e-45
 1.49928e-41 2.0809e-33 3.49114e-26 7.07996e-20 1.73557e-14 5.1428e-10 1.84207e-06 0.000797553 0.0417429 0.264831 0.235111 0.197359 0.166978 0.0781006 0.0142425 0.000821489 1.41168e-05 5.89581e-08 5.21943e-11 8.46064e-15 2.26085e-19 9.22613e-25 5.44216e-31 4.45913e-38 4.92988e-46
#spawning biomass
 18334.9 17880 18307.8 20830.3 24876.2 31041.1 36718.2 46124 62775 81073.3 96469.1 118011 158685 184308 177137 148441 139146 139723 139048 134837 132730 142577 147309 162215 177490 187540 179099 193165 229479 190055 89917.1 44133.7 26893.9 21102.9 19296.1 18760.1 18606.7 18564 18552.3 18549.1 18548.3 18548.1 18548 18548 18548 18548 18548 18548 18548 18548 18548 18548 18548 18548 18548 18548 18548 18548 18548 18548 18548 18548 18548 18548 18548 18548 18548 18548 18548 18548 18548 18548 18548 18548 18548 18548 18548 18548 18548 18548 18548 18548 18548 18548 18548 18548 18548 18548 18548 18548 18548 18548 18548 18548 18548 18548 18548 18548 18548 18548 18548 18548 18548 18548 18548 18548 18548 18548 18548 18548 18548 18548 18548 18548 18548 18548 18548 18548 18548 18548 18548 18548 18548 18548 18548 18548 18548 18548 0 0 0 0 0 0 0 0 0 0 0 0 0 0 0 0 0 0 0 0 0 0 0 0 0
