SBPRF35
0.189926
Curr Bio
94945
B35
145805
F35
0.581516
FOFL
0.170541
OFL
8850.84
Bzero
54264.6
#pred survey bio
 5263.41 5584.53 8733.31 11846.9 17644.7 21462.9 24253.9 31698.8 46925.7 66839.5 93183.9 122875 154764 171531 174768 147426 143849 133785 135177 148224 156169 173992 155489 165671 195480 200798 196186 152492 3.66066e+06 2.31618e+06 1.619e+06 1.10652e+06 835443 706163 646365 618373 604745 597752 593969 591828 590574 589823 589365 589083 588910 588802 588736 588695 588669 588653 588643 588637 588633 588630 588629 588628 588627 588627 588627 588626 588626 588626 588626 588626 588626 588626 588626 588626 588626 588626 588626 588626 588626 588626 588626 588626 588626 588626 588626 588626 588626 588626 588626 588626 588626 588626 588626 588626 588626 588626 588626 588626 588626 588626 588626 588626 588626 588626 588626 588626 588626 588626 588626 588626 588626 588626 588626 588626 588626 588626 588626 588626 588626 588626 588626 588626 588626 588626 588626 588626 588626 588626 588626 588626 588626 588626 588626 588626 0 0 0 0 0 0 0 0 0 0 0 0 0 0 0 0 0 0 0 0 0 0 0 0 0
#obs survey bio
 4777.04 8695.55 9951.96 16369.3 24420.1 21615.1 21355 44323.4 63018.6 71646.5 69964.1 131588 199408 153398 131351 125874 163718 126538 110282 140422 182043 191582 137577 102111 187385 195181 177892 127835
#pred catch bio
 2942.7 2747.41 4564.76 5840.14 9452.93 12049.7 13026.2 15471.7 22964.4 33601.9 50583.4 64823 82318.4 87991.5 103476 85714.8 85328.6 73763.1 71554.1 82391.3 78597.8 101095 82179.3 80005.9 100644 100948 113196 110708 8850.84 35580.6 24137.8 15298.2 10927.6 9045.71 8293.07 8005.42 7898.65 7859.79 7845.83 7840.86 7839.1 7838.48 7838.27 7838.19 7838.16 7838.15 7838.15 7838.15 7838.15 7838.15 7838.15 7838.15 7838.15 7838.15 7838.15 7838.15 7838.15 7838.15 7838.15 7838.15 7838.15 7838.15 7838.15 7838.15 7838.15 7838.15 7838.15 7838.15 7838.15 7838.15 7838.15 7838.15 7838.15 7838.15 7838.15 7838.15 7838.15 7838.15 7838.15 7838.15 7838.15 7838.15 7838.15 7838.15 7838.15 7838.15 7838.15 7838.15 7838.15 7838.15 7838.15 7838.15 7838.15 7838.15 7838.15 7838.15 7838.15 7838.15 7838.15 7838.15 7838.15 7838.15 7838.15 7838.15 7838.15 7838.15 7838.15 7838.15 7838.15 7838.15 7838.15 7838.15 7838.15 7838.15 7838.15 7838.15 7838.15 7838.15 7838.15 7838.15 7838.15 7838.15 7838.15 7838.15 7838.15 7838.15 7838.15 7838.15 0 0 0 0 0 0 0 0 0 0 0 0 0 0 0 0 0 0 0 0 0 0 0 0 0
#obs catch bio
 2689.85 2740.55 4556.55 5540.02 9010.24 11596.5 13582.6 14886.7 20704.8 31630.9 53039.1 60702.1 77752.2 86258 107502 94287.6 93001.1 77458.9 74805.5 84401.5 75377.1 101071 80606 83568.8 101889 98710.8 114740 117397
#pred cpue bio
 4240.15 3746.4 5785.9 8012.48 11827.6 14798.2 16657.2 21313.5 31632.1 45475.2 63122.9 82289 106302 121343 128080 106096 100460 94435.6 96267.7 104609 109419 125113 111585 117817 139717 146175 145991 113920 2.4049e+06 2.09787e+06 1.51636e+06 1.00967e+06 738809 609537 549740 521748 508120 501127 497344 495202 493949 493197 492740 492458 492284 492177 492111 492069 492044 492028 492018 492011 492007 492005 492004 492003 492002 492002 492001 492001 492001 492001 492001 492001 492001 492001 492001 492001 492001 492001 492001 492001 492001 492001 492001 492001 492001 492001 492001 492001 492001 492001 492001 492001 492001 492001 492001 492001 492001 492001 492001 492001 492001 492001 492001 492001 492001 492001 492001 492001 492001 492001 492001 492001 492001 492001 492001 492001 492001 492001 492001 492001 492001 492001 492001 492001 492001 492001 492001 492001 492001 492001 492001 492001 492001 492001 492001 492001 0 0 0 0 0 0 0 0 0 0 0 0 0 0 0 0 0 0 0 0 0 0 0 0 0
#obs cpue bio
 3185.61 2648.55 4892.76 8395.26 10159.6 16611.3 12861.9 22572.5 43102.3 43807.8 55434.9 135935 100451 125643 140299 74843.8 67665.4 82087.1 95979.6 116100 118375 113383 133095 124310 172235 170090 143828 112980
#pred surv len freq
 3.70492e-11 1.74262e-09 5.6756e-08 1.27999e-06 1.99889e-05 0.000216151 0.00161853 0.00839252 0.0301403 0.0750204 0.129757 0.157578 0.139638 0.101835 0.076158 0.063538 0.0518973 0.0395914 0.0300414 0.0236307 0.0194618 0.0168952 0.0148212 0.0118858 0.00786147
 4.67955e-11 2.20103e-09 7.16863e-08 1.6167e-06 2.52471e-05 0.000273012 0.00204428 0.0105999 0.038063 0.0946957 0.163483 0.197089 0.169954 0.113752 0.0715519 0.0497012 0.0346172 0.0214429 0.0122994 0.00726255 0.00465087 0.00325116 0.00241456 0.00174181 0.00108692
 4.60821e-11 2.16748e-09 7.05936e-08 1.59206e-06 2.48623e-05 0.00026885 0.00201312 0.0104384 0.0374847 0.0932713 0.161121 0.194701 0.169379 0.116567 0.0774947 0.056245 0.0388137 0.0222847 0.0108064 0.00486724 0.00219364 0.00103142 0.000532461 0.000298509 0.000161594
 4.46641e-11 2.10079e-09 6.84213e-08 1.54307e-06 2.40972e-05 0.000260577 0.00195118 0.0101173 0.0363328 0.090417 0.156271 0.189223 0.165855 0.116834 0.0812635 0.0614791 0.0433865 0.0252884 0.0123869 0.00546436 0.00221945 0.000815332 0.00027778 9.55517e-05 3.50088e-05
 4.54569e-11 2.13808e-09 6.96357e-08 1.57046e-06 2.4525e-05 0.000265203 0.00198581 0.0102968 0.0369765 0.0920099 0.158963 0.192193 0.167526 0.116031 0.0782349 0.0578534 0.0409041 0.0244725 0.0125926 0.0058862 0.00248866 0.000912847 0.000285639 7.73812e-05 1.87884e-05
 4.3396e-11 2.04114e-09 6.64786e-08 1.49926e-06 2.34131e-05 0.000253179 0.00189579 0.00983015 0.0353027 0.087864 0.151932 0.184311 0.162658 0.116964 0.0844315 0.0658602 0.0471166 0.027671 0.013714 0.00618889 0.00259487 0.000971196 0.000312832 8.50369e-05 1.92178e-05
 4.38302e-11 2.06156e-09 6.71437e-08 1.51426e-06 2.36473e-05 0.000255712 0.00191475 0.00992845 0.0356551 0.0887356 0.153401 0.185915 0.163499 0.116364 0.0825512 0.0637168 0.0457957 0.0274404 0.0140565 0.00653744 0.00276187 0.00101898 0.000321773 8.65732e-05 1.95573e-05
 4.52637e-11 2.12899e-09 6.93398e-08 1.56378e-06 2.44207e-05 0.000264076 0.00197737 0.0102531 0.0368196 0.0916211 0.158303 0.191451 0.167058 0.116092 0.0787699 0.0585438 0.0414267 0.0247373 0.0127119 0.0059767 0.00257495 0.000974061 0.000314522 8.55642e-05 1.92995e-05
 4.5057e-11 2.11927e-09 6.90231e-08 1.55664e-06 2.43092e-05 0.000262869 0.00196834 0.0102063 0.0366518 0.0912056 0.1576 0.190671 0.166605 0.116262 0.0795021 0.0594373 0.0420577 0.0249774 0.012711 0.00591986 0.0025428 0.000967658 0.00031696 8.79632e-05 2.02583e-05
 4.4467e-11 2.09151e-09 6.81192e-08 1.53626e-06 2.39909e-05 0.000259427 0.00194257 0.0100727 0.0361724 0.0900176 0.15558 0.188381 0.165104 0.116295 0.0809421 0.0614658 0.0438334 0.0261563 0.013372 0.00624502 0.00267809 0.0010138 0.000330402 9.1645e-05 2.12372e-05
 4.47946e-11 2.10693e-09 6.86212e-08 1.54758e-06 2.41677e-05 0.000261339 0.00195688 0.0101468 0.0364386 0.0906767 0.156698 0.189632 0.16587 0.116129 0.0799287 0.0601626 0.0428258 0.025647 0.0132129 0.00622783 0.00269039 0.00102284 0.000333787 9.24599e-05 2.13701e-05
 4.5403e-11 2.13554e-09 6.95532e-08 1.5686e-06 2.44959e-05 0.000264888 0.00198346 0.0102846 0.036933 0.0919031 0.15879 0.192038 0.167564 0.116418 0.0789113 0.058464 0.0410581 0.024133 0.0120853 0.00552704 0.0023424 0.000885059 0.000289142 8.0344e-05 1.8613e-05
 4.36809e-11 2.05454e-09 6.69151e-08 1.5091e-06 2.35668e-05 0.000254842 0.00190823 0.00989468 0.0355341 0.0884372 0.152904 0.1854 0.163328 0.11683 0.083572 0.0647637 0.0462886 0.0272661 0.0135739 0.00612917 0.00254889 0.000940896 0.000300225 8.19287e-05 1.87966e-05
 4.17422e-11 1.96335e-09 6.39452e-08 1.44212e-06 2.25208e-05 0.000243531 0.00182355 0.00945566 0.033959 0.084532 0.146254 0.177819 0.15821 0.116523 0.0877047 0.0709194 0.052028 0.031507 0.0163147 0.00767819 0.00327645 0.00121663 0.00038488 0.000103242 2.32066e-05
 3.92736e-11 1.84724e-09 6.01634e-08 1.35683e-06 2.11889e-05 0.000229129 0.00171571 0.00889662 0.0319532 0.0795574 0.137773 0.168104 0.151492 0.115687 0.0923061 0.0781575 0.0591363 0.0371951 0.0203699 0.0102154 0.0046083 0.00179222 0.00058915 0.000162262 3.68724e-05
 4.08641e-11 1.92205e-09 6.26e-08 1.41179e-06 2.20471e-05 0.000238408 0.00178519 0.00925679 0.0332452 0.0827588 0.143212 0.174242 0.155426 0.115351 0.08805 0.0723369 0.0542041 0.0341367 0.0188779 0.00966082 0.00450269 0.00183123 0.000634158 0.000183846 4.36517e-05
 4.2953e-11 2.0203e-09 6.58e-08 1.48395e-06 2.31741e-05 0.000250595 0.00187643 0.00972981 0.0349423 0.0869666 0.150377 0.182415 0.160956 0.115716 0.0836528 0.0657651 0.0480613 0.0295692 0.0158835 0.0079249 0.00365818 0.00149992 0.000531698 0.000159664 3.95617e-05
 4.18364e-11 1.96778e-09 6.40895e-08 1.44538e-06 2.25716e-05 0.00024408 0.00182766 0.00947699 0.0340357 0.084723 0.146585 0.178228 0.158588 0.11682 0.0878912 0.0708862 0.0516508 0.0308662 0.0157115 0.00735324 0.00321638 0.001269 0.000439146 0.000130824 3.26911e-05
 4.14343e-11 1.94887e-09 6.34735e-08 1.43148e-06 2.23547e-05 0.000241734 0.00181009 0.00938591 0.0337086 0.0839095 0.145183 0.176544 0.157166 0.115964 0.0876185 0.0712619 0.0528106 0.0326148 0.0174283 0.00850254 0.00374774 0.00143807 0.000474697 0.000134825 3.25088e-05
 4.22749e-11 1.98841e-09 6.47612e-08 1.46053e-06 2.28082e-05 0.000246639 0.00184681 0.00957626 0.0343913 0.0856001 0.148047 0.179743 0.159099 0.115464 0.0848961 0.0677705 0.0500987 0.0312563 0.0170811 0.00861212 0.00394693 0.00157526 0.000535221 0.000152997 3.62367e-05
 4.26152e-11 2.00441e-09 6.52825e-08 1.47228e-06 2.29918e-05 0.000248624 0.00186168 0.00965333 0.034668 0.0862878 0.14923 0.181148 0.16024 0.116051 0.0849374 0.0673175 0.049151 0.0299662 0.0158362 0.00775402 0.00352144 0.00142306 0.000496776 0.000146717 3.57663e-05
 4.07496e-11 1.91667e-09 6.24246e-08 1.40783e-06 2.19853e-05 0.00023774 0.00178019 0.00923087 0.0331524 0.0825305 0.142835 0.17387 0.155369 0.115876 0.0890911 0.0734002 0.0547226 0.0339605 0.0183097 0.00908489 0.00411504 0.00163934 0.000564552 0.000166355 4.10275e-05
 4.09073e-11 1.92408e-09 6.26662e-08 1.41328e-06 2.20704e-05 0.00023866 0.00178707 0.00926658 0.0332805 0.082848 0.143375 0.174484 0.155776 0.115879 0.088719 0.0728558 0.0542184 0.0336022 0.0181095 0.00900897 0.00410558 0.00164631 0.000568199 0.000166688 4.07844e-05
 4.17904e-11 1.96562e-09 6.40191e-08 1.44379e-06 2.25468e-05 0.000243812 0.00182565 0.00946654 0.0339976 0.0846236 0.146382 0.17783 0.157761 0.115255 0.0857334 0.0691313 0.0514718 0.0323929 0.0179176 0.00915216 0.0042478 0.00172311 0.000600068 0.000177376 4.36147e-05
 4.14475e-11 1.94949e-09 6.34937e-08 1.43194e-06 2.23618e-05 0.000241812 0.00181067 0.00938889 0.033719 0.0839329 0.145206 0.17649 0.156858 0.115205 0.0864552 0.0701709 0.0523825 0.0330232 0.0183489 0.0094767 0.00448342 0.00186505 0.000666611 0.000201345 5.02765e-05
 3.99285e-11 1.87805e-09 6.11667e-08 1.37946e-06 2.15423e-05 0.00023295 0.00174432 0.00904492 0.0324851 0.0808754 0.140011 0.170625 0.153089 0.115493 0.0904509 0.0756093 0.0569261 0.0357904 0.01973 0.0101113 0.00476933 0.00199163 0.00072001 0.000221401 5.64731e-05
 3.83534e-11 1.80396e-09 5.87538e-08 1.32504e-06 2.06925e-05 0.00022376 0.00167551 0.00868822 0.0312051 0.0776998 0.134589 0.164374 0.148633 0.114588 0.092855 0.0797953 0.0614253 0.0397978 0.022834 0.0121169 0.00581634 0.00243822 0.000880908 0.00027133 6.96878e-05
 3.79692e-11 1.78589e-09 5.81652e-08 1.31177e-06 2.04852e-05 0.000221519 0.00165873 0.00860122 0.0308931 0.0769271 0.133279 0.16291 0.147741 0.114791 0.0940339 0.0812544 0.0624539 0.040219 0.0229446 0.0122148 0.00595815 0.00255835 0.000945672 0.00029572 7.65224e-05
#obs surv len freq
 4.09264e-11 1.92498e-09 6.26953e-08 1.41394e-06 2.20807e-05 0.000238771 0.00178791 0.00927089 0.0332961 0.0828867 0.143442 0.174568 0.155859 0.115953 0.0887756 0.0728622 0.0541369 0.0334492 0.01796 0.00892656 0.0040916 0.00166376 0.00058673 0.000176819 4.45553e-05
 4.93005e-11 2.31886e-09 7.55236e-08 1.70325e-06 2.65986e-05 0.000287626 0.0021537 0.0111671 0.0400987 0.0997454 0.172101 0.20701 0.176986 0.115123 0.0678437 0.0437888 0.0291963 0.0174255 0.00922779 0.00453806 0.0020574 0.000826701 0.000288001 8.58296e-05 2.14222e-05
 4.15417e-11 1.95392e-09 6.3638e-08 1.4352e-06 2.24127e-05 0.000242361 0.00181479 0.00941033 0.0337973 0.0841386 0.145637 0.177372 0.158771 0.118889 0.0915767 0.0743801 0.0529069 0.0295297 0.0132115 0.00523095 0.00199857 0.000734239 0.000246163 7.19814e-05 1.7725e-05
 4.73643e-11 2.22779e-09 7.25575e-08 1.63636e-06 2.5554e-05 0.00027633 0.00206913 0.0107287 0.038526 0.0958486 0.165482 0.199545 0.172218 0.115582 0.0731041 0.0509638 0.0352667 0.021162 0.0109932 0.0051191 0.00209409 0.00072141 0.000208631 5.21901e-05 1.14753e-05
 4.46309e-11 2.09922e-09 6.83704e-08 1.54192e-06 2.40794e-05 0.000260384 0.00194973 0.0101098 0.0363063 0.0903533 0.156179 0.189195 0.166096 0.117551 0.0823655 0.0624109 0.043527 0.0245994 0.0114315 0.00477414 0.00189104 0.00068775 0.000216728 5.68796e-05 1.21564e-05
 4.34274e-11 2.04262e-09 6.65267e-08 1.50035e-06 2.343e-05 0.000253363 0.00189716 0.00983727 0.0353284 0.0879276 0.152041 0.184445 0.162776 0.117052 0.0845046 0.0659344 0.0471808 0.0276768 0.0136083 0.00598483 0.00238082 0.000825657 0.000244776 6.22126e-05 1.34298e-05
 4.33074e-11 2.03697e-09 6.63428e-08 1.4962e-06 2.33653e-05 0.000252662 0.00189192 0.00981008 0.0352307 0.0876846 0.151621 0.183934 0.162327 0.116738 0.0843245 0.0659237 0.0474162 0.0281483 0.0141689 0.00645912 0.00268274 0.000971716 0.000297639 7.6248e-05 1.61589e-05
 4.57455e-11 2.15165e-09 7.00778e-08 1.58043e-06 2.46807e-05 0.000266886 0.00199842 0.0103622 0.0372112 0.0925919 0.159957 0.193344 0.16836 0.116235 0.0778444 0.0571102 0.0400409 0.0236514 0.0119505 0.00550174 0.00232278 0.000862357 0.000273164 7.27241e-05 1.59676e-05
 4.68892e-11 2.20544e-09 7.18297e-08 1.61994e-06 2.52977e-05 0.000273558 0.00204837 0.0106211 0.0381405 0.0948965 0.163887 0.197846 0.171478 0.116633 0.0757202 0.0537412 0.0366937 0.0209446 0.0100323 0.00434478 0.00175777 0.000642532 0.000204372 5.53104e-05 1.24456e-05
 4.42655e-11 2.08204e-09 6.78106e-08 1.5293e-06 2.38822e-05 0.000258252 0.00193377 0.0100271 0.0360095 0.0896175 0.154927 0.187773 0.165155 0.117549 0.083236 0.0636824 0.0447048 0.0254367 0.0118977 0.00494529 0.00190132 0.000658149 0.000198632 5.16114e-05 1.13685e-05
 4.54566e-11 2.13806e-09 6.96352e-08 1.57045e-06 2.45248e-05 0.000265201 0.0019858 0.0102968 0.0369767 0.0920119 0.158979 0.192274 0.167793 0.116622 0.0790957 0.0585899 0.0410516 0.0239616 0.0117929 0.00520477 0.00207786 0.000720132 0.000211189 5.2383e-05 1.09576e-05
 4.55012e-11 2.14016e-09 6.97036e-08 1.57199e-06 2.45489e-05 0.000265461 0.00198775 0.0103069 0.037013 0.0921027 0.159139 0.192481 0.168015 0.116857 0.0793204 0.0586881 0.0408912 0.0235753 0.0113881 0.00495616 0.00199159 0.000710858 0.000216899 5.54879e-05 1.17021e-05
 4.32795e-11 2.03566e-09 6.63001e-08 1.49524e-06 2.33502e-05 0.0002525 0.0018907 0.00980379 0.0352084 0.087631 0.151543 0.183909 0.162522 0.117327 0.0852421 0.0667315 0.047608 0.0276515 0.0133818 0.00580986 0.00231718 0.000818982 0.000248599 6.40096e-05 1.37563e-05
 4.01457e-11 1.88826e-09 6.14995e-08 1.38697e-06 2.16595e-05 0.000234217 0.00175381 0.00909416 0.0326625 0.08132 0.140803 0.171698 0.154389 0.11714 0.0923659 0.077049 0.0569311 0.0342061 0.01738 0.00797263 0.00330953 0.00119182 0.000363322 9.32888e-05 1.99698e-05
 3.76274e-11 1.76981e-09 5.76417e-08 1.29997e-06 2.03008e-05 0.000219525 0.0016438 0.00852388 0.0306162 0.0762449 0.132149 0.16177 0.147481 0.116166 0.0968868 0.0842918 0.0641709 0.0401339 0.0216897 0.0106916 0.00473343 0.00180135 0.000576722 0.000153997 3.37952e-05
 4.17922e-11 1.9657e-09 6.40216e-08 1.44385e-06 2.25478e-05 0.000243822 0.00182572 0.00946691 0.0339989 0.0846247 0.146371 0.177762 0.157522 0.11472 0.0849539 0.0684715 0.0513587 0.0328861 0.0186667 0.00977315 0.00460024 0.00186633 0.000639229 0.000182181 4.23226e-05
 4.1094e-11 1.93287e-09 6.29522e-08 1.41973e-06 2.21711e-05 0.000239749 0.00179523 0.00930887 0.0334326 0.0832266 0.144032 0.175292 0.156521 0.116459 0.0890963 0.0728551 0.0536211 0.0325181 0.0170192 0.00832109 0.00384144 0.00160101 0.000578242 0.000175473 4.34554e-05
 4.01452e-11 1.88824e-09 6.14987e-08 1.38695e-06 2.16592e-05 0.000234214 0.00175379 0.00909402 0.0326617 0.081315 0.140775 0.17157 0.153979 0.116235 0.0910395 0.0758782 0.0566094 0.0348678 0.0185306 0.00903919 0.0040376 0.00159724 0.000551981 0.000165177 4.16945e-05
 4.0319e-11 1.89641e-09 6.17649e-08 1.39295e-06 2.1753e-05 0.000235228 0.00176138 0.00913336 0.0328027 0.0816632 0.141359 0.17219 0.154245 0.115836 0.0900456 0.0747882 0.0559785 0.0348541 0.0188785 0.00941947 0.00428477 0.00170698 0.000584024 0.000170141 4.15726e-05
 4.32498e-11 2.03426e-09 6.62546e-08 1.49421e-06 2.33342e-05 0.000252326 0.0018894 0.00979701 0.0351835 0.0875639 0.151391 0.183556 0.161677 0.115626 0.0828289 0.0646804 0.0472031 0.0291003 0.0156784 0.00782191 0.00358621 0.00145012 0.000504608 0.000148741 3.63762e-05
 4.14579e-11 1.94998e-09 6.35096e-08 1.4323e-06 2.23675e-05 0.000241872 0.00181113 0.00939129 0.0337283 0.0839603 0.145285 0.176737 0.157555 0.116684 0.0885834 0.0719768 0.052719 0.0317235 0.016336 0.00776333 0.00344696 0.00137589 0.000478842 0.000142296 3.52109e-05
 4.07068e-11 1.91465e-09 6.2359e-08 1.40635e-06 2.19622e-05 0.000237491 0.00177832 0.00922119 0.0331178 0.0824455 0.142696 0.17374 0.155377 0.116139 0.0895808 0.0738954 0.0549637 0.0338746 0.0180291 0.00878475 0.00389342 0.00151286 0.000507807 0.00014653 3.57033e-05
 4.14486e-11 1.94954e-09 6.34953e-08 1.43198e-06 2.23624e-05 0.000241818 0.00181072 0.00938914 0.0337203 0.0839373 0.145224 0.176565 0.157092 0.115717 0.0872109 0.0708517 0.0525996 0.032685 0.0177067 0.00884579 0.00403009 0.00160586 0.000547209 0.00015761 3.77493e-05
 4.08125e-11 1.91962e-09 6.25208e-08 1.41e-06 2.20192e-05 0.000238107 0.00178293 0.0092451 0.0332036 0.0826577 0.143054 0.174135 0.155596 0.116018 0.0891391 0.0733251 0.0544908 0.0336246 0.0180134 0.00893139 0.00408295 0.00165154 0.000575651 0.000169808 4.1433e-05
 4.00329e-11 1.88295e-09 6.13266e-08 1.38307e-06 2.15986e-05 0.000233559 0.00174888 0.00906857 0.0325702 0.081087 0.140378 0.171076 0.153505 0.115824 0.090699 0.0757197 0.0567965 0.035406 0.0192117 0.00962035 0.00440711 0.00177745 0.000618866 0.000183638 4.54108e-05
 3.92586e-11 1.84653e-09 6.01404e-08 1.35632e-06 2.11809e-05 0.000229041 0.00171505 0.00889322 0.031941 0.0795261 0.137714 0.168009 0.151333 0.115417 0.0919295 0.0777995 0.0589685 0.037291 0.0206693 0.0105942 0.00494763 0.00202408 0.000711452 0.000212175 5.26145e-05
 3.73872e-11 1.75852e-09 5.72737e-08 1.29167e-06 2.01712e-05 0.000218124 0.00163331 0.00846946 0.0304207 0.0757574 0.1313 0.160714 0.146465 0.115277 0.0961257 0.0838607 0.0643989 0.0410823 0.0230282 0.011979 0.00569373 0.00237672 0.000853041 0.000259119 6.51494e-05
 4.02528e-11 1.8933e-09 6.16634e-08 1.39067e-06 2.17173e-05 0.000234841 0.00175848 0.00911831 0.0327481 0.0815225 0.141082 0.171696 0.153306 0.114134 0.0877128 0.0728415 0.0556458 0.0363312 0.0211884 0.0114597 0.00560043 0.0023858 0.000872658 0.000270332 6.93176e-05
#pred catch len freq
 3.16794e-11 1.49005e-09 4.853e-08 1.09447e-06 1.70918e-05 0.000184824 0.00138396 0.00717646 0.0257764 0.0641922 0.111258 0.136198 0.124205 0.0981228 0.0830648 0.0755641 0.0639641 0.0496372 0.0381085 0.0301856 0.0249354 0.0216698 0.0190157 0.0152508 0.0100874
 4.28896e-11 2.01732e-09 6.57028e-08 1.48176e-06 2.31398e-05 0.000250225 0.00187366 0.00971538 0.0348898 0.0868293 0.150095 0.181857 0.159774 0.113402 0.080169 0.0620561 0.0454512 0.0287317 0.016708 0.00997461 0.00642695 0.00450328 0.00334683 0.00241476 0.00150691
 4.2332e-11 1.9911e-09 6.48487e-08 1.4625e-06 2.2839e-05 0.000246972 0.00184931 0.00958924 0.0344385 0.0857227 0.148295 0.18021 0.160039 0.117204 0.0872453 0.0695616 0.0499783 0.0291352 0.0142762 0.00649708 0.00295147 0.00139353 0.000720602 0.000404201 0.000218838
 4.03476e-11 1.89776e-09 6.18088e-08 1.39394e-06 2.17684e-05 0.000235395 0.00176263 0.00913989 0.0328265 0.0817282 0.141507 0.172541 0.155095 0.117552 0.0924803 0.0768486 0.0563595 0.033346 0.0165117 0.00736076 0.00301293 0.00111152 0.000379485 0.000130675 4.79002e-05
 4.16548e-11 1.95924e-09 6.38113e-08 1.4391e-06 2.24737e-05 0.000243021 0.00181973 0.00943586 0.033888 0.0843557 0.145952 0.17747 0.157955 0.116457 0.0878178 0.0711447 0.0523003 0.0317738 0.0165224 0.00779421 0.00331564 0.00122003 0.000382342 0.000103662 2.51809e-05
 3.94031e-11 1.85333e-09 6.03619e-08 1.36131e-06 2.12588e-05 0.000229885 0.00172137 0.00892602 0.0320593 0.0798266 0.138274 0.168875 0.15269 0.117593 0.0947542 0.0800243 0.0590902 0.0351381 0.0175781 0.00800518 0.00337855 0.00126886 0.000409353 0.000111356 2.51751e-05
 3.96928e-11 1.86696e-09 6.08056e-08 1.37132e-06 2.14151e-05 0.000231574 0.00173402 0.00899159 0.0322942 0.0804066 0.139244 0.169896 0.153094 0.116848 0.0930089 0.078204 0.0581976 0.035362 0.0183013 0.00859106 0.0036525 0.00135199 0.0004276 0.000115138 2.60213e-05
 4.1029e-11 1.92981e-09 6.28526e-08 1.41748e-06 2.2136e-05 0.00023937 0.00179239 0.00929415 0.0333796 0.083096 0.143812 0.175053 0.1564 0.11657 0.0894448 0.0733395 0.0540968 0.0328407 0.0170747 0.00811203 0.00351953 0.00133614 0.000432152 0.000117661 2.65507e-05
 4.07876e-11 1.91845e-09 6.24828e-08 1.40914e-06 2.20058e-05 0.000237962 0.00178185 0.0092395 0.0331836 0.082611 0.142992 0.174146 0.155882 0.116794 0.0903352 0.0744114 0.0548352 0.0330942 0.017037 0.00801853 0.00346918 0.00132507 0.000434772 0.000120758 2.78227e-05
 4.01713e-11 1.88946e-09 6.15386e-08 1.38785e-06 2.16733e-05 0.000234366 0.00175492 0.00909994 0.0326829 0.08137 0.140881 0.171751 0.154304 0.116806 0.0918091 0.0765073 0.0566917 0.0343516 0.0177592 0.00837869 0.0036181 0.00137453 0.000448708 0.000124562 2.88771e-05
 4.09058e-11 1.92402e-09 6.26639e-08 1.41323e-06 2.20696e-05 0.000238652 0.00178701 0.00926627 0.0332796 0.082848 0.14339 0.174573 0.15608 0.116561 0.0897231 0.0737424 0.0544593 0.0330927 0.0172257 0.00819403 0.00356167 0.00135835 0.00044392 0.000123056 2.84524e-05
 4.15305e-11 1.9534e-09 6.36209e-08 1.43481e-06 2.24066e-05 0.000242296 0.0018143 0.00940774 0.0337872 0.0841077 0.145542 0.17706 0.157874 0.116978 0.0888502 0.0721406 0.0526621 0.0314222 0.0159014 0.00734321 0.00313343 0.00118815 0.000388788 0.000108116 2.50566e-05
 3.9479e-11 1.8569e-09 6.04781e-08 1.36393e-06 2.12998e-05 0.000230327 0.00172469 0.00894319 0.0321208 0.0799788 0.13853 0.169151 0.152825 0.117463 0.0943963 0.0796428 0.0588984 0.0351657 0.0176839 0.00806252 0.0033762 0.00125084 0.000399805 0.000109194 2.50627e-05
 3.69891e-11 1.73979e-09 5.66639e-08 1.27791e-06 1.99564e-05 0.000215801 0.00161592 0.00837937 0.0300979 0.0749632 0.129988 0.159407 0.146224 0.117009 0.0996164 0.0874758 0.06626 0.0406709 0.0212884 0.0101189 0.00434689 0.00161965 0.000513215 0.000137783 3.09846e-05
 3.4876e-11 1.6404e-09 5.34269e-08 1.20491e-06 1.88164e-05 0.000203473 0.00152362 0.00790084 0.0283808 0.0707031 0.122715 0.151026 0.140261 0.115825 0.102872 0.0930859 0.0722239 0.0459415 0.0253943 0.0128365 0.00581949 0.00226879 0.000746683 0.000205775 4.67756e-05
 3.65799e-11 1.72054e-09 5.6037e-08 1.26377e-06 1.97357e-05 0.000213414 0.00159804 0.00828665 0.0297648 0.0741324 0.12854 0.157597 0.144463 0.115436 0.0982687 0.0868013 0.0669041 0.0426564 0.0238193 0.0122892 0.00575633 0.00234673 0.000813582 0.000235993 5.60492e-05
 3.91425e-11 1.84108e-09 5.99627e-08 1.35231e-06 2.11182e-05 0.000228364 0.00170999 0.00886696 0.0318468 0.0792947 0.137332 0.167632 0.151276 0.115948 0.0929659 0.0788157 0.0593794 0.036993 0.0200572 0.010088 0.00468044 0.00192383 0.00068273 0.000205127 5.08397e-05
 3.74579e-11 1.76184e-09 5.7382e-08 1.29411e-06 2.02094e-05 0.000218536 0.0016364 0.00848553 0.0304789 0.0759087 0.131604 0.161281 0.147593 0.117367 0.0990021 0.086235 0.0647327 0.0391613 0.0201303 0.00951039 0.00418725 0.00165757 0.000574471 0.000171258 4.28089e-05
 3.67616e-11 1.72909e-09 5.63153e-08 1.27005e-06 1.98337e-05 0.000214474 0.00160598 0.00832782 0.0299127 0.0745018 0.129186 0.158416 0.145297 0.116254 0.0990558 0.0873057 0.0667571 0.0417869 0.0225694 0.0111141 0.00492838 0.00189684 0.000627051 0.000178232 4.29924e-05
 3.7984e-11 1.78659e-09 5.8188e-08 1.31228e-06 2.04932e-05 0.000221605 0.00165938 0.00860461 0.0309055 0.0769605 0.133354 0.163081 0.14815 0.115618 0.0952311 0.0823479 0.0628473 0.0397442 0.0219446 0.0111605 0.00514242 0.00205778 0.000700021 0.00020023 4.74388e-05
 3.7927e-11 1.7839e-09 5.81006e-08 1.31031e-06 2.04624e-05 0.000221273 0.00165689 0.00859172 0.0308596 0.0768492 0.133183 0.162972 0.148367 0.116417 0.0965134 0.0834764 0.0631002 0.0390356 0.0208659 0.0103219 0.004719 0.00191327 0.000668891 0.000197687 4.82081e-05
 3.64561e-11 1.71472e-09 5.58474e-08 1.2595e-06 1.96689e-05 0.000212692 0.00159264 0.00825865 0.0296645 0.073886 0.128135 0.157208 0.144446 0.116103 0.0995389 0.0880787 0.0674995 0.042391 0.0230734 0.0115439 0.00525656 0.00209958 0.000723937 0.000213451 5.26587e-05
 3.61351e-11 1.69962e-09 5.53557e-08 1.24841e-06 1.94957e-05 0.000210819 0.00157862 0.00818596 0.0294038 0.0732398 0.127037 0.155964 0.143634 0.116127 0.100323 0.0891592 0.068407 0.0429648 0.0234078 0.0117561 0.00539002 0.00216781 0.000749216 0.00021994 5.38324e-05
 3.67469e-11 1.7284e-09 5.62928e-08 1.26954e-06 1.98258e-05 0.000214388 0.00160534 0.00832447 0.0299004 0.0744682 0.129108 0.158231 0.144843 0.11533 0.0977269 0.0861329 0.0664278 0.0424564 0.0237715 0.0122661 0.0057286 0.00233084 0.000812859 0.000240448 5.91447e-05
 3.66245e-11 1.72264e-09 5.61053e-08 1.26531e-06 1.97597e-05 0.000213674 0.00159999 0.00829675 0.0298009 0.0742214 0.128687 0.157746 0.144497 0.115256 0.0978912 0.0863888 0.0666489 0.0426299 0.0239598 0.0124936 0.00594522 0.00248005 0.000887563 0.000268249 6.70036e-05
 3.47535e-11 1.63464e-09 5.32392e-08 1.20068e-06 1.87503e-05 0.000202759 0.00151827 0.00787309 0.0282811 0.0704555 0.122289 0.150519 0.139845 0.115592 0.102785 0.0930638 0.0722404 0.046054 0.0256853 0.0132959 0.00631048 0.00264308 0.000956821 0.000294412 7.51203e-05
 3.36589e-11 1.58316e-09 5.15624e-08 1.16286e-06 1.81597e-05 0.000196373 0.00147045 0.00762519 0.0273914 0.0682462 0.118504 0.146098 0.136499 0.114413 0.103661 0.0953088 0.0752705 0.0493579 0.0286021 0.0153003 0.00737936 0.00310049 0.00112139 0.000345589 8.87845e-05
 3.49366e-11 1.64325e-09 5.35197e-08 1.207e-06 1.88491e-05 0.000203827 0.00152626 0.00791452 0.0284295 0.0708205 0.122891 0.151112 0.139929 0.114736 0.101094 0.0913334 0.0713844 0.0463148 0.0265813 0.0142203 0.00695658 0.00299116 0.00110635 0.000346071 8.9565e-05
#obs catch len freq
 3.55644e-11 1.67278e-09 5.44812e-08 1.22869e-06 1.91878e-05 0.000207489 0.00155368 0.0080567 0.0289402 0.0720901 0.125079 0.153736 0.142138 0.116059 0.101561 0.0909538 0.0700106 0.0440869 0.0241285 0.0122195 0.00568029 0.00233303 0.000829758 0.000252139 6.40893e-05
 3.59387e-11 1.69038e-09 5.50546e-08 1.24162e-06 1.93897e-05 0.000209673 0.00157004 0.00814148 0.0292444 0.0728451 0.12637 0.15523 0.143227 0.11634 0.101088 0.0900516 0.0689784 0.0431007 0.0233123 0.0116573 0.00536428 0.00218573 0.000771622 0.000232679 5.86516e-05
 4.60135e-11 2.16425e-09 7.04883e-08 1.58969e-06 2.48253e-05 0.00026845 0.00201012 0.0104228 0.0374286 0.093128 0.160851 0.194272 0.16868 0.115421 0.076022 0.0551735 0.0389926 0.0237536 0.0126986 0.00628532 0.00286095 0.00115196 0.000401745 0.000119801 2.99119e-05
 3.67956e-11 1.73069e-09 5.63674e-08 1.27123e-06 1.9852e-05 0.000214672 0.00160747 0.00833564 0.0299422 0.0745873 0.129419 0.159099 0.147169 0.120181 0.104631 0.0918646 0.0672173 0.0378707 0.0170396 0.0067888 0.00260862 0.000961718 0.000322963 9.45113e-05 2.3282e-05
 4.36452e-11 2.05286e-09 6.68602e-08 1.50787e-06 2.35475e-05 0.000254633 0.00190667 0.00988655 0.0355048 0.0883615 0.152756 0.185144 0.162858 0.116004 0.0824913 0.0639933 0.0464576 0.0283445 0.0148456 0.00695379 0.00285531 0.000985653 0.000285384 7.14483e-05 1.57187e-05
 4.03448e-11 1.89763e-09 6.18044e-08 1.39385e-06 2.17669e-05 0.000235379 0.00176251 0.00913929 0.0328248 0.0817271 0.141528 0.172673 0.155552 0.118569 0.0939397 0.078024 0.0564319 0.0322837 0.0151041 0.0063488 0.002528 0.000922174 0.000291017 7.64306e-05 1.63414e-05
 3.89511e-11 1.83207e-09 5.96694e-08 1.3457e-06 2.1015e-05 0.000227248 0.00170163 0.00882367 0.0316923 0.0789175 0.136733 0.167152 0.151644 0.117852 0.0962207 0.0819519 0.0606674 0.0360085 0.0178265 0.00788707 0.00315122 0.00109551 0.000325207 8.27209e-05 1.78659e-05
 3.87544e-11 1.82282e-09 5.9368e-08 1.3389e-06 2.09088e-05 0.0002261 0.00169303 0.0087791 0.0315323 0.0785196 0.136047 0.16633 0.150953 0.11744 0.0960765 0.0820689 0.0610916 0.0367052 0.0186085 0.0085351 0.00356019 0.00129254 0.000396386 0.000101616 2.15445e-05
 4.16899e-11 1.96089e-09 6.38649e-08 1.44032e-06 2.24926e-05 0.000243226 0.00182126 0.00944381 0.0339168 0.084428 0.146084 0.17766 0.15822 0.116841 0.0882832 0.0714629 0.0522081 0.0312793 0.0159258 0.00737728 0.0031278 0.00116388 0.000369108 9.83331e-05 2.15992e-05
 4.31176e-11 2.02805e-09 6.60521e-08 1.48964e-06 2.32629e-05 0.000251555 0.00188363 0.00976714 0.0350769 0.0873055 0.150991 0.183291 0.162145 0.117409 0.085734 0.067342 0.0480401 0.0278308 0.0134315 0.00585395 0.00237962 0.000872166 0.000277783 7.52317e-05 1.69351e-05
 4.00019e-11 1.8815e-09 6.12791e-08 1.382e-06 2.15819e-05 0.000233378 0.00174753 0.00906164 0.0325462 0.0810364 0.140352 0.171334 0.154652 0.11853 0.0947097 0.0791928 0.0575676 0.0331419 0.0156029 0.00652478 0.00252079 0.000875067 0.000264488 6.87782e-05 1.5157e-05
 4.13294e-11 1.94394e-09 6.33128e-08 1.42786e-06 2.22981e-05 0.000241123 0.00180552 0.00936221 0.0336242 0.0837044 0.144864 0.17633 0.157526 0.117355 0.0898901 0.0733506 0.0534834 0.0316471 0.0156905 0.00696757 0.00279381 0.000970626 0.000285019 7.07508e-05 1.48072e-05
 4.13587e-11 1.94531e-09 6.33576e-08 1.42887e-06 2.23139e-05 0.000241293 0.00180679 0.00936884 0.0336481 0.0837647 0.144974 0.176489 0.157748 0.117676 0.0902733 0.0735931 0.0533599 0.0311837 0.0151742 0.00664605 0.00268331 0.000960289 0.000293399 7.51137e-05 1.58482e-05
 3.8692e-11 1.81988e-09 5.92725e-08 1.33674e-06 2.08752e-05 0.000225736 0.00169031 0.008765 0.0314819 0.0783974 0.135856 0.166198 0.151149 0.118226 0.0973607 0.0832318 0.0614231 0.0360937 0.0175882 0.00768427 0.00307928 0.00109125 0.000331704 8.54744e-05 1.8378e-05
 3.51231e-11 1.65202e-09 5.38052e-08 1.21344e-06 1.89497e-05 0.000204915 0.00153441 0.00795684 0.0285825 0.0712094 0.123621 0.15227 0.141816 0.117858 0.10525 0.0947972 0.072018 0.0437101 0.0223587 0.0103181 0.00430114 0.00155246 0.000473837 0.000121753 2.60751e-05
 3.23073e-11 1.51958e-09 4.94917e-08 1.11616e-06 1.74305e-05 0.000188487 0.00141141 0.00731918 0.0262944 0.0655336 0.113937 0.141136 0.133982 0.116527 0.109953 0.102596 0.0800554 0.0505507 0.0275073 0.0136377 0.0060602 0.00231077 0.000740598 0.000197882 4.34433e-05
 3.69606e-11 1.73845e-09 5.66201e-08 1.27693e-06 1.99411e-05 0.000215635 0.00161467 0.00837283 0.0300739 0.0748959 0.129823 0.15898 0.145125 0.114742 0.0963715 0.0846973 0.0656748 0.0425726 0.0243472 0.0128185 0.00605385 0.00246027 0.000843433 0.000240512 5.58923e-05
 3.61283e-11 1.6993e-09 5.53452e-08 1.24817e-06 1.9492e-05 0.00021078 0.00157832 0.00818444 0.0293987 0.07323 0.12704 0.156062 0.144018 0.117007 0.101585 0.0901478 0.0683918 0.0419365 0.0221092 0.0108788 0.00504367 0.00210666 0.000761679 0.000231268 5.72907e-05
 3.50638e-11 1.64923e-09 5.37145e-08 1.2114e-06 1.89177e-05 0.000204569 0.00153182 0.00794338 0.0285338 0.071085 0.123383 0.151877 0.141135 0.116687 0.103671 0.093477 0.0717732 0.0446821 0.0239162 0.0117366 0.00526328 0.00208651 0.00072188 0.000216159 5.45845e-05
 3.5268e-11 1.65884e-09 5.40273e-08 1.21845e-06 1.90279e-05 0.00020576 0.00154074 0.0079896 0.0286995 0.0714939 0.124068 0.152599 0.141426 0.116171 0.102435 0.0921368 0.0710177 0.0447045 0.0243895 0.0122414 0.00558947 0.00223115 0.000764161 0.000222756 5.44492e-05
 3.84189e-11 1.80704e-09 5.88542e-08 1.32731e-06 2.07279e-05 0.000224143 0.00167838 0.00870311 0.0312591 0.0778379 0.134855 0.164823 0.149431 0.115978 0.0947219 0.0813032 0.0615769 0.0384741 0.0208978 0.0104933 0.0048308 0.00195756 0.000681937 0.000201138 4.92092e-05
 3.6398e-11 1.71199e-09 5.57583e-08 1.25749e-06 1.96375e-05 0.000212353 0.0015901 0.00824552 0.029618 0.0737743 0.127973 0.157155 0.144856 0.117331 0.101443 0.0897266 0.0678299 0.0412862 0.0214198 0.0102467 0.00457027 0.00182866 0.000637187 0.000189476 4.69031e-05
 3.55e-11 1.66975e-09 5.43826e-08 1.22647e-06 1.9153e-05 0.000207114 0.00155087 0.00804214 0.0288881 0.0719628 0.124874 0.153559 0.142211 0.11659 0.102509 0.0919208 0.0705125 0.0439578 0.0235733 0.011559 0.00514421 0.00200329 0.000673224 0.000194399 4.73873e-05
 3.62853e-11 1.70669e-09 5.55857e-08 1.2536e-06 1.95768e-05 0.000211695 0.00158518 0.00821997 0.0295259 0.0735419 0.127549 0.156538 0.143987 0.116055 0.0998689 0.0885792 0.0679698 0.0427563 0.0233465 0.0117382 0.00536969 0.00214419 0.000731468 0.000210819 5.05137e-05
 3.55575e-11 1.67245e-09 5.44707e-08 1.22845e-06 1.91841e-05 0.000207449 0.00155339 0.00805516 0.0289347 0.072078 0.125067 0.153762 0.142292 0.116437 0.102128 0.0914498 0.0701311 0.0437855 0.0236403 0.0117981 0.00541638 0.00219574 0.000766207 0.000226165 5.52049e-05
 3.45827e-11 1.6266e-09 5.29774e-08 1.19477e-06 1.86581e-05 0.000201762 0.0015108 0.00783441 0.0281427 0.0701139 0.12172 0.149933 0.139663 0.116162 0.104033 0.0944072 0.0730106 0.0460446 0.0251826 0.0126932 0.00583919 0.00236021 0.000822723 0.000244294 6.04341e-05
 3.37981e-11 1.5897e-09 5.17755e-08 1.16767e-06 1.82348e-05 0.000197185 0.00147653 0.00765673 0.0275051 0.0685316 0.119016 0.146805 0.137397 0.115606 0.10507 0.0963324 0.07517 0.0480732 0.0268527 0.01385 0.00649346 0.00266187 0.00093664 0.000279507 6.93379e-05
 3.16591e-11 1.48909e-09 4.84987e-08 1.09377e-06 1.70808e-05 0.000184706 0.00138309 0.00717236 0.0257673 0.0642235 0.111683 0.138458 0.131804 0.115383 0.109772 0.103176 0.0813508 0.0524499 0.0296296 0.0155112 0.00740164 0.00309591 0.00111236 0.000338097 8.50379e-05
#spawning biomass
 3695.29 2664.49 4099.71 5874.96 8524.63 11170.2 12473.5 15437.8 23018.6 33568.3 46255.7 59316.2 79760 94817.2 104550 84476.2 76854.7 73635.6 75757 81151.1 84200.8 99695.6 88679 92290.2 110166 118195 121036 94945 47912.3 98611.6 64513.4 39743.6 27583.6 22350.5 20257.6 19457.7 19160.8 19052.8 19014 19000.1 18995.3 18993.5 18992.9 18992.7 18992.6 18992.6 18992.6 18992.6 18992.6 18992.6 18992.6 18992.6 18992.6 18992.6 18992.6 18992.6 18992.6 18992.6 18992.6 18992.6 18992.6 18992.6 18992.6 18992.6 18992.6 18992.6 18992.6 18992.6 18992.6 18992.6 18992.6 18992.6 18992.6 18992.6 18992.6 18992.6 18992.6 18992.6 18992.6 18992.6 18992.6 18992.6 18992.6 18992.6 18992.6 18992.6 18992.6 18992.6 18992.6 18992.6 18992.6 18992.6 18992.6 18992.6 18992.6 18992.6 18992.6 18992.6 18992.6 18992.6 18992.6 18992.6 18992.6 18992.6 18992.6 18992.6 18992.6 18992.6 18992.6 18992.6 18992.6 18992.6 18992.6 18992.6 18992.6 18992.6 18992.6 18992.6 18992.6 18992.6 18992.6 18992.6 18992.6 18992.6 18992.6 18992.6 18992.6 18992.6 0 0 0 0 0 0 0 0 0 0 0 0 0 0 0 0 0 0 0 0 0 0 0 0 0
