SBPRF35
0.819782
Curr Bio
123569
B35
690321
F35
0.210346
FOFL
0.0900096
OFL
22036.4
Bzero
234224
#pred survey bio
 8348.38 7108.28 8445.15 11277 15382.7 18824.8 16746.6 22584.2 35884.7 47877.1 59589.7 77969.3 104686 130522 130447 112790 104196 102780 105317 108272 110609 113183 115352 115496 121597 122617 124314 118299 133575 1.11541e+07 9.22869e+06 9.76109e+06 9.10261e+06 7.94931e+06 6.70587e+06 5.57764e+06 4.64301e+06 3.91031e+06 3.35594e+06 2.94609e+06 2.6475e+06 2.4318e+06 2.27609e+06 2.16248e+06 2.07958e+06 2.02069e+06 1.9784e+06 1.94771e+06 1.92518e+06 1.90845e+06 1.89589e+06 1.88637e+06 1.87906e+06 1.87342e+06 1.86901e+06 1.86555e+06 1.86281e+06 1.86063e+06 1.85889e+06 1.85749e+06 1.85636e+06 1.85545e+06 1.85472e+06 1.85412e+06 1.85363e+06 1.85324e+06 1.85291e+06 1.85265e+06 1.85244e+06 1.85226e+06 1.85212e+06 1.852e+06 1.85191e+06 1.85183e+06 1.85176e+06 1.85171e+06 1.85167e+06 1.85163e+06 1.8516e+06 1.85158e+06 1.85156e+06 1.85155e+06 1.85153e+06 1.85152e+06 1.85151e+06 1.85151e+06 1.8515e+06 1.8515e+06 1.85149e+06 1.85149e+06 1.85149e+06 1.85148e+06 1.85148e+06 1.85148e+06 1.85148e+06 1.85148e+06 1.85148e+06 1.85148e+06 1.85148e+06 1.85148e+06 1.85148e+06 1.85148e+06 1.85148e+06 1.85148e+06 1.85148e+06 1.85148e+06 1.85147e+06 1.85147e+06 1.85147e+06 1.85147e+06 1.85147e+06 1.85147e+06 1.85147e+06 1.85147e+06 1.85147e+06 1.85147e+06 1.85147e+06 1.85147e+06 1.85147e+06 1.85147e+06 1.85147e+06 1.85147e+06 1.85147e+06 1.85147e+06 1.85147e+06 1.85147e+06 1.85147e+06 1.85147e+06 1.85147e+06 0 0 0 0 0 0 0 0 0 0 0 0 0 0 0 0 0 0 0 0 0 0 0 0 0
#obs survey bio
 7600.16 7908.61 9648.49 14497.7 14732.6 18866.2 15436 35040.2 42978.4 36838 60475.9 76604.9 90872.7 146611 107074 94720.4 99922 92691.5 97151.5 109647 118408 108164 101069 116855 135412 111119 88095.8 124163 125899
#pred catch bio
 6018.99 5021.83 5917.37 7778.84 10158.5 14779.9 12095.4 15070.9 25529.4 35225.9 43914.3 57286.9 78166 101992 105991 92075.6 85304.4 83226.4 85709.2 88872.3 91430.8 94191.1 97848.2 96863.6 102518 102948 107235 98931.5 8796.68 22036.4 74599.2 79016.1 72819.1 62705.6 52033.7 42490.3 34698.2 28690.7 24235.7 21021.5 18748.5 17164.4 16070.3 15315.5 14800 14457.9 14231 14080.5 13980.6 13914.3 13870.4 13841.2 13821.9 13809 13800.5 13794.9 13791.1 13788.6 13787 13785.9 13785.2 13784.7 13784.4 13784.2 13784 13783.9 13783.9 13783.8 13783.8 13783.8 13783.8 13783.8 13783.7 13783.7 13783.7 13783.7 13783.7 13783.7 13783.7 13783.7 13783.7 13783.7 13783.7 13783.7 13783.7 13783.7 13783.7 13783.7 13783.7 13783.7 13783.7 13783.7 13783.7 13783.7 13783.7 13783.7 13783.7 13783.7 13783.7 13783.7 13783.7 13783.7 13783.7 13783.7 13783.7 13783.7 13783.7 13783.7 13783.7 13783.7 13783.7 13783.7 13783.7 13783.7 13783.7 13783.7 13783.7 13783.7 13783.7 13783.7 13783.7 13783.7 13783.7 13783.7 13783.7 13783.7 13783.7 13783.7 13783.7 0 0 0 0 0 0 0 0 0 0 0 0 0 0 0 0 0 0 0 0 0 0 0 0 0
#obs catch bio
 4796.24 4998.29 5739.01 7514.32 9900.15 14558.7 12052.9 14302 24435.3 34255.1 42630.9 55240.1 76284.5 99731.7 108515 91835.3 85383.7 83444.6 84436.4 87894.5 87775.5 92261.6 94325.9 94119.6 98119.1 99117.4 106868 96682.5 8576.98
#pred cpue bio
 7202.46 5725.57 6585.97 8697.87 11944.4 15364.2 13242.6 17021.9 27336.6 37067.6 45915.1 59331.5 79653.4 100484 103452 89178.9 80645.8 78867.7 81008.8 82811.1 84448.9 86009.5 87513 86809.7 91431.8 92852.6 93987.1 89020.1 98845.1 9.81477e+06 9.08873e+06 9.72353e+06 9.05421e+06 7.89721e+06 6.65313e+06 5.52481e+06 4.59017e+06 3.85747e+06 3.3031e+06 2.89324e+06 2.59466e+06 2.37896e+06 2.22325e+06 2.10964e+06 2.02674e+06 1.96784e+06 1.92556e+06 1.89487e+06 1.87234e+06 1.85561e+06 1.84305e+06 1.83353e+06 1.82622e+06 1.82057e+06 1.81617e+06 1.81271e+06 1.80997e+06 1.80779e+06 1.80605e+06 1.80465e+06 1.80352e+06 1.80261e+06 1.80187e+06 1.80128e+06 1.80079e+06 1.8004e+06 1.80007e+06 1.79981e+06 1.7996e+06 1.79942e+06 1.79928e+06 1.79916e+06 1.79906e+06 1.79899e+06 1.79892e+06 1.79887e+06 1.79883e+06 1.79879e+06 1.79876e+06 1.79874e+06 1.79872e+06 1.7987e+06 1.79869e+06 1.79868e+06 1.79867e+06 1.79867e+06 1.79866e+06 1.79866e+06 1.79865e+06 1.79865e+06 1.79865e+06 1.79864e+06 1.79864e+06 1.79864e+06 1.79864e+06 1.79864e+06 1.79864e+06 1.79864e+06 1.79864e+06 1.79864e+06 1.79864e+06 1.79864e+06 1.79863e+06 1.79863e+06 1.79863e+06 1.79863e+06 1.79863e+06 1.79863e+06 1.79863e+06 1.79863e+06 1.79863e+06 1.79863e+06 1.79863e+06 1.79863e+06 1.79863e+06 1.79863e+06 1.79863e+06 1.79863e+06 1.79863e+06 1.79863e+06 1.79863e+06 1.79863e+06 1.79863e+06 1.79863e+06 1.79863e+06 1.79863e+06 1.79863e+06 1.79863e+06 1.79863e+06 0 0 0 0 0 0 0 0 0 0 0 0 0 0 0 0 0 0 0 0 0 0 0 0 0
#obs cpue bio
 5575.86 6054.6 10907.3 11951.8 15796 18829 15455.3 35048.2 40070.3 60821.1 80985.5 103440 124708 119566 70236.1 133597 78651.1 82600.1 120876 98225.3 170529 112670 192503 129762 175637 173504 124734 173072 120407
#pred surv len freq
 2.56645e-27 2.59723e-27 4.10208e-26 8.11377e-20 1.98899e-14 5.89374e-10 2.11104e-06 0.000914 0.0478354 0.30262 0.231664 0.0370186 0.119012 0.110009 0.0289898 0.0388333 0.018097 0.0158623 0.0107141 0.00881423 0.00738326 0.00673519 0.00707085 0.00644063 0.0019843
 2.56837e-27 2.60207e-27 4.48067e-26 8.91222e-20 2.18472e-14 6.47373e-10 2.31878e-06 0.00100394 0.0525428 0.3324 0.254455 0.0402605 0.127674 0.117613 0.0236255 0.024403 0.00937241 0.00575667 0.00315009 0.00216907 0.00157542 0.00127536 0.00121534 0.00112457 0.000381616
 2.56932e-27 2.60461e-27 4.69778e-26 9.3702e-20 2.29699e-14 6.80639e-10 2.43794e-06 0.00105553 0.0552428 0.349481 0.267499 0.0403614 0.119278 0.109836 0.0217966 0.0221112 0.00746589 0.0030727 0.00122725 0.0005973 0.000335632 0.0002258 0.000186461 0.00016623 5.88642e-05
 2.56964e-27 2.60545e-27 4.7675e-26 9.51728e-20 2.33305e-14 6.91323e-10 2.4762e-06 0.0010721 0.0561099 0.354967 0.271691 0.0405189 0.117532 0.108161 0.0203694 0.0192686 0.00646364 0.00256761 0.000822511 0.00025844 9.20755e-05 4.4039e-05 2.88389e-05 2.32101e-05 8.24414e-06
 2.56934e-27 2.60461e-27 4.69297e-26 9.36004e-20 2.2945e-14 6.79902e-10 2.43529e-06 0.00105439 0.0551829 0.349102 0.267217 0.0407903 0.12274 0.112965 0.0211675 0.0198714 0.00652039 0.00236596 0.000741906 0.000208039 4.73598e-05 1.27439e-05 5.38863e-06 3.51978e-06 1.20392e-06
 2.56706e-27 2.59848e-27 4.15585e-26 8.22696e-20 2.01674e-14 5.97596e-10 2.14049e-06 0.00092675 0.0485027 0.306842 0.234966 0.0419541 0.154256 0.142144 0.0280863 0.0283196 0.0092974 0.00335945 0.00101368 0.000263027 5.44784e-05 9.37607e-06 1.90124e-06 7.93674e-07 2.45153e-07
 2.56865e-27 2.60282e-27 4.54086e-26 9.03917e-20 2.21584e-14 6.56594e-10 2.35181e-06 0.00101824 0.0532912 0.337135 0.258077 0.0406749 0.128284 0.118203 0.0243221 0.0257661 0.00859634 0.00331269 0.00100366 0.00025573 4.92583e-05 7.45217e-06 8.60617e-07 1.51525e-07 3.59145e-08
 2.57056e-27 2.60794e-27 4.98913e-26 9.98481e-20 2.44766e-14 7.25284e-10 2.59785e-06 0.00112477 0.0588663 0.372404 0.284994 0.0397727 0.102507 0.0943161 0.0182744 0.0179791 0.00612355 0.0025664 0.000805026 0.000216058 4.13458e-05 5.87613e-06 5.55618e-07 4.20611e-08 5.03276e-09
 2.57006e-27 2.60653e-27 4.85925e-26 9.7108e-20 2.38049e-14 7.05381e-10 2.52655e-06 0.0010939 0.0572509 0.362185 0.277203 0.0405788 0.114115 0.104938 0.0185411 0.0158994 0.00527827 0.00202583 0.000654751 0.000189683 3.83378e-05 5.53122e-06 4.88708e-07 2.54966e-08 1.13318e-09
 2.5694e-27 2.60475e-27 4.70228e-26 9.37966e-20 2.29931e-14 6.81327e-10 2.4404e-06 0.0010566 0.0552986 0.349834 0.267779 0.0410084 0.124005 0.114084 0.0205091 0.0180739 0.00576312 0.0018349 0.000558772 0.000152885 3.28988e-05 5.08138e-06 4.59804e-07 2.16378e-08 5.20629e-10
 2.56962e-27 2.60537e-27 4.7587e-26 9.4987e-20 2.32849e-14 6.89974e-10 2.47137e-06 0.00107001 0.0560004 0.354274 0.271164 0.0407106 0.11936 0.109827 0.0202895 0.0186479 0.00598514 0.00195471 0.000555179 0.000128566 2.56046e-05 4.04238e-06 3.93897e-07 1.88978e-08 3.79206e-10
 2.5701e-27 2.60666e-27 4.8715e-26 9.73665e-20 2.38682e-14 7.07258e-10 2.53328e-06 0.00109681 0.0574033 0.363149 0.277937 0.0404766 0.112821 0.103767 0.0187459 0.0166545 0.00540175 0.00185977 0.000536459 0.000123821 2.14233e-05 2.98855e-06 2.90759e-07 1.48922e-08 2.99431e-10
 2.57007e-27 2.60657e-27 4.86134e-26 9.7152e-20 2.38157e-14 7.057e-10 2.5277e-06 0.0010944 0.0572768 0.362349 0.277329 0.0406554 0.114609 0.105385 0.0184521 0.0155725 0.0050005 0.00165022 0.000483262 0.000116823 2.03935e-05 2.57746e-06 2.17305e-07 1.09604e-08 2.31911e-10
 2.5696e-27 2.60527e-27 4.74593e-26 9.47176e-20 2.32189e-14 6.88017e-10 2.46436e-06 0.00106697 0.0558416 0.353269 0.270402 0.0410366 0.122377 0.112547 0.0196218 0.0164334 0.00520691 0.00160594 0.000459177 0.000107885 1.94868e-05 2.51834e-06 1.95627e-07 8.61528e-09 1.781e-10
 2.56831e-27 2.60177e-27 4.43637e-26 8.8187e-20 2.1618e-14 6.40579e-10 2.29445e-06 0.000993408 0.0519914 0.328912 0.251818 0.0419661 0.142507 0.131123 0.0228991 0.0192328 0.00607266 0.00183579 0.000511143 0.000112882 1.97127e-05 2.57226e-06 2.04409e-07 8.34717e-09 1.53073e-10
 2.56851e-27 2.60234e-27 4.49046e-26 8.93282e-20 2.18977e-14 6.48869e-10 2.32414e-06 0.00100626 0.0526642 0.333168 0.255061 0.0414974 0.136662 0.125801 0.0232556 0.0213878 0.00675645 0.00203196 0.000561564 0.000120946 2.00415e-05 2.488e-06 1.97048e-07 8.14292e-09 1.39072e-10
 2.56942e-27 2.6048e-27 4.70615e-26 9.38783e-20 2.30131e-14 6.8192e-10 2.44252e-06 0.00105752 0.0553467 0.350139 0.268011 0.0409868 0.123678 0.113783 0.0204659 0.0180561 0.00582807 0.00195976 0.000547627 0.000117183 1.90528e-05 2.25688e-06 1.68929e-07 6.90001e-09 1.17791e-10
 2.5697e-27 2.60554e-27 4.76863e-26 9.51962e-20 2.33362e-14 6.91494e-10 2.47681e-06 0.00107237 0.0561238 0.355054 0.271767 0.0411034 0.121926 0.112099 0.0189538 0.0150231 0.00478593 0.00152568 0.000440925 0.0001034 1.69403e-05 1.97375e-06 1.41174e-07 5.45511e-09 9.1492e-11
 2.5696e-27 2.60524e-27 4.74153e-26 9.46245e-20 2.31961e-14 6.87341e-10 2.46194e-06 0.00106593 0.0557867 0.352922 0.27014 0.0412175 0.123937 0.113953 0.0192415 0.0152055 0.00473143 0.0013261 0.000369852 8.40743e-05 1.4775e-05 1.80434e-06 1.27408e-07 4.70891e-09 7.49726e-11
 2.56983e-27 2.60587e-27 4.79716e-26 9.5798e-20 2.34837e-14 6.95865e-10 2.49247e-06 0.00107915 0.0564786 0.357299 0.273479 0.0410303 0.120167 0.110479 0.0187264 0.014905 0.00463508 0.00129066 0.000344604 6.98769e-05 1.17403e-05 1.47893e-06 1.10955e-07 4.08291e-09 6.23017e-11
 2.56987e-27 2.60599e-27 4.80673e-26 9.6e-20 2.35332e-14 6.97332e-10 2.49773e-06 0.00108142 0.0565976 0.358052 0.274056 0.0411037 0.120321 0.110597 0.0183127 0.0139313 0.00433297 0.00121318 0.000323574 6.43633e-05 9.8786e-06 1.14667e-06 8.69044e-08 3.3754e-09 5.16275e-11
 2.57005e-27 2.60646e-27 4.8479e-26 9.68685e-20 2.37461e-14 7.03641e-10 2.52032e-06 0.0010912 0.0571097 0.361291 0.276528 0.0410109 0.117878 0.108337 0.0178175 0.013368 0.00411877 0.00109099 0.000289279 5.77589e-05 8.76796e-06 9.50616e-07 6.55591e-08 2.53454e-09 4.04726e-11
 2.5701e-27 2.60658e-27 4.85794e-26 9.70802e-20 2.3798e-14 7.05178e-10 2.52583e-06 0.00109359 0.0572344 0.362081 0.277131 0.041051 0.117758 0.108211 0.0175092 0.0126953 0.00389769 0.00101279 0.000263326 5.01776e-05 7.58307e-06 8.16174e-07 5.3037e-08 1.87445e-09 2.94973e-11
 2.57043e-27 2.60748e-27 4.93705e-26 9.87491e-20 2.42071e-14 7.17301e-10 2.56925e-06 0.00111239 0.0582184 0.368305 0.281881 0.0408762 0.113091 0.103891 0.0165016 0.011483 0.00349823 0.000868157 0.000222936 4.15553e-05 6.04639e-06 6.33694e-07 4.0757e-08 1.36241e-09 1.97758e-11
 2.57041e-27 2.60741e-27 4.93034e-26 9.86076e-20 2.41725e-14 7.16273e-10 2.56557e-06 0.00111079 0.058135 0.367778 0.281479 0.0409366 0.113833 0.104567 0.0164686 0.011236 0.00340038 0.00080784 0.000203402 3.63909e-05 5.1816e-06 5.24478e-07 3.25642e-08 1.06819e-09 1.47043e-11
 2.57014e-27 2.60668e-27 4.86465e-26 9.72217e-20 2.38327e-14 7.06206e-10 2.52951e-06 0.00109518 0.0573179 0.362609 0.277536 0.0411635 0.118331 0.108711 0.0170855 0.0115988 0.00349827 0.000811267 0.000201088 3.45103e-05 4.74116e-06 4.63203e-07 2.77667e-08 8.77566e-10 1.17642e-11
 2.57022e-27 2.6069e-27 4.88547e-26 9.76609e-20 2.39404e-14 7.09397e-10 2.54094e-06 0.00110013 0.0575768 0.364247 0.278784 0.0410107 0.11629 0.10685 0.017147 0.0122076 0.00368351 0.000850909 0.000209471 3.50869e-05 4.66823e-06 4.36398e-07 2.50876e-08 7.63034e-10 9.85281e-12
 2.57037e-27 2.6073e-27 4.91981e-26 9.83854e-20 2.4118e-14 7.14659e-10 2.55979e-06 0.00110829 0.058004 0.366949 0.280848 0.0410221 0.114927 0.105564 0.0164092 0.0108499 0.00328911 0.000793576 0.000196498 3.27279e-05 4.28241e-06 3.874e-07 2.12552e-08 6.17354e-10 7.65158e-12
 2.57099e-27 2.609e-27 5.07195e-26 1.01595e-19 2.49048e-14 7.37972e-10 2.64329e-06 0.00114444 0.0598961 0.378919 0.289979 0.0404454 0.104123 0.0956237 0.0151914 0.0105729 0.00317673 0.000713763 0.000176746 3.05679e-05 4.01393e-06 3.5832e-07 1.90356e-08 5.27388e-10 6.2286e-12
#obs surv len freq
 1.63721e-41 2.27234e-33 3.81232e-26 7.73131e-20 1.89524e-14 5.61595e-10 2.01154e-06 0.000870928 0.0455809 0.288358 0.220928 0.0442133 0.164273 0.139672 0.0436796 0.0356402 0.0117392 0.00404611 0.00087662 0.000113664 6.4504e-06 1.15688e-07 4.85892e-10 3.84178e-13 4.95589e-17
 1.90077e-41 2.63815e-33 4.42604e-26 8.97592e-20 2.20034e-14 6.52001e-10 2.33536e-06 0.00101113 0.0529186 0.334778 0.256387 0.04405 0.132588 0.106671 0.0339728 0.0259836 0.00832699 0.00270255 0.000543298 6.22149e-05 2.93378e-06 4.12162e-08 1.29854e-10 7.48712e-14 6.9245e-18
 1.92839e-41 2.67648e-33 4.49035e-26 9.10634e-20 2.23231e-14 6.61475e-10 2.36929e-06 0.00102582 0.0536875 0.339643 0.260184 0.0470556 0.140838 0.105987 0.0270105 0.0172902 0.0053341 0.0016128 0.000298198 2.99461e-05 1.1695e-06 1.28435e-08 3.03281e-11 1.2766e-14 8.48318e-19
 1.96493e-41 2.72719e-33 4.57542e-26 9.27886e-20 2.2746e-14 6.74007e-10 2.41418e-06 0.00104526 0.0547046 0.346078 0.265161 0.0487541 0.139053 0.0985669 0.0262777 0.0155313 0.00372785 0.000929092 0.00015485 1.34744e-05 4.32558e-07 3.70655e-09 6.56416e-12 2.01987e-15 9.66218e-20
 1.76214e-41 2.44574e-33 4.10323e-26 8.32128e-20 2.03986e-14 6.04449e-10 2.16504e-06 0.000937386 0.049059 0.310363 0.238083 0.0549044 0.176123 0.11721 0.0312953 0.0171127 0.00397799 0.000822413 0.00010283 7.35265e-06 1.9137e-07 1.27277e-09 1.69029e-12 3.81012e-16 1.3152e-20
 1.45337e-41 2.01718e-33 3.38424e-26 6.86316e-20 1.68242e-14 4.98533e-10 1.78566e-06 0.000773131 0.0404626 0.255981 0.196829 0.0625047 0.220867 0.140052 0.0488772 0.026603 0.00583488 0.00109545 0.000112453 5.80515e-06 1.13734e-07 5.77206e-10 5.72609e-13 9.45884e-17 2.36132e-21
 2.08962e-41 2.90026e-33 4.86579e-26 9.86772e-20 2.41896e-14 7.16781e-10 2.56739e-06 0.00111159 0.0581763 0.368041 0.282079 0.0502917 0.112362 0.0690534 0.0341456 0.0188796 0.00488088 0.000893236 7.97034e-05 3.18312e-06 4.35393e-08 1.56622e-10 1.13157e-13 1.3616e-17 2.45698e-22
 1.98049e-41 2.74879e-33 4.61166e-26 9.35236e-20 2.29262e-14 6.79345e-10 2.43331e-06 0.00105354 0.055138 0.348821 0.267754 0.0603181 0.152573 0.0822195 0.0194649 0.00902806 0.00297568 0.000596228 5.34663e-05 1.77857e-06 1.79329e-08 4.41216e-11 2.1792e-14 1.83973e-18 2.36422e-23
 2.01647e-41 2.79873e-33 4.69545e-26 9.52228e-20 2.33427e-14 6.91688e-10 2.47751e-06 0.00107268 0.0561397 0.355159 0.272714 0.061771 0.144987 0.074485 0.0229748 0.00881514 0.00155088 0.00029722 2.92917e-05 9.23666e-07 7.5333e-09 1.34028e-11 4.52023e-15 2.57079e-19 2.25358e-24
 1.72381e-41 2.39253e-33 4.01397e-26 8.14025e-20 1.99549e-14 5.91299e-10 2.11794e-06 0.000916993 0.0479918 0.303617 0.233999 0.0763403 0.19984 0.09571 0.0288548 0.0105181 0.00195308 0.000238673 1.75624e-05 5.40026e-07 3.94662e-09 5.58342e-12 1.37226e-15 5.41139e-20 3.21703e-25
 2.01788e-41 2.80069e-33 4.69874e-26 9.52895e-20 2.33591e-14 6.92173e-10 2.47925e-06 0.00107343 0.056179 0.355411 0.273285 0.0666652 0.139426 0.066421 0.0293304 0.0102163 0.00177829 0.000201766 1.05023e-05 2.23671e-07 1.38534e-09 1.66391e-12 3.23896e-16 9.50762e-21 4.02948e-26
 1.8479e-41 2.56476e-33 4.30292e-26 8.72623e-20 2.13913e-14 6.33864e-10 2.2704e-06 0.000983004 0.0514465 0.325476 0.251204 0.0817219 0.180487 0.0756067 0.0231922 0.00798073 0.00171085 0.000180697 8.0083e-06 1.20956e-07 5.02984e-10 4.56319e-13 7.0903e-17 1.63615e-21 5.26608e-27
 1.92426e-41 2.67074e-33 4.48072e-26 9.08681e-20 2.22752e-14 6.60056e-10 2.36421e-06 0.00102362 0.0535724 0.338926 0.261629 0.0809622 0.160815 0.067169 0.0268956 0.00760836 0.00125194 0.000138658 5.87281e-06 7.13443e-08 2.09852e-10 1.26596e-13 1.36685e-17 2.33068e-22 5.69989e-28
 1.61979e-41 2.24816e-33 3.77175e-26 7.64903e-20 1.87507e-14 5.55618e-10 1.99013e-06 0.000861659 0.0450958 0.285311 0.222141 0.104427 0.217147 0.0838536 0.030732 0.00880053 0.00149552 0.000127843 4.79893e-06 5.2403e-08 1.21944e-10 5.27022e-14 3.84736e-18 4.39795e-23 7.40891e-29
 1.47738e-41 2.05051e-33 3.44015e-26 6.97656e-20 1.71022e-14 5.0677e-10 1.81517e-06 0.000785904 0.0411311 0.260237 0.203898 0.113317 0.224511 0.0944904 0.0472641 0.012272 0.00192982 0.000157133 4.7243e-06 4.12719e-08 7.97542e-11 2.71511e-14 1.45807e-18 1.16717e-23 1.33855e-29
 1.71703e-41 2.38312e-33 3.99818e-26 8.10823e-20 1.98764e-14 5.88973e-10 2.10961e-06 0.000913386 0.047803 0.302447 0.235901 0.102991 0.176865 0.0765086 0.0417581 0.0124998 0.00215086 0.000154901 4.03749e-06 2.78452e-08 4.07583e-11 1.07405e-14 4.46265e-19 2.68735e-24 2.24184e-30
 1.67257e-41 2.32142e-33 3.89467e-26 7.89831e-20 1.93618e-14 5.73725e-10 2.05499e-06 0.000889739 0.0465655 0.294632 0.231418 0.11902 0.193026 0.0712887 0.0314793 0.00969866 0.0018379 0.000138633 3.16314e-06 1.76785e-08 1.993e-11 3.88715e-15 1.19066e-19 5.34148e-25 3.32968e-31
 1.70074e-41 2.36052e-33 3.96026e-26 8.03132e-20 1.96878e-14 5.83387e-10 2.0896e-06 0.000904723 0.0473497 0.299606 0.236126 0.123562 0.184051 0.0694611 0.0302253 0.00736389 0.00125113 9.62179e-05 2.11151e-06 1.00406e-08 8.87503e-12 1.30779e-15 2.94969e-20 9.59067e-26 4.31885e-32
 1.65586e-41 2.29823e-33 3.85576e-26 7.8194e-20 1.91683e-14 5.67993e-10 2.03446e-06 0.00088085 0.0461003 0.291723 0.231768 0.135611 0.188458 0.0690512 0.0287003 0.00670672 0.000937787 5.9924e-05 1.20043e-06 5.07788e-09 3.71329e-12 4.25344e-16 7.19217e-21 1.7196e-26 5.62237e-33
 1.75095e-41 2.4302e-33 4.07717e-26 8.26841e-20 2.0269e-14 6.00609e-10 2.15128e-06 0.000931431 0.0487475 0.308485 0.24523 0.133763 0.168025 0.0629893 0.0255544 0.00554354 0.000692805 3.55281e-05 5.59791e-07 1.96288e-09 1.19512e-12 1.10517e-16 1.45335e-21 2.62071e-27 6.32883e-34
 1.71402e-41 2.37894e-33 3.99117e-26 8.094e-20 1.98415e-14 5.8794e-10 2.10591e-06 0.000911784 0.0477193 0.302017 0.242597 0.147846 0.17242 0.0595351 0.0218542 0.00456528 0.00051078 2.17933e-05 2.63851e-07 6.95038e-10 3.26192e-13 2.36821e-17 2.4403e-22 3.40114e-28 6.23965e-35
 1.73552e-41 2.40879e-33 4.04124e-26 8.19556e-20 2.00905e-14 5.95317e-10 2.13233e-06 0.000923225 0.0483182 0.305839 0.247183 0.152454 0.163689 0.0577985 0.0198196 0.0036036 0.000355864 1.28175e-05 1.21745e-07 2.38791e-10 8.17029e-14 4.35397e-18 3.34445e-23 3.51264e-29 4.87193e-36
 1.72836e-41 2.39885e-33 4.02457e-26 8.16174e-20 2.00075e-14 5.9286e-10 2.12353e-06 0.000919414 0.0481188 0.30463 0.248669 0.161312 0.160021 0.0552525 0.0178047 0.00301332 0.00025034 7.36426e-06 5.5417e-08 8.23198e-11 2.06324e-14 7.91122e-19 4.35247e-24 3.28877e-30 3.30861e-37
 1.74255e-41 2.41854e-33 4.0576e-26 8.22874e-20 2.01718e-14 5.97727e-10 2.14096e-06 0.000926961 0.048514 0.307187 0.252845 0.165995 0.152301 0.0533763 0.016157 0.00251091 0.000181216 4.27985e-06 2.48132e-08 2.79145e-11 5.19114e-15 1.4488e-19 5.72354e-25 3.08099e-31 2.20112e-38
 1.69081e-41 2.34673e-33 3.93712e-26 7.9844e-20 1.95728e-14 5.79978e-10 2.07739e-06 0.000899438 0.0470738 0.298173 0.249962 0.180644 0.154401 0.0520197 0.0145948 0.00209774 0.000130701 2.51061e-06 1.11781e-08 9.35387e-12 1.27949e-15 2.60877e-20 7.47029e-26 2.89201e-32 1.47623e-39
 1.59348e-41 2.21164e-33 3.71049e-26 7.52479e-20 1.84461e-14 5.46593e-10 1.95781e-06 0.000847663 0.0443645 0.281168 0.241953 0.197136 0.160653 0.0569016 0.0149413 0.00192744 0.000103441 1.61626e-06 5.56924e-09 3.48127e-12 3.4797e-16 5.1321e-21 1.05918e-26 2.94982e-33 1.0809e-40
 1.59348e-41 2.21165e-33 3.7105e-26 7.52483e-20 1.84462e-14 5.46595e-10 1.95782e-06 0.000847667 0.0443651 0.281295 0.245258 0.199542 0.154141 0.0578509 0.0148379 0.00177858 8.08486e-05 1.01902e-06 2.72203e-09 1.27862e-12 9.40226e-17 1.00576e-21 1.49208e-27 2.97262e-34 7.77578e-42
 1.64587e-41 2.28436e-33 3.83248e-26 7.7722e-20 1.90526e-14 5.64564e-10 2.02218e-06 0.000875534 0.0458241 0.290662 0.255325 0.198742 0.142204 0.0519399 0.0128912 0.00147575 5.84212e-05 5.92474e-07 1.21848e-09 4.30173e-13 2.33688e-17 1.82352e-22 1.95562e-28 2.79819e-35 5.23236e-43
 1.64597e-41 2.28449e-33 3.83271e-26 7.77266e-20 1.90538e-14 5.64597e-10 2.0223e-06 0.000875585 0.0458268 0.290679 0.255347 0.199119 0.143597 0.051239 0.0120119 0.0012583 4.39057e-05 3.80199e-07 6.52502e-10 1.89385e-13 8.37918e-18 5.29285e-23 4.57597e-29 5.26308e-36 7.89432e-44
#pred catch len freq
 2.56498e-27 2.5933e-27 3.76241e-26 7.39724e-20 1.81334e-14 5.37326e-10 1.92461e-06 0.000833284 0.0436111 0.275896 0.211262 0.037313 0.135586 0.12537 0.0328672 0.04386 0.0203977 0.0178288 0.0120334 0.00989595 0.00828846 0.00756075 0.00793752 0.00723006 0.00222751
 2.56701e-27 2.59839e-27 4.15783e-26 8.23117e-20 2.01777e-14 5.97902e-10 2.14158e-06 0.000927224 0.0485276 0.306999 0.235071 0.0410338 0.147177 0.135629 0.0271338 0.0278863 0.0106942 0.00654676 0.00357969 0.00246381 0.00178928 0.00144844 0.00138027 0.00127719 0.000433406
 2.56804e-27 2.60115e-27 4.39207e-26 8.72529e-20 2.1389e-14 6.33794e-10 2.27015e-06 0.000982886 0.0514407 0.325428 0.249146 0.0411798 0.138401 0.127497 0.0251983 0.02543 0.00857769 0.00351737 0.00140376 0.000682832 0.00038364 0.000258089 0.000213123 0.00019 6.72813e-05
 2.56836e-27 2.60196e-27 4.4592e-26 8.86689e-20 2.17361e-14 6.4408e-10 2.30699e-06 0.000998837 0.0522755 0.330709 0.253182 0.0413946 0.1372 0.126317 0.0237044 0.0223099 0.00747636 0.00295915 0.000947307 0.000297463 0.00010596 5.06774e-05 3.31857e-05 2.67085e-05 9.48676e-06
 2.5679e-27 2.60071e-27 4.34776e-26 8.63179e-20 2.11598e-14 6.27002e-10 2.24582e-06 0.000972353 0.0508894 0.321941 0.246492 0.0417743 0.14479 0.13332 0.0249184 0.023307 0.00764109 0.00276278 0.00086575 0.000242617 5.52219e-05 1.48585e-05 6.28269e-06 4.10376e-06 1.40367e-06
 2.566e-27 2.59561e-27 3.90191e-26 7.69126e-20 1.88542e-14 5.58684e-10 2.00111e-06 0.000866405 0.0453445 0.286862 0.219721 0.0426809 0.170498 0.157137 0.0308436 0.0308371 0.0101135 0.00363977 0.00109748 0.000284583 5.89328e-05 1.0142e-05 2.05651e-06 8.58492e-07 2.65174e-07
 2.5674e-27 2.59943e-27 4.24228e-26 8.4093e-20 2.06144e-14 6.10841e-10 2.18793e-06 0.00094729 0.0495778 0.313643 0.240151 0.0414678 0.146912 0.135413 0.0277265 0.0292045 0.00973376 0.00373701 0.00113147 0.000288112 5.5486e-05 8.39375e-06 9.69339e-07 1.70666e-07 4.04513e-08
 2.56929e-27 2.60453e-27 4.68785e-26 9.34925e-20 2.29186e-14 6.79118e-10 2.43249e-06 0.00105317 0.0551193 0.3487 0.266907 0.0406005 0.121514 0.111868 0.0216066 0.0211676 0.00720212 0.0030078 0.000942899 0.000252905 4.83888e-05 6.87662e-06 6.50208e-07 4.92215e-08 5.88951e-09
 2.56891e-27 2.60341e-27 4.5827e-26 9.12741e-20 2.23747e-14 6.63004e-10 2.37477e-06 0.00102818 0.0538114 0.340426 0.260602 0.0414158 0.132148 0.121574 0.0213961 0.0182268 0.00604478 0.00231135 0.000746509 0.000216133 4.36768e-05 6.30109e-06 5.56719e-07 2.90447e-08 1.29087e-09
 2.56828e-27 2.60172e-27 4.4334e-26 8.81244e-20 2.16026e-14 6.40125e-10 2.29282e-06 0.000992703 0.0519545 0.328678 0.251638 0.0418233 0.141547 0.130268 0.0233097 0.0203894 0.00649572 0.0020601 0.000626865 0.000171406 3.68778e-05 5.69561e-06 5.15376e-07 2.42528e-08 5.83549e-10
 2.56853e-27 2.60241e-27 4.49671e-26 8.94601e-20 2.19301e-14 6.49827e-10 2.32757e-06 0.00100775 0.052742 0.33366 0.255437 0.0414877 0.136324 0.125482 0.0230674 0.0210451 0.00674846 0.00219543 0.000623107 0.000144199 2.87125e-05 4.53274e-06 4.41672e-07 2.11898e-08 4.25197e-10
 2.56905e-27 2.60381e-27 4.61915e-26 9.2043e-20 2.25632e-14 6.68589e-10 2.39477e-06 0.00103685 0.0542648 0.343294 0.262789 0.0412365 0.129247 0.118922 0.0213811 0.0188519 0.00610863 0.002095 0.000603894 0.000139293 2.40959e-05 3.36112e-06 3.27001e-07 1.67484e-08 3.36752e-10
 2.56907e-27 2.60384e-27 4.61977e-26 9.20561e-20 2.25664e-14 6.68684e-10 2.39511e-06 0.00103699 0.0542724 0.343342 0.262828 0.0414045 0.130497 0.120039 0.0209155 0.0175033 0.00561522 0.00184579 0.000540137 0.000130486 2.27746e-05 2.87818e-06 2.42654e-07 1.22389e-08 2.58963e-10
 2.5687e-27 2.60283e-27 4.52955e-26 9.01528e-20 2.20999e-14 6.54858e-10 2.34559e-06 0.00101555 0.0531503 0.336244 0.257413 0.0417199 0.136702 0.125758 0.0217986 0.0180736 0.00572121 0.00175735 0.000502078 0.000117885 2.12892e-05 2.75107e-06 2.13702e-07 9.41122e-09 1.94554e-10
 2.56747e-27 2.59948e-27 4.23277e-26 8.3892e-20 2.05651e-14 6.09381e-10 2.1827e-06 0.000945026 0.0494592 0.312893 0.239597 0.0426194 0.156065 0.143623 0.0249189 0.0206933 0.00652752 0.00196502 0.000546696 0.00012065 2.10652e-05 2.74854e-06 2.18413e-07 8.91901e-09 1.63559e-10
 2.5677e-27 2.60014e-27 4.29533e-26 8.52119e-20 2.08887e-14 6.18969e-10 2.21704e-06 0.000959894 0.0502374 0.317816 0.243348 0.0421019 0.149491 0.137635 0.0252577 0.0229758 0.00725128 0.00217159 0.000599681 0.000129066 2.13829e-05 2.65432e-06 2.10216e-07 8.68704e-09 1.48364e-10
 2.56868e-27 2.60279e-27 4.52838e-26 9.01281e-20 2.20938e-14 6.54679e-10 2.34495e-06 0.00101527 0.0531358 0.336152 0.25734 0.0415465 0.135435 0.124625 0.0222548 0.019408 0.00625777 0.00209541 0.00058511 0.000125117 2.03389e-05 2.40904e-06 1.80314e-07 7.36499e-09 1.25728e-10
 2.56895e-27 2.60347e-27 4.58508e-26 9.1324e-20 2.2387e-14 6.63366e-10 2.37607e-06 0.00102875 0.0538409 0.340612 0.260748 0.0417024 0.134226 0.123437 0.0207405 0.0162446 0.00516975 0.00164112 0.000473918 0.000111062 1.81925e-05 2.11947e-06 1.51593e-07 5.8577e-09 9.8244e-11
 2.56885e-27 2.6032e-27 4.56043e-26 9.08042e-20 2.22595e-14 6.5959e-10 2.36254e-06 0.00102289 0.0535344 0.338673 0.25927 0.0418122 0.1361 0.125164 0.0210008 0.016396 0.00509716 0.00142255 0.000396416 9.00507e-05 1.58223e-05 1.9321e-06 1.36427e-07 5.0422e-09 8.02789e-11
 2.56913e-27 2.60396e-27 4.62807e-26 9.2231e-20 2.26093e-14 6.69955e-10 2.39967e-06 0.00103896 0.0543756 0.343995 0.26333 0.0415867 0.131532 0.120954 0.0203668 0.0160093 0.00497384 0.00137907 0.000367908 7.45493e-05 1.25229e-05 1.57739e-06 1.18339e-07 4.3546e-09 6.64473e-11
 2.56921e-27 2.60417e-27 4.64467e-26 9.25811e-20 2.26951e-14 6.72498e-10 2.40877e-06 0.00104291 0.054582 0.345301 0.264327 0.0416462 0.131284 0.1207 0.0198565 0.0149091 0.0046326 0.0012915 0.000344181 6.8414e-05 1.04982e-05 1.2185e-06 9.23458e-08 3.58672e-09 5.48597e-11
 2.56942e-27 2.60474e-27 4.69493e-26 9.36414e-20 2.29551e-14 6.802e-10 2.43636e-06 0.00105485 0.0552071 0.349255 0.267345 0.0415272 0.128258 0.117902 0.0192639 0.0142589 0.00438913 0.00115757 0.000306669 6.11877e-05 9.28664e-06 1.00677e-06 6.94299e-08 2.68417e-09 4.28619e-11
 2.56954e-27 2.60507e-27 4.72338e-26 9.42415e-20 2.31022e-14 6.84559e-10 2.45197e-06 0.00106161 0.0555609 0.351494 0.269054 0.0415144 0.12696 0.116688 0.0187539 0.0134002 0.00411014 0.00106331 0.000276218 5.25963e-05 7.94697e-06 8.5527e-07 5.55762e-08 1.96419e-09 3.09093e-11
 2.56986e-27 2.60591e-27 4.79719e-26 9.57987e-20 2.34839e-14 6.9587e-10 2.49249e-06 0.00107915 0.056479 0.357301 0.273486 0.0413596 0.122667 0.112713 0.017791 0.0122026 0.00371401 0.000917688 0.000235444 4.38551e-05 6.37971e-06 6.68571e-07 4.29991e-08 1.43735e-09 2.08635e-11
 2.56985e-27 2.60589e-27 4.79471e-26 9.57462e-20 2.3471e-14 6.95489e-10 2.49112e-06 0.00107856 0.056448 0.357106 0.273338 0.041409 0.123148 0.113147 0.0177091 0.0119047 0.00359946 0.000851397 0.000214171 3.82898e-05 5.45083e-06 5.51681e-07 3.42524e-08 1.12356e-09 1.54665e-11
 2.56955e-27 2.60506e-27 4.72069e-26 9.41847e-20 2.30883e-14 6.84146e-10 2.4505e-06 0.00106097 0.0555274 0.351282 0.268895 0.0416646 0.128215 0.117816 0.0184037 0.0123129 0.00371035 0.000856704 0.000212153 3.63828e-05 4.99734e-06 4.88187e-07 2.92636e-08 9.24872e-10 1.23983e-11
 2.56974e-27 2.60559e-27 4.76858e-26 9.51951e-20 2.33359e-14 6.91485e-10 2.47678e-06 0.00107235 0.0561231 0.35505 0.271768 0.0414204 0.124337 0.114262 0.0182089 0.0127633 0.0038477 0.000884887 0.000217629 3.64268e-05 4.84544e-06 4.52922e-07 2.60369e-08 7.91902e-10 1.02255e-11
 2.56978e-27 2.60569e-27 4.77604e-26 9.53523e-20 2.33745e-14 6.92627e-10 2.48087e-06 0.00107412 0.0562158 0.355636 0.272218 0.0415241 0.124811 0.114668 0.0177197 0.0115466 0.00349708 0.000840085 0.000207829 3.459e-05 4.52508e-06 4.09315e-07 2.2457e-08 6.52257e-10 8.08416e-12
 2.5681e-27 2.60112e-27 4.37229e-26 8.68349e-20 2.12865e-14 6.30758e-10 2.25927e-06 0.000978177 0.0511943 0.323869 0.247979 0.0426802 0.150638 0.138516 0.022217 0.0157976 0.00474747 0.00106492 0.00026358 4.55598e-05 5.98149e-06 5.33917e-07 2.83634e-08 7.85813e-10 9.28065e-12
#obs catch len freq
 1.6247e-41 2.25497e-33 3.78318e-26 7.67222e-20 1.88075e-14 5.57302e-10 1.99616e-06 0.00086427 0.0452324 0.286154 0.219246 0.0442884 0.165861 0.141026 0.0441101 0.036025 0.0119698 0.00416999 0.000920415 0.000123065 7.2602e-06 1.35728e-07 5.94115e-10 4.88161e-13 6.51441e-17
 1.64418e-41 2.28201e-33 3.82855e-26 7.76422e-20 1.90331e-14 5.63985e-10 2.0201e-06 0.000874635 0.0457749 0.289586 0.221929 0.0462998 0.167892 0.135224 0.0435892 0.0335498 0.0108808 0.00357727 0.000731389 8.57019e-05 4.17611e-06 6.08632e-08 1.98752e-10 1.1851e-13 1.13023e-17
 1.91394e-41 2.65642e-33 4.4567e-26 9.0381e-20 2.21558e-14 6.56518e-10 2.35154e-06 0.00101814 0.0532852 0.337097 0.258216 0.0458075 0.134338 0.102132 0.0335639 0.0241 0.00760702 0.00234352 0.000441855 4.53012e-05 1.81489e-06 2.05423e-08 5.0032e-11 2.16812e-14 1.47968e-18
 1.94682e-41 2.70206e-33 4.53326e-26 9.19337e-20 2.25365e-14 6.67797e-10 2.39194e-06 0.00103563 0.0542006 0.342889 0.262732 0.0489648 0.14154 0.100242 0.0261561 0.0158062 0.00480092 0.00137175 0.00023631 2.10524e-05 6.91275e-07 6.06559e-09 1.10126e-11 3.47285e-15 1.69989e-19
 1.98799e-41 2.7592e-33 4.62912e-26 9.38777e-20 2.3013e-14 6.81918e-10 2.44252e-06 0.00105753 0.0553467 0.35014 0.268342 0.0506983 0.138715 0.0923651 0.0252497 0.0139194 0.00326085 0.000774114 0.000119493 9.14134e-06 2.44331e-07 1.65964e-09 2.24811e-12 5.16661e-16 1.81732e-20
 1.79341e-41 2.48913e-33 4.17604e-26 8.46892e-20 2.07606e-14 6.15174e-10 2.20345e-06 0.000954018 0.0499295 0.31587 0.242403 0.0574963 0.174952 0.109166 0.0298718 0.0151795 0.00343049 0.000662679 7.69091e-05 4.81944e-06 1.03527e-07 5.41879e-10 5.4775e-13 9.19386e-17 2.32953e-21
 1.49292e-41 2.07208e-33 3.47634e-26 7.04995e-20 1.72821e-14 5.12101e-10 1.83426e-06 0.000794172 0.0415638 0.262948 0.202321 0.0660812 0.219346 0.13066 0.0469173 0.0234282 0.00498519 0.000867887 8.11414e-05 3.65547e-06 5.90262e-08 2.34483e-10 1.76278e-13 2.16209e-17 3.95499e-22
 2.12389e-41 2.94782e-33 4.94558e-26 1.00295e-19 2.45862e-14 7.28535e-10 2.60949e-06 0.00112982 0.0591303 0.374077 0.286782 0.052008 0.109625 0.0636797 0.0323435 0.0163792 0.00410072 0.000684499 5.49891e-05 1.88584e-06 2.11508e-08 5.95254e-11 3.2512e-14 2.89766e-18 3.82483e-23
 2.0202e-41 2.8039e-33 4.70412e-26 9.53986e-20 2.33859e-14 6.92966e-10 2.48209e-06 0.00107466 0.0562434 0.355815 0.273239 0.0625771 0.147926 0.0743276 0.0179308 0.00787356 0.00249917 0.000453787 3.59006e-05 1.00942e-06 8.25037e-09 1.58222e-11 5.90643e-15 3.6899e-19 3.46386e-24
 2.0584e-41 2.85693e-33 4.79309e-26 9.72028e-20 2.38281e-14 7.06071e-10 2.52903e-06 0.00109498 0.0573071 0.362545 0.278512 0.0639248 0.139593 0.0671258 0.0210399 0.00734421 0.00126395 0.000225988 1.93304e-05 5.05758e-07 3.29536e-09 4.53701e-12 1.154e-15 4.85651e-20 3.10903e-25
 1.77594e-41 2.46488e-33 4.13535e-26 8.38641e-20 2.05583e-14 6.0918e-10 2.18198e-06 0.000944724 0.0494431 0.3128 0.241277 0.0796373 0.192663 0.0863419 0.0263503 0.00880157 0.00155448 0.000173505 1.14543e-05 2.89785e-07 1.66652e-09 1.80635e-12 3.33312e-16 9.71574e-21 4.21986e-26
 2.06602e-41 2.8675e-33 4.81083e-26 9.75627e-20 2.39163e-14 7.08685e-10 2.53839e-06 0.00109904 0.0575192 0.363891 0.279963 0.0687503 0.132608 0.0598117 0.0264506 0.00837259 0.00138451 0.000141121 6.42703e-06 1.1449e-07 5.57577e-10 5.08482e-13 7.38435e-17 1.59768e-21 4.94477e-27
 1.90256e-41 2.64062e-33 4.43019e-26 8.98434e-20 2.2024e-14 6.52613e-10 2.33755e-06 0.00101208 0.0529682 0.335105 0.258873 0.0845467 0.171383 0.0673008 0.0207216 0.00663451 0.0013238 0.000124054 4.73132e-06 5.87923e-08 1.9318e-10 1.33275e-13 1.53841e-17 2.60619e-22 6.11302e-28
 1.9792e-41 2.74701e-33 4.60867e-26 9.34629e-20 2.29113e-14 6.78905e-10 2.43173e-06 0.00105285 0.0551022 0.348607 0.269344 0.0833707 0.15159 0.0600349 0.0237202 0.00612101 0.000956501 9.4035e-05 3.35285e-06 3.30252e-08 7.60153e-11 3.48654e-14 2.79884e-18 3.49627e-23 6.21257e-29
 1.68376e-41 2.33695e-33 3.92071e-26 7.95112e-20 1.94912e-14 5.77561e-10 2.06873e-06 0.000895689 0.0468768 0.296584 0.231299 0.108248 0.20546 0.0751525 0.0271062 0.00716726 0.00112094 8.50456e-05 2.70012e-06 2.35579e-08 4.24177e-11 1.38616e-14 7.51522e-19 6.29503e-24 7.69691e-30
 1.54599e-41 2.14574e-33 3.59992e-26 7.30056e-20 1.78965e-14 5.30305e-10 1.89947e-06 0.000822403 0.0430413 0.27233 0.213826 0.11773 0.212765 0.0865262 0.0415101 0.0099051 0.00143791 0.00010224 2.57009e-06 1.79572e-08 2.66705e-11 6.8181e-15 2.7102e-19 1.58879e-24 1.32343e-30
 1.78417e-41 2.47631e-33 4.15453e-26 8.42529e-20 2.06536e-14 6.12004e-10 2.1921e-06 0.000949104 0.0496724 0.31428 0.24554 0.105908 0.165674 0.0698852 0.0363197 0.0101077 0.00156086 9.7618e-05 2.10423e-06 1.14896e-08 1.28966e-11 2.54478e-15 7.7981e-20 3.43139e-25 2.07826e-31
 1.74161e-41 2.41724e-33 4.05542e-26 8.22431e-20 2.01609e-14 5.97405e-10 2.13981e-06 0.000926463 0.0484874 0.306802 0.241487 0.121988 0.179738 0.0641037 0.0271904 0.00785642 0.00133178 8.55573e-05 1.59183e-06 6.98913e-09 6.0033e-12 8.74101e-16 1.97092e-20 6.44675e-26 2.91195e-32
 1.77022e-41 2.45695e-33 4.12205e-26 8.35943e-20 2.04922e-14 6.07221e-10 2.17497e-06 0.000941685 0.0492841 0.311857 0.246338 0.12609 0.170579 0.0625233 0.0255939 0.00583272 0.000898339 5.84864e-05 1.0305e-06 3.80231e-09 2.54506e-12 2.78916e-16 4.6203e-21 1.09386e-26 3.56475e-33
 1.7273e-41 2.39739e-33 4.02211e-26 8.15676e-20 1.99953e-14 5.92498e-10 2.12223e-06 0.000918854 0.0480893 0.304325 0.242429 0.138015 0.17414 0.0620166 0.0241456 0.00522823 0.00065413 3.56283e-05 5.70247e-07 1.85235e-09 1.01732e-12 8.62617e-17 1.06857e-21 1.85749e-27 4.39124e-34
 1.82112e-41 2.5276e-33 4.24057e-26 8.59979e-20 2.10814e-14 6.24679e-10 2.2375e-06 0.00096876 0.0507012 0.320866 0.255726 0.135227 0.154238 0.0563323 0.0212016 0.00424777 0.000469155 2.02769e-05 2.55383e-07 6.85598e-10 3.11657e-13 2.12251e-17 2.03811e-22 2.66718e-28 4.65271e-35
 1.78565e-41 2.47837e-33 4.15798e-26 8.4323e-20 2.06708e-14 6.12513e-10 2.19392e-06 0.000949893 0.0497138 0.314664 0.253511 0.148919 0.157608 0.0528229 0.0180057 0.0034529 0.000337808 1.20031e-05 1.15246e-07 2.32005e-10 8.11331e-14 4.32371e-18 3.24245e-23 3.27154e-29 4.32891e-36
 1.80706e-41 2.50809e-33 4.20783e-26 8.53341e-20 2.09186e-14 6.19857e-10 2.22023e-06 0.000961282 0.05031 0.318477 0.258198 0.152858 0.149138 0.0510621 0.0160806 0.00267627 0.000229727 6.81284e-06 5.08731e-08 7.58779e-11 1.93054e-14 7.53994e-19 4.20613e-24 3.19033e-30 3.18439e-37
 1.80003e-41 2.49833e-33 4.19146e-26 8.5002e-20 2.08372e-14 6.17445e-10 2.21159e-06 0.000957542 0.0501144 0.317301 0.259891 0.161121 0.145382 0.0485462 0.0143288 0.0021952 0.00015713 3.78177e-06 2.22049e-08 2.49482e-11 4.6359e-15 1.3008e-19 5.19185e-25 2.82954e-31 2.04518e-38
 1.81448e-41 2.51838e-33 4.22511e-26 8.56844e-20 2.10045e-14 6.22402e-10 2.22934e-06 0.000965229 0.0505169 0.319916 0.264228 0.165029 0.137979 0.0466022 0.0128527 0.00179569 0.000110415 2.11389e-06 9.51465e-09 8.06226e-12 1.1082e-15 2.25927e-20 6.46892e-26 2.51027e-32 1.28786e-39
 1.76373e-41 2.44794e-33 4.10692e-26 8.32876e-20 2.0417e-14 6.04992e-10 2.16698e-06 0.000938229 0.0491042 0.311096 0.261809 0.179115 0.139702 0.0451589 0.0115212 0.00147503 7.75635e-05 1.19642e-06 4.10909e-09 2.58099e-12 2.60339e-16 3.8705e-21 8.02349e-27 2.2377e-33 8.20011e-41
 1.66876e-41 2.31613e-33 3.8858e-26 7.88032e-20 1.93177e-14 5.72418e-10 2.05031e-06 0.000887713 0.0464609 0.294537 0.25457 0.195308 0.14588 0.0492724 0.0116875 0.00133343 5.98445e-05 7.44365e-07 1.96644e-09 9.19087e-13 6.75936e-17 7.25876e-22 1.08326e-27 2.17138e-34 5.70818e-42
 1.66917e-41 2.3167e-33 3.88674e-26 7.88223e-20 1.93224e-14 5.72557e-10 2.05081e-06 0.000887928 0.0464728 0.294757 0.2581 0.197065 0.140106 0.0498547 0.0115037 0.0012045 4.53718e-05 4.51818e-07 9.20077e-10 3.2197e-13 1.73807e-17 1.35189e-22 1.44899e-28 2.07638e-35 3.89429e-43
 1.7082e-41 2.37086e-33 3.97762e-26 8.06652e-20 1.97741e-14 5.85944e-10 2.09876e-06 0.000908689 0.0475592 0.301604 0.262208 0.191728 0.136166 0.0476024 0.0110336 0.00114772 3.98901e-05 3.44629e-07 5.9064e-10 1.71282e-13 7.57393e-18 4.7823e-23 4.13337e-29 4.75297e-36 7.12793e-44
#spawning biomass
 8067.62 6760.93 7952.24 10583.7 14480.9 18082.7 15862.7 20988.8 33538.7 45048.4 55937.1 72830.4 97824.2 122577 124046 107033 98024.3 96427.7 98919 101451 103594 105810 107786 107530 113242 114533 116013 110223 123569 315143 446610 460993 424203 365533 303675 248361 203199 168379 142558 123929 110754 101573 95231 90856.5 87868.2 85885.8 84570.6 83698.1 83119.2 82735.2 82480.4 82311.4 82199.3 82124.9 82075.5 82042.8 82021.1 82006.6 81997.1 81990.7 81986.5 81983.7 81981.9 81980.7 81979.8 81979.3 81978.9 81978.7 81978.6 81978.4 81978.4 81978.3 81978.3 81978.3 81978.3 81978.3 81978.3 81978.2 81978.2 81978.2 81978.2 81978.2 81978.2 81978.2 81978.2 81978.2 81978.2 81978.2 81978.2 81978.2 81978.2 81978.2 81978.2 81978.2 81978.2 81978.2 81978.2 81978.2 81978.2 81978.2 81978.2 81978.2 81978.2 81978.2 81978.2 81978.2 81978.2 81978.2 81978.2 81978.2 81978.2 81978.2 81978.2 81978.2 81978.2 81978.2 81978.2 81978.2 81978.2 81978.2 81978.2 81978.2 81978.2 81978.2 81978.2 81978.2 81978.2 81978.2 81978.2 0 0 0 0 0 0 0 0 0 0 0 0 0 0 0 0 0 0 0 0 0 0 0 0 0
