SBPRF35
0.153133
Curr Bio
175352
B35
163139
F35
1.48969
FOFL
1.48969
OFL
59854
Bzero
43749.7
#pred survey bio
 8502.3 10535 13270.8 19298.2 23936.8 28932.7 32395.8 36450.6 40248.5 49123.1 69874.2 79431.4 97600.8 118839 123284 109425 97052.8 86572.2 90289 86876.7 82454.4 93078.1 89814.5 92704.1 107187 110224 106393 96855 2.11242e+06 2.39189e+06 1.21021e+06 621954 428442 350476 311688 290218 277873 270700 266529 264108 262707 261899 261432 261161 261009 260923 260874 260847 260831 260822 260817 260815 260813 260812 260812 260811 260811 260811 260811 260811 260811 260811 260811 260811 260811 260811 260811 260811 260811 260811 260811 260811 260811 260811 260811 260811 260811 260811 260811 260811 260811 260811 260811 260811 260811 260811 260811 260811 260811 260811 260811 260811 260811 260811 260811 260811 260811 260811 260811 260811 260811 260811 260811 260811 260811 260811 260811 260811 260811 260811 260811 260811 260811 260811 260811 260811 260811 260811 260811 260811 260811 260811 260811 260811 260811 260811 260811 260811 0 0 0 0 0 0 0 0 0 0 0 0 0 0 0 0 0 0 0 0 0 0 0 0 0
#obs survey bio
 6620.49 9177.22 10567.5 20101.1 29287.9 27160.7 41133.6 45080.2 32475.8 50207.3 72302.9 108494 104638 93190.8 74321.9 110087 101500 104798 94888.8 104590 74731 97633.5 103692 105020 119858 92008.4 102479 90062.1
#pred catch bio
 2940.18 5292.96 6501.24 10307.7 13242.8 18296.2 20359.7 24349.8 29071.7 32778.3 53227.7 62080 80335.8 97025.5 104046 96947.8 89672.7 74444.2 82757.5 82492.3 77569.9 93579.6 88673 91569.4 109936 112551 110712 100974 59854 71172.4 25363.9 9891.79 6972.09 6487.43 6412.51 6401.48 6399.91 6399.69 6399.66 6399.65 6399.65 6399.65 6399.65 6399.65 6399.65 6399.65 6399.65 6399.65 6399.65 6399.65 6399.65 6399.65 6399.65 6399.65 6399.65 6399.65 6399.65 6399.65 6399.65 6399.65 6399.65 6399.65 6399.65 6399.65 6399.65 6399.65 6399.65 6399.65 6399.65 6399.65 6399.65 6399.65 6399.65 6399.65 6399.65 6399.65 6399.65 6399.65 6399.65 6399.65 6399.65 6399.65 6399.65 6399.65 6399.65 6399.65 6399.65 6399.65 6399.65 6399.65 6399.65 6399.65 6399.65 6399.65 6399.65 6399.65 6399.65 6399.65 6399.65 6399.65 6399.65 6399.65 6399.65 6399.65 6399.65 6399.65 6399.65 6399.65 6399.65 6399.65 6399.65 6399.65 6399.65 6399.65 6399.65 6399.65 6399.65 6399.65 6399.65 6399.65 6399.65 6399.65 6399.65 6399.65 6399.65 6399.65 6399.65 6399.65 0 0 0 0 0 0 0 0 0 0 0 0 0 0 0 0 0 0 0 0 0 0 0 0 0
#obs catch bio
 5936.96 5482.97 6629.12 10364.6 13436.4 18435.3 20351.4 24046.8 29314.7 32392.3 52356.6 61436.6 78844.5 96867.6 107746 99548.1 88856.5 72826.1 81149.4 81453.1 76619 91371.8 85512.5 89126.2 106416 110431 110063 101997
#pred cpue bio
 7954.35 9661.66 11669.8 17506.4 21742.2 26137.3 29334.6 33003.5 35951.2 42247 62068.1 69933.7 83920.8 104760 111329 97949.8 86236.8 76457.4 79187 77006.9 70605.4 80412.7 78133.9 78516.5 91418.3 95014.3 92259.4 83731 1.80896e+06 2.40562e+06 1.20648e+06 605642 411409 333403 294612 273143 260797 253624 249453 247032 245632 244824 244357 244086 243933 243847 243799 243771 243756 243747 243742 243739 243737 243736 243736 243736 243735 243735 243735 243735 243735 243735 243735 243735 243735 243735 243735 243735 243735 243735 243735 243735 243735 243735 243735 243735 243735 243735 243735 243735 243735 243735 243735 243735 243735 243735 243735 243735 243735 243735 243735 243735 243735 243735 243735 243735 243735 243735 243735 243735 243735 243735 243735 243735 243735 243735 243735 243735 243735 243735 243735 243735 243735 243735 243735 243735 243735 243735 243735 243735 243735 243735 243735 243735 243735 243735 243735 243735 0 0 0 0 0 0 0 0 0 0 0 0 0 0 0 0 0 0 0 0 0 0 0 0 0
#obs cpue bio
 4824.61 6033.13 9741.8 19864.2 15237.3 26000.2 27652.7 33731.8 35413.4 50426.4 78315.3 71731.5 86204.6 110792 82948.3 93729.8 93898.7 105978 81232.6 89981.6 86794.9 114022 140635 92769.4 133599 131196 104516 89947.7
#pred surv len freq
 2.56024e-27 2.58036e-27 2.59942e-26 4.94373e-20 1.2119e-14 3.59107e-10 1.28626e-06 0.000556901 0.0291462 0.184388 0.141473 0.0426888 0.22553 0.208279 0.0460941 0.053052 0.0215951 0.0150255 0.00875625 0.00635158 0.00478716 0.0039976 0.00388294 0.00337238 0.00102176
 2.56175e-27 2.58491e-27 3.04024e-26 5.87382e-20 1.4399e-14 4.26667e-10 1.52825e-06 0.000661673 0.0346296 0.219077 0.167889 0.0381219 0.17222 0.160151 0.0570533 0.0900542 0.031123 0.0137838 0.00601539 0.00327259 0.00198302 0.0014014 0.00119377 0.0010283 0.000340324
 2.56448e-27 2.59181e-27 3.59799e-26 7.05024e-20 1.72828e-14 5.1212e-10 1.83433e-06 0.000794194 0.0415653 0.262954 0.201441 0.0411553 0.17173 0.158606 0.0369734 0.0447456 0.0189101 0.0134662 0.00460862 0.00157511 0.00064319 0.00034093 0.000236529 0.000189101 6.45172e-05
 2.56223e-27 2.58555e-27 3.0297e-26 5.85132e-20 1.43438e-14 4.25033e-10 1.5224e-06 0.000659139 0.034497 0.218238 0.16734 0.0438975 0.216558 0.199878 0.0426465 0.0470802 0.0163272 0.00744149 0.0033766 0.00146389 0.000371636 0.000116901 5.62181e-05 3.79213e-05 1.27201e-05
 2.56217e-27 2.5856e-27 3.05281e-26 5.90014e-20 1.44635e-14 4.28579e-10 1.5351e-06 0.000664638 0.0347848 0.220058 0.168703 0.0421587 0.202368 0.187209 0.0481295 0.062768 0.0209766 0.00810225 0.00269431 0.000952046 0.000328321 7.24058e-05 1.79106e-05 8.41474e-06 2.61313e-06
 2.56256e-27 2.58661e-27 3.13724e-26 6.07825e-20 1.49001e-14 4.41516e-10 1.58144e-06 0.000684702 0.0358348 0.226701 0.173779 0.0424069 0.20069 0.185492 0.0447434 0.0555545 0.0199733 0.00987864 0.00312077 0.000859252 0.000214446 5.37433e-05 8.98048e-06 2.03435e-06 5.14698e-07
 2.56234e-27 2.58586e-27 3.05695e-26 5.90882e-20 1.44847e-14 4.29209e-10 1.53735e-06 0.000665616 0.0348359 0.220382 0.168976 0.0437742 0.21447 0.197985 0.04293 0.0482046 0.0166852 0.0074083 0.00261758 0.000850202 0.000176302 3.20017e-05 5.08129e-06 6.10518e-07 9.16059e-08
 2.56235e-27 2.58593e-27 3.0677e-26 5.9315e-20 1.45404e-14 4.30857e-10 1.54326e-06 0.000668171 0.0349697 0.221228 0.169615 0.0433456 0.21076 0.194684 0.0445951 0.0527998 0.017564 0.00668442 0.00219915 0.000686521 0.00016801 2.79303e-05 3.24714e-06 2.93971e-07 2.15522e-08
 2.56327e-27 2.58834e-27 3.27321e-26 6.36502e-20 1.56031e-14 4.62347e-10 1.65605e-06 0.000717006 0.0375255 0.237397 0.181962 0.0433964 0.202471 0.186881 0.0404168 0.0452351 0.0152773 0.0061628 0.00190163 0.000513749 0.000116986 2.13568e-05 2.34351e-06 1.54044e-07 6.72141e-09
 2.56549e-27 2.5942e-27 3.77625e-26 7.42616e-20 1.82043e-14 5.39427e-10 1.93214e-06 0.000836542 0.0437816 0.276975 0.212179 0.0431575 0.179424 0.16535 0.0318486 0.0310617 0.01018 0.00366592 0.0011478 0.000316518 6.34556e-05 1.04587e-05 1.1987e-06 7.21415e-08 2.15527e-09
 2.56353e-27 2.58882e-27 3.29411e-26 6.40903e-20 1.5711e-14 4.65544e-10 1.6675e-06 0.000721964 0.037785 0.239039 0.183242 0.045087 0.214437 0.197563 0.0358084 0.0319607 0.0101041 0.00306763 0.000899081 0.000228395 4.65675e-05 7.05558e-06 7.2217e-07 4.36392e-08 1.13279e-09
 2.5641e-27 2.59039e-27 3.43505e-26 6.70636e-20 1.64398e-14 4.87142e-10 1.74486e-06 0.000755458 0.0395379 0.250128 0.191699 0.0444106 0.203348 0.187404 0.0353637 0.0334872 0.010308 0.00265283 0.000714629 0.000154709 2.86252e-05 4.21477e-06 4.02468e-07 2.19385e-08 5.50963e-10
 2.56543e-27 2.59395e-27 3.74494e-26 7.36007e-20 1.80423e-14 5.34626e-10 1.91494e-06 0.000829097 0.0433919 0.27451 0.21031 0.0439824 0.187014 0.172211 0.0304896 0.0261977 0.00813546 0.00222654 0.000575247 0.000106003 1.68401e-05 2.1588e-06 1.93903e-07 9.81398e-09 2.25068e-10
 2.56394e-27 2.58979e-27 3.36656e-26 6.5618e-20 1.60855e-14 4.76641e-10 1.70725e-06 0.000739174 0.0386857 0.244737 0.187607 0.0459766 0.21814 0.200739 0.0320106 0.0224711 0.00679322 0.00159701 0.00041066 7.83893e-05 1.11612e-05 1.19194e-06 9.08513e-08 4.22178e-09 8.93509e-11
 2.56241e-27 2.58573e-27 3.01526e-26 5.82075e-20 1.42689e-14 4.22812e-10 1.51444e-06 0.000655695 0.0343167 0.217098 0.166507 0.0462727 0.235218 0.216692 0.0383412 0.0328773 0.00969767 0.00181087 0.000427789 7.20238e-05 1.03207e-05 1.04389e-06 6.57474e-08 2.55318e-09 4.8797e-11
 2.56302e-27 2.58745e-27 3.17218e-26 6.1518e-20 1.50804e-14 4.46859e-10 1.60057e-06 0.000692987 0.0362684 0.229445 0.175922 0.0454102 0.222041 0.204613 0.0376797 0.0344269 0.0104369 0.0024137 0.00056279 7.64418e-05 9.58661e-06 9.08369e-07 5.46642e-08 1.77154e-09 2.81253e-11
 2.56346e-27 2.58854e-27 3.25958e-26 6.33614e-20 1.55323e-14 4.6025e-10 1.64854e-06 0.000713754 0.0373553 0.23632 0.181181 0.0459719 0.22262 0.204949 0.0341346 0.0262589 0.00799016 0.00193883 0.000478202 7.70794e-05 8.81448e-06 6.83513e-07 3.70335e-08 1.12344e-09 1.50561e-11
 2.56382e-27 2.58945e-27 3.33426e-26 6.49367e-20 1.59184e-14 4.71692e-10 1.68952e-06 0.000731498 0.038284 0.242195 0.18567 0.0461888 0.221116 0.203466 0.0321501 0.0220916 0.00650661 0.00124284 0.000297148 5.0508e-05 6.48361e-06 5.25615e-07 2.35947e-08 6.22031e-10 7.62681e-12
 2.56427e-27 2.59073e-27 3.45448e-26 6.74731e-20 1.65402e-14 4.90116e-10 1.75551e-06 0.00076007 0.0397793 0.251655 0.192879 0.0452818 0.209149 0.192557 0.0326525 0.0259792 0.00761165 0.00134615 0.000299394 4.15136e-05 5.27773e-06 4.69219e-07 2.27603e-08 5.23721e-10 5.47784e-12
 2.56358e-27 2.58878e-27 3.27236e-26 6.36307e-20 1.55983e-14 4.62206e-10 1.65554e-06 0.000716787 0.0375141 0.237325 0.181957 0.0465958 0.226822 0.208677 0.032095 0.0206567 0.0061081 0.0012186 0.00027362 3.4833e-05 3.82066e-06 3.01372e-07 1.557e-08 3.86273e-10 3.68316e-12
 2.56557e-27 2.59419e-27 3.75366e-26 7.37842e-20 1.80873e-14 5.35959e-10 1.91972e-06 0.000831164 0.0435001 0.275194 0.210848 0.0449903 0.194306 0.178715 0.0275786 0.0178911 0.00515288 0.00079235 0.000171736 2.41603e-05 2.59494e-06 1.79034e-07 7.97805e-09 2.01332e-10 2.0468e-12
 2.56506e-27 2.59275e-27 3.62011e-26 7.09667e-20 1.73966e-14 5.15493e-10 1.84641e-06 0.000799425 0.041839 0.264685 0.202838 0.0458731 0.206652 0.189992 0.0274626 0.0147901 0.00424822 0.0006638 0.000137464 1.54452e-05 1.65403e-06 1.19468e-07 4.79243e-09 1.04154e-10 1.03857e-12
 2.56465e-27 2.5916e-27 3.5148e-26 6.8745e-20 1.6852e-14 4.99355e-10 1.78861e-06 0.000774398 0.0405292 0.256399 0.196521 0.0465095 0.215932 0.198481 0.0276252 0.0130201 0.0036572 0.00045064 8.69391e-05 9.74442e-06 9.24133e-07 5.79713e-08 2.39587e-09 4.86127e-11 4.21574e-13
 2.5661e-27 2.59559e-27 3.87248e-26 7.62907e-20 1.87018e-14 5.54166e-10 1.98493e-06 0.000859399 0.0449779 0.284543 0.217987 0.0450309 0.189599 0.174279 0.0251091 0.0133731 0.00374343 0.000415251 7.42207e-05 6.71655e-06 5.91053e-07 3.46891e-08 1.22954e-09 2.42526e-11 2.00483e-13
 2.56572e-27 2.59452e-27 3.77421e-26 7.42174e-20 1.81935e-14 5.39106e-10 1.93099e-06 0.000836043 0.0437555 0.27681 0.212093 0.045657 0.198505 0.182416 0.0250685 0.0112356 0.00315293 0.000390883 7.19525e-05 5.87679e-06 4.48701e-07 2.19145e-08 7.17706e-10 1.23942e-11 9.56106e-14
 2.56515e-27 2.59293e-27 3.63121e-26 7.12007e-20 1.7454e-14 5.17193e-10 1.8525e-06 0.000802061 0.041977 0.265558 0.203511 0.0462908 0.209357 0.192382 0.0259748 0.0107916 0.00298612 0.000308309 5.34423e-05 4.7984e-06 3.67012e-07 1.55993e-08 4.22729e-10 6.41327e-12 4.38934e-14
 2.56482e-27 2.59207e-27 3.55571e-26 6.96079e-20 1.70635e-14 5.05623e-10 1.81106e-06 0.000784118 0.0410379 0.259618 0.198977 0.0464396 0.213675 0.196387 0.0270565 0.0122479 0.00338713 0.000329306 5.42192e-05 4.13281e-06 3.04593e-07 1.38222e-08 3.44575e-10 4.33571e-12 2.52704e-14
 2.56499e-27 2.59252e-27 3.59457e-26 7.04276e-20 1.72645e-14 5.11577e-10 1.83238e-06 0.000793352 0.0415212 0.262675 0.201311 0.0463734 0.211532 0.194397 0.0264626 0.0113961 0.00315567 0.000322939 5.41462e-05 3.88793e-06 2.60202e-07 1.03049e-08 2.61973e-10 3.20345e-12 1.58433e-14
#obs surv len freq
 1.08686e-41 1.50849e-33 2.53081e-26 5.13243e-20 1.25815e-14 3.72814e-10 1.33536e-06 0.000578165 0.0302588 0.191427 0.146881 0.0401818 0.173243 0.1466 0.103826 0.101655 0.0438494 0.0171176 0.00386469 0.000489652 2.54712e-05 3.91818e-07 1.33878e-09 8.29414e-13 8.17099e-17
 1.6097e-41 2.23416e-33 3.74826e-26 7.6014e-20 1.86339e-14 5.52158e-10 1.97774e-06 0.000856293 0.044815 0.283513 0.217215 0.0407903 0.126893 0.102325 0.0754429 0.0679685 0.0280838 0.00990205 0.00197329 0.000211755 8.94259e-06 1.06474e-07 2.70742e-10 1.21653e-13 8.5624e-18
 1.53421e-41 2.12939e-33 3.57249e-26 7.24493e-20 1.77601e-14 5.26264e-10 1.88499e-06 0.000816136 0.0427133 0.270218 0.207291 0.0500139 0.176891 0.128958 0.0566654 0.0427639 0.0171387 0.00547988 0.000960474 8.56979e-05 2.87217e-06 2.61422e-08 4.93257e-11 1.60954e-14 8.11247e-19
 1.07458e-41 1.49145e-33 2.50221e-26 5.07444e-20 1.24394e-14 3.68602e-10 1.32027e-06 0.000571632 0.0299169 0.189265 0.145706 0.0563898 0.229827 0.1629 0.098444 0.0662457 0.0161488 0.00393612 0.000601843 4.42969e-05 1.15812e-06 7.91797e-09 1.09771e-11 2.5939e-15 9.37017e-20
 1.50288e-41 2.0859e-33 3.49952e-26 7.09696e-20 1.73974e-14 5.15516e-10 1.84649e-06 0.000799468 0.041841 0.2647 0.203111 0.0472348 0.142275 0.104185 0.103899 0.0690371 0.019015 0.00355195 0.000331562 1.85531e-05 3.74502e-07 1.90003e-09 1.91133e-12 3.24271e-16 8.36166e-21
 1.19792e-41 1.66263e-33 2.78941e-26 5.65686e-20 1.38671e-14 4.10909e-10 1.47181e-06 0.000637242 0.0333507 0.21099 0.162655 0.0649639 0.231268 0.144094 0.078702 0.050008 0.0192424 0.00377747 0.000299069 1.02816e-05 1.38878e-07 5.1075e-10 3.69825e-13 4.46674e-17 8.15992e-22
 1.37943e-41 1.91455e-33 3.21206e-26 6.51399e-20 1.59683e-14 4.7317e-10 1.69482e-06 0.000733797 0.038404 0.242958 0.186942 0.0578753 0.174711 0.116365 0.109605 0.0568555 0.0128217 0.00249652 0.000224099 6.45855e-06 5.52483e-08 1.27376e-10 6.29975e-14 5.35016e-18 6.8829e-23
 1.19494e-41 1.65849e-33 2.78247e-26 5.64279e-20 1.38326e-14 4.09886e-10 1.46815e-06 0.000635656 0.0332677 0.210467 0.162703 0.0723235 0.227477 0.133382 0.0935328 0.0492844 0.0147208 0.00206395 0.000135762 3.82522e-06 2.74579e-08 4.21221e-11 1.28851e-14 7.07977e-19 6.18583e-24
 1.51271e-41 2.09954e-33 3.52241e-26 7.14338e-20 1.75112e-14 5.18888e-10 1.85857e-06 0.000804697 0.0421147 0.266435 0.205257 0.0643939 0.16693 0.104089 0.0965807 0.0423309 0.00959829 0.00138145 8.06715e-05 1.60708e-06 9.52434e-09 1.1991e-11 2.62123e-15 9.30618e-20 5.15199e-25
 1.51929e-41 2.10868e-33 3.53775e-26 7.17447e-20 1.75874e-14 5.21146e-10 1.86666e-06 0.0008082 0.042298 0.267598 0.206766 0.077991 0.19852 0.103676 0.0660962 0.0283851 0.00703156 0.000789066 3.80968e-05 6.45718e-07 2.77702e-09 2.59036e-12 4.40883e-16 1.1776e-20 4.57385e-26
 1.09453e-41 1.51913e-33 2.54866e-26 5.16864e-20 1.26703e-14 3.75444e-10 1.34478e-06 0.000582244 0.0304723 0.192792 0.15071 0.0970046 0.257678 0.136252 0.0960049 0.032257 0.00563387 0.000587774 2.42301e-05 3.14588e-07 1.0602e-09 7.28645e-13 8.80534e-17 1.71125e-21 4.94205e-27
 1.66641e-41 2.31286e-33 3.88031e-26 7.86919e-20 1.92904e-14 5.7161e-10 2.04741e-06 0.000886459 0.0463937 0.293511 0.226615 0.0711429 0.144384 0.0939155 0.0895447 0.0286266 0.00462578 0.000341668 1.05297e-05 1.10496e-07 2.798e-10 1.42199e-13 1.25987e-17 1.7464e-22 3.55034e-28
 1.33476e-41 1.85255e-33 3.10804e-26 6.30305e-20 1.54512e-14 4.57847e-10 1.63993e-06 0.000710035 0.0371604 0.235112 0.18421 0.11058 0.243075 0.106787 0.0575699 0.0204868 0.0040305 0.000270198 6.24753e-06 4.53278e-08 8.4596e-11 3.17783e-14 2.03417e-18 2.02699e-23 2.953e-29
 1.1159e-41 1.54879e-33 2.59842e-26 5.26955e-20 1.29177e-14 3.82774e-10 1.37103e-06 0.000593611 0.0310673 0.196572 0.155361 0.111752 0.234975 0.138049 0.104271 0.0241474 0.00299585 0.00021004 4.73995e-06 2.65366e-08 3.39336e-11 8.78442e-15 4.00404e-19 2.85836e-24 2.96466e-30
 8.76277e-42 1.21621e-33 2.04045e-26 4.138e-20 1.01438e-14 3.0058e-10 1.07663e-06 0.000466142 0.0243961 0.15438 0.124419 0.123447 0.249247 0.159739 0.124409 0.0346181 0.0046666 0.00020683 3.55244e-06 1.80452e-08 1.86182e-11 3.42621e-15 1.05846e-19 5.15729e-25 3.72545e-31
 1.41344e-41 1.96176e-33 3.29126e-26 6.67461e-20 1.6362e-14 4.84837e-10 1.73661e-06 0.00075189 0.039351 0.248981 0.195183 0.0946138 0.159911 0.126554 0.101679 0.0286943 0.00408369 0.000192087 2.58223e-06 8.92574e-09 7.18513e-12 1.06524e-15 2.48422e-20 8.56194e-26 4.23172e-32
 9.70714e-42 1.34729e-33 2.26035e-26 4.58395e-20 1.1237e-14 3.32973e-10 1.19266e-06 0.000516379 0.0270253 0.171055 0.141069 0.161923 0.272604 0.126745 0.0729713 0.0226598 0.00327515 0.000152991 2.01045e-06 5.84511e-09 3.32095e-12 3.4418e-16 5.97535e-21 1.56895e-26 5.7913e-33
 1.43949e-41 1.99791e-33 3.35191e-26 6.79761e-20 1.66635e-14 4.93771e-10 1.76861e-06 0.000765746 0.0400762 0.253595 0.200706 0.107982 0.161281 0.135379 0.0834509 0.0150577 0.00162947 7.41061e-05 9.13259e-07 2.4052e-09 1.15639e-12 9.10726e-17 1.10962e-21 2.0194e-27 5.30454e-34
 1.00138e-41 1.38985e-33 2.33176e-26 4.72876e-20 1.1592e-14 3.43492e-10 1.23033e-06 0.000532692 0.0278792 0.176516 0.149223 0.183481 0.261143 0.121378 0.0624469 0.0158837 0.00147298 4.28049e-05 4.25445e-07 9.80267e-10 4.02731e-13 2.62528e-17 2.53315e-22 3.45815e-28 6.49822e-35
 1.28691e-41 1.78615e-33 2.99663e-26 6.07711e-20 1.48973e-14 4.41435e-10 1.58115e-06 0.000684582 0.0358285 0.22678 0.184071 0.132418 0.181468 0.152417 0.0740558 0.0113007 0.000947119 2.69956e-05 1.89282e-07 3.06417e-10 9.87409e-14 5.20685e-18 4.02771e-23 4.33619e-29 6.30005e-36
 1.41067e-41 1.95791e-33 3.2848e-26 6.66151e-20 1.63299e-14 4.83885e-10 1.7332e-06 0.000750415 0.039274 0.248637 0.204486 0.159058 0.187218 0.10189 0.0481637 0.00984866 0.000659918 1.33825e-05 7.97373e-08 9.93239e-11 2.20941e-14 8.23537e-19 4.75168e-24 3.91956e-30 4.38281e-37
 1.12616e-41 1.56304e-33 2.62232e-26 5.31802e-20 1.30365e-14 3.86295e-10 1.38365e-06 0.000599072 0.0313535 0.198632 0.172339 0.196563 0.225387 0.123162 0.044978 0.00653954 0.000435936 8.32289e-06 3.63032e-08 3.36059e-11 5.73153e-15 1.55367e-19 6.2274e-25 3.56869e-31 2.84133e-38
 1.37476e-41 1.90808e-33 3.2012e-26 6.49197e-20 1.59143e-14 4.7157e-10 1.68909e-06 0.000731316 0.0382746 0.242404 0.202956 0.16002 0.178942 0.126783 0.0442341 0.00539337 0.000256319 3.88588e-06 1.47952e-08 1.07083e-11 1.31323e-15 2.57646e-20 7.57934e-26 3.1457e-32 1.77018e-39
 1.35376e-41 1.87893e-33 3.15229e-26 6.39279e-20 1.56712e-14 4.64365e-10 1.66328e-06 0.000720143 0.0376903 0.238849 0.206846 0.193814 0.188072 0.097181 0.0324073 0.00424494 0.000172829 1.90036e-06 5.21149e-09 2.93977e-12 2.83672e-16 4.15923e-21 8.76822e-27 2.58389e-33 1.03994e-40
 1.18631e-41 1.64652e-33 2.76238e-26 5.60205e-20 1.37328e-14 4.06927e-10 1.45755e-06 0.000631067 0.0330288 0.209512 0.19015 0.213668 0.206722 0.11332 0.0298888 0.00296711 0.00011037 1.07023e-06 2.20597e-09 8.70719e-13 6.00192e-17 6.53698e-22 1.03667e-27 2.26586e-34 6.60996e-42
 1.06341e-41 1.47594e-33 2.4762e-26 5.02168e-20 1.23101e-14 3.64769e-10 1.30654e-06 0.000565689 0.0296077 0.188023 0.178125 0.221271 0.217406 0.129676 0.0324388 0.00280848 7.75238e-05 5.84607e-07 9.92566e-10 3.04791e-13 1.51304e-17 1.14746e-22 1.27402e-28 1.98956e-35 4.21876e-43
 1.05123e-41 1.45903e-33 2.44783e-26 4.96415e-20 1.2169e-14 3.60591e-10 1.29158e-06 0.000559209 0.0292692 0.186038 0.179989 0.221662 0.21673 0.131422 0.0316612 0.00260605 6.10578e-05 3.48126e-07 4.29249e-10 9.93087e-14 3.77819e-18 2.14388e-23 1.71709e-29 1.8843e-36 2.77985e-44
 1.27322e-41 1.76715e-33 2.96476e-26 6.01247e-20 1.47389e-14 4.3674e-10 1.56433e-06 0.000677302 0.0354494 0.225034 0.205407 0.200628 0.192221 0.11191 0.0264833 0.00214029 4.81328e-05 2.49613e-07 2.57943e-10 4.73637e-14 1.4226e-18 6.51129e-24 4.28199e-30 3.86685e-37 4.64734e-45
#pred catch len freq
 2.55766e-27 2.57337e-27 1.9853e-26 3.64821e-20 8.94316e-15 2.65002e-10 9.49192e-07 0.000410964 0.0215084 0.136069 0.104601 0.0441688 0.262699 0.242605 0.0526389 0.0593715 0.0240345 0.0165505 0.00962692 0.00697691 0.0052575 0.00439022 0.00426429 0.00370358 0.00112211
 2.5596e-27 2.57913e-27 2.53553e-26 4.80912e-20 1.1789e-14 3.49328e-10 1.25124e-06 0.000541737 0.0283526 0.179367 0.137582 0.0390981 0.200941 0.186762 0.0637053 0.0985412 0.0339265 0.014834 0.00645948 0.00351013 0.00212649 0.00150273 0.00128008 0.00110264 0.000364928
 2.5622e-27 2.58564e-27 3.05467e-26 5.90406e-20 1.44731e-14 4.28864e-10 1.53612e-06 0.000665081 0.0348079 0.220205 0.168821 0.0425884 0.205554 0.189836 0.0428285 0.0502712 0.0211084 0.0148719 0.00508282 0.00173468 0.000708139 0.000375335 0.000260397 0.000208183 7.10276e-05
 2.5602e-27 2.58002e-27 2.53884e-26 4.8158e-20 1.18054e-14 3.49814e-10 1.25297e-06 0.00054249 0.028392 0.179616 0.137874 0.0454548 0.249111 0.229891 0.0474906 0.0505774 0.0174659 0.0078581 0.00355774 0.00154081 0.000391069 0.000123002 5.91518e-05 3.99002e-05 1.33838e-05
 2.56024e-27 2.58034e-27 2.58787e-26 4.91931e-20 1.20591e-14 3.57332e-10 1.2799e-06 0.00055415 0.0290022 0.183476 0.140791 0.0435289 0.232406 0.21493 0.0530851 0.0670953 0.0223421 0.00851523 0.00282568 0.000997023 0.000343735 7.58007e-05 1.87501e-05 8.80914e-06 2.73561e-06
 2.56102e-27 2.58239e-27 2.76179e-26 5.28618e-20 1.29584e-14 3.83981e-10 1.37536e-06 0.000595477 0.0311651 0.19716 0.151242 0.0436918 0.226302 0.209088 0.0482261 0.0575582 0.0205926 0.010052 0.00317014 0.000871532 0.000217438 5.44885e-05 9.10489e-06 2.06253e-06 5.21826e-07
 2.56076e-27 2.58154e-27 2.67183e-26 5.09636e-20 1.24931e-14 3.70193e-10 1.32597e-06 0.000574094 0.030046 0.19008 0.145859 0.0451419 0.24112 0.222526 0.0463623 0.0498541 0.0171793 0.00752544 0.0026536 0.000860743 0.000178438 3.23861e-05 5.14224e-06 6.1784e-07 9.27044e-08
 2.56099e-27 2.58219e-27 2.73371e-26 5.22691e-20 1.28131e-14 3.79676e-10 1.35994e-06 0.000588801 0.0308157 0.194949 0.149569 0.0446051 0.234428 0.216466 0.0473813 0.0536679 0.0177829 0.00667283 0.00219051 0.000682833 0.000167058 2.77697e-05 3.22841e-06 2.92274e-07 2.14278e-08
 2.5622e-27 2.58539e-27 3.00764e-26 5.80475e-20 1.42296e-14 4.2165e-10 1.51028e-06 0.000653893 0.0342224 0.216501 0.166024 0.0445186 0.222209 0.205021 0.0422942 0.0449452 0.0151131 0.00600979 0.00185063 0.000499203 0.000113636 2.07433e-05 2.27615e-06 1.49616e-07 6.5282e-09
 2.5641e-27 2.5904e-27 3.4372e-26 6.71089e-20 1.64509e-14 4.87471e-10 1.74604e-06 0.000755968 0.0395646 0.250297 0.191828 0.0444092 0.203247 0.187278 0.0347332 0.0321193 0.0104848 0.00372215 0.0011628 0.000320179 6.41692e-05 1.05753e-05 1.21203e-06 7.29437e-08 2.17923e-09
 2.56263e-27 2.58634e-27 3.07011e-26 5.93645e-20 1.45525e-14 4.31216e-10 1.54454e-06 0.000668729 0.0349989 0.221413 0.1698 0.0461022 0.231607 0.213328 0.037163 0.0310782 0.00978776 0.00292718 0.000855719 0.000217037 4.42366e-05 6.70174e-06 6.8594e-07 4.14497e-08 1.07595e-09
 2.56333e-27 2.58827e-27 3.24343e-26 6.3021e-20 1.54488e-14 4.57777e-10 1.63968e-06 0.000709919 0.0371546 0.235051 0.180201 0.0453308 0.21843 0.201241 0.0363563 0.0322651 0.00989917 0.00250898 0.000673944 0.00014566 2.69405e-05 3.96627e-06 3.78731e-07 2.06445e-08 5.18466e-10
 2.56492e-27 2.59253e-27 3.61557e-26 7.08714e-20 1.73733e-14 5.14801e-10 1.84393e-06 0.000798352 0.0417829 0.26433 0.202548 0.0446842 0.197808 0.182098 0.0309197 0.0246872 0.00763762 0.00205808 0.000530313 9.75561e-05 1.54916e-05 1.98568e-06 1.78349e-07 9.02669e-09 2.07012e-10
 2.56333e-27 2.5881e-27 3.21286e-26 6.23756e-20 1.52906e-14 4.53088e-10 1.62289e-06 0.000702648 0.036774 0.232643 0.178385 0.0467454 0.23047 0.212045 0.0327031 0.0212029 0.00638592 0.00147823 0.000378945 7.22136e-05 1.02778e-05 1.09745e-06 8.36464e-08 3.88695e-09 8.22645e-11
 2.56201e-27 2.5846e-27 2.91067e-26 5.60009e-20 1.37279e-14 4.06783e-10 1.45703e-06 0.000630838 0.0330158 0.208868 0.160234 0.0469732 0.244956 0.225586 0.0382491 0.0304279 0.00894938 0.00164561 0.000387283 6.50904e-05 9.32298e-06 9.42849e-07 5.93816e-08 2.30596e-09 4.40721e-11
 2.56293e-27 2.58715e-27 3.14123e-26 6.08649e-20 1.49203e-14 4.42115e-10 1.58358e-06 0.00068563 0.0358834 0.227009 0.17407 0.0459205 0.227225 0.209299 0.0367291 0.0310772 0.00938986 0.00213733 0.000496847 6.73665e-05 8.44388e-06 7.99972e-07 4.81395e-08 1.56008e-09 2.47681e-11
 2.56359e-27 2.58886e-27 3.28336e-26 6.3863e-20 1.56552e-14 4.63893e-10 1.66159e-06 0.000719404 0.037651 0.238191 0.182613 0.046235 0.223615 0.205789 0.032863 0.0231452 0.00701497 0.00167495 0.000411874 6.62731e-05 7.57534e-06 5.8733e-07 3.1821e-08 9.65311e-10 1.29368e-11
 2.56348e-27 2.58849e-27 3.24606e-26 6.30758e-20 1.54623e-14 4.58175e-10 1.64111e-06 0.000710536 0.0371869 0.235255 0.180379 0.0467484 0.229092 0.210756 0.0321703 0.0203023 0.00595894 0.00112069 0.000266946 4.52957e-05 5.81199e-06 4.71101e-07 2.11469e-08 5.57493e-10 6.83548e-12
 2.56434e-27 2.5909e-27 3.46569e-26 6.77093e-20 1.65981e-14 4.91832e-10 1.76166e-06 0.000762731 0.0399186 0.252537 0.193557 0.0455703 0.210869 0.194067 0.0315171 0.0230102 0.00672075 0.00117004 0.000259191 3.5875e-05 4.55843e-06 4.05211e-07 1.96549e-08 4.5226e-10 4.73039e-12
 2.56385e-27 2.58948e-27 3.33134e-26 6.48749e-20 1.59033e-14 4.71243e-10 1.68791e-06 0.000730802 0.0382476 0.241965 0.185502 0.0466676 0.224878 0.206824 0.0306893 0.0179169 0.00527665 0.0010359 0.000231775 2.94538e-05 3.22882e-06 2.54646e-07 1.31555e-08 3.26369e-10 3.11196e-12
 2.56575e-27 2.59467e-27 3.79335e-26 7.46215e-20 1.82926e-14 5.42041e-10 1.9415e-06 0.000840595 0.0439937 0.278317 0.213234 0.045085 0.19335 0.177781 0.0264708 0.0156009 0.00447774 0.000677943 0.000146261 2.05396e-05 2.20496e-06 1.52102e-07 6.77765e-09 1.71038e-10 1.73881e-12
 2.56566e-27 2.59438e-27 3.76323e-26 7.39858e-20 1.81367e-14 5.37424e-10 1.92496e-06 0.000833435 0.043619 0.275946 0.211432 0.0455682 0.198294 0.182248 0.0255299 0.0123332 0.00352721 0.000542464 0.00011183 1.25424e-05 1.34231e-06 9.6937e-08 3.88847e-09 8.45073e-11 8.42663e-13
 2.56512e-27 2.59286e-27 3.6249e-26 7.10675e-20 1.74213e-14 5.16226e-10 1.84903e-06 0.000800561 0.0418985 0.265062 0.203132 0.0462851 0.20958 0.192593 0.0260957 0.0110161 0.00308065 0.000373977 7.17373e-05 8.026e-06 7.60694e-07 4.771e-08 1.9717e-09 4.00058e-11 3.46934e-13
 2.56655e-27 2.5968e-27 3.97826e-26 7.85221e-20 1.92487e-14 5.70374e-10 2.04299e-06 0.000884535 0.0462934 0.292865 0.224339 0.044832 0.183622 0.168734 0.0235817 0.0112877 0.00314776 0.000344187 6.11347e-05 5.52258e-06 4.85614e-07 2.84955e-08 1.00997e-09 1.99213e-11 1.64678e-13
 2.56642e-27 2.5964e-27 3.94026e-26 7.77204e-20 1.90522e-14 5.64551e-10 2.02213e-06 0.000875504 0.0458207 0.289875 0.222062 0.0452057 0.188066 0.17277 0.023127 0.00923816 0.00258001 0.000315063 5.76703e-05 4.70229e-06 3.5873e-07 1.75167e-08 5.73645e-10 9.90628e-12 7.64183e-14
 2.56582e-27 2.59477e-27 3.793e-26 7.46137e-20 1.82906e-14 5.41985e-10 1.9413e-06 0.000840508 0.0439892 0.278288 0.213224 0.0458421 0.199118 0.182923 0.0241066 0.00891439 0.00245461 0.000249873 4.30192e-05 3.85568e-06 2.94689e-07 1.25228e-08 3.39337e-10 5.14804e-12 3.52339e-14
 2.56566e-27 2.59434e-27 3.75659e-26 7.38456e-20 1.81024e-14 5.36406e-10 1.92131e-06 0.000831856 0.0435363 0.275423 0.211037 0.0458761 0.200914 0.1846 0.0247553 0.00997007 0.00274479 0.000263185 4.30209e-05 3.27361e-06 2.41055e-07 1.09367e-08 2.72626e-10 3.43034e-12 1.99935e-14
 2.56583e-27 2.59479e-27 3.79587e-26 7.46743e-20 1.83055e-14 5.42425e-10 1.94287e-06 0.00084119 0.0440249 0.278514 0.213396 0.0457926 0.198621 0.182475 0.0242111 0.00926508 0.00255324 0.000257611 4.28986e-05 3.07519e-06 2.05619e-07 8.14148e-09 2.0696e-10 2.53071e-12 1.25161e-14
#obs catch len freq
 5.02125e-42 6.96916e-34 1.16922e-26 2.37116e-20 5.81262e-15 1.72238e-10 6.1693e-07 0.000267109 0.0139794 0.0884393 0.0682569 0.0399524 0.218975 0.186842 0.143437 0.142933 0.0640409 0.0259096 0.00611787 0.000803974 4.34529e-05 6.9637e-07 2.47848e-09 1.59405e-12 1.62218e-16
 5.78815e-42 8.03358e-34 1.3478e-26 2.73331e-20 6.70039e-15 1.98545e-10 7.11155e-07 0.000307906 0.0161146 0.101947 0.0786821 0.043725 0.223035 0.181425 0.142723 0.130544 0.0560652 0.0205695 0.00434745 0.000492424 2.17158e-05 2.68397e-07 7.06918e-10 3.28278e-13 2.38087e-17
 1.08502e-41 1.50594e-33 2.52653e-26 5.12374e-20 1.25603e-14 3.72183e-10 1.3331e-06 0.000577186 0.0302076 0.191104 0.146811 0.0453578 0.182333 0.141231 0.113355 0.0948375 0.0388075 0.012779 0.00236586 0.000225067 7.98262e-06 7.57595e-08 1.47722e-10 4.96056e-14 2.56629e-18
 1.11119e-41 1.54226e-33 2.58747e-26 5.24733e-20 1.28632e-14 3.81161e-10 1.36526e-06 0.000591109 0.0309363 0.195714 0.150673 0.0584511 0.238314 0.164594 0.0771282 0.0545597 0.021534 0.00638845 0.001031 8.0792e-05 2.25484e-06 1.62481e-08 2.33986e-11 5.69e-15 2.10474e-19
 7.84923e-42 1.08942e-33 1.82773e-26 3.7066e-20 9.0863e-15 2.69244e-10 9.64387e-07 0.000417546 0.0218527 0.13825 0.107055 0.0646888 0.273239 0.184306 0.116958 0.071705 0.0170328 0.00391204 0.00054627 3.49571e-05 7.54553e-07 4.06004e-09 4.27905e-12 7.51631e-16 1.98966e-20
 1.25711e-41 1.74479e-33 2.92724e-26 5.93639e-20 1.45523e-14 4.31213e-10 1.54453e-06 0.00066873 0.0349987 0.221414 0.170293 0.0529471 0.172792 0.12238 0.125191 0.0755373 0.0200713 0.00339819 0.00029249 1.42532e-05 2.35604e-07 9.35414e-10 7.12928e-13 8.97188e-17 1.69294e-21
 1.03607e-41 1.438e-33 2.41254e-26 4.89258e-20 1.19936e-14 3.55392e-10 1.27296e-06 0.000551146 0.0288448 0.182486 0.141266 0.0736856 0.260159 0.153576 0.086188 0.0510048 0.0187203 0.00327939 0.000231087 6.8696e-06 7.64773e-08 2.19433e-10 1.20013e-13 1.07324e-17 1.43306e-22
 1.28008e-41 1.77667e-33 2.98074e-26 6.04487e-20 1.48183e-14 4.39093e-10 1.57276e-06 0.000680951 0.0356382 0.225463 0.173891 0.0642766 0.191857 0.123559 0.116171 0.0543237 0.0118547 0.00211439 0.000164904 3.98646e-06 2.77982e-08 5.02299e-11 1.87766e-14 1.17925e-18 1.10785e-23
 1.14956e-41 1.59551e-33 2.6768e-26 5.42849e-20 1.33073e-14 3.9432e-10 1.41239e-06 0.000611515 0.0320043 0.202477 0.157012 0.0798819 0.239459 0.134231 0.094108 0.045721 0.0128003 0.00159704 9.38472e-05 2.1988e-06 1.25735e-08 1.49749e-11 3.4679e-15 1.41122e-19 9.00078e-25
 1.51443e-41 2.10192e-33 3.52641e-26 7.1515e-20 1.7531e-14 5.19477e-10 1.86068e-06 0.000805611 0.0421625 0.26674 0.205808 0.0695764 0.171174 0.103693 0.0936813 0.0372553 0.00801776 0.00103103 5.18806e-05 8.63844e-07 4.08071e-09 3.94339e-12 6.48573e-16 1.70625e-20 6.90762e-26
 1.54991e-41 2.15118e-33 3.60905e-26 7.31907e-20 1.79418e-14 5.3165e-10 1.90428e-06 0.000824489 0.0431505 0.272994 0.211278 0.0832855 0.197528 0.0986404 0.0617173 0.0244133 0.00558942 0.000554539 2.32316e-05 3.23192e-07 1.10085e-09 7.88671e-13 1.00592e-16 1.9846e-21 5.6406e-27
 1.15116e-41 1.59773e-33 2.68053e-26 5.43605e-20 1.33258e-14 3.94869e-10 1.41436e-06 0.000612368 0.0320489 0.20277 0.158902 0.103766 0.253576 0.129318 0.0876149 0.0266201 0.0043536 0.00040173 1.40838e-05 1.49794e-07 3.97199e-10 2.0838e-13 1.88432e-17 2.69998e-22 5.69243e-28
 1.72655e-41 2.39634e-33 4.02035e-26 8.15319e-20 1.99866e-14 5.92239e-10 2.1213e-06 0.000918452 0.0480681 0.304106 0.235055 0.0747448 0.140111 0.0900965 0.0800594 0.0231832 0.00342738 0.000221634 5.85288e-06 4.98337e-08 9.87001e-11 3.81825e-14 2.52372e-18 2.5754e-23 3.81879e-29
 1.39645e-41 1.93819e-33 3.25171e-26 6.5944e-20 1.61654e-14 4.7901e-10 1.71574e-06 0.000742855 0.0388781 0.245985 0.19322 0.1166 0.234626 0.0987231 0.0512242 0.0168708 0.00295384 0.000170469 3.32099e-06 1.95594e-08 2.85073e-11 8.1188e-15 3.86861e-19 2.83359e-24 3.00777e-30
 1.18571e-41 1.64568e-33 2.76097e-26 5.5992e-20 1.37258e-14 4.0672e-10 1.4568e-06 0.000630746 0.0330108 0.208876 0.165598 0.118532 0.228354 0.132115 0.0915055 0.0190593 0.0021827 0.000132171 2.45341e-06 1.09833e-08 1.0928e-11 2.14468e-15 7.26689e-20 3.8077e-25 2.87499e-31
 9.45287e-42 1.312e-33 2.20115e-26 4.46388e-20 1.09427e-14 3.24251e-10 1.16142e-06 0.000502853 0.0263174 0.166547 0.134822 0.131795 0.24395 0.154763 0.109951 0.0279243 0.00329822 0.000125604 1.80667e-06 7.26418e-09 5.76186e-12 8.00259e-16 1.8368e-20 6.56653e-26 3.4496e-32
 1.49942e-41 2.0811e-33 3.49148e-26 7.08065e-20 1.73574e-14 5.14331e-10 1.84225e-06 0.00079763 0.0417448 0.264135 0.207466 0.0988126 0.153461 0.120716 0.0873511 0.0225906 0.00281098 0.000111498 1.22375e-06 3.36534e-09 2.08318e-12 2.31701e-16 4.00041e-21 1.01122e-26 3.63706e-33
 1.0479e-41 1.45442e-33 2.44009e-26 4.94844e-20 1.21305e-14 3.5945e-10 1.28749e-06 0.000557439 0.0291743 0.184673 0.153063 0.169923 0.260825 0.118243 0.0632204 0.0179813 0.00224868 8.82873e-05 9.35209e-07 2.12628e-09 9.24275e-13 7.18929e-17 9.2192e-22 1.77033e-27 4.75079e-34
 1.53228e-41 2.12671e-33 3.568e-26 7.23582e-20 1.77378e-14 5.25603e-10 1.88262e-06 0.000815111 0.0426597 0.269955 0.214108 0.111505 0.153481 0.12638 0.0686901 0.0112785 0.00108518 4.12273e-05 4.06173e-07 8.2937e-10 3.0225e-13 1.77707e-17 1.59775e-22 2.12499e-28 4.04874e-35
 1.08471e-41 1.50551e-33 2.5258e-26 5.12227e-20 1.25566e-14 3.72076e-10 1.33272e-06 0.00057702 0.0301992 0.191231 0.162504 0.190454 0.247337 0.111857 0.052842 0.0120263 0.000946851 2.32387e-05 1.85751e-07 3.29707e-10 1.0203e-13 4.93872e-18 3.50391e-23 3.49222e-29 4.76368e-36
 1.38445e-41 1.92152e-33 3.22375e-26 6.53769e-20 1.60264e-14 4.74891e-10 1.70098e-06 0.000736467 0.038544 0.243989 0.198594 0.136239 0.17308 0.140183 0.0597653 0.00825363 0.000599399 1.39869e-05 7.80266e-08 9.77518e-11 2.3683e-14 9.23363e-19 5.23203e-24 4.10047e-30 4.3173e-37
 1.50587e-41 2.09005e-33 3.5065e-26 7.1111e-20 1.7432e-14 5.16543e-10 1.85017e-06 0.000801061 0.0419247 0.265447 0.21895 0.161166 0.173728 0.0914605 0.0390904 0.00702769 0.00039615 6.65914e-06 3.1346e-08 2.98758e-11 4.99076e-15 1.37478e-19 5.79431e-25 3.46811e-31 2.80277e-38
 1.21935e-41 1.69238e-33 2.83932e-26 5.75808e-20 1.41153e-14 4.18261e-10 1.49814e-06 0.000648644 0.0339481 0.215115 0.187418 0.200369 0.211442 0.110361 0.0357774 0.00465281 0.000261964 4.03662e-06 1.38328e-08 9.79581e-12 1.24868e-15 2.49563e-20 7.30683e-26 3.03555e-32 1.74229e-39
 1.47568e-41 2.04815e-33 3.4362e-26 6.96854e-20 1.70826e-14 5.06187e-10 1.81308e-06 0.000785002 0.0410845 0.260241 0.218445 0.161471 0.167848 0.111947 0.0343489 0.00367918 0.000147312 1.81438e-06 5.37356e-09 2.95023e-12 2.69956e-16 3.89816e-21 8.35911e-27 2.51396e-33 1.02083e-40
 1.45179e-41 2.01499e-33 3.38056e-26 6.85571e-20 1.6806e-14 4.97992e-10 1.78373e-06 0.000772292 0.0404198 0.256206 0.222492 0.193917 0.173399 0.0847161 0.0251368 0.00284213 9.58072e-05 8.49409e-07 1.81434e-09 7.74331e-13 5.54834e-17 5.97519e-22 9.17914e-28 1.95837e-34 5.67847e-42
 1.28396e-41 1.78206e-33 2.98977e-26 6.06319e-20 1.48632e-14 4.40424e-10 1.57753e-06 0.000683015 0.035748 0.22684 0.206471 0.214631 0.192699 0.0981516 0.0227477 0.00196594 6.04e-05 4.65226e-07 7.40927e-10 2.20951e-13 1.12956e-17 9.01046e-23 1.03865e-28 1.64241e-35 3.45414e-43
 1.16018e-41 1.61025e-33 2.70153e-26 5.47866e-20 1.34303e-14 3.97964e-10 1.42544e-06 0.000617168 0.0323026 0.205234 0.194929 0.223239 0.204987 0.112261 0.0245677 0.00181964 4.13227e-05 2.47713e-07 3.22822e-10 7.44665e-14 2.73725e-18 1.51996e-23 1.22511e-29 1.38075e-36 2.10526e-44
 1.14874e-41 1.59438e-33 2.6749e-26 5.42465e-20 1.32979e-14 3.94041e-10 1.41139e-06 0.000611084 0.0319841 0.203184 0.191865 0.216487 0.208693 0.118657 0.026513 0.0019637 4.03565e-05 1.96971e-07 2.03529e-10 3.8856e-14 1.2088e-18 5.57851e-24 3.61771e-30 3.20151e-37 3.79556e-45
#spawning biomass
 12398.6 16071 22597.2 31010 38127.6 46695.7 52295.6 58789.4 67014.9 88678.1 118688 137262 176924 206088 202717 182985 165377 149673 157920 149233 151354 168401 160589 173897 198832 200667 191458 175352 169212 127627 45477.8 20843.2 16219.6 15452.2 15333.6 15316.2 15313.7 15313.3 15313.3 15313.3 15313.3 15313.3 15313.3 15313.3 15313.3 15313.3 15313.3 15313.3 15313.3 15313.3 15313.3 15313.3 15313.3 15313.3 15313.3 15313.3 15313.3 15313.3 15313.3 15313.3 15313.3 15313.3 15313.3 15313.3 15313.3 15313.3 15313.3 15313.3 15313.3 15313.3 15313.3 15313.3 15313.3 15313.3 15313.3 15313.3 15313.3 15313.3 15313.3 15313.3 15313.3 15313.3 15313.3 15313.3 15313.3 15313.3 15313.3 15313.3 15313.3 15313.3 15313.3 15313.3 15313.3 15313.3 15313.3 15313.3 15313.3 15313.3 15313.3 15313.3 15313.3 15313.3 15313.3 15313.3 15313.3 15313.3 15313.3 15313.3 15313.3 15313.3 15313.3 15313.3 15313.3 15313.3 15313.3 15313.3 15313.3 15313.3 15313.3 15313.3 15313.3 15313.3 15313.3 15313.3 15313.3 15313.3 15313.3 15313.3 0 0 0 0 0 0 0 0 0 0 0 0 0 0 0 0 0 0 0 0 0 0 0 0 0
