SBPRF35
0.827133
Curr Bio
104186
B35
592277
F35
0.257425
FOFL
0.0926422
OFL
11244.3
Bzero
236324
#pred survey bio
 9581.53 10478.5 13421.1 18790.3 23309 28581.6 34645.6 39774.7 44120.1 56009.3 69484.9 80344.9 107421 139355 138178 119274 107955 101609 106256 96143.6 102520 107270 118676 122787 133397 134289 122810 108839 81188.2 6.88434e+06 5.87726e+06 6.39767e+06 5.96544e+06 5.19045e+06 4.39694e+06 3.71553e+06 3.17978e+06 2.77975e+06 2.49045e+06 2.28527e+06 2.14129e+06 2.04064e+06 1.96982e+06 1.91922e+06 1.88283e+06 1.8572e+06 1.83885e+06 1.82549e+06 1.8156e+06 1.80817e+06 1.8025e+06 1.79813e+06 1.79472e+06 1.79203e+06 1.78989e+06 1.78818e+06 1.78681e+06 1.78571e+06 1.78481e+06 1.78409e+06 1.7835e+06 1.78302e+06 1.78263e+06 1.78231e+06 1.78205e+06 1.78183e+06 1.78166e+06 1.78152e+06 1.7814e+06 1.7813e+06 1.78123e+06 1.78116e+06 1.78111e+06 1.78107e+06 1.78103e+06 1.781e+06 1.78098e+06 1.78096e+06 1.78095e+06 1.78093e+06 1.78092e+06 1.78091e+06 1.78091e+06 1.7809e+06 1.7809e+06 1.78089e+06 1.78089e+06 1.78089e+06 1.78088e+06 1.78088e+06 1.78088e+06 1.78088e+06 1.78088e+06 1.78088e+06 1.78088e+06 1.78088e+06 1.78088e+06 1.78088e+06 1.78088e+06 1.78088e+06 1.78087e+06 1.78087e+06 1.78087e+06 1.78087e+06 1.78087e+06 1.78087e+06 1.78087e+06 1.78087e+06 1.78087e+06 1.78087e+06 1.78087e+06 1.78087e+06 1.78087e+06 1.78087e+06 1.78087e+06 1.78087e+06 1.78087e+06 1.78087e+06 1.78087e+06 1.78087e+06 1.78087e+06 1.78087e+06 1.78087e+06 1.78087e+06 1.78087e+06 1.78087e+06 1.78087e+06 1.78087e+06 1.78087e+06 0 0 0 0 0 0 0 0 0 0 0 0 0 0 0 0 0 0 0 0 0 0 0 0 0
#obs survey bio
 8218.81 9730.86 14401.4 19336.9 15054.6 24677 39558.1 35636.1 38873.3 49903.7 90185.8 61803.4 92533.2 106981 94846.4 88981.3 81835.1 93897.1 95940 76501.9 55860.6 91157.9 166523 120851 141638 87197.4 100550 70823.9 81149.1
#pred catch bio
 5217.97 5919.55 6977.02 10760.3 13906 17367.2 22063.9 27186.2 30054.7 38536.3 50233.9 57188.5 74113.8 104689 110644 97080.1 88388 79070.9 88837.8 77312.3 86428.7 86667.1 101336 104479 114936 118912 104280 104465 1.05775 11244.3 52059.5 60997.9 56224.9 47783.2 39480.6 32525.8 27169.3 23258.1 20504.5 18615.7 17344.5 16501 15945.6 15581.2 15344.2 15194.3 15099.3 15039.2 15001.2 14977.2 14961.9 14952.3 14946.2 14942.3 14939.9 14938.3 14937.3 14936.7 14936.3 14936.1 14935.9 14935.8 14935.8 14935.7 14935.7 14935.7 14935.7 14935.7 14935.7 14935.7 14935.7 14935.7 14935.7 14935.7 14935.7 14935.7 14935.7 14935.7 14935.7 14935.7 14935.7 14935.7 14935.7 14935.7 14935.7 14935.7 14935.7 14935.7 14935.7 14935.7 14935.7 14935.7 14935.7 14935.7 14935.7 14935.7 14935.7 14935.7 14935.7 14935.7 14935.7 14935.7 14935.7 14935.7 14935.7 14935.7 14935.7 14935.7 14935.7 14935.7 14935.7 14935.7 14935.7 14935.7 14935.7 14935.7 14935.7 14935.7 14935.7 14935.7 14935.7 14935.7 14935.7 14935.7 14935.7 14935.7 14935.7 14935.7 14935.7 0 0 0 0 0 0 0 0 0 0 0 0 0 0 0 0 0 0 0 0 0 0 0 0 0
#obs catch bio
 5676.77 5973.09 6849.88 10591.7 13906.2 17105.5 21452.7 26432.1 29808.1 37492.8 48322.2 55850.5 72667.4 100892 112301 98742.3 87934.4 76977.9 85442.4 75345.3 86610.8 83531.1 96250.9 100400 109860 116763 103262 109782 0.965956
#pred cpue bio
 6905.76 7258.22 8351.66 12005.2 15178.2 18084.1 21947.1 25180.6 26777.8 31778 40424.8 46290.9 57695.8 79912.8 84537.8 71541.9 61923 57526.2 60570.2 54263.3 55502.3 56114.8 64242.2 63442.3 68641.4 71060.2 65151.7 62689.1 39610 4.84168e+06 5.23517e+06 6.2631e+06 5.86647e+06 5.06985e+06 4.26706e+06 3.58294e+06 3.04649e+06 2.64629e+06 2.35695e+06 2.15175e+06 2.00777e+06 1.90712e+06 1.8363e+06 1.78571e+06 1.74931e+06 1.72368e+06 1.70533e+06 1.69197e+06 1.68209e+06 1.67465e+06 1.66899e+06 1.66461e+06 1.6612e+06 1.65851e+06 1.65637e+06 1.65467e+06 1.65329e+06 1.65219e+06 1.65129e+06 1.65057e+06 1.64998e+06 1.6495e+06 1.64911e+06 1.64879e+06 1.64853e+06 1.64831e+06 1.64814e+06 1.648e+06 1.64788e+06 1.64779e+06 1.64771e+06 1.64764e+06 1.64759e+06 1.64755e+06 1.64751e+06 1.64749e+06 1.64746e+06 1.64744e+06 1.64743e+06 1.64741e+06 1.6474e+06 1.6474e+06 1.64739e+06 1.64738e+06 1.64738e+06 1.64737e+06 1.64737e+06 1.64737e+06 1.64737e+06 1.64736e+06 1.64736e+06 1.64736e+06 1.64736e+06 1.64736e+06 1.64736e+06 1.64736e+06 1.64736e+06 1.64736e+06 1.64736e+06 1.64736e+06 1.64736e+06 1.64736e+06 1.64736e+06 1.64736e+06 1.64736e+06 1.64736e+06 1.64736e+06 1.64736e+06 1.64736e+06 1.64736e+06 1.64736e+06 1.64736e+06 1.64736e+06 1.64736e+06 1.64736e+06 1.64736e+06 1.64736e+06 1.64736e+06 1.64736e+06 1.64736e+06 1.64736e+06 1.64736e+06 1.64736e+06 1.64736e+06 1.64736e+06 1.64736e+06 1.64736e+06 1.64736e+06 1.64736e+06 0 0 0 0 0 0 0 0 0 0 0 0 0 0 0 0 0 0 0 0 0 0 0 0 0
#obs cpue bio
 6282.9 6986.21 11620.3 12579.8 23535.5 28134.5 38330.5 38913.1 33139.9 59675.9 56692.4 87892.6 72897.2 198016 72907.4 91538 81284.2 118780 112760 99576.2 92505.4 122743 131389 105665 125417 121315 92378 117568 84743
#pred surv len freq
 2.56233e-27 2.5861e-27 3.11643e-26 6.03445e-20 1.47927e-14 4.38335e-10 1.57004e-06 0.000679768 0.0355766 0.225068 0.172499 0.0403293 0.185776 0.171696 0.0414081 0.051612 0.0217409 0.0161295 0.00970857 0.00724481 0.00559427 0.00477271 0.00473123 0.00416468 0.00126806
 2.56368e-27 2.59005e-27 3.48322e-26 6.80827e-20 1.66896e-14 4.94544e-10 1.77137e-06 0.000766937 0.0401387 0.253929 0.194496 0.0377604 0.150775 0.140173 0.050115 0.079216 0.0271767 0.0117411 0.00519124 0.00289666 0.00180912 0.00131495 0.00115082 0.00101065 0.000336903
 2.56627e-27 2.59676e-27 4.04333e-26 7.98973e-20 1.95859e-14 5.80364e-10 2.07877e-06 0.000900027 0.0471041 0.297994 0.228164 0.0391015 0.137326 0.127068 0.0352242 0.0486523 0.0194288 0.0123816 0.0040599 0.00130694 0.000540904 0.000296505 0.000213324 0.000175328 6.04427e-05
 2.56438e-27 2.59149e-27 3.56559e-26 6.98186e-20 1.71152e-14 5.07154e-10 1.81654e-06 0.000786492 0.0411622 0.260403 0.199498 0.0414663 0.175462 0.16213 0.0391203 0.0485806 0.0173937 0.00864459 0.00350448 0.00133818 0.000314226 9.77086e-05 4.90635e-05 3.44466e-05 1.17323e-05
 2.56428e-27 2.59138e-27 3.57058e-26 6.99244e-20 1.71411e-14 5.07922e-10 1.81929e-06 0.000787684 0.0412245 0.260798 0.199778 0.0401302 0.165099 0.152924 0.0440034 0.0619965 0.0208637 0.00826942 0.00280388 0.000960145 0.000281224 5.59642e-05 1.36013e-05 6.73669e-06 2.14215e-06
 2.56514e-27 2.59365e-27 3.76425e-26 7.40097e-20 1.81426e-14 5.37597e-10 1.92558e-06 0.000833704 0.0436331 0.276035 0.211414 0.0401917 0.157391 0.14563 0.0394004 0.0533864 0.0190512 0.00918359 0.00284996 0.000763655 0.000185721 4.01546e-05 5.92293e-06 1.34559e-06 3.53183e-07
 2.56459e-27 2.59206e-27 3.61501e-26 7.08612e-20 1.73708e-14 5.14727e-10 1.84366e-06 0.000798236 0.0417768 0.264292 0.202466 0.0413337 0.172369 0.159318 0.0394122 0.049919 0.0172532 0.00756366 0.00254769 0.000766783 0.000152284 2.63182e-05 3.61976e-06 3.86165e-07 5.89105e-08
 2.56467e-27 2.5923e-27 3.63821e-26 7.13505e-20 1.74907e-14 5.18281e-10 1.8564e-06 0.000803749 0.0420653 0.266117 0.203855 0.0410698 0.169384 0.156641 0.0403619 0.0527214 0.0175262 0.00660749 0.00208974 0.000598557 0.000133365 2.07294e-05 2.23564e-06 1.74008e-07 1.16493e-08
 2.56566e-27 2.59486e-27 3.85325e-26 7.58868e-20 1.86027e-14 5.51232e-10 1.97442e-06 0.000854849 0.0447397 0.283036 0.216778 0.0413528 0.162458 0.150049 0.0355587 0.0434049 0.0143763 0.00533334 0.00157421 0.000387846 8.00272e-05 1.30817e-05 1.31363e-06 7.79663e-08 2.91639e-09
 2.56723e-27 2.59903e-27 4.21138e-26 8.34413e-20 2.04546e-14 6.06107e-10 2.17097e-06 0.000939949 0.0491936 0.311212 0.23829 0.041149 0.145794 0.134493 0.0296032 0.0336984 0.0108228 0.00350049 0.00101159 0.000239594 4.32356e-05 6.30551e-06 6.36818e-07 3.45372e-08 9.10166e-10
 2.56588e-27 2.59524e-27 3.86479e-26 7.61292e-20 1.86622e-14 5.52993e-10 1.98073e-06 0.00085758 0.0448827 0.28394 0.217497 0.0430874 0.175154 0.161392 0.0308443 0.0297328 0.00924166 0.00252204 0.00067787 0.00014148 2.44008e-05 3.18007e-06 2.81653e-07 1.48389e-08 3.42916e-10
 2.56648e-27 2.59695e-27 4.02247e-26 7.9456e-20 1.94777e-14 5.77158e-10 2.06728e-06 0.000895055 0.046844 0.296348 0.226955 0.0420631 0.160714 0.148216 0.0312121 0.0338663 0.0101481 0.00211323 0.000516707 9.12721e-05 1.38634e-05 1.64288e-06 1.3018e-07 6.02642e-09 1.31254e-10
 2.56817e-27 2.60147e-27 4.41739e-26 8.77869e-20 2.15199e-14 6.37673e-10 2.28404e-06 0.000988901 0.0517555 0.32742 0.250669 0.0413248 0.138435 0.127541 0.0254553 0.0259546 0.00795436 0.00196377 0.000463762 6.3829e-05 8.2018e-06 8.21009e-07 5.72686e-08 2.34417e-09 4.51351e-11
 2.56597e-27 2.59541e-27 3.87378e-26 7.63188e-20 1.87086e-14 5.5437e-10 1.98566e-06 0.000859715 0.0449944 0.284647 0.218044 0.0435935 0.178621 0.164478 0.029346 0.025521 0.00769157 0.00171546 0.00041394 6.48194e-05 7.35959e-06 5.76697e-07 3.29775e-08 1.15869e-09 1.95278e-11
 2.56432e-27 2.59105e-27 3.49775e-26 6.83865e-20 1.67641e-14 4.96751e-10 1.77928e-06 0.000770359 0.0403178 0.255062 0.195457 0.0438194 0.196209 0.180939 0.0364548 0.0375688 0.011017 0.00189185 0.000422138 6.05659e-05 7.30169e-06 5.73138e-07 2.57849e-08 7.17533e-10 1.01905e-11
 2.56525e-27 2.59361e-27 3.72863e-26 7.32572e-20 1.79581e-14 5.32131e-10 1.906e-06 0.000825227 0.0431894 0.273228 0.209313 0.042805 0.178756 0.164901 0.0348378 0.0379323 0.0113389 0.00230311 0.000505846 5.68267e-05 6.08047e-06 4.67147e-07 2.15023e-08 4.91806e-10 5.42993e-12
 2.56614e-27 2.59591e-27 3.92111e-26 7.73174e-20 1.89534e-14 5.61624e-10 2.01164e-06 0.000870964 0.0455831 0.288372 0.220881 0.0431491 0.173246 0.159594 0.0298609 0.0279203 0.00834689 0.00172787 0.000391794 4.98993e-05 4.85897e-06 3.00549e-07 1.29101e-08 2.95097e-10 2.776e-12
 2.56621e-27 2.59605e-27 3.92835e-26 7.74698e-20 1.89908e-14 5.62731e-10 2.01561e-06 0.000872682 0.045673 0.28894 0.221323 0.0436129 0.176465 0.162457 0.0284205 0.0239021 0.00694395 0.0011139 0.000239345 3.09532e-05 3.22935e-06 2.05661e-07 7.28035e-09 1.47453e-10 1.3477e-12
 2.5663e-27 2.59635e-27 3.96059e-26 7.81501e-20 1.91576e-14 5.67673e-10 2.03331e-06 0.000880345 0.0460741 0.291478 0.223251 0.0430287 0.170664 0.157224 0.0296652 0.0280542 0.00813751 0.00125569 0.000256272 2.6878e-05 2.65981e-06 1.77015e-07 6.58975e-09 1.17013e-10 9.23484e-13
 2.56612e-27 2.59577e-27 3.89946e-26 7.68602e-20 1.88413e-14 5.58303e-10 1.99975e-06 0.000865814 0.0453136 0.286666 0.219593 0.0439977 0.180608 0.166209 0.0277995 0.0215411 0.00622834 0.000960357 0.00019412 1.90492e-05 1.65725e-06 9.35326e-08 3.49754e-09 6.49068e-11 4.70606e-13
 2.56758e-27 2.59979e-27 4.26208e-26 8.45103e-20 2.07167e-14 6.13872e-10 2.19879e-06 0.000951991 0.0498238 0.315199 0.241354 0.0423659 0.152902 0.140776 0.0257189 0.0231931 0.00664173 0.000882688 0.000171137 1.69604e-05 1.44029e-06 7.29778e-08 2.30079e-09 4.04687e-11 3.02157e-13
 2.56782e-27 2.60033e-27 4.29782e-26 8.52637e-20 2.09014e-14 6.19345e-10 2.21839e-06 0.000960478 0.0502679 0.318009 0.243514 0.0432792 0.158334 0.145538 0.0220238 0.0135756 0.00386553 0.000522067 9.93841e-05 8.43971e-06 6.75875e-07 3.38997e-08 9.84684e-10 1.476e-11 1.0063e-13
 2.5671e-27 2.59839e-27 4.12851e-26 8.16922e-20 2.00259e-14 5.93402e-10 2.12547e-06 0.000920246 0.0481624 0.304689 0.233347 0.0435683 0.167677 0.15422 0.0246419 0.0173511 0.00485411 0.000478757 8.07626e-05 6.98986e-06 5.30596e-07 2.32655e-08 6.51799e-10 9.17287e-12 5.42385e-14
 2.5682e-27 2.60137e-27 4.39163e-26 8.72429e-20 2.13865e-14 6.33721e-10 2.26988e-06 0.000982773 0.0514348 0.325391 0.249143 0.0428337 0.150989 0.138803 0.0216087 0.0143192 0.00400972 0.000410634 6.81085e-05 4.43117e-06 2.90513e-07 1.25139e-08 3.14124e-10 4.07304e-12 2.27159e-14
 2.56809e-27 2.60104e-27 4.35835e-26 8.65407e-20 2.12144e-14 6.28621e-10 2.25162e-06 0.000974863 0.0510208 0.322772 0.247151 0.0432757 0.155752 0.143115 0.02086 0.0115282 0.00319891 0.00029873 4.74556e-05 3.14751e-06 1.89242e-07 6.17787e-09 1.41761e-10 1.69729e-12 8.5699e-15
 2.56737e-27 2.59906e-27 4.18178e-26 8.28156e-20 2.03013e-14 6.01563e-10 2.1547e-06 0.000932901 0.0488247 0.308879 0.236552 0.0439178 0.168085 0.154471 0.0224262 0.0122384 0.00336723 0.000264389 3.74366e-05 2.28158e-06 1.30469e-07 4.16311e-09 7.81247e-11 7.73301e-13 3.59158e-15
 2.56733e-27 2.59895e-27 4.17262e-26 8.26224e-20 2.02539e-14 6.00159e-10 2.14967e-06 0.000930725 0.0487108 0.308158 0.236002 0.0439084 0.1684 0.154771 0.0226533 0.0126796 0.00348454 0.000262079 3.54747e-05 1.85577e-06 9.09004e-08 2.64302e-09 4.75834e-11 4.13156e-13 1.5505e-15
 2.56514e-27 2.59304e-27 3.65095e-26 7.16175e-20 1.75562e-14 5.20221e-10 1.86334e-06 0.000806757 0.0422227 0.267113 0.204683 0.0453185 0.201135 0.185023 0.0288055 0.0190867 0.0052907 0.000444456 6.48348e-05 3.31691e-06 1.52168e-07 3.69977e-09 5.80019e-11 4.66626e-13 1.58892e-15
 2.56927e-27 2.60424e-27 4.64337e-26 9.25534e-20 2.26883e-14 6.72296e-10 2.40805e-06 0.00104259 0.0545656 0.345197 0.264259 0.0423208 0.136466 0.125341 0.0181253 0.00976699 0.002682 0.000202528 2.75754e-05 1.4884e-06 7.1581e-08 1.66694e-09 2.30464e-11 1.55046e-13 4.73751e-16
#obs surv len freq
 1.08067e-41 1.4999e-33 2.5164e-26 5.10321e-20 1.25099e-14 3.70691e-10 1.32776e-06 0.000574873 0.0300866 0.190337 0.146047 0.0400862 0.173122 0.146508 0.103847 0.101991 0.0448611 0.0178515 0.00412732 0.000530414 2.77638e-05 4.2733e-07 1.45615e-09 8.98005e-13 8.79718e-17
 1.60252e-41 2.2242e-33 3.73155e-26 7.56751e-20 1.85509e-14 5.49696e-10 1.96892e-06 0.000852475 0.0446152 0.282249 0.216247 0.0406282 0.126449 0.102097 0.0761602 0.0689186 0.0289664 0.0104236 0.00214458 0.000236554 1.0154e-05 1.21684e-07 3.09794e-10 1.39001e-13 9.75583e-18
 1.53564e-41 2.13136e-33 3.5758e-26 7.25165e-20 1.77766e-14 5.26752e-10 1.88674e-06 0.000816894 0.042753 0.270469 0.207482 0.0500296 0.176879 0.128915 0.0564337 0.0425558 0.0170784 0.00550509 0.000986498 9.08389e-05 3.12797e-06 2.89128e-08 5.49252e-11 1.79626e-14 9.05311e-19
 1.07674e-41 1.49444e-33 2.50724e-26 5.08463e-20 1.24644e-14 3.69342e-10 1.32292e-06 0.00057278 0.029977 0.189646 0.145998 0.0565019 0.23028 0.163102 0.0979365 0.065721 0.0158104 0.00382084 0.000586613 4.40957e-05 1.187e-06 8.31278e-09 1.16952e-11 2.78504e-15 1.00976e-19
 1.50344e-41 2.08668e-33 3.50084e-26 7.09963e-20 1.74039e-14 5.1571e-10 1.84719e-06 0.000799769 0.0418567 0.264799 0.203187 0.0472389 0.14226 0.104183 0.103927 0.0689932 0.0189065 0.00350526 0.00032326 1.81398e-05 3.73175e-07 1.94016e-09 1.99277e-12 3.43031e-16 8.92668e-21
 1.20069e-41 1.66648e-33 2.79586e-26 5.66995e-20 1.38992e-14 4.11859e-10 1.47521e-06 0.000638716 0.0334278 0.211478 0.163029 0.0650166 0.231351 0.14407 0.0783716 0.0496452 0.0189693 0.00370206 0.000289999 9.85585e-06 1.33151e-07 4.96584e-10 3.66363e-13 4.50342e-17 8.34403e-22
 1.37854e-41 1.91332e-33 3.21e-26 6.50981e-20 1.5958e-14 4.72866e-10 1.69373e-06 0.000733326 0.0383794 0.242802 0.186824 0.0579032 0.174878 0.116462 0.109651 0.0568624 0.0127969 0.00247922 0.000221028 6.3111e-06 5.34428e-08 1.22905e-10 6.1253e-14 5.26873e-18 6.87192e-23
 1.19564e-41 1.65947e-33 2.78411e-26 5.64611e-20 1.38408e-14 4.10128e-10 1.46901e-06 0.000636031 0.0332873 0.210591 0.162798 0.0723434 0.227521 0.133387 0.0934667 0.0491607 0.0146252 0.00204438 0.000133603 3.7366e-06 2.66052e-08 4.04681e-11 1.23162e-14 6.77511e-19 5.95692e-24
 1.51118e-41 2.09742e-33 3.51885e-26 7.13616e-20 1.74934e-14 5.18363e-10 1.85669e-06 0.000803883 0.0420721 0.266165 0.205049 0.0643373 0.166798 0.104129 0.096889 0.0425664 0.00970656 0.0013977 8.1454e-05 1.61469e-06 9.50706e-09 1.18916e-11 2.58237e-15 9.1152e-20 5.02943e-25
 1.5178e-41 2.1066e-33 3.53426e-26 7.16741e-20 1.75701e-14 5.20634e-10 1.86482e-06 0.000807404 0.0422563 0.267335 0.206563 0.0779204 0.198351 0.103705 0.0663782 0.028661 0.00717039 0.000810716 3.93662e-05 6.67067e-07 2.85917e-09 2.65368e-12 4.49342e-16 1.19426e-20 4.61632e-26
 1.09785e-41 1.52374e-33 2.55639e-26 5.18431e-20 1.27087e-14 3.76583e-10 1.34886e-06 0.00058401 0.0305647 0.193377 0.151159 0.0971113 0.257862 0.136018 0.0953016 0.0318915 0.00552762 0.000577783 2.39502e-05 3.12434e-07 1.05401e-09 7.23002e-13 8.70788e-17 1.68575e-21 4.84973e-27
 1.66597e-41 2.31226e-33 3.87929e-26 7.86713e-20 1.92853e-14 5.7146e-10 2.04688e-06 0.000886227 0.0463816 0.293434 0.22656 0.0712221 0.14462 0.0939683 0.0894717 0.0285263 0.00458171 0.000336347 1.03379e-05 1.0889e-07 2.76946e-10 1.41078e-13 1.24991e-17 1.72995e-22 3.5087e-28
 1.33753e-41 1.85641e-33 3.11451e-26 6.31617e-20 1.54833e-14 4.588e-10 1.64335e-06 0.000711512 0.0372377 0.235601 0.184584 0.110622 0.24308 0.106616 0.0571944 0.0201602 0.00392413 0.000260685 5.96703e-06 4.30485e-08 8.0359e-11 3.02774e-14 1.94349e-18 1.9396e-23 2.82646e-29
 1.11612e-41 1.54909e-33 2.59893e-26 5.27057e-20 1.29202e-14 3.82849e-10 1.3713e-06 0.000593727 0.0310733 0.19661 0.155404 0.112019 0.235565 0.137917 0.103794 0.0238975 0.00291847 0.000201467 4.49265e-06 2.48998e-08 3.16063e-11 8.15778e-15 3.72024e-19 2.66097e-24 2.76554e-30
 8.77225e-42 1.21753e-33 2.04266e-26 4.14247e-20 1.01548e-14 3.00905e-10 1.07779e-06 0.000466647 0.0244225 0.154547 0.124547 0.123463 0.249259 0.159772 0.124323 0.0343926 0.00460109 0.000201344 3.39412e-06 1.70118e-08 1.73853e-11 3.17525e-15 9.7585e-20 4.74268e-25 3.42448e-31
 1.41317e-41 1.96139e-33 3.29063e-26 6.67333e-20 1.63589e-14 4.84744e-10 1.73627e-06 0.000751746 0.0393435 0.248934 0.195146 0.0946091 0.15991 0.126564 0.101726 0.0287387 0.00408214 0.000190739 2.53746e-06 8.63759e-09 6.85541e-12 1.00648e-15 2.33035e-20 7.98548e-26 3.92926e-32
 9.76091e-42 1.35475e-33 2.27287e-26 4.60934e-20 1.12993e-14 3.34818e-10 1.19926e-06 0.000519239 0.027175 0.172002 0.14182 0.162378 0.273175 0.126068 0.0717352 0.0218576 0.00312211 0.000144547 1.88303e-06 5.42243e-09 3.04512e-12 3.11626e-16 5.35218e-21 1.39415e-26 5.11516e-33
 1.43606e-41 1.99316e-33 3.34394e-26 6.78144e-20 1.66239e-14 4.92597e-10 1.7644e-06 0.000763925 0.0399809 0.252992 0.20024 0.10787 0.161273 0.135983 0.0839956 0.0151913 0.0016343 7.3528e-05 8.98943e-07 2.35099e-09 1.12238e-12 8.77114e-17 1.0594e-21 1.91046e-27 4.97585e-34
 1.00056e-41 1.38871e-33 2.32985e-26 4.72488e-20 1.15825e-14 3.43211e-10 1.22932e-06 0.000532255 0.0278563 0.176371 0.149123 0.183592 0.261311 0.121381 0.0624314 0.0158851 0.00147325 4.26235e-05 4.19621e-07 9.58985e-10 3.91541e-13 2.53838e-17 2.43625e-22 3.30747e-28 6.1784e-35
 1.28395e-41 1.78204e-33 2.98975e-26 6.06315e-20 1.48631e-14 4.40421e-10 1.57751e-06 0.00068301 0.0357462 0.226259 0.183624 0.131863 0.181017 0.153322 0.074885 0.011588 0.00098315 2.81636e-05 1.97405e-07 3.17877e-10 1.01749e-13 5.33527e-18 4.1081e-23 4.4049e-29 6.37555e-36
 1.41214e-41 1.95996e-33 3.28823e-26 6.66847e-20 1.6347e-14 4.84391e-10 1.73501e-06 0.000751199 0.039315 0.248896 0.204694 0.159169 0.187213 0.10149 0.047957 0.00983556 0.000663718 1.36164e-05 8.17023e-08 1.01943e-10 2.26321e-14 8.39983e-19 4.82317e-24 3.96126e-30 4.4131e-37
 1.12922e-41 1.56728e-33 2.62943e-26 5.33243e-20 1.30718e-14 3.87342e-10 1.3874e-06 0.000600695 0.0314385 0.19917 0.172782 0.196871 0.225465 0.12247 0.0444039 0.00636683 0.000421893 8.07205e-06 3.54607e-08 3.30651e-11 5.66093e-15 1.53585e-19 6.14868e-25 3.51458e-31 2.78917e-38
 1.38279e-41 1.91922e-33 3.21988e-26 6.52986e-20 1.60072e-14 4.74322e-10 1.69894e-06 0.000735584 0.0384981 0.243819 0.204123 0.160767 0.178925 0.124933 0.0428953 0.00506467 0.000234082 3.47834e-06 1.31648e-08 9.54723e-12 1.17646e-15 2.31883e-20 6.84211e-26 2.84362e-32 1.60036e-39
 1.3555e-41 1.88135e-33 3.15636e-26 6.40102e-20 1.56914e-14 4.64964e-10 1.66542e-06 0.000721071 0.0377388 0.239157 0.207114 0.194067 0.18818 0.0968254 0.0319318 0.0040994 0.000162571 1.7316e-06 4.636e-09 2.58304e-12 2.48382e-16 3.64568e-21 7.70822e-27 2.27919e-33 9.20018e-41
 1.1893e-41 1.65068e-33 2.76935e-26 5.61619e-20 1.37674e-14 4.07954e-10 1.46123e-06 0.00063266 0.0331122 0.210041 0.190626 0.214146 0.206676 0.112456 0.0293538 0.0028504 0.000103396 9.75888e-07 1.95597e-09 7.52826e-13 5.0981e-17 5.49729e-22 8.67949e-28 1.89517e-34 5.53331e-42
 1.06849e-41 1.48299e-33 2.48803e-26 5.04567e-20 1.23689e-14 3.66512e-10 1.31279e-06 0.000568392 0.0297492 0.18892 0.178932 0.221998 0.217213 0.128278 0.0315986 0.00266909 7.17538e-05 5.25149e-07 8.68427e-10 2.60479e-13 1.26516e-17 9.41299e-23 1.02954e-28 1.59089e-35 3.35081e-43
 1.04692e-41 1.45306e-33 2.4378e-26 4.94381e-20 1.21192e-14 3.59113e-10 1.28629e-06 0.000556918 0.0291493 0.185279 0.179375 0.221483 0.217212 0.132313 0.0319499 0.00262007 6.04925e-05 3.37485e-07 4.06201e-10 9.18306e-14 3.42445e-18 1.90922e-23 1.50465e-29 1.62689e-36 2.36869e-44
 1.27098e-41 1.76403e-33 2.95953e-26 6.00187e-20 1.47129e-14 4.35969e-10 1.56157e-06 0.000676107 0.0353869 0.224634 0.204935 0.199773 0.19225 0.112989 0.027086 0.00221707 5.00756e-05 2.58341e-07 2.63429e-10 4.75397e-14 1.40211e-18 6.30755e-24 4.08423e-30 3.63798e-37 4.31835e-45
 1.271e-41 1.76407e-33 2.95959e-26 6.00199e-20 1.47132e-14 4.35978e-10 1.5616e-06 0.000676121 0.0353876 0.224639 0.204939 0.199782 0.192416 0.113337 0.0267094 0.00206846 4.3259e-05 2.02563e-07 1.84715e-10 2.94572e-14 7.6102e-19 2.98251e-24 1.67765e-30 1.29642e-37 1.33383e-45
#pred catch len freq
 2.55641e-27 2.57042e-27 1.77154e-26 3.19745e-20 7.83816e-15 2.32259e-10 8.31912e-07 0.000360186 0.0188508 0.119256 0.0917095 0.0407525 0.245756 0.227532 0.0599261 0.0800059 0.0336761 0.0249056 0.0149101 0.0110774 0.00853194 0.00727089 0.00720499 0.00634173 0.0019309
 2.55743e-27 2.57361e-27 2.08232e-26 3.85317e-20 9.44557e-15 2.79889e-10 1.00252e-06 0.000434051 0.0227167 0.143713 0.110331 0.0374051 0.207205 0.193177 0.0762983 0.125707 0.0430837 0.0185171 0.00814663 0.00452183 0.00281627 0.00204451 0.00178856 0.00157059 0.000523554
 2.55988e-27 2.57985e-27 2.58902e-26 4.92191e-20 1.20655e-14 3.57521e-10 1.28058e-06 0.000554442 0.0290175 0.183573 0.14081 0.0400679 0.206054 0.191119 0.0578942 0.0844524 0.033676 0.0213707 0.00698498 0.00223451 0.00092184 0.000504582 0.000362851 0.000298193 0.000102798
 2.55853e-27 2.5759e-27 2.21398e-26 4.13064e-20 1.01258e-14 3.00045e-10 1.07471e-06 0.000465308 0.0243525 0.154062 0.118325 0.0432159 0.245808 0.227503 0.0589711 0.0774979 0.0277066 0.0136815 0.00552068 0.00209783 0.000491234 0.000152443 7.64978e-05 5.37007e-05 1.82898e-05
 2.55844e-27 2.57589e-27 2.23447e-26 4.17394e-20 1.02319e-14 3.03189e-10 1.08597e-06 0.000470185 0.0246078 0.155676 0.119526 0.0412117 0.229713 0.213185 0.066163 0.0974397 0.0327436 0.0128803 0.0043491 0.00148034 0.000432377 8.59189e-05 2.0862e-05 1.03306e-05 3.28489e-06
 2.55938e-27 2.57834e-27 2.44056e-26 4.60866e-20 1.12976e-14 3.34767e-10 1.19908e-06 0.000519156 0.0271708 0.17189 0.131913 0.0415855 0.223854 0.207495 0.0599938 0.0848857 0.0302232 0.0144485 0.00446803 0.0011896 0.000288414 6.2254e-05 9.17613e-06 2.08393e-06 5.46955e-07
 2.55913e-27 2.57747e-27 2.34756e-26 4.4124e-20 1.08165e-14 3.20511e-10 1.14802e-06 0.000497048 0.0260137 0.164571 0.126349 0.0431483 0.239657 0.221828 0.0580251 0.0767032 0.0264488 0.011482 0.0038509 0.00115219 0.000228191 3.93606e-05 5.40928e-06 5.76895e-07 8.79985e-08
 2.55951e-27 2.57852e-27 2.44054e-26 4.60855e-20 1.12973e-14 3.34759e-10 1.19905e-06 0.000519144 0.0271701 0.171886 0.13193 0.0428177 0.23322 0.215952 0.0581798 0.0784723 0.0260188 0.00968835 0.00305026 0.000868015 0.000192838 2.99243e-05 3.22446e-06 2.50886e-07 1.6794e-08
 2.56059e-27 2.58126e-27 2.66694e-26 5.08611e-20 1.2468e-14 3.69448e-10 1.3233e-06 0.000572939 0.0299856 0.189698 0.145541 0.0434897 0.22877 0.211552 0.0520815 0.0656424 0.0216829 0.00793951 0.00233364 0.000571036 0.000117461 1.91668e-05 1.92319e-06 1.14104e-07 4.2676e-09
 2.56248e-27 2.58623e-27 3.08969e-26 5.97788e-20 1.4654e-14 4.34226e-10 1.55532e-06 0.000673396 0.0352431 0.222958 0.170939 0.0435724 0.211555 0.195389 0.0442033 0.0516853 0.0165557 0.00527525 0.00151741 0.00035692 6.42121e-05 9.34641e-06 9.43136e-07 5.11332e-08 1.34735e-09
 2.5613e-27 2.58285e-27 2.77359e-26 5.31097e-20 1.30192e-14 3.85782e-10 1.38181e-06 0.00059827 0.0313113 0.198084 0.151984 0.045945 0.242928 0.22403 0.0436748 0.0432318 0.0134077 0.00360131 0.00096335 0.000199613 3.43181e-05 4.46393e-06 3.95002e-07 2.08031e-08 4.80684e-10
 2.56184e-27 2.58442e-27 2.92195e-26 5.62399e-20 1.37865e-14 4.08519e-10 1.46325e-06 0.000633531 0.0331567 0.209759 0.160878 0.0446698 0.226975 0.209531 0.0451562 0.0502278 0.0150272 0.0030808 0.000749457 0.000131416 1.98954e-05 2.3528e-06 1.86263e-07 8.61926e-09 1.87698e-10
 2.5637e-27 2.58938e-27 3.3533e-26 6.53393e-20 1.60171e-14 4.74616e-10 1.7e-06 0.000736033 0.0385213 0.243697 0.186782 0.0440252 0.20387 0.188041 0.0382956 0.0400105 0.0122373 0.00297315 0.000699256 9.55319e-05 1.22317e-05 1.22167e-06 8.51314e-08 3.48324e-09 6.70564e-11
 2.56167e-27 2.58374e-27 2.84211e-26 5.45548e-20 1.33734e-14 3.96279e-10 1.41941e-06 0.000614548 0.0321632 0.203474 0.156109 0.0465655 0.244752 0.225535 0.0407369 0.0361269 0.0108669 0.00238214 0.000571946 8.89027e-05 1.00635e-05 7.86655e-07 4.49337e-08 1.57804e-09 2.65908e-11
 2.56027e-27 2.58009e-27 2.53248e-26 4.80235e-20 1.17724e-14 3.48837e-10 1.24947e-06 0.000540975 0.0283127 0.179114 0.137505 0.0463337 0.25606 0.236267 0.0480423 0.0500586 0.0146561 0.00247196 0.000548245 7.80618e-05 9.37914e-06 7.34603e-07 3.30138e-08 9.18192e-10 1.30376e-11
 2.56137e-27 2.58311e-27 2.80412e-26 5.37542e-20 1.31772e-14 3.90464e-10 1.39858e-06 0.00060553 0.0316912 0.200488 0.153806 0.045143 0.235545 0.217414 0.0461127 0.0504215 0.0150387 0.00299594 0.000654665 7.29897e-05 7.77944e-06 5.96258e-07 2.74167e-08 6.26769e-10 6.91841e-12
 2.56245e-27 2.58589e-27 3.03602e-26 5.86457e-20 1.43763e-14 4.25995e-10 1.52584e-06 0.000660632 0.0345751 0.218732 0.167746 0.0457002 0.229991 0.211987 0.0396587 0.0370725 0.0110562 0.00224294 0.000505817 6.393e-05 6.20475e-06 3.82807e-07 1.64239e-08 3.75223e-10 3.529e-12
 2.56218e-27 2.5851e-27 2.95888e-26 5.70181e-20 1.39773e-14 4.14172e-10 1.4835e-06 0.000642297 0.0336155 0.212662 0.163124 0.0465208 0.239484 0.220617 0.0388456 0.033029 0.00958151 0.00150955 0.000322334 4.13712e-05 4.3018e-06 2.73325e-07 9.66479e-09 1.95627e-10 1.78759e-12
 2.56281e-27 2.58688e-27 3.1223e-26 6.04657e-20 1.48224e-14 4.39215e-10 1.5732e-06 0.000681134 0.0356481 0.22552 0.172926 0.0454733 0.224626 0.207042 0.0389163 0.0366032 0.0105978 0.00160264 0.000324884 3.38141e-05 3.33278e-06 2.2127e-07 8.22836e-09 1.4603e-10 1.15219e-12
 2.56233e-27 2.58544e-27 2.9832e-26 5.7531e-20 1.4103e-14 4.17898e-10 1.49684e-06 0.000648075 0.0339179 0.214575 0.16459 0.046882 0.241202 0.222099 0.0372232 0.0289566 0.00835929 0.00126482 0.000254061 2.4748e-05 2.14468e-06 1.20727e-07 4.50902e-09 8.36331e-11 6.06237e-13
 2.56441e-27 2.59119e-27 3.50022e-26 6.84381e-20 1.67768e-14 4.97126e-10 1.78062e-06 0.000770941 0.0403483 0.255255 0.195618 0.0446833 0.20267 0.186701 0.0338369 0.030138 0.00861586 0.00112194 0.000215807 2.12248e-05 1.79549e-06 9.07406e-08 2.85721e-09 5.02241e-11 3.74903e-13
 2.5644e-27 2.59098e-27 3.46616e-26 6.77191e-20 1.66005e-14 4.91903e-10 1.76191e-06 0.000762842 0.0399244 0.252573 0.193593 0.0461206 0.215031 0.19778 0.0298683 0.018309 0.005205 0.00068942 0.000130298 1.09852e-05 8.75913e-07 4.38203e-08 1.27131e-09 1.90442e-11 1.29801e-13
 2.56396e-27 2.58983e-27 3.36722e-26 6.5632e-20 1.60889e-14 4.76743e-10 1.70761e-06 0.000739331 0.0386939 0.244789 0.187649 0.0461183 0.219189 0.201697 0.0320115 0.0221992 0.00620237 0.000600535 0.000100274 8.61408e-06 6.51198e-07 2.84776e-08 7.96766e-10 1.1206e-11 6.62408e-14
 2.56527e-27 2.59339e-27 3.6817e-26 7.22661e-20 1.77152e-14 5.24932e-10 1.88022e-06 0.000814063 0.0426051 0.269532 0.206529 0.0452581 0.199378 0.183391 0.0283263 0.0184085 0.00514717 0.000517128 8.49454e-05 5.49009e-06 3.58025e-07 1.53805e-08 3.85587e-10 4.99617e-12 2.78561e-14
 2.56525e-27 2.59328e-27 3.66675e-26 7.19507e-20 1.76378e-14 5.22641e-10 1.87201e-06 0.00081051 0.0424191 0.268356 0.205638 0.0457348 0.203632 0.187211 0.0270871 0.0146241 0.00405174 0.000371413 5.83714e-05 3.84555e-06 2.3008e-07 7.49042e-09 1.71611e-10 2.05326e-12 1.0364e-14
 2.56461e-27 2.59153e-27 3.51054e-26 6.86553e-20 1.683e-14 4.98703e-10 1.78627e-06 0.000773387 0.0404763 0.256065 0.196263 0.0463222 0.214689 0.197389 0.0284165 0.0150909 0.00414616 0.000320051 4.47416e-05 2.70904e-06 1.5409e-07 4.90356e-09 9.18857e-11 9.08767e-13 4.21927e-15
 2.56419e-27 2.59039e-27 3.40992e-26 6.65326e-20 1.63097e-14 4.83284e-10 1.73104e-06 0.000749476 0.0392249 0.248148 0.190222 0.0465997 0.221045 0.203261 0.0295959 0.0162998 0.00447475 0.000331309 4.42856e-05 2.30343e-06 1.1216e-07 3.25214e-09 5.84593e-11 5.07197e-13 1.9027e-15
 2.56289e-27 2.58686e-27 3.10082e-26 6.00118e-20 1.47112e-14 4.35918e-10 1.56139e-06 0.00067602 0.0353805 0.223827 0.171662 0.0472774 0.239242 0.220118 0.0337548 0.021535 0.00595951 0.000491357 7.07913e-05 3.60101e-06 1.64204e-07 3.98157e-09 6.23102e-11 5.00868e-13 1.70488e-15
 2.56166e-27 2.58354e-27 2.80741e-26 5.38223e-20 1.31939e-14 3.90958e-10 1.40035e-06 0.000606297 0.0317314 0.200742 0.154047 0.0480482 0.257484 0.236983 0.0373172 0.0254066 0.00701741 0.000536962 7.38182e-05 3.97504e-06 1.90632e-07 4.43036e-09 6.11616e-11 4.11128e-13 1.2557e-15
#obs catch len freq
 4.97549e-42 6.90565e-34 1.15857e-26 2.34955e-20 5.75964e-15 1.70669e-10 6.11307e-07 0.000264675 0.013852 0.0876332 0.0676355 0.0396284 0.217243 0.185562 0.14399 0.144137 0.0657903 0.0269416 0.00642681 0.000848484 4.5861e-05 7.32244e-07 2.58989e-09 1.65284e-12 1.66862e-16
 5.69577e-42 7.90536e-34 1.32629e-26 2.68968e-20 6.59345e-15 1.95376e-10 6.99804e-07 0.000302991 0.0158574 0.10032 0.0774369 0.0435595 0.222726 0.181231 0.14297 0.131292 0.0575496 0.0215358 0.00465966 0.000534988 2.37266e-05 2.93338e-07 7.70483e-10 3.56202e-13 2.56947e-17
 1.08235e-41 1.50224e-33 2.52031e-26 5.11115e-20 1.25294e-14 3.71268e-10 1.32982e-06 0.000575767 0.0301334 0.190634 0.146447 0.0450898 0.180993 0.140397 0.113897 0.0957307 0.0398665 0.0134114 0.00256397 0.00025053 9.02219e-06 8.61345e-08 1.68126e-10 5.63772e-14 2.90872e-18
 1.11728e-41 1.5507e-33 2.60163e-26 5.27605e-20 1.29336e-14 3.83247e-10 1.37273e-06 0.000594344 0.0311056 0.196785 0.15149 0.0584298 0.237796 0.164168 0.0765684 0.0541184 0.021392 0.00640436 0.00105791 8.55662e-05 2.45084e-06 1.79179e-08 2.59681e-11 6.32822e-15 2.34076e-19
 7.86493e-42 1.0916e-33 1.83139e-26 3.71401e-20 9.10447e-15 2.69782e-10 9.66316e-07 0.000418381 0.0218964 0.138527 0.10727 0.0648402 0.273891 0.184585 0.116392 0.0711425 0.0166691 0.00379899 0.000533398 3.48994e-05 7.7534e-07 4.26904e-09 4.56276e-12 8.07437e-16 2.14506e-20
 1.26029e-41 1.7492e-33 2.93464e-26 5.95139e-20 1.45891e-14 4.32303e-10 1.54844e-06 0.00067042 0.0350871 0.221974 0.170719 0.0529305 0.172532 0.122196 0.124998 0.0753361 0.0199115 0.00334416 0.000284529 1.3926e-05 2.34741e-07 9.54574e-10 7.42289e-13 9.47315e-17 1.80355e-21
 1.03801e-41 1.44069e-33 2.41705e-26 4.90173e-20 1.2016e-14 3.56056e-10 1.27534e-06 0.000552176 0.0288987 0.182827 0.141528 0.0737644 0.26039 0.153619 0.08587 0.0506452 0.0184599 0.00321383 0.000224013 6.5864e-06 7.34264e-08 2.13693e-10 1.19032e-13 1.08277e-17 1.46582e-22
 1.28024e-41 1.77689e-33 2.9811e-26 6.0456e-20 1.48201e-14 4.39146e-10 1.57295e-06 0.000681033 0.0356426 0.22549 0.173913 0.0642927 0.191912 0.123573 0.116128 0.0542838 0.0118189 0.00209694 0.000162409 3.88913e-06 2.68568e-08 4.84387e-11 1.82474e-14 1.16032e-18 1.10469e-23
 1.14871e-41 1.59434e-33 2.67483e-26 5.4245e-20 1.32975e-14 3.9403e-10 1.41135e-06 0.000611066 0.0319808 0.202328 0.1569 0.0799398 0.239708 0.134352 0.0941325 0.0456409 0.0127283 0.00158292 9.23968e-05 2.14888e-06 1.21892e-08 1.43975e-11 3.31817e-15 1.35188e-19 8.67427e-25
 1.51158e-41 2.09798e-33 3.51979e-26 7.13807e-20 1.74981e-14 5.18502e-10 1.85719e-06 0.000804099 0.0420833 0.266239 0.205426 0.0695498 0.171211 0.103858 0.0940927 0.0375188 0.0081187 0.00104425 5.24288e-05 8.68524e-07 4.07637e-09 3.91408e-12 6.39611e-16 1.6732e-20 6.7513e-26
 1.55031e-41 2.15173e-33 3.60998e-26 7.32097e-20 1.79465e-14 5.31787e-10 1.90478e-06 0.000824702 0.0431616 0.273064 0.211326 0.0831504 0.197103 0.0985498 0.0618993 0.0246316 0.0056941 0.000569239 2.39718e-05 3.33313e-07 1.13139e-09 8.06557e-13 1.02357e-16 2.00971e-21 5.68526e-27
 1.15447e-41 1.60233e-33 2.68824e-26 5.45169e-20 1.33642e-14 3.96005e-10 1.41842e-06 0.000614129 0.0321411 0.203353 0.159351 0.103863 0.253712 0.129037 0.0869483 0.0263 0.00427057 0.000394999 1.39248e-05 1.48769e-07 3.94788e-10 2.06709e-13 1.86306e-17 2.65942e-22 5.58598e-28
 1.72728e-41 2.39735e-33 4.02205e-26 8.15663e-20 1.9995e-14 5.92489e-10 2.1222e-06 0.000918839 0.0480884 0.304235 0.235155 0.0747887 0.140194 0.0900409 0.0798975 0.023067 0.00338947 0.000217844 5.7408e-06 4.90687e-08 9.75978e-11 3.78385e-14 2.50084e-18 2.54825e-23 3.77004e-29
 1.39991e-41 1.94298e-33 3.25976e-26 6.61073e-20 1.62054e-14 4.80196e-10 1.71998e-06 0.000744694 0.0389743 0.246594 0.193683 0.116589 0.234481 0.0984804 0.0508369 0.0165749 0.00287222 0.000164222 3.16796e-06 1.85611e-08 2.70643e-11 7.73071e-15 3.69362e-19 2.70949e-24 2.87689e-30
 1.18614e-41 1.64629e-33 2.76199e-26 5.60126e-20 1.37308e-14 4.0687e-10 1.45734e-06 0.000630978 0.0330229 0.208953 0.165671 0.118793 0.228865 0.131921 0.0910487 0.0188408 0.00212322 0.000126616 2.32311e-06 1.02979e-08 1.01738e-11 1.99117e-15 6.7502e-20 3.54369e-25 2.68099e-31
 9.46129e-42 1.31316e-33 2.20311e-26 4.46786e-20 1.09524e-14 3.2454e-10 1.16245e-06 0.000503301 0.0263408 0.166696 0.134935 0.131811 0.243964 0.154796 0.109852 0.0277273 0.00324991 0.000122108 1.72435e-06 6.84416e-09 5.37852e-12 7.41555e-16 1.69348e-20 6.03895e-26 3.17094e-32
 1.5007e-41 2.08287e-33 3.49444e-26 7.08666e-20 1.73721e-14 5.14768e-10 1.84381e-06 0.000798308 0.0417803 0.264359 0.207631 0.0987416 0.153295 0.120586 0.0872919 0.0225977 0.00280535 0.00011051 1.19996e-06 3.24988e-09 1.98428e-12 2.18618e-16 3.74808e-21 9.42102e-27 3.37361e-33
 1.05244e-41 1.46071e-33 2.45065e-26 4.96986e-20 1.2183e-14 3.61006e-10 1.29306e-06 0.000559852 0.0293005 0.185472 0.153706 0.170397 0.261364 0.117555 0.06209 0.0173278 0.00214253 8.33749e-05 8.75573e-07 1.97173e-09 8.47261e-13 6.50918e-17 8.25966e-22 1.57368e-27 4.19809e-34
 1.52918e-41 2.12241e-33 3.56077e-26 7.22118e-20 1.77019e-14 5.24539e-10 1.87881e-06 0.000813461 0.0425734 0.269409 0.213684 0.111398 0.1535 0.126965 0.0691491 0.0113771 0.00108743 4.08792e-05 3.99623e-07 8.10397e-10 2.93291e-13 1.71131e-17 1.52558e-22 2.01099e-28 3.79968e-35
 1.08309e-41 1.50325e-33 2.52202e-26 5.1146e-20 1.25378e-14 3.71519e-10 1.33072e-06 0.000576157 0.030154 0.190946 0.162305 0.190638 0.247605 0.111913 0.0528572 0.0120341 0.000947391 2.31374e-05 1.83199e-07 3.22615e-10 9.9231e-14 4.77756e-18 3.37192e-23 3.34257e-29 4.53342e-36
 1.38189e-41 1.91797e-33 3.21779e-26 6.5256e-20 1.59968e-14 4.74013e-10 1.69784e-06 0.000735105 0.0384727 0.243538 0.198195 0.135689 0.172721 0.141062 0.0604759 0.00847285 0.000622539 1.45941e-05 8.13587e-08 1.0138e-10 2.44018e-14 9.46163e-19 5.33716e-24 4.16636e-30 4.3704e-37
 1.50776e-41 2.09267e-33 3.51088e-26 7.12e-20 1.74538e-14 5.17189e-10 1.85249e-06 0.000802063 0.0419772 0.265779 0.219208 0.16122 0.173628 0.0910509 0.0389104 0.0070176 0.000398554 6.7763e-06 3.21081e-08 3.06473e-11 5.10937e-15 1.40156e-19 5.87935e-25 3.50404e-31 2.82153e-38
 1.2233e-41 1.69786e-33 2.84852e-26 5.77673e-20 1.4161e-14 4.19616e-10 1.503e-06 0.000650745 0.0340581 0.215811 0.187968 0.200546 0.211309 0.109614 0.0352613 0.00452307 0.00025331 3.91306e-06 1.35055e-08 9.63127e-12 1.23223e-15 2.46481e-20 7.20852e-26 2.98739e-32 1.70928e-39
 1.48354e-41 2.05906e-33 3.4545e-26 7.00566e-20 1.71736e-14 5.08884e-10 1.82274e-06 0.000789183 0.0413034 0.261627 0.219585 0.16211 0.167612 0.110164 0.0332258 0.00344605 0.000134232 1.6221e-06 4.7784e-09 2.62893e-12 2.41687e-16 3.50576e-21 7.5402e-27 2.27089e-33 9.22294e-41
 1.45381e-41 2.0178e-33 3.38528e-26 6.86527e-20 1.68294e-14 4.98686e-10 1.78621e-06 0.000773369 0.0404762 0.256563 0.22279 0.194099 0.173408 0.0843315 0.0247267 0.00273929 8.99044e-05 7.72521e-07 1.6123e-09 6.80018e-13 4.85619e-17 5.23496e-22 8.06474e-28 1.72627e-34 5.02016e-42
 1.28727e-41 1.78664e-33 2.99746e-26 6.07879e-20 1.49014e-14 4.41557e-10 1.58159e-06 0.000684772 0.03584 0.227423 0.20698 0.215008 0.192504 0.0973144 0.0223027 0.00188468 5.64632e-05 4.23406e-07 6.5601e-10 1.90882e-13 9.59091e-18 7.57525e-23 8.69296e-29 1.37301e-35 2.8896e-43
 1.16502e-41 1.61697e-33 2.7128e-26 5.5015e-20 1.34863e-14 3.99623e-10 1.43139e-06 0.000619742 0.0324373 0.206089 0.195706 0.223887 0.204656 0.110948 0.0238905 0.00172636 3.81732e-05 2.22182e-07 2.82171e-10 6.36094e-14 2.28884e-18 1.24737e-23 9.90578e-30 1.10466e-36 1.67274e-44
 1.14419e-41 1.58806e-33 2.66431e-26 5.40316e-20 1.32452e-14 3.9248e-10 1.4058e-06 0.000608663 0.0318574 0.202382 0.191233 0.216391 0.209238 0.11951 0.0267637 0.00197462 3.99953e-05 1.91068e-07 1.92797e-10 3.59799e-14 1.09744e-18 4.97752e-24 3.17716e-30 2.77085e-37 3.24228e-45
 1.35599e-41 1.88202e-33 3.15748e-26 6.40331e-20 1.5697e-14 4.6513e-10 1.66602e-06 0.000721329 0.0377536 0.239581 0.215245 0.194243 0.18208 0.10425 0.0242312 0.00185519 3.85191e-05 1.79441e-07 1.63043e-10 2.5932e-14 6.68615e-19 2.61654e-24 1.47023e-30 1.13525e-37 1.16734e-45
#spawning biomass
 11158.5 12406.4 16352.8 22728.1 28080.7 34684.7 42012.6 48253.8 54082.8 69748.2 85964.9 99681 135355 172933 168908 146560 133994 126456 132082 119711 128906 135753 149125 155812 169370 169497 154930 134824 104186 232105 303134 312810 283320 241781 201531 167860 141931 122999 109670 100527 94373.7 90290.6 87602.1 85838.2 84691.1 83965.1 83505.6 83214.7 83030.7 82914.2 82840.4 82793.8 82764.2 82745.6 82733.7 82726.2 82721.5 82718.5 82716.6 82715.4 82714.6 82714.2 82713.8 82713.7 82713.5 82713.5 82713.4 82713.4 82713.4 82713.3 82713.3 82713.3 82713.3 82713.3 82713.3 82713.3 82713.3 82713.3 82713.3 82713.3 82713.3 82713.3 82713.3 82713.3 82713.3 82713.3 82713.3 82713.3 82713.3 82713.3 82713.3 82713.3 82713.3 82713.3 82713.3 82713.3 82713.3 82713.3 82713.3 82713.3 82713.3 82713.3 82713.3 82713.3 82713.3 82713.3 82713.3 82713.3 82713.3 82713.3 82713.3 82713.3 82713.3 82713.3 82713.3 82713.3 82713.3 82713.3 82713.3 82713.3 82713.3 82713.3 82713.3 82713.3 82713.3 82713.3 82713.3 82713.3 82713.3 0 0 0 0 0 0 0 0 0 0 0 0 0 0 0 0 0 0 0 0 0 0 0 0 0
