SBPRF35
0.0418769
Curr Bio
1.47887e+06
B35
932310
F35
7.59524e+07
FOFL
7.59524e+07
OFL
2.30476e+06
Bzero
4630.49
#pred survey bio
 28290.2 16578.1 15357.4 16939.3 27002.6 59896.4 93121.2 97136.3 124203 117664 145019 146648 175563 192714 221401 188331 202747 224947 209941 206594 201579 230169 217249 185648 189678 267841 192291 187385 4.26922e+06 221404 25861.8 11857.2 11337.8 11322 11321.6 11321.6 11321.6 11321.6 11321.6 11321.6 11321.6 11321.6 11321.6 11321.6 11321.6 11321.6 11321.6 11321.6 11321.6 11321.6 11321.6 11321.6 11321.6 11321.6 11321.6 11321.6 11321.6 11321.6 11321.6 11321.6 11321.6 11321.6 11321.6 11321.6 11321.6 11321.6 11321.6 11321.6 11321.6 11321.6 11321.6 11321.6 11321.6 11321.6 11321.6 11321.6 11321.6 11321.6 11321.6 11321.6 11321.6 11321.6 11321.6 11321.6 11321.6 11321.6 11321.6 11321.6 11321.6 11321.6 11321.6 11321.6 11321.6 11321.6 11321.6 11321.6 11321.6 11321.6 11321.6 11321.6 11321.6 11321.6 11321.6 11321.6 11321.6 11321.6 11321.6 11321.6 11321.6 11321.6 11321.6 11321.6 11321.6 11321.6 11321.6 11321.6 11321.6 11321.6 11321.6 11321.6 11321.6 11321.6 11321.6 11321.6 11321.6 11321.6 11321.6 11321.6 0 0 0 0 0 0 0 0 0 0 0 0 0 0 0 0 0 0 0 0 0 0 0 0 0
#obs survey bio
 24452.1 20864.1 14897 18946.7 25069.4 60395.8 96679.4 117101 141017 98759.2 128767 141763 157477 166623 236928 192016 157186 280464 209128 190665 206871 201629 234641 154483 177324 311836 168808 210600
#pred catch bio
 30684.4 18669.2 14094.8 8838.77 13268.5 21565.5 38856.1 66424.1 105985 117969 125521 143430 122357 194031 237711 178337 192196 189115 174910 176673 168414 177005 180632 205924 203941 208253 223973 207433 2.30476e+06 6611.8 6611.8 6611.8 6611.8 6611.8 6611.8 6611.8 6611.8 6611.8 6611.8 6611.8 6611.8 6611.8 6611.8 6611.8 6611.8 6611.8 6611.8 6611.8 6611.8 6611.8 6611.8 6611.8 6611.8 6611.8 6611.8 6611.8 6611.8 6611.8 6611.8 6611.8 6611.8 6611.8 6611.8 6611.8 6611.8 6611.8 6611.8 6611.8 6611.8 6611.8 6611.8 6611.8 6611.8 6611.8 6611.8 6611.8 6611.8 6611.8 6611.8 6611.8 6611.8 6611.8 6611.8 6611.8 6611.8 6611.8 6611.8 6611.8 6611.8 6611.8 6611.8 6611.8 6611.8 6611.8 6611.8 6611.8 6611.8 6611.8 6611.8 6611.8 6611.8 6611.8 6611.8 6611.8 6611.8 6611.8 6611.8 6611.8 6611.8 6611.8 6611.8 6611.8 6611.8 6611.8 6611.8 6611.8 6611.8 6611.8 6611.8 6611.8 6611.8 6611.8 6611.8 6611.8 6611.8 6611.8 6611.8 6611.8 0 0 0 0 0 0 0 0 0 0 0 0 0 0 0 0 0 0 0 0 0 0 0 0 0
#obs catch bio
 15111 18660.6 14121.3 9354.01 13111.5 21312 38579.7 66616.9 106172 117334 125201 145805 119079 194018 239438 176570 192013 188456 173896 176582 168082 176164 179466 207559 204480 205064 226444 207057
#pred cpue bio
 29415.5 17658.1 16526.7 17713.7 26994.6 60730.3 93353.3 97784.5 125542 119835 147293 146666 174351 191901 220712 186570 200221 220934 205484 201865 195829 222133 208606 178027 181526 254858 182290 177698 4.04267e+06 240194 26579.4 11267.2 10731.1 10715.2 10714.7 10714.7 10714.7 10714.7 10714.7 10714.7 10714.7 10714.7 10714.7 10714.7 10714.7 10714.7 10714.7 10714.7 10714.7 10714.7 10714.7 10714.7 10714.7 10714.7 10714.7 10714.7 10714.7 10714.7 10714.7 10714.7 10714.7 10714.7 10714.7 10714.7 10714.7 10714.7 10714.7 10714.7 10714.7 10714.7 10714.7 10714.7 10714.7 10714.7 10714.7 10714.7 10714.7 10714.7 10714.7 10714.7 10714.7 10714.7 10714.7 10714.7 10714.7 10714.7 10714.7 10714.7 10714.7 10714.7 10714.7 10714.7 10714.7 10714.7 10714.7 10714.7 10714.7 10714.7 10714.7 10714.7 10714.7 10714.7 10714.7 10714.7 10714.7 10714.7 10714.7 10714.7 10714.7 10714.7 10714.7 10714.7 10714.7 10714.7 10714.7 10714.7 10714.7 10714.7 10714.7 10714.7 10714.7 10714.7 10714.7 10714.7 10714.7 10714.7 10714.7 10714.7 0 0 0 0 0 0 0 0 0 0 0 0 0 0 0 0 0 0 0 0 0 0 0 0 0
#obs cpue bio
 25774.7 19010.4 11512.2 14617.5 30103.4 64217.1 101008 77284.9 116632 134150 172748 142841 213619 223629 210366 180905 260274 184348 208793 220108 187596 265563 200927 204663 182512 252737 194076 157835
#pred surv len freq
 4.80285e-12 5.21303e-10 3.33634e-08 1.25903e-06 2.80154e-05 0.000367599 0.00284506 0.0130071 0.0353868 0.0593799 0.0711666 0.0840636 0.106498 0.11504 0.10545 0.0927244 0.0774491 0.0604557 0.0459438 0.0349917 0.027616 0.0232473 0.0200399 0.015365 0.00893335
 7.13264e-12 7.7418e-10 4.95474e-08 1.86977e-06 4.16052e-05 0.000545911 0.00422498 0.0193125 0.0524943 0.0877111 0.10339 0.11797 0.144312 0.148213 0.121862 0.0893439 0.0566162 0.0285022 0.012264 0.0054441 0.0028719 0.00186838 0.00140156 0.00101877 0.000589182
 4.74033e-12 5.14518e-10 3.29291e-08 1.24265e-06 2.76511e-05 0.000362838 0.00280898 0.01286 0.0352309 0.0610758 0.0820454 0.116365 0.161447 0.171535 0.141769 0.103446 0.0643636 0.0306183 0.011196 0.003397 0.000927936 0.000280656 0.000126284 7.52149e-05 4.10012e-05
 1.31316e-11 1.42531e-09 9.12194e-08 3.44234e-06 7.65963e-05 0.00100498 0.00777552 0.0354878 0.0957169 0.153961 0.154365 0.115153 0.0919717 0.0875586 0.0852304 0.0761176 0.0533554 0.0272518 0.0106088 0.00332103 0.000829624 0.000166851 3.15935e-05 8.34634e-06 3.28214e-06
 1.91084e-11 2.07404e-09 1.32738e-07 5.00912e-06 0.000111459 0.00146238 0.0113139 0.0516241 0.139063 0.222253 0.216001 0.142198 0.0852246 0.0568172 0.0347845 0.0187792 0.0103385 0.00573158 0.00280995 0.0010878 0.00031364 6.75685e-05 1.12209e-05 1.55101e-06 2.34463e-07
 1.73054e-11 1.87833e-09 1.20213e-07 4.53647e-06 0.000100942 0.0013244 0.0102468 0.0467644 0.126099 0.202557 0.201711 0.145925 0.105603 0.0790884 0.0469017 0.0210519 0.0082657 0.00299495 0.000958714 0.000289332 8.5579e-05 2.19821e-05 4.32816e-06 6.23963e-07 6.75626e-08
 1.88448e-11 2.04542e-09 1.30906e-07 4.94e-06 0.000109921 0.0014422 0.0111578 0.050914 0.137175 0.219436 0.214213 0.143605 0.0896985 0.061733 0.0377672 0.0193066 0.00885098 0.00336708 0.000958871 0.00021086 4.00187e-05 7.16856e-06 1.24131e-06 1.90993e-07 2.28833e-08
 1.82293e-11 1.97862e-09 1.26631e-07 4.77868e-06 0.000106331 0.00139511 0.0107937 0.0492557 0.132756 0.21276 0.209557 0.145473 0.0974859 0.0696008 0.0409783 0.0186539 0.00746988 0.0026889 0.000791807 0.00018671 3.54468e-05 5.26896e-06 6.20571e-07 6.33876e-08 6.03666e-09
 1.77416e-11 1.92568e-09 1.23243e-07 4.65081e-06 0.000103486 0.00135778 0.0105049 0.0479404 0.12924 0.207365 0.205372 0.1456 0.101622 0.0745926 0.0443486 0.0202599 0.00803419 0.00275751 0.000726134 0.000143634 2.30222e-05 3.12003e-06 3.47453e-07 3.07239e-08 2.14423e-09
 1.67364e-11 1.81658e-09 1.16261e-07 4.38732e-06 9.76234e-05 0.00128086 0.00991005 0.0452302 0.121999 0.196267 0.196844 0.146115 0.110503 0.0850072 0.0509295 0.0229902 0.00891454 0.00298534 0.000759109 0.000140303 1.99723e-05 2.28974e-06 2.08512e-07 1.50519e-08 8.82354e-10
 1.71461e-11 1.86105e-09 1.19107e-07 4.49472e-06 0.000100013 0.00131222 0.0101525 0.0463346 0.124946 0.200751 0.200134 0.145391 0.106107 0.0802723 0.0485239 0.0226522 0.00919194 0.0031587 0.00080159 0.000144271 1.95584e-05 2.10175e-06 1.75452e-07 1.1083e-08 5.36638e-10
 1.89938e-11 2.06159e-09 1.31941e-07 4.97906e-06 0.00011079 0.0014536 0.0112461 0.051317 0.138265 0.221217 0.216124 0.145309 0.0910981 0.0619984 0.0360527 0.0164111 0.00649644 0.00220863 0.00056532 0.000104585 1.47412e-05 1.62892e-06 1.35875e-07 8.30444e-09 3.76344e-10
 1.96614e-11 2.13406e-09 1.3658e-07 5.15409e-06 0.000114685 0.0015047 0.0116413 0.0531182 0.143088 0.228689 0.22226 0.146262 0.0871683 0.056371 0.0310932 0.0127399 0.00429586 0.00128324 0.00030513 5.31164e-05 6.99418e-06 7.30978e-07 5.94577e-08 3.62723e-09 1.64838e-10
 1.93914e-11 2.10475e-09 1.34704e-07 5.0833e-06 0.00011311 0.00148403 0.0114815 0.0523899 0.141141 0.225691 0.219894 0.146195 0.0892429 0.0589663 0.0329575 0.01377 0.00478734 0.00146367 0.00034907 5.98072e-05 7.63366e-06 7.69972e-07 6.08028e-08 3.62417e-09 1.62034e-10
 1.92446e-11 2.08882e-09 1.33684e-07 5.04482e-06 0.000112253 0.0014728 0.0113946 0.0519944 0.140087 0.224098 0.218778 0.146627 0.0910818 0.0608392 0.0337492 0.0136504 0.00447099 0.00129008 0.00029472 4.79635e-05 5.65435e-06 5.17868e-07 3.73826e-08 2.04925e-09 8.41602e-11
 1.98894e-11 2.15881e-09 1.38163e-07 5.21386e-06 0.000116015 0.00152215 0.0117763 0.0537332 0.144734 0.231232 0.224317 0.146482 0.0856678 0.0543511 0.0294608 0.0116488 0.00367406 0.00101746 0.000223992 3.45402e-05 3.69781e-06 2.95792e-07 1.86317e-08 9.02997e-10 3.26442e-11
 2.02043e-11 2.19298e-09 1.4035e-07 5.29638e-06 0.000117851 0.00154624 0.0119626 0.054582 0.147002 0.234707 0.226985 0.146314 0.0828759 0.0510854 0.0274096 0.0108102 0.00340711 0.000944498 0.000208921 3.26057e-05 3.5721e-06 2.93936e-07 1.87352e-08 8.8646e-10 2.99914e-11
 2.07186e-11 2.2488e-09 1.43923e-07 5.4312e-06 0.000120851 0.0015856 0.012267 0.0559688 0.150709 0.240393 0.231386 0.146155 0.0784915 0.0458653 0.0240044 0.00927196 0.0028261 0.000757223 0.000164331 2.53948e-05 2.75728e-06 2.24811e-07 1.42715e-08 6.78768e-10 2.32485e-11
 2.10289e-11 2.28249e-09 1.46079e-07 5.51255e-06 0.000122661 0.00160934 0.0124507 0.0568057 0.152945 0.243826 0.234047 0.146072 0.0758655 0.042728 0.0219431 0.00832463 0.00245931 0.000636931 0.00013549 2.072e-05 2.2276e-06 1.79456e-07 1.12701e-08 5.32458e-10 1.81849e-11
 2.11751e-11 2.29835e-09 1.47094e-07 5.55088e-06 0.000123514 0.00162053 0.0125372 0.0571999 0.153999 0.245444 0.235308 0.146054 0.0746606 0.0412709 0.020962 0.00784756 0.00226015 0.00056805 0.000118435 1.78514e-05 1.88295e-06 1.47752e-07 9.04628e-09 4.19784e-10 1.41549e-11
 2.16731e-11 2.3524e-09 1.50553e-07 5.68142e-06 0.000126418 0.00165864 0.0128319 0.0585426 0.157587 0.250943 0.239535 0.145803 0.0702685 0.036122 0.0177129 0.0065007 0.00181799 0.000440802 8.95167e-05 1.31982e-05 1.34707e-06 1.00584e-07 5.83917e-09 2.59506e-10 8.4344e-12
 2.22092e-11 2.4106e-09 1.54278e-07 5.82197e-06 0.000129546 0.00169967 0.0131492 0.0599882 0.16145 0.256862 0.244083 0.145527 0.0655306 0.0305722 0.0142168 0.00505846 0.00134933 0.000307863 5.99611e-05 8.64808e-06 8.65412e-07 6.28582e-08 3.5299e-09 1.51703e-10 4.74915e-12
 2.25993e-11 2.45294e-09 1.56988e-07 5.92423e-06 0.000131821 0.00172952 0.0133801 0.0610401 0.16426 0.26117 0.247392 0.145325 0.0620811 0.0265326 0.0116737 0.00401115 0.00101009 0.000211929 3.86654e-05 5.37212e-06 5.19154e-07 3.58809e-08 1.90228e-09 7.79951e-11 2.35683e-12
 2.26945e-11 2.46327e-09 1.57649e-07 5.94918e-06 0.000132376 0.0017368 0.0134365 0.0612967 0.164946 0.262223 0.248214 0.145316 0.0613008 0.0255866 0.0110334 0.00369641 0.000877241 0.000166025 2.75383e-05 3.60252e-06 3.2834e-07 2.0714e-08 9.72126e-10 3.55896e-11 9.85753e-13
 2.28422e-11 2.4793e-09 1.58675e-07 5.9879e-06 0.000133238 0.00174811 0.0135239 0.0616951 0.166011 0.263855 0.24947 0.145246 0.0600045 0.0240632 0.0100669 0.00329001 0.000740595 0.000126121 1.8599e-05 2.24562e-06 1.90446e-07 1.06653e-08 4.10428e-10 1.1829e-11 2.65636e-13
 2.32644e-11 2.52513e-09 1.61608e-07 6.09857e-06 0.0001357 0.00178041 0.0137738 0.0628333 0.169051 0.268507 0.253009 0.144912 0.0560979 0.0195801 0.00737171 0.00232522 0.000515948 8.63378e-05 1.24707e-05 1.48233e-06 1.2383e-07 6.74511e-09 2.45376e-10 6.46333e-12 1.30478e-13
 2.35261e-11 2.55353e-09 1.63425e-07 6.16717e-06 0.000137227 0.00180044 0.0139286 0.0635388 0.170936 0.271391 0.255205 0.144711 0.0536845 0.0168063 0.00569825 0.00171915 0.000369975 5.87217e-05 7.93504e-06 9.05275e-07 7.48135e-08 4.11318e-09 1.53897e-10 4.23256e-12 8.88063e-14
 2.35008e-11 2.55078e-09 1.6325e-07 6.16053e-06 0.000137079 0.0017985 0.0139137 0.0634706 0.170754 0.271114 0.255001 0.144753 0.0539515 0.0170961 0.00584883 0.00174485 0.000356433 4.9113e-05 5.23241e-06 4.85065e-07 3.57507e-08 1.80369e-09 5.91868e-11 1.31592e-12 2.15985e-14
#obs surv len freq
 4.56047e-11 4.22649e-09 2.3096e-07 7.44184e-06 0.000141389 0.00158399 0.0104657 0.0408187 0.0944346 0.132905 0.127763 0.115987 0.121456 0.116408 0.0937203 0.0674193 0.0420187 0.0215579 0.00910563 0.00314573 0.000857246 0.000175387 2.56403e-05 2.57114e-06 1.71626e-07
 3.13563e-11 2.8028e-09 1.47722e-07 4.59082e-06 8.4126e-05 0.000909098 0.00579644 0.0218681 0.0495453 0.0724542 0.087948 0.120218 0.157719 0.160474 0.132336 0.0945098 0.0556371 0.0261196 0.0101055 0.00325348 0.000833057 0.000159962 2.1918e-05 2.05836e-06 1.28284e-07
 1.48765e-11 1.28032e-09 6.49717e-08 1.94411e-06 3.43029e-05 0.000356993 0.00219422 0.00802075 0.0180676 0.0292189 0.0480192 0.0874837 0.136505 0.172997 0.184641 0.154692 0.094392 0.0425978 0.0151595 0.00439793 0.00101692 0.000178422 2.25427e-05 1.9598e-06 1.13192e-07
 2.66264e-10 2.20281e-08 1.07455e-06 3.09076e-05 0.000524191 0.00524205 0.0309103 0.107475 0.22038 0.266712 0.191366 0.0837731 0.0274237 0.0150791 0.0160472 0.0153188 0.0108479 0.00573981 0.00228174 0.00067387 0.000146643 2.33079e-05 2.64797e-06 2.08167e-07 1.09535e-08
 1.84751e-10 1.46701e-08 6.86854e-07 1.8962e-05 0.000308675 0.00296312 0.0167814 0.0562048 0.112721 0.143862 0.145839 0.160249 0.166232 0.119335 0.0533787 0.0156212 0.00406476 0.00150862 0.000640608 0.000212973 4.96478e-05 7.90838e-06 8.50971e-07 6.12248e-08 2.90772e-09
 4.30083e-10 3.27304e-08 1.46872e-06 3.88608e-05 0.000606281 0.00557742 0.0302576 0.0968521 0.183437 0.208633 0.153213 0.094673 0.0715035 0.0612705 0.0478787 0.0295351 0.0125011 0.00335884 0.000578233 7.40954e-05 9.53267e-06 1.27127e-06 1.33463e-07 9.40777e-09 4.25578e-10
 5.30778e-10 3.86614e-08 1.66046e-06 4.20502e-05 0.000627915 0.00552903 0.028717 0.0881116 0.160981 0.182219 0.150454 0.126823 0.112412 0.0784228 0.040129 0.0168883 0.00624973 0.00188905 0.000426372 6.79268e-05 7.40301e-06 5.61946e-07 3.24647e-08 1.55281e-09 5.86158e-11
 7.75343e-10 5.39846e-08 2.21632e-06 5.36517e-05 0.000765821 0.00644597 0.0320035 0.093872 0.164002 0.177758 0.141321 0.116447 0.104185 0.0788988 0.0483104 0.0241454 0.00901032 0.00231076 0.00040885 5.35926e-05 5.50968e-06 4.30956e-07 2.37798e-08 8.82476e-10 2.19633e-11
 1.07592e-09 7.15233e-08 2.80351e-06 6.47955e-05 0.000883046 0.00709663 0.0336463 0.0943204 0.15814 0.167683 0.138594 0.124227 0.112852 0.0818681 0.0472571 0.0225206 0.00824736 0.00214665 0.000392824 5.16102e-05 4.90413e-06 3.33889e-07 1.61383e-08 5.47545e-10 1.2728e-11
 1.23904e-09 7.85517e-08 2.9364e-06 6.47238e-05 0.000841234 0.00644829 0.0291753 0.0782594 0.127252 0.138713 0.135667 0.147583 0.141364 0.101172 0.0567492 0.0257168 0.00865117 0.00199018 0.000311231 3.4775e-05 2.91517e-06 1.82979e-07 8.2442e-09 2.55566e-10 5.30564e-12
 2.48414e-09 1.50036e-07 5.34323e-06 0.000112202 0.00138929 0.0101443 0.0437022 0.111362 0.170038 0.165557 0.128826 0.111698 0.10031 0.0762283 0.0477173 0.0231304 0.00778351 0.00171798 0.000250917 2.5392e-05 1.86057e-06 9.97447e-08 3.84356e-09 1.03976e-10 1.92955e-12
 3.6989e-09 2.12626e-07 7.20687e-06 0.000144034 0.00169741 0.0117969 0.0483859 0.117548 0.17227 0.165697 0.13634 0.124386 0.104144 0.0661787 0.0329734 0.0133472 0.00407466 0.000868164 0.000127606 1.32429e-05 9.79983e-07 5.08557e-08 1.80918e-09 4.35172e-11 7.02211e-13
 5.41663e-09 2.96073e-07 9.54237e-06 0.000181344 0.00203215 0.0134304 0.0523938 0.121194 0.169993 0.159828 0.134337 0.125312 0.104155 0.0661028 0.0332402 0.0132144 0.0037662 0.000711968 8.84992e-05 7.55474e-06 4.69262e-07 2.16922e-08 7.25813e-10 1.67918e-11 2.58908e-13
 7.1355e-09 3.70556e-07 1.13468e-05 0.000204872 0.00218127 0.0136985 0.0508142 0.112141 0.152486 0.147581 0.1401 0.14158 0.116594 0.0712379 0.0342715 0.012938 0.00347222 0.000612728 7.00829e-05 5.3602e-06 2.87194e-07 1.1076e-08 3.05751e-10 5.91817e-12 7.87622e-14
 1.14682e-08 5.65392e-07 1.64359e-05 0.000281729 0.00284763 0.0169776 0.0597891 0.125266 0.161682 0.148399 0.133647 0.129647 0.105449 0.0662216 0.033221 0.0126511 0.00329033 0.000549784 5.87783e-05 4.15606e-06 2.03357e-07 7.06629e-09 1.73016e-10 2.91471e-12 3.31255e-14
 1.65902e-08 7.75951e-07 2.13996e-05 0.000347995 0.00333709 0.0188781 0.0631227 0.12597 0.157136 0.146186 0.139761 0.136644 0.105684 0.0615264 0.0284284 0.0100582 0.00246246 0.000392359 4.05771e-05 2.81233e-06 1.35277e-07 4.5577e-09 1.0566e-10 1.64719e-12 1.70165e-14
 2.47511e-08 1.0976e-06 2.87e-05 0.000442505 0.00402337 0.0215825 0.068465 0.129937 0.155778 0.143715 0.139472 0.135026 0.102581 0.059543 0.0274213 0.00943237 0.00219121 0.000326328 3.12142e-05 1.98692e-06 8.78502e-08 2.75062e-09 6.01477e-11 8.93537e-13 8.81031e-15
 4.03018e-08 1.69363e-06 4.19666e-05 0.000613174 0.00528327 0.0268573 0.0807383 0.145202 0.164873 0.143762 0.131876 0.122152 0.090882 0.0528852 0.0243992 0.00825573 0.0018734 0.000275909 2.67724e-05 1.76846e-06 8.10077e-08 2.54879e-09 5.38423e-11 7.50773e-13 6.85705e-15
 5.48581e-08 2.18374e-06 5.12566e-05 0.000709418 0.00579053 0.0278937 0.0795778 0.136776 0.152909 0.141693 0.141989 0.132603 0.0948684 0.0525735 0.0231204 0.00750927 0.00166267 0.000245489 2.46497e-05 1.7205e-06 8.32326e-08 2.72746e-09 5.91521e-11 8.36445e-13 7.63585e-15
 8.19535e-08 3.08924e-06 6.86635e-05 0.000899923 0.0069561 0.0317376 0.0858313 0.14039 0.151679 0.140438 0.141288 0.129482 0.0912067 0.0502247 0.0215936 0.00664571 0.0013575 0.000181147 1.62626e-05 1.02511e-06 4.6262e-08 1.4698e-09 3.17967e-11 4.54558e-13 4.20052e-15
 1.27943e-07 4.56586e-06 9.60771e-05 0.00119213 0.00872412 0.0376894 0.0965645 0.150002 0.155317 0.140205 0.137378 0.121228 0.0825276 0.0441468 0.0183212 0.00539886 0.0010559 0.000135736 1.17836e-05 7.11903e-07 3.01234e-08 8.78317e-10 1.72921e-11 2.26484e-13 1.94921e-15
 1.92182e-07 6.49198e-06 0.000129311 0.00151882 0.0105218 0.0430414 0.104545 0.154787 0.155809 0.14143 0.137926 0.116924 0.0754225 0.038076 0.0148749 0.00412508 0.000761382 9.28709e-05 7.70028e-06 4.46375e-07 1.8127e-08 5.05063e-10 9.42482e-12 1.15696e-13 9.22014e-16
 2.6708e-07 8.5396e-06 0.000161001 0.00178995 0.0117388 0.0454843 0.104927 0.149321 0.15059 0.145085 0.145609 0.119843 0.0735643 0.0350951 0.0128479 0.00330728 0.000560623 6.19953e-05 4.606e-06 2.3878e-07 8.76909e-09 2.24698e-10 3.90858e-12 4.50557e-14 3.37899e-16
 3.87462e-07 1.17262e-05 0.000209256 0.00220208 0.0136707 0.0501632 0.109793 0.149429 0.147832 0.143769 0.14355 0.116566 0.0718875 0.0346864 0.0125546 0.00311531 0.000503112 5.28641e-05 3.72291e-06 1.81226e-07 6.14623e-09 1.43041e-10 2.23778e-12 2.31711e-14 1.5694e-16
 5.61307e-07 1.60798e-05 0.000271619 0.00270572 0.0159022 0.0552714 0.114867 0.149966 0.14665 0.144598 0.142753 0.112663 0.0678842 0.0320336 0.0112435 0.00269923 0.000426173 4.46128e-05 3.17913e-06 1.56417e-07 5.26164e-09 1.18466e-10 1.75428e-12 1.69042e-14 1.05149e-16
 8.42303e-07 2.28425e-05 0.000365274 0.00344466 0.019168 0.0631096 0.124523 0.155762 0.149479 0.146425 0.139552 0.103869 0.0583793 0.0255256 0.00826594 0.00182057 0.000261216 2.45882e-05 1.57177e-06 7.03791e-08 2.21318e-09 4.77675e-11 6.87576e-13 6.45006e-15 3.87725e-17
 1.06088e-06 2.72387e-05 0.000412399 0.00368248 0.0194109 0.0606563 0.114582 0.141998 0.146288 0.15755 0.152281 0.10978 0.0592406 0.0247281 0.00757026 0.00156346 0.000209068 1.82075e-05 1.06542e-06 4.31304e-08 1.21497e-09 2.34408e-11 3.03298e-13 2.58742e-15 1.43513e-17
 1.55932e-06 3.79104e-05 0.000543493 0.00459551 0.0229408 0.067927 0.121861 0.14459 0.144947 0.152698 0.14452 0.104305 0.0576746 0.0244002 0.00731778 0.00144322 0.000182135 1.48971e-05 8.15611e-07 3.07172e-08 7.98602e-10 1.40937e-11 1.65385e-13 1.27067e-15 6.3202e-18
#pred catch len freq
 6.59415e-12 7.15732e-10 4.58068e-08 1.72861e-06 3.84641e-05 0.000504694 0.0039059 0.0178519 0.0484963 0.0808064 0.0942232 0.105124 0.126254 0.127979 0.104172 0.0791192 0.0589491 0.0421234 0.0299889 0.0220004 0.0170594 0.0142628 0.0122698 0.00940296 0.0054664
 8.24311e-12 8.9471e-10 5.72613e-08 2.16087e-06 4.80825e-05 0.000630897 0.00488254 0.0223141 0.0605973 0.1008 0.116745 0.128275 0.151347 0.148904 0.11248 0.0736449 0.0428937 0.0203226 0.00816587 0.00338321 0.00171154 0.00109604 0.000818787 0.000594661 0.000343856
 5.23745e-12 5.68475e-10 3.63823e-08 1.37296e-06 3.05508e-05 0.000400886 0.00310346 0.0142064 0.0388954 0.0672352 0.0894488 0.124901 0.170579 0.175816 0.135865 0.0906993 0.0529068 0.0240907 0.0084094 0.00242814 0.000636623 0.000186743 8.26909e-05 4.90659e-05 2.67332e-05
 1.34551e-11 1.46042e-09 9.34666e-08 3.52714e-06 7.84833e-05 0.00102974 0.00796711 0.036363 0.0980885 0.157864 0.158681 0.11933 0.0958373 0.08905 0.082169 0.0699225 0.0475699 0.0236435 0.00889294 0.00269082 0.000655889 0.000129651 2.41927e-05 6.3242e-06 2.47893e-06
 1.90344e-11 2.066e-09 1.32223e-07 4.9897e-06 0.000111027 0.00145671 0.01127 0.051425 0.138538 0.221501 0.215685 0.143103 0.0872441 0.0586492 0.0352764 0.0180953 0.00929612 0.00486937 0.00229683 0.000868486 0.000246734 5.25592e-05 8.64937e-06 1.18724e-06 1.78531e-07
 1.69862e-11 1.84369e-09 1.17996e-07 4.45281e-06 9.90805e-05 0.00129998 0.0100579 0.0459041 0.123803 0.199065 0.199151 0.146497 0.109047 0.0828186 0.0488402 0.0213674 0.00804145 0.0027986 0.000861994 0.000249206 7.13632e-05 1.80457e-05 3.52869e-06 5.06853e-07 5.47472e-08
 1.86886e-11 2.02847e-09 1.29822e-07 4.89907e-06 0.00010901 0.00143025 0.0110655 0.0504934 0.136055 0.217754 0.213089 0.144236 0.0919183 0.0639079 0.0385545 0.0189538 0.00829885 0.00305924 0.000849284 0.000180737 3.30338e-05 5.73921e-06 9.7552e-07 1.48799e-07 1.77675e-08
 1.83192e-11 1.98837e-09 1.27255e-07 4.80222e-06 0.000106855 0.00140198 0.0108468 0.0494984 0.13341 0.213809 0.210588 0.146169 0.0978247 0.0694311 0.040098 0.0173853 0.00646096 0.00218366 0.000614075 0.000138656 2.53681e-05 3.67706e-06 4.25362e-07 4.28173e-08 4.03817e-09
 1.80503e-11 1.95919e-09 1.25388e-07 4.73175e-06 0.000105287 0.00138141 0.0106877 0.0487736 0.131474 0.210848 0.208344 0.146409 0.100366 0.0723617 0.0418965 0.0180416 0.00655639 0.0021016 0.000530312 0.000100576 1.53539e-05 1.99739e-06 2.16799e-07 1.88834e-08 1.30572e-09
 1.72225e-11 1.86934e-09 1.19637e-07 4.51475e-06 0.000100459 0.00131806 0.0101978 0.0465417 0.125512 0.201723 0.201392 0.14703 0.107979 0.0811302 0.0472172 0.0199991 0.00703653 0.00218051 0.000530003 9.41203e-05 1.27746e-05 1.40151e-06 1.23814e-07 8.75851e-09 5.06173e-10
 1.75147e-11 1.90105e-09 1.21667e-07 4.59133e-06 0.000102163 0.00134042 0.0103707 0.047329 0.127612 0.204909 0.203682 0.146363 0.104614 0.0776048 0.0455737 0.0199779 0.00742282 0.00239161 0.000585346 0.000101886 1.3236e-05 1.3642e-06 1.10604e-07 6.85552e-09 3.27358e-10
 1.93963e-11 2.10528e-09 1.34738e-07 5.08459e-06 0.000113138 0.00148441 0.0114844 0.052403 0.141174 0.225729 0.219858 0.14598 0.0888757 0.058702 0.0330191 0.0140594 0.00504905 0.00159255 0.000390374 6.94752e-05 9.35504e-06 9.92128e-07 8.05388e-08 4.83668e-09 2.1626e-10
 1.9742e-11 2.1428e-09 1.37139e-07 5.1752e-06 0.000115154 0.00151086 0.011689 0.0533356 0.143672 0.229605 0.223073 0.146579 0.0870015 0.0558915 0.0303983 0.0120026 0.00377837 0.00105503 0.000240674 4.0544e-05 5.13494e-06 5.16324e-07 4.08602e-08 2.44933e-09 1.09928e-10
 1.97602e-11 2.14478e-09 1.37266e-07 5.17998e-06 0.000115261 0.00151226 0.0116998 0.0533848 0.143803 0.229804 0.223217 0.14654 0.0867954 0.0556751 0.0302975 0.0120003 0.00379911 0.00106403 0.0002412 3.98156e-05 4.8623e-06 4.68319e-07 3.57467e-08 2.08545e-09 9.18624e-11
 1.96969e-11 2.13791e-09 1.36826e-07 5.16338e-06 0.000114892 0.00150741 0.0116623 0.0532142 0.143349 0.229127 0.222781 0.146851 0.0877769 0.056605 0.0305791 0.0117676 0.00350821 0.000918328 0.000198078 3.10795e-05 3.51524e-06 3.06818e-07 2.12928e-08 1.13815e-09 4.59568e-11
 2.01759e-11 2.1899e-09 1.40153e-07 5.28895e-06 0.000117686 0.00154407 0.0119458 0.0545058 0.146801 0.234419 0.226863 0.146655 0.0836221 0.0516988 0.0274349 0.0104079 0.00302528 0.000766528 0.000160092 2.39662e-05 2.48537e-06 1.90438e-07 1.14973e-08 5.41019e-10 1.91912e-11
 2.04786e-11 2.22276e-09 1.42256e-07 5.36831e-06 0.000119451 0.00156724 0.012125 0.0553221 0.148982 0.237759 0.229421 0.146469 0.080901 0.0485353 0.025475 0.00963733 0.00279847 0.00070933 0.000148709 2.24958e-05 2.38259e-06 1.8777e-07 1.15046e-08 5.30412e-10 1.76528e-11
 2.08945e-11 2.2679e-09 1.45145e-07 5.47732e-06 0.000121877 0.00159906 0.0123711 0.0564433 0.151978 0.242352 0.232957 0.146279 0.077262 0.0442539 0.022752 0.00848439 0.00240574 0.000592875 0.000122121 1.83113e-05 1.92562e-06 1.50669e-07 9.20421e-09 4.26692e-10 1.43798e-11
 2.11832e-11 2.29924e-09 1.47151e-07 5.55301e-06 0.000123561 0.00162115 0.012542 0.0572219 0.154059 0.245543 0.235418 0.146162 0.0747595 0.0412967 0.0208532 0.0076601 0.002113 0.000503003 0.000101277 1.50115e-05 1.56352e-06 1.20913e-07 7.30463e-09 3.36194e-10 1.12935e-11
 2.13389e-11 2.31613e-09 1.48232e-07 5.59382e-06 0.000124469 0.00163307 0.0126341 0.0576417 0.155181 0.247264 0.236751 0.146114 0.0734319 0.0397163 0.0198227 0.00719504 0.00193753 0.000446423 8.77585e-05 1.2805e-05 1.30926e-06 9.86412e-08 5.80122e-09 2.61796e-10 8.67446e-12
 2.18018e-11 2.36638e-09 1.51448e-07 5.71517e-06 0.000127169 0.00166849 0.0129081 0.0588899 0.158516 0.252372 0.240665 0.145841 0.0692879 0.0348904 0.0168219 0.00600181 0.0015765 0.000350894 6.70846e-05 9.57769e-06 9.50025e-07 6.82652e-08 3.80332e-09 1.63999e-10 5.2307e-12
 2.22877e-11 2.41911e-09 1.54823e-07 5.84253e-06 0.000130003 0.00170567 0.0131957 0.0601998 0.162015 0.257733 0.244772 0.14555 0.0649337 0.0298222 0.0136739 0.00475416 0.00120193 0.000253019 4.6316e-05 6.46167e-06 6.29248e-07 4.40858e-08 2.37872e-09 9.91873e-11 3.04736e-12
 2.26849e-11 2.46222e-09 1.57582e-07 5.94665e-06 0.00013232 0.00173607 0.0134308 0.0612707 0.164877 0.262116 0.248129 0.145313 0.0613739 0.0256786 0.0111001 0.00373402 0.000895621 0.000172979 2.93374e-05 3.91722e-06 3.68167e-07 2.45687e-08 1.24928e-09 4.95058e-11 1.46417e-12
 2.28586e-11 2.48108e-09 1.58789e-07 5.9922e-06 0.000133333 0.00174936 0.0135336 0.0617392 0.166129 0.264035 0.249605 0.145228 0.0598458 0.0238847 0.00996458 0.00325941 0.000737737 0.000127288 1.91301e-05 2.36314e-06 2.08678e-07 1.2733e-08 5.71465e-10 2.00259e-11 5.38285e-13
 2.29807e-11 2.49433e-09 1.59637e-07 6.0242e-06 0.000134046 0.00175871 0.0136059 0.0620684 0.167008 0.265382 0.250639 0.145159 0.0587571 0.0226146 0.00917157 0.00294038 0.000639021 0.000100691 1.34232e-05 1.51615e-06 1.2465e-07 6.82534e-09 2.54311e-10 7.01023e-12 1.51014e-13
 2.33059e-11 2.52963e-09 1.61896e-07 6.10945e-06 0.000135943 0.00178359 0.0137983 0.0629453 0.16935 0.268966 0.253362 0.144893 0.0557334 0.0191518 0.00709995 0.00221094 0.000477575 7.52045e-05 1.00248e-05 1.12949e-06 9.20859e-08 4.93463e-09 1.75331e-10 4.4553e-12 8.65951e-14
 2.3613e-11 2.56297e-09 1.64029e-07 6.18996e-06 0.000137734 0.00180709 0.0139801 0.0637732 0.171562 0.27235 0.255936 0.14465 0.0528909 0.01589 0.00513949 0.0015097 0.00031468 4.65243e-05 5.65164e-06 5.94538e-07 4.7257e-08 2.53615e-09 9.19825e-11 2.42225e-12 4.87385e-14
 2.35819e-11 2.55959e-09 1.63813e-07 6.18181e-06 0.000137552 0.00180471 0.0139617 0.0636894 0.171338 0.272008 0.255681 0.144689 0.0532007 0.0162344 0.00533068 0.00155925 0.000313135 4.14224e-05 4.04878e-06 3.39686e-07 2.35898e-08 1.15891e-09 3.72782e-11 8.04328e-13 1.2643e-14
#obs catch len freq
 4.74553e-11 4.39799e-09 2.40332e-07 7.74382e-06 0.000147126 0.00164825 0.0108899 0.0424655 0.0981496 0.137452 0.129337 0.111668 0.113322 0.110619 0.0934796 0.0699754 0.044033 0.0225665 0.00965169 0.00341507 0.00094631 0.000194455 2.84802e-05 2.88108e-06 1.9572e-07
 6.27624e-11 5.61005e-09 2.9568e-07 9.1889e-06 0.000168382 0.00181943 0.0115949 0.0436258 0.0974505 0.133003 0.126171 0.116383 0.122674 0.116134 0.0925024 0.0658069 0.0403067 0.0202662 0.00836877 0.00281034 0.00073857 0.000144517 2.0056e-05 1.8975e-06 1.18907e-07
 4.42744e-11 3.81041e-09 1.93364e-07 5.78591e-06 0.000102086 0.0010622 0.0065216 0.0237031 0.0518591 0.0740039 0.0899556 0.123725 0.159685 0.159272 0.129591 0.0911036 0.0524792 0.0241028 0.00912049 0.00285454 0.000704217 0.000129182 1.67859e-05 1.48578e-06 8.6849e-08
 2.15693e-11 1.78443e-09 8.70466e-08 2.50378e-06 4.24674e-05 0.000424865 0.0025109 0.0088346 0.0192544 0.0306836 0.0507578 0.091761 0.140545 0.175497 0.183884 0.149838 0.0886886 0.038947 0.013512 0.00380661 0.000848163 0.000142172 1.70275e-05 1.39432e-06 7.54782e-08
 3.83439e-10 3.04467e-08 1.42552e-06 3.93542e-05 0.000640614 0.00614879 0.0347994 0.116134 0.228568 0.265538 0.183007 0.0772974 0.0251928 0.0146607 0.0156555 0.0145379 0.00998952 0.0051247 0.00196876 0.000559757 0.000116798 1.77063e-05 1.90644e-06 1.41166e-07 6.96063e-09
 2.74486e-10 2.08891e-08 9.37359e-07 2.48017e-05 0.000386948 0.00356011 0.0193254 0.0620586 0.119522 0.147524 0.147361 0.160441 0.161488 0.111248 0.0477535 0.0135842 0.00357811 0.00135577 0.000562145 0.00017902 3.97261e-05 5.99896e-06 6.09549e-07 4.12445e-08 1.8348e-09
 6.39199e-10 4.65587e-08 1.99964e-06 5.06397e-05 0.000756169 0.00665802 0.0345715 0.105924 0.192095 0.209547 0.148705 0.0906585 0.0683541 0.0579237 0.0443455 0.0264386 0.0107067 0.00274504 0.000453597 5.68659e-05 7.24303e-06 9.32839e-07 9.25739e-08 6.12098e-09 2.58828e-10
 7.99466e-10 5.56642e-08 2.28528e-06 5.5321e-05 0.000789649 0.00664657 0.0330005 0.0968124 0.169282 0.184209 0.148385 0.123696 0.106905 0.0720817 0.0359179 0.0148586 0.00538225 0.00157579 0.000341883 5.20756e-05 5.41354e-06 3.92765e-07 2.17494e-08 9.91461e-10 3.52352e-11
 1.18048e-09 7.84741e-08 3.07596e-06 7.10924e-05 0.000968856 0.00778602 0.0369093 0.103388 0.172655 0.179643 0.139043 0.113088 0.0988763 0.0729028 0.0436399 0.0211932 0.0076033 0.00186774 0.000317574 4.01749e-05 3.97545e-06 2.96705e-07 1.55073e-08 5.42997e-10 1.27239e-11
 1.66936e-09 1.05833e-07 3.95621e-06 8.7202e-05 0.00113336 0.00868655 0.0392788 0.105036 0.168153 0.170958 0.137055 0.11989 0.105427 0.0741814 0.0418275 0.0193922 0.00684041 0.00170752 0.000299682 3.77391e-05 3.42761e-06 2.22288e-07 1.01988e-08 3.27091e-10 7.15426e-12
 1.96325e-09 1.18576e-07 4.22284e-06 8.86752e-05 0.00109801 0.00801843 0.034566 0.088373 0.137194 0.143706 0.136598 0.144036 0.132844 0.0920635 0.0503406 0.0221087 0.00713195 0.00156683 0.000234455 2.51467e-05 2.02184e-06 1.21051e-07 5.16992e-09 1.51189e-10 2.95049e-12
 3.90765e-09 2.24625e-07 7.61358e-06 0.000152163 0.00179318 0.0124618 0.0510984 0.123955 0.180335 0.167913 0.126185 0.106281 0.0925112 0.0684528 0.0416802 0.0194302 0.00623297 0.00130901 0.00018233 1.76463e-05 1.23652e-06 6.3179e-08 2.30995e-09 5.90354e-11 1.03078e-12
 5.86024e-09 3.20321e-07 1.03239e-05 0.000196196 0.00219856 0.0145296 0.0566704 0.130949 0.182725 0.167995 0.133151 0.116987 0.0939929 0.0576899 0.027973 0.0109674 0.00321031 0.000653023 9.16744e-05 9.08733e-06 6.40552e-07 3.1535e-08 1.0606e-09 2.40518e-11 3.64919e-13
 8.68031e-09 4.50781e-07 1.38033e-05 0.000249224 0.0026534 0.016661 0.0617555 0.135751 0.181095 0.162382 0.130721 0.116713 0.0929651 0.0570336 0.0278546 0.0106662 0.00289774 0.000520168 6.15023e-05 5.01315e-06 2.97786e-07 1.31184e-08 4.15789e-10 9.06368e-12 1.31172e-13
 1.16325e-08 5.73493e-07 1.66714e-05 0.000285765 0.00288844 0.017221 0.0606496 0.127102 0.16425 0.151386 0.137033 0.131887 0.103868 0.0612879 0.0285978 0.010381 0.00265117 0.000443395 4.8109e-05 3.50058e-06 1.78721e-07 6.55694e-09 1.71539e-10 3.13453e-12 3.92405e-14
 1.87168e-08 8.75417e-07 2.41427e-05 0.000392601 0.00376472 0.0212939 0.0711455 0.141434 0.173268 0.151019 0.129113 0.119086 0.0928173 0.0564082 0.0273719 0.00997062 0.00245859 0.000388465 3.93279e-05 2.641e-06 1.22931e-07 4.05704e-09 9.39912e-11 1.49269e-12 1.59448e-14
 2.7312e-08 1.21117e-06 3.16695e-05 0.000488287 0.00443953 0.023812 0.0754919 0.142846 0.168918 0.148746 0.134265 0.124326 0.0919156 0.0516902 0.0230927 0.00781857 0.00181553 0.000273667 2.68133e-05 1.76475e-06 8.06324e-08 2.5736e-09 5.63112e-11 8.26005e-13 8.01007e-15
 4.06946e-08 1.71014e-06 4.23756e-05 0.000619152 0.00533478 0.0271193 0.0815285 0.146645 0.166617 0.145521 0.133463 0.122556 0.0891655 0.0500278 0.0222204 0.00728921 0.00160217 0.000225329 2.03904e-05 1.23152e-06 5.17267e-08 1.53529e-09 3.16976e-11 4.42931e-13 4.09591e-15
 6.55482e-08 2.60928e-06 6.12447e-05 0.000847646 0.0069183 0.0333143 0.0948718 0.16165 0.173942 0.143696 0.124785 0.109848 0.0784419 0.0441467 0.0196003 0.0063122 0.00135513 0.000188737 1.73543e-05 1.08763e-06 4.71944e-08 1.40175e-09 2.78629e-11 3.64739e-13 3.1217e-15
 9.10518e-08 3.43219e-06 7.6286e-05 0.000999818 0.00772788 0.0352507 0.0952234 0.154902 0.163517 0.142114 0.133276 0.11771 0.0806954 0.043207 0.0182756 0.00565213 0.00118587 0.000165961 1.58179e-05 1.04714e-06 4.78863e-08 1.47776e-09 3.00939e-11 3.9871e-13 3.40369e-15
 1.36176e-07 4.85968e-06 0.00010226 0.00126884 0.00928512 0.0401059 0.102668 0.158838 0.161738 0.139897 0.131391 0.113935 0.0769927 0.0409137 0.0168557 0.00492219 0.000950137 0.000119943 1.02181e-05 6.12101e-07 2.61904e-08 7.85296e-10 1.59618e-11 2.13661e-13 1.84393e-15
 2.12001e-07 7.16147e-06 0.000142646 0.00167541 0.0116058 0.047458 0.115066 0.168942 0.164451 0.137899 0.125575 0.10475 0.0684126 0.0352784 0.0140056 0.00391259 0.000723105 8.79411e-05 7.23793e-06 4.14592e-07 1.65884e-08 4.55726e-10 8.42809e-12 1.03427e-13 8.31959e-16
 3.20332e-07 1.02422e-05 0.0001931 0.00214675 0.0140763 0.0544962 0.125217 0.174968 0.164653 0.137243 0.123364 0.0985797 0.0609193 0.0296055 0.0110523 0.00290431 0.00050653 5.84593e-05 4.59532e-06 2.52455e-07 9.68579e-09 2.53983e-10 4.44609e-12 5.10688e-14 3.79968e-16
 4.47776e-07 1.35515e-05 0.000241829 0.00254478 0.015796 0.0579216 0.12636 0.16946 0.158997 0.139938 0.129579 0.100647 0.0591672 0.027136 0.00947828 0.00230857 0.000369205 3.85701e-05 2.71426e-06 1.33393e-07 4.63322e-09 1.11833e-10 1.82548e-12 1.96863e-14 1.37775e-16
 6.48321e-07 1.85725e-05 0.000313723 0.00312501 0.0183631 0.0637669 0.13196 0.169078 0.155145 0.137538 0.126966 0.0975745 0.0577134 0.0267199 0.00919825 0.00215565 0.000328219 3.25656e-05 2.17011e-06 9.9967e-08 3.20035e-09 7.00662e-11 1.02808e-12 9.95986e-15 6.29737e-17
 9.54208e-07 2.58772e-05 0.000413797 0.00390207 0.0217084 0.0713967 0.140169 0.171571 0.153607 0.135686 0.122918 0.0916783 0.0529283 0.0239161 0.00797221 0.00180775 0.000269415 2.6663e-05 1.79756e-06 8.3527e-08 2.64487e-09 5.58808e-11 7.74694e-13 6.97497e-15 4.04639e-17
 1.42492e-06 3.65857e-05 0.000553897 0.0049453 0.0260507 0.081159 0.151196 0.176864 0.154329 0.134622 0.117567 0.0826138 0.0444226 0.018572 0.00570511 0.00118543 0.000160339 1.42565e-05 8.62599e-07 3.65432e-08 1.08376e-09 2.19701e-11 2.96003e-13 2.59208e-15 1.45143e-17
 1.8379e-06 4.46832e-05 0.000640578 0.00541599 0.0270269 0.0798899 0.142222 0.163585 0.150968 0.144369 0.128548 0.0876586 0.0452271 0.0180202 0.00522549 0.00101716 0.000128112 1.0527e-05 5.82223e-07 2.22711e-08 5.91268e-10 1.0715e-11 1.29838e-13 1.03471e-15 5.34912e-18
#spawning biomass
 54071 49461.9 43025.4 62138.2 159301 336939 555110 570461 713033 645990 807198 895430 1.12094e+06 1.2119e+06 1.38706e+06 1.22022e+06 1.33452e+06 1.52176e+06 1.44455e+06 1.43335e+06 1.43643e+06 1.68908e+06 1.62947e+06 1.40058e+06 1.44318e+06 2.08559e+06 1.51938e+06 1.47887e+06 1.47312e+06 4187.69 4187.69 4187.69 4187.69 4187.69 4187.69 4187.69 4187.69 4187.69 4187.69 4187.69 4187.69 4187.69 4187.69 4187.69 4187.69 4187.69 4187.69 4187.69 4187.69 4187.69 4187.69 4187.69 4187.69 4187.69 4187.69 4187.69 4187.69 4187.69 4187.69 4187.69 4187.69 4187.69 4187.69 4187.69 4187.69 4187.69 4187.69 4187.69 4187.69 4187.69 4187.69 4187.69 4187.69 4187.69 4187.69 4187.69 4187.69 4187.69 4187.69 4187.69 4187.69 4187.69 4187.69 4187.69 4187.69 4187.69 4187.69 4187.69 4187.69 4187.69 4187.69 4187.69 4187.69 4187.69 4187.69 4187.69 4187.69 4187.69 4187.69 4187.69 4187.69 4187.69 4187.69 4187.69 4187.69 4187.69 4187.69 4187.69 4187.69 4187.69 4187.69 4187.69 4187.69 4187.69 4187.69 4187.69 4187.69 4187.69 4187.69 4187.69 4187.69 4187.69 4187.69 4187.69 4187.69 4187.69 4187.69 4187.69 0 0 0 0 0 0 0 0 0 0 0 0 0 0 0 0 0 0 0 0 0 0 0 0 0
