SBPRF35
0.227462
Curr Bio
200135
B35
201752
F35
0.420773
FOFL
0.367536
OFL
63662.7
Bzero
64989.1
#pred survey bio
 28542.2 23993.6 17556.5 14933.5 23370.8 38320.3 52159.9 62701.5 86432.4 110102 149470 196905 236894 249969 266977 247933 252569 221164 213295 214901 234872 236405 243922 269593 291194 295423 308526 319344 289443 9.33189e+06 4.94108e+06 3.42134e+06 2.24471e+06 1.52003e+06 1.11799e+06 905900 796067 739017 708842 692431 683210 677856 674653 672687 671455 670676 670178 669858 669650 669515 669426 669369 669331 669306 669290 669279 669272 669268 669265 669263 669261 669261 669260 669260 669259 669259 669259 669259 669259 669259 669259 669259 669259 669259 669259 669259 669259 669259 669259 669259 669259 669259 669259 669259 669259 669259 669259 669259 669259 669259 669259 669259 669259 669259 669259 669259 669259 669259 669259 669259 669259 669259 669259 669259 669259 669259 669259 669259 669259 669259 669259 669259 669259 669259 669259 669259 669259 669259 669259 669259 669259 669259 669259 669259 669259 669259 669259 669259 669259 0 0 0 0 0 0 0 0 0 0 0 0 0 0 0 0 0 0 0 0 0 0 0 0 0
#obs survey bio
 25104.8 17231.9 8084.35 17421.9 24648.8 38840.6 51953.3 68418.4 62201 116625 171661 191211 329552 314725 246630 263591 208924 262382 219117 170366 267831 216927 243969 240381 271329 347985 253037 347854 215709
#pred catch bio
 4373.95 4420.11 3501.01 2853.52 4240.35 7630.46 13164.1 13812.2 23966.3 30383 47612.1 74924.2 100165 91463 116161 97281.8 114252 89293.3 81397.8 76599.6 93601.5 91940.1 89989.9 101742 114177 104223 107988 138342 131806 63662.7 64614.4 43147.9 27052 17560.3 12577 10133.1 8984.8 8460.08 8224.7 8120.43 8074.63 8054.63 8045.93 8042.16 8040.53 8039.82 8039.52 8039.39 8039.33 8039.31 8039.3 8039.29 8039.29 8039.29 8039.29 8039.29 8039.29 8039.29 8039.29 8039.29 8039.29 8039.29 8039.29 8039.29 8039.29 8039.29 8039.29 8039.29 8039.29 8039.29 8039.29 8039.29 8039.29 8039.29 8039.29 8039.29 8039.29 8039.29 8039.29 8039.29 8039.29 8039.29 8039.29 8039.29 8039.29 8039.29 8039.29 8039.29 8039.29 8039.29 8039.29 8039.29 8039.29 8039.29 8039.29 8039.29 8039.29 8039.29 8039.29 8039.29 8039.29 8039.29 8039.29 8039.29 8039.29 8039.29 8039.29 8039.29 8039.29 8039.29 8039.29 8039.29 8039.29 8039.29 8039.29 8039.29 8039.29 8039.29 8039.29 8039.29 8039.29 8039.29 8039.29 8039.29 8039.29 8039.29 8039.29 8039.29 8039.29 0 0 0 0 0 0 0 0 0 0 0 0 0 0 0 0 0 0 0 0 0 0 0 0 0
#obs catch bio
 3408.8 4609.13 3856.96 2986.82 4246.96 7435.4 12760.2 13175.8 23707.5 29296.6 46405.5 74180.6 98748.2 89013.3 123790 98487.6 118449 88946.7 81127.1 75816.4 91059.1 90536 86855.6 100133 116839 99670.1 104194 136953 132216
#pred cpue bio
 27631.1 23636.3 17384.5 14239 21078.9 35315.4 48923.4 58728.9 79988.4 102197 137659 180931 217364 230802 249134 230301 234789 206212 198831 200303 217980 219790 226532 249521 270097 275035 288540 298558 269347 8.63068e+06 4.88813e+06 3.389e+06 2.21287e+06 1.4882e+06 1.08616e+06 874072 764239 707189 677014 660603 651382 646028 642825 640859 639627 638848 638351 638030 637822 637687 637598 637541 637503 637478 637462 637451 637444 637440 637437 637435 637433 637433 637432 637432 637431 637431 637431 637431 637431 637431 637431 637431 637431 637431 637431 637431 637431 637431 637431 637431 637431 637431 637431 637431 637431 637431 637431 637431 637431 637431 637431 637431 637431 637431 637431 637431 637431 637431 637431 637431 637431 637431 637431 637431 637431 637431 637431 637431 637431 637431 637431 637431 637431 637431 637431 637431 637431 637431 637431 637431 637431 637431 637431 637431 637431 637431 637431 637431 637431 0 0 0 0 0 0 0 0 0 0 0 0 0 0 0 0 0 0 0 0 0 0 0 0 0
#obs cpue bio
 22167.9 18326 11981 19875.8 33632.6 57293.5 59903.3 64704.4 91372.5 123870 120288 179401 178963 190278 161356 228986 255802 192745 194905 258184 254696 229290 284886 271997 228159 384558 360631 273950 328258
#pred surv len freq
 2.39869e-11 1.12823e-09 3.67457e-08 8.28707e-07 1.29415e-05 0.000139944 0.00104791 0.00543408 0.0195207 0.0486387 0.0844747 0.104234 0.0977339 0.0830125 0.0780369 0.0779887 0.0733207 0.0654388 0.0578705 0.0506256 0.0437529 0.0377066 0.0316458 0.0240937 0.01527
 1.18537e-11 5.57543e-10 1.81588e-08 4.09527e-07 6.39539e-06 6.91586e-05 0.000517899 0.00268635 0.00966035 0.0241714 0.0426715 0.0559056 0.0628032 0.0745154 0.0935778 0.105443 0.10167 0.0903869 0.0794391 0.0690429 0.0584461 0.0480585 0.0377455 0.026933 0.0162499
 9.48516e-12 4.46137e-10 1.45304e-08 3.27697e-07 5.11747e-06 5.53389e-05 0.000414395 0.00214919 0.00772462 0.019288 0.0337803 0.0430208 0.0447449 0.0477776 0.0590133 0.0752574 0.0917657 0.104889 0.108588 0.100634 0.0857354 0.0688276 0.0516449 0.0348033 0.0198808
 3.43096e-11 1.61376e-09 5.25592e-08 1.18534e-06 1.85108e-05 0.000200167 0.00149882 0.00777147 0.0279049 0.069407 0.119711 0.143791 0.122323 0.0785156 0.0460939 0.0337176 0.0335371 0.0395066 0.048054 0.0544022 0.0543323 0.0472353 0.0357938 0.0234019 0.0127826
 4.53278e-11 2.132e-09 6.9438e-08 1.566e-06 2.44553e-05 0.000264449 0.00198016 0.0102674 0.0368685 0.0917183 0.158305 0.190668 0.163832 0.108356 0.0663088 0.0445714 0.0304539 0.0193876 0.0135674 0.0126898 0.0136646 0.0136074 0.0114101 0.00779769 0.00425661
 3.69639e-11 1.7386e-09 5.66252e-08 1.27704e-06 1.99428e-05 0.000215654 0.00161482 0.00837356 0.0300761 0.0748989 0.129809 0.158873 0.144732 0.113777 0.0946273 0.0821663 0.0625053 0.039201 0.0217224 0.0120938 0.00783105 0.00625088 0.00523761 0.00380038 0.00217342
 3.22208e-11 1.51551e-09 4.93593e-08 1.11317e-06 1.73838e-05 0.000187982 0.00140762 0.00729927 0.0262194 0.0653138 0.113329 0.139328 0.12898 0.105945 0.0946393 0.0892226 0.0765598 0.058203 0.0402332 0.0248658 0.0135446 0.00701417 0.00395256 0.00240358 0.00133345
 3.36516e-11 1.58281e-09 5.15511e-08 1.16261e-06 1.81558e-05 0.000196329 0.00147011 0.00762316 0.0273801 0.0681791 0.118121 0.144379 0.130976 0.102141 0.0853299 0.0781866 0.0684801 0.0556415 0.0430133 0.0307704 0.0193778 0.0105184 0.00501862 0.00222668 0.000950538
 3.73926e-11 1.75877e-09 5.7282e-08 1.29185e-06 2.01741e-05 0.000218155 0.00163353 0.00847037 0.0304205 0.0757241 0.131017 0.159308 0.141826 0.104863 0.0803766 0.0686407 0.0572112 0.0445639 0.0339484 0.0252281 0.0173569 0.0105251 0.00543343 0.00235198 0.000860367
 3.58229e-11 1.68494e-09 5.48774e-08 1.23762e-06 1.93273e-05 0.000208997 0.00156497 0.00811501 0.0291465 0.0725754 0.125723 0.153595 0.139062 0.107683 0.0882766 0.0777778 0.0632512 0.0459432 0.0320349 0.0222731 0.015003 0.00935315 0.00513702 0.00236942 0.000887089
 3.8158e-11 1.79477e-09 5.84545e-08 1.3183e-06 2.05871e-05 0.00022262 0.00166697 0.00864376 0.0310433 0.077275 0.133705 0.1626 0.144827 0.107215 0.0822631 0.0700177 0.0575458 0.0432471 0.0307981 0.02091 0.0132669 0.00781143 0.00419441 0.00196394 0.000760792
 3.83781e-11 1.80512e-09 5.87917e-08 1.3259e-06 2.07058e-05 0.000223904 0.00167658 0.00869366 0.0312229 0.0777268 0.134518 0.163735 0.146297 0.109211 0.0846406 0.071745 0.0574022 0.0412276 0.0281799 0.0188399 0.0119204 0.00690222 0.00357834 0.001619 0.000617279
 3.85685e-11 1.81408e-09 5.90834e-08 1.33248e-06 2.08086e-05 0.000225015 0.0016849 0.00873679 0.0313779 0.0781126 0.135186 0.164549 0.147029 0.109769 0.0850929 0.0721386 0.0576493 0.0411299 0.0275767 0.0178297 0.0108565 0.00608755 0.00307952 0.00136081 0.0005061
 3.67058e-11 1.72646e-09 5.62298e-08 1.26812e-06 1.98036e-05 0.000214148 0.00160353 0.00831498 0.0298646 0.0743617 0.128806 0.157308 0.14225 0.109778 0.0894999 0.0784147 0.0632237 0.044969 0.0298991 0.0190912 0.0113941 0.00620064 0.00302709 0.00129267 0.000466851
 3.38351e-11 1.59144e-09 5.18323e-08 1.16895e-06 1.82548e-05 0.0001974 0.00147814 0.00766486 0.0275314 0.06857 0.118896 0.145784 0.133699 0.107165 0.0924225 0.0846314 0.0707556 0.0526059 0.0366031 0.0240227 0.0144118 0.00775899 0.00370696 0.00153791 0.00053793
 3.57388e-11 1.68098e-09 5.47484e-08 1.23471e-06 1.92818e-05 0.000208506 0.00156129 0.00809589 0.0290773 0.0723973 0.125377 0.152995 0.137967 0.105774 0.0858232 0.0761762 0.0640878 0.0492064 0.0358729 0.0247256 0.0155053 0.00862527 0.00418105 0.00172779 0.000594067
 3.5361e-11 1.66321e-09 5.41698e-08 1.22166e-06 1.9078e-05 0.000206302 0.00154479 0.00801038 0.0287709 0.0716417 0.124117 0.151687 0.137515 0.106899 0.0882752 0.0785554 0.0648932 0.0482575 0.0343333 0.0237697 0.0153953 0.0089613 0.00453617 0.00193466 0.000675913
 3.43662e-11 1.61642e-09 5.26458e-08 1.18729e-06 1.85413e-05 0.000200499 0.00150133 0.00778511 0.0279627 0.0696378 0.120704 0.147795 0.134884 0.106741 0.0904319 0.0818497 0.0680856 0.050644 0.035688 0.0242393 0.0154318 0.00897683 0.00463757 0.00204472 0.000739214
 3.46688e-11 1.63065e-09 5.31093e-08 1.19775e-06 1.87046e-05 0.000202264 0.00151455 0.00785359 0.028208 0.070242 0.121707 0.148811 0.135141 0.105591 0.0880339 0.0793628 0.0668296 0.0509673 0.0368896 0.0254313 0.0161877 0.00933128 0.00478471 0.0021157 0.000776501
 3.47483e-11 1.63439e-09 5.32311e-08 1.20049e-06 1.87474e-05 0.000202728 0.00151802 0.0078716 0.0282726 0.0704027 0.121983 0.149138 0.135401 0.1057 0.0879486 0.079018 0.0661951 0.0502288 0.0364236 0.0254492 0.0165247 0.00968245 0.00499907 0.00221043 0.000811137
 3.60918e-11 1.69759e-09 5.52893e-08 1.24691e-06 1.94723e-05 0.000210566 0.00157671 0.00817585 0.0293642 0.0731097 0.126596 0.154413 0.139019 0.106078 0.0853607 0.0750888 0.0625086 0.047402 0.0343643 0.0240036 0.0156387 0.00925339 0.00484451 0.00216949 0.00080269
 3.5278e-11 1.65931e-09 5.40427e-08 1.2188e-06 1.90333e-05 0.000205818 0.00154117 0.00799161 0.0287036 0.071476 0.123842 0.151408 0.137445 0.107218 0.0889472 0.0792757 0.0652879 0.0481618 0.0338575 0.0231886 0.0149954 0.00887185 0.00466706 0.002108 0.000788042
 3.56924e-11 1.6788e-09 5.46775e-08 1.23311e-06 1.92569e-05 0.000208236 0.00155927 0.00808543 0.02904 0.0723078 0.125243 0.152933 0.138232 0.106621 0.0871597 0.0773602 0.0643439 0.0483399 0.0344147 0.023436 0.0148536 0.00860474 0.00446959 0.00201235 0.000754687
 3.66793e-11 1.72522e-09 5.61892e-08 1.26721e-06 1.97893e-05 0.000213993 0.00160237 0.0083089 0.0298419 0.0742971 0.128639 0.156843 0.141001 0.107137 0.0855745 0.0746575 0.0614967 0.0459073 0.0326605 0.0223898 0.0142951 0.00827358 0.00425171 0.00188755 0.000700498
 3.58612e-11 1.68674e-09 5.4936e-08 1.23894e-06 1.93479e-05 0.000209221 0.00156664 0.00812368 0.0291776 0.0726525 0.125854 0.153747 0.139176 0.107747 0.0884006 0.0781989 0.0641453 0.0470947 0.032815 0.022156 0.0140569 0.00813575 0.0041855 0.00185359 0.000683173
 3.4806e-11 1.63711e-09 5.33196e-08 1.20249e-06 1.87786e-05 0.000203064 0.00152055 0.00788471 0.02832 0.0705238 0.122214 0.14952 0.136064 0.106862 0.0896105 0.0806777 0.0671323 0.050063 0.0352777 0.0237801 0.0148976 0.00849577 0.00432648 0.00190656 0.000700728
 3.36126e-11 1.58098e-09 5.14914e-08 1.16126e-06 1.81347e-05 0.000196102 0.00146841 0.00761442 0.0273498 0.0681138 0.118079 0.144656 0.132268 0.105231 0.0899795 0.0823815 0.069725 0.0532529 0.0385907 0.0266328 0.0169265 0.00968844 0.0049064 0.00214107 0.000779844
 3.40028e-11 1.59933e-09 5.20891e-08 1.17474e-06 1.83452e-05 0.000198378 0.00148545 0.00770274 0.0276663 0.0688953 0.119386 0.146038 0.13283 0.10424 0.0875411 0.0795443 0.0677168 0.0525921 0.0390407 0.0276823 0.0180853 0.0106068 0.00545945 0.00239755 0.000871927
 3.53535e-11 1.66286e-09 5.41583e-08 1.2214e-06 1.9074e-05 0.000206259 0.00154446 0.00800865 0.0287643 0.0716216 0.124057 0.151495 0.136965 0.105711 0.0864969 0.0768396 0.0640609 0.0485592 0.0353814 0.0250642 0.0166438 0.0100135 0.00529332 0.00237681 0.000877402
#obs surv len freq
 2.3574e-11 1.10881e-09 3.61132e-08 8.14443e-07 1.27187e-05 0.000137535 0.00102987 0.00534054 0.0191848 0.0478014 0.0830199 0.102436 0.0960429 0.0815713 0.076713 0.076821 0.072693 0.0659937 0.0603838 0.0554144 0.049636 0.041938 0.0319142 0.0208134 0.0111016
 8.54375e-16 4.02572e-14 1.32039e-12 3.06063e-11 5.29325e-10 7.93005e-09 1.24994e-07 1.99948e-06 2.64534e-05 0.000256181 0.00174454 0.00827058 0.02729 0.0630507 0.103744 0.126677 0.124896 0.11216 0.0998786 0.0888935 0.0777201 0.065118 0.0498445 0.0328232 0.0176047
 1.23986e-11 5.83171e-10 1.89935e-08 4.28352e-07 6.68931e-06 7.23351e-05 0.00054163 0.0028083 0.0100825 0.025066 0.043154 0.0514871 0.0428978 0.026911 0.0206501 0.0350601 0.0683881 0.104263 0.123153 0.120628 0.105962 0.0870152 0.0656354 0.0430622 0.023156
 5.0799e-11 2.38934e-09 7.78193e-08 1.75502e-06 2.74071e-05 0.000296368 0.00221915 0.0115061 0.0413114 0.102716 0.176915 0.211322 0.175859 0.103769 0.0462474 0.0186573 0.00944236 0.00830578 0.0115682 0.0161828 0.0186292 0.0174799 0.0137104 0.00900975 0.0048239
 3.3622e-11 1.58142e-09 5.15057e-08 1.16158e-06 1.81398e-05 0.000196157 0.00146884 0.00761695 0.0273633 0.06819 0.118502 0.146536 0.13827 0.118391 0.10893 0.0979954 0.0711589 0.0387299 0.016972 0.00860339 0.00754554 0.00803402 0.00731789 0.00524727 0.00291213
 4.09203e-11 1.92469e-09 6.26859e-08 1.41373e-06 2.20774e-05 0.000238735 0.00178763 0.00926921 0.033287 0.0828336 0.143143 0.173231 0.151588 0.106589 0.0752849 0.0616362 0.0524648 0.0417884 0.0296345 0.0176647 0.00887951 0.00452171 0.00291283 0.00203203 0.00118952
 2.3773e-11 1.11817e-09 3.6418e-08 8.21319e-07 1.28261e-05 0.000138698 0.0010386 0.0053864 0.0193578 0.0483145 0.0844698 0.106844 0.108434 0.108344 0.117488 0.118502 0.0983276 0.0692434 0.0462457 0.0306985 0.0189446 0.0101568 0.00481172 0.00221467 0.00102494
 4.40876e-11 2.07367e-09 6.7538e-08 1.52315e-06 2.37862e-05 0.000257213 0.00192597 0.00998632 0.0358583 0.0891941 0.153874 0.184987 0.157893 0.102473 0.0615049 0.0446636 0.0396561 0.0364429 0.0308061 0.0225049 0.0141338 0.00780375 0.00380099 0.001612 0.000597158
 3.25234e-11 1.52975e-09 4.98228e-08 1.12363e-06 1.75471e-05 0.000189748 0.00142085 0.00736801 0.0264684 0.0659533 0.114571 0.141472 0.13287 0.11267 0.10311 0.0943278 0.0729455 0.0470538 0.0291973 0.0199563 0.0140601 0.00888257 0.00469514 0.00204115 0.0007285
 3.96384e-11 1.8644e-09 6.07223e-08 1.36944e-06 2.13858e-05 0.000231257 0.00173163 0.00897892 0.0322452 0.0802479 0.138721 0.168099 0.147805 0.10545 0.0764277 0.0636806 0.054314 0.0434989 0.0320425 0.0211106 0.0124875 0.00694465 0.00364365 0.0016824 0.000635427
 3.83321e-11 1.80296e-09 5.87211e-08 1.32431e-06 2.0681e-05 0.000223636 0.00167458 0.00868327 0.0311861 0.0776387 0.134391 0.163701 0.146648 0.110227 0.0861589 0.0729177 0.0573561 0.0400935 0.0269779 0.0182492 0.0117439 0.00674276 0.00336987 0.00145819 0.0005363
 3.93583e-11 1.85122e-09 6.02931e-08 1.35976e-06 2.12346e-05 0.000229623 0.0017194 0.00891561 0.0320195 0.0797023 0.137888 0.167604 0.14901 0.109676 0.0831436 0.0695485 0.0556176 0.0399676 0.0268797 0.0172489 0.0103821 0.00578371 0.00291206 0.0012694 0.000460047
 3.83051e-11 1.80169e-09 5.86797e-08 1.32338e-06 2.06664e-05 0.000223478 0.0016734 0.00867715 0.0311642 0.0775847 0.134302 0.16361 0.146631 0.110387 0.0866301 0.0738645 0.0587602 0.041407 0.0273411 0.0174144 0.0103854 0.00563051 0.00272778 0.0011535 0.000411627
 3.51308e-11 1.65238e-09 5.3817e-08 1.21371e-06 1.89538e-05 0.000204959 0.00153473 0.0079583 0.0285848 0.0711865 0.123386 0.151066 0.137824 0.108938 0.0919968 0.082677 0.0677322 0.0489187 0.0329328 0.0210637 0.0124386 0.00663545 0.00315079 0.00129928 0.000450967
 3.13484e-11 1.47448e-09 4.80228e-08 1.08304e-06 1.69132e-05 0.000182892 0.00136951 0.00710169 0.0255104 0.0635538 0.110318 0.135828 0.126378 0.105082 0.0951811 0.0901056 0.0770591 0.0587759 0.0420549 0.0282329 0.0171739 0.00927892 0.00439702 0.00178969 0.000609168
 3.81639e-11 1.79505e-09 5.84635e-08 1.3185e-06 2.05903e-05 0.000222654 0.00166722 0.00864501 0.031047 0.0772752 0.133646 0.162248 0.143621 0.104496 0.0781983 0.0662628 0.0561951 0.0449723 0.0344767 0.0247838 0.0160542 0.00915331 0.00450538 0.00186973 0.000638614
 3.20532e-11 1.50763e-09 4.91024e-08 1.10738e-06 1.72934e-05 0.000187004 0.0014003 0.00726138 0.0260843 0.064986 0.112821 0.138987 0.129537 0.108008 0.097552 0.0905274 0.0739543 0.0527281 0.0360404 0.0248527 0.016589 0.0100606 0.00527837 0.00230924 0.000818808
 3.60148e-11 1.69396e-09 5.51713e-08 1.24425e-06 1.94308e-05 0.000210116 0.00157334 0.00815833 0.0293008 0.0729446 0.126263 0.153792 0.137782 0.103809 0.0823449 0.072903 0.0628884 0.0502307 0.0376578 0.0260868 0.0164475 0.009508 0.00498085 0.00225746 0.000839806
 3.32549e-11 1.56415e-09 5.09434e-08 1.1489e-06 1.79418e-05 0.000194015 0.00145279 0.00753344 0.0270597 0.0673977 0.116881 0.143396 0.13177 0.106119 0.091955 0.0840871 0.0698254 0.0518872 0.0372283 0.0263629 0.0175491 0.0104759 0.00546244 0.00243782 0.000906393
 3.61055e-11 1.69823e-09 5.53102e-08 1.24739e-06 1.94797e-05 0.000210646 0.00157731 0.0081789 0.0293749 0.0731314 0.126602 0.154277 0.138439 0.104725 0.0833769 0.0734131 0.0622025 0.0485307 0.0359906 0.0252882 0.0164483 0.00977902 0.00518869 0.00236021 0.0008852
 3.66906e-11 1.72575e-09 5.62065e-08 1.2676e-06 1.97954e-05 0.000214059 0.00160287 0.00831147 0.0298514 0.0743213 0.128687 0.156932 0.141174 0.107436 0.0859017 0.0746856 0.0609194 0.0448924 0.0318274 0.0221943 0.0146437 0.0087911 0.00466616 0.00212498 0.00080268
 3.47043e-11 1.63232e-09 5.31637e-08 1.19898e-06 1.87237e-05 0.000202471 0.0015161 0.00786169 0.0282377 0.070321 0.121879 0.149188 0.136007 0.107308 0.0904816 0.0814998 0.0673709 0.0496126 0.0345234 0.0232041 0.0147191 0.00862641 0.00455275 0.00208002 0.000789247
 3.711e-11 1.74547e-09 5.6849e-08 1.28209e-06 2.00216e-05 0.000216506 0.00162119 0.00840641 0.0301916 0.0751614 0.130093 0.158419 0.141789 0.106444 0.0835882 0.0724909 0.0603241 0.0459455 0.0332096 0.0227579 0.0143455 0.00819808 0.00419808 0.00187533 0.000703921
 3.71414e-11 1.74695e-09 5.68971e-08 1.28317e-06 2.00386e-05 0.000216689 0.00162256 0.00841358 0.030218 0.0752332 0.13026 0.15882 0.142776 0.108436 0.0863813 0.0747518 0.060518 0.0439661 0.0304791 0.0206723 0.0132276 0.00768123 0.00393591 0.00173268 0.000637231
 3.44126e-11 1.6186e-09 5.27169e-08 1.1889e-06 1.85664e-05 0.000200769 0.00150336 0.00779565 0.0280009 0.0697353 0.120891 0.148106 0.135431 0.107701 0.0917862 0.0831445 0.0687096 0.050352 0.0347019 0.0229667 0.014239 0.00809693 0.00412868 0.00182115 0.000668558
 3.52402e-11 1.65753e-09 5.39846e-08 1.21749e-06 1.90129e-05 0.000205597 0.00153951 0.00798298 0.0286722 0.0713918 0.123657 0.151002 0.136511 0.105387 0.0864411 0.0773846 0.0654827 0.0504936 0.0368206 0.0252662 0.0158039 0.00888126 0.00443595 0.00192187 0.000698155
 3.31864e-11 1.56093e-09 5.08384e-08 1.14654e-06 1.79048e-05 0.000193616 0.0014498 0.00751791 0.0270038 0.0672565 0.116624 0.143025 0.131258 0.105397 0.0911438 0.0837093 0.0704187 0.0532804 0.0385697 0.0270155 0.0175801 0.0102506 0.00521619 0.00225886 0.000811559
 3.55327e-11 1.67129e-09 5.44327e-08 1.22759e-06 1.91707e-05 0.000207304 0.00155228 0.00804919 0.0289095 0.0719779 0.12464 0.152048 0.136962 0.1047 0.0846531 0.0751636 0.0636355 0.049466 0.0367018 0.0259454 0.01695 0.0100198 0.00522752 0.00232268 0.000848424
 3.58173e-11 1.68467e-09 5.48687e-08 1.23743e-06 1.93242e-05 0.000208964 0.00156472 0.0081137 0.0291416 0.07256 0.125676 0.153445 0.138633 0.10677 0.0869719 0.0767081 0.0631733 0.0469979 0.0335934 0.0235196 0.0155432 0.00934129 0.00494978 0.00223635 0.00083232
#pred catch len freq
 2.14825e-11 1.01043e-09 3.29091e-08 7.42183e-07 1.15903e-05 0.000125333 0.000938508 0.00486689 0.0174851 0.0435855 0.0758268 0.0941673 0.0902266 0.0805867 0.0801994 0.0825461 0.0783838 0.0702233 0.0622193 0.0544767 0.0470956 0.040591 0.0340675 0.0259375 0.0164387
 1.02816e-11 4.83599e-10 1.57505e-08 3.55214e-07 5.54722e-06 5.99869e-05 0.000449224 0.00233031 0.00838255 0.0209993 0.0372424 0.049584 0.0580822 0.0729748 0.0949132 0.108298 0.104886 0.0934831 0.0822998 0.0715893 0.06062 0.0498506 0.0391539 0.0279382 0.0168564
 8.17897e-12 3.847e-10 1.25294e-08 2.8257e-07 4.41275e-06 4.77184e-05 0.000357335 0.00185335 0.00666268 0.0166497 0.0292508 0.0376801 0.0405344 0.045855 0.0591606 0.0767234 0.0940525 0.107725 0.111624 0.103485 0.0881771 0.0707917 0.0531197 0.0357974 0.0204487
 3.18025e-11 1.49584e-09 4.87185e-08 1.09872e-06 1.71581e-05 0.000185541 0.0013893 0.00720365 0.0258666 0.0643429 0.111016 0.133533 0.114214 0.0747286 0.0460868 0.0358407 0.0367326 0.043602 0.0531228 0.0601645 0.0600935 0.0522454 0.0395907 0.0258844 0.0141386
 4.35082e-11 2.04642e-09 6.66505e-08 1.50313e-06 2.34736e-05 0.000253833 0.00190067 0.00985529 0.0353899 0.0880508 0.152048 0.183479 0.158785 0.107492 0.0691868 0.0489957 0.0343387 0.0220554 0.015498 0.0145262 0.0156517 0.0155878 0.013071 0.00893277 0.00487623
 3.46399e-11 1.6293e-09 5.30651e-08 1.19675e-06 1.8689e-05 0.000202096 0.0015133 0.00784731 0.0281881 0.070219 0.121847 0.149826 0.138725 0.113683 0.0999287 0.0896888 0.0690289 0.0434665 0.0241434 0.0134672 0.00873024 0.00697136 0.00584178 0.00423882 0.00242417
 2.99042e-11 1.40655e-09 4.58104e-08 1.03314e-06 1.6134e-05 0.000174467 0.00130642 0.00677466 0.024337 0.0606454 0.10537 0.130207 0.122662 0.105128 0.0989005 0.0959339 0.0831279 0.0634227 0.0439246 0.0271759 0.0148103 0.00767131 0.00432326 0.00262909 0.00145857
 3.12604e-11 1.47034e-09 4.78881e-08 1.08e-06 1.68657e-05 0.000182379 0.00136566 0.00708165 0.0254371 0.0633588 0.109894 0.134909 0.12427 0.10088 0.0890782 0.0844379 0.0748558 0.0610801 0.0473125 0.0338787 0.0213437 0.0115872 0.00552885 0.00245312 0.00104721
 3.52773e-11 1.65928e-09 5.40416e-08 1.21877e-06 1.90329e-05 0.000205814 0.00154113 0.00799134 0.0287016 0.0714603 0.123742 0.150946 0.135943 0.103851 0.0838236 0.0742271 0.0627245 0.0490878 0.0374748 0.0278775 0.0191873 0.0116366 0.00600749 0.00260051 0.000951285
 3.3654e-11 1.58292e-09 5.15547e-08 1.16269e-06 1.8157e-05 0.000196343 0.00147022 0.00762384 0.0273842 0.0682049 0.118273 0.145067 0.133182 0.106988 0.0923242 0.0839859 0.0690928 0.0503927 0.0352142 0.024514 0.0165212 0.0103014 0.00565809 0.0026098 0.000977091
 3.61966e-11 1.70252e-09 5.54499e-08 1.25053e-06 1.95289e-05 0.000211177 0.00158129 0.0081996 0.0294496 0.0733224 0.126966 0.154873 0.13946 0.106478 0.0857787 0.0755438 0.0628952 0.0474744 0.0338768 0.0230243 0.0146149 0.00860652 0.00462159 0.00216399 0.000838294
 3.66126e-11 1.72208e-09 5.6087e-08 1.2649e-06 1.97533e-05 0.000213604 0.00159946 0.00829385 0.0297884 0.0741697 0.128457 0.156804 0.141546 0.108723 0.0880592 0.0769345 0.0622591 0.0448909 0.030743 0.0205753 0.0130245 0.00754274 0.00391061 0.00176936 0.000674611
 3.69424e-11 1.73759e-09 5.65923e-08 1.2763e-06 1.99312e-05 0.000215528 0.00161387 0.00836855 0.0300566 0.0748364 0.129604 0.158171 0.142672 0.109364 0.0883133 0.0770015 0.0621896 0.0445294 0.0299085 0.0193564 0.0117914 0.00661282 0.00334542 0.00147834 0.000549811
 3.48352e-11 1.63848e-09 5.33642e-08 1.2035e-06 1.87943e-05 0.000203235 0.00152182 0.00789139 0.0283448 0.0705932 0.122386 0.149975 0.137253 0.109345 0.0932557 0.0840602 0.0684768 0.0488812 0.0325616 0.0208142 0.0124287 0.00676494 0.00330278 0.00141043 0.000509384
 3.21085e-11 1.51023e-09 4.91873e-08 1.1093e-06 1.73233e-05 0.000187327 0.00140271 0.00727387 0.0261285 0.065091 0.112966 0.138995 0.129018 0.106614 0.0956678 0.0896513 0.0755623 0.0563432 0.0392639 0.0257912 0.0154788 0.00833461 0.00398217 0.00165212 0.000577881
 3.39129e-11 1.5951e-09 5.19514e-08 1.17163e-06 1.82968e-05 0.000197854 0.00148153 0.00768242 0.0275937 0.0687177 0.119101 0.145794 0.132947 0.105035 0.0890169 0.081253 0.0690592 0.0532106 0.0388578 0.0268064 0.0168163 0.0093558 0.00453538 0.00187425 0.000644427
 3.37243e-11 1.58623e-09 5.16625e-08 1.16512e-06 1.8195e-05 0.000196754 0.00147329 0.00763975 0.027441 0.0683436 0.118494 0.145245 0.133057 0.106329 0.0912674 0.0832015 0.0693317 0.0517162 0.0368516 0.0255349 0.0165445 0.00963144 0.00487558 0.00207944 0.0007265
 3.25451e-11 1.53077e-09 4.9856e-08 1.12438e-06 1.75588e-05 0.000189874 0.00142178 0.00737271 0.026483 0.0659681 0.114448 0.140629 0.129928 0.106115 0.0937798 0.0870493 0.0730613 0.0545187 0.0384831 0.0261621 0.0166627 0.00969423 0.00500842 0.00220826 0.000798343
 3.27812e-11 1.54187e-09 5.02177e-08 1.13253e-06 1.76862e-05 0.000191251 0.00143209 0.00742613 0.0266742 0.066438 0.115219 0.141369 0.129958 0.10484 0.0913551 0.0846209 0.0719523 0.055062 0.0399218 0.0275466 0.0175409 0.0101128 0.00518566 0.00229303 0.000841588
 3.27838e-11 1.542e-09 5.02218e-08 1.13263e-06 1.76876e-05 0.000191267 0.00143221 0.00742674 0.0266764 0.0664438 0.115232 0.141394 0.13001 0.104925 0.0914092 0.084479 0.0714896 0.0544409 0.03955 0.0276603 0.0179677 0.0105295 0.00543665 0.00240395 0.000882155
 3.42958e-11 1.61311e-09 5.2538e-08 1.18486e-06 1.85034e-05 0.000200088 0.00149826 0.00776914 0.0279049 0.0694903 0.120423 0.147333 0.134088 0.105365 0.0885173 0.0800754 0.0673469 0.0512526 0.03722 0.0260217 0.0169598 0.0100364 0.00525469 0.00235321 0.000870669
 3.34314e-11 1.57245e-09 5.12138e-08 1.155e-06 1.8037e-05 0.000195045 0.0014605 0.00757343 0.0272032 0.0677549 0.117499 0.144144 0.132427 0.106601 0.0923639 0.0845558 0.0703092 0.0520428 0.0366508 0.0251264 0.0162554 0.00961873 0.00506019 0.0022856 0.000854438
 3.37932e-11 1.58947e-09 5.17681e-08 1.1675e-06 1.82322e-05 0.000197156 0.0014763 0.00765534 0.0274968 0.0684805 0.118717 0.145454 0.133044 0.105925 0.0905886 0.0827306 0.0695256 0.0524216 0.0373878 0.0254852 0.0161591 0.00936239 0.00486338 0.00218968 0.000821196
 3.48374e-11 1.63858e-09 5.33676e-08 1.20357e-06 1.87955e-05 0.000203247 0.00152191 0.0078918 0.0283453 0.0705855 0.122311 0.149591 0.135978 0.106481 0.0889242 0.0798798 0.0665101 0.0498349 0.0355195 0.0243733 0.0155679 0.00901157 0.00463118 0.00205604 0.000763034
 3.40416e-11 1.60116e-09 5.21486e-08 1.17608e-06 1.83662e-05 0.000198605 0.00148716 0.00771163 0.0276992 0.0689861 0.119605 0.146593 0.134245 0.10717 0.0918157 0.0834548 0.0691317 0.0509308 0.035551 0.024027 0.0152504 0.00882789 0.00454179 0.00201141 0.000741344
 3.28342e-11 1.54436e-09 5.02989e-08 1.13437e-06 1.77148e-05 0.000191561 0.00143441 0.00743818 0.0267178 0.0665504 0.11544 0.14176 0.130696 0.106183 0.0932365 0.0863169 0.0725423 0.0542887 0.0383256 0.0258608 0.0162082 0.00924463 0.00470808 0.00207476 0.000762552
 3.16036e-11 1.48648e-09 4.84137e-08 1.09185e-06 1.70508e-05 0.000184381 0.00138065 0.00715946 0.0257173 0.064065 0.111174 0.136735 0.126751 0.104431 0.0935123 0.087976 0.0751772 0.0576149 0.0418263 0.0288934 0.0183707 0.0105166 0.00532605 0.00232425 0.000846566
 3.22673e-11 1.5177e-09 4.94305e-08 1.11478e-06 1.74089e-05 0.000188253 0.00140964 0.00730972 0.0262561 0.0653974 0.11342 0.139184 0.128028 0.103469 0.0904697 0.0842532 0.0723578 0.0563704 0.0419097 0.0297401 0.0194361 0.0114003 0.0058681 0.00257705 0.000937208
 3.37246e-11 1.58624e-09 5.16629e-08 1.16513e-06 1.81951e-05 0.000196755 0.0014733 0.00763977 0.0274407 0.0683387 0.118458 0.145072 0.13249 0.105057 0.0893447 0.0813374 0.0684159 0.0520214 0.0379624 0.0269143 0.0178783 0.0107574 0.00568678 0.00255352 0.000942636
#obs catch len freq
 1.99663e-11 9.39119e-10 3.05865e-08 6.89803e-07 1.07723e-05 0.000116488 0.000872273 0.00452344 0.0162516 0.0405145 0.0705099 0.0876874 0.0844139 0.0762256 0.0769222 0.0803101 0.0781202 0.0732521 0.0693037 0.0647162 0.0575222 0.0475514 0.0355981 0.0231516 0.0124257
 2.1285e-11 1.00115e-09 3.26066e-08 7.35362e-07 1.14838e-05 0.000124181 0.000929882 0.00482214 0.0173242 0.0431826 0.0751141 0.0932274 0.0891527 0.0792882 0.0785817 0.0808607 0.07722 0.0703442 0.064474 0.0592145 0.0530561 0.0448328 0.0341184 0.0222513 0.0118686
 7.27285e-16 3.42792e-14 1.12566e-12 2.62117e-11 4.60514e-10 7.17812e-09 1.19131e-07 1.96428e-06 2.62587e-05 0.000255021 0.00173793 0.0082409 0.0271944 0.0628373 0.103421 0.12636 0.124733 0.112198 0.100054 0.0891175 0.0779403 0.0653101 0.0499936 0.0329219 0.0176577
 1.09073e-11 5.13028e-10 1.6709e-08 3.7683e-07 5.88473e-06 6.36347e-05 0.000476483 0.00247051 0.0088698 0.0220511 0.0379641 0.0453021 0.0378055 0.0240776 0.0198511 0.0357895 0.0705195 0.107623 0.127141 0.124548 0.109416 0.0898578 0.0677821 0.0444712 0.0239139
 4.97192e-11 2.33855e-09 7.6165e-08 1.71771e-06 2.68245e-05 0.000290068 0.00217197 0.0112616 0.0404335 0.100536 0.173173 0.206923 0.172427 0.102259 0.0463689 0.0195237 0.0104377 0.00945101 0.0132429 0.0185395 0.0213446 0.0200282 0.0157093 0.0103234 0.00552726
 3.15148e-11 1.4823e-09 4.82776e-08 1.08878e-06 1.70029e-05 0.000183864 0.00137679 0.00713979 0.0256516 0.0639484 0.111294 0.138392 0.133015 0.118722 0.114322 0.105252 0.0770002 0.042004 0.0184328 0.00936571 0.00822887 0.0087652 0.00798432 0.00572517 0.00317736
 3.90996e-11 1.83906e-09 5.98969e-08 1.35083e-06 2.10951e-05 0.000228113 0.0017081 0.00885692 0.0318076 0.0791639 0.136882 0.166035 0.146531 0.105748 0.0783633 0.0667321 0.0577056 0.0461835 0.0328069 0.0195703 0.00984105 0.0050126 0.00322959 0.00225313 0.00131896
 2.17903e-11 1.02491e-09 3.33807e-08 7.52819e-07 1.17564e-05 0.00012713 0.000951995 0.00493742 0.0177469 0.0443203 0.0776666 0.0990789 0.103159 0.107927 0.121515 0.124481 0.1038 0.0732569 0.049008 0.0325692 0.0201096 0.0107836 0.00510905 0.00235161 0.00108834
 4.24671e-11 1.99745e-09 6.50555e-08 1.46717e-06 2.29119e-05 0.000247759 0.00185519 0.00961932 0.0345413 0.0859252 0.148283 0.178496 0.153113 0.1011 0.0632996 0.0482844 0.0438941 0.0405989 0.0343767 0.0251275 0.0157847 0.00871641 0.00424582 0.00180072 0.000667079
 3.05486e-11 1.43686e-09 4.67975e-08 1.0554e-06 1.64817e-05 0.000178227 0.00133458 0.00692081 0.024864 0.0619761 0.107802 0.133773 0.127731 0.112508 0.10747 0.10053 0.0783207 0.0506576 0.0314925 0.0215551 0.0151959 0.00960197 0.00507568 0.00220663 0.000787565
 3.79799e-11 1.78639e-09 5.81816e-08 1.31214e-06 2.0491e-05 0.000221581 0.00165918 0.00860334 0.0308975 0.0769048 0.133016 0.161537 0.143177 0.104633 0.0791369 0.0681799 0.0589187 0.0473759 0.0349494 0.0230408 0.0136335 0.00758307 0.00397889 0.00183724 0.000693916
 3.66735e-11 1.72495e-09 5.61804e-08 1.26701e-06 1.97862e-05 0.00021396 0.00160213 0.00830768 0.0298386 0.0742974 0.1287 0.157204 0.142228 0.109864 0.0895034 0.0778909 0.0619064 0.0434241 0.0292681 0.0198172 0.0127582 0.0073262 0.00366165 0.00158448 0.000582751
 3.78618e-11 1.78084e-09 5.80006e-08 1.30806e-06 2.04273e-05 0.000220892 0.00165403 0.00857673 0.0308036 0.0766873 0.132751 0.161733 0.144995 0.109291 0.0860933 0.0740203 0.0598144 0.0431275 0.0290464 0.0186533 0.0112313 0.00625763 0.00315085 0.00137351 0.000497782
 3.67693e-11 1.72945e-09 5.6327e-08 1.27032e-06 1.98378e-05 0.000214518 0.00160631 0.00832937 0.0299164 0.0744908 0.129032 0.157595 0.142544 0.110066 0.0897635 0.0785415 0.0630808 0.0445904 0.0294853 0.018795 0.0112129 0.00607998 0.00294568 0.00124567 0.000444521
 3.35453e-11 1.57781e-09 5.13883e-08 1.15894e-06 1.80985e-05 0.00019571 0.00146548 0.00759928 0.0272967 0.0679924 0.117944 0.144848 0.133576 0.108544 0.0951421 0.0874351 0.0721927 0.0522763 0.0352376 0.0225537 0.0133229 0.00710812 0.0033754 0.00139193 0.000483127
 2.972e-11 1.39789e-09 4.55282e-08 1.02678e-06 1.60346e-05 0.000173392 0.00129837 0.00673293 0.0241873 0.0602722 0.104722 0.129414 0.121929 0.104486 0.0981282 0.0947355 0.0815548 0.0623464 0.0446603 0.0300002 0.0182539 0.00986352 0.00467425 0.00190255 0.000647588
 3.66095e-11 1.72194e-09 5.60823e-08 1.2648e-06 1.97516e-05 0.000213586 0.00159932 0.008293 0.0297839 0.0741419 0.128299 0.156096 0.139278 0.10371 0.0806835 0.070364 0.0603338 0.0484503 0.0371919 0.0267512 0.0173329 0.00988328 0.00486487 0.00201895 0.000689583
 3.03012e-11 1.42522e-09 4.64186e-08 1.04686e-06 1.63482e-05 0.000176784 0.00132377 0.00686465 0.0246609 0.0614563 0.106807 0.132113 0.124834 0.107547 0.10097 0.0956713 0.0787082 0.0562583 0.0385082 0.0265772 0.0177468 0.0107642 0.00564778 0.00247089 0.000876131
 3.43104e-11 1.6138e-09 5.25603e-08 1.18537e-06 1.85112e-05 0.000200173 0.00149889 0.00777236 0.0279158 0.069509 0.120401 0.14705 0.133028 0.102969 0.085111 0.0774632 0.067499 0.0540865 0.0406021 0.0281442 0.0177496 0.010262 0.00537608 0.00243664 0.00090647
 3.14684e-11 1.48012e-09 4.82065e-08 1.08718e-06 1.69779e-05 0.000183592 0.00137475 0.00712887 0.0256081 0.0637976 0.110744 0.136365 0.126903 0.105492 0.0952084 0.0891251 0.0746117 0.0556008 0.0399513 0.0283139 0.0188543 0.0112565 0.00586973 0.00261963 0.000973999
 3.44704e-11 1.62132e-09 5.28054e-08 1.1909e-06 1.85975e-05 0.000201106 0.00150588 0.00780862 0.0280462 0.0698357 0.12098 0.147818 0.133909 0.103985 0.0861208 0.0778455 0.0665922 0.0521157 0.0386999 0.0272091 0.0177026 0.0105259 0.00558521 0.00254062 0.000952864
 3.5048e-11 1.64849e-09 5.36901e-08 1.21085e-06 1.89091e-05 0.000204476 0.00153111 0.00793949 0.0285167 0.0710114 0.123044 0.15047 0.13671 0.106883 0.0889312 0.0793607 0.065351 0.0483098 0.0343002 0.0239371 0.0157988 0.00948568 0.00503504 0.00229301 0.000866154
 3.30085e-11 1.55256e-09 5.05659e-08 1.14039e-06 1.78088e-05 0.000192578 0.00144203 0.00747766 0.0268598 0.066904 0.116054 0.142521 0.131412 0.106771 0.0936666 0.0864031 0.0720244 0.0531892 0.0370633 0.0249302 0.0158195 0.00927254 0.00489399 0.00223597 0.000848424
 3.55369e-11 1.67148e-09 5.44391e-08 1.22774e-06 1.91729e-05 0.000207328 0.00155247 0.00805017 0.0289134 0.0719911 0.124687 0.152218 0.137476 0.105832 0.0863774 0.076897 0.0646115 0.0493638 0.0357275 0.0244994 0.0154476 0.0088289 0.00452129 0.00201975 0.000758132
 3.55442e-11 1.67183e-09 5.44503e-08 1.22799e-06 1.91769e-05 0.000207371 0.00155279 0.00805188 0.0289203 0.0720151 0.124775 0.152546 0.138465 0.107966 0.0894315 0.079405 0.0648917 0.0472895 0.0328299 0.0222838 0.0142636 0.00828383 0.00424487 0.00186872 0.000687267
 3.26502e-11 1.53571e-09 5.0017e-08 1.12801e-06 1.76155e-05 0.000190487 0.00142637 0.00739653 0.0265689 0.0661842 0.114839 0.141182 0.13067 0.107177 0.0951501 0.088298 0.0735861 0.0540808 0.0373255 0.0247231 0.0153336 0.0087207 0.004447 0.00196161 0.000720125
 3.35144e-11 1.57636e-09 5.1341e-08 1.15787e-06 1.80818e-05 0.000195529 0.00146412 0.00759217 0.0272699 0.0679137 0.117725 0.144195 0.131763 0.104682 0.0894527 0.0821805 0.0701874 0.0542868 0.0396412 0.0272206 0.0170317 0.00957241 0.00478141 0.00207158 0.000752546
 3.15242e-11 1.48275e-09 4.82921e-08 1.08911e-06 1.7008e-05 0.000183918 0.00137719 0.00714149 0.0256531 0.0639067 0.110913 0.136477 0.126709 0.10477 0.0941117 0.0883624 0.074902 0.0568196 0.041184 0.0288661 0.0187898 0.0109571 0.00557594 0.00241468 0.000867547
 3.39174e-11 1.59531e-09 5.19582e-08 1.17179e-06 1.82992e-05 0.00019788 0.00148172 0.00768339 0.027597 0.0687222 0.119086 0.14567 0.132494 0.103985 0.0873844 0.0795546 0.0679636 0.0529852 0.0393629 0.0278439 0.0181951 0.0107569 0.0056123 0.00249368 0.00091089
#spawning biomass
 24518.6 22465.4 16813.5 11820.2 13105.1 24976.8 37831.2 45060.4 57728.8 74976.9 96863.2 125783 149937 164782 187855 169549 173583 154811 149065 150066 159759 162608 166640 180315 197449 204907 219864 227064 200135 177503 219364 146194 89590.9 56219.9 38699.6 30107.5 26070.4 24225.6 23398 23031.4 22870.4 22800.1 22769.5 22756.3 22750.5 22748.1 22747 22746.5 22746.3 22746.3 22746.2 22746.2 22746.2 22746.2 22746.2 22746.2 22746.2 22746.2 22746.2 22746.2 22746.2 22746.2 22746.2 22746.2 22746.2 22746.2 22746.2 22746.2 22746.2 22746.2 22746.2 22746.2 22746.2 22746.2 22746.2 22746.2 22746.2 22746.2 22746.2 22746.2 22746.2 22746.2 22746.2 22746.2 22746.2 22746.2 22746.2 22746.2 22746.2 22746.2 22746.2 22746.2 22746.2 22746.2 22746.2 22746.2 22746.2 22746.2 22746.2 22746.2 22746.2 22746.2 22746.2 22746.2 22746.2 22746.2 22746.2 22746.2 22746.2 22746.2 22746.2 22746.2 22746.2 22746.2 22746.2 22746.2 22746.2 22746.2 22746.2 22746.2 22746.2 22746.2 22746.2 22746.2 22746.2 22746.2 22746.2 22746.2 22746.2 0 0 0 0 0 0 0 0 0 0 0 0 0 0 0 0 0 0 0 0 0 0 0 0 0
