SBPRF35
0.819782
Curr Bio
115260
B35
594585
F35
0.237966
FOFL
0
OFL
0
Bzero
234224
#pred survey bio
 15103.3 17657.9 21303.7 26096.3 28165.9 35253.8 45145.4 60113.2 67561.5 75366.2 79035.5 88425.8 108996 131126 113424 124078 139586 147245 129625 135461 143883 157408 135150 150522 125211 142381 144586 130947 2.44279e+06 3.57676e+06 4.17711e+06 4.14943e+06 3.84181e+06 3.45332e+06 3.08389e+06 2.77413e+06 2.53218e+06 2.35131e+06 2.21983e+06 2.12591e+06 2.0595e+06 2.0127e+06 1.97937e+06 1.95489e+06 1.93785e+06 1.92583e+06 1.91723e+06 1.91099e+06 1.90639e+06 1.90296e+06 1.90036e+06 1.89837e+06 1.89683e+06 1.89563e+06 1.89468e+06 1.89392e+06 1.89332e+06 1.89284e+06 1.89245e+06 1.89214e+06 1.89188e+06 1.89167e+06 1.89151e+06 1.89137e+06 1.89126e+06 1.89117e+06 1.89109e+06 1.89103e+06 1.89098e+06 1.89094e+06 1.89091e+06 1.89088e+06 1.89086e+06 1.89084e+06 1.89082e+06 1.89081e+06 1.8908e+06 1.89079e+06 1.89079e+06 1.89078e+06 1.89078e+06 1.89077e+06 1.89077e+06 1.89077e+06 1.89077e+06 1.89076e+06 1.89076e+06 1.89076e+06 1.89076e+06 1.89076e+06 1.89076e+06 1.89076e+06 1.89076e+06 1.89076e+06 1.89076e+06 1.89076e+06 1.89076e+06 1.89076e+06 1.89076e+06 1.89076e+06 1.89076e+06 1.89076e+06 1.89076e+06 1.89076e+06 1.89076e+06 1.89076e+06 1.89076e+06 1.89076e+06 1.89076e+06 1.89076e+06 1.89076e+06 1.89076e+06 1.89076e+06 1.89076e+06 1.89076e+06 1.89076e+06 1.89076e+06 1.89076e+06 1.89076e+06 1.89076e+06 1.89076e+06 1.89076e+06 1.89076e+06 1.89076e+06 1.89076e+06 1.89076e+06 1.89076e+06 1.89076e+06 0 0 0 0 0 0 0 0 0 0 0 0 0 0 0 0 0 0 0 0 0 0 0 0 0
#obs survey bio
 12656.4 18436.9 24377.4 23846.9 20008.8 31663.7 58057.3 55734.5 53404.7 61895.3 67628.1 63706.8 108469 108793 127490 75898.3 153305 105063 111772 96292.7 131724 172356 106930 116099 81043.7 107859 115586 110854
#pred catch bio
 7731.96 9539.8 11329.2 15644.2 15805.2 19656.7 23728 36090 40495.1 47724.8 48897.9 52452.9 62821.9 92181 71977.6 78313.1 89492.1 104641 85203.8 89573.5 92467.3 115856 87108.9 113697 84743.7 101179 103561 105556 0 25718.8 35385.5 35644.9 32567.5 28723.2 25131.2 22167 19890.5 18221.9 17037.7 16216.4 15656.5 15279.4 15026.3 14855.2 14744.8 14673.5 14627.5 14597.9 14578.7 14566.3 14558.4 14553.2 14549.9 14547.8 14546.4 14545.5 14544.9 14544.5 14544.3 14544.1 14544 14544 14543.9 14543.9 14543.9 14543.9 14543.9 14543.9 14543.9 14543.9 14543.9 14543.9 14543.9 14543.9 14543.9 14543.9 14543.9 14543.9 14543.9 14543.9 14543.9 14543.9 14543.9 14543.9 14543.9 14543.9 14543.9 14543.9 14543.9 14543.9 14543.9 14543.9 14543.9 14543.9 14543.9 14543.9 14543.9 14543.9 14543.9 14543.9 14543.9 14543.9 14543.9 14543.9 14543.9 14543.9 14543.9 14543.9 14543.9 14543.9 14543.9 14543.9 14543.9 14543.9 14543.9 14543.9 14543.9 14543.9 14543.9 14543.9 14543.9 14543.9 14543.9 14543.9 14543.9 14543.9 14543.9 14543.9 0 0 0 0 0 0 0 0 0 0 0 0 0 0 0 0 0 0 0 0 0 0 0 0 0
#obs catch bio
 10596.7 8861.49 10786 14583.7 15355.8 18855.4 21299.9 32895.1 38045.1 45142.4 45301.6 46985.9 56322.7 89568.6 62756.2 75475.5 83903 96595.4 76889.7 83822.3 80956.6 103664 79525.2 108993 79052.8 96713.8 94546.2 105708
#pred cpue bio
 10241.7 10685.5 12481.3 15407.8 16231.7 19802.7 25220.4 34272 38151.3 42834.4 44079.4 48788.4 59291.1 74136.1 62192.1 67696.9 75502.5 81266.1 69568.4 73200.7 76540.4 85105.8 70125.5 80531 63549.6 71742.8 73001.6 69339 1.14182e+06 2.74908e+06 3.87192e+06 3.95284e+06 3.65835e+06 3.27121e+06 2.90192e+06 2.59217e+06 2.35022e+06 2.16935e+06 2.03787e+06 1.94395e+06 1.87754e+06 1.83075e+06 1.79741e+06 1.77293e+06 1.75589e+06 1.74387e+06 1.73527e+06 1.72903e+06 1.72443e+06 1.721e+06 1.7184e+06 1.71641e+06 1.71487e+06 1.71367e+06 1.71272e+06 1.71197e+06 1.71136e+06 1.71088e+06 1.71049e+06 1.71018e+06 1.70992e+06 1.70972e+06 1.70955e+06 1.70941e+06 1.7093e+06 1.70921e+06 1.70913e+06 1.70907e+06 1.70902e+06 1.70898e+06 1.70895e+06 1.70892e+06 1.7089e+06 1.70888e+06 1.70887e+06 1.70885e+06 1.70884e+06 1.70883e+06 1.70883e+06 1.70882e+06 1.70882e+06 1.70881e+06 1.70881e+06 1.70881e+06 1.70881e+06 1.70881e+06 1.7088e+06 1.7088e+06 1.7088e+06 1.7088e+06 1.7088e+06 1.7088e+06 1.7088e+06 1.7088e+06 1.7088e+06 1.7088e+06 1.7088e+06 1.7088e+06 1.7088e+06 1.7088e+06 1.7088e+06 1.7088e+06 1.7088e+06 1.7088e+06 1.7088e+06 1.7088e+06 1.7088e+06 1.7088e+06 1.7088e+06 1.7088e+06 1.7088e+06 1.7088e+06 1.7088e+06 1.7088e+06 1.7088e+06 1.7088e+06 1.7088e+06 1.7088e+06 1.7088e+06 1.7088e+06 1.7088e+06 1.7088e+06 1.7088e+06 1.7088e+06 1.7088e+06 1.7088e+06 1.7088e+06 1.7088e+06 0 0 0 0 0 0 0 0 0 0 0 0 0 0 0 0 0 0 0 0 0 0 0 0 0
#obs cpue bio
 11911.1 17327.7 12612.5 22866.7 22610.5 27142.1 35267.5 50499.8 54921.6 68094.9 71223 104737 89902.4 96621.2 107449 98112.6 101801 161951 117324 127658 154006 125725 107596 135976 114786 120619 126974 89819.4
#pred surv len freq
 1.4884e-11 1.61623e-09 1.03473e-07 3.90557e-06 8.69128e-05 0.00114033 0.00882168 0.0402536 0.108538 0.174538 0.174989 0.130077 0.0996713 0.0808842 0.0570296 0.0370771 0.0247683 0.0168486 0.0118156 0.00873258 0.00692689 0.00597017 0.00528143 0.00412349 0.00242177
 1.4795e-11 1.60656e-09 1.02853e-07 3.8822e-06 8.63928e-05 0.00113351 0.00876917 0.0400192 0.107978 0.174215 0.177385 0.13895 0.114843 0.0949068 0.0628408 0.0351507 0.0190895 0.0101238 0.00538395 0.00309962 0.00199941 0.00146296 0.00116738 0.000876277 0.000515086
 1.48835e-11 1.61617e-09 1.03469e-07 3.90543e-06 8.69097e-05 0.00114029 0.00882164 0.0402587 0.108626 0.175272 0.178518 0.139999 0.11599 0.0962613 0.0642849 0.0361697 0.018982 0.00888572 0.00369084 0.00150564 0.000671416 0.000357756 0.000230686 0.00015587 8.83181e-05
 1.45528e-11 1.58026e-09 1.0117e-07 3.81865e-06 8.49786e-05 0.00111496 0.00862571 0.0393662 0.10624 0.171607 0.175647 0.139986 0.118645 0.099567 0.0666956 0.0375988 0.0198018 0.00926835 0.00372316 0.00132846 0.000438083 0.000148296 6.14342e-05 3.18338e-05 1.61574e-05
 1.48931e-11 1.61722e-09 1.03536e-07 3.90796e-06 8.6966e-05 0.00114103 0.00882739 0.0402857 0.108708 0.175484 0.179099 0.141377 0.118067 0.0978007 0.0641574 0.0348071 0.0175793 0.0079609 0.00310186 0.00106773 0.000325254 8.7924e-05 2.29058e-05 6.94726e-06 2.5625e-06
 1.5617e-11 1.69582e-09 1.08568e-07 4.09789e-06 9.11926e-05 0.00119648 0.00925622 0.0422389 0.113927 0.18349 0.18531 0.141212 0.112017 0.0906199 0.0595329 0.0327307 0.016689 0.00750468 0.00285662 0.000952336 0.000279645 7.1012e-05 1.5565e-05 3.09806e-06 6.49818e-07
 1.54783e-11 1.68076e-09 1.07604e-07 4.0615e-06 9.0383e-05 0.00118586 0.00917411 0.0418656 0.112938 0.182045 0.184541 0.142402 0.114947 0.0931955 0.0599898 0.0315654 0.0154319 0.00683135 0.00260162 0.000864493 0.000249175 6.11504e-05 1.265e-05 2.1868e-06 3.23044e-07
 1.51765e-11 1.64798e-09 1.05505e-07 3.9823e-06 8.86204e-05 0.00116274 0.00899524 0.0410502 0.110751 0.178617 0.181529 0.141313 0.115719 0.095078 0.0625244 0.0341609 0.0172403 0.007643 0.00285027 0.000927382 0.0002649 6.45785e-05 1.31038e-05 2.16447e-06 2.86462e-07
 1.51181e-11 1.64164e-09 1.051e-07 3.96698e-06 8.82796e-05 0.00115827 0.00896071 0.0408937 0.110343 0.178073 0.181509 0.14265 0.118231 0.0970262 0.0624033 0.0325379 0.0156783 0.00681025 0.00252597 0.000813459 0.000227167 5.39635e-05 1.07401e-05 1.74391e-06 2.23643e-07
 1.49527e-11 1.62368e-09 1.0395e-07 3.92358e-06 8.73137e-05 0.00114559 0.0088627 0.0404471 0.109148 0.176228 0.18002 0.1425 0.119352 0.0985815 0.063747 0.0334626 0.016106 0.00684948 0.00243971 0.00075398 0.000205236 4.79061e-05 9.33578e-06 1.48013e-06 1.85603e-07
 1.52855e-11 1.65982e-09 1.06263e-07 4.0109e-06 8.92569e-05 0.00117109 0.00905988 0.0413457 0.111555 0.179969 0.183157 0.1432 0.117752 0.0960659 0.0612986 0.0314277 0.0147362 0.00615413 0.00215307 0.000646315 0.000168664 3.76245e-05 7.07112e-06 1.09198e-06 1.33785e-07
 1.55088e-11 1.68407e-09 1.07816e-07 4.06951e-06 9.05612e-05 0.0011882 0.00919221 0.0419486 0.113168 0.182458 0.18516 0.143387 0.116251 0.094103 0.0597956 0.0304731 0.0141591 0.00583906 0.00200526 0.000588381 0.00014986 3.24225e-05 5.85286e-06 8.65283e-07 1.02076e-07
 1.59153e-11 1.72821e-09 1.10641e-07 4.17616e-06 9.29344e-05 0.00121934 0.009433 0.0430453 0.116097 0.186943 0.188597 0.143153 0.112628 0.0898794 0.0571591 0.0294127 0.0138327 0.00575212 0.00198445 0.000581678 0.000146637 3.11212e-05 5.47438e-06 7.83421e-07 8.88865e-08
 1.48867e-11 1.61652e-09 1.03491e-07 3.90627e-06 8.69285e-05 0.00114054 0.00882365 0.0402697 0.10868 0.175562 0.179755 0.143346 0.121179 0.100117 0.0639025 0.0325722 0.0151706 0.00631589 0.00220574 0.000657106 0.00016758 3.56648e-05 6.22642e-06 8.75477e-07 9.67938e-08
 1.52349e-11 1.65433e-09 1.05912e-07 3.99764e-06 8.89618e-05 0.00116722 0.00902999 0.0412106 0.111209 0.179558 0.183424 0.145145 0.12115 0.0986474 0.0610565 0.0290866 0.0123773 0.00475617 0.00153566 0.000424561 0.000103461 2.16974e-05 3.78192e-06 5.30535e-07 5.81218e-08
 1.5671e-11 1.70168e-09 1.08943e-07 4.11206e-06 9.15079e-05 0.00120062 0.00928828 0.0423864 0.11434 0.184281 0.186694 0.143746 0.115522 0.0929973 0.0587986 0.0296388 0.0134573 0.00530705 0.00168147 0.00044128 0.000100268 1.9598e-05 3.24134e-06 4.42922e-07 4.80956e-08
 1.57629e-11 1.71166e-09 1.09582e-07 4.13617e-06 9.20446e-05 0.00120766 0.00934275 0.0426349 0.115009 0.185345 0.187702 0.144326 0.115652 0.0926169 0.057806 0.0283986 0.01261 0.00501365 0.00165473 0.000455884 0.000105379 2.00037e-05 3.11063e-06 3.96656e-07 4.07509e-08
 1.51578e-11 1.64596e-09 1.05376e-07 3.9774e-06 8.85115e-05 0.00116131 0.0089843 0.0410023 0.110649 0.178673 0.182614 0.144755 0.121176 0.0990163 0.0617549 0.0299137 0.0129874 0.00503749 0.00161828 0.000437953 0.000102242 2.00142e-05 3.1762e-06 3.9905e-07 3.90676e-08
 1.56091e-11 1.69496e-09 1.08513e-07 4.09583e-06 9.11468e-05 0.00119589 0.0092517 0.0422208 0.113913 0.183746 0.186867 0.145697 0.118997 0.095597 0.0584327 0.0271501 0.0111168 0.00408523 0.00123937 0.000313018 6.85408e-05 1.28769e-05 2.02001e-06 2.56592e-07 2.5405e-08
 1.5624e-11 1.69658e-09 1.08617e-07 4.09974e-06 9.12338e-05 0.00119703 0.0092605 0.0422605 0.114013 0.18385 0.186708 0.144905 0.117676 0.0946696 0.0587039 0.0282441 0.0120815 0.00454078 0.00137163 0.000337569 7.07192e-05 1.25316e-05 1.84899e-06 2.24294e-07 2.17508e-08
 1.59815e-11 1.7354e-09 1.11102e-07 4.19354e-06 9.33211e-05 0.00122441 0.00947229 0.0432252 0.116592 0.187817 0.189834 0.144982 0.114912 0.0912108 0.0562084 0.0268646 0.0114467 0.00433971 0.00134433 0.000341941 7.29853e-05 1.28092e-05 1.82237e-06 2.09409e-07 1.91606e-08
 1.55793e-11 1.69173e-09 1.08306e-07 4.08801e-06 9.09728e-05 0.0011936 0.00923402 0.04214 0.113692 0.183368 0.186386 0.145083 0.118297 0.0952529 0.0588607 0.0280866 0.0119339 0.00451866 0.00140282 0.000360186 7.84751e-05 1.41701e-05 2.06235e-06 2.37272e-07 2.11627e-08
 1.61233e-11 1.7508e-09 1.12088e-07 4.23075e-06 9.41492e-05 0.00123528 0.00955635 0.0436092 0.117631 0.189522 0.191698 0.14673 0.116444 0.0916188 0.054578 0.0239788 0.0090388 0.00310191 0.000893402 0.000213407 4.39443e-05 7.72631e-06 1.12347e-06 1.31129e-07 1.18821e-08
 1.57548e-11 1.71078e-09 1.09526e-07 4.13405e-06 9.19974e-05 0.00120704 0.00933798 0.0426137 0.11496 0.18533 0.187988 0.14531 0.117251 0.0938391 0.0577397 0.0273061 0.0113699 0.00413244 0.0011866 0.000271085 5.23693e-05 8.62461e-06 1.1862e-06 1.33745e-07 1.19954e-08
 1.64645e-11 1.78785e-09 1.1446e-07 4.32028e-06 9.61416e-05 0.00126142 0.00975851 0.0445303 0.120097 0.193341 0.194837 0.147234 0.11447 0.0887883 0.0520858 0.0221214 0.00789033 0.00257536 0.00071235 0.000161379 3.06537e-05 4.82733e-06 6.191e-07 6.46128e-08 5.42505e-09
 1.68413e-11 1.82877e-09 1.17079e-07 4.41916e-06 9.8342e-05 0.00129028 0.00998173 0.0455465 0.122804 0.197433 0.197712 0.146161 0.109817 0.084053 0.0500945 0.0224185 0.00864247 0.00294254 0.000796113 0.000168521 2.9858e-05 4.52743e-06 5.69587e-07 5.76526e-08 4.58485e-09
 1.6556e-11 1.79778e-09 1.15096e-07 4.34429e-06 9.66758e-05 0.00126842 0.00981272 0.0447772 0.120757 0.194357 0.195645 0.147275 0.1138 0.0879454 0.0514784 0.0217733 0.00769692 0.00247298 0.000665142 0.000143847 2.56986e-05 3.76836e-06 4.44978e-07 4.24167e-08 3.23576e-09
 1.54728e-11 1.68016e-09 1.07565e-07 4.06005e-06 9.03506e-05 0.00118544 0.00917097 0.0418541 0.112947 0.182377 0.18636 0.147556 0.122942 0.0988817 0.0586992 0.0251266 0.00899726 0.00287996 0.000747589 0.000151496 2.54011e-05 3.6193e-06 4.25035e-07 3.98333e-08 2.91068e-09
#obs surv len freq
 1.38672e-11 1.50581e-09 9.64035e-08 3.63875e-06 8.09755e-05 0.00106244 0.00821943 0.0375128 0.101242 0.163523 0.167193 0.132692 0.113031 0.0999288 0.0759283 0.0501467 0.0288649 0.0136003 0.0050876 0.00148974 0.000331682 5.43515e-05 6.37105e-06 5.20022e-07 2.8801e-08
 1.21914e-11 1.32384e-09 8.47536e-08 3.19903e-06 7.11904e-05 0.000934069 0.00722702 0.0329986 0.0892558 0.145668 0.155596 0.13957 0.13531 0.120917 0.0840347 0.0481671 0.02449 0.0106504 0.00377604 0.00106142 0.000227918 3.58826e-05 3.99866e-06 3.06245e-07 1.5727e-08
 1.41541e-11 1.53697e-09 9.8398e-08 3.71404e-06 8.26509e-05 0.00108443 0.00838981 0.0382949 0.1034 0.167284 0.17183 0.137153 0.115836 0.100091 0.0736898 0.0458062 0.0236381 0.0095306 0.00297845 0.000738961 0.000144112 2.11245e-05 2.21728e-06 1.6019e-07 7.72808e-09
 1.22341e-11 1.32848e-09 8.50506e-08 3.21024e-06 7.144e-05 0.000937357 0.00725285 0.0331237 0.0896686 0.146772 0.158032 0.14303 0.137387 0.120217 0.0820765 0.0461037 0.0225119 0.00910402 0.00287802 0.00069027 0.000123002 1.60252e-05 1.50021e-06 9.82735e-08 4.36182e-09
 1.40401e-11 1.52459e-09 9.76055e-08 3.68413e-06 8.19856e-05 0.00107571 0.00832275 0.0379963 0.102674 0.166589 0.172699 0.140329 0.119244 0.10142 0.0729234 0.043823 0.0215735 0.00821666 0.00238972 0.000536075 9.1057e-05 1.12402e-05 9.72239e-07 5.74754e-08 2.27951e-09
 1.32626e-11 1.44016e-09 9.22002e-08 3.48011e-06 7.74456e-05 0.00101616 0.00786269 0.0359091 0.0971883 0.158754 0.168784 0.145974 0.131059 0.10975 0.0735045 0.0406892 0.0192618 0.007405 0.00219039 0.00048375 7.78665e-05 8.94545e-06 7.18827e-07 3.94646e-08 1.4441e-09
 1.34063e-11 1.45577e-09 9.31994e-08 3.51783e-06 7.82851e-05 0.00102718 0.00794807 0.0363003 0.0982515 0.160435 0.169996 0.145029 0.127878 0.107404 0.0740899 0.0421753 0.0196978 0.00718379 0.00200296 0.000424505 6.65742e-05 7.42272e-06 5.68809e-07 2.9249e-08 9.91317e-10
 1.3281e-11 1.44216e-09 9.23281e-08 3.48494e-06 7.75536e-05 0.0010176 0.00787442 0.035973 0.0974616 0.159728 0.171218 0.14932 0.132772 0.108951 0.0717195 0.0385998 0.0172187 0.00606446 0.00162356 0.000324735 4.75054e-05 4.94713e-06 3.56761e-07 1.73429e-08 5.5453e-10
 1.26059e-11 1.36885e-09 8.7635e-08 3.30781e-06 7.3612e-05 0.000965902 0.00747507 0.0341612 0.0926859 0.152721 0.166578 0.150567 0.137985 0.114504 0.0759142 0.0408001 0.0177574 0.0059705 0.00151003 0.000284733 3.92111e-05 3.82383e-06 2.56544e-07 1.15611e-08 3.42843e-10
 1.30922e-11 1.42166e-09 9.10161e-08 3.43542e-06 7.64522e-05 0.00100317 0.00776353 0.0354784 0.0962304 0.158244 0.170909 0.150036 0.132712 0.108909 0.0732054 0.0401514 0.0176275 0.00588993 0.00145789 0.000264174 3.4382e-05 3.13543e-06 1.9567e-07 8.17657e-09 2.24251e-10
 1.31579e-11 1.42879e-09 9.14724e-08 3.45265e-06 7.6836e-05 0.00100823 0.00780318 0.0356683 0.0968249 0.159625 0.173443 0.153181 0.134377 0.10765 0.0700909 0.037275 0.0160544 0.00533258 0.00131707 0.000236148 2.9943e-05 2.61646e-06 1.54199e-07 6.01844e-09 1.53054e-10
 1.29943e-11 1.41103e-09 9.03352e-08 3.40974e-06 7.58815e-05 0.00099573 0.00770727 0.0352431 0.095796 0.158607 0.174347 0.156776 0.138182 0.108883 0.0686798 0.0348642 0.0141744 0.00442971 0.00103419 0.000177026 2.16129e-05 1.82198e-06 1.031e-07 3.83074e-09 9.18696e-11
 1.28568e-11 1.3961e-09 8.93798e-08 3.37368e-06 7.50796e-05 0.000985235 0.00762674 0.0348857 0.0949193 0.157609 0.174376 0.157939 0.139174 0.109391 0.0690691 0.0348725 0.0138476 0.00414751 0.00091446 0.000146512 1.671e-05 1.32031e-06 7.03762e-08 2.47211e-09 5.60998e-11
 1.17952e-11 1.28082e-09 8.19992e-08 3.09511e-06 6.88816e-05 0.000903963 0.00699937 0.0320453 0.0874751 0.146856 0.167657 0.160571 0.147696 0.117617 0.0744106 0.0374786 0.0147619 0.00435749 0.000937311 0.000144286 1.55603e-05 1.1488e-06 5.68604e-08 1.85181e-09 3.90134e-11
 1.29085e-11 1.40171e-09 8.97393e-08 3.38727e-06 7.53831e-05 0.000989266 0.00765911 0.0350495 0.0954764 0.158901 0.176026 0.15794 0.136644 0.107296 0.0691842 0.0355669 0.0140666 0.00411048 0.000867638 0.000130017 1.35197e-05 9.52078e-07 4.44601e-08 1.35314e-09 2.64531e-11
 1.19259e-11 1.29501e-09 8.29083e-08 3.12945e-06 6.96477e-05 0.000914098 0.00707987 0.0324425 0.0887858 0.150009 0.173071 0.165939 0.148746 0.113674 0.0688332 0.0332584 0.0126597 0.00363438 0.000757497 0.000111344 1.1241e-05 7.61363e-07 3.39242e-08 9.78084e-10 1.79918e-11
 1.23715e-11 1.3434e-09 8.60062e-08 3.24639e-06 7.22505e-05 0.000948263 0.00734438 0.033649 0.091997 0.154718 0.175608 0.162862 0.142591 0.110353 0.0690684 0.0339037 0.0126304 0.00346019 0.000685181 9.63519e-05 9.36863e-06 6.11864e-07 2.61915e-08 7.21179e-10 1.2592e-11
 1.22245e-11 1.32744e-09 8.49849e-08 3.20787e-06 7.13952e-05 0.000937125 0.00726032 0.033296 0.0913003 0.154825 0.178977 0.169376 0.147137 0.108952 0.0640767 0.029713 0.0106365 0.00282309 0.00053775 7.17512e-05 6.55645e-06 4.01539e-07 1.61575e-08 4.19547e-10 6.91975e-12
 1.17518e-11 1.27611e-09 8.16988e-08 3.08386e-06 6.86375e-05 0.00090102 0.0069828 0.0320537 0.0881376 0.150575 0.176888 0.171065 0.150835 0.11258 0.0662588 0.030165 0.0103552 0.00259984 0.000467456 5.9015e-05 5.10306e-06 2.94611e-07 1.11133e-08 2.69306e-10 4.13623e-12
 1.19688e-11 1.29967e-09 8.32074e-08 3.14083e-06 6.9907e-05 0.000917743 0.00711355 0.0326666 0.0898911 0.153678 0.180076 0.172076 0.148961 0.109605 0.063846 0.0286759 0.00962921 0.00233763 0.000400908 4.76805e-05 3.85417e-06 2.0741e-07 7.29031e-09 1.64593e-10 2.35303e-12
 1.20906e-11 1.31291e-09 8.40549e-08 3.17286e-06 7.06222e-05 0.00092722 0.00718889 0.0330352 0.0910547 0.156169 0.183614 0.174752 0.14869 0.106715 0.0604436 0.0263518 0.00858739 0.00202111 0.000334532 3.80865e-05 2.91839e-06 1.47507e-07 4.83447e-09 1.01291e-10 1.34046e-12
 1.17201e-11 1.27268e-09 8.14799e-08 3.07572e-06 6.84643e-05 0.000899048 0.00697406 0.0320946 0.088811 0.153806 0.184249 0.178904 0.152669 0.107744 0.0592186 0.0248068 0.00771851 0.00172948 0.000272212 2.94411e-05 2.139e-06 1.02168e-07 3.15007e-09 6.17781e-11 7.61601e-13
 1.16263e-11 1.26249e-09 8.08285e-08 3.05118e-06 6.79213e-05 0.000892029 0.0069218 0.0318785 0.0883605 0.153475 0.1844 0.179025 0.152626 0.108184 0.0597691 0.0249008 0.00758262 0.00163953 0.000246408 2.52584e-05 1.73085e-06 7.77442e-08 2.24959e-09 4.13299e-11 4.76393e-13
 1.20898e-11 1.31282e-09 8.40512e-08 3.17289e-06 7.06331e-05 0.000927731 0.0072003 0.0331732 0.0919804 0.159572 0.190191 0.180581 0.148973 0.102176 0.0547769 0.0221939 0.00657874 0.0013811 0.00020014 1.9598e-05 1.27153e-06 5.37015e-08 1.45412e-09 2.49236e-11 2.67507e-13
 1.16772e-11 1.26803e-09 8.11849e-08 3.06481e-06 6.82351e-05 0.000896515 0.00696392 0.0321559 0.0896643 0.157568 0.192097 0.186299 0.153297 0.102003 0.0521262 0.0199775 0.00559789 0.00111344 0.000153176 1.42431e-05 8.7593e-07 3.49427e-08 8.89798e-10 1.42796e-11 1.42956e-13
 1.28835e-11 1.39902e-09 8.95712e-08 3.38139e-06 7.52812e-05 0.000988973 0.00767866 0.0354 0.0981913 0.169853 0.199364 0.182158 0.142618 0.0929802 0.047127 0.0177354 0.0047926 0.000905896 0.000117425 1.02497e-05 5.91077e-07 2.21062e-08 5.27564e-10 7.92721e-12 7.41947e-14
 9.9849e-12 1.08429e-09 6.94248e-08 2.62129e-06 5.83859e-05 0.000767997 0.00598374 0.0278464 0.0791521 0.145088 0.189939 0.197788 0.166892 0.108591 0.0528641 0.0190371 0.00495977 0.000906014 0.000112804 9.35956e-06 5.08063e-07 1.77642e-08 3.94813e-10 5.51513e-12 4.79564e-14
 1.17489e-11 1.27584e-09 8.16876e-08 3.08408e-06 6.86792e-05 0.000902799 0.00702019 0.0324819 0.0908568 0.160039 0.194233 0.185756 0.151637 0.101362 0.051322 0.0186654 0.00472821 0.000819666 9.602e-05 7.49193e-06 3.82625e-07 1.25688e-08 2.6158e-10 3.40815e-12 2.75428e-14
#pred catch len freq
 9.88317e-12 1.07319e-09 6.87069e-08 2.59334e-06 5.77114e-05 0.000757214 0.00585861 0.0267501 0.0723631 0.118264 0.127534 0.118572 0.121327 0.113805 0.0859246 0.0595337 0.0416301 0.0289249 0.0204682 0.0151816 0.0120566 0.0103946 0.00919611 0.00717997 0.00421688
 1.03093e-11 1.11947e-09 7.16694e-08 2.70516e-06 6.01999e-05 0.000789871 0.00611152 0.0279106 0.0755801 0.124148 0.136765 0.134085 0.143193 0.132688 0.0923257 0.0543412 0.0308665 0.0167597 0.00901041 0.00521328 0.00336876 0.00246607 0.00196801 0.00147729 0.00086837
 1.04267e-11 1.13222e-09 7.24857e-08 2.73598e-06 6.08856e-05 0.000798868 0.00618114 0.0282286 0.0764426 0.125575 0.138391 0.135833 0.145351 0.135257 0.0949682 0.0561818 0.0307571 0.0147136 0.00617752 0.00253602 0.00113436 0.000605057 0.000390244 0.000263691 0.000149412
 1.0493e-11 1.13941e-09 7.29462e-08 2.75336e-06 6.12724e-05 0.000803943 0.0062204 0.0284078 0.0769262 0.126356 0.139188 0.136452 0.145803 0.135425 0.0947039 0.055691 0.0303935 0.0144858 0.00586892 0.00210414 0.000695626 0.00023575 9.77063e-05 5.06345e-05 2.57001e-05
 1.06646e-11 1.15804e-09 7.41391e-08 2.79838e-06 6.22744e-05 0.000817089 0.00632211 0.0288721 0.0781815 0.128401 0.141359 0.138345 0.147363 0.135892 0.0932304 0.0529073 0.0278207 0.01287 0.00506491 0.00175316 0.000535586 0.000144969 3.77884e-05 1.14637e-05 4.22862e-06
 1.14709e-11 1.2456e-09 7.97443e-08 3.00995e-06 6.69825e-05 0.000878857 0.00679979 0.0310479 0.0839947 0.137318 0.148265 0.138127 0.140579 0.127892 0.0881621 0.0507087 0.0268784 0.0123318 0.00473889 0.00158855 0.000467837 0.000118959 2.60891e-05 5.19406e-06 1.08956e-06
 1.11447e-11 1.21018e-09 7.7477e-08 2.92437e-06 6.50781e-05 0.000853873 0.00660662 0.0301689 0.0816586 0.133835 0.146059 0.139835 0.145804 0.132824 0.0896518 0.0494529 0.0252732 0.0114615 0.00441406 0.00147572 0.000426706 0.000104872 2.17086e-05 3.75378e-06 5.5459e-07
 1.12473e-11 1.22132e-09 7.81899e-08 2.95128e-06 6.56769e-05 0.000861728 0.00666733 0.0304448 0.0823864 0.134876 0.146497 0.138596 0.14311 0.130646 0.0896444 0.0509793 0.0266414 0.012027 0.00452364 0.00147915 0.000423642 0.000103403 2.09925e-05 3.46829e-06 4.5906e-07
 1.12104e-11 1.21732e-09 7.79339e-08 2.94162e-06 6.54619e-05 0.000858909 0.00664558 0.0303469 0.0821405 0.134627 0.146933 0.140675 0.146584 0.13315 0.0891 0.0482773 0.0241301 0.0106949 0.00400359 0.00129579 0.000362824 8.62949e-05 1.71842e-05 2.79091e-06 3.57947e-07
 1.12569e-11 1.22236e-09 7.82566e-08 2.9538e-06 6.57329e-05 0.000862465 0.00667308 0.0304721 0.082475 0.135139 0.147324 0.14065 0.146207 0.132818 0.0890941 0.0484176 0.0240705 0.0104182 0.00374106 0.00116153 0.000316988 7.40788e-05 1.44435e-05 2.29041e-06 2.87235e-07
 1.1559e-11 1.25516e-09 8.03568e-08 3.03307e-06 6.7497e-05 0.000885609 0.00685209 0.0312881 0.0846636 0.138564 0.150314 0.141677 0.145356 0.130951 0.0867494 0.0460641 0.0223467 0.00951173 0.00335679 0.00101256 0.000264962 5.91825e-05 1.11291e-05 1.71907e-06 2.10636e-07
 1.16498e-11 1.26503e-09 8.09883e-08 3.0569e-06 6.80273e-05 0.000892567 0.00690591 0.0315333 0.0853204 0.139585 0.151167 0.141862 0.14492 0.1303 0.0861676 0.0455917 0.0219743 0.00925064 0.00320702 0.000946065 0.000241703 5.23702e-05 9.45998e-06 1.39896e-06 1.65053e-07
 1.20155e-11 1.30474e-09 8.35307e-08 3.15287e-06 7.01629e-05 0.000920584 0.00712257 0.03252 0.0879544 0.143606 0.154191 0.14146 0.141366 0.126298 0.0838607 0.044894 0.0219236 0.00930867 0.00324235 0.000955619 0.000241666 5.1368e-05 9.0422e-06 1.2944e-06 1.46882e-07
 1.1754e-11 1.27634e-09 8.17125e-08 3.08424e-06 6.86357e-05 0.000900548 0.00696764 0.0318148 0.0860761 0.140774 0.152234 0.142312 0.14476 0.129698 0.0852063 0.044544 0.0212648 0.0089772 0.00315476 0.000942975 0.000240928 5.13197e-05 8.96306e-06 1.2605e-06 1.39373e-07
 1.16703e-11 1.26725e-09 8.11308e-08 3.06228e-06 6.81471e-05 0.00089414 0.00691814 0.0315906 0.0854952 0.14003 0.15238 0.144715 0.149135 0.133123 0.0851027 0.0417674 0.0183703 0.00720649 0.00234881 0.000652676 0.000159518 3.35006e-05 5.84278e-06 8.19847e-07 8.98267e-08
 1.21285e-11 1.31701e-09 8.43163e-08 3.18252e-06 7.08228e-05 0.000929242 0.00718955 0.0328258 0.0887806 0.144948 0.155598 0.142646 0.142313 0.126598 0.0830187 0.0432216 0.0202532 0.00813065 0.00259688 0.00068476 0.000156064 3.05517e-05 5.05657e-06 6.91183e-07 7.50631e-08
 1.23297e-11 1.33886e-09 8.57148e-08 3.23531e-06 7.19974e-05 0.000944653 0.00730875 0.0333693 0.0902403 0.147249 0.157684 0.143585 0.142104 0.125475 0.0810721 0.0410456 0.0187997 0.00761308 0.00253345 0.000701072 0.000162468 3.08807e-05 4.80505e-06 6.12909e-07 6.29767e-08
 1.21762e-11 1.32219e-09 8.46478e-08 3.19503e-06 7.11012e-05 0.000932896 0.00721785 0.0329557 0.0891408 0.145609 0.15664 0.144374 0.144553 0.127837 0.0818875 0.0405606 0.0180286 0.00709328 0.00229328 0.000622749 0.000145673 2.85441e-05 4.53187e-06 5.69486e-07 5.57586e-08
 1.23062e-11 1.3363e-09 8.55513e-08 3.22914e-06 7.18601e-05 0.000942853 0.00729488 0.0333073 0.0900904 0.147148 0.158235 0.145668 0.145498 0.127946 0.0806198 0.0384384 0.0162085 0.00607156 0.00185804 0.000471443 0.000103524 1.94778e-05 3.0575e-06 3.88492e-07 3.84691e-08
 1.23343e-11 1.33936e-09 8.57469e-08 3.23652e-06 7.20244e-05 0.000945008 0.00731151 0.0333824 0.0902823 0.14737 0.158056 0.144507 0.143508 0.126523 0.0809763 0.0400239 0.0176157 0.00673651 0.00205069 0.000506871 0.000106485 1.88979e-05 2.7903e-06 3.3859e-07 3.28394e-08
 1.26292e-11 1.37138e-09 8.77969e-08 3.31389e-06 7.37462e-05 0.000967598 0.00748622 0.0341783 0.0924102 0.150647 0.160655 0.144623 0.141305 0.123702 0.0788512 0.0387724 0.0170306 0.00657876 0.00205512 0.000525118 0.000112396 1.9755e-05 2.81255e-06 3.23302e-07 2.95865e-08
 1.29179e-11 1.40273e-09 8.9804e-08 3.38965e-06 7.54321e-05 0.000989716 0.00765728 0.0349576 0.0944957 0.153871 0.163276 0.144951 0.139484 0.121203 0.0767722 0.037325 0.016175 0.00619973 0.00193516 0.000498286 0.000108749 1.96539e-05 2.86164e-06 3.29292e-07 2.93729e-08
 1.28691e-11 1.39743e-09 8.94645e-08 3.37684e-06 7.5147e-05 0.000985977 0.00762841 0.0348274 0.0941656 0.153509 0.163703 0.147294 0.143458 0.124099 0.0762078 0.0342881 0.0133167 0.00467123 0.00135922 0.000326348 6.74101e-05 1.18716e-05 1.72752e-06 2.01699e-07 1.82796e-08
 1.33178e-11 1.44615e-09 9.25838e-08 3.49458e-06 7.7767e-05 0.00102035 0.00789419 0.036037 0.097383 0.158329 0.166871 0.145315 0.136848 0.117755 0.0741425 0.0356382 0.0150929 0.00554374 0.00159922 0.000366253 7.08738e-05 1.16834e-05 1.60763e-06 1.813e-07 1.6262e-08
 1.3563e-11 1.47278e-09 9.4289e-08 3.55894e-06 7.91993e-05 0.00103914 0.00803958 0.0367008 0.0991783 0.161258 0.170003 0.148083 0.139083 0.1181 0.071231 0.0308335 0.0112736 0.00375319 0.00104805 0.000238499 4.54222e-05 7.16343e-06 9.19353e-07 9.59821e-08 8.06025e-09
 1.42935e-11 1.55211e-09 9.93673e-08 3.75062e-06 8.34648e-05 0.0010951 0.00847232 0.0386711 0.104433 0.169236 0.175783 0.146572 0.130924 0.109472 0.0670835 0.0305704 0.0120273 0.00415285 0.00113066 0.000240102 4.2635e-05 6.47368e-06 8.14978e-07 8.25152e-08 6.56294e-09
 1.40052e-11 1.5208e-09 9.73632e-08 3.67498e-06 8.17815e-05 0.00107302 0.00830157 0.0378942 0.102368 0.166159 0.17384 0.148096 0.135553 0.113794 0.0682876 0.0293367 0.0105779 0.00345316 0.000935896 0.000203124 3.63662e-05 5.33914e-06 6.30849e-07 6.01531e-08 4.58949e-09
 1.35222e-11 1.46835e-09 9.40049e-08 3.54822e-06 7.89608e-05 0.00103601 0.00801538 0.0365906 0.0988846 0.160813 0.169684 0.148181 0.139575 0.118653 0.0715682 0.0309254 0.0112011 0.0036175 0.000942976 0.000191465 3.21438e-05 4.58373e-06 5.38507e-07 5.04769e-08 3.68874e-09
#obs catch len freq
 9.44291e-12 1.02539e-09 6.56463e-08 2.47783e-06 5.51409e-05 0.000723496 0.00559811 0.0255687 0.0692702 0.113987 0.126335 0.125652 0.137972 0.136798 0.10913 0.0745179 0.0435539 0.0204754 0.00757905 0.00219976 0.000490045 8.13528e-05 9.75887e-06 8.18932e-07 4.66167e-08
 1.23894e-11 1.34535e-09 8.61302e-08 3.25099e-06 7.23465e-05 0.000949231 0.00734407 0.0335271 0.0906057 0.147252 0.154521 0.132218 0.123173 0.112782 0.086221 0.0567548 0.0322688 0.0149212 0.0054485 0.00154735 0.000331911 5.20664e-05 5.80651e-06 4.48315e-07 2.33682e-08
 1.0866e-11 1.17992e-09 7.55398e-08 2.85126e-06 6.34513e-05 0.000832543 0.00644208 0.029427 0.0797497 0.131286 0.144999 0.140679 0.14593 0.132743 0.0922243 0.0526348 0.0264623 0.0112961 0.00390711 0.00106404 0.00021978 3.30643e-05 3.49981e-06 2.53245e-07 1.22307e-08
 1.29825e-11 1.40975e-09 9.02533e-08 3.40662e-06 7.58099e-05 0.000994682 0.00769595 0.0351376 0.0949948 0.154542 0.162303 0.137697 0.124709 0.110552 0.0815176 0.0502617 0.0255002 0.0100563 0.00306349 0.000736653 0.000138175 1.93367e-05 1.92531e-06 1.31245e-07 5.94817e-09
 1.12472e-11 1.22131e-09 7.81896e-08 2.95128e-06 6.56773e-05 0.000861763 0.00666854 0.0304675 0.0826241 0.136254 0.150723 0.144744 0.145818 0.128841 0.0876512 0.04886 0.0234946 0.00928443 0.00285066 0.000660185 0.000112949 1.40451e-05 1.2471e-06 7.7032e-08 3.20865e-09
 1.31419e-11 1.42706e-09 9.13616e-08 3.44845e-06 7.67412e-05 0.00100691 0.00779101 0.0355789 0.0962601 0.156989 0.165901 0.141529 0.126574 0.109385 0.0784596 0.0466223 0.0225005 0.00835741 0.0023608 0.000511233 8.3231e-05 9.78542e-06 8.01816e-07 4.46849e-08 1.6632e-09
 1.24584e-11 1.35284e-09 8.66097e-08 3.2691e-06 7.27502e-05 0.000954572 0.00738677 0.0337477 0.0914765 0.15033 0.16323 0.14791 0.13817 0.116598 0.0776984 0.0425738 0.0197861 0.0074107 0.00212259 0.00045121 6.9506e-05 7.5989e-06 5.77903e-07 2.9879e-08 1.02542e-09
 1.28478e-11 1.39513e-09 8.93171e-08 3.37129e-06 7.50245e-05 0.000984416 0.00761773 0.0348022 0.0943112 0.154721 0.166512 0.146882 0.133096 0.112124 0.07677 0.0430923 0.0196894 0.00698593 0.00188575 0.000384434 5.75952e-05 6.09858e-06 4.41651e-07 2.13699e-08 6.78924e-10
 1.27951e-11 1.3894e-09 8.89507e-08 3.35746e-06 7.47171e-05 0.0009804 0.00758722 0.0346726 0.0940609 0.154898 0.168582 0.151483 0.137562 0.112795 0.073577 0.0390315 0.0170254 0.00582512 0.00150679 0.000289454 4.04184e-05 3.99438e-06 2.71921e-07 1.24225e-08 3.7194e-10
 1.21873e-11 1.3234e-09 8.47255e-08 3.19799e-06 7.11686e-05 0.000933864 0.00722786 0.0330441 0.0897844 0.148697 0.164667 0.152896 0.142332 0.117694 0.0771969 0.0408049 0.0173295 0.00565219 0.00137978 0.000249599 3.27663e-05 3.02873e-06 1.91651e-07 8.11068e-09 2.25049e-10
 1.27463e-11 1.38409e-09 8.8611e-08 3.34465e-06 7.44326e-05 0.000976696 0.00755935 0.0345577 0.0938538 0.155018 0.169574 0.152257 0.136453 0.111513 0.074097 0.0399029 0.0170632 0.00552065 0.00131635 0.000228432 2.83043e-05 2.44419e-06 1.43739e-07 5.63637e-09 1.44547e-10
 1.29463e-11 1.40581e-09 9.00015e-08 3.39714e-06 7.56012e-05 0.00099205 0.00767872 0.0351114 0.0954261 0.157918 0.173326 0.155446 0.13705 0.108884 0.0699638 0.0365078 0.0153064 0.00491711 0.00116774 0.000200105 2.41124e-05 1.99233e-06 1.10537e-07 4.04565e-09 9.61564e-11
 1.283e-11 1.39319e-09 8.91932e-08 3.36664e-06 7.49231e-05 0.000983184 0.00761099 0.034816 0.0947544 0.157488 0.174769 0.159152 0.140457 0.109505 0.0680494 0.0338435 0.013379 0.00404083 0.000906606 0.000148188 1.71706e-05 1.36665e-06 7.27037e-08 2.53054e-09 5.66809e-11
 1.27343e-11 1.3828e-09 8.85284e-08 3.34155e-06 7.43655e-05 0.000975898 0.00755537 0.0345732 0.0941905 0.156991 0.175215 0.160342 0.141129 0.109613 0.068093 0.0336175 0.0129555 0.00374412 0.000792299 0.0001211 1.3098e-05 9.76264e-07 4.88701e-08 1.60627e-09 3.40078e-11
 1.17265e-11 1.27337e-09 8.15223e-08 3.07713e-06 6.84822e-05 0.000898762 0.00696017 0.0318815 0.0871587 0.146928 0.169148 0.163158 0.149289 0.117248 0.0728938 0.0358539 0.0136865 0.00389192 0.000802 0.000117583 1.20106e-05 8.35789e-07 3.88246e-08 1.18234e-09 2.3222e-11
 1.29027e-11 1.40108e-09 8.96989e-08 3.38575e-06 7.53504e-05 0.000988876 0.00765707 0.0350541 0.0955996 0.159588 0.177828 0.160249 0.137746 0.106586 0.067433 0.0337821 0.0129261 0.00363346 0.000733627 0.00010454 1.02811e-05 6.81589e-07 2.9846e-08 8.48916e-10 1.54659e-11
 1.19414e-11 1.2967e-09 8.30162e-08 3.13354e-06 6.97399e-05 0.000915362 0.00709093 0.0325106 0.0891049 0.151094 0.175364 0.168436 0.14945 0.112322 0.0667138 0.0314286 0.0115725 0.00319189 0.000635244 8.86413e-05 8.45159e-06 5.3824e-07 2.24652e-08 6.0482e-10 1.03621e-11
 1.24693e-11 1.35402e-09 8.66865e-08 3.27209e-06 7.28236e-05 0.000955836 0.0074042 0.0339384 0.0928978 0.156641 0.178416 0.165197 0.142815 0.108503 0.0664267 0.031688 0.011396 0.00299704 0.000566363 7.55325e-05 6.92649e-06 4.2473e-07 1.70097e-08 4.36924e-10 7.09997e-12
 1.23406e-11 1.34005e-09 8.5792e-08 3.23836e-06 7.20754e-05 0.000946116 0.00733138 0.0336394 0.092363 0.157045 0.18206 0.171637 0.146869 0.106615 0.0613169 0.0276334 0.00954136 0.00242687 0.000440399 5.5664e-05 4.79355e-06 2.75435e-07 1.03595e-08 2.50676e-10 3.8439e-12
 1.19075e-11 1.29302e-09 8.27818e-08 3.12477e-06 6.95499e-05 0.000913068 0.00707769 0.0325077 0.0895051 0.153285 0.180378 0.173378 0.150298 0.109814 0.0630735 0.0278473 0.00920807 0.00221378 0.000378906 4.52649e-05 3.6843e-06 1.99363e-07 7.02437e-09 1.58541e-10 2.26261e-12
 1.21499e-11 1.31935e-09 8.44674e-08 3.18843e-06 7.09685e-05 0.000931756 0.00722379 0.0331917 0.0914515 0.156677 0.18374 0.174279 0.148155 0.106599 0.0605202 0.0263221 0.00850052 0.00197298 0.000321673 3.61672e-05 2.74998e-06 1.38613e-07 4.54747e-09 9.55559e-11 1.26861e-12
 1.23001e-11 1.33566e-09 8.5512e-08 3.2279e-06 7.18498e-05 0.000943425 0.00731629 0.0336401 0.0928347 0.159506 0.187488 0.176799 0.147478 0.103367 0.0569997 0.02404 0.00752577 0.00169116 0.000265725 2.85635e-05 2.05674e-06 9.73034e-08 2.9752e-09 5.79963e-11 7.12479e-13
 1.19378e-11 1.29632e-09 8.29942e-08 3.13294e-06 6.97409e-05 0.000915917 0.00710696 0.032728 0.0906846 0.157328 0.188301 0.180933 0.151216 0.104125 0.0556551 0.0225295 0.0067276 0.0014379 0.000214625 2.18931e-05 1.49314e-06 6.66939e-08 1.91707e-09 3.49628e-11 4.00006e-13
 1.18707e-11 1.28904e-09 8.25285e-08 3.11542e-06 6.93546e-05 0.000910968 0.00707091 0.0325871 0.0904384 0.157306 0.188672 0.181052 0.15102 0.104315 0.0559472 0.0224834 0.00656102 0.00135153 0.000192425 1.85863e-05 1.19461e-06 5.01389e-08 1.35156e-09 2.30762e-11 2.46714e-13
 1.23551e-11 1.34164e-09 8.58972e-08 3.24264e-06 7.21899e-05 0.000948303 0.00736222 0.0339413 0.094217 0.163617 0.194509 0.182339 0.146991 0.0981241 0.0510119 0.0199152 0.00564974 0.00112831 0.000154683 1.42572e-05 8.66936e-07 3.41924e-08 8.62076e-10 1.37252e-11 1.36576e-13
 1.19474e-11 1.29737e-09 8.30643e-08 3.13586e-06 6.98218e-05 0.000917514 0.00712971 0.0329467 0.0919841 0.161786 0.196556 0.187936 0.150956 0.0976817 0.0483681 0.0178487 0.00478274 0.000904113 0.00011754 1.02761e-05 5.91682e-07 2.20241e-08 5.21889e-10 7.77661e-12 7.21574e-14
 1.31623e-11 1.42931e-09 9.15113e-08 3.45472e-06 7.69189e-05 0.00101064 0.00784944 0.0362106 0.100542 0.17403 0.20362 0.183577 0.140247 0.0887447 0.04348 0.0157246 0.00405836 0.000728436 8.91658e-05 7.3123e-06 3.94489e-07 1.37554e-08 3.0524e-10 4.25583e-12 3.68989e-14
 1.02708e-11 1.11534e-09 7.14148e-08 2.69657e-06 6.00706e-05 0.000790384 0.00616185 0.0287069 0.0817207 0.149829 0.194932 0.199438 0.163993 0.103654 0.0488107 0.0168859 0.00419609 0.000726642 8.53162e-05 6.64496e-06 3.37273e-07 1.09904e-08 2.2704e-10 2.94149e-12 2.36819e-14
#spawning biomass
 13784 15875.3 19053.1 23425.8 25141.6 31161.9 39941.3 53450 60053.5 67140.2 70047 78107.3 95733 116833 100414 109289 122731 130538 114073 119265 126004 138663 117890 132212 108568 122825 125171 115260 86002.4 168534 195357 192090 175573 155567 136921 121538 109724 101065 94919.7 90657.9 87752 85795.1 84481.6 83593.8 83020.8 82651.1 82412.4 82258.5 82159.1 82094.9 82053.6 82026.8 82009.6 81998.5 81991.3 81986.7 81983.7 81981.7 81980.5 81979.7 81979.2 81978.8 81978.6 81978.5 81978.4 81978.3 81978.3 81978.3 81978.3 81978.3 81978.3 81978.2 81978.2 81978.2 81978.2 81978.2 81978.2 81978.2 81978.2 81978.2 81978.2 81978.2 81978.2 81978.2 81978.2 81978.2 81978.2 81978.2 81978.2 81978.2 81978.2 81978.2 81978.2 81978.2 81978.2 81978.2 81978.2 81978.2 81978.2 81978.2 81978.2 81978.2 81978.2 81978.2 81978.2 81978.2 81978.2 81978.2 81978.2 81978.2 81978.2 81978.2 81978.2 81978.2 81978.2 81978.2 81978.2 81978.2 81978.2 81978.2 81978.2 81978.2 81978.2 81978.2 81978.2 81978.2 81978.2 81978.2 0 0 0 0 0 0 0 0 0 0 0 0 0 0 0 0 0 0 0 0 0 0 0 0 0
