SBPRF35
0.819782
Curr Bio
182651
B35
1.54473e+06
F35
0.233186
FOFL
0
OFL
0
Bzero
234224
#pred survey bio
 21985.8 25300.6 21095.9 24085.4 39723.2 58945.9 74573.8 99438.3 137569 168945 203142 252704 288552 335498 318923 292500 269863 263052 250742 270654 311538 293765 286217 259454 262128 281020 264164 221174 4.71032e+06 7.46299e+06 8.3082e+06 7.98607e+06 7.09617e+06 6.04974e+06 5.07287e+06 4.25782e+06 3.62073e+06 3.14264e+06 2.79302e+06 2.54139e+06 2.36188e+06 2.23424e+06 2.14281e+06 2.07505e+06 2.02729e+06 1.99317e+06 1.96846e+06 1.95032e+06 1.93681e+06 1.92662e+06 1.91884e+06 1.91284e+06 1.90816e+06 1.90448e+06 1.90157e+06 1.89925e+06 1.89739e+06 1.8959e+06 1.89469e+06 1.89371e+06 1.89292e+06 1.89228e+06 1.89175e+06 1.89133e+06 1.89098e+06 1.89069e+06 1.89046e+06 1.89027e+06 1.89012e+06 1.88999e+06 1.88988e+06 1.8898e+06 1.88973e+06 1.88967e+06 1.88963e+06 1.88959e+06 1.88956e+06 1.88953e+06 1.88951e+06 1.88949e+06 1.88948e+06 1.88947e+06 1.88946e+06 1.88945e+06 1.88944e+06 1.88944e+06 1.88944e+06 1.88943e+06 1.88943e+06 1.88943e+06 1.88942e+06 1.88942e+06 1.88942e+06 1.88942e+06 1.88942e+06 1.88942e+06 1.88942e+06 1.88942e+06 1.88942e+06 1.88942e+06 1.88942e+06 1.88942e+06 1.88942e+06 1.88942e+06 1.88942e+06 1.88942e+06 1.88942e+06 1.88942e+06 1.88942e+06 1.88942e+06 1.88942e+06 1.88942e+06 1.88942e+06 1.88942e+06 1.88942e+06 1.88942e+06 1.88942e+06 1.88942e+06 1.88942e+06 1.88942e+06 1.88942e+06 1.88942e+06 1.88942e+06 1.88942e+06 1.88942e+06 1.88942e+06 1.88942e+06 1.88942e+06 0 0 0 0 0 0 0 0 0 0 0 0 0 0 0 0 0 0 0 0 0 0 0 0 0
#obs survey bio
 18125 15200 23430.4 24092.9 44659.1 44208.4 67162 89841.1 110837 166990 162904 227062 209123 255806 293258 151475 193505 214586 258106 202207 326135 308615 231533 210678 172834 209132 176233 175703
#pred catch bio
 8258.46 14836.9 11057 11219.4 24898.5 41738.1 51324.9 68670.2 97727.7 121856 146050 186734 208151 257492 249135 229931 212669 209447 195869 208950 258611 238232 240045 213134 214142 233519 226993 195800 0 65441.5 73028.4 69362.6 60648.5 50690.1 41556 34060.3 28309.8 24090.3 21088.8 19000.9 17572.3 16606.8 15957.9 15516.8 15230.7 15045.3 14925 14847 14796.5 14763.7 14742.4 14728.6 14719.7 14713.9 14710.1 14707.7 14706.1 14705.1 14704.4 14704 14703.7 14703.5 14703.4 14703.3 14703.3 14703.2 14703.2 14703.2 14703.2 14703.2 14703.2 14703.2 14703.2 14703.2 14703.2 14703.2 14703.2 14703.2 14703.2 14703.2 14703.2 14703.2 14703.2 14703.2 14703.2 14703.2 14703.2 14703.2 14703.2 14703.2 14703.2 14703.2 14703.2 14703.2 14703.2 14703.2 14703.2 14703.2 14703.2 14703.2 14703.2 14703.2 14703.2 14703.2 14703.2 14703.2 14703.2 14703.2 14703.2 14703.2 14703.2 14703.2 14703.2 14703.2 14703.2 14703.2 14703.2 14703.2 14703.2 14703.2 14703.2 14703.2 14703.2 14703.2 14703.2 14703.2 14703.2 14703.2 0 0 0 0 0 0 0 0 0 0 0 0 0 0 0 0 0 0 0 0 0 0 0 0 0
#obs catch bio
 15498 16160.6 13767.9 9171.61 20597 41334.9 41449.9 60032 91761.7 111646 147100 175592 179217 243992 240297 244474 207896 217495 164137 189494 243123 216229 211726 194702 190684 208108 204282 174933
#pred cpue bio
 15707.5 21387.6 14977.4 16593.7 21616.5 30827.1 36632.7 49482.9 65551.3 85321.3 100770 122351 142270 172169 168646 151338 136318 125214 118460 120718 135920 121089 125632 106368 105949 109670 109872 88153.6 1.52579e+06 7.26261e+06 8.18384e+06 7.86055e+06 6.97061e+06 5.92418e+06 4.94731e+06 4.13226e+06 3.49517e+06 3.01708e+06 2.66746e+06 2.41583e+06 2.23632e+06 2.10868e+06 2.01725e+06 1.94949e+06 1.90173e+06 1.86761e+06 1.8429e+06 1.82476e+06 1.81125e+06 1.80106e+06 1.79328e+06 1.78728e+06 1.7826e+06 1.77892e+06 1.77601e+06 1.77369e+06 1.77183e+06 1.77034e+06 1.76913e+06 1.76815e+06 1.76736e+06 1.76672e+06 1.76619e+06 1.76577e+06 1.76542e+06 1.76513e+06 1.7649e+06 1.76471e+06 1.76455e+06 1.76443e+06 1.76432e+06 1.76424e+06 1.76417e+06 1.76411e+06 1.76407e+06 1.76403e+06 1.764e+06 1.76397e+06 1.76395e+06 1.76393e+06 1.76392e+06 1.76391e+06 1.7639e+06 1.76389e+06 1.76388e+06 1.76388e+06 1.76387e+06 1.76387e+06 1.76387e+06 1.76387e+06 1.76386e+06 1.76386e+06 1.76386e+06 1.76386e+06 1.76386e+06 1.76386e+06 1.76386e+06 1.76386e+06 1.76386e+06 1.76386e+06 1.76386e+06 1.76386e+06 1.76386e+06 1.76386e+06 1.76386e+06 1.76386e+06 1.76386e+06 1.76386e+06 1.76386e+06 1.76386e+06 1.76386e+06 1.76386e+06 1.76386e+06 1.76386e+06 1.76386e+06 1.76386e+06 1.76386e+06 1.76386e+06 1.76386e+06 1.76386e+06 1.76386e+06 1.76386e+06 1.76386e+06 1.76386e+06 1.76386e+06 1.76386e+06 1.76386e+06 1.76386e+06 0 0 0 0 0 0 0 0 0 0 0 0 0 0 0 0 0 0 0 0 0 0 0 0 0
#obs cpue bio
 15939.3 19113.7 13612.4 25342.5 31454.4 46871 78155 104929 96830.9 120533 128012 185908 320080 295857 225198 211197 217027 145916 244100 210861 193596 167235 252239 182921 250260 236058 252710 178796
#pred surv len freq
 1.32947e-11 1.44301e-09 9.23526e-08 3.4851e-06 7.7548e-05 0.00101748 0.00787267 0.0359417 0.097086 0.157329 0.163177 0.13544 0.121086 0.104229 0.0705775 0.0409292 0.0237796 0.0140653 0.0085871 0.00562221 0.00403551 0.0032156 0.0026976 0.00204522 0.00118411
 8.16027e-12 8.85719e-10 5.66859e-08 2.13915e-06 4.75994e-05 0.00062456 0.00483361 0.0220931 0.0600332 0.100149 0.11729 0.131687 0.156809 0.151379 0.107886 0.0653711 0.0378707 0.020366 0.0103524 0.00535649 0.00299698 0.00191544 0.00138645 0.000985858 0.000564813
 1.33215e-11 1.44592e-09 9.25386e-08 3.49212e-06 7.77042e-05 0.00101952 0.00788837 0.0360103 0.0972297 0.157227 0.161519 0.130271 0.113203 0.0997166 0.0748592 0.0512893 0.0330877 0.0188417 0.00951878 0.00440424 0.00194982 0.000914061 0.0005016 0.000304093 0.000163639
 1.30794e-11 1.41964e-09 9.08569e-08 3.42866e-06 7.62922e-05 0.00100101 0.00774546 0.0353664 0.0956073 0.155538 0.164143 0.14331 0.135252 0.116267 0.0729799 0.0357847 0.0175917 0.00965226 0.00528814 0.00259262 0.00110284 0.000424722 0.000166044 7.36789e-05 3.35606e-05
 1.67492e-11 1.81796e-09 1.16349e-07 4.39066e-06 9.76977e-05 0.00128184 0.00991747 0.0452615 0.122048 0.196065 0.195324 0.141604 0.103398 0.0797574 0.0515904 0.0281054 0.0142528 0.00652831 0.00275782 0.00119603 0.000516017 0.000198247 6.63424e-05 2.11758e-05 7.03424e-06
 1.64271e-11 1.783e-09 1.14112e-07 4.30623e-06 9.58191e-05 0.00125719 0.0097271 0.0443993 0.119814 0.193207 0.195903 0.150904 0.120265 0.0927646 0.0507265 0.017078 0.0034202 0.00040458 2.82294e-05 1.16176e-06 2.82972e-08 4.43558e-10 1.61719e-11 3.56067e-12 8.81303e-13
 1.71038e-11 1.85646e-09 1.18813e-07 4.48364e-06 9.97665e-05 0.00130898 0.0101276 0.0462239 0.124687 0.20066 0.201558 0.150317 0.113924 0.0855269 0.0464321 0.0156085 0.00312497 0.000369633 2.579e-05 1.06108e-06 2.57426e-08 3.68241e-10 3.10597e-12 1.54478e-14 4.53007e-17
 1.69703e-11 1.84196e-09 1.17885e-07 4.44862e-06 9.89874e-05 0.00129876 0.0100486 0.0458638 0.123726 0.199189 0.200442 0.150433 0.115175 0.0869553 0.0472796 0.0158985 0.00318324 0.00037653 2.62712e-05 1.08088e-06 2.6223e-08 3.75112e-10 3.16393e-12 1.5736e-14 4.61461e-17
 1.74063e-11 1.88928e-09 1.20914e-07 4.56292e-06 0.000101531 0.00133213 0.0103066 0.0470393 0.126865 0.203991 0.204085 0.150055 0.11109 0.0822924 0.0445129 0.0149518 0.00299303 0.000354017 2.47002e-05 1.01625e-06 2.46548e-08 3.5268e-10 2.97473e-12 1.4795e-14 4.33865e-17
 1.6814e-11 1.825e-09 1.168e-07 4.40767e-06 9.80762e-05 0.00128681 0.00995612 0.0454426 0.1226 0.197468 0.199136 0.150568 0.116639 0.0886262 0.048271 0.0162378 0.00325139 0.000384597 2.68342e-05 1.10405e-06 2.67849e-08 3.83151e-10 3.23173e-12 1.60733e-14 4.71349e-17
 1.70031e-11 1.84553e-09 1.18114e-07 4.45724e-06 9.91792e-05 0.00130128 0.010068 0.0459524 0.123962 0.199551 0.200717 0.150404 0.114867 0.0866038 0.047071 0.0158272 0.0031689 0.000374833 2.61528e-05 1.07601e-06 2.61048e-08 3.73421e-10 3.14967e-12 1.56651e-14 4.5938e-17
 1.72497e-11 1.87228e-09 1.19826e-07 4.52186e-06 0.000100617 0.00132014 0.0102139 0.046617 0.125737 0.202266 0.202776 0.150191 0.112557 0.0839675 0.0455068 0.0152919 0.00306136 0.000362104 2.52646e-05 1.03947e-06 2.52181e-08 3.60738e-10 3.04269e-12 1.51331e-14 4.43778e-17
 1.7066e-11 1.85235e-09 1.1855e-07 4.47371e-06 9.95457e-05 0.00130609 0.0101052 0.0461219 0.124415 0.200243 0.201242 0.15035 0.114278 0.0859318 0.0466723 0.0156907 0.00314148 0.000371588 2.59264e-05 1.06669e-06 2.58787e-08 3.70188e-10 3.1224e-12 1.55295e-14 4.55403e-17
 1.66397e-11 1.80608e-09 1.15589e-07 4.36197e-06 9.70594e-05 0.00127347 0.00985296 0.0449726 0.121345 0.195549 0.19768 0.150719 0.118273 0.0904904 0.0493771 0.0166163 0.00332743 0.000393598 2.74622e-05 1.12989e-06 2.74118e-08 3.92119e-10 3.30738e-12 1.64495e-14 4.82382e-17
 1.62991e-11 1.76911e-09 1.13223e-07 4.27267e-06 9.50723e-05 0.0012474 0.00965133 0.0440542 0.118892 0.191797 0.194834 0.151015 0.121465 0.0941338 0.0515389 0.017356 0.00347605 0.000411189 2.86898e-05 1.18039e-06 2.86371e-08 4.09647e-10 3.45522e-12 1.71848e-14 5.03945e-17
 1.65485e-11 1.79618e-09 1.14956e-07 4.33807e-06 9.65275e-05 0.00126649 0.00979898 0.0447268 0.120688 0.194544 0.196918 0.150798 0.119127 0.0914657 0.0499558 0.0168143 0.00336722 0.000398307 2.77908e-05 1.14341e-06 2.77398e-08 3.96811e-10 3.34695e-12 1.66463e-14 4.88154e-17
 1.68116e-11 1.82473e-09 1.16783e-07 4.40702e-06 9.80617e-05 0.00128662 0.00995466 0.0454359 0.122583 0.197441 0.199116 0.15057 0.116663 0.0886527 0.0482867 0.0162432 0.00325247 0.000384725 2.68431e-05 1.10441e-06 2.67938e-08 3.83278e-10 3.23281e-12 1.60786e-14 4.71506e-17
 1.74163e-11 1.89037e-09 1.20983e-07 4.56553e-06 0.000101589 0.00133289 0.0103125 0.0470662 0.126937 0.204101 0.204168 0.150046 0.110996 0.0821858 0.0444497 0.0149302 0.00298868 0.000353502 2.46643e-05 1.01477e-06 2.46189e-08 3.52167e-10 2.9704e-12 1.47735e-14 4.33234e-17
 1.74884e-11 1.89819e-09 1.21484e-07 4.58443e-06 0.000102009 0.00133841 0.0103552 0.0472606 0.127456 0.204895 0.204771 0.149984 0.11032 0.0814146 0.0439921 0.0147736 0.00295723 0.000349778 2.44045e-05 1.00408e-06 2.43596e-08 3.48457e-10 2.93911e-12 1.46179e-14 4.2867e-17
 1.801e-11 1.95481e-09 1.25108e-07 4.72118e-06 0.000105052 0.00137833 0.010664 0.048667 0.131213 0.210641 0.209129 0.149531 0.105432 0.0758357 0.0406819 0.0136409 0.00272966 0.000322842 2.25248e-05 9.26742e-07 2.24834e-08 3.21618e-10 2.71273e-12 1.3492e-14 3.95653e-17
 1.81969e-11 1.9751e-09 1.26406e-07 4.77017e-06 0.000106142 0.00139263 0.0107746 0.0491709 0.132559 0.212699 0.210691 0.149369 0.103681 0.0738368 0.0394959 0.0132351 0.00264812 0.000313191 2.18514e-05 8.99032e-07 2.18111e-08 3.12002e-10 2.63162e-12 1.30885e-14 3.83822e-17
 1.86476e-11 2.02401e-09 1.29537e-07 4.88831e-06 0.000108771 0.00142712 0.0110413 0.0503859 0.135804 0.217663 0.214456 0.148979 0.0994575 0.0690171 0.0366362 0.0122565 0.00245153 0.000289921 2.02276e-05 8.32221e-07 2.01902e-08 2.88816e-10 2.43605e-12 1.21159e-14 3.55299e-17
 1.81463e-11 1.9696e-09 1.26054e-07 4.7569e-06 0.000105847 0.00138875 0.0107446 0.0490344 0.132194 0.212141 0.210268 0.149413 0.104155 0.0743786 0.0398173 0.0133451 0.00267022 0.000315807 2.20339e-05 9.06542e-07 2.19933e-08 3.14608e-10 2.6536e-12 1.31979e-14 3.87029e-17
 1.86884e-11 2.02845e-09 1.2982e-07 4.89902e-06 0.000109009 0.00143024 0.0110655 0.0504961 0.136099 0.218113 0.214798 0.148943 0.0990747 0.0685802 0.036377 0.0121678 0.0024337 0.000287812 2.00804e-05 8.26165e-07 2.00433e-08 2.86714e-10 2.41832e-12 1.20277e-14 3.52713e-17
 1.87937e-11 2.03988e-09 1.30552e-07 4.92663e-06 0.000109624 0.0014383 0.0111278 0.05078 0.136857 0.219273 0.215678 0.148852 0.0980877 0.0674538 0.0357087 0.0119392 0.00238776 0.000282373 1.97009e-05 8.10551e-07 1.96645e-08 2.81295e-10 2.37262e-12 1.18004e-14 3.46047e-17
 1.90439e-11 2.06703e-09 1.3229e-07 4.99221e-06 0.000111083 0.00145745 0.0112759 0.0514545 0.138659 0.222028 0.217768 0.148635 0.0957433 0.0647783 0.0341212 0.0113959 0.00227862 0.000269455 1.87994e-05 7.73462e-07 1.87647e-08 2.68423e-10 2.26405e-12 1.12604e-14 3.30213e-17
 1.85789e-11 2.01656e-09 1.2906e-07 4.87031e-06 0.00010837 0.00142186 0.0110006 0.0502008 0.13531 0.216906 0.213883 0.149038 0.100101 0.0697517 0.037072 0.0124057 0.00248149 0.000293468 2.0475e-05 8.42403e-07 2.04372e-08 2.92349e-10 2.46586e-12 1.22641e-14 3.59646e-17
 1.88953e-11 2.0509e-09 1.31257e-07 4.95324e-06 0.000110216 0.00144607 0.0111879 0.0510538 0.137588 0.220391 0.216526 0.148764 0.0971364 0.0663681 0.0350645 0.0117187 0.00234347 0.000277131 1.93351e-05 7.955e-07 1.92993e-08 2.76072e-10 2.32856e-12 1.15813e-14 3.39621e-17
#obs surv len freq
 3.61368e-11 3.34903e-09 1.83011e-07 5.89686e-06 0.000112036 0.00125516 0.00829369 0.0323599 0.0750199 0.106704 0.107295 0.108093 0.124763 0.130107 0.116196 0.0902642 0.0567397 0.0277292 0.0107542 0.00333547 0.000805869 0.000146127 1.91401e-05 1.74518e-06 1.0726e-07
 1.89731e-11 1.69592e-09 8.9384e-08 2.77782e-06 5.09038e-05 0.000550124 0.00350891 0.013264 0.0303583 0.0465091 0.0644832 0.10235 0.148313 0.170598 0.164133 0.129583 0.0767814 0.0336629 0.0116344 0.00331426 0.000755767 0.000129814 1.596e-05 1.35318e-06 7.6878e-08
 1.47576e-10 1.27009e-08 6.44522e-07 1.92855e-05 0.000340259 0.00353979 0.0217143 0.0785544 0.167707 0.212089 0.162241 0.0844688 0.0489223 0.0519654 0.0617353 0.054535 0.0327092 0.0137364 0.00435733 0.00110301 0.0002225 3.44237e-05 3.88765e-06 3.05643e-07 1.61061e-08
 1.26007e-10 1.04246e-08 5.08522e-07 1.46268e-05 0.000248074 0.00248107 0.0146381 0.0510472 0.106318 0.139228 0.139867 0.150012 0.159437 0.123781 0.0656973 0.0278178 0.0118781 0.00509861 0.00183231 0.000492743 9.59507e-05 1.34732e-05 1.35284e-06 9.49686e-08 4.52223e-09
 1.98842e-10 1.5789e-08 7.39239e-07 2.04082e-05 0.000332211 0.00318883 0.0180526 0.0603377 0.119717 0.145043 0.122059 0.101825 0.105614 0.110891 0.100747 0.0692855 0.0317645 0.00916798 0.00169726 0.000227095 2.70909e-05 3.0642e-06 2.79051e-07 1.78824e-08 7.66003e-10
 3.29276e-10 2.50588e-08 1.12446e-06 2.97523e-05 0.000464179 0.00427033 0.0231714 0.0742502 0.14143 0.165554 0.137616 0.11493 0.109568 0.0943708 0.0684405 0.040847 0.0181186 0.00556226 0.00117863 0.000175943 1.86222e-05 1.40671e-06 7.90028e-08 3.47688e-09 1.18362e-10
 3.87141e-10 2.8199e-08 1.21111e-06 3.06708e-05 0.000457995 0.00403298 0.0209511 0.0643537 0.118242 0.137577 0.125674 0.126661 0.132451 0.115204 0.082277 0.0468824 0.019049 0.00511817 0.000911226 0.000114 1.07257e-05 7.69185e-07 4.01979e-08 1.45799e-09 3.59493e-11
 6.96251e-10 4.84777e-08 1.99024e-06 4.81787e-05 0.0006877 0.0057884 0.0287381 0.0842853 0.147176 0.15916 0.125907 0.105406 0.103665 0.0959282 0.0751311 0.0446429 0.0179289 0.00462984 0.000777696 8.9227e-05 7.37887e-06 4.50117e-07 2.00293e-08 6.35582e-10 1.40345e-11
 8.31913e-10 5.53026e-08 2.1677e-06 5.01007e-05 0.00068279 0.00548759 0.0260256 0.0730747 0.123528 0.136068 0.12686 0.133576 0.135237 0.109824 0.0727327 0.0382222 0.0143396 0.0036017 0.000608637 7.1868e-05 6.07886e-06 3.6497e-07 1.51881e-08 4.30994e-10 8.27283e-12
 1.1377e-09 7.21271e-08 2.69623e-06 5.943e-05 0.000772422 0.00592055 0.0267811 0.0717478 0.115946 0.12315 0.113571 0.122204 0.132293 0.12248 0.0920954 0.0503498 0.0179941 0.00401599 0.000562008 5.14692e-05 3.31902e-06 1.61195e-07 5.94359e-09 1.58643e-10 2.90307e-12
 1.99288e-09 1.20365e-07 4.28655e-06 9.00127e-05 0.00111455 0.00813861 0.0350698 0.0894726 0.137458 0.13772 0.117527 0.11681 0.119394 0.105483 0.0756436 0.0393592 0.0134138 0.00287441 0.000390144 3.48233e-05 2.14319e-06 9.35468e-08 2.88578e-09 6.19646e-11 9.18797e-13
 2.67356e-09 1.53686e-07 5.20912e-06 0.000104108 0.00122692 0.00852786 0.0349952 0.0852374 0.126546 0.128751 0.123003 0.133632 0.132781 0.107814 0.0705238 0.033808 0.0106647 0.0021016 0.000257674 2.02322e-05 1.07166e-06 4.03521e-08 1.10085e-09 2.13201e-11 2.83633e-13
 4.10761e-09 2.24522e-07 7.2363e-06 0.00013752 0.00154107 0.0101854 0.0397461 0.0920732 0.130099 0.126363 0.11646 0.12497 0.127526 0.109432 0.073901 0.0348875 0.0104978 0.00193782 0.000218875 1.54542e-05 7.11552e-07 2.25253e-08 5.08683e-10 8.19755e-12 9.21263e-14
 4.83624e-09 2.51152e-07 7.69052e-06 0.000138857 0.00147846 0.00928654 0.0344807 0.0764574 0.106354 0.112078 0.125289 0.148152 0.147681 0.119026 0.0751001 0.0332368 0.00940819 0.00163841 0.000175153 1.17492e-05 5.1482e-07 1.54085e-08 3.22535e-10 4.67902e-12 4.59494e-14
 8.00489e-09 3.94649e-07 1.14724e-05 0.00019665 0.00198772 0.0118519 0.0417576 0.0876963 0.114524 0.11033 0.111979 0.13009 0.139061 0.122923 0.0808825 0.0353295 0.00960788 0.00159664 0.000163598 1.06426e-05 4.58865e-07 1.36216e-08 2.81084e-10 3.95592e-12 3.70408e-14
 1.14194e-08 5.34105e-07 1.47299e-05 0.000239536 0.00229712 0.0129978 0.0435092 0.0873128 0.111775 0.113809 0.127271 0.146461 0.141871 0.111355 0.0663143 0.0267806 0.00681387 0.00106646 0.000103531 6.42869e-06 2.66777e-07 7.66813e-09 1.53496e-10 2.09521e-12 1.90265e-14
 1.67308e-08 7.41937e-07 1.94002e-05 0.00029912 0.00271979 0.0145928 0.0463409 0.0884125 0.108615 0.108992 0.122977 0.143802 0.144273 0.116554 0.0686614 0.0264708 0.00628767 0.000900664 7.777e-05 4.10701e-06 1.36859e-07 3.02328e-09 4.67417e-11 5.20373e-13 4.11764e-15
 2.83617e-08 1.19187e-06 2.95333e-05 0.000431516 0.00371824 0.0189062 0.0569058 0.102967 0.120236 0.115234 0.124337 0.138784 0.132973 0.102245 0.0570336 0.0207986 0.00469483 0.000646656 5.4901e-05 2.95358e-06 1.04571e-07 2.51111e-09 4.10286e-11 4.46546e-13 3.16124e-15
 4.11387e-08 1.63761e-06 3.8438e-05 0.000532007 0.00434265 0.0209241 0.0597655 0.103322 0.118509 0.118615 0.133797 0.145406 0.130788 0.0937883 0.0490459 0.0169209 0.0036626 0.000494705 4.26598e-05 2.43613e-06 9.48328e-08 2.52038e-09 4.47368e-11 5.17391e-13 3.84192e-15
 6.01149e-08 2.26603e-06 5.03665e-05 0.000660125 0.00510285 0.0232891 0.0630767 0.103916 0.1158 0.117079 0.134196 0.146054 0.131734 0.0933557 0.0469411 0.0152585 0.00307171 0.00038134 2.98346e-05 1.5321e-06 5.40328e-08 1.34022e-09 2.31378e-11 2.70143e-13 2.07567e-15
 8.67529e-08 3.09593e-06 6.51463e-05 0.000808364 0.00591642 0.0255759 0.0657315 0.103616 0.113905 0.119325 0.139633 0.149133 0.130269 0.0884031 0.0420555 0.01284 0.00241859 0.000280023 2.03269e-05 9.60187e-07 3.07887e-08 6.86961e-10 1.06122e-11 1.11092e-13 7.72803e-16
 1.36445e-07 4.60918e-06 9.18085e-05 0.00107836 0.00747124 0.030578 0.0744563 0.111536 0.117732 0.120334 0.137677 0.144152 0.123741 0.0814196 0.0369354 0.0106671 0.00190037 0.000209237 1.45846e-05 6.68418e-07 2.0861e-08 4.48568e-10 6.55144e-12 6.35696e-14 4.0352e-16
 1.66354e-07 5.31902e-06 0.000100283 0.00111498 0.00731437 0.0283817 0.0659258 0.0967834 0.108894 0.128274 0.155475 0.157785 0.127577 0.0785126 0.0332544 0.00895693 0.00148494 0.000151523 9.72789e-06 4.0812e-07 1.16473e-08 2.30736e-10 3.14403e-12 2.87728e-14 1.73117e-16
 2.86422e-07 8.66827e-06 0.000154688 0.00162785 0.0101064 0.037094 0.0812923 0.111338 0.113199 0.119219 0.138944 0.145788 0.123569 0.0767306 0.0314961 0.00804887 0.0012558 0.000120303 7.24641e-06 2.84816e-07 7.58206e-09 1.39081e-10 1.74105e-12 1.4556e-14 7.98589e-17
 3.8976e-07 1.11655e-05 0.00018861 0.00187896 0.0110468 0.0384562 0.0805189 0.108586 0.11774 0.136641 0.15655 0.147323 0.109792 0.0613471 0.0233252 0.0056512 0.000856319 8.22569e-05 5.16444e-06 2.18176e-07 6.25324e-09 1.19784e-10 1.49997e-12 1.20975e-14 6.24948e-17
 4.78213e-07 1.29688e-05 0.000207389 0.00195601 0.0108912 0.0359656 0.0719549 0.095419 0.10866 0.135706 0.161954 0.158409 0.121343 0.0669883 0.0242512 0.00545976 0.000753469 6.44548e-05 3.52464e-06 1.28706e-07 3.25936e-09 5.77784e-11 7.02576e-13 5.68569e-15 2.98479e-17
 6.49253e-07 1.66701e-05 0.000252394 0.00225396 0.0118869 0.0372317 0.0710942 0.0920853 0.107059 0.137208 0.164488 0.161142 0.122055 0.0651659 0.0225214 0.00483827 0.000643309 5.39543e-05 2.94888e-06 1.0836e-07 2.70921e-09 4.55874e-11 5.0655e-13 3.66845e-15 1.72222e-17
 8.91394e-07 2.16719e-05 0.000310706 0.00262768 0.0131292 0.039038 0.0713722 0.0911686 0.109381 0.142918 0.168777 0.160938 0.117212 0.0593666 0.0193138 0.00389655 0.000487018 3.85368e-05 2e-06 7.03953e-08 1.70138e-09 2.78835e-11 3.02921e-13 2.14017e-15 9.70552e-18
#pred catch len freq
 6.15296e-13 6.67846e-11 4.27425e-09 1.61306e-07 3.5903e-06 4.71759e-05 0.000367747 0.00174239 0.005578 0.0160702 0.0495812 0.125201 0.206579 0.214097 0.151008 0.0883766 0.051495 0.0304854 0.0186146 0.0121874 0.00874781 0.00697047 0.00584761 0.00443343 0.00256679
 3.17904e-13 3.45056e-11 2.2084e-09 8.33475e-08 1.85565e-06 2.4418e-05 0.000191732 0.000940515 0.0034353 0.0127868 0.0470702 0.125506 0.210167 0.220593 0.159964 0.0973284 0.0564659 0.0303798 0.0154436 0.00799056 0.00447069 0.00285731 0.0020682 0.00147063 0.000842547
 7.993e-13 8.67564e-11 5.55244e-09 2.0954e-07 4.66345e-06 6.12485e-05 0.000476328 0.00223101 0.00680055 0.0172682 0.0471932 0.11431 0.188969 0.203446 0.15941 0.110062 0.0711019 0.0404995 0.0204605 0.00946662 0.00419095 0.00196468 0.00107813 0.000653616 0.000351725
 7.01955e-13 7.61906e-11 4.87624e-09 1.84025e-07 4.09596e-06 5.38201e-05 0.000419538 0.00198774 0.00636289 0.018326 0.0564971 0.142333 0.232964 0.234919 0.15265 0.0754204 0.0371707 0.0204134 0.0111857 0.00548402 0.00233276 0.000898381 0.000351219 0.000155847 7.09879e-05
 7.38884e-12 8.01988e-10 5.13272e-08 1.93693e-06 4.30998e-05 0.000565532 0.00437723 0.0200175 0.0545355 0.0921194 0.113067 0.138553 0.173968 0.168026 0.114587 0.0629476 0.0319202 0.0146126 0.00617151 0.00267627 0.00115463 0.00044359 0.000148445 4.73822e-05 1.57395e-05
 1.09023e-11 1.18334e-09 7.57338e-08 2.85796e-06 6.35938e-05 0.000834415 0.00645728 0.0295041 0.080028 0.132358 0.149742 0.155694 0.172038 0.15185 0.0857842 0.0290742 0.00583036 0.000689859 4.8137e-05 1.98107e-06 4.82523e-08 7.56043e-10 2.74741e-11 6.04329e-12 1.49574e-12
 1.16942e-11 1.2693e-09 8.12349e-08 3.06556e-06 6.82129e-05 0.000895015 0.00692597 0.0316391 0.0857308 0.14108 0.156358 0.155007 0.164617 0.143381 0.0807591 0.0273547 0.00548489 0.000648964 4.5282e-05 1.86307e-06 4.51994e-08 6.46565e-10 5.45354e-12 2.71236e-14 7.95401e-17
 1.14841e-11 1.24649e-09 7.97749e-08 3.01046e-06 6.6987e-05 0.000878932 0.00680158 0.0310725 0.0842173 0.138765 0.154602 0.155189 0.166586 0.145629 0.0820927 0.027811 0.00557657 0.000659816 4.60393e-05 1.89423e-06 4.59553e-08 6.57379e-10 5.54474e-12 2.75772e-14 8.08703e-17
 1.29113e-11 1.4014e-09 8.96894e-08 3.3846e-06 7.5312e-05 0.000988151 0.00764629 0.0349205 0.0944954 0.154484 0.166527 0.153952 0.153212 0.130365 0.0730361 0.024712 0.00495394 0.000586119 4.08966e-05 1.68263e-06 4.08219e-08 5.83947e-10 4.92537e-12 2.44967e-14 7.18367e-17
 1.20558e-11 1.30854e-09 8.37463e-08 3.16033e-06 7.03217e-05 0.000922682 0.00713994 0.0326139 0.0883344 0.145062 0.159379 0.154694 0.161229 0.139515 0.0784649 0.0265696 0.00532717 0.000630296 4.39793e-05 1.80947e-06 4.3899e-08 6.27964e-10 5.29664e-12 2.63432e-14 7.72517e-17
 1.23563e-11 1.34115e-09 8.58337e-08 3.2391e-06 7.20745e-05 0.000945677 0.00731779 0.033424 0.0904983 0.148371 0.16189 0.154433 0.158413 0.136301 0.0765581 0.0259172 0.00519608 0.000614779 4.28965e-05 1.76492e-06 4.28183e-08 6.12504e-10 5.16624e-12 2.56947e-14 7.53498e-17
 1.33092e-11 1.44458e-09 9.24531e-08 3.4889e-06 7.76326e-05 0.0010186 0.00788177 0.0359931 0.0973605 0.158866 0.169852 0.153607 0.149483 0.12611 0.0705114 0.0238481 0.00478038 0.000565575 3.9463e-05 1.62365e-06 3.93909e-08 5.63477e-10 4.75272e-12 2.3638e-14 6.93185e-17
 1.25396e-11 1.36105e-09 8.7107e-08 3.28715e-06 7.31436e-05 0.000959703 0.00742627 0.0339182 0.0918183 0.15039 0.163421 0.154274 0.156695 0.134341 0.075395 0.0255192 0.00511612 0.000605315 4.22361e-05 1.73775e-06 4.2159e-08 6.03073e-10 5.0867e-12 2.52991e-14 7.41897e-17
 1.29115e-11 1.40142e-09 8.96906e-08 3.38465e-06 7.5313e-05 0.000988165 0.0076464 0.034921 0.0944967 0.154486 0.166529 0.153952 0.15321 0.130363 0.0730349 0.0247116 0.00495386 0.00058611 4.08959e-05 1.68261e-06 4.08213e-08 5.83938e-10 4.92529e-12 2.44963e-14 7.18356e-17
 1.26649e-11 1.37465e-09 8.79774e-08 3.32e-06 7.38744e-05 0.000969291 0.00750043 0.034256 0.0927206 0.15177 0.164468 0.154166 0.155521 0.133001 0.0745999 0.0252471 0.00506146 0.000598845 4.17846e-05 1.71917e-06 4.17083e-08 5.96627e-10 5.03232e-12 2.50286e-14 7.33966e-17
 1.31838e-11 1.43097e-09 9.15822e-08 3.45603e-06 7.69013e-05 0.001009 0.00780756 0.0356551 0.0964577 0.157485 0.168804 0.153716 0.150658 0.127451 0.071307 0.0241203 0.00483507 0.000572049 3.99148e-05 1.64224e-06 3.98419e-08 5.69927e-10 4.80712e-12 2.39086e-14 7.01121e-17
 1.36475e-11 1.4813e-09 9.48031e-08 3.57758e-06 7.96058e-05 0.00104448 0.00808198 0.0369052 0.0997967 0.162592 0.172678 0.153314 0.146313 0.122492 0.0683648 0.0231135 0.0046328 0.000548107 3.82441e-05 1.5735e-06 3.81742e-08 5.46072e-10 4.60591e-12 2.29078e-14 6.71774e-17
 1.47484e-11 1.6008e-09 1.02451e-07 3.86619e-06 8.60278e-05 0.00112874 0.0087336 0.0398736 0.107725 0.174718 0.181878 0.152359 0.135996 0.110717 0.0613784 0.0207229 0.0041525 0.000491257 3.4277e-05 1.41028e-06 3.42143e-08 4.89426e-10 4.12812e-12 2.05315e-14 6.02088e-17
 1.45869e-11 1.58326e-09 1.01329e-07 3.82383e-06 8.50852e-05 0.00111637 0.00863796 0.0394379 0.106562 0.172938 0.180527 0.152499 0.13751 0.112445 0.0624038 0.0210738 0.00422299 0.000499601 3.48592e-05 1.43423e-06 3.47955e-08 4.9774e-10 4.19825e-12 2.08803e-14 6.12316e-17
 1.5254e-11 1.65568e-09 1.05963e-07 3.99872e-06 8.89767e-05 0.00116743 0.00903282 0.0412366 0.111366 0.180287 0.186102 0.151921 0.131258 0.10531 0.0581702 0.0196251 0.00393195 0.000465151 3.24553e-05 1.33532e-06 3.23959e-08 4.63414e-10 3.90872e-12 1.94403e-14 5.70089e-17
 1.64088e-11 1.78102e-09 1.13985e-07 4.30144e-06 9.57124e-05 0.00125579 0.00971628 0.04435 0.119682 0.193005 0.19575 0.15092 0.120437 0.0929602 0.0508425 0.0171177 0.00342818 0.000405523 2.82944e-05 1.16412e-06 2.82425e-08 4.04001e-10 3.4076e-12 1.69479e-14 4.96999e-17
 1.67935e-11 1.82277e-09 1.16657e-07 4.40227e-06 9.79561e-05 0.00128523 0.00994394 0.0453871 0.122452 0.197242 0.198964 0.150586 0.116832 0.0888464 0.0484016 0.0162825 0.00326037 0.00038566 2.69083e-05 1.1071e-06 2.68589e-08 3.8421e-10 3.24067e-12 1.61177e-14 4.72652e-17
 1.64523e-11 1.78574e-09 1.14287e-07 4.31285e-06 9.59663e-05 0.00125913 0.00974204 0.0444674 0.119996 0.193485 0.196114 0.150882 0.120029 0.0924947 0.0505663 0.0170232 0.00340919 0.000403275 2.81375e-05 1.15767e-06 2.80859e-08 4.01761e-10 3.3887e-12 1.6854e-14 4.94244e-17
 1.69824e-11 1.84328e-09 1.1797e-07 4.45181e-06 9.90583e-05 0.00129969 0.0100558 0.0458966 0.123813 0.199323 0.200543 0.150422 0.115061 0.0868253 0.0472025 0.0158721 0.00317793 0.000375902 2.62274e-05 1.07908e-06 2.61792e-08 3.74487e-10 3.15866e-12 1.57098e-14 4.60691e-17
 1.7075e-11 1.85332e-09 1.18612e-07 4.47606e-06 9.9598e-05 0.00130677 0.0101105 0.046146 0.124479 0.200342 0.201317 0.150342 0.114194 0.0858358 0.0466154 0.0156712 0.00313757 0.000371125 2.5894e-05 1.06537e-06 2.58465e-08 3.69727e-10 3.11851e-12 1.55101e-14 4.54835e-17
 1.75811e-11 1.90826e-09 1.22128e-07 4.60875e-06 0.00010255 0.0013455 0.0104101 0.0475107 0.128124 0.205917 0.205546 0.149903 0.109451 0.0804227 0.0434036 0.0145722 0.00291677 0.000344989 2.40703e-05 9.90327e-07 2.4026e-08 3.43685e-10 2.89886e-12 1.44177e-14 4.22799e-17
 1.72751e-11 1.87505e-09 1.20003e-07 4.52853e-06 0.000100766 0.00132209 0.010229 0.0466857 0.125921 0.202547 0.202989 0.150168 0.112319 0.0836952 0.0453452 0.0152366 0.00305025 0.000360789 2.51728e-05 1.03569e-06 2.51266e-08 3.59429e-10 3.03165e-12 1.50781e-14 4.42167e-17
 1.79399e-11 1.9472e-09 1.24621e-07 4.70279e-06 0.000104643 0.00137296 0.0106224 0.0484779 0.130708 0.209868 0.208543 0.149592 0.106089 0.0765858 0.041127 0.0137932 0.00276026 0.000326464 2.27776e-05 9.3714e-07 2.27356e-08 3.25227e-10 2.74317e-12 1.36433e-14 4.00092e-17
#obs catch len freq
 3.23634e-11 2.99933e-09 1.63901e-07 5.28111e-06 0.000100337 0.0011241 0.00742771 0.0289817 0.0671965 0.0956414 0.0965197 0.0986089 0.117902 0.13193 0.129262 0.106795 0.0680479 0.0328299 0.0125606 0.00390358 0.000958816 0.000177692 2.37714e-05 2.2099e-06 1.3838e-07
 4.32824e-11 3.86882e-09 2.03908e-07 6.33688e-06 0.000116121 0.00125477 0.00799776 0.030119 0.0676019 0.0945098 0.0986559 0.109896 0.13344 0.139157 0.123139 0.0941499 0.0578638 0.0276174 0.0104496 0.0031473 0.00073356 0.000127418 1.5877e-05 1.36866e-06 7.9114e-08
 2.29056e-11 1.97133e-09 1.00038e-07 2.99338e-06 5.2816e-05 0.000549618 0.00337682 0.0123177 0.027453 0.0424952 0.0635662 0.106661 0.154402 0.175231 0.16612 0.128135 0.0737857 0.0315043 0.0106318 0.00294596 0.000647911 0.000106443 1.24304e-05 9.95286e-07 5.31383e-08
 1.7814e-18 7.83075e-16 2.0297e-13 3.10209e-11 2.79561e-09 1.48572e-07 4.65735e-06 8.61838e-05 0.000943783 0.00616369 0.0245714 0.0636242 0.120738 0.186737 0.226675 0.194022 0.112345 0.0457285 0.0141072 0.00346709 0.000674799 9.99382e-05 1.07211e-05 7.95486e-07 3.93622e-08
 1.36161e-10 1.08118e-08 5.0621e-07 1.3975e-05 0.000227496 0.00218399 0.0123732 0.0415172 0.0840587 0.112081 0.129529 0.16589 0.185478 0.141526 0.0732506 0.0307149 0.0130976 0.0055292 0.00192492 0.000497908 9.29104e-05 1.24526e-05 1.18721e-06 7.86767e-08 3.51824e-09
 2.85325e-10 2.1714e-08 9.74373e-07 2.5781e-05 0.000402221 0.00370033 0.0200784 0.0643369 0.122529 0.143355 0.119292 0.102218 0.107697 0.112103 0.0995993 0.0660624 0.0289781 0.00799182 0.00142083 0.000184864 2.16177e-05 2.36424e-06 2.04739e-07 1.23718e-08 4.97383e-10
 4.81219e-10 3.50516e-08 1.50543e-06 3.8124e-05 0.000569286 0.00501277 0.0260351 0.0798747 0.145858 0.164719 0.135148 0.114662 0.109239 0.0924978 0.065831 0.0382237 0.0163368 0.00481715 0.000980552 0.00014049 1.42416e-05 1.02938e-06 5.53103e-08 2.3193e-09 7.45684e-11
 5.74009e-10 3.99664e-08 1.64081e-06 3.972e-05 0.000566967 0.00477247 0.0237018 0.0696296 0.122626 0.138104 0.125552 0.127713 0.131687 0.112087 0.0783098 0.0432153 0.0168351 0.00432394 0.00073765 8.87893e-05 8.04111e-06 5.52157e-07 2.74427e-08 9.41966e-10 2.19076e-11
 1.04957e-09 6.97718e-08 2.73485e-06 6.32087e-05 0.000861415 0.00692259 0.0328161 0.0919191 0.153484 0.159657 0.124 0.104334 0.101948 0.0927347 0.0707837 0.0404606 0.0155098 0.00381762 0.000612646 6.73634e-05 5.34287e-06 3.11713e-07 1.32071e-08 3.97222e-10 8.27622e-12
 1.29871e-09 8.2335e-08 3.07782e-06 6.78409e-05 0.00088174 0.00675845 0.0305709 0.0818969 0.132307 0.140242 0.127808 0.131869 0.129623 0.102543 0.0662691 0.0336504 0.0120848 0.00289856 0.000468498 5.29793e-05 4.28337e-06 2.4483e-07 9.66295e-09 2.59272e-10 4.69203e-12
 1.80708e-09 1.09144e-07 3.88692e-06 8.16212e-05 0.00101065 0.00738014 0.0318064 0.0812119 0.125272 0.127802 0.114831 0.120915 0.127667 0.115435 0.0840781 0.0439644 0.0149228 0.0031585 0.000419972 3.66979e-05 2.26772e-06 1.05543e-07 3.70895e-09 9.37124e-11 1.61499e-12
 3.19231e-09 1.83505e-07 6.21984e-06 0.000124308 0.00146494 0.0101812 0.0417568 0.10142 0.148477 0.142318 0.117311 0.113244 0.112586 0.097016 0.0673041 0.0334594 0.0108232 0.00219878 0.000283455 2.40998e-05 1.415e-06 5.88339e-08 1.72308e-09 3.50141e-11 4.89946e-13
 4.36575e-09 2.38632e-07 7.69106e-06 0.000146162 0.00163792 0.0108255 0.0422448 0.097869 0.138334 0.134442 0.123353 0.128925 0.12385 0.0978453 0.061911 0.0283513 0.0084781 0.00158042 0.000183504 1.36856e-05 6.9075e-07 2.48033e-08 6.43366e-10 1.17921e-11 1.47856e-13
 6.78448e-09 3.52327e-07 1.07886e-05 0.000194792 0.00207391 0.0130229 0.0482838 0.106284 0.142767 0.132003 0.116152 0.11965 0.118295 0.0986535 0.0640835 0.0287592 0.0081787 0.00142474 0.000151991 1.01599e-05 4.44256e-07 1.33836e-08 2.87329e-10 4.38626e-12 4.65116e-14
 8.16502e-09 4.02544e-07 1.17019e-05 0.000200585 0.00202753 0.0120905 0.0426201 0.089736 0.11857 0.118762 0.126309 0.142873 0.137655 0.107682 0.0653174 0.0274653 0.0073428 0.00120593 0.000121687 7.72288e-06 3.21044e-07 9.1274e-09 1.8118e-10 2.48387e-12 2.29768e-14
 1.36351e-08 6.37737e-07 1.75879e-05 0.000286009 0.00274264 0.0155141 0.0518561 0.103307 0.127895 0.116532 0.111868 0.124459 0.128974 0.110186 0.06919 0.0285819 0.00732586 0.00114717 0.000110942 6.83033e-06 2.79405e-07 7.87101e-09 1.53729e-10 2.0404e-12 1.7965e-14
 1.98241e-08 8.79109e-07 2.2987e-05 0.00035442 0.00322253 0.0172878 0.0548617 0.104315 0.126189 0.120438 0.125953 0.137794 0.128893 0.0978002 0.0556666 0.0212737 0.00510099 0.000752086 6.88965e-05 4.04836e-06 1.59357e-07 4.34435e-09 8.22408e-11 1.05776e-12 9.02426e-15
 2.9256e-08 1.22945e-06 3.04646e-05 0.000445122 0.00383542 0.0195007 0.0586746 0.105986 0.122838 0.115182 0.121422 0.135356 0.131276 0.102115 0.0572113 0.0208026 0.00464482 0.000624967 5.07224e-05 2.52212e-06 7.936e-08 1.66072e-09 2.43585e-11 2.56754e-13 1.91538e-15
 4.9074e-08 1.95349e-06 4.58521e-05 0.000634613 0.00517978 0.0249476 0.0711162 0.12177 0.134045 0.119893 0.120739 0.128424 0.118856 0.0878823 0.0465763 0.0160127 0.00339825 0.000440082 3.51858e-05 1.78703e-06 5.98489e-08 1.35921e-09 2.09475e-11 2.14339e-13 1.42313e-15
 7.22197e-08 2.72232e-06 6.0508e-05 0.000793034 0.00612981 0.027966 0.0756109 0.123523 0.132913 0.122838 0.128339 0.132517 0.114947 0.0792186 0.0393617 0.0128085 0.00260956 0.000332107 2.70508e-05 1.46218e-06 5.38611e-08 1.3507e-09 2.25428e-11 2.44495e-13 1.69969e-15
 1.07006e-07 3.81868e-06 8.03546e-05 0.000997049 0.00729651 0.0315226 0.0807743 0.125561 0.130589 0.120704 0.127497 0.131867 0.114574 0.0777563 0.0370321 0.0113308 0.00214355 0.000250323 1.84709e-05 8.97439e-07 2.99922e-08 7.03802e-10 1.14516e-11 1.25528e-13 9.02831e-16
 1.55871e-07 5.2654e-06 0.000104879 0.00123186 0.00853408 0.0349142 0.0848523 0.125984 0.128498 0.122052 0.131438 0.133466 0.112176 0.0727542 0.032733 0.00939827 0.0016624 0.000180904 1.23718e-05 5.52158e-07 1.67537e-08 3.53292e-10 5.14173e-12 5.05446e-14 3.29329e-16
 2.46503e-07 7.88165e-06 0.000148595 0.001652 0.010833 0.0419541 0.0965588 0.135996 0.132352 0.121279 0.126901 0.12616 0.104002 0.0652263 0.0279367 0.00758251 0.00126847 0.000131317 8.6277e-06 3.73588e-07 1.1021e-08 2.23523e-10 3.06917e-12 2.79198e-14 1.65815e-16
 3.09771e-07 9.37491e-06 0.000167298 0.00176057 0.0109306 0.0401236 0.0879768 0.120739 0.123308 0.128995 0.143754 0.138778 0.107668 0.063098 0.0252169 0.00637984 0.000992588 9.51556e-05 5.75308e-06 2.2789e-07 6.14732e-09 1.14919e-10 1.4728e-12 1.26363e-14 7.11007e-17
 5.25039e-07 1.50408e-05 0.000254067 0.00253077 0.0148711 0.0516402 0.106862 0.136977 0.126605 0.117841 0.125761 0.125516 0.101721 0.0598578 0.0231166 0.00554206 0.000811032 7.29718e-05 4.13774e-06 1.53454e-07 3.85746e-09 6.67021e-11 7.84679e-13 6.14725e-15 3.15329e-17
 7.28529e-07 1.9757e-05 0.000315934 0.00297937 0.0165789 0.0545848 0.107706 0.134815 0.130293 0.132343 0.139059 0.124336 0.0886451 0.0470324 0.0168548 0.00383771 0.000546683 4.94609e-05 2.93036e-06 1.16835e-07 3.15357e-09 5.67116e-11 6.64985e-13 5.01355e-15 2.41809e-17
 9.20139e-07 2.36251e-05 0.000357686 0.00319379 0.0168318 0.0525503 0.0988777 0.120737 0.120832 0.132148 0.145799 0.135808 0.0991949 0.0517816 0.0176202 0.00372078 0.000481766 3.8735e-05 1.99616e-06 6.88483e-08 1.64684e-09 2.74998e-11 3.1379e-13 2.3749e-15 1.16301e-17
 1.27776e-06 3.1065e-05 0.000445354 0.00376563 0.0187966 0.0556372 0.0996741 0.117813 0.118537 0.132493 0.147144 0.137196 0.0988158 0.0497872 0.0161639 0.00325854 0.000406955 3.21222e-05 1.65538e-06 5.73703e-08 1.35028e-09 2.1328e-11 2.21912e-13 1.50217e-15 6.5819e-18
#spawning biomass
 20207.4 24253.8 19356 21978.9 34508.4 50904.3 63681.7 85107.6 116861 144977 173770 215253 246566 288730 275979 252101 231587 223416 212689 227409 260841 243813 239871 215160 216918 231364 219544 182651 157632 354290 390176 370805 324758 272137 223872 184264 153877 131581 115720 104688 97138.8 92036.9 88608.1 86277.3 84765.9 83785.9 83150.4 82738.3 82471.1 82297.8 82185.5 82112.6 82065.4 82034.7 82014.9 82002 81993.6 81988.2 81984.7 81982.4 81981 81980 81979.4 81979 81978.7 81978.6 81978.4 81978.4 81978.3 81978.3 81978.3 81978.3 81978.3 81978.3 81978.2 81978.2 81978.2 81978.2 81978.2 81978.2 81978.2 81978.2 81978.2 81978.2 81978.2 81978.2 81978.2 81978.2 81978.2 81978.2 81978.2 81978.2 81978.2 81978.2 81978.2 81978.2 81978.2 81978.2 81978.2 81978.2 81978.2 81978.2 81978.2 81978.2 81978.2 81978.2 81978.2 81978.2 81978.2 81978.2 81978.2 81978.2 81978.2 81978.2 81978.2 81978.2 81978.2 81978.2 81978.2 81978.2 81978.2 81978.2 81978.2 81978.2 81978.2 81978.2 81978.2 81978.2 0 0 0 0 0 0 0 0 0 0 0 0 0 0 0 0 0 0 0 0 0 0 0 0 0
