SBPRF35
0.0628122
Curr Bio
395091
B35
188287
F35
14977.6
FOFL
14977.6
OFL
416753
Bzero
11688
#pred survey bio
 9624.46 8006.24 12589.5 15729.9 23199.4 26576.9 30491.1 34555.8 48425.8 50873.6 56027.2 69845.9 101881 113035 112422 99191 85012.2 84646.4 82877.1 84321.8 77692 81824.7 85249.9 97183.4 122828 98977.8 93927.2 95021.2 2.29323e+06 512909 193950 70131.6 38240.7 30450.6 28570.2 28120.3 28013.5 27988.4 27982.5 27981.1 27980.8 27980.7 27980.7 27980.7 27980.7 27980.7 27980.7 27980.7 27980.7 27980.7 27980.7 27980.7 27980.7 27980.7 27980.7 27980.7 27980.7 27980.7 27980.7 27980.7 27980.7 27980.7 27980.7 27980.7 27980.7 27980.7 27980.7 27980.7 27980.7 27980.7 27980.7 27980.7 27980.7 27980.7 27980.7 27980.7 27980.7 27980.7 27980.7 27980.7 27980.7 27980.7 27980.7 27980.7 27980.7 27980.7 27980.7 27980.7 27980.7 27980.7 27980.7 27980.7 27980.7 27980.7 27980.7 27980.7 27980.7 27980.7 27980.7 27980.7 27980.7 27980.7 27980.7 27980.7 27980.7 27980.7 27980.7 27980.7 27980.7 27980.7 27980.7 27980.7 27980.7 27980.7 27980.7 27980.7 27980.7 27980.7 27980.7 27980.7 27980.7 27980.7 27980.7 27980.7 27980.7 27980.7 27980.7 27980.7 0 0 0 0 0 0 0 0 0 0 0 0 0 0 0 0 0 0 0 0 0 0 0 0 0
#obs survey bio
 8542.89 9310.31 15109.1 15361.4 21141.2 26280.8 29615.1 28338.4 48065.4 61419.7 62453.5 58836.4 110313 99245.8 82515.2 125666 77977.7 84099.7 99181.2 86859.8 83314.3 79697.6 63694.7 82602.4 140768 99566.6 93361.8 83281.6
#pred catch bio
 8285.49 5815.47 6320.41 9466.95 14121.2 17952.6 19823.9 25753.8 28683.4 39797.2 52256 57626.7 75417.1 94554.8 104624 90955.3 83766.4 77455.9 81941.2 77871.6 76665.3 91144 97250.2 106486 112178 115835 118352 108303 416753 6598.2 6598.2 6598.2 6598.2 6598.2 6598.2 6598.2 6598.2 6598.2 6598.2 6598.2 6598.2 6598.2 6598.2 6598.2 6598.2 6598.2 6598.2 6598.2 6598.2 6598.2 6598.2 6598.2 6598.2 6598.2 6598.2 6598.2 6598.2 6598.2 6598.2 6598.2 6598.2 6598.2 6598.2 6598.2 6598.2 6598.2 6598.2 6598.2 6598.2 6598.2 6598.2 6598.2 6598.2 6598.2 6598.2 6598.2 6598.2 6598.2 6598.2 6598.2 6598.2 6598.2 6598.2 6598.2 6598.2 6598.2 6598.2 6598.2 6598.2 6598.2 6598.2 6598.2 6598.2 6598.2 6598.2 6598.2 6598.2 6598.2 6598.2 6598.2 6598.2 6598.2 6598.2 6598.2 6598.2 6598.2 6598.2 6598.2 6598.2 6598.2 6598.2 6598.2 6598.2 6598.2 6598.2 6598.2 6598.2 6598.2 6598.2 6598.2 6598.2 6598.2 6598.2 6598.2 6598.2 6598.2 6598.2 6598.2 0 0 0 0 0 0 0 0 0 0 0 0 0 0 0 0 0 0 0 0 0 0 0 0 0
#obs catch bio
 5605.92 6002.05 6331.74 9485.94 14271.5 18084.1 19931.8 25964.7 28700.8 40059.3 52306.9 58089.5 74836.4 93858.8 104011 91605.3 82948.1 77284.1 80791.1 77268.7 76168.2 89774.8 96717.6 105492 109789 113870 116608 108355
#pred cpue bio
 9944.32 8096.19 12379.2 15751.7 23265.9 26417 30285 34214.6 47288.8 48667 54664.8 67278.3 96397.4 110405 112709 98017.6 83112.9 82222.2 80060.9 81833.2 73505.8 77850.2 81271.7 90750 114967 94600.4 90631.2 91313.2 2.21709e+06 551191 200602 66918.7 34528.4 26719.5 24838.4 24388.4 24281.7 24256.5 24250.7 24249.3 24249 24248.9 24248.9 24248.9 24248.9 24248.9 24248.9 24248.9 24248.9 24248.9 24248.9 24248.9 24248.9 24248.9 24248.9 24248.9 24248.9 24248.9 24248.9 24248.9 24248.9 24248.9 24248.9 24248.9 24248.9 24248.9 24248.9 24248.9 24248.9 24248.9 24248.9 24248.9 24248.9 24248.9 24248.9 24248.9 24248.9 24248.9 24248.9 24248.9 24248.9 24248.9 24248.9 24248.9 24248.9 24248.9 24248.9 24248.9 24248.9 24248.9 24248.9 24248.9 24248.9 24248.9 24248.9 24248.9 24248.9 24248.9 24248.9 24248.9 24248.9 24248.9 24248.9 24248.9 24248.9 24248.9 24248.9 24248.9 24248.9 24248.9 24248.9 24248.9 24248.9 24248.9 24248.9 24248.9 24248.9 24248.9 24248.9 24248.9 24248.9 24248.9 24248.9 24248.9 24248.9 24248.9 24248.9 24248.9 0 0 0 0 0 0 0 0 0 0 0 0 0 0 0 0 0 0 0 0 0 0 0 0 0
#obs cpue bio
 6203.34 4741.46 10956 13212.9 24387 23474.1 28822 33390.4 50783.7 37989.4 44812.4 68666.7 107946 139698 161966 73480.9 98260.9 87717.1 80327.2 90951.9 76602.9 99097.2 117242 121496 151982 116060 113082 112950
#pred surv len freq
 2.55409e-27 2.56484e-27 1.35835e-26 2.32609e-20 5.70214e-15 1.68964e-10 6.05202e-07 0.00026203 0.0137137 0.0867573 0.0668075 0.0353231 0.221932 0.206448 0.0721815 0.113664 0.0500346 0.0398019 0.0241911 0.0181 0.0139387 0.011839 0.0116697 0.0102274 0.00310856
 2.55962e-27 2.57946e-27 2.59113e-26 4.9265e-20 1.20767e-14 3.57855e-10 1.28178e-06 0.00055496 0.0290446 0.183745 0.140886 0.0365863 0.179506 0.167531 0.0702524 0.118298 0.0396564 0.0156668 0.00690384 0.00387338 0.0024251 0.00175852 0.00153015 0.00133616 0.000444336
 2.56294e-27 2.58767e-27 3.23451e-26 6.28346e-20 1.54031e-14 4.56422e-10 1.63483e-06 0.000707818 0.0370447 0.234355 0.179614 0.0418104 0.192051 0.17757 0.0442425 0.0564286 0.0205809 0.0105657 0.00321441 0.000916981 0.000376916 0.000207339 0.000148624 0.00012133 4.16937e-05
 2.56135e-27 2.58329e-27 2.8411e-26 5.4535e-20 1.33686e-14 3.96135e-10 1.41889e-06 0.000614325 0.0321516 0.2034 0.156002 0.0433662 0.220481 0.203839 0.0495797 0.061825 0.0197087 0.0061563 0.00204318 0.000626821 0.00012901 3.80962e-05 1.91485e-05 1.33595e-05 4.5317e-06
 2.56116e-27 2.58293e-27 2.82576e-26 5.4212e-20 1.32894e-14 3.93789e-10 1.41049e-06 0.000610687 0.0319612 0.202196 0.15506 0.0419997 0.210744 0.195204 0.0543991 0.0749879 0.0236533 0.00685683 0.00183282 0.000388402 8.54689e-05 1.42508e-05 3.19854e-06 1.57395e-06 4.98195e-07
 2.56204e-27 2.58524e-27 3.02014e-26 5.83123e-20 1.42945e-14 4.23573e-10 1.51717e-06 0.000656876 0.0343785 0.217488 0.166742 0.0422458 0.20441 0.189144 0.0494294 0.0652047 0.0210852 0.00696397 0.00184781 0.000341414 5.24481e-05 7.45468e-06 8.71943e-07 1.81056e-07 4.71678e-08
 2.56218e-27 2.58546e-27 3.02495e-26 5.84131e-20 1.43193e-14 4.24305e-10 1.51979e-06 0.000658011 0.0344379 0.217864 0.167048 0.0434636 0.213462 0.197236 0.0461445 0.0556283 0.0174524 0.00494964 0.00133826 0.000271992 3.89068e-05 4.06127e-06 3.36597e-07 2.69431e-08 3.81362e-09
 2.56248e-27 2.58628e-27 3.09994e-26 5.99951e-20 1.47071e-14 4.35797e-10 1.56095e-06 0.000675832 0.0353706 0.223765 0.171547 0.0430321 0.207017 0.191357 0.0463439 0.0575391 0.0176629 0.00435291 0.0011026 0.000199259 3.00107e-05 3.11547e-06 1.9423e-07 8.6031e-09 4.23179e-10
 2.56369e-27 2.58947e-27 3.37204e-26 6.5735e-20 1.61142e-14 4.77491e-10 1.71029e-06 0.000740492 0.0387547 0.245173 0.187894 0.0430599 0.195743 0.180755 0.0408782 0.0477387 0.0146379 0.00359019 0.000874983 0.000137248 1.8453e-05 1.85647e-06 1.15808e-07 3.79306e-09 7.74155e-11
 2.56528e-27 2.59371e-27 3.7404e-26 7.35056e-20 1.8019e-14 5.33936e-10 1.91247e-06 0.000828025 0.0433359 0.274155 0.210016 0.0425351 0.176207 0.162595 0.0352585 0.0394849 0.0120057 0.00278561 0.000673334 0.000104627 1.28327e-05 1.11701e-06 6.49643e-08 2.05716e-09 2.86879e-11
 2.5638e-27 2.58951e-27 3.34946e-26 6.52578e-20 1.59972e-14 4.74024e-10 1.69788e-06 0.000735115 0.0384733 0.243393 0.186571 0.0453291 0.213941 0.197044 0.0346212 0.0293384 0.00861225 0.00153675 0.000346538 5.00189e-05 6.00699e-06 4.91258e-07 2.46939e-08 7.11573e-10 9.171e-12
 2.56479e-27 2.59225e-27 3.59699e-26 7.04797e-20 1.72773e-14 5.11956e-10 1.83374e-06 0.00079394 0.0415519 0.262869 0.201423 0.0441014 0.194164 0.178925 0.0338071 0.0320208 0.00908181 0.00104027 0.000194894 2.19202e-05 2.35973e-06 1.82083e-07 8.64145e-09 2.17787e-10 2.51513e-12
 2.56603e-27 2.59562e-27 3.8951e-26 7.67686e-20 1.88189e-14 5.57637e-10 1.99736e-06 0.000864782 0.0452596 0.286325 0.21932 0.0432732 0.175287 0.16148 0.0302592 0.028334 0.00817177 0.00117894 0.000225678 1.72261e-05 1.39096e-06 8.6261e-08 3.7397e-09 8.80666e-11 8.99844e-13
 2.56373e-27 2.58929e-27 3.32933e-26 6.48331e-20 1.58931e-14 4.7094e-10 1.68683e-06 0.000730331 0.0382229 0.241809 0.185363 0.0454261 0.215528 0.198508 0.0348746 0.029537 0.00850539 0.00122774 0.000241771 2.23577e-05 1.67682e-06 6.88277e-08 2.23632e-09 4.57347e-11 4.30864e-13
 2.56144e-27 2.58322e-27 2.80451e-26 5.37619e-20 1.31791e-14 3.9052e-10 1.39878e-06 0.000605616 0.0316958 0.200517 0.153841 0.0459045 0.241316 0.222583 0.0441962 0.0447129 0.0127487 0.0015583 0.000290438 2.68437e-05 2.17067e-06 9.87242e-08 2.38134e-09 3.35385e-11 2.6149e-13
 2.56273e-27 2.58679e-27 3.12861e-26 6.05993e-20 1.48552e-14 4.40186e-10 1.57667e-06 0.000682639 0.0357269 0.226018 0.173288 0.0442932 0.215391 0.198808 0.0426723 0.0472291 0.0136094 0.00188978 0.000359559 2.84478e-05 2.14456e-06 1.00523e-07 2.67126e-09 3.21229e-11 1.70563e-13
 2.56364e-27 2.58913e-27 3.32174e-26 6.46731e-20 1.58538e-14 4.69777e-10 1.68266e-06 0.000728529 0.0381286 0.241212 0.184899 0.0449019 0.211865 0.195259 0.0366938 0.0345021 0.00998433 0.00149957 0.000296155 2.59361e-05 1.92659e-06 7.83515e-08 2.04412e-09 2.63084e-11 1.2936e-13
 2.56416e-27 2.59047e-27 3.43411e-26 6.70434e-20 1.64349e-14 4.86995e-10 1.74433e-06 0.00075523 0.039526 0.250053 0.191652 0.045095 0.208589 0.192114 0.0339176 0.0289557 0.00820376 0.000946192 0.000172838 1.61211e-05 1.27853e-06 5.56069e-08 1.32434e-09 1.5856e-11 8.08322e-14
 2.56458e-27 2.59162e-27 3.53628e-26 6.91988e-20 1.69632e-14 5.02651e-10 1.80041e-06 0.00077951 0.0407967 0.258092 0.197785 0.044706 0.201321 0.185428 0.0331106 0.028797 0.00813231 0.000885384 0.000153206 1.14491e-05 8.42138e-07 3.93218e-08 1.00702e-09 1.17364e-11 5.49574e-14
 2.56423e-27 2.59062e-27 3.44224e-26 6.72148e-20 1.64769e-14 4.8824e-10 1.74879e-06 0.000757161 0.0396271 0.250692 0.192147 0.0454778 0.211155 0.194384 0.0325432 0.0252508 0.00709623 0.000734467 0.000123443 8.64458e-06 5.62958e-07 2.16036e-08 5.55002e-10 6.96316e-12 3.2941e-14
 2.56603e-27 2.59555e-27 3.88302e-26 7.65135e-20 1.87564e-14 5.55784e-10 1.99073e-06 0.000861908 0.0451092 0.285373 0.218603 0.0438268 0.180004 0.165716 0.0288839 0.0241218 0.00675287 0.000636856 0.000101802 6.83e-06 4.24285e-07 1.47057e-08 3.1579e-10 3.63983e-12 1.81502e-14
 2.56565e-27 2.5944e-27 3.77104e-26 7.41508e-20 1.81772e-14 5.38622e-10 1.92925e-06 0.000835294 0.0437163 0.276561 0.211893 0.045007 0.193699 0.178146 0.0273176 0.0174289 0.00485612 0.000460375 7.31342e-05 4.49303e-06 2.5917e-07 8.49616e-09 1.68083e-10 1.65177e-12 7.2546e-15
 2.56551e-27 2.59401e-27 3.73387e-26 7.33666e-20 1.79849e-14 5.32926e-10 1.90885e-06 0.00082646 0.0432539 0.273637 0.209664 0.0453092 0.197565 0.18167 0.0271495 0.0161557 0.00442802 0.000299888 3.76619e-05 2.27258e-06 1.26482e-07 3.7527e-09 6.90603e-11 6.27176e-13 2.40261e-15
 2.56684e-27 2.59764e-27 4.05726e-26 8.01888e-20 1.96573e-14 5.82482e-10 2.08635e-06 0.000903311 0.047276 0.299081 0.229076 0.0441989 0.175477 0.161318 0.0241108 0.0143515 0.00392495 0.000249967 2.88802e-05 1.31742e-06 5.55291e-08 1.57904e-09 2.706e-11 2.23517e-13 7.89996e-16
 2.56669e-27 2.59721e-27 4.01732e-26 7.93462e-20 1.94508e-14 5.76361e-10 2.06443e-06 0.000893818 0.0467792 0.295938 0.226681 0.044504 0.179482 0.164968 0.0239239 0.0130089 0.00355487 0.000235248 2.8158e-05 1.2266e-06 4.51319e-08 9.22363e-10 1.30369e-11 1.00823e-13 3.25244e-16
 2.56534e-27 2.59354e-27 3.69353e-26 7.25156e-20 1.77763e-14 5.26744e-10 1.88671e-06 0.000816873 0.0427522 0.270463 0.207241 0.0453659 0.199698 0.183655 0.027805 0.0171491 0.0047008 0.000312216 3.76001e-05 1.70056e-06 6.52277e-08 1.23564e-09 1.38509e-11 7.92197e-14 2.26243e-16
 2.56466e-27 2.59168e-27 3.52535e-26 6.89676e-20 1.69066e-14 5.00972e-10 1.7944e-06 0.000776905 0.0406604 0.257229 0.197149 0.0461437 0.212708 0.195595 0.0287312 0.0162562 0.00443795 0.000277871 3.14855e-05 1.40246e-06 5.3272e-08 1.05123e-09 1.17531e-11 5.73262e-14 1.22313e-16
 2.56496e-27 2.59248e-27 3.59706e-26 7.04805e-20 1.72775e-14 5.11962e-10 1.83376e-06 0.000793949 0.0415524 0.262872 0.201454 0.0458736 0.207628 0.190921 0.028146 0.0160978 0.0043826 0.000250072 2.52721e-05 1.06504e-06 3.744e-08 7.22866e-10 8.14924e-12 4.07713e-14 8.00659e-17
#obs surv len freq
 1.08518e-41 1.50616e-33 2.52689e-26 5.12449e-20 1.25621e-14 3.72238e-10 1.3333e-06 0.000577271 0.030212 0.191131 0.146656 0.0401965 0.173474 0.146745 0.103544 0.101444 0.0441197 0.0173934 0.00397515 0.000504495 2.60768e-05 3.98828e-07 1.3583e-09 8.39109e-13 8.23792e-17
 1.60191e-41 2.22334e-33 3.73012e-26 7.56461e-20 1.85438e-14 5.49485e-10 1.96817e-06 0.000852148 0.044598 0.28214 0.216164 0.040602 0.126336 0.102028 0.0762661 0.0690792 0.0291201 0.0104432 0.00212659 0.000231754 9.82194e-06 1.16453e-07 2.94737e-10 1.32027e-13 9.27149e-18
 1.5358e-41 2.13159e-33 3.57619e-26 7.25244e-20 1.77785e-14 5.2681e-10 1.88695e-06 0.000816983 0.0427576 0.270498 0.207505 0.0500502 0.176984 0.128975 0.0563558 0.0424676 0.0170247 0.00548915 0.000980483 8.93348e-05 3.03775e-06 2.77576e-08 5.22539e-11 1.69891e-14 8.53758e-19
 1.07773e-41 1.49582e-33 2.50955e-26 5.08933e-20 1.24759e-14 3.69683e-10 1.32415e-06 0.000573309 0.0300047 0.189821 0.146133 0.0565309 0.230368 0.163134 0.0977902 0.0655592 0.0156877 0.00377434 0.000577988 4.32448e-05 1.15257e-06 7.98212e-09 1.11211e-11 2.6276e-15 9.4712e-20
 1.50287e-41 2.08589e-33 3.49951e-26 7.09693e-20 1.73973e-14 5.15514e-10 1.84649e-06 0.000799465 0.0418408 0.264699 0.20311 0.0472485 0.142343 0.104242 0.103976 0.0690142 0.0188935 0.00349369 0.000320316 1.78992e-05 3.6632e-07 1.88903e-09 1.92293e-12 3.2834e-16 8.48625e-21
 1.20054e-41 1.66627e-33 2.79552e-26 5.66925e-20 1.38975e-14 4.11809e-10 1.47503e-06 0.000638638 0.0334238 0.211452 0.163008 0.064975 0.231168 0.143994 0.0784857 0.0497729 0.0190587 0.00372093 0.00029103 9.84385e-06 1.32322e-07 4.91139e-10 3.60168e-13 4.39752e-17 8.09488e-22
 1.38103e-41 1.91679e-33 3.2158e-26 6.52159e-20 1.59869e-14 4.73721e-10 1.69679e-06 0.000734653 0.0384488 0.243242 0.187161 0.0579924 0.175122 0.116452 0.109112 0.0564678 0.0126108 0.00243344 0.000216544 6.16851e-06 5.20057e-08 1.19006e-10 5.90562e-14 5.05802e-18 6.56622e-23
 1.19244e-41 1.65502e-33 2.77665e-26 5.63098e-20 1.38037e-14 4.09029e-10 1.46507e-06 0.000634326 0.0331981 0.210027 0.162363 0.0721826 0.227051 0.133359 0.0941692 0.0498062 0.0149709 0.00209678 0.000137019 3.82992e-06 2.72296e-08 4.12969e-11 1.25201e-14 6.86192e-19 6.01356e-24
 1.51104e-41 2.09722e-33 3.51852e-26 7.13549e-20 1.74918e-14 5.18315e-10 1.85652e-06 0.000803808 0.0420681 0.266141 0.20503 0.0643277 0.166769 0.104098 0.0968451 0.0426246 0.00978556 0.0014209 8.32692e-05 1.65195e-06 9.72141e-09 1.21471e-11 2.6332e-15 9.27123e-20 5.10084e-25
 1.52368e-41 2.11476e-33 3.54795e-26 7.19518e-20 1.76381e-14 5.2265e-10 1.87205e-06 0.000810532 0.04242 0.26837 0.207354 0.0779721 0.198267 0.103399 0.0656078 0.028063 0.00691703 0.000779536 3.79477e-05 6.45722e-07 2.77156e-09 2.57152e-12 4.351e-16 1.15524e-20 4.45941e-26
 1.09638e-41 1.5217e-33 2.55297e-26 5.17737e-20 1.26917e-14 3.76078e-10 1.34705e-06 0.000583227 0.0305238 0.193118 0.150976 0.0974605 0.258974 0.136201 0.0947547 0.0314874 0.00535009 0.000548812 2.24879e-05 2.93031e-07 9.91155e-10 6.81228e-13 8.20872e-17 1.58864e-21 4.56776e-27
 1.66349e-41 2.30881e-33 3.87351e-26 7.85541e-20 1.92566e-14 5.70609e-10 2.04383e-06 0.000884907 0.0463125 0.292997 0.226221 0.0710989 0.144384 0.0942467 0.0901614 0.028743 0.00460378 0.000334096 1.00681e-05 1.04623e-07 2.6492e-10 1.35045e-13 1.19868e-17 1.66122e-22 3.37111e-28
 1.33635e-41 1.85476e-33 3.11175e-26 6.31057e-20 1.54696e-14 4.58393e-10 1.64189e-06 0.000710881 0.0372047 0.235392 0.184419 0.11048 0.242765 0.106664 0.0575363 0.0205148 0.00403688 0.000268796 6.11901e-06 4.34931e-08 8.00468e-11 2.9935e-14 1.91713e-18 1.91399e-23 2.79248e-29
 1.118e-41 1.55171e-33 2.60332e-26 5.27947e-20 1.2942e-14 3.83495e-10 1.37362e-06 0.000594729 0.0311258 0.196942 0.155656 0.112001 0.235451 0.137696 0.103531 0.0238595 0.00293262 0.000204676 4.58898e-06 2.53751e-08 3.19067e-11 8.13472e-15 3.67362e-19 2.61257e-24 2.70818e-30
 8.80112e-42 1.22154e-33 2.04938e-26 4.15611e-20 1.01882e-14 3.01895e-10 1.08134e-06 0.000468183 0.0245029 0.155056 0.12495 0.123736 0.249711 0.159384 0.123535 0.0339411 0.0045141 0.000197657 3.35466e-06 1.69167e-08 1.73036e-11 3.14736e-15 9.59818e-20 4.62334e-25 3.3122e-31
 1.4134e-41 1.9617e-33 3.29117e-26 6.67442e-20 1.63616e-14 4.84823e-10 1.73656e-06 0.000751869 0.0393499 0.248974 0.195183 0.0947038 0.160084 0.126572 0.101593 0.0285645 0.00403218 0.000187156 2.48363e-06 8.48351e-09 6.77044e-12 9.97296e-16 2.30949e-20 7.89355e-26 3.86579e-32
 9.72141e-42 1.34927e-33 2.26368e-26 4.59069e-20 1.12535e-14 3.33463e-10 1.19441e-06 0.000517138 0.027065 0.171307 0.141259 0.161907 0.272537 0.126662 0.0728225 0.0225288 0.00324179 0.00015021 1.9516e-06 5.60666e-09 3.15117e-12 3.23636e-16 5.58091e-21 1.45778e-26 5.35451e-33
 1.43414e-41 1.99049e-33 3.33945e-26 6.77234e-20 1.66016e-14 4.91936e-10 1.76203e-06 0.0007629 0.0399272 0.252653 0.199983 0.107886 0.161356 0.136127 0.0842011 0.015349 0.0016756 7.62282e-05 9.35089e-07 2.44337e-09 1.16416e-12 9.08772e-17 1.09835e-21 1.98498e-27 5.18448e-34
 1.00294e-41 1.39201e-33 2.33538e-26 4.73611e-20 1.161e-14 3.44026e-10 1.23225e-06 0.00053352 0.0279225 0.17679 0.149447 0.183667 0.261326 0.1211 0.0620255 0.0156891 0.00145618 4.25251e-05 4.2316e-07 9.72124e-10 3.97313e-13 2.57356e-17 2.46671e-22 3.34557e-28 6.24829e-35
 1.2909e-41 1.79168e-33 3.00592e-26 6.09595e-20 1.49435e-14 4.42803e-10 1.58605e-06 0.000686705 0.0359396 0.227483 0.184619 0.132577 0.181457 0.151741 0.0734676 0.0110827 0.000917596 2.60327e-05 1.8276e-07 2.96372e-10 9.54258e-14 5.01834e-18 3.86722e-23 4.14525e-29 5.9948e-36
 1.41697e-41 1.96666e-33 3.29948e-26 6.69127e-20 1.64029e-14 4.86047e-10 1.74094e-06 0.000753768 0.0394495 0.249747 0.205377 0.159539 0.187422 0.100791 0.0469034 0.00938451 0.000618174 1.22783e-05 7.22919e-08 8.97861e-11 1.99801e-14 7.45071e-19 4.29609e-24 3.53791e-30 3.94698e-37
 1.13001e-41 1.56837e-33 2.63127e-26 5.33617e-20 1.3081e-14 3.87613e-10 1.38837e-06 0.000601116 0.0314605 0.199309 0.172868 0.196705 0.225322 0.122575 0.0444202 0.00631951 0.000410831 7.67756e-06 3.28575e-08 2.99635e-11 5.07226e-15 1.37169e-19 5.49664e-25 3.15076e-31 2.50854e-38
 1.37751e-41 1.91189e-33 3.20759e-26 6.50493e-20 1.59461e-14 4.72511e-10 1.69246e-06 0.000732776 0.0383511 0.24289 0.203417 0.160754 0.179246 0.125747 0.0434341 0.00518419 0.000240094 3.52933e-06 1.31176e-08 9.32471e-12 1.12676e-15 2.18629e-20 6.38846e-26 2.6426e-32 1.48509e-39
 1.35379e-41 1.87897e-33 3.15236e-26 6.39292e-20 1.56715e-14 4.64375e-10 1.66332e-06 0.000720158 0.0376911 0.238853 0.206825 0.193648 0.188067 0.0974288 0.0323888 0.0042057 0.000168664 1.81096e-06 4.83447e-09 2.66338e-12 2.52488e-16 3.65179e-21 7.61201e-27 2.22245e-33 8.88144e-41
 1.18703e-41 1.64751e-33 2.76404e-26 5.60543e-20 1.3741e-14 4.07172e-10 1.45842e-06 0.000631448 0.0330488 0.209639 0.19031 0.214067 0.206784 0.112841 0.0296488 0.00291976 0.000107412 1.02662e-06 2.077e-09 8.02222e-13 5.41441e-17 5.79255e-22 9.05673e-28 1.95732e-34 5.65658e-42
 1.0627e-41 1.47496e-33 2.47454e-26 5.01833e-20 1.23018e-14 3.64526e-10 1.30567e-06 0.000565312 0.029588 0.187897 0.177993 0.221073 0.217482 0.129998 0.0325155 0.0028103 7.72036e-05 5.7709e-07 9.68981e-10 2.93728e-13 1.43668e-17 1.07235e-22 1.17216e-28 1.80467e-35 3.78008e-43
 1.04955e-41 1.4567e-33 2.44392e-26 4.95623e-20 1.21496e-14 3.60015e-10 1.28952e-06 0.000558317 0.0292225 0.185741 0.179706 0.221362 0.216787 0.131934 0.0319763 0.00264793 6.21576e-05 3.53849e-07 4.34079e-10 9.9676e-14 3.75963e-18 2.11342e-23 1.67559e-29 1.81899e-36 2.65388e-44
 1.265e-41 1.75573e-33 2.9456e-26 5.97362e-20 1.46436e-14 4.33917e-10 1.55422e-06 0.000672925 0.0352204 0.22358 0.204113 0.199668 0.19277 0.114019 0.0276129 0.00228887 5.23816e-05 2.74556e-07 2.84848e-10 5.22865e-14 1.56557e-18 7.13143e-24 4.66335e-30 4.18554e-37 4.9979e-45
#pred catch len freq
 2.55436e-27 2.56515e-27 1.33969e-26 2.28655e-20 5.60519e-15 1.66092e-10 5.94913e-07 0.000257575 0.0134805 0.0852825 0.0657429 0.0391995 0.25218 0.233862 0.0681991 0.0974415 0.0414442 0.0311821 0.0187381 0.0139399 0.0107204 0.00910291 0.00897237 0.00786338 0.00239004
 2.55903e-27 2.57764e-27 2.40889e-26 4.54198e-20 1.11341e-14 3.29924e-10 1.18173e-06 0.000511644 0.0267776 0.169403 0.129972 0.0389295 0.205006 0.190708 0.0679808 0.107222 0.0353794 0.0131045 0.00569852 0.00317457 0.00198445 0.00143852 0.00125165 0.00109296 0.000363461
 2.56139e-27 2.58336e-27 2.84503e-26 5.46179e-20 1.33889e-14 3.96737e-10 1.42105e-06 0.000615259 0.0322004 0.203709 0.156243 0.0436612 0.222556 0.205583 0.0467216 0.0549992 0.0196619 0.00955435 0.00288395 0.000815108 0.000334283 0.000183804 0.000131746 0.000107552 3.69588e-05
 2.56004e-27 2.57961e-27 2.50421e-26 4.74276e-20 1.16263e-14 3.44508e-10 1.23397e-06 0.000534262 0.0279613 0.176892 0.135791 0.0452772 0.249224 0.230164 0.0506427 0.0576032 0.0181363 0.00532457 0.00174479 0.000530977 0.000109068 3.21805e-05 1.61734e-05 1.12838e-05 3.82758e-06
 2.56002e-27 2.5797e-27 2.52717e-26 4.79124e-20 1.17451e-14 3.4803e-10 1.24658e-06 0.000539723 0.0282472 0.1787 0.13715 0.0439473 0.238149 0.220257 0.0545792 0.0690705 0.0215348 0.00586207 0.00154885 0.000325044 7.13427e-05 1.18873e-05 2.66756e-06 1.31264e-06 4.15484e-07
 2.56109e-27 2.58251e-27 2.76494e-26 5.29281e-20 1.29747e-14 3.84463e-10 1.37708e-06 0.000596224 0.0312042 0.197407 0.151438 0.0441408 0.229582 0.212123 0.0489666 0.0583385 0.0186032 0.00576073 0.00151264 0.000276779 4.24048e-05 6.02126e-06 7.04149e-07 1.46209e-07 3.80896e-08
 2.56109e-27 2.58236e-27 2.73878e-26 5.23758e-20 1.28393e-14 3.80451e-10 1.36271e-06 0.000590002 0.0308786 0.195347 0.149883 0.0452959 0.239465 0.221012 0.0463646 0.0501288 0.0155396 0.00413255 0.00110381 0.000222226 3.17123e-05 3.30695e-06 2.74011e-07 2.19324e-08 3.10437e-09
 2.56164e-27 2.58387e-27 2.87287e-26 5.52044e-20 1.35327e-14 4.00998e-10 1.43631e-06 0.000621866 0.0325462 0.205897 0.157932 0.0448285 0.230253 0.212542 0.045443 0.0501384 0.0152256 0.00351017 0.000877081 0.000156933 2.35715e-05 2.44473e-06 1.52377e-07 6.7489e-09 3.31969e-10
 2.56244e-27 2.58599e-27 3.05437e-26 5.90332e-20 1.44713e-14 4.28809e-10 1.53592e-06 0.000664996 0.0348035 0.220177 0.168835 0.0447985 0.222365 0.205141 0.0419298 0.0439883 0.01335 0.00307338 0.000739608 0.00011488 1.54004e-05 1.54777e-06 9.65281e-08 3.16142e-09 6.4523e-11
 2.56467e-27 2.59194e-27 3.57336e-26 6.99814e-20 1.71551e-14 5.08337e-10 1.82078e-06 0.000788326 0.0412582 0.261011 0.200002 0.043942 0.193949 0.178757 0.0343015 0.0332261 0.00999252 0.00216503 0.000515877 7.93512e-05 9.70385e-06 8.43715e-07 4.90563e-08 1.55332e-09 2.16615e-11
 2.56346e-27 2.58847e-27 3.24745e-26 6.31054e-20 1.54695e-14 4.5839e-10 1.64188e-06 0.000710869 0.0372043 0.235365 0.180459 0.0464574 0.226822 0.208734 0.033141 0.0230189 0.00668701 0.00111275 0.000246255 3.51735e-05 4.21067e-06 3.43965e-07 1.7285e-08 4.98044e-10 6.41888e-12
 2.56412e-27 2.59034e-27 3.41906e-26 6.67258e-20 1.6357e-14 4.84688e-10 1.73607e-06 0.000751653 0.0393388 0.248868 0.190753 0.0454202 0.211696 0.194914 0.0331915 0.0265954 0.00749526 0.000808015 0.000147355 1.64013e-05 1.75876e-06 1.35549e-07 6.43107e-09 1.62068e-10 1.87162e-12
 2.5652e-27 2.59327e-27 3.67954e-26 7.2221e-20 1.77041e-14 5.24604e-10 1.87904e-06 0.000813554 0.0425785 0.269364 0.20639 0.0445912 0.194401 0.178958 0.0304426 0.0243527 0.00697112 0.000944037 0.000177088 1.33936e-05 1.07574e-06 6.66184e-08 2.8871e-09 6.7983e-11 6.94623e-13
 2.5631e-27 2.58748e-27 3.16031e-26 6.12669e-20 1.50189e-14 4.45035e-10 1.59404e-06 0.000690159 0.0361205 0.228508 0.175227 0.0467098 0.232418 0.213907 0.0342188 0.0241661 0.00690092 0.000933325 0.000179934 1.64762e-05 1.23051e-06 5.04339e-08 1.63782e-09 3.34913e-11 3.15514e-13
 2.56123e-27 2.5825e-27 2.72733e-26 5.21332e-20 1.27798e-14 3.78689e-10 1.3564e-06 0.000587269 0.0307356 0.194442 0.149224 0.0473039 0.255209 0.235119 0.0412647 0.0348783 0.00987629 0.001132 0.000205601 1.88107e-05 1.51441e-06 6.87813e-08 1.65836e-09 2.33528e-11 1.8207e-13
 2.5626e-27 2.5863e-27 3.07103e-26 5.93843e-20 1.45573e-14 4.3136e-10 1.54506e-06 0.000668951 0.0350105 0.221487 0.169849 0.0456829 0.228382 0.210501 0.0394027 0.0368332 0.0105364 0.00136864 0.000254613 1.99522e-05 1.49638e-06 7.00384e-08 1.86038e-09 2.23691e-11 1.18769e-13
 2.56362e-27 2.58895e-27 3.29393e-26 6.4086e-20 1.57099e-14 4.65513e-10 1.66739e-06 0.000721916 0.0377825 0.239023 0.183244 0.0459541 0.221035 0.203487 0.0339112 0.0260875 0.00748235 0.00104872 0.00020274 1.75796e-05 1.29988e-06 5.27861e-08 1.37645e-09 1.77131e-11 8.70937e-14
 2.56386e-27 2.58957e-27 3.34511e-26 6.51656e-20 1.59746e-14 4.73355e-10 1.69548e-06 0.000734077 0.038419 0.243049 0.186322 0.0461548 0.2204 0.20282 0.032313 0.0226061 0.00635742 0.000688542 0.000122384 1.12994e-05 8.92267e-07 3.87527e-08 9.22518e-10 1.10436e-11 5.62971e-14
 2.56454e-27 2.5914e-27 3.50813e-26 6.86046e-20 1.68176e-14 4.98335e-10 1.78495e-06 0.000772817 0.0404464 0.255876 0.196107 0.0456012 0.209312 0.192604 0.0307813 0.0216847 0.00607888 0.00062147 0.000104453 7.73057e-06 5.65509e-07 2.63664e-08 6.74945e-10 7.86523e-12 3.68288e-14
 2.56398e-27 2.58984e-27 3.36537e-26 6.55928e-20 1.60793e-14 4.76458e-10 1.70659e-06 0.000738889 0.0386708 0.244643 0.187542 0.046419 0.221552 0.203805 0.0310608 0.0195036 0.00544012 0.000530005 8.64509e-05 5.99767e-06 3.88391e-07 1.48813e-08 3.82101e-10 4.79331e-12 2.26753e-14
 2.56602e-27 2.59545e-27 3.8656e-26 7.61457e-20 1.86662e-14 5.53113e-10 1.98116e-06 0.000857766 0.0448924 0.284002 0.217567 0.0445605 0.186315 0.171372 0.0268433 0.0180507 0.00501841 0.000446149 6.89724e-05 4.58429e-06 2.83111e-07 9.79716e-09 2.10265e-10 2.42317e-12 1.20828e-14
 2.56595e-27 2.59517e-27 3.83348e-26 7.54678e-20 1.85e-14 5.48189e-10 1.96352e-06 0.000850129 0.0444927 0.281473 0.215648 0.04532 0.193442 0.177785 0.0250045 0.0122503 0.00338069 0.000301544 4.62947e-05 2.81851e-06 1.6153e-07 5.28664e-09 1.04526e-10 1.02702e-12 4.51051e-15
 2.56587e-27 2.59493e-27 3.81064e-26 7.4986e-20 1.83819e-14 5.44689e-10 1.95099e-06 0.000844702 0.0442087 0.279676 0.21428 0.0455318 0.196016 0.180126 0.0248153 0.0112279 0.00304979 0.000196758 2.35577e-05 1.40777e-06 7.78423e-08 2.30578e-09 4.24053e-11 3.85041e-13 1.47497e-15
 2.56704e-27 2.59812e-27 4.09478e-26 8.09802e-20 1.98513e-14 5.8823e-10 2.10694e-06 0.000912225 0.0477426 0.302033 0.231334 0.0444951 0.176144 0.161832 0.0223461 0.0102039 0.00276697 0.00016844 1.8517e-05 8.37988e-07 3.5024e-08 9.94029e-10 1.70236e-11 1.4059e-13 4.96876e-16
 2.56641e-27 2.59641e-27 3.94116e-26 7.77393e-20 1.90569e-14 5.64689e-10 2.02262e-06 0.000875717 0.0458319 0.289945 0.222115 0.0451345 0.187487 0.172257 0.0234183 0.010025 0.00271655 0.000171875 1.96538e-05 8.49988e-07 3.10121e-08 6.32595e-10 8.93317e-12 6.90721e-14 2.22807e-16
 2.56584e-27 2.59485e-27 3.80352e-26 7.48359e-20 1.83451e-14 5.43599e-10 1.94708e-06 0.000843011 0.0441201 0.279116 0.213852 0.04551 0.196151 0.180262 0.0250381 0.0117012 0.00317938 0.000201275 2.3089e-05 1.03614e-06 3.94114e-08 7.45242e-10 8.34596e-12 4.77224e-14 1.36279e-16
 2.56541e-27 2.59365e-27 3.69466e-26 7.25392e-20 1.77821e-14 5.26916e-10 1.88732e-06 0.000817139 0.0427661 0.270551 0.20732 0.0460602 0.204927 0.188306 0.0254816 0.0106885 0.00288897 0.000172763 1.85757e-05 8.20817e-07 3.09124e-08 6.08862e-10 6.80127e-12 3.31653e-14 7.07565e-17
 2.56527e-27 2.59327e-27 3.66155e-26 7.18407e-20 1.76109e-14 5.21842e-10 1.86915e-06 0.00080927 0.0423543 0.267945 0.205331 0.0461342 0.206887 0.190122 0.0259332 0.0112598 0.00303855 0.000166596 1.59242e-05 6.65833e-07 2.32e-08 4.47057e-10 5.03534e-12 2.51862e-14 4.94563e-17
#obs catch len freq
 5.00734e-42 6.94985e-34 1.16598e-26 2.36459e-20 5.79651e-15 1.71761e-10 6.15221e-07 0.000266369 0.0139407 0.0881941 0.0680648 0.0396843 0.217349 0.18563 0.143863 0.143873 0.065351 0.0266298 0.00628832 0.000819704 4.40372e-05 7.03607e-07 2.49524e-09 1.59686e-12 1.61597e-16
 5.70244e-42 7.9146e-34 1.32784e-26 2.69283e-20 6.60116e-15 1.95604e-10 7.00623e-07 0.000303346 0.0158759 0.100437 0.0775294 0.0437094 0.223589 0.181859 0.14295 0.13094 0.0567401 0.0210346 0.00449834 0.000509936 2.23429e-05 2.74644e-07 7.21127e-10 3.33949e-13 2.41395e-17
 1.08313e-41 1.50331e-33 2.52211e-26 5.11479e-20 1.25383e-14 3.71533e-10 1.33077e-06 0.000576178 0.0301548 0.19077 0.14655 0.0450463 0.18069 0.140195 0.113932 0.095854 0.0400295 0.013411 0.0025369 0.000244874 8.70813e-06 8.229e-08 1.59737e-10 5.34815e-14 2.76077e-18
 1.11916e-41 1.55333e-33 2.60603e-26 5.28497e-20 1.29555e-14 3.83895e-10 1.37505e-06 0.000595349 0.0311582 0.197118 0.151744 0.058442 0.237735 0.164095 0.0763664 0.0539347 0.0212964 0.00637707 0.0010493 8.39468e-05 2.37474e-06 1.71684e-08 2.46656e-11 5.97704e-15 2.20457e-19
 7.87117e-42 1.09247e-33 1.83284e-26 3.71696e-20 9.11169e-15 2.69996e-10 9.67082e-07 0.000418713 0.0219138 0.138637 0.107355 0.0648822 0.274061 0.184658 0.116247 0.0709767 0.0165382 0.00375301 0.000525585 3.42115e-05 7.52426e-07 4.09796e-09 4.33877e-12 7.61995e-16 2.01285e-20
 1.25884e-41 1.74719e-33 2.93127e-26 5.94456e-20 1.45724e-14 4.31807e-10 1.54666e-06 0.000669651 0.0350469 0.221719 0.170526 0.05295 0.172706 0.12232 0.125125 0.0753992 0.0199071 0.00333381 0.000281991 1.37447e-05 2.30441e-07 9.29498e-10 7.16501e-13 9.07263e-17 1.71589e-21
 1.04067e-41 1.44438e-33 2.42325e-26 4.91431e-20 1.20468e-14 3.5697e-10 1.27861e-06 0.000553594 0.0289729 0.183296 0.141883 0.0736625 0.259814 0.153318 0.0858434 0.0506878 0.0185128 0.00322391 0.000224313 6.56294e-06 7.28055e-08 2.1088e-10 1.16771e-13 1.05527e-17 1.41959e-22
 1.27822e-41 1.77408e-33 2.97639e-26 6.03606e-20 1.47967e-14 4.38453e-10 1.57047e-06 0.000679959 0.0355863 0.225134 0.173647 0.0644678 0.192699 0.123886 0.115923 0.0540657 0.011681 0.00206475 0.000159625 3.81297e-06 2.62135e-08 4.70489e-11 1.76502e-14 1.11767e-18 1.05927e-23
 1.14599e-41 1.59056e-33 2.66849e-26 5.41164e-20 1.3266e-14 3.93096e-10 1.40801e-06 0.000609618 0.031905 0.201848 0.156528 0.0797548 0.239168 0.134336 0.0948352 0.0462637 0.0130294 0.00162311 9.47329e-05 2.20183e-06 1.24703e-08 1.46862e-11 3.37198e-15 1.36888e-19 8.75559e-25
 1.51459e-41 2.10215e-33 3.52679e-26 7.15226e-20 1.75329e-14 5.19533e-10 1.86088e-06 0.000805697 0.042167 0.266768 0.205826 0.0694655 0.170799 0.103582 0.0938156 0.0374866 0.00816835 0.00105949 5.34655e-05 8.86238e-07 4.15726e-09 3.98757e-12 6.50478e-16 1.69745e-20 6.83008e-26
 1.55732e-41 2.16146e-33 3.62629e-26 7.35405e-20 1.80276e-14 5.3419e-10 1.91338e-06 0.000828429 0.0433567 0.274298 0.212266 0.0831429 0.196795 0.09811 0.0610875 0.0240591 0.0054838 0.000546688 2.30877e-05 3.22298e-07 1.09534e-09 7.80581e-13 9.89869e-17 1.94162e-21 5.48544e-27
 1.15222e-41 1.59921e-33 2.683e-26 5.44108e-20 1.33382e-14 3.95234e-10 1.41566e-06 0.000612934 0.0320785 0.202958 0.159066 0.104259 0.254885 0.129207 0.086466 0.0259489 0.00412933 0.000374875 1.30763e-05 1.39609e-07 3.71448e-10 1.9485e-13 1.75696e-17 2.50724e-22 5.26345e-28
 1.72392e-41 2.39269e-33 4.01424e-26 8.14079e-20 1.99562e-14 5.91339e-10 2.11808e-06 0.000917055 0.047995 0.303644 0.234701 0.0747012 0.140109 0.090436 0.0806001 0.0232651 0.00340769 0.000216308 5.58994e-06 4.71742e-08 9.34594e-11 3.6262e-14 2.40097e-18 2.44963e-23 3.62609e-29
 1.39906e-41 1.9418e-33 3.25778e-26 6.6067e-20 1.61956e-14 4.79904e-10 1.71894e-06 0.000744241 0.0389506 0.246444 0.193561 0.116434 0.234159 0.098537 0.0511571 0.0168826 0.00295523 0.000169288 3.24531e-06 1.87312e-08 2.69427e-11 7.64151e-15 3.64312e-19 2.67336e-24 2.84182e-30
 1.18874e-41 1.64989e-33 2.76803e-26 5.61351e-20 1.37609e-14 4.0776e-10 1.46053e-06 0.000632358 0.0330951 0.20941 0.166015 0.118732 0.228642 0.131631 0.0907708 0.0188051 0.00213411 0.000128643 2.37166e-06 1.0484e-08 1.0259e-11 1.98383e-15 6.66173e-20 3.4776e-25 2.62411e-31
 9.49086e-42 1.31727e-33 2.20999e-26 4.48182e-20 1.09866e-14 3.25555e-10 1.16608e-06 0.000504874 0.0264231 0.167217 0.135348 0.132074 0.244337 0.154343 0.109101 0.0273415 0.00318749 0.00011989 1.70483e-06 6.80547e-09 5.35144e-12 7.34749e-16 1.66524e-20 5.8868e-26 3.06729e-32
 1.49956e-41 2.0813e-33 3.49181e-26 7.08131e-20 1.7359e-14 5.14379e-10 1.84242e-06 0.000797705 0.0417487 0.26416 0.20749 0.098895 0.153597 0.120705 0.0872487 0.0224735 0.00277247 0.000108511 1.17586e-06 3.19625e-09 1.96206e-12 2.16851e-16 3.71835e-21 9.32305e-27 3.32347e-33
 1.04855e-41 1.45532e-33 2.4416e-26 4.95152e-20 1.21381e-14 3.59673e-10 1.28829e-06 0.000557785 0.0291924 0.184788 0.153152 0.169951 0.260852 0.118207 0.0631056 0.0178796 0.00222563 8.66519e-05 9.07516e-07 2.03925e-09 8.77107e-13 6.76236e-17 8.61477e-22 1.64585e-27 4.39563e-34
 1.52776e-41 2.12044e-33 3.55747e-26 7.21448e-20 1.76854e-14 5.24052e-10 1.87707e-06 0.000812706 0.0425339 0.269159 0.213494 0.111401 0.153545 0.127072 0.0693184 0.0115033 0.00111579 4.2386e-05 4.15572e-07 8.41916e-10 3.04108e-13 1.7726e-17 1.58122e-22 2.08867e-28 3.95723e-35
 1.08666e-41 1.50822e-33 2.53035e-26 5.13149e-20 1.25793e-14 3.72746e-10 1.33512e-06 0.000578059 0.0302536 0.191575 0.162778 0.190589 0.247412 0.111536 0.0524434 0.0118732 0.00093602 2.30828e-05 1.84658e-07 3.26765e-10 1.00599e-13 4.83926e-18 3.41103e-23 3.37807e-29 4.58044e-36
 1.38931e-41 1.92827e-33 3.23508e-26 6.56067e-20 1.60827e-14 4.7656e-10 1.70696e-06 0.000739056 0.0386794 0.244846 0.199251 0.136308 0.172889 0.139408 0.0592055 0.00807868 0.000579859 1.34753e-05 7.52766e-08 9.44562e-11 2.28644e-14 8.89059e-19 5.01912e-24 3.91693e-30 4.10552e-37
 1.51217e-41 2.09879e-33 3.52116e-26 7.14085e-20 1.75049e-14 5.18704e-10 1.85791e-06 0.000804412 0.0421001 0.266557 0.219836 0.161557 0.173752 0.090348 0.0379833 0.00668435 0.000370326 6.09947e-06 2.83936e-08 2.69896e-11 4.51036e-15 1.24297e-19 5.23545e-25 3.12867e-31 2.52289e-38
 1.22374e-41 1.69847e-33 2.84953e-26 5.77879e-20 1.4166e-14 4.19765e-10 1.50353e-06 0.000650977 0.0340702 0.215888 0.188009 0.20041 0.211229 0.109734 0.0352732 0.00448524 0.000246328 3.71684e-06 1.25013e-08 8.72589e-12 1.10432e-15 2.20196e-20 6.44529e-26 2.67831e-32 1.53727e-39
 1.47815e-41 2.05158e-33 3.44195e-26 6.98021e-20 1.71112e-14 5.07035e-10 1.81612e-06 0.000786316 0.0411533 0.260678 0.218874 0.162166 0.168025 0.110963 0.0336822 0.00353039 0.00013768 1.64497e-06 4.75915e-09 2.5674e-12 2.31561e-16 3.30772e-21 7.04582e-27 2.11182e-33 8.56319e-41
 1.45205e-41 2.01535e-33 3.38117e-26 6.85694e-20 1.6809e-14 4.98081e-10 1.78405e-06 0.000772431 0.0404271 0.256252 0.222497 0.193733 0.173392 0.0849121 0.0251062 0.00281312 9.33587e-05 8.08146e-07 1.68106e-09 7.01117e-13 4.93759e-17 5.24677e-22 7.9713e-28 1.68517e-34 4.85177e-42
 1.28454e-41 1.78286e-33 2.99112e-26 6.06593e-20 1.48699e-14 4.40623e-10 1.57824e-06 0.000683324 0.0357642 0.226944 0.206617 0.215014 0.192711 0.0977178 0.0225551 0.00193324 5.87317e-05 4.45862e-07 6.97055e-10 2.03489e-13 1.01907e-17 7.98785e-23 9.08e-29 1.41989e-35 2.95861e-43
 1.15937e-41 1.60913e-33 2.69965e-26 5.47483e-20 1.34209e-14 3.97686e-10 1.42445e-06 0.000616737 0.03228 0.205091 0.194785 0.22307 0.205111 0.112556 0.0246275 0.00182067 4.11393e-05 2.44439e-07 3.15072e-10 7.17611e-14 2.59992e-18 1.42149e-23 1.12837e-29 1.25411e-36 1.88912e-44
 1.14668e-41 1.59151e-33 2.67009e-26 5.41489e-20 1.3274e-14 3.93332e-10 1.40885e-06 0.000609984 0.0319265 0.202819 0.191545 0.216267 0.208829 0.119175 0.0267895 0.00199601 4.10985e-05 2.00288e-07 2.05931e-10 3.9029e-14 1.20406e-18 5.50628e-24 3.53596e-30 3.09662e-37 3.63184e-45
#spawning biomass
 17550.1 21568.5 43767.5 50933.6 73435.2 88714.3 103974 119528 180226 207628 215280 281840 440388 432847 376774 353473 322115 331926 332181 333516 338090 352012 364861 447466 562074 419232 384492 395091 403241 6281.22 6281.22 6281.22 6281.22 6281.22 6281.22 6281.22 6281.22 6281.22 6281.22 6281.22 6281.22 6281.22 6281.22 6281.22 6281.22 6281.22 6281.22 6281.22 6281.22 6281.22 6281.22 6281.22 6281.22 6281.22 6281.22 6281.22 6281.22 6281.22 6281.22 6281.22 6281.22 6281.22 6281.22 6281.22 6281.22 6281.22 6281.22 6281.22 6281.22 6281.22 6281.22 6281.22 6281.22 6281.22 6281.22 6281.22 6281.22 6281.22 6281.22 6281.22 6281.22 6281.22 6281.22 6281.22 6281.22 6281.22 6281.22 6281.22 6281.22 6281.22 6281.22 6281.22 6281.22 6281.22 6281.22 6281.22 6281.22 6281.22 6281.22 6281.22 6281.22 6281.22 6281.22 6281.22 6281.22 6281.22 6281.22 6281.22 6281.22 6281.22 6281.22 6281.22 6281.22 6281.22 6281.22 6281.22 6281.22 6281.22 6281.22 6281.22 6281.22 6281.22 6281.22 6281.22 6281.22 6281.22 6281.22 6281.22 0 0 0 0 0 0 0 0 0 0 0 0 0 0 0 0 0 0 0 0 0 0 0 0 0
