SBPRF35
4.43221
Curr Bio
135962
B35
2.87515e+06
F35
0.0815193
FOFL
0
OFL
0
Bzero
1.26634e+06
#pred survey bio
 9644.41 9438.83 12138 17547.9 23496 28108.9 32363.1 39282.3 46063.1 58149.6 69317.6 79162.7 104603 125553 126180 107419 97459.9 91558.4 93712.9 88188.9 88440.9 100754 105574 114569 123087 125112 123421 109001 2.1914e+06 4.10833e+06 6.33738e+06 8.11875e+06 9.41332e+06 1.02943e+07 1.08506e+07 1.11651e+07 1.13079e+07 1.13343e+07 1.12858e+07 1.11923e+07 1.10747e+07 1.09461e+07 1.08016e+07 1.06347e+07 1.0491e+07 1.03675e+07 1.02612e+07 1.01698e+07 1.00913e+07 1.00238e+07 9.9659e+06 9.91625e+06 9.87371e+06 9.83731e+06 9.80621e+06 9.77967e+06 9.75706e+06 9.73785e+06 9.72155e+06 9.70776e+06 9.69613e+06 9.68635e+06 9.67816e+06 9.67134e+06 9.66567e+06 9.66101e+06 9.6572e+06 9.65411e+06 9.65164e+06 9.64969e+06 9.64819e+06 9.64705e+06 9.64624e+06 9.64568e+06 9.64535e+06 9.64519e+06 9.64519e+06 9.64531e+06 9.64553e+06 9.64583e+06 9.64619e+06 9.6466e+06 9.64705e+06 9.64752e+06 9.64801e+06 9.64852e+06 9.64903e+06 9.64953e+06 9.65004e+06 9.65054e+06 9.65103e+06 9.65151e+06 9.65197e+06 9.65242e+06 9.65286e+06 9.65328e+06 9.65368e+06 9.65407e+06 9.65444e+06 9.6548e+06 9.65514e+06 9.65547e+06 9.65578e+06 9.65607e+06 9.65635e+06 9.65662e+06 9.65687e+06 9.65711e+06 9.65734e+06 9.65756e+06 9.65776e+06 9.65795e+06 9.65814e+06 9.65831e+06 9.65848e+06 9.65863e+06 9.65878e+06 9.65892e+06 9.65905e+06 9.65917e+06 9.65929e+06 9.6594e+06 9.65951e+06 9.6596e+06 9.6597e+06 9.65979e+06 9.65987e+06 9.65995e+06 0 0 0 0 0 0 0 0 0 0 0 0 0 0 0 0 0 0 0 0 0 0 0 0 0
#obs survey bio
 8542.89 9310.31 15109.1 15361.4 21141.2 26280.8 29615.1 28338.4 48065.4 61419.7 62453.5 58836.4 110313 99245.8 82515.2 125666 77977.7 84099.7 99181.2 86859.8 83314.3 79697.6 63694.7 82602.4 140768 99566.6 93361.8 83281.6
#pred catch bio
 6361.26 5897.8 6475.93 9669.25 14436.6 18380.6 20244.9 26125.8 29401.5 40774.3 52858.4 58159.5 77612.4 97070.2 106635 92196.9 85319.2 78901.7 83623.1 79683.7 78280 92445.9 97929.8 107684 116332 117637 118388 108896 0 12227.4 22308 29281.7 34008.7 37183 39159.4 40231.8 40655.6 40638.4 40338.8 39872.3 39319.7 38732.1 38095.9 37391.6 36779.9 36248.7 35787.3 35386.6 35038.6 34736.4 34473.9 34246 34048 33876.1 33726.7 33597 33484.4 33386.6 33301.6 33227.8 33163.8 33108.1 33059.8 33017.8 32981.4 32949.7 32922.2 32898.3 32877.6 32859.6 32843.9 32830.3 32818.5 32808.3 32799.4 32791.7 32784.9 32779.1 32774.1 32769.7 32765.8 32762.5 32759.6 32757.1 32755 32753.1 32751.4 32750 32748.8 32747.7 32746.8 32746 32745.3 32744.7 32744.1 32743.7 32743.3 32742.9 32742.6 32742.3 32742.1 32741.9 32741.8 32741.6 32741.5 32741.4 32741.3 32741.2 32741.1 32741 32741 32740.9 32740.9 32740.9 32740.8 32740.8 32740.8 32740.8 32740.7 32740.7 32740.7 32740.7 32740.7 32740.7 32740.7 32740.7 32740.7 32740.7 0 0 0 0 0 0 0 0 0 0 0 0 0 0 0 0 0 0 0 0 0 0 0 0 0
#obs catch bio
 5605.92 6002.05 6331.74 9485.94 14271.5 18084.1 19931.8 25964.7 28700.8 40059.3 52306.9 58089.5 74836.4 93858.8 104011 91605.3 82948.1 77284.1 80791.1 77268.7 76168.2 89774.8 96717.6 105492 109789 113870 116608 108355
#pred cpue bio
 7102.64 6540.02 7579.48 11232.4 15502.5 18009.7 20270.9 24692.1 27991.4 33220.8 40125.2 45321.5 57710.3 72992.8 79206.6 66019.8 57556 52951.8 53556.3 50837.6 48212.8 54526.8 57412.4 60272.5 64958.1 67406.9 67849.2 61112.8 1.15115e+06 3.33788e+06 6.11003e+06 8.00972e+06 9.29085e+06 1.01564e+07 1.07058e+07 1.10178e+07 1.11598e+07 1.11859e+07 1.11373e+07 1.10438e+07 1.09262e+07 1.07976e+07 1.06531e+07 1.04861e+07 1.03425e+07 1.02189e+07 1.01127e+07 1.00213e+07 9.94272e+06 9.87526e+06 9.81735e+06 9.7677e+06 9.72516e+06 9.68876e+06 9.65766e+06 9.63112e+06 9.60852e+06 9.5893e+06 9.573e+06 9.55921e+06 9.54758e+06 9.5378e+06 9.52961e+06 9.52279e+06 9.51713e+06 9.51246e+06 9.50865e+06 9.50556e+06 9.50309e+06 9.50114e+06 9.49964e+06 9.49851e+06 9.49769e+06 9.49713e+06 9.4968e+06 9.49665e+06 9.49664e+06 9.49676e+06 9.49698e+06 9.49728e+06 9.49764e+06 9.49805e+06 9.4985e+06 9.49897e+06 9.49947e+06 9.49997e+06 9.50048e+06 9.50099e+06 9.50149e+06 9.50199e+06 9.50248e+06 9.50296e+06 9.50342e+06 9.50388e+06 9.50431e+06 9.50473e+06 9.50514e+06 9.50552e+06 9.5059e+06 9.50625e+06 9.50659e+06 9.50692e+06 9.50723e+06 9.50752e+06 9.5078e+06 9.50807e+06 9.50832e+06 9.50856e+06 9.50879e+06 9.50901e+06 9.50921e+06 9.50941e+06 9.50959e+06 9.50976e+06 9.50993e+06 9.51008e+06 9.51023e+06 9.51037e+06 9.5105e+06 9.51063e+06 9.51074e+06 9.51085e+06 9.51096e+06 9.51106e+06 9.51115e+06 9.51124e+06 9.51132e+06 9.5114e+06 0 0 0 0 0 0 0 0 0 0 0 0 0 0 0 0 0 0 0 0 0 0 0 0 0
#obs cpue bio
 6203.34 4741.46 10956 13212.9 24387 23474.1 28822 33390.4 50783.7 37989.4 44812.4 68666.7 107946 139698 161966 73480.9 98260.9 87717.1 80327.2 90951.9 76602.9 99097.2 117242 121496 151982 116060 113082 112950
#pred surv len freq
 2.56147e-27 2.58385e-27 2.92739e-26 5.63568e-20 1.38152e-14 4.09369e-10 1.46629e-06 0.000634848 0.0332256 0.210195 0.161137 0.0400348 0.191517 0.177096 0.0441781 0.0566245 0.0241027 0.0182116 0.0110519 0.00829925 0.00643539 0.00550515 0.00546662 0.00481556 0.00146651
 2.56341e-27 2.5893e-27 3.41705e-26 6.66867e-20 1.63474e-14 4.84404e-10 1.73505e-06 0.000751212 0.0393157 0.248722 0.190523 0.0379471 0.154987 0.144074 0.0510646 0.0803889 0.0273616 0.0114824 0.00504904 0.00281528 0.00176674 0.00128978 0.00113217 0.000995634 0.000332013
 2.56614e-27 2.59641e-27 4.01309e-26 7.92596e-20 1.94295e-14 5.75732e-10 2.06217e-06 0.000892843 0.0467282 0.295615 0.226349 0.0391305 0.138822 0.128477 0.0360042 0.0500628 0.0196436 0.0120495 0.00386163 0.00119299 0.000489274 0.000269162 0.000194631 0.000160374 5.53226e-05
 2.56437e-27 2.59152e-27 3.5713e-26 6.99393e-20 1.71448e-14 5.0803e-10 1.81968e-06 0.000787851 0.0412333 0.260853 0.199837 0.0411603 0.172896 0.159821 0.0397928 0.0507104 0.0182683 0.00921441 0.00362147 0.00132492 0.000297697 9.03857e-05 4.55398e-05 3.21216e-05 1.09538e-05
 2.56402e-27 2.59077e-27 3.52472e-26 6.89574e-20 1.69041e-14 5.00898e-10 1.79413e-06 0.000776791 0.0406544 0.257191 0.197016 0.0395831 0.162876 0.151001 0.0459595 0.0669858 0.0230531 0.00992055 0.00340924 0.00116178 0.00032409 6.14136e-05 1.44646e-05 7.1899e-06 2.29175e-06
 2.56483e-27 2.59285e-27 3.69802e-26 7.26129e-20 1.78002e-14 5.27451e-10 1.88924e-06 0.000817969 0.0428096 0.270825 0.207433 0.04002 0.158881 0.147061 0.0406603 0.055938 0.0204147 0.0105115 0.00337568 0.00095859 0.000233917 4.84803e-05 6.75028e-06 1.48963e-06 3.91881e-07
 2.56492e-27 2.59294e-27 3.69187e-26 7.24826e-20 1.77682e-14 5.26505e-10 1.88585e-06 0.000816502 0.0427328 0.270339 0.207081 0.0411719 0.167895 0.155175 0.0384293 0.0487144 0.0168012 0.00732261 0.00252374 0.000794833 0.00016643 2.93822e-05 3.88058e-06 3.8839e-07 5.80885e-08
 2.56495e-27 2.59307e-27 3.70775e-26 7.28177e-20 1.78504e-14 5.28939e-10 1.89457e-06 0.000820276 0.0429303 0.271589 0.208028 0.0407555 0.16406 0.151748 0.0398563 0.0528072 0.0176615 0.00681789 0.00214465 0.000611143 0.000141613 2.32088e-05 2.57457e-06 1.91826e-07 1.20819e-08
 2.56579e-27 2.59526e-27 3.89255e-26 7.67159e-20 1.8806e-14 5.57254e-10 1.99599e-06 0.000864188 0.0452285 0.286128 0.219133 0.0409557 0.157782 0.145786 0.0357524 0.0449381 0.0151216 0.00597425 0.00178366 0.000443301 9.06733e-05 1.52133e-05 1.61358e-06 9.80825e-08 3.49166e-09
 2.56738e-27 2.59949e-27 4.25692e-26 8.44022e-20 2.06902e-14 6.13087e-10 2.19598e-06 0.000950773 0.04976 0.314796 0.241018 0.0406217 0.139864 0.129099 0.0300413 0.0360758 0.0118554 0.00425975 0.00127236 0.000316241 5.77555e-05 8.40541e-06 8.67615e-07 4.95428e-08 1.32449e-09
 2.56604e-27 2.59568e-27 3.90373e-26 7.69509e-20 1.88636e-14 5.58962e-10 2.00211e-06 0.000866836 0.0453671 0.287005 0.219835 0.0429864 0.172742 0.159156 0.0302678 0.0289881 0.00913061 0.00269555 0.000752799 0.000169702 3.06837e-05 4.10762e-06 3.65233e-07 1.97051e-08 4.76354e-10
 2.56663e-27 2.59732e-27 4.05428e-26 8.0127e-20 1.96422e-14 5.82032e-10 2.08474e-06 0.000902614 0.0472395 0.29885 0.228866 0.0420937 0.159604 0.147163 0.0305193 0.0325479 0.00969925 0.00193271 0.000475003 8.82385e-05 1.42696e-05 1.80439e-06 1.48248e-07 6.94095e-09 1.55202e-10
 2.56765e-27 2.60007e-27 4.29539e-26 8.52134e-20 2.0889e-14 6.18979e-10 2.21708e-06 0.000959911 0.0502383 0.317821 0.243343 0.0415556 0.145338 0.133945 0.0271986 0.028317 0.00864774 0.00207881 0.00048257 6.28891e-05 8.21436e-06 8.76255e-07 6.58122e-08 2.81297e-09 5.51479e-11
 2.56565e-27 2.59457e-27 3.80172e-26 7.47986e-20 1.8336e-14 5.43328e-10 1.94611e-06 0.000842591 0.0440982 0.278977 0.213715 0.0435975 0.181693 0.167363 0.0307798 0.0280645 0.00846191 0.00188228 0.000448108 6.66323e-05 7.23674e-06 5.51765e-07 3.33898e-08 1.26754e-09 2.24095e-11
 2.56357e-27 2.5891e-27 3.33359e-26 6.49236e-20 1.59152e-14 4.71597e-10 1.68918e-06 0.000731351 0.0382763 0.242147 0.185592 0.0436334 0.201725 0.186188 0.0402726 0.0449587 0.0133192 0.00249868 0.000566193 7.95507e-05 9.22662e-06 6.83963e-07 2.96121e-08 8.59148e-10 1.31742e-11
 2.56474e-27 2.59232e-27 3.62307e-26 7.10307e-20 1.74123e-14 5.15958e-10 1.84808e-06 0.000800146 0.0418768 0.264924 0.202965 0.0423974 0.180113 0.166318 0.0380561 0.0449287 0.0136613 0.00314766 0.000714899 8.49936e-05 9.11102e-06 6.7354e-07 2.92405e-08 6.40684e-10 7.28489e-12
 2.56549e-27 2.5942e-27 3.77575e-26 7.4251e-20 1.82017e-14 5.3935e-10 1.93186e-06 0.000836422 0.0437753 0.276935 0.212148 0.0431049 0.179045 0.165052 0.0327568 0.0331621 0.0101107 0.00241137 0.000572054 7.9893e-05 8.15996e-06 5.21497e-07 2.17596e-08 4.6994e-10 4.22902e-12
 2.56582e-27 2.59502e-27 3.84213e-26 7.56511e-20 1.85449e-14 5.4952e-10 1.96829e-06 0.000852193 0.0446007 0.282157 0.216141 0.0434556 0.178909 0.164809 0.0305995 0.0282826 0.0083154 0.00148733 0.000335759 4.82089e-05 5.40436e-06 3.71509e-07 1.37114e-08 2.74146e-10 2.378e-12
 2.56623e-27 2.59615e-27 3.94231e-26 7.77646e-20 1.9063e-14 5.64872e-10 2.02328e-06 0.000876002 0.0458468 0.290039 0.222154 0.0431055 0.17202 0.158467 0.0297562 0.0279512 0.00814531 0.00132483 0.000277145 3.10992e-05 3.31734e-06 2.43186e-07 9.83053e-09 1.84116e-10 1.45298e-12
 2.56557e-27 2.59428e-27 3.76961e-26 7.41211e-20 1.81699e-14 5.38406e-10 1.92848e-06 0.000834959 0.0436987 0.27645 0.211795 0.0442101 0.187703 0.172801 0.0297702 0.0243737 0.00704631 0.00107317 0.000216889 2.17467e-05 1.96033e-06 1.19687e-07 4.94579e-09 1.00487e-10 7.74389e-13
 2.56744e-27 2.59941e-27 4.22721e-26 8.37747e-20 2.05363e-14 6.08529e-10 2.17965e-06 0.000943704 0.0493901 0.312455 0.239262 0.0425437 0.155725 0.143363 0.0258714 0.0228887 0.00653741 0.000841567 0.000160113 1.50696e-05 1.26232e-06 6.55226e-08 2.20942e-09 4.30381e-11 3.53505e-13
 2.56724e-27 2.59879e-27 4.1649e-26 8.24598e-20 2.0214e-14 5.98978e-10 2.14544e-06 0.000928893 0.0486149 0.307551 0.23553 0.0433776 0.164692 0.151479 0.024418 0.0175374 0.00502193 0.00070047 0.000133881 1.08546e-05 8.30149e-07 3.96846e-08 1.16079e-09 1.8436e-11 1.38753e-13
 2.567e-27 2.59811e-27 4.10329e-26 8.116e-20 1.98954e-14 5.89536e-10 2.11162e-06 0.000914251 0.0478486 0.302704 0.231834 0.0437197 0.169893 0.156245 0.0246546 0.0168717 0.00473081 0.000490849 8.46338e-05 7.20678e-06 5.3185e-07 2.18828e-08 5.79363e-10 8.03605e-12 4.9788e-14
 2.56794e-27 2.60067e-27 4.33041e-26 8.59515e-20 2.107e-14 6.24341e-10 2.23628e-06 0.000968226 0.0506735 0.320574 0.245467 0.0429449 0.154417 0.141986 0.0225185 0.0155905 0.00435799 0.000425538 6.90865e-05 4.55752e-06 2.98866e-07 1.24745e-08 2.9649e-10 3.60003e-12 1.95076e-14
 2.56759e-27 2.59966e-27 4.2363e-26 8.39658e-20 2.05832e-14 6.09917e-10 2.18462e-06 0.000945857 0.0495028 0.313168 0.239824 0.0436674 0.163881 0.150611 0.0220988 0.0124649 0.00345937 0.000320876 5.04054e-05 3.10554e-06 1.77855e-07 5.80533e-09 1.30254e-10 1.48357e-12 7.01568e-15
 2.56707e-27 2.59826e-27 4.11232e-26 8.13505e-20 1.99421e-14 5.9092e-10 2.11658e-06 0.000916396 0.0479609 0.303414 0.232381 0.0439918 0.171579 0.15773 0.0236251 0.0141495 0.00390095 0.000304913 4.28954e-05 2.52239e-06 1.36954e-07 4.01061e-09 7.28529e-11 7.09518e-13 3.15561e-15
 2.56663e-27 2.59708e-27 4.01082e-26 7.92094e-20 1.94172e-14 5.75367e-10 2.06087e-06 0.000892277 0.0466986 0.295428 0.226285 0.0440979 0.176669 0.162476 0.025369 0.0169288 0.00469465 0.000396976 5.81644e-05 2.99113e-06 1.42027e-07 3.90785e-09 6.51751e-11 5.29727e-13 1.94173e-15
 2.56598e-27 2.59533e-27 3.85449e-26 7.59113e-20 1.86087e-14 5.5141e-10 1.97506e-06 0.000855125 0.0447542 0.283127 0.216901 0.0446596 0.187537 0.172484 0.0267458 0.0175493 0.00487826 0.000436519 6.64813e-05 3.6212e-06 1.75191e-07 4.13076e-09 6.15322e-11 4.59541e-13 1.45089e-15
#obs surv len freq
 1.08518e-41 1.50616e-33 2.52689e-26 5.12449e-20 1.25621e-14 3.72238e-10 1.3333e-06 0.000577271 0.030212 0.191131 0.146656 0.0401965 0.173474 0.146745 0.103544 0.101444 0.0441197 0.0173934 0.00397515 0.000504495 2.60768e-05 3.98828e-07 1.3583e-09 8.39109e-13 8.23792e-17
 1.60191e-41 2.22334e-33 3.73012e-26 7.56461e-20 1.85438e-14 5.49485e-10 1.96817e-06 0.000852148 0.044598 0.28214 0.216164 0.040602 0.126336 0.102028 0.0762661 0.0690792 0.0291201 0.0104432 0.00212659 0.000231754 9.82194e-06 1.16453e-07 2.94737e-10 1.32027e-13 9.27149e-18
 1.5358e-41 2.13159e-33 3.57619e-26 7.25244e-20 1.77785e-14 5.2681e-10 1.88695e-06 0.000816983 0.0427576 0.270498 0.207505 0.0500502 0.176984 0.128975 0.0563558 0.0424676 0.0170247 0.00548915 0.000980483 8.93348e-05 3.03775e-06 2.77576e-08 5.22539e-11 1.69891e-14 8.53758e-19
 1.07773e-41 1.49582e-33 2.50955e-26 5.08933e-20 1.24759e-14 3.69683e-10 1.32415e-06 0.000573309 0.0300047 0.189821 0.146133 0.0565309 0.230368 0.163134 0.0977902 0.0655592 0.0156877 0.00377434 0.000577988 4.32448e-05 1.15257e-06 7.98212e-09 1.11211e-11 2.6276e-15 9.4712e-20
 1.50287e-41 2.08589e-33 3.49951e-26 7.09693e-20 1.73973e-14 5.15514e-10 1.84649e-06 0.000799465 0.0418408 0.264699 0.20311 0.0472485 0.142343 0.104242 0.103976 0.0690142 0.0188935 0.00349369 0.000320316 1.78992e-05 3.6632e-07 1.88903e-09 1.92293e-12 3.2834e-16 8.48625e-21
 1.20054e-41 1.66627e-33 2.79552e-26 5.66925e-20 1.38975e-14 4.11809e-10 1.47503e-06 0.000638638 0.0334238 0.211452 0.163008 0.064975 0.231168 0.143994 0.0784857 0.0497729 0.0190587 0.00372093 0.00029103 9.84385e-06 1.32322e-07 4.91139e-10 3.60168e-13 4.39752e-17 8.09488e-22
 1.38103e-41 1.91679e-33 3.2158e-26 6.52159e-20 1.59869e-14 4.73721e-10 1.69679e-06 0.000734653 0.0384488 0.243242 0.187161 0.0579924 0.175122 0.116452 0.109112 0.0564678 0.0126108 0.00243344 0.000216544 6.16851e-06 5.20057e-08 1.19006e-10 5.90562e-14 5.05802e-18 6.56622e-23
 1.19244e-41 1.65502e-33 2.77665e-26 5.63098e-20 1.38037e-14 4.09029e-10 1.46507e-06 0.000634326 0.0331981 0.210027 0.162363 0.0721826 0.227051 0.133359 0.0941692 0.0498062 0.0149709 0.00209678 0.000137019 3.82992e-06 2.72296e-08 4.12969e-11 1.25201e-14 6.86192e-19 6.01356e-24
 1.51104e-41 2.09722e-33 3.51852e-26 7.13549e-20 1.74918e-14 5.18315e-10 1.85652e-06 0.000803808 0.0420681 0.266141 0.20503 0.0643277 0.166769 0.104098 0.0968451 0.0426246 0.00978556 0.0014209 8.32692e-05 1.65195e-06 9.72141e-09 1.21471e-11 2.6332e-15 9.27123e-20 5.10084e-25
 1.52368e-41 2.11476e-33 3.54795e-26 7.19518e-20 1.76381e-14 5.2265e-10 1.87205e-06 0.000810532 0.04242 0.26837 0.207354 0.0779721 0.198267 0.103399 0.0656078 0.028063 0.00691703 0.000779536 3.79477e-05 6.45722e-07 2.77156e-09 2.57152e-12 4.351e-16 1.15524e-20 4.45941e-26
 1.09638e-41 1.5217e-33 2.55297e-26 5.17737e-20 1.26917e-14 3.76078e-10 1.34705e-06 0.000583227 0.0305238 0.193118 0.150976 0.0974605 0.258974 0.136201 0.0947547 0.0314874 0.00535009 0.000548812 2.24879e-05 2.93031e-07 9.91155e-10 6.81228e-13 8.20872e-17 1.58864e-21 4.56776e-27
 1.66349e-41 2.30881e-33 3.87351e-26 7.85541e-20 1.92566e-14 5.70609e-10 2.04383e-06 0.000884907 0.0463125 0.292997 0.226221 0.0710989 0.144384 0.0942467 0.0901614 0.028743 0.00460378 0.000334096 1.00681e-05 1.04623e-07 2.6492e-10 1.35045e-13 1.19868e-17 1.66122e-22 3.37111e-28
 1.33635e-41 1.85476e-33 3.11175e-26 6.31057e-20 1.54696e-14 4.58393e-10 1.64189e-06 0.000710881 0.0372047 0.235392 0.184419 0.11048 0.242765 0.106664 0.0575363 0.0205148 0.00403688 0.000268796 6.11901e-06 4.34931e-08 8.00468e-11 2.9935e-14 1.91713e-18 1.91399e-23 2.79248e-29
 1.118e-41 1.55171e-33 2.60332e-26 5.27947e-20 1.2942e-14 3.83495e-10 1.37362e-06 0.000594729 0.0311258 0.196942 0.155656 0.112001 0.235451 0.137696 0.103531 0.0238595 0.00293262 0.000204676 4.58898e-06 2.53751e-08 3.19067e-11 8.13472e-15 3.67362e-19 2.61257e-24 2.70818e-30
 8.80112e-42 1.22154e-33 2.04938e-26 4.15611e-20 1.01882e-14 3.01895e-10 1.08134e-06 0.000468183 0.0245029 0.155056 0.12495 0.123736 0.249711 0.159384 0.123535 0.0339411 0.0045141 0.000197657 3.35466e-06 1.69167e-08 1.73036e-11 3.14736e-15 9.59818e-20 4.62334e-25 3.3122e-31
 1.4134e-41 1.9617e-33 3.29117e-26 6.67442e-20 1.63616e-14 4.84823e-10 1.73656e-06 0.000751869 0.0393499 0.248974 0.195183 0.0947038 0.160084 0.126572 0.101593 0.0285645 0.00403218 0.000187156 2.48363e-06 8.48351e-09 6.77044e-12 9.97296e-16 2.30949e-20 7.89355e-26 3.86579e-32
 9.72141e-42 1.34927e-33 2.26368e-26 4.59069e-20 1.12535e-14 3.33463e-10 1.19441e-06 0.000517138 0.027065 0.171307 0.141259 0.161907 0.272537 0.126662 0.0728225 0.0225288 0.00324179 0.00015021 1.9516e-06 5.60666e-09 3.15117e-12 3.23636e-16 5.58091e-21 1.45778e-26 5.35451e-33
 1.43414e-41 1.99049e-33 3.33945e-26 6.77234e-20 1.66016e-14 4.91936e-10 1.76203e-06 0.0007629 0.0399272 0.252653 0.199983 0.107886 0.161356 0.136127 0.0842011 0.015349 0.0016756 7.62282e-05 9.35089e-07 2.44337e-09 1.16416e-12 9.08772e-17 1.09835e-21 1.98498e-27 5.18448e-34
 1.00294e-41 1.39201e-33 2.33538e-26 4.73611e-20 1.161e-14 3.44026e-10 1.23225e-06 0.00053352 0.0279225 0.17679 0.149447 0.183667 0.261326 0.1211 0.0620255 0.0156891 0.00145618 4.25251e-05 4.2316e-07 9.72124e-10 3.97313e-13 2.57356e-17 2.46671e-22 3.34557e-28 6.24829e-35
 1.2909e-41 1.79168e-33 3.00592e-26 6.09595e-20 1.49435e-14 4.42803e-10 1.58605e-06 0.000686705 0.0359396 0.227483 0.184619 0.132577 0.181457 0.151741 0.0734676 0.0110827 0.000917596 2.60327e-05 1.8276e-07 2.96372e-10 9.54258e-14 5.01834e-18 3.86722e-23 4.14525e-29 5.9948e-36
 1.41697e-41 1.96666e-33 3.29948e-26 6.69127e-20 1.64029e-14 4.86047e-10 1.74094e-06 0.000753768 0.0394495 0.249747 0.205377 0.159539 0.187422 0.100791 0.0469034 0.00938451 0.000618174 1.22783e-05 7.22919e-08 8.97861e-11 1.99801e-14 7.45071e-19 4.29609e-24 3.53791e-30 3.94698e-37
 1.13001e-41 1.56837e-33 2.63127e-26 5.33617e-20 1.3081e-14 3.87613e-10 1.38837e-06 0.000601116 0.0314605 0.199309 0.172868 0.196705 0.225322 0.122575 0.0444202 0.00631951 0.000410831 7.67756e-06 3.28575e-08 2.99635e-11 5.07226e-15 1.37169e-19 5.49664e-25 3.15076e-31 2.50854e-38
 1.37751e-41 1.91189e-33 3.20759e-26 6.50493e-20 1.59461e-14 4.72511e-10 1.69246e-06 0.000732776 0.0383511 0.24289 0.203417 0.160754 0.179246 0.125747 0.0434341 0.00518419 0.000240094 3.52933e-06 1.31176e-08 9.32471e-12 1.12676e-15 2.18629e-20 6.38846e-26 2.6426e-32 1.48509e-39
 1.35379e-41 1.87897e-33 3.15236e-26 6.39292e-20 1.56715e-14 4.64375e-10 1.66332e-06 0.000720158 0.0376911 0.238853 0.206825 0.193648 0.188067 0.0974288 0.0323888 0.0042057 0.000168664 1.81096e-06 4.83447e-09 2.66338e-12 2.52488e-16 3.65179e-21 7.61201e-27 2.22245e-33 8.88144e-41
 1.18703e-41 1.64751e-33 2.76404e-26 5.60543e-20 1.3741e-14 4.07172e-10 1.45842e-06 0.000631448 0.0330488 0.209639 0.19031 0.214067 0.206784 0.112841 0.0296488 0.00291976 0.000107412 1.02662e-06 2.077e-09 8.02222e-13 5.41441e-17 5.79255e-22 9.05673e-28 1.95732e-34 5.65658e-42
 1.0627e-41 1.47496e-33 2.47454e-26 5.01833e-20 1.23018e-14 3.64526e-10 1.30567e-06 0.000565312 0.029588 0.187897 0.177993 0.221073 0.217482 0.129998 0.0325155 0.0028103 7.72036e-05 5.7709e-07 9.68981e-10 2.93728e-13 1.43668e-17 1.07235e-22 1.17216e-28 1.80467e-35 3.78008e-43
 1.04955e-41 1.4567e-33 2.44392e-26 4.95623e-20 1.21496e-14 3.60015e-10 1.28952e-06 0.000558317 0.0292225 0.185741 0.179706 0.221362 0.216787 0.131934 0.0319763 0.00264793 6.21576e-05 3.53849e-07 4.34079e-10 9.9676e-14 3.75963e-18 2.11342e-23 1.67559e-29 1.81899e-36 2.65388e-44
 1.265e-41 1.75573e-33 2.9456e-26 5.97362e-20 1.46436e-14 4.33917e-10 1.55422e-06 0.000672925 0.0352204 0.22358 0.204113 0.199668 0.19277 0.114019 0.0276129 0.00228887 5.23816e-05 2.74556e-07 2.84848e-10 5.22865e-14 1.56557e-18 7.13143e-24 4.66335e-30 4.18554e-37 4.9979e-45
#pred catch len freq
 2.55663e-27 2.57102e-27 1.82894e-26 3.31855e-20 8.13501e-15 2.41055e-10 8.63419e-07 0.000373827 0.0195648 0.123773 0.0951502 0.0402454 0.23948 0.221769 0.0594051 0.0802924 0.0341344 0.0256982 0.0155142 0.011601 0.00897324 0.00766771 0.00761117 0.00670417 0.00204164
 2.55801e-27 2.57509e-27 2.20567e-26 4.11335e-20 1.00834e-14 2.98789e-10 1.07021e-06 0.00046336 0.0242506 0.153417 0.117745 0.037683 0.20411 0.190206 0.0737012 0.120499 0.0409907 0.0171401 0.00750329 0.00416323 0.00260562 0.00189992 0.00166706 0.00146589 0.000488823
 2.56039e-27 2.58119e-27 2.70586e-26 5.16838e-20 1.26696e-14 3.75424e-10 1.34471e-06 0.000582207 0.0304706 0.192766 0.147826 0.0398763 0.199666 0.185224 0.0568566 0.0835304 0.0327834 0.0200945 0.00642368 0.00197343 0.000806884 0.000443252 0.000320361 0.000263947 9.10503e-05
 2.55888e-27 2.57693e-27 2.31046e-26 4.33419e-20 1.06247e-14 3.1483e-10 1.12767e-06 0.000488237 0.0255526 0.161653 0.12411 0.0424554 0.235956 0.218509 0.0591379 0.0801668 0.0288904 0.0145568 0.0057012 0.00207696 0.000465461 0.000141041 7.10153e-05 5.00842e-05 1.70789e-05
 2.55875e-27 2.57683e-27 2.32769e-26 4.37064e-20 1.07141e-14 3.17478e-10 1.13715e-06 0.000492343 0.0257675 0.163013 0.125112 0.0401674 0.217841 0.202364 0.066654 0.101344 0.0348513 0.0149349 0.00511455 0.0017336 0.000482328 9.12669e-05 2.14754e-05 1.06724e-05 3.40169e-06
 2.55986e-27 2.57967e-27 2.56051e-26 4.86172e-20 1.19179e-14 3.53149e-10 1.26492e-06 0.000547662 0.0286627 0.181329 0.139112 0.0410801 0.21495 0.199279 0.0585262 0.0836467 0.0304651 0.0155798 0.00498654 0.00140775 0.000342518 7.08733e-05 9.86108e-06 2.17532e-06 5.7224e-07
 2.5599e-27 2.57955e-27 2.53045e-26 4.79822e-20 1.17623e-14 3.48537e-10 1.2484e-06 0.00054051 0.0282883 0.17896 0.13733 0.042728 0.228743 0.21173 0.0557581 0.0740661 0.0255154 0.011055 0.00379587 0.00118925 0.000248358 4.37674e-05 5.77598e-06 5.77904e-07 8.6424e-08
 2.56016e-27 2.5803e-27 2.60039e-26 4.94579e-20 1.2124e-14 3.59256e-10 1.2868e-06 0.000557133 0.0291583 0.184464 0.141524 0.0421686 0.221539 0.205206 0.0568562 0.0781702 0.0261013 0.00999258 0.00313153 0.000887057 0.000204967 3.3539e-05 3.71738e-06 2.76882e-07 1.74369e-08
 2.56099e-27 2.58243e-27 2.77621e-26 5.31664e-20 1.30331e-14 3.86194e-10 1.38328e-06 0.000598908 0.0313447 0.198296 0.152093 0.0426606 0.217858 0.20158 0.0520651 0.0681451 0.0228947 0.00897367 0.00267021 0.00065963 0.000134529 2.25317e-05 2.388e-06 1.45106e-07 5.16501e-09
 2.56324e-27 2.58837e-27 3.28485e-26 6.38961e-20 1.56634e-14 4.64133e-10 1.66245e-06 0.000719777 0.0376705 0.238314 0.182648 0.0425053 0.195208 0.180397 0.0432279 0.0532625 0.0174582 0.00619321 0.00184208 0.000454895 8.2838e-05 1.20327e-05 1.24096e-06 7.08386e-08 1.89358e-09
 2.56221e-27 2.58532e-27 2.99049e-26 5.76854e-20 1.41409e-14 4.1902e-10 1.50086e-06 0.000649815 0.034009 0.215151 0.165007 0.0453984 0.22962 0.211716 0.040904 0.0400214 0.0125756 0.00365651 0.00101645 0.000227553 4.1018e-05 5.48088e-06 4.86898e-07 2.62595e-08 6.3472e-10
 2.56262e-27 2.5865e-27 3.10295e-26 6.00581e-20 1.47225e-14 4.36255e-10 1.56259e-06 0.000676542 0.0354078 0.224 0.171748 0.0443775 0.217114 0.200374 0.0424931 0.0464556 0.013826 0.00271696 0.000664465 0.00012257 1.97581e-05 2.49348e-06 2.04682e-07 9.57948e-09 2.1417e-10
 2.56388e-27 2.58989e-27 3.39983e-26 6.63209e-20 1.62578e-14 4.81747e-10 1.72554e-06 0.000747091 0.0391 0.247358 0.189574 0.0437944 0.200152 0.184634 0.0381257 0.040478 0.0123378 0.00292089 0.000675402 8.73883e-05 1.13724e-05 1.21046e-06 9.08253e-08 3.88056e-09 7.60663e-11
 2.56184e-27 2.58424e-27 2.88956e-26 5.5556e-20 1.36189e-14 4.03552e-10 1.44546e-06 0.000625827 0.0327535 0.207209 0.158954 0.0461195 0.23936 0.220632 0.0411834 0.0383799 0.011553 0.00253093 0.000599849 8.85692e-05 9.5908e-06 7.29427e-07 4.4091e-08 1.67302e-09 2.95734e-11
 2.56013e-27 2.57979e-27 2.51515e-26 4.76583e-20 1.16828e-14 3.46184e-10 1.23997e-06 0.00053686 0.0280973 0.177752 0.136453 0.0455958 0.251183 0.231952 0.0506179 0.0570256 0.0168647 0.00310969 0.000700855 9.77451e-05 1.12995e-05 8.35782e-07 3.61451e-08 1.04809e-09 1.60682e-11
 2.56142e-27 2.58336e-27 2.83642e-26 5.44359e-20 1.33443e-14 3.95415e-10 1.41631e-06 0.000613209 0.0320931 0.203031 0.155733 0.0442118 0.227105 0.209814 0.0481627 0.057027 0.0172964 0.00391094 0.000884207 0.000104341 1.1144e-05 8.21892e-07 3.56434e-08 7.80569e-10 8.87323e-12
 2.56241e-27 2.58587e-27 3.04027e-26 5.87356e-20 1.43983e-14 4.26648e-10 1.52818e-06 0.000661644 0.0346281 0.219067 0.167993 0.0451308 0.225484 0.207951 0.0411641 0.0415359 0.0126274 0.00295152 0.000696673 9.6561e-05 9.83161e-06 6.26764e-07 2.61216e-08 5.63851e-10 5.07298e-12
 2.56266e-27 2.58646e-27 3.08471e-26 5.96727e-20 1.4628e-14 4.33455e-10 1.55256e-06 0.000672201 0.0351806 0.222562 0.17067 0.0456636 0.227658 0.209815 0.038935 0.0359577 0.0105511 0.00185117 0.000415314 5.91785e-05 6.61258e-06 4.53543e-07 1.6721e-08 3.34124e-10 2.89758e-12
 2.5634e-27 2.58846e-27 3.26185e-26 6.34096e-20 1.55441e-14 4.60599e-10 1.64979e-06 0.000714296 0.0373837 0.2365 0.181304 0.0451281 0.216112 0.199165 0.037138 0.0345352 0.0100435 0.0016003 0.00033257 3.70309e-05 3.9345e-06 2.87755e-07 1.16201e-08 2.1752e-10 1.71616e-12
 2.56276e-27 2.58664e-27 3.09175e-26 5.98209e-20 1.46644e-14 4.34532e-10 1.55642e-06 0.00067387 0.0352679 0.223115 0.171104 0.0463651 0.232692 0.214292 0.0366801 0.0296822 0.00856429 0.00127798 0.000256519 2.55267e-05 2.29199e-06 1.3957e-07 5.76059e-09 1.16982e-10 9.01306e-13
 2.56473e-27 2.59202e-27 3.57278e-26 6.99688e-20 1.7152e-14 5.08244e-10 1.82045e-06 0.000788184 0.0412507 0.260964 0.199975 0.0445596 0.198667 0.182984 0.0327666 0.028633 0.00816493 0.00103043 0.000194498 1.81694e-05 1.51588e-06 7.84791e-08 2.64295e-09 5.14513e-11 4.22512e-13
 2.56479e-27 2.59209e-27 3.56901e-26 6.98889e-20 1.71324e-14 5.07664e-10 1.81837e-06 0.000787283 0.0412036 0.260666 0.199761 0.045388 0.205123 0.188739 0.030123 0.0211644 0.00604789 0.000825775 0.000156651 1.26089e-05 9.5997e-07 4.57691e-08 1.33707e-09 2.12216e-11 1.59674e-13
 2.56459e-27 2.59153e-27 3.5176e-26 6.88044e-20 1.68666e-14 4.99786e-10 1.79015e-06 0.000775067 0.0405642 0.256621 0.196678 0.0457308 0.209897 0.193104 0.0301613 0.0201463 0.00563994 0.000573808 9.79443e-05 8.27819e-06 6.08387e-07 2.49647e-08 6.60051e-10 9.1491e-12 5.66671e-14
 2.56581e-27 2.59485e-27 3.8125e-26 7.50255e-20 1.83916e-14 5.44976e-10 1.95201e-06 0.000845147 0.0442319 0.279824 0.214379 0.0447373 0.189899 0.174675 0.0273442 0.0183625 0.00512429 0.00049057 7.87972e-05 5.16287e-06 3.36771e-07 1.40187e-08 3.3276e-10 4.0375e-12 2.18712e-14
 2.56543e-27 2.59378e-27 3.71163e-26 7.28973e-20 1.78699e-14 5.29517e-10 1.89664e-06 0.000821174 0.0429773 0.271886 0.208332 0.0455567 0.200385 0.184225 0.0267458 0.0145974 0.00404396 0.000367932 5.71548e-05 3.49847e-06 1.99296e-07 6.487e-09 1.45322e-10 1.65403e-12 7.81924e-15
 2.56477e-27 2.59198e-27 3.55298e-26 6.95505e-20 1.70495e-14 5.05206e-10 1.80956e-06 0.000783472 0.0410041 0.259404 0.198807 0.0459788 0.210288 0.193381 0.0286728 0.0166822 0.00459277 0.000352886 4.90056e-05 2.86334e-06 1.54624e-07 4.5158e-09 8.19007e-11 7.96975e-13 3.54332e-15
 2.56445e-27 2.59113e-27 3.48055e-26 6.80227e-20 1.66749e-14 4.94108e-10 1.76981e-06 0.000766261 0.0401033 0.253705 0.194455 0.0459582 0.213189 0.196116 0.030231 0.0195441 0.00541177 0.000449272 6.50356e-05 3.32544e-06 1.56937e-07 4.30608e-09 7.17028e-11 5.82303e-13 2.13359e-15
 2.56415e-27 2.5903e-27 3.40622e-26 6.64547e-20 1.62906e-14 4.82718e-10 1.72902e-06 0.000748598 0.0391789 0.247857 0.189995 0.0462778 0.218755 0.201229 0.0307055 0.0193403 0.00536625 0.000470767 7.0844e-05 3.83553e-06 1.84497e-07 4.33869e-09 6.45138e-11 4.81398e-13 1.51929e-15
#obs catch len freq
 5.00734e-42 6.94985e-34 1.16598e-26 2.36459e-20 5.79651e-15 1.71761e-10 6.15221e-07 0.000266369 0.0139407 0.0881941 0.0680648 0.0396843 0.217349 0.18563 0.143863 0.143873 0.065351 0.0266298 0.00628832 0.000819704 4.40372e-05 7.03607e-07 2.49524e-09 1.59686e-12 1.61597e-16
 5.70244e-42 7.9146e-34 1.32784e-26 2.69283e-20 6.60116e-15 1.95604e-10 7.00623e-07 0.000303346 0.0158759 0.100437 0.0775294 0.0437094 0.223589 0.181859 0.14295 0.13094 0.0567401 0.0210346 0.00449834 0.000509936 2.23429e-05 2.74644e-07 7.21127e-10 3.33949e-13 2.41395e-17
 1.08313e-41 1.50331e-33 2.52211e-26 5.11479e-20 1.25383e-14 3.71533e-10 1.33077e-06 0.000576178 0.0301548 0.19077 0.14655 0.0450463 0.18069 0.140195 0.113932 0.095854 0.0400295 0.013411 0.0025369 0.000244874 8.70813e-06 8.229e-08 1.59737e-10 5.34815e-14 2.76077e-18
 1.11916e-41 1.55333e-33 2.60603e-26 5.28497e-20 1.29555e-14 3.83895e-10 1.37505e-06 0.000595349 0.0311582 0.197118 0.151744 0.058442 0.237735 0.164095 0.0763664 0.0539347 0.0212964 0.00637707 0.0010493 8.39468e-05 2.37474e-06 1.71684e-08 2.46656e-11 5.97704e-15 2.20457e-19
 7.87117e-42 1.09247e-33 1.83284e-26 3.71696e-20 9.11169e-15 2.69996e-10 9.67082e-07 0.000418713 0.0219138 0.138637 0.107355 0.0648822 0.274061 0.184658 0.116247 0.0709767 0.0165382 0.00375301 0.000525585 3.42115e-05 7.52426e-07 4.09796e-09 4.33877e-12 7.61995e-16 2.01285e-20
 1.25884e-41 1.74719e-33 2.93127e-26 5.94456e-20 1.45724e-14 4.31807e-10 1.54666e-06 0.000669651 0.0350469 0.221719 0.170526 0.05295 0.172706 0.12232 0.125125 0.0753992 0.0199071 0.00333381 0.000281991 1.37447e-05 2.30441e-07 9.29498e-10 7.16501e-13 9.07263e-17 1.71589e-21
 1.04067e-41 1.44438e-33 2.42325e-26 4.91431e-20 1.20468e-14 3.5697e-10 1.27861e-06 0.000553594 0.0289729 0.183296 0.141883 0.0736625 0.259814 0.153318 0.0858434 0.0506878 0.0185128 0.00322391 0.000224313 6.56294e-06 7.28055e-08 2.1088e-10 1.16771e-13 1.05527e-17 1.41959e-22
 1.27822e-41 1.77408e-33 2.97639e-26 6.03606e-20 1.47967e-14 4.38453e-10 1.57047e-06 0.000679959 0.0355863 0.225134 0.173647 0.0644678 0.192699 0.123886 0.115923 0.0540657 0.011681 0.00206475 0.000159625 3.81297e-06 2.62135e-08 4.70489e-11 1.76502e-14 1.11767e-18 1.05927e-23
 1.14599e-41 1.59056e-33 2.66849e-26 5.41164e-20 1.3266e-14 3.93096e-10 1.40801e-06 0.000609618 0.031905 0.201848 0.156528 0.0797548 0.239168 0.134336 0.0948352 0.0462637 0.0130294 0.00162311 9.47329e-05 2.20183e-06 1.24703e-08 1.46862e-11 3.37198e-15 1.36888e-19 8.75559e-25
 1.51459e-41 2.10215e-33 3.52679e-26 7.15226e-20 1.75329e-14 5.19533e-10 1.86088e-06 0.000805697 0.042167 0.266768 0.205826 0.0694655 0.170799 0.103582 0.0938156 0.0374866 0.00816835 0.00105949 5.34655e-05 8.86238e-07 4.15726e-09 3.98757e-12 6.50478e-16 1.69745e-20 6.83008e-26
 1.55732e-41 2.16146e-33 3.62629e-26 7.35405e-20 1.80276e-14 5.3419e-10 1.91338e-06 0.000828429 0.0433567 0.274298 0.212266 0.0831429 0.196795 0.09811 0.0610875 0.0240591 0.0054838 0.000546688 2.30877e-05 3.22298e-07 1.09534e-09 7.80581e-13 9.89869e-17 1.94162e-21 5.48544e-27
 1.15222e-41 1.59921e-33 2.683e-26 5.44108e-20 1.33382e-14 3.95234e-10 1.41566e-06 0.000612934 0.0320785 0.202958 0.159066 0.104259 0.254885 0.129207 0.086466 0.0259489 0.00412933 0.000374875 1.30763e-05 1.39609e-07 3.71448e-10 1.9485e-13 1.75696e-17 2.50724e-22 5.26345e-28
 1.72392e-41 2.39269e-33 4.01424e-26 8.14079e-20 1.99562e-14 5.91339e-10 2.11808e-06 0.000917055 0.047995 0.303644 0.234701 0.0747012 0.140109 0.090436 0.0806001 0.0232651 0.00340769 0.000216308 5.58994e-06 4.71742e-08 9.34594e-11 3.6262e-14 2.40097e-18 2.44963e-23 3.62609e-29
 1.39906e-41 1.9418e-33 3.25778e-26 6.6067e-20 1.61956e-14 4.79904e-10 1.71894e-06 0.000744241 0.0389506 0.246444 0.193561 0.116434 0.234159 0.098537 0.0511571 0.0168826 0.00295523 0.000169288 3.24531e-06 1.87312e-08 2.69427e-11 7.64151e-15 3.64312e-19 2.67336e-24 2.84182e-30
 1.18874e-41 1.64989e-33 2.76803e-26 5.61351e-20 1.37609e-14 4.0776e-10 1.46053e-06 0.000632358 0.0330951 0.20941 0.166015 0.118732 0.228642 0.131631 0.0907708 0.0188051 0.00213411 0.000128643 2.37166e-06 1.0484e-08 1.0259e-11 1.98383e-15 6.66173e-20 3.4776e-25 2.62411e-31
 9.49086e-42 1.31727e-33 2.20999e-26 4.48182e-20 1.09866e-14 3.25555e-10 1.16608e-06 0.000504874 0.0264231 0.167217 0.135348 0.132074 0.244337 0.154343 0.109101 0.0273415 0.00318749 0.00011989 1.70483e-06 6.80547e-09 5.35144e-12 7.34749e-16 1.66524e-20 5.8868e-26 3.06729e-32
 1.49956e-41 2.0813e-33 3.49181e-26 7.08131e-20 1.7359e-14 5.14379e-10 1.84242e-06 0.000797705 0.0417487 0.26416 0.20749 0.098895 0.153597 0.120705 0.0872487 0.0224735 0.00277247 0.000108511 1.17586e-06 3.19625e-09 1.96206e-12 2.16851e-16 3.71835e-21 9.32305e-27 3.32347e-33
 1.04855e-41 1.45532e-33 2.4416e-26 4.95152e-20 1.21381e-14 3.59673e-10 1.28829e-06 0.000557785 0.0291924 0.184788 0.153152 0.169951 0.260852 0.118207 0.0631056 0.0178796 0.00222563 8.66519e-05 9.07516e-07 2.03925e-09 8.77107e-13 6.76236e-17 8.61477e-22 1.64585e-27 4.39563e-34
 1.52776e-41 2.12044e-33 3.55747e-26 7.21448e-20 1.76854e-14 5.24052e-10 1.87707e-06 0.000812706 0.0425339 0.269159 0.213494 0.111401 0.153545 0.127072 0.0693184 0.0115033 0.00111579 4.2386e-05 4.15572e-07 8.41916e-10 3.04108e-13 1.7726e-17 1.58122e-22 2.08867e-28 3.95723e-35
 1.08666e-41 1.50822e-33 2.53035e-26 5.13149e-20 1.25793e-14 3.72746e-10 1.33512e-06 0.000578059 0.0302536 0.191575 0.162778 0.190589 0.247412 0.111536 0.0524434 0.0118732 0.00093602 2.30828e-05 1.84658e-07 3.26765e-10 1.00599e-13 4.83926e-18 3.41103e-23 3.37807e-29 4.58044e-36
 1.38931e-41 1.92827e-33 3.23508e-26 6.56067e-20 1.60827e-14 4.7656e-10 1.70696e-06 0.000739056 0.0386794 0.244846 0.199251 0.136308 0.172889 0.139408 0.0592055 0.00807868 0.000579859 1.34753e-05 7.52766e-08 9.44562e-11 2.28644e-14 8.89059e-19 5.01912e-24 3.91693e-30 4.10552e-37
 1.51217e-41 2.09879e-33 3.52116e-26 7.14085e-20 1.75049e-14 5.18704e-10 1.85791e-06 0.000804412 0.0421001 0.266557 0.219836 0.161557 0.173752 0.090348 0.0379833 0.00668435 0.000370326 6.09947e-06 2.83936e-08 2.69896e-11 4.51036e-15 1.24297e-19 5.23545e-25 3.12867e-31 2.52289e-38
 1.22374e-41 1.69847e-33 2.84953e-26 5.77879e-20 1.4166e-14 4.19765e-10 1.50353e-06 0.000650977 0.0340702 0.215888 0.188009 0.20041 0.211229 0.109734 0.0352732 0.00448524 0.000246328 3.71684e-06 1.25013e-08 8.72589e-12 1.10432e-15 2.20196e-20 6.44529e-26 2.67831e-32 1.53727e-39
 1.47815e-41 2.05158e-33 3.44195e-26 6.98021e-20 1.71112e-14 5.07035e-10 1.81612e-06 0.000786316 0.0411533 0.260678 0.218874 0.162166 0.168025 0.110963 0.0336822 0.00353039 0.00013768 1.64497e-06 4.75915e-09 2.5674e-12 2.31561e-16 3.30772e-21 7.04582e-27 2.11182e-33 8.56319e-41
 1.45205e-41 2.01535e-33 3.38117e-26 6.85694e-20 1.6809e-14 4.98081e-10 1.78405e-06 0.000772431 0.0404271 0.256252 0.222497 0.193733 0.173392 0.0849121 0.0251062 0.00281312 9.33587e-05 8.08146e-07 1.68106e-09 7.01117e-13 4.93759e-17 5.24677e-22 7.9713e-28 1.68517e-34 4.85177e-42
 1.28454e-41 1.78286e-33 2.99112e-26 6.06593e-20 1.48699e-14 4.40623e-10 1.57824e-06 0.000683324 0.0357642 0.226944 0.206617 0.215014 0.192711 0.0977178 0.0225551 0.00193324 5.87317e-05 4.45862e-07 6.97055e-10 2.03489e-13 1.01907e-17 7.98785e-23 9.08e-29 1.41989e-35 2.95861e-43
 1.15937e-41 1.60913e-33 2.69965e-26 5.47483e-20 1.34209e-14 3.97686e-10 1.42445e-06 0.000616737 0.03228 0.205091 0.194785 0.22307 0.205111 0.112556 0.0246275 0.00182067 4.11393e-05 2.44439e-07 3.15072e-10 7.17611e-14 2.59992e-18 1.42149e-23 1.12837e-29 1.25411e-36 1.88912e-44
 1.14668e-41 1.59151e-33 2.67009e-26 5.41489e-20 1.3274e-14 3.93332e-10 1.40885e-06 0.000609984 0.0319265 0.202819 0.191545 0.216267 0.208829 0.119175 0.0267895 0.00199601 4.10985e-05 2.00288e-07 2.05931e-10 3.9029e-14 1.20406e-18 5.50628e-24 3.53596e-30 3.09662e-37 3.63184e-45
#spawning biomass
 11142.7 11167.2 14786.7 21214.1 28198.8 33999 39360.8 47749 56479.3 72404.7 85910.2 98437.1 131229 155394 153200 131239 120207 113475 116500 109328 111178 126781 132674 145092 155693 157519 154692 135962 115632 219933 319114 399948 460218 501689 527647 541747 547320 547093 543152 537017 529750 522021 513654 504390 496346 489359 483291 478021 473444 469469 466017 463019 460415 458154 456190 454484 453003 451716 450599 449628 448785 448054 447418 446866 446386 445970 445608 445294 445021 444785 444579 444400 444245 444110 443993 443891 443803 443726 443660 443602 443552 443508 443470 443437 443409 443384 443362 443344 443327 443313 443301 443290 443281 443273 443266 443260 443255 443250 443246 443243 443240 443237 443235 443233 443231 443230 443229 443227 443227 443226 443225 443224 443224 443223 443223 443222 443222 443222 443222 443221 443221 443221 443221 443221 443221 443221 443221 443221 0 0 0 0 0 0 0 0 0 0 0 0 0 0 0 0 0 0 0 0 0 0 0 0 0
