SBPRF35
0.178135
Curr Bio
151996
B35
194850
F35
0.939701
FOFL
0.800856
OFL
47420.2
Bzero
50895.7
#pred survey bio
 3502.78 5354.8 9569.52 16690.5 28331.3 35875.1 32880.3 36545.2 57300.2 74873.4 100009 120340 166995 196786 202164 167632 161182 151801 150235 150846 158509 163891 185334 204692 219052 191556 178460 180935 6.87363e+06 4.04317e+06 2.40886e+06 1.3167e+06 847789 654104 567950 525163 501770 488170 480007 475038 471999 470138 468993 468285 467861 467607 467454 467361 467306 467272 467252 467240 467232 467228 467225 467224 467223 467222 467222 467221 467221 467221 467221 467221 467221 467221 467221 467221 467221 467221 467221 467221 467221 467221 467221 467221 467221 467221 467221 467221 467221 467221 467221 467221 467221 467221 467221 467221 467221 467221 467221 467221 467221 467221 467221 467221 467221 467221 467221 467221 467221 467221 467221 467221 467221 467221 467221 467221 467221 467221 467221 467221 467221 467221 467221 467221 467221 467221 467221 467221 467221 467221 467221 467221 467221 467221 467221 467221 0 0 0 0 0 0 0 0 0 0 0 0 0 0 0 0 0 0 0 0 0 0 0 0 0
#obs survey bio
 2657.19 6273.14 8487.04 18158.4 27075.7 33407.7 22613.7 42762.9 55414.3 47681.6 67788.1 114393 106863 200626 220086 133066 122234 127520 140627 90307.4 126939 111670 164840 156917 175794 155553 117493 132094
#pred catch bio
 1092.54 1858.86 3265.91 6246.97 10475.8 16585.4 17276.2 15290.5 27811.4 32970 51081.8 56330.7 87034.8 99585.4 118979 93251.2 94946 87545.3 86884.7 86297.9 95155.2 94128.4 106699 117054 138859 120975 109754 101024 47420.2 75971.2 45094.2 20095.9 10836.9 7956.54 7128.93 6902.97 6843.45 6828.17 6824.33 6823.38 6823.14 6823.08 6823.07 6823.07 6823.07 6823.07 6823.07 6823.07 6823.07 6823.07 6823.07 6823.07 6823.07 6823.07 6823.07 6823.07 6823.07 6823.07 6823.07 6823.07 6823.07 6823.07 6823.07 6823.07 6823.07 6823.07 6823.07 6823.07 6823.07 6823.07 6823.07 6823.07 6823.07 6823.07 6823.07 6823.07 6823.07 6823.07 6823.07 6823.07 6823.07 6823.07 6823.07 6823.07 6823.07 6823.07 6823.07 6823.07 6823.07 6823.07 6823.07 6823.07 6823.07 6823.07 6823.07 6823.07 6823.07 6823.07 6823.07 6823.07 6823.07 6823.07 6823.07 6823.07 6823.07 6823.07 6823.07 6823.07 6823.07 6823.07 6823.07 6823.07 6823.07 6823.07 6823.07 6823.07 6823.07 6823.07 6823.07 6823.07 6823.07 6823.07 6823.07 6823.07 6823.07 6823.07 6823.07 6823.07 0 0 0 0 0 0 0 0 0 0 0 0 0 0 0 0 0 0 0 0 0 0 0 0 0
#obs catch bio
 2175.43 1866.31 3058.65 5618.1 9119.58 14598.8 18598.1 13712.4 24242.8 30692.7 50221 50211.1 81806.6 91039 107202 88578.1 90345.5 84522.9 77869.7 81373.5 87030.4 89048.3 94072.9 102649 119962 101237 108019 95659.9
#pred cpue bio
 2212.76 2740.61 4458.47 7991.91 13284.2 20052 19546.8 17480.2 26713.4 35538.6 49604.3 57405 78290.9 94068.9 106538 86422.5 80949 73302.9 72335.9 71876 74514.4 74385.9 83904.7 93655.9 102413 89697.5 81047.2 81234.6 3.26161e+06 3.13121e+06 2.20599e+06 1.1675e+06 700904 507316 421166 378380 354987 341387 333224 328255 325216 323355 322210 321502 321078 320824 320671 320578 320523 320489 320469 320457 320449 320445 320442 320440 320439 320439 320439 320438 320438 320438 320438 320438 320438 320438 320438 320438 320438 320438 320438 320438 320438 320438 320438 320438 320438 320438 320438 320438 320438 320438 320438 320438 320438 320438 320438 320438 320438 320438 320438 320438 320438 320438 320438 320438 320438 320438 320438 320438 320438 320438 320438 320438 320438 320438 320438 320438 320438 320438 320438 320438 320438 320438 320438 320438 320438 320438 320438 320438 320438 320438 320438 320438 320438 320438 320438 320438 0 0 0 0 0 0 0 0 0 0 0 0 0 0 0 0 0 0 0 0 0 0 0 0 0
#obs cpue bio
 2268.37 3162.03 6760.61 15114.4 23260.7 24815.9 18889.2 34321.1 45683.7 52967 78536 125446 124836 136527 160668 115303 133105 98274.1 137407 128209 148199 123584 182894 197833 241121 217502 104539 155960
#pred surv len freq
 1.62386e-11 1.76255e-09 1.12803e-07 4.25682e-06 9.47196e-05 0.00124276 0.00961504 0.043879 0.118289 0.189779 0.187893 0.13317 0.0936638 0.0718438 0.0491988 0.0310737 0.0202906 0.0136452 0.00952143 0.00702396 0.00556361 0.00478217 0.00421612 0.00328358 0.00192636
 1.80622e-11 1.96048e-09 1.2547e-07 4.73485e-06 0.000105356 0.00138231 0.0106946 0.0488017 0.131507 0.210552 0.206412 0.140756 0.0913501 0.0651817 0.041381 0.0229086 0.0124494 0.0066754 0.00361038 0.00210752 0.00136929 0.00100344 0.000799062 0.000598242 0.000351116
 1.84757e-11 2.00536e-09 1.28343e-07 4.84326e-06 0.000107768 0.00141396 0.0109394 0.0499191 0.134518 0.21538 0.211167 0.144013 0.0931953 0.0653486 0.0392067 0.0191242 0.00873733 0.00387235 0.00163042 0.000692252 0.000320923 0.000175112 0.000113755 7.68328e-05 4.34713e-05
 1.78394e-11 1.9363e-09 1.23923e-07 4.67647e-06 0.000104057 0.00136527 0.0105629 0.0482036 0.129936 0.208371 0.205847 0.144562 0.0992028 0.0723645 0.0436899 0.0209715 0.00915655 0.00369174 0.00130893 0.00042892 0.00013986 4.93975e-05 2.13922e-05 1.1287e-05 5.74515e-06
 1.82213e-11 1.97775e-09 1.26576e-07 4.77657e-06 0.000106284 0.00139449 0.0107889 0.0492332 0.132686 0.212577 0.209041 0.14424 0.0956477 0.0683318 0.0413518 0.0202257 0.00901431 0.00362776 0.00123458 0.000364569 9.69897e-05 2.4071e-05 6.20089e-06 1.9593e-06 7.44521e-07
 1.4665e-11 1.59174e-09 1.01871e-07 3.84431e-06 8.55409e-05 0.00112234 0.00868399 0.0396434 0.107053 0.173226 0.178458 0.144931 0.125312 0.103884 0.0648102 0.0312063 0.0135667 0.00542073 0.00186204 0.000551548 0.000141287 3.0919e-05 5.91968e-06 1.08683e-06 2.27084e-07
 1.4073e-11 1.52749e-09 9.7759e-08 3.68912e-06 8.20878e-05 0.00107704 0.00833345 0.0380436 0.102739 0.166294 0.17156 0.14007 0.122665 0.104771 0.0708309 0.0400358 0.0205259 0.00880968 0.00301324 0.000868695 0.000218828 4.71187e-05 8.45795e-06 1.26018e-06 1.63594e-07
 1.83729e-11 1.9942e-09 1.27628e-07 4.81629e-06 0.000107168 0.00140609 0.0108785 0.0496405 0.13376 0.214105 0.209637 0.142257 0.091358 0.0646351 0.0407716 0.0221474 0.0113022 0.00515303 0.00198182 0.000640227 0.000169736 3.6433e-05 6.39269e-06 9.12427e-07 1.04095e-07
 1.80763e-11 1.96201e-09 1.25569e-07 4.73856e-06 0.000105439 0.0013834 0.0107031 0.0488431 0.131653 0.211063 0.208221 0.14544 0.0986267 0.0708922 0.0416601 0.018884 0.00773493 0.00309877 0.00115374 0.000387482 0.000112668 2.68634e-05 5.05319e-06 7.34657e-07 8.19759e-08
 1.75902e-11 1.90924e-09 1.22191e-07 4.61112e-06 0.000102603 0.00134619 0.0104154 0.0475325 0.128155 0.205735 0.204287 0.146223 0.103772 0.0766226 0.0449241 0.0197326 0.00748417 0.00260646 0.000781392 0.000207179 5.23318e-05 1.22921e-05 2.46289e-06 3.89903e-07 4.64096e-08
 1.70875e-11 1.85469e-09 1.187e-07 4.47936e-06 9.96714e-05 0.00130773 0.0101178 0.0461764 0.12452 0.200078 0.199511 0.145072 0.106066 0.0804124 0.0488291 0.0231019 0.00969768 0.00359642 0.00107659 0.00026352 5.58959e-05 1.05422e-05 1.79787e-06 2.71227e-07 3.34464e-08
 1.76486e-11 1.91558e-09 1.22597e-07 4.62643e-06 0.000102944 0.00135066 0.0104499 0.0476897 0.12857 0.206333 0.20456 0.145577 0.102312 0.0753776 0.0447728 0.020422 0.00822289 0.00301998 0.000932542 0.000239585 5.17369e-05 9.19908e-06 1.34699e-06 1.66442e-07 1.75407e-08
 1.79497e-11 1.94827e-09 1.24689e-07 4.70537e-06 0.0001047 0.00137371 0.0106281 0.0485016 0.13074 0.209659 0.207118 0.145433 0.0996715 0.0722887 0.0428383 0.0196248 0.00793932 0.00290465 0.000885025 0.000225139 4.92405e-05 9.04473e-06 1.34726e-06 1.59101e-07 1.47683e-08
 1.73685e-11 1.88518e-09 1.20651e-07 4.55301e-06 0.00010131 0.00132923 0.0102842 0.0469351 0.126561 0.203317 0.202545 0.146719 0.106312 0.0793058 0.0462158 0.0198056 0.00721566 0.0024283 0.000703801 0.000171958 3.62879e-05 6.51361e-06 9.67658e-07 1.15849e-07 1.07998e-08
 1.56446e-11 1.69807e-09 1.08676e-07 4.10111e-06 9.12549e-05 0.00119731 0.00926384 0.0422861 0.114129 0.184186 0.187457 0.14633 0.119607 0.0958891 0.0580577 0.0262918 0.0103121 0.00359811 0.00101468 0.000230541 4.49324e-05 7.59173e-06 1.08081e-06 1.25957e-07 1.16287e-08
 1.61978e-11 1.75811e-09 1.12519e-07 4.24611e-06 9.44813e-05 0.00123964 0.00959121 0.0437774 0.118112 0.190278 0.192075 0.145839 0.114401 0.0899428 0.0545162 0.0250769 0.0100929 0.00361376 0.00104634 0.00024337 4.72291e-05 7.59942e-06 1.00188e-06 1.08421e-07 9.48037e-09
 1.67418e-11 1.81716e-09 1.16298e-07 4.38873e-06 9.76548e-05 0.00128128 0.00991323 0.0452444 0.122033 0.196291 0.196721 0.145643 0.109719 0.0843806 0.0509004 0.0234654 0.00951356 0.00345498 0.00102727 0.000248895 5.04961e-05 8.4039e-06 1.11837e-06 1.17752e-07 9.70268e-09
 1.71896e-11 1.86577e-09 1.19409e-07 4.50612e-06 0.000100267 0.00131554 0.0101783 0.0464528 0.125272 0.201339 0.201011 0.146765 0.107825 0.08112 0.0474203 0.0203684 0.00742887 0.00248508 0.000706687 0.000166942 3.36885e-05 5.7126e-06 7.86431e-07 8.55165e-08 7.14582e-09
 1.71868e-11 1.86546e-09 1.19389e-07 4.50538e-06 0.00010025 0.00131533 0.0101766 0.0464453 0.125254 0.201324 0.201063 0.146977 0.108177 0.0813888 0.0474016 0.0201255 0.00716302 0.00230576 0.000616459 0.000132985 2.44816e-05 3.91108e-06 5.25893e-07 5.74751e-08 4.91588e-09
 1.73657e-11 1.88488e-09 1.20632e-07 4.55227e-06 0.000101294 0.00132902 0.0102825 0.0469277 0.126543 0.203302 0.202598 0.146932 0.106669 0.0795903 0.0462262 0.0195882 0.00694797 0.00222275 0.000586572 0.000122919 2.14292e-05 3.15835e-06 3.87268e-07 3.92049e-08 3.21397e-09
 1.75875e-11 1.90896e-09 1.22173e-07 4.61043e-06 0.000102588 0.00134599 0.0104138 0.0475259 0.128142 0.205758 0.204509 0.146897 0.104829 0.0773738 0.0447462 0.0188805 0.00665553 0.00211841 0.000557561 0.000116484 2.01325e-05 2.90282e-06 3.40528e-07 3.21424e-08 2.42022e-09
 1.80363e-11 1.95767e-09 1.2529e-07 4.72807e-06 0.000105205 0.00138033 0.0106794 0.0487363 0.131381 0.210759 0.208536 0.147272 0.101786 0.0733381 0.0415564 0.0168145 0.00550628 0.0016345 0.000411549 8.29956e-05 1.38866e-05 1.95538e-06 2.25282e-07 2.07717e-08 1.50384e-09
 1.80799e-11 1.96239e-09 1.25593e-07 4.73949e-06 0.000105459 0.00138367 0.0107052 0.0488538 0.131695 0.211238 0.208898 0.147228 0.101372 0.0728743 0.0412975 0.0167409 0.00549237 0.00162132 0.000399116 7.69006e-05 1.2113e-05 1.6146e-06 1.78391e-07 1.59379e-08 1.12577e-09
 1.78971e-11 1.94255e-09 1.24323e-07 4.69157e-06 0.000104393 0.00136968 0.010597 0.048361 0.130378 0.209224 0.207364 0.14737 0.103058 0.074812 0.0424652 0.0171626 0.00559384 0.00164122 0.000402805 7.73348e-05 1.20289e-05 1.55496e-06 1.63479e-07 1.37839e-08 9.24383e-10
 1.75777e-11 1.90789e-09 1.22105e-07 4.60785e-06 0.00010253 0.00134524 0.010408 0.0474997 0.128076 0.205683 0.204585 0.14734 0.105586 0.0779252 0.0446365 0.0183003 0.00611459 0.00183537 0.000455248 8.76544e-05 1.36345e-05 1.75887e-06 1.83427e-07 1.51418e-08 9.77448e-10
 1.74031e-11 1.88893e-09 1.20892e-07 4.56207e-06 0.000101512 0.00133188 0.0103047 0.0470292 0.126823 0.203803 0.203335 0.148069 0.1081 0.0803655 0.0454775 0.0178473 0.00547134 0.00150438 0.000354408 6.6102e-05 1.00026e-05 1.26282e-06 1.29856e-07 1.06104e-08 6.77256e-10
 1.79524e-11 1.94856e-09 1.24708e-07 4.70608e-06 0.000104716 0.00137392 0.0106298 0.0485104 0.13078 0.209856 0.207935 0.147619 0.102993 0.0745232 0.0419932 0.0166287 0.00519737 0.00144746 0.000335722 5.94416e-05 8.30935e-06 9.73515e-07 9.51097e-08 7.51938e-09 4.69616e-10
 1.81094e-11 1.9656e-09 1.25798e-07 4.74723e-06 0.000105632 0.00138593 0.0107227 0.0489337 0.131912 0.211598 0.209308 0.147654 0.101781 0.0730105 0.0409107 0.0160349 0.00491664 0.00134553 0.000311296 5.57314e-05 7.88141e-06 9.12779e-07 8.50664e-08 6.27143e-09 3.66238e-10
#obs surv len freq
 1.28801e-11 1.39802e-09 8.9473e-08 3.37644e-06 7.51303e-05 0.000985761 0.00762754 0.0348278 0.0941357 0.152936 0.160065 0.135802 0.12475 0.111721 0.0817887 0.0506544 0.0271656 0.011909 0.00413869 0.00113351 0.000239017 3.74905e-05 4.23255e-06 3.33489e-07 1.78282e-08
 1.83765e-11 1.9946e-09 1.27654e-07 4.81727e-06 0.00010719 0.00140638 0.0108808 0.0496529 0.133805 0.214194 0.209469 0.140716 0.0879466 0.0622965 0.042404 0.0255513 0.0133615 0.00568468 0.00190458 0.000498685 9.97029e-05 1.47194e-05 1.55428e-06 1.1396e-07 5.64661e-09
 1.56333e-11 1.69685e-09 1.08598e-07 4.09817e-06 9.11897e-05 0.00119647 0.00925778 0.0422669 0.114166 0.184754 0.189497 0.149345 0.120375 0.093415 0.0555268 0.0251764 0.00992306 0.00357101 0.00110179 0.000272898 5.16636e-05 7.18189e-06 7.09582e-07 4.84162e-08 2.22302e-09
 1.80654e-11 1.96083e-09 1.25493e-07 4.7357e-06 0.000105375 0.00138258 0.0106971 0.0488215 0.131649 0.211317 0.208909 0.145231 0.0955735 0.0676377 0.0426755 0.022302 0.00957033 0.00316483 0.000782073 0.000150547 2.34724e-05 2.88102e-06 2.6082e-07 1.64841e-08 7.01196e-10
 1.65973e-11 1.80148e-09 1.15295e-07 4.35086e-06 9.68126e-05 0.00127025 0.00982867 0.0448725 0.121176 0.195765 0.198789 0.150478 0.11258 0.0827764 0.0483724 0.0219724 0.0084338 0.00273317 0.000697519 0.000133423 1.86541e-05 1.88827e-06 1.38608e-07 7.3334e-09 2.72313e-10
 7.22386e-12 7.84083e-10 5.01813e-08 1.8937e-06 4.21391e-05 0.000552992 0.00428229 0.0196229 0.0538786 0.0934656 0.121984 0.15598 0.188231 0.170202 0.108915 0.0533356 0.0211511 0.00654132 0.00151253 0.000262619 3.44117e-05 3.31062e-06 2.24673e-07 1.04494e-08 3.28029e-10
 1.59241e-11 1.72841e-09 1.10618e-07 4.1744e-06 9.28858e-05 0.00121872 0.00942961 0.0430422 0.116116 0.186648 0.185316 0.130789 0.0921373 0.0797827 0.0695675 0.0493232 0.0251456 0.00881354 0.0021485 0.000373606 4.66558e-05 4.13597e-06 2.56306e-07 1.09281e-08 3.14367e-10
 1.80062e-11 1.9544e-09 1.25082e-07 4.7202e-06 0.000105031 0.00137808 0.0106631 0.0486803 0.131411 0.211758 0.21191 0.151051 0.0997486 0.0658366 0.0369662 0.0177639 0.00813523 0.00331521 0.00102222 0.000216592 3.04535e-05 2.82246e-06 1.72797e-07 6.99167e-09 1.86123e-10
 1.59708e-11 1.73348e-09 1.10942e-07 4.18663e-06 9.31591e-05 0.00122235 0.00945941 0.0432101 0.116926 0.19029 0.197697 0.156774 0.120502 0.0860544 0.0477902 0.0203225 0.00704113 0.00202334 0.000481066 9.36722e-05 1.39593e-05 1.45098e-06 9.87987e-08 4.28056e-09 1.16738e-10
 1.47172e-11 1.59741e-09 1.02234e-07 3.85802e-06 8.58475e-05 0.00112645 0.00871812 0.0398403 0.107981 0.176815 0.187597 0.156573 0.128189 0.0963158 0.0571761 0.026558 0.00971788 0.00267562 0.000536853 7.97526e-05 9.03324e-06 7.79091e-07 4.9052e-08 2.12386e-09 6.00591e-11
 1.42587e-11 1.54764e-09 9.90492e-08 3.73783e-06 8.31736e-05 0.00109138 0.00844737 0.0386135 0.104757 0.172087 0.184274 0.156505 0.130106 0.0990389 0.0604286 0.0293141 0.0112358 0.00323269 0.000671238 9.91322e-05 1.03079e-05 7.47316e-07 3.76392e-08 1.31476e-09 3.15073e-11
 1.67322e-11 1.81612e-09 1.16232e-07 4.38624e-06 9.76011e-05 0.00128066 0.00991093 0.0452752 0.122497 0.198951 0.20404 0.154054 0.109227 0.0759124 0.0452059 0.0219605 0.00848769 0.00247907 0.000527155 7.99621e-05 8.46252e-06 6.09667e-07 2.93147e-08 9.28591e-10 1.92201e-11
 1.52718e-11 1.65761e-09 1.06087e-07 4.00343e-06 8.90842e-05 0.00116897 0.00904859 0.0413707 0.112292 0.18453 0.196721 0.162557 0.126489 0.0879065 0.0478668 0.0204425 0.00709217 0.00194963 0.00040408 6.07732e-05 6.42095e-06 4.62474e-07 2.21524e-08 6.92178e-10 1.38955e-11
 1.28823e-11 1.39825e-09 8.94883e-08 3.37706e-06 7.51481e-05 0.000986193 0.00763648 0.0349606 0.0953572 0.159442 0.179335 0.165746 0.144986 0.108431 0.0625849 0.027905 0.00958217 0.0024456 0.00045438 6.14169e-05 5.98148e-06 4.08002e-07 1.88397e-08 5.72249e-10 1.1191e-11
 1.22268e-11 1.3271e-09 8.4935e-08 3.20524e-06 7.13257e-05 0.000936072 0.00724943 0.0332043 0.0907001 0.152296 0.173035 0.162629 0.145539 0.113536 0.0703873 0.0340247 0.0124169 0.00327441 0.000609935 7.95965e-05 7.20619e-06 4.46461e-07 1.86591e-08 5.18131e-10 9.39835e-12
 1.3669e-11 1.48364e-09 9.49534e-08 3.58331e-06 7.97383e-05 0.00104645 0.0081032 0.0370938 0.101078 0.168073 0.184721 0.161208 0.133071 0.0995406 0.0611533 0.0298775 0.0111948 0.00307037 0.000596699 8.02961e-05 7.32258e-06 4.4418e-07 1.76724e-08 4.56312e-10 7.57637e-12
 1.35553e-11 1.4713e-09 9.41636e-08 3.55353e-06 7.90772e-05 0.00103784 0.00803838 0.0368238 0.100573 0.168358 0.18801 0.167485 0.13763 0.0983549 0.0561576 0.0254505 0.0090426 0.00241758 0.000467685 6.34131e-05 5.84969e-06 3.57641e-07 1.41984e-08 3.60477e-10 5.7862e-12
 1.39846e-11 1.5179e-09 9.71464e-08 3.6661e-06 8.1583e-05 0.00107076 0.00829375 0.0379973 0.103775 0.173501 0.192404 0.16796 0.134298 0.0942154 0.0529873 0.0232711 0.0078062 0.00193746 0.000348086 4.44396e-05 3.92864e-06 2.33434e-07 9.0784e-09 2.26337e-10 3.56123e-12
 1.41693e-11 1.53795e-09 9.84297e-08 3.71456e-06 8.26628e-05 0.00108498 0.00840523 0.038524 0.105323 0.176469 0.196152 0.170481 0.133672 0.090952 0.0493604 0.0208641 0.00672533 0.00159526 0.00027069 3.2211e-05 2.63502e-06 1.45073e-07 5.26608e-09 1.23683e-10 1.84843e-12
 1.4204e-11 1.54171e-09 9.86706e-08 3.72367e-06 8.28676e-05 0.00108775 0.00842831 0.038651 0.105821 0.177877 0.19874 0.172992 0.134076 0.089101 0.046821 0.0189721 0.00581008 0.00130185 0.000207861 2.31829e-05 1.7686e-06 9.02862e-08 3.02405e-09 6.53762e-11 8.99863e-13
 1.43941e-11 1.56235e-09 9.99917e-08 3.77356e-06 8.39797e-05 0.00110241 0.00854329 0.0391936 0.107396 0.180748 0.201873 0.174276 0.132545 0.0861757 0.0442563 0.0174073 0.00512079 0.00109109 0.000164206 1.71384e-05 1.21726e-06 5.76516e-08 1.78666e-09 3.56495e-11 4.51819e-13
 1.48045e-11 1.6069e-09 1.02843e-07 3.88121e-06 8.6377e-05 0.00113394 0.00878865 0.0403285 0.110537 0.185928 0.20656 0.175143 0.129132 0.0812348 0.0404062 0.0153504 0.0043426 0.000885591 0.000126764 1.24869e-05 8.30622e-07 3.66107e-08 1.05095e-09 1.93615e-11 2.26085e-13
 1.45542e-11 1.57973e-09 1.01105e-07 3.81566e-06 8.49224e-05 0.001115 0.00864509 0.0397106 0.109135 0.184748 0.207786 0.178568 0.131529 0.0809958 0.0388855 0.0141357 0.00380947 0.000738421 0.000100215 9.32551e-06 5.8349e-07 2.40805e-08 6.44324e-10 1.10183e-11 1.19003e-13
 1.45057e-11 1.57447e-09 1.00769e-07 3.80305e-06 8.46455e-05 0.00111149 0.0086205 0.0396268 0.109087 0.185268 0.209275 0.179999 0.131596 0.0800073 0.0377672 0.0133676 0.00346009 0.000636601 8.13521e-05 7.095e-06 4.14985e-07 1.59827e-08 3.98445e-10 6.33671e-12 6.35218e-14
 1.44125e-11 1.56436e-09 1.00123e-07 3.77874e-06 8.41092e-05 0.00110461 0.00857044 0.0394332 0.108784 0.185538 0.210863 0.181878 0.131952 0.0789195 0.0364875 0.0125903 0.0031582 0.000559261 6.82259e-05 5.62881e-06 3.08865e-07 1.10907e-08 2.56766e-10 3.78373e-12 3.51023e-14
 1.31978e-11 1.43252e-09 9.16866e-08 3.46055e-06 7.70386e-05 0.00101218 0.00786209 0.036283 0.100879 0.175341 0.207055 0.188268 0.141895 0.0854963 0.0389649 0.0130868 0.0031692 0.000538756 6.27971e-05 4.92548e-06 2.55553e-07 8.62839e-09 1.86834e-10 2.56298e-12 2.20501e-14
 1.33265e-11 1.44651e-09 9.25825e-08 3.49444e-06 7.77973e-05 0.00102226 0.00794219 0.036665 0.10196 0.176996 0.207815 0.186889 0.139878 0.0847754 0.0390917 0.0131644 0.00314068 0.000517382 5.77573e-05 4.30504e-06 2.11125e-07 6.71072e-09 1.36336e-10 1.74934e-12 1.40359e-14
 1.34758e-11 1.46271e-09 9.36214e-08 3.53379e-06 7.86808e-05 0.0010341 0.00803808 0.0371456 0.10349 0.180099 0.211478 0.188353 0.137733 0.08101 0.0362985 0.0119386 0.00279506 0.000452068 4.92819e-05 3.55273e-06 1.66719e-07 5.02405e-09 9.61016e-11 1.15541e-12 8.65766e-15
#pred catch len freq
 9.77727e-12 1.06123e-09 6.79185e-08 2.56303e-06 5.7031e-05 0.000748292 0.00579032 0.0264455 0.0715786 0.117155 0.126962 0.119456 0.123565 0.116052 0.0869621 0.0594354 0.0410775 0.0283302 0.0199607 0.0147762 0.0117161 0.010073 0.0088811 0.00691679 0.00405783
 1.26507e-11 1.37311e-09 8.78787e-08 3.31627e-06 7.37914e-05 0.000968191 0.00749147 0.0342048 0.0924414 0.150182 0.157545 0.135339 0.126309 0.111317 0.0768126 0.0454162 0.0260562 0.014357 0.00785402 0.00460621 0.00299727 0.00219724 0.00174984 0.00131009 0.000768907
 1.34045e-11 1.45493e-09 9.31152e-08 3.51388e-06 7.81884e-05 0.00102588 0.00793784 0.0362424 0.0979418 0.159066 0.166611 0.14238 0.131433 0.113075 0.0730944 0.0377551 0.0182651 0.00837089 0.00357547 0.00152782 0.000710106 0.000387768 0.000251939 0.00017017 9.62808e-05
 1.27439e-11 1.38323e-09 8.85267e-08 3.34073e-06 7.43356e-05 0.000975335 0.00754692 0.0344619 0.0931901 0.151832 0.16129 0.143517 0.138592 0.121195 0.0780592 0.0394481 0.0181618 0.00755939 0.00271807 0.000896916 0.000293476 0.000103792 4.49655e-05 2.37266e-05 1.20771e-05
 1.32455e-11 1.43767e-09 9.20105e-08 3.47219e-06 7.72609e-05 0.00101371 0.00784374 0.035814 0.0968003 0.157345 0.165429 0.142944 0.133701 0.115778 0.0751167 0.0387504 0.0181903 0.00754289 0.00260065 0.000773116 0.000206422 5.13136e-05 1.32272e-05 4.18024e-06 1.58853e-06
 9.42607e-12 1.02311e-09 6.54789e-08 2.47097e-06 5.49828e-05 0.000721435 0.00558316 0.0255148 0.0692721 0.115089 0.132615 0.14377 0.165685 0.154027 0.10024 0.0503967 0.0229844 0.00945537 0.0032892 0.000980208 0.000251872 5.51959e-05 1.05739e-05 1.9418e-06 4.05758e-07
 9.08587e-12 9.86184e-10 6.31157e-08 2.38179e-06 5.29984e-05 0.000695395 0.00538158 0.0245921 0.0667455 0.110722 0.126831 0.135967 0.156528 0.149474 0.105832 0.0625218 0.0332271 0.0145127 0.00500283 0.00144909 0.000366055 7.89221e-05 1.41741e-05 2.1123e-06 2.74237e-07
 1.37162e-11 1.48876e-09 9.52802e-08 3.59558e-06 8.00064e-05 0.00104973 0.00812222 0.0370808 0.100159 0.162278 0.168168 0.139234 0.124164 0.106997 0.0727192 0.0416623 0.0221929 0.0103385 0.00401283 0.00130231 0.000346061 7.43593e-05 1.30539e-05 1.8636e-06 2.1263e-07
 1.39346e-11 1.51246e-09 9.67975e-08 3.65284e-06 8.12804e-05 0.00106645 0.00825168 0.0376741 0.101794 0.165183 0.172366 0.145589 0.13216 0.111568 0.0691244 0.0324646 0.0138388 0.00569504 0.00214484 0.000723695 0.000210841 5.03092e-05 9.46643e-06 1.37645e-06 1.53599e-07
 1.29352e-11 1.40399e-09 8.9855e-08 3.39085e-06 7.5451e-05 0.000989971 0.0076602 0.0349799 0.0946003 0.154207 0.164163 0.146872 0.142231 0.122987 0.0759115 0.0346125 0.0137321 0.00493937 0.00150287 0.000401345 0.000101775 2.39454e-05 4.80043e-06 7.60095e-07 9.04786e-08
 1.27434e-11 1.38317e-09 8.85228e-08 3.34058e-06 7.43324e-05 0.000975293 0.00754663 0.0344613 0.0931977 0.15192 0.161733 0.144763 0.140567 0.12277 0.0781661 0.0383083 0.0166814 0.00632682 0.00191235 0.000470414 0.000100086 1.89069e-05 3.22661e-06 4.86891e-07 6.0046e-08
 1.31987e-11 1.43259e-09 9.16855e-08 3.45993e-06 7.6988e-05 0.00101013 0.00781612 0.0356897 0.0964891 0.157038 0.166026 0.145711 0.138333 0.119192 0.074571 0.0353102 0.014821 0.00559427 0.00174833 0.000451731 9.78518e-05 1.74252e-05 2.55328e-06 3.15599e-07 3.32645e-08
 1.40464e-11 1.5246e-09 9.75742e-08 3.68215e-06 8.19327e-05 0.00107501 0.00831787 0.0379757 0.1026 0.166422 0.173337 0.145604 0.131352 0.110786 0.0689751 0.0326265 0.0136551 0.00510724 0.00157122 0.000401556 8.80534e-05 1.61945e-05 2.41354e-06 2.85086e-07 2.64652e-08
 1.31511e-11 1.42742e-09 9.13548e-08 3.44745e-06 7.67104e-05 0.00100649 0.00778801 0.0355627 0.096165 0.156664 0.166345 0.147726 0.141797 0.121741 0.0741241 0.0327122 0.0123639 0.00427989 0.00125678 0.000308875 6.53853e-05 1.17544e-05 1.74736e-06 2.09251e-07 1.95091e-08
 1.1576e-11 1.25647e-09 8.04139e-08 3.03457e-06 6.75234e-05 0.000885964 0.00685577 0.0313147 0.0848001 0.139134 0.152317 0.146706 0.152939 0.136253 0.0852907 0.0396313 0.0160175 0.00570344 0.0016228 0.000370308 7.23678e-05 1.22451e-05 1.74441e-06 2.03344e-07 1.87751e-08
 1.19781e-11 1.30011e-09 8.32067e-08 3.13996e-06 6.98685e-05 0.00091673 0.0070937 0.0323984 0.0876918 0.143534 0.15554 0.14598 0.148589 0.131544 0.0828472 0.0392466 0.0163258 0.00597255 0.00174556 0.000407855 7.93689e-05 1.279e-05 1.68737e-06 1.8266e-07 1.5974e-08
 1.2972e-11 1.40799e-09 9.01111e-08 3.40051e-06 7.5666e-05 0.000992791 0.00768198 0.0350786 0.0948561 0.154534 0.164099 0.145817 0.140331 0.121582 0.0761648 0.0360345 0.0150245 0.00555636 0.00166514 0.000404969 8.23401e-05 1.3719e-05 1.82661e-06 1.92367e-07 1.58526e-08
 1.35036e-11 1.46569e-09 9.38037e-08 3.53986e-06 7.87666e-05 0.00103347 0.00799666 0.0365134 0.0987064 0.160569 0.169396 0.147713 0.138944 0.118285 0.071798 0.0315665 0.0118431 0.00404813 0.0011627 0.000275894 5.58093e-05 9.47513e-06 1.30509e-06 1.41947e-07 1.18623e-08
 1.3522e-11 1.46768e-09 9.39315e-08 3.54468e-06 7.88739e-05 0.00103488 0.00800756 0.0365632 0.0988423 0.160799 0.16968 0.148056 0.139329 0.118495 0.0716156 0.0310974 0.0113781 0.00374273 0.00101082 0.000219055 4.04353e-05 6.46941e-06 8.70466e-07 9.51588e-08 8.13984e-09
 1.37122e-11 1.48833e-09 9.52526e-08 3.59454e-06 7.99833e-05 0.00104943 0.00812013 0.0370761 0.100213 0.162904 0.171318 0.148027 0.137754 0.116604 0.0703636 0.0305057 0.0111269 0.00363858 0.00097008 0.000204218 3.56996e-05 5.26989e-06 6.46661e-07 6.54856e-08 5.36917e-09
 1.42727e-11 1.54917e-09 9.91465e-08 3.74148e-06 8.32529e-05 0.00109233 0.0084519 0.0385876 0.104254 0.16911 0.176154 0.147961 0.133141 0.111027 0.0666136 0.0286839 0.0103585 0.00336073 0.000892507 0.000187202 3.24303e-05 4.68222e-06 5.49617e-07 5.1893e-08 3.90788e-09
 1.46914e-11 1.59461e-09 1.02055e-07 3.85124e-06 8.56952e-05 0.00112437 0.00869974 0.0397173 0.10728 0.173806 0.180054 0.148702 0.130896 0.107653 0.0634646 0.0261997 0.00879792 0.00267111 0.000680244 0.000137856 2.31286e-05 3.26182e-06 3.76078e-07 3.46868e-08 2.51164e-09
 1.47649e-11 1.60259e-09 1.02565e-07 3.8705e-06 8.61236e-05 0.00112999 0.00874322 0.0399153 0.107809 0.174615 0.180666 0.148635 0.130206 0.106877 0.0630251 0.026067 0.00876734 0.00264579 0.000658535 0.000127488 2.01368e-05 2.68871e-06 2.97317e-07 2.65728e-08 1.87727e-09
 1.44739e-11 1.571e-09 1.00544e-07 3.79421e-06 8.44262e-05 0.00110772 0.00857099 0.0391307 0.105712 0.171407 0.178219 0.148845 0.132869 0.109947 0.0648911 0.0267596 0.00894715 0.00268606 0.000666916 0.000128678 2.00719e-05 2.59919e-06 2.73506e-07 2.30703e-08 1.54744e-09
 1.4583e-11 1.58284e-09 1.01302e-07 3.82281e-06 8.50625e-05 0.00111607 0.00863555 0.0394247 0.106496 0.172594 0.179063 0.148564 0.131564 0.108597 0.0642872 0.0267931 0.00913142 0.00278806 0.000697365 0.000134755 2.10048e-05 2.71319e-06 2.83136e-07 2.33798e-08 1.50945e-09
 1.43413e-11 1.55661e-09 9.96228e-08 3.75946e-06 8.36528e-05 0.00109758 0.00849253 0.0387737 0.104764 0.17 0.177365 0.149656 0.13517 0.112057 0.0654123 0.0260452 0.00813641 0.00228027 0.000542837 0.000101694 1.54247e-05 1.95013e-06 2.00676e-07 1.64025e-08 1.04712e-09
 1.49427e-11 1.62189e-09 1.03801e-07 3.91712e-06 8.7161e-05 0.0011436 0.0088485 0.0403953 0.109095 0.176622 0.182379 0.149105 0.129492 0.105607 0.0616321 0.0248015 0.00790806 0.00224508 0.000526023 9.35314e-05 1.31062e-05 1.53804e-06 1.50399e-07 1.18955e-08 7.43051e-10
 1.46739e-11 1.59272e-09 1.01934e-07 3.84666e-06 8.55931e-05 0.00112303 0.00868941 0.0396706 0.10716 0.173666 0.180155 0.149398 0.132101 0.108537 0.0633021 0.0252923 0.00795225 0.0022317 0.000523411 9.42454e-05 1.33699e-05 1.55161e-06 1.44764e-07 1.06783e-08 6.23748e-10
#obs catch len freq
 1.08648e-11 1.17927e-09 7.54734e-08 2.84814e-06 6.33751e-05 0.000831537 0.00643468 0.0293921 0.07959 0.130458 0.141816 0.133498 0.137311 0.129094 0.0963247 0.0605748 0.0329581 0.0146601 0.00518011 0.00144476 0.000310382 4.9604e-05 5.70406e-06 4.57426e-07 2.48648e-08
 1.11976e-11 1.21539e-09 7.77851e-08 2.93537e-06 6.53163e-05 0.000857011 0.00663187 0.030294 0.0820399 0.134469 0.145864 0.135785 0.136947 0.126649 0.0932092 0.0575756 0.0305316 0.0131459 0.0044643 0.0011874 0.000241512 3.62995e-05 3.90225e-06 2.91101e-07 1.46612e-08
 1.72245e-11 1.86956e-09 1.19652e-07 4.51528e-06 0.000100471 0.00131822 0.0101991 0.0465489 0.125525 0.20156 0.19978 0.140785 0.0964154 0.0725891 0.0501647 0.0301587 0.0155716 0.00649656 0.00212346 0.000539076 0.000103799 1.46632e-05 1.47253e-06 1.02112e-07 4.76249e-09
 1.44017e-11 1.56317e-09 1.00043e-07 3.77531e-06 8.4006e-05 0.00110223 0.00852917 0.0389522 0.105356 0.171521 0.180148 0.151473 0.131493 0.104726 0.0622063 0.028058 0.0109621 0.00387886 0.0011673 0.000279952 5.09656e-05 6.76974e-06 6.35329e-07 4.09573e-08 1.76864e-09
 1.71566e-11 1.86219e-09 1.1918e-07 4.49749e-06 0.000100075 0.00131304 0.0101595 0.0463757 0.125146 0.201524 0.201851 0.14636 0.10323 0.0759207 0.0481385 0.024957 0.0105242 0.0033987 0.000817977 0.000152768 2.294e-05 2.68946e-06 2.30999e-07 1.37779e-08 5.5071e-10
 1.57221e-11 1.70648e-09 1.09215e-07 4.12143e-06 9.17077e-05 0.00120328 0.00931105 0.0425197 0.114942 0.186504 0.192549 0.152529 0.120655 0.0905115 0.0527436 0.023753 0.00898384 0.00284478 0.000704643 0.000130098 1.74687e-05 1.68986e-06 1.17853e-07 5.88619e-09 2.05193e-10
 6.53772e-12 7.09608e-10 4.5415e-08 1.71384e-06 3.81374e-05 0.000500511 0.00387697 0.0177864 0.049069 0.0866232 0.118293 0.159241 0.195211 0.175493 0.111197 0.0537756 0.0209112 0.00629975 0.00141321 0.000236913 2.97799e-05 2.73142e-06 1.7584e-07 7.72396e-09 2.28004e-10
 1.52594e-11 1.65626e-09 1.06001e-07 4.00015e-06 8.90088e-05 0.00116786 0.00903643 0.0412539 0.111362 0.179459 0.179903 0.130842 0.0969224 0.0861973 0.0748199 0.0519614 0.0257666 0.00875932 0.00206515 0.000345763 4.13529e-05 3.4929e-06 2.05223e-07 8.25641e-09 2.23181e-10
 1.75549e-11 1.90542e-09 1.21947e-07 4.6019e-06 0.000102399 0.00134356 0.0103964 0.0474713 0.128234 0.20717 0.209185 0.152689 0.103967 0.0693202 0.0387615 0.0185048 0.00834439 0.00330053 0.000978557 0.000198382 2.65982e-05 2.34296e-06 1.35827e-07 5.18367e-09 1.29664e-10
 1.55449e-11 1.68726e-09 1.07984e-07 4.07501e-06 9.06757e-05 0.00118979 0.00920806 0.0420732 0.113965 0.186146 0.195635 0.159017 0.124806 0.0890544 0.0488927 0.0204773 0.00694988 0.00194589 0.000448405 8.38742e-05 1.18949e-05 1.16971e-06 7.51063e-08 3.06135e-09 7.83668e-11
 1.43501e-11 1.55757e-09 9.96845e-08 3.76181e-06 8.37071e-05 0.00109839 0.00850169 0.0388637 0.105457 0.173374 0.186137 0.158865 0.132012 0.0987845 0.0579116 0.0264143 0.00941738 0.00251161 0.000486457 6.94723e-05 7.51705e-06 6.14645e-07 3.64408e-08 1.47902e-09 3.91047e-11
 1.39593e-11 1.51515e-09 9.69696e-08 3.65936e-06 8.1428e-05 0.00106851 0.00827109 0.0378206 0.102729 0.169424 0.183432 0.158781 0.133365 0.100899 0.0607506 0.0289042 0.0107789 0.00299855 0.000599156 8.47346e-05 8.3957e-06 5.77306e-07 2.7442e-08 8.99814e-10 2.01403e-11
 1.65323e-11 1.79443e-09 1.14843e-07 4.33386e-06 9.6436e-05 0.00126539 0.00979342 0.0447483 0.121162 0.197255 0.203665 0.155777 0.111456 0.0770528 0.0452619 0.021544 0.00809383 0.0022835 0.000466556 6.76253e-05 6.80326e-06 4.63861e-07 2.1028e-08 6.25759e-10 1.21253e-11
 1.51203e-11 1.64117e-09 1.05035e-07 3.96373e-06 8.82016e-05 0.00115742 0.00896005 0.0409791 0.111344 0.183542 0.19716 0.164666 0.128251 0.0880731 0.0471804 0.0197496 0.00666728 0.00177024 0.000352164 5.05367e-05 5.0669e-06 3.44738e-07 1.55391e-08 4.55439e-10 8.55302e-12
 1.27827e-11 1.38745e-09 8.8797e-08 3.35099e-06 7.45689e-05 0.000978635 0.00757906 0.034714 0.0948213 0.159181 0.180557 0.168224 0.14651 0.107998 0.0612076 0.0266507 0.00887245 0.00218352 0.00038941 5.02377e-05 4.64067e-06 2.98608e-07 1.29527e-08 3.68389e-10 6.72841e-12
 1.21874e-11 1.32283e-09 8.46618e-08 3.19495e-06 7.10977e-05 0.000933125 0.00722775 0.0331212 0.0906032 0.152706 0.174755 0.165123 0.14682 0.112837 0.0686116 0.0323074 0.0114018 0.00289233 0.000515846 6.41279e-05 5.50266e-06 3.21603e-07 1.26241e-08 3.27969e-10 5.5482e-12
 1.36784e-11 1.48467e-09 9.50193e-08 3.58581e-06 7.97951e-05 0.00104724 0.00811038 0.0371412 0.101319 0.168939 0.186612 0.163348 0.133816 0.0985357 0.0593393 0.0282266 0.0102198 0.00269202 0.000499713 6.38954e-05 5.51128e-06 3.14953e-07 1.17636e-08 2.84212e-10 4.40243e-12
 1.36065e-11 1.47686e-09 9.45196e-08 3.56698e-06 7.93779e-05 0.00104184 0.00807061 0.0369878 0.10114 0.169766 0.190358 0.169556 0.137729 0.0966419 0.0540412 0.0238516 0.00819012 0.0021018 0.000387886 4.98849e-05 4.34345e-06 2.49661e-07 9.28869e-09 2.20417e-10 3.29928e-12
 1.40716e-11 1.52735e-09 9.77511e-08 3.68895e-06 8.20929e-05 0.0010775 0.00834731 0.0382588 0.104602 0.175288 0.19497 0.169879 0.134044 0.0921803 0.0506625 0.0216182 0.00699773 0.0016662 0.000285521 3.45556e-05 2.87991e-06 1.60612e-07 5.84303e-09 1.35914e-10 1.99115e-12
 1.42946e-11 1.55155e-09 9.93004e-08 3.74744e-06 8.33962e-05 0.00109467 0.00848168 0.038891 0.106436 0.178691 0.198995 0.172223 0.132924 0.0884969 0.0468747 0.0192291 0.005973 0.00135701 0.000219318 2.47192e-05 1.9054e-06 9.84032e-08 3.33817e-09 7.3052e-11 1.01495e-12
 1.43564e-11 1.55826e-09 9.97297e-08 3.76367e-06 8.37598e-05 0.00109953 0.00852112 0.0390941 0.107144 0.180425 0.201796 0.174603 0.132951 0.0863159 0.0442029 0.0173597 0.00511723 0.00109706 0.000166663 1.75877e-05 1.26315e-06 6.04486e-08 1.89132e-09 3.80829e-11 4.87047e-13
 1.45701e-11 1.58146e-09 1.01215e-07 3.81977e-06 8.50103e-05 0.00111602 0.00865037 0.0397028 0.108898 0.183559 0.205066 0.175732 0.131116 0.0831632 0.0415595 0.0158196 0.00447351 0.000910915 0.000130303 1.2857e-05 8.59038e-07 3.8115e-08 1.1028e-09 2.04859e-11 2.41168e-13
 1.49994e-11 1.62805e-09 1.04197e-07 3.93234e-06 8.75176e-05 0.001149 0.00890706 0.04089 0.112177 0.188925 0.209795 0.176381 0.127407 0.0780773 0.0377374 0.0138571 0.00376381 0.000732629 9.95603e-05 9.26228e-06 5.79166e-07 2.39013e-08 6.40289e-10 1.09781e-11 1.19036e-13
 1.47709e-11 1.60326e-09 1.02611e-07 3.87256e-06 8.61919e-05 0.00113176 0.00877704 0.0403363 0.110957 0.188037 0.211215 0.17967 0.12944 0.0775517 0.0361392 0.0126851 0.00327891 0.000606004 7.79961e-05 6.84793e-06 4.02421e-07 1.5539e-08 3.87812e-10 6.16983e-12 6.18638e-14
 1.47389e-11 1.59979e-09 1.0239e-07 3.8643e-06 8.60122e-05 0.00112955 0.00876269 0.0403009 0.111044 0.18876 0.212816 0.180999 0.129292 0.0763889 0.034948 0.0119259 0.00295733 0.000518309 6.2765e-05 5.16078e-06 2.83288e-07 1.0201e-08 2.37053e-10 3.50555e-12 3.26108e-14
 1.4662e-11 1.59144e-09 1.01857e-07 3.84426e-06 8.55719e-05 0.00112396 0.0087228 0.0401558 0.110877 0.189236 0.214512 0.182752 0.129407 0.0751352 0.0336272 0.0111729 0.00268165 0.000451811 5.21737e-05 4.0549e-06 2.08699e-07 7.00359e-09 1.51081e-10 2.06935e-12 1.78081e-14
 1.34685e-11 1.46192e-09 9.3569e-08 3.5317e-06 7.86281e-05 0.00103323 0.00802842 0.0370759 0.103191 0.179452 0.211109 0.189191 0.138998 0.0812693 0.0358295 0.0115761 0.0026795 0.000432924 4.77155e-05 3.52219e-06 1.71273e-07 5.40123e-09 1.08933e-10 1.38864e-12 1.10805e-14
 1.36095e-11 1.47722e-09 9.45498e-08 3.56882e-06 7.94592e-05 0.00104428 0.00811613 0.0374931 0.104363 0.181229 0.211937 0.18783 0.136973 0.0804445 0.0358116 0.0115793 0.002637 0.000412491 4.35077e-05 3.04965e-06 1.40068e-07 4.15563e-09 7.85915e-11 9.36665e-13 6.9682e-15
#spawning biomass
 3133.46 4571.55 8035.06 14160.5 23871.4 31984.8 29640.8 30801.7 48342.5 63654.8 85902.1 102286 141173 167865 177478 145986 139168 129895 128521 128638 134632 137953 155875 172735 185978 163009 150384 151996 167500 182630 96282.1 44554.3 25886.3 20092.8 18428.6 17974.2 17854.5 17823.8 17816 17814.1 17813.7 17813.5 17813.5 17813.5 17813.5 17813.5 17813.5 17813.5 17813.5 17813.5 17813.5 17813.5 17813.5 17813.5 17813.5 17813.5 17813.5 17813.5 17813.5 17813.5 17813.5 17813.5 17813.5 17813.5 17813.5 17813.5 17813.5 17813.5 17813.5 17813.5 17813.5 17813.5 17813.5 17813.5 17813.5 17813.5 17813.5 17813.5 17813.5 17813.5 17813.5 17813.5 17813.5 17813.5 17813.5 17813.5 17813.5 17813.5 17813.5 17813.5 17813.5 17813.5 17813.5 17813.5 17813.5 17813.5 17813.5 17813.5 17813.5 17813.5 17813.5 17813.5 17813.5 17813.5 17813.5 17813.5 17813.5 17813.5 17813.5 17813.5 17813.5 17813.5 17813.5 17813.5 17813.5 17813.5 17813.5 17813.5 17813.5 17813.5 17813.5 17813.5 17813.5 17813.5 17813.5 17813.5 17813.5 17813.5 0 0 0 0 0 0 0 0 0 0 0 0 0 0 0 0 0 0 0 0 0 0 0 0 0
