SBPRF35
0.857063
Curr Bio
132195
B35
744002
F35
0.204072
FOFL
0.0584993
OFL
10304.2
Bzero
244875
#pred survey bio
 10326.1 8641.41 7179.99 7855.06 10261.1 15165.6 19703.7 25929.5 33796.4 50508.8 66307.5 80199.8 104561 119805 127538 122485 118691 107729 106387 112072 115543 115881 110130 117566 125708 125015 115838 116467 146134 8.94436e+06 9.1723e+06 1.01003e+07 9.76452e+06 8.74707e+06 7.50335e+06 6.30213e+06 5.26669e+06 4.43132e+06 3.78494e+06 3.29824e+06 2.93818e+06 2.6747e+06 2.48295e+06 2.3422e+06 2.23718e+06 2.16218e+06 2.1081e+06 2.06872e+06 2.03973e+06 2.01817e+06 2.00196e+06 1.98965e+06 1.9802e+06 1.97289e+06 1.96717e+06 1.96268e+06 1.95912e+06 1.95628e+06 1.95401e+06 1.95218e+06 1.9507e+06 1.9495e+06 1.94853e+06 1.94773e+06 1.94708e+06 1.94655e+06 1.94612e+06 1.94577e+06 1.94547e+06 1.94524e+06 1.94504e+06 1.94488e+06 1.94475e+06 1.94464e+06 1.94455e+06 1.94447e+06 1.94441e+06 1.94436e+06 1.94432e+06 1.94429e+06 1.94426e+06 1.94424e+06 1.94422e+06 1.9442e+06 1.94419e+06 1.94418e+06 1.94417e+06 1.94416e+06 1.94416e+06 1.94415e+06 1.94415e+06 1.94415e+06 1.94414e+06 1.94414e+06 1.94414e+06 1.94414e+06 1.94414e+06 1.94413e+06 1.94413e+06 1.94413e+06 1.94413e+06 1.94413e+06 1.94413e+06 1.94413e+06 1.94413e+06 1.94413e+06 1.94413e+06 1.94413e+06 1.94413e+06 1.94413e+06 1.94413e+06 1.94413e+06 1.94413e+06 1.94413e+06 1.94413e+06 1.94413e+06 1.94413e+06 1.94413e+06 1.94413e+06 1.94413e+06 1.94413e+06 1.94413e+06 1.94413e+06 1.94413e+06 1.94413e+06 1.94413e+06 1.94413e+06 1.94413e+06 1.94413e+06 0 0 0 0 0 0 0 0 0 0 0 0 0 0 0 0 0 0 0 0 0 0 0 0 0
#obs survey bio
 10313.4 7222.88 6704.23 7914.28 20047.7 12836.5 21136.3 33210 33680.4 80032.2 75017.9 101477 127189 84072.5 120563 108553 72573.4 81009.1 113309 155784 127668 128531 124479 120001 130564 158701 122123 123111 142988
#pred catch bio
 4968.45 3976.29 2834.47 2965.25 3827.87 8248.16 10841.5 14560.5 17108.9 29822.7 43925.8 52142.5 72604.7 83503 95007.4 95588.7 96813.4 85079.9 83365.5 91646.7 96876.8 99675.4 95802.3 105645 116108 117188 106647 109505 97394.9 10304.2 72904.5 79790.4 76417.2 67608.8 57119.6 47145.6 38670.3 31939.8 26828 23064.2 20354.1 18434.6 17091.1 16152.8 15495.5 15054.2 14758 14559.1 14425.5 14335.9 14275.7 14235.3 14208.2 14190 14177.7 14169.5 14164 14160.3 14157.8 14156.1 14155 14154.3 14153.8 14153.4 14153.2 14153.1 14153 14152.9 14152.8 14152.8 14152.8 14152.8 14152.8 14152.8 14152.7 14152.7 14152.7 14152.7 14152.7 14152.7 14152.7 14152.7 14152.7 14152.7 14152.7 14152.7 14152.7 14152.7 14152.7 14152.7 14152.7 14152.7 14152.7 14152.7 14152.7 14152.7 14152.7 14152.7 14152.7 14152.7 14152.7 14152.7 14152.7 14152.7 14152.7 14152.7 14152.7 14152.7 14152.7 14152.7 14152.7 14152.7 14152.7 14152.7 14152.7 14152.7 14152.7 14152.7 14152.7 14152.7 14152.7 14152.7 14152.7 14152.7 14152.7 14152.7 14152.7 14152.7 14152.7 0 0 0 0 0 0 0 0 0 0 0 0 0 0 0 0 0 0 0 0 0 0 0 0 0
#obs catch bio
 3735.08 4076.06 3251.38 3144.3 3741.5 8444.35 11467.9 14103.7 16842.6 26396.5 41262 49124.5 68128.7 84079.5 95146.4 98830.3 106126 86459.8 82692.8 83997.9 88511 80293.7 81041.5 103607 101560 106318 92743.7 99604.6 90348.2
#pred cpue bio
 9483.6 8278.87 6623.1 6964.44 8910.88 12855.5 16094.9 21656.1 27711 41301.7 53834.3 63753.2 82914.8 96213.2 104198 97745.8 92533.3 84103.2 82976 86035.1 87034.4 87198 82258.6 84022.9 89269 88289.5 82335.2 82253.3 95325.9 6.94178e+06 9.12049e+06 1.00488e+07 9.713e+06 8.69554e+06 7.45182e+06 6.25061e+06 5.21516e+06 4.37979e+06 3.73342e+06 3.24671e+06 2.88665e+06 2.62317e+06 2.43142e+06 2.29067e+06 2.18565e+06 2.11065e+06 2.05658e+06 2.01719e+06 1.9882e+06 1.96664e+06 1.95043e+06 1.93812e+06 1.92867e+06 1.92136e+06 1.91565e+06 1.91115e+06 1.90759e+06 1.90475e+06 1.90248e+06 1.90065e+06 1.89917e+06 1.89797e+06 1.897e+06 1.8962e+06 1.89555e+06 1.89503e+06 1.89459e+06 1.89424e+06 1.89395e+06 1.89371e+06 1.89351e+06 1.89335e+06 1.89322e+06 1.89311e+06 1.89302e+06 1.89294e+06 1.89288e+06 1.89283e+06 1.89279e+06 1.89276e+06 1.89273e+06 1.89271e+06 1.89269e+06 1.89267e+06 1.89266e+06 1.89265e+06 1.89264e+06 1.89263e+06 1.89263e+06 1.89262e+06 1.89262e+06 1.89262e+06 1.89261e+06 1.89261e+06 1.89261e+06 1.89261e+06 1.89261e+06 1.89261e+06 1.89261e+06 1.8926e+06 1.8926e+06 1.8926e+06 1.8926e+06 1.8926e+06 1.8926e+06 1.8926e+06 1.8926e+06 1.8926e+06 1.8926e+06 1.8926e+06 1.8926e+06 1.8926e+06 1.8926e+06 1.8926e+06 1.8926e+06 1.8926e+06 1.8926e+06 1.8926e+06 1.8926e+06 1.8926e+06 1.8926e+06 1.8926e+06 1.8926e+06 1.8926e+06 1.8926e+06 1.8926e+06 1.8926e+06 1.8926e+06 1.8926e+06 0 0 0 0 0 0 0 0 0 0 0 0 0 0 0 0 0 0 0 0 0 0 0 0 0
#obs cpue bio
 7524.69 6295.23 3948.61 7514.82 9074.09 13786.5 12800.6 30620.7 31191.2 65089 50481 68951.4 101397 116253 132467 101489 104848 113941 89628.9 103861 115019 216956 129793 83183.1 173932 106642 144197 125280 122569
#pred surv len freq
 9.25216e-12 1.00467e-09 6.43202e-08 2.42777e-06 5.40269e-05 0.000708877 0.00548493 0.0250508 0.0678607 0.111668 0.123956 0.123932 0.135541 0.129796 0.0974775 0.0657185 0.0432684 0.0269556 0.0162584 0.00987831 0.00622404 0.00419016 0.00296358 0.00196735 0.00104395
 5.62634e-12 6.10954e-10 3.91138e-08 1.47636e-06 3.28547e-05 0.0004311 0.00333638 0.0152555 0.0415673 0.070342 0.087056 0.108743 0.1409 0.147195 0.122605 0.0941984 0.0678345 0.043672 0.0257445 0.0142798 0.00769955 0.004277 0.00254132 0.00151555 0.000771097
 1.00441e-11 1.09067e-09 6.98256e-08 2.63557e-06 5.86508e-05 0.000769526 0.00595337 0.0271709 0.0733391 0.118555 0.12184 0.0989671 0.0895847 0.0899813 0.0888356 0.0848744 0.0723434 0.053513 0.0349414 0.0200527 0.0102535 0.00490438 0.00235712 0.00116757 0.000534125
 1.24168e-11 1.34832e-09 8.63208e-08 3.25818e-06 7.25062e-05 0.000951315 0.00735976 0.0335897 0.0906648 0.146562 0.150555 0.121466 0.105152 0.0909975 0.0663816 0.0475838 0.0397914 0.0349186 0.0275361 0.0182974 0.0101732 0.00480483 0.00202 0.000809676 0.000308836
 1.2933e-11 1.40437e-09 8.99092e-08 3.39362e-06 7.55203e-05 0.000990864 0.00766579 0.034988 0.0944606 0.152871 0.15785 0.129452 0.114497 0.0998146 0.0713236 0.0457248 0.0296274 0.0201189 0.0150872 0.0114411 0.00751546 0.00398418 0.00170343 0.000611512 0.000192998
 1.38311e-11 1.50189e-09 9.61525e-08 3.62928e-06 8.07644e-05 0.00105967 0.00819792 0.0374132 0.100961 0.163008 0.166524 0.131982 0.111584 0.0956013 0.068712 0.0446013 0.0283464 0.0170706 0.0100911 0.00633998 0.00416584 0.00248876 0.00119503 0.000443598 0.000129229
 1.49497e-11 1.62336e-09 1.03929e-07 3.92279e-06 8.72961e-05 0.00114536 0.00886081 0.0404364 0.10909 0.175899 0.178581 0.13854 0.11291 0.0927048 0.061497 0.035013 0.0200591 0.0115842 0.00646207 0.00346637 0.00185989 0.00101776 0.000512747 0.000207369 6.26607e-05
 1.3724e-11 1.49026e-09 9.54079e-08 3.60117e-06 8.0139e-05 0.00105147 0.00813471 0.0371299 0.100267 0.162461 0.168641 0.140445 0.125849 0.107464 0.0706104 0.0382165 0.0199538 0.0101753 0.00502182 0.00244513 0.00115624 0.000531046 0.000237316 9.5193e-05 3.01548e-05
 1.46027e-11 1.58568e-09 1.01517e-07 3.83175e-06 8.52702e-05 0.00111878 0.00865526 0.0395001 0.106589 0.172063 0.175619 0.138702 0.116185 0.0973276 0.0659643 0.0382706 0.0210893 0.0106042 0.00480839 0.0020538 0.000842312 0.000332936 0.000126127 4.45659e-05 1.35301e-05
 1.46965e-11 1.59587e-09 1.02169e-07 3.85636e-06 8.58179e-05 0.00112597 0.00871085 0.0397537 0.107271 0.173148 0.176648 0.13929 0.116278 0.0967902 0.0646717 0.036793 0.0203371 0.0106626 0.00506951 0.00215237 0.000809819 0.000276325 8.78429e-05 2.60417e-05 6.9178e-06
 1.48509e-11 1.61264e-09 1.03242e-07 3.89688e-06 8.67196e-05 0.0011378 0.0088024 0.0401718 0.108403 0.175006 0.178685 0.141222 0.11804 0.0974845 0.0633268 0.0340012 0.0176435 0.0089079 0.00421259 0.00183533 0.000708012 0.000234629 6.67166e-05 1.66225e-05 3.66973e-06
 1.55067e-11 1.68384e-09 1.07801e-07 4.06895e-06 9.05486e-05 0.00118804 0.00919094 0.0419426 0.11315 0.182415 0.18505 0.143115 0.115742 0.0933563 0.058913 0.0298692 0.0143536 0.0067286 0.00297018 0.00123482 0.000471104 0.000157918 4.46071e-05 1.03586e-05 1.97891e-06
 1.55242e-11 1.68574e-09 1.07923e-07 4.07355e-06 9.0651e-05 0.00118938 0.00920134 0.0419904 0.113283 0.182663 0.185457 0.143824 0.116727 0.0940999 0.0589033 0.0292159 0.0135063 0.00598804 0.00244793 0.000934095 0.00033093 0.000105929 2.94448e-05 6.76588e-06 1.23486e-06
 1.49794e-11 1.62659e-09 1.04136e-07 3.9306e-06 8.747e-05 0.00114765 0.00887862 0.0405209 0.109363 0.176697 0.181068 0.144742 0.12252 0.100446 0.0623382 0.029953 0.0132382 0.00563861 0.0022066 0.000791609 0.000258476 7.57491e-05 1.95873e-05 4.30707e-06 7.6577e-07
 1.43342e-11 1.55652e-09 9.96497e-08 3.76128e-06 8.3702e-05 0.00109821 0.00849631 0.0387791 0.104702 0.169497 0.175236 0.14408 0.126704 0.106129 0.0670042 0.0331324 0.0150593 0.00640036 0.00242185 0.000827947 0.000255647 6.97662e-05 1.65463e-05 3.34096e-06 5.56012e-07
 1.52431e-11 1.65521e-09 1.05968e-07 3.99977e-06 8.90093e-05 0.00116784 0.00903479 0.041232 0.11126 0.179584 0.183194 0.144305 0.11974 0.097434 0.0607815 0.0297068 0.0134099 0.00575914 0.00222521 0.000765539 0.000230707 5.99346e-05 1.33098e-05 2.48151e-06 3.7885e-07
 1.59483e-11 1.7318e-09 1.10871e-07 4.18483e-06 9.31275e-05 0.00122187 0.00945267 0.0431365 0.116363 0.187529 0.189927 0.146021 0.116712 0.092367 0.055548 0.0251025 0.0101837 0.00406982 0.00153017 0.000526224 0.000160372 4.1725e-05 9.04094e-06 1.60112e-06 2.27759e-07
 1.57941e-11 1.71505e-09 1.09799e-07 4.14436e-06 9.22268e-05 0.00121005 0.00936132 0.0427211 0.115263 0.185924 0.189084 0.147384 0.120058 0.0953861 0.0562682 0.0239545 0.00871945 0.00308829 0.00103496 0.00032351 9.36305e-05 2.40311e-05 5.2129e-06 9.16685e-07 1.26621e-07
 1.58607e-11 1.72228e-09 1.10262e-07 4.16184e-06 9.26158e-05 0.00121516 0.00940078 0.0429005 0.115738 0.186615 0.189437 0.14677 0.1186 0.0941715 0.0562 0.0247017 0.0093882 0.00333557 0.00104492 0.000289664 7.3606e-05 1.70005e-05 3.46258e-06 5.93682e-07 8.12291e-08
 1.63991e-11 1.78074e-09 1.14005e-07 4.30311e-06 9.57596e-05 0.0012564 0.00971973 0.0443533 0.119618 0.192563 0.194018 0.146535 0.11391 0.0886302 0.0526326 0.0231554 0.00887038 0.00321705 0.00103946 0.000292235 7.11568e-05 1.48102e-05 2.65303e-06 4.08236e-07 5.22095e-08
 1.69287e-11 1.83825e-09 1.17687e-07 4.44208e-06 9.88521e-05 0.00129698 0.0100335 0.045783 0.123445 0.198486 0.19887 0.14726 0.110761 0.0841835 0.0487946 0.0203544 0.00715117 0.00242453 0.000767011 0.00021764 5.41373e-05 1.13545e-05 1.95861e-06 2.74961e-07 3.12845e-08
 1.69112e-11 1.83635e-09 1.17565e-07 4.4375e-06 9.87501e-05 0.00129564 0.0100232 0.0457363 0.123325 0.198339 0.198938 0.147866 0.111833 0.0850038 0.0487302 0.0196303 0.00641777 0.00198919 0.000575632 0.000150528 3.56705e-05 7.41243e-06 1.29029e-06 1.80768e-07 1.97813e-08
 1.71126e-11 1.85822e-09 1.18965e-07 4.49034e-06 9.99261e-05 0.00131107 0.0101425 0.0462799 0.124779 0.200582 0.20074 0.148023 0.110458 0.0832064 0.0473482 0.0187577 0.00591371 0.00174 0.000471784 0.000113081 2.42762e-05 4.61706e-06 7.57194e-07 1.03507e-07 1.127e-08
 1.83232e-11 1.98968e-09 1.27381e-07 4.808e-06 0.000106995 0.00140381 0.0108597 0.0495465 0.133505 0.213956 0.211044 0.14751 0.0999489 0.0708265 0.0394475 0.0153638 0.00469981 0.0013305 0.000346945 7.91334e-05 1.58777e-05 2.76986e-06 4.11613e-07 5.13554e-08 5.23899e-09
 1.84389e-11 2.00224e-09 1.28185e-07 4.83835e-06 0.00010767 0.00141267 0.0109282 0.049859 0.134344 0.215277 0.212235 0.148028 0.0998069 0.0702117 0.0384445 0.0142367 0.00387799 0.000944991 0.000222286 4.77388e-05 9.11886e-06 1.50786e-06 2.093e-07 2.39642e-08 2.22177e-09
 1.85617e-11 2.01558e-09 1.29039e-07 4.87059e-06 0.000108388 0.00142208 0.011001 0.0501906 0.135231 0.216646 0.213335 0.148127 0.098972 0.0691135 0.0375893 0.0136891 0.00356489 0.000798901 0.000168345 3.15731e-05 5.24644e-06 7.82328e-07 1.01237e-07 1.08985e-08 9.42464e-10
 1.83899e-11 1.99692e-09 1.27845e-07 4.82551e-06 0.000107385 0.00140892 0.0108992 0.0497271 0.133994 0.21476 0.21193 0.148358 0.100705 0.0710315 0.0386451 0.0139496 0.00353954 0.000756665 0.000150892 2.64336e-05 3.97279e-06 5.19662e-07 5.83327e-08 5.53758e-09 4.35681e-10
 1.8563e-11 2.01572e-09 1.29048e-07 4.87093e-06 0.000108395 0.00142218 0.0110018 0.0501941 0.13524 0.216658 0.213336 0.148098 0.0989194 0.069077 0.0376027 0.0137337 0.00359775 0.000806856 0.000165231 2.85473e-05 4.09759e-06 5.00884e-07 5.13067e-08 4.31548e-09 2.95502e-10
 2.03282e-11 2.2074e-09 1.4132e-07 5.33412e-06 0.000118703 0.00155741 0.0120476 0.0549571 0.147961 0.236126 0.228206 0.146925 0.0829438 0.0505803 0.0262335 0.0093567 0.00235981 0.000501301 9.9678e-05 1.74466e-05 2.58452e-06 3.20454e-07 3.21282e-08 2.55769e-09 1.61137e-10
#obs surv len freq
 2.24867e-11 2.1725e-09 1.23746e-07 4.15569e-06 8.22804e-05 0.000960517 0.00661217 0.0268671 0.0647632 0.0951087 0.0962255 0.0940299 0.107267 0.113234 0.104615 0.0914611 0.0745084 0.0550438 0.0362417 0.0202255 0.00896981 0.00296807 0.00069176 0.000108284 1.09848e-05
 4.91912e-12 4.58391e-10 2.51839e-08 8.15745e-07 1.55795e-05 0.000175488 0.00116769 0.00462916 0.0114224 0.0210207 0.0409824 0.0837904 0.133753 0.15953 0.159938 0.140517 0.103902 0.0668094 0.0395349 0.0207102 0.00871564 0.00270819 0.000585088 8.41857e-05 7.81824e-06
 8.65529e-11 7.76588e-09 4.10807e-07 1.28122e-05 0.000235585 0.00255395 0.0163238 0.0615177 0.13674 0.17961 0.141042 0.0719018 0.039671 0.0503273 0.0748099 0.0818354 0.0650312 0.0409314 0.0219996 0.0102113 0.00388068 0.00111052 0.000222075 2.94819e-05 2.51464e-06
 1.13191e-10 9.76273e-09 4.96443e-07 1.48835e-05 0.000263077 0.00274168 0.016849 0.0611137 0.131447 0.171819 0.152814 0.126634 0.116652 0.0896606 0.050181 0.0273954 0.0206484 0.0159088 0.00956228 0.00433786 0.00149606 0.000382794 6.90914e-05 8.36162e-06 6.53148e-07
 1.26924e-10 1.05071e-08 5.12816e-07 1.47563e-05 0.000250344 0.00250415 0.0147723 0.0514595 0.106586 0.136012 0.124799 0.117665 0.125723 0.118702 0.0933112 0.0604091 0.0297262 0.0114226 0.00426602 0.00166929 0.000551894 0.000131941 2.15968e-05 2.35066e-06 1.65691e-07
 2.27273e-10 1.80316e-08 8.43453e-07 2.32608e-05 0.000378209 0.0036257 0.0204964 0.0683851 0.135284 0.16255 0.132789 0.102888 0.0972511 0.0926658 0.0790362 0.0565378 0.0307651 0.0123181 0.0037733 0.000962443 0.000220536 4.33148e-05 6.36112e-06 6.3135e-07 4.03788e-08
 2.84529e-10 2.16056e-08 9.67266e-07 2.55308e-05 0.000397309 0.00364554 0.019729 0.0630811 0.120243 0.143009 0.127729 0.122072 0.125324 0.108131 0.0778847 0.0489436 0.0253273 0.0102697 0.00323731 0.000783272 0.000143941 2.03273e-05 2.21425e-06 1.78328e-07 9.89957e-09
 4.31146e-10 3.12939e-08 1.33916e-06 3.37868e-05 0.000502579 0.00440789 0.0228012 0.0696761 0.126852 0.143649 0.12106 0.10981 0.113325 0.106369 0.0857873 0.0558417 0.0269235 0.00958038 0.00266578 0.000595583 0.000102665 1.29225e-05 1.1498e-06 7.1401e-08 3.06352e-09
 6.56382e-10 4.54843e-08 1.85826e-06 4.47599e-05 0.00063565 0.00532259 0.0262883 0.0767326 0.133721 0.146391 0.123102 0.1138 0.114372 0.100689 0.0762291 0.0480639 0.0232765 0.00843961 0.00232114 0.000484435 7.54234e-05 8.54933e-06 6.83927e-07 3.73601e-08 1.35751e-09
 9.45244e-10 6.24636e-08 2.4336e-06 5.58999e-05 0.000757044 0.00604529 0.0284778 0.0793361 0.132421 0.141115 0.121259 0.117969 0.119544 0.103655 0.0760509 0.0449962 0.0198324 0.00647457 0.00163284 0.000321355 4.74538e-05 5.00998e-06 3.65207e-07 1.79393e-08 5.82059e-10
 1.38432e-09 8.71441e-08 3.23428e-06 7.07715e-05 0.000913038 0.00694571 0.031174 0.0828011 0.132209 0.136824 0.11893 0.119168 0.121222 0.105158 0.0765158 0.0435488 0.0178629 0.0052576 0.00116525 0.000200731 2.64112e-05 2.54015e-06 1.70784e-07 7.73663e-09 2.29738e-10
 2.05015e-09 1.22821e-07 4.33813e-06 9.03382e-05 0.00110916 0.00803019 0.0343067 0.0868086 0.132599 0.133664 0.118131 0.121314 0.122572 0.104834 0.074584 0.0407648 0.0158157 0.00434132 0.000879635 0.000135252 1.56006e-05 1.30935e-06 7.74537e-08 3.13103e-09 8.40397e-11
 2.9176e-09 1.66189e-07 5.58109e-06 0.000110504 0.00129001 0.00888058 0.0360856 0.0869727 0.127441 0.1269 0.11756 0.126034 0.127149 0.107504 0.0749601 0.0395994 0.0147546 0.00388395 0.000749699 0.000107938 1.13917e-05 8.56277e-07 4.46881e-08 1.58325e-09 3.72854e-11
 3.43341e-09 1.85788e-07 5.92723e-06 0.000111488 0.00123645 0.00808787 0.0312539 0.071948 0.102829 0.107957 0.117658 0.140522 0.145375 0.123847 0.0854355 0.0435806 0.015472 0.00386598 0.000707762 9.64e-05 9.56104e-06 6.67993e-07 3.19592e-08 1.02365e-09 2.15435e-11
 5.61893e-09 2.8862e-07 8.74055e-06 0.000156061 0.00164293 0.0102009 0.0374109 0.0816608 0.110187 0.107689 0.108803 0.127067 0.137703 0.125748 0.0889878 0.044057 0.0146668 0.00337138 0.000563465 7.02961e-05 6.43608e-06 4.17176e-07 1.85208e-08 5.48506e-10 1.06106e-11
 9.41281e-09 4.58636e-07 1.31752e-05 0.000223147 0.00222843 0.0131258 0.0456791 0.0947487 0.122258 0.116593 0.116591 0.129764 0.129037 0.107778 0.0718176 0.0348646 0.0118533 0.0028594 0.000497166 6.17746e-05 5.37352e-06 3.21686e-07 1.30642e-08 3.5397e-10 6.28009e-12
 1.32753e-08 6.13206e-07 1.66997e-05 0.000268138 0.00253861 0.0141784 0.0468268 0.0925685 0.116044 0.114072 0.122879 0.138904 0.134208 0.107254 0.067421 0.0305348 0.00966493 0.00219919 0.000370807 4.58753e-05 4.00651e-06 2.3784e-07 9.34611e-09 2.38909e-10 3.92515e-12
 1.79812e-08 7.86989e-07 2.03076e-05 0.00030896 0.00277172 0.0146717 0.0459718 0.0866505 0.105853 0.107569 0.123478 0.143204 0.140856 0.114123 0.0710499 0.0313376 0.00962596 0.00212065 0.000343162 4.04148e-05 3.36475e-06 1.92098e-07 7.31947e-09 1.81771e-10 2.88582e-12
 2.92159e-08 1.21108e-06 2.95984e-05 0.000426497 0.00362387 0.0181686 0.0539262 0.0963261 0.111708 0.108305 0.119795 0.136336 0.13435 0.109084 0.0671996 0.0293238 0.009023 0.00200705 0.000324894 3.7495e-05 2.99979e-06 1.62482e-07 5.84001e-09 1.36774e-10 2.05369e-12
 4.61547e-08 1.81147e-06 4.19168e-05 0.000571875 0.00460087 0.0218451 0.0614612 0.104524 0.117471 0.114678 0.127282 0.138396 0.127008 0.0957382 0.0551783 0.0227729 0.00671612 0.00145295 0.000231272 2.63274e-05 2.06745e-06 1.08757e-07 3.74909e-09 8.32753e-11 1.17629e-12
 6.96497e-08 2.58757e-06 5.66772e-05 0.000731955 0.00557451 0.0250612 0.0668347 0.108286 0.118276 0.116742 0.130913 0.139698 0.12459 0.0899941 0.0486481 0.0184889 0.00496358 0.000978015 0.00014379 1.54018e-05 1.15403e-06 5.83304e-08 1.93428e-09 4.12127e-11 5.55507e-13
 9.34834e-08 3.28701e-06 6.81416e-05 0.000832901 0.00600441 0.0255662 0.064752 0.1009 0.111033 0.118759 0.140537 0.148678 0.128726 0.0888442 0.0449967 0.0157265 0.0038102 0.000666812 8.66458e-05 8.26528e-06 5.59382e-07 2.59246e-08 7.9838e-10 1.5943e-11 2.02518e-13
 1.45016e-07 4.82551e-06 9.4671e-05 0.00109512 0.00747163 0.0301114 0.0722164 0.106766 0.112225 0.116174 0.134959 0.143358 0.126383 0.0872977 0.0431926 0.0145984 0.00340883 0.000568294 6.86163e-05 5.92085e-06 3.56523e-07 1.46462e-08 4.01909e-10 7.21803e-12 8.32742e-14
 2.21353e-07 6.97069e-06 0.000129423 0.00141687 0.00914947 0.0349159 0.0794646 0.112538 0.116793 0.123017 0.140461 0.141012 0.116126 0.0752069 0.0352539 0.0114371 0.00259513 0.000422366 4.94142e-05 4.06447e-06 2.2876e-07 8.61928e-09 2.13666e-10 3.43372e-12 3.5319e-14
 2.84144e-07 8.46862e-06 0.000148812 0.00154194 0.00942647 0.0340957 0.0739526 0.102192 0.110843 0.128359 0.151352 0.149641 0.119584 0.0739459 0.0326017 0.0098659 0.00208536 0.000317905 3.51577e-05 2.75183e-06 1.47453e-07 5.26049e-09 1.22338e-10 1.82482e-12 1.72418e-14
 4.15083e-07 1.17093e-05 0.000194752 0.00191003 0.0110532 0.0378586 0.0778837 0.102756 0.108381 0.124271 0.146518 0.147873 0.121129 0.075167 0.0327658 0.0098187 0.00206251 0.000309421 3.29562e-05 2.43725e-06 1.22281e-07 4.07913e-09 8.88135e-11 1.24088e-12 1.09665e-14
 5.14115e-07 1.37288e-05 0.000216155 0.00200703 0.0110011 0.0357705 0.0705811 0.0930028 0.106982 0.134886 0.159347 0.153856 0.119764 0.0711743 0.0301898 0.00898379 0.00190316 0.000288283 3.0637e-05 2.22235e-06 1.07482e-07 3.4037e-09 6.95364e-11 9.05043e-13 7.42547e-15
 7.45957e-07 1.88588e-05 0.000281112 0.00247121 0.012826 0.0395112 0.0740408 0.0934951 0.105154 0.131763 0.157384 0.156118 0.122046 0.0692847 0.0268976 0.00714741 0.00135185 0.000187485 1.88555e-05 1.32289e-06 6.22829e-08 1.91261e-09 3.75702e-11 4.657e-13 3.60659e-15
 1.12852e-06 2.70144e-05 0.000381287 0.00317394 0.0156029 0.0455783 0.0813897 0.0996275 0.111531 0.137455 0.156837 0.147442 0.109941 0.0604084 0.0231333 0.00614706 0.00115399 0.000153964 1.44102e-05 9.27356e-07 4.02218e-08 1.15202e-09 2.13468e-11 2.51227e-13 1.85037e-15
#pred catch len freq
 6.71774e-12 7.29467e-10 4.67012e-08 1.76274e-06 3.92278e-05 0.000514719 0.00398332 0.0182089 0.0495499 0.0833319 0.100778 0.120548 0.150521 0.150187 0.113757 0.0767988 0.050571 0.0315053 0.0190027 0.0115456 0.00727459 0.00489741 0.0034638 0.00229941 0.00122016
 3.7627e-12 4.08584e-10 2.6158e-08 9.87339e-07 2.19724e-05 0.000288328 0.00223218 0.0102238 0.028093 0.0494269 0.0696388 0.10522 0.150307 0.161012 0.13476 0.103609 0.0746165 0.0480385 0.0283186 0.0157076 0.00846938 0.00470463 0.00279542 0.00166708 0.000848195
 7.13897e-12 7.75206e-10 4.96294e-08 1.87327e-06 4.1687e-05 0.000546965 0.00423198 0.0193247 0.0523004 0.0856731 0.093362 0.0897744 0.0983258 0.106526 0.10677 0.102194 0.0871176 0.064442 0.0420776 0.0241481 0.0123475 0.00590601 0.00283852 0.00140603 0.000643211
 9.25675e-12 1.00517e-09 6.43521e-08 2.42897e-06 5.40536e-05 0.000709223 0.0054874 0.0250576 0.0678175 0.111101 0.121032 0.115464 0.120715 0.112868 0.0838093 0.0602525 0.0504002 0.044229 0.0348782 0.0231761 0.0128857 0.00608595 0.0025586 0.00102556 0.000391182
 9.75529e-12 1.05931e-09 6.78179e-08 2.55979e-06 5.69648e-05 0.000747422 0.00578304 0.0264096 0.0715037 0.117357 0.128855 0.125381 0.133478 0.12528 0.0910319 0.0585232 0.037932 0.0257588 0.0193166 0.0146484 0.00962228 0.00510108 0.00218095 0.000782938 0.000247101
 1.13254e-11 1.22981e-09 7.87334e-08 2.97179e-06 6.61333e-05 0.00086771 0.00671338 0.0306494 0.0828622 0.135029 0.143777 0.129102 0.12714 0.116398 0.0849623 0.0552914 0.0351504 0.0211685 0.0125136 0.00786193 0.00516588 0.00308621 0.00148191 0.000550086 0.000160252
 1.25682e-11 1.36476e-09 8.7373e-08 3.2979e-06 7.33902e-05 0.000962922 0.00744988 0.0340087 0.091901 0.149409 0.157447 0.13715 0.129808 0.114103 0.0769519 0.0439425 0.0251842 0.0145444 0.00811341 0.00435217 0.00233517 0.00127785 0.000643776 0.00026036 7.86732e-05
 1.13182e-11 1.22903e-09 7.86833e-08 2.96991e-06 6.60913e-05 0.000867166 0.00670942 0.0306371 0.0829087 0.135746 0.147505 0.139639 0.143887 0.129934 0.0864874 0.0469195 0.0245055 0.0124967 0.00616754 0.00300299 0.00142003 0.000652203 0.00029146 0.000116911 3.70345e-05
 1.20057e-11 1.30367e-09 8.34624e-08 3.15029e-06 7.01055e-05 0.000919828 0.00711662 0.0324906 0.0878445 0.143181 0.152604 0.137285 0.134832 0.121067 0.0834135 0.0485342 0.0267546 0.0134533 0.00610028 0.0026056 0.00106862 0.000422388 0.000160014 5.65396e-05 1.71653e-05
 1.2488e-11 1.35605e-09 8.68157e-08 3.27686e-06 7.29221e-05 0.000956781 0.00740242 0.033793 0.0913323 0.148597 0.157122 0.138209 0.132312 0.117052 0.0793574 0.0452655 0.0250285 0.0131226 0.00623912 0.00264895 0.000996656 0.000340077 0.00010811 3.20499e-05 8.51384e-06
 1.30274e-11 1.41462e-09 9.05654e-08 3.41839e-06 7.60716e-05 0.000998103 0.00772204 0.0352503 0.0952458 0.154762 0.162692 0.140689 0.131836 0.114623 0.0753912 0.0405712 0.0210591 0.0106327 0.00502825 0.00219069 0.0008451 0.000280059 7.96345e-05 1.9841e-05 4.38027e-06
 1.36897e-11 1.48654e-09 9.51697e-08 3.59218e-06 7.99391e-05 0.00104884 0.00811449 0.0370392 0.100044 0.162271 0.169242 0.142936 0.130041 0.110855 0.0709181 0.0360484 0.0173293 0.00812382 0.00358607 0.00149087 0.000568792 0.000190664 5.38569e-05 1.25066e-05 2.38925e-06
 1.39509e-11 1.5149e-09 9.69856e-08 3.66072e-06 8.14643e-05 0.00106885 0.00826926 0.0377447 0.101936 0.16523 0.171815 0.143797 0.129311 0.109416 0.0693175 0.0344597 0.0159357 0.00706534 0.00288834 0.00110215 0.000390468 0.000124987 3.47423e-05 7.98314e-06 1.45702e-06
 1.33709e-11 1.45192e-09 9.29535e-08 3.50853e-06 7.80775e-05 0.00102442 0.00792568 0.0361802 0.0977626 0.158886 0.167179 0.144874 0.135635 0.116286 0.0729559 0.0351274 0.01553 0.00661495 0.00258868 0.000928679 0.000303232 8.88655e-05 2.2979e-05 5.05286e-06 8.98367e-07
 1.29573e-11 1.407e-09 9.00777e-08 3.39999e-06 7.5662e-05 0.000992732 0.00768058 0.0350633 0.0947717 0.154243 0.16331 0.144094 0.13778 0.119595 0.0761493 0.0377147 0.017146 0.00728741 0.00275751 0.000942697 0.000291079 7.94355e-05 1.88395e-05 3.804e-06 6.33073e-07
 1.41605e-11 1.53766e-09 9.84425e-08 3.71571e-06 8.2688e-05 0.00108491 0.00839344 0.0383106 0.103452 0.167593 0.173828 0.144345 0.12849 0.108044 0.0679494 0.0332615 0.0150179 0.00644987 0.00249211 0.000857358 0.000258378 6.71231e-05 1.49061e-05 2.77914e-06 4.24289e-07
 1.51536e-11 1.64549e-09 1.05346e-07 3.97629e-06 8.84867e-05 0.00116099 0.00898182 0.0409918 0.110632 0.178739 0.183111 0.146216 0.123391 0.100333 0.0607565 0.0274936 0.0111561 0.00445855 0.00167633 0.000576488 0.00017569 4.57104e-05 9.90451e-06 1.75406e-06 2.49514e-07
 1.48252e-11 1.60984e-09 1.03063e-07 3.89012e-06 8.65692e-05 0.00113583 0.00878732 0.0401067 0.108279 0.175219 0.18083 0.147773 0.128435 0.105266 0.0625846 0.0266851 0.00971594 0.00344135 0.00115328 0.000360496 0.000104335 2.67785e-05 5.80887e-06 1.02149e-06 1.41097e-07
 1.48577e-11 1.61336e-09 1.03289e-07 3.89865e-06 8.67589e-05 0.00113832 0.00880654 0.0401939 0.108506 0.175528 0.180867 0.147103 0.127168 0.104335 0.0627828 0.0276402 0.0105078 0.00373347 0.00116957 0.000324219 8.23867e-05 1.90286e-05 3.87564e-06 6.64504e-07 9.09192e-08
 1.56539e-11 1.69983e-09 1.08825e-07 4.10759e-06 9.14086e-05 0.00119932 0.00927829 0.0423426 0.114247 0.184325 0.187649 0.146778 0.120266 0.0961725 0.0575195 0.0253412 0.00970994 0.00352163 0.00113788 0.000319904 7.7894e-05 1.62125e-05 2.90422e-06 4.46888e-07 5.71527e-08
 1.63525e-11 1.77568e-09 1.13681e-07 4.29088e-06 9.54874e-05 0.00125283 0.00969215 0.0442282 0.119292 0.192121 0.193971 0.147518 0.115784 0.0900878 0.052545 0.0219468 0.0077123 0.00261485 0.000827221 0.000234725 5.83872e-05 1.22458e-05 2.11236e-06 2.96545e-07 3.37404e-08
 1.64685e-11 1.78828e-09 1.14487e-07 4.32132e-06 9.61648e-05 0.00126172 0.00976089 0.0445416 0.120134 0.193451 0.195187 0.1481 0.115747 0.089579 0.0516012 0.0208073 0.00680377 0.00210889 0.000610271 0.000159586 3.7817e-05 7.85848e-06 1.36794e-06 1.91646e-07 2.09717e-08
 1.67407e-11 1.81784e-09 1.1638e-07 4.39275e-06 9.77544e-05 0.00128258 0.00992217 0.0452764 0.122098 0.196477 0.197594 0.148233 0.113767 0.0870645 0.049756 0.0197289 0.00622089 0.00183043 0.000496304 0.000118958 2.55379e-05 4.85702e-06 7.96547e-07 1.08887e-07 1.18557e-08
 1.81611e-11 1.97208e-09 1.26254e-07 4.76547e-06 0.000106049 0.00139139 0.0107637 0.0491092 0.132337 0.212167 0.209675 0.147607 0.101398 0.0725127 0.0404951 0.0157808 0.00482785 0.00136677 0.000356404 8.12908e-05 1.63105e-05 2.84537e-06 4.22835e-07 5.27555e-08 5.38182e-09
 1.84087e-11 1.99897e-09 1.27976e-07 4.83044e-06 0.000107494 0.00141036 0.0109104 0.0497776 0.134127 0.214944 0.211981 0.148049 0.100081 0.0705286 0.0386381 0.01431 0.00389804 0.000949883 0.000223437 4.7986e-05 9.16609e-06 1.51567e-06 2.10384e-07 2.40883e-08 2.23328e-09
 1.86014e-11 2.01989e-09 1.29315e-07 4.881e-06 0.00010862 0.00142512 0.0110245 0.0502977 0.135517 0.217083 0.213669 0.148098 0.0986091 0.0686953 0.037335 0.0135944 0.00354014 0.000793351 0.000167176 3.13538e-05 5.21e-06 7.76894e-07 1.00533e-07 1.08228e-08 9.35918e-10
 1.83442e-11 1.99196e-09 1.27527e-07 4.81351e-06 0.000107118 0.00140542 0.0108722 0.0496037 0.133665 0.214256 0.211547 0.148392 0.101125 0.0715142 0.0389377 0.0140576 0.00356705 0.000762552 0.000152067 2.66393e-05 4.00371e-06 5.23707e-07 5.87868e-08 5.58068e-09 4.39072e-10
 1.8617e-11 2.02158e-09 1.29423e-07 4.88509e-06 0.00010871 0.00142631 0.0110338 0.0503397 0.135629 0.217253 0.213789 0.14806 0.0984264 0.0685087 0.0372568 0.0136045 0.00356377 0.000799233 0.00016367 2.82776e-05 4.05888e-06 4.96152e-07 5.0822e-08 4.27471e-09 2.9271e-10
 1.94234e-11 2.10914e-09 1.35029e-07 5.09668e-06 0.000113419 0.00148809 0.0115115 0.0525155 0.141441 0.226152 0.220611 0.147602 0.0912474 0.0601353 0.0320237 0.0114893 0.00290095 0.000616377 0.000122563 2.14522e-05 3.1779e-06 3.94028e-07 3.95046e-08 3.14492e-09 1.98133e-10
#obs catch len freq
 1.75508e-11 1.69563e-09 9.65838e-08 3.24352e-06 6.42199e-05 0.000749689 0.00516106 0.0209756 0.050624 0.0748215 0.0778294 0.0812279 0.0991009 0.112492 0.114893 0.109752 0.0937015 0.070111 0.0460339 0.0257802 0.0116303 0.00394186 0.000940723 0.000150284 1.55005e-05
 1.54793e-11 1.44244e-09 7.92475e-08 2.56692e-06 4.90215e-05 0.000552011 0.00366697 0.0144082 0.0339596 0.0514747 0.064417 0.0914956 0.12671 0.13849 0.128067 0.111461 0.0900181 0.0657732 0.0425664 0.0231193 0.00986828 0.00310849 0.000683167 0.000100106 9.45636e-06
 1.45877e-12 1.30887e-10 6.92391e-09 2.15961e-07 3.97285e-06 4.31776e-05 0.000279719 0.00113042 0.00342919 0.011015 0.0361202 0.0875735 0.141928 0.167446 0.16615 0.143845 0.104725 0.066622 0.0388941 0.0198474 0.00802481 0.00236874 0.00048189 6.48578e-05 5.60669e-06
 1.7452e-11 1.50524e-09 7.65424e-08 2.29477e-06 4.05619e-05 0.000422725 0.00259808 0.00942798 0.020331 0.0269847 0.0262792 0.0316277 0.0607603 0.120441 0.18233 0.1939 0.150235 0.0927678 0.0489472 0.0221396 0.00809509 0.00220058 0.000414043 5.13769e-05 4.07716e-06
 5.64712e-11 4.67483e-09 2.28162e-07 6.56544e-06 0.000111389 0.00111444 0.00658189 0.0230708 0.0493539 0.0730477 0.103404 0.159731 0.196203 0.157816 0.0879332 0.0491229 0.0375523 0.0282664 0.0164293 0.00718895 0.00237764 0.000577998 9.82052e-05 1.11092e-05 8.07204e-07
 1.4683e-10 1.16494e-08 5.44915e-07 1.50278e-05 0.000244346 0.00234259 0.0132478 0.0442895 0.0885499 0.112168 0.112188 0.125033 0.143823 0.135838 0.105189 0.066433 0.0317402 0.0120052 0.00448332 0.0017205 0.000544527 0.00012322 1.89608e-05 1.929e-06 1.26504e-07
 3.00095e-10 2.27876e-08 1.02018e-06 2.69275e-05 0.000419042 0.00384487 0.020805 0.0664757 0.126256 0.147496 0.123188 0.105771 0.107164 0.102751 0.0865221 0.0603484 0.0317832 0.0123172 0.00366809 0.000914546 0.000203945 3.83198e-05 5.30236e-06 4.91757e-07 2.92535e-08
 3.44698e-10 2.50192e-08 1.07065e-06 2.70124e-05 0.000401814 0.00352436 0.0182372 0.0558315 0.102622 0.121639 0.11938 0.132192 0.14245 0.121967 0.0866619 0.0534305 0.0269135 0.0105883 0.00322865 0.000752448 0.00013279 1.79468e-05 1.85687e-06 1.40613e-07 7.27985e-09
 5.74573e-10 3.98153e-08 1.62665e-06 3.91812e-05 0.000556428 0.00465932 0.0230148 0.0672157 0.117481 0.13046 0.115367 0.115484 0.123352 0.114928 0.0909556 0.0574326 0.0267258 0.00920559 0.00248536 0.000536134 8.84672e-05 1.05842e-05 8.90513e-07 5.20412e-08 2.09016e-09
 9.32499e-10 6.16214e-08 2.40079e-06 5.51462e-05 0.000746837 0.0059638 0.0280941 0.0782713 0.130678 0.139426 0.120258 0.117482 0.119115 0.103437 0.0769263 0.0471872 0.0220896 0.00773515 0.00205176 0.000411394 6.12233e-05 6.59498e-06 4.98362e-07 2.5579e-08 8.69525e-10
 1.39336e-09 8.77133e-08 3.25541e-06 7.12338e-05 0.000919002 0.00699109 0.031378 0.0833468 0.133112 0.137899 0.12014 0.120248 0.121032 0.103064 0.0739972 0.0424101 0.0180182 0.00568147 0.0013849 0.000262055 3.69205e-05 3.69484e-06 2.54006e-07 1.1716e-08 3.55592e-10
 2.08682e-09 1.25018e-07 4.41572e-06 9.1954e-05 0.00112899 0.00817377 0.0349191 0.0883449 0.134843 0.13546 0.118566 0.120448 0.120868 0.102794 0.0729452 0.0400432 0.0157681 0.00446608 0.000954903 0.000158266 1.99014e-05 1.8161e-06 1.15133e-07 4.89369e-09 1.35832e-10
 3.13972e-09 1.78841e-07 6.00597e-06 0.000118916 0.0013882 0.00955629 0.0388251 0.093497 0.136427 0.133421 0.118195 0.121752 0.120779 0.10113 0.0699986 0.0368061 0.0136785 0.00360408 0.000702408 0.000103646 1.14117e-05 9.08951e-07 5.07462e-08 1.9264e-09 4.83519e-11
 4.54508e-09 2.45943e-07 7.84633e-06 0.000147585 0.00163673 0.0107044 0.0413298 0.0947305 0.132542 0.128017 0.118189 0.125621 0.123872 0.102384 0.0692964 0.0351516 0.0125324 0.00316304 0.00058605 8.07503e-05 8.11392e-06 5.77747e-07 2.84328e-08 9.45939e-10 2.08405e-11
 5.50568e-09 2.82802e-07 8.56437e-06 0.000152916 0.00160985 0.00999646 0.0366789 0.0802604 0.109571 0.111641 0.119939 0.1398 0.140698 0.116909 0.0779998 0.0380979 0.0129226 0.00309314 0.000543089 7.07088e-05 6.66674e-06 4.40488e-07 1.98428e-08 5.96168e-10 1.1731e-11
 9.01699e-09 4.3935e-07 1.26212e-05 0.000213764 0.00213471 0.0125735 0.0437525 0.0907049 0.116762 0.110549 0.110254 0.126381 0.133816 0.118818 0.0807433 0.0380776 0.0120728 0.00265342 0.000425064 5.07015e-05 4.41332e-06 2.70437e-07 1.12969e-08 3.13581e-10 5.66758e-12
 1.51685e-08 7.00657e-07 1.90812e-05 0.000306375 0.00290054 0.0161972 0.053451 0.105235 0.129447 0.119326 0.11698 0.126902 0.122937 0.0999803 0.0641985 0.0297954 0.00967505 0.00223105 0.00037017 4.37191e-05 3.60075e-06 2.03404e-07 7.76818e-09 1.97242e-10 3.269e-12
 2.14724e-08 9.39789e-07 2.42505e-05 0.000368944 0.00330973 0.0175163 0.0548342 0.102879 0.123082 0.11723 0.123494 0.13553 0.127354 0.0989063 0.0597876 0.0258531 0.00781672 0.00170352 0.000274761 3.23374e-05 2.67014e-06 1.49145e-07 5.49512e-09 1.31345e-10 2.0132e-12
 2.93339e-08 1.21597e-06 2.9718e-05 0.000428222 0.00363856 0.0182433 0.054163 0.096881 0.113011 0.111276 0.124445 0.139953 0.133927 0.105176 0.0627747 0.0263985 0.00774011 0.00163097 0.000252036 2.82125e-05 2.22084e-06 1.19319e-07 4.26114e-09 9.88496e-11 1.46213e-12
 4.81741e-08 1.89073e-06 4.37508e-05 0.000596892 0.00480197 0.022796 0.0640808 0.108521 0.119802 0.111647 0.11938 0.13157 0.126105 0.0990234 0.0583983 0.0243071 0.00714389 0.00151833 0.000234074 2.5601e-05 1.93235e-06 9.83629e-08 3.31111e-09 7.24081e-11 1.01259e-12
 7.6569e-08 2.84463e-06 6.23077e-05 0.000804662 0.00612795 0.027543 0.0733697 0.118225 0.126213 0.117638 0.125093 0.131076 0.116772 0.0851062 0.0469774 0.0185078 0.00521888 0.00107966 0.000163666 1.76397e-05 1.30471e-06 6.43808e-08 2.07505e-09 4.29808e-11 5.64917e-13
 1.17181e-07 4.12026e-06 8.54149e-05 0.00104401 0.00752522 0.0320195 0.0808211 0.123933 0.128026 0.11933 0.12693 0.130095 0.112386 0.0782335 0.0403828 0.0146188 0.0037487 0.000706751 9.91043e-05 1.0062e-05 7.10343e-07 3.36672e-08 1.04301e-09 2.07028e-11 2.59396e-13
 1.58483e-07 5.27365e-06 0.000103463 0.00119682 0.00816524 0.0329025 0.0788608 0.116241 0.120736 0.121521 0.136222 0.13841 0.115926 0.0769066 0.0370987 0.0123202 0.00284439 0.000475605 5.89456e-05 5.33519e-06 3.4062e-07 1.48167e-08 4.26514e-10 7.93527e-12 9.36761e-14
 2.47544e-07 7.79546e-06 0.000144736 0.00158446 0.0102304 0.0390163 0.0885264 0.123639 0.122077 0.117899 0.129239 0.131918 0.112316 0.0743079 0.0349437 0.0112131 0.00249194 0.00039582 4.54266e-05 3.70994e-06 2.10529e-07 8.11873e-09 2.08377e-10 3.48894e-12 3.74257e-14
 3.78782e-07 1.12892e-05 0.000198373 0.00205533 0.0125609 0.0453607 0.0976384 0.130421 0.12644 0.123226 0.132172 0.127249 0.101126 0.0627468 0.0279796 0.00862664 0.0018637 0.000288742 3.20444e-05 2.48858e-06 1.31698e-07 4.64978e-09 1.07689e-10 1.6127e-12 1.54233e-14
 4.88557e-07 1.37819e-05 0.000229223 0.00224805 0.0130076 0.0445234 0.0913128 0.118852 0.120051 0.128763 0.143218 0.135985 0.104738 0.0619249 0.0259353 0.00745413 0.0015002 0.000217825 2.2861e-05 1.68913e-06 8.50347e-08 2.83939e-09 6.16177e-11 8.55571e-13 7.51025e-15
 7.17089e-07 1.91488e-05 0.000301483 0.00279893 0.0153317 0.0496954 0.096636 0.119874 0.117147 0.123877 0.137885 0.133791 0.105397 0.0623789 0.0258164 0.00734934 0.00146859 0.000209304 2.1098e-05 1.47042e-06 6.9263e-08 2.16194e-09 4.39117e-11 5.70887e-13 4.68499e-15
 9.2164e-07 2.33002e-05 0.000347311 0.00305297 0.0158405 0.048725 0.0906814 0.111349 0.116414 0.133722 0.148695 0.137806 0.103079 0.058454 0.0235759 0.00667435 0.00134511 0.000193261 1.93925e-05 1.32257e-06 5.99314e-08 1.77303e-09 3.3755e-11 4.0854e-13 3.11133e-15
 1.33285e-06 3.19055e-05 0.00045031 0.00374812 0.0184164 0.0536709 0.0948299 0.111424 0.113677 0.130011 0.146659 0.139557 0.104316 0.0562216 0.0206838 0.00522298 0.000941355 0.000124224 1.18232e-05 7.80325e-07 3.43977e-08 9.85622e-10 1.80197e-11 2.0748e-13 1.49021e-15
#spawning biomass
 10093.1 8540.43 7026.72 7609.93 9889.39 14530 18711.1 24752.6 32122.1 47975.6 62875.6 75676.2 98607 113312 121112 115678 111497 101230 99947.8 104913 107707 107997 102470 108354 115701 114930 106637 107071 132195 239812 434629 475666 455626 403294 340977 281720 231368 191381 161011 138650 122549 111145 103164 97588.7 93683.8 91062.1 89302 88120.4 87327 86794.4 86436.8 86196.7 86035.6 85927.3 85854.7 85805.9 85773.2 85751.2 85736.4 85726.5 85719.9 85715.4 85712.4 85710.4 85709 85708.1 85707.5 85707.1 85706.8 85706.7 85706.5 85706.4 85706.4 85706.4 85706.3 85706.3 85706.3 85706.3 85706.3 85706.3 85706.3 85706.3 85706.3 85706.3 85706.3 85706.3 85706.3 85706.3 85706.3 85706.3 85706.3 85706.3 85706.3 85706.3 85706.3 85706.3 85706.3 85706.3 85706.3 85706.3 85706.3 85706.3 85706.3 85706.3 85706.3 85706.3 85706.3 85706.3 85706.3 85706.3 85706.3 85706.3 85706.3 85706.3 85706.3 85706.3 85706.3 85706.3 85706.3 85706.3 85706.3 85706.3 85706.3 85706.3 85706.3 85706.3 85706.3 85706.3 85706.3 0 0 0 0 0 0 0 0 0 0 0 0 0 0 0 0 0 0 0 0 0 0 0 0 0
