SBPRF35
0.0325283
Curr Bio
1.08126e+06
B35
336680
F35
6.95377
FOFL
6.95377
OFL
1.04907e+06
Bzero
9293.79
#pred survey bio
 85023.3 49436.4 43958.7 51095.4 78072.2 145900 197848 240814 281946 375605 466603 345771 444019 421169 405881 399956 477023 416312 391121 399966 504298 425565 434124 423370 519281 486372 368362 460329 1.17575e+07 2.93655e+06 771744 252827 110458 65972.7 52595.1 48771.3 47712.9 47425.2 47347.7 47326.9 47321.3 47319.8 47319.4 47319.3 47319.2 47319.2 47319.2 47319.2 47319.2 47319.2 47319.2 47319.2 47319.2 47319.2 47319.2 47319.2 47319.2 47319.2 47319.2 47319.2 47319.2 47319.2 47319.2 47319.2 47319.2 47319.2 47319.2 47319.2 47319.2 47319.2 47319.2 47319.2 47319.2 47319.2 47319.2 47319.2 47319.2 47319.2 47319.2 47319.2 47319.2 47319.2 47319.2 47319.2 47319.2 47319.2 47319.2 47319.2 47319.2 47319.2 47319.2 47319.2 47319.2 47319.2 47319.2 47319.2 47319.2 47319.2 47319.2 47319.2 47319.2 47319.2 47319.2 47319.2 47319.2 47319.2 47319.2 47319.2 47319.2 47319.2 47319.2 47319.2 47319.2 47319.2 47319.2 47319.2 47319.2 47319.2 47319.2 47319.2 47319.2 47319.2 47319.2 47319.2 47319.2 47319.2 47319.2 47319.2 0 0 0 0 0 0 0 0 0 0 0 0 0 0 0 0 0 0 0 0 0 0 0 0 0
#obs survey bio
 88725.9 57980 36445.8 57720.4 85299.5 140452 197245 240385 292439 407733 570988 315455 429273 405501 371132 374207 442403 398164 386686 373307 568847 458167 453794 442142 543082 412403 329813 441148
#pred catch bio
 46343 16080.1 14568.8 9600.57 16849.7 30544.3 46481.1 64177 90641.9 128910 189294 136054 164900 157930 203237 164196 220884 162181 175779 170352 197242 201365 168120 183021 188156 233363 212735 225101 1.04907e+06 191771 20974.8 4787.76 4262.5 4257.44 4257.42 4257.42 4257.42 4257.42 4257.42 4257.42 4257.42 4257.42 4257.42 4257.42 4257.42 4257.42 4257.42 4257.42 4257.42 4257.42 4257.42 4257.42 4257.42 4257.42 4257.42 4257.42 4257.42 4257.42 4257.42 4257.42 4257.42 4257.42 4257.42 4257.42 4257.42 4257.42 4257.42 4257.42 4257.42 4257.42 4257.42 4257.42 4257.42 4257.42 4257.42 4257.42 4257.42 4257.42 4257.42 4257.42 4257.42 4257.42 4257.42 4257.42 4257.42 4257.42 4257.42 4257.42 4257.42 4257.42 4257.42 4257.42 4257.42 4257.42 4257.42 4257.42 4257.42 4257.42 4257.42 4257.42 4257.42 4257.42 4257.42 4257.42 4257.42 4257.42 4257.42 4257.42 4257.42 4257.42 4257.42 4257.42 4257.42 4257.42 4257.42 4257.42 4257.42 4257.42 4257.42 4257.42 4257.42 4257.42 4257.42 4257.42 4257.42 4257.42 4257.42 4257.42 0 0 0 0 0 0 0 0 0 0 0 0 0 0 0 0 0 0 0 0 0 0 0 0 0
#obs catch bio
 15351.5 15652.9 14846.9 9512.95 16848.9 30532.7 46477.4 64113.6 90746.3 127918 192232 135517 165209 156515 206646 161980 223712 160537 176883 169892 196440 203762 167143 184092 185448 235517 214668 223800
#pred cpue bio
 86262.4 49773 45333.9 51953.8 71861.2 131236 177724 217425 256244 343294 427809 314516 400080 378532 365668 359938 429600 375444 355089 363972 459271 387392 392853 381249 468653 441612 333843 417469 1.07517e+07 2.82838e+06 796042 266064 111289 61641.7 46754 42575 41443.5 41141.9 41061.9 41040.6 41035 41033.4 41033 41032.9 41032.9 41032.9 41032.9 41032.9 41032.9 41032.9 41032.9 41032.9 41032.9 41032.9 41032.9 41032.9 41032.9 41032.9 41032.9 41032.9 41032.9 41032.9 41032.9 41032.9 41032.9 41032.9 41032.9 41032.9 41032.9 41032.9 41032.9 41032.9 41032.9 41032.9 41032.9 41032.9 41032.9 41032.9 41032.9 41032.9 41032.9 41032.9 41032.9 41032.9 41032.9 41032.9 41032.9 41032.9 41032.9 41032.9 41032.9 41032.9 41032.9 41032.9 41032.9 41032.9 41032.9 41032.9 41032.9 41032.9 41032.9 41032.9 41032.9 41032.9 41032.9 41032.9 41032.9 41032.9 41032.9 41032.9 41032.9 41032.9 41032.9 41032.9 41032.9 41032.9 41032.9 41032.9 41032.9 41032.9 41032.9 41032.9 41032.9 41032.9 41032.9 41032.9 41032.9 41032.9 0 0 0 0 0 0 0 0 0 0 0 0 0 0 0 0 0 0 0 0 0 0 0 0 0
#obs cpue bio
 49197.7 49719.1 28477 70795.2 63701.8 152821 178269 220996 233177 317016 393566 284494 472219 393289 386888 366889 501722 386872 354216 355448 475880 321572 396010 334135 499572 544530 310155 476353
#pred surv len freq
 1.88945e-11 8.88707e-10 2.89446e-08 6.52773e-07 1.0194e-05 0.000110234 0.000825445 0.00428052 0.0153777 0.0383248 0.0666234 0.0824985 0.0782963 0.0684926 0.0668904 0.0689949 0.0672431 0.0632856 0.0602119 0.0583036 0.0580518 0.0592793 0.0583555 0.0501244 0.0344191
 1.35671e-11 6.38134e-10 2.07836e-08 4.68723e-07 7.31981e-06 7.91547e-05 0.000592743 0.00307433 0.0110521 0.02762 0.0485301 0.0625197 0.0670565 0.0742376 0.0893288 0.100101 0.0980992 0.0892149 0.0792298 0.0682521 0.0567042 0.0459842 0.0361339 0.0261277 0.0160547
 6.4448e-12 3.03133e-10 9.87284e-09 2.22657e-07 3.47714e-06 3.76014e-05 0.000281588 0.00146076 0.00525531 0.0131719 0.0234077 0.0313977 0.0376029 0.0493899 0.0691412 0.0899482 0.106846 0.118204 0.118902 0.106212 0.0850905 0.0623423 0.0420186 0.0256577 0.0136289
 2.91488e-11 1.37102e-09 4.46532e-08 1.00704e-06 1.57264e-05 0.000170058 0.00127337 0.00660249 0.0237076 0.0589685 0.101717 0.122227 0.104197 0.0676788 0.0421862 0.0364607 0.0443416 0.0583538 0.071181 0.0759084 0.0691519 0.0532565 0.0346486 0.0190951 0.00885775
 4.52689e-11 2.12923e-09 6.93478e-08 1.56396e-06 2.44235e-05 0.000264105 0.00197758 0.010254 0.0368197 0.0915911 0.158044 0.190158 0.162761 0.106271 0.0631971 0.0413648 0.0285673 0.0198047 0.0164314 0.0171494 0.0179715 0.0160718 0.0116051 0.00665632 0.00301468
 3.83295e-11 1.80284e-09 5.87172e-08 1.32422e-06 2.06796e-05 0.000223621 0.00167447 0.0086828 0.0311855 0.0776495 0.134492 0.164206 0.148317 0.113957 0.091699 0.077926 0.0587754 0.0367592 0.0204819 0.0116937 0.0077702 0.00595568 0.00444133 0.00275923 0.00132917
 4.02289e-11 1.89217e-09 6.16269e-08 1.38984e-06 2.17043e-05 0.000234702 0.00175743 0.00911273 0.0327263 0.0814518 0.140846 0.170877 0.150889 0.108936 0.080216 0.066473 0.0544054 0.040687 0.0277908 0.0168788 0.00888263 0.0042517 0.00205885 0.0010298 0.00047271
 3.85873e-11 1.81496e-09 5.91121e-08 1.33313e-06 2.08187e-05 0.000225125 0.00168572 0.00874105 0.0313932 0.0781509 0.135254 0.164641 0.147141 0.109915 0.0852877 0.0723759 0.057952 0.0415735 0.0281267 0.0181701 0.0106278 0.00534828 0.00227158 0.000827161 0.000268327
 3.7303e-11 1.75456e-09 5.71448e-08 1.28876e-06 2.01258e-05 0.000217632 0.00162962 0.00845019 0.0303492 0.0755585 0.130811 0.15944 0.143171 0.108442 0.0862087 0.0749822 0.0616066 0.0455427 0.0314508 0.0203091 0.0118272 0.00605268 0.00266188 0.000975913 0.00029078
 3.64117e-11 1.71263e-09 5.57793e-08 1.25796e-06 1.96449e-05 0.000212432 0.00159068 0.00824831 0.0296246 0.0737586 0.127724 0.155813 0.140355 0.107262 0.0865285 0.0762611 0.0634829 0.0478467 0.033912 0.022493 0.0133846 0.00693796 0.00307063 0.00113287 0.000339502
 3.60961e-11 1.69779e-09 5.52958e-08 1.24706e-06 1.94746e-05 0.000210591 0.0015769 0.00817682 0.0293679 0.07312 0.126622 0.154486 0.139219 0.106532 0.0861629 0.0762309 0.0638684 0.0486674 0.035017 0.0236416 0.014359 0.00760909 0.00343581 0.00128662 0.000389169
 3.83621e-11 1.80437e-09 5.87672e-08 1.32535e-06 2.06972e-05 0.000223811 0.00167588 0.00868999 0.0312092 0.0776873 0.134414 0.163437 0.145496 0.107552 0.0823425 0.0700381 0.0576827 0.0435511 0.0311208 0.0209199 0.0126833 0.00672335 0.00304207 0.00114249 0.000346425
 4.00893e-11 1.88561e-09 6.14131e-08 1.38502e-06 2.16291e-05 0.000233888 0.00175134 0.00908116 0.0326132 0.0811733 0.140384 0.170411 0.150769 0.10941 0.0810141 0.0667052 0.0533227 0.0388189 0.0267433 0.0175679 0.010564 0.00560401 0.00254921 0.000964984 0.00029534
 3.958e-11 1.86166e-09 6.06329e-08 1.36742e-06 2.13543e-05 0.000230917 0.00172909 0.00896587 0.0321999 0.0801524 0.138672 0.16858 0.149949 0.1105 0.0838598 0.0699951 0.0555553 0.0394214 0.0261258 0.0164468 0.00949895 0.00487187 0.00216599 0.000810385 0.000247133
 3.89084e-11 1.83006e-09 5.9604e-08 1.34422e-06 2.09919e-05 0.000226998 0.00169975 0.00881376 0.031654 0.0787975 0.136354 0.165891 0.147974 0.109956 0.0846827 0.0716938 0.0576635 0.0415479 0.027834 0.0174347 0.00983563 0.00486588 0.00207928 0.000750695 0.000222677
 3.93139e-11 1.84914e-09 6.02252e-08 1.35823e-06 2.12107e-05 0.000229364 0.00171746 0.00890558 0.0319834 0.0796138 0.137742 0.16746 0.148991 0.109903 0.0836506 0.0702712 0.0564639 0.0408226 0.0275015 0.0173071 0.00975897 0.00477606 0.00199101 0.000692318 0.000196304
 3.92497e-11 1.84612e-09 6.01268e-08 1.35601e-06 2.1176e-05 0.000228989 0.00171466 0.00889103 0.0319312 0.0794843 0.137521 0.167204 0.148806 0.109853 0.0837091 0.0703475 0.0564863 0.0408124 0.0275502 0.0174648 0.0099743 0.0049585 0.00209665 0.000735229 0.00020843
 3.85875e-11 1.81497e-09 5.91125e-08 1.33313e-06 2.08188e-05 0.000225126 0.00168573 0.0087411 0.0313934 0.0781514 0.135255 0.164642 0.147145 0.109942 0.0854068 0.0727079 0.0585277 0.0421271 0.0282319 0.0177448 0.010051 0.0049649 0.00209276 0.000733713 0.000208163
 3.7121e-11 1.746e-09 5.68659e-08 1.28247e-06 2.00276e-05 0.00021657 0.00162167 0.00840898 0.0302015 0.0751936 0.130199 0.158785 0.142874 0.108821 0.0872107 0.0761494 0.0624299 0.0458507 0.0313803 0.0200268 0.0114405 0.00567891 0.00240302 0.000846232 0.000241486
 3.7272e-11 1.7531e-09 5.70973e-08 1.28768e-06 2.01091e-05 0.000217451 0.00162827 0.00844315 0.0303237 0.0754936 0.130688 0.159241 0.142835 0.107872 0.0854425 0.0743424 0.0615076 0.0460963 0.0323607 0.0211356 0.0123027 0.0061965 0.00264737 0.000936789 0.000267777
 3.73304e-11 1.75585e-09 5.71867e-08 1.2897e-06 2.01406e-05 0.000217792 0.00163082 0.00845638 0.0303712 0.0756112 0.130889 0.159469 0.142987 0.107865 0.0852475 0.073959 0.0609722 0.0455622 0.0320791 0.021235 0.0126505 0.00655273 0.00287726 0.00104234 0.000303599
 3.7362e-11 1.75733e-09 5.72352e-08 1.2908e-06 2.01576e-05 0.000217976 0.0016322 0.00846354 0.030397 0.0756756 0.131002 0.159614 0.143139 0.108024 0.0854119 0.0740781 0.0609647 0.0453923 0.031797 0.0209511 0.0124651 0.00648878 0.00288459 0.00106395 0.000316234
 3.8912e-11 1.83024e-09 5.96096e-08 1.34434e-06 2.09939e-05 0.000227019 0.00169991 0.00881454 0.0316564 0.0787994 0.13633 0.165729 0.147409 0.108671 0.0827352 0.0698187 0.056803 0.0420382 0.0292639 0.0191305 0.0112717 0.00580597 0.00255783 0.000938557 0.000278928
 3.96865e-11 1.86666e-09 6.0796e-08 1.3711e-06 2.14117e-05 0.000231537 0.00173374 0.00898994 0.032286 0.0803634 0.139014 0.168889 0.149881 0.109742 0.0824839 0.0686115 0.0548904 0.0396956 0.026981 0.0173728 0.0101765 0.00523424 0.00230444 0.000844878 0.00025098
 3.84161e-11 1.80691e-09 5.88498e-08 1.32721e-06 2.07263e-05 0.000224126 0.00167824 0.00870227 0.0312541 0.0778064 0.13467 0.163984 0.146733 0.11 0.0858778 0.0732878 0.0589086 0.042239 0.0282267 0.0177882 0.0101858 0.00513405 0.00222818 0.000810373 0.000239786
 3.72604e-11 1.75255e-09 5.70795e-08 1.28728e-06 2.01028e-05 0.000217384 0.00162776 0.00844055 0.0303147 0.0754735 0.130671 0.159302 0.143152 0.108646 0.0866284 0.0754664 0.0619735 0.0457103 0.0314223 0.0201047 0.0115056 0.00573575 0.00245117 0.000877988 0.000256646
 3.82088e-11 1.79716e-09 5.85324e-08 1.32005e-06 2.06145e-05 0.000222917 0.00166919 0.00865531 0.0310851 0.0773828 0.133917 0.162974 0.145537 0.108529 0.0842085 0.0720859 0.0590324 0.0438108 0.0304595 0.0197439 0.0114237 0.00571816 0.00242664 0.000853535 0.00024315
 3.75375e-11 1.76558e-09 5.7504e-08 1.29686e-06 2.02523e-05 0.000219 0.00163987 0.0085033 0.0305399 0.0760333 0.131633 0.16044 0.144059 0.10907 0.0865641 0.074958 0.0610495 0.0445646 0.0304497 0.0195798 0.0113591 0.00573678 0.00245908 0.000870905 0.000248289
#obs surv len freq
 2.45576e-11 1.15507e-09 3.76199e-08 8.48425e-07 1.32494e-05 0.000143274 0.00107285 0.00556341 0.0199858 0.0498021 0.0865268 0.106914 0.10072 0.0864999 0.0823242 0.0826506 0.0775278 0.0688081 0.0603568 0.0518042 0.0425096 0.0327615 0.0229759 0.0139949 0.00704352
 5.24337e-12 2.46623e-10 8.03235e-09 1.81151e-07 2.82897e-06 3.05932e-05 0.000229138 0.00118933 0.00428816 0.0108401 0.0198893 0.0295437 0.0436805 0.0697523 0.102145 0.121411 0.11973 0.108096 0.0957259 0.0827361 0.068189 0.0525528 0.0366882 0.0221919 0.0110878
 1.83394e-14 8.62614e-13 2.80969e-11 6.3385e-10 9.91047e-09 1.07683e-07 8.21642e-07 4.57613e-06 2.09417e-05 9.67697e-05 0.000474994 0.00206018 0.00688995 0.01747 0.035549 0.0628035 0.0988391 0.133427 0.150257 0.144188 0.123337 0.0962408 0.0673988 0.0406978 0.0202431
 5.2966e-11 2.49126e-09 8.11389e-08 1.82989e-06 2.85763e-05 0.00030901 0.0023138 0.0119968 0.0430717 0.107079 0.184333 0.219731 0.181382 0.103745 0.0413925 0.0124706 0.00534324 0.00698531 0.0113131 0.0152936 0.0167308 0.0149944 0.0111613 0.00688326 0.0034403
 3.42854e-11 1.61262e-09 5.2522e-08 1.18451e-06 1.84978e-05 0.000200028 0.00149783 0.00776723 0.027903 0.0695329 0.120822 0.14934 0.140702 0.119999 0.109718 0.0978408 0.0698316 0.0365706 0.0149166 0.00722733 0.00657767 0.00699302 0.00613952 0.00419429 0.0022075
 4.12165e-11 1.93863e-09 6.31398e-08 1.42396e-06 2.22372e-05 0.000240464 0.00180057 0.00933633 0.0335279 0.0834321 0.144171 0.174444 0.152549 0.107046 0.075309 0.0614312 0.0521448 0.0413283 0.0289942 0.0169321 0.00821604 0.00398905 0.00247053 0.00166994 0.000943609
 3.85797e-11 1.8146e-09 5.91004e-08 1.33286e-06 2.08146e-05 0.00022508 0.00168539 0.00873935 0.0313875 0.0781401 0.135259 0.164756 0.147586 0.110909 0.0866247 0.0731683 0.0573195 0.03978 0.0264559 0.0174766 0.0106752 0.00561012 0.00256461 0.0011216 0.000493578
 3.75876e-11 1.76794e-09 5.75806e-08 1.29859e-06 2.02793e-05 0.000219292 0.00164205 0.00851463 0.0305807 0.0761331 0.131798 0.160602 0.14408 0.10883 0.0860857 0.0744345 0.0606601 0.0442812 0.0301768 0.0194413 0.0115743 0.00625312 0.00299405 0.00123768 0.000441086
 3.5799e-11 1.68381e-09 5.48407e-08 1.2368e-06 1.93143e-05 0.000208858 0.00156392 0.00810958 0.0291271 0.0725261 0.125634 0.153471 0.13891 0.107528 0.0882896 0.0783757 0.0647977 0.048123 0.0337595 0.0225511 0.0138181 0.00755558 0.00362366 0.00149158 0.00051438
 3.58308e-11 1.68531e-09 5.48893e-08 1.23789e-06 1.93315e-05 0.000209043 0.00156531 0.00811673 0.0291523 0.0725845 0.125704 0.153413 0.138398 0.106202 0.0862253 0.0763833 0.0638748 0.0485635 0.0350777 0.0241116 0.0152141 0.00857921 0.00422611 0.00176797 0.000610675
 3.5919e-11 1.68946e-09 5.50245e-08 1.24094e-06 1.93791e-05 0.000209558 0.00156916 0.00813672 0.0292242 0.0727636 0.126017 0.153803 0.138776 0.106523 0.0864287 0.0762744 0.0632575 0.0475749 0.0342066 0.0237536 0.0153495 0.00892682 0.0045398 0.00195488 0.000690601
 3.96225e-11 1.86365e-09 6.06979e-08 1.36889e-06 2.13772e-05 0.000231164 0.00173094 0.00897539 0.0322333 0.0802265 0.138739 0.168377 0.148856 0.107802 0.0796463 0.0657704 0.0532483 0.039764 0.0284473 0.0196428 0.0126736 0.00743384 0.0038559 0.00170521 0.000619392
 3.96674e-11 1.86576e-09 6.07667e-08 1.37044e-06 2.14014e-05 0.000231426 0.00173291 0.00898565 0.0322711 0.0803288 0.138973 0.168932 0.150208 0.110547 0.0835916 0.0692598 0.0542671 0.037891 0.0250658 0.0163824 0.0103032 0.00599187 0.0031118 0.00138958 0.000513329
 3.86802e-11 1.81933e-09 5.92543e-08 1.33634e-06 2.08688e-05 0.000225667 0.00168978 0.00876209 0.0314689 0.07834 0.135586 0.165069 0.147597 0.1104 0.085799 0.072742 0.0578649 0.0408226 0.0268469 0.0169133 0.0100078 0.00547564 0.00272921 0.00119678 0.000441178
 3.83175e-11 1.80227e-09 5.86988e-08 1.32381e-06 2.06731e-05 0.000223551 0.00167394 0.00867995 0.031174 0.0776065 0.134322 0.163553 0.146321 0.109638 0.0855345 0.0729774 0.0587073 0.0422205 0.0284287 0.0182015 0.0107422 0.00571873 0.00271941 0.00113398 0.000402251
 3.92946e-11 1.84823e-09 6.01955e-08 1.35756e-06 2.12003e-05 0.000229251 0.00171662 0.00890119 0.0319677 0.0795739 0.137668 0.167351 0.148828 0.10963 0.0832017 0.0696214 0.0556737 0.0401172 0.0272402 0.0176974 0.0106288 0.00572781 0.00271572 0.00110779 0.000379247
 3.85882e-11 1.815e-09 5.91135e-08 1.33316e-06 2.08192e-05 0.00022513 0.00168576 0.00874126 0.0313942 0.0781542 0.135267 0.164689 0.147287 0.110229 0.085731 0.0727063 0.0578519 0.0409326 0.027198 0.01745 0.0104861 0.00570538 0.00273707 0.00112361 0.000382893
 3.79285e-11 1.78397e-09 5.81028e-08 1.31037e-06 2.04632e-05 0.000221281 0.00165694 0.00859184 0.0308578 0.076822 0.132982 0.162005 0.145208 0.109384 0.0860688 0.0739149 0.0596868 0.0430749 0.0291258 0.0187533 0.0111645 0.00600636 0.00286836 0.00118082 0.00040453
 3.52509e-11 1.65803e-09 5.4001e-08 1.21786e-06 1.90186e-05 0.00020566 0.00153998 0.00798548 0.0286821 0.071425 0.123774 0.151422 0.137769 0.108122 0.0904716 0.08105 0.0667587 0.0489164 0.0336864 0.0221233 0.0133932 0.00727118 0.00347318 0.0014236 0.000485994
 3.82259e-11 1.79796e-09 5.85585e-08 1.32064e-06 2.06237e-05 0.000223016 0.00166993 0.00865912 0.0310984 0.07741 0.133926 0.162809 0.144823 0.106826 0.0815574 0.069395 0.05748 0.0438709 0.0317873 0.0217321 0.0135302 0.00750693 0.00364634 0.0015101 0.000517603
 3.57854e-11 1.68317e-09 5.48199e-08 1.23633e-06 1.9307e-05 0.000208778 0.00156333 0.00810653 0.0291165 0.0725029 0.125615 0.153548 0.139292 0.108427 0.0895422 0.0792051 0.0643732 0.0465317 0.0320538 0.021684 0.0138645 0.00800492 0.00402897 0.00171281 0.000597577
 3.80207e-11 1.78831e-09 5.82441e-08 1.31355e-06 2.0513e-05 0.000221819 0.00166097 0.00861265 0.0309318 0.0769987 0.133237 0.162075 0.144506 0.107293 0.0827329 0.0707024 0.0582502 0.0438501 0.031217 0.0210691 0.0131363 0.00745949 0.00378266 0.00164856 0.000591994
 3.90087e-11 1.83478e-09 5.97576e-08 1.34769e-06 2.1046e-05 0.000227583 0.00170413 0.00883645 0.0317353 0.0789967 0.136679 0.166189 0.147926 0.109234 0.0832008 0.0697107 0.055653 0.0401014 0.0275517 0.0184832 0.0116764 0.00668943 0.00338372 0.00146943 0.000530469
 3.93063e-11 1.84878e-09 6.02135e-08 1.35797e-06 2.12066e-05 0.000229319 0.00171713 0.00890385 0.0319774 0.0795989 0.137718 0.167442 0.149006 0.109951 0.0836234 0.0699077 0.0555444 0.0395422 0.0265097 0.0171805 0.0105003 0.00589762 0.00296848 0.00129163 0.000467426
 3.68019e-11 1.73098e-09 5.6377e-08 1.27144e-06 1.98554e-05 0.000214709 0.00160773 0.00833674 0.0299427 0.0745544 0.129129 0.157655 0.14241 0.109586 0.0889913 0.0778437 0.0628699 0.044912 0.0300202 0.019248 0.0115207 0.00628553 0.00307329 0.00130974 0.000469066
 3.74832e-11 1.76303e-09 5.74207e-08 1.29498e-06 2.0223e-05 0.000218683 0.00163749 0.00849097 0.0304955 0.0759192 0.131414 0.160074 0.143413 0.107937 0.0849797 0.0734796 0.0603861 0.044911 0.0314346 0.0207712 0.0125409 0.0067896 0.00325754 0.00135462 0.000473704
 3.80247e-11 1.7885e-09 5.82502e-08 1.31369e-06 2.05151e-05 0.000221842 0.00166115 0.0086136 0.0309357 0.0770128 0.133291 0.162284 0.145144 0.108673 0.0847142 0.0723544 0.0585209 0.0426937 0.0295933 0.0198119 0.0123327 0.00688433 0.00335823 0.00139572 0.000481828
 3.62117e-11 1.70323e-09 5.5473e-08 1.25106e-06 1.9537e-05 0.000211266 0.00158195 0.00820307 0.0294628 0.0733615 0.127077 0.155212 0.140412 0.108506 0.0887458 0.0782282 0.0638336 0.0464004 0.0318029 0.0210013 0.0129727 0.00728143 0.00361513 0.00153357 0.000536753
#pred catch len freq
 1.79422e-11 8.43917e-10 2.74858e-08 6.19874e-07 9.68024e-06 0.000104679 0.000783847 0.00406486 0.0146038 0.0364043 0.0633411 0.0786994 0.0755414 0.0678342 0.0682874 0.0718316 0.0710351 0.0677423 0.064845 0.0622904 0.0604026 0.0591655 0.0557553 0.0462521 0.031005
 1.2088e-11 5.68562e-10 1.85177e-08 4.1762e-07 6.52177e-06 7.05251e-05 0.000528126 0.00273929 0.00984911 0.0246279 0.04337 0.0563264 0.0618149 0.0710032 0.0879102 0.100276 0.100134 0.0931613 0.0844083 0.0735834 0.0612097 0.0490355 0.037616 0.0264553 0.0158742
 5.54546e-12 2.60832e-10 8.49514e-09 1.91587e-07 2.99193e-06 3.23545e-05 0.000242299 0.00125702 0.00452336 0.0113477 0.0202365 0.0274722 0.0338934 0.0462491 0.0664856 0.0882749 0.107166 0.120941 0.123418 0.111278 0.0894746 0.0652256 0.0432855 0.0258199 0.0133743
 2.60699e-11 1.22621e-09 3.99367e-08 9.00672e-07 1.40653e-05 0.000152096 0.00113887 0.00590514 0.0212039 0.0527443 0.0910025 0.109459 0.0936803 0.0617747 0.040268 0.0371962 0.0473945 0.064034 0.0794095 0.0856155 0.0784608 0.0604485 0.0390981 0.0212878 0.00971074
 4.35789e-11 2.04974e-09 6.67588e-08 1.50558e-06 2.35117e-05 0.000254246 0.00190376 0.0098712 0.035446 0.0881799 0.1522 0.183326 0.157563 0.104314 0.0640711 0.0435838 0.0309637 0.0221765 0.0191934 0.0205608 0.0216945 0.0193652 0.0138935 0.00788907 0.00352621
 3.66255e-11 1.72269e-09 5.61068e-08 1.26535e-06 1.97602e-05 0.000213679 0.00160003 0.0082969 0.0298009 0.0742152 0.128634 0.157484 0.143624 0.113244 0.094625 0.0825425 0.063184 0.0401497 0.0228966 0.0134244 0.00909332 0.00700816 0.00520484 0.00320765 0.00153022
 3.85178e-11 1.8117e-09 5.90058e-08 1.33073e-06 2.07812e-05 0.000224719 0.00168269 0.00872525 0.0313357 0.0780009 0.134947 0.164045 0.145913 0.10765 0.0823719 0.0705888 0.059106 0.0451613 0.031472 0.0193979 0.0103057 0.00495227 0.00238577 0.00117833 0.000533772
 3.68644e-11 1.73393e-09 5.64729e-08 1.2736e-06 1.98892e-05 0.000215073 0.00161046 0.00835088 0.029993 0.0746766 0.129318 0.157777 0.142178 0.108714 0.0875557 0.0764929 0.0624338 0.0457184 0.0316465 0.0208257 0.0123245 0.00623892 0.00264902 0.000956163 0.00030463
 3.55778e-11 1.67341e-09 5.45019e-08 1.22915e-06 1.9195e-05 0.000207567 0.00155426 0.00805948 0.0289471 0.0720789 0.124864 0.152551 0.138149 0.107127 0.0883275 0.0790018 0.0661295 0.049839 0.0351079 0.0230189 0.0135358 0.00696381 0.00306613 0.00112061 0.000331295
 3.46761e-11 1.631e-09 5.31206e-08 1.198e-06 1.87085e-05 0.000202307 0.00151487 0.00785527 0.028214 0.0702578 0.121738 0.148869 0.135259 0.105841 0.0885096 0.0801556 0.0679584 0.052204 0.0377139 0.0253694 0.0152224 0.00792026 0.00350413 0.00128767 0.000383304
 3.45216e-11 1.62373e-09 5.28839e-08 1.19266e-06 1.86252e-05 0.000201405 0.00150812 0.00782026 0.0280883 0.0699442 0.121192 0.148191 0.134612 0.105278 0.088015 0.0798197 0.0679604 0.0526179 0.0384358 0.0262073 0.0159821 0.00846415 0.0038047 0.00141378 0.00042336
 3.67824e-11 1.73007e-09 5.63472e-08 1.27077e-06 1.98449e-05 0.000214595 0.00160688 0.00833223 0.0299253 0.074501 0.128966 0.157125 0.140885 0.106318 0.0842345 0.0736612 0.0617769 0.0474707 0.0345016 0.0234659 0.0143099 0.00759396 0.00342598 0.00127868 0.000384411
 3.8608e-11 1.81594e-09 5.91439e-08 1.33384e-06 2.08299e-05 0.000225246 0.00168663 0.0087457 0.0314094 0.0781863 0.135281 0.164513 0.146517 0.108412 0.0830211 0.0703093 0.0572209 0.0423795 0.0297086 0.0197623 0.0119578 0.00635028 0.00287959 0.00108295 0.000328527
 3.8106e-11 1.79232e-09 5.83748e-08 1.3165e-06 2.0559e-05 0.000222317 0.0016647 0.00863205 0.031002 0.0771805 0.133597 0.162728 0.14577 0.109626 0.0860388 0.0737626 0.0595294 0.0429357 0.0289495 0.0184628 0.0107355 0.00551406 0.00244416 0.000908435 0.000274532
 3.76003e-11 1.76854e-09 5.76002e-08 1.29903e-06 2.02862e-05 0.000219367 0.00164261 0.00851753 0.030591 0.0761604 0.131853 0.160705 0.144289 0.109233 0.0867048 0.0751441 0.061286 0.0447192 0.0303235 0.0191385 0.0108152 0.00533234 0.00226102 0.00080717 0.000236194
 3.78496e-11 1.78026e-09 5.79821e-08 1.30764e-06 2.04207e-05 0.000220821 0.0016535 0.00857398 0.0307935 0.0766614 0.1327 0.161641 0.14482 0.108992 0.0857575 0.0739794 0.0604413 0.044402 0.0303988 0.0193548 0.0109793 0.00538131 0.00223786 0.000773485 0.000217365
 3.79022e-11 1.78274e-09 5.80627e-08 1.30946e-06 2.04491e-05 0.000221128 0.0016558 0.00858589 0.0308362 0.0767677 0.132882 0.161857 0.144992 0.109069 0.0857289 0.0738341 0.0601733 0.0440754 0.0301524 0.0192834 0.0110469 0.00548336 0.00230654 0.000802194 0.000225029
 3.70861e-11 1.74435e-09 5.68124e-08 1.28126e-06 2.00088e-05 0.000216367 0.00162015 0.00840108 0.0301732 0.075124 0.130085 0.158675 0.142868 0.109007 0.0875653 0.0765042 0.0625939 0.0457824 0.0311935 0.0198469 0.0113145 0.00559943 0.00235564 0.000821614 0.000231335
 3.56421e-11 1.67644e-09 5.46004e-08 1.23138e-06 1.92297e-05 0.000207942 0.00155707 0.00807407 0.0289997 0.0722115 0.125105 0.1529 0.138637 0.107848 0.0892627 0.07983 0.0664348 0.0495119 0.0343781 0.0221557 0.0127095 0.00630669 0.00265777 0.000929193 0.000262648
 3.57108e-11 1.67966e-09 5.47055e-08 1.23375e-06 1.92667e-05 0.000208343 0.00156007 0.00808957 0.0290549 0.0723448 0.125307 0.153011 0.138306 0.106717 0.0874161 0.0780435 0.0656528 0.0500136 0.0356706 0.0235528 0.0137837 0.00694984 0.00296146 0.00104185 0.000295364
 3.57641e-11 1.68217e-09 5.47873e-08 1.23559e-06 1.92955e-05 0.000208654 0.0015624 0.00810166 0.0290983 0.0724523 0.12549 0.153218 0.13844 0.106699 0.0872107 0.0776397 0.0650823 0.0494447 0.0353829 0.0236874 0.0141888 0.00735652 0.0032212 0.0011601 0.000335159
 3.59245e-11 1.68972e-09 5.5033e-08 1.24113e-06 1.93821e-05 0.00020959 0.0015694 0.00813799 0.0292287 0.0727767 0.126049 0.153888 0.139004 0.107038 0.0873427 0.0775859 0.0648082 0.0489408 0.0347439 0.0230845 0.0137679 0.00715055 0.00315961 0.00115507 0.000339652
 3.73963e-11 1.75894e-09 5.72877e-08 1.29198e-06 2.01761e-05 0.000218177 0.0016337 0.00847129 0.0304246 0.0757428 0.131107 0.159688 0.143035 0.1076 0.0847219 0.0734645 0.0608192 0.0457716 0.0323915 0.0214209 0.0126933 0.00654472 0.00287465 0.00104817 0.000308821
 3.8259e-11 1.79952e-09 5.86092e-08 1.32178e-06 2.06416e-05 0.000223209 0.00167138 0.00866667 0.031126 0.0774852 0.134098 0.163215 0.145814 0.108849 0.0845254 0.0721987 0.0587218 0.0431362 0.029784 0.0193906 0.0114148 0.00587102 0.00257421 0.000936816 0.00027559
 3.68672e-11 1.73405e-09 5.6477e-08 1.2737e-06 1.98906e-05 0.000215089 0.00161058 0.0083515 0.0299954 0.0746833 0.129336 0.157826 0.142314 0.10902 0.0880784 0.0771713 0.0630721 0.0459894 0.0312815 0.0199796 0.011526 0.00582427 0.00252352 0.000912994 0.00026804
 3.58802e-11 1.68763e-09 5.49651e-08 1.2396e-06 1.93582e-05 0.000209331 0.00156747 0.00812798 0.029193 0.0726905 0.125918 0.153815 0.139216 0.107777 0.0886036 0.0789642 0.0657504 0.0491284 0.0341859 0.0220366 0.0126338 0.00627971 0.00266507 0.000944912 0.000272786
 3.69313e-11 1.73707e-09 5.65753e-08 1.27591e-06 1.99252e-05 0.000215464 0.00161338 0.00836599 0.0300469 0.074807 0.129518 0.1579 0.141907 0.107755 0.0860824 0.075366 0.0625457 0.0469622 0.032988 0.0214995 0.0124383 0.0061976 0.00260856 0.000907278 0.000255001
 3.61181e-11 1.69882e-09 5.53296e-08 1.24782e-06 1.94865e-05 0.000210719 0.00157786 0.00818186 0.0293865 0.0731714 0.126745 0.154798 0.140013 0.108181 0.0885957 0.0785391 0.0648929 0.0480293 0.0332648 0.0215812 0.0125591 0.00633345 0.00270105 0.000948986 0.000267825
#obs catch len freq
 2.3924e-11 1.12527e-09 3.66492e-08 8.26533e-07 1.29075e-05 0.000139577 0.00104517 0.00541992 0.019471 0.0485252 0.0843498 0.10442 0.0989913 0.0862729 0.0834718 0.0844188 0.0791338 0.0698495 0.0608471 0.0520588 0.0428844 0.0333329 0.0235709 0.014456 0.00732766
 2.34324e-11 1.10215e-09 3.58962e-08 8.09551e-07 1.26423e-05 0.00013671 0.00102369 0.00530859 0.0190714 0.0475327 0.0826479 0.102422 0.0974467 0.0856361 0.0836498 0.0850794 0.0800802 0.0710842 0.0623222 0.0534697 0.0438657 0.0338018 0.0237036 0.0144375 0.0072661
 4.89391e-12 2.30186e-10 7.49702e-09 1.69077e-07 2.64043e-06 2.85545e-05 0.000213872 0.00111019 0.00400418 0.0101355 0.0186865 0.0281575 0.042693 0.0695493 0.102656 0.122263 0.120575 0.108793 0.0962823 0.0831826 0.0685403 0.052816 0.0368689 0.0223002 0.0111417
 1.70464e-14 8.01796e-13 2.61161e-11 5.89179e-10 9.21289e-09 1.00141e-07 7.6521e-07 4.28437e-06 1.9906e-05 9.43118e-05 0.000471561 0.00205988 0.00690214 0.0175053 0.0356081 0.0628698 0.0988894 0.133448 0.150246 0.14415 0.123285 0.0961883 0.067357 0.0406708 0.0202292
 5.26133e-11 2.47467e-09 8.05985e-08 1.8177e-06 2.8386e-05 0.000306952 0.0022984 0.0119169 0.0427849 0.106366 0.183106 0.218268 0.180175 0.10306 0.0411438 0.0124776 0.00554262 0.0074288 0.0120615 0.0163064 0.0178378 0.0159858 0.0118987 0.00733781 0.00366741
 3.33122e-11 1.56685e-09 5.10311e-08 1.15088e-06 1.79727e-05 0.00019435 0.00145531 0.00754686 0.0271125 0.0675744 0.117496 0.145593 0.13832 0.120253 0.112359 0.101331 0.0725858 0.0380481 0.0155172 0.00750811 0.00682476 0.00725371 0.00636811 0.00435039 0.00228962
 4.04266e-11 1.90147e-09 6.19297e-08 1.39667e-06 2.1811e-05 0.000235855 0.00176606 0.00915743 0.032886 0.0818401 0.141456 0.171331 0.150385 0.106747 0.0767426 0.0637329 0.0544535 0.0432022 0.0303003 0.0176891 0.00858122 0.00416502 0.00257873 0.00174287 0.000984784
 3.77341e-11 1.77483e-09 5.78051e-08 1.30365e-06 2.03584e-05 0.000220147 0.00164846 0.00854788 0.0307006 0.0764371 0.13236 0.161454 0.145367 0.1108 0.088444 0.075813 0.0596907 0.0414567 0.0275555 0.0181914 0.0111077 0.00583636 0.0026677 0.00116657 0.000513326
 3.67313e-11 1.72766e-09 5.62688e-08 1.269e-06 1.98173e-05 0.000214297 0.00160465 0.00832072 0.0298849 0.0744081 0.128859 0.157247 0.141797 0.108643 0.0878237 0.0770414 0.0630839 0.046079 0.0313859 0.0202092 0.0120272 0.00649634 0.00311008 0.00128554 0.000458117
 3.5e-11 1.64623e-09 5.36166e-08 1.20919e-06 1.88833e-05 0.000204196 0.00152902 0.00792864 0.0284779 0.0709164 0.122891 0.150338 0.13677 0.107331 0.0898751 0.0807682 0.0670317 0.0497985 0.0349137 0.0233088 0.0142774 0.00780508 0.00374284 0.00154052 0.000531227
 3.51599e-11 1.65375e-09 5.38617e-08 1.21472e-06 1.89696e-05 0.000205129 0.001536 0.00796482 0.0286073 0.0712329 0.123401 0.150778 0.136588 0.106007 0.0875108 0.0783484 0.0657305 0.0499804 0.0360768 0.0247838 0.0156327 0.00881349 0.00434097 0.00181588 0.000627195
 3.52284e-11 1.65697e-09 5.39666e-08 1.21708e-06 1.90065e-05 0.000205529 0.00153899 0.00798033 0.028663 0.0713722 0.123645 0.151091 0.136916 0.106329 0.0877609 0.0783001 0.0651568 0.0490115 0.0352155 0.0244395 0.0157871 0.00917942 0.00466769 0.00200981 0.000709976
 3.90872e-11 1.83847e-09 5.98779e-08 1.3504e-06 2.10884e-05 0.000228041 0.00170756 0.00885417 0.0317984 0.079148 0.136901 0.166275 0.147416 0.107656 0.080686 0.0673477 0.0547242 0.0408755 0.029222 0.020165 0.0130057 0.00762696 0.00395557 0.00174916 0.00063533
 3.91163e-11 1.83984e-09 5.99225e-08 1.3514e-06 2.11041e-05 0.000228211 0.00170883 0.00886086 0.0318233 0.0792188 0.137084 0.166779 0.14876 0.110472 0.0847736 0.0709837 0.0558175 0.0389854 0.0257711 0.0168311 0.0105807 0.00615181 0.00319444 0.00142638 0.000526899
 3.81218e-11 1.79307e-09 5.8399e-08 1.31704e-06 2.05676e-05 0.000222409 0.00166539 0.00863565 0.0310153 0.0772154 0.133672 0.162888 0.14613 0.110327 0.0870022 0.0745017 0.0594579 0.041955 0.0275721 0.0173582 0.0102666 0.00561581 0.00279864 0.00122711 0.00045234
 3.77714e-11 1.77659e-09 5.78622e-08 1.30494e-06 2.03785e-05 0.000220365 0.00165008 0.00855629 0.0307303 0.0765065 0.132449 0.161417 0.144879 0.109549 0.0866873 0.0746777 0.0602611 0.0433437 0.0291639 0.0186598 0.0110081 0.00585894 0.00278566 0.0011615 0.000411991
 3.87981e-11 1.82488e-09 5.9435e-08 1.34041e-06 2.09324e-05 0.000226355 0.00169493 0.00878877 0.0315644 0.0785739 0.135966 0.16541 0.147516 0.109546 0.0842438 0.0711603 0.0570805 0.0411358 0.0279111 0.018121 0.0108788 0.00586113 0.00277854 0.00113332 0.000387966
 3.7982e-11 1.78649e-09 5.81849e-08 1.31222e-06 2.04921e-05 0.000221594 0.00165928 0.00860399 0.0309017 0.0769332 0.133188 0.16232 0.145691 0.110142 0.0870253 0.0746037 0.0595725 0.0421619 0.0279957 0.0179496 0.0107818 0.00586489 0.0028132 0.00115477 0.000393491
 3.72804e-11 1.75349e-09 5.71101e-08 1.28798e-06 2.01136e-05 0.0002175 0.00162864 0.00844509 0.0303313 0.0755166 0.130759 0.15947 0.143492 0.109267 0.087419 0.0759164 0.0615246 0.0444139 0.0300114 0.0193113 0.0114922 0.00618122 0.00295144 0.00121492 0.000416191
 3.45362e-11 1.62442e-09 5.29062e-08 1.19317e-06 1.8633e-05 0.00020149 0.00150876 0.00782364 0.0281014 0.0699853 0.121322 0.148623 0.135868 0.107975 0.0919324 0.0832297 0.0687723 0.0503997 0.0346846 0.0227648 0.0137764 0.00747757 0.00357128 0.00146368 0.000499654
 3.75689e-11 1.76706e-09 5.75521e-08 1.29794e-06 2.02693e-05 0.000219184 0.00164124 0.00851034 0.0305646 0.0760862 0.13167 0.160227 0.143045 0.106623 0.0828017 0.0713092 0.0593006 0.0452749 0.0327841 0.0224011 0.0139419 0.00773377 0.00375604 0.00155541 0.000533107
 3.51408e-11 1.65285e-09 5.38323e-08 1.21405e-06 1.89592e-05 0.000205017 0.00153517 0.00796055 0.0285927 0.0712042 0.123403 0.151025 0.137582 0.108303 0.0908696 0.0811707 0.0661682 0.0478339 0.0329264 0.0222592 0.0142266 0.00821224 0.00413281 0.00175683 0.000612908
 3.7428e-11 1.76043e-09 5.73362e-08 1.29308e-06 2.01932e-05 0.000218361 0.00163508 0.00847845 0.0304503 0.0758047 0.131202 0.159749 0.142912 0.107131 0.083885 0.072456 0.0599004 0.0451003 0.0320853 0.0216422 0.0134887 0.00765786 0.00388273 0.00169204 0.00060758
 3.83964e-11 1.80598e-09 5.88197e-08 1.32653e-06 2.07157e-05 0.000224011 0.00167739 0.0086978 0.0312379 0.0777633 0.134578 0.163792 0.146299 0.109112 0.0844565 0.0715747 0.0573606 0.0413458 0.0283872 0.0190311 0.0120178 0.00688351 0.00348145 0.00151175 0.000545724
 3.86697e-11 1.81883e-09 5.92383e-08 1.33597e-06 2.08631e-05 0.000225605 0.00168932 0.0087597 0.0314602 0.0783165 0.135534 0.164952 0.147323 0.109843 0.0849578 0.0718769 0.0573411 0.0408386 0.0273613 0.0177208 0.0108261 0.00607918 0.00305944 0.0013311 0.000481688
 3.61809e-11 1.70177e-09 5.54256e-08 1.24999e-06 1.95204e-05 0.000211086 0.0015806 0.00819611 0.0294382 0.0733035 0.126999 0.155227 0.140772 0.10949 0.0903089 0.0797812 0.0646331 0.0461782 0.0308447 0.0197634 0.0118243 0.00644962 0.00315306 0.00134362 0.000481177
 3.69174e-11 1.73642e-09 5.65539e-08 1.27543e-06 1.99177e-05 0.000215382 0.00161278 0.00836283 0.0300357 0.0747793 0.129472 0.157856 0.141902 0.107806 0.0861165 0.0751894 0.0619793 0.0460995 0.0322436 0.0212925 0.0128509 0.00695583 0.00333682 0.00138746 0.000485165
 3.74092e-11 1.75955e-09 5.73073e-08 1.29242e-06 2.01831e-05 0.000218251 0.00163426 0.00847422 0.0304356 0.0757729 0.131179 0.159874 0.143505 0.108542 0.0859663 0.074222 0.0602424 0.0439597 0.0304497 0.0203721 0.0126766 0.00707473 0.00345067 0.00143402 0.000495028
#spawning biomass
 165353 118598 105807 98449.8 133016 337253 438888 554681 663106 892291 1.10882e+06 788468 983116 952180 931451 909572 1.085e+06 962101 926854 939117 1.17965e+06 995514 986344 950404 1.20342e+06 1.148e+06 851159 1.08126e+06 1.24611e+06 339140 29065.9 3981.15 3259.35 3252.84 3252.83 3252.83 3252.83 3252.83 3252.83 3252.83 3252.83 3252.83 3252.83 3252.83 3252.83 3252.83 3252.83 3252.83 3252.83 3252.83 3252.83 3252.83 3252.83 3252.83 3252.83 3252.83 3252.83 3252.83 3252.83 3252.83 3252.83 3252.83 3252.83 3252.83 3252.83 3252.83 3252.83 3252.83 3252.83 3252.83 3252.83 3252.83 3252.83 3252.83 3252.83 3252.83 3252.83 3252.83 3252.83 3252.83 3252.83 3252.83 3252.83 3252.83 3252.83 3252.83 3252.83 3252.83 3252.83 3252.83 3252.83 3252.83 3252.83 3252.83 3252.83 3252.83 3252.83 3252.83 3252.83 3252.83 3252.83 3252.83 3252.83 3252.83 3252.83 3252.83 3252.83 3252.83 3252.83 3252.83 3252.83 3252.83 3252.83 3252.83 3252.83 3252.83 3252.83 3252.83 3252.83 3252.83 3252.83 3252.83 3252.83 3252.83 3252.83 3252.83 3252.83 3252.83 0 0 0 0 0 0 0 0 0 0 0 0 0 0 0 0 0 0 0 0 0 0 0 0 0
