SBPRF35
0.0418769
Curr Bio
214186
B35
100830
F35
150.293
FOFL
150.293
OFL
266949
Bzero
9985.74
#pred survey bio
 9577.58 8543.48 11055.5 13245.8 21703.3 33535.1 32620.6 37101 45098.4 53385.5 68535 90518.9 120179 136419 131468 112257 106912 106510 104575 97767.4 98236.1 105749 121725 135385 140067 142306 129163 121501 124454 2.42461e+06 534556 175678 90015.4 66835.7 60691.9 59095.8 58688.3 58585.7 58560.2 58553.9 58552.3 58551.9 58551.8 58551.8 58551.8 58551.8 58551.8 58551.8 58551.8 58551.8 58551.8 58551.8 58551.8 58551.8 58551.8 58551.8 58551.8 58551.8 58551.8 58551.8 58551.8 58551.8 58551.8 58551.8 58551.8 58551.8 58551.8 58551.8 58551.8 58551.8 58551.8 58551.8 58551.8 58551.8 58551.8 58551.8 58551.8 58551.8 58551.8 58551.8 58551.8 58551.8 58551.8 58551.8 58551.8 58551.8 58551.8 58551.8 58551.8 58551.8 58551.8 58551.8 58551.8 58551.8 58551.8 58551.8 58551.8 58551.8 58551.8 58551.8 58551.8 58551.8 58551.8 58551.8 58551.8 58551.8 58551.8 58551.8 58551.8 58551.8 58551.8 58551.8 58551.8 58551.8 58551.8 58551.8 58551.8 58551.8 58551.8 58551.8 58551.8 58551.8 58551.8 58551.8 58551.8 58551.8 58551.8 58551.8 58551.8 0 0 0 0 0 0 0 0 0 0 0 0 0 0 0 0 0 0 0 0 0 0 0 0 0
#obs survey bio
 7427.51 8732.31 6846.92 15023.3 29224.9 32280 33461 43517.7 45270.9 48634.4 95420.2 78708.6 148216 128814 91204.9 84578.5 74035.1 101841 96309 91759.8 86625.1 95448 154064 216529 156635 182012 128283 157814 100385
#pred catch bio
 3258.88 4061.22 6329.58 7322.37 8593.42 19188.2 19089.7 23553.9 30169.5 35413.3 47279.1 60906.4 81542 91493.9 100346 88981.2 84485.8 83769 88903.1 81340.3 81371.4 85677.5 93298.2 100733 102942 118474 111527 101851 139797 266949 6321.91 6321.91 6321.91 6321.91 6321.91 6321.91 6321.91 6321.91 6321.91 6321.91 6321.91 6321.91 6321.91 6321.91 6321.91 6321.91 6321.91 6321.91 6321.91 6321.91 6321.91 6321.91 6321.91 6321.91 6321.91 6321.91 6321.91 6321.91 6321.91 6321.91 6321.91 6321.91 6321.91 6321.91 6321.91 6321.91 6321.91 6321.91 6321.91 6321.91 6321.91 6321.91 6321.91 6321.91 6321.91 6321.91 6321.91 6321.91 6321.91 6321.91 6321.91 6321.91 6321.91 6321.91 6321.91 6321.91 6321.91 6321.91 6321.91 6321.91 6321.91 6321.91 6321.91 6321.91 6321.91 6321.91 6321.91 6321.91 6321.91 6321.91 6321.91 6321.91 6321.91 6321.91 6321.91 6321.91 6321.91 6321.91 6321.91 6321.91 6321.91 6321.91 6321.91 6321.91 6321.91 6321.91 6321.91 6321.91 6321.91 6321.91 6321.91 6321.91 6321.91 6321.91 6321.91 6321.91 6321.91 6321.91 6321.91 0 0 0 0 0 0 0 0 0 0 0 0 0 0 0 0 0 0 0 0 0 0 0 0 0
#obs catch bio
 4372.05 4130.51 6448.25 7454.08 8532.56 19158 19442.8 23434.6 30260.6 35850.6 47296.1 61354.9 81044.5 90122.8 101209 91032.9 85417.9 84130.2 89994.3 81271.1 80799.6 85385.7 91960 97071.5 98892.9 114303 109047 99567.7 141035
#pred cpue bio
 9894.54 8556.72 11223.9 13506.2 21090.8 34756.4 34024.7 37169.4 45852.1 53760 68664.7 90238.2 120558 139831 136494 115035 108291 108398 106388 98919.4 99146.2 105804 121740 137428 142813 145116 131463 122456 125466 2.35602e+06 631298 174310 86327.8 63087.7 56942.4 55346.3 54938.8 54836.2 54810.6 54804.3 54802.8 54802.4 54802.3 54802.3 54802.3 54802.3 54802.3 54802.3 54802.3 54802.3 54802.3 54802.3 54802.3 54802.3 54802.3 54802.3 54802.3 54802.3 54802.3 54802.3 54802.3 54802.3 54802.3 54802.3 54802.3 54802.3 54802.3 54802.3 54802.3 54802.3 54802.3 54802.3 54802.3 54802.3 54802.3 54802.3 54802.3 54802.3 54802.3 54802.3 54802.3 54802.3 54802.3 54802.3 54802.3 54802.3 54802.3 54802.3 54802.3 54802.3 54802.3 54802.3 54802.3 54802.3 54802.3 54802.3 54802.3 54802.3 54802.3 54802.3 54802.3 54802.3 54802.3 54802.3 54802.3 54802.3 54802.3 54802.3 54802.3 54802.3 54802.3 54802.3 54802.3 54802.3 54802.3 54802.3 54802.3 54802.3 54802.3 54802.3 54802.3 54802.3 54802.3 54802.3 54802.3 54802.3 54802.3 54802.3 54802.3 0 0 0 0 0 0 0 0 0 0 0 0 0 0 0 0 0 0 0 0 0 0 0 0 0
#obs cpue bio
 5782.16 6661.99 11075 11831.8 20453.2 28881.2 30181.6 37138.5 40358.9 38915.1 66781.5 70640.5 147630 190249 131768 101975 138552 112902 94153.3 120265 130214 118132 138675 213060 227888 183775 158486 129163 119878
#pred surv len freq
 2.56503e-27 2.59349e-27 3.77851e-26 7.43119e-20 1.82167e-14 5.39793e-10 1.93345e-06 0.000837109 0.0438112 0.277162 0.212234 0.0375981 0.137074 0.126764 0.0335421 0.0450399 0.0206248 0.0175724 0.0114565 0.009079 0.00728094 0.00633799 0.00632727 0.00556508 0.00169207
 2.57018e-27 2.60694e-27 4.90375e-26 9.80473e-20 2.40351e-14 7.12203e-10 2.55099e-06 0.00110448 0.0578046 0.365688 0.279864 0.0397209 0.105715 0.0972488 0.0182329 0.0171923 0.00659753 0.00404536 0.00215263 0.00142539 0.000984639 0.000753814 0.000674387 0.000594242 0.000197881
 2.57005e-27 2.6064e-27 4.83704e-26 9.66392e-20 2.36899e-14 7.01975e-10 2.51436e-06 0.00108862 0.0569745 0.360436 0.275883 0.0415197 0.122202 0.112202 0.0162137 0.00874448 0.00283031 0.00102856 0.000405401 0.000193915 0.000103815 6.55172e-05 5.0066e-05 4.17636e-05 1.44048e-05
 2.56986e-27 2.60587e-27 4.78843e-26 9.56136e-20 2.34385e-14 6.94525e-10 2.48767e-06 0.00107707 0.0563698 0.356611 0.272967 0.0418351 0.126651 0.116286 0.0165626 0.00849418 0.00248165 0.000471321 0.000129028 3.65053e-05 1.26702e-05 5.71677e-06 3.41685e-06 2.51653e-06 8.61711e-07
 2.57234e-27 2.61264e-27 5.39194e-26 1.08345e-19 2.65596e-14 7.87008e-10 2.81893e-06 0.00122049 0.063876 0.404097 0.309192 0.0396535 0.0845984 0.0775684 0.0113055 0.00625266 0.00182087 0.000326568 7.30484e-05 1.07003e-05 1.99755e-06 5.00538e-07 1.93549e-07 1.12613e-07 3.65733e-08
 2.5689e-27 2.60323e-27 4.55159e-26 9.06172e-20 2.22137e-14 6.58232e-10 2.35768e-06 0.00102078 0.0534241 0.337976 0.258752 0.0427458 0.143569 0.131851 0.018474 0.00893525 0.00261422 0.000505632 0.000113663 1.4967e-05 1.70389e-06 1.8456e-07 3.24164e-08 1.17652e-08 3.36873e-09
 2.56833e-27 2.60171e-27 4.42082e-26 8.78586e-20 2.15375e-14 6.38194e-10 2.2859e-06 0.000989709 0.0517978 0.327687 0.250898 0.0428696 0.150029 0.13788 0.0207637 0.0126352 0.00366665 0.000621045 0.000137753 1.93225e-05 2.11422e-06 1.53268e-07 9.60706e-09 1.29314e-09 2.72265e-10
 2.57076e-27 2.60835e-27 5.01166e-26 1.00323e-19 2.4593e-14 7.28733e-10 2.6102e-06 0.00113012 0.0591462 0.374175 0.286362 0.0408107 0.109445 0.100492 0.0152798 0.00954764 0.00284483 0.000607498 0.000137617 1.72439e-05 1.90195e-06 1.38813e-07 5.8897e-09 2.10197e-10 1.82345e-11
 2.57013e-27 2.60656e-27 4.84716e-26 9.68524e-20 2.37422e-14 7.03524e-10 2.5199e-06 0.00109102 0.0571002 0.361231 0.276495 0.0418612 0.124371 0.114133 0.0152815 0.00611759 0.0018069 0.000397552 9.51405e-05 1.4524e-05 1.57481e-06 1.07873e-07 4.55323e-09 9.9395e-11 1.84041e-12
 2.57065e-27 2.60799e-27 4.97456e-26 9.95402e-20 2.44011e-14 7.23048e-10 2.58983e-06 0.0011213 0.0586848 0.371256 0.284142 0.0413696 0.115257 0.105752 0.0143337 0.00606086 0.00171445 0.000243555 5.30964e-05 8.42031e-06 1.03242e-06 7.87959e-08 3.15051e-09 6.52007e-11 6.02245e-13
 2.57094e-27 2.60878e-27 5.04411e-26 1.01007e-19 2.47608e-14 7.33705e-10 2.62801e-06 0.00113783 0.0595498 0.376728 0.288317 0.041165 0.110767 0.101606 0.0135686 0.00536049 0.00151917 0.000226207 4.58125e-05 4.92848e-06 5.59437e-07 4.65837e-08 2.11919e-09 4.35289e-11 3.61652e-13
 2.57122e-27 2.60954e-27 5.11158e-26 1.02431e-19 2.51096e-14 7.44044e-10 2.66504e-06 0.00115386 0.0603889 0.382036 0.292368 0.040984 0.106544 0.0977039 0.0127797 0.00454396 0.00127628 0.000178707 3.58331e-05 3.9339e-06 3.62948e-07 2.29104e-08 1.07613e-09 2.48705e-11 2.11918e-13
 2.5709e-27 2.60866e-27 5.03314e-26 1.00776e-19 2.4704e-14 7.32024e-10 2.62199e-06 0.00113522 0.0594133 0.375865 0.28766 0.0412772 0.112083 0.102802 0.0134453 0.00477759 0.00133253 0.000170031 3.27593e-05 3.40644e-06 3.12555e-07 1.79054e-08 6.30578e-10 1.3763e-11 1.29116e-13
 2.56969e-27 2.60537e-27 4.73945e-26 9.45801e-20 2.31852e-14 6.87018e-10 2.46078e-06 0.00106543 0.0557605 0.352756 0.270031 0.0423377 0.132539 0.121637 0.0160298 0.00592882 0.00165611 0.000211119 4.00997e-05 3.82307e-06 3.31383e-07 1.82192e-08 5.99343e-10 1.02628e-11 8.56222e-14
 2.56883e-27 2.60303e-27 4.53329e-26 9.02311e-20 2.21191e-14 6.55427e-10 2.34763e-06 0.00101643 0.0531965 0.336536 0.257655 0.0429094 0.145584 0.133689 0.0183997 0.0082979 0.00233941 0.000308787 5.93311e-05 5.63481e-06 4.69121e-07 2.36513e-08 7.35759e-10 1.17306e-11 8.01351e-14
 2.56968e-27 2.60535e-27 4.73852e-26 9.45607e-20 2.31804e-14 6.86877e-10 2.46028e-06 0.00106521 0.0557491 0.352684 0.269975 0.042285 0.132177 0.121316 0.0161928 0.00638325 0.00181843 0.000287419 5.8502e-05 5.74043e-06 4.82871e-07 2.38162e-08 6.87353e-10 1.01809e-11 6.4391e-14
 2.5704e-27 2.60729e-27 4.91004e-26 9.81789e-20 2.40674e-14 7.13159e-10 2.55442e-06 0.00110596 0.0578822 0.366179 0.280272 0.0417844 0.121133 0.111121 0.014317 0.0046721 0.00130748 0.000182771 3.70093e-05 4.27491e-06 3.84809e-07 1.95247e-08 5.58443e-10 7.78995e-12 4.54895e-14
 2.57016e-27 2.60662e-27 4.84964e-26 9.69046e-20 2.3755e-14 7.03903e-10 2.52126e-06 0.00109161 0.057131 0.361426 0.276647 0.0420615 0.125789 0.115394 0.0146701 0.00440064 0.00121246 0.000143858 2.69936e-05 2.80816e-06 2.64371e-07 1.54245e-08 4.63612e-10 6.49377e-12 3.62014e-14
 2.57017e-27 2.60665e-27 4.85287e-26 9.69729e-20 2.37717e-14 7.04399e-10 2.52304e-06 0.00109238 0.0571712 0.361681 0.276841 0.0420224 0.125355 0.115002 0.0147362 0.00464961 0.00127834 0.00014147 2.52171e-05 2.24697e-06 1.8971e-07 1.05582e-08 3.54874e-10 5.41374e-12 3.07057e-14
 2.57051e-27 2.60757e-27 4.9334e-26 9.86716e-20 2.41882e-14 7.16738e-10 2.56724e-06 0.00111152 0.0581727 0.368016 0.281676 0.0418145 0.120376 0.110398 0.0137539 0.00356982 0.00097465 0.000112356 2.01803e-05 1.67875e-06 1.28593e-07 6.09969e-09 1.88796e-10 3.05513e-12 1.91031e-14
 2.57064e-27 2.60793e-27 4.96573e-26 9.93537e-20 2.43553e-14 7.21693e-10 2.58498e-06 0.0011192 0.0585748 0.37056 0.283616 0.0416862 0.118036 0.108247 0.0135146 0.00356494 0.000965256 9.53669e-05 1.60895e-05 1.38458e-06 1.04858e-07 4.52616e-09 1.2071e-10 1.73851e-12 1.10551e-14
 2.57109e-27 2.60917e-27 5.07683e-26 1.01698e-19 2.49299e-14 7.38719e-10 2.64597e-06 0.0011456 0.0599567 0.379302 0.290285 0.0412668 0.110159 0.100998 0.0125948 0.00329266 0.000891716 8.91517e-05 1.485e-05 1.11055e-06 7.96799e-08 3.49712e-09 8.7555e-11 1.0965e-12 6.11387e-15
 2.57111e-27 2.60923e-27 5.08216e-26 1.0181e-19 2.49575e-14 7.39535e-10 2.64889e-06 0.00114687 0.060023 0.379722 0.290605 0.0412531 0.10983 0.100694 0.0125297 0.00322097 0.000871173 8.65065e-05 1.43814e-05 1.08312e-06 7.39607e-08 2.86093e-09 7.03394e-11 8.49869e-13 4.19543e-15
 2.57031e-27 2.60704e-27 4.88643e-26 9.76809e-20 2.39453e-14 7.09542e-10 2.54146e-06 0.00110036 0.0575886 0.364321 0.278856 0.0419438 0.123341 0.113138 0.0143084 0.00414323 0.00112672 0.000110463 1.82348e-05 1.36493e-06 9.31673e-08 3.54569e-09 7.89401e-11 8.8974e-13 4.26001e-15
 2.57002e-27 2.60625e-27 4.8178e-26 9.62331e-20 2.35904e-14 6.99026e-10 2.50379e-06 0.00108405 0.0567351 0.358922 0.274735 0.0420951 0.127387 0.116885 0.0152241 0.00528719 0.00145701 0.000156659 2.69537e-05 1.99569e-06 1.35053e-07 5.1133e-09 1.12785e-10 1.18694e-12 5.2071e-15
 2.56999e-27 2.60619e-27 4.81256e-26 9.61225e-20 2.35633e-14 6.98222e-10 2.50091e-06 0.0010828 0.0566698 0.358509 0.27442 0.0420713 0.127428 0.116932 0.0153967 0.00566969 0.00158127 0.000197534 3.64266e-05 2.93854e-06 2.06771e-07 7.74757e-09 1.69592e-10 1.76818e-12 7.39409e-15
 2.57017e-27 2.60664e-27 4.85125e-26 9.69387e-20 2.37633e-14 7.0415e-10 2.52215e-06 0.00109199 0.057151 0.361553 0.276745 0.042092 0.125952 0.115536 0.0145309 0.00404839 0.0011195 0.000147172 2.81617e-05 2.61218e-06 2.01478e-07 8.19185e-09 1.81988e-10 1.87966e-12 7.78278e-15
 2.57072e-27 2.60815e-27 4.98529e-26 9.97665e-20 2.44565e-14 7.24691e-10 2.59572e-06 0.00112385 0.0588182 0.3721 0.284791 0.041633 0.116806 0.10711 0.0132823 0.00332197 0.000899607 9.39142e-05 1.65592e-05 1.61303e-06 1.34161e-07 6.27749e-09 1.53072e-10 1.65755e-12 6.85144e-15
 2.5707e-27 2.60811e-27 4.98181e-26 9.9693e-20 2.44385e-14 7.24158e-10 2.59381e-06 0.00112302 0.0587749 0.371826 0.284582 0.0416457 0.117049 0.107334 0.0133165 0.00334318 0.000901409 8.65762e-05 1.42254e-05 1.12295e-06 8.72622e-08 4.36361e-09 1.20048e-10 1.46327e-12 6.46203e-15
#obs surv len freq
 1.76614e-41 2.45128e-33 4.11253e-26 8.34013e-20 2.04449e-14 6.05818e-10 2.16994e-06 0.00093951 0.0491702 0.311065 0.23826 0.044024 0.151933 0.128719 0.0363416 0.0279323 0.00842751 0.0026233 0.000501855 5.69736e-05 2.84009e-06 4.54886e-08 1.73474e-10 1.26236e-13 1.51535e-17
 2.17507e-41 3.01885e-33 5.06475e-26 1.02712e-19 2.51787e-14 7.4609e-10 2.67237e-06 0.00115704 0.0605551 0.383089 0.293229 0.0420238 0.0973032 0.0778873 0.0223128 0.0161066 0.0046931 0.00137245 0.000242692 2.41885e-05 9.90968e-07 1.23147e-08 3.50975e-11 1.86415e-14 1.60903e-18
 1.72624e-41 2.39591e-33 4.01964e-26 8.15175e-20 1.9983e-14 5.92134e-10 2.12093e-06 0.000918289 0.0480596 0.304039 0.233089 0.0511988 0.181412 0.135491 0.026515 0.0140945 0.00392517 0.00106688 0.000172633 1.50425e-05 5.08427e-07 4.90312e-09 1.03978e-11 4.01475e-15 2.48688e-19
 2.08517e-41 2.89408e-33 4.85542e-26 9.84669e-20 2.4138e-14 7.15253e-10 2.56192e-06 0.00110922 0.0580523 0.367256 0.281264 0.0458609 0.114007 0.0818047 0.0283813 0.0180647 0.00342215 0.000671162 9.67918e-05 7.2836e-06 2.02169e-07 1.51856e-09 2.40416e-12 6.74684e-16 2.99396e-20
 2.3672e-41 3.28551e-33 5.51213e-26 1.11785e-19 2.74028e-14 8.11994e-10 2.90843e-06 0.00125925 0.0659041 0.416929 0.319164 0.0443296 0.0795924 0.0524439 0.0118993 0.00626912 0.00180534 0.000364886 3.40714e-05 1.99139e-06 4.46584e-08 2.60475e-10 3.09085e-13 6.33708e-17 2.02068e-21
 1.31001e-41 1.8182e-33 3.05041e-26 6.18618e-20 1.51647e-14 4.49357e-10 1.60953e-06 0.000696869 0.0364713 0.230732 0.177779 0.0713294 0.273415 0.167217 0.0285849 0.0111464 0.00215346 0.000425971 4.62178e-05 1.90934e-06 2.98146e-08 1.30922e-10 1.16031e-13 1.74341e-17 4.01543e-22
 2.21494e-41 3.0742e-33 5.1576e-26 1.04595e-19 2.56403e-14 7.59768e-10 2.72137e-06 0.00117826 0.0616653 0.390113 0.298823 0.0467101 0.0886943 0.0563741 0.0353892 0.0182052 0.00250522 0.000311529 2.67248e-05 1.08978e-06 1.27966e-08 3.75703e-11 2.35329e-14 2.56047e-18 4.25974e-23
 1.99067e-41 2.76291e-33 4.63536e-26 9.40042e-20 2.3044e-14 6.82837e-10 2.44581e-06 0.00105895 0.0554213 0.350614 0.269139 0.0609401 0.154657 0.0823043 0.015661 0.00717657 0.00262968 0.000376245 1.9609e-05 5.55669e-07 5.51336e-09 1.23574e-11 5.23341e-15 3.84872e-19 4.46941e-24
 2.02585e-41 2.81175e-33 4.71729e-26 9.56658e-20 2.34513e-14 6.94906e-10 2.48904e-06 0.00107767 0.0564009 0.356812 0.273966 0.0614887 0.143417 0.0737647 0.0229848 0.00853984 0.00128401 0.000243797 1.91329e-05 3.87582e-07 2.45013e-09 4.10514e-12 1.31615e-15 6.82638e-20 5.35494e-25
 1.97718e-41 2.74419e-33 4.60395e-26 9.33671e-20 2.28879e-14 6.78209e-10 2.42923e-06 0.00105177 0.0550457 0.34824 0.267712 0.0671009 0.154796 0.0740529 0.0222192 0.00811225 0.00149031 0.000165534 1.08772e-05 2.75312e-07 1.45432e-09 1.56794e-12 3.40229e-16 1.27835e-20 7.27078e-26
 2.09414e-41 2.90652e-33 4.87629e-26 9.88903e-20 2.42418e-14 7.18329e-10 2.57294e-06 0.00111399 0.0583019 0.36884 0.283494 0.065928 0.133637 0.0605571 0.0201042 0.00671676 0.00116721 0.000130787 6.30954e-06 1.18155e-07 6.1975e-10 5.94576e-13 9.16674e-17 2.25934e-21 8.67841e-27
 2.04897e-41 2.84383e-33 4.77112e-26 9.67573e-20 2.37189e-14 7.02835e-10 2.51744e-06 0.00108996 0.0570444 0.360888 0.277843 0.073022 0.146092 0.0605607 0.0172242 0.00523356 0.000904326 9.15651e-05 3.98549e-06 5.6517e-08 2.10679e-10 1.67779e-13 2.24311e-17 4.37994e-22 1.19608e-27
 2.0023e-41 2.77905e-33 4.66244e-26 9.45533e-20 2.31786e-14 6.86825e-10 2.4601e-06 0.00106514 0.055745 0.352671 0.272032 0.0794269 0.153538 0.0606742 0.0189926 0.00505579 0.000728861 6.63694e-05 2.53984e-06 2.99329e-08 8.40675e-11 4.69637e-14 4.61457e-18 7.1076e-23 1.55956e-28
 1.87551e-41 2.60308e-33 4.36721e-26 8.85662e-20 2.1711e-14 6.43335e-10 2.30432e-06 0.000997692 0.0522152 0.330346 0.255807 0.0911674 0.174748 0.0661028 0.0221749 0.00560138 0.000777726 5.77101e-05 1.80738e-06 1.75543e-08 3.89717e-11 1.62976e-14 1.1368e-18 1.2243e-23 1.92717e-29
 1.69492e-41 2.35244e-33 3.94671e-26 8.00385e-20 1.96205e-14 5.81391e-10 2.08245e-06 0.000901629 0.0471877 0.29855 0.232697 0.106343 0.200867 0.075772 0.0294913 0.00714322 0.000978244 6.56674e-05 1.65948e-06 1.23652e-08 2.12329e-11 6.78287e-15 3.52208e-19 2.74383e-24 3.04862e-30
 1.91642e-41 2.65986e-33 4.46247e-26 9.04981e-20 2.21845e-14 6.57368e-10 2.35459e-06 0.00101945 0.0533542 0.337561 0.262182 0.095358 0.154352 0.0606377 0.0276736 0.00682823 0.000969368 6.05528e-05 1.32054e-06 7.70654e-09 9.80661e-12 2.31086e-15 8.88547e-20 5.10019e-25 4.13024e-31
 1.86104e-41 2.583e-33 4.33353e-26 8.7883e-20 2.15435e-14 6.38373e-10 2.28655e-06 0.000989997 0.0518125 0.327821 0.256068 0.109629 0.169347 0.0572194 0.020869 0.005376 0.000814976 4.99061e-05 9.72901e-07 4.66974e-09 4.56168e-12 7.87201e-16 2.17799e-20 8.99951e-26 5.26775e-32
 1.84066e-41 2.55472e-33 4.28607e-26 8.69207e-20 2.13076e-14 6.31382e-10 2.26151e-06 0.000979156 0.0512451 0.324245 0.254388 0.116839 0.168029 0.0576947 0.0215277 0.00442159 0.000591628 3.6119e-05 6.52258e-07 2.66939e-09 2.08003e-12 2.7294e-16 5.54675e-21 1.64695e-26 6.85837e-33
 1.86637e-41 2.5904e-33 4.34593e-26 8.81346e-20 2.16052e-14 6.402e-10 2.29309e-06 0.00099283 0.0519609 0.328787 0.258822 0.121156 0.159773 0.0541142 0.0199353 0.0039818 0.000451673 2.24746e-05 3.61792e-07 1.28982e-09 8.25995e-13 8.50155e-17 1.30988e-21 2.87704e-27 8.703e-34
 1.93835e-41 2.69031e-33 4.51355e-26 9.15338e-20 2.24384e-14 6.64892e-10 2.38154e-06 0.00103112 0.0539649 0.34148 0.269259 0.121633 0.144969 0.0475821 0.016582 0.00315219 0.000330184 1.35834e-05 1.70223e-07 4.91998e-10 2.582e-13 2.12477e-17 2.54187e-22 4.23262e-28 9.53087e-35
 1.93995e-41 2.69253e-33 4.51727e-26 9.16094e-20 2.2457e-14 6.65441e-10 2.3835e-06 0.00103197 0.0540096 0.341789 0.271089 0.129724 0.142585 0.043559 0.0136107 0.00236852 0.000223188 7.92846e-06 7.87003e-08 1.70953e-10 6.80074e-14 4.32527e-18 4.00968e-23 5.12352e-29 8.73464e-36
 1.98383e-41 2.75342e-33 4.61944e-26 9.36813e-20 2.29649e-14 6.80491e-10 2.43741e-06 0.00105531 0.0552311 0.349542 0.278158 0.131435 0.131597 0.0396109 0.0114891 0.0017344 0.00013962 4.17723e-06 3.35457e-08 5.58961e-11 1.63918e-14 7.60731e-19 5.19066e-24 4.93638e-30 6.29955e-37
 1.91473e-41 2.65751e-33 4.45853e-26 9.04182e-20 2.21649e-14 6.56788e-10 2.35251e-06 0.00101855 0.0533074 0.337428 0.271878 0.146862 0.138037 0.0394705 0.0104633 0.00143431 9.64822e-05 2.31069e-06 1.46387e-08 1.88313e-11 4.14856e-15 1.41078e-19 6.94385e-25 4.74043e-31 4.35473e-38
 1.95962e-41 2.71982e-33 4.56306e-26 9.2538e-20 2.26846e-14 6.72187e-10 2.40766e-06 0.00104244 0.0545573 0.345375 0.279199 0.145654 0.125533 0.0377771 0.00962238 0.00116994 6.67593e-05 1.27247e-06 6.13392e-09 5.93291e-12 9.75996e-16 2.45356e-20 8.82363e-26 4.35336e-32 2.86606e-39
 1.93999e-41 2.69258e-33 4.51736e-26 9.1611e-20 2.24574e-14 6.65453e-10 2.38354e-06 0.00103199 0.054011 0.341995 0.279619 0.155523 0.123797 0.0347954 0.00822314 0.000955037 4.66287e-05 7.09285e-07 2.60271e-09 1.85692e-12 2.22808e-16 4.07816e-21 1.06671e-26 3.81773e-33 1.81607e-40
 1.87834e-41 2.60701e-33 4.3738e-26 8.86998e-20 2.17437e-14 6.44306e-10 2.3078e-06 0.000999197 0.0522949 0.33125 0.275517 0.169144 0.126664 0.0356261 0.00767832 0.000789504 3.38451e-05 4.21993e-07 1.18652e-09 6.26663e-13 5.45724e-17 7.17517e-22 1.34377e-27 3.44424e-34 1.17456e-41
 1.79208e-41 2.48729e-33 4.17295e-26 8.46266e-20 2.07452e-14 6.14719e-10 2.20182e-06 0.000953314 0.0498941 0.316214 0.269151 0.184635 0.131739 0.0386953 0.00795163 0.000736413 2.64784e-05 2.69494e-07 5.94805e-10 2.36021e-13 1.50213e-17 1.42278e-22 1.90418e-28 3.47207e-35 8.40655e-43
 1.82359e-41 2.53102e-33 4.24632e-26 8.61145e-20 2.111e-14 6.25527e-10 2.24053e-06 0.000970075 0.0507718 0.321884 0.275822 0.18224 0.122255 0.0378041 0.00757177 0.000658341 2.02074e-05 1.64325e-07 2.80889e-10 8.46724e-14 4.00716e-18 2.76885e-23 2.66821e-29 3.47599e-36 5.98567e-44
 1.82366e-41 2.53113e-33 4.24649e-26 8.61179e-20 2.11108e-14 6.25552e-10 2.24062e-06 0.000970114 0.0507738 0.321897 0.275839 0.182513 0.123236 0.0371905 0.00700515 0.000557565 1.51154e-05 1.05293e-07 1.50664e-10 3.74451e-14 1.44693e-18 8.11016e-24 6.31036e-30 6.61553e-37 9.14531e-45
#pred catch len freq
 2.56434e-27 2.59151e-27 3.59339e-26 7.04063e-20 1.72592e-14 5.11422e-10 1.83183e-06 0.000793112 0.0415086 0.262595 0.201132 0.0389597 0.155236 0.143399 0.0342787 0.0424955 0.019292 0.0162524 0.0105787 0.0083778 0.00671782 0.00584768 0.00583778 0.00513456 0.00156117
 2.56988e-27 2.60606e-27 4.82226e-26 9.6328e-20 2.36136e-14 6.99714e-10 2.50626e-06 0.00108511 0.056791 0.359275 0.274977 0.0403318 0.113798 0.104638 0.0182822 0.0154326 0.0058788 0.00355743 0.00188955 0.00125021 0.00086351 0.000661066 0.000591411 0.000521126 0.000173534
 2.56996e-27 2.60614e-27 4.81158e-26 9.6102e-20 2.35582e-14 6.98073e-10 2.50038e-06 0.00108257 0.0566578 0.358432 0.274357 0.0417796 0.125253 0.114976 0.0159708 0.00748927 0.00240679 0.00086176 0.000338859 0.000161925 8.66739e-05 5.46981e-05 4.17983e-05 3.48669e-05 1.20261e-05
 2.56969e-27 2.60537e-27 4.74155e-26 9.46245e-20 2.3196e-14 6.8734e-10 2.46194e-06 0.00106592 0.0557867 0.352922 0.270155 0.0421546 0.131058 0.12031 0.0165038 0.00734707 0.00213436 0.000399367 0.000108926 3.07791e-05 1.06801e-05 4.81867e-06 2.88005e-06 2.12118e-06 7.26334e-07
 2.57177e-27 2.61109e-27 5.25205e-26 1.05394e-19 2.58361e-14 7.65569e-10 2.74214e-06 0.00118724 0.062136 0.393089 0.300796 0.0402614 0.0951236 0.0872362 0.012208 0.00587683 0.00170254 0.000300868 6.70571e-05 9.8091e-06 1.83045e-06 4.58634e-07 1.77344e-07 1.03185e-07 3.35112e-08
 2.56878e-27 2.60288e-27 4.51873e-26 8.99239e-20 2.20438e-14 6.53196e-10 2.33964e-06 0.00101297 0.0530154 0.33539 0.256782 0.0430233 0.147065 0.135035 0.0182631 0.00765272 0.00222548 0.000424079 9.5014e-05 1.24944e-05 1.42184e-06 1.53992e-07 2.70469e-08 9.81641e-09 2.81073e-09
 2.56829e-27 2.60157e-27 4.40562e-26 8.75379e-20 2.14588e-14 6.35864e-10 2.27756e-06 0.000986096 0.0516087 0.326491 0.249988 0.0431428 0.152747 0.140333 0.0202046 0.0107431 0.00310311 0.000517945 0.000114445 1.60314e-05 1.75347e-06 1.27102e-07 7.96677e-09 1.07235e-09 2.25778e-10
 2.5709e-27 2.6087e-27 5.04117e-26 1.00946e-19 2.47456e-14 7.33256e-10 2.6264e-06 0.00113713 0.0595133 0.376497 0.288137 0.0408765 0.108699 0.0997665 0.0144852 0.0079176 0.00234738 0.000493806 0.000111528 1.39562e-05 1.53868e-06 1.12289e-07 4.76419e-09 1.70028e-10 1.47498e-11
 2.57036e-27 2.60718e-27 4.90107e-26 9.79897e-20 2.4021e-14 7.11785e-10 2.5495e-06 0.00110383 0.0577707 0.365473 0.279733 0.0417708 0.121408 0.111381 0.0144871 0.00499816 0.00146526 0.000317571 7.57734e-05 1.15521e-05 1.25216e-06 8.57622e-08 3.61986e-09 7.90196e-11 1.46314e-12
 2.57085e-27 2.60852e-27 5.02098e-26 1.00519e-19 2.46411e-14 7.3016e-10 2.61531e-06 0.00113233 0.059262 0.374908 0.286929 0.0413036 0.112797 0.103463 0.0135992 0.00496268 0.00139497 0.000195375 4.23965e-05 6.71428e-06 8.22969e-07 6.28041e-08 2.51105e-09 5.19667e-11 4.80005e-13
 2.57121e-27 2.60952e-27 5.10936e-26 1.02384e-19 2.50981e-14 7.43703e-10 2.66382e-06 0.00115333 0.0603612 0.381862 0.292235 0.0410157 0.106878 0.0980066 0.0127187 0.00432921 0.00121854 0.00017886 3.60696e-05 3.87509e-06 4.39648e-07 3.66053e-08 1.66522e-09 3.4204e-11 2.84178e-13
 2.57142e-27 2.61009e-27 5.1601e-26 1.03454e-19 2.53606e-14 7.51479e-10 2.69167e-06 0.00116539 0.0609923 0.385854 0.295281 0.0408807 0.103711 0.0950789 0.0121218 0.00370507 0.00103288 0.000142593 2.8462e-05 3.12045e-06 2.87765e-07 1.81624e-08 8.53086e-10 1.97157e-11 1.67994e-13
 2.57113e-27 2.60929e-27 5.08832e-26 1.0194e-19 2.49894e-14 7.4048e-10 2.65227e-06 0.00114833 0.0600996 0.380206 0.290973 0.0411525 0.108806 0.0997679 0.0127186 0.003885 0.00107562 0.000135364 2.59505e-05 2.69477e-06 2.47137e-07 1.41561e-08 4.98524e-10 1.08807e-11 1.02076e-13
 2.56993e-27 2.60602e-27 4.79602e-26 9.57735e-20 2.34777e-14 6.95687e-10 2.49183e-06 0.00107887 0.0564641 0.357207 0.273429 0.0422285 0.129321 0.118653 0.0152244 0.00484447 0.00134367 0.000168939 3.19293e-05 3.04004e-06 2.63372e-07 1.44782e-08 4.76264e-10 8.15522e-12 6.80386e-14
 2.56949e-27 2.60482e-27 4.69137e-26 9.3566e-20 2.29366e-14 6.79652e-10 2.4344e-06 0.001054 0.0551626 0.348974 0.267145 0.0424728 0.135594 0.124459 0.0165756 0.00646278 0.00181147 0.000235792 4.50892e-05 4.27654e-06 3.55853e-07 1.79385e-08 5.58024e-10 8.89683e-12 6.07766e-14
 2.57039e-27 2.60728e-27 4.90923e-26 9.81619e-20 2.40632e-14 7.13036e-10 2.55397e-06 0.00110577 0.0578722 0.366115 0.280223 0.0417611 0.12099 0.110995 0.0143983 0.00488993 0.00138338 0.000215507 4.36902e-05 4.28141e-06 3.59959e-07 1.77518e-08 5.12311e-10 7.58818e-12 4.79927e-14
 2.57103e-27 2.60901e-27 5.06318e-26 1.0141e-19 2.48593e-14 7.36627e-10 2.63847e-06 0.00114236 0.0597869 0.378228 0.289465 0.0412857 0.110879 0.101667 0.012796 0.00358406 0.000994828 0.000137111 2.76369e-05 3.18798e-06 2.86845e-07 1.45524e-08 4.16213e-10 5.80588e-12 3.39034e-14
 2.57079e-27 2.60835e-27 5.00318e-26 1.00144e-19 2.4549e-14 7.27432e-10 2.60554e-06 0.0011281 0.0590406 0.373507 0.285864 0.0415522 0.115437 0.105853 0.0131719 0.00338706 0.000925136 0.000108291 2.02112e-05 2.0997e-06 1.97578e-07 1.15262e-08 3.46431e-10 4.8524e-12 2.70511e-14
 2.57103e-27 2.609e-27 5.06145e-26 1.01373e-19 2.48504e-14 7.36361e-10 2.63752e-06 0.00114195 0.0597653 0.378092 0.289361 0.0413102 0.111138 0.101902 0.0127659 0.00345539 0.000942295 0.000102912 1.82397e-05 1.62307e-06 1.36957e-07 7.62131e-09 2.56154e-10 3.90771e-12 2.21637e-14
 2.57126e-27 2.60963e-27 5.11708e-26 1.02547e-19 2.51381e-14 7.44887e-10 2.66806e-06 0.00115517 0.0604573 0.382469 0.292701 0.0411694 0.10772 0.0987407 0.0120776 0.00268267 0.000725126 8.24771e-05 1.47331e-05 1.22401e-06 9.37042e-08 4.44418e-09 1.3755e-10 2.22585e-12 1.39178e-14
 2.57137e-27 2.60992e-27 5.14346e-26 1.03103e-19 2.52745e-14 7.48929e-10 2.68254e-06 0.00116144 0.0607854 0.384545 0.294285 0.0410641 0.105806 0.0969811 0.0118838 0.00268312 0.000719483 7.01925e-05 1.17667e-05 1.01122e-06 7.65391e-08 3.30334e-09 8.80945e-11 1.26876e-12 8.06796e-15
 2.57172e-27 2.61089e-27 5.23016e-26 1.04932e-19 2.57229e-14 7.62215e-10 2.73013e-06 0.00118204 0.0618637 0.391367 0.299488 0.0407335 0.0996345 0.0913023 0.0111768 0.00250076 0.000670651 6.62043e-05 1.09585e-05 8.18471e-07 5.86851e-08 2.57532e-09 6.44741e-11 8.07439e-13 4.50211e-15
 2.57161e-27 2.61057e-27 5.20155e-26 1.04329e-19 2.55749e-14 7.57831e-10 2.71442e-06 0.00117524 0.0615079 0.389115 0.297771 0.0408486 0.101717 0.0932173 0.0113903 0.00250559 0.000670966 6.57883e-05 1.0868e-05 8.17456e-07 5.57837e-08 2.15751e-09 5.30428e-11 6.40879e-13 3.16373e-15
 2.57078e-27 2.60832e-27 5.00048e-26 1.00087e-19 2.45351e-14 7.27019e-10 2.60406e-06 0.00112746 0.0590071 0.373295 0.285702 0.0415789 0.115754 0.106141 0.0131493 0.00326244 0.000879436 8.51418e-05 1.39651e-05 1.04397e-06 7.12131e-08 2.7098e-09 6.03276e-11 6.79951e-13 3.25555e-15
 2.57048e-27 2.60751e-27 4.92936e-26 9.85865e-20 2.41673e-14 7.1612e-10 2.56502e-06 0.00111056 0.0581225 0.367699 0.281432 0.0417655 0.120174 0.110227 0.0140023 0.0041785 0.00114306 0.000121307 2.07499e-05 1.53441e-06 1.03768e-07 3.92828e-09 8.66436e-11 9.11816e-13 4.00014e-15
 2.57082e-27 2.60843e-27 5.01172e-26 1.00324e-19 2.45932e-14 7.2874e-10 2.61023e-06 0.00113013 0.0591468 0.374179 0.286375 0.0414225 0.114091 0.104636 0.0134162 0.00424998 0.00117695 0.00014502 2.66086e-05 2.14378e-06 1.50757e-07 5.64798e-09 1.23627e-10 1.28894e-12 5.39001e-15
 2.57107e-27 2.6091e-27 5.07019e-26 1.01558e-19 2.48956e-14 7.37701e-10 2.64232e-06 0.00114402 0.0598741 0.37878 0.289887 0.0413237 0.110872 0.101646 0.0125332 0.00299045 0.000819132 0.000106193 2.0223e-05 1.87334e-06 1.44415e-07 5.87098e-09 1.30423e-10 1.34706e-12 5.57753e-15
 2.57147e-27 2.61021e-27 5.16872e-26 1.03636e-19 2.54051e-14 7.52799e-10 2.6964e-06 0.00116744 0.0610995 0.386532 0.2958 0.0409829 0.104123 0.0954289 0.0116266 0.00248772 0.00066678 6.87138e-05 1.20423e-05 1.17142e-06 9.73818e-08 4.556e-09 1.11091e-10 1.20295e-12 4.97234e-15
 2.57232e-27 2.61254e-27 5.37739e-26 1.08038e-19 2.64843e-14 7.84776e-10 2.81094e-06 0.00121703 0.0636949 0.402951 0.308325 0.0401782 0.0892 0.0817 0.00995796 0.00213886 0.000570852 5.41484e-05 8.83896e-06 6.96823e-07 5.41144e-08 2.70568e-09 7.44343e-11 9.07274e-13 4.00665e-15
#obs catch len freq
 1.75092e-41 2.43016e-33 4.07709e-26 8.26826e-20 2.02687e-14 6.00598e-10 2.15124e-06 0.000931415 0.0487465 0.308385 0.236216 0.0441145 0.153858 0.130367 0.0369284 0.0284574 0.008664 0.00272831 0.000534164 6.34306e-05 3.33207e-06 5.5999e-08 2.22618e-10 1.68053e-13 2.08692e-17
 1.7696e-41 2.45609e-33 4.1206e-26 8.3565e-20 2.0485e-14 6.07007e-10 2.1742e-06 0.000941354 0.0492667 0.311676 0.238786 0.0459623 0.155576 0.124776 0.0361742 0.0263008 0.00777168 0.00230726 0.000415384 4.25837e-05 1.82584e-06 2.38284e-08 7.08606e-11 3.89942e-14 3.46908e-18
 2.18328e-41 3.03025e-33 5.08388e-26 1.031e-19 2.52738e-14 7.48908e-10 2.68246e-06 0.00116141 0.0607838 0.384536 0.294377 0.0433111 0.0986875 0.0745909 0.0219705 0.0149233 0.00426042 0.00118205 0.000195526 1.74277e-05 6.07696e-07 6.10446e-09 1.3494e-11 5.4016e-15 3.4484e-19
 1.74183e-41 2.41754e-33 4.05593e-26 8.22535e-20 2.01635e-14 5.97481e-10 2.14008e-06 0.00092658 0.0484935 0.306785 0.235278 0.0537248 0.183263 0.128595 0.0254375 0.012918 0.0035251 0.000904401 0.000136034 1.05053e-05 2.99061e-07 2.31215e-09 3.78347e-12 1.09763e-15 5.01959e-20
 2.10383e-41 2.91998e-33 4.89888e-26 9.93482e-20 2.4354e-14 7.21655e-10 2.58485e-06 0.00111915 0.0585719 0.370543 0.283839 0.047505 0.114024 0.0770608 0.0276135 0.0161463 0.00294009 0.000554765 7.40316e-05 4.89454e-06 1.13335e-07 6.77077e-10 8.22817e-13 1.72981e-16 5.65761e-21
 2.38294e-41 3.30737e-33 5.54879e-26 1.12528e-19 2.7585e-14 8.17394e-10 2.92777e-06 0.00126762 0.0663424 0.419702 0.321332 0.0454425 0.0786859 0.0485365 0.0112308 0.00558017 0.00156389 0.000287205 2.48706e-05 1.28271e-06 2.38067e-08 1.09651e-10 9.93786e-14 1.52177e-17 3.57043e-22
 1.34506e-41 1.86686e-33 3.13204e-26 6.35172e-20 1.55705e-14 4.61382e-10 1.6526e-06 0.000715517 0.0374473 0.236907 0.182709 0.075783 0.272392 0.155314 0.0267117 0.00980232 0.00183972 0.000342525 3.30579e-05 1.18119e-06 1.53441e-08 5.30174e-11 3.57329e-14 3.99818e-18 6.76383e-23
 2.24476e-41 3.11558e-33 5.22703e-26 1.06003e-19 2.59854e-14 7.69995e-10 2.758e-06 0.00119412 0.0624954 0.395365 0.302907 0.0480721 0.0864415 0.05227 0.0335544 0.0154248 0.00201734 0.000236404 1.85013e-05 6.40119e-07 6.116e-09 1.41367e-11 6.7311e-15 5.44189e-19 6.63813e-24
 2.02726e-41 2.8137e-33 4.72056e-26 9.57321e-20 2.34676e-14 6.95388e-10 2.49077e-06 0.00107842 0.05644 0.357059 0.274209 0.0632858 0.150334 0.0744045 0.0143579 0.00635156 0.00218902 0.000274247 1.29052e-05 3.1596e-07 2.5343e-09 4.41171e-12 1.4167e-15 7.74231e-20 6.58503e-25
 2.0651e-41 2.86622e-33 4.80868e-26 9.7519e-20 2.39056e-14 7.08368e-10 2.53726e-06 0.00109855 0.0574935 0.363725 0.279404 0.0636968 0.138466 0.0666794 0.0211055 0.00708638 0.00104584 0.000184373 1.22249e-05 2.07144e-07 1.06868e-09 1.39156e-12 3.364e-16 1.29382e-20 7.43619e-26
 2.02057e-41 2.80441e-33 4.70498e-26 9.54161e-20 2.33901e-14 6.93093e-10 2.48254e-06 0.00107486 0.0562537 0.355883 0.273748 0.0695234 0.148679 0.0665476 0.0202183 0.00676637 0.00117684 0.000118693 6.98785e-06 1.43793e-07 5.99735e-10 5.0165e-13 8.22539e-17 2.28792e-21 9.5227e-27
 2.13717e-41 2.96625e-33 4.9765e-26 1.00922e-19 2.47399e-14 7.3309e-10 2.62581e-06 0.00113688 0.0595 0.376421 0.289476 0.0678751 0.127018 0.0540207 0.0180426 0.00550307 0.000908497 9.11151e-05 3.82297e-06 5.97812e-08 2.46107e-10 1.79749e-13 2.08093e-17 3.79912e-22 1.06726e-27
 2.09554e-41 2.90848e-33 4.87957e-26 9.89568e-20 2.42581e-14 7.18812e-10 2.57467e-06 0.00111474 0.0583411 0.369093 0.284355 0.0751231 0.138117 0.0535742 0.0152608 0.00426033 0.000692599 6.25483e-05 2.33668e-06 2.71581e-08 7.99627e-11 4.85051e-14 4.83183e-18 6.95617e-23 1.39008e-28
 2.05268e-41 2.84899e-33 4.77977e-26 9.69328e-20 2.37619e-14 7.0411e-10 2.52201e-06 0.00109194 0.0571479 0.361548 0.279116 0.0816347 0.144496 0.0536661 0.0166638 0.00403905 0.000547901 4.44039e-05 1.4444e-06 1.38067e-08 3.03021e-11 1.28757e-14 9.42496e-19 1.06635e-23 1.70556e-29
 1.93197e-41 2.68145e-33 4.49869e-26 9.12325e-20 2.23646e-14 6.62703e-10 2.37369e-06 0.00102773 0.0537872 0.340295 0.263822 0.0938213 0.164185 0.0586455 0.0193413 0.00446018 0.000573296 3.7564e-05 9.97957e-07 7.80455e-09 1.34427e-11 4.25188e-15 2.20422e-19 1.74228e-24 1.99464e-30
 1.75804e-41 2.44005e-33 4.09369e-26 8.30192e-20 2.03512e-14 6.03043e-10 2.16e-06 0.000935206 0.048945 0.309674 0.241782 0.10974 0.188901 0.0679395 0.0256413 0.005683 0.000713823 4.1811e-05 8.85508e-07 5.29457e-09 7.02555e-12 1.69033e-15 6.50357e-20 3.71304e-25 2.99973e-31
 1.97565e-41 2.74207e-33 4.6004e-26 9.32952e-20 2.28702e-14 6.77686e-10 2.42736e-06 0.00105096 0.0550033 0.348 0.270653 0.0974658 0.143541 0.0544429 0.0237212 0.00538885 0.000692107 3.73926e-05 6.74809e-07 3.12984e-09 3.06546e-12 5.42811e-16 1.54293e-20 6.47816e-26 3.81037e-32
 1.92274e-41 2.66863e-33 4.47719e-26 9.07964e-20 2.22577e-14 6.59536e-10 2.36235e-06 0.00102282 0.0535302 0.338697 0.265023 0.111771 0.156681 0.0506352 0.0177752 0.00425496 0.000576493 3.02122e-05 4.81452e-07 1.81907e-09 1.35865e-12 1.75602e-16 3.58574e-21 1.08229e-26 4.59503e-33
 1.90435e-41 2.64311e-33 4.43436e-26 8.99279e-20 2.20448e-14 6.53227e-10 2.33975e-06 0.00101303 0.0530181 0.335473 0.26372 0.118763 0.1549 0.0512291 0.0180222 0.00342336 0.00041452 2.14757e-05 3.13145e-07 9.98831e-10 5.91055e-13 5.78417e-17 8.65545e-22 1.87525e-27 5.66038e-34
 1.93008e-41 2.67882e-33 4.49428e-26 9.11431e-20 2.23427e-14 6.62054e-10 2.37137e-06 0.00102672 0.0537346 0.340023 0.268235 0.122603 0.146532 0.0479444 0.0165403 0.00303746 0.000306665 1.30131e-05 1.68391e-07 4.63572e-10 2.23873e-13 1.71053e-17 1.93511e-22 3.09638e-28 6.78431e-35
 2.00033e-41 2.77633e-33 4.65786e-26 9.44605e-20 2.31559e-14 6.86151e-10 2.45768e-06 0.00106409 0.0556905 0.352414 0.278463 0.122327 0.131994 0.0418641 0.0135849 0.00237053 0.000218438 7.55946e-06 7.60163e-08 1.69253e-10 6.66287e-14 4.05135e-18 3.54723e-23 4.29429e-29 6.99544e-36
 2.00232e-41 2.77908e-33 4.66249e-26 9.45543e-20 2.31789e-14 6.86833e-10 2.46012e-06 0.00106515 0.0557458 0.352796 0.280466 0.129876 0.129125 0.0380043 0.0110168 0.00175382 0.000144437 4.26794e-06 3.36566e-08 5.61201e-11 1.67154e-14 7.83223e-19 5.29774e-24 4.90956e-30 6.0451e-37
 2.04482e-41 2.83808e-33 4.76146e-26 9.65615e-20 2.36709e-14 7.01413e-10 2.51235e-06 0.00108776 0.0569293 0.360314 0.287399 0.130894 0.118532 0.0343426 0.00915164 0.001257 8.79763e-05 2.17308e-06 1.37511e-08 1.74781e-11 3.82561e-15 1.30583e-19 6.48912e-25 4.46583e-31 4.10726e-38
 1.97866e-41 2.74625e-33 4.6074e-26 9.34371e-20 2.2905e-14 6.78717e-10 2.43105e-06 0.00105256 0.0550874 0.348728 0.28177 0.145874 0.124088 0.0340544 0.00826113 0.00102143 5.9153e-05 1.16279e-06 5.77304e-09 5.63681e-12 9.23476e-16 2.30486e-20 8.2525e-26 4.0729e-32 2.69301e-39
 2.02237e-41 2.80692e-33 4.70919e-26 9.55014e-20 2.3411e-14 6.93712e-10 2.48476e-06 0.00107582 0.0563045 0.356475 0.288952 0.143943 0.112465 0.0324415 0.00748506 0.000815423 3.96855e-05 6.15256e-07 2.31297e-09 1.6923e-12 2.06437e-16 3.80056e-21 9.92849e-27 3.53856e-33 1.67614e-40
 2.0035e-41 2.78073e-33 4.66525e-26 9.46104e-20 2.31926e-14 6.8724e-10 2.46158e-06 0.00106578 0.0557795 0.353244 0.289662 0.153084 0.11048 0.029651 0.00635019 0.000653701 2.69206e-05 3.30371e-07 9.39745e-10 5.05434e-13 4.4875e-17 6.00467e-22 1.13925e-27 2.94207e-34 1.00618e-41
 1.94417e-41 2.69838e-33 4.52709e-26 9.18085e-20 2.25058e-14 6.66887e-10 2.38868e-06 0.00103422 0.054128 0.342928 0.286168 0.166089 0.113039 0.0302027 0.00585808 0.000531666 1.90558e-05 1.89744e-07 4.1111e-10 1.63097e-13 1.04871e-17 1.00666e-22 1.366e-28 2.5238e-35 6.18187e-43
 1.86096e-41 2.58289e-33 4.33334e-26 8.78793e-20 2.15426e-14 6.38346e-10 2.28645e-06 0.000989955 0.0518122 0.328461 0.2806 0.181044 0.11786 0.0327167 0.00601336 0.000486477 1.45208e-05 1.17215e-07 1.98076e-10 5.88075e-14 2.75763e-18 1.90451e-23 1.84537e-29 2.42411e-36 4.21348e-44
 1.89971e-41 2.63667e-33 4.42357e-26 8.9709e-20 2.19911e-14 6.51637e-10 2.33406e-06 0.00101057 0.0528908 0.335243 0.284 0.172379 0.114033 0.0336688 0.00626455 0.000494776 1.33535e-05 9.27723e-08 1.32538e-10 3.29074e-14 1.27076e-18 7.11945e-24 5.53762e-30 5.80389e-37 8.02165e-45
#spawning biomass
 13080.7 14055.9 18568 22198 38889.9 54901.2 52544.2 63510.7 76248.1 91481.5 118402 157676 207554 228319 215090 187738 182309 180578 177307 167358 168733 183839 211752 230482 236464 239993 219107 209180 214186 191167 4187.69 4187.69 4187.69 4187.69 4187.69 4187.69 4187.69 4187.69 4187.69 4187.69 4187.69 4187.69 4187.69 4187.69 4187.69 4187.69 4187.69 4187.69 4187.69 4187.69 4187.69 4187.69 4187.69 4187.69 4187.69 4187.69 4187.69 4187.69 4187.69 4187.69 4187.69 4187.69 4187.69 4187.69 4187.69 4187.69 4187.69 4187.69 4187.69 4187.69 4187.69 4187.69 4187.69 4187.69 4187.69 4187.69 4187.69 4187.69 4187.69 4187.69 4187.69 4187.69 4187.69 4187.69 4187.69 4187.69 4187.69 4187.69 4187.69 4187.69 4187.69 4187.69 4187.69 4187.69 4187.69 4187.69 4187.69 4187.69 4187.69 4187.69 4187.69 4187.69 4187.69 4187.69 4187.69 4187.69 4187.69 4187.69 4187.69 4187.69 4187.69 4187.69 4187.69 4187.69 4187.69 4187.69 4187.69 4187.69 4187.69 4187.69 4187.69 4187.69 4187.69 4187.69 4187.69 4187.69 4187.69 4187.69 4187.69 0 0 0 0 0 0 0 0 0 0 0 0 0 0 0 0 0 0 0 0 0 0 0 0 0
