SBPRF35
0.0104071
Curr Bio
132081
B35
42237.8
F35
8.27133
FOFL
8.27133
OFL
314953
Bzero
2973.46
#pred survey bio
 9421.25 7157.14 7734.48 8562.89 12233.4 15557.4 16494.3 20687.5 37555.6 60572 79480.3 102776 130332 146000 139229 120069 110486 104327 109440 114898 118105 129159 146261 157610 176319 183582 171169 162165 3.69128e+06 813401 170130 67711.2 47417.4 43594.9 42925.6 42811.7 42792.5 42789.3 42788.8 42788.7 42788.7 42788.7 42788.7 42788.7 42788.7 42788.7 42788.7 42788.7 42788.7 42788.7 42788.7 42788.7 42788.7 42788.7 42788.7 42788.7 42788.7 42788.7 42788.7 42788.7 42788.7 42788.7 42788.7 42788.7 42788.7 42788.7 42788.7 42788.7 42788.7 42788.7 42788.7 42788.7 42788.7 42788.7 42788.7 42788.7 42788.7 42788.7 42788.7 42788.7 42788.7 42788.7 42788.7 42788.7 42788.7 42788.7 42788.7 42788.7 42788.7 42788.7 42788.7 42788.7 42788.7 42788.7 42788.7 42788.7 42788.7 42788.7 42788.7 42788.7 42788.7 42788.7 42788.7 42788.7 42788.7 42788.7 42788.7 42788.7 42788.7 42788.7 42788.7 42788.7 42788.7 42788.7 42788.7 42788.7 42788.7 42788.7 42788.7 42788.7 42788.7 42788.7 42788.7 42788.7 42788.7 42788.7 42788.7 42788.7 0 0 0 0 0 0 0 0 0 0 0 0 0 0 0 0 0 0 0 0 0 0 0 0 0
#obs survey bio
 7024.08 7262.52 6005.49 9533.68 18264.4 12905.5 24666.9 18257.7 46023.1 59929.6 133564 102554 177012 131189 134962 130456 98587.9 78378.1 116226 108841 97516.1 152569 150162 138067 157423 161351 116865 161765
#pred catch bio
 5397.5 5390.91 5706.59 4585.19 6196.28 10608.7 10524.2 11939.9 17785 32917.7 43687.6 61581.7 81290.8 97884.3 110818 89579.3 91885.2 81138.3 80189.7 86800.8 88196.1 86125.4 100236 107147 115717 123228 112783 101976 314953 43355.5 4578.02 3773.23 3771.84 3771.84 3771.84 3771.84 3771.84 3771.84 3771.84 3771.84 3771.84 3771.84 3771.84 3771.84 3771.84 3771.84 3771.84 3771.84 3771.84 3771.84 3771.84 3771.84 3771.84 3771.84 3771.84 3771.84 3771.84 3771.84 3771.84 3771.84 3771.84 3771.84 3771.84 3771.84 3771.84 3771.84 3771.84 3771.84 3771.84 3771.84 3771.84 3771.84 3771.84 3771.84 3771.84 3771.84 3771.84 3771.84 3771.84 3771.84 3771.84 3771.84 3771.84 3771.84 3771.84 3771.84 3771.84 3771.84 3771.84 3771.84 3771.84 3771.84 3771.84 3771.84 3771.84 3771.84 3771.84 3771.84 3771.84 3771.84 3771.84 3771.84 3771.84 3771.84 3771.84 3771.84 3771.84 3771.84 3771.84 3771.84 3771.84 3771.84 3771.84 3771.84 3771.84 3771.84 3771.84 3771.84 3771.84 3771.84 3771.84 3771.84 3771.84 3771.84 3771.84 3771.84 3771.84 3771.84 0 0 0 0 0 0 0 0 0 0 0 0 0 0 0 0 0 0 0 0 0 0 0 0 0
#obs catch bio
 5128.86 5468.59 5774.84 4577.85 6127.97 10583.6 10465.5 11958.1 17657.7 32679.6 43436.1 61356.2 80440.2 96939.4 111489 89250.7 92306.2 81632.9 80539.5 86864.1 88636.9 86497.1 100266 107786 116131 123437 113378 102007
#pred cpue bio
 8989.97 6332.71 6826.77 7566.26 10711.4 13766.4 14656.2 18177 32392.5 52893.1 70109.2 90582.5 114771 129651 124796 107493 98686.9 92580.2 96771.9 101910 104740 114054 129432 139829 155942 163569 153601 145167 3.29885e+06 798813 173217 63871.7 41982.5 37962.7 37275.1 37159.8 37140.6 37137.3 37136.8 37136.7 37136.7 37136.7 37136.7 37136.7 37136.7 37136.7 37136.7 37136.7 37136.7 37136.7 37136.7 37136.7 37136.7 37136.7 37136.7 37136.7 37136.7 37136.7 37136.7 37136.7 37136.7 37136.7 37136.7 37136.7 37136.7 37136.7 37136.7 37136.7 37136.7 37136.7 37136.7 37136.7 37136.7 37136.7 37136.7 37136.7 37136.7 37136.7 37136.7 37136.7 37136.7 37136.7 37136.7 37136.7 37136.7 37136.7 37136.7 37136.7 37136.7 37136.7 37136.7 37136.7 37136.7 37136.7 37136.7 37136.7 37136.7 37136.7 37136.7 37136.7 37136.7 37136.7 37136.7 37136.7 37136.7 37136.7 37136.7 37136.7 37136.7 37136.7 37136.7 37136.7 37136.7 37136.7 37136.7 37136.7 37136.7 37136.7 37136.7 37136.7 37136.7 37136.7 37136.7 37136.7 37136.7 37136.7 37136.7 37136.7 0 0 0 0 0 0 0 0 0 0 0 0 0 0 0 0 0 0 0 0 0 0 0 0 0
#obs cpue bio
 6260.51 4881.6 7161.92 9898.08 12684.3 12369.1 11520.9 15513.2 40568.2 66202.7 37840.7 96666.1 128812 143374 80002.2 138082 84001.7 102171 86292.8 126934 99795.2 84103.3 158255 113467 183547 196742 181935 172019
#pred surv len freq
 2.14552e-27 2.17216e-27 6.47837e-27 1.47347e-21 8.76332e-17 1.19823e-12 3.76664e-09 2.72216e-06 0.000452284 0.0172769 0.151727 0.30634 0.142571 0.0251914 0.0615501 0.086489 0.0370041 0.0349078 0.0323329 0.0239783 0.0211478 0.0184213 0.0181576 0.0159469 0.00650322
 2.1493e-27 2.18313e-27 7.71581e-27 1.89334e-21 1.12604e-16 1.53966e-12 4.83995e-09 3.49785e-06 0.000581162 0.0222 0.194962 0.39363 0.183014 0.0275092 0.0493996 0.0689039 0.0255841 0.0136279 0.0105338 0.00453503 0.00247047 0.00131356 0.000866191 0.000623084 0.000243215
 2.14874e-27 2.18176e-27 7.56447e-27 1.84197e-21 1.09549e-16 1.49788e-12 4.70862e-09 3.40293e-06 0.000565392 0.0215976 0.189671 0.382949 0.178131 0.0289844 0.0616252 0.0860208 0.0301251 0.0104833 0.00703978 0.0019964 0.000587546 0.000152786 4.287e-05 1.778e-05 5.8984e-06
 2.14877e-27 2.18185e-27 7.57771e-27 1.84647e-21 1.09817e-16 1.50155e-12 4.72014e-09 3.41126e-06 0.000566775 0.0216504 0.190135 0.383886 0.178553 0.0286955 0.0595796 0.083188 0.0298255 0.0125965 0.00871561 0.00210439 0.000421217 6.98587e-05 7.74991e-06 9.70639e-07 1.74862e-07
 2.14968e-27 2.18408e-27 7.81501e-27 1.92697e-21 1.14605e-16 1.56701e-12 4.92593e-09 3.55998e-06 0.000591486 0.0225944 0.198425 0.400622 0.186257 0.0277847 0.0489748 0.0682507 0.0246909 0.0111301 0.00789328 0.00214813 0.000541811 8.55075e-05 6.68005e-06 3.52723e-07 1.55218e-08
 2.14858e-27 2.18136e-27 7.52423e-27 1.82832e-21 1.08737e-16 1.48679e-12 4.67374e-09 3.37773e-06 0.000561204 0.0214376 0.188266 0.380113 0.17682 0.0289983 0.0625653 0.0873693 0.0309214 0.0118031 0.00810967 0.00228749 0.000623465 0.000109395 1.01629e-05 5.01719e-07 1.1128e-08
 2.1483e-27 2.18069e-27 7.45557e-27 1.80504e-21 1.07353e-16 1.46786e-12 4.61423e-09 3.33472e-06 0.000554059 0.0211647 0.185869 0.375273 0.174584 0.0290172 0.064139 0.0896314 0.0323272 0.0142576 0.00999279 0.00252273 0.000560051 9.4473e-05 8.96256e-06 4.77607e-07 1.12136e-08
 2.1494e-27 2.1834e-27 7.74358e-27 1.90274e-21 1.13164e-16 1.54731e-12 4.86399e-09 3.51522e-06 0.000584048 0.0223103 0.19593 0.395585 0.183935 0.0279777 0.0516714 0.0720618 0.0261737 0.0121219 0.00863312 0.00233022 0.000581221 9.33347e-05 7.60328e-06 3.79004e-07 9.13676e-09
 2.15079e-27 2.18682e-27 8.1029e-27 2.02462e-21 1.20412e-16 1.64642e-12 5.17555e-09 3.74038e-06 0.000621459 0.0237393 0.20848 0.420923 0.195612 0.0269903 0.038007 0.0527541 0.0187133 0.0072806 0.00502073 0.00140596 0.00037749 6.49501e-05 5.86279e-06 2.89012e-07 6.31528e-09
 2.14962e-27 2.1839e-27 7.79099e-27 1.9188e-21 1.14118e-16 1.56037e-12 4.90503e-09 3.54488e-06 0.000588977 0.0224985 0.197583 0.398923 0.185491 0.0283288 0.0528084 0.0735732 0.0254633 0.00788503 0.00509135 0.00135649 0.000338419 6.02377e-05 6.03826e-06 3.29861e-07 7.83355e-09
 2.14888e-27 2.1821e-27 7.60309e-27 1.85507e-21 1.10328e-16 1.50854e-12 4.74212e-09 3.42715e-06 0.000569415 0.0217513 0.191021 0.385674 0.17938 0.0286996 0.0590655 0.0824466 0.0293355 0.0116855 0.00798464 0.0019287 0.000385846 6.24393e-05 5.79521e-06 3.20328e-07 8.244e-09
 2.14908e-27 2.18261e-27 7.65885e-27 1.874e-21 1.11454e-16 1.52394e-12 4.79051e-09 3.46212e-06 0.000575225 0.0219732 0.19297 0.389609 0.181185 0.0283272 0.0556064 0.0775994 0.028008 0.0124203 0.00875547 0.00231716 0.000555923 8.67399e-05 6.68868e-06 3.21375e-07 7.7782e-09
 2.14909e-27 2.18264e-27 7.66072e-27 1.87463e-21 1.11491e-16 1.52445e-12 4.79211e-09 3.46328e-06 0.000575418 0.0219806 0.193035 0.38974 0.18125 0.0284276 0.0561795 0.0783869 0.0280059 0.0115279 0.00802895 0.00219361 0.000563327 9.4398e-05 8.15842e-06 3.84924e-07 8.00523e-09
 2.14829e-27 2.18066e-27 7.45101e-27 1.80349e-21 1.0726e-16 1.46659e-12 4.61026e-09 3.33185e-06 0.000553581 0.0211464 0.185709 0.37495 0.174439 0.0291495 0.0650445 0.0908851 0.0324566 0.0133101 0.00922792 0.0024298 0.000586141 9.91503e-05 9.07555e-06 4.62276e-07 1.03008e-08
 2.14749e-27 2.17871e-27 7.24677e-27 1.73422e-21 1.03141e-16 1.41026e-12 4.43319e-09 3.20388e-06 0.000532319 0.0203342 0.178576 0.360549 0.167798 0.0296022 0.0721485 0.100945 0.0366449 0.0169055 0.011986 0.00311659 0.000728515 0.000118442 1.01656e-05 5.11901e-07 1.1914e-08
 2.14768e-27 2.17918e-27 7.29834e-27 1.75172e-21 1.04181e-16 1.4245e-12 4.47792e-09 3.23621e-06 0.000537691 0.0205394 0.180378 0.364187 0.16947 0.0293304 0.0693924 0.0970759 0.0354938 0.0171624 0.0122884 0.00323669 0.000771527 0.000122346 9.72553e-06 4.51584e-07 9.79539e-09
 2.1479e-27 2.17974e-27 7.35698e-27 1.77161e-21 1.05364e-16 1.44067e-12 4.52876e-09 3.27295e-06 0.000543796 0.0207726 0.182426 0.368322 0.171375 0.0291584 0.0670964 0.0938319 0.0342414 0.016356 0.011725 0.00319291 0.000810566 0.000132136 1.0827e-05 4.9846e-07 1.02168e-08
 2.14844e-27 2.18104e-27 7.49292e-27 1.81771e-21 1.08106e-16 1.47816e-12 4.64663e-09 3.35813e-06 0.000557948 0.0213132 0.187174 0.377908 0.175796 0.0288759 0.0624826 0.0872966 0.0314991 0.0139401 0.00982112 0.00259556 0.000625823 0.000101921 8.53246e-06 4.00015e-07 8.25081e-09
 2.14873e-27 2.18174e-27 7.56552e-27 1.84234e-21 1.09571e-16 1.49819e-12 4.70957e-09 3.40362e-06 0.000565506 0.0216019 0.189709 0.383026 0.178157 0.0287171 0.0599705 0.0837397 0.0300265 0.0126968 0.00885013 0.00230353 0.000538619 8.62405e-05 7.0685e-06 3.31817e-07 7.01067e-09
 2.14841e-27 2.18097e-27 7.48341e-27 1.81448e-21 1.07914e-16 1.47553e-12 4.63836e-09 3.35216e-06 0.000556956 0.0212753 0.186841 0.377236 0.175491 0.0290257 0.0635998 0.0888515 0.0317789 0.0131841 0.00914794 0.00236712 0.000546902 8.70268e-05 7.05995e-06 3.27708e-07 6.87208e-09
 2.14847e-27 2.18111e-27 7.4998e-27 1.82005e-21 1.08245e-16 1.48006e-12 4.65258e-09 3.36244e-06 0.000558664 0.0213406 0.187414 0.378392 0.176021 0.028898 0.0624717 0.0872747 0.0314035 0.0136211 0.00952668 0.00243413 0.000547222 8.59416e-05 6.84323e-06 3.12691e-07 6.46638e-09
 2.14887e-27 2.18208e-27 7.60249e-27 1.85488e-21 1.10317e-16 1.50838e-12 4.74163e-09 3.42679e-06 0.000569355 0.021749 0.191001 0.385634 0.179357 0.0285713 0.0582947 0.0813807 0.0292359 0.0125362 0.00876377 0.00228192 0.000532202 8.35949e-05 6.52879e-06 2.93024e-07 5.96388e-09
 2.14864e-27 2.18153e-27 7.54325e-27 1.83478e-21 1.09121e-16 1.49204e-12 4.69025e-09 3.38966e-06 0.000563186 0.0215133 0.188931 0.381455 0.177434 0.0288112 0.0610182 0.0852128 0.0304952 0.0127091 0.00884641 0.00234123 0.00056581 9.17329e-05 7.5815e-06 3.50581e-07 7.13941e-09
 2.14843e-27 2.18102e-27 7.48964e-27 1.8166e-21 1.0804e-16 1.47726e-12 4.64377e-09 3.35607e-06 0.000557606 0.0213002 0.187059 0.377676 0.175691 0.0289371 0.062926 0.0879134 0.0316058 0.0136243 0.00953495 0.0024843 0.000583508 9.49567e-05 8.05703e-06 3.86026e-07 8.19997e-09
 2.14876e-27 2.18184e-27 7.57764e-27 1.84645e-21 1.09816e-16 1.50153e-12 4.72009e-09 3.41122e-06 0.000566769 0.0216502 0.190133 0.383882 0.178547 0.0285856 0.0589095 0.0822595 0.0297107 0.01324 0.00934107 0.0024702 0.000595595 9.64689e-05 8.0294e-06 3.84796e-07 8.37234e-09
 2.148e-27 2.17996e-27 7.37746e-27 1.77854e-21 1.05777e-16 1.44631e-12 4.54649e-09 3.28576e-06 0.000545924 0.0208539 0.18314 0.369764 0.172048 0.0293324 0.0677242 0.0946741 0.033954 0.0143811 0.010063 0.00271353 0.000679856 0.000112469 9.62917e-06 4.65062e-07 1.00516e-08
 2.14743e-27 2.17857e-27 7.23334e-27 1.72967e-21 1.0287e-16 1.40656e-12 4.42155e-09 3.19547e-06 0.000530922 0.0202809 0.178108 0.359603 0.167359 0.029551 0.0721208 0.100923 0.0368632 0.01771 0.0126653 0.00333579 0.000801445 0.000133132 1.17305e-05 5.81426e-07 1.28239e-08
 2.1478e-27 2.1795e-27 7.33403e-27 1.76383e-21 1.04902e-16 1.43435e-12 4.50889e-09 3.25859e-06 0.00054141 0.0206815 0.181626 0.366706 0.170624 0.0290449 0.0668908 0.0935748 0.0345932 0.0179028 0.0130421 0.00363426 0.000960574 0.00016009 1.37325e-05 6.80044e-07 1.53685e-08
#obs surv len freq
 1.2306e-39 6.02293e-33 6.77709e-27 1.75317e-21 1.04268e-16 1.42567e-12 4.48161e-09 3.23887e-06 0.000538142 0.0205563 0.180526 0.364487 0.169608 0.0293051 0.069148 0.0967102 0.035039 0.0159862 0.0117107 0.00414565 0.00164828 0.00047552 9.93029e-05 1.27441e-05 8.39337e-07
 1.31876e-39 6.45441e-33 7.2626e-27 1.87877e-21 1.11737e-16 1.52781e-12 4.80267e-09 3.4709e-06 0.000576695 0.022029 0.193459 0.390598 0.181637 0.0281743 0.0543753 0.0758662 0.0274003 0.01223 0.00890472 0.00310739 0.00121391 0.000345001 7.08181e-05 8.88797e-06 5.67211e-07
 1.15441e-39 5.65003e-33 6.3575e-27 1.64462e-21 9.7812e-17 1.3374e-12 4.20414e-09 3.03834e-06 0.000504824 0.0192836 0.169349 0.341921 0.159236 0.0309145 0.0857738 0.120061 0.042149 0.0150166 0.0103778 0.00356948 0.00137021 0.000382683 7.69893e-05 9.4788e-06 5.91779e-07
 1.34794e-39 6.59721e-33 7.42328e-27 1.92033e-21 1.14209e-16 1.56161e-12 4.90893e-09 3.54769e-06 0.000589454 0.0225164 0.197739 0.399239 0.185607 0.0274956 0.0476276 0.0664073 0.0247844 0.0135504 0.0100456 0.00305357 0.00100914 0.000272339 5.36037e-05 6.45961e-06 3.95054e-07
 1.39195e-39 6.81262e-33 7.66566e-27 1.98304e-21 1.17939e-16 1.6126e-12 5.06921e-09 3.66353e-06 0.000608701 0.0232516 0.204195 0.412274 0.191635 0.0275538 0.0440539 0.0612432 0.0212271 0.00669322 0.00455156 0.0017668 0.000728091 0.000178325 3.10311e-05 3.58239e-06 2.14013e-07
 1.26973e-39 6.21446e-33 6.99261e-27 1.80892e-21 1.07583e-16 1.47101e-12 4.62413e-09 3.34187e-06 0.000555256 0.0212101 0.186267 0.376078 0.174977 0.0295788 0.0673255 0.0940104 0.0323262 0.00932827 0.00592591 0.00169216 0.000532658 0.000156403 3.05298e-05 3.22531e-06 1.77986e-07
 1.27335e-39 6.23216e-33 7.01253e-27 1.81407e-21 1.0789e-16 1.4752e-12 4.6373e-09 3.35138e-06 0.000556837 0.0212705 0.186797 0.377149 0.175449 0.0289792 0.0633424 0.0884946 0.0317282 0.0134096 0.00938825 0.00256322 0.000687752 0.000151418 2.61743e-05 3.07866e-06 1.71012e-07
 1.42074e-39 6.95356e-33 7.82425e-27 2.02406e-21 1.20378e-16 1.64596e-12 5.17408e-09 3.73932e-06 0.000621293 0.0237326 0.20842 0.420803 0.195555 0.0269341 0.0377003 0.0523274 0.0186302 0.00747416 0.00529145 0.0017534 0.000605926 0.000127943 1.75583e-05 1.67513e-06 9.17258e-08
 1.4187e-39 6.94353e-33 7.81298e-27 2.02114e-21 1.20205e-16 1.64359e-12 5.16663e-09 3.73393e-06 0.000620398 0.0236984 0.208119 0.420197 0.19529 0.0273408 0.0403658 0.0560208 0.0190681 0.00486805 0.00299924 0.000965786 0.000340892 8.67403e-05 1.39666e-05 1.1962e-06 5.31112e-08
 1.35075e-39 6.61101e-33 7.43881e-27 1.92435e-21 1.14448e-16 1.56487e-12 4.9192e-09 3.55511e-06 0.000590687 0.0225635 0.198152 0.400074 0.186027 0.0284103 0.0529599 0.0737627 0.0251993 0.00672961 0.00411906 0.00106393 0.000266818 6.41682e-05 1.12608e-05 1.12809e-06 5.13262e-08
 1.31527e-39 6.43735e-33 7.24341e-27 1.8738e-21 1.11442e-16 1.52377e-12 4.78998e-09 3.46173e-06 0.000575171 0.0219708 0.192947 0.389566 0.18118 0.0287099 0.0579559 0.0808433 0.0282272 0.00954664 0.00631513 0.00166147 0.000408508 7.80793e-05 1.04921e-05 1.03209e-06 5.21537e-08
 1.35615e-39 6.63741e-33 7.46852e-27 1.93204e-21 1.14905e-16 1.57112e-12 4.93884e-09 3.56931e-06 0.000593046 0.0226536 0.198944 0.401672 0.18675 0.0279845 0.0498786 0.0694775 0.0244739 0.0089781 0.00613655 0.00180336 0.000532748 0.000105083 1.27317e-05 9.82684e-07 4.31339e-08
 1.33915e-39 6.5542e-33 7.37489e-27 1.90781e-21 1.13465e-16 1.55143e-12 4.87692e-09 3.52456e-06 0.000585611 0.0223696 0.19645 0.396636 0.184437 0.0283878 0.0538584 0.0750583 0.026049 0.00830732 0.00549294 0.00168403 0.000541251 0.000120803 1.68528e-05 1.28616e-06 4.7952e-08
 1.28809e-39 6.30429e-33 7.09368e-27 1.83507e-21 1.09138e-16 1.49227e-12 4.69097e-09 3.39017e-06 0.000563282 0.0215166 0.188959 0.381513 0.177471 0.029077 0.0626238 0.0874247 0.0305703 0.0104895 0.00702474 0.00200987 0.000592528 0.00013761 2.13863e-05 1.85779e-06 7.40218e-08
 1.16765e-39 5.71484e-33 6.43043e-27 1.66349e-21 9.89341e-17 1.35274e-12 4.25236e-09 3.07319e-06 0.000510615 0.0195048 0.171292 0.345844 0.161037 0.0305788 0.0825424 0.115542 0.0410558 0.0161969 0.0112718 0.00334264 0.00101945 0.000223244 3.32051e-05 3.07173e-06 1.36677e-07
 1.26593e-39 6.19583e-33 6.97165e-27 1.8035e-21 1.07261e-16 1.4666e-12 4.61027e-09 3.33185e-06 0.000553592 0.0211465 0.185708 0.37495 0.174419 0.0286036 0.0617121 0.086271 0.0319392 0.0166862 0.012361 0.00395308 0.00133714 0.000305724 4.56232e-05 4.05113e-06 1.82065e-07
 1.23644e-39 6.05153e-33 6.80928e-27 1.7615e-21 1.04763e-16 1.43244e-12 4.5029e-09 3.25425e-06 0.000540699 0.020654 0.181383 0.366218 0.170416 0.0294971 0.0697984 0.0975777 0.0346731 0.0137069 0.00984309 0.00371954 0.00151734 0.000382931 6.26399e-05 5.74698e-06 2.55015e-07
 1.27789e-39 6.25441e-33 7.03756e-27 1.82055e-21 1.08275e-16 1.48046e-12 4.65385e-09 3.36335e-06 0.000558825 0.0213464 0.187464 0.378495 0.176064 0.0287606 0.0616024 0.0860581 0.031071 0.0138269 0.0099563 0.00320494 0.00117046 0.00034414 6.71346e-05 6.86732e-06 3.24252e-07
 1.24959e-39 6.11585e-33 6.88166e-27 1.78022e-21 1.05876e-16 1.44767e-12 4.55076e-09 3.28884e-06 0.000546446 0.0208735 0.183311 0.370111 0.17221 0.0293537 0.0677501 0.0946892 0.0336457 0.0132867 0.00940997 0.00322443 0.00120469 0.000312819 6.04338e-05 7.1908e-06 3.88876e-07
 1.26312e-39 6.18209e-33 6.95619e-27 1.7995e-21 1.07023e-16 1.46335e-12 4.60004e-09 3.32446e-06 0.000552364 0.0210996 0.185297 0.374119 0.17405 0.029023 0.0645233 0.0901676 0.032419 0.0140025 0.0100223 0.00321564 0.00113654 0.00030495 5.71002e-05 6.48033e-06 3.77007e-07
 1.27624e-39 6.2463e-33 7.02844e-27 1.81819e-21 1.08135e-16 1.47855e-12 4.64782e-09 3.35899e-06 0.000558101 0.0213187 0.187221 0.378004 0.175842 0.0288912 0.0625475 0.0873703 0.0312602 0.0130267 0.00931427 0.00313875 0.00115074 0.00029325 5.32391e-05 5.98943e-06 3.38718e-07
 1.26555e-39 6.19397e-33 6.96956e-27 1.80296e-21 1.07229e-16 1.46616e-12 4.60888e-09 3.33085e-06 0.000553426 0.0211401 0.185653 0.374838 0.174386 0.0291014 0.064785 0.0905157 0.0322552 0.0130278 0.00922832 0.00304986 0.0011099 0.000293843 5.36395e-05 5.81727e-06 3.21802e-07
 1.25945e-39 6.16412e-33 6.93597e-27 1.79427e-21 1.06712e-16 1.45909e-12 4.58667e-09 3.3148e-06 0.000550758 0.0210383 0.184758 0.373031 0.173551 0.0291134 0.0654027 0.0914002 0.032759 0.0138268 0.00986585 0.00320431 0.00113734 0.00029647 5.45975e-05 6.02316e-06 3.28111e-07
 1.26335e-39 6.1832e-33 6.95743e-27 1.79982e-21 1.07042e-16 1.46361e-12 4.60087e-09 3.32506e-06 0.000552463 0.0211034 0.18533 0.374186 0.174082 0.0290379 0.0645935 0.0902616 0.0323806 0.0137633 0.00986531 0.00328302 0.00119131 0.000305491 5.4973e-05 6.03901e-06 3.32217e-07
 1.26608e-39 6.19658e-33 6.97249e-27 1.80372e-21 1.07274e-16 1.46678e-12 4.61082e-09 3.33225e-06 0.000553658 0.021149 0.185731 0.374995 0.174455 0.0290051 0.0641495 0.0896341 0.0321376 0.0136041 0.00974824 0.00325994 0.00119718 0.000313972 5.69794e-05 6.15393e-06 3.3457e-07
 1.19503e-39 5.84884e-33 6.58121e-27 1.7025e-21 1.01254e-16 1.38446e-12 4.35207e-09 3.14525e-06 0.000522588 0.0199622 0.175308 0.353952 0.164763 0.0299858 0.0764784 0.107019 0.0383704 0.0162398 0.0116334 0.00388264 0.00142492 0.000376591 6.95554e-05 7.62166e-06 4.12572e-07
 1.19859e-39 5.86626e-33 6.6008e-27 1.70757e-21 1.01555e-16 1.38859e-12 4.36503e-09 3.15462e-06 0.000524144 0.0200216 0.17583 0.355006 0.165233 0.0295207 0.0733218 0.10264 0.0377718 0.0190453 0.0140977 0.00470813 0.00172671 0.000455823 8.4505e-05 9.38189e-06 5.15205e-07
 1.23152e-39 6.02742e-33 6.78215e-27 1.75448e-21 1.04345e-16 1.42673e-12 4.48495e-09 3.24128e-06 0.000538544 0.0205717 0.180661 0.364759 0.169726 0.029108 0.067863 0.094926 0.0347723 0.0170556 0.0127459 0.00472894 0.00192141 0.000513258 9.51383e-05 1.05868e-05 5.8662e-07
#pred catch len freq
 2.14525e-27 2.17193e-27 6.47837e-27 1.47354e-21 8.76369e-17 1.19828e-12 3.7668e-09 2.72228e-06 0.000452302 0.0172776 0.151733 0.306353 0.142603 0.0258982 0.0658627 0.0925574 0.0391742 0.0357699 0.0324825 0.0225909 0.0189048 0.0155867 0.0147843 0.012777 0.00518945
 2.14923e-27 2.18296e-27 7.69812e-27 1.88734e-21 1.12247e-16 1.53478e-12 4.8246e-09 3.48675e-06 0.000579319 0.0221296 0.194343 0.392382 0.182445 0.02774 0.051185 0.0714034 0.0262498 0.0131747 0.00998773 0.00403498 0.00205225 0.00102344 0.000640982 0.000450627 0.000174919
 2.14859e-27 2.18139e-27 7.5243e-27 1.82833e-21 1.08738e-16 1.4868e-12 4.67377e-09 3.37775e-06 0.000561208 0.0214378 0.188268 0.380116 0.17683 0.0292104 0.0638587 0.0891555 0.0310486 0.0102412 0.00675056 0.0018414 0.000504158 0.000124303 3.27218e-05 1.30592e-05 4.28913e-06
 2.14844e-27 2.18103e-27 7.4897e-27 1.81661e-21 1.08041e-16 1.47727e-12 4.64381e-09 3.35609e-06 0.00055761 0.0213003 0.187061 0.377679 0.175696 0.0290327 0.063509 0.088722 0.0317171 0.0131034 0.00900869 0.00213286 0.000404758 6.50092e-05 6.8848e-06 8.22093e-07 1.44408e-07
 2.14936e-27 2.18331e-27 7.73324e-27 1.89923e-21 1.12955e-16 1.54445e-12 4.85501e-09 3.50873e-06 0.000582971 0.0222691 0.195568 0.394855 0.183602 0.0280844 0.0525426 0.073278 0.0264429 0.0117101 0.00825507 0.00219114 0.000527594 8.15068e-05 6.14599e-06 3.13378e-07 1.33171e-08
 2.14838e-27 2.18086e-27 7.4702e-27 1.80999e-21 1.07647e-16 1.47188e-12 4.62688e-09 3.34386e-06 0.000555577 0.0212227 0.186378 0.376302 0.175068 0.0292644 0.0653385 0.0912658 0.0321301 0.0117194 0.0079348 0.00216024 0.00055373 9.42539e-05 8.41342e-06 4.04278e-07 8.76305e-09
 2.14805e-27 2.18008e-27 7.38936e-27 1.78258e-21 1.06017e-16 1.44959e-12 4.5568e-09 3.29321e-06 0.000547163 0.0209012 0.183556 0.370603 0.172435 0.0293153 0.0673666 0.0941699 0.0337829 0.0143315 0.00994195 0.00244492 0.00051027 8.32791e-05 7.58833e-06 3.93265e-07 9.054e-09
 2.14913e-27 2.18275e-27 7.6741e-27 1.87917e-21 1.11762e-16 1.52814e-12 4.80373e-09 3.47167e-06 0.000576813 0.0220339 0.193502 0.390684 0.18168 0.0282569 0.0548527 0.0765404 0.0276815 0.0124489 0.00879227 0.00230801 0.000545863 8.55145e-05 6.7075e-06 3.24051e-07 7.65078e-09
 2.15052e-27 2.18615e-27 8.03223e-27 2.00065e-21 1.18986e-16 1.62693e-12 5.11426e-09 3.69609e-06 0.000614101 0.0234582 0.206011 0.415939 0.193318 0.0272492 0.0410896 0.0570975 0.0202235 0.00776963 0.00532851 0.00145537 0.000373976 6.28656e-05 5.48855e-06 2.64192e-07 5.66518e-09
 2.14933e-27 2.18318e-27 7.71403e-27 1.89269e-21 1.12566e-16 1.53913e-12 4.83829e-09 3.49665e-06 0.000580963 0.0221924 0.194895 0.393495 0.182994 0.0286382 0.0563332 0.0785348 0.0271232 0.00821123 0.00525147 0.00136336 0.000322841 5.58194e-05 5.3938e-06 2.87482e-07 6.70268e-09
 2.14856e-27 2.18132e-27 7.51935e-27 1.82667e-21 1.08639e-16 1.48544e-12 4.66951e-09 3.37467e-06 0.000560696 0.0214182 0.188096 0.379769 0.176662 0.0290283 0.0628518 0.0877777 0.0311388 0.0121064 0.00821219 0.00194401 0.00036831 5.77913e-05 5.16221e-06 2.77411e-07 7.00253e-09
 2.14882e-27 2.18197e-27 7.59046e-27 1.8508e-21 1.10074e-16 1.50507e-12 4.73119e-09 3.41925e-06 0.000568103 0.0217011 0.190581 0.384785 0.178966 0.0286131 0.0588052 0.0821009 0.0294982 0.012659 0.00884146 0.00227612 0.000516652 7.86389e-05 5.83803e-06 2.71299e-07 6.42105e-09
 2.14886e-27 2.18205e-27 7.59767e-27 1.85324e-21 1.10219e-16 1.50705e-12 4.73743e-09 3.42376e-06 0.000568852 0.0217298 0.190832 0.385293 0.179204 0.0287035 0.0592045 0.0826418 0.029389 0.0116624 0.00803273 0.0021282 0.00051609 8.41232e-05 6.99897e-06 3.21323e-07 6.54483e-09
 2.14807e-27 2.18012e-27 7.39249e-27 1.78363e-21 1.0608e-16 1.45045e-12 4.5595e-09 3.29517e-06 0.000547487 0.0209136 0.183665 0.370822 0.172541 0.0294316 0.0680104 0.095053 0.0337574 0.0132492 0.00907025 0.00231682 0.000524803 8.60136e-05 7.55895e-06 3.7422e-07 8.17269e-09
 2.1474e-27 2.17848e-27 7.22074e-27 1.72538e-21 1.02615e-16 1.40308e-12 4.41059e-09 3.18755e-06 0.000529607 0.0202306 0.177666 0.358712 0.166958 0.0298347 0.0741216 0.103703 0.0373007 0.0161332 0.0112592 0.00282909 0.000614602 9.65627e-05 7.92348e-06 3.85699e-07 8.77532e-09
 2.14754e-27 2.17883e-27 7.25963e-27 1.73858e-21 1.034e-16 1.41381e-12 4.44434e-09 3.21193e-06 0.000533658 0.0203854 0.179025 0.361456 0.168217 0.0295883 0.0717903 0.100436 0.0364087 0.0166351 0.0117501 0.00299363 0.00066655 0.000102545 7.8157e-06 3.50886e-07 7.43791e-09
 2.14786e-27 2.17963e-27 7.34317e-27 1.76691e-21 1.05085e-16 1.43685e-12 4.51677e-09 3.26428e-06 0.000542355 0.0207176 0.181943 0.367347 0.170932 0.0293598 0.0686196 0.095954 0.0346524 0.0154263 0.0108709 0.00284647 0.000671193 0.000105941 8.30495e-06 3.6984e-07 7.40869e-09
 2.14834e-27 2.18078e-27 7.46426e-27 1.80798e-21 1.07528e-16 1.47025e-12 4.62175e-09 3.34015e-06 0.000554962 0.0211992 0.186172 0.375885 0.174869 0.0290885 0.06439 0.0899666 0.0321913 0.0133966 0.00928914 0.00237088 0.000532431 8.39338e-05 6.73041e-06 3.05679e-07 6.16912e-09
 2.14858e-27 2.18137e-27 7.52599e-27 1.82892e-21 1.08773e-16 1.48728e-12 4.67527e-09 3.37883e-06 0.000561388 0.0214446 0.188328 0.380237 0.176876 0.0289454 0.0622045 0.0868738 0.0309317 0.0123905 0.00851091 0.00214547 0.00046877 7.27496e-05 5.71807e-06 2.59962e-07 5.37464e-09
 2.14828e-27 2.18064e-27 7.44768e-27 1.80235e-21 1.07193e-16 1.46567e-12 4.60736e-09 3.32975e-06 0.000553233 0.0211331 0.185592 0.374714 0.174334 0.029251 0.0657349 0.0918444 0.0326098 0.012772 0.00872364 0.00218533 0.000470859 7.25732e-05 5.64303e-06 2.53536e-07 5.19995e-09
 2.14834e-27 2.18077e-27 7.46274e-27 1.80747e-21 1.07497e-16 1.46983e-12 4.62043e-09 3.3392e-06 0.000554803 0.0211931 0.186119 0.375777 0.174821 0.0291268 0.0646566 0.0903378 0.0322611 0.0132254 0.00911526 0.00225771 0.000473506 7.20374e-05 5.50043e-06 2.43234e-07 4.91987e-09
 2.14866e-27 2.18158e-27 7.54794e-27 1.83637e-21 1.09216e-16 1.49333e-12 4.69431e-09 3.39259e-06 0.000563674 0.021532 0.189095 0.381786 0.177588 0.0288314 0.0610422 0.0852421 0.0304461 0.0124977 0.00863296 0.00218267 0.000478467 7.30754e-05 5.48812e-06 2.38726e-07 4.75663e-09
 2.14845e-27 2.18105e-27 7.4913e-27 1.81715e-21 1.08073e-16 1.47771e-12 4.64519e-09 3.35709e-06 0.000557776 0.0213067 0.187116 0.377791 0.175749 0.0290705 0.0637055 0.0889881 0.0316568 0.0125943 0.00865209 0.00221922 0.000503418 7.92516e-05 6.2928e-06 2.82414e-07 5.63249e-09
 2.14823e-27 2.18051e-27 7.43518e-27 1.79812e-21 1.06941e-16 1.46223e-12 4.59653e-09 3.32193e-06 0.000551933 0.0210835 0.185156 0.373834 0.173925 0.0292068 0.0657307 0.0918538 0.0328217 0.0135171 0.00934347 0.00236249 0.000520716 8.21983e-05 6.69792e-06 3.11455e-07 6.48027e-09
 2.14855e-27 2.18131e-27 7.52027e-27 1.82699e-21 1.08658e-16 1.4857e-12 4.67033e-09 3.37526e-06 0.000560795 0.021422 0.188129 0.379836 0.176687 0.0288546 0.0617715 0.0862826 0.0309823 0.0132381 0.00923454 0.0023698 0.000537622 8.46244e-05 6.76894e-06 3.14661e-07 6.70436e-09
 2.14778e-27 2.17941e-27 7.31765e-27 1.75825e-21 1.0457e-16 1.42981e-12 4.49461e-09 3.24827e-06 0.000539695 0.020616 0.181051 0.365545 0.170109 0.0296245 0.0707784 0.0989656 0.0352887 0.0143014 0.00988236 0.00258109 0.000608072 9.77095e-05 8.03647e-06 3.76794e-07 7.97439e-09
 2.14719e-27 2.17796e-27 7.16788e-27 1.70746e-21 1.01549e-16 1.3885e-12 4.36478e-09 3.15444e-06 0.000524105 0.0200205 0.175821 0.354986 0.165236 0.0298677 0.0754459 0.105595 0.0383236 0.0176486 0.0124881 0.00319263 0.000721238 0.000116239 9.83959e-06 4.73771e-07 1.02365e-08
 2.14754e-27 2.17885e-27 7.26409e-27 1.7401e-21 1.03491e-16 1.41505e-12 4.44823e-09 3.21475e-06 0.000534125 0.0204032 0.179182 0.361773 0.168355 0.0293612 0.0703086 0.0983814 0.036145 0.0180156 0.0129991 0.00350837 0.000876208 0.000142176 1.17276e-05 5.63782e-07 1.2481e-08
#obs catch len freq
 1.21666e-39 5.95469e-33 6.70031e-27 1.73331e-21 1.03086e-16 1.40952e-12 4.43083e-09 3.20217e-06 0.000532045 0.0203234 0.17848 0.360357 0.167705 0.0294691 0.0713939 0.0998809 0.0362252 0.0166451 0.0122247 0.00436756 0.00175532 0.000511889 0.00010931 1.45173e-05 9.91958e-07
 1.22153e-39 5.97856e-33 6.72717e-27 1.74025e-21 1.03499e-16 1.41517e-12 4.44859e-09 3.21501e-06 0.000534178 0.0204049 0.179196 0.361802 0.168373 0.0294612 0.0709103 0.09919 0.0358591 0.0161154 0.0117665 0.00415263 0.00164571 0.000474061 9.88802e-05 1.26809e-05 8.34793e-07
 1.31074e-39 6.41516e-33 7.21845e-27 1.86734e-21 1.11058e-16 1.51852e-12 4.77347e-09 3.4498e-06 0.000573189 0.0218951 0.192282 0.388223 0.180544 0.0283091 0.0559138 0.0780317 0.0281227 0.0123656 0.00897344 0.00312189 0.00121559 0.000344957 7.07242e-05 8.86992e-06 5.65803e-07
 1.14467e-39 5.60237e-33 6.30388e-27 1.63075e-21 9.6987e-17 1.32612e-12 4.16867e-09 3.01271e-06 0.000500566 0.019121 0.16792 0.339037 0.157909 0.0310887 0.0877069 0.122781 0.0430337 0.0151067 0.0103961 0.00356497 0.00136396 0.000380361 7.64299e-05 9.40323e-06 5.86796e-07
 1.34162e-39 6.5663e-33 7.38851e-27 1.91134e-21 1.13674e-16 1.55429e-12 4.88593e-09 3.53107e-06 0.000586693 0.0224109 0.196813 0.397369 0.184746 0.0276027 0.048845 0.0681207 0.0253547 0.013653 0.0100949 0.00306066 0.00100776 0.000271526 5.33786e-05 6.42788e-06 3.92935e-07
 1.38671e-39 6.78699e-33 7.63683e-27 1.97558e-21 1.17495e-16 1.60653e-12 5.05014e-09 3.64975e-06 0.000606411 0.0231641 0.203427 0.410724 0.190922 0.0276471 0.0450911 0.0627022 0.0217024 0.00674375 0.00456342 0.00176545 0.000725453 0.000177445 3.08367e-05 3.55719e-06 2.12409e-07
 1.26182e-39 6.17575e-33 6.94905e-27 1.79765e-21 1.06913e-16 1.46185e-12 4.59532e-09 3.32105e-06 0.000551797 0.0210779 0.185106 0.373735 0.173899 0.0297199 0.068893 0.0962153 0.0330434 0.0094006 0.00594162 0.00169249 0.000530655 0.000155548 3.03313e-05 3.20214e-06 1.76618e-07
 1.26636e-39 6.19798e-33 6.97406e-27 1.80412e-21 1.07298e-16 1.46711e-12 4.61186e-09 3.333e-06 0.000553783 0.0211538 0.185773 0.37508 0.174498 0.0291044 0.0647302 0.0904469 0.0323624 0.013471 0.00939914 0.00256056 0.000684393 0.000150428 2.59653e-05 3.05181e-06 1.69451e-07
 1.41622e-39 6.93143e-33 7.79935e-27 2.01762e-21 1.19995e-16 1.64072e-12 5.15762e-09 3.72742e-06 0.000619316 0.0236571 0.207756 0.419464 0.194939 0.0270139 0.0385914 0.053581 0.0190403 0.00752355 0.00530648 0.0017533 0.000603926 0.000127359 1.74544e-05 1.66372e-06 9.10521e-08
 1.41403e-39 6.92068e-33 7.78726e-27 2.01449e-21 1.19809e-16 1.63818e-12 5.14962e-09 3.72164e-06 0.000618356 0.0236204 0.207434 0.418814 0.194654 0.0274245 0.0412937 0.057326 0.0194918 0.00490783 0.00300596 0.000965145 0.000339486 8.62563e-05 1.38732e-05 1.18739e-06 5.26901e-08
 1.34417e-39 6.57876e-33 7.40252e-27 1.91496e-21 1.1389e-16 1.55724e-12 4.8952e-09 3.53777e-06 0.000587806 0.0224534 0.197186 0.398123 0.185129 0.0285272 0.0542617 0.075594 0.0257961 0.00679384 0.00413585 0.00106608 0.000266268 6.39183e-05 1.12031e-05 1.12155e-06 5.10072e-08
 1.30863e-39 6.40486e-33 7.20685e-27 1.86434e-21 1.10879e-16 1.51608e-12 4.7658e-09 3.44425e-06 0.000572268 0.0218599 0.191974 0.387599 0.180275 0.0288283 0.0592717 0.0826943 0.0288291 0.00960714 0.00632801 0.00166142 0.000406913 7.76536e-05 1.04194e-05 1.02403e-06 5.1723e-08
 1.35097e-39 6.61206e-33 7.44e-27 1.92466e-21 1.14467e-16 1.56512e-12 4.91998e-09 3.55568e-06 0.000590781 0.0225671 0.198184 0.400138 0.186044 0.0280787 0.050916 0.0709366 0.024945 0.00901369 0.00613604 0.0017987 0.000529469 0.000104297 1.26198e-05 9.73202e-07 4.26918e-08
 1.33286e-39 6.52344e-33 7.34028e-27 1.89886e-21 1.12932e-16 1.54415e-12 4.85403e-09 3.50802e-06 0.000582863 0.0222646 0.195528 0.394775 0.183581 0.0284999 0.0551037 0.0768102 0.0266192 0.00836589 0.00550596 0.00168351 0.00053918 0.000120171 1.67446e-05 1.277e-06 4.75846e-08
 1.28105e-39 6.26986e-33 7.05495e-27 1.82505e-21 1.08543e-16 1.48412e-12 4.66535e-09 3.37166e-06 0.000560206 0.0213991 0.187927 0.37943 0.176513 0.029203 0.0640209 0.0893899 0.0312086 0.010551 0.00703578 0.00200817 0.0005898 0.000136762 2.12285e-05 1.84282e-06 7.33918e-08
 1.15913e-39 5.67315e-33 6.38351e-27 1.65136e-21 9.82123e-17 1.34288e-12 4.22134e-09 3.05077e-06 0.00050689 0.0193625 0.170042 0.34332 0.159876 0.0307339 0.08425 0.117944 0.0418313 0.0162554 0.0112704 0.00333384 0.0010131 0.000221528 3.29063e-05 3.04177e-06 1.35282e-07
 1.25918e-39 6.1628e-33 6.93448e-27 1.79388e-21 1.06689e-16 1.45878e-12 4.58569e-09 3.31408e-06 0.00055064 0.0210337 0.184718 0.372951 0.173499 0.028725 0.0630556 0.0881608 0.0325539 0.016748 0.0123717 0.00394561 0.00133006 0.000303681 4.52617e-05 4.016e-06 1.80395e-07
 1.22796e-39 6.00999e-33 6.76254e-27 1.74941e-21 1.04044e-16 1.42261e-12 4.47199e-09 3.23191e-06 0.000536987 0.0205122 0.180138 0.363704 0.169259 0.0296468 0.0714698 0.0999292 0.0354432 0.0138026 0.00987342 0.00371885 0.00151257 0.000381218 6.22862e-05 5.71055e-06 2.53276e-07
 1.27034e-39 6.21745e-33 6.99597e-27 1.80979e-21 1.07635e-16 1.47172e-12 4.62635e-09 3.34347e-06 0.000555523 0.0212203 0.186356 0.376258 0.175035 0.0288928 0.0630836 0.0881422 0.0317555 0.0139186 0.0099891 0.0032065 0.00116685 0.000342536 6.67511e-05 6.82379e-06 3.22055e-07
 1.24123e-39 6.07497e-33 6.83565e-27 1.76832e-21 1.05169e-16 1.43799e-12 4.52034e-09 3.26686e-06 0.000542793 0.020734 0.182086 0.367637 0.171071 0.0295005 0.0693916 0.0969987 0.0344028 0.0133835 0.00944259 0.00322593 0.00120132 0.000311484 6.00978e-05 7.14596e-06 3.86301e-07
 1.25419e-39 6.13841e-33 6.90704e-27 1.78679e-21 1.06267e-16 1.45301e-12 4.56754e-09 3.30097e-06 0.000548461 0.0209505 0.183987 0.371476 0.172834 0.0291754 0.06625 0.0925977 0.0332248 0.0141371 0.0100845 0.00322659 0.00113643 0.000304452 5.69393e-05 6.45733e-06 3.75495e-07
 1.26754e-39 6.20374e-33 6.98055e-27 1.8058e-21 1.07398e-16 1.46847e-12 4.61615e-09 3.3361e-06 0.000554298 0.0211735 0.185946 0.375429 0.174657 0.0290399 0.0642314 0.08974 0.0320453 0.0131557 0.00937312 0.00314934 0.00115082 0.000292842 5.30979e-05 5.9692e-06 3.37417e-07
 1.2554e-39 6.14434e-33 6.91371e-27 1.78851e-21 1.06369e-16 1.45441e-12 4.57195e-09 3.30416e-06 0.000548991 0.0209707 0.184165 0.371834 0.173004 0.0292714 0.0667282 0.0932507 0.0331681 0.0132007 0.00931707 0.00307037 0.00111359 0.000294382 5.36742e-05 5.81684e-06 3.21625e-07
 1.24964e-39 6.1161e-33 6.88194e-27 1.78029e-21 1.05881e-16 1.44773e-12 4.55094e-09 3.28897e-06 0.000546468 0.0208744 0.183319 0.370125 0.172214 0.0292785 0.0672864 0.0940517 0.033643 0.0139907 0.00994837 0.00322204 0.00113973 0.000296644 5.45627e-05 6.01508e-06 3.27521e-07
 1.25283e-39 6.13171e-33 6.8995e-27 1.78484e-21 1.06151e-16 1.45142e-12 4.56256e-09 3.29737e-06 0.000547863 0.0209277 0.183787 0.37107 0.172648 0.0292121 0.066596 0.0930805 0.0333261 0.0139579 0.00997066 0.00330855 0.00119659 0.000306394 5.50674e-05 6.04499e-06 3.32393e-07
 1.2549e-39 6.14189e-33 6.91095e-27 1.7878e-21 1.06327e-16 1.45383e-12 4.57013e-09 3.30284e-06 0.000548772 0.0209624 0.184092 0.371686 0.172932 0.029188 0.0662638 0.0926108 0.0331403 0.0138248 0.00987261 0.00329202 0.00120494 0.000315544 5.71961e-05 6.17292e-06 3.35445e-07
 1.18243e-39 5.78717e-33 6.51182e-27 1.68455e-21 1.00186e-16 1.36987e-12 4.30619e-09 3.11209e-06 0.000517078 0.0197517 0.17346 0.35022 0.163046 0.0301939 0.0788738 0.110392 0.0395025 0.0164762 0.0117625 0.00391445 0.00143181 0.000377851 6.97042e-05 7.6326e-06 4.12975e-07
 1.18561e-39 5.80274e-33 6.52933e-27 1.68908e-21 1.00456e-16 1.37355e-12 4.31777e-09 3.12046e-06 0.000518469 0.0198048 0.173926 0.351162 0.163464 0.0297274 0.075742 0.106048 0.0389332 0.0193454 0.0142792 0.00475514 0.00173815 0.000458166 8.48366e-05 9.41205e-06 5.16627e-07
#spawning biomass
 9198.63 5344.04 5843.48 6501.6 8745.61 11920.7 12935.7 15114.7 24328.4 42867.2 59784.5 76650.4 96800.3 114213 114717 98117.9 89079.8 81129.5 83390.4 89237.5 91573.9 97569.5 111994 122478 134328 146335 141781 132081 129575 30440 2007.74 1042.44 1040.71 1040.71 1040.71 1040.71 1040.71 1040.71 1040.71 1040.71 1040.71 1040.71 1040.71 1040.71 1040.71 1040.71 1040.71 1040.71 1040.71 1040.71 1040.71 1040.71 1040.71 1040.71 1040.71 1040.71 1040.71 1040.71 1040.71 1040.71 1040.71 1040.71 1040.71 1040.71 1040.71 1040.71 1040.71 1040.71 1040.71 1040.71 1040.71 1040.71 1040.71 1040.71 1040.71 1040.71 1040.71 1040.71 1040.71 1040.71 1040.71 1040.71 1040.71 1040.71 1040.71 1040.71 1040.71 1040.71 1040.71 1040.71 1040.71 1040.71 1040.71 1040.71 1040.71 1040.71 1040.71 1040.71 1040.71 1040.71 1040.71 1040.71 1040.71 1040.71 1040.71 1040.71 1040.71 1040.71 1040.71 1040.71 1040.71 1040.71 1040.71 1040.71 1040.71 1040.71 1040.71 1040.71 1040.71 1040.71 1040.71 1040.71 1040.71 1040.71 1040.71 1040.71 1040.71 1040.71 0 0 0 0 0 0 0 0 0 0 0 0 0 0 0 0 0 0 0 0 0 0 0 0 0
