SBPRF35
0.175648
Curr Bio
222603
B35
320773
F35
0.743403
FOFL
0.277593
OFL
14167.5
Bzero
50185.1
#pred survey bio
 8758.92 8728.31 6215.47 7651.49 12067.6 19207.7 28886.1 42702.2 61007.8 80840.6 112773 149733 204157 229723 217799 201153 211026 204750 222860 214919 215127 233830 272542 332183 346128 335300 322892 335210 266279 6.08604e+06 4.49294e+06 2.68199e+06 1.53404e+06 967397 706862 586383 527695 497051 480022 470136 464246 460690 458532 457218 456402 455916 455625 455451 455346 455284 455246 455223 455210 455201 455196 455194 455192 455191 455190 455190 455189 455189 455189 455189 455189 455189 455189 455189 455189 455189 455189 455189 455189 455189 455189 455189 455189 455189 455189 455189 455189 455189 455189 455189 455189 455189 455189 455189 455189 455189 455189 455189 455189 455189 455189 455189 455189 455189 455189 455189 455189 455189 455189 455189 455189 455189 455189 455189 455189 455189 455189 455189 455189 455189 455189 455189 455189 455189 455189 455189 455189 455189 455189 455189 455189 455189 455189 455189 455189 0 0 0 0 0 0 0 0 0 0 0 0 0 0 0 0 0 0 0 0 0 0 0 0 0
#obs survey bio
 6780.61 5720.52 4202.56 9334.84 8344.35 14863.1 27533.7 41396 61804.1 74477.6 99859.9 128673 156430 150225 121658 163666 127366 116572 200286 170038 203523 213628 199834 263590 344325 262229 292693 244902 164315
#pred catch bio
 3190.79 4713.97 3110.58 3384.98 5556.31 9174.45 14476 22118.1 33842.7 41980.2 63911.5 82569.8 118784 146031 143916 122260 141980 130359 150224 145481 139567 148107 169027 228724 239388 231178 217927 237315 242267 14167.5 85630 46202.4 22793.8 12577.9 8666.77 7286.98 6826.25 6678.24 6632 6617.85 6613.59 6612.32 6611.94 6611.83 6611.8 6611.79 6611.79 6611.79 6611.79 6611.79 6611.79 6611.79 6611.79 6611.79 6611.79 6611.79 6611.79 6611.79 6611.79 6611.79 6611.79 6611.79 6611.79 6611.79 6611.79 6611.79 6611.79 6611.79 6611.79 6611.79 6611.79 6611.79 6611.79 6611.79 6611.79 6611.79 6611.79 6611.79 6611.79 6611.79 6611.79 6611.79 6611.79 6611.79 6611.79 6611.79 6611.79 6611.79 6611.79 6611.79 6611.79 6611.79 6611.79 6611.79 6611.79 6611.79 6611.79 6611.79 6611.79 6611.79 6611.79 6611.79 6611.79 6611.79 6611.79 6611.79 6611.79 6611.79 6611.79 6611.79 6611.79 6611.79 6611.79 6611.79 6611.79 6611.79 6611.79 6611.79 6611.79 6611.79 6611.79 6611.79 6611.79 6611.79 6611.79 6611.79 6611.79 6611.79 6611.79 0 0 0 0 0 0 0 0 0 0 0 0 0 0 0 0 0 0 0 0 0 0 0 0 0
#obs catch bio
 3975.31 5081.31 3415.02 3171.11 5432.64 8840.3 13786.8 20893.4 31408 39391.2 59739.2 78210.2 115190 146986 161720 114408 144715 142888 150240 155186 132858 132383 155201 224588 231145 225427 195574 219336 269066
#pred cpue bio
 6233.86 6924.91 4637.75 4645.85 7332.03 11437.6 17432.7 25291.8 36179.7 47592.1 67612 86652.7 119615 141481 133488 120100 129243 117269 129686 124358 122003 133976 154565 188410 189996 189817 183099 188311 159568 2.41882e+06 4.31955e+06 2.59427e+06 1.44655e+06 879904 619370 498891 440202 409558 392530 382643 376753 373198 371039 369725 368909 368423 368132 367958 367854 367791 367753 367731 367717 367709 367704 367701 367699 367698 367697 367697 367697 367697 367696 367696 367696 367696 367696 367696 367696 367696 367696 367696 367696 367696 367696 367696 367696 367696 367696 367696 367696 367696 367696 367696 367696 367696 367696 367696 367696 367696 367696 367696 367696 367696 367696 367696 367696 367696 367696 367696 367696 367696 367696 367696 367696 367696 367696 367696 367696 367696 367696 367696 367696 367696 367696 367696 367696 367696 367696 367696 367696 367696 367696 367696 367696 367696 367696 367696 367696 0 0 0 0 0 0 0 0 0 0 0 0 0 0 0 0 0 0 0 0 0 0 0 0 0
#obs cpue bio
 5486.95 6912.14 5561.92 6444.1 9731.53 17292.2 24094.5 32692.3 51839.7 57997.5 110937 113991 169964 195206 144359 229913 184017 123277 177371 113508 179529 247492 262937 254620 231226 249792 359034 307902 179238
#pred surv len freq
 1.71101e-11 1.85795e-09 1.18948e-07 4.48968e-06 9.99113e-05 0.00131086 0.0101406 0.0462644 0.124641 0.199587 0.196117 0.135222 0.0901382 0.0665763 0.0448705 0.0279351 0.0178568 0.0116394 0.00780848 0.00552217 0.0041956 0.00347542 0.00298194 0.00228468 0.00132808
 1.27382e-11 1.38321e-09 8.85545e-08 3.34249e-06 7.43826e-05 0.000975944 0.00755069 0.0344701 0.0931658 0.151608 0.160422 0.141308 0.13492 0.117252 0.0752513 0.0384867 0.0193334 0.0102748 0.00568975 0.00331425 0.00207695 0.00144808 0.00110447 0.000804769 0.000465477
 1.47477e-11 1.60143e-09 1.02525e-07 3.8698e-06 8.61169e-05 0.00112989 0.00874115 0.039891 0.107628 0.173616 0.176619 0.138002 0.113989 0.0953482 0.06556 0.0389052 0.0214618 0.0104002 0.00452527 0.00199233 0.000953237 0.000513072 0.000317279 0.000205167 0.000113241
 1.88775e-11 2.04987e-09 1.31235e-07 4.95345e-06 0.000110232 0.00144627 0.0111879 0.0510388 0.137453 0.219696 0.213941 0.142238 0.0873114 0.0594073 0.0366244 0.0196317 0.0103712 0.00534791 0.00250966 0.00103628 0.000386078 0.000145821 6.37096e-05 3.23496e-05 1.58531e-05
 1.84952e-11 2.00835e-09 1.28577e-07 4.85312e-06 0.000107999 0.00141698 0.0109615 0.0500094 0.134729 0.215727 0.211897 0.145745 0.0958207 0.0671056 0.0385248 0.0167569 0.00657804 0.00271451 0.00115598 0.000479104 0.000180025 5.91743e-05 1.81985e-05 6.11365e-06 2.28438e-06
 1.87945e-11 2.04086e-09 1.30658e-07 4.93168e-06 0.000109747 0.00143991 0.0111389 0.0508172 0.136886 0.21903 0.214428 0.145579 0.0932063 0.0641998 0.0369863 0.0163544 0.00636025 0.00232882 0.000772339 0.000244971 7.89387e-05 2.45193e-05 6.79392e-06 1.68837e-06 4.16824e-07
 1.85367e-11 2.01287e-09 1.28866e-07 4.86403e-06 0.000108242 0.00142016 0.0109862 0.0501218 0.135032 0.216215 0.212387 0.146112 0.0960904 0.0672657 0.0384951 0.0164994 0.00611956 0.00217205 0.000700831 0.000200928 5.19577e-05 1.24868e-05 2.87304e-06 6.11806e-07 1.15731e-07
 1.8828e-11 2.04449e-09 1.3089e-07 4.94045e-06 0.000109942 0.00144247 0.0111587 0.0509077 0.137132 0.219437 0.214889 0.146054 0.0936659 0.0643752 0.0366119 0.015632 0.00574389 0.00199387 0.00061946 0.000169711 4.14424e-05 8.84142e-06 1.64198e-06 2.71964e-07 4.06828e-08
 1.8771e-11 2.03831e-09 1.30494e-07 4.92551e-06 0.00010961 0.00143811 0.011125 0.0507543 0.136725 0.218838 0.214546 0.146468 0.094756 0.0653563 0.0368272 0.0152526 0.00531636 0.00176338 0.000533995 0.000142857 3.36708e-05 6.82747e-06 1.17012e-06 1.67715e-07 2.00797e-08
 1.88525e-11 2.04715e-09 1.3106e-07 4.94688e-06 0.000110085 0.00144435 0.0111732 0.0509743 0.137315 0.219762 0.215356 0.146756 0.0945432 0.0648638 0.036189 0.0145984 0.00483092 0.00150782 0.000431144 0.00010906 2.45722e-05 4.81111e-06 7.92375e-07 1.07008e-07 1.15987e-08
 1.8589e-11 2.01855e-09 1.29229e-07 4.87776e-06 0.000108547 0.00142417 0.0110172 0.0502633 0.135414 0.216831 0.213015 0.146594 0.096417 0.0672958 0.038052 0.015746 0.00543472 0.00174291 0.000491007 0.000118171 2.49797e-05 4.59777e-06 7.17977e-07 9.26687e-08 9.57041e-09
 1.91123e-11 2.07537e-09 1.32867e-07 5.01506e-06 0.000111603 0.00146426 0.0113272 0.0516754 0.139188 0.222631 0.217561 0.146627 0.0922597 0.0621888 0.034503 0.0138986 0.00459554 0.00143152 0.000406065 0.000100026 2.12307e-05 3.7846e-06 5.57956e-07 6.75703e-08 6.58509e-09
 1.8908e-11 2.05318e-09 1.31447e-07 4.96145e-06 0.00011041 0.00144861 0.0112061 0.0511243 0.137717 0.220389 0.215893 0.146908 0.0943311 0.0644828 0.0357708 0.0142129 0.00455561 0.00136303 0.000371318 8.8216e-05 1.84284e-05 3.30388e-06 4.88662e-07 5.79159e-08 5.38367e-09
 1.80756e-11 1.96279e-09 1.2566e-07 4.74303e-06 0.000105549 0.00138484 0.010713 0.0488783 0.13172 0.211215 0.208909 0.14754 0.101985 0.0732856 0.041101 0.0161687 0.00504171 0.00145632 0.000383331 8.74714e-05 1.74638e-05 3.00843e-06 4.34162e-07 5.10672e-08 4.72787e-09
 1.8151e-11 1.97099e-09 1.26184e-07 4.76283e-06 0.00010599 0.00139062 0.0107577 0.0490819 0.132264 0.212054 0.209578 0.147582 0.101443 0.0725925 0.0405847 0.0158599 0.00487334 0.00137798 0.000353377 7.78639e-05 1.49099e-05 2.45746e-06 3.38841e-07 3.82409e-08 3.43845e-09
 1.85603e-11 2.01543e-09 1.2903e-07 4.87022e-06 0.00010838 0.00142197 0.0110002 0.0501865 0.135216 0.216592 0.213143 0.147631 0.0982282 0.0686273 0.0378105 0.0143921 0.00418595 0.0011085 0.000272041 5.81857e-05 1.08119e-05 1.7202e-06 2.27515e-07 2.45315e-08 2.10714e-09
 1.81639e-11 1.97238e-09 1.26274e-07 4.7662e-06 0.000106065 0.0013916 0.0107653 0.0491167 0.132357 0.212194 0.20968 0.147554 0.1013 0.072449 0.040531 0.0158735 0.00488629 0.0013683 0.000338301 6.95955e-05 1.2245e-05 1.86184e-06 2.37416e-07 2.46763e-08 2.03476e-09
 1.91921e-11 2.08403e-09 1.33422e-07 5.036e-06 0.000112069 0.00147037 0.0113745 0.0518913 0.13977 0.223569 0.218509 0.147333 0.0926961 0.0621303 0.0336898 0.0126545 0.00359113 0.000923128 0.000222572 4.7034e-05 8.51346e-06 1.28456e-06 1.5738e-07 1.55778e-08 1.22954e-09
 1.8942e-11 2.05687e-09 1.31683e-07 4.97037e-06 0.000110608 0.00145121 0.0112263 0.0512165 0.137969 0.22082 0.216443 0.147613 0.0951334 0.0648699 0.0352611 0.0131225 0.00362356 0.000887202 0.000200583 3.92301e-05 6.66671e-06 9.88507e-07 1.22627e-07 1.21867e-08 9.40639e-10
 1.90119e-11 2.06446e-09 1.32169e-07 4.98871e-06 0.000111016 0.00145657 0.0112677 0.0514052 0.138474 0.221603 0.217094 0.147737 0.0947598 0.0643076 0.0347352 0.012707 0.00336271 0.00077216 0.000165052 3.06995e-05 4.8987e-06 6.73971e-07 7.80379e-08 7.44239e-09 5.68431e-10
 1.93052e-11 2.09631e-09 1.34208e-07 5.06567e-06 0.000112729 0.00147903 0.0114415 0.0521966 0.140588 0.22484 0.219574 0.147566 0.0921434 0.0612614 0.0328401 0.011949 0.00312589 0.000702047 0.000145258 2.57504e-05 3.85806e-06 4.97388e-07 5.39374e-08 4.79007e-09 3.41433e-10
 1.9163e-11 2.08087e-09 1.33219e-07 5.02836e-06 0.000111899 0.00146814 0.0113572 0.0518129 0.139563 0.223266 0.218348 0.147583 0.0933128 0.0626755 0.0337936 0.0124147 0.00332181 0.00077052 0.000162516 2.8725e-05 4.20941e-06 5.21638e-07 5.35278e-08 4.45184e-09 2.96106e-10
 1.9327e-11 2.09868e-09 1.34359e-07 5.07139e-06 0.000112856 0.00148071 0.0114544 0.0522553 0.140743 0.225063 0.219673 0.14732 0.0915945 0.0608043 0.0328083 0.0122296 0.00339867 0.000833349 0.000184014 3.36764e-05 5.08474e-06 6.39927e-07 6.52117e-08 5.27012e-09 3.34533e-10
 1.93284e-11 2.09883e-09 1.34369e-07 5.07175e-06 0.000112864 0.00148081 0.0114552 0.0522589 0.140753 0.225076 0.219675 0.147291 0.0915383 0.0607592 0.0328074 0.0122626 0.0034337 0.000854752 0.000193533 3.68815e-05 5.86621e-06 7.7461e-07 8.18889e-08 6.77663e-09 4.32616e-10
 1.9748e-11 2.14439e-09 1.37286e-07 5.18186e-06 0.000115315 0.00151296 0.0117038 0.0533914 0.14378 0.229732 0.223344 0.147381 0.0883012 0.0567271 0.0299325 0.0106894 0.00268005 0.000565856 0.000113943 2.08741e-05 3.33342e-06 4.52275e-07 4.98788e-08 4.32999e-09 2.88369e-10
 1.93061e-11 2.09641e-09 1.34214e-07 5.06591e-06 0.000112734 0.0014791 0.011442 0.0521992 0.140597 0.22487 0.219676 0.147826 0.0925307 0.0615097 0.0327134 0.0115716 0.00280114 0.000548681 9.94114e-05 1.59538e-05 2.19469e-06 2.66697e-07 2.81885e-08 2.46108e-09 1.68991e-10
 1.9292e-11 2.09488e-09 1.34116e-07 5.06221e-06 0.000112652 0.00147802 0.0114336 0.052161 0.140494 0.224706 0.219518 0.147727 0.0924943 0.0615526 0.0328592 0.0117667 0.00294542 0.000610551 0.000114919 1.81528e-05 2.32192e-06 2.50345e-07 2.29341e-08 1.75569e-09 1.10839e-10
 1.94343e-11 2.11034e-09 1.35106e-07 5.09956e-06 0.000113483 0.00148893 0.011518 0.0525451 0.141519 0.226269 0.220683 0.147539 0.0910633 0.0599676 0.0319853 0.0115485 0.0029625 0.000641641 0.000126555 2.09231e-05 2.80683e-06 3.10494e-07 2.77083e-08 1.95e-09 1.0864e-10
 1.84258e-11 2.00082e-09 1.28095e-07 4.83493e-06 0.000107594 0.00141167 0.0109205 0.0498241 0.134255 0.21517 0.2123 0.148519 0.100661 0.0708386 0.0383284 0.0135945 0.00328432 0.000641454 0.00011669 1.89795e-05 2.61768e-06 3.02827e-07 2.8298e-08 2.063e-09 1.15391e-10
#obs surv len freq
 1.33793e-11 1.45283e-09 9.30116e-08 3.51073e-06 7.81264e-05 0.00102506 0.00793038 0.0361967 0.0977391 0.158304 0.164085 0.136313 0.122871 0.107952 0.0754365 0.0445488 0.0249832 0.013101 0.00606644 0.00238179 0.000759457 0.000186882 3.35609e-05 4.17805e-06 3.46315e-07
 6.10255e-12 6.62665e-10 4.24244e-08 1.60132e-06 3.56359e-05 0.000467611 0.00361964 0.0165658 0.0453335 0.0781962 0.102986 0.140452 0.186095 0.181751 0.123294 0.0656573 0.0319536 0.0146027 0.00603036 0.00215975 0.000631284 0.000141298 2.29548e-05 2.58766e-06 1.94966e-07
 1.76046e-11 1.91165e-09 1.22386e-07 4.61945e-06 0.000102799 0.00134875 0.0104336 0.0475974 0.128177 0.204758 0.198738 0.13041 0.0798009 0.0619815 0.0531124 0.0409506 0.025004 0.0115878 0.00426609 0.00131389 0.000334821 6.66397e-05 9.72045e-06 9.86273e-07 6.69511e-08
 1.56761e-11 1.70224e-09 1.08979e-07 4.11341e-06 9.15383e-05 0.00120104 0.009292 0.0424138 0.114533 0.18537 0.190649 0.151958 0.124214 0.0951378 0.0527052 0.020575 0.00722153 0.00295699 0.00119313 0.000377895 8.86388e-05 1.5385e-05 1.94872e-06 1.73872e-07 1.0498e-08
 1.72483e-11 1.87296e-09 1.19908e-07 4.52595e-06 0.000100719 0.00132148 0.0102235 0.046657 0.125871 0.202746 0.203922 0.150727 0.109622 0.07905 0.0441293 0.0178466 0.0057162 0.00156868 0.000382819 8.8492e-05 1.86408e-05 3.07668e-06 3.58846e-07 2.84484e-08 1.50575e-09
 1.55654e-11 1.69022e-09 1.08209e-07 4.08437e-06 9.08924e-05 0.00119257 0.00922696 0.0421247 0.113835 0.184732 0.191535 0.154801 0.12662 0.0954926 0.0523873 0.0200884 0.00597118 0.00151291 0.000321307 5.50242e-05 7.71071e-06 9.05436e-07 8.59539e-08 6.03555e-09 2.89283e-10
 1.64286e-11 1.78396e-09 1.1421e-07 4.31088e-06 9.59332e-05 0.00125871 0.00973856 0.0444575 0.120092 0.194457 0.199443 0.155245 0.119448 0.0861586 0.0460165 0.0172137 0.00492849 0.00117476 0.000228975 3.4865e-05 4.08797e-06 3.66118e-07 2.47543e-08 1.25075e-09 4.62346e-11
 1.64805e-11 1.78958e-09 1.14571e-07 4.32449e-06 9.6236e-05 0.00126269 0.00976965 0.0446042 0.120536 0.19544 0.201208 0.157447 0.120519 0.0850248 0.0437386 0.0153513 0.0039782 0.00084718 0.000150178 2.10174e-05 2.23813e-06 1.7695e-07 1.0114e-08 4.08646e-10 1.14942e-11
 1.68068e-11 1.82502e-09 1.16839e-07 4.41011e-06 9.81416e-05 0.0012877 0.00996329 0.0454901 0.12294 0.199326 0.20479 0.158393 0.117991 0.0808776 0.0406239 0.0139115 0.00347695 0.000697108 0.000113182 1.4193e-05 1.34035e-06 9.41627e-08 4.79681e-09 1.71514e-10 4.1876e-12
 1.54433e-11 1.67697e-09 1.07361e-07 4.05235e-06 9.01808e-05 0.00118328 0.00915652 0.0418283 0.113286 0.185258 0.196304 0.163971 0.132824 0.0929661 0.0451981 0.0142671 0.00307657 0.00050763 6.92789e-05 7.64619e-06 6.47007e-07 4.05255e-08 1.82543e-09 5.75151e-11 1.23838e-12
 1.67229e-11 1.81591e-09 1.16256e-07 4.38811e-06 9.76527e-05 0.00128131 0.00991469 0.0452821 0.122512 0.199355 0.20689 0.162551 0.120629 0.0795568 0.0374703 0.0115785 0.00243944 0.000384712 4.79313e-05 4.58457e-06 3.24008e-07 1.68285e-08 6.40753e-10 1.74761e-11 3.30191e-13
 1.62946e-11 1.7694e-09 1.13279e-07 4.27574e-06 9.51523e-05 0.00124853 0.00966181 0.0441407 0.119559 0.195337 0.205285 0.165579 0.125433 0.0821865 0.0377343 0.0111814 0.00220104 0.000314966 3.53888e-05 3.09921e-06 2.01284e-07 9.41119e-09 3.12216e-10 7.22669e-12 1.14649e-13
 1.57024e-11 1.7051e-09 1.09162e-07 4.12035e-06 9.16952e-05 0.0012032 0.00931204 0.0425598 0.115447 0.189587 0.202371 0.168447 0.130982 0.0860526 0.0393634 0.0117726 0.00239951 0.000361584 4.18032e-05 3.57562e-06 2.16714e-07 9.21106e-09 2.75172e-10 5.72327e-12 8.11517e-14
 1.33297e-11 1.44745e-09 9.26672e-08 3.49777e-06 7.78421e-05 0.00102153 0.00790904 0.0362015 0.0987592 0.165576 0.188497 0.17839 0.15526 0.105207 0.0470539 0.0132619 0.00243225 0.000315588 3.1568e-05 2.46879e-06 1.44056e-07 6.0037e-09 1.73821e-10 3.41558e-12 4.46629e-14
 1.49669e-11 1.62523e-09 1.04049e-07 3.92739e-06 8.74026e-05 0.00114696 0.00887899 0.0406169 0.110514 0.183282 0.200898 0.174651 0.138573 0.0889923 0.0389503 0.0110092 0.00208097 0.000283183 2.89888e-05 2.17924e-06 1.15284e-07 4.23207e-09 1.08426e-10 1.93447e-12 2.35785e-14
 1.48212e-11 1.60941e-09 1.03036e-07 3.88917e-06 8.65531e-05 0.00113586 0.00879425 0.0402472 0.109663 0.182608 0.201993 0.177389 0.140149 0.0881832 0.0374811 0.0101879 0.00182267 0.000231281 2.21895e-05 1.60537e-06 8.37944e-08 3.04992e-09 7.59775e-11 1.27408e-12 1.41463e-14
 1.47402e-11 1.60062e-09 1.02473e-07 3.86794e-06 8.60818e-05 0.00112972 0.00874802 0.040054 0.109285 0.182644 0.203503 0.17971 0.140776 0.0867503 0.035955 0.00949872 0.00163911 0.000197763 1.77507e-05 1.18936e-06 5.72959e-08 1.9288e-09 4.48429e-11 7.11292e-13 7.55062e-15
 1.53277e-11 1.66442e-09 1.06558e-07 4.02212e-06 8.95135e-05 0.00117478 0.00909707 0.0416513 0.113596 0.189347 0.208565 0.178594 0.134149 0.0801959 0.0328908 0.0088195 0.0015969 0.000207285 1.97935e-05 1.35242e-06 6.36839e-08 2.035e-09 4.40843e-11 6.44753e-13 6.28658e-15
 1.41031e-11 1.53144e-09 9.80447e-08 3.70083e-06 8.23664e-05 0.00108113 0.00837572 0.0384072 0.105269 0.178153 0.203991 0.186017 0.146053 0.0873362 0.034751 0.00882166 0.00146917 0.000171693 1.49395e-05 9.70806e-07 4.53309e-08 1.46581e-09 3.20148e-11 4.62921e-13 4.3563e-15
 1.53237e-11 1.66398e-09 1.0653e-07 4.02113e-06 8.94946e-05 0.00117466 0.00909916 0.0417003 0.114019 0.191173 0.212517 0.182069 0.133209 0.0761212 0.0297451 0.0075996 0.0013055 0.000159073 1.41011e-05 8.9066e-07 3.88434e-08 1.15358e-09 2.32747e-11 3.16873e-13 2.86449e-15
 1.54563e-11 1.67838e-09 1.07452e-07 4.05596e-06 9.0272e-05 0.00118494 0.00918047 0.0420937 0.115235 0.193685 0.215843 0.183979 0.131696 0.0725658 0.0269626 0.00639085 0.000979399 0.000102673 7.84829e-06 4.47229e-07 1.84841e-08 5.32695e-10 1.03941e-11 1.34424e-13 1.13326e-15
 1.63855e-11 1.77928e-09 1.13912e-07 4.2998e-06 9.56992e-05 0.00125617 0.00973173 0.0446061 0.121924 0.203675 0.222428 0.181019 0.121944 0.0640157 0.0230491 0.00535319 0.00080839 8.31192e-05 6.08808e-06 3.20079e-07 1.17907e-08 2.97597e-10 5.1045e-12 5.92018e-14 4.58622e-16
 1.54347e-11 1.67604e-09 1.07304e-07 4.05043e-06 9.01546e-05 0.00118361 0.00917464 0.0421214 0.115676 0.19571 0.22001 0.187128 0.130125 0.0683664 0.0241211 0.00542433 0.000784024 7.61451e-05 5.22258e-06 2.57493e-07 8.94288e-09 2.12504e-10 3.38992e-12 3.58785e-14 2.49145e-16
 1.5256e-11 1.65663e-09 1.06062e-07 4.00362e-06 8.91169e-05 0.00117014 0.00907355 0.0416973 0.114786 0.195231 0.221362 0.189361 0.130698 0.0673718 0.0232434 0.00511488 0.000723988 6.86585e-05 4.5546e-06 2.14111e-07 6.99462e-09 1.54814e-10 2.28766e-12 2.23912e-14 1.43843e-16
 1.59775e-11 1.73499e-09 1.11079e-07 4.19303e-06 9.33342e-05 0.00122554 0.00950317 0.0436636 0.120062 0.203202 0.226703 0.187026 0.122887 0.0605674 0.0201401 0.00428297 0.000583887 5.2912e-05 3.32684e-06 1.47748e-07 4.56519e-09 9.56329e-11 1.33354e-12 1.22419e-14 7.3239e-17
 1.34536e-11 1.46092e-09 9.35347e-08 3.53105e-06 7.86165e-05 0.00103295 0.00802446 0.0370613 0.103372 0.181438 0.218535 0.201139 0.144382 0.0739695 0.0248393 0.00531433 0.000736067 6.8503e-05 4.41424e-06 1.97119e-07 5.97101e-09 1.20128e-10 1.58768e-12 1.37114e-14 7.68781e-17
 1.69338e-11 1.83884e-09 1.17728e-07 4.44414e-06 9.89286e-05 0.00129913 0.0100755 0.0462975 0.127197 0.214117 0.234027 0.183508 0.11181 0.051375 0.0162916 0.00338969 0.000463955 4.30392e-05 2.7711e-06 1.23455e-07 3.72333e-09 7.44129e-11 9.72127e-13 8.22218e-15 4.45973e-17
 1.38685e-11 1.506e-09 9.64231e-08 3.64034e-06 8.10637e-05 0.00106554 0.00828533 0.03834 0.107295 0.188915 0.22628 0.20223 0.13727 0.0655316 0.0202764 0.00391598 0.000472534 3.66677e-05 1.91698e-06 7.04743e-08 1.845e-09 3.3716e-11 4.16811e-13 3.39292e-15 1.78221e-17
 1.22428e-11 1.32949e-09 8.51268e-08 3.21431e-06 7.16027e-05 0.000942071 0.00734321 0.0341911 0.0971231 0.176606 0.223385 0.211964 0.149224 0.0719711 0.0222756 0.00432428 0.000531563 4.25348e-05 2.27947e-06 8.27373e-08 2.0145e-09 3.23663e-11 3.39938e-13 2.33285e-15 1.04788e-17
#pred catch len freq
 1.21573e-11 1.32013e-09 8.45162e-08 3.19007e-06 7.09905e-05 0.000931435 0.00720619 0.0328942 0.0888611 0.14424 0.150953 0.128943 0.119785 0.106154 0.0751876 0.0473947 0.0304247 0.0198571 0.0133248 0.00942354 0.00715977 0.00593077 0.00508866 0.00389879 0.00226636
 8.41925e-12 9.1423e-10 5.85299e-08 2.20921e-06 4.91635e-05 0.000645082 0.00499195 0.0228141 0.0620058 0.103672 0.122599 0.140183 0.167737 0.157664 0.103067 0.0530075 0.0267136 0.0142178 0.00787591 0.00458787 0.00287509 0.00200456 0.0015289 0.00111403 0.000644352
 1.02541e-11 1.11347e-09 7.12853e-08 2.69067e-06 5.98773e-05 0.000785639 0.00607882 0.0277621 0.0751897 0.123602 0.136607 0.135035 0.145481 0.135958 0.0960647 0.0574212 0.0317674 0.0154103 0.00670704 0.002953 0.00141287 0.000760467 0.000470265 0.000304094 0.000167843
 1.51899e-11 1.64944e-09 1.05599e-07 3.98582e-06 8.86988e-05 0.00116377 0.00900319 0.0410863 0.110845 0.178743 0.181532 0.140971 0.114912 0.0938197 0.0609955 0.0331059 0.0175584 0.00906609 0.00425584 0.00175737 0.000654732 0.000247291 0.000108042 5.48601e-05 2.68844e-05
 1.48e-11 1.60711e-09 1.02888e-07 3.88352e-06 8.64224e-05 0.0011339 0.00877239 0.0400382 0.108088 0.17487 0.180276 0.146837 0.127142 0.104269 0.0625398 0.0274873 0.0108352 0.00448095 0.0019095 0.000791494 0.000297408 9.77582e-05 3.00646e-05 1.01e-05 3.77387e-06
 1.53528e-11 1.66713e-09 1.06731e-07 4.02858e-06 8.96503e-05 0.00117625 0.00909989 0.0415298 0.112073 0.180972 0.184958 0.146551 0.122339 0.098887 0.0596131 0.0266406 0.0104 0.00381502 0.00126603 0.000401613 0.000129416 4.0198e-05 1.11382e-05 2.76798e-06 6.83358e-07
 1.51477e-11 1.64486e-09 1.05305e-07 3.97475e-06 8.84524e-05 0.00116054 0.00897838 0.0409767 0.110601 0.17876 0.183469 0.147346 0.125199 0.101703 0.0606639 0.0262524 0.00977121 0.00347448 0.0011218 0.000321666 8.31801e-05 1.99903e-05 4.59948e-06 9.79446e-07 1.85275e-07
 1.56868e-11 1.70339e-09 1.09053e-07 4.1162e-06 9.16002e-05 0.00120183 0.00929774 0.0424314 0.114487 0.184723 0.188097 0.147229 0.120697 0.0963387 0.0571706 0.024649 0.00908719 0.00315961 0.000982218 0.000269128 6.57202e-05 1.40208e-05 2.60387e-06 4.31282e-07 6.45151e-08
 1.58727e-11 1.72359e-09 1.10346e-07 4.165e-06 9.26861e-05 0.00121608 0.00940793 0.0429337 0.115834 0.186825 0.189903 0.147765 0.120022 0.0950654 0.0557109 0.0232784 0.00813686 0.00270279 0.000818912 0.000219105 5.16424e-05 1.04715e-05 1.79464e-06 2.57229e-07 3.07968e-08
 1.57412e-11 1.7093e-09 1.09431e-07 4.13048e-06 9.1918e-05 0.001206 0.00933001 0.042579 0.11489 0.185411 0.18897 0.148335 0.121951 0.0969527 0.0563988 0.022968 0.00762535 0.00238443 0.000682324 0.00017263 3.88959e-05 7.61558e-06 1.25426e-06 1.69384e-07 1.83596e-08
 1.57033e-11 1.70519e-09 1.09168e-07 4.12053e-06 9.16966e-05 0.0012031 0.00930754 0.0424764 0.114613 0.184958 0.188486 0.147909 0.121612 0.0969146 0.0568742 0.0237316 0.00821276 0.00263736 0.000743377 0.000178931 3.78237e-05 6.96178e-06 1.08713e-06 1.40315e-07 1.44911e-08
 1.63457e-11 1.77495e-09 1.13634e-07 4.28911e-06 9.54479e-05 0.00125232 0.00968815 0.0442103 0.119248 0.192086 0.1941 0.148036 0.116639 0.0907288 0.0524733 0.0213356 0.00707493 0.00220716 0.000626463 0.000154339 3.27591e-05 5.83961e-06 8.60918e-07 1.0426e-07 1.01607e-08
 1.62731e-11 1.76706e-09 1.13129e-07 4.27006e-06 9.5024e-05 0.00124675 0.00964515 0.0440146 0.118727 0.191305 0.193581 0.148339 0.117687 0.0917581 0.0528558 0.0211775 0.00680476 0.00203856 0.000555642 0.000132024 2.75801e-05 4.94457e-06 7.31325e-07 8.6676e-08 8.0571e-09
 1.55374e-11 1.68718e-09 1.08015e-07 4.07702e-06 9.07284e-05 0.0011904 0.00920934 0.0420297 0.113427 0.183204 0.187444 0.148994 0.124598 0.0996372 0.0575305 0.0227753 0.00711438 0.00205686 0.000541606 0.000123598 2.46765e-05 4.2509e-06 6.13464e-07 7.2157e-08 6.68038e-09
 1.5844e-11 1.72047e-09 1.10146e-07 4.15746e-06 9.25184e-05 0.00121388 0.00939095 0.0428569 0.115638 0.186596 0.190079 0.148937 0.12205 0.0965806 0.0555069 0.02182 0.00671471 0.00189988 0.000487344 0.000107388 2.05631e-05 3.38918e-06 4.67305e-07 5.27391e-08 4.74205e-09
 1.59857e-11 1.73586e-09 1.11131e-07 4.19465e-06 9.3346e-05 0.00122474 0.00947493 0.0432397 0.116663 0.188192 0.19143 0.149273 0.121421 0.095527 0.0544064 0.0208598 0.00607965 0.00161184 0.000395791 8.46675e-05 1.57328e-05 2.50311e-06 3.31061e-07 3.56961e-08 3.06613e-09
 1.59596e-11 1.73303e-09 1.1095e-07 4.1878e-06 9.31936e-05 0.00122274 0.00945945 0.0431689 0.116471 0.18787 0.191047 0.148843 0.120979 0.0953657 0.0547989 0.021584 0.00665319 0.00186407 0.000460972 9.48351e-05 1.66855e-05 2.53697e-06 3.23502e-07 3.36238e-08 2.77254e-09
 1.70818e-11 1.85488e-09 1.18751e-07 4.48226e-06 9.97462e-05 0.00130871 0.0101243 0.0461972 0.124563 0.200294 0.200728 0.148725 0.111777 0.084225 0.0472718 0.0178897 0.00508601 0.00130843 0.000315587 6.66959e-05 1.20723e-05 1.82152e-06 2.23165e-07 2.20892e-08 1.74348e-09
 1.70168e-11 1.84782e-09 1.18299e-07 4.4652e-06 9.93666e-05 0.00130373 0.0100858 0.0460219 0.124096 0.199589 0.200238 0.148925 0.112606 0.0850716 0.0476374 0.0178417 0.00493356 0.00120851 0.00027328 5.34504e-05 9.08313e-06 1.34677e-06 1.6707e-07 1.66033e-08 1.28154e-09
 1.7134e-11 1.86055e-09 1.19114e-07 4.49595e-06 0.000100051 0.0013127 0.0101552 0.0463383 0.124943 0.2009 0.201309 0.149078 0.111896 0.0840744 0.0467799 0.0172226 0.00456392 0.00104845 0.000224155 4.16943e-05 6.65303e-06 9.15315e-07 1.05981e-07 1.01073e-08 7.71968e-10
 1.73293e-11 1.88175e-09 1.20472e-07 4.5472e-06 0.000101191 0.00132767 0.0102709 0.0468653 0.126351 0.203057 0.20297 0.148993 0.110197 0.0820752 0.0455078 0.0166799 0.00437078 0.000982305 0.000203317 3.60468e-05 5.40072e-06 6.96257e-07 7.5502e-08 6.70515e-09 4.77937e-10
 1.70203e-11 1.84821e-09 1.18324e-07 4.46613e-06 9.93874e-05 0.001304 0.0100879 0.0460316 0.124123 0.199642 0.20033 0.149094 0.112835 0.0852102 0.0475485 0.0175986 0.00471738 0.00109515 0.000231089 4.08516e-05 5.98652e-06 7.41847e-07 7.61236e-08 6.33107e-09 4.21099e-10
 1.71534e-11 1.86266e-09 1.19249e-07 4.50105e-06 0.000100164 0.00131419 0.0101667 0.0463906 0.12508 0.201093 0.201371 0.148787 0.111299 0.0835991 0.0467917 0.0175823 0.00489597 0.00120161 0.000265456 4.85879e-05 7.33628e-06 9.23275e-07 9.40853e-08 7.60351e-09 4.8265e-10
 1.76414e-11 1.91565e-09 1.22642e-07 4.6291e-06 0.000103014 0.00135158 0.0104558 0.0477072 0.128597 0.206472 0.205467 0.148422 0.106819 0.0784421 0.043662 0.0164265 0.00460563 0.00114682 0.000259685 4.9488e-05 7.87113e-06 1.03933e-06 1.09872e-07 9.09233e-09 5.80447e-10
 1.82289e-11 1.97944e-09 1.26726e-07 4.78326e-06 0.000106444 0.00139658 0.0108039 0.0492928 0.132835 0.212989 0.210596 0.148525 0.102251 0.0727738 0.0396479 0.0142578 0.0035796 0.00075598 0.000152234 2.78886e-05 4.45343e-06 6.04221e-07 6.66352e-08 5.78459e-09 3.85242e-10
 1.76233e-11 1.91367e-09 1.22515e-07 4.62434e-06 0.000102908 0.00135019 0.0104451 0.0476587 0.128472 0.206325 0.205568 0.149131 0.108043 0.079325 0.0434609 0.015472 0.00375018 0.000734809 0.00013315 2.13689e-05 2.93956e-06 3.57202e-07 3.77537e-08 3.29617e-09 2.26333e-10
 1.74997e-11 1.90026e-09 1.21656e-07 4.59192e-06 0.000102187 0.00134072 0.0103719 0.0473253 0.127581 0.204952 0.204477 0.149077 0.108955 0.0804876 0.0443257 0.0159798 0.0040057 0.0008307 0.000156389 2.4705e-05 3.16e-06 3.40695e-07 3.12105e-08 2.38925e-09 1.50837e-10
 1.79212e-11 1.94603e-09 1.24587e-07 4.70253e-06 0.000104648 0.00137301 0.0106216 0.0484625 0.130617 0.20959 0.207976 0.148653 0.104922 0.0759288 0.0416771 0.0151409 0.00388852 0.000842328 0.000166134 2.74657e-05 3.68439e-06 4.07556e-07 3.63695e-08 2.55951e-09 1.42598e-10
 1.81051e-11 1.96599e-09 1.25865e-07 4.75077e-06 0.000105721 0.0013871 0.0107305 0.0489587 0.131944 0.211636 0.209612 0.148771 0.103622 0.0742365 0.0403754 0.0143341 0.00346205 0.000675557 0.000122785 1.9962e-05 2.75274e-06 3.18433e-07 2.97557e-08 2.16925e-09 1.21333e-10
#obs catch len freq
 1.1585e-11 1.25799e-09 8.05378e-08 3.0399e-06 6.7649e-05 0.000887595 0.00686715 0.0313498 0.0847328 0.137898 0.146052 0.129519 0.127032 0.118623 0.0893618 0.0583978 0.0353413 0.0192048 0.00918682 0.00379305 0.00128139 0.00033103 6.15211e-05 7.84326e-06 6.62196e-07
 1.30892e-11 1.42134e-09 9.09953e-08 3.43462e-06 7.64329e-05 0.00100284 0.0077587 0.035417 0.0956805 0.155294 0.162245 0.137399 0.125792 0.110403 0.0767444 0.0451058 0.0250807 0.0129692 0.0058889 0.00225115 0.000692839 0.000162998 2.77376e-05 3.2485e-06 2.51918e-07
 5.8828e-12 6.38803e-10 4.08968e-08 1.54366e-06 3.43529e-05 0.000450787 0.00348978 0.0159792 0.0438189 0.0761919 0.102509 0.142816 0.189289 0.183168 0.123175 0.0651305 0.031388 0.014138 0.0057243 0.00199398 0.000561603 0.000120031 1.84668e-05 1.95762e-06 1.37936e-07
 1.75457e-11 1.90526e-09 1.21976e-07 4.604e-06 0.000102455 0.00134424 0.0103988 0.0474402 0.12777 0.204212 0.198573 0.131007 0.080839 0.0629364 0.0536196 0.0407536 0.0243943 0.0110705 0.00398507 0.00119328 0.000293009 5.56625e-05 7.68461e-06 7.32943e-07 4.65203e-08
 1.56753e-11 1.70215e-09 1.08973e-07 4.11321e-06 9.15341e-05 0.00120098 0.0092918 0.0424162 0.114575 0.185644 0.191541 0.153353 0.124857 0.0943194 0.0515001 0.0199117 0.00695864 0.00280905 0.001101 0.000336497 7.58037e-05 1.25541e-05 1.50556e-06 1.26288e-07 7.12882e-09
 1.72912e-11 1.87762e-09 1.20207e-07 4.53723e-06 0.00010097 0.00132478 0.0102492 0.0467769 0.126222 0.203462 0.205042 0.151862 0.109784 0.0779773 0.0428521 0.0170773 0.00537697 0.00144524 0.000345195 7.76523e-05 1.57098e-05 2.46544e-06 2.71767e-07 2.02561e-08 1.00296e-09
 1.57031e-11 1.70517e-09 1.09167e-07 4.12051e-06 9.16967e-05 0.00120313 0.00930885 0.0425018 0.114883 0.186568 0.193664 0.156148 0.125984 0.0931963 0.0502411 0.0189635 0.00553618 0.00136902 0.00028229 4.67834e-05 6.31625e-06 7.0886e-07 6.36797e-08 4.19928e-09 1.88138e-10
 1.65957e-11 1.8021e-09 1.15372e-07 4.35473e-06 9.6909e-05 0.00127152 0.00983786 0.0449138 0.12135 0.1966 0.201743 0.156416 0.118429 0.0836058 0.0438146 0.016112 0.00452357 0.00105051 0.000198401 2.91511e-05 3.28138e-06 2.80501e-07 1.79922e-08 8.56493e-10 2.96214e-11
 1.66712e-11 1.8103e-09 1.15897e-07 4.37453e-06 9.73499e-05 0.00127732 0.009883 0.0451248 0.121969 0.19786 0.203726 0.158567 0.119175 0.0821357 0.0413954 0.0142636 0.00362222 0.000751173 0.00012885 1.73686e-05 1.77255e-06 1.3357e-07 7.23895e-09 2.75959e-10 7.28659e-12
 1.70441e-11 1.85079e-09 1.18489e-07 4.47238e-06 9.95276e-05 0.00130589 0.0101042 0.0461367 0.124709 0.202251 0.207643 0.15935 0.11612 0.0775401 0.0380976 0.0127919 0.0031283 0.000609741 9.56488e-05 1.15414e-05 1.04388e-06 6.98393e-08 3.37033e-09 1.13653e-10 2.60671e-12
 1.57239e-11 1.70743e-09 1.09311e-07 4.12598e-06 9.18196e-05 0.0012048 0.00932326 0.0425937 0.115385 0.188743 0.199711 0.165055 0.130447 0.0888878 0.0422356 0.013057 0.00275445 0.000442116 5.82514e-05 6.17381e-06 4.9951e-07 2.97694e-08 1.26979e-09 3.7723e-11 7.62827e-13
 1.69917e-11 1.84509e-09 1.18125e-07 4.45864e-06 9.92224e-05 0.00130192 0.0100744 0.046015 0.124518 0.20266 0.21003 0.163377 0.118244 0.0757768 0.034829 0.0105285 0.00216701 0.000331878 3.98621e-05 3.65937e-06 2.47364e-07 1.22272e-08 4.4055e-10 1.1317e-11 2.00671e-13
 1.6569e-11 1.7992e-09 1.15186e-07 4.34774e-06 9.6755e-05 0.00126958 0.00982497 0.0448904 0.121618 0.19875 0.208555 0.166428 0.122896 0.0782321 0.0350329 0.0101479 0.00195063 0.000271069 2.93416e-05 2.46194e-06 1.52677e-07 6.78922e-09 2.13237e-10 4.65343e-12 6.93406e-14
 1.6014e-11 1.73894e-09 1.11328e-07 4.20213e-06 9.35154e-05 0.0012271 0.00949738 0.0434116 0.117785 0.193452 0.206017 0.169275 0.128039 0.0816687 0.0364257 0.0106432 0.00211498 0.00030871 3.43224e-05 2.81172e-06 1.62757e-07 6.57972e-09 1.86019e-10 3.64547e-12 4.85434e-14
 1.36738e-11 1.48482e-09 9.50599e-08 3.58809e-06 7.98527e-05 0.00104794 0.00811407 0.0371468 0.101376 0.169988 0.192819 0.179516 0.151837 0.100001 0.0436182 0.0120066 0.00214764 0.000270275 2.59989e-05 1.94261e-06 1.07914e-07 4.26738e-09 1.16807e-10 2.16305e-12 2.65808e-14
 1.52963e-11 1.661e-09 1.06339e-07 4.01384e-06 8.93271e-05 0.00117224 0.00907522 0.041521 0.113009 0.187439 0.204822 0.17543 0.135235 0.0842738 0.0359305 0.00990895 0.00182347 0.000240022 2.35877e-05 1.69476e-06 8.54683e-08 2.97986e-09 7.2134e-11 1.21016e-12 1.38246e-14
 1.51569e-11 1.64586e-09 1.0537e-07 3.97727e-06 8.85144e-05 0.00116163 0.00899438 0.0411704 0.112216 0.18687 0.20599 0.178078 0.136612 0.0833673 0.0344959 0.00914347 0.00159221 0.000195429 1.7986e-05 1.24111e-06 6.1595e-08 2.12491e-09 4.99894e-11 7.89079e-13 8.22454e-15
 1.50698e-11 1.6364e-09 1.04765e-07 3.95443e-06 8.80076e-05 0.00115503 0.00894474 0.0409631 0.111809 0.18688 0.207481 0.18034 0.137179 0.0819721 0.0330601 0.00851197 0.0014288 0.000166661 1.43416e-05 9.1585e-07 4.19182e-08 1.3363e-09 2.92977e-11 4.3656e-13 4.34153e-15
 1.5656e-11 1.70006e-09 1.0884e-07 4.10828e-06 9.14321e-05 0.00119999 0.00929312 0.0425574 0.116109 0.193536 0.212406 0.179043 0.130548 0.0756126 0.0301539 0.00787202 0.00138344 0.000173076 1.58151e-05 1.0299e-06 4.6104e-08 1.39572e-09 2.85175e-11 3.91769e-13 3.57703e-15
 1.44447e-11 1.56853e-09 1.0042e-07 3.7905e-06 8.43636e-05 0.00110739 0.00858023 0.0393559 0.107921 0.182634 0.208166 0.186506 0.142091 0.0823691 0.0318726 0.00787732 0.00127415 0.000143643 1.19525e-05 7.38171e-07 3.26495e-08 9.97173e-10 2.05093e-11 2.78533e-13 2.45643e-15
 1.56556e-11 1.70002e-09 1.08838e-07 4.10825e-06 9.14351e-05 0.00120018 0.00929785 0.0426212 0.116582 0.195446 0.216344 0.182281 0.129377 0.0715736 0.0271658 0.00674831 0.00112338 0.0001317 1.1152e-05 6.69988e-07 2.77133e-08 7.77697e-10 1.47588e-11 1.88236e-13 1.58978e-15
 1.57831e-11 1.71386e-09 1.09725e-07 4.14176e-06 9.21832e-05 0.00121008 0.00937644 0.0430036 0.117773 0.197917 0.219575 0.184016 0.127757 0.0681126 0.0245669 0.00566178 0.000842001 8.51122e-05 6.21525e-06 3.35819e-07 1.31091e-08 3.55913e-10 6.5254e-12 7.90971e-14 6.23589e-16
 1.66939e-11 1.81277e-09 1.16057e-07 4.38079e-06 9.75034e-05 0.00127991 0.00991683 0.0454657 0.124319 0.207632 0.225811 0.180867 0.118204 0.0599767 0.0209376 0.00472313 0.000691286 6.84529e-05 4.78857e-06 2.3897e-07 8.32803e-09 1.98241e-10 3.19336e-12 3.46319e-14 2.50081e-16
 1.57612e-11 1.71149e-09 1.09574e-07 4.13616e-06 9.20652e-05 0.00120877 0.00937116 0.0430373 0.118242 0.199984 0.223667 0.186905 0.126021 0.0640323 0.0219119 0.00478612 0.000670521 6.27277e-05 4.108e-06 1.92023e-07 6.2993e-09 1.41036e-10 2.11352e-12 2.09461e-14 1.35817e-16
 1.55851e-11 1.69237e-09 1.0835e-07 4.09007e-06 9.10441e-05 0.00119554 0.0092722 0.0426253 0.117394 0.199573 0.225028 0.189017 0.126478 0.0630478 0.0210908 0.00450562 0.000617678 5.63748e-05 3.56875e-06 1.59028e-07 4.90731e-09 1.0234e-10 1.42032e-12 1.30099e-14 7.79804e-17
 1.6288e-11 1.7687e-09 1.13238e-07 4.27459e-06 9.51529e-05 0.00124952 0.00969092 0.0445416 0.122528 0.207283 0.230053 0.186529 0.118867 0.0566164 0.0182379 0.00376268 0.000496628 4.33064e-05 2.59769e-06 1.09269e-07 3.18529e-09 6.28022e-11 8.21987e-13 7.06079e-15 3.94205e-17
 1.37983e-11 1.49836e-09 9.59328e-08 3.62167e-06 8.06393e-05 0.00105968 0.0082347 0.0380536 0.106206 0.186242 0.222617 0.200678 0.13964 0.0692586 0.0225578 0.00468118 0.000626718 5.59906e-05 3.43626e-06 1.45332e-07 4.1572e-09 7.87887e-11 9.77825e-13 7.90158e-15 4.13278e-17
 1.7226e-11 1.87057e-09 1.19761e-07 4.52094e-06 0.000100642 0.00132175 0.0102528 0.047128 0.129524 0.217904 0.236956 0.182771 0.108048 0.0479164 0.0146892 0.00295732 0.000390475 3.47063e-05 2.12474e-06 8.95271e-08 2.5461e-09 4.7867e-11 5.86608e-13 4.64132e-15 2.34964e-17
 1.42065e-11 1.54272e-09 9.87758e-08 3.72931e-06 8.30518e-05 0.00109187 0.00849321 0.0393259 0.110116 0.193642 0.230063 0.201339 0.132452 0.0611717 0.018346 0.00343774 0.000401807 3.00384e-05 1.49891e-06 5.20429e-08 1.27719e-09 2.18077e-11 2.51578e-13 1.90909e-15 9.33854e-18
#spawning biomass
 7722.89 8023.86 5582.53 6411.2 10123.9 16011.8 24185.3 35542.6 50805.1 67173.8 94239 123758 169398 193664 183329 167924 177586 168731 184566 177686 176765 192732 223925 272934 281629 275381 265317 274646 222603 129829 207252 110937 55721.7 31632.7 22410.4 19156.9 18070.5 17721.5 17612.5 17579.1 17569 17566 17565.2 17564.9 17564.8 17564.8 17564.8 17564.8 17564.8 17564.8 17564.8 17564.8 17564.8 17564.8 17564.8 17564.8 17564.8 17564.8 17564.8 17564.8 17564.8 17564.8 17564.8 17564.8 17564.8 17564.8 17564.8 17564.8 17564.8 17564.8 17564.8 17564.8 17564.8 17564.8 17564.8 17564.8 17564.8 17564.8 17564.8 17564.8 17564.8 17564.8 17564.8 17564.8 17564.8 17564.8 17564.8 17564.8 17564.8 17564.8 17564.8 17564.8 17564.8 17564.8 17564.8 17564.8 17564.8 17564.8 17564.8 17564.8 17564.8 17564.8 17564.8 17564.8 17564.8 17564.8 17564.8 17564.8 17564.8 17564.8 17564.8 17564.8 17564.8 17564.8 17564.8 17564.8 17564.8 17564.8 17564.8 17564.8 17564.8 17564.8 17564.8 17564.8 17564.8 17564.8 17564.8 17564.8 17564.8 0 0 0 0 0 0 0 0 0 0 0 0 0 0 0 0 0 0 0 0 0 0 0 0 0
