SBPRF35
0.178137
Curr Bio
242565
B35
434373
F35
0.981076
FOFL
0.722313
OFL
70231.4
Bzero
50895.7
#pred survey bio
 37312.2 37149 21076.1 16482.5 29366.2 47280.7 78090.9 117549 175129 187867 219754 226397 259387 273654 223127 241636 239586 281436 296085 300380 310293 284419 265874 307511 283271 298105 302032 315383 1.39317e+07 9.26494e+06 4.51905e+06 2.23534e+06 1.28463e+06 883983 699040 603586 549861 518058 498776 486975 479733 475291 472560 470866 469851 469241 468875 468653 468520 468440 468391 468362 468344 468334 468327 468323 468321 468319 468319 468318 468318 468318 468317 468317 468317 468317 468317 468317 468317 468317 468317 468317 468317 468317 468317 468317 468317 468317 468317 468317 468317 468317 468317 468317 468317 468317 468317 468317 468317 468317 468317 468317 468317 468317 468317 468317 468317 468317 468317 468317 468317 468317 468317 468317 468317 468317 468317 468317 468317 468317 468317 468317 468317 468317 468317 468317 468317 468317 468317 468317 468317 468317 468317 468317 468317 468317 468317 468317 0 0 0 0 0 0 0 0 0 0 0 0 0 0 0 0 0 0 0 0 0 0 0 0 0
#obs survey bio
 27998.3 38392 11616.7 16009.9 27288.1 46967.4 103809 102030 178448 160194 168645 182655 141227 253739 144832 252233 215329 195593 265829 218779 218015 271164 201127 195914 179446 217978 287179 240631
#pred catch bio
 11237.1 19006.1 10690.6 8275.89 15905.4 27907 46219.9 66687.5 118771 122155 153839 153902 179084 207545 163713 180180 170695 207217 223066 227894 245134 220304 196291 243383 218898 235472 245434 202838 70231.4 214814 86643.1 32650.8 14581.4 9200.18 7713.67 7323.58 7224.87 7200.54 7194.66 7193.26 7192.94 7192.86 7192.84 7192.84 7192.84 7192.84 7192.84 7192.84 7192.84 7192.84 7192.84 7192.84 7192.84 7192.84 7192.84 7192.84 7192.84 7192.84 7192.84 7192.84 7192.84 7192.84 7192.84 7192.84 7192.84 7192.84 7192.84 7192.84 7192.84 7192.84 7192.84 7192.84 7192.84 7192.84 7192.84 7192.84 7192.84 7192.84 7192.84 7192.84 7192.84 7192.84 7192.84 7192.84 7192.84 7192.84 7192.84 7192.84 7192.84 7192.84 7192.84 7192.84 7192.84 7192.84 7192.84 7192.84 7192.84 7192.84 7192.84 7192.84 7192.84 7192.84 7192.84 7192.84 7192.84 7192.84 7192.84 7192.84 7192.84 7192.84 7192.84 7192.84 7192.84 7192.84 7192.84 7192.84 7192.84 7192.84 7192.84 7192.84 7192.84 7192.84 7192.84 7192.84 7192.84 7192.84 7192.84 7192.84 0 0 0 0 0 0 0 0 0 0 0 0 0 0 0 0 0 0 0 0 0 0 0 0 0
#obs catch bio
 17349 21079.7 12544.9 9497.98 10683.3 24759.8 36241.9 50912.6 104885 107160 160701 132969 164930 183455 151696 172408 144695 191365 196953 205036 227570 189345 160490 217359 190379 200014 200950 169733
#pred cpue bio
 25618.9 29179.8 18261 9765.18 11265.6 20264.1 29440.3 47783 75932.9 81178.5 95646.7 94486.3 105295 115193 91487.3 85767.8 86912.3 100103 105955 103746 103195 90951 89501.6 100757 89552.2 91779.3 88837.2 81255.7 5.71009e+06 9.0761e+06 4.40063e+06 2.11642e+06 1.1657e+06 765049 580106 484652 430927 399124 379843 368041 360799 356358 353626 351933 350918 350308 349941 349720 349586 349506 349457 349428 349410 349400 349393 349389 349387 349386 349385 349384 349384 349384 349384 349384 349384 349384 349383 349383 349383 349383 349383 349383 349383 349383 349383 349383 349383 349383 349383 349383 349383 349383 349383 349383 349383 349383 349383 349383 349383 349383 349383 349383 349383 349383 349383 349383 349383 349383 349383 349383 349383 349383 349383 349383 349383 349383 349383 349383 349383 349383 349383 349383 349383 349383 349383 349383 349383 349383 349383 349383 349383 349383 349383 349383 349383 349383 349383 349383 0 0 0 0 0 0 0 0 0 0 0 0 0 0 0 0 0 0 0 0 0 0 0 0 0
#obs cpue bio
 28447.7 22590.1 9306.64 15671.6 38853.2 39176.6 58769.1 129394 144633 127197 118451 219504 237597 247794 163566 112288 182114 183395 210666 206405 201238 185710 244866 250607 237959 249180 220282 195135
#pred surv len freq
 1.47115e-11 1.59679e-09 1.02194e-07 3.8565e-06 8.58119e-05 0.00112589 0.00871121 0.0397621 0.107298 0.173005 0.175354 0.135147 0.109242 0.0900555 0.0612594 0.0366142 0.0220314 0.0133983 0.00835456 0.00553919 0.00399445 0.003181 0.00266119 0.00201246 0.0011632
 1.08879e-11 1.18177e-09 7.56334e-08 2.85417e-06 6.35093e-05 0.000833294 0.00644814 0.0294515 0.0797377 0.130693 0.142465 0.135907 0.141397 0.129351 0.0887876 0.0512181 0.0287502 0.0156073 0.00821427 0.00440577 0.0025272 0.00163378 0.00118431 0.000840379 0.000480497
 7.37355e-12 8.00328e-10 5.12209e-08 1.93292e-06 4.30106e-05 0.000564358 0.00436805 0.0199733 0.0543844 0.0916195 0.11136 0.134164 0.167062 0.162255 0.113538 0.0662946 0.0371204 0.0194611 0.00942732 0.00435668 0.00198909 0.000967309 0.00054223 0.000330426 0.000177671
 1.70417e-11 1.84971e-09 1.18381e-07 4.46734e-06 9.94037e-05 0.00130421 0.0100903 0.0460432 0.12406 0.19852 0.194121 0.131254 0.0849375 0.0649817 0.051108 0.0389419 0.026586 0.0150948 0.00739763 0.00327531 0.00132612 0.000511112 0.000206325 9.41995e-05 4.33332e-05
 1.98157e-11 2.15081e-09 1.37651e-07 5.19453e-06 0.000115585 0.00151651 0.0117326 0.0535347 0.144207 0.230454 0.223861 0.146977 0.0869566 0.0553183 0.0292247 0.0107129 0.00314461 0.00116957 0.000596618 0.000291374 0.00012001 4.25045e-05 1.36825e-05 4.41368e-06 1.50494e-06
 1.88684e-11 2.04798e-09 1.3107e-07 4.94619e-06 0.000110059 0.00144401 0.011172 0.0509813 0.137394 0.220094 0.2163 0.148785 0.0973845 0.0666532 0.0352363 0.0117808 0.00235833 0.000279983 1.98786e-05 9.19975e-07 5.92636e-08 1.44605e-08 4.38008e-09 1.1564e-09 2.82931e-10
 1.98016e-11 2.14927e-09 1.37553e-07 5.19082e-06 0.000115502 0.00151542 0.0117243 0.0534972 0.144115 0.230373 0.224098 0.147977 0.0886417 0.0566743 0.029314 0.00975253 0.00194954 0.000230973 1.62321e-05 6.85348e-07 1.81652e-08 3.40961e-10 5.8291e-12 2.05446e-13 2.881e-14
 1.9277e-11 2.09233e-09 1.33909e-07 5.0533e-06 0.000112442 0.00147528 0.0114138 0.0520829 0.140337 0.224595 0.219715 0.148433 0.0935591 0.0622856 0.0326424 0.0108902 0.0021772 0.000257534 1.79883e-05 7.43177e-07 1.83003e-08 2.75781e-10 2.75729e-12 2.17212e-14 1.57e-16
 1.8774e-11 2.03774e-09 1.30415e-07 4.92145e-06 0.000109508 0.00143679 0.0111161 0.0507268 0.136715 0.219055 0.215512 0.148867 0.0982699 0.0676632 0.035835 0.0119849 0.00239875 0.000284445 2.00392e-05 8.53207e-07 2.32121e-08 4.61663e-10 7.84202e-12 1.10177e-13 1.08737e-15
 1.88018e-11 2.04075e-09 1.30608e-07 4.92874e-06 0.00010967 0.00143892 0.0111326 0.0508018 0.136915 0.219361 0.215745 0.148845 0.0980122 0.0673677 0.0356576 0.0119217 0.00238426 0.000281965 1.96739e-05 8.09661e-07 1.96621e-08 2.82261e-10 2.41165e-12 1.25731e-14 4.37134e-17
 1.87423e-11 2.03429e-09 1.30195e-07 4.91314e-06 0.000109323 0.00143436 0.0110973 0.0506413 0.136486 0.218706 0.215248 0.148896 0.0985699 0.0680042 0.0360353 0.012051 0.0024103 0.000285072 1.98967e-05 8.19718e-07 1.99841e-08 2.90876e-10 2.60569e-12 1.56894e-14 7.48842e-17
 1.90779e-11 2.07073e-09 1.32526e-07 5.00112e-06 0.000111281 0.00146005 0.011296 0.0515462 0.138903 0.222403 0.218052 0.148605 0.0954246 0.0644146 0.0339054 0.0113221 0.00226379 0.000267701 1.86774e-05 7.68494e-07 1.86488e-08 2.67009e-10 2.25948e-12 1.13698e-14 3.47454e-17
 1.92871e-11 2.09343e-09 1.33979e-07 5.05595e-06 0.000112501 0.00147605 0.0114198 0.0521101 0.14041 0.224706 0.2198 0.148424 0.0934648 0.0621778 0.0325782 0.010868 0.00217255 0.000256903 1.79242e-05 7.37552e-07 1.79022e-08 2.56534e-10 2.17739e-12 1.10737e-14 3.50552e-17
 1.90112e-11 2.06348e-09 1.32063e-07 4.98363e-06 0.000110892 0.00145494 0.0112565 0.0513663 0.138423 0.221667 0.217495 0.148663 0.0960501 0.0651284 0.0343289 0.011467 0.0022929 0.000271147 1.89177e-05 7.78364e-07 1.88866e-08 2.70326e-10 2.28488e-12 1.14499e-14 3.44841e-17
 1.92126e-11 2.08535e-09 1.33462e-07 5.03643e-06 0.000112067 0.00147036 0.0113757 0.0519094 0.139873 0.223886 0.219178 0.148489 0.0941625 0.0629741 0.0330507 0.0110296 0.00220502 0.000260744 1.81916e-05 7.48452e-07 1.81579e-08 2.59746e-10 2.19091e-12 1.08975e-14 3.19665e-17
 2.01787e-11 2.19021e-09 1.40173e-07 5.28969e-06 0.000117702 0.00154429 0.0119475 0.0545141 0.146831 0.234527 0.22725 0.147651 0.085109 0.0526416 0.02692 0.00893184 0.00178356 0.000210857 1.47104e-05 6.05224e-07 1.46832e-08 2.10046e-10 1.77185e-12 8.816e-15 2.58906e-17
 2.00465e-11 2.17585e-09 1.39254e-07 5.25502e-06 0.000116931 0.00153417 0.0118692 0.0541575 0.145878 0.23307 0.226145 0.147766 0.0863484 0.0540562 0.0277593 0.00921903 0.00184126 0.000217687 1.5187e-05 6.2483e-07 1.51588e-08 2.16842e-10 1.82899e-12 9.09682e-15 2.66785e-17
 2.01663e-11 2.18886e-09 1.40086e-07 5.28643e-06 0.000117629 0.00154333 0.0119401 0.0544805 0.146741 0.23439 0.227146 0.147662 0.0852258 0.0527749 0.0269991 0.00895889 0.00178899 0.000211501 1.47553e-05 6.07071e-07 1.4728e-08 2.10686e-10 1.77723e-12 8.84232e-15 2.59634e-17
 2.01297e-11 2.18489e-09 1.39833e-07 5.27685e-06 0.000117416 0.00154054 0.0119185 0.054382 0.146478 0.233987 0.226841 0.147693 0.0855682 0.0531657 0.027231 0.00903824 0.00180494 0.000213388 1.4887e-05 6.12487e-07 1.48593e-08 2.12559e-10 1.79288e-12 8.91742e-15 2.61548e-17
 2.03385e-11 2.20755e-09 1.41283e-07 5.33158e-06 0.000118634 0.00155651 0.0120421 0.0549449 0.147981 0.236287 0.228585 0.147512 0.0836117 0.0509329 0.0259062 0.0085849 0.00171386 0.000202607 1.41347e-05 5.81534e-07 1.41084e-08 2.01816e-10 1.70225e-12 8.46636e-15 2.48288e-17
 2.05491e-11 2.23041e-09 1.42746e-07 5.38678e-06 0.000119862 0.00157263 0.0121667 0.0555127 0.149498 0.238606 0.230345 0.14733 0.0816383 0.0486807 0.0245699 0.00812765 0.00162199 0.000191733 1.33759e-05 5.50314e-07 1.33509e-08 1.90981e-10 1.61086e-12 8.01176e-15 2.3495e-17
 2.07555e-11 2.25281e-09 1.4418e-07 5.44089e-06 0.000121066 0.00158843 0.0122889 0.0560692 0.150984 0.240879 0.232069 0.147151 0.079704 0.0464731 0.02326 0.00767944 0.00153194 0.000181074 1.26321e-05 5.19712e-07 1.26085e-08 1.80361e-10 1.52128e-12 7.56618e-15 2.21879e-17
 2.04828e-11 2.22321e-09 1.42285e-07 5.3694e-06 0.000119476 0.00156756 0.0121275 0.0553339 0.149021 0.237876 0.229791 0.147387 0.0822597 0.0493898 0.0249906 0.00827161 0.00165091 0.000195157 1.36148e-05 5.60144e-07 1.35894e-08 1.94393e-10 1.63963e-12 8.15481e-15 2.39141e-17
 2.06289e-11 2.23907e-09 1.433e-07 5.4077e-06 0.000120328 0.00157874 0.0122139 0.0557278 0.150073 0.239485 0.231011 0.147261 0.0808905 0.0478272 0.0240635 0.00795437 0.00158717 0.000187612 1.30883e-05 5.38483e-07 1.30639e-08 1.86876e-10 1.57624e-12 7.83968e-15 2.29916e-17
 2.08136e-11 2.25912e-09 1.44583e-07 5.45611e-06 0.000121405 0.00159287 0.0123232 0.0562257 0.151403 0.241519 0.232554 0.147101 0.0791599 0.0458522 0.0228916 0.00755337 0.00150661 0.000178076 1.24229e-05 5.11105e-07 1.23997e-08 1.77374e-10 1.49608e-12 7.44087e-15 2.18204e-17
 2.09442e-11 2.27329e-09 1.4549e-07 5.49034e-06 0.000122167 0.00160286 0.0124005 0.0565778 0.152343 0.242957 0.233645 0.146987 0.0779363 0.0444556 0.022063 0.00726983 0.00144965 0.000171334 1.19524e-05 4.91746e-07 1.193e-08 1.70655e-10 1.43941e-12 7.15903e-15 2.0994e-17
 2.11581e-11 2.2965e-09 1.46976e-07 5.54641e-06 0.000123414 0.00161923 0.0125271 0.0571545 0.153883 0.245313 0.235433 0.146802 0.0759319 0.0421681 0.0207057 0.0068054 0.00135634 0.000160289 1.11817e-05 4.60036e-07 1.11607e-08 1.59651e-10 1.34659e-12 6.69737e-15 1.96401e-17
 2.17062e-11 2.356e-09 1.50784e-07 5.69011e-06 0.000126612 0.00166118 0.0128516 0.0586324 0.157831 0.251351 0.240013 0.146327 0.0707949 0.0363054 0.0172272 0.00561509 0.00111719 0.000131983 9.20646e-06 3.78766e-07 9.18903e-09 1.31446e-10 1.1087e-12 5.5142e-15 1.61704e-17
#obs surv len freq
 4.35655e-11 4.0375e-09 2.20632e-07 7.10908e-06 0.000135067 0.00151317 0.00999797 0.0389982 0.0902707 0.127389 0.123886 0.115525 0.123536 0.119266 0.0965354 0.0702151 0.0446184 0.0234474 0.0100645 0.00346293 0.000921269 0.000182387 2.58916e-05 2.54666e-06 1.68497e-07
 3.09508e-11 2.76655e-09 1.45812e-07 4.53145e-06 8.30382e-05 0.000897342 0.00572147 0.0215849 0.0488997 0.0714845 0.0866922 0.118501 0.156023 0.160252 0.134077 0.0967964 0.0571538 0.0268691 0.0104748 0.00341338 0.000879206 0.000167636 2.25525e-05 2.06934e-06 1.2617e-07
 1.62875e-11 1.40175e-09 7.11341e-08 2.12851e-06 3.75562e-05 0.000390835 0.00240173 0.0087699 0.0196492 0.0310987 0.0489729 0.0868049 0.13453 0.170559 0.182649 0.154005 0.0949872 0.0435078 0.0157211 0.00461784 0.00107863 0.000190639 2.41261e-05 2.08565e-06 1.19039e-07
 2.65727e-10 2.19836e-08 1.07238e-06 3.08452e-05 0.000523134 0.00523148 0.030848 0.107259 0.219945 0.266236 0.191215 0.0841366 0.0281017 0.015677 0.0163222 0.0152618 0.0106248 0.00555663 0.00220424 0.000655424 0.000144231 2.31831e-05 2.65738e-06 2.10082e-07 1.10732e-08
 1.88347e-10 1.49556e-08 7.00223e-07 1.93311e-05 0.000314682 0.00302078 0.0171075 0.0572894 0.114818 0.146065 0.146517 0.158761 0.163703 0.117472 0.0527214 0.0155987 0.00414021 0.00153817 0.000643557 0.000211916 4.93192e-05 7.89015e-06 8.5551e-07 6.20707e-08 2.96983e-09
 4.4618e-10 3.39555e-08 1.52369e-06 4.03153e-05 0.000628973 0.00578615 0.0313895 0.100467 0.190202 0.215845 0.156828 0.0935364 0.0672053 0.0556167 0.0423919 0.025763 0.0108321 0.00289978 0.000495597 6.20076e-05 7.63756e-06 9.8903e-07 1.02969e-07 7.26358e-09 3.29972e-10
 5.16904e-10 3.76508e-08 1.61706e-06 4.09511e-05 0.000611502 0.00538456 0.0279677 0.0858303 0.156981 0.178618 0.15035 0.130909 0.117763 0.0815009 0.0404169 0.0160687 0.00557082 0.00158693 0.000340102 5.19956e-05 5.49517e-06 4.05535e-07 2.26417e-08 1.04643e-09 3.86791e-11
 7.76743e-10 5.4082e-08 2.22032e-06 5.37486e-05 0.000767203 0.0064576 0.0320609 0.0940362 0.16425 0.177821 0.140784 0.115296 0.103251 0.0790424 0.0492237 0.0248951 0.00927666 0.00233507 0.000395274 4.80257e-05 4.51013e-06 3.2732e-07 1.71701e-08 6.15066e-10 1.48546e-11
 1.08457e-09 7.20981e-08 2.82604e-06 6.53162e-05 0.000890142 0.00715366 0.0339166 0.0950774 0.159402 0.168982 0.139529 0.12473 0.112656 0.080704 0.0456212 0.0212693 0.00764994 0.00195374 0.000348391 4.41917e-05 4.01414e-06 2.58163e-07 1.16515e-08 3.67818e-10 8.02032e-12
 1.29827e-09 8.23072e-08 3.07678e-06 6.78181e-05 0.000881448 0.0067564 0.0305661 0.0819451 0.13288 0.143141 0.135831 0.143745 0.136448 0.0975567 0.0547722 0.0248282 0.00833752 0.00190823 0.000295196 3.2356e-05 2.63871e-06 1.60251e-07 6.95979e-09 2.07056e-10 4.10284e-12
 2.4258e-09 1.46513e-07 5.21774e-06 0.000109567 0.00135666 0.0099062 0.0426786 0.108782 0.166317 0.162921 0.129206 0.114631 0.103579 0.0782806 0.0486478 0.0235354 0.00796395 0.00178289 0.000266705 2.78205e-05 2.09225e-06 1.13444e-07 4.34823e-09 1.1555e-10 2.09101e-12
 3.61124e-09 2.07587e-07 7.03606e-06 0.000140621 0.00165719 0.0115175 0.0472417 0.114793 0.16842 0.162791 0.135809 0.125921 0.106794 0.0691356 0.0353862 0.0146811 0.00455612 0.000983891 0.000147024 1.55931e-05 1.18367e-06 6.3094e-08 2.30309e-09 5.66028e-11 9.26038e-13
 5.22809e-09 2.85767e-07 9.21022e-06 0.000175032 0.00196143 0.0129632 0.0505773 0.117061 0.164673 0.156723 0.13567 0.129792 0.108659 0.068878 0.0344957 0.0136568 0.00387728 0.0007293 8.99733e-05 7.60926e-06 4.69652e-07 2.17631e-08 7.36962e-10 1.73588e-11 2.73136e-13
 7.36678e-09 3.82567e-07 1.17145e-05 0.000211512 0.00225195 0.0141418 0.0524487 0.115635 0.156503 0.148787 0.136535 0.13555 0.112692 0.0710527 0.0356611 0.0139247 0.00381865 0.000686814 8.05672e-05 6.37807e-06 3.5478e-07 1.40857e-08 3.94807e-10 7.68432e-12 1.02581e-13
 1.07678e-08 5.30864e-07 1.54322e-05 0.000264524 0.00267377 0.015942 0.05616 0.117852 0.153273 0.144731 0.137304 0.137412 0.112214 0.069964 0.0348163 0.0132408 0.00347248 0.000592454 6.58458e-05 4.94419e-06 2.6064e-07 9.74194e-09 2.53282e-10 4.46805e-12 5.25654e-14
 1.77288e-08 8.29208e-07 2.28684e-05 0.000371878 0.00356604 0.0201713 0.0674133 0.1342 0.165486 0.147804 0.132247 0.125653 0.0989381 0.0604795 0.0295526 0.0108724 0.00272617 0.000443995 4.73437e-05 3.43072e-06 1.74547e-07 6.24994e-09 1.54121e-10 2.55695e-12 2.80881e-14
 2.72905e-08 1.21021e-06 3.16446e-05 0.000487902 0.00443603 0.0237933 0.0754336 0.142744 0.168847 0.148828 0.134522 0.124567 0.09193 0.0515302 0.0229561 0.00777316 0.00181295 0.000276181 2.76129e-05 1.87934e-06 9.0028e-08 3.04519e-09 7.11337e-11 1.11872e-12 1.16266e-14
 3.55159e-08 1.49251e-06 3.69831e-05 0.000540366 0.00465616 0.0236752 0.0712596 0.128924 0.150333 0.142245 0.144748 0.139192 0.101928 0.056874 0.0251526 0.00828585 0.00185115 0.000269183 2.57801e-05 1.68634e-06 7.74035e-08 2.48561e-09 5.45968e-11 8.02651e-13 7.78202e-15
 5.8856e-08 2.34288e-06 5.4992e-05 0.000761112 0.00621226 0.0299199 0.0852836 0.145963 0.160217 0.140901 0.1333 0.122929 0.0899394 0.0517425 0.0233461 0.00756275 0.00161946 0.000223628 2.03274e-05 1.26473e-06 5.52725e-08 1.6881e-09 3.51825e-11 4.89178e-13 4.46596e-15
 8.47232e-08 3.19364e-06 7.09839e-05 0.000930334 0.0071911 0.0328083 0.0887073 0.14494 0.155883 0.142505 0.140964 0.126827 0.0867613 0.0459717 0.019198 0.00585443 0.00120478 0.000163768 1.50097e-05 9.52387e-07 4.1994e-08 1.26287e-09 2.534e-11 3.3445e-13 2.87744e-15
 1.25108e-07 4.46467e-06 9.3948e-05 0.00116572 0.00853098 0.0368581 0.0944749 0.14705 0.153496 0.141262 0.140651 0.124214 0.0837153 0.0440848 0.0180191 0.0052359 0.00100648 0.00012624 1.06254e-05 6.23652e-07 2.59332e-08 7.51865e-10 1.47613e-11 1.91342e-13 1.60731e-15
 1.83122e-07 6.18595e-06 0.000123215 0.00144723 0.0100263 0.0410222 0.099732 0.148292 0.151763 0.142835 0.143363 0.122521 0.0789038 0.0395947 0.0153278 0.00419136 0.000755394 8.8583e-05 6.93982e-06 3.7645e-07 1.43606e-08 3.80543e-10 6.84423e-12 8.19142e-14 6.42475e-16
 2.76042e-07 8.82615e-06 0.000166403 0.00184999 0.0121318 0.0469945 0.10827 0.153176 0.151225 0.14012 0.138096 0.11585 0.0747623 0.0380006 0.0146511 0.00391942 0.000691021 8.03976e-05 6.34366e-06 3.46516e-07 1.30463e-08 3.3172e-10 5.58992e-12 6.1715e-14 4.42768e-16
 3.78985e-07 1.14696e-05 0.000204679 0.00215393 0.0133725 0.0490802 0.107542 0.147087 0.147924 0.147542 0.148456 0.118576 0.0705339 0.0326654 0.0115105 0.00282949 0.000458446 4.88705e-05 3.53634e-06 1.79183e-07 6.38228e-09 1.56349e-10 2.56188e-12 2.7461e-14 1.89436e-16
 5.5285e-07 1.58376e-05 0.000267527 0.00266497 0.0156632 0.054447 0.113218 0.148182 0.146069 0.14575 0.144743 0.114216 0.0685409 0.0320798 0.0111033 0.00260242 0.000394712 3.88991e-05 2.57338e-06 1.18155e-07 3.80084e-09 8.4333e-11 1.26108e-12 1.2466e-14 8.02114e-17
 8.36988e-07 2.26983e-05 0.000362969 0.00342293 0.0190472 0.0627129 0.123751 0.154856 0.148805 0.146137 0.139783 0.104698 0.0594242 0.0262409 0.00855057 0.00188778 0.000270596 2.53125e-05 1.59215e-06 6.91354e-08 2.0775e-09 4.24507e-11 5.77948e-13 5.16612e-15 2.99913e-17
 1.14243e-06 2.93326e-05 0.000444098 0.00396538 0.0208982 0.065247 0.122764 0.149706 0.147793 0.151952 0.144219 0.103872 0.0563667 0.023697 0.00730208 0.00151875 0.000205129 1.81271e-05 1.08009e-06 4.44601e-08 1.2639e-09 2.43372e-11 3.10657e-13 2.58722e-15 1.3893e-17
 1.43868e-06 3.49774e-05 0.000501452 0.0042403 0.0211741 0.0627846 0.113354 0.137827 0.146264 0.161843 0.15408 0.108453 0.0575581 0.0234724 0.00688691 0.00134264 0.000168115 1.36468e-05 7.41835e-07 2.78277e-08 7.24792e-10 1.28872e-11 1.52825e-13 1.18604e-15 5.93834e-18
#pred catch len freq
 2.69315e-12 2.92316e-10 1.87082e-08 7.05997e-07 1.57102e-05 0.000206183 0.00159753 0.0073447 0.0205445 0.0389804 0.0670601 0.123712 0.187519 0.191902 0.137076 0.0827509 0.0499143 0.0303741 0.0189416 0.0125585 0.00905618 0.00721192 0.0060334 0.00456262 0.00263718
 1.88064e-12 2.04126e-10 1.30641e-08 4.93007e-07 1.0971e-05 0.00014401 0.00111682 0.00515804 0.0147474 0.0304693 0.0623621 0.130313 0.204968 0.210346 0.147916 0.0857467 0.0481917 0.0261699 0.013774 0.00738763 0.00423759 0.0027395 0.00198584 0.00140914 0.000805691
 9.66356e-13 1.04889e-10 6.71291e-09 2.53334e-07 5.63805e-06 7.40444e-05 0.000575674 0.00269245 0.00815511 0.0203339 0.0544156 0.130296 0.212524 0.220304 0.156251 0.0915352 0.0513168 0.0269149 0.0130389 0.00602564 0.00275104 0.00133785 0.000749937 0.000456999 0.000245729
 6.05744e-12 6.57477e-10 4.20785e-08 1.58792e-06 3.53336e-05 0.000463626 0.00358841 0.0164088 0.0446843 0.0753257 0.0918194 0.111695 0.142887 0.150189 0.127324 0.0980862 0.0670283 0.0380574 0.0186504 0.00825724 0.00334317 0.00128852 0.000520149 0.000237478 0.000109244
 1.46742e-11 1.59275e-09 1.01936e-07 3.84674e-06 8.55949e-05 0.00112306 0.00868962 0.039672 0.107171 0.17374 0.180492 0.150298 0.13335 0.108919 0.0618517 0.0230184 0.00677026 0.00251563 0.00128256 0.000626309 0.000257959 9.13621e-05 2.94102e-05 9.48707e-06 3.23483e-06
 1.36854e-11 1.48541e-09 9.50664e-08 3.58751e-06 7.98269e-05 0.00104738 0.00810441 0.0370074 0.10007 0.163009 0.172993 0.153276 0.14595 0.122082 0.0681266 0.0230384 0.00462238 0.000549009 3.89804e-05 1.80336e-06 1.15951e-07 2.82616e-08 8.55985e-09 2.2599e-09 5.52922e-10
 1.57647e-11 1.71111e-09 1.09511e-07 4.13259e-06 9.19554e-05 0.0012065 0.00933507 0.0426135 0.115044 0.185911 0.190368 0.151476 0.126469 0.0998466 0.0549308 0.0185195 0.00371191 0.000439997 3.0924e-05 1.30558e-06 3.45949e-08 6.48876e-10 1.108e-11 3.90095e-13 5.46924e-14
 1.40806e-11 1.52832e-09 9.78122e-08 3.69113e-06 8.21325e-05 0.00107763 0.00833836 0.0380731 0.102916 0.167363 0.176298 0.152938 0.142253 0.117859 0.0656162 0.0221736 0.00444435 0.000525969 3.67416e-05 1.51797e-06 3.73772e-08 5.63175e-10 5.62798e-12 4.42931e-14 3.19833e-16
 1.52822e-11 1.65873e-09 1.06159e-07 4.0061e-06 8.91409e-05 0.00116958 0.00904949 0.0413125 0.111569 0.180596 0.186336 0.151893 0.13099 0.105006 0.0579932 0.0195686 0.00392354 0.000465412 3.27895e-05 1.39593e-06 3.79632e-08 7.54402e-10 1.28005e-11 1.79714e-13 1.77317e-15
 1.48222e-11 1.6088e-09 1.02963e-07 3.88552e-06 8.64578e-05 0.00113438 0.00877724 0.0400723 0.108256 0.17553 0.182494 0.152295 0.135305 0.109929 0.0609106 0.0205629 0.00412037 0.000487463 3.40148e-05 1.39987e-06 3.3995e-08 4.88011e-10 4.16939e-12 2.17336e-14 7.5523e-17
 1.5595e-11 1.69269e-09 1.08332e-07 4.0881e-06 9.09655e-05 0.00119352 0.00923462 0.0421559 0.113822 0.184042 0.188951 0.151625 0.128063 0.101664 0.0560067 0.0188849 0.00378335 0.000447608 3.12429e-05 1.28718e-06 3.13799e-08 4.56718e-10 4.09049e-12 2.46154e-14 1.17363e-16
 1.58568e-11 1.72111e-09 1.10151e-07 4.15674e-06 9.24929e-05 0.00121356 0.0093896 0.0428619 0.115707 0.186926 0.191139 0.151398 0.125609 0.0988633 0.054345 0.0183162 0.00366898 0.000434027 3.0284e-05 1.24607e-06 3.02382e-08 4.3294e-10 3.66358e-12 1.84346e-14 5.63268e-17
 1.63893e-11 1.7789e-09 1.13849e-07 4.29633e-06 9.55987e-05 0.0012543 0.00970474 0.0442974 0.119542 0.19279 0.195588 0.150936 0.12062 0.0931687 0.0509662 0.0171601 0.0034367 0.000406535 2.83661e-05 1.16723e-06 2.83316e-08 4.05982e-10 3.4458e-12 1.75231e-14 5.54573e-17
 1.68661e-11 1.83065e-09 1.17162e-07 4.42131e-06 9.83798e-05 0.00129079 0.00998693 0.0455829 0.122975 0.198042 0.199571 0.150523 0.116152 0.0880695 0.0479407 0.0161247 0.00322869 0.000381911 2.66471e-05 1.0964e-06 2.66036e-08 3.80778e-10 3.21844e-12 1.61276e-14 4.85676e-17
 1.68632e-11 1.83034e-09 1.17142e-07 4.42056e-06 9.83631e-05 0.00129057 0.00998524 0.0455752 0.122955 0.19801 0.199548 0.150526 0.116178 0.0881001 0.0479588 0.016131 0.00322993 0.000382057 2.66569e-05 1.09675e-06 2.6608e-08 3.80623e-10 3.21048e-12 1.59689e-14 4.68426e-17
 1.8488e-11 2.00669e-09 1.28428e-07 4.84647e-06 0.00010784 0.0014149 0.0109468 0.0499557 0.134655 0.215905 0.213123 0.149117 0.100953 0.070724 0.0376489 0.0126031 0.00252115 0.000298162 2.08026e-05 8.55884e-07 2.07645e-08 2.97039e-10 2.5057e-12 1.24673e-14 3.66133e-17
 1.7943e-11 1.94754e-09 1.24642e-07 4.70361e-06 0.000104661 0.0013732 0.0106243 0.0484863 0.13073 0.209902 0.208569 0.149589 0.10606 0.0765525 0.0411072 0.0137864 0.0027589 0.000326303 2.27663e-05 9.36678e-07 2.27244e-08 3.25067e-10 2.74184e-12 1.3637e-14 3.99937e-17
 1.83787e-11 1.99484e-09 1.27669e-07 4.81784e-06 0.000107203 0.00140654 0.0108822 0.0496612 0.133868 0.214702 0.21221 0.149212 0.101977 0.0718922 0.0383421 0.0128403 0.0025688 0.000303802 2.11962e-05 8.72078e-07 2.11573e-08 3.02658e-10 2.55306e-12 1.27023e-14 3.72972e-17
 1.84875e-11 2.00664e-09 1.28424e-07 4.84634e-06 0.000107837 0.00141486 0.0109465 0.0499543 0.134651 0.215899 0.213119 0.149117 0.100958 0.0707295 0.0376522 0.0126042 0.00252137 0.000298188 2.08045e-05 8.55958e-07 2.07661e-08 2.97055e-10 2.50558e-12 1.24622e-14 3.65517e-17
 1.88426e-11 2.04518e-09 1.30891e-07 4.93943e-06 0.000109908 0.00144204 0.0111567 0.0509117 0.137209 0.21981 0.216086 0.148809 0.0976301 0.0669316 0.0353988 0.0118331 0.00236645 0.000279852 1.95249e-05 8.03311e-07 1.94888e-08 2.78783e-10 2.35143e-12 1.16952e-14 3.42977e-17
 1.939e-11 2.1046e-09 1.34694e-07 5.08294e-06 0.000113102 0.00148393 0.0114807 0.0523877 0.141151 0.22584 0.22066 0.148335 0.0925 0.0610767 0.0319249 0.0106444 0.00212763 0.000251583 1.75523e-05 7.2215e-07 1.75198e-08 2.50616e-10 2.11386e-12 1.05135e-14 3.08314e-17
 1.95647e-11 2.12356e-09 1.35907e-07 5.12872e-06 0.00011412 0.0014973 0.0115841 0.0528585 0.142409 0.227764 0.222119 0.148183 0.0908634 0.059209 0.0308167 0.0102652 0.00205144 0.000242566 1.6923e-05 6.96259e-07 1.68917e-08 2.41631e-10 2.03806e-12 1.01365e-14 2.97252e-17
 1.88793e-11 2.04916e-09 1.31146e-07 4.94905e-06 0.000110122 0.00144485 0.0111784 0.0510107 0.137473 0.220215 0.216392 0.148778 0.0972861 0.066539 0.0351659 0.0117534 0.00235044 0.000277956 1.93927e-05 7.9787e-07 1.93568e-08 2.76894e-10 2.3355e-12 1.16158e-14 3.40634e-17
 1.95098e-11 2.1176e-09 1.35526e-07 5.11433e-06 0.0001138 0.0014931 0.0115516 0.0527106 0.142013 0.227159 0.221661 0.148231 0.0913777 0.0597959 0.0311649 0.0103844 0.00207539 0.000245399 1.71208e-05 7.04395e-07 1.70891e-08 2.44455e-10 2.0619e-12 1.02552e-14 3.00756e-17
 1.96333e-11 2.131e-09 1.36384e-07 5.1467e-06 0.00011452 0.00150254 0.0116247 0.0530435 0.142903 0.228519 0.222692 0.148124 0.0902206 0.0584754 0.0303814 0.0101163 0.00202152 0.000239024 1.66759e-05 6.8609e-07 1.6645e-08 2.38101e-10 2.0083e-12 9.9884e-15 2.92911e-17
 1.99289e-11 2.16309e-09 1.38437e-07 5.22419e-06 0.000116245 0.00152517 0.0117996 0.0538405 0.145031 0.231775 0.225162 0.147868 0.0874505 0.0553139 0.0285056 0.00947439 0.00189256 0.00022376 1.56107e-05 6.42265e-07 1.55817e-08 2.22892e-10 1.88001e-12 9.35039e-15 2.74201e-17
 2.03486e-11 2.20865e-09 1.41353e-07 5.33422e-06 0.000118693 0.00155729 0.0120481 0.0549721 0.148054 0.236398 0.228669 0.147504 0.0835172 0.050825 0.0258422 0.00856301 0.00170946 0.000202086 1.40983e-05 5.80039e-07 1.40721e-08 2.01297e-10 1.69787e-12 8.44446e-15 2.47634e-17
 2.00893e-11 2.1805e-09 1.39552e-07 5.26626e-06 0.000117181 0.00153745 0.0118946 0.0542731 0.146187 0.233542 0.226503 0.147729 0.0859468 0.0535979 0.0274874 0.00912598 0.00182256 0.000215474 1.50326e-05 6.18477e-07 1.50046e-08 2.14637e-10 1.81038e-12 9.00405e-15 2.64045e-17
#obs catch len freq
 4.64156e-11 4.30163e-09 2.35066e-07 7.57415e-06 0.000143902 0.00161214 0.0106513 0.0415351 0.0960001 0.134448 0.126556 0.109494 0.111919 0.111129 0.0965477 0.0741553 0.0472447 0.0240629 0.00999396 0.00338498 0.000902251 0.000181308 2.63897e-05 2.67939e-06 1.83385e-07
 6.00483e-11 5.36745e-09 2.82893e-07 8.79154e-06 0.000161101 0.00174076 0.0110937 0.0417449 0.0933029 0.127716 0.122642 0.116135 0.124737 0.118856 0.0951981 0.0685204 0.0428148 0.022044 0.00923729 0.00308419 0.000790648 0.000149751 2.01974e-05 1.87566e-06 1.16546e-07
 4.36678e-11 3.7582e-09 1.90715e-07 5.70663e-06 0.000100687 0.00104764 0.00643223 0.023378 0.0511445 0.0729643 0.0886416 0.121987 0.158089 0.159259 0.131472 0.0933745 0.0539295 0.0248126 0.00946589 0.00299786 0.000743269 0.000135281 1.72563e-05 1.49285e-06 8.54087e-08
 2.37033e-11 1.96098e-09 9.56586e-08 2.75149e-06 4.66684e-05 0.000466874 0.00275851 0.00969369 0.020996 0.0326617 0.0516739 0.0909589 0.138447 0.17298 0.181893 0.149214 0.0893059 0.0398109 0.0140209 0.00399836 0.000899741 0.000151866 1.82109e-05 1.48253e-06 7.93128e-08
 3.82649e-10 3.0384e-08 1.42258e-06 3.92731e-05 0.000639295 0.00613612 0.0347278 0.115895 0.228109 0.26506 0.182881 0.0776849 0.0258671 0.0152353 0.0159108 0.0144783 0.00978419 0.00496517 0.00190511 0.000545621 0.000115131 1.76464e-05 1.91647e-06 1.42673e-07 7.04613e-09
 2.80492e-10 2.13462e-08 9.5787e-07 2.53444e-05 0.000395415 0.00363798 0.0197475 0.0634036 0.122008 0.149992 0.147955 0.158592 0.158612 0.109227 0.0470591 0.013545 0.00363748 0.00137642 0.000562416 0.00017754 3.93549e-05 5.97032e-06 6.11289e-07 4.17056e-08 1.86882e-09
 6.62905e-10 4.82854e-08 2.0738e-06 5.25178e-05 0.000784212 0.00690491 0.0358528 0.109839 0.199098 0.216635 0.151893 0.0890861 0.0637708 0.0521718 0.0389789 0.0229136 0.00922148 0.0023555 0.000386094 4.71704e-05 5.75238e-06 7.20845e-07 7.10071e-08 4.69959e-09 1.99567e-10
 7.79994e-10 5.43084e-08 2.22962e-06 5.39736e-05 0.000770417 0.00648475 0.0321984 0.0944801 0.165392 0.180967 0.148677 0.127864 0.111923 0.0747321 0.0360059 0.0140486 0.0047684 0.00131661 0.00027149 3.97287e-05 4.00756e-06 2.8265e-07 1.51246e-08 6.66743e-10 2.32235e-11
 1.18545e-09 7.88047e-08 3.08892e-06 7.13919e-05 0.000972936 0.00781879 0.0370642 0.103814 0.173308 0.180025 0.138527 0.111724 0.0977065 0.0728493 0.0443445 0.0217676 0.00778701 0.00187401 0.000304082 3.55901e-05 3.21959e-06 2.23461e-07 1.11219e-08 3.76243e-10 8.55901e-12
 1.68142e-09 1.06598e-07 3.9848e-06 8.78321e-05 0.00114155 0.00874932 0.0395626 0.105795 0.169361 0.172155 0.137899 0.120317 0.105156 0.0730069 0.0402956 0.0182827 0.00633479 0.00155093 0.000265059 3.22046e-05 2.7942e-06 1.71077e-07 7.3291e-09 2.18889e-10 4.49676e-12
 2.04715e-09 1.23643e-07 4.40329e-06 9.24644e-05 0.00114492 0.00836087 0.0360383 0.0920864 0.142567 0.147601 0.136316 0.140157 0.128236 0.0888098 0.0486097 0.0213525 0.00687426 0.00150191 0.000222177 2.33603e-05 1.82643e-06 1.05791e-07 4.35532e-09 1.22244e-10 2.27748e-12
 3.81722e-09 2.19427e-07 7.43738e-06 0.000148641 0.00175169 0.0121736 0.0499194 0.12113 0.176481 0.165418 0.126857 0.109401 0.0957876 0.0704747 0.0426185 0.0198433 0.00640582 0.00136565 0.000194963 1.94485e-05 1.39725e-06 7.21063e-08 2.61977e-09 6.5743e-11 1.11934e-12
 5.74273e-09 3.13898e-07 1.01168e-05 0.000192262 0.00215448 0.0142384 0.0555367 0.128356 0.179288 0.165571 0.132864 0.118463 0.0964117 0.0603363 0.0300607 0.01207 0.00358957 0.000740129 0.000105676 1.07088e-05 7.74375e-07 3.9152e-08 1.35062e-09 3.12771e-11 4.80829e-13
 8.37926e-09 4.35146e-07 1.33245e-05 0.000240581 0.00256139 0.0160836 0.0596233 0.13115 0.175522 0.159506 0.132568 0.121581 0.0975782 0.0597898 0.0290839 0.011092 0.00300175 0.00053605 6.28917e-05 5.07926e-06 2.99985e-07 1.32581e-08 4.2549e-10 9.44421e-12 1.39462e-13
 1.19556e-08 5.89422e-07 1.71345e-05 0.000293702 0.00296864 0.0176985 0.0623194 0.130478 0.16785 0.152079 0.133343 0.126352 0.10065 0.0613871 0.0298788 0.0112035 0.00292195 0.000498231 5.54849e-05 4.1808e-06 2.21491e-07 8.35555e-09 2.2173e-10 4.07247e-12 5.11395e-14
 1.76099e-08 8.23644e-07 2.27149e-05 0.000369383 0.00354213 0.0200363 0.0669666 0.133355 0.164698 0.147918 0.133561 0.127264 0.0995981 0.0600921 0.0289425 0.0105387 0.00262324 0.000423827 4.46857e-05 3.19137e-06 1.60065e-07 5.67564e-09 1.39422e-10 2.31589e-12 2.55853e-14
 2.89631e-08 1.28438e-06 3.3584e-05 0.000517802 0.0047078 0.0252484 0.0800066 0.151021 0.176588 0.149456 0.126521 0.114086 0.0860779 0.0509125 0.0240285 0.00844395 0.00200688 0.000309363 3.12876e-05 2.15531e-06 1.04204e-07 3.5342e-09 8.22299e-11 1.28312e-12 1.32229e-14
 4.44372e-08 1.86742e-06 4.62728e-05 0.00067609 0.00582524 0.029609 0.0889602 0.159545 0.178865 0.149301 0.127556 0.111947 0.0790069 0.0427769 0.0184034 0.00595499 0.00131647 0.000189741 1.79834e-05 1.163e-06 5.29228e-08 1.69496e-09 3.73373e-11 5.51893e-13 5.37626e-15
 5.89666e-08 2.34728e-06 5.50953e-05 0.000762544 0.006224 0.0299779 0.0854686 0.146442 0.161509 0.1439 0.137535 0.125138 0.0877063 0.0472753 0.0201411 0.00632308 0.00133706 0.000183859 1.66875e-05 1.03646e-06 4.51307e-08 1.37014e-09 2.8347e-11 3.9137e-13 3.55478e-15
 9.68506e-08 3.65078e-06 8.11444e-05 0.00106348 0.0082197 0.0374877 0.10118 0.163922 0.170022 0.140499 0.124577 0.108787 0.0763822 0.0424459 0.0183733 0.00565029 0.00114294 0.000149123 1.28407e-05 7.58239e-07 3.14145e-08 9.06342e-10 1.77772e-11 2.31924e-13 1.98186e-15
 1.40447e-07 5.01208e-06 0.000105466 0.00130863 0.00957619 0.0413611 0.105857 0.163586 0.165771 0.141431 0.13037 0.110779 0.0725838 0.0371159 0.0148795 0.00431318 0.000839822 0.000108053 9.39022e-06 5.64869e-07 2.35466e-08 6.67003e-10 1.25699e-11 1.55469e-13 1.25093e-15
 2.08968e-07 7.05903e-06 0.000140605 0.00165145 0.01144 0.046783 0.113466 0.166842 0.163395 0.139046 0.128173 0.106816 0.0689957 0.0350115 0.0136897 0.00377015 0.000684393 8.11531e-05 6.47519e-06 3.60658e-07 1.41987e-08 3.88101e-10 7.15537e-12 8.68322e-14 6.812e-16
 3.03689e-07 9.7101e-06 0.000183068 0.00203524 0.0133457 0.0516794 0.118874 0.166941 0.160215 0.139608 0.130245 0.105264 0.0649961 0.0314056 0.0116171 0.00300827 0.000511672 5.66843e-05 4.20556e-06 2.1624e-07 7.80282e-09 1.94869e-10 3.2917e-12 3.68964e-14 2.70352e-16
 4.62977e-07 1.40115e-05 0.000250037 0.00263112 0.016331 0.0598672 0.130435 0.1739 0.159672 0.134793 0.122196 0.0967843 0.0599027 0.0292538 0.0107444 0.00271866 0.000452612 4.98002e-05 3.72108e-06 1.92274e-07 6.8262e-09 1.63122e-10 2.57681e-12 2.66141e-14 1.78275e-16
 6.41233e-07 1.83694e-05 0.000310293 0.00309087 0.0181631 0.0630827 0.130645 0.16796 0.155896 0.140716 0.130341 0.0982803 0.0559838 0.0248888 0.00835352 0.00194162 0.000296875 2.99142e-05 2.05053e-06 9.83997e-08 3.30906e-09 7.62225e-11 1.17027e-12 1.17218e-14 7.53938e-17
 9.41234e-07 2.55253e-05 0.000408172 0.00384905 0.0214139 0.0704361 0.138356 0.169745 0.153153 0.136992 0.12495 0.0931974 0.0535744 0.0239992 0.00788228 0.00174266 0.000249048 2.31689e-05 1.4501e-06 6.30015e-08 1.9129e-09 3.99166e-11 5.59531e-13 5.17085e-15 3.1031e-17
 1.41471e-06 3.63234e-05 0.000549926 0.00490986 0.0258642 0.0805806 0.150142 0.175751 0.153716 0.13467 0.11819 0.0836364 0.0454292 0.0191791 0.00592661 0.0012341 0.000166699 1.47192e-05 8.75344e-07 3.59177e-08 1.0171e-09 1.95199e-11 2.48911e-13 2.07921e-15 1.12567e-17
 1.96189e-06 4.76974e-05 0.000683785 0.0057811 0.028844 0.0851952 0.15113 0.171316 0.151708 0.137922 0.120124 0.0817506 0.0424065 0.0170144 0.0049659 0.00097365 0.000123908 1.03347e-05 5.82022e-07 2.26256e-08 6.05657e-10 1.09449e-11 1.30749e-13 1.0168e-15 5.08846e-18
#spawning biomass
 33742.1 34776.1 20273.7 14408.4 23765.3 38950.6 63043.2 96007.3 144554 154979 181504 185695 211806 224771 182490 193369 192327 225286 237217 239460 246090 224405 211207 243400 223169 234068 235823 242565 325533 426927 173284 67630.2 32271.7 21741.7 18832.9 18069.5 17876.4 17828.8 17817.3 17814.5 17813.9 17813.7 17813.7 17813.7 17813.7 17813.7 17813.7 17813.7 17813.7 17813.7 17813.7 17813.7 17813.7 17813.7 17813.7 17813.7 17813.7 17813.7 17813.7 17813.7 17813.7 17813.7 17813.7 17813.7 17813.7 17813.7 17813.7 17813.7 17813.7 17813.7 17813.7 17813.7 17813.7 17813.7 17813.7 17813.7 17813.7 17813.7 17813.7 17813.7 17813.7 17813.7 17813.7 17813.7 17813.7 17813.7 17813.7 17813.7 17813.7 17813.7 17813.7 17813.7 17813.7 17813.7 17813.7 17813.7 17813.7 17813.7 17813.7 17813.7 17813.7 17813.7 17813.7 17813.7 17813.7 17813.7 17813.7 17813.7 17813.7 17813.7 17813.7 17813.7 17813.7 17813.7 17813.7 17813.7 17813.7 17813.7 17813.7 17813.7 17813.7 17813.7 17813.7 17813.7 17813.7 17813.7 17813.7 17813.7 0 0 0 0 0 0 0 0 0 0 0 0 0 0 0 0 0 0 0 0 0 0 0 0 0
