SBPRF35
0.224663
Curr Bio
42221.3
B35
182371
F35
0.340912
FOFL
0
OFL
0
Bzero
64189.3
#pred survey bio
 7536.65 7273.55 7477.11 7039.03 9635.48 13791.1 14418.7 15916.1 27794.7 47247.8 66801.2 82814.3 105250 131880 140311 123047 113803 115859 116769 119397 119465 127157 143286 151994 163812 170009 168470 139028 3.12859e+06 3.39893e+06 2.82575e+06 2.10698e+06 1.56853e+06 1.22736e+06 1.02786e+06 915858 854095 820127 801292 790680 784574 780977 778804 777457 776613 776074 775725 775497 775346 775245 775178 775133 775103 775083 775069 775060 775053 775049 775046 775044 775043 775042 775042 775041 775041 775041 775041 775040 775040 775040 775040 775040 775040 775040 775040 775040 775040 775040 775040 775040 775040 775040 775040 775040 775040 775040 775040 775040 775040 775040 775040 775040 775040 775040 775040 775040 775040 775040 775040 775040 775040 775040 775040 775040 775040 775040 775040 775040 775040 775040 775040 775040 775040 775040 775040 775040 775040 775040 775040 775040 775040 775040 775040 775040 775040 775040 775040 775040 0 0 0 0 0 0 0 0 0 0 0 0 0 0 0 0 0 0 0 0 0 0 0 0 0
#obs survey bio
 6950.46 10633.2 5177.35 8862.09 13683.3 17203.7 15548.7 23149.2 46292.8 77842.5 56159.3 98111.2 111202 148789 147292 123918 104917 141022 121554 143063 146294 151731 140675 162121 138360 202757 181129 119610
#pred catch bio
 4986.68 5219.57 5676.05 4988.03 6444.68 10151.8 11137.9 11231.6 18719.4 32389.5 48756.4 60338.8 76037 95430.6 106566 93119.1 83399 85142.9 84795.3 88592.9 87230.1 89500 103040 109196 118438 120100 127823 104017 0 38980.8 31318 22680.2 16470.1 12670.6 10539 9403.9 8819.17 8524.42 8378.01 8305.98 8270.8 8253.68 8245.38 8241.36 8239.43 8238.5 8238.05 8237.83 8237.73 8237.68 8237.66 8237.65 8237.64 8237.64 8237.64 8237.64 8237.64 8237.63 8237.63 8237.63 8237.63 8237.63 8237.63 8237.63 8237.63 8237.63 8237.63 8237.63 8237.63 8237.63 8237.63 8237.63 8237.63 8237.63 8237.63 8237.63 8237.63 8237.63 8237.63 8237.63 8237.63 8237.63 8237.63 8237.63 8237.63 8237.63 8237.63 8237.63 8237.63 8237.63 8237.63 8237.63 8237.63 8237.63 8237.63 8237.63 8237.63 8237.63 8237.63 8237.63 8237.63 8237.63 8237.63 8237.63 8237.63 8237.63 8237.63 8237.63 8237.63 8237.63 8237.63 8237.63 8237.63 8237.63 8237.63 8237.63 8237.63 8237.63 8237.63 8237.63 8237.63 8237.63 8237.63 8237.63 8237.63 8237.63 8237.63 8237.63 0 0 0 0 0 0 0 0 0 0 0 0 0 0 0 0 0 0 0 0 0 0 0 0 0
#obs catch bio
 5209.43 5181.16 5742.57 4910.48 6230.3 9793.33 10949.1 11031.1 18019.9 31155 47583.8 58232.4 74210.3 94802.3 106707 93546.7 82961.2 83856.8 83945.6 87787 86386.7 88406.9 101275 107842 118820 120421 127032 104052
#pred cpue bio
 7094.67 6572.83 6790.47 6364.16 8574.47 12401.7 13062 14165.7 24448.4 42025.5 59948.2 74114.8 94116 118280 127489 111977 103033 104966 105804 108307 108030 114891 129774 137711 148204 154240 154084 126826 2.8327e+06 3.4211e+06 2.81557e+06 2.08844e+06 1.54904e+06 1.20779e+06 1.00828e+06 896281 834519 800550 781715 771103 764997 761400 759227 757881 757037 756498 756149 755920 755769 755669 755602 755557 755526 755506 755492 755483 755477 755472 755470 755468 755466 755465 755465 755464 755464 755464 755464 755464 755464 755464 755464 755464 755464 755464 755464 755464 755464 755464 755464 755464 755464 755464 755464 755464 755464 755464 755464 755464 755464 755464 755464 755464 755464 755464 755464 755464 755464 755464 755464 755464 755464 755464 755464 755464 755464 755464 755464 755464 755464 755464 755464 755464 755464 755464 755464 755464 755464 755464 755464 755464 755464 755464 755464 755464 755464 755464 755464 755464 0 0 0 0 0 0 0 0 0 0 0 0 0 0 0 0 0 0 0 0 0 0 0 0 0
#obs cpue bio
 8110.66 5881.38 7102.77 7626.74 11761.2 17138.7 13966.5 12737.8 32466.4 46302.7 92406.7 119044 119566 104978 116271 103442 124029 119265 112399 105787 102618 116936 182462 149896 152419 122504 177352 135067
#pred surv len freq
 2.14595e-27 2.17335e-27 6.60354e-27 1.51589e-21 9.0156e-17 1.23272e-12 3.87508e-09 2.80053e-06 0.000465304 0.0177743 0.156095 0.315159 0.146695 0.02644 0.0665168 0.0933705 0.0380675 0.0308322 0.0274788 0.0186362 0.0157485 0.0136907 0.014208 0.013247 0.00557286
 2.14862e-27 2.18123e-27 7.50233e-27 1.82089e-21 1.08295e-16 1.48075e-12 4.65475e-09 3.364e-06 0.000558924 0.0213505 0.187501 0.378568 0.176065 0.0278945 0.0562907 0.0786095 0.028801 0.0141971 0.0112519 0.00603601 0.00420359 0.0029897 0.00258079 0.00218869 0.000910121
 2.1477e-27 2.17916e-27 7.28801e-27 1.74818e-21 1.03971e-16 1.42162e-12 4.46889e-09 3.22968e-06 0.000536606 0.020498 0.180014 0.363453 0.169146 0.0297428 0.0721309 0.100836 0.0354147 0.0126709 0.00883289 0.00326295 0.00157852 0.000825658 0.000530725 0.000374967 0.000147716
 2.14806e-27 2.18009e-27 7.39197e-27 1.78347e-21 1.0607e-16 1.45031e-12 4.55908e-09 3.29486e-06 0.000547436 0.0209117 0.183647 0.370788 0.172518 0.0292287 0.0667819 0.0933454 0.0334644 0.0141427 0.0100096 0.00303652 0.00102733 0.000332545 0.000128814 6.44374e-05 2.23429e-05
 2.1494e-27 2.18341e-27 7.74312e-27 1.90259e-21 1.13154e-16 1.54718e-12 4.86359e-09 3.51493e-06 0.000584 0.0223084 0.195914 0.395552 0.183924 0.0280766 0.0522847 0.0728988 0.0260807 0.0108617 0.00774964 0.00256728 0.000911133 0.00022288 4.64611e-05 1.19571e-05 3.05937e-06
 2.1485e-27 2.18117e-27 7.50317e-27 1.82117e-21 1.08312e-16 1.48098e-12 4.65547e-09 3.36452e-06 0.00055901 0.0213538 0.18753 0.378627 0.17614 0.0291774 0.0641062 0.0895149 0.0313085 0.0107762 0.00734062 0.0024175 0.000873253 0.000226191 4.0259e-05 5.16149e-06 6.58705e-07
 2.14785e-27 2.17958e-27 7.33595e-27 1.76446e-21 1.04939e-16 1.43485e-12 4.51048e-09 3.25974e-06 0.0005416 0.0206888 0.18169 0.366835 0.170705 0.0296036 0.0702623 0.098223 0.034808 0.0134345 0.00930079 0.00276072 0.000874635 0.000223582 4.0581e-05 4.45455e-06 2.917e-07
 2.14938e-27 2.18335e-27 7.73636e-27 1.90029e-21 1.13018e-16 1.54531e-12 4.85771e-09 3.51068e-06 0.000583295 0.0222815 0.195677 0.395075 0.183706 0.0281564 0.0529158 0.0737815 0.026303 0.0106551 0.007508 0.00235787 0.000782142 0.000181543 2.9834e-05 3.19e-06 1.76872e-07
 2.15026e-27 2.1855e-27 7.96225e-27 1.9769e-21 1.17574e-16 1.60762e-12 5.05356e-09 3.65222e-06 0.000606812 0.0231798 0.203566 0.411002 0.191048 0.0275948 0.0446867 0.0621442 0.0216778 0.00727557 0.0049118 0.00158832 0.000554013 0.000135238 2.20672e-05 2.15374e-06 1.10604e-07
 2.14939e-27 2.18334e-27 7.73118e-27 1.89851e-21 1.12912e-16 1.54387e-12 4.85316e-09 3.5074e-06 0.000582749 0.0222606 0.195494 0.394705 0.18355 0.0285702 0.0555533 0.0774333 0.0266974 0.00793969 0.00511064 0.00149759 0.000464747 0.000115602 1.98959e-05 1.98169e-06 9.69024e-08
 2.14867e-27 2.18159e-27 7.54694e-27 1.83602e-21 1.09195e-16 1.49305e-12 4.69342e-09 3.39195e-06 0.000563567 0.0215279 0.189059 0.381713 0.177561 0.0290302 0.0622773 0.0869442 0.030511 0.0108173 0.00728035 0.00201125 0.000554698 0.000123438 1.9683e-05 2.00501e-06 1.01033e-07
 2.14892e-27 2.1822e-27 7.61305e-27 1.85845e-21 1.10529e-16 1.51129e-12 4.75077e-09 3.43339e-06 0.000570453 0.0217909 0.191369 0.386377 0.179705 0.028688 0.0587825 0.0820348 0.0289997 0.0109667 0.0075691 0.00227345 0.000700071 0.000147723 2.06789e-05 1.89943e-06 9.30248e-08
 2.14898e-27 2.18235e-27 7.629e-27 1.86386e-21 1.10851e-16 1.51569e-12 4.76459e-09 3.44338e-06 0.000572113 0.0218543 0.191926 0.387501 0.180225 0.028693 0.0584741 0.081588 0.0286753 0.0103156 0.00706051 0.00219634 0.000722476 0.000166256 2.46359e-05 2.0955e-06 9.16126e-08
 2.14873e-27 2.18173e-27 7.56305e-27 1.84149e-21 1.0952e-16 1.4975e-12 4.7074e-09 3.40205e-06 0.000565245 0.021592 0.189622 0.38285 0.178083 0.0289279 0.0613106 0.0855858 0.0300824 0.010826 0.00738816 0.00224074 0.000720107 0.00017239 2.76829e-05 2.52854e-06 1.09685e-07
 2.14757e-27 2.17888e-27 7.26133e-27 1.73914e-21 1.03433e-16 1.41427e-12 4.44576e-09 3.21297e-06 0.00053383 0.0203919 0.179083 0.361572 0.168283 0.0299042 0.0736836 0.103037 0.036394 0.0136665 0.00942521 0.0028583 0.000912275 0.000213739 3.43713e-05 3.32195e-06 1.5454e-07
 2.14744e-27 2.17859e-27 7.23365e-27 1.72977e-21 1.02876e-16 1.40664e-12 4.4218e-09 3.19565e-06 0.000530952 0.020282 0.178118 0.359624 0.167375 0.0297187 0.0731386 0.102316 0.0367779 0.0158525 0.0112984 0.00350132 0.00114792 0.000269179 4.27538e-05 4.103e-06 1.96517e-07
 2.14793e-27 2.17979e-27 7.36167e-27 1.77319e-21 1.05459e-16 1.44196e-12 4.53282e-09 3.27588e-06 0.000544283 0.0207912 0.18259 0.368652 0.171532 0.0292636 0.0676391 0.0945616 0.0339973 0.0146838 0.0105683 0.00353595 0.00127421 0.000308841 5.00335e-05 4.78937e-06 2.27859e-07
 2.14786e-27 2.17962e-27 7.34208e-27 1.76654e-21 1.05063e-16 1.43655e-12 4.51582e-09 3.2636e-06 0.000542242 0.0207133 0.181905 0.36727 0.170898 0.029419 0.069004 0.0964699 0.034458 0.0141752 0.010102 0.00339294 0.00125404 0.000329066 5.78785e-05 5.73659e-06 2.75559e-07
 2.14785e-27 2.17959e-27 7.3395e-27 1.76567e-21 1.05011e-16 1.43584e-12 4.51358e-09 3.26198e-06 0.000541973 0.020703 0.181815 0.367088 0.170814 0.0294086 0.0689955 0.0964629 0.0345254 0.0144209 0.0102744 0.00335683 0.00120535 0.000319555 5.92371e-05 6.36421e-06 3.23665e-07
 2.14775e-27 2.17934e-27 7.3133e-27 1.75678e-21 1.04483e-16 1.42861e-12 4.49086e-09 3.24556e-06 0.000539245 0.0205988 0.1809 0.36524 0.169962 0.0294728 0.0699443 0.0978042 0.035052 0.0147885 0.0105703 0.00348232 0.00125233 0.000323713 5.92244e-05 6.57748e-06 3.56821e-07
 2.14803e-27 2.18005e-27 7.38806e-27 1.78214e-21 1.05991e-16 1.44924e-12 4.55569e-09 3.29241e-06 0.00054703 0.0208962 0.183511 0.370513 0.172391 0.0292319 0.0668846 0.0934884 0.0334877 0.0140738 0.0100576 0.00333074 0.00120736 0.000313766 5.68778e-05 6.22083e-06 3.42308e-07
 2.1481e-27 2.18022e-27 7.40508e-27 1.78791e-21 1.06334e-16 1.45393e-12 4.57045e-09 3.30307e-06 0.000548801 0.0209638 0.184105 0.371712 0.172945 0.0292332 0.0665311 0.0929801 0.0331724 0.0135215 0.00959808 0.00317305 0.00114992 0.000300608 5.48775e-05 5.98835e-06 3.26309e-07
 2.14789e-27 2.17969e-27 7.34964e-27 1.76911e-21 1.05216e-16 1.43864e-12 4.52237e-09 3.26833e-06 0.000543029 0.0207433 0.182169 0.367803 0.171143 0.0293828 0.0686228 0.0959364 0.0343244 0.0142968 0.0101749 0.00331008 0.00117756 0.000306875 5.61615e-05 6.16487e-06 3.36393e-07
 2.14786e-27 2.17961e-27 7.34215e-27 1.76657e-21 1.05065e-16 1.43657e-12 4.51588e-09 3.26364e-06 0.000542249 0.0207135 0.181907 0.367275 0.170899 0.0293743 0.06873 0.0960927 0.0344488 0.0145659 0.0104142 0.00342617 0.00122871 0.000315514 5.6914e-05 6.23763e-06 3.41657e-07
 2.14799e-27 2.17995e-27 7.37729e-27 1.77849e-21 1.05774e-16 1.44627e-12 4.54636e-09 3.28567e-06 0.000545909 0.0208533 0.183135 0.369753 0.17204 0.029249 0.0672176 0.0939611 0.033698 0.0142917 0.0102356 0.0033973 0.00123397 0.000320135 5.7715e-05 6.24208e-06 3.39421e-07
 2.14773e-27 2.1793e-27 7.30852e-27 1.75516e-21 1.04386e-16 1.42729e-12 4.48672e-09 3.24256e-06 0.000538747 0.0205798 0.180733 0.364903 0.169808 0.0295268 0.0703754 0.0984049 0.0351675 0.0145237 0.0103458 0.00343944 0.00125479 0.000328927 6.00754e-05 6.52844e-06 3.52642e-07
 2.14696e-27 2.17741e-27 7.10974e-27 1.68774e-21 1.00376e-16 1.37247e-12 4.31436e-09 3.118e-06 0.000518051 0.0197892 0.17379 0.350886 0.163348 0.030052 0.0778065 0.108907 0.0392482 0.0172413 0.0124163 0.00407022 0.00146237 0.000383722 7.0644e-05 7.76862e-06 4.22908e-07
 2.14722e-27 2.17808e-27 7.18167e-27 1.71214e-21 1.01828e-16 1.39231e-12 4.37675e-09 3.16309e-06 0.000525543 0.0200754 0.176303 0.35596 0.16568 0.0297001 0.0741293 0.103739 0.0376274 0.0172908 0.0126137 0.00427316 0.00158421 0.000411709 7.50348e-05 8.2828e-06 4.55286e-07
#obs surv len freq
 1.23151e-39 6.0274e-33 6.78213e-27 1.75447e-21 1.04345e-16 1.42673e-12 4.48494e-09 3.24127e-06 0.000538542 0.0205716 0.18066 0.364758 0.169733 0.0292897 0.0689725 0.0964633 0.0349578 0.0159746 0.0117043 0.00413994 0.00164559 0.000475574 9.94089e-05 1.27159e-05 8.30179e-07
 1.31295e-39 6.42599e-33 7.23063e-27 1.8705e-21 1.11245e-16 1.52108e-12 4.78153e-09 3.45562e-06 0.000574156 0.021932 0.192607 0.388878 0.180845 0.0282434 0.0553153 0.0771934 0.0278996 0.0125155 0.00912303 0.00318757 0.00124645 0.000354123 7.27349e-05 9.13679e-06 5.81843e-07
 1.15863e-39 5.67067e-33 6.38073e-27 1.65064e-21 9.81695e-17 1.34229e-12 4.2195e-09 3.04944e-06 0.000506669 0.0193541 0.169968 0.343171 0.15981 0.0308301 0.084882 0.118808 0.0417576 0.0150339 0.0104213 0.00359466 0.00138424 0.000387151 7.79365e-05 9.59828e-06 5.99513e-07
 1.34496e-39 6.58267e-33 7.40692e-27 1.9161e-21 1.13958e-16 1.55817e-12 4.89811e-09 3.53987e-06 0.000588155 0.0224668 0.197303 0.398359 0.185201 0.027539 0.0481577 0.067154 0.0250415 0.0136265 0.0101013 0.00308806 0.00102911 0.000278845 5.50464e-05 6.64191e-06 4.06411e-07
 1.3887e-39 6.79675e-33 7.6478e-27 1.97842e-21 1.17664e-16 1.60884e-12 5.0574e-09 3.65499e-06 0.000607283 0.0231974 0.20372 0.411314 0.191193 0.0275893 0.0445602 0.0619587 0.0215041 0.00687506 0.00469244 0.00181671 0.000748159 0.000184352 3.23351e-05 3.74909e-06 2.24439e-07
 1.26447e-39 6.18869e-33 6.96361e-27 1.80142e-21 1.07137e-16 1.46491e-12 4.60495e-09 3.32801e-06 0.000552953 0.0211221 0.185494 0.374518 0.174258 0.0296394 0.0681657 0.0951973 0.0327789 0.00960531 0.00613778 0.00176498 0.000560993 0.000164703 3.22233e-05 3.42796e-06 1.90321e-07
 1.27931e-39 6.26135e-33 7.04538e-27 1.82257e-21 1.08395e-16 1.48211e-12 4.65902e-09 3.36708e-06 0.000559446 0.0213701 0.187672 0.378915 0.176263 0.0288864 0.0622435 0.0869464 0.0311905 0.0132377 0.00928242 0.0025519 0.000693939 0.000154199 2.68514e-05 3.16652e-06 1.76728e-07
 1.42172e-39 6.95833e-33 7.82963e-27 2.02545e-21 1.20461e-16 1.64709e-12 5.17764e-09 3.74189e-06 0.00062172 0.0237489 0.208563 0.421092 0.195689 0.0269372 0.0376325 0.0522289 0.0185543 0.00731438 0.0051596 0.00171378 0.000594798 0.000126631 1.76152e-05 1.69789e-06 9.34873e-08
 1.42021e-39 6.95092e-33 7.82129e-27 2.02329e-21 1.20333e-16 1.64533e-12 5.17212e-09 3.7379e-06 0.000621058 0.0237236 0.208341 0.420644 0.195496 0.0273204 0.0401065 0.0556553 0.0189385 0.00481747 0.00296026 0.00094399 0.000329682 8.40286e-05 1.36178e-05 1.17918e-06 5.30039e-08
 1.35246e-39 6.61936e-33 7.44821e-27 1.92678e-21 1.14593e-16 1.56685e-12 4.92541e-09 3.5596e-06 0.000591433 0.022592 0.198403 0.40058 0.18626 0.0283906 0.052687 0.0733771 0.0250514 0.00663693 0.00404953 0.00104404 0.000260258 6.19533e-05 1.07985e-05 1.08535e-06 4.98005e-08
 1.32296e-39 6.47497e-33 7.28573e-27 1.88475e-21 1.12093e-16 1.53267e-12 4.81797e-09 3.48196e-06 0.000578532 0.0220992 0.194075 0.391842 0.182229 0.0286128 0.0566774 0.0790387 0.0275552 0.00918411 0.0060486 0.00158525 0.00038685 7.36262e-05 9.8082e-06 9.56182e-07 4.82462e-08
 1.35957e-39 6.65415e-33 7.48736e-27 1.93691e-21 1.15195e-16 1.57509e-12 4.9513e-09 3.57831e-06 0.000594542 0.0227107 0.199446 0.402685 0.187217 0.0279639 0.0494478 0.0688654 0.0241926 0.00866447 0.00588178 0.0017154 0.000500974 9.82423e-05 1.18162e-05 9.05131e-07 3.9376e-08
 1.33628e-39 6.54015e-33 7.35909e-27 1.90373e-21 1.13222e-16 1.5481e-12 4.86647e-09 3.51701e-06 0.000584356 0.0223217 0.196029 0.395787 0.184046 0.0284375 0.0544182 0.0758465 0.0263142 0.00836413 0.00551718 0.00167041 0.000527219 0.00011647 1.60758e-05 1.21744e-06 4.50346e-08
 1.28978e-39 6.31259e-33 7.10303e-27 1.83749e-21 1.09282e-16 1.49424e-12 4.69715e-09 3.39464e-06 0.000564024 0.021545 0.189208 0.382016 0.177702 0.0290427 0.062263 0.086918 0.0304159 0.0105102 0.00705055 0.00201353 0.000590022 0.00013513 2.06386e-05 1.77132e-06 6.99159e-08
 1.16344e-39 5.69426e-33 6.40727e-27 1.6575e-21 9.85777e-17 1.34787e-12 4.23705e-09 3.06212e-06 0.000508776 0.0194346 0.170675 0.344598 0.160463 0.0306416 0.0833016 0.116612 0.0414256 0.0163108 0.0113506 0.00337826 0.00103503 0.000226093 3.32861e-05 3.03004e-06 1.32865e-07
 1.26906e-39 6.21118e-33 6.98892e-27 1.80797e-21 1.07526e-16 1.47023e-12 4.62168e-09 3.3401e-06 0.000554963 0.0211989 0.186168 0.375879 0.174846 0.0285532 0.0611249 0.0854442 0.0316602 0.0166229 0.0123221 0.00393611 0.00133077 0.000305262 4.56433e-05 4.02815e-06 1.78689e-07
 1.23174e-39 6.02851e-33 6.78337e-27 1.75479e-21 1.04364e-16 1.42699e-12 4.48576e-09 3.24187e-06 0.000538641 0.0205754 0.180693 0.364825 0.169774 0.0295637 0.0706248 0.0987424 0.0350818 0.0138525 0.00995017 0.00377309 0.00154325 0.000389312 6.3742e-05 5.8601e-06 2.59422e-07
 1.27563e-39 6.2433e-33 7.02507e-27 1.81732e-21 1.08083e-16 1.47784e-12 4.64559e-09 3.35738e-06 0.000557833 0.0213085 0.187131 0.377823 0.175753 0.0287679 0.0618494 0.0864106 0.0312541 0.0140827 0.0101642 0.00327038 0.00119493 0.00035241 6.8874e-05 7.04932e-06 3.3323e-07
 1.24019e-39 6.06985e-33 6.8299e-27 1.76683e-21 1.0508e-16 1.43678e-12 4.51653e-09 3.2641e-06 0.000542335 0.0207165 0.181932 0.367327 0.170927 0.0294558 0.0692118 0.0967545 0.0344422 0.0138011 0.00981627 0.00339003 0.00127636 0.000331756 6.42059e-05 7.65777e-06 4.14639e-07
 1.25471e-39 6.14096e-33 6.9099e-27 1.78753e-21 1.06311e-16 1.45361e-12 4.56943e-09 3.30234e-06 0.000548688 0.0209592 0.184064 0.371629 0.172902 0.0290762 0.065598 0.0916934 0.0331055 0.0147328 0.0106188 0.00343682 0.00122962 0.000332859 6.27152e-05 7.13375e-06 4.1588e-07
 1.27593e-39 6.24481e-33 7.02677e-27 1.81776e-21 1.08109e-16 1.47819e-12 4.64671e-09 3.35819e-06 0.000557968 0.0213137 0.187177 0.377914 0.175799 0.0288579 0.0623712 0.0871271 0.0312432 0.0132425 0.00952381 0.00326663 0.00122259 0.000315307 5.79815e-05 6.57876e-06 3.7366e-07
 1.26139e-39 6.17361e-33 6.94664e-27 1.79703e-21 1.06876e-16 1.46134e-12 4.59373e-09 3.3199e-06 0.000551606 0.0210706 0.185042 0.373605 0.173818 0.0291503 0.0654546 0.0914606 0.0326032 0.013205 0.00937125 0.00312921 0.00115748 0.000312592 5.82421e-05 6.40859e-06 3.5829e-07
 1.26599e-39 6.19616e-33 6.97202e-27 1.8036e-21 1.07267e-16 1.46668e-12 4.61051e-09 3.33203e-06 0.000553621 0.0211476 0.185718 0.37497 0.174444 0.029019 0.064242 0.089764 0.0321792 0.0136032 0.00971089 0.00315864 0.00112632 0.000297414 5.59243e-05 6.30561e-06 3.4954e-07
 1.25705e-39 6.15238e-33 6.92276e-27 1.79085e-21 1.06509e-16 1.45631e-12 4.57794e-09 3.30848e-06 0.000549709 0.0209982 0.184406 0.372321 0.173224 0.0291405 0.065782 0.0919346 0.0329422 0.0138807 0.00993304 0.00330953 0.0012031 0.000309489 5.62425e-05 6.29348e-06 3.5369e-07
 1.26513e-39 6.19195e-33 6.96728e-27 1.80237e-21 1.07194e-16 1.46568e-12 4.60738e-09 3.32976e-06 0.000553245 0.0211332 0.185592 0.374715 0.174325 0.0289887 0.064134 0.0896177 0.0322049 0.0138626 0.00996137 0.00331496 0.00121129 0.000317938 5.78833e-05 6.30109e-06 3.47764e-07
 1.19598e-39 5.85348e-33 6.58643e-27 1.70385e-21 1.01334e-16 1.38556e-12 4.35553e-09 3.14775e-06 0.000523003 0.019978 0.175447 0.354233 0.164892 0.0299688 0.07629 0.106754 0.0382741 0.0161969 0.0116167 0.00391399 0.00144903 0.000381629 7.02701e-05 7.71616e-06 4.20368e-07
 1.19885e-39 5.86753e-33 6.60224e-27 1.70794e-21 1.01577e-16 1.38889e-12 4.36598e-09 3.1553e-06 0.000524258 0.020026 0.175868 0.355083 0.165269 0.0295224 0.0733092 0.102621 0.0377512 0.018993 0.0140537 0.00469422 0.00172651 0.000459776 8.56529e-05 9.48922e-06 5.21153e-07
 1.22928e-39 6.01645e-33 6.7698e-27 1.75128e-21 1.04155e-16 1.42414e-12 4.47679e-09 3.23538e-06 0.000537564 0.0205342 0.180332 0.364095 0.16942 0.0291319 0.0682091 0.0954153 0.0349646 0.0171899 0.0128491 0.00476121 0.00193254 0.000516907 9.63613e-05 1.07933e-05 5.98938e-07
#pred catch len freq
 2.14582e-27 2.17304e-27 6.57079e-27 1.50478e-21 8.94952e-17 1.22369e-12 3.84668e-09 2.78e-06 0.000461894 0.017644 0.154951 0.312849 0.145633 0.0265979 0.0681771 0.0957058 0.0388282 0.0309112 0.0274803 0.0185816 0.0156814 0.0136264 0.0141395 0.013183 0.00554591
 2.14859e-27 2.18118e-27 7.49606e-27 1.81876e-21 1.08169e-16 1.47902e-12 4.64931e-09 3.36007e-06 0.00055827 0.0213255 0.187282 0.378125 0.175863 0.0279641 0.0568489 0.0793905 0.0290013 0.0140292 0.0110758 0.00592426 0.00411899 0.00292808 0.00252722 0.00214321 0.00089121
 2.14774e-27 2.17926e-27 7.29823e-27 1.75165e-21 1.04177e-16 1.42444e-12 4.47774e-09 3.23607e-06 0.000537669 0.0205386 0.180371 0.364173 0.169479 0.0297445 0.0719246 0.10054 0.0352372 0.0123707 0.00857876 0.00316131 0.00152586 0.000797612 0.000512596 0.000362146 0.000142665
 2.148e-27 2.17996e-27 7.37738e-27 1.77851e-21 1.05775e-16 1.44629e-12 4.54642e-09 3.28571e-06 0.000545916 0.0208536 0.183137 0.369758 0.172045 0.0293126 0.0676048 0.0944996 0.0337951 0.0140211 0.00988301 0.0029923 0.00100976 0.000326615 0.000126478 6.32649e-05 2.19362e-05
 2.1493e-27 2.18315e-27 7.71593e-27 1.89336e-21 1.12606e-16 1.53968e-12 4.84e-09 3.49788e-06 0.000581168 0.0222002 0.194964 0.393634 0.183041 0.0281938 0.0535781 0.0747181 0.0266694 0.0109105 0.00775279 0.00256286 0.000907469 0.000221849 4.6229e-05 1.1896e-05 3.04369e-06
 2.1485e-27 2.18115e-27 7.50096e-27 1.82042e-21 1.08267e-16 1.48036e-12 4.65354e-09 3.36313e-06 0.000558779 0.021345 0.187453 0.37847 0.176069 0.0292128 0.0643693 0.0898811 0.0313755 0.0106019 0.00718398 0.00236075 0.000850736 0.000220223 3.91843e-05 5.02311e-06 6.41022e-07
 2.14792e-27 2.17974e-27 7.3526e-27 1.7701e-21 1.05275e-16 1.43944e-12 4.52491e-09 3.27017e-06 0.000543334 0.020755 0.182271 0.368009 0.171246 0.0295812 0.0697718 0.0975256 0.0344807 0.0130531 0.0089939 0.0026645 0.000841941 0.000215073 3.90238e-05 4.28317e-06 2.80466e-07
 2.14933e-27 2.18323e-27 7.72301e-27 1.89576e-21 1.12748e-16 1.54163e-12 4.84613e-09 3.50231e-06 0.000581904 0.0222283 0.19521 0.394133 0.183273 0.0282279 0.0536365 0.0747931 0.0266017 0.01058 0.00742313 0.0023265 0.000769859 0.000178579 2.93365e-05 3.13642e-06 1.73895e-07
 2.15018e-27 2.18529e-27 7.93998e-27 1.96935e-21 1.17125e-16 1.60147e-12 5.03425e-09 3.63827e-06 0.000604492 0.0230912 0.202788 0.409432 0.190326 0.0276915 0.0457506 0.0636406 0.0221601 0.00730904 0.00490921 0.00158413 0.000551245 0.00013448 2.19362e-05 2.14071e-06 1.0993e-07
 2.14931e-27 2.18313e-27 7.70881e-27 1.89092e-21 1.1246e-16 1.5377e-12 4.83376e-09 3.49338e-06 0.000580419 0.0221716 0.194712 0.393127 0.182825 0.0286708 0.0566433 0.0789656 0.0271838 0.007947 0.00508576 0.00148747 0.000460408 0.000114442 1.96899e-05 1.96095e-06 9.5885e-08
 2.14866e-27 2.18154e-27 7.54192e-27 1.83432e-21 1.09094e-16 1.49166e-12 4.68906e-09 3.3888e-06 0.000563044 0.0215079 0.188883 0.381359 0.177399 0.0290742 0.0626525 0.0874685 0.0306333 0.0106623 0.00714044 0.00196922 0.00054163 0.000120439 1.91977e-05 1.95534e-06 9.8526e-08
 2.1489e-27 2.18215e-27 7.60802e-27 1.85674e-21 1.10428e-16 1.5099e-12 4.7464e-09 3.43023e-06 0.000569928 0.0217709 0.191193 0.386022 0.179542 0.0287327 0.0591626 0.0825659 0.0291239 0.0108109 0.0074267 0.00222637 0.000683846 0.000144206 2.0179e-05 1.85326e-06 9.07595e-08
 2.14895e-27 2.18228e-27 7.62123e-27 1.86122e-21 1.10694e-16 1.51354e-12 4.75784e-09 3.43851e-06 0.000571303 0.0218234 0.191654 0.386953 0.179973 0.0287459 0.0589625 0.082272 0.0288569 0.010192 0.00694165 0.00215499 0.000707129 0.000162621 2.40891e-05 2.04873e-06 8.95641e-08
 2.1487e-27 2.18166e-27 7.55547e-27 1.83891e-21 1.09367e-16 1.4954e-12 4.70082e-09 3.3973e-06 0.000564456 0.0215618 0.189357 0.382315 0.177838 0.0289814 0.0617978 0.0862678 0.0302604 0.0106918 0.00726073 0.00219777 0.00070451 0.000168544 2.70562e-05 2.47102e-06 1.07186e-07
 2.14761e-27 2.17898e-27 7.27149e-27 1.74258e-21 1.03638e-16 1.41707e-12 4.45457e-09 3.21933e-06 0.000534887 0.0204323 0.179438 0.362288 0.168614 0.0299041 0.0734672 0.102726 0.0362037 0.0133382 0.00915429 0.00277066 0.000882059 0.000206522 3.31992e-05 3.20829e-06 1.49247e-07
 2.14748e-27 2.17869e-27 7.24333e-27 1.73305e-21 1.03071e-16 1.40931e-12 4.43019e-09 3.20171e-06 0.000531959 0.0203205 0.178456 0.360306 0.16769 0.029728 0.0729893 0.102098 0.0366037 0.0154758 0.0109838 0.003397 0.00111095 0.00026034 4.13357e-05 3.96642e-06 1.89968e-07
 2.14792e-27 2.17977e-27 7.35891e-27 1.77226e-21 1.05403e-16 1.4412e-12 4.53042e-09 3.27415e-06 0.000543995 0.0207802 0.182493 0.368457 0.171443 0.0293109 0.0679867 0.0950453 0.0340835 0.0144453 0.0103537 0.00345661 0.00124274 0.000301033 4.87523e-05 4.66619e-06 2.2199e-07
 2.14786e-27 2.1796e-27 7.34005e-27 1.76585e-21 1.05022e-16 1.43599e-12 4.51406e-09 3.26232e-06 0.00054203 0.0207052 0.181834 0.367126 0.170834 0.0294628 0.0693146 0.0969017 0.0345283 0.0139387 0.00989014 0.00331449 0.00122219 0.000320515 5.63569e-05 5.58519e-06 2.68277e-07
 2.14783e-27 2.17954e-27 7.33317e-27 1.76352e-21 1.04883e-16 1.43409e-12 4.50809e-09 3.25801e-06 0.000541314 0.0206778 0.181594 0.366641 0.17061 0.0294668 0.0694852 0.0971471 0.0346851 0.0142185 0.0100872 0.00328869 0.00117806 0.000312123 5.78413e-05 6.21363e-06 3.15996e-07
 2.14776e-27 2.17936e-27 7.31499e-27 1.75735e-21 1.04517e-16 1.42908e-12 4.49232e-09 3.24662e-06 0.00053942 0.0206055 0.180958 0.365359 0.170018 0.0295059 0.0701104 0.098032 0.0350452 0.014507 0.0103249 0.00339418 0.00121774 0.000314576 5.75343e-05 6.3891e-06 3.4659e-07
 2.14802e-27 2.18001e-27 7.38387e-27 1.78072e-21 1.05906e-16 1.44808e-12 4.55205e-09 3.28978e-06 0.000546592 0.0208795 0.183364 0.370216 0.172256 0.0292823 0.0672815 0.0940419 0.0336025 0.0138587 0.00986196 0.0032589 0.00117854 0.000306087 5.5468e-05 6.06601e-06 3.33777e-07
 2.14804e-27 2.18006e-27 7.3882e-27 1.78219e-21 1.05993e-16 1.44927e-12 4.5558e-09 3.29249e-06 0.000547043 0.0208967 0.183516 0.370522 0.172398 0.029324 0.0674442 0.0942619 0.0335512 0.0134273 0.00949046 0.00313075 0.00113193 0.000295721 5.39683e-05 5.88852e-06 3.20858e-07
 2.14785e-27 2.1796e-27 7.33984e-27 1.76578e-21 1.05018e-16 1.43593e-12 4.51387e-09 3.26219e-06 0.000542007 0.0207043 0.181826 0.367111 0.170826 0.029452 0.0692535 0.0968195 0.0345562 0.0141277 0.0100122 0.00325024 0.00115351 0.000300419 5.49623e-05 6.03261e-06 3.29165e-07
 2.14782e-27 2.17952e-27 7.33207e-27 1.76315e-21 1.04861e-16 1.43379e-12 4.50714e-09 3.25732e-06 0.000541199 0.0206734 0.181555 0.366564 0.170573 0.029445 0.0693758 0.0969971 0.034687 0.0143958 0.0102497 0.00336487 0.00120388 0.000308946 5.57112e-05 6.10515e-06 3.3439e-07
 2.14797e-27 2.17988e-27 7.36964e-27 1.77589e-21 1.05619e-16 1.44415e-12 4.53972e-09 3.28087e-06 0.000545111 0.0208229 0.182868 0.369213 0.171793 0.0293111 0.0677599 0.0947196 0.0338854 0.0141046 0.0100595 0.00333166 0.00120729 0.000313021 5.64143e-05 6.10076e-06 3.31725e-07
 2.14767e-27 2.17915e-27 7.29222e-27 1.74963e-21 1.04057e-16 1.4228e-12 4.47258e-09 3.23234e-06 0.000537049 0.0205149 0.180163 0.363753 0.16928 0.0296181 0.0712795 0.0996734 0.0355361 0.0144083 0.0102202 0.00339034 0.00123399 0.000323276 5.90246e-05 6.41359e-06 3.46426e-07
 2.14701e-27 2.17752e-27 7.12129e-27 1.69165e-21 1.00609e-16 1.37565e-12 4.32437e-09 3.12524e-06 0.000519254 0.0198351 0.174193 0.3517 0.163724 0.03006 0.07761 0.108622 0.0390405 0.0168211 0.0120636 0.00394614 0.0014144 0.000370901 6.82619e-05 7.50588e-06 4.08592e-07
 2.14725e-27 2.17814e-27 7.18745e-27 1.7141e-21 1.01944e-16 1.39391e-12 4.38176e-09 3.16671e-06 0.000526145 0.0200984 0.176505 0.356367 0.16587 0.0297275 0.0741736 0.103794 0.0375417 0.0169228 0.0122968 0.00415659 0.00153743 0.000399311 7.27519e-05 8.02995e-06 4.41373e-07
#obs catch len freq
 1.21576e-39 5.9503e-33 6.69537e-27 1.73203e-21 1.0301e-16 1.40848e-12 4.42756e-09 3.19981e-06 0.000531653 0.0203085 0.178349 0.360092 0.167583 0.0294834 0.0715609 0.100116 0.0363027 0.0166568 0.012233 0.00437853 0.00176311 0.000514174 0.000109314 1.43581e-05 9.6866e-07
 1.22164e-39 5.97909e-33 6.72777e-27 1.74041e-21 1.03509e-16 1.4153e-12 4.44899e-09 3.2153e-06 0.000534226 0.0204068 0.179212 0.361834 0.168387 0.0294562 0.0708701 0.0991341 0.0358477 0.0161379 0.0117855 0.00415588 0.00164659 0.000475141 9.92004e-05 1.26803e-05 8.27481e-07
 1.30534e-39 6.38872e-33 7.18869e-27 1.85965e-21 1.106e-16 1.51226e-12 4.75379e-09 3.43558e-06 0.000570826 0.0218048 0.19149 0.386623 0.179807 0.0283732 0.0567878 0.0792659 0.0285873 0.012632 0.00917723 0.00319677 0.00124597 0.000353449 7.25095e-05 9.10204e-06 5.7937e-07
 1.14826e-39 5.61992e-33 6.32362e-27 1.63586e-21 9.72908e-17 1.33028e-12 4.18173e-09 3.02215e-06 0.000502134 0.0191809 0.168446 0.340099 0.158397 0.031013 0.0869247 0.121682 0.0426978 0.0151476 0.0104566 0.00359594 0.00138018 0.000385432 7.74971e-05 9.53738e-06 5.9544e-07
 1.33821e-39 6.54962e-33 7.36974e-27 1.90648e-21 1.13386e-16 1.55034e-12 4.87352e-09 3.5221e-06 0.000585202 0.022354 0.196313 0.396359 0.184281 0.0276518 0.0494492 0.0689721 0.0256502 0.0137479 0.0101643 0.00309928 0.00102908 0.000278385 5.48887e-05 6.61815e-06 4.04773e-07
 1.38298e-39 6.76873e-33 7.61628e-27 1.97026e-21 1.17179e-16 1.60221e-12 5.03655e-09 3.63993e-06 0.000604779 0.0231018 0.20288 0.409619 0.190413 0.02769 0.045686 0.0635426 0.0220227 0.00693892 0.00471323 0.00181865 0.000746813 0.000183777 3.21913e-05 3.72954e-06 2.23166e-07
 1.25731e-39 6.15367e-33 6.92421e-27 1.79123e-21 1.06531e-16 1.45662e-12 4.57889e-09 3.30917e-06 0.000549824 0.0210026 0.184445 0.372399 0.173283 0.0297692 0.0695968 0.0972099 0.0334292 0.00965594 0.0061391 0.00176099 0.000557516 0.000163402 3.19355e-05 3.39501e-06 1.88396e-07
 1.27252e-39 6.22812e-33 7.00798e-27 1.8129e-21 1.0782e-16 1.47424e-12 4.63429e-09 3.34921e-06 0.000556477 0.0212567 0.186676 0.376904 0.175338 0.0290084 0.0635945 0.0888467 0.0318073 0.0132952 0.00929108 0.00254861 0.000690382 0.000153154 2.66309e-05 3.13819e-06 1.75075e-07
 1.41734e-39 6.93689e-33 7.8055e-27 2.01921e-21 1.2009e-16 1.64201e-12 5.16168e-09 3.73036e-06 0.000619804 0.0236757 0.20792 0.419795 0.195092 0.0270151 0.0384991 0.0534479 0.018952 0.00735852 0.00517091 0.00171256 0.000592446 0.000125969 1.74993e-05 1.68522e-06 9.274e-08
 1.41576e-39 6.92915e-33 7.7968e-27 2.01696e-21 1.19956e-16 1.64018e-12 5.15593e-09 3.7262e-06 0.000619113 0.0236493 0.207688 0.419327 0.19489 0.0274005 0.0409928 0.0569018 0.0193423 0.00485246 0.00296413 0.000942511 0.000328014 8.348e-05 1.35138e-05 1.16937e-06 5.25334e-08
 1.34673e-39 6.59133e-33 7.41667e-27 1.91862e-21 1.14108e-16 1.56022e-12 4.90455e-09 3.54453e-06 0.000588929 0.0224963 0.197563 0.398884 0.18548 0.0284938 0.0538285 0.0749826 0.0255711 0.00668033 0.00405353 0.00104294 0.00025892 6.15215e-05 1.07098e-05 1.07571e-06 4.9337e-08
 1.31673e-39 6.44447e-33 7.25142e-27 1.87587e-21 1.11565e-16 1.52545e-12 4.79527e-09 3.46556e-06 0.000575807 0.0219951 0.193161 0.389996 0.18138 0.0287248 0.0579173 0.0807828 0.0281206 0.00923495 0.00605564 0.00158384 0.000385003 7.31603e-05 9.73173e-06 9.47885e-07 4.78053e-08
 1.35403e-39 6.62703e-33 7.45684e-27 1.92901e-21 1.14726e-16 1.56867e-12 4.93111e-09 3.56373e-06 0.000592118 0.0226182 0.198633 0.401044 0.186462 0.0280632 0.0505486 0.0704139 0.0246957 0.00871307 0.00589048 0.00171369 0.000498676 9.76605e-05 1.17308e-05 8.97807e-07 3.90337e-08
 1.33012e-39 6.51002e-33 7.32518e-27 1.89496e-21 1.127e-16 1.54097e-12 4.84405e-09 3.50081e-06 0.000581664 0.0222188 0.195126 0.393963 0.183207 0.0285479 0.0556413 0.0775669 0.026873 0.00841756 0.00552654 0.00166884 0.000524851 0.000115782 1.59617e-05 1.20794e-06 4.4659e-08
 1.28246e-39 6.27677e-33 7.06272e-27 1.82706e-21 1.08662e-16 1.48576e-12 4.67049e-09 3.37538e-06 0.000560823 0.0214227 0.188134 0.379848 0.176705 0.0291727 0.0637103 0.088954 0.0310795 0.0105817 0.00706862 0.00201385 0.000587898 0.000134434 2.05071e-05 1.75881e-06 6.93905e-08
 1.15541e-39 5.65494e-33 6.36303e-27 1.64606e-21 9.78971e-17 1.33857e-12 4.20779e-09 3.04098e-06 0.000505263 0.0193004 0.169496 0.342219 0.159369 0.0307903 0.084926 0.118896 0.0421585 0.0163494 0.011335 0.00336504 0.00102727 0.000224071 3.2945e-05 2.9967e-06 1.31343e-07
 1.26158e-39 6.17455e-33 6.9477e-27 1.79731e-21 1.06892e-16 1.46156e-12 4.59443e-09 3.32041e-06 0.00055169 0.0210739 0.185071 0.373662 0.173827 0.0286834 0.0625872 0.0875018 0.0323384 0.016722 0.0123609 0.0039377 0.00132677 0.00030392 4.53861e-05 4.00245e-06 1.77459e-07
 1.2231e-39 5.98621e-33 6.73578e-27 1.74248e-21 1.03632e-16 1.41698e-12 4.45429e-09 3.21913e-06 0.000534862 0.020431 0.179425 0.362265 0.168596 0.0297159 0.0723253 0.101135 0.0358656 0.0139512 0.00998223 0.00377289 0.00153861 0.000387627 6.33911e-05 5.8238e-06 2.57692e-07
 1.26702e-39 6.20118e-33 6.97766e-27 1.80506e-21 1.07353e-16 1.46786e-12 4.61424e-09 3.33472e-06 0.000554069 0.0211647 0.185869 0.375274 0.17458 0.0289142 0.063511 0.0887491 0.032031 0.0142174 0.0102282 0.00328178 0.00119483 0.000351824 6.8687e-05 7.02576e-06 3.3197e-07
 1.23083e-39 6.02405e-33 6.77835e-27 1.7535e-21 1.04287e-16 1.42594e-12 4.48244e-09 3.23947e-06 0.000538243 0.0205602 0.180559 0.364555 0.169651 0.029617 0.0710317 0.0993156 0.0352881 0.013931 0.00987187 0.00339899 0.00127561 0.000331072 6.39905e-05 7.6269e-06 4.12807e-07
 1.24573e-39 6.09698e-33 6.86042e-27 1.77473e-21 1.0555e-16 1.4432e-12 4.53671e-09 3.27869e-06 0.000544759 0.0208091 0.182746 0.368968 0.171677 0.0292296 0.0673364 0.0941399 0.033917 0.0148688 0.0106816 0.00344747 0.00122915 0.000332222 6.25212e-05 7.10648e-06 4.141e-07
 1.26678e-39 6.20001e-33 6.97636e-27 1.80472e-21 1.07333e-16 1.46759e-12 4.61338e-09 3.3341e-06 0.000553965 0.0211608 0.185834 0.375203 0.174551 0.0290126 0.0641323 0.0896056 0.0320683 0.0133911 0.00959712 0.00328199 0.00122435 0.000315304 5.7908e-05 6.56569e-06 3.72747e-07
 1.25208e-39 6.12805e-33 6.89537e-27 1.78377e-21 1.06087e-16 1.45055e-12 4.55983e-09 3.2954e-06 0.000547535 0.0209151 0.183677 0.370848 0.172549 0.029309 0.0672547 0.093994 0.0334433 0.0133454 0.00943647 0.00314184 0.00115823 0.000312328 5.81245e-05 6.39109e-06 3.57143e-07
 1.25541e-39 6.14434e-33 6.9137e-27 1.78851e-21 1.06369e-16 1.45441e-12 4.57195e-09 3.30416e-06 0.00054899 0.0209707 0.184165 0.371834 0.173 0.0291941 0.0662563 0.0925996 0.0331309 0.0138009 0.00981842 0.00318467 0.00113172 0.000298388 5.60392e-05 6.31413e-06 3.49854e-07
 1.24646e-39 6.10055e-33 6.86443e-27 1.77576e-21 1.05611e-16 1.44404e-12 4.53937e-09 3.28061e-06 0.000545078 0.0208213 0.182852 0.369184 0.17178 0.0293164 0.0678012 0.0947771 0.0338945 0.014073 0.010036 0.0033342 0.00120804 0.000310304 5.63206e-05 6.29762e-06 3.53762e-07
 1.25402e-39 6.13754e-33 6.90606e-27 1.78653e-21 1.06252e-16 1.4528e-12 4.56689e-09 3.3005e-06 0.000548383 0.0209475 0.183961 0.371423 0.172809 0.0291705 0.0662362 0.0925774 0.0332025 0.0140841 0.0100866 0.00334701 0.00121892 0.000319469 5.80921e-05 6.31928e-06 3.48603e-07
 1.18337e-39 5.79177e-33 6.51699e-27 1.68588e-21 1.00266e-16 1.37095e-12 4.3096e-09 3.11456e-06 0.000517489 0.0197674 0.173597 0.350499 0.163174 0.030177 0.0786864 0.110127 0.0394069 0.0164343 0.0117466 0.00394628 0.00145617 0.000382945 7.04272e-05 7.72795e-06 4.20817e-07
 1.18555e-39 5.80246e-33 6.52902e-27 1.689e-21 1.00451e-16 1.37348e-12 4.31756e-09 3.12031e-06 0.000518444 0.0198039 0.173918 0.351146 0.163456 0.0297332 0.0757823 0.106104 0.0389401 0.0193071 0.0142456 0.00474473 0.00173929 0.000462491 8.60555e-05 9.52711e-06 5.22996e-07
#spawning biomass
 3928 2301.48 2155.05 1968.61 2374.92 3599.49 4022.99 3901.51 6014.34 11058.9 17100.7 20986.6 26364.8 33796.7 39874.5 36144.5 32334.6 32855.8 33177.5 34270.2 33491.9 35260.1 40548.5 43254.1 46162.9 48712 51628.3 42221.3 37333.5 88597.6 108433 81524.4 56474.9 40798 31984.1 27289.7 24871.3 23652.4 23046.8 22748.9 22603.4 22532.6 22498.3 22481.7 22473.7 22469.8 22468 22467.1 22466.7 22466.5 22466.4 22466.3 22466.3 22466.3 22466.3 22466.3 22466.3 22466.3 22466.3 22466.3 22466.3 22466.3 22466.3 22466.3 22466.3 22466.3 22466.3 22466.3 22466.3 22466.3 22466.3 22466.3 22466.3 22466.3 22466.3 22466.3 22466.3 22466.3 22466.3 22466.3 22466.3 22466.3 22466.3 22466.3 22466.3 22466.3 22466.3 22466.3 22466.3 22466.3 22466.3 22466.3 22466.3 22466.3 22466.3 22466.3 22466.3 22466.3 22466.3 22466.3 22466.3 22466.3 22466.3 22466.3 22466.3 22466.3 22466.3 22466.3 22466.3 22466.3 22466.3 22466.3 22466.3 22466.3 22466.3 22466.3 22466.3 22466.3 22466.3 22466.3 22466.3 22466.3 22466.3 22466.3 22466.3 22466.3 22466.3 22466.3 0 0 0 0 0 0 0 0 0 0 0 0 0 0 0 0 0 0 0 0 0 0 0 0 0
