SBPRF35
0.256306
Curr Bio
151689
B35
201965
F35
0.392761
FOFL
0.270036
OFL
40139
Bzero
73230.3
#pred survey bio
 24068 22148.9 17316.8 15277.3 24539 36719.4 49385.1 62929.9 81954.2 108701 125922 168177 204348 218018 230652 202561 209810 202883 180767 182160 205141 230089 257063 260193 248811 259646 245928 240648 228250 7.64659e+06 4.33338e+06 3.1984e+06 2.22418e+06 1.57967e+06 1.20037e+06 989877 876066 814815 781505 763006 752448 746237 742475 740134 738643 737682 737055 736642 736367 736183 736060 735977 735921 735883 735857 735840 735829 735821 735815 735812 735809 735808 735807 735806 735805 735805 735805 735805 735805 735804 735804 735804 735804 735804 735804 735804 735804 735804 735804 735804 735804 735804 735804 735804 735804 735804 735804 735804 735804 735804 735804 735804 735804 735804 735804 735804 735804 735804 735804 735804 735804 735804 735804 735804 735804 735804 735804 735804 735804 735804 735804 735804 735804 735804 735804 735804 735804 735804 735804 735804 735804 735804 735804 735804 735804 735804 735804 735804 735804 0 0 0 0 0 0 0 0 0 0 0 0 0 0 0 0 0 0 0 0 0 0 0 0 0
#obs survey bio
 17912.1 17014.3 17073.5 22304 34569.2 35269.9 63609.9 91191.6 76778.6 116361 144162 194904 158738 327192 132425 121879 217945 258425 214130 158328 170978 244289 273969 164824 327041 209024 320247 223604 257154
#pred catch bio
 2835.87 3671.45 3495.67 2447.36 5173.21 7571.11 10856 16681.8 21965.8 40503.9 37645.2 62553.2 90817.4 85951.4 109196 86702 95055 95647.3 76333.9 70691.3 79183.7 86617.1 110674 117032 96888.3 114552 107866 112171 109308 40139 54385.6 38916.6 26028.4 17819.6 13206.2 10794.1 9588.35 9002.86 8723.98 8592.86 8531.76 8503.46 8490.4 8484.39 8481.63 8480.37 8479.8 8479.53 8479.41 8479.36 8479.33 8479.32 8479.32 8479.32 8479.31 8479.31 8479.31 8479.31 8479.31 8479.31 8479.31 8479.31 8479.31 8479.31 8479.31 8479.31 8479.31 8479.31 8479.31 8479.31 8479.31 8479.31 8479.31 8479.31 8479.31 8479.31 8479.31 8479.31 8479.31 8479.31 8479.31 8479.31 8479.31 8479.31 8479.31 8479.31 8479.31 8479.31 8479.31 8479.31 8479.31 8479.31 8479.31 8479.31 8479.31 8479.31 8479.31 8479.31 8479.31 8479.31 8479.31 8479.31 8479.31 8479.31 8479.31 8479.31 8479.31 8479.31 8479.31 8479.31 8479.31 8479.31 8479.31 8479.31 8479.31 8479.31 8479.31 8479.31 8479.31 8479.31 8479.31 8479.31 8479.31 8479.31 8479.31 8479.31 8479.31 8479.31 8479.31 0 0 0 0 0 0 0 0 0 0 0 0 0 0 0 0 0 0 0 0 0 0 0 0 0
#obs catch bio
 2860.76 3852.85 3746.8 2453.53 5167.61 7412.16 10430.3 15852.5 20953.3 39066.9 34901.5 58761 91823.1 79558.5 117454 91680.6 102276 96123.7 77184.3 72255.6 84316.1 87431.5 114198 124579 91758.9 119216 106285 112774 109527
#pred cpue bio
 23247.6 21800 17137.4 14531.5 22162.4 34012.7 46264.6 58923.5 75716 100624 115899 154902 187402 199879 214641 187858 193057 187612 167820 168462 188883 212440 237856 240232 230374 241376 227912 222457 210434 7.0241e+06 4.28234e+06 3.1647e+06 2.19088e+06 1.54638e+06 1.16708e+06 956591 842780 781528 748218 729720 719162 712951 709189 706848 705356 704396 703769 703355 703080 702896 702773 702690 702634 702597 702571 702554 702542 702534 702529 702525 702523 702521 702520 702519 702519 702519 702518 702518 702518 702518 702518 702518 702518 702518 702518 702518 702518 702518 702518 702518 702518 702518 702518 702518 702518 702518 702518 702518 702518 702518 702518 702518 702518 702518 702518 702518 702518 702518 702518 702518 702518 702518 702518 702518 702518 702518 702518 702518 702518 702518 702518 702518 702518 702518 702518 702518 702518 702518 702518 702518 702518 702518 702518 702518 702518 702518 702518 702518 702518 0 0 0 0 0 0 0 0 0 0 0 0 0 0 0 0 0 0 0 0 0 0 0 0 0
#obs cpue bio
 22882.7 15281.3 12010.2 15053.2 26828.7 41727.7 47229 59479.7 74230.7 117461 146418 156933 172207 242651 167486 233009 143316 193727 123006 161675 149327 239564 197719 270890 325988 180147 225612 219861 187015
#pred surv len freq
 2.4261e-11 1.14112e-09 3.71656e-08 8.38178e-07 1.30894e-05 0.000141544 0.00105989 0.0054962 0.019744 0.0491962 0.0854513 0.105478 0.0990227 0.0843465 0.0795121 0.0794377 0.0743699 0.0658341 0.0575489 0.0496165 0.0421562 0.0357099 0.0295473 0.0222794 0.0140382
 1.21297e-11 5.70523e-10 1.85816e-08 4.19061e-07 6.54427e-06 7.07685e-05 0.000529953 0.00274884 0.00988461 0.0247278 0.0436224 0.0570057 0.0636052 0.0747525 0.0934041 0.105335 0.102064 0.0912803 0.0803504 0.0693966 0.0579445 0.0467729 0.036046 0.0253283 0.0151235
 9.67639e-12 4.55131e-10 1.48233e-08 3.34303e-07 5.22064e-06 5.64546e-05 0.000422749 0.00219251 0.00788021 0.0196754 0.0344513 0.0438395 0.0454811 0.0483255 0.0593915 0.0754401 0.0917211 0.104788 0.108722 0.100994 0.0858614 0.0682461 0.0503783 0.0333544 0.0187733
 3.44381e-11 1.6198e-09 5.27559e-08 1.18978e-06 1.85801e-05 0.000200917 0.00150443 0.00780056 0.0280094 0.0696671 0.120161 0.144336 0.122805 0.0788623 0.0463437 0.0339044 0.0336357 0.0394755 0.0478977 0.0541869 0.0540915 0.0468783 0.0352329 0.0227419 0.0122451
 4.42617e-11 2.08186e-09 6.78049e-08 1.52917e-06 2.38801e-05 0.00025823 0.00193359 0.0100259 0.0360022 0.0895694 0.154638 0.186449 0.160852 0.107798 0.06792 0.0470994 0.0327191 0.0210047 0.0147929 0.013869 0.0149191 0.0148202 0.0123721 0.00839414 0.00453797
 3.48551e-11 1.63942e-09 5.33948e-08 1.20418e-06 1.88051e-05 0.000203351 0.0015227 0.00789601 0.0283625 0.0706489 0.122561 0.150554 0.138924 0.112897 0.0982563 0.0878998 0.0679942 0.0434171 0.0246669 0.014098 0.00929288 0.00746267 0.00624522 0.0045123 0.00256534
 3.22742e-11 1.51803e-09 4.94411e-08 1.11502e-06 1.74127e-05 0.000188294 0.00140995 0.00731131 0.0262619 0.0654123 0.11345 0.139243 0.128165 0.103831 0.0913879 0.0862185 0.0754644 0.0593833 0.0426096 0.0271673 0.015218 0.00811459 0.00468099 0.00287239 0.00159278
 3.31315e-11 1.55835e-09 5.07543e-08 1.14464e-06 1.78752e-05 0.000193295 0.00144739 0.00750536 0.0269574 0.0671296 0.116325 0.142286 0.129406 0.101591 0.0856214 0.0787379 0.0688602 0.0559598 0.0437229 0.0320402 0.0208506 0.0117299 0.00579975 0.00265742 0.00115943
 3.71321e-11 1.74651e-09 5.68828e-08 1.28285e-06 2.00335e-05 0.000216635 0.00162215 0.00841135 0.0302086 0.0751977 0.130113 0.158243 0.140986 0.104479 0.0804016 0.0689155 0.0576122 0.0450081 0.0343844 0.0256811 0.017883 0.0110819 0.00589347 0.00264006 0.000999684
 3.58872e-11 1.68796e-09 5.49758e-08 1.23984e-06 1.93619e-05 0.000209372 0.00156777 0.00812954 0.0291985 0.0727032 0.125933 0.153798 0.139077 0.107348 0.0876167 0.0770625 0.0628013 0.0458707 0.0322275 0.0225714 0.0153167 0.00964792 0.00538384 0.00253877 0.000976583
 3.73919e-11 1.75874e-09 5.7281e-08 1.29183e-06 2.01738e-05 0.000218151 0.0016335 0.00847029 0.030421 0.0757335 0.131089 0.159658 0.142978 0.107471 0.0844219 0.072833 0.0597309 0.0443801 0.0312328 0.0211056 0.0134335 0.00797396 0.00432936 0.00205556 0.000810102
 3.70156e-11 1.74104e-09 5.67044e-08 1.27883e-06 1.99707e-05 0.000215955 0.00161707 0.00838509 0.0301156 0.0749785 0.129819 0.158284 0.1423 0.108105 0.0862248 0.0748669 0.0610105 0.0447122 0.0311154 0.0209409 0.0132109 0.00762127 0.00395709 0.00180358 0.00069552
 3.81098e-11 1.7925e-09 5.83807e-08 1.31663e-06 2.05611e-05 0.000222339 0.00166487 0.00863289 0.0310047 0.0771837 0.133579 0.162596 0.1453 0.108539 0.0843304 0.0719383 0.0582807 0.0426172 0.029512 0.0196681 0.0122503 0.00696232 0.00354147 0.00156826 0.000585244
 3.79077e-11 1.783e-09 5.80711e-08 1.30965e-06 2.0452e-05 0.00022116 0.00165604 0.00858716 0.030841 0.0767818 0.132922 0.161976 0.145319 0.109732 0.0865653 0.0741939 0.0593786 0.0422634 0.0283463 0.0184475 0.011322 0.00635395 0.00318369 0.0013834 0.000504587
 3.3697e-11 1.58495e-09 5.16207e-08 1.16417e-06 1.81803e-05 0.000196595 0.0014721 0.00763362 0.0274197 0.0682969 0.118457 0.145406 0.133862 0.108307 0.094407 0.0865055 0.0714205 0.0518382 0.0351391 0.0227257 0.0136541 0.00746612 0.00365645 0.00155901 0.000558555
 3.53137e-11 1.66099e-09 5.40973e-08 1.22003e-06 1.90525e-05 0.000206026 0.00154272 0.00799964 0.0287319 0.0715412 0.123919 0.151335 0.136854 0.105737 0.0868183 0.0777343 0.0656906 0.0504815 0.0365788 0.0248362 0.0152744 0.00837104 0.00404634 0.00168949 0.00059209
 3.74708e-11 1.76245e-09 5.74018e-08 1.29455e-06 2.02163e-05 0.000218611 0.00163695 0.00848815 0.0304851 0.0758921 0.131357 0.159956 0.143151 0.107391 0.0840616 0.0722623 0.0591233 0.0440558 0.0314992 0.0218479 0.0140857 0.00810984 0.00405051 0.00171035 0.00059624
 3.56927e-11 1.67882e-09 5.4678e-08 1.23312e-06 1.9257e-05 0.000208238 0.00155928 0.00808556 0.0290412 0.0723178 0.125308 0.153236 0.139213 0.108788 0.0903304 0.0801282 0.0650404 0.0466896 0.0316869 0.0210296 0.0132857 0.00771002 0.00396504 0.00173443 0.000621598
 3.471e-11 1.63259e-09 5.31725e-08 1.19917e-06 1.87268e-05 0.000202504 0.00151635 0.00786298 0.0282422 0.0703321 0.121895 0.149195 0.135975 0.107224 0.0904195 0.0816613 0.0679317 0.0504398 0.0351616 0.0232752 0.0142605 0.00797518 0.00401295 0.0017564 0.00064022
 3.61121e-11 1.69854e-09 5.53203e-08 1.24761e-06 1.94833e-05 0.000210684 0.0015776 0.00818045 0.0293808 0.073152 0.126675 0.15454 0.139229 0.106445 0.0859241 0.0757792 0.0631828 0.047892 0.0344748 0.0236041 0.0148271 0.00834583 0.00414488 0.00177649 0.000637987
 3.72191e-11 1.75061e-09 5.70161e-08 1.28586e-06 2.00805e-05 0.000217142 0.00162595 0.00843115 0.0302807 0.0753864 0.130503 0.159016 0.14263 0.107673 0.0850849 0.0735289 0.0600682 0.0444264 0.031388 0.0215155 0.0137933 0.00798196 0.00405136 0.00175085 0.0006261
 3.62522e-11 1.70513e-09 5.55349e-08 1.25245e-06 1.95588e-05 0.000211501 0.00158372 0.00821222 0.0294954 0.073442 0.127209 0.155339 0.140415 0.108273 0.0882746 0.0776573 0.0633489 0.0461237 0.0317833 0.0212284 0.0133629 0.00770151 0.00395002 0.00173721 0.000630861
 3.5764e-11 1.68217e-09 5.4787e-08 1.23558e-06 1.92954e-05 0.000208653 0.00156239 0.00810164 0.0290984 0.0724546 0.125507 0.153304 0.138718 0.107298 0.0880243 0.0781476 0.0646893 0.0481142 0.0337764 0.0226199 0.0140405 0.00792545 0.00400006 0.00175012 0.000638635
 3.64108e-11 1.71259e-09 5.57779e-08 1.25793e-06 1.96444e-05 0.000212427 0.00159065 0.00824812 0.0296239 0.0737578 0.127728 0.155841 0.140451 0.107452 0.0866961 0.0760713 0.0626268 0.0465036 0.0327853 0.0222042 0.0139569 0.00791923 0.00397361 0.00171755 0.000620018
 3.54784e-11 1.66873e-09 5.43496e-08 1.22572e-06 1.91414e-05 0.000206987 0.00154992 0.00803699 0.0288667 0.071882 0.124546 0.152272 0.138237 0.107849 0.0894665 0.0796706 0.0654364 0.0479519 0.0332687 0.0223091 0.0140113 0.00799597 0.00404027 0.00175161 0.000630564
 3.45004e-11 1.62273e-09 5.28514e-08 1.19193e-06 1.86137e-05 0.000201281 0.00150719 0.00781548 0.0280715 0.0699061 0.121151 0.148257 0.135037 0.106326 0.0895486 0.081025 0.0678847 0.0511248 0.0363742 0.0246317 0.0154058 0.00872476 0.00439276 0.00190676 0.000688368
 3.55638e-11 1.67275e-09 5.44805e-08 1.22867e-06 1.91875e-05 0.000207486 0.00155365 0.00805629 0.0289354 0.0720471 0.124791 0.152378 0.137719 0.106208 0.0868247 0.0771389 0.0643655 0.0487216 0.0351387 0.0242856 0.0155167 0.00891778 0.00451251 0.00195665 0.000704993
 3.61511e-11 1.70038e-09 5.53802e-08 1.24896e-06 1.95043e-05 0.000210912 0.0015793 0.00818932 0.0294129 0.0732342 0.126833 0.154806 0.1397 0.107252 0.0869662 0.0764932 0.0629263 0.0466642 0.033003 0.0226396 0.0145631 0.00850314 0.0043791 0.0019247 0.000698647
 3.67272e-11 1.72747e-09 5.62626e-08 1.26886e-06 1.98151e-05 0.000214273 0.00160447 0.00831978 0.0298813 0.0743977 0.128831 0.157162 0.141558 0.108104 0.0869087 0.0758516 0.061893 0.0453038 0.031434 0.0211029 0.0133242 0.00770306 0.0039731 0.0017637 0.000648353
#obs surv len freq
 2.3769e-11 1.11798e-09 3.64118e-08 8.21178e-07 1.28239e-05 0.000138673 0.00103839 0.00538467 0.0193429 0.0481916 0.083672 0.103121 0.0963136 0.081104 0.0757462 0.0762788 0.0735594 0.068286 0.0628844 0.0565851 0.0488394 0.0398526 0.0297895 0.0194151 0.0104425
 8.76767e-16 4.13111e-14 1.35481e-12 3.13906e-11 5.42077e-10 8.0896e-09 1.26833e-07 2.02228e-06 2.67243e-05 0.000258718 0.00176161 0.00835051 0.0275467 0.0636039 0.1045 0.127216 0.124903 0.112052 0.100502 0.0902777 0.0786758 0.0645831 0.0481321 0.031077 0.0165312
 1.3029e-11 6.12821e-10 1.99592e-08 4.5013e-07 7.02941e-06 7.60128e-05 0.000569168 0.00295107 0.0105951 0.0263404 0.0453478 0.054102 0.0450544 0.0281326 0.0210824 0.0350016 0.0679185 0.103323 0.121873 0.119427 0.105045 0.0859658 0.0640486 0.0412883 0.021851
 5.18272e-11 2.4377e-09 7.93943e-08 1.79054e-06 2.79619e-05 0.000302367 0.00226406 0.011739 0.0421473 0.104793 0.180481 0.215533 0.179201 0.105374 0.0463946 0.0181165 0.00869972 0.00729273 0.00993316 0.0138143 0.0158754 0.0148649 0.0115991 0.00755067 0.00399386
 3.22453e-11 1.51666e-09 4.93967e-08 1.11402e-06 1.73971e-05 0.000188126 0.00140871 0.00730524 0.0262455 0.0654231 0.113822 0.141353 0.135285 0.119618 0.114018 0.104369 0.0760548 0.0411738 0.0176224 0.00835642 0.00687382 0.00717886 0.00649921 0.00463398 0.00255296
 3.88092e-11 1.8254e-09 5.9452e-08 1.34079e-06 2.09384e-05 0.000226419 0.00169541 0.00879112 0.0315711 0.0785741 0.135853 0.164747 0.145272 0.104629 0.0774741 0.0665215 0.0587123 0.0482506 0.0349871 0.0210025 0.0103884 0.00501346 0.0030305 0.00205069 0.00118708
 2.60074e-11 1.22326e-09 3.98409e-08 8.98514e-07 1.40316e-05 0.000151733 0.00113621 0.0058923 0.021172 0.0528039 0.0920558 0.115213 0.113135 0.10603 0.108758 0.107766 0.0904335 0.0660369 0.0465596 0.0324821 0.0206725 0.0111849 0.00520348 0.00228809 0.00100985
 4.20058e-11 1.97575e-09 6.43488e-08 1.45123e-06 2.2663e-05 0.000245068 0.00183504 0.0095149 0.034167 0.0850012 0.146737 0.176862 0.152445 0.102218 0.0659254 0.0508859 0.0448522 0.0397354 0.0329466 0.0243469 0.015848 0.0091378 0.00459327 0.00196416 0.000715411
 3.55484e-11 1.67203e-09 5.44568e-08 1.22814e-06 1.91792e-05 0.000207396 0.00155298 0.00805295 0.0289252 0.0720378 0.124886 0.153018 0.139944 0.111155 0.0938445 0.0825489 0.0640747 0.0427373 0.0277215 0.0193543 0.0136541 0.00869644 0.00470069 0.00210184 0.000766369
 3.83651e-11 1.80451e-09 5.87717e-08 1.32545e-06 2.06988e-05 0.000223828 0.00167601 0.00869065 0.0312116 0.0776925 0.134418 0.163423 0.145423 0.107395 0.0821897 0.0701158 0.0580777 0.0438499 0.0307266 0.0199491 0.011998 0.00685409 0.00367401 0.00172587 0.000663641
 3.90891e-11 1.83857e-09 5.98808e-08 1.35046e-06 2.10894e-05 0.000228052 0.00170764 0.00885467 0.0318008 0.07916 0.136963 0.166546 0.148276 0.109553 0.0834852 0.0698808 0.0556046 0.0398548 0.0272277 0.0181352 0.0112931 0.00633488 0.00316169 0.0013889 0.000521192
 3.7727e-11 1.7745e-09 5.77942e-08 1.30341e-06 2.03546e-05 0.000220106 0.00164814 0.00854623 0.0306944 0.0764185 0.132307 0.161293 0.14492 0.109883 0.0872435 0.0751089 0.0601867 0.0427508 0.0284588 0.0182797 0.011059 0.00613493 0.00304434 0.00130925 0.000472916
 4.04142e-11 1.90089e-09 6.19107e-08 1.39624e-06 2.18043e-05 0.000235783 0.00176552 0.00915473 0.0328774 0.0818293 0.141511 0.171738 0.151816 0.109885 0.0809639 0.0662956 0.0526354 0.0378741 0.0256384 0.0165349 0.00986067 0.00532645 0.00257115 0.00108129 0.000382859
 3.56301e-11 1.67587e-09 5.4582e-08 1.23096e-06 1.92232e-05 0.000207873 0.00155655 0.00807143 0.0289912 0.0721993 0.125146 0.153242 0.139866 0.11061 0.0932345 0.0830187 0.0665527 0.0463703 0.0300958 0.0189493 0.0112588 0.00608244 0.00291015 0.00120095 0.000415455
 3.21156e-11 1.51057e-09 4.91981e-08 1.10954e-06 1.73271e-05 0.000187369 0.00140302 0.00727546 0.0261341 0.0651026 0.112972 0.138937 0.128761 0.106019 0.094837 0.0890783 0.0757686 0.057261 0.0402437 0.0263023 0.0155306 0.0082044 0.0038542 0.00157155 0.000537275
 3.60327e-11 1.69481e-09 5.51987e-08 1.24487e-06 1.94405e-05 0.000210221 0.00157413 0.0081624 0.0293154 0.0729816 0.126331 0.15389 0.137915 0.103979 0.0824628 0.0727487 0.0623639 0.0497268 0.0377899 0.0268446 0.0170937 0.00952585 0.0045754 0.00186119 0.000628213
 3.66808e-11 1.72529e-09 5.61914e-08 1.26726e-06 1.97901e-05 0.000214002 0.00160244 0.00830925 0.0298434 0.074302 0.128656 0.156908 0.141193 0.107527 0.0860291 0.0747269 0.0607693 0.044633 0.0317082 0.022359 0.0149441 0.00896235 0.00462147 0.00198166 0.00068887
 3.35243e-11 1.57682e-09 5.13561e-08 1.15821e-06 1.80871e-05 0.000195587 0.00146456 0.00759448 0.027279 0.067944 0.11783 0.144568 0.132874 0.107078 0.0929147 0.0851175 0.0706917 0.0520136 0.0360863 0.0241989 0.0153683 0.00904453 0.00477464 0.00215227 0.000790227
 3.54199e-11 1.66598e-09 5.426e-08 1.2237e-06 1.91098e-05 0.000206646 0.00154736 0.00802366 0.0288179 0.0717511 0.124255 0.151619 0.136707 0.104794 0.0851295 0.0759437 0.0645863 0.0503512 0.0371688 0.0257714 0.0163008 0.00931673 0.00476983 0.00212663 0.000791974
 3.56593e-11 1.67724e-09 5.46267e-08 1.23197e-06 1.9239e-05 0.000208043 0.00155782 0.00807792 0.0290131 0.0722399 0.125121 0.152765 0.138013 0.106296 0.0866461 0.0766214 0.0634889 0.0477369 0.0345336 0.0243337 0.0160112 0.00946532 0.00489511 0.00216165 0.000794251
 3.67786e-11 1.72989e-09 5.63414e-08 1.27064e-06 1.98429e-05 0.000214573 0.00160671 0.00833139 0.0299227 0.0744966 0.128974 0.157209 0.14119 0.106988 0.0851093 0.0740785 0.0610157 0.0455882 0.0324787 0.0223753 0.0144881 0.00858871 0.00452585 0.00203954 0.000757481
 3.32049e-11 1.5618e-09 5.08667e-08 1.14717e-06 1.79148e-05 0.000193723 0.0014506 0.00752214 0.0270194 0.0673 0.116731 0.143302 0.131972 0.10689 0.0933571 0.0858244 0.071358 0.0526174 0.0367405 0.0248521 0.0158208 0.00922891 0.00481555 0.00217186 0.0008141
 3.75258e-11 1.76503e-09 5.7486e-08 1.29645e-06 2.0246e-05 0.000218932 0.00163935 0.00850054 0.030529 0.0759939 0.131484 0.15988 0.142351 0.105322 0.0809618 0.0696428 0.0586863 0.0459069 0.0341033 0.0237826 0.0151256 0.00868427 0.00445052 0.00197967 0.000736781
 3.45648e-11 1.62576e-09 5.29499e-08 1.19415e-06 1.86484e-05 0.000201657 0.00151001 0.00783011 0.0281246 0.0700432 0.121422 0.148748 0.135977 0.108009 0.0917286 0.0824673 0.0672525 0.0485782 0.0335947 0.023047 0.0150643 0.00893035 0.00463981 0.00205591 0.000756669
 3.56273e-11 1.67574e-09 5.45777e-08 1.23086e-06 1.92217e-05 0.000207856 0.00155642 0.00807065 0.0289868 0.0721725 0.124992 0.152548 0.137639 0.105689 0.0859879 0.0765303 0.0645093 0.0494639 0.0357581 0.0243664 0.0153141 0.00881286 0.00456587 0.00204747 0.00076112
 3.39912e-11 1.59878e-09 5.20713e-08 1.17434e-06 1.8339e-05 0.000198311 0.00148495 0.00770017 0.0276579 0.0688805 0.119405 0.146266 0.133689 0.106211 0.0904692 0.0821674 0.06853 0.051309 0.0367009 0.0254396 0.0164314 0.00956365 0.00490777 0.0021681 0.000800074
 3.63074e-11 1.70773e-09 5.56195e-08 1.25436e-06 1.95887e-05 0.000211824 0.00158613 0.00822465 0.0295393 0.0735415 0.127318 0.155174 0.139323 0.105534 0.0840911 0.073798 0.0619479 0.0476778 0.0349549 0.0244055 0.0157504 0.00921325 0.00477831 0.00212565 0.000783636
 3.65221e-11 1.71782e-09 5.59484e-08 1.26178e-06 1.97045e-05 0.000213076 0.00159551 0.00827333 0.0297146 0.0739829 0.128116 0.156305 0.140835 0.107649 0.0866447 0.0756485 0.0617374 0.0453597 0.0319158 0.0219987 0.014327 0.00849088 0.00444405 0.00199014 0.000737855
 3.6547e-11 1.71899e-09 5.59865e-08 1.26264e-06 1.97179e-05 0.000213221 0.00159659 0.00827896 0.0297349 0.0740341 0.128209 0.156439 0.141024 0.107948 0.0871158 0.0762941 0.062442 0.0458342 0.031817 0.0212939 0.0134023 0.00776372 0.0040404 0.00181864 0.000679582
#pred catch len freq
 2.15339e-11 1.01285e-09 3.2988e-08 7.43961e-07 1.1618e-05 0.000125633 0.000940758 0.00487858 0.0175274 0.0436941 0.0760373 0.0945296 0.090892 0.0818056 0.082027 0.0845801 0.0800261 0.0711194 0.0622888 0.0537499 0.0456823 0.0387004 0.0320224 0.0241458 0.0152143
 1.04186e-11 4.90043e-10 1.59604e-08 3.59947e-07 5.62112e-06 6.0786e-05 0.000455208 0.00236134 0.00849387 0.0212755 0.037714 0.0501281 0.0584761 0.0730974 0.0948949 0.108493 0.10562 0.0947033 0.0835015 0.0721765 0.0602832 0.0486649 0.0375049 0.0263537 0.0157357
 8.28308e-12 3.89596e-10 1.26889e-08 2.86167e-07 4.46892e-06 4.83258e-05 0.000361884 0.00187694 0.00674744 0.0168613 0.0296203 0.0381456 0.0409998 0.0462972 0.0595825 0.0770373 0.0941802 0.107819 0.111965 0.104044 0.0884659 0.0703198 0.05191 0.0343687 0.0193442
 3.17152e-11 1.49173e-09 4.85848e-08 1.09571e-06 1.7111e-05 0.000185031 0.00138549 0.00718388 0.0257957 0.0641673 0.110718 0.133199 0.114008 0.0747724 0.0463729 0.0362527 0.0371417 0.0439445 0.0534111 0.0604485 0.0603483 0.0523022 0.0393098 0.0253734 0.013662
 4.22968e-11 1.98944e-09 6.47948e-08 1.46128e-06 2.282e-05 0.000246766 0.00184776 0.00958097 0.0344055 0.085609 0.147881 0.178686 0.155398 0.106858 0.0710157 0.0518665 0.0369118 0.0238932 0.0168917 0.0158677 0.0170787 0.0169672 0.0141647 0.00961039 0.00519549
 3.23368e-11 1.52097e-09 4.95369e-08 1.11718e-06 1.74464e-05 0.000188659 0.00141269 0.00732575 0.0263166 0.0655772 0.113929 0.140737 0.132374 0.112702 0.103862 0.0959232 0.0750128 0.04808 0.0273781 0.0156753 0.010343 0.00830881 0.00695381 0.00502433 0.00285644
 2.97232e-11 1.39804e-09 4.55332e-08 1.02689e-06 1.60363e-05 0.000173411 0.00129851 0.00673361 0.024189 0.0602708 0.104679 0.129171 0.121115 0.102725 0.0957753 0.0933324 0.0826036 0.065254 0.0469105 0.0299388 0.0167779 0.00894813 0.00516224 0.00316778 0.00175659
 3.07152e-11 1.4447e-09 4.70529e-08 1.06116e-06 1.65715e-05 0.000179198 0.00134184 0.00695817 0.0249939 0.0622586 0.108011 0.132714 0.122621 0.100295 0.0893651 0.0849816 0.0752044 0.0613651 0.0480374 0.0352337 0.022937 0.0129052 0.00638113 0.00292385 0.00127569
 3.48454e-11 1.63896e-09 5.338e-08 1.20385e-06 1.87999e-05 0.000203294 0.00152226 0.00789353 0.0283506 0.0705886 0.122249 0.1492 0.134615 0.10336 0.0840912 0.0749155 0.0635435 0.0498825 0.03819 0.0285524 0.0198902 0.0123272 0.00655602 0.00293689 0.00111209
 3.38704e-11 1.5931e-09 5.18862e-08 1.17016e-06 1.82738e-05 0.000197606 0.00147967 0.00767283 0.0275599 0.0686393 0.119006 0.145866 0.133599 0.106676 0.0913413 0.0827958 0.0682108 0.050009 0.0352016 0.02468 0.0167548 0.0105553 0.00589041 0.00277768 0.00106849
 3.52103e-11 1.65613e-09 5.3939e-08 1.21646e-06 1.89967e-05 0.000205423 0.00153821 0.00797626 0.0286484 0.0713374 0.123594 0.151072 0.137035 0.10671 0.0884177 0.0790511 0.0656915 0.0490257 0.0345737 0.0233886 0.0148935 0.00884209 0.00480096 0.00227951 0.000898364
 3.5037e-11 1.64797e-09 5.36734e-08 1.21047e-06 1.89032e-05 0.000204412 0.00153064 0.00793703 0.0285079 0.0709917 0.123024 0.150506 0.136943 0.107487 0.0899533 0.0805966 0.0664399 0.0488816 0.0340811 0.02296 0.014491 0.00836102 0.00434139 0.00197877 0.000763082
 3.64033e-11 1.71223e-09 5.57664e-08 1.25767e-06 1.96403e-05 0.000212383 0.00159032 0.00824643 0.0296181 0.0737451 0.127719 0.15589 0.140686 0.10802 0.0875688 0.0769084 0.0629899 0.0462286 0.0320667 0.0213898 0.0133277 0.00757569 0.00385363 0.00170652 0.000636843
 3.60361e-11 1.69497e-09 5.5204e-08 1.24499e-06 1.94423e-05 0.000210241 0.00157428 0.00816333 0.0293204 0.0730112 0.126498 0.154637 0.140311 0.109278 0.0902888 0.0797993 0.0645935 0.0461516 0.031012 0.0202035 0.0124054 0.00696313 0.0034891 0.00151614 0.000553005
 3.19645e-11 1.50346e-09 4.89666e-08 1.10432e-06 1.72456e-05 0.000186487 0.00139642 0.00724129 0.026012 0.0648063 0.112509 0.138607 0.129205 0.107844 0.0977948 0.091655 0.0762656 0.0555075 0.0376818 0.0243908 0.0146601 0.00801736 0.0039266 0.00167422 0.000599835
 3.34566e-11 1.57364e-09 5.12524e-08 1.15587e-06 1.80506e-05 0.000195192 0.0014616 0.00757908 0.0272229 0.0677985 0.117536 0.144013 0.131754 0.104999 0.0900931 0.0829344 0.0707861 0.0545809 0.0396116 0.0269169 0.0165597 0.00907658 0.00438757 0.00183199 0.000642035
 3.57665e-11 1.68228e-09 5.47909e-08 1.23567e-06 1.92968e-05 0.000208668 0.0015625 0.0081022 0.0291003 0.0724577 0.125502 0.153248 0.138506 0.10679 0.0871681 0.0770936 0.0637473 0.0476702 0.0341395 0.0236991 0.0152846 0.00880112 0.00439594 0.00185624 0.000647098
 3.39986e-11 1.59913e-09 5.20826e-08 1.17459e-06 1.8343e-05 0.000198354 0.00148528 0.00770191 0.0276647 0.0689044 0.119492 0.146588 0.134662 0.10834 0.0936412 0.0851391 0.0697185 0.0501999 0.0341224 0.0226661 0.0143252 0.00831437 0.00427602 0.00187049 0.000670361
 3.28214e-11 1.54376e-09 5.02793e-08 1.13392e-06 1.77079e-05 0.000191486 0.00143385 0.00743529 0.0267076 0.0665264 0.115408 0.141768 0.130851 0.106613 0.0939532 0.0871289 0.0731605 0.0544982 0.0380524 0.0252111 0.0154527 0.00864313 0.00434925 0.00190362 0.000693888
 3.41496e-11 1.60624e-09 5.23141e-08 1.17981e-06 1.84245e-05 0.000199235 0.00149187 0.00773604 0.0277863 0.0691972 0.119932 0.146808 0.133858 0.105703 0.0894355 0.0813032 0.068539 0.0521458 0.0376027 0.0257689 0.0161931 0.00911591 0.00452754 0.00194053 0.000696901
 3.52905e-11 1.6599e-09 5.40618e-08 1.21923e-06 1.904e-05 0.000205891 0.00154171 0.00799443 0.0287137 0.0715003 0.123879 0.151429 0.137388 0.107025 0.0886499 0.0790448 0.0653244 0.0485026 0.0343313 0.0235559 0.0151075 0.00874369 0.00443819 0.00191805 0.000685892
 3.42613e-11 1.61149e-09 5.24852e-08 1.18367e-06 1.84848e-05 0.000199887 0.00149675 0.0077614 0.0278779 0.0694307 0.120373 0.147518 0.13504 0.107686 0.0920777 0.0834716 0.0688332 0.0503031 0.0347274 0.0232185 0.0146221 0.00842855 0.00432312 0.00190133 0.000690464
 3.39303e-11 1.59592e-09 5.1978e-08 1.17223e-06 1.83061e-05 0.000197955 0.00148229 0.0076864 0.0276085 0.0687597 0.119209 0.14609 0.133735 0.106687 0.0914268 0.0834236 0.0697402 0.0520456 0.036596 0.0245296 0.0152316 0.00859896 0.00434019 0.00189896 0.000692951
 3.46608e-11 1.63028e-09 5.30971e-08 1.19747e-06 1.87003e-05 0.000202217 0.0015142 0.00785183 0.0282021 0.0702315 0.121717 0.148957 0.135695 0.106866 0.0899371 0.0810924 0.067425 0.0502348 0.0354727 0.0240447 0.0151192 0.00857984 0.00430525 0.00186092 0.000671779
 3.35039e-11 1.57586e-09 5.13249e-08 1.1575e-06 1.80761e-05 0.000195468 0.00146367 0.00758987 0.0272624 0.0679037 0.117765 0.144512 0.132897 0.107246 0.0932081 0.0854109 0.0708703 0.0521173 0.0362231 0.0243141 0.0152771 0.00871961 0.00440612 0.00191025 0.000687677
 3.26686e-11 1.53658e-09 5.00453e-08 1.12865e-06 1.76254e-05 0.000190595 0.00142718 0.00740067 0.0265831 0.0662148 0.114858 0.141045 0.130038 0.105667 0.0928753 0.0862288 0.0729057 0.0550792 0.0392488 0.0266004 0.016643 0.00942663 0.00474634 0.00206027 0.00074379
 3.37493e-11 1.58741e-09 5.17008e-08 1.16598e-06 1.82085e-05 0.0001969 0.00147439 0.00764539 0.027461 0.0683904 0.118556 0.145228 0.132751 0.105519 0.0900622 0.082229 0.0692912 0.0526261 0.0380154 0.0262956 0.0168068 0.00966038 0.00488846 0.0021197 0.000763742
 3.44484e-11 1.62029e-09 5.27717e-08 1.19013e-06 1.85857e-05 0.000200978 0.00150492 0.00780372 0.0280294 0.0698031 0.120984 0.148107 0.135068 0.106673 0.0901019 0.081352 0.0675616 0.0502636 0.0356042 0.0244442 0.0157295 0.00918525 0.00473057 0.00207921 0.000754733
 3.50874e-11 1.65034e-09 5.37506e-08 1.21221e-06 1.89304e-05 0.000204706 0.00153284 0.00794845 0.0285489 0.0710937 0.1232 0.150717 0.137122 0.107599 0.09001 0.080612 0.0663999 0.0487579 0.0338827 0.0227657 0.0143792 0.008314 0.00428838 0.00190368 0.000699815
#obs catch len freq
 1.94617e-11 9.15383e-10 2.98134e-08 6.72368e-07 1.05e-05 0.000113544 0.000850233 0.00440923 0.0158425 0.0395068 0.0688395 0.086001 0.0840291 0.0783368 0.0815952 0.0862023 0.0833331 0.0762349 0.069142 0.0616399 0.0531385 0.0437267 0.0331764 0.0219439 0.0119272
 2.1493e-11 1.01093e-09 3.29253e-08 7.42548e-07 1.1596e-05 0.000125395 0.000938967 0.00486923 0.017493 0.043599 0.07581 0.0939589 0.0894437 0.0787944 0.0775577 0.0802906 0.0781511 0.0727937 0.0671422 0.0604602 0.0521993 0.0425991 0.0318439 0.0207543 0.0111629
 7.46977e-16 3.52061e-14 1.15594e-12 2.69027e-11 4.71811e-10 7.32197e-09 1.20854e-07 1.9865e-06 2.65277e-05 0.000257558 0.00175502 0.00832096 0.0274516 0.0633915 0.104177 0.1269 0.12474 0.11209 0.10068 0.0905066 0.0788993 0.0647738 0.0482762 0.0311705 0.016581
 1.14896e-11 5.40417e-10 1.7601e-08 3.96947e-07 6.19889e-06 6.70319e-05 0.000501921 0.00260241 0.00934333 0.0232283 0.0399906 0.0477176 0.0397982 0.0252087 0.0202611 0.0357635 0.0701342 0.106809 0.126005 0.123489 0.108629 0.0889043 0.0662403 0.0427018 0.0225992
 5.08922e-11 2.39372e-09 7.7962e-08 1.75824e-06 2.74574e-05 0.000296912 0.00222322 0.0115272 0.0413872 0.102905 0.177243 0.211728 0.176241 0.104094 0.0465427 0.018913 0.00959477 0.0082965 0.0113758 0.0158336 0.018198 0.0170401 0.0132965 0.00865567 0.00457836
 3.00945e-11 1.4155e-09 4.61019e-08 1.03971e-06 1.62367e-05 0.000175578 0.00131476 0.00681821 0.0244984 0.0610941 0.106468 0.133052 0.129959 0.120042 0.119652 0.111912 0.0821077 0.0445417 0.0190885 0.00907227 0.00747748 0.00781311 0.00707388 0.00504376 0.00277872
 3.68251e-11 1.73207e-09 5.64125e-08 1.27224e-06 1.98679e-05 0.000214843 0.00160874 0.0083418 0.0299588 0.0745744 0.129027 0.156888 0.139709 0.103601 0.0806714 0.071957 0.0644402 0.0531918 0.0386317 0.0232065 0.0114825 0.00554286 0.00335111 0.0022678 0.00131278
 2.39769e-11 1.12776e-09 3.67303e-08 8.28362e-07 1.29361e-05 0.000139887 0.00104751 0.00543248 0.0195222 0.0487126 0.0850837 0.107238 0.107657 0.105435 0.112628 0.113646 0.0959309 0.0702233 0.0495948 0.0346356 0.022053 0.0119338 0.00555228 0.00244154 0.0010776
 4.02542e-11 1.89336e-09 6.16656e-08 1.39072e-06 2.1718e-05 0.000234849 0.00175852 0.00911822 0.0327435 0.0814685 0.140698 0.169868 0.147348 0.100886 0.0680779 0.0549545 0.0494004 0.0440117 0.0365536 0.0270294 0.0175989 0.0101487 0.00510174 0.00218166 0.000794642
 3.37846e-11 1.58906e-09 5.17548e-08 1.1672e-06 1.82275e-05 0.000197106 0.00147593 0.00765354 0.0274921 0.068485 0.118837 0.146124 0.135296 0.110881 0.0975515 0.0879255 0.0688335 0.0460475 0.0299201 0.0209127 0.0147605 0.00940258 0.0050826 0.00227264 0.000828649
 3.66777e-11 1.72514e-09 5.61867e-08 1.26715e-06 1.97884e-05 0.000213984 0.0016023 0.00830853 0.0298406 0.074292 0.12862 0.156777 0.140814 0.10678 0.0852555 0.0749432 0.0627799 0.0475713 0.0333847 0.0216913 0.0130506 0.00745655 0.00399722 0.00187774 0.000722046
 3.74781e-11 1.76279e-09 5.74129e-08 1.29481e-06 2.02203e-05 0.000218654 0.00163727 0.00848985 0.0304919 0.0759142 0.131433 0.160225 0.143951 0.109131 0.0866399 0.07465 0.0600547 0.0431991 0.0295601 0.0197056 0.0122757 0.00688708 0.00343748 0.00151008 0.000566671
 3.62567e-11 1.70534e-09 5.55419e-08 1.25261e-06 1.95613e-05 0.000211528 0.00158392 0.00821329 0.0294998 0.0734565 0.127261 0.155531 0.140995 0.109548 0.0902018 0.0795486 0.0643083 0.0458089 0.030534 0.0196265 0.0118777 0.00658988 0.00327025 0.00140642 0.000508017
 3.89002e-11 1.82968e-09 5.95914e-08 1.34394e-06 2.09875e-05 0.00022695 0.00169939 0.00881188 0.0316473 0.0787791 0.136313 0.165798 0.147752 0.109492 0.0839425 0.070814 0.0568802 0.0410813 0.027853 0.0179775 0.0107249 0.00579414 0.00279708 0.00117633 0.000416513
 3.41242e-11 1.60504e-09 5.2275e-08 1.17893e-06 1.84107e-05 0.000199087 0.00149077 0.00773041 0.0277677 0.0691658 0.11998 0.147351 0.13588 0.110344 0.0963778 0.087667 0.0708059 0.049456 0.0321379 0.0202497 0.0120355 0.0065029 0.00311145 0.00128404 0.000444202
 3.04242e-11 1.43101e-09 4.6607e-08 1.05111e-06 1.64146e-05 0.000177501 0.00132914 0.00689243 0.0247598 0.0616943 0.107162 0.132281 0.12416 0.105445 0.0979691 0.0939657 0.0804942 0.0609806 0.04291 0.0280635 0.0165756 0.00875758 0.00411429 0.00167764 0.000573549
 3.4471e-11 1.62135e-09 5.28062e-08 1.19091e-06 1.85978e-05 0.00020111 0.0015059 0.00780872 0.0280463 0.0698336 0.120959 0.147714 0.133566 0.103223 0.0850122 0.0769231 0.0665554 0.0532247 0.0404965 0.0287832 0.0183324 0.0102171 0.00490756 0.00199633 0.000673832
 3.50866e-11 1.65031e-09 5.37494e-08 1.21218e-06 1.893e-05 0.000204702 0.0015328 0.00794825 0.0285482 0.0710898 0.123181 0.150638 0.136865 0.106999 0.0889788 0.0792661 0.065057 0.0479277 0.0340969 0.0240612 0.0160868 0.00964873 0.00497559 0.00213353 0.000741667
 3.17932e-11 1.4954e-09 4.87042e-08 1.0984e-06 1.71531e-05 0.000185488 0.00138894 0.00720246 0.0258724 0.0644558 0.111885 0.137763 0.128186 0.106536 0.0961747 0.0901314 0.075446 0.0556615 0.0386699 0.0259515 0.0164871 0.00970433 0.00512321 0.00230944 0.000847937
 3.36524e-11 1.58285e-09 5.15523e-08 1.16264e-06 1.81562e-05 0.000196334 0.00147015 0.00762339 0.0273817 0.0681887 0.118179 0.144641 0.131821 0.10402 0.0881351 0.0807812 0.0693725 0.0542558 0.040108 0.027829 0.0176077 0.010065 0.0051532 0.00229761 0.000855655
 3.39453e-11 1.59662e-09 5.20009e-08 1.17275e-06 1.83142e-05 0.000198043 0.00148294 0.00768976 0.0276204 0.0687857 0.119231 0.146013 0.133325 0.105654 0.0897113 0.0814166 0.0680948 0.05136 0.0372088 0.0262386 0.0172703 0.0102109 0.00528092 0.00233207 0.00085687
 3.51129e-11 1.65154e-09 5.37896e-08 1.21309e-06 1.89442e-05 0.000204855 0.00153395 0.00795417 0.0285692 0.0711398 0.123251 0.15065 0.136646 0.10639 0.0881318 0.0787917 0.0655369 0.049124 0.0350486 0.0241639 0.0156514 0.00927952 0.00489011 0.00220372 0.000818465
 3.14316e-11 1.47839e-09 4.81502e-08 1.08591e-06 1.6958e-05 0.000183378 0.00137314 0.00712056 0.0255785 0.0637268 0.11064 0.13633 0.127166 0.106325 0.096682 0.0909418 0.0762118 0.0563503 0.0394027 0.0266741 0.0169868 0.00991048 0.00517145 0.00233243 0.000874291
 3.59301e-11 1.68998e-09 5.50414e-08 1.24132e-06 1.93851e-05 0.000209622 0.00156964 0.00813917 0.0292323 0.0727775 0.125997 0.153576 0.13793 0.104602 0.0836449 0.073982 0.0629963 0.0494414 0.0367782 0.0256642 0.0163267 0.00937489 0.00480466 0.00213723 0.000795425
 3.28155e-11 1.54348e-09 5.02702e-08 1.13372e-06 1.77047e-05 0.000191452 0.0014336 0.00743399 0.0267034 0.0665188 0.115416 0.141878 0.131263 0.107509 0.0950854 0.0875644 0.0720128 0.0521673 0.0361307 0.024808 0.0162214 0.00961763 0.00499713 0.00221428 0.000814961
 3.39888e-11 1.59867e-09 5.20676e-08 1.17426e-06 1.83377e-05 0.000198297 0.00148485 0.0076996 0.0276554 0.0688704 0.11936 0.146088 0.133138 0.105033 0.0888682 0.0811041 0.0689835 0.05305 0.0384003 0.0261839 0.0164612 0.00947408 0.00490867 0.00220123 0.000818282
 3.22706e-11 1.51785e-09 4.94355e-08 1.1149e-06 1.74107e-05 0.000188273 0.00140979 0.00731054 0.0262598 0.0654132 0.113493 0.139493 0.128998 0.1056 0.0935986 0.0870371 0.0731918 0.0549531 0.0393618 0.0273043 0.0176415 0.0102692 0.00527009 0.0023282 0.000859161
 3.47227e-11 1.63319e-09 5.31919e-08 1.19961e-06 1.87337e-05 0.000202578 0.0015169 0.00786578 0.0282516 0.0703476 0.12187 0.148922 0.134957 0.104872 0.08683 0.0781643 0.0662241 0.0511215 0.0375278 0.0262184 0.0169249 0.00990133 0.00513538 0.00228452 0.000842209
 3.49886e-11 1.6457e-09 5.35992e-08 1.2088e-06 1.88771e-05 0.00020413 0.00152852 0.00792606 0.0284686 0.070893 0.122849 0.150275 0.136677 0.107155 0.0895067 0.0800504 0.0659019 0.0485578 0.0342106 0.0235965 0.0153722 0.00911125 0.00476892 0.00213565 0.000791804
#spawning biomass
 20560.4 20688.9 16561.7 12054.4 14278.3 25114.9 36009.9 45734.5 55117.8 74004.3 82823.5 111120 131462 140033 162006 139410 137768 137314 125204 123302 135246 154273 174566 174422 169646 181231 168542 162491 151689 142012 192114 137411 90074.1 59929.5 42988.4 34130.9 29703.2 27553.2 26529.1 26047.6 25823.2 25719.3 25671.3 25649.3 25639.1 25634.5 25632.4 25631.4 25631 25630.8 25630.7 25630.7 25630.6 25630.6 25630.6 25630.6 25630.6 25630.6 25630.6 25630.6 25630.6 25630.6 25630.6 25630.6 25630.6 25630.6 25630.6 25630.6 25630.6 25630.6 25630.6 25630.6 25630.6 25630.6 25630.6 25630.6 25630.6 25630.6 25630.6 25630.6 25630.6 25630.6 25630.6 25630.6 25630.6 25630.6 25630.6 25630.6 25630.6 25630.6 25630.6 25630.6 25630.6 25630.6 25630.6 25630.6 25630.6 25630.6 25630.6 25630.6 25630.6 25630.6 25630.6 25630.6 25630.6 25630.6 25630.6 25630.6 25630.6 25630.6 25630.6 25630.6 25630.6 25630.6 25630.6 25630.6 25630.6 25630.6 25630.6 25630.6 25630.6 25630.6 25630.6 25630.6 25630.6 25630.6 25630.6 25630.6 25630.6 0 0 0 0 0 0 0 0 0 0 0 0 0 0 0 0 0 0 0 0 0 0 0 0 0
