SBPRF35
0.256306
Curr Bio
155468
B35
202734
F35
0.411063
FOFL
0.294015
OFL
42781.5
Bzero
73230.3
#pred survey bio
 24170.7 22232.3 17400.9 15508.3 25165.8 37592.9 50481.5 64361.4 83971.4 111256 129095 172273 209176 223211 235530 206802 214226 207081 184590 186260 209882 235334 262743 265741 254122 265084 251414 246891 235951 7.99046e+06 4.47228e+06 3.2948e+06 2.26869e+06 1.59707e+06 1.20785e+06 994945 881205 820536 787718 769524 759121 752976 749233 746889 745387 744416 743779 743357 743076 742888 742761 742676 742619 742580 742554 742536 742524 742516 742511 742507 742504 742503 742502 742501 742500 742500 742500 742499 742499 742499 742499 742499 742499 742499 742499 742499 742499 742499 742499 742499 742499 742499 742499 742499 742499 742499 742499 742499 742499 742499 742499 742499 742499 742499 742499 742499 742499 742499 742499 742499 742499 742499 742499 742499 742499 742499 742499 742499 742499 742499 742499 742499 742499 742499 742499 742499 742499 742499 742499 742499 742499 742499 742499 742499 742499 742499 742499 742499 742499 0 0 0 0 0 0 0 0 0 0 0 0 0 0 0 0 0 0 0 0 0 0 0 0 0
#obs survey bio
 17912.1 17014.3 17073.5 22304 34569.2 35269.9 63609.9 91191.6 76778.6 116361 144162 194904 158738 327192 132425 121879 217945 258425 214130 158328 170978 244289 273969 164824 327041 209024 320247 223604 257154
#pred catch bio
 2831.97 3676.79 3503.73 2448.97 5176.29 7582.48 10880.7 16723.5 22020.1 40646.4 37737 62769.6 91259.5 86258.2 109816 87109.4 95475.7 96095.3 76665.5 70970.5 79496.9 86924.6 111144 117573 97240.5 115113 108289 112541 109420 42781.5 55907.1 40897.9 27086.9 18253.5 13364 10854.3 9623.24 9036.53 8762.23 8635.63 8577.71 8551.37 8539.44 8534.05 8531.62 8530.53 8530.04 8529.82 8529.72 8529.68 8529.66 8529.65 8529.65 8529.64 8529.64 8529.64 8529.64 8529.64 8529.64 8529.64 8529.64 8529.64 8529.64 8529.64 8529.64 8529.64 8529.64 8529.64 8529.64 8529.64 8529.64 8529.64 8529.64 8529.64 8529.64 8529.64 8529.64 8529.64 8529.64 8529.64 8529.64 8529.64 8529.64 8529.64 8529.64 8529.64 8529.64 8529.64 8529.64 8529.64 8529.64 8529.64 8529.64 8529.64 8529.64 8529.64 8529.64 8529.64 8529.64 8529.64 8529.64 8529.64 8529.64 8529.64 8529.64 8529.64 8529.64 8529.64 8529.64 8529.64 8529.64 8529.64 8529.64 8529.64 8529.64 8529.64 8529.64 8529.64 8529.64 8529.64 8529.64 8529.64 8529.64 8529.64 8529.64 8529.64 8529.64 8529.64 8529.64 0 0 0 0 0 0 0 0 0 0 0 0 0 0 0 0 0 0 0 0 0 0 0 0 0
#obs catch bio
 2860.76 3852.85 3746.8 2453.53 5167.61 7412.16 10430.3 15852.5 20953.3 39066.9 34901.5 58761 91823.1 79558.5 117454 91680.6 102276 96123.7 77184.3 72255.6 84316.1 87431.5 114198 124579 91758.9 119216 106285 112774 109527
#pred cpue bio
 22557.1 21233.7 16898.8 14348.1 21475.8 32661.5 44706.2 57143.4 73357.9 97111.3 111887 149333 180380 192103 206357 180969 185646 180115 161448 162394 181949 204468 229031 231126 221536 232461 219781 215015 204706 6.90569e+06 4.21073e+06 3.20012e+06 2.20148e+06 1.53339e+06 1.14458e+06 931726 817991 757323 724506 706311 695908 689763 686020 683676 682174 681203 680566 680144 679863 679675 679548 679463 679406 679367 679341 679323 679311 679303 679298 679294 679291 679290 679289 679288 679287 679287 679287 679287 679286 679286 679286 679286 679286 679286 679286 679286 679286 679286 679286 679286 679286 679286 679286 679286 679286 679286 679286 679286 679286 679286 679286 679286 679286 679286 679286 679286 679286 679286 679286 679286 679286 679286 679286 679286 679286 679286 679286 679286 679286 679286 679286 679286 679286 679286 679286 679286 679286 679286 679286 679286 679286 679286 679286 679286 679286 679286 679286 679286 679286 0 0 0 0 0 0 0 0 0 0 0 0 0 0 0 0 0 0 0 0 0 0 0 0 0
#obs cpue bio
 22882.7 15281.3 12010.2 15053.2 26828.7 41727.7 47229 59479.7 74230.7 117461 146418 156933 172207 242651 167486 233009 143316 193727 123006 161675 149327 239564 197719 270890 325988 180147 225612 219861 187015
#pred surv len freq
 2.50036e-11 1.17605e-09 3.83031e-08 8.63831e-07 1.349e-05 0.000145876 0.00109232 0.00566435 0.0203474 0.0506934 0.0880087 0.108431 0.101146 0.0848324 0.0785008 0.0776762 0.0725532 0.0642683 0.0562839 0.0486451 0.0414429 0.0351911 0.0291682 0.0220156 0.0138791
 1.23271e-11 5.79808e-10 1.8884e-08 4.25882e-07 6.65079e-06 7.19203e-05 0.000538578 0.00279358 0.0100454 0.0251293 0.0443256 0.0579008 0.0645283 0.0756839 0.0943468 0.106037 0.102138 0.0906209 0.0792361 0.0682081 0.0569257 0.0460062 0.0355191 0.0249972 0.0149412
 9.89186e-12 4.65266e-10 1.51534e-08 3.41747e-07 5.33689e-06 5.77116e-05 0.000432162 0.00224131 0.00805535 0.0201103 0.0351962 0.0447105 0.046148 0.0486103 0.0594399 0.0756187 0.0922896 0.105538 0.109051 0.100493 0.0847072 0.0669409 0.0493089 0.0326512 0.018394
 3.49041e-11 1.64172e-09 5.34698e-08 1.20588e-06 1.88315e-05 0.000203635 0.00152479 0.00790611 0.0283882 0.0706085 0.121778 0.146248 0.12433 0.0796105 0.0464302 0.0336548 0.0332834 0.0390865 0.0474032 0.0534348 0.0529856 0.0455462 0.033985 0.0218365 0.0117354
 4.44639e-11 2.09137e-09 6.81145e-08 1.53615e-06 2.39892e-05 0.000259409 0.00194242 0.0100717 0.0361665 0.0899772 0.155335 0.18726 0.161454 0.107989 0.0677517 0.0467796 0.0324314 0.0208045 0.0146318 0.0136707 0.014629 0.0144384 0.0119698 0.00807008 0.00434221
 3.5108e-11 1.65131e-09 5.37822e-08 1.21292e-06 1.89416e-05 0.000204827 0.00153375 0.00795328 0.028568 0.071158 0.123426 0.151532 0.139558 0.112865 0.0976298 0.0870737 0.0673702 0.0431221 0.0245778 0.0140498 0.00919699 0.00730365 0.00605514 0.00434467 0.00245665
 3.25453e-11 1.53078e-09 4.98564e-08 1.12439e-06 1.75589e-05 0.000189875 0.00142179 0.00737269 0.0264821 0.0659581 0.114378 0.140294 0.128853 0.103815 0.0907332 0.0853188 0.074722 0.0589471 0.0424047 0.0270695 0.0151424 0.00802099 0.00456874 0.00276807 0.00152156
 3.34284e-11 1.57231e-09 5.12093e-08 1.1549e-06 1.80354e-05 0.000195027 0.00146036 0.00757261 0.0271987 0.0677278 0.117344 0.143448 0.130193 0.101648 0.0850164 0.0778572 0.0680848 0.0554262 0.0433715 0.0317891 0.020664 0.0115923 0.00569689 0.00258222 0.00111195
 3.7343e-11 1.75643e-09 5.72059e-08 1.29014e-06 2.01473e-05 0.000217865 0.00163136 0.00845911 0.03038 0.0756226 0.130837 0.15907 0.14155 0.104531 0.0799959 0.0683316 0.0571207 0.0446895 0.0341632 0.0254756 0.0176807 0.0109114 0.00577525 0.00257086 0.00096492
 3.60891e-11 1.69746e-09 5.52852e-08 1.24682e-06 1.94709e-05 0.00021055 0.00157659 0.00817527 0.0293626 0.0731097 0.126623 0.154577 0.139576 0.107308 0.0870942 0.076384 0.0622971 0.0456354 0.0321425 0.0224958 0.015201 0.00951675 0.00527642 0.00247238 0.000944808
 3.76111e-11 1.76905e-09 5.76168e-08 1.2994e-06 2.0292e-05 0.00021943 0.00164308 0.00851993 0.0305991 0.0761747 0.131838 0.160502 0.143514 0.107415 0.0838388 0.0720852 0.0591864 0.0441404 0.0311582 0.0210348 0.0133127 0.00783205 0.00421033 0.00198068 0.000774339
 3.72123e-11 1.75029e-09 5.70057e-08 1.28562e-06 2.00768e-05 0.000217103 0.00162566 0.00842962 0.0302753 0.0753743 0.130491 0.159041 0.142782 0.108057 0.0857002 0.0741808 0.0604863 0.0444534 0.0310244 0.0208891 0.0131377 0.00752896 0.00387212 0.00174567 0.000666082
 3.82693e-11 1.8e-09 5.8625e-08 1.32214e-06 2.06471e-05 0.000223269 0.00167183 0.00866899 0.0311342 0.0775044 0.134123 0.163205 0.145673 0.108461 0.0838529 0.0713515 0.0578819 0.0424804 0.0295063 0.0196512 0.0121809 0.00686971 0.00346155 0.00151681 0.000559829
 3.81313e-11 1.79351e-09 5.84135e-08 1.31737e-06 2.05726e-05 0.000222464 0.0016658 0.00863777 0.0310226 0.0772315 0.133685 0.162831 0.145849 0.109638 0.0859163 0.0733829 0.058808 0.0420393 0.0283042 0.0184042 0.0112217 0.0062324 0.00308509 0.00132393 0.000477066
 3.38547e-11 1.59236e-09 5.18623e-08 1.16962e-06 1.82654e-05 0.000197515 0.00147899 0.00766933 0.0275478 0.068614 0.118994 0.146006 0.134225 0.108217 0.093916 0.08591 0.0710269 0.0517244 0.0351674 0.0227375 0.0135943 0.0073649 0.0035624 0.00149796 0.000529264
 3.55215e-11 1.67076e-09 5.44156e-08 1.22721e-06 1.91646e-05 0.000207238 0.0015518 0.00804668 0.0289007 0.071959 0.124627 0.152125 0.137329 0.105614 0.0861711 0.076966 0.0652116 0.0503754 0.0366282 0.0248216 0.0151517 0.00821033 0.00391553 0.00161122 0.000556305
 3.76675e-11 1.7717e-09 5.77031e-08 1.30135e-06 2.03224e-05 0.000219759 0.00164554 0.00853269 0.0306449 0.076288 0.13203 0.160714 0.143633 0.107344 0.0835445 0.0716023 0.0586515 0.0438612 0.0314479 0.0217847 0.01396 0.00795756 0.00392391 0.00163298 0.000560647
 3.59273e-11 1.68985e-09 5.50373e-08 1.24123e-06 1.93836e-05 0.000209606 0.00156953 0.00813867 0.0292317 0.0727897 0.126109 0.154138 0.139784 0.108725 0.0897049 0.0793374 0.0644848 0.0464689 0.0316289 0.0209473 0.0131298 0.00753054 0.0038207 0.0016477 0.000582019
 3.49416e-11 1.64349e-09 5.35273e-08 1.20717e-06 1.88518e-05 0.000203856 0.00152647 0.00791542 0.0284303 0.0707981 0.122686 0.150086 0.136543 0.107169 0.0898144 0.0808978 0.0674031 0.0502403 0.0351143 0.0231896 0.0140885 0.00777354 0.00384864 0.0016566 0.000594298
 3.63339e-11 1.70897e-09 5.56601e-08 1.25527e-06 1.96029e-05 0.000211978 0.00158728 0.00823066 0.029561 0.0735984 0.127433 0.155396 0.139779 0.106407 0.0853647 0.07506 0.0626668 0.0476723 0.0344015 0.023511 0.014667 0.00816203 0.00399342 0.00168246 0.000593622
 3.74139e-11 1.75977e-09 5.73146e-08 1.29259e-06 2.01856e-05 0.000218279 0.00163446 0.00847527 0.0304389 0.0757784 0.131169 0.159767 0.143109 0.10763 0.0845789 0.0728815 0.0596043 0.0442318 0.0313311 0.0214472 0.0136671 0.00783184 0.00392515 0.00167132 0.000588034
 3.64657e-11 1.71517e-09 5.5862e-08 1.25983e-06 1.9674e-05 0.000212747 0.00159304 0.00826057 0.0296689 0.0738715 0.127938 0.156158 0.14093 0.108203 0.0876843 0.0769108 0.0628174 0.0459075 0.0317345 0.0211776 0.0132536 0.00756497 0.00383339 0.00166334 0.000595459
 3.59586e-11 1.69132e-09 5.50853e-08 1.24231e-06 1.94005e-05 0.000209789 0.0015709 0.00814573 0.0292565 0.0728463 0.126172 0.154051 0.139185 0.10723 0.087479 0.0774606 0.0642026 0.0479209 0.0337399 0.0225821 0.0139465 0.00780252 0.00389231 0.00168064 0.000604919
 3.65673e-11 1.71995e-09 5.60177e-08 1.26334e-06 1.97288e-05 0.00021334 0.00159748 0.00828355 0.029751 0.0740725 0.128261 0.156436 0.14081 0.107362 0.0862128 0.0754974 0.062271 0.0464303 0.0328317 0.0222011 0.0138645 0.00778848 0.00386099 0.00164684 0.000586367
 3.57295e-11 1.68054e-09 5.47342e-08 1.23439e-06 1.92768e-05 0.000208452 0.00156089 0.00809385 0.0290706 0.0723872 0.125403 0.153234 0.138836 0.107752 0.0887517 0.0787784 0.0648158 0.047719 0.0332329 0.0222579 0.0138806 0.00783232 0.00390441 0.0016686 0.000592116
 3.47088e-11 1.63254e-09 5.31707e-08 1.19913e-06 1.87262e-05 0.000202497 0.0015163 0.00786268 0.0282408 0.0703256 0.121864 0.149062 0.135554 0.106291 0.0890205 0.0803381 0.0673771 0.050893 0.0362947 0.0245556 0.0152779 0.00857125 0.00426131 0.00182321 0.000648487
 3.5797e-11 1.68372e-09 5.48376e-08 1.23672e-06 1.93132e-05 0.000208846 0.00156383 0.00810908 0.0291247 0.0725163 0.125588 0.153276 0.138293 0.106159 0.0862252 0.0763806 0.0638383 0.048515 0.0350737 0.0241791 0.0153329 0.0087173 0.00435533 0.00186242 0.000661362
 3.63908e-11 1.71165e-09 5.57474e-08 1.25724e-06 1.96336e-05 0.00021231 0.00158977 0.00824359 0.0296076 0.0737167 0.127653 0.155733 0.1403 0.107223 0.0863789 0.0757308 0.0623722 0.0464181 0.032909 0.0225241 0.0143778 0.00829722 0.00421401 0.00182503 0.000652755
 3.69361e-11 1.7373e-09 5.65827e-08 1.27608e-06 1.99279e-05 0.000215492 0.0016136 0.0083671 0.030051 0.0748182 0.129545 0.157966 0.142067 0.108049 0.0863566 0.0751611 0.0614246 0.0451409 0.0314075 0.0210326 0.0131658 0.00751213 0.00381516 0.00166648 0.000602996
#obs surv len freq
 2.3769e-11 1.11798e-09 3.64118e-08 8.21178e-07 1.28239e-05 0.000138673 0.00103839 0.00538467 0.0193429 0.0481916 0.083672 0.103121 0.0963136 0.081104 0.0757462 0.0762788 0.0735594 0.068286 0.0628844 0.0565851 0.0488394 0.0398526 0.0297895 0.0194151 0.0104425
 8.76767e-16 4.13111e-14 1.35481e-12 3.13906e-11 5.42077e-10 8.0896e-09 1.26833e-07 2.02228e-06 2.67243e-05 0.000258718 0.00176161 0.00835051 0.0275467 0.0636039 0.1045 0.127216 0.124903 0.112052 0.100502 0.0902777 0.0786758 0.0645831 0.0481321 0.031077 0.0165312
 1.3029e-11 6.12821e-10 1.99592e-08 4.5013e-07 7.02941e-06 7.60128e-05 0.000569168 0.00295107 0.0105951 0.0263404 0.0453478 0.054102 0.0450544 0.0281326 0.0210824 0.0350016 0.0679185 0.103323 0.121873 0.119427 0.105045 0.0859658 0.0640486 0.0412883 0.021851
 5.18272e-11 2.4377e-09 7.93943e-08 1.79054e-06 2.79619e-05 0.000302367 0.00226406 0.011739 0.0421473 0.104793 0.180481 0.215533 0.179201 0.105374 0.0463946 0.0181165 0.00869972 0.00729273 0.00993316 0.0138143 0.0158754 0.0148649 0.0115991 0.00755067 0.00399386
 3.22453e-11 1.51666e-09 4.93967e-08 1.11402e-06 1.73971e-05 0.000188126 0.00140871 0.00730524 0.0262455 0.0654231 0.113822 0.141353 0.135285 0.119618 0.114018 0.104369 0.0760548 0.0411738 0.0176224 0.00835642 0.00687382 0.00717886 0.00649921 0.00463398 0.00255296
 3.88092e-11 1.8254e-09 5.9452e-08 1.34079e-06 2.09384e-05 0.000226419 0.00169541 0.00879112 0.0315711 0.0785741 0.135853 0.164747 0.145272 0.104629 0.0774741 0.0665215 0.0587123 0.0482506 0.0349871 0.0210025 0.0103884 0.00501346 0.0030305 0.00205069 0.00118708
 2.60074e-11 1.22326e-09 3.98409e-08 8.98514e-07 1.40316e-05 0.000151733 0.00113621 0.0058923 0.021172 0.0528039 0.0920558 0.115213 0.113135 0.10603 0.108758 0.107766 0.0904335 0.0660369 0.0465596 0.0324821 0.0206725 0.0111849 0.00520348 0.00228809 0.00100985
 4.20058e-11 1.97575e-09 6.43488e-08 1.45123e-06 2.2663e-05 0.000245068 0.00183504 0.0095149 0.034167 0.0850012 0.146737 0.176862 0.152445 0.102218 0.0659254 0.0508859 0.0448522 0.0397354 0.0329466 0.0243469 0.015848 0.0091378 0.00459327 0.00196416 0.000715411
 3.55484e-11 1.67203e-09 5.44568e-08 1.22814e-06 1.91792e-05 0.000207396 0.00155298 0.00805295 0.0289252 0.0720378 0.124886 0.153018 0.139944 0.111155 0.0938445 0.0825489 0.0640747 0.0427373 0.0277215 0.0193543 0.0136541 0.00869644 0.00470069 0.00210184 0.000766369
 3.83651e-11 1.80451e-09 5.87717e-08 1.32545e-06 2.06988e-05 0.000223828 0.00167601 0.00869065 0.0312116 0.0776925 0.134418 0.163423 0.145423 0.107395 0.0821897 0.0701158 0.0580777 0.0438499 0.0307266 0.0199491 0.011998 0.00685409 0.00367401 0.00172587 0.000663641
 3.90891e-11 1.83857e-09 5.98808e-08 1.35046e-06 2.10894e-05 0.000228052 0.00170764 0.00885467 0.0318008 0.07916 0.136963 0.166546 0.148276 0.109553 0.0834852 0.0698808 0.0556046 0.0398548 0.0272277 0.0181352 0.0112931 0.00633488 0.00316169 0.0013889 0.000521192
 3.7727e-11 1.7745e-09 5.77942e-08 1.30341e-06 2.03546e-05 0.000220106 0.00164814 0.00854623 0.0306944 0.0764185 0.132307 0.161293 0.14492 0.109883 0.0872435 0.0751089 0.0601867 0.0427508 0.0284588 0.0182797 0.011059 0.00613493 0.00304434 0.00130925 0.000472916
 4.04142e-11 1.90089e-09 6.19107e-08 1.39624e-06 2.18043e-05 0.000235783 0.00176552 0.00915473 0.0328774 0.0818293 0.141511 0.171738 0.151816 0.109885 0.0809639 0.0662956 0.0526354 0.0378741 0.0256384 0.0165349 0.00986067 0.00532645 0.00257115 0.00108129 0.000382859
 3.56301e-11 1.67587e-09 5.4582e-08 1.23096e-06 1.92232e-05 0.000207873 0.00155655 0.00807143 0.0289912 0.0721993 0.125146 0.153242 0.139866 0.11061 0.0932345 0.0830187 0.0665527 0.0463703 0.0300958 0.0189493 0.0112588 0.00608244 0.00291015 0.00120095 0.000415455
 3.21156e-11 1.51057e-09 4.91981e-08 1.10954e-06 1.73271e-05 0.000187369 0.00140302 0.00727546 0.0261341 0.0651026 0.112972 0.138937 0.128761 0.106019 0.094837 0.0890783 0.0757686 0.057261 0.0402437 0.0263023 0.0155306 0.0082044 0.0038542 0.00157155 0.000537275
 3.60327e-11 1.69481e-09 5.51987e-08 1.24487e-06 1.94405e-05 0.000210221 0.00157413 0.0081624 0.0293154 0.0729816 0.126331 0.15389 0.137915 0.103979 0.0824628 0.0727487 0.0623639 0.0497268 0.0377899 0.0268446 0.0170937 0.00952585 0.0045754 0.00186119 0.000628213
 3.66808e-11 1.72529e-09 5.61914e-08 1.26726e-06 1.97901e-05 0.000214002 0.00160244 0.00830925 0.0298434 0.074302 0.128656 0.156908 0.141193 0.107527 0.0860291 0.0747269 0.0607693 0.044633 0.0317082 0.022359 0.0149441 0.00896235 0.00462147 0.00198166 0.00068887
 3.35243e-11 1.57682e-09 5.13561e-08 1.15821e-06 1.80871e-05 0.000195587 0.00146456 0.00759448 0.027279 0.067944 0.11783 0.144568 0.132874 0.107078 0.0929147 0.0851175 0.0706917 0.0520136 0.0360863 0.0241989 0.0153683 0.00904453 0.00477464 0.00215227 0.000790227
 3.54199e-11 1.66598e-09 5.426e-08 1.2237e-06 1.91098e-05 0.000206646 0.00154736 0.00802366 0.0288179 0.0717511 0.124255 0.151619 0.136707 0.104794 0.0851295 0.0759437 0.0645863 0.0503512 0.0371688 0.0257714 0.0163008 0.00931673 0.00476983 0.00212663 0.000791974
 3.56593e-11 1.67724e-09 5.46267e-08 1.23197e-06 1.9239e-05 0.000208043 0.00155782 0.00807792 0.0290131 0.0722399 0.125121 0.152765 0.138013 0.106296 0.0866461 0.0766214 0.0634889 0.0477369 0.0345336 0.0243337 0.0160112 0.00946532 0.00489511 0.00216165 0.000794251
 3.67786e-11 1.72989e-09 5.63414e-08 1.27064e-06 1.98429e-05 0.000214573 0.00160671 0.00833139 0.0299227 0.0744966 0.128974 0.157209 0.14119 0.106988 0.0851093 0.0740785 0.0610157 0.0455882 0.0324787 0.0223753 0.0144881 0.00858871 0.00452585 0.00203954 0.000757481
 3.32049e-11 1.5618e-09 5.08667e-08 1.14717e-06 1.79148e-05 0.000193723 0.0014506 0.00752214 0.0270194 0.0673 0.116731 0.143302 0.131972 0.10689 0.0933571 0.0858244 0.071358 0.0526174 0.0367405 0.0248521 0.0158208 0.00922891 0.00481555 0.00217186 0.0008141
 3.75258e-11 1.76503e-09 5.7486e-08 1.29645e-06 2.0246e-05 0.000218932 0.00163935 0.00850054 0.030529 0.0759939 0.131484 0.15988 0.142351 0.105322 0.0809618 0.0696428 0.0586863 0.0459069 0.0341033 0.0237826 0.0151256 0.00868427 0.00445052 0.00197967 0.000736781
 3.45648e-11 1.62576e-09 5.29499e-08 1.19415e-06 1.86484e-05 0.000201657 0.00151001 0.00783011 0.0281246 0.0700432 0.121422 0.148748 0.135977 0.108009 0.0917286 0.0824673 0.0672525 0.0485782 0.0335947 0.023047 0.0150643 0.00893035 0.00463981 0.00205591 0.000756669
 3.56273e-11 1.67574e-09 5.45777e-08 1.23086e-06 1.92217e-05 0.000207856 0.00155642 0.00807065 0.0289868 0.0721725 0.124992 0.152548 0.137639 0.105689 0.0859879 0.0765303 0.0645093 0.0494639 0.0357581 0.0243664 0.0153141 0.00881286 0.00456587 0.00204747 0.00076112
 3.39912e-11 1.59878e-09 5.20713e-08 1.17434e-06 1.8339e-05 0.000198311 0.00148495 0.00770017 0.0276579 0.0688805 0.119405 0.146266 0.133689 0.106211 0.0904692 0.0821674 0.06853 0.051309 0.0367009 0.0254396 0.0164314 0.00956365 0.00490777 0.0021681 0.000800074
 3.63074e-11 1.70773e-09 5.56195e-08 1.25436e-06 1.95887e-05 0.000211824 0.00158613 0.00822465 0.0295393 0.0735415 0.127318 0.155174 0.139323 0.105534 0.0840911 0.073798 0.0619479 0.0476778 0.0349549 0.0244055 0.0157504 0.00921325 0.00477831 0.00212565 0.000783636
 3.65221e-11 1.71782e-09 5.59484e-08 1.26178e-06 1.97045e-05 0.000213076 0.00159551 0.00827333 0.0297146 0.0739829 0.128116 0.156305 0.140835 0.107649 0.0866447 0.0756485 0.0617374 0.0453597 0.0319158 0.0219987 0.014327 0.00849088 0.00444405 0.00199014 0.000737855
 3.6547e-11 1.71899e-09 5.59865e-08 1.26264e-06 1.97179e-05 0.000213221 0.00159659 0.00827896 0.0297349 0.0740341 0.128209 0.156439 0.141024 0.107948 0.0871158 0.0762941 0.062442 0.0458342 0.031817 0.0212939 0.0134023 0.00776372 0.0040404 0.00181864 0.000679582
#pred catch len freq
 2.16234e-11 1.01706e-09 3.31251e-08 7.47054e-07 1.16663e-05 0.000126156 0.000944667 0.00489881 0.0175995 0.0438682 0.0763017 0.094678 0.0904693 0.080336 0.0795565 0.0819767 0.0783818 0.0708524 0.0630718 0.0550706 0.04719 0.0401994 0.0333706 0.0252031 0.0158922
 1.02194e-11 4.8067e-10 1.56551e-08 3.53063e-07 5.51362e-06 5.96235e-05 0.000446502 0.00231618 0.00833152 0.0208695 0.0369993 0.0492015 0.0574676 0.0719774 0.0936373 0.107386 0.105117 0.0949813 0.0843738 0.0733559 0.0615613 0.0499036 0.038587 0.0271746 0.016247
 8.06664e-12 3.79416e-10 1.23573e-08 2.78689e-07 4.35215e-06 4.70631e-05 0.000352427 0.00182788 0.00657093 0.0164186 0.0288326 0.0370855 0.0397344 0.0447302 0.0578103 0.0757983 0.0943817 0.109492 0.11415 0.105785 0.0895196 0.0709289 0.0523224 0.0346703 0.0195371
 3.12831e-11 1.47141e-09 4.79228e-08 1.08078e-06 1.68779e-05 0.00018251 0.00136661 0.00708599 0.0254441 0.0632922 0.109204 0.131356 0.112364 0.0735651 0.0455222 0.0357746 0.0372799 0.0449091 0.0551236 0.0624806 0.0621246 0.0534833 0.0399433 0.025678 0.0138035
 4.21187e-11 1.98106e-09 6.45219e-08 1.45513e-06 2.27239e-05 0.000245727 0.00183998 0.00954062 0.0342606 0.0852481 0.147256 0.17792 0.154702 0.106319 0.0705981 0.0515846 0.0368626 0.0241383 0.01741 0.0165896 0.017883 0.017686 0.014672 0.00989475 0.00532477
 3.22754e-11 1.51808e-09 4.94429e-08 1.11506e-06 1.74133e-05 0.000188301 0.00141001 0.00731183 0.0262665 0.0654508 0.1137 0.140409 0.131925 0.112055 0.103056 0.0952809 0.0749327 0.0486056 0.0281635 0.0163733 0.0108549 0.00867874 0.00721251 0.0051786 0.00292875
 2.95526e-11 1.39001e-09 4.52719e-08 1.02099e-06 1.59443e-05 0.000172416 0.00129106 0.00669495 0.0240499 0.0599227 0.104064 0.128361 0.120201 0.101674 0.0946438 0.0925778 0.0828066 0.0664503 0.0484899 0.031248 0.0175861 0.00936067 0.00535202 0.00324893 0.00178707
 3.05285e-11 1.43592e-09 4.67669e-08 1.05471e-06 1.64708e-05 0.000178109 0.00133369 0.00691587 0.0248418 0.0618783 0.107341 0.131843 0.121671 0.0992474 0.0882503 0.0841866 0.0752632 0.0623831 0.0495604 0.0366768 0.023968 0.0134877 0.0066419 0.00301479 0.00129934
 3.4606e-11 1.6277e-09 5.30131e-08 1.19558e-06 1.86707e-05 0.000201897 0.0015118 0.00783928 0.0281556 0.0701027 0.121403 0.148147 0.133604 0.10248 0.083346 0.0745155 0.0638158 0.0508643 0.0395191 0.0297891 0.0207973 0.012876 0.00682712 0.00304212 0.00114246
 3.3666e-11 1.58349e-09 5.15732e-08 1.1631e-06 1.81636e-05 0.000196414 0.00147075 0.00762654 0.0273935 0.0682245 0.118282 0.14496 0.132714 0.105876 0.0906396 0.0824095 0.0684605 0.0509211 0.0364142 0.0257729 0.0175271 0.0110104 0.00611541 0.0028681 0.00109653
 3.50317e-11 1.64772e-09 5.36653e-08 1.21029e-06 1.89004e-05 0.000204381 0.0015304 0.00793579 0.0285029 0.0709741 0.122958 0.150262 0.136203 0.105883 0.0876267 0.078588 0.0659473 0.0500174 0.0358557 0.0244748 0.0155928 0.00920981 0.00496238 0.00233727 0.000914274
 3.48437e-11 1.63888e-09 5.33773e-08 1.20379e-06 1.87989e-05 0.000203284 0.00152219 0.00789323 0.0283506 0.0705992 0.12234 0.149651 0.13611 0.106741 0.0893082 0.0802607 0.066717 0.0497911 0.0352641 0.0239984 0.0151872 0.00873442 0.00450142 0.00203174 0.000775703
 3.61834e-11 1.7019e-09 5.54297e-08 1.25008e-06 1.95218e-05 0.0002111 0.00158072 0.00819663 0.0294392 0.0732995 0.126945 0.154939 0.139809 0.107328 0.0870744 0.0767608 0.0634201 0.04721 0.033232 0.0223479 0.0139317 0.00788317 0.00397995 0.00174586 0.000644734
 3.58997e-11 1.68855e-09 5.49951e-08 1.24028e-06 1.93687e-05 0.000209445 0.00156832 0.00813243 0.0292093 0.0727336 0.12601 0.15401 0.139647 0.108585 0.0895999 0.0793864 0.0648099 0.04701 0.0321104 0.0211076 0.0129532 0.00722039 0.00358173 0.00153888 0.00055487
 3.17323e-11 1.49253e-09 4.86109e-08 1.0963e-06 1.71203e-05 0.000185132 0.00138628 0.00718869 0.0258231 0.0643355 0.111692 0.1376 0.128271 0.107096 0.0972502 0.0914882 0.0767393 0.0565939 0.0389682 0.0254342 0.0152929 0.00831285 0.00402902 0.0016961 0.000599636
 3.3243e-11 1.56359e-09 5.09251e-08 1.14849e-06 1.79353e-05 0.000193945 0.00145226 0.00753068 0.027049 0.0673645 0.116778 0.143056 0.130796 0.104097 0.0892865 0.0825388 0.0712179 0.0558218 0.0411121 0.0281047 0.0172446 0.00937417 0.00447956 0.00184552 0.000637622
 3.55682e-11 1.67296e-09 5.44872e-08 1.22882e-06 1.91898e-05 0.000207511 0.00155384 0.00805728 0.0289389 0.0720554 0.124802 0.152378 0.137675 0.106078 0.0865921 0.076842 0.0640991 0.0486281 0.0353347 0.0247083 0.0159178 0.00910032 0.00449504 0.00187249 0.000643237
 3.38534e-11 1.5923e-09 5.18602e-08 1.16958e-06 1.82646e-05 0.000197507 0.00147893 0.00766901 0.0275465 0.0686091 0.118975 0.145929 0.133982 0.10766 0.0929948 0.0847805 0.0699816 0.0510872 0.0352318 0.0235665 0.014858 0.00854943 0.0043455 0.00187585 0.000662943
 3.26516e-11 1.53578e-09 5.00193e-08 1.12806e-06 1.76163e-05 0.000190496 0.00142644 0.00739683 0.0265694 0.0661813 0.114804 0.140999 0.130062 0.105832 0.0932219 0.0867428 0.0735038 0.0555631 0.0393546 0.0262399 0.0160333 0.00887741 0.00440446 0.00189809 0.000681348
 3.39587e-11 1.59726e-09 5.20216e-08 1.17322e-06 1.83215e-05 0.000198121 0.00148353 0.00769279 0.0276308 0.0688093 0.119254 0.145954 0.133003 0.104899 0.0887112 0.0809296 0.0688835 0.0532129 0.0389374 0.0268684 0.0168555 0.00941096 0.00461376 0.0019461 0.000687087
 3.50909e-11 1.65051e-09 5.37559e-08 1.21233e-06 1.89323e-05 0.000204726 0.00153299 0.00794919 0.0285512 0.071095 0.123173 0.150549 0.136538 0.106278 0.0880249 0.0787531 0.0656693 0.0494873 0.0355649 0.0245985 0.0157687 0.00906627 0.00455252 0.00194054 0.000683158
 3.40875e-11 1.60331e-09 5.22188e-08 1.17766e-06 1.83909e-05 0.000198872 0.00148916 0.007722 0.0277363 0.0690772 0.119754 0.146735 0.134245 0.106915 0.0913596 0.0830704 0.0691067 0.0512647 0.0359583 0.0242556 0.0152762 0.00875087 0.00444346 0.00193022 0.000691407
 3.37231e-11 1.58617e-09 5.16606e-08 1.16508e-06 1.81943e-05 0.000196747 0.00147324 0.00763945 0.0274398 0.0683391 0.118476 0.145177 0.132853 0.105912 0.0907819 0.0831306 0.0701144 0.0530815 0.0378746 0.025592 0.0158947 0.00892219 0.00445978 0.00192783 0.000694299
 3.44185e-11 1.61888e-09 5.27259e-08 1.1891e-06 1.85695e-05 0.000200804 0.00150362 0.00779693 0.0280049 0.0697402 0.120864 0.147907 0.134724 0.106096 0.0893839 0.0809319 0.0679227 0.0513587 0.0367977 0.0251175 0.0157716 0.00888775 0.00441417 0.00188479 0.00067148
 3.33619e-11 1.56918e-09 5.11073e-08 1.1526e-06 1.79995e-05 0.00019464 0.00145746 0.00755769 0.0271467 0.0676141 0.117255 0.143846 0.132161 0.106425 0.0923456 0.0848547 0.071067 0.0530965 0.03751 0.0253857 0.0159279 0.00901895 0.00450507 0.00192747 0.000684397
 3.24631e-11 1.52691e-09 4.97304e-08 1.12154e-06 1.75145e-05 0.000189395 0.0014182 0.0073541 0.0264158 0.0657975 0.11413 0.140136 0.129155 0.104882 0.0922111 0.0859156 0.0732702 0.0561226 0.0405496 0.0276883 0.0173207 0.00974867 0.00485604 0.00207994 0.000740229
 3.35646e-11 1.57872e-09 5.14178e-08 1.1596e-06 1.81088e-05 0.000195822 0.00146631 0.00760353 0.0273106 0.0680149 0.117899 0.144398 0.131915 0.10472 0.0893341 0.0818502 0.0696329 0.053686 0.0393285 0.0273631 0.0174446 0.00994865 0.00497967 0.00213163 0.000757392
 3.4279e-11 1.61232e-09 5.25123e-08 1.18428e-06 1.84943e-05 0.00019999 0.00149752 0.00776535 0.0278915 0.069459 0.120383 0.147349 0.134312 0.105963 0.0894659 0.0810273 0.0678714 0.0512107 0.0367855 0.0254147 0.0163111 0.00944172 0.0048037 0.00208244 0.00074521
 3.48839e-11 1.64077e-09 5.34389e-08 1.20518e-06 1.88206e-05 0.000203519 0.00152395 0.00790235 0.0283833 0.0706809 0.122482 0.14983 0.136286 0.106908 0.0894843 0.0804383 0.0668427 0.0497874 0.0350905 0.0237215 0.0149313 0.00854662 0.00434851 0.00190136 0.000688344
#obs catch len freq
 1.94617e-11 9.15383e-10 2.98134e-08 6.72368e-07 1.05e-05 0.000113544 0.000850233 0.00440923 0.0158425 0.0395068 0.0688395 0.086001 0.0840291 0.0783368 0.0815952 0.0862023 0.0833331 0.0762349 0.069142 0.0616399 0.0531385 0.0437267 0.0331764 0.0219439 0.0119272
 2.1493e-11 1.01093e-09 3.29253e-08 7.42548e-07 1.1596e-05 0.000125395 0.000938967 0.00486923 0.017493 0.043599 0.07581 0.0939589 0.0894437 0.0787944 0.0775577 0.0802906 0.0781511 0.0727937 0.0671422 0.0604602 0.0521993 0.0425991 0.0318439 0.0207543 0.0111629
 7.46977e-16 3.52061e-14 1.15594e-12 2.69027e-11 4.71811e-10 7.32197e-09 1.20854e-07 1.9865e-06 2.65277e-05 0.000257558 0.00175502 0.00832096 0.0274516 0.0633915 0.104177 0.1269 0.12474 0.11209 0.10068 0.0905066 0.0788993 0.0647738 0.0482762 0.0311705 0.016581
 1.14896e-11 5.40417e-10 1.7601e-08 3.96947e-07 6.19889e-06 6.70319e-05 0.000501921 0.00260241 0.00934333 0.0232283 0.0399906 0.0477176 0.0397982 0.0252087 0.0202611 0.0357635 0.0701342 0.106809 0.126005 0.123489 0.108629 0.0889043 0.0662403 0.0427018 0.0225992
 5.08922e-11 2.39372e-09 7.7962e-08 1.75824e-06 2.74574e-05 0.000296912 0.00222322 0.0115272 0.0413872 0.102905 0.177243 0.211728 0.176241 0.104094 0.0465427 0.018913 0.00959477 0.0082965 0.0113758 0.0158336 0.018198 0.0170401 0.0132965 0.00865567 0.00457836
 3.00945e-11 1.4155e-09 4.61019e-08 1.03971e-06 1.62367e-05 0.000175578 0.00131476 0.00681821 0.0244984 0.0610941 0.106468 0.133052 0.129959 0.120042 0.119652 0.111912 0.0821077 0.0445417 0.0190885 0.00907227 0.00747748 0.00781311 0.00707388 0.00504376 0.00277872
 3.68251e-11 1.73207e-09 5.64125e-08 1.27224e-06 1.98679e-05 0.000214843 0.00160874 0.0083418 0.0299588 0.0745744 0.129027 0.156888 0.139709 0.103601 0.0806714 0.071957 0.0644402 0.0531918 0.0386317 0.0232065 0.0114825 0.00554286 0.00335111 0.0022678 0.00131278
 2.39769e-11 1.12776e-09 3.67303e-08 8.28362e-07 1.29361e-05 0.000139887 0.00104751 0.00543248 0.0195222 0.0487126 0.0850837 0.107238 0.107657 0.105435 0.112628 0.113646 0.0959309 0.0702233 0.0495948 0.0346356 0.022053 0.0119338 0.00555228 0.00244154 0.0010776
 4.02542e-11 1.89336e-09 6.16656e-08 1.39072e-06 2.1718e-05 0.000234849 0.00175852 0.00911822 0.0327435 0.0814685 0.140698 0.169868 0.147348 0.100886 0.0680779 0.0549545 0.0494004 0.0440117 0.0365536 0.0270294 0.0175989 0.0101487 0.00510174 0.00218166 0.000794642
 3.37846e-11 1.58906e-09 5.17548e-08 1.1672e-06 1.82275e-05 0.000197106 0.00147593 0.00765354 0.0274921 0.068485 0.118837 0.146124 0.135296 0.110881 0.0975515 0.0879255 0.0688335 0.0460475 0.0299201 0.0209127 0.0147605 0.00940258 0.0050826 0.00227264 0.000828649
 3.66777e-11 1.72514e-09 5.61867e-08 1.26715e-06 1.97884e-05 0.000213984 0.0016023 0.00830853 0.0298406 0.074292 0.12862 0.156777 0.140814 0.10678 0.0852555 0.0749432 0.0627799 0.0475713 0.0333847 0.0216913 0.0130506 0.00745655 0.00399722 0.00187774 0.000722046
 3.74781e-11 1.76279e-09 5.74129e-08 1.29481e-06 2.02203e-05 0.000218654 0.00163727 0.00848985 0.0304919 0.0759142 0.131433 0.160225 0.143951 0.109131 0.0866399 0.07465 0.0600547 0.0431991 0.0295601 0.0197056 0.0122757 0.00688708 0.00343748 0.00151008 0.000566671
 3.62567e-11 1.70534e-09 5.55419e-08 1.25261e-06 1.95613e-05 0.000211528 0.00158392 0.00821329 0.0294998 0.0734565 0.127261 0.155531 0.140995 0.109548 0.0902018 0.0795486 0.0643083 0.0458089 0.030534 0.0196265 0.0118777 0.00658988 0.00327025 0.00140642 0.000508017
 3.89002e-11 1.82968e-09 5.95914e-08 1.34394e-06 2.09875e-05 0.00022695 0.00169939 0.00881188 0.0316473 0.0787791 0.136313 0.165798 0.147752 0.109492 0.0839425 0.070814 0.0568802 0.0410813 0.027853 0.0179775 0.0107249 0.00579414 0.00279708 0.00117633 0.000416513
 3.41242e-11 1.60504e-09 5.2275e-08 1.17893e-06 1.84107e-05 0.000199087 0.00149077 0.00773041 0.0277677 0.0691658 0.11998 0.147351 0.13588 0.110344 0.0963778 0.087667 0.0708059 0.049456 0.0321379 0.0202497 0.0120355 0.0065029 0.00311145 0.00128404 0.000444202
 3.04242e-11 1.43101e-09 4.6607e-08 1.05111e-06 1.64146e-05 0.000177501 0.00132914 0.00689243 0.0247598 0.0616943 0.107162 0.132281 0.12416 0.105445 0.0979691 0.0939657 0.0804942 0.0609806 0.04291 0.0280635 0.0165756 0.00875758 0.00411429 0.00167764 0.000573549
 3.4471e-11 1.62135e-09 5.28062e-08 1.19091e-06 1.85978e-05 0.00020111 0.0015059 0.00780872 0.0280463 0.0698336 0.120959 0.147714 0.133566 0.103223 0.0850122 0.0769231 0.0665554 0.0532247 0.0404965 0.0287832 0.0183324 0.0102171 0.00490756 0.00199633 0.000673832
 3.50866e-11 1.65031e-09 5.37494e-08 1.21218e-06 1.893e-05 0.000204702 0.0015328 0.00794825 0.0285482 0.0710898 0.123181 0.150638 0.136865 0.106999 0.0889788 0.0792661 0.065057 0.0479277 0.0340969 0.0240612 0.0160868 0.00964873 0.00497559 0.00213353 0.000741667
 3.17932e-11 1.4954e-09 4.87042e-08 1.0984e-06 1.71531e-05 0.000185488 0.00138894 0.00720246 0.0258724 0.0644558 0.111885 0.137763 0.128186 0.106536 0.0961747 0.0901314 0.075446 0.0556615 0.0386699 0.0259515 0.0164871 0.00970433 0.00512321 0.00230944 0.000847937
 3.36524e-11 1.58285e-09 5.15523e-08 1.16264e-06 1.81562e-05 0.000196334 0.00147015 0.00762339 0.0273817 0.0681887 0.118179 0.144641 0.131821 0.10402 0.0881351 0.0807812 0.0693725 0.0542558 0.040108 0.027829 0.0176077 0.010065 0.0051532 0.00229761 0.000855655
 3.39453e-11 1.59662e-09 5.20009e-08 1.17275e-06 1.83142e-05 0.000198043 0.00148294 0.00768976 0.0276204 0.0687857 0.119231 0.146013 0.133325 0.105654 0.0897113 0.0814166 0.0680948 0.05136 0.0372088 0.0262386 0.0172703 0.0102109 0.00528092 0.00233207 0.00085687
 3.51129e-11 1.65154e-09 5.37896e-08 1.21309e-06 1.89442e-05 0.000204855 0.00153395 0.00795417 0.0285692 0.0711398 0.123251 0.15065 0.136646 0.10639 0.0881318 0.0787917 0.0655369 0.049124 0.0350486 0.0241639 0.0156514 0.00927952 0.00489011 0.00220372 0.000818465
 3.14316e-11 1.47839e-09 4.81502e-08 1.08591e-06 1.6958e-05 0.000183378 0.00137314 0.00712056 0.0255785 0.0637268 0.11064 0.13633 0.127166 0.106325 0.096682 0.0909418 0.0762118 0.0563503 0.0394027 0.0266741 0.0169868 0.00991048 0.00517145 0.00233243 0.000874291
 3.59301e-11 1.68998e-09 5.50414e-08 1.24132e-06 1.93851e-05 0.000209622 0.00156964 0.00813917 0.0292323 0.0727775 0.125997 0.153576 0.13793 0.104602 0.0836449 0.073982 0.0629963 0.0494414 0.0367782 0.0256642 0.0163267 0.00937489 0.00480466 0.00213723 0.000795425
 3.28155e-11 1.54348e-09 5.02702e-08 1.13372e-06 1.77047e-05 0.000191452 0.0014336 0.00743399 0.0267034 0.0665188 0.115416 0.141878 0.131263 0.107509 0.0950854 0.0875644 0.0720128 0.0521673 0.0361307 0.024808 0.0162214 0.00961763 0.00499713 0.00221428 0.000814961
 3.39888e-11 1.59867e-09 5.20676e-08 1.17426e-06 1.83377e-05 0.000198297 0.00148485 0.0076996 0.0276554 0.0688704 0.11936 0.146088 0.133138 0.105033 0.0888682 0.0811041 0.0689835 0.05305 0.0384003 0.0261839 0.0164612 0.00947408 0.00490867 0.00220123 0.000818282
 3.22706e-11 1.51785e-09 4.94355e-08 1.1149e-06 1.74107e-05 0.000188273 0.00140979 0.00731054 0.0262598 0.0654132 0.113493 0.139493 0.128998 0.1056 0.0935986 0.0870371 0.0731918 0.0549531 0.0393618 0.0273043 0.0176415 0.0102692 0.00527009 0.0023282 0.000859161
 3.47227e-11 1.63319e-09 5.31919e-08 1.19961e-06 1.87337e-05 0.000202578 0.0015169 0.00786578 0.0282516 0.0703476 0.12187 0.148922 0.134957 0.104872 0.08683 0.0781643 0.0662241 0.0511215 0.0375278 0.0262184 0.0169249 0.00990133 0.00513538 0.00228452 0.000842209
 3.49886e-11 1.6457e-09 5.35992e-08 1.2088e-06 1.88771e-05 0.00020413 0.00152852 0.00792606 0.0284686 0.070893 0.122849 0.150275 0.136677 0.107155 0.0895067 0.0800504 0.0659019 0.0485578 0.0342106 0.0235965 0.0153722 0.00911125 0.00476892 0.00213565 0.000791804
#spawning biomass
 20476 20710.6 16612.2 12125.6 14449 25473.5 36529.4 46398.4 56008.7 75160 84170.7 112906 133536 142042 164382 141270 139497 138940 126808 125024 137230 156486 177072 176894 171770 183645 170870 165228 155468 147893 197835 141263 91402.2 60036 42729.6 33852.5 29498.3 27423.3 26453.2 26005.5 25800.6 25707.4 25665.3 25646.2 25637.6 25633.8 25632 25631.2 25630.9 25630.7 25630.7 25630.6 25630.6 25630.6 25630.6 25630.6 25630.6 25630.6 25630.6 25630.6 25630.6 25630.6 25630.6 25630.6 25630.6 25630.6 25630.6 25630.6 25630.6 25630.6 25630.6 25630.6 25630.6 25630.6 25630.6 25630.6 25630.6 25630.6 25630.6 25630.6 25630.6 25630.6 25630.6 25630.6 25630.6 25630.6 25630.6 25630.6 25630.6 25630.6 25630.6 25630.6 25630.6 25630.6 25630.6 25630.6 25630.6 25630.6 25630.6 25630.6 25630.6 25630.6 25630.6 25630.6 25630.6 25630.6 25630.6 25630.6 25630.6 25630.6 25630.6 25630.6 25630.6 25630.6 25630.6 25630.6 25630.6 25630.6 25630.6 25630.6 25630.6 25630.6 25630.6 25630.6 25630.6 25630.6 25630.6 25630.6 25630.6 0 0 0 0 0 0 0 0 0 0 0 0 0 0 0 0 0 0 0 0 0 0 0 0 0
