SBPRF35
0.819782
Curr Bio
212610
B35
1.51447e+06
F35
0.233338
FOFL
0
OFL
0
Bzero
234224
#pred survey bio
 25136.5 25723.8 18832 22882.6 42568.5 61001.7 79898.1 108993 145295 167825 195991 215811 235350 253466 266596 282957 265602 261860 265088 238627 253559 268787 264025 242237 303999 318448 281735 255246 5.33246e+06 8.50541e+06 9.44279e+06 9.03506e+06 7.97885e+06 6.74893e+06 5.60513e+06 4.65263e+06 3.90889e+06 3.35106e+06 2.94325e+06 2.64974e+06 2.4403e+06 2.29132e+06 2.18459e+06 2.10549e+06 2.04968e+06 2.00977e+06 1.98084e+06 1.95958e+06 1.94373e+06 1.93177e+06 1.92263e+06 1.91557e+06 1.91006e+06 1.90573e+06 1.9023e+06 1.89957e+06 1.89738e+06 1.89561e+06 1.89419e+06 1.89304e+06 1.8921e+06 1.89134e+06 1.89072e+06 1.89022e+06 1.88981e+06 1.88947e+06 1.8892e+06 1.88897e+06 1.88879e+06 1.88864e+06 1.88852e+06 1.88842e+06 1.88833e+06 1.88827e+06 1.88821e+06 1.88817e+06 1.88813e+06 1.8881e+06 1.88808e+06 1.88806e+06 1.88804e+06 1.88803e+06 1.88801e+06 1.888e+06 1.888e+06 1.88799e+06 1.88799e+06 1.88798e+06 1.88798e+06 1.88798e+06 1.88797e+06 1.88797e+06 1.88797e+06 1.88797e+06 1.88797e+06 1.88797e+06 1.88797e+06 1.88797e+06 1.88797e+06 1.88797e+06 1.88797e+06 1.88796e+06 1.88796e+06 1.88796e+06 1.88796e+06 1.88796e+06 1.88796e+06 1.88796e+06 1.88796e+06 1.88796e+06 1.88796e+06 1.88796e+06 1.88796e+06 1.88796e+06 1.88796e+06 1.88796e+06 1.88796e+06 1.88796e+06 1.88796e+06 1.88796e+06 1.88796e+06 1.88796e+06 1.88796e+06 1.88796e+06 1.88796e+06 1.88796e+06 1.88796e+06 1.88796e+06 0 0 0 0 0 0 0 0 0 0 0 0 0 0 0 0 0 0 0 0 0 0 0 0 0
#obs survey bio
 21514.9 16102.5 19392.1 20527.5 47008.1 54813.3 99852.7 112496 165308 185992 205592 253389 182618 158188 198624 184195 206034 177031 255268 188076 156485 198990 147313 181740 313330 204656 245667 215619
#pred catch bio
 11112.9 16429.7 10150.3 9638.38 27171.4 43179.5 55303.7 74469.3 104797 121007 145158 162360 176655 191327 201075 227243 208986 205109 218729 186506 206302 217740 229468 190912 246688 278986 239689 228535 0 74967.8 83219 78666.4 68353.5 56668.7 45988.9 37242 30539.8 25626.2 22133.1 19704.5 18043.4 16921.2 16167.3 15655.1 15323 15107.7 14968.1 14877.6 14818.9 14780.8 14756.2 14740.2 14729.8 14723.1 14718.7 14715.9 14714.1 14712.9 14712.1 14711.6 14711.3 14711.1 14710.9 14710.9 14710.8 14710.8 14710.7 14710.7 14710.7 14710.7 14710.7 14710.7 14710.7 14710.7 14710.7 14710.7 14710.7 14710.7 14710.7 14710.7 14710.7 14710.7 14710.7 14710.7 14710.7 14710.7 14710.7 14710.7 14710.7 14710.7 14710.7 14710.7 14710.7 14710.7 14710.7 14710.7 14710.7 14710.7 14710.7 14710.7 14710.7 14710.7 14710.7 14710.7 14710.7 14710.7 14710.7 14710.7 14710.7 14710.7 14710.7 14710.7 14710.7 14710.7 14710.7 14710.7 14710.7 14710.7 14710.7 14710.7 14710.7 14710.7 14710.7 14710.7 14710.7 14710.7 14710.7 14710.7 0 0 0 0 0 0 0 0 0 0 0 0 0 0 0 0 0 0 0 0 0 0 0 0 0
#obs catch bio
 13231 17801.2 12495.7 8140.94 22047.1 39248.7 46135.3 62898.7 93814.2 98287.1 120936 135126 162261 186219 201024 232848 213306 193515 197878 172341 191054 215365 216364 179962 207072 259015 220714 197293
#pred cpue bio
 18651.9 21738.6 13589.4 14466.3 23167.3 32597 38548.6 53368.2 74605.3 88037.8 101623 111128 117480 129206 136744 144096 125738 127433 127201 107149 117663 108927 118618 85359.9 119096 133957 99609.5 103685 1.70303e+06 8.31611e+06 9.32076e+06 8.91109e+06 7.85479e+06 6.62487e+06 5.48107e+06 4.52857e+06 3.78482e+06 3.227e+06 2.81918e+06 2.52567e+06 2.31624e+06 2.16726e+06 2.06053e+06 1.98142e+06 1.92562e+06 1.88571e+06 1.85678e+06 1.83552e+06 1.81967e+06 1.80771e+06 1.79857e+06 1.79151e+06 1.786e+06 1.78167e+06 1.77824e+06 1.77551e+06 1.77331e+06 1.77155e+06 1.77013e+06 1.76898e+06 1.76804e+06 1.76728e+06 1.76666e+06 1.76616e+06 1.76575e+06 1.76541e+06 1.76514e+06 1.76491e+06 1.76473e+06 1.76458e+06 1.76446e+06 1.76436e+06 1.76427e+06 1.76421e+06 1.76415e+06 1.76411e+06 1.76407e+06 1.76404e+06 1.76401e+06 1.76399e+06 1.76398e+06 1.76396e+06 1.76395e+06 1.76394e+06 1.76394e+06 1.76393e+06 1.76393e+06 1.76392e+06 1.76392e+06 1.76391e+06 1.76391e+06 1.76391e+06 1.76391e+06 1.76391e+06 1.76391e+06 1.76391e+06 1.76391e+06 1.76391e+06 1.7639e+06 1.7639e+06 1.7639e+06 1.7639e+06 1.7639e+06 1.7639e+06 1.7639e+06 1.7639e+06 1.7639e+06 1.7639e+06 1.7639e+06 1.7639e+06 1.7639e+06 1.7639e+06 1.7639e+06 1.7639e+06 1.7639e+06 1.7639e+06 1.7639e+06 1.7639e+06 1.7639e+06 1.7639e+06 1.7639e+06 1.7639e+06 1.7639e+06 1.7639e+06 1.7639e+06 1.7639e+06 1.7639e+06 1.7639e+06 0 0 0 0 0 0 0 0 0 0 0 0 0 0 0 0 0 0 0 0 0 0 0 0 0
#obs cpue bio
 19562.5 20881.1 12609.9 17395.2 46985.6 55933.2 60371.1 89337.5 110373 186849 204052 206022 187856 201127 201578 223160 144796 241612 225331 164727 263594 154851 287197 133100 253621 277410 160715 221468
#pred surv len freq
 1.26135e-11 1.36907e-09 8.76203e-08 3.30652e-06 7.35744e-05 0.000965342 0.00746939 0.034103 0.0921524 0.149601 0.156417 0.133063 0.122784 0.10779 0.0746231 0.0448797 0.0270158 0.0163384 0.0101195 0.00669204 0.00483877 0.00387823 0.00326755 0.0024839 0.00144017
 8.1789e-12 8.87741e-10 5.68153e-08 2.14404e-06 4.77081e-05 0.000625987 0.00484469 0.0221445 0.060183 0.100481 0.118046 0.133316 0.159105 0.152674 0.106712 0.06264 0.035687 0.0194979 0.010254 0.00546861 0.0031207 0.00201963 0.00147353 0.00105255 0.000604441
 1.26748e-11 1.37573e-09 8.80467e-08 3.32261e-06 7.39324e-05 0.00097004 0.00750575 0.0342692 0.0926038 0.150353 0.157298 0.134107 0.124386 0.110514 0.0787222 0.0491486 0.0292979 0.0158953 0.00784169 0.00365428 0.00166788 0.000807834 0.000452983 0.000277563 0.000150058
 1.46133e-11 1.58613e-09 1.01512e-07 3.83076e-06 8.52394e-05 0.00111839 0.00865334 0.0395028 0.106664 0.172514 0.177345 0.143061 0.122646 0.101483 0.06387 0.0319861 0.0157067 0.00810407 0.00408293 0.00188433 0.00078179 0.00030418 0.000122892 5.61673e-05 2.59459e-05
 1.66016e-11 1.80195e-09 1.15324e-07 4.35198e-06 9.6837e-05 0.00127054 0.00983017 0.0448647 0.121 0.194555 0.194635 0.14323 0.107073 0.0828966 0.0519985 0.0264654 0.012564 0.00561632 0.00234131 0.000965339 0.000386567 0.000140592 4.6319e-05 1.50878e-05 5.16334e-06
 1.61714e-11 1.75525e-09 1.12336e-07 4.2392e-06 9.43275e-05 0.00123763 0.00957576 0.0437099 0.117972 0.19039 0.193767 0.151125 0.122662 0.0954994 0.0523491 0.0176332 0.00353176 0.000417782 2.91499e-05 1.19932e-06 2.90964e-08 4.16223e-10 3.51272e-12 1.80187e-14 1.90149e-16
 1.72726e-11 1.87478e-09 1.19985e-07 4.52787e-06 0.000100751 0.0013219 0.0102275 0.0466789 0.125903 0.202519 0.202968 0.150171 0.112342 0.0837221 0.0453612 0.0152421 0.00305135 0.000360919 2.51819e-05 1.03606e-06 2.51356e-08 3.59558e-10 3.03274e-12 1.50835e-14 4.42326e-17
 1.71258e-11 1.85884e-09 1.18965e-07 4.48939e-06 9.98944e-05 0.00131066 0.0101406 0.046283 0.124845 0.200902 0.201741 0.150298 0.113718 0.0852923 0.0462929 0.0155609 0.0031154 0.000368501 2.57109e-05 1.05783e-06 2.56637e-08 3.67112e-10 3.09645e-12 1.54004e-14 4.51619e-17
 1.66258e-11 1.80457e-09 1.15492e-07 4.35833e-06 9.69783e-05 0.0012724 0.00984472 0.0449351 0.121245 0.195395 0.197564 0.150731 0.118403 0.0906392 0.0494654 0.0166465 0.00333351 0.000394317 2.75124e-05 1.13195e-06 2.74619e-08 3.92835e-10 3.31342e-12 1.64795e-14 4.83263e-17
 1.63861e-11 1.77856e-09 1.13827e-07 4.29549e-06 9.55802e-05 0.00125406 0.00970286 0.0442889 0.119519 0.192756 0.195561 0.150939 0.120649 0.0932026 0.0509863 0.0171669 0.00343807 0.000406693 2.8376e-05 1.16748e-06 2.8324e-08 4.05167e-10 3.41743e-12 1.69968e-14 4.98433e-17
 1.65177e-11 1.79284e-09 1.14742e-07 4.33e-06 9.63479e-05 0.00126413 0.00978076 0.0446437 0.120467 0.194205 0.196661 0.150825 0.119416 0.091795 0.0501512 0.0168811 0.00338065 0.000399897 2.79018e-05 1.14797e-06 2.78506e-08 3.98395e-10 3.36031e-12 1.67128e-14 4.90103e-17
 1.65947e-11 1.80119e-09 1.15276e-07 4.35016e-06 9.67966e-05 0.00127002 0.00982629 0.0448511 0.121021 0.195052 0.197304 0.150758 0.118695 0.0909724 0.049663 0.0167141 0.00334709 0.000395925 2.76246e-05 1.13657e-06 2.75739e-08 3.94437e-10 3.32693e-12 1.65467e-14 4.85234e-17
 1.69282e-11 1.8374e-09 1.17593e-07 4.4376e-06 9.87421e-05 0.00129554 0.0100237 0.0457504 0.123423 0.198726 0.20009 0.150469 0.115569 0.0874051 0.0475465 0.0159899 0.00320158 0.000378702 2.64228e-05 1.08712e-06 2.63742e-08 3.77276e-10 3.18218e-12 1.58268e-14 4.64123e-17
 1.67051e-11 1.81318e-09 1.16043e-07 4.37911e-06 9.74408e-05 0.00127847 0.00989166 0.0451489 0.121816 0.196269 0.198226 0.150663 0.11766 0.0897911 0.0489622 0.0164743 0.00329891 0.000390222 2.72266e-05 1.12019e-06 2.71767e-08 3.88755e-10 3.279e-12 1.63083e-14 4.78244e-17
 1.66375e-11 1.80584e-09 1.15574e-07 4.36139e-06 9.70464e-05 0.0012733 0.00985164 0.0449666 0.121329 0.195524 0.197661 0.150721 0.118294 0.0905143 0.0493913 0.0166211 0.00332841 0.000393713 2.74703e-05 1.13022e-06 2.74199e-08 3.92234e-10 3.30835e-12 1.64543e-14 4.82523e-17
 1.67159e-11 1.81435e-09 1.16118e-07 4.38193e-06 9.75035e-05 0.00127929 0.00989802 0.0451779 0.121893 0.196387 0.198316 0.150653 0.117559 0.0896761 0.0488939 0.0164509 0.00329422 0.000389666 2.71879e-05 1.1186e-06 2.7138e-08 3.88201e-10 3.27433e-12 1.62851e-14 4.77563e-17
 1.74558e-11 1.89465e-09 1.21258e-07 4.57589e-06 0.000101819 0.00133591 0.0103359 0.0471727 0.127222 0.204536 0.204498 0.150012 0.110626 0.0817633 0.044199 0.0148444 0.00297145 0.000351462 2.45219e-05 1.00891e-06 2.44768e-08 3.50135e-10 2.95325e-12 1.46882e-14 4.30733e-17
 1.71874e-11 1.86553e-09 1.19394e-07 4.50555e-06 0.000100254 0.00131538 0.0101771 0.0464493 0.125289 0.201581 0.202256 0.150245 0.11314 0.0846328 0.0459016 0.015427 0.0030885 0.000365316 2.54887e-05 1.04869e-06 2.54419e-08 3.63939e-10 3.06969e-12 1.52673e-14 4.47716e-17
 1.73259e-11 1.88056e-09 1.20356e-07 4.54186e-06 0.000101062 0.00132598 0.0102591 0.0468227 0.126287 0.203106 0.203414 0.150124 0.111842 0.0831516 0.0450227 0.0151263 0.00302808 0.000358165 2.49897e-05 1.02816e-06 2.49438e-08 3.56814e-10 3.00959e-12 1.49684e-14 4.3895e-17
 1.79357e-11 1.94675e-09 1.24592e-07 4.7017e-06 0.000104619 0.00137264 0.01062 0.0484666 0.130678 0.209822 0.208508 0.149596 0.106128 0.0766305 0.0411535 0.0138023 0.00276208 0.00032668 2.27926e-05 9.3776e-07 2.27507e-08 3.25442e-10 2.74498e-12 1.36524e-14 4.00357e-17
 1.76422e-11 1.91489e-09 1.22553e-07 4.62475e-06 0.000102907 0.00135018 0.0104462 0.0476753 0.128564 0.206589 0.206056 0.14985 0.108879 0.0797696 0.0430161 0.0144396 0.00289013 0.000341836 2.38502e-05 9.81274e-07 2.38064e-08 3.40544e-10 2.87236e-12 1.42859e-14 4.18934e-17
 1.87533e-11 2.03549e-09 1.30271e-07 4.91603e-06 0.000109388 0.00143521 0.0111039 0.050671 0.136566 0.218827 0.21534 0.148887 0.0984667 0.0678864 0.0359653 0.012027 0.0024054 0.000284462 1.98466e-05 8.16547e-07 1.981e-08 2.83376e-10 2.39017e-12 1.18877e-14 3.48607e-17
 1.7931e-11 1.94623e-09 1.24559e-07 4.70046e-06 0.000104591 0.00137228 0.0106172 0.0484539 0.130644 0.20977 0.208469 0.1496 0.106173 0.0766811 0.0411835 0.0138125 0.00276414 0.000326924 2.28097e-05 9.3846e-07 2.27677e-08 3.25685e-10 2.74703e-12 1.36626e-14 4.00656e-17
 1.96724e-11 2.13525e-09 1.36656e-07 5.15696e-06 0.000114749 0.00150554 0.0116478 0.0531489 0.143184 0.22895 0.223019 0.14809 0.089854 0.058057 0.0301332 0.0100313 0.00200445 0.000237004 1.65349e-05 6.8029e-07 1.65042e-08 2.36089e-10 1.99132e-12 9.90397e-15 2.90435e-17
 1.89946e-11 2.06169e-09 1.31948e-07 4.97929e-06 0.000110795 0.00145367 0.0112467 0.0513217 0.138304 0.221485 0.217356 0.148678 0.0962051 0.0653052 0.0344338 0.0115029 0.00230011 0.000271999 1.8977e-05 7.80766e-07 1.89419e-08 2.70958e-10 2.28543e-12 1.13668e-14 3.33331e-17
 1.84717e-11 2.00493e-09 1.28315e-07 4.84222e-06 0.000107745 0.00141366 0.0109372 0.0499119 0.134538 0.215726 0.212987 0.149131 0.101105 0.0708975 0.0377519 0.0126383 0.00252823 0.000299 2.08611e-05 8.58288e-07 2.08226e-08 2.97862e-10 2.51235e-12 1.24954e-14 3.66428e-17
 1.96527e-11 2.13311e-09 1.36519e-07 5.1518e-06 0.000114634 0.00150403 0.0116362 0.0530959 0.143043 0.228733 0.222855 0.148107 0.0900384 0.0582675 0.0302581 0.010074 0.00201304 0.00023802 1.66058e-05 6.83208e-07 1.6575e-08 2.37101e-10 1.99986e-12 9.94644e-15 2.9168e-17
 1.87359e-11 2.0336e-09 1.3015e-07 4.91147e-06 0.000109286 0.00143387 0.0110936 0.0506241 0.13644 0.218636 0.215194 0.148902 0.0986297 0.0680724 0.0360757 0.0120647 0.00241299 0.00028536 1.99093e-05 8.19125e-07 1.98725e-08 2.84271e-10 2.39772e-12 1.19252e-14 3.49708e-17
#obs surv len freq
 4.12386e-11 3.82185e-09 2.08848e-07 6.72938e-06 0.000127852 0.00143234 0.00946355 0.0369066 0.0853429 0.119821 0.114098 0.102122 0.109843 0.117103 0.111297 0.0907545 0.0580876 0.0283585 0.0109032 0.00335554 0.000808591 0.000146674 1.91758e-05 1.73628e-06 1.05551e-07
 2.00175e-11 1.78928e-09 9.43046e-08 2.93074e-06 5.37063e-05 0.000580422 0.00370253 0.0140033 0.032138 0.0498183 0.0710067 0.114365 0.161775 0.174013 0.153217 0.114183 0.0668609 0.0298194 0.0105688 0.00305681 0.000698609 0.000119626 1.46657e-05 1.24111e-06 7.03363e-08
 1.43935e-10 1.23875e-08 6.28622e-07 1.88097e-05 0.000331865 0.00345247 0.0211787 0.0766177 0.163583 0.206949 0.158643 0.0836295 0.0507378 0.0564305 0.067648 0.0587936 0.0338084 0.0132114 0.00384187 0.000912683 0.000179986 2.78324e-05 3.15061e-06 2.47651e-07 1.30282e-08
 1.41679e-10 1.17211e-08 5.71768e-07 1.6446e-05 0.000278927 0.00278958 0.0164564 0.0573543 0.119085 0.153616 0.146162 0.143793 0.146124 0.112405 0.0598139 0.0253496 0.0105727 0.00430257 0.00144454 0.00036048 6.51939e-05 8.62592e-06 8.36221e-07 5.78795e-08 2.74676e-09
 1.88555e-10 1.49721e-08 7.00994e-07 1.93524e-05 0.000315025 0.0030239 0.01712 0.0572415 0.113788 0.13917 0.121649 0.109129 0.115796 0.116319 0.0997908 0.0662821 0.0299541 0.00859324 0.00157747 0.000205079 2.28373e-05 2.36707e-06 2.00252e-07 1.21371e-08 4.99799e-10
 3.23251e-10 2.46003e-08 1.10389e-06 2.92079e-05 0.000455686 0.00419219 0.0227471 0.0728868 0.138794 0.162246 0.134204 0.111481 0.10776 0.096839 0.0742718 0.0459588 0.020494 0.00617585 0.00126354 0.000180849 1.83935e-05 1.33548e-06 7.11735e-08 2.91763e-09 9.22059e-11
 4.18805e-10 3.05054e-08 1.31017e-06 3.31793e-05 0.000495452 0.00436275 0.0226623 0.0695795 0.127554 0.146812 0.129185 0.123212 0.125175 0.107602 0.0762849 0.0434036 0.0177599 0.00485744 0.000891837 0.000115951 1.12158e-05 8.05789e-07 4.12746e-08 1.45094e-09 3.4432e-11
 5.99104e-10 4.17136e-08 1.71254e-06 4.14565e-05 0.000591751 0.00498097 0.0247341 0.0726131 0.127439 0.141227 0.121959 0.116961 0.121331 0.110175 0.0835161 0.0487544 0.0195594 0.00511557 0.000883954 0.000106179 9.30246e-06 6.00588e-07 2.79596e-08 9.12447e-10 2.03363e-11
 7.96032e-10 5.29173e-08 2.07421e-06 4.79398e-05 0.000653339 0.00525085 0.0249018 0.0699043 0.118043 0.12943 0.119385 0.125921 0.132738 0.117247 0.0853984 0.0475718 0.018154 0.00451693 0.00074338 8.49303e-05 7.02277e-06 4.21939e-07 1.79884e-08 5.30839e-10 1.06453e-11
 1.29028e-09 8.18002e-08 3.05783e-06 6.74002e-05 0.000876005 0.00671425 0.0303654 0.0812688 0.130665 0.135612 0.11687 0.116478 0.121741 0.110873 0.0826504 0.0451873 0.016304 0.00372303 0.000544537 5.3571e-05 3.77222e-06 1.96825e-07 7.51165e-09 2.02219e-10 3.71485e-12
 1.81005e-09 1.09323e-07 3.89329e-06 8.1755e-05 0.00101231 0.00739247 0.0318637 0.0814129 0.126002 0.130376 0.121097 0.129325 0.131395 0.110475 0.0754434 0.0381698 0.0128289 0.00272171 0.000365142 3.21596e-05 1.96503e-06 8.6816e-08 2.78235e-09 6.32667e-11 9.96623e-13
 2.81122e-09 1.61599e-07 5.47732e-06 0.000109468 0.00129007 0.00896634 0.0367846 0.0894708 0.131922 0.130458 0.116899 0.122428 0.125341 0.108772 0.0755024 0.0373837 0.0119678 0.00238005 0.000294922 2.35253e-05 1.27217e-06 4.88572e-08 1.34945e-09 2.63e-11 3.52736e-13
 3.90156e-09 2.13259e-07 6.8733e-06 0.000130622 0.00146378 0.00967514 0.0377659 0.0876156 0.124695 0.124618 0.121668 0.134188 0.133462 0.109048 0.0708463 0.0328756 0.00987292 0.00183906 0.000212402 1.56409e-05 7.69762e-07 2.6502e-08 6.48825e-10 1.11172e-11 1.30099e-13
 4.68289e-09 2.43189e-07 7.44666e-06 0.000134454 0.00143158 0.00899195 0.033385 0.0740066 0.102814 0.107953 0.120554 0.144645 0.149276 0.125739 0.0818958 0.0367421 0.0104188 0.00180274 0.00018967 1.23499e-05 5.1668e-07 1.46404e-08 2.94071e-10 4.23289e-12 4.27248e-14
 8.55895e-09 4.21965e-07 1.22665e-05 0.000210261 0.00212528 0.0126714 0.0446341 0.0936203 0.121534 0.114513 0.111638 0.126381 0.133689 0.1175 0.0770676 0.0336034 0.00912374 0.00151227 0.000154185 9.93663e-06 4.21658e-07 1.22285e-08 2.4494e-10 3.32909e-12 2.99874e-14
 1.20116e-08 5.61806e-07 1.54938e-05 0.000251958 0.00241624 0.0136714 0.0457568 0.0917513 0.117034 0.11773 0.1291 0.145685 0.137694 0.105275 0.061604 0.024677 0.0062578 0.000977726 9.47503e-05 5.86717e-06 2.4238e-07 6.92118e-09 1.3734e-10 1.85376e-12 1.65933e-14
 1.75549e-08 7.7848e-07 2.03557e-05 0.000313852 0.00285372 0.0153106 0.048608 0.0926214 0.113145 0.111561 0.122936 0.141559 0.140356 0.11236 0.0659134 0.0254176 0.00606372 0.000877528 7.73722e-05 4.25117e-06 1.51529e-07 3.68118e-09 6.30693e-11 7.6124e-13 6.30834e-15
 2.91606e-08 1.22544e-06 3.03652e-05 0.000443672 0.00382296 0.0194383 0.0585013 0.105799 0.123255 0.117235 0.124965 0.137679 0.129963 0.0987283 0.0548167 0.0200445 0.00457264 0.000644033 5.69756e-05 3.27681e-06 1.26997e-07 3.36669e-09 6.02146e-11 7.08548e-13 5.39383e-15
 3.85634e-08 1.53509e-06 3.60318e-05 0.000498707 0.00407095 0.019618 0.0560778 0.0973031 0.113313 0.117776 0.137426 0.150642 0.135061 0.0963681 0.0502276 0.017294 0.00373685 0.000503729 4.33682e-05 2.48055e-06 9.75266e-08 2.65305e-09 4.89578e-11 5.97446e-13 4.7355e-15
 6.09047e-08 2.2958e-06 5.10281e-05 0.000668795 0.00516975 0.0235918 0.0638628 0.104947 0.11579 0.11454 0.129865 0.143473 0.133026 0.0964136 0.0490039 0.0159655 0.00320322 0.000393993 3.02892e-05 1.513e-06 5.15296e-08 1.23682e-09 2.08904e-11 2.41909e-13 1.8665e-15
 8.73517e-08 3.11729e-06 6.5596e-05 0.000813945 0.00595732 0.0257537 0.0662007 0.104444 0.115161 0.121205 0.141538 0.149303 0.128134 0.0857825 0.0405848 0.0124039 0.00235255 0.000276318 2.05596e-05 1.00613e-06 3.35421e-08 7.70793e-10 1.20417e-11 1.25251e-13 8.56025e-16
 1.30696e-07 4.41497e-06 8.79403e-05 0.00103293 0.0071567 0.0292948 0.07138 0.107262 0.114555 0.11985 0.139562 0.147352 0.127175 0.0839554 0.038132 0.0110098 0.00195857 0.000215051 1.49311e-05 6.81844e-07 2.12876e-08 4.61531e-10 6.85862e-12 6.81716e-14 4.44234e-16
 2.06003e-07 6.58673e-06 0.000124183 0.00138064 0.00905495 0.035095 0.0810704 0.116121 0.12027 0.12433 0.140825 0.142049 0.116322 0.0724538 0.0309382 0.00839539 0.00140714 0.000146318 9.69033e-06 4.24834e-07 1.27388e-08 2.63218e-10 3.68667e-12 3.42469e-14 2.07843e-16
 2.7614e-07 8.35711e-06 0.000149136 0.00156948 0.00974559 0.035797 0.0787338 0.109538 0.116968 0.1309 0.151304 0.147596 0.114924 0.0675478 0.0271062 0.00690779 0.00108943 0.000107044 6.74051e-06 2.82729e-07 8.13486e-09 1.61015e-10 2.15155e-12 1.89893e-14 1.09046e-16
 3.38642e-07 9.70115e-06 0.000163875 0.00163259 0.00959966 0.0334404 0.0702342 0.095973 0.108204 0.132653 0.159512 0.158304 0.124095 0.0713656 0.0272656 0.00650623 0.000949676 8.52633e-05 4.82667e-06 1.79172e-07 4.5398e-09 8.00295e-11 9.71814e-13 7.93521e-15 4.26217e-17
 5.4735e-07 1.48437e-05 0.000237368 0.0022386 0.0124605 0.041082 0.0815891 0.105014 0.110684 0.128206 0.15112 0.15125 0.118886 0.0666413 0.0242798 0.00547497 0.000754453 6.41789e-05 3.46171e-06 1.22814e-07 2.95602e-09 4.86581e-11 5.39951e-13 3.9597e-15 1.89344e-17
 6.55218e-07 1.68233e-05 0.000254715 0.00227479 0.0119992 0.0376194 0.0721401 0.0948983 0.113638 0.146765 0.169828 0.156456 0.112016 0.0577806 0.0195851 0.00414074 0.000538847 4.36868e-05 2.27198e-06 7.85408e-08 1.84821e-09 2.95682e-11 3.15508e-13 2.201e-15 9.91047e-18
 7.71686e-07 1.87616e-05 0.000268986 0.00227503 0.0113715 0.0338712 0.0624109 0.082009 0.104138 0.142844 0.174163 0.170561 0.126368 0.0642921 0.0207693 0.00410684 0.000493296 3.63888e-05 1.69243e-06 5.15596e-08 1.0677e-09 1.52745e-11 1.49336e-13 9.74625e-16 4.15638e-18
#pred catch len freq
 4.29539e-13 4.66224e-11 2.98388e-09 1.12611e-07 2.50676e-06 3.2958e-05 0.00025769 0.00123887 0.00420319 0.0137241 0.0466004 0.121389 0.202026 0.211007 0.151622 0.0918672 0.0553957 0.0335148 0.0207583 0.0137271 0.00992543 0.00795512 0.00670247 0.00509503 0.00295411
 2.54724e-13 2.7648e-11 1.76952e-09 6.67857e-08 1.48715e-06 1.9585e-05 0.000154411 0.000771845 0.00300323 0.0122762 0.0474203 0.127969 0.214371 0.223444 0.158799 0.0935055 0.0533032 0.029125 0.0153161 0.00816793 0.00466099 0.00301646 0.00220082 0.00157205 0.000902772
 5.32028e-13 5.77467e-11 3.69583e-09 1.39478e-07 3.10459e-06 4.08025e-05 0.000318409 0.00151661 0.00496071 0.0150112 0.0482246 0.123584 0.205585 0.216884 0.160172 0.100633 0.0600451 0.0325803 0.0160722 0.00748938 0.00341822 0.00165559 0.000928353 0.000568844 0.000307531
 6.4779e-13 7.03116e-11 4.49998e-09 1.69826e-07 3.78002e-06 4.96745e-05 0.000387453 0.00184107 0.00596403 0.0176584 0.0557103 0.141487 0.232276 0.235323 0.154865 0.0782519 0.0385032 0.0198762 0.0100144 0.00462163 0.00191744 0.000746035 0.000301405 0.000137756 6.36352e-05
 7.64945e-12 8.30275e-10 5.31375e-08 2.00525e-06 4.462e-05 0.000585478 0.00453158 0.0207228 0.0564496 0.0952915 0.116677 0.142278 0.177577 0.16937 0.111562 0.057217 0.0271493 0.0121254 0.00505298 0.00208313 0.000834151 0.000303372 9.99478e-05 3.25567e-05 1.11415e-05
 1.03028e-11 1.11827e-09 7.1569e-08 2.7008e-06 6.00967e-05 0.000788534 0.00610243 0.0278876 0.0757103 0.125754 0.144732 0.156214 0.177656 0.158263 0.0895888 0.030376 0.00609191 0.000720814 5.02957e-05 2.06936e-06 5.02041e-08 7.18169e-10 6.06097e-12 3.10845e-14 3.26666e-16
 1.21061e-11 1.314e-09 8.40956e-08 3.17351e-06 7.0615e-05 0.000926529 0.0071697 0.0327494 0.0886965 0.145615 0.159799 0.15465 0.160758 0.138977 0.0781459 0.0264605 0.00530523 0.0006277 4.37981e-05 1.80202e-06 4.37182e-08 6.25377e-10 5.27482e-12 2.62347e-14 7.69335e-17
 1.15311e-11 1.25159e-09 8.01019e-08 3.0228e-06 6.72616e-05 0.000882534 0.00682944 0.0311994 0.0845563 0.139283 0.154996 0.155149 0.166145 0.145125 0.081794 0.0277088 0.00555604 0.000657386 4.58697e-05 1.88725e-06 4.5786e-08 6.54957e-10 5.52431e-12 2.74756e-14 8.05723e-17
 1.16386e-11 1.26325e-09 8.0848e-08 3.05096e-06 6.78881e-05 0.000890754 0.00689301 0.031489 0.0853298 0.140466 0.155893 0.155056 0.165138 0.143977 0.0811125 0.0274756 0.00550918 0.00065184 4.54826e-05 1.87132e-06 4.53997e-08 6.4943e-10 5.4777e-12 2.72437e-14 7.98925e-17
 1.11604e-11 1.21136e-09 7.75267e-08 2.92562e-06 6.50992e-05 0.000854165 0.00661003 0.0301999 0.0818866 0.1352 0.151898 0.15547 0.169619 0.14909 0.0841465 0.0285138 0.00571776 0.000676529 4.72055e-05 1.94221e-06 4.71194e-08 6.74031e-10 5.6852e-12 2.82757e-14 8.29188e-17
 1.19746e-11 1.29972e-09 8.31822e-08 3.13904e-06 6.9848e-05 0.000916467 0.00709188 0.0323949 0.0877495 0.144167 0.158701 0.154764 0.16199 0.140383 0.0789803 0.026746 0.00536259 0.000634489 4.42719e-05 1.82151e-06 4.41911e-08 6.32143e-10 5.33189e-12 2.65185e-14 7.77658e-17
 1.24207e-11 1.34814e-09 8.6281e-08 3.25598e-06 7.24501e-05 0.000950604 0.0073559 0.0335976 0.0909621 0.14908 0.162428 0.154377 0.157809 0.135612 0.0761495 0.0257773 0.00516799 0.000611454 4.26645e-05 1.75537e-06 4.25867e-08 6.09191e-10 5.1383e-12 2.55557e-14 7.49422e-17
 1.29701e-11 1.40778e-09 9.00977e-08 3.40001e-06 7.56548e-05 0.000992649 0.00768108 0.0350789 0.0949187 0.155132 0.167019 0.153901 0.152661 0.129736 0.0726631 0.0245843 0.0049283 0.000583084 4.06848e-05 1.67392e-06 4.06105e-08 5.80922e-10 4.89986e-12 2.43698e-14 7.14647e-17
 1.26791e-11 1.3762e-09 8.80764e-08 3.32373e-06 7.39576e-05 0.000970383 0.00750887 0.0342945 0.0928233 0.151927 0.164587 0.154153 0.155387 0.132848 0.0745095 0.0252161 0.00505523 0.000598109 4.17332e-05 1.71706e-06 4.16571e-08 5.95893e-10 5.02614e-12 2.49978e-14 7.33064e-17
 1.25447e-11 1.36161e-09 8.7143e-08 3.28851e-06 7.31738e-05 0.000960099 0.00742934 0.0339322 0.0918556 0.150447 0.163465 0.15427 0.156647 0.134285 0.0753622 0.0255079 0.00511386 0.000605047 4.22174e-05 1.73698e-06 4.21404e-08 6.02807e-10 5.08445e-12 2.52879e-14 7.41569e-17
 1.37716e-11 1.49478e-09 9.56656e-08 3.61013e-06 8.03301e-05 0.00105399 0.00815547 0.03724 0.100691 0.16396 0.173716 0.153206 0.14515 0.121164 0.0675768 0.0228439 0.00457863 0.000541695 3.77967e-05 1.55509e-06 3.77276e-08 5.39683e-10 4.55202e-12 2.26398e-14 6.63915e-17
 1.46101e-11 1.58579e-09 1.0149e-07 3.82992e-06 8.52208e-05 0.00111815 0.00865172 0.0395006 0.106729 0.173195 0.180722 0.152479 0.137292 0.112197 0.0622563 0.0210233 0.00421285 0.0004984 3.47755e-05 1.43079e-06 3.47119e-08 4.96544e-10 4.18816e-12 2.08301e-14 6.10845e-17
 1.41162e-11 1.53218e-09 9.80592e-08 3.70045e-06 8.234e-05 0.00108035 0.00835941 0.038169 0.103172 0.167755 0.176595 0.152907 0.141921 0.117479 0.0653903 0.0220957 0.00442831 0.000523903 3.65551e-05 1.50401e-06 3.64883e-08 5.21955e-10 4.40249e-12 2.18961e-14 6.42106e-17
 1.50819e-11 1.63699e-09 1.04767e-07 3.95359e-06 8.79726e-05 0.00115425 0.00893094 0.0407725 0.110126 0.178391 0.184663 0.15207 0.132871 0.107151 0.0592626 0.0199989 0.00400705 0.00047404 3.30756e-05 1.36084e-06 3.3015e-08 4.72271e-10 3.98343e-12 1.98119e-14 5.80985e-17
 1.52714e-11 1.65756e-09 1.06084e-07 4.00327e-06 8.90779e-05 0.00116875 0.00904309 0.0412834 0.111491 0.180478 0.186247 0.151906 0.131096 0.105125 0.0580601 0.0195875 0.00392438 0.000464255 3.23928e-05 1.33275e-06 3.23335e-08 4.62521e-10 3.90119e-12 1.94029e-14 5.68991e-17
 1.5354e-11 1.66653e-09 1.06657e-07 4.02492e-06 8.95597e-05 0.00117507 0.00909198 0.0415061 0.112086 0.181387 0.186937 0.151834 0.130322 0.104241 0.057536 0.0194081 0.00388835 0.00045999 3.20952e-05 1.32051e-06 3.20364e-08 4.58272e-10 3.86535e-12 1.92246e-14 5.63763e-17
 1.69141e-11 1.83587e-09 1.17495e-07 4.43391e-06 9.866e-05 0.00129447 0.0100154 0.0457125 0.123321 0.198571 0.199973 0.150481 0.115701 0.0875557 0.0476358 0.0160204 0.00320772 0.000379428 2.64735e-05 1.08921e-06 2.64249e-08 3.78e-10 3.18829e-12 1.58572e-14 4.65014e-17
 1.65365e-11 1.79488e-09 1.14872e-07 4.3349e-06 9.64571e-05 0.00126556 0.00979184 0.0446942 0.120602 0.194411 0.196817 0.150809 0.11924 0.0915948 0.0500324 0.0168405 0.00337248 0.00039893 2.78343e-05 1.1452e-06 2.77832e-08 3.97432e-10 3.35219e-12 1.66724e-14 4.88918e-17
 1.79921e-11 1.95287e-09 1.24984e-07 4.71649e-06 0.000104948 0.00137696 0.0106534 0.0486188 0.131084 0.210444 0.20898 0.149547 0.1056 0.076027 0.0407954 0.0136797 0.00273746 0.000323766 2.25893e-05 9.29393e-07 2.25477e-08 3.22538e-10 2.72049e-12 1.35305e-14 3.96784e-17
 1.72755e-11 1.87509e-09 1.20005e-07 4.52863e-06 0.000100768 0.00132212 0.0102292 0.0466867 0.125923 0.202551 0.202992 0.150168 0.112315 0.0836912 0.0453429 0.0152358 0.00305009 0.00036077 2.51715e-05 1.03564e-06 2.51252e-08 3.59409e-10 3.03148e-12 1.50773e-14 4.42143e-17
 1.73057e-11 1.87837e-09 1.20215e-07 4.53656e-06 0.000100944 0.00132443 0.0102471 0.0467682 0.126141 0.202884 0.203245 0.150142 0.112032 0.0833679 0.045151 0.0151702 0.0030369 0.000359209 2.50626e-05 1.03115e-06 2.50165e-08 3.57854e-10 3.01836e-12 1.50121e-14 4.4023e-17
 1.85653e-11 2.01509e-09 1.28965e-07 4.86674e-06 0.000108291 0.00142082 0.0109926 0.0501642 0.135212 0.216757 0.213769 0.14905 0.100228 0.069897 0.0371582 0.0124352 0.00248741 0.000294169 2.0524e-05 8.44418e-07 2.04861e-08 2.93048e-10 2.47175e-12 1.22934e-14 3.60506e-17
 1.7828e-11 1.93505e-09 1.23843e-07 4.67346e-06 0.00010399 0.0013644 0.0105562 0.0481762 0.129902 0.208636 0.207608 0.149689 0.107138 0.0777826 0.0418371 0.0140362 0.00280907 0.000332242 2.31808e-05 9.53729e-07 2.31381e-08 3.30984e-10 2.79173e-12 1.38849e-14 4.07174e-17
#obs catch len freq
 2.84296e-11 2.63476e-09 1.43979e-07 4.6392e-06 8.81413e-05 0.000987486 0.00652558 0.0254739 0.0592133 0.0853572 0.0905609 0.101514 0.127348 0.141436 0.134773 0.108635 0.0680779 0.0325173 0.012438 0.00389124 0.000957053 0.000175539 2.30865e-05 2.11241e-06 1.30806e-07
 5.02859e-11 4.49483e-09 2.36902e-07 7.36225e-06 0.00013491 0.00145776 0.00929038 0.0349625 0.078185 0.10732 0.104371 0.102538 0.117749 0.126516 0.119229 0.0954688 0.0596341 0.028409 0.0106552 0.00318559 0.000740768 0.000128711 1.60046e-05 1.36996e-06 7.83386e-08
 2.4443e-11 2.10364e-09 1.06753e-07 3.1943e-06 5.63612e-05 0.000586524 0.00360399 0.0131544 0.0294084 0.0460915 0.070633 0.119304 0.167721 0.177435 0.154084 0.112614 0.0642667 0.0279463 0.00966708 0.00271657 0.000598434 9.8008e-05 1.14141e-05 9.1223e-07 4.85846e-08
 1.73186e-18 7.61296e-16 1.97326e-13 3.01582e-11 2.71788e-09 1.44443e-07 4.52813e-06 8.38045e-05 0.000918142 0.00600463 0.0240362 0.0628959 0.121637 0.191482 0.232957 0.195719 0.108397 0.0409817 0.0116009 0.0026846 0.000512015 7.58304e-05 8.15278e-06 6.04751e-07 2.98742e-08
 1.57021e-10 1.24682e-08 5.83762e-07 1.6116e-05 0.000262347 0.00251846 0.0142651 0.0478135 0.0962675 0.125138 0.134445 0.159275 0.173002 0.131457 0.0682866 0.0286262 0.0118888 0.00474986 0.00154398 0.000370652 6.43106e-05 8.13809e-06 7.50413e-07 4.90764e-08 2.18769e-09
 2.70228e-10 2.0565e-08 9.22817e-07 2.44169e-05 0.00038094 0.00350461 0.0190179 0.060965 0.116368 0.137663 0.119527 0.110125 0.117828 0.116961 0.098258 0.0630806 0.0273042 0.00748582 0.00131849 0.000166239 1.81037e-05 1.81596e-06 1.46358e-07 8.37731e-09 3.24135e-10
 4.71896e-10 3.43724e-08 1.47626e-06 3.73854e-05 0.000558256 0.00491563 0.0255303 0.0783214 0.142978 0.161239 0.131669 0.111329 0.107879 0.0955218 0.0718461 0.043132 0.0184895 0.0053435 0.0010494 0.000144184 1.40507e-05 9.75915e-07 4.97226e-08 1.94225e-09 5.80438e-11
 6.16906e-10 4.29531e-08 1.76343e-06 4.26883e-05 0.000609335 0.00512902 0.0254703 0.0747899 0.131398 0.146322 0.128202 0.124098 0.124853 0.105138 0.0729554 0.0402309 0.0157966 0.00413415 0.000727927 9.1025e-05 8.45984e-06 5.80928e-07 2.82776e-08 9.40655e-10 2.10587e-11
 9.07216e-10 6.03084e-08 2.36392e-06 5.46355e-05 0.000744585 0.00598395 0.0283725 0.0795602 0.1336 0.142764 0.121635 0.116798 0.119418 0.106292 0.0785946 0.0442114 0.0169512 0.0042309 0.000699403 8.05991e-05 6.77292e-06 4.1784e-07 1.84973e-08 5.7142e-10 1.20062e-11
 1.24245e-09 7.87682e-08 2.94449e-06 6.4902e-05 0.00084354 0.0064656 0.0292451 0.0783283 0.126408 0.133405 0.120462 0.124974 0.128484 0.110887 0.0786437 0.0421501 0.0153533 0.0036417 0.000572754 6.26939e-05 4.96354e-06 2.84426e-07 1.15127e-08 3.21297e-10 6.07204e-12
 2.04078e-09 1.23258e-07 4.38958e-06 9.21763e-05 0.00114134 0.00833412 0.0359102 0.0915903 0.140506 0.139854 0.117132 0.114253 0.116536 0.103687 0.0749275 0.0392142 0.0134518 0.00291746 0.000406282 3.8203e-05 2.57648e-06 1.28461e-07 4.66067e-09 1.18668e-10 2.05326e-12
 2.9024e-09 1.6684e-07 5.65498e-06 0.000113019 0.00133192 0.00925725 0.0379794 0.0923929 0.136344 0.13526 0.121762 0.126228 0.124408 0.101942 0.0674771 0.0326777 0.0104316 0.00209815 0.000267302 2.24299e-05 1.30901e-06 5.5191e-08 1.68164e-09 3.61959e-11 5.37632e-13
 4.57228e-09 2.49921e-07 8.05489e-06 0.000153076 0.00171538 0.0113369 0.0442278 0.102317 0.143615 0.135641 0.116872 0.118182 0.117407 0.099205 0.0664421 0.0313556 0.00950736 0.00178844 0.000209938 1.59129e-05 8.20049e-07 3.00179e-08 7.87812e-10 1.45283e-11 1.83699e-13
 6.47393e-09 3.362e-07 1.02947e-05 0.000185877 0.00197901 0.0124277 0.0460906 0.101607 0.137465 0.130734 0.121675 0.128474 0.123494 0.0980689 0.0614183 0.0271418 0.00771196 0.00135704 0.000148238 1.03533e-05 4.84642e-07 1.58799e-08 3.69046e-10 5.97908e-12 6.59329e-14
 7.94358e-09 3.91627e-07 1.13846e-05 0.000195145 0.00197254 0.0117624 0.0414606 0.0872643 0.115126 0.114796 0.121871 0.140001 0.139853 0.114275 0.0714132 0.030397 0.00813416 0.00132631 0.000131586 8.09601e-06 3.21043e-07 8.64539e-09 1.65033e-10 2.25051e-12 2.14305e-14
 1.45042e-08 6.78387e-07 1.87089e-05 0.000304238 0.00291742 0.016502 0.0551445 0.109722 0.135039 0.12036 0.110967 0.120248 0.123295 0.10475 0.0655785 0.0270435 0.00692004 0.00108066 0.00010396 6.33778e-06 2.55022e-07 7.01539e-09 1.32969e-10 1.70421e-12 1.44365e-14
 2.06704e-08 9.16641e-07 2.39684e-05 0.000369551 0.00336009 0.0180254 0.0571952 0.108685 0.1311 0.123892 0.127335 0.136613 0.12462 0.0921643 0.0516051 0.0195749 0.0046792 0.000688731 6.29784e-05 3.68994e-06 1.44575e-07 3.915e-09 7.34604e-11 9.34169e-13 7.85506e-15
 3.04096e-08 1.27793e-06 3.16658e-05 0.000462673 0.00398662 0.0202686 0.0609724 0.110024 0.126931 0.117287 0.121096 0.133029 0.127531 0.0983539 0.0549035 0.0199767 0.0044819 0.000609716 5.05947e-05 2.62259e-06 8.84636e-08 2.03804e-09 3.30845e-11 3.77063e-13 2.93906e-15
 5.03109e-08 2.00273e-06 4.70079e-05 0.000650608 0.00531031 0.0255758 0.0728997 0.124764 0.137034 0.121658 0.120987 0.126927 0.115713 0.0845848 0.0446559 0.0154054 0.00330716 0.000438575 3.66121e-05 1.99195e-06 7.30976e-08 1.8314e-09 3.08513e-11 3.40927e-13 2.43292e-15
 6.82428e-08 2.57241e-06 5.71762e-05 0.000749371 0.00579248 0.0264308 0.0715099 0.117213 0.127889 0.122495 0.132363 0.13787 0.119197 0.0817472 0.0404894 0.0131498 0.00267438 0.000339676 2.76276e-05 1.49658e-06 5.57328e-08 1.43218e-09 2.48741e-11 2.84835e-13 2.11387e-15
 1.08122e-07 3.85851e-06 8.11926e-05 0.00100744 0.00737243 0.0318475 0.0815687 0.126517 0.130428 0.118169 0.123596 0.129897 0.11602 0.0804372 0.038686 0.0118569 0.0022344 0.000258356 1.87171e-05 8.83951e-07 2.85274e-08 6.48318e-10 1.03321e-11 1.12439e-13 8.12628e-16
 1.56755e-07 5.29526e-06 0.000105474 0.00123885 0.00858256 0.0351138 0.0853519 0.126824 0.129719 0.12377 0.132983 0.133294 0.110079 0.0704863 0.0315612 0.00907633 0.0016175 0.000178713 1.25393e-05 5.80069e-07 1.82895e-08 3.96652e-10 5.82926e-12 5.68837e-14 3.6402e-16
 2.36571e-07 7.5641e-06 0.000142609 0.00158545 0.0103969 0.0402706 0.0927451 0.131022 0.129014 0.121241 0.129523 0.130018 0.107787 0.0678159 0.0290773 0.00788924 0.00131772 0.000136026 8.90182e-06 3.84165e-07 1.13434e-08 2.32132e-10 3.24479e-12 3.0241e-14 1.84333e-16
 3.72024e-07 1.12589e-05 0.000200917 0.00211427 0.0131239 0.0481275 0.105036 0.141167 0.133965 0.123337 0.127724 0.122327 0.0960811 0.0569674 0.0229493 0.00585088 0.000920837 9.00425e-05 5.62197e-06 2.32866e-07 6.59724e-09 1.28482e-10 1.69057e-12 1.47134e-14 8.34893e-17
 5.11593e-07 1.46557e-05 0.000247562 0.00246604 0.0144926 0.0503564 0.104503 0.135638 0.130595 0.128483 0.13581 0.125801 0.0938197 0.0524208 0.0198324 0.00474743 0.000703072 6.49755e-05 3.85792e-06 1.52865e-07 4.15309e-09 7.74105e-11 9.70921e-13 8.02228e-15 4.30402e-17
 6.48235e-07 1.75795e-05 0.000281116 0.00265108 0.0147537 0.0486004 0.0961281 0.12159 0.121552 0.130454 0.144455 0.136462 0.102207 0.0556853 0.0200142 0.00448011 0.00061332 5.17153e-05 2.75598e-06 9.65434e-08 2.31029e-09 3.83961e-11 4.38117e-13 3.35079e-15 1.68149e-17
 1.04395e-06 2.68041e-05 0.000405809 0.00362327 0.0190897 0.0595187 0.111291 0.132395 0.122992 0.123469 0.133482 0.126969 0.0950373 0.0503229 0.0172241 0.00364196 0.000470723 3.76159e-05 1.91014e-06 6.391e-08 1.45051e-09 2.24644e-11 2.33852e-13 1.60484e-15 7.16802e-18
 1.29915e-06 3.15851e-05 0.000452813 0.0038288 0.0191146 0.0566136 0.101706 0.121478 0.124924 0.140234 0.14998 0.131389 0.089566 0.0436545 0.0139056 0.00275779 0.000336783 2.56661e-05 1.25731e-06 4.09885e-08 9.08737e-10 1.36607e-11 1.36571e-13 8.90606e-16 3.74223e-18
#spawning biomass
 23359.9 24694.7 17396.1 20558.7 37148.2 53123.1 68353.3 93475.6 125632 145665 169760 186699 202505 218886 230475 244311 226513 224346 226578 201787 215540 223813 223283 197919 251921 266614 230288 212610 179368 404492 443775 419732 365269 303561 247160 200967 165573 139624 121176 108351 99578.7 93652.1 89670.6 86965.5 85211.7 84074.6 83337.4 82859.5 82549.6 82348.7 82218.4 82133.9 82079.2 82043.7 82020.7 82005.8 81996.1 81989.8 81985.7 81983.1 81981.4 81980.3 81979.6 81979.1 81978.8 81978.6 81978.5 81978.4 81978.3 81978.3 81978.3 81978.3 81978.3 81978.3 81978.2 81978.2 81978.2 81978.2 81978.2 81978.2 81978.2 81978.2 81978.2 81978.2 81978.2 81978.2 81978.2 81978.2 81978.2 81978.2 81978.2 81978.2 81978.2 81978.2 81978.2 81978.2 81978.2 81978.2 81978.2 81978.2 81978.2 81978.2 81978.2 81978.2 81978.2 81978.2 81978.2 81978.2 81978.2 81978.2 81978.2 81978.2 81978.2 81978.2 81978.2 81978.2 81978.2 81978.2 81978.2 81978.2 81978.2 81978.2 81978.2 81978.2 81978.2 81978.2 81978.2 81978.2 0 0 0 0 0 0 0 0 0 0 0 0 0 0 0 0 0 0 0 0 0 0 0 0 0
