SBPRF35
0.18548
Curr Bio
164140
B35
193097
F35
0.858205
FOFL
0.858205
OFL
91071.8
Bzero
52994.1
#pred survey bio
 14975.3 14560.4 15982.5 17229.2 20145.4 24611.8 27872.7 33105.8 45648.5 56738.1 65282.1 74712.4 105546 142179 131569 107809 100128 99620.9 95249.7 95478.6 97917.1 101245 107543 112570 127393 132228 118569 110247 107763 4.69082e+06 4.2436e+06 2.28515e+06 1.25198e+06 790139 585957 490177 441146 413998 398153 388634 382839 379294 377121 375782 374958 374464 374167 373988 373880 373815 373776 373753 373738 373730 373725 373721 373719 373718 373718 373717 373717 373717 373717 373717 373717 373717 373717 373717 373717 373717 373717 373717 373717 373717 373717 373717 373717 373717 373717 373717 373717 373717 373717 373717 373717 373717 373717 373717 373717 373717 373717 373717 373717 373717 373717 373717 373717 373717 373717 373717 373717 373717 373717 373717 373717 373717 373717 373717 373717 373717 373717 373717 373717 373717 373717 373717 373717 373717 373717 373717 373717 373717 373717 373717 373717 373717 373717 373717 373717 0 0 0 0 0 0 0 0 0 0 0 0 0 0 0 0 0 0 0 0 0 0 0 0 0
#obs survey bio
 14086.6 9743.4 14295.9 17663 18870 29684.8 33489.1 26443.7 76047.2 64493.1 48955.9 71450.2 93328.8 138155 89340.7 110654 84205.2 121327 69030.4 101296 104163 112165 99602.9 166899 152766 173542 144454 83359.1 105588
#pred catch bio
 6695.53 6619.59 8044.95 8659.22 10361.7 13452.6 16257.2 19775.7 30418.3 38569.6 47434 53243.5 72394 107875 102899 85825.8 80774 80840.3 76471 80253 84218.9 85975.7 96024.4 99363.6 114544 122304 106786 104064 39799.7 91071.8 90462 40974.5 18911.3 10715 7985.32 7138.78 6888.81 6817.54 6797.73 6792.33 6790.88 6790.49 6790.39 6790.36 6790.36 6790.35 6790.35 6790.35 6790.35 6790.35 6790.35 6790.35 6790.35 6790.35 6790.35 6790.35 6790.35 6790.35 6790.35 6790.35 6790.35 6790.35 6790.35 6790.35 6790.35 6790.35 6790.35 6790.35 6790.35 6790.35 6790.35 6790.35 6790.35 6790.35 6790.35 6790.35 6790.35 6790.35 6790.35 6790.35 6790.35 6790.35 6790.35 6790.35 6790.35 6790.35 6790.35 6790.35 6790.35 6790.35 6790.35 6790.35 6790.35 6790.35 6790.35 6790.35 6790.35 6790.35 6790.35 6790.35 6790.35 6790.35 6790.35 6790.35 6790.35 6790.35 6790.35 6790.35 6790.35 6790.35 6790.35 6790.35 6790.35 6790.35 6790.35 6790.35 6790.35 6790.35 6790.35 6790.35 6790.35 6790.35 6790.35 6790.35 6790.35 6790.35 6790.35 6790.35 6790.35 0 0 0 0 0 0 0 0 0 0 0 0 0 0 0 0 0 0 0 0 0 0 0 0 0
#obs catch bio
 7706.47 6797.96 8237.76 8793.45 10432.1 13503.1 16207.6 19846.1 29852.5 37910.1 47792.9 53124.5 71166.6 107938 106251 87608 80899.2 79897.6 74576.5 78985.4 83606.4 82731.3 94438.9 96643.5 110417 117490 102939 104426 39080.1
#pred cpue bio
 14079.2 13322.4 14533.2 15623.2 17865.2 22050.1 24978.1 28524.6 39036.2 49131.1 56875.5 62786.7 87166.7 123617 117497 94456.7 85599.4 85757.2 82152.4 81251.2 81984.9 85330.2 89793.2 92616.4 104955 110629 100034 92582.8 86507.7 4.2679e+06 4.32075e+06 2.26428e+06 1.22931e+06 767438 563255 467476 418444 391296 375451 365933 360138 356592 354419 353080 352256 351762 351465 351287 351179 351114 351075 351051 351037 351028 351023 351020 351018 351017 351016 351016 351015 351015 351015 351015 351015 351015 351015 351015 351015 351015 351015 351015 351015 351015 351015 351015 351015 351015 351015 351015 351015 351015 351015 351015 351015 351015 351015 351015 351015 351015 351015 351015 351015 351015 351015 351015 351015 351015 351015 351015 351015 351015 351015 351015 351015 351015 351015 351015 351015 351015 351015 351015 351015 351015 351015 351015 351015 351015 351015 351015 351015 351015 351015 351015 351015 351015 351015 351015 351015 0 0 0 0 0 0 0 0 0 0 0 0 0 0 0 0 0 0 0 0 0 0 0 0 0
#obs cpue bio
 15936.9 9160.17 12012.4 15096.7 17392.8 18183.7 26452.9 27663.6 42897.4 49806.3 55166.4 79823 113395 120781 88681.4 81784.7 93831.4 97050.6 168287 98323.7 80069.4 168090 111124 104494 159940 154964 141680 114688 111939
#pred surv len freq
 2.56103e-27 2.58237e-27 2.76425e-26 5.29141e-20 1.29713e-14 3.84361e-10 1.37672e-06 0.000596066 0.031196 0.197355 0.151383 0.0431632 0.222179 0.204994 0.0420492 0.0446125 0.0183999 0.0131884 0.00792619 0.00592696 0.00459858 0.00394673 0.00393867 0.00348338 0.00106251
 2.56273e-27 2.58732e-27 3.22932e-26 6.2726e-20 1.53765e-14 4.55634e-10 1.63201e-06 0.000706596 0.0369807 0.23395 0.179269 0.0395531 0.175116 0.162366 0.0491692 0.0714896 0.0251055 0.0117922 0.00535443 0.00305719 0.0019351 0.00142011 0.00125423 0.00110893 0.000370619
 2.56319e-27 2.58836e-27 3.29973e-26 6.42104e-20 1.57404e-14 4.66417e-10 1.67063e-06 0.000723317 0.0378558 0.239487 0.183527 0.0414984 0.186927 0.172693 0.0405965 0.049529 0.0213869 0.015827 0.00564691 0.0020892 0.000910522 0.000511215 0.000373074 0.000309624 0.000107133
 2.56335e-27 2.58869e-27 3.31835e-26 6.46029e-20 1.58366e-14 4.69267e-10 1.68084e-06 0.000727738 0.0380872 0.24095 0.184657 0.0422662 0.191976 0.177287 0.0402824 0.0474647 0.0178177 0.0102247 0.00493966 0.0022608 0.000623424 0.000214799 0.000111677 7.96402e-05 2.72713e-05
 2.56475e-27 2.59245e-27 3.6456e-26 7.15063e-20 1.75289e-14 5.19413e-10 1.86045e-06 0.000805504 0.0421572 0.266698 0.204308 0.0416313 0.173339 0.160061 0.0367644 0.0437415 0.0161321 0.00869142 0.0034173 0.00149462 0.000558839 0.00013444 3.7626e-05 1.9386e-05 6.22004e-06
 2.56413e-27 2.59066e-27 3.47534e-26 6.79141e-20 1.66483e-14 4.93319e-10 1.76699e-06 0.000765038 0.0400393 0.2533 0.1941 0.0430982 0.191674 0.176778 0.0360732 0.0379357 0.0140476 0.00766281 0.0029153 0.00111748 0.000361233 0.000104167 1.94777e-05 5.16158e-06 1.38941e-06
 2.56409e-27 2.59056e-27 3.46827e-26 6.7765e-20 1.66118e-14 4.92237e-10 1.76311e-06 0.000763359 0.0399514 0.252744 0.193674 0.0429555 0.190887 0.176127 0.0373275 0.0409171 0.0142875 0.00656705 0.00248912 0.000948485 0.00027462 6.92192e-05 1.33275e-05 1.89084e-06 3.24524e-07
 2.56632e-27 2.59654e-27 3.98951e-26 7.87607e-20 1.93072e-14 5.72108e-10 2.04919e-06 0.000887223 0.0464341 0.293755 0.224974 0.0420191 0.16177 0.149129 0.0302166 0.0314805 0.0111906 0.00541509 0.00186989 0.0006283 0.000179651 4.10355e-05 7.00631e-06 8.04002e-07 7.16948e-08
 2.56668e-27 2.59737e-27 4.04917e-26 8.00187e-20 1.96156e-14 5.81246e-10 2.08193e-06 0.000901394 0.0471757 0.298447 0.228572 0.0429947 0.166667 0.153408 0.0266486 0.0222214 0.00770239 0.00348399 0.00123233 0.00041475 0.000103259 2.21829e-05 3.41618e-06 3.36795e-07 1.92607e-08
 2.56604e-27 2.59555e-27 3.88039e-26 7.6458e-20 1.87428e-14 5.55382e-10 1.98928e-06 0.000861284 0.0450765 0.285167 0.218449 0.0440843 0.182071 0.167515 0.0272163 0.0199263 0.00641505 0.00218397 0.00072599 0.000234465 5.91113e-05 1.14426e-05 1.59298e-06 1.38657e-07 6.21357e-09
 2.56571e-27 2.59468e-27 3.80526e-26 7.48731e-20 1.83542e-14 5.43869e-10 1.94805e-06 0.00084343 0.0441421 0.279255 0.213936 0.0441548 0.185778 0.170983 0.0286856 0.0223943 0.00700934 0.00203721 0.000586712 0.000149061 3.49616e-05 6.67266e-06 8.48657e-07 6.53958e-08 2.50183e-09
 2.56747e-27 2.59942e-27 4.2226e-26 8.36771e-20 2.05124e-14 6.0782e-10 2.17711e-06 0.000942605 0.0493325 0.312091 0.238992 0.0430798 0.159993 0.147147 0.0237069 0.0170408 0.00540017 0.00168666 0.000463898 9.89562e-05 1.82005e-05 2.99331e-06 3.64643e-07 2.55361e-08 8.53608e-10
 2.56821e-27 2.6014e-27 4.39367e-26 8.7286e-20 2.13971e-14 6.34034e-10 2.271e-06 0.000983258 0.0514602 0.325551 0.249267 0.0428899 0.151329 0.139082 0.021002 0.0128928 0.00400185 0.00113768 0.000317103 7.05255e-05 1.14248e-05 1.45938e-06 1.45932e-07 9.48961e-09 2.85555e-10
 2.56583e-27 2.59489e-27 3.81416e-26 7.50604e-20 1.84002e-14 5.45229e-10 1.95292e-06 0.00084554 0.0442525 0.279954 0.214481 0.044894 0.19102 0.175651 0.0264355 0.0160718 0.00485382 0.00115863 0.000305081 6.32007e-05 1.05155e-05 1.24927e-06 9.64743e-08 5.05429e-09 1.37745e-10
 2.56435e-27 2.59089e-27 3.46202e-26 6.76319e-20 1.65791e-14 4.9127e-10 1.75965e-06 0.00076186 0.039873 0.252248 0.19334 0.0458159 0.21289 0.195864 0.0306084 0.0205003 0.0061955 0.00146085 0.000364742 6.44463e-05 9.86837e-06 1.1483e-06 8.32807e-08 3.39258e-09 7.42705e-11
 2.56541e-27 2.59383e-27 3.72614e-26 7.32039e-20 1.7945e-14 5.31744e-10 1.90462e-06 0.000824626 0.043158 0.27303 0.209191 0.0446828 0.193131 0.177707 0.0287718 0.0208897 0.00642272 0.00168159 0.00042527 7.32237e-05 9.9716e-06 1.01612e-06 7.00095e-08 2.62895e-09 4.52446e-11
 2.56667e-27 2.59719e-27 4.01937e-26 7.93896e-20 1.94614e-14 5.76677e-10 2.06556e-06 0.000894308 0.0468049 0.296101 0.226799 0.0441618 0.176794 0.162544 0.0245035 0.0149738 0.00465704 0.00133607 0.000352318 6.63003e-05 9.03174e-06 8.43592e-07 5.0152e-08 1.7409e-09 2.70098e-11
 2.56633e-27 2.59622e-27 3.92912e-26 7.74855e-20 1.89946e-14 5.62845e-10 2.01602e-06 0.000872858 0.0456822 0.288999 0.221387 0.0448204 0.185609 0.170593 0.0243788 0.0126535 0.00380413 0.000903772 0.000238595 4.892e-05 7.18479e-06 7.0168e-07 3.89071e-08 1.17097e-09 1.64476e-11
 2.56623e-27 2.59596e-27 3.90641e-26 7.70066e-20 1.88772e-14 5.59366e-10 2.00356e-06 0.000867463 0.0453999 0.287212 0.220023 0.0448469 0.186768 0.171677 0.02483 0.0134043 0.00394763 0.000790397 0.000191472 3.3709e-05 5.13772e-06 5.4785e-07 3.22298e-08 9.20379e-10 1.13179e-11
 2.56688e-27 2.59774e-27 4.06547e-26 8.03621e-20 1.96998e-14 5.8374e-10 2.09086e-06 0.000905263 0.0473782 0.299728 0.229569 0.0442179 0.175274 0.161106 0.0235972 0.0132554 0.00392639 0.000816814 0.000191124 2.85052e-05 3.76365e-06 3.80349e-07 2.42803e-08 7.38101e-10 8.72686e-12
 2.56761e-27 2.59969e-27 4.23593e-26 8.3958e-20 2.05813e-14 6.0986e-10 2.18442e-06 0.000945769 0.0494981 0.313139 0.239806 0.0439561 0.16609 0.15257 0.0209824 0.00944202 0.00279409 0.000605637 0.000144068 2.19596e-05 2.62566e-06 2.22225e-07 1.29196e-08 4.14753e-10 5.20746e-12
 2.56732e-27 2.59887e-27 4.1599e-26 8.2354e-20 2.01881e-14 5.98209e-10 2.14269e-06 0.000927701 0.0485525 0.307157 0.235246 0.0444226 0.172845 0.158749 0.0210977 0.00814549 0.00233906 0.000406817 9.34724e-05 1.4794e-05 1.80968e-06 1.46095e-07 7.14086e-09 2.04496e-10 2.64005e-12
 2.56773e-27 2.6e-27 4.26221e-26 8.45124e-20 2.07172e-14 6.13887e-10 2.19884e-06 0.000952014 0.049825 0.315207 0.241385 0.0439554 0.164976 0.151527 0.0205423 0.00869453 0.00247178 0.000372126 7.8532e-05 1.02545e-05 1.22976e-06 1.02483e-07 4.86707e-09 1.19729e-10 1.36789e-12
 2.56834e-27 2.60165e-27 4.40657e-26 8.75576e-20 2.14637e-14 6.36008e-10 2.27807e-06 0.000986318 0.0516203 0.326565 0.250053 0.0436527 0.156582 0.143748 0.0185604 0.0061356 0.00174158 0.00028511 5.99005e-05 6.78442e-06 6.97958e-07 5.13968e-08 2.47504e-09 5.95937e-11 5.97566e-13
 2.56828e-27 2.60149e-27 4.39221e-26 8.72546e-20 2.13894e-14 6.33807e-10 2.27019e-06 0.000982905 0.0514417 0.325435 0.249191 0.0437255 0.157742 0.144813 0.0186464 0.0060617 0.00168785 0.00022147 4.43322e-05 5.37126e-06 5.24015e-07 3.24786e-08 1.3392e-09 3.13707e-11 3.0796e-13
 2.56764e-27 2.59971e-27 4.23273e-26 8.38902e-20 2.05647e-14 6.09368e-10 2.18265e-06 0.000945006 0.0494582 0.312886 0.23962 0.0443744 0.169404 0.155534 0.0198148 0.00602718 0.00167157 0.000215965 4.14449e-05 4.12528e-06 3.91888e-07 2.45885e-08 8.77502e-10 1.7327e-11 1.59934e-13
 2.56727e-27 2.5987e-27 4.14183e-26 8.19725e-20 2.00946e-14 5.95438e-10 2.13276e-06 0.000923403 0.0483276 0.305734 0.234164 0.0447534 0.176121 0.161708 0.0204555 0.00593371 0.00163548 0.000199761 3.75065e-05 3.64715e-06 3.12249e-07 1.69913e-08 6.0343e-10 1.07256e-11 8.34855e-14
 2.56747e-27 2.59928e-27 4.19522e-26 8.30991e-20 2.03707e-14 6.03621e-10 2.16207e-06 0.000936094 0.0489918 0.309936 0.237367 0.0444199 0.171333 0.157332 0.0204478 0.0070164 0.00194321 0.000228175 4.18772e-05 3.86517e-06 3.21352e-07 1.63412e-08 5.02202e-10 8.41292e-12 6.02721e-14
 2.56929e-27 2.60422e-27 4.63484e-26 9.23731e-20 2.26442e-14 6.70987e-10 2.40336e-06 0.00104056 0.0544594 0.344525 0.263756 0.042939 0.141523 0.129859 0.01622 0.00429466 0.00118707 0.0001606 3.08017e-05 2.73993e-06 2.19326e-07 1.05984e-08 3.07559e-10 4.54216e-12 2.96359e-14
#obs surv len freq
 1.24677e-41 1.73043e-33 2.90315e-26 5.88754e-20 1.44326e-14 4.27664e-10 1.53182e-06 0.000663227 0.0347107 0.21959 0.168409 0.0416691 0.169974 0.142341 0.0894509 0.0847931 0.0335336 0.0121226 0.0024538 0.000274266 1.24856e-05 1.69768e-07 5.21916e-10 2.95939e-13 2.70477e-17
 1.55864e-41 2.1633e-33 3.62938e-26 7.36031e-20 1.80429e-14 5.34645e-10 1.91501e-06 0.000829134 0.0433936 0.274521 0.210388 0.0426581 0.142145 0.113268 0.0741247 0.0646663 0.0244351 0.00799199 0.00143535 0.000136576 5.05857e-06 5.32409e-08 1.21705e-10 5.0031e-14 3.26919e-18
 1.29144e-41 1.79243e-33 3.00717e-26 6.09848e-20 1.49497e-14 4.42987e-10 1.58671e-06 0.00068699 0.0359543 0.227459 0.174691 0.0516772 0.203661 0.149769 0.0734831 0.0556565 0.0200627 0.00589521 0.000926359 7.3545e-05 2.17456e-06 1.75574e-08 2.98124e-11 8.89652e-15 4.15955e-19
 1.55355e-41 2.15622e-33 3.61751e-26 7.33624e-20 1.79839e-14 5.32897e-10 1.90875e-06 0.000826422 0.0432517 0.273624 0.209873 0.0472512 0.14933 0.109432 0.085471 0.060339 0.0161512 0.00388352 0.000530491 3.46958e-05 8.04511e-07 4.91062e-09 6.15082e-12 1.33127e-15 4.46115e-20
 1.53954e-41 2.13678e-33 3.58489e-26 7.27009e-20 1.78218e-14 5.28092e-10 1.89154e-06 0.000818971 0.0428617 0.271157 0.208234 0.0553252 0.179985 0.118689 0.0637801 0.0416513 0.0142348 0.00295887 0.000287028 1.46588e-05 2.6278e-07 1.1959e-09 1.0927e-12 1.70431e-16 4.08452e-21
 1.34812e-41 1.8711e-33 3.13916e-26 6.36615e-20 1.56059e-14 4.6243e-10 1.65635e-06 0.000717142 0.0375324 0.237444 0.182738 0.0612266 0.205485 0.131158 0.0835439 0.0467058 0.0110812 0.00215699 0.000202384 7.38146e-06 9.38643e-08 3.12025e-10 2.05916e-13 2.29508e-17 3.90912e-22
 1.56247e-41 2.1686e-33 3.63828e-26 7.37836e-20 1.80872e-14 5.35956e-10 1.91971e-06 0.000831167 0.0435 0.275197 0.211534 0.0580053 0.165362 0.105 0.0837176 0.0443454 0.0107689 0.00161818 0.000115058 3.62081e-06 3.35479e-08 7.5683e-11 3.48332e-14 2.74198e-18 3.29681e-23
 1.7316e-41 2.40335e-33 4.03212e-26 8.17706e-20 2.00451e-14 5.93973e-10 2.12751e-06 0.00092114 0.0482088 0.304987 0.234487 0.062784 0.16326 0.0927002 0.0565358 0.0277174 0.00730582 0.00102995 5.95172e-05 1.34547e-06 9.51741e-09 1.56107e-11 4.86868e-15 2.59107e-19 2.1469e-24
 1.65414e-41 2.29584e-33 3.85175e-26 7.81127e-20 1.91484e-14 5.67402e-10 2.03234e-06 0.000879934 0.0460523 0.291346 0.224477 0.0712922 0.185025 0.098169 0.0553082 0.0224124 0.00443672 0.000567778 3.08731e-05 5.57767e-07 2.79072e-09 3.24939e-12 7.24953e-16 2.67175e-20 1.49646e-25
 1.53454e-41 2.12984e-33 3.57325e-26 7.24647e-20 1.77639e-14 5.26376e-10 1.88539e-06 0.00081631 0.0427224 0.270283 0.208832 0.0785172 0.199673 0.104686 0.0664893 0.0237532 0.00384802 0.000362444 1.51028e-05 2.32177e-07 9.15551e-10 7.57175e-13 1.1626e-16 2.98131e-21 1.16689e-26
 1.46719e-41 2.03636e-33 3.41643e-26 6.92844e-20 1.69843e-14 5.03275e-10 1.80265e-06 0.000780484 0.0408474 0.258424 0.200218 0.0843211 0.204192 0.10735 0.0747262 0.0248721 0.00395505 0.000302637 8.91046e-06 9.63436e-08 2.89954e-10 1.84043e-13 2.04939e-17 3.64498e-22 9.77007e-28
 1.88303e-41 2.61353e-33 4.38473e-26 8.89215e-20 2.17981e-14 6.45917e-10 2.31357e-06 0.0010017 0.0524248 0.331664 0.255753 0.0729447 0.14066 0.0736733 0.0526264 0.0164547 0.00260909 0.000180673 4.40759e-06 3.35652e-08 6.75355e-11 3.00901e-14 2.45411e-18 3.19284e-23 6.1081e-29
 1.56877e-41 2.17735e-33 3.65295e-26 7.40812e-20 1.81601e-14 5.38118e-10 1.92745e-06 0.00083452 0.0436755 0.276325 0.215199 0.102284 0.213856 0.0903165 0.0431676 0.012319 0.00189678 0.000120996 2.64246e-06 1.62938e-08 2.35814e-11 7.00139e-15 3.8078e-19 3.42209e-24 4.65201e-30
 1.27453e-41 1.76897e-33 2.96781e-26 6.01866e-20 1.4754e-14 4.37189e-10 1.56594e-06 0.000677998 0.0354837 0.224511 0.176734 0.113836 0.233579 0.119077 0.0774638 0.0168349 0.00170782 9.17334e-05 1.76786e-06 9.24152e-09 1.06603e-11 2.33405e-15 8.75666e-20 5.24626e-25 4.75231e-31
 1.14766e-41 1.59288e-33 2.67239e-26 5.41955e-20 1.32854e-14 3.93671e-10 1.41006e-06 0.000610509 0.0319517 0.202175 0.16044 0.117464 0.227429 0.135279 0.0979702 0.0238081 0.00276362 0.000105862 1.40775e-06 5.85842e-09 5.46318e-12 9.36752e-16 2.64143e-20 1.13999e-25 7.17579e-32
 1.55888e-41 2.16362e-33 3.62992e-26 7.36141e-20 1.80456e-14 5.34725e-10 1.9153e-06 0.000829258 0.0434001 0.274599 0.21505 0.100824 0.165513 0.104246 0.0739188 0.019105 0.0024155 9.74011e-05 1.11586e-06 3.15829e-09 2.07092e-12 2.67821e-16 5.76488e-21 1.87372e-26 8.70926e-33
 1.40856e-41 1.95499e-33 3.2799e-26 6.65157e-20 1.63055e-14 4.83163e-10 1.73061e-06 0.000749295 0.0392152 0.248154 0.197876 0.135971 0.215167 0.0970247 0.0513605 0.0128255 0.00158903 6.5447e-05 7.48076e-07 1.88288e-09 9.18508e-13 8.06285e-17 1.2025e-21 2.82158e-27 9.65514e-34
 1.46144e-41 2.02838e-33 3.40302e-26 6.90126e-20 1.69176e-14 5.013e-10 1.79557e-06 0.000777422 0.0406873 0.257476 0.205331 0.130042 0.19013 0.107755 0.0570713 0.00978866 0.000905848 3.39012e-05 3.63311e-07 8.48826e-10 3.63447e-13 2.55278e-17 2.76614e-22 4.45986e-28 1.04194e-34
 1.43925e-41 1.99758e-33 3.35136e-26 6.79649e-20 1.66608e-14 4.9369e-10 1.76832e-06 0.00076562 0.0400696 0.253598 0.204434 0.14415 0.195445 0.101882 0.0496238 0.00927483 0.000735319 1.87933e-05 1.5622e-07 3.11632e-10 1.15008e-13 6.83626e-18 6.05e-23 7.59581e-29 1.3134e-35
 1.55675e-41 2.16066e-33 3.62496e-26 7.35135e-20 1.8021e-14 5.33995e-10 1.91268e-06 0.000828125 0.0433409 0.274313 0.22097 0.141344 0.175042 0.0951107 0.0418537 0.00670197 0.000483073 1.0981e-05 6.61333e-08 9.24706e-11 2.60159e-14 1.23534e-18 8.80526e-24 8.84132e-30 1.20518e-36
 1.50736e-41 2.09212e-33 3.50996e-26 7.11813e-20 1.74493e-14 5.17054e-10 1.852e-06 0.000801853 0.0419661 0.265668 0.217563 0.160678 0.18477 0.0891209 0.0341495 0.0049759 0.000299883 5.60346e-06 2.79334e-08 2.95634e-11 5.78419e-15 1.92105e-19 1.00103e-24 7.59436e-31 7.93505e-38
 1.55238e-41 2.1546e-33 3.61479e-26 7.33072e-20 1.79704e-14 5.32496e-10 1.90731e-06 0.000825801 0.0432195 0.273636 0.225047 0.160301 0.17252 0.0896448 0.0308831 0.00373129 0.00018618 2.83799e-06 1.10749e-08 9.10809e-12 1.35496e-15 3.25495e-20 1.17981e-25 6.18964e-32 4.54953e-39
 1.55852e-41 2.16312e-33 3.62908e-26 7.35971e-20 1.80415e-14 5.34601e-10 1.91485e-06 0.000829066 0.0433905 0.274788 0.228932 0.171159 0.170253 0.0821707 0.0254941 0.00286284 0.000117664 1.38451e-06 4.14456e-09 2.57668e-12 2.8609e-16 5.10753e-21 1.36216e-26 5.15399e-33 2.67282e-40
 1.59892e-41 2.2192e-33 3.72317e-26 7.55051e-20 1.85092e-14 5.48461e-10 1.9645e-06 0.000850561 0.0445157 0.281976 0.23675 0.174238 0.161727 0.0769707 0.0209036 0.0019972 6.94623e-05 6.6619e-07 1.50811e-09 6.88123e-13 5.58909e-17 7.2763e-22 1.41031e-27 3.87326e-34 1.45587e-41
 1.58909e-41 2.20555e-33 3.70026e-26 7.50406e-20 1.83953e-14 5.45087e-10 1.95241e-06 0.000845328 0.0442422 0.280356 0.239267 0.184269 0.15984 0.0721139 0.0175288 0.00149273 4.28021e-05 3.27418e-07 5.79453e-10 1.98899e-13 1.1731e-17 1.09332e-22 1.51501e-28 2.97825e-35 8.01621e-43
 1.37658e-41 1.9106e-33 3.20543e-26 6.50056e-20 1.59353e-14 4.72193e-10 1.69132e-06 0.000732284 0.0383266 0.243161 0.219326 0.217087 0.182828 0.0801946 0.0170736 0.00124024 2.94694e-05 1.80264e-07 2.44668e-10 6.31574e-14 2.76368e-18 1.8777e-23 1.86548e-29 2.60304e-36 4.95629e-44
 1.39861e-41 1.94118e-33 3.25673e-26 6.60458e-20 1.61903e-14 4.7975e-10 1.71838e-06 0.000744002 0.0389403 0.247143 0.223339 0.205442 0.177012 0.0887152 0.0175197 0.00112201 2.1893e-05 1.05996e-07 1.10918e-10 2.15115e-14 6.93541e-19 3.43749e-24 2.47718e-30 2.49214e-37 3.39707e-45
 1.46554e-41 2.03408e-33 3.41258e-26 6.92065e-20 1.69652e-14 5.02709e-10 1.80062e-06 0.000779607 0.0408037 0.258916 0.231704 0.202679 0.169227 0.0787349 0.0160613 0.00107318 1.94749e-05 8.20237e-08 7.19904e-11 1.15144e-14 3.034e-19 1.21953e-24 7.08058e-31 5.71621e-38 6.24148e-46
 1.46556e-41 2.0341e-33 3.41262e-26 6.92072e-20 1.69653e-14 5.02714e-10 1.80064e-06 0.000779615 0.0408042 0.258919 0.231706 0.202684 0.169314 0.0789101 0.0158598 0.00100445 1.69228e-05 6.47933e-08 5.08575e-11 7.19556e-15 1.66435e-19 5.8434e-25 2.95273e-31 2.06915e-38 1.95727e-46
#pred catch len freq
 2.55881e-27 2.57635e-27 2.23515e-26 4.17524e-20 1.02351e-14 3.03284e-10 1.08631e-06 0.000470332 0.0246155 0.155725 0.119616 0.0444955 0.254636 0.234948 0.0473743 0.0492486 0.0202973 0.014536 0.00873551 0.00653204 0.00506804 0.00434964 0.00434076 0.00383899 0.00117097
 2.5604e-27 2.58108e-27 2.68529e-26 5.12496e-20 1.25632e-14 3.72271e-10 1.33341e-06 0.000577316 0.0302146 0.191147 0.1466 0.040517 0.205404 0.190437 0.0563231 0.080767 0.0283513 0.0133037 0.00604017 0.00344865 0.00218287 0.00160195 0.00141483 0.00125092 0.000418074
 2.56111e-27 2.58276e-27 2.80834e-26 5.38443e-20 1.31993e-14 3.91118e-10 1.40092e-06 0.000606545 0.0317444 0.200824 0.154023 0.0426469 0.216395 0.199924 0.0460802 0.0552272 0.0238308 0.0176213 0.00628673 0.00232586 0.00101366 0.000569121 0.000415332 0.000344696 0.000119268
 2.56127e-27 2.58308e-27 2.82444e-26 5.41837e-20 1.32825e-14 3.93583e-10 1.40975e-06 0.000610368 0.0319445 0.20209 0.155004 0.0435176 0.222333 0.20533 0.0457712 0.0529482 0.0198646 0.0113888 0.00550158 0.00251793 0.000694327 0.000239229 0.000124379 8.86977e-05 3.03729e-05
 2.56273e-27 2.58702e-27 3.16786e-26 6.14282e-20 1.50584e-14 4.46207e-10 1.59824e-06 0.000691976 0.0362155 0.22911 0.175625 0.042835 0.202651 0.187144 0.0421631 0.0492594 0.0181569 0.00977315 0.0038423 0.00168046 0.000628323 0.000151155 4.23043e-05 2.17963e-05 6.99342e-06
 2.56229e-27 2.58568e-27 3.03558e-26 5.86372e-20 1.43742e-14 4.25933e-10 1.52562e-06 0.000660535 0.03457 0.2187 0.1677 0.0443546 0.219782 0.202717 0.0406674 0.0419005 0.0155061 0.00845049 0.00321471 0.00123221 0.000398322 0.000114862 2.14775e-05 5.69154e-06 1.53207e-06
 2.56247e-27 2.58616e-27 3.07939e-26 5.95612e-20 1.46007e-14 4.32645e-10 1.54966e-06 0.000670945 0.0351148 0.222147 0.170328 0.0440695 0.215767 0.19909 0.0414499 0.0445487 0.0155472 0.00713902 0.00270566 0.00103097 0.000298502 7.52386e-05 1.44865e-05 2.05527e-06 3.52745e-07
 2.56485e-27 2.59255e-27 3.63741e-26 7.13328e-20 1.74864e-14 5.18153e-10 1.85594e-06 0.00080355 0.0420549 0.266051 0.203836 0.0430494 0.184462 0.170067 0.0338817 0.0345787 0.0122847 0.00593879 0.00205054 0.000688984 0.000197002 4.49987e-05 7.68298e-06 8.81652e-07 7.8619e-08
 2.56566e-27 2.59457e-27 3.80024e-26 7.47673e-20 1.83283e-14 5.431e-10 1.94529e-06 0.000842238 0.0440797 0.278861 0.21363 0.0438321 0.183537 0.168951 0.0289556 0.0235735 0.00816542 0.0036898 0.00130501 0.000439197 0.000109345 2.34903e-05 3.61754e-06 3.56646e-07 2.0396e-08
 2.56507e-27 2.59289e-27 3.64351e-26 7.14607e-20 1.75177e-14 5.19082e-10 1.85926e-06 0.000804991 0.0421303 0.266528 0.20423 0.0449232 0.198445 0.182593 0.0293173 0.020923 0.00673124 0.00228926 0.000760892 0.00024573 6.19512e-05 1.19923e-05 1.66951e-06 1.45319e-07 6.51208e-09
 2.56505e-27 2.59287e-27 3.64329e-26 7.14562e-20 1.75166e-14 5.19049e-10 1.85915e-06 0.00080494 0.0421276 0.266511 0.204215 0.0447517 0.197151 0.181451 0.0300595 0.0228926 0.00716088 0.00207909 0.000598686 0.000152098 3.56738e-05 6.80859e-06 8.65945e-07 6.6728e-08 2.55279e-09
 2.56677e-27 2.5975e-27 4.05188e-26 8.00757e-20 1.96296e-14 5.8166e-10 2.08341e-06 0.000902036 0.0472093 0.298659 0.228746 0.0436998 0.17191 0.158118 0.0251804 0.0176397 0.0055861 0.00174292 0.00047931 0.00010224 1.88045e-05 3.09263e-06 3.76743e-07 2.63835e-08 8.81933e-10
 2.56738e-27 2.59912e-27 4.19035e-26 8.29966e-20 2.03456e-14 6.02877e-10 2.1594e-06 0.000934939 0.0489314 0.309553 0.237063 0.0436309 0.165543 0.152166 0.0227518 0.0135898 0.00421484 0.00119699 0.000333583 7.41884e-05 1.20181e-05 1.53517e-06 1.5351e-07 9.98241e-09 3.00384e-10
 2.56538e-27 2.59367e-27 3.70508e-26 7.27593e-20 1.78361e-14 5.28515e-10 1.89305e-06 0.000819619 0.0428959 0.271371 0.207935 0.0453289 0.19893 0.182924 0.0272618 0.0161252 0.00486619 0.00116037 0.000305485 6.32823e-05 1.0529e-05 1.25088e-06 9.65983e-08 5.06079e-09 1.37922e-10
 2.56407e-27 2.59011e-27 3.39164e-26 6.6147e-20 1.62151e-14 4.80484e-10 1.72101e-06 0.000745133 0.0389976 0.24671 0.189116 0.0461297 0.218245 0.200782 0.0310394 0.0202452 0.00611415 0.00144017 0.000359514 6.35203e-05 9.72653e-06 1.13179e-06 8.20836e-08 3.34381e-09 7.32029e-11
 2.56525e-27 2.59338e-27 3.68519e-26 7.23399e-20 1.77333e-14 5.25468e-10 1.88214e-06 0.000814894 0.0426486 0.269807 0.206734 0.0448967 0.196484 0.18078 0.0289278 0.0204715 0.00629004 0.00164513 0.000415985 7.16224e-05 9.75348e-06 9.93897e-07 6.8478e-08 2.57144e-09 4.42548e-11
 2.56658e-27 2.59695e-27 3.99768e-26 7.8932e-20 1.93492e-14 5.73352e-10 2.05365e-06 0.000889152 0.046535 0.294394 0.225498 0.0442951 0.178723 0.164308 0.0245269 0.0145827 0.00453176 0.00129877 0.000342434 6.44381e-05 8.77802e-06 8.19893e-07 4.8743e-08 1.692e-09 2.62511e-11
 2.56627e-27 2.59606e-27 3.91401e-26 7.71668e-20 1.89165e-14 5.6053e-10 2.00772e-06 0.000869268 0.0454943 0.28781 0.220481 0.0449236 0.187031 0.171891 0.0243607 0.0122852 0.00369001 0.000875745 0.000231154 4.73929e-05 6.96048e-06 6.79773e-07 3.76924e-08 1.13441e-09 1.59341e-11
 2.56611e-27 2.59562e-27 3.87587e-26 7.63622e-20 1.87193e-14 5.54685e-10 1.98679e-06 0.000860204 0.04502 0.284809 0.21819 0.0450061 0.189267 0.173967 0.024944 0.0130877 0.00385109 0.00077027 0.000186557 3.28425e-05 5.00562e-06 5.33764e-07 3.14012e-08 8.96715e-10 1.10269e-11
 2.56704e-27 2.59816e-27 4.10254e-26 8.1144e-20 1.98915e-14 5.8942e-10 2.1112e-06 0.000914071 0.0478392 0.302644 0.231795 0.0441406 0.173123 0.159112 0.0230957 0.0126135 0.00373317 0.000775811 0.000181494 2.70678e-05 3.57385e-06 3.61167e-07 2.30558e-08 7.00877e-10 8.28675e-12
 2.56789e-27 2.60045e-27 4.30252e-26 8.53628e-20 2.09257e-14 6.20065e-10 2.22097e-06 0.000961594 0.0503264 0.318379 0.243804 0.0437529 0.161735 0.148552 0.0202835 0.00885964 0.00261898 0.000567089 0.000134872 2.05572e-05 2.45796e-06 2.08031e-07 1.20944e-08 3.88263e-10 4.87486e-12
 2.56752e-27 2.59941e-27 4.20824e-26 8.33738e-20 2.04381e-14 6.05617e-10 2.16922e-06 0.000939188 0.0491537 0.31096 0.238147 0.0442762 0.169692 0.155839 0.0205843 0.00770734 0.00221054 0.000384072 8.82249e-05 1.3963e-05 1.70801e-06 1.37887e-07 6.73968e-09 1.93007e-10 2.49173e-12
 2.56823e-27 2.60136e-27 4.38305e-26 8.70616e-20 2.13421e-14 6.32405e-10 2.26517e-06 0.000980731 0.0513279 0.324715 0.248639 0.0435482 0.156781 0.143975 0.0193871 0.00796184 0.00226104 0.000340058 7.17444e-05 9.36781e-06 1.12341e-06 9.36207e-08 4.44619e-09 1.09375e-10 1.2496e-12
 2.56874e-27 2.60274e-27 4.50345e-26 8.96015e-20 2.19647e-14 6.50854e-10 2.33125e-06 0.00100934 0.0528253 0.334188 0.255868 0.0433138 0.149917 0.137609 0.0176751 0.0056626 0.00160502 0.000262486 5.51333e-05 6.24424e-06 6.4238e-07 4.7304e-08 2.27795e-09 5.48482e-11 5.49981e-13
 2.56879e-27 2.60288e-27 4.51595e-26 8.98651e-20 2.20293e-14 6.52769e-10 2.33811e-06 0.00101231 0.0529807 0.335171 0.256618 0.0432845 0.149167 0.136916 0.0175393 0.00552547 0.00153633 0.000201393 4.03001e-05 4.88256e-06 4.76332e-07 2.95232e-08 1.21734e-09 2.85161e-11 2.79937e-13
 2.56835e-27 2.60168e-27 4.40815e-26 8.7591e-20 2.14719e-14 6.3625e-10 2.27894e-06 0.000986695 0.05164 0.326689 0.250149 0.0437355 0.157145 0.144247 0.0182891 0.00538976 0.00149248 0.000192641 3.69567e-05 3.67839e-06 3.49431e-07 2.19246e-08 7.82434e-10 1.54497e-11 1.42607e-13
 2.56783e-27 2.60024e-27 4.27943e-26 8.48755e-20 2.08062e-14 6.16525e-10 2.20829e-06 0.000956105 0.0500391 0.316561 0.242424 0.0442548 0.166524 0.152872 0.0192498 0.00540918 0.00148849 0.000181633 3.40911e-05 3.31491e-06 2.83801e-07 1.54433e-08 5.48452e-10 9.74843e-12 7.58793e-14
 2.56834e-27 2.60165e-27 4.40689e-26 8.75645e-20 2.14654e-14 6.36058e-10 2.27825e-06 0.000986396 0.0516244 0.32659 0.250072 0.0436561 0.156594 0.14376 0.0185827 0.00618056 0.00170942 0.000200535 3.67911e-05 3.3956e-06 2.82309e-07 1.43558e-08 4.41184e-10 7.39075e-12 5.2949e-14
 2.56691e-27 2.59771e-27 4.05219e-26 8.00815e-20 1.9631e-14 5.81702e-10 2.08356e-06 0.000902101 0.0472127 0.298681 0.228785 0.0451761 0.183117 0.168126 0.0209131 0.00536261 0.00147958 0.000199978 3.83423e-05 3.41057e-06 2.73005e-07 1.31923e-08 3.82832e-10 5.65383e-12 3.68891e-14
#obs catch len freq
 5.97128e-42 8.28774e-34 1.39044e-26 2.81979e-20 6.91237e-15 2.04826e-10 7.33654e-07 0.000317647 0.0166244 0.105172 0.0810752 0.0423597 0.226914 0.191626 0.131921 0.127606 0.0522819 0.0194998 0.00410341 0.000475461 2.25651e-05 3.21307e-07 1.03244e-09 6.08189e-13 5.73859e-17
 6.82616e-42 9.47426e-34 1.5895e-26 3.22348e-20 7.90198e-15 2.3415e-10 8.38688e-07 0.000363123 0.0190044 0.120229 0.0926842 0.0461074 0.229665 0.184462 0.129287 0.114665 0.0450521 0.0152898 0.00289036 0.000288365 1.11421e-05 1.22088e-07 2.90304e-10 1.23759e-13 8.34827e-18
 1.02916e-41 1.42841e-33 2.39646e-26 4.85996e-20 1.19136e-14 3.53023e-10 1.26447e-06 0.000547472 0.0286525 0.181265 0.139362 0.0481781 0.202392 0.154469 0.110324 0.0893939 0.0333862 0.010185 0.00169568 0.000142792 4.4466e-06 3.74143e-08 6.58062e-11 2.02775e-14 9.76287e-19
 8.74636e-42 1.21394e-33 2.03663e-26 4.13025e-20 1.01248e-14 3.00017e-10 1.07461e-06 0.00046527 0.0243504 0.15405 0.118916 0.0600662 0.262665 0.1834 0.0964071 0.0680006 0.0241009 0.00656226 0.000948199 6.60383e-05 1.62766e-06 1.0433e-08 1.35648e-11 3.02553e-15 1.04064e-19
 1.21149e-41 1.68147e-33 2.82101e-26 5.72096e-20 1.40243e-14 4.15565e-10 1.48848e-06 0.000644462 0.0337286 0.213379 0.164113 0.0537979 0.192852 0.13556 0.111149 0.0714116 0.0186382 0.0041747 0.000520014 2.95566e-05 5.66592e-07 2.72879e-09 2.60624e-12 4.20481e-16 1.03495e-20
 1.28298e-41 1.78069e-33 2.98747e-26 6.05854e-20 1.48518e-14 4.40086e-10 1.57631e-06 0.00068249 0.0357188 0.225971 0.174049 0.0636347 0.220267 0.13773 0.0769828 0.0464882 0.0153333 0.00287553 0.000254617 1.12669e-05 1.65673e-07 5.9158e-10 4.10675e-13 4.76357e-17 8.37267e-22
 1.16712e-41 1.61989e-33 2.7177e-26 5.51144e-20 1.35106e-14 4.00345e-10 1.43397e-06 0.00062086 0.0324933 0.205567 0.158754 0.0695848 0.235787 0.143292 0.0934899 0.0474203 0.0108819 0.00194178 0.000161226 5.03355e-06 5.24973e-08 1.36402e-10 6.81763e-14 5.6398e-18 7.03589e-23
 1.45209e-41 2.0154e-33 3.38125e-26 6.85712e-20 1.68094e-14 4.98094e-10 1.78409e-06 0.00077245 0.0404269 0.255757 0.197001 0.0645517 0.184251 0.112333 0.0901115 0.0433185 0.0100312 0.00135505 8.62934e-05 2.29195e-06 1.71723e-08 3.02491e-11 1.05345e-14 6.14575e-19 5.40657e-24
 1.67575e-41 2.32584e-33 3.90207e-26 7.91332e-20 1.93986e-14 5.74815e-10 2.0589e-06 0.00089143 0.0466539 0.295152 0.227297 0.0688494 0.175215 0.0946688 0.0579188 0.0260183 0.00647937 0.000811863 4.11689e-05 7.84902e-07 4.47095e-09 5.67924e-12 1.33776e-15 5.27603e-20 3.19671e-25
 1.64274e-41 2.28001e-33 3.82519e-26 7.7574e-20 1.90164e-14 5.63489e-10 2.01833e-06 0.000873866 0.0457347 0.289339 0.223305 0.0771115 0.19026 0.0959193 0.0536354 0.0196849 0.00369184 0.000422757 1.98649e-05 2.9765e-07 1.19273e-09 1.07412e-12 1.80465e-16 4.92316e-21 2.01719e-26
 1.56018e-41 2.16543e-33 3.63296e-26 7.36756e-20 1.80607e-14 5.35172e-10 1.9169e-06 0.00082995 0.0434363 0.274802 0.212681 0.0839406 0.199183 0.0999118 0.0620025 0.0199278 0.00302093 0.000252568 9.15632e-06 1.15927e-07 3.61704e-10 2.30116e-13 2.65787e-17 5.04081e-22 1.44256e-27
 1.52032e-41 2.1101e-33 3.54013e-26 7.17931e-20 1.75992e-14 5.21497e-10 1.86792e-06 0.000808744 0.0423265 0.267785 0.2078 0.0892937 0.199558 0.101139 0.0677501 0.0203456 0.00298742 0.000199635 5.06477e-06 4.51813e-08 1.07449e-10 5.21536e-14 4.3522e-18 5.71957e-23 1.12072e-28
 1.9287e-41 2.67691e-33 4.49107e-26 9.10779e-20 2.23267e-14 6.6158e-10 2.36967e-06 0.00102599 0.0536961 0.33971 0.262232 0.0761902 0.135881 0.0690351 0.0468937 0.0132899 0.00192593 0.000115592 2.38919e-06 1.48493e-08 2.35951e-11 8.04159e-15 4.90458e-19 4.70482e-24 6.5759e-30
 1.62419e-41 2.25427e-33 3.782e-26 7.66982e-20 1.88017e-14 5.57128e-10 1.99554e-06 0.000864 0.0452183 0.286092 0.223259 0.10719 0.205395 0.082699 0.037951 0.0098762 0.00137696 7.582e-05 1.38723e-06 6.89739e-09 7.81482e-12 1.77119e-15 7.20495e-20 4.77036e-25 4.73032e-31
 1.33841e-41 1.85763e-33 3.11655e-26 6.32031e-20 1.54935e-14 4.59101e-10 1.64442e-06 0.000711979 0.0372622 0.235771 0.18615 0.12014 0.225723 0.11223 0.0676166 0.0131197 0.00121682 5.66302e-05 9.07517e-07 3.79431e-09 3.39858e-12 5.64961e-16 1.58247e-20 6.98671e-26 4.61739e-32
 1.21871e-41 1.69149e-33 2.83783e-26 5.75505e-20 1.41078e-14 4.18041e-10 1.49735e-06 0.000648303 0.0339296 0.2147 0.17096 0.124172 0.220245 0.129204 0.08536 0.0187951 0.00192143 6.26674e-05 6.98222e-07 2.32068e-09 1.67081e-12 2.16422e-16 4.54124e-21 1.44262e-26 6.62876e-33
 1.63627e-41 2.27104e-33 3.81014e-26 7.72688e-20 1.89415e-14 5.61272e-10 2.01039e-06 0.000870428 0.0455548 0.28824 0.226185 0.104621 0.157236 0.0978148 0.0629395 0.0148429 0.00163741 5.56334e-05 5.20227e-07 1.17096e-09 5.93771e-13 5.78692e-17 9.23968e-22 2.20533e-27 7.47402e-34
 1.48662e-41 2.06333e-33 3.46167e-26 7.02019e-20 1.72092e-14 5.09939e-10 1.82652e-06 0.00079082 0.0413884 0.261919 0.209508 0.140593 0.202625 0.0888663 0.0433227 0.00988261 0.00106528 3.68362e-05 3.39684e-07 6.69731e-10 2.50404e-13 1.65497e-17 1.82946e-22 3.14531e-28 7.82979e-35
 1.5443e-41 2.14339e-33 3.59598e-26 7.29257e-20 1.78769e-14 5.29725e-10 1.89739e-06 0.000821503 0.0429943 0.272091 0.217604 0.133819 0.178849 0.0990697 0.0468689 0.00726789 0.000593489 1.86357e-05 1.60231e-07 2.90819e-10 9.45935e-14 4.97152e-18 3.98555e-23 4.70972e-29 8.00075e-36
 1.52526e-41 2.11696e-33 3.55164e-26 7.20265e-20 1.76565e-14 5.23193e-10 1.87399e-06 0.000811374 0.0424643 0.268773 0.217342 0.147517 0.18263 0.0926224 0.0405584 0.00680756 0.000462022 9.91822e-06 6.64647e-08 1.02604e-10 2.86002e-14 1.26498e-18 8.24761e-24 7.57492e-30 9.52831e-37
 1.64522e-41 2.28345e-33 3.83096e-26 7.76912e-20 1.90451e-14 5.64341e-10 2.02138e-06 0.000875186 0.045804 0.289924 0.23416 0.143254 0.162162 0.0852837 0.0334329 0.00480063 0.000296075 5.54895e-06 2.66607e-08 2.88998e-11 6.13447e-15 2.15931e-19 1.12939e-24 8.26729e-31 8.17808e-38
 1.59692e-41 2.21642e-33 3.7185e-26 7.54104e-20 1.8486e-14 5.47773e-10 1.96203e-06 0.000849493 0.0444594 0.281482 0.231206 0.162108 0.170255 0.0789837 0.0269762 0.00349631 0.000178839 2.74791e-06 1.08362e-08 8.81448e-12 1.29862e-15 3.19539e-20 1.21893e-25 6.71958e-32 5.07907e-39
 1.64422e-41 2.28207e-33 3.82864e-26 7.76441e-20 1.90335e-14 5.63999e-10 2.02015e-06 0.000874656 0.0457765 0.28986 0.239028 0.160739 0.158528 0.0786175 0.0239091 0.00255589 0.000107787 1.34058e-06 4.11859e-09 2.59242e-12 2.89116e-16 5.13475e-21 1.36225e-26 5.19021e-33 2.75432e-40
 1.65108e-41 2.2916e-33 3.84463e-26 7.79682e-20 1.9113e-14 5.66353e-10 2.02859e-06 0.000878308 0.0459678 0.291153 0.243196 0.170608 0.155515 0.0711885 0.0195059 0.00191809 6.59282e-05 6.29947e-07 1.47792e-09 7.00468e-13 5.81406e-17 7.65518e-22 1.49179e-27 4.09797e-34 1.53554e-41
 1.69121e-41 2.34728e-33 3.93805e-26 7.98629e-20 1.95775e-14 5.80116e-10 2.07788e-06 0.000899651 0.0470851 0.298304 0.251049 0.17267 0.147122 0.0658204 0.0157029 0.0013072 3.78132e-05 2.91791e-07 5.14807e-10 1.78556e-13 1.08153e-17 1.03637e-22 1.46541e-28 2.91774e-35 7.91548e-43
 1.68218e-41 2.33475e-33 3.91703e-26 7.94366e-20 1.9473e-14 5.77019e-10 2.06679e-06 0.000894849 0.0468342 0.296847 0.253881 0.181757 0.144843 0.0609724 0.0129916 0.000955042 2.2615e-05 1.38468e-07 1.89936e-10 4.93513e-14 2.16602e-18 1.48382e-23 1.49801e-29 2.13238e-36 4.13821e-44
 1.47191e-41 2.04291e-33 3.42741e-26 6.95071e-20 1.70389e-14 5.04892e-10 1.80844e-06 0.000782994 0.0409811 0.260098 0.235163 0.214968 0.166945 0.0676871 0.0125742 0.000783361 1.52775e-05 7.42947e-08 7.78022e-11 1.5152e-14 4.92123e-19 2.454e-24 1.77516e-30 1.79293e-37 2.46008e-45
 1.49644e-41 2.07696e-33 3.48454e-26 7.06657e-20 1.73229e-14 5.13308e-10 1.83859e-06 0.000796045 0.0416639 0.264332 0.234733 0.197378 0.16733 0.0785546 0.0143663 0.000829878 1.42081e-05 5.89721e-08 5.18401e-11 8.3272e-15 2.20077e-19 8.87741e-25 5.17998e-31 4.20464e-38 4.6125e-46
 1.55167e-41 2.15361e-33 3.61314e-26 7.32737e-20 1.79622e-14 5.32252e-10 1.90644e-06 0.000825424 0.0432015 0.274048 0.241677 0.194749 0.158661 0.071719 0.014212 0.000889795 1.4881e-05 5.66503e-08 4.42834e-11 6.24744e-15 1.44208e-19 5.05547e-25 2.55172e-31 1.78658e-38 1.68882e-46
#spawning biomass
 18059.7 18271 20369.3 22117.7 26728.9 32291.9 36548 45871.4 64113 78578.4 89651 107482 155219 196290 175056 147090 141231 139460 132995 135552 141947 145718 156475 166748 188424 192134 170597 159435 164140 263193 197065 91481.4 44408.5 26921.4 21097.5 19291.4 18758 18606 18563.7 18552.2 18549.1 18548.3 18548.1 18548 18548 18548 18548 18548 18548 18548 18548 18548 18548 18548 18548 18548 18548 18548 18548 18548 18548 18548 18548 18548 18548 18548 18548 18548 18548 18548 18548 18548 18548 18548 18548 18548 18548 18548 18548 18548 18548 18548 18548 18548 18548 18548 18548 18548 18548 18548 18548 18548 18548 18548 18548 18548 18548 18548 18548 18548 18548 18548 18548 18548 18548 18548 18548 18548 18548 18548 18548 18548 18548 18548 18548 18548 18548 18548 18548 18548 18548 18548 18548 18548 18548 18548 18548 18548 18548 0 0 0 0 0 0 0 0 0 0 0 0 0 0 0 0 0 0 0 0 0 0 0 0 0
