SBPRF35
0.065223
Curr Bio
145762
B35
94072.4
F35
1.93259
FOFL
1.93259
OFL
110028
Bzero
18635.1
#pred survey bio
 51003.7 41320.9 44985.2 49504.3 51707.7 62326.3 70778.1 74171.7 65763.1 78315.1 92485.6 103351 107378 118381 125118 133639 150005 168754 195676 188906 184335 178540 179075 187597 206472 229101 218380 187001 4.16959e+06 2.14322e+06 746320 356942 262695 231398 219283 214411 212433 211628 211299 211165 211110 211087 211078 211074 211072 211072 211071 211071 211071 211071 211071 211071 211071 211071 211071 211071 211071 211071 211071 211071 211071 211071 211071 211071 211071 211071 211071 211071 211071 211071 211071 211071 211071 211071 211071 211071 211071 211071 211071 211071 211071 211071 211071 211071 211071 211071 211071 211071 211071 211071 211071 211071 211071 211071 211071 211071 211071 211071 211071 211071 211071 211071 211071 211071 211071 211071 211071 211071 211071 211071 211071 211071 211071 211071 211071 211071 211071 211071 211071 211071 211071 211071 211071 211071 211071 211071 211071 211071 0 0 0 0 0 0 0 0 0 0 0 0 0 0 0 0 0 0 0 0 0 0 0 0 0
#obs survey bio
 42953.1 45233.7 60872.5 40916.6 59725.1 66430.5 58417.6 91750.4 59760.1 65493.3 100967 101020 97733.9 114697 140798 139230 153234 136326 221721 184755 179910 152784 143199 225068 313327 229579 198316 156828
#pred catch bio
 27937.5 22098 24262.4 29003.4 26146.5 35402.2 40766.3 48352.9 31474.2 38243.8 46003.9 62885.8 64013.2 65641 70526 74269.1 83263.3 83321.9 112642 108661 104337 100934 97827.7 92538.9 97776.3 126998 133783 103961 110028 62415.4 15157.9 6188.55 5385.04 5326.67 5322.74 5322.49 5322.47 5322.47 5322.47 5322.47 5322.47 5322.47 5322.47 5322.47 5322.47 5322.47 5322.47 5322.47 5322.47 5322.47 5322.47 5322.47 5322.47 5322.47 5322.47 5322.47 5322.47 5322.47 5322.47 5322.47 5322.47 5322.47 5322.47 5322.47 5322.47 5322.47 5322.47 5322.47 5322.47 5322.47 5322.47 5322.47 5322.47 5322.47 5322.47 5322.47 5322.47 5322.47 5322.47 5322.47 5322.47 5322.47 5322.47 5322.47 5322.47 5322.47 5322.47 5322.47 5322.47 5322.47 5322.47 5322.47 5322.47 5322.47 5322.47 5322.47 5322.47 5322.47 5322.47 5322.47 5322.47 5322.47 5322.47 5322.47 5322.47 5322.47 5322.47 5322.47 5322.47 5322.47 5322.47 5322.47 5322.47 5322.47 5322.47 5322.47 5322.47 5322.47 5322.47 5322.47 5322.47 5322.47 5322.47 5322.47 5322.47 5322.47 5322.47 5322.47 0 0 0 0 0 0 0 0 0 0 0 0 0 0 0 0 0 0 0 0 0 0 0 0 0
#obs catch bio
 23173.2 23047.4 23594.5 28761.7 24696.8 35740.6 40740.1 47340.6 29921.6 38093.6 42851.9 62464.1 68253.6 66201.9 69749.5 74124.6 83981.6 86012.1 110524 107529 106475 106015 100607 89783.9 95930.6 128234 142176 103554
#pred cpue bio
 42207.1 29053.4 31870.5 34949.2 36232.7 43620.5 48888.6 52602.2 46721.8 55588.7 65439.5 74234.4 73956.6 81726.8 89594.1 93732.7 104607 117887 139701 136201 132004 129169 127611 133831 149082 166002 159179 136270 3.01497e+06 2.00724e+06 719990 307061 208841 176945 164737 159849 157869 157064 156735 156601 156546 156523 156514 156510 156508 156508 156507 156507 156507 156507 156507 156507 156507 156507 156507 156507 156507 156507 156507 156507 156507 156507 156507 156507 156507 156507 156507 156507 156507 156507 156507 156507 156507 156507 156507 156507 156507 156507 156507 156507 156507 156507 156507 156507 156507 156507 156507 156507 156507 156507 156507 156507 156507 156507 156507 156507 156507 156507 156507 156507 156507 156507 156507 156507 156507 156507 156507 156507 156507 156507 156507 156507 156507 156507 156507 156507 156507 156507 156507 156507 156507 156507 156507 156507 156507 156507 156507 156507 0 0 0 0 0 0 0 0 0 0 0 0 0 0 0 0 0 0 0 0 0 0 0 0 0
#obs cpue bio
 21173.8 22703.9 35203.5 41225.8 41254.5 34467.6 57173.3 59444.9 55628.7 62043.7 102172 62070.3 50931.1 92291 94990.2 85365.1 94079.4 106493 190245 135331 107404 116482 159124 145076 101466 147640 128511 183278
#pred surv len freq
 3.57128e-11 1.67976e-09 5.47086e-08 1.23382e-06 1.92678e-05 0.000208354 0.00156014 0.00808983 0.0290537 0.0723208 0.125122 0.152108 0.135312 0.0998237 0.0762241 0.0649012 0.0540454 0.0422711 0.0329555 0.0264469 0.0219856 0.0190686 0.0166044 0.0132033 0.00867394
 4.31658e-11 2.03031e-09 6.61259e-08 1.4913e-06 2.32889e-05 0.000251836 0.00188573 0.00977795 0.0351146 0.08739 0.151072 0.18308 0.16097 0.114504 0.0812273 0.0629161 0.0457873 0.0283846 0.015796 0.00874107 0.00509868 0.00323624 0.00223923 0.00155275 0.000949702
 4.1353e-11 1.94505e-09 6.33489e-08 1.42868e-06 2.23108e-05 0.00024126 0.00180655 0.00936754 0.033643 0.0837504 0.144935 0.176374 0.157433 0.117011 0.0893161 0.0727699 0.0531683 0.0316812 0.0159525 0.00730111 0.00311502 0.00125116 0.000511805 0.000233603 0.000112679
 4.18635e-11 1.96906e-09 6.4131e-08 1.44631e-06 2.25863e-05 0.000244238 0.00182884 0.00948311 0.0340574 0.0847746 0.146658 0.178238 0.158352 0.116156 0.0869064 0.0701379 0.0517379 0.0317553 0.0167329 0.00792912 0.00332132 0.00118094 0.000357321 9.75921e-05 2.64314e-05
 4.21275e-11 1.98148e-09 6.45354e-08 1.45543e-06 2.27287e-05 0.000245779 0.00184038 0.00954292 0.0342721 0.0853089 0.14758 0.179349 0.159304 0.116756 0.0871397 0.0699354 0.0509824 0.030577 0.0155694 0.00715244 0.00295866 0.00105288 0.000313798 7.8123e-05 1.63378e-05
 4.24472e-11 1.99651e-09 6.50252e-08 1.46648e-06 2.29012e-05 0.000247644 0.00185434 0.00961529 0.0345316 0.0859498 0.148656 0.180501 0.159829 0.116105 0.0854522 0.0681004 0.049964 0.0305955 0.0161092 0.00764958 0.0032222 0.00115008 0.000341284 8.43108e-05 1.72516e-05
 4.30637e-11 2.02551e-09 6.59695e-08 1.48778e-06 2.32338e-05 0.00025124 0.00188127 0.0097549 0.0350326 0.0871935 0.150784 0.182976 0.161664 0.116659 0.0847911 0.0666689 0.0481701 0.0287625 0.0145858 0.00667665 0.00275818 0.000983065 0.000293949 7.31535e-05 1.49891e-05
 4.11421e-11 1.93513e-09 6.30259e-08 1.42139e-06 2.21971e-05 0.00024003 0.00179733 0.0093198 0.0334718 0.0833269 0.14422 0.175589 0.157004 0.117266 0.0902069 0.073884 0.0540469 0.0321342 0.0160469 0.007174 0.00288108 0.000994848 0.000287819 6.96625e-05 1.40367e-05
 4.10218e-11 1.92947e-09 6.28416e-08 1.41723e-06 2.21321e-05 0.000239328 0.00179208 0.00929255 0.0333741 0.0830845 0.143808 0.175119 0.156689 0.117255 0.0904799 0.0742973 0.0544486 0.0324395 0.0162269 0.0072385 0.00287541 0.000970639 0.000271184 6.28345e-05 1.20991e-05
 4.17626e-11 1.96431e-09 6.39764e-08 1.44283e-06 2.25318e-05 0.00024365 0.00182444 0.00946025 0.0339751 0.0845684 0.146292 0.177749 0.157779 0.115464 0.0861484 0.0696555 0.0519456 0.0326518 0.0178417 0.00877011 0.00376129 0.00134187 0.000391585 9.36991e-05 1.83139e-05
 4.18229e-11 1.96715e-09 6.40688e-08 1.44491e-06 2.25644e-05 0.000244002 0.00182707 0.00947392 0.0340243 0.0846919 0.146513 0.178049 0.158145 0.115924 0.0866442 0.0699108 0.0516575 0.0318888 0.0170536 0.00832612 0.00365664 0.00137779 0.000433253 0.000112078 2.34274e-05
 4.07119e-11 1.91489e-09 6.23669e-08 1.40653e-06 2.1965e-05 0.00023752 0.00177854 0.00922234 0.0331218 0.0824557 0.142714 0.17376 0.155392 0.116145 0.0895918 0.073938 0.0550542 0.0339796 0.0180763 0.00873535 0.00378379 0.00140785 0.000441586 0.000116179 2.52471e-05
 4.33524e-11 2.03909e-09 6.64118e-08 1.49775e-06 2.33896e-05 0.000252925 0.00189388 0.00982027 0.035267 0.0877736 0.151764 0.184056 0.162269 0.116358 0.083676 0.0653397 0.0472663 0.0284704 0.0146603 0.00682317 0.00285274 0.0010257 0.000310409 7.89476e-05 1.67407e-05
 4.28863e-11 2.01716e-09 6.56978e-08 1.48165e-06 2.31381e-05 0.000250205 0.00187352 0.00971474 0.0348887 0.0868386 0.150193 0.182362 0.161455 0.117201 0.0859951 0.0679284 0.0488109 0.0286276 0.0140499 0.00616997 0.00245251 0.000846379 0.000246341 6.01755e-05 1.22621e-05
 4.05453e-11 1.90706e-09 6.21117e-08 1.40077e-06 2.18751e-05 0.000236548 0.00177127 0.00918465 0.0329869 0.0821244 0.142171 0.173244 0.155393 0.117095 0.0913745 0.0757108 0.0558487 0.0335657 0.0170183 0.00770995 0.00310199 0.00105744 0.000298286 6.98968e-05 1.36356e-05
 4.23449e-11 1.9917e-09 6.48684e-08 1.46294e-06 2.2846e-05 0.000247047 0.00184987 0.00959212 0.0344484 0.0857433 0.148302 0.180088 0.159517 0.115998 0.0855423 0.0683306 0.0502823 0.0309419 0.0163983 0.00782031 0.00328537 0.00115829 0.000335624 7.99733e-05 1.56117e-05
 4.24863e-11 1.99835e-09 6.50851e-08 1.46783e-06 2.29223e-05 0.000247872 0.00185605 0.00962416 0.0345636 0.0860308 0.148806 0.180726 0.160165 0.116622 0.0860982 0.0685598 0.0498736 0.029958 0.0153216 0.0070873 0.00295737 0.00106306 0.000319699 7.95667e-05 1.61606e-05
 4.23517e-11 1.99202e-09 6.48789e-08 1.46318e-06 2.28497e-05 0.000247087 0.00185017 0.00959368 0.0344542 0.0857599 0.148346 0.180208 0.15984 0.116669 0.0864901 0.0690954 0.050335 0.0302421 0.0154345 0.00708539 0.00291112 0.00102371 0.000301185 7.40746e-05 1.51239e-05
 4.10699e-11 1.93173e-09 6.29153e-08 1.4189e-06 2.21581e-05 0.000239609 0.00179418 0.00930341 0.0334127 0.0831771 0.143943 0.175169 0.156368 0.116273 0.0889427 0.07293 0.0540921 0.0332259 0.0175157 0.00833001 0.00351678 0.00125821 0.000373682 9.2067e-05 1.87022e-05
 4.02546e-11 1.89339e-09 6.16663e-08 1.39073e-06 2.17182e-05 0.000234852 0.00175857 0.00911881 0.0327506 0.081537 0.141162 0.17205 0.154437 0.116631 0.0913781 0.0760857 0.0565517 0.034506 0.0179759 0.00845903 0.00356078 0.00128082 0.000384518 9.58948e-05 1.96712e-05
 4.0895e-11 1.92351e-09 6.26473e-08 1.41285e-06 2.20637e-05 0.000238588 0.00178654 0.0092638 0.0332706 0.0828245 0.143342 0.174477 0.155879 0.116186 0.0892293 0.0734134 0.0545995 0.0336642 0.0178437 0.00853443 0.00361932 0.00130035 0.000388502 9.65785e-05 1.98415e-05
 4.00673e-11 1.88457e-09 6.13794e-08 1.38426e-06 2.16172e-05 0.00023376 0.00175038 0.00907639 0.0325983 0.0811592 0.140516 0.171301 0.15389 0.116485 0.0916087 0.0765352 0.057075 0.0350133 0.0183968 0.00874429 0.00371466 0.00134731 0.000407844 0.000102553 2.12049e-05
 4.1317e-11 1.94335e-09 6.32938e-08 1.42743e-06 2.22914e-05 0.00024105 0.00180497 0.00935935 0.0336133 0.0836733 0.144781 0.176087 0.156862 0.115963 0.0879103 0.0717187 0.0532882 0.0330022 0.0176436 0.00852677 0.00365303 0.00132631 0.000400943 0.000100914 2.0976e-05
 4.11047e-11 1.93337e-09 6.29685e-08 1.4201e-06 2.21769e-05 0.000239812 0.0017957 0.00931129 0.033441 0.0832475 0.144065 0.175314 0.156489 0.11634 0.0889491 0.0728607 0.0539342 0.033019 0.0173521 0.00826935 0.00353422 0.00129464 0.000397116 0.000101344 2.12642e-05
 4.04737e-11 1.90369e-09 6.2002e-08 1.3983e-06 2.18365e-05 0.000236131 0.00176814 0.0091684 0.0329282 0.0819746 0.141887 0.172784 0.154617 0.115789 0.0896439 0.0743301 0.0557451 0.0348498 0.0188774 0.00926273 0.00402866 0.00148646 0.000457789 0.000117579 2.49346e-05
 4.04126e-11 1.90081e-09 6.19083e-08 1.39619e-06 2.18035e-05 0.000235774 0.00176546 0.00915453 0.0328783 0.0818493 0.141664 0.17248 0.154246 0.115315 0.0890935 0.0739259 0.0557703 0.0353421 0.0195785 0.00987424 0.0044194 0.00168045 0.000533536 0.00014067 3.03957e-05
 3.96329e-11 1.86414e-09 6.07138e-08 1.36925e-06 2.13828e-05 0.000231225 0.00173141 0.008978 0.0322453 0.0802833 0.13902 0.169577 0.152662 0.116235 0.0922586 0.0776456 0.0582318 0.0360265 0.0192156 0.00934267 0.00409228 0.00154665 0.000493593 0.000131881 2.90325e-05
 3.95313e-11 1.85937e-09 6.05583e-08 1.36574e-06 2.1328e-05 0.000230633 0.00172697 0.00895502 0.0321629 0.0800801 0.138681 0.169222 0.152528 0.116518 0.0929229 0.0783844 0.0586915 0.036081 0.0189869 0.00902737 0.00383103 0.00139033 0.000424328 0.000109108 2.3459e-05
#obs surv len freq
 4.21902e-11 1.98442e-09 6.46313e-08 1.4576e-06 2.27625e-05 0.000246144 0.00184311 0.00955708 0.0343228 0.085432 0.147774 0.179495 0.159145 0.11604 0.0859089 0.0686775 0.0503052 0.0307114 0.016293 0.00807468 0.00375951 0.00157985 0.000580922 0.000182598 4.77859e-05
 4.02187e-11 1.89169e-09 6.16112e-08 1.38949e-06 2.16989e-05 0.000234643 0.00175699 0.00911066 0.0327215 0.0814641 0.141035 0.171894 0.154294 0.116511 0.0912599 0.0759453 0.0564017 0.0344176 0.0180455 0.00870608 0.00388276 0.00154747 0.000541324 0.000164378 4.23027e-05
 4.25538e-11 2.00153e-09 6.51884e-08 1.47016e-06 2.29587e-05 0.000248266 0.001859 0.00963939 0.0346179 0.0861609 0.148997 0.180802 0.159734 0.115287 0.0839897 0.0666444 0.0492831 0.0309039 0.0170032 0.00859745 0.00392563 0.00155849 0.000531051 0.000154817 3.80978e-05
 4.37405e-11 2.05734e-09 6.70063e-08 1.51116e-06 2.3599e-05 0.000255189 0.00191084 0.00990816 0.0355826 0.0885568 0.153105 0.18562 0.163443 0.116741 0.0832823 0.0643779 0.0459409 0.0270585 0.0135566 0.00627328 0.00274809 0.00109461 0.000380327 0.000112122 2.73893e-05
 4.07649e-11 1.91739e-09 6.2448e-08 1.40836e-06 2.19936e-05 0.000237829 0.00178086 0.00923438 0.0331656 0.0825676 0.14293 0.17413 0.156061 0.117317 0.0911532 0.0751475 0.0550468 0.0326979 0.0163497 0.00740788 0.00309193 0.0011509 0.000374637 0.000105942 2.55062e-05
 4.47368e-11 2.1042e-09 6.85325e-08 1.54558e-06 2.41365e-05 0.000261001 0.00195435 0.0101337 0.0363917 0.09056 0.156497 0.189398 0.165694 0.116069 0.0799861 0.06031 0.0430357 0.0258736 0.0133862 0.00630527 0.00269349 0.00100139 0.00031753 8.56697e-05 1.95026e-05
 4.16258e-11 1.95788e-09 6.37668e-08 1.4381e-06 2.2458e-05 0.000242852 0.00181846 0.00942932 0.033865 0.0843022 0.145886 0.177515 0.158391 0.117579 0.0894925 0.0725398 0.0524718 0.0306495 0.0149539 0.00662364 0.00274516 0.0010261 0.00033247 9.11651e-05 2.0709e-05
 4.25952e-11 2.00347e-09 6.52517e-08 1.47159e-06 2.2981e-05 0.000248507 0.0018608 0.0096488 0.0346521 0.0862496 0.149176 0.181137 0.160406 0.116538 0.0857194 0.0680909 0.0495299 0.0298064 0.0152934 0.0071016 0.00298063 0.00108738 0.000338948 9.02842e-05 2.03104e-05
 4.07786e-11 1.91803e-09 6.24689e-08 1.40883e-06 2.20009e-05 0.000237909 0.00178145 0.00923745 0.0331764 0.0825925 0.142959 0.174099 0.155823 0.116714 0.0902435 0.0743515 0.0548596 0.0332034 0.0171707 0.00811458 0.0035103 0.00133067 0.00042918 0.00011614 2.59686e-05
 4.33136e-11 2.03726e-09 6.63523e-08 1.49641e-06 2.33686e-05 0.000252698 0.00189218 0.00981146 0.0352355 0.0876941 0.151622 0.183862 0.16203 0.116048 0.0833031 0.0650334 0.0472033 0.0287033 0.0150764 0.00725606 0.00318621 0.00122496 0.000402683 0.000111805 2.57057e-05
 4.20033e-11 1.97563e-09 6.43451e-08 1.45114e-06 2.26617e-05 0.000245054 0.00183495 0.00951479 0.0341714 0.085059 0.147157 0.178874 0.15901 0.116805 0.0874802 0.0703239 0.0511858 0.0305856 0.0155618 0.00726021 0.00314502 0.0012153 0.000405732 0.000114792 2.69182e-05
 4.1469e-11 1.9505e-09 6.35265e-08 1.43268e-06 2.23734e-05 0.000241937 0.00181161 0.00939378 0.0337372 0.0839819 0.145318 0.17676 0.15752 0.116548 0.0883794 0.0718454 0.0528006 0.0319842 0.0165781 0.0078394 0.0033857 0.00128521 0.000420162 0.000117384 2.75273e-05
 4.43083e-11 2.08405e-09 6.78762e-08 1.53078e-06 2.39053e-05 0.000258502 0.00193564 0.0100367 0.0360436 0.0896974 0.155031 0.187738 0.164612 0.116107 0.0810417 0.0617607 0.0442503 0.0266315 0.0138133 0.0065685 0.00286436 0.00109896 0.000361492 0.000100721 2.33785e-05
 3.93703e-11 1.85179e-09 6.03116e-08 1.36018e-06 2.12412e-05 0.000229693 0.00171994 0.00891859 0.0320328 0.0797613 0.138166 0.168771 0.152684 0.117765 0.0950776 0.080333 0.059199 0.035018 0.0173628 0.00783628 0.00329927 0.00124952 0.000411456 0.000115427 2.69726e-05
 4.19372e-11 1.97253e-09 6.42439e-08 1.44886e-06 2.2626e-05 0.000244669 0.00183206 0.00949977 0.034117 0.084919 0.146883 0.178394 0.158116 0.115216 0.0853616 0.0687068 0.0512565 0.0323868 0.0179047 0.00898705 0.00399298 0.00151157 0.000484264 0.000132034 3.03394e-05
 4.35351e-11 2.04768e-09 6.66917e-08 1.50407e-06 2.34881e-05 0.000253991 0.00190186 0.00986164 0.0354155 0.0881408 0.152385 0.184746 0.162669 0.116198 0.0829768 0.0643942 0.0464231 0.0279552 0.0145498 0.00703855 0.00318386 0.00128323 0.000442102 0.000126764 2.96267e-05
 4.06629e-11 1.91259e-09 6.22917e-08 1.40484e-06 2.19385e-05 0.000237234 0.0017764 0.00921127 0.0330826 0.0823618 0.142578 0.173724 0.155766 0.117243 0.0912769 0.0753639 0.0552643 0.0328929 0.0165392 0.00759265 0.00324448 0.00124822 0.000421017 0.00012224 2.96863e-05
 4.20697e-11 1.97875e-09 6.44467e-08 1.45344e-06 2.26975e-05 0.000245441 0.00183785 0.00952978 0.0342249 0.0851885 0.147356 0.179001 0.158756 0.115873 0.0859922 0.0690304 0.0509298 0.0314453 0.0168161 0.00819664 0.0035948 0.00136441 0.000442526 0.000122801 2.88399e-05
 3.97065e-11 1.8676e-09 6.08265e-08 1.37179e-06 2.14225e-05 0.000231654 0.00173462 0.00899468 0.0323054 0.0804335 0.139285 0.169925 0.15305 0.116668 0.0926905 0.0778424 0.0579325 0.0352954 0.018457 0.00889537 0.00396294 0.00156161 0.000526861 0.000149309 3.48905e-05
 4.23342e-11 1.9912e-09 6.4852e-08 1.46258e-06 2.28402e-05 0.000246985 0.0018494 0.00958968 0.0344397 0.0857202 0.148255 0.179996 0.159327 0.115633 0.0850097 0.0678085 0.0500148 0.0310407 0.0167925 0.00834093 0.00375749 0.00147738 0.000498567 0.000143092 3.42022e-05
 3.89009e-11 1.82971e-09 5.95924e-08 1.34396e-06 2.09879e-05 0.000226954 0.00169943 0.00881225 0.0316509 0.0788112 0.136526 0.166792 0.150977 0.116658 0.09457 0.0805134 0.0602803 0.0368791 0.0193979 0.00942906 0.00425014 0.00170284 0.00058805 0.000171661 4.14604e-05
 3.96151e-11 1.8633e-09 6.06866e-08 1.36864e-06 2.13732e-05 0.000231121 0.00173063 0.00897395 0.0322305 0.0802431 0.138929 0.169367 0.152158 0.115221 0.0908224 0.0764273 0.0579939 0.0368859 0.0205676 0.0105212 0.00484072 0.001932 0.00066134 0.000193021 4.70903e-05
 4.26397e-11 2.00557e-09 6.532e-08 1.47313e-06 2.30051e-05 0.000248767 0.00186275 0.00965885 0.0346877 0.0863342 0.149293 0.181146 0.159985 0.115349 0.0838536 0.0663458 0.0488735 0.0304925 0.0167478 0.00856923 0.00403629 0.0016747 0.000595186 0.000177831 4.37745e-05
 3.87165e-11 1.82104e-09 5.931e-08 1.33759e-06 2.08884e-05 0.000225879 0.00169138 0.00877052 0.0315013 0.078441 0.1359 0.166104 0.150598 0.116864 0.0952964 0.0813607 0.0608229 0.0370039 0.0192949 0.00931915 0.00421582 0.00171973 0.000613608 0.000187063 4.73492e-05
 4.14349e-11 1.9489e-09 6.34744e-08 1.43151e-06 2.2355e-05 0.000241738 0.00181012 0.00938601 0.0337087 0.0839058 0.14515 0.176385 0.156644 0.11481 0.0859404 0.0698337 0.0525401 0.0336275 0.0189877 0.0098151 0.00453293 0.00180879 0.000620582 0.000183125 4.56814e-05
 3.96445e-11 1.86468e-09 6.07316e-08 1.36965e-06 2.13891e-05 0.000231293 0.00173191 0.00898062 0.0322548 0.080306 0.139055 0.1696 0.152616 0.116057 0.091928 0.0772169 0.05782 0.0357865 0.0192861 0.00971046 0.00455706 0.00190229 0.000681895 0.000205177 5.0826e-05
 3.94467e-11 1.85538e-09 6.04287e-08 1.36282e-06 2.12824e-05 0.000230139 0.00172327 0.00893583 0.0320939 0.0799053 0.13836 0.168749 0.151845 0.115482 0.0915859 0.0772669 0.0584579 0.0368828 0.0203549 0.0103656 0.0048104 0.00196514 0.000696623 0.000211678 5.37028e-05
 3.97259e-11 1.86851e-09 6.08562e-08 1.37246e-06 2.1433e-05 0.000231768 0.00173547 0.00899903 0.0323206 0.0804665 0.139311 0.169808 0.152476 0.11529 0.0906366 0.0760502 0.0575051 0.0364094 0.020267 0.0104681 0.004943 0.00205017 0.000731632 0.000221653 5.59038e-05
#pred catch len freq
 2.98923e-11 1.40599e-09 4.57922e-08 1.03273e-06 1.61275e-05 0.000174397 0.00130589 0.00677173 0.0243239 0.0605874 0.105095 0.129051 0.118969 0.0966785 0.0851036 0.0794827 0.0683223 0.0537458 0.0416749 0.0330068 0.02696 0.023001 0.0198081 0.0156598 0.0102603
 3.82352e-11 1.7984e-09 5.85728e-08 1.32096e-06 2.06287e-05 0.000223071 0.00167035 0.00866147 0.0311093 0.077463 0.134192 0.16395 0.148438 0.114779 0.0932071 0.0796348 0.0601318 0.0376146 0.0209023 0.0114647 0.00657968 0.00409295 0.00278504 0.0019129 0.00116492
 3.60783e-11 1.69695e-09 5.52687e-08 1.24645e-06 1.94651e-05 0.000210488 0.00157614 0.00817316 0.0293584 0.0731333 0.126896 0.155998 0.144314 0.117952 0.103115 0.0916274 0.0690305 0.0414616 0.0208939 0.00953515 0.00403876 0.00160021 0.000641577 0.00028723 0.000136996
 3.70947e-11 1.74476e-09 5.68256e-08 1.28156e-06 2.00134e-05 0.000216417 0.00162053 0.00840327 0.0301836 0.075175 0.130344 0.159793 0.146417 0.116844 0.0991545 0.0870186 0.0661063 0.0408194 0.0214682 0.0101232 0.00421252 0.00148454 0.000443682 0.000119278 3.17591e-05
 3.67051e-11 1.72643e-09 5.62288e-08 1.2681e-06 1.98032e-05 0.000214144 0.00160352 0.00831507 0.0298675 0.074394 0.129033 0.158389 0.145775 0.11763 0.101195 0.0892276 0.0673122 0.0407722 0.02082 0.0095624 0.003942 0.00139337 0.000411431 0.000101376 2.09871e-05
 3.76299e-11 1.76993e-09 5.76456e-08 1.30005e-06 2.03022e-05 0.00021954 0.00164391 0.00852447 0.0306184 0.0762525 0.132176 0.161866 0.147765 0.116784 0.0977999 0.0851294 0.0644695 0.0397616 0.0209152 0.00989071 0.00414083 0.0014658 0.000430497 0.000105178 2.13062e-05
 3.8442e-11 1.80813e-09 5.88896e-08 1.32811e-06 2.07403e-05 0.000224278 0.00167939 0.00870839 0.0312785 0.077891 0.134979 0.165125 0.150181 0.117509 0.096923 0.083238 0.0621041 0.0373491 0.0189132 0.00861406 0.00353347 0.00124817 0.000369283 9.09025e-05 1.84457e-05
 3.68568e-11 1.73357e-09 5.64612e-08 1.27334e-06 1.98851e-05 0.00021503 0.00161015 0.00834944 0.029991 0.074702 0.12957 0.159059 0.146426 0.118208 0.101679 0.0894362 0.0670001 0.0399571 0.019848 0.00879447 0.00349749 0.00119524 0.000341789 8.1721e-05 1.62856e-05
 3.51549e-11 1.65352e-09 5.38541e-08 1.21454e-06 1.89669e-05 0.000205101 0.0015358 0.00796406 0.0286084 0.0712752 0.123742 0.152449 0.142079 0.118261 0.10578 0.095258 0.0721528 0.043439 0.0218321 0.00976223 0.00387465 0.00130186 0.000360831 8.27856e-05 1.57857e-05
 3.61031e-11 1.69812e-09 5.53066e-08 1.2473e-06 1.94784e-05 0.000210632 0.00157722 0.0081787 0.0293776 0.0731741 0.126919 0.155801 0.143428 0.115872 0.100095 0.0892027 0.0689411 0.043814 0.0240396 0.0118277 0.00506023 0.00179482 0.000519373 0.000123103 2.38482e-05
 3.62618e-11 1.70558e-09 5.55497e-08 1.25278e-06 1.95641e-05 0.000211558 0.00158415 0.00821466 0.0295068 0.0734965 0.127482 0.156509 0.144129 0.116508 0.100606 0.0893102 0.0683304 0.042618 0.0228636 0.0111586 0.00488076 0.00182554 0.000568768 0.000145782 3.02302e-05
 3.5954e-11 1.6911e-09 5.50781e-08 1.24215e-06 1.9398e-05 0.000209762 0.00157071 0.00814496 0.0292569 0.072878 0.126437 0.155356 0.143483 0.11683 0.101806 0.0907666 0.0693669 0.0430004 0.0227949 0.0109411 0.00469938 0.00173085 0.000536625 0.000139569 3.00363e-05
 3.89667e-11 1.83281e-09 5.96933e-08 1.34623e-06 2.10234e-05 0.000227338 0.00170231 0.00882718 0.0317045 0.0789457 0.136765 0.167111 0.151352 0.117122 0.0951273 0.0810134 0.0604853 0.036663 0.018827 0.00870666 0.00361104 0.00128583 0.000384727 9.67031e-05 2.02928e-05
 3.80422e-11 1.78932e-09 5.82771e-08 1.31429e-06 2.05246e-05 0.000221945 0.00166193 0.00861787 0.030954 0.077089 0.133631 0.16367 0.149476 0.118218 0.0988925 0.0854471 0.0634387 0.0375098 0.0184112 0.00805891 0.00318537 0.0010905 0.000314149 7.58836e-05 1.5304e-05
 3.5342e-11 1.66232e-09 5.41407e-08 1.22101e-06 1.90678e-05 0.000206192 0.00154398 0.00800642 0.0287603 0.0716509 0.124376 0.153143 0.142449 0.118019 0.104989 0.0943385 0.0715556 0.043291 0.0219457 0.00991333 0.00396912 0.00134345 0.000375363 8.6997e-05 1.67932e-05
 3.73976e-11 1.75901e-09 5.72897e-08 1.29202e-06 2.01768e-05 0.000218184 0.00163377 0.00847186 0.0304296 0.0757841 0.131376 0.160941 0.147101 0.116637 0.0981419 0.0857547 0.0651781 0.0404195 0.021418 0.0101817 0.0042552 0.00148916 0.000427427 0.0001008 1.94894e-05
 3.75647e-11 1.76686e-09 5.75455e-08 1.2978e-06 2.0267e-05 0.000219159 0.00164106 0.00850971 0.0305657 0.076124 0.131972 0.161707 0.147904 0.117457 0.0989156 0.0861188 0.0646985 0.0391676 0.0200277 0.00923061 0.00382848 0.00136476 0.00040632 0.000100088 2.01451e-05
 3.68729e-11 1.73432e-09 5.64858e-08 1.2739e-06 1.98937e-05 0.000215123 0.00161085 0.00835306 0.0300037 0.0747313 0.129604 0.159025 0.146154 0.117518 0.100646 0.0885542 0.0668403 0.0405867 0.0207895 0.00955007 0.00391339 0.00136757 0.000398661 9.70348e-05 1.9623e-05
 3.60654e-11 1.69634e-09 5.52488e-08 1.246e-06 1.94581e-05 0.000210412 0.00157557 0.0081702 0.0293475 0.073103 0.126823 0.15581 0.143836 0.11698 0.101774 0.0906233 0.0691603 0.0427443 0.0225045 0.0106565 0.00447104 0.00158641 0.000466362 0.00011366 2.28624e-05
 3.51099e-11 1.6514e-09 5.3785e-08 1.21299e-06 1.89425e-05 0.000204838 0.00153383 0.00795383 0.0285714 0.0711808 0.123563 0.152157 0.141584 0.117424 0.104663 0.0943501 0.072045 0.0442191 0.0230093 0.0107819 0.00450994 0.00160853 0.000477937 0.000117917 2.39578e-05
 3.57716e-11 1.68252e-09 5.47987e-08 1.23585e-06 1.92995e-05 0.000208698 0.00156274 0.00810365 0.0291087 0.0725108 0.125813 0.154651 0.143028 0.116862 0.102297 0.0914703 0.0700187 0.0434553 0.0230177 0.0109685 0.00462459 0.00164806 0.000487368 0.00011984 2.43794e-05
 3.48009e-11 1.63687e-09 5.33118e-08 1.20231e-06 1.87759e-05 0.000203035 0.00152034 0.00788387 0.0283204 0.070558 0.122499 0.150929 0.140704 0.117233 0.105114 0.0951529 0.0729223 0.0450161 0.0236384 0.0111948 0.00472742 0.00170044 0.000509508 0.000126763 2.59642e-05
 3.60893e-11 1.69747e-09 5.52854e-08 1.24682e-06 1.9471e-05 0.000210552 0.00157662 0.00817559 0.0293667 0.0731493 0.126892 0.155846 0.143713 0.116573 0.101127 0.0900447 0.0690048 0.0430661 0.0230335 0.0111016 0.00473137 0.00170434 0.000510045 0.000127006 2.61474e-05
 3.53717e-11 1.66372e-09 5.41862e-08 1.22203e-06 1.90838e-05 0.000206365 0.00154527 0.00801312 0.028784 0.0717065 0.124448 0.153122 0.142084 0.117042 0.103488 0.0929887 0.071158 0.0440054 0.0232103 0.0110665 0.00471471 0.00171533 0.000521274 0.000131718 2.73933e-05
 3.44477e-11 1.62026e-09 5.27707e-08 1.19011e-06 1.85853e-05 0.000200975 0.00150491 0.00780386 0.028033 0.0698425 0.12126 0.149421 0.139358 0.116266 0.104553 0.0951799 0.073817 0.046658 0.0254008 0.0124855 0.00541762 0.00198625 0.000606137 0.000154145 3.2399e-05
 3.50988e-11 1.65088e-09 5.37681e-08 1.2126e-06 1.89366e-05 0.000204773 0.00153335 0.00795127 0.0285617 0.0711512 0.123475 0.151877 0.140788 0.11573 0.102229 0.0922967 0.0716908 0.045745 0.0253338 0.0127316 0.00566312 0.00213469 0.000670742 0.00017502 3.748e-05
 3.47476e-11 1.63436e-09 5.32301e-08 1.20047e-06 1.87471e-05 0.000202724 0.00151801 0.00787178 0.0282769 0.0704493 0.122308 0.150681 0.140433 0.116934 0.104794 0.0949155 0.072918 0.0452828 0.0240623 0.0116168 0.0050439 0.00188656 0.000595121 0.00015723 3.42856e-05
 3.40945e-11 1.60364e-09 5.22296e-08 1.17791e-06 1.83947e-05 0.000198914 0.00148948 0.0077239 0.0277465 0.0691355 0.12008 0.148186 0.138902 0.11726 0.106823 0.0975707 0.0750508 0.0464402 0.0244404 0.011587 0.00489067 0.00176035 0.000531585 0.000135148 2.87659e-05
#obs catch len freq
 3.53027e-11 1.66047e-09 5.40803e-08 1.21965e-06 1.90466e-05 0.000205962 0.00154225 0.0079974 0.028727 0.0715579 0.124147 0.15255 0.140918 0.114846 0.100402 0.0902803 0.0703989 0.0455597 0.026024 0.0138148 0.00669254 0.00285171 0.00104987 0.000328981 8.57465e-05
 3.69214e-11 1.73661e-09 5.65601e-08 1.27557e-06 1.99199e-05 0.000215406 0.00161296 0.00836401 0.0300428 0.0748248 0.129742 0.159078 0.145835 0.116522 0.0990161 0.0869053 0.0659589 0.0407958 0.0218261 0.0108944 0.00509617 0.00214674 0.000790324 0.00024858 6.50777e-05
 3.44879e-11 1.62215e-09 5.28322e-08 1.1915e-06 1.8607e-05 0.000201209 0.00150667 0.00781299 0.0280662 0.0699272 0.121423 0.149696 0.139846 0.117104 0.105624 0.0958862 0.0735043 0.045393 0.0239987 0.0116631 0.00522721 0.0020888 0.000731698 0.000222362 5.72509e-05
 3.79775e-11 1.78628e-09 5.81779e-08 1.31206e-06 2.04897e-05 0.000221568 0.00165909 0.00860313 0.0309003 0.0769469 0.133328 0.163039 0.148079 0.1155 0.0950849 0.082258 0.0629028 0.0399247 0.0221252 0.0112488 0.00515372 0.00204968 0.000699102 0.000203928 5.02014e-05
 3.9027e-11 1.83564e-09 5.97857e-08 1.34832e-06 2.10559e-05 0.00022769 0.00170494 0.00884085 0.0317538 0.0790689 0.136982 0.167399 0.15168 0.117493 0.0954756 0.0810887 0.0600365 0.035819 0.0180851 0.00842654 0.00370942 0.00148136 0.000515354 0.000152028 3.71517e-05
 3.59652e-11 1.69163e-09 5.50953e-08 1.24254e-06 1.94041e-05 0.000209828 0.0015712 0.00814754 0.0292667 0.0729062 0.126513 0.155577 0.144086 0.118092 0.10359 0.0922038 0.069458 0.0416707 0.0209705 0.00955724 0.00400587 0.00149457 0.000487105 0.000137843 3.32002e-05
 4.02935e-11 1.89521e-09 6.17258e-08 1.39207e-06 2.17392e-05 0.000235079 0.00176026 0.00912761 0.0327823 0.0816152 0.141294 0.172198 0.154528 0.116609 0.0912453 0.0758898 0.0563527 0.0343565 0.0179157 0.00849213 0.00364292 0.00135742 0.000430943 0.000116353 2.64998e-05
 3.68265e-11 1.73214e-09 5.64146e-08 1.27229e-06 1.98687e-05 0.000214852 0.00160882 0.00834257 0.0299665 0.0746421 0.129474 0.158981 0.146478 0.118484 0.102115 0.0897426 0.0668858 0.0394791 0.0193895 0.00864216 0.00359855 0.00134858 0.000437518 0.000120052 2.7282e-05
 3.75113e-11 1.76435e-09 5.74638e-08 1.29595e-06 2.02382e-05 0.000218848 0.00163873 0.00849761 0.0305223 0.0760155 0.131782 0.161463 0.14765 0.117199 0.098666 0.0859761 0.0647887 0.0394865 0.0204208 0.00954643 0.00402518 0.00147213 0.0004595 0.000122497 2.75713e-05
 3.57386e-11 1.68097e-09 5.47482e-08 1.23471e-06 1.92818e-05 0.000208506 0.0015613 0.00809621 0.0290823 0.0724466 0.125714 0.154591 0.143162 0.117337 0.103025 0.092024 0.0699455 0.0427941 0.0222881 0.0105983 0.00460405 0.0017492 0.000564824 0.000152949 3.4213e-05
 3.83691e-11 1.8047e-09 5.87778e-08 1.32559e-06 2.0701e-05 0.000223852 0.0016762 0.00869184 0.0312189 0.07774 0.134701 0.164709 0.149565 0.116559 0.0956987 0.0822498 0.0619834 0.0382026 0.0202311 0.00980244 0.00432342 0.00166608 0.000548369 0.000152365 3.50464e-05
 3.69717e-11 1.73897e-09 5.66371e-08 1.27731e-06 1.9947e-05 0.0002157 0.00161516 0.00837543 0.0300841 0.0749303 0.129943 0.159411 0.146412 0.117518 0.100371 0.0880695 0.0662459 0.0400538 0.0205332 0.00964369 0.00419699 0.00162585 0.000543484 0.000153873 3.60975e-05
 3.6502e-11 1.71688e-09 5.59176e-08 1.26108e-06 1.96936e-05 0.000212959 0.00159464 0.00826906 0.0297023 0.0739829 0.128323 0.157532 0.145035 0.117144 0.100951 0.089244 0.0676718 0.0414589 0.0216451 0.0102991 0.00446667 0.00169939 0.000556228 0.000155506 3.64828e-05
 3.96665e-11 1.86572e-09 6.07653e-08 1.37041e-06 2.14009e-05 0.000231421 0.00173287 0.00898562 0.0322729 0.0803529 0.139148 0.169768 0.152942 0.116659 0.0927829 0.0780094 0.058136 0.0354784 0.0185515 0.00888007 0.00388948 0.00149576 0.000492617 0.000137353 3.18948e-05
 3.37418e-11 1.58705e-09 5.16892e-08 1.16572e-06 1.82045e-05 0.000196856 0.00147408 0.00764408 0.0274607 0.0684317 0.118915 0.147021 0.138661 0.118716 0.109722 0.100374 0.076082 0.0454741 0.0227144 0.0103254 0.00437029 0.00165997 0.000547415 0.000153691 3.59308e-05
 3.68424e-11 1.73289e-09 5.64391e-08 1.27284e-06 1.98773e-05 0.000214945 0.00160951 0.0083461 0.0299781 0.0746608 0.129437 0.158611 0.145116 0.115402 0.0976468 0.0860544 0.0664632 0.0425369 0.023703 0.0119693 0.00533779 0.00202464 0.000649368 0.000177178 4.07321e-05
 3.87578e-11 1.82298e-09 5.93733e-08 1.33902e-06 2.09107e-05 0.00022612 0.00169318 0.00877987 0.0315348 0.0785237 0.136039 0.16625 0.150655 0.116756 0.0950395 0.0810796 0.0606623 0.0370156 0.0194204 0.00945821 0.00429761 0.00173614 0.000598817 0.000171804 4.01678e-05
 3.53441e-11 1.66242e-09 5.41439e-08 1.22108e-06 1.9069e-05 0.000206205 0.00154407 0.0080069 0.0287621 0.0716554 0.124384 0.153159 0.142479 0.118061 0.104997 0.0942035 0.0712024 0.0428473 0.0217046 0.0100324 0.00430815 0.00166189 0.000561321 0.0001631 3.96263e-05
 3.68957e-11 1.7354e-09 5.65208e-08 1.27469e-06 1.99061e-05 0.000215257 0.00161184 0.00835819 0.0300218 0.074772 0.129646 0.158942 0.145657 0.116288 0.0987923 0.0869117 0.066396 0.0415218 0.0223843 0.010982 0.00483662 0.00183987 0.000597469 0.000165924 3.89861e-05
 3.43837e-11 1.61725e-09 5.26726e-08 1.1879e-06 1.85508e-05 0.000200601 0.00150211 0.0077894 0.0279816 0.069718 0.121071 0.149312 0.139647 0.117254 0.106082 0.0964031 0.0738188 0.0454545 0.0239447 0.0116152 0.00519725 0.00205269 0.000693349 0.000196618 4.59638e-05
 3.70081e-11 1.74068e-09 5.66929e-08 1.27857e-06 1.99667e-05 0.000215912 0.00161675 0.00838362 0.030113 0.0749969 0.130022 0.159337 0.145807 0.11598 0.0980672 0.0861038 0.0658904 0.0414532 0.0226192 0.0113127 0.00511863 0.00201723 0.000681598 0.000195769 4.68144e-05
 3.3248e-11 1.56382e-09 5.09327e-08 1.14866e-06 1.7938e-05 0.000193975 0.0014525 0.0075322 0.0270589 0.0674309 0.11718 0.144894 0.136722 0.117233 0.108721 0.100161 0.0771304 0.0476976 0.0252834 0.012375 0.00560389 0.00225068 0.000778198 0.000227325 5.49269e-05
 3.40609e-11 1.60206e-09 5.21781e-08 1.17675e-06 1.83766e-05 0.000198718 0.00148801 0.00771624 0.0277185 0.0690598 0.119909 0.147792 0.137957 0.115359 0.104114 0.0952312 0.0745017 0.0479463 0.026949 0.0138728 0.00640773 0.00256268 0.000878225 0.0002565 6.26033e-05
 3.73984e-11 1.75904e-09 5.72908e-08 1.29205e-06 2.01773e-05 0.000218189 0.0016338 0.00847199 0.0304299 0.0757812 0.131348 0.160803 0.146641 0.1156 0.0965633 0.0842061 0.0644125 0.0407505 0.0225786 0.0116327 0.0055029 0.00228825 0.000814163 0.000243415 5.99416e-05
 3.28643e-11 1.54578e-09 5.0345e-08 1.13541e-06 1.7731e-05 0.000191737 0.00143574 0.00744534 0.0267473 0.0666596 0.115874 0.143442 0.135864 0.117512 0.110022 0.10176 0.0782631 0.0481361 0.0253018 0.0123103 0.00559688 0.00228912 0.000817856 0.000249509 6.31813e-05
 3.58567e-11 1.68653e-09 5.49291e-08 1.23879e-06 1.93455e-05 0.000209195 0.00156645 0.00812287 0.0291771 0.0726736 0.126045 0.154701 0.142334 0.114843 0.0991384 0.0885959 0.0691081 0.0448424 0.0255436 0.0132922 0.00616362 0.00246476 0.000846664 0.000250028 6.24001e-05
 3.40024e-11 1.59931e-09 5.20884e-08 1.17473e-06 1.8345e-05 0.000198376 0.00148545 0.00770301 0.0276714 0.0689467 0.119742 0.147721 0.138314 0.116466 0.105809 0.0966041 0.0745584 0.0466832 0.0253649 0.0128608 0.00606286 0.0025367 0.000910352 0.000274091 6.79229e-05
 3.37106e-11 1.58558e-09 5.16414e-08 1.16464e-06 1.81876e-05 0.000196674 0.00147271 0.00763692 0.027434 0.0683558 0.118719 0.146478 0.137214 0.115701 0.10542 0.0967656 0.0754924 0.048201 0.0268223 0.0137515 0.00640889 0.00262401 0.000931308 0.00028319 7.18752e-05
#spawning biomass
 43393.4 29266.8 33399.9 36240.3 37536.8 44847.6 49934.4 55366 49253.7 57537.5 67806.1 78140.2 75094.3 83921.9 94948.3 96466.9 107746 121696 146484 144521 138669 137275 133178 140298 157142 174709 169815 145762 138276 106573 22148.7 7870.41 6619.39 6528.81 6522.72 6522.32 6522.3 6522.3 6522.3 6522.3 6522.3 6522.3 6522.3 6522.3 6522.3 6522.3 6522.3 6522.3 6522.3 6522.3 6522.3 6522.3 6522.3 6522.3 6522.3 6522.3 6522.3 6522.3 6522.3 6522.3 6522.3 6522.3 6522.3 6522.3 6522.3 6522.3 6522.3 6522.3 6522.3 6522.3 6522.3 6522.3 6522.3 6522.3 6522.3 6522.3 6522.3 6522.3 6522.3 6522.3 6522.3 6522.3 6522.3 6522.3 6522.3 6522.3 6522.3 6522.3 6522.3 6522.3 6522.3 6522.3 6522.3 6522.3 6522.3 6522.3 6522.3 6522.3 6522.3 6522.3 6522.3 6522.3 6522.3 6522.3 6522.3 6522.3 6522.3 6522.3 6522.3 6522.3 6522.3 6522.3 6522.3 6522.3 6522.3 6522.3 6522.3 6522.3 6522.3 6522.3 6522.3 6522.3 6522.3 6522.3 6522.3 6522.3 6522.3 6522.3 0 0 0 0 0 0 0 0 0 0 0 0 0 0 0 0 0 0 0 0 0 0 0 0 0
