SBPRF35
0.248102
Curr Bio
174325
B35
196346
F35
0.398812
FOFL
0.346246
OFL
57320.3
Bzero
70886.3
#pred survey bio
 25514.4 21984 17011.4 15464.4 23574.3 39809.9 55891.2 69560.8 89048.6 117974 138824 173532 196432 212582 227169 211793 219562 218611 215169 210443 224024 228481 232790 245091 232909 252815 257694 243117 252309 8.74066e+06 4.68813e+06 3.35155e+06 2.27762e+06 1.58853e+06 1.19141e+06 974559 858807 797144 763875 745508 735071 728954 725262 722972 721520 720590 719986 719590 719329 719155 719039 718962 718910 718876 718853 718837 718827 718820 718815 718812 718810 718808 718808 718807 718806 718806 718806 718806 718806 718806 718806 718806 718806 718806 718806 718806 718806 718806 718806 718806 718806 718806 718806 718806 718806 718806 718806 718806 718806 718806 718806 718806 718806 718806 718806 718806 718806 718806 718806 718806 718806 718806 718806 718806 718806 718806 718806 718806 718806 718806 718806 718806 718806 718806 718806 718806 718806 718806 718806 718806 718806 718806 718806 718806 718806 718806 718806 718806 718806 0 0 0 0 0 0 0 0 0 0 0 0 0 0 0 0 0 0 0 0 0 0 0 0 0
#obs survey bio
 24405.1 18301.6 10387 18505.6 18266.5 62240.8 53034.8 97874 100334 100542 165369 192443 162971 270326 166771 234742 224625 193600 187883 259408 184960 215415 180449 266438 207941 207941 260928 201102 259955
#pred catch bio
 3982.47 3634.91 2942.43 3406.04 4492.13 8582.39 14194.4 18179 21156.2 41774.5 46830.6 68546.2 81238.9 81736.6 104830 88241 89823.7 87601.9 87029.9 76749.5 90682.7 97445.7 95774.4 110859 88437.4 97837.8 109596 92985.9 103406 57320.3 59397.9 41060.6 26787.2 17978.7 13140.7 10659.5 9440.56 8858.16 8585.04 8458.55 8400.46 8373.95 8361.89 8356.43 8353.95 8352.84 8352.34 8352.11 8352.01 8351.96 8351.94 8351.93 8351.93 8351.93 8351.93 8351.93 8351.93 8351.93 8351.93 8351.93 8351.93 8351.93 8351.93 8351.93 8351.93 8351.93 8351.93 8351.93 8351.93 8351.93 8351.93 8351.93 8351.93 8351.93 8351.93 8351.93 8351.93 8351.93 8351.93 8351.93 8351.93 8351.93 8351.93 8351.93 8351.93 8351.93 8351.93 8351.93 8351.93 8351.93 8351.93 8351.93 8351.93 8351.93 8351.93 8351.93 8351.93 8351.93 8351.93 8351.93 8351.93 8351.93 8351.93 8351.93 8351.93 8351.93 8351.93 8351.93 8351.93 8351.93 8351.93 8351.93 8351.93 8351.93 8351.93 8351.93 8351.93 8351.93 8351.93 8351.93 8351.93 8351.93 8351.93 8351.93 8351.93 8351.93 8351.93 8351.93 8351.93 0 0 0 0 0 0 0 0 0 0 0 0 0 0 0 0 0 0 0 0 0 0 0 0 0
#obs catch bio
 3907.05 3667.63 3102.55 3569.15 4477.75 8474.62 14008.6 17127.5 19313.2 40285 45191.3 64271.3 81198.9 79742.9 114856 88594 90285.4 86681.8 88626.5 74878.7 93335.1 101048 98855.8 110237 89004.9 101416 109946 93588.5 103587
#pred cpue bio
 24656 21656.6 16839.2 14716.2 21179.6 36473.6 52117.3 64978.9 82560.3 109699 127680 159642 180593 195710 211019 195373 202769 203377 200363 195749 208244 211419 214578 226280 215392 234193 240092 225923 234365 8.11267e+06 4.64342e+06 3.31834e+06 2.24453e+06 1.55545e+06 1.15833e+06 941475 825723 764061 730791 712424 701988 695871 692178 689889 688437 687507 686903 686507 686245 686072 685956 685879 685827 685793 685769 685754 685743 685736 685732 685729 685726 685725 685724 685723 685723 685723 685723 685722 685722 685722 685722 685722 685722 685722 685722 685722 685722 685722 685722 685722 685722 685722 685722 685722 685722 685722 685722 685722 685722 685722 685722 685722 685722 685722 685722 685722 685722 685722 685722 685722 685722 685722 685722 685722 685722 685722 685722 685722 685722 685722 685722 685722 685722 685722 685722 685722 685722 685722 685722 685722 685722 685722 685722 685722 685722 685722 685722 685722 685722 0 0 0 0 0 0 0 0 0 0 0 0 0 0 0 0 0 0 0 0 0 0 0 0 0
#obs cpue bio
 21560.3 22225.7 8980.8 20350.7 35505.5 32216.2 56244.7 95570.9 113586 101122 104541 226637 159080 176704 143381 226712 193552 256265 191942 200036 182366 195111 233885 279372 193484 223854 297374 236660 244560
#pred surv len freq
 2.43569e-11 1.14563e-09 3.73125e-08 8.41491e-07 1.31411e-05 0.000142103 0.00106408 0.00551791 0.0198219 0.0493901 0.0857856 0.105878 0.0993561 0.0845286 0.0795061 0.0791602 0.0737077 0.0648148 0.0564263 0.0487363 0.0417874 0.0359666 0.0303243 0.0232463 0.0148257
 1.19813e-11 5.63543e-10 1.83542e-08 4.13934e-07 6.46421e-06 6.99028e-05 0.000523471 0.00271525 0.00976422 0.0244306 0.0431252 0.0564812 0.0633954 0.0751355 0.0943302 0.106375 0.102695 0.0912459 0.0797225 0.0684659 0.0571236 0.046436 0.0363009 0.0259392 0.015718
 9.79547e-12 4.60732e-10 1.50057e-08 3.38417e-07 5.28489e-06 5.71493e-05 0.000427951 0.00221947 0.00797686 0.0199143 0.034853 0.0442738 0.0456953 0.0481326 0.0588687 0.0749478 0.0916182 0.105055 0.108956 0.100826 0.0853245 0.0677355 0.0502662 0.0336519 0.0191944
 3.42599e-11 1.61142e-09 5.2483e-08 1.18362e-06 1.8484e-05 0.000199877 0.00149665 0.00776022 0.0278645 0.0693072 0.119543 0.143607 0.122227 0.0785829 0.0463034 0.0339508 0.0336862 0.0395983 0.0482217 0.0546991 0.0546081 0.0472651 0.0355323 0.0230293 0.0124976
 4.52562e-11 2.12864e-09 6.93283e-08 1.56353e-06 2.44167e-05 0.000264031 0.00197703 0.0102511 0.0368103 0.091574 0.158058 0.190383 0.163628 0.108311 0.0664086 0.044739 0.030617 0.0195176 0.0136745 0.0127993 0.0137861 0.0137112 0.0114556 0.00778463 0.00422273
 3.79106e-11 1.78313e-09 5.80755e-08 1.30975e-06 2.04536e-05 0.000221177 0.00165617 0.00858793 0.0308451 0.0768049 0.13305 0.162543 0.147128 0.113702 0.0922987 0.0789413 0.059775 0.0374978 0.0208334 0.011645 0.00757086 0.00605483 0.00506833 0.00366664 0.00208839
 3.34242e-11 1.57211e-09 5.12027e-08 1.15475e-06 1.80331e-05 0.000195003 0.00146018 0.00757181 0.0271975 0.0677423 0.117487 0.14418 0.132633 0.107188 0.093612 0.0867345 0.0733132 0.0547519 0.0372206 0.0227839 0.0123863 0.00643507 0.0036416 0.00221719 0.00122813
 3.36845e-11 1.58436e-09 5.16014e-08 1.16374e-06 1.81735e-05 0.000196521 0.00147155 0.00763063 0.0274073 0.0682497 0.118265 0.144652 0.131535 0.103204 0.0868607 0.0796335 0.0691127 0.0551811 0.0417748 0.0293172 0.0181744 0.00975525 0.00462889 0.00205284 0.000877477
 3.60936e-11 1.69767e-09 5.5292e-08 1.24697e-06 1.94733e-05 0.000210576 0.00157679 0.0081762 0.029365 0.0731065 0.126555 0.1542 0.138305 0.104457 0.0828603 0.0725434 0.0610715 0.0476763 0.0361478 0.0265283 0.0179318 0.0106756 0.00542548 0.00232199 0.000843707
 3.49275e-11 1.64282e-09 5.35056e-08 1.20668e-06 1.88441e-05 0.000203773 0.00152585 0.00791218 0.0284183 0.0707648 0.122605 0.149875 0.135987 0.105959 0.087824 0.0784259 0.0650523 0.0487371 0.0351674 0.0249866 0.0169038 0.0104528 0.00565949 0.00257035 0.000949298
 3.79376e-11 1.7844e-09 5.81169e-08 1.31068e-06 2.04682e-05 0.000221334 0.00165734 0.00859384 0.030864 0.0768294 0.132938 0.161685 0.14407 0.106774 0.0820676 0.0699261 0.0575166 0.0433927 0.0312844 0.0217408 0.0142034 0.00856577 0.00464625 0.00216937 0.000832187
 3.74196e-11 1.76004e-09 5.73233e-08 1.29278e-06 2.01887e-05 0.000218312 0.00163471 0.00847659 0.0304441 0.0757951 0.131224 0.159955 0.143661 0.108816 0.0862855 0.0743151 0.059819 0.043065 0.0295216 0.0198735 0.012754 0.00754819 0.00401037 0.00184999 0.000712182
 3.74937e-11 1.76352e-09 5.74368e-08 1.29534e-06 2.02287e-05 0.000218745 0.00163795 0.00849337 0.0305043 0.0759441 0.131477 0.160238 0.14384 0.108813 0.0862009 0.0744192 0.0603136 0.0437524 0.0298796 0.0196042 0.012071 0.00685323 0.00352561 0.00158962 0.000602862
 3.70705e-11 1.74362e-09 5.67885e-08 1.28072e-06 2.00003e-05 0.000216275 0.00161946 0.00839754 0.0301605 0.0750922 0.130029 0.158602 0.142784 0.108881 0.0872925 0.0759136 0.0615903 0.0446143 0.0304476 0.0199672 0.0122063 0.00678498 0.00337461 0.00146637 0.000538951
 3.46432e-11 1.62945e-09 5.30701e-08 1.19686e-06 1.86908e-05 0.000202114 0.00151343 0.00784786 0.0281881 0.0701996 0.121681 0.149005 0.136029 0.10772 0.09129 0.0824753 0.0682182 0.0501605 0.034692 0.0229282 0.0140379 0.00776972 0.00381808 0.00162394 0.000580196
 3.69004e-11 1.73562e-09 5.65279e-08 1.27485e-06 1.99086e-05 0.000215283 0.00161203 0.00835896 0.0300214 0.0747414 0.12939 0.157673 0.141477 0.106947 0.0848337 0.0738987 0.0612477 0.0461932 0.0330322 0.0224429 0.0139971 0.00783007 0.00385884 0.00163284 0.000575977
 3.63817e-11 1.71122e-09 5.57335e-08 1.25693e-06 1.96287e-05 0.000212257 0.00158938 0.00824157 0.0296007 0.0737028 0.127652 0.155838 0.140732 0.108231 0.0878792 0.0770651 0.0627616 0.0457279 0.0317047 0.0214178 0.0135991 0.00780864 0.0039332 0.00168567 0.000596807
 3.43113e-11 1.61384e-09 5.25618e-08 1.1854e-06 1.85117e-05 0.000200179 0.00149894 0.0077727 0.0279183 0.0695292 0.120529 0.147643 0.134943 0.107196 0.0912741 0.0827984 0.0687732 0.0508715 0.0354608 0.0236838 0.0147508 0.0083807 0.00424413 0.00184776 0.000665139
 3.43807e-11 1.6171e-09 5.26681e-08 1.1878e-06 1.85492e-05 0.000200583 0.00150197 0.00778836 0.0279738 0.0696609 0.120712 0.147652 0.134275 0.105315 0.0883212 0.080026 0.0677078 0.0519253 0.0377411 0.0259956 0.0164161 0.00932114 0.00468492 0.00202936 0.000732257
 3.47832e-11 1.63603e-09 5.32846e-08 1.2017e-06 1.87663e-05 0.000202931 0.00151955 0.0078795 0.0283009 0.0704723 0.122097 0.149249 0.135409 0.105515 0.0875823 0.0786127 0.0659326 0.0502018 0.0366072 0.0257393 0.0167893 0.00983461 0.00504153 0.00219972 0.00079389
 3.49877e-11 1.64565e-09 5.35979e-08 1.20877e-06 1.88766e-05 0.000204124 0.00152848 0.00792581 0.0284671 0.0708847 0.122802 0.150063 0.135996 0.105654 0.0873102 0.0781227 0.0653819 0.049626 0.0360189 0.0252514 0.0165499 0.00985287 0.0051758 0.00231444 0.000850642
 3.62152e-11 1.70339e-09 5.54783e-08 1.25117e-06 1.95389e-05 0.000211286 0.0015821 0.0082038 0.0294647 0.0733602 0.127032 0.154958 0.139545 0.10654 0.0857456 0.0752594 0.0622739 0.0467671 0.0335832 0.0233528 0.0152348 0.00907158 0.00480007 0.00217779 0.000815508
 3.70317e-11 1.7418e-09 5.67292e-08 1.27938e-06 1.99794e-05 0.00021605 0.00161777 0.00838874 0.0301286 0.0750103 0.129869 0.158324 0.142268 0.107936 0.0859125 0.0744901 0.0606786 0.0445033 0.0310868 0.0211299 0.0135691 0.00799841 0.00421338 0.00191484 0.000722424
 3.64285e-11 1.71342e-09 5.58051e-08 1.25854e-06 1.9654e-05 0.00021253 0.00159142 0.00825216 0.0296387 0.0737973 0.127814 0.156032 0.140891 0.108329 0.0879546 0.0771897 0.0629488 0.0458431 0.0315464 0.0209743 0.0131199 0.00754017 0.00389594 0.00175037 0.000657519
 3.59623e-11 1.6915e-09 5.50909e-08 1.24244e-06 1.94025e-05 0.00020981 0.00157106 0.00814658 0.0292599 0.0728572 0.126208 0.154175 0.139552 0.10802 0.0886179 0.0784262 0.0643804 0.0472251 0.0326676 0.0216689 0.0133863 0.00753224 0.00379497 0.00166529 0.000614418
 3.5656e-11 1.67709e-09 5.46217e-08 1.23185e-06 1.92372e-05 0.000208023 0.00155767 0.00807719 0.0290106 0.0722361 0.12513 0.152847 0.13832 0.10703 0.0878711 0.0781151 0.0648312 0.048461 0.0342701 0.0231206 0.0144021 0.00809367 0.00403312 0.00173745 0.00062754
 3.40455e-11 1.60134e-09 5.21545e-08 1.17621e-06 1.83683e-05 0.000198627 0.00148732 0.00771247 0.0277019 0.06899 0.119592 0.146485 0.133857 0.106288 0.0905139 0.08231 0.0688436 0.0516539 0.0367965 0.0251731 0.0159705 0.00912777 0.00459198 0.0019777 0.000707999
 3.5047e-11 1.64844e-09 5.36887e-08 1.21081e-06 1.89086e-05 0.00020447 0.00153107 0.00793924 0.0285152 0.0710033 0.123 0.15027 0.136073 0.1055 0.0869926 0.0779132 0.0655494 0.0501314 0.0365047 0.0253885 0.0163136 0.00945358 0.00482911 0.00210751 0.000760204
 3.51314e-11 1.65241e-09 5.3818e-08 1.21373e-06 1.89541e-05 0.000204963 0.00153476 0.00795836 0.028584 0.0711757 0.123306 0.150678 0.136547 0.106057 0.0875633 0.0781686 0.0651268 0.0491149 0.0354523 0.0247816 0.0161833 0.00956202 0.00497248 0.00220409 0.000805719
#obs surv len freq
 2.38575e-11 1.12214e-09 3.65475e-08 8.24239e-07 1.28717e-05 0.00013919 0.00104226 0.00540477 0.0194155 0.0483762 0.0840182 0.103669 0.0972046 0.0826051 0.0778687 0.0784037 0.0747546 0.0679724 0.0611015 0.0539597 0.0463781 0.0383443 0.0292914 0.0194547 0.0105828
 9.44154e-16 4.44807e-14 1.45806e-12 3.37207e-11 5.7856e-10 8.48818e-09 1.29939e-07 2.04088e-06 2.68269e-05 0.00025933 0.00176516 0.00836734 0.0276084 0.0637862 0.10496 0.128205 0.126564 0.113989 0.101706 0.089884 0.0768444 0.0624133 0.0466579 0.0305026 0.0164583
 1.33395e-11 6.27428e-10 2.04349e-08 4.60859e-07 7.19696e-06 7.78246e-05 0.000582734 0.00302141 0.0108477 0.0269682 0.0464286 0.05539 0.0461158 0.0287287 0.0212794 0.0349697 0.0678339 0.103413 0.122233 0.11965 0.104431 0.0843925 0.0622555 0.0400577 0.021315
 5.12141e-11 2.40886e-09 7.84551e-08 1.76936e-06 2.76311e-05 0.00029879 0.00223728 0.0116002 0.041649 0.103556 0.178361 0.213054 0.177312 0.104653 0.0466773 0.0188388 0.00943116 0.00801301 0.0108825 0.0151111 0.0173265 0.0161376 0.0124948 0.00807749 0.00425932
 3.47276e-11 1.63342e-09 5.31993e-08 1.19978e-06 1.87363e-05 0.000202607 0.00151714 0.0078673 0.0282615 0.0704168 0.122292 0.150853 0.14117 0.118542 0.106616 0.0947597 0.0685418 0.0372496 0.0162325 0.00802316 0.00680665 0.00713247 0.00643184 0.00456229 0.00250175
 4.04572e-11 1.90291e-09 6.19766e-08 1.39773e-06 2.18275e-05 0.000236034 0.0017674 0.00916438 0.0329111 0.0819037 0.141574 0.17151 0.150655 0.107155 0.0772081 0.0639269 0.0540588 0.0423673 0.0295845 0.0174425 0.0086582 0.00429377 0.00267509 0.0018281 0.00105738
 2.60958e-11 1.22742e-09 3.99762e-08 9.01566e-07 1.40793e-05 0.000152249 0.00114007 0.00591237 0.0212447 0.052991 0.0924218 0.115856 0.114343 0.10824 0.111947 0.110898 0.0920413 0.0653713 0.0439853 0.0291257 0.0177752 0.00938141 0.00434654 0.00194 0.000871976
 4.24117e-11 1.99484e-09 6.49707e-08 1.46525e-06 2.2882e-05 0.000247436 0.00185277 0.00960683 0.0344969 0.0858202 0.148138 0.178494 0.153665 0.102631 0.0656559 0.0503742 0.0444566 0.0394584 0.0325059 0.0235258 0.0147611 0.00813257 0.00392556 0.00163623 0.000591242
 3.41043e-11 1.6041e-09 5.22446e-08 1.17825e-06 1.84e-05 0.000198971 0.0014899 0.00772595 0.0277521 0.0691309 0.119946 0.147434 0.136333 0.111367 0.0975392 0.087596 0.0683111 0.0454124 0.0292565 0.0202654 0.0141216 0.0088006 0.00460963 0.00198823 0.000701657
 3.94396e-11 1.85505e-09 6.04178e-08 1.36257e-06 2.12785e-05 0.000230097 0.00172295 0.00893395 0.0320843 0.0798533 0.138079 0.167507 0.147879 0.106729 0.0787065 0.0657521 0.0548668 0.042435 0.0304675 0.0200326 0.012044 0.00680884 0.00358494 0.00164492 0.000615594
 3.78919e-11 1.78225e-09 5.80467e-08 1.3091e-06 2.04435e-05 0.000221068 0.00165535 0.00858357 0.0308284 0.0767514 0.132878 0.161963 0.145435 0.110056 0.0869918 0.0743457 0.0589317 0.0414446 0.027806 0.018497 0.0116654 0.00662753 0.003318 0.0014453 0.000533339
 3.85324e-11 1.81238e-09 5.9028e-08 1.33123e-06 2.07891e-05 0.000224805 0.00168333 0.00872859 0.0313484 0.0780376 0.135047 0.164338 0.14671 0.109276 0.0844926 0.0717655 0.0578644 0.0418766 0.0283833 0.0183142 0.0110108 0.00607788 0.00302204 0.00130553 0.000471737
 3.81251e-11 1.79322e-09 5.8404e-08 1.31716e-06 2.05693e-05 0.000222428 0.00166553 0.00863636 0.0310177 0.0772194 0.133666 0.16282 0.145876 0.109735 0.0860875 0.0735842 0.0589819 0.0421534 0.0283374 0.0183305 0.0110467 0.00602163 0.00291626 0.00122633 0.000434197
 3.52341e-11 1.65724e-09 5.39752e-08 1.21728e-06 1.90095e-05 0.000205562 0.00153925 0.00798168 0.0286687 0.0713937 0.123734 0.151442 0.138003 0.108741 0.0914365 0.081971 0.0671454 0.048607 0.0329271 0.0212983 0.0127713 0.00692313 0.00332895 0.00138203 0.000480203
 3.29624e-11 1.55039e-09 5.04952e-08 1.13879e-06 1.77839e-05 0.000192308 0.00144001 0.00746718 0.0268218 0.0668062 0.115863 0.142183 0.130783 0.10566 0.0922289 0.0854535 0.0724979 0.0551076 0.039374 0.0264713 0.0161925 0.00883856 0.0042456 0.00175236 0.000603255
 3.87806e-11 1.82405e-09 5.94082e-08 1.33981e-06 2.0923e-05 0.000226252 0.00169416 0.0087847 0.0315486 0.0785234 0.135802 0.164852 0.145876 0.105986 0.0789514 0.0661968 0.0550381 0.0427977 0.0319183 0.0225654 0.0145244 0.00828418 0.00409914 0.00171662 0.000592935
 3.36682e-11 1.58359e-09 5.15765e-08 1.16318e-06 1.81647e-05 0.000196426 0.00147085 0.00762711 0.0273967 0.0682418 0.118378 0.145388 0.134086 0.108922 0.0951863 0.0866701 0.0702493 0.049703 0.0334494 0.0225072 0.0146306 0.00869408 0.00451263 0.00196973 0.000700868
 3.47616e-11 1.63502e-09 5.32514e-08 1.20095e-06 1.87546e-05 0.000202805 0.0015186 0.00787456 0.0282829 0.0704237 0.121989 0.149004 0.13484 0.104423 0.0862134 0.0779591 0.0669559 0.0525071 0.0385614 0.0262461 0.0162454 0.00917959 0.00469635 0.00208937 0.000768849
 3.37241e-11 1.58622e-09 5.16621e-08 1.16511e-06 1.81949e-05 0.000196753 0.00147328 0.00763967 0.0274405 0.0683385 0.118461 0.145094 0.132566 0.105227 0.0895944 0.0815661 0.0685427 0.0521125 0.0381198 0.0270373 0.0177497 0.0103795 0.00529154 0.00230885 0.000841171
 3.49768e-11 1.64514e-09 5.35811e-08 1.20839e-06 1.88707e-05 0.000204061 0.001528 0.0079233 0.0284579 0.0708585 0.122736 0.149888 0.135536 0.104698 0.0859355 0.0769277 0.065075 0.0503148 0.0371699 0.026309 0.0173116 0.0103363 0.00544131 0.00243427 0.000894895
 3.46685e-11 1.63064e-09 5.31088e-08 1.19774e-06 1.87044e-05 0.000202262 0.00151453 0.00785352 0.0282079 0.0702419 0.121708 0.148822 0.135176 0.105644 0.0880069 0.0790261 0.0660159 0.0499144 0.0362079 0.0255329 0.016903 0.0101813 0.0054247 0.00247001 0.000926666
 3.63288e-11 1.70873e-09 5.56523e-08 1.2551e-06 1.96002e-05 0.000211949 0.00158706 0.00822952 0.0295569 0.0735873 0.12741 0.155346 0.139663 0.106158 0.0849254 0.0744145 0.0618546 0.0468534 0.0338977 0.02363 0.0154196 0.00921011 0.00491232 0.00225546 0.000856966
 3.65807e-11 1.72058e-09 5.60382e-08 1.2638e-06 1.97361e-05 0.000213418 0.00159807 0.00828659 0.0297621 0.0740999 0.128309 0.156499 0.140876 0.107413 0.0861848 0.0752376 0.0616532 0.045587 0.0321726 0.0220777 0.0142756 0.00845069 0.00446655 0.00203989 0.00077564
 3.56365e-11 1.67617e-09 5.45917e-08 1.23118e-06 1.92267e-05 0.000207909 0.00155682 0.00807278 0.0289951 0.072199 0.125078 0.152844 0.138506 0.107544 0.0886443 0.0787336 0.0648188 0.0477613 0.0333152 0.0224161 0.014158 0.00820433 0.00426805 0.00192799 0.000727878
 3.58366e-11 1.68558e-09 5.48983e-08 1.2381e-06 1.93347e-05 0.000209077 0.00156556 0.00811808 0.0291574 0.0725991 0.125744 0.153527 0.13871 0.106863 0.0871913 0.0772527 0.0641424 0.0480783 0.0341278 0.0231301 0.0145184 0.00827409 0.00421323 0.00186489 0.000692865
 3.40998e-11 1.60389e-09 5.22376e-08 1.17809e-06 1.83976e-05 0.000198944 0.00148969 0.00772476 0.0277461 0.0690993 0.119778 0.146695 0.133991 0.106276 0.0903638 0.0820948 0.0686397 0.0514974 0.0366921 0.0251203 0.0159689 0.00916971 0.00465587 0.00203542 0.000743469
 3.29333e-11 1.54902e-09 5.04506e-08 1.13779e-06 1.77682e-05 0.000192139 0.00143874 0.00746056 0.0267976 0.0667422 0.115726 0.141894 0.130133 0.104359 0.0902715 0.0834171 0.0711883 0.0549424 0.0402726 0.0280864 0.0180463 0.0104559 0.00535205 0.00234895 0.000855649
 3.6883e-11 1.7348e-09 5.65013e-08 1.27425e-06 1.98992e-05 0.000215182 0.00161127 0.00835497 0.0300066 0.0746982 0.129273 0.157338 0.140558 0.104979 0.0818582 0.070917 0.0595916 0.0464328 0.0347851 0.0249308 0.0164736 0.00977597 0.0050909 0.00225954 0.000828521
 3.25427e-11 1.53065e-09 4.98523e-08 1.1243e-06 1.75575e-05 0.00018986 0.00142168 0.00737219 0.0264814 0.0659663 0.11446 0.140714 0.130225 0.106758 0.0946085 0.0874318 0.0723706 0.0529591 0.0370683 0.0256773 0.0170084 0.0103146 0.00551457 0.00250507 0.000934675
#pred catch len freq
 2.16768e-11 1.01957e-09 3.32068e-08 7.48897e-07 1.16951e-05 0.000126467 0.000947 0.00491095 0.0176436 0.0439831 0.0765355 0.0951266 0.091392 0.0820897 0.0820611 0.084281 0.0792668 0.0699315 0.0609658 0.0526881 0.0451846 0.0388925 0.0327915 0.0251377 0.0160319
 1.02616e-11 4.82658e-10 1.57199e-08 3.54523e-07 5.53642e-06 5.98702e-05 0.000448351 0.0023258 0.00836653 0.0209613 0.0371894 0.0495801 0.0582763 0.0735523 0.0959496 0.109666 0.106326 0.0946594 0.0828027 0.0711509 0.0593752 0.0482687 0.037734 0.0269632 0.0163385
 8.33384e-12 3.91984e-10 1.27667e-08 2.8792e-07 4.49631e-06 4.8622e-05 0.000364101 0.00188843 0.00678857 0.0169623 0.0297863 0.038306 0.0410114 0.0460435 0.0591293 0.0766865 0.0942388 0.108241 0.112331 0.103974 0.0879952 0.0698574 0.0518412 0.0347064 0.0197959
 3.16587e-11 1.48907e-09 4.84982e-08 1.09375e-06 1.70805e-05 0.000184701 0.00138302 0.00717108 0.0257497 0.0640532 0.110523 0.13297 0.113831 0.0746944 0.0463577 0.0362146 0.0370356 0.0438505 0.0534711 0.0606699 0.0605725 0.0524282 0.0394138 0.0255451 0.0138629
 4.33067e-11 2.03694e-09 6.63419e-08 1.49617e-06 2.33649e-05 0.000252658 0.00189187 0.00980967 0.0352262 0.0876448 0.151356 0.182685 0.15823 0.107407 0.0695255 0.049515 0.0348041 0.0223837 0.0157359 0.0147507 0.0158943 0.0158091 0.0132085 0.00897579 0.00486887
 3.5487e-11 1.66914e-09 5.43628e-08 1.22602e-06 1.9146e-05 0.000207038 0.0015503 0.00803913 0.0288762 0.0719244 0.124746 0.15311 0.14087 0.113617 0.0978465 0.0868032 0.0665832 0.0419382 0.0233446 0.0130658 0.00850088 0.00680022 0.00569253 0.00411824 0.0023456
 3.09437e-11 1.45544e-09 4.74029e-08 1.06905e-06 1.66948e-05 0.000180532 0.00135183 0.0070101 0.0251821 0.0627444 0.108969 0.134432 0.125926 0.106439 0.0983565 0.0940748 0.0803744 0.0602316 0.041008 0.025122 0.0136622 0.00709895 0.00401747 0.00244606 0.00135491
 3.12242e-11 1.46864e-09 4.78326e-08 1.07874e-06 1.68462e-05 0.000182168 0.00136408 0.00707348 0.0254081 0.0632908 0.109804 0.134928 0.1247 0.102049 0.0909326 0.0862704 0.0757617 0.0607136 0.0460324 0.0323271 0.0200456 0.0107606 0.00510605 0.00226447 0.00096794
 3.36369e-11 1.58212e-09 5.15286e-08 1.1621e-06 1.81479e-05 0.000196244 0.00146947 0.00761987 0.0273688 0.0681549 0.118108 0.144495 0.131493 0.10333 0.0869416 0.0791185 0.067541 0.052955 0.0402186 0.0295382 0.0199719 0.0118912 0.00604339 0.00258645 0.000939804
 3.27763e-11 1.54164e-09 5.02103e-08 1.13237e-06 1.76835e-05 0.000191223 0.00143188 0.00742505 0.0266704 0.0664298 0.115214 0.141402 0.130105 0.105156 0.0916715 0.084433 0.0707993 0.0532276 0.0384664 0.0273511 0.0185088 0.0114463 0.00619756 0.00281474 0.00103956
 3.58438e-11 1.68592e-09 5.49094e-08 1.23834e-06 1.93385e-05 0.000209119 0.00156588 0.00811969 0.0291627 0.0726099 0.125743 0.153435 0.138335 0.105973 0.0857922 0.0757806 0.0631701 0.0478553 0.0345579 0.0240336 0.015706 0.00947281 0.00513837 0.00239916 0.000920338
 3.54835e-11 1.66898e-09 5.43575e-08 1.2259e-06 1.91441e-05 0.000207017 0.00155014 0.00803817 0.028871 0.0718944 0.124577 0.152355 0.138452 0.108283 0.0900365 0.0800023 0.0651306 0.0470582 0.0323092 0.0217673 0.0139739 0.00827104 0.00439454 0.00202723 0.000780411
 3.56197e-11 1.67538e-09 5.45661e-08 1.2306e-06 1.92176e-05 0.000207812 0.00155609 0.00806901 0.0289816 0.0721684 0.125043 0.152881 0.138796 0.108296 0.0898373 0.0799541 0.0655199 0.0476957 0.032621 0.0214189 0.0131926 0.00749079 0.00385371 0.00173756 0.000658971
 3.50886e-11 1.6504e-09 5.37525e-08 1.21225e-06 1.89311e-05 0.000204713 0.00153289 0.00794874 0.0285502 0.0710993 0.123225 0.150824 0.137458 0.10835 0.0911625 0.0817892 0.0671056 0.0487827 0.0333435 0.0218833 0.013382 0.00743934 0.00370018 0.00160786 0.000590953
 3.28407e-11 1.54467e-09 5.03089e-08 1.13459e-06 1.77183e-05 0.000191599 0.0014347 0.00743968 0.0267236 0.0665678 0.115492 0.141924 0.131163 0.10719 0.0947399 0.0877589 0.0732214 0.0539917 0.0373903 0.0247284 0.0151444 0.00838293 0.00411952 0.00175217 0.00062601
 3.50113e-11 1.64676e-09 5.3634e-08 1.20958e-06 1.88893e-05 0.000204262 0.00152951 0.00793117 0.0284865 0.0709346 0.122899 0.150235 0.136323 0.106271 0.0882703 0.0792716 0.066431 0.0502766 0.0360035 0.0244782 0.0152707 0.00854326 0.00421042 0.00178162 0.000628461
 3.44526e-11 1.62048e-09 5.27781e-08 1.19028e-06 1.85879e-05 0.000201002 0.00150511 0.0078047 0.0280332 0.0698157 0.121028 0.148261 0.135527 0.107671 0.0915744 0.0827009 0.0680617 0.0497564 0.0345488 0.0233568 0.0148348 0.00851902 0.00429112 0.00183908 0.000651123
 3.22955e-11 1.51903e-09 4.94738e-08 1.11576e-06 1.74242e-05 0.000188418 0.00141088 0.00731622 0.0262804 0.0654675 0.113606 0.139719 0.129485 0.106566 0.0950765 0.0886517 0.0743368 0.0551563 0.0385014 0.0257332 0.016032 0.00910956 0.00461336 0.00200852 0.000723012
 3.23759e-11 1.52281e-09 4.95968e-08 1.11853e-06 1.74675e-05 0.000188887 0.00141439 0.00733434 0.0263448 0.0656204 0.113822 0.139749 0.128774 0.104526 0.0918626 0.0856285 0.0731666 0.0562889 0.0409683 0.028237 0.0178362 0.0101284 0.00509076 0.00220518 0.000795697
 3.26608e-11 1.53621e-09 5.00334e-08 1.12838e-06 1.76212e-05 0.000190549 0.00142684 0.00739888 0.0265764 0.0661952 0.114803 0.140884 0.129589 0.104687 0.0913317 0.0845192 0.0716488 0.0547407 0.0399756 0.0281275 0.0183522 0.010751 0.00551145 0.00240478 0.000867896
 3.2999e-11 1.55211e-09 5.05513e-08 1.14006e-06 1.78037e-05 0.000192522 0.00144161 0.00747545 0.0268511 0.0668768 0.115967 0.142225 0.130544 0.104883 0.0908315 0.0836645 0.0707383 0.0538669 0.0391519 0.0274665 0.0180066 0.010721 0.00563195 0.00251843 0.000925618
 3.43345e-11 1.61493e-09 5.25972e-08 1.1862e-06 1.85242e-05 0.000200313 0.00149995 0.0077779 0.0279365 0.0695701 0.12057 0.147551 0.134408 0.105851 0.0891343 0.0805538 0.0673584 0.0507544 0.036498 0.025397 0.0165729 0.00986916 0.00522221 0.00236933 0.000887234
 3.51319e-11 1.65244e-09 5.38188e-08 1.21375e-06 1.89544e-05 0.000204966 0.00153478 0.00795851 0.0285849 0.0711822 0.123345 0.150856 0.137124 0.107342 0.089489 0.0799816 0.0658719 0.048481 0.0339157 0.0230698 0.0148193 0.00873619 0.00460214 0.00209153 0.000789088
 3.4644e-11 1.62949e-09 5.30714e-08 1.19689e-06 1.86912e-05 0.00020212 0.00151347 0.00784806 0.0281888 0.0702018 0.121687 0.149023 0.13608 0.107817 0.0913855 0.082424 0.0678778 0.0495878 0.0341704 0.0227351 0.0142255 0.00817638 0.00422477 0.00189812 0.000713023
 3.39255e-11 1.59569e-09 5.19707e-08 1.17207e-06 1.83035e-05 0.000197927 0.00148208 0.00768533 0.0276049 0.0687532 0.119214 0.146173 0.134053 0.107419 0.092512 0.0843882 0.0700199 0.0515376 0.035704 0.0237009 0.0146463 0.00824206 0.00415271 0.00182229 0.000672345
 3.36311e-11 1.58185e-09 5.15198e-08 1.1619e-06 1.81447e-05 0.00019621 0.00146922 0.00761865 0.0273653 0.0681559 0.118174 0.144881 0.132816 0.106349 0.0916192 0.0839305 0.0704008 0.0528022 0.0373943 0.0252465 0.0157309 0.0088413 0.00440579 0.00189801 0.000685533
 3.21037e-11 1.51e-09 4.91799e-08 1.10913e-06 1.73207e-05 0.000187299 0.0014025 0.00727275 0.0261242 0.0650772 0.112922 0.138843 0.128569 0.105613 0.0940717 0.0878435 0.0741478 0.0557995 0.0398032 0.0272485 0.0172921 0.00988395 0.00497252 0.0021416 0.000766677
 3.29878e-11 1.55159e-09 5.05343e-08 1.13967e-06 1.77977e-05 0.000192457 0.00144112 0.00747292 0.026842 0.0668535 0.115923 0.142152 0.130421 0.104686 0.0906206 0.0836484 0.0711259 0.0545797 0.0398005 0.0276996 0.0178034 0.0103178 0.00527071 0.00230024 0.000829727
 3.31636e-11 1.55986e-09 5.08035e-08 1.14575e-06 1.78925e-05 0.000193482 0.0014488 0.00751274 0.0269851 0.0672102 0.116544 0.142927 0.131166 0.105324 0.0910919 0.0836911 0.0704383 0.0532933 0.0385226 0.0269464 0.0176018 0.010401 0.0054089 0.00239755 0.000876441
#obs catch len freq
 2.03931e-11 9.59194e-10 3.12403e-08 7.04549e-07 1.10026e-05 0.000118978 0.000890923 0.0046202 0.0166 0.0413899 0.0720815 0.0898656 0.0872085 0.0800671 0.0818793 0.0850657 0.080574 0.0720971 0.0647561 0.0584082 0.0517571 0.0438454 0.0338995 0.022583 0.0122801
 2.15633e-11 1.01423e-09 3.30329e-08 7.44975e-07 1.16339e-05 0.000125804 0.000942037 0.00488518 0.0175507 0.043747 0.0760955 0.0944446 0.0903204 0.0803695 0.0798392 0.0825986 0.0794751 0.0725082 0.0652859 0.0576995 0.0496082 0.0410199 0.0313368 0.0208135 0.011322
 8.04539e-16 3.79137e-14 1.24414e-12 2.88934e-11 5.02994e-10 7.66327e-09 1.23531e-07 2.00289e-06 2.66226e-05 0.000258152 0.00175856 0.00833783 0.0275135 0.0635745 0.10464 0.127891 0.126406 0.114033 0.101887 0.0901115 0.0770625 0.0625977 0.0467977 0.0305946 0.016508
 1.17811e-11 5.54127e-10 1.80475e-08 4.07018e-07 6.35616e-06 6.87325e-05 0.000514655 0.00266843 0.00958036 0.0238176 0.0410051 0.0489267 0.0407945 0.0257689 0.0204491 0.0357457 0.0700902 0.106971 0.126458 0.123798 0.108062 0.0873327 0.0644268 0.0414553 0.0220588
 5.01806e-11 2.36025e-09 7.68719e-08 1.73366e-06 2.70735e-05 0.00029276 0.00219213 0.0113661 0.0408088 0.101469 0.174782 0.20885 0.174047 0.103252 0.0468636 0.0197437 0.0104383 0.00913077 0.0124792 0.0173425 0.0198873 0.0185232 0.014342 0.00927169 0.00488905
 3.2656e-11 1.53598e-09 5.00259e-08 1.12821e-06 1.76186e-05 0.000190522 0.00142665 0.00739821 0.0265788 0.066247 0.115208 0.142851 0.136019 0.118901 0.111969 0.101951 0.074329 0.0404911 0.0176701 0.00875357 0.00743984 0.00779934 0.00703361 0.00498918 0.00273584
 3.86263e-11 1.8168e-09 5.91719e-08 1.33448e-06 2.08397e-05 0.000225352 0.00168742 0.00874977 0.0314234 0.0782136 0.13528 0.164284 0.145605 0.10639 0.08042 0.0691529 0.0593563 0.0467331 0.0326884 0.0192873 0.0095776 0.00475091 0.00296038 0.00202318 0.00117023
 2.40874e-11 1.13295e-09 3.68996e-08 8.32179e-07 1.29957e-05 0.000140532 0.00105234 0.00545757 0.0196129 0.048945 0.0855298 0.107987 0.108988 0.107795 0.115994 0.116936 0.0976006 0.0694817 0.0468281 0.0310417 0.018954 0.0100054 0.00463602 0.00206928 0.000930104
 4.07051e-11 1.91457e-09 6.23563e-08 1.40629e-06 2.19613e-05 0.000237479 0.00177822 0.00922033 0.03311 0.0823782 0.142255 0.171681 0.148704 0.101347 0.0677816 0.0543889 0.0489619 0.0437026 0.0360615 0.0261149 0.0163899 0.00903118 0.00435962 0.00181722 0.00065665
 3.22992e-11 1.5192e-09 4.94794e-08 1.11588e-06 1.74262e-05 0.00018844 0.00141105 0.00731719 0.0262856 0.0654951 0.113757 0.140383 0.13159 0.111115 0.101376 0.093141 0.0732045 0.0487998 0.0314921 0.0218387 0.0152255 0.00948999 0.00497095 0.0021441 0.000756671
 3.77971e-11 1.7778e-09 5.79016e-08 1.30583e-06 2.03924e-05 0.000220515 0.0016512 0.00856199 0.0307497 0.076543 0.132432 0.161026 0.143351 0.106041 0.0815613 0.0703424 0.0594264 0.0461393 0.0331769 0.0218296 0.0131288 0.00742318 0.00390865 0.0017935 0.000671204
 3.62762e-11 1.70626e-09 5.55717e-08 1.25328e-06 1.95718e-05 0.000211642 0.00158477 0.0082177 0.0295157 0.0734965 0.127333 0.155633 0.141126 0.109696 0.0902451 0.079199 0.0633945 0.0447278 0.0300553 0.0200107 0.012625 0.00717371 0.00359161 0.00156452 0.000577335
 3.69937e-11 1.74001e-09 5.66709e-08 1.27807e-06 1.99589e-05 0.000215828 0.00161611 0.00838016 0.0300982 0.0749375 0.129765 0.158299 0.142573 0.108863 0.0874994 0.0763401 0.062173 0.0451405 0.0306389 0.0197843 0.0118988 0.00656893 0.00326637 0.00141111 0.000509889
 3.65539e-11 1.71932e-09 5.59971e-08 1.26288e-06 1.97217e-05 0.000213262 0.0015969 0.00828058 0.0297412 0.0740541 0.128273 0.15666 0.141672 0.109357 0.0892189 0.0783014 0.0633788 0.0454404 0.0305915 0.0198042 0.0119392 0.00650903 0.00315248 0.00132569 0.000469379
 3.36289e-11 1.58174e-09 5.15163e-08 1.16182e-06 1.81435e-05 0.000196197 0.00146913 0.0076182 0.0273645 0.0681598 0.118224 0.145144 0.133695 0.108326 0.0945953 0.0867597 0.0716399 0.0519995 0.0352709 0.0228308 0.0136948 0.00742474 0.00357032 0.00148227 0.000515034
 3.13508e-11 1.47459e-09 4.80265e-08 1.08312e-06 1.69145e-05 0.000182907 0.00136961 0.00710225 0.0255124 0.0635587 0.110326 0.135837 0.126382 0.105075 0.095152 0.0900388 0.0769422 0.0586282 0.0419383 0.0282126 0.0172624 0.00942357 0.0045268 0.00186845 0.000643224
 3.72387e-11 1.75153e-09 5.70461e-08 1.28653e-06 2.00911e-05 0.000217256 0.00162681 0.00843551 0.0302957 0.0754156 0.1305 0.158763 0.14161 0.105303 0.0815587 0.0703927 0.0591834 0.0461832 0.034491 0.0243998 0.0157094 0.00896095 0.0044342 0.00185696 0.000641413
 3.18281e-11 1.49704e-09 4.87576e-08 1.09961e-06 1.7172e-05 0.000185691 0.00139047 0.00721043 0.0259016 0.0645347 0.112063 0.138174 0.129165 0.10848 0.0988431 0.0921471 0.0752972 0.0534267 0.0360123 0.024255 0.0157736 0.00937482 0.00486624 0.00212412 0.00075581
 3.30639e-11 1.55517e-09 5.06508e-08 1.1423e-06 1.78387e-05 0.000192901 0.00144444 0.00749012 0.0269034 0.067002 0.116152 0.1423 0.130143 0.103672 0.0890969 0.0826208 0.0715967 0.0563102 0.0414073 0.028201 0.0174604 0.00986733 0.00504846 0.00224606 0.000826516
 3.19674e-11 1.50359e-09 4.8971e-08 1.10442e-06 1.72471e-05 0.000186504 0.00139655 0.00724185 0.0260131 0.0647983 0.112424 0.13817 0.127747 0.104537 0.0926874 0.0864363 0.0732491 0.0558509 0.0409118 0.0290391 0.0190698 0.0111529 0.00568604 0.00248103 0.000903904
 3.32332e-11 1.56313e-09 5.09102e-08 1.14815e-06 1.79301e-05 0.000193889 0.00145184 0.00752847 0.0270412 0.0673445 0.116742 0.143005 0.13072 0.10394 0.0889023 0.0816799 0.0697404 0.0540885 0.0400137 0.028342 0.0186551 0.0111398 0.00586456 0.00262366 0.000964527
 3.29926e-11 1.55181e-09 5.05415e-08 1.13984e-06 1.78002e-05 0.000192485 0.00144133 0.00747401 0.0268461 0.0668645 0.115949 0.142218 0.130582 0.104994 0.0909707 0.0836848 0.0705084 0.053464 0.0388351 0.0274048 0.0181477 0.0109322 0.00582506 0.00265234 0.000995077
 3.46124e-11 1.628e-09 5.3023e-08 1.1958e-06 1.86742e-05 0.000201935 0.00151209 0.00784083 0.0281623 0.0701283 0.121511 0.14858 0.134956 0.105486 0.0879565 0.0791929 0.0664815 0.0505226 0.0366061 0.0255373 0.0166697 0.00995806 0.00531151 0.00243879 0.000926628
 3.49621e-11 1.64445e-09 5.35586e-08 1.20788e-06 1.88628e-05 0.000203975 0.00152736 0.00792004 0.0284469 0.0708383 0.122749 0.150131 0.136477 0.106871 0.0891767 0.0798633 0.0660542 0.0489905 0.034623 0.0237766 0.0153791 0.00910503 0.00481261 0.00219797 0.00083575
 3.4009e-11 1.59962e-09 5.20985e-08 1.17495e-06 1.83486e-05 0.000198414 0.00148573 0.00770422 0.0276727 0.0689197 0.119489 0.146446 0.134096 0.107029 0.091701 0.0834398 0.0692871 0.0511998 0.0357617 0.0240796 0.0152136 0.00881713 0.00458704 0.00207212 0.000782296
 3.41302e-11 1.60532e-09 5.22842e-08 1.17914e-06 1.8414e-05 0.000199122 0.00149102 0.00773165 0.0277708 0.0691604 0.119881 0.14681 0.13406 0.106264 0.0903113 0.0821159 0.0688173 0.0517417 0.0367807 0.0249468 0.015664 0.00892815 0.00454652 0.00201245 0.000747694
 3.23948e-11 1.52369e-09 4.96257e-08 1.11919e-06 1.74777e-05 0.000188997 0.00141521 0.00733866 0.0263608 0.0656635 0.11392 0.139983 0.129343 0.105673 0.0934727 0.0869387 0.0732892 0.0551387 0.0393396 0.0269523 0.017139 0.00984283 0.00499788 0.00218498 0.000798101
 3.12392e-11 1.46934e-09 4.78554e-08 1.07926e-06 1.68542e-05 0.000182255 0.00136473 0.00707691 0.0254211 0.0633279 0.109903 0.135211 0.125467 0.103654 0.0932042 0.0880896 0.0757635 0.0586276 0.0430279 0.0300275 0.019299 0.011183 0.00572445 0.00251243 0.000915204
 3.52154e-11 1.65636e-09 5.39466e-08 1.21663e-06 1.89995e-05 0.000205453 0.00153842 0.00797732 0.0286515 0.071337 0.123539 0.15075 0.135935 0.104219 0.0846421 0.0754086 0.0640271 0.0500563 0.0375528 0.0269328 0.0178015 0.0105652 0.00550212 0.0024421 0.000895467
#spawning biomass
 21773.7 20533.5 16255.5 12229.3 13210.4 25311 39470.2 49644.2 60875.6 82007.3 90460.2 113214 127649 139297 156940 140492 146599 152359 150807 146580 155448 154371 153696 163364 156787 171897 181143 168401 174325 171760 208021 143826 91893 59840.3 42235.8 33207.2 28771.6 26652.3 25658.5 25198.2 24986.8 24890.4 24846.5 24826.6 24817.6 24813.5 24811.7 24810.9 24810.5 24810.4 24810.3 24810.2 24810.2 24810.2 24810.2 24810.2 24810.2 24810.2 24810.2 24810.2 24810.2 24810.2 24810.2 24810.2 24810.2 24810.2 24810.2 24810.2 24810.2 24810.2 24810.2 24810.2 24810.2 24810.2 24810.2 24810.2 24810.2 24810.2 24810.2 24810.2 24810.2 24810.2 24810.2 24810.2 24810.2 24810.2 24810.2 24810.2 24810.2 24810.2 24810.2 24810.2 24810.2 24810.2 24810.2 24810.2 24810.2 24810.2 24810.2 24810.2 24810.2 24810.2 24810.2 24810.2 24810.2 24810.2 24810.2 24810.2 24810.2 24810.2 24810.2 24810.2 24810.2 24810.2 24810.2 24810.2 24810.2 24810.2 24810.2 24810.2 24810.2 24810.2 24810.2 24810.2 24810.2 24810.2 24810.2 24810.2 24810.2 0 0 0 0 0 0 0 0 0 0 0 0 0 0 0 0 0 0 0 0 0 0 0 0 0
