SBPRF35
0.18548
Curr Bio
169688
B35
195333
F35
0.863303
FOFL
0.863303
OFL
74329.6
Bzero
52994.1
#pred survey bio
 16015.3 14044.7 15426.1 17300.3 19041.1 23201.2 25046.8 29168.4 38970.9 54572.9 72136.4 79559.3 102010 136217 135038 102116 95679.2 92777.7 90201.9 87862.8 85945.8 90938.7 99878.1 99634.8 109031 117181 112248 103609 105012 3.6141e+06 3.66833e+06 2.0886e+06 1.15815e+06 736187 549671 462366 417743 393048 378633 369969 364691 361461 359481 358261 357508 357057 356786 356622 356524 356465 356429 356407 356394 356387 356382 356379 356377 356376 356376 356375 356375 356375 356375 356375 356375 356375 356375 356375 356375 356375 356375 356375 356375 356375 356375 356375 356375 356375 356375 356375 356375 356375 356375 356375 356375 356375 356375 356375 356375 356375 356375 356375 356375 356375 356375 356375 356375 356375 356375 356375 356375 356375 356375 356375 356375 356375 356375 356375 356375 356375 356375 356375 356375 356375 356375 356375 356375 356375 356375 356375 356375 356375 356375 356375 356375 356375 356375 356375 356375 0 0 0 0 0 0 0 0 0 0 0 0 0 0 0 0 0 0 0 0 0 0 0 0 0
#obs survey bio
 15451.4 11699.4 15071 22251.8 21597.4 20284.9 28294.9 26562.2 49714.7 50105.2 94956.7 86878.9 139735 77067 111819 65321.7 96629.8 95877.6 84838.2 82147.6 128136 91908.3 113981 94013.9 135166 109027 96079.4 111673 81379.5
#pred catch bio
 8334.37 6830.91 8020.81 10077.5 10450.4 14033.3 15877.2 20018 27443 36501.4 54615.2 60744.6 73653.2 106026 116783 86180.3 83082.4 81633 81329.5 82256.3 80278.1 84031.8 98329.6 97050.2 106654 117390 112974 102778 68857.6 74329.6 83665.8 38412.3 18026.1 10431.4 7903.07 7120.59 6890.24 6824.8 6806.68 6801.76 6800.44 6800.1 6800 6799.98 6799.97 6799.97 6799.97 6799.97 6799.97 6799.97 6799.97 6799.97 6799.97 6799.97 6799.97 6799.97 6799.97 6799.97 6799.97 6799.97 6799.97 6799.97 6799.97 6799.97 6799.97 6799.97 6799.97 6799.97 6799.97 6799.97 6799.97 6799.97 6799.97 6799.97 6799.97 6799.97 6799.97 6799.97 6799.97 6799.97 6799.97 6799.97 6799.97 6799.97 6799.97 6799.97 6799.97 6799.97 6799.97 6799.97 6799.97 6799.97 6799.97 6799.97 6799.97 6799.97 6799.97 6799.97 6799.97 6799.97 6799.97 6799.97 6799.97 6799.97 6799.97 6799.97 6799.97 6799.97 6799.97 6799.97 6799.97 6799.97 6799.97 6799.97 6799.97 6799.97 6799.97 6799.97 6799.97 6799.97 6799.97 6799.97 6799.97 6799.97 6799.97 6799.97 6799.97 6799.97 6799.97 0 0 0 0 0 0 0 0 0 0 0 0 0 0 0 0 0 0 0 0 0 0 0 0 0
#obs catch bio
 6784.63 6984.65 8202.27 10347 10459.8 13959.7 15760.7 20166.8 27419.7 36527.8 53151.9 59345.3 70165.9 107154 119177 88425.8 81500.5 81081.8 80787 81714.3 78732.2 82839.1 96457.1 95155.4 103532 114755 112643 100458 67786.3
#pred cpue bio
 15953.8 13518.6 14770.9 16612.6 17909.2 22216.1 23868.9 26779.7 35131.9 49629.4 67750.9 72645.4 91497.5 126316 129884 95808.5 88253.7 85597.3 82795.4 80060.5 77280.1 81391.7 89444.8 88355.4 95881.5 104493 100538 93097.1 91996 3.43443e+06 3.95766e+06 2.09832e+06 1.15292e+06 730291 543744 456438 411815 387120 372704 364040 358763 355532 353552 352332 351580 351128 350857 350694 350596 350536 350500 350479 350466 350458 350453 350450 350449 350448 350447 350447 350446 350446 350446 350446 350446 350446 350446 350446 350446 350446 350446 350446 350446 350446 350446 350446 350446 350446 350446 350446 350446 350446 350446 350446 350446 350446 350446 350446 350446 350446 350446 350446 350446 350446 350446 350446 350446 350446 350446 350446 350446 350446 350446 350446 350446 350446 350446 350446 350446 350446 350446 350446 350446 350446 350446 350446 350446 350446 350446 350446 350446 350446 350446 350446 350446 350446 350446 350446 350446 0 0 0 0 0 0 0 0 0 0 0 0 0 0 0 0 0 0 0 0 0 0 0 0 0
#obs cpue bio
 8646.27 8517.87 9813.72 11469.6 17105.1 30476 25932.4 21480.9 29046.3 46660 118242 97212.6 142226 105901 140009 95936.2 141395 84873.8 96395.6 100057 72453.2 94220 115883 123148 129665 145543 116829 148372 136986
#pred surv len freq
 2.56037e-27 2.58066e-27 2.62154e-26 4.99038e-20 1.22333e-14 3.62495e-10 1.2984e-06 0.000562155 0.0294212 0.186127 0.142805 0.0428727 0.225994 0.208614 0.0444451 0.0492047 0.0203938 0.0147392 0.00888295 0.00665945 0.00518121 0.00446047 0.00446677 0.00396029 0.00120913
 2.56259e-27 2.58698e-27 3.20449e-26 6.22023e-20 1.52482e-14 4.5183e-10 1.61838e-06 0.000700697 0.0366719 0.231997 0.177772 0.039233 0.173731 0.16116 0.0502403 0.0742535 0.0262095 0.0125093 0.00570004 0.00326447 0.00207246 0.00152626 0.00135368 0.00120097 0.000401927
 2.56334e-27 2.5888e-27 3.34068e-26 6.50745e-20 1.59522e-14 4.72693e-10 1.69311e-06 0.000733051 0.0383652 0.242709 0.185983 0.0411622 0.182643 0.168786 0.0407281 0.0508171 0.0218422 0.0160413 0.00575099 0.00214583 0.000938749 0.00052911 0.000388068 0.000323552 0.000112162
 2.56329e-27 2.58857e-27 3.31036e-26 6.44345e-20 1.57953e-14 4.68044e-10 1.67646e-06 0.000725841 0.0379879 0.240322 0.184174 0.0420344 0.190552 0.176028 0.0410601 0.0495621 0.0185594 0.010567 0.00504559 0.00229404 0.000637572 0.000221075 0.000115614 8.29454e-05 2.84772e-05
 2.56472e-27 2.59235e-27 3.63359e-26 7.12528e-20 1.74668e-14 5.17572e-10 1.85385e-06 0.000802648 0.0420077 0.265753 0.20359 0.0419152 0.176003 0.16247 0.0363019 0.0420706 0.0154779 0.00828688 0.0032298 0.00139116 0.000514064 0.000124209 3.50854e-05 1.82227e-05 5.86843e-06
 2.56371e-27 2.58955e-27 3.38107e-26 6.59256e-20 1.61609e-14 4.78875e-10 1.71525e-06 0.000742638 0.038867 0.245884 0.188437 0.0430941 0.195621 0.180499 0.0381524 0.0417295 0.01502 0.0075682 0.00284371 0.00107627 0.000342045 9.73001e-05 1.82514e-05 4.89575e-06 1.32546e-06
 2.56398e-27 2.5903e-27 3.44809e-26 6.73395e-20 1.65075e-14 4.89146e-10 1.75204e-06 0.000758566 0.0397006 0.251157 0.192459 0.042749 0.19017 0.175523 0.0382761 0.0432436 0.0151614 0.00702786 0.00253479 0.000903698 0.00025681 6.35228e-05 1.20618e-05 1.72191e-06 2.98623e-07
 2.56619e-27 2.59621e-27 3.96184e-26 7.8177e-20 1.91641e-14 5.67868e-10 2.03401e-06 0.000880647 0.0460899 0.291578 0.223311 0.0419918 0.162731 0.150039 0.0308004 0.032587 0.0115865 0.00560819 0.00194074 0.000640403 0.000169862 3.73351e-05 6.23587e-06 7.0774e-07 6.36701e-08
 2.56727e-27 2.59895e-27 4.18647e-26 8.29153e-20 2.03257e-14 6.02286e-10 2.15729e-06 0.000934023 0.0488834 0.30925 0.236817 0.0427478 0.158995 0.146297 0.0248313 0.0198568 0.00683303 0.00302285 0.00106395 0.000356683 8.77193e-05 1.76638e-05 2.57922e-06 2.48067e-07 1.40999e-08
 2.56692e-27 2.59793e-27 4.09111e-26 8.09032e-20 1.98325e-14 5.87671e-10 2.10494e-06 0.000911358 0.0476972 0.301746 0.231098 0.0434542 0.168389 0.154897 0.0251156 0.0183025 0.00578066 0.00178827 0.000579831 0.000182926 4.57792e-05 8.72857e-06 1.14287e-06 9.39959e-08 4.11092e-09
 2.56523e-27 2.5934e-27 3.69401e-26 7.25264e-20 1.7779e-14 5.26822e-10 1.88699e-06 0.000816994 0.0427585 0.270503 0.207255 0.0442965 0.191551 0.176358 0.0305082 0.025196 0.00782573 0.00215885 0.000595127 0.000138182 3.13035e-05 5.88327e-06 7.32007e-07 5.30264e-08 1.92242e-09
 2.56667e-27 2.59731e-27 4.0405e-26 7.98359e-20 1.95708e-14 5.79918e-10 2.07717e-06 0.000899334 0.0470679 0.297765 0.228055 0.0432478 0.168956 0.155503 0.0267299 0.0218391 0.00696663 0.00222239 0.000601572 0.000120662 2.04169e-05 3.14414e-06 3.738e-07 2.53785e-08 7.98054e-10
 2.56756e-27 2.59966e-27 4.24255e-26 8.4098e-20 2.06156e-14 6.10878e-10 2.18806e-06 0.000947347 0.0495807 0.313661 0.240192 0.0431245 0.159491 0.146659 0.0231728 0.0159446 0.00505694 0.00159557 0.000452864 0.000101359 1.5714e-05 1.83983e-06 1.69292e-07 1.0628e-08 3.07621e-10
 2.566e-27 2.59541e-27 3.86483e-26 7.61296e-20 1.86623e-14 5.52996e-10 1.98074e-06 0.000857584 0.0448829 0.283942 0.217518 0.0443566 0.184797 0.169995 0.0270223 0.0188391 0.00577287 0.00149324 0.000411287 9.26186e-05 1.56835e-05 1.8129e-06 1.28107e-07 6.13189e-09 1.59861e-10
 2.56397e-27 2.58989e-27 3.3774e-26 6.58468e-20 1.61415e-14 4.78303e-10 1.7132e-06 0.000741751 0.0388205 0.24559 0.188255 0.0457572 0.216015 0.198817 0.0323733 0.0237902 0.00731492 0.00191525 0.000495856 9.43338e-05 1.56004e-05 1.90767e-06 1.35657e-07 5.0674e-09 1.01188e-10
 2.56538e-27 2.59374e-27 3.71752e-26 7.3022e-20 1.79005e-14 5.30423e-10 1.89988e-06 0.000822577 0.0430507 0.272351 0.208674 0.0447567 0.194056 0.178546 0.0286578 0.020422 0.00633717 0.00176156 0.00046166 8.70153e-05 1.26434e-05 1.40595e-06 1.03328e-07 3.82968e-09 6.06455e-11
 2.56629e-27 2.59617e-27 3.93111e-26 7.75278e-20 1.9005e-14 5.63152e-10 2.01712e-06 0.000873335 0.0457072 0.289156 0.221499 0.0442969 0.181546 0.166962 0.0258744 0.0169861 0.00523172 0.00140524 0.000373263 7.40913e-05 1.08229e-05 1.10381e-06 7.20232e-08 2.68088e-09 4.1237e-11
 2.56634e-27 2.59626e-27 3.93397e-26 7.7588e-20 1.90198e-14 5.6359e-10 2.01868e-06 0.000874013 0.0457427 0.289381 0.221676 0.0446791 0.18433 0.169442 0.024705 0.0136888 0.00414132 0.0010149 0.000263187 5.10211e-05 7.70904e-06 8.0729e-07 4.9283e-08 1.63847e-09 2.46878e-11
 2.56659e-27 2.59694e-27 3.99397e-26 7.88537e-20 1.933e-14 5.72783e-10 2.05161e-06 0.00088827 0.0464889 0.294102 0.225279 0.0445364 0.180713 0.1661 0.0240365 0.0129994 0.00383815 0.000785202 0.000192305 3.43417e-05 5.02531e-06 5.30906e-07 3.33683e-08 1.05093e-09 1.43189e-11
 2.56695e-27 2.59791e-27 4.07853e-26 8.06375e-20 1.97673e-14 5.85741e-10 2.09803e-06 0.000908365 0.0475406 0.300755 0.230357 0.0444148 0.176219 0.161922 0.0227313 0.0110739 0.00325119 0.000647802 0.000150852 2.28394e-05 3.05752e-06 3.03675e-07 1.89936e-08 6.10399e-10 7.94689e-12
 2.56757e-27 2.59957e-27 4.22356e-26 8.36969e-20 2.05173e-14 6.07964e-10 2.17762e-06 0.000942828 0.0493442 0.312165 0.239065 0.0441204 0.167861 0.154176 0.0207638 0.00853544 0.0024645 0.000442389 0.000100221 1.463e-05 1.74814e-06 1.50236e-07 8.67252e-09 2.73953e-10 3.6023e-12
 2.56777e-27 2.60012e-27 4.2718e-26 8.47147e-20 2.07668e-14 6.15357e-10 2.2041e-06 0.000954293 0.0499443 0.315961 0.241962 0.0440066 0.16496 0.151493 0.0201796 0.00787682 0.00223584 0.000341372 7.2691e-05 9.65204e-06 1.10577e-06 8.697e-08 4.29447e-09 1.22715e-10 1.56954e-12
 2.56775e-27 2.60005e-27 4.26564e-26 8.45846e-20 2.07349e-14 6.14412e-10 2.20072e-06 0.000952828 0.0498676 0.315476 0.241592 0.0440124 0.165264 0.151777 0.0202957 0.00806915 0.00228281 0.00033217 6.77112e-05 7.72882e-06 8.04825e-07 5.83178e-08 2.64591e-09 6.50664e-11 7.43421e-13
 2.56818e-27 2.6012e-27 4.3659e-26 8.66996e-20 2.12534e-14 6.29775e-10 2.25575e-06 0.000976653 0.0511145 0.323365 0.247613 0.0438633 0.159899 0.146789 0.0187262 0.00574755 0.00161157 0.000238363 4.84267e-05 5.25281e-06 4.97531e-07 3.11337e-08 1.27552e-09 2.84923e-11 2.8254e-13
 2.56851e-27 2.60211e-27 4.4467e-26 8.84043e-20 2.16712e-14 6.42158e-10 2.3001e-06 0.000995856 0.0521195 0.329722 0.252463 0.0435566 0.154157 0.141506 0.018087 0.00561808 0.00154992 0.000183192 3.46729e-05 3.80368e-06 3.53088e-07 2.03363e-08 7.20319e-10 1.41704e-11 1.26218e-13
 2.56796e-27 2.6006e-27 4.31119e-26 8.55454e-20 2.09704e-14 6.21391e-10 2.22572e-06 0.000963651 0.050434 0.31906 0.244329 0.0441083 0.16407 0.15062 0.0190764 0.00558021 0.00153623 0.000183198 3.36412e-05 3.01102e-06 2.61258e-07 1.49672e-08 4.96278e-10 8.51111e-12 6.58353e-14
 2.56778e-27 2.6001e-27 4.26663e-26 8.46054e-20 2.074e-14 6.14563e-10 2.20126e-06 0.000953062 0.0498798 0.315554 0.241655 0.0443055 0.16745 0.153723 0.0193545 0.00543309 0.00148794 0.000168921 3.04711e-05 2.72766e-06 2.161e-07 1.04318e-08 3.33743e-10 5.43138e-12 3.70623e-14
 2.56765e-27 2.59973e-27 4.2339e-26 8.39148e-20 2.05707e-14 6.09547e-10 2.18329e-06 0.000945283 0.0494727 0.312978 0.239691 0.0444307 0.169782 0.15587 0.0196227 0.00550407 0.00150421 0.000165172 2.91993e-05 2.49857e-06 1.94354e-07 8.98069e-09 2.46206e-10 3.65273e-12 2.3678e-14
 2.56866e-27 2.60251e-27 4.48269e-26 8.91636e-20 2.18574e-14 6.47673e-10 2.31986e-06 0.00100441 0.0525671 0.332554 0.254623 0.0434328 0.151698 0.139241 0.0177566 0.00543472 0.0014914 0.000163649 2.87997e-05 2.38675e-06 1.79684e-07 7.96706e-09 2.10687e-10 2.76755e-12 1.58962e-14
#obs surv len freq
 1.24363e-41 1.72608e-33 2.89586e-26 5.87275e-20 1.43963e-14 4.2659e-10 1.52798e-06 0.000661561 0.0346235 0.219039 0.167986 0.0416042 0.169806 0.142249 0.0897648 0.0852159 0.0338878 0.0123386 0.00252516 0.000284042 1.29201e-05 1.74862e-07 5.35332e-10 3.02865e-13 2.76715e-17
 1.55979e-41 2.16489e-33 3.63205e-26 7.36572e-20 1.80562e-14 5.35038e-10 1.91642e-06 0.000829744 0.0434255 0.274723 0.210542 0.0426602 0.142071 0.1132 0.0740188 0.0645598 0.0243869 0.00799149 0.00144534 0.000138925 5.17786e-06 5.44889e-08 1.24146e-10 5.08568e-14 3.31491e-18
 1.29108e-41 1.79193e-33 3.00634e-26 6.09679e-20 1.49456e-14 4.42865e-10 1.58627e-06 0.0006868 0.0359444 0.227396 0.174644 0.0517157 0.203906 0.149925 0.0734091 0.0555485 0.0199671 0.00585803 0.000921345 7.36258e-05 2.19684e-06 1.78389e-08 3.03195e-11 9.03162e-15 4.21168e-19
 1.56209e-41 2.16807e-33 3.63739e-26 7.37655e-20 1.80828e-14 5.35825e-10 1.91924e-06 0.000830964 0.0434893 0.275127 0.211026 0.0474734 0.149944 0.109606 0.0841839 0.0589976 0.0152404 0.00356881 0.000479171 3.11868e-05 7.25824e-07 4.46044e-09 5.61539e-12 1.21791e-15 4.08049e-20
 1.54044e-41 2.13803e-33 3.58698e-26 7.27433e-20 1.78322e-14 5.284e-10 1.89264e-06 0.000819449 0.0428867 0.271316 0.208356 0.0553726 0.180165 0.118792 0.0637537 0.0414705 0.0139489 0.00283853 0.00026508 1.32313e-05 2.35506e-07 1.07364e-09 9.85763e-13 1.5446e-16 3.71303e-21
 1.35216e-41 1.8767e-33 3.14856e-26 6.38522e-20 1.56526e-14 4.63816e-10 1.66131e-06 0.000719291 0.0376448 0.238155 0.183281 0.0612578 0.205395 0.131008 0.0830779 0.0463252 0.01086 0.00207818 0.0001898 6.67941e-06 8.2638e-08 2.71924e-10 1.79255e-13 2.00305e-17 3.4238e-22
 1.5671e-41 2.17503e-33 3.64907e-26 7.40024e-20 1.81408e-14 5.37546e-10 1.9254e-06 0.000833633 0.043629 0.276013 0.212163 0.058248 0.166143 0.105125 0.0826038 0.0433842 0.0102408 0.00150734 0.000104045 3.1741e-06 2.84522e-08 6.24451e-11 2.83276e-14 2.21868e-18 2.66645e-23
 1.73202e-41 2.40393e-33 4.0331e-26 8.17904e-20 2.005e-14 5.94117e-10 2.12803e-06 0.000921364 0.0482205 0.305061 0.234542 0.0627646 0.163165 0.0926985 0.0566702 0.0276895 0.00720946 0.000998147 5.60793e-05 1.2308e-06 8.44437e-09 1.34632e-11 4.09542e-15 2.14088e-19 1.75597e-24
 1.65775e-41 2.30084e-33 3.86014e-26 7.82829e-20 1.91901e-14 5.68639e-10 2.03677e-06 0.000881852 0.0461526 0.291981 0.224964 0.0713702 0.185137 0.0980055 0.054656 0.0220098 0.00427475 0.000536681 2.84665e-05 4.99938e-07 2.42852e-09 2.75055e-12 5.98811e-16 2.15991e-20 1.18781e-25
 1.53415e-41 2.12931e-33 3.57235e-26 7.24466e-20 1.77594e-14 5.26244e-10 1.88492e-06 0.000816106 0.0427117 0.270215 0.208782 0.0785552 0.199816 0.104746 0.0664865 0.0236965 0.00380505 0.000353617 1.44056e-05 2.16161e-07 8.31272e-10 6.70352e-13 1.00521e-16 2.52386e-21 9.69714e-27
 1.46621e-41 2.03501e-33 3.41415e-26 6.92382e-20 1.69729e-14 5.02939e-10 1.80145e-06 0.000779964 0.0408202 0.258252 0.200082 0.0842138 0.20391 0.10741 0.0751107 0.0250866 0.00401674 0.000306971 8.94767e-06 9.49429e-08 2.79552e-10 1.73766e-13 1.89647e-17 3.30883e-22 8.71213e-28
 1.88687e-41 2.61886e-33 4.39367e-26 8.91028e-20 2.18425e-14 6.47233e-10 2.31828e-06 0.00100374 0.0525316 0.33234 0.256265 0.0728762 0.140322 0.0733589 0.0522277 0.016307 0.00258175 0.000179136 4.37154e-06 3.30519e-08 6.55409e-11 2.8684e-14 2.29901e-18 2.94346e-23 5.547e-29
 1.56822e-41 2.17659e-33 3.65168e-26 7.40553e-20 1.81538e-14 5.3793e-10 1.92678e-06 0.000834228 0.0436602 0.276229 0.215135 0.102499 0.21441 0.0903031 0.0428297 0.0121306 0.00184677 0.000117128 2.55091e-06 1.572e-08 2.26631e-11 6.6687e-15 3.58166e-19 3.17521e-24 4.25999e-30
 1.27307e-41 1.76694e-33 2.96441e-26 6.01176e-20 1.47371e-14 4.36688e-10 1.56414e-06 0.000677221 0.0354431 0.224254 0.176537 0.113814 0.233589 0.119291 0.0777452 0.0168586 0.00169751 9.0278e-05 1.72496e-06 8.97959e-09 1.03418e-11 2.26066e-15 8.44835e-20 5.02811e-25 4.51547e-31
 1.15075e-41 1.59716e-33 2.67957e-26 5.43411e-20 1.33211e-14 3.94728e-10 1.41385e-06 0.000612149 0.0320375 0.202718 0.160856 0.11751 0.22741 0.134937 0.0974922 0.0235977 0.00272346 0.000103521 1.3594e-06 5.59861e-09 5.18874e-12 8.87012e-16 2.49738e-20 1.07628e-25 6.75885e-32
 1.55434e-41 2.15732e-33 3.61935e-26 7.33997e-20 1.79931e-14 5.33167e-10 1.90972e-06 0.000826842 0.0432737 0.2738 0.214436 0.100734 0.165507 0.104738 0.0746195 0.019481 0.0024813 0.000100156 1.14404e-06 3.21291e-09 2.08694e-12 2.67964e-16 5.74225e-21 1.86158e-26 8.63993e-33
 1.40737e-41 1.95334e-33 3.27713e-26 6.64595e-20 1.62918e-14 4.82755e-10 1.72915e-06 0.000748662 0.0391821 0.247944 0.197708 0.135843 0.214998 0.0972036 0.0516627 0.0130106 0.00162874 6.77845e-05 7.7857e-07 1.95898e-09 9.51922e-13 8.30226e-17 1.22958e-21 2.86857e-27 9.77537e-34
 1.46676e-41 2.03576e-33 3.41542e-26 6.9264e-20 1.69792e-14 5.03126e-10 1.80212e-06 0.000780254 0.0408355 0.258414 0.206048 0.130106 0.189998 0.106962 0.0563622 0.00957771 0.000880738 3.30847e-05 3.57042e-07 8.38621e-10 3.5971e-13 2.52396e-17 2.72672e-22 4.37698e-28 1.01743e-34
 1.43908e-41 1.99735e-33 3.35097e-26 6.7957e-20 1.66589e-14 4.93632e-10 1.76811e-06 0.000765531 0.040065 0.253569 0.204441 0.144502 0.195896 0.101656 0.0492623 0.00910862 0.000714458 1.8076e-05 1.49903e-07 3.00254e-10 1.11345e-13 6.64044e-18 5.8849e-23 7.38712e-29 1.27555e-35
 1.55826e-41 2.16277e-33 3.62849e-26 7.35851e-20 1.80385e-14 5.34514e-10 1.91454e-06 0.000828931 0.0433831 0.274579 0.22118 0.14143 0.175084 0.0948972 0.0415704 0.00656775 0.000466421 1.04468e-05 6.21622e-08 8.63365e-11 2.42798e-14 1.15613e-18 8.26777e-24 8.32378e-30 1.1366e-36
 1.51079e-41 2.09688e-33 3.51794e-26 7.13432e-20 1.74889e-14 5.18229e-10 1.85621e-06 0.000803676 0.0420615 0.266271 0.218007 0.160551 0.18448 0.0887412 0.0338888 0.00489705 0.000291532 5.35606e-06 2.62857e-08 2.7477e-11 5.32899e-15 1.76159e-19 9.16997e-25 6.96522e-31 7.29291e-38
 1.54879e-41 2.14962e-33 3.60644e-26 7.31378e-20 1.79289e-14 5.31265e-10 1.90291e-06 0.000823892 0.0431196 0.273004 0.224574 0.160347 0.172765 0.090157 0.0312091 0.00380531 0.000190367 2.88503e-06 1.113e-08 9.03399e-12 1.32863e-15 3.16278e-20 1.13859e-25 5.94609e-32 4.3598e-39
 1.5549e-41 2.1581e-33 3.62067e-26 7.34264e-20 1.79996e-14 5.33362e-10 1.91041e-06 0.000827144 0.0432899 0.27415 0.228381 0.170625 0.170164 0.0832265 0.0261907 0.00301565 0.000126439 1.50896e-06 4.53212e-09 2.80368e-12 3.08626e-16 5.45867e-21 1.44345e-26 5.42211e-33 2.79508e-40
 1.59361e-41 2.21183e-33 3.7108e-26 7.52543e-20 1.84477e-14 5.46639e-10 1.95797e-06 0.000847735 0.0443678 0.281041 0.23605 0.174305 0.162118 0.0777168 0.0213758 0.00209965 7.51597e-05 7.40984e-07 1.71012e-09 7.88205e-13 6.41587e-17 8.32798e-22 1.60533e-27 4.38075e-34 1.63609e-41
 1.58432e-41 2.19893e-33 3.68916e-26 7.48154e-20 1.83401e-14 5.43451e-10 1.94655e-06 0.000842791 0.0441094 0.279516 0.238639 0.184328 0.16027 0.0728388 0.0178593 0.00154815 4.55018e-05 3.59041e-07 6.53498e-10 2.2923e-13 1.37199e-17 1.28957e-22 1.79332e-28 3.52546e-35 9.46797e-43
 1.37442e-41 1.90761e-33 3.20041e-26 6.49037e-20 1.59104e-14 4.71454e-10 1.68867e-06 0.000731136 0.0382665 0.242779 0.218967 0.216691 0.182951 0.0808985 0.0173965 0.00128621 3.11604e-05 1.95302e-07 2.72291e-10 7.21321e-14 3.22639e-18 2.23005e-23 2.24407e-29 3.15959e-36 6.0511e-44
 1.40283e-41 1.94704e-33 3.26656e-26 6.62452e-20 1.62392e-14 4.81198e-10 1.72357e-06 0.000746248 0.0390579 0.247887 0.223936 0.20559 0.176507 0.0878752 0.0172737 0.00110316 2.16619e-05 1.0631e-07 1.13206e-10 2.23949e-14 7.36877e-19 3.72343e-24 2.72964e-30 2.78637e-37 3.84402e-45
 1.47393e-41 2.04571e-33 3.43211e-26 6.96024e-20 1.70622e-14 5.05585e-10 1.81092e-06 0.000784068 0.0410372 0.260394 0.232885 0.202956 0.168382 0.0771343 0.0154047 0.0010042 1.79532e-05 7.51245e-08 6.61558e-11 1.06842e-14 2.85104e-19 1.16215e-24 6.8457e-31 5.6058e-38 6.20412e-46
 1.47394e-41 2.04573e-33 3.43214e-26 6.96031e-20 1.70624e-14 5.0559e-10 1.81094e-06 0.000784075 0.0410376 0.260396 0.232887 0.20296 0.168463 0.0772976 0.0152162 0.00094037 1.5607e-05 5.93544e-08 4.67206e-11 6.67127e-15 1.562e-19 5.559e-25 2.84886e-31 2.02439e-38 1.94057e-46
#pred catch len freq
 2.55844e-27 2.57538e-27 2.1507e-26 3.99709e-20 9.79837e-15 2.90343e-10 1.03996e-06 0.000450263 0.0235652 0.149081 0.114543 0.04456 0.25869 0.23871 0.0484058 0.0506659 0.0209077 0.0150084 0.00903669 0.00677213 0.00526853 0.0045356 0.004542 0.00402698 0.0012295
 2.56037e-27 2.58097e-27 2.67382e-26 5.10075e-20 1.25039e-14 3.70512e-10 1.32711e-06 0.000574589 0.0300719 0.190244 0.145913 0.0406818 0.20714 0.192006 0.0559956 0.0796266 0.0280276 0.0132733 0.0060415 0.00345836 0.00219538 0.00161676 0.00143395 0.00127219 0.00042576
 2.56122e-27 2.58305e-27 2.83176e-26 5.43385e-20 1.33204e-14 3.94708e-10 1.41378e-06 0.000612111 0.0320357 0.202667 0.155433 0.0427575 0.216247 0.199761 0.0455866 0.0541205 0.0231585 0.0168977 0.00605378 0.00225745 0.000987475 0.000556564 0.000408203 0.000340339 0.000117982
 2.56148e-27 2.58364e-27 2.87185e-26 5.51836e-20 1.35276e-14 4.00847e-10 1.43576e-06 0.000621631 0.0325339 0.205819 0.157852 0.0435468 0.220554 0.203661 0.0450026 0.0516022 0.0192556 0.0108824 0.00519104 0.00235914 0.000655607 0.000227322 0.000118881 8.5289e-05 2.92818e-05
 2.56272e-27 2.58691e-27 3.15045e-26 6.10606e-20 1.49683e-14 4.43536e-10 1.58867e-06 0.000687834 0.0359988 0.227739 0.174589 0.0435146 0.208551 0.192462 0.0408266 0.0448479 0.0164432 0.00873794 0.0034024 0.0014647 0.000541188 0.00013076 3.69357e-05 1.91838e-05 6.17792e-06
 2.562e-27 2.58485e-27 2.96198e-26 5.70843e-20 1.39935e-14 4.14653e-10 1.48522e-06 0.000643043 0.0336545 0.212908 0.163282 0.0446149 0.224868 0.207423 0.0417483 0.0431545 0.0154811 0.0077413 0.00290595 0.00109922 0.000349301 9.93617e-05 1.86381e-05 4.99946e-06 1.35354e-06
 2.56243e-27 2.58605e-27 3.06946e-26 5.93518e-20 1.45494e-14 4.31124e-10 1.54421e-06 0.000668585 0.0349913 0.221365 0.169732 0.0441495 0.216795 0.200029 0.0414654 0.0443487 0.015501 0.00712959 0.00256889 0.000915331 0.000260088 6.43321e-05 1.22154e-05 1.74384e-06 3.02426e-07
 2.565e-27 2.59294e-27 3.66911e-26 7.20016e-20 1.76503e-14 5.2301e-10 1.87334e-06 0.000811083 0.0424491 0.268545 0.205742 0.0431188 0.183652 0.169286 0.0331449 0.0330878 0.011726 0.0056322 0.00194721 0.000642153 0.000170307 3.7432e-05 6.25202e-06 7.09573e-07 6.3835e-08
 2.56618e-27 2.59595e-27 3.91805e-26 7.72525e-20 1.89375e-14 5.61152e-10 2.00995e-06 0.000870233 0.0455449 0.28813 0.220707 0.043812 0.178412 0.164154 0.0268904 0.0200564 0.00687749 0.00301868 0.00106139 0.000355617 8.74479e-05 1.76087e-05 2.57115e-06 2.4729e-07 1.40558e-08
 2.56558e-27 2.59426e-27 3.76309e-26 7.39832e-20 1.81361e-14 5.37405e-10 1.92489e-06 0.000833406 0.0436175 0.275936 0.211411 0.0447262 0.1919 0.176525 0.0277122 0.018779 0.00591363 0.00181435 0.000587491 0.000185229 4.63503e-05 8.83721e-06 1.15709e-06 9.51652e-08 4.16206e-09
 2.56438e-27 2.59105e-27 3.48304e-26 6.80755e-20 1.66879e-14 4.94492e-10 1.77119e-06 0.000766856 0.0401345 0.253902 0.194594 0.0452247 0.207509 0.191015 0.0318503 0.0245654 0.0076105 0.00208214 0.000573184 0.000132995 3.0124e-05 5.66142e-06 7.044e-07 5.10266e-08 1.84992e-09
 2.56591e-27 2.59521e-27 3.85115e-26 7.58412e-20 1.85916e-14 5.50901e-10 1.97324e-06 0.000854336 0.0447129 0.282866 0.216692 0.0440768 0.183248 0.168631 0.0279515 0.0213185 0.00678148 0.00214562 0.000580104 0.000116275 1.96715e-05 3.02923e-06 3.60136e-07 2.44508e-08 7.68882e-10
 2.56656e-27 2.59692e-27 3.99691e-26 7.89158e-20 1.93453e-14 5.73234e-10 2.05323e-06 0.00088897 0.0465255 0.294333 0.225449 0.0441165 0.177398 0.163123 0.025001 0.0159685 0.00504867 0.0015799 0.000447863 0.000100173 1.55279e-05 1.81796e-06 1.67278e-07 1.05016e-08 3.03961e-10
 2.56528e-27 2.59343e-27 3.68643e-26 7.23661e-20 1.77397e-14 5.25658e-10 1.88282e-06 0.000815189 0.0426641 0.269905 0.206812 0.045152 0.198372 0.182461 0.0281214 0.0182065 0.00556354 0.00142719 0.000392513 8.83306e-05 1.49553e-05 1.72866e-06 1.22153e-07 5.84689e-09 1.52431e-10
 2.56384e-27 2.58952e-27 3.34183e-26 6.50965e-20 1.59576e-14 4.72853e-10 1.69368e-06 0.000733298 0.0383782 0.242792 0.186124 0.0461272 0.220328 0.202735 0.0319518 0.0218408 0.00669746 0.0017391 0.000449613 8.54756e-05 1.41332e-05 1.72818e-06 1.22892e-07 4.59058e-09 9.16663e-11
 2.56511e-27 2.59296e-27 3.64564e-26 7.15054e-20 1.75287e-14 5.19406e-10 1.86043e-06 0.000805494 0.0421566 0.266695 0.204362 0.0452137 0.200563 0.184495 0.0286915 0.0189997 0.00587905 0.00162073 0.000424184 7.98957e-05 1.1607e-05 1.29065e-06 9.4853e-08 3.51558e-09 5.56715e-11
 2.56618e-27 2.59585e-27 3.90048e-26 7.68816e-20 1.88466e-14 5.58458e-10 2.0003e-06 0.000866055 0.0453262 0.286746 0.219663 0.0445838 0.185019 0.170121 0.0256096 0.0155853 0.00478603 0.00127491 0.00033817 6.70789e-05 9.79704e-06 9.99145e-07 6.51931e-08 2.42664e-09 3.73264e-11
 2.56629e-27 2.5961e-27 3.91823e-26 7.72559e-20 1.89383e-14 5.61177e-10 2.01004e-06 0.000870271 0.0455469 0.288142 0.220734 0.0448824 0.186539 0.171444 0.0243951 0.0124771 0.00376243 0.000914423 0.000236771 4.58679e-05 6.92933e-06 7.25607e-07 4.4296e-08 1.47267e-09 2.21896e-11
 2.56669e-27 2.59719e-27 4.01449e-26 7.92866e-20 1.94362e-14 5.75928e-10 2.06288e-06 0.000893147 0.0467441 0.295716 0.226513 0.0446024 0.180348 0.165733 0.0234199 0.0116853 0.00343945 0.000697862 0.000170609 3.04454e-05 4.45441e-06 4.70571e-07 2.95759e-08 9.31489e-10 1.26915e-11
 2.56728e-27 2.59878e-27 4.15448e-26 8.22396e-20 2.016e-14 5.97378e-10 2.13971e-06 0.000926412 0.0484851 0.30673 0.234917 0.0442597 0.171836 0.157859 0.021693 0.00972896 0.00284667 0.000562557 0.000130767 1.97839e-05 2.64797e-06 2.62986e-07 1.64484e-08 5.28605e-10 6.882e-12
 2.56785e-27 2.60032e-27 4.28948e-26 8.50876e-20 2.08582e-14 6.18066e-10 2.21381e-06 0.000958494 0.0501641 0.317352 0.243023 0.0439685 0.163924 0.150532 0.0199135 0.00751407 0.00216127 0.000384813 8.70042e-05 1.26914e-05 1.5162e-06 1.30296e-07 7.52138e-09 2.37589e-10 3.12415e-12
 2.56798e-27 2.60067e-27 4.31993e-26 8.573e-20 2.10157e-14 6.22732e-10 2.23052e-06 0.00096573 0.0505428 0.319748 0.244852 0.0439113 0.162204 0.148938 0.0195057 0.00698369 0.00197464 0.000299108 6.35439e-05 8.43123e-06 9.65701e-07 7.59495e-08 3.75025e-09 1.07164e-10 1.37064e-12
 2.56835e-27 2.60168e-27 4.41054e-26 8.76414e-20 2.14842e-14 6.36616e-10 2.28025e-06 0.000987262 0.0516697 0.326877 0.25029 0.0435613 0.15572 0.142973 0.0187907 0.00685435 0.00193183 0.000278899 5.67158e-05 6.46899e-06 6.7347e-07 4.87969e-08 2.21392e-09 5.4443e-11 6.22042e-13
 2.56868e-27 2.60256e-27 4.48616e-26 8.92367e-20 2.18753e-14 6.48204e-10 2.32176e-06 0.00100523 0.0526103 0.332827 0.254832 0.0434684 0.151822 0.139343 0.0175435 0.00492537 0.00137428 0.000201668 4.08752e-05 4.43047e-06 4.19535e-07 2.62514e-08 1.07548e-09 2.40238e-11 2.38229e-13
 2.56901e-27 2.60349e-27 4.56924e-26 9.09894e-20 2.2305e-14 6.60936e-10 2.36736e-06 0.00102498 0.0536436 0.339364 0.259818 0.0431512 0.145905 0.133899 0.0168876 0.00479878 0.00131771 0.000154592 2.91731e-05 3.19796e-06 2.96786e-07 1.70924e-08 6.05413e-10 1.19099e-11 1.06083e-13
 2.56864e-27 2.60246e-27 4.47703e-26 8.9044e-20 2.18281e-14 6.46805e-10 2.31675e-06 0.00100306 0.0524967 0.332109 0.254284 0.0435359 0.15272 0.140163 0.0175308 0.0046889 0.00128443 0.000152032 2.78371e-05 2.48974e-06 2.15962e-07 1.23715e-08 4.10202e-10 7.0349e-12 5.44164e-14
 2.5685e-27 2.60207e-27 4.44244e-26 8.83143e-20 2.16492e-14 6.41504e-10 2.29776e-06 0.000994842 0.0520665 0.329387 0.252208 0.0436915 0.155363 0.142589 0.0177385 0.00455153 0.00124009 0.000139752 2.51327e-05 2.24816e-06 1.78058e-07 8.59479e-09 2.74967e-10 4.47484e-12 3.05351e-14
 2.56828e-27 2.60147e-27 4.38832e-26 8.71726e-20 2.13693e-14 6.33211e-10 2.26805e-06 0.000981981 0.0513933 0.325129 0.24896 0.0438988 0.159223 0.146141 0.0181786 0.00466078 0.00126721 0.000138141 2.43439e-05 2.08159e-06 1.61869e-07 7.47909e-09 2.05035e-10 3.04191e-12 1.97185e-14
 2.56732e-27 2.59885e-27 4.15472e-26 8.22444e-20 2.01612e-14 5.97413e-10 2.13983e-06 0.000926467 0.0484879 0.306748 0.234938 0.0447322 0.175416 0.161053 0.0202699 0.00567484 0.00154999 0.000168848 2.96213e-05 2.4531e-06 1.84619e-07 8.1853e-09 2.16454e-10 2.8433e-12 1.63313e-14
#obs catch len freq
 5.94556e-42 8.25204e-34 1.38445e-26 2.80764e-20 6.8826e-15 2.03944e-10 7.30494e-07 0.000316279 0.0165528 0.104719 0.0807294 0.0423611 0.22713 0.191778 0.131795 0.127575 0.0526236 0.0197406 0.00417272 0.000482302 2.27575e-05 3.22503e-07 1.03431e-09 6.09816e-13 5.77026e-17
 6.81702e-42 9.46158e-34 1.58738e-26 3.21917e-20 7.89141e-15 2.33837e-10 8.37565e-07 0.000362637 0.018979 0.120068 0.0925594 0.046007 0.229123 0.184096 0.129508 0.115023 0.0454525 0.0155413 0.00297013 0.000298045 1.15016e-05 1.25445e-07 2.97093e-10 1.26382e-13 8.52228e-18
 1.03117e-41 1.43119e-33 2.40112e-26 4.86943e-20 1.19368e-14 3.5371e-10 1.26693e-06 0.000548538 0.0287083 0.181618 0.139632 0.0481812 0.202267 0.154354 0.110127 0.0892122 0.0333083 0.010184 0.00170813 0.000145291 4.55016e-06 3.82689e-08 6.70886e-11 2.0603e-14 9.89566e-19
 8.87419e-42 1.23168e-33 2.0664e-26 4.19061e-20 1.02728e-14 3.04402e-10 1.09032e-06 0.00047207 0.0247062 0.156302 0.120632 0.0600041 0.261483 0.182488 0.095466 0.0672342 0.0237528 0.00645726 0.000934183 6.55118e-05 1.62909e-06 1.04975e-08 1.36593e-11 3.04121e-15 1.04339e-19
 1.21991e-41 1.69316e-33 2.84063e-26 5.76073e-20 1.41218e-14 4.18454e-10 1.49883e-06 0.000648943 0.0339631 0.214863 0.165253 0.0541188 0.193918 0.135896 0.109593 0.069841 0.0175712 0.00383596 0.000470038 2.66082e-05 5.12151e-07 2.48301e-09 2.38299e-12 3.85226e-16 9.48017e-21
 1.28715e-41 1.78648e-33 2.99719e-26 6.07823e-20 1.49001e-14 4.41517e-10 1.58144e-06 0.000684709 0.035835 0.226706 0.174609 0.0636451 0.220075 0.137581 0.0767628 0.0461404 0.0149712 0.00274447 0.000233998 1.01348e-05 1.48101e-07 5.29895e-10 3.69612e-13 4.30638e-17 7.59164e-22
 1.17835e-41 1.63548e-33 2.74385e-26 5.56447e-20 1.36406e-14 4.04197e-10 1.44777e-06 0.000626834 0.032806 0.207545 0.16026 0.0694945 0.234799 0.142547 0.0925194 0.0467861 0.0106012 0.00185814 0.000150054 4.52019e-06 4.59398e-08 1.18257e-10 5.90549e-14 4.89754e-18 6.13088e-23
 1.45591e-41 2.02071e-33 3.39016e-26 6.87517e-20 1.68537e-14 4.99405e-10 1.78879e-06 0.000774483 0.0405334 0.256431 0.197523 0.0648519 0.185235 0.112473 0.0889512 0.0423524 0.00953204 0.00126068 7.79016e-05 2.0057e-06 1.45448e-08 2.49533e-11 8.57163e-15 4.97651e-19 4.37586e-24
 1.68023e-41 2.33205e-33 3.91249e-26 7.93446e-20 1.94504e-14 5.76351e-10 2.06439e-06 0.000893812 0.0467786 0.29594 0.227894 0.0687161 0.174528 0.0943511 0.0578348 0.0258763 0.006363 0.00078217 3.85571e-05 7.13588e-07 3.94423e-09 4.87296e-12 1.12037e-15 4.34256e-20 2.60501e-25
 1.64602e-41 2.28456e-33 3.83283e-26 7.7729e-20 1.90543e-14 5.64615e-10 2.02236e-06 0.000875612 0.045826 0.289917 0.223749 0.0771984 0.190403 0.0957406 0.0530013 0.0193169 0.00355326 0.000398956 1.82824e-05 2.66279e-07 1.03635e-09 9.084e-13 1.49023e-16 3.98116e-21 1.6023e-26
 1.55861e-41 2.16325e-33 3.62931e-26 7.36016e-20 1.80426e-14 5.34634e-10 1.91497e-06 0.000829117 0.0433927 0.274526 0.212475 0.0840245 0.1995 0.100058 0.0620576 0.0198919 0.00298804 0.000246287 8.72656e-06 1.07852e-07 3.28263e-10 2.03738e-13 2.29946e-17 4.27227e-22 1.20074e-27
 1.52012e-41 2.10982e-33 3.53967e-26 7.17838e-20 1.75969e-14 5.2143e-10 1.86768e-06 0.000808639 0.042321 0.26775 0.207768 0.0891573 0.199193 0.101171 0.0680702 0.0205197 0.00303273 0.000202286 5.07721e-06 4.44349e-08 1.03417e-10 4.9178e-14 4.0241e-18 5.19025e-23 9.99459e-29
 1.93323e-41 2.6832e-33 4.50162e-26 9.1292e-20 2.23792e-14 6.63136e-10 2.37524e-06 0.0010284 0.0538223 0.340509 0.262834 0.0760721 0.135416 0.0686551 0.0464856 0.0131543 0.00190382 0.000114501 2.36632e-06 1.45946e-08 2.28526e-11 7.65274e-15 4.58865e-19 4.33342e-24 5.96869e-30
 1.62344e-41 2.25322e-33 3.78025e-26 7.66627e-20 1.8793e-14 5.5687e-10 1.99462e-06 0.000863601 0.0451974 0.28596 0.22317 0.107422 0.20594 0.0826652 0.0376478 0.00971781 0.00134018 7.33809e-05 1.33927e-06 6.65426e-09 7.50864e-12 1.6866e-15 6.77692e-20 4.42759e-25 4.33445e-31
 1.33768e-41 1.85662e-33 3.11486e-26 6.31687e-20 1.54851e-14 4.58851e-10 1.64353e-06 0.000711591 0.0372419 0.235643 0.186049 0.120086 0.225647 0.112401 0.0678276 0.0131272 0.00120814 5.56647e-05 8.84753e-07 3.68458e-09 3.29533e-12 5.46892e-16 1.52597e-20 6.69397e-26 4.38703e-32
 1.2206e-41 1.69411e-33 2.84222e-26 5.76396e-20 1.41297e-14 4.18688e-10 1.49967e-06 0.000649306 0.0339821 0.215032 0.171218 0.124264 0.220341 0.128935 0.0849876 0.0186337 0.00189405 6.12736e-05 6.7418e-07 2.21834e-09 1.58772e-12 2.05063e-16 4.29651e-21 1.36297e-26 6.24874e-33
 1.63164e-41 2.26461e-33 3.79935e-26 7.70501e-20 1.88879e-14 5.59684e-10 2.0047e-06 0.000867964 0.0454258 0.287425 0.225561 0.104566 0.157313 0.0983506 0.063594 0.0151534 0.00168304 5.72279e-05 5.33399e-07 1.19117e-09 5.9846e-13 5.79216e-17 9.20783e-22 2.19216e-27 7.41842e-34
 1.48647e-41 2.06312e-33 3.46131e-26 7.01946e-20 1.72074e-14 5.09886e-10 1.82633e-06 0.000790738 0.0413842 0.261892 0.209473 0.140399 0.202349 0.0889897 0.043564 0.0100257 0.00109202 3.81438e-05 3.53297e-07 6.96203e-10 2.59276e-13 1.70271e-17 1.86942e-22 3.19588e-28 7.92313e-35
 1.54976e-41 2.15097e-33 3.6087e-26 7.31837e-20 1.79401e-14 5.31598e-10 1.9041e-06 0.000824409 0.0431464 0.273053 0.218335 0.133829 0.178611 0.0982571 0.0462448 0.00710265 0.000576812 1.81863e-05 1.57448e-07 2.87211e-10 9.35704e-14 4.91263e-18 3.92682e-23 4.62054e-29 7.81078e-36
 1.52547e-41 2.11725e-33 3.55213e-26 7.20365e-20 1.76589e-14 5.23265e-10 1.87425e-06 0.000811486 0.0424701 0.268811 0.217399 0.14783 0.182963 0.0923542 0.0402242 0.00667751 0.000448392 9.53203e-06 6.37627e-08 9.88398e-11 2.76802e-14 1.22822e-18 8.01895e-24 7.36383e-30 9.25083e-37
 1.64686e-41 2.28574e-33 3.8348e-26 7.7769e-20 1.90642e-14 5.64906e-10 2.0234e-06 0.000876063 0.0458499 0.290214 0.234386 0.143308 0.162147 0.0850529 0.0331756 0.00469821 0.000285492 5.27297e-06 2.50406e-08 2.6973e-11 5.72384e-15 2.02029e-19 1.06007e-24 7.78027e-31 7.70976e-38
 1.59974e-41 2.22033e-33 3.72507e-26 7.55436e-20 1.85186e-14 5.48741e-10 1.9655e-06 0.000850994 0.044538 0.281979 0.231571 0.162004 0.170016 0.0786561 0.026767 0.00343938 0.000173722 2.62464e-06 1.01929e-08 8.19185e-12 1.19666e-15 2.93109e-20 1.11693e-25 6.16415e-32 4.6686e-39
 1.64002e-41 2.27624e-33 3.81887e-26 7.7446e-20 1.8985e-14 5.62559e-10 2.015e-06 0.000872423 0.0456597 0.289121 0.238487 0.16089 0.158901 0.0791503 0.0241948 0.00260977 0.000110279 1.36316e-06 4.14005e-09 2.57258e-12 2.83713e-16 4.99412e-21 1.31606e-26 4.99138e-33 2.64212e-40
 1.64733e-41 2.28638e-33 3.83588e-26 7.77908e-20 1.90695e-14 5.65064e-10 2.02397e-06 0.000876308 0.0458632 0.29049 0.242632 0.170173 0.155593 0.0721936 0.0200799 0.00202451 7.09602e-05 6.87236e-07 1.61687e-09 7.62484e-13 6.2756e-17 8.18784e-22 1.58232e-27 4.31576e-34 1.6076e-41
 1.68591e-41 2.33994e-33 3.92573e-26 7.9613e-20 1.95162e-14 5.78301e-10 2.07138e-06 0.000896836 0.0469378 0.297373 0.250365 0.172811 0.147583 0.0665234 0.0160889 0.00137735 4.10041e-05 3.25064e-07 5.84306e-10 2.04634e-13 1.24208e-17 1.18685e-22 1.66934e-28 3.30323e-35 8.90529e-43
 1.6774e-41 2.32812e-33 3.9059e-26 7.92108e-20 1.94176e-14 5.75379e-10 2.06091e-06 0.000892305 0.0467011 0.296005 0.253265 0.181891 0.145337 0.0616357 0.0132546 0.000992266 2.40933e-05 1.52119e-07 2.14464e-10 5.69141e-14 2.5341e-18 1.75061e-23 1.77383e-29 2.52557e-36 4.89147e-44
 1.47011e-41 2.04042e-33 3.42323e-26 6.94224e-20 1.70181e-14 5.04277e-10 1.80624e-06 0.00078204 0.0409312 0.259781 0.234846 0.214591 0.167107 0.0683068 0.0128236 0.000813199 1.61728e-05 8.05789e-08 8.66437e-11 1.7307e-14 5.74313e-19 2.91263e-24 2.13381e-30 2.1747e-37 3.00174e-45
 1.5009e-41 2.08315e-33 3.49492e-26 7.08763e-20 1.73745e-14 5.14838e-10 1.84406e-06 0.000798417 0.0417881 0.265118 0.235344 0.197427 0.166767 0.0777701 0.0141567 0.000815599 1.4051e-05 5.91038e-08 5.28535e-11 8.65609e-15 2.33376e-19 9.5941e-25 5.69396e-31 4.68938e-38 5.20666e-46
 1.56575e-41 2.17315e-33 3.64592e-26 7.39385e-20 1.81251e-14 5.37081e-10 1.92374e-06 0.000832912 0.0435934 0.276525 0.243459 0.19421 0.157085 0.0698869 0.0135642 0.000828575 1.36488e-05 5.16056e-08 4.04512e-11 5.75927e-15 1.34568e-19 4.78196e-25 2.4479e-31 1.73796e-38 1.66487e-46
#spawning biomass
 20177 18618.4 20998.4 23662.9 27035.2 32269.7 35049 43211.7 59884.8 83326 105273 120468 158654 203284 191501 149958 143972 140079 137162 135033 134484 143156 157099 158813 175424 185686 177016 162794 169688 227015 181901 85729.5 42405.4 26265.4 20892.3 19229.3 18739.8 18600.7 18562.2 18551.8 18549 18548.2 18548.1 18548 18548 18548 18548 18548 18548 18548 18548 18548 18548 18548 18548 18548 18548 18548 18548 18548 18548 18548 18548 18548 18548 18548 18548 18548 18548 18548 18548 18548 18548 18548 18548 18548 18548 18548 18548 18548 18548 18548 18548 18548 18548 18548 18548 18548 18548 18548 18548 18548 18548 18548 18548 18548 18548 18548 18548 18548 18548 18548 18548 18548 18548 18548 18548 18548 18548 18548 18548 18548 18548 18548 18548 18548 18548 18548 18548 18548 18548 18548 18548 18548 18548 18548 18548 18548 18548 0 0 0 0 0 0 0 0 0 0 0 0 0 0 0 0 0 0 0 0 0 0 0 0 0
