SBPRF35
0.819782
Curr Bio
146774
B35
710842
F35
0.205646
FOFL
0.0535866
OFL
8983.89
Bzero
234224
#pred survey bio
 6753.07 6400.22 7704.71 10744.4 15098.2 16833.5 16707.1 21390.4 33150 45867.5 57479.9 75771.9 95382.6 128540 129262 108239 95998.9 100325 96527.3 93809.8 100814 100288 102816 112228 126184 122342 132209 150775 7.5438e+06 7.49515e+06 8.13165e+06 7.8064e+06 6.98186e+06 6.00735e+06 5.08289e+06 4.29617e+06 3.66808e+06 3.18651e+06 2.82688e+06 2.56286e+06 2.37103e+06 2.23224e+06 2.13095e+06 2.05603e+06 2.00281e+06 1.96464e+06 1.93698e+06 1.91672e+06 1.90172e+06 1.89049e+06 1.882e+06 1.87551e+06 1.87052e+06 1.86663e+06 1.86358e+06 1.86118e+06 1.85928e+06 1.85776e+06 1.85654e+06 1.85556e+06 1.85477e+06 1.85413e+06 1.85362e+06 1.8532e+06 1.85286e+06 1.85258e+06 1.85235e+06 1.85217e+06 1.85202e+06 1.85189e+06 1.85179e+06 1.85171e+06 1.85164e+06 1.85159e+06 1.85154e+06 1.85151e+06 1.85148e+06 1.85145e+06 1.85143e+06 1.85141e+06 1.8514e+06 1.85139e+06 1.85138e+06 1.85137e+06 1.85137e+06 1.85136e+06 1.85136e+06 1.85135e+06 1.85135e+06 1.85135e+06 1.85135e+06 1.85135e+06 1.85134e+06 1.85134e+06 1.85134e+06 1.85134e+06 1.85134e+06 1.85134e+06 1.85134e+06 1.85134e+06 1.85134e+06 1.85134e+06 1.85134e+06 1.85134e+06 1.85134e+06 1.85134e+06 1.85134e+06 1.85134e+06 1.85134e+06 1.85134e+06 1.85134e+06 1.85134e+06 1.85134e+06 1.85134e+06 1.85134e+06 1.85134e+06 1.85134e+06 1.85134e+06 1.85134e+06 1.85134e+06 1.85134e+06 1.85134e+06 1.85134e+06 1.85134e+06 1.85134e+06 1.85134e+06 1.85134e+06 1.85134e+06 0 0 0 0 0 0 0 0 0 0 0 0 0 0 0 0 0 0 0 0 0 0 0 0 0
#obs survey bio
 6158.98 8271.88 6901.87 12762.4 18014.4 22360.5 19589.1 30075.5 42172.3 49170.8 82759.8 83154.4 121417 168262 113058 89348.4 88330.1 89713.4 92102.9 99858.3 110359 85516.2 105613 81924.7 87295.7 156054 132031 136241
#pred catch bio
 4697.94 4614.84 5458.37 7616.79 11326.2 13163.4 13000.8 15720.9 24813.1 35872.3 44430.8 60759.3 71844.1 103255 108101 92792.7 81107.2 87992.3 85047.2 81342.6 90965.4 90832.9 92121.7 99711.3 117359 109042 116031 102824 8983.89 59889.7 64541.1 61362.8 54202.7 45950.9 38244.8 31782.5 26706.3 22888.1 20101.9 18112.6 16714.9 15743.9 15070.7 14603.8 14292.6 14085.1 13946.9 13854.7 13793.3 13752.3 13725.1 13706.9 13694.7 13686.7 13681.3 13677.7 13675.3 13673.7 13672.6 13671.9 13671.4 13671.1 13670.9 13670.8 13670.7 13670.6 13670.6 13670.6 13670.5 13670.5 13670.5 13670.5 13670.5 13670.5 13670.5 13670.5 13670.5 13670.5 13670.5 13670.5 13670.5 13670.5 13670.5 13670.5 13670.5 13670.5 13670.5 13670.5 13670.5 13670.5 13670.5 13670.5 13670.5 13670.5 13670.5 13670.5 13670.5 13670.5 13670.5 13670.5 13670.5 13670.5 13670.5 13670.5 13670.5 13670.5 13670.5 13670.5 13670.5 13670.5 13670.5 13670.5 13670.5 13670.5 13670.5 13670.5 13670.5 13670.5 13670.5 13670.5 13670.5 13670.5 13670.5 13670.5 13670.5 13670.5 13670.5 13670.5 0 0 0 0 0 0 0 0 0 0 0 0 0 0 0 0 0 0 0 0 0 0 0 0 0
#obs catch bio
 4728.83 4544.62 5207.89 7314.01 10990.4 12892.5 12887.3 14981.4 23425 34722 43128.8 57690.3 69115.6 98611.5 104967 91569.9 80365.5 88231.3 84054.8 79815.9 90238.8 89871.2 91159.6 97393.4 116213 105878 114121 102008
#pred cpue bio
 6146.93 5576.11 6587.95 9101.83 12860 14746.8 14360.3 17731.5 27717.7 38822.2 48378.8 63672.9 79769.7 109158 112636 93653 81269.4 84503.8 81330.1 78623.1 83941.6 83290.1 84865.2 92591 104045 100985 109647 124301 6.61722e+06 7.46356e+06 8.10007e+06 7.77481e+06 6.95027e+06 5.97576e+06 5.0513e+06 4.26459e+06 3.63649e+06 3.15492e+06 2.79529e+06 2.53127e+06 2.33944e+06 2.20066e+06 2.09936e+06 2.02444e+06 1.97123e+06 1.93306e+06 1.9054e+06 1.88513e+06 1.87013e+06 1.8589e+06 1.85041e+06 1.84393e+06 1.83893e+06 1.83504e+06 1.832e+06 1.82959e+06 1.82769e+06 1.82617e+06 1.82495e+06 1.82397e+06 1.82319e+06 1.82255e+06 1.82203e+06 1.82161e+06 1.82127e+06 1.82099e+06 1.82076e+06 1.82058e+06 1.82043e+06 1.8203e+06 1.8202e+06 1.82012e+06 1.82005e+06 1.82e+06 1.81995e+06 1.81992e+06 1.81989e+06 1.81986e+06 1.81984e+06 1.81983e+06 1.81981e+06 1.8198e+06 1.81979e+06 1.81979e+06 1.81978e+06 1.81977e+06 1.81977e+06 1.81977e+06 1.81976e+06 1.81976e+06 1.81976e+06 1.81976e+06 1.81976e+06 1.81976e+06 1.81976e+06 1.81975e+06 1.81975e+06 1.81975e+06 1.81975e+06 1.81975e+06 1.81975e+06 1.81975e+06 1.81975e+06 1.81975e+06 1.81975e+06 1.81975e+06 1.81975e+06 1.81975e+06 1.81975e+06 1.81975e+06 1.81975e+06 1.81975e+06 1.81975e+06 1.81975e+06 1.81975e+06 1.81975e+06 1.81975e+06 1.81975e+06 1.81975e+06 1.81975e+06 1.81975e+06 1.81975e+06 1.81975e+06 1.81975e+06 1.81975e+06 1.81975e+06 1.81975e+06 1.81975e+06 0 0 0 0 0 0 0 0 0 0 0 0 0 0 0 0 0 0 0 0 0 0 0 0 0
#obs cpue bio
 6518.71 6982.85 18232.3 13355.9 15317.2 13915.3 15227.4 32414.9 56765.6 46016.4 58478.5 140606 106535 169228 183074 137867 94342.1 88634.6 108837 101723 84167.9 116130 97023.7 191611 169703 132626 139185 156512
#pred surv len freq
 2.56547e-27 2.59455e-27 3.86594e-26 7.61562e-20 1.86688e-14 5.53189e-10 1.98143e-06 0.000857883 0.0448985 0.28404 0.217485 0.0375655 0.133135 0.123037 0.0312037 0.0406167 0.0188525 0.0164467 0.0111376 0.00920152 0.00775737 0.00713266 0.00755777 0.00693029 0.00214061
 2.56752e-27 2.59977e-27 4.27919e-26 8.4872e-20 2.08054e-14 6.165e-10 2.2082e-06 0.000956066 0.050037 0.316548 0.242358 0.0407017 0.139531 0.128552 0.0255109 0.0259749 0.0102487 0.0066821 0.00367997 0.0025449 0.00185978 0.0015184 0.00146301 0.00136612 0.000465257
 2.56825e-27 2.60169e-27 4.4371e-26 8.82028e-20 2.16218e-14 6.40694e-10 2.29486e-06 0.000993586 0.0520007 0.328971 0.251853 0.0413066 0.137463 0.126561 0.0237346 0.022334 0.00773944 0.00351898 0.00148799 0.000762447 0.000432362 0.000293336 0.000245273 0.000221284 7.8744e-05
 2.56871e-27 2.60292e-27 4.54344e-26 9.04459e-20 2.21717e-14 6.56988e-10 2.35322e-06 0.00101885 0.0533232 0.337337 0.25824 0.0412136 0.132268 0.121748 0.0225544 0.0208368 0.00702207 0.0028519 0.000964377 0.000337412 0.000129551 6.3447e-05 4.21156e-05 3.44077e-05 1.23021e-05
 2.56835e-27 2.60192e-27 4.45341e-26 8.85466e-20 2.17061e-14 6.43191e-10 2.3038e-06 0.000997459 0.0522034 0.330253 0.252837 0.0416433 0.139334 0.128237 0.0231375 0.0205296 0.00687391 0.00272163 0.000872632 0.00025607 6.48761e-05 1.93433e-05 8.49859e-06 5.65728e-06 1.95217e-06
 2.56649e-27 2.59686e-27 4.00514e-26 7.90901e-20 1.9388e-14 5.745e-10 2.05776e-06 0.000890933 0.0466282 0.294983 0.225928 0.0430193 0.168712 0.155339 0.0277955 0.0243318 0.00804435 0.00302756 0.000955754 0.000269561 5.85334e-05 1.11847e-05 2.57252e-06 1.12461e-06 3.51767e-07
 2.56783e-27 2.60056e-27 4.33825e-26 8.61175e-20 2.11107e-14 6.25547e-10 2.2406e-06 0.000970096 0.0507713 0.321193 0.245917 0.0415058 0.14315 0.131872 0.0258509 0.0258057 0.00851467 0.00314872 0.000970806 0.000261898 5.47579e-05 8.9203e-06 1.16176e-06 2.35164e-07 5.75706e-08
 2.56988e-27 2.60606e-27 4.81865e-26 9.62517e-20 2.35949e-14 6.9916e-10 2.50427e-06 0.00108426 0.056746 0.358991 0.274765 0.0406306 0.116222 0.10689 0.01901 0.0164913 0.00567242 0.00247532 0.000768965 0.000203006 4.06754e-05 6.28279e-06 6.54831e-07 5.80497e-08 7.81707e-09
 2.56936e-27 2.60458e-27 4.68274e-26 9.33844e-20 2.28921e-14 6.78333e-10 2.42967e-06 0.00105196 0.0550556 0.348297 0.266612 0.0414551 0.128224 0.117881 0.0194228 0.0146455 0.00479758 0.00176021 0.000580505 0.000174162 3.47548e-05 5.1567e-06 4.97233e-07 2.93101e-08 1.57023e-09
 2.56867e-27 2.60273e-27 4.51962e-26 8.99433e-20 2.20485e-14 6.53337e-10 2.34014e-06 0.00101319 0.0530268 0.335462 0.256818 0.0418377 0.138017 0.12695 0.0216206 0.017367 0.00550022 0.00170259 0.000509297 0.000136803 3.04765e-05 4.74203e-06 4.39595e-07 2.26515e-08 6.34783e-10
 2.569e-27 2.60364e-27 4.60112e-26 9.16627e-20 2.247e-14 6.65826e-10 2.38488e-06 0.00103256 0.0540405 0.341875 0.26171 0.0415267 0.132213 0.121607 0.02091 0.0170967 0.00549741 0.00182715 0.000517007 0.000117538 2.29226e-05 3.68017e-06 3.65528e-07 1.80907e-08 3.99985e-10
 2.56908e-27 2.60386e-27 4.62007e-26 9.20624e-20 2.2568e-14 6.6873e-10 2.39528e-06 0.00103706 0.0542762 0.343366 0.262848 0.0415304 0.131442 0.12088 0.0205077 0.0163626 0.00528228 0.001795 0.000522689 0.000123344 2.11266e-05 2.88665e-06 2.82897e-07 1.48173e-08 3.10107e-10
 2.56933e-27 2.60451e-27 4.67613e-26 9.32448e-20 2.28578e-14 6.77319e-10 2.42604e-06 0.00105038 0.0549733 0.347776 0.266215 0.0415083 0.128908 0.11851 0.0195147 0.0146899 0.00470858 0.00155487 0.000455057 0.000110281 1.96389e-05 2.49063e-06 2.0615e-07 1.04425e-08 2.26218e-10
 2.56847e-27 2.60219e-27 4.47143e-26 8.89266e-20 2.17993e-14 6.45951e-10 2.31369e-06 0.00100174 0.0524274 0.33167 0.253925 0.0419978 0.141268 0.129947 0.0220955 0.0176959 0.0056025 0.00172795 0.000496354 0.000117817 2.13503e-05 2.79947e-06 2.19356e-07 9.53287e-09 1.97858e-10
 2.56682e-27 2.59771e-27 4.07539e-26 8.05717e-20 1.97512e-14 5.85263e-10 2.09631e-06 0.000907624 0.0475018 0.300509 0.23015 0.043181 0.166976 0.153664 0.026197 0.0210887 0.00677435 0.00224363 0.00063402 0.00014175 2.50299e-05 3.29245e-06 2.64907e-07 1.09093e-08 1.9842e-10
 2.56734e-27 2.59915e-27 4.20756e-26 8.33602e-20 2.04347e-14 6.05518e-10 2.16886e-06 0.000939035 0.0491457 0.310909 0.238079 0.0424113 0.155548 0.143205 0.0258978 0.0230434 0.00742306 0.0024762 0.000718667 0.000169032 2.86327e-05 3.6046e-06 2.88677e-07 1.20746e-08 2.07705e-10
 2.56867e-27 2.60273e-27 4.5202e-26 8.99555e-20 2.20515e-14 6.53425e-10 2.34046e-06 0.00101333 0.053034 0.335508 0.256852 0.0418134 0.137808 0.126752 0.0214879 0.0171293 0.00566047 0.00213125 0.000627739 0.000149806 2.65516e-05 3.32737e-06 2.53815e-07 1.05034e-08 1.81444e-10
 2.56892e-27 2.60339e-27 4.57495e-26 9.11104e-20 2.23346e-14 6.61815e-10 2.37051e-06 0.00102634 0.0537149 0.339815 0.260143 0.0419238 0.136336 0.125338 0.0202361 0.0146162 0.00467989 0.00154658 0.000471801 0.000124265 2.25045e-05 2.92074e-06 2.25127e-07 8.94475e-09 1.52202e-10
 2.56887e-27 2.60323e-27 4.55807e-26 9.07542e-20 2.22473e-14 6.59227e-10 2.36124e-06 0.00102233 0.0535049 0.338487 0.259133 0.0421999 0.139147 0.127884 0.0198365 0.0130555 0.0040823 0.00120095 0.000342958 8.26028e-05 1.6132e-05 2.21982e-06 1.76891e-07 7.11113e-09 1.17292e-10
 2.56917e-27 2.60403e-27 4.62928e-26 9.22563e-20 2.26155e-14 6.70138e-10 2.40032e-06 0.00103925 0.0543905 0.344089 0.263408 0.0419686 0.134383 0.123497 0.0192069 0.0127195 0.00390873 0.00103506 0.000279952 6.01502e-05 1.06556e-05 1.48417e-06 1.27281e-07 5.31571e-09 8.85765e-11
 2.56953e-27 2.60501e-27 4.71614e-26 9.40887e-20 2.30647e-14 6.83449e-10 2.448e-06 0.00105989 0.0554708 0.350924 0.268622 0.0416798 0.128523 0.118096 0.0183749 0.0121818 0.00374785 0.000997908 0.00026138 5.07187e-05 8.10363e-06 1.00546e-06 8.45278e-08 3.76793e-09 6.54501e-11
 2.56964e-27 2.60528e-27 4.7377e-26 9.45435e-20 2.31762e-14 6.86752e-10 2.45983e-06 0.00106501 0.055739 0.35262 0.269919 0.0418327 0.128774 0.118277 0.0174821 0.0100989 0.00309817 0.000825968 0.000216786 4.1829e-05 6.19962e-06 6.82409e-07 5.06231e-08 2.18455e-09 3.99708e-11
 2.56995e-27 2.60614e-27 4.81379e-26 9.61488e-20 2.35697e-14 6.98413e-10 2.5016e-06 0.0010831 0.0566853 0.358607 0.274487 0.0416007 0.123799 0.11369 0.0167433 0.00956431 0.00286994 0.000660231 0.000169511 3.27485e-05 4.84446e-06 5.05916e-07 3.30681e-08 1.25584e-09 2.21362e-11
 2.56998e-27 2.60619e-27 4.81857e-26 9.62496e-20 2.35944e-14 6.99145e-10 2.50422e-06 0.00108423 0.0567448 0.358983 0.274774 0.0416008 0.123598 0.113501 0.0166548 0.00940957 0.00281844 0.000639846 0.000157279 2.67764e-05 3.87958e-06 4.04099e-07 2.52263e-08 8.46304e-10 1.31671e-11
 2.57001e-27 2.60629e-27 4.82692e-26 9.64258e-20 2.36376e-14 7.00425e-10 2.5088e-06 0.00108622 0.0568486 0.35964 0.275275 0.0415477 0.122843 0.112811 0.0166573 0.00958878 0.00286903 0.000643857 0.00015745 2.61755e-05 3.45763e-06 3.32882e-07 2.05351e-08 6.57524e-10 9.08979e-12
 2.56993e-27 2.60606e-27 4.80516e-26 9.59666e-20 2.3525e-14 6.97089e-10 2.49686e-06 0.00108104 0.0565779 0.357927 0.273971 0.0417834 0.125552 0.11527 0.0163531 0.00827606 0.00247464 0.000566195 0.000138502 2.27748e-05 2.96143e-06 2.66167e-07 1.49112e-08 4.62425e-10 6.08291e-12
 2.5697e-27 2.60546e-27 4.75315e-26 9.48694e-20 2.32561e-14 6.89119e-10 2.46831e-06 0.00106868 0.0559311 0.353835 0.270847 0.0418014 0.127884 0.117458 0.017378 0.01006 0.00296867 0.000595682 0.00014303 2.38875e-05 3.09354e-06 2.73407e-07 1.44408e-08 4.07576e-10 5.10634e-12
 2.57003e-27 2.60635e-27 4.83383e-26 9.65714e-20 2.36733e-14 7.01483e-10 2.51259e-06 0.00108786 0.0569345 0.360183 0.275688 0.0414338 0.121685 0.111765 0.0168674 0.0103322 0.00310658 0.000714278 0.000170216 2.53955e-05 3.24847e-06 2.88663e-07 1.49977e-08 4.00577e-10 4.59629e-12
#obs surv len freq
 1.6388e-41 2.27455e-33 3.81603e-26 7.73884e-20 1.89709e-14 5.62141e-10 2.0135e-06 0.000871775 0.0456252 0.288639 0.221142 0.0442546 0.164421 0.139766 0.0434209 0.0353069 0.0115875 0.00398091 0.000862694 0.000112679 6.45257e-06 1.16489e-07 4.91308e-10 3.893e-13 5.02387e-17
 1.90217e-41 2.64009e-33 4.4293e-26 8.98252e-20 2.20196e-14 6.52481e-10 2.33708e-06 0.00101188 0.0529575 0.335025 0.256575 0.0440534 0.132497 0.106591 0.0338954 0.0258893 0.00824475 0.00266114 0.000532768 6.10411e-05 2.89785e-06 4.10378e-08 1.30054e-10 7.52749e-14 6.97819e-18
 1.92637e-41 2.67368e-33 4.48565e-26 9.09681e-20 2.22998e-14 6.60783e-10 2.36682e-06 0.00102475 0.0536313 0.339288 0.259913 0.0470671 0.141062 0.106167 0.0271395 0.0173998 0.00536343 0.00161538 0.000296542 2.9653e-05 1.15904e-06 1.27994e-08 3.04206e-11 1.28717e-14 8.58517e-19
 1.96237e-41 2.72364e-33 4.56947e-26 9.26678e-20 2.27164e-14 6.7313e-10 2.41104e-06 0.0010439 0.0546334 0.345627 0.264818 0.0487558 0.139245 0.0987332 0.0265098 0.0157254 0.00378878 0.000945877 0.000157069 1.35772e-05 4.34118e-07 3.72215e-09 6.61747e-12 2.04633e-15 9.83289e-20
 1.77132e-41 2.45848e-33 4.12461e-26 8.36462e-20 2.05049e-14 6.07597e-10 2.17631e-06 0.000942269 0.0493146 0.31198 0.239315 0.0548301 0.175116 0.116452 0.0306151 0.0166413 0.00387935 0.000804636 0.000100822 7.18506e-06 1.85943e-07 1.23228e-09 1.63611e-12 3.6958e-16 1.27994e-20
 1.45107e-41 2.014e-33 3.37889e-26 6.85233e-20 1.67977e-14 4.97746e-10 1.78285e-06 0.00077191 0.0403987 0.255577 0.196523 0.0625995 0.221479 0.140404 0.048822 0.0264949 0.00573926 0.00107291 0.00011053 5.71683e-06 1.11715e-07 5.6442e-10 5.58085e-13 9.2074e-17 2.29962e-21
 2.09313e-41 2.90513e-33 4.87396e-26 9.88429e-20 2.42302e-14 7.17985e-10 2.5717e-06 0.00111346 0.058274 0.36866 0.282549 0.0502388 0.111916 0.0687661 0.0339525 0.0187503 0.00482214 0.000874897 7.74126e-05 3.09487e-06 4.24034e-08 1.52303e-10 1.09684e-13 1.31586e-17 2.36976e-22
 1.9892e-41 2.76087e-33 4.63194e-26 9.39348e-20 2.3027e-14 6.82333e-10 2.444e-06 0.00105817 0.0553804 0.350355 0.26892 0.0601839 0.151535 0.0815464 0.0188847 0.00867356 0.00284227 0.000566467 5.03508e-05 1.6618e-06 1.67322e-08 4.12138e-11 2.03486e-14 1.71469e-18 2.1984e-23
 2.01594e-41 2.79799e-33 4.6942e-26 9.51975e-20 2.33365e-14 6.91505e-10 2.47686e-06 0.00107239 0.0561248 0.355065 0.272645 0.0618405 0.145286 0.074588 0.0228434 0.00871714 0.0015024 0.00028439 2.78416e-05 8.71065e-07 7.05512e-09 1.25158e-11 4.22137e-15 2.40167e-19 2.10432e-24
 1.7299e-41 2.40099e-33 4.02816e-26 8.16903e-20 2.00254e-14 5.9339e-10 2.12543e-06 0.000920236 0.0481615 0.30469 0.234812 0.0761688 0.198939 0.0952223 0.0285551 0.0103739 0.00190787 0.000229422 1.65705e-05 5.05285e-07 3.66829e-09 5.15908e-12 1.26317e-15 4.97398e-20 2.95673e-25
 2.00514e-41 2.783e-33 4.66905e-26 9.46875e-20 2.32115e-14 6.878e-10 2.46359e-06 0.00106665 0.0558241 0.353165 0.271585 0.0669875 0.141047 0.067428 0.0302738 0.0105659 0.00183677 0.0002069 1.05999e-05 2.21739e-07 1.35995e-09 1.624e-12 3.14598e-16 9.19827e-21 3.88784e-26
 1.84626e-41 2.56249e-33 4.2991e-26 8.71849e-20 2.13724e-14 6.33302e-10 2.26839e-06 0.000982133 0.0514009 0.325187 0.25098 0.0816196 0.180247 0.0757158 0.0236535 0.00822787 0.00178627 0.000188803 8.31277e-06 1.2383e-07 5.06889e-10 4.5499e-13 7.0273e-17 1.61484e-21 5.17929e-27
 1.92564e-41 2.67266e-33 4.48394e-26 9.09335e-20 2.22913e-14 6.60531e-10 2.36591e-06 0.00102436 0.0536109 0.33917 0.261813 0.0809148 0.160629 0.0670304 0.0267622 0.0076173 0.00127692 0.000143365 6.09474e-06 7.36779e-08 2.14457e-10 1.27749e-13 1.36457e-17 2.30993e-22 5.6227e-28
 1.61998e-41 2.24842e-33 3.7722e-26 7.64994e-20 1.87529e-14 5.55684e-10 1.99037e-06 0.00086176 0.0451012 0.285345 0.22217 0.104475 0.217258 0.0838151 0.0306032 0.00874571 0.00148932 0.000129264 4.92668e-06 5.40835e-08 1.25594e-10 5.39249e-14 3.90191e-18 4.4194e-23 7.38555e-29
 1.48186e-41 2.05672e-33 3.45058e-26 6.99771e-20 1.71541e-14 5.08306e-10 1.82067e-06 0.000788287 0.0412558 0.261026 0.204496 0.113268 0.224236 0.0940561 0.0467294 0.0120911 0.00189259 0.000154355 4.69549e-06 4.1586e-08 8.09199e-11 2.75756e-14 1.4769e-18 1.17646e-23 1.34095e-29
 1.71352e-41 2.37825e-33 3.99001e-26 8.09166e-20 1.98358e-14 5.8777e-10 2.1053e-06 0.00091152 0.0477054 0.301829 0.235438 0.103109 0.177236 0.0768609 0.0420623 0.0125398 0.00214705 0.000154016 4.01885e-06 2.79485e-08 4.13595e-11 1.09869e-14 4.58276e-19 2.76177e-24 2.30089e-30
 1.68759e-41 2.34226e-33 3.92963e-26 7.9692e-20 1.95356e-14 5.78874e-10 2.07343e-06 0.000897725 0.0469834 0.297276 0.23339 0.118402 0.191363 0.0700012 0.0304314 0.00935339 0.0017652 0.000132422 3.01025e-06 1.6826e-08 1.90601e-11 3.74569e-15 1.15604e-19 5.21617e-25 3.26324e-31
 1.69928e-41 2.35848e-33 3.95685e-26 8.0244e-20 1.96709e-14 5.82884e-10 2.0878e-06 0.000903944 0.0473089 0.299348 0.235961 0.124024 0.184846 0.069308 0.0298337 0.00716422 0.0012053 9.22808e-05 2.01576e-06 9.55318e-09 8.43594e-12 1.24527e-15 2.81992e-20 9.2169e-26 4.17313e-32
 1.66077e-41 2.30504e-33 3.86719e-26 7.84258e-20 1.92252e-14 5.69677e-10 2.04049e-06 0.000883461 0.0462369 0.292587 0.232405 0.135349 0.187907 0.0686992 0.0284125 0.00655735 0.000902291 5.69685e-05 1.13505e-06 4.78311e-09 3.48734e-12 3.98759e-16 6.74035e-21 1.6133e-26 5.28677e-33
 1.74806e-41 2.42619e-33 4.07043e-26 8.25476e-20 2.02356e-14 5.99617e-10 2.14773e-06 0.000929892 0.048667 0.307976 0.244856 0.133907 0.168337 0.0633036 0.025736 0.00556335 0.000687481 3.47044e-05 5.40535e-07 1.88418e-09 1.1433e-12 1.05452e-16 1.38397e-21 2.49223e-27 6.01463e-34
 1.71445e-41 2.37954e-33 3.99218e-26 8.09605e-20 1.98465e-14 5.88089e-10 2.10644e-06 0.000912015 0.0477314 0.302093 0.24266 0.147893 0.17244 0.0593998 0.0217819 0.00455696 0.000508081 2.14479e-05 2.56213e-07 6.67836e-10 3.11436e-13 2.25275e-17 2.31562e-22 3.22118e-28 5.90017e-35
 1.72842e-41 2.39893e-33 4.02471e-26 8.16203e-20 2.00083e-14 5.92881e-10 2.1236e-06 0.000919447 0.0481205 0.304589 0.246271 0.152803 0.164404 0.0586138 0.0202205 0.00367938 0.000363669 1.30562e-05 1.22966e-07 2.38684e-10 8.09167e-14 4.283e-18 3.27508e-23 3.42946e-29 4.74648e-36
 1.72207e-41 2.39012e-33 4.00993e-26 8.13205e-20 1.99348e-14 5.90704e-10 2.1158e-06 0.000916071 0.0479438 0.303523 0.24785 0.161486 0.160529 0.0560741 0.0182809 0.00312726 0.00026076 7.67445e-06 5.76075e-08 8.50874e-11 2.11692e-14 8.05689e-19 4.40381e-24 3.31018e-30 3.31686e-37
 1.74909e-41 2.42763e-33 4.07285e-26 8.25966e-20 2.02476e-14 5.99973e-10 2.149e-06 0.000930445 0.0486963 0.308339 0.253651 0.165464 0.15149 0.0527347 0.0159904 0.00251523 0.000183449 4.35382e-06 2.52635e-08 2.83836e-11 5.26174e-15 1.46191e-19 5.74554e-25 3.07663e-31 2.18717e-38
 1.68767e-41 2.34237e-33 3.92981e-26 7.96958e-20 1.95365e-14 5.78902e-10 2.07353e-06 0.000897768 0.0469864 0.297621 0.24959 0.180975 0.154813 0.0522424 0.0146327 0.00210484 0.00013246 2.56995e-06 1.15038e-08 9.64398e-12 1.31907e-15 2.68613e-20 7.67531e-26 2.96295e-32 1.50747e-39
 1.59278e-41 2.21067e-33 3.70887e-26 7.5215e-20 1.84381e-14 5.46354e-10 1.95695e-06 0.000847293 0.0443451 0.281045 0.241825 0.196917 0.16066 0.0572324 0.0150746 0.00194554 0.000104606 1.64666e-06 5.7213e-09 3.59653e-12 3.60556e-16 5.32406e-21 1.09894e-26 3.0589e-33 1.11969e-40
 1.59135e-41 2.20869e-33 3.70554e-26 7.51476e-20 1.84216e-14 5.45865e-10 1.9552e-06 0.000846534 0.0443058 0.28092 0.244997 0.199676 0.154345 0.0580612 0.0149602 0.00180185 8.20414e-05 1.03626e-06 2.78186e-09 1.31489e-12 9.72161e-17 1.04397e-21 1.55256e-27 3.09746e-34 8.10773e-42
 1.64086e-41 2.27741e-33 3.82083e-26 7.74856e-20 1.89947e-14 5.62848e-10 2.01603e-06 0.000872871 0.0456848 0.289782 0.254732 0.199135 0.142775 0.0524007 0.0130534 0.00150184 5.97212e-05 6.07054e-07 1.25072e-09 4.4284e-13 2.41532e-17 1.89289e-22 2.03806e-28 2.92569e-35 5.4845e-43
#pred catch len freq
 2.56485e-27 2.5929e-27 3.72287e-26 7.31382e-20 1.79289e-14 5.31267e-10 1.90291e-06 0.000823886 0.0431192 0.272784 0.208892 0.0376784 0.140032 0.12943 0.032825 0.042727 0.019832 0.0173012 0.0117163 0.00967961 0.00816043 0.00750326 0.00795045 0.00729037 0.00225184
 2.56709e-27 2.59861e-27 4.17691e-26 8.27142e-20 2.02764e-14 6.00826e-10 2.15206e-06 0.000931759 0.0487649 0.3085 0.236216 0.0409338 0.145612 0.134171 0.0266259 0.0271102 0.0106966 0.00697415 0.00384081 0.00265613 0.00194106 0.00158476 0.00152695 0.00142583 0.000485592
 2.56779e-27 2.60044e-27 4.32739e-26 8.58882e-20 2.10545e-14 6.23882e-10 2.23464e-06 0.000967513 0.0506362 0.320338 0.245266 0.041604 0.144354 0.132924 0.0249279 0.0234569 0.00812853 0.0036959 0.0015628 0.000800778 0.000454098 0.000308083 0.000257604 0.000232409 8.27027e-05
 2.56827e-27 2.60172e-27 4.43794e-26 8.82204e-20 2.16262e-14 6.40822e-10 2.29532e-06 0.000993785 0.0520111 0.329037 0.251906 0.0415094 0.13897 0.127935 0.0237005 0.0218957 0.0073789 0.00299683 0.00101338 0.000354558 0.000136134 6.66712e-05 4.42558e-05 3.61562e-05 1.29272e-05
 2.56808e-27 2.60118e-27 4.38736e-26 8.71533e-20 2.13646e-14 6.33071e-10 2.26755e-06 0.000981764 0.051382 0.325057 0.248872 0.0418339 0.143571 0.132147 0.0238429 0.0211555 0.0070835 0.00280461 0.000899239 0.000263877 6.68542e-05 1.99331e-05 8.75771e-06 5.82977e-06 2.01169e-06
 2.56634e-27 2.59646e-27 3.96917e-26 7.83311e-20 1.92019e-14 5.68987e-10 2.03802e-06 0.000882383 0.0461808 0.292152 0.223768 0.0431242 0.171028 0.157476 0.0281781 0.0246667 0.00815506 0.00306922 0.000968907 0.00027327 5.93389e-05 1.13386e-05 2.60792e-06 1.14009e-06 3.56608e-07
 2.56767e-27 2.60013e-27 4.30071e-26 8.53256e-20 2.09165e-14 6.19795e-10 2.22e-06 0.000961175 0.0503044 0.31824 0.243664 0.0416064 0.145499 0.134042 0.0262763 0.0262304 0.00865479 0.00320053 0.000986782 0.000266208 5.5659e-05 9.0671e-06 1.18088e-06 2.39034e-07 5.85179e-08
 2.56958e-27 2.60525e-27 4.74695e-26 9.4739e-20 2.32241e-14 6.88172e-10 2.46492e-06 0.00106721 0.0558542 0.353349 0.27046 0.0408393 0.120834 0.111146 0.0197669 0.017148 0.00589829 0.00257389 0.000799584 0.00021109 4.22951e-05 6.53296e-06 6.80905e-07 6.03612e-08 8.12834e-09
 2.5691e-27 2.60388e-27 4.62028e-26 9.20667e-20 2.2569e-14 6.68761e-10 2.39539e-06 0.00103711 0.0542787 0.343382 0.262863 0.0416507 0.132347 0.121682 0.0200492 0.0151178 0.00495231 0.00181697 0.000599227 0.000179779 3.58757e-05 5.32301e-06 5.13269e-07 3.02554e-08 1.62087e-09
 2.56854e-27 2.60238e-27 4.48849e-26 8.92865e-20 2.18875e-14 6.48566e-10 2.32305e-06 0.00100579 0.0526396 0.333013 0.254949 0.0419333 0.140058 0.128832 0.0219411 0.0176245 0.00558177 0.00172783 0.000516848 0.000138831 3.09283e-05 4.81234e-06 4.46113e-07 2.29874e-08 6.44195e-10
 2.56884e-27 2.60319e-27 4.56148e-26 9.08264e-20 2.2265e-14 6.59752e-10 2.36312e-06 0.00102314 0.0535475 0.338756 0.25933 0.0416472 0.134802 0.123995 0.0213207 0.0174325 0.00560538 0.00186304 0.000527161 0.000119846 2.33728e-05 3.75245e-06 3.72707e-07 1.8446e-08 4.07841e-10
 2.56905e-27 2.60375e-27 4.61059e-26 9.18623e-20 2.25189e-14 6.67276e-10 2.39007e-06 0.00103481 0.0541582 0.34262 0.262279 0.0415595 0.132063 0.121454 0.020605 0.0164402 0.00530734 0.00180352 0.000525169 0.000123929 2.12269e-05 2.90034e-06 2.84239e-07 1.48876e-08 3.11578e-10
 2.56909e-27 2.60386e-27 4.61812e-26 9.20212e-20 2.25579e-14 6.6843e-10 2.39421e-06 0.0010366 0.0542519 0.343212 0.262734 0.0416909 0.132744 0.122048 0.0200971 0.0151283 0.00484911 0.00160127 0.000468639 0.000113572 2.02251e-05 2.56496e-06 2.12303e-07 1.07542e-08 2.3297e-10
 2.56843e-27 2.60209e-27 4.46299e-26 8.87486e-20 2.17557e-14 6.44659e-10 2.30906e-06 0.000999735 0.0523225 0.331007 0.253419 0.0420238 0.141821 0.130457 0.0221823 0.0177654 0.0056245 0.00173473 0.000498303 0.00011828 2.14341e-05 2.81046e-06 2.20217e-07 9.5703e-09 1.98635e-10
 2.56696e-27 2.59808e-27 4.10783e-26 8.12561e-20 1.99189e-14 5.90234e-10 2.11412e-06 0.000915333 0.0479052 0.303062 0.232097 0.0430816 0.164852 0.151705 0.0258629 0.0208198 0.00668797 0.00221502 0.000625936 0.000139943 2.47107e-05 3.25047e-06 2.61529e-07 1.07702e-08 1.9589e-10
 2.56758e-27 2.59981e-27 4.26577e-26 8.45882e-20 2.07358e-14 6.14438e-10 2.20081e-06 0.000952869 0.0498697 0.31549 0.241574 0.0422419 0.151803 0.139748 0.0252728 0.0224872 0.0072439 0.00241644 0.000701322 0.000164952 2.79416e-05 3.5176e-06 2.8171e-07 1.17832e-08 2.02692e-10
 2.56883e-27 2.60316e-27 4.55833e-26 9.07599e-20 2.22487e-14 6.59269e-10 2.36139e-06 0.00102239 0.0535083 0.338508 0.259142 0.0416968 0.135312 0.12445 0.0210976 0.0168182 0.00555765 0.00209254 0.000616336 0.000147085 2.60693e-05 3.26693e-06 2.49204e-07 1.03126e-08 1.78148e-10
 2.56923e-27 2.60422e-27 4.64884e-26 9.2669e-20 2.27167e-14 6.73136e-10 2.41106e-06 0.0010439 0.0546338 0.345629 0.264579 0.0416877 0.131423 0.120808 0.0195049 0.014088 0.00451077 0.00149069 0.000454752 0.000119774 2.16912e-05 2.81519e-06 2.16992e-07 8.62151e-09 1.46702e-10
 2.5692e-27 2.60411e-27 4.63699e-26 9.24189e-20 2.26554e-14 6.7132e-10 2.40455e-06 0.00104108 0.0544864 0.344696 0.26387 0.0419393 0.133835 0.122989 0.0190771 0.0125557 0.00392602 0.00115498 0.000329829 7.94407e-05 1.55145e-05 2.13484e-06 1.7012e-07 6.83891e-09 1.12801e-10
 2.56942e-27 2.60472e-27 4.69023e-26 9.35421e-20 2.29307e-14 6.79478e-10 2.43378e-06 0.00105373 0.0551486 0.348885 0.267066 0.0417671 0.13028 0.119715 0.0186187 0.01233 0.00378903 0.00100336 0.000271378 5.83081e-05 1.03293e-05 1.43872e-06 1.23383e-07 5.15291e-09 8.58638e-11
 2.56993e-27 2.6061e-27 4.81332e-26 9.61388e-20 2.35673e-14 6.9834e-10 2.50134e-06 0.00108298 0.0566795 0.35857 0.274455 0.0413587 0.121981 0.112066 0.0174367 0.0115598 0.00355649 0.000946957 0.000248034 4.81291e-05 7.68988e-06 9.54128e-07 8.0212e-08 3.57555e-09 6.21084e-11
 2.57005e-27 2.6064e-27 4.8375e-26 9.66489e-20 2.36923e-14 7.02046e-10 2.51461e-06 0.00108873 0.0569802 0.360472 0.27591 0.0414911 0.121966 0.112004 0.016555 0.00956328 0.00293386 0.000782163 0.000205288 3.96106e-05 5.87082e-06 6.46218e-07 4.79383e-08 2.06869e-09 3.7851e-11
 2.57031e-27 2.60711e-27 4.89976e-26 9.79622e-20 2.40143e-14 7.11585e-10 2.54878e-06 0.00110352 0.0577545 0.365371 0.279647 0.0413051 0.117924 0.108277 0.0159462 0.00910899 0.00273331 0.0006288 0.000161441 3.11894e-05 4.61383e-06 4.81831e-07 3.14939e-08 1.19605e-09 2.10824e-11
 2.5703e-27 2.60707e-27 4.89649e-26 9.78934e-20 2.39974e-14 7.11085e-10 2.54699e-06 0.00110275 0.0577139 0.365114 0.279451 0.0413321 0.118268 0.10859 0.0159342 0.00900244 0.00269649 0.000612162 0.000150473 2.56178e-05 3.71172e-06 3.86615e-07 2.41348e-08 8.09686e-10 1.25974e-11
 2.57051e-27 2.60765e-27 4.94832e-26 9.89868e-20 2.42654e-14 7.19028e-10 2.57544e-06 0.00111507 0.0583585 0.369192 0.282562 0.0411308 0.11455 0.105171 0.0155292 0.00893938 0.00267472 0.000600251 0.000146787 2.44028e-05 3.22346e-06 3.10337e-07 1.91444e-08 6.12992e-10 8.47418e-12
 2.57027e-27 2.60698e-27 4.88645e-26 9.76815e-20 2.39455e-14 7.09547e-10 2.54148e-06 0.00110036 0.057589 0.364324 0.278851 0.041497 0.119944 0.110105 0.0156203 0.00790523 0.00236376 0.000540825 0.000132296 2.17543e-05 2.82874e-06 2.54241e-07 1.4243e-08 4.41705e-10 5.81035e-12
 2.56999e-27 2.60623e-27 4.82195e-26 9.63209e-20 2.36119e-14 6.99663e-10 2.50608e-06 0.00108503 0.0567868 0.359249 0.274977 0.0415651 0.123184 0.113127 0.0167374 0.00968913 0.00285923 0.000573721 0.000137757 2.30069e-05 2.97949e-06 2.63327e-07 1.39085e-08 3.9255e-10 4.91808e-12
 2.56954e-27 2.60503e-27 4.71616e-26 9.40891e-20 2.30648e-14 6.83452e-10 2.44801e-06 0.00105989 0.055471 0.350925 0.268625 0.041832 0.129678 0.11913 0.0179789 0.0110131 0.0033113 0.000761347 0.000181433 2.7069e-05 3.46254e-06 3.07685e-07 1.5986e-08 4.26974e-10 4.89917e-12
#obs catch len freq
 1.6282e-41 2.25983e-33 3.79133e-26 7.68875e-20 1.88481e-14 5.58502e-10 2.00047e-06 0.000866132 0.0453299 0.28677 0.219717 0.0442871 0.165552 0.140748 0.0438872 0.0357828 0.011865 0.00413967 0.000921351 0.000124279 7.38035e-06 1.38601e-07 6.07896e-10 4.99213e-13 6.64767e-17
 1.64591e-41 2.28442e-33 3.83259e-26 7.77242e-20 1.90532e-14 5.6458e-10 2.02223e-06 0.000875558 0.0458232 0.289891 0.222163 0.0463405 0.168016 0.135287 0.0433112 0.0332274 0.0107353 0.00351861 0.00071993 8.50108e-05 4.17926e-06 6.12938e-08 2.00957e-10 1.20071e-13 1.14555e-17
 1.9149e-41 2.65776e-33 4.45894e-26 9.04263e-20 2.2167e-14 6.56847e-10 2.35272e-06 0.00101865 0.0533119 0.337267 0.258345 0.0458137 0.134303 0.102098 0.0335005 0.0240199 0.00753193 0.00230794 0.000433433 4.44862e-05 1.7947e-06 2.04718e-08 5.01419e-11 2.18091e-14 1.49181e-18
 1.94435e-41 2.69863e-33 4.5275e-26 9.18169e-20 2.25078e-14 6.66948e-10 2.3889e-06 0.00103431 0.0541317 0.342453 0.2624 0.0489872 0.141844 0.10047 0.0263004 0.0159158 0.00482954 0.00137405 0.000235032 2.08569e-05 6.85751e-07 6.05099e-09 1.10555e-11 3.50388e-15 1.72126e-19
 1.98687e-41 2.75765e-33 4.62653e-26 9.38251e-20 2.30001e-14 6.81536e-10 2.44115e-06 0.00105693 0.0553157 0.349944 0.268192 0.0506799 0.138691 0.0923823 0.0254385 0.0140709 0.00330935 0.000786634 0.000120932 9.19097e-06 2.44774e-07 1.66408e-09 2.26288e-12 5.2255e-16 1.84606e-20
 1.8021e-41 2.50119e-33 4.19626e-26 8.50994e-20 2.08611e-14 6.18153e-10 2.21412e-06 0.000958639 0.0501713 0.3174 0.243568 0.0574088 0.173979 0.108461 0.0292096 0.0147653 0.00334688 0.00064864 7.54132e-05 4.70822e-06 1.00575e-07 5.24704e-10 5.3032e-13 8.91989e-17 2.2673e-21
 1.49096e-41 2.06936e-33 3.47177e-26 7.04069e-20 1.72594e-14 5.11428e-10 1.83185e-06 0.000793129 0.0415092 0.262603 0.20206 0.0661783 0.219906 0.130953 0.0468467 0.0233169 0.00489885 0.000850009 7.97546e-05 3.59863e-06 5.79444e-08 2.29179e-10 1.71752e-13 2.10408e-17 3.85051e-22
 2.1283e-41 2.95393e-33 4.95584e-26 1.00503e-19 2.46372e-14 7.30046e-10 2.61491e-06 0.00113216 0.0592529 0.374853 0.287371 0.0519239 0.109031 0.0633191 0.0321089 0.0162381 0.00404294 0.000668797 5.33186e-05 1.83102e-06 2.05656e-08 5.77825e-11 3.14606e-14 2.79584e-18 3.68329e-23
 2.02854e-41 2.81548e-33 4.72356e-26 9.57928e-20 2.34825e-14 6.95829e-10 2.49235e-06 0.0010791 0.0564758 0.357286 0.274356 0.0624218 0.146899 0.0736884 0.0173795 0.00756074 0.00238602 0.00043081 3.37783e-05 9.4277e-07 7.6977e-09 1.4778e-11 5.51433e-15 3.43872e-19 3.22076e-24
 2.05819e-41 2.85663e-33 4.7926e-26 9.71929e-20 2.38257e-14 7.05999e-10 2.52877e-06 0.00109487 0.0573012 0.362508 0.278486 0.0639861 0.139824 0.0671818 0.0209054 0.00725338 0.00122223 0.000216009 1.83536e-05 4.76442e-07 3.08389e-09 4.23474e-12 1.07724e-15 4.53501e-20 2.9019e-25
 1.78073e-41 2.47154e-33 4.14652e-26 8.40906e-20 2.06138e-14 6.10826e-10 2.18788e-06 0.000947276 0.0495766 0.313645 0.241915 0.0794905 0.19197 0.0859721 0.0260989 0.00868607 0.00151872 0.000166653 1.08088e-05 2.71282e-07 1.54997e-09 1.67046e-12 3.07123e-16 8.93985e-21 3.88249e-26
 2.05361e-41 2.85027e-33 4.78193e-26 9.69765e-20 2.37726e-14 7.04427e-10 2.52314e-06 0.00109243 0.0571736 0.361704 0.278312 0.06912 0.134233 0.0607921 0.0273245 0.00866433 0.00143045 0.000144648 6.48023e-06 1.13458e-07 5.47471e-10 4.96479e-13 7.17613e-17 1.54668e-21 4.77422e-27
 1.90114e-41 2.63866e-33 4.4269e-26 8.97766e-20 2.20077e-14 6.52128e-10 2.33582e-06 0.00101133 0.0529289 0.334856 0.258679 0.0844401 0.171147 0.0674277 0.0211436 0.00684693 0.00138243 0.000129566 4.90615e-06 6.01102e-08 1.94507e-10 1.32836e-13 1.52449e-17 2.57211e-22 6.01245e-28
 1.98062e-41 2.74897e-33 4.61197e-26 9.35299e-20 2.29277e-14 6.79391e-10 2.43347e-06 0.00105361 0.0551416 0.348857 0.269532 0.0833135 0.151393 0.0598938 0.0236018 0.00613414 0.000976704 9.72748e-05 3.47832e-06 3.40781e-08 7.76147e-11 3.51612e-14 2.79336e-18 3.46484e-23 6.12843e-29
 1.68425e-41 2.33762e-33 3.92185e-26 7.95343e-20 1.94969e-14 5.77729e-10 2.06933e-06 0.000895949 0.0468904 0.29667 0.231366 0.108277 0.205507 0.0750849 0.0269815 0.00711965 0.00111693 8.6097e-05 2.77307e-06 2.43056e-08 4.36602e-11 1.41744e-14 7.61847e-19 6.32449e-24 7.67247e-30
 1.55012e-41 2.15146e-33 3.60952e-26 7.32004e-20 1.79442e-14 5.3172e-10 1.90453e-06 0.000824598 0.0431562 0.273056 0.214375 0.117677 0.212505 0.0860965 0.0410373 0.00975587 0.00141013 0.000100513 2.55774e-06 1.81073e-08 2.70662e-11 6.92481e-15 2.7453e-19 1.60171e-24 1.32628e-30
 1.78149e-41 2.47259e-33 4.14829e-26 8.41265e-20 2.06226e-14 6.11086e-10 2.18881e-06 0.000947679 0.0495978 0.313809 0.245187 0.105996 0.165936 0.0701841 0.0365558 0.0101293 0.00155654 9.69863e-05 2.09422e-06 1.15336e-08 1.30849e-11 2.60189e-15 8.00289e-20 3.52418e-25 2.13186e-31
 1.75618e-41 2.43746e-33 4.08935e-26 8.29313e-20 2.03296e-14 6.02404e-10 2.15771e-06 0.000934215 0.0488931 0.309368 0.243389 0.121293 0.178074 0.0628459 0.0262671 0.00757085 0.00127781 8.16497e-05 1.51392e-06 6.6501e-09 5.74025e-12 8.42035e-16 1.91264e-20 6.29157e-26 2.852e-32
 1.76893e-41 2.45516e-33 4.11904e-26 8.35333e-20 2.04772e-14 6.06777e-10 2.17338e-06 0.000940998 0.0492481 0.31163 0.2462 0.126545 0.171272 0.0623337 0.0252395 0.00566703 0.000864925 5.60588e-05 9.83271e-07 3.61662e-09 2.41878e-12 2.65552e-16 4.4162e-21 1.05088e-26 3.44287e-33
 1.73186e-41 2.40371e-33 4.03273e-26 8.17829e-20 2.00481e-14 5.94062e-10 2.12784e-06 0.000921279 0.0482162 0.305127 0.243016 0.137746 0.173626 0.0616875 0.0238897 0.00510539 0.000628581 3.38523e-05 5.39041e-07 1.74452e-09 9.55365e-13 8.08722e-17 1.00148e-21 1.74264e-27 4.12863e-34
 1.81846e-41 2.5239e-33 4.23437e-26 8.58721e-20 2.10505e-14 6.23766e-10 2.23423e-06 0.000967343 0.0506271 0.320397 0.255383 0.135374 0.154531 0.056624 0.0213493 0.00425989 0.000464899 1.97828e-05 2.46451e-07 6.57937e-10 2.981e-13 2.02509e-17 1.94078e-22 2.53642e-28 4.42164e-35
 1.7858e-41 2.47857e-33 4.15832e-26 8.43298e-20 2.06725e-14 6.12563e-10 2.1941e-06 0.00094997 0.0497179 0.314689 0.253538 0.148991 0.157655 0.0527084 0.0179531 0.0034472 0.000335863 1.18028e-05 1.11842e-07 2.2289e-10 7.74719e-14 4.11389e-18 3.0777e-23 3.09948e-29 4.09486e-36
 1.80004e-41 2.49833e-33 4.19147e-26 8.50023e-20 2.08373e-14 6.17447e-10 2.2116e-06 0.000957544 0.0501144 0.31724 0.257307 0.153266 0.149889 0.0518334 0.0164141 0.00273413 0.00023485 6.939e-06 5.13707e-08 7.58407e-11 1.91243e-14 7.42036e-19 4.12115e-24 3.11663e-30 3.10428e-37
 1.79421e-41 2.49025e-33 4.1779e-26 8.47271e-20 2.07698e-14 6.15448e-10 2.20444e-06 0.000954445 0.0499523 0.316276 0.259138 0.161309 0.145892 0.0493046 0.0147242 0.00227924 0.000163689 3.94072e-06 2.30756e-08 2.57787e-11 4.75568e-15 1.32477e-19 5.25397e-25 2.84869e-31 2.05088e-38
 1.82069e-41 2.527e-33 4.23957e-26 8.59775e-20 2.10764e-14 6.24532e-10 2.23697e-06 0.000968532 0.0506898 0.321008 0.264979 0.164481 0.137199 0.0460307 0.0127285 0.00180028 0.000111824 2.15045e-06 9.68582e-09 8.19591e-12 1.12305e-15 2.2795e-20 6.49414e-26 2.50719e-32 1.28007e-39
 1.76061e-41 2.44362e-33 4.09967e-26 8.31406e-20 2.03809e-14 6.03924e-10 2.16316e-06 0.000936573 0.0490175 0.310549 0.261449 0.179468 0.140107 0.0453584 0.0115514 0.00148125 7.86913e-05 1.22549e-06 4.23014e-09 2.66153e-12 2.68435e-16 3.98604e-21 8.24591e-27 2.29346e-33 8.37779e-41
 1.66808e-41 2.31519e-33 3.88421e-26 7.8771e-20 1.93098e-14 5.72184e-10 2.04947e-06 0.00088735 0.0464419 0.294416 0.254443 0.195109 0.145927 0.0495734 0.0117936 0.00134608 6.05524e-05 7.58878e-07 2.02095e-09 9.49683e-13 7.00436e-17 7.53071e-22 1.12403e-27 2.25198e-34 5.91429e-42
 1.66704e-41 2.31375e-33 3.88179e-26 7.8722e-20 1.92978e-14 5.71828e-10 2.04819e-06 0.000886798 0.0464136 0.294384 0.257847 0.197221 0.14032 0.0500539 0.0116048 0.00122063 4.60522e-05 4.59651e-07 9.40705e-10 3.31195e-13 1.79732e-17 1.4033e-22 1.50777e-28 2.16369e-35 4.06091e-43
#spawning biomass
 6661.16 6275.34 7535.59 10495.8 14759.2 16516.2 16351.5 20837.7 32328.4 44800.7 56102.7 73941.3 93021.1 125605 126735 106025 93768.6 97930 94226.2 91511.6 98262 97717.7 100103 109260 122838 119113 128797 146774 211509 355286 382903 364101 321746 272933 227347 189119 159091 136505 120023 108255 99987.5 94243.4 90260.9 87499 85658.1 84431 83613.1 83068 82704.6 82462.4 82300.9 82193.3 82121.6 82073.8 82041.9 82020.7 82006.5 81997.1 81990.8 81986.6 81983.8 81982 81980.7 81979.9 81979.3 81979 81978.7 81978.6 81978.5 81978.4 81978.3 81978.3 81978.3 81978.3 81978.3 81978.3 81978.2 81978.2 81978.2 81978.2 81978.2 81978.2 81978.2 81978.2 81978.2 81978.2 81978.2 81978.2 81978.2 81978.2 81978.2 81978.2 81978.2 81978.2 81978.2 81978.2 81978.2 81978.2 81978.2 81978.2 81978.2 81978.2 81978.2 81978.2 81978.2 81978.2 81978.2 81978.2 81978.2 81978.2 81978.2 81978.2 81978.2 81978.2 81978.2 81978.2 81978.2 81978.2 81978.2 81978.2 81978.2 81978.2 81978.2 81978.2 81978.2 81978.2 81978.2 81978.2 0 0 0 0 0 0 0 0 0 0 0 0 0 0 0 0 0 0 0 0 0 0 0 0 0
