SBPRF35
0.819782
Curr Bio
138755
B35
663093
F35
0.212912
FOFL
0
OFL
0
Bzero
234224
#pred survey bio
 11311.2 10627.5 11351.2 15896.4 18111.6 18402.8 21979.4 32911.2 45247.1 63561.1 73415.4 93241.7 121488 136676 140250 122705 114727 112109 99752.5 117604 102971 98535 115271 134747 141398 147436 139876 138051 3.5401e+06 5.47168e+06 6.00624e+06 5.83397e+06 5.29231e+06 4.63573e+06 4.00936e+06 3.47661e+06 3.05263e+06 2.72903e+06 2.48864e+06 2.31314e+06 2.18633e+06 2.09513e+06 2.02887e+06 1.97992e+06 1.94531e+06 1.92059e+06 1.90272e+06 1.88966e+06 1.88001e+06 1.87279e+06 1.86733e+06 1.86316e+06 1.85994e+06 1.85744e+06 1.85547e+06 1.85392e+06 1.85269e+06 1.8517e+06 1.85091e+06 1.85027e+06 1.84976e+06 1.84935e+06 1.84901e+06 1.84873e+06 1.84851e+06 1.84833e+06 1.84818e+06 1.84806e+06 1.84796e+06 1.84788e+06 1.84781e+06 1.84776e+06 1.84772e+06 1.84768e+06 1.84765e+06 1.84763e+06 1.84761e+06 1.84759e+06 1.84758e+06 1.84757e+06 1.84756e+06 1.84755e+06 1.84754e+06 1.84754e+06 1.84754e+06 1.84753e+06 1.84753e+06 1.84753e+06 1.84753e+06 1.84752e+06 1.84752e+06 1.84752e+06 1.84752e+06 1.84752e+06 1.84752e+06 1.84752e+06 1.84752e+06 1.84752e+06 1.84752e+06 1.84752e+06 1.84752e+06 1.84752e+06 1.84752e+06 1.84752e+06 1.84752e+06 1.84752e+06 1.84752e+06 1.84752e+06 1.84752e+06 1.84752e+06 1.84752e+06 1.84752e+06 1.84752e+06 1.84752e+06 1.84752e+06 1.84752e+06 1.84752e+06 1.84752e+06 1.84752e+06 1.84752e+06 1.84752e+06 1.84752e+06 1.84752e+06 1.84752e+06 1.84752e+06 1.84752e+06 1.84752e+06 1.84752e+06 0 0 0 0 0 0 0 0 0 0 0 0 0 0 0 0 0 0 0 0 0 0 0 0 0
#obs survey bio
 10407.6 9196.95 13722.2 23437.8 22775.6 19556.9 28502.5 34595.7 43545.3 63664.7 88039.8 110372 168975 151006 128651 98743.8 137055 130685 139630 138095 101820 121252 131015 127104 192816 146388 133773 125355
#pred catch bio
 7033.94 6769.63 6790.13 10499.7 12462.5 12707.1 14012.9 22654.6 30620.6 48954.2 52573.2 65365.8 92022.8 102078 108434 95076.4 89980.8 92586.5 71367.8 98165.5 87036.3 78532.2 91709.5 114172 119568 126429 117847 110621 0 44952.4 49018.7 47142.9 42226.2 36442.6 31018.7 26475.2 22918.5 20256.1 18323.9 16952.6 15995.3 15334.8 14879.9 14566 14358.4 14220.9 14130 14069.8 14030 14003.7 13986.2 13974.7 13967.1 13962 13958.7 13956.5 13955 13954 13953.4 13953 13952.7 13952.5 13952.4 13952.3 13952.2 13952.2 13952.2 13952.2 13952.2 13952.2 13952.1 13952.1 13952.1 13952.1 13952.1 13952.1 13952.1 13952.1 13952.1 13952.1 13952.1 13952.1 13952.1 13952.1 13952.1 13952.1 13952.1 13952.1 13952.1 13952.1 13952.1 13952.1 13952.1 13952.1 13952.1 13952.1 13952.1 13952.1 13952.1 13952.1 13952.1 13952.1 13952.1 13952.1 13952.1 13952.1 13952.1 13952.1 13952.1 13952.1 13952.1 13952.1 13952.1 13952.1 13952.1 13952.1 13952.1 13952.1 13952.1 13952.1 13952.1 13952.1 13952.1 13952.1 13952.1 13952.1 13952.1 13952.1 0 0 0 0 0 0 0 0 0 0 0 0 0 0 0 0 0 0 0 0 0 0 0 0 0
#obs catch bio
 8234.58 7216.76 6879.59 9484.02 12366.1 12124.5 12952.2 20277.8 28525.9 48747.9 48168.5 58355.6 80911.7 93357.8 107238 97505.1 84769.2 83966.7 57460.3 87371.7 77566.6 71376.7 81097 104517 110441 113369 108155 108611
#pred cpue bio
 9991.05 9426.54 9438.11 13167.8 15685.7 15485.1 17891.4 26429.2 36651.5 51129.2 59348.6 75804.4 98413.9 112130 119007 103684 94683.7 92762.1 81610.5 97351.1 83832.4 78276.3 91686 107210 111223 117936 112341 110540 2.87984e+06 5.42785e+06 5.96241e+06 5.79014e+06 5.24848e+06 4.5919e+06 3.96553e+06 3.43278e+06 3.0088e+06 2.6852e+06 2.44481e+06 2.26931e+06 2.1425e+06 2.0513e+06 1.98504e+06 1.93609e+06 1.90148e+06 1.87675e+06 1.85889e+06 1.84583e+06 1.83618e+06 1.82896e+06 1.8235e+06 1.81933e+06 1.81611e+06 1.81361e+06 1.81164e+06 1.81009e+06 1.80885e+06 1.80787e+06 1.80708e+06 1.80644e+06 1.80593e+06 1.80551e+06 1.80518e+06 1.8049e+06 1.80468e+06 1.8045e+06 1.80435e+06 1.80423e+06 1.80413e+06 1.80405e+06 1.80398e+06 1.80393e+06 1.80389e+06 1.80385e+06 1.80382e+06 1.8038e+06 1.80378e+06 1.80376e+06 1.80375e+06 1.80374e+06 1.80373e+06 1.80372e+06 1.80371e+06 1.80371e+06 1.80371e+06 1.8037e+06 1.8037e+06 1.8037e+06 1.8037e+06 1.80369e+06 1.80369e+06 1.80369e+06 1.80369e+06 1.80369e+06 1.80369e+06 1.80369e+06 1.80369e+06 1.80369e+06 1.80369e+06 1.80369e+06 1.80369e+06 1.80369e+06 1.80369e+06 1.80369e+06 1.80369e+06 1.80369e+06 1.80369e+06 1.80369e+06 1.80369e+06 1.80369e+06 1.80369e+06 1.80369e+06 1.80369e+06 1.80369e+06 1.80369e+06 1.80369e+06 1.80369e+06 1.80369e+06 1.80369e+06 1.80369e+06 1.80369e+06 1.80369e+06 1.80369e+06 1.80369e+06 1.80369e+06 1.80369e+06 1.80369e+06 1.80369e+06 0 0 0 0 0 0 0 0 0 0 0 0 0 0 0 0 0 0 0 0 0 0 0 0 0
#obs cpue bio
 12234.8 6895.55 10267.4 13539 13296.6 16568.6 21780.3 37450.7 45142.8 50631.2 74258.2 107856 120385 124787 119976 117959 111533 129449 151254 115980 132660 86431.8 137931 152282 111501 184076 160735 131882
#pred surv len freq
 1.20772e-11 1.31087e-09 8.38952e-08 3.16595e-06 7.04465e-05 0.000924304 0.00715192 0.0326551 0.0882613 0.143457 0.150801 0.130351 0.12265 0.108907 0.0763576 0.0470574 0.0294071 0.0187089 0.0122913 0.00859097 0.00651336 0.00542225 0.00468871 0.00361691 0.00211286
 1.08979e-11 1.18286e-09 7.57029e-08 2.8568e-06 6.35677e-05 0.000834061 0.0064541 0.0294795 0.0798228 0.130908 0.143047 0.137263 0.14334 0.130431 0.0877154 0.0487324 0.0266471 0.0146394 0.0080449 0.00458258 0.00281609 0.00194953 0.00149279 0.00109552 0.000637425
 1.41524e-11 1.5361e-09 9.83103e-08 3.70993e-06 8.25507e-05 0.00108311 0.00838034 0.0382556 0.103284 0.166953 0.171196 0.137124 0.117236 0.0996915 0.0688048 0.0411006 0.0233533 0.0121164 0.00578408 0.00270952 0.00130501 0.000689621 0.00042174 0.00027319 0.00015164
 1.39497e-11 1.51411e-09 9.69028e-08 3.65681e-06 8.13688e-05 0.00106761 0.00826056 0.0377127 0.101872 0.1651 0.171302 0.142264 0.126765 0.107162 0.0686052 0.0353176 0.0177367 0.00905454 0.0043973 0.00194766 0.000790448 0.000315913 0.000139009 7.00102e-05 3.42988e-05
 1.16711e-11 1.26678e-09 8.10738e-08 3.05948e-06 6.80775e-05 0.000893232 0.0069119 0.0315685 0.0854531 0.139929 0.151913 0.143295 0.146787 0.131048 0.0844134 0.0424597 0.019902 0.00899092 0.00383602 0.00158516 0.000617635 0.000218073 7.24046e-05 2.53337e-05 9.52149e-06
 1.32851e-11 1.44197e-09 9.22858e-08 3.48258e-06 7.7492e-05 0.00101674 0.00786711 0.0359189 0.0970593 0.157568 0.164743 0.140091 0.12892 0.112003 0.0750395 0.0416527 0.0216017 0.0100724 0.00409721 0.00151566 0.000521442 0.000166469 4.84273e-05 1.2945e-05 3.39641e-06
 1.45716e-11 1.5816e-09 1.01222e-07 3.81982e-06 8.49959e-05 0.00111519 0.00862863 0.0393903 0.106364 0.17206 0.177026 0.143197 0.123285 0.102454 0.0649738 0.0328448 0.0158409 0.00753951 0.00331474 0.00128625 0.000427951 0.000123168 3.1354e-05 7.09192e-06 1.43105e-06
 1.50349e-11 1.6319e-09 1.04441e-07 3.94128e-06 8.76986e-05 0.00115065 0.0089029 0.0406403 0.109711 0.177248 0.181303 0.143923 0.120732 0.0989413 0.0621543 0.0307747 0.0141636 0.00625413 0.00255857 0.00097926 0.000339493 0.000100426 2.45282e-05 4.95006e-06 8.37333e-07
 1.45805e-11 1.58257e-09 1.01284e-07 3.82215e-06 8.50479e-05 0.00111588 0.00863398 0.0394159 0.10645 0.172337 0.177951 0.145545 0.126889 0.105158 0.0647559 0.0302781 0.0128851 0.00535304 0.00207205 0.000739615 0.000240925 6.98681e-05 1.73062e-05 3.47861e-06 5.50236e-07
 1.48911e-11 1.61629e-09 1.03442e-07 3.90359e-06 8.68598e-05 0.00113965 0.00881781 0.040253 0.108682 0.175717 0.18035 0.14474 0.123183 0.101391 0.063209 0.0305412 0.0134245 0.00551245 0.00201104 0.000665328 0.000201453 5.44618e-05 1.27904e-05 2.51457e-06 3.9439e-07
 1.45539e-11 1.57968e-09 1.01099e-07 3.81518e-06 8.48927e-05 0.00111384 0.00861827 0.0393452 0.106272 0.172155 0.178256 0.147025 0.129384 0.107029 0.0645385 0.0285141 0.0111126 0.00428222 0.00155804 0.000513076 0.000148618 3.73116e-05 8.09196e-06 1.48491e-06 2.22086e-07
 1.44086e-11 1.56391e-09 1.0009e-07 3.77709e-06 8.40451e-05 0.00110272 0.00853222 0.0389523 0.105211 0.170434 0.176473 0.14559 0.128389 0.107104 0.0663232 0.0312013 0.0131028 0.00507659 0.00171387 0.000518126 0.000143722 3.52212e-05 7.30177e-06 1.24882e-06 1.73084e-07
 1.4595e-11 1.58415e-09 1.01385e-07 3.82597e-06 8.51328e-05 0.00111699 0.00864258 0.0394548 0.10655 0.17246 0.177896 0.14505 0.126039 0.104615 0.0650782 0.0311408 0.0135331 0.00552236 0.00198311 0.000618333 0.000165632 3.78387e-05 7.39937e-06 1.21103e-06 1.59319e-07
 1.39883e-11 1.5183e-09 9.71708e-08 3.66693e-06 8.15939e-05 0.00107056 0.00828352 0.0378197 0.102191 0.165856 0.173198 0.146601 0.133286 0.112137 0.0684843 0.0310001 0.0125014 0.00491019 0.00178373 0.000580897 0.000163964 3.85537e-05 7.39585e-06 1.14642e-06 1.42174e-07
 1.25188e-11 1.3588e-09 8.69631e-08 3.28172e-06 7.30227e-05 0.000958112 0.00741376 0.0338566 0.0915895 0.149518 0.160193 0.145873 0.144016 0.125877 0.0787556 0.0370897 0.0156232 0.00613586 0.00212521 0.000658817 0.000184257 4.46274e-05 8.92037e-06 1.41331e-06 1.72756e-07
 1.2802e-11 1.38954e-09 8.89303e-08 3.35595e-06 7.46745e-05 0.000979782 0.00758134 0.0346193 0.0936181 0.15255 0.162146 0.144485 0.139596 0.121586 0.0772303 0.0378993 0.0169568 0.00703846 0.00254825 0.000803974 0.000219835 5.13276e-05 1.01236e-05 1.63255e-06 2.053e-07
 1.38513e-11 1.50342e-09 9.62187e-08 3.631e-06 8.07945e-05 0.00106007 0.00820235 0.037449 0.101186 0.164206 0.171384 0.144873 0.13173 0.111621 0.069908 0.0336872 0.0148727 0.00626781 0.00237719 0.000795507 0.000228277 5.44666e-05 1.06411e-05 1.67763e-06 2.08864e-07
 1.36395e-11 1.48044e-09 9.47481e-08 3.5755e-06 7.95596e-05 0.00104387 0.00807709 0.0368791 0.0996751 0.161983 0.170132 0.146482 0.135906 0.115411 0.0708131 0.0322854 0.013164 0.00523092 0.00193198 0.000649417 0.000193087 4.85284e-05 9.92306e-06 1.60011e-06 1.98857e-07
 1.4055e-11 1.52554e-09 9.76342e-08 3.68441e-06 8.1983e-05 0.00107567 0.00832303 0.0380001 0.102678 0.166645 0.174013 0.147253 0.133765 0.112235 0.0679462 0.0300215 0.01157 0.00429169 0.0014673 0.00045899 0.000130997 3.28452e-05 6.9126e-06 1.16438e-06 1.50454e-07
 1.36914e-11 1.48607e-09 9.5108e-08 3.58908e-06 7.98618e-05 0.00104784 0.00810772 0.0370178 0.100035 0.162444 0.170046 0.145014 0.133282 0.113553 0.0713618 0.0344309 0.0149252 0.00588878 0.00198261 0.00058236 0.000153397 3.57549e-05 7.20126e-06 1.20527e-06 1.59297e-07
 1.42452e-11 1.54618e-09 9.89551e-08 3.73426e-06 8.30922e-05 0.00109022 0.00843558 0.038513 0.104051 0.168768 0.175737 0.147459 0.132534 0.110515 0.0664605 0.0289879 0.0110559 0.00418034 0.00149222 0.000472726 0.000126934 2.83291e-05 5.29941e-06 8.27837e-07 1.04981e-07
 1.51411e-11 1.64342e-09 1.05178e-07 3.96911e-06 8.83178e-05 0.00115878 0.00896584 0.0409292 0.110513 0.178722 0.183637 0.14783 0.12592 0.102234 0.0605682 0.0256723 0.00920125 0.00315694 0.00100406 0.000293675 7.90579e-05 1.8496e-05 3.53907e-06 5.37132e-07 6.41008e-08
 1.51071e-11 1.63973e-09 1.04943e-07 3.96021e-06 8.81198e-05 0.00115618 0.00894575 0.0408375 0.110266 0.178328 0.183258 0.147598 0.125847 0.102362 0.0609535 0.0261719 0.00955117 0.003278 0.00100258 0.000269444 6.50959e-05 1.40194e-05 2.62174e-06 4.05214e-07 4.8912e-08
 1.51001e-11 1.63897e-09 1.04894e-07 3.95836e-06 8.80786e-05 0.00115564 0.00894156 0.0408184 0.110215 0.178246 0.183179 0.147546 0.125822 0.102367 0.0609998 0.0262498 0.00963256 0.00333939 0.00103488 0.000279253 6.55907e-05 1.31456e-05 2.23251e-06 3.19037e-07 3.72195e-08
 1.54567e-11 1.67768e-09 1.07371e-07 4.05186e-06 9.0159e-05 0.00118293 0.00915269 0.0417808 0.112793 0.182255 0.186544 0.148298 0.124098 0.0996305 0.0582965 0.0239912 0.00815081 0.00264963 0.000802003 0.000216681 5.13409e-05 1.02946e-05 1.70219e-06 2.28393e-07 2.45261e-08
 1.4819e-11 1.60846e-09 1.02941e-07 3.88468e-06 8.64392e-05 0.00113413 0.00877524 0.0400613 0.1082 0.175228 0.181199 0.148806 0.130013 0.106439 0.0624293 0.0254983 0.00847924 0.0026491 0.00075472 0.00019009 4.29032e-05 8.46325e-06 1.39918e-06 1.86773e-07 1.95151e-08
 1.46754e-11 1.59288e-09 1.01944e-07 3.84705e-06 8.56018e-05 0.00112315 0.00869027 0.0396741 0.107164 0.173628 0.179909 0.148683 0.130983 0.107733 0.0634627 0.0261755 0.00885317 0.00279782 0.000791133 0.000193184 4.13132e-05 7.63545e-06 1.19535e-06 1.54933e-07 1.60058e-08
 1.4818e-11 1.60835e-09 1.02934e-07 3.88441e-06 8.64331e-05 0.00113405 0.00877462 0.0400581 0.108187 0.175172 0.180979 0.148226 0.129138 0.105865 0.062687 0.0263243 0.00920957 0.00301113 0.00087184 0.000216202 4.62652e-05 8.35738e-06 1.24859e-06 1.525e-07 1.4931e-08
#obs surv len freq
 1.16415e-11 1.26357e-09 8.08686e-08 3.05173e-06 6.79053e-05 0.00089097 0.0068943 0.0314849 0.0851691 0.138911 0.147882 0.131801 0.128639 0.119847 0.0914368 0.0597382 0.0337833 0.0156022 0.00573937 0.0016671 0.000372091 6.162e-05 7.32576e-06 6.06114e-07 3.39296e-08
 8.39119e-12 9.10785e-10 5.82902e-08 2.1997e-06 4.89467e-05 0.000642248 0.00497076 0.022724 0.0617753 0.103082 0.119997 0.131221 0.152276 0.149364 0.113917 0.0731304 0.040265 0.0179991 0.00637257 0.00177108 0.000375991 5.88382e-05 6.56426e-06 5.06369e-07 2.62851e-08
 1.84959e-11 2.00756e-09 1.28483e-07 4.84856e-06 0.000107886 0.00141551 0.0109513 0.0499711 0.134612 0.215075 0.208383 0.134919 0.0785396 0.0563968 0.0449494 0.0327534 0.019291 0.00866532 0.00298434 0.000794215 0.000160007 2.3609e-05 2.47007e-06 1.77832e-07 8.57812e-09
 8.43501e-12 9.15542e-10 5.85946e-08 2.21119e-06 4.92031e-05 0.000645647 0.00499829 0.0228748 0.0624827 0.106314 0.131575 0.157293 0.184185 0.162368 0.0967897 0.0427807 0.0173145 0.00700558 0.00248626 0.000679507 0.000135017 1.90552e-05 1.87586e-06 1.26036e-07 5.64782e-09
 1.4141e-11 1.53487e-09 9.82316e-08 3.70696e-06 8.24849e-05 0.00108226 0.00837402 0.0382303 0.103227 0.166693 0.169135 0.129136 0.104165 0.0959441 0.082845 0.0580665 0.0294849 0.0103063 0.00259695 0.00052579 8.96961e-05 1.19801e-05 1.13966e-06 7.31179e-08 3.08146e-09
 1.19796e-11 1.30027e-09 8.32171e-08 3.14037e-06 6.98782e-05 0.000916897 0.0070962 0.0324311 0.0879873 0.145071 0.159504 0.1491 0.143273 0.120405 0.077867 0.0423564 0.0212366 0.00905523 0.00288206 0.000637446 9.67045e-05 1.03204e-05 7.9789e-07 4.44503e-08 1.71279e-09
 1.64558e-11 1.78612e-09 1.14312e-07 4.31377e-06 9.59874e-05 0.00125942 0.00974495 0.0444898 0.120119 0.193775 0.19514 0.14323 0.103001 0.079078 0.0550906 0.0323111 0.0151953 0.00550407 0.00155392 0.000343897 5.65564e-05 6.44221e-06 4.87459e-07 2.42116e-08 7.91702e-10
 1.34856e-11 1.46374e-09 9.36791e-08 3.53517e-06 7.86634e-05 0.00103218 0.00798853 0.036509 0.0990173 0.162792 0.176138 0.156138 0.138648 0.108591 0.0645764 0.030412 0.0123681 0.00426726 0.00116222 0.000238027 3.57056e-05 3.83467e-06 2.85871e-07 1.4258e-08 4.60804e-10
 1.42461e-11 1.54628e-09 9.8962e-08 3.73453e-06 8.30993e-05 0.00109037 0.00843847 0.0385551 0.10443 0.17065 0.180171 0.149909 0.125319 0.100079 0.0659424 0.0349904 0.014559 0.00452394 0.00104432 0.000183759 2.46087e-05 2.41002e-06 1.64896e-07 7.61986e-09 2.31978e-10
 1.42438e-11 1.54603e-09 9.8946e-08 3.73393e-06 8.30864e-05 0.00109022 0.00843786 0.0385618 0.104542 0.171359 0.182515 0.154009 0.128448 0.0991612 0.0619162 0.0314219 0.0130476 0.00420666 0.00100265 0.000172148 2.09587e-05 1.79204e-06 1.06713e-07 4.35786e-09 1.19216e-10
 1.28241e-11 1.39194e-09 8.9084e-08 3.36178e-06 7.48063e-05 0.000981619 0.00759874 0.0347524 0.0944834 0.156535 0.17265 0.15704 0.140605 0.111396 0.0696559 0.0348067 0.0139446 0.00429723 0.000988147 0.000166658 2.00745e-05 1.67144e-06 9.37019e-08 3.47715e-09 8.44604e-11
 1.41303e-11 1.53371e-09 9.81577e-08 3.70419e-06 8.24253e-05 0.00108158 0.00837179 0.0382722 0.103858 0.170672 0.182584 0.154107 0.127415 0.0987807 0.0634428 0.0328732 0.0133443 0.0040504 0.000898749 0.000144511 1.65489e-05 1.3154e-06 7.07077e-08 2.51171e-09 5.78232e-11
 1.35584e-11 1.47163e-09 9.41846e-08 3.55427e-06 7.90903e-05 0.00103786 0.00803484 0.0367556 0.0999776 0.165639 0.181551 0.160365 0.136161 0.102684 0.0617804 0.0298801 0.0116431 0.00349523 0.000774317 0.000122959 1.36427e-05 1.03367e-06 5.24682e-08 1.7542e-09 3.80161e-11
 1.1357e-11 1.2327e-09 7.88928e-08 2.97723e-06 6.62517e-05 0.000869487 0.00673411 0.0308531 0.0844015 0.142648 0.165868 0.163792 0.153528 0.121499 0.0749088 0.0363095 0.0136973 0.0038792 0.000807404 0.000121848 1.30122e-05 9.52788e-07 4.65087e-08 1.48148e-09 3.03094e-11
 9.24455e-12 1.00341e-09 6.42187e-08 2.42349e-06 5.39317e-05 0.000707904 0.00548563 0.0251822 0.0693646 0.119942 0.148285 0.161773 0.165072 0.13949 0.0922285 0.0475021 0.0184655 0.00522062 0.00105621 0.00015153 1.51742e-05 1.03867e-06 4.75735e-08 1.42907e-09 2.76446e-11
 1.21291e-11 1.3165e-09 8.42563e-08 3.17963e-06 7.07559e-05 0.000928589 0.0071912 0.0329299 0.0898439 0.150087 0.167621 0.15278 0.136445 0.113871 0.0796468 0.0438865 0.0180585 0.00534452 0.00111488 0.000161093 1.58182e-05 1.03721e-06 4.4757e-08 1.25444e-09 2.25538e-11
 1.17427e-11 1.27456e-09 8.15724e-08 3.07839e-06 6.85055e-05 0.000899179 0.0069667 0.0319529 0.0876438 0.148859 0.173316 0.167136 0.148821 0.112769 0.0686904 0.0341369 0.0136029 0.0041015 0.000886235 0.000131952 1.31607e-05 8.61471e-07 3.64443e-08 9.84366e-10 1.6806e-11
 1.24301e-11 1.34918e-09 8.63481e-08 3.25862e-06 7.25165e-05 0.000951826 0.00737435 0.0338142 0.0926295 0.156446 0.178753 0.166068 0.143442 0.108295 0.0657573 0.031256 0.0113495 0.0030773 0.000613046 8.74107e-05 8.58347e-06 5.5926e-07 2.35172e-08 6.26486e-10 1.0442e-11
 1.17216e-11 1.27227e-09 8.14262e-08 3.07292e-06 6.83873e-05 0.000897762 0.00695887 0.0319583 0.0879633 0.150613 0.177661 0.172387 0.151424 0.111779 0.0651063 0.0296471 0.0103224 0.00265174 0.00048948 6.3652e-05 5.7092e-06 3.44876e-07 1.36917e-08 3.49268e-10 5.61845e-12
 1.20739e-11 1.31051e-09 8.38738e-08 3.1653e-06 7.04442e-05 0.000924796 0.00716889 0.0329246 0.0905926 0.154709 0.180603 0.171427 0.147774 0.108926 0.0637257 0.0286944 0.00964522 0.00235059 0.000407427 4.93303e-05 4.08141e-06 2.25602e-07 8.16856e-09 1.90539e-10 2.82229e-12
 1.28507e-11 1.39483e-09 8.92707e-08 3.36899e-06 7.49785e-05 0.000984354 0.00763098 0.0350472 0.0963823 0.164045 0.188918 0.173319 0.142389 0.100207 0.0562803 0.0244837 0.00799349 0.0018889 0.00031423 3.60035e-05 2.78338e-06 1.42428e-07 4.74272e-09 1.01259e-10 1.36856e-12
 1.20899e-11 1.31225e-09 8.39863e-08 3.16964e-06 7.05473e-05 0.000926391 0.00718653 0.033072 0.0914688 0.158033 0.187914 0.179694 0.150239 0.103706 0.0557606 0.0229674 0.00708946 0.00158857 0.000251255 2.73651e-05 2.0034e-06 9.64489e-08 2.99882e-09 5.93643e-11 7.39698e-13
 1.28087e-11 1.39028e-09 8.89802e-08 3.35813e-06 7.47429e-05 0.000981483 0.00761333 0.0350203 0.0966633 0.165767 0.19293 0.17754 0.143573 0.0980366 0.0525955 0.0213175 0.00632606 0.00133777 0.000197787 2.00871e-05 1.37261e-06 6.17629e-08 1.79515e-09 3.31741e-11 3.8489e-13
 1.20653e-11 1.30959e-09 8.38173e-08 3.1634e-06 7.04166e-05 0.000924966 0.00718132 0.033115 0.0920148 0.160406 0.19282 0.184213 0.150489 0.100159 0.0514974 0.020019 0.00573339 0.00117037 0.000165596 1.58883e-05 1.01417e-06 4.23339e-08 1.1382e-09 1.94495e-11 2.08787e-13
 1.21741e-11 1.3214e-09 8.45737e-08 3.19202e-06 7.10571e-05 0.000933488 0.00724937 0.0334455 0.0929982 0.162125 0.194208 0.183897 0.149122 0.0992046 0.0508478 0.0193764 0.00533311 0.00103347 0.00013822 1.25223e-05 7.53224e-07 2.9502e-08 7.40114e-10 1.1737e-11 1.16443e-13
 1.08327e-11 1.17582e-09 7.52585e-08 2.84067e-06 6.32497e-05 0.000831424 0.00646737 0.0299694 0.0842876 0.15095 0.19022 0.191224 0.160149 0.106235 0.0533463 0.0198173 0.00530469 0.000993877 0.000127252 1.09194e-05 6.17039e-07 2.25955e-08 5.28626e-10 7.80461e-12 7.19602e-14
 1.09344e-11 1.18687e-09 7.59662e-08 2.86746e-06 6.38501e-05 0.000839419 0.00653092 0.0302703 0.0851041 0.151986 0.189982 0.189086 0.158519 0.106735 0.0543669 0.020154 0.00527809 0.000954035 0.000116901 9.54793e-06 5.10868e-07 1.76152e-08 3.85961e-10 5.31264e-12 4.55158e-14
 1.1264e-11 1.22265e-09 7.82582e-08 2.9541e-06 6.57862e-05 0.00086507 0.0067337 0.0312379 0.0879324 0.157057 0.195127 0.19048 0.154931 0.101191 0.0503276 0.0183532 0.00474383 0.000843143 0.000100617 7.91096e-06 4.03301e-07 1.31492e-08 2.70975e-10 3.49425e-12 2.7955e-14
#pred catch len freq
 1.00468e-11 1.09048e-09 6.97906e-08 2.63368e-06 5.86031e-05 0.000768922 0.00595008 0.0271781 0.0736013 0.120787 0.132377 0.128057 0.135282 0.12556 0.0889135 0.0548882 0.0343073 0.0218267 0.0143396 0.0100227 0.00759882 0.00632587 0.00547009 0.00421967 0.00246497
 8.98905e-12 9.75675e-10 6.24431e-08 2.35641e-06 5.24336e-05 0.000687986 0.00532428 0.0243313 0.0660519 0.109684 0.126147 0.136284 0.157123 0.147779 0.1001 0.0556838 0.0304531 0.0167306 0.00919406 0.00523717 0.00321834 0.002228 0.00170602 0.00125201 0.000728476
 1.2099e-11 1.31323e-09 8.40462e-08 3.17165e-06 7.05734e-05 0.000925971 0.00716494 0.0327173 0.0884668 0.144093 0.152881 0.135704 0.131533 0.118117 0.082575 0.0494357 0.0280966 0.0145776 0.00695902 0.00325991 0.0015701 0.000829705 0.000507409 0.000328684 0.000182443
 1.22362e-11 1.32813e-09 8.49999e-08 3.20764e-06 7.13742e-05 0.000936482 0.00724638 0.0330918 0.0895156 0.146092 0.156337 0.141957 0.140045 0.123477 0.0798369 0.0411752 0.0206837 0.0105592 0.00512802 0.00227132 0.000921801 0.00036841 0.000162108 8.16442e-05 3.99984e-05
 1.00486e-11 1.09068e-09 6.98032e-08 2.63416e-06 5.86138e-05 0.000769072 0.00595159 0.0271932 0.0737548 0.121944 0.137809 0.14319 0.159665 0.146778 0.0951609 0.0479228 0.0224664 0.0101496 0.00433036 0.00178944 0.000697229 0.000246176 8.17353e-05 2.85984e-05 1.07485e-05
 1.17105e-11 1.27107e-09 8.13481e-08 3.06983e-06 6.83078e-05 0.000896251 0.00693516 0.0316724 0.0857021 0.140078 0.150883 0.139515 0.140693 0.126781 0.0856586 0.0476182 0.0247001 0.0115173 0.00468497 0.00173309 0.000596244 0.00019035 5.53744e-05 1.4802e-05 3.88364e-06
 1.27774e-11 1.38687e-09 8.87594e-08 3.34951e-06 7.4531e-05 0.000977898 0.00756673 0.034552 0.0934273 0.152168 0.161411 0.143027 0.137437 0.119762 0.0768165 0.0389138 0.0187735 0.00893553 0.0039285 0.00152442 0.000507191 0.000145974 3.71595e-05 8.40507e-06 1.69603e-06
 1.35711e-11 1.47301e-09 9.42727e-08 3.55756e-06 7.91604e-05 0.00103863 0.00803651 0.0366928 0.0991573 0.161027 0.168602 0.143894 0.132454 0.113214 0.0718544 0.0356466 0.0164104 0.00724639 0.0029645 0.00113463 0.000393357 0.00011636 2.84198e-05 5.73542e-06 9.70182e-07
 1.30163e-11 1.4128e-09 9.04187e-08 3.41212e-06 7.59243e-05 0.00099618 0.0077082 0.035198 0.0951752 0.155023 0.164474 0.145777 0.13982 0.120698 0.0750549 0.0351594 0.0149666 0.00621796 0.00240685 0.000859119 0.000279853 8.11571e-05 2.01025e-05 4.04067e-06 6.39141e-07
 1.39282e-11 1.51177e-09 9.67533e-08 3.65117e-06 8.12433e-05 0.00106596 0.0082479 0.0376564 0.10174 0.165053 0.172025 0.144805 0.131027 0.110888 0.0696002 0.0336728 0.0148038 0.00607892 0.0022177 0.000733699 0.000222155 6.00585e-05 1.41048e-05 2.77298e-06 4.34919e-07
 1.32277e-11 1.43574e-09 9.18869e-08 3.46753e-06 7.71571e-05 0.00101235 0.00783334 0.0357691 0.0967145 0.157491 0.166902 0.147423 0.140659 0.120424 0.0732171 0.0324004 0.0126305 0.00486725 0.0017709 0.000583173 0.000168922 4.24091e-05 9.19749e-06 1.68778e-06 2.52427e-07
 1.29768e-11 1.40851e-09 9.01443e-08 3.40177e-06 7.56939e-05 0.000993157 0.00768482 0.0350915 0.0948906 0.154587 0.164138 0.145804 0.140237 0.121363 0.0758135 0.0357255 0.0150065 0.00581429 0.00196292 0.000593418 0.000164607 4.03394e-05 8.36284e-06 1.4303e-06 1.98236e-07
 1.35299e-11 1.46854e-09 9.39865e-08 3.54676e-06 7.89201e-05 0.00103548 0.00801216 0.0365826 0.098872 0.160666 0.168698 0.145153 0.134764 0.115153 0.0721374 0.0345648 0.0150241 0.00613088 0.00220164 0.000686468 0.000183883 4.20082e-05 8.21472e-06 1.34448e-06 1.76874e-07
 1.282e-11 1.39149e-09 8.90552e-08 3.36067e-06 7.47794e-05 0.00098116 0.00759205 0.0346694 0.0937705 0.152933 0.163172 0.146884 0.143116 0.123868 0.0761573 0.034518 0.0139229 0.0054686 0.00198658 0.00064696 0.000182611 4.29382e-05 8.23696e-06 1.2768e-06 1.58343e-07
 1.14649e-11 1.2444e-09 7.96415e-08 3.00543e-06 6.68749e-05 0.000877455 0.00678994 0.0310144 0.0839923 0.137852 0.151112 0.146031 0.152738 0.13637 0.0857336 0.0404128 0.0170253 0.00668661 0.00231597 0.000717952 0.000200796 4.86332e-05 9.72106e-06 1.54016e-06 1.88262e-07
 1.17663e-11 1.27712e-09 8.17356e-08 3.08445e-06 6.86332e-05 0.000900523 0.00696832 0.0318263 0.0861513 0.141077 0.153178 0.144519 0.147979 0.131763 0.084119 0.0413187 0.0184892 0.00767462 0.00277857 0.000876641 0.000239705 5.59668e-05 1.10386e-05 1.78011e-06 2.23856e-07
 1.29258e-11 1.40297e-09 8.97901e-08 3.3884e-06 7.53964e-05 0.000989254 0.00765461 0.0349534 0.0945148 0.153957 0.163385 0.144941 0.139275 0.120746 0.0760327 0.036676 0.0161947 0.00682502 0.00258852 0.000866229 0.000248571 5.93088e-05 1.15871e-05 1.82677e-06 2.27432e-07
 1.30114e-11 1.41226e-09 9.03843e-08 3.41082e-06 7.58954e-05 0.000995801 0.00770529 0.0351852 0.0951474 0.155033 0.164736 0.146622 0.141173 0.121705 0.0749412 0.0341909 0.0139424 0.00554029 0.00204624 0.000687826 0.000204507 5.13986e-05 1.05099e-05 1.69474e-06 2.10618e-07
 1.2692e-11 1.37759e-09 8.81658e-08 3.3271e-06 7.40326e-05 0.000971362 0.00751629 0.0343247 0.0928548 0.151574 0.162347 0.147672 0.145372 0.126025 0.076885 0.0340219 0.0131149 0.00486485 0.00166327 0.000520289 0.000148492 3.72318e-05 7.8358e-06 1.31988e-06 1.70548e-07
 1.31309e-11 1.42524e-09 9.1215e-08 3.44217e-06 7.65929e-05 0.00100495 0.00777602 0.0355066 0.0959948 0.156238 0.165205 0.145062 0.137864 0.119097 0.0750917 0.0362529 0.0157164 0.00620101 0.00208773 0.000613237 0.000161531 3.76506e-05 7.58307e-06 1.26917e-06 1.67743e-07
 1.37862e-11 1.49636e-09 9.57666e-08 3.61394e-06 8.04149e-05 0.0010551 0.00816391 0.0372753 0.100743 0.163694 0.171813 0.147613 0.136461 0.115168 0.0694597 0.0303133 0.0115625 0.00437191 0.0015606 0.000494389 0.000132751 2.96274e-05 5.54227e-06 8.65774e-07 1.09792e-07
 1.43794e-11 1.56075e-09 9.98878e-08 3.76946e-06 8.38754e-05 0.0011005 0.00851507 0.0388756 0.105025 0.170307 0.177147 0.14814 0.132523 0.110021 0.0655414 0.0278105 0.00996943 0.00342058 0.0010879 0.0003182 8.56601e-05 2.00406e-05 3.83462e-06 5.81988e-07 6.94539e-08
 1.43337e-11 1.55579e-09 9.95702e-08 3.75747e-06 8.36087e-05 0.001097 0.008488 0.0387521 0.104693 0.169781 0.17666 0.147893 0.132521 0.110251 0.0660176 0.0283774 0.0103579 0.00355495 0.00108728 0.000292209 7.05958e-05 1.52039e-05 2.84325e-06 4.39449e-07 5.30445e-08
 1.46855e-11 1.59397e-09 1.02014e-07 3.84968e-06 8.56605e-05 0.00112392 0.0086962 0.0397006 0.107227 0.173664 0.179641 0.147702 0.129396 0.106593 0.0637143 0.0274346 0.0100683 0.0034905 0.00108171 0.00029189 6.85589e-05 1.37405e-05 2.33354e-06 3.33475e-07 3.89038e-08
 1.50443e-11 1.63291e-09 1.04506e-07 3.94374e-06 8.77532e-05 0.00115137 0.00890857 0.0406686 0.109821 0.1777 0.183039 0.148494 0.127717 0.103877 0.06098 0.025112 0.00853253 0.00277376 0.000839575 0.000226832 5.37461e-05 1.07769e-05 1.78193e-06 2.39093e-07 2.5675e-08
 1.44713e-11 1.57072e-09 1.00526e-07 3.79354e-06 8.44112e-05 0.00110753 0.00856947 0.0391239 0.105695 0.171389 0.178247 0.148979 0.133076 0.110028 0.0646907 0.0264347 0.00879137 0.00274664 0.00078251 0.00019709 4.4483e-05 8.77489e-06 1.4507e-06 1.9365e-07 2.02337e-08
 1.42125e-11 1.54263e-09 9.87279e-08 3.72569e-06 8.29014e-05 0.00108772 0.00841626 0.0384258 0.103828 0.168515 0.175975 0.148904 0.135046 0.112502 0.0664787 0.0274364 0.00928062 0.00293294 0.000829342 0.000202514 4.33085e-05 8.00422e-06 1.25308e-06 1.62416e-07 1.67788e-08
 1.40682e-11 1.52697e-09 9.77261e-08 3.68788e-06 8.20602e-05 0.00107668 0.00833089 0.0380366 0.102785 0.16689 0.174597 0.148552 0.135671 0.113556 0.0675832 0.0284089 0.00994052 0.00325018 0.000941056 0.000233367 4.99382e-05 9.02088e-06 1.34772e-06 1.64607e-07 1.61164e-08
#obs catch len freq
 9.74895e-12 1.05816e-09 6.77219e-08 2.55562e-06 5.68662e-05 0.000746142 0.00577409 0.0263799 0.0715034 0.117754 0.130518 0.129029 0.139543 0.135595 0.105306 0.06978 0.0399126 0.0186081 0.00691402 0.00203186 0.000459821 7.73916e-05 9.36659e-06 7.89312e-07 4.49781e-08
 1.00518e-11 1.09103e-09 6.98258e-08 2.63501e-06 5.86329e-05 0.000769326 0.00595359 0.0272014 0.0737403 0.121453 0.134385 0.131507 0.139698 0.133677 0.102428 0.066705 0.0372833 0.0169114 0.00607836 0.00171405 0.000368856 5.84995e-05 6.61788e-06 5.18005e-07 2.72961e-08
 7.14637e-12 7.75672e-10 4.9643e-08 1.87338e-06 4.1686e-05 0.000546997 0.00423428 0.0193726 0.052856 0.0895884 0.109993 0.131916 0.161595 0.160204 0.122142 0.0779975 0.042376 0.0185772 0.00641693 0.00172873 0.000353293 5.28678e-05 5.60505e-06 4.08605e-07 1.99489e-08
 1.75221e-11 1.90185e-09 1.21718e-07 4.59328e-06 0.000102206 0.00134099 0.010375 0.0473464 0.127603 0.204314 0.19981 0.133981 0.0844099 0.0646714 0.0523844 0.0378756 0.021911 0.00962504 0.00322794 0.000831361 0.000160992 2.26835e-05 2.25247e-06 1.53085e-07 6.93913e-09
 7.49409e-12 8.13413e-10 5.20584e-08 1.96454e-06 4.37151e-05 0.000573662 0.004442 0.0203488 0.0558169 0.0965726 0.125562 0.160601 0.193394 0.170012 0.100451 0.0441432 0.017757 0.00706299 0.00243547 0.000641843 0.000122271 1.64511e-05 1.53523e-06 9.72762e-08 4.09273e-09
 1.32219e-11 1.43511e-09 9.1847e-08 3.46603e-06 7.7124e-05 0.00101193 0.00783027 0.035756 0.0966388 0.156685 0.161494 0.129021 0.110575 0.104547 0.0900418 0.062003 0.0307023 0.0104507 0.0025653 0.000503987 8.26025e-05 1.04999e-05 9.44825e-07 5.70864e-08 2.25703e-09
 1.11817e-11 1.21367e-09 7.76751e-08 2.93123e-06 6.5225e-05 0.000855863 0.00662459 0.03029 0.0823381 0.136796 0.154237 0.15137 0.150434 0.126884 0.0816659 0.0441453 0.0217928 0.00903778 0.0027754 0.000589758 8.57097e-05 8.7266e-06 6.39477e-07 3.35312e-08 1.20992e-09
 1.58698e-11 1.72251e-09 1.10241e-07 4.16015e-06 9.25694e-05 0.00121459 0.00939849 0.0429161 0.115959 0.187622 0.190997 0.144403 0.107999 0.0842289 0.0584568 0.0337954 0.0155468 0.00548748 0.00150278 0.000319943 5.02025e-05 5.42689e-06 3.88298e-07 1.81729e-08 5.57581e-10
 1.29499e-11 1.40559e-09 8.99578e-08 3.39475e-06 7.55393e-05 0.000991208 0.00767219 0.0350768 0.0952741 0.157494 0.173327 0.158685 0.143961 0.112539 0.066276 0.0308413 0.0123123 0.00413405 0.00108812 0.00021408 3.06653e-05 3.12538e-06 2.19861e-07 1.03037e-08 3.11985e-10
 1.38152e-11 1.49951e-09 9.59689e-08 3.62159e-06 8.05865e-05 0.00105742 0.00818412 0.0374042 0.101427 0.166417 0.177939 0.151931 0.129626 0.103518 0.0675066 0.0351858 0.0142704 0.00430271 0.000960519 0.000162513 2.07707e-05 1.92844e-06 1.24427e-07 5.39841e-09 1.5374e-10
 1.38919e-11 1.50784e-09 9.65017e-08 3.6417e-06 8.10345e-05 0.00106332 0.00823039 0.0376258 0.102124 0.168066 0.181123 0.156201 0.132115 0.101607 0.0627363 0.0313086 0.0126795 0.00395887 0.000908699 0.000149462 1.7345e-05 1.40649e-06 7.90065e-08 3.02816e-09 7.74327e-11
 1.25549e-11 1.36272e-09 8.7214e-08 3.29122e-06 7.32368e-05 0.000961054 0.0074404 0.0340421 0.0926838 0.154258 0.172205 0.159496 0.14372 0.112937 0.0696742 0.0341628 0.0133284 0.00397553 0.000880052 0.000142008 1.62673e-05 1.28171e-06 6.77129e-08 2.359e-09 5.36015e-11
 1.39402e-11 1.51308e-09 9.68373e-08 3.65437e-06 8.13173e-05 0.00106707 0.00826023 0.0377742 0.102616 0.16919 0.182573 0.15622 0.129835 0.0998468 0.0632032 0.032056 0.0126409 0.00370676 0.000790638 0.000121499 1.32197e-05 9.93199e-07 5.0239e-08 1.67318e-09 3.6006e-11
 1.34243e-11 1.45708e-09 9.32535e-08 3.51914e-06 7.83094e-05 0.00102765 0.00795669 0.0364121 0.0991649 0.164885 0.182253 0.162661 0.138021 0.102866 0.0609298 0.0288607 0.0109274 0.00316552 0.000672705 0.000101879 1.07235e-05 7.67141e-07 3.66112e-08 1.1466e-09 2.32045e-11
 1.12927e-11 1.22572e-09 7.84465e-08 2.9604e-06 6.58782e-05 0.000864629 0.00669762 0.0307025 0.0841273 0.142812 0.167491 0.166454 0.155023 0.120912 0.0732343 0.0346678 0.0126804 0.00346247 0.000691076 9.93917e-05 1.00551e-05 6.94043e-07 3.18097e-08 9.48263e-10 1.81056e-11
 9.22534e-12 1.00133e-09 6.40854e-08 2.41847e-06 5.38213e-05 0.000706509 0.00547613 0.025157 0.0694427 0.120712 0.150539 0.16481 0.166669 0.138722 0.0899689 0.0451302 0.0169672 0.00461524 0.000893755 0.000122044 1.15689e-05 7.45946e-07 3.20489e-08 8.99918e-10 1.6228e-11
 1.2161e-11 1.31996e-09 8.44779e-08 3.18801e-06 7.09433e-05 0.000931091 0.00721159 0.033037 0.0902414 0.151188 0.16974 0.155218 0.137698 0.113248 0.0775886 0.041553 0.0165058 0.00468955 0.000933952 0.000128148 1.18915e-05 7.33769e-07 2.96832e-08 7.77328e-10 1.30212e-11
 1.18143e-11 1.28233e-09 8.207e-08 3.09719e-06 6.89254e-05 0.000904748 0.0070112 0.0321746 0.0883791 0.150585 0.176069 0.169529 0.149037 0.110984 0.0663202 0.0321335 0.0123733 0.0035766 0.000736049 0.000103807 9.76291e-06 6.00305e-07 2.37779e-08 5.99641e-10 9.53551e-12
 1.25414e-11 1.36125e-09 8.71209e-08 3.2878e-06 7.31676e-05 0.000960431 0.00744235 0.0341427 0.0936441 0.158562 0.18171 0.168336 0.143402 0.106181 0.0630137 0.029097 0.0101992 0.00265387 0.000503956 6.80177e-05 6.28635e-06 3.83915e-07 1.50863e-08 3.74678e-10 5.81073e-12
 1.18645e-11 1.28779e-09 8.24196e-08 3.11044e-06 6.92242e-05 0.000908823 0.0070462 0.0323785 0.0892446 0.153202 0.181064 0.174671 0.150897 0.109098 0.0620667 0.0274318 0.00920301 0.00226389 0.000397816 4.89576e-05 4.13277e-06 2.33841e-07 8.66309e-09 2.05655e-10 3.07269e-12
 1.22496e-11 1.32959e-09 8.50952e-08 3.21143e-06 7.1473e-05 0.00093838 0.00727579 0.0334343 0.0921099 0.157634 0.184194 0.173622 0.147043 0.106003 0.0604389 0.0263547 0.00852265 0.00198665 0.000327434 3.74779e-05 2.91609e-06 1.50929e-07 5.09845e-09 1.10622e-10 1.52051e-12
 1.30473e-11 1.41617e-09 9.06366e-08 3.42058e-06 7.6129e-05 0.000999543 0.00775042 0.0356146 0.0980525 0.167174 0.192538 0.175204 0.141217 0.0970702 0.0530852 0.0223452 0.00700919 0.00158155 0.000249788 2.70251e-05 1.9634e-06 9.4029e-08 2.92028e-09 5.79863e-11 7.27202e-13
 1.23096e-11 1.33611e-09 8.55135e-08 3.22734e-06 7.18344e-05 0.000943397 0.00732049 0.03371 0.0933514 0.161548 0.191891 0.181553 0.148621 0.100079 0.0523447 0.0208448 0.00617703 0.00132039 0.000198045 2.03429e-05 1.39803e-06 6.29395e-08 1.82433e-09 3.35803e-11 3.88235e-13
 1.30476e-11 1.41621e-09 9.06404e-08 3.42084e-06 7.61419e-05 0.000999961 0.00775867 0.0357093 0.0986718 0.169422 0.196897 0.179247 0.141836 0.094327 0.0491131 0.0192039 0.0054632 0.00110116 0.000154288 1.47676e-05 9.46487e-07 3.97918e-08 1.07732e-09 1.85e-11 1.99071e-13
 1.23213e-11 1.33739e-09 8.5597e-08 3.23065e-06 7.19176e-05 0.000944816 0.00733786 0.0338605 0.0942003 0.164392 0.197072 0.185822 0.148304 0.0960773 0.047928 0.0179631 0.00492544 0.000956745 0.000128109 1.1574e-05 6.9259e-07 2.70019e-08 6.75959e-10 1.0728e-11 1.06749e-13
 1.24463e-11 1.35095e-09 8.64659e-08 3.26352e-06 7.26535e-05 0.000954604 0.00741588 0.0342375 0.0953084 0.166289 0.198566 0.185487 0.146834 0.0949374 0.0471131 0.0172787 0.00454844 0.000838115 0.000105992 9.03276e-06 5.0886e-07 1.86019e-08 4.34337e-10 6.39614e-12 5.88149e-14
 1.1115e-11 1.20647e-09 7.72213e-08 2.91487e-06 6.4908e-05 0.000853406 0.00664147 0.0308039 0.0867517 0.155453 0.194971 0.192918 0.157573 0.101568 0.0493569 0.0176287 0.00450677 0.000801722 9.69486e-05 7.81946e-06 4.13608e-07 1.41287e-08 3.07479e-10 4.21337e-12 3.59926e-14
 1.12294e-11 1.2189e-09 7.80177e-08 2.94502e-06 6.55839e-05 0.000862406 0.00671293 0.0311413 0.0876631 0.156622 0.194853 0.190906 0.156006 0.101903 0.0501182 0.0178303 0.00445439 0.000763759 8.83025e-05 6.77233e-06 3.38898e-07 1.0894e-08 2.21952e-10 2.83485e-12 2.24975e-14
#spawning biomass
 11344.6 10657.1 11400.5 15966.1 18171.8 18477 22084.4 33078.3 45467.4 63881 73775.3 93687.8 122080 137300 140782 123183 115238 112600 100214 118118 103459 99055.8 115878 135455 142176 148191 140581 138755 148205 259627 283015 272261 244073 210916 179821 153773 133383 118119 107041 99180 93691.7 89904.7 87296.9 85497.7 84307.1 83519.3 82998 82653 82424.8 82273.7 82173.8 82107.6 82063.9 82034.9 82015.7 82003 81994.7 81989.1 81985.4 81983 81981.4 81980.3 81979.6 81979.2 81978.8 81978.6 81978.5 81978.4 81978.4 81978.3 81978.3 81978.3 81978.3 81978.3 81978.2 81978.2 81978.2 81978.2 81978.2 81978.2 81978.2 81978.2 81978.2 81978.2 81978.2 81978.2 81978.2 81978.2 81978.2 81978.2 81978.2 81978.2 81978.2 81978.2 81978.2 81978.2 81978.2 81978.2 81978.2 81978.2 81978.2 81978.2 81978.2 81978.2 81978.2 81978.2 81978.2 81978.2 81978.2 81978.2 81978.2 81978.2 81978.2 81978.2 81978.2 81978.2 81978.2 81978.2 81978.2 81978.2 81978.2 81978.2 81978.2 81978.2 81978.2 81978.2 81978.2 81978.2 0 0 0 0 0 0 0 0 0 0 0 0 0 0 0 0 0 0 0 0 0 0 0 0 0
