SBPRF35
0.134148
Curr Bio
141795
B35
155870
F35
1.38486
FOFL
1.09547
OFL
40482.2
Bzero
38327.9
#pred survey bio
 4026.09 5731.55 10052.9 17943.5 31018.6 38980.7 34552.2 39716.1 61535 87578.4 113241 138194 187843 202525 174189 168534 175755 149883 141193 158782 168618 188881 196461 186136 218540 224324 193271 168010 5.29224e+06 2.81881e+06 1.41701e+06 741364 525340 446175 410080 391242 380851 375017 371728 369877 368838 368255 367929 367745 367644 367589 367559 367542 367533 367528 367525 367524 367523 367522 367522 367522 367522 367522 367522 367522 367522 367522 367522 367522 367522 367522 367522 367522 367522 367522 367522 367522 367522 367522 367522 367522 367522 367522 367522 367522 367522 367522 367522 367522 367522 367522 367522 367522 367522 367522 367522 367522 367522 367522 367522 367522 367522 367522 367522 367522 367522 367522 367522 367522 367522 367522 367522 367522 367522 367522 367522 367522 367522 367522 367522 367522 367522 367522 367522 367522 367522 367522 367522 367522 367522 367522 367522 367522 0 0 0 0 0 0 0 0 0 0 0 0 0 0 0 0 0 0 0 0 0 0 0 0 0
#obs survey bio
 3080.39 6464.65 7601.98 14887.3 23746.5 29529.7 26492.2 33434.1 47645.7 59500 77772.6 103781 136939 179591 117580 100117 148361 76360.5 125316 125681 125912 195096 136215 174272 135450 224813 129413 132188
#pred catch bio
 1182.51 1797.21 3118.05 6232.78 10425.5 17236.2 16451.2 16291 24966.7 35930.5 53653.4 59166.3 89320.8 108344 89922.7 81709.7 99801.7 86164.4 70963.2 84418.7 89778.6 102890 115533 94503.6 121144 137202 117561 107670 40482.2 61181.1 27782.2 10622.1 6814.91 6123.79 6008.19 5989.8 5986.97 5986.55 5986.49 5986.48 5986.48 5986.48 5986.48 5986.48 5986.48 5986.48 5986.48 5986.48 5986.48 5986.48 5986.48 5986.48 5986.48 5986.48 5986.48 5986.48 5986.48 5986.48 5986.48 5986.48 5986.48 5986.48 5986.48 5986.48 5986.48 5986.48 5986.48 5986.48 5986.48 5986.48 5986.48 5986.48 5986.48 5986.48 5986.48 5986.48 5986.48 5986.48 5986.48 5986.48 5986.48 5986.48 5986.48 5986.48 5986.48 5986.48 5986.48 5986.48 5986.48 5986.48 5986.48 5986.48 5986.48 5986.48 5986.48 5986.48 5986.48 5986.48 5986.48 5986.48 5986.48 5986.48 5986.48 5986.48 5986.48 5986.48 5986.48 5986.48 5986.48 5986.48 5986.48 5986.48 5986.48 5986.48 5986.48 5986.48 5986.48 5986.48 5986.48 5986.48 5986.48 5986.48 5986.48 5986.48 5986.48 5986.48 5986.48 5986.48 0 0 0 0 0 0 0 0 0 0 0 0 0 0 0 0 0 0 0 0 0 0 0 0 0
#obs catch bio
 2437.06 1802.86 3028.98 6100.64 9514.54 16572.5 17843.5 15666.1 23155.8 34332.3 53708.2 57949.9 80624.3 98192.2 87502.6 87974.4 94236 88433.9 68569.3 79389 84551 95604.5 107380 80461.4 113240 122086 115353 104976
#pred cpue bio
 2494.47 2883.14 4538.07 8107.24 13741.5 20760.3 19531.8 18406.7 26918.3 40270.6 54342.1 62992 86007.4 98579 87348.5 81409.6 85677 71581.6 63390.1 72898 76385.6 83310.7 88525.6 82023.2 97572.3 100224 85946.5 74779.9 2.19185e+06 2.02544e+06 1.22799e+06 596678 382532 303456 267366 248529 238138 232303 229015 227164 226124 225542 225216 225031 224931 224876 224845 224829 224820 224815 224812 224810 224809 224809 224809 224809 224808 224808 224808 224808 224808 224808 224808 224808 224808 224808 224808 224808 224808 224808 224808 224808 224808 224808 224808 224808 224808 224808 224808 224808 224808 224808 224808 224808 224808 224808 224808 224808 224808 224808 224808 224808 224808 224808 224808 224808 224808 224808 224808 224808 224808 224808 224808 224808 224808 224808 224808 224808 224808 224808 224808 224808 224808 224808 224808 224808 224808 224808 224808 224808 224808 224808 224808 224808 224808 224808 224808 224808 0 0 0 0 0 0 0 0 0 0 0 0 0 0 0 0 0 0 0 0 0 0 0 0 0
#obs cpue bio
 2094.94 3283.58 5915.94 12332 30162.2 20841.5 19102 33462.1 47262.3 58962.3 76362.6 97268.4 216958 154650 113831 80964.9 200624 101018 89934.7 127019 124355 118085 170733 189032 163256 182926 112404 118107
#pred surv len freq
 1.63533e-11 1.77499e-09 1.13599e-07 4.28688e-06 9.53883e-05 0.00125153 0.00968291 0.0441884 0.119119 0.191073 0.189 0.133485 0.0932491 0.0711582 0.0485531 0.0305312 0.0198624 0.0133302 0.00929167 0.00685066 0.00542472 0.00466188 0.00410951 0.00320027 0.00187739
 1.8103e-11 1.9649e-09 1.25753e-07 4.74554e-06 0.000105594 0.00138543 0.0107187 0.0489116 0.1318 0.211 0.206749 0.140712 0.0909629 0.0647713 0.0411982 0.0229115 0.0124759 0.00665672 0.00356575 0.00206333 0.00133368 0.000975151 0.000775949 0.000580798 0.000340846
 1.87914e-11 2.03962e-09 1.30536e-07 4.92601e-06 0.00010961 0.00143812 0.0111263 0.0507701 0.136791 0.218851 0.213777 0.143663 0.0901186 0.0618859 0.0372177 0.0185315 0.00870045 0.00392463 0.00166265 0.000702538 0.000321521 0.000173394 0.00011202 7.55418e-05 4.2725e-05
 1.84877e-11 2.00666e-09 1.28426e-07 4.84641e-06 0.000107838 0.00141488 0.0109466 0.0499518 0.134609 0.215548 0.21144 0.144485 0.0938652 0.0659127 0.039352 0.0188658 0.00827191 0.00337523 0.00122177 0.000408896 0.000134401 4.70601e-05 2.00649e-05 1.04891e-05 5.32435e-06
 1.87385e-11 2.03388e-09 1.30168e-07 4.91214e-06 0.000109301 0.00143407 0.011095 0.050628 0.136418 0.218333 0.213646 0.144574 0.0919978 0.0636082 0.0377698 0.0180297 0.00780909 0.00308429 0.00104048 0.000307132 8.24629e-05 2.07193e-05 5.34561e-06 1.6672e-06 6.26186e-07
 1.51514e-11 1.64453e-09 1.0525e-07 3.97181e-06 8.83778e-05 0.00115956 0.00897186 0.0409551 0.110562 0.178628 0.18274 0.145111 0.121682 0.0993374 0.0615626 0.0293883 0.0125987 0.00493688 0.00164999 0.000473958 0.00011868 2.57112e-05 4.92869e-06 9.08481e-07 1.88689e-07
 1.46482e-11 1.58992e-09 1.01755e-07 3.83991e-06 8.54429e-05 0.00112106 0.00867392 0.0395952 0.106893 0.172719 0.17679 0.140742 0.119073 0.0998603 0.0667972 0.0372444 0.0188158 0.00795604 0.00266199 0.000742677 0.000179865 3.72361e-05 6.47789e-06 9.48425e-07 1.2243e-07
 1.86522e-11 2.02452e-09 1.29569e-07 4.88952e-06 0.000108798 0.00142746 0.0110438 0.0503937 0.135773 0.21719 0.212009 0.14212 0.0889061 0.0617804 0.0390089 0.0214445 0.0110516 0.00502906 0.00190977 0.000604872 0.000156151 3.233e-05 5.43235e-06 7.43111e-07 8.19649e-08
 1.87419e-11 2.03425e-09 1.30192e-07 4.91304e-06 0.000109321 0.00143433 0.011097 0.0506379 0.136451 0.218438 0.213992 0.145443 0.0932796 0.0643862 0.0372426 0.0166722 0.00672412 0.00266164 0.000981835 0.000325425 9.2731e-05 2.15291e-05 3.92157e-06 5.48826e-07 5.86939e-08
 1.78829e-11 1.94102e-09 1.24225e-07 4.68786e-06 0.000104311 0.0013686 0.0105886 0.0483216 0.13026 0.208939 0.206637 0.145703 0.100622 0.0732212 0.0431772 0.0194698 0.00768908 0.0027595 0.000838686 0.000223338 5.61544e-05 1.30008e-05 2.54753e-06 3.92228e-07 4.51957e-08
 1.73441e-11 1.88253e-09 1.20482e-07 4.54661e-06 0.000101168 0.00132736 0.0102697 0.046868 0.126368 0.202905 0.201663 0.144871 0.103691 0.0776714 0.047153 0.0224799 0.00956242 0.00360579 0.0011053 0.000278782 6.05327e-05 1.15021e-05 1.94727e-06 2.88664e-07 3.47661e-08
 1.81606e-11 1.97116e-09 1.26154e-07 4.76066e-06 0.00010593 0.00138985 0.010753 0.0490701 0.132257 0.211972 0.208833 0.145121 0.0974933 0.0698843 0.0415202 0.0193197 0.008015 0.0030088 0.000941645 0.000245234 5.39098e-05 9.79296e-06 1.46179e-06 1.82157e-07 1.90816e-08
 1.80365e-11 1.95769e-09 1.25292e-07 4.72813e-06 0.000105207 0.00138035 0.0106795 0.0487356 0.131365 0.210614 0.207839 0.145346 0.0988367 0.071335 0.0422663 0.01943 0.00791886 0.00293187 0.0009104 0.000237219 5.29387e-05 9.86202e-06 1.48924e-06 1.78768e-07 1.68569e-08
 1.67652e-11 1.8197e-09 1.16461e-07 4.39486e-06 9.77912e-05 0.00128306 0.00992708 0.0453079 0.122207 0.196595 0.197137 0.146228 0.110421 0.0847327 0.0504736 0.0225413 0.00874417 0.00309181 0.000919711 0.000228825 4.91952e-05 9.00432e-06 1.36203e-06 1.65513e-07 1.56389e-08
 1.6237e-11 1.76237e-09 1.12791e-07 4.25639e-06 9.471e-05 0.00124264 0.00961442 0.0438832 0.118396 0.190721 0.192457 0.145957 0.114268 0.0896846 0.0542165 0.024788 0.00988078 0.00350127 0.00100314 0.000232401 4.6105e-05 7.87838e-06 1.13195e-06 1.33475e-07 1.2496e-08
 1.72468e-11 1.87197e-09 1.19806e-07 4.52111e-06 0.0001006 0.00131992 0.0102121 0.0466056 0.125665 0.201818 0.200774 0.144747 0.10429 0.0785237 0.0479054 0.0230279 0.00986593 0.00370228 0.00110833 0.000266527 5.33663e-05 8.79766e-06 1.18096e-06 1.29473e-07 1.14367e-08
 1.69374e-11 1.83839e-09 1.17656e-07 4.43999e-06 9.87953e-05 0.00129624 0.010029 0.0457716 0.123441 0.19844 0.198331 0.145405 0.107772 0.0821776 0.0496042 0.0230629 0.00952193 0.00356589 0.0011156 0.000289194 6.24079e-05 1.08632e-05 1.49492e-06 1.61583e-07 1.3582e-08
 1.70282e-11 1.84824e-09 1.18287e-07 4.4638e-06 9.93251e-05 0.00130319 0.0100827 0.0460173 0.124106 0.199535 0.199542 0.146575 0.108836 0.0825171 0.0485923 0.021189 0.00790855 0.00269072 0.000770549 0.000183734 3.80675e-05 6.76151e-06 9.82645e-07 1.12082e-07 9.71683e-09
 1.80836e-11 1.9628e-09 1.25619e-07 4.74046e-06 0.000105481 0.00138395 0.0107074 0.0488632 0.131714 0.211217 0.208632 0.146408 0.100091 0.0720069 0.0416178 0.0178803 0.00651149 0.0021335 0.000573343 0.000123218 2.24955e-05 3.57428e-06 4.84729e-07 5.45345e-08 4.86976e-09
 1.77351e-11 1.92498e-09 1.23198e-07 4.64912e-06 0.000103449 0.00135729 0.0105012 0.0479236 0.129201 0.207355 0.205606 0.146394 0.102873 0.0754124 0.0439626 0.0190831 0.00706157 0.00235171 0.000641497 0.000139297 2.50629e-05 3.74574e-06 4.58119e-07 4.60711e-08 3.78859e-09
 1.79434e-11 1.94758e-09 1.24645e-07 4.70371e-06 0.000104663 0.00137322 0.0106244 0.0484851 0.130703 0.209664 0.207419 0.146416 0.101231 0.0733884 0.0425501 0.0183404 0.00671682 0.00221827 0.000602519 0.00013067 2.35641e-05 3.53008e-06 4.26694e-07 4.10098e-08 3.10184e-09
 1.83415e-11 1.99079e-09 1.2741e-07 4.80807e-06 0.000106985 0.00140369 0.0108601 0.0495588 0.133574 0.214077 0.210883 0.146448 0.098075 0.0695094 0.0398576 0.0169391 0.00607159 0.00196718 0.000527023 0.000112769 2.008e-05 2.98452e-06 3.59762e-07 3.45104e-08 2.58047e-09
 1.78641e-11 1.93898e-09 1.24094e-07 4.68294e-06 0.000104201 0.00136716 0.0105775 0.048272 0.130138 0.20884 0.206989 0.147123 0.102946 0.0748803 0.0427808 0.0176131 0.00595378 0.00182475 0.000470021 9.68591e-05 1.66002e-05 2.39315e-06 2.82315e-07 2.66913e-08 1.97904e-09
 1.81886e-11 1.9742e-09 1.26349e-07 4.768e-06 0.000106094 0.00139199 0.0107696 0.0491471 0.132478 0.212439 0.209819 0.147168 0.100403 0.0717452 0.0405937 0.0164582 0.00540282 0.00159395 0.000391019 7.48147e-05 1.16911e-05 1.55328e-06 1.72322e-07 1.55609e-08 1.11675e-09
 1.81651e-11 1.97164e-09 1.26185e-07 4.76182e-06 0.000105956 0.00139019 0.0107556 0.049083 0.132301 0.212119 0.209336 0.146403 0.0994303 0.0712164 0.0411035 0.0176392 0.00639329 0.00206177 0.000532239 0.000105213 1.67166e-05 2.18153e-06 2.2876e-07 1.91556e-08 1.281e-09
 1.8014e-11 1.95524e-09 1.25135e-07 4.72222e-06 0.000105075 0.00137863 0.0106662 0.048676 0.131218 0.210494 0.208258 0.14704 0.101613 0.0733236 0.0418055 0.0172174 0.00583028 0.00179203 0.00046313 9.53757e-05 1.60492e-05 2.19573e-06 2.36189e-07 1.97329e-08 1.27404e-09
 1.79359e-11 1.94677e-09 1.24593e-07 4.70176e-06 0.00010462 0.00137266 0.0106201 0.048466 0.130661 0.209678 0.207816 0.147686 0.103227 0.0747459 0.0420602 0.0165761 0.00513926 0.00142885 0.000337756 6.29371e-05 9.59157e-06 1.24731e-06 1.35104e-07 1.1683e-08 7.78066e-10
 1.79407e-11 1.94729e-09 1.24626e-07 4.70301e-06 0.000104648 0.00137302 0.0106229 0.0484788 0.130695 0.209724 0.207825 0.147596 0.103054 0.0746173 0.0420848 0.016703 0.00524288 0.00146534 0.000339677 5.97841e-05 8.25769e-06 9.52714e-07 9.20328e-08 7.30479e-09 4.68529e-10
#obs surv len freq
 1.28582e-11 1.39564e-09 8.9321e-08 3.3707e-06 7.50026e-05 0.000984086 0.00761458 0.0347687 0.0939776 0.152691 0.159863 0.135768 0.124874 0.111905 0.0819567 0.0507816 0.027243 0.0119408 0.00414418 0.00113147 0.00023742 3.70138e-05 4.15157e-06 3.25034e-07 1.72744e-08
 1.8358e-11 1.99259e-09 1.27525e-07 4.81241e-06 0.000107082 0.00140496 0.0108699 0.0496028 0.13367 0.21398 0.20927 0.14061 0.0879404 0.0623833 0.0425753 0.0257473 0.0135092 0.00576331 0.00193536 0.000507423 0.000101426 1.49436e-05 1.57231e-06 1.14747e-07 5.65637e-09
 1.55962e-11 1.69282e-09 1.0834e-07 4.08842e-06 9.09729e-05 0.00119363 0.00923578 0.0421667 0.113897 0.184336 0.189144 0.149254 0.120531 0.0936824 0.0558062 0.0254176 0.010092 0.00366253 0.0011391 0.000284015 5.40218e-05 7.53048e-06 7.44736e-07 5.07809e-08 2.32693e-09
 1.80889e-11 1.96338e-09 1.25656e-07 4.74188e-06 0.000105513 0.00138438 0.010711 0.0488851 0.131819 0.211581 0.209132 0.145285 0.0954639 0.0674443 0.0424695 0.0221412 0.00948451 0.0031356 0.000776093 0.000149979 2.35162e-05 2.90295e-06 2.64001e-07 1.67354e-08 7.13016e-10
 1.66151e-11 1.80342e-09 1.15418e-07 4.35554e-06 9.69166e-05 0.00127161 0.00983922 0.0449206 0.121305 0.195968 0.198971 0.150553 0.112546 0.0826605 0.0482067 0.0218124 0.00832813 0.00268485 0.000682113 0.000130053 1.81596e-05 1.84011e-06 1.3549e-07 7.19859e-09 2.68417e-10
 7.24877e-12 7.86786e-10 5.03543e-08 1.90023e-06 4.22844e-05 0.000554898 0.00429704 0.0196903 0.0540606 0.0937605 0.122285 0.156196 0.188321 0.170089 0.108598 0.0529812 0.0209157 0.00643622 0.00147893 0.000254853 3.31494e-05 3.17125e-06 2.14471e-07 9.96121e-09 3.12852e-10
 1.59915e-11 1.73573e-09 1.11086e-07 4.19206e-06 9.32789e-05 0.00122388 0.0094695 0.0432242 0.116606 0.187428 0.186051 0.131182 0.0921317 0.0793683 0.0688392 0.048596 0.024679 0.00860938 0.00208557 0.000359931 4.45877e-05 3.92086e-06 2.411e-07 1.02096e-08 2.92135e-10
 1.80132e-11 1.95517e-09 1.2513e-07 4.72204e-06 0.000105072 0.00137862 0.0106672 0.0486994 0.131463 0.211843 0.212003 0.151132 0.0998075 0.0658439 0.0368989 0.0176456 0.00802244 0.00324727 0.000995853 0.000209964 2.93664e-05 2.70548e-06 1.64538e-07 6.61127e-09 1.74786e-10
 1.59693e-11 1.73332e-09 1.10932e-07 4.18626e-06 9.31507e-05 0.00122224 0.00945856 0.0432062 0.116916 0.190274 0.197683 0.15677 0.120511 0.0860732 0.0478112 0.0203342 0.00704052 0.00201787 0.000477246 9.23029e-05 1.36698e-05 1.41358e-06 9.58119e-08 4.13235e-09 1.12161e-10
 1.46663e-11 1.59189e-09 1.01881e-07 3.84469e-06 8.55509e-05 0.00112256 0.00868801 0.039703 0.107612 0.176231 0.187062 0.156332 0.128291 0.0967233 0.0577414 0.0270274 0.0099647 0.00276122 0.000557259 8.31857e-05 9.44335e-06 8.13621e-07 5.10644e-08 2.20264e-09 6.20587e-11
 1.42051e-11 1.54183e-09 9.8677e-08 3.72379e-06 8.28611e-05 0.00108728 0.00841566 0.0384689 0.104369 0.171481 0.183745 0.156321 0.130278 0.0994518 0.0609346 0.0297369 0.0114795 0.00332966 0.000697683 0.000103998 1.09048e-05 7.96005e-07 4.02881e-08 1.41095e-09 3.38232e-11
 1.67336e-11 1.81628e-09 1.16242e-07 4.38663e-06 9.76097e-05 0.00128077 0.00991179 0.0452789 0.122505 0.198949 0.203985 0.153914 0.109068 0.0758666 0.0453005 0.0220983 0.0085843 0.00252249 0.000540325 8.2644e-05 8.8227e-06 6.41092e-07 3.10761e-08 9.91553e-10 2.06489e-11
 1.5255e-11 1.65579e-09 1.05971e-07 3.99904e-06 8.89865e-05 0.00116769 0.00903869 0.0413257 0.112172 0.184353 0.196598 0.162585 0.126624 0.0880381 0.0479486 0.0204913 0.00712255 0.00196478 0.000409216 6.19122e-05 6.58468e-06 4.77613e-07 2.30436e-08 7.25228e-10 1.46605e-11
 1.28531e-11 1.39508e-09 8.92855e-08 3.36941e-06 7.49779e-05 0.00098396 0.0076192 0.0348817 0.0951447 0.159103 0.179017 0.165593 0.145052 0.1087 0.0629331 0.0281671 0.00970751 0.00248622 0.000463776 6.29947e-05 6.16953e-06 4.23321e-07 1.96644e-08 6.00877e-10 1.18204e-11
 1.22159e-11 1.32592e-09 8.48591e-08 3.20238e-06 7.1262e-05 0.000935236 0.00724295 0.0331747 0.0906197 0.152164 0.172898 0.162534 0.14552 0.113616 0.070537 0.0341669 0.0125016 0.00330741 0.000618411 8.10314e-05 7.36694e-06 4.5842e-07 1.92478e-08 5.37067e-10 9.78963e-12
 1.36833e-11 1.4852e-09 9.50528e-08 3.58706e-06 7.98218e-05 0.00104754 0.00811167 0.0371322 0.10118 0.168228 0.184841 0.161213 0.132973 0.0994039 0.0610393 0.0298161 0.0111757 0.00306819 0.000597272 8.05566e-05 7.36668e-06 4.48247e-07 1.78938e-08 4.63629e-10 7.72523e-12
 1.35588e-11 1.47168e-09 9.41879e-08 3.55444e-06 7.90976e-05 0.00103811 0.00804045 0.0368333 0.100599 0.168403 0.188061 0.167526 0.137639 0.0983184 0.0560959 0.0254002 0.00901784 0.00240986 0.000466182 6.32407e-05 5.83976e-06 3.57564e-07 1.42216e-08 3.61839e-10 5.8216e-12
 1.39716e-11 1.51649e-09 9.70557e-08 3.66268e-06 8.1507e-05 0.00106976 0.00828604 0.0379623 0.103682 0.173361 0.1923 0.167963 0.134391 0.0943352 0.0530811 0.0233207 0.00782365 0.00194152 0.000348729 4.45127e-05 3.93508e-06 2.33879e-07 9.10087e-09 2.27088e-10 3.57694e-12
 1.4156e-11 1.53651e-09 9.83373e-08 3.71107e-06 8.25851e-05 0.00108397 0.00839735 0.038488 0.105227 0.176317 0.196016 0.170433 0.13373 0.0910842 0.049501 0.0209569 0.00676534 0.00160674 0.000272899 3.24945e-05 2.65912e-06 1.46423e-07 5.31565e-09 1.24865e-10 1.86659e-12
 1.41542e-11 1.53631e-09 9.83249e-08 3.71063e-06 8.25773e-05 0.00108394 0.00839882 0.0385161 0.105456 0.177286 0.198167 0.172718 0.134242 0.0896429 0.0474383 0.0193834 0.00598558 0.0013515 0.000217265 2.43679e-05 1.8668e-06 9.55761e-08 3.20743e-09 6.94283e-11 9.56429e-13
 1.43502e-11 1.55759e-09 9.96871e-08 3.76207e-06 8.37239e-05 0.00109906 0.00851733 0.0390752 0.107078 0.180248 0.201429 0.174127 0.13274 0.0866039 0.044708 0.0177099 0.00525486 0.00113061 0.000171904 1.81187e-05 1.29799e-06 6.19113e-08 1.9294e-09 3.86619e-11 4.91552e-13
 1.4788e-11 1.60511e-09 1.02729e-07 3.87688e-06 8.62807e-05 0.00113267 0.00877886 0.0402838 0.110416 0.185734 0.206378 0.175065 0.129193 0.0814037 0.0405949 0.0154804 0.00440163 0.000903465 0.000130343 1.29532e-05 8.69578e-07 3.86714e-08 1.1193e-09 2.07718e-11 2.44072e-13
 1.45485e-11 1.57912e-09 1.01066e-07 3.81418e-06 8.48894e-05 0.00111456 0.00864177 0.0396955 0.109096 0.184691 0.207751 0.178579 0.131567 0.0810313 0.0389136 0.0141565 0.003821 0.000742584 0.000101161 9.46015e-06 5.95423e-07 2.4736e-08 6.66521e-10 1.14792e-11 1.24844e-13
 1.45116e-11 1.57511e-09 1.0081e-07 3.80459e-06 8.46796e-05 0.00111194 0.00862391 0.0396417 0.109122 0.1853 0.209242 0.179892 0.131512 0.0800177 0.0378265 0.013412 0.0034779 0.000641106 8.21103e-05 7.18038e-06 4.21331e-07 1.6288e-08 4.07783e-10 6.51546e-12 6.56384e-14
 1.44187e-11 1.56504e-09 1.00166e-07 3.78038e-06 8.41457e-05 0.00110509 0.00857417 0.0394505 0.108833 0.185622 0.210956 0.181926 0.131913 0.0788157 0.0363949 0.012546 0.0031459 0.000557219 6.80272e-05 5.61863e-06 3.08743e-07 1.11053e-08 2.57623e-10 3.80518e-12 3.53936e-14
 1.31835e-11 1.43097e-09 9.15872e-08 3.4568e-06 7.69551e-05 0.00101108 0.00785361 0.0362443 0.100775 0.175178 0.206918 0.188248 0.142005 0.0856596 0.0390882 0.0131428 0.0031853 0.000541794 6.31836e-05 4.95889e-06 2.57492e-07 8.70223e-09 1.88642e-10 2.59097e-12 2.23209e-14
 1.3297e-11 1.4433e-09 9.23774e-08 3.4867e-06 7.76251e-05 0.00102 0.00792468 0.0365849 0.101743 0.17665 0.207507 0.186814 0.140085 0.0851265 0.0393808 0.0133079 0.00318567 0.000526434 5.89288e-05 4.40227e-06 2.16274e-07 6.88379e-09 1.40008e-10 1.79822e-12 1.44415e-14
 1.34733e-11 1.46245e-09 9.36043e-08 3.53315e-06 7.86666e-05 0.00103391 0.00803671 0.0371402 0.103481 0.180105 0.211528 0.188423 0.137747 0.0809596 0.0362485 0.0119187 0.00279166 0.000452033 4.93577e-05 3.5648e-06 1.67602e-07 5.05968e-09 9.69375e-11 1.16705e-12 8.75498e-15
#pred catch len freq
 1.02119e-11 1.1084e-09 7.09376e-08 2.67697e-06 5.95661e-05 0.000781552 0.00604757 0.0276178 0.0747151 0.121996 0.130849 0.119789 0.12061 0.112277 0.0842334 0.0578649 0.0401817 0.0278017 0.0196288 0.0145445 0.0115356 0.00991763 0.0087433 0.00680892 0.00399436
 1.29068e-11 1.40091e-09 8.96583e-08 3.38343e-06 7.52857e-05 0.000987795 0.00764309 0.0348954 0.0942843 0.152988 0.159612 0.134914 0.123606 0.108398 0.0753258 0.0452052 0.0262284 0.0144615 0.00786497 0.00458273 0.00296937 0.00217252 0.00172895 0.00129415 0.000759484
 1.40669e-11 1.52682e-09 9.77165e-08 3.68752e-06 8.2052e-05 0.00107657 0.00832986 0.038028 0.102708 0.166334 0.172015 0.141447 0.124669 0.105586 0.0689584 0.036745 0.0184276 0.0086344 0.00372236 0.00158663 0.000728934 0.00039361 0.000254365 0.000171542 9.70217e-05
 1.39035e-11 1.50909e-09 9.65818e-08 3.6447e-06 8.10993e-05 0.00106407 0.00823324 0.0375888 0.101548 0.164665 0.171269 0.143311 0.128938 0.109574 0.070304 0.0357544 0.0166641 0.00705621 0.00259845 0.000877643 0.000289844 0.000101686 4.33831e-05 2.26819e-05 1.15138e-05
 1.42098e-11 1.54233e-09 9.87091e-08 3.72498e-06 8.28856e-05 0.00108751 0.0084145 0.0384148 0.103758 0.168075 0.174005 0.143537 0.12685 0.106939 0.0684473 0.0346945 0.0159795 0.00655013 0.00224787 0.000669836 0.00018081 4.55435e-05 1.17624e-05 3.66979e-06 1.37845e-06
 1.02579e-11 1.1134e-09 7.12575e-08 2.68904e-06 5.9835e-05 0.000785093 0.00607553 0.0277583 0.0752712 0.124321 0.139897 0.143965 0.159304 0.146136 0.0947299 0.0474428 0.0214696 0.00870098 0.00295308 0.000855244 0.000215135 4.67102e-05 8.96286e-06 1.65279e-06 3.43334e-07
 9.78373e-12 1.06193e-09 6.79634e-08 2.56473e-06 5.70689e-05 0.000748799 0.00579464 0.0264744 0.0717828 0.118504 0.133114 0.13661 0.15191 0.143356 0.101042 0.0594075 0.0313708 0.0135613 0.00458532 0.00128818 0.000313367 6.50176e-05 1.1322e-05 1.65835e-06 2.14111e-07
 1.44436e-11 1.56771e-09 1.00333e-07 3.78627e-06 8.42493e-05 0.0011054 0.00855276 0.0390422 0.105401 0.170316 0.174373 0.138954 0.117895 0.0996276 0.0680658 0.0396933 0.0214413 0.00999114 0.0038358 0.00122229 0.000316569 6.56489e-05 1.104e-05 1.51082e-06 1.66675e-07
 1.47102e-11 1.59665e-09 1.02186e-07 3.85617e-06 8.58048e-05 0.00112581 0.00871078 0.0397658 0.107385 0.173771 0.179059 0.1455 0.125786 0.103887 0.0640074 0.030011 0.0127794 0.00525268 0.00197075 0.000658109 0.000188168 4.37496e-05 7.97411e-06 1.1163e-06 1.19399e-07
 1.35136e-11 1.46677e-09 9.38732e-08 3.54248e-06 7.88249e-05 0.00103423 0.00800253 0.036539 0.09876 0.16053 0.168771 0.145753 0.135868 0.116172 0.0724949 0.0342183 0.0142509 0.0053017 0.00163864 0.00044042 0.000111356 2.58462e-05 5.06918e-06 7.80719e-07 8.99718e-08
 1.31853e-11 1.43113e-09 9.15924e-08 3.45642e-06 7.69098e-05 0.00100911 0.00780815 0.0356525 0.0963785 0.156776 0.165373 0.144233 0.136194 0.11786 0.075351 0.0374903 0.0166787 0.00646326 0.00200569 0.000509361 0.000111084 2.11574e-05 3.58575e-06 5.31793e-07 6.40586e-08
 1.40025e-11 1.51983e-09 9.72692e-08 3.67064e-06 8.16765e-05 0.00107165 0.00829186 0.0378567 0.102275 0.165872 0.172651 0.144763 0.130415 0.11033 0.0695543 0.0338974 0.0147838 0.00572855 0.00181882 0.000477319 0.000105406 1.91921e-05 2.86797e-06 3.57575e-07 3.74666e-08
 1.41745e-11 1.5385e-09 9.84639e-08 3.71572e-06 8.26797e-05 0.00108481 0.00839366 0.0383208 0.10352 0.167815 0.174323 0.145261 0.129791 0.109155 0.0682095 0.0326301 0.0138943 0.00529313 0.00166509 0.000436819 9.78712e-05 1.8269e-05 2.76125e-06 3.31596e-07 3.12739e-08
 1.29333e-11 1.40378e-09 8.98418e-08 3.39035e-06 7.54399e-05 0.000989825 0.00765906 0.0349746 0.0945838 0.154163 0.164038 0.146573 0.141792 0.12271 0.0760686 0.0350668 0.0141342 0.0051338 0.00154617 0.000387115 8.35378e-05 1.53194e-05 2.31926e-06 2.81941e-07 2.66442e-08
 1.21022e-11 1.31358e-09 8.40691e-08 3.17251e-06 7.05926e-05 0.00092623 0.00716718 0.0327331 0.0885867 0.144908 0.15661 0.145963 0.147567 0.130321 0.0820448 0.0388678 0.0161499 0.00588256 0.00170652 0.000398009 7.93131e-05 1.35869e-05 1.95438e-06 2.30567e-07 2.15904e-08
 1.31318e-11 1.42533e-09 9.12209e-08 3.4424e-06 7.65979e-05 0.00100502 0.00777649 0.0355082 0.095991 0.156168 0.164835 0.14403 0.136324 0.11822 0.0758803 0.0380359 0.017015 0.00655216 0.00198418 0.000480257 9.65751e-05 1.59588e-05 2.14474e-06 2.35271e-07 2.07876e-08
 1.33968e-11 1.45409e-09 9.30616e-08 3.51186e-06 7.81434e-05 0.00102529 0.00793336 0.0362236 0.0979135 0.159202 0.167599 0.145312 0.136127 0.116831 0.0733865 0.0351795 0.0150222 0.00574939 0.00181636 0.000473199 0.000102408 1.78519e-05 2.45839e-06 2.65817e-07 2.23474e-08
 1.36163e-11 1.47792e-09 9.45866e-08 3.56941e-06 7.9424e-05 0.00104209 0.00806336 0.0368169 0.0995142 0.16178 0.170192 0.147213 0.137275 0.116677 0.0712624 0.0318947 0.0122927 0.004283 0.00124026 0.00029737 6.18165e-05 1.09987e-05 1.59964e-06 1.82517e-07 1.58253e-08
 1.44882e-11 1.57255e-09 1.00643e-07 3.79797e-06 8.45097e-05 0.00110882 0.00857941 0.0391682 0.1058 0.171438 0.17774 0.147183 0.130221 0.108128 0.0655031 0.0290522 0.0110004 0.00371152 0.00101119 0.000218811 4.01299e-05 6.39343e-06 8.68156e-07 9.77251e-08 8.72852e-09
 1.42211e-11 1.54357e-09 9.87882e-08 3.72796e-06 8.2952e-05 0.00108838 0.00842134 0.0384479 0.103874 0.168471 0.175384 0.147071 0.132198 0.110631 0.0673355 0.0301109 0.0115512 0.00395048 0.00109096 0.000238346 4.30534e-05 6.44943e-06 7.897e-07 7.94614e-08 6.53614e-09
 1.45186e-11 1.57585e-09 1.00854e-07 3.80593e-06 8.46869e-05 0.00111114 0.00859739 0.0392501 0.106019 0.171773 0.177993 0.147154 0.12993 0.107792 0.0652954 0.0289771 0.0109946 0.00372862 0.00102536 0.000223732 4.05039e-05 6.08163e-06 7.35928e-07 7.07679e-08 5.35402e-09
 1.51797e-11 1.64761e-09 1.05447e-07 3.97923e-06 8.8543e-05 0.00116173 0.00898868 0.0410329 0.110786 0.179107 0.183771 0.147282 0.124803 0.101425 0.0607916 0.0265447 0.0098308 0.00326671 0.000885703 0.000190614 3.4066e-05 5.0742e-06 6.123e-07 5.87644e-08 4.39508e-09
 1.48782e-11 1.61488e-09 1.03352e-07 3.90019e-06 8.67843e-05 0.00113866 0.00881025 0.0402205 0.108621 0.175838 0.181497 0.148217 0.128655 0.105331 0.0624185 0.0262503 0.00911978 0.0028614 0.000745674 0.000154496 2.65661e-05 3.83746e-06 4.53136e-07 4.28608e-08 3.17861e-09
 1.47069e-11 1.5963e-09 1.02163e-07 3.85531e-06 8.57855e-05 0.00112556 0.00870891 0.0397589 0.10739 0.173964 0.180123 0.148522 0.130502 0.107337 0.0634733 0.0264321 0.00899507 0.00274009 0.000683144 0.000131684 2.06774e-05 2.75599e-06 3.0626e-07 2.76766e-08 1.98694e-09
 1.50028e-11 1.62841e-09 1.04218e-07 3.93287e-06 8.75115e-05 0.0011482 0.00888401 0.040556 0.10951 0.177139 0.182195 0.147165 0.126055 0.103077 0.0620971 0.0273704 0.0102404 0.00338206 0.00088272 0.000175421 2.79733e-05 3.65935e-06 3.8422e-07 3.21938e-08 2.1536e-09
 1.52765e-11 1.65812e-09 1.0612e-07 4.00462e-06 8.9108e-05 0.00116915 0.00904603 0.0412947 0.111492 0.18024 0.184894 0.148059 0.125206 0.101254 0.0598001 0.0251121 0.00871382 0.00273474 0.000714092 0.000147757 2.49343e-05 3.41706e-06 3.67877e-07 3.07481e-08 1.98569e-09
 1.51617e-11 1.64566e-09 1.05322e-07 3.97453e-06 8.84383e-05 0.00116036 0.00897811 0.0409858 0.110673 0.179044 0.184256 0.149045 0.127635 0.103383 0.0601613 0.0241203 0.00765291 0.00217705 0.000521065 9.76352e-05 1.49292e-05 1.94565e-06 2.10983e-07 1.82539e-08 1.21594e-09
 1.54377e-11 1.67562e-09 1.07239e-07 4.04687e-06 9.00482e-05 0.00118148 0.00914145 0.0417298 0.112661 0.182083 0.186559 0.148797 0.125037 0.100433 0.0584352 0.0235527 0.00754181 0.00214866 0.000503151 8.89487e-05 1.23199e-05 1.42426e-06 1.37746e-07 1.09393e-08 7.0183e-10
#obs catch len freq
 1.0904e-11 1.18352e-09 7.57455e-08 2.8584e-06 6.36035e-05 0.000834535 0.00645786 0.0294978 0.0798741 0.130906 0.142221 0.133679 0.137278 0.12892 0.0960499 0.0602507 0.0326666 0.0144605 0.00507745 0.001406 0.000299845 4.75808e-05 5.43564e-06 4.33364e-07 2.34366e-08
 1.11622e-11 1.21155e-09 7.75391e-08 2.92609e-06 6.51097e-05 0.0008543 0.00661091 0.0301985 0.0817843 0.134074 0.145541 0.135737 0.137156 0.126949 0.0934769 0.057771 0.0306462 0.0131925 0.00447382 0.00118616 0.000240076 3.58664e-05 3.83098e-06 2.84001e-07 1.42213e-08
 1.71846e-11 1.86522e-09 1.19374e-07 4.50481e-06 0.000100238 0.00131517 0.0101755 0.046441 0.125236 0.201107 0.199384 0.140646 0.0965298 0.0728559 0.050501 0.0304745 0.0157881 0.00660505 0.00216382 0.000550025 0.000105877 1.49263e-05 1.49364e-06 1.03104e-07 4.78454e-09
 1.43833e-11 1.56117e-09 9.99149e-08 3.77049e-06 8.38986e-05 0.00110082 0.00851827 0.0389025 0.105222 0.171308 0.179945 0.151356 0.13147 0.104802 0.0623774 0.0282625 0.011123 0.0039688 0.00120384 0.000290603 5.31486e-05 7.07872e-06 6.64942e-07 4.28385e-08 1.84629e-09
 1.71938e-11 1.86623e-09 1.19439e-07 4.50724e-06 0.000100292 0.00131589 0.0101815 0.046476 0.125415 0.201939 0.202191 0.146418 0.103023 0.0756008 0.0478327 0.024738 0.0104137 0.00336224 0.000810551 0.000151978 2.29496e-05 2.70578e-06 2.3344e-07 1.3965e-08 5.59074e-10
 1.57537e-11 1.70992e-09 1.09435e-07 4.12973e-06 9.18925e-05 0.00120571 0.0093298 0.0426051 0.115171 0.186859 0.192847 0.152602 0.120514 0.0902663 0.0524835 0.0235415 0.00885636 0.00278978 0.000687953 0.000126614 1.698e-05 1.64431e-06 1.15026e-07 5.76865e-09 2.01917e-10
 6.57459e-12 7.1361e-10 4.56711e-08 1.72351e-06 3.83525e-05 0.000503332 0.0038988 0.017886 0.0493372 0.0870503 0.118698 0.159462 0.195212 0.175261 0.110787 0.0533718 0.0206593 0.0061924 0.0013804 0.000229683 2.86623e-05 2.61433e-06 1.67727e-07 7.35738e-09 2.17272e-10
 1.5333e-11 1.66425e-09 1.06512e-07 4.01944e-06 8.94382e-05 0.00117349 0.00908002 0.0414528 0.111897 0.18031 0.180704 0.131265 0.0968971 0.085718 0.0740125 0.0511809 0.025281 0.00855355 0.002004 0.000333012 3.95112e-05 3.3108e-06 1.93041e-07 7.71404e-09 2.07417e-10
 1.75613e-11 1.90611e-09 1.21991e-07 4.60357e-06 0.000102436 0.00134405 0.0104002 0.0474885 0.128281 0.207249 0.209276 0.152778 0.104039 0.0693343 0.0386906 0.0183788 0.00822749 0.00323269 0.000953312 0.000192317 2.56505e-05 2.24618e-06 1.29367e-07 4.90339e-09 1.21823e-10
 1.55207e-11 1.68463e-09 1.07816e-07 4.06867e-06 9.05346e-05 0.00118794 0.00919375 0.0420081 0.113792 0.185886 0.195448 0.15905 0.125017 0.0892827 0.0490411 0.0205441 0.00696802 0.00194577 0.000446011 8.28712e-05 1.16808e-05 1.14283e-06 7.30495e-08 2.96426e-09 7.55287e-11
 1.42894e-11 1.55098e-09 9.92629e-08 3.7459e-06 8.33531e-05 0.00109374 0.00846576 0.0386999 0.105017 0.172684 0.185522 0.15863 0.132198 0.0992958 0.0585482 0.0269108 0.00966676 0.00259465 0.000505445 7.25267e-05 7.86463e-06 6.42411e-07 3.79697e-08 1.53537e-09 4.04483e-11
 1.39014e-11 1.50887e-09 9.65674e-08 3.64418e-06 8.10903e-05 0.00106408 0.00823682 0.0376645 0.102311 0.168771 0.182869 0.158602 0.133576 0.101361 0.0612909 0.0293378 0.0110194 0.00309038 0.000623099 8.89323e-05 8.88475e-06 6.15067e-07 2.9379e-08 9.65854e-10 2.16271e-11
 1.65327e-11 1.79447e-09 1.14846e-07 4.33395e-06 9.6438e-05 0.00126542 0.00979361 0.0447489 0.121162 0.197239 0.203597 0.155633 0.111307 0.0770255 0.0453715 0.0216871 0.00818927 0.0023245 0.000478413 6.99179e-05 7.09459e-06 4.87835e-07 2.22919e-08 6.68137e-10 1.3025e-11
 1.50972e-11 1.63866e-09 1.04874e-07 3.95767e-06 8.80668e-05 0.00115565 0.00894639 0.040917 0.11118 0.183298 0.196995 0.164709 0.128442 0.0882578 0.0472937 0.0198122 0.00670167 0.00178564 0.000356974 5.15303e-05 5.20045e-06 3.56288e-07 1.61744e-08 4.7743e-10 9.0275e-12
 1.27526e-11 1.38418e-09 8.85875e-08 3.34308e-06 7.4393e-05 0.000976327 0.0075612 0.0346325 0.0946018 0.158831 0.180232 0.168076 0.146594 0.108285 0.0615613 0.0269062 0.0089901 0.00222022 0.000397544 5.15378e-05 4.78719e-06 3.09837e-07 1.35193e-08 3.86769e-10 7.10517e-12
 1.21778e-11 1.32179e-09 8.45949e-08 3.19242e-06 7.10415e-05 0.000932387 0.00722204 0.0330951 0.0905319 0.152587 0.174627 0.165028 0.146796 0.112913 0.0687562 0.0324424 0.0114797 0.00292149 0.000523002 6.52798e-05 5.62482e-06 3.30165e-07 1.30195e-08 3.39849e-10 5.77687e-12
 1.36931e-11 1.48625e-09 9.51207e-08 3.58964e-06 7.98802e-05 0.00104835 0.00811901 0.0371804 0.101424 0.169097 0.186732 0.16335 0.133712 0.098396 0.0592267 0.0281684 0.0102026 0.00269021 0.000500213 6.41042e-05 5.5444e-06 3.17817e-07 1.19095e-08 2.88716e-10 4.48781e-12
 1.36092e-11 1.47715e-09 9.45385e-08 3.56769e-06 7.93938e-05 0.00104205 0.00807222 0.0369952 0.101161 0.169802 0.190404 0.169597 0.137741 0.0966093 0.0539838 0.0238056 0.00816823 0.00209527 0.000386679 4.97548e-05 4.33651e-06 2.49626e-07 9.30423e-09 2.21246e-10 3.31923e-12
 1.40576e-11 1.52582e-09 9.76532e-08 3.68525e-06 8.20107e-05 0.00107643 0.00833898 0.038221 0.104502 0.175138 0.194861 0.169887 0.134148 0.0923087 0.0507586 0.0216669 0.00701418 0.00166989 0.000286084 3.46171e-05 2.88504e-06 1.60941e-07 5.85818e-09 1.36378e-10 2.00004e-12
 1.42741e-11 1.54932e-09 9.91575e-08 3.74205e-06 8.32762e-05 0.0010931 0.00846951 0.0388357 0.106289 0.178465 0.198814 0.172198 0.133049 0.0886904 0.0470469 0.0193311 0.00601367 0.00136795 0.000221294 2.49576e-05 1.92444e-06 9.94029e-08 3.37245e-09 7.3813e-11 1.02577e-12
 1.43038e-11 1.55255e-09 9.93644e-08 3.74989e-06 8.3453e-05 0.00109551 0.00848997 0.0389518 0.106759 0.179806 0.201214 0.174358 0.133172 0.0868938 0.044816 0.0177477 0.005275 0.00113953 0.000174283 1.84939e-05 1.33375e-06 6.40119e-08 2.00669e-09 4.04577e-11 5.17853e-13
 1.45259e-11 1.57666e-09 1.00908e-07 3.80817e-06 8.47522e-05 0.00111263 0.00862418 0.0395834 0.108578 0.183056 0.204628 0.175602 0.131335 0.0836027 0.0420002 0.0161015 0.00459256 0.00094424 0.000136443 1.35936e-05 9.1599e-07 4.09274e-08 1.19075e-09 2.22142e-11 2.62348e-13
 1.49833e-11 1.62631e-09 1.04086e-07 3.92814e-06 8.74242e-05 0.00114777 0.00889758 0.0408467 0.11206 0.188737 0.20962 0.176309 0.127474 0.0782462 0.0379184 0.0139766 0.00381563 0.000747528 0.000102378 9.6076e-06 6.06203e-07 2.52378e-08 6.81614e-10 1.17713e-11 1.28431e-13
 1.47643e-11 1.60255e-09 1.02566e-07 3.87085e-06 8.61537e-05 0.00113126 0.00877319 0.0403189 0.110912 0.187973 0.211176 0.179685 0.129485 0.0775939 0.0361705 0.0127061 0.0032895 0.000609545 7.87463e-05 6.94748e-06 4.10645e-07 1.59596e-08 4.01052e-10 6.42504e-12 6.48629e-14
 1.47455e-11 1.6005e-09 1.02436e-07 3.866e-06 8.60502e-05 0.00113005 0.00876647 0.0403175 0.111083 0.188797 0.212785 0.180893 0.12921 0.0763978 0.0350019 0.011965 0.00297238 0.000521945 6.33449e-05 5.22228e-06 2.87569e-07 1.03932e-08 2.42518e-10 3.60265e-12 3.36762e-14
 1.46673e-11 1.59202e-09 1.01894e-07 3.84567e-06 8.56032e-05 0.00112437 0.00872601 0.0401707 0.110919 0.189311 0.214597 0.182797 0.12937 0.0750388 0.0335441 0.0111348 0.0026715 0.000450208 5.20263e-05 4.04783e-06 2.08623e-07 7.01273e-09 1.51575e-10 2.08078e-12 1.79517e-14
 1.34531e-11 1.46025e-09 9.34622e-08 3.52767e-06 7.85384e-05 0.00103205 0.00801932 0.0370345 0.10308 0.179281 0.210971 0.189183 0.139123 0.081437 0.0359483 0.0116273 0.0026935 0.000435431 4.80165e-05 3.54659e-06 1.72593e-07 5.44798e-09 1.09994e-10 1.40384e-12 1.12164e-14
 1.35811e-11 1.47414e-09 9.43526e-08 3.56137e-06 7.92934e-05 0.0010421 0.00809928 0.037416 0.104155 0.180896 0.211645 0.187769 0.137186 0.0807834 0.0360783 0.0117056 0.00267471 0.00041968 4.43855e-05 3.11814e-06 1.43466e-07 4.26226e-09 8.06978e-11 9.62705e-13 7.16848e-15
#spawning biomass
 3597.72 4894.89 8403.92 15057.9 25890.8 34546.4 30933.6 33341.9 51299.7 74195.2 96975.4 116558 158759 174882 151742 144584 151476 128794 119033 134750 142535 158427 166161 156431 183945 189206 163112 141795 124927 123689 50483.7 21128.6 14789.8 13642.7 13450.9 13420.3 13415.7 13415 13414.8 13414.8 13414.8 13414.8 13414.8 13414.8 13414.8 13414.8 13414.8 13414.8 13414.8 13414.8 13414.8 13414.8 13414.8 13414.8 13414.8 13414.8 13414.8 13414.8 13414.8 13414.8 13414.8 13414.8 13414.8 13414.8 13414.8 13414.8 13414.8 13414.8 13414.8 13414.8 13414.8 13414.8 13414.8 13414.8 13414.8 13414.8 13414.8 13414.8 13414.8 13414.8 13414.8 13414.8 13414.8 13414.8 13414.8 13414.8 13414.8 13414.8 13414.8 13414.8 13414.8 13414.8 13414.8 13414.8 13414.8 13414.8 13414.8 13414.8 13414.8 13414.8 13414.8 13414.8 13414.8 13414.8 13414.8 13414.8 13414.8 13414.8 13414.8 13414.8 13414.8 13414.8 13414.8 13414.8 13414.8 13414.8 13414.8 13414.8 13414.8 13414.8 13414.8 13414.8 13414.8 13414.8 13414.8 13414.8 13414.8 13414.8 0 0 0 0 0 0 0 0 0 0 0 0 0 0 0 0 0 0 0 0 0 0 0 0 0
