SBPRF35
0.256306
Curr Bio
189638
B35
200580
F35
0.394712
FOFL
0.383993
OFL
71888.3
Bzero
73230.3
#pred survey bio
 25735.7 22398.4 17208.6 15639.3 25165.2 38446.3 50326.5 60472.5 77640.7 104895 129153 157328 185403 220645 219370 182183 195286 190629 187844 191000 203456 189828 218605 244389 274062 288549 280354 292233 280456 1.00252e+07 5.51047e+06 3.96323e+06 2.67222e+06 1.8287e+06 1.3356e+06 1.063e+06 915893 836773 793726 769787 756097 748027 743127 740071 738122 736865 736043 735500 735139 734898 734736 734627 734553 734504 734470 734448 734432 734422 734415 734410 734407 734405 734404 734403 734402 734401 734401 734401 734401 734401 734401 734401 734401 734401 734401 734401 734401 734401 734401 734401 734401 734400 734400 734400 734400 734400 734400 734400 734400 734400 734400 734400 734400 734400 734400 734400 734400 734400 734400 734400 734400 734400 734400 734400 734400 734400 734400 734400 734400 734400 734400 734400 734400 734400 734400 734400 734400 734400 734400 734400 734400 734400 734400 734400 734400 734400 734400 734400 734400 0 0 0 0 0 0 0 0 0 0 0 0 0 0 0 0 0 0 0 0 0 0 0 0 0
#obs survey bio
 23033.5 13425 11476 18682.9 54581.4 32616.5 49699.6 52645.5 103391 110348 152097 165214 146249 219806 235222 141075 206567 184530 176650 263048 212743 192685 288822 277336 276846 225574 351664 262458 275939
#pred catch bio
 3814.67 3866.9 3130.32 2702.6 4895.88 8342.97 12535.4 16275.2 18837.1 33694.2 45111.6 58886 71217.5 99356.3 109865 69072.9 85580 81992.8 77281.6 75648.5 96258.2 69511.5 82498.7 88142.4 100853 116766 106083 130000 117727 71888.3 69463.3 48413.3 31325.8 20577.7 14582.5 11464.2 9911.54 9160.06 8803.12 8635.72 8557.89 8521.92 8505.37 8497.76 8494.28 8492.69 8491.97 8491.64 8491.49 8491.42 8491.39 8491.37 8491.37 8491.36 8491.36 8491.36 8491.36 8491.36 8491.36 8491.36 8491.36 8491.36 8491.36 8491.36 8491.36 8491.36 8491.36 8491.36 8491.36 8491.36 8491.36 8491.36 8491.36 8491.36 8491.36 8491.36 8491.36 8491.36 8491.36 8491.36 8491.36 8491.36 8491.36 8491.36 8491.36 8491.36 8491.36 8491.36 8491.36 8491.36 8491.36 8491.36 8491.36 8491.36 8491.36 8491.36 8491.36 8491.36 8491.36 8491.36 8491.36 8491.36 8491.36 8491.36 8491.36 8491.36 8491.36 8491.36 8491.36 8491.36 8491.36 8491.36 8491.36 8491.36 8491.36 8491.36 8491.36 8491.36 8491.36 8491.36 8491.36 8491.36 8491.36 8491.36 8491.36 8491.36 8491.36 8491.36 8491.36 0 0 0 0 0 0 0 0 0 0 0 0 0 0 0 0 0 0 0 0 0 0 0 0 0
#obs catch bio
 3772.12 4040.72 3364.37 2765.24 4716.11 7930.84 11861.8 15594.4 17494.9 32201.9 43358.2 55754.5 70609.3 103310 106784 68369.8 87609.8 82400.3 78374.2 72940.9 98938.4 67599.1 79397.6 82958.7 96413.7 118907 105186 132163 117318
#pred cpue bio
 24897 22053.9 17026.3 14858.2 22651.3 35619.8 47165.6 56655.1 71686.3 97259.4 119125 144667 170451 202181 202460 169173 180984 176089 173945 176896 187988 174851 201886 225742 254057 268927 260986 271369 258865 9.2668e+06 5.4508e+06 3.92878e+06 2.63846e+06 1.79496e+06 1.30186e+06 1.02925e+06 882151 803031 759984 736045 722355 714285 709385 706329 704380 703123 702301 701758 701397 701156 700994 700885 700811 700762 700728 700706 700690 700680 700673 700668 700665 700663 700662 700661 700660 700659 700659 700659 700659 700659 700659 700659 700659 700659 700659 700658 700658 700658 700658 700658 700658 700658 700658 700658 700658 700658 700658 700658 700658 700658 700658 700658 700658 700658 700658 700658 700658 700658 700658 700658 700658 700658 700658 700658 700658 700658 700658 700658 700658 700658 700658 700658 700658 700658 700658 700658 700658 700658 700658 700658 700658 700658 700658 700658 700658 700658 700658 700658 700658 0 0 0 0 0 0 0 0 0 0 0 0 0 0 0 0 0 0 0 0 0 0 0 0 0
#obs cpue bio
 20868.2 18017.9 11785 22078.3 33193.9 52970.7 55034.4 71917.8 82346.2 87595.7 105978 183021 162890 158177 292807 171289 161158 188256 162309 181228 142034 205910 205533 282891 267058 247338 220249 288660 269283
#pred surv len freq
 2.3274e-11 1.0947e-09 3.56536e-08 8.04078e-07 1.25569e-05 0.000135785 0.00101677 0.00527263 0.0189412 0.0471998 0.0820097 0.101352 0.0955468 0.0822231 0.0785592 0.0793655 0.0751939 0.0675697 0.0599486 0.0523026 0.0448197 0.0381456 0.0315984 0.0238056 0.0149796
 1.15873e-11 5.45012e-10 1.77507e-08 4.00323e-07 6.25165e-06 6.76042e-05 0.000506259 0.00262597 0.00944323 0.0236282 0.041713 0.0546524 0.0614096 0.0729228 0.0917804 0.103942 0.101227 0.0913184 0.0814062 0.0714004 0.060572 0.0495383 0.0384882 0.0271377 0.0162139
 9.73235e-12 4.57763e-10 1.49091e-08 3.36237e-07 5.25084e-06 5.6781e-05 0.000425193 0.00220516 0.00792532 0.0197846 0.0346188 0.0439423 0.0452447 0.0474404 0.057777 0.073379 0.0896393 0.103042 0.107689 0.101069 0.0871769 0.070461 0.0528009 0.0353242 0.0199934
 3.46765e-11 1.63102e-09 5.31212e-08 1.19802e-06 1.87087e-05 0.000202308 0.00151485 0.00785458 0.0282033 0.070149 0.12099 0.14532 0.123602 0.0792693 0.0463639 0.0335621 0.0328782 0.0383014 0.0465044 0.0529498 0.0534006 0.0469083 0.0358011 0.0234429 0.0127613
 4.45307e-11 2.09451e-09 6.82169e-08 1.53846e-06 2.40253e-05 0.000259799 0.00194534 0.0100869 0.0362208 0.0901125 0.155569 0.187544 0.161703 0.108164 0.0678642 0.046829 0.0323796 0.0206064 0.0142717 0.0132026 0.0142015 0.0142229 0.0120142 0.00825749 0.00451873
 3.42093e-11 1.60904e-09 5.24055e-08 1.18188e-06 1.84567e-05 0.000199584 0.00149449 0.00774979 0.027838 0.0693496 0.120355 0.148075 0.137369 0.113126 0.100121 0.090386 0.0700406 0.0446168 0.0251915 0.0142356 0.00924035 0.00735276 0.00616709 0.00449263 0.00257938
 3.17251e-11 1.4922e-09 4.85998e-08 1.09605e-06 1.71164e-05 0.00018509 0.00138596 0.00718693 0.0258154 0.0643036 0.111549 0.137016 0.126457 0.103177 0.0917424 0.0872888 0.0770132 0.0611493 0.0441913 0.0282346 0.0157487 0.00830568 0.00473236 0.00289091 0.00160814
 3.25506e-11 1.53102e-09 4.98644e-08 1.12457e-06 1.75617e-05 0.000189906 0.00142201 0.0073738 0.0264852 0.0659577 0.114321 0.139959 0.127691 0.101088 0.0862162 0.0799009 0.0701446 0.0572214 0.0449583 0.0331636 0.0217019 0.0122332 0.00602733 0.0027396 0.00118683
 3.6966e-11 1.7387e-09 5.66284e-08 1.27711e-06 1.99439e-05 0.000215666 0.00161489 0.00837373 0.0300735 0.0748616 0.129533 0.157542 0.140378 0.104073 0.0801782 0.0688748 0.0578095 0.0454457 0.0349632 0.0262764 0.0184028 0.0114649 0.00611982 0.00274315 0.0010357
 3.50136e-11 1.64687e-09 5.36376e-08 1.20966e-06 1.88906e-05 0.000204276 0.00152961 0.00793172 0.0284887 0.0709425 0.122929 0.150344 0.136642 0.106916 0.0890045 0.0792945 0.064953 0.0475896 0.0335766 0.0236598 0.0161723 0.0102606 0.00576103 0.00272885 0.00105224
 3.65706e-11 1.72011e-09 5.60228e-08 1.26345e-06 1.97306e-05 0.000213359 0.00159763 0.00828427 0.0297533 0.0740747 0.128242 0.156305 0.140348 0.106313 0.0846361 0.0739996 0.0615646 0.0466254 0.0334737 0.0229463 0.0147403 0.00881747 0.00482382 0.00230612 0.000913775
 3.71211e-11 1.746e-09 5.68661e-08 1.28247e-06 2.00276e-05 0.000216571 0.00162167 0.00840898 0.0302012 0.0751901 0.130174 0.158665 0.142475 0.107885 0.0856165 0.0740873 0.0603341 0.044322 0.0310794 0.021207 0.0136141 0.00798759 0.00420389 0.00193571 0.000752369
 3.69788e-11 1.73931e-09 5.6648e-08 1.27755e-06 1.99509e-05 0.000215741 0.00161546 0.00837677 0.0300858 0.0749058 0.129703 0.158187 0.142357 0.108449 0.0868399 0.0755248 0.061411 0.0447064 0.0307733 0.0204712 0.012816 0.0073703 0.00380854 0.00171366 0.000648239
 3.7824e-11 1.77906e-09 5.79429e-08 1.30676e-06 2.04069e-05 0.000220672 0.00165238 0.00856817 0.0307725 0.0766085 0.132603 0.161498 0.144608 0.108634 0.0851562 0.0730694 0.0592657 0.0432556 0.0298196 0.0197284 0.0121654 0.00683787 0.00344392 0.00151192 0.000558825
 3.56256e-11 1.67566e-09 5.45752e-08 1.23081e-06 1.92208e-05 0.000207846 0.00155635 0.00807038 0.0289869 0.0721843 0.12509 0.15303 0.139221 0.109201 0.0911469 0.0810923 0.0658193 0.0470864 0.0316436 0.0205727 0.0125689 0.00699855 0.00347148 0.00149226 0.000538666
 3.40628e-11 1.60215e-09 5.2181e-08 1.17681e-06 1.83776e-05 0.000198729 0.00148808 0.00771643 0.0277165 0.0690296 0.119684 0.146704 0.134397 0.107413 0.0922367 0.0841381 0.0700565 0.0518071 0.0358799 0.0235478 0.0142297 0.00777621 0.00378987 0.00160343 0.000569138
 3.51665e-11 1.65407e-09 5.38718e-08 1.21494e-06 1.89731e-05 0.000205168 0.00153629 0.0079663 0.0286122 0.0712435 0.123406 0.150718 0.136329 0.105401 0.086624 0.0776115 0.0656459 0.0506087 0.0369781 0.0254729 0.0159502 0.00888435 0.00433686 0.00181529 0.000634274
 3.59585e-11 1.69132e-09 5.50851e-08 1.24231e-06 1.94004e-05 0.000209788 0.00157089 0.00814569 0.0292564 0.0728453 0.126166 0.154025 0.139097 0.107005 0.0870256 0.0767009 0.0631869 0.0470166 0.0335234 0.0232687 0.0150996 0.00879783 0.0044588 0.00190815 0.000671299
 3.50889e-11 1.65042e-09 5.3753e-08 1.21226e-06 1.89313e-05 0.000204715 0.00153291 0.00794879 0.0285501 0.0710958 0.123198 0.15069 0.137018 0.107359 0.089644 0.0802586 0.0662291 0.048819 0.0340989 0.0230456 0.0146618 0.00854193 0.00442173 0.00195356 0.000708148
 3.51839e-11 1.65488e-09 5.38985e-08 1.21555e-06 1.89825e-05 0.000205269 0.00153705 0.00797028 0.0286269 0.0712834 0.123498 0.150942 0.13688 0.10652 0.0882131 0.0789511 0.0658601 0.0495194 0.0352468 0.0239458 0.0150755 0.00862836 0.00441028 0.00194983 0.000716644
 3.59031e-11 1.68871e-09 5.50002e-08 1.24039e-06 1.93705e-05 0.000209465 0.00156847 0.00813313 0.0292112 0.0727324 0.125967 0.153766 0.138816 0.10671 0.0867672 0.0766741 0.063582 0.0477132 0.0341002 0.0234323 0.0149525 0.00861977 0.0043938 0.00192681 0.000704107
 3.65407e-11 1.7187e-09 5.5977e-08 1.26242e-06 1.97145e-05 0.000213185 0.00159632 0.00827756 0.0297298 0.0740221 0.128191 0.156431 0.141058 0.108053 0.087252 0.0763334 0.0622781 0.0455572 0.0316682 0.0213814 0.0135875 0.00787232 0.00404395 0.00178207 0.000651325
 3.58092e-11 1.68429e-09 5.48564e-08 1.23715e-06 1.93198e-05 0.000208917 0.00156437 0.00811189 0.0291353 0.0725471 0.125672 0.153524 0.138978 0.107615 0.0883707 0.0783616 0.064574 0.0476702 0.0332358 0.0222246 0.0138612 0.00789087 0.00401682 0.00176877 0.00064845
 3.58607e-11 1.68672e-09 5.49353e-08 1.23893e-06 1.93476e-05 0.000209218 0.00156662 0.00812355 0.0291769 0.0726487 0.125833 0.153653 0.138878 0.107098 0.087479 0.0774787 0.0641688 0.0478982 0.033871 0.0229101 0.0143483 0.00812681 0.00408784 0.0017773 0.000646004
 3.4868e-11 1.64002e-09 5.34146e-08 1.20463e-06 1.88121e-05 0.000203426 0.00152325 0.00789874 0.0283703 0.0706481 0.122422 0.149741 0.136157 0.106707 0.0892069 0.080156 0.066676 0.0498279 0.0353474 0.0240947 0.0152583 0.00872938 0.00441033 0.00191242 0.000689956
 3.34126e-11 1.57157e-09 5.11851e-08 1.15435e-06 1.80269e-05 0.000194935 0.00145968 0.00756914 0.0271874 0.0677119 0.117398 0.1439 0.131826 0.105386 0.0906686 0.0832138 0.0702855 0.0534183 0.0385285 0.0265645 0.0169513 0.00977359 0.00498058 0.00217518 0.000787342
 3.40229e-11 1.60027e-09 5.21199e-08 1.17543e-06 1.83561e-05 0.000198496 0.00148633 0.0077073 0.0276828 0.0689371 0.119464 0.146158 0.133019 0.104548 0.0879616 0.0799337 0.0678797 0.0524498 0.0386727 0.0272407 0.0177093 0.010368 0.00534662 0.00235692 0.000859515
 3.47721e-11 1.63551e-09 5.32676e-08 1.20132e-06 1.87603e-05 0.000202867 0.00151906 0.00787698 0.0282917 0.0704485 0.122049 0.149158 0.135224 0.105163 0.0870613 0.078077 0.0655865 0.0501293 0.0367682 0.0260779 0.0172529 0.0103239 0.00543433 0.00243595 0.000899726
 3.62803e-11 1.70645e-09 5.55781e-08 1.25342e-06 1.9574e-05 0.000211666 0.00158495 0.00821856 0.0295177 0.0734926 0.127264 0.155252 0.139847 0.106837 0.0860178 0.0753881 0.0621063 0.0463106 0.0330451 0.0229555 0.01505 0.00903495 0.00481882 0.00219926 0.000827028
#obs surv len freq
 2.28618e-11 1.07531e-09 3.50222e-08 7.89839e-07 1.23345e-05 0.00013338 0.000998763 0.00517923 0.0186056 0.0463617 0.080542 0.099485 0.0936163 0.0802189 0.0762923 0.0770488 0.073607 0.0678958 0.0633636 0.0588173 0.0522293 0.0429469 0.0316857 0.0202376 0.0107216
 9.75664e-16 4.59602e-14 1.5059e-12 3.47684e-11 5.92991e-10 8.56132e-09 1.28021e-07 1.98015e-06 2.58846e-05 0.000249835 0.0016999 0.00805773 0.0265911 0.0614645 0.101257 0.124007 0.123037 0.111686 0.10092 0.0913041 0.0807993 0.0676444 0.0510156 0.0329019 0.0173367
 1.30812e-11 6.15279e-10 2.00392e-08 4.51935e-07 7.0576e-06 7.63176e-05 0.00057145 0.00296291 0.0106376 0.026446 0.0455295 0.0543169 0.0452177 0.0281417 0.0207431 0.0339515 0.0659035 0.100759 0.119803 0.118671 0.10576 0.08786 0.0664263 0.0432542 0.0229615
 5.18816e-11 2.44026e-09 7.94777e-08 1.79242e-06 2.79912e-05 0.000302684 0.00226644 0.0117513 0.0421916 0.104903 0.180671 0.215758 0.179385 0.105475 0.0464259 0.018103 0.00863292 0.00712469 0.00963281 0.0134476 0.015594 0.0147819 0.0116955 0.00771112 0.00411639
 3.4022e-11 1.60023e-09 5.21185e-08 1.17541e-06 1.83557e-05 0.000198491 0.00148632 0.00770756 0.0276887 0.0689991 0.119896 0.148208 0.139678 0.119253 0.10934 0.0981173 0.0710473 0.0383924 0.0163989 0.00772427 0.00632466 0.00664034 0.0060702 0.00437519 0.00243487
 3.90353e-11 1.83603e-09 5.97983e-08 1.3486e-06 2.10604e-05 0.000227738 0.00170529 0.00884236 0.0317555 0.0790359 0.136672 0.165836 0.146533 0.106127 0.0791014 0.0675582 0.0582941 0.0464124 0.0327585 0.01935 0.00948796 0.00455501 0.00275451 0.00187561 0.00109434
 2.65307e-11 1.24788e-09 4.06425e-08 9.16592e-07 1.43139e-05 0.000154786 0.00115906 0.00601081 0.0215974 0.0538601 0.0938655 0.117329 0.11475 0.106658 0.108557 0.107239 0.0899147 0.0654046 0.0454851 0.0309873 0.0192223 0.0101826 0.00466803 0.00203818 0.000900255
 4.10678e-11 1.93163e-09 6.29119e-08 1.41882e-06 2.21569e-05 0.000239596 0.00179406 0.00930249 0.0334049 0.0831111 0.143514 0.173171 0.149892 0.101902 0.0676813 0.0536603 0.0476134 0.0420073 0.0346229 0.0253932 0.0163178 0.00922773 0.00453647 0.0019011 0.000682236
 3.64997e-11 1.71677e-09 5.59141e-08 1.261e-06 1.96924e-05 0.000212946 0.00159453 0.00826835 0.0296977 0.0739508 0.128127 0.156633 0.142115 0.110557 0.0907456 0.0786622 0.0612053 0.0414702 0.0275062 0.0194647 0.0137256 0.00866581 0.0046203 0.00203055 0.00072675
 3.68784e-11 1.73458e-09 5.64942e-08 1.27409e-06 1.98967e-05 0.000215155 0.00161107 0.008354 0.0300039 0.0746993 0.129328 0.157655 0.141643 0.107466 0.0857547 0.0750286 0.0621726 0.0463835 0.0321652 0.0209062 0.0127232 0.00735943 0.00395885 0.00184863 0.000702662
 3.83723e-11 1.80485e-09 5.87827e-08 1.3257e-06 2.07027e-05 0.00022387 0.00167633 0.00869231 0.0312179 0.0777112 0.134471 0.163585 0.145872 0.108306 0.0833499 0.0706889 0.0573174 0.0422227 0.0296186 0.0199707 0.0124443 0.00698137 0.00350039 0.00154654 0.000581314
 3.78225e-11 1.77899e-09 5.79405e-08 1.30671e-06 2.04061e-05 0.000220663 0.00165232 0.00856785 0.0307718 0.0766086 0.132618 0.16159 0.144921 0.109332 0.0861658 0.0739085 0.0593776 0.0425888 0.0288728 0.0190075 0.0117922 0.00666812 0.00334446 0.00144597 0.000524158
 3.72038e-11 1.74989e-09 5.69927e-08 1.28533e-06 2.00723e-05 0.000217054 0.00162529 0.00842774 0.030269 0.0753613 0.130489 0.159139 0.143188 0.109022 0.0872101 0.0757415 0.0614244 0.0444367 0.0301873 0.0196321 0.0118958 0.00657119 0.0032483 0.00139316 0.000499886
 3.79414e-11 1.78458e-09 5.81226e-08 1.31081e-06 2.04702e-05 0.000221356 0.00165751 0.00859474 0.030868 0.0768453 0.133008 0.161969 0.14496 0.108753 0.0850786 0.0729254 0.0591657 0.0432114 0.0297564 0.019567 0.0118945 0.00652215 0.00317249 0.00133547 0.000471485
 3.36618e-11 1.58329e-09 5.15667e-08 1.16296e-06 1.81613e-05 0.000196389 0.00147056 0.00762565 0.0273912 0.0682263 0.118339 0.145282 0.133812 0.108385 0.0945601 0.0865559 0.0712225 0.0514979 0.034963 0.0228729 0.0139712 0.00771814 0.00376425 0.0015763 0.000550085
 3.43886e-11 1.61748e-09 5.26801e-08 1.18807e-06 1.85534e-05 0.000200629 0.00150231 0.00779012 0.0279801 0.0696739 0.120719 0.147593 0.134005 0.104688 0.087454 0.0794587 0.0680092 0.053016 0.0388906 0.0265862 0.0164268 0.00906627 0.00442018 0.00185386 0.000646889
 3.51831e-11 1.65485e-09 5.38972e-08 1.21552e-06 1.89821e-05 0.000205265 0.00153702 0.00797007 0.028626 0.0712784 0.123472 0.15083 0.136521 0.1057 0.0868963 0.0774603 0.064733 0.0492296 0.036003 0.0254717 0.0166664 0.0096969 0.00488113 0.00207441 0.000726589
 3.67298e-11 1.72759e-09 5.62665e-08 1.26895e-06 1.98165e-05 0.000214288 0.00160458 0.00832032 0.0298828 0.0743965 0.128796 0.156964 0.140887 0.106589 0.0846157 0.0736403 0.0608516 0.0457953 0.0329759 0.0229852 0.0150257 0.00893608 0.00467797 0.00207195 0.00074903
 3.30854e-11 1.55618e-09 5.06837e-08 1.14305e-06 1.78503e-05 0.000193026 0.00144539 0.00749508 0.0269223 0.0670587 0.116317 0.142814 0.131589 0.106716 0.0933612 0.085913 0.071469 0.0527574 0.0369549 0.0251595 0.0161715 0.00953269 0.00501014 0.00226052 0.000840614
 3.69803e-11 1.73937e-09 5.66503e-08 1.27761e-06 1.99517e-05 0.000215749 0.00161552 0.008377 0.0300857 0.0748942 0.129608 0.157724 0.140836 0.105068 0.0818619 0.0710924 0.0601034 0.047043 0.0349555 0.0244071 0.0155761 0.0089998 0.00465089 0.00208483 0.000779165
 3.59068e-11 1.68888e-09 5.50058e-08 1.24052e-06 1.93725e-05 0.000209487 0.00156863 0.008134 0.0292148 0.072745 0.126015 0.153945 0.139356 0.107865 0.0883718 0.0778441 0.0633511 0.0461309 0.0322602 0.0223077 0.0146396 0.00870488 0.00454194 0.00202442 0.000749885
 3.69784e-11 1.73928e-09 5.66473e-08 1.27754e-06 1.99506e-05 0.000215738 0.00161544 0.00837664 0.0300852 0.0749007 0.129672 0.158048 0.14191 0.107462 0.0854048 0.0742889 0.0611259 0.0454586 0.0319551 0.021492 0.0135207 0.0078332 0.00408495 0.00184146 0.000687888
 3.54796e-11 1.66879e-09 5.43514e-08 1.22576e-06 1.9142e-05 0.000206994 0.00154997 0.00803726 0.0288677 0.0718837 0.124545 0.152253 0.138163 0.107676 0.0892036 0.0794189 0.0653276 0.048033 0.0334683 0.0225084 0.0141433 0.00808027 0.00411713 0.00182112 0.000675202
 3.80801e-11 1.79111e-09 5.83351e-08 1.3156e-06 2.05451e-05 0.000222166 0.00166357 0.00862612 0.0309802 0.0771191 0.133445 0.162328 0.144729 0.107443 0.082789 0.0706115 0.0579684 0.0434703 0.0309418 0.0209917 0.0131592 0.00746975 0.00377198 0.00164698 0.000601463
 3.33196e-11 1.56719e-09 5.10424e-08 1.15114e-06 1.79767e-05 0.000194393 0.00145562 0.00754815 0.0271131 0.067536 0.117158 0.14391 0.132796 0.108063 0.0948204 0.0870056 0.0715477 0.051722 0.0353489 0.0235691 0.0148387 0.00849962 0.0043049 0.00187176 0.00067752
 3.40017e-11 1.59928e-09 5.20874e-08 1.1747e-06 1.83447e-05 0.000198372 0.00148541 0.00770248 0.0276654 0.0688915 0.119371 0.145982 0.132666 0.103918 0.0872187 0.0796878 0.0687169 0.0541036 0.0400702 0.0276102 0.017243 0.00970116 0.00486837 0.00211455 0.000765401
 3.31426e-11 1.55887e-09 5.07713e-08 1.14502e-06 1.78812e-05 0.00019336 0.00144788 0.00750795 0.0269676 0.067163 0.116438 0.142686 0.130593 0.104157 0.0893625 0.0820092 0.0696342 0.0537478 0.0399616 0.0287098 0.01904 0.0112274 0.00574372 0.00249393 0.000897456
 3.65204e-11 1.71774e-09 5.59458e-08 1.26172e-06 1.97036e-05 0.000213066 0.00159543 0.00827286 0.0297121 0.0739681 0.128032 0.155933 0.13964 0.105006 0.0827337 0.0720924 0.0604948 0.0468519 0.0348819 0.0250038 0.0167083 0.0101254 0.00539189 0.00242846 0.000893954
 3.57783e-11 1.68284e-09 5.48089e-08 1.23608e-06 1.93032e-05 0.000208737 0.00156302 0.00810489 0.0291103 0.0724855 0.12557 0.153424 0.138957 0.107713 0.088454 0.0780797 0.0636489 0.0463778 0.0323626 0.0223186 0.0147338 0.00895514 0.00483611 0.00223083 0.000845201
#pred catch len freq
 2.06357e-11 9.70604e-10 3.1612e-08 7.12929e-07 1.11334e-05 0.000120393 0.000901519 0.00467512 0.0167968 0.0418763 0.0728986 0.0907435 0.0876244 0.0796378 0.0807964 0.0841402 0.080545 0.0726748 0.0646139 0.0564275 0.0483713 0.0411728 0.034107 0.0256958 0.016169
 9.93246e-12 4.67176e-10 1.52156e-08 3.4315e-07 5.35882e-06 5.79496e-05 0.000433969 0.00225119 0.00809814 0.0202888 0.0359961 0.0479885 0.0564087 0.0712309 0.0930793 0.106843 0.104561 0.0945971 0.0844907 0.0741753 0.0629474 0.0514863 0.0400028 0.0282058 0.0168521
 8.29384e-12 3.90103e-10 1.27054e-08 2.86538e-07 4.47473e-06 4.83886e-05 0.000362352 0.00187935 0.00675578 0.0168789 0.0296297 0.0380571 0.0405962 0.0452963 0.057894 0.0749359 0.0921003 0.106124 0.111025 0.104244 0.0899312 0.0726919 0.0544738 0.0364437 0.0206271
 3.19666e-11 1.50356e-09 4.89699e-08 1.10439e-06 1.72467e-05 0.000186498 0.00139647 0.00724081 0.0260001 0.0646753 0.111592 0.134235 0.114845 0.0751932 0.0463782 0.0358654 0.0363041 0.0426573 0.0518934 0.059114 0.0596248 0.0523777 0.0399759 0.0261766 0.0142494
 4.25431e-11 2.00102e-09 6.51721e-08 1.46979e-06 2.29529e-05 0.000248203 0.00185852 0.00963674 0.0346058 0.0861065 0.148736 0.179694 0.156198 0.107238 0.0710352 0.0516921 0.0366455 0.0235261 0.0163649 0.0151752 0.0163348 0.0163616 0.0138211 0.00949938 0.00519834
 3.16922e-11 1.49065e-09 4.85495e-08 1.09491e-06 1.70987e-05 0.000184899 0.00138454 0.00717979 0.0257931 0.0642803 0.111729 0.138265 0.130828 0.112947 0.105748 0.0984319 0.0770752 0.0492852 0.0278973 0.015797 0.0102663 0.00817258 0.00685534 0.00499409 0.00286729
 2.92366e-11 1.37515e-09 4.47877e-08 1.01007e-06 1.57738e-05 0.000170572 0.00127725 0.00662339 0.0237933 0.0592878 0.102992 0.127182 0.119553 0.102038 0.0959357 0.0941583 0.0839728 0.0669407 0.0484759 0.0310057 0.017303 0.00912746 0.00520111 0.00317738 0.00176751
 3.01251e-11 1.41694e-09 4.61488e-08 1.04077e-06 1.62532e-05 0.000175755 0.00131606 0.00682453 0.0245143 0.061068 0.105974 0.130345 0.120863 0.0997469 0.0899132 0.0861069 0.0764797 0.0626563 0.0493341 0.0364297 0.0238491 0.0134455 0.00662502 0.00301133 0.00130456
 3.45893e-11 1.62692e-09 5.29876e-08 1.195e-06 1.86617e-05 0.0002018 0.00151107 0.00783552 0.0281423 0.0700708 0.121357 0.148135 0.133733 0.102857 0.0839331 0.0750345 0.0639393 0.0505299 0.0389715 0.0293243 0.0205472 0.0128028 0.00683433 0.00306347 0.00115665
 3.28087e-11 1.54316e-09 5.02599e-08 1.13349e-06 1.7701e-05 0.000191412 0.0014333 0.00743241 0.0266972 0.0664993 0.115354 0.141666 0.130639 0.106148 0.0930268 0.0855125 0.0708389 0.0521167 0.0368552 0.0260042 0.0177845 0.0112856 0.00633686 0.00300166 0.00115744
 3.45003e-11 1.62273e-09 5.28513e-08 1.19193e-06 1.86137e-05 0.000201281 0.00150719 0.00781545 0.0280711 0.0699025 0.121127 0.148143 0.134664 0.105491 0.0882794 0.0797654 0.0671742 0.0510919 0.0367582 0.0252262 0.0162127 0.00969998 0.00530694 0.00253713 0.00100532
 3.51531e-11 1.65343e-09 5.38512e-08 1.21448e-06 1.89658e-05 0.000205089 0.00153571 0.00796331 0.0286021 0.0712244 0.123414 0.150925 0.137132 0.107236 0.0892706 0.079727 0.0656925 0.0484591 0.034053 0.0232634 0.0149418 0.00876816 0.00461498 0.00212504 0.000825961
 3.50383e-11 1.64804e-09 5.36755e-08 1.21052e-06 1.89039e-05 0.00020442 0.0015307 0.00793735 0.0285092 0.070996 0.123039 0.150563 0.137114 0.107865 0.0905319 0.0811816 0.0667595 0.0487949 0.0336576 0.0224163 0.014041 0.00807632 0.00417362 0.00187797 0.000710399
 3.6133e-11 1.69953e-09 5.53525e-08 1.24834e-06 1.94946e-05 0.000210806 0.00157851 0.00818524 0.0293986 0.0732014 0.126796 0.154853 0.140038 0.108125 0.0883745 0.0780064 0.0639447 0.0468437 0.0323532 0.0214265 0.0132186 0.00743107 0.0037429 0.00164321 0.000607354
 3.40466e-11 1.60139e-09 5.21563e-08 1.17625e-06 1.83689e-05 0.000198634 0.00148738 0.00771281 0.027704 0.0690031 0.11967 0.146837 0.13499 0.108806 0.0942698 0.0858069 0.0702192 0.0503828 0.0339142 0.0220702 0.0134898 0.00751249 0.00372661 0.00160196 0.000578269
 3.20201e-11 1.50607e-09 4.90519e-08 1.10624e-06 1.72756e-05 0.000186812 0.00139885 0.00725386 0.0260568 0.0649137 0.112668 0.138673 0.128863 0.106769 0.0960876 0.090083 0.0757348 0.0562062 0.0390033 0.0256265 0.0154937 0.00846862 0.0041276 0.00174637 0.000619877
 3.33442e-11 1.56835e-09 5.10802e-08 1.15199e-06 1.79899e-05 0.000194536 0.00145669 0.00755362 0.0271315 0.0675708 0.117141 0.143529 0.13131 0.104643 0.0897837 0.0826555 0.0706046 0.0546225 0.0399809 0.0275666 0.017268 0.00961976 0.00469608 0.00196569 0.000686829
 3.41331e-11 1.60546e-09 5.22887e-08 1.17924e-06 1.84155e-05 0.000199138 0.00149115 0.00773231 0.0277731 0.0691668 0.119895 0.146838 0.13412 0.106357 0.0903448 0.0818652 0.0681285 0.050878 0.0363454 0.0252536 0.0163948 0.00955394 0.00484224 0.00207228 0.000729045
 3.31771e-11 1.56049e-09 5.08243e-08 1.14621e-06 1.78998e-05 0.000193561 0.00144939 0.00751585 0.0269967 0.0672434 0.116631 0.143171 0.131828 0.106731 0.093201 0.0857541 0.0714616 0.0528638 0.0369953 0.0250304 0.0159322 0.00928364 0.00480595 0.00212335 0.000769699
 3.32217e-11 1.56259e-09 5.08926e-08 1.14775e-06 1.79238e-05 0.000193822 0.00145134 0.00752592 0.0270325 0.0673292 0.116756 0.143214 0.131519 0.105799 0.091755 0.0845019 0.0712216 0.0537498 0.0383323 0.0260696 0.0164202 0.00939955 0.00480474 0.00212426 0.000780763
 3.42254e-11 1.6098e-09 5.24301e-08 1.18243e-06 1.84653e-05 0.000199677 0.00149518 0.0077532 0.027848 0.0693514 0.120203 0.147158 0.134232 0.106093 0.089791 0.0814073 0.0681434 0.0513069 0.0367312 0.0252634 0.0161273 0.00929834 0.00473992 0.00207862 0.000759589
 3.45267e-11 1.62397e-09 5.28917e-08 1.19284e-06 1.86279e-05 0.000201435 0.00150835 0.00782148 0.0280933 0.0699639 0.121274 0.148514 0.135603 0.107419 0.0910398 0.0821562 0.0677954 0.049795 0.0346882 0.0234486 0.014909 0.0086396 0.00443837 0.00195592 0.00071487
 3.38063e-11 1.59009e-09 5.17881e-08 1.16795e-06 1.82392e-05 0.000197232 0.00147688 0.00765833 0.0275079 0.0685113 0.118792 0.145647 0.133542 0.106962 0.0921087 0.0841398 0.0700868 0.0519406 0.0362873 0.024293 0.0151589 0.00863119 0.00439396 0.00193488 0.000709352
 3.38048e-11 1.59002e-09 5.17858e-08 1.1679e-06 1.82384e-05 0.000197223 0.00147681 0.00765797 0.0275064 0.0685057 0.11877 0.145561 0.133276 0.106378 0.091241 0.0833407 0.0698027 0.0523134 0.0370706 0.025103 0.0157296 0.00891076 0.00448246 0.00194891 0.000708386
 3.28063e-11 1.54305e-09 5.02563e-08 1.1334e-06 1.76997e-05 0.000191398 0.00143319 0.00743187 0.0266951 0.0664936 0.115339 0.141625 0.130535 0.105976 0.0929629 0.0860128 0.0723036 0.0542404 0.0385564 0.026312 0.0166706 0.00953906 0.00481969 0.00208997 0.000754018
 3.14375e-11 1.47867e-09 4.81593e-08 1.08611e-06 1.69612e-05 0.000183412 0.0013734 0.00712186 0.0255825 0.0637314 0.11061 0.136115 0.126407 0.104612 0.094159 0.0887271 0.0756441 0.0576891 0.0416865 0.0287712 0.0183675 0.0105918 0.00539783 0.00235745 0.000853324
 3.19704e-11 1.50373e-09 4.89756e-08 1.10452e-06 1.72487e-05 0.000186521 0.00139667 0.00724249 0.026015 0.0648003 0.112408 0.138055 0.127348 0.103654 0.0914525 0.0855304 0.0733837 0.0569152 0.0420469 0.0296478 0.0192825 0.0112908 0.0058228 0.00256687 0.000936087
 3.29622e-11 1.55039e-09 5.04951e-08 1.13879e-06 1.77839e-05 0.000192308 0.00144 0.00746712 0.0268211 0.0668009 0.115828 0.142017 0.130237 0.104402 0.0901765 0.0830331 0.0704189 0.054008 0.0396834 0.028172 0.0186457 0.0111588 0.00587409 0.00263312 0.000972554
 3.44291e-11 1.61938e-09 5.27422e-08 1.18947e-06 1.85753e-05 0.000200866 0.00150408 0.00779935 0.0280136 0.0697621 0.120903 0.147962 0.13479 0.106156 0.0893496 0.0805924 0.0671 0.0502227 0.0359059 0.024969 0.0163774 0.00983337 0.00524492 0.00239376 0.000900176
#obs catch len freq
 1.95084e-11 9.17583e-10 2.98851e-08 6.73985e-07 1.05253e-05 0.000113816 0.000852272 0.00441973 0.0158793 0.0395882 0.0689126 0.0857713 0.0828063 0.0753286 0.0769357 0.0816778 0.0813314 0.077836 0.0734711 0.0665909 0.0566713 0.0451421 0.0332217 0.0216606 0.011778
 2.06264e-11 9.70168e-10 3.15978e-08 7.1261e-07 1.11284e-05 0.000120339 0.000901112 0.00467297 0.0167887 0.0418509 0.07282 0.0904854 0.0868673 0.0779435 0.078046 0.0809208 0.0779927 0.0721811 0.0674735 0.0626787 0.0556741 0.0457842 0.0337803 0.0215758 0.0114307
 8.30307e-16 3.9123e-14 1.28318e-12 2.97427e-11 5.14326e-10 7.70287e-09 1.21361e-07 1.94084e-06 2.56753e-05 0.000248642 0.00169325 0.00802809 0.0264958 0.0612518 0.100935 0.12369 0.122872 0.111722 0.101093 0.0915295 0.0810233 0.0678394 0.0511647 0.0329986 0.0173877
 1.15545e-11 5.43466e-10 1.77003e-08 3.99187e-07 6.23388e-06 6.74102e-05 0.000504753 0.00261709 0.00939605 0.0233594 0.0402162 0.0479847 0.0400039 0.0252387 0.0199162 0.0346728 0.068036 0.104134 0.123836 0.122679 0.109341 0.0908415 0.0686826 0.0447241 0.0237419
 5.09342e-11 2.3957e-09 7.80264e-08 1.75969e-06 2.74801e-05 0.000297157 0.00222505 0.0115368 0.0414214 0.10299 0.177389 0.211903 0.176387 0.104182 0.0465816 0.0189148 0.00953748 0.00812538 0.0110624 0.0154568 0.0179259 0.0169928 0.0134449 0.00886459 0.00473216
 3.19516e-11 1.50285e-09 4.89468e-08 1.10387e-06 1.72386e-05 0.000186412 0.00139588 0.00723873 0.0260069 0.0648319 0.112817 0.140217 0.134552 0.119664 0.114769 0.105384 0.076878 0.0416354 0.0178072 0.00840603 0.00689612 0.00724377 0.00662224 0.00477311 0.00265632
 3.71364e-11 1.74672e-09 5.68894e-08 1.283e-06 2.00359e-05 0.00021666 0.00162234 0.00841234 0.0302125 0.0752086 0.130143 0.158335 0.141273 0.105283 0.0823636 0.0729284 0.0637998 0.051012 0.0360626 0.0213172 0.0104563 0.0050211 0.00303689 0.00206801 0.00120661
 2.44921e-11 1.15199e-09 3.75196e-08 8.46163e-07 1.32141e-05 0.000142893 0.00107001 0.00554917 0.019941 0.0497528 0.0868667 0.109327 0.109266 0.106096 0.112501 0.113214 0.0954964 0.0696365 0.0485091 0.0330817 0.0205311 0.0108778 0.00498711 0.00217758 0.000961847
 3.92731e-11 1.84722e-09 6.01626e-08 1.35682e-06 2.11887e-05 0.000229125 0.00171566 0.00889604 0.0319463 0.0794915 0.137328 0.16601 0.144686 0.100575 0.0699437 0.057886 0.0523066 0.0463907 0.038298 0.0281062 0.018066 0.0102177 0.0050235 0.00210527 0.000755516
 3.46754e-11 1.63096e-09 5.31194e-08 1.19798e-06 1.87081e-05 0.000202303 0.00151484 0.00785523 0.0282155 0.0702758 0.121869 0.149494 0.137279 0.110212 0.0944878 0.0841409 0.0661025 0.044938 0.0298619 0.0211562 0.0149256 0.00942496 0.00502529 0.00220858 0.000790472
 3.51396e-11 1.6528e-09 5.38306e-08 1.21402e-06 1.89586e-05 0.000205011 0.00153512 0.00796025 0.0285911 0.0711955 0.123355 0.150813 0.136913 0.106878 0.0889772 0.0800503 0.0670118 0.0501603 0.0348362 0.0226601 0.0137957 0.00798112 0.00429356 0.00200497 0.000762094
 3.67182e-11 1.72704e-09 5.62487e-08 1.26855e-06 1.98102e-05 0.00021422 0.00160407 0.00831772 0.0298739 0.0743781 0.12879 0.157082 0.141389 0.107781 0.0864547 0.0754711 0.0618629 0.0457329 0.0321313 0.0216824 0.0135157 0.00758355 0.00380253 0.00168007 0.000631509
 3.62697e-11 1.70595e-09 5.55617e-08 1.25306e-06 1.95683e-05 0.000211604 0.00158448 0.0082162 0.0295101 0.07348 0.127288 0.155498 0.140755 0.108932 0.0892193 0.0785247 0.0636877 0.045822 0.0311086 0.0204951 0.0127195 0.00719341 0.00360809 0.00155998 0.000565488
 3.56373e-11 1.67621e-09 5.4593e-08 1.23121e-06 1.92271e-05 0.000207914 0.00155686 0.008073 0.0289962 0.0722052 0.125112 0.152991 0.138979 0.108605 0.0902751 0.080396 0.0657973 0.0477425 0.0324773 0.021137 0.012812 0.00707822 0.0034991 0.00150076 0.000538496
 3.6442e-11 1.71405e-09 5.58256e-08 1.25901e-06 1.96612e-05 0.000212609 0.00159201 0.0082552 0.0296498 0.0738242 0.127859 0.156081 0.140917 0.108323 0.0879649 0.0773373 0.0633373 0.0463984 0.0319934 0.0210524 0.0128013 0.00702024 0.00341492 0.00143754 0.000507525
 3.20049e-11 1.50536e-09 4.90286e-08 1.10572e-06 1.72674e-05 0.000186723 0.00139819 0.00725045 0.0260451 0.0648883 0.112651 0.138781 0.129365 0.107955 0.0978145 0.0914841 0.0758369 0.0549733 0.037371 0.0244665 0.0149497 0.00825981 0.00402863 0.00168704 0.000588734
 3.2797e-11 1.54261e-09 5.0242e-08 1.13308e-06 1.76947e-05 0.000191344 0.00143279 0.0074297 0.0266868 0.0664662 0.115248 0.141312 0.129615 0.104014 0.0902 0.0838627 0.0723627 0.0565588 0.0415377 0.0284122 0.0175594 0.00969239 0.00472563 0.00198199 0.000691604
 3.34591e-11 1.57375e-09 5.12561e-08 1.15596e-06 1.80519e-05 0.000195206 0.00146171 0.00757964 0.0272251 0.0678039 0.117547 0.144034 0.13179 0.105021 0.0899312 0.0822438 0.0693626 0.0529121 0.0387514 0.0274363 0.0179575 0.0104493 0.00526012 0.00223551 0.000783022
 3.50254e-11 1.64743e-09 5.36556e-08 1.21007e-06 1.8897e-05 0.000204344 0.00153013 0.00793436 0.028498 0.0709618 0.122939 0.15025 0.136223 0.105945 0.0876599 0.0784148 0.065453 0.0494217 0.0356404 0.0248615 0.0162577 0.00967002 0.00506242 0.00224227 0.000810608
 3.13454e-11 1.47434e-09 4.80182e-08 1.08293e-06 1.69116e-05 0.000182875 0.00136938 0.00710106 0.0255085 0.0635527 0.110341 0.135972 0.12687 0.106153 0.0966083 0.0909162 0.0762161 0.0564117 0.0395689 0.0269599 0.0173348 0.0102198 0.0053715 0.00242361 0.000901265
 3.5348e-11 1.6626e-09 5.41498e-08 1.22122e-06 1.9071e-05 0.000206226 0.00154422 0.00800736 0.0287593 0.0716043 0.123996 0.151276 0.136313 0.104329 0.0846016 0.075525 0.0645064 0.050654 0.0376895 0.026333 0.0168098 0.00971371 0.00502004 0.00225035 0.000841029
 3.42938e-11 1.61302e-09 5.25349e-08 1.18479e-06 1.85023e-05 0.000200076 0.00149817 0.00776873 0.0279042 0.0694949 0.120476 0.147606 0.134995 0.107372 0.0914196 0.082501 0.0677255 0.0494591 0.0346357 0.0239683 0.0157345 0.00935701 0.0048824 0.0021762 0.000806109
 3.53014e-11 1.66041e-09 5.40783e-08 1.2196e-06 1.90459e-05 0.000205954 0.00154218 0.00799687 0.0287225 0.0715214 0.123911 0.15145 0.137349 0.106893 0.0885013 0.0790971 0.0657309 0.0490425 0.034525 0.0232382 0.0146243 0.00847374 0.00441922 0.00199219 0.000744198
 3.38344e-11 1.59141e-09 5.18311e-08 1.16892e-06 1.82544e-05 0.000197396 0.0014781 0.00766469 0.0275309 0.0685687 0.118895 0.145786 0.133711 0.107168 0.0923117 0.0841922 0.0698498 0.0515051 0.0359365 0.0241862 0.0152026 0.00868655 0.00442625 0.00195789 0.000725913
 3.64379e-11 1.71386e-09 5.58194e-08 1.25887e-06 1.96591e-05 0.000212585 0.00159183 0.00825424 0.0296458 0.0738098 0.127803 0.155863 0.14025 0.106857 0.0857788 0.0752821 0.0624685 0.0470076 0.0335097 0.0227509 0.0142668 0.00809953 0.00409021 0.00178597 0.000652225
 3.15324e-11 1.48313e-09 4.83047e-08 1.08939e-06 1.70125e-05 0.000183966 0.00137755 0.00714345 0.0256611 0.0639353 0.111023 0.136896 0.12799 0.107578 0.0982944 0.0922739 0.0764764 0.0554362 0.0379426 0.02532 0.0159472 0.00913597 0.00462745 0.00201205 0.000728306
 3.22318e-11 1.51603e-09 4.9376e-08 1.11355e-06 1.73897e-05 0.000188046 0.00140809 0.00730166 0.0262272 0.0653241 0.113286 0.13899 0.127761 0.103119 0.0901973 0.0845154 0.0735298 0.0580635 0.0430601 0.0296903 0.0185475 0.0104364 0.00523763 0.00227499 0.00082348
 3.14565e-11 1.47956e-09 4.81884e-08 1.08677e-06 1.69715e-05 0.000183523 0.00137423 0.00712613 0.0255976 0.0637648 0.110642 0.136032 0.125941 0.103436 0.0922449 0.0866033 0.0741193 0.0573632 0.0427044 0.0307005 0.0203659 0.0120105 0.00614454 0.00266801 0.000960103
 3.49932e-11 1.64591e-09 5.36063e-08 1.20896e-06 1.88796e-05 0.000204156 0.00152872 0.00792701 0.0284711 0.0708901 0.122782 0.149901 0.135414 0.104325 0.0853051 0.0762224 0.0645532 0.0501426 0.037378 0.0268089 0.0179189 0.01086 0.00578325 0.00260475 0.000958852
#spawning biomass
 22242.2 21018.6 16467.1 12319.5 14500.8 26620.5 37098.6 44459.3 52545 72829.4 86947.9 104037 122496 142889 148373 127636 135184 129498 129489 131755 138424 126842 148344 166009 190071 206290 199059 204587 189638 195405 246294 171651 109140 69831.9 47906.6 36502.6 30824.4 28076.1 26770.8 26158.6 25873.9 25742.4 25681.8 25654 25641.3 25635.5 25632.8 25631.6 25631.1 25630.8 25630.7 25630.7 25630.6 25630.6 25630.6 25630.6 25630.6 25630.6 25630.6 25630.6 25630.6 25630.6 25630.6 25630.6 25630.6 25630.6 25630.6 25630.6 25630.6 25630.6 25630.6 25630.6 25630.6 25630.6 25630.6 25630.6 25630.6 25630.6 25630.6 25630.6 25630.6 25630.6 25630.6 25630.6 25630.6 25630.6 25630.6 25630.6 25630.6 25630.6 25630.6 25630.6 25630.6 25630.6 25630.6 25630.6 25630.6 25630.6 25630.6 25630.6 25630.6 25630.6 25630.6 25630.6 25630.6 25630.6 25630.6 25630.6 25630.6 25630.6 25630.6 25630.6 25630.6 25630.6 25630.6 25630.6 25630.6 25630.6 25630.6 25630.6 25630.6 25630.6 25630.6 25630.6 25630.6 25630.6 25630.6 25630.6 25630.6 0 0 0 0 0 0 0 0 0 0 0 0 0 0 0 0 0 0 0 0 0 0 0 0 0
