SBPRF35
0.112866
Curr Bio
66.7344
B35
369.959
F35
0.780981
FOFL
0.180276
OFL
3.47856
Bzero
32247.4
#pred survey bio
 2288.79 1834.93 1431.5 1166.07 978.38 861.254 786.751 734.444 700.749 680.197 672.632 667.784 660.983 655.148 654.538 654.431 656.115 649.726 647.013 650.453 650.837 648.916 653.378 650.966 658.733 662.64 659.142 660.384 660.856 664.717 661.114 659.813 656.676 653.284 644.213 638.725 638.249 628.267 623.548 621.218 617.392 607.227 587.24 553.601 525.494 500.18 477.654 454.564 436.955 428.864 414.798 411.701 406.431 402.454 399.025 396.83 377.794 366.149 361.465 363.741 357.442 354.004 344.22 334.628 331.903 324.993 322.044 324.681 322.133 317.866 310.615 319.99 335.996 342.908 344.007 352.312 344.577 362.782 366.489 366.005 368.607 367.378 378.178 374.598 384.974 380.573 382.149 373.113 390.126 377.401 370.881 394.59 394.779 398.581 387.817 337.85 242.486 47.3357 67.0074 3496.48 41141.5 117691 187934 227827 247695 257636 262896 265878 267672 268795 269515 269981 270285 270484 270614 270697 270752 270787 270809 270824 270834 270840 270844 270847 270848 270850 270850 270851 270851 270851 270851 270851 270852 270852 270852 270852 270852 270852 270852 270852 270852 270852 270852 270852 270852 270852 270852 270852 270852 270852 270852 270852 270852 270852 270852 270852 270852 270852 270852 270852 270852 270852 270852 270852 270852 270852 270852 270852 270852 270852 270852 270852 270852 270852 270852 270852 270852 270852 270852 270852 270852 270852 270852 270852 270852 270852 270852 270852 270852 270852 270852 270852 270852 270852 270852 270852 270852 270852 270852 0 0 0 0 0 0 0 0 0 0 0 0 0 0 0 0 0 0 0 0 0 0 0 0 0
#obs survey bio
 1005.98 844.453 653.879 970.764 432.08 390.414 531.529 432.154 412.85 504.014 327.33 389.971 418.24 436.401 354.659 373.021 339.178 405.561 607.516 393.743 461.963 595.615 376.186 532.258 495.049 391.279 443.556 410.228 729.357 293.592 434.909 560.662 563.013 364.612 352.632 305.374 367.767 402.667 430.401 427.01 435.917 563.559 480.721 400.632 421.164 323.474 329.671 270.353 232.483 194.373 259.976 214.231 223.729 264.363 236.795 368.913 168.031 188.845 242.03 270.205 261.767 208.278 157.874 187.412 189.123 154.422 185.139 233.619 164.827 145.211 257.346 217.441 162.692 191.967 198.251 178.706 209.233 263.507 266.888 209.248 273.644 220.155 302.876 186.648 256.951 214.487 165.578 221.644 149.565 261.774 306.664 185.43 163.095 202.426 350.076 218.214 187.395 37.8999 32.0126
#pred catch bio
 137.509 178.746 127.061 111.006 87.0123 75.8933 74.4772 70.5929 67.3397 60.9025 60.615 62.9891 62.7502 59.0404 59.8542 59.4853 67.1706 64.7763 59.4691 61.4426 62.8809 57.1333 63.4189 55.378 58.387 64.4187 60.2659 60.5791 56.7946 62.4325 60.3362 61.4787 60.5433 64.2591 60.5545 55.5451 63.1013 58.3165 55.9704 57.1633 62.5934 71.3333 84.6116 82.698 83.5126 84.4104 88.1036 86.6622 81.2885 89.0013 82.7983 86.8683 88.1697 90.2422 89.5262 102.098 96.1908 92.0949 87.7441 95.2909 93.1217 98.6253 99.2932 93.9387 97.032 94.7028 92.7044 100.467 106.488 114.127 106.094 106.776 120.779 131.746 131.491 149.295 135.65 154.071 163.161 163.957 168.308 161.616 176.021 167.467 177.723 171.349 181.451 164.658 186.648 180.613 163.091 186.31 183.288 189.949 198.774 191.993 230.87 40.458 43.0125 3.47856 148.798 1065.43 2374.96 3083.29 3372.73 3479.36 3516.39 3528.74 3532.74 3534.01 3534.41 3534.53 3534.57 3534.58 3534.58 3534.58 3534.58 3534.58 3534.58 3534.58 3534.58 3534.58 3534.58 3534.58 3534.58 3534.58 3534.58 3534.58 3534.58 3534.58 3534.58 3534.58 3534.58 3534.58 3534.58 3534.58 3534.58 3534.58 3534.58 3534.58 3534.58 3534.58 3534.58 3534.58 3534.58 3534.58 3534.58 3534.58 3534.58 3534.58 3534.58 3534.58 3534.58 3534.58 3534.58 3534.58 3534.58 3534.58 3534.58 3534.58 3534.58 3534.58 3534.58 3534.58 3534.58 3534.58 3534.58 3534.58 3534.58 3534.58 3534.58 3534.58 3534.58 3534.58 3534.58 3534.58 3534.58 3534.58 3534.58 3534.58 3534.58 3534.58 3534.58 3534.58 3534.58 3534.58 3534.58 3534.58 3534.58 3534.58 3534.58 3534.58 3534.58 3534.58 3534.58 3534.58 3534.58 3534.58 3534.58 0 0 0 0 0 0 0 0 0 0 0 0 0 0 0 0 0 0 0 0 0 0 0 0 0
#obs catch bio
 0 182.7 130.089 114.746 90.0896 79.3312 78.6775 74.8345 71.7365 64.5903 64.4142 67.2459 66.8805 62.5804 63.6467 63.099 72.4677 69.5565 63.1955 65.6291 67.2165 60.4409 67.7428 58.5353 61.9365 69.0404 64.0857 64.544 59.9382 66.6592 64.0801 65.3824 64.3204 68.7297 64.3808 58.7363 67.4446 62.0207 59.2841 60.6035 66.7551 76.5021 91.9643 89.4626 90.1408 91.3077 95.9924 94.4046 87.8195 97.3235 89.143 94.5277 95.7389 97.4407 97.317 111.416 103.697 99.3424 94.1368 102.498 99.3747 106.01 107.609 101.367 104.994 102.017 99.519 107.957 114.199 123.389 113.633 112.117 126.806 139.41 139.139 157.54 142.312 158.234 168.924 168.256 173.821 165.658 182.451 174.751 186.45 176.002 187.199 168.925 196.871 185.616 163.027 192.228 190.139 193.709 198.815 198.572 238.541 37.9627 41.8893
#pred cpue bio
 2124.13 1691.33 1299.52 1039.4 854.727 738.167 663.41 611.201 577.414 556.567 548.774 544.387 538.581 533.296 532.329 531.18 531.875 525.75 523.285 526.804 527.629 526.187 530.442 527.405 533.993 537.714 534.733 536.082 536.684 540.938 537.981 536.769 534.278 532.424 525.174 520.74 520.895 512.072 508.361 506.598 503.072 493.936 476.022 444.959 418.506 394.184 372.318 349.895 332.411 323.877 309.362 304.616 298.435 293.241 288.145 286.536 271.006 260.113 254.148 255.311 249.425 246.286 237.1 227.513 224.967 219.233 215.529 215.352 209.709 201.468 189.904 193.488 202.996 203.257 198.301 200.785 189.234 198.39 195.817 189.754 188.775 186.737 193.548 187.854 194.385 192.742 195.777 185.742 196.356 187.776 182.252 196.497 193.438 197.188 192.897 169.861 124.993 7.1376 9.25174 857.443 5425.6 41766.2 103914 143221 163055 172994 178254 181237 183031 184154 184873 185339 185643 185842 185972 186056 186110 186145 186168 186182 186192 186198 186202 186205 186207 186208 186208 186209 186209 186209 186210 186210 186210 186210 186210 186210 186210 186210 186210 186210 186210 186210 186210 186210 186210 186210 186210 186210 186210 186210 186210 186210 186210 186210 186210 186210 186210 186210 186210 186210 186210 186210 186210 186210 186210 186210 186210 186210 186210 186210 186210 186210 186210 186210 186210 186210 186210 186210 186210 186210 186210 186210 186210 186210 186210 186210 186210 186210 186210 186210 186210 186210 186210 186210 186210 186210 186210 186210 186210 0 0 0 0 0 0 0 0 0 0 0 0 0 0 0 0 0 0 0 0 0 0 0 0 0
#obs cpue bio
 743.687 590.323 492.922 407.319 526.862 234.849 244.047 320.375 232.892 265.331 372.898 317.222 410.626 349.475 306.76 405.073 172.852 349.325 306.079 229.484 323.022 280.704 329.649 222.645 287.029 244.471 362.428 294.531 324.979 270.254 403.581 267.614 228.02 304.981 450.26 357.178 383.432 264.247 361.034 310.712 286.37 314.913 269.305 268.265 262.901 207.399 165.157 183.949 219.085 195.346 231.673 131.764 186.574 194.249 98.4687 152.662 223.777 139.165 132.801 144.781 144.996 133.667 128.706 126.462 129.935 154.298 124.23 128.162 164.541 137.044 87.7629 177.133 211.66 154.254 144.515 224.694 140.092 284.608 156.955 239.819 155.402 201.741 142.736 155.983 155.765 264.611 270.722 200.311 194.803 253.45 254.485 189.141 249.891 366.94 288.554 130.62 141.252 23.2889 27.4345
#pred surv len freq
 7.18226e-027 8.3293e-021 1.78838e-015 5.23825e-011 2.09305e-007 0.000114089 0.00848361 0.0860572 0.119088 0.022928 0.0181253 0.0938746 0.0692142 0.0268836 0.0778162 0.0499403 0.0545876 0.0535862 0.0527424 0.0509347 0.0505941 0.0502235 0.053174 0.0468082 0.0148234
 7.63538e-027 9.13067e-021 1.96044e-015 5.74223e-011 2.29442e-007 0.000125066 0.00929982 0.0943369 0.130546 0.0250982 0.0184647 0.0953926 0.070308 0.0265988 0.0762887 0.0490139 0.0538168 0.0524254 0.0504872 0.0482416 0.047604 0.0466127 0.0477293 0.0428848 0.0147254
 8.30815e-027 1.03211e-020 2.21605e-015 6.49089e-011 2.59357e-007 0.000141372 0.0105123 0.106636 0.147566 0.0283449 0.0198717 0.102477 0.0754611 0.0266291 0.0744066 0.0473028 0.0496322 0.0481983 0.0462916 0.0434235 0.0420857 0.0407336 0.0407368 0.0365312 0.013017
 8.78953e-027 1.11731e-020 2.39897e-015 7.02668e-011 2.80765e-007 0.000153042 0.0113801 0.115439 0.159747 0.0306826 0.0214308 0.110502 0.0813367 0.0277683 0.0765512 0.0479285 0.0468076 0.0445629 0.0411912 0.0383795 0.0365937 0.0346454 0.0339696 0.0300835 0.0108478
 9.24336e-027 1.19765e-020 2.57146e-015 7.53193e-011 3.00954e-007 0.000164046 0.0121983 0.123739 0.171233 0.0328756 0.0224561 0.115688 0.0851482 0.0288954 0.0794518 0.0493425 0.0462309 0.0429148 0.037076 0.0332076 0.0309208 0.0286761 0.0273907 0.0238192 0.00857071
 9.58116e-027 1.25746e-020 2.69988e-015 7.90807e-011 3.15983e-007 0.000172238 0.0128075 0.129919 0.179785 0.0345098 0.0232785 0.119866 0.0882073 0.0294986 0.0806154 0.0500207 0.0466379 0.0427786 0.0354158 0.0299367 0.0262269 0.0234962 0.021781 0.0184666 0.00658078
 9.76261e-027 1.28959e-020 2.76888e-015 8.11016e-011 3.24058e-007 0.00017664 0.0131348 0.133239 0.184379 0.0353954 0.0240178 0.123701 0.0910196 0.0301494 0.0820561 0.0507493 0.046526 0.0425591 0.0349486 0.0285823 0.0234253 0.0195092 0.0172798 0.0141744 0.00497691
 9.89431e-027 1.31292e-020 2.81896e-015 8.25687e-011 3.2992e-007 0.000179835 0.0133724 0.135649 0.187714 0.0360356 0.0244491 0.125922 0.0926549 0.0307207 0.0836418 0.0515833 0.0465739 0.0423395 0.0342168 0.0277465 0.0219944 0.016904 0.0137957 0.010791 0.00371425
 1.00031e-026 1.33219e-020 2.86033e-015 8.37804e-011 3.34762e-007 0.000182474 0.0135686 0.13764 0.190469 0.0365612 0.0246826 0.1271 0.0935198 0.0309689 0.0842724 0.0519684 0.0468955 0.0424516 0.0337929 0.0270234 0.0210663 0.0154397 0.0113899 0.00824753 0.00276004
 1.00571e-026 1.34176e-020 2.8809e-015 8.43827e-011 3.37168e-007 0.000183786 0.0136662 0.138629 0.191839 0.0368255 0.0249172 0.128319 0.0944125 0.0311384 0.0845864 0.052143 0.046963 0.0424989 0.0337649 0.0267006 0.0204381 0.01457 0.00990141 0.00644093 0.00206206
 1.0049e-026 1.34034e-020 2.87785e-015 8.42933e-011 3.36811e-007 0.000183592 0.0136517 0.138482 0.191635 0.0367892 0.0249955 0.128743 0.0947294 0.0313762 0.0853882 0.0526254 0.0473375 0.0428204 0.0339858 0.0268347 0.0203341 0.0141574 0.00908385 0.00526836 0.00157764
 1.00152e-026 1.33437e-020 2.86501e-015 8.39175e-011 3.35309e-007 0.000182773 0.0135909 0.137865 0.190781 0.0366292 0.0250444 0.129027 0.0949413 0.0315302 0.0859056 0.0529876 0.0478703 0.0433027 0.0343244 0.0270761 0.0204668 0.0140596 0.00864548 0.00452501 0.00124437
 1.00143e-026 1.33422e-020 2.8647e-015 8.39082e-011 3.35272e-007 0.000182753 0.0135893 0.13785 0.19076 0.0366244 0.025011 0.128849 0.0948133 0.031574 0.0861254 0.0531294 0.0480291 0.0434922 0.0345824 0.0272658 0.0205789 0.0140657 0.00841293 0.00404865 0.0010161
 1.00611e-026 1.3425e-020 2.88249e-015 8.44293e-011 3.37355e-007 0.000183888 0.0136738 0.138706 0.191945 0.0368459 0.0249335 0.128404 0.0944844 0.0314275 0.0856837 0.0528838 0.0479374 0.0434254 0.0345568 0.0273094 0.0206331 0.014069 0.00828865 0.00374612 0.000862846
 1.00916e-026 1.34791e-020 2.89409e-015 8.4769e-011 3.38712e-007 0.000184628 0.0137288 0.139264 0.192717 0.0369919 0.0249443 0.128441 0.0945069 0.0312907 0.0851436 0.0525631 0.0477124 0.0432657 0.0345323 0.027319 0.0206836 0.0141174 0.0082524 0.00357442 0.000766511
 1.01546e-026 1.35905e-020 2.91802e-015 8.54699e-011 3.41513e-007 0.000186154 0.0138423 0.140415 0.19431 0.0372924 0.0249403 0.128378 0.0944569 0.0311741 0.0847086 0.0522356 0.0471328 0.0427318 0.0341508 0.0270797 0.0205504 0.0140565 0.00819752 0.00345718 0.000702786
 1.01224e-026 1.35335e-020 2.90578e-015 8.51116e-011 3.40081e-007 0.000185374 0.0137842 0.139827 0.193496 0.0371448 0.0251796 0.12968 0.0954079 0.0313036 0.0848444 0.0522854 0.0470139 0.0425436 0.0338299 0.0268308 0.0204101 0.0140017 0.00817152 0.00339518 0.000665334
 1.01209e-026 1.35309e-020 2.90521e-015 8.50949e-011 3.40014e-007 0.000185337 0.0137815 0.139799 0.193458 0.0371398 0.0252644 0.130135 0.095748 0.0315631 0.0857185 0.0526954 0.0467553 0.042204 0.0333944 0.0263677 0.0200138 0.0137642 0.00805325 0.00332299 0.000636334
 1.01349e-026 1.35556e-020 2.91051e-015 8.52502e-011 3.40635e-007 0.000185676 0.0138067 0.140054 0.193811 0.0372046 0.0251921 0.129739 0.0954606 0.0315848 0.0859151 0.0528824 0.0472332 0.0425144 0.0332499 0.0261163 0.0197126 0.0135228 0.00793068 0.00326647 0.000617535
 1.00923e-026 1.34804e-020 2.89437e-015 8.47772e-011 3.38745e-007 0.000184645 0.0137301 0.139277 0.192735 0.0370017 0.0251923 0.129768 0.095482 0.0315949 0.085948 0.0529871 0.0477394 0.0430899 0.0338894 0.0264231 0.0197533 0.0134636 0.00788186 0.00324749 0.000610389
 1.00832e-026 1.34643e-020 2.89091e-015 8.46759e-011 3.3834e-007 0.000184425 0.0137137 0.139111 0.192505 0.0369565 0.0251215 0.129395 0.0952112 0.0315978 0.0860634 0.0530461 0.0477363 0.043178 0.0342267 0.0268224 0.0199904 0.0134752 0.00783557 0.00322428 0.000604881
 1.00835e-026 1.34646e-020 2.89099e-015 8.46783e-011 3.3835e-007 0.00018443 0.0137141 0.139115 0.192511 0.0369577 0.025128 0.129429 0.0952341 0.0315394 0.0858282 0.0529219 0.0477257 0.043159 0.0341925 0.0269427 0.0202194 0.0135871 0.00781368 0.00319772 0.000599189
 1.00967e-026 1.34882e-020 2.89605e-015 8.48266e-011 3.38942e-007 0.000184753 0.0137381 0.139358 0.192848 0.0370172 0.0249701 0.128576 0.0946108 0.0314585 0.0857545 0.0529017 0.0478288 0.0432998 0.0343987 0.0271085 0.0204278 0.0138159 0.00790174 0.00320246 0.000598102
 1.01615e-026 1.36028e-020 2.92065e-015 8.55471e-011 3.41821e-007 0.000186322 0.0138548 0.140542 0.194486 0.0373278 0.0250316 0.128862 0.0948103 0.0312184 0.0847448 0.0522725 0.0472354 0.0427756 0.03403 0.026874 0.0202857 0.0137826 0.00790945 0.00318019 0.000590048
 1.0122e-026 1.35328e-020 2.90563e-015 8.51071e-011 3.40063e-007 0.000185364 0.0137835 0.139819 0.193485 0.0371412 0.0251111 0.129314 0.0951437 0.0313571 0.0851542 0.0524824 0.0472191 0.0427574 0.0340524 0.0269265 0.0203731 0.0138822 0.00800589 0.00321403 0.000591969
 1.00739e-026 1.34477e-020 2.88736e-015 8.4572e-011 3.37925e-007 0.000184199 0.0136969 0.13894 0.192269 0.0369123 0.0251364 0.129481 0.0952714 0.031539 0.0858115 0.0528788 0.0475289 0.0429787 0.0340887 0.0269589 0.0204296 0.0139596 0.0080841 0.00325398 0.000596703
 1.00836e-026 1.3465e-020 2.89106e-015 8.46805e-011 3.38358e-007 0.000184435 0.0137144 0.139118 0.192516 0.0369581 0.0251079 0.129322 0.0951564 0.0315478 0.0858899 0.0529294 0.0475837 0.0430046 0.0340312 0.0268232 0.0202893 0.0138891 0.00807323 0.00326277 0.000597994
 1.00826e-026 1.34632e-020 2.89068e-015 8.46694e-011 3.38314e-007 0.000184411 0.0137126 0.1391 0.19249 0.0369518 0.025049 0.129008 0.0949259 0.0314976 0.085785 0.0529137 0.0478059 0.0432353 0.0342372 0.026946 0.0203117 0.0138757 0.00808524 0.00328181 0.000602806
 1.00707e-026 1.3442e-020 2.88614e-015 8.45362e-011 3.37782e-007 0.00018412 0.0136911 0.138881 0.192187 0.0368953 0.0250731 0.129144 0.0950246 0.0314766 0.0856654 0.0528477 0.0477873 0.0432783 0.0344206 0.0271206 0.0204236 0.0139023 0.00809205 0.00329603 0.000607587
 1.00138e-026 1.33414e-020 2.86453e-015 8.39034e-011 3.35253e-007 0.000182742 0.0135886 0.137842 0.190749 0.0366234 0.0250511 0.129064 0.0949703 0.0315977 0.0861572 0.053165 0.04814 0.0436219 0.0347585 0.0274813 0.0207539 0.014111 0.00818735 0.00333769 0.000617508
 1.00548e-026 1.34139e-020 2.8801e-015 8.43593e-011 3.37075e-007 0.000183735 0.0136624 0.138591 0.191785 0.0368158 0.0249289 0.128384 0.0944712 0.0314734 0.0858668 0.0529918 0.0480116 0.0435112 0.0346839 0.0274582 0.0208068 0.0141896 0.00821936 0.00334522 0.000620206
 1.00575e-026 1.34188e-020 2.88115e-015 8.43901e-011 3.37198e-007 0.000183802 0.0136674 0.138641 0.191855 0.0368309 0.0250064 0.128796 0.0947678 0.0313753 0.0853723 0.0527156 0.047905 0.0434368 0.0346544 0.0274471 0.0208277 0.0142559 0.00827506 0.00336216 0.000623362
 1.00184e-026 1.33496e-020 2.86629e-015 8.39548e-011 3.35458e-007 0.000182854 0.0135969 0.137926 0.190866 0.036647 0.0251156 0.129406 0.0952178 0.0315594 0.0859121 0.0529681 0.0477453 0.0432938 0.0346248 0.0274499 0.0208471 0.0142975 0.00832988 0.00338661 0.000627285
 9.95744e-027 1.32416e-020 2.84311e-015 8.3276e-011 3.32746e-007 0.000181376 0.013487 0.136811 0.189323 0.0363553 0.0250928 0.129324 0.095166 0.0317739 0.0867659 0.0535134 0.0483202 0.0437279 0.0347394 0.0275623 0.0209721 0.0144024 0.0084155 0.00343087 0.000635329
 9.98962e-027 1.32986e-020 2.85535e-015 8.36344e-011 3.34178e-007 0.000182156 0.013545 0.1374 0.190137 0.0365053 0.0249463 0.128519 0.0945765 0.031657 0.08654 0.053423 0.0484737 0.0438959 0.0348761 0.0275374 0.020899 0.0143806 0.00842175 0.00344466 0.000638708
 1.00029e-026 1.33222e-020 2.8604e-015 8.37824e-011 3.3477e-007 0.000182479 0.013569 0.137643 0.190474 0.0365689 0.0249522 0.128542 0.0945871 0.0314909 0.085892 0.0530756 0.0484186 0.0439302 0.0350719 0.0277149 0.0209629 0.0143807 0.00843812 0.00346205 0.000643473
 9.99086e-027 1.33008e-020 2.85582e-015 8.36483e-011 3.34234e-007 0.000182187 0.0135473 0.137423 0.190169 0.0365102 0.0249042 0.128293 0.0944061 0.031494 0.0859732 0.053105 0.0483475 0.043933 0.0352842 0.0280052 0.0212387 0.014526 0.00850697 0.00349904 0.000652212
 1.00028e-026 1.3322e-020 2.86036e-015 8.37812e-011 3.34765e-007 0.000182476 0.0135688 0.137641 0.190471 0.0365705 0.0250323 0.128971 0.0948987 0.0314854 0.0857487 0.0529221 0.0479685 0.0435292 0.0348683 0.0277799 0.0211935 0.0145348 0.00848956 0.00349163 0.000652543
 9.99629e-027 1.33104e-020 2.85788e-015 8.37085e-011 3.34474e-007 0.000182318 0.013557 0.137521 0.190306 0.0365381 0.0249844 0.128719 0.0947189 0.0315895 0.0862221 0.0531866 0.0480702 0.0435687 0.0347805 0.0276461 0.0211309 0.0145844 0.00853399 0.00350441 0.00065571
 1.00245e-026 1.33604e-020 2.8686e-015 8.40227e-011 3.3573e-007 0.000183002 0.0136079 0.138038 0.19102 0.0366698 0.024866 0.128067 0.0942399 0.031449 0.0858624 0.0530405 0.0483021 0.0437785 0.0348637 0.0276354 0.0210594 0.0145657 0.00857135 0.00352196 0.000658804
 1.00343e-026 1.33778e-020 2.87234e-015 8.4132e-011 3.36166e-007 0.00018324 0.0136256 0.138217 0.191268 0.0367193 0.0249692 0.128612 0.0946335 0.0313562 0.0853503 0.0527177 0.0479849 0.0435743 0.0349123 0.0276498 0.0210005 0.014485 0.00855196 0.00352781 0.000659965
 1.00204e-026 1.33531e-020 2.86704e-015 8.3977e-011 3.35547e-007 0.000182903 0.0136005 0.137963 0.190916 0.036658 0.0251707 0.1297 0.0954311 0.0315522 0.0858011 0.0528634 0.0474772 0.0430429 0.0344539 0.027399 0.0208505 0.0143317 0.00845052 0.00349964 0.000655994
 1.0051e-026 1.34071e-020 2.87863e-015 8.43164e-011 3.36903e-007 0.000183642 0.0136555 0.13852 0.191688 0.0368076 0.0253283 0.130523 0.0960363 0.0317434 0.0863075 0.0530592 0.047083 0.042463 0.0335247 0.0265829 0.0202755 0.0139644 0.00821062 0.00340356 0.000639886
 1.01914e-026 1.36555e-020 2.93198e-015 8.58789e-011 3.43147e-007 0.000187045 0.0139085 0.141087 0.19524 0.0374844 0.025593 0.131846 0.0969975 0.0317067 0.085791 0.0525823 0.0458865 0.0411509 0.0319975 0.0250582 0.0189465 0.013066 0.00768771 0.00318291 0.000599595
 1.03328e-026 1.39057e-020 2.9857e-015 8.74523e-011 3.49434e-007 0.000190472 0.0141633 0.143672 0.198817 0.0381653 0.0258293 0.133018 0.0978494 0.0317042 0.0854489 0.0522166 0.0448059 0.0399394 0.0305409 0.0235984 0.0175476 0.0119773 0.00704832 0.00291759 0.000549838
 1.04763e-026 1.41595e-020 3.04018e-015 8.90483e-011 3.55811e-007 0.000193948 0.0144218 0.146294 0.202445 0.0388573 0.026126 0.13451 0.0989341 0.0316821 0.0849414 0.0517514 0.0436499 0.038667 0.0290533 0.0221234 0.0161432 0.0108084 0.00629928 0.00260622 0.00049112
 1.0595e-026 1.43696e-020 3.08529e-015 9.03694e-011 3.61089e-007 0.000196825 0.0146358 0.148464 0.205449 0.0394328 0.0264734 0.136291 0.100232 0.0317634 0.0847523 0.0514507 0.0424876 0.0373873 0.0275901 0.0206922 0.0147956 0.0096795 0.00552746 0.00227062 0.000427616
 1.07362e-026 1.46193e-020 3.13891e-015 9.19399e-011 3.67365e-007 0.000200246 0.0148901 0.151045 0.209019 0.0401146 0.026796 0.137924 0.101421 0.0318172 0.0844983 0.0510915 0.0411826 0.0359461 0.0259388 0.0191403 0.0133997 0.00854841 0.00474981 0.00191731 0.000359554
 1.08693e-026 1.48548e-020 3.18947e-015 9.3421e-011 3.73283e-007 0.000203472 0.01513 0.153478 0.212386 0.0407557 0.0270288 0.139082 0.102263 0.0318242 0.0841974 0.0507632 0.040193 0.0348109 0.0245212 0.0177483 0.0121302 0.00753645 0.00405809 0.00159407 0.000295549
 1.0917e-026 1.49391e-020 3.20757e-015 9.3951e-011 3.754e-007 0.000204626 0.0152158 0.154348 0.213591 0.0409881 0.0272284 0.140118 0.103021 0.0319395 0.0843516 0.0507937 0.0399056 0.0343976 0.0238211 0.0169178 0.0112545 0.00678682 0.00353186 0.00134012 0.000243499
 1.11008e-026 1.52644e-020 3.27741e-015 9.59968e-011 3.83575e-007 0.000209082 0.0155472 0.15771 0.218242 0.0418683 0.0273393 0.140591 0.103356 0.0316818 0.083218 0.0499442 0.0384169 0.0329558 0.0225601 0.0158068 0.0102694 0.00599372 0.00300302 0.00109464 0.000193285
 1.11519e-026 1.53547e-020 3.29681e-015 9.65651e-011 3.85846e-007 0.00021032 0.0156392 0.158643 0.219534 0.0421187 0.0276011 0.141958 0.104351 0.0316986 0.0828981 0.0496801 0.0378552 0.0322975 0.0217074 0.015047 0.00961461 0.00545321 0.00262308 0.000913801 0.000155682
 1.11806e-026 1.54055e-020 3.30772e-015 9.68846e-011 3.87122e-007 0.000211015 0.0156909 0.159168 0.220261 0.0422629 0.0278807 0.143435 0.105431 0.0318742 0.0831601 0.0496816 0.037084 0.0314905 0.0209195 0.0142978 0.0089723 0.00498109 0.00230806 0.00076546 0.000125051
 1.13077e-026 1.56305e-020 3.35602e-015 9.82993e-011 3.92775e-007 0.000214097 0.0159201 0.161492 0.223477 0.042867 0.0277788 0.142806 0.104969 0.0317472 0.0828427 0.0494075 0.0364527 0.0307703 0.0200369 0.0135418 0.00835668 0.00453697 0.00203855 0.000644333 0.000100444
 1.13663e-026 1.5734e-020 3.37825e-015 9.89504e-011 3.95377e-007 0.000215515 0.0160255 0.162562 0.224957 0.0431551 0.0281256 0.144623 0.106284 0.0315794 0.0816834 0.0486667 0.0356673 0.0300015 0.0192829 0.0128361 0.00777006 0.00413315 0.0018041 0.000546255 8.11276e-005
 1.11481e-026 1.53477e-020 3.2953e-015 9.65208e-011 3.85669e-007 0.000210223 0.015632 0.15857 0.219434 0.0421303 0.0288013 0.148381 0.10905 0.0324927 0.0841604 0.0499768 0.0357972 0.0299916 0.0191418 0.0126215 0.00750309 0.00389915 0.001656 0.000482261 6.83917e-005
 1.12673e-026 1.55587e-020 3.34061e-015 9.78478e-011 3.90971e-007 0.000213113 0.0158469 0.16075 0.222451 0.0426928 0.0285383 0.146896 0.107973 0.0325963 0.0849731 0.0502894 0.0351539 0.0291948 0.0181494 0.011849 0.00696172 0.00354257 0.00146191 0.000410546 5.5794e-005
 1.15046e-026 1.59787e-020 3.43079e-015 1.00489e-010 4.01525e-007 0.000218866 0.0162747 0.16509 0.228456 0.0438186 0.0282633 0.145268 0.10676 0.0317508 0.0821603 0.0487373 0.0346373 0.0286815 0.0174292 0.011147 0.00640984 0.00321093 0.00129068 0.000349712 4.56847e-005
 1.15848e-026 1.61207e-020 3.46126e-015 1.01382e-010 4.05092e-007 0.000220811 0.0164193 0.166556 0.230485 0.0442113 0.0286495 0.147282 0.108212 0.0314103 0.080276 0.0475009 0.0331844 0.0275171 0.0169425 0.0107165 0.00599887 0.00292782 0.00115005 0.000301374 3.79091e-005
 1.15241e-026 1.60132e-020 3.43819e-015 1.00706e-010 4.02391e-007 0.000219338 0.0163098 0.165446 0.228948 0.0439265 0.0288473 0.14838 0.109027 0.0318803 0.0817832 0.0482357 0.0329009 0.0271218 0.0164868 0.0104839 0.00586097 0.0027806 0.00105907 0.000269063 3.2657e-005
 1.15686e-026 1.60919e-020 3.45508e-015 1.01201e-010 4.04369e-007 0.000220416 0.01639 0.166259 0.230073 0.0441411 0.0289417 0.148856 0.109373 0.0318715 0.0816147 0.0480813 0.0325144 0.0266306 0.0157815 0.00990453 0.00551311 0.00260679 0.00096325 0.000236213 2.77154e-005
 1.15798e-026 1.61116e-020 3.45932e-015 1.01325e-010 4.04865e-007 0.000220687 0.0164101 0.166463 0.230356 0.0441961 0.0290107 0.149217 0.109637 0.0319154 0.0816822 0.0480946 0.0323885 0.0264716 0.0155459 0.00959311 0.00521994 0.00244754 0.000894062 0.000211819 2.39826e-005
 1.17035e-026 1.63305e-020 3.50632e-015 1.02702e-010 4.10365e-007 0.000223685 0.016633 0.168724 0.233485 0.0447883 0.0290818 0.149517 0.109844 0.0315977 0.0803665 0.0472016 0.0311966 0.0254003 0.0148005 0.00906706 0.00484865 0.00221822 0.000799611 0.000185402 2.02651e-005
 1.1826e-026 1.65473e-020 3.55287e-015 1.04065e-010 4.15813e-007 0.000226654 0.0168538 0.170964 0.236585 0.0453784 0.0292899 0.150549 0.110584 0.031305 0.0789411 0.0462046 0.0297362 0.024036 0.0137373 0.00834123 0.00441475 0.00198097 0.000696173 0.000158383 1.68437e-005
 1.17434e-026 1.6401e-020 3.52146e-015 1.03145e-010 4.12137e-007 0.000224651 0.0167048 0.169453 0.234493 0.0449937 0.0296765 0.152672 0.112143 0.0317177 0.0799411 0.0466995 0.0295921 0.0237633 0.0132681 0.00792715 0.00412439 0.00182554 0.000626744 0.000138903 1.44383e-005
 1.18255e-026 1.65463e-020 3.55265e-015 1.04059e-010 4.15787e-007 0.00022664 0.0168528 0.170954 0.23657 0.0453806 0.0294858 0.151597 0.11136 0.0316853 0.0801145 0.0467245 0.0292129 0.0233426 0.0128085 0.00752103 0.00381776 0.00165512 0.000557255 0.000120206 1.21808e-005
 1.1998e-026 1.68517e-020 3.61821e-015 1.05979e-010 4.23461e-007 0.000230823 0.0171638 0.174109 0.240936 0.0461981 0.0292422 0.150181 0.110308 0.0310602 0.0780942 0.0455848 0.0287012 0.0229006 0.0124084 0.00719452 0.0035721 0.0015062 0.000494425 0.000104006 1.02561e-005
 1.21031e-026 1.70376e-020 3.65813e-015 1.07148e-010 4.28133e-007 0.00023337 0.0173532 0.17603 0.243594 0.0467019 0.029338 0.150624 0.110615 0.0306325 0.0763138 0.0444807 0.0276887 0.0220889 0.0120374 0.00694006 0.00339037 0.00139433 0.000443403 9.05919e-005 8.69553e-006
 1.22815e-026 1.73533e-020 3.72591e-015 1.09134e-010 4.36066e-007 0.000237694 0.0176747 0.179291 0.248108 0.0475586 0.0295392 0.151583 0.111295 0.0301287 0.074091 0.0429472 0.0255364 0.0201877 0.0108384 0.00624441 0.00304585 0.00123087 0.000379891 7.49548e-005 6.98401e-006
 1.25298e-026 1.77927e-020 3.82027e-015 1.11897e-010 4.47108e-007 0.000243713 0.0181223 0.183832 0.254391 0.0487483 0.029714 0.152355 0.111832 0.0294427 0.0712148 0.0410085 0.0230067 0.0178823 0.00916101 0.00517418 0.00249835 0.00100586 0.000304115 5.79585e-005 5.21773e-006
 1.27781e-026 1.8232e-020 3.91459e-015 1.1466e-010 4.58148e-007 0.000249731 0.0185698 0.188371 0.260672 0.0499451 0.0301792 0.15468 0.113495 0.0286457 0.0674732 0.0385275 0.0199573 0.0151622 0.00729976 0.0039545 0.00183154 0.000725836 0.000217348 4.03537e-005 3.50603e-006
 1.27773e-026 1.82305e-020 3.91427e-015 1.14651e-010 4.5811e-007 0.00024971 0.0185683 0.188355 0.260651 0.0499477 0.0304401 0.156076 0.11452 0.0289253 0.0681594 0.0387477 0.0191728 0.0142974 0.00642021 0.00330394 0.00143405 0.000541126 0.000158377 2.89162e-005 2.43893e-006
 1.28137e-026 1.82949e-020 3.9281e-015 1.15056e-010 4.59729e-007 0.000250592 0.0186339 0.189021 0.261571 0.0501155 0.030206 0.1548 0.113594 0.0289748 0.0687086 0.0390886 0.0194798 0.0144572 0.00623245 0.00306185 0.00123087 0.000431291 0.00011926 2.1193e-005 1.74841e-006
 1.29973e-026 1.86199e-020 3.99787e-015 1.17099e-010 4.67894e-007 0.000255043 0.0189648 0.192378 0.266217 0.0509933 0.030263 0.154984 0.113698 0.0281394 0.0654248 0.0371411 0.0181183 0.0133965 0.00576006 0.00277219 0.00105301 0.000339516 8.60715e-005 1.44271e-005 1.15712e-006
 1.3122e-026 1.88404e-020 4.04521e-015 1.18486e-010 4.73435e-007 0.000258063 0.0191894 0.194656 0.26937 0.0516018 0.0308013 0.157782 0.115712 0.0275626 0.0624048 0.0351604 0.0157898 0.0114557 0.00479193 0.0022823 0.00085252 0.00025942 5.98114e-005 9.14261e-006 6.95068e-007
 1.31393e-026 1.8871e-020 4.05179e-015 1.18679e-010 4.74205e-007 0.000258483 0.0192206 0.194973 0.269808 0.0516898 0.0310126 0.158901 0.116531 0.0276886 0.0625745 0.0350808 0.0148312 0.010525 0.00409102 0.0018771 0.000683731 0.000203576 4.39534e-005 6.05275e-006 4.22031e-007
 1.34512e-026 1.9423e-020 4.1703e-015 1.2215e-010 4.88075e-007 0.000266044 0.0197828 0.200676 0.2777 0.0531773 0.0309619 0.158424 0.116139 0.0264087 0.0577546 0.0321852 0.0126166 0.00873517 0.00317064 0.00137231 0.000464933 0.00013349 2.78458e-005 3.54351e-006 2.22692e-007
 1.34506e-026 1.94219e-020 4.17007e-015 1.22143e-010 4.88048e-007 0.000266029 0.0197817 0.200664 0.277684 0.0531759 0.0310238 0.158756 0.116384 0.0265287 0.0581242 0.0323253 0.0123175 0.00841462 0.00287987 0.00118345 0.000370018 9.8127e-005 1.94181e-005 2.35046e-006 1.35284e-007
 1.35815e-026 1.96536e-020 4.21982e-015 1.236e-010 4.93871e-007 0.000269203 0.0200177 0.203058 0.280997 0.0538068 0.0312512 0.159886 0.117181 0.0258089 0.0550224 0.0304848 0.0110287 0.00741192 0.00244587 0.000966105 0.000280979 6.84039e-005 1.23544e-005 1.40306e-006 7.58015e-008
 1.37718e-026 1.99903e-020 4.29211e-015 1.25718e-010 5.02331e-007 0.000273814 0.0203606 0.206537 0.285811 0.0547171 0.0313402 0.160237 0.117406 0.0249639 0.0516533 0.0284324 0.00932373 0.00607187 0.00189769 0.000720694 0.000199355 4.50839e-005 7.37e-006 7.59014e-007 3.82349e-008
 1.36853e-026 1.9837e-020 4.25919e-015 1.24754e-010 4.98479e-007 0.000271714 0.0202045 0.204953 0.283619 0.0543231 0.0321046 0.164384 0.120424 0.0250321 0.0507535 0.0278154 0.0084858 0.00536454 0.0015386 0.000548187 0.000142531 3.04479e-005 4.57665e-006 4.22459e-007 1.92958e-008
 1.37645e-026 1.99772e-020 4.28931e-015 1.25636e-010 5.02003e-007 0.000273636 0.0203473 0.206402 0.285624 0.054696 0.0318917 0.163192 0.119553 0.0249129 0.0506242 0.0276615 0.00798845 0.00493422 0.00132717 0.000442436 0.000104374 2.06788e-005 2.88931e-006 2.42502e-007 9.90283e-009
 1.37318e-026 1.99194e-020 4.2769e-015 1.25272e-010 5.00551e-007 0.000272844 0.0202885 0.205805 0.284798 0.054538 0.0318099 0.162776 0.119259 0.0251239 0.0515575 0.0282226 0.00841584 0.00523371 0.00135427 0.000431703 9.3877e-005 1.68458e-005 2.1348e-006 1.64212e-007 6.05279e-009
 1.39022e-026 2.02211e-020 4.34167e-015 1.27169e-010 5.08131e-007 0.000276976 0.0205957 0.208922 0.289111 0.0553489 0.0317023 0.162088 0.118728 0.0242661 0.0484332 0.0264602 0.00763609 0.00470615 0.00123638 0.000393022 8.11171e-005 1.34575e-005 1.52517e-006 1.05088e-007 3.51348e-009
 1.37537e-026 1.99582e-020 4.28522e-015 1.25516e-010 5.01524e-007 0.000273374 0.0203279 0.206205 0.285352 0.0546514 0.0321604 0.164637 0.1206 0.024791 0.0497481 0.0271546 0.00770105 0.00471008 0.001212 0.0003821 7.96091e-005 1.27466e-005 1.32601e-006 8.11413e-008 2.41555e-009
 1.36374e-026 1.97521e-020 4.24098e-015 1.2422e-010 4.96346e-007 0.000270552 0.020118 0.204076 0.282406 0.0541069 0.0326018 0.167075 0.122385 0.0251347 0.0503939 0.0274833 0.00766632 0.00465522 0.00117564 0.000363742 7.42525e-005 1.18802e-005 1.20228e-006 6.73723e-008 1.77715e-009
 1.36624e-026 1.97965e-020 4.2505e-015 1.24499e-010 4.97462e-007 0.00027116 0.0201633 0.204535 0.28304 0.0542124 0.0320448 0.164078 0.120217 0.0254435 0.0524269 0.0286348 0.00819048 0.00501218 0.00125564 0.000384264 7.66973e-005 1.20075e-005 1.20165e-006 6.53537e-008 1.58058e-009
 1.40029e-026 2.03993e-020 4.37992e-015 1.2829e-010 5.12608e-007 0.000279416 0.0207772 0.210762 0.291658 0.0558227 0.0314389 0.160613 0.117644 0.0239376 0.0475761 0.0259744 0.00740438 0.00453038 0.00114735 0.000352713 6.95388e-005 1.06676e-005 1.04111e-006 5.56458e-008 1.29977e-009
 1.37829e-026 2.00097e-020 4.29628e-015 1.2584e-010 5.0282e-007 0.000274081 0.0203804 0.206738 0.286089 0.0547898 0.0321334 0.164473 0.120476 0.024642 0.0492179 0.0268648 0.00762114 0.00465824 0.00118797 0.000368218 7.34442e-005 1.12126e-005 1.07198e-006 5.58429e-008 1.27628e-009
 1.37604e-026 1.99698e-020 4.28771e-015 1.25589e-010 5.01816e-007 0.000273533 0.0203397 0.206325 0.285518 0.0546941 0.0326081 0.167027 0.122327 0.024475 0.047856 0.0260354 0.00694143 0.00414592 0.00103921 0.000319007 6.40615e-005 9.87968e-006 9.44598e-007 4.8273e-008 1.07566e-009
 1.40251e-026 2.04385e-020 4.38835e-015 1.28537e-010 5.13595e-007 0.000279954 0.0208172 0.211168 0.292219 0.0559345 0.0316668 0.161817 0.118515 0.0238172 0.0467704 0.0253999 0.00652328 0.00382645 0.000912758 0.000269248 5.30539e-005 8.17334e-006 7.88927e-007 4.03597e-008 8.84316e-010
 1.39798e-026 2.03584e-020 4.37116e-015 1.28033e-010 5.11582e-007 0.000278857 0.0207356 0.210341 0.291074 0.0557138 0.0314869 0.160885 0.117847 0.0241131 0.0481775 0.0262677 0.00729201 0.00439428 0.00103196 0.000296645 5.53613e-005 8.26082e-006 7.90883e-007 4.07405e-008 8.93431e-010
 1.39768e-026 2.0353e-020 4.36998e-015 1.27999e-010 5.11445e-007 0.000278782 0.02073 0.210284 0.290996 0.0557141 0.0320744 0.16403 0.120118 0.0236406 0.04547 0.0247411 0.00663187 0.00396339 0.000976668 0.000289299 5.26987e-005 7.50219e-006 6.8607e-007 3.48502e-008 7.66929e-010
 1.38073e-026 2.00529e-020 4.30555e-015 1.26112e-010 5.03904e-007 0.000274672 0.0204244 0.207184 0.286706 0.0549162 0.0325238 0.166545 0.121973 0.0243589 0.0475408 0.0258125 0.00660416 0.00387072 0.000930255 0.000274555 5.25304e-005 7.49066e-006 6.55009e-007 3.16978e-008 6.84261e-010
 1.36968e-026 1.98573e-020 4.26355e-015 1.24881e-010 4.98989e-007 0.000271992 0.0202251 0.205163 0.283909 0.0543974 0.032873 0.168486 0.123397 0.0247187 0.0483882 0.0262753 0.00673364 0.0039367 0.000909577 0.000258752 4.8436e-005 7.08285e-006 6.31614e-007 2.94572e-008 6.06676e-010
 1.29254e-026 1.84913e-020 3.97026e-015 1.16291e-010 4.64663e-007 0.000253282 0.0188338 0.191049 0.264379 0.0508 0.0362829 0.187236 0.137092 0.0264077 0.0496673 0.026872 0.00639637 0.0036259 0.000825868 0.000229721 4.09335e-005 5.79164e-006 5.20455e-007 2.47337e-008 4.95585e-010
 1.19892e-026 1.68338e-020 3.61438e-015 1.05867e-010 4.23012e-007 0.000230578 0.0171456 0.173924 0.240682 0.0464175 0.0397401 0.206348 0.151093 0.0292846 0.0554325 0.0297867 0.00596726 0.00309415 0.000651392 0.000168849 2.92571e-005 3.9657e-006 3.41109e-007 1.61696e-008 3.28095e-010
 2.12734e-026 3.32713e-020 7.14367e-015 2.09241e-010 8.36066e-007 0.000455729 0.0338876 0.343754 0.475691 0.0899277 0.00738029 0.0271194 0.0197858 0.00196992 2.71845e-005 2.76958e-007 1.636e-008 1.60656e-010 2.51436e-013 1.42937e-015 1.20529e-016 1.34902e-017 1.08063e-018 4.87079e-020 9.77248e-022
 2.15353e-026 3.3735e-020 7.24324e-015 2.12158e-010 8.47719e-007 0.000462081 0.03436 0.348546 0.482321 0.0911478 0.00617735 0.0205116 0.0149634 0.00148971 2.02919e-005 6.88166e-008 2.2618e-009 2.20894e-011 2.95523e-014 5.40619e-018 1.58935e-022 9.8987e-027 2.49217e-027 2.47349e-027 2.47161e-027
#obs surv len freq
 nan nan nan nan nan nan nan nan nan nan nan nan nan nan nan nan nan nan nan nan nan nan nan nan nan
 4.91973e-027 7.74327e-021 1.66256e-015 4.8697e-011 1.94579e-007 0.000106063 0.00788674 0.0800025 0.11071 0.0213572 0.0185069 0.0961336 0.0708913 0.0278549 0.080939 0.0516755 0.0551964 0.0534004 0.0508791 0.0493106 0.0500621 0.0510333 0.0539499 0.0510203 0.0190843
 5.29362e-027 8.33175e-021 1.78892e-015 5.2398e-011 2.09367e-007 0.000114123 0.00848613 0.0860826 0.119124 0.02298 0.0198971 0.103352 0.0762155 0.0299756 0.0871249 0.0554416 0.0582969 0.0549224 0.0483164 0.0437227 0.0421387 0.0421187 0.0442621 0.0417981 0.0156304
 5.55134e-027 8.73738e-021 1.87601e-015 5.49489e-011 2.1956e-007 0.000119679 0.00889927 0.0902735 0.124923 0.0240972 0.0208039 0.108053 0.0796817 0.0313279 0.0910455 0.0579687 0.0610951 0.0573327 0.0494086 0.041927 0.0369106 0.0345926 0.0355818 0.0334553 0.0125026
 5.71082e-027 8.98839e-021 1.9299e-015 5.65275e-011 2.25868e-007 0.000123117 0.00915494 0.092867 0.128512 0.0247915 0.0214836 0.111596 0.0822913 0.0322722 0.0937091 0.0596399 0.0627431 0.0588878 0.0507147 0.0423522 0.0349604 0.0294413 0.0283764 0.0262804 0.00980306
 5.81371e-027 9.15033e-021 1.96467e-015 5.75459e-011 2.29937e-007 0.000125336 0.00931987 0.0945401 0.130827 0.0252383 0.0218754 0.113632 0.0837961 0.0329527 0.0957728 0.0609058 0.0638484 0.0598622 0.0514363 0.042905 0.0347849 0.0269704 0.0231391 0.0204766 0.00759101
 5.88806e-027 9.26736e-021 1.9898e-015 5.82819e-011 2.32878e-007 0.000126939 0.00943907 0.0957492 0.132501 0.025559 0.0220732 0.114647 0.0845448 0.0332587 0.0966747 0.0615321 0.0647501 0.0606785 0.0520093 0.0433014 0.0349863 0.0262247 0.0199819 0.0161039 0.0058584
 5.89991e-027 9.286e-021 1.9938e-015 5.83992e-011 2.33347e-007 0.000127194 0.00945806 0.0959418 0.132767 0.0256138 0.0222519 0.115596 0.0852417 0.0334475 0.0971403 0.0618535 0.0652117 0.0612144 0.0526987 0.0438338 0.0353289 0.0261986 0.0184413 0.0130782 0.00455525
 5.92424e-027 9.32429e-021 2.00203e-015 5.864e-011 2.34309e-007 0.000127718 0.00949706 0.0963374 0.133315 0.0257178 0.0222794 0.115729 0.0853448 0.0336352 0.0978288 0.0622387 0.0653669 0.0613556 0.052877 0.0441215 0.0355949 0.0262693 0.0177135 0.0110676 0.00358321
 5.94707e-027 9.36022e-021 2.00974e-015 5.8866e-011 2.35212e-007 0.000128211 0.00953365 0.0967087 0.133828 0.0258151 0.0222938 0.115793 0.0853896 0.0335872 0.097627 0.062192 0.0656996 0.0616475 0.0530171 0.0442727 0.0358236 0.0264533 0.0174408 0.00984442 0.00290452
 5.95055e-027 9.3657e-021 2.01092e-015 5.89004e-011 2.35349e-007 0.000128286 0.00953924 0.0967653 0.133907 0.0258324 0.0223925 0.116318 0.0857741 0.0336496 0.0977203 0.0622075 0.0655155 0.0615479 0.0531362 0.0443162 0.0358453 0.0265364 0.017325 0.00909972 0.0024434
 5.9481e-027 9.36184e-021 2.01009e-015 5.88761e-011 2.35252e-007 0.000128233 0.00953531 0.0967254 0.133851 0.0258215 0.0223729 0.116215 0.0857017 0.0337264 0.098046 0.0623924 0.065602 0.0615858 0.0531043 0.0444206 0.0359711 0.0266275 0.0173284 0.00868992 0.00215381
 5.95928e-027 9.37945e-021 2.01387e-015 5.89869e-011 2.35695e-007 0.000128474 0.00955324 0.0969073 0.134103 0.0258688 0.0223673 0.116178 0.0856741 0.0336995 0.0979531 0.0623695 0.0657458 0.0616903 0.0530772 0.0443379 0.0359544 0.0266591 0.017313 0.00844561 0.00197367
 5.94943e-027 9.36394e-021 2.01054e-015 5.88893e-011 2.35305e-007 0.000128261 0.00953744 0.096747 0.133881 0.0258273 0.02238 0.116252 0.0857269 0.0336747 0.0978366 0.0623085 0.0657475 0.0617696 0.0533213 0.0445018 0.0360321 0.0267475 0.0173695 0.00833593 0.00187409
 5.96716e-027 9.39184e-021 2.01653e-015 5.90648e-011 2.36006e-007 0.000128644 0.00956586 0.0970353 0.13428 0.0259034 0.0224106 0.116405 0.0858411 0.0337557 0.0981059 0.0624136 0.0655444 0.0615149 0.0530089 0.04431 0.0358823 0.0265976 0.0172758 0.00821653 0.00180344
 5.96479e-027 9.38811e-021 2.01573e-015 5.90414e-011 2.35913e-007 0.000128593 0.00956206 0.0969968 0.134227 0.0258937 0.0224262 0.11649 0.0859026 0.0337491 0.0980576 0.0624222 0.0657357 0.0616507 0.0529745 0.0442214 0.0358308 0.0265689 0.0172376 0.00815859 0.00176557
 5.96012e-027 9.38077e-021 2.01415e-015 5.89952e-011 2.35728e-007 0.000128492 0.00955458 0.0969209 0.134122 0.0258742 0.022438 0.116556 0.0859522 0.0337931 0.0982087 0.0624969 0.0657155 0.0616654 0.0530722 0.0442134 0.0357414 0.0265049 0.0171909 0.00810963 0.001741
 5.97518e-027 9.40447e-021 2.01924e-015 5.91442e-011 2.36324e-007 0.000128817 0.00957872 0.0971658 0.134461 0.0259365 0.0223731 0.1162 0.0856909 0.0337313 0.0980702 0.0624359 0.0657779 0.0617262 0.0531218 0.0443179 0.035804 0.0264904 0.0171756 0.00808605 0.00172784
 5.97258e-027 9.40038e-021 2.01836e-015 5.91185e-011 2.36221e-007 0.000128761 0.00957455 0.0971235 0.134402 0.0259276 0.0224597 0.116665 0.0860287 0.0337175 0.0978863 0.0623197 0.0656619 0.0616316 0.0530719 0.0442672 0.0357864 0.0264598 0.0171224 0.0080496 0.00171514
 5.95755e-027 9.37672e-021 2.01328e-015 5.89697e-011 2.35626e-007 0.000128437 0.00955046 0.0968791 0.134064 0.0258626 0.02241 0.116408 0.0858434 0.033769 0.0981571 0.06246 0.0656597 0.0616611 0.0532105 0.0444353 0.0359453 0.0265898 0.0171864 0.00806435 0.00171509
 5.95732e-027 9.37636e-021 2.0132e-015 5.89674e-011 2.35617e-007 0.000128432 0.00955009 0.0968754 0.134059 0.0258623 0.0224376 0.116556 0.085952 0.0338008 0.098239 0.062524 0.0657783 0.0616799 0.0529909 0.044269 0.0358568 0.026544 0.017155 0.0080355 0.00170609
 5.97331e-027 9.40153e-021 2.01861e-015 5.91257e-011 2.3625e-007 0.000128776 0.00957573 0.0971355 0.134419 0.0259293 0.0224014 0.116353 0.0858038 0.0337786 0.0982099 0.0625085 0.065777 0.0617044 0.0530479 0.044179 0.0357263 0.0264821 0.0171265 0.0080146 0.00169888
