SBPRF35
5.51971
Curr Bio
212.234
B35
7093.78
F35
0.0338543
FOFL
0
OFL
0
Bzero
1.57706e+006
#pred survey bio
 833.785 678.59 572.907 518.12 467.436 446.155 420.991 412.987 404.039 401.773 410.001 420.648 420.882 422.197 406.709 373.862 359.306 372.383 382.022 392.635 412.767 432.402 424.246 412.258 398.507 395.029 374.095 366.228 355.898 344.325 336.646 340.008 358.314 373.374 368.133 365.878 350.731 363.504 394.236 421.17 436.265 425.608 390.997 353.615 327.367 312.571 308.112 298.656 294.193 278.496 267.435 257.103 259.999 267.42 254.497 235.227 225.216 213.537 202.209 198.143 196.716 194.672 189.331 197.714 210.177 253.386 293.44 193.924 196.576 209.335 215.578 227.524 224.598 238.944 238.545 253.578 275.038 333.795 385.961 264.053 276.022 302.395 287.631 298.575 279.592 284.929 286.986 294.687 300.678 315.057 364.552 427.136 314.789 323.85 349.312 213.906 2654.85 42409.9 155341 352675 620098 938710 1.29186e+006 1.66388e+006 2.04331e+006 2.42126e+006 2.79313e+006 3.15601e+006 3.50816e+006 3.84866e+006 4.17706e+006 4.49328e+006 4.79652e+006 5.08737e+006 5.3664e+006 5.63411e+006 5.891e+006 6.13753e+006 6.37417e+006 6.60132e+006 6.81939e+006 7.02877e+006 7.22983e+006 7.42292e+006 7.60838e+006 7.78653e+006 7.95768e+006 8.12212e+006 8.28014e+006 8.43201e+006 8.57798e+006 8.7183e+006 8.85322e+006 8.98295e+006 9.10771e+006 9.22771e+006 9.34315e+006 9.45422e+006 9.5611e+006 9.66397e+006 9.76299e+006 9.85832e+006 9.95012e+006 1.00385e+007 1.01237e+007 1.02057e+007 1.02848e+007 1.0361e+007 1.04344e+007 1.05053e+007 1.05736e+007 1.06394e+007 1.0703e+007 1.07643e+007 1.08235e+007 1.08807e+007 1.09358e+007 1.09891e+007 1.10406e+007 1.10903e+007 1.11384e+007 1.11849e+007 1.12298e+007 1.12733e+007 1.13153e+007 1.1356e+007 1.13954e+007 1.14335e+007 1.14705e+007 1.15062e+007 1.15409e+007 1.15745e+007 1.16071e+007 1.16386e+007 1.16693e+007 1.1699e+007 1.17278e+007 1.17558e+007 1.1783e+007 1.18094e+007 1.18351e+007 1.186e+007 1.18843e+007 1.19078e+007 1.19308e+007 1.19531e+007 1.19748e+007 1.19959e+007 1.20165e+007 1.20366e+007 1.20561e+007 1.20752e+007 1.20937e+007 1.21119e+007 1.21295e+007 1.21468e+007 0 0 0 0 0 0 0 0 0 0 0 0 0 0 0 0 0 0 0 0 0 0 0 0 0
#obs survey bio
 778.221 712.823 643.41 942.125 424.196 567.774 303.097 529.166 417.441 450.73 477.027 483.697 456.511 621.949 465.978 444.901 243.3 576.846 443.736 358.465 357.464 515.258 392.753 429.312 296.549 462.946 325.115 445.386 499.894 356.265 377.908 230.122 401.524 550.135 394.568 429.378 304.149 376.036 484.641 364.133 535.601 494.851 377.423 291.072 456.024 327.224 299.971 385.079 285.051 282.878 233.227 213.252 270.728 327.051 252.835 286.859 211.743 163.832 207.208 191.519 152.879 164.076 167.821 235.743 187.638 192.259 159 221.719 172.041 141.176 179.535 324.87 252.234 199.945 215.97 262.38 186.566 198.448 186.856 168.124 247.011 287.837 192.213 215.811 298.169 170.115 329.244 237.904 196.385 222.149 212.119 184.781 217.898 248.337 170.115 179.817
#pred catch bio
 174.131 164.098 127.26 114.609 86.1407 76.351 76.3397 76.4866 71.2112 66.2153 65.628 71.6265 65.3049 64.7099 69.1256 66.522 63.7857 64.6593 68.3697 62.3452 60.7116 67.2808 67.119 62.8632 65.1412 63.6457 63.1992 67.4869 59.7251 63.0073 64.8036 62.6527 64.8289 69.2558 61.9449 74.6691 63.1376 58.8047 61.6879 63.9704 68.9446 73.6214 80.4142 95.8917 88.242 91.1569 97.6497 84.1629 95.0129 92.7719 101.006 94.1827 86.9272 97.4502 96.7834 90.2665 95.6862 100.493 96.3519 96.6852 100.833 105.346 99.6637 104.92 97.8387 103.792 105.331 108.433 109.205 118.79 117.811 132.096 122.587 141.165 137.131 145.939 144.727 160.413 151.532 155.707 157.944 191.757 173.294 194.752 175.439 182.153 176.582 183.336 187.465 183.547 184.496 171.834 198.26 177.982 174.978 182.629 0 23.9083 102.223 340.717 719.941 1205.51 1761.47 2356.32 2967.32 3577.39 4177.8 4763.49 5331.65 5880.92 6410.69 6920.67 7408.71 7875.74 8322.68 8750.37 9159.66 9551.33 9926.15 10284.8 10628.1 10956.6 11270.9 11571.7 11859.6 12135 12398.7 12650.9 12892.3 13123.4 13344.4 13556 13758.5 13952.2 14137.6 14315 14484.8 14647.3 14802.8 14951.6 15094 15230.3 15360.7 15485.5 15604.9 15719.2 15828.5 15933.2 16033.3 16129.2 16220.9 16308.6 16392.6 16473 16549.9 16623.5 16694 16761.4 16825.9 16887.6 16946.7 17003.2 17057.3 17109.1 17158.6 17206 17251.4 17294.8 17336.3 17376.1 17414.1 17450.5 17485.4 17518.7 17550.6 17581.2 17610.4 17638.4 17665.1 17690.7 17715.2 17738.7 17761.1 17782.6 17803.2 17822.8 17841.6 17859.6 17876.9 17893.4 17909.2 17924.3 17938.7 17952.6 17965.8 17978.5 0 0 0 0 0 0 0 0 0 0 0 0 0 0 0 0 0 0 0 0 0 0 0 0 0
#obs catch bio
 0 167.442 128.959 115.639 86.8552 76.7227 77.0427 77.1126 71.5122 66.4516 65.9244 72.0134 65.5854 64.891 69.3 66.7838 64.3704 64.856 68.8618 62.5517 60.873 67.5216 67.5212 63.0645 65.7259 63.846 63.5424 68.0686 59.8914 63.2856 65.261 63.1919 65.248 69.4994 61.9619 75.1111 63.4443 59.1713 61.9018 64.01 68.9921 73.6287 80.4094 97.2853 88.4448 92.2922 98.957 83.9652 95.4748 92.7916 102.323 95.3993 86.6665 97.4089 96.4838 90.0218 95.5098 101.679 96.9038 96.6015 101.972 106.231 101.111 106.018 99.5143 107.487 111.019 115.248 109.421 119.954 116.967 130.984 120.7 141.157 137.364 143.965 144.577 162.964 156.947 163.935 157.199 191.021 174.651 196.941 174.617 188.004 174.527 182.385 188.371 185.216 187.259 177.98 210.921 183.065 184.503 189.367
#pred cpue bio
 818.093 634.784 523.501 466.948 416.612 395.86 373.202 365.231 356.448 353.06 359.243 370.175 367.209 366.784 355.067 326.053 312.792 324.69 333.969 343.384 361.275 379.671 372.355 361.765 349.774 347.1 328.364 320.979 311.583 302.076 294.878 297.508 313.825 327.76 322.627 321.413 305.215 313.84 340.168 362.916 372.097 360.221 329.173 293.251 265.791 248.959 248.378 240.841 238.309 223.407 212.458 200.487 200.503 204.296 188.614 167.951 161.914 152.081 142.395 139.143 135.61 133.856 122.084 125.245 128.139 162.736 210.988 133.495 127.782 129.949 137.568 139.156 131.559 139.612 134.421 150.441 157.578 206.426 292.373 190.084 176.083 174.285 154.048 160.284 136.123 131.418 157.064 168.521 169.433 169.381 211.293 292.442 201.161 197.223 251.231 162.437 1586.16 14989.3 63989.2 213447 450231 752162 1.09664e+006 1.46429e+006 1.84134e+006 2.21754e+006 2.58775e+006 2.94909e+006 3.29995e+006 3.63961e+006 3.96775e+006 4.28425e+006 4.58777e+006 4.8789e+006 5.15817e+006 5.42613e+006 5.68325e+006 5.93001e+006 6.16686e+006 6.39422e+006 6.61249e+006 6.82206e+006 7.0233e+006 7.21657e+006 7.4022e+006 7.58051e+006 7.75182e+006 7.91641e+006 8.07458e+006 8.22658e+006 8.37269e+006 8.51314e+006 8.64817e+006 8.77802e+006 8.9029e+006 9.02301e+006 9.13855e+006 9.24972e+006 9.3567e+006 9.45966e+006 9.55877e+006 9.65419e+006 9.74607e+006 9.83456e+006 9.9198e+006 1.00019e+007 1.00811e+007 1.01573e+007 1.02308e+007 1.03017e+007 1.03701e+007 1.0436e+007 1.04996e+007 1.0561e+007 1.06203e+007 1.06775e+007 1.07327e+007 1.0786e+007 1.08376e+007 1.08873e+007 1.09355e+007 1.0982e+007 1.1027e+007 1.10705e+007 1.11126e+007 1.11533e+007 1.11927e+007 1.12309e+007 1.12678e+007 1.13036e+007 1.13383e+007 1.13719e+007 1.14045e+007 1.14361e+007 1.14668e+007 1.14965e+007 1.15254e+007 1.15534e+007 1.15806e+007 1.16071e+007 1.16327e+007 1.16577e+007 1.1682e+007 1.17056e+007 1.17285e+007 1.17509e+007 1.17726e+007 1.17938e+007 1.18144e+007 1.18344e+007 1.1854e+007 1.18731e+007 1.18917e+007 1.19098e+007 1.19275e+007 1.19447e+007 0 0 0 0 0 0 0 0 0 0 0 0 0 0 0 0 0 0 0 0 0 0 0 0 0
#obs cpue bio
 589.717 417.764 489.943 314.803 386.286 432.075 328.783 311.84 336.26 279.438 286.59 302.728 305.79 268.937 332.521 239.321 256.575 304.989 244.939 326.78 388.739 394.207 333.489 383.014 312.046 421.26 278.508 228.575 274.595 262.977 213.352 277.807 299.769 289.025 272.496 276.061 259.206 227.996 306.468 437.138 324.998 326.952 349.804 213.493 244.741 151.905 209.78 268.61 212.693 227.031 161.114 179.684 243.353 177.774 200.344 142.605 176.605 146.588 142.706 153.935 126.764 147.418 99.6589 99.0963 91.6034 102.234 119.681 128.635 128.411 136.139 203.37 138.903 147.214 150.861 135.453 209.731 184.319 238.958 236.489 206.304 261.036 214.193 182.932 202.218 150.364 110.057 225.017 215.039 215.993 195.7 261.358 246.546 171.388 167.159 163.642 246.739
#pred surv len freq
 1.95086e-026 2.24129e-020 3.92835e-015 9.39282e-011 3.06372e-007 0.000136325 0.00827505 0.0685232 0.0774088 0.0125143 0.0173709 0.0682401 0.0383471 0.0273571 0.0665042 0.0374933 0.0518899 0.0459417 0.0504247 0.0468799 0.0423568 0.0467176 0.108392 0.146141 0.0390854
 2.38509e-026 2.81315e-020 4.93066e-015 1.17894e-010 3.84543e-007 0.000171108 0.0103864 0.0860068 0.0971561 0.0149776 0.00137094 0.0263252 0.0895688 0.0459124 0.0419809 0.0528628 0.0466671 0.0537989 0.0522033 0.0530772 0.0508324 0.0559595 0.11389 0.0937339 0.0131186
 2.5969e-026 3.09188e-020 5.41919e-015 1.29575e-010 4.22643e-007 0.000188062 0.0114155 0.0945283 0.106782 0.0164608 0.00144853 0.0295136 0.107762 0.05417 0.0202441 0.0768393 0.0628725 0.0491472 0.049816 0.052238 0.052449 0.0592519 0.095563 0.054286 0.0050235
 2.71674e-026 3.24955e-020 5.69554e-015 1.36182e-010 4.44196e-007 0.000197652 0.0119976 0.0993488 0.112228 0.0173001 0.00149724 0.0307024 0.113422 0.0576609 0.0217877 0.0870733 0.0649265 0.0528878 0.0600543 0.0493579 0.0508337 0.0586283 0.0756617 0.0321899 0.00224388
 2.80772e-026 3.36925e-020 5.90534e-015 1.41199e-010 4.60558e-007 0.000204932 0.0124396 0.103008 0.116362 0.0179403 0.00192988 0.0368963 0.119582 0.0535547 0.0247893 0.0931811 0.0638941 0.0593644 0.0613287 0.0544122 0.0497183 0.0554418 0.0574838 0.0175838 0.00088491
 2.8198e-026 3.38513e-020 5.93318e-015 1.41864e-010 4.6273e-007 0.000205899 0.0124982 0.103494 0.11691 0.018027 0.00217722 0.0398794 0.120629 0.0507536 0.0291812 0.0972072 0.060638 0.064954 0.0643917 0.0589112 0.0528391 0.053079 0.0438612 0.00998729 0.000375136
 2.79288e-026 3.34968e-020 5.87105e-015 1.40379e-010 4.57884e-007 0.000203743 0.0123674 0.10241 0.115686 0.017848 0.00310652 0.0491569 0.120674 0.0420798 0.0367302 0.0998417 0.0567208 0.0709524 0.064775 0.0630411 0.0563378 0.0515511 0.031524 0.00487018 0.000122722
 2.77605e-026 3.32753e-020 5.83222e-015 1.3945e-010 4.54855e-007 0.000202395 0.0122855 0.101733 0.114921 0.0177334 0.00338634 0.0515111 0.120107 0.0406633 0.0440559 0.10032 0.0550568 0.0733336 0.0655537 0.0651614 0.0592053 0.0492994 0.0228663 0.00255742 4.67193e-005
 2.81897e-026 3.384e-020 5.9312e-015 1.41817e-010 4.62575e-007 0.00020583 0.0124941 0.103459 0.116871 0.0180406 0.00390708 0.0552656 0.118106 0.0375216 0.0485095 0.0992844 0.0565098 0.0745343 0.0654064 0.065679 0.0603762 0.0460197 0.0164395 0.00135089 1.81962e-005
 2.85906e-026 3.43675e-020 6.02366e-015 1.44028e-010 4.69786e-007 0.000209038 0.0126888 0.105072 0.118693 0.0183231 0.00404667 0.0563569 0.118339 0.0373958 0.0507356 0.0967247 0.056397 0.075215 0.0666003 0.0658326 0.0607835 0.0431297 0.0126274 0.000820035 8.77904e-006
 2.84593e-026 3.41947e-020 5.99337e-015 1.43303e-010 4.67423e-007 0.000207987 0.012625 0.104544 0.118096 0.0182305 0.00400933 0.0563107 0.119299 0.0379949 0.050885 0.0967946 0.0572266 0.0749749 0.0674194 0.0671294 0.0614849 0.0414958 0.0106738 0.000592496 5.44112e-006
 2.85785e-026 3.43516e-020 6.02087e-015 1.43961e-010 4.69568e-007 0.000208942 0.0126829 0.105024 0.118638 0.0183124 0.00387524 0.0550104 0.118281 0.0380948 0.050294 0.0975351 0.0576542 0.075325 0.0678278 0.0678421 0.0624007 0.0407637 0.00973235 0.000492554 4.12582e-006
 2.89098e-026 3.47875e-020 6.09726e-015 1.45788e-010 4.75526e-007 0.000211593 0.0128439 0.106356 0.120143 0.0185465 0.0040489 0.0565476 0.11922 0.037695 0.0498616 0.0958906 0.0570019 0.0750468 0.0675697 0.0676072 0.0623299 0.0397301 0.00892623 0.00041884 3.2441e-006
 2.84453e-026 3.41763e-020 5.99014e-015 1.43226e-010 4.67172e-007 0.000207875 0.0126182 0.104488 0.118033 0.0182201 0.00396646 0.0561621 0.120081 0.0384802 0.0506456 0.0973334 0.0571028 0.0748914 0.067871 0.0681681 0.0629108 0.0397406 0.00868302 0.000393161 2.93632e-006
 2.81113e-026 3.37368e-020 5.91311e-015 1.41384e-010 4.61164e-007 0.000205202 0.0124559 0.103144 0.116515 0.0179868 0.003995 0.0560213 0.118376 0.0376411 0.0513809 0.0987319 0.0583869 0.076236 0.0682045 0.068591 0.0635082 0.0397599 0.0084849 0.000372563 2.69481e-006
 2.82909e-026 3.39731e-020 5.95453e-015 1.42375e-010 4.64395e-007 0.000206639 0.0125432 0.103866 0.117331 0.0181135 0.00406647 0.0565493 0.118368 0.0374077 0.0517476 0.0978439 0.0580524 0.0764314 0.0685014 0.0682212 0.0630367 0.0391806 0.00818123 0.000348646 2.43924e-006
 2.84024e-026 3.41198e-020 5.98024e-015 1.4299e-010 4.664e-007 0.000207532 0.0125974 0.104315 0.117838 0.0181925 0.00414181 0.0573352 0.119297 0.0375552 0.0522988 0.0977518 0.057858 0.0756527 0.0680798 0.0679521 0.0623199 0.0383981 0.00787962 0.000327781 2.2318e-006
 2.83216e-026 3.40135e-020 5.96161e-015 1.42544e-010 4.64946e-007 0.000206885 0.0125581 0.10399 0.11747 0.018129 0.00361693 0.0534496 0.120444 0.0402604 0.0497248 0.0993009 0.0584213 0.0758787 0.067968 0.0678939 0.062548 0.0393306 0.00843578 0.000370408 2.67024e-006
 2.84284e-026 3.4154e-020 5.98623e-015 1.43133e-010 4.66866e-007 0.000207739 0.01261 0.104419 0.117955 0.0182094 0.00404629 0.0564674 0.118736 0.0373743 0.0499581 0.0988672 0.0585971 0.076442 0.0684068 0.0679672 0.0623978 0.0388184 0.00816635 0.000350471 2.46457e-006
 2.89064e-026 3.4783e-020 6.09648e-015 1.45769e-010 4.75465e-007 0.000211565 0.0128422 0.106342 0.120128 0.0185422 0.00390655 0.0554516 0.119282 0.0384355 0.0505367 0.0974298 0.0567936 0.0754081 0.0680688 0.0677186 0.0619195 0.0385098 0.00812026 0.000349814 2.47113e-006
 2.88299e-026 3.46823e-020 6.07883e-015 1.45347e-010 4.74089e-007 0.000210953 0.012805 0.106035 0.11978 0.0184898 0.00399619 0.0562098 0.119482 0.0380241 0.0498872 0.0966871 0.0575231 0.0753673 0.0677552 0.0682543 0.062463 0.0386019 0.00807948 0.000345316 2.42001e-006
 2.85755e-026 3.43476e-020 6.02017e-015 1.43944e-010 4.69514e-007 0.000208917 0.0126815 0.105011 0.118624 0.0183105 0.00389844 0.0552932 0.11871 0.0381365 0.0498791 0.0967611 0.0572962 0.075786 0.0687362 0.0689845 0.0636591 0.0394096 0.00825652 0.000353848 2.48873e-006
 2.85038e-026 3.42532e-020 6.00362e-015 1.43549e-010 4.68223e-007 0.000208343 0.0126466 0.104723 0.118298 0.0182633 0.00412036 0.056942 0.118387 0.0371032 0.0507839 0.0963971 0.0572258 0.0753464 0.0684681 0.0692918 0.0640209 0.0393601 0.00807472 0.000337025 2.30532e-006
 2.86039e-026 3.43849e-020 6.02671e-015 1.44101e-010 4.70024e-007 0.000209144 0.0126953 0.105126 0.118753 0.0183311 0.0039491 0.055652 0.118563 0.0379771 0.0508806 0.0966456 0.0570181 0.0749987 0.0679634 0.068863 0.0641559 0.039693 0.00818101 0.000342659 2.35225e-006
 2.83513e-026 3.40526e-020 5.96846e-015 1.42708e-010 4.65481e-007 0.000207123 0.0125725 0.104109 0.117605 0.0181569 0.00414506 0.0571748 0.118503 0.0370901 0.0511706 0.0964418 0.0577111 0.075655 0.0681835 0.0688924 0.0643033 0.0396823 0.00806237 0.000330818 2.21923e-006
 2.83394e-026 3.40369e-020 5.96571e-015 1.42642e-010 4.65267e-007 0.000207028 0.0125668 0.104061 0.117551 0.0181438 0.00379126 0.0545275 0.118956 0.0388094 0.0504263 0.0976195 0.0574086 0.0752842 0.0683645 0.0688017 0.064278 0.0403958 0.00844668 0.000357837 2.481e-006
 2.82781e-026 3.39563e-020 5.95158e-015 1.42304e-010 4.64164e-007 0.000206537 0.012537 0.103815 0.117273 0.0181061 0.00417766 0.0573756 0.118278 0.0367982 0.0510201 0.097177 0.0579893 0.0758205 0.0682127 0.0688224 0.0640557 0.039828 0.00816837 0.000337123 2.26936e-006
 2.81215e-026 3.37502e-020 5.91546e-015 1.41441e-010 4.61348e-007 0.000205284 0.0124609 0.103185 0.116561 0.0179922 0.00386692 0.0552586 0.119407 0.0387066 0.0511775 0.0978716 0.0573776 0.0756607 0.0685246 0.0687524 0.0640298 0.0401943 0.00840923 0.000355529 2.4535e-006
 2.80502e-026 3.36564e-020 5.89902e-015 1.41048e-010 4.60065e-007 0.000204713 0.0124263 0.102898 0.116237 0.0179419 0.00385088 0.0553429 0.120285 0.0389783 0.0502738 0.0996749 0.0584681 0.0752662 0.0675778 0.0681617 0.0634047 0.0401004 0.00853509 0.00036875 2.60408e-006
 2.79077e-026 3.34689e-020 5.86615e-015 1.40262e-010 4.57502e-007 0.000203572 0.012357 0.102325 0.115589 0.0178448 0.0040353 0.0563251 0.118248 0.0373722 0.05143 0.0992847 0.0586364 0.077269 0.0687767 0.0683336 0.0634551 0.0397984 0.00835737 0.000355444 2.46847e-006
 2.79984e-026 3.35882e-020 5.88706e-015 1.40762e-010 4.59132e-007 0.000204298 0.0124011 0.10269 0.116001 0.0179083 0.00403757 0.056462 0.118795 0.0377213 0.0520323 0.0983888 0.058065 0.0766291 0.0690964 0.0687485 0.0630209 0.0392725 0.00817859 0.000344602 2.37015e-006
 2.82388e-026 3.39045e-020 5.94251e-015 1.42087e-010 4.63457e-007 0.000206222 0.0125179 0.103657 0.117094 0.018076 0.00399961 0.0563119 0.119518 0.0381818 0.0519124 0.099077 0.058177 0.0754891 0.0679665 0.0682331 0.0625101 0.0386828 0.00804819 0.000339326 2.33638e-006
 2.80327e-026 3.36334e-020 5.89499e-015 1.40951e-010 4.59751e-007 0.000204573 0.0124178 0.102828 0.116158 0.0179278 0.00370108 0.0541964 0.120541 0.0398234 0.0499203 0.09983 0.0587518 0.0764331 0.0681814 0.0680136 0.0628295 0.0394217 0.00844766 0.000370822 2.66901e-006
 2.79871e-026 3.35734e-020 5.88447e-015 1.407e-010 4.58931e-007 0.000204208 0.0123956 0.102644 0.11595 0.0178966 0.00374868 0.0543136 0.119328 0.0389052 0.0491711 0.100265 0.0588873 0.0767836 0.0690342 0.0685497 0.0630448 0.0398533 0.0086353 0.000384928 2.82096e-006
 2.77833e-026 3.33052e-020 5.83746e-015 1.39576e-010 4.55264e-007 0.000202577 0.0122966 0.101824 0.115024 0.0177585 0.00410744 0.0572044 0.119553 0.0375736 0.0513205 0.0992695 0.0580631 0.0768231 0.0691337 0.0689649 0.0630447 0.0392064 0.00827062 0.000356563 2.52246e-006
 2.77782e-026 3.32985e-020 5.83629e-015 1.39548e-010 4.55173e-007 0.000202536 0.0122941 0.101804 0.115001 0.017752 0.00385957 0.0547797 0.117424 0.0378846 0.0517605 0.0992517 0.0585215 0.0774033 0.0696063 0.0699186 0.0640812 0.039726 0.00836554 0.000360343 2.54725e-006
 2.89122e-026 3.47906e-020 6.09781e-015 1.45801e-010 4.75569e-007 0.000211612 0.012845 0.106366 0.120154 0.0185491 0.00411751 0.0569491 0.118698 0.0373061 0.0512919 0.0974927 0.0575155 0.074756 0.0673641 0.0676919 0.0622655 0.0382176 0.00787555 0.000330713 2.27591e-006
 2.94393e-026 3.54841e-020 6.21937e-015 1.48707e-010 4.85049e-007 0.00021583 0.0131011 0.108486 0.122549 0.0189168 0.00403608 0.0566592 0.120371 0.0384126 0.0509492 0.0966368 0.056754 0.0741761 0.0661716 0.0660336 0.0609496 0.0375261 0.00772833 0.000324138 2.22893e-006
 2.94469e-026 3.54941e-020 6.22112e-015 1.48749e-010 4.85186e-007 0.000215891 0.0131048 0.108517 0.122584 0.0189204 0.00390792 0.0558012 0.121015 0.0391212 0.0496871 0.0971872 0.057358 0.0744663 0.066264 0.0657176 0.0603765 0.0375602 0.00785775 0.000335373 2.34954e-006
 2.98706e-026 3.60517e-020 6.31886e-015 1.51086e-010 4.92808e-007 0.000219283 0.0133107 0.110221 0.12451 0.0192217 0.00424179 0.0579142 0.119231 0.0370246 0.0507912 0.0961596 0.0568748 0.0745055 0.0664536 0.0655206 0.0595839 0.0364674 0.00743866 0.000307331 2.07746e-006
 3.01964e-026 3.64803e-020 6.39397e-015 1.52882e-010 4.98666e-007 0.000221889 0.0134689 0.111532 0.12599 0.0194552 0.00463599 0.0608372 0.119461 0.0360493 0.0533292 0.0936016 0.0560276 0.0738306 0.0660104 0.0652168 0.0586389 0.0347133 0.00671828 0.000260571 1.64516e-006
 3.02358e-026 3.65321e-020 6.40304e-015 1.53099e-010 4.99374e-007 0.000222204 0.013488 0.11169 0.126169 0.0194858 0.00487119 0.0629388 0.121141 0.0363164 0.056262 0.0941659 0.0564454 0.0722839 0.0645585 0.0638886 0.0571313 0.032717 0.00600447 0.000218959 1.29476e-006
 3.01924e-026 3.64748e-020 6.393e-015 1.52859e-010 4.98591e-007 0.000221856 0.0134668 0.111515 0.125971 0.0194617 0.00531174 0.0662273 0.122073 0.03581 0.0601295 0.0957147 0.0579172 0.0721499 0.0629417 0.0613295 0.0544792 0.0299761 0.00513001 0.00017239 9.35315e-007
 3.05692e-026 3.69704e-020 6.47987e-015 1.54936e-010 5.05366e-007 0.00022487 0.0136498 0.11303 0.127682 0.0197337 0.00586153 0.0700958 0.123105 0.0354928 0.0650679 0.0965528 0.0589046 0.0715003 0.0611574 0.0576081 0.049935 0.0261577 0.00411372 0.000125081 6.10762e-007
 3.17053e-026 3.84652e-020 6.74186e-015 1.612e-010 5.25799e-007 0.000233962 0.0142017 0.1176 0.132845 0.0205282 0.00589564 0.0718717 0.129012 0.0379096 0.0678235 0.0993905 0.0587072 0.0683946 0.0564982 0.0512791 0.0427828 0.0216663 0.0032647 9.4441e-005 4.37617e-007
 3.21312e-026 3.90254e-020 6.84005e-015 1.63548e-010 5.33456e-007 0.00023737 0.0144085 0.119313 0.13478 0.0208391 0.00672271 0.0776016 0.130777 0.0371065 0.0718518 0.101082 0.0607424 0.0684696 0.053804 0.0462061 0.0363929 0.0172112 0.00239061 6.31352e-005 2.65785e-007
 3.29885e-026 4.01534e-020 7.03775e-015 1.68275e-010 5.48875e-007 0.00024423 0.014825 0.122761 0.138675 0.0214351 0.00651865 0.077066 0.133587 0.0389699 0.0742542 0.102774 0.0606977 0.0679639 0.0520416 0.0419621 0.0306766 0.0136832 0.00181795 4.61221e-005 1.86579e-007
 3.39274e-026 4.13886e-020 7.25425e-015 1.73452e-010 5.6576e-007 0.000251744 0.0152811 0.126538 0.142941 0.0220957 0.00680358 0.080254 0.138665 0.0398898 0.0736941 0.103443 0.059454 0.0646239 0.0493894 0.0385802 0.0259645 0.0107381 0.00135882 3.32379e-005 1.30157e-007
 3.39567e-026 4.14272e-020 7.26101e-015 1.73613e-010 5.66287e-007 0.000251978 0.0152953 0.126656 0.143075 0.0221237 0.00725102 0.0829115 0.138266 0.0392143 0.0763153 0.103545 0.0599315 0.0651678 0.0489909 0.0374461 0.0236507 0.00885255 0.00103158 2.35995e-005 8.6986e-008
 3.46621e-026 4.23553e-020 7.42368e-015 1.77503e-010 5.78974e-007 0.000257623 0.015638 0.129493 0.14628 0.0226125 0.00703235 0.0829317 0.143158 0.0413796 0.0763057 0.104117 0.0578171 0.0617919 0.0465336 0.0351234 0.0212754 0.00741694 0.000817061 1.81231e-005 6.56599e-008
 3.52262e-026 4.30974e-020 7.55376e-015 1.80613e-010 5.89119e-007 0.000262138 0.015912 0.131762 0.148843 0.0230058 0.00698405 0.0835405 0.14652 0.0423325 0.0753918 0.106543 0.0573573 0.0596494 0.0433413 0.0323691 0.0191539 0.00634878 0.000667986 1.44517e-005 5.19051e-008
 3.67338e-026 4.50812e-020 7.90146e-015 1.88927e-010 6.16236e-007 0.000274204 0.0166444 0.137827 0.155694 0.0240544 0.00662601 0.082587 0.152071 0.0448044 0.0728437 0.10815 0.0543176 0.0552596 0.0388043 0.0279476 0.0162319 0.00529714 0.000552672 1.20798e-005 4.45512e-008
 3.79957e-026 4.67417e-020 8.19251e-015 1.95886e-010 6.38935e-007 0.000284304 0.0172575 0.142904 0.161429 0.0249349 0.00645272 0.0819304 0.15449 0.0456612 0.0692733 0.108277 0.0536333 0.0539952 0.0359167 0.0247703 0.0138441 0.00446615 0.000468291 1.0421e-005 3.96018e-008
 3.76093e-026 4.62331e-020 8.10337e-015 1.93754e-010 6.31983e-007 0.00028121 0.0170697 0.141349 0.159673 0.0246651 0.00654204 0.083308 0.157206 0.0461922 0.0681545 0.108176 0.053993 0.055652 0.0366072 0.0240769 0.0126742 0.00395742 0.000412516 9.24887e-006 3.56893e-008
 3.85473e-026 4.74674e-020 8.3197e-015 1.98927e-010 6.48855e-007 0.000288718 0.0175254 0.145123 0.163935 0.0253174 0.00626385 0.0816479 0.158689 0.0475773 0.0676393 0.110019 0.0519384 0.0517683 0.0345306 0.0226566 0.0113336 0.00338628 0.000351804 8.06272e-006 3.21676e-008
 3.88039e-026 4.78051e-020 8.37889e-015 2.00342e-010 6.5347e-007 0.000290772 0.0176501 0.146155 0.165102 0.0254945 0.00614815 0.0823334 0.164788 0.0499551 0.0643157 0.109356 0.0520067 0.0512524 0.0317067 0.0202363 0.0100198 0.00288537 0.00029688 6.97318e-006 2.90343e-008
 3.82687e-026 4.71008e-020 8.25543e-015 1.9739e-010 6.43842e-007 0.000286488 0.0173901 0.144002 0.162669 0.0251154 0.00586144 0.0808367 0.167148 0.0518645 0.0645641 0.115092 0.0530484 0.0507724 0.0310879 0.0186597 0.00882674 0.00251125 0.000257489 6.19369e-006 2.70165e-008
 3.81217e-026 4.69074e-020 8.22154e-015 1.9658e-010 6.41199e-007 0.000285311 0.0173187 0.14341 0.162001 0.0250089 0.00563604 0.0801975 0.171692 0.0544172 0.062194 0.116624 0.0534259 0.0501878 0.0300081 0.017413 0.00779987 0.00215105 0.000222568 5.51738e-006 2.52633e-008
 3.85978e-026 4.75338e-020 8.33134e-015 1.99205e-010 6.49762e-007 0.000289122 0.0175499 0.145326 0.164165 0.0253372 0.00528808 0.0784668 0.176619 0.058002 0.0594213 0.118824 0.0528721 0.0462409 0.0275172 0.0154633 0.00665465 0.00177318 0.000185101 4.81322e-006 2.35692e-008
 3.90439e-026 4.81208e-020 8.43422e-015 2.01665e-010 6.57786e-007 0.000292692 0.0177667 0.14712 0.166192 0.0256474 0.00513334 0.0775075 0.178371 0.0593916 0.0568203 0.119538 0.0534052 0.0452262 0.0261417 0.0139722 0.00581797 0.00149626 0.000154621 4.13448e-006 2.13622e-008
 3.89242e-026 4.79632e-020 8.4066e-015 2.01005e-010 6.55632e-007 0.000291733 0.0177085 0.146639 0.165648 0.0255628 0.00509992 0.0781084 0.182401 0.0612991 0.0552666 0.119228 0.0531168 0.0441807 0.0256106 0.0132017 0.00521294 0.00129004 0.000130595 3.51629e-006 1.87597e-008
 3.95387e-026 4.87719e-020 8.54834e-015 2.04394e-010 6.66686e-007 0.000296652 0.0180071 0.149111 0.168441 0.0259886 0.00472734 0.0750755 0.183885 0.0643281 0.05331 0.120778 0.0535642 0.0410084 0.0237345 0.0119493 0.00458986 0.00109261 0.00010942 3.00722e-006 1.67818e-008
 4.10284e-026 5.07321e-020 8.89191e-015 2.12609e-010 6.93481e-007 0.000308575 0.0187308 0.155104 0.17521 0.0270311 0.0047121 0.0754599 0.187435 0.0660344 0.04918 0.115756 0.0517481 0.0373202 0.0211728 0.0100651 0.00377143 0.000871854 8.5249e-005 2.34913e-006 1.34554e-008
 4.24473e-026 5.25992e-020 9.21916e-015 2.20433e-010 7.19004e-007 0.000319932 0.0194201 0.160812 0.181659 0.0280205 0.00433273 0.0712999 0.185223 0.0679129 0.0471495 0.116103 0.0521451 0.0341998 0.0192212 0.00843817 0.00299971 0.000675102 6.56663e-005 1.83608e-006 1.09194e-008
 4.33966e-026 5.38484e-020 9.43811e-015 2.25668e-010 7.36079e-007 0.00032753 0.0198813 0.164631 0.185973 0.0286877 0.00458402 0.0741453 0.188362 0.0674095 0.0446565 0.110661 0.0499461 0.0326904 0.0178616 0.00725 0.00238494 0.000499203 4.66197e-005 1.27728e-006 7.5378e-009
 4.12439e-026 5.10158e-020 8.94164e-015 2.13798e-010 6.97359e-007 0.000310301 0.0188355 0.155971 0.17619 0.0271692 0.00347506 0.0631395 0.187253 0.0774648 0.0424618 0.117067 0.058304 0.0375817 0.0223699 0.00894928 0.00283656 0.000565046 5.29991e-005 1.55321e-006 1.02036e-008
 2.09781e-026 2.43478e-020 4.26748e-015 1.02037e-010 3.32822e-007 0.000148094 0.00898944 0.0744388 0.0840886 0.0129983 0.00550716 0.0929616 0.225218 0.077172 0.0591348 0.155208 0.07759 0.0650255 0.0385905 0.0167244 0.00518668 0.000939037 7.6693e-005 1.97066e-006 1.15361e-008
 3.31457e-026 4.03517e-020 7.07252e-015 1.69106e-010 5.51587e-007 0.000245438 0.0148995 0.123746 0.154351 0.10246 0.060835 0.0337734 0.149562 0.121024 0.0877737 0.0836791 0.044417 0.0184549 0.00429082 0.000469427 1.78229e-005 1.73702e-007 3.42459e-010 1.17553e-013 6.43966e-018
 4.38887e-026 5.44952e-020 9.55148e-015 2.28379e-010 7.44921e-007 0.000331464 0.0201202 0.166609 0.188207 0.0291009 0.00881485 0.0950312 0.175052 0.104493 0.0514212 0.0752859 0.0472664 0.0262918 0.00991847 0.00191382 0.000139594 2.93259e-006 1.39681e-008 1.26548e-011 1.94114e-015
 4.51586e-026 5.61663e-020 9.84438e-015 2.35383e-010 7.67764e-007 0.000341628 0.0207372 0.171718 0.193978 0.029943 0.00642553 0.0902276 0.191621 0.0603541 0.0592612 0.100831 0.0401652 0.0193927 0.0108828 0.00356938 0.000526082 2.39593e-005 2.62453e-007 5.80024e-010 2.28677e-013
 4.63342e-026 5.77132e-020 1.01155e-014 2.41865e-010 7.88909e-007 0.000351037 0.0213083 0.176447 0.199321 0.0307833 0.00768662 0.0996776 0.192536 0.0548216 0.054716 0.0938346 0.0342101 0.0222005 0.00860194 0.00281133 0.000640683 5.02048e-005 9.68026e-007 3.75482e-009 2.60424e-012
 4.62009e-026 5.75375e-020 1.00847e-014 2.41129e-010 7.86507e-007 0.000349969 0.0212434 0.17591 0.198714 0.0307114 0.00909767 0.108929 0.191526 0.051169 0.0592572 0.0876184 0.0308156 0.0222332 0.00893139 0.00285777 0.000574336 5.83828e-005 1.62982e-006 9.13818e-009 8.99331e-012
 4.77692e-026 5.9601e-020 1.04464e-014 2.49777e-010 8.14714e-007 0.00036252 0.0220053 0.182219 0.205841 0.0318359 0.0106172 0.116648 0.186634 0.0473598 0.0636494 0.0810342 0.0259904 0.0168827 0.0063812 0.00209667 0.000403616 3.75162e-005 1.15891e-006 7.89074e-009 9.4494e-012
 4.76419e-026 5.94333e-020 1.0417e-014 2.49074e-010 8.12421e-007 0.000361499 0.0219433 0.181706 0.205261 0.0317856 0.0125912 0.125386 0.179976 0.0440491 0.0707815 0.0769124 0.0256018 0.0164656 0.00532327 0.00154643 0.000283835 2.40311e-005 6.60403e-007 4.3428e-009 5.34552e-012
 4.90209e-026 6.12477e-020 1.0735e-014 2.56678e-010 8.37224e-007 0.000372536 0.0226133 0.187253 0.211528 0.0327916 0.0145011 0.133498 0.176176 0.0421534 0.0714304 0.0669727 0.0221549 0.0132685 0.0040753 0.00103855 0.000160015 1.1984e-005 2.86185e-007 1.6135e-009 1.76121e-012
 5.03061e-026 6.29389e-020 1.10314e-014 2.63765e-010 8.60341e-007 0.000382822 0.0232376 0.192424 0.217369 0.0337478 0.0167233 0.139316 0.165587 0.039721 0.0746863 0.0605507 0.0207607 0.0114263 0.00322566 0.000738597 9.60942e-005 5.77572e-006 1.13135e-007 5.22172e-010 4.62719e-013
 5.26034e-026 6.59618e-020 1.15612e-014 2.76433e-010 9.01662e-007 0.000401209 0.0243537 0.201666 0.227809 0.0354614 0.0203369 0.147192 0.151259 0.0367325 0.072334 0.0490185 0.0197758 0.0101982 0.00281959 0.000575322 6.29488e-005 2.94759e-006 4.31095e-008 1.49174e-010 9.94727e-014
 5.15431e-026 6.45665e-020 1.13167e-014 2.70586e-010 8.82589e-007 0.000392722 0.0238386 0.1974 0.22299 0.034751 0.0214355 0.150744 0.150294 0.0393046 0.0771078 0.0473409 0.0207094 0.0101296 0.00293521 0.000569078 5.50443e-005 2.11046e-006 2.40861e-008 6.39507e-011 3.29936e-014
 3.37593e-026 4.11639e-020 7.21487e-015 1.7251e-010 5.62689e-007 0.000250377 0.0151981 0.125851 0.142167 0.0224829 0.0289979 0.193164 0.179482 0.0527948 0.111915 0.0671428 0.0366648 0.0175193 0.0052656 0.00100955 9.13187e-005 2.97857e-006 2.71452e-008 5.5728e-011 2.20084e-014
 4.03054e-026 4.97639e-020 8.72221e-015 2.08551e-010 6.8025e-007 0.000302713 0.0183982 0.155263 0.225123 0.150699 0.0518383 0.106158 0.13306 0.0733159 0.0561584 0.0226576 0.00616352 0.000818554 4.27252e-005 6.52585e-007 2.33737e-009 1.67416e-012 2.14443e-016 4.55033e-021 1.76548e-026
 5.27131e-026 6.61055e-020 1.15864e-014 2.77036e-010 9.03628e-007 0.000402083 0.0244068 0.202105 0.228311 0.0364405 0.0378893 0.162123 0.14037 0.0557685 0.0573777 0.0357218 0.0152942 0.00345383 0.000325249 9.76858e-006 7.35402e-008 1.1502e-010 3.30512e-014 1.60952e-018 1.25687e-023
 5.15298e-026 6.45485e-020 1.13135e-014 2.70511e-010 8.82344e-007 0.000392612 0.0238319 0.197345 0.22293 0.0351968 0.0332565 0.171193 0.125412 0.0489006 0.0804305 0.0374407 0.0160282 0.00640577 0.00116307 7.13545e-005 1.1464e-006 3.98856e-009 2.61999e-012 2.96132e-016 5.42e-021
 5.26813e-026 6.60637e-020 1.15791e-014 2.76861e-010 9.03056e-007 0.000401829 0.0243914 0.201978 0.228163 0.035982 0.0328201 0.170738 0.125879 0.045135 0.0769221 0.0343834 0.0166702 0.00526552 0.00114056 0.000124776 3.72463e-006 2.39881e-008 2.91189e-011 6.09502e-015 2.06959e-019
 5.21532e-026 6.53689e-020 1.14573e-014 2.73949e-010 8.93558e-007 0.000397603 0.0241348 0.199853 0.225763 0.0355634 0.031805 0.170306 0.129152 0.0453499 0.0784519 0.0352342 0.0170874 0.00563149 0.00113663 0.000126763 5.65423e-006 6.1101e-008 1.23591e-010 4.23886e-014 2.33149e-018
 5.36285e-026 6.73103e-020 1.17976e-014 2.82085e-010 9.20097e-007 0.000409411 0.0248516 0.205789 0.232468 0.0365478 0.0306018 0.167719 0.130131 0.0426478 0.0739582 0.0334205 0.0153053 0.0050213 0.00101308 0.000109895 4.96645e-006 6.85178e-008 2.03462e-010 1.04959e-013 8.59245e-018
 5.36331e-026 6.73163e-020 1.17987e-014 2.8211e-010 9.20178e-007 0.000409448 0.0248538 0.205807 0.232489 0.0365576 0.0308596 0.169078 0.131061 0.0423875 0.0741757 0.0329915 0.0140288 0.00439429 0.00081632 8.55667e-005 3.7572e-006 5.20375e-008 1.74467e-010 1.13305e-013 1.22754e-017
 5.36115e-026 6.72879e-020 1.17937e-014 2.81991e-010 9.1979e-007 0.000409275 0.0248433 0.20572 0.23239 0.0365007 0.029992 0.16915 0.134921 0.0422168 0.0736531 0.0327024 0.0129411 0.00386048 0.000634827 6.05002e-005 2.50594e-006 3.41421e-008 1.16104e-010 8.09054e-014 1.00589e-017
 5.37681e-026 6.74941e-020 1.18298e-014 2.82855e-010 9.22608e-007 0.000410529 0.0249195 0.20635 0.233103 0.0367628 0.0329338 0.167789 0.121104 0.0429319 0.0764806 0.0343754 0.0167069 0.00515099 0.000897765 7.9904e-005 2.93772e-006 3.55503e-008 1.09373e-010 6.99529e-014 8.12948e-018
 5.49374e-026 6.90328e-020 1.20995e-014 2.89303e-010 9.43642e-007 0.000419888 0.0254876 0.211055 0.238417 0.0375471 0.0319435 0.164212 0.119862 0.0427301 0.071703 0.0321558 0.0172783 0.00587131 0.00119757 0.000114035 4.12605e-006 4.57698e-008 1.27941e-010 7.54544e-014 8.20993e-018
 5.64083e-026 7.09683e-020 1.24387e-014 2.97415e-010 9.701e-007 0.000431661 0.0262022 0.216972 0.245102 0.038563 0.0315107 0.162315 0.118714 0.04057 0.0675614 0.0301242 0.0152659 0.00531951 0.00120881 0.000132729 5.29102e-006 5.95504e-008 1.58752e-010 8.71808e-014 8.85703e-018
 5.55194e-026 6.97987e-020 1.22337e-014 2.92513e-010 9.54111e-007 0.000424546 0.0257703 0.213396 0.241062 0.037878 0.0302026 0.161657 0.122808 0.0414607 0.070358 0.0319729 0.0160607 0.00554161 0.0012481 0.000151004 6.96827e-006 8.90093e-008 2.54834e-010 1.43168e-013 1.44584e-017
 3.89047e-026 4.79348e-020 8.40161e-015 2.00886e-010 6.55243e-007 0.00029156 0.017698 0.146552 0.165552 0.0262314 0.0322367 0.190378 0.157914 0.0561349 0.105227 0.0545102 0.0317851 0.0121662 0.00293091 0.000372717 1.93516e-005 2.95312e-007 1.01445e-009 6.66828e-013 7.63708e-017
 4.3967e-026 5.45821e-020 9.56671e-015 2.28743e-010 7.46112e-007 0.000332015 0.0201743 0.16982 0.242111 0.162284 0.0564632 0.0953564 0.118168 0.0664653 0.0468314 0.0176322 0.00396261 0.000384275 1.30306e-005 1.17728e-007 2.26333e-010 7.94944e-014 4.66475e-018 4.33966e-023 2.53794e-027
 5.45162e-026 6.84783e-020 1.20023e-014 2.8698e-010 9.36063e-007 0.000416516 0.0252829 0.20936 0.236504 0.0374501 0.0333754 0.155413 0.145591 0.0574634 0.0518016 0.0321124 0.0125587 0.00247897 0.000187129 4.19019e-006 2.25892e-008 2.46377e-011 4.7926e-015 1.53013e-019 7.63535e-025
 3.80602e-026 4.68234e-020 8.20682e-015 1.96228e-010 6.40051e-007 0.0002848 0.0172876 0.143154 0.161713 0.0256236 0.0317323 0.188805 0.158127 0.058958 0.11241 0.0634267 0.0264392 0.0102232 0.00171873 9.50744e-005 1.33837e-006 4.02088e-009 2.2757e-012 2.21736e-016 3.4866e-021
 4.14102e-026 5.12181e-020 8.97708e-015 2.14645e-010 7.00126e-007 0.000311546 0.0189266 0.15903 0.226326 0.164019 0.0614772 0.0934795 0.127769 0.0734464 0.0542694 0.0173417 0.00336727 0.000231807 3.86754e-006 1.30723e-008 8.00548e-012 8.25878e-016 1.36406e-020 3.72339e-026 2.4765e-027
#obs surv len freq
 nan nan nan nan nan nan nan nan nan nan nan nan nan nan nan nan nan nan nan nan nan nan nan nan nan
 4.90869e-027 7.7259e-021 1.65883e-015 4.85878e-011 1.94143e-007 0.000105825 0.00786905 0.0798231 0.110462 0.0213091 0.0184561 0.0958683 0.070696 0.0277888 0.080758 0.0515842 0.0552139 0.0534608 0.05103 0.0494902 0.0502632 0.0512451 0.0541764 0.0512353 0.0191648
 5.27573e-027 8.30359e-021 1.78287e-015 5.22208e-011 2.0866e-007 0.000113737 0.00845744 0.0857917 0.118721 0.0229028 0.0198489 0.103105 0.0760328 0.0298981 0.0868945 0.0553128 0.0582478 0.0549335 0.0484699 0.0439526 0.0424256 0.0424297 0.0445968 0.042116 0.0157494
 5.53961e-027 8.71891e-021 1.87204e-015 5.48328e-011 2.19096e-007 0.000119426 0.00888046 0.0900827 0.124659 0.0240475 0.0208082 0.108083 0.0797041 0.0313491 0.0911185 0.057989 0.0609937 0.0572236 0.0493131 0.0419244 0.0370064 0.034745 0.0357596 0.0336264 0.0125667
 5.69473e-027 8.96307e-021 1.92447e-015 5.63683e-011 2.25232e-007 0.000122771 0.00912915 0.0926054 0.12815 0.0247214 0.0214096 0.111209 0.0820089 0.0322298 0.0936538 0.0596362 0.0628857 0.0590298 0.050834 0.0424672 0.0351227 0.0296742 0.0286553 0.0265502 0.00990423
 5.80957e-027 9.14381e-021 1.96327e-015 5.7505e-011 2.29774e-007 0.000125246 0.00931323 0.0944727 0.130734 0.0252179 0.0217633 0.113034 0.0833554 0.0327792 0.0952696 0.0606502 0.0638868 0.0600053 0.0517811 0.043238 0.0350868 0.0272751 0.0234844 0.0208107 0.00771629
 5.86087e-027 9.22456e-021 1.98061e-015 5.80128e-011 2.31803e-007 0.000126352 0.00939548 0.095307 0.131889 0.0254435 0.0220713 0.114653 0.0845453 0.0331538 0.0962672 0.0612876 0.0645688 0.060619 0.0522521 0.0436863 0.0354054 0.0265837 0.020331 0.0164331 0.00598163
 5.8981e-027 9.28315e-021 1.99319e-015 5.83813e-011 2.33275e-007 0.000127155 0.00945515 0.0959124 0.132726 0.0256045 0.0221879 0.115254 0.0849936 0.0334604 0.0972847 0.0618883 0.0649791 0.0609834 0.0525429 0.0438856 0.0355708 0.0264819 0.0187009 0.013316 0.00464451
 5.9347e-027 9.34076e-021 2.00556e-015 5.87436e-011 2.34723e-007 0.000127944 0.00951384 0.0965076 0.13355 0.0257618 0.0222632 0.115636 0.0852739 0.0335415 0.0974934 0.0620733 0.0654156 0.0613419 0.0526784 0.0439621 0.0355993 0.0264438 0.017919 0.0112471 0.00365002
 5.93558e-027 9.34215e-021 2.00586e-015 5.87523e-011 2.34757e-007 0.000127963 0.00951525 0.0965219 0.13357 0.0257678 0.0223512 0.116106 0.0856184 0.0336118 0.0976336 0.0621642 0.0655235 0.0615303 0.0530415 0.0441884 0.0357106 0.0264858 0.0175892 0.00998644 0.00295613
 5.94973e-027 9.36441e-021 2.01064e-015 5.88923e-011 2.35317e-007 0.000128268 0.00953792 0.0967519 0.133888 0.0258276 0.0223414 0.116046 0.0855772 0.0336903 0.097954 0.0623346 0.0655441 0.0615345 0.0530579 0.0443257 0.0358343 0.0265102 0.0174125 0.00921744 0.0024859
 5.9564e-027 9.37491e-021 2.01289e-015 5.89583e-011 2.35581e-007 0.000128412 0.00954861 0.0968604 0.134038 0.0258571 0.0223859 0.11628 0.0857472 0.0336832 0.0978618 0.0623127 0.0656928 0.0616365 0.0530199 0.0442847 0.0358719 0.0265503 0.0173098 0.00874947 0.00218126
 5.9553e-027 9.37318e-021 2.01252e-015 5.89475e-011 2.35537e-007 0.000128388 0.00954685 0.0968426 0.134014 0.0258522 0.0223771 0.116233 0.0857139 0.0336998 0.0979386 0.0623463 0.0656592 0.0616698 0.0532122 0.0443961 0.0359323 0.0266387 0.0173111 0.00849059 0.00199741
 5.9607e-027 9.38168e-021 2.01435e-015 5.90009e-011 2.35751e-007 0.000128504 0.00955551 0.0969303 0.134135 0.0258754 0.0223889 0.116293 0.0857578 0.0337063 0.0979469 0.0623522 0.0656672 0.0616421 0.0531174 0.0444036 0.0359547 0.026637 0.0172968 0.00832765 0.00188334
 5.96949e-027 9.39551e-021 2.01732e-015 5.90879e-011 2.36098e-007 0.000128694 0.00956959 0.0970733 0.134333 0.0259134 0.0224178 0.116443 0.0858675 0.0337341 0.0980124 0.0623769 0.0656124 0.0615698 0.0530049 0.0442513 0.0358514 0.0265786 0.0172395 0.00821217 0.00181039
 5.96272e-027 9.38486e-021 2.01503e-015 5.90209e-011 2.35831e-007 0.000128548 0.00955875 0.0969632 0.134181 0.0258852 0.022436 0.116544 0.0859422 0.0337631 0.0980961 0.0624331 0.0656848 0.0616287 0.0530267 0.0442415 0.0358023 0.0265489 0.0172181 0.00814977 0.00176844
 5.95397e-027 9.37109e-021 2.01207e-015 5.89343e-011 2.35485e-007 0.00012836 0.00954473 0.096821 0.133984 0.0258473 0.0224058 0.116387 0.0858287 0.0337727 0.0981774 0.0624942 0.0657932 0.0617493 0.0531691 0.0443525 0.0358681 0.0265715 0.0172311 0.00812688 0.0017467
 5.96513e-027 9.38865e-021 2.01584e-015 5.90447e-011 2.35926e-007 0.0001286 0.00956261 0.0970024 0.134235 0.0258944 0.022396 0.116329 0.0857853 0.0337508 0.0981095 0.0624568 0.0657809 0.0617291 0.0531277 0.044328 0.0358454 0.0265311 0.0171884 0.00809015 0.00172912
 5.96663e-027 9.39101e-021 2.01635e-015 5.90596e-011 2.35985e-007 0.000128632 0.00956501 0.0970267 0.134268 0.0259008 0.0223993 0.116345 0.0857956 0.0337037 0.0979228 0.0623538 0.0657488 0.0617351 0.0532102 0.0444021 0.0359118 0.0265776 0.0172003 0.00808191 0.00172181
 5.9689e-027 9.39458e-021 2.01712e-015 5.9082e-011 2.36075e-007 0.000128681 0.00956865 0.0970637 0.13432 0.0259112 0.0224287 0.116501 0.0859103 0.0337395 0.0980167 0.0623769 0.0656012 0.061587 0.0530951 0.0443465 0.0358878 0.026562 0.0171813 0.00806022 0.00171363
 5.96095e-027 9.38208e-021 2.01443e-015 5.90034e-011 2.35761e-007 0.00012851 0.00955591 0.0969345 0.134141 0.0258774 0.0224239 0.11648 0.0858958 0.0337627 0.0981127 0.0624452 0.0657049 0.0616532 0.0530696 0.0443307 0.0359087 0.0265987 0.017204 0.00806159 0.00171112
