SBPRF35
0.128768
Curr Bio
137181
B35
154767
F35
0.946366
FOFL
0.937349
OFL
63645.1
Bzero
36790.8
#pred survey bio
 6491.14 8780.7 11734.3 14405.2 22748.5 34818.1 32577.2 38260.2 49941.6 62144.4 83506.9 109186 134500 161444 169935 136480 125053 118665 124277 116456 114233 125788 140126 146836 155277 156871 155849 150327 5.80366e+06 3.02376e+06 1.54937e+06 822382 537119 423688 374242 350370 337970 331270 327586 325550 324424 323802 323459 323268 323165 323109 323079 323063 323054 323049 323046 323045 323044 323044 323044 323043 323043 323043 323043 323043 323043 323043 323043 323043 323043 323043 323043 323043 323043 323043 323043 323043 323043 323043 323043 323043 323043 323043 323043 323043 323043 323043 323043 323043 323043 323043 323043 323043 323043 323043 323043 323043 323043 323043 323043 323043 323043 323043 323043 323043 323043 323043 323043 323043 323043 323043 323043 323043 323043 323043 323043 323043 323043 323043 323043 323043 323043 323043 323043 323043 323043 323043 323043 323043 323043 323043 323043 323043 0 0 0 0 0 0 0 0 0 0 0 0 0 0 0 0 0 0 0 0 0 0 0 0 0
#obs survey bio
 5295 6539.96 11042.4 13571.6 27157.1 25346.2 30197.2 28226.8 62657.5 58484.1 86541.9 132894 128462 132702 127050 85913.6 141859 59487.2 109366 120893 67910.1 152238 148009 148813 224436 125592 111267 128060
#pred catch bio
 2722.99 4463.79 6088.46 7830.07 9440.62 20281.9 19074.9 21365.4 28432.9 34752.5 48601.4 65054.6 79176.5 96205.5 118365 94128.2 86341.1 77864.6 85630 79685.9 78146.7 85184.8 98618.7 104026 110250 113927 115494 97424.9 63645.1 63866.4 27776.1 12232.3 7406.34 6076.77 5736.36 5653.46 5633.97 5629.51 5628.51 5628.29 5628.24 5628.23 5628.23 5628.23 5628.23 5628.23 5628.23 5628.23 5628.23 5628.23 5628.23 5628.23 5628.23 5628.23 5628.23 5628.23 5628.23 5628.23 5628.23 5628.23 5628.23 5628.23 5628.23 5628.23 5628.23 5628.23 5628.23 5628.23 5628.23 5628.23 5628.23 5628.23 5628.23 5628.23 5628.23 5628.23 5628.23 5628.23 5628.23 5628.23 5628.23 5628.23 5628.23 5628.23 5628.23 5628.23 5628.23 5628.23 5628.23 5628.23 5628.23 5628.23 5628.23 5628.23 5628.23 5628.23 5628.23 5628.23 5628.23 5628.23 5628.23 5628.23 5628.23 5628.23 5628.23 5628.23 5628.23 5628.23 5628.23 5628.23 5628.23 5628.23 5628.23 5628.23 5628.23 5628.23 5628.23 5628.23 5628.23 5628.23 5628.23 5628.23 5628.23 5628.23 5628.23 5628.23 5628.23 5628.23 0 0 0 0 0 0 0 0 0 0 0 0 0 0 0 0 0 0 0 0 0 0 0 0 0
#obs catch bio
 4583.02 4579.99 6066.14 7835.4 9229.3 20092.3 19101.8 21223.9 27893 34303.9 48187.1 63115.7 77947 94615.7 120589 96251.6 86228 80147.5 85212.2 77699.6 77178.8 83961.4 96012 102795 105530 111591 116389 96871.7
#pred cpue bio
 5221.82 6460.61 8585 10775.9 15606.8 26353.3 25025.6 27309.7 36083.7 45048.5 59618.8 77750.6 96522.9 116957 126722 100250 89681.3 84986 89128.8 83783.3 81437.2 87378.8 98295.2 102230 107727 110036 108001 104037 4.17404e+06 2.92567e+06 1.50259e+06 770780 484981 371507 322057 298185 285785 279085 275401 273365 272239 271617 271273 271083 270980 270924 270894 270878 270869 270864 270861 270860 270859 270859 270858 270858 270858 270858 270858 270858 270858 270858 270858 270858 270858 270858 270858 270858 270858 270858 270858 270858 270858 270858 270858 270858 270858 270858 270858 270858 270858 270858 270858 270858 270858 270858 270858 270858 270858 270858 270858 270858 270858 270858 270858 270858 270858 270858 270858 270858 270858 270858 270858 270858 270858 270858 270858 270858 270858 270858 270858 270858 270858 270858 270858 270858 270858 270858 270858 270858 270858 270858 270858 270858 270858 270858 270858 270858 0 0 0 0 0 0 0 0 0 0 0 0 0 0 0 0 0 0 0 0 0 0 0 0 0
#obs cpue bio
 5522.4 5049.3 11782.3 12732.9 23185.2 28287.7 32587.7 36563.3 47910.8 51088.4 67071.2 124487 107040 179508 106216 112118 93897.4 78894.8 156418 134000 146112 95712.1 151596 110895 183519 156549 119635 148810
#pred surv len freq
 2.56938e-27 2.60504e-27 4.77351e-26 9.53012e-20 2.33619e-14 6.92256e-10 2.47955e-06 0.00107355 0.0561857 0.355446 0.271998 0.0368446 0.0893521 0.0824701 0.0212019 0.0278876 0.0129818 0.0113491 0.00757783 0.00614342 0.00504395 0.00449347 0.00459174 0.00410257 0.0012547
 2.57117e-27 2.60962e-27 5.14134e-26 1.03059e-19 2.52638e-14 7.4861e-10 2.6814e-06 0.00116094 0.0607595 0.384381 0.294127 0.0389968 0.0901851 0.0829257 0.0158456 0.0153452 0.00591076 0.00366222 0.00200616 0.0013722 0.000978338 0.000771819 0.000711886 0.000641487 0.000215426
 2.57091e-27 2.60884e-27 5.06264e-26 1.01399e-19 2.48567e-14 7.36547e-10 2.63819e-06 0.00114223 0.0597804 0.378187 0.289414 0.0400649 0.101624 0.0933844 0.0159843 0.0129703 0.00429361 0.00165725 0.000662857 0.000325091 0.000181628 0.000119381 9.49776e-05 8.17552e-05 2.85389e-05
 2.57014e-27 2.60676e-27 4.87883e-26 9.7521e-20 2.39061e-14 7.08381e-10 2.5373e-06 0.00109855 0.0574944 0.363725 0.278378 0.040534 0.112948 0.10387 0.0185114 0.0160843 0.00508543 0.00155085 0.000470174 0.000140912 5.04384e-05 2.39428e-05 1.51201e-05 1.16398e-05 4.05478e-06
 2.57274e-27 2.61383e-27 5.50625e-26 1.10757e-19 2.71508e-14 8.04525e-10 2.88167e-06 0.00124766 0.0652978 0.413091 0.316042 0.0385612 0.071473 0.0656212 0.0121711 0.0112527 0.0036177 0.00118985 0.000333463 7.47158e-05 1.58188e-05 4.19017e-06 1.73579e-06 1.07701e-06 3.58803e-07
 2.56965e-27 2.60538e-27 4.75291e-26 9.48645e-20 2.32549e-14 6.89084e-10 2.46818e-06 0.00106863 0.0559282 0.353817 0.270825 0.0413052 0.124124 0.114086 0.0185521 0.0136132 0.00445549 0.00162036 0.000471911 0.000109389 1.84603e-05 2.73461e-06 5.32779e-07 2.12063e-07 6.32444e-08
 2.5692e-27 2.60422e-27 4.65767e-26 9.28557e-20 2.27625e-14 6.74492e-10 2.41592e-06 0.001046 0.0547439 0.346325 0.265098 0.0409507 0.125449 0.11547 0.0217296 0.0204988 0.00634386 0.0016964 0.00049497 0.000125413 2.21225e-05 2.76476e-06 2.62767e-07 4.27231e-08 9.6817e-09
 2.57169e-27 2.61099e-27 5.25653e-26 1.05489e-19 2.58594e-14 7.6626e-10 2.74461e-06 0.00118831 0.062192 0.393444 0.301049 0.0391537 0.0865156 0.0795326 0.0151787 0.0146208 0.00480323 0.00173538 0.000470981 9.3646e-05 1.72049e-05 2.2836e-06 1.78153e-07 1.08031e-08 1.17467e-09
 2.5712e-27 2.60959e-27 5.12569e-26 1.02729e-19 2.51827e-14 7.46209e-10 2.6728e-06 0.00115722 0.0605646 0.383148 0.293204 0.0401711 0.09977 0.0916184 0.0146878 0.010452 0.00343864 0.00128408 0.000388724 9.58376e-05 1.48754e-05 1.81461e-06 1.48199e-07 6.32771e-09 2.2127e-10
 2.57111e-27 2.60937e-27 5.10672e-26 1.02329e-19 2.50846e-14 7.43302e-10 2.66238e-06 0.00115271 0.0603287 0.381656 0.292063 0.040104 0.100061 0.0919271 0.015477 0.0121596 0.00373164 0.000964089 0.000282883 7.41058e-05 1.38769e-05 1.6808e-06 1.21075e-07 5.0666e-09 9.80201e-11
 2.57159e-27 2.61066e-27 5.22188e-26 1.04758e-19 2.56802e-14 7.6095e-10 2.72559e-06 0.00118008 0.061761 0.390717 0.298976 0.0396947 0.0920897 0.0845842 0.0144086 0.011576 0.00362433 0.00104722 0.000274359 5.31419e-05 9.97967e-06 1.39432e-06 1.06562e-07 4.01864e-09 6.90085e-11
 2.57162e-27 2.61074e-27 5.22691e-26 1.04864e-19 2.57061e-14 7.61719e-10 2.72835e-06 0.00118127 0.0618235 0.391112 0.29928 0.0398713 0.09322 0.0855819 0.0137642 0.00985433 0.00308959 0.000911737 0.00024803 5.06885e-05 7.52463e-06 9.20775e-07 7.85882e-08 3.17026e-09 5.02148e-11
 2.57138e-27 2.61007e-27 5.16724e-26 1.03605e-19 2.53976e-14 7.52575e-10 2.6956e-06 0.00116709 0.0610813 0.386417 0.295699 0.0401071 0.0975298 0.0895487 0.0142834 0.0100352 0.00307334 0.000790311 0.00021244 4.46442e-05 6.98159e-06 7.53721e-07 5.37087e-08 2.31583e-09 3.89233e-11
 2.57111e-27 2.60934e-27 5.1032e-26 1.02254e-19 2.50664e-14 7.42762e-10 2.66045e-06 0.00115187 0.0602849 0.381379 0.291853 0.0402253 0.101131 0.0928902 0.0152014 0.0112876 0.00345082 0.000869435 0.000223326 4.18606e-05 6.55398e-06 7.36398e-07 4.83977e-08 1.77078e-09 3.06359e-11
 2.57017e-27 2.6068e-27 4.87842e-26 9.75123e-20 2.3904e-14 7.08318e-10 2.53707e-06 0.00109846 0.0574892 0.363693 0.278359 0.0408842 0.115627 0.106268 0.0175989 0.0133909 0.00413545 0.001108 0.00028553 5.19162e-05 7.42776e-06 7.89798e-07 5.31789e-08 1.81738e-09 2.74517e-11
 2.57065e-27 2.60809e-27 4.99173e-26 9.99027e-20 2.44899e-14 7.25681e-10 2.59927e-06 0.00112538 0.0588985 0.372608 0.285163 0.0406602 0.109142 0.100257 0.0160446 0.0113581 0.00350249 0.000938398 0.000246078 4.70022e-05 6.65174e-06 6.5857e-07 4.1131e-08 1.40523e-09 1.99236e-11
 2.57139e-27 2.61008e-27 5.16745e-26 1.0361e-19 2.53986e-14 7.52607e-10 2.69571e-06 0.00116714 0.0610839 0.386433 0.295712 0.0401707 0.0980046 0.0899727 0.0141025 0.0095146 0.00289447 0.000714768 0.00018521 3.55597e-05 5.21761e-06 5.25363e-07 3.09164e-08 9.79322e-10 1.35927e-11
 2.5714e-27 2.61009e-27 5.1659e-26 1.03577e-19 2.53906e-14 7.5237e-10 2.69486e-06 0.00116677 0.0610647 0.386312 0.295622 0.0403337 0.0993084 0.0911395 0.01365 0.00818691 0.00246461 0.000575048 0.000144255 2.58256e-05 3.75577e-06 3.87418e-07 2.33537e-08 7.05669e-10 9.12283e-12
 2.57137e-27 2.61004e-27 5.16262e-26 1.03508e-19 2.53736e-14 7.51866e-10 2.69306e-06 0.00116599 0.0610238 0.386053 0.295423 0.0402376 0.0987172 0.090621 0.0140505 0.0092284 0.00274223 0.000569738 0.000137992 2.33651e-05 3.2024e-06 3.17096e-07 1.94047e-08 5.98657e-10 7.45568e-12
 2.57126e-27 2.60972e-27 5.1329e-26 1.02881e-19 2.52199e-14 7.47312e-10 2.67674e-06 0.00115893 0.0606541 0.383714 0.29364 0.0404369 0.101486 0.0931486 0.0139998 0.00847823 0.00254294 0.000575479 0.000137504 2.09451e-05 2.7109e-06 2.51285e-07 1.45841e-08 4.51307e-10 5.70719e-12
 2.57154e-27 2.61049e-27 5.20207e-26 1.0434e-19 2.55777e-14 7.57912e-10 2.71471e-06 0.00117537 0.0615145 0.389157 0.297792 0.0401616 0.0964739 0.0885408 0.0134971 0.00849011 0.00252094 0.000524285 0.000126025 2.05102e-05 2.51603e-06 2.12465e-07 1.14672e-08 3.35151e-10 4.20868e-12
 2.57227e-27 2.61246e-27 5.37674e-26 1.08025e-19 2.6481e-14 7.84678e-10 2.81058e-06 0.00121688 0.0636869 0.402901 0.308278 0.0396253 0.0850257 0.0779785 0.0116642 0.00696988 0.0020775 0.000449242 0.000106531 1.62035e-05 2.0471e-06 1.73716e-07 8.541e-09 2.29518e-10 2.71772e-12
 2.57197e-27 2.61165e-27 5.30284e-26 1.06466e-19 2.60988e-14 7.73354e-10 2.77002e-06 0.00119931 0.0627678 0.397086 0.303844 0.0399925 0.0909354 0.0833979 0.0120073 0.00638714 0.00188575 0.000386427 9.15917e-05 1.43285e-05 1.74298e-06 1.44729e-07 7.22129e-09 1.80177e-10 1.95027e-12
 2.57218e-27 2.61221e-27 5.35276e-26 1.07519e-19 2.63569e-14 7.81003e-10 2.79742e-06 0.00121118 0.0633886 0.401013 0.30684 0.0398261 0.0875643 0.0802921 0.0115495 0.00612328 0.00178208 0.000321236 7.32241e-05 1.09477e-05 1.34387e-06 1.10979e-07 5.35812e-09 1.33798e-10 1.36668e-12
 2.57227e-27 2.61244e-27 5.37308e-26 1.07948e-19 2.6462e-14 7.84117e-10 2.80858e-06 0.00121601 0.0636414 0.402613 0.308061 0.0397981 0.0864933 0.0792959 0.0112289 0.00564305 0.00163908 0.000293544 6.49961e-05 8.64403e-06 1.00405e-06 8.11447e-08 3.91972e-09 9.53357e-11 9.62152e-13
 2.57196e-27 2.6116e-27 5.29762e-26 1.06356e-19 2.60718e-14 7.72554e-10 2.76716e-06 0.00119807 0.0627029 0.396675 0.303531 0.0400819 0.0918355 0.0842125 0.0118625 0.00584969 0.00168907 0.000286659 6.26157e-05 8.21597e-06 8.8896e-07 6.50208e-08 3.02026e-09 7.29476e-11 7.21875e-13
 2.5723e-27 2.61252e-27 5.38006e-26 1.08095e-19 2.64981e-14 7.85186e-10 2.81241e-06 0.00121766 0.0637281 0.403161 0.308479 0.0397781 0.0860473 0.0788846 0.0111621 0.00559366 0.00161219 0.000267116 5.73997e-05 7.17394e-06 7.61545e-07 5.30944e-08 2.22632e-09 5.06845e-11 4.93691e-13
 2.57232e-27 2.61256e-27 5.38301e-26 1.08157e-19 2.65134e-14 7.85639e-10 2.81403e-06 0.00121837 0.0637649 0.403394 0.308658 0.0398485 0.0864577 0.079244 0.0108761 0.00485127 0.0013947 0.000233125 4.99748e-05 6.09455e-06 6.25926e-07 4.18858e-08 1.6827e-09 3.49241e-11 3.16753e-13
#obs surv len freq
 1.76384e-41 2.4481e-33 4.10719e-26 8.3293e-20 2.04183e-14 6.05032e-10 2.16713e-06 0.000938291 0.0491064 0.310661 0.237953 0.0440557 0.152347 0.129063 0.0363734 0.0279212 0.00839942 0.00261481 0.000504052 5.75253e-05 2.84843e-06 4.50687e-08 1.70494e-10 1.23651e-13 1.48213e-17
 2.17821e-41 3.02322e-33 5.07208e-26 1.02861e-19 2.52151e-14 7.47169e-10 2.67624e-06 0.00115872 0.0606427 0.383643 0.293652 0.0419997 0.0968928 0.0775535 0.0221853 0.0159993 0.00465003 0.0013557 0.000239506 2.40117e-05 9.87642e-07 1.22099e-08 3.4473e-11 1.81735e-14 1.56201e-18
 1.7255e-41 2.39488e-33 4.0179e-26 8.14822e-20 1.99744e-14 5.91878e-10 2.12001e-06 0.000917891 0.0480388 0.303908 0.232989 0.05121 0.181537 0.135584 0.0265328 0.0141029 0.00392506 0.00106505 0.000171773 1.49589e-05 5.07794e-07 4.91115e-09 1.03838e-11 3.98323e-15 2.45125e-19
 2.09304e-41 2.905e-33 4.87374e-26 9.88383e-20 2.42291e-14 7.17952e-10 2.57159e-06 0.00111341 0.0582713 0.368642 0.282321 0.0458237 0.113234 0.0811829 0.0277559 0.0175814 0.00332221 0.00064966 9.34764e-05 7.01357e-06 1.94591e-07 1.46589e-09 2.32646e-12 6.52402e-16 2.88481e-20
 2.36842e-41 3.2872e-33 5.51497e-26 1.11842e-19 2.74169e-14 8.12412e-10 2.90993e-06 0.0012599 0.065938 0.417143 0.319328 0.0443336 0.0795324 0.0523852 0.0117781 0.00616127 0.00175086 0.000351637 3.27112e-05 1.90598e-06 4.26368e-08 2.4855e-10 2.95423e-13 6.0697e-17 1.93715e-21
 1.31659e-41 1.82735e-33 3.06575e-26 6.21729e-20 1.52409e-14 4.51617e-10 1.61762e-06 0.000700373 0.0366547 0.231892 0.178662 0.0712439 0.272582 0.166648 0.028191 0.0108943 0.00207978 0.000405272 4.35052e-05 1.78825e-06 2.78258e-08 1.21913e-10 1.07952e-13 1.6229e-17 3.74299e-22
 2.21537e-41 3.07479e-33 5.15859e-26 1.04615e-19 2.56452e-14 7.59913e-10 2.72189e-06 0.00117848 0.0616771 0.390188 0.298882 0.0467658 0.0889252 0.0564425 0.0351251 0.0180306 0.00245583 0.000300774 2.53566e-05 1.02157e-06 1.19224e-08 3.48773e-11 2.17965e-14 2.36861e-18 3.93916e-23
 1.98767e-41 2.75875e-33 4.62837e-26 9.38625e-20 2.30093e-14 6.81807e-10 2.44212e-06 0.00105735 0.0553377 0.350085 0.268737 0.0609883 0.155023 0.0825442 0.015874 0.00729398 0.00265884 0.000378191 1.94001e-05 5.39637e-07 5.28647e-09 1.17693e-11 4.96526e-15 3.64259e-19 4.22337e-24
 2.02395e-41 2.80912e-33 4.71287e-26 9.55762e-20 2.34294e-14 6.94255e-10 2.48671e-06 0.00107666 0.056348 0.356477 0.273712 0.0615078 0.143587 0.0738993 0.0231743 0.00863662 0.00131064 0.000248818 1.94092e-05 3.88211e-07 2.41094e-09 3.98687e-12 1.26859e-15 6.55064e-20 5.12407e-25
 1.98644e-41 2.75704e-33 4.62551e-26 9.38045e-20 2.29951e-14 6.81386e-10 2.44061e-06 0.0010567 0.0553036 0.349871 0.268947 0.066857 0.153486 0.0733004 0.0216609 0.00788779 0.0014532 0.000162324 1.06992e-05 2.69488e-07 1.4101e-09 1.49931e-12 3.21135e-16 1.1959e-20 6.76366e-26
 2.09935e-41 2.91375e-33 4.88843e-26 9.91363e-20 2.43021e-14 7.20116e-10 2.57934e-06 0.00111676 0.058447 0.369758 0.284191 0.0658657 0.133203 0.0601687 0.0195382 0.00647078 0.00110847 0.000124 6.0095e-06 1.12888e-07 5.90521e-10 5.63011e-13 8.6022e-17 2.09795e-21 7.98127e-27
 2.04167e-41 2.8337e-33 4.75412e-26 9.64125e-20 2.36344e-14 7.0033e-10 2.50847e-06 0.00108608 0.0568411 0.359602 0.276874 0.0732983 0.147225 0.0611439 0.0176015 0.00532697 0.000904942 9.04338e-05 3.91287e-06 5.56265e-08 2.07976e-10 1.65546e-13 2.20599e-17 4.28589e-22 1.16293e-27
 1.99812e-41 2.77325e-33 4.65271e-26 9.4356e-20 2.31303e-14 6.85392e-10 2.45496e-06 0.00106291 0.0556287 0.351935 0.271475 0.0795087 0.153926 0.061018 0.0194139 0.00520404 0.000755533 6.80151e-05 2.56506e-06 3.0009e-08 8.4263e-11 4.71788e-14 4.64112e-18 7.14316e-23 1.56394e-28
 1.87286e-41 2.59941e-33 4.36105e-26 8.84413e-20 2.16803e-14 6.42428e-10 2.30107e-06 0.000996286 0.0521416 0.329881 0.255455 0.091209 0.17495 0.0663223 0.022454 0.00571996 0.000806725 6.03162e-05 1.87821e-06 1.80162e-08 3.96671e-11 1.65416e-14 1.15436e-18 1.24494e-23 1.96147e-29
 1.68803e-41 2.34288e-33 3.93066e-26 7.97131e-20 1.95407e-14 5.79027e-10 2.07398e-06 0.000897962 0.0469958 0.297336 0.231781 0.10649 0.201449 0.0764012 0.0301859 0.00736769 0.00102274 6.96675e-05 1.77774e-06 1.32243e-08 2.25133e-11 7.13303e-15 3.68542e-19 2.86516e-24 3.18285e-30
 1.91289e-41 2.65496e-33 4.45425e-26 9.03313e-20 2.21436e-14 6.56157e-10 2.35025e-06 0.00101758 0.0532559 0.336939 0.261714 0.0954571 0.154677 0.0609243 0.0279711 0.0069725 0.00100382 6.35451e-05 1.40547e-06 8.2841e-09 1.05649e-11 2.47957e-15 9.47398e-20 5.40653e-25 4.35999e-31
 1.86056e-41 2.58233e-33 4.33239e-26 8.786e-20 2.15378e-14 6.38206e-10 2.28595e-06 0.000989737 0.0517989 0.327735 0.256004 0.109652 0.169404 0.0572377 0.0208896 0.0054064 0.000827632 5.13915e-05 1.01532e-06 4.93407e-09 4.86653e-12 8.44175e-16 2.33718e-20 9.63276e-26 5.6154e-32
 1.84125e-41 2.55554e-33 4.28744e-26 8.69484e-20 2.13144e-14 6.31584e-10 2.26223e-06 0.000979469 0.0512615 0.324348 0.254461 0.11675 0.167866 0.0576998 0.0215649 0.00443356 0.000595911 3.67283e-05 6.71369e-07 2.78035e-09 2.18922e-12 2.89805e-16 5.92844e-21 1.76744e-26 7.37206e-33
 1.86038e-41 2.58209e-33 4.33199e-26 8.78518e-20 2.15358e-14 6.38146e-10 2.28574e-06 0.000989645 0.0517941 0.327732 0.258048 0.121498 0.160499 0.0546295 0.0202605 0.00406108 0.000462078 2.31052e-05 3.75042e-07 1.35014e-09 8.72935e-13 9.0626e-17 1.40694e-21 3.11041e-27 9.45936e-34
 1.94773e-41 2.70332e-33 4.53539e-26 9.19768e-20 2.2547e-14 6.6811e-10 2.39306e-06 0.00103611 0.0542261 0.343131 0.270455 0.120945 0.143707 0.0468429 0.016221 0.00309414 0.000325374 1.34316e-05 1.69085e-07 4.91835e-10 2.59989e-13 2.1551e-17 2.59594e-22 4.34999e-28 9.85114e-35
 1.94442e-41 2.69872e-33 4.52767e-26 9.18202e-20 2.25086e-14 6.66972e-10 2.38899e-06 0.00103435 0.0541338 0.342575 0.27167 0.129567 0.142197 0.0430272 0.0132794 0.00229053 0.000215621 7.68774e-06 7.65732e-08 1.66947e-10 6.67111e-14 4.26429e-18 3.97389e-23 5.1041e-29 8.74487e-36
 1.98116e-41 2.74972e-33 4.61323e-26 9.35555e-20 2.2934e-14 6.79577e-10 2.43413e-06 0.0010539 0.0551569 0.349073 0.277832 0.131715 0.132002 0.039791 0.0115153 0.00171738 0.000136809 4.08114e-06 3.28457e-08 5.48915e-11 1.61429e-14 7.51423e-19 5.14404e-24 4.90927e-30 6.28766e-37
 1.91493e-41 2.6578e-33 4.459e-26 9.04277e-20 2.21673e-14 6.56857e-10 2.35276e-06 0.00101866 0.053313 0.337464 0.271898 0.146798 0.137981 0.039506 0.0104869 0.00143507 9.56215e-05 2.2662e-06 1.4295e-08 1.83949e-11 4.06037e-15 1.38376e-19 6.82514e-25 4.66923e-31 4.29878e-38
 1.96016e-41 2.72057e-33 4.56433e-26 9.25636e-20 2.26909e-14 6.72372e-10 2.40833e-06 0.00104272 0.0545724 0.34547 0.279267 0.14562 0.125471 0.0377136 0.00960437 0.00116902 6.65903e-05 1.25995e-06 6.02025e-09 5.79145e-12 9.51072e-16 2.39183e-20 8.61245e-26 4.25549e-32 2.80581e-39
 1.93603e-41 2.68708e-33 4.50813e-26 9.1424e-20 2.24115e-14 6.64094e-10 2.37868e-06 0.00102989 0.0539007 0.341299 0.27915 0.155943 0.1243 0.0350613 0.00830143 0.000964439 4.71187e-05 7.1574e-07 2.61334e-09 1.8521e-12 2.20968e-16 4.03015e-21 1.05246e-26 3.76561e-33 1.7921e-40
 1.87066e-41 2.59635e-33 4.35592e-26 8.83371e-20 2.16548e-14 6.41671e-10 2.29836e-06 0.000995112 0.0520811 0.329899 0.274581 0.169708 0.127551 0.0364037 0.00792395 0.000819292 3.51883e-05 4.38993e-07 1.23343e-09 6.49662e-13 5.63344e-17 7.37217e-22 1.37491e-27 3.51287e-34 1.19544e-41
 1.79729e-41 2.49452e-33 4.18507e-26 8.48724e-20 2.08055e-14 6.16504e-10 2.20822e-06 0.000956082 0.050039 0.317128 0.269721 0.18393 0.131049 0.0384473 0.00795426 0.000745613 2.6989e-05 2.75426e-07 6.08386e-10 2.41387e-13 1.53467e-17 1.45063e-22 1.93601e-28 3.51894e-35 8.49301e-43
 1.83088e-41 2.54115e-33 4.2633e-26 8.64589e-20 2.11944e-14 6.28028e-10 2.2495e-06 0.000973955 0.0509748 0.323167 0.27673 0.181882 0.121363 0.0369065 0.00734057 0.000640011 1.98294e-05 1.62415e-07 2.78571e-10 8.40892e-14 3.98134e-18 2.75076e-23 2.64926e-29 3.44767e-36 5.92803e-44
#pred catch len freq
 2.56683e-27 2.59825e-27 4.18785e-26 8.29467e-20 2.03334e-14 6.02515e-10 2.15811e-06 0.000934377 0.0489019 0.309367 0.23682 0.0373049 0.117569 0.108632 0.027978 0.036848 0.0171174 0.014921 0.00995444 0.00806666 0.00662213 0.00589922 0.0060282 0.005386 0.00164721
 2.5694e-27 2.60483e-27 4.71951e-26 9.41606e-20 2.30823e-14 6.83971e-10 2.44987e-06 0.0010607 0.0555132 0.351192 0.2688 0.0400428 0.115939 0.106708 0.0203492 0.0196516 0.007557 0.00466476 0.00255309 0.00174541 0.00124424 0.000981558 0.000905332 0.000815803 0.000273966
 2.56915e-27 2.60404e-27 4.63739e-26 9.24277e-20 2.26575e-14 6.71383e-10 2.40478e-06 0.00104118 0.0544915 0.344728 0.263886 0.0413533 0.129365 0.118973 0.0203241 0.0164324 0.00543388 0.0020886 0.000834601 0.000409059 0.000228502 0.000150184 0.000119483 0.000102849 3.59023e-05
 2.56834e-27 2.60185e-27 4.44472e-26 8.83633e-20 2.16612e-14 6.4186e-10 2.29903e-06 0.000995394 0.0520953 0.329569 0.252318 0.0418322 0.141137 0.129881 0.0230865 0.0199736 0.00630964 0.00191589 0.000580318 0.000173788 6.21928e-05 2.95208e-05 1.86425e-05 1.43515e-05 4.99938e-06
 2.57105e-27 2.60923e-27 5.09996e-26 1.02186e-19 2.50497e-14 7.42267e-10 2.65868e-06 0.00115111 0.0602447 0.381124 0.291651 0.039718 0.0974129 0.0895697 0.0166171 0.0153684 0.00493688 0.00161729 0.00045292 0.000101402 2.14638e-05 5.68496e-06 2.35498e-06 1.46119e-06 4.86793e-07
 2.56795e-27 2.60073e-27 4.34024e-26 8.6159e-20 2.11208e-14 6.25848e-10 2.24168e-06 0.000970563 0.0507958 0.321348 0.246053 0.0426309 0.151616 0.139432 0.0226053 0.0164809 0.005388 0.00195098 0.000567767 0.000131507 2.21882e-05 3.28651e-06 6.40288e-07 2.54854e-07 7.60062e-08
 2.56744e-27 2.59944e-27 4.23475e-26 8.39338e-20 2.05754e-14 6.09684e-10 2.18379e-06 0.000945497 0.0494839 0.313049 0.239709 0.042174 0.152597 0.140532 0.0263434 0.0247138 0.00764225 0.00203451 0.000593038 0.000150147 2.64802e-05 3.30907e-06 3.1449e-07 5.11325e-08 1.15874e-08
 2.57023e-27 2.60703e-27 4.90673e-26 9.81099e-20 2.40505e-14 7.12658e-10 2.55262e-06 0.00110519 0.0578416 0.365921 0.280049 0.0401375 0.108757 0.100068 0.0190263 0.018232 0.00598316 0.00215236 0.000583739 0.000115971 2.13013e-05 2.82708e-06 2.20547e-07 1.33737e-08 1.45418e-09
 2.56969e-27 2.60549e-27 4.76107e-26 9.50366e-20 2.32971e-14 6.90334e-10 2.47266e-06 0.00107057 0.0560297 0.354459 0.271316 0.0413522 0.124137 0.11408 0.0182353 0.0128921 0.00423654 0.00157519 0.000476478 0.000117385 1.82164e-05 2.22193e-06 1.8146e-07 7.74782e-09 2.70929e-10
 2.56955e-27 2.6051e-27 4.72884e-26 9.43569e-20 2.31304e-14 6.85397e-10 2.45498e-06 0.00106291 0.0556289 0.351924 0.269379 0.0412956 0.125066 0.114988 0.0193022 0.0150789 0.00462394 0.00118934 0.000348623 9.12585e-05 1.70855e-05 2.06925e-06 1.49054e-07 6.23736e-09 1.2067e-10
 2.5702e-27 2.60688e-27 4.88728e-26 9.76993e-20 2.39498e-14 7.09676e-10 2.54194e-06 0.00110056 0.0575995 0.36439 0.278889 0.0407416 0.114169 0.104947 0.0178111 0.0142112 0.00444536 0.00127871 0.000334726 6.47808e-05 1.21623e-05 1.69913e-06 1.29855e-07 4.89701e-09 8.40918e-11
 2.5703e-27 2.60713e-27 4.90622e-26 9.80988e-20 2.40477e-14 7.12577e-10 2.55233e-06 0.00110506 0.057835 0.36588 0.28003 0.0409187 0.114715 0.105396 0.0168896 0.0119955 0.00375726 0.00110376 0.000300009 6.12623e-05 9.09226e-06 1.11248e-06 9.49482e-08 3.8302e-09 6.06677e-11
 2.56998e-27 2.60626e-27 4.82887e-26 9.64669e-20 2.36477e-14 7.00723e-10 2.50987e-06 0.00108668 0.0568729 0.359793 0.275387 0.0412207 0.120275 0.110514 0.0175684 0.0122497 0.00374839 0.000959557 0.000257686 5.41094e-05 8.4599e-06 9.13229e-07 6.50731e-08 2.80582e-09 4.71588e-11
 2.56969e-27 2.60548e-27 4.76036e-26 9.50217e-20 2.32934e-14 6.90226e-10 2.47227e-06 0.0010704 0.0560209 0.354403 0.271273 0.0413352 0.124037 0.114008 0.0185891 0.0136979 0.00418424 0.00104946 0.000269314 5.04391e-05 7.89517e-06 8.87008e-07 5.82945e-08 2.13287e-09 3.69002e-11
 2.56906e-27 2.60377e-27 4.60955e-26 9.18403e-20 2.25135e-14 6.67117e-10 2.3895e-06 0.00103456 0.0541453 0.342538 0.26222 0.0417624 0.133649 0.122882 0.0202285 0.0152061 0.00469134 0.0012509 0.000322055 5.85085e-05 8.36888e-06 8.89774e-07 5.99089e-08 2.04736e-09 3.09256e-11
 2.56957e-27 2.60514e-27 4.72917e-26 9.43636e-20 2.31321e-14 6.85446e-10 2.45515e-06 0.00106299 0.0556329 0.351949 0.269402 0.0415356 0.126876 0.116601 0.0185578 0.0129758 0.00399728 0.00106583 0.000279229 5.32904e-05 7.53989e-06 7.46425e-07 4.66166e-08 1.59263e-09 2.25806e-11
 2.57041e-27 2.6074e-27 4.92913e-26 9.8582e-20 2.41662e-14 7.16088e-10 2.56491e-06 0.00111051 0.0581199 0.367682 0.281407 0.0409768 0.11419 0.104887 0.0163522 0.0108908 0.00330989 0.000813419 0.000210558 4.03929e-05 5.92538e-06 5.96568e-07 3.51057e-08 1.11201e-09 1.54344e-11
 2.57028e-27 2.60702e-27 4.89298e-26 9.78194e-20 2.39792e-14 7.10548e-10 2.54506e-06 0.00110192 0.0576703 0.364838 0.27924 0.0412783 0.118007 0.108365 0.0161629 0.00958148 0.00288178 0.00066922 0.000167707 2.9999e-05 4.36162e-06 4.49868e-07 2.71174e-08 8.19388e-10 1.0593e-11
 2.57038e-27 2.60733e-27 4.92218e-26 9.84354e-20 2.41303e-14 7.15023e-10 2.56109e-06 0.00110885 0.0580335 0.367135 0.280991 0.0410581 0.115101 0.105717 0.016306 0.0105718 0.00313874 0.000649004 0.000157012 2.65631e-05 3.63979e-06 3.60366e-07 2.2052e-08 6.80323e-10 8.47273e-12
 2.57024e-27 2.60691e-27 4.88341e-26 9.76174e-20 2.39297e-14 7.09081e-10 2.53981e-06 0.00109964 0.0575512 0.364084 0.278665 0.0413026 0.118595 0.108909 0.0162921 0.00973833 0.00291816 0.000657237 0.000156878 2.3876e-05 3.08939e-06 2.86337e-07 1.66179e-08 5.1424e-10 6.50304e-12
 2.57056e-27 2.60779e-27 4.96224e-26 9.92804e-20 2.43374e-14 7.21161e-10 2.58308e-06 0.00111837 0.0585316 0.370287 0.283396 0.0409876 0.112874 0.10365 0.0157231 0.00976261 0.00289628 0.000599473 0.000143936 2.34055e-05 2.87048e-06 2.42368e-07 1.30807e-08 3.82305e-10 4.8008e-12
 2.57136e-27 2.60999e-27 5.15657e-26 1.0338e-19 2.53424e-14 7.50939e-10 2.68974e-06 0.00116455 0.0609486 0.385577 0.295062 0.040391 0.100138 0.0918996 0.013683 0.00806927 0.002403 0.000517149 0.000122504 1.86171e-05 2.35139e-06 1.99516e-07 9.80918e-09 2.63594e-10 3.12121e-12
 2.57113e-27 2.60933e-27 5.09615e-26 1.02105e-19 2.50299e-14 7.4168e-10 2.65657e-06 0.00115019 0.060197 0.380823 0.291437 0.0407303 0.105267 0.0965951 0.0138449 0.00725541 0.00214004 0.000436417 0.000103322 1.61499e-05 1.96403e-06 1.63065e-07 8.13589e-09 2.02995e-10 2.19725e-12
 2.57138e-27 2.61001e-27 5.15729e-26 1.03395e-19 2.53461e-14 7.51049e-10 2.69013e-06 0.00116472 0.0609575 0.385634 0.295107 0.0405254 0.101129 0.0927831 0.0132852 0.00693667 0.002017 0.000361842 8.23748e-05 1.23052e-05 1.51011e-06 1.24693e-07 6.02003e-09 1.50326e-10 1.5355e-12
 2.57148e-27 2.6103e-27 5.1818e-26 1.03912e-19 2.54728e-14 7.54805e-10 2.70358e-06 0.00117055 0.0612623 0.387562 0.296579 0.0404883 0.0998122 0.0915594 0.0129089 0.0063868 0.00185339 0.000330336 7.30507e-05 9.70693e-06 1.12717e-06 9.10846e-08 4.39973e-09 1.07009e-10 1.07996e-12
 2.5712e-27 2.60951e-27 5.11147e-26 1.02428e-19 2.51091e-14 7.44028e-10 2.66498e-06 0.00115384 0.0603876 0.382028 0.292358 0.0407573 0.104826 0.0961724 0.0134865 0.00654204 0.00188723 0.000318754 6.95338e-05 9.11589e-06 9.86043e-07 7.21127e-08 3.34956e-09 8.09003e-11 8.0057e-13
 2.57163e-27 2.6107e-27 5.21785e-26 1.04673e-19 2.56593e-14 7.6033e-10 2.72337e-06 0.00117912 0.0617107 0.390399 0.298743 0.040367 0.0973693 0.0893087 0.0125765 0.00619443 0.00178368 0.000294104 6.3113e-05 7.88124e-06 8.36372e-07 5.8304e-08 2.44468e-09 5.5655e-11 5.42104e-13
 2.57131e-27 2.60982e-27 5.13794e-26 1.02987e-19 2.5246e-14 7.48084e-10 2.67951e-06 0.00116013 0.0607168 0.384111 0.293948 0.0407418 0.10359 0.0950168 0.0130012 0.0057264 0.00164492 0.000273694 5.85966e-05 7.13999e-06 7.33071e-07 4.90495e-08 1.97042e-09 4.08951e-11 3.70908e-13
#obs catch len freq
 1.75335e-41 2.43354e-33 4.08277e-26 8.27977e-20 2.02969e-14 6.01434e-10 2.15424e-06 0.000932711 0.0488144 0.308814 0.236543 0.0441119 0.153632 0.130159 0.0367321 0.0282614 0.00864747 0.00274307 0.000540029 6.35445e-05 3.29096e-06 5.48631e-08 2.17587e-10 1.64011e-13 2.03089e-17
 1.76776e-41 2.45354e-33 4.11632e-26 8.34782e-20 2.04637e-14 6.06377e-10 2.17194e-06 0.000940376 0.0492155 0.311352 0.238539 0.0459947 0.155935 0.125056 0.0361864 0.0262766 0.00774079 0.00229964 0.000417263 4.29685e-05 1.82861e-06 2.35824e-08 6.95974e-11 3.81772e-14 3.39158e-18
 2.1861e-41 3.03417e-33 5.09045e-26 1.03233e-19 2.53064e-14 7.49875e-10 2.68593e-06 0.00116292 0.0608624 0.385033 0.294756 0.0432847 0.0983125 0.0743019 0.0218533 0.0148299 0.00422233 0.00116795 0.000193108 1.73176e-05 6.05837e-07 6.05184e-09 1.32554e-11 5.26811e-15 3.34939e-19
 1.74245e-41 2.41841e-33 4.05738e-26 8.22829e-20 2.01707e-14 5.97694e-10 2.14084e-06 0.000926911 0.0485109 0.306895 0.235361 0.0537155 0.183166 0.128526 0.0254216 0.0129082 0.00351997 0.000901428 0.000135147 1.04353e-05 2.98387e-07 2.31266e-09 3.77238e-12 1.08746e-15 4.94159e-20
 2.11171e-41 2.93092e-33 4.91722e-26 9.97203e-20 2.44453e-14 7.24358e-10 2.59453e-06 0.00112334 0.0587913 0.371931 0.284897 0.047451 0.113212 0.0764359 0.0269821 0.0157078 0.00285252 0.000536721 7.14522e-05 4.71065e-06 1.09064e-07 6.53483e-10 7.95954e-13 1.67205e-16 5.45004e-21
 2.38466e-41 3.30975e-33 5.5528e-26 1.1261e-19 2.76049e-14 8.17984e-10 2.92989e-06 0.00126854 0.0663903 0.420004 0.321563 0.0454329 0.0785318 0.0484196 0.0110971 0.00547421 0.00151367 0.000276346 2.384e-05 1.2258e-06 2.26969e-08 1.045e-10 9.48694e-14 1.45568e-17 3.41842e-22
 1.35181e-41 1.87623e-33 3.14776e-26 6.3836e-20 1.56486e-14 4.63698e-10 1.66089e-06 0.000719108 0.0376352 0.238096 0.183613 0.0756733 0.271498 0.154737 0.0263203 0.00957487 0.00177436 0.000325464 3.10949e-05 1.10566e-06 1.43142e-08 4.93528e-11 3.32366e-14 3.7209e-18 6.30308e-23
 2.24468e-41 3.11547e-33 5.22684e-26 1.05999e-19 2.59845e-14 7.69967e-10 2.7579e-06 0.00119407 0.0624931 0.395351 0.302898 0.048139 0.0867296 0.0523586 0.0333256 0.0152851 0.00197712 0.000228143 1.75466e-05 6.0018e-07 5.70114e-09 1.31321e-11 6.23918e-15 5.03817e-19 6.14347e-24
 2.02418e-41 2.80942e-33 4.71339e-26 9.55866e-20 2.34319e-14 6.94331e-10 2.48698e-06 0.00107678 0.0563542 0.356516 0.273798 0.0633482 0.150733 0.0746508 0.014564 0.00645501 0.00221329 0.000275508 1.27524e-05 3.06565e-07 2.42937e-09 4.20207e-12 1.34441e-15 7.32984e-20 6.2246e-25
 2.06403e-41 2.86474e-33 4.80619e-26 9.74686e-20 2.38933e-14 7.08001e-10 2.53595e-06 0.00109798 0.0574637 0.363536 0.27926 0.0636937 0.138505 0.0667484 0.0212625 0.00716212 0.00106686 0.0001879 1.23796e-05 2.07003e-07 1.04948e-09 1.34951e-12 3.23873e-16 1.24032e-20 7.10892e-26
 2.03003e-41 2.81755e-33 4.72702e-26 9.5863e-20 2.34997e-14 6.96339e-10 2.49417e-06 0.00107989 0.0565171 0.35755 0.275008 0.0692282 0.147293 0.0657923 0.0196855 0.00657389 0.00114683 0.000116344 6.8652e-06 1.40539e-07 5.80504e-10 4.78949e-13 7.75476e-17 2.13844e-21 8.85154e-27
 2.14153e-41 2.9723e-33 4.98666e-26 1.01128e-19 2.47904e-14 7.34586e-10 2.63117e-06 0.0011392 0.0596214 0.377189 0.290059 0.067826 0.12669 0.0536796 0.0175385 0.00530091 0.000863055 8.6479e-05 3.64546e-06 5.71562e-08 2.34605e-10 1.7028e-13 1.95389e-17 3.53069e-22 9.82565e-28
 2.08827e-41 2.89838e-33 4.86264e-26 9.86133e-20 2.41739e-14 7.16316e-10 2.56573e-06 0.00111087 0.0581386 0.367812 0.283393 0.0754392 0.139267 0.0541391 0.0156059 0.00433441 0.000692748 6.1762e-05 2.29565e-06 2.67536e-08 7.89876e-11 4.7883e-14 4.75431e-18 6.81116e-23 1.35269e-28
 2.04852e-41 2.8432e-33 4.77007e-26 9.6736e-20 2.37137e-14 7.0268e-10 2.51688e-06 0.00108972 0.0570318 0.360814 0.278562 0.0817408 0.144917 0.0540191 0.0170463 0.00416188 0.000567902 4.54613e-05 1.45811e-06 1.38451e-08 3.03881e-11 1.29406e-14 9.48281e-19 1.07212e-23 1.71119e-29
 1.92897e-41 2.67728e-33 4.4917e-26 9.10907e-20 2.23298e-14 6.61673e-10 2.37001e-06 0.00102613 0.0537036 0.339766 0.263424 0.0939024 0.164476 0.0588965 0.0196036 0.00456255 0.00059554 3.92844e-05 1.03671e-06 8.0093e-09 1.36882e-11 4.31836e-15 2.23977e-19 1.77279e-24 2.03146e-30
 1.75133e-41 2.43073e-33 4.07805e-26 8.2702e-20 2.02734e-14 6.00738e-10 2.15175e-06 0.000931632 0.0487579 0.30849 0.240892 0.10992 0.18951 0.0685743 0.0262611 0.00586848 0.000747308 4.44173e-05 9.49019e-07 5.66101e-09 7.44765e-12 1.77772e-15 6.80687e-20 3.87834e-25 3.13261e-31
 1.97235e-41 2.7375e-33 4.59272e-26 9.31394e-20 2.2832e-14 6.76555e-10 2.42331e-06 0.00104921 0.0549115 0.34742 0.270218 0.0975736 0.143853 0.0547199 0.0239865 0.00550914 0.000717422 3.9288e-05 7.18893e-07 3.36556e-09 3.30215e-12 5.82347e-16 1.6451e-20 6.86811e-26 4.02305e-32
 1.92223e-41 2.66792e-33 4.476e-26 9.07723e-20 2.22518e-14 6.5936e-10 2.36172e-06 0.00102254 0.0535159 0.338607 0.264957 0.1118 0.156743 0.050655 0.0177972 0.00428202 0.000586128 3.11488e-05 5.02968e-07 1.92349e-09 1.45e-12 1.88333e-16 3.84803e-21 1.15862e-26 4.89967e-33
 1.90469e-41 2.64358e-33 4.43516e-26 8.99442e-20 2.20488e-14 6.53345e-10 2.34018e-06 0.00101322 0.0530277 0.335534 0.26376 0.118691 0.154787 0.0512516 0.0180585 0.00343425 0.000417917 2.18653e-05 3.22703e-07 1.04132e-09 6.22499e-13 6.14418e-17 9.25336e-22 2.01282e-27 6.08578e-34
 1.92469e-41 2.67135e-33 4.48174e-26 9.08888e-20 2.22803e-14 6.60207e-10 2.36475e-06 0.00102386 0.0535847 0.339075 0.267544 0.122939 0.147183 0.0484134 0.0168095 0.00309803 0.00031375 1.33834e-05 1.74644e-07 4.85423e-10 2.36626e-13 1.82326e-17 2.07793e-22 3.34615e-28 7.37024e-35
 2.00941e-41 2.78893e-33 4.67901e-26 9.48893e-20 2.3261e-14 6.89266e-10 2.46884e-06 0.00106892 0.0559432 0.354012 0.279607 0.121591 0.13077 0.0411722 0.0132849 0.00232654 0.000215212 7.47377e-06 7.55041e-08 1.69185e-10 6.70767e-14 4.10764e-18 3.62072e-23 4.41031e-29 7.22461e-36
 2.00645e-41 2.78483e-33 4.67212e-26 9.47498e-20 2.32268e-14 6.88252e-10 2.46521e-06 0.00106735 0.055861 0.353525 0.281001 0.129708 0.128745 0.0375094 0.010742 0.00169544 0.000139574 4.13931e-06 3.27533e-08 5.48148e-11 1.63988e-14 7.72192e-19 5.24984e-24 4.88974e-30 6.04994e-37
 2.04229e-41 2.83457e-33 4.75557e-26 9.64421e-20 2.36416e-14 7.00545e-10 2.50924e-06 0.00108641 0.0568588 0.359869 0.287094 0.13118 0.118909 0.0345017 0.00916716 0.00124355 8.61736e-05 2.12347e-06 1.34677e-08 1.71674e-11 3.76806e-15 1.28996e-19 6.43083e-25 4.44087e-31 4.09869e-38
 1.97887e-41 2.74655e-33 4.6079e-26 9.34474e-20 2.29075e-14 6.78792e-10 2.43132e-06 0.00105268 0.0550934 0.348767 0.281791 0.145809 0.124038 0.0340871 0.00827954 0.0010214 5.85691e-05 1.13985e-06 5.63719e-09 5.5065e-12 9.03865e-16 2.26066e-20 8.11077e-26 4.01116e-32 2.65786e-39
 2.02282e-41 2.80754e-33 4.71023e-26 9.55225e-20 2.34162e-14 6.93865e-10 2.48531e-06 0.00107606 0.056317 0.356554 0.289007 0.143915 0.112413 0.0323878 0.00747214 0.000814831 3.95704e-05 6.08849e-07 2.26942e-09 1.65192e-12 2.01183e-16 3.70521e-21 9.69116e-27 3.45896e-33 1.64081e-40
 1.99955e-41 2.77524e-33 4.65604e-26 9.44236e-20 2.31468e-14 6.85883e-10 2.45672e-06 0.00106368 0.0556694 0.352548 0.289206 0.153538 0.110978 0.0298928 0.0064131 0.000660424 2.72131e-05 3.33416e-07 9.43617e-10 5.04212e-13 4.452e-17 5.93653e-22 1.1245e-27 2.903e-34 9.93219e-42
 1.93693e-41 2.68834e-33 4.51024e-26 9.14668e-20 2.2422e-14 6.64405e-10 2.37979e-06 0.00103037 0.0539266 0.341656 0.285305 0.166674 0.113898 0.0308863 0.00604896 0.000551922 1.98165e-05 1.97419e-07 4.27391e-10 1.69092e-13 1.08273e-17 1.03457e-22 1.39814e-28 2.57505e-35 6.29388e-43
 1.86616e-41 2.59011e-33 4.34545e-26 8.81249e-20 2.16028e-14 6.4013e-10 2.29284e-06 0.000992722 0.051957 0.329373 0.28115 0.180304 0.117193 0.0325023 0.00601816 0.00049265 1.47987e-05 1.19757e-07 2.02523e-10 6.01206e-14 2.81629e-18 1.94118e-23 1.87582e-29 2.45656e-36 4.25668e-44
#spawning biomass
 6150.06 8139.97 10896 13486.9 20635.5 32775.4 30789.1 35184.5 46212.7 57557.5 76902.4 100512 124186 149543 159079 127093 115456 109557 114762 107695 105273 114852 128444 134231 141786 143823 142252 137181 153367 139210 59149.6 26645 16583.4 13811.8 13102.2 12929.4 12888.8 12879.5 12877.4 12876.9 12876.8 12876.8 12876.8 12876.8 12876.8 12876.8 12876.8 12876.8 12876.8 12876.8 12876.8 12876.8 12876.8 12876.8 12876.8 12876.8 12876.8 12876.8 12876.8 12876.8 12876.8 12876.8 12876.8 12876.8 12876.8 12876.8 12876.8 12876.8 12876.8 12876.8 12876.8 12876.8 12876.8 12876.8 12876.8 12876.8 12876.8 12876.8 12876.8 12876.8 12876.8 12876.8 12876.8 12876.8 12876.8 12876.8 12876.8 12876.8 12876.8 12876.8 12876.8 12876.8 12876.8 12876.8 12876.8 12876.8 12876.8 12876.8 12876.8 12876.8 12876.8 12876.8 12876.8 12876.8 12876.8 12876.8 12876.8 12876.8 12876.8 12876.8 12876.8 12876.8 12876.8 12876.8 12876.8 12876.8 12876.8 12876.8 12876.8 12876.8 12876.8 12876.8 12876.8 12876.8 12876.8 12876.8 12876.8 12876.8 0 0 0 0 0 0 0 0 0 0 0 0 0 0 0 0 0 0 0 0 0 0 0 0 0
