SBPRF35
0.819782
Curr Bio
133858
B35
712580
F35
0.205808
FOFL
0.0960813
OFL
27552
Bzero
234224
#pred survey bio
 8317.44 7059.7 8092.75 11231.9 14977 17511 16443.2 21861.1 34265.9 48621.3 56819.4 78129.4 103601 123424 120027 108740 96442.7 97858.6 95691.5 99041.8 99040.3 96638.2 110438 113958 130605 131539 121792 115044 138680 1.24797e+07 1.0491e+07 1.08605e+07 1.00974e+07 8.80499e+06 7.40693e+06 6.13179e+06 5.0701e+06 4.23384e+06 3.59824e+06 3.12633e+06 2.78117e+06 2.53092e+06 2.3497e+06 2.21709e+06 2.12012e+06 2.0511e+06 2.00147e+06 1.96542e+06 1.93894e+06 1.91929e+06 1.90454e+06 1.89336e+06 1.8848e+06 1.87819e+06 1.87304e+06 1.869e+06 1.86581e+06 1.86327e+06 1.86125e+06 1.85962e+06 1.85832e+06 1.85726e+06 1.85641e+06 1.85572e+06 1.85516e+06 1.8547e+06 1.85433e+06 1.85402e+06 1.85378e+06 1.85357e+06 1.85341e+06 1.85327e+06 1.85316e+06 1.85307e+06 1.853e+06 1.85294e+06 1.85289e+06 1.85285e+06 1.85282e+06 1.85279e+06 1.85277e+06 1.85275e+06 1.85273e+06 1.85272e+06 1.85271e+06 1.8527e+06 1.8527e+06 1.85269e+06 1.85269e+06 1.85268e+06 1.85268e+06 1.85268e+06 1.85268e+06 1.85267e+06 1.85267e+06 1.85267e+06 1.85267e+06 1.85267e+06 1.85267e+06 1.85267e+06 1.85267e+06 1.85267e+06 1.85267e+06 1.85267e+06 1.85267e+06 1.85267e+06 1.85267e+06 1.85267e+06 1.85267e+06 1.85267e+06 1.85267e+06 1.85267e+06 1.85267e+06 1.85267e+06 1.85267e+06 1.85267e+06 1.85267e+06 1.85267e+06 1.85267e+06 1.85267e+06 1.85267e+06 1.85267e+06 1.85267e+06 1.85267e+06 1.85267e+06 1.85267e+06 1.85267e+06 1.85267e+06 1.85267e+06 0 0 0 0 0 0 0 0 0 0 0 0 0 0 0 0 0 0 0 0 0 0 0 0 0
#obs survey bio
 7633.74 7610.31 11131.5 11062.5 14476.3 16911.9 13845.6 30542.1 48846.1 51692.5 53189.2 93980.9 108535 140021 132688 76589.4 62822.9 97385.7 98925.9 135932 140922 147940 118534 101440 145621 153477 140710 127334 122719
#pred catch bio
 6012.66 5256.51 5874.28 8403.53 11073.6 14198.8 12881.1 16338 25066 38831.2 43504.2 61755 83437.2 101260 98954.1 94265.8 81910.1 83564.6 80386.2 85144.6 86819.6 80995 98036 99584.4 117112 119344 110891 99850.7 7563.11 27552 83910.1 86236.7 79362.8 68302.1 56557 45993 37322.1 30603.7 25597.3 21968.1 19389.5 17584.2 16331.5 15463.2 14867.3 14470.2 14205.6 14029.2 13911.7 13833.3 13781.1 13746.3 13723.2 13707.7 13697.4 13690.5 13686 13682.9 13680.9 13679.5 13678.6 13678 13677.6 13677.4 13677.2 13677.1 13677 13676.9 13676.9 13676.9 13676.9 13676.8 13676.8 13676.8 13676.8 13676.8 13676.8 13676.8 13676.8 13676.8 13676.8 13676.8 13676.8 13676.8 13676.8 13676.8 13676.8 13676.8 13676.8 13676.8 13676.8 13676.8 13676.8 13676.8 13676.8 13676.8 13676.8 13676.8 13676.8 13676.8 13676.8 13676.8 13676.8 13676.8 13676.8 13676.8 13676.8 13676.8 13676.8 13676.8 13676.8 13676.8 13676.8 13676.8 13676.8 13676.8 13676.8 13676.8 13676.8 13676.8 13676.8 13676.8 13676.8 13676.8 13676.8 13676.8 13676.8 13676.8 13676.8 0 0 0 0 0 0 0 0 0 0 0 0 0 0 0 0 0 0 0 0 0 0 0 0 0
#obs catch bio
 4829.13 5179 5693.72 8223.53 10915.6 14230 13038.1 15714.4 23934.2 36968.4 42818.3 59114.2 82361 97313.8 96800.5 97316 81920.8 82589.1 77091 83151.3 82034.8 77733.4 94912.9 97412.8 114454 113156 108163 98241.5 7362.91
#pred cpue bio
 7571.15 6121.8 6820.64 9384.35 12563.1 15198.8 13916.8 17821.6 28205.2 41006.9 47346.9 64605.1 85644 103625 103366 92641.4 80713.4 81915.3 80502.9 82701.2 82722.4 80120.9 91454.3 93290.4 106630 108877 100571 94552.6 112153 1.15512e+07 1.04578e+07 1.08272e+07 1.00641e+07 8.7717e+06 7.37364e+06 6.0985e+06 5.03681e+06 4.20054e+06 3.56495e+06 3.09304e+06 2.74788e+06 2.49763e+06 2.31641e+06 2.1838e+06 2.08683e+06 2.0178e+06 1.96818e+06 1.93213e+06 1.90565e+06 1.886e+06 1.87125e+06 1.86007e+06 1.85151e+06 1.8449e+06 1.83975e+06 1.83571e+06 1.83252e+06 1.82998e+06 1.82796e+06 1.82633e+06 1.82503e+06 1.82397e+06 1.82312e+06 1.82243e+06 1.82186e+06 1.82141e+06 1.82103e+06 1.82073e+06 1.82048e+06 1.82028e+06 1.82012e+06 1.81998e+06 1.81987e+06 1.81978e+06 1.81971e+06 1.81965e+06 1.8196e+06 1.81956e+06 1.81952e+06 1.8195e+06 1.81948e+06 1.81946e+06 1.81944e+06 1.81943e+06 1.81942e+06 1.81941e+06 1.81941e+06 1.8194e+06 1.8194e+06 1.81939e+06 1.81939e+06 1.81939e+06 1.81938e+06 1.81938e+06 1.81938e+06 1.81938e+06 1.81938e+06 1.81938e+06 1.81938e+06 1.81938e+06 1.81938e+06 1.81938e+06 1.81938e+06 1.81938e+06 1.81938e+06 1.81938e+06 1.81938e+06 1.81938e+06 1.81938e+06 1.81938e+06 1.81938e+06 1.81938e+06 1.81938e+06 1.81938e+06 1.81938e+06 1.81938e+06 1.81938e+06 1.81938e+06 1.81938e+06 1.81938e+06 1.81938e+06 1.81938e+06 1.81938e+06 1.81938e+06 1.81938e+06 1.81938e+06 1.81938e+06 1.81938e+06 1.81938e+06 0 0 0 0 0 0 0 0 0 0 0 0 0 0 0 0 0 0 0 0 0 0 0 0 0
#obs cpue bio
 5747.84 8869.65 8416.47 12352 14548.2 14314.5 14116.2 30595.5 42920.4 76637.1 55807.9 122845 83498.9 190960 115955 69530.9 133550 106559 168782 82539.1 163137 90936.5 138095 138436 141274 238683 116333 140084 149327
#pred surv len freq
 2.56511e-27 2.5936e-27 3.78391e-26 7.44258e-20 1.82446e-14 5.4062e-10 1.93641e-06 0.000838391 0.0438784 0.277587 0.212558 0.0376019 0.136874 0.12651 0.0322059 0.042042 0.0194971 0.0169861 0.0114919 0.00948635 0.00799155 0.00734321 0.00777646 0.00712851 0.00220161
 2.56744e-27 2.59955e-27 4.25943e-26 8.44551e-20 2.07031e-14 6.13471e-10 2.19735e-06 0.000951369 0.0497912 0.314993 0.241171 0.0407756 0.140927 0.129836 0.0256513 0.0259735 0.0102688 0.00672376 0.00369895 0.00255451 0.00186462 0.00152091 0.00146423 0.00136658 0.000465337
 2.56868e-27 2.60283e-27 4.53646e-26 9.02988e-20 2.21357e-14 6.55919e-10 2.34939e-06 0.0010172 0.0532364 0.336788 0.25782 0.0411473 0.13206 0.121549 0.0223813 0.020503 0.00708662 0.00319941 0.00135642 0.000696644 0.000394397 0.000267176 0.000223129 0.000201152 7.15622e-05
 2.56905e-27 2.60379e-27 4.61755e-26 9.20092e-20 2.25549e-14 6.68344e-10 2.39389e-06 0.00103646 0.0542448 0.343168 0.262692 0.0412443 0.129374 0.119025 0.0211328 0.0182706 0.00609764 0.0023938 0.000804083 0.000280157 0.000107889 5.27809e-05 3.49684e-05 2.85343e-05 1.01982e-05
 2.56879e-27 2.60306e-27 4.55013e-26 9.0587e-20 2.22063e-14 6.58012e-10 2.35689e-06 0.00102044 0.0534063 0.337863 0.258649 0.0416656 0.135421 0.124563 0.0213554 0.0173754 0.00569481 0.0020757 0.000650406 0.000185523 4.66436e-05 1.39171e-05 6.10756e-06 4.05765e-06 1.3993e-06
 2.56672e-27 2.59746e-27 4.05661e-26 8.01756e-20 1.96541e-14 5.82386e-10 2.08601e-06 0.000903162 0.0472682 0.299032 0.229019 0.0429927 0.166338 0.153129 0.0270649 0.0232078 0.007491 0.00253456 0.000764182 0.000200613 4.20997e-05 7.90979e-06 1.81609e-06 7.92382e-07 2.47577e-07
 2.56832e-27 2.60186e-27 4.44939e-26 8.84618e-20 2.16853e-14 6.42575e-10 2.3016e-06 0.000996504 0.0521534 0.329937 0.252594 0.0415182 0.138554 0.127557 0.0237506 0.0220921 0.00724038 0.002606 0.000768061 0.000187765 3.64085e-05 5.61731e-06 7.14142e-07 1.4389e-07 3.51684e-08
 2.57027e-27 2.60709e-27 4.90746e-26 9.81252e-20 2.40542e-14 7.12769e-10 2.55302e-06 0.00110536 0.0578505 0.365978 0.280099 0.0405372 0.111764 0.102745 0.0177216 0.014583 0.00488866 0.00194793 0.000594099 0.000151221 2.77612e-05 3.89676e-06 3.79048e-07 3.25976e-08 4.36532e-09
 2.56974e-27 2.6056e-27 4.77083e-26 9.52426e-20 2.33476e-14 6.9183e-10 2.47802e-06 0.00107289 0.0561511 0.355227 0.271902 0.0413369 0.123608 0.113592 0.0181479 0.0128105 0.00413239 0.00141965 0.000445638 0.000124035 2.38766e-05 3.27775e-06 2.83486e-07 1.54455e-08 8.00275e-10
 2.56845e-27 2.60213e-27 4.46579e-26 8.88075e-20 2.17701e-14 6.45087e-10 2.31059e-06 0.0010004 0.0523572 0.331226 0.253587 0.0420662 0.142026 0.130637 0.0220607 0.0174376 0.00544618 0.0015622 0.000451167 0.000113133 2.3288e-05 3.4201e-06 2.92894e-07 1.34938e-08 3.47442e-10
 2.56913e-27 2.60399e-27 4.63182e-26 9.23101e-20 2.26287e-14 6.70529e-10 2.40172e-06 0.00103985 0.0544222 0.34429 0.263553 0.0414659 0.130456 0.11998 0.0205206 0.0166161 0.00532146 0.00173366 0.000477211 0.000100902 1.84163e-05 2.71263e-06 2.49851e-07 1.13449e-08 2.24362e-10
 2.56953e-27 2.60507e-27 4.72728e-26 9.43239e-20 2.31224e-14 6.85157e-10 2.45412e-06 0.00106254 0.0556095 0.351801 0.269284 0.0412214 0.124569 0.114536 0.0193615 0.0153433 0.00494059 0.00165913 0.000479051 0.000110291 1.78169e-05 2.24269e-06 1.99974e-07 9.61576e-09 1.83576e-10
 2.56952e-27 2.60501e-27 4.71917e-26 9.41528e-20 2.30804e-14 6.83915e-10 2.44967e-06 0.00106061 0.0555086 0.351163 0.268801 0.0414612 0.126733 0.116485 0.0188289 0.0136338 0.00435979 0.00142792 0.000415677 9.9523e-05 1.73722e-05 2.0933e-06 1.58104e-07 7.234e-09 1.43131e-10
 2.56868e-27 2.60271e-27 4.5146e-26 8.98371e-20 2.20225e-14 6.52566e-10 2.33738e-06 0.001012 0.0529642 0.335066 0.256521 0.0421733 0.140779 0.129427 0.0207657 0.014788 0.00463368 0.0013669 0.000389356 9.16549e-05 1.64315e-05 2.11137e-06 1.57179e-07 6.21099e-09 1.16028e-10
 2.56718e-27 2.59866e-27 4.15703e-26 8.2294e-20 2.01734e-14 5.97774e-10 2.14112e-06 0.000927025 0.0485172 0.306933 0.235054 0.043127 0.163119 0.15007 0.0249156 0.0190583 0.00595993 0.00172275 0.00047188 0.000101531 1.77177e-05 2.30378e-06 1.81246e-07 7.07285e-09 1.16898e-10
 2.5679e-27 2.60067e-27 4.34143e-26 8.61843e-20 2.1127e-14 6.26032e-10 2.24234e-06 0.000970848 0.0508107 0.321442 0.246117 0.042079 0.147372 0.135649 0.0243771 0.0214697 0.00683273 0.00214269 0.00058896 0.000123134 1.99189e-05 2.4424e-06 1.92832e-07 7.86375e-09 1.27862e-10
 2.56887e-27 2.60326e-27 4.56458e-26 9.08916e-20 2.2281e-14 6.60225e-10 2.36482e-06 0.00102388 0.0535859 0.338999 0.25952 0.0419169 0.136721 0.125697 0.020363 0.0148238 0.00487618 0.00181131 0.000521148 0.000116385 1.86303e-05 2.14397e-06 1.57559e-07 6.39629e-09 1.07422e-10
 2.56884e-27 2.60315e-27 4.5528e-26 9.06429e-20 2.222e-14 6.58419e-10 2.35835e-06 0.00102107 0.0534393 0.338072 0.258815 0.0420913 0.138544 0.127357 0.0202522 0.0141378 0.00443266 0.00131845 0.000395141 0.000102169 1.75494e-05 2.0663e-06 1.43642e-07 5.43328e-09 9.02601e-11
 2.56856e-27 2.60238e-27 4.48418e-26 8.91954e-20 2.18652e-14 6.47904e-10 2.32068e-06 0.00100477 0.0525859 0.332673 0.254696 0.0423258 0.143222 0.131669 0.0209364 0.0146107 0.00454348 0.00128434 0.000351607 7.74434e-05 1.4734e-05 1.93713e-06 1.40055e-07 5.06353e-09 7.88312e-11
 2.56899e-27 2.60357e-27 4.59129e-26 9.14551e-20 2.24191e-14 6.64318e-10 2.37948e-06 0.00103022 0.0539181 0.341101 0.261124 0.0418317 0.134946 0.124073 0.0203328 0.0151469 0.00471585 0.00133177 0.000358771 7.3664e-05 1.20593e-05 1.58117e-06 1.29104e-07 4.90344e-09 7.36905e-11
 2.56895e-27 2.60344e-27 4.5775e-26 9.11641e-20 2.23478e-14 6.62204e-10 2.3719e-06 0.00102694 0.0537466 0.340015 0.260299 0.0420915 0.137503 0.126379 0.0197694 0.0132836 0.00418284 0.0012719 0.000345765 7.05762e-05 1.1002e-05 1.26759e-06 9.85246e-08 4.13726e-09 6.55953e-11
 2.56933e-27 2.60447e-27 4.66854e-26 9.30847e-20 2.28186e-14 6.76155e-10 2.42188e-06 0.00104858 0.0548789 0.347179 0.265765 0.0418627 0.131921 0.121221 0.0187421 0.0122329 0.00377185 0.0010223 0.000280625 6.09146e-05 9.54593e-06 1.05884e-06 7.32472e-08 2.90472e-09 4.96212e-11
 2.5694e-27 2.60468e-27 4.68795e-26 9.3494e-20 2.29189e-14 6.79129e-10 2.43253e-06 0.00105319 0.0551202 0.348705 0.266928 0.0417041 0.129897 0.119379 0.0188649 0.0129762 0.00398508 0.00104465 0.000274925 5.46029e-05 8.85865e-06 1.01407e-06 6.78151e-08 2.42198e-09 3.92024e-11
 2.56996e-27 2.60616e-27 4.81706e-26 9.62178e-20 2.35866e-14 6.98914e-10 2.50339e-06 0.00108387 0.056726 0.358864 0.274682 0.0415065 0.122946 0.112918 0.0168936 0.0101071 0.00312419 0.000867367 0.000227837 4.34799e-05 6.53802e-06 7.3271e-07 5.07629e-08 1.76062e-09 2.59773e-11
 2.57008e-27 2.6065e-27 4.84599e-26 9.68279e-20 2.37362e-14 7.03346e-10 2.51927e-06 0.00109075 0.0570857 0.36114 0.276419 0.0414515 0.121307 0.111402 0.0165499 0.00970021 0.0029274 0.000699082 0.000182844 3.65072e-05 5.38269e-06 5.64231e-07 3.7413e-08 1.32477e-09 1.90419e-11
 2.56938e-27 2.60456e-27 4.67244e-26 9.31668e-20 2.28387e-14 6.76752e-10 2.42401e-06 0.0010495 0.0549273 0.347485 0.266004 0.0421596 0.134013 0.123083 0.0178251 0.00966693 0.00290321 0.0006773 0.000168888 2.98122e-05 4.45582e-06 4.71074e-07 2.94584e-08 9.93925e-10 1.43583e-11
 2.56951e-27 2.60493e-27 4.70611e-26 9.38771e-20 2.30128e-14 6.81911e-10 2.44249e-06 0.00105751 0.055346 0.350134 0.268023 0.0419585 0.131064 0.120386 0.0178069 0.0103023 0.00306607 0.000659862 0.000161326 2.75367e-05 3.74293e-06 3.74441e-07 2.36465e-08 7.61137e-10 1.04891e-11
 2.56974e-27 2.60557e-27 4.76241e-26 9.50647e-20 2.3304e-14 6.90538e-10 2.47339e-06 0.00107088 0.0560462 0.354564 0.271403 0.0418034 0.127509 0.117102 0.0171434 0.00961773 0.00288555 0.000663444 0.000160731 2.55368e-05 3.35501e-06 3.11249e-07 1.81563e-08 5.79143e-10 7.6827e-12
 2.57054e-27 2.60775e-27 4.9585e-26 9.92015e-20 2.43181e-14 7.20588e-10 2.58102e-06 0.00111748 0.0584851 0.369993 0.283172 0.0410059 0.113172 0.103922 0.0157167 0.00968156 0.0028985 0.00064584 0.000158275 2.64733e-05 3.35315e-06 2.92695e-07 1.59139e-08 4.68001e-10 6.04505e-12
#obs surv len freq
 1.63684e-41 2.27182e-33 3.81145e-26 7.72954e-20 1.89481e-14 5.61466e-10 2.01108e-06 0.000870728 0.0455704 0.288292 0.220877 0.0442051 0.164249 0.13965 0.0436646 0.0356558 0.0118444 0.00410796 0.000890149 0.000114638 6.42929e-06 1.14042e-07 4.7528e-10 3.73664e-13 4.79674e-17
 1.89749e-41 2.63359e-33 4.4184e-26 8.96042e-20 2.19654e-14 6.50875e-10 2.33133e-06 0.00100939 0.0528272 0.3342 0.255945 0.0440236 0.132682 0.106785 0.0343189 0.0263523 0.00846359 0.00276278 0.000560291 6.42154e-05 3.00752e-06 4.18147e-08 1.30503e-10 7.47234e-14 6.87586e-18
 1.92686e-41 2.67435e-33 4.48679e-26 9.09911e-20 2.23054e-14 6.6095e-10 2.36741e-06 0.00102501 0.0536449 0.339373 0.259978 0.0470516 0.14093 0.106068 0.0271178 0.0174075 0.00541591 0.00164689 0.000306391 3.10069e-05 1.2121e-06 1.32351e-08 3.0996e-11 1.29459e-14 8.54898e-19
 1.96449e-41 2.72658e-33 4.5744e-26 9.27679e-20 2.2741e-14 6.73857e-10 2.41364e-06 0.00104502 0.0546924 0.346001 0.265103 0.048757 0.139101 0.0986021 0.0262936 0.0155476 0.00374398 0.000939531 0.00015796 1.38448e-05 4.47296e-07 3.83702e-09 6.76952e-12 2.07077e-15 9.84492e-20
 1.75811e-41 2.44014e-33 4.09384e-26 8.30222e-20 2.03519e-14 6.03064e-10 2.16008e-06 0.000935239 0.0489467 0.309652 0.237541 0.0549459 0.176612 0.117564 0.0315441 0.0172857 0.00402367 0.000834173 0.000105081 7.5834e-06 1.98867e-07 1.32965e-09 1.76892e-12 3.98101e-16 1.36931e-20
 1.46239e-41 2.0297e-33 3.40524e-26 6.90577e-20 1.69287e-14 5.01628e-10 1.79675e-06 0.00077793 0.0407138 0.25757 0.19804 0.0624175 0.219874 0.139327 0.0481702 0.026162 0.0057486 0.00108093 0.000111297 5.78735e-06 1.14393e-07 5.84553e-10 5.82638e-13 9.64867e-17 2.40963e-21
 2.09642e-41 2.90969e-33 4.88161e-26 9.89981e-20 2.42682e-14 7.19112e-10 2.57574e-06 0.00111521 0.0583655 0.369238 0.282993 0.050308 0.112043 0.068693 0.0333046 0.0183142 0.00468787 0.000856008 7.65204e-05 3.06636e-06 4.22179e-08 1.53025e-10 1.11238e-13 1.34447e-17 2.43343e-22
 1.99194e-41 2.76468e-33 4.63832e-26 9.40642e-20 2.30587e-14 6.83273e-10 2.44737e-06 0.00105963 0.0554567 0.350838 0.269287 0.0601366 0.151187 0.0813426 0.0187715 0.00856094 0.00276112 0.000547161 4.87824e-05 1.6239e-06 1.64258e-08 4.06226e-11 2.01851e-14 1.7133e-18 2.2112e-23
 2.01431e-41 2.79573e-33 4.69042e-26 9.51208e-20 2.33178e-14 6.90948e-10 2.47486e-06 0.00107153 0.0560796 0.354779 0.272428 0.0618944 0.145578 0.0747396 0.0228927 0.00873137 0.00149581 0.000279102 2.70952e-05 8.48958e-07 6.91941e-09 1.23378e-11 4.17598e-15 2.38535e-19 2.10029e-24
 1.72329e-41 2.39181e-33 4.01276e-26 8.1378e-20 1.99489e-14 5.91122e-10 2.1173e-06 0.000916718 0.0479774 0.303526 0.233929 0.0763092 0.199754 0.095741 0.0290559 0.0105887 0.00195049 0.000233582 1.6647e-05 5.03345e-07 3.65316e-09 5.15812e-12 1.26866e-15 5.01305e-20 2.98835e-25
 2.01813e-41 2.80104e-33 4.69932e-26 9.53013e-20 2.3362e-14 6.92259e-10 2.47956e-06 0.00107356 0.056186 0.355455 0.273318 0.066655 0.139381 0.0663933 0.0293091 0.0102269 0.00178757 0.000201698 1.02921e-05 2.12916e-07 1.29511e-09 1.54325e-12 2.99407e-16 8.78077e-21 3.72323e-26
 1.84478e-41 2.56043e-33 4.29566e-26 8.71151e-20 2.13552e-14 6.32794e-10 2.26657e-06 0.000981345 0.0513597 0.324927 0.250789 0.0818193 0.180908 0.0758453 0.0233871 0.00805857 0.00173075 0.000183323 8.09312e-06 1.20183e-07 4.87896e-10 4.34558e-13 6.68523e-17 1.53487e-21 4.92741e-27
 1.91875e-41 2.66309e-33 4.46789e-26 9.0608e-20 2.22115e-14 6.58167e-10 2.35745e-06 0.00102069 0.053419 0.337956 0.260895 0.0810659 0.161315 0.0676236 0.0274584 0.00780188 0.00129235 0.000143569 6.09318e-06 7.38e-08 2.14508e-10 1.27115e-13 1.34909e-17 2.27211e-22 5.51389e-28
 1.61792e-41 2.24557e-33 3.76741e-26 7.64023e-20 1.87291e-14 5.54978e-10 1.98784e-06 0.000860667 0.0450439 0.284983 0.221893 0.104457 0.217291 0.0839829 0.0309014 0.008916 0.00153242 0.000131913 4.97375e-06 5.4406e-08 1.26409e-10 5.42741e-14 3.91835e-18 4.42035e-23 7.35371e-29
 1.4778e-41 2.05109e-33 3.44113e-26 6.97854e-20 1.71071e-14 5.06913e-10 1.81568e-06 0.000786127 0.0411428 0.260311 0.203949 0.113218 0.224276 0.0944922 0.0473718 0.0123314 0.00195402 0.000160866 4.87698e-06 4.28108e-08 8.29007e-11 2.82209e-14 1.51175e-18 1.20388e-23 1.37037e-29
 1.71825e-41 2.38482e-33 4.00103e-26 8.11401e-20 1.98905e-14 5.89393e-10 2.11111e-06 0.000914038 0.0478371 0.302663 0.236066 0.102994 0.176823 0.0763504 0.041577 0.0124623 0.0021508 0.000155993 4.10659e-06 2.85534e-08 4.20068e-11 1.10995e-14 4.61692e-19 2.77982e-24 2.31572e-30
 1.68113e-41 2.33329e-33 3.91458e-26 7.9387e-20 1.94608e-14 5.76659e-10 2.0655e-06 0.000894289 0.0468036 0.296138 0.232547 0.118751 0.19223 0.0705165 0.0307666 0.0094286 0.00178423 0.000134968 3.09829e-06 1.74572e-08 1.98238e-11 3.88669e-15 1.19456e-19 5.36993e-25 3.35109e-31
 1.6938e-41 2.35089e-33 3.9441e-26 7.99855e-20 1.96075e-14 5.81006e-10 2.08107e-06 0.000901032 0.0471565 0.298384 0.235226 0.123979 0.184993 0.0700657 0.0305662 0.00738485 0.00124472 9.55455e-05 2.10146e-06 1.00393e-08 8.92735e-12 1.32342e-15 3.00008e-20 9.79261e-26 4.42238e-32
 1.6605e-41 2.30467e-33 3.86656e-26 7.8413e-20 1.9222e-14 5.69584e-10 2.04016e-06 0.000883317 0.0462294 0.292539 0.232359 0.135227 0.187731 0.0687573 0.0285902 0.00669129 0.00093028 5.89605e-05 1.17816e-06 4.9895e-09 3.65954e-12 4.20853e-16 7.14751e-21 1.71627e-26 5.63319e-33
 1.75341e-41 2.43362e-33 4.0829e-26 8.28004e-20 2.02975e-14 6.01453e-10 2.15431e-06 0.000932741 0.0488161 0.308919 0.245558 0.133748 0.167891 0.0626278 0.0252985 0.0054854 0.00068554 3.49926e-05 5.4773e-07 1.91464e-09 1.16563e-12 1.07943e-16 1.42269e-21 2.57241e-27 6.23072e-34
 1.70717e-41 2.36944e-33 3.97522e-26 8.06167e-20 1.97622e-14 5.85592e-10 2.09749e-06 0.000908143 0.0475287 0.300811 0.241726 0.148311 0.173254 0.0601605 0.0221501 0.00461102 0.000515203 2.19649e-05 2.64985e-07 6.94565e-10 3.24842e-13 2.3551e-17 2.42681e-22 3.38513e-28 6.21847e-35
 1.72261e-41 2.39087e-33 4.01119e-26 8.13461e-20 1.9941e-14 5.90889e-10 2.11647e-06 0.000916358 0.0479588 0.303567 0.245513 0.152972 0.16487 0.0593484 0.0206738 0.00379132 0.000374568 1.34715e-05 1.2782e-07 2.50122e-10 8.52873e-14 4.5301e-18 3.47163e-23 3.64154e-29 5.0484e-36
 1.72115e-41 2.38885e-33 4.00779e-26 8.12772e-20 1.99241e-14 5.90389e-10 2.11468e-06 0.000915582 0.0479183 0.303361 0.247704 0.161286 0.160423 0.0563719 0.0185304 0.00321018 0.000269989 7.96349e-06 5.98784e-08 8.88585e-11 2.2241e-14 8.511e-19 4.6713e-24 3.52142e-30 3.53563e-37
 1.7409e-41 2.41625e-33 4.05377e-26 8.22096e-20 2.01527e-14 5.97162e-10 2.13894e-06 0.000926085 0.0484681 0.306897 0.252641 0.166118 0.152427 0.0534152 0.0163142 0.00259528 0.00019168 4.58954e-06 2.67235e-08 3.00723e-11 5.58874e-15 1.55851e-19 6.15079e-25 3.30676e-31 2.35884e-38
 1.68383e-41 2.33705e-33 3.92089e-26 7.95148e-20 1.94921e-14 5.77588e-10 2.06882e-06 0.00089573 0.0468797 0.296946 0.249075 0.180951 0.155103 0.0528894 0.0149443 0.0021717 0.000138276 2.71398e-06 1.22487e-08 1.0313e-11 1.41342e-15 2.88238e-20 8.25065e-26 3.19241e-32 1.62858e-39
 1.60211e-41 2.22362e-33 3.73058e-26 7.56554e-20 1.8546e-14 5.49552e-10 1.96841e-06 0.000852253 0.0446047 0.282685 0.242963 0.196241 0.159545 0.0562414 0.0148279 0.00193154 0.000104924 1.66944e-06 5.85701e-09 3.70952e-12 3.73738e-16 5.53504e-21 1.14445e-26 3.18927e-33 1.16867e-40
 1.60293e-41 2.22476e-33 3.7325e-26 7.56944e-20 1.85556e-14 5.49836e-10 1.96942e-06 0.000852692 0.0446281 0.282958 0.246473 0.199267 0.15312 0.0565197 0.0143758 0.00172367 7.90208e-05 1.00743e-06 2.72854e-09 1.29995e-12 9.67512e-17 1.04441e-21 1.55922e-27 3.11919e-34 8.17978e-42
 1.6364e-41 2.27122e-33 3.81044e-26 7.72749e-20 1.8943e-14 5.61317e-10 2.01054e-06 0.000870497 0.0455605 0.288999 0.254254 0.199744 0.143437 0.0526458 0.0129588 0.0014693 5.81479e-05 5.93463e-07 1.23145e-09 4.39097e-13 2.41021e-17 1.89957e-22 2.0553e-28 2.9627e-35 5.573e-43
 1.6365e-41 2.27135e-33 3.81066e-26 7.72795e-20 1.89441e-14 5.6135e-10 2.01066e-06 0.000870549 0.0455632 0.289016 0.254277 0.200128 0.144852 0.0519228 0.012071 0.00125278 4.3708e-05 3.8088e-07 6.5942e-10 1.9326e-13 8.63748e-18 5.50948e-23 4.80504e-29 5.5675e-36 8.40101e-44
#pred catch len freq
 2.56451e-27 2.59199e-27 3.6451e-26 7.14976e-20 1.75268e-14 5.1935e-10 1.86022e-06 0.000805406 0.042152 0.266666 0.20422 0.0377101 0.143555 0.132703 0.0337825 0.0441001 0.0204515 0.0178176 0.0120544 0.00995074 0.00838276 0.00770269 0.00815715 0.00747748 0.00230939
 2.56702e-27 2.59842e-27 4.16009e-26 8.23595e-20 2.01894e-14 5.98249e-10 2.14283e-06 0.000927763 0.0485557 0.307177 0.235207 0.0410023 0.146842 0.135301 0.0267311 0.0270668 0.0107011 0.00700677 0.00385465 0.00266203 0.0019431 0.00158492 0.00152586 0.00142411 0.000484924
 2.56822e-27 2.60158e-27 4.42653e-26 8.79798e-20 2.15672e-14 6.39074e-10 2.28906e-06 0.000991074 0.0518692 0.328139 0.25122 0.0414511 0.139008 0.127963 0.0235624 0.0215849 0.0074606 0.00336825 0.001428 0.000733407 0.000415211 0.000281276 0.000234904 0.000211767 7.53387e-05
 2.5687e-27 2.60284e-27 4.53354e-26 9.0237e-20 2.21205e-14 6.5547e-10 2.34778e-06 0.0010165 0.0532 0.336558 0.257649 0.0414899 0.134786 0.12402 0.0220196 0.0190373 0.00635353 0.00249426 0.000837826 0.000291913 0.000112416 5.49959e-05 3.64359e-05 2.97317e-05 1.06261e-05
 2.56839e-27 2.60199e-27 4.45508e-26 8.85818e-20 2.17148e-14 6.43447e-10 2.30472e-06 0.000997856 0.0522242 0.330384 0.252943 0.0419538 0.141623 0.130285 0.0223363 0.0181735 0.00595639 0.00217104 0.000680281 0.000194045 4.8786e-05 1.45563e-05 6.3881e-06 4.24403e-06 1.46358e-06
 2.56663e-27 2.59723e-27 4.03574e-26 7.97354e-20 1.95462e-14 5.79188e-10 2.07456e-06 0.000898203 0.0470087 0.29739 0.227766 0.0430546 0.167689 0.154376 0.0272852 0.0233968 0.00755199 0.0025552 0.000770403 0.000202247 4.24425e-05 7.97418e-06 1.83088e-06 7.98833e-07 2.49593e-07
 2.56811e-27 2.60129e-27 4.39923e-26 8.74037e-20 2.1426e-14 6.3489e-10 2.27407e-06 0.000984585 0.0515296 0.32599 0.249583 0.0416599 0.141747 0.130505 0.0242995 0.0226027 0.00740773 0.00266623 0.000785813 0.000192105 3.725e-05 5.74714e-06 7.30648e-07 1.47216e-07 3.59813e-08
 2.56995e-27 2.60624e-27 4.83224e-26 9.65383e-20 2.36652e-14 7.01242e-10 2.51173e-06 0.00108748 0.056915 0.36006 0.275583 0.0407633 0.116657 0.107259 0.0185002 0.0152238 0.00510346 0.00203352 0.000620203 0.000157865 2.8981e-05 4.06798e-06 3.95703e-07 3.40299e-08 4.55713e-09
 2.56934e-27 2.60453e-27 4.67593e-26 9.32406e-20 2.28568e-14 6.77288e-10 2.42593e-06 0.00105034 0.0549708 0.34776 0.266206 0.0416421 0.129933 0.119423 0.0190795 0.0134681 0.00434452 0.00149253 0.000468514 0.000130403 2.51023e-05 3.44601e-06 2.98038e-07 1.62384e-08 8.41356e-10
 2.56832e-27 2.60176e-27 4.43326e-26 8.81213e-20 2.16019e-14 6.40102e-10 2.29274e-06 0.000992669 0.0519527 0.328667 0.251635 0.042167 0.144165 0.13261 0.0223938 0.0177009 0.00552843 0.00158579 0.000457981 0.000114842 2.36397e-05 3.47175e-06 2.97318e-07 1.36976e-08 3.52689e-10
 2.56886e-27 2.60325e-27 4.56636e-26 9.09292e-20 2.22902e-14 6.60498e-10 2.36579e-06 0.0010243 0.0536081 0.339139 0.259623 0.0416659 0.134739 0.123931 0.0211964 0.0171633 0.0054967 0.00179075 0.000492927 0.000104225 1.90227e-05 2.80196e-06 2.5808e-07 1.17185e-08 2.3175e-10
 2.56937e-27 2.60465e-27 4.6893e-26 9.35227e-20 2.2926e-14 6.79338e-10 2.43327e-06 0.00105351 0.0551371 0.348813 0.267004 0.0413384 0.127061 0.116835 0.0197501 0.0156512 0.00503975 0.00169243 0.000488666 0.000112505 1.81745e-05 2.2877e-06 2.03987e-07 9.80876e-09 1.87261e-10
 2.56943e-27 2.60476e-27 4.6966e-26 9.36766e-20 2.29637e-14 6.80455e-10 2.43728e-06 0.00105525 0.0552279 0.349387 0.267446 0.0415333 0.128234 0.117869 0.0190526 0.0137957 0.00441158 0.00144489 0.000420615 0.000100705 1.75785e-05 2.11816e-06 1.59982e-07 7.31994e-09 1.44831e-10
 2.56865e-27 2.60263e-27 4.50728e-26 8.96827e-20 2.19846e-14 6.51444e-10 2.33336e-06 0.00101026 0.0528732 0.33449 0.256082 0.0421969 0.141268 0.129877 0.0208379 0.0148394 0.00464979 0.00137165 0.00039071 9.19736e-05 1.64887e-05 2.11872e-06 1.57726e-07 6.23259e-09 1.16431e-10
 2.56717e-27 2.59862e-27 4.154e-26 8.223e-20 2.01577e-14 5.97308e-10 2.13946e-06 0.000926304 0.0484794 0.306694 0.234872 0.0431365 0.16332 0.150255 0.0249463 0.0190818 0.00596728 0.00172487 0.000472462 0.000101656 1.77395e-05 2.30662e-06 1.8147e-07 7.08158e-09 1.17042e-10
 2.56811e-27 2.60125e-27 4.39196e-26 8.72503e-20 2.13884e-14 6.33776e-10 2.27008e-06 0.000982857 0.0514392 0.325418 0.24915 0.0419306 0.144111 0.13264 0.0238364 0.0209934 0.00668116 0.00209516 0.000575895 0.000120402 1.9477e-05 2.38822e-06 1.88555e-07 7.68931e-09 1.25026e-10
 2.56898e-27 2.60355e-27 4.59044e-26 9.1437e-20 2.24147e-14 6.64187e-10 2.37901e-06 0.00103002 0.0539075 0.341034 0.261072 0.0418348 0.135006 0.124116 0.0201068 0.0146373 0.00481483 0.00178852 0.000514591 0.000114921 1.83959e-05 2.117e-06 1.55576e-07 6.31581e-09 1.0607e-10
 2.56897e-27 2.6035e-27 4.58414e-26 9.13042e-20 2.23821e-14 6.63222e-10 2.37555e-06 0.00102852 0.0538292 0.340538 0.260696 0.0419897 0.136449 0.125425 0.019945 0.0139234 0.00436543 0.00129845 0.000389148 0.000100619 1.72832e-05 2.03496e-06 1.41463e-07 5.35088e-09 8.88912e-11
 2.56862e-27 2.60255e-27 4.49976e-26 8.95241e-20 2.19458e-14 6.50292e-10 2.32924e-06 0.00100847 0.0527797 0.333899 0.255631 0.0422752 0.14218 0.130708 0.0207836 0.0145041 0.00451033 0.00127497 0.000349041 7.68783e-05 1.46265e-05 1.923e-06 1.39033e-07 5.02659e-09 7.8256e-11
 2.56914e-27 2.60399e-27 4.62886e-26 9.22477e-20 2.26134e-14 6.70075e-10 2.4001e-06 0.00103915 0.0543854 0.344057 0.263379 0.0417124 0.132454 0.121775 0.0199561 0.0148663 0.00462849 0.0013071 0.000352126 7.22995e-05 1.18359e-05 1.55188e-06 1.26712e-07 4.81261e-09 7.23255e-11
 2.56919e-27 2.60409e-27 4.63518e-26 9.23809e-20 2.26461e-14 6.71044e-10 2.40357e-06 0.00104065 0.054464 0.344554 0.263761 0.0419023 0.13363 0.122809 0.0192109 0.0129083 0.00406468 0.00123597 0.000335997 6.85826e-05 1.06913e-05 1.23178e-06 9.57414e-08 4.02039e-09 6.37423e-11
 2.56938e-27 2.60461e-27 4.68092e-26 9.33458e-20 2.28826e-14 6.78052e-10 2.42867e-06 0.00105152 0.0550328 0.348153 0.266508 0.0418216 0.131086 0.120452 0.0186232 0.0121553 0.00374792 0.00101582 0.000278844 6.05281e-05 9.48536e-06 1.05212e-06 7.27824e-08 2.88629e-09 4.93064e-11
 2.56968e-27 2.60544e-27 4.75567e-26 9.49227e-20 2.32691e-14 6.89506e-10 2.4697e-06 0.00106928 0.0559625 0.354034 0.270994 0.0414828 0.125357 0.115193 0.0182035 0.0125213 0.00384536 0.00100802 0.000265285 5.26884e-05 8.54805e-06 9.78517e-07 6.54374e-08 2.33706e-09 3.78279e-11
 2.57016e-27 2.60671e-27 4.86597e-26 9.72496e-20 2.38396e-14 7.06409e-10 2.53024e-06 0.0010955 0.0573343 0.362713 0.277618 0.0413406 0.11962 0.109854 0.0164352 0.00983283 0.00303941 0.000843831 0.000221655 4.23e-05 6.3606e-06 7.12827e-07 4.93854e-08 1.71285e-09 2.52724e-11
 2.57038e-27 2.60731e-27 4.91827e-26 9.83528e-20 2.411e-14 7.14423e-10 2.55894e-06 0.00110792 0.0579848 0.366827 0.280758 0.0412045 0.116379 0.106861 0.0158753 0.00930484 0.00280808 0.000670588 0.000175391 3.50192e-05 5.1633e-06 5.41233e-07 3.58881e-08 1.27078e-09 1.82658e-11
 2.56975e-27 2.60558e-27 4.76319e-26 9.50811e-20 2.3308e-14 6.90657e-10 2.47382e-06 0.00107107 0.0560559 0.354625 0.27145 0.0418442 0.127786 0.117347 0.0169943 0.0092164 0.0027679 0.000645734 0.000161017 2.84228e-05 4.24815e-06 4.4912e-07 2.80854e-08 9.47602e-10 1.36891e-11
 2.56989e-27 2.60597e-27 4.79925e-26 9.58419e-20 2.34945e-14 6.96184e-10 2.49361e-06 0.00107964 0.0565044 0.357462 0.273614 0.0416388 0.124703 0.114526 0.0169401 0.0098008 0.00291682 0.000627742 0.000153473 2.61963e-05 3.56074e-06 3.56215e-07 2.24955e-08 7.24087e-10 9.97856e-12
 2.56992e-27 2.60606e-27 4.8061e-26 9.59865e-20 2.35299e-14 6.97234e-10 2.49737e-06 0.00108127 0.0565897 0.358002 0.274026 0.0416525 0.124518 0.114346 0.01674 0.00939144 0.00281765 0.000647834 0.000156949 2.4936e-05 3.27607e-06 3.03925e-07 1.77291e-08 5.65516e-10 7.50194e-12
 2.56824e-27 2.60146e-27 4.3992e-26 8.74024e-20 2.14257e-14 6.3488e-10 2.27403e-06 0.00098457 0.0515289 0.325986 0.249599 0.0428966 0.151147 0.138915 0.0210091 0.0129417 0.00387452 0.000863316 0.000211571 3.53878e-05 4.48227e-06 3.91256e-07 2.12727e-08 6.25593e-10 8.08063e-12
#obs catch len freq
 1.61913e-41 2.24725e-33 3.77023e-26 7.64595e-20 1.87431e-14 5.55394e-10 1.98933e-06 0.000861311 0.0450776 0.285174 0.218497 0.0442472 0.166054 0.141244 0.0446603 0.0366655 0.0122055 0.00424902 0.000931159 0.000123021 7.17271e-06 1.3301e-07 5.78569e-10 4.72576e-13 6.27302e-17
 1.64276e-41 2.28004e-33 3.82524e-26 7.75751e-20 1.90166e-14 5.63497e-10 2.01836e-06 0.000873878 0.0457353 0.289335 0.221738 0.0463006 0.168012 0.13532 0.0436148 0.0336031 0.0109956 0.00363591 0.000743155 8.64416e-05 4.16252e-06 6.00212e-08 1.9455e-10 1.15372e-13 1.09512e-17
 1.91054e-41 2.65171e-33 4.44879e-26 9.02205e-20 2.21165e-14 6.55352e-10 2.34737e-06 0.00101633 0.0531905 0.336499 0.257759 0.0457856 0.134463 0.102271 0.033926 0.0244489 0.00773562 0.00239797 0.000455931 4.67511e-05 1.85949e-06 2.08319e-08 5.0278e-11 2.16423e-14 1.4698e-18
 1.94539e-41 2.70007e-33 4.52992e-26 9.18659e-20 2.25199e-14 6.67304e-10 2.39018e-06 0.00103486 0.0541606 0.342637 0.262539 0.0489619 0.141626 0.100316 0.0262629 0.0159165 0.00487697 0.00140114 0.000242959 2.18043e-05 7.16192e-07 6.24708e-09 1.12509e-11 3.52136e-15 1.71321e-19
 1.9872e-41 2.7581e-33 4.62728e-26 9.38403e-20 2.30039e-14 6.81646e-10 2.44155e-06 0.0010571 0.0553247 0.350001 0.268236 0.0507085 0.138822 0.0924377 0.0252768 0.0139415 0.00327771 0.000783732 0.000122022 9.40302e-06 2.52839e-07 1.71861e-09 2.31906e-12 5.29906e-16 1.85285e-20
 1.79042e-41 2.48499e-33 4.16908e-26 8.45481e-20 2.0726e-14 6.14148e-10 2.19978e-06 0.000952429 0.0498463 0.315344 0.242002 0.0575269 0.175289 0.109407 0.0300877 0.0153191 0.00346706 0.000671793 7.85802e-05 4.96942e-06 1.07532e-07 5.65664e-10 5.72673e-13 9.59694e-17 2.42335e-21
 1.5027e-41 2.08564e-33 3.4991e-26 7.0961e-20 1.73953e-14 5.15453e-10 1.84627e-06 0.000799371 0.0418359 0.264669 0.203631 0.0659526 0.21819 0.129863 0.0461879 0.0230216 0.00490792 0.000855776 8.02759e-05 3.64392e-06 5.93512e-08 2.37338e-10 1.79232e-13 2.20362e-17 4.03256e-22
 2.13158e-41 2.9585e-33 4.96349e-26 1.00659e-19 2.46753e-14 7.31173e-10 2.61895e-06 0.00113391 0.0593445 0.375432 0.287815 0.0519864 0.109119 0.0632037 0.0314741 0.0158506 0.00392938 0.000654777 5.27018e-05 1.81395e-06 2.04807e-08 5.80674e-11 3.19039e-14 2.8557e-18 3.7806e-23
 2.03104e-41 2.81896e-33 4.72938e-26 9.59109e-20 2.35114e-14 6.96687e-10 2.49542e-06 0.00108043 0.0565454 0.357726 0.27469 0.0623717 0.146578 0.0735096 0.0172735 0.00745582 0.00231668 0.000416156 3.27541e-05 9.21839e-07 7.55946e-09 1.45722e-11 5.47186e-15 3.43638e-19 3.23936e-24
 2.05616e-41 2.85381e-33 4.78786e-26 9.70967e-20 2.38021e-14 7.053e-10 2.52627e-06 0.00109379 0.0572445 0.36215 0.278215 0.064062 0.140192 0.0673605 0.0209642 0.00726905 0.00121651 0.000211907 1.78714e-05 4.64875e-07 3.02784e-09 4.1781e-12 1.06647e-15 4.50718e-20 2.89782e-25
 1.77546e-41 2.46422e-33 4.13424e-26 8.38416e-20 2.05528e-14 6.09017e-10 2.1814e-06 0.00094447 0.0494298 0.312716 0.241212 0.0796058 0.192581 0.0863831 0.0265373 0.00885772 0.00155092 0.000169337 1.08361e-05 2.69899e-07 1.54227e-09 1.66876e-12 3.0816e-16 9.00047e-21 3.91951e-26
 2.06604e-41 2.86753e-33 4.81088e-26 9.75637e-20 2.39166e-14 7.08692e-10 2.53842e-06 0.00109905 0.0575198 0.363894 0.279965 0.0687486 0.132602 0.0598025 0.0264401 0.00838637 0.00139202 0.000140953 6.28499e-06 1.08817e-07 5.21067e-10 4.71656e-13 6.82788e-17 1.47599e-21 4.57017e-27
 1.89907e-41 2.63578e-33 4.42206e-26 8.96786e-20 2.19836e-14 6.51415e-10 2.33326e-06 0.00101022 0.0528711 0.33449 0.25841 0.0846804 0.171885 0.0675635 0.0209112 0.00670414 0.00134038 0.00012594 4.77967e-06 5.83512e-08 1.87252e-10 1.26934e-13 1.45129e-17 2.44652e-22 5.72391e-28
 1.97396e-41 2.73973e-33 4.59646e-26 9.32153e-20 2.28506e-14 6.77106e-10 2.42528e-06 0.00105006 0.0549562 0.347684 0.268647 0.0834915 0.152089 0.0604854 0.0242258 0.00628048 0.000987804 9.74002e-05 3.47907e-06 3.41447e-08 7.76368e-11 3.49879e-14 2.76222e-18 3.40922e-23 6.01201e-29
 1.6819e-41 2.33436e-33 3.91638e-26 7.94233e-20 1.94697e-14 5.76922e-10 2.06644e-06 0.000894698 0.046825 0.296256 0.231052 0.10829 0.205619 0.0752872 0.0272658 0.00726886 0.00114939 8.78051e-05 2.79938e-06 2.44609e-08 4.39642e-11 1.42716e-14 7.65348e-19 6.32892e-24 7.64403e-30
 1.54651e-41 2.14646e-33 3.60113e-26 7.30301e-20 1.79025e-14 5.30483e-10 1.9001e-06 0.00082268 0.0430558 0.272421 0.213889 0.117622 0.212529 0.086533 0.0416047 0.00995633 0.00145709 0.000104747 2.65418e-06 1.86289e-08 2.77215e-11 7.08577e-15 2.80962e-19 1.63882e-24 1.35529e-30
 1.78578e-41 2.47855e-33 4.15828e-26 8.4329e-20 2.06723e-14 6.12557e-10 2.19408e-06 0.000949961 0.0497172 0.314564 0.245754 0.105879 0.165558 0.069695 0.036146 0.0100742 0.00156071 9.83383e-05 2.14074e-06 1.17807e-08 1.32873e-11 2.62864e-15 8.06364e-20 3.54775e-25 2.1459e-31
 1.74954e-41 2.42824e-33 4.07388e-26 8.26175e-20 2.02527e-14 6.00125e-10 2.14955e-06 0.000930681 0.0487082 0.308199 0.242529 0.121703 0.178984 0.0633628 0.0265673 0.00763595 0.00129318 8.33359e-05 1.56026e-06 6.90563e-09 5.97337e-12 8.74142e-16 1.97751e-20 6.48128e-26 2.93076e-32
 1.76366e-41 2.44784e-33 4.10676e-26 8.32843e-20 2.04162e-14 6.04968e-10 2.1669e-06 0.000938192 0.0491013 0.310701 0.245493 0.126529 0.171473 0.0630905 0.0258746 0.00584479 0.000893489 5.80865e-05 1.02596e-06 3.80342e-09 2.5609e-12 2.82297e-16 4.69942e-21 1.11684e-26 3.64991e-33
 1.73191e-41 2.40377e-33 4.03283e-26 8.17849e-20 2.00486e-14 5.94077e-10 2.12789e-06 0.000921301 0.0482174 0.305135 0.243009 0.1376 0.173429 0.0617379 0.024051 0.00521392 0.000648206 3.5034e-05 5.59555e-07 1.81998e-09 1.00253e-12 8.53392e-17 1.06167e-21 1.85325e-27 4.3978e-34
 1.82327e-41 2.53058e-33 4.24557e-26 8.60993e-20 2.11062e-14 6.25416e-10 2.24014e-06 0.000969903 0.050761 0.321245 0.256012 0.135218 0.154117 0.0559957 0.0209908 0.00420394 0.00046419 1.99615e-05 2.49829e-07 6.68806e-10 3.0402e-13 2.07343e-17 1.99533e-22 2.61811e-28 4.58033e-35
 1.77861e-41 2.46859e-33 4.14157e-26 8.39903e-20 2.05892e-14 6.10096e-10 2.18527e-06 0.000946144 0.0495177 0.313424 0.252627 0.149464 0.158488 0.0534311 0.018258 0.00348925 0.000340962 1.21035e-05 1.15779e-07 2.31953e-10 8.08478e-14 4.30276e-18 3.22676e-23 3.25826e-29 4.31677e-36
 1.79438e-41 2.49048e-33 4.1783e-26 8.47351e-20 2.07718e-14 6.15507e-10 2.20465e-06 0.000954535 0.0499569 0.316244 0.256576 0.153478 0.150391 0.0525317 0.0167976 0.00281851 0.000241953 7.16557e-06 5.3447e-08 7.95273e-11 2.0166e-14 7.85101e-19 4.36969e-24 3.31014e-30 3.30237e-37
 1.79321e-41 2.48886e-33 4.17558e-26 8.468e-20 2.07583e-14 6.15106e-10 2.20321e-06 0.000953914 0.0499246 0.3161 0.258983 0.161138 0.145844 0.0495976 0.0149407 0.00234219 0.000169571 4.09028e-06 2.39966e-08 2.69347e-11 4.99827e-15 1.39974e-19 5.57381e-25 3.03075e-31 2.18632e-38
 1.81269e-41 2.51589e-33 4.22093e-26 8.55996e-20 2.09837e-14 6.21786e-10 2.22714e-06 0.000964273 0.0504669 0.3196 0.264012 0.165187 0.138126 0.0466618 0.0130005 0.00186024 0.000116991 2.26859e-06 1.02508e-08 8.68789e-12 1.19342e-15 2.4311e-20 6.95417e-26 2.69525e-32 1.38075e-39
 1.75716e-41 2.43882e-33 4.09163e-26 8.29775e-20 2.03409e-14 6.02739e-10 2.15891e-06 0.000934736 0.0489214 0.309941 0.260985 0.179449 0.140408 0.0459414 0.0118044 0.00152955 8.22202e-05 1.29496e-06 4.50507e-09 2.84619e-12 2.8762e-16 4.2769e-21 8.86276e-27 2.4705e-33 9.04793e-41
 1.67738e-41 2.32809e-33 3.90585e-26 7.92098e-20 1.94173e-14 5.75372e-10 2.06089e-06 0.000892293 0.0467006 0.29605 0.25555 0.194344 0.14478 0.0486812 0.0116012 0.00133668 6.07526e-05 7.69466e-07 2.06858e-09 9.7912e-13 7.25638e-17 7.8243e-22 1.16983e-27 2.34644e-34 6.16879e-42
 1.67816e-41 2.32918e-33 3.90768e-26 7.92469e-20 1.94264e-14 5.75641e-10 2.06185e-06 0.000892712 0.0467231 0.296339 0.25924 0.196731 0.139051 0.0486677 0.0111405 0.0011677 4.4371e-05 4.46953e-07 9.22678e-10 3.27363e-13 1.78804e-17 1.4032e-22 1.5134e-28 2.17766e-35 4.09478e-43
 1.6987e-41 2.35769e-33 3.95551e-26 8.0217e-20 1.96642e-14 5.82687e-10 2.08709e-06 0.00090364 0.047295 0.299937 0.26114 0.192767 0.137415 0.0482619 0.0110945 0.00114331 3.97307e-05 3.45418e-07 5.97197e-10 1.74873e-13 7.81128e-18 4.98051e-23 4.34246e-29 5.03043e-36 7.5893e-44
#spawning biomass
 8181.25 6888.7 7861.08 10895.5 14537.3 17088.5 15982.8 21126.8 33163.2 47233.6 55094.8 75668.4 100333 119816 116984 105805 93577.6 94954.1 92923.3 96065.8 96067.8 93631 106982 110198 126244 127412 117929 111315 133858 351662 497050 510899 470266 404883 335455 273008 221752 182038 152444 130990 115748 105076 97670.7 92537.9 89015.6 86668.2 85103.8 84061.2 83366.4 82903.4 82594.8 82389.1 82252.1 82160.7 82099.9 82059.3 82032.3 82014.2 82002.2 81994.2 81988.9 81985.3 81983 81981.4 81980.3 81979.6 81979.2 81978.9 81978.7 81978.5 81978.4 81978.4 81978.3 81978.3 81978.3 81978.3 81978.3 81978.3 81978.2 81978.2 81978.2 81978.2 81978.2 81978.2 81978.2 81978.2 81978.2 81978.2 81978.2 81978.2 81978.2 81978.2 81978.2 81978.2 81978.2 81978.2 81978.2 81978.2 81978.2 81978.2 81978.2 81978.2 81978.2 81978.2 81978.2 81978.2 81978.2 81978.2 81978.2 81978.2 81978.2 81978.2 81978.2 81978.2 81978.2 81978.2 81978.2 81978.2 81978.2 81978.2 81978.2 81978.2 81978.2 81978.2 81978.2 81978.2 81978.2 81978.2 81978.2 0 0 0 0 0 0 0 0 0 0 0 0 0 0 0 0 0 0 0 0 0 0 0 0 0
