SBPRF35
0.0628122
Curr Bio
397616
B35
194050
F35
37666.4
FOFL
37666.4
OFL
426231
Bzero
11025.5
#pred survey bio
 7905.7 10323.3 14658.9 20307.9 26350.7 26554 31946.1 39088.9 43185.4 51152.8 60664.7 76479.7 99715.9 92729.1 99787 98310.3 83143.4 95401.8 98003.2 113406 106637 112719 119320 116802 141457 113124 93243.8 87410.2 100043 2.47563e+06 513810 175529 62186.1 36054.8 30228.8 28940.7 28658.4 28597 28583.8 28580.9 28580.3 28580.2 28580.2 28580.2 28580.2 28580.2 28580.2 28580.2 28580.2 28580.2 28580.2 28580.2 28580.2 28580.2 28580.2 28580.2 28580.2 28580.2 28580.2 28580.2 28580.2 28580.2 28580.2 28580.2 28580.2 28580.2 28580.2 28580.2 28580.2 28580.2 28580.2 28580.2 28580.2 28580.2 28580.2 28580.2 28580.2 28580.2 28580.2 28580.2 28580.2 28580.2 28580.2 28580.2 28580.2 28580.2 28580.2 28580.2 28580.2 28580.2 28580.2 28580.2 28580.2 28580.2 28580.2 28580.2 28580.2 28580.2 28580.2 28580.2 28580.2 28580.2 28580.2 28580.2 28580.2 28580.2 28580.2 28580.2 28580.2 28580.2 28580.2 28580.2 28580.2 28580.2 28580.2 28580.2 28580.2 28580.2 28580.2 28580.2 28580.2 28580.2 28580.2 28580.2 28580.2 28580.2 28580.2 28580.2 28580.2 0 0 0 0 0 0 0 0 0 0 0 0 0 0 0 0 0 0 0 0 0 0 0 0 0
#obs survey bio
 6613.95 11653.7 16039.5 19128.6 26421.5 25347.5 35707.5 45430.3 46631.4 42737 50082 67323 101427 91894.7 95866.6 114145 62329.5 78498.4 103298 105464 114211 124400 102468 125410 120791 137435 108116 88312.5 94437.8
#pred catch bio
 4857.33 5405.5 7539.43 10592.1 14161.6 17640.6 20723.8 25197.2 28703 35709.7 47281.3 56548 74954.3 92058 114702 85143 87862.8 79725.8 84652.3 83558.2 88591.5 89411 96523.1 93106.1 117230 116971 99665.1 96680.3 109357 426231 6605.87 6605.87 6605.87 6605.87 6605.87 6605.87 6605.87 6605.87 6605.87 6605.87 6605.87 6605.87 6605.87 6605.87 6605.87 6605.87 6605.87 6605.87 6605.87 6605.87 6605.87 6605.87 6605.87 6605.87 6605.87 6605.87 6605.87 6605.87 6605.87 6605.87 6605.87 6605.87 6605.87 6605.87 6605.87 6605.87 6605.87 6605.87 6605.87 6605.87 6605.87 6605.87 6605.87 6605.87 6605.87 6605.87 6605.87 6605.87 6605.87 6605.87 6605.87 6605.87 6605.87 6605.87 6605.87 6605.87 6605.87 6605.87 6605.87 6605.87 6605.87 6605.87 6605.87 6605.87 6605.87 6605.87 6605.87 6605.87 6605.87 6605.87 6605.87 6605.87 6605.87 6605.87 6605.87 6605.87 6605.87 6605.87 6605.87 6605.87 6605.87 6605.87 6605.87 6605.87 6605.87 6605.87 6605.87 6605.87 6605.87 6605.87 6605.87 6605.87 6605.87 6605.87 6605.87 6605.87 6605.87 6605.87 6605.87 0 0 0 0 0 0 0 0 0 0 0 0 0 0 0 0 0 0 0 0 0 0 0 0 0
#obs catch bio
 5548.83 5490.25 7601.02 10591.1 14298.5 17816 20913.1 25302.4 28979.9 35820.6 47154 56982.2 74468.1 92003.9 116203 85277.6 87638.8 79386.7 83473.6 82638.8 88195.7 87892.2 95758.8 91984.3 115018 115120 98036.4 95910.2 109133
#pred cpue bio
 7744.12 9843.28 13503.7 18960.1 24700.3 24648.8 29560.9 36061.5 39293.2 45435.7 54759.6 68332.7 87846.4 84207.1 93192.1 90089.5 75599.4 85707.2 87424.3 101534 93280.7 98178.2 104476 99995.1 122509 99790 82785.8 76915.6 87569.9 2.18897e+06 512313 174774 56525 30157.1 24323.1 23034.8 22752.5 22691.1 22677.8 22675 22674.4 22674.3 22674.2 22674.2 22674.2 22674.2 22674.2 22674.2 22674.2 22674.2 22674.2 22674.2 22674.2 22674.2 22674.2 22674.2 22674.2 22674.2 22674.2 22674.2 22674.2 22674.2 22674.2 22674.2 22674.2 22674.2 22674.2 22674.2 22674.2 22674.2 22674.2 22674.2 22674.2 22674.2 22674.2 22674.2 22674.2 22674.2 22674.2 22674.2 22674.2 22674.2 22674.2 22674.2 22674.2 22674.2 22674.2 22674.2 22674.2 22674.2 22674.2 22674.2 22674.2 22674.2 22674.2 22674.2 22674.2 22674.2 22674.2 22674.2 22674.2 22674.2 22674.2 22674.2 22674.2 22674.2 22674.2 22674.2 22674.2 22674.2 22674.2 22674.2 22674.2 22674.2 22674.2 22674.2 22674.2 22674.2 22674.2 22674.2 22674.2 22674.2 22674.2 22674.2 22674.2 22674.2 22674.2 22674.2 22674.2 0 0 0 0 0 0 0 0 0 0 0 0 0 0 0 0 0 0 0 0 0 0 0 0 0
#obs cpue bio
 6708.63 8468.07 10910.8 18490.3 23432.3 21156.3 22765.2 29105.1 31056.2 53324.6 64331.9 69788.7 105797 81695.6 76240.7 80815.9 93175.7 116943 96566.2 134442 95075.1 112168 141817 108192 208108 102742 89086.7 85724.4 104312
#pred surv len freq
 2.55608e-27 2.56976e-27 1.73991e-26 3.13081e-20 7.67481e-15 2.27418e-10 8.14574e-07 0.000352679 0.018458 0.116771 0.0897795 0.0387256 0.231687 0.214876 0.0635213 0.0915097 0.0389875 0.0293893 0.0175222 0.0129202 0.00984685 0.00829567 0.00812009 0.00708601 0.0021505
 2.56001e-27 2.58047e-27 2.67608e-26 5.10569e-20 1.2516e-14 3.70871e-10 1.3284e-06 0.000575146 0.030101 0.190428 0.145992 0.0368009 0.177551 0.165611 0.0678063 0.113218 0.0383577 0.0157822 0.00688391 0.00378848 0.00233226 0.00166994 0.00143834 0.00124788 0.000414036
 2.56279e-27 2.5873e-27 3.20749e-26 6.22646e-20 1.52634e-14 4.52282e-10 1.62e-06 0.000701398 0.0367086 0.232229 0.177986 0.041522 0.191 0.176638 0.0447295 0.0578345 0.0219381 0.0124737 0.00393196 0.00118485 0.000480513 0.000258948 0.000182663 0.00014764 5.05622e-05
 2.56127e-27 2.58301e-27 2.81105e-26 5.39008e-20 1.32131e-14 3.91529e-10 1.40239e-06 0.000607182 0.0317777 0.201035 0.154205 0.0439117 0.225895 0.20872 0.0483456 0.057786 0.0185476 0.00603965 0.0021489 0.000728444 0.000159513 4.75313e-05 2.32936e-05 1.59867e-05 5.39412e-06
 2.56111e-27 2.58279e-27 2.81207e-26 5.39231e-20 1.32186e-14 3.91691e-10 1.40297e-06 0.000607432 0.0317908 0.201118 0.15424 0.0421375 0.212369 0.196684 0.0543116 0.0744088 0.0233721 0.00662304 0.00179818 0.000410915 0.000101331 1.83594e-05 4.19365e-06 2.00967e-06 6.3028e-07
 2.56197e-27 2.585e-27 2.99663e-26 5.78162e-20 1.4173e-14 4.1997e-10 1.50426e-06 0.000651288 0.0340861 0.215638 0.165334 0.04254 0.207638 0.192065 0.0489031 0.0632747 0.0205879 0.00700694 0.00186242 0.000344793 5.59952e-05 8.99402e-06 1.16557e-06 2.44673e-07 6.2692e-08
 2.56207e-27 2.5851e-27 2.98862e-26 5.76465e-20 1.41313e-14 4.18737e-10 1.49984e-06 0.000649375 0.033986 0.215005 0.164872 0.0439288 0.218531 0.201832 0.0454869 0.0529655 0.0165574 0.00461247 0.0012626 0.0002663 3.83892e-05 4.18301e-06 3.93703e-07 3.51917e-08 5.00146e-09
 2.56239e-27 2.586e-27 3.07085e-26 5.93813e-20 1.45566e-14 4.31338e-10 1.54498e-06 0.000668918 0.0350087 0.221475 0.169805 0.0434445 0.211379 0.19531 0.0457382 0.0551549 0.0168244 0.003977 0.000999642 0.000180872 2.80873e-05 2.99267e-06 1.95009e-07 9.86768e-09 5.38795e-10
 2.56352e-27 2.58898e-27 3.32658e-26 6.47759e-20 1.5879e-14 4.70524e-10 1.68534e-06 0.000729687 0.0381892 0.241596 0.185167 0.0433588 0.199934 0.184586 0.0408868 0.0467917 0.0143145 0.00346057 0.000836597 0.000128396 1.72192e-05 1.77048e-06 1.14282e-07 3.95531e-09 9.30006e-11
 2.56524e-27 2.59355e-27 3.71948e-26 7.30639e-20 1.79107e-14 5.30727e-10 1.90098e-06 0.00082305 0.0430755 0.272508 0.208768 0.0431826 0.182011 0.167818 0.0337673 0.0347605 0.01044 0.00222373 0.000528415 8.12508e-05 9.82407e-06 8.45163e-07 4.99825e-08 1.64144e-09 2.45056e-11
 2.56385e-27 2.58965e-27 3.36277e-26 6.55386e-20 1.6066e-14 4.76064e-10 1.70518e-06 0.000738278 0.0386388 0.24444 0.187368 0.0451755 0.212212 0.195477 0.0348678 0.030293 0.0088664 0.00153 0.000337984 4.62192e-05 5.45954e-06 4.41239e-07 2.18915e-08 6.38698e-10 8.54722e-12
 2.56474e-27 2.59212e-27 3.58803e-26 7.02907e-20 1.72309e-14 5.10583e-10 1.82882e-06 0.00079181 0.0414405 0.262164 0.200883 0.0439564 0.19344 0.178295 0.0343792 0.0334889 0.00960024 0.0012758 0.000251986 2.81995e-05 2.94431e-06 2.18577e-07 1.02225e-08 2.54535e-10 2.96809e-12
 2.56568e-27 2.59465e-27 3.80713e-26 7.49128e-20 1.8364e-14 5.44157e-10 1.94908e-06 0.000843877 0.0441655 0.279403 0.214042 0.0437078 0.182303 0.167911 0.0306101 0.0275191 0.00798173 0.00123985 0.00024695 2.1796e-05 1.88264e-06 1.14991e-07 4.78607e-09 1.10154e-10 1.11264e-12
 2.56325e-27 2.58795e-27 3.20489e-26 6.22077e-20 1.52495e-14 4.51869e-10 1.61852e-06 0.000700757 0.0366751 0.232017 0.1779 0.0462851 0.227309 0.209264 0.0347054 0.0264408 0.00753084 0.000965369 0.00018507 1.8346e-05 1.49379e-06 7.04842e-08 2.3445e-09 4.62772e-11 4.23676e-13
 2.5608e-27 2.58135e-27 2.62651e-26 5.00064e-20 1.22585e-14 3.6324e-10 1.30107e-06 0.000563312 0.0294817 0.18651 0.14317 0.04748 0.260802 0.240318 0.0428666 0.0372127 0.0104271 0.0009895 0.000162495 1.34077e-05 1.06541e-06 5.27526e-08 1.44122e-09 2.18859e-11 1.66985e-13
 2.56263e-27 2.58636e-27 3.07521e-26 5.94723e-20 1.45789e-14 4.31999e-10 1.54735e-06 0.000669943 0.0350624 0.221815 0.170101 0.0457524 0.228734 0.210816 0.0392718 0.0364422 0.0102151 0.000956945 0.000151169 9.39344e-06 5.87172e-07 2.50564e-08 6.95461e-10 9.37859e-12 5.4956e-14
 2.56331e-27 2.58822e-27 3.24008e-26 6.29504e-20 1.54315e-14 4.57264e-10 1.63784e-06 0.000709123 0.0371129 0.234787 0.179998 0.0451981 0.217563 0.200513 0.0375459 0.0351123 0.0100026 0.00122463 0.000217856 1.36515e-05 7.79274e-07 2.4242e-08 5.41322e-10 6.89043e-12 3.72764e-14
 2.56411e-27 2.59028e-27 3.41167e-26 6.65699e-20 1.63188e-14 4.83555e-10 1.73201e-06 0.000749896 0.0392468 0.248287 0.190313 0.0456619 0.213845 0.196843 0.0325592 0.0246697 0.00694291 0.000742078 0.000128124 9.92473e-06 6.45386e-07 1.95636e-08 3.49281e-10 3.32696e-12 1.59399e-14
 2.56475e-27 2.59208e-27 3.57776e-26 7.00739e-20 1.71778e-14 5.09008e-10 1.82318e-06 0.000789367 0.0413126 0.261356 0.200275 0.044584 0.198643 0.182957 0.0326808 0.0284374 0.00800041 0.000816419 0.000136457 9.6505e-06 6.41572e-07 2.40727e-08 4.56722e-10 3.76531e-12 1.35295e-14
 2.56441e-27 2.59112e-27 3.48854e-26 6.81916e-20 1.67163e-14 4.95335e-10 1.77421e-06 0.000768164 0.0402029 0.254335 0.194924 0.045217 0.207219 0.190779 0.0323953 0.0258239 0.0073155 0.000855585 0.000150836 1.02282e-05 6.41474e-07 2.26619e-08 4.86449e-10 4.61381e-12 1.55065e-14
 2.56615e-27 2.5959e-27 3.91682e-26 7.72267e-20 1.89312e-14 5.60965e-10 2.00928e-06 0.000869943 0.0455297 0.288033 0.220628 0.0434598 0.175788 0.161887 0.0293221 0.0260878 0.00738987 0.00084068 0.0001488 1.14391e-05 7.59904e-07 2.54738e-08 5.12655e-10 5.06887e-12 1.96216e-14
 2.56625e-27 2.59604e-27 3.91762e-26 7.72431e-20 1.89352e-14 5.61084e-10 2.00971e-06 0.000870128 0.0455393 0.288095 0.220691 0.0444584 0.183343 0.168612 0.0260447 0.01693 0.00476897 0.000542658 9.56009e-05 7.09004e-06 4.82298e-07 1.81624e-08 3.6688e-10 3.40869e-12 1.31687e-14
 2.56593e-27 2.59521e-27 3.84648e-26 7.57424e-20 1.85673e-14 5.50183e-10 1.97066e-06 0.000853222 0.0446546 0.282497 0.216417 0.0444884 0.186574 0.171644 0.02748 0.0194323 0.00540406 0.000473691 7.35486e-05 5.46741e-06 3.68285e-07 1.36457e-08 2.97223e-10 2.92955e-12 1.08842e-14
 2.56735e-27 2.59905e-27 4.18649e-26 8.29152e-20 2.03257e-14 6.02285e-10 2.15729e-06 0.000934022 0.0488834 0.30925 0.236828 0.0434597 0.164405 0.151184 0.0238207 0.0162425 0.00451899 0.000405292 6.22159e-05 3.67047e-06 2.12814e-07 7.81641e-09 1.678e-10 1.71472e-12 6.83548e-15
 2.56659e-27 2.59697e-27 3.99865e-26 7.89525e-20 1.93543e-14 5.73501e-10 2.05419e-06 0.000889384 0.0465471 0.29447 0.225556 0.0443013 0.178729 0.164335 0.0249362 0.0154768 0.00430059 0.000391349 6.07155e-05 3.65908e-06 2.00417e-07 5.79984e-09 1.13975e-10 1.14961e-12 4.65564e-15
 2.56534e-27 2.59354e-27 3.69244e-26 7.24927e-20 1.77707e-14 5.26578e-10 1.88611e-06 0.000816615 0.0427387 0.270377 0.207177 0.0454429 0.20033 0.184218 0.0275504 0.0164292 0.00452368 0.000343894 4.75073e-05 2.85377e-06 1.57247e-07 4.52347e-09 7.60514e-11 6.43809e-13 2.50635e-15
 2.56483e-27 2.59213e-27 3.56391e-26 6.9781e-20 1.7106e-14 5.0688e-10 1.81556e-06 0.000786068 0.04114 0.260263 0.199465 0.0461191 0.210894 0.193897 0.028008 0.0150362 0.00410016 0.000257893 2.96254e-05 1.49032e-06 7.03662e-08 2.00323e-09 3.36583e-11 2.60286e-13 8.44443e-16
 2.5655e-27 2.59397e-27 3.73017e-26 7.32886e-20 1.79658e-14 5.32359e-10 1.90682e-06 0.000825581 0.0432079 0.273346 0.209443 0.045378 0.198243 0.182282 0.0270153 0.0156947 0.00427986 0.00025417 2.70498e-05 1.16383e-06 4.33134e-08 9.98253e-10 1.51909e-11 1.16435e-13 3.58228e-16
 2.56583e-27 2.59486e-27 3.80752e-26 7.49203e-20 1.83658e-14 5.44212e-10 1.94928e-06 0.000843962 0.0441699 0.279431 0.214088 0.0452612 0.194091 0.178421 0.0257845 0.0138634 0.00377967 0.000236111 2.65474e-05 1.09287e-06 3.65139e-08 6.80305e-10 8.07067e-12 5.17288e-14 1.51737e-16
#obs surv len freq
 1.08515e-41 1.50611e-33 2.52681e-26 5.12433e-20 1.25617e-14 3.72226e-10 1.33325e-06 0.000577252 0.0302111 0.191125 0.146651 0.0402016 0.17351 0.146798 0.103748 0.101601 0.0439776 0.0172016 0.00388215 0.000489223 2.52425e-05 3.85252e-07 1.30617e-09 8.02144e-13 7.82619e-17
 1.59969e-41 2.22026e-33 3.72495e-26 7.55412e-20 1.8518e-14 5.48724e-10 1.96544e-06 0.000850967 0.0445362 0.281749 0.215865 0.0406011 0.1265 0.102168 0.0764177 0.0692496 0.0292445 0.0104662 0.00211265 0.000227458 9.56813e-06 1.13155e-07 2.85827e-10 1.27638e-13 8.92709e-18
 1.53627e-41 2.13223e-33 3.57727e-26 7.25462e-20 1.77839e-14 5.26968e-10 1.88751e-06 0.000817228 0.0427705 0.270579 0.207566 0.0499766 0.176532 0.128688 0.0565022 0.0426807 0.0172199 0.00557563 0.000996695 9.01054e-05 3.03115e-06 2.7507e-08 5.16285e-11 1.67573e-14 8.40496e-19
 1.0767e-41 1.49439e-33 2.50715e-26 5.08445e-20 1.24639e-14 3.69329e-10 1.32288e-06 0.00057276 0.029976 0.189639 0.145993 0.0564836 0.230185 0.163037 0.0979099 0.0657595 0.0159211 0.00387666 0.000599261 4.49147e-05 1.18953e-06 8.16655e-09 1.13066e-11 2.66233e-15 9.57895e-20
 1.49926e-41 2.08088e-33 3.4911e-26 7.07988e-20 1.73555e-14 5.14275e-10 1.84205e-06 0.000797544 0.0417403 0.264063 0.202624 0.0471867 0.142261 0.104279 0.104431 0.0694696 0.019204 0.003588 0.000335252 1.89764e-05 3.89407e-07 1.9995e-09 2.02205e-12 3.43308e-16 8.83853e-21
 1.20007e-41 1.66562e-33 2.79443e-26 5.66704e-20 1.38921e-14 4.11648e-10 1.47445e-06 0.000638388 0.0334107 0.211369 0.162944 0.064965 0.231149 0.14399 0.0785218 0.0498278 0.0191217 0.00375274 0.00029701 1.02232e-05 1.39397e-07 5.19558e-10 3.80307e-13 4.62336e-17 8.47076e-22
 1.37659e-41 1.91062e-33 3.20546e-26 6.50061e-20 1.59355e-14 4.72198e-10 1.69134e-06 0.00073229 0.0383251 0.242459 0.186562 0.0578848 0.174904 0.116529 0.109873 0.0570553 0.0129215 0.00251934 0.000226232 6.52314e-06 5.59083e-08 1.29786e-10 6.48435e-14 5.55979e-18 7.20501e-23
 1.1929e-41 1.65567e-33 2.77773e-26 5.63319e-20 1.38091e-14 4.09189e-10 1.46565e-06 0.000634575 0.0332111 0.210109 0.162424 0.0721297 0.22682 0.133248 0.0941728 0.0499016 0.0150743 0.00212878 0.000141117 3.98611e-06 2.86423e-08 4.40128e-11 1.35185e-14 7.47728e-19 6.58257e-24
 1.51581e-41 2.10384e-33 3.52962e-26 7.15801e-20 1.7547e-14 5.1995e-10 1.86238e-06 0.000806345 0.0422009 0.26698 0.205675 0.0644603 0.167023 0.103922 0.0959545 0.0420044 0.0095125 0.00137587 8.09227e-05 1.62276e-06 9.65063e-09 1.21648e-11 2.66197e-15 9.46853e-20 5.25905e-25
 1.51885e-41 2.10806e-33 3.53671e-26 7.17238e-20 1.75823e-14 5.20994e-10 1.86612e-06 0.000807964 0.0422856 0.26752 0.206706 0.0779765 0.198492 0.103703 0.0661975 0.0284341 0.00704482 0.000791268 3.83806e-05 6.55114e-07 2.83551e-09 2.65617e-12 4.5299e-16 1.21113e-20 4.7082e-26
 1.09708e-41 1.52268e-33 2.55461e-26 5.18071e-20 1.26999e-14 3.76321e-10 1.34792e-06 0.000583603 0.0305435 0.193242 0.151056 0.0971085 0.257886 0.136087 0.0954364 0.0319352 0.00552325 0.000573118 2.35738e-05 3.06745e-07 1.03907e-09 7.17968e-13 8.71395e-17 1.69835e-21 4.91278e-27
 1.66797e-41 2.31504e-33 3.88396e-26 7.87658e-20 1.93085e-14 5.72147e-10 2.04934e-06 0.000887292 0.0464373 0.293787 0.226833 0.0713295 0.144837 0.0938221 0.0890031 0.0282338 0.00449095 0.000327474 9.96581e-06 1.04053e-07 2.63474e-10 1.34291e-13 1.19454e-17 1.66224e-22 3.39022e-28
 1.33584e-41 1.85405e-33 3.11056e-26 6.30815e-20 1.54637e-14 4.58217e-10 1.64126e-06 0.000710608 0.0371904 0.235302 0.184357 0.110637 0.243182 0.106769 0.0574084 0.0202415 0.00393409 0.000259862 5.90199e-06 4.22199e-08 7.81663e-11 2.92906e-14 1.87597e-18 1.87329e-23 2.7366e-29
 1.1202e-41 1.55476e-33 2.60844e-26 5.28986e-20 1.29675e-14 3.8425e-10 1.37632e-06 0.000595899 0.031187 0.197329 0.155947 0.111922 0.235197 0.137555 0.103405 0.0237662 0.00289063 0.000198801 4.40991e-06 2.42663e-08 3.05649e-11 7.83131e-15 3.54997e-19 2.52882e-24 2.62243e-30
 8.78963e-42 1.21994e-33 2.04671e-26 4.15068e-20 1.01749e-14 3.01501e-10 1.07993e-06 0.000467572 0.0244709 0.154853 0.124795 0.123725 0.249722 0.159432 0.123676 0.0341075 0.00454712 0.000198153 3.32193e-06 1.65688e-08 1.68404e-11 3.05712e-15 9.33851e-20 4.51326e-25 3.24332e-31
 1.41544e-41 1.96454e-33 3.29592e-26 6.68405e-20 1.63852e-14 4.85523e-10 1.73906e-06 0.000752954 0.0394067 0.249334 0.195461 0.0947882 0.160172 0.12637 0.101224 0.0283149 0.00398647 0.000185058 2.4479e-06 8.28538e-09 6.54255e-12 9.56419e-16 2.20492e-20 7.52182e-26 3.68449e-32
 9.71271e-42 1.34806e-33 2.26165e-26 4.58658e-20 1.12435e-14 3.33164e-10 1.19334e-06 0.000516675 0.0270408 0.171153 0.141152 0.162045 0.272796 0.126713 0.0727676 0.0224472 0.00321734 0.000148471 1.92606e-06 5.52308e-09 3.08862e-12 3.14765e-16 5.38608e-21 1.39846e-26 5.11529e-33
 1.43735e-41 1.99494e-33 3.34693e-26 6.7875e-20 1.66388e-14 4.93037e-10 1.76598e-06 0.000764608 0.0400166 0.253218 0.200407 0.107811 0.161127 0.135803 0.0839042 0.0152208 0.00165036 7.4651e-05 9.11633e-07 2.37572e-09 1.13011e-12 8.80173e-17 1.05963e-21 1.90485e-27 4.94682e-34
 1.00509e-41 1.395e-33 2.34041e-26 4.7463e-20 1.1635e-14 3.44766e-10 1.2349e-06 0.000534668 0.0279826 0.17717 0.149758 0.183944 0.261592 0.120649 0.0614602 0.0154411 0.00142457 4.12176e-05 4.06916e-07 9.30276e-10 3.79025e-13 2.45033e-17 2.34527e-22 3.1758e-28 5.91799e-35
 1.28583e-41 1.78464e-33 2.99411e-26 6.07199e-20 1.48848e-14 4.41063e-10 1.57981e-06 0.000684005 0.0357983 0.226589 0.183918 0.132341 0.181464 0.152734 0.0742154 0.0112884 0.000938654 2.65787e-05 1.85586e-07 2.9897e-10 9.57888e-14 5.02102e-18 3.8606e-23 4.13161e-29 5.96807e-36
 1.41749e-41 1.96738e-33 3.30069e-26 6.69373e-20 1.64089e-14 4.86225e-10 1.74158e-06 0.000754044 0.0394639 0.249839 0.205461 0.159683 0.187531 0.100597 0.046711 0.00933082 0.000615742 1.22646e-05 7.21544e-08 8.92907e-11 1.97703e-14 7.33609e-19 4.21373e-24 3.46048e-30 3.85275e-37
 1.13092e-41 1.56964e-33 2.63339e-26 5.34047e-20 1.30915e-14 3.87926e-10 1.38949e-06 0.0006016 0.0314858 0.19947 0.173002 0.196809 0.225365 0.122382 0.0442228 0.00624867 0.00040429 7.54772e-06 3.23438e-08 2.951e-11 4.98788e-15 1.34498e-19 5.37043e-25 3.06718e-31 2.43404e-38
 1.37816e-41 1.9128e-33 3.20912e-26 6.50803e-20 1.59537e-14 4.72736e-10 1.69326e-06 0.000733125 0.0383693 0.243005 0.203487 0.160617 0.179121 0.125774 0.0434632 0.00518586 0.000239309 3.50041e-06 1.29807e-08 9.22796e-12 1.11593e-15 2.16568e-20 6.32291e-26 2.61114e-32 1.46422e-39
 1.353e-41 1.87787e-33 3.15052e-26 6.3892e-20 1.56624e-14 4.64104e-10 1.66235e-06 0.000719739 0.0376691 0.238715 0.206745 0.193826 0.1882 0.0973807 0.0323679 0.00420383 0.000168525 1.80524e-06 4.80004e-09 2.63601e-12 2.49558e-16 3.60908e-21 7.52604e-27 2.19807e-33 8.78345e-41
 1.18911e-41 1.65041e-33 2.7689e-26 5.61528e-20 1.37652e-14 4.07888e-10 1.46099e-06 0.000632558 0.0331068 0.210006 0.190559 0.213882 0.206564 0.112685 0.0295547 0.00290143 0.000106578 1.01773e-06 2.05581e-09 7.91928e-13 5.3289e-17 5.68764e-22 8.8806e-28 1.91821e-34 5.54338e-42
 1.06425e-41 1.4771e-33 2.47815e-26 5.02564e-20 1.23198e-14 3.65057e-10 1.30757e-06 0.000566135 0.0296311 0.188171 0.178278 0.221506 0.217424 0.12936 0.0322187 0.00276777 7.56205e-05 5.62863e-07 9.43124e-10 2.85509e-13 1.39431e-17 1.03866e-22 1.13286e-28 1.74069e-35 3.64032e-43
 1.04924e-41 1.45628e-33 2.44321e-26 4.95478e-20 1.2146e-14 3.5991e-10 1.28914e-06 0.000558153 0.029214 0.185687 0.179649 0.221293 0.21688 0.132067 0.0319527 0.00263715 6.16282e-05 3.4905e-07 4.26356e-10 9.76242e-14 3.67626e-18 2.06429e-23 1.6349e-29 1.77267e-36 2.58272e-44
 1.26866e-41 1.76082e-33 2.95414e-26 5.99093e-20 1.46861e-14 4.35175e-10 1.55872e-06 0.000674875 0.0353224 0.224228 0.204711 0.200202 0.192521 0.112986 0.0270821 0.00221979 5.03669e-05 2.62106e-07 2.70354e-10 4.93882e-14 1.47332e-18 6.69374e-24 4.36961e-30 3.9174e-37 4.67368e-45
 1.26869e-41 1.76085e-33 2.95419e-26 5.99105e-20 1.46863e-14 4.35183e-10 1.55876e-06 0.000674888 0.0353231 0.224233 0.204715 0.200211 0.192688 0.113334 0.0267059 0.002071 4.35062e-05 2.05446e-07 1.89451e-10 3.0576e-14 7.98855e-19 3.1617e-24 1.79298e-30 1.39462e-37 1.4423e-45
#pred catch len freq
 2.55535e-27 2.56763e-27 1.53579e-26 2.70014e-20 6.61908e-15 1.96135e-10 7.02523e-07 0.000304166 0.0159189 0.100708 0.0775444 0.0406156 0.254667 0.235909 0.0641899 0.0876612 0.0366088 0.0266585 0.0157834 0.011597 0.00883127 0.00743889 0.00728129 0.00635402 0.00192835
 2.55877e-27 2.57706e-27 2.36871e-26 4.45724e-20 1.09264e-14 3.23768e-10 1.15968e-06 0.000502099 0.026278 0.166243 0.127546 0.0381665 0.200904 0.187084 0.0702286 0.113311 0.0379909 0.0150178 0.00649845 0.00356061 0.00218989 0.0015677 0.00135025 0.00117145 0.000388679
 2.56138e-27 2.58342e-27 2.85864e-26 5.49052e-20 1.34594e-14 3.98825e-10 1.42852e-06 0.000618496 0.0323698 0.204781 0.157051 0.0430017 0.21697 0.200516 0.0474082 0.057911 0.0216305 0.0118564 0.00371856 0.00111403 0.000451178 0.000243075 0.00017146 0.000138584 4.74611e-05
 2.55989e-27 2.57919e-27 2.46672e-26 4.66367e-20 1.14324e-14 3.38763e-10 1.21339e-06 0.000525353 0.0274951 0.173942 0.133541 0.0454456 0.252085 0.232778 0.0506186 0.0569021 0.0181055 0.0056576 0.0019962 0.000673409 0.000147293 4.38692e-05 2.14977e-05 1.47541e-05 4.97823e-06
 2.5599e-27 2.57944e-27 2.50802e-26 4.75087e-20 1.16462e-14 3.45097e-10 1.23608e-06 0.000535176 0.0280092 0.177194 0.135996 0.0436558 0.236741 0.21904 0.0558305 0.0722323 0.0225138 0.00611438 0.00164697 0.00037403 9.20932e-05 1.66795e-05 3.80956e-06 1.82559e-06 5.72549e-07
 2.56113e-27 2.58261e-27 2.77493e-26 5.31389e-20 1.30264e-14 3.85994e-10 1.38257e-06 0.000598598 0.0313285 0.198193 0.152037 0.0440624 0.228565 0.211187 0.0488514 0.0583231 0.0187802 0.00610714 0.00161192 0.000296512 4.80703e-05 7.71667e-06 9.99939e-07 2.099e-07 5.37822e-08
 2.56111e-27 2.58241e-27 2.74196e-26 5.24427e-20 1.28557e-14 3.80937e-10 1.36445e-06 0.000590756 0.030918 0.195597 0.150076 0.0454054 0.240163 0.221627 0.0459594 0.0490492 0.0152024 0.00404604 0.00109804 0.000230169 3.31317e-05 3.60792e-06 3.39528e-07 3.03485e-08 4.31314e-09
 2.56149e-27 2.58346e-27 2.83674e-26 5.44423e-20 1.33459e-14 3.95462e-10 1.41648e-06 0.000613281 0.0320969 0.203054 0.155762 0.0449004 0.232325 0.214465 0.0459779 0.0508716 0.0154052 0.00347813 0.000865951 0.000155672 2.4132e-05 2.56984e-06 1.67434e-07 8.47204e-09 4.62589e-10
 2.56268e-27 2.58663e-27 3.11055e-26 6.02183e-20 1.47618e-14 4.37418e-10 1.56676e-06 0.000678346 0.0355022 0.224597 0.172209 0.0447193 0.219391 0.202376 0.0410529 0.0426845 0.0129571 0.00298945 0.000716106 0.000109182 1.4614e-05 1.50166e-06 9.69165e-08 3.35419e-09 7.88661e-11
 2.56452e-27 2.59151e-27 3.53142e-26 6.90965e-20 1.69382e-14 5.01908e-10 1.79775e-06 0.000778357 0.0407364 0.25771 0.197488 0.0443593 0.198891 0.18325 0.033902 0.0311788 0.0092956 0.00188797 0.000443909 6.7805e-05 8.18281e-06 7.03479e-07 4.15965e-08 1.366e-09 2.03933e-11
 2.56329e-27 2.58806e-27 3.21479e-26 6.24165e-20 1.53007e-14 4.53386e-10 1.62395e-06 0.000703109 0.0367982 0.232796 0.178494 0.0462538 0.226653 0.208652 0.0344638 0.0260543 0.00757267 0.00124521 0.000271492 3.68728e-05 4.3462e-06 3.51016e-07 1.74122e-08 5.07992e-10 6.79803e-12
 2.56411e-27 2.59034e-27 3.42318e-26 6.6813e-20 1.63784e-14 4.85321e-10 1.73834e-06 0.000752634 0.0393902 0.249193 0.190996 0.0450808 0.208943 0.192449 0.0341386 0.0293786 0.00837893 0.00106451 0.000206868 2.29937e-05 2.39476e-06 1.77647e-07 8.30671e-09 2.06825e-10 2.41173e-12
 2.5652e-27 2.59326e-27 3.67764e-26 7.21809e-20 1.76943e-14 5.24313e-10 1.878e-06 0.000813103 0.0425549 0.269214 0.206277 0.0446646 0.195039 0.179528 0.0302 0.0236598 0.00681912 0.0010103 0.000198471 1.74046e-05 1.49872e-06 9.1464e-08 3.80602e-09 8.75931e-11 8.84754e-13
 2.5634e-27 2.58827e-27 3.2256e-26 6.26443e-20 1.53565e-14 4.5504e-10 1.62988e-06 0.000705675 0.0369325 0.233646 0.179152 0.0468727 0.2309 0.21242 0.0323903 0.0203709 0.00575997 0.000702477 0.000132185 1.30114e-05 1.05651e-06 4.98064e-08 1.65624e-09 3.26899e-11 2.99278e-13
 2.56156e-27 2.5833e-27 2.78818e-26 5.34166e-20 1.30944e-14 3.88011e-10 1.38979e-06 0.000601726 0.0314922 0.199229 0.15289 0.0479781 0.257763 0.23727 0.0378982 0.0266613 0.00742531 0.000672167 0.000107508 8.80683e-06 6.97385e-07 3.44989e-08 9.42287e-10 1.43082e-11 1.09167e-13
 2.56252e-27 2.58598e-27 3.03141e-26 5.8548e-20 1.43523e-14 4.25285e-10 1.5233e-06 0.000659531 0.0345175 0.218368 0.167483 0.0466864 0.23768 0.218874 0.0371197 0.0295133 0.00823506 0.000739624 0.000114106 7.04798e-06 4.38692e-07 1.87014e-08 5.18921e-10 6.9974e-12 4.10022e-14
 2.56384e-27 2.58955e-27 3.34744e-26 6.52149e-20 1.59866e-14 4.73713e-10 1.69676e-06 0.000734632 0.038448 0.243233 0.186456 0.0457684 0.217365 0.200111 0.0335038 0.026002 0.00736037 0.000856694 0.00014946 9.30909e-06 5.29134e-07 1.64433e-08 3.67031e-10 4.6715e-12 2.52718e-14
 2.56381e-27 2.58939e-27 3.32566e-26 6.47551e-20 1.58739e-14 4.70373e-10 1.6848e-06 0.000729452 0.0381769 0.241518 0.185158 0.0464845 0.223726 0.205824 0.0316533 0.0203466 0.00569329 0.00058232 9.84884e-05 7.57994e-06 4.91297e-07 1.4879e-08 2.65543e-10 2.52908e-12 1.21168e-14
 2.56456e-27 2.59149e-27 3.51763e-26 6.88051e-20 1.68667e-14 4.99792e-10 1.79017e-06 0.000775076 0.0405647 0.256624 0.196675 0.0453996 0.207379 0.190863 0.0312611 0.0232143 0.00649775 0.000634715 0.000103801 7.29482e-06 4.83169e-07 1.81121e-08 3.43531e-10 2.83188e-12 1.01752e-14
 2.56383e-27 2.58948e-27 3.33618e-26 6.49772e-20 1.59284e-14 4.71986e-10 1.69058e-06 0.000731955 0.0383079 0.242347 0.185786 0.0462223 0.22129 0.203631 0.0322672 0.0222986 0.00628281 0.000703522 0.000121832 8.21279e-06 5.13163e-07 1.81115e-08 3.88644e-10 3.68586e-12 1.23875e-14
 2.56597e-27 2.59535e-27 3.86127e-26 7.60546e-20 1.86439e-14 5.52451e-10 1.97879e-06 0.000856739 0.0448386 0.283662 0.217302 0.0442023 0.183775 0.169117 0.0280563 0.0213847 0.00602524 0.000655102 0.000113718 8.68618e-06 5.75102e-07 1.92608e-08 3.87483e-10 3.83089e-12 1.48291e-14
 2.56584e-27 2.59489e-27 3.81072e-26 7.49878e-20 1.83824e-14 5.44702e-10 1.95103e-06 0.000844722 0.0442097 0.279683 0.214279 0.0451905 0.193419 0.177811 0.0258652 0.014207 0.00397556 0.000432747 7.48022e-05 5.51289e-06 3.73708e-07 1.40601e-08 2.83927e-10 2.63774e-12 1.01901e-14
 2.56565e-27 2.59438e-27 3.767e-26 7.40655e-20 1.81563e-14 5.38003e-10 1.92704e-06 0.000834333 0.043666 0.276243 0.211652 0.0451787 0.195174 0.179469 0.0268582 0.0160481 0.00443883 0.000373908 5.66262e-05 4.18206e-06 2.80728e-07 1.03917e-08 2.26276e-10 2.23008e-12 8.28524e-15
 2.56697e-27 2.598e-27 4.08858e-26 8.08496e-20 1.98193e-14 5.87281e-10 2.10354e-06 0.000910754 0.0476656 0.301546 0.230957 0.044141 0.173715 0.159681 0.0236101 0.0136259 0.00376995 0.000324854 4.8688e-05 2.85591e-06 1.64866e-07 6.04917e-09 1.2982e-10 1.3265e-12 5.28779e-15
 2.56639e-27 2.59639e-27 3.94313e-26 7.77811e-20 1.90671e-14 5.64992e-10 2.02371e-06 0.000876188 0.0458565 0.290101 0.222229 0.0448422 0.185183 0.170199 0.0243104 0.0125764 0.00347229 0.000303278 4.59342e-05 2.75209e-06 1.50107e-07 4.33949e-09 8.52423e-11 8.59715e-13 3.48157e-15
 2.56584e-27 2.59485e-27 3.80397e-26 7.48453e-20 1.83474e-14 5.43667e-10 1.94732e-06 0.000843116 0.0441257 0.279151 0.213878 0.0454768 0.19588 0.180019 0.0251241 0.0119591 0.00326854 0.000238849 3.19861e-05 1.90921e-06 1.0474e-07 3.0099e-09 5.05841e-11 4.28171e-13 1.66682e-15
 2.56538e-27 2.59358e-27 3.68857e-26 7.24108e-20 1.77506e-14 5.25983e-10 1.88398e-06 0.000815692 0.0426904 0.270072 0.206954 0.046069 0.205251 0.188608 0.0255778 0.0108319 0.00293024 0.000178207 1.97157e-05 9.85791e-07 4.63024e-08 1.31665e-09 2.21135e-11 1.7099e-13 5.54724e-16
 2.56613e-27 2.59564e-27 3.87417e-26 7.63262e-20 1.87105e-14 5.54424e-10 1.98585e-06 0.000859799 0.0449988 0.284675 0.218093 0.0452877 0.191479 0.175953 0.0243132 0.0111329 0.00301364 0.000173368 1.77259e-05 7.58508e-07 2.80605e-08 6.45877e-10 9.82368e-12 7.52881e-14 2.31627e-16
 2.56641e-27 2.59641e-27 3.94106e-26 7.77373e-20 1.90564e-14 5.64674e-10 2.02257e-06 0.000875695 0.0458307 0.289938 0.222109 0.0451515 0.187621 0.172376 0.0233671 0.00987827 0.00267153 0.000161372 1.74684e-05 7.15531e-07 2.37602e-08 4.4211e-10 5.24174e-12 3.3592e-14 9.85322e-17
#obs catch len freq
 5.02844e-42 6.97914e-34 1.1709e-26 2.37455e-20 5.82094e-15 1.72485e-10 6.17813e-07 0.000267492 0.0139995 0.0885658 0.068353 0.0399226 0.218724 0.186657 0.143518 0.143059 0.0641229 0.0258949 0.00607872 0.000792238 4.24731e-05 6.74776e-07 2.37457e-09 1.50768e-12 1.51548e-16
 5.69949e-42 7.91051e-34 1.32715e-26 2.69144e-20 6.59775e-15 1.95503e-10 7.00261e-07 0.000303189 0.0158677 0.100385 0.0774899 0.0437151 0.223647 0.181943 0.143261 0.131147 0.0565453 0.0207876 0.00439061 0.000494482 2.16303e-05 2.65288e-07 6.93442e-10 3.19288e-13 2.29416e-17
 1.0784e-41 1.49675e-33 2.51112e-26 5.09249e-20 1.24836e-14 3.69913e-10 1.32497e-06 0.000573666 0.0300234 0.189938 0.145915 0.045046 0.181024 0.140478 0.1143 0.0962226 0.0402558 0.0134527 0.00252131 0.000240474 8.49282e-06 8.00646e-08 1.55114e-10 5.17762e-14 2.66236e-18
 1.1162e-41 1.54922e-33 2.59913e-26 5.27098e-20 1.29212e-14 3.82879e-10 1.37141e-06 0.000593773 0.0310757 0.196596 0.151345 0.0583727 0.237563 0.164054 0.0767716 0.0543649 0.0216076 0.00649717 0.00106918 8.48288e-05 2.37465e-06 1.70572e-08 2.44374e-11 5.91204e-15 2.17659e-19
 7.83644e-42 1.08765e-33 1.82475e-26 3.70056e-20 9.07149e-15 2.68805e-10 9.62815e-07 0.000416866 0.0218171 0.138025 0.106887 0.064846 0.274096 0.184739 0.116569 0.0713291 0.0168268 0.00386437 0.000546056 3.55797e-05 7.77322e-07 4.19781e-09 4.41787e-12 7.73347e-16 2.03924e-20
 1.25603e-41 1.74329e-33 2.92472e-26 5.93128e-20 1.45398e-14 4.30842e-10 1.54321e-06 0.000668155 0.0349686 0.221224 0.170145 0.0528625 0.172466 0.122282 0.125565 0.0758546 0.0202278 0.00342461 0.000295258 1.4565e-05 2.44684e-07 9.82556e-10 7.5256e-13 9.47696e-17 1.78556e-21
 1.03637e-41 1.43841e-33 2.41324e-26 4.89399e-20 1.1997e-14 3.55495e-10 1.27332e-06 0.000551305 0.0288531 0.182539 0.141307 0.073722 0.260298 0.153626 0.0860978 0.0508791 0.0186269 0.00326235 0.000229799 6.84326e-06 7.69403e-08 2.23669e-10 1.23613e-13 1.1124e-17 1.48964e-22
 1.27431e-41 1.76866e-33 2.9673e-26 6.01762e-20 1.47515e-14 4.37114e-10 1.56567e-06 0.000677881 0.0354776 0.224447 0.173118 0.0643368 0.192382 0.123953 0.116689 0.0546345 0.0119735 0.00213815 0.000166823 4.03487e-06 2.81974e-08 5.13106e-11 1.9372e-14 1.22797e-18 1.16188e-23
 1.14973e-41 1.59576e-33 2.67721e-26 5.42933e-20 1.33094e-14 3.94381e-10 1.41261e-06 0.000611611 0.0320093 0.202508 0.157027 0.0796179 0.2385 0.133978 0.0946411 0.0462653 0.0130958 0.001646 9.74416e-05 2.28824e-06 1.30983e-08 1.56271e-11 3.63375e-15 1.48831e-19 9.56213e-25
 1.51654e-41 2.10486e-33 3.53134e-26 7.1615e-20 1.75556e-14 5.20204e-10 1.86328e-06 0.000806738 0.0422214 0.267113 0.206096 0.0696651 0.171373 0.103565 0.0931347 0.0369893 0.00795352 0.00102819 5.21083e-05 8.73209e-07 4.13822e-09 4.0036e-12 6.5915e-16 1.73725e-20 7.05521e-26
 1.55102e-41 2.15271e-33 3.61162e-26 7.32429e-20 1.79546e-14 5.32028e-10 1.90564e-06 0.000825076 0.0431812 0.273188 0.211423 0.083217 0.197277 0.0985564 0.0617342 0.0244244 0.00559282 0.000555498 2.33868e-05 3.2763e-07 1.12292e-09 8.07742e-13 1.03222e-16 2.03844e-21 5.79849e-27
 1.15487e-41 1.60288e-33 2.68917e-26 5.45358e-20 1.33688e-14 3.96142e-10 1.41892e-06 0.000614342 0.0321522 0.203424 0.159402 0.103818 0.253575 0.129022 0.0870077 0.0263151 0.00426221 0.000391244 1.36906e-05 1.45973e-07 3.89048e-10 2.05176e-13 1.86315e-17 2.67711e-22 5.65328e-28
 1.72869e-41 2.3993e-33 4.02532e-26 8.16328e-20 2.00113e-14 5.92972e-10 2.12393e-06 0.000919588 0.0481276 0.304483 0.235349 0.07491 0.140443 0.0899064 0.0794958 0.0228234 0.00332209 0.00021203 5.53209e-06 4.68868e-08 9.28794e-11 3.60356e-14 2.3911e-18 2.44925e-23 3.64329e-29
 1.39879e-41 1.94143e-33 3.25716e-26 6.60545e-20 1.61925e-14 4.79813e-10 1.71861e-06 0.0007441 0.0389432 0.246398 0.193533 0.116582 0.234508 0.0986014 0.0510098 0.016635 0.00287757 0.000163549 3.13049e-06 1.81867e-08 2.63072e-11 7.47518e-15 3.56397e-19 2.61582e-24 2.78402e-30
 1.19052e-41 1.65236e-33 2.77218e-26 5.62192e-20 1.37815e-14 4.0837e-10 1.46272e-06 0.000633305 0.0331447 0.209723 0.16625 0.11866 0.228436 0.131523 0.090674 0.0187267 0.00210175 0.000124857 2.27852e-06 1.00279e-08 9.83196e-12 1.9105e-15 6.43898e-20 3.36681e-25 2.54157e-31
 9.48403e-42 1.31632e-33 2.2084e-26 4.47859e-20 1.09787e-14 3.2532e-10 1.16524e-06 0.00050451 0.0264041 0.167096 0.135255 0.132048 0.244304 0.154361 0.109218 0.0274774 0.0032096 0.000120069 1.68632e-06 6.66084e-09 5.20625e-12 7.13532e-16 1.61983e-20 5.74484e-26 3.00242e-32
 1.50158e-41 2.08409e-33 3.49649e-26 7.09082e-20 1.73823e-14 5.1507e-10 1.8449e-06 0.000798776 0.0418048 0.264514 0.207765 0.0989697 0.153652 0.12048 0.0868975 0.0222664 0.0027407 0.000107268 1.15821e-06 3.11919e-09 1.89507e-12 2.0791e-16 3.54951e-21 8.8829e-27 3.16698e-33
 1.04793e-41 1.45445e-33 2.44015e-26 4.94857e-20 1.21308e-14 3.59459e-10 1.28752e-06 0.000557453 0.029175 0.184678 0.153078 0.170077 0.261063 0.11823 0.0630383 0.017807 0.00220769 8.56207e-05 8.95423e-07 2.0081e-09 8.59323e-13 6.57498e-17 8.31297e-22 1.57885e-27 4.19931e-34
 1.53129e-41 2.12533e-33 3.56568e-26 7.23113e-20 1.77262e-14 5.25261e-10 1.8814e-06 0.000814581 0.042632 0.26978 0.213956 0.111287 0.153257 0.126705 0.0690296 0.0113963 0.00109796 4.14742e-05 4.04874e-07 8.18161e-10 2.95059e-13 1.71594e-17 1.52482e-22 2.00381e-28 3.77533e-35
 1.08809e-41 1.5102e-33 2.53367e-26 5.13824e-20 1.25958e-14 3.73236e-10 1.33687e-06 0.000578819 0.0302934 0.191827 0.162998 0.190905 0.247699 0.111118 0.0519576 0.0116842 0.000915439 2.23652e-05 1.7756e-07 3.12739e-10 9.5992e-14 4.60891e-18 3.24415e-23 3.20785e-29 4.34035e-36
 1.3847e-41 1.92187e-33 3.22434e-26 6.53889e-20 1.60293e-14 4.74978e-10 1.7013e-06 0.000736602 0.038551 0.244034 0.198612 0.136085 0.172951 0.140355 0.059834 0.00823297 0.000593152 1.37542e-05 7.64126e-08 9.52635e-11 2.295e-14 8.89556e-19 5.01088e-24 3.9044e-30 4.08766e-37
 1.51282e-41 2.09969e-33 3.52267e-26 7.1439e-20 1.75124e-14 5.18926e-10 1.85871e-06 0.000804756 0.0421181 0.266671 0.219936 0.161677 0.17381 0.0901459 0.0378144 0.00664521 0.000368885 6.0916e-06 2.83293e-08 2.68303e-11 4.46164e-15 1.22363e-19 5.13454e-25 3.05998e-31 2.46252e-38
 1.22456e-41 1.6996e-33 2.85144e-26 5.78266e-20 1.41755e-14 4.20046e-10 1.50454e-06 0.000651413 0.034093 0.216032 0.18813 0.200509 0.211253 0.109548 0.0351028 0.00443304 0.000242368 3.65418e-06 1.23063e-08 8.59333e-12 1.08588e-15 2.15908e-20 6.29789e-26 2.60774e-32 1.49196e-39
 1.47884e-41 2.05254e-33 3.44355e-26 6.98346e-20 1.71191e-14 5.07271e-10 1.81696e-06 0.000786682 0.0411725 0.260799 0.218946 0.162026 0.167909 0.110986 0.0337041 0.0035308 0.000137177 1.63112e-06 4.70924e-09 2.54073e-12 2.29327e-16 3.2764e-21 6.97355e-27 2.08685e-33 8.44428e-41
 1.45131e-41 2.01432e-33 3.37944e-26 6.85343e-20 1.68004e-14 4.97826e-10 1.78313e-06 0.000772035 0.0404064 0.256121 0.222425 0.193907 0.173503 0.0848669 0.0250899 0.0028118 9.32701e-05 8.05409e-07 1.6688e-09 6.93873e-13 4.88023e-17 5.1853e-22 7.88094e-28 1.66663e-34 4.79826e-42
 1.28679e-41 1.78598e-33 2.99635e-26 6.07653e-20 1.48959e-14 4.41393e-10 1.581e-06 0.000684519 0.0358267 0.227338 0.206878 0.214793 0.192468 0.0975565 0.0224745 0.00192048 5.82606e-05 4.41882e-07 6.8974e-10 2.00826e-13 1.00279e-17 7.84206e-23 8.90209e-29 1.39127e-35 2.89877e-43
 1.16085e-41 1.61119e-33 2.7031e-26 5.48183e-20 1.34381e-14 3.98195e-10 1.42627e-06 0.000617526 0.0323213 0.205354 0.195064 0.223468 0.204982 0.111968 0.0243907 0.00179231 4.028e-05 2.38358e-07 3.06615e-10 6.97433e-14 2.52298e-18 1.37676e-23 1.09056e-29 1.2097e-36 1.81934e-44
 1.14658e-41 1.59138e-33 2.66987e-26 5.41444e-20 1.32729e-14 3.93299e-10 1.40873e-06 0.000609934 0.0319239 0.202802 0.191514 0.216184 0.208895 0.119277 0.0267654 0.00198756 4.07432e-05 1.9756e-07 2.02265e-10 3.82253e-14 1.17732e-18 5.37814e-24 3.45014e-30 3.01796e-37 3.5349e-45
 1.378e-41 1.91258e-33 3.20874e-26 6.50727e-20 1.59518e-14 4.72681e-10 1.69307e-06 0.00073304 0.0383664 0.243448 0.217788 0.192188 0.179374 0.102438 0.0238008 0.00182447 3.80478e-05 1.78737e-07 1.64226e-10 2.64343e-14 6.89279e-19 2.72407e-24 1.54318e-30 1.1994e-37 1.23969e-45
#spawning biomass
 15482.5 26228.6 45951.4 60086.5 76236.8 80899.1 99270.7 123373 145629 191418 212702 279884 385966 317064 297856 322248 282347 341834 361352 412060 424068 455864 473317 501554 583952 436588 351035 340604 397616 411804 6281.22 6281.22 6281.22 6281.22 6281.22 6281.22 6281.22 6281.22 6281.22 6281.22 6281.22 6281.22 6281.22 6281.22 6281.22 6281.22 6281.22 6281.22 6281.22 6281.22 6281.22 6281.22 6281.22 6281.22 6281.22 6281.22 6281.22 6281.22 6281.22 6281.22 6281.22 6281.22 6281.22 6281.22 6281.22 6281.22 6281.22 6281.22 6281.22 6281.22 6281.22 6281.22 6281.22 6281.22 6281.22 6281.22 6281.22 6281.22 6281.22 6281.22 6281.22 6281.22 6281.22 6281.22 6281.22 6281.22 6281.22 6281.22 6281.22 6281.22 6281.22 6281.22 6281.22 6281.22 6281.22 6281.22 6281.22 6281.22 6281.22 6281.22 6281.22 6281.22 6281.22 6281.22 6281.22 6281.22 6281.22 6281.22 6281.22 6281.22 6281.22 6281.22 6281.22 6281.22 6281.22 6281.22 6281.22 6281.22 6281.22 6281.22 6281.22 6281.22 6281.22 6281.22 6281.22 6281.22 6281.22 6281.22 6281.22 0 0 0 0 0 0 0 0 0 0 0 0 0 0 0 0 0 0 0 0 0 0 0 0 0
