SBPRF35
0.178135
Curr Bio
129648
B35
193834
F35
0.945954
FOFL
0.509376
OFL
19142.5
Bzero
50895.7
#pred survey bio
 4560.42 5653.72 9036.17 15030.3 28611.6 33695.8 32438.8 38584.2 58730.2 82248.8 101466 129945 176519 206048 186551 167052 147804 150214 145279 153471 156888 166544 195573 199015 242320 194627 173743 153980 4.66372e+06 3.02396e+06 1.91832e+06 1.10388e+06 749405 604387 540814 509635 492723 482928 477059 473488 471303 469966 469144 468633 468328 468144 468034 467967 467927 467903 467889 467880 467874 467871 467869 467868 467867 467867 467867 467867 467867 467866 467866 467866 467866 467866 467866 467866 467866 467866 467866 467866 467866 467866 467866 467866 467866 467866 467866 467866 467866 467866 467866 467866 467866 467866 467866 467866 467866 467866 467866 467866 467866 467866 467866 467866 467866 467866 467866 467866 467866 467866 467866 467866 467866 467866 467866 467866 467866 467866 467866 467866 467866 467866 467866 467866 467866 467866 467866 467866 467866 467866 467866 467866 467866 467866 467866 467866 0 0 0 0 0 0 0 0 0 0 0 0 0 0 0 0 0 0 0 0 0 0 0 0 0
#obs survey bio
 3684.5 5455.52 8092.14 10822.6 29837.7 18298.1 21676.6 35996.2 51802.2 69267.2 58582 102640 225905 172800 98275.7 129781 99463.8 123646 106467 146100 184435 129933 121953 169572 141394 203142 95938.8 127393
#pred catch bio
 1711.48 2161.68 3544.94 4833.69 11708.9 14970.6 16295.2 17460.1 26128.3 38511.7 48807.8 61540.9 83788.2 114780 106723 100275 81720.7 86572.4 82949.1 89827 91573.1 88995.1 121589 104668 163997 125080 111917 108732 19142.5 54867.3 35867.9 17113.4 9923.94 7678.73 7035.03 6859.95 6814.05 6802.33 6799.4 6798.67 6798.5 6798.45 6798.44 6798.44 6798.44 6798.44 6798.44 6798.44 6798.44 6798.44 6798.44 6798.44 6798.44 6798.44 6798.44 6798.44 6798.44 6798.44 6798.44 6798.44 6798.44 6798.44 6798.44 6798.44 6798.44 6798.44 6798.44 6798.44 6798.44 6798.44 6798.44 6798.44 6798.44 6798.44 6798.44 6798.44 6798.44 6798.44 6798.44 6798.44 6798.44 6798.44 6798.44 6798.44 6798.44 6798.44 6798.44 6798.44 6798.44 6798.44 6798.44 6798.44 6798.44 6798.44 6798.44 6798.44 6798.44 6798.44 6798.44 6798.44 6798.44 6798.44 6798.44 6798.44 6798.44 6798.44 6798.44 6798.44 6798.44 6798.44 6798.44 6798.44 6798.44 6798.44 6798.44 6798.44 6798.44 6798.44 6798.44 6798.44 6798.44 6798.44 6798.44 6798.44 6798.44 6798.44 6798.44 6798.44 0 0 0 0 0 0 0 0 0 0 0 0 0 0 0 0 0 0 0 0 0 0 0 0 0
#obs catch bio
 2000.06 2112.75 3368.95 4571.17 10491.9 13799.1 17495.5 16834 23106.6 35859.8 47292.6 58320.4 70296.7 98326.8 112912 105446 80677.6 81861.4 75161.4 87600.9 80593.7 81217.1 111810 94518.5 156866 112232 112642 107609
#pred cpue bio
 3005.3 2986.99 4238.86 6890.26 13158.9 18319.4 18818 18191.8 26354.6 38936.7 49776 61342.1 81784.3 103436 94855.2 83271.6 70852.3 72478.2 69340.7 70619.4 72053.7 75193.8 90318.8 86408.3 111419 86007.5 77843 68961.6 1.88496e+06 2.1947e+06 1.70378e+06 949102 597794 452937 389373 358195 341282 331488 325618 322047 319863 318525 317703 317193 316887 316704 316594 316527 316487 316463 316448 316439 316434 316431 316429 316428 316427 316427 316426 316426 316426 316426 316426 316426 316426 316426 316426 316426 316426 316426 316426 316426 316426 316426 316426 316426 316426 316426 316426 316426 316426 316426 316426 316426 316426 316426 316426 316426 316426 316426 316426 316426 316426 316426 316426 316426 316426 316426 316426 316426 316426 316426 316426 316426 316426 316426 316426 316426 316426 316426 316426 316426 316426 316426 316426 316426 316426 316426 316426 316426 316426 316426 316426 316426 316426 316426 316426 316426 0 0 0 0 0 0 0 0 0 0 0 0 0 0 0 0 0 0 0 0 0 0 0 0 0
#obs cpue bio
 2320.57 4596.28 5553.22 11355.1 26995.8 27270.2 21219.8 29587.6 55104 50762.5 85035 114237 172975 179561 92917.8 106363 109664 127738 140427 76119.8 124203 118967 211430 143700 232643 131468 110958 102677
#pred surv len freq
 1.53856e-11 1.66996e-09 1.06877e-07 4.0332e-06 8.97438e-05 0.00117748 0.00911006 0.0415769 0.112116 0.180139 0.179604 0.13067 0.0964686 0.0765693 0.0535774 0.0347197 0.02325 0.0159726 0.0113681 0.0085434 0.00689113 0.00602758 0.0053899 0.00423628 0.00249818
 1.74995e-11 1.89941e-09 1.21562e-07 4.58736e-06 0.000102074 0.00133926 0.0103615 0.0472839 0.127442 0.204254 0.20123 0.139912 0.0945403 0.0696205 0.0450231 0.0254519 0.0140971 0.00764032 0.00416991 0.00246826 0.00163522 0.00122539 0.000995576 0.000755548 0.000446861
 1.83028e-11 1.98659e-09 1.27141e-07 4.79792e-06 0.00010676 0.00140072 0.0108371 0.0494524 0.133267 0.21343 0.209507 0.143569 0.0939001 0.0665513 0.0404606 0.0202379 0.00952865 0.00430112 0.00182424 0.000776917 0.000362738 0.000201682 0.000134408 9.26468e-05 5.30425e-05
 1.82821e-11 1.98435e-09 1.26998e-07 4.79251e-06 0.000106639 0.00139915 0.0108249 0.0493976 0.13313 0.21329 0.209753 0.144747 0.0959246 0.0682186 0.0406664 0.0192366 0.00825798 0.00329611 0.00116423 0.000380334 0.000123453 4.36093e-05 1.91965e-05 1.03917e-05 5.38888e-06
 1.8414e-11 1.99866e-09 1.27914e-07 4.82707e-06 0.000107408 0.00140924 0.0109029 0.0497525 0.134072 0.214684 0.210579 0.143877 0.0935435 0.0660732 0.0402127 0.0200834 0.00917471 0.00373948 0.00127475 0.00037536 9.94647e-05 2.45698e-05 6.32107e-06 2.02506e-06 7.87639e-07
 1.46429e-11 1.58935e-09 1.01718e-07 3.83852e-06 8.5412e-05 0.00112065 0.00867093 0.0395843 0.106901 0.17304 0.178548 0.145707 0.126677 0.104903 0.0646643 0.0302213 0.0126312 0.00492017 0.00167118 0.000491193 0.000124627 2.69561e-05 5.10258e-06 9.30978e-07 1.96122e-07
 1.44282e-11 1.56605e-09 1.00227e-07 3.78225e-06 8.41598e-05 0.00110422 0.00854368 0.0390009 0.105291 0.170154 0.17428 0.139081 0.118314 0.100353 0.0690062 0.0403489 0.021213 0.00909032 0.00303102 0.000842361 0.000205878 4.34634e-05 7.68367e-06 1.12869e-06 1.44885e-07
 1.85191e-11 2.01007e-09 1.28644e-07 4.85463e-06 0.000108021 0.00141728 0.010965 0.0500346 0.134811 0.215702 0.21079 0.141939 0.0896815 0.062813 0.0397962 0.0219893 0.011498 0.00539058 0.00213256 0.000698315 0.000182905 3.80263e-05 6.43734e-06 8.93348e-07 9.98865e-08
 1.83957e-11 1.99667e-09 1.27787e-07 4.82228e-06 0.000107302 0.00140784 0.0108921 0.0497044 0.133957 0.214621 0.211082 0.145696 0.0964526 0.0680428 0.0394616 0.0174887 0.00692599 0.00270097 0.000993208 0.000333958 9.80191e-05 2.34663e-05 4.36195e-06 6.17041e-07 6.65892e-08
 1.74868e-11 1.89802e-09 1.21473e-07 4.58401e-06 0.000102 0.00133828 0.0103541 0.0472533 0.127404 0.204551 0.203207 0.145717 0.103834 0.0771365 0.0458551 0.0208154 0.00827164 0.00296325 0.0008877 0.000230896 5.71367e-05 1.33012e-05 2.66558e-06 4.21296e-07 4.95549e-08
 1.69887e-11 1.84396e-09 1.18013e-07 4.45345e-06 9.90949e-05 0.00130017 0.0100593 0.0459098 0.123808 0.198984 0.19866 0.145088 0.106883 0.0813861 0.0494602 0.0233927 0.00983199 0.0036701 0.00111374 0.00027683 5.88623e-05 1.09054e-05 1.81114e-06 2.68358e-07 3.28451e-08
 1.77971e-11 1.93171e-09 1.23629e-07 4.66537e-06 0.00010381 0.00136203 0.0105378 0.0480896 0.129632 0.207905 0.205495 0.144607 0.0996358 0.0729309 0.0441729 0.0212708 0.00921002 0.00355038 0.00112177 0.000292536 6.40572e-05 1.15203e-05 1.69023e-06 2.06088e-07 2.12271e-08
 1.79374e-11 1.94694e-09 1.24604e-07 4.70216e-06 0.000104629 0.00137277 0.0106209 0.0484685 0.13065 0.209518 0.206989 0.14537 0.0996665 0.0723142 0.042886 0.0197013 0.00804282 0.00300832 0.000954904 0.000255833 5.8256e-05 1.0933e-05 1.64734e-06 1.95916e-07 1.81886e-08
 1.63567e-11 1.77536e-09 1.13623e-07 4.28777e-06 9.54083e-05 0.0012518 0.00968527 0.044206 0.119259 0.192043 0.193472 0.145892 0.113194 0.0883969 0.0533467 0.0243889 0.00978438 0.00355388 0.00107806 0.000274356 6.07164e-05 1.14683e-05 1.781e-06 2.19624e-07 2.08073e-08
 1.61748e-11 1.75562e-09 1.12359e-07 4.24009e-06 9.43474e-05 0.00123788 0.00957762 0.0437153 0.117944 0.189998 0.191757 0.145511 0.114086 0.0898296 0.0547933 0.0255996 0.010534 0.00384293 0.00113425 0.000272865 5.62881e-05 9.95297e-06 1.47776e-06 1.8001e-07 1.73205e-08
 1.65713e-11 1.79865e-09 1.15113e-07 4.34402e-06 9.666e-05 0.00126822 0.00981228 0.0447844 0.120803 0.194394 0.195207 0.145546 0.110944 0.0859591 0.0520916 0.0241851 0.00989359 0.00361208 0.00107514 0.000260591 5.31513e-05 9.01611e-06 1.25447e-06 1.42759e-07 1.30626e-08
 1.70957e-11 1.85558e-09 1.18757e-07 4.48151e-06 9.97192e-05 0.00130836 0.0101227 0.0461994 0.124592 0.200273 0.200078 0.146438 0.108084 0.081719 0.0482041 0.0211599 0.00797866 0.00273125 0.000779585 0.000182582 3.63653e-05 6.09399e-06 8.34653e-07 9.16825e-08 7.93165e-09
 1.70462e-11 1.8502e-09 1.18413e-07 4.46853e-06 9.94304e-05 0.00130457 0.0100934 0.0460656 0.124232 0.1997 0.199533 0.14612 0.108003 0.0819047 0.0487143 0.0218137 0.00844798 0.00292014 0.000817853 0.000183536 3.47887e-05 5.59699e-06 7.44786e-07 8.02167e-08 6.80567e-09
 1.71662e-11 1.86322e-09 1.19246e-07 4.49998e-06 0.00010013 0.00131375 0.0101644 0.0463893 0.1251 0.201055 0.200694 0.146451 0.10754 0.0810527 0.0477501 0.0209249 0.00785473 0.00266008 0.000741808 0.000166533 3.1226e-05 4.86702e-06 6.17736e-07 6.34174e-08 5.18134e-09
 1.7825e-11 1.93473e-09 1.23823e-07 4.67268e-06 0.000103973 0.00136416 0.0105543 0.0481658 0.129848 0.20834 0.206336 0.146258 0.101943 0.0743928 0.0434158 0.0189677 0.00709343 0.00238317 0.000654293 0.00014354 2.63594e-05 4.05999e-06 5.09425e-07 5.1068e-08 4.01433e-09
 1.76663e-11 1.9175e-09 1.2272e-07 4.63107e-06 0.000103047 0.00135202 0.0104604 0.0477383 0.128712 0.206645 0.205263 0.147095 0.104496 0.0767926 0.0441155 0.0183182 0.00628939 0.00196433 0.000517256 0.000109943 1.95419e-05 2.91476e-06 3.55363e-07 3.48308e-08 2.68786e-09
 1.79966e-11 1.95336e-09 1.25015e-07 4.71766e-06 0.000104974 0.0013773 0.0106559 0.048629 0.13109 0.210283 0.208022 0.146804 0.101396 0.0732691 0.0420504 0.0176334 0.00614845 0.00192327 0.000491708 9.8103e-05 1.61364e-05 2.25928e-06 2.63157e-07 2.48523e-08 1.85749e-09
 1.77057e-11 1.92179e-09 1.22994e-07 4.64141e-06 0.000103277 0.00135504 0.0104838 0.0478444 0.128991 0.207038 0.205394 0.146512 0.103293 0.0758311 0.0441293 0.0190331 0.00695607 0.00227676 0.000604438 0.000125433 2.12018e-05 2.93575e-06 3.25425e-07 2.88298e-08 2.03643e-09
 1.85141e-11 2.00953e-09 1.28609e-07 4.85331e-06 0.000107992 0.0014169 0.0109622 0.0500246 0.134824 0.216038 0.212607 0.147075 0.097639 0.0684433 0.0384231 0.0154632 0.00502733 0.00148273 0.00037227 7.49494e-05 1.2473e-05 1.73058e-06 1.9379e-07 1.71057e-08 1.17055e-09
 1.76938e-11 1.92049e-09 1.22911e-07 4.63829e-06 0.000103208 0.00135413 0.0104767 0.0478124 0.128908 0.206933 0.205419 0.146867 0.103931 0.0763132 0.0440721 0.0185858 0.00652895 0.00204953 0.000521047 0.000102148 1.62881e-05 2.18309e-06 2.40283e-07 2.11677e-08 1.45745e-09
 1.80585e-11 1.96008e-09 1.25445e-07 4.73389e-06 0.000105335 0.00138204 0.0106926 0.0487967 0.131548 0.211059 0.208984 0.147974 0.102677 0.0738238 0.0410953 0.0157377 0.00459514 0.00119467 0.00027177 4.96887e-05 7.40002e-06 9.23534e-07 9.47529e-08 7.84219e-09 5.17018e-10
 1.78688e-11 1.93949e-09 1.24127e-07 4.68417e-06 0.000104229 0.00136752 0.0105803 0.0482852 0.13018 0.20895 0.207308 0.147888 0.104076 0.0756154 0.0424392 0.0165324 0.00498786 0.0013296 0.000295638 4.94289e-05 6.35141e-06 6.81016e-07 6.23382e-08 4.73183e-09 2.89176e-10
 1.78991e-11 1.94278e-09 1.24338e-07 4.69212e-06 0.000104405 0.00136984 0.0105983 0.0483668 0.130397 0.209278 0.207531 0.147779 0.103667 0.0752086 0.0422824 0.0165829 0.00507749 0.00137892 0.000312025 5.32323e-05 6.9554e-06 7.32314e-07 6.17724e-08 4.10012e-09 2.16949e-10
#obs surv len freq
 1.28639e-11 1.39626e-09 8.93603e-08 3.37218e-06 7.50356e-05 0.00098452 0.00761793 0.034784 0.0940185 0.152754 0.159914 0.135772 0.124833 0.111845 0.0819025 0.0507462 0.027232 0.0119467 0.00415336 0.00113681 0.000239216 3.7392e-05 4.20261e-06 3.29505e-07 1.753e-08
 1.83884e-11 1.99589e-09 1.27737e-07 4.82039e-06 0.00010726 0.00140729 0.0108879 0.049685 0.133891 0.214327 0.209577 0.140729 0.0878736 0.0621957 0.042319 0.0254917 0.0133255 0.00566722 0.00189822 0.000496948 9.93273e-05 1.4651e-05 1.5443e-06 1.12924e-07 5.57634e-09
 1.56183e-11 1.69522e-09 1.08494e-07 4.09423e-06 9.1102e-05 0.00119532 0.00924889 0.0422264 0.114058 0.184587 0.189366 0.149338 0.12048 0.0935485 0.055628 0.025239 0.00995819 0.00358782 0.00110808 0.000274644 5.20134e-05 7.23134e-06 7.14339e-07 4.87112e-08 2.23401e-09
 1.80931e-11 1.96384e-09 1.25685e-07 4.74298e-06 0.000105537 0.0013847 0.0107135 0.0488963 0.13185 0.21163 0.209178 0.145311 0.0954677 0.0674257 0.0424303 0.0220961 0.00945015 0.00311643 0.000767942 0.000147383 2.29242e-05 2.81003e-06 2.54238e-07 1.60623e-08 6.83015e-10
 1.65954e-11 1.80127e-09 1.15281e-07 4.35037e-06 9.68015e-05 0.0012701 0.00982755 0.0448674 0.121163 0.19575 0.198802 0.150549 0.112688 0.0828401 0.0483445 0.0218947 0.00836746 0.00269869 0.00068538 0.000130489 1.8167e-05 1.8321e-06 1.34059e-07 7.07596e-09 2.6236e-10
 7.23696e-12 7.85505e-10 5.02723e-08 1.89714e-06 4.22155e-05 0.000553995 0.00429005 0.0196582 0.053973 0.0936111 0.122102 0.155997 0.188159 0.170104 0.108829 0.0532673 0.0211014 0.00651265 0.00150072 0.000259305 3.37912e-05 3.23398e-06 2.18463e-07 1.01201e-08 3.16612e-10
 1.59396e-11 1.7301e-09 1.10726e-07 4.17846e-06 9.29763e-05 0.00121991 0.00943879 0.0430841 0.116228 0.186828 0.185486 0.13088 0.092134 0.0796812 0.0693934 0.0491561 0.0250444 0.0087718 0.00213588 0.000370718 4.61667e-05 4.07735e-06 2.51546e-07 1.06743e-08 3.05681e-10
 1.80232e-11 1.95624e-09 1.25199e-07 4.72465e-06 0.00010513 0.00137938 0.0106731 0.0487261 0.131534 0.211951 0.212085 0.151127 0.0997265 0.0657454 0.0368257 0.0176089 0.008014 0.00325056 0.000999416 0.000211344 2.96638e-05 2.74391e-06 1.67587e-07 6.76117e-09 1.79381e-10
 1.59502e-11 1.73125e-09 1.108e-07 4.18125e-06 9.30392e-05 0.00122078 0.00944725 0.0431546 0.116777 0.190057 0.197491 0.156698 0.120566 0.0862216 0.0479995 0.0204899 0.00712777 0.00205343 0.000488543 9.50621e-05 1.41487e-05 1.46876e-06 9.9884e-08 4.32196e-09 1.17695e-10
 1.47039e-11 1.59597e-09 1.02142e-07 3.85453e-06 8.57698e-05 0.00112543 0.00871024 0.0398044 0.107885 0.176666 0.187471 0.15654 0.128245 0.0964195 0.0572901 0.0266499 0.00977123 0.00269746 0.000543074 8.09716e-05 9.19694e-06 7.94162e-07 4.99953e-08 2.16309e-09 6.11114e-11
 1.42524e-11 1.54697e-09 9.90059e-08 3.7362e-06 8.31372e-05 0.00109091 0.00844367 0.0385965 0.10471 0.172006 0.184172 0.156397 0.130036 0.0990723 0.06056 0.0294528 0.011319 0.00326539 0.000680076 0.000100783 1.05183e-05 7.6542e-07 3.86835e-08 1.35483e-09 3.25192e-11
 1.67289e-11 1.81577e-09 1.16209e-07 4.3854e-06 9.75823e-05 0.00128041 0.00990903 0.0452665 0.122475 0.198919 0.204024 0.154075 0.109266 0.0759335 0.0452029 0.0219552 0.00848972 0.00248282 0.000528973 8.04266e-05 8.53374e-06 6.16501e-07 2.97301e-08 9.44596e-10 1.96098e-11
 1.5281e-11 1.65861e-09 1.06151e-07 4.00585e-06 8.9138e-05 0.00116968 0.00905405 0.0413955 0.112358 0.18463 0.196798 0.162559 0.126428 0.0878292 0.0478026 0.0204004 0.00707113 0.00194224 0.000402371 6.05287e-05 6.4009e-06 4.61705e-07 2.2156e-08 6.93706e-10 1.39563e-11
 1.28765e-11 1.39762e-09 8.94479e-08 3.37554e-06 7.51143e-05 0.000985749 0.00763306 0.0349451 0.0953171 0.159388 0.179318 0.165803 0.145079 0.108481 0.0625744 0.0278758 0.0095632 0.0024384 0.000452551 6.11019e-05 5.94566e-06 4.05399e-07 1.87221e-08 5.69026e-10 1.11389e-11
 1.22143e-11 1.32575e-09 8.48479e-08 3.20196e-06 7.12527e-05 0.000935113 0.00724201 0.0331705 0.0906094 0.152154 0.172909 0.162586 0.145592 0.113658 0.0705206 0.0341126 0.0124528 0.0032836 0.000611422 7.97449e-05 7.2145e-06 4.46629e-07 1.86525e-08 5.17649e-10 9.38666e-12
 1.3688e-11 1.48571e-09 9.50855e-08 3.5883e-06 7.98492e-05 0.0010479 0.00811445 0.0371448 0.101213 0.168274 0.184862 0.161181 0.132918 0.0993734 0.0610399 0.0298229 0.0111761 0.00306584 0.000595883 8.01816e-05 7.3103e-06 4.4325e-07 1.7626e-08 4.54836e-10 7.54711e-12
 1.35681e-11 1.4727e-09 9.4253e-08 3.5569e-06 7.91523e-05 0.00103883 0.00804603 0.036859 0.100671 0.168532 0.188228 0.167688 0.137705 0.0982106 0.0558824 0.0252209 0.00892733 0.00237967 0.000459329 6.21829e-05 5.73027e-06 3.50091e-07 1.38909e-08 3.52495e-10 5.65527e-12
 1.39812e-11 1.51753e-09 9.71223e-08 3.66519e-06 8.15629e-05 0.00107049 0.00829169 0.0379876 0.103747 0.173443 0.192311 0.167854 0.134258 0.0942971 0.0531215 0.0233593 0.00783635 0.00194274 0.000348389 4.43886e-05 3.91711e-06 2.32421e-07 9.02956e-09 2.24947e-10 3.53738e-12
 1.41553e-11 1.53643e-09 9.83325e-08 3.71089e-06 8.25811e-05 0.00108391 0.00839698 0.0384867 0.105227 0.176337 0.196093 0.170567 0.133818 0.0910385 0.0493782 0.0208622 0.0067246 0.00159537 0.000270681 3.21878e-05 2.6298e-06 1.44554e-07 5.23862e-09 1.22853e-10 1.83374e-12
 1.41657e-11 1.53756e-09 9.84047e-08 3.71364e-06 8.26443e-05 0.00108482 0.0084056 0.0385469 0.105538 0.177409 0.19826 0.172722 0.134176 0.0895539 0.0473554 0.0193241 0.00595583 0.0013417 0.000215193 2.40869e-05 1.8422e-06 9.41811e-08 3.1563e-09 6.82278e-11 9.38589e-13
 1.43486e-11 1.55742e-09 9.96759e-08 3.76164e-06 8.37144e-05 0.00109893 0.00851639 0.039071 0.107068 0.180237 0.201436 0.174158 0.132769 0.0866074 0.0446919 0.0176935 0.00524606 0.00112752 0.000171187 1.80108e-05 1.28776e-06 6.13071e-08 1.90731e-09 3.81626e-11 4.84576e-13
 1.47961e-11 1.60598e-09 1.02784e-07 3.87898e-06 8.63275e-05 0.00113329 0.0087836 0.0403052 0.110472 0.185816 0.206433 0.175052 0.129132 0.0813391 0.0405497 0.0154565 0.00439228 0.000900876 0.000129852 1.28905e-05 8.64306e-07 3.83839e-08 1.10933e-09 2.05555e-11 2.41172e-13
 1.45476e-11 1.57902e-09 1.0106e-07 3.81395e-06 8.48843e-05 0.0011145 0.00864125 0.0396932 0.10909 0.184683 0.207746 0.178581 0.131574 0.081038 0.0389176 0.0141582 0.00382142 0.000742594 0.000101139 9.45437e-06 5.94724e-07 2.46896e-08 6.64718e-10 1.14375e-11 1.24267e-13
 1.44975e-11 1.57358e-09 1.00712e-07 3.8009e-06 8.45977e-05 0.00111086 0.00861564 0.0396045 0.109026 0.185169 0.209178 0.179959 0.13164 0.0801106 0.0378648 0.0134217 0.00347932 0.000641183 8.20976e-05 7.17734e-06 4.21032e-07 1.62711e-08 4.07201e-10 6.5032e-12 6.54806e-14
 1.44581e-11 1.56931e-09 1.00439e-07 3.79069e-06 8.4375e-05 0.0011081 0.00859737 0.0395556 0.109109 0.186029 0.211238 0.181879 0.131611 0.0784692 0.0361521 0.0124312 0.00310923 0.0005494 6.69269e-05 5.5176e-06 3.02752e-07 1.08779e-08 2.52141e-10 3.72182e-12 3.46e-14
 1.31848e-11 1.43111e-09 9.15963e-08 3.45714e-06 7.69628e-05 0.00101118 0.00785449 0.0362492 0.100795 0.175239 0.207042 0.188388 0.142035 0.0855479 0.0389438 0.0130563 0.00315465 0.000534935 6.21956e-05 4.86744e-06 2.52096e-07 8.50115e-09 1.83947e-10 2.52273e-12 2.17074e-14
 1.33451e-11 1.44852e-09 9.27116e-08 3.49932e-06 7.79057e-05 0.00102368 0.00795313 0.0367145 0.102089 0.177183 0.207938 0.186859 0.139738 0.0846243 0.0389863 0.0131125 0.00312305 0.00051339 5.7171e-05 4.2502e-06 2.07899e-07 6.59248e-09 1.33656e-10 1.71199e-12 1.37175e-14
 1.34743e-11 1.46255e-09 9.36109e-08 3.5334e-06 7.86721e-05 0.00103399 0.00803728 0.0371427 0.103488 0.180116 0.211541 0.188437 0.137758 0.0809553 0.0362273 0.0118977 0.00278127 0.000449127 4.88771e-05 3.51692e-06 1.64704e-07 4.95289e-09 9.45393e-11 1.13428e-12 8.48271e-15
#pred catch len freq
 9.45495e-12 1.02624e-09 6.56795e-08 2.47854e-06 5.5151e-05 0.000723625 0.00559946 0.0255742 0.0692263 0.113353 0.123065 0.116367 0.12113 0.114658 0.0873444 0.0612881 0.0434457 0.030637 0.0220448 0.0166373 0.0134378 0.011758 0.0105149 0.00826445 0.00487365
 1.24367e-11 1.34988e-09 8.63922e-08 3.26017e-06 7.25432e-05 0.000951813 0.00736477 0.0336268 0.0908858 0.147708 0.155198 0.133974 0.125879 0.111716 0.0781388 0.0472791 0.0276913 0.0154424 0.00853906 0.00508427 0.00337517 0.0025306 0.00205622 0.0015605 0.000922945
 1.38258e-11 1.50065e-09 9.60417e-08 3.62432e-06 8.06458e-05 0.00105812 0.00818717 0.037378 0.100972 0.163673 0.169974 0.141581 0.126814 0.108083 0.0705059 0.0373492 0.0185953 0.00866785 0.0037305 0.0016003 0.000749533 0.000417163 0.000278077 0.000191684 0.000109744
 1.34262e-11 1.45728e-09 9.32658e-08 3.51956e-06 7.83149e-05 0.00102754 0.00795071 0.0363018 0.0981102 0.159405 0.167267 0.143689 0.133367 0.114686 0.0734334 0.0369195 0.016917 0.00703107 0.00253075 0.000835189 0.000272549 9.64893e-05 4.25032e-05 2.30116e-05 1.19335e-05
 1.41269e-11 1.53334e-09 9.81336e-08 3.70326e-06 8.24023e-05 0.00108117 0.00836543 0.0381906 0.10315 0.167065 0.172852 0.142339 0.125686 0.106519 0.0694704 0.0366257 0.0176067 0.00738569 0.00255113 0.000756868 0.000201434 4.98622e-05 1.28393e-05 4.11453e-06 1.60043e-06
 9.677e-12 1.05035e-09 6.7222e-08 2.53675e-06 5.64465e-05 0.000740638 0.00573171 0.0261923 0.0710915 0.117953 0.135187 0.144862 0.165336 0.152696 0.0981473 0.0480602 0.0212406 0.00857945 0.0029627 0.000878083 0.000223776 4.85028e-05 9.19e-06 1.67747e-06 3.53437e-07
 9.614e-12 1.04351e-09 6.67844e-08 2.52024e-06 5.60789e-05 0.000735809 0.00569411 0.0260149 0.0705349 0.116427 0.130711 0.134047 0.149375 0.142456 0.10332 0.0636283 0.0348089 0.0152014 0.0051155 0.00143093 0.00035124 7.43089e-05 1.31485e-05 1.93216e-06 2.48064e-07
 1.44816e-11 1.57184e-09 1.00598e-07 3.79625e-06 8.44714e-05 0.00110831 0.00857529 0.0391448 0.105675 0.170734 0.174682 0.138891 0.117456 0.099034 0.0675265 0.0393809 0.0214953 0.0102974 0.00411331 0.00135373 0.000355494 7.40043e-05 1.25367e-05 1.74043e-06 1.94632e-07
 1.44237e-11 1.56555e-09 1.00195e-07 3.78105e-06 8.41333e-05 0.00110388 0.00854119 0.0389933 0.105323 0.17063 0.176735 0.145944 0.128773 0.107165 0.0657706 0.0303766 0.0126443 0.00510946 0.0019094 0.000646548 0.000190354 4.56293e-05 8.48606e-06 1.20072e-06 1.29593e-07
 1.33106e-11 1.44474e-09 9.24629e-08 3.48926e-06 7.76407e-05 0.0010187 0.00788237 0.0359915 0.0972965 0.158282 0.167018 0.145771 0.137535 0.118206 0.0738947 0.0349214 0.0145344 0.00537072 0.00163216 0.00042792 0.000106416 2.48297e-05 4.97988e-06 7.87282e-07 9.26129e-08
 1.27096e-11 1.3795e-09 8.82879e-08 3.33171e-06 7.41351e-05 0.000972705 0.0075266 0.0343699 0.0929518 0.151529 0.161361 0.144544 0.1405 0.122856 0.0784368 0.0386888 0.0170138 0.00653136 0.00200713 0.000502362 0.000107292 1.9926e-05 3.31304e-06 4.9113e-07 6.01212e-08
 1.37299e-11 1.49025e-09 9.53759e-08 3.59919e-06 8.00867e-05 0.00105079 0.00813051 0.037121 0.100302 0.162782 0.169956 0.143849 0.131214 0.112077 0.071764 0.036102 0.016342 0.00646926 0.00206853 0.000542974 0.000119368 2.15115e-05 3.15921e-06 3.85384e-07 3.97035e-08
 1.39655e-11 1.51582e-09 9.70124e-08 3.66095e-06 8.14609e-05 0.00106882 0.00826999 0.0377573 0.102014 0.165501 0.172516 0.145272 0.131482 0.111185 0.0695412 0.0332648 0.0142043 0.00547152 0.00176013 0.000474794 0.000108533 2.04072e-05 3.07754e-06 3.66157e-07 3.40002e-08
 1.24909e-11 1.35576e-09 8.67687e-08 3.27438e-06 7.28594e-05 0.00095597 0.0073972 0.0337811 0.0913885 0.149214 0.159979 0.145958 0.144413 0.126421 0.079277 0.037411 0.0155726 0.0057976 0.00177853 0.000455264 0.000101103 1.91301e-05 2.97312e-06 3.66751e-07 3.47511e-08
 1.23689e-11 1.34253e-09 8.59214e-08 3.24241e-06 7.2148e-05 0.000946636 0.00732499 0.0334518 0.0905033 0.147815 0.158695 0.145339 0.144462 0.127043 0.0804631 0.0387922 0.0165294 0.00616577 0.00183803 0.000444551 9.20238e-05 1.63025e-05 2.42258e-06 2.9521e-07 2.84095e-08
 1.3111e-11 1.42308e-09 9.10767e-08 3.43695e-06 7.64768e-05 0.00100343 0.00776425 0.0354532 0.0958555 0.156052 0.165199 0.145529 0.138774 0.119928 0.0753574 0.0359709 0.0151717 0.00564937 0.00169642 0.00041307 8.44929e-05 1.43547e-05 1.99874e-06 2.27536e-07 2.0823e-08
 1.3442e-11 1.459e-09 9.33759e-08 3.52372e-06 7.84074e-05 0.00102876 0.0079602 0.0363468 0.0982559 0.159834 0.168609 0.147015 0.138378 0.118195 0.0725317 0.0327796 0.0128075 0.00449894 0.00129959 0.000306186 6.12059e-05 1.02768e-05 1.40882e-06 1.54815e-07 1.3396e-08
 1.35539e-11 1.47114e-09 9.41529e-08 3.55304e-06 7.90598e-05 0.00103732 0.00802638 0.0366481 0.0990574 0.161033 0.16939 0.146499 0.136698 0.116608 0.072067 0.0331863 0.013277 0.00469345 0.00132793 0.000299556 5.69748e-05 9.18435e-06 1.22328e-06 1.31807e-07 1.11847e-08
 1.36815e-11 1.48499e-09 9.50392e-08 3.58649e-06 7.98041e-05 0.00104708 0.00810192 0.0369926 0.0999825 0.16249 0.170699 0.147055 0.136515 0.115904 0.0709459 0.0319467 0.0123931 0.0042986 0.00121202 0.000273581 5.14742e-05 8.03853e-06 1.02123e-06 1.04887e-07 8.57135e-09
 1.46896e-11 1.59441e-09 1.02042e-07 3.85076e-06 8.56844e-05 0.00112423 0.0086986 0.039711 0.107249 0.173645 0.179371 0.146866 0.128115 0.105821 0.0642677 0.0288006 0.0110941 0.00380811 0.00105587 0.000232769 4.28796e-05 6.61647e-06 8.3092e-07 8.33302e-08 6.55162e-09
 1.44858e-11 1.5723e-09 1.00627e-07 3.79734e-06 8.44958e-05 0.00110864 0.00857803 0.0391624 0.105792 0.171488 0.17808 0.148176 0.131749 0.109137 0.0650633 0.0276335 0.00976873 0.0031265 0.000833211 0.000178092 3.17619e-05 4.74664e-06 5.79249e-07 5.67998e-08 4.38409e-09
 1.45494e-11 1.5792e-09 1.01068e-07 3.81401e-06 8.48666e-05 0.0011135 0.00861565 0.0393336 0.106247 0.172166 0.178507 0.147836 0.130727 0.108199 0.0648396 0.0279477 0.0100904 0.00324589 0.000841026 0.000168867 2.78943e-05 3.91618e-06 4.56776e-07 4.31644e-08 3.22706e-09
 1.4836e-11 1.6103e-09 1.03059e-07 3.88913e-06 8.65382e-05 0.00113543 0.00878525 0.040106 0.108308 0.175294 0.180768 0.147219 0.127477 0.104753 0.0631609 0.0278309 0.0104301 0.0034786 0.000931565 0.000194125 3.29016e-05 4.56335e-06 5.06273e-07 4.48704e-08 3.17016e-09
 1.52378e-11 1.65391e-09 1.0585e-07 3.99446e-06 8.88818e-05 0.00116618 0.00902309 0.0411903 0.111216 0.179839 0.184691 0.148427 0.126079 0.102007 0.0599042 0.0247253 0.00831206 0.0025274 0.000644587 0.000130709 2.18461e-05 3.03888e-06 3.40729e-07 3.00941e-08 2.05996e-09
 1.53061e-11 1.66133e-09 1.06325e-07 4.01237e-06 8.92803e-05 0.00117141 0.00906351 0.0413741 0.111701 0.180536 0.185001 0.14765 0.12435 0.100577 0.0598287 0.0256347 0.00917436 0.00292278 0.000748265 0.000147169 2.35177e-05 3.15652e-06 3.47676e-07 3.06389e-08 2.1099e-09
 1.55373e-11 1.68642e-09 1.07931e-07 4.07298e-06 9.06289e-05 0.0011891 0.0092004 0.0419988 0.113384 0.183233 0.187644 0.149406 0.125158 0.100044 0.0574525 0.0223081 0.00663431 0.00176056 0.000405423 7.45245e-05 1.11313e-05 1.39173e-06 1.42926e-07 1.18346e-08 7.80398e-10
 1.52887e-11 1.65944e-09 1.06204e-07 4.00781e-06 8.9179e-05 0.00117008 0.00905327 0.0413283 0.111591 0.180466 0.185431 0.14925 0.126927 0.102352 0.059238 0.0234148 0.00720139 0.00195814 0.000440226 7.39498e-05 9.52879e-06 1.02394e-06 9.38557e-08 7.12884e-09 4.35791e-10
 1.58569e-11 1.72112e-09 1.10151e-07 4.15677e-06 9.24934e-05 0.00121356 0.00938958 0.0428604 0.115684 0.186731 0.190211 0.148846 0.121735 0.0963585 0.0555831 0.0220467 0.00684491 0.00188497 0.000429794 7.3563e-05 9.63025e-06 1.01538e-06 8.57246e-08 5.6925e-09 3.01279e-10
#obs catch len freq
 1.08708e-11 1.17992e-09 7.55147e-08 2.84969e-06 6.34097e-05 0.000831992 0.00643819 0.0294081 0.0796327 0.130523 0.141863 0.133488 0.137255 0.129046 0.0963179 0.0605865 0.0329535 0.0146381 0.00515831 0.00143271 0.000306158 4.86426e-05 5.56183e-06 4.43839e-07 2.40341e-08
 1.11869e-11 1.21423e-09 7.77106e-08 2.93256e-06 6.52537e-05 0.00085619 0.00662553 0.0302651 0.0819623 0.134348 0.145762 0.135758 0.13699 0.126721 0.0932836 0.0576448 0.0305871 0.013179 0.00447699 0.00118995 0.000241519 3.61753e-05 3.87178e-06 2.87434e-07 1.44079e-08
 1.72315e-11 1.87032e-09 1.197e-07 4.51712e-06 0.000100512 0.00131876 0.0102033 0.0465677 0.125575 0.201638 0.199844 0.140795 0.096377 0.0725335 0.0501147 0.0301204 0.0155465 0.00648378 0.00211875 0.0005378 0.000103522 1.46109e-05 1.46467e-06 1.01299e-07 4.70894e-09
 1.44077e-11 1.56382e-09 1.00084e-07 3.77688e-06 8.40408e-05 0.00110269 0.0085327 0.0389683 0.105399 0.171585 0.180191 0.151452 0.131419 0.104655 0.0621761 0.0280602 0.0109734 0.0038871 0.00117089 0.000280998 5.11741e-05 6.79813e-06 6.37874e-07 4.10968e-08 1.77268e-09
 1.7194e-11 1.86624e-09 1.19439e-07 4.50727e-06 0.000100293 0.0013159 0.0101816 0.0464764 0.125416 0.201943 0.202204 0.146448 0.103063 0.075622 0.0478179 0.0247032 0.0103823 0.00334359 0.000802438 0.00014942 2.23845e-05 2.62092e-06 2.24974e-07 1.34138e-08 5.35971e-10
 1.5723e-11 1.70659e-09 1.09221e-07 4.12168e-06 9.17133e-05 0.00120336 0.00931163 0.0425224 0.11495 0.186522 0.19259 0.152608 0.120749 0.090549 0.0526891 0.0236565 0.00890824 0.00280732 0.000692011 0.000127174 1.70049e-05 1.63892e-06 1.13943e-07 5.67755e-09 1.97624e-10
 6.55173e-12 7.11129e-10 4.55123e-08 1.71752e-06 3.82191e-05 0.000501583 0.00388526 0.0178241 0.0491699 0.0867784 0.118418 0.159257 0.195133 0.175387 0.111105 0.0537027 0.0208596 0.00627112 0.0014019 0.00023388 2.92391e-05 2.668e-06 1.70977e-07 7.48079e-09 2.20083e-10
 1.5286e-11 1.65915e-09 1.06186e-07 4.00712e-06 8.91639e-05 0.00116989 0.00905218 0.0413257 0.111555 0.179763 0.180176 0.130956 0.0968629 0.0859981 0.0745466 0.0517248 0.0256326 0.00870733 0.00205049 0.000342662 4.08682e-05 3.4392e-06 2.01178e-07 8.05598e-09 2.16794e-10
 1.75589e-11 1.90586e-09 1.21975e-07 4.60296e-06 0.000102423 0.00134387 0.0103988 0.0474823 0.128265 0.207224 0.209261 0.152786 0.10406 0.0693453 0.0386875 0.0183786 0.00823693 0.00324326 0.000958889 0.000194018 2.5968e-05 2.28304e-06 1.32041e-07 5.02484e-09 1.25277e-10
 1.55225e-11 1.68483e-09 1.07829e-07 4.06914e-06 9.05451e-05 0.00118808 0.00919481 0.0420128 0.113803 0.185893 0.195413 0.15894 0.124885 0.0892425 0.0491179 0.0206505 0.00703653 0.00197503 0.0004554 8.51229e-05 1.20571e-05 1.18414e-06 7.59392e-08 3.09135e-09 7.90219e-11
 1.43315e-11 1.55555e-09 9.95549e-08 3.75692e-06 8.35983e-05 0.00109696 0.00849064 0.0388134 0.105323 0.173168 0.18597 0.158839 0.132113 0.0989382 0.0580588 0.0265214 0.009475 0.00253376 0.000492407 7.05755e-05 7.65735e-06 6.2686e-07 3.71616e-08 1.50719e-09 3.98132e-11
 1.39544e-11 1.51462e-09 9.69354e-08 3.65807e-06 8.13993e-05 0.00106813 0.00826816 0.0378072 0.102691 0.169355 0.183336 0.158668 0.133284 0.100928 0.0608801 0.0290394 0.0108581 0.0030287 0.000607004 8.61374e-05 8.56594e-06 5.91187e-07 2.8197e-08 9.27014e-10 2.07824e-11
 1.65306e-11 1.79424e-09 1.14832e-07 4.33341e-06 9.64261e-05 0.00126526 0.00979242 0.0447437 0.121151 0.197239 0.203661 0.155797 0.111483 0.0770588 0.0452491 0.0215346 0.00809444 0.00228661 0.000468093 6.80065e-05 6.85916e-06 4.68952e-07 2.13201e-08 6.36337e-10 1.23665e-11
 1.51305e-11 1.64228e-09 1.05106e-07 3.96641e-06 8.82612e-05 0.0011582 0.0089661 0.0410066 0.111417 0.183652 0.197243 0.164664 0.12818 0.0879869 0.0471114 0.0197064 0.00664665 0.00176333 0.000350645 5.03298e-05 5.0507e-06 3.44131e-07 1.55396e-08 4.56366e-10 8.58858e-12
 1.27759e-11 1.3867e-09 8.87492e-08 3.34918e-06 7.45288e-05 0.000978109 0.007575 0.0346957 0.0947738 0.159116 0.180534 0.168286 0.14661 0.108053 0.0612007 0.0266245 0.00885548 0.00217724 0.000387871 4.99847e-05 4.6134e-06 2.96739e-07 1.28732e-08 3.66345e-10 6.69743e-12
 1.21758e-11 1.32157e-09 8.45809e-08 3.1919e-06 7.10298e-05 0.000932234 0.00722086 0.0330898 0.0905189 0.152573 0.174637 0.165081 0.14687 0.112955 0.0687381 0.0323884 0.0114337 0.00290016 0.00051705 6.42411e-05 5.50851e-06 3.21699e-07 1.26188e-08 3.27643e-10 5.5409e-12
 1.37018e-11 1.48721e-09 9.51817e-08 3.59194e-06 7.99314e-05 0.00104903 0.0081242 0.0372039 0.101485 0.169184 0.186781 0.163311 0.133625 0.0983328 0.0592044 0.0281628 0.0101982 0.00268681 0.000498797 6.37741e-05 5.49944e-06 3.14148e-07 1.17273e-08 2.83167e-10 4.38355e-12
 1.36163e-11 1.47792e-09 9.45876e-08 3.56955e-06 7.9435e-05 0.00104259 0.00807643 0.0370148 0.101217 0.169909 0.190557 0.169761 0.137816 0.0965102 0.0537826 0.0236403 0.00808742 0.00206937 0.000381065 4.89325e-05 4.25615e-06 2.44471e-07 9.09058e-09 2.15609e-10 3.22575e-12
 1.40693e-11 1.5271e-09 9.77348e-08 3.68833e-06 8.20792e-05 0.00107732 0.00834589 0.0382521 0.104581 0.17524 0.194883 0.169773 0.134002 0.0922582 0.0507874 0.0216972 0.00702348 0.00167043 0.000285722 3.45113e-05 2.87117e-06 1.59901e-07 5.81112e-09 1.35069e-10 1.97766e-12
 1.42742e-11 1.54933e-09 9.91583e-08 3.74207e-06 8.32769e-05 0.00109311 0.00846962 0.0388366 0.106295 0.178495 0.198898 0.172327 0.133122 0.0886314 0.0469228 0.0192413 0.00597678 0.00135809 0.000219467 2.4719e-05 1.90303e-06 9.81278e-08 3.32345e-09 7.26226e-11 1.00773e-12
 1.43152e-11 1.55379e-09 9.94439e-08 3.75289e-06 8.35197e-05 0.00109638 0.00849672 0.0389824 0.10684 0.179928 0.201304 0.17436 0.133104 0.0868041 0.0447345 0.0176918 0.00524832 0.00113119 0.000172615 1.82805e-05 1.31618e-06 6.30789e-08 1.97478e-09 3.97607e-11 5.08242e-13
 1.45246e-11 1.57651e-09 1.00898e-07 3.80782e-06 8.47444e-05 0.00111253 0.0086234 0.03958 0.10857 0.183049 0.204637 0.175631 0.131361 0.0836025 0.0419831 0.0160858 0.00458457 0.000941597 0.000135865 1.35121e-05 9.08766e-07 4.05292e-08 1.17718e-09 2.19287e-11 2.58645e-13
 1.49911e-11 1.62715e-09 1.0414e-07 3.93017e-06 8.74692e-05 0.00114836 0.00890212 0.0408672 0.112113 0.188815 0.209671 0.176295 0.127415 0.0781847 0.0378762 0.013955 0.00380751 0.000745386 0.000101993 9.56133e-06 6.02551e-07 2.50518e-08 6.75609e-10 1.16503e-11 1.26925e-13
 1.47637e-11 1.60248e-09 1.02561e-07 3.87068e-06 8.61499e-05 0.00113121 0.0087728 0.0403172 0.110908 0.187966 0.211172 0.179687 0.129491 0.0775988 0.0361734 0.0127073 0.00328976 0.000609534 7.87267e-05 6.94304e-06 4.10158e-07 1.59297e-08 3.99976e-10 6.40205e-12 6.4568e-14
 1.4733e-11 1.59915e-09 1.02349e-07 3.86274e-06 8.59776e-05 0.0011291 0.00875916 0.0402846 0.110998 0.188683 0.212733 0.180956 0.129323 0.0764758 0.035032 0.0119718 0.00297313 0.000521925 6.33253e-05 5.21926e-06 2.87322e-07 1.03809e-08 2.4214e-10 3.59544e-12 3.35918e-14
 1.47067e-11 1.5963e-09 1.02168e-07 3.856e-06 8.58331e-05 0.00112738 0.00874925 0.0402759 0.111195 0.189715 0.21487 0.182737 0.129059 0.0746973 0.0333145 0.0110311 0.00263997 0.000443837 5.118e-05 3.97475e-06 2.04561e-07 6.86869e-09 1.48339e-10 2.03505e-12 1.75479e-14
 1.3456e-11 1.46056e-09 9.34825e-08 3.52844e-06 7.85555e-05 0.00103228 0.00802115 0.0370437 0.103112 0.179358 0.211102 0.189307 0.139127 0.0813118 0.0358069 0.0115481 0.00266704 0.000429843 4.72593e-05 3.48085e-06 1.68966e-07 5.32185e-09 1.07252e-10 1.36681e-12 1.09076e-14
 1.36282e-11 1.47925e-09 9.46799e-08 3.57372e-06 7.95683e-05 0.00104571 0.00812714 0.0375428 0.104493 0.181414 0.212055 0.187793 0.136829 0.0802949 0.0357116 0.0115325 0.00262196 0.000409282 4.30652e-05 3.0109e-06 1.37939e-07 4.08287e-09 7.70565e-11 9.16787e-13 6.81093e-15
#spawning biomass
 4132.93 4875.12 7606.48 12621.5 23990.8 29997.5 29100.8 32396.2 49138.5 69993.5 87175.6 110119 149045 178746 162360 144458 126544 128763 124223 129681 132818 140154 165569 165686 205089 163319 146353 129648 108848 137073 77727 38538.4 24074.5 19576.3 18287.3 17936.7 17844.8 17821.3 17815.4 17814 17813.6 17813.5 17813.5 17813.5 17813.5 17813.5 17813.5 17813.5 17813.5 17813.5 17813.5 17813.5 17813.5 17813.5 17813.5 17813.5 17813.5 17813.5 17813.5 17813.5 17813.5 17813.5 17813.5 17813.5 17813.5 17813.5 17813.5 17813.5 17813.5 17813.5 17813.5 17813.5 17813.5 17813.5 17813.5 17813.5 17813.5 17813.5 17813.5 17813.5 17813.5 17813.5 17813.5 17813.5 17813.5 17813.5 17813.5 17813.5 17813.5 17813.5 17813.5 17813.5 17813.5 17813.5 17813.5 17813.5 17813.5 17813.5 17813.5 17813.5 17813.5 17813.5 17813.5 17813.5 17813.5 17813.5 17813.5 17813.5 17813.5 17813.5 17813.5 17813.5 17813.5 17813.5 17813.5 17813.5 17813.5 17813.5 17813.5 17813.5 17813.5 17813.5 17813.5 17813.5 17813.5 17813.5 17813.5 17813.5 0 0 0 0 0 0 0 0 0 0 0 0 0 0 0 0 0 0 0 0 0 0 0 0 0
