SBPRF35
0.0491019
Curr Bio
191738
B35
93198.3
F35
8.53652
FOFL
8.53652
OFL
198275
Bzero
14010
#pred survey bio
 4660.36 4785.37 7134.38 12330.2 21846.1 29779.6 25288.3 27615.5 44870.8 63880 76811.6 97435.1 121804 142959 138124 132142 123174 123294 113346 114871 114635 126632 141880 150358 144838 152253 147133 128401 3.44753e+06 1.05306e+06 298520 161994 114113 97071.3 91072.3 88989.1 88274.4 88031.6 87949.8 87922.4 87913.3 87910.2 87909.2 87908.9 87908.8 87908.8 87908.8 87908.8 87908.7 87908.7 87908.7 87908.7 87908.7 87908.7 87908.7 87908.7 87908.7 87908.7 87908.7 87908.7 87908.7 87908.7 87908.7 87908.7 87908.7 87908.7 87908.7 87908.7 87908.7 87908.7 87908.7 87908.7 87908.7 87908.7 87908.7 87908.7 87908.7 87908.7 87908.7 87908.7 87908.7 87908.7 87908.7 87908.7 87908.7 87908.7 87908.7 87908.7 87908.7 87908.7 87908.7 87908.7 87908.7 87908.7 87908.7 87908.7 87908.7 87908.7 87908.7 87908.7 87908.7 87908.7 87908.7 87908.7 87908.7 87908.7 87908.7 87908.7 87908.7 87908.7 87908.7 87908.7 87908.7 87908.7 87908.7 87908.7 87908.7 87908.7 87908.7 87908.7 87908.7 87908.7 87908.7 87908.7 87908.7 87908.7 87908.7 87908.7 0 0 0 0 0 0 0 0 0 0 0 0 0 0 0 0 0 0 0 0 0 0 0 0 0
#obs survey bio
 3529.86 6248.14 8684.81 14588.2 23948 19730.5 17839.8 41892.8 51182.7 61633.6 73135 74537.2 119741 118542 181160 125097 126493 176749 94088.7 101666 117507 140213 107008 149262 133160 156569 204164 96470.8
#pred catch bio
 1340.54 2008.96 2997.91 5364.79 8909.97 15835 13800.3 13251.7 22776.9 35473 42108.8 62189.5 77412.9 98090.4 89508.6 86365.4 74772.2 87622 79012.6 84337.9 81529.2 94122 110671 125943 113446 120095 124232 77624.2 198275 21379.9 4620.48 4618.65 4618.65 4618.65 4618.65 4618.65 4618.65 4618.65 4618.65 4618.65 4618.65 4618.65 4618.65 4618.65 4618.65 4618.65 4618.65 4618.65 4618.65 4618.65 4618.65 4618.65 4618.65 4618.65 4618.65 4618.65 4618.65 4618.65 4618.65 4618.65 4618.65 4618.65 4618.65 4618.65 4618.65 4618.65 4618.65 4618.65 4618.65 4618.65 4618.65 4618.65 4618.65 4618.65 4618.65 4618.65 4618.65 4618.65 4618.65 4618.65 4618.65 4618.65 4618.65 4618.65 4618.65 4618.65 4618.65 4618.65 4618.65 4618.65 4618.65 4618.65 4618.65 4618.65 4618.65 4618.65 4618.65 4618.65 4618.65 4618.65 4618.65 4618.65 4618.65 4618.65 4618.65 4618.65 4618.65 4618.65 4618.65 4618.65 4618.65 4618.65 4618.65 4618.65 4618.65 4618.65 4618.65 4618.65 4618.65 4618.65 4618.65 4618.65 4618.65 4618.65 4618.65 4618.65 4618.65 4618.65 0 0 0 0 0 0 0 0 0 0 0 0 0 0 0 0 0 0 0 0 0 0 0 0 0
#obs catch bio
 2173.55 2134.42 2981.49 5441.59 8703.44 16829.9 15842.4 13197 21537.3 35292.3 41221.5 65738.5 73409.1 102326 93315.1 89604.6 69674.4 85570 77483 82119.1 77592.8 91542 108062 120884 106483 114971 115424 74877.9
#pred cpue bio
 4549.2 4426 6447.76 11166.2 19614 29175.3 24826.9 24825 40792.7 59508.9 72196.7 89523.9 111805 134311 131281 125862 117317 116997 106341 107438 106673 116427 130167 138691 133418 140220 138251 118414 3.27307e+06 1.16421e+06 289945 151691 103767 86723.2 80724.2 78641 77926.3 77683.5 77601.7 77574.3 77565.1 77562.1 77561.1 77560.8 77560.7 77560.6 77560.6 77560.6 77560.6 77560.6 77560.6 77560.6 77560.6 77560.6 77560.6 77560.6 77560.6 77560.6 77560.6 77560.6 77560.6 77560.6 77560.6 77560.6 77560.6 77560.6 77560.6 77560.6 77560.6 77560.6 77560.6 77560.6 77560.6 77560.6 77560.6 77560.6 77560.6 77560.6 77560.6 77560.6 77560.6 77560.6 77560.6 77560.6 77560.6 77560.6 77560.6 77560.6 77560.6 77560.6 77560.6 77560.6 77560.6 77560.6 77560.6 77560.6 77560.6 77560.6 77560.6 77560.6 77560.6 77560.6 77560.6 77560.6 77560.6 77560.6 77560.6 77560.6 77560.6 77560.6 77560.6 77560.6 77560.6 77560.6 77560.6 77560.6 77560.6 77560.6 77560.6 77560.6 77560.6 77560.6 77560.6 77560.6 77560.6 77560.6 77560.6 77560.6 0 0 0 0 0 0 0 0 0 0 0 0 0 0 0 0 0 0 0 0 0 0 0 0 0
#obs cpue bio
 3941.97 3270.99 5354.17 9244.09 20974.6 22723.6 23046.3 23216.4 51320.3 49649.4 83954.6 82825 188336 99036.2 85566 127000 191512 83847.4 124744 144606 127488 112482 184302 183022 183642 152556 162298 144600
#pred surv len freq
 1.23598e-11 1.34154e-09 8.58583e-08 3.24003e-06 7.20948e-05 0.000945927 0.0073191 0.0334154 0.0902751 0.146398 0.152344 0.127816 0.116282 0.102544 0.0733381 0.0471609 0.0308685 0.0204584 0.0139463 0.0100357 0.00775598 0.00651392 0.0056381 0.00433988 0.00252939
 1.60229e-11 1.73913e-09 1.11304e-07 4.20026e-06 9.34611e-05 0.00122625 0.00948753 0.0433019 0.116799 0.187916 0.18854 0.140214 0.106827 0.0841608 0.0542703 0.0295122 0.0158982 0.00872317 0.00486913 0.00286135 0.00182333 0.00129719 0.00100549 0.000739393 0.000429644
 1.71105e-11 1.85719e-09 1.1886e-07 4.48539e-06 9.98056e-05 0.00130949 0.0101315 0.046239 0.124695 0.200404 0.200047 0.145983 0.107187 0.0807412 0.0475268 0.0209665 0.0083355 0.0034482 0.00148261 0.000668541 0.000324846 0.000177864 0.00011244 7.39381e-05 4.11743e-05
 1.70238e-11 1.84777e-09 1.18257e-07 4.46264e-06 9.92994e-05 0.00130285 0.0100801 0.0460055 0.124076 0.1995 0.199568 0.146747 0.109117 0.0826574 0.048389 0.0208016 0.00766843 0.00268809 0.00087004 0.000272476 9.09507e-05 3.41999e-05 1.52864e-05 7.95e-06 3.9592e-06
 1.73672e-11 1.88504e-09 1.20642e-07 4.55267e-06 0.000101303 0.00132913 0.0102834 0.0469315 0.126551 0.203299 0.202517 0.146671 0.106244 0.0792424 0.0461876 0.0198235 0.007275 0.00250433 0.000763459 0.000204102 5.00594e-05 1.19937e-05 3.17759e-06 1.0487e-06 4.00086e-07
 1.3154e-11 1.42774e-09 9.13755e-08 3.44823e-06 7.67277e-05 0.00100672 0.00778979 0.0355711 0.0961916 0.156739 0.166569 0.148272 0.142596 0.122222 0.0737865 0.031855 0.0116798 0.00401207 0.00121728 0.000319225 7.31888e-05 1.45464e-05 2.58242e-06 4.61251e-07 9.85562e-08
 1.28461e-11 1.39432e-09 8.92361e-08 3.3675e-06 7.49313e-05 0.000983151 0.00760742 0.0347386 0.0939435 0.153103 0.162835 0.145341 0.140606 0.122275 0.0770853 0.0370138 0.0158095 0.00603502 0.00190284 0.000502495 0.000114518 2.21335e-05 3.56379e-06 4.81106e-07 5.80985e-08
 1.72793e-11 1.8755e-09 1.20032e-07 4.52963e-06 0.00010079 0.0013224 0.0102313 0.0466933 0.125901 0.202187 0.201096 0.144851 0.104148 0.0781389 0.0472996 0.0224636 0.00970832 0.00392715 0.00138477 0.000415411 0.000103111 2.05983e-05 3.30796e-06 4.2613e-07 4.36942e-08
 1.68806e-11 1.83223e-09 1.17263e-07 4.42513e-06 9.84646e-05 0.0012919 0.00999545 0.04562 0.123051 0.197964 0.198563 0.147395 0.111247 0.0846817 0.0490069 0.0203276 0.00711421 0.00246463 0.0008298 0.000257086 6.966e-05 1.55651e-05 2.74517e-06 3.71517e-07 3.80673e-08
 1.58129e-11 1.71634e-09 1.09846e-07 4.14523e-06 9.22367e-05 0.00121019 0.0093635 0.042741 0.115357 0.186164 0.189454 0.147808 0.120493 0.0956761 0.0561887 0.0235368 0.0082083 0.00266914 0.00077344 0.000199751 4.84535e-05 1.07661e-05 2.02838e-06 3.01711e-07 3.36788e-08
 1.53827e-11 1.66964e-09 1.06857e-07 4.03244e-06 8.9727e-05 0.00117727 0.00910883 0.0415806 0.112254 0.18139 0.185688 0.147711 0.123808 0.0998014 0.0591182 0.0251373 0.00899426 0.0029937 0.000871375 0.000216097 4.67249e-05 8.84852e-06 1.47641e-06 2.12743e-07 2.4769e-08
 1.64089e-11 1.78103e-09 1.13986e-07 4.30146e-06 9.57129e-05 0.0012558 0.00971622 0.0443475 0.119645 0.192702 0.194306 0.14694 0.114369 0.0889345 0.0525328 0.0227216 0.0084005 0.00288822 0.000863531 0.00021946 4.78914e-05 8.77522e-06 1.33035e-06 1.67357e-07 1.74236e-08
 1.64959e-11 1.79047e-09 1.1459e-07 4.32427e-06 9.62204e-05 0.00126246 0.00976775 0.0445831 0.120286 0.193772 0.195565 0.14833 0.115786 0.0894762 0.0513382 0.0204512 0.00653261 0.00198728 0.00057339 0.000148337 3.33822e-05 6.27498e-06 9.58616e-07 1.16958e-07 1.12231e-08
 1.54521e-11 1.67718e-09 1.07339e-07 4.05066e-06 9.01323e-05 0.00118258 0.00915 0.0417688 0.112766 0.18225 0.186721 0.148898 0.125063 0.100342 0.0581925 0.0232691 0.00739977 0.00216942 0.000570708 0.000129995 2.66388e-05 4.88246e-06 7.57778e-07 9.44942e-08 9.11562e-09
 1.48872e-11 1.61587e-09 1.03415e-07 3.90257e-06 8.68372e-05 0.00113935 0.00881565 0.0402456 0.108695 0.17601 0.181913 0.149144 0.129986 0.10614 0.0618871 0.0248461 0.00795373 0.0023475 0.000617232 0.000137434 2.63471e-05 4.34362e-06 6.09682e-07 7.20975e-08 6.90745e-09
 1.47449e-11 1.60041e-09 1.02426e-07 3.86525e-06 8.60068e-05 0.00112846 0.00873136 0.0398612 0.107662 0.174378 0.18042 0.148433 0.13005 0.106827 0.0631608 0.0263444 0.00905764 0.00286157 0.000779078 0.000175961 3.38141e-05 5.47631e-06 7.2889e-07 7.89499e-08 6.89407e-09
 1.47463e-11 1.60057e-09 1.02436e-07 3.86562e-06 8.60151e-05 0.00112857 0.0087322 0.039865 0.107672 0.174393 0.18043 0.148425 0.13002 0.106777 0.0630982 0.0263012 0.00907115 0.00291813 0.000829835 0.000199917 4.07376e-05 6.82098e-06 9.16559e-07 9.7897e-08 8.18194e-09
 1.49062e-11 1.61792e-09 1.03547e-07 3.90753e-06 8.69477e-05 0.0011408 0.00882681 0.0402957 0.108819 0.176113 0.181569 0.147744 0.127695 0.10452 0.0623177 0.0267198 0.00967603 0.00324282 0.000940682 0.000230514 4.8548e-05 8.56436e-06 1.21863e-06 1.35857e-07 1.15686e-08
 1.55166e-11 1.68418e-09 1.07787e-07 4.06756e-06 9.05084e-05 0.00118752 0.00918816 0.0419426 0.11323 0.182959 0.187253 0.14882 0.124417 0.0995923 0.0577161 0.0230931 0.00740809 0.00225202 0.000641811 0.000162121 3.53604e-05 6.41227e-06 9.42038e-07 1.09782e-07 9.83219e-09
 1.5665e-11 1.70029e-09 1.08818e-07 4.10647e-06 9.13741e-05 0.00119888 0.00927601 0.0423429 0.1143 0.184607 0.188555 0.148865 0.123298 0.0982155 0.0567714 0.0225889 0.00711895 0.00206984 0.000543133 0.000123607 2.51307e-05 4.5154e-06 6.80274e-07 8.1857e-08 7.58422e-09
 1.59117e-11 1.72706e-09 1.10532e-07 4.17112e-06 9.28127e-05 0.00121775 0.00942199 0.0430082 0.116081 0.187359 0.190785 0.149118 0.121698 0.0960474 0.0550031 0.0213925 0.00643073 0.00177209 0.000447829 9.79163e-05 1.86046e-05 3.05183e-06 4.24887e-07 4.93732e-08 4.60341e-09
 1.64352e-11 1.78388e-09 1.14168e-07 4.30835e-06 9.58663e-05 0.00125781 0.00973183 0.0444196 0.119851 0.193128 0.195175 0.148707 0.11686 0.0905007 0.0516794 0.0202096 0.00614678 0.00170279 0.000422387 8.84486e-05 1.5947e-05 2.48197e-06 3.23982e-07 3.47358e-08 3.00273e-09
 1.65393e-11 1.79518e-09 1.14891e-07 4.33565e-06 9.64736e-05 0.00126578 0.00979347 0.0447007 0.120605 0.194309 0.196206 0.149058 0.116555 0.089824 0.0508126 0.0193459 0.00555208 0.00143953 0.000345665 7.19463e-05 1.28626e-05 1.94512e-06 2.42133e-07 2.45117e-08 1.98453e-09
 1.63185e-11 1.77122e-09 1.13358e-07 4.27777e-06 9.51858e-05 0.00124888 0.0096628 0.0441056 0.119017 0.191893 0.194438 0.149463 0.118951 0.0924052 0.0521301 0.0195304 0.00537996 0.00131029 0.000295278 5.76142e-05 9.72242e-06 1.42173e-06 1.73829e-07 1.71824e-08 1.33678e-09
 1.63857e-11 1.77851e-09 1.13824e-07 4.29537e-06 9.55774e-05 0.00125402 0.00970255 0.0442868 0.119504 0.192655 0.195107 0.1497 0.118771 0.091983 0.0515739 0.0189649 0.00498251 0.00112729 0.00023746 4.3588e-05 6.86549e-06 9.34381e-07 1.07095e-07 1.00847e-08 7.60092e-10
 1.63837e-11 1.7783e-09 1.13811e-07 4.29487e-06 9.55662e-05 0.00125388 0.0097014 0.0442814 0.119487 0.19261 0.194978 0.149391 0.118318 0.0917016 0.051742 0.0194275 0.00536912 0.00129894 0.000281429 5.0182e-05 7.39767e-06 9.33577e-07 9.93473e-08 8.68612e-09 6.10996e-10
 1.54917e-11 1.68147e-09 1.07614e-07 4.06102e-06 9.0363e-05 0.00118561 0.00917344 0.0418762 0.113062 0.182775 0.187476 0.150031 0.126474 0.101105 0.0574549 0.0215488 0.00592601 0.00143274 0.00031626 5.888e-05 9.11063e-06 1.16738e-06 1.20157e-07 9.83538e-09 6.4071e-10
 1.63317e-11 1.77265e-09 1.13449e-07 4.28123e-06 9.52628e-05 0.0012499 0.00967062 0.0441413 0.119114 0.192051 0.194605 0.149608 0.119065 0.0924226 0.051982 0.0192839 0.0051794 0.00121075 0.000260797 4.80809e-05 7.47984e-06 9.82639e-07 1.05052e-07 8.84292e-09 5.72934e-10
#obs surv len freq
 1.28784e-11 1.39783e-09 8.94611e-08 3.37599e-06 7.51203e-05 0.000985631 0.00762653 0.0348232 0.094124 0.152922 0.160073 0.135863 0.124855 0.111799 0.0817851 0.0505916 0.0270968 0.0118617 0.00411413 0.00112358 0.000235975 3.6817e-05 4.12991e-06 3.23126e-07 1.71524e-08
 1.83661e-11 1.99347e-09 1.27582e-07 4.81455e-06 0.00010713 0.00140558 0.0108747 0.0496249 0.13373 0.214073 0.209352 0.140643 0.0879239 0.0623368 0.042512 0.0256815 0.0134573 0.00573239 0.00192162 0.000503036 0.000100455 1.47973e-05 1.55739e-06 1.13707e-07 5.60624e-09
 1.5623e-11 1.69573e-09 1.08526e-07 4.09545e-06 9.11293e-05 0.00119568 0.00925165 0.042239 0.114091 0.184634 0.189382 0.149277 0.120358 0.0934526 0.0556206 0.0252937 0.0100186 0.00362603 0.0011247 0.000279703 5.30801e-05 7.38564e-06 7.29491e-07 4.97083e-08 2.27736e-09
 1.80696e-11 1.96128e-09 1.25522e-07 4.7368e-06 0.0001054 0.0013829 0.0106996 0.0488329 0.13168 0.21137 0.208978 0.145313 0.0956495 0.0676434 0.0425837 0.0221802 0.0094913 0.0031344 0.000774575 0.000149328 2.33465e-05 2.87403e-06 2.60763e-07 1.64998e-08 7.02023e-10
 1.65938e-11 1.80111e-09 1.15271e-07 4.34996e-06 9.67925e-05 0.00126998 0.00982663 0.0448632 0.121151 0.195727 0.198762 0.150485 0.112618 0.082819 0.0483992 0.0219785 0.00842695 0.00272513 0.00069359 0.000132356 1.84813e-05 1.87107e-06 1.37545e-07 7.29288e-09 2.71385e-10
 7.22374e-12 7.84069e-10 5.01804e-08 1.89367e-06 4.21384e-05 0.000552982 0.00428221 0.0196224 0.053876 0.0934523 0.121933 0.15586 0.188082 0.170148 0.109009 0.0534816 0.0212497 0.00658116 0.00152309 0.000264497 3.46325e-05 3.32763e-06 2.25567e-07 1.04855e-08 3.29267e-10
 1.59675e-11 1.73312e-09 1.10919e-07 4.18575e-06 9.31386e-05 0.00122203 0.00945526 0.0431592 0.116431 0.187149 0.185786 0.131032 0.0921124 0.0794834 0.0690736 0.048863 0.0248801 0.00871378 0.00212284 0.000368947 4.60528e-05 4.0803e-06 2.52654e-07 1.07608e-08 3.09197e-10
 1.79842e-11 1.95201e-09 1.24929e-07 4.71442e-06 0.000104902 0.0013764 0.01065 0.0486209 0.131252 0.211512 0.211707 0.151009 0.0998528 0.0660034 0.0371352 0.0179023 0.00822357 0.00335622 0.0010354 0.000219431 3.08574e-05 2.86031e-06 1.75134e-07 7.08634e-09 1.88614e-10
 1.59551e-11 1.73178e-09 1.10834e-07 4.18254e-06 9.30679e-05 0.00122116 0.00945016 0.0431679 0.116813 0.190111 0.197533 0.156699 0.120528 0.0861681 0.0479535 0.020467 0.0071264 0.00205957 0.000492718 9.64484e-05 1.44187e-05 1.50099e-06 1.02275e-07 4.43282e-09 1.2092e-10
 1.46992e-11 1.59546e-09 1.0211e-07 3.85332e-06 8.57428e-05 0.00112507 0.00870749 0.0397919 0.107852 0.176612 0.18742 0.156513 0.128249 0.0964561 0.0573461 0.0266976 0.00979653 0.00270674 0.000545738 8.16018e-05 9.31122e-06 8.08464e-07 5.11508e-08 2.22141e-09 6.29237e-11
 1.42353e-11 1.54511e-09 9.88872e-08 3.73172e-06 8.30375e-05 0.0010896 0.00843356 0.0385504 0.104587 0.171816 0.184014 0.156363 0.130118 0.0992137 0.0607056 0.0295611 0.0113762 0.00328648 0.000685502 0.000101754 1.06396e-05 7.76138e-07 3.93551e-08 1.38407e-09 3.33689e-11
 1.67384e-11 1.81679e-09 1.16274e-07 4.38786e-06 9.76372e-05 0.00128113 0.00991458 0.0452917 0.122541 0.199014 0.204077 0.154024 0.109148 0.0758426 0.0451784 0.0219677 0.00850519 0.00249071 0.000531448 8.09317e-05 8.60106e-06 6.22356e-07 3.00624e-08 9.56927e-10 1.99091e-11
 1.52761e-11 1.65808e-09 1.06117e-07 4.00457e-06 8.91096e-05 0.0011693 0.00905117 0.0413826 0.112325 0.184589 0.196797 0.162638 0.126536 0.0878708 0.0477643 0.0203453 0.00703993 0.00193186 0.000400143 6.02136e-05 6.37209e-06 4.60067e-07 2.21017e-08 6.92819e-10 1.39554e-11
 1.29131e-11 1.4016e-09 8.97025e-08 3.38514e-06 7.53281e-05 0.000988553 0.00765473 0.0350438 0.09558 0.159789 0.179634 0.165835 0.144859 0.108165 0.0622896 0.0276882 0.00947409 0.00240844 0.000445504 5.99612e-05 5.82126e-06 3.96425e-07 1.83005e-08 5.56294e-10 1.08948e-11
 1.22743e-11 1.33227e-09 8.52653e-08 3.21771e-06 7.16031e-05 0.000939712 0.0072776 0.033333 0.0910479 0.152857 0.173584 0.162934 0.145486 0.113107 0.0697796 0.0335406 0.0121719 0.00319162 0.000590914 7.6634e-05 6.89667e-06 4.25002e-07 1.76828e-08 4.89362e-10 8.85701e-12
 1.36869e-11 1.48558e-09 9.50777e-08 3.588e-06 7.98427e-05 0.00104782 0.0081138 0.0371421 0.101208 0.168279 0.184912 0.161299 0.133047 0.0994156 0.0609669 0.0297024 0.0110859 0.00302585 0.000584841 7.82549e-05 7.09635e-06 4.28094e-07 1.69423e-08 4.35286e-10 7.19477e-12
 1.35208e-11 1.46756e-09 9.39241e-08 3.54449e-06 7.88761e-05 0.0010352 0.00801798 0.036731 0.100325 0.167978 0.187701 0.167433 0.137825 0.0986714 0.0564569 0.0256402 0.00912226 0.00243908 0.000471233 6.37315e-05 5.85866e-06 3.56753e-07 1.41031e-08 3.56531e-10 5.69892e-12
 1.39553e-11 1.51472e-09 9.69429e-08 3.65842e-06 8.14122e-05 0.00106851 0.00827642 0.0379182 0.103563 0.173166 0.192103 0.167848 0.13441 0.0944934 0.0532984 0.0234892 0.00790744 0.00196918 0.000354783 4.53744e-05 4.01297e-06 2.3825e-07 9.24939e-09 2.30046e-10 3.60951e-12
 1.41916e-11 1.54038e-09 9.85847e-08 3.7204e-06 8.27929e-05 0.00108669 0.00841842 0.0385839 0.105482 0.176708 0.196331 0.170477 0.133509 0.09074 0.0491966 0.0207826 0.00670038 0.00159103 0.000270441 3.22481e-05 2.64337e-06 1.45766e-07 5.29632e-09 1.24422e-10 1.85864e-12
 1.41768e-11 1.53876e-09 9.84818e-08 3.71655e-06 8.27091e-05 0.00108567 0.00841222 0.0385777 0.105625 0.177571 0.198477 0.172923 0.13422 0.0893727 0.0470837 0.0191332 0.00587556 0.00131993 0.000211289 2.3626e-05 1.80697e-06 9.24678e-08 3.104e-09 6.72344e-11 9.26888e-13
 1.43509e-11 1.55767e-09 9.96918e-08 3.76224e-06 8.37279e-05 0.00109911 0.00851775 0.0390772 0.107085 0.180266 0.201468 0.174185 0.132785 0.0865992 0.0446551 0.01765 0.00521906 0.00111779 0.00016907 1.7727e-05 1.26404e-06 6.00674e-08 1.86687e-09 3.73436e-11 4.74345e-13
 1.47785e-11 1.60407e-09 1.02662e-07 3.87437e-06 8.62249e-05 0.00113194 0.00877315 0.0402572 0.11034 0.185591 0.206189 0.174903 0.129181 0.081578 0.0408216 0.015625 0.00445611 0.000916235 0.000132221 1.31242e-05 8.78957e-07 3.8966e-08 1.12401e-09 2.07914e-11 2.43603e-13
 1.45236e-11 1.57641e-09 1.00893e-07 3.80765e-06 8.47442e-05 0.00111266 0.00862703 0.0396285 0.108917 0.184415 0.207521 0.178532 0.131708 0.0812722 0.0391385 0.0142934 0.00387601 0.000757059 0.000103622 9.72733e-06 6.13753e-07 2.55246e-08 6.87658e-10 1.18302e-11 1.28437e-13
 1.44838e-11 1.5721e-09 1.00617e-07 3.79731e-06 8.45179e-05 0.00110981 0.00860754 0.0395675 0.108927 0.185013 0.209042 0.179923 0.131718 0.0802543 0.0379984 0.0135005 0.0035101 0.000649217 8.34853e-05 7.33311e-06 4.32195e-07 1.67744e-08 4.21325e-10 6.74793e-12 6.80832e-14
 1.44181e-11 1.56496e-09 1.00161e-07 3.7802e-06 8.41417e-05 0.00110504 0.00857369 0.0394476 0.10882 0.185579 0.210859 0.18181 0.131878 0.0788986 0.0365115 0.012619 0.00317289 0.000563614 6.90209e-05 5.71992e-06 3.15441e-07 1.13886e-08 2.65184e-10 3.93096e-12 3.66848e-14
 1.3184e-11 1.43103e-09 9.15913e-08 3.45695e-06 7.69586e-05 0.00101113 0.00785406 0.0362472 0.100789 0.175227 0.207022 0.188363 0.142017 0.0855549 0.0389731 0.0130847 0.00316895 0.000539088 6.29215e-05 4.94519e-06 2.57242e-07 8.71217e-09 1.89301e-10 2.60658e-12 2.25145e-14
 1.33135e-11 1.44509e-09 9.24917e-08 3.49101e-06 7.77209e-05 0.00102126 0.00793435 0.0366285 0.101856 0.176809 0.207602 0.186774 0.139964 0.0850073 0.0392991 0.0132666 0.00317147 0.000523323 5.85081e-05 4.36753e-06 2.14531e-07 6.8309e-09 1.39047e-10 1.78793e-12 1.43788e-14
 1.34782e-11 1.46298e-09 9.36382e-08 3.53443e-06 7.8695e-05 0.00103429 0.00803963 0.0371537 0.103518 0.180169 0.211595 0.188451 0.137711 0.080886 0.036186 0.0118879 0.00278196 0.000450024 4.90846e-05 3.54092e-06 1.66291e-07 5.01524e-09 9.60187e-11 1.15555e-12 8.66811e-15
#pred catch len freq
 1.05009e-11 1.13977e-09 7.29454e-08 2.75274e-06 6.12521e-05 0.000803676 0.00621888 0.0284027 0.0768739 0.125806 0.136247 0.127857 0.131228 0.120479 0.0850407 0.0525562 0.0332395 0.0216986 0.0147162 0.0105727 0.00816749 0.00685892 0.00593662 0.00456965 0.00266331
 1.47783e-11 1.60404e-09 1.02658e-07 3.87401e-06 8.62016e-05 0.00113101 0.00875092 0.0399461 0.107833 0.174176 0.177988 0.140872 0.117835 0.096993 0.0622378 0.0326903 0.0169218 0.00908945 0.00503534 0.00295178 0.00187964 0.00133705 0.00103635 0.000762085 0.00044283
 1.58779e-11 1.72339e-09 1.10297e-07 4.16226e-06 9.26155e-05 0.00121516 0.00940191 0.0429155 0.115816 0.186813 0.189677 0.146859 0.118442 0.0937186 0.0554083 0.0238912 0.00910713 0.0036434 0.00154489 0.000693558 0.000336569 0.000184224 0.000116454 7.65765e-05 4.26435e-05
 1.58321e-11 1.71842e-09 1.09979e-07 4.15025e-06 9.23484e-05 0.00121166 0.00937483 0.0427925 0.115493 0.186365 0.189562 0.147647 0.12008 0.0952669 0.0560079 0.0235772 0.00835429 0.00283189 0.000902276 0.000280797 9.34915e-05 3.51275e-05 1.56983e-05 8.16397e-06 4.06575e-06
 1.60993e-11 1.74742e-09 1.11835e-07 4.2203e-06 9.3907e-05 0.00123211 0.00953298 0.043513 0.117419 0.189321 0.191856 0.147586 0.117844 0.0926167 0.0543129 0.0228373 0.00805798 0.00268315 0.000805393 0.000213981 5.23371e-05 1.25249e-05 3.317e-06 1.09461e-06 4.17592e-07
 1.21887e-11 1.32297e-09 8.46699e-08 3.19518e-06 7.10972e-05 0.000932852 0.00721848 0.0329687 0.0892418 0.146121 0.158568 0.149287 0.151913 0.132728 0.0798416 0.0337057 0.0118787 0.00394655 0.00117894 0.000307269 7.02561e-05 1.39473e-05 2.47496e-06 4.41985e-07 9.44348e-08
 1.19883e-11 1.30122e-09 8.32776e-08 3.14264e-06 6.99281e-05 0.000917512 0.00709976 0.0324262 0.0877696 0.143681 0.155788 0.146417 0.149151 0.131788 0.0823954 0.038416 0.0157682 0.00586478 0.00182895 0.000480634 0.000109263 2.1094e-05 3.39491e-06 4.58232e-07 5.53327e-08
 1.63319e-11 1.77267e-09 1.13451e-07 4.28128e-06 9.52639e-05 0.00124991 0.00967062 0.044139 0.119077 0.191746 0.19315 0.14559 0.1129 0.0881883 0.0533481 0.0246384 0.0102244 0.00402579 0.00140387 0.000419296 0.000103878 2.07349e-05 3.32877e-06 4.28751e-07 4.39602e-08
 1.59774e-11 1.73419e-09 1.10988e-07 4.18834e-06 9.3196e-05 0.00122278 0.00946085 0.0431847 0.116546 0.188016 0.191018 0.148186 0.119724 0.0943517 0.0547393 0.0222815 0.00749835 0.00250289 0.000827868 0.000254909 6.89219e-05 1.53884e-05 2.71327e-06 3.67163e-07 3.76195e-08
 1.50574e-11 1.63434e-09 1.04597e-07 3.94719e-06 8.783e-05 0.00115238 0.00891637 0.0407042 0.109917 0.177852 0.183182 0.148576 0.127745 0.103871 0.0609362 0.0250193 0.00839661 0.00263634 0.000750874 0.000192565 4.65649e-05 1.03338e-05 1.94617e-06 2.89449e-07 3.23089e-08
 1.45757e-11 1.58206e-09 1.01251e-07 3.82091e-06 8.50203e-05 0.00111552 0.00863126 0.0394051 0.106444 0.172511 0.178989 0.148531 0.131553 0.108554 0.0641895 0.0267216 0.00919566 0.00295842 0.000847274 0.000208757 4.5004e-05 8.51133e-06 1.41942e-06 2.04493e-07 2.38072e-08
 1.60817e-11 1.74551e-09 1.11713e-07 4.21569e-06 9.38044e-05 0.00123076 0.00952257 0.0434656 0.117292 0.18912 0.191677 0.147512 0.117875 0.0927268 0.0544892 0.0230284 0.00818272 0.00272278 0.000801854 0.000202548 4.40782e-05 8.06664e-06 1.22233e-06 1.53739e-07 1.60047e-08
 1.61333e-11 1.75111e-09 1.12071e-07 4.22922e-06 9.41054e-05 0.00123471 0.00955315 0.0436056 0.117676 0.189792 0.1926 0.148823 0.119456 0.0935365 0.0535664 0.0209897 0.00646723 0.00189154 0.000534303 0.00013713 3.07677e-05 5.77677e-06 8.82112e-07 1.07605e-07 1.0325e-08
 1.53134e-11 1.66213e-09 1.06376e-07 4.01429e-06 8.93232e-05 0.00117197 0.00906791 0.041395 0.11177 0.180744 0.185664 0.149298 0.12679 0.102107 0.0589482 0.0231708 0.00711064 0.00200677 0.000517035 0.000116778 2.3841e-05 4.36257e-06 6.76691e-07 8.43664e-08 8.13807e-09
 1.45445e-11 1.57867e-09 1.01034e-07 3.81273e-06 8.48381e-05 0.00111313 0.00861281 0.0393217 0.10623 0.172254 0.179139 0.149688 0.133573 0.110053 0.0639526 0.0252387 0.00779509 0.00221522 0.000570653 0.000126024 2.40719e-05 3.96188e-06 5.55718e-07 6.56991e-08 6.29386e-09
 1.44418e-11 1.56752e-09 1.00321e-07 3.7858e-06 8.42389e-05 0.00110527 0.00855199 0.0390443 0.105483 0.171065 0.178005 0.14902 0.133384 0.110394 0.0649406 0.0265405 0.00878468 0.00267972 0.000717006 0.000160802 3.07974e-05 4.97975e-06 6.62355e-07 7.17244e-08 6.26247e-09
 1.42012e-11 1.5414e-09 9.86495e-08 3.72273e-06 8.28356e-05 0.00108685 0.00840959 0.0383955 0.103749 0.168408 0.175961 0.149134 0.135489 0.112846 0.0664572 0.0271522 0.00901334 0.0027983 0.000781921 0.000187073 3.80043e-05 6.35465e-06 8.53415e-07 9.11315e-08 7.61576e-09
 1.49188e-11 1.61929e-09 1.03635e-07 3.91085e-06 8.70214e-05 0.00114177 0.0088343 0.0403301 0.108914 0.17629 0.181855 0.148231 0.128336 0.104888 0.0620245 0.02599 0.00904866 0.00293303 0.000837548 0.000203937 4.28233e-05 7.54444e-06 1.07294e-06 1.19591e-07 1.01826e-08
 1.54351e-11 1.67533e-09 1.07221e-07 4.04618e-06 9.00327e-05 0.00118128 0.0091399 0.041723 0.112646 0.182084 0.18668 0.14919 0.125638 0.100768 0.0581092 0.0228513 0.00706952 0.00206695 0.000576858 0.000144563 3.14341e-05 5.69325e-06 8.36005e-07 9.74069e-08 8.72319e-09
 1.57688e-11 1.71155e-09 1.09539e-07 4.13366e-06 9.19792e-05 0.00120682 0.00933742 0.0426228 0.115051 0.185775 0.189543 0.149107 0.122832 0.0974391 0.0559654 0.0218897 0.0066589 0.00186306 0.000478576 0.000107983 2.1872e-05 3.92354e-06 5.90755e-07 7.10708e-08 6.58438e-09
 1.58923e-11 1.72496e-09 1.10397e-07 4.16604e-06 9.26997e-05 0.00121627 0.00941053 0.0429561 0.115944 0.187164 0.190714 0.149383 0.122257 0.096503 0.0550153 0.0210803 0.00612947 0.00162314 0.000400603 8.67599e-05 1.64196e-05 2.6887e-06 3.74069e-07 4.34567e-08 4.05138e-09
 1.6569e-11 1.7984e-09 1.15097e-07 4.34342e-06 9.66466e-05 0.00126805 0.00981101 0.0447805 0.120817 0.194623 0.196395 0.148872 0.116033 0.0893494 0.0507027 0.0195164 0.00573857 0.00152875 0.000370691 7.69062e-05 1.38092e-05 2.14511e-06 2.79788e-07 2.99886e-08 2.59207e-09
 1.68345e-11 1.82722e-09 1.16942e-07 4.41303e-06 9.81954e-05 0.00128837 0.00996818 0.0454967 0.122734 0.197579 0.198766 0.14906 0.114182 0.0869245 0.0488223 0.0183346 0.00510115 0.00126996 0.00029708 6.11729e-05 1.08889e-05 1.64349e-06 2.04421e-07 2.06876e-08 1.67471e-09
 1.68878e-11 1.83301e-09 1.17312e-07 4.427e-06 9.85064e-05 0.00129245 0.00999974 0.0456406 0.12312 0.198184 0.199294 0.149242 0.114031 0.0865874 0.0483911 0.0179007 0.00479162 0.00112046 0.000245426 4.73085e-05 7.94359e-06 1.15899e-06 1.41574e-07 1.39893e-08 1.08822e-09
 1.669e-11 1.81154e-09 1.15939e-07 4.37516e-06 9.73528e-05 0.00127732 0.0098827 0.0451075 0.121697 0.196022 0.197717 0.149621 0.116199 0.0889104 0.0495556 0.0180365 0.00461958 0.00100389 0.000204921 3.70884e-05 5.80864e-06 7.88525e-07 9.02785e-08 8.49762e-09 6.40369e-10
 1.67203e-11 1.81483e-09 1.16149e-07 4.38309e-06 9.75293e-05 0.00127963 0.0099006 0.0451889 0.121913 0.196335 0.197875 0.149335 0.115522 0.0883344 0.0494941 0.0183542 0.00492893 0.00114566 0.000241467 4.25482e-05 6.23978e-06 7.85319e-07 8.34638e-08 7.29366e-09 5.12948e-10
 1.61428e-11 1.75215e-09 1.12137e-07 4.23171e-06 9.4161e-05 0.00123544 0.00955882 0.043632 0.117754 0.18997 0.193026 0.14977 0.120832 0.0944408 0.0531808 0.0196961 0.00526425 0.0012223 0.000262289 4.82438e-05 7.42731e-06 9.49399e-07 9.76126e-08 7.9863e-09 5.20148e-10
 1.57979e-11 1.71471e-09 1.09742e-07 4.1413e-06 9.21493e-05 0.00120905 0.0093547 0.0427022 0.115271 0.186177 0.190173 0.150146 0.124182 0.0982063 0.0553338 0.0203335 0.00531786 0.00119392 0.000249614 4.54213e-05 7.02828e-06 9.21011e-07 9.83548e-08 8.27554e-09 5.36076e-10
#obs catch len freq
 1.08861e-11 1.18158e-09 7.56211e-08 2.85371e-06 6.34991e-05 0.000833165 0.00644727 0.0294495 0.0797442 0.1307 0.142032 0.133586 0.137276 0.128985 0.0961731 0.0604128 0.0328214 0.0145662 0.00512751 0.00142205 0.000303306 4.80815e-05 5.48383e-06 4.36395e-07 2.35579e-08
 1.11835e-11 1.21386e-09 7.7687e-08 2.93167e-06 6.52339e-05 0.00085593 0.00662351 0.0302559 0.0819388 0.134318 0.145765 0.135846 0.137147 0.126843 0.0932889 0.0575593 0.0304846 0.0131068 0.00444213 0.00117811 0.000238658 3.56809e-05 3.81149e-06 2.82376e-07 1.41235e-08
 1.71997e-11 1.86686e-09 1.19479e-07 4.50877e-06 0.000100326 0.00131632 0.0101844 0.0464818 0.125345 0.201277 0.19953 0.140688 0.0964735 0.0727516 0.0503859 0.0303709 0.0157136 0.00656372 0.00214655 0.0005448 0.000104775 1.47681e-05 1.47824e-06 1.02084e-07 4.73816e-09
 1.44102e-11 1.56409e-09 1.00102e-07 3.77754e-06 8.40556e-05 0.00110288 0.0085342 0.038975 0.105416 0.171607 0.180185 0.151382 0.131302 0.104575 0.0621895 0.028133 0.0110452 0.00393036 0.00118897 0.00028628 5.22402e-05 6.9452e-06 6.51591e-07 4.19508e-08 1.80768e-09
 1.71621e-11 1.86279e-09 1.19218e-07 4.49892e-06 0.000100107 0.00131346 0.0101627 0.0463906 0.125187 0.201594 0.201937 0.146456 0.103311 0.0759155 0.0480243 0.0248156 0.0104359 0.00336577 0.000810112 0.000151533 2.28168e-05 2.68278e-06 2.30925e-07 1.37896e-08 5.51309e-10
 1.57111e-11 1.70529e-09 1.09139e-07 4.11856e-06 9.16438e-05 0.00120245 0.00930457 0.0424902 0.114863 0.186385 0.192463 0.152544 0.120758 0.0906263 0.0528161 0.0237793 0.00898389 0.00283874 0.000701275 0.000129175 1.73235e-05 1.67611e-06 1.17061e-07 5.85902e-09 2.04674e-10
 6.54756e-12 7.10677e-10 4.54834e-08 1.71642e-06 3.81948e-05 0.000501264 0.00388279 0.0178127 0.0491378 0.0867174 0.118319 0.159108 0.194978 0.175352 0.111236 0.0538924 0.0209954 0.00633383 0.00142205 0.000238428 2.99483e-05 2.74343e-06 1.76414e-07 7.74512e-09 2.28694e-10
 1.52904e-11 1.65963e-09 1.06216e-07 4.00828e-06 8.91898e-05 0.00117023 0.00905482 0.0413378 0.111588 0.179824 0.180266 0.131076 0.0969689 0.0859921 0.0744116 0.0515683 0.0255414 0.00867622 0.0020443 0.000342093 4.08952e-05 3.45238e-06 2.02682e-07 8.14564e-09 2.19936e-10
 1.75242e-11 1.90209e-09 1.21733e-07 4.59385e-06 0.00010222 0.00134121 0.0103783 0.0473885 0.128013 0.20683 0.208913 0.152654 0.10414 0.0695646 0.0389841 0.0186719 0.00844514 0.00334528 0.000992329 0.000201217 2.69824e-05 2.37715e-06 1.37824e-07 5.25999e-09 1.31554e-10
 1.55244e-11 1.68503e-09 1.07842e-07 4.06963e-06 9.05561e-05 0.00118822 0.00919592 0.0420179 0.113816 0.185914 0.195432 0.158946 0.124873 0.0892162 0.049089 0.0206363 0.00703896 0.0019822 0.000459591 8.64123e-05 1.2293e-05 1.21065e-06 7.77891e-08 3.17189e-09 8.12163e-11
 1.4324e-11 1.55474e-09 9.95032e-08 3.75497e-06 8.35549e-05 0.00109639 0.00848624 0.0387933 0.105269 0.173084 0.185897 0.158815 0.13214 0.0990017 0.0581328 0.0265769 0.00950251 0.00254334 0.000495014 7.11548e-05 7.75564e-06 6.3836e-07 3.80301e-08 1.54816e-09 4.10022e-11
 1.39363e-11 1.51266e-09 9.68101e-08 3.65334e-06 8.12941e-05 0.00106675 0.00825749 0.0377586 0.102561 0.169155 0.183172 0.158635 0.133376 0.10108 0.0610324 0.0291492 0.010914 0.00304857 0.000611905 8.69751e-05 8.66551e-06 5.99507e-07 2.86873e-08 9.46967e-10 2.13225e-11
 1.6543e-11 1.79559e-09 1.14918e-07 4.33666e-06 9.64982e-05 0.00126621 0.00979973 0.0447769 0.121238 0.197365 0.203734 0.155738 0.11134 0.0769448 0.0452107 0.02154 0.00810653 0.00229311 0.000470123 6.84091e-05 6.91068e-06 4.73219e-07 2.15494e-08 6.44354e-10 1.2549e-11
 1.51302e-11 1.64224e-09 1.05103e-07 3.96631e-06 8.82591e-05 0.00115818 0.00896589 0.0410057 0.111416 0.183659 0.197277 0.164736 0.128247 0.0879842 0.0470466 0.0196417 0.0066136 0.00175295 0.000348516 5.00409e-05 5.02522e-06 3.42718e-07 1.54925e-08 4.55508e-10 8.58269e-12
 1.28215e-11 1.39166e-09 8.90662e-08 3.36115e-06 7.4795e-05 0.000981601 0.00760199 0.0348184 0.0951001 0.15961 0.18091 0.168295 0.146308 0.107656 0.0608699 0.0264213 0.00876474 0.00214845 0.000381478 4.90086e-05 4.51305e-06 2.89926e-07 1.25725e-08 3.57835e-10 6.54477e-12
 1.22352e-11 1.32802e-09 8.49936e-08 3.20747e-06 7.13763e-05 0.000936781 0.00725604 0.0332505 0.0909527 0.153269 0.175306 0.165421 0.146745 0.112385 0.0680019 0.0318404 0.0111744 0.00281863 0.000499683 6.17361e-05 5.26628e-06 3.06163e-07 1.19649e-08 3.09798e-10 5.22917e-12
 1.36923e-11 1.48618e-09 9.51156e-08 3.58945e-06 7.9876e-05 0.0010483 0.0081186 0.0371787 0.101421 0.169103 0.186774 0.163443 0.133818 0.0984378 0.0591732 0.0280674 0.0101225 0.00265356 0.000489916 6.22923e-05 5.34322e-06 3.03696e-07 1.1284e-08 2.71291e-10 4.18362e-12
 1.35698e-11 1.47288e-09 9.4265e-08 3.55737e-06 7.91642e-05 0.00103904 0.00804893 0.0368892 0.100877 0.169364 0.190039 0.169516 0.137951 0.0969803 0.054346 0.0240361 0.00826411 0.00212086 0.000390888 5.01438e-05 4.35106e-06 2.49114e-07 9.22976e-09 2.18102e-10 3.25121e-12
 1.40449e-11 1.52445e-09 9.75653e-08 3.68193e-06 8.19369e-05 0.00107546 0.00833147 0.0381866 0.104408 0.174979 0.194689 0.169769 0.134147 0.0924448 0.0509555 0.0218185 0.00708754 0.00169319 0.000290946 3.52724e-05 2.94087e-06 1.63883e-07 5.95184e-09 1.38123e-10 2.01802e-12
 1.43131e-11 1.55356e-09 9.94287e-08 3.75228e-06 8.3504e-05 0.00109609 0.0084926 0.0389407 0.106568 0.17889 0.199146 0.172223 0.132789 0.0883167 0.0467357 0.0191619 0.00595351 0.00135404 0.000219215 2.4758e-05 1.91217e-06 9.89091e-08 3.35856e-09 7.35173e-11 1.02101e-12
 1.43265e-11 1.55501e-09 9.95222e-08 3.75584e-06 8.35855e-05 0.00109725 0.00850345 0.0390137 0.106929 0.180093 0.201522 0.174551 0.13313 0.0866119 0.0444696 0.0175145 0.00517705 0.00111276 0.000169478 1.79305e-05 1.29099e-06 6.19279e-08 1.94185e-09 3.91751e-11 5.01796e-13
 1.45235e-11 1.57639e-09 1.00891e-07 3.80753e-06 8.47379e-05 0.00111245 0.00862275 0.0395771 0.108563 0.183044 0.204648 0.175668 0.131404 0.0836178 0.0419602 0.0160504 0.00456219 0.000933759 0.000134234 1.33048e-05 8.92437e-07 3.97282e-08 1.15274e-09 2.1467e-11 2.53275e-13
 1.49722e-11 1.6251e-09 1.04009e-07 3.92523e-06 8.73592e-05 0.00114692 0.00889092 0.0408158 0.111972 0.188578 0.209423 0.176163 0.127491 0.0784381 0.0381421 0.014111 0.0038637 0.00075823 0.00010387 9.73636e-06 6.129e-07 2.54387e-08 6.84766e-10 1.1788e-11 1.28248e-13
 1.47394e-11 1.59984e-09 1.02393e-07 3.86431e-06 8.60084e-05 0.00112936 0.00875845 0.0402519 0.110733 0.187698 0.210952 0.179649 0.129637 0.0778366 0.0363866 0.0128315 0.00333743 0.000621496 8.06651e-05 7.14354e-06 4.23274e-07 1.64686e-08 4.13803e-10 6.62259e-12 6.67468e-14
 1.47173e-11 1.59744e-09 1.0224e-07 3.85862e-06 8.5886e-05 0.0011279 0.00874986 0.0402423 0.110885 0.188508 0.21259 0.180934 0.129425 0.0766348 0.0351673 0.0120463 0.0030005 0.000528643 6.44138e-05 5.33362e-06 2.94976e-07 1.07027e-08 2.50549e-10 3.73091e-12 3.49298e-14
 1.46677e-11 1.59207e-09 1.01897e-07 3.84578e-06 8.56056e-05 0.0011244 0.00872617 0.0401708 0.110913 0.189277 0.214507 0.182684 0.129335 0.0751163 0.0336501 0.0111988 0.0026942 0.000455327 5.27788e-05 4.12e-06 2.13094e-07 7.18925e-09 1.5596e-10 2.14856e-12 1.85973e-14
 1.34538e-11 1.46032e-09 9.34668e-08 3.52784e-06 7.85424e-05 0.00103211 0.00801982 0.0370376 0.103095 0.179331 0.211075 0.189289 0.139125 0.0813319 0.0358413 0.011576 0.00267973 0.00043326 4.78166e-05 3.53661e-06 1.72409e-07 5.45334e-09 1.10354e-10 1.41189e-12 1.13096e-14
 1.35975e-11 1.47592e-09 9.44667e-08 3.56568e-06 7.93892e-05 0.00104336 0.00810893 0.0374594 0.104267 0.181053 0.211735 0.187725 0.137063 0.080666 0.0360008 0.0116685 0.00266265 0.000417191 4.40689e-05 3.09355e-06 1.42307e-07 4.22925e-09 8.01342e-11 9.57028e-13 7.13567e-15
#spawning biomass
 5859.38 6805.12 10716.8 18563.6 33192.9 41091.7 34415.9 41582.5 67444.1 93593.9 111331 144512 181869 208320 198698 189069 176222 176709 165367 168252 169079 189050 212627 224342 216651 227509 215366 191738 215621 23866.3 4912.27 4910.19 4910.19 4910.19 4910.19 4910.19 4910.19 4910.19 4910.19 4910.19 4910.19 4910.19 4910.19 4910.19 4910.19 4910.19 4910.19 4910.19 4910.19 4910.19 4910.19 4910.19 4910.19 4910.19 4910.19 4910.19 4910.19 4910.19 4910.19 4910.19 4910.19 4910.19 4910.19 4910.19 4910.19 4910.19 4910.19 4910.19 4910.19 4910.19 4910.19 4910.19 4910.19 4910.19 4910.19 4910.19 4910.19 4910.19 4910.19 4910.19 4910.19 4910.19 4910.19 4910.19 4910.19 4910.19 4910.19 4910.19 4910.19 4910.19 4910.19 4910.19 4910.19 4910.19 4910.19 4910.19 4910.19 4910.19 4910.19 4910.19 4910.19 4910.19 4910.19 4910.19 4910.19 4910.19 4910.19 4910.19 4910.19 4910.19 4910.19 4910.19 4910.19 4910.19 4910.19 4910.19 4910.19 4910.19 4910.19 4910.19 4910.19 4910.19 4910.19 4910.19 4910.19 4910.19 4910.19 4910.19 0 0 0 0 0 0 0 0 0 0 0 0 0 0 0 0 0 0 0 0 0 0 0 0 0
