SBPRF35
0.293248
Curr Bio
143919
B35
278619
F35
0.436488
FOFL
0.345839
OFL
45386.2
Bzero
83785.2
#pred survey bio
 8568.09 9251.72 7976.01 7360.5 9809.42 14361.8 20111.7 28728.8 39649.9 50580.3 60461.3 78067 99952.5 109590 103561 87079.5 92981.4 98160.9 97171.8 100922 96081.1 91842.5 95532.3 100606 110034 114318 102639 99682.9 129328 7.07389e+06 6.11171e+06 5.01938e+06 3.54453e+06 2.41652e+06 1.68851e+06 1.2543e+06 1.00474e+06 862811 781419 733742 705014 687176 675788 668295 663227 659881 657644 656136 655113 654417 653941 653615 653392 653239 653134 653062 653013 652979 652956 652940 652929 652921 652916 652912 652910 652908 652907 652906 652906 652905 652905 652905 652905 652905 652905 652905 652905 652905 652905 652905 652905 652905 652905 652905 652905 652905 652904 652904 652904 652904 652904 652904 652904 652904 652904 652904 652904 652904 652904 652904 652904 652904 652904 652904 652904 652904 652904 652904 652904 652904 652904 652904 652904 652904 652904 652904 652904 652904 652904 652904 652904 652904 652904 652904 652904 652904 652904 652904 652904 0 0 0 0 0 0 0 0 0 0 0 0 0 0 0 0 0 0 0 0 0 0 0 0 0
#obs survey bio
 7327.32 7810.22 5443.19 7337.85 8564.53 21842.9 17083.2 32821.8 47766.9 47424.7 52257.2 66500.3 101800 98541 70279.5 97701 80289.4 116412 98654.6 90396.1 73936.3 123734 103673 121794 134061 125000 128214 79596 94971.2
#pred catch bio
 2253.42 3292 3307.02 2389.39 3674.27 6963.36 10070 14647.1 22016.7 32184.6 39195.7 53034.5 73843.5 83997.8 85786.3 69117.3 76032 82628.8 79698.7 88468 89165.6 86135.8 91354.6 97937.7 110860 121291 108657 104544 101516 45386.2 91112.1 67912.7 45254.4 29140.2 19324.5 13872 11020.3 9589.73 8893.14 8561.27 8405.73 8333.72 8300.69 8285.61 8278.75 8275.7 8274.35 8273.75 8273.48 8273.36 8273.31 8273.29 8273.27 8273.27 8273.27 8273.27 8273.27 8273.27 8273.27 8273.27 8273.27 8273.27 8273.27 8273.27 8273.27 8273.27 8273.27 8273.27 8273.27 8273.27 8273.27 8273.27 8273.27 8273.27 8273.27 8273.27 8273.27 8273.27 8273.27 8273.27 8273.27 8273.27 8273.27 8273.27 8273.27 8273.27 8273.27 8273.27 8273.27 8273.27 8273.27 8273.27 8273.27 8273.27 8273.27 8273.27 8273.27 8273.27 8273.27 8273.27 8273.27 8273.27 8273.27 8273.27 8273.27 8273.27 8273.27 8273.27 8273.27 8273.27 8273.27 8273.27 8273.27 8273.27 8273.27 8273.27 8273.27 8273.27 8273.27 8273.27 8273.27 8273.27 8273.27 8273.27 8273.27 8273.27 8273.27 8273.27 8273.27 0 0 0 0 0 0 0 0 0 0 0 0 0 0 0 0 0 0 0 0 0 0 0 0 0
#obs catch bio
 4516.81 3457.31 4017.52 2519.39 4007.99 7113.4 10075.5 14499.8 20999.4 29820.9 36852.6 50759.6 72014.4 79330.7 89192.4 69928.6 73023.8 72886 73532.6 79995.3 85067.9 76523.4 83340.4 85570.8 98799.1 107040 95736.9 94840.5 96534.4
#pred cpue bio
 8371.78 9329.64 7714.14 6954.86 9083.71 13126.6 18237.8 26137.3 36357.7 46215.2 54229.8 69395.1 88640.9 99196.9 95001.7 77772 81481.8 86640.4 85667 89162.9 83339.8 77917.4 80342.7 83832.2 90278 93824.4 83623.8 80328.5 98855.9 6.25189e+06 6.51851e+06 5.05493e+06 3.53719e+06 2.40526e+06 1.67692e+06 1.24268e+06 993124 851196 769804 722128 693399 675561 664173 656680 651612 648266 646029 644521 643499 642802 642326 642001 641777 641625 641520 641448 641398 641364 641341 641325 641314 641306 641301 641298 641295 641293 641292 641291 641291 641290 641290 641290 641290 641290 641290 641290 641290 641290 641290 641290 641290 641290 641290 641290 641290 641290 641290 641290 641290 641290 641290 641290 641290 641290 641290 641290 641290 641290 641290 641290 641290 641290 641290 641290 641290 641290 641290 641290 641290 641290 641290 641290 641290 641290 641290 641290 641290 641290 641290 641290 641290 641290 641290 641290 641290 641290 641290 641290 641290 0 0 0 0 0 0 0 0 0 0 0 0 0 0 0 0 0 0 0 0 0 0 0 0 0
#obs cpue bio
 7091.39 5703.4 5298.46 5302.41 6911.89 16425.8 20619.6 24253.5 42186.2 72918 71078.7 89952.9 95260.7 138279 107824 68778 121881 135125 103119 155614 122793 100649 101465 123826 113515 142774 109333 144821 152722
#pred surv len freq
 9.49378e-12 1.03091e-09 6.59999e-08 2.49117e-06 5.54377e-05 0.000727388 0.0056281 0.0257036 0.0696138 0.114429 0.126451 0.125058 0.135436 0.129098 0.0964956 0.0645009 0.0418998 0.0256033 0.0151075 0.00901442 0.00562428 0.00381099 0.00277307 0.00191442 0.00105206
 5.48828e-12 5.95962e-10 3.8154e-08 1.44013e-06 3.20485e-05 0.00042052 0.00325447 0.0148802 0.0405342 0.0685106 0.0844285 0.104811 0.136059 0.144756 0.125596 0.100689 0.0732804 0.0462154 0.0263208 0.0141014 0.0073842 0.00403738 0.00241912 0.00148637 0.000782488
 9.55334e-12 1.03738e-09 6.64139e-08 2.5068e-06 5.57852e-05 0.00073193 0.00566256 0.025845 0.0697786 0.112947 0.116773 0.0966869 0.0898227 0.0914829 0.0911215 0.08812 0.0764174 0.0573837 0.0373738 0.0209116 0.0102848 0.00473573 0.00222841 0.001112 0.000521976
 1.21398e-11 1.31824e-09 8.43951e-08 3.18549e-06 7.08887e-05 0.000930096 0.0071957 0.0328432 0.0886809 0.143605 0.148689 0.122961 0.109802 0.0958712 0.0689372 0.0477348 0.0386022 0.0334056 0.0263697 0.0175377 0.00961786 0.00440117 0.00177986 0.000695929 0.000266046
 1.34137e-11 1.45657e-09 9.32507e-08 3.51975e-06 7.83271e-05 0.00102769 0.00795059 0.0362857 0.0979352 0.158261 0.162322 0.130332 0.112186 0.0969378 0.0697455 0.045117 0.0287933 0.0185577 0.0131383 0.00969574 0.00631501 0.00331 0.00138065 0.000479063 0.000147353
 1.40557e-11 1.52629e-09 9.77142e-08 3.68822e-06 8.20762e-05 0.00107688 0.0083311 0.0380216 0.10261 0.165732 0.169586 0.13508 0.114676 0.0973148 0.0675661 0.0413593 0.0250046 0.0145528 0.00821596 0.00482913 0.00300282 0.00174607 0.000824583 0.00029945 8.47686e-05
 1.43984e-11 1.56349e-09 1.00096e-07 3.77814e-06 8.40771e-05 0.00110313 0.00853421 0.0389488 0.105115 0.169802 0.17386 0.138711 0.117704 0.0987326 0.066061 0.0376094 0.020948 0.0113176 0.00582482 0.00290847 0.00145126 0.000741299 0.000357221 0.000140791 4.15996e-05
 1.42026e-11 1.54223e-09 9.87353e-08 3.72676e-06 8.29339e-05 0.00108813 0.00841825 0.038421 0.103711 0.167695 0.172461 0.139548 0.120664 0.10199 0.0680522 0.0381867 0.0205554 0.01043 0.00490843 0.00220064 0.000945141 0.000395022 0.000162573 6.15751e-05 1.88418e-05
 1.37906e-11 1.4975e-09 9.58711e-08 3.61866e-06 8.05282e-05 0.00105657 0.00817415 0.0373089 0.100736 0.1631 0.168743 0.139143 0.123369 0.105674 0.071117 0.0403395 0.0218516 0.0109861 0.00499465 0.00208976 0.000805831 0.00028884 9.79063e-05 3.13437e-05 8.8781e-06
 1.39737e-11 1.51738e-09 9.71441e-08 3.6667e-06 8.15974e-05 0.0010706 0.00828264 0.0378031 0.102058 0.165144 0.170402 0.139343 0.122203 0.104084 0.0698132 0.0394647 0.021375 0.0108043 0.00493292 0.00204007 0.000752763 0.000246345 7.20563e-05 1.90704e-05 4.53775e-06
 1.48692e-11 1.61461e-09 1.03369e-07 3.90167e-06 8.6826e-05 0.0011392 0.0088132 0.0402212 0.108538 0.175241 0.179001 0.141663 0.118602 0.0979126 0.0633515 0.0336603 0.0171446 0.00840719 0.00380759 0.00157595 0.000579869 0.000185074 5.05131e-05 1.17464e-05 2.33894e-06
 1.52549e-11 1.6565e-09 1.06051e-07 4.00289e-06 8.90786e-05 0.00116875 0.0090418 0.0412634 0.111336 0.179637 0.182919 0.143259 0.118005 0.0960584 0.0607263 0.03071 0.0145991 0.00667162 0.00282456 0.00111518 0.000402191 0.000127397 3.41888e-05 7.55785e-06 1.35553e-06
 1.53438e-11 1.66616e-09 1.06669e-07 4.02622e-06 8.95978e-05 0.00117556 0.00909449 0.041504 0.111986 0.1807 0.18406 0.144284 0.118893 0.0964042 0.0600685 0.0293336 0.0132374 0.00570937 0.00225222 0.000820329 0.000274898 8.2712e-05 2.15903e-05 4.67546e-06 8.06641e-07
 1.44292e-11 1.56684e-09 1.0031e-07 3.78621e-06 8.42569e-05 0.00110549 0.00855265 0.0390365 0.105401 0.170659 0.176579 0.145514 0.128138 0.106704 0.065875 0.030904 0.0131307 0.00535373 0.00199458 0.000678484 0.000209934 5.80211e-05 1.40606e-05 2.89083e-06 4.81809e-07
 1.37811e-11 1.49646e-09 9.58049e-08 3.61616e-06 8.04725e-05 0.00105584 0.00816868 0.0372871 0.100722 0.163437 0.170768 0.144978 0.132541 0.112566 0.0705568 0.0339626 0.0147993 0.00599524 0.00213684 0.00068123 0.000196344 5.0156e-05 1.11402e-05 2.10233e-06 3.26428e-07
 1.50288e-11 1.63195e-09 1.04479e-07 3.94356e-06 8.77583e-05 0.00115143 0.0089079 0.0406547 0.109725 0.177299 0.181758 0.145468 0.123263 0.100836 0.0619836 0.0290434 0.0122977 0.00495296 0.00178846 0.000571282 0.000159447 3.82542e-05 7.85036e-06 1.35765e-06 1.9277e-07
 1.58182e-11 1.71767e-09 1.09967e-07 4.1507e-06 9.23678e-05 0.0012119 0.00937558 0.0427853 0.115423 0.186076 0.188742 0.145866 0.11754 0.0935665 0.0566495 0.0259154 0.010583 0.00411309 0.00144077 0.00045203 0.000125861 3.00187e-05 5.96641e-06 9.69803e-07 1.26938e-07
 1.55206e-11 1.68535e-09 1.07898e-07 4.07259e-06 9.06298e-05 0.0011891 0.00919928 0.0419828 0.113287 0.182867 0.186583 0.147024 0.121706 0.0976999 0.0582514 0.0253912 0.00959808 0.00349006 0.0011654 0.000350496 9.41991e-05 2.19579e-05 4.3106e-06 6.89358e-07 8.69756e-08
 1.55652e-11 1.69019e-09 1.08208e-07 4.0843e-06 9.08904e-05 0.00119252 0.00922572 0.0421033 0.11361 0.183368 0.187005 0.147123 0.12151 0.0974158 0.0580175 0.0251983 0.00940383 0.00330868 0.00104031 0.000290058 7.29078e-05 1.614e-05 3.04736e-06 4.74456e-07 5.87016e-08
 1.54783e-11 1.68076e-09 1.07604e-07 4.06151e-06 9.03831e-05 0.00118587 0.00917424 0.0418687 0.11298 0.182384 0.186151 0.146844 0.121784 0.0979889 0.0587266 0.0258957 0.00989087 0.00353328 0.00110762 0.000300937 7.1754e-05 1.47833e-05 2.59717e-06 3.81492e-07 4.52462e-08
 1.62018e-11 1.75932e-09 1.12633e-07 4.25135e-06 9.46076e-05 0.00124129 0.00960288 0.0438214 0.118203 0.190441 0.192614 0.147377 0.116782 0.0914318 0.0536358 0.0226766 0.00812042 0.00277744 0.000867132 0.000238571 5.70583e-05 1.15125e-05 1.92723e-06 2.64625e-07 2.92614e-08
 1.69932e-11 1.84526e-09 1.18135e-07 4.45902e-06 9.9229e-05 0.00130192 0.0100718 0.0459577 0.123918 0.199258 0.199701 0.148008 0.11139 0.0843447 0.0481219 0.019154 0.00611594 0.00185018 0.000527643 0.000136172 3.1566e-05 6.34266e-06 1.06011e-06 1.42728e-07 1.51036e-08
 1.72837e-11 1.8768e-09 1.20155e-07 4.53524e-06 0.000100925 0.00132417 0.0102439 0.0467417 0.126015 0.202493 0.202296 0.148223 0.109389 0.0817382 0.0461275 0.0179049 0.00540091 0.00150126 0.000386339 8.79916e-05 1.80769e-05 3.33053e-06 5.30476e-07 7.00389e-08 7.33246e-09
 1.75828e-11 1.90929e-09 1.22234e-07 4.61373e-06 0.000102672 0.00134709 0.0104211 0.0475491 0.128173 0.205811 0.204907 0.148275 0.107065 0.0788626 0.0441064 0.0168222 0.00487876 0.00128304 0.000311367 6.56981e-05 1.21494e-05 1.97342e-06 2.7684e-07 3.30393e-08 3.24951e-09
 1.80661e-11 1.96176e-09 1.25594e-07 4.74054e-06 0.000105494 0.00138411 0.0107074 0.0488531 0.131657 0.211156 0.20905 0.148155 0.102998 0.0740039 0.0409132 0.0153457 0.00428918 0.00107019 0.000247193 4.94932e-05 8.57767e-06 1.28604e-06 1.62756e-07 1.71508e-08 1.48559e-09
 1.80497e-11 1.95998e-09 1.2548e-07 4.73624e-06 0.000105398 0.00138286 0.0106977 0.0488091 0.131542 0.210999 0.209022 0.148466 0.103604 0.0744758 0.0408845 0.0149579 0.0039261 0.000891327 0.000190163 3.5838e-05 5.85491e-06 8.2629e-07 9.77763e-08 9.49195e-09 7.42739e-10
 1.82655e-11 1.98342e-09 1.2698e-07 4.79287e-06 0.000106658 0.00139939 0.0108256 0.0493916 0.133099 0.213398 0.210928 0.148565 0.102018 0.0724564 0.0393876 0.014079 0.00347312 0.000706591 0.000134781 2.3036e-05 3.41461e-06 4.41978e-07 4.86684e-08 4.4173e-09 3.22025e-10
 1.85855e-11 2.01817e-09 1.29205e-07 4.87683e-06 0.000108527 0.0014239 0.0110151 0.050255 0.135405 0.216925 0.213616 0.148332 0.0990924 0.0690864 0.0373419 0.0133198 0.00327328 0.000657726 0.000121427 1.93988e-05 2.58663e-06 2.96988e-07 2.9244e-08 2.40182e-09 1.60624e-10
 1.99741e-11 2.16894e-09 1.38858e-07 5.24119e-06 0.000116635 0.00153028 0.0118377 0.0540015 0.14541 0.232228 0.225261 0.147266 0.0863101 0.0543976 0.0284684 0.010085 0.00247628 0.000497807 9.18297e-05 1.45842e-05 1.90727e-06 2.09119e-07 1.89829e-08 1.39603e-09 8.28552e-11
#obs surv len freq
 2.20292e-11 2.1283e-09 1.21229e-07 4.07115e-06 8.06066e-05 0.000940978 0.00647769 0.0263213 0.0634566 0.0932586 0.0946617 0.0932647 0.107409 0.114726 0.107714 0.0949488 0.0762864 0.0544121 0.0346131 0.0191246 0.00859301 0.00290068 0.000687252 0.000108769 1.11109e-05
 4.74659e-12 4.42313e-10 2.43006e-08 7.87133e-07 1.50331e-05 0.000169334 0.00112676 0.00446735 0.0110287 0.020335 0.039778 0.0815258 0.130489 0.156591 0.158908 0.142265 0.10775 0.0704835 0.0414659 0.0212928 0.00885159 0.00275684 0.000602242 8.77706e-05 8.24048e-06
 8.87427e-11 7.96236e-09 4.21201e-07 1.31364e-05 0.000241546 0.00261856 0.0167367 0.0630735 0.140193 0.184104 0.144382 0.0730062 0.0389064 0.0479842 0.0711488 0.0780388 0.0624988 0.0399275 0.0217953 0.0101608 0.00383394 0.00108797 0.000217031 2.89229e-05 2.48539e-06
 1.07509e-10 9.27266e-09 4.71522e-07 1.41364e-05 0.000249872 0.00260407 0.0160038 0.0580568 0.124974 0.164042 0.148536 0.128285 0.121982 0.0945801 0.0530324 0.0292917 0.0225984 0.0177239 0.0108073 0.00496382 0.0017238 0.000441036 7.9307e-05 9.56759e-06 7.47004e-07
 1.31928e-10 1.09213e-08 5.33032e-07 1.5338e-05 0.000260213 0.00260284 0.0153539 0.0534744 0.110637 0.140395 0.125971 0.113836 0.119367 0.114389 0.0926448 0.0614362 0.030615 0.0118921 0.00452533 0.00180609 0.000605121 0.000145796 2.39436e-05 2.60609e-06 1.83405e-07
 2.11244e-10 1.67599e-08 7.83965e-07 2.16203e-05 0.000351535 0.00337002 0.019052 0.0635847 0.125982 0.152574 0.128901 0.107665 0.106604 0.100539 0.0832579 0.0584252 0.0316672 0.0127442 0.00394433 0.0010221 0.000238888 4.7714e-05 7.08193e-06 7.07025e-07 4.5345e-08
 3.08181e-10 2.34016e-08 1.04767e-06 2.76531e-05 0.000430334 0.0039485 0.0213664 0.0682806 0.129794 0.152269 0.129168 0.113271 0.112503 0.0999188 0.0763193 0.050386 0.0267608 0.0110038 0.00350739 0.00085837 0.000159898 2.2958e-05 2.54435e-06 2.07833e-07 1.16491e-08
 4.14252e-10 3.00677e-08 1.28669e-06 3.24629e-05 0.000482888 0.00423525 0.0219099 0.066981 0.122217 0.139907 0.122544 0.117458 0.121782 0.109089 0.0829396 0.0523567 0.0253543 0.00928465 0.00268298 0.000618348 0.000108774 1.3892e-05 1.25282e-06 7.89025e-08 3.43337e-09
 6.03236e-10 4.18015e-08 1.7078e-06 4.11358e-05 0.000584184 0.0048917 0.0241616 0.0705474 0.123147 0.135914 0.117676 0.114162 0.119479 0.109714 0.0862312 0.0549419 0.02617 0.00922826 0.00249253 0.000522458 8.31103e-05 9.66472e-06 7.89934e-07 4.38581e-08 1.61457e-09
 9.61345e-10 6.35276e-08 2.47505e-06 5.68521e-05 0.000769938 0.00614819 0.028961 0.0806607 0.134445 0.142342 0.119815 0.113912 0.115737 0.102828 0.0776827 0.0468783 0.0208617 0.00681521 0.0017013 0.000329071 4.79337e-05 5.05044e-06 3.71741e-07 1.8562e-08 6.13035e-10
 1.41402e-09 8.90139e-08 3.30368e-06 7.229e-05 0.000932627 0.00709471 0.0318423 0.0845699 0.134981 0.139435 0.120452 0.119449 0.119906 0.102156 0.0732793 0.0417136 0.0173907 0.00527108 0.00120702 0.0002125 2.81027e-05 2.68634e-06 1.79055e-07 8.07103e-09 2.39937e-10
 2.03959e-09 1.22189e-07 4.31579e-06 8.9873e-05 0.00110345 0.00798887 0.0341307 0.0863701 0.131982 0.13328 0.118343 0.121988 0.123146 0.104961 0.0744773 0.0407377 0.0158958 0.00442135 0.000916568 0.000145247 1.72721e-05 1.48432e-06 8.89691e-08 3.60951e-09 9.66626e-11
 2.90865e-09 1.65679e-07 5.56397e-06 0.000110165 0.00128605 0.00885338 0.0359758 0.0867167 0.127129 0.126862 0.11814 0.127249 0.128587 0.108446 0.0747201 0.0383788 0.013573 0.00329935 0.000581331 7.80853e-05 8.0059e-06 6.03594e-07 3.20716e-08 1.1599e-09 2.7784e-11
 3.51699e-09 1.90311e-07 6.07152e-06 0.000114202 0.00126655 0.00828453 0.0320103 0.0736474 0.10497 0.109087 0.116811 0.138266 0.143181 0.122673 0.0852817 0.0439035 0.0157383 0.0039459 0.000710996 9.27677e-05 8.64655e-06 5.67203e-07 2.58828e-08 8.0873e-10 1.69314e-11
 5.21418e-09 2.67829e-07 8.11093e-06 0.00014482 0.00152461 0.00946688 0.0347311 0.0759464 0.103358 0.104278 0.111277 0.133375 0.143837 0.129483 0.0903588 0.0440654 0.0143579 0.00320227 0.00051735 6.26483e-05 5.58662e-06 3.51192e-07 1.49919e-08 4.24367e-10 7.84972e-12
 9.68046e-09 4.71678e-07 1.35498e-05 0.000229492 0.00229177 0.0134982 0.0469632 0.0972871 0.124771 0.116413 0.112538 0.124693 0.12738 0.109783 0.0739811 0.035408 0.0116038 0.00265377 0.000435315 5.13452e-05 4.28011e-06 2.47515e-07 9.76435e-09 2.57685e-10 4.45178e-12
 1.42232e-08 6.56989e-07 1.7892e-05 0.000287282 0.00271984 0.0151898 0.0501548 0.0990246 0.12342 0.118943 0.124149 0.136745 0.128612 0.100011 0.0618121 0.0278105 0.00876547 0.00197209 0.000324148 3.85627e-05 3.21616e-06 1.82351e-07 6.87479e-09 1.69609e-10 2.70435e-12
 1.96466e-08 8.59878e-07 2.21885e-05 0.000337573 0.00302837 0.0160287 0.0502003 0.0944009 0.114121 0.11234 0.123799 0.139895 0.1346 0.106764 0.0653531 0.0283783 0.00855653 0.00184503 0.000292354 3.37546e-05 2.74917e-06 1.52774e-07 5.63882e-09 1.35308e-10 2.07581e-12
 2.8092e-08 1.16449e-06 2.84598e-05 0.000410093 0.00348457 0.0174725 0.0518936 0.092989 0.109326 0.110023 0.125932 0.142869 0.136961 0.10758 0.0641969 0.026983 0.00790281 0.00166122 0.000255437 2.8348e-05 2.20458e-06 1.1681e-07 4.11763e-09 9.45837e-11 1.39101e-12
 4.26243e-08 1.67291e-06 3.87106e-05 0.000528134 0.00424905 0.0201766 0.0567938 0.0968114 0.109906 0.110333 0.126753 0.142078 0.134688 0.10401 0.0602993 0.0245865 0.00704297 0.00145809 0.000220244 2.37768e-05 1.77938e-06 8.99047e-08 3.00182e-09 6.50413e-11 9.0068e-13
 6.75606e-08 2.50996e-06 5.49773e-05 0.000710002 0.00540733 0.0243102 0.0648398 0.105117 0.115112 0.11447 0.12986 0.140772 0.128083 0.0940604 0.0512801 0.0195267 0.00521865 0.00101421 0.000145401 1.50378e-05 1.08158e-06 5.23932e-08 1.668e-09 3.42501e-11 4.47043e-13
 9.80686e-08 3.44823e-06 7.14836e-05 0.000873745 0.0062986 0.0268136 0.067846 0.105246 0.113845 0.117661 0.136133 0.143745 0.125581 0.0881289 0.0458406 0.0167075 0.00428799 0.00079725 0.000108186 1.04952e-05 7.06512e-07 3.21174e-08 9.62896e-10 1.86543e-11 2.29673e-13
 1.43252e-07 4.76682e-06 9.35196e-05 0.00108181 0.00738101 0.0297504 0.0713996 0.105891 0.112565 0.11873 0.138436 0.144694 0.124702 0.0848916 0.0419333 0.0143317 0.00343462 0.000597209 7.60566e-05 6.93107e-06 4.37021e-07 1.85232e-08 5.1598e-10 9.27641e-12 1.0606e-13
 2.14862e-07 6.76627e-06 0.000125628 0.00137532 0.00888124 0.0338936 0.0771519 0.109357 0.11387 0.120851 0.139482 0.142275 0.119586 0.0790558 0.0378839 0.0126506 0.00298076 0.000506214 6.17975e-05 5.30104e-06 3.11438e-07 1.2254e-08 3.16493e-10 5.2702e-12 5.57342e-14
 2.94273e-07 8.7705e-06 0.000154116 0.00159688 0.00976184 0.0352997 0.0764704 0.105108 0.11214 0.127052 0.14848 0.146964 0.118034 0.073501 0.0327515 0.010091 0.00219447 0.000347443 4.00735e-05 3.26946e-06 1.82175e-07 6.74204e-09 1.62359e-10 2.50484e-12 2.44542e-14
 3.94357e-07 1.11247e-05 0.000185028 0.00181472 0.0105029 0.0359946 0.0742523 0.0991082 0.108041 0.128511 0.152558 0.151702 0.121503 0.073587 0.0311455 0.00898129 0.00180807 0.000262648 2.76912e-05 2.07152e-06 1.06586e-07 3.66783e-09 8.24594e-11 1.18817e-12 1.08098e-14
 5.37207e-07 1.43454e-05 0.000225862 0.00209709 0.0114931 0.0373431 0.0734395 0.0955013 0.106468 0.131057 0.155738 0.153679 0.12149 0.0717532 0.0294989 0.00830784 0.00163872 0.00023081 2.30778e-05 1.60219e-06 7.549e-08 2.36732e-09 4.85419e-11 6.4024e-13 5.35399e-15
 8.52288e-07 2.15469e-05 0.000321178 0.00282329 0.0146498 0.045078 0.0840289 0.103886 0.110799 0.131232 0.151335 0.146203 0.112508 0.0638196 0.0250517 0.00676 0.00128706 0.000175788 1.70106e-05 1.13365e-06 5.0649e-08 1.48583e-09 2.81616e-11 3.40395e-13 2.59613e-15
 1.11251e-06 2.66312e-05 0.000375881 0.00312909 0.0153858 0.0449893 0.0807009 0.10042 0.116019 0.144933 0.161941 0.146025 0.104263 0.0551772 0.02035 0.00519064 0.000938274 0.000121938 1.12358e-05 7.13014e-07 3.03017e-08 8.43193e-10 1.50887e-11 1.71155e-13 1.21692e-15
#pred catch len freq
 6.92977e-12 7.5249e-10 4.81752e-08 1.81838e-06 4.04659e-05 0.000530964 0.00410904 0.0187835 0.0511112 0.0859404 0.103849 0.123982 0.154284 0.152622 0.113068 0.0735777 0.0467607 0.0282667 0.0165919 0.00987547 0.00615551 0.00416964 0.00303379 0.00209438 0.00115096
 3.90405e-12 4.23934e-10 2.71407e-08 1.02443e-06 2.27978e-05 0.000299156 0.00231589 0.0106047 0.0291047 0.0509306 0.0705706 0.104447 0.148194 0.159735 0.13601 0.106213 0.0760671 0.0476033 0.0269933 0.0144277 0.00754711 0.00412477 0.00247117 0.00151831 0.000799297
 7.53285e-12 8.17977e-10 5.23677e-08 1.97662e-06 4.3987e-05 0.000577141 0.00446541 0.0203896 0.0551678 0.0902523 0.0977971 0.0926012 0.0995554 0.105928 0.103879 0.0982229 0.0841583 0.0628277 0.0407902 0.0227867 0.0111983 0.00515449 0.00242509 0.0012101 0.000568015
 9.55489e-12 1.03755e-09 6.64247e-08 2.5072e-06 5.57945e-05 0.000732066 0.00566419 0.0258657 0.0700156 0.114791 0.125458 0.120618 0.126667 0.117343 0.0841598 0.0566029 0.0446261 0.0382342 0.0300871 0.0199872 0.0109558 0.00501224 0.00202676 0.000792432 0.000302933
 1.0936e-11 1.18752e-09 7.6026e-08 2.86961e-06 6.38592e-05 0.000837876 0.00648265 0.0295983 0.080052 0.130703 0.140346 0.128916 0.12979 0.119123 0.0855461 0.0539421 0.0336498 0.0214306 0.0150863 0.0111096 0.00723148 0.0037897 0.00158063 0.000548439 0.00016869
 1.19665e-11 1.29942e-09 8.31902e-08 3.14002e-06 6.98768e-05 0.000916827 0.00709335 0.0323832 0.0875378 0.142551 0.151323 0.134631 0.130707 0.117016 0.081109 0.0484085 0.0285616 0.0164165 0.00921479 0.00540141 0.00335513 0.00195033 0.00092097 0.000334446 9.46746e-05
 1.236e-11 1.34214e-09 8.59253e-08 3.24325e-06 7.21742e-05 0.000946969 0.00732655 0.0334477 0.0904138 0.147221 0.156214 0.138753 0.134106 0.118568 0.0793384 0.0441002 0.0239329 0.012748 0.00651894 0.00324531 0.00161728 0.00082572 0.000397847 0.000156798 4.63287e-05
 1.21809e-11 1.3227e-09 8.46802e-08 3.19626e-06 7.11284e-05 0.00093325 0.00722048 0.0329651 0.0891312 0.14531 0.155013 0.139739 0.137174 0.121877 0.081289 0.0445519 0.0233714 0.0116906 0.00546481 0.00244187 0.00104718 0.000437418 0.000179985 6.81661e-05 2.08583e-05
 1.19359e-11 1.29609e-09 8.2977e-08 3.13197e-06 6.96978e-05 0.000914481 0.00707532 0.0323037 0.0873609 0.142569 0.152766 0.139401 0.138647 0.124022 0.0832682 0.0461095 0.0243504 0.0120737 0.00545327 0.00227399 0.00087549 0.0003136 0.000106272 3.4019e-05 9.63563e-06
 1.24827e-11 1.35547e-09 8.67784e-08 3.27545e-06 7.28908e-05 0.000956372 0.00739929 0.0337796 0.0913078 0.148653 0.157623 0.139729 0.134761 0.11903 0.0795366 0.0438822 0.0231661 0.0115467 0.00523759 0.00215897 0.000795418 0.000260131 7.60674e-05 2.01298e-05 4.78966e-06
 1.34657e-11 1.46221e-09 9.36122e-08 3.53339e-06 7.86308e-05 0.00103168 0.00798174 0.0364341 0.0984206 0.15973 0.167023 0.142168 0.130639 0.112132 0.0724627 0.0376383 0.0186563 0.00900407 0.00404865 0.00167001 0.000613531 0.00019569 5.33959e-05 1.24153e-05 2.47204e-06
 1.40072e-11 1.52102e-09 9.73771e-08 3.6755e-06 8.17931e-05 0.00107317 0.00830263 0.0378967 0.102342 0.165859 0.172328 0.143864 0.128948 0.108877 0.0687988 0.0340637 0.0157504 0.0070739 0.0029709 0.00116839 0.000420636 0.000133144 3.57209e-05 7.89566e-06 1.41606e-06
 1.43787e-11 1.56135e-09 9.99592e-08 3.77296e-06 8.39619e-05 0.00110162 0.00852271 0.0388998 0.105031 0.170055 0.175929 0.144924 0.127623 0.106507 0.0662672 0.0317119 0.0139159 0.00589244 0.00230449 0.000835792 0.00027951 8.40276e-05 2.19263e-05 4.74762e-06 8.19053e-07
 1.35436e-11 1.47067e-09 9.41539e-08 3.55384e-06 7.90858e-05 0.00103765 0.00802802 0.0366471 0.0990207 0.160902 0.169164 0.146225 0.136339 0.116105 0.0715216 0.0329231 0.0135994 0.00543523 0.00200593 0.00067921 0.000209687 5.78961e-05 1.40246e-05 2.88298e-06 4.80474e-07
 1.32261e-11 1.4362e-09 9.19469e-08 3.47054e-06 7.72321e-05 0.00101333 0.00783992 0.03579 0.0967257 0.157341 0.166208 0.145662 0.138046 0.118707 0.0740105 0.0349076 0.0147952 0.00588337 0.00207853 0.000659553 0.000189629 4.8387e-05 1.07423e-05 2.02685e-06 3.14686e-07
 1.4316e-11 1.55455e-09 9.95235e-08 3.75652e-06 8.3596e-05 0.00109682 0.00848561 0.0387315 0.10459 0.169451 0.175815 0.146111 0.129971 0.108476 0.0665043 0.0305749 0.0125873 0.00497007 0.00177796 0.000565327 0.000157419 3.77266e-05 7.73824e-06 1.33797e-06 1.89959e-07
 1.5262e-11 1.65727e-09 1.061e-07 4.00475e-06 8.91201e-05 0.0011693 0.00904609 0.0412847 0.111417 0.179957 0.184128 0.14643 0.12287 0.0995926 0.0601529 0.0270249 0.010731 0.00408514 0.00141685 0.00044235 0.000122861 2.92705e-05 5.81485e-06 9.44965e-07 1.23675e-07
 1.50658e-11 1.63597e-09 1.04736e-07 3.95326e-06 8.79743e-05 0.00115427 0.00892987 0.0407559 0.110012 0.177868 0.182834 0.147553 0.126167 0.102696 0.0610887 0.0262046 0.00963472 0.0034239 0.00113039 0.000338137 9.06335e-05 2.11009e-05 4.14018e-06 6.61955e-07 8.35102e-08
 1.49949e-11 1.62827e-09 1.04243e-07 3.93467e-06 8.75605e-05 0.00114884 0.00888789 0.0405648 0.109502 0.177094 0.182271 0.147693 0.126962 0.103583 0.0616074 0.0263424 0.00956605 0.00329029 0.00102284 0.000283576 7.10621e-05 1.5709e-05 2.96416e-06 4.61384e-07 5.70783e-08
 1.52167e-11 1.65235e-09 1.05785e-07 3.99286e-06 8.88555e-05 0.00116583 0.00901927 0.041163 0.111098 0.179521 0.184052 0.147306 0.124592 0.101024 0.0602929 0.0261422 0.00971419 0.00339507 0.00105289 0.000284517 6.76346e-05 1.39139e-05 2.44276e-06 3.58702e-07 4.25378e-08
 1.62207e-11 1.76137e-09 1.12765e-07 4.2563e-06 9.47178e-05 0.00124274 0.00961407 0.0438726 0.118342 0.190671 0.192877 0.147651 0.117048 0.0915279 0.0534018 0.0222354 0.00774939 0.00258729 0.00079786 0.000218243 5.20423e-05 1.04855e-05 1.75414e-06 2.40784e-07 2.66213e-08
 1.70437e-11 1.85075e-09 1.18486e-07 4.47227e-06 9.95239e-05 0.00130579 0.0101017 0.0460941 0.124283 0.19983 0.200195 0.148163 0.111221 0.0840074 0.0477193 0.0187663 0.00584532 0.00172142 0.000483441 0.000123886 2.86179e-05 5.74098e-06 9.58871e-07 1.29057e-07 1.36551e-08
 1.74143e-11 1.89098e-09 1.21063e-07 4.5695e-06 0.000101688 0.00133418 0.0103212 0.0470942 0.126957 0.203945 0.203451 0.148289 0.10844 0.0805236 0.04522 0.0173648 0.00511858 0.00138445 0.000350368 7.91701e-05 1.61966e-05 2.97783e-06 4.73863e-07 6.25403e-08 6.5464e-09
 1.77836e-11 1.93108e-09 1.2363e-07 4.6664e-06 0.000103844 0.00136247 0.01054 0.0480907 0.12962 0.208035 0.206643 0.148267 0.105439 0.0768846 0.0427586 0.016147 0.00458226 0.00117222 0.000279429 5.84637e-05 1.07632e-05 1.74407e-06 2.4439e-07 2.91518e-08 2.86653e-09
 1.8395e-11 1.99748e-09 1.27881e-07 4.82685e-06 0.000107414 0.00140931 0.0109023 0.0497407 0.134028 0.214791 0.211855 0.148028 0.100162 0.0706498 0.0387538 0.0143986 0.00394313 0.000956834 0.000216812 4.30169e-05 7.41983e-06 1.10956e-06 1.40245e-07 1.47699e-08 1.279e-09
 1.86027e-11 2.02003e-09 1.29324e-07 4.88134e-06 0.000108627 0.00142522 0.0110253 0.0503011 0.135527 0.2171 0.213694 0.148138 0.0986592 0.0687217 0.0373069 0.013532 0.0034891 0.000770438 0.000160814 2.99841e-05 4.87256e-06 6.85687e-07 8.1025e-08 7.86059e-09 6.14895e-10
 1.87849e-11 2.03981e-09 1.30591e-07 4.92915e-06 0.000109691 0.00143918 0.0111332 0.0507929 0.136842 0.219125 0.215302 0.148218 0.0973165 0.0670139 0.0360443 0.0127939 0.00311024 0.000616304 0.000114704 1.93522e-05 2.85072e-06 3.67737e-07 4.04247e-08 3.66621e-09 2.67173e-10
 1.90383e-11 2.06734e-09 1.32353e-07 4.99565e-06 0.000111171 0.00145859 0.0112834 0.0514768 0.138668 0.221919 0.217431 0.148032 0.0949964 0.064343 0.034425 0.0121953 0.00295406 0.000578394 0.000104225 1.64393e-05 2.17821e-06 2.49145e-07 2.44814e-08 2.00866e-09 1.34269e-10
 1.95314e-11 2.12087e-09 1.3578e-07 5.12503e-06 0.00011405 0.00149636 0.0115755 0.0528071 0.14222 0.227352 0.221564 0.147648 0.0904494 0.0591221 0.031277 0.0110547 0.00267786 0.000524634 9.44697e-05 1.48143e-05 1.92537e-06 2.10316e-07 1.90514e-08 1.39958e-09 8.30206e-11
#obs catch len freq
 1.74266e-11 1.68363e-09 9.59e-08 3.22055e-06 6.37652e-05 0.000744384 0.00512462 0.0208294 0.0502963 0.074528 0.0783572 0.0836303 0.103584 0.117788 0.118669 0.109271 0.0887665 0.0644651 0.0427593 0.0246681 0.0114106 0.00392762 0.000945963 0.000151961 1.57225e-05
 1.48591e-11 1.38465e-09 7.60726e-08 2.46408e-06 4.70576e-05 0.000529898 0.00352017 0.0138335 0.0326306 0.0496466 0.0628742 0.090665 0.126802 0.140229 0.131746 0.115431 0.0917455 0.0646697 0.0405115 0.0218391 0.00945282 0.0030364 0.000677944 0.000100396 9.54761e-06
 1.41639e-12 1.27085e-10 6.72276e-09 2.09687e-07 3.85743e-06 4.19232e-05 0.000271593 0.00109759 0.00332978 0.0106972 0.0350881 0.0851412 0.138328 0.164255 0.165068 0.14571 0.108654 0.0701911 0.0406607 0.0203458 0.00813766 0.00240967 0.000495696 6.75541e-05 5.90188e-06
 1.77703e-11 1.53268e-09 7.79382e-08 2.33662e-06 4.13016e-05 0.000430432 0.00264542 0.00959915 0.0206929 0.0274156 0.0264921 0.0314099 0.060005 0.119032 0.180461 0.192537 0.150446 0.0943284 0.0505081 0.0229164 0.00831646 0.00224291 0.000421168 5.24681e-05 4.19432e-06
 5.16206e-11 4.27329e-09 2.08564e-07 6.00151e-06 0.000101822 0.00101876 0.00601778 0.0211123 0.0453704 0.0684337 0.10088 0.160373 0.198563 0.159817 0.0891073 0.0504316 0.0394594 0.0302201 0.0178153 0.00788897 0.00262538 0.000637915 0.000107981 1.21782e-05 8.84521e-07
 1.54905e-10 1.229e-08 5.74882e-07 1.58542e-05 0.000257784 0.00247138 0.0139751 0.0467027 0.0931826 0.116865 0.112967 0.120223 0.136629 0.131394 0.104854 0.0677593 0.0327673 0.0125363 0.00477312 0.00186719 0.000598471 0.000136419 2.10548e-05 2.14177e-06 1.40234e-07
 2.7379e-10 2.07902e-08 9.30759e-07 2.45672e-05 0.000382313 0.00350791 0.0189834 0.0606835 0.115538 0.13664 0.119672 0.111828 0.117724 0.111214 0.0909306 0.0623123 0.0327228 0.0127532 0.00383912 0.000972937 0.000221281 4.2254e-05 5.90599e-06 5.50799e-07 3.28527e-08
 3.80528e-10 2.76199e-08 1.18194e-06 2.98201e-05 0.000443578 0.00389054 0.0201286 0.0615664 0.112634 0.130586 0.119483 0.121691 0.128781 0.114225 0.086135 0.0556717 0.0287364 0.0114593 0.00353304 0.00083294 0.000149034 2.04794e-05 2.15511e-06 1.65447e-07 8.6455e-09
 5.48299e-10 3.79947e-08 1.55227e-06 3.73896e-05 0.000530987 0.00444638 0.0219657 0.0641921 0.112564 0.126929 0.117736 0.124155 0.132039 0.116985 0.0874147 0.0537211 0.0251776 0.00893742 0.00250524 0.000556854 9.3695e-05 1.13702e-05 9.69494e-07 5.74514e-08 2.33954e-09
 8.5899e-10 5.67638e-08 2.21153e-06 5.0799e-05 0.000687965 0.00549376 0.0258817 0.0721342 0.120664 0.129922 0.115481 0.117843 0.124005 0.112267 0.0864875 0.0534466 0.0245653 0.00836833 0.00218428 0.00044072 6.70554e-05 7.40755e-06 5.71559e-07 2.9803e-08 1.02612e-09
 1.41507e-09 8.908e-08 3.30613e-06 7.23436e-05 0.000933318 0.00709992 0.0318645 0.0846123 0.134915 0.13874 0.118324 0.11612 0.117589 0.102744 0.0759149 0.0443279 0.0189986 0.00598852 0.00144357 0.000268467 3.73462e-05 3.73384e-06 2.59334e-07 1.21596e-08 3.75555e-10
 2.12291e-09 1.27181e-07 4.4921e-06 9.35446e-05 0.00114852 0.00831514 0.0355227 0.0898677 0.137132 0.137593 0.119931 0.120866 0.119745 0.100031 0.0700701 0.0385371 0.0154467 0.00450875 0.00099537 0.000168326 2.12468e-05 1.9262e-06 1.21084e-07 5.12313e-09 1.42402e-10
 3.17108e-09 1.80628e-07 6.06596e-06 0.000120104 0.00140207 0.0096517 0.039212 0.0944207 0.137715 0.134423 0.118478 0.121368 0.119884 0.0999476 0.0689949 0.0363172 0.0135822 0.00362946 0.000724302 0.000110171 1.24985e-05 1.01833e-06 5.75537e-08 2.1915e-09 5.48705e-11
 4.51097e-09 2.44097e-07 7.78746e-06 0.000146478 0.00162445 0.0106242 0.0410215 0.0940409 0.131695 0.127673 0.118862 0.127188 0.125677 0.103558 0.0691654 0.0340398 0.0114877 0.00267217 0.000452456 5.83885e-05 5.72012e-06 4.09262e-07 2.05136e-08 6.9645e-10 1.55996e-11
 5.67525e-09 2.91513e-07 8.82815e-06 0.000157626 0.00165942 0.010304 0.0378015 0.0826533 0.112425 0.113041 0.118834 0.137054 0.138044 0.115363 0.0775677 0.0382392 0.0130924 0.00313972 0.000541155 6.73447e-05 5.96431e-06 3.70482e-07 1.59505e-08 4.68315e-10 9.17625e-12
 8.44367e-09 4.11415e-07 1.18187e-05 0.000200173 0.00199902 0.0117751 0.0409889 0.0851295 0.110533 0.107951 0.113193 0.132524 0.139372 0.121954 0.0817194 0.0379411 0.0117635 0.00250698 0.000388307 4.49846e-05 3.81382e-06 2.26537e-07 9.09621e-09 2.41382e-10 4.17448e-12
 1.56381e-08 7.22344e-07 1.96718e-05 0.000315857 0.00299027 0.0166974 0.0550853 0.108292 0.13229 0.119034 0.112657 0.121845 0.121383 0.101694 0.065847 0.0300515 0.00938716 0.00205033 0.000321098 3.60399e-05 2.84751e-06 1.55508e-07 5.77216e-09 1.42796e-10 2.30491e-12
 2.2938e-08 1.00393e-06 2.59057e-05 0.000394125 0.00353559 0.0187107 0.0585572 0.109716 0.130447 0.121698 0.124183 0.13273 0.121327 0.0917509 0.0546027 0.0234698 0.00706326 0.00152 0.000238629 2.69837e-05 2.12779e-06 1.13583e-07 4.01822e-09 9.27647e-11 1.38074e-12
 3.21551e-08 1.33292e-06 3.25761e-05 0.000469403 0.00398838 0.019995 0.0593305 0.105831 0.121945 0.115794 0.123831 0.135439 0.126667 0.0973969 0.057168 0.0236621 0.00680735 0.00140387 0.000212476 2.33169e-05 1.795e-06 9.38428e-08 3.2462e-09 7.27796e-11 1.04068e-12
 4.63526e-08 1.81924e-06 4.20965e-05 0.000574326 0.00462056 0.0219378 0.0617112 0.104861 0.11744 0.113701 0.125682 0.13782 0.128376 0.0975348 0.0557024 0.0223055 0.006233 0.00125213 0.000183607 1.9338e-05 1.42014e-06 7.07508e-08 2.33633e-09 5.01155e-11 6.86499e-13
 7.13972e-08 2.6525e-06 5.80992e-05 0.000750315 0.00571417 0.0256855 0.068452 0.110539 0.119112 0.113928 0.125197 0.135282 0.124462 0.0927521 0.0513908 0.0199642 0.00545841 0.00107936 0.000155236 1.58756e-05 1.1201e-06 5.31427e-08 1.66051e-09 3.35731e-11 4.32794e-13
 1.12822e-07 3.96697e-06 8.22371e-05 0.00100517 0.00724534 0.0308302 0.0778382 0.119501 0.124072 0.117217 0.12687 0.132462 0.116827 0.0826402 0.0429943 0.0155853 0.0039753 0.000738368 0.000100854 9.88078e-06 6.69547e-07 3.04238e-08 9.05418e-10 1.73313e-11 2.10412e-13
 1.6551e-07 5.50749e-06 0.00010805 0.00124987 0.00852688 0.0343531 0.0822605 0.120723 0.123323 0.12005 0.131653 0.133596 0.112994 0.0762974 0.0378574 0.0131347 0.00321535 0.000570463 7.36281e-05 6.75967e-06 4.28576e-07 1.82729e-08 5.11977e-10 9.24218e-12 1.05782e-13
 2.41801e-07 7.61462e-06 0.000141379 0.00154772 0.00999354 0.0381201 0.0865704 0.121404 0.121656 0.120549 0.133211 0.133916 0.111582 0.0728765 0.0342661 0.0111363 0.00254455 0.000422174 5.11265e-05 4.40647e-06 2.61451e-07 1.03854e-08 2.70216e-10 4.52517e-12 4.80849e-14
 3.68474e-07 1.09819e-05 0.000192974 0.0019994 0.0122192 0.0441284 0.0950042 0.127017 0.123579 0.121448 0.131828 0.129078 0.10473 0.0663407 0.0302601 0.00961268 0.002158 0.000348887 4.03926e-05 3.27103e-06 1.80671e-07 6.65878e-09 1.60572e-10 2.48965e-12 2.4461e-14
 5.11714e-07 1.44352e-05 0.000240087 0.00235457 0.0136229 0.0466143 0.09545 0.123383 0.121939 0.126865 0.139181 0.132113 0.102216 0.0608558 0.0257721 0.00754868 0.00156464 0.000236067 2.58361e-05 1.98897e-06 1.04072e-07 3.60327e-09 8.0939e-11 1.16197e-12 1.05351e-14
 6.92086e-07 1.84812e-05 0.000290973 0.00270141 0.0147989 0.0479906 0.0935218 0.117074 0.117491 0.128071 0.143108 0.136601 0.105141 0.0606888 0.0243616 0.00666822 0.00127769 0.000176686 1.76713e-05 1.24775e-06 6.03112e-08 1.94189e-09 4.07139e-11 5.45666e-13 4.60807e-15
 9.55285e-07 2.41508e-05 0.000359988 0.00316431 0.0164161 0.0504648 0.0936571 0.113721 0.115638 0.129898 0.14542 0.137735 0.104447 0.058718 0.0228959 0.00612219 0.00114819 0.000153557 1.45237e-05 9.49846e-07 4.20025e-08 1.23211e-09 2.35627e-11 2.89102e-13 2.24421e-15
 1.51658e-06 3.63035e-05 0.000512377 0.00426452 0.0209487 0.0609828 0.107196 0.123332 0.118972 0.127585 0.138268 0.128017 0.0942806 0.0508302 0.01892 0.00484901 0.000877969 0.000113806 1.04053e-05 6.52213e-07 2.73031e-08 7.48176e-10 1.32121e-11 1.48473e-13 1.05089e-15
#spawning biomass
 9126.48 9713.93 8307.93 7804.97 10518 15521.2 21865.5 31282.7 43145.5 55063.7 66081.6 85566 109738 120370 113584 95728.2 102399 108226 107166 111245 106112 101672 105853 111550 122103 126913 114017 110770 143919 223649 306364 228854 153049 99137.2 66297.9 48055.9 38515.3 33729.2 31398.7 30288.4 29768 29527.1 29416.6 29366.1 29343.2 29333 29328.4 29326.4 29325.5 29325.1 29325 29324.9 29324.8 29324.8 29324.8 29324.8 29324.8 29324.8 29324.8 29324.8 29324.8 29324.8 29324.8 29324.8 29324.8 29324.8 29324.8 29324.8 29324.8 29324.8 29324.8 29324.8 29324.8 29324.8 29324.8 29324.8 29324.8 29324.8 29324.8 29324.8 29324.8 29324.8 29324.8 29324.8 29324.8 29324.8 29324.8 29324.8 29324.8 29324.8 29324.8 29324.8 29324.8 29324.8 29324.8 29324.8 29324.8 29324.8 29324.8 29324.8 29324.8 29324.8 29324.8 29324.8 29324.8 29324.8 29324.8 29324.8 29324.8 29324.8 29324.8 29324.8 29324.8 29324.8 29324.8 29324.8 29324.8 29324.8 29324.8 29324.8 29324.8 29324.8 29324.8 29324.8 29324.8 29324.8 29324.8 29324.8 29324.8 0 0 0 0 0 0 0 0 0 0 0 0 0 0 0 0 0 0 0 0 0 0 0 0 0
