SBPRF35
0.145258
Curr Bio
132852
B35
163339
F35
1.17754
FOFL
0.944952
OFL
42230.9
Bzero
41502.3
#pred survey bio
 3515.05 5728.15 10279.3 16394.9 28107 34104 31619.7 36932.7 61553.4 84523.4 103478 122149 167541 205112 189985 168890 147702 135216 146597 156065 158305 176226 181747 203014 210206 233675 193869 156958 5.48819e+06 2.91973e+06 1.5631e+06 840507 582164 484883 441734 419719 407584 400672 396691 394393 393067 392304 391864 391610 391467 391386 391340 391315 391300 391292 391287 391285 391283 391282 391282 391282 391281 391281 391281 391281 391281 391281 391281 391281 391281 391281 391281 391281 391281 391281 391281 391281 391281 391281 391281 391281 391281 391281 391281 391281 391281 391281 391281 391281 391281 391281 391281 391281 391281 391281 391281 391281 391281 391281 391281 391281 391281 391281 391281 391281 391281 391281 391281 391281 391281 391281 391281 391281 391281 391281 391281 391281 391281 391281 391281 391281 391281 391281 391281 391281 391281 391281 391281 391281 391281 391281 391281 391281 0 0 0 0 0 0 0 0 0 0 0 0 0 0 0 0 0 0 0 0 0 0 0 0 0
#obs survey bio
 2551.24 5722.8 8468.51 14807.9 28933.8 21094.1 18346.1 56468.9 68660.3 49911.5 84091.5 82213 129308 166631 116441 113226 135916 122893 91792.6 172070 147337 146126 132242 152800 161858 154769 187369 120079
#pred catch bio
 890.828 1728.65 3775.31 6066.12 10654.5 14727 15971 14486 26112.8 37836.5 50647 57822.5 77967.8 108950 106349 97012.5 82977.7 69664 78870.3 86897.8 83079.8 100123 96633 117903 112781 147006 124065 90029.6 42230.9 59931.8 29953.2 12416.3 7568.35 6456.13 6220.72 6173.33 6164.12 6162.38 6162.05 6161.99 6161.98 6161.98 6161.98 6161.98 6161.98 6161.98 6161.98 6161.98 6161.98 6161.98 6161.98 6161.98 6161.98 6161.98 6161.98 6161.98 6161.98 6161.98 6161.98 6161.98 6161.98 6161.98 6161.98 6161.98 6161.98 6161.98 6161.98 6161.98 6161.98 6161.98 6161.98 6161.98 6161.98 6161.98 6161.98 6161.98 6161.98 6161.98 6161.98 6161.98 6161.98 6161.98 6161.98 6161.98 6161.98 6161.98 6161.98 6161.98 6161.98 6161.98 6161.98 6161.98 6161.98 6161.98 6161.98 6161.98 6161.98 6161.98 6161.98 6161.98 6161.98 6161.98 6161.98 6161.98 6161.98 6161.98 6161.98 6161.98 6161.98 6161.98 6161.98 6161.98 6161.98 6161.98 6161.98 6161.98 6161.98 6161.98 6161.98 6161.98 6161.98 6161.98 6161.98 6161.98 6161.98 6161.98 6161.98 6161.98 0 0 0 0 0 0 0 0 0 0 0 0 0 0 0 0 0 0 0 0 0 0 0 0 0
#obs catch bio
 2615.65 1773.26 3646.64 5715.64 9941.85 14704 17446.8 13661.4 23988.3 36512.3 49689.6 56681 75089.1 104880 110120 111427 79173.9 63274.1 78963.3 80115.7 74340.1 92412.3 87221.9 106064 102108 140418 114452 85867.6
#pred cpue bio
 2158.93 2961.47 4949.63 7910.39 13070.2 18773.6 18756.6 17440.3 28417.2 41467.5 52136 59416 77540.7 101601 98825.1 85476.4 73962 67497.4 71923.2 75052 76017.1 84531.6 85217.3 96533.7 96665.1 110835 91755.8 73714.9 2.594e+06 2.19719e+06 1.38077e+06 700691 444311 347125 303981 281967 269832 262919 258938 256640 255315 254552 254112 253857 253714 253633 253588 253562 253548 253540 253535 253532 253531 253530 253529 253529 253529 253529 253529 253529 253529 253529 253529 253529 253529 253529 253529 253529 253529 253529 253529 253529 253529 253529 253529 253529 253529 253529 253529 253529 253529 253529 253529 253529 253529 253529 253529 253529 253529 253529 253529 253529 253529 253529 253529 253529 253529 253529 253529 253529 253529 253529 253529 253529 253529 253529 253529 253529 253529 253529 253529 253529 253529 253529 253529 253529 253529 253529 253529 253529 253529 253529 253529 253529 253529 253529 253529 253529 0 0 0 0 0 0 0 0 0 0 0 0 0 0 0 0 0 0 0 0 0 0 0 0 0
#obs cpue bio
 2685.94 3081.95 8368.98 12331.9 16569.2 17993.3 27806.5 20588.5 35198.1 61427.6 72805.7 95803.4 116183 146744 116512 69300.5 136770 110915 92244.5 122046 124472 137691 172798 203460 172426 191931 142992 109816
#pred surv len freq
 1.68864e-11 1.83285e-09 1.17302e-07 4.42663e-06 9.84978e-05 0.00129233 0.00999847 0.045627 0.122976 0.197087 0.194133 0.134914 0.0912749 0.0679892 0.0456969 0.0282285 0.018046 0.0119407 0.00821975 0.00599291 0.0046961 0.00399651 0.00349558 0.00270855 0.00158441
 1.82584e-11 1.98177e-09 1.26833e-07 4.78629e-06 0.000106501 0.00139733 0.0108107 0.0493309 0.132923 0.212737 0.208168 0.140911 0.0900271 0.0635029 0.0401932 0.0222475 0.0120702 0.00643133 0.00343621 0.00197367 0.00126084 0.000909831 0.000715745 0.000531683 0.000310696
 1.85389e-11 2.01222e-09 1.28782e-07 4.85983e-06 0.000108137 0.0014188 0.0109768 0.0500893 0.13497 0.216044 0.211544 0.143539 0.0919536 0.0642001 0.0388835 0.0194806 0.00922318 0.00420404 0.0018035 0.000769954 0.000352881 0.000188452 0.000119932 7.99264e-05 4.4901e-05
 1.81374e-11 1.96864e-09 1.25993e-07 4.75457e-06 0.000105795 0.00138807 0.0107392 0.0490072 0.132086 0.211683 0.208483 0.144706 0.0970215 0.069574 0.0416066 0.0197384 0.0085251 0.00344525 0.00124382 0.000417847 0.000138591 4.88463e-05 2.06955e-05 1.06615e-05 5.3526e-06
 1.88085e-11 2.04148e-09 1.30655e-07 4.9305e-06 0.00010971 0.00143943 0.0111364 0.0508167 0.13692 0.219086 0.214143 0.144272 0.0909731 0.062615 0.0374286 0.0182181 0.00807947 0.00322994 0.00109033 0.00032082 8.61012e-05 2.17506e-05 5.65521e-06 1.76078e-06 6.53749e-07
 1.51958e-11 1.64936e-09 1.05559e-07 3.98345e-06 8.86369e-05 0.00116296 0.00899816 0.0410753 0.110887 0.179164 0.183332 0.145682 0.122192 0.0994654 0.0609956 0.028411 0.0118217 0.00457976 0.00154476 0.000450649 0.000113842 2.47013e-05 4.7399e-06 8.77391e-07 1.82408e-07
 1.4438e-11 1.5671e-09 1.00294e-07 3.7848e-06 8.42167e-05 0.00110497 0.00854947 0.0390278 0.10537 0.170331 0.17469 0.139978 0.119601 0.101158 0.0685457 0.0390416 0.0200816 0.00854013 0.00285253 0.00079608 0.000194753 4.10081e-05 7.23753e-06 1.06777e-06 1.38394e-07
 1.90641e-11 2.06923e-09 1.3243e-07 4.9975e-06 0.000111201 0.00145899 0.0112876 0.0515046 0.138744 0.221764 0.215624 0.14224 0.0857683 0.0578335 0.0361436 0.0198353 0.0102809 0.00475547 0.0018502 0.000598405 0.000156184 3.25452e-05 5.52332e-06 7.66721e-07 8.57774e-08
 1.86856e-11 2.02815e-09 1.29801e-07 4.89829e-06 0.000108993 0.00143003 0.0110637 0.0504862 0.136045 0.217816 0.21351 0.145457 0.0937479 0.064929 0.0375669 0.0167983 0.00678874 0.00272398 0.00103342 0.000355059 0.000104765 2.50149e-05 4.64268e-06 6.57822e-07 7.11742e-08
 1.7583e-11 1.90846e-09 1.22141e-07 4.60923e-06 0.000102561 0.00134564 0.0104111 0.0475127 0.128098 0.205616 0.204036 0.145702 0.103033 0.076159 0.0451788 0.0204754 0.00814239 0.00294537 0.000906321 0.000247191 6.44816e-05 1.5568e-05 3.1693e-06 5.0266e-07 5.91417e-08
 1.72876e-11 1.87641e-09 1.2009e-07 4.53182e-06 0.000100839 0.00132304 0.0102363 0.0467158 0.12596 0.202275 0.201147 0.144799 0.104034 0.0781457 0.0475488 0.0227604 0.0097386 0.00369596 0.00114291 0.000292045 6.4566e-05 1.26051e-05 2.21866e-06 3.43495e-07 4.29798e-08
 1.78856e-11 1.94131e-09 1.24244e-07 4.68857e-06 0.000104326 0.0013688 0.0105902 0.0483285 0.130274 0.208919 0.20642 0.145039 0.0995792 0.0724871 0.0433716 0.0203409 0.00853665 0.00324918 0.00103583 0.000276079 6.20696e-05 1.15143e-05 1.76033e-06 2.26389e-07 2.46852e-08
 1.86462e-11 2.02386e-09 1.29527e-07 4.88794e-06 0.000108763 0.00142701 0.0110404 0.0503796 0.135759 0.217364 0.213101 0.145279 0.0938267 0.0652776 0.0381924 0.0174474 0.00707547 0.00261964 0.000819476 0.000216696 4.93508e-05 9.41563e-06 1.45788e-06 1.79393e-07 1.73752e-08
 1.72753e-11 1.87506e-09 1.20004e-07 4.52857e-06 0.000100766 0.0013221 0.010229 0.0466834 0.125885 0.202252 0.201583 0.146293 0.106411 0.0797791 0.0469984 0.0206989 0.0078894 0.00276986 0.000831947 0.000211515 4.66274e-05 8.74904e-06 1.35819e-06 1.69555e-07 1.64555e-08
 1.6358e-11 1.77551e-09 1.13632e-07 4.28813e-06 9.54163e-05 0.00125191 0.00968609 0.0442098 0.11927 0.19207 0.193541 0.14605 0.113434 0.0885837 0.0533498 0.0242325 0.00957975 0.00338285 0.000973411 0.000228428 4.62951e-05 8.1374e-06 1.20689e-06 1.46822e-07 1.41534e-08
 1.70623e-11 1.85195e-09 1.18525e-07 4.47275e-06 9.95242e-05 0.0013058 0.0101029 0.0461085 0.124341 0.199822 0.199406 0.145384 0.106747 0.0809815 0.0488771 0.0227592 0.00934861 0.00340971 0.00100574 0.000239689 4.78736e-05 7.95187e-06 1.08728e-06 1.22494e-07 1.11683e-08
 1.70402e-11 1.84955e-09 1.18371e-07 4.46694e-06 9.9395e-05 0.00130411 0.0100898 0.0460495 0.124191 0.199656 0.19959 0.14642 0.108501 0.082232 0.0485562 0.0213489 0.00808915 0.00280262 0.000818822 0.000197914 4.03719e-05 6.80164e-06 9.22768e-07 9.97308e-08 8.48944e-09
 1.71537e-11 1.86187e-09 1.19159e-07 4.4967e-06 0.000100057 0.00131279 0.010157 0.0463555 0.125007 0.200893 0.200473 0.146142 0.107169 0.0808648 0.0479706 0.021407 0.008258 0.00285426 0.000805162 0.000183787 3.57965e-05 5.95224e-06 8.15919e-07 8.93024e-08 7.57542e-09
 1.76491e-11 1.91564e-09 1.22601e-07 4.62657e-06 0.000102947 0.0013507 0.0104502 0.0476909 0.128571 0.206322 0.204481 0.145351 0.101972 0.0751844 0.044947 0.0208116 0.00849919 0.00308712 0.000907761 0.000215251 4.25475e-05 6.92751e-06 9.15158e-07 9.77501e-08 8.26449e-09
 1.78275e-11 1.935e-09 1.2384e-07 4.67334e-06 0.000103988 0.00136436 0.0105558 0.0481725 0.129865 0.20836 0.206318 0.146148 0.101747 0.0742194 0.0433709 0.0190482 0.00723387 0.0025192 0.000742722 0.000181695 3.74237e-05 6.32416e-06 8.53504e-07 9.07747e-08 7.49349e-09
 1.77455e-11 1.92611e-09 1.2327e-07 4.65184e-06 0.000103509 0.00135808 0.0105073 0.0479517 0.129278 0.207486 0.205773 0.146606 0.10311 0.0755129 0.0437786 0.0187269 0.00678038 0.00223338 0.000616941 0.000139878 2.72753e-05 4.56731e-06 6.3144e-07 6.94271e-08 5.87062e-09
 1.78865e-11 1.9414e-09 1.24249e-07 4.68879e-06 0.000104331 0.00136887 0.0105907 0.0483314 0.130289 0.209004 0.206787 0.146033 0.101105 0.0735616 0.0430992 0.0190768 0.00728156 0.00248701 0.000689803 0.00015275 2.83846e-05 4.45912e-06 5.81539e-07 6.21215e-08 5.2794e-09
 1.81281e-11 1.96763e-09 1.25928e-07 4.75213e-06 0.000105741 0.00138736 0.0107337 0.0489834 0.132037 0.211729 0.209108 0.146656 0.100106 0.071803 0.0411796 0.0173512 0.00613925 0.0019856 0.000543165 0.000121193 2.26309e-05 3.50025e-06 4.38065e-07 4.41068e-08 3.53552e-09
 1.79401e-11 1.94723e-09 1.24622e-07 4.70285e-06 0.000104644 0.00137297 0.0106225 0.0484764 0.13068 0.20963 0.207404 0.146452 0.101313 0.0734604 0.0425631 0.0183058 0.00667499 0.00219084 0.000589919 0.00012672 2.28439e-05 3.48688e-06 4.36467e-07 4.36084e-08 3.39687e-09
 1.84132e-11 1.99858e-09 1.27909e-07 4.82687e-06 0.000107404 0.00140918 0.0109025 0.0497524 0.134093 0.214894 0.211607 0.14673 0.0979264 0.0690856 0.0392468 0.0162904 0.00561112 0.00175748 0.000462971 9.81414e-05 1.73208e-05 2.55265e-06 3.06845e-07 2.97432e-08 2.28156e-09
 1.79124e-11 1.94422e-09 1.2443e-07 4.6956e-06 0.000104483 0.00137086 0.0106061 0.048402 0.130483 0.209348 0.207278 0.146765 0.102013 0.0740498 0.0426194 0.0179627 0.00632652 0.00200941 0.000526482 0.000109269 1.88052e-05 2.71826e-06 3.20877e-07 3.03035e-08 2.24795e-09
 1.77592e-11 1.92759e-09 1.23366e-07 4.65543e-06 0.000103589 0.00135913 0.0105155 0.0479894 0.129387 0.207716 0.206265 0.147635 0.10457 0.0764259 0.0432629 0.0172436 0.0054734 0.00157145 0.000386221 7.61254e-05 1.24117e-05 1.70539e-06 1.92678e-07 1.75504e-08 1.26434e-09
 1.78885e-11 1.94162e-09 1.24264e-07 4.68932e-06 0.000104343 0.00136903 0.010592 0.048338 0.130319 0.209147 0.207376 0.147606 0.103488 0.0751369 0.0424265 0.0168626 0.00531095 0.00149485 0.000351595 6.37901e-05 9.28673e-06 1.1483e-06 1.19677e-07 1.02209e-08 6.98074e-10
#obs surv len freq
 1.28593e-11 1.39575e-09 8.93281e-08 3.37097e-06 7.50085e-05 0.000984164 0.00761518 0.0347715 0.0939846 0.152699 0.159858 0.135731 0.124807 0.111841 0.0819336 0.050806 0.0272962 0.0119924 0.00417519 0.0011438 0.000240753 3.76327e-05 4.22992e-06 3.31704e-07 1.76502e-08
 1.83923e-11 1.99631e-09 1.27764e-07 4.82141e-06 0.000107282 0.00140759 0.0108902 0.0496956 0.133919 0.214373 0.209624 0.140764 0.0878924 0.0621867 0.0422749 0.0254333 0.013281 0.00564509 0.00189066 0.000495175 9.90416e-05 1.4618e-05 1.54137e-06 1.12725e-07 5.56675e-09
 1.56308e-11 1.69658e-09 1.08581e-07 4.0975e-06 9.11749e-05 0.00119628 0.00925629 0.0422602 0.114148 0.18473 0.189492 0.149388 0.120454 0.0934738 0.0555251 0.0251348 0.00988075 0.00354548 0.00109103 0.000269685 5.09937e-05 7.08511e-06 6.99862e-07 4.77339e-08 2.18969e-09
 1.80899e-11 1.96349e-09 1.25663e-07 4.74213e-06 0.000105519 0.00138445 0.0107116 0.0488877 0.131826 0.211592 0.209139 0.145283 0.0954563 0.0674422 0.0424757 0.0221449 0.00947857 0.00312575 0.000769452 0.000147357 2.28564e-05 2.7946e-06 2.52397e-07 1.59305e-08 6.77141e-10
 1.66225e-11 1.80421e-09 1.15469e-07 4.35746e-06 9.69595e-05 0.00127218 0.00984358 0.0449405 0.121358 0.196052 0.199046 0.150583 0.112529 0.0826106 0.0481376 0.0217479 0.00828729 0.00266663 0.00067606 0.000128506 1.78577e-05 1.79668e-06 1.31098e-07 6.90008e-09 2.55243e-10
 7.23214e-12 7.84981e-10 5.02388e-08 1.89588e-06 4.21874e-05 0.000553626 0.0042872 0.0196454 0.0539406 0.0935742 0.122129 0.156159 0.188399 0.170229 0.108746 0.0530929 0.0209715 0.00645376 0.00148225 0.000255165 3.31369e-05 3.16254e-06 2.13147e-07 9.85235e-09 3.0753e-10
 1.59977e-11 1.7364e-09 1.1113e-07 4.19369e-06 9.33151e-05 0.00122435 0.00947317 0.0432409 0.11665 0.187493 0.186094 0.131158 0.0920561 0.0792993 0.0688117 0.048599 0.0246896 0.00861604 0.00208787 0.000360389 4.46367e-05 3.92267e-06 2.40935e-07 1.01853e-08 2.90768e-10
 1.80245e-11 1.95639e-09 1.25208e-07 4.72499e-06 0.000105137 0.00137948 0.0106739 0.0487297 0.131545 0.211973 0.212125 0.151198 0.0998102 0.0657865 0.036791 0.017525 0.00793267 0.0032021 0.000980713 0.00020664 2.88905e-05 2.66076e-06 1.61752e-07 6.49548e-09 1.71584e-10
 1.59505e-11 1.73127e-09 1.10801e-07 4.18131e-06 9.30407e-05 0.0012208 0.00944739 0.0431553 0.116779 0.19006 0.197497 0.156707 0.120577 0.0862285 0.0479975 0.0204801 0.00711528 0.00204391 0.000483899 9.36149e-05 1.38634e-05 1.43342e-06 9.71448e-08 4.18935e-09 1.13691e-10
 1.47298e-11 1.59879e-09 1.02322e-07 3.86134e-06 8.59214e-05 0.00112742 0.00872561 0.0398744 0.108073 0.176956 0.187714 0.156598 0.128123 0.0961999 0.0570591 0.0264805 0.0096861 0.00266783 0.000535582 7.95267e-05 8.98325e-06 7.70969e-07 4.82618e-08 2.07851e-09 5.85086e-11
 1.42401e-11 1.54563e-09 9.89201e-08 3.73296e-06 8.30651e-05 0.00108996 0.00843637 0.0385634 0.104623 0.17188 0.184103 0.156469 0.1302 0.0991991 0.0605908 0.0294288 0.0112915 0.00325135 0.000675652 9.98734e-05 1.03935e-05 7.53762e-07 3.79347e-08 1.32213e-09 3.15735e-11
 1.6736e-11 1.81654e-09 1.16258e-07 4.38725e-06 9.76234e-05 0.00128095 0.0099132 0.0452855 0.122525 0.198993 0.204071 0.154052 0.109197 0.0758764 0.045179 0.0219469 0.00848357 0.00247862 0.000527281 8.00198e-05 8.47299e-06 6.10751e-07 2.9382e-08 9.31066e-10 1.92715e-11
 1.53008e-11 1.66076e-09 1.06289e-07 4.01104e-06 8.92535e-05 0.00117119 0.00906577 0.041449 0.112501 0.184858 0.197008 0.162654 0.126383 0.0876616 0.0475812 0.0202239 0.00697947 0.00190983 0.000394367 5.91501e-05 6.23842e-06 4.48883e-07 2.14913e-08 6.71416e-10 1.3479e-11
 1.29284e-11 1.40325e-09 8.98084e-08 3.38914e-06 7.54169e-05 0.00098972 0.00766377 0.0350851 0.0956922 0.159973 0.179825 0.165965 0.144872 0.108026 0.0620655 0.0275037 0.00938046 0.00237662 0.000437939 5.86936e-05 5.67425e-06 3.84926e-07 1.77079e-08 5.36565e-10 1.04771e-11
 1.22777e-11 1.33263e-09 8.52888e-08 3.2186e-06 7.16229e-05 0.00093997 0.00727959 0.033342 0.0910713 0.152889 0.173596 0.162907 0.145449 0.113099 0.0697911 0.0335426 0.0121631 0.00318437 0.000588256 7.60782e-05 6.82512e-06 4.19161e-07 1.73784e-08 4.79276e-10 8.64648e-12
 1.36826e-11 1.48512e-09 9.50478e-08 3.58687e-06 7.98176e-05 0.00104749 0.00811126 0.0371306 0.101178 0.168237 0.184892 0.161324 0.133095 0.0994469 0.060974 0.0297008 0.0110842 0.00302475 0.000584315 7.81047e-05 7.07189e-06 4.25775e-07 1.68114e-08 4.30814e-10 7.10159e-12
 1.35302e-11 1.46858e-09 9.39898e-08 3.54697e-06 7.89312e-05 0.00103593 0.00802359 0.0367567 0.100396 0.168097 0.187834 0.167535 0.137846 0.0985798 0.0563004 0.0255085 0.00905362 0.00241552 0.000465835 6.29085e-05 5.77583e-06 3.51294e-07 1.38697e-08 3.5013e-10 5.58766e-12
 1.39818e-11 1.51759e-09 9.71266e-08 3.66535e-06 8.15664e-05 0.00107054 0.00829205 0.0379892 0.103751 0.173449 0.192315 0.167849 0.134239 0.0942729 0.0531133 0.0233713 0.00785159 0.00195031 0.000350395 4.46921e-05 3.94353e-06 2.33697e-07 9.05932e-09 2.25045e-10 3.52724e-12
 1.41999e-11 1.54127e-09 9.86419e-08 3.72256e-06 8.28409e-05 0.00108732 0.0084233 0.0386062 0.105543 0.176806 0.196425 0.170524 0.133486 0.0906544 0.0490953 0.0207119 0.00666808 0.00158085 0.0002682 3.19098e-05 2.60934e-06 1.43545e-07 5.20408e-09 1.2202e-10 1.81985e-12
 1.41817e-11 1.5393e-09 9.8516e-08 3.71784e-06 8.27379e-05 0.00108605 0.00841517 0.0385913 0.105663 0.177641 0.198569 0.173006 0.134243 0.0893037 0.0469712 0.019047 0.00583532 0.00130766 0.000208802 2.32909e-05 1.77721e-06 9.07427e-08 3.03952e-09 6.57004e-11 9.03946e-13
 1.43964e-11 1.5626e-09 1.00008e-07 3.77416e-06 8.39929e-05 0.00110258 0.00854462 0.0391993 0.107409 0.180756 0.201843 0.174202 0.132487 0.0861861 0.0443098 0.0174516 0.00514046 0.00109649 0.000165165 1.72494e-05 1.22565e-06 5.80644e-08 1.79982e-09 3.59184e-11 4.55292e-13
 1.48089e-11 1.60737e-09 1.02873e-07 3.88234e-06 8.64023e-05 0.00113427 0.00879124 0.0403407 0.110573 0.186001 0.206668 0.175248 0.12915 0.0811353 0.0402729 0.0152665 0.00431165 0.000878368 0.000125664 1.23761e-05 8.2328e-07 3.62918e-08 1.04195e-09 1.91982e-11 2.24202e-13
 1.45511e-11 1.57939e-09 1.01083e-07 3.81485e-06 8.49044e-05 0.00111476 0.0086433 0.0397026 0.109116 0.184729 0.2078 0.178627 0.131587 0.0810037 0.0388527 0.0141012 0.00379202 0.000733247 9.92758e-05 9.21979e-06 5.76047e-07 2.37518e-08 6.35206e-10 1.08598e-11 1.17282e-13
 1.45575e-11 1.5801e-09 1.01129e-07 3.81664e-06 8.49477e-05 0.00111545 0.00865111 0.0397656 0.109454 0.185816 0.209673 0.179971 0.131212 0.0795334 0.0374157 0.0131928 0.00340126 0.000623223 7.93136e-05 6.88967e-06 4.01534e-07 1.54181e-08 3.83449e-10 6.08711e-12 6.09387e-14
 1.44877e-11 1.57253e-09 1.00645e-07 3.79847e-06 8.45482e-05 0.00111037 0.00861502 0.0396368 0.109332 0.186404 0.211623 0.182065 0.131462 0.0780669 0.0357568 0.0122081 0.00303024 0.000531314 6.42265e-05 5.25554e-06 2.86346e-07 1.02209e-08 2.35455e-10 3.45538e-12 3.19472e-14
 1.31576e-11 1.42816e-09 9.14073e-08 3.45001e-06 7.6804e-05 0.0010091 0.00783837 0.0361756 0.100597 0.174927 0.206777 0.188351 0.142259 0.0858748 0.0391786 0.0131515 0.00317632 0.000537411 6.22515e-05 4.84875e-06 2.49795e-07 8.37703e-09 1.80264e-10 2.45908e-12 2.10525e-14
 1.33127e-11 1.445e-09 9.24861e-08 3.4908e-06 7.77163e-05 0.0010212 0.00793388 0.0366264 0.10185 0.176802 0.207596 0.186769 0.13996 0.0850113 0.0393114 0.0132763 0.00317459 0.000523606 5.84413e-05 4.34843e-06 2.12576e-07 6.72811e-09 1.36021e-10 1.7363e-12 1.38599e-14
 1.35171e-11 1.46719e-09 9.39081e-08 3.54462e-06 7.89216e-05 0.00103726 0.0080625 0.0372568 0.103787 0.180555 0.211837 0.188359 0.137394 0.0805688 0.0359923 0.0118092 0.00276064 0.000446208 4.86331e-05 3.5054e-06 1.64423e-07 4.94999e-09 9.45311e-11 1.13395e-12 8.47279e-15
#pred catch len freq
 1.10915e-11 1.20387e-09 7.70477e-08 2.90754e-06 6.46967e-05 0.000848864 0.00656827 0.0299918 0.0810856 0.131977 0.139596 0.122923 0.1186 0.10812 0.0798045 0.0536722 0.0365739 0.024941 0.0173873 0.0127395 0.00999867 0.00851272 0.00744639 0.00576992 0.00337523
 1.34147e-11 1.45603e-09 9.31859e-08 3.51655e-06 7.82478e-05 0.00102666 0.00794368 0.0362654 0.0979532 0.158677 0.164311 0.135738 0.12082 0.104452 0.0720116 0.0428264 0.0246744 0.013564 0.00735202 0.00425053 0.00272168 0.0019652 0.00154618 0.00114859 0.000671196
 1.4342e-11 1.55669e-09 9.9628e-08 3.75965e-06 8.36571e-05 0.00109763 0.00849274 0.0387702 0.104694 0.169398 0.174472 0.141642 0.122752 0.103082 0.0670291 0.0355411 0.0177748 0.00836109 0.00363859 0.00156436 0.000719175 0.00038446 0.000244735 0.000163105 9.16295e-05
 1.38504e-11 1.50332e-09 9.62125e-08 3.63076e-06 8.07892e-05 0.00106 0.00820179 0.0374458 0.10117 0.164117 0.171005 0.143853 0.130197 0.110661 0.0704655 0.0352028 0.0160662 0.0067195 0.00246485 0.000834994 0.000278134 9.81986e-05 4.16285e-05 2.14481e-05 1.07682e-05
 1.48508e-11 1.61191e-09 1.03162e-07 3.89302e-06 8.66246e-05 0.00113656 0.0087939 0.0401432 0.108377 0.175153 0.179447 0.143219 0.121209 0.100337 0.0643053 0.0329917 0.0154013 0.00634489 0.0021717 0.000644021 0.000173622 4.39529e-05 1.14377e-05 3.56223e-06 1.32269e-06
 1.056e-11 1.14619e-09 7.33557e-08 2.76822e-06 6.15968e-05 0.000808209 0.00625434 0.0285735 0.0774591 0.12775 0.142906 0.145038 0.158505 0.144237 0.0922101 0.0448766 0.0196761 0.0078881 0.00270274 0.000794763 0.000201629 4.38383e-05 8.41994e-06 1.55924e-06 3.24213e-07
 1.00151e-11 1.08705e-09 6.95709e-08 2.62539e-06 5.84187e-05 0.000766508 0.00593159 0.027098 0.073445 0.121018 0.134883 0.135956 0.149055 0.140444 0.0998079 0.0595754 0.0318214 0.013785 0.00464542 0.00130432 0.00032035 6.75858e-05 1.19382e-05 1.76189e-06 2.28395e-07
 1.52125e-11 1.65117e-09 1.05675e-07 3.98783e-06 8.87342e-05 0.00116424 0.00900786 0.0411159 0.110948 0.178867 0.181189 0.139365 0.112322 0.092451 0.0626445 0.0364337 0.0197707 0.00935934 0.00368024 0.00119711 0.000313386 6.54009e-05 1.11081e-05 1.5426e-06 1.72612e-07
 1.49998e-11 1.62809e-09 1.04197e-07 3.93208e-06 8.74939e-05 0.00114797 0.00888217 0.0405467 0.109473 0.176984 0.181589 0.145552 0.123528 0.101068 0.0619805 0.0288961 0.0122667 0.00509418 0.00196257 0.000678771 0.000200862 4.80181e-05 8.91664e-06 1.26371e-06 1.36745e-07
 1.36181e-11 1.47812e-09 9.45993e-08 3.56989e-06 7.94347e-05 0.00104223 0.0080644 0.0368209 0.0995137 0.161689 0.169678 0.145752 0.135022 0.115133 0.0717697 0.0338411 0.0140887 0.00525655 0.00164111 0.000451191 0.000118255 2.86099e-05 5.82853e-06 9.24651e-07 1.08802e-07
 1.34717e-11 1.46222e-09 9.35819e-08 3.53149e-06 7.85803e-05 0.00103102 0.00797766 0.0364248 0.098443 0.159947 0.167845 0.144203 0.133841 0.115005 0.0734165 0.0365389 0.0162817 0.00633328 0.00198034 0.00050919 0.000113018 2.21108e-05 3.89555e-06 6.03348e-07 7.55041e-08
 1.41763e-11 1.5387e-09 9.84766e-08 3.7162e-06 8.26903e-05 0.00108495 0.00839473 0.0383253 0.103528 0.167793 0.174137 0.144702 0.128917 0.108538 0.0683664 0.0333519 0.0145991 0.00570597 0.00184105 0.000493812 0.00011143 2.07095e-05 3.16893e-06 4.0772e-07 4.4466e-08
 1.52049e-11 1.65035e-09 1.05622e-07 3.98585e-06 8.86902e-05 0.00116366 0.00900356 0.0410996 0.110949 0.179235 0.183266 0.145283 0.121529 0.0990534 0.061267 0.0290898 0.0123004 0.00468088 0.00148277 0.000394665 9.02225e-05 1.72458e-05 2.67251e-06 3.28978e-07 3.1869e-08
 1.38022e-11 1.49809e-09 9.58777e-08 3.61813e-06 8.05082e-05 0.00105632 0.00817336 0.0373179 0.10085 0.163806 0.171643 0.146771 0.135095 0.11436 0.0701125 0.0318064 0.0125691 0.00452994 0.00137734 0.000352311 7.7936e-05 1.46492e-05 2.27589e-06 2.84216e-07 2.75876e-08
 1.28234e-11 1.39186e-09 8.90788e-08 3.36156e-06 7.47992e-05 0.00098142 0.00759404 0.0346781 0.0937886 0.152918 0.162956 0.146218 0.142147 0.123482 0.0770619 0.0360325 0.0147361 0.00532434 0.00154813 0.000365313 7.43065e-05 1.3087e-05 1.94272e-06 2.36428e-07 2.27949e-08
 1.38178e-11 1.49979e-09 9.59864e-08 3.62223e-06 8.05994e-05 0.00105751 0.00818257 0.0373591 0.100949 0.163868 0.171252 0.145321 0.13277 0.112789 0.0707226 0.0338865 0.0143568 0.00534088 0.00158938 0.000380579 7.62458e-05 1.26858e-05 1.73599e-06 1.95653e-07 1.78418e-08
 1.37239e-11 1.4896e-09 9.53342e-08 3.59762e-06 8.00518e-05 0.00105033 0.00812705 0.037107 0.100288 0.162951 0.171024 0.146935 0.135981 0.115321 0.0706221 0.0318916 0.0124849 0.00442963 0.00130856 0.000318021 6.50812e-05 1.09831e-05 1.49125e-06 1.61233e-07 1.37272e-08
 1.3523e-11 1.46779e-09 9.39385e-08 3.54495e-06 7.88798e-05 0.00103495 0.00800811 0.0365648 0.0988347 0.16069 0.169119 0.146487 0.136927 0.116891 0.0722624 0.0332921 0.0133386 0.00473345 0.0013515 0.000310454 6.07201e-05 1.01202e-05 1.38874e-06 1.5207e-07 1.29027e-08
 1.43217e-11 1.55448e-09 9.94866e-08 3.75432e-06 8.35385e-05 0.00109607 0.0084808 0.0387179 0.104582 0.16945 0.175617 0.145312 0.1287 0.107832 0.0673407 0.0321877 0.0136031 0.00505084 0.00149991 0.000357543 7.09135e-05 1.15677e-05 1.52955e-06 1.63448e-07 1.3822e-08
 1.4728e-11 1.59858e-09 1.02309e-07 3.86083e-06 8.59085e-05 0.00112717 0.00872134 0.0398145 0.107524 0.174055 0.179626 0.146648 0.127459 0.105162 0.0639801 0.028869 0.0113189 0.00403392 0.00120212 0.000295634 6.10778e-05 1.03378e-05 1.39623e-06 1.4855e-07 1.22651e-08
 1.43999e-11 1.56297e-09 1.0003e-07 3.77483e-06 8.39948e-05 0.00110206 0.00852717 0.0389302 0.105165 0.170476 0.177049 0.147386 0.131236 0.109174 0.0659578 0.0290195 0.0108843 0.00368393 0.00103088 0.000235233 4.60522e-05 7.72843e-06 1.06953e-06 1.17646e-07 9.94982e-09
 1.48899e-11 1.61615e-09 1.03433e-07 3.90326e-06 8.68525e-05 0.00113955 0.00881712 0.0402508 0.108689 0.175835 0.180966 0.146476 0.125908 0.103459 0.0630874 0.0286693 0.0112775 0.00393426 0.00110182 0.000245194 4.57115e-05 7.19476e-06 9.3917e-07 1.00367e-07 8.5313e-09
 1.4977e-11 1.62561e-09 1.04039e-07 3.9261e-06 8.73608e-05 0.00114622 0.00886873 0.0404866 0.109327 0.176882 0.182109 0.147543 0.126828 0.103659 0.0620011 0.0268286 0.00981604 0.00326096 0.000903643 0.000202877 3.80252e-05 5.8934e-06 7.38315e-07 7.43738e-08 5.96307e-09
 1.50707e-11 1.63578e-09 1.0469e-07 3.95067e-06 8.79075e-05 0.0011534 0.00892419 0.040739 0.109999 0.177889 0.182774 0.147138 0.125461 0.102354 0.0615939 0.027125 0.0101742 0.0034113 0.000927768 0.000200276 3.62196e-05 5.539e-06 6.93968e-07 6.93644e-08 5.40417e-09
 1.54128e-11 1.67291e-09 1.07066e-07 4.04033e-06 8.99025e-05 0.00117957 0.00912665 0.0416618 0.112471 0.181723 0.18595 0.147716 0.123586 0.0995667 0.0590246 0.0251268 0.00893529 0.00287365 0.000766873 0.000163564 2.89765e-05 4.27986e-06 5.15029e-07 4.99488e-08 3.83246e-09
 1.54137e-11 1.67301e-09 1.07073e-07 4.04059e-06 8.99083e-05 0.00117964 0.00912722 0.0416643 0.112476 0.181721 0.185896 0.147545 0.12332 0.0993955 0.0591149 0.0253862 0.0091457 0.0029577 0.000781667 0.0001629 2.81091e-05 4.06961e-06 4.80776e-07 4.5421e-08 3.36998e-09
 1.53182e-11 1.66265e-09 1.06409e-07 4.01555e-06 8.93512e-05 0.00117234 0.00907073 0.0414076 0.111799 0.180757 0.185513 0.148769 0.125953 0.10156 0.0592111 0.0239633 0.00776182 0.00227215 0.000564232 0.000111732 1.82673e-05 2.51415e-06 2.84293e-07 2.59055e-08 1.8666e-09
 1.49831e-11 1.62627e-09 1.04081e-07 3.92769e-06 8.73962e-05 0.00114669 0.00887236 0.0405039 0.109384 0.177056 0.182669 0.148942 0.128918 0.105045 0.0614292 0.0248935 0.00805118 0.00232466 0.000554196 0.000101156 1.47829e-05 1.8328e-06 1.91297e-07 1.63486e-08 1.11693e-09
#obs catch len freq
 1.08661e-11 1.17941e-09 7.54823e-08 2.84847e-06 6.33825e-05 0.000831636 0.00643543 0.0293954 0.0795983 0.130465 0.141794 0.13341 0.137182 0.129034 0.0964031 0.0607102 0.0330386 0.0146724 0.00516753 0.00143473 0.000306603 4.87294e-05 5.57341e-06 4.4473e-07 2.40661e-08
 1.11896e-11 1.21453e-09 7.77295e-08 2.93328e-06 6.52696e-05 0.000856398 0.00662713 0.0302724 0.0819815 0.134375 0.14577 0.135717 0.136907 0.126647 0.0932636 0.0576773 0.0306401 0.013221 0.00449747 0.00119642 0.000242897 3.63822e-05 3.89416e-06 2.89145e-07 1.44962e-08
 1.72469e-11 1.87198e-09 1.19807e-07 4.52114e-06 0.000100601 0.00131993 0.0102124 0.0466092 0.125687 0.201811 0.199995 0.140844 0.0963264 0.0724256 0.0499843 0.0300022 0.0154691 0.00644779 0.00210684 0.000535003 0.000103054 1.45536e-05 1.45944e-06 1.00951e-07 4.69296e-09
 1.44123e-11 1.56432e-09 1.00116e-07 3.77808e-06 8.40676e-05 0.00110304 0.00853543 0.0389808 0.105433 0.171641 0.180255 0.151515 0.13147 0.104661 0.0621171 0.0279693 0.010898 0.00384488 0.00115404 0.000276219 5.02266e-05 6.66816e-06 6.25651e-07 4.03173e-08 1.73946e-09
 1.72013e-11 1.86704e-09 1.1949e-07 4.50919e-06 0.000100335 0.00131646 0.0101859 0.046496 0.125468 0.202021 0.202253 0.146414 0.102965 0.0755398 0.0477973 0.0247183 0.0103961 0.00334776 0.000802582 0.000149125 2.22784e-05 2.60197e-06 2.22961e-07 1.32809e-08 5.30447e-10
 1.5757e-11 1.71027e-09 1.09457e-07 4.13058e-06 9.19112e-05 0.00120595 0.0093317 0.0426138 0.115194 0.186898 0.19289 0.152639 0.120538 0.0902565 0.0524359 0.0234846 0.00881792 0.00277244 0.000682224 0.000125172 1.6706e-05 1.60635e-06 1.11369e-07 5.53384e-09 1.92178e-10
 6.5597e-12 7.11994e-10 4.55676e-08 1.7196e-06 3.82656e-05 0.000502193 0.00388998 0.0178458 0.0492296 0.0868829 0.118555 0.159423 0.195277 0.175386 0.110926 0.0534778 0.0207114 0.00620823 0.00138325 0.00022992 2.86456e-05 2.60663e-06 1.66664e-07 7.27637e-09 2.13588e-10
 1.53485e-11 1.66594e-09 1.0662e-07 4.0235e-06 8.95285e-05 0.00117468 0.00908919 0.0414945 0.112008 0.180479 0.180829 0.131253 0.0967685 0.0855702 0.073911 0.0511322 0.0252657 0.00855125 0.0020041 0.00033308 3.95119e-05 3.30874e-06 1.92702e-07 7.68764e-09 2.06243e-10
 1.75618e-11 1.90617e-09 1.21995e-07 4.60371e-06 0.000102439 0.00134409 0.0104005 0.0474901 0.128286 0.207264 0.209317 0.152862 0.104137 0.0693723 0.0386371 0.0182824 0.00814951 0.00319357 0.000940582 0.00018963 2.52828e-05 2.21325e-06 1.27419e-07 4.82677e-09 1.19823e-10
 1.55296e-11 1.6856e-09 1.07878e-07 4.071e-06 9.05866e-05 0.00118862 0.00919901 0.0420319 0.113854 0.18597 0.195472 0.15894 0.124836 0.0891866 0.0490768 0.0206228 0.0070175 0.0019638 0.000450576 8.37397e-05 1.18025e-05 1.15459e-06 7.37923e-08 2.99405e-09 7.62768e-11
 1.43581e-11 1.55844e-09 9.974e-08 3.7639e-06 8.37537e-05 0.001099 0.00850641 0.0388852 0.105515 0.173465 0.186218 0.158896 0.131984 0.0987092 0.0578215 0.0263515 0.0093921 0.0025058 0.000485573 6.9309e-05 7.47886e-06 6.08551e-07 3.58758e-08 1.44844e-09 3.81239e-11
 1.39427e-11 1.51335e-09 9.68541e-08 3.655e-06 8.1331e-05 0.00106723 0.00826125 0.0377758 0.102609 0.169238 0.183276 0.158743 0.133445 0.101045 0.0609016 0.0290109 0.0108298 0.00301513 0.000602949 8.53463e-05 8.46308e-06 5.82111e-07 2.76494e-08 9.04657e-10 2.01802e-11
 1.65448e-11 1.79578e-09 1.1493e-07 4.33713e-06 9.65089e-05 0.00126635 0.00980081 0.0447818 0.121251 0.197388 0.20376 0.155763 0.111355 0.0769406 0.0451847 0.0215057 0.00808037 0.00228036 0.000466108 6.75924e-05 6.80339e-06 4.64116e-07 2.10502e-08 6.26649e-10 1.21428e-11
 1.51588e-11 1.64535e-09 1.05302e-07 3.97383e-06 8.84263e-05 0.00116037 0.00898285 0.0410829 0.111621 0.18397 0.197514 0.16474 0.128056 0.0877392 0.0468441 0.0195145 0.00655332 0.00173202 0.000343299 4.91316e-05 4.91742e-06 3.34239e-07 1.50587e-08 4.41287e-10 8.28739e-12
 1.28353e-11 1.39315e-09 8.91618e-08 3.36475e-06 7.48752e-05 0.000982653 0.00761014 0.0348557 0.0952019 0.159779 0.181092 0.168426 0.146327 0.107522 0.0606523 0.0262462 0.00867851 0.00212015 0.00037502 4.79769e-05 4.3997e-06 2.81568e-07 1.21682e-08 3.45237e-10 6.29583e-12
 1.22388e-11 1.32841e-09 8.50184e-08 3.2084e-06 7.13971e-05 0.000937053 0.00725815 0.03326 0.0909773 0.153303 0.175318 0.165394 0.146708 0.112377 0.0680116 0.0318405 0.0111654 0.00281197 0.000497391 6.12843e-05 5.21147e-06 3.0196e-07 1.17598e-08 3.03449e-10 5.10572e-12
 1.36913e-11 1.48606e-09 9.51084e-08 3.58917e-06 7.98699e-05 0.00104822 0.00811798 0.037176 0.101414 0.169095 0.186777 0.163464 0.13384 0.09844 0.0591611 0.0280566 0.0101174 0.00265163 0.000489289 6.2149e-05 5.32286e-06 3.01951e-07 1.11936e-08 2.68441e-10 4.1287e-12
 1.35803e-11 1.47401e-09 9.43375e-08 3.56011e-06 7.9225e-05 0.00103984 0.00805512 0.0369175 0.100955 0.169494 0.190179 0.169613 0.137957 0.0968737 0.0541844 0.0239078 0.0082004 0.00210003 0.000386354 4.949e-05 4.28905e-06 2.45276e-07 9.07626e-09 2.14175e-10 3.18771e-12
 1.40714e-11 1.52732e-09 9.77496e-08 3.68889e-06 8.20915e-05 0.00107749 0.00834714 0.0382578 0.104596 0.175262 0.194898 0.169764 0.13397 0.0922228 0.0507736 0.0217065 0.00703656 0.00167675 0.000287321 3.47402e-05 2.88992e-06 1.6075e-07 5.8296e-09 1.35123e-10 1.9721e-12
 1.43228e-11 1.55461e-09 9.94963e-08 3.75483e-06 8.35607e-05 0.00109683 0.00849836 0.0389669 0.106639 0.179002 0.199249 0.172262 0.132747 0.0882164 0.0466293 0.0190925 0.00592344 0.00134506 0.000217348 2.44931e-05 1.88722e-06 9.73884e-08 3.29971e-09 7.20923e-11 9.99625e-13
 1.43339e-11 1.55582e-09 9.95739e-08 3.75779e-06 8.36289e-05 0.00109782 0.00850787 0.039034 0.106985 0.180189 0.201628 0.174623 0.133123 0.0865186 0.0443479 0.0174293 0.00513973 0.00110203 0.000167428 1.76708e-05 1.26937e-06 6.07575e-08 1.9011e-09 3.82744e-11 4.89303e-13
 1.45742e-11 1.58191e-09 1.01244e-07 3.82084e-06 8.50342e-05 0.00111633 0.00865276 0.0397134 0.108923 0.183584 0.205046 0.175655 0.131047 0.0831629 0.0416035 0.0158572 0.00448985 0.000915242 0.000131036 1.29374e-05 8.64761e-07 3.83793e-08 1.11067e-09 2.06358e-11 2.42967e-13
 1.50042e-11 1.62858e-09 1.04231e-07 3.93361e-06 8.75458e-05 0.00114937 0.00890997 0.0409037 0.112217 0.189003 0.209906 0.176478 0.127411 0.0779706 0.0376078 0.0137799 0.00373668 0.000726601 9.86888e-05 9.17946e-06 5.73999e-07 2.36909e-08 6.34747e-10 1.08845e-11 1.18033e-13
 1.477e-11 1.60316e-09 1.02605e-07 3.87232e-06 8.61865e-05 0.0011317 0.00877653 0.0403342 0.110953 0.18804 0.211242 0.179719 0.129475 0.0775403 0.0360983 0.0126503 0.0032629 0.000601593 7.7247e-05 6.76885e-06 3.97206e-07 1.53236e-08 3.82237e-10 6.07959e-12 6.09534e-14
 1.47944e-11 1.60582e-09 1.02776e-07 3.87885e-06 8.63359e-05 0.0011338 0.00879544 0.0404493 0.111434 0.189337 0.21322 0.180939 0.128865 0.0758941 0.034601 0.0117625 0.00290519 0.000507106 6.11577e-05 5.00888e-06 2.73979e-07 9.83636e-09 2.28032e-10 3.36597e-12 3.12701e-14
 1.47341e-11 1.59927e-09 1.02358e-07 3.86317e-06 8.59927e-05 0.00112948 0.00876554 0.040351 0.111403 0.190066 0.215233 0.182908 0.128907 0.0743104 0.0329491 0.0108333 0.00257313 0.000429296 4.91278e-05 3.78736e-06 1.93566e-07 6.45739e-09 1.38611e-10 1.89074e-12 1.62157e-14
 1.34279e-11 1.45751e-09 9.32871e-08 3.52106e-06 7.83914e-05 0.00103013 0.0080045 0.0369677 0.102908 0.17904 0.210842 0.18929 0.139369 0.0816375 0.0360279 0.0116334 0.00268556 0.000431882 4.73112e-05 3.46857e-06 1.67496e-07 5.24701e-09 1.05174e-10 1.33332e-12 1.05873e-14
 1.35972e-11 1.47589e-09 9.44644e-08 3.56559e-06 7.93872e-05 0.00104333 0.00810874 0.0374586 0.104264 0.18105 0.211732 0.187719 0.137056 0.0806678 0.036011 0.0116764 0.00266504 0.000417373 4.40152e-05 3.08009e-06 1.41035e-07 4.16719e-09 7.84365e-11 9.30128e-13 6.88486e-15
#spawning biomass
 3115.34 4884.72 8655.3 13873.6 23485.5 30234.5 28434.4 30811.6 51480.2 72134.9 88864.4 103767 140217 175872 165436 145489 127138 116196 125005 132517 134536 149484 153339 171937 176341 197923 164492 132852 132690 129044 58263.6 25790.2 17052.6 15054.2 14631.3 14546.2 14529.7 14526.5 14526 14525.8 14525.8 14525.8 14525.8 14525.8 14525.8 14525.8 14525.8 14525.8 14525.8 14525.8 14525.8 14525.8 14525.8 14525.8 14525.8 14525.8 14525.8 14525.8 14525.8 14525.8 14525.8 14525.8 14525.8 14525.8 14525.8 14525.8 14525.8 14525.8 14525.8 14525.8 14525.8 14525.8 14525.8 14525.8 14525.8 14525.8 14525.8 14525.8 14525.8 14525.8 14525.8 14525.8 14525.8 14525.8 14525.8 14525.8 14525.8 14525.8 14525.8 14525.8 14525.8 14525.8 14525.8 14525.8 14525.8 14525.8 14525.8 14525.8 14525.8 14525.8 14525.8 14525.8 14525.8 14525.8 14525.8 14525.8 14525.8 14525.8 14525.8 14525.8 14525.8 14525.8 14525.8 14525.8 14525.8 14525.8 14525.8 14525.8 14525.8 14525.8 14525.8 14525.8 14525.8 14525.8 14525.8 14525.8 14525.8 14525.8 0 0 0 0 0 0 0 0 0 0 0 0 0 0 0 0 0 0 0 0 0 0 0 0 0
