SBPRF35
0.819782
Curr Bio
166731
B35
1.6107e+06
F35
0.212576
FOFL
0
OFL
0
Bzero
234224
#pred survey bio
 27714.8 24820 21591.7 24808.8 37137.5 47627.3 63960.7 84535.8 114415 133900 169149 155881 167850 233851 237286 219597 202229 196955 232086 227950 225744 227340 270515 245113 236616 242699 193565 161811 3.14951e+06 7.13109e+06 8.16511e+06 8.04373e+06 7.27995e+06 6.28808e+06 5.31481e+06 4.47389e+06 3.79786e+06 3.27823e+06 2.89017e+06 2.60569e+06 2.39949e+06 2.25089e+06 2.14372e+06 2.06329e+06 2.00635e+06 1.96561e+06 1.93614e+06 1.91457e+06 1.89861e+06 1.88665e+06 1.8776e+06 1.87068e+06 1.86533e+06 1.86117e+06 1.8579e+06 1.85532e+06 1.85326e+06 1.85162e+06 1.85031e+06 1.84925e+06 1.84839e+06 1.8477e+06 1.84713e+06 1.84668e+06 1.8463e+06 1.846e+06 1.84575e+06 1.84555e+06 1.84539e+06 1.84525e+06 1.84514e+06 1.84505e+06 1.84498e+06 1.84492e+06 1.84487e+06 1.84483e+06 1.8448e+06 1.84477e+06 1.84475e+06 1.84473e+06 1.84471e+06 1.8447e+06 1.84469e+06 1.84468e+06 1.84468e+06 1.84467e+06 1.84467e+06 1.84466e+06 1.84466e+06 1.84466e+06 1.84466e+06 1.84465e+06 1.84465e+06 1.84465e+06 1.84465e+06 1.84465e+06 1.84465e+06 1.84465e+06 1.84465e+06 1.84465e+06 1.84465e+06 1.84465e+06 1.84465e+06 1.84465e+06 1.84465e+06 1.84465e+06 1.84465e+06 1.84465e+06 1.84465e+06 1.84465e+06 1.84465e+06 1.84465e+06 1.84465e+06 1.84465e+06 1.84465e+06 1.84465e+06 1.84465e+06 1.84465e+06 1.84465e+06 1.84465e+06 1.84465e+06 1.84465e+06 1.84465e+06 1.84465e+06 1.84465e+06 1.84465e+06 1.84465e+06 1.84465e+06 0 0 0 0 0 0 0 0 0 0 0 0 0 0 0 0 0 0 0 0 0 0 0 0 0
#obs survey bio
 26575.6 21163.6 17893 25080.4 50203 46466.4 56993.5 63872.9 167691 151326 135705 117813 177416 215330 197245 152051 234681 212720 200102 246668 270385 245350 393183 234018 311726 257366 180416 135323
#pred catch bio
 15628.4 14768.7 11401.5 9597.3 23281.9 32734.6 46198.6 60180 88379.4 95091.3 143801 134492 126036 198599 215333 208679 192787 179854 227824 223787 225487 226596 295272 263256 252658 281414 228975 205691 0 58716.5 66806.7 65179.5 58243.6 49536.8 41144.6 34005.8 28362.7 24109.9 21008.6 18799.7 17253.4 16184.8 15452.3 14940.8 14602.2 14378.1 14229.7 14131.5 14066.5 14023.5 13995 13976.1 13963.6 13955.4 13949.9 13946.3 13943.9 13942.3 13941.3 13940.6 13940.1 13939.8 13939.6 13939.5 13939.4 13939.3 13939.3 13939.2 13939.2 13939.2 13939.2 13939.2 13939.2 13939.2 13939.2 13939.2 13939.2 13939.2 13939.2 13939.2 13939.2 13939.2 13939.2 13939.2 13939.2 13939.2 13939.2 13939.2 13939.2 13939.2 13939.2 13939.2 13939.2 13939.2 13939.2 13939.2 13939.2 13939.2 13939.2 13939.2 13939.2 13939.2 13939.2 13939.2 13939.2 13939.2 13939.2 13939.2 13939.2 13939.2 13939.2 13939.2 13939.2 13939.2 13939.2 13939.2 13939.2 13939.2 13939.2 13939.2 13939.2 13939.2 13939.2 13939.2 13939.2 13939.2 13939.2 13939.2 0 0 0 0 0 0 0 0 0 0 0 0 0 0 0 0 0 0 0 0 0 0 0 0 0
#obs catch bio
 13956.9 14909 13006.8 9493.95 23314.7 32495.9 42932.3 62289.1 86142.4 87512.8 138254 137743 119417 200638 222235 218483 184506 170512 226778 206155 207257 204990 269766 244944 200863 273537 220222 214306
#pred cpue bio
 25263.9 23206.7 19039.7 22423.1 32043.3 39607 52429 69065.7 93745.5 109993 141626 126191 132677 190283 192908 173475 158107 152605 178019 174465 172752 169726 197895 177655 174153 173851 135419 111487 1.94174e+06 7.09077e+06 8.12485e+06 8.00348e+06 7.23969e+06 6.24783e+06 5.27456e+06 4.43363e+06 3.75761e+06 3.23797e+06 2.84992e+06 2.56544e+06 2.35923e+06 2.21063e+06 2.10347e+06 2.02304e+06 1.96609e+06 1.92536e+06 1.89589e+06 1.87432e+06 1.85835e+06 1.8464e+06 1.83735e+06 1.83043e+06 1.82508e+06 1.82092e+06 1.81765e+06 1.81506e+06 1.81301e+06 1.81137e+06 1.81005e+06 1.80899e+06 1.80814e+06 1.80744e+06 1.80688e+06 1.80642e+06 1.80605e+06 1.80575e+06 1.8055e+06 1.8053e+06 1.80513e+06 1.805e+06 1.80489e+06 1.8048e+06 1.80472e+06 1.80466e+06 1.80461e+06 1.80457e+06 1.80454e+06 1.80451e+06 1.80449e+06 1.80447e+06 1.80446e+06 1.80445e+06 1.80444e+06 1.80443e+06 1.80442e+06 1.80442e+06 1.80441e+06 1.80441e+06 1.80441e+06 1.8044e+06 1.8044e+06 1.8044e+06 1.8044e+06 1.8044e+06 1.8044e+06 1.8044e+06 1.8044e+06 1.8044e+06 1.80439e+06 1.80439e+06 1.80439e+06 1.80439e+06 1.80439e+06 1.80439e+06 1.80439e+06 1.80439e+06 1.80439e+06 1.80439e+06 1.80439e+06 1.80439e+06 1.80439e+06 1.80439e+06 1.80439e+06 1.80439e+06 1.80439e+06 1.80439e+06 1.80439e+06 1.80439e+06 1.80439e+06 1.80439e+06 1.80439e+06 1.80439e+06 1.80439e+06 1.80439e+06 1.80439e+06 1.80439e+06 1.80439e+06 1.80439e+06 0 0 0 0 0 0 0 0 0 0 0 0 0 0 0 0 0 0 0 0 0 0 0 0 0
#obs cpue bio
 18207.1 21213.4 14676.5 18804.3 36425.5 41148.1 85310.2 59842.7 91731.3 126211 218174 137439 148050 196387 212780 208112 173646 166947 213862 231821 203674 229601 204250 236554 353719 169867 165536 112091
#pred surv len freq
 9.77596e-12 1.06109e-09 6.79094e-08 2.5627e-06 5.70236e-05 0.000748204 0.00579 0.0264524 0.0717129 0.118304 0.132492 0.134927 0.148466 0.137542 0.0928974 0.0518857 0.0289723 0.0168073 0.0102116 0.00670496 0.0048481 0.00389972 0.00330016 0.00251712 0.00146245
 7.74465e-12 8.40607e-10 5.37988e-08 2.0302e-06 4.5175e-05 0.00059275 0.00458742 0.0209677 0.0569734 0.0950323 0.111256 0.12498 0.149839 0.148267 0.112659 0.0752827 0.0465038 0.0250915 0.0124103 0.00627545 0.00349057 0.00224518 0.00164235 0.00117781 0.000678257
 1.23332e-11 1.33865e-09 8.56732e-08 3.23304e-06 7.19394e-05 0.000943887 0.00730324 0.0333413 0.0900517 0.145849 0.150917 0.124599 0.112068 0.101735 0.0799495 0.0589005 0.0414464 0.0260088 0.0142381 0.00678049 0.00296512 0.00136759 0.000750947 0.000459485 0.000249087
 1.01561e-11 1.10234e-09 7.05499e-08 2.66234e-06 5.92407e-05 0.000777292 0.00601497 0.0274772 0.0744499 0.122488 0.135657 0.134564 0.144843 0.133438 0.0907675 0.0524174 0.0318055 0.0204963 0.012665 0.00687808 0.00314945 0.00124881 0.000486659 0.000215297 9.86183e-05
 1.33857e-11 1.45289e-09 9.29845e-08 3.50895e-06 7.80786e-05 0.00102443 0.00792628 0.0361818 0.0976695 0.157752 0.161193 0.127835 0.108945 0.0964815 0.0750637 0.0537351 0.0350941 0.0199044 0.0106458 0.00573496 0.00288001 0.00122613 0.000436546 0.000142619 4.75605e-05
 1.44005e-11 1.56304e-09 1.00034e-07 3.77498e-06 8.39981e-05 0.0011021 0.00852734 0.0389279 0.105116 0.170052 0.175003 0.14166 0.122019 0.101256 0.0640585 0.0329161 0.0175814 0.0104113 0.0059544 0.00302653 0.00139888 0.000596692 0.000220422 6.72222e-05 1.75508e-05
 1.46851e-11 1.59393e-09 1.02011e-07 3.84959e-06 8.56582e-05 0.00112388 0.00869588 0.0396974 0.107196 0.173426 0.178525 0.144621 0.12459 0.102983 0.0639762 0.0306563 0.0135548 0.0059721 0.00267813 0.00126977 0.000586398 0.000240716 8.57208e-05 2.57585e-05 6.26748e-06
 1.47094e-11 1.59657e-09 1.0218e-07 3.85596e-06 8.58e-05 0.00112574 0.0087103 0.0397637 0.107381 0.173777 0.179124 0.1457 0.1261 0.104108 0.0639411 0.0297194 0.0124654 0.00504283 0.00189184 0.000679362 0.000247326 9.10611e-05 3.11191e-05 9.0362e-06 2.11641e-06
 1.45869e-11 1.58327e-09 1.01329e-07 3.82385e-06 8.50857e-05 0.00111637 0.00863781 0.0394333 0.106497 0.172409 0.178011 0.145561 0.126889 0.105237 0.0649615 0.0304761 0.0128711 0.00513713 0.00183672 0.000593163 0.000176464 4.95828e-05 1.36174e-05 3.53172e-06 7.83788e-07
 1.4407e-11 1.56375e-09 1.0008e-07 3.77669e-06 8.40363e-05 0.00110261 0.00853136 0.038949 0.10521 0.170501 0.176855 0.146673 0.130036 0.108144 0.0657337 0.0295616 0.0117728 0.00453634 0.00160641 0.000510931 0.000143766 3.53272e-05 7.71363e-06 1.54487e-06 2.83747e-07
 1.36433e-11 1.48085e-09 9.47744e-08 3.57649e-06 7.95817e-05 0.00104416 0.0080793 0.0368885 0.099691 0.161932 0.169727 0.145281 0.134067 0.114259 0.0715019 0.0341532 0.0146613 0.00580704 0.00199974 0.000609273 0.000166395 3.95467e-05 7.96337e-06 1.34833e-06 1.94758e-07
 1.4962e-11 1.62398e-09 1.03935e-07 3.92217e-06 8.72733e-05 0.00114507 0.00885984 0.0404459 0.109217 0.1767 0.181907 0.147336 0.126583 0.103381 0.061758 0.0267802 0.0101133 0.00377732 0.00133474 0.000422709 0.000115394 2.65694e-05 5.13831e-06 8.20651e-07 1.05821e-07
 1.57954e-11 1.71444e-09 1.09724e-07 4.14065e-06 9.21347e-05 0.00120886 0.00935317 0.0426941 0.115234 0.185995 0.189416 0.14812 0.121098 0.0961165 0.0560798 0.0230717 0.00784795 0.00256679 0.000795106 0.00022886 6.09624e-05 1.4258e-05 2.76764e-06 4.31386e-07 5.30329e-08
 1.47366e-11 1.59951e-09 1.02369e-07 3.86307e-06 8.59583e-05 0.00112782 0.00872641 0.039838 0.107592 0.174205 0.179963 0.147372 0.128492 0.105801 0.063596 0.0277989 0.0103917 0.00358502 0.00106709 0.000273639 6.34195e-05 1.33174e-05 2.4605e-06 3.8041e-07 4.65283e-08
 1.47234e-11 1.59808e-09 1.02277e-07 3.85962e-06 8.58815e-05 0.00112682 0.00871865 0.0398031 0.107506 0.174125 0.18016 0.148227 0.129888 0.106741 0.0632143 0.0265487 0.00936093 0.00316447 0.000983297 0.00026739 6.20202e-05 1.19949e-05 1.95371e-06 2.70731e-07 3.11253e-08
 1.5772e-11 1.71189e-09 1.09561e-07 4.13449e-06 9.19977e-05 0.00120706 0.00933928 0.0426311 0.11507 0.185781 0.189435 0.148732 0.122228 0.0969954 0.0560358 0.0223455 0.00712518 0.00215468 0.000616958 0.00016043 3.73955e-05 7.47509e-06 1.22285e-06 1.59595e-07 1.65266e-08
 1.60784e-11 1.74516e-09 1.1169e-07 4.21483e-06 9.37853e-05 0.00123051 0.00952069 0.0434581 0.117287 0.189235 0.192367 0.149491 0.120922 0.0947741 0.0536979 0.0202767 0.00571166 0.001464 0.000363064 8.31114e-05 1.74055e-05 3.26167e-06 5.24365e-07 6.90568e-08 7.11589e-09
 1.63843e-11 1.77836e-09 1.13815e-07 4.29501e-06 9.55694e-05 0.00125392 0.00970173 0.0442829 0.119491 0.192617 0.194984 0.149395 0.118318 0.0916899 0.0517156 0.0194011 0.0053644 0.00131479 0.000298964 5.94601e-05 1.05051e-05 1.68366e-06 2.39211e-07 2.90848e-08 2.89342e-09
 1.67488e-11 1.81792e-09 1.16347e-07 4.39057e-06 9.76956e-05 0.00128181 0.00991746 0.0452655 0.122114 0.196613 0.197943 0.14884 0.114539 0.087557 0.0495183 0.018959 0.0055036 0.00143273 0.00033506 6.55064e-05 1.08323e-05 1.53936e-06 1.85978e-07 1.91101e-08 1.65545e-09
 1.67715e-11 1.82038e-09 1.16504e-07 4.3965e-06 9.78277e-05 0.00128355 0.00993088 0.045327 0.122283 0.196916 0.198384 0.149513 0.115377 0.0879956 0.0490428 0.0179021 0.00463256 0.00103469 0.000223093 4.39675e-05 7.53928e-06 1.08121e-06 1.25165e-07 1.16318e-08 8.69706e-10
 1.67748e-11 1.82074e-09 1.16527e-07 4.39737e-06 9.78471e-05 0.0012838 0.00993285 0.045336 0.122307 0.196952 0.198412 0.149513 0.115354 0.0879731 0.0490393 0.0179065 0.00462435 0.00101427 0.00020582 3.62422e-05 5.50164e-06 7.4057e-07 8.55895e-08 8.02865e-09 5.85808e-10
 1.75489e-11 1.90476e-09 1.21904e-07 4.6003e-06 0.000102362 0.00134304 0.010391 0.0474232 0.127884 0.205496 0.204963 0.14907 0.108446 0.0799189 0.0440187 0.0158945 0.00400321 0.000843072 0.00016542 2.84654e-05 4.15214e-06 5.15814e-07 5.3537e-08 4.58963e-09 3.20896e-10
 1.81389e-11 1.9688e-09 1.26003e-07 4.75497e-06 0.000105804 0.00138819 0.0107402 0.049014 0.132134 0.212006 0.209948 0.148708 0.103144 0.0737574 0.0402056 0.0143977 0.00355908 0.000724078 0.000136702 2.26666e-05 3.1784e-06 3.80494e-07 3.79373e-08 3.05578e-09 1.95622e-10
 1.83664e-11 1.9935e-09 1.27584e-07 4.81461e-06 0.000107131 0.0014056 0.0108749 0.0496278 0.133777 0.214544 0.212002 0.148934 0.101655 0.0717407 0.0385593 0.0132876 0.00293294 0.000469075 6.71007e-05 9.40921e-06 1.2192e-06 1.38895e-07 1.32732e-08 1.02591e-09 6.28639e-11
 1.79346e-11 1.94662e-09 1.24584e-07 4.7014e-06 0.000104612 0.00137255 0.0106193 0.0484634 0.130666 0.209782 0.208369 0.149239 0.105597 0.0762939 0.0413377 0.0143302 0.00320673 0.000526443 7.56311e-05 9.68424e-06 1.02022e-06 9.06763e-08 7.22088e-09 5.05134e-10 2.91957e-11
 1.86905e-11 2.02867e-09 1.29835e-07 4.89956e-06 0.000109021 0.0014304 0.0110667 0.0505014 0.13611 0.218108 0.214688 0.148592 0.098526 0.0682174 0.0365364 0.0126763 0.00286689 0.000483337 7.21229e-05 9.53946e-06 1.02493e-06 8.92376e-08 6.37394e-09 3.66277e-10 1.7026e-11
 1.9278e-11 2.09244e-09 1.33916e-07 5.05356e-06 0.000112448 0.00147535 0.0114144 0.0520854 0.140343 0.224597 0.219683 0.148321 0.0933824 0.0621672 0.0326906 0.0110502 0.0023141 0.000319492 3.45653e-05 3.55219e-06 3.50052e-07 3.06438e-08 2.24358e-09 1.29638e-10 5.75259e-12
 1.96443e-11 2.1322e-09 1.36461e-07 5.1496e-06 0.000114585 0.00150339 0.0116312 0.0530733 0.142982 0.228635 0.222757 0.148038 0.090001 0.0582826 0.0303494 0.0102049 0.00211162 0.000280785 2.75925e-05 2.39786e-06 1.87704e-07 1.23579e-08 7.03541e-10 3.57528e-11 1.54327e-12
#obs surv len freq
 3.5554e-11 3.29502e-09 1.80059e-07 5.80175e-06 0.000110229 0.00123492 0.00815988 0.0318372 0.0738013 0.104923 0.105332 0.105969 0.123158 0.131066 0.120205 0.0943659 0.0583328 0.0274398 0.0101734 0.00303453 0.000708638 0.00012408 1.5679e-05 1.38392e-06 8.29217e-08
 2.17407e-11 1.9433e-09 1.02422e-07 3.18302e-06 5.83287e-05 0.000630345 0.00401986 0.0151808 0.0345734 0.0517994 0.0676549 0.10146 0.144117 0.165043 0.159202 0.127218 0.0772291 0.0349872 0.0123825 0.00351384 0.000779895 0.000129424 1.5388e-05 1.26438e-06 6.97473e-08
 1.46314e-10 1.25922e-08 6.3901e-07 1.91205e-05 0.000337349 0.00350953 0.0215288 0.0778859 0.16631 0.210524 0.161833 0.0860142 0.0515506 0.0537878 0.0619042 0.0537742 0.0319828 0.0133945 0.00427824 0.00110072 0.000224998 3.47493e-05 3.85816e-06 2.9576e-07 1.5167e-08
 1.20445e-10 9.96446e-09 4.86077e-07 1.39812e-05 0.000237125 0.00237159 0.0139926 0.0488065 0.10176 0.133952 0.137002 0.150907 0.162835 0.127769 0.0691533 0.0301747 0.0130207 0.00546735 0.00191433 0.000507859 9.88544e-05 1.39825e-05 1.41372e-06 9.92496e-08 4.68573e-09
 2.02642e-10 1.60907e-08 7.53366e-07 2.07982e-05 0.00033856 0.00324975 0.0183971 0.0614825 0.121918 0.147284 0.122467 0.0996379 0.102338 0.108877 0.1006 0.0698846 0.0321929 0.00931935 0.00172924 0.000231 2.72569e-05 3.04243e-06 2.75522e-07 1.7675e-08 7.5959e-10
 3.25074e-10 2.47389e-08 1.11011e-06 2.93725e-05 0.000458255 0.00421585 0.0228761 0.07331 0.139699 0.163872 0.13734 0.116418 0.111489 0.0950936 0.0681095 0.0407721 0.0186233 0.00605484 0.00138712 0.000223936 2.51379e-05 1.96381e-06 1.11628e-07 4.90218e-09 1.65851e-10
 4.25401e-10 3.09858e-08 1.33081e-06 3.37019e-05 0.000503255 0.00443143 0.0230184 0.0706618 0.129435 0.148406 0.12886 0.12062 0.122166 0.106389 0.0768818 0.0443213 0.0182178 0.00498968 0.000924112 0.000124278 1.2917e-05 1.02333e-06 5.78758e-08 2.2181e-09 5.6618e-11
 5.89877e-10 4.10712e-08 1.68617e-06 4.0818e-05 0.000582638 0.00490429 0.0243541 0.0715095 0.12561 0.139764 0.122318 0.11929 0.123918 0.111226 0.0831297 0.0481074 0.0192343 0.00502688 0.000869092 0.000104607 9.22648e-06 6.0684e-07 2.93491e-08 1.01638e-09 2.43793e-11
 8.87604e-10 5.90047e-08 2.31282e-06 5.34545e-05 0.00072849 0.00585464 0.0277603 0.0778569 0.130855 0.140407 0.121225 0.118387 0.121754 0.108229 0.0798134 0.0448221 0.0171725 0.00428353 0.000706931 8.1053e-05 6.72815e-06 4.0581e-07 1.73882e-08 5.17787e-10 1.05588e-11
 1.11194e-09 7.04939e-08 2.63518e-06 5.80844e-05 0.000754938 0.00578671 0.0261799 0.0701964 0.113917 0.123219 0.118947 0.131852 0.13881 0.1203 0.0849886 0.0449565 0.0159099 0.00356375 0.000505871 4.74814e-05 3.15215e-06 1.56127e-07 5.77598e-09 1.53591e-10 2.81594e-12
 1.87031e-09 1.12962e-07 4.02292e-06 8.44769e-05 0.00104601 0.00763818 0.0329152 0.0839998 0.129238 0.130364 0.113656 0.116673 0.123575 0.113695 0.084082 0.0443054 0.0150765 0.00318756 0.000420641 3.58593e-05 2.08275e-06 8.63717e-08 2.59209e-09 5.54523e-11 8.29173e-13
 2.8278e-09 1.62552e-07 5.50963e-06 0.000110114 0.00129769 0.00901944 0.0370059 0.0900516 0.133087 0.132871 0.121515 0.127806 0.126799 0.104344 0.0692864 0.0336099 0.0107351 0.00215819 0.000274202 2.28012e-05 1.29981e-06 5.22487e-08 1.47174e-09 2.8375e-11 3.6785e-13
 3.78201e-09 2.06725e-07 6.6627e-06 0.000126619 0.00141893 0.0093788 0.0366109 0.0849566 0.121055 0.121575 0.12006 0.134163 0.135536 0.112904 0.0745207 0.0349044 0.0105514 0.00198226 0.000232472 1.75981e-05 9.0475e-07 3.29657e-08 8.5728e-10 1.55373e-11 1.90667e-13
 4.86966e-09 2.52888e-07 7.74367e-06 0.000139817 0.00148866 0.00935012 0.0347075 0.0768578 0.106251 0.109655 0.119217 0.141362 0.146218 0.124029 0.0813431 0.0367546 0.0105381 0.00186237 0.000204191 1.43323e-05 6.75383e-07 2.22839e-08 5.2046e-10 8.44762e-12 9.30271e-14
 8.74219e-09 4.30999e-07 1.25291e-05 0.000214762 0.00217078 0.0129427 0.0455895 0.0956221 0.124116 0.116834 0.113389 0.126901 0.131822 0.113839 0.0739526 0.0321848 0.00877461 0.00147087 0.000153438 1.03059e-05 4.66472e-07 1.47195e-08 3.24385e-10 4.88476e-12 4.91666e-14
 1.27586e-08 5.96741e-07 1.64573e-05 0.000267626 0.00256645 0.0145202 0.0485804 0.0972395 0.123028 0.120533 0.127423 0.141309 0.132967 0.101513 0.0593207 0.023708 0.00598573 0.000927269 8.84543e-05 5.33725e-06 2.1307e-07 5.89802e-09 1.15665e-10 1.58596e-12 1.47882e-14
 1.84079e-08 8.16306e-07 2.13448e-05 0.000329101 0.00299236 0.016054 0.0509612 0.0970399 0.118173 0.115294 0.124767 0.140706 0.135954 0.106258 0.0614459 0.023533 0.0055911 0.000805305 7.04163e-05 3.80915e-06 1.32151e-07 3.08459e-09 5.03745e-11 5.80088e-13 4.61933e-15
 2.81651e-08 1.18361e-06 2.93287e-05 0.000428527 0.00369252 0.0187763 0.0565282 0.102401 0.120165 0.116724 0.127319 0.14098 0.132312 0.0998388 0.0552524 0.020208 0.00462507 0.000656078 5.87666e-05 3.44103e-06 1.36054e-07 3.66266e-09 6.58766e-11 7.70898e-13 5.77527e-15
 4.24658e-08 1.69044e-06 3.9678e-05 0.000549167 0.00448264 0.0215967 0.061659 0.106368 0.120914 0.118294 0.130829 0.14216 0.129211 0.0936041 0.0491695 0.0169465 0.00364629 0.000486681 4.11967e-05 2.30224e-06 8.83989e-08 2.36708e-09 4.35034e-11 5.33751e-13 4.27303e-15
 5.5173e-08 2.07975e-06 4.62261e-05 0.000605867 0.00468369 0.021382 0.0579906 0.0961534 0.109914 0.117563 0.140377 0.153061 0.13604 0.0951991 0.0477183 0.0156146 0.00320083 0.000411524 3.41288e-05 1.89955e-06 7.29733e-08 1.93343e-09 3.45929e-11 4.09248e-13 3.16055e-15
 8.83929e-08 3.15445e-06 6.63778e-05 0.000823637 0.00602795 0.0260527 0.0668905 0.10496 0.113405 0.11495 0.133019 0.145748 0.132692 0.0931226 0.0451998 0.0140043 0.00268792 0.000321397 2.46665e-05 1.26911e-06 4.53731e-08 1.13451e-09 1.94455e-11 2.22627e-13 1.66892e-15
 1.34136e-07 4.53116e-06 9.02547e-05 0.00106011 0.00734509 0.0300666 0.0732687 0.110151 0.11778 0.123108 0.141715 0.145922 0.122189 0.0790479 0.035722 0.0104005 0.00189364 0.000217393 1.62425e-05 8.20692e-07 2.86645e-08 6.87801e-10 1.10996e-11 1.18278e-13 8.23197e-16
 1.91133e-07 6.11127e-06 0.000115219 0.001281 0.00840205 0.0325755 0.075372 0.10875 0.115559 0.12489 0.145428 0.147998 0.121522 0.0756672 0.0321923 0.00866169 0.00142764 0.000143973 9.06806e-06 3.7131e-07 1.04034e-08 2.07035e-10 2.92731e-12 2.85718e-14 1.86179e-16
 2.58708e-07 7.82956e-06 0.000139722 0.00147042 0.00913087 0.0335459 0.0738539 0.103192 0.111782 0.128191 0.151864 0.152452 0.122296 0.0733699 0.02975 0.00762165 0.00120677 0.000119081 7.52929e-06 3.15943e-07 9.00731e-09 1.74177e-10 2.24253e-12 1.89058e-14 1.03745e-16
 3.5412e-07 1.01446e-05 0.000171364 0.00170716 0.0100371 0.0349472 0.073232 0.0991281 0.108907 0.129915 0.155433 0.15574 0.123619 0.0717741 0.0276339 0.00665886 0.000988247 9.1376e-05 5.42733e-06 2.1538e-07 5.87468e-09 1.1023e-10 1.39387e-12 1.16016e-14 6.24767e-17
 5.0357e-07 1.36564e-05 0.000218384 0.00205966 0.0114668 0.0378429 0.0754955 0.0989753 0.109508 0.133088 0.157934 0.15546 0.120147 0.066881 0.0244499 0.00559141 0.000793206 7.1062e-05 4.15711e-06 1.64165e-07 4.43588e-09 8.11075e-11 9.82646e-13 7.76047e-15 3.958e-17
 6.14874e-07 1.57874e-05 0.000239032 0.00213475 0.0112609 0.0353104 0.067765 0.0894394 0.108166 0.14228 0.16959 0.162641 0.12067 0.0635249 0.0217117 0.00459982 0.000598027 4.83855e-05 2.51587e-06 8.7646e-08 2.11181e-09 3.5324e-11 4.01965e-13 3.03284e-15 1.48639e-17
 8.33149e-07 2.02558e-05 0.000290405 0.00245604 0.0122726 0.0365061 0.0668672 0.0860307 0.105013 0.140366 0.170331 0.167238 0.124258 0.0633138 0.0204653 0.00404725 0.00048606 3.58373e-05 1.66505e-06 5.06349e-08 1.04612e-09 1.4941e-11 1.46266e-13 9.61406e-16 4.16483e-18
#pred catch len freq
 7.83082e-12 8.4996e-10 5.43974e-08 2.05279e-06 4.56778e-05 0.000599351 0.00463868 0.0212062 0.0576778 0.0966589 0.115187 0.133693 0.162111 0.154806 0.105236 0.0588443 0.0328627 0.0190643 0.0115829 0.00760538 0.00549916 0.00442342 0.00374334 0.00285515 0.00165884
 6.11495e-12 6.63719e-10 4.2478e-08 1.60299e-06 3.56692e-05 0.000468036 0.00362279 0.0165717 0.0452063 0.0768317 0.096445 0.123092 0.16 0.162011 0.123676 0.0827044 0.0510923 0.0275675 0.0136349 0.00689469 0.003835 0.00246672 0.00180441 0.00129403 0.000745184
 1.01291e-11 1.09942e-09 7.03626e-08 2.65527e-06 5.90833e-05 0.000775218 0.00599861 0.0273952 0.0741277 0.121155 0.13051 0.120993 0.124118 0.118874 0.0945351 0.0697719 0.0491046 0.0308148 0.0168691 0.00803343 0.00351303 0.0016203 0.000889712 0.000544392 0.000295115
 7.55843e-12 8.20395e-10 5.25052e-08 1.98139e-06 4.40889e-05 0.000578506 0.00447744 0.020471 0.0557058 0.093574 0.112507 0.132806 0.162888 0.156359 0.107297 0.0620585 0.0376626 0.0242711 0.0149976 0.00814483 0.00372949 0.0014788 0.000576287 0.000254948 0.000116781
 1.16749e-11 1.2672e-09 8.11007e-08 3.06049e-06 6.80999e-05 0.000893515 0.00691366 0.0315667 0.0853117 0.138602 0.145436 0.125274 0.118712 0.110245 0.0867118 0.0621773 0.0406142 0.0230355 0.0123204 0.00663712 0.00333306 0.00141901 0.000505218 0.000165054 5.50421e-05
 1.3095e-11 1.42133e-09 9.09651e-08 3.43274e-06 7.63831e-05 0.0010022 0.00775462 0.0354071 0.0957012 0.155562 0.163569 0.141335 0.13197 0.113473 0.0724053 0.0372652 0.0199089 0.0117898 0.00674278 0.00342725 0.00158409 0.000675696 0.000249607 7.61226e-05 1.98745e-05
 1.36103e-11 1.47727e-09 9.45448e-08 3.56783e-06 7.93889e-05 0.00104163 0.00805972 0.036799 0.0994472 0.161522 0.169228 0.144678 0.133315 0.113533 0.071043 0.0340897 0.015076 0.00664244 0.00297873 0.0014123 0.000652219 0.000267736 9.53427e-05 2.86498e-05 6.97098e-06
 1.35789e-11 1.47385e-09 9.43265e-08 3.55959e-06 7.92056e-05 0.00103923 0.00804115 0.0367151 0.0992319 0.161265 0.16939 0.145888 0.13548 0.115367 0.0713891 0.0332291 0.0139405 0.00563973 0.00211577 0.000759776 0.000276602 0.00010184 3.48025e-05 1.01058e-05 2.36693e-06
 1.38164e-11 1.49964e-09 9.59769e-08 3.62187e-06 8.05914e-05 0.00105741 0.00818177 0.0373556 0.100943 0.163881 0.171373 0.145677 0.133264 0.112903 0.0700546 0.032898 0.013896 0.00554629 0.00198301 0.000640408 0.000190519 5.3532e-05 1.4702e-05 3.81302e-06 8.46216e-07
 1.32502e-11 1.43818e-09 9.20431e-08 3.47342e-06 7.72883e-05 0.00101408 0.00784664 0.0358294 0.0968724 0.157705 0.166933 0.146974 0.139802 0.119786 0.0733317 0.0330243 0.0131547 0.00506893 0.00179502 0.000570917 0.000160646 3.94749e-05 8.61926e-06 1.72624e-06 3.17061e-07
 1.33763e-11 1.45187e-09 9.29196e-08 3.5065e-06 7.80243e-05 0.00102373 0.00792127 0.0361685 0.0977663 0.158976 0.167423 0.14531 0.13626 0.116907 0.0732744 0.0350104 0.01503 0.00595308 0.00205003 0.000624596 0.00017058 4.05413e-05 8.16364e-06 1.38224e-06 1.99656e-07
 1.48069e-11 1.60715e-09 1.02857e-07 3.88152e-06 8.63687e-05 0.00113321 0.00876806 0.0400278 0.1081 0.174986 0.180582 0.147389 0.127912 0.104955 0.0627709 0.0272256 0.0102819 0.00384032 0.001357 0.000429759 0.000117319 2.70125e-05 5.22401e-06 8.34338e-07 1.07586e-07
 1.49702e-11 1.62487e-09 1.03991e-07 3.92432e-06 8.73211e-05 0.0011457 0.00886473 0.0404689 0.109288 0.176881 0.182403 0.14851 0.128336 0.104611 0.0614477 0.0253142 0.00861275 0.00281701 0.000872619 0.000251171 6.69055e-05 1.5648e-05 3.03746e-06 4.73441e-07 5.8203e-08
 1.4484e-11 1.5721e-09 1.00614e-07 3.79688e-06 8.44854e-05 0.0011085 0.00857696 0.0391571 0.105773 0.171414 0.177805 0.147459 0.130656 0.108368 0.0652552 0.0285342 0.0106672 0.00368007 0.00109538 0.000280894 6.5101e-05 1.36705e-05 2.52573e-06 3.90496e-07 4.7762e-08
 1.48896e-11 1.61612e-09 1.03431e-07 3.90318e-06 8.68508e-05 0.00113953 0.008817 0.0402512 0.108703 0.17596 0.181575 0.148155 0.128442 0.105037 0.0621306 0.0260873 0.00919789 0.00310934 0.000966167 0.000262732 6.09397e-05 1.1786e-05 1.91967e-06 2.66015e-07 3.0583e-08
 1.62118e-11 1.75963e-09 1.12616e-07 4.24978e-06 9.4563e-05 0.00124071 0.00959958 0.043817 0.118239 0.190636 0.193161 0.148493 0.118323 0.0924356 0.0531853 0.0211914 0.00675618 0.00204306 0.000584996 0.000152119 3.54582e-05 7.08784e-06 1.1595e-06 1.51327e-07 1.56705e-08
 1.65215e-11 1.79325e-09 1.14768e-07 4.33097e-06 9.63696e-05 0.00126442 0.00978291 0.0446527 0.120478 0.194122 0.196102 0.149199 0.116911 0.0901289 0.0508454 0.0191824 0.00540255 0.00138473 0.000343406 7.86115e-05 1.64631e-05 3.08508e-06 4.95974e-07 6.53178e-08 6.73061e-09
 1.65591e-11 1.79733e-09 1.15029e-07 4.34083e-06 9.65888e-05 0.00126729 0.00980516 0.0447541 0.12075 0.194544 0.196457 0.149278 0.116732 0.0898549 0.0505907 0.0189721 0.00524544 0.00128562 0.000292331 5.8141e-05 1.0272e-05 1.6463e-06 2.33904e-07 2.84395e-08 2.82922e-09
 1.73283e-11 1.88082e-09 1.20372e-07 4.54246e-06 0.000101076 0.00132615 0.0102604 0.0468278 0.126288 0.203006 0.202834 0.148476 0.109318 0.0814962 0.045777 0.0175018 0.00507929 0.00132222 0.000309216 6.04537e-05 9.99677e-06 1.42063e-06 1.71633e-07 1.76361e-08 1.52776e-09
 1.73481e-11 1.88297e-09 1.2051e-07 4.54767e-06 0.000101191 0.00132767 0.0102722 0.0468818 0.126437 0.203274 0.203232 0.149097 0.110101 0.0819119 0.0453449 0.0165289 0.00427607 0.000955025 0.000205916 4.05822e-05 6.95879e-06 9.97965e-07 1.15528e-07 1.07362e-08 8.02743e-10
 1.74544e-11 1.89451e-09 1.21248e-07 4.57553e-06 0.000101811 0.00133581 0.0103351 0.0471683 0.127202 0.204445 0.204127 0.149023 0.109135 0.0808023 0.0446796 0.0162871 0.00420479 0.000922197 0.000187135 3.29522e-05 5.0022e-06 6.73341e-07 7.78197e-08 7.29982e-09 5.32628e-10
 1.81443e-11 1.96939e-09 1.26041e-07 4.75638e-06 0.000105835 0.0013886 0.0107434 0.0490285 0.132173 0.212059 0.209966 0.14863 0.102982 0.0736264 0.040204 0.0144906 0.00364834 0.000768292 0.000150746 2.59403e-05 3.78383e-06 4.70059e-07 4.8788e-08 4.18251e-09 2.92431e-10
 1.91274e-11 2.07609e-09 1.3287e-07 5.01409e-06 0.00011157 0.00146383 0.0113252 0.0516791 0.139254 0.222901 0.218248 0.147966 0.0940557 0.063299 0.033878 0.012084 0.00298487 0.00060718 0.000114631 1.9007e-05 2.66522e-06 3.19061e-07 3.1812e-08 2.5624e-09 1.64037e-10
 1.92356e-11 2.08784e-09 1.33622e-07 5.04247e-06 0.000112201 0.00147212 0.0113893 0.0519713 0.140037 0.224121 0.219281 0.148223 0.0935737 0.0624864 0.0330231 0.0113382 0.00250084 0.000399915 5.72063e-05 8.02175e-06 1.03942e-06 1.18414e-07 1.13159e-08 8.74629e-10 5.35941e-11
 1.88432e-11 2.04525e-09 1.30895e-07 4.93959e-06 0.000109912 0.00144208 0.0111571 0.0509131 0.13721 0.219794 0.215979 0.148503 0.0971605 0.0666265 0.0355466 0.0122818 0.00274656 0.000450844 6.47691e-05 8.29339e-06 8.73697e-07 7.76534e-08 6.18382e-09 4.32587e-10 2.50026e-11
 1.98522e-11 2.15477e-09 1.37905e-07 5.2041e-06 0.000115798 0.0015193 0.0117543 0.0536337 0.144477 0.23091 0.224421 0.147658 0.0877495 0.0558636 0.0291284 0.0100468 0.00226954 0.000382548 5.70815e-05 7.54996e-06 8.11174e-07 7.06267e-08 5.04462e-09 2.89888e-10 1.34751e-11
 2.03825e-11 2.21232e-09 1.41588e-07 5.3431e-06 0.00011889 0.00155988 0.0120681 0.0550634 0.148297 0.236764 0.228921 0.147388 0.0830692 0.0503786 0.0256697 0.00861589 0.00180176 0.000248689 2.6904e-05 2.76484e-06 2.72462e-07 2.38515e-08 1.74628e-09 1.00903e-10 4.47751e-12
 2.09118e-11 2.26978e-09 1.45266e-07 5.48187e-06 0.000121978 0.00160039 0.0123814 0.0564906 0.15211 0.242597 0.233355 0.14696 0.0781552 0.0447475 0.0222959 0.00742179 0.00153262 0.000203714 2.00174e-05 1.73954e-06 1.36171e-07 8.96513e-09 5.10389e-10 2.59371e-11 1.11958e-12
#obs catch len freq
 3.27092e-11 3.03138e-09 1.65652e-07 5.33754e-06 0.000101409 0.00113612 0.00750748 0.0292999 0.0680196 0.0974226 0.100752 0.107368 0.128868 0.136819 0.12368 0.0962618 0.0596888 0.028366 0.0106182 0.0031845 0.000749239 0.000133553 1.73844e-05 1.591e-06 9.8813e-08
 4.21297e-11 3.76579e-09 1.98477e-07 6.16812e-06 0.000113029 0.00122135 0.00778478 0.0293171 0.0658052 0.0920214 0.0961829 0.107631 0.132143 0.140851 0.127934 0.0986503 0.059509 0.0273135 0.00988253 0.00286425 0.000645387 0.00010827 1.30219e-05 1.08744e-06 6.1318e-08
 2.64582e-11 2.27709e-09 1.15554e-07 3.45765e-06 6.10071e-05 0.000634827 0.00389935 0.0142046 0.031443 0.0472814 0.0661803 0.105469 0.150228 0.169923 0.161627 0.126306 0.0745803 0.0328988 0.0113472 0.00312547 0.000668555 0.000106144 1.19935e-05 9.31134e-07 4.82974e-08
 2.02829e-18 8.91603e-16 2.311e-13 3.532e-11 3.18303e-09 1.69157e-07 5.3022e-06 9.80914e-05 0.00107331 0.00699179 0.0276615 0.0701937 0.127975 0.188711 0.221788 0.18685 0.107336 0.0435987 0.0135551 0.00338628 0.000667194 9.85306e-05 1.03873e-05 7.51638e-07 3.62113e-08
 1.29655e-10 1.02952e-08 4.82021e-07 1.33072e-05 0.000216626 0.00207966 0.0117829 0.0395497 0.0802134 0.107782 0.127193 0.166369 0.18789 0.144768 0.0764666 0.0330286 0.0141901 0.00585282 0.00198705 0.000507667 9.47659e-05 1.27957e-05 1.22795e-06 8.13513e-08 3.60646e-09
 2.87583e-10 2.18858e-08 9.82083e-07 2.5985e-05 0.000405404 0.0037296 0.0202368 0.0648386 0.123426 0.144064 0.118774 0.100122 0.105354 0.111404 0.10064 0.0673914 0.0296958 0.00821372 0.00146341 0.00018998 2.19633e-05 2.37154e-06 2.04337e-07 1.23631e-08 4.98643e-10
 4.72269e-10 3.43997e-08 1.47743e-06 3.7415e-05 0.000558698 0.00491956 0.0255516 0.0784012 0.14326 0.162299 0.134754 0.116615 0.111776 0.093729 0.0659429 0.0384889 0.0169808 0.00531319 0.00116981 0.000181002 1.94185e-05 1.44897e-06 7.87092e-08 3.29204e-09 1.05199e-10
 6.27784e-10 4.37105e-08 1.79452e-06 4.34411e-05 0.000620079 0.00521942 0.0259182 0.0760906 0.133551 0.148028 0.127723 0.121262 0.121755 0.103956 0.0735116 0.0410382 0.0161786 0.00424103 0.000754356 9.78428e-05 9.79334e-06 7.41649e-07 3.98052e-08 1.44126e-09 3.46607e-11
 8.91953e-10 5.92938e-08 2.32415e-06 5.37164e-05 0.00073206 0.00588334 0.0278965 0.0782412 0.13152 0.141212 0.122131 0.119316 0.122064 0.107344 0.0782868 0.0436816 0.0166966 0.0041649 0.000688924 7.95715e-05 6.73592e-06 4.23807e-07 1.95126e-08 6.39955e-10 1.4465e-11
 1.38679e-09 8.79189e-08 3.28655e-06 7.24417e-05 0.000941528 0.00721638 0.0326344 0.0873148 0.140167 0.144408 0.121446 0.116469 0.116939 0.10162 0.072944 0.0393927 0.0144024 0.00342471 0.000540156 5.93376e-05 4.71594e-06 2.7129e-07 1.10379e-08 3.10924e-10 5.97667e-12
 1.76914e-09 1.06852e-07 3.80531e-06 7.99075e-05 0.000989439 0.00722548 0.0311452 0.0795945 0.123321 0.128202 0.120527 0.130252 0.133202 0.112606 0.0772519 0.0391884 0.0131915 0.00280483 0.000378613 3.39268e-05 2.15745e-06 1.02271e-07 3.60284e-09 9.06953e-11 1.56671e-12
 2.99668e-09 1.72259e-07 5.83866e-06 0.00011669 0.00137517 0.00955738 0.039201 0.0952444 0.139677 0.134944 0.113983 0.114036 0.117745 0.105674 0.0754765 0.0379399 0.0122405 0.00245072 0.000306745 2.48799e-05 1.37874e-06 5.45556e-08 1.55747e-09 3.15672e-11 4.45531e-13
 4.57716e-09 2.50188e-07 8.06349e-06 0.00015324 0.00171722 0.0113493 0.0442809 0.102496 0.144253 0.137737 0.121424 0.123361 0.118561 0.0949891 0.0610007 0.0282637 0.00856169 0.00163 0.000196441 1.55393e-05 8.44095e-07 3.22846e-08 8.62142e-10 1.57024e-11 1.91779e-13
 6.25166e-09 3.24657e-07 9.9413e-06 0.000179495 0.00191107 0.0120013 0.044512 0.0981613 0.133034 0.127408 0.120463 0.129318 0.126465 0.102417 0.0651266 0.0290382 0.00830555 0.00147464 0.000163707 1.17677e-05 5.76072e-07 1.99831e-08 4.93076e-10 8.44302e-12 9.75361e-14
 8.21806e-09 4.05159e-07 1.17779e-05 0.000201887 0.00204068 0.0121682 0.0428826 0.0901678 0.118407 0.116178 0.120307 0.136756 0.137002 0.112747 0.0709457 0.0304209 0.0082367 0.00137364 0.000142354 9.4723e-06 4.24306e-07 1.33106e-08 2.94744e-10 4.51821e-12 4.6837e-14
 1.48084e-08 6.92613e-07 1.91013e-05 0.000310618 0.00297859 0.016848 0.0563001 0.112015 0.137823 0.122651 0.112412 0.120244 0.120992 0.101058 0.0627165 0.025831 0.00664095 0.00104971 0.000103459 6.58502e-06 2.83082e-07 8.47947e-09 1.76831e-10 2.51068e-12 2.37597e-14
 2.18748e-08 9.70052e-07 2.53649e-05 0.000391082 0.00355581 0.0190739 0.0605005 0.114762 0.137311 0.126361 0.125074 0.131753 0.119625 0.0883338 0.0493874 0.0186877 0.00444617 0.000648523 5.8328e-05 3.32748e-06 1.25975e-07 3.31083e-09 6.1518e-11 7.96108e-13 6.98053e-15
 3.1669e-08 1.33085e-06 3.29772e-05 0.000481833 0.00415169 0.0211073 0.0634884 0.1145 0.131749 0.120622 0.122421 0.131643 0.122943 0.0926492 0.0510316 0.0184491 0.0041224 0.000558038 4.59007e-05 2.34063e-06 7.67721e-08 1.69818e-09 2.62781e-11 2.8591e-13 2.14326e-15
 4.88245e-08 1.94356e-06 4.56191e-05 0.000631389 0.00515351 0.0248222 0.0707738 0.12131 0.134134 0.121447 0.123474 0.130132 0.117931 0.0856517 0.0450883 0.0155624 0.00335291 0.000448014 3.7886e-05 2.09919e-06 7.85678e-08 1.99745e-09 3.38086e-11 3.71279e-13 2.60611e-15
 7.38602e-08 2.78416e-06 6.18825e-05 0.000811046 0.00626894 0.0285987 0.077294 0.126058 0.134676 0.122183 0.125614 0.129893 0.113909 0.0792771 0.039547 0.01285 0.00260113 0.000326928 2.61288e-05 1.38262e-06 5.03117e-08 1.27391e-09 2.20548e-11 2.54027e-13 1.90422e-15
 9.8331e-08 3.50911e-06 7.38406e-05 0.000916233 0.00670547 0.0289772 0.0743524 0.116317 0.124105 0.121701 0.134609 0.139723 0.119703 0.0803074 0.0381688 0.0117689 0.00227023 0.000275089 2.15613e-05 1.13649e-06 4.13205e-08 1.03299e-09 1.73795e-11 1.92834e-13 1.39392e-15
 1.57807e-07 5.3308e-06 0.000106182 0.00124715 0.0086397 0.0353402 0.0858169 0.126931 0.127598 0.117762 0.125721 0.131209 0.114942 0.0769932 0.0353155 0.0102913 0.00185664 0.000209032 1.5151e-05 7.38118e-07 2.4988e-08 5.89949e-10 9.51149e-12 1.02101e-13 7.15855e-16
 2.43175e-07 7.77526e-06 0.00014659 0.00162971 0.0106871 0.0413949 0.0953346 0.134676 0.132529 0.123964 0.130456 0.127466 0.102537 0.0633057 0.0270421 0.00740809 0.00126858 0.000137235 9.68836e-06 4.6322e-07 1.529e-08 3.45621e-10 5.23773e-12 5.22875e-14 3.40255e-16
 3.48212e-07 1.05383e-05 0.000188058 0.00197898 0.0122849 0.045064 0.0984898 0.133225 0.129439 0.124638 0.133114 0.128784 0.101434 0.0601059 0.0241155 0.0060922 0.000941883 8.91873e-05 5.28735e-06 2.04447e-07 5.42222e-09 1.02073e-10 1.36028e-12 1.24599e-14 7.59251e-17
 4.81647e-07 1.37978e-05 0.000233071 0.00232171 0.013645 0.0474205 0.0985022 0.128385 0.125451 0.126912 0.138053 0.131845 0.101284 0.0577122 0.0220501 0.00530531 0.000788815 7.32144e-05 4.36416e-06 1.72887e-07 4.64935e-09 8.45783e-11 1.02151e-12 8.0626e-15 4.13646e-17
 6.67851e-07 1.81115e-05 0.000289621 0.00273125 0.0151988 0.0500499 0.0988419 0.124207 0.121798 0.127758 0.140919 0.13448 0.101993 0.0560974 0.0203217 0.00459596 0.00064033 5.56832e-05 3.11833e-06 1.16875e-07 3.00882e-09 5.31338e-11 6.30238e-13 4.90721e-15 2.467e-17
 9.71168e-07 2.49353e-05 0.00037752 0.0033708 0.0177625 0.055424 0.104009 0.125617 0.121928 0.128845 0.140753 0.131803 0.097093 0.0511048 0.0175671 0.00377143 0.000502669 4.2398e-05 2.34003e-06 8.72249e-08 2.22054e-09 3.81359e-11 4.32784e-13 3.19504e-15 1.52072e-17
 1.23462e-06 3.00163e-05 0.000430322 0.00363865 0.0181656 0.0538079 0.0967087 0.115755 0.119984 0.137178 0.151344 0.138074 0.0974346 0.0484122 0.0155403 0.00308751 0.000376649 2.86474e-05 1.40372e-06 4.61633e-08 1.04943e-09 1.65152e-11 1.76206e-13 1.24287e-15 5.68141e-18
#spawning biomass
 27948.6 24972.6 21838.8 25036.8 37631.7 48404.4 65078.1 86034.4 116416 136213 171808 158757 171264 238070 241582 224073 206513 201265 237344 233151 230897 232952 277596 251693 242704 249419 199247 166731 136166 338897 385499 376157 336337 286350 238169 197184 164786 140370 122565 109883 101005 94870.5 90665 87728.4 85784.5 84497.8 83646 83082.2 82709 82462 82298.4 82190.2 82118.5 82071.1 82039.7 82018.9 82005.2 81996.1 81990 81986.1 81983.4 81981.7 81980.5 81979.7 81979.2 81978.9 81978.7 81978.5 81978.4 81978.4 81978.3 81978.3 81978.3 81978.3 81978.3 81978.3 81978.2 81978.2 81978.2 81978.2 81978.2 81978.2 81978.2 81978.2 81978.2 81978.2 81978.2 81978.2 81978.2 81978.2 81978.2 81978.2 81978.2 81978.2 81978.2 81978.2 81978.2 81978.2 81978.2 81978.2 81978.2 81978.2 81978.2 81978.2 81978.2 81978.2 81978.2 81978.2 81978.2 81978.2 81978.2 81978.2 81978.2 81978.2 81978.2 81978.2 81978.2 81978.2 81978.2 81978.2 81978.2 81978.2 81978.2 81978.2 81978.2 81978.2 81978.2 81978.2 0 0 0 0 0 0 0 0 0 0 0 0 0 0 0 0 0 0 0 0 0 0 0 0 0
