SBPRF35
0.224663
Curr Bio
50810
B35
185615
F35
0.340327
FOFL
0.222296
OFL
45052.1
Bzero
64189.3
#pred survey bio
 5360.71 7305.05 7980.19 7781.92 9688.37 13456.1 14654.5 17851.3 27897 48476 63550 83024.9 102895 135584 142289 129649 116310 110167 115808 114712 118140 125635 136339 144424 160565 162754 173749 153535 160370 9.77774e+06 5.87787e+06 4.44652e+06 3.07504e+06 2.11963e+06 1.53382e+06 1.19704e+06 1.00964e+06 906689 850103 818673 800910 790648 784575 780890 778603 777164 776242 775644 775251 774992 774819 774703 774626 774573 774538 774515 774499 774488 774481 774476 774472 774470 774468 774467 774467 774466 774466 774466 774466 774465 774465 774465 774465 774465 774465 774465 774465 774465 774465 774465 774465 774465 774465 774465 774465 774465 774465 774465 774465 774465 774465 774465 774465 774465 774465 774465 774465 774465 774465 774465 774465 774465 774465 774465 774465 774465 774465 774465 774465 774465 774465 774465 774465 774465 774465 774465 774465 774465 774465 774465 774465 774465 774465 774465 774465 774465 774465 774465 774465 0 0 0 0 0 0 0 0 0 0 0 0 0 0 0 0 0 0 0 0 0 0 0 0 0
#obs survey bio
 4716.27 9508.96 9055.63 7811.61 14841.1 22675.8 13264.6 31619.7 44693 84721.4 66396.8 128085 124212 159680 154428 181983 90184.6 147086 137969 141114 131315 117607 208891 149129 179479 177212 217922 191322 123243
#pred catch bio
 2895.24 5042.59 5916.85 5791.3 6613.98 9830.67 11001.4 12809.6 17559 34036.6 45876.4 61860.9 72376.6 98783.8 106380 98542.9 87762 78991.6 85182.3 84341.5 86211.1 90610.4 99355.1 102978 115566 107835 124684 103050 27372 45052.1 67223.6 49085 32890.1 22005.6 15560 12009.8 10140 9183.49 8703.43 8465.61 8348.82 8291.81 8264.1 8250.66 8244.16 8241.03 8239.52 8238.79 8238.44 8238.28 8238.19 8238.16 8238.14 8238.13 8238.12 8238.12 8238.12 8238.12 8238.12 8238.12 8238.12 8238.12 8238.12 8238.12 8238.12 8238.12 8238.12 8238.12 8238.12 8238.12 8238.12 8238.12 8238.12 8238.12 8238.12 8238.12 8238.12 8238.12 8238.12 8238.12 8238.12 8238.12 8238.12 8238.12 8238.12 8238.12 8238.12 8238.12 8238.12 8238.12 8238.12 8238.12 8238.12 8238.12 8238.12 8238.12 8238.12 8238.12 8238.12 8238.12 8238.12 8238.12 8238.12 8238.12 8238.12 8238.12 8238.12 8238.12 8238.12 8238.12 8238.12 8238.12 8238.12 8238.12 8238.12 8238.12 8238.12 8238.12 8238.12 8238.12 8238.12 8238.12 8238.12 8238.12 8238.12 8238.12 8238.12 8238.12 8238.12 0 0 0 0 0 0 0 0 0 0 0 0 0 0 0 0 0 0 0 0 0 0 0 0 0
#obs catch bio
 5384.1 4933.32 5877.11 5780.55 6333.53 9375.18 11072 12341.1 16737.4 32226 45263.5 59882.6 70445.1 97336.2 106992 97842.6 87715.5 76662 83321.7 83874.7 84946.9 89518.7 97580.6 102696 113505 105734 121406 100166 26968.4
#pred cpue bio
 5032.68 6622.83 7292.34 7074.52 8640.27 12152.3 13304.4 15933.5 24767.6 43509.2 57309.6 74407.3 92282.1 122208 129799 118545 105918 100179 105535 104452 107230 114040 123828 131152 145805 148811 160128 141346 147205 9.38997e+06 5.93399e+06 4.44148e+06 3.05861e+06 2.10201e+06 1.51609e+06 1.17931e+06 991900 888953 832366 800936 783173 772912 766839 763153 760866 759427 758506 757907 757515 757255 757082 756967 756889 756837 756802 756778 756762 756751 756744 756739 756736 756733 756732 756731 756730 756730 756729 756729 756729 756729 756729 756729 756729 756729 756729 756729 756729 756729 756729 756729 756729 756729 756729 756729 756729 756729 756729 756729 756729 756729 756729 756729 756729 756729 756729 756729 756729 756729 756729 756729 756729 756729 756729 756729 756729 756729 756729 756729 756729 756729 756729 756729 756729 756729 756729 756729 756729 756729 756729 756729 756729 756729 756729 756729 756729 756729 756729 756729 756729 0 0 0 0 0 0 0 0 0 0 0 0 0 0 0 0 0 0 0 0 0 0 0 0 0
#obs cpue bio
 6914.36 10117.5 5868.02 7246.78 14984.9 14790.3 9264.79 22606.3 36869.8 58625.6 48024 95886.8 109611 124177 95801.7 106284 129112 145121 117179 83443.3 130020 142926 113263 117277 201671 180282 215292 212984 160914
#pred surv len freq
 2.14649e-27 2.17484e-27 6.7689e-27 1.572e-21 9.3493e-17 1.27835e-12 4.01851e-09 2.90419e-06 0.000482527 0.0184322 0.161872 0.326824 0.152087 0.0264067 0.0627989 0.0880888 0.0357218 0.0283924 0.0252267 0.0170285 0.0143454 0.012434 0.0128627 0.0119652 0.00502846
 2.14862e-27 2.18124e-27 7.50301e-27 1.82113e-21 1.08309e-16 1.48094e-12 4.65534e-09 3.36443e-06 0.000558995 0.0213532 0.187525 0.378616 0.176085 0.0278409 0.0559487 0.0781356 0.0287438 0.0145283 0.0115476 0.0061515 0.00425927 0.00301413 0.00258991 0.0021891 0.000908931
 2.14748e-27 2.17862e-27 7.23156e-27 1.72904e-21 1.02832e-16 1.40605e-12 4.41994e-09 3.1943e-06 0.000530728 0.0202735 0.178043 0.359472 0.167311 0.0298938 0.0742526 0.103832 0.0365293 0.0132733 0.00931633 0.00351404 0.00172619 0.000897264 0.00057225 0.000402134 0.000158049
 2.1479e-27 2.17972e-27 7.35307e-27 1.77028e-21 1.05285e-16 1.43959e-12 4.52536e-09 3.27049e-06 0.000543387 0.020757 0.182289 0.368046 0.171251 0.0292669 0.0678418 0.0948546 0.0342031 0.0150779 0.0107785 0.00331329 0.00114783 0.000379853 0.000147831 7.33202e-05 2.53143e-05
 2.1495e-27 2.18364e-27 7.76722e-27 1.91076e-21 1.1364e-16 1.55383e-12 4.88448e-09 3.53003e-06 0.000586509 0.0224042 0.196755 0.397251 0.184707 0.0280317 0.0514989 0.0717835 0.0255798 0.010334 0.00735043 0.00250192 0.000917276 0.000229091 4.91423e-05 1.27859e-05 3.2547e-06
 2.14845e-27 2.18104e-27 7.48803e-27 1.81603e-21 1.08006e-16 1.4768e-12 4.64233e-09 3.35502e-06 0.000557432 0.0212935 0.187001 0.377558 0.17565 0.0292844 0.0650813 0.0908806 0.0316715 0.01053 0.00709258 0.00230398 0.000826168 0.000219829 4.04826e-05 5.35456e-06 6.94613e-07
 2.148e-27 2.17994e-27 7.37408e-27 1.77739e-21 1.05708e-16 1.44537e-12 4.54354e-09 3.28363e-06 0.00054557 0.0208404 0.183022 0.369524 0.171942 0.0294592 0.0685702 0.0958409 0.0340093 0.0132697 0.00919567 0.00269153 0.000832923 0.000210271 3.84453e-05 4.35611e-06 2.95695e-07
 2.14943e-27 2.18346e-27 7.74806e-27 1.90426e-21 1.13254e-16 1.54854e-12 4.86786e-09 3.51802e-06 0.000584513 0.022328 0.196086 0.3959 0.184086 0.0281226 0.0524609 0.0731388 0.0260548 0.0104951 0.00739564 0.00234705 0.000785768 0.000179857 2.89454e-05 3.0877e-06 1.74938e-07
 2.14982e-27 2.1844e-27 7.84524e-27 1.93721e-21 1.15213e-16 1.57534e-12 4.95209e-09 3.57889e-06 0.000594627 0.0227144 0.199479 0.40275 0.18725 0.0280392 0.0498872 0.0694673 0.0241636 0.00788737 0.00528335 0.00170877 0.000597971 0.00014732 2.40605e-05 2.31206e-06 1.17611e-07
 2.14896e-27 2.1823e-27 7.62172e-27 1.86139e-21 1.10704e-16 1.51368e-12 4.75826e-09 3.43881e-06 0.000571353 0.0218253 0.191671 0.386987 0.179992 0.0288217 0.0594149 0.0828987 0.0289308 0.00974449 0.00650282 0.00188842 0.000577699 0.000143652 2.48691e-05 2.48751e-06 1.20805e-07
 2.14858e-27 2.18136e-27 7.5232e-27 1.82797e-21 1.08716e-16 1.4865e-12 4.67285e-09 3.37708e-06 0.000561097 0.0214335 0.18823 0.38004 0.176788 0.0290385 0.0628323 0.0877369 0.0309283 0.0114164 0.00781428 0.00229808 0.000695926 0.000155731 2.46019e-05 2.50941e-06 1.26952e-07
 2.1491e-27 2.18264e-27 7.66034e-27 1.8745e-21 1.11484e-16 1.52434e-12 4.79178e-09 3.46303e-06 0.000575378 0.021979 0.193021 0.389712 0.18124 0.028503 0.0566482 0.0790289 0.0279703 0.0106853 0.00741384 0.00228541 0.000739131 0.000167157 2.51214e-05 2.33189e-06 1.13912e-07
 2.14903e-27 2.18246e-27 7.63941e-27 1.86739e-21 1.11061e-16 1.51856e-12 4.77361e-09 3.4499e-06 0.000573196 0.0218957 0.192289 0.388235 0.180565 0.0287338 0.0585021 0.0816139 0.0284988 0.00965699 0.00651323 0.00204394 0.000684701 0.000163086 2.57463e-05 2.35374e-06 1.07435e-07
 2.14862e-27 2.18146e-27 7.53394e-27 1.83161e-21 1.08933e-16 1.48946e-12 4.68215e-09 3.3838e-06 0.000562214 0.0214762 0.188605 0.380797 0.177137 0.0290211 0.0624982 0.0872621 0.0307078 0.0111653 0.00761643 0.00224971 0.000699044 0.000168597 2.78753e-05 2.67967e-06 1.24128e-07
 2.14756e-27 2.17886e-27 7.25918e-27 1.73841e-21 1.0339e-16 1.41367e-12 4.4439e-09 3.21162e-06 0.000533605 0.0203834 0.179008 0.361421 0.168212 0.0299014 0.0737119 0.103078 0.0364274 0.0137403 0.00949579 0.00290351 0.000930588 0.000212793 3.35425e-05 3.29613e-06 1.59675e-07
 2.14735e-27 2.17837e-27 7.21109e-27 1.72211e-21 1.02421e-16 1.40042e-12 4.40224e-09 3.18151e-06 0.000528603 0.0201923 0.17733 0.358032 0.166641 0.0297766 0.0739714 0.103493 0.0372321 0.0161467 0.0115315 0.00359841 0.00119251 0.00028162 4.44557e-05 4.18443e-06 2.0039e-07
 2.14774e-27 2.17932e-27 7.31147e-27 1.75617e-21 1.04446e-16 1.42811e-12 4.48929e-09 3.24442e-06 0.000539056 0.0205916 0.180836 0.365112 0.169901 0.0294263 0.0696991 0.0974663 0.0350351 0.0151124 0.0108847 0.00367068 0.00133648 0.000326915 5.35103e-05 5.12612e-06 2.41187e-07
 2.14786e-27 2.17963e-27 7.34274e-27 1.76677e-21 1.05076e-16 1.43673e-12 4.51639e-09 3.26401e-06 0.00054231 0.0207159 0.181928 0.367316 0.17092 0.0294242 0.0690217 0.0964933 0.0344457 0.0141052 0.0100455 0.00338335 0.00125716 0.000332979 5.92562e-05 5.93338e-06 2.86381e-07
 2.14767e-27 2.17915e-27 7.29287e-27 1.74985e-21 1.0407e-16 1.42298e-12 4.47315e-09 3.23276e-06 0.000537118 0.0205175 0.180186 0.363799 0.169299 0.0295386 0.0707804 0.0989837 0.0354816 0.0149905 0.0107083 0.00350576 0.0012628 0.000336313 6.28735e-05 6.83084e-06 3.5108e-07
 2.14774e-27 2.17933e-27 7.3125e-27 1.75651e-21 1.04467e-16 1.4284e-12 4.49018e-09 3.24506e-06 0.000539163 0.0205956 0.180872 0.365184 0.169936 0.0294575 0.0698676 0.0976985 0.0350455 0.0148856 0.0106682 0.0035506 0.00129202 0.000335369 6.16632e-05 6.89979e-06 3.7803e-07
 2.14803e-27 2.18004e-27 7.38734e-27 1.7819e-21 1.05976e-16 1.44904e-12 4.55507e-09 3.29196e-06 0.000546955 0.0208933 0.183486 0.370462 0.172367 0.0292334 0.0669092 0.0935227 0.0334928 0.0140541 0.0100507 0.00335657 0.00123152 0.000323876 5.93505e-05 6.53162e-06 3.61858e-07
 2.14802e-27 2.18001e-27 7.38339e-27 1.78055e-21 1.05896e-16 1.44794e-12 4.55163e-09 3.28948e-06 0.000546542 0.0208775 0.183348 0.370182 0.172241 0.029318 0.0675098 0.0943577 0.0336309 0.0136041 0.00964439 0.00319877 0.00116634 0.000308133 5.70615e-05 6.30512e-06 3.46595e-07
 2.14797e-27 2.17989e-27 7.37023e-27 1.77609e-21 1.05631e-16 1.44432e-12 4.54023e-09 3.28124e-06 0.000545173 0.0208252 0.182888 0.369255 0.171813 0.029339 0.0679177 0.094938 0.0339107 0.0139462 0.00989723 0.00321607 0.00114389 0.000299487 5.53428e-05 6.15752e-06 3.40492e-07
 2.14798e-27 2.17992e-27 7.37388e-27 1.77733e-21 1.05705e-16 1.44532e-12 4.5434e-09 3.28352e-06 0.000545553 0.0208397 0.183016 0.369512 0.171932 0.029328 0.0677726 0.0947328 0.0338287 0.013886 0.00986153 0.00323198 0.0011541 0.00029612 5.35522e-05 5.91641e-06 3.2795e-07
 2.14799e-27 2.17993e-27 7.37544e-27 1.77786e-21 1.05736e-16 1.44575e-12 4.54475e-09 3.2845e-06 0.000545715 0.0208459 0.18307 0.369622 0.171981 0.0292942 0.0675333 0.0944003 0.0337766 0.0140752 0.0100274 0.00328529 0.0011753 0.000303313 5.45161e-05 5.90293e-06 3.22878e-07
 2.14735e-27 2.17837e-27 7.21024e-27 1.72182e-21 1.02403e-16 1.40018e-12 4.40149e-09 3.18097e-06 0.000528514 0.0201889 0.1773 0.357972 0.166616 0.0298581 0.074487 0.104202 0.0372341 0.0153604 0.0109309 0.00361099 0.00130369 0.000337037 6.07607e-05 6.56849e-06 3.5461e-07
 2.14659e-27 2.17652e-27 7.01828e-27 1.65673e-21 9.85319e-17 1.34725e-12 4.23509e-09 3.06071e-06 0.000508533 0.0194256 0.170597 0.344439 0.160369 0.0301096 0.0801012 0.112184 0.0409888 0.0197587 0.0144874 0.00477065 0.00171892 0.000447855 8.13534e-05 8.82098e-06 4.76006e-07
 2.1467e-27 2.17682e-27 7.05194e-27 1.66815e-21 9.92114e-17 1.35654e-12 4.2643e-09 3.08182e-06 0.00051204 0.0195596 0.171773 0.346814 0.161459 0.029878 0.0779713 0.109193 0.0400671 0.0198582 0.0148065 0.00533569 0.00210412 0.000552777 0.000100647 1.09934e-05 5.96202e-07
 2.147e-27 2.17756e-27 7.13115e-27 1.69502e-21 1.0081e-16 1.37839e-12 4.33299e-09 3.13147e-06 0.000520289 0.0198747 0.17454 0.352401 0.164029 0.0295553 0.0743176 0.104049 0.0383225 0.0194373 0.0145877 0.00536995 0.00221643 0.000636909 0.000124241 1.37598e-05 7.50395e-07
#obs surv len freq
 1.2387e-39 6.0626e-33 6.82173e-27 1.76472e-21 1.04954e-16 1.43506e-12 4.51113e-09 3.2602e-06 0.000541687 0.0206917 0.181715 0.366888 0.170715 0.0292254 0.0679378 0.0949992 0.0343683 0.0155203 0.0113289 0.00396174 0.00155375 0.000445144 9.26906e-05 1.18988e-05 7.82244e-07
 1.31629e-39 6.44231e-33 7.24899e-27 1.87524e-21 1.11528e-16 1.52494e-12 4.79367e-09 3.46439e-06 0.000575614 0.0219877 0.193096 0.389865 0.181301 0.0282327 0.0549523 0.0766762 0.0276413 0.0121758 0.0088354 0.00306385 0.00118519 0.000332309 6.73427e-05 8.40364e-06 5.35499e-07
 1.16009e-39 5.67786e-33 6.38882e-27 1.65273e-21 9.82938e-17 1.34399e-12 4.22485e-09 3.05331e-06 0.000507311 0.0193786 0.170183 0.343606 0.160011 0.0308286 0.0847417 0.118608 0.0416549 0.0148918 0.0102898 0.0035106 0.00133391 0.000369205 7.32814e-05 8.89679e-06 5.50623e-07
 1.34335e-39 6.57477e-33 7.39803e-27 1.9138e-21 1.13821e-16 1.5563e-12 4.89223e-09 3.53563e-06 0.000587449 0.0224398 0.197066 0.397881 0.184981 0.0275635 0.0484516 0.0675684 0.0251895 0.013687 0.0101395 0.00308769 0.00102052 0.000273022 5.30975e-05 6.31557e-06 3.80997e-07
 1.3919e-39 6.81239e-33 7.66541e-27 1.98297e-21 1.17935e-16 1.61254e-12 5.06904e-09 3.66341e-06 0.00060868 0.0232508 0.204189 0.412261 0.191629 0.0275415 0.043983 0.0611455 0.0212231 0.00678889 0.00463355 0.00179164 0.000736292 0.000180418 3.12632e-05 3.56882e-06 2.10436e-07
 1.27268e-39 6.22888e-33 7.00884e-27 1.81312e-21 1.07833e-16 1.47442e-12 4.63486e-09 3.34962e-06 0.000556544 0.0212593 0.186699 0.37695 0.175379 0.0295366 0.0668047 0.0932759 0.0320624 0.00921552 0.00585076 0.00168207 0.000534369 0.000156595 3.05026e-05 3.21295e-06 1.75798e-07
 1.27966e-39 6.26305e-33 7.04728e-27 1.82307e-21 1.08425e-16 1.48251e-12 4.66028e-09 3.368e-06 0.000559597 0.0213759 0.187723 0.379018 0.176311 0.0289177 0.0624038 0.0871664 0.0311871 0.012977 0.00905383 0.00246695 0.000660772 0.000146397 2.54522e-05 2.98988e-06 1.6558e-07
 1.41931e-39 6.94655e-33 7.81637e-27 2.02202e-21 1.20257e-16 1.6443e-12 5.16887e-09 3.73555e-06 0.000620667 0.0237087 0.20821 0.420379 0.19536 0.0269676 0.0380331 0.0527947 0.0187696 0.00744389 0.00525071 0.00172466 0.00059005 0.000124253 1.7072e-05 1.63795e-06 8.9869e-08
 1.4179e-39 6.93965e-33 7.80861e-27 2.02001e-21 1.20138e-16 1.64267e-12 5.16374e-09 3.73184e-06 0.000620051 0.0236852 0.208003 0.419962 0.195182 0.0273487 0.0404853 0.05619 0.0191378 0.00492588 0.00304236 0.000973397 0.000340168 8.57233e-05 1.36898e-05 1.17055e-06 5.21328e-08
 1.34769e-39 6.59601e-33 7.42194e-27 1.91998e-21 1.14189e-16 1.56132e-12 4.90804e-09 3.54705e-06 0.000589347 0.0225123 0.197703 0.399167 0.185609 0.0284524 0.0534903 0.0745107 0.0254688 0.00684778 0.00420341 0.00108958 0.000274693 6.56435e-05 1.13909e-05 1.13046e-06 5.11876e-08
 1.3196e-39 6.45851e-33 7.26722e-27 1.87996e-21 1.11808e-16 1.52878e-12 4.80572e-09 3.47311e-06 0.000577061 0.022043 0.193582 0.390846 0.181769 0.0286404 0.0571459 0.0797028 0.0278385 0.00944651 0.00625628 0.00165068 0.000408317 7.83753e-05 1.05416e-05 1.02823e-06 5.1449e-08
 1.36216e-39 6.66683e-33 7.50163e-27 1.9406e-21 1.15415e-16 1.57809e-12 4.96073e-09 3.58513e-06 0.000595675 0.022754 0.199826 0.403452 0.187571 0.0279213 0.0489565 0.0681735 0.0239556 0.0085997 0.00584699 0.00172044 0.000509587 0.000100868 1.22918e-05 9.51639e-07 4.16137e-08
 1.33328e-39 6.52548e-33 7.34257e-27 1.89945e-21 1.12968e-16 1.54463e-12 4.85555e-09 3.50912e-06 0.000583045 0.0222716 0.195589 0.394898 0.183637 0.028488 0.0549944 0.0766573 0.0265828 0.00840795 0.00553881 0.00167943 0.00053229 0.000118758 1.66208e-05 1.27424e-06 4.77117e-08
 1.29362e-39 6.3314e-33 7.12419e-27 1.84296e-21 1.09608e-16 1.49869e-12 4.71114e-09 3.40475e-06 0.000565704 0.0216092 0.189772 0.383154 0.178226 0.028979 0.0615313 0.0858881 0.0300724 0.0104458 0.00701523 0.00199854 0.000583633 0.000133913 2.05977e-05 1.78883e-06 7.15236e-08
 1.16274e-39 5.69083e-33 6.40341e-27 1.6565e-21 9.85183e-17 1.34706e-12 4.23449e-09 3.06028e-06 0.00050847 0.0194229 0.170572 0.34439 0.160368 0.0306712 0.0835449 0.116951 0.0414972 0.0161836 0.0112411 0.00335437 0.00103086 0.000224767 3.3043e-05 3.02086e-06 1.3368e-07
 1.26239e-39 6.17854e-33 6.9522e-27 1.79847e-21 1.06962e-16 1.46251e-12 4.5974e-09 3.32255e-06 0.000552047 0.0210875 0.18519 0.373904 0.173936 0.0286157 0.0621014 0.0868268 0.032232 0.0171038 0.0126925 0.00403491 0.00135721 0.000311855 4.67026e-05 4.11786e-06 1.82975e-07
 1.23448e-39 6.04194e-33 6.79849e-27 1.7587e-21 1.04597e-16 1.43017e-12 4.49576e-09 3.24909e-06 0.000539841 0.0206212 0.181096 0.365638 0.170147 0.0295029 0.0700084 0.0978767 0.0348178 0.013888 0.0100081 0.00381977 0.00156867 0.000394157 6.43357e-05 5.92009e-06 2.62215e-07
 1.2796e-39 6.26278e-33 7.04698e-27 1.82299e-21 1.0842e-16 1.48245e-12 4.66008e-09 3.36785e-06 0.000559573 0.021375 0.187715 0.379001 0.176297 0.0287329 0.0612807 0.0856048 0.0309122 0.0137718 0.00992469 0.00321132 0.00118348 0.000351194 6.87282e-05 7.01421e-06 3.31188e-07
 1.24621e-39 6.09932e-33 6.86306e-27 1.77541e-21 1.0559e-16 1.44375e-12 4.53846e-09 3.27995e-06 0.000544969 0.0208171 0.182816 0.36911 0.171749 0.0294031 0.0683529 0.0955386 0.0339421 0.0133868 0.00947911 0.00325113 0.00121759 0.000318337 6.21464e-05 7.44141e-06 4.02688e-07
 1.25721e-39 6.15318e-33 6.92366e-27 1.79109e-21 1.06523e-16 1.4565e-12 4.57853e-09 3.30891e-06 0.000549781 0.0210009 0.18443 0.372369 0.173243 0.0290742 0.065363 0.0913571 0.0329177 0.0144406 0.0103677 0.00332528 0.00117505 0.000315806 5.94393e-05 6.80791e-06 3.99154e-07
 1.27564e-39 6.24337e-33 7.02514e-27 1.81734e-21 1.08084e-16 1.47785e-12 4.64564e-09 3.35742e-06 0.000557839 0.0213087 0.187133 0.377827 0.175759 0.0288728 0.0624881 0.0872906 0.0312856 0.0132085 0.00948127 0.00322414 0.0011931 0.000304325 5.53011e-05 6.24668e-06 3.55887e-07
 1.26619e-39 6.19713e-33 6.97311e-27 1.80388e-21 1.07283e-16 1.46691e-12 4.61123e-09 3.33254e-06 0.000553707 0.0211509 0.185747 0.375029 0.174474 0.0290919 0.0646693 0.0903521 0.0321906 0.0129824 0.00920173 0.00306429 0.00112734 0.000301412 5.54213e-05 6.02322e-06 3.34223e-07
 1.26404e-39 6.18662e-33 6.96128e-27 1.80082e-21 1.07101e-16 1.46442e-12 4.60341e-09 3.32689e-06 0.000552768 0.021115 0.185432 0.374393 0.174178 0.0290636 0.0646886 0.0903909 0.0323649 0.0135584 0.0096579 0.00313393 0.00111365 0.000292817 5.45816e-05 6.07746e-06 3.32673e-07
 1.26484e-39 6.19054e-33 6.96569e-27 1.80196e-21 1.07169e-16 1.46535e-12 4.60633e-09 3.329e-06 0.000553118 0.0211284 0.18555 0.37463 0.174287 0.0290397 0.0644708 0.0900849 0.0322686 0.0135623 0.0096933 0.00321172 0.00115974 0.000297272 5.37599e-05 5.96985e-06 3.31836e-07
 1.26718e-39 6.20196e-33 6.97855e-27 1.80528e-21 1.07367e-16 1.46805e-12 4.61483e-09 3.33514e-06 0.000554139 0.0211674 0.185892 0.375321 0.174605 0.0289995 0.0640172 0.0894464 0.0320544 0.0135182 0.00967126 0.00321288 0.0011701 0.000305269 5.5212e-05 5.97843e-06 3.27687e-07
 1.19469e-39 5.8472e-33 6.57937e-27 1.70202e-21 1.01225e-16 1.38408e-12 4.35085e-09 3.14437e-06 0.000522442 0.0199566 0.175259 0.353853 0.164718 0.0299947 0.0765627 0.107138 0.0384061 0.0162332 0.0116224 0.00387017 0.00141422 0.000371 6.7958e-05 7.41206e-06 4.01296e-07
 1.20107e-39 5.87841e-33 6.61448e-27 1.7111e-21 1.01766e-16 1.39146e-12 4.37407e-09 3.16115e-06 0.00052523 0.0200631 0.176194 0.355742 0.165572 0.0294943 0.072939 0.102099 0.0375611 0.0189035 0.0139868 0.00466672 0.00170867 0.000449573 8.28026e-05 9.11741e-06 4.9765e-07
 1.2356e-39 6.04741e-33 6.80464e-27 1.7603e-21 1.04691e-16 1.43147e-12 4.49982e-09 3.25203e-06 0.00054033 0.0206399 0.18126 0.365968 0.170284 0.0290792 0.0673223 0.0941592 0.0344382 0.0167273 0.0124767 0.00462247 0.00187534 0.000500237 9.24494e-05 1.02307e-05 5.62716e-07
 1.2356e-39 6.04741e-33 6.80464e-27 1.7603e-21 1.04691e-16 1.43147e-12 4.49982e-09 3.25203e-06 0.00054033 0.0206399 0.18126 0.365968 0.170284 0.0290792 0.0673223 0.0941592 0.0344382 0.0167273 0.0124767 0.00462247 0.00187534 0.000500237 9.24494e-05 1.02307e-05 5.62716e-07
#pred catch len freq
 2.14613e-27 2.17392e-27 6.66879e-27 1.53804e-21 9.14729e-17 1.25073e-12 3.93168e-09 2.84144e-06 0.000472101 0.0180339 0.158375 0.319763 0.148831 0.0266423 0.066365 0.0931221 0.0375705 0.0293192 0.0259803 0.0174825 0.0147072 0.0127419 0.0131797 0.0122598 0.00515226
 2.14854e-27 2.18105e-27 7.48336e-27 1.81446e-21 1.07913e-16 1.47552e-12 4.6383e-09 3.35211e-06 0.000556949 0.0212751 0.186839 0.37723 0.175448 0.0279517 0.0570432 0.0796727 0.0292111 0.014461 0.0114466 0.00607913 0.00420189 0.00297201 0.00255333 0.00215814 0.000896072
 2.14748e-27 2.17862e-27 7.2313e-27 1.72894e-21 1.02827e-16 1.40598e-12 4.4197e-09 3.19413e-06 0.0005307 0.0202724 0.178033 0.359453 0.167304 0.0299371 0.0745228 0.104206 0.0365758 0.0130163 0.00908474 0.00341776 0.00167497 0.000870087 0.000554805 0.000389862 0.000153225
 2.14791e-27 2.17974e-27 7.35479e-27 1.77086e-21 1.0532e-16 1.44006e-12 4.52684e-09 3.27156e-06 0.000543565 0.0207638 0.182349 0.368166 0.171309 0.0293048 0.0680369 0.0951222 0.0341983 0.0147586 0.0105031 0.0032219 0.00111315 0.000368098 0.000143212 7.10251e-05 2.45217e-05
 2.14941e-27 2.18342e-27 7.74417e-27 1.90294e-21 1.13175e-16 1.54747e-12 4.86448e-09 3.51557e-06 0.000584107 0.0223125 0.19595 0.395625 0.18396 0.0281384 0.0526403 0.0733878 0.0260844 0.0103251 0.0073088 0.00248196 0.000907794 0.000226583 4.85861e-05 1.26397e-05 3.21745e-06
 2.14843e-27 2.18098e-27 7.48164e-27 1.81387e-21 1.07878e-16 1.47503e-12 4.63679e-09 3.35102e-06 0.000556767 0.0212681 0.186778 0.377108 0.175444 0.0293367 0.0655369 0.0915176 0.0318277 0.0103685 0.00694175 0.00224986 0.000804725 0.000213984 3.93936e-05 5.20993e-06 6.75826e-07
 2.14802e-27 2.17998e-27 7.37816e-27 1.77877e-21 1.0579e-16 1.4465e-12 4.54708e-09 3.28619e-06 0.000545995 0.0208566 0.183164 0.369812 0.172076 0.0294825 0.0686257 0.0959127 0.0339477 0.012969 0.00894158 0.00261201 0.00080608 0.000203343 3.71661e-05 4.21071e-06 2.85814e-07
 2.14939e-27 2.18337e-27 7.73822e-27 1.90092e-21 1.13055e-16 1.54582e-12 4.85932e-09 3.51184e-06 0.000583488 0.0222888 0.195742 0.395205 0.183767 0.0281854 0.0530539 0.0739697 0.0262821 0.0103688 0.00727106 0.00230251 0.000768903 0.000175883 2.82955e-05 3.01798e-06 1.70982e-07
 2.14966e-27 2.18402e-27 7.80383e-27 1.92316e-21 1.14378e-16 1.56391e-12 4.91618e-09 3.55294e-06 0.000590315 0.0225496 0.198032 0.399829 0.185906 0.0282086 0.0518014 0.072161 0.0250528 0.00802223 0.00534247 0.00172403 0.000601809 0.000148171 2.41914e-05 2.32437e-06 1.18232e-07
 2.1489e-27 2.18213e-27 7.60356e-27 1.85522e-21 1.10337e-16 1.50866e-12 4.7425e-09 3.42742e-06 0.000569461 0.021753 0.191036 0.385705 0.179403 0.0289128 0.0603574 0.0842223 0.029332 0.00968311 0.00642449 0.00186201 0.000568045 0.000141146 2.44271e-05 2.44303e-06 1.18641e-07
 2.14854e-27 2.18127e-27 7.51334e-27 1.82463e-21 1.08517e-16 1.48378e-12 4.66429e-09 3.3709e-06 0.00056007 0.0213943 0.187886 0.379344 0.176469 0.0291042 0.0634433 0.0885927 0.0311567 0.0112661 0.00767038 0.00225129 0.00067991 0.000152039 2.40096e-05 2.44868e-06 1.23875e-07
 2.1491e-27 2.18265e-27 7.66131e-27 1.87482e-21 1.11503e-16 1.5246e-12 4.79261e-09 3.46364e-06 0.000575478 0.0219829 0.193055 0.38978 0.181272 0.0285299 0.0567919 0.0792263 0.0279706 0.0104635 0.00722205 0.00222159 0.000716616 0.000161958 2.43312e-05 2.25824e-06 1.1031e-07
 2.14896e-27 2.1823e-27 7.62206e-27 1.8615e-21 1.10711e-16 1.51377e-12 4.75856e-09 3.43902e-06 0.000571389 0.0218267 0.191683 0.387011 0.180003 0.028822 0.0594094 0.0828879 0.0288834 0.00959225 0.00643206 0.00201408 0.000672968 0.000160186 2.52798e-05 2.31081e-06 1.05471e-07
 2.14859e-27 2.1814e-27 7.52711e-27 1.82929e-21 1.08795e-16 1.48758e-12 4.67623e-09 3.37952e-06 0.000561503 0.021449 0.188366 0.380315 0.176917 0.0290758 0.0629774 0.0879323 0.0308721 0.0109957 0.00746001 0.0021991 0.000681456 0.000164236 2.7145e-05 2.60917e-06 1.20858e-07
 2.14757e-27 2.17889e-27 7.26169e-27 1.73926e-21 1.03441e-16 1.41437e-12 4.44607e-09 3.21319e-06 0.000533867 0.0203934 0.179095 0.361598 0.168295 0.0299315 0.0738421 0.103256 0.0364007 0.0134451 0.00924259 0.00282018 0.000901502 0.000206003 3.24603e-05 3.18938e-06 1.54498e-07
 2.1474e-27 2.17848e-27 7.22146e-27 1.72563e-21 1.0263e-16 1.40328e-12 4.41123e-09 3.18801e-06 0.000529683 0.0202335 0.177692 0.358764 0.16698 0.029789 0.0738265 0.103281 0.0370471 0.0157257 0.0111792 0.00348104 0.00115061 0.000271546 4.28505e-05 4.03284e-06 1.93123e-07
 2.14777e-27 2.17939e-27 7.31857e-27 1.75857e-21 1.04589e-16 1.43007e-12 4.49544e-09 3.24887e-06 0.000539794 0.0206198 0.181084 0.365612 0.170133 0.0294474 0.0696773 0.0974281 0.0349201 0.0147444 0.0105701 0.00355633 0.00129171 0.000315771 5.16686e-05 4.94912e-06 2.32849e-07
 2.14782e-27 2.17951e-27 7.33034e-27 1.76256e-21 1.04826e-16 1.43331e-12 4.50563e-09 3.25623e-06 0.000541018 0.0206665 0.181494 0.366441 0.170519 0.0295063 0.0697866 0.0975651 0.0347357 0.013931 0.0098736 0.00331774 0.00122978 0.000325523 5.7911e-05 5.79808e-06 2.79841e-07
 2.14766e-27 2.17913e-27 7.28987e-27 1.74883e-21 1.0401e-16 1.42215e-12 4.47055e-09 3.23088e-06 0.000536805 0.0205056 0.180081 0.363588 0.169203 0.0295919 0.0711692 0.0995247 0.035576 0.0147167 0.0104633 0.00341785 0.00122805 0.000326844 6.10838e-05 6.63572e-06 3.4104e-07
 2.14773e-27 2.17931e-27 7.30944e-27 1.75547e-21 1.04405e-16 1.42755e-12 4.48752e-09 3.24314e-06 0.000538843 0.0205834 0.180765 0.364968 0.169838 0.0295108 0.0702584 0.0982422 0.0351416 0.0146148 0.010425 0.00346175 0.00125659 0.000325965 5.99143e-05 6.70339e-06 3.67258e-07
 2.14801e-27 2.17999e-27 7.38158e-27 1.77994e-21 1.0586e-16 1.44745e-12 4.55007e-09 3.28835e-06 0.000546354 0.0208703 0.183284 0.370055 0.172181 0.0292933 0.0673971 0.0942039 0.0336437 0.0138239 0.00983932 0.00327844 0.0011999 0.00031536 5.77712e-05 6.35714e-06 3.5218e-07
 2.14799e-27 2.17992e-27 7.37318e-27 1.77709e-21 1.0569e-16 1.44513e-12 4.54277e-09 3.28307e-06 0.000545478 0.0208369 0.182991 0.369462 0.171911 0.0293914 0.068175 0.095289 0.0338737 0.0134197 0.00946719 0.00313284 0.00113948 0.000300843 5.56935e-05 6.15332e-06 3.38239e-07
 2.14795e-27 2.17983e-27 7.36375e-27 1.77389e-21 1.055e-16 1.44253e-12 4.5346e-09 3.27717e-06 0.000544497 0.0207994 0.182662 0.368797 0.171604 0.0294007 0.0684323 0.0956568 0.0340755 0.0137233 0.00969219 0.00314241 0.00111488 0.0002917 5.38863e-05 5.99483e-06 3.31485e-07
 2.14793e-27 2.17979e-27 7.35967e-27 1.77251e-21 1.05418e-16 1.4414e-12 4.53107e-09 3.27461e-06 0.000544072 0.0207832 0.182519 0.36851 0.171471 0.0294151 0.0686068 0.0959023 0.0341552 0.0137319 0.00970542 0.00317367 0.00113046 0.000289868 5.2404e-05 5.78893e-06 3.20873e-07
 2.14795e-27 2.17983e-27 7.36462e-27 1.77419e-21 1.05518e-16 1.44277e-12 4.53536e-09 3.27772e-06 0.000544588 0.0208029 0.182692 0.368859 0.171631 0.0293705 0.0682291 0.0953746 0.0340324 0.0138888 0.00984779 0.00321921 0.00114879 0.000296281 5.32346e-05 5.76355e-06 3.15243e-07
 2.1472e-27 2.17799e-27 7.16917e-27 1.70789e-21 1.01575e-16 1.38885e-12 4.36587e-09 3.15523e-06 0.000524237 0.0200255 0.175865 0.355075 0.165284 0.0300379 0.0764579 0.106974 0.0381252 0.0154138 0.0109181 0.00359866 0.00129604 0.000334847 6.0346e-05 6.52295e-06 3.52139e-07
 2.14654e-27 2.17641e-27 7.00572e-27 1.65246e-21 9.82782e-17 1.34378e-12 4.22419e-09 3.05283e-06 0.000507224 0.0193756 0.170157 0.343552 0.159963 0.0302058 0.080956 0.11338 0.0412919 0.0194907 0.0142331 0.00467645 0.00168079 0.000437639 7.94717e-05 8.61604e-06 4.64931e-07
 2.14656e-27 2.17647e-27 7.01445e-27 1.65543e-21 9.84549e-17 1.3462e-12 4.23178e-09 3.05832e-06 0.000508136 0.0194104 0.170463 0.34417 0.160243 0.0300506 0.0798221 0.111795 0.0408884 0.0198545 0.0147464 0.00530113 0.00208575 0.000547631 9.9678e-05 1.08864e-05 5.90377e-07
 2.14605e-27 2.17522e-27 6.8835e-27 1.61102e-21 9.58134e-17 1.31008e-12 4.11825e-09 2.97627e-06 0.000494502 0.0188897 0.16589 0.334936 0.155985 0.0303502 0.0844339 0.118316 0.0434673 0.021708 0.016244 0.00596563 0.00245699 0.000705627 0.000137606 1.52384e-05 8.31007e-07
#obs catch len freq
 1.21948e-39 5.96852e-33 6.71588e-27 1.73733e-21 1.03326e-16 1.41279e-12 4.44113e-09 3.20961e-06 0.000533282 0.0203707 0.178895 0.361195 0.168092 0.0294788 0.0712007 0.0996008 0.0360212 0.0162316 0.0118667 0.00421347 0.00168503 0.000492274 0.000105163 1.39257e-05 9.47097e-07
 1.22921e-39 6.01613e-33 6.76944e-27 1.75119e-21 1.0415e-16 1.42406e-12 4.47655e-09 3.23521e-06 0.000537535 0.0205331 0.180322 0.364075 0.169421 0.0293866 0.0697695 0.0975772 0.0352252 0.0156705 0.0114008 0.00397481 0.00155378 0.00044448 9.24413e-05 1.18584e-05 7.79235e-07
 1.30874e-39 6.40536e-33 7.20741e-27 1.86449e-21 1.10888e-16 1.51619e-12 4.76617e-09 3.44452e-06 0.000572312 0.0218616 0.191988 0.387629 0.180272 0.0283616 0.0564135 0.0787326 0.0283231 0.0122895 0.00888766 0.00307268 0.00118471 0.000331672 6.71324e-05 8.37141e-06 5.33204e-07
 1.14964e-39 5.6267e-33 6.33126e-27 1.63784e-21 9.74083e-17 1.33188e-12 4.18678e-09 3.0258e-06 0.00050274 0.019204 0.16865 0.34051 0.158587 0.0310127 0.0867986 0.121502 0.0426022 0.0150081 0.0103271 0.00351277 0.00133031 0.000367653 7.28852e-05 8.84236e-06 5.47005e-07
 1.33698e-39 6.54361e-33 7.36298e-27 1.90473e-21 1.13282e-16 1.54892e-12 4.86905e-09 3.51887e-06 0.000584665 0.0223335 0.196132 0.395996 0.184114 0.0276718 0.0496811 0.0692988 0.0257649 0.0137881 0.0101873 0.00309423 0.00101893 0.000272157 5.28647e-05 6.28338e-06 3.78881e-07
 1.38689e-39 6.78788e-33 7.63783e-27 1.97584e-21 1.1751e-16 1.60674e-12 5.05081e-09 3.65023e-06 0.000606491 0.0231672 0.203454 0.410778 0.190946 0.0276314 0.0449788 0.0625462 0.0216782 0.00683322 0.00464119 0.00178858 0.00073292 0.000179355 3.10377e-05 3.54034e-06 2.08659e-07
 1.26561e-39 6.19429e-33 6.96992e-27 1.80305e-21 1.07234e-16 1.46623e-12 4.60912e-09 3.33102e-06 0.000553454 0.0211412 0.185662 0.374857 0.174416 0.0296646 0.0682171 0.0952624 0.0327045 0.00926648 0.00585294 0.00167852 0.00053114 0.000155382 3.0235e-05 3.18259e-06 1.74048e-07
 1.27243e-39 6.22764e-33 7.00744e-27 1.81276e-21 1.07812e-16 1.47413e-12 4.63394e-09 3.34896e-06 0.000556434 0.0212551 0.186662 0.376875 0.175326 0.029046 0.0638328 0.0891767 0.0318432 0.0130507 0.00907383 0.002467 0.000658236 0.000145591 2.52755e-05 2.96694e-06 1.64242e-07
 1.41465e-39 6.92372e-33 7.79068e-27 2.01537e-21 1.19862e-16 1.63889e-12 5.15188e-09 3.72327e-06 0.000618627 0.0236308 0.207525 0.418998 0.194725 0.0270497 0.0389503 0.054085 0.0191924 0.00749716 0.00526832 0.00172549 0.000588408 0.000123749 1.69795e-05 1.62762e-06 8.92544e-08
 1.41291e-39 6.91523e-33 7.78113e-27 2.0129e-21 1.19715e-16 1.63689e-12 5.14557e-09 3.71871e-06 0.000617869 0.0236018 0.207271 0.418484 0.194502 0.0274375 0.0414727 0.0575789 0.0195901 0.00497311 0.0030537 0.000974222 0.000339274 8.53732e-05 1.36187e-05 1.16366e-06 5.17965e-08
 1.34153e-39 6.56584e-33 7.38799e-27 1.9112e-21 1.13666e-16 1.55418e-12 4.88559e-09 3.53083e-06 0.000586652 0.0224093 0.196799 0.397341 0.184769 0.0285627 0.054714 0.0762319 0.0260277 0.00690065 0.00421294 0.0010898 0.000273629 6.52702e-05 1.13121e-05 1.12189e-06 5.07773e-08
 1.31383e-39 6.43029e-33 7.23546e-27 1.87175e-21 1.1132e-16 1.5221e-12 4.78472e-09 3.45793e-06 0.00057454 0.0219467 0.192736 0.389138 0.180984 0.0287456 0.0583031 0.0813301 0.0283628 0.00948184 0.00625272 0.0016463 0.000405655 7.77431e-05 1.04412e-05 1.01754e-06 5.08905e-08
 1.35637e-39 6.63847e-33 7.46971e-27 1.93234e-21 1.14924e-16 1.57138e-12 4.93963e-09 3.56988e-06 0.000593141 0.0226572 0.198976 0.401736 0.186781 0.0280241 0.0501014 0.069784 0.024481 0.00865798 0.00586254 0.00172071 0.000507846 0.000100389 1.22173e-05 9.45061e-07 4.13012e-08
 1.32743e-39 6.49685e-33 7.31036e-27 1.89112e-21 1.12472e-16 1.53785e-12 4.83425e-09 3.49372e-06 0.000580487 0.0221739 0.194731 0.393166 0.18284 0.028594 0.0561631 0.078301 0.0271144 0.00845106 0.00554101 0.00167566 0.000529203 0.000117901 1.6481e-05 1.26263e-06 4.72516e-08
 1.28624e-39 6.29523e-33 7.0835e-27 1.83243e-21 1.08982e-16 1.49013e-12 4.68423e-09 3.3853e-06 0.000562473 0.0214857 0.188688 0.380966 0.177219 0.0291098 0.0629894 0.0879394 0.030742 0.0105217 0.00703657 0.00199983 0.000581813 0.000133287 2.04761e-05 1.77704e-06 7.10197e-08
 1.15376e-39 5.64685e-33 6.35392e-27 1.6437e-21 9.7757e-17 1.33665e-12 4.20177e-09 3.03663e-06 0.00050454 0.0192728 0.169254 0.341729 0.159144 0.0308334 0.0853367 0.119472 0.0423141 0.0162558 0.0112489 0.00334819 0.00102528 0.000223226 3.27731e-05 2.9939e-06 1.32426e-07
 1.2554e-39 6.14431e-33 6.91368e-27 1.7885e-21 1.06369e-16 1.4544e-12 4.57193e-09 3.30414e-06 0.000548988 0.0209706 0.184164 0.371832 0.172983 0.0287403 0.0634864 0.0887752 0.0328682 0.0171761 0.0127108 0.00402968 0.0013508 0.000309946 4.63591e-05 4.08452e-06 1.81402e-07
 1.22623e-39 6.00154e-33 6.75303e-27 1.74695e-21 1.03897e-16 1.42061e-12 4.4657e-09 3.22737e-06 0.000536232 0.0204834 0.179885 0.363193 0.169023 0.0296494 0.0716397 0.100172 0.0355676 0.013975 0.010032 0.00381632 0.00156265 0.000392127 6.39283e-05 5.87851e-06 2.60248e-07
 1.27172e-39 6.22421e-33 7.00358e-27 1.81176e-21 1.07752e-16 1.47332e-12 4.63138e-09 3.34711e-06 0.000556127 0.0212433 0.186559 0.376667 0.175223 0.0288694 0.0628173 0.0877669 0.0316254 0.013878 0.00996819 0.00321631 0.00118111 0.000349937 6.84107e-05 6.97741e-06 3.29305e-07
 1.23707e-39 6.0546e-33 6.81274e-27 1.76239e-21 1.04816e-16 1.43317e-12 4.50518e-09 3.2559e-06 0.000540973 0.0206645 0.181475 0.366404 0.170504 0.029561 0.0701328 0.0980432 0.0347683 0.0135099 0.00953025 0.0032589 0.00121654 0.000317588 6.19203e-05 7.40934e-06 4.00798e-07
 1.24822e-39 6.10917e-33 6.87413e-27 1.77827e-21 1.05761e-16 1.44609e-12 4.54578e-09 3.28525e-06 0.000545848 0.0208507 0.183111 0.369706 0.172018 0.0292277 0.0671029 0.0938057 0.0337297 0.0145765 0.0104304 0.00333612 0.00117476 0.000315243 5.92626e-05 6.78269e-06 3.97495e-07
 1.26707e-39 6.20142e-33 6.97794e-27 1.80513e-21 1.07358e-16 1.46792e-12 4.61443e-09 3.33486e-06 0.000554091 0.0211656 0.185876 0.375289 0.174591 0.0290196 0.0641495 0.0896286 0.0320598 0.013334 0.00953771 0.00323376 0.00119275 0.000303794 5.51347e-05 6.22334e-06 3.54393e-07
 1.25667e-39 6.15053e-33 6.92067e-27 1.79031e-21 1.06477e-16 1.45588e-12 4.57656e-09 3.30749e-06 0.000549544 0.0209919 0.184351 0.372209 0.173176 0.0292533 0.0665044 0.0929348 0.033049 0.0131326 0.00927432 0.00307953 0.00112914 0.000301441 5.53614e-05 6.0124e-06 3.33463e-07
 1.25434e-39 6.13913e-33 6.90785e-27 1.787e-21 1.06279e-16 1.45318e-12 4.56808e-09 3.30136e-06 0.000548526 0.020953 0.184009 0.371519 0.172856 0.029227 0.066552 0.0930136 0.033239 0.0137194 0.00973869 0.00315128 0.00111598 0.000292985 5.45462e-05 6.06926e-06 3.32073e-07
 1.25449e-39 6.13986e-33 6.90867e-27 1.78721e-21 1.06292e-16 1.45335e-12 4.56862e-09 3.30175e-06 0.000548591 0.0209554 0.184031 0.371563 0.172876 0.0292118 0.0664457 0.0928649 0.0331997 0.0137494 0.00979304 0.00323548 0.00116442 0.000298033 5.38307e-05 5.97337e-06 3.3188e-07
 1.25593e-39 6.1469e-33 6.91659e-27 1.78926e-21 1.06414e-16 1.45502e-12 4.57386e-09 3.30554e-06 0.00054922 0.0209795 0.184242 0.371989 0.173072 0.0291835 0.0661447 0.0924417 0.0330638 0.0137417 0.00979753 0.00324552 0.00117804 0.000306889 5.54381e-05 5.9986e-06 3.28637e-07
 1.18244e-39 5.7872e-33 6.51185e-27 1.68456e-21 1.00187e-16 1.36987e-12 4.30621e-09 3.11211e-06 0.000517081 0.0197518 0.173461 0.350222 0.163047 0.0301983 0.0788999 0.110428 0.0395084 0.016456 0.0117416 0.00389862 0.00141987 0.00037193 6.80463e-05 7.41644e-06 4.01348e-07
 1.18865e-39 5.81762e-33 6.54608e-27 1.69341e-21 1.00713e-16 1.37707e-12 4.32885e-09 3.12847e-06 0.000519799 0.0198557 0.174372 0.352063 0.163879 0.0296938 0.0752654 0.105375 0.0386738 0.0191791 0.0141502 0.00470776 0.00171796 0.00045135 8.30293e-05 9.13589e-06 4.98431e-07
 1.17614e-39 5.7564e-33 6.47719e-27 1.67559e-21 9.96535e-17 1.36258e-12 4.28329e-09 3.09554e-06 0.000514329 0.0196467 0.172537 0.348358 0.162173 0.0298695 0.0774545 0.108451 0.0396177 0.0190948 0.0142178 0.00525354 0.00212586 0.00056634 0.000104549 1.15619e-05 6.35659e-07
#spawning biomass
 2682.41 2322.77 2351.16 2224.72 2359.24 3513.16 4048.88 4358.29 6344.27 12036.7 16566.7 20762.7 25488 35151.1 40541.3 38425.4 33603.6 31246.6 33479 33025.9 33170.3 35075.4 38283.6 40508.5 45135.6 48006.8 55597.9 49310.1 50810 124460 188366 180216 123768 79442.4 52789.9 38087.6 30343.7 26381.8 24393.5 23408.5 22924.8 22688.7 22573.9 22518.2 22491.3 22478.3 22472.1 22469.1 22467.6 22466.9 22466.6 22466.4 22466.3 22466.3 22466.3 22466.3 22466.3 22466.3 22466.3 22466.3 22466.3 22466.3 22466.3 22466.3 22466.3 22466.3 22466.3 22466.3 22466.3 22466.3 22466.3 22466.3 22466.3 22466.3 22466.3 22466.3 22466.3 22466.3 22466.3 22466.3 22466.3 22466.3 22466.3 22466.3 22466.3 22466.3 22466.3 22466.3 22466.3 22466.3 22466.3 22466.3 22466.3 22466.3 22466.3 22466.3 22466.3 22466.3 22466.3 22466.3 22466.3 22466.3 22466.3 22466.3 22466.3 22466.3 22466.3 22466.3 22466.3 22466.3 22466.3 22466.3 22466.3 22466.3 22466.3 22466.3 22466.3 22466.3 22466.3 22466.3 22466.3 22466.3 22466.3 22466.3 22466.3 22466.3 22466.3 22466.3 22466.3 0 0 0 0 0 0 0 0 0 0 0 0 0 0 0 0 0 0 0 0 0 0 0 0 0
