SBPRF35
0.0344916
Curr Bio
36095.7
B35
24311.2
F35
3.7956
FOFL
3.7956
OFL
56368.2
Bzero
9854.42
#pred survey bio
 8755.24 7400.38 8679.56 11277.9 14426 16503.4 15236.4 15295.8 25095.6 36481.4 35695 45692.9 72339 81100.8 66499.9 54704.5 53111 55913 54884.9 58657.4 60514 64254.4 70899.5 74774.2 83508.4 80541.1 70795.5 70593 1.84099e+06 1.15232e+06 403582 212539 176442 164846 160844 159444 158951 158777 158715 158693 158685 158683 158682 158681 158681 158681 158681 158681 158681 158681 158681 158681 158681 158681 158681 158681 158681 158681 158681 158681 158681 158681 158681 158681 158681 158681 158681 158681 158681 158681 158681 158681 158681 158681 158681 158681 158681 158681 158681 158681 158681 158681 158681 158681 158681 158681 158681 158681 158681 158681 158681 158681 158681 158681 158681 158681 158681 158681 158681 158681 158681 158681 158681 158681 158681 158681 158681 158681 158681 158681 158681 158681 158681 158681 158681 158681 158681 158681 158681 158681 158681 158681 158681 158681 158681 158681 158681 158681 0 0 0 0 0 0 0 0 0 0 0 0 0 0 0 0 0 0 0 0 0 0 0 0 0
#obs survey bio
 6638.43 7830.82 9286.58 9266.66 20722.3 14084.4 12105.1 15700.9 27139.9 26234.2 27378.5 75575 84257.4 63080.8 43019.7 68707.1 79587.5 47409.2 63590.7 57861.4 53572.7 96639.4 59782.4 63462.8 115312 57934.9 65856.9 81691.7
#pred catch bio
 3810.08 3281.27 3524.95 4832.18 6344.29 8496.81 8504.21 7375.18 7960.98 19138.9 22106.1 17580.1 33752.7 49955.8 42591.9 34866.1 29132.5 34755.4 31066.9 34635.3 36806.2 33416.4 41738.8 39827.3 48002.8 51291.9 47213.9 39531.5 56368.2 42290.4 9205.53 4678.05 4610.15 4609.48 4609.47 4609.47 4609.47 4609.47 4609.47 4609.47 4609.47 4609.47 4609.47 4609.47 4609.47 4609.47 4609.47 4609.47 4609.47 4609.47 4609.47 4609.47 4609.47 4609.47 4609.47 4609.47 4609.47 4609.47 4609.47 4609.47 4609.47 4609.47 4609.47 4609.47 4609.47 4609.47 4609.47 4609.47 4609.47 4609.47 4609.47 4609.47 4609.47 4609.47 4609.47 4609.47 4609.47 4609.47 4609.47 4609.47 4609.47 4609.47 4609.47 4609.47 4609.47 4609.47 4609.47 4609.47 4609.47 4609.47 4609.47 4609.47 4609.47 4609.47 4609.47 4609.47 4609.47 4609.47 4609.47 4609.47 4609.47 4609.47 4609.47 4609.47 4609.47 4609.47 4609.47 4609.47 4609.47 4609.47 4609.47 4609.47 4609.47 4609.47 4609.47 4609.47 4609.47 4609.47 4609.47 4609.47 4609.47 4609.47 4609.47 4609.47 4609.47 4609.47 4609.47 4609.47 0 0 0 0 0 0 0 0 0 0 0 0 0 0 0 0 0 0 0 0 0 0 0 0 0
#obs catch bio
 3417 3327 3529.08 4857.86 6285.03 8464.09 8683.69 7497.92 7759.11 18587.6 22876.5 17306.6 32726.4 49691.1 42984.5 35659.2 28643.6 35131.7 31151.7 34770.2 37564.2 32566.3 41975.7 39876.4 47217.2 52170.5 47887.6 39777.3
#pred cpue bio
 6257.92 4294.17 4630.7 6008.2 7644.29 9378.09 9169.41 8102.21 10921.2 20342.5 20612.2 20063.8 36379.4 46667.8 39280 30961.5 27656.2 31020.3 29037.1 31528.4 32354.7 33289.5 39064.6 38986.8 45069.6 45636.8 39371.6 35469.7 976642 858570 348962 145667 108070 96320.2 92302.8 90901.6 90408.7 90234.5 90172.7 90150.7 90142.9 90140.1 90139.1 90138.7 90138.6 90138.5 90138.5 90138.5 90138.5 90138.5 90138.5 90138.5 90138.5 90138.5 90138.5 90138.5 90138.5 90138.5 90138.5 90138.5 90138.5 90138.5 90138.5 90138.5 90138.5 90138.5 90138.5 90138.5 90138.5 90138.5 90138.5 90138.5 90138.5 90138.5 90138.5 90138.5 90138.5 90138.5 90138.5 90138.5 90138.5 90138.5 90138.5 90138.5 90138.5 90138.5 90138.5 90138.5 90138.5 90138.5 90138.5 90138.5 90138.5 90138.5 90138.5 90138.5 90138.5 90138.5 90138.5 90138.5 90138.5 90138.5 90138.5 90138.5 90138.5 90138.5 90138.5 90138.5 90138.5 90138.5 90138.5 90138.5 90138.5 90138.5 90138.5 90138.5 90138.5 90138.5 90138.5 90138.5 90138.5 90138.5 90138.5 90138.5 90138.5 90138.5 90138.5 90138.5 0 0 0 0 0 0 0 0 0 0 0 0 0 0 0 0 0 0 0 0 0 0 0 0 0
#obs cpue bio
 4184.61 3969.42 4027.97 6606.83 8369.48 8671.69 6838.31 10281.2 17435.3 30717 17912.3 19037.2 48944.1 54155.5 37269.9 26453.1 22288.2 26347.1 25279 25478.8 32446.9 41137.8 33103.3 42608.8 52652.8 35697.3 40660.9 27813.7
#pred surv len freq
 2.14192e-27 2.16389e-27 5.64415e-27 1.19062e-21 7.08109e-17 9.68212e-13 3.04359e-09 2.19961e-06 0.000365462 0.0139604 0.122601 0.247536 0.115481 0.0277531 0.0949138 0.133658 0.0557117 0.0484736 0.0428418 0.0271703 0.0211816 0.0162958 0.0146883 0.0123787 0.00498675
 2.14354e-27 2.16898e-27 6.22619e-27 1.38808e-21 8.25546e-17 1.12879e-12 3.54836e-09 2.56441e-06 0.000426073 0.0162757 0.142934 0.288589 0.134586 0.0310988 0.102972 0.144653 0.0554859 0.0349055 0.0269428 0.0098211 0.0048117 0.0027145 0.00188504 0.00136552 0.000530352
 2.14446e-27 2.17131e-27 6.47047e-27 1.47092e-21 8.7481e-17 1.19615e-12 3.7601e-09 2.71744e-06 0.000451498 0.0172469 0.151463 0.30581 0.142562 0.0314989 0.100226 0.14065 0.052413 0.0283942 0.0208495 0.00587857 0.00172964 0.000497241 0.000190061 0.000100961 3.53857e-05
 2.14433e-27 2.17098e-27 6.4336e-27 1.4584e-21 8.67366e-17 1.18597e-12 3.7281e-09 2.69431e-06 0.000447656 0.0171002 0.150174 0.303208 0.141371 0.0318067 0.102889 0.144383 0.0534445 0.0278568 0.020224 0.00540043 0.00136565 0.000270156 4.32478e-05 1.01568e-05 2.66599e-06
 2.1444e-27 2.17116e-27 6.45165e-27 1.46452e-21 8.71006e-17 1.19095e-12 3.74375e-09 2.70562e-06 0.000449535 0.0171719 0.150805 0.30448 0.141959 0.0318064 0.102504 0.143832 0.0531543 0.0274373 0.019825 0.00512369 0.00120364 0.000217459 2.48033e-05 2.22985e-06 2.36312e-07
 2.14261e-27 2.16675e-27 5.9851e-27 1.30625e-21 7.76879e-17 1.06224e-12 3.33918e-09 2.41323e-06 0.000400955 0.0153162 0.134508 0.271578 0.126807 0.0333734 0.121987 0.171306 0.0630145 0.0316308 0.0227193 0.00579039 0.0013142 0.00022763 2.34966e-05 1.55388e-06 6.33763e-08
 2.14136e-27 2.16372e-27 5.67116e-27 1.19979e-21 7.13564e-17 9.75671e-13 3.06703e-09 2.21655e-06 0.000368277 0.0140679 0.123545 0.249445 0.116589 0.0337645 0.131045 0.184205 0.0693747 0.0397586 0.0290368 0.0070821 0.00144955 0.000240381 2.35502e-05 1.43047e-06 4.45258e-08
 2.14484e-27 2.17228e-27 6.57727e-27 1.50717e-21 8.9637e-17 1.22563e-12 3.85277e-09 2.78441e-06 0.000462625 0.017672 0.155196 0.313346 0.14602 0.0307861 0.0936031 0.131394 0.0502414 0.031061 0.0229846 0.00576329 0.00124733 0.000200791 1.79086e-05 1.01238e-06 2.91658e-08
 2.14759e-27 2.17895e-27 7.27065e-27 1.74231e-21 1.03622e-16 1.41684e-12 4.45387e-09 3.21882e-06 0.000534803 0.0204291 0.179409 0.362231 0.16858 0.0297073 0.072283 0.101101 0.0362347 0.0152687 0.0106415 0.00278778 0.000665444 0.000112151 1.03923e-05 5.6922e-07 1.51311e-08
 2.14238e-27 2.16609e-27 5.90373e-27 1.2786e-21 7.6043e-17 1.03975e-12 3.26847e-09 2.36214e-06 0.000392465 0.0149919 0.13166 0.265828 0.124197 0.0346585 0.131565 0.184629 0.0652993 0.024764 0.0167733 0.00416625 0.000900222 0.000156909 1.62191e-05 9.52741e-07 2.58085e-08
 2.14267e-27 2.16694e-27 6.01302e-27 1.31576e-21 7.82534e-17 1.06998e-12 3.36348e-09 2.4308e-06 0.000403873 0.0154277 0.135487 0.273554 0.12769 0.0325607 0.11643 0.163618 0.0622911 0.0376858 0.027529 0.00616849 0.000988213 0.00014942 1.40318e-05 8.41571e-07 2.47479e-08
 2.14751e-27 2.17876e-27 7.25092e-27 1.73562e-21 1.03224e-16 1.4114e-12 4.43676e-09 3.20646e-06 0.000532749 0.0203506 0.17872 0.36084 0.167936 0.0296853 0.0725682 0.101524 0.0366831 0.0163814 0.0114494 0.00272833 0.000517275 7.41207e-05 5.311e-06 2.58384e-07 7.07441e-09
 2.14466e-27 2.17169e-27 6.49395e-27 1.4788e-21 8.795e-17 1.20256e-12 3.78026e-09 2.732e-06 0.000453919 0.0173394 0.152275 0.30745 0.143373 0.0328907 0.108228 0.151685 0.0529876 0.0179906 0.0118166 0.00284808 0.000564304 8.73284e-05 7.17632e-06 3.35732e-07 7.3893e-09
 2.14209e-27 2.16544e-27 5.84378e-27 1.2583e-21 7.4836e-17 1.02325e-12 3.2166e-09 2.32464e-06 0.000386236 0.014754 0.12957 0.261609 0.122223 0.0340398 0.12906 0.181259 0.0663268 0.0322001 0.0227004 0.00499907 0.000753293 0.000108398 9.25633e-06 4.72168e-07 1.11712e-08
 2.14149e-27 2.164e-27 5.69365e-27 1.20739e-21 7.1808e-17 9.81846e-13 3.08645e-09 2.23058e-06 0.000370608 0.014157 0.124327 0.251024 0.117338 0.0342863 0.133755 0.187925 0.0693407 0.0354347 0.0252582 0.00571532 0.00093051 0.000125693 8.53985e-06 3.83951e-07 9.32619e-09
 2.14278e-27 2.16717e-27 6.02992e-27 1.32146e-21 7.85924e-17 1.07461e-12 3.37805e-09 2.44133e-06 0.000405623 0.0154945 0.136074 0.274739 0.128259 0.0331242 0.119513 0.167848 0.0622109 0.0326415 0.0233743 0.00530787 0.000876421 0.00012125 8.51101e-06 3.54657e-07 7.23882e-09
 2.14432e-27 2.17092e-27 6.41882e-27 1.45335e-21 8.64361e-17 1.18186e-12 3.71519e-09 2.68498e-06 0.000446105 0.0170409 0.149654 0.302158 0.140913 0.0325488 0.107736 0.151105 0.0543481 0.0234827 0.0162274 0.00365816 0.000591877 8.14778e-05 5.77044e-06 2.45575e-07 5.00678e-09
 2.14273e-27 2.167e-27 6.00315e-27 1.31234e-21 7.80498e-17 1.06719e-12 3.35473e-09 2.42447e-06 0.000402823 0.0153875 0.135134 0.272843 0.127415 0.0340037 0.125453 0.176079 0.0631733 0.0268026 0.0184393 0.0041209 0.00064824 8.84114e-05 6.26354e-06 2.67742e-07 5.52515e-09
 2.14412e-27 2.17042e-27 6.36839e-27 1.43625e-21 8.54194e-17 1.16796e-12 3.67149e-09 2.6534e-06 0.000440858 0.0168405 0.147894 0.298604 0.139268 0.0324988 0.108502 0.152229 0.0553538 0.0257946 0.0180301 0.00391276 0.000552272 7.15637e-05 4.89467e-06 2.04512e-07 4.20642e-09
 2.14351e-27 2.16892e-27 6.20583e-27 1.38109e-21 8.21388e-17 1.1231e-12 3.53049e-09 2.55149e-06 0.000423927 0.0161937 0.142214 0.287136 0.133999 0.033359 0.117209 0.164447 0.0588949 0.0246595 0.0169329 0.00382222 0.000618265 8.22383e-05 5.24979e-06 2.04807e-07 4.0593e-09
 2.14376e-27 2.16952e-27 6.27164e-27 1.40342e-21 8.3467e-17 1.14126e-12 3.58757e-09 2.59275e-06 0.000430781 0.0164556 0.144514 0.291779 0.136131 0.0329775 0.113481 0.159222 0.0574637 0.0254391 0.0176184 0.00384858 0.000558112 7.37582e-05 5.13595e-06 2.08737e-07 3.94329e-09
 2.1443e-27 2.17084e-27 6.40906e-27 1.45003e-21 8.62387e-17 1.17916e-12 3.7067e-09 2.67885e-06 0.000445086 0.017002 0.149312 0.301468 0.140602 0.0327672 0.109277 0.153246 0.054675 0.0222336 0.0151292 0.00330007 0.000474779 6.07631e-05 3.91297e-06 1.55241e-07 3.0899e-09
 2.14309e-27 2.16789e-27 6.10014e-27 1.34525e-21 8.00074e-17 1.09396e-12 3.43887e-09 2.48528e-06 0.000412926 0.0157735 0.138524 0.279686 0.130558 0.0334418 0.119961 0.168377 0.0610089 0.0277628 0.0193708 0.00433989 0.00068498 9.10647e-05 5.92157e-06 2.29382e-07 4.33799e-09
 2.14447e-27 2.1713e-27 6.46215e-27 1.46806e-21 8.73112e-17 1.19382e-12 3.7528e-09 2.71216e-06 0.000450622 0.0172134 0.151169 0.305216 0.142313 0.032156 0.104416 0.146471 0.0533219 0.0250434 0.0175761 0.0039372 0.000622532 8.44006e-05 5.81054e-06 2.35645e-07 4.48603e-09
 2.14345e-27 2.16876e-27 6.18978e-27 1.37565e-21 8.1815e-17 1.11867e-12 3.51657e-09 2.54143e-06 0.000422256 0.0161299 0.141653 0.286004 0.133476 0.0333681 0.117606 0.165013 0.0591895 0.0250735 0.0172883 0.00398158 0.000687882 9.6228e-05 6.72812e-06 2.81611e-07 5.62847e-09
 2.14238e-27 2.16615e-27 5.91598e-27 1.28278e-21 7.62921e-17 1.04316e-12 3.27918e-09 2.36987e-06 0.000393751 0.015041 0.132091 0.266698 0.124574 0.0339984 0.127273 0.178701 0.064889 0.0299596 0.0209381 0.00463182 0.000704423 9.66059e-05 7.15515e-06 3.13353e-07 6.41649e-09
 2.14292e-27 2.16749e-27 6.0591e-27 1.33134e-21 7.91797e-17 1.08264e-12 3.4033e-09 2.45957e-06 0.000408654 0.0156103 0.137091 0.276792 0.129221 0.0334691 0.120999 0.169865 0.0618487 0.0290771 0.0203793 0.00448069 0.000662867 8.66504e-05 5.80007e-06 2.42747e-07 5.14871e-09
 2.14493e-27 2.17239e-27 6.5723e-27 1.5054e-21 8.95319e-17 1.22419e-12 3.84825e-09 2.78114e-06 0.000462083 0.0176513 0.155014 0.312979 0.145905 0.0322536 0.102672 0.143927 0.0512496 0.0205232 0.0139034 0.00299255 0.000409256 5.13805e-05 3.29903e-06 1.28541e-07 2.51469e-09
#obs surv len freq
 8.67909e-40 4.24782e-33 4.77971e-27 1.23647e-21 7.35372e-17 1.00549e-12 3.16076e-09 2.28429e-06 0.000379538 0.0144979 0.12732 0.257067 0.120056 0.0322463 0.119478 0.168013 0.0650442 0.0426982 0.0333491 0.0125174 0.00530987 0.00161232 0.000356562 4.82542e-05 3.3311e-06
 1.03666e-39 5.07375e-33 5.70906e-27 1.47688e-21 8.78356e-17 1.20099e-12 3.77533e-09 2.72844e-06 0.000453334 0.0173168 0.152076 0.307048 0.143101 0.0305828 0.0942596 0.132351 0.0509281 0.0325167 0.0251842 0.00912179 0.00370994 0.00108431 0.000231575 3.0526e-05 2.0479e-06
 9.69258e-40 4.74385e-33 5.33785e-27 1.38085e-21 8.21244e-17 1.1229e-12 3.52986e-09 2.55104e-06 0.000423858 0.0161908 0.142188 0.287085 0.133956 0.0328294 0.113991 0.159957 0.0578723 0.0261459 0.0191029 0.00671901 0.00263184 0.00073623 0.000149389 1.88804e-05 1.22674e-06
 1.04862e-39 5.13225e-33 5.77489e-27 1.49391e-21 8.88484e-17 1.21484e-12 3.81886e-09 2.7599e-06 0.000458562 0.0175165 0.15383 0.310588 0.144766 0.0313463 0.0978536 0.137292 0.051014 0.0271965 0.0199806 0.00579861 0.00178678 0.000468501 9.02759e-05 1.08092e-05 6.69916e-07
 9.8414e-40 4.81668e-33 5.41981e-27 1.40205e-21 8.33854e-17 1.14014e-12 3.58405e-09 2.5902e-06 0.000430366 0.0164394 0.144371 0.291492 0.135994 0.0328601 0.11285 0.158324 0.0569808 0.0247826 0.0177095 0.00551752 0.00178669 0.00039087 6.08876e-05 6.67233e-06 3.90569e-07
 8.13137e-40 3.97974e-33 4.47807e-27 1.15843e-21 6.88964e-17 9.42034e-13 2.96129e-09 2.14013e-06 0.000355586 0.0135829 0.119285 0.240845 0.112651 0.0347758 0.13981 0.196435 0.0719543 0.0352086 0.0254154 0.00712949 0.00202032 0.000454167 6.79995e-05 6.15278e-06 3.08875e-07
 7.95068e-40 3.89131e-33 4.37856e-27 1.13269e-21 6.73654e-17 9.211e-13 2.89549e-09 2.09258e-06 0.000347684 0.0132811 0.116635 0.235493 0.110134 0.0336261 0.134405 0.189057 0.0726214 0.0459178 0.0346224 0.0101505 0.0029992 0.000616477 8.36556e-05 7.30578e-06 3.25852e-07
 1.33024e-39 6.5106e-33 7.32583e-27 1.89512e-21 1.1271e-16 1.54111e-12 4.84448e-09 3.50112e-06 0.000581716 0.0222208 0.195143 0.393998 0.183183 0.0274703 0.0490531 0.0684596 0.0260854 0.0158906 0.0121071 0.00403813 0.00141388 0.000307459 4.16877e-05 3.34621e-06 1.38118e-07
 1.1045e-39 5.40577e-33 6.08266e-27 1.57353e-21 9.35835e-17 1.27959e-12 4.02239e-09 2.90699e-06 0.000483001 0.01845 0.162028 0.327141 0.152468 0.0326613 0.100892 0.141202 0.0473103 0.00958203 0.0052953 0.00170972 0.00060123 0.000147758 2.32048e-05 1.95265e-06 7.78119e-08
 6.39433e-40 3.12958e-33 3.52145e-27 9.10967e-22 5.41786e-17 7.40795e-13 2.32869e-09 1.68295e-06 0.000279625 0.0106813 0.0938033 0.189399 0.0890146 0.0387157 0.179368 0.251972 0.0885836 0.0318714 0.0210336 0.00449024 0.000638416 0.000125185 2.04318e-05 1.94746e-06 8.5427e-08
 1.23139e-39 6.02678e-33 6.78143e-27 1.75429e-21 1.04334e-16 1.42658e-12 4.48447e-09 3.24094e-06 0.000538487 0.0205695 0.180641 0.36472 0.169662 0.0278743 0.0603439 0.0845812 0.0346308 0.0281555 0.02151 0.00542006 0.00116479 0.000170995 1.33315e-05 9.7375e-07 4.5055e-08
 1.17999e-39 5.77524e-33 6.49839e-27 1.68107e-21 9.99797e-17 1.36704e-12 4.29731e-09 3.10567e-06 0.000516012 0.019711 0.173102 0.349499 0.162753 0.0312746 0.0856881 0.119817 0.0403879 0.00900704 0.00533951 0.00199186 0.00075554 0.00014082 1.34273e-05 6.93314e-07 1.89287e-08
 8.82296e-40 4.31823e-33 4.85894e-27 1.25696e-21 7.47562e-17 1.02216e-12 3.21315e-09 2.32216e-06 0.000385829 0.0147382 0.129431 0.261329 0.122156 0.0356953 0.13925 0.195321 0.0671719 0.0193836 0.0120095 0.00260732 0.000411809 9.23426e-05 1.43852e-05 9.77798e-07 2.68672e-08
 9.22828e-40 4.5166e-33 5.08215e-27 1.31471e-21 7.81905e-17 1.06911e-12 3.36077e-09 2.42883e-06 0.000403554 0.0154152 0.135377 0.273333 0.127614 0.0332554 0.120737 0.16956 0.062624 0.0321908 0.0230245 0.00536102 0.000953341 0.000136569 1.18288e-05 9.20142e-07 3.59281e-08
 7.36637e-40 3.60533e-33 4.05677e-27 1.04945e-21 6.24146e-17 8.53408e-13 2.6827e-09 1.93879e-06 0.000322132 0.012305 0.108063 0.218188 0.102231 0.0362163 0.155433 0.218396 0.0788908 0.0352017 0.0250817 0.00726643 0.00203618 0.000337843 2.79519e-05 1.40608e-06 4.11968e-08
 1.11993e-39 5.4813e-33 6.16765e-27 1.59551e-21 9.48911e-17 1.29746e-12 4.07859e-09 2.94761e-06 0.000489749 0.0187078 0.164292 0.331711 0.154475 0.0298507 0.0823581 0.115539 0.0445589 0.0286836 0.0215166 0.00588738 0.00156904 0.000318181 3.80987e-05 2.23095e-06 5.55161e-08
 8.73751e-40 4.2764e-33 4.81188e-27 1.24479e-21 7.40322e-17 1.01226e-12 3.18204e-09 2.29966e-06 0.000382092 0.0145954 0.128177 0.258798 0.120984 0.0356591 0.139791 0.196088 0.0674611 0.0195933 0.0126695 0.00410687 0.00137697 0.000277852 3.42324e-05 2.5062e-06 8.10791e-08
 9.57034e-40 4.68402e-33 5.27053e-27 1.36344e-21 8.10887e-17 1.10874e-12 3.48534e-09 2.51886e-06 0.000418512 0.0159866 0.140395 0.283464 0.132282 0.0328278 0.115073 0.161562 0.0595926 0.0303968 0.0217128 0.00507005 0.000977511 0.000207148 3.03108e-05 2.33487e-06 8.39011e-08
 1.01287e-39 4.95729e-33 5.57802e-27 1.44298e-21 8.58194e-17 1.17343e-12 3.68867e-09 2.66581e-06 0.000442929 0.0169193 0.148585 0.300001 0.139921 0.0326641 0.109089 0.152993 0.0547093 0.0226766 0.0159062 0.00457908 0.00127288 0.000215107 2.12143e-05 1.63798e-06 6.56637e-08
 8.6442e-40 4.23073e-33 4.76049e-27 1.23149e-21 7.32416e-17 1.00145e-12 3.14806e-09 2.27511e-06 0.000378012 0.0144396 0.126808 0.256034 0.119684 0.0350486 0.136897 0.192157 0.0680991 0.0262726 0.017971 0.0047486 0.0011915 0.000237663 2.85213e-05 1.79979e-06 5.81485e-08
 1.1175e-39 5.46937e-33 6.15422e-27 1.59204e-21 9.46845e-17 1.29464e-12 4.06971e-09 2.94119e-06 0.000488683 0.0186671 0.163934 0.330989 0.154173 0.0306839 0.0876618 0.122879 0.0453141 0.0230952 0.0166413 0.00427157 0.000992898 0.000182286 2.12828e-05 1.53418e-06 5.13071e-08
 8.85451e-40 4.33367e-33 4.87631e-27 1.26146e-21 7.50235e-17 1.02581e-12 3.22465e-09 2.33046e-06 0.000387209 0.0147909 0.129894 0.262264 0.122575 0.035356 0.136896 0.19204 0.066479 0.0206396 0.0134519 0.00388729 0.00110888 0.000204559 2.20724e-05 1.49295e-06 5.13523e-08
 1.00537e-39 4.92061e-33 5.53675e-27 1.43231e-21 8.51846e-17 1.16475e-12 3.66139e-09 2.64609e-06 0.000439652 0.0167941 0.147486 0.297781 0.13888 0.0322662 0.10733 0.150619 0.0553432 0.0275823 0.0196614 0.00468222 0.000930466 0.000178079 2.23035e-05 1.51999e-06 4.91179e-08
 1.03431e-39 5.06225e-33 5.69612e-27 1.47353e-21 8.76365e-17 1.19827e-12 3.76677e-09 2.72226e-06 0.000452307 0.0172775 0.151731 0.306352 0.142854 0.0325654 0.106573 0.149409 0.0529431 0.020416 0.0140811 0.00402322 0.0011103 0.000190104 1.85064e-05 1.27101e-06 4.4417e-08
 8.7437e-40 4.27944e-33 4.81529e-27 1.24567e-21 7.40847e-17 1.01297e-12 3.18429e-09 2.30129e-06 0.000382363 0.0146058 0.128268 0.258982 0.121046 0.0350483 0.136007 0.190879 0.0673344 0.0249816 0.0168815 0.00433066 0.00102416 0.000200734 2.40056e-05 1.51068e-06 4.60976e-08
 9.24481e-40 4.52469e-33 5.09126e-27 1.31706e-21 7.83305e-17 1.07103e-12 3.36679e-09 2.43318e-06 0.000404277 0.0154429 0.135619 0.273823 0.12784 0.0332404 0.120498 0.169212 0.0623386 0.0315804 0.0227035 0.00574888 0.0012917 0.000228786 2.54094e-05 1.79299e-06 5.9555e-08
 9.73642e-40 4.7653e-33 5.362e-27 1.3871e-21 8.24959e-17 1.12798e-12 3.54582e-09 2.56257e-06 0.000425775 0.0162641 0.142831 0.288383 0.134563 0.0330176 0.114749 0.161008 0.0580535 0.0255687 0.0181534 0.00521701 0.0014672 0.00026591 2.76195e-05 1.78434e-06 5.90266e-08
 1.12925e-39 5.52689e-33 6.21895e-27 1.60878e-21 9.56804e-17 1.30826e-12 4.11251e-09 2.97212e-06 0.000493822 0.0188634 0.165658 0.33447 0.155797 0.0310716 0.0889789 0.124632 0.0445129 0.0182706 0.0127025 0.00343912 0.000901121 0.000181727 2.24529e-05 1.49053e-06 4.62576e-08
#pred catch len freq
 2.13478e-27 2.14576e-27 3.71871e-27 5.3757e-22 3.19713e-17 4.3715e-13 1.37419e-09 9.93129e-07 0.000165007 0.00630315 0.0553546 0.111768 0.05274 0.0284662 0.140182 0.198088 0.0863176 0.0852875 0.0755482 0.0462029 0.0351519 0.0265893 0.0237802 0.02 0.00805431
 2.13601e-27 2.15053e-27 4.28928e-27 7.31142e-22 4.34838e-17 5.94563e-13 1.86902e-09 1.35074e-06 0.000224424 0.00857285 0.0752872 0.152014 0.0716011 0.0352672 0.169583 0.238925 0.0938861 0.0656373 0.0511283 0.0180896 0.00854558 0.00472641 0.00325059 0.00234848 0.000911723
 2.13681e-27 2.1526e-27 4.50407e-27 8.03942e-22 4.78135e-17 6.53764e-13 2.05512e-09 1.48524e-06 0.00024677 0.00942645 0.0827836 0.167149 0.0786493 0.0366219 0.173293 0.243939 0.0929287 0.0564593 0.0420629 0.0116199 0.00329305 0.000927568 0.000349055 0.0001846 6.46555e-05
 2.13681e-27 2.1526e-27 4.50039e-27 8.02674e-22 4.7738e-17 6.52732e-13 2.05187e-09 1.48289e-06 0.000246381 0.00941157 0.0826529 0.166886 0.0785447 0.0370828 0.176186 0.247956 0.0935399 0.0540948 0.0398254 0.0104363 0.00254091 0.000494337 7.78054e-05 1.81074e-05 4.74403e-06
 2.13697e-27 2.15297e-27 4.5367e-27 8.14981e-22 4.847e-17 6.62741e-13 2.08333e-09 1.50563e-06 0.000250158 0.00955588 0.0839203 0.169444 0.0797292 0.0371241 0.175667 0.247202 0.0929688 0.0528991 0.0387368 0.00983506 0.0022222 0.000395058 4.43896e-05 3.95345e-06 4.16974e-07
 2.13561e-27 2.1496e-27 4.17783e-27 6.93232e-22 4.12291e-17 5.63734e-13 1.77211e-09 1.28071e-06 0.000212787 0.00812833 0.0713835 0.144133 0.0680815 0.0385638 0.192085 0.270312 0.100706 0.0544397 0.0395059 0.00988663 0.00215314 0.00036686 3.73111e-05 2.44626e-06 9.92983e-08
 2.13466e-27 2.14734e-27 3.94832e-27 6.15426e-22 3.66017e-17 5.00463e-13 1.57321e-09 1.13696e-06 0.000188905 0.00721604 0.0633716 0.127958 0.0605965 0.0383844 0.195865 0.275825 0.105195 0.0642088 0.0472377 0.0113315 0.00222156 0.000361907 3.49326e-05 2.1035e-06 6.51907e-08
 2.13763e-27 2.15468e-27 4.72886e-27 8.80218e-22 5.23499e-17 7.15791e-13 2.2501e-09 1.62615e-06 0.000270183 0.0103208 0.0906378 0.183006 0.0859391 0.0355228 0.161804 0.227835 0.0885164 0.0588344 0.043869 0.0108087 0.00224464 0.00035568 3.12606e-05 1.75069e-06 5.02111e-08
 2.14028e-27 2.16102e-27 5.37691e-27 1.09994e-21 6.54175e-17 8.94468e-13 2.81177e-09 2.03208e-06 0.000337626 0.0128971 0.113263 0.228686 0.107056 0.0354792 0.14777 0.207648 0.0758537 0.0364567 0.026018 0.00670519 0.00154603 0.000257052 2.34912e-05 1.27588e-06 3.37669e-08
 2.13555e-27 2.14932e-27 4.12783e-27 6.76174e-22 4.02146e-17 5.49863e-13 1.7285e-09 1.24919e-06 0.000207551 0.00792832 0.069627 0.140588 0.0665141 0.0404792 0.204846 0.28799 0.102725 0.041719 0.0286546 0.00699606 0.00144892 0.000248152 2.52848e-05 1.4738e-06 3.97611e-08
 2.13621e-27 2.15115e-27 4.34968e-27 7.51567e-22 4.46985e-17 6.11172e-13 1.92123e-09 1.38848e-06 0.000230693 0.00881233 0.0773903 0.156261 0.0736374 0.0372092 0.180161 0.253664 0.0970497 0.0601175 0.0440065 0.00973066 0.00148729 0.000219787 2.03182e-05 1.20747e-06 3.53607e-08
 2.14059e-27 2.16178e-27 5.45751e-27 1.12728e-21 6.70435e-17 9.167e-13 2.88166e-09 2.08258e-06 0.000346018 0.0132177 0.116078 0.234369 0.109673 0.0351894 0.144288 0.202754 0.0743195 0.0364834 0.0259134 0.00608849 0.00110972 0.000156624 1.10673e-05 5.32283e-07 1.44989e-08
 2.13757e-27 2.15424e-27 4.64355e-27 8.51094e-22 5.06178e-17 6.92108e-13 2.17565e-09 1.57235e-06 0.000261243 0.00997932 0.0876389 0.176953 0.0832787 0.0392082 0.186127 0.261512 0.092127 0.0337688 0.0225935 0.0053631 0.00101961 0.000155212 1.25778e-05 5.83181e-07 1.27746e-08
 2.1357e-27 2.14977e-27 4.18776e-27 6.96562e-22 4.14271e-17 5.66442e-13 1.78062e-09 1.28686e-06 0.00021381 0.00816738 0.0717264 0.144826 0.0684247 0.0391777 0.195624 0.275206 0.101179 0.0505741 0.0357986 0.00778877 0.00112077 0.000157558 1.32511e-05 6.69741e-07 1.57764e-08
 2.13527e-27 2.14875e-27 4.0833e-27 6.61144e-22 3.93207e-17 5.3764e-13 1.69008e-09 1.22143e-06 0.000202938 0.00775209 0.0680793 0.137463 0.0650212 0.0391972 0.197962 0.278562 0.103178 0.0539229 0.0385331 0.00859885 0.00133657 0.000177025 1.18565e-05 5.26712e-07 1.27268e-08
 2.13649e-27 2.15174e-27 4.40016e-27 7.68632e-22 4.57135e-17 6.2505e-13 1.96485e-09 1.42e-06 0.000235932 0.00901243 0.0791476 0.159809 0.0753111 0.0380993 0.184525 0.259618 0.0964542 0.0513 0.0367705 0.00823088 0.00129631 0.000175762 1.2164e-05 5.01493e-07 1.01826e-08
 2.13762e-27 2.15444e-27 4.67576e-27 8.62071e-22 5.12706e-17 7.01034e-13 2.20371e-09 1.59263e-06 0.000264613 0.010108 0.0887692 0.179235 0.0842948 0.0381741 0.179126 0.25182 0.0911107 0.0410467 0.0285677 0.00635625 0.000983386 0.000132732 9.26853e-06 3.90284e-07 7.91782e-09
 2.1364e-27 2.15143e-27 4.35365e-27 7.52792e-22 4.47714e-17 6.12169e-13 1.92436e-09 1.39074e-06 0.000231069 0.0088267 0.0775165 0.156516 0.0738397 0.0394547 0.193791 0.272464 0.0980314 0.0424565 0.0292994 0.00646192 0.000970238 0.00012958 9.04935e-06 3.82703e-07 7.8581e-09
 2.13748e-27 2.15412e-27 4.64556e-27 8.51843e-22 5.06623e-17 6.92717e-13 2.17756e-09 1.57373e-06 0.000261473 0.0099881 0.087716 0.177108 0.0833025 0.0379298 0.178276 0.25069 0.0916579 0.0442596 0.0311089 0.00667698 0.000901299 0.000114192 7.69926e-06 3.18163e-07 6.51056e-09
 2.13701e-27 2.15293e-27 4.51301e-27 8.06847e-22 4.79862e-17 6.56126e-13 2.06254e-09 1.4906e-06 0.000247662 0.00946051 0.0830827 0.167754 0.0790159 0.0389427 0.187279 0.263275 0.0946562 0.0407809 0.0281362 0.00626548 0.000968184 0.000126329 7.95612e-06 3.06754e-07 6.04679e-09
 2.13737e-27 2.15383e-27 4.61036e-27 8.39884e-22 4.99511e-17 6.82992e-13 2.14699e-09 1.55164e-06 0.000257802 0.00984788 0.0864846 0.174622 0.082171 0.0384064 0.181935 0.255782 0.0925551 0.0417257 0.0289722 0.00625392 0.000865835 0.00011185 7.67751e-06 3.08776e-07 5.80421e-09
 2.13744e-27 2.15397e-27 4.62296e-27 8.44144e-22 5.02044e-17 6.86456e-13 2.15788e-09 1.55951e-06 0.00025911 0.00989782 0.0869232 0.175508 0.0825879 0.0386054 0.182883 0.257073 0.0924004 0.0397214 0.0273225 0.00589586 0.000812685 0.000101871 6.47102e-06 2.53768e-07 5.02432e-09
 2.13654e-27 2.1518e-27 4.3989e-27 7.68167e-22 4.56858e-17 6.24672e-13 1.96366e-09 1.41915e-06 0.000235789 0.00900697 0.0790997 0.159712 0.0752946 0.0388489 0.18913 0.265975 0.0968585 0.0455828 0.0319691 0.00707006 0.00106649 0.000139008 8.91704e-06 3.41539e-07 6.4249e-09
 2.13766e-27 2.15458e-27 4.69551e-27 8.68794e-22 5.16704e-17 7.06501e-13 2.2209e-09 1.60505e-06 0.000266676 0.0101869 0.0894615 0.180632 0.0849205 0.037632 0.175396 0.246649 0.0904817 0.0446246 0.0315588 0.00698149 0.00105632 0.000140415 9.53378e-06 3.82563e-07 7.24686e-09
 2.13684e-27 2.15253e-27 4.47171e-27 7.92845e-22 4.71535e-17 6.4474e-13 2.02675e-09 1.46474e-06 0.000243364 0.00929633 0.0816408 0.164843 0.0776709 0.0389645 0.188289 0.264719 0.0954371 0.0419409 0.0290981 0.00660511 0.00109068 0.00014978 1.03275e-05 4.27658e-07 8.50508e-09
 2.13612e-27 2.15077e-27 4.28917e-27 7.3094e-22 4.34717e-17 5.94399e-13 1.8685e-09 1.35037e-06 0.000224362 0.00857047 0.0752664 0.151973 0.0717308 0.0392273 0.193773 0.272522 0.0992077 0.0465774 0.0326187 0.00712466 0.00103391 0.000138668 1.01212e-05 4.38771e-07 8.94151e-09
 2.13686e-27 2.15259e-27 4.48121e-27 7.96085e-22 4.73462e-17 6.47375e-13 2.03503e-09 1.47072e-06 0.000244358 0.00933432 0.0819745 0.165516 0.077969 0.0386112 0.185929 0.261457 0.0951725 0.04466 0.0312576 0.00678509 0.00095672 0.000122278 8.06778e-06 3.33752e-07 7.04182e-09
 2.13841e-27 2.15635e-27 4.87312e-27 9.28993e-22 5.52507e-17 7.55456e-13 2.37478e-09 1.71626e-06 0.000285155 0.0108927 0.0956604 0.193148 0.090719 0.0379614 0.173634 0.243996 0.0872174 0.0359808 0.0245124 0.00521995 0.000682637 8.376e-05 5.30355e-06 2.0427e-07 3.97453e-09
#obs catch len freq
 4.10382e-40 2.00853e-33 2.26003e-27 5.84649e-22 3.47713e-17 4.75435e-13 1.49453e-09 1.0801e-06 0.00017946 0.00685516 0.060202 0.121558 0.0575439 0.0358783 0.182492 0.257291 0.102682 0.0764068 0.0608579 0.0236506 0.0103676 0.00320331 0.00072296 0.000100557 7.19014e-06
 4.20847e-40 2.05976e-33 2.31767e-27 5.99559e-22 3.5658e-17 4.87559e-13 1.53265e-09 1.10765e-06 0.000184037 0.00702998 0.0617373 0.124658 0.0589939 0.036327 0.184297 0.259753 0.102474 0.0728534 0.057455 0.021594 0.00916411 0.00277785 0.000613048 8.28275e-05 5.71066e-06
 5.74473e-40 2.81165e-33 3.16371e-27 8.18422e-22 4.86746e-17 6.65538e-13 2.09212e-09 1.51198e-06 0.000251218 0.0095962 0.0842738 0.170158 0.0799839 0.0351092 0.163149 0.229799 0.0899669 0.0619655 0.0484477 0.0175632 0.00714375 0.00208412 0.000444134 5.84456e-05 3.916e-06
 5.18387e-40 2.53715e-33 2.85484e-27 7.3852e-22 4.39225e-17 6.00561e-13 1.88787e-09 1.36437e-06 0.000226692 0.00865933 0.0760462 0.153548 0.0724281 0.038402 0.188257 0.264787 0.0968753 0.0471215 0.0349007 0.012284 0.00481095 0.00134332 0.00027196 3.43113e-05 2.22646e-06
 5.9892e-40 2.9313e-33 3.29834e-27 8.5325e-22 5.0746e-17 6.9386e-13 2.18115e-09 1.57632e-06 0.000261909 0.0100046 0.0878602 0.177399 0.0833869 0.0365844 0.169974 0.239172 0.0900236 0.0514907 0.038235 0.0110995 0.00341871 0.000894687 0.000171998 2.05573e-05 1.27235e-06
 5.44027e-40 2.66264e-33 2.99604e-27 7.75047e-22 4.6095e-17 6.30266e-13 1.98125e-09 1.43185e-06 0.000237904 0.00908762 0.0798075 0.161142 0.0759436 0.0385275 0.186735 0.262587 0.0954154 0.0443485 0.0320993 0.0100013 0.00323651 0.000706847 0.000109814 1.20098e-05 7.0202e-07
 4.08348e-40 1.99858e-33 2.24884e-27 5.81753e-22 3.4599e-17 4.73079e-13 1.48713e-09 1.07475e-06 0.000178571 0.0068212 0.0599038 0.120957 0.057409 0.0396892 0.205939 0.289817 0.107249 0.0558251 0.0407168 0.0114183 0.00323148 0.000725043 0.000108296 9.77996e-06 4.90156e-07
 3.97371e-40 1.94486e-33 2.18838e-27 5.66114e-22 3.3669e-17 4.60362e-13 1.44715e-09 1.04586e-06 0.000173771 0.00663783 0.0582935 0.117705 0.0558309 0.0376956 0.194749 0.274411 0.106794 0.071593 0.0543758 0.015932 0.0047007 0.000964487 0.000130531 1.13773e-05 5.067e-07
 9.81273e-40 4.80265e-33 5.40402e-27 1.39797e-21 8.31425e-17 1.13682e-12 3.57361e-09 2.58266e-06 0.000429112 0.0163915 0.14395 0.290643 0.135542 0.0312685 0.10339 0.145259 0.0560214 0.0361153 0.0277179 0.00923624 0.00322883 0.000700843 9.4788e-05 7.5941e-06 3.12964e-07
 6.93965e-40 3.39648e-33 3.82177e-27 9.88656e-22 5.87991e-17 8.03971e-13 2.52729e-09 1.82648e-06 0.000303472 0.0115922 0.101803 0.205551 0.0965046 0.0393288 0.178242 0.250103 0.0840245 0.0177779 0.0100582 0.00324521 0.00113872 0.000279226 4.37457e-05 3.67482e-06 1.46227e-07
 3.03326e-40 1.48457e-33 1.67046e-27 4.32132e-22 2.57005e-17 3.51408e-13 1.10466e-09 7.98336e-07 0.000132645 0.00506686 0.0444972 0.0898528 0.0431695 0.0434378 0.238197 0.334935 0.11844 0.0448185 0.0299452 0.00639135 0.000906314 0.000177174 2.88386e-05 2.74381e-06 1.20205e-07
 8.53851e-40 4.17901e-33 4.70229e-27 1.21644e-21 7.23461e-17 9.89202e-13 3.10956e-09 2.24729e-06 0.00037339 0.014263 0.125258 0.252903 0.118094 0.0312517 0.114663 0.161532 0.0670619 0.057062 0.0437794 0.0110198 0.00236199 0.000346263 2.69131e-05 1.95943e-06 9.05168e-08
 7.93243e-40 3.88237e-33 4.36851e-27 1.13009e-21 6.72108e-17 9.18986e-13 2.88884e-09 2.08777e-06 0.000346886 0.0132506 0.116367 0.234954 0.110027 0.0374344 0.157815 0.221381 0.0748324 0.0173876 0.010505 0.00391267 0.00148106 0.000275627 2.62168e-05 1.35117e-06 3.68114e-08
 4.8618e-40 2.37952e-33 2.67747e-27 6.92636e-22 4.11937e-17 5.63249e-13 1.77058e-09 1.2796e-06 0.000212607 0.00812133 0.0713215 0.14401 0.068143 0.0417233 0.211408 0.296993 0.102558 0.0309692 0.0194732 0.00422652 0.000665385 0.000148724 2.312e-05 1.56947e-06 4.30685e-08
 5.19781e-40 2.54397e-33 2.86251e-27 7.40504e-22 4.40406e-17 6.02175e-13 1.89294e-09 1.36803e-06 0.000227301 0.0086826 0.0762506 0.153961 0.0726124 0.0382294 0.18708 0.263244 0.0980396 0.0528769 0.0381095 0.00886702 0.00157257 0.000224893 1.94145e-05 1.50601e-06 5.87368e-08
 3.71218e-40 1.81686e-33 2.04436e-27 5.28856e-22 3.1453e-17 4.30063e-13 1.35191e-09 9.77027e-07 0.000162334 0.00620097 0.0544569 0.10996 0.0523703 0.0408964 0.216622 0.304756 0.110882 0.0519571 0.0373582 0.0108096 0.00302196 0.000500701 4.13233e-05 2.07406e-06 6.06396e-08
 7.18656e-40 3.51732e-33 3.95775e-27 1.02383e-21 6.08911e-17 8.32576e-13 2.61721e-09 1.89146e-06 0.000314269 0.0120047 0.105425 0.212862 0.099691 0.0341607 0.14449 0.203387 0.0792703 0.0534546 0.0403241 0.0110188 0.0029281 0.000592487 7.07731e-05 4.13799e-06 1.02821e-07
 4.81521e-40 2.35671e-33 2.65181e-27 6.85998e-22 4.07989e-17 5.57851e-13 1.75361e-09 1.26734e-06 0.00021057 0.00804349 0.070638 0.14263 0.0674978 0.0415307 0.210647 0.295929 0.102217 0.0310228 0.0203437 0.0065843 0.00220207 0.000443472 5.44834e-05 3.98127e-06 1.28639e-07
 5.52443e-40 2.70383e-33 3.04239e-27 7.87037e-22 4.6808e-17 6.40015e-13 2.01189e-09 1.454e-06 0.000241584 0.0092282 0.0810421 0.163634 0.0770706 0.0378514 0.181857 0.255861 0.0951431 0.0508713 0.0366127 0.00854251 0.00164166 0.000346907 5.06338e-05 3.89359e-06 1.39707e-07
 6.04806e-40 2.96011e-33 3.33076e-27 8.61636e-22 5.12447e-17 7.00679e-13 2.20259e-09 1.59182e-06 0.000264483 0.0101029 0.0887237 0.179143 0.0842523 0.0381625 0.179081 0.251726 0.0905984 0.0393873 0.0278968 0.00802063 0.00222406 0.000375261 3.68925e-05 2.84132e-06 1.13745e-07
 4.72194e-40 2.31106e-33 2.60044e-27 6.7271e-22 4.00086e-17 5.47045e-13 1.71964e-09 1.24279e-06 0.000206491 0.00788769 0.0692697 0.139867 0.0661808 0.0404714 0.205014 0.288224 0.102741 0.0415323 0.0287061 0.00757692 0.00189563 0.000377275 4.5164e-05 2.8449e-06 9.17426e-08
 7.12949e-40 3.48939e-33 3.92632e-27 1.0157e-21 6.04075e-17 8.25964e-13 2.59642e-09 1.87644e-06 0.000311773 0.0119093 0.104588 0.211172 0.0989677 0.035709 0.154451 0.21718 0.0807687 0.0432376 0.0314 0.00805204 0.00186666 0.000341996 3.9817e-05 2.86459e-06 9.56693e-08
 4.90918e-40 2.4027e-33 2.70356e-27 6.99385e-22 4.15951e-17 5.68737e-13 1.78783e-09 1.29207e-06 0.000214679 0.00820047 0.0720165 0.145413 0.0687716 0.0411888 0.207721 0.291854 0.101476 0.0329496 0.0217591 0.00627991 0.00178663 0.000328981 3.53983e-05 2.38919e-06 8.2049e-08
 5.95857e-40 2.91631e-33 3.28147e-27 8.48886e-22 5.04865e-17 6.90311e-13 2.17e-09 1.56826e-06 0.000260569 0.0099534 0.0874108 0.176492 0.0829986 0.0374114 0.175296 0.246574 0.0913405 0.0477857 0.0343354 0.00817037 0.0016189 0.000309085 3.8612e-05 2.62674e-06 8.47493e-08
 6.27709e-40 3.0722e-33 3.45689e-27 8.94264e-22 5.31853e-17 7.27212e-13 2.286e-09 1.6521e-06 0.000274498 0.0104855 0.0920834 0.185927 0.08739 0.0382061 0.177303 0.249154 0.088805 0.0358873 0.0250107 0.00713684 0.00196455 0.000335821 3.25951e-05 2.23333e-06 7.79327e-08
 4.79471e-40 2.34668e-33 2.64052e-27 6.83077e-22 4.06252e-17 5.55476e-13 1.74614e-09 1.26194e-06 0.000209673 0.00800925 0.0703372 0.142022 0.0671818 0.0405936 0.20511 0.288323 0.102283 0.0397792 0.0271795 0.00696581 0.00164259 0.00032123 3.83202e-05 2.4073e-06 7.3332e-08
 5.22862e-40 2.55905e-33 2.87948e-27 7.44894e-22 4.43017e-17 6.05745e-13 1.90416e-09 1.37614e-06 0.000228648 0.00873407 0.0767026 0.154873 0.0730334 0.0382071 0.186669 0.262645 0.0975416 0.0518014 0.0375239 0.00949175 0.00212655 0.000375878 4.16248e-05 2.93115e-06 9.72257e-08
 5.6749e-40 2.77747e-33 3.12525e-27 8.08473e-22 4.8083e-17 6.57447e-13 2.06669e-09 1.4936e-06 0.000248164 0.00947955 0.0832495 0.168091 0.0791495 0.0383455 0.18353 0.258058 0.0936884 0.0432691 0.0309969 0.00889613 0.00249541 0.000451456 4.67629e-05 3.01466e-06 9.95631e-08
#spawning biomass
 6251.44 4322.71 4689.27 6081.48 7741.22 9415.05 9152.32 8214.05 11347.3 20432.9 20672 20820.5 36995.7 46753.6 39249.4 31095.9 28028.4 31188.4 29378.8 31820.4 32683.5 33746.1 39324.7 39522.7 45469.1 45789.9 39595.1 36095.7 42899.8 33504.1 8771.28 3535.93 3450.03 3449.17 3449.16 3449.16 3449.16 3449.16 3449.16 3449.16 3449.16 3449.16 3449.16 3449.16 3449.16 3449.16 3449.16 3449.16 3449.16 3449.16 3449.16 3449.16 3449.16 3449.16 3449.16 3449.16 3449.16 3449.16 3449.16 3449.16 3449.16 3449.16 3449.16 3449.16 3449.16 3449.16 3449.16 3449.16 3449.16 3449.16 3449.16 3449.16 3449.16 3449.16 3449.16 3449.16 3449.16 3449.16 3449.16 3449.16 3449.16 3449.16 3449.16 3449.16 3449.16 3449.16 3449.16 3449.16 3449.16 3449.16 3449.16 3449.16 3449.16 3449.16 3449.16 3449.16 3449.16 3449.16 3449.16 3449.16 3449.16 3449.16 3449.16 3449.16 3449.16 3449.16 3449.16 3449.16 3449.16 3449.16 3449.16 3449.16 3449.16 3449.16 3449.16 3449.16 3449.16 3449.16 3449.16 3449.16 3449.16 3449.16 3449.16 3449.16 3449.16 3449.16 3449.16 3449.16 0 0 0 0 0 0 0 0 0 0 0 0 0 0 0 0 0 0 0 0 0 0 0 0 0
