SBPRF35
0.256306
Curr Bio
204074
B35
213055
F35
0.396258
FOFL
0.396258
OFL
88283.3
Bzero
73230.3
#pred survey bio
 27558.9 22564.7 17042.5 14548 23913.7 38865.2 52580.8 66363.3 90154.7 119073 137744 169918 221968 264492 272665 226236 212685 202715 217800 214175 227935 223223 229840 236554 275407 290767 279541 282195 299068 7.83432e+06 6.33114e+06 4.4646e+06 2.95531e+06 1.98247e+06 1.41797e+06 1.10726e+06 940018 850185 801323 774140 758579 749394 743810 740324 738098 736661 735721 735100 734687 734410 734225 734100 734015 733959 733920 733894 733877 733865 733857 733851 733848 733845 733844 733842 733842 733841 733841 733841 733840 733840 733840 733840 733840 733840 733840 733840 733840 733840 733840 733840 733840 733840 733840 733840 733840 733840 733840 733840 733840 733840 733840 733840 733840 733840 733840 733840 733840 733840 733840 733840 733840 733840 733840 733840 733840 733840 733840 733840 733840 733840 733840 733840 733840 733840 733840 733840 733840 733840 733840 733840 733840 733840 733840 733840 733840 733840 733840 733840 733840 0 0 0 0 0 0 0 0 0 0 0 0 0 0 0 0 0 0 0 0 0 0 0 0 0
#obs survey bio
 27883.5 20237.7 10100.8 14575.4 24139.1 51982.3 51516.8 71462.5 140995 161396 135892 211668 519922 409768 321837 207007 161954 326327 248616 183154 330131 183609 264530 279436 348203 398556 287761 286847 279252
#pred catch bio
 5382.81 4205.52 3611.96 2436.91 4797.97 8457.19 12995.4 18185.6 24744.6 43287.7 50170.2 57704.9 74786.5 94024.4 126226 97119.9 92763.7 77461.7 92704.9 81986.8 94888.4 90733.9 99424 88761.3 107172 113958 105487 109274 96999.9 88283.3 80064.6 54678.5 34688.2 22283.1 15418.1 11866.3 10104.6 9254.6 8851.88 8663.43 8575.99 8535.65 8517.12 8508.62 8504.74 8502.97 8502.16 8501.8 8501.63 8501.55 8501.52 8501.5 8501.5 8501.49 8501.49 8501.49 8501.49 8501.49 8501.49 8501.49 8501.49 8501.49 8501.49 8501.49 8501.49 8501.49 8501.49 8501.49 8501.49 8501.49 8501.49 8501.49 8501.49 8501.49 8501.49 8501.49 8501.49 8501.49 8501.49 8501.49 8501.49 8501.49 8501.49 8501.49 8501.49 8501.49 8501.49 8501.49 8501.49 8501.49 8501.49 8501.49 8501.49 8501.49 8501.49 8501.49 8501.49 8501.49 8501.49 8501.49 8501.49 8501.49 8501.49 8501.49 8501.49 8501.49 8501.49 8501.49 8501.49 8501.49 8501.49 8501.49 8501.49 8501.49 8501.49 8501.49 8501.49 8501.49 8501.49 8501.49 8501.49 8501.49 8501.49 8501.49 8501.49 8501.49 8501.49 8501.49 8501.49 0 0 0 0 0 0 0 0 0 0 0 0 0 0 0 0 0 0 0 0 0 0 0 0 0
#obs catch bio
 3125.25 4224.49 3824.86 2456.23 4864.98 8181.27 12734.2 17843.3 22926.9 40034 48076.2 56012.1 66890.9 82619 112909 94106.4 96489.3 73936.1 94388 80551.4 87778.3 88824.8 103275 88219.2 102757 104598 101903 108625 96083.6
#pred cpue bio
 26611.9 22195.7 16861.6 13843.9 21408.2 35626.9 49119.7 61735.9 82558.2 110095 126685 155201 202937 244994 255384 210657 196962 187470 201299 198069 210946 207004 212063 217112 253023 269741 261634 262129 275848 7.29354e+06 6.26663e+06 4.42917e+06 2.92072e+06 1.9479e+06 1.38339e+06 1.07268e+06 905442 815609 766748 739565 724004 714819 709235 705748 703522 702086 701146 700525 700112 699835 699649 699524 699440 699383 699345 699319 699302 699290 699282 699276 699273 699270 699268 699267 699266 699266 699266 699265 699265 699265 699265 699265 699265 699265 699265 699265 699265 699265 699265 699265 699265 699265 699265 699265 699265 699265 699265 699265 699265 699265 699265 699265 699265 699265 699265 699265 699265 699265 699265 699265 699265 699265 699265 699265 699265 699265 699265 699265 699265 699265 699265 699265 699265 699265 699265 699265 699265 699265 699265 699265 699265 699265 699265 699265 699265 699265 699265 699265 699265 0 0 0 0 0 0 0 0 0 0 0 0 0 0 0 0 0 0 0 0 0 0 0 0 0
#obs cpue bio
 16074.9 20032.1 14109.1 16925.3 26017.6 52453.5 41324.8 67044.9 100054 106030 116014 129927 236562 256076 271082 182398 172642 194252 131907 266352 281344 194531 134502 205745 309341 336507 215274 248328 283964
#pred surv len freq
 2.37248e-11 1.1159e-09 3.63442e-08 8.19651e-07 1.28e-05 0.000138415 0.00103646 0.00537473 0.0193078 0.0481113 0.0835803 0.10323 0.0971127 0.08313 0.0788377 0.079058 0.0742073 0.06593 0.0579806 0.050472 0.0435082 0.0375525 0.0316795 0.0242715 0.015467
 1.17431e-11 5.5234e-10 1.79893e-08 4.05705e-07 6.3357e-06 6.85132e-05 0.000513066 0.0026613 0.00957051 0.023949 0.0422953 0.0554885 0.0625634 0.0746234 0.0940386 0.106115 0.102378 0.0909777 0.0797583 0.0689891 0.0580759 0.0475783 0.0373728 0.0267573 0.0162185
 9.33561e-12 4.39102e-10 1.43013e-08 3.2253e-07 5.03678e-06 5.44664e-05 0.000407862 0.00211532 0.00760302 0.0189858 0.0332604 0.0424033 0.0442444 0.0475223 0.0590034 0.0754816 0.0922538 0.105616 0.109384 0.101241 0.0859665 0.068702 0.0513695 0.0345885 0.0197909
 3.35748e-11 1.5792e-09 5.14335e-08 1.15995e-06 1.81143e-05 0.00019588 0.00146672 0.00760505 0.0273075 0.0679227 0.117162 0.140781 0.119935 0.0773794 0.0460502 0.0342965 0.0344558 0.0407495 0.0496655 0.0562704 0.0561586 0.0487112 0.0367933 0.0239884 0.0130865
 4.51859e-11 2.12533e-09 6.92207e-08 1.5611e-06 2.43788e-05 0.000263621 0.00197396 0.0102352 0.036753 0.0914308 0.157806 0.190054 0.163266 0.107898 0.0659303 0.0442905 0.0303572 0.019525 0.0139209 0.0132182 0.0143051 0.0142488 0.0119299 0.00813516 0.00443183
 3.64466e-11 1.71428e-09 5.58329e-08 1.25917e-06 1.96638e-05 0.000212636 0.00159222 0.00825643 0.0296559 0.0738575 0.128038 0.156865 0.143412 0.11379 0.0958399 0.0838184 0.0638295 0.0399412 0.0220754 0.0123319 0.0080945 0.00655163 0.0055206 0.00400779 0.00228948
 3.17052e-11 1.49126e-09 4.85694e-08 1.09536e-06 1.71056e-05 0.000184974 0.00138509 0.0071825 0.0258003 0.0642736 0.111549 0.137261 0.127455 0.1055 0.0952074 0.0903935 0.0779556 0.0595671 0.0413459 0.0255995 0.0139599 0.00726619 0.00413904 0.00254063 0.00141512
 3.40364e-11 1.60091e-09 5.21406e-08 1.1759e-06 1.83634e-05 0.000198574 0.00148692 0.00771028 0.0276927 0.068953 0.119433 0.145847 0.131872 0.101934 0.0841083 0.0765883 0.0671892 0.0549346 0.0427832 0.0307971 0.0194867 0.0106192 0.00509088 0.00227545 0.000979717
 3.82143e-11 1.79742e-09 5.85407e-08 1.32024e-06 2.06174e-05 0.000222948 0.00166942 0.00865646 0.0310884 0.077383 0.133862 0.162646 0.144403 0.1059 0.0799772 0.0672851 0.0552572 0.0422814 0.0317212 0.0234416 0.0161662 0.0098549 0.00511543 0.00222662 0.000819696
 3.48275e-11 1.63812e-09 5.33524e-08 1.20323e-06 1.87902e-05 0.00020319 0.00152148 0.00788961 0.028338 0.0705731 0.122329 0.149799 0.136748 0.108228 0.0914472 0.0819165 0.0665829 0.0477568 0.0326127 0.0221734 0.0146742 0.00906009 0.00496633 0.00229702 0.0008641
 3.65924e-11 1.72113e-09 5.60562e-08 1.26421e-06 1.97424e-05 0.000213486 0.00159858 0.00828922 0.0297711 0.0741196 0.128323 0.156419 0.140503 0.106547 0.0849901 0.0744721 0.0620927 0.047062 0.0336066 0.0226545 0.01413 0.00814106 0.00429148 0.00198773 0.000767092
 3.81599e-11 1.79486e-09 5.84574e-08 1.31836e-06 2.05881e-05 0.000222631 0.00166705 0.00864421 0.0310453 0.0772838 0.133746 0.162771 0.145361 0.108374 0.083913 0.0713454 0.0576656 0.0422024 0.0295077 0.0200581 0.0127631 0.00735114 0.00375857 0.00167129 0.000627624
 3.76406e-11 1.77043e-09 5.76619e-08 1.30042e-06 2.03079e-05 0.000219602 0.00164437 0.00852666 0.0306238 0.076242 0.131994 0.160875 0.14443 0.10928 0.0865199 0.0744557 0.0598977 0.042964 0.0290806 0.019096 0.0118521 0.0067561 0.00344381 0.00151767 0.000558852
 3.4076e-11 1.60277e-09 5.22013e-08 1.17727e-06 1.83848e-05 0.000198806 0.00148866 0.00771945 0.0277275 0.0690588 0.119746 0.146837 0.134695 0.107994 0.0930395 0.0847717 0.0700681 0.0511596 0.034993 0.0228587 0.0138798 0.00768032 0.00381325 0.00165042 0.000600015
 3.12376e-11 1.46927e-09 4.78531e-08 1.07921e-06 1.68534e-05 0.000182246 0.00136467 0.00707658 0.0254198 0.0633256 0.109903 0.135229 0.125547 0.103861 0.0936063 0.0887287 0.076605 0.0594445 0.0434153 0.0297208 0.0184519 0.0102256 0.00500478 0.00211779 0.000752525
 3.36096e-11 1.58084e-09 5.14868e-08 1.16116e-06 1.81331e-05 0.000196084 0.00146828 0.00761367 0.0273464 0.0680983 0.118003 0.144337 0.131258 0.102986 0.0865901 0.0791034 0.068186 0.0540666 0.0410945 0.0296666 0.0195229 0.011379 0.00574499 0.00245381 0.000865955
 3.49898e-11 1.64575e-09 5.36011e-08 1.20884e-06 1.88777e-05 0.000204136 0.00152857 0.00792628 0.0284687 0.0708877 0.122801 0.150035 0.135879 0.105362 0.0867827 0.0773835 0.0645597 0.0490016 0.0359515 0.0258522 0.0175017 0.0106996 0.00569112 0.00254083 0.00092334
 3.50693e-11 1.64949e-09 5.37229e-08 1.21158e-06 1.89206e-05 0.0002046 0.00153204 0.00794432 0.0285338 0.0710533 0.123111 0.15052 0.136659 0.106661 0.0886011 0.0791686 0.0655064 0.0486712 0.034484 0.0238164 0.0156267 0.00947585 0.00513475 0.00237673 0.000899515
 3.5236e-11 1.65733e-09 5.39783e-08 1.21734e-06 1.90106e-05 0.000205573 0.00153933 0.00798207 0.0286691 0.0713877 0.123673 0.151128 0.136958 0.106389 0.0878659 0.0784806 0.0653879 0.0491427 0.0350503 0.0239874 0.0153349 0.00900091 0.00476282 0.00219353 0.000841404
 3.49615e-11 1.64442e-09 5.35577e-08 1.20786e-06 1.88625e-05 0.000203971 0.00152734 0.00791991 0.0284463 0.0708366 0.122744 0.150114 0.136426 0.106768 0.0890554 0.0798408 0.0662483 0.0493633 0.0349678 0.0239028 0.0152681 0.00887935 0.00460792 0.00207565 0.00078421
 3.48468e-11 1.63903e-09 5.33821e-08 1.2039e-06 1.88006e-05 0.000203303 0.00152233 0.00789393 0.0283529 0.0706031 0.122334 0.149585 0.135861 0.106173 0.0884675 0.0795129 0.0664905 0.0501524 0.0359088 0.0246248 0.0156851 0.00907599 0.00467612 0.00208255 0.000775175
 3.42437e-11 1.61066e-09 5.24581e-08 1.18306e-06 1.84752e-05 0.000199784 0.00149598 0.00775735 0.0278629 0.0693884 0.120267 0.147234 0.134293 0.106122 0.0897809 0.0813445 0.0680135 0.0511285 0.0365697 0.0251896 0.0161605 0.00939627 0.00483998 0.00214503 0.000791883
 3.58174e-11 1.68468e-09 5.48689e-08 1.23743e-06 1.93243e-05 0.000208965 0.00156472 0.0081137 0.0291413 0.072557 0.125655 0.153344 0.138308 0.10607 0.0860218 0.0760966 0.0635209 0.0482117 0.0348625 0.0241598 0.0155412 0.00906364 0.00468703 0.00208272 0.000768465
 3.69638e-11 1.7386e-09 5.66251e-08 1.27704e-06 1.99428e-05 0.000215653 0.0016148 0.00837336 0.0300734 0.0748733 0.129636 0.158054 0.142074 0.107891 0.0859967 0.0746242 0.0608023 0.0446285 0.031259 0.021336 0.0137278 0.00805258 0.00418675 0.0018678 0.000691056
 3.65263e-11 1.71802e-09 5.59548e-08 1.26192e-06 1.97067e-05 0.000213101 0.00159569 0.00827429 0.0297181 0.0739939 0.128148 0.156407 0.141127 0.108296 0.0876786 0.0768323 0.0626735 0.0456986 0.0314847 0.0209452 0.0131061 0.00753162 0.00388186 0.00173173 0.000642839
 3.37885e-11 1.58925e-09 5.17609e-08 1.16734e-06 1.82297e-05 0.000197129 0.0014761 0.00765432 0.0274936 0.0684769 0.118741 0.145623 0.133643 0.10729 0.0926459 0.08468 0.0703784 0.0519059 0.03603 0.023941 0.014793 0.00831849 0.0041861 0.00183265 0.000673136
 3.15131e-11 1.48223e-09 4.82752e-08 1.08873e-06 1.7002e-05 0.000183854 0.0013767 0.00713897 0.0256437 0.0638809 0.11085 0.136318 0.126309 0.103977 0.0930963 0.087837 0.0755838 0.0584935 0.0427295 0.0294242 0.0184898 0.0104178 0.0051917 0.00223427 0.00080543
 3.44458e-11 1.62016e-09 5.27677e-08 1.19004e-06 1.85842e-05 0.000200963 0.0015048 0.00780301 0.0280256 0.0697815 0.120864 0.147571 0.133353 0.102873 0.0844621 0.0761834 0.0657196 0.0525017 0.0402104 0.0291645 0.0192701 0.011311 0.005777 0.00250482 0.0008984
 3.6073e-11 1.6967e-09 5.52605e-08 1.24626e-06 1.94622e-05 0.000210456 0.00157589 0.00817159 0.029349 0.0730723 0.126534 0.154354 0.139009 0.106134 0.0853688 0.0747707 0.0616647 0.0463122 0.0337279 0.0242521 0.0165081 0.0101634 0.00544646 0.0024533 0.000901388
#obs surv len freq
 2.37202e-11 1.11568e-09 3.63371e-08 8.19494e-07 1.27976e-05 0.000138388 0.00103626 0.00537368 0.0193041 0.0481011 0.0835574 0.103179 0.0969875 0.0828564 0.0783624 0.0784457 0.073803 0.0665225 0.060467 0.0547995 0.0479653 0.0395558 0.0297234 0.0193943 0.010414
 9.01247e-16 4.24625e-14 1.39231e-12 3.22364e-11 5.55288e-10 8.23257e-09 1.27907e-07 2.02792e-06 2.67459e-05 0.000258789 0.00176194 0.00835291 0.0275641 0.0637003 0.104877 0.128223 0.126651 0.113815 0.101021 0.0891356 0.0768166 0.063136 0.0474088 0.0308099 0.0164394
 1.28861e-11 6.06102e-10 1.97404e-08 4.45195e-07 6.95234e-06 7.51794e-05 0.000562928 0.00291872 0.010479 0.0260516 0.0448507 0.0535096 0.044567 0.0278641 0.0210253 0.0351675 0.0684533 0.104407 0.12335 0.120587 0.105197 0.0852526 0.0632125 0.0407945 0.0216677
 5.11925e-11 2.40785e-09 7.84221e-08 1.76862e-06 2.76194e-05 0.000298664 0.00223634 0.0115953 0.0416313 0.103511 0.178282 0.212944 0.17717 0.104456 0.0464183 0.0185757 0.00925669 0.00798342 0.0109977 0.0153302 0.0175879 0.0163915 0.012714 0.00823936 0.00435155
 3.4486e-11 1.62206e-09 5.28293e-08 1.19144e-06 1.8606e-05 0.000201198 0.00150659 0.00781261 0.0280653 0.0699306 0.121466 0.149919 0.140566 0.118575 0.107218 0.0955519 0.0691387 0.037532 0.0163261 0.0080928 0.00692881 0.00729737 0.00659442 0.00468489 0.00257272
 3.89071e-11 1.83e-09 5.96019e-08 1.34417e-06 2.09912e-05 0.00022699 0.00169969 0.00881333 0.0316514 0.0787785 0.136238 0.165362 0.146282 0.106293 0.0796189 0.0680919 0.0584978 0.0462415 0.0324658 0.0191956 0.00954664 0.00475532 0.00298313 0.0020479 0.00118717
 2.47454e-11 1.1639e-09 3.79075e-08 8.54912e-07 1.33507e-05 0.00014437 0.00108108 0.00560651 0.0201467 0.0502627 0.0877344 0.110313 0.109922 0.106114 0.11195 0.112458 0.0948775 0.0692172 0.0481503 0.0327156 0.0202461 0.0107629 0.00501387 0.00225163 0.0010179
 4.33867e-11 2.0407e-09 6.64644e-08 1.49894e-06 2.34081e-05 0.000253124 0.00189536 0.00982762 0.035289 0.0877832 0.151475 0.18227 0.156118 0.102506 0.0631222 0.0467413 0.0411144 0.0371077 0.0312532 0.0231912 0.0149686 0.00847504 0.00417616 0.00176412 0.000643233
 3.58365e-11 1.68558e-09 5.48981e-08 1.23809e-06 1.93346e-05 0.000209077 0.00156557 0.00811822 0.0291597 0.0726231 0.125909 0.154308 0.141235 0.112379 0.0949741 0.0832129 0.0637502 0.0413905 0.0259374 0.0177777 0.0125439 0.00800143 0.00430048 0.00190049 0.000684392
 3.78951e-11 1.7824e-09 5.80517e-08 1.30921e-06 2.04452e-05 0.000221086 0.00165548 0.00858422 0.0308298 0.0767459 0.132807 0.16159 0.144199 0.107367 0.0833027 0.0718321 0.0598128 0.0452182 0.0315135 0.0201406 0.0118225 0.00659895 0.00348924 0.00162757 0.000621796
 3.85144e-11 1.81153e-09 5.90005e-08 1.33061e-06 2.07794e-05 0.0002247 0.00168254 0.00872452 0.0313338 0.0780012 0.134984 0.164259 0.146629 0.109173 0.0842781 0.0713034 0.0571591 0.0413038 0.028458 0.0190326 0.0118056 0.00653777 0.00320035 0.00137802 0.000509135
 3.95471e-11 1.86011e-09 6.05825e-08 1.36629e-06 2.13365e-05 0.000230724 0.00172765 0.00895839 0.032173 0.0800832 0.138539 0.168359 0.14956 0.10981 0.0828551 0.0689432 0.0548367 0.0392393 0.0264763 0.0172307 0.0105239 0.00586142 0.00289856 0.00123316 0.000438643
 3.87084e-11 1.82066e-09 5.92977e-08 1.33731e-06 2.08841e-05 0.000225832 0.00169102 0.00876849 0.0314919 0.078397 0.135684 0.165182 0.147678 0.110414 0.0857261 0.0725708 0.0576141 0.0406015 0.0268076 0.0170748 0.0102115 0.00557303 0.00271565 0.00114647 0.000404811
 3.44177e-11 1.61884e-09 5.27246e-08 1.18907e-06 1.85691e-05 0.000200799 0.00150358 0.00779683 0.0280056 0.0697512 0.120947 0.148309 0.136041 0.109043 0.0938224 0.0851711 0.0698164 0.0501974 0.0335981 0.0214074 0.0126272 0.00674253 0.00321036 0.00132835 0.000461792
 3.15301e-11 1.48302e-09 4.83011e-08 1.08931e-06 1.70112e-05 0.000183953 0.00137744 0.00714281 0.0256577 0.0639166 0.110919 0.136437 0.126528 0.104385 0.0937453 0.0886528 0.0763917 0.0590557 0.0427873 0.0288808 0.0175528 0.00945537 0.00447194 0.00182031 0.000620503
 3.72729e-11 1.75314e-09 5.70985e-08 1.28772e-06 2.01095e-05 0.000217456 0.0016283 0.00844322 0.030323 0.07548 0.130587 0.158751 0.141227 0.10425 0.0798924 0.0687633 0.0584131 0.046565 0.0356695 0.025789 0.016857 0.00968104 0.00478002 0.00198382 0.000677045
 3.24783e-11 1.52762e-09 4.97537e-08 1.12207e-06 1.75228e-05 0.000189485 0.00141887 0.00735762 0.0264294 0.0658392 0.114257 0.140548 0.130332 0.107352 0.0955935 0.0882726 0.0724923 0.0523622 0.0363232 0.0252715 0.0169368 0.0103157 0.0054434 0.00239431 0.000851967
 3.69735e-11 1.73906e-09 5.664e-08 1.27737e-06 1.9948e-05 0.00021571 0.00161522 0.00837545 0.03008 0.0748784 0.129569 0.157624 0.140581 0.104549 0.0811481 0.0705584 0.0601383 0.0475758 0.035515 0.0247052 0.0157391 0.00920202 0.00486258 0.0022176 0.00082909
 3.45263e-11 1.62395e-09 5.2891e-08 1.19283e-06 1.86277e-05 0.000201433 0.00150833 0.00782138 0.0280931 0.0699632 0.121273 0.148515 0.135606 0.107399 0.0908898 0.0816786 0.0668996 0.0488221 0.034279 0.0238631 0.0157577 0.00941169 0.00493998 0.00222452 0.000833988
 3.53794e-11 1.66408e-09 5.41979e-08 1.2223e-06 1.9088e-05 0.00020641 0.00154559 0.0080145 0.0287853 0.0716727 0.124139 0.151566 0.13694 0.105543 0.0863269 0.077052 0.0649405 0.0497524 0.036027 0.0247201 0.0157273 0.00918375 0.00482349 0.00218986 0.000824347
 3.58532e-11 1.68636e-09 5.49237e-08 1.23867e-06 1.93436e-05 0.000209174 0.00156629 0.00812182 0.0291707 0.0726311 0.125791 0.153547 0.138605 0.106515 0.0865513 0.0764085 0.0632985 0.0475346 0.0341786 0.023788 0.0154309 0.00904781 0.00469536 0.00210226 0.000786341
 3.43101e-11 1.61378e-09 5.25597e-08 1.18536e-06 1.8511e-05 0.000200171 0.00149888 0.00777238 0.027917 0.0695233 0.120502 0.147531 0.13459 0.106402 0.0900386 0.0814926 0.0679163 0.0507481 0.0360356 0.0247158 0.0158944 0.00933127 0.00487143 0.00218592 0.00081437
 3.68568e-11 1.73357e-09 5.64611e-08 1.27334e-06 1.9885e-05 0.000215029 0.00161013 0.00834906 0.0299858 0.0746499 0.129214 0.157382 0.140969 0.106057 0.0835787 0.0726893 0.0606271 0.0463548 0.0337633 0.0234363 0.0150329 0.0087464 0.00453265 0.00202858 0.000755904
 3.61385e-11 1.69978e-09 5.53608e-08 1.24853e-06 1.94975e-05 0.000210838 0.00157875 0.00818648 0.0294031 0.0732115 0.126808 0.154844 0.139947 0.107868 0.0878802 0.077258 0.063033 0.0460692 0.0321518 0.0219716 0.014196 0.00835327 0.00434713 0.00194085 0.000720147
 3.79068e-11 1.78296e-09 5.80697e-08 1.30962e-06 2.04516e-05 0.000221155 0.001656 0.00858689 0.0308396 0.0767719 0.132863 0.161709 0.144461 0.107833 0.0837705 0.0716931 0.0585941 0.04346 0.0305299 0.0205332 0.012883 0.00740653 0.00382243 0.0017085 0.0006354
 3.18628e-11 1.49867e-09 4.88108e-08 1.10081e-06 1.71907e-05 0.000185894 0.00139198 0.00721826 0.0259294 0.0646006 0.112154 0.138181 0.128841 0.107591 0.097564 0.0912905 0.0757159 0.0550061 0.0376457 0.0249852 0.015596 0.00887637 0.00450192 0.00197812 0.000727926
 3.23825e-11 1.52312e-09 4.96069e-08 1.11876e-06 1.74711e-05 0.000188925 0.00141467 0.00733577 0.0263492 0.0656232 0.113772 0.139433 0.127683 0.102085 0.0883201 0.0826533 0.0726857 0.058497 0.0442114 0.0308513 0.0193565 0.0108755 0.00543563 0.00235546 0.000854875
 3.71074e-11 1.74535e-09 5.6845e-08 1.282e-06 2.00203e-05 0.000216491 0.00162107 0.00840577 0.0301888 0.0751486 0.130032 0.158164 0.140981 0.104619 0.0807108 0.0693653 0.0581592 0.0455786 0.0347852 0.0256548 0.0173885 0.0104119 0.00536956 0.00233682 0.000840679
 3.53323e-11 1.66186e-09 5.41257e-08 1.22067e-06 1.90626e-05 0.000206135 0.00154354 0.00800391 0.0287481 0.0715875 0.124043 0.151691 0.137816 0.107713 0.0894673 0.0794288 0.0646579 0.0468641 0.0326037 0.0226425 0.0152099 0.00941624 0.00512309 0.00234349 0.000870631
#pred catch len freq
 2.11175e-11 9.93265e-10 3.235e-08 7.29573e-07 1.13934e-05 0.000123204 0.000922565 0.00478425 0.0171886 0.0428506 0.0745772 0.0927506 0.0892973 0.0806055 0.0810912 0.0838073 0.0794849 0.0709152 0.0625031 0.0544652 0.0469682 0.0405436 0.0342039 0.0262057 0.0166997
 1.00517e-11 4.72784e-10 1.53983e-08 3.4727e-07 5.42315e-06 5.86453e-05 0.000439179 0.00227824 0.00819573 0.020536 0.0364534 0.0486834 0.0574717 0.0729384 0.0954353 0.109153 0.105832 0.0943317 0.0828714 0.071757 0.0604293 0.0495122 0.0388932 0.0278461 0.0168785
 7.95044e-12 3.73951e-10 1.21793e-08 2.74675e-07 4.28946e-06 4.63852e-05 0.000347352 0.00180159 0.00647685 0.0161878 0.0284563 0.036736 0.0397671 0.0454564 0.0591194 0.0769994 0.0946661 0.108641 0.112639 0.104301 0.0885809 0.0707966 0.0529371 0.0356443 0.0203951
 3.07476e-11 1.44622e-09 4.71025e-08 1.06228e-06 1.6589e-05 0.000179386 0.00134322 0.00696471 0.0250089 0.0622119 0.107356 0.129211 0.110782 0.0730901 0.046013 0.0366606 0.038042 0.0453719 0.055407 0.0628068 0.0626905 0.0543791 0.041075 0.0267801 0.0146095
 4.32226e-11 2.03299e-09 6.6213e-08 1.49327e-06 2.33195e-05 0.000252167 0.0018882 0.00979061 0.0351577 0.0874733 0.151053 0.182289 0.157789 0.106897 0.0689276 0.0489523 0.0344773 0.0223909 0.0160401 0.0152682 0.0165355 0.0164724 0.0137919 0.00940498 0.0051236
 3.3942e-11 1.59647e-09 5.19961e-08 1.17264e-06 1.83125e-05 0.000198024 0.00148282 0.00768928 0.0276211 0.0688138 0.119456 0.147113 0.136935 0.11368 0.101539 0.0919059 0.070838 0.0445183 0.0246735 0.0138153 0.00908088 0.00735355 0.00619695 0.00449888 0.00257002
 2.91523e-11 1.37119e-09 4.46587e-08 1.00716e-06 1.57283e-05 0.000170081 0.00127358 0.00660439 0.023726 0.0591291 0.102777 0.127204 0.120472 0.104555 0.0998367 0.0977323 0.0851814 0.0653547 0.0454672 0.0281878 0.015381 0.00800812 0.00456223 0.00280052 0.00155989
 3.15924e-11 1.48596e-09 4.83966e-08 1.09146e-06 1.70448e-05 0.000184316 0.00138016 0.00715682 0.0257066 0.064026 0.111023 0.13616 0.124994 0.100591 0.0878589 0.0829016 0.0736734 0.0605178 0.0472388 0.0340422 0.0215498 0.0117455 0.0056312 0.00251703 0.00108374
 3.59299e-11 1.68997e-09 5.50413e-08 1.24132e-06 1.9385e-05 0.000209621 0.00156964 0.00813915 0.0292322 0.0727788 0.126007 0.153625 0.138079 0.104874 0.0837976 0.073402 0.0612286 0.0471095 0.0354384 0.0262241 0.0180948 0.0110325 0.00572703 0.00249289 0.000917723
 3.27007e-11 1.53809e-09 5.00945e-08 1.12976e-06 1.76428e-05 0.000190782 0.00142858 0.00740801 0.0266101 0.0662881 0.115026 0.141446 0.131012 0.107611 0.0955154 0.0881031 0.0723644 0.0521078 0.0356663 0.0242835 0.0160805 0.00993048 0.00544378 0.0025179 0.000947197
 3.45188e-11 1.6236e-09 5.28796e-08 1.19257e-06 1.86236e-05 0.000201389 0.001508 0.00781963 0.0280862 0.0699406 0.121197 0.148246 0.134817 0.105741 0.0886714 0.0802943 0.0677685 0.0515878 0.0369193 0.024917 0.0155492 0.00896052 0.00472378 0.00218802 0.000844392
 3.60763e-11 1.69685e-09 5.52655e-08 1.24637e-06 1.94639e-05 0.000210475 0.00157603 0.00817237 0.0293523 0.0730854 0.12659 0.154578 0.139711 0.107703 0.0878072 0.0773427 0.0633563 0.046589 0.032655 0.0222276 0.014152 0.00815277 0.00416872 0.00185372 0.000696136
 3.55284e-11 1.67109e-09 5.44262e-08 1.22745e-06 1.91684e-05 0.000207279 0.0015521 0.00804835 0.0289077 0.0719865 0.124742 0.152585 0.138752 0.10871 0.0906355 0.0807019 0.065752 0.0473788 0.0321475 0.0211401 0.0131292 0.00748585 0.00381609 0.00168177 0.000619285
 3.19047e-11 1.50064e-09 4.8875e-08 1.10225e-06 1.72133e-05 0.000186138 0.00139381 0.00722773 0.0259632 0.0646838 0.11229 0.138307 0.128835 0.107358 0.0972013 0.0911459 0.0761063 0.0557821 0.0382397 0.0250125 0.0151967 0.00841097 0.00417635 0.00180762 0.000657172
 2.93912e-11 1.38242e-09 4.50246e-08 1.01542e-06 1.58572e-05 0.000171474 0.00128401 0.00665844 0.0239195 0.0596042 0.103555 0.127942 0.120452 0.103075 0.096783 0.0938237 0.0816387 0.0635418 0.0464866 0.0318529 0.0197837 0.0109653 0.00536712 0.00227116 0.000807031
 3.16689e-11 1.48955e-09 4.85138e-08 1.09411e-06 1.70861e-05 0.000184762 0.0013835 0.00717418 0.0257694 0.0641863 0.111328 0.136659 0.125843 0.102023 0.0897143 0.0842288 0.0733223 0.05835 0.0444329 0.0321072 0.0211373 0.0123217 0.00622125 0.00265728 0.000937766
 3.31084e-11 1.55726e-09 5.07191e-08 1.14384e-06 1.78627e-05 0.000193161 0.00144639 0.00750024 0.02694 0.0670961 0.116334 0.142613 0.130698 0.104576 0.090023 0.0825216 0.0695431 0.0529796 0.0389471 0.0280361 0.0189886 0.0116103 0.00617582 0.00275727 0.001002
 3.30069e-11 1.55249e-09 5.05636e-08 1.14033e-06 1.7808e-05 0.000192569 0.00144196 0.00747729 0.0268581 0.0668973 0.116025 0.142399 0.13103 0.105915 0.0923309 0.0849837 0.0710761 0.0530191 0.0376465 0.0260326 0.0170899 0.0103651 0.00561693 0.00259997 0.00098401
 3.33267e-11 1.56753e-09 5.10535e-08 1.15138e-06 1.79805e-05 0.000194434 0.00145593 0.0075497 0.0271178 0.0675401 0.117112 0.143606 0.131734 0.105671 0.091285 0.0838487 0.0705744 0.0532382 0.0380467 0.0260666 0.016672 0.00978746 0.00517934 0.00238541 0.00091501
 3.2899e-11 1.54741e-09 5.03983e-08 1.13661e-06 1.77498e-05 0.000191939 0.00143724 0.00745286 0.0267705 0.0666805 0.115658 0.141994 0.130802 0.106035 0.0928082 0.0856894 0.07186 0.0537555 0.0381614 0.0261174 0.0166915 0.00970901 0.0050388 0.00226979 0.000857564
 3.28945e-11 1.5472e-09 5.03913e-08 1.13645e-06 1.77473e-05 0.000191912 0.00143704 0.00745181 0.0267665 0.0666687 0.115625 0.141892 0.130516 0.105431 0.091952 0.0849936 0.071797 0.0543572 0.0389974 0.0267724 0.0170612 0.00987399 0.00508756 0.00226584 0.000843406
 3.22428e-11 1.51655e-09 4.9393e-08 1.11394e-06 1.73957e-05 0.000188111 0.00140858 0.00730425 0.0262371 0.0653564 0.113391 0.139352 0.12882 0.105373 0.0933661 0.0869676 0.0734397 0.0554121 0.0397146 0.027387 0.0175789 0.0102228 0.00526603 0.0023339 0.000861614
 3.39479e-11 1.59675e-09 5.2005e-08 1.17284e-06 1.83156e-05 0.000198058 0.00148306 0.00769035 0.0276222 0.0687894 0.11923 0.145973 0.133174 0.105325 0.0893062 0.0812933 0.068576 0.0522464 0.0378543 0.0262608 0.0169003 0.00985788 0.00509804 0.0022654 0.000835873
 3.49427e-11 1.64354e-09 5.3529e-08 1.20721e-06 1.88524e-05 0.000203862 0.00152652 0.00791568 0.0284312 0.0708008 0.122693 0.150105 0.136587 0.107225 0.0897498 0.0804171 0.0663066 0.0488782 0.0343137 0.023451 0.015097 0.00885745 0.00460552 0.00205466 0.000760199
 3.45365e-11 1.62443e-09 5.29067e-08 1.19318e-06 1.86332e-05 0.000201492 0.00150877 0.00782371 0.0281014 0.0699848 0.121315 0.148587 0.135746 0.107689 0.0914523 0.0826227 0.0681566 0.0498991 0.0344542 0.0229496 0.0143684 0.00825871 0.00425689 0.00189908 0.000704967
 3.1731e-11 1.49248e-09 4.8609e-08 1.09625e-06 1.71196e-05 0.000185125 0.00138622 0.00718839 0.0258219 0.0643311 0.111675 0.137533 0.128066 0.106632 0.0965057 0.090637 0.0760565 0.0562977 0.0391601 0.0260526 0.0161066 0.00905895 0.00455903 0.00199597 0.00073313
 2.93662e-11 1.38125e-09 4.49863e-08 1.01455e-06 1.58437e-05 0.000171328 0.00128292 0.00665279 0.0238992 0.0595539 0.10347 0.127845 0.120386 0.103062 0.0967866 0.0937498 0.0814136 0.0632289 0.0462813 0.0319052 0.0200585 0.0113036 0.00563353 0.00242447 0.000874004
 3.23761e-11 1.52282e-09 4.95972e-08 1.11854e-06 1.74676e-05 0.000188888 0.0014144 0.00733432 0.0263438 0.0656095 0.113744 0.139378 0.12756 0.101804 0.087732 0.0815929 0.0711767 0.057091 0.0438132 0.0318096 0.0210265 0.0123438 0.00630483 0.00273373 0.000980511
 3.38525e-11 1.59226e-09 5.18588e-08 1.16955e-06 1.82641e-05 0.000197501 0.00147889 0.00766873 0.0275447 0.0685972 0.118902 0.145599 0.132911 0.105245 0.0892474 0.0808776 0.0675461 0.0509631 0.0372059 0.0267884 0.0182445 0.0112345 0.0060208 0.00271205 0.000996466
#obs catch len freq
 2.07113e-11 9.74161e-10 3.17278e-08 7.15542e-07 1.11742e-05 0.000120834 0.000904819 0.00469218 0.0168574 0.0420195 0.0730954 0.0907442 0.0868646 0.0775173 0.0774775 0.0810548 0.0795073 0.0744115 0.0685648 0.0615395 0.0532862 0.0440139 0.033403 0.022013 0.0119005
 2.14699e-11 1.00984e-09 3.28898e-08 7.41749e-07 1.15835e-05 0.00012526 0.000937959 0.00486404 0.017475 0.0435607 0.0757873 0.0941356 0.0902473 0.0806877 0.0803173 0.0825429 0.0783479 0.0708555 0.0645134 0.0585121 0.0512303 0.0422531 0.0317515 0.0207179 0.0111248
 7.69766e-16 3.6278e-14 1.19085e-12 2.76902e-11 4.84116e-10 7.45534e-09 1.21861e-07 1.99192e-06 2.65502e-05 0.000257647 0.00175549 0.00832407 0.0274714 0.0634933 0.104564 0.127917 0.126496 0.113858 0.101196 0.0893556 0.0770297 0.0633183 0.0475477 0.0309006 0.0164878
 1.13385e-11 5.33308e-10 1.73695e-08 3.91726e-07 6.11735e-06 6.61501e-05 0.000495318 0.00256817 0.00922042 0.0229228 0.0394647 0.0470908 0.0392824 0.0249245 0.0202001 0.0359366 0.0706918 0.107937 0.127541 0.124697 0.108794 0.0881736 0.0653808 0.0421946 0.0224114
 5.01605e-11 2.35931e-09 7.6841e-08 1.73296e-06 2.70626e-05 0.000292643 0.00219125 0.0113615 0.0407923 0.101427 0.174707 0.208742 0.173899 0.103033 0.046567 0.0194393 0.0102347 0.00909212 0.0126038 0.0175829 0.0201746 0.0188027 0.0145844 0.00945153 0.00499176
 3.23605e-11 1.52208e-09 4.95732e-08 1.118e-06 1.74592e-05 0.000188798 0.00141374 0.00733131 0.0263388 0.0656523 0.114197 0.141709 0.13528 0.118941 0.112707 0.102924 0.0750681 0.0408486 0.0177946 0.00884158 0.00758422 0.00799121 0.00722184 0.00513067 0.00281753
 3.70121e-11 1.74087e-09 5.66991e-08 1.27871e-06 1.99688e-05 0.000215935 0.00161691 0.00838421 0.0301116 0.0749592 0.129723 0.157879 0.141043 0.105473 0.082903 0.073467 0.0639748 0.0507836 0.0357119 0.0211305 0.0105128 0.0052379 0.0032864 0.00225622 0.00130795
 2.27652e-11 1.07077e-09 3.48742e-08 7.86502e-07 1.22824e-05 0.000132818 0.000994579 0.00515811 0.0185379 0.0462732 0.0809359 0.102539 0.104589 0.105556 0.115763 0.118247 0.100299 0.0733407 0.0511009 0.0347555 0.0215183 0.0114412 0.00533026 0.0023938 0.00108219
 4.17627e-11 1.96432e-09 6.39765e-08 1.44283e-06 2.25319e-05 0.00024365 0.00182442 0.00945983 0.0339691 0.0845073 0.145874 0.175775 0.151358 0.101196 0.0650082 0.0504213 0.0453183 0.0411495 0.0347147 0.0257746 0.0166401 0.00942258 0.00464336 0.00196153 0.000715225
 3.40274e-11 1.60048e-09 5.21267e-08 1.17559e-06 1.83585e-05 0.000198522 0.00148654 0.00770855 0.0276899 0.0689796 0.119708 0.147251 0.136512 0.112197 0.0989205 0.0888556 0.0686685 0.0447183 0.0280739 0.0192663 0.0136018 0.00867769 0.00466416 0.00206124 0.000742287
 3.62413e-11 1.70461e-09 5.55182e-08 1.25208e-06 1.9553e-05 0.000211438 0.00158324 0.0082097 0.029486 0.0734131 0.127125 0.155077 0.139685 0.106776 0.0863281 0.0765938 0.0644571 0.0488943 0.0341237 0.0218245 0.0128153 0.00715419 0.00378308 0.00176468 0.000674181
 3.68495e-11 1.73322e-09 5.64499e-08 1.27309e-06 1.98811e-05 0.000214986 0.00160981 0.0083475 0.029981 0.0746467 0.129268 0.157723 0.14215 0.108715 0.0875061 0.076205 0.0617542 0.0447838 0.0309059 0.0206876 0.0128371 0.00711007 0.0034807 0.00149877 0.000553754
 3.79588e-11 1.7854e-09 5.81493e-08 1.31141e-06 2.04796e-05 0.000221458 0.00165827 0.00859872 0.0308825 0.0768833 0.133087 0.162128 0.145301 0.109407 0.085991 0.0736839 0.0592683 0.042565 0.0287662 0.0187369 0.0114483 0.00637724 0.00315383 0.00134179 0.000477287
 3.71511e-11 1.74741e-09 5.6912e-08 1.28351e-06 2.00438e-05 0.000216746 0.00162299 0.00841583 0.0302266 0.0752597 0.13034 0.159082 0.143532 0.110084 0.0888976 0.0773088 0.0619946 0.0438316 0.0289835 0.0184759 0.0110536 0.00603355 0.00294022 0.0012413 0.0004383
 3.27968e-11 1.5426e-09 5.02415e-08 1.13307e-06 1.76946e-05 0.000191343 0.00143278 0.00742978 0.0266886 0.0664856 0.115383 0.141954 0.131706 0.108657 0.0970627 0.0900569 0.0743812 0.0536159 0.0359321 0.0229112 0.0135189 0.00721964 0.00343772 0.00142245 0.000494508
 2.99219e-11 1.40738e-09 4.58376e-08 1.03375e-06 1.61436e-05 0.000174571 0.00130719 0.00677864 0.024351 0.0606757 0.105392 0.130097 0.122113 0.103751 0.0965896 0.0931693 0.0808219 0.0626226 0.0454215 0.0306764 0.0186489 0.0100468 0.00475187 0.00193429 0.000659358
 3.57204e-11 1.68012e-09 5.47203e-08 1.23408e-06 1.92719e-05 0.000208399 0.00156048 0.00809166 0.0290615 0.0723506 0.125247 0.152609 0.136895 0.103478 0.0823911 0.0728673 0.0625337 0.0500099 0.0383569 0.027748 0.0181418 0.0104198 0.00514496 0.0021353 0.000728748
 3.07134e-11 1.44461e-09 4.70499e-08 1.0611e-06 1.65705e-05 0.000179188 0.00134177 0.00695795 0.0249953 0.0622831 0.108197 0.133616 0.125571 0.106836 0.0989596 0.093386 0.0772605 0.0559523 0.0388696 0.0270659 0.0181461 0.0110537 0.00583309 0.00256576 0.000912979
 3.53103e-11 1.66083e-09 5.4092e-08 1.21991e-06 1.90507e-05 0.000206006 0.00154257 0.0079988 0.0287284 0.0715258 0.123849 0.151047 0.135953 0.103754 0.0838816 0.0750308 0.0646263 0.051297 0.0383447 0.0266907 0.0170088 0.00994553 0.00525573 0.00239694 0.000896145
 3.27702e-11 1.54135e-09 5.02009e-08 1.13216e-06 1.76803e-05 0.000191188 0.00143162 0.00742372 0.0266663 0.0664249 0.115242 0.141613 0.130854 0.106851 0.0941901 0.0867268 0.0716433 0.0524374 0.0368726 0.0256901 0.0169703 0.0101373 0.00532109 0.00239618 0.000898349
 3.36923e-11 1.58473e-09 5.16135e-08 1.16401e-06 1.81778e-05 0.000196567 0.00147189 0.00763246 0.0274145 0.0682727 0.11834 0.144913 0.132303 0.104862 0.0892825 0.0817459 0.0695277 0.0534265 0.0387397 0.0265997 0.0169283 0.00988624 0.0051927 0.00235753 0.000887467
 3.41677e-11 1.60708e-09 5.23416e-08 1.18044e-06 1.84342e-05 0.00019934 0.00149266 0.00774012 0.0278011 0.0692345 0.12 0.146909 0.134001 0.105896 0.0895867 0.081151 0.0678542 0.0511128 0.0368039 0.0256341 0.0166338 0.00975431 0.00506222 0.00226656 0.000847801
 3.26202e-11 1.5343e-09 4.99711e-08 1.12697e-06 1.75993e-05 0.000190312 0.00142506 0.00738971 0.026544 0.0661181 0.114697 0.140879 0.129985 0.105809 0.0931254 0.0862943 0.0725139 0.0543344 0.0386342 0.0265173 0.0170585 0.0100159 0.00522906 0.00234643 0.000874175
 3.52333e-11 1.65721e-09 5.39741e-08 1.21725e-06 1.90091e-05 0.000205557 0.00153921 0.00798142 0.0286666 0.071378 0.123635 0.15098 0.136507 0.105402 0.0864192 0.0771945 0.0650207 0.0498724 0.0363752 0.0252664 0.0162116 0.00943324 0.0048888 0.00218801 0.000815317
 3.44862e-11 1.62206e-09 5.28296e-08 1.19144e-06 1.86061e-05 0.000201199 0.00150657 0.0078123 0.0280605 0.0698821 0.121134 0.14835 0.135477 0.107358 0.0909983 0.0820349 0.0675381 0.0495107 0.0346032 0.0236651 0.0152954 0.00900133 0.0046846 0.00209155 0.000776069
 3.62745e-11 1.70618e-09 5.55691e-08 1.25322e-06 1.95709e-05 0.000211632 0.00158469 0.00821725 0.0295133 0.0734827 0.127256 0.155288 0.140025 0.107288 0.0867962 0.0763832 0.0630793 0.0469448 0.0330269 0.0222295 0.013952 0.00802221 0.00414039 0.00185065 0.000688272
 3.01646e-11 1.4188e-09 4.62093e-08 1.04214e-06 1.62745e-05 0.000175986 0.0013178 0.0068337 0.0245497 0.0611791 0.106324 0.131514 0.124271 0.107122 0.100855 0.0962921 0.0804083 0.0585546 0.0401261 0.0266516 0.016642 0.00947291 0.00480471 0.0021112 0.000776902
 3.0687e-11 1.44337e-09 4.70096e-08 1.06019e-06 1.65563e-05 0.000179034 0.00134061 0.00695181 0.0249714 0.0622055 0.107939 0.132725 0.12295 0.101242 0.0910597 0.0871762 0.0772658 0.0623443 0.047174 0.0329376 0.0206706 0.0116151 0.00580551 0.00251578 0.000913069
 3.54361e-11 1.66674e-09 5.42848e-08 1.22426e-06 1.91186e-05 0.00020674 0.00154806 0.0080273 0.0288307 0.0717799 0.124285 0.151557 0.136333 0.10382 0.0834395 0.0737911 0.0625367 0.0491792 0.0375878 0.0277408 0.0188076 0.0112627 0.00580861 0.00252794 0.000909438
#spawning biomass
 23726.9 21140.5 16333.8 11633.6 13552.8 25657.1 38524.1 47455.8 58977.8 82452.8 92478.8 109591 144048 185058 202475 162655 148448 140462 150395 148422 158572 157068 157147 156980 183870 205118 206778 200190 204074 244913 284176 193987 121090 75868.7 50843.8 37896.3 31474.6 28375.9 26907.9 26220.9 25902.2 25755.2 25687.6 25656.6 25642.5 25636 25633.1 25631.7 25631.1 25630.8 25630.7 25630.7 25630.6 25630.6 25630.6 25630.6 25630.6 25630.6 25630.6 25630.6 25630.6 25630.6 25630.6 25630.6 25630.6 25630.6 25630.6 25630.6 25630.6 25630.6 25630.6 25630.6 25630.6 25630.6 25630.6 25630.6 25630.6 25630.6 25630.6 25630.6 25630.6 25630.6 25630.6 25630.6 25630.6 25630.6 25630.6 25630.6 25630.6 25630.6 25630.6 25630.6 25630.6 25630.6 25630.6 25630.6 25630.6 25630.6 25630.6 25630.6 25630.6 25630.6 25630.6 25630.6 25630.6 25630.6 25630.6 25630.6 25630.6 25630.6 25630.6 25630.6 25630.6 25630.6 25630.6 25630.6 25630.6 25630.6 25630.6 25630.6 25630.6 25630.6 25630.6 25630.6 25630.6 25630.6 25630.6 25630.6 25630.6 0 0 0 0 0 0 0 0 0 0 0 0 0 0 0 0 0 0 0 0 0 0 0 0 0
