SBPRF35
0.224663
Curr Bio
49188.7
B35
188699
F35
0.344311
FOFL
0.258783
OFL
57944.4
Bzero
64189.3
#pred survey bio
 8451.34 7241.26 7835.04 7413.42 9727.27 13522.9 14059.5 16930.6 28735.2 48148.8 66783.7 79345.3 103174 131307 143371 126679 120297 115557 107976 113855 116754 125353 134964 143707 166400 171855 166606 153215 162870 1.10795e+07 6.51993e+06 4.86128e+06 3.31783e+06 2.25547e+06 1.60878e+06 1.23889e+06 1.03382e+06 921468 859808 825581 806230 795039 788405 784370 781861 780280 779265 778605 778171 777884 777693 777565 777479 777421 777382 777356 777338 777326 777318 777313 777309 777306 777305 777303 777303 777302 777302 777302 777301 777301 777301 777301 777301 777301 777301 777301 777301 777301 777301 777301 777301 777301 777301 777301 777301 777301 777301 777301 777301 777301 777301 777301 777301 777301 777301 777301 777301 777301 777301 777301 777301 777301 777301 777301 777301 777301 777301 777301 777301 777301 777301 777301 777301 777301 777301 777301 777301 777301 777301 777301 777301 777301 777301 777301 777301 777301 777301 777301 777301 0 0 0 0 0 0 0 0 0 0 0 0 0 0 0 0 0 0 0 0 0 0 0 0 0
#obs survey bio
 7876.57 9781.68 6642.52 10463.7 15876.6 12391.3 13594.7 25105.8 36180.4 69116.3 66379.3 99120.4 116972 175356 103178 158402 157913 153464 92057.8 120238 101927 118907 100702 131836 205335 170541 164505 175512 193860
#pred catch bio
 5835.71 5032.86 5897.12 5345.06 6624.75 10087 10512.1 11606.6 18823.2 33209.7 50506 58025.4 74263.8 93735 108369 94180 90786.4 88973.3 78377 84092.1 86179.9 92983.2 100876 102877 121167 123341 120932 104606 8347.88 57944.4 74970.4 54047 35692.9 23492.5 16323.7 12399.6 10344.1 9297.63 8774.86 8517.01 8390.92 8329.64 8299.97 8285.63 8278.73 8275.42 8273.83 8273.07 8272.7 8272.53 8272.44 8272.4 8272.39 8272.38 8272.37 8272.37 8272.37 8272.37 8272.37 8272.37 8272.37 8272.37 8272.37 8272.37 8272.37 8272.37 8272.37 8272.37 8272.37 8272.37 8272.37 8272.37 8272.37 8272.37 8272.37 8272.37 8272.37 8272.37 8272.37 8272.37 8272.37 8272.37 8272.37 8272.37 8272.37 8272.37 8272.37 8272.37 8272.37 8272.37 8272.37 8272.37 8272.37 8272.37 8272.37 8272.37 8272.37 8272.37 8272.37 8272.37 8272.37 8272.37 8272.37 8272.37 8272.37 8272.37 8272.37 8272.37 8272.37 8272.37 8272.37 8272.37 8272.37 8272.37 8272.37 8272.37 8272.37 8272.37 8272.37 8272.37 8272.37 8272.37 8272.37 8272.37 8272.37 8272.37 8272.37 8272.37 8272.37 0 0 0 0 0 0 0 0 0 0 0 0 0 0 0 0 0 0 0 0 0 0 0 0 0
#obs catch bio
 5857.75 4963.3 5928.67 5224.47 6372.57 9815.62 10485.3 11271.5 18004.4 31748.9 50149.8 56385.3 73281 92518.1 110239 92638.3 91024.6 88662.3 78196.8 83177.6 86304.6 93903.8 102896 103151 121922 122997 121788 105353 8152.24
#pred cpue bio
 7878.29 6390.19 6962.89 6548.93 8419.5 11850.1 12401.7 14667.3 24679.5 41798.7 58360.8 68875.2 89668.6 114708 127329 112717 106540 101985 95192 100708 102981 110161 118606 126204 146399 152372 148879 136832 145188 1.05302e+07 6.55442e+06 4.84783e+06 3.29417e+06 2.23076e+06 1.58398e+06 1.21408e+06 1.00901e+06 896655 834995 800768 781418 770227 763592 759557 757049 755467 754452 753792 753359 753071 752880 752752 752666 752608 752569 752543 752525 752513 752505 752500 752496 752494 752492 752491 752490 752489 752489 752489 752489 752489 752488 752488 752488 752488 752488 752488 752488 752488 752488 752488 752488 752488 752488 752488 752488 752488 752488 752488 752488 752488 752488 752488 752488 752488 752488 752488 752488 752488 752488 752488 752488 752488 752488 752488 752488 752488 752488 752488 752488 752488 752488 752488 752488 752488 752488 752488 752488 752488 752488 752488 752488 752488 752488 752488 752488 752488 752488 752488 752488 0 0 0 0 0 0 0 0 0 0 0 0 0 0 0 0 0 0 0 0 0 0 0 0 0
#obs cpue bio
 6745.94 7019.81 6578.07 8005.65 10561.5 17740.4 11453.5 19112.1 45159.4 56386.8 50390.4 100242 86895.4 107766 115360 144204 67650.6 87435.4 108481 122791 105101 94585.2 111562 142220 108995 167889 130609 141507 134887
#pred surv len freq
 2.14557e-27 2.17228e-27 6.48099e-27 1.4743e-21 8.76825e-17 1.1989e-12 3.76876e-09 2.7237e-06 0.000452538 0.0172867 0.151812 0.306513 0.142696 0.0264075 0.0689241 0.0967958 0.0396433 0.0326139 0.0291632 0.0199197 0.0169257 0.0148031 0.01546 0.0144781 0.00610232
 2.14861e-27 2.1812e-27 7.49767e-27 1.81931e-21 1.08201e-16 1.47946e-12 4.65069e-09 3.36107e-06 0.000558437 0.0213319 0.187338 0.378238 0.175914 0.0279437 0.0566906 0.0791656 0.0288914 0.013893 0.010994 0.0059811 0.00421158 0.00302392 0.00263456 0.00224903 0.000937883
 2.14759e-27 2.17888e-27 7.25799e-27 1.738e-21 1.03365e-16 1.41334e-12 4.44284e-09 3.21086e-06 0.000533479 0.0203785 0.178965 0.361335 0.168172 0.0298818 0.0736181 0.102927 0.0360788 0.0126813 0.00878447 0.00320612 0.0015444 0.000820683 0.000535835 0.000382624 0.00015142
 2.14799e-27 2.17991e-27 7.37224e-27 1.77677e-21 1.05671e-16 1.44487e-12 4.54196e-09 3.28249e-06 0.000545381 0.0208332 0.182958 0.369396 0.171879 0.0293498 0.0679412 0.0949708 0.0339218 0.0139412 0.00980081 0.00295038 0.000984717 0.00031593 0.000123747 6.30912e-05 2.20613e-05
 2.1494e-27 2.18339e-27 7.74038e-27 1.90165e-21 1.13099e-16 1.54642e-12 4.86119e-09 3.5132e-06 0.000583713 0.0222974 0.195817 0.395358 0.183837 0.02816 0.0528528 0.0736878 0.0262 0.010396 0.00732615 0.00239103 0.000833286 0.000201562 4.15285e-05 1.07953e-05 2.80605e-06
 2.14853e-27 2.18124e-27 7.50908e-27 1.82317e-21 1.08431e-16 1.4826e-12 4.66058e-09 3.36822e-06 0.000559624 0.0213773 0.187736 0.379043 0.176334 0.0292344 0.0643286 0.0898165 0.0312556 0.0102446 0.00686279 0.00220086 0.00076855 0.000195319 3.41357e-05 4.32662e-06 5.56203e-07
 2.14806e-27 2.18009e-27 7.38853e-27 1.78229e-21 1.05999e-16 1.44935e-12 4.55606e-09 3.29268e-06 0.000547073 0.0208978 0.183526 0.370542 0.172416 0.029539 0.0687504 0.0960729 0.0337926 0.0122345 0.00831877 0.00241035 0.00073281 0.000181224 3.18286e-05 3.41758e-06 2.2074e-07
 2.14933e-27 2.18322e-27 7.72151e-27 1.89525e-21 1.12718e-16 1.54121e-12 4.84483e-09 3.50137e-06 0.000581747 0.0222224 0.195158 0.394027 0.183226 0.0282832 0.0540058 0.0753064 0.0266861 0.0103003 0.00715308 0.00217601 0.000689419 0.000154787 2.43266e-05 2.50425e-06 1.35017e-07
 2.14987e-27 2.18452e-27 7.85788e-27 1.9415e-21 1.15468e-16 1.57882e-12 4.96306e-09 3.58681e-06 0.000595944 0.0227647 0.19992 0.403642 0.18766 0.0279814 0.0492652 0.0685941 0.0239028 0.00794017 0.00532937 0.0016808 0.000564637 0.000132671 2.06379e-05 1.92622e-06 9.47894e-08
 2.14917e-27 2.18279e-27 7.67311e-27 1.87881e-21 1.1174e-16 1.52785e-12 4.80281e-09 3.47101e-06 0.000576703 0.0220297 0.193466 0.39061 0.181663 0.0287202 0.0577031 0.0804725 0.0278925 0.00877617 0.00574721 0.00167858 0.000514678 0.000124318 2.04817e-05 1.9465e-06 9.07765e-08
 2.14873e-27 2.18172e-27 7.56062e-27 1.84066e-21 1.09471e-16 1.49682e-12 4.70528e-09 3.40052e-06 0.000564991 0.0215823 0.189537 0.382678 0.178006 0.028997 0.0617842 0.0862457 0.0302145 0.010549 0.00709219 0.00201406 0.000580216 0.000129244 2.01679e-05 1.97575e-06 9.51173e-08
 2.14918e-27 2.18284e-27 7.67979e-27 1.88109e-21 1.11875e-16 1.5297e-12 4.80862e-09 3.47521e-06 0.0005774 0.0220563 0.1937 0.391082 0.181876 0.0285836 0.0567274 0.0791164 0.0276754 0.00953198 0.00642012 0.00191425 0.000587939 0.000127526 1.84244e-05 1.68188e-06 7.98608e-08
 2.1491e-27 2.18262e-27 7.65583e-27 1.87295e-21 1.11392e-16 1.52308e-12 4.78783e-09 3.46018e-06 0.000574904 0.0219609 0.192862 0.389392 0.1811 0.0287279 0.0581176 0.0810654 0.0282193 0.00927446 0.00616227 0.00182734 0.000563921 0.000128104 1.91491e-05 1.67325e-06 7.40509e-08
 2.14875e-27 2.18177e-27 7.56551e-27 1.84232e-21 1.0957e-16 1.49817e-12 4.70952e-09 3.40358e-06 0.000565501 0.0216017 0.189708 0.383023 0.178166 0.0290105 0.0617626 0.0862091 0.0301171 0.010244 0.00685428 0.0019866 0.000592429 0.000133837 2.04239e-05 1.8501e-06 8.15027e-08
 2.14755e-27 2.17882e-27 7.25426e-27 1.73674e-21 1.0329e-16 1.41231e-12 4.43962e-09 3.20853e-06 0.000533092 0.0203638 0.178836 0.361073 0.168055 0.0300016 0.0744285 0.104076 0.0366138 0.0132769 0.00905058 0.0026689 0.000810882 0.000179484 2.66927e-05 2.4282e-06 1.09639e-07
 2.14742e-27 2.17853e-27 7.2265e-27 1.72733e-21 1.02731e-16 1.40467e-12 4.41559e-09 3.19116e-06 0.000530206 0.0202535 0.177867 0.359118 0.167146 0.0298391 0.0740258 0.103551 0.0370089 0.0152814 0.0107736 0.00328152 0.00104511 0.00023636 3.535e-05 3.155e-06 1.41056e-07
 2.14779e-27 2.17945e-27 7.32413e-27 1.76045e-21 1.04701e-16 1.4316e-12 4.50025e-09 3.25235e-06 0.000540372 0.0206419 0.181278 0.366004 0.170314 0.0294521 0.0695878 0.0972999 0.0348505 0.0146376 0.0104455 0.00341727 0.00119637 0.0002833 4.42245e-05 4.01761e-06 1.78762e-07
 2.14804e-27 2.18006e-27 7.38728e-27 1.78187e-21 1.05975e-16 1.44902e-12 4.555e-09 3.29191e-06 0.000546946 0.020893 0.183483 0.370456 0.17237 0.0293758 0.0677801 0.094727 0.0336037 0.01309 0.00919866 0.00304078 0.00109823 0.00028079 4.78597e-05 4.58411e-06 2.10292e-07
 2.14811e-27 2.18022e-27 7.40313e-27 1.78724e-21 1.06294e-16 1.45338e-12 4.56873e-09 3.30184e-06 0.000548595 0.020956 0.184036 0.371573 0.172888 0.0294215 0.0677222 0.0946307 0.0333726 0.0123696 0.0085459 0.00270732 0.000934434 0.000242135 4.36262e-05 4.54194e-06 2.23326e-07
 2.14787e-27 2.17963e-27 7.34193e-27 1.76648e-21 1.0506e-16 1.4365e-12 4.51567e-09 3.26348e-06 0.000542223 0.0207126 0.181899 0.367257 0.170897 0.0295449 0.0697766 0.0975429 0.0346273 0.0135603 0.00946286 0.00292207 0.000965628 0.000239207 4.20639e-05 4.53075e-06 2.38385e-07
 2.14809e-27 2.18016e-27 7.3987e-27 1.78574e-21 1.06205e-16 1.45217e-12 4.5649e-09 3.29907e-06 0.000548135 0.0209384 0.183882 0.371261 0.17274 0.0293165 0.0671756 0.0938809 0.0333894 0.013276 0.00932861 0.00296426 0.0010076 0.000243055 4.06609e-05 4.22952e-06 2.24396e-07
 2.14835e-27 2.18081e-27 7.46627e-27 1.80866e-21 1.07568e-16 1.4708e-12 4.62349e-09 3.34141e-06 0.00055517 0.0212071 0.186242 0.376026 0.174936 0.0291453 0.0646942 0.0903722 0.0320005 0.012277 0.00856502 0.00274562 0.000950314 0.000235511 3.97098e-05 3.98511e-06 2.03332e-07
 2.14834e-27 2.18078e-27 7.46293e-27 1.80753e-21 1.07501e-16 1.46988e-12 4.62058e-09 3.33931e-06 0.000554821 0.0211938 0.186125 0.37579 0.17483 0.0292311 0.0652892 0.0911992 0.0321342 0.0118198 0.00814373 0.0025597 0.000867755 0.000217027 3.74533e-05 3.81925e-06 1.92024e-07
 2.14839e-27 2.1809e-27 7.47488e-27 1.81158e-21 1.07742e-16 1.47317e-12 4.63094e-09 3.3468e-06 0.000556065 0.0212413 0.186542 0.376632 0.175219 0.0291975 0.0648302 0.0905521 0.0319061 0.0117338 0.00806262 0.00247639 0.000811357 0.000198423 3.38855e-05 3.50473e-06 1.79223e-07
 2.14826e-27 2.18059e-27 7.44289e-27 1.80073e-21 1.07096e-16 1.46435e-12 4.60321e-09 3.32675e-06 0.000552735 0.0211141 0.185425 0.374377 0.174178 0.0292561 0.0658676 0.0920233 0.0325472 0.0123623 0.00856202 0.00263176 0.000857651 0.00020444 3.37532e-05 3.42778e-06 1.75634e-07
 2.14769e-27 2.17918e-27 7.29295e-27 1.74987e-21 1.04071e-16 1.42299e-12 4.47319e-09 3.23278e-06 0.000537122 0.0205177 0.180188 0.363802 0.169308 0.0297614 0.0721396 0.100865 0.0356805 0.0135733 0.00942266 0.00294522 0.000980351 0.000233874 3.80315e-05 3.74793e-06 1.87331e-07
 2.14709e-27 2.17771e-27 7.14057e-27 1.69819e-21 1.00998e-16 1.38097e-12 4.34108e-09 3.13731e-06 0.00052126 0.0199118 0.174866 0.353059 0.164353 0.0300685 0.0772523 0.108109 0.0387405 0.016324 0.0115943 0.00363174 0.00121654 0.000295255 4.87332e-05 4.77217e-06 2.33236e-07
 2.14715e-27 2.17789e-27 7.16065e-27 1.70501e-21 1.01403e-16 1.38651e-12 4.35852e-09 3.14991e-06 0.000523353 0.0199917 0.175568 0.354477 0.165 0.0298325 0.0753842 0.1055 0.0381428 0.0171413 0.0124187 0.00411637 0.00147266 0.000361827 6.04431e-05 6.01079e-06 2.947e-07
 2.14731e-27 2.17828e-27 7.20347e-27 1.71954e-21 1.02268e-16 1.39833e-12 4.39566e-09 3.17676e-06 0.000527814 0.0201621 0.177065 0.357498 0.166388 0.0296037 0.0730767 0.102257 0.0371308 0.0171922 0.0125897 0.00434524 0.00164687 0.000430426 7.58642e-05 7.69103e-06 3.82225e-07
#obs surv len freq
 1.23831e-39 6.06066e-33 6.81956e-27 1.76416e-21 1.04921e-16 1.4346e-12 4.50969e-09 3.25916e-06 0.000541514 0.0206852 0.181657 0.366771 0.17066 0.029214 0.0679033 0.0949529 0.0343807 0.015618 0.0114254 0.00402785 0.00159293 0.000457942 9.5878e-05 1.23813e-05 8.16654e-07
 1.30905e-39 6.40691e-33 7.20915e-27 1.86494e-21 1.10915e-16 1.51656e-12 4.76733e-09 3.44536e-06 0.000572451 0.0218669 0.192035 0.387723 0.180313 0.0283144 0.056097 0.0782931 0.0282571 0.0125507 0.009127 0.00317802 0.00123732 0.000349953 7.14829e-05 8.97067e-06 5.74879e-07
 1.15722e-39 5.66379e-33 6.37299e-27 1.64863e-21 9.80503e-17 1.34066e-12 4.21438e-09 3.04574e-06 0.000506054 0.0193306 0.169761 0.342754 0.159617 0.0308228 0.0849634 0.118928 0.0418687 0.0152947 0.0106328 0.00364652 0.00139449 0.000388239 7.7735e-05 9.52331e-06 5.93504e-07
 1.35114e-39 6.61291e-33 7.44095e-27 1.9249e-21 1.14481e-16 1.56532e-12 4.92061e-09 3.55614e-06 0.000590857 0.02257 0.19821 0.400189 0.186045 0.0274749 0.0472151 0.0658207 0.0245058 0.0132192 0.00979432 0.00301559 0.00101263 0.000272993 5.35016e-05 6.41752e-06 3.90637e-07
 1.39402e-39 6.82276e-33 7.67708e-27 1.98599e-21 1.18114e-16 1.615e-12 5.07676e-09 3.66898e-06 0.000609607 0.0232862 0.204499 0.412888 0.191918 0.0275343 0.0437499 0.0608133 0.0210569 0.00656977 0.0044474 0.00171157 0.000702877 0.000174242 3.06539e-05 3.53368e-06 2.10155e-07
 1.26479e-39 6.19025e-33 6.96537e-27 1.80188e-21 1.07164e-16 1.46528e-12 4.60611e-09 3.32885e-06 0.000553093 0.0211274 0.185541 0.374613 0.174303 0.029657 0.0682442 0.0953044 0.0327708 0.00945512 0.00600307 0.00170541 0.000531204 0.000154834 3.02983e-05 3.2347e-06 1.79262e-07
 1.27234e-39 6.22724e-33 7.00699e-27 1.81264e-21 1.07805e-16 1.47403e-12 4.63364e-09 3.34874e-06 0.000556398 0.0212537 0.18665 0.376851 0.175311 0.0289689 0.0633693 0.0885371 0.0318035 0.0136304 0.00957024 0.00261278 0.000700042 0.000153105 2.61914e-05 3.07334e-06 1.71742e-07
 1.41715e-39 6.93594e-33 7.80444e-27 2.01893e-21 1.20074e-16 1.64179e-12 5.16098e-09 3.72985e-06 0.00061972 0.0236725 0.207892 0.419737 0.195064 0.0269764 0.0382801 0.0531461 0.018937 0.00764603 0.00542647 0.00181296 0.000632027 0.00013353 1.82539e-05 1.72639e-06 9.39997e-08
 1.41662e-39 6.93339e-33 7.80156e-27 2.01819e-21 1.20029e-16 1.64118e-12 5.15908e-09 3.72848e-06 0.000619491 0.0236638 0.207815 0.419583 0.195007 0.0273624 0.0406832 0.0564695 0.0192441 0.00499008 0.00309475 0.00100061 0.000355578 9.12484e-05 1.47879e-05 1.26542e-06 5.58354e-08
 1.34894e-39 6.60211e-33 7.4288e-27 1.92176e-21 1.14294e-16 1.56277e-12 4.91257e-09 3.55033e-06 0.000589892 0.0225331 0.197886 0.399536 0.185779 0.0284302 0.0532439 0.074164 0.0253547 0.0068317 0.00419813 0.00109179 0.000277795 6.73179e-05 1.1915e-05 1.20267e-06 5.48647e-08
 1.32038e-39 6.46235e-33 7.27154e-27 1.88108e-21 1.11875e-16 1.52969e-12 4.80858e-09 3.47517e-06 0.000577404 0.0220561 0.193697 0.391078 0.181877 0.0286346 0.0570403 0.0795529 0.0277715 0.00937633 0.0062018 0.00163778 0.000406137 7.83456e-05 1.06769e-05 1.06121e-06 5.40477e-08
 1.35759e-39 6.64445e-33 7.47644e-27 1.93408e-21 1.15027e-16 1.57279e-12 4.94408e-09 3.5731e-06 0.000593675 0.0226776 0.199155 0.402098 0.186947 0.0279827 0.0497395 0.0692782 0.0243585 0.00879126 0.00598381 0.00175678 0.000518791 0.00010277 1.25732e-05 9.82918e-07 4.37121e-08
 1.3267e-39 6.49329e-33 7.30636e-27 1.89009e-21 1.1241e-16 1.53701e-12 4.8316e-09 3.49181e-06 0.000580169 0.0221617 0.194624 0.392951 0.182739 0.0285607 0.0560251 0.078114 0.0271484 0.00878371 0.00582715 0.00177258 0.000563768 0.000125582 1.75454e-05 1.34785e-06 5.0823e-08
 1.28466e-39 6.28751e-33 7.07481e-27 1.83019e-21 1.08848e-16 1.4883e-12 4.67849e-09 3.38115e-06 0.000561783 0.0214594 0.188456 0.380498 0.177002 0.0290726 0.0629029 0.0878274 0.0308373 0.0109884 0.00743786 0.00214344 0.000637296 0.000147058 2.26672e-05 1.96661e-06 7.86506e-08
 1.16774e-39 5.71528e-33 6.43092e-27 1.66362e-21 9.89416e-17 1.35285e-12 4.25269e-09 3.07343e-06 0.000510654 0.0195063 0.171305 0.34587 0.161048 0.030559 0.082414 0.115363 0.0410169 0.016262 0.0113545 0.00343329 0.00107695 0.000238315 3.55803e-05 3.27211e-06 1.44941e-07
 1.26113e-39 6.17238e-33 6.94526e-27 1.79667e-21 1.06855e-16 1.46105e-12 4.59282e-09 3.31924e-06 0.000551496 0.0210664 0.185005 0.373531 0.173765 0.0286526 0.0624391 0.0872987 0.0323431 0.0169692 0.0125837 0.00403778 0.00137792 0.000321723 4.9202e-05 4.41262e-06 1.98247e-07
 1.23323e-39 6.03583e-33 6.79161e-27 1.75693e-21 1.04491e-16 1.42873e-12 4.49121e-09 3.24581e-06 0.000539296 0.0206004 0.180913 0.365268 0.169977 0.0295099 0.0701627 0.0980964 0.0349255 0.0140236 0.0101099 0.00383207 0.00156871 0.000398211 6.61316e-05 6.2061e-06 2.80138e-07
 1.28006e-39 6.265e-33 7.04948e-27 1.82363e-21 1.08458e-16 1.48297e-12 4.66174e-09 3.36905e-06 0.000559772 0.0213826 0.187782 0.379136 0.176359 0.0287235 0.0611823 0.0854664 0.0308672 0.0137679 0.00992856 0.00322367 0.00119024 0.000351581 6.89769e-05 7.13655e-06 3.43157e-07
 1.24684e-39 6.10242e-33 6.86655e-27 1.77631e-21 1.05644e-16 1.44449e-12 4.54076e-09 3.28162e-06 0.000545246 0.0208277 0.182909 0.369298 0.171836 0.029397 0.0682593 0.0954061 0.0338875 0.0133414 0.00944398 0.00324152 0.00121606 0.000318785 6.22212e-05 7.45359e-06 4.06771e-07
 1.2537e-39 6.13597e-33 6.90429e-27 1.78608e-21 1.06225e-16 1.45243e-12 4.56572e-09 3.29966e-06 0.000548243 0.0209422 0.183914 0.371328 0.172764 0.0291199 0.065956 0.0921938 0.0332254 0.0145948 0.01048 0.00335842 0.00118583 0.000319035 6.01796e-05 6.90226e-06 4.05086e-07
 1.27721e-39 6.25107e-33 7.0338e-27 1.81958e-21 1.08217e-16 1.47967e-12 4.65137e-09 3.36155e-06 0.000558527 0.021335 0.187364 0.378293 0.175973 0.0288377 0.0621338 0.0867932 0.0311378 0.0132423 0.00952073 0.0032399 0.00119951 0.000305754 5.55604e-05 6.28601e-06 3.58749e-07
 1.2593e-39 6.16339e-33 6.93514e-27 1.79406e-21 1.06699e-16 1.45892e-12 4.58612e-09 3.3144e-06 0.000550692 0.0210357 0.184736 0.372987 0.173533 0.0291814 0.0658312 0.0919912 0.0327871 0.0132631 0.0094123 0.00314863 0.00116425 0.000311657 5.73143e-05 6.22815e-06 3.45905e-07
 1.26364e-39 6.18466e-33 6.95908e-27 1.80025e-21 1.07067e-16 1.46395e-12 4.60195e-09 3.32584e-06 0.000552593 0.0211083 0.185373 0.374274 0.174123 0.0290363 0.0645575 0.0902116 0.0323758 0.0137999 0.00986747 0.00320797 0.00114375 0.000302193 5.65642e-05 6.30517e-06 3.4519e-07
 1.26042e-39 6.16886e-33 6.9413e-27 1.79565e-21 1.06794e-16 1.46021e-12 4.5902e-09 3.31735e-06 0.000551182 0.0210544 0.1849 0.373318 0.173683 0.0290906 0.0651769 0.0910817 0.0326401 0.0137651 0.00985785 0.00329951 0.00120519 0.0003101 5.63396e-05 6.2859e-06 3.5029e-07
 1.26562e-39 6.19434e-33 6.96996e-27 1.80306e-21 1.07235e-16 1.46624e-12 4.60915e-09 3.33104e-06 0.000553458 0.0211414 0.185664 0.37486 0.174392 0.0289969 0.0641404 0.089624 0.0321714 0.0137358 0.00985443 0.00328131 0.00120135 0.000316762 5.78749e-05 6.30138e-06 3.47009e-07
 1.1984e-39 5.86532e-33 6.59975e-27 1.70729e-21 1.01539e-16 1.38836e-12 4.36433e-09 3.15411e-06 0.00052406 0.0200184 0.175802 0.354949 0.165223 0.0299446 0.0759267 0.10624 0.0380738 0.0160607 0.0115042 0.00385748 0.00142111 0.000374495 6.91868e-05 7.62789e-06 4.16239e-07
 1.19867e-39 5.86666e-33 6.60126e-27 1.70768e-21 1.01562e-16 1.38868e-12 4.36533e-09 3.15484e-06 0.00052418 0.020023 0.175842 0.355031 0.165245 0.0295385 0.0734227 0.102779 0.0377794 0.0189151 0.0139813 0.00466088 0.00170834 0.000452717 8.40755e-05 9.33075e-06 5.1424e-07
 1.22725e-39 6.00656e-33 6.75867e-27 1.7484e-21 1.03984e-16 1.4218e-12 4.46943e-09 3.23006e-06 0.00053668 0.0205005 0.180035 0.363496 0.169144 0.0291518 0.0685109 0.0958425 0.0351398 0.0173332 0.0129581 0.00478724 0.00193686 0.000516583 9.58612e-05 1.06948e-05 5.93225e-07
 1.22725e-39 6.00656e-33 6.75867e-27 1.7484e-21 1.03984e-16 1.4218e-12 4.46943e-09 3.23006e-06 0.00053668 0.0205005 0.180035 0.363496 0.169144 0.0291518 0.0685109 0.0958425 0.0351398 0.0173332 0.0129581 0.00478724 0.00193686 0.000516583 9.58612e-05 1.06948e-05 5.93225e-07
#pred catch len freq
 2.14536e-27 2.17175e-27 6.42467e-27 1.4552e-21 8.65462e-17 1.18337e-12 3.71992e-09 2.6884e-06 0.000446674 0.0170626 0.149845 0.302541 0.140867 0.0265937 0.0712579 0.100084 0.0407853 0.0329815 0.0294206 0.0200399 0.0170072 0.0148687 0.0155271 0.0145406 0.00612869
 2.14844e-27 2.18078e-27 7.45251e-27 1.80399e-21 1.0729e-16 1.467e-12 4.61153e-09 3.33277e-06 0.000553735 0.0211523 0.18576 0.375053 0.174448 0.028116 0.0587024 0.0819978 0.0298427 0.014094 0.0111108 0.00602844 0.00423867 0.00304207 0.00265004 0.00226221 0.000943377
 2.14751e-27 2.17868e-27 7.23694e-27 1.73085e-21 1.02941e-16 1.40753e-12 4.42459e-09 3.19766e-06 0.000531287 0.0202948 0.17823 0.35985 0.16749 0.0299897 0.0747238 0.10448 0.0365509 0.0126142 0.00869337 0.00316579 0.00152174 0.000808198 0.000527596 0.000376731 0.000149088
 2.14784e-27 2.17956e-27 7.33488e-27 1.76409e-21 1.04917e-16 1.43456e-12 4.50956e-09 3.25907e-06 0.000541489 0.0206845 0.181653 0.36676 0.170666 0.0295096 0.0697108 0.0974599 0.0347295 0.0140158 0.00981256 0.00294867 0.000981798 0.000314783 0.000123265 6.28422e-05 2.19741e-05
 2.14922e-27 2.18294e-27 7.69246e-27 1.88539e-21 1.12132e-16 1.5332e-12 4.81964e-09 3.48317e-06 0.000578723 0.0221068 0.194143 0.391978 0.182281 0.0283474 0.055015 0.0767318 0.027223 0.0106137 0.00744805 0.00242608 0.000843683 0.000203965 4.20101e-05 1.09194e-05 2.83827e-06
 2.14845e-27 2.18102e-27 7.48619e-27 1.81541e-21 1.07969e-16 1.47629e-12 4.64073e-09 3.35387e-06 0.00055724 0.0212862 0.186936 0.377428 0.175592 0.0293417 0.0654705 0.0914212 0.0317568 0.0102234 0.00681161 0.00218015 0.000759624 0.000192941 3.37108e-05 4.27233e-06 5.49208e-07
 2.14798e-27 2.17988e-27 7.36549e-27 1.77447e-21 1.05534e-16 1.443e-12 4.53608e-09 3.27823e-06 0.000544674 0.0208062 0.182721 0.368917 0.171669 0.0296496 0.0699154 0.0977097 0.0342981 0.0121922 0.00825012 0.00238637 0.000723755 0.000178869 3.1406e-05 3.37189e-06 2.17782e-07
 2.14915e-27 2.18278e-27 7.67478e-27 1.87939e-21 1.11775e-16 1.52832e-12 4.8043e-09 3.47208e-06 0.000576881 0.0220364 0.193525 0.39073 0.181709 0.0284679 0.0561271 0.0782924 0.0276859 0.0104999 0.00726023 0.00220464 0.000696894 0.000156375 2.45683e-05 2.52886e-06 1.3634e-07
 2.14966e-27 2.18401e-27 7.80298e-27 1.92287e-21 1.14361e-16 1.56368e-12 4.91544e-09 3.5524e-06 0.000590227 0.0225463 0.198002 0.39977 0.185878 0.0281957 0.0517411 0.0720796 0.0250746 0.00819076 0.00547031 0.00172198 0.000577191 0.000135546 2.10788e-05 1.96717e-06 9.68013e-08
 2.14899e-27 2.18235e-27 7.62602e-27 1.86284e-21 1.1079e-16 1.51486e-12 4.76198e-09 3.4415e-06 0.000571799 0.0218423 0.191821 0.387289 0.180135 0.0289113 0.0598713 0.0835237 0.0289028 0.00894029 0.00582339 0.00169787 0.000519351 0.000125368 2.06487e-05 1.96218e-06 9.15051e-08
 2.14866e-27 2.18156e-27 7.54382e-27 1.83496e-21 1.09132e-16 1.49219e-12 4.69071e-09 3.38999e-06 0.000563242 0.0215155 0.18895 0.381493 0.177462 0.0290822 0.0626613 0.0874773 0.0305858 0.0104846 0.00701342 0.00198837 0.000571413 0.000127201 1.98427e-05 1.94369e-06 9.3571e-08
 2.14908e-27 2.18258e-27 7.65235e-27 1.87177e-21 1.11322e-16 1.52212e-12 4.78482e-09 3.458e-06 0.000574542 0.0219471 0.192741 0.389147 0.180986 0.028704 0.0580458 0.0809703 0.0282702 0.00956373 0.00640909 0.00190755 0.000584515 0.000126708 1.83004e-05 1.67038e-06 7.93118e-08
 2.14897e-27 2.18231e-27 7.62234e-27 1.86159e-21 1.10716e-16 1.51385e-12 4.75879e-09 3.43919e-06 0.000571417 0.0218277 0.191692 0.38703 0.180013 0.0288702 0.0596982 0.0832886 0.028942 0.0093458 0.00617716 0.00182851 0.000562952 0.000127807 1.90989e-05 1.66869e-06 7.38463e-08
 2.1486e-27 2.18141e-27 7.52734e-27 1.82937e-21 1.08799e-16 1.48764e-12 4.67641e-09 3.37966e-06 0.000561525 0.0214499 0.188374 0.38033 0.176927 0.0291708 0.0635525 0.0887271 0.0309398 0.0103398 0.00688367 0.00199171 0.000592528 0.000133776 2.04083e-05 1.84849e-06 8.14292e-08
 2.14748e-27 2.17864e-27 7.23465e-27 1.73008e-21 1.02895e-16 1.4069e-12 4.42261e-09 3.19624e-06 0.00053105 0.0202857 0.17815 0.35969 0.16742 0.0301029 0.0754641 0.10553 0.0370488 0.0131893 0.0089473 0.00263382 0.000798325 0.000176597 2.62552e-05 2.38813e-06 1.07826e-07
 2.14732e-27 2.17829e-27 7.19991e-27 1.71831e-21 1.02195e-16 1.39733e-12 4.39252e-09 3.17449e-06 0.000527437 0.0201477 0.176938 0.357243 0.166283 0.0299664 0.0753681 0.105437 0.0375927 0.0152376 0.0106976 0.00325249 0.00103348 0.000233593 3.49255e-05 3.11678e-06 1.39342e-07
 2.14772e-27 2.17927e-27 7.30537e-27 1.75409e-21 1.04323e-16 1.42643e-12 4.48399e-09 3.24059e-06 0.000538419 0.0205672 0.180623 0.364681 0.169706 0.0295519 0.0705957 0.0987147 0.0352701 0.0145389 0.0103316 0.00337334 0.00117842 0.0002789 4.3525e-05 3.95366e-06 1.7591e-07
 2.14801e-27 2.17997e-27 7.37739e-27 1.77851e-21 1.05775e-16 1.44628e-12 4.54642e-09 3.28571e-06 0.000545915 0.0208536 0.183137 0.369758 0.17205 0.0294434 0.0684033 0.0955999 0.0338362 0.0129347 0.00904772 0.00298487 0.0010757 0.000274878 4.68392e-05 4.48595e-06 2.05782e-07
 2.14798e-27 2.1799e-27 7.36848e-27 1.77549e-21 1.05595e-16 1.44382e-12 4.53868e-09 3.28012e-06 0.000544987 0.0208181 0.182826 0.369129 0.171764 0.029572 0.0693778 0.0969591 0.0341231 0.0124215 0.00854175 0.00270084 0.000930099 0.000240872 4.33869e-05 4.51663e-06 2.22075e-07
 2.14777e-27 2.17937e-27 7.31365e-27 1.75689e-21 1.04489e-16 1.4287e-12 4.49114e-09 3.24576e-06 0.000539278 0.0206001 0.180911 0.365263 0.16998 0.029675 0.0711722 0.0995045 0.0352447 0.013551 0.00941448 0.00290176 0.000956717 0.000236859 4.16389e-05 4.48457e-06 2.35948e-07
 2.14798e-27 2.17991e-27 7.37104e-27 1.77636e-21 1.05647e-16 1.44454e-12 4.54092e-09 3.28173e-06 0.000545255 0.0208284 0.182916 0.369311 0.171843 0.0294435 0.0685385 0.0957967 0.0339932 0.0132699 0.0092835 0.0029443 0.000998587 0.000240744 4.02624e-05 4.18766e-06 2.22168e-07
 2.14826e-27 2.18058e-27 7.44134e-27 1.8002e-21 1.07065e-16 1.46392e-12 4.60187e-09 3.32578e-06 0.000552574 0.0211079 0.185371 0.374268 0.174128 0.0292616 0.065934 0.0921146 0.0325462 0.0122591 0.00851352 0.00272383 0.000940679 0.000232992 3.92739e-05 3.94099e-06 2.01075e-07
 2.14826e-27 2.18058e-27 7.44077e-27 1.80001e-21 1.07053e-16 1.46376e-12 4.60136e-09 3.32542e-06 0.000552513 0.0211056 0.185351 0.374227 0.174112 0.0293376 0.0664106 0.0927747 0.0326213 0.0117807 0.00807806 0.00253423 0.000857176 0.000214257 3.69648e-05 3.76909e-06 1.89496e-07
 2.14824e-27 2.18054e-27 7.43619e-27 1.79845e-21 1.06961e-16 1.4625e-12 4.59739e-09 3.32254e-06 0.000552036 0.0210874 0.185191 0.373903 0.173963 0.0293605 0.0666479 0.0931092 0.0327405 0.0118272 0.00808898 0.00247992 0.00081065 0.000198133 3.38262e-05 3.49826e-06 1.78887e-07
 2.14814e-27 2.18029e-27 7.41023e-27 1.78965e-21 1.06437e-16 1.45534e-12 4.57488e-09 3.30628e-06 0.000549333 0.0209842 0.184284 0.372073 0.173118 0.029399 0.0674341 0.0942263 0.0332552 0.0124041 0.008552 0.00262385 0.000853113 0.000203239 3.3545e-05 3.4063e-06 1.74527e-07
 2.14753e-27 2.17879e-27 7.25189e-27 1.73594e-21 1.03243e-16 1.41166e-12 4.43758e-09 3.20705e-06 0.000532846 0.0203544 0.178753 0.360906 0.167976 0.0299358 0.0740772 0.103591 0.036567 0.0136625 0.00944196 0.00294574 0.000978311 0.000233254 3.79195e-05 3.73651e-06 1.86754e-07
 2.14694e-27 2.17736e-27 7.10234e-27 1.68522e-21 1.00226e-16 1.37042e-12 4.30793e-09 3.11335e-06 0.000517279 0.0197597 0.173531 0.350363 0.163113 0.0302361 0.0790883 0.11069 0.0395698 0.0163713 0.0115806 0.0036207 0.0012101 0.000293524 4.84336e-05 4.74236e-06 2.31772e-07
 2.14691e-27 2.17729e-27 7.09763e-27 1.68363e-21 1.00132e-16 1.36913e-12 4.30387e-09 3.11042e-06 0.000516791 0.0197411 0.173367 0.350032 0.162954 0.0300781 0.0782232 0.109497 0.0394881 0.0174339 0.0125841 0.00416301 0.00148617 0.000364951 6.09475e-05 6.06037e-06 2.97121e-07
 2.14599e-27 2.17505e-27 6.86132e-27 1.60348e-21 9.5365e-17 1.30395e-12 4.09897e-09 2.96234e-06 0.000492188 0.0188012 0.165114 0.333369 0.155274 0.0307153 0.0871354 0.122084 0.0442631 0.0202856 0.0148229 0.00510649 0.0019317 0.000504616 8.89169e-05 9.01351e-06 4.47936e-07
#obs catch len freq
 1.21628e-39 5.95283e-33 6.69822e-27 1.73277e-21 1.03054e-16 1.40908e-12 4.42945e-09 3.20117e-06 0.000531879 0.0203171 0.178425 0.360245 0.167654 0.0294902 0.0715566 0.100108 0.0362747 0.0165648 0.0121435 0.00431879 0.001733 0.000509547 0.000109417 1.45111e-05 9.8932e-07
 1.22789e-39 6.00969e-33 6.7622e-27 1.74932e-21 1.04038e-16 1.42254e-12 4.47176e-09 3.23175e-06 0.00053696 0.0205112 0.180129 0.363686 0.169241 0.0293871 0.0698902 0.0977498 0.0353176 0.0158068 0.0115258 0.00405088 0.00159686 0.000458377 9.58544e-05 1.23695e-05 8.15509e-07
 1.30116e-39 6.36826e-33 7.16567e-27 1.85369e-21 1.10246e-16 1.50741e-12 4.73857e-09 3.42458e-06 0.000568998 0.021735 0.190877 0.385385 0.179237 0.0284485 0.0576203 0.080437 0.0289696 0.012675 0.00918645 0.00318905 0.00123755 0.000349488 7.13023e-05 8.94164e-06 5.7276e-07
 1.14809e-39 5.6191e-33 6.3227e-27 1.63562e-21 9.72766e-17 1.33008e-12 4.18112e-09 3.02171e-06 0.000502061 0.0191781 0.168422 0.34005 0.158373 0.0309881 0.0867873 0.121493 0.0426999 0.0153674 0.0106394 0.00363778 0.00138653 0.000385439 7.70812e-05 9.43648e-06 5.87826e-07
 1.3451e-39 6.58332e-33 7.40765e-27 1.91629e-21 1.13969e-16 1.55832e-12 4.89859e-09 3.54022e-06 0.000588213 0.022469 0.197322 0.398398 0.185221 0.0275786 0.0483878 0.067471 0.0250528 0.0133097 0.00983479 0.00302011 0.00101045 0.000271969 5.3236e-05 6.3811e-06 3.88242e-07
 1.38837e-39 6.7951e-33 7.64595e-27 1.97794e-21 1.17635e-16 1.60845e-12 5.05618e-09 3.65411e-06 0.000607135 0.0231918 0.20367 0.411214 0.191148 0.0276337 0.0448613 0.062377 0.0215687 0.00663256 0.00446781 0.00171369 0.000701715 0.000173722 3.05221e-05 3.5158e-06 2.08995e-07
 1.25671e-39 6.1507e-33 6.92087e-27 1.79036e-21 1.0648e-16 1.45592e-12 4.57668e-09 3.30758e-06 0.000549559 0.0209925 0.184356 0.372219 0.173201 0.029801 0.0698447 0.0975559 0.0335035 0.00953016 0.00602011 0.0017061 0.000529314 0.000154017 3.01067e-05 3.21205e-06 1.77917e-07
 1.26482e-39 6.1904e-33 6.96553e-27 1.80192e-21 1.07167e-16 1.46531e-12 4.60622e-09 3.32893e-06 0.000553106 0.0211279 0.185545 0.374621 0.174286 0.0291015 0.0648512 0.0906219 0.0324857 0.0137133 0.00959631 0.00261417 0.000697724 0.000152345 2.60236e-05 3.05135e-06 1.70442e-07
 1.41232e-39 6.91231e-33 7.77785e-27 2.01205e-21 1.19664e-16 1.6362e-12 5.14339e-09 3.71714e-06 0.000617608 0.0235918 0.207184 0.418307 0.194406 0.0270608 0.0392261 0.0544771 0.0193742 0.00770501 0.00544803 0.00181487 0.000630658 0.000133073 1.81667e-05 1.71661e-06 9.34165e-08
 1.41175e-39 6.90952e-33 7.77471e-27 2.01124e-21 1.19616e-16 1.63553e-12 5.14132e-09 3.71564e-06 0.000617359 0.0235823 0.2071 0.418139 0.194343 0.0274495 0.0416498 0.0578293 0.0196863 0.00503441 0.0031042 0.00100075 0.000354398 9.08127e-05 1.47011e-05 1.25713e-06 5.54385e-08
 1.34288e-39 6.57248e-33 7.39545e-27 1.91313e-21 1.13781e-16 1.55575e-12 4.89052e-09 3.53439e-06 0.000587244 0.022432 0.196998 0.397743 0.184954 0.0285388 0.054447 0.0758563 0.0259038 0.00688236 0.00420638 0.00109167 0.000276631 6.69136e-05 1.18288e-05 1.19318e-06 5.44085e-08
 1.31398e-39 6.43102e-33 7.23629e-27 1.87196e-21 1.11332e-16 1.52227e-12 4.78527e-09 3.45833e-06 0.000574606 0.0219492 0.192758 0.389183 0.181004 0.0287492 0.0583114 0.0813407 0.0283521 0.00943167 0.00621165 0.00163697 0.000404364 7.78818e-05 1.0598e-05 1.05244e-06 5.35769e-08
 1.35097e-39 6.61208e-33 7.44002e-27 1.92466e-21 1.14467e-16 1.56513e-12 4.91999e-09 3.55569e-06 0.000590783 0.0225671 0.198185 0.400139 0.186045 0.0280977 0.0510317 0.0710963 0.0249565 0.00887462 0.0060162 0.0017619 0.000518447 0.000102565 1.25316e-05 9.78816e-07 4.35035e-08
 1.32003e-39 6.46066e-33 7.26963e-27 1.88059e-21 1.11845e-16 1.52928e-12 4.80732e-09 3.47426e-06 0.000577253 0.0220503 0.193646 0.390976 0.181831 0.0286792 0.0573439 0.0799691 0.027753 0.00884886 0.00584357 0.00177288 0.000561866 0.000124981 1.74404e-05 1.33884e-06 5.04558e-08
 1.27765e-39 6.2532e-33 7.0362e-27 1.8202e-21 1.08254e-16 1.48018e-12 4.65295e-09 3.3627e-06 0.000558717 0.0213423 0.187428 0.378422 0.176046 0.0291983 0.0642965 0.0897876 0.0314738 0.0110491 0.00744824 0.00214121 0.000634254 0.00014613 2.24964e-05 1.95043e-06 7.79681e-08
 1.1586e-39 5.67052e-33 6.38057e-27 1.65059e-21 9.81669e-17 1.34226e-12 4.21939e-09 3.04936e-06 0.000506656 0.0193536 0.169963 0.343162 0.159802 0.0307229 0.0842308 0.117919 0.0418475 0.0163437 0.0113695 0.00342893 0.00107177 0.000236826 3.53118e-05 3.24496e-06 1.43672e-07
 1.25392e-39 6.13705e-33 6.90551e-27 1.78639e-21 1.06243e-16 1.45268e-12 4.56653e-09 3.30024e-06 0.000548339 0.0209459 0.183947 0.371393 0.172781 0.0287802 0.0638625 0.0893013 0.0329989 0.0170503 0.0126084 0.00403452 0.00137212 0.000319915 4.88652e-05 4.37917e-06 1.96646e-07
 1.2251e-39 5.99603e-33 6.74683e-27 1.74534e-21 1.03802e-16 1.41931e-12 4.4616e-09 3.22441e-06 0.00053574 0.0204646 0.17972 0.36286 0.168869 0.0296548 0.0717731 0.100362 0.0356646 0.014106 0.0101304 0.00382728 0.00156211 0.000396005 6.56872e-05 6.16011e-06 2.7793e-07
 1.27222e-39 6.22664e-33 7.00632e-27 1.81247e-21 1.07794e-16 1.47389e-12 4.63319e-09 3.34842e-06 0.000556344 0.0212516 0.186632 0.376815 0.175291 0.0288593 0.0627112 0.0876178 0.0315766 0.0138728 0.00997114 0.00322835 0.00118774 0.000350293 6.86515e-05 7.09838e-06 3.41171e-07
 1.23742e-39 6.05632e-33 6.81467e-27 1.76289e-21 1.04846e-16 1.43358e-12 4.50646e-09 3.25682e-06 0.000541126 0.0206703 0.181527 0.366508 0.170552 0.0295589 0.0700883 0.09798 0.0347384 0.0134748 0.00950251 0.00325186 0.00121598 0.000318291 6.20449e-05 7.42743e-06 4.05185e-07
 1.24481e-39 6.09248e-33 6.85535e-27 1.77341e-21 1.05472e-16 1.44213e-12 4.53336e-09 3.27627e-06 0.000544357 0.0207937 0.18261 0.368696 0.171553 0.0292723 0.0676794 0.0946191 0.0340283 0.0147246 0.010538 0.00336764 0.00118493 0.000318301 5.99696e-05 6.87313e-06 4.03192e-07
 1.26785e-39 6.20522e-33 6.98221e-27 1.80623e-21 1.07423e-16 1.46882e-12 4.61725e-09 3.3369e-06 0.00055443 0.0211785 0.18599 0.375518 0.174696 0.0289951 0.0639307 0.0893225 0.0319816 0.0134003 0.00960102 0.0032576 0.00120213 0.000305979 5.5531e-05 6.27809e-06 3.58132e-07
 1.24966e-39 6.11622e-33 6.88206e-27 1.78032e-21 1.05883e-16 1.44775e-12 4.55103e-09 3.28904e-06 0.000546478 0.0208748 0.183322 0.370132 0.172219 0.0293449 0.0676895 0.0946065 0.0336561 0.0134143 0.00948509 0.00316375 0.00116593 0.00031164 5.72437e-05 6.21602e-06 3.45066e-07
 1.25347e-39 6.13484e-33 6.90302e-27 1.78575e-21 1.06205e-16 1.45216e-12 4.56488e-09 3.29905e-06 0.000548142 0.0209383 0.18388 0.371259 0.172735 0.0292058 0.066501 0.0929473 0.0332915 0.0139819 0.00996363 0.00323015 0.00114772 0.000302781 5.66057e-05 6.30538e-06 3.45046e-07
 1.24981e-39 6.11697e-33 6.88291e-27 1.78054e-21 1.05896e-16 1.44793e-12 4.55159e-09 3.28944e-06 0.000546545 0.0208773 0.183345 0.370178 0.172238 0.0292663 0.0671962 0.0939243 0.0335932 0.0139599 0.00996292 0.00332504 0.0012105 0.00031101 5.64348e-05 6.29196e-06 3.50468e-07
 1.25482e-39 6.14149e-33 6.9105e-27 1.78768e-21 1.0632e-16 1.45374e-12 4.56983e-09 3.30263e-06 0.000548736 0.020961 0.18408 0.371662 0.17292 0.0291746 0.0661888 0.0925078 0.0331411 0.0139434 0.00996947 0.00331008 0.00120784 0.000318 5.80317e-05 6.31392e-06 3.47536e-07
 1.1858e-39 5.80365e-33 6.53036e-27 1.68934e-21 1.00471e-16 1.37377e-12 4.31844e-09 3.12095e-06 0.00051855 0.0198079 0.173953 0.351217 0.163505 0.0301526 0.078321 0.109611 0.0392058 0.0162983 0.0116344 0.00388987 0.0014283 0.000375833 6.93501e-05 7.6405e-06 4.16737e-07
 1.18512e-39 5.80032e-33 6.52661e-27 1.68837e-21 1.00414e-16 1.37298e-12 4.31597e-09 3.11916e-06 0.000518253 0.0197966 0.173854 0.351016 0.163397 0.0297527 0.0759405 0.106325 0.0389911 0.0192394 0.0141805 0.00471385 0.00172201 0.000455663 8.4521e-05 9.37355e-06 5.16363e-07
 1.1587e-39 5.67104e-33 6.38114e-27 1.65074e-21 9.81757e-17 1.34238e-12 4.21977e-09 3.04964e-06 0.000506702 0.0193553 0.169979 0.343192 0.159791 0.0300514 0.0801217 0.112222 0.0411028 0.0201428 0.0150361 0.00554073 0.00223607 0.000595641 0.00011041 1.23098e-05 6.82507e-07
#spawning biomass
 4539.92 2286.82 2264.92 2070.06 2372.71 3482.86 3805.37 4124.55 6482.05 11577.4 16953.6 19284.2 25130.9 33178.2 40436.4 36874.7 34271.4 31891.8 29337.3 31771.4 32134.6 33568.9 35897.8 38021.5 44721.9 48456.1 49961.5 46410.5 49188.7 144169 212569 198130 134077 84836.4 55482.7 39392.1 30962.5 26671 24527 23469.6 22952.5 22701.1 22579.4 22520.7 22492.4 22478.8 22472.3 22469.1 22467.6 22466.9 22466.6 22466.4 22466.3 22466.3 22466.3 22466.3 22466.3 22466.3 22466.3 22466.3 22466.3 22466.3 22466.3 22466.3 22466.3 22466.3 22466.3 22466.3 22466.3 22466.3 22466.3 22466.3 22466.3 22466.3 22466.3 22466.3 22466.3 22466.3 22466.3 22466.3 22466.3 22466.3 22466.3 22466.3 22466.3 22466.3 22466.3 22466.3 22466.3 22466.3 22466.3 22466.3 22466.3 22466.3 22466.3 22466.3 22466.3 22466.3 22466.3 22466.3 22466.3 22466.3 22466.3 22466.3 22466.3 22466.3 22466.3 22466.3 22466.3 22466.3 22466.3 22466.3 22466.3 22466.3 22466.3 22466.3 22466.3 22466.3 22466.3 22466.3 22466.3 22466.3 22466.3 22466.3 22466.3 22466.3 22466.3 22466.3 22466.3 0 0 0 0 0 0 0 0 0 0 0 0 0 0 0 0 0 0 0 0 0 0 0 0 0
