SBPRF35
0.178135
Curr Bio
176538
B35
204206
F35
0.660148
FOFL
0.660148
OFL
84006.6
Bzero
50895.7
#pred survey bio
 5157.82 8674.19 11029 12222 20673.1 32295.9 30598 35630.3 46821.5 60674.4 75808.4 102124 131600 151910 154067 133320 123240 122622 117764 114147 117516 123685 134096 134419 149297 153386 158294 193606 5.93181e+06 5.19374e+06 3.21624e+06 1.83422e+06 1.11548e+06 771701 608994 529479 488477 466120 453365 445861 441365 438643 436980 435957 435345 434978 434757 434624 434544 434495 434466 434448 434438 434431 434427 434425 434424 434423 434422 434422 434422 434422 434422 434422 434422 434422 434422 434422 434422 434422 434422 434422 434422 434422 434422 434422 434422 434422 434422 434422 434422 434422 434422 434422 434422 434422 434422 434422 434422 434422 434422 434422 434422 434422 434422 434422 434422 434422 434422 434422 434422 434422 434422 434422 434422 434422 434422 434422 434422 434422 434422 434422 434422 434422 434422 434422 434422 434422 434422 434422 434422 434422 434422 434422 434422 434422 434422 434422 0 0 0 0 0 0 0 0 0 0 0 0 0 0 0 0 0 0 0 0 0 0 0 0 0
#obs survey bio
 3818.92 12487.2 11118.6 10878.8 27541.5 31054.5 29475.8 30241.1 36330.9 76492.7 79960.2 106632 129186 120145 128922 112445 79735.7 130131 115688 125159 105265 129622 145085 167172 177402 151786 133917 135907
#pred catch bio
 1780.21 4645.98 6601.39 6978.6 9674.06 20173.6 19521 21923.7 28629.7 37537.5 44949.8 61157.1 83480.6 99166.3 108187 94321.6 85507.9 86509.2 84619.6 82004.6 85030.9 87600.3 99153.3 96252.4 110877 113119 108170 98331.8 84006.6 91265.4 52040.1 26314.3 14305.6 9363.8 7479.95 6798.05 6560.1 6479.26 6452.32 6443.48 6440.61 6439.69 6439.39 6439.3 6439.27 6439.26 6439.26 6439.26 6439.26 6439.26 6439.26 6439.26 6439.26 6439.26 6439.26 6439.26 6439.26 6439.26 6439.26 6439.26 6439.26 6439.26 6439.26 6439.26 6439.26 6439.26 6439.26 6439.26 6439.26 6439.26 6439.26 6439.26 6439.26 6439.26 6439.26 6439.26 6439.26 6439.26 6439.26 6439.26 6439.26 6439.26 6439.26 6439.26 6439.26 6439.26 6439.26 6439.26 6439.26 6439.26 6439.26 6439.26 6439.26 6439.26 6439.26 6439.26 6439.26 6439.26 6439.26 6439.26 6439.26 6439.26 6439.26 6439.26 6439.26 6439.26 6439.26 6439.26 6439.26 6439.26 6439.26 6439.26 6439.26 6439.26 6439.26 6439.26 6439.26 6439.26 6439.26 6439.26 6439.26 6439.26 6439.26 6439.26 6439.26 6439.26 6439.26 6439.26 0 0 0 0 0 0 0 0 0 0 0 0 0 0 0 0 0 0 0 0 0 0 0 0 0
#obs catch bio
 4645.05 4604.77 6465.32 6996.93 9467.42 19765 19543.6 21789.8 28494.5 36807.5 43287 59099.1 79934.8 98474.1 107698 93907.9 85001.2 85085.4 83417.7 80115.9 83778.6 84409.1 95551.9 92072.4 106486 108972 104548 97422.4
#pred cpue bio
 4133.1 6567.16 8429.99 9317.78 14447.2 24820.9 23918.8 25895.3 34326.8 44656.8 55991.4 75093.6 97648.4 113045 117053 100870 91364.5 90883.6 87300.3 83538.4 85143 89101.2 97209.2 96755.6 107025 109907 113787 138876 4.64316e+06 5.06159e+06 3.17221e+06 1.78381e+06 1.06408e+06 720212 557497 477981 436980 414622 401867 394363 389867 387145 385483 384460 383848 383480 383259 383126 383046 382998 382969 382951 382940 382934 382930 382928 382926 382925 382925 382925 382924 382924 382924 382924 382924 382924 382924 382924 382924 382924 382924 382924 382924 382924 382924 382924 382924 382924 382924 382924 382924 382924 382924 382924 382924 382924 382924 382924 382924 382924 382924 382924 382924 382924 382924 382924 382924 382924 382924 382924 382924 382924 382924 382924 382924 382924 382924 382924 382924 382924 382924 382924 382924 382924 382924 382924 382924 382924 382924 382924 382924 382924 382924 382924 382924 382924 382924 382924 0 0 0 0 0 0 0 0 0 0 0 0 0 0 0 0 0 0 0 0 0 0 0 0 0
#obs cpue bio
 6646.37 8474.23 10016.6 8753.97 20196 27130.3 26910.1 30317.3 48557.2 57002.8 113291 114342 205900 112573 155380 133641 148623 122160 109939 117267 113426 176370 158263 163046 165727 195823 231583 199052
#pred surv len freq
 2.56991e-27 2.60647e-27 4.8959e-26 9.78829e-20 2.39948e-14 7.11009e-10 2.54671e-06 0.00110263 0.0577077 0.365074 0.279349 0.0367948 0.0838082 0.0773208 0.0197081 0.0257548 0.0119936 0.0104938 0.00701883 0.00570063 0.00469004 0.00418667 0.00428631 0.00383382 0.00117288
 2.57071e-27 2.60838e-27 5.03399e-26 1.00795e-19 2.47086e-14 7.32161e-10 2.62248e-06 0.00113543 0.0594245 0.375935 0.28768 0.0391212 0.0956609 0.0880074 0.0172574 0.0172971 0.0066775 0.00415436 0.0022801 0.00156299 0.00111725 0.000883735 0.000817231 0.000737653 0.000247854
 2.56988e-27 2.60606e-27 4.81861e-26 9.62507e-20 2.35947e-14 6.99153e-10 2.50425e-06 0.00108424 0.0567454 0.358987 0.274761 0.040578 0.115824 0.106527 0.0190172 0.0165904 0.00556642 0.00225661 0.000909368 0.000447868 0.000250983 0.000165513 0.00013214 0.00011403 3.9839e-05
 2.56993e-27 2.60622e-27 4.83447e-26 9.65855e-20 2.36768e-14 7.01585e-10 2.51296e-06 0.00108802 0.0569428 0.360236 0.275712 0.04044 0.114105 0.104985 0.0195586 0.0182001 0.00585295 0.00193811 0.000605959 0.000189145 6.83033e-05 3.2567e-05 2.06599e-05 1.5963e-05 5.56802e-06
 2.57275e-27 2.61388e-27 5.51129e-26 1.10864e-19 2.71769e-14 8.05299e-10 2.88445e-06 0.00124886 0.0653606 0.413489 0.316344 0.0384683 0.0705537 0.0647869 0.0122778 0.0117115 0.00384085 0.00138336 0.000402985 9.74511e-05 2.16524e-05 5.87123e-06 2.44929e-06 1.52779e-06 5.10017e-07
 2.56949e-27 2.60493e-27 4.71211e-26 9.40038e-20 2.30439e-14 6.82832e-10 2.44579e-06 0.00105893 0.0554208 0.350607 0.268377 0.0414871 0.127228 0.116934 0.0187621 0.0133771 0.00441484 0.00166975 0.000505441 0.000127409 2.30861e-05 3.66938e-06 7.40789e-07 2.97827e-07 8.91165e-08
 2.56892e-27 2.60348e-27 4.59233e-26 9.14774e-20 2.24246e-14 6.6448e-10 2.38006e-06 0.00103047 0.0539313 0.341184 0.261175 0.0410664 0.129086 0.118847 0.0226908 0.0218394 0.00672566 0.00174173 0.00051402 0.000136023 2.58367e-05 3.5203e-06 3.64704e-07 6.20358e-08 1.4171e-08
 2.57161e-27 2.61079e-27 5.2396e-26 1.05132e-19 2.57718e-14 7.63666e-10 2.73532e-06 0.00118429 0.0619815 0.392112 0.300032 0.0391653 0.0873189 0.0802814 0.0154483 0.0150497 0.00497251 0.00183865 0.000495396 9.63526e-05 1.82781e-05 2.60197e-06 2.23935e-07 1.50358e-08 1.70738e-09
 2.57119e-27 2.60956e-27 5.12288e-26 1.02669e-19 2.51682e-14 7.45778e-10 2.67125e-06 0.00115655 0.0605297 0.382927 0.293035 0.0402003 0.100111 0.0919276 0.0146475 0.0102825 0.00339125 0.00128152 0.00039213 9.81992e-05 1.50147e-05 1.85569e-06 1.62688e-07 7.72655e-09 3.02563e-10
 2.57108e-27 2.60928e-27 5.09893e-26 1.02164e-19 2.50443e-14 7.42108e-10 2.65811e-06 0.00115086 0.0602318 0.381043 0.291595 0.040123 0.100534 0.0923654 0.0155799 0.0122835 0.00376105 0.000957132 0.000281613 7.47324e-05 1.4222e-05 1.71992e-06 1.24995e-07 5.61376e-09 1.21979e-10
 2.57097e-27 2.60896e-27 5.07131e-26 1.01582e-19 2.49015e-14 7.37876e-10 2.64295e-06 0.0011443 0.0598883 0.37887 0.289937 0.0402042 0.102317 0.0940076 0.0158232 0.0124305 0.00389034 0.00112377 0.000293118 5.61328e-05 1.06352e-05 1.50973e-06 1.16004e-07 4.43554e-09 8.18117e-11
 2.57114e-27 2.60945e-27 5.11561e-26 1.02516e-19 2.51306e-14 7.44664e-10 2.66726e-06 0.00115482 0.0604392 0.382355 0.292595 0.0399515 0.0985273 0.0905384 0.0157118 0.0130505 0.00408953 0.00118588 0.000321955 6.57298e-05 9.67508e-06 1.18496e-06 1.02695e-07 4.17899e-09 6.75437e-11
 2.57082e-27 2.60857e-27 5.03701e-26 1.00858e-19 2.47241e-14 7.32619e-10 2.62412e-06 0.00113614 0.0594617 0.376171 0.287877 0.0402679 0.104249 0.095797 0.0162548 0.012968 0.00410994 0.00127179 0.00034835 7.2218e-05 1.12667e-05 1.20973e-06 8.6061e-08 3.75976e-09 6.38943e-11
 2.57071e-27 2.60828e-27 5.01101e-26 1.00309e-19 2.45897e-14 7.28635e-10 2.60985e-06 0.00112997 0.0591383 0.374125 0.286317 0.0403681 0.106108 0.0975091 0.0164956 0.0130835 0.00410255 0.00120055 0.000333746 7.30347e-05 1.1582e-05 1.29113e-06 8.44556e-08 3.08632e-09 5.39869e-11
 2.56995e-27 2.6062e-27 4.82657e-26 9.64185e-20 2.36358e-14 7.00372e-10 2.50862e-06 0.00108613 0.0568444 0.359613 0.275246 0.040977 0.11852 0.10895 0.0182833 0.0142807 0.00446761 0.00129116 0.000351599 7.39259e-05 1.21601e-05 1.40719e-06 9.45289e-08 3.21305e-09 4.85151e-11
 2.57011e-27 2.60664e-27 4.86565e-26 9.7243e-20 2.38379e-14 7.06361e-10 2.53007e-06 0.00109542 0.0573304 0.362688 0.277591 0.0408292 0.115748 0.1064 0.0179849 0.0142407 0.004432 0.00124117 0.000335209 6.92741e-05 1.09987e-05 1.27852e-06 8.97226e-08 3.11634e-09 4.3968e-11
 2.57083e-27 2.60858e-27 5.0367e-26 1.00851e-19 2.47225e-14 7.32572e-10 2.62395e-06 0.00113607 0.0594578 0.376147 0.287861 0.0403651 0.105 0.0964711 0.0160236 0.0122663 0.00382461 0.00108587 0.000290865 5.84532e-05 9.13329e-06 1.03031e-06 7.17117e-08 2.58566e-09 3.7111e-11
 2.57081e-27 2.60851e-27 5.02905e-26 1.0069e-19 2.46829e-14 7.31399e-10 2.61975e-06 0.00113425 0.0593626 0.375544 0.287403 0.0405236 0.106528 0.0978503 0.0157124 0.011207 0.00346799 0.000949123 0.00025413 5.15074e-05 7.89204e-06 8.6861e-07 5.87874e-08 2.09815e-09 3.09954e-11
 2.57079e-27 2.60846e-27 5.0244e-26 1.00592e-19 2.46589e-14 7.30687e-10 2.6172e-06 0.00113315 0.0593048 0.375178 0.287124 0.0405718 0.107091 0.0983636 0.0156982 0.0110425 0.00337059 0.00084691 0.000221454 4.35572e-05 6.69053e-06 7.30126e-07 4.80696e-08 1.66833e-09 2.44107e-11
 2.57122e-27 2.60962e-27 5.1263e-26 1.02742e-19 2.51859e-14 7.46302e-10 2.67313e-06 0.00115736 0.0605722 0.383196 0.293242 0.0402812 0.100581 0.0923533 0.0145817 0.0100081 0.00304444 0.000749114 0.000190432 3.46902e-05 5.1448e-06 5.53638e-07 3.62217e-08 1.22491e-09 1.7439e-11
 2.57152e-27 2.61044e-27 5.1985e-26 1.04265e-19 2.55592e-14 7.57365e-10 2.71276e-06 0.00117452 0.0614701 0.388877 0.297577 0.0401352 0.0964241 0.0885014 0.0136078 0.00875566 0.00264904 0.000633458 0.000159409 2.83027e-05 3.95829e-06 4.00789e-07 2.55942e-08 8.56853e-10 1.19137e-11
 2.57169e-27 2.61088e-27 5.23652e-26 1.05067e-19 2.57558e-14 7.63191e-10 2.73362e-06 0.00118355 0.061943 0.391868 0.299861 0.0400828 0.0944211 0.0866395 0.0130344 0.00791493 0.0023678 0.000526013 0.000129763 2.24331e-05 3.0719e-06 2.95863e-07 1.76292e-08 5.70437e-10 7.81732e-12
 2.57149e-27 2.61034e-27 5.18884e-26 1.04061e-19 2.55093e-14 7.55885e-10 2.70745e-06 0.00117222 0.06135 0.388116 0.296998 0.0402333 0.0975772 0.0895511 0.0135358 0.0083242 0.00247296 0.000518466 0.000124222 2.01032e-05 2.67105e-06 2.50118e-07 1.42126e-08 4.29456e-10 5.64982e-12
 2.5717e-27 2.61092e-27 5.23973e-26 1.05134e-19 2.57724e-14 7.63682e-10 2.73538e-06 0.00118432 0.0619828 0.39212 0.300054 0.040108 0.0944774 0.086684 0.0129071 0.00761237 0.00226028 0.00047516 0.000112313 1.71765e-05 2.16123e-06 1.91676e-07 1.05218e-08 3.0293e-10 3.73351e-12
 2.57184e-27 2.61128e-27 5.27217e-26 1.05819e-19 2.59402e-14 7.68654e-10 2.75319e-06 0.00119203 0.0623863 0.394673 0.302001 0.039974 0.0920897 0.0844898 0.0126847 0.00765686 0.00226468 0.000459048 0.000107853 1.64724e-05 2.00128e-06 1.66515e-07 8.58158e-09 2.36457e-10 2.77357e-12
 2.57183e-27 2.61126e-27 5.26869e-26 1.05745e-19 2.59221e-14 7.6812e-10 2.75128e-06 0.0011912 0.062343 0.394398 0.301793 0.0400799 0.0930418 0.0853454 0.0124189 0.00683568 0.00202097 0.000415644 9.70893e-05 1.43584e-05 1.7321e-06 1.41014e-07 6.82731e-09 1.7576e-10 1.95894e-12
 2.57173e-27 2.611e-27 5.24555e-26 1.05257e-19 2.58025e-14 7.64575e-10 2.73858e-06 0.0011857 0.0620553 0.392578 0.300404 0.0401433 0.0944998 0.0866934 0.012704 0.00714505 0.00209103 0.000391671 9.01065e-05 1.34616e-05 1.5958e-06 1.26977e-07 6.02665e-09 1.46579e-10 1.52418e-12
 2.57183e-27 2.61128e-27 5.27305e-26 1.05837e-19 2.59448e-14 7.6879e-10 2.75368e-06 0.00119224 0.0623973 0.394742 0.302053 0.0398906 0.0914183 0.0838902 0.0129404 0.00839031 0.00247435 0.00048199 0.000109528 1.50991e-05 1.76941e-06 1.40174e-07 6.49036e-09 1.54043e-10 1.52098e-12
#obs surv len freq
 1.77431e-41 2.46262e-33 4.13156e-26 8.37873e-20 2.05395e-14 6.08622e-10 2.17999e-06 0.000943858 0.0493978 0.312505 0.23936 0.0440568 0.151459 0.128256 0.035679 0.0271751 0.0081171 0.00250927 0.000481581 5.49464e-05 2.73177e-06 4.33015e-08 1.63248e-10 1.17778e-13 1.40643e-17
 2.17899e-41 3.0243e-33 5.07389e-26 1.02897e-19 2.52241e-14 7.47436e-10 2.67719e-06 0.00115913 0.0606644 0.38378 0.293757 0.0420178 0.0969471 0.0775837 0.0220857 0.0158712 0.00456156 0.00131541 0.000230309 2.29679e-05 9.44271e-07 1.17066e-08 3.31032e-11 1.74232e-14 1.4923e-18
 1.7229e-41 2.39127e-33 4.01185e-26 8.13596e-20 1.99443e-14 5.90987e-10 2.11682e-06 0.00091651 0.0479665 0.303451 0.232641 0.0512427 0.181933 0.135886 0.0266316 0.0141659 0.00392476 0.00105593 0.000167956 1.4476e-05 4.88642e-07 4.72182e-09 1.00005e-11 3.84213e-15 2.36433e-19
 2.08899e-41 2.89937e-33 4.8643e-26 9.86471e-20 2.41822e-14 7.16562e-10 2.56661e-06 0.00111125 0.0581585 0.367928 0.281776 0.0458393 0.113612 0.0814917 0.0280942 0.0178461 0.00337905 0.000660264 9.41399e-05 6.9693e-06 1.91294e-07 1.43306e-09 2.27071e-12 6.37164e-16 2.82099e-20
 2.37173e-41 3.2918e-33 5.52268e-26 1.11999e-19 2.74552e-14 8.13548e-10 2.914e-06 0.00126166 0.0660302 0.417726 0.319772 0.0442841 0.0790483 0.0520521 0.0116327 0.00607148 0.00173397 0.000349182 3.24663e-05 1.87557e-06 4.14423e-08 2.39212e-10 2.82705e-13 5.7937e-17 1.84803e-21
 1.31558e-41 1.82594e-33 3.06339e-26 6.21249e-20 1.52292e-14 4.51269e-10 1.61637e-06 0.000699833 0.0366265 0.231713 0.178526 0.0712707 0.272778 0.166766 0.0282055 0.0108919 0.00207113 0.0004039 4.35247e-05 1.78817e-06 2.76214e-08 1.19778e-10 1.05139e-13 1.57121e-17 3.61101e-22
 2.20902e-41 3.06598e-33 5.14382e-26 1.04316e-19 2.55717e-14 7.57737e-10 2.71409e-06 0.00117511 0.0615005 0.38907 0.298029 0.0467759 0.0893393 0.0568477 0.0359237 0.0184782 0.00252118 0.000308694 2.60061e-05 1.05057e-06 1.22593e-08 3.56785e-11 2.21229e-14 2.38612e-18 3.94457e-23
 1.99232e-41 2.76521e-33 4.63921e-26 9.40822e-20 2.30632e-14 6.83403e-10 2.44784e-06 0.00105983 0.0554673 0.350905 0.269359 0.0608741 0.154288 0.0821189 0.0156716 0.0072066 0.00265006 0.000377735 1.93861e-05 5.39054e-07 5.28828e-09 1.17776e-11 4.95567e-15 3.61719e-19 4.16948e-24
 2.02672e-41 2.81296e-33 4.71931e-26 9.57068e-20 2.34614e-14 6.95204e-10 2.49011e-06 0.00107813 0.056425 0.356964 0.274082 0.0614943 0.143394 0.0737097 0.0228327 0.00847503 0.00127831 0.000243653 1.90791e-05 3.81974e-07 2.37237e-09 3.92575e-12 1.24996e-15 6.45048e-20 5.03444e-25
 1.98747e-41 2.75848e-33 4.62792e-26 9.38533e-20 2.3007e-14 6.8174e-10 2.44188e-06 0.00105725 0.0553323 0.350053 0.269085 0.0668328 0.153351 0.0732278 0.0216139 0.00784456 0.00143012 0.000158788 1.04682e-05 2.64552e-07 1.38631e-09 1.47461e-12 3.15945e-16 1.1772e-20 6.66007e-26
 2.09606e-41 2.90919e-33 4.88077e-26 9.8981e-20 2.4264e-14 7.18988e-10 2.5753e-06 0.00111501 0.0583554 0.369179 0.283753 0.0659705 0.133692 0.0604318 0.0197173 0.00653556 0.00111767 0.000124094 5.96739e-06 1.1193e-07 5.86746e-10 5.60344e-13 8.56809e-17 2.09034e-21 7.95448e-27
 2.04696e-41 2.84105e-33 4.76645e-26 9.66627e-20 2.36957e-14 7.02147e-10 2.51498e-06 0.0010889 0.0569886 0.360535 0.277576 0.073079 0.146347 0.0607331 0.0173958 0.00526454 0.00089603 8.94231e-05 3.84533e-06 5.42764e-08 2.02315e-10 1.61138e-13 2.1503e-17 4.18215e-22 1.13549e-27
 1.99344e-41 2.76676e-33 4.64181e-26 9.4135e-20 2.30761e-14 6.83787e-10 2.44921e-06 0.00106042 0.0554984 0.35111 0.270857 0.0797323 0.15472 0.0613669 0.0195764 0.00524463 0.000760184 6.85083e-05 2.58196e-06 3.00679e-08 8.39319e-11 4.68078e-14 4.59913e-18 7.08178e-23 1.55194e-28
 1.8603e-41 2.58197e-33 4.33179e-26 8.78479e-20 2.15349e-14 6.38118e-10 2.28563e-06 0.000989601 0.0517918 0.327667 0.253788 0.091603 0.176403 0.0673609 0.0234589 0.00601648 0.000853356 6.38234e-05 1.98817e-06 1.90643e-08 4.18551e-11 1.73789e-14 1.20793e-18 1.29924e-23 2.04459e-29
 1.68869e-41 2.34379e-33 3.93219e-26 7.97441e-20 1.95483e-14 5.79253e-10 2.07479e-06 0.000898312 0.0470141 0.297452 0.231857 0.10627 0.200932 0.0764174 0.0304647 0.00754626 0.00107011 7.3458e-05 1.87875e-06 1.39801e-08 2.37967e-11 7.52949e-15 3.88034e-19 3.0074e-24 3.33104e-30
 1.90426e-41 2.64299e-33 4.43416e-26 8.99239e-20 2.20438e-14 6.53197e-10 2.33965e-06 0.00101299 0.0530157 0.33542 0.260575 0.0957554 0.15559 0.0616605 0.0286396 0.00720362 0.00105483 6.81573e-05 1.52563e-06 9.02735e-09 1.15238e-11 2.70495e-15 1.03312e-19 5.88967e-25 4.74187e-31
 1.85864e-41 2.57967e-33 4.32793e-26 8.77695e-20 2.15157e-14 6.37549e-10 2.2836e-06 0.000988718 0.0517456 0.327398 0.255743 0.109578 0.16934 0.0574944 0.0212328 0.00555885 0.000862344 5.44362e-05 1.09536e-06 5.3924e-09 5.35022e-12 9.3007e-16 2.57672e-20 1.06214e-25 6.19068e-32
 1.83808e-41 2.55113e-33 4.28005e-26 8.67986e-20 2.12777e-14 6.30496e-10 2.25833e-06 0.000977781 0.0511732 0.323789 0.254047 0.116911 0.168239 0.0579388 0.0217495 0.00451657 0.00061644 3.85571e-05 7.15536e-07 3.00898e-09 2.39863e-12 3.20013e-16 6.57326e-21 1.96346e-26 8.19663e-33
 1.86661e-41 2.59073e-33 4.34648e-26 8.81457e-20 2.16079e-14 6.40281e-10 2.29338e-06 0.000992956 0.0519674 0.328828 0.258852 0.121126 0.159718 0.0540868 0.0199395 0.00400333 0.000459355 2.33187e-05 3.83978e-07 1.40017e-09 9.1634e-13 9.61643e-17 1.50576e-21 3.34923e-27 1.02261e-33
 1.93931e-41 2.69164e-33 4.51578e-26 9.15792e-20 2.24496e-14 6.65222e-10 2.38271e-06 0.00103163 0.0539917 0.341649 0.269381 0.121555 0.144831 0.0475153 0.0165502 0.00314798 0.000331289 1.37868e-05 1.75823e-07 5.17946e-10 2.7673e-13 2.31577e-17 2.81394e-22 4.75252e-28 1.08357e-34
 1.93446e-41 2.6849e-33 4.50447e-26 9.13498e-20 2.23933e-14 6.63556e-10 2.37675e-06 0.00102905 0.0538565 0.340821 0.270391 0.130114 0.143266 0.0440277 0.0138431 0.00241308 0.000227777 8.13034e-06 8.14943e-08 1.79436e-10 7.24411e-14 4.67251e-18 4.38822e-23 5.67547e-29 9.7862e-36
 1.97407e-41 2.73988e-33 4.59672e-26 9.32205e-20 2.28519e-14 6.77144e-10 2.42542e-06 0.00105012 0.0549595 0.347825 0.276913 0.13199 0.132637 0.0406361 0.012001 0.00183268 0.000148416 4.45264e-06 3.59078e-08 6.02518e-11 1.78345e-14 8.36421e-19 5.76819e-24 5.54172e-30 7.13973e-37
 1.9104e-41 2.65151e-33 4.44845e-26 9.02137e-20 2.21148e-14 6.55303e-10 2.34719e-06 0.00101625 0.0531869 0.336666 0.271321 0.147045 0.138429 0.0399643 0.0107555 0.00150788 0.000103054 2.48764e-06 1.58156e-08 2.04102e-11 4.51609e-15 1.54452e-19 7.65318e-25 5.26278e-31 4.87074e-38
 1.95709e-41 2.71631e-33 4.55717e-26 9.24185e-20 2.26553e-14 6.71318e-10 2.40455e-06 0.00104109 0.0544868 0.344929 0.278875 0.145765 0.125768 0.0380713 0.00977863 0.00120933 7.05338e-05 1.36796e-06 6.65459e-09 6.46459e-12 1.06631e-15 2.68766e-20 9.69583e-26 4.80158e-32 3.17465e-39
 1.93701e-41 2.68844e-33 4.51041e-26 9.14703e-20 2.24229e-14 6.6443e-10 2.37988e-06 0.00103041 0.053928 0.34147 0.279251 0.155735 0.124123 0.0350833 0.00834686 0.000979807 4.86257e-05 7.54552e-07 2.81436e-09 2.02851e-12 2.44766e-16 4.4943e-21 1.17808e-26 4.22423e-33 2.01338e-40
 1.87223e-41 2.59854e-33 4.35958e-26 8.84115e-20 2.1673e-14 6.42212e-10 2.3003e-06 0.00099595 0.052125 0.330176 0.274779 0.169626 0.127368 0.0362014 0.00787222 0.000817515 3.54516e-05 4.4853e-07 1.28177e-09 6.86834e-13 6.04612e-17 8.00724e-22 1.50657e-27 3.87311e-34 1.32353e-41
 1.79769e-41 2.49508e-33 4.18602e-26 8.48916e-20 2.08102e-14 6.16644e-10 2.20872e-06 0.000956298 0.0500503 0.3172 0.269767 0.183883 0.131011 0.0384274 0.00793315 0.000742256 2.69607e-05 2.77356e-07 6.19309e-10 2.48784e-13 1.60223e-17 1.53334e-22 2.06926e-28 3.79711e-35 9.23682e-43
 1.83256e-41 2.54347e-33 4.26721e-26 8.65381e-20 2.12138e-14 6.28603e-10 2.25156e-06 0.000974846 0.0510215 0.323462 0.276937 0.181794 0.121159 0.0367082 0.00728701 0.000633924 1.96109e-05 1.60957e-07 2.77583e-10 8.44131e-14 4.03045e-18 2.80969e-23 2.73074e-29 3.5855e-36 6.21729e-44
#pred catch len freq
 2.56737e-27 2.59969e-27 4.31119e-26 8.55487e-20 2.09712e-14 6.21415e-10 2.2258e-06 0.000963688 0.050436 0.319072 0.244229 0.0372245 0.111752 0.103233 0.0264837 0.0347785 0.0161732 0.014122 0.00943973 0.00766438 0.00630506 0.00562823 0.00576216 0.00515387 0.00157672
 2.56906e-27 2.60393e-27 4.64305e-26 9.25478e-20 2.2687e-14 6.72256e-10 2.40791e-06 0.00104253 0.0545624 0.345176 0.264207 0.0400511 0.119228 0.109778 0.0215061 0.0215286 0.00830026 0.00514884 0.00282397 0.00193505 0.00138306 0.00109396 0.00101163 0.000913125 0.000306813
 2.56837e-27 2.60195e-27 4.45587e-26 8.85986e-20 2.17189e-14 6.43569e-10 2.30516e-06 0.000998045 0.0522341 0.330447 0.252985 0.0416385 0.139194 0.128091 0.0228115 0.0198217 0.00664435 0.00268437 0.00108095 0.000532109 0.000298153 0.000196615 0.000156969 0.000135457 4.73248e-05
 2.56832e-27 2.60184e-27 4.44732e-26 8.84183e-20 2.16747e-14 6.4226e-10 2.30047e-06 0.000996014 0.0521278 0.329775 0.25247 0.0415464 0.138855 0.127833 0.0237719 0.0220621 0.00708967 0.00233963 0.000730997 0.000228041 8.23363e-05 3.92562e-05 2.49032e-05 1.92416e-05 6.71164e-06
 2.57133e-27 2.61002e-27 5.17041e-26 1.03672e-19 2.54141e-14 7.53064e-10 2.69735e-06 0.00116785 0.061121 0.386668 0.295879 0.0394139 0.0921278 0.0847096 0.0160603 0.0153285 0.00502352 0.00180368 0.000525129 0.000126913 2.81938e-05 7.64453e-06 3.18902e-06 1.98921e-06 6.64051e-07
 2.56804e-27 2.601e-27 4.36286e-26 8.66361e-20 2.12378e-14 6.29314e-10 2.2541e-06 0.000975938 0.0510771 0.323128 0.247412 0.0426184 0.150566 0.138448 0.0221582 0.0157104 0.00517994 0.00195225 0.000590589 0.000148784 2.69551e-05 4.28405e-06 8.64866e-07 3.4771e-07 1.04043e-07
 2.56746e-27 2.59953e-27 4.24323e-26 8.41127e-20 2.06192e-14 6.10984e-10 2.18844e-06 0.000947512 0.0495894 0.313716 0.240217 0.0420672 0.151428 0.139474 0.0265308 0.0254055 0.00781893 0.00201746 0.000594905 0.000157334 2.98802e-05 4.07097e-06 4.21746e-07 7.17385e-08 1.63873e-08
 2.57043e-27 2.60759e-27 4.95666e-26 9.91633e-20 2.43087e-14 7.2031e-10 2.58003e-06 0.00111705 0.0584626 0.36985 0.283046 0.0399563 0.105272 0.0968588 0.0185706 0.0180024 0.00594268 0.00218963 0.000589637 0.000114608 2.17371e-05 3.09418e-06 2.66291e-07 1.78797e-08 2.03032e-09
 2.56993e-27 2.60613e-27 4.81803e-26 9.62383e-20 2.35917e-14 6.99063e-10 2.50393e-06 0.0010841 0.0567381 0.358941 0.274736 0.0411916 0.120512 0.110733 0.0176004 0.0122864 0.00404828 0.00152444 0.000466168 0.000116673 1.78367e-05 2.2043e-06 1.93247e-07 9.17785e-09 3.59394e-10
 2.56983e-27 2.60587e-27 4.79686e-26 9.57917e-20 2.34822e-14 6.95819e-10 2.49231e-06 0.00107907 0.0564748 0.357275 0.273462 0.0410766 0.120531 0.110807 0.0186359 0.014611 0.0044708 0.00113362 0.000333261 8.83865e-05 1.68179e-05 2.03374e-06 1.47798e-07 6.63787e-09 1.44231e-10
 2.5696e-27 2.60524e-27 4.7414e-26 9.46217e-20 2.31954e-14 6.8732e-10 2.46187e-06 0.00106589 0.0557851 0.352912 0.270133 0.0412409 0.124121 0.114116 0.0191642 0.0149898 0.00468803 0.00134942 0.000351744 6.73165e-05 1.27517e-05 1.81007e-06 1.39079e-07 5.31782e-09 9.80848e-11
 2.56982e-27 2.60586e-27 4.79808e-26 9.58176e-20 2.34885e-14 6.96007e-10 2.49298e-06 0.00107937 0.0564901 0.357372 0.273533 0.0409268 0.119341 0.109739 0.0189946 0.0157055 0.00491806 0.00142107 0.000385543 7.86633e-05 1.15769e-05 1.41777e-06 1.2287e-07 4.99994e-09 8.08123e-11
 2.56959e-27 2.60522e-27 4.74033e-26 9.45993e-20 2.31899e-14 6.87157e-10 2.46128e-06 0.00106564 0.0557718 0.352828 0.270068 0.0411982 0.123842 0.113866 0.019257 0.0152683 0.00483509 0.00149073 0.000408046 8.45411e-05 1.31869e-05 1.41581e-06 1.0072e-07 4.40015e-09 7.4777e-11
 2.56954e-27 2.60509e-27 4.72847e-26 9.43491e-20 2.31286e-14 6.8534e-10 2.45477e-06 0.00106282 0.0556243 0.351895 0.269357 0.0412603 0.124814 0.114759 0.0193417 0.0152332 0.00477287 0.00139152 0.000386556 8.45389e-05 1.34042e-05 1.49415e-06 9.77338e-08 3.57154e-09 6.24744e-11
 2.5689e-27 2.60334e-27 4.57261e-26 9.10611e-20 2.23225e-14 6.61457e-10 2.36923e-06 0.00102578 0.0536859 0.339632 0.260001 0.0417927 0.135439 0.124549 0.0208018 0.0160988 0.00503214 0.00144869 0.000394208 8.28318e-05 1.36227e-05 1.57634e-06 1.05889e-07 3.59917e-09 5.43452e-11
 2.5691e-27 2.60389e-27 4.62155e-26 9.20934e-20 2.25756e-14 6.68955e-10 2.39609e-06 0.00103741 0.0542945 0.343482 0.262938 0.0416112 0.131993 0.121379 0.020415 0.0160127 0.00497938 0.00138904 0.000374862 7.74195e-05 1.22898e-05 1.4285e-06 1.00246e-07 3.48183e-09 4.91245e-11
 2.56984e-27 2.60589e-27 4.79789e-26 9.58134e-20 2.34875e-14 6.95977e-10 2.49287e-06 0.00107932 0.0564876 0.357356 0.273525 0.0411365 0.120943 0.11117 0.0183803 0.0139418 0.00434342 0.00122841 0.000328806 6.60358e-05 1.03162e-05 1.16367e-06 8.09924e-08 2.92028e-09 4.19135e-11
 2.56987e-27 2.60595e-27 4.80096e-26 9.58782e-20 2.35034e-14 6.96447e-10 2.49456e-06 0.00108005 0.0565258 0.357598 0.273712 0.0412799 0.121903 0.112021 0.0179065 0.0126441 0.00390941 0.00106576 0.000285143 5.7756e-05 8.84791e-06 9.73744e-07 6.59015e-08 2.35205e-09 3.47461e-11
 2.5699e-27 2.60604e-27 4.80899e-26 9.60475e-20 2.35449e-14 6.97677e-10 2.49896e-06 0.00108195 0.0566256 0.358229 0.274194 0.0412923 0.121658 0.111789 0.0177562 0.0123564 0.00376862 0.000943184 0.000246427 4.84376e-05 7.43884e-06 8.11728e-07 5.3441e-08 1.85475e-09 2.71383e-11
 2.57038e-27 2.60732e-27 4.92218e-26 9.84354e-20 2.41303e-14 7.15023e-10 2.56109e-06 0.00110885 0.0580334 0.367135 0.280989 0.0409688 0.114422 0.105108 0.0165179 0.011213 0.00340823 0.000835312 0.000212172 3.86251e-05 5.72728e-06 6.16273e-07 4.03188e-08 1.36345e-09 1.94114e-11
 2.57074e-27 2.6083e-27 5.00756e-26 1.00236e-19 2.45718e-14 7.28105e-10 2.60795e-06 0.00112914 0.0590953 0.373853 0.286116 0.0407899 0.109459 0.100511 0.0153845 0.00978419 0.00295782 0.000704485 0.000177136 3.14292e-05 4.39472e-06 4.44944e-07 2.84133e-08 9.51228e-10 1.32259e-11
 2.57086e-27 2.60863e-27 5.03594e-26 1.00835e-19 2.47185e-14 7.32454e-10 2.62353e-06 0.00113589 0.0594482 0.376086 0.287821 0.040778 0.108171 0.0993057 0.0148802 0.0089355 0.00267107 0.000591058 0.000145682 2.51686e-05 3.44581e-06 3.3185e-07 1.97731e-08 6.39803e-10 8.76791e-12
 2.57076e-27 2.60835e-27 5.01176e-26 1.00325e-19 2.45935e-14 7.28749e-10 2.61026e-06 0.00113014 0.0591475 0.374183 0.286369 0.0408498 0.109737 0.100752 0.0151586 0.00920513 0.00273256 0.0005706 0.000136587 2.20894e-05 2.93436e-06 2.74752e-07 1.56121e-08 4.71741e-10 6.20609e-12
 2.57091e-27 2.60875e-27 5.04664e-26 1.01061e-19 2.47739e-14 7.34094e-10 2.6294e-06 0.00113843 0.0595814 0.376928 0.288464 0.0407827 0.107754 0.0989136 0.0146688 0.00855093 0.00253704 0.000531244 0.000125457 1.91738e-05 2.41206e-06 2.13903e-07 1.17416e-08 3.38049e-10 4.16632e-12
 2.57116e-27 2.60943e-27 5.10707e-26 1.02336e-19 2.50864e-14 7.43354e-10 2.66257e-06 0.00115279 0.0603329 0.381682 0.29209 0.0405517 0.103448 0.0949524 0.0141896 0.00845472 0.00249874 0.000504462 0.000118411 1.80728e-05 2.19527e-06 1.8264e-07 9.41238e-09 2.59347e-10 3.04206e-12
 2.57113e-27 2.60935e-27 5.09841e-26 1.02153e-19 2.50416e-14 7.42026e-10 2.65781e-06 0.00115073 0.0602252 0.381001 0.291572 0.0406852 0.104829 0.0962001 0.0139408 0.00757346 0.00223729 0.000458294 0.000106953 1.58066e-05 1.90639e-06 1.55191e-07 7.51349e-09 1.93424e-10 2.1558e-12
 2.57082e-27 2.6085e-27 5.02369e-26 1.00577e-19 2.46551e-14 7.30576e-10 2.6168e-06 0.00113297 0.0592958 0.375121 0.287087 0.0409226 0.109787 0.100774 0.0147188 0.00819479 0.00239666 0.000447216 0.000102785 1.53456e-05 1.81876e-06 1.44706e-07 6.86793e-09 1.6704e-10 1.73693e-12
 2.57033e-27 2.60718e-27 4.90851e-26 9.8147e-20 2.40595e-14 7.12927e-10 2.55359e-06 0.00110561 0.0578634 0.36606 0.28017 0.0411103 0.116075 0.106614 0.0164401 0.0106502 0.0031396 0.000609588 0.000138413 1.9069e-05 2.23414e-06 1.76976e-07 8.19416e-09 1.9448e-10 1.92024e-12
#obs catch len freq
 1.75506e-41 2.4359e-33 4.08673e-26 8.28782e-20 2.03166e-14 6.02018e-10 2.15633e-06 0.000933617 0.0488618 0.309114 0.236773 0.0441325 0.153628 0.130136 0.0365416 0.028029 0.00854741 0.00270326 0.000532504 6.29994e-05 3.2697e-06 5.42187e-08 2.13602e-10 1.60502e-13 1.98787e-17
 1.77785e-41 2.46754e-33 4.13982e-26 8.39546e-20 2.05805e-14 6.09837e-10 2.18434e-06 0.000945743 0.0494964 0.313129 0.239896 0.045986 0.155063 0.124295 0.0354828 0.0255775 0.00747836 0.00220675 0.000398704 4.10644e-05 1.7547e-06 2.26613e-08 6.6644e-11 3.6372e-14 3.2194e-18
 2.18672e-41 3.03503e-33 5.09189e-26 1.03263e-19 2.53136e-14 7.50088e-10 2.68669e-06 0.00116325 0.0608796 0.385142 0.294839 0.0433046 0.0983863 0.0743425 0.0217544 0.0147103 0.00413916 0.00113277 0.00018563 1.65653e-05 5.79457e-07 5.80453e-09 1.27311e-11 5.05153e-15 3.20087e-19
 1.73938e-41 2.41414e-33 4.05022e-26 8.21376e-20 2.01351e-14 5.96639e-10 2.13706e-06 0.000925275 0.0484252 0.306353 0.234949 0.0537623 0.183652 0.128874 0.0255312 0.0129711 0.0035199 0.00089332 0.000132086 1.00975e-05 2.87231e-07 2.22482e-09 3.63528e-12 1.0495e-15 4.769e-20
 2.10847e-41 2.92641e-33 4.90966e-26 9.95669e-20 2.44077e-14 7.23244e-10 2.59054e-06 0.00112161 0.0587008 0.371359 0.284461 0.0474621 0.113487 0.0766641 0.0272921 0.0159293 0.00289882 0.000544675 7.18127e-05 4.6714e-06 1.07051e-07 6.38103e-10 7.76107e-13 1.63139e-16 5.32403e-21
 2.38765e-41 3.3139e-33 5.55975e-26 1.12751e-19 2.76395e-14 8.19009e-10 2.93356e-06 0.00127013 0.0664735 0.420531 0.321963 0.0453808 0.0780882 0.0481307 0.0109621 0.00539804 0.00150021 0.000274574 2.36622e-05 1.20562e-06 2.20532e-08 1.00582e-10 9.08183e-14 1.39015e-17 3.2627e-22
 1.34982e-41 1.87347e-33 3.14313e-26 6.3742e-20 1.56256e-14 4.63015e-10 1.65845e-06 0.00071805 0.0375799 0.237745 0.183347 0.0757299 0.271873 0.15495 0.026352 0.0095787 0.001768 0.000324723 3.11361e-05 1.10601e-06 1.42093e-08 4.84993e-11 3.23875e-14 3.60505e-18 6.08581e-23
 2.23925e-41 3.10793e-33 5.21419e-26 1.05743e-19 2.59216e-14 7.68104e-10 2.75122e-06 0.00119118 0.0623419 0.394394 0.302169 0.0481467 0.0870561 0.0527111 0.0340575 0.0156498 0.00202792 0.000233877 1.79818e-05 6.16671e-07 5.85501e-09 1.3415e-11 6.32475e-15 5.07024e-19 6.1466e-24
 2.02905e-41 2.81618e-33 4.72473e-26 9.58166e-20 2.34883e-14 6.96002e-10 2.49297e-06 0.00107937 0.0564898 0.357374 0.274448 0.0632078 0.149939 0.0742209 0.0143664 0.00637853 0.00220528 0.000275042 1.27352e-05 3.06086e-07 2.42904e-09 4.20236e-12 1.34089e-15 7.27461e-20 6.14277e-25
 2.06664e-41 2.86836e-33 4.81227e-26 9.75918e-20 2.39235e-14 7.08897e-10 2.53915e-06 0.00109937 0.0575364 0.363996 0.27961 0.0636752 0.138316 0.0665594 0.020942 0.00702609 0.00104053 0.000184083 1.21704e-05 2.03676e-07 1.0327e-09 1.32887e-12 3.19115e-16 1.22134e-20 6.98518e-26
 2.03078e-41 2.81859e-33 4.72876e-26 9.58984e-20 2.35084e-14 6.96596e-10 2.49509e-06 0.00108029 0.056538 0.357682 0.275108 0.0692108 0.147203 0.0657437 0.0196469 0.0065361 0.00112834 0.000113819 6.72123e-06 1.38028e-07 5.70902e-10 4.71204e-13 7.63183e-17 2.10563e-21 8.71866e-27
 2.1387e-41 2.96837e-33 4.98006e-26 1.00995e-19 2.47577e-14 7.33615e-10 2.62769e-06 0.0011377 0.0595426 0.376691 0.289683 0.0679268 0.12711 0.0539014 0.0176939 0.0053517 0.000869512 8.64444e-05 3.61732e-06 5.66557e-08 2.33039e-10 1.69411e-13 1.94535e-17 3.51642e-22 9.78855e-28
 2.09305e-41 2.90501e-33 4.87376e-26 9.88388e-20 2.42292e-14 7.17955e-10 2.5716e-06 0.00111341 0.0582716 0.368653 0.284024 0.0752171 0.138473 0.0537824 0.0154269 0.00428552 0.000686145 6.10676e-05 2.2553e-06 2.61032e-08 7.6861e-11 4.66254e-14 4.63583e-18 6.64832e-23 1.32117e-28
 2.04323e-41 2.83586e-33 4.75775e-26 9.64862e-20 2.36524e-14 7.00865e-10 2.51039e-06 0.00108691 0.0568846 0.359883 0.277866 0.082028 0.145827 0.0543943 0.0172098 0.00419882 0.000572118 4.58494e-05 1.4691e-06 1.38832e-08 3.02971e-11 1.28535e-14 9.40856e-19 1.0642e-23 1.70007e-29
 1.91695e-41 2.6606e-33 4.4637e-26 9.0523e-20 2.21906e-14 6.57549e-10 2.35523e-06 0.00101974 0.0533689 0.337649 0.261836 0.0943417 0.165903 0.059907 0.0204966 0.0048028 0.000630215 4.15813e-05 1.09777e-06 8.47663e-09 1.44443e-11 4.53761e-15 2.34433e-19 1.85072e-24 2.11822e-30
 1.75149e-41 2.43096e-33 4.07844e-26 8.27099e-20 2.02754e-14 6.00796e-10 2.15195e-06 0.000931721 0.0487626 0.30852 0.240904 0.109728 0.189116 0.0686493 0.0265311 0.0060246 0.00078296 4.68726e-05 1.00351e-06 5.98779e-09 7.87601e-12 1.87738e-15 7.17047e-20 4.07323e-25 3.28056e-31
 1.96397e-41 2.72586e-33 4.57319e-26 9.27434e-20 2.27349e-14 6.73678e-10 2.41301e-06 0.00104475 0.054678 0.345943 0.269116 0.0979152 0.144776 0.055446 0.0245799 0.00570073 0.000755458 4.22139e-05 7.81042e-07 3.66954e-09 3.60354e-12 6.35565e-16 1.79475e-20 7.48546e-26 4.37779e-32
 1.92033e-41 2.66529e-33 4.47158e-26 9.06827e-20 2.22298e-14 6.58709e-10 2.35939e-06 0.00102153 0.0534631 0.338272 0.264699 0.111742 0.156721 0.0509226 0.018103 0.00440836 0.000611562 3.30521e-05 5.43357e-07 2.1036e-09 1.59463e-12 2.0754e-16 4.24324e-21 1.27778e-26 5.40275e-33
 1.90192e-41 2.63974e-33 4.42871e-26 8.98134e-20 2.20167e-14 6.52395e-10 2.33677e-06 0.00101174 0.0529506 0.335046 0.263401 0.118842 0.155106 0.0514648 0.0182164 0.00350189 0.000432763 2.29774e-05 3.44263e-07 1.12764e-09 6.82158e-13 6.78377e-17 1.02574e-21 2.23547e-27 6.76476e-34
 1.93032e-41 2.67915e-33 4.49484e-26 9.11544e-20 2.23454e-14 6.62136e-10 2.37166e-06 0.00102685 0.0537413 0.340066 0.268265 0.122572 0.146479 0.0479193 0.0165469 0.00305592 0.000312332 1.35272e-05 1.7902e-07 5.03893e-10 2.4856e-13 1.93542e-17 2.22426e-22 3.60329e-28 7.96797e-35
 2.00105e-41 2.77732e-33 4.65954e-26 9.44945e-20 2.31642e-14 6.86398e-10 2.45857e-06 0.00106447 0.0557105 0.352541 0.278553 0.122266 0.131893 0.0418128 0.013562 0.00236843 0.000219385 7.68449e-06 7.86454e-08 1.7841e-10 7.14733e-14 4.41762e-18 3.92728e-23 4.82063e-29 7.94938e-36
 1.9967e-41 2.77129e-33 4.64942e-26 9.42893e-20 2.31139e-14 6.84907e-10 2.45323e-06 0.00106216 0.0555895 0.351808 0.279763 0.130328 0.129837 0.0384556 0.0112138 0.00178824 0.000147548 4.38246e-06 3.49063e-08 5.89922e-11 1.78261e-14 8.46807e-19 5.80087e-24 5.43968e-30 6.77256e-37
 2.03549e-41 2.82513e-33 4.73973e-26 9.61209e-20 2.35629e-14 6.98212e-10 2.50088e-06 0.0010828 0.0566695 0.358671 0.286223 0.131499 0.119566 0.0352904 0.00957066 0.0013297 9.35849e-05 2.31808e-06 1.47325e-08 1.88573e-11 4.16555e-15 1.43654e-19 7.21314e-25 5.01363e-31 4.65416e-38
 1.97448e-41 2.74045e-33 4.59768e-26 9.32399e-20 2.28567e-14 6.77285e-10 2.42593e-06 0.00105034 0.0549711 0.347994 0.28124 0.146088 0.124494 0.0345146 0.00850538 0.00107564 6.32477e-05 1.25254e-06 6.23991e-09 6.1121e-12 1.00568e-15 2.52403e-20 9.09628e-26 4.52113e-32 3.01112e-39
 2.01991e-41 2.8035e-33 4.70346e-26 9.53851e-20 2.33825e-14 6.92867e-10 2.48174e-06 0.00107451 0.056236 0.356042 0.288642 0.144076 0.112712 0.0327133 0.00761479 0.000844397 4.20012e-05 6.6207e-07 2.51053e-09 1.84452e-12 2.25595e-16 4.16394e-21 1.09109e-26 3.90275e-33 1.85626e-40
 2.00055e-41 2.77662e-33 4.65836e-26 9.44707e-20 2.31584e-14 6.86225e-10 2.45795e-06 0.00106421 0.0556971 0.352724 0.289306 0.153326 0.110815 0.0299146 0.00645133 0.00067155 2.81227e-05 3.51976e-07 1.01708e-09 5.52408e-13 4.93128e-17 6.61904e-22 1.25845e-27 3.25586e-34 1.11561e-41
 1.93842e-41 2.6904e-33 4.5137e-26 9.1537e-20 2.24392e-14 6.64915e-10 2.38162e-06 0.00103116 0.053968 0.341918 0.285488 0.166586 0.113716 0.0307095 0.00601032 0.000551024 1.99823e-05 2.01904e-07 4.44485e-10 1.78833e-13 1.16202e-17 1.12337e-22 1.5314e-28 2.83787e-35 6.96546e-43
 1.8666e-41 2.59072e-33 4.34647e-26 8.81455e-20 2.16078e-14 6.4028e-10 2.29338e-06 0.000992953 0.0519691 0.32945 0.281197 0.18025 0.117153 0.0324806 0.00600062 0.000490465 1.47893e-05 1.2066e-07 2.06249e-10 6.19751e-14 2.93994e-18 2.05101e-23 2.00362e-29 2.64863e-36 4.62543e-44
#spawning biomass
 4840.36 8034.28 10292 11394 18618.8 30260.7 28817.8 32576.8 43040.3 55842.6 69867.9 93923 121496 140420 143633 124073 113770 113231 108766 104892 107582 112996 122813 122776 136133 139875 144530 176538 243340 243720 134998 68773.9 37980.4 25311.1 20481.5 18733.3 18123.3 17916 17847 17824.3 17817 17814.6 17813.8 17813.6 17813.5 17813.5 17813.5 17813.5 17813.5 17813.5 17813.5 17813.5 17813.5 17813.5 17813.5 17813.5 17813.5 17813.5 17813.5 17813.5 17813.5 17813.5 17813.5 17813.5 17813.5 17813.5 17813.5 17813.5 17813.5 17813.5 17813.5 17813.5 17813.5 17813.5 17813.5 17813.5 17813.5 17813.5 17813.5 17813.5 17813.5 17813.5 17813.5 17813.5 17813.5 17813.5 17813.5 17813.5 17813.5 17813.5 17813.5 17813.5 17813.5 17813.5 17813.5 17813.5 17813.5 17813.5 17813.5 17813.5 17813.5 17813.5 17813.5 17813.5 17813.5 17813.5 17813.5 17813.5 17813.5 17813.5 17813.5 17813.5 17813.5 17813.5 17813.5 17813.5 17813.5 17813.5 17813.5 17813.5 17813.5 17813.5 17813.5 17813.5 17813.5 17813.5 17813.5 17813.5 0 0 0 0 0 0 0 0 0 0 0 0 0 0 0 0 0 0 0 0 0 0 0 0 0
