SBPRF35
0.246498
Curr Bio
32556
B35
75829.5
F35
0.478819
FOFL
0.292295
OFL
14847.2
Bzero
70428
#pred survey bio
 6329.01 6024.47 7087.24 9083.49 12029.5 14515.9 14265.4 13421.8 20904.3 33346.3 37346.5 44584.8 68184.6 73952.9 65321.8 54990.3 53288.7 55028.9 53299.9 55024.6 55513 60585.4 65752.8 65982.7 72988.6 76703.7 75974.3 83141.7 3.73846e+06 2.66795e+06 2.25911e+06 1.68213e+06 1.28867e+06 1.06605e+06 948400 887604 856045 839276 830037 824726 821540 819556 818278 817437 816878 816501 816246 816072 815952 815870 815813 815774 815748 815729 815716 815707 815701 815697 815694 815692 815691 815690 815689 815689 815688 815688 815688 815688 815688 815688 815688 815688 815688 815688 815688 815688 815688 815688 815688 815688 815688 815688 815688 815688 815688 815688 815688 815688 815688 815688 815688 815688 815688 815688 815688 815688 815688 815688 815688 815688 815688 815688 815688 815688 815688 815688 815688 815688 815688 815688 815688 815688 815688 815688 815688 815688 815688 815688 815688 815688 815688 815688 815688 815688 815688 815688 815688 815688 0 0 0 0 0 0 0 0 0 0 0 0 0 0 0 0 0 0 0 0 0 0 0 0 0
#obs survey bio
 5421.77 10908.3 6923.17 17003.6 18168.2 15696.1 17887.2 21022.1 28711.8 31693.4 44213.7 85872.3 72848.3 75934 74462.2 48714.5 67961.5 65515.7 62164.8 52173.9 50601.1 75738.2 75075.6 55419.7 77690.7 72872 60835.9 109155
#pred catch bio
 3523.37 3132.79 3522.28 4459.32 6104.63 8019.45 8967.3 7502.96 8233.15 17700.4 24101.4 21013.1 39076.7 46205.1 43224 36120.1 32674.8 35783.1 32860.8 35114.7 35119.4 36716.6 43266.9 40320.6 43432.4 47770.9 47334.5 38889.6 14847.2 34497 30977.8 21879 15776.2 12513.5 10910.8 10159.5 9817.56 9664.98 9597.77 9568.44 9555.71 9550.21 9547.84 9546.82 9546.38 9546.2 9546.12 9546.08 9546.07 9546.06 9546.06 9546.06 9546.06 9546.06 9546.06 9546.06 9546.06 9546.06 9546.06 9546.06 9546.06 9546.06 9546.06 9546.06 9546.06 9546.06 9546.06 9546.06 9546.06 9546.06 9546.06 9546.06 9546.06 9546.06 9546.06 9546.06 9546.06 9546.06 9546.06 9546.06 9546.06 9546.06 9546.06 9546.06 9546.06 9546.06 9546.06 9546.06 9546.06 9546.06 9546.06 9546.06 9546.06 9546.06 9546.06 9546.06 9546.06 9546.06 9546.06 9546.06 9546.06 9546.06 9546.06 9546.06 9546.06 9546.06 9546.06 9546.06 9546.06 9546.06 9546.06 9546.06 9546.06 9546.06 9546.06 9546.06 9546.06 9546.06 9546.06 9546.06 9546.06 9546.06 9546.06 9546.06 9546.06 9546.06 9546.06 9546.06 0 0 0 0 0 0 0 0 0 0 0 0 0 0 0 0 0 0 0 0 0 0 0 0 0
#obs catch bio
 3180.41 3113.49 3474.95 4350.7 5947.51 7997.95 9089.59 7486.94 7920.08 17144.6 24887.4 20279.6 37434.1 45228.8 42867 37068.2 32245.2 36202.1 32909.7 35297.5 35681.1 36826.4 43821.5 40723.7 43363.2 47894.7 48289.4 38997.4
#pred cpue bio
 4422.99 3762.77 4281.84 5409.77 7102 8913.22 9316.46 7982.18 10575.1 19974.6 23299 23183.4 38944 45386.9 41497.7 33668.5 30746.1 33036.7 31233.5 32747.1 32396.7 34296.7 38914.8 37703.3 42362.3 46510.9 45419.6 47188.4 2.32734e+06 2.19483e+06 2.07995e+06 1.52876e+06 1.13371e+06 910416 792633 731815 700253 683483 674244 668933 665748 663763 662486 661644 661085 660709 660453 660279 660159 660077 660021 659982 659955 659936 659924 659915 659909 659904 659902 659900 659898 659897 659897 659896 659896 659896 659895 659895 659895 659895 659895 659895 659895 659895 659895 659895 659895 659895 659895 659895 659895 659895 659895 659895 659895 659895 659895 659895 659895 659895 659895 659895 659895 659895 659895 659895 659895 659895 659895 659895 659895 659895 659895 659895 659895 659895 659895 659895 659895 659895 659895 659895 659895 659895 659895 659895 659895 659895 659895 659895 659895 659895 659895 659895 659895 659895 659895 659895 0 0 0 0 0 0 0 0 0 0 0 0 0 0 0 0 0 0 0 0 0 0 0 0 0
#obs cpue bio
 4883.41 3058.6 4638.32 5634.31 6128.21 5753.89 6680.99 8594.28 14621.2 20240.6 15329.9 29460.4 55278.2 54217.6 34308.6 27126.5 28769.9 23024.7 26799.5 27894.1 30889 22667 33768.5 33461.6 40439.3 50352.1 37699.5 45348.7
#pred surv len freq
 2.14272e-27 2.16595e-27 5.85972e-27 1.26371e-21 7.51577e-17 1.02765e-12 3.23042e-09 2.33464e-06 0.000387896 0.0148174 0.130127 0.262731 0.122531 0.028423 0.0944246 0.132831 0.0537092 0.0421831 0.0366651 0.0226242 0.0174773 0.0135543 0.0124631 0.0106994 0.00434839
 2.14284e-27 2.16721e-27 6.03573e-27 1.32347e-21 7.8712e-17 1.07625e-12 3.3832e-09 2.44505e-06 0.000406241 0.0155181 0.136281 0.275157 0.128393 0.0315534 0.109796 0.154267 0.0587576 0.0357739 0.0279034 0.0112933 0.00611247 0.00357329 0.00255874 0.00190416 0.00074952
 2.14339e-27 2.16875e-27 6.21145e-27 1.38311e-21 8.22591e-17 1.12475e-12 3.53565e-09 2.55523e-06 0.000424547 0.0162174 0.142422 0.287556 0.134111 0.031158 0.103646 0.145647 0.0565058 0.0374101 0.0288503 0.0097984 0.00383662 0.00135406 0.000601599 0.000337727 0.000121011
 2.14361e-27 2.16932e-27 6.27094e-27 1.40328e-21 8.34587e-17 1.14115e-12 3.58722e-09 2.59249e-06 0.000430739 0.0164539 0.144499 0.291749 0.136053 0.0312675 0.103051 0.144755 0.0554732 0.0347471 0.026814 0.00960419 0.00375668 0.00100843 0.000240448 7.33359e-05 2.0709e-05
 2.1438e-27 2.16977e-27 6.31716e-27 1.41896e-21 8.43909e-17 1.15389e-12 3.62728e-09 2.62145e-06 0.00043555 0.0166377 0.146113 0.295008 0.137559 0.031235 0.10187 0.143075 0.0546849 0.033817 0.0259366 0.0090036 0.00346406 0.000944185 0.000182757 2.73431e-05 4.21916e-06
 2.14243e-27 2.16639e-27 5.95896e-27 1.29745e-21 7.71641e-17 1.05508e-12 3.31666e-09 2.39696e-06 0.000398252 0.0152129 0.133601 0.269746 0.125927 0.0324859 0.11712 0.164571 0.062276 0.0366585 0.027855 0.00947302 0.00353762 0.000936517 0.00017599 2.08276e-05 1.59915e-06
 2.14052e-27 2.16177e-27 5.47999e-27 1.13502e-21 6.75039e-17 9.22995e-13 2.90145e-09 2.09688e-06 0.000348394 0.0133084 0.116875 0.235978 0.110341 0.03318 0.131536 0.185061 0.0718305 0.0476371 0.0365567 0.011871 0.00418632 0.00107203 0.000193747 2.16133e-05 1.28094e-06
 2.14395e-27 2.17019e-27 6.36914e-27 1.43663e-21 8.54416e-17 1.16826e-12 3.67245e-09 2.65409e-06 0.000440973 0.0168449 0.147932 0.298681 0.139225 0.0304049 0.0956957 0.13449 0.0532679 0.0384374 0.0299105 0.010017 0.00360522 0.000878556 0.00014877 1.58089e-05 8.68732e-07
 2.1471e-27 2.1778e-27 7.15588e-27 1.70341e-21 1.01309e-16 1.38521e-12 4.35444e-09 3.14696e-06 0.000522863 0.019973 0.175404 0.354145 0.164834 0.0295016 0.0734644 0.102844 0.037883 0.0192236 0.0143904 0.00518077 0.0020235 0.00051103 8.63881e-05 8.68947e-06 4.49377e-07
 2.14247e-27 2.16639e-27 5.94407e-27 1.29232e-21 7.68594e-17 1.05092e-12 3.30357e-09 2.3875e-06 0.000396679 0.0151529 0.133073 0.268682 0.125484 0.0338052 0.125495 0.176172 0.0636193 0.0283433 0.020372 0.00643352 0.00223932 0.000605529 0.000111507 1.15006e-05 5.78478e-07
 2.14231e-27 2.16617e-27 5.94488e-27 1.29271e-21 7.68827e-17 1.05123e-12 3.30457e-09 2.38822e-06 0.000396799 0.0151575 0.133114 0.268762 0.12544 0.0316507 0.112319 0.15799 0.062535 0.0449523 0.0343026 0.00975688 0.00283124 0.000662289 0.000114124 1.24918e-05 6.60001e-07
 2.14659e-27 2.17656e-27 7.02568e-27 1.65925e-21 9.86822e-17 1.3493e-12 4.24155e-09 3.06538e-06 0.000509309 0.0194552 0.170857 0.344964 0.1606 0.0297754 0.0779026 0.109136 0.0406015 0.0218223 0.0163665 0.0055579 0.00196747 0.000417306 5.83808e-05 5.6324e-06 2.95432e-07
 2.14381e-27 2.16968e-27 6.28967e-27 1.40955e-21 8.38311e-17 1.14624e-12 3.60322e-09 2.60406e-06 0.000432661 0.0165273 0.145144 0.293052 0.136716 0.0328694 0.112437 0.157725 0.0565494 0.0239171 0.0169952 0.00531443 0.00179471 0.000446649 7.07633e-05 6.06316e-06 2.70893e-07
 2.14207e-27 2.16547e-27 5.85575e-27 1.26241e-21 7.50801e-17 1.02659e-12 3.22709e-09 2.33223e-06 0.000387496 0.0148021 0.129993 0.262462 0.122589 0.0332837 0.124187 0.174494 0.0653251 0.0362861 0.0266244 0.00717035 0.00189357 0.000425456 6.82826e-05 6.58117e-06 2.95493e-07
 2.14122e-27 2.16343e-27 5.64754e-27 1.19182e-21 7.08818e-17 9.69183e-13 3.04664e-09 2.20181e-06 0.000365828 0.0139744 0.122724 0.247786 0.115804 0.0332802 0.128588 0.18081 0.0690517 0.0424875 0.0320014 0.00958563 0.00288995 0.000569075 7.28934e-05 6.51982e-06 3.07657e-07
 2.14258e-27 2.16677e-27 6.00048e-27 1.31154e-21 7.80022e-17 1.06654e-12 3.35268e-09 2.42299e-06 0.000402577 0.0153782 0.135052 0.272676 0.12727 0.0321938 0.114455 0.160858 0.0615928 0.0383829 0.0290736 0.00902582 0.00291429 0.000631424 8.47548e-05 6.52878e-06 2.65593e-07
 2.14393e-27 2.17001e-27 6.33239e-27 1.42408e-21 8.46952e-17 1.15806e-12 3.64037e-09 2.6309e-06 0.00043712 0.0166977 0.14664 0.296072 0.138081 0.0320423 0.106478 0.149444 0.055243 0.0285944 0.0210696 0.00652527 0.00211898 0.000477956 6.96583e-05 5.75573e-06 2.24855e-07
 2.14252e-27 2.16654e-27 5.96226e-27 1.29851e-21 7.72271e-17 1.05594e-12 3.31937e-09 2.39892e-06 0.000398577 0.0152254 0.13371 0.269967 0.126066 0.0334815 0.123132 0.1729 0.0632795 0.0308027 0.0222729 0.00640024 0.00187529 0.000418395 6.24749e-05 5.48059e-06 2.29644e-07
 2.14355e-27 2.16911e-27 6.23917e-27 1.39246e-21 8.2815e-17 1.13235e-12 3.55955e-09 2.5725e-06 0.000427417 0.016327 0.143385 0.2895 0.135046 0.0321303 0.108996 0.153049 0.0572944 0.0318245 0.0234109 0.00645715 0.00174132 0.000356501 4.88548e-05 4.25317e-06 1.85309e-07
 2.14291e-27 2.16751e-27 6.06724e-27 1.33413e-21 7.93455e-17 1.08491e-12 3.41043e-09 2.46472e-06 0.00040951 0.015643 0.137378 0.277372 0.12947 0.0329758 0.117813 0.165424 0.0609304 0.0308587 0.0225538 0.00670291 0.00201003 0.000401321 5.0235e-05 3.98523e-06 1.65321e-07
 2.14361e-27 2.16924e-27 6.25169e-27 1.3967e-21 8.30674e-17 1.1358e-12 3.5704e-09 2.58034e-06 0.000428719 0.0163768 0.143822 0.290382 0.135457 0.0322168 0.109258 0.153392 0.0570599 0.0306055 0.0224467 0.00633461 0.00178631 0.000377022 5.04975e-05 3.85627e-06 1.46389e-07
 2.14428e-27 2.17085e-27 6.4181e-27 1.45313e-21 8.64233e-17 1.18168e-12 3.71464e-09 2.68458e-06 0.000446039 0.0170384 0.149632 0.302113 0.140874 0.0320518 0.104715 0.146915 0.0537591 0.0261385 0.0189097 0.00546066 0.00157861 0.00032036 4.17104e-05 3.32922e-06 1.28655e-07
 2.1429e-27 2.16745e-27 6.05784e-27 1.33092e-21 7.91549e-17 1.0823e-12 3.40223e-09 2.4588e-06 0.000408526 0.0156054 0.137048 0.276706 0.129175 0.0333007 0.119997 0.168459 0.0614122 0.0291433 0.0209157 0.00583936 0.00161045 0.000330805 4.343e-05 3.38114e-06 1.30944e-07
 2.14411e-27 2.17045e-27 6.37765e-27 1.43942e-21 8.56079e-17 1.17054e-12 3.67959e-09 2.65925e-06 0.000441831 0.0168776 0.14822 0.299263 0.139554 0.0319945 0.105225 0.147675 0.054605 0.028287 0.0205414 0.00555375 0.00143851 0.000282509 3.56886e-05 2.77521e-06 1.06835e-07
 2.14352e-27 2.16899e-27 6.22065e-27 1.38615e-21 8.24397e-17 1.12722e-12 3.54342e-09 2.56084e-06 0.000425479 0.016253 0.142735 0.288188 0.134462 0.0327456 0.113148 0.1588 0.0579445 0.0276678 0.0199373 0.00571556 0.00162061 0.000313897 3.74571e-05 2.77757e-06 1.04415e-07
 2.14245e-27 2.16641e-27 5.95396e-27 1.29571e-21 7.70611e-17 1.05367e-12 3.31223e-09 2.39376e-06 0.00039772 0.0151926 0.133422 0.269386 0.125781 0.0330437 0.120634 0.169464 0.0632355 0.0345135 0.0253682 0.00712141 0.00197759 0.000403628 5.14702e-05 3.76065e-06 1.34572e-07
 2.14313e-27 2.1681e-27 6.13651e-27 1.35766e-21 8.0745e-17 1.10404e-12 3.47058e-09 2.5082e-06 0.000416733 0.0159189 0.139801 0.282264 0.131701 0.032141 0.111242 0.156266 0.0591093 0.0346876 0.0259253 0.00768712 0.00230501 0.000468327 5.97768e-05 4.58433e-06 1.69005e-07
 2.1444e-27 2.17117e-27 6.45545e-27 1.46582e-21 8.71778e-17 1.192e-12 3.74707e-09 2.70802e-06 0.000449933 0.0171871 0.150938 0.30475 0.142077 0.0316311 0.101352 0.142218 0.0526903 0.0276324 0.0203765 0.00623389 0.00197347 0.000424402 5.73569e-05 4.45026e-06 1.67571e-07
#obs surv len freq
 8.67806e-40 4.24731e-33 4.77914e-27 1.23632e-21 7.35285e-17 1.00537e-12 3.16039e-09 2.28402e-06 0.000379493 0.0144961 0.127305 0.257036 0.12004 0.0322074 0.11925 0.1677 0.0650462 0.0430577 0.0336442 0.0125701 0.00528934 0.0015823 0.000343799 4.59112e-05 3.14546e-06
 1.03613e-39 5.07115e-33 5.70613e-27 1.47612e-21 8.77906e-17 1.20038e-12 3.7734e-09 2.72704e-06 0.000453102 0.0173079 0.151998 0.30689 0.143029 0.030603 0.0944307 0.13259 0.0509746 0.032415 0.0251079 0.0091333 0.00372385 0.00108162 0.000227892 2.95097e-05 1.95012e-06
 9.70184e-40 4.74838e-33 5.34295e-27 1.38217e-21 8.22029e-17 1.12398e-12 3.53323e-09 2.55347e-06 0.000424263 0.0162063 0.142324 0.287359 0.134082 0.0328133 0.11381 0.159703 0.057793 0.0261486 0.0191038 0.00670326 0.00262267 0.000735849 0.000149054 1.86269e-05 1.19081e-06
 1.05226e-39 5.1501e-33 5.79497e-27 1.4991e-21 8.91573e-17 1.21907e-12 3.83214e-09 2.7695e-06 0.000460156 0.0175774 0.154364 0.311668 0.145267 0.0313765 0.097713 0.137079 0.0507484 0.0264877 0.0193868 0.00560608 0.00171689 0.000448587 8.63607e-05 1.03293e-05 6.35054e-07
 9.85279e-40 4.82226e-33 5.42608e-27 1.40368e-21 8.34819e-17 1.14146e-12 3.5882e-09 2.5932e-06 0.000430864 0.0164584 0.144538 0.29183 0.136151 0.0328656 0.112782 0.158225 0.0569124 0.0246475 0.0175747 0.00541438 0.00172731 0.000375632 5.81548e-05 6.35331e-06 3.71191e-07
 8.105e-40 3.96683e-33 4.46355e-27 1.15468e-21 6.8673e-17 9.38979e-13 2.95169e-09 2.13319e-06 0.000354433 0.0135389 0.118898 0.240064 0.11229 0.0347709 0.140016 0.196733 0.0721642 0.0356217 0.0257531 0.00722427 0.00204193 0.000454102 6.70946e-05 6.02399e-06 3.00929e-07
 7.88914e-40 3.86119e-33 4.34467e-27 1.12392e-21 6.6844e-17 9.13971e-13 2.87308e-09 2.07638e-06 0.000344993 0.0131783 0.115732 0.23367 0.109287 0.0335133 0.134265 0.188894 0.0730137 0.0475048 0.0359898 0.0106564 0.00319352 0.000657889 8.88636e-05 7.6724e-06 3.38604e-07
 1.32857e-39 6.50245e-33 7.31666e-27 1.89275e-21 1.12569e-16 1.53918e-12 4.83842e-09 3.49673e-06 0.000580987 0.022193 0.194899 0.393505 0.182954 0.0274542 0.0491034 0.0685358 0.0261818 0.0161513 0.0123563 0.00419924 0.00150314 0.000330961 4.54081e-05 3.64832e-06 1.49467e-07
 1.10601e-39 5.41315e-33 6.09096e-27 1.57567e-21 9.37112e-17 1.28133e-12 4.02788e-09 2.91096e-06 0.000483659 0.0184752 0.162249 0.327587 0.152674 0.0326455 0.100661 0.140875 0.0471783 0.00947994 0.00521819 0.00169221 0.00060093 0.000150469 2.41334e-05 2.05868e-06 8.2592e-08
 6.39421e-40 3.12953e-33 3.52139e-27 9.10951e-22 5.41776e-17 7.40781e-13 2.32865e-09 1.68292e-06 0.00027962 0.0106811 0.0938016 0.189396 0.0890135 0.0387295 0.179453 0.25209 0.0885931 0.0317726 0.0209483 0.00446375 0.000630291 0.000124003 2.05449e-05 1.99832e-06 8.91606e-08
 1.23003e-39 6.02014e-33 6.77396e-27 1.75236e-21 1.04219e-16 1.42501e-12 4.47954e-09 3.23737e-06 0.000537894 0.0205468 0.180442 0.364318 0.169476 0.027864 0.0604025 0.0846692 0.0347359 0.0284309 0.0217344 0.00547612 0.00117626 0.000172377 1.34022e-05 9.87251e-07 4.64815e-08
 1.17916e-39 5.77116e-33 6.4938e-27 1.67988e-21 9.9909e-17 1.36608e-12 4.29427e-09 3.10348e-06 0.000515647 0.0196971 0.17298 0.349252 0.162639 0.0312821 0.0858088 0.119988 0.0404551 0.00905459 0.00538118 0.00201801 0.000768837 0.000143359 1.36606e-05 7.04295e-07 1.92748e-08
 8.80943e-40 4.31161e-33 4.85149e-27 1.25503e-21 7.46416e-17 1.02059e-12 3.20823e-09 2.31859e-06 0.000385238 0.0147156 0.129232 0.260929 0.12197 0.0356815 0.139286 0.195379 0.0672747 0.019685 0.012255 0.00266682 0.000425431 9.62107e-05 1.50517e-05 1.02387e-06 2.81178e-08
 9.22171e-40 4.51339e-33 5.07853e-27 1.31377e-21 7.81347e-17 1.06835e-12 3.35837e-09 2.4271e-06 0.000403267 0.0154043 0.13528 0.273138 0.127523 0.0332412 0.120709 0.169524 0.0626636 0.0323722 0.0231826 0.00542309 0.000977414 0.000140943 1.23357e-05 9.6837e-07 3.79264e-08
 7.39219e-40 3.61796e-33 4.07099e-27 1.05313e-21 6.26334e-17 8.56398e-13 2.6921e-09 1.94558e-06 0.000323261 0.0123482 0.108442 0.218953 0.102585 0.0362536 0.15543 0.218379 0.0787083 0.0345695 0.0245517 0.0071046 0.00198915 0.000331384 2.77014e-05 1.40751e-06 4.16796e-08
 1.12388e-39 5.50064e-33 6.18941e-27 1.60114e-21 9.52258e-17 1.30204e-12 4.09298e-09 2.958e-06 0.000491477 0.0187738 0.164871 0.332881 0.155017 0.0298765 0.0821628 0.11525 0.0442724 0.0279856 0.0209232 0.00566928 0.00148501 0.000299806 3.58881e-05 2.11179e-06 5.3044e-08
 8.70568e-40 4.26083e-33 4.79435e-27 1.24025e-21 7.37625e-17 1.00857e-12 3.17045e-09 2.29129e-06 0.000380701 0.0145423 0.12771 0.257856 0.12055 0.0356883 0.140253 0.196743 0.0677396 0.0198473 0.0128606 0.00414095 0.00137504 0.000274621 3.33702e-05 2.4313e-06 7.87627e-08
 9.57016e-40 4.68393e-33 5.27043e-27 1.36341e-21 8.10872e-17 1.10872e-12 3.48527e-09 2.51881e-06 0.000418505 0.0159863 0.140392 0.283459 0.132278 0.0327938 0.114867 0.161277 0.0595731 0.0306474 0.0219285 0.00513603 0.000997307 0.000210324 3.04428e-05 2.317e-06 8.24483e-08
 1.00975e-39 4.94201e-33 5.56083e-27 1.43853e-21 8.5555e-17 1.16981e-12 3.67731e-09 2.6576e-06 0.000441564 0.0168672 0.148128 0.299076 0.139493 0.032663 0.109362 0.153384 0.0549484 0.0230896 0.0162558 0.00471425 0.00132538 0.0002251 2.22953e-05 1.71158e-06 6.78881e-08
 8.64545e-40 4.23135e-33 4.76118e-27 1.23167e-21 7.32522e-17 1.00159e-12 3.14851e-09 2.27544e-06 0.000378067 0.0144417 0.126827 0.256071 0.1197 0.0350346 0.136801 0.192022 0.0680733 0.0263328 0.0180328 0.00479051 0.00121592 0.000244732 2.9669e-05 1.88309e-06 6.08512e-08
 1.11576e-39 5.4609e-33 6.14469e-27 1.58957e-21 9.45378e-17 1.29263e-12 4.06341e-09 2.93663e-06 0.000487926 0.0186381 0.16368 0.330476 0.153936 0.0306923 0.0878676 0.123172 0.0454561 0.0232714 0.0167838 0.00431654 0.0010084 0.000186404 2.20286e-05 1.60541e-06 5.4133e-08
 8.88892e-40 4.35051e-33 4.89527e-27 1.26636e-21 7.53151e-17 1.0298e-12 3.23718e-09 2.33952e-06 0.000388714 0.0148484 0.130398 0.263283 0.123045 0.0353241 0.136394 0.19133 0.0661853 0.0203927 0.0132596 0.00383062 0.00109269 0.000201948 2.19104e-05 1.49581e-06 5.20426e-08
 1.00618e-39 4.92457e-33 5.5412e-27 1.43346e-21 8.52531e-17 1.16568e-12 3.66433e-09 2.64822e-06 0.000440005 0.0168076 0.147605 0.298021 0.138992 0.0323083 0.107515 0.15087 0.0553034 0.0271567 0.0193024 0.00457967 0.000901166 0.00017196 2.1539e-05 1.47233e-06 4.79065e-08
 1.03519e-39 5.06653e-33 5.70094e-27 1.47478e-21 8.77107e-17 1.19928e-12 3.76996e-09 2.72456e-06 0.000452689 0.0172921 0.15186 0.306612 0.142974 0.0325731 0.106542 0.149362 0.0528871 0.0202678 0.013946 0.00395156 0.00107601 0.000183102 1.76724e-05 1.20908e-06 4.2293e-08
 8.7467e-40 4.2809e-33 4.81694e-27 1.2461e-21 7.411e-17 1.01332e-12 3.18538e-09 2.30208e-06 0.000382494 0.0146108 0.128312 0.25907 0.121087 0.0350332 0.135888 0.190713 0.0673046 0.0250621 0.0169484 0.00434069 0.00102131 0.000198428 2.34485e-05 1.46322e-06 4.43442e-08
 9.25488e-40 4.52962e-33 5.09681e-27 1.3185e-21 7.84159e-17 1.0722e-12 3.37046e-09 2.43583e-06 0.000404717 0.0154597 0.135767 0.274121 0.127978 0.033259 0.120522 0.16924 0.0622666 0.0312924 0.0224666 0.00568961 0.00127836 0.000225896 2.49089e-05 1.73916e-06 5.71745e-08
 9.74537e-40 4.76968e-33 5.36692e-27 1.38837e-21 8.25717e-17 1.12902e-12 3.54908e-09 2.56493e-06 0.000426166 0.016279 0.142962 0.288648 0.134686 0.0330309 0.114751 0.161006 0.0579973 0.0253696 0.0179777 0.0051405 0.00143476 0.000259665 2.69365e-05 1.73255e-06 5.68259e-08
 1.12933e-39 5.52727e-33 6.21937e-27 1.60889e-21 9.56868e-17 1.30834e-12 4.11279e-09 2.97232e-06 0.000493856 0.0188647 0.165669 0.334493 0.155807 0.0310649 0.0889312 0.124566 0.0445055 0.0183184 0.0127405 0.00344165 0.000897261 0.000179966 2.20998e-05 1.46341e-06 4.52912e-08
#pred catch len freq
 2.13785e-27 2.15348e-27 4.52643e-27 8.11462e-22 4.82607e-17 6.59879e-13 2.07434e-09 1.49913e-06 0.000249078 0.00951463 0.0835579 0.16871 0.0790982 0.0293453 0.128389 0.181058 0.0750985 0.0642957 0.0563568 0.0347694 0.0268116 0.0207347 0.019036 0.0163346 0.0066381
 2.13772e-27 2.15461e-27 4.7121e-27 8.74535e-22 5.20119e-17 7.1117e-13 2.23557e-09 1.61565e-06 0.000268439 0.0102542 0.0900526 0.181825 0.0853442 0.0342279 0.154253 0.217188 0.0843673 0.0562451 0.0443883 0.0179692 0.00971295 0.00566182 0.00404692 0.00300991 0.00118465
 2.1381e-27 2.15587e-27 4.86609e-27 9.26828e-22 5.5122e-17 7.53695e-13 2.36925e-09 1.71226e-06 0.00028449 0.0108673 0.0954374 0.192696 0.0903586 0.0339167 0.149078 0.209989 0.0833231 0.0605609 0.0472203 0.0160472 0.00628133 0.00221125 0.00098007 0.00054973 0.000196944
 2.13832e-27 2.15645e-27 4.92603e-27 9.4715e-22 5.63306e-17 7.70221e-13 2.4212e-09 1.74981e-06 0.000290728 0.0111056 0.09753 0.196921 0.0923222 0.0341907 0.149477 0.21047 0.0823904 0.0567157 0.0442881 0.0158745 0.00620879 0.00166337 0.000395621 0.000120499 3.40161e-05
 2.13864e-27 2.15721e-27 5.00372e-27 9.73491e-22 5.78972e-17 7.91641e-13 2.48853e-09 1.79847e-06 0.000298813 0.0114145 0.100242 0.202397 0.0948537 0.0341853 0.147794 0.208064 0.0811008 0.054808 0.0425119 0.0147597 0.0056748 0.00154359 0.000298144 4.45457e-05 6.86893e-06
 2.13748e-27 2.15435e-27 4.69777e-27 8.69691e-22 5.17238e-17 7.07231e-13 2.22319e-09 1.60671e-06 0.000266952 0.0101974 0.0895539 0.180818 0.0849248 0.0354547 0.162047 0.228124 0.0877785 0.0560042 0.0430145 0.0146192 0.00545131 0.00143993 0.000269986 3.19133e-05 2.44859e-06
 2.13603e-27 2.15085e-27 4.33932e-27 7.48152e-22 4.44954e-17 6.08395e-13 1.9125e-09 1.38217e-06 0.000229645 0.00877229 0.0770387 0.15555 0.0732498 0.0356334 0.170754 0.24059 0.0948138 0.0670346 0.0518216 0.0167943 0.00590439 0.00150814 0.000271905 3.02942e-05 1.79425e-06
 2.13908e-27 2.15835e-27 5.13473e-27 1.01798e-21 6.0543e-17 8.27817e-13 2.60225e-09 1.88066e-06 0.000312468 0.0119361 0.104823 0.211645 0.0990808 0.0328911 0.137106 0.193155 0.0779771 0.0604653 0.0474094 0.0158568 0.00569523 0.00138478 0.000233927 2.48265e-05 1.36338e-06
 2.14208e-27 2.16553e-27 5.86705e-27 1.26626e-21 7.53095e-17 1.02972e-12 3.23695e-09 2.33935e-06 0.00038868 0.0148473 0.13039 0.263263 0.122944 0.0328835 0.121502 0.170723 0.0641085 0.0362783 0.0276335 0.00997017 0.00389885 0.000983169 0.000165882 1.66668e-05 8.61371e-07
 2.13753e-27 2.15429e-27 4.66973e-27 8.60071e-22 5.11517e-17 6.99408e-13 2.1986e-09 1.58893e-06 0.000263999 0.0100846 0.0885633 0.178819 0.0840751 0.0374461 0.174807 0.245806 0.0899142 0.0436462 0.031873 0.0100651 0.00349955 0.000944278 0.000173532 1.78782e-05 8.98696e-07
 2.13792e-27 2.15549e-27 4.82881e-27 9.14191e-22 5.43704e-17 7.43418e-13 2.33695e-09 1.68892e-06 0.000280611 0.0107192 0.0941361 0.190069 0.0891493 0.0340576 0.150731 0.212388 0.0852143 0.0645207 0.0495021 0.0140458 0.00405733 0.000946352 0.000162628 1.77779e-05 9.38716e-07
 2.14186e-27 2.165e-27 5.81237e-27 1.24772e-21 7.42067e-17 1.01464e-12 3.18955e-09 2.3051e-06 0.000382988 0.0146299 0.12848 0.259409 0.121164 0.0329395 0.123005 0.172879 0.0653741 0.0383475 0.0291362 0.00989458 0.00350047 0.000741252 0.000103446 9.96609e-06 5.22379e-07
 2.13924e-27 2.15847e-27 5.10635e-27 1.00816e-21 5.99589e-17 8.19831e-13 2.57715e-09 1.86251e-06 0.000309454 0.0118209 0.103812 0.209605 0.0982712 0.0364584 0.159498 0.224143 0.0811219 0.0366983 0.0264241 0.00825002 0.002778 0.000689691 0.000109028 9.33042e-06 4.16535e-07
 2.13764e-27 2.15463e-27 4.71643e-27 8.75963e-22 5.20968e-17 7.12331e-13 2.23922e-09 1.61829e-06 0.000268877 0.0102709 0.0901997 0.182122 0.0855591 0.0362903 0.166756 0.234665 0.0888546 0.052375 0.0387553 0.0104191 0.00274052 0.000614055 9.82938e-05 9.46158e-06 4.2455e-07
 2.13697e-27 2.15308e-27 4.56279e-27 8.23897e-22 4.90002e-17 6.69991e-13 2.10612e-09 1.5221e-06 0.000252895 0.00966042 0.0848383 0.171297 0.0805411 0.0359273 0.167802 0.236274 0.091234 0.0590881 0.0447882 0.013379 0.00401627 0.000789009 0.000100767 8.99813e-06 4.24286e-07
 2.13834e-27 2.15644e-27 4.91774e-27 9.44298e-22 5.6161e-17 7.67901e-13 2.41391e-09 1.74454e-06 0.000289852 0.0110722 0.0972363 0.196328 0.0920729 0.0348496 0.153679 0.216332 0.083698 0.0547016 0.0416728 0.012896 0.00414456 0.000895666 0.000119908 9.22348e-06 3.74883e-07
 2.13958e-27 2.15938e-27 5.21437e-27 1.04485e-21 6.21414e-17 8.49673e-13 2.67096e-09 1.93031e-06 0.000320718 0.0122512 0.107591 0.217234 0.101749 0.0351429 0.149168 0.209747 0.0782917 0.042833 0.0318291 0.00983217 0.00318009 0.000715482 0.000104009 8.58283e-06 3.35051e-07
 2.13832e-27 2.15626e-27 4.87873e-27 9.30975e-22 5.53686e-17 7.57067e-13 2.37985e-09 1.71992e-06 0.000285763 0.0109159 0.0958644 0.193559 0.0908589 0.0366187 0.165313 0.232463 0.0857648 0.0438584 0.0319713 0.00916241 0.00267156 0.00059437 8.8515e-05 7.75441e-06 3.24686e-07
 2.13917e-27 2.15839e-27 5.11276e-27 1.0104e-21 6.00922e-17 8.21654e-13 2.58288e-09 1.86666e-06 0.000310142 0.0118472 0.104043 0.210071 0.0984374 0.0351491 0.151365 0.212927 0.0805665 0.0473276 0.0350927 0.00965923 0.00259395 0.00052971 7.2391e-05 6.29291e-06 2.73977e-07
 2.13864e-27 2.15706e-27 4.96711e-27 9.60969e-22 5.71525e-17 7.81458e-13 2.45652e-09 1.77534e-06 0.00029497 0.0112676 0.098953 0.199795 0.0937215 0.0360801 0.160146 0.225215 0.0836885 0.0446341 0.032887 0.00974779 0.00291042 0.000579704 7.23612e-05 5.73154e-06 2.37568e-07
 2.13936e-27 2.15885e-27 5.15825e-27 1.02582e-21 6.10093e-17 8.34193e-13 2.6223e-09 1.89514e-06 0.000314875 0.012028 0.105631 0.213276 0.0999225 0.0352317 0.150903 0.212229 0.0796794 0.0449574 0.0332184 0.00935077 0.00262439 0.000552425 7.37963e-05 5.62761e-06 2.13453e-07
 2.13996e-27 2.16028e-27 5.3043e-27 1.07533e-21 6.39542e-17 8.74459e-13 2.74887e-09 1.98662e-06 0.000330074 0.0126086 0.110729 0.22357 0.104684 0.0352813 0.148103 0.208182 0.0768739 0.0395199 0.0288552 0.00831395 0.00239371 0.000484606 6.29228e-05 5.01498e-06 1.93653e-07
 2.1388e-27 2.1574e-27 4.9974e-27 9.71217e-22 5.7762e-17 7.89792e-13 2.48272e-09 1.79427e-06 0.000298115 0.0113878 0.100008 0.201925 0.0947203 0.0364461 0.161738 0.227388 0.083488 0.041451 0.0299772 0.00834568 0.00228949 0.00046898 6.14002e-05 4.77311e-06 1.847e-07
 2.13979e-27 2.15988e-27 5.26419e-27 1.06174e-21 6.31458e-17 8.63407e-13 2.71413e-09 1.96151e-06 0.000325902 0.0124492 0.10933 0.220745 0.103372 0.0351308 0.148036 0.208148 0.0777145 0.0425376 0.031153 0.00840575 0.00216785 0.000424677 5.3501e-05 4.1541e-06 1.5979e-07
 2.13904e-27 2.158e-27 5.06201e-27 9.93143e-22 5.9066e-17 8.07622e-13 2.53877e-09 1.83478e-06 0.000304845 0.0116449 0.102266 0.206483 0.0968145 0.0360974 0.158236 0.222469 0.0819925 0.0416697 0.0303466 0.00868459 0.00245426 0.000474358 5.64542e-05 4.17987e-06 1.57001e-07
 2.13803e-27 2.15558e-27 4.81556e-27 9.09586e-22 5.40965e-17 7.39674e-13 2.32517e-09 1.68041e-06 0.000279198 0.0106652 0.093662 0.189112 0.0887831 0.0360859 0.163401 0.229905 0.0867337 0.0501911 0.0372054 0.0104238 0.00288349 0.000587112 7.46751e-05 5.44846e-06 1.94807e-07
 2.13872e-27 2.15734e-27 5.00678e-27 9.74476e-22 5.79558e-17 7.92442e-13 2.49105e-09 1.80029e-06 0.000299116 0.011426 0.100344 0.202602 0.09498 0.0350244 0.152855 0.215098 0.0822949 0.0510687 0.0384509 0.0113741 0.00339718 0.000688618 8.76577e-05 6.71274e-06 2.47279e-07
 2.13917e-27 2.15839e-27 5.11338e-27 1.01061e-21 6.0105e-17 8.21829e-13 2.58343e-09 1.86705e-06 0.000310208 0.0118497 0.104065 0.210115 0.0984571 0.0351248 0.151203 0.212681 0.0802199 0.0464028 0.0347351 0.0106368 0.0033688 0.000723442 9.75665e-05 7.56093e-06 2.84489e-07
#obs catch len freq
 4.10117e-40 2.00724e-33 2.25858e-27 5.84272e-22 3.47489e-17 4.75128e-13 1.49357e-09 1.07941e-06 0.000179345 0.00685074 0.0601632 0.12148 0.0575127 0.0360121 0.183332 0.258461 0.102914 0.0759035 0.0602812 0.0231119 0.00997798 0.0030395 0.000678884 9.39735e-05 6.68372e-06
 4.21168e-40 2.06133e-33 2.31944e-27 6.00017e-22 3.56852e-17 4.87931e-13 1.53382e-09 1.10849e-06 0.000184178 0.00703535 0.0617844 0.124753 0.0590353 0.0362599 0.183858 0.259148 0.102439 0.0734095 0.0579101 0.0216642 0.00911979 0.00272348 0.000590528 7.87278e-05 5.38701e-06
 5.74026e-40 2.80946e-33 3.16125e-27 8.17785e-22 4.86367e-17 6.6502e-13 2.09049e-09 1.5108e-06 0.000251022 0.00958873 0.0842082 0.170026 0.0799238 0.0351411 0.163384 0.230124 0.0900069 0.0617431 0.0482807 0.017578 0.00716754 0.00207811 0.000436899 5.64777e-05 3.7275e-06
 5.22597e-40 2.55775e-33 2.87802e-27 7.44517e-22 4.42792e-17 6.05438e-13 1.9032e-09 1.37545e-06 0.000228532 0.00872965 0.0766638 0.154795 0.0730027 0.0383551 0.187595 0.263852 0.0965231 0.0469178 0.0347329 0.0121931 0.00476885 0.00133544 0.000269891 3.36682e-05 2.14957e-06
 6.02864e-40 2.9506e-33 3.32006e-27 8.58869e-22 5.10802e-17 6.98429e-13 2.19552e-09 1.5867e-06 0.000263633 0.0100704 0.0884387 0.178567 0.0839305 0.036681 0.170211 0.23948 0.0897805 0.0502743 0.0372013 0.0107606 0.00329407 0.000859025 0.000164992 1.96989e-05 1.20949e-06
 5.43357e-40 2.65936e-33 2.99235e-27 7.74093e-22 4.60382e-17 6.29489e-13 1.9788e-09 1.43009e-06 0.000237611 0.00907643 0.0797092 0.160943 0.0758534 0.038568 0.187042 0.263017 0.0955271 0.0442584 0.0319731 0.0098517 0.00314123 0.000681985 0.000105304 1.14813e-05 6.69861e-07
 4.02663e-40 1.97076e-33 2.21753e-27 5.73653e-22 3.41173e-17 4.66492e-13 1.46642e-09 1.05979e-06 0.000176085 0.00672622 0.0590697 0.119273 0.0566302 0.0396801 0.206391 0.29047 0.1077 0.0567006 0.0414326 0.0116213 0.00328152 0.00072846 0.000107378 9.62236e-06 4.79904e-07
 3.91626e-40 1.91674e-33 2.15674e-27 5.57929e-22 3.31821e-17 4.53706e-13 1.42623e-09 1.03074e-06 0.000171259 0.00654186 0.0574506 0.116004 0.0550357 0.0374692 0.193879 0.273237 0.107068 0.0738994 0.0563857 0.0166861 0.00499372 0.00102694 0.000138347 1.19216e-05 5.25357e-07
 9.80634e-40 4.79952e-33 5.4005e-27 1.39706e-21 8.30883e-17 1.13608e-12 3.57128e-09 2.58097e-06 0.000428833 0.0163808 0.143857 0.290453 0.135452 0.0312015 0.103039 0.144773 0.0559737 0.0364997 0.0281204 0.00954648 0.00341154 0.000749735 0.000102606 8.22839e-06 3.36583e-07
 6.95762e-40 3.40527e-33 3.83167e-27 9.91216e-22 5.89513e-17 8.06053e-13 2.53383e-09 1.83121e-06 0.000304258 0.0116222 0.102067 0.206083 0.0967502 0.0393166 0.178007 0.249769 0.0838694 0.0176013 0.00992064 0.00321485 0.00113915 0.000284589 4.55356e-05 3.87777e-06 1.5535e-07
 3.02593e-40 1.48098e-33 1.66642e-27 4.31088e-22 2.56384e-17 3.50559e-13 1.10198e-09 7.96407e-07 0.000132324 0.00505461 0.0443896 0.0896357 0.0430701 0.0434644 0.238425 0.335254 0.118515 0.0447291 0.0298624 0.00636207 0.000896033 0.000175749 2.9039e-05 2.81945e-06 1.25638e-07
 8.51494e-40 4.16747e-33 4.68931e-27 1.21308e-21 7.21464e-17 9.86472e-13 3.10098e-09 2.24109e-06 0.00037236 0.0142237 0.124912 0.252205 0.11777 0.0312252 0.114712 0.161611 0.06724 0.0576069 0.0442253 0.0111312 0.00238475 0.000348996 2.70506e-05 1.98616e-06 9.33618e-08
 7.89847e-40 3.86575e-33 4.34981e-27 1.12525e-21 6.69231e-17 9.15052e-13 2.87647e-09 2.07883e-06 0.000345401 0.0131939 0.115869 0.233948 0.109564 0.0374748 0.158364 0.222156 0.0751189 0.0175361 0.0106256 0.00397893 0.00151295 0.000281689 2.67767e-05 1.37796e-06 3.76317e-08
 4.84471e-40 2.37115e-33 2.66806e-27 6.90201e-22 4.10489e-17 5.61269e-13 1.76435e-09 1.2751e-06 0.00021186 0.00809278 0.0710708 0.143504 0.0679079 0.0416922 0.21137 0.296951 0.102681 0.0314545 0.0198711 0.00432294 0.000687407 0.00015496 2.41926e-05 1.64352e-06 4.50764e-08
 5.21731e-40 2.55351e-33 2.87325e-27 7.43284e-22 4.42059e-17 6.04435e-13 1.90005e-09 1.37317e-06 0.000228154 0.00871518 0.0765368 0.154538 0.0728775 0.0381765 0.186584 0.262548 0.0978422 0.0529593 0.0382054 0.00893019 0.00160491 0.000231023 2.01518e-05 1.57752e-06 6.17131e-08
 3.75106e-40 1.83588e-33 2.06577e-27 5.34395e-22 3.17824e-17 4.34567e-13 1.36607e-09 9.87259e-07 0.000164034 0.0062659 0.0550272 0.111112 0.052905 0.0409607 0.216668 0.304799 0.110612 0.0509456 0.0365091 0.0105506 0.00294662 0.000490179 4.08722e-05 2.07205e-06 6.12277e-08
 7.20792e-40 3.52777e-33 3.96951e-27 1.02687e-21 6.1072e-17 8.3505e-13 2.62499e-09 1.89708e-06 0.000315203 0.0120404 0.105738 0.213494 0.0999872 0.0342613 0.144913 0.203963 0.0791862 0.0525028 0.0394856 0.0106858 0.00279127 0.000562315 6.71505e-05 3.94539e-06 9.8956e-08
 4.78359e-40 2.34124e-33 2.6344e-27 6.81494e-22 4.0531e-17 5.54188e-13 1.74209e-09 1.25902e-06 0.000209187 0.00799068 0.0701742 0.141693 0.0670654 0.0415461 0.211024 0.296465 0.10249 0.0313908 0.0206271 0.00663168 0.00219664 0.000437858 5.30555e-05 3.85817e-06 1.2483e-07
 5.49942e-40 2.69159e-33 3.02862e-27 7.83475e-22 4.65962e-17 6.37119e-13 2.00279e-09 1.44742e-06 0.000240491 0.00918644 0.0806753 0.162894 0.0767269 0.0378178 0.181875 0.255898 0.0953235 0.0514723 0.0371124 0.00868592 0.00168143 0.000353633 5.10587e-05 3.87939e-06 1.37841e-07
 6.01918e-40 2.94597e-33 3.31486e-27 8.57522e-22 5.10001e-17 6.97333e-13 2.19207e-09 1.58422e-06 0.00026322 0.0100547 0.0883 0.178288 0.0838555 0.0381252 0.179111 0.251781 0.0907903 0.0400113 0.0284384 0.0082364 0.00230991 0.000391692 3.8674e-05 2.96151e-06 1.17302e-07
 4.71536e-40 2.30784e-33 2.59682e-27 6.71773e-22 3.99528e-17 5.46283e-13 1.71725e-09 1.24106e-06 0.000206203 0.0078767 0.0691732 0.139672 0.0660902 0.0404591 0.204998 0.288203 0.102775 0.0416758 0.0288401 0.00765325 0.00193696 0.000389 4.70429e-05 2.98051e-06 9.61359e-08
 7.12917e-40 3.48924e-33 3.92614e-27 1.01566e-21 6.04049e-17 8.25928e-13 2.59631e-09 1.87636e-06 0.00031176 0.0119088 0.104583 0.211163 0.0989627 0.0356883 0.154327 0.217009 0.0807551 0.043382 0.0315277 0.00810006 0.00188703 0.000348084 4.10181e-05 2.98345e-06 1.00463e-07
 4.9523e-40 2.42381e-33 2.72731e-27 7.05529e-22 4.19604e-17 5.73733e-13 1.80354e-09 1.30342e-06 0.000216565 0.0082725 0.0726491 0.14669 0.069361 0.0411602 0.207162 0.29106 0.101115 0.0325565 0.0214463 0.00618749 0.00176016 0.000324698 3.51286e-05 2.39306e-06 8.31269e-08
 5.97887e-40 2.92624e-33 3.29265e-27 8.51779e-22 5.06585e-17 6.92663e-13 2.17739e-09 1.57361e-06 0.000261457 0.00998732 0.0877086 0.177094 0.0832792 0.0374801 0.175534 0.246892 0.091218 0.0469903 0.0336682 0.00798176 0.00156591 0.000298069 3.72384e-05 2.54092e-06 8.25462e-08
 6.27847e-40 3.07288e-33 3.45765e-27 8.94461e-22 5.3197e-17 7.27373e-13 2.2865e-09 1.65246e-06 0.000274559 0.0104878 0.0921037 0.185968 0.0874101 0.0382382 0.177486 0.249407 0.0888296 0.0356874 0.0248172 0.00702322 0.00190761 0.00032409 3.11879e-05 2.12869e-06 7.43518e-08
 4.80766e-40 2.35302e-33 2.64765e-27 6.84923e-22 4.07349e-17 5.56976e-13 1.75086e-09 1.26535e-06 0.00021024 0.00803089 0.0705273 0.142406 0.0673579 0.0405609 0.204795 0.287881 0.102164 0.0398552 0.0272464 0.00697128 0.00163543 0.000317034 3.73704e-05 2.32787e-06 7.0427e-08
 5.2476e-40 2.56834e-33 2.88994e-27 7.47599e-22 4.44625e-17 6.07945e-13 1.91108e-09 1.38114e-06 0.000229478 0.00876578 0.0769811 0.155435 0.0732946 0.0382384 0.186691 0.262665 0.097404 0.0512885 0.0371024 0.00938605 0.0021027 0.000370795 4.07679e-05 2.84056e-06 9.32537e-08
 5.67789e-40 2.77893e-33 3.1269e-27 8.08899e-22 4.81083e-17 6.57794e-13 2.06778e-09 1.49439e-06 0.000248295 0.00948454 0.0832933 0.16818 0.0791919 0.0383831 0.183733 0.258338 0.0936992 0.0429913 0.0307432 0.00877921 0.00244408 0.000441547 4.56787e-05 2.93183e-06 9.60051e-08
#spawning biomass
 3602.48 2770.79 3090.81 3866.74 5051.11 6385.03 6854.84 5757.78 7019.25 13862.8 16968.6 15583.1 26520.2 32136.8 30004.6 24134.7 21312.6 23034 21813.3 22853.8 22547.4 23472.8 26942.1 25967.4 29179.3 32794 32116 32556 47767.1 84114.3 87762.5 62668.9 43947.3 33845.2 28878.8 26550.7 25491.2 25018.3 24810.1 24719.2 24679.7 24662.7 24655.3 24652.2 24650.8 24650.2 24650 24649.9 24649.8 24649.8 24649.8 24649.8 24649.8 24649.8 24649.8 24649.8 24649.8 24649.8 24649.8 24649.8 24649.8 24649.8 24649.8 24649.8 24649.8 24649.8 24649.8 24649.8 24649.8 24649.8 24649.8 24649.8 24649.8 24649.8 24649.8 24649.8 24649.8 24649.8 24649.8 24649.8 24649.8 24649.8 24649.8 24649.8 24649.8 24649.8 24649.8 24649.8 24649.8 24649.8 24649.8 24649.8 24649.8 24649.8 24649.8 24649.8 24649.8 24649.8 24649.8 24649.8 24649.8 24649.8 24649.8 24649.8 24649.8 24649.8 24649.8 24649.8 24649.8 24649.8 24649.8 24649.8 24649.8 24649.8 24649.8 24649.8 24649.8 24649.8 24649.8 24649.8 24649.8 24649.8 24649.8 24649.8 24649.8 24649.8 24649.8 24649.8 0 0 0 0 0 0 0 0 0 0 0 0 0 0 0 0 0 0 0 0 0 0 0 0 0
