SBPRF35
0.178139
Curr Bio
240760
B35
443765
F35
1.02212
FOFL
0.691547
OFL
60010.2
Bzero
50895.7
#pred survey bio
 30224.3 34560.3 22979.1 15373.4 28152.4 45737.3 87867.5 133382 193365 225775 219368 228481 233452 266399 293450 254875 288612 295970 267525 274160 273248 311079 314033 346621 306634 343304 270639 309719 1.31634e+07 8.95521e+06 4.27169e+06 2.1051e+06 1.2238e+06 855846 685320 596412 545906 515832 497539 486325 479438 475213 472614 471002 470036 469456 469106 468896 468769 468693 468647 468619 468602 468592 468586 468582 468580 468578 468577 468577 468577 468576 468576 468576 468576 468576 468576 468576 468576 468576 468576 468576 468576 468576 468576 468576 468576 468576 468576 468576 468576 468576 468576 468576 468576 468576 468576 468576 468576 468576 468576 468576 468576 468576 468576 468576 468576 468576 468576 468576 468576 468576 468576 468576 468576 468576 468576 468576 468576 468576 468576 468576 468576 468576 468576 468576 468576 468576 468576 468576 468576 468576 468576 468576 468576 468576 468576 468576 0 0 0 0 0 0 0 0 0 0 0 0 0 0 0 0 0 0 0 0 0 0 0 0 0
#obs survey bio
 21497.4 14265 17954.5 20020.4 24435.6 66283.1 82189.6 170246 237129 264615 214156 179367 207789 241658 188316 191210 228661 216076 172499 246948 227040 194126 218766 202882 192608 307124 150314 248359
#pred catch bio
 7820.91 15292.8 13083.1 7670.24 16023.9 24027 51921.3 81417.2 123134 154283 153065 162834 162421 181081 224309 184689 207567 223730 198717 208195 200401 235952 234900 286202 230969 283752 213063 206683 60010.2 214000 82806.8 30527.5 13756 8965.53 7695.94 7376.26 7298.63 7280.27 7276.01 7275.04 7274.82 7274.77 7274.76 7274.76 7274.76 7274.76 7274.76 7274.76 7274.76 7274.76 7274.76 7274.76 7274.76 7274.76 7274.76 7274.76 7274.76 7274.76 7274.76 7274.76 7274.76 7274.76 7274.76 7274.76 7274.76 7274.76 7274.76 7274.76 7274.76 7274.76 7274.76 7274.76 7274.76 7274.76 7274.76 7274.76 7274.76 7274.76 7274.76 7274.76 7274.76 7274.76 7274.76 7274.76 7274.76 7274.76 7274.76 7274.76 7274.76 7274.76 7274.76 7274.76 7274.76 7274.76 7274.76 7274.76 7274.76 7274.76 7274.76 7274.76 7274.76 7274.76 7274.76 7274.76 7274.76 7274.76 7274.76 7274.76 7274.76 7274.76 7274.76 7274.76 7274.76 7274.76 7274.76 7274.76 7274.76 7274.76 7274.76 7274.76 7274.76 7274.76 7274.76 7274.76 7274.76 7274.76 7274.76 7274.76 0 0 0 0 0 0 0 0 0 0 0 0 0 0 0 0 0 0 0 0 0 0 0 0 0
#obs catch bio
 15700 17777.9 16349.6 8514.68 11220.2 17307.5 39455.2 61713.9 96338.8 130022 133939 139685 128398 147178 216487 168654 188991 195422 169997 171052 166254 209654 192983 264994 209760 231401 190041 172903
#pred cpue bio
 19340.8 25981.8 20433 8668.69 10629.1 18119.8 32936.3 53314.7 76843.4 101788 102190 95223.5 93161.4 101779 121932 95574.4 99547 113455 99818.1 96284.9 91344 102454 103762 110552 80980 104516 78519.4 79676.3 5.10375e+06 8.80925e+06 4.15162e+06 1.98441e+06 1.10309e+06 735140 564614 475705 425200 395126 376833 365618 358732 354506 351907 350296 349330 348749 348400 348190 348063 347986 347940 347912 347895 347885 347879 347875 347873 347872 347871 347870 347870 347870 347870 347870 347870 347870 347870 347870 347870 347870 347870 347870 347870 347870 347870 347870 347870 347870 347870 347870 347870 347870 347870 347870 347870 347870 347870 347870 347870 347870 347870 347870 347870 347870 347870 347870 347870 347870 347870 347870 347870 347870 347870 347870 347870 347870 347870 347870 347870 347870 347870 347870 347870 347870 347870 347870 347870 347870 347870 347870 347870 347870 347870 347870 347870 347870 347870 347870 0 0 0 0 0 0 0 0 0 0 0 0 0 0 0 0 0 0 0 0 0 0 0 0 0
#obs cpue bio
 25567 25503.1 11459.8 11854.5 27884.4 64137.2 78603.1 147832 153144 154768 201154 217031 271298 233468 221461 183182 182740 276476 279701 251909 218092 256900 319569 267164 174851 305814 195810 207604
#pred surv len freq
 1.57137e-11 1.70557e-09 1.09156e-07 4.11921e-06 9.16577e-05 0.00120259 0.00930442 0.0424655 0.114534 0.184199 0.184472 0.136342 0.103099 0.0818786 0.0549879 0.0326002 0.0194896 0.0118053 0.00734107 0.00485584 0.00349262 0.00277244 0.0023118 0.00174395 0.00100646
 1.18257e-11 1.28356e-09 8.21478e-08 3.1e-06 6.89793e-05 0.000905059 0.00700326 0.031982 0.0865204 0.141259 0.15143 0.13822 0.137476 0.122937 0.0824588 0.0457784 0.024756 0.0131733 0.00686818 0.00366379 0.00209336 0.00134818 0.000973425 0.000688503 0.000392839
 6.29703e-12 6.83482e-10 4.37428e-08 1.65072e-06 3.67313e-05 0.000481977 0.00373084 0.0170693 0.0466108 0.0795917 0.101553 0.132866 0.173772 0.171618 0.121532 0.0719766 0.0403897 0.020743 0.00971874 0.00437152 0.00196655 0.000948685 0.000528708 0.000320739 0.000171957
 1.74e-11 1.8886e-09 1.2087e-07 4.56126e-06 0.000101494 0.00133163 0.0103024 0.0470102 0.126653 0.202574 0.197628 0.132359 0.0837535 0.0626521 0.0483894 0.0363625 0.0247772 0.0141683 0.00696148 0.00303567 0.00119365 0.000447408 0.000177413 8.02191e-05 3.67146e-05
 1.9592e-11 2.12653e-09 1.36097e-07 5.13589e-06 0.00011428 0.00149939 0.0116002 0.0529319 0.142601 0.228027 0.222166 0.147657 0.0898174 0.058306 0.0306489 0.0107151 0.00265032 0.000714625 0.000308491 0.000147019 6.0217e-05 2.0953e-05 6.55356e-06 2.05762e-06 6.90598e-07
 1.92034e-11 2.08434e-09 1.33398e-07 5.03401e-06 0.000112013 0.00146965 0.0113702 0.0518845 0.139807 0.223784 0.2191 0.148497 0.094249 0.0630729 0.0331093 0.0110497 0.00220906 0.000261222 1.8225e-05 7.49851e-07 1.81986e-08 2.62621e-10 2.91624e-12 1.96827e-13 4.42153e-14
 1.95747e-11 2.12464e-09 1.35977e-07 5.13134e-06 0.000114179 0.00149806 0.01159 0.0528855 0.142481 0.227874 0.222203 0.148175 0.0907696 0.059102 0.0307533 0.0102436 0.00204719 0.000242097 1.6899e-05 6.96564e-07 1.7012e-08 2.49176e-10 2.2787e-12 1.4507e-14 7.6425e-17
 1.91405e-11 2.07752e-09 1.32961e-07 5.01754e-06 0.000111646 0.00146484 0.0113331 0.051715 0.139354 0.223092 0.218575 0.148551 0.0948379 0.063745 0.033508 0.0111861 0.00223647 0.000264466 1.84513e-05 7.5914e-07 1.84174e-08 2.63463e-10 2.22246e-12 1.10579e-14 3.24738e-17
 1.91816e-11 2.08198e-09 1.33246e-07 5.0283e-06 0.000111886 0.00146798 0.0113574 0.0518257 0.13965 0.223544 0.218918 0.148516 0.0944532 0.0633059 0.0332475 0.011097 0.00221856 0.000262346 1.83034e-05 7.53053e-07 1.82696e-08 2.61348e-10 2.20456e-12 1.09678e-14 3.2198e-17
 1.81957e-11 1.97497e-09 1.26397e-07 4.76985e-06 0.000106135 0.00139253 0.0107738 0.0491676 0.13255 0.212685 0.210681 0.14937 0.103692 0.0738501 0.0395038 0.0132378 0.00264867 0.000313256 2.18559e-05 8.99217e-07 2.18156e-08 3.12067e-10 2.63218e-12 1.30916e-14 3.83938e-17
 1.7904e-11 1.94331e-09 1.24371e-07 4.69339e-06 0.000104434 0.00137021 0.0106012 0.0483812 0.13045 0.209473 0.208244 0.149623 0.106425 0.0769694 0.0413546 0.0138711 0.0027759 0.000328316 2.29068e-05 9.42457e-07 2.28646e-08 3.27072e-10 2.75874e-12 1.37208e-14 4.0237e-17
 1.88335e-11 2.04419e-09 1.30828e-07 4.93704e-06 0.000109855 0.00144134 0.0111513 0.0508871 0.137143 0.21971 0.21601 0.148817 0.0977155 0.0670291 0.0354566 0.0118529 0.00237043 0.000280322 1.95578e-05 8.04663e-07 1.95216e-08 2.79252e-10 2.35538e-12 1.17147e-14 3.43537e-17
 1.91522e-11 2.07878e-09 1.33042e-07 5.02059e-06 0.000111714 0.00146573 0.0113399 0.0517464 0.139438 0.22322 0.218673 0.148541 0.0947289 0.0636206 0.0334343 0.0111609 0.0022314 0.000263866 1.84094e-05 7.57414e-07 1.83753e-08 2.62854e-10 2.21707e-12 1.10268e-14 3.23361e-17
 1.94504e-11 2.11115e-09 1.35113e-07 5.09876e-06 0.000113454 0.00148855 0.0115164 0.0525504 0.141586 0.226505 0.221164 0.148282 0.0919344 0.0604313 0.0315419 0.0105134 0.0021013 0.000248467 1.73349e-05 7.13203e-07 1.73027e-08 2.47511e-10 2.08766e-12 1.03831e-14 3.04486e-17
 1.88564e-11 2.04668e-09 1.30987e-07 4.94304e-06 0.000109989 0.00144309 0.0111649 0.0509489 0.137308 0.219962 0.216201 0.148798 0.0975009 0.0667841 0.0353113 0.0118032 0.00236044 0.00027914 1.94752e-05 8.01267e-07 1.94392e-08 2.78073e-10 2.34544e-12 1.16652e-14 3.42084e-17
 1.95722e-11 2.12437e-09 1.3596e-07 5.13069e-06 0.000114164 0.00149787 0.0115885 0.0528788 0.142463 0.227846 0.222182 0.148177 0.090793 0.0591287 0.030769 0.0102489 0.00204817 0.000242178 1.6896e-05 6.95146e-07 1.68647e-08 2.41244e-10 2.0348e-12 1.01202e-14 2.96777e-17
 2.00764e-11 2.1791e-09 1.39462e-07 5.26286e-06 0.000117105 0.00153646 0.0118869 0.0542382 0.146094 0.2334 0.226395 0.14774 0.0860681 0.0537362 0.0275695 0.00915407 0.00182821 0.000216142 1.50792e-05 6.20395e-07 1.50511e-08 2.15302e-10 1.81599e-12 9.03198e-15 2.64863e-17
 1.94283e-11 2.10875e-09 1.3496e-07 5.09296e-06 0.000113325 0.00148686 0.0115033 0.0524908 0.141426 0.226261 0.220979 0.148302 0.0921417 0.0606678 0.0316823 0.0105614 0.00211095 0.000249609 1.74145e-05 7.16482e-07 1.73823e-08 2.48649e-10 2.09726e-12 1.04309e-14 3.05886e-17
 1.96042e-11 2.12784e-09 1.36182e-07 5.13907e-06 0.000114351 0.00150032 0.0116074 0.052965 0.142693 0.228198 0.222449 0.148149 0.0904935 0.0587868 0.0305662 0.0101795 0.00203422 0.000240527 1.67808e-05 6.90406e-07 1.67497e-08 2.39599e-10 2.02093e-12 1.00512e-14 2.94753e-17
 1.99728e-11 2.16786e-09 1.38743e-07 5.23571e-06 0.000116501 0.00152853 0.0118256 0.053959 0.145348 0.232259 0.225529 0.14783 0.0870386 0.0548439 0.0282267 0.00937896 0.00187339 0.00022149 1.54524e-05 6.35749e-07 1.54237e-08 2.20631e-10 1.86094e-12 9.25552e-15 2.71419e-17
 2.02494e-11 2.19788e-09 1.40664e-07 5.30822e-06 0.000118114 0.0015497 0.0119893 0.0547047 0.14734 0.235305 0.227841 0.14759 0.0844467 0.0518858 0.0264716 0.00877837 0.00175273 0.000207208 1.44557e-05 5.94743e-07 1.44288e-08 2.064e-10 1.74091e-12 8.65853e-15 2.53912e-17
 2.03289e-11 2.20651e-09 1.41216e-07 5.32907e-06 0.000118578 0.00155578 0.0120364 0.0549191 0.147912 0.236181 0.228505 0.147521 0.0837015 0.0510353 0.025967 0.0086057 0.00171803 0.000203102 1.41692e-05 5.82954e-07 1.41428e-08 2.02309e-10 1.7064e-12 8.4869e-15 2.48879e-17
 2.03118e-11 2.20465e-09 1.41097e-07 5.32458e-06 0.000118478 0.00155447 0.0120263 0.0548729 0.147789 0.235992 0.228362 0.147536 0.083862 0.0512185 0.0260757 0.0086429 0.00172551 0.000203986 1.42309e-05 5.85494e-07 1.42044e-08 2.0319e-10 1.71383e-12 8.52387e-15 2.49963e-17
 2.04948e-11 2.22451e-09 1.42368e-07 5.37253e-06 0.000119545 0.00156847 0.0121345 0.0553661 0.149107 0.238007 0.22989 0.147377 0.0821477 0.049262 0.0249148 0.00824567 0.0016457 0.00019454 1.35717e-05 5.58372e-07 1.35464e-08 1.93778e-10 1.63444e-12 8.12901e-15 2.38384e-17
 2.13298e-11 2.31514e-09 1.48169e-07 5.59142e-06 0.000124416 0.00163237 0.0126287 0.0576174 0.15512 0.247204 0.236867 0.146653 0.074323 0.0403319 0.0196163 0.0064326 0.00128144 0.000151424 1.05631e-05 4.34582e-07 1.05432e-08 1.50817e-10 1.27209e-12 6.32681e-15 1.85534e-17
 2.07217e-11 2.24914e-09 1.43945e-07 5.43203e-06 0.000120869 0.00158584 0.0122689 0.055978 0.150741 0.240507 0.231787 0.14718 0.0800208 0.0468347 0.0234746 0.00775285 0.00154669 0.00018282 1.27539e-05 5.24724e-07 1.27301e-08 1.821e-10 1.53595e-12 7.63915e-15 2.24019e-17
 2.09413e-11 2.27298e-09 1.4547e-07 5.4896e-06 0.00012215 0.00160264 0.0123988 0.0565701 0.152322 0.242926 0.233622 0.14699 0.0779629 0.0444861 0.0220811 0.00727602 0.00145089 0.000171481 1.19627e-05 4.92168e-07 1.19402e-08 1.70802e-10 1.44065e-12 7.16517e-15 2.10119e-17
 2.14295e-11 2.32597e-09 1.48862e-07 5.61758e-06 0.000124998 0.00164 0.0126878 0.0578864 0.155838 0.248303 0.237701 0.146567 0.0733878 0.0392646 0.018983 0.00621591 0.0012379 0.000146271 1.02035e-05 4.19787e-07 1.01842e-08 1.45683e-10 1.22878e-12 6.11141e-15 1.79218e-17
#obs surv len freq
 4.68054e-11 4.33776e-09 2.3704e-07 7.63777e-06 0.000145111 0.00162568 0.0107409 0.0418868 0.0968403 0.135822 0.12865 0.112893 0.115964 0.11306 0.0946694 0.0700236 0.0433587 0.0215752 0.00880708 0.00295951 0.00078771 0.000158107 2.28921e-05 2.29964e-06 1.55033e-07
 2.75048e-11 2.45853e-09 1.29578e-07 4.02693e-06 7.37934e-05 0.000797464 0.0050855 0.0192028 0.0437049 0.0652678 0.08422 0.122836 0.16428 0.165737 0.134181 0.0951368 0.0568602 0.0273983 0.0107484 0.00342582 0.000856293 0.00016034 2.15205e-05 1.99158e-06 1.2313e-07
 1.44603e-11 1.2445e-09 6.3154e-08 1.88972e-06 3.33431e-05 0.000346997 0.00213255 0.00779105 0.0175021 0.0280049 0.0451854 0.0821266 0.131139 0.173148 0.191071 0.161335 0.0970676 0.0427198 0.0149059 0.00430005 0.000992331 0.000172441 2.14191e-05 1.82712e-06 1.03766e-07
 2.64882e-10 2.19137e-08 1.06897e-06 3.07471e-05 0.000521469 0.00521484 0.0307498 0.106917 0.219241 0.265359 0.190494 0.0836223 0.027725 0.0155744 0.0167473 0.016258 0.0117734 0.00632995 0.00251899 0.000736015 0.000158107 2.48963e-05 2.80819e-06 2.18834e-07 1.13813e-08
 1.85118e-10 1.46992e-08 6.88216e-07 1.89996e-05 0.000309287 0.002969 0.0168146 0.0563154 0.112935 0.144091 0.145926 0.160136 0.166031 0.119198 0.0533264 0.0155756 0.00400286 0.00146382 0.000622395 0.000207869 4.8424e-05 7.6659e-06 8.17795e-07 5.83434e-08 2.75003e-09
 4.57165e-10 3.47914e-08 1.5612e-06 4.13078e-05 0.000644457 0.00592858 0.0321616 0.102929 0.194768 0.220472 0.158296 0.0908757 0.0625899 0.0518778 0.0404318 0.0249845 0.0105875 0.00284736 0.000491054 6.32437e-05 8.21035e-06 1.10138e-06 1.15657e-07 8.12507e-09 3.65586e-10
 4.99946e-10 3.64156e-08 1.56401e-06 3.96076e-05 0.000591442 0.00520795 0.0270516 0.0830368 0.152043 0.173946 0.149344 0.134278 0.122764 0.0850073 0.0418952 0.0166362 0.00590744 0.00177298 0.000404382 6.5235e-05 7.17822e-06 5.49136e-07 3.1978e-08 1.54015e-09 5.83249e-11
 8.39346e-10 5.84409e-08 2.39927e-06 5.80805e-05 0.000829034 0.00697792 0.0346413 0.101559 0.176982 0.189448 0.143542 0.108204 0.0921055 0.0697219 0.0434373 0.021959 0.00813435 0.00201952 0.00033412 3.95983e-05 3.69166e-06 2.73093e-07 1.48012e-08 5.48956e-10 1.37316e-11
 1.03203e-09 6.86057e-08 2.68915e-06 6.21524e-05 0.000847028 0.00680731 0.0322779 0.0905337 0.152212 0.163493 0.140813 0.132742 0.121371 0.0846233 0.0452471 0.0199348 0.00693658 0.00174551 0.000308444 3.86985e-05 3.46124e-06 2.18578e-07 9.7159e-09 3.05287e-10 6.71876e-12
 1.1864e-09 7.52144e-08 2.81164e-06 6.1974e-05 0.000805495 0.00617437 0.0279368 0.0749493 0.121969 0.133435 0.131849 0.145601 0.142734 0.106845 0.0638474 0.0304479 0.0104921 0.00242686 0.000377197 4.14417e-05 3.37873e-06 2.04338e-07 8.80159e-09 2.58898e-10 5.06588e-12
 2.50252e-09 1.51147e-07 5.38276e-06 0.000113032 0.00139957 0.0102193 0.0440249 0.112176 0.171223 0.166444 0.12885 0.110948 0.0992964 0.0753688 0.0471932 0.0229402 0.00777194 0.00173783 0.000259218 2.69399e-05 2.01972e-06 1.09326e-07 4.18689e-09 1.11111e-10 2.00452e-12
 3.67284e-09 2.11127e-07 7.15607e-06 0.000143019 0.00168545 0.0117139 0.048046 0.116733 0.171154 0.164953 0.136475 0.12521 0.10506 0.0668074 0.0333165 0.0135142 0.00414331 0.000889861 0.000132543 1.40148e-05 1.0604e-06 5.63329e-08 2.0497e-09 5.02371e-11 8.20199e-13
 5.59587e-09 3.0587e-07 9.85812e-06 0.000187345 0.00209939 0.0138745 0.0541217 0.125135 0.175133 0.163113 0.133832 0.121952 0.100144 0.0628448 0.0311564 0.0122246 0.00344454 0.000641814 7.79631e-05 6.43716e-06 3.85977e-07 1.74492e-08 5.81865e-10 1.35943e-11 2.12925e-13
 7.06002e-09 3.66637e-07 1.12267e-05 0.000202705 0.0021582 0.0135538 0.0502805 0.110997 0.151151 0.147099 0.141073 0.143339 0.117818 0.0714511 0.0340249 0.0127494 0.00341217 0.000602469 6.90709e-05 5.29314e-06 2.82887e-07 1.07874e-08 2.91741e-10 5.50734e-12 7.16742e-14
 1.06664e-08 5.25865e-07 1.52869e-05 0.000262033 0.00264859 0.0157917 0.0556286 0.116714 0.151663 0.142795 0.135031 0.135856 0.113192 0.0731863 0.0378533 0.0147322 0.00389099 0.000661488 7.26144e-05 5.33722e-06 2.73384e-07 9.8926e-09 2.48742e-10 4.24149e-12 4.82368e-14
 1.78188e-08 8.33414e-07 2.29844e-05 0.000373764 0.00358413 0.0202737 0.0677558 0.134886 0.166351 0.148623 0.132941 0.125895 0.0982597 0.0591581 0.0284522 0.0103656 0.00258827 0.000420873 4.48254e-05 3.23973e-06 1.63851e-07 5.80481e-09 1.40911e-10 2.29072e-12 2.45721e-14
 2.43407e-08 1.0794e-06 2.82242e-05 0.000435169 0.00395672 0.0212259 0.0673498 0.127969 0.15422 0.144636 0.143291 0.138985 0.103523 0.0578432 0.0256004 0.00861152 0.00199324 0.000300125 2.94554e-05 1.95465e-06 9.11609e-08 3.01798e-09 6.95028e-11 1.08258e-12 1.11551e-14
 3.75455e-08 1.57781e-06 3.90965e-05 0.000571243 0.00492207 0.0250237 0.0752645 0.135696 0.155824 0.140888 0.136082 0.129864 0.0984017 0.0583593 0.0273277 0.00929588 0.0021023 0.000306301 2.922e-05 1.89451e-06 8.57945e-08 2.70778e-09 5.8299e-11 8.39194e-13 7.97487e-15
 6.08105e-08 2.42068e-06 5.68182e-05 0.000786385 0.00641848 0.0309117 0.0880905 0.150599 0.164488 0.14244 0.131856 0.119601 0.0859351 0.0484072 0.0215795 0.00703248 0.00154669 0.000224747 2.20289e-05 1.49461e-06 7.03617e-08 2.25268e-09 4.79528e-11 6.69151e-13 6.07033e-15
 8.32556e-08 3.13832e-06 6.97543e-05 0.000914222 0.00706664 0.0322425 0.0872033 0.142685 0.154364 0.143247 0.143639 0.129353 0.0876767 0.0457317 0.0188064 0.00567039 0.00115592 0.000155694 1.41939e-05 9.07272e-07 4.1128e-08 1.29697e-09 2.76125e-11 3.87085e-13 3.5078e-15
 1.26429e-07 4.51183e-06 9.49402e-05 0.00117803 0.00862097 0.0372452 0.0954451 0.148399 0.154233 0.140503 0.138807 0.122755 0.0834419 0.0444532 0.0183205 0.00533631 0.00102305 0.000127353 1.05838e-05 6.11145e-07 2.50227e-08 7.18635e-10 1.41127e-11 1.85134e-13 1.59246e-15
 1.8861e-07 6.37134e-06 0.000126908 0.0014906 0.0103265 0.0422465 0.102661 0.152317 0.154579 0.14281 0.141022 0.119377 0.0760965 0.0377298 0.0144725 0.003939 0.000708465 8.29702e-05 6.48691e-06 3.50478e-07 1.3279e-08 3.48497e-10 6.1952e-12 7.32597e-14 5.68719e-16
 2.54243e-07 8.12916e-06 0.000153263 0.00170394 0.0111751 0.0433088 0.100003 0.142924 0.146396 0.145285 0.149232 0.124798 0.0781752 0.038191 0.014236 0.00370237 0.000631446 7.01122e-05 5.20948e-06 2.67524e-07 9.59103e-09 2.36378e-10 3.91348e-12 4.27499e-14 3.04218e-16
 4.13758e-07 1.2522e-05 0.000223457 0.00235148 0.0145971 0.0535422 0.116979 0.157941 0.151923 0.140589 0.136089 0.109742 0.067816 0.0328308 0.011894 0.00294401 0.000472449 4.91124e-05 3.40886e-06 1.63433e-07 5.47445e-09 1.26219e-10 1.95586e-12 1.99758e-14 1.3256e-16
 5.78825e-07 1.65817e-05 0.000280096 0.00279015 0.0163984 0.0569939 0.118427 0.15449 0.150584 0.147205 0.142861 0.108931 0.0619592 0.0274193 0.00916456 0.00212176 0.000322446 3.21026e-05 2.15125e-06 9.95276e-08 3.18508e-09 6.92344e-11 1.00111e-12 9.48746e-15 5.82975e-17
 8.15718e-07 2.21215e-05 0.000353746 0.003336 0.0185646 0.0611413 0.12081 0.152028 0.148567 0.1491 0.143614 0.106773 0.0595818 0.0257902 0.00825496 0.00178896 0.000249844 2.24799e-05 1.34394e-06 5.54133e-08 1.60222e-09 3.2082e-11 4.33465e-13 3.85983e-15 2.22564e-17
 1.00573e-06 2.58229e-05 0.000390965 0.00349117 0.0184046 0.0575426 0.108965 0.136365 0.144058 0.159467 0.156625 0.11458 0.0630298 0.026791 0.00829132 0.00171974 0.000229966 1.99414e-05 1.15395e-06 4.57171e-08 1.24428e-09 2.29003e-11 2.79734e-13 2.23947e-15 1.16494e-17
 1.58914e-06 3.86353e-05 0.000553882 0.00468325 0.0233765 0.0691846 0.123856 0.145755 0.143258 0.148497 0.14118 0.104267 0.0596002 0.0259701 0.00795443 0.00159858 0.00020668 1.74865e-05 9.97684e-07 3.90751e-08 1.04385e-09 1.8634e-11 2.18061e-13 1.65154e-15 8.02147e-18
#pred catch len freq
 1.8009e-12 1.9547e-10 1.25101e-08 4.72101e-07 1.05058e-05 0.000137903 0.00106943 0.00493853 0.0141113 0.0290903 0.0593055 0.123657 0.19459 0.200487 0.142842 0.0855921 0.0512499 0.0310491 0.0193073 0.0127708 0.00918545 0.00729139 0.00607994 0.0045865 0.00264694
 1.16784e-12 1.26758e-10 8.11254e-09 3.06152e-07 6.81332e-06 8.94652e-05 0.000695014 0.00323779 0.00963523 0.0227886 0.057215 0.133171 0.215146 0.220605 0.152262 0.0849552 0.0459702 0.0244618 0.012753 0.00680278 0.00388681 0.0025032 0.00180739 0.00127836 0.000729394
 4.78076e-13 5.18907e-11 3.32105e-09 1.25336e-07 2.78996e-06 3.6678e-05 0.000286642 0.00137497 0.00462467 0.0148416 0.0497935 0.129237 0.214905 0.224315 0.160568 0.0952538 0.0534553 0.0274508 0.0128607 0.00578453 0.00260215 0.0012553 0.000699586 0.000424401 0.000227534
 4.63184e-12 5.02742e-10 3.21754e-08 1.21421e-06 2.70182e-05 0.000354531 0.0027446 0.0125636 0.0343959 0.0594457 0.0790583 0.110575 0.152557 0.162627 0.136533 0.103802 0.0707739 0.0404647 0.0198804 0.00866881 0.0034086 0.00127761 0.000506618 0.000229073 0.000104842
 1.44707e-11 1.57065e-09 1.00522e-07 3.79338e-06 8.44076e-05 0.00110748 0.00856917 0.0391239 0.105715 0.171579 0.179178 0.15155 0.13695 0.112413 0.0631529 0.0223892 0.00554889 0.00149405 0.000644156 0.000306914 0.000125704 4.37397e-05 1.36806e-05 4.2953e-06 1.44163e-06
 1.22832e-11 1.33323e-09 8.53262e-08 3.21995e-06 7.16483e-05 0.000940086 0.00727455 0.0332271 0.0899722 0.147567 0.161279 0.154497 0.159097 0.137082 0.0770217 0.0260758 0.00522795 0.000618553 4.31601e-05 1.77582e-06 4.30987e-08 6.21927e-10 6.8988e-12 4.6418e-13 1.04248e-13
 1.49775e-11 1.62566e-09 1.04042e-07 3.92623e-06 8.73638e-05 0.00114626 0.00886916 0.0404911 0.109375 0.177241 0.183791 0.15216 0.133849 0.108267 0.059925 0.0202258 0.00405279 0.000479523 3.34754e-05 1.37984e-06 3.36988e-08 4.93537e-10 4.51189e-12 2.86997e-14 1.5099e-16
 1.44247e-11 1.56567e-09 1.00202e-07 3.78133e-06 8.41396e-05 0.00110397 0.00854201 0.0390008 0.105394 0.171153 0.179173 0.15264 0.139029 0.114179 0.0634325 0.0214258 0.00429372 0.000507972 3.54434e-05 1.45827e-06 3.5379e-08 5.06102e-10 4.26924e-12 2.12417e-14 6.23802e-17
 1.5074e-11 1.63613e-09 1.04712e-07 3.95152e-06 8.79264e-05 0.00115365 0.00892625 0.0407512 0.110069 0.178303 0.184597 0.152077 0.132946 0.107236 0.0593129 0.0200161 0.0040105 0.000474449 3.31041e-05 1.36202e-06 3.30438e-08 4.72694e-10 3.98732e-12 1.98372e-14 5.82354e-17
 1.40753e-11 1.52774e-09 9.77751e-08 3.68973e-06 8.21014e-05 0.00107722 0.0083352 0.0380587 0.102878 0.167304 0.176253 0.152943 0.142304 0.117916 0.0656499 0.0221845 0.00444616 0.000526016 3.67025e-05 1.51007e-06 3.66354e-08 5.24061e-10 4.42028e-12 2.1985e-14 6.44756e-17
 1.38346e-11 1.50161e-09 9.61027e-08 3.62662e-06 8.06971e-05 0.0010588 0.00819271 0.0374096 0.101144 0.164653 0.174242 0.153152 0.14456 0.120491 0.0671776 0.0227073 0.00455118 0.000538447 3.75699e-05 1.54576e-06 3.75013e-08 5.36446e-10 4.52473e-12 2.25041e-14 6.59945e-17
 1.57858e-11 1.71339e-09 1.09657e-07 4.13812e-06 9.20784e-05 0.00120812 0.00934754 0.0426703 0.115195 0.186143 0.190545 0.15146 0.126275 0.0996233 0.0547959 0.0184705 0.00369997 0.000437693 3.05392e-05 1.25649e-06 3.04833e-08 4.36055e-10 3.67796e-12 1.82927e-14 5.36437e-17
 1.60724e-11 1.7445e-09 1.11648e-07 4.21325e-06 9.37501e-05 0.00123005 0.00951717 0.043443 0.117259 0.1893 0.19294 0.151211 0.123589 0.0965581 0.0529773 0.0178482 0.00357494 0.000422894 2.95065e-05 1.214e-06 2.94524e-08 4.21309e-10 3.55359e-12 1.7674e-14 5.18292e-17
 1.63585e-11 1.77556e-09 1.13636e-07 4.28826e-06 9.54192e-05 0.00125195 0.00968653 0.0442145 0.11932 0.192452 0.195331 0.150963 0.120908 0.0934977 0.0511614 0.0172268 0.00345011 0.000408118 2.84755e-05 1.17158e-06 2.84232e-08 4.06587e-10 3.42941e-12 1.70564e-14 5.0018e-17
 1.65916e-11 1.80086e-09 1.15255e-07 4.34935e-06 9.67786e-05 0.00126978 0.00982446 0.0448428 0.120998 0.195018 0.197278 0.150761 0.118724 0.0910053 0.0496826 0.0167208 0.00334844 0.000396084 2.76357e-05 1.13703e-06 2.7585e-08 3.94596e-10 3.32827e-12 1.65534e-14 4.8543e-17
 1.72058e-11 1.86753e-09 1.19521e-07 4.51037e-06 0.000100361 0.00131679 0.010188 0.0464989 0.125422 0.201783 0.20241 0.150229 0.112968 0.0844363 0.0457849 0.0153871 0.00308048 0.000364367 2.54225e-05 1.04596e-06 2.53758e-08 3.62994e-10 3.06172e-12 1.52277e-14 4.46552e-17
 1.79658e-11 1.95001e-09 1.248e-07 4.70958e-06 0.000104794 0.00137494 0.0106378 0.0485477 0.130894 0.210153 0.20876 0.14957 0.105847 0.0763089 0.0409627 0.013737 0.00274896 0.000325127 2.26843e-05 9.33302e-07 2.26425e-08 3.23895e-10 2.73193e-12 1.35875e-14 3.98453e-17
 1.73644e-11 1.88474e-09 1.20623e-07 4.55194e-06 0.000101286 0.00132892 0.0102819 0.0469264 0.126564 0.20353 0.203735 0.150091 0.111482 0.0827402 0.0447786 0.0150427 0.0030113 0.000356178 2.48511e-05 1.02245e-06 2.48054e-08 3.54834e-10 2.99289e-12 1.48854e-14 4.36515e-17
 1.74818e-11 1.89748e-09 1.21438e-07 4.58271e-06 0.000101971 0.0013379 0.0103513 0.0472429 0.127409 0.204823 0.204716 0.149989 0.110382 0.0814849 0.0440338 0.0147879 0.0029601 0.000350118 2.44282e-05 1.00505e-06 2.43832e-08 3.48796e-10 2.94196e-12 1.4632e-14 4.29086e-17
 1.82316e-11 1.97887e-09 1.26647e-07 4.77928e-06 0.000106345 0.00139529 0.0107951 0.0492646 0.132809 0.213082 0.210981 0.149339 0.103355 0.0734654 0.0392755 0.0131597 0.00263297 0.000311398 2.17262e-05 8.93883e-07 2.16862e-08 3.10215e-10 2.61655e-12 1.30136e-14 3.81624e-17
 1.83943e-11 1.99652e-09 1.27777e-07 4.82191e-06 0.000107293 0.00140773 0.0108914 0.049703 0.13398 0.214873 0.21234 0.149198 0.101831 0.0717262 0.0382436 0.0128066 0.00256203 0.000303001 2.11403e-05 8.69775e-07 2.11013e-08 3.01848e-10 2.54598e-12 1.26626e-14 3.71332e-17
 1.87562e-11 2.0358e-09 1.30291e-07 4.91678e-06 0.000109404 0.00143543 0.0111056 0.0506788 0.136586 0.218859 0.215364 0.148884 0.0984397 0.0678556 0.035947 0.0120207 0.00240415 0.000284313 1.98362e-05 8.1612e-07 1.97996e-08 2.83228e-10 2.38892e-12 1.18815e-14 3.48425e-17
 1.86334e-11 2.02248e-09 1.29438e-07 4.8846e-06 0.000108688 0.00142603 0.0110329 0.0503478 0.135702 0.217507 0.214338 0.148991 0.09959 0.0691684 0.0367259 0.0122872 0.00245769 0.000290651 2.02785e-05 8.34318e-07 2.02411e-08 2.89543e-10 2.44219e-12 1.21464e-14 3.56194e-17
 1.95224e-11 2.11897e-09 1.35614e-07 5.11764e-06 0.000113874 0.00149406 0.0115591 0.0527445 0.142104 0.227298 0.221766 0.14822 0.0912596 0.0596612 0.031085 0.010357 0.00206989 0.000244749 1.70754e-05 7.02527e-07 1.70437e-08 2.43806e-10 2.05641e-12 1.02277e-14 2.99928e-17
 2.01908e-11 2.19151e-09 1.40257e-07 5.29284e-06 0.000117772 0.00154521 0.0119546 0.0545465 0.146917 0.234659 0.22735 0.147641 0.0849963 0.0525131 0.0268438 0.00890573 0.00177831 0.000210237 1.46671e-05 6.03439e-07 1.46398e-08 2.09418e-10 1.76636e-12 8.78513e-15 2.57625e-17
 1.98243e-11 2.15173e-09 1.37711e-07 5.19677e-06 0.000115634 0.00151716 0.0117377 0.0535584 0.144278 0.230622 0.224288 0.147958 0.0884309 0.0564329 0.0291695 0.00970157 0.0019382 0.000229162 1.59877e-05 6.57776e-07 1.5958e-08 2.28275e-10 1.92542e-12 9.5762e-15 2.80823e-17
 1.98612e-11 2.15574e-09 1.37967e-07 5.20644e-06 0.00011585 0.00151999 0.0117596 0.0536579 0.144544 0.231029 0.224597 0.147926 0.0880849 0.056038 0.0289352 0.0096214 0.0019221 0.000227256 1.58547e-05 6.52302e-07 1.58252e-08 2.26376e-10 1.90939e-12 9.49651e-15 2.78486e-17
 1.97298e-11 2.14148e-09 1.37055e-07 5.17202e-06 0.000115084 0.00150994 0.0116818 0.0533039 0.143598 0.229583 0.223499 0.14804 0.0893156 0.0574425 0.0297686 0.00990656 0.00197939 0.000234037 1.63279e-05 6.71772e-07 1.62976e-08 2.33133e-10 1.96639e-12 9.77996e-15 2.86798e-17
#obs catch len freq
 4.52941e-11 4.1977e-09 2.29387e-07 7.39116e-06 0.000140426 0.0015732 0.0103945 0.0405418 0.093805 0.132099 0.127319 0.116294 0.122365 0.117417 0.0944128 0.0676078 0.0417915 0.0212332 0.00889942 0.00306182 0.000834846 0.00017235 2.57032e-05 2.65116e-06 1.82473e-07
 6.43657e-11 5.75337e-09 3.03233e-07 9.42364e-06 0.000172683 0.0018659 0.0118907 0.0447324 0.0998464 0.135749 0.12673 0.113008 0.117235 0.113181 0.0937886 0.0684417 0.0415496 0.020246 0.00808335 0.00264161 0.000678319 0.000130304 1.7923e-05 1.6993e-06 1.0754e-07
 3.90005e-11 3.35652e-09 1.70331e-07 5.09671e-06 8.9926e-05 0.000935708 0.00574605 0.0209045 0.0459643 0.0670845 0.0867625 0.126759 0.16621 0.164152 0.131146 0.0916884 0.0536951 0.0253018 0.00968913 0.00299771 0.00072179 0.000129178 1.64515e-05 1.43566e-06 8.32717e-08
 2.09816e-11 1.73582e-09 8.46751e-08 2.43556e-06 4.13102e-05 0.000413278 0.00244213 0.00858724 0.0186577 0.0293916 0.0477394 0.0862561 0.13545 0.176263 0.190578 0.156179 0.0910327 0.0389857 0.0132766 0.00372187 0.000827302 0.000137277 1.61633e-05 1.2991e-06 6.91756e-08
 3.81637e-10 3.03037e-08 1.41882e-06 3.91693e-05 0.000637605 0.0061199 0.034636 0.115589 0.2275 0.264323 0.182269 0.0772071 0.0254839 0.0151125 0.0163014 0.0154051 0.0108223 0.0056342 0.00216404 0.000608484 0.00012537 1.88348e-05 2.01358e-06 1.47798e-07 7.20416e-09
 2.74706e-10 2.09059e-08 9.38112e-07 2.48216e-05 0.000387259 0.00356297 0.0193409 0.0621081 0.119614 0.147618 0.147393 0.160399 0.161425 0.111222 0.047749 0.0135498 0.00352151 0.00131645 0.000546976 0.000174922 3.87703e-05 5.81737e-06 5.86062e-07 3.93288e-08 1.73671e-09
 6.77206e-10 4.93271e-08 2.11854e-06 5.36507e-05 0.00080113 0.00705385 0.0366255 0.112196 0.203268 0.220603 0.152828 0.0863767 0.0595766 0.0489927 0.0374354 0.0223571 0.00906423 0.00232618 0.000385131 4.85466e-05 6.23939e-06 8.07926e-07 8.01748e-08 5.28284e-09 2.22201e-10
 7.57844e-10 5.27662e-08 2.1663e-06 5.24409e-05 0.000748541 0.00630066 0.0312857 0.0918216 0.160917 0.177008 0.148169 0.131133 0.116337 0.0776396 0.0371688 0.0145066 0.00505698 0.00147325 0.000323142 4.9828e-05 5.22849e-06 3.82273e-07 2.13363e-08 9.79165e-10 3.49033e-11
 1.27662e-09 8.48648e-08 3.32646e-06 7.68819e-05 0.00104775 0.00841988 0.0399099 0.111731 0.186056 0.190919 0.140262 0.104082 0.0867151 0.0639963 0.0389737 0.0191145 0.00679342 0.00161133 0.000255417 2.91847e-05 2.62651e-06 1.86063e-07 9.56863e-09 3.35026e-10 7.89075e-12
 1.59867e-09 1.01352e-07 3.7887e-06 8.35099e-05 0.00108538 0.00831899 0.0376213 0.100666 0.161663 0.166747 0.139797 0.128818 0.113824 0.076735 0.0400145 0.0171878 0.00577398 0.0013941 0.000236111 2.83664e-05 2.42284e-06 1.45676e-07 6.15036e-09 1.82979e-10 3.79597e-12
 1.88659e-09 1.13945e-07 4.05793e-06 8.52123e-05 0.00105513 0.00770535 0.0332174 0.0849379 0.131962 0.138699 0.133122 0.142481 0.134693 0.0978567 0.0570065 0.0262802 0.00866563 0.0019119 0.000284084 2.99342e-05 2.33907e-06 1.3488e-07 5.50621e-09 1.52798e-10 2.81144e-12
 3.93195e-09 2.26022e-07 7.66093e-06 0.000153109 0.00180433 0.0125393 0.0514154 0.124716 0.181382 0.168634 0.126124 0.105571 0.0916144 0.0677197 0.0412552 0.0192924 0.00623386 0.00132718 0.000188908 1.87753e-05 1.34485e-06 6.92921e-08 2.51544e-09 6.30349e-11 1.06986e-12
 5.83502e-09 3.18942e-07 1.02794e-05 0.000195351 0.0021891 0.0144671 0.0564273 0.130396 0.182009 0.167563 0.133291 0.117534 0.0945625 0.0580698 0.0281826 0.0110739 0.00325621 0.000667946 9.50677e-05 9.60459e-06 6.9226e-07 3.48834e-08 1.19956e-09 2.77045e-11 4.25054e-13
 8.93507e-09 4.6401e-07 1.42084e-05 0.000256538 0.00273127 0.0171496 0.063561 0.139658 0.185898 0.165145 0.129867 0.113359 0.0892071 0.0540926 0.0260441 0.00984538 0.00264419 0.00046757 5.39768e-05 4.25342e-06 2.44081e-07 1.05325e-08 3.33105e-10 7.33649e-12 1.0786e-13
 1.14756e-08 5.65762e-07 1.64467e-05 0.000281913 0.00284951 0.0169892 0.0598379 0.125452 0.162429 0.150785 0.138294 0.134054 0.105398 0.0617162 0.0285107 0.0102779 0.0026187 0.000438307 4.76711e-05 3.4747e-06 1.76846e-07 6.41064e-09 1.64244e-10 2.92742e-12 3.58573e-14
 1.74985e-08 8.18436e-07 2.25713e-05 0.000367047 0.00351973 0.0199094 0.066539 0.13247 0.163418 0.146201 0.131394 0.125848 0.100616 0.0630107 0.0315063 0.0117191 0.00293422 0.000471989 4.91135e-05 3.43115e-06 1.67158e-07 5.73835e-09 1.36348e-10 2.18969e-12 2.33921e-14
 2.91232e-08 1.29148e-06 3.37696e-05 0.000520664 0.00473382 0.025388 0.0804488 0.151856 0.177559 0.150244 0.127016 0.114043 0.0852188 0.0496212 0.0230601 0.0080298 0.00190115 0.000292631 2.95585e-05 2.03039e-06 9.75475e-08 3.27219e-09 7.49248e-11 1.14543e-12 1.15268e-14
 4.00512e-08 1.6831e-06 4.17057e-05 0.000609364 0.0052505 0.0266922 0.0802638 0.144542 0.1651 0.146611 0.137265 0.126187 0.0898673 0.0484909 0.0207252 0.00666198 0.00146118 0.000208041 1.9343e-05 1.21931e-06 5.40393e-08 1.69514e-09 3.68344e-11 5.39362e-13 5.20959e-15
 6.1743e-08 2.4578e-06 5.76894e-05 0.000798443 0.00651684 0.0313841 0.0894177 0.152711 0.166046 0.141852 0.129253 0.117089 0.0851733 0.0488468 0.0219896 0.00711223 0.00152054 0.000209369 1.89202e-05 1.16433e-06 5.00045e-08 1.4918e-09 3.02522e-11 4.09021e-13 3.64245e-15
 9.975e-08 3.76007e-06 8.35735e-05 0.00109532 0.00846567 0.0386077 0.104179 0.168592 0.173998 0.141556 0.122715 0.105285 0.0725322 0.0394771 0.0169112 0.00524235 0.00109155 0.000150218 1.39689e-05 8.98939e-07 4.00211e-08 1.20725e-09 2.41428e-11 3.15821e-13 2.68065e-15
 1.38266e-07 4.93425e-06 0.000103829 0.00128831 0.00942762 0.0407219 0.104251 0.161326 0.164415 0.14235 0.133014 0.113101 0.0733812 0.0369301 0.0145844 0.00418113 0.00080647 0.000102835 8.8972e-06 5.40074e-07 2.31866e-08 6.89479e-10 1.37874e-11 1.80984e-13 1.53206e-15
 2.11137e-07 7.13229e-06 0.000142064 0.00166859 0.0115585 0.0472657 0.11461 0.168339 0.16413 0.138185 0.126289 0.105383 0.0686726 0.0352476 0.0138882 0.00383196 0.000693441 8.15693e-05 6.42362e-06 3.51971e-07 1.36496e-08 3.69859e-10 6.82676e-12 8.39056e-14 6.74381e-16
 3.14198e-07 1.00461e-05 0.000189403 0.00210566 0.0138071 0.0534595 0.122894 0.172106 0.163377 0.138872 0.126691 0.101149 0.0617497 0.0294709 0.0108039 0.00278515 0.000472784 5.23036e-05 3.87198e-06 1.98242e-07 7.10288e-09 1.7565e-10 2.93256e-12 3.24818e-14 2.3563e-16
 4.31237e-07 1.30509e-05 0.000232896 0.0024508 0.0152131 0.0557931 0.121807 0.163908 0.155728 0.140585 0.133038 0.105031 0.06304 0.0295949 0.0105159 0.00258627 0.000416057 4.36299e-05 3.06844e-06 1.49202e-07 5.05265e-09 1.17202e-10 1.82043e-12 1.86096e-14 1.23659e-16
 6.92951e-07 1.9851e-05 0.000335318 0.00334006 0.0196251 0.0681218 0.140704 0.178744 0.159054 0.1331 0.118189 0.0899456 0.0532612 0.0247237 0.00851382 0.00198932 0.000300848 2.95189e-05 1.93837e-06 8.79579e-08 2.78203e-09 6.03475e-11 8.76914e-13 8.37678e-15 5.18768e-17
 9.80365e-07 2.65865e-05 0.00042514 0.00400903 0.0223032 0.0733499 0.143974 0.176059 0.157014 0.137272 0.121951 0.0876487 0.0476888 0.0202228 0.00642747 0.00140566 0.000201447 1.89392e-05 1.20039e-06 5.24999e-08 1.58381e-09 3.23447e-11 4.38177e-13 3.88178e-15 2.22519e-17
 1.38573e-06 3.55793e-05 0.000538662 0.00480934 0.0253359 0.0789538 0.147274 0.173213 0.153761 0.137559 0.121614 0.0853934 0.0455829 0.0188639 0.00572589 0.00116971 0.000153782 1.30463e-05 7.37157e-07 2.87483e-08 7.84584e-10 1.47742e-11 1.87062e-13 1.55655e-15 8.36795e-18
 1.74593e-06 4.24471e-05 0.000608525 0.00514511 0.0256781 0.0759434 0.135525 0.157431 0.149295 0.147562 0.134031 0.0929063 0.0488954 0.0198335 0.00581145 0.00113573 0.000143004 1.16949e-05 6.39184e-07 2.39059e-08 6.12669e-10 1.0585e-11 1.21068e-13 9.05669e-16 4.39379e-18
#spawning biomass
 26998.8 32065.3 22282.1 13373.1 22922 37504 71474.9 109516 158630 188921 184570 188796 191635 217290 242368 207337 232118 241525 217474 221023 218870 248701 251165 276008 239005 271839 213111 240760 307420 413770 161907 62173.2 30178.3 21039.4 18617.4 18007.5 17859.4 17824.4 17816.3 17814.4 17814 17813.9 17813.9 17813.9 17813.9 17813.9 17813.9 17813.9 17813.9 17813.9 17813.9 17813.9 17813.9 17813.9 17813.9 17813.9 17813.9 17813.9 17813.9 17813.9 17813.9 17813.9 17813.9 17813.9 17813.9 17813.9 17813.9 17813.9 17813.9 17813.9 17813.9 17813.9 17813.9 17813.9 17813.9 17813.9 17813.9 17813.9 17813.9 17813.9 17813.9 17813.9 17813.9 17813.9 17813.9 17813.9 17813.9 17813.9 17813.9 17813.9 17813.9 17813.9 17813.9 17813.9 17813.9 17813.9 17813.9 17813.9 17813.9 17813.9 17813.9 17813.9 17813.9 17813.9 17813.9 17813.9 17813.9 17813.9 17813.9 17813.9 17813.9 17813.9 17813.9 17813.9 17813.9 17813.9 17813.9 17813.9 17813.9 17813.9 17813.9 17813.9 17813.9 17813.9 17813.9 17813.9 17813.9 17813.9 0 0 0 0 0 0 0 0 0 0 0 0 0 0 0 0 0 0 0 0 0 0 0 0 0
