SBPRF35
0.0628122
Curr Bio
313759
B35
199647
F35
41121.2
FOFL
41121.2
OFL
334503
Bzero
10994.7
#pred survey bio
 11172.8 8738.96 12594.5 18932.8 23937.7 23014.6 33154.4 34333.3 47569 54264.8 64698.7 82369.4 88169 107871 104743 100794 91363.1 88598.2 79223 78730.9 96687.9 101672 102485 130963 139382 128726 85465.8 76353.1 1.87105e+06 384059 138587 52215.3 32223.7 27794.6 26822 26610.2 26564.4 26554.5 26552.5 26552 26551.9 26551.9 26551.9 26551.9 26551.9 26551.9 26551.9 26551.9 26551.9 26551.9 26551.9 26551.9 26551.9 26551.9 26551.9 26551.9 26551.9 26551.9 26551.9 26551.9 26551.9 26551.9 26551.9 26551.9 26551.9 26551.9 26551.9 26551.9 26551.9 26551.9 26551.9 26551.9 26551.9 26551.9 26551.9 26551.9 26551.9 26551.9 26551.9 26551.9 26551.9 26551.9 26551.9 26551.9 26551.9 26551.9 26551.9 26551.9 26551.9 26551.9 26551.9 26551.9 26551.9 26551.9 26551.9 26551.9 26551.9 26551.9 26551.9 26551.9 26551.9 26551.9 26551.9 26551.9 26551.9 26551.9 26551.9 26551.9 26551.9 26551.9 26551.9 26551.9 26551.9 26551.9 26551.9 26551.9 26551.9 26551.9 26551.9 26551.9 26551.9 26551.9 26551.9 26551.9 26551.9 26551.9 26551.9 26551.9 0 0 0 0 0 0 0 0 0 0 0 0 0 0 0 0 0 0 0 0 0 0 0 0 0
#obs survey bio
 9901.42 11255.2 15454.3 17542 20985.2 18266.5 38532.5 31398.2 42679.5 61326.3 65789 78991.3 83870.5 116976 97876.4 94141.7 72718.9 93060.9 77972.9 77896.2 90866.6 114648 100698 125296 126727 141878 73690 82519.6
#pred catch bio
 9270.4 5746.49 6609.08 9755.15 14933.5 16786.6 21592.5 24991.6 31708 37230.5 47864 61787.4 77762 94581.1 105236 92465.4 86452.3 74608.2 86307.5 79923.5 86050.2 87851.9 91491.9 99148.6 113985 121712 102673 95677.4 334503 6605.85 6605.85 6605.85 6605.85 6605.85 6605.85 6605.85 6605.85 6605.85 6605.85 6605.85 6605.85 6605.85 6605.85 6605.85 6605.85 6605.85 6605.85 6605.85 6605.85 6605.85 6605.85 6605.85 6605.85 6605.85 6605.85 6605.85 6605.85 6605.85 6605.85 6605.85 6605.85 6605.85 6605.85 6605.85 6605.85 6605.85 6605.85 6605.85 6605.85 6605.85 6605.85 6605.85 6605.85 6605.85 6605.85 6605.85 6605.85 6605.85 6605.85 6605.85 6605.85 6605.85 6605.85 6605.85 6605.85 6605.85 6605.85 6605.85 6605.85 6605.85 6605.85 6605.85 6605.85 6605.85 6605.85 6605.85 6605.85 6605.85 6605.85 6605.85 6605.85 6605.85 6605.85 6605.85 6605.85 6605.85 6605.85 6605.85 6605.85 6605.85 6605.85 6605.85 6605.85 6605.85 6605.85 6605.85 6605.85 6605.85 6605.85 6605.85 6605.85 6605.85 6605.85 6605.85 6605.85 6605.85 6605.85 6605.85 0 0 0 0 0 0 0 0 0 0 0 0 0 0 0 0 0 0 0 0 0 0 0 0 0
#obs catch bio
 6497.43 5889.47 6646.07 9727.15 15157.5 16961 21736.2 25163.8 31933.9 37316.4 47615.9 62249 77621.7 93906.8 105160 93072.4 85604.7 74193.7 85469.2 79597.1 85350.6 86397.3 90882.3 97778.1 111945 119238 101197 96153.2
#pred cpue bio
 11128.6 8410.85 11646.8 17799.1 22660.5 21468.6 30927.8 31883.8 43620.5 48405.5 58605 74292.7 78171.7 98295.2 98175.2 93247.9 83415.8 80160.1 71750.5 71104 85277.6 89405.5 90107.1 113001 121046 114247 76676.9 68231.3 1.68537e+06 384999 138107 47238.8 27019 22582 21609.1 21397.3 21351.5 21341.7 21339.6 21339.1 21339 21339 21339 21339 21339 21339 21339 21339 21339 21339 21339 21339 21339 21339 21339 21339 21339 21339 21339 21339 21339 21339 21339 21339 21339 21339 21339 21339 21339 21339 21339 21339 21339 21339 21339 21339 21339 21339 21339 21339 21339 21339 21339 21339 21339 21339 21339 21339 21339 21339 21339 21339 21339 21339 21339 21339 21339 21339 21339 21339 21339 21339 21339 21339 21339 21339 21339 21339 21339 21339 21339 21339 21339 21339 21339 21339 21339 21339 21339 21339 21339 21339 21339 21339 21339 21339 21339 21339 0 0 0 0 0 0 0 0 0 0 0 0 0 0 0 0 0 0 0 0 0 0 0 0 0
#obs cpue bio
 5462.72 5193.99 8542.8 18968.3 23246.9 19796.7 27250.6 27396.1 46832.5 41739.2 57693.8 74877.9 82952.9 104716 99082.3 95296.1 115393 86114.4 82517.1 71615.3 110309 101072 97068 154645 177334 150234 104316 62582.2
#pred surv len freq
 2.554e-27 2.56463e-27 1.34431e-26 2.29649e-20 5.62957e-15 1.66814e-10 5.97501e-07 0.000258695 0.0135392 0.0856533 0.065959 0.0349784 0.219905 0.204614 0.0724892 0.114852 0.0507764 0.0406812 0.0248461 0.018671 0.0144316 0.012294 0.0121478 0.0106614 0.00324201
 2.55971e-27 2.57969e-27 2.60955e-26 4.96535e-20 1.21719e-14 3.60676e-10 1.29188e-06 0.000559336 0.0292736 0.185193 0.141994 0.0367043 0.179626 0.167621 0.0698921 0.117435 0.0391106 0.0150423 0.00659877 0.00370408 0.00233163 0.0016987 0.0014836 0.00129837 0.000432085
 2.56299e-27 2.5878e-27 3.24608e-26 6.30785e-20 1.54629e-14 4.58195e-10 1.64118e-06 0.000710567 0.0371885 0.235265 0.180308 0.0417957 0.191451 0.177019 0.0441987 0.0564596 0.0204699 0.0103283 0.00310023 0.000860018 0.000352318 0.000194929 0.000140558 0.000115151 3.96152e-05
 2.5613e-27 2.58312e-27 2.82328e-26 5.4159e-20 1.32764e-14 3.93404e-10 1.40911e-06 0.00061009 0.0319299 0.201998 0.154935 0.0436154 0.223127 0.206241 0.0492943 0.0605613 0.0192017 0.00582861 0.00190452 0.000571147 0.000114469 3.3364e-05 1.68826e-05 1.18483e-05 4.02648e-06
 2.56086e-27 2.58216e-27 2.76146e-26 5.28556e-20 1.29569e-14 3.83936e-10 1.3752e-06 0.000595407 0.0311615 0.197136 0.151195 0.0418706 0.212477 0.196883 0.0561457 0.0785453 0.0246784 0.00698712 0.00184487 0.000379161 8.13232e-05 1.31835e-05 2.91023e-06 1.44254e-06 4.58077e-07
 2.56213e-27 2.58542e-27 3.03082e-26 5.85373e-20 1.43497e-14 4.25208e-10 1.52302e-06 0.00065941 0.0345112 0.218328 0.167389 0.0426503 0.207033 0.191477 0.0482598 0.0619277 0.019752 0.00609501 0.00158598 0.000281733 4.20248e-05 5.76872e-06 6.52876e-07 1.3377e-07 3.50128e-08
 2.56198e-27 2.58488e-27 2.97121e-26 5.72794e-20 1.40414e-14 4.16071e-10 1.4903e-06 0.000645241 0.0337696 0.213636 0.163825 0.0438042 0.218318 0.20169 0.0464446 0.0551714 0.0170045 0.00432299 0.0011224 0.000211999 2.91792e-05 2.92431e-06 2.32548e-07 1.79108e-08 2.51472e-09
 2.56245e-27 2.58618e-27 3.08868e-26 5.97576e-20 1.46489e-14 4.34072e-10 1.55477e-06 0.000673157 0.0352306 0.222879 0.170873 0.0432208 0.208927 0.193095 0.0462109 0.0567823 0.0171868 0.00382591 0.000922722 0.000148363 2.07302e-05 2.02278e-06 1.20204e-07 5.06701e-09 2.39432e-10
 2.56346e-27 2.58885e-27 3.31636e-26 6.45604e-20 1.58262e-14 4.68959e-10 1.67973e-06 0.000727259 0.0380621 0.240792 0.184552 0.0432667 0.199665 0.184373 0.041477 0.0481848 0.0146338 0.00335182 0.000787546 0.00011071 1.34717e-05 1.21306e-06 7.00818e-08 2.1681e-09 4.17471e-11
 2.56549e-27 2.59423e-27 3.78253e-26 7.43943e-20 1.82369e-14 5.40391e-10 1.93559e-06 0.000838036 0.0438598 0.277469 0.21255 0.0427599 0.176137 0.162455 0.0338821 0.0363685 0.0108701 0.00221367 0.0005121 7.28937e-05 8.22103e-06 6.32011e-07 3.24217e-08 9.36903e-10 1.22321e-11
 2.56414e-27 2.59047e-27 3.43757e-26 6.71165e-20 1.64528e-14 4.87526e-10 1.74624e-06 0.000756053 0.0395691 0.250325 0.191856 0.044782 0.206065 0.189845 0.0346003 0.0311012 0.009116 0.00158658 0.000346292 4.42689e-05 4.90426e-06 3.63022e-07 1.60515e-08 4.0338e-10 4.69394e-12
 2.56461e-27 2.59182e-27 3.5652e-26 6.98093e-20 1.71129e-14 5.07086e-10 1.8163e-06 0.000786387 0.0411567 0.260369 0.199507 0.0436748 0.192263 0.177294 0.0357438 0.0368514 0.0105908 0.00144016 0.000285959 3.1532e-05 3.15474e-06 2.16216e-07 9.21089e-09 2.03364e-10 2.03706e-12
 2.56573e-27 2.59478e-27 3.81967e-26 7.51773e-20 1.84288e-14 5.46079e-10 1.95596e-06 0.000846857 0.0443214 0.28039 0.214794 0.0436205 0.18111 0.166824 0.0306614 0.0279075 0.00806523 0.00119917 0.00023564 2.0549e-05 1.75049e-06 1.03082e-07 3.96934e-09 8.26835e-11 7.38264e-13
 2.56353e-27 2.58869e-27 3.27108e-26 6.36039e-20 1.55917e-14 4.62011e-10 1.65485e-06 0.000716485 0.0374982 0.237225 0.181873 0.046071 0.222888 0.205191 0.0340922 0.0260646 0.00736756 0.00084356 0.00015332 1.40964e-05 1.10874e-06 5.1247e-08 1.64856e-09 3.02385e-11 2.49934e-13
 2.56123e-27 2.5826e-27 2.74693e-26 5.25471e-20 1.28813e-14 3.81695e-10 1.36717e-06 0.000591932 0.0309796 0.195986 0.150388 0.0463425 0.247075 0.227841 0.044104 0.0431695 0.0121332 0.00117923 0.00019327 1.42118e-05 1.03048e-06 4.74454e-08 1.25638e-09 1.84315e-11 1.3129e-13
 2.56255e-27 2.58628e-27 3.0789e-26 5.95505e-20 1.45981e-14 4.32568e-10 1.54938e-06 0.000670824 0.0351085 0.222107 0.170308 0.0447612 0.221046 0.203956 0.0423244 0.0451301 0.0128293 0.00148186 0.000257915 1.62156e-05 9.78259e-07 3.67094e-08 9.28455e-10 1.18916e-11 6.71272e-14
 2.56356e-27 2.5889e-27 3.30195e-26 6.42558e-20 1.57515e-14 4.66746e-10 1.67181e-06 0.000723828 0.0378825 0.239656 0.18371 0.0449039 0.212715 0.196063 0.0371843 0.0354111 0.0101435 0.00133702 0.000248019 1.80754e-05 1.13709e-06 3.51814e-08 7.1456e-10 8.07033e-12 4.07651e-14
 2.56418e-27 2.59054e-27 3.43974e-26 6.71621e-20 1.6464e-14 4.87857e-10 1.74742e-06 0.000756567 0.039596 0.250496 0.19199 0.0450711 0.20817 0.19173 0.0339049 0.0290216 0.00819536 0.000895623 0.000157019 1.2757e-05 8.90682e-07 3.14327e-08 5.90602e-10 5.298e-12 2.24995e-14
 2.56413e-27 2.59041e-27 3.43003e-26 6.69574e-20 1.64138e-14 4.8637e-10 1.7421e-06 0.000754261 0.0394753 0.249732 0.191405 0.0449561 0.207707 0.191339 0.0344992 0.0304725 0.00859003 0.000903678 0.000152986 1.07269e-05 7.20697e-07 2.87353e-08 6.11858e-10 5.60822e-12 1.97827e-14
 2.56417e-27 2.59041e-27 3.41892e-26 6.67227e-20 1.63563e-14 4.84665e-10 1.73599e-06 0.000751617 0.0393369 0.248857 0.190753 0.0459605 0.215808 0.198579 0.0314964 0.0218074 0.00605298 0.000513858 7.71183e-05 5.02339e-06 3.06131e-07 1.07041e-08 2.38408e-10 2.4853e-12 9.3632e-15
 2.56599e-27 2.59543e-27 3.87119e-26 7.62639e-20 1.86952e-14 5.53971e-10 1.98423e-06 0.000859097 0.044962 0.284442 0.217894 0.0439595 0.181512 0.167086 0.0287453 0.0234577 0.00650352 0.000503032 6.98386e-05 3.86278e-06 2.0337e-07 6.43349e-09 1.26385e-10 1.27142e-12 5.30408e-15
 2.56609e-27 2.59564e-27 3.88397e-26 7.65333e-20 1.87612e-14 5.55928e-10 1.99124e-06 0.000862132 0.0451209 0.285447 0.218669 0.0444342 0.18458 0.169788 0.026871 0.0185128 0.00515959 0.000476862 7.35829e-05 3.78745e-06 1.7722e-07 4.64004e-09 7.94593e-11 7.05222e-13 2.72952e-15
 2.56612e-27 2.59571e-27 3.89094e-26 7.66803e-20 1.87972e-14 5.56996e-10 1.99507e-06 0.000863788 0.0452075 0.285996 0.219086 0.0443461 0.183616 0.168916 0.0270465 0.0191294 0.00529926 0.00042689 6.1413e-05 3.65922e-06 1.91596e-07 4.56921e-09 6.64839e-11 4.9128e-13 1.66164e-15
 2.56732e-27 2.59899e-27 4.18204e-26 8.28213e-20 2.03026e-14 6.01604e-10 2.15484e-06 0.000932965 0.048828 0.3089 0.236559 0.0433586 0.163824 0.150678 0.0242604 0.0173701 0.00482122 0.000403189 5.88465e-05 3.14254e-06 1.55909e-07 4.33571e-09 6.48432e-11 4.16594e-13 1.16872e-15
 2.56689e-27 2.59782e-27 4.07697e-26 8.06047e-20 1.97593e-14 5.85503e-10 2.09717e-06 0.000907996 0.0475212 0.300632 0.230254 0.0438282 0.171828 0.158025 0.024873 0.0169192 0.00471033 0.000428341 6.59438e-05 3.66607e-06 1.82851e-07 4.57815e-09 7.10462e-11 5.05806e-13 1.32204e-15
 2.56544e-27 2.59384e-27 3.72254e-26 7.31277e-20 1.79264e-14 5.3119e-10 1.90263e-06 0.000823768 0.043113 0.272745 0.20898 0.0450819 0.196315 0.18058 0.0281088 0.0186165 0.00515183 0.000417563 6.02554e-05 3.55461e-06 1.88473e-07 4.8927e-09 7.25817e-11 4.95397e-13 1.40402e-15
 2.56462e-27 2.59159e-27 3.52027e-26 6.88605e-20 1.68803e-14 5.00194e-10 1.79161e-06 0.000775699 0.0405973 0.25683 0.196841 0.0459339 0.211328 0.194377 0.0295263 0.0183734 0.00503744 0.000334734 4.07576e-05 2.12233e-06 1.02931e-07 2.84144e-09 4.43951e-11 3.02742e-13 8.16427e-16
 2.56486e-27 2.5922e-27 3.57136e-26 6.99382e-20 1.71445e-14 5.08023e-10 1.81965e-06 0.00078784 0.0412327 0.26085 0.199912 0.0460496 0.210051 0.193132 0.0280989 0.0154343 0.00419413 0.000232512 2.26254e-05 9.77437e-07 3.70436e-08 8.81075e-10 1.33877e-11 9.69695e-14 2.67931e-16
#obs surv len freq
 1.08637e-41 1.50781e-33 2.52966e-26 5.1301e-20 1.25758e-14 3.72645e-10 1.33475e-06 0.000577903 0.0302451 0.19134 0.146815 0.0402083 0.173455 0.146751 0.103714 0.101511 0.0438054 0.0171648 0.00389428 0.00049077 2.51519e-05 3.80347e-07 1.28054e-09 7.83607e-13 7.63776e-17
 1.60351e-41 2.22557e-33 3.73385e-26 7.57217e-20 1.85623e-14 5.50035e-10 1.97013e-06 0.000853 0.0446426 0.282423 0.21638 0.0406509 0.126513 0.102132 0.0760795 0.0688328 0.0288945 0.0102909 0.00207264 0.000223819 9.40893e-06 1.10625e-07 2.77388e-10 1.23118e-13 8.57678e-18
 1.53526e-41 2.13084e-33 3.57492e-26 7.24987e-20 1.77722e-14 5.26623e-10 1.88628e-06 0.000816693 0.0427424 0.270402 0.207432 0.0500402 0.176966 0.128978 0.0564526 0.0425571 0.0170571 0.00548907 0.000973803 8.77762e-05 2.9562e-06 2.68048e-08 5.01028e-11 1.61733e-14 8.07028e-19
 1.07763e-41 1.49568e-33 2.50931e-26 5.08883e-20 1.24747e-14 3.69647e-10 1.32402e-06 0.000573253 0.0300018 0.189802 0.146117 0.056461 0.230003 0.162936 0.0979941 0.065791 0.0158536 0.00383358 0.000587252 4.3671e-05 1.15266e-06 7.91362e-09 1.09511e-11 2.57258e-15 9.22284e-20
 1.50094e-41 2.08321e-33 3.49502e-26 7.08783e-20 1.7375e-14 5.14852e-10 1.84412e-06 0.000798439 0.0417871 0.264359 0.20285 0.0472127 0.142285 0.104241 0.104159 0.0692659 0.0191276 0.00356286 0.00032993 1.84823e-05 3.76367e-07 1.92554e-09 1.9457e-12 3.3027e-16 8.49504e-21
 1.20378e-41 1.67077e-33 2.80306e-26 5.68455e-20 1.3935e-14 4.1292e-10 1.47901e-06 0.000640361 0.0335139 0.212023 0.163446 0.0650871 0.231496 0.144072 0.0779978 0.0491843 0.0186134 0.00362985 0.000285043 9.70916e-06 1.30891e-07 4.84165e-10 3.52961e-13 4.28371e-17 7.84443e-22
 1.37675e-41 1.91084e-33 3.20582e-26 6.50135e-20 1.59373e-14 4.72251e-10 1.69153e-06 0.000732372 0.0383294 0.242487 0.186584 0.0579481 0.175165 0.116639 0.109771 0.0568991 0.0127639 0.00245572 0.000218047 6.23459e-06 5.2902e-08 1.21538e-10 6.02626e-14 5.14304e-18 6.64741e-23
 1.19233e-41 1.65488e-33 2.77641e-26 5.6305e-20 1.38025e-14 4.08993e-10 1.46495e-06 0.000634272 0.0331953 0.210009 0.162346 0.0720851 0.226674 0.133239 0.0943847 0.0500436 0.0151198 0.00212498 0.000139001 3.87926e-06 2.76361e-08 4.21119e-11 1.28226e-14 7.0395e-19 6.16368e-24
 1.51251e-41 2.09926e-33 3.52194e-26 7.14243e-20 1.75088e-14 5.18819e-10 1.85832e-06 0.00080459 0.042109 0.266399 0.205229 0.0643691 0.166848 0.104022 0.0965143 0.0424561 0.0097431 0.00141819 8.33811e-05 1.65642e-06 9.7415e-09 1.21797e-11 2.64728e-15 9.35384e-20 5.16178e-25
 1.52145e-41 2.11168e-33 3.54278e-26 7.18468e-20 1.76124e-14 5.21888e-10 1.86932e-06 0.000809349 0.0423581 0.267978 0.207057 0.0780047 0.198471 0.103556 0.0658121 0.0281738 0.00695359 0.00078467 3.83107e-05 6.54082e-07 2.81297e-09 2.6107e-12 4.41741e-16 1.17395e-20 4.54015e-26
 1.0983e-41 1.52437e-33 2.55744e-26 5.18644e-20 1.27139e-14 3.76737e-10 1.34941e-06 0.000584249 0.0305773 0.193456 0.151227 0.0972992 0.25841 0.136045 0.0948736 0.031569 0.00538143 0.000553298 2.27198e-05 2.96851e-07 1.00708e-09 6.93684e-13 8.36752e-17 1.61978e-21 4.65787e-27
 1.6618e-41 2.30646e-33 3.86957e-26 7.84742e-20 1.9237e-14 5.70028e-10 2.04175e-06 0.000884006 0.0462654 0.292699 0.225995 0.0711133 0.144486 0.0943287 0.0902951 0.0289097 0.00467011 0.000340856 1.033e-05 1.07698e-07 2.73418e-10 1.39734e-13 1.24301e-17 1.72534e-22 3.50438e-28
 1.33696e-41 1.85561e-33 3.11317e-26 6.31344e-20 1.54767e-14 4.58602e-10 1.64264e-06 0.000711205 0.0372217 0.2355 0.1845 0.110487 0.242762 0.106631 0.0574591 0.0204337 0.00401724 0.000268753 6.15793e-06 4.40093e-08 8.13052e-11 3.04803e-14 1.95605e-18 1.95652e-23 2.85921e-29
 1.11886e-41 1.55291e-33 2.60533e-26 5.28355e-20 1.2952e-14 3.83792e-10 1.37468e-06 0.000595189 0.0311498 0.197094 0.155774 0.112035 0.235495 0.137596 0.103357 0.0237847 0.00291173 0.000202664 4.55179e-06 2.52979e-08 3.19771e-11 8.1858e-15 3.70695e-19 2.64139e-24 2.74236e-30
 8.72875e-42 1.21149e-33 2.03253e-26 4.12193e-20 1.01044e-14 2.99413e-10 1.07245e-06 0.000464333 0.0243014 0.153781 0.123949 0.123186 0.248845 0.160246 0.12528 0.0350053 0.00472828 0.00020855 3.55703e-06 1.79857e-08 1.84677e-11 3.37454e-15 1.03343e-19 4.99449e-25 3.58687e-31
 1.4098e-41 1.95671e-33 3.28278e-26 6.65741e-20 1.63199e-14 4.83587e-10 1.73213e-06 0.000749953 0.0392496 0.24834 0.194685 0.0944483 0.159726 0.126911 0.10234 0.0291612 0.00418678 0.000197991 2.6611e-06 9.15338e-09 7.33293e-12 1.0831e-15 2.51581e-20 8.62729e-26 4.23873e-32
 9.74849e-42 1.35303e-33 2.26998e-26 4.60348e-20 1.12849e-14 3.34392e-10 1.19774e-06 0.000518579 0.0271404 0.171784 0.141643 0.162218 0.272946 0.126201 0.072074 0.0221334 0.00318978 0.000149491 1.97104e-06 5.73491e-09 3.25001e-12 3.35419e-16 5.80107e-21 1.51852e-26 5.5891e-33
 1.43394e-41 1.99021e-33 3.33899e-26 6.77141e-20 1.65993e-14 4.91868e-10 1.76179e-06 0.000762794 0.0399217 0.252618 0.199951 0.107808 0.161265 0.136271 0.0843118 0.0153433 0.00166844 7.59157e-05 9.38707e-07 2.48193e-09 1.19604e-12 9.42124e-17 1.14597e-21 2.07991e-27 5.44792e-34
 1.00314e-41 1.39229e-33 2.33585e-26 4.73706e-20 1.16123e-14 3.44095e-10 1.23249e-06 0.000533626 0.027928 0.176825 0.149452 0.183412 0.26098 0.121185 0.0623084 0.0158557 0.00147482 4.30488e-05 4.28528e-07 9.89024e-10 4.07428e-13 2.66258e-17 2.57323e-22 3.51459e-28 6.60078e-35
 1.28783e-41 1.78742e-33 2.99877e-26 6.08145e-20 1.4908e-14 4.4175e-10 1.58228e-06 0.000685072 0.0358541 0.226942 0.184199 0.132472 0.181473 0.152208 0.0739196 0.0112736 0.000945042 2.6993e-05 1.89929e-07 3.08285e-10 9.94872e-14 5.25433e-18 4.07206e-23 4.39198e-29 6.39057e-36
 1.41049e-41 1.95767e-33 3.2844e-26 6.6607e-20 1.63279e-14 4.83826e-10 1.73299e-06 0.000750323 0.0392692 0.248606 0.204478 0.159204 0.187375 0.101827 0.0480279 0.00979142 0.000655015 1.32706e-05 7.91375e-08 9.87976e-11 2.20318e-14 8.22739e-19 4.75293e-24 3.92487e-30 4.39399e-37
 1.12962e-41 1.56783e-33 2.63037e-26 5.33433e-20 1.30765e-14 3.8748e-10 1.38789e-06 0.000600909 0.0314496 0.199241 0.172796 0.196525 0.225174 0.12271 0.0446385 0.00643165 0.000425591 8.09076e-06 3.52138e-08 3.25785e-11 5.56084e-15 1.50976e-19 6.06178e-25 3.47897e-31 2.77305e-38
 1.37615e-41 1.91001e-33 3.20444e-26 6.49854e-20 1.59304e-14 4.72047e-10 1.69079e-06 0.000732056 0.0383134 0.24265 0.203169 0.160234 0.178978 0.126365 0.0439709 0.00533023 0.000251206 3.77284e-06 1.42825e-08 1.03067e-11 1.26211e-15 2.47515e-20 7.28416e-26 3.02587e-32 1.70467e-39
 1.35054e-41 1.87446e-33 3.1448e-26 6.37758e-20 1.56339e-14 4.63261e-10 1.65933e-06 0.000718431 0.0376007 0.238282 0.20644 0.193981 0.188405 0.0975648 0.0325658 0.00426514 0.000173184 1.89271e-06 5.15048e-09 2.88707e-12 2.7751e-16 4.05978e-21 8.54753e-27 2.51723e-33 1.01296e-40
 1.18793e-41 1.64877e-33 2.76616e-26 5.60971e-20 1.37515e-14 4.07483e-10 1.45954e-06 0.00063193 0.033074 0.209797 0.190358 0.213614 0.206587 0.113124 0.0297611 0.00294089 0.000109027 1.05358e-06 2.16129e-09 8.47897e-13 5.80948e-17 6.29706e-22 9.95277e-28 2.17054e-34 6.32246e-42
 1.06374e-41 1.4764e-33 2.47697e-26 5.02325e-20 1.23139e-14 3.64883e-10 1.30695e-06 0.000565866 0.029617 0.188081 0.178182 0.221345 0.21738 0.129555 0.0323942 0.00280042 7.70417e-05 5.78707e-07 9.79423e-10 2.99774e-13 1.48233e-17 1.1192e-22 1.23714e-28 1.92432e-35 4.06722e-43
 1.04955e-41 1.45671e-33 2.44393e-26 4.95625e-20 1.21497e-14 3.60016e-10 1.28952e-06 0.000558319 0.0292226 0.185743 0.179737 0.22152 0.216874 0.131812 0.0318414 0.00262818 6.16326e-05 3.51023e-07 4.31711e-10 9.96063e-14 3.78031e-18 2.13993e-23 1.70943e-29 1.87047e-36 2.75096e-44
 1.26684e-41 1.75829e-33 2.94989e-26 5.98232e-20 1.4665e-14 4.34549e-10 1.55648e-06 0.000673905 0.0352717 0.223905 0.204372 0.199729 0.192632 0.113684 0.0274183 0.00226014 5.1467e-05 2.68903e-07 2.78695e-10 5.11849e-14 1.53557e-18 7.01691e-24 4.60686e-30 4.15354e-37 4.98376e-45
#pred catch len freq
 2.5542e-27 2.56482e-27 1.32108e-26 2.24733e-20 5.50906e-15 1.63243e-10 5.8471e-07 0.000253157 0.0132493 0.0838197 0.0646123 0.0383383 0.246421 0.228661 0.069274 0.101257 0.0434479 0.0331885 0.0200763 0.0150146 0.0115924 0.00987313 0.00975538 0.00856168 0.00260352
 2.55893e-27 2.57742e-27 2.39434e-26 4.51129e-20 1.10589e-14 3.27694e-10 1.17375e-06 0.000508187 0.0265967 0.168258 0.129091 0.0385232 0.202533 0.188531 0.0694941 0.111221 0.0365754 0.0133403 0.00578801 0.00323013 0.0020307 0.00147908 0.00129174 0.00113045 0.000376206
 2.56152e-27 2.58375e-27 2.88142e-26 5.53855e-20 1.35771e-14 4.02314e-10 1.44102e-06 0.000623907 0.032653 0.206573 0.158424 0.0433513 0.218665 0.202039 0.046952 0.056419 0.0201255 0.00970326 0.00289396 0.000796658 0.000325751 0.000180165 0.000129906 0.000106424 3.6613e-05
 2.55985e-27 2.57911e-27 2.46224e-26 4.65423e-20 1.14093e-14 3.38077e-10 1.21094e-06 0.000524289 0.0274394 0.17359 0.133269 0.0452127 0.250505 0.231393 0.051712 0.0597313 0.0187599 0.00542178 0.00175358 0.000522445 0.000104542 3.04497e-05 1.54067e-05 1.08124e-05 3.67445e-06
 2.55992e-27 2.57948e-27 2.51287e-26 4.7611e-20 1.16713e-14 3.4584e-10 1.23874e-06 0.000536328 0.0280695 0.177576 0.136286 0.0435557 0.235776 0.218172 0.0561061 0.0730771 0.0227385 0.0061009 0.00159496 0.000325134 6.95843e-05 1.12741e-05 2.48836e-06 1.23341e-06 3.91668e-07
 2.56133e-27 2.58313e-27 2.81652e-26 5.4016e-20 1.32414e-14 3.92366e-10 1.40539e-06 0.000608479 0.0318456 0.201465 0.154538 0.0442685 0.228376 0.210954 0.0477518 0.0558465 0.0176099 0.00513695 0.00132418 0.000233294 3.47194e-05 4.76201e-06 5.38858e-07 1.10405e-07 2.88973e-08
 2.56101e-27 2.58214e-27 2.71858e-26 5.19496e-20 1.27348e-14 3.77355e-10 1.35162e-06 0.000585201 0.0306273 0.193757 0.148671 0.0453771 0.240935 0.222375 0.0467305 0.0506053 0.0154545 0.00371962 0.000955151 0.000178967 2.45818e-05 2.46149e-06 1.95704e-07 1.50725e-08 2.11621e-09
 2.56165e-27 2.5839e-27 2.87619e-26 5.52746e-20 1.35499e-14 4.01508e-10 1.43813e-06 0.000622657 0.0325876 0.206159 0.158131 0.0447733 0.229693 0.212045 0.0457176 0.0508783 0.0152718 0.00321265 0.000765345 0.000122026 1.70085e-05 1.65829e-06 9.85244e-08 4.15295e-09 1.96238e-10
 2.56255e-27 2.58628e-27 3.07994e-26 5.95725e-20 1.46035e-14 4.32728e-10 1.54996e-06 0.000671072 0.0351215 0.222189 0.17037 0.0447363 0.220813 0.203711 0.0417113 0.0438432 0.013202 0.00286066 0.00066449 9.2636e-05 1.12427e-05 1.01143e-06 5.8421e-08 1.80726e-09 3.47988e-11
 2.56463e-27 2.59182e-27 3.56146e-26 6.97303e-20 1.70935e-14 5.06512e-10 1.81424e-06 0.000785497 0.0411101 0.260074 0.199288 0.0440579 0.195332 0.18002 0.0343012 0.0328983 0.00975498 0.00187852 0.000428944 6.05473e-05 6.81122e-06 5.23127e-07 2.68295e-08 7.75261e-10 1.01216e-11
 2.56333e-27 2.58819e-27 3.2278e-26 6.2691e-20 1.53679e-14 4.55379e-10 1.63109e-06 0.000706201 0.03696 0.23382 0.179272 0.0460563 0.224603 0.206799 0.0348321 0.0273601 0.00795853 0.00130962 0.000281548 3.56868e-05 3.94227e-06 2.91536e-07 1.28875e-08 3.23847e-10 3.76841e-12
 2.56398e-27 2.59002e-27 3.39776e-26 6.62767e-20 1.62469e-14 4.81425e-10 1.72439e-06 0.000746593 0.039074 0.247193 0.189466 0.0449055 0.208684 0.192272 0.0352223 0.031893 0.0091122 0.00117366 0.000228613 2.49935e-05 2.49253e-06 1.70654e-07 7.26804e-09 1.60458e-10 1.60726e-12
 2.56546e-27 2.59395e-27 3.73811e-26 7.34564e-20 1.80069e-14 5.33578e-10 1.91119e-06 0.000827471 0.0433068 0.273971 0.209907 0.0445355 0.191506 0.176256 0.0294067 0.0226732 0.00650353 0.000911839 0.000175948 1.52157e-05 1.29093e-06 7.59331e-08 2.92303e-09 6.08839e-11 5.43612e-13
 2.56315e-27 2.58759e-27 3.16561e-26 6.13787e-20 1.50463e-14 4.45847e-10 1.59695e-06 0.000691419 0.0361864 0.228925 0.175551 0.0470334 0.234653 0.21589 0.0331402 0.0212035 0.00595264 0.000645591 0.000114604 1.04467e-05 8.18656e-07 3.77937e-08 1.21533e-09 2.22901e-11 1.84233e-13
 2.56135e-27 2.5828e-27 2.75148e-26 5.26426e-20 1.29047e-14 3.82389e-10 1.36965e-06 0.000593008 0.0310359 0.196342 0.150677 0.0474225 0.25509 0.234968 0.0404828 0.0331272 0.00925954 0.000853087 0.000135834 9.90475e-06 7.14773e-07 3.28689e-08 8.70072e-10 1.27629e-11 9.09102e-14
 2.56252e-27 2.58604e-27 3.0459e-26 5.8854e-20 1.44273e-14 4.27508e-10 1.53126e-06 0.000662978 0.0346979 0.219509 0.168343 0.0459252 0.231284 0.213145 0.0392348 0.0357783 0.0101136 0.00110487 0.000187854 1.17229e-05 7.03467e-07 2.63621e-08 6.66457e-10 8.53503e-12 4.81786e-14
 2.56357e-27 2.58883e-27 3.28517e-26 6.39014e-20 1.56647e-14 4.64172e-10 1.66258e-06 0.000719836 0.0376736 0.238334 0.182716 0.0458384 0.220525 0.203055 0.0345264 0.0275938 0.0078494 0.00097567 0.000177248 1.28149e-05 8.02505e-07 2.47978e-08 5.034e-10 5.68473e-12 2.87141e-14
 2.56382e-27 2.58947e-27 3.33752e-26 6.50054e-20 1.59353e-14 4.72191e-10 1.69131e-06 0.000732272 0.0383245 0.242452 0.185864 0.0460618 0.220013 0.202493 0.0327901 0.0237741 0.00667343 0.000691771 0.000118371 9.53774e-06 6.63228e-07 2.33776e-08 4.39063e-10 3.93808e-12 1.67236e-14
 2.56463e-27 2.59166e-27 3.53144e-26 6.90964e-20 1.69382e-14 5.01908e-10 1.79775e-06 0.000778357 0.0407364 0.25771 0.197506 0.0454789 0.207398 0.190851 0.0307099 0.0219623 0.0061487 0.000610897 0.000100612 6.99642e-06 4.67722e-07 1.86248e-08 3.96419e-10 3.6331e-12 1.28152e-14
 2.56424e-27 2.59051e-27 3.42084e-26 6.6763e-20 1.63661e-14 4.84958e-10 1.73704e-06 0.000752071 0.0393607 0.249007 0.190877 0.0465299 0.220054 0.202355 0.0295852 0.0165045 0.00454905 0.000367435 5.33574e-05 3.44759e-06 2.09015e-07 7.29857e-09 1.62482e-10 1.69362e-12 6.3804e-15
 2.56581e-27 2.59487e-27 3.81463e-26 7.50704e-20 1.84026e-14 5.45302e-10 1.95318e-06 0.000845653 0.0442584 0.279991 0.214507 0.0447063 0.189574 0.174384 0.027456 0.0186862 0.0051539 0.000381152 5.11296e-05 2.80745e-06 1.46938e-07 4.64177e-09 9.1142e-11 9.16754e-13 3.82439e-15
 2.56579e-27 2.59477e-27 3.80072e-26 7.47769e-20 1.83306e-14 5.4317e-10 1.94554e-06 0.000842346 0.0440854 0.278896 0.213678 0.0451609 0.193616 0.17801 0.0262107 0.0149408 0.00413669 0.000363863 5.45761e-05 2.79078e-06 1.29775e-07 3.39292e-09 5.80686e-11 5.153e-13 1.99436e-15
 2.56586e-27 2.59495e-27 3.81754e-26 7.51317e-20 1.84176e-14 5.45747e-10 1.95477e-06 0.000846343 0.0442945 0.28022 0.214687 0.0450575 0.192121 0.176644 0.0262248 0.0153147 0.00421686 0.000324401 4.51519e-05 2.67003e-06 1.39054e-07 3.3119e-09 4.8159e-11 3.5581e-13 1.20339e-15
 2.56672e-27 2.59731e-27 4.02857e-26 7.95836e-20 1.9509e-14 5.78086e-10 2.07061e-06 0.000896493 0.0469192 0.296824 0.227353 0.0442502 0.177078 0.162803 0.0245066 0.0148819 0.0041083 0.000328555 4.65375e-05 2.46853e-06 1.2175e-07 3.38111e-09 5.05405e-11 3.24654e-13 9.10746e-16
 2.56648e-27 2.59665e-27 3.96805e-26 7.83069e-20 1.9196e-14 5.68812e-10 2.03739e-06 0.000882111 0.0461665 0.292062 0.223722 0.044591 0.182222 0.167511 0.0246236 0.0139656 0.0038634 0.000334791 5.00987e-05 2.76594e-06 1.37173e-07 3.42982e-09 5.31938e-11 3.78651e-13 9.89652e-16
 2.5655e-27 2.59396e-27 3.72692e-26 7.32199e-20 1.7949e-14 5.31861e-10 1.90504e-06 0.000824807 0.0431674 0.273089 0.20925 0.0455466 0.199662 0.18355 0.0264877 0.0141773 0.00389617 0.000301178 4.20228e-05 2.46021e-06 1.29728e-07 3.36319e-09 4.98632e-11 3.4028e-13 9.64353e-16
 2.56545e-27 2.59378e-27 3.70844e-26 7.283e-20 1.78534e-14 5.29028e-10 1.89489e-06 0.000820415 0.0429375 0.271635 0.208144 0.0458197 0.202518 0.186133 0.0259894 0.0123916 0.00336947 0.000214334 2.49705e-05 1.29018e-06 6.21663e-08 1.71358e-09 2.67584e-11 1.82445e-13 4.9199e-16
 2.56572e-27 2.59451e-27 3.77125e-26 7.41548e-20 1.81782e-14 5.38651e-10 1.92936e-06 0.000835339 0.0437186 0.276576 0.211917 0.0457997 0.199715 0.183504 0.0247597 0.0102513 0.00276013 0.000147669 1.36289e-05 5.84457e-07 2.19806e-08 5.21915e-10 7.92519e-12 5.73945e-14 1.58577e-16
#obs catch len freq
 5.01963e-42 6.96692e-34 1.16885e-26 2.37039e-20 5.81074e-15 1.72183e-10 6.16731e-07 0.000267023 0.0139749 0.0884107 0.0682332 0.0398483 0.218313 0.186328 0.143444 0.143205 0.0647177 0.026252 0.00616433 0.000797667 4.23196e-05 6.67146e-07 2.34071e-09 1.48644e-12 1.49658e-16
 5.7269e-42 7.94855e-34 1.33353e-26 2.70438e-20 6.62947e-15 1.96443e-10 7.03629e-07 0.000304647 0.015944 0.100868 0.0778588 0.0437354 0.223562 0.181858 0.143083 0.130883 0.0562575 0.0207278 0.00440004 0.000495261 2.15113e-05 2.61461e-07 6.78897e-10 3.11531e-13 2.23624e-17
 1.08336e-41 1.50364e-33 2.52266e-26 5.11591e-20 1.2541e-14 3.71614e-10 1.33106e-06 0.000576303 0.0301614 0.190811 0.146583 0.0451261 0.181129 0.140474 0.1138 0.0956329 0.0397625 0.0132238 0.0024742 0.00023667 8.349e-06 7.82427e-08 1.50503e-10 4.99434e-14 2.55819e-18
 1.11606e-41 1.54901e-33 2.59879e-26 5.27029e-20 1.29195e-14 3.82828e-10 1.37123e-06 0.000593695 0.0310716 0.19657 0.151327 0.0584528 0.238 0.16431 0.0766344 0.0541481 0.0213765 0.00638695 0.00104329 8.25695e-05 2.31403e-06 1.66043e-08 2.36904e-11 5.70094e-15 2.08839e-19
 7.85103e-42 1.08967e-33 1.82815e-26 3.70745e-20 9.08838e-15 2.69305e-10 9.64608e-07 0.000417642 0.0218577 0.138282 0.107082 0.0648129 0.273842 0.184603 0.116638 0.0713323 0.016743 0.00381759 0.000534549 3.45678e-05 7.52956e-07 4.0665e-09 4.27733e-12 7.47023e-16 1.96302e-20
 1.26228e-41 1.75196e-33 2.93927e-26 5.96078e-20 1.46122e-14 4.32985e-10 1.55088e-06 0.000671478 0.0351425 0.222324 0.170985 0.0528586 0.172086 0.121916 0.12485 0.0753928 0.0200805 0.003388 0.000289377 1.41293e-05 2.35634e-07 9.43062e-10 7.2179e-13 9.08749e-17 1.71068e-21
 1.04025e-41 1.4438e-33 2.42227e-26 4.91232e-20 1.2042e-14 3.56825e-10 1.27809e-06 0.000553369 0.0289611 0.183222 0.141832 0.0738647 0.260696 0.153689 0.0855021 0.0501755 0.0181214 0.00315372 0.000220378 6.49276e-06 7.21959e-08 2.08365e-10 1.14711e-13 1.03063e-17 1.37945e-22
 1.2737e-41 1.76781e-33 2.96587e-26 6.01473e-20 1.47444e-14 4.36904e-10 1.56492e-06 0.000677555 0.0354605 0.224339 0.173039 0.0644224 0.192748 0.124113 0.116635 0.0544937 0.0118231 0.00208301 0.000160767 3.85575e-06 2.66763e-08 4.8054e-11 1.80102e-14 1.13652e-18 1.07258e-23
 1.14678e-41 1.59166e-33 2.67033e-26 5.41539e-20 1.32752e-14 3.93368e-10 1.40898e-06 0.000610039 0.031927 0.201988 0.15663 0.0796258 0.238666 0.13417 0.095009 0.0464749 0.013155 0.0016444 9.60332e-05 2.22906e-06 1.26528e-08 1.49711e-11 3.45174e-15 1.40353e-19 8.96982e-25
 1.51529e-41 2.10312e-33 3.52842e-26 7.15556e-20 1.7541e-14 5.19773e-10 1.86174e-06 0.000806069 0.0421865 0.266891 0.205922 0.0695253 0.170965 0.103546 0.0935464 0.037358 0.00813857 0.00105838 5.35786e-05 8.89133e-07 4.16827e-09 4.001e-12 6.54392e-16 1.71356e-20 6.91528e-26
 1.5549e-41 2.1581e-33 3.62065e-26 7.34261e-20 1.79996e-14 5.3336e-10 1.91041e-06 0.00082714 0.0432892 0.273872 0.211943 0.0831919 0.197042 0.098288 0.0612942 0.0241622 0.00551449 0.000550524 2.33206e-05 3.26611e-07 1.11202e-09 7.92661e-13 1.00523e-16 1.97352e-21 5.58567e-27
 1.1535e-41 1.60098e-33 2.68598e-26 5.44712e-20 1.3353e-14 3.95673e-10 1.41724e-06 0.000613614 0.0321141 0.203183 0.159231 0.104109 0.254425 0.129126 0.0866155 0.0260324 0.00415608 0.000378168 1.32194e-05 1.41522e-07 3.77638e-10 1.98511e-13 1.79175e-17 2.5575e-22 5.36959e-28
 1.72271e-41 2.39101e-33 4.01142e-26 8.13508e-20 1.99422e-14 5.90923e-10 2.11659e-06 0.000916411 0.0479613 0.303431 0.234539 0.0747075 0.140166 0.0904871 0.0807014 0.0234057 0.00345694 0.000220711 5.735e-06 4.85524e-08 9.6437e-11 3.75109e-14 2.48895e-18 2.54324e-23 3.76802e-29
 1.39986e-41 1.94291e-33 3.25964e-26 6.61049e-20 1.62048e-14 4.80179e-10 1.71992e-06 0.000744667 0.0389729 0.246585 0.193668 0.116428 0.234116 0.0984864 0.0510738 0.0168093 0.00294098 0.000169312 3.26668e-06 1.89553e-08 2.73649e-11 7.77978e-15 3.71643e-19 2.73217e-24 2.909e-30
 1.18749e-41 1.64816e-33 2.76513e-26 5.60762e-20 1.37464e-14 4.07332e-10 1.459e-06 0.000631695 0.0330604 0.20919 0.165856 0.118862 0.228949 0.131693 0.0907369 0.0187676 0.00212125 0.000127556 2.35645e-06 1.047e-08 1.0298e-11 1.99923e-15 6.73158e-20 3.52074e-25 2.66075e-31
 9.4139e-42 1.30659e-33 2.19207e-26 4.44548e-20 1.08976e-14 3.22915e-10 1.15663e-06 0.00050078 0.0262089 0.165861 0.134285 0.131566 0.243681 0.155373 0.110793 0.0282585 0.00334274 0.00012664 1.80923e-06 7.24187e-09 5.71645e-12 7.88402e-16 1.79419e-20 6.36328e-26 3.32358e-32
 1.49715e-41 2.07794e-33 3.48618e-26 7.0699e-20 1.7331e-14 5.1355e-10 1.83945e-06 0.00079642 0.0416815 0.263734 0.207147 0.0986067 0.153195 0.120993 0.0878902 0.0229581 0.00288103 0.000114851 1.25979e-06 3.44742e-09 2.12403e-12 2.35383e-16 4.04808e-21 1.01827e-26 3.64134e-33
 1.05095e-41 1.45865e-33 2.44718e-26 4.96284e-20 1.21658e-14 3.60495e-10 1.29123e-06 0.00055906 0.0292591 0.18521 0.153497 0.170264 0.261214 0.117729 0.062426 0.0175623 0.00219145 8.63299e-05 9.17387e-07 2.08692e-09 9.0479e-13 7.00888e-17 8.95442e-22 1.71432e-27 4.58767e-34
 1.52726e-41 2.11974e-33 3.5563e-26 7.2121e-20 1.76796e-14 5.23879e-10 1.87645e-06 0.000812438 0.0425199 0.26907 0.213422 0.111341 0.153506 0.127247 0.0694258 0.0114993 0.00111113 4.22431e-05 4.17614e-07 8.55971e-10 3.12625e-13 1.83832e-17 1.65014e-22 2.18891e-28 4.15892e-35
 1.0865e-41 1.50799e-33 2.52996e-26 5.13072e-20 1.25773e-14 3.7269e-10 1.33491e-06 0.000577972 0.030249 0.191546 0.162735 0.190368 0.247159 0.111666 0.0527206 0.0120059 0.000948286 2.33729e-05 1.87097e-07 3.32669e-10 1.0322e-13 5.00856e-18 3.559e-23 3.54893e-29 4.83877e-36
 1.38546e-41 1.92292e-33 3.2261e-26 6.54247e-20 1.60381e-14 4.75238e-10 1.70223e-06 0.000737005 0.0385721 0.244168 0.198733 0.136279 0.173053 0.139966 0.0596454 0.00823252 0.000598067 1.39868e-05 7.8297e-08 9.83409e-11 2.38596e-14 9.31665e-19 5.28872e-24 4.15234e-30 4.37834e-37
 1.50596e-41 2.09017e-33 3.50669e-26 7.1115e-20 1.7433e-14 5.16572e-10 1.85028e-06 0.000801105 0.041927 0.265462 0.218975 0.161285 0.173829 0.091373 0.0389619 0.00698422 0.000393076 6.60196e-06 3.11061e-08 2.97133e-11 4.97567e-15 1.3731e-19 5.79425e-25 3.47176e-31 2.80897e-38
 1.22292e-41 1.69733e-33 2.84762e-26 5.77492e-20 1.41565e-14 4.19484e-10 1.50252e-06 0.000650541 0.0340474 0.215743 0.187883 0.200283 0.21117 0.109909 0.0354805 0.0045721 0.000255589 3.92237e-06 1.34135e-08 9.49406e-12 1.2112e-15 2.42443e-20 7.11027e-26 2.95822e-32 1.69983e-39
 1.47689e-41 2.04982e-33 3.439e-26 6.97423e-20 1.70965e-14 5.06601e-10 1.81456e-06 0.000785642 0.0411181 0.260454 0.218635 0.161678 0.167851 0.111563 0.0341339 0.0036343 0.000144277 1.76086e-06 5.18646e-09 2.8394e-12 2.59446e-16 3.74487e-21 8.0333e-27 2.41803e-33 9.82933e-41
 1.44877e-41 2.01079e-33 3.37353e-26 6.84144e-20 1.6771e-14 4.96955e-10 1.78001e-06 0.000770684 0.0403357 0.255674 0.222117 0.194097 0.17373 0.0850595 0.0252613 0.00285543 9.59767e-05 8.45664e-07 1.79265e-09 7.60408e-13 5.42806e-17 5.83279e-22 8.94887e-28 1.90798e-34 5.53136e-42
 1.28558e-41 1.78431e-33 2.99354e-26 6.07085e-20 1.4882e-14 4.4098e-10 1.57952e-06 0.000683878 0.0357932 0.227125 0.206674 0.214558 0.19255 0.0979636 0.0226423 0.00194795 5.96483e-05 4.57849e-07 7.25699e-10 2.15118e-13 1.09328e-17 8.68007e-23 9.97246e-29 1.57341e-35 3.30405e-43
 1.16043e-41 1.6106e-33 2.70211e-26 5.47983e-20 1.34332e-14 3.98049e-10 1.42575e-06 0.0006173 0.0323095 0.205278 0.194977 0.223313 0.204958 0.112157 0.0245331 0.00181415 4.10573e-05 2.45182e-07 3.18525e-10 7.32392e-14 2.68187e-18 1.48281e-23 1.18999e-29 1.33595e-36 2.03038e-44
 1.14672e-41 1.59157e-33 2.6702e-26 5.4151e-20 1.32745e-14 3.93347e-10 1.40891e-06 0.000610009 0.0319278 0.202828 0.191578 0.216408 0.208899 0.119052 0.0266738 0.00198103 4.07494e-05 1.98678e-07 2.04781e-10 3.89904e-14 1.21009e-18 5.57139e-24 3.60396e-30 3.18044e-37 3.75938e-45
#spawning biomass
 19978.1 23516.6 43600.9 60725.5 73748.7 76933.1 111178 117855 173713 223594 250521 324736 372855 407555 344787 354126 341691 345195 307290 309464 417650 444295 448113 612251 637211 543193 345506 313759 323572 6281.22 6281.22 6281.22 6281.22 6281.22 6281.22 6281.22 6281.22 6281.22 6281.22 6281.22 6281.22 6281.22 6281.22 6281.22 6281.22 6281.22 6281.22 6281.22 6281.22 6281.22 6281.22 6281.22 6281.22 6281.22 6281.22 6281.22 6281.22 6281.22 6281.22 6281.22 6281.22 6281.22 6281.22 6281.22 6281.22 6281.22 6281.22 6281.22 6281.22 6281.22 6281.22 6281.22 6281.22 6281.22 6281.22 6281.22 6281.22 6281.22 6281.22 6281.22 6281.22 6281.22 6281.22 6281.22 6281.22 6281.22 6281.22 6281.22 6281.22 6281.22 6281.22 6281.22 6281.22 6281.22 6281.22 6281.22 6281.22 6281.22 6281.22 6281.22 6281.22 6281.22 6281.22 6281.22 6281.22 6281.22 6281.22 6281.22 6281.22 6281.22 6281.22 6281.22 6281.22 6281.22 6281.22 6281.22 6281.22 6281.22 6281.22 6281.22 6281.22 6281.22 6281.22 6281.22 6281.22 6281.22 6281.22 6281.22 0 0 0 0 0 0 0 0 0 0 0 0 0 0 0 0 0 0 0 0 0 0 0 0 0
