SBPRF35
0.178135
Curr Bio
106171
B35
193442
F35
0.605006
FOFL
0.464882
OFL
42514.2
Bzero
50895.7
#pred survey bio
 6075.11 7533.24 10056.1 12133.5 19053.1 30600.9 31031.1 36813.2 43008.1 53634.7 67555.9 95082.8 128287 147144 140382 126158 115794 113271 109517 95189.3 105650 117189 129197 126309 127191 138034 129744 112393 110514 5.43342e+06 3.33402e+06 2.10099e+06 1.29311e+06 857799 642442 538429 487365 461260 447247 439384 434822 432117 430490 429500 428892 428529 428311 428180 428102 428054 428025 428008 427998 427991 427988 427985 427984 427983 427983 427982 427982 427982 427982 427982 427982 427982 427982 427982 427982 427982 427982 427982 427982 427982 427982 427982 427982 427982 427982 427982 427982 427982 427982 427982 427982 427982 427982 427982 427982 427982 427982 427982 427982 427982 427982 427982 427982 427982 427982 427982 427982 427982 427982 427982 427982 427982 427982 427982 427982 427982 427982 427982 427982 427982 427982 427982 427982 427982 427982 427982 427982 427982 427982 427982 427982 427982 427982 427982 427982 0 0 0 0 0 0 0 0 0 0 0 0 0 0 0 0 0 0 0 0 0 0 0 0 0
#obs survey bio
 5304.37 6740.89 9134.38 9295.1 34450.5 21322.8 27447.4 46521.3 47595.7 70478.4 61436.7 135464 158113 171184 100641 107622 102518 143768 103490 83825.8 83943.2 160123 128354 159376 143990 162428 159602 130310 101950
#pred catch bio
 2988.77 4221.71 6073.92 7539.67 9583.31 19286.3 19790.2 24895.5 27496.9 35581.8 43781.1 59639 84124.5 103107 101852 95603.7 87348.6 85056.9 88837.8 73192.9 81196 86744.6 100819 101793 101455 114109 109205 91564.7 58968.2 42514.2 55394.2 32330.2 18258.1 11326.1 8302.6 7082.13 6614.67 6442.13 6380.14 6358.31 6350.73 6348.13 6347.25 6346.95 6346.85 6346.82 6346.81 6346.8 6346.8 6346.8 6346.8 6346.8 6346.8 6346.8 6346.8 6346.8 6346.8 6346.8 6346.8 6346.8 6346.8 6346.8 6346.8 6346.8 6346.8 6346.8 6346.8 6346.8 6346.8 6346.8 6346.8 6346.8 6346.8 6346.8 6346.8 6346.8 6346.8 6346.8 6346.8 6346.8 6346.8 6346.8 6346.8 6346.8 6346.8 6346.8 6346.8 6346.8 6346.8 6346.8 6346.8 6346.8 6346.8 6346.8 6346.8 6346.8 6346.8 6346.8 6346.8 6346.8 6346.8 6346.8 6346.8 6346.8 6346.8 6346.8 6346.8 6346.8 6346.8 6346.8 6346.8 6346.8 6346.8 6346.8 6346.8 6346.8 6346.8 6346.8 6346.8 6346.8 6346.8 6346.8 6346.8 6346.8 6346.8 6346.8 6346.8 6346.8 6346.8 0 0 0 0 0 0 0 0 0 0 0 0 0 0 0 0 0 0 0 0 0 0 0 0 0
#obs catch bio
 4355.08 4226.7 6029.34 7581.9 9296.51 19029.4 19903.1 24112.3 26844.5 34667.1 43634.6 57618.5 79622.2 99683.4 101485 95926.2 87280.6 84024.8 88498.5 73653.4 80433.6 82915.4 94965.4 97992.9 98548.5 110822 105302 88883.1 58402.6
#pred cpue bio
 5518.18 6555.9 8741.09 10583.4 15894.1 26882.1 27404.9 31498.2 37075.3 46210.9 57644.7 80709 110615 127638 122619 109451 99143.4 97125.6 94124.9 80627 89072.9 99094.3 110401 107226 106798 115959 109649 94957.3 93009.8 4.82078e+06 3.30873e+06 2.0757e+06 1.26782e+06 832508 617152 513139 462075 435969 421957 414094 409532 406826 405199 404210 403602 403239 403021 402890 402811 402764 402735 402718 402707 402701 402697 402695 402694 402693 402692 402692 402692 402692 402692 402692 402692 402692 402692 402692 402691 402691 402691 402691 402691 402691 402691 402691 402691 402691 402691 402691 402691 402691 402691 402691 402691 402691 402691 402691 402691 402691 402691 402691 402691 402691 402691 402691 402691 402691 402691 402691 402691 402691 402691 402691 402691 402691 402691 402691 402691 402691 402691 402691 402691 402691 402691 402691 402691 402691 402691 402691 402691 402691 402691 402691 402691 402691 402691 402691 402691 0 0 0 0 0 0 0 0 0 0 0 0 0 0 0 0 0 0 0 0 0 0 0 0 0
#obs cpue bio
 4689.38 8017.06 10340.5 12692.2 21498.1 29447.3 31293.4 52163.3 44548 54013.7 54480.1 135008 240708 145257 143177 126859 112121 98594.3 105524 74551.8 147348 187110 292322 135136 141170 158090 162859 132881 101760
#pred surv len freq
 2.56791e-27 2.60112e-27 4.43476e-26 8.81554e-20 2.16102e-14 6.4035e-10 2.29363e-06 0.000993053 0.0519728 0.328794 0.25165 0.0370056 0.104873 0.0968512 0.0247368 0.0323855 0.0152124 0.0134897 0.00916323 0.00756239 0.00633775 0.0057707 0.00603531 0.00547901 0.00168567
 2.57001e-27 2.6065e-27 4.86886e-26 9.73113e-20 2.38547e-14 7.06857e-10 2.53184e-06 0.00109619 0.0573707 0.362943 0.277764 0.03946 0.105206 0.0968171 0.0188282 0.0186812 0.00739744 0.00487131 0.0027289 0.0019093 0.00139547 0.00113044 0.0010737 0.000989415 0.000335122
 2.56964e-27 2.60541e-27 4.76206e-26 9.50579e-20 2.33023e-14 6.90489e-10 2.47321e-06 0.00107081 0.0560422 0.354538 0.271366 0.0406978 0.119121 0.109569 0.0195436 0.0170339 0.00583782 0.00256714 0.00108986 0.000567062 0.000327323 0.0002222 0.000183367 0.000162742 5.74925e-05
 2.56932e-27 2.60456e-27 4.6867e-26 9.34681e-20 2.29126e-14 6.78941e-10 2.43185e-06 0.0010529 0.0551049 0.348609 0.266842 0.0409027 0.123859 0.113972 0.0208876 0.0189791 0.00624474 0.0023037 0.000759257 0.000259582 0.000101036 5.04296e-05 3.33406e-05 2.6747e-05 9.47413e-06
 2.57216e-27 2.61225e-27 5.36668e-26 1.07813e-19 2.6429e-14 7.83139e-10 2.80507e-06 0.00121449 0.063562 0.40211 0.307663 0.038932 0.080182 0.0736598 0.0136261 0.0125587 0.00418592 0.00162023 0.000497272 0.00013431 3.29195e-05 9.87179e-06 4.40523e-06 2.89193e-06 9.86573e-07
 2.5687e-27 2.60279e-27 4.52246e-26 9.0003e-20 2.20631e-14 6.5377e-10 2.3417e-06 0.00101386 0.053062 0.335685 0.256992 0.042054 0.139541 0.128292 0.0206864 0.0149125 0.00497209 0.00196104 0.000615898 0.000168124 3.37443e-05 6.08995e-06 1.40237e-06 6.14319e-07 1.8991e-07
 2.56838e-27 2.60203e-27 4.46736e-26 8.8841e-20 2.17783e-14 6.4533e-10 2.31146e-06 0.00100078 0.052377 0.331351 0.253669 0.0412311 0.135613 0.12491 0.0244992 0.0244489 0.00769459 0.00226591 0.000695378 0.000193997 3.96657e-05 6.02407e-06 7.31316e-07 1.47259e-07 3.58381e-08
 2.57068e-27 2.60826e-27 5.0178e-26 1.00453e-19 2.46249e-14 7.29679e-10 2.61359e-06 0.00113158 0.059223 0.374661 0.286715 0.0396923 0.100686 0.0926332 0.0179373 0.0176378 0.00607925 0.00264221 0.00075367 0.000166161 3.36117e-05 5.16562e-06 5.0254e-07 4.14623e-08 5.52457e-09
 2.57007e-27 2.60652e-27 4.85399e-26 9.6997e-20 2.37776e-14 7.04574e-10 2.52367e-06 0.00109265 0.0571854 0.36177 0.276893 0.0409859 0.117431 0.107904 0.0173653 0.0124717 0.0042505 0.00182523 0.000610028 0.000177276 3.02504e-05 4.16549e-06 3.9923e-07 2.19409e-08 1.09921e-09
 2.57013e-27 2.60672e-27 4.8754e-26 9.74488e-20 2.38884e-14 7.07856e-10 2.53542e-06 0.00109774 0.0574518 0.363456 0.278174 0.0406048 0.113631 0.104488 0.018406 0.0156855 0.00492097 0.00144555 0.000460965 0.000140195 3.09703e-05 4.28754e-06 3.54952e-07 1.77966e-08 4.63546e-10
 2.57076e-27 2.60842e-27 5.02402e-26 1.00584e-19 2.4657e-14 7.3063e-10 2.61699e-06 0.00113306 0.0593002 0.375149 0.287097 0.0402566 0.104711 0.096229 0.0164288 0.0132647 0.00433086 0.00154377 0.000432011 9.63297e-05 2.10553e-05 3.51279e-06 3.16054e-07 1.39352e-08 2.93244e-10
 2.57107e-27 2.60925e-27 5.09603e-26 1.02103e-19 2.50293e-14 7.41664e-10 2.65652e-06 0.00115017 0.0601957 0.380815 0.291422 0.0401533 0.100887 0.0926767 0.015384 0.0117699 0.0037846 0.00126851 0.000379076 9.41334e-05 1.58876e-05 2.328e-06 2.41608e-07 1.16244e-08 2.18301e-10
 2.57005e-27 2.60646e-27 4.84844e-26 9.68798e-20 2.37489e-14 7.03723e-10 2.52062e-06 0.00109133 0.0571163 0.361334 0.276559 0.040957 0.117445 0.107944 0.0178484 0.0135456 0.00429996 0.00135161 0.000391218 9.46064e-05 1.76261e-05 2.27355e-06 1.98138e-07 1.05343e-08 2.12167e-10
 2.56966e-27 2.60543e-27 4.76007e-26 9.50157e-20 2.3292e-14 6.90183e-10 2.47212e-06 0.00107033 0.0560174 0.354381 0.271251 0.0409994 0.121497 0.111734 0.0194528 0.016253 0.0051588 0.00160495 0.000453324 0.000103136 1.85085e-05 2.49711e-06 2.02366e-07 9.24203e-09 1.98263e-10
 2.56915e-27 2.60406e-27 4.63798e-26 9.24402e-20 2.26606e-14 6.71474e-10 2.40511e-06 0.00104132 0.0544989 0.344775 0.263923 0.0414233 0.129872 0.119443 0.0204571 0.0166112 0.00539475 0.00187937 0.000535648 0.000119924 2.04631e-05 2.62693e-06 2.15599e-07 9.22761e-09 1.76218e-10
 2.56965e-27 2.60541e-27 4.75858e-26 9.49843e-20 2.32843e-14 6.89954e-10 2.4713e-06 0.00106998 0.0559988 0.354264 0.271161 0.041007 0.121618 0.111841 0.0193789 0.0160628 0.00517951 0.00174706 0.000517576 0.000126985 2.16768e-05 2.66968e-06 2.07652e-07 8.81171e-09 1.57634e-10
 2.57051e-27 2.60772e-27 4.96034e-26 9.92406e-20 2.43276e-14 7.20871e-10 2.58204e-06 0.00111792 0.0585082 0.370139 0.283277 0.0406434 0.110339 0.101378 0.0165402 0.0122184 0.00395294 0.00136564 0.000400404 9.70411e-05 1.78557e-05 2.2896e-06 1.71979e-07 6.93336e-09 1.21123e-10
 2.57039e-27 2.60736e-27 4.92579e-26 9.85116e-20 2.41489e-14 7.15576e-10 2.56307e-06 0.00110971 0.0580784 0.36742 0.281206 0.0409356 0.114017 0.104734 0.0164312 0.011117 0.00349431 0.00105545 0.000307676 7.57008e-05 1.37573e-05 1.84309e-06 1.46287e-07 5.75444e-09 9.58741e-11
 2.57024e-27 2.60695e-27 4.89005e-26 9.77576e-20 2.39641e-14 7.10099e-10 2.54345e-06 0.00110122 0.0576338 0.364607 0.27906 0.0410075 0.116073 0.106642 0.0169759 0.0118756 0.00367143 0.00100256 0.000274697 6.06811e-05 1.10323e-05 1.47888e-06 1.21091e-07 5.00829e-09 8.21453e-11
 2.57115e-27 2.60941e-27 5.1068e-26 1.0233e-19 2.5085e-14 7.43313e-10 2.66242e-06 0.00115273 0.0603296 0.381661 0.292073 0.0404568 0.102739 0.0943142 0.0143711 0.00903783 0.00280574 0.000794142 0.000211683 4.22838e-05 6.92593e-06 8.83754e-07 7.26644e-08 3.09386e-09 5.28682e-11
 2.57142e-27 2.61015e-27 5.17173e-26 1.037e-19 2.54207e-14 7.53262e-10 2.69806e-06 0.00116816 0.0611371 0.38677 0.295971 0.0402812 0.0986642 0.0905518 0.0136689 0.00837995 0.00255134 0.000642756 0.000170522 3.47415e-05 5.30159e-06 6.02035e-07 4.59283e-08 1.95028e-09 3.42741e-11
 2.57123e-27 2.60964e-27 5.1256e-26 1.02727e-19 2.51822e-14 7.46194e-10 2.67274e-06 0.00115719 0.0605634 0.38314 0.293203 0.0404856 0.102164 0.0937664 0.0139669 0.00824949 0.00249946 0.00061187 0.00015603 2.88967e-05 4.41783e-06 4.82921e-07 3.27204e-08 1.27665e-09 2.22113e-11
 2.57059e-27 2.6079e-27 4.97205e-26 9.94875e-20 2.43882e-14 7.22665e-10 2.58846e-06 0.00112071 0.0586537 0.371059 0.283984 0.0408943 0.111751 0.102626 0.0157728 0.0101371 0.00305984 0.000719849 0.000180995 3.23528e-05 4.58208e-06 4.77096e-07 3.12731e-08 1.09318e-09 1.74464e-11
 2.57101e-27 2.60905e-27 5.07444e-26 1.01648e-19 2.49177e-14 7.38355e-10 2.64466e-06 0.00114504 0.0599272 0.379116 0.29013 0.0405339 0.104691 0.0961218 0.0148167 0.0095964 0.00293593 0.000755642 0.00019056 3.2844e-05 4.51782e-06 4.40579e-07 2.69586e-08 8.99597e-10 1.2991e-11
 2.57165e-27 2.61077e-27 5.22613e-26 1.04848e-19 2.57021e-14 7.61599e-10 2.72792e-06 0.00118109 0.0618137 0.391051 0.299238 0.0401638 0.0954751 0.0875978 0.0129442 0.00747115 0.00228275 0.000593041 0.000153564 2.84965e-05 3.87417e-06 3.63648e-07 2.09195e-08 6.48623e-10 8.82565e-12
 2.57161e-27 2.61065e-27 5.21423e-26 1.04596e-19 2.56405e-14 7.59775e-10 2.72139e-06 0.00117826 0.0616657 0.390114 0.298524 0.0402836 0.0968882 0.0888837 0.0128449 0.00691818 0.00207268 0.000476259 0.000121324 2.28592e-05 3.28088e-06 3.17738e-07 1.7632e-08 5.13751e-10 6.49296e-12
 2.57124e-27 2.60964e-27 5.12391e-26 1.02691e-19 2.51734e-14 7.45934e-10 2.67181e-06 0.00115679 0.0605423 0.383007 0.293104 0.0406569 0.103537 0.0949964 0.0135063 0.00688647 0.00204116 0.000436128 0.000106052 1.79921e-05 2.55988e-06 2.57987e-07 1.49563e-08 4.25412e-10 5.05596e-12
 2.57126e-27 2.6097e-27 5.1292e-26 1.02803e-19 2.52008e-14 7.46745e-10 2.67471e-06 0.00115805 0.0606081 0.383423 0.293421 0.0406194 0.103029 0.0945332 0.0135307 0.00705781 0.00207919 0.000420052 9.92727e-05 1.56492e-05 2.04207e-06 1.93912e-07 1.15512e-08 3.42547e-10 4.01493e-12
 2.5715e-27 2.61036e-27 5.189e-26 1.04064e-19 2.55101e-14 7.55909e-10 2.70754e-06 0.00117226 0.0613519 0.388129 0.29701 0.0403475 0.098439 0.0903192 0.0131786 0.00731601 0.00216461 0.000447226 0.000104762 1.56427e-05 1.92784e-06 1.66952e-07 9.20347e-09 2.75302e-10 3.34441e-12
#obs surv len freq
 1.76452e-41 2.44903e-33 4.10876e-26 8.33249e-20 2.04261e-14 6.05263e-10 2.16795e-06 0.000938649 0.0491252 0.31078 0.238043 0.0440341 0.152141 0.128897 0.036404 0.0279863 0.00844755 0.00263353 0.000506662 5.8049e-05 2.90305e-06 4.61773e-08 1.74058e-10 1.25321e-13 1.49268e-17
 2.17378e-41 3.01706e-33 5.06175e-26 1.02651e-19 2.51638e-14 7.45648e-10 2.67079e-06 0.00115636 0.0605193 0.382862 0.293056 0.0420087 0.0973091 0.0779116 0.0224769 0.0162827 0.00475138 0.00139128 0.000246511 2.47124e-05 1.02054e-06 1.27157e-08 3.60714e-11 1.8998e-14 1.62563e-18
 1.72128e-41 2.38902e-33 4.00808e-26 8.12831e-20 1.99256e-14 5.90432e-10 2.11483e-06 0.000915649 0.0479214 0.303165 0.232423 0.051242 0.182052 0.135986 0.0267295 0.0142719 0.00400384 0.00109378 0.000177363 1.54971e-05 5.26769e-07 5.11288e-09 1.08733e-11 4.19012e-15 2.5823e-19
 2.09824e-41 2.91222e-33 4.88586e-26 9.90843e-20 2.42893e-14 7.19737e-10 2.57798e-06 0.00111618 0.0584163 0.369559 0.28302 0.0457824 0.112628 0.0807165 0.0274056 0.0173247 0.00328222 0.000646102 9.37916e-05 7.08051e-06 1.97148e-07 1.48797e-09 2.36784e-12 6.66676e-16 2.95994e-20
 2.37492e-41 3.29624e-33 5.53012e-26 1.1215e-19 2.74922e-14 8.14644e-10 2.91792e-06 0.00126336 0.0661192 0.418289 0.320201 0.0442586 0.0787003 0.0517959 0.0114288 0.00590966 0.00166399 0.00033341 3.11987e-05 1.83436e-06 4.13008e-08 2.41626e-10 2.87772e-13 5.92359e-17 1.89521e-21
 1.30841e-41 1.81598e-33 3.04669e-26 6.17862e-20 1.51462e-14 4.48809e-10 1.60756e-06 0.000696018 0.0364268 0.23045 0.177566 0.0714195 0.27396 0.167514 0.0284491 0.0110052 0.00207006 0.000397807 4.24872e-05 1.75366e-06 2.75188e-08 1.21328e-10 1.07828e-13 1.62451e-17 3.75236e-22
 2.21417e-41 3.07313e-33 5.15581e-26 1.04559e-19 2.56313e-14 7.59504e-10 2.72042e-06 0.00117785 0.0616438 0.389977 0.298719 0.0466993 0.0886895 0.0564097 0.03556 0.0182902 0.00249938 0.000304499 2.52426e-05 1.00975e-06 1.18092e-08 3.47738e-11 2.18611e-14 2.38492e-18 3.97607e-23
 1.98193e-41 2.75079e-33 4.61503e-26 9.35918e-20 2.29429e-14 6.79841e-10 2.43508e-06 0.00105431 0.0551781 0.349076 0.267971 0.0611355 0.155956 0.0830538 0.0160208 0.0074112 0.0027307 0.00038962 1.99369e-05 5.4712e-07 5.31324e-09 1.18246e-11 5.00841e-15 3.69266e-19 4.2992e-24
 2.03044e-41 2.81812e-33 4.72799e-26 9.58826e-20 2.35045e-14 6.96481e-10 2.49468e-06 0.00108011 0.0565287 0.35762 0.274578 0.0613433 0.142618 0.0733443 0.0228297 0.00849467 0.00129297 0.000247816 1.94242e-05 3.87891e-07 2.38573e-09 3.90948e-12 1.23998e-15 6.40885e-20 5.028e-25
 1.97707e-41 2.74404e-33 4.60369e-26 9.33619e-20 2.28866e-14 6.78171e-10 2.4291e-06 0.00105172 0.0550426 0.348221 0.267697 0.0671127 0.154844 0.0740651 0.0221943 0.00810119 0.00148999 0.000166811 1.10929e-05 2.80869e-07 1.46938e-09 1.55357e-12 3.30133e-16 1.22261e-20 6.89908e-26
 2.09841e-41 2.91246e-33 4.88626e-26 9.90923e-20 2.42913e-14 7.19796e-10 2.57819e-06 0.00111627 0.0584211 0.369594 0.284065 0.0658307 0.133129 0.060224 0.019762 0.00658189 0.00113997 0.000127758 6.20299e-06 1.17331e-07 6.17009e-10 5.89039e-13 8.98146e-17 2.18006e-21 8.24735e-27
 2.04342e-41 2.83613e-33 4.75819e-26 9.64951e-20 2.36546e-14 7.0093e-10 2.51062e-06 0.00108701 0.0568898 0.35991 0.277107 0.0732474 0.146999 0.0609974 0.0174612 0.00529562 0.000908108 9.16154e-05 3.98622e-06 5.68058e-08 2.1342e-10 1.70716e-13 2.28083e-17 4.43334e-22 1.20133e-27
 2.00007e-41 2.77597e-33 4.65726e-26 9.44483e-20 2.31529e-14 6.86063e-10 2.45737e-06 0.00106395 0.0556831 0.352279 0.271734 0.0794401 0.153662 0.0608687 0.0192915 0.00515799 0.000746798 6.76815e-05 2.57741e-06 3.03486e-08 8.54885e-11 4.80205e-14 4.74234e-18 7.32283e-23 1.60653e-28
 1.87008e-41 2.59554e-33 4.35456e-26 8.83097e-20 2.16481e-14 6.41472e-10 2.29765e-06 0.000994802 0.052064 0.329389 0.255085 0.0913098 0.175306 0.066551 0.0226537 0.0057695 0.000811609 6.05622e-05 1.89383e-06 1.83161e-08 4.05909e-11 1.69918e-14 1.18882e-18 1.2854e-23 2.0308e-29
 1.68457e-41 2.33808e-33 3.92261e-26 7.95497e-20 1.95007e-14 5.77841e-10 2.06973e-06 0.000896122 0.0468995 0.296727 0.231326 0.10666 0.201956 0.0766486 0.0303506 0.00742885 0.00103443 7.03577e-05 1.79241e-06 1.33656e-08 2.28877e-11 7.29453e-15 3.78522e-19 2.95125e-24 3.28533e-30
 1.91204e-41 2.65379e-33 4.45229e-26 9.02915e-20 2.21339e-14 6.55868e-10 2.34921e-06 0.00101713 0.0532324 0.336791 0.261596 0.0953667 0.154529 0.06109 0.028234 0.00705611 0.00101961 6.47466e-05 1.43209e-06 8.43116e-09 1.07612e-11 2.534e-15 9.7249e-20 5.57315e-25 4.50976e-31
 1.86356e-41 2.58649e-33 4.33938e-26 8.80017e-20 2.15726e-14 6.39235e-10 2.28964e-06 0.000991334 0.0518825 0.328264 0.256396 0.10948 0.168982 0.0569884 0.0207389 0.00539273 0.00082951 5.16949e-05 1.02428e-06 4.98197e-09 4.91112e-12 8.51737e-16 2.36066e-20 9.75185e-26 5.7017e-32
 1.83606e-41 2.54833e-33 4.27536e-26 8.67034e-20 2.12543e-14 6.29804e-10 2.25586e-06 0.000976708 0.0511171 0.323435 0.25379 0.117093 0.168613 0.0580856 0.0217737 0.00447291 0.000602866 3.73498e-05 6.85282e-07 2.84553e-09 2.24367e-12 2.97082e-16 6.07558e-21 1.81111e-26 7.55767e-33
 1.86779e-41 2.59237e-33 4.34924e-26 8.82017e-20 2.16216e-14 6.40687e-10 2.29484e-06 0.000993585 0.0520004 0.329037 0.258998 0.120965 0.159448 0.0540871 0.0199825 0.00400795 0.00045609 2.28504e-05 3.72448e-07 1.34544e-09 8.72037e-13 9.06827e-17 1.4091e-21 3.11611e-27 9.47612e-34
 1.94235e-41 2.69585e-33 4.52285e-26 9.17226e-20 2.24847e-14 6.66263e-10 2.38645e-06 0.00103325 0.0540762 0.342183 0.269774 0.121404 0.144506 0.047197 0.0163673 0.00311579 0.000327533 1.3531e-05 1.70632e-07 4.97842e-10 2.63945e-13 2.19295e-17 2.64613e-22 4.43976e-28 1.00632e-34
 1.93996e-41 2.69254e-33 4.51729e-26 9.16097e-20 2.2457e-14 6.65443e-10 2.38351e-06 0.00103198 0.0540097 0.34179 0.271098 0.129813 0.142679 0.0434797 0.0135278 0.00234076 0.000220345 7.85145e-06 7.82475e-08 1.70816e-10 6.83931e-14 4.38171e-18 4.09181e-23 5.26468e-29 9.03271e-36
 1.98284e-41 2.75205e-33 4.61714e-26 9.36346e-20 2.29534e-14 6.80152e-10 2.43619e-06 0.00105479 0.0552036 0.349369 0.278038 0.131542 0.131749 0.0396727 0.0114991 0.00172846 0.00013839 4.13206e-06 3.32443e-08 5.55672e-11 1.63536e-14 7.62096e-19 5.2246e-24 4.99396e-30 6.40594e-37
 1.91861e-41 2.6629e-33 4.46757e-26 9.06013e-20 2.22099e-14 6.58119e-10 2.35727e-06 0.00102062 0.0534154 0.338111 0.272352 0.146484 0.137521 0.0392083 0.0103683 0.00141899 9.50744e-05 2.2657e-06 1.4318e-08 1.84265e-11 4.06714e-15 1.38641e-19 6.84173e-25 4.68401e-31 4.31624e-38
 1.96168e-41 2.72268e-33 4.56786e-26 9.26354e-20 2.27085e-14 6.72893e-10 2.41019e-06 0.00104353 0.0546147 0.345738 0.279464 0.145575 0.125335 0.0375035 0.00950622 0.0011513 6.55131e-05 1.24433e-06 5.97391e-09 5.76203e-12 9.47032e-16 2.38194e-20 8.57686e-26 4.23834e-32 2.79518e-39
 1.93662e-41 2.6879e-33 4.50951e-26 9.1452e-20 2.24184e-14 6.64298e-10 2.37941e-06 0.0010302 0.0539173 0.341403 0.279225 0.155914 0.124247 0.0349985 0.0082609 0.00095427 4.63918e-05 7.03451e-07 2.57373e-09 1.8305e-12 2.19039e-16 4.00195e-21 1.04593e-26 3.74326e-33 1.78157e-40
 1.87937e-41 2.60844e-33 4.3762e-26 8.87485e-20 2.17556e-14 6.44659e-10 2.30906e-06 0.000999746 0.0523237 0.331431 0.275618 0.168915 0.126507 0.035673 0.00770449 0.000791983 3.38113e-05 4.19755e-07 1.17657e-09 6.19873e-13 5.38555e-17 7.06499e-22 1.3205e-27 3.3793e-34 1.15118e-41
 1.79584e-41 2.49251e-33 4.18171e-26 8.48041e-20 2.07887e-14 6.16008e-10 2.20644e-06 0.000955313 0.0499987 0.316875 0.269606 0.184365 0.131285 0.0383012 0.00785602 0.000728469 2.61848e-05 2.6573e-07 5.84386e-10 2.3121e-13 1.46823e-17 1.3881e-22 1.85461e-28 3.37621e-35 8.16195e-43
 1.82003e-41 2.52608e-33 4.23802e-26 8.59463e-20 2.10687e-14 6.24305e-10 2.23616e-06 0.00096818 0.0506726 0.321259 0.275444 0.182735 0.122707 0.0379579 0.00757726 0.000656621 2.01582e-05 1.63918e-07 2.79728e-10 8.41079e-14 3.97041e-18 2.73763e-23 2.63357e-29 3.4259e-36 5.89185e-44
 1.8201e-41 2.52618e-33 4.23819e-26 8.59497e-20 2.10696e-14 6.2433e-10 2.23625e-06 0.000968219 0.0506746 0.321272 0.27546 0.183011 0.123692 0.037339 0.00700957 0.000556124 1.50787e-05 1.05029e-07 1.50043e-10 3.71984e-14 1.43385e-18 8.01998e-24 6.22951e-30 6.52139e-37 9.00378e-45
#pred catch len freq
 2.56718e-27 2.59917e-27 4.26654e-26 8.46069e-20 2.07404e-14 6.14574e-10 2.2013e-06 0.000953079 0.0498807 0.315559 0.241546 0.0371299 0.112918 0.104309 0.0266415 0.0348791 0.0163838 0.0145284 0.00986879 0.00814469 0.00682575 0.00621504 0.00650002 0.00590089 0.00181546
 2.5696e-27 2.60539e-27 4.77099e-26 9.52468e-20 2.33486e-14 6.91861e-10 2.47813e-06 0.00107294 0.0561536 0.355243 0.271888 0.0396875 0.111065 0.10223 0.0198808 0.0197256 0.00781099 0.00514364 0.00288146 0.00201604 0.00147348 0.00119364 0.00113373 0.00104473 0.000353857
 2.56935e-27 2.60463e-27 4.69312e-26 9.36034e-20 2.29458e-14 6.79924e-10 2.43537e-06 0.00105442 0.0551847 0.349114 0.267227 0.0408948 0.123528 0.113636 0.020269 0.0176662 0.00605451 0.00266243 0.00113032 0.000588111 0.000339473 0.000230448 0.000190174 0.000168782 5.96265e-05
 2.56908e-27 2.60391e-27 4.62944e-26 9.22602e-20 2.26165e-14 6.70167e-10 2.40043e-06 0.00103929 0.0543928 0.344104 0.263404 0.041066 0.127517 0.117348 0.0215064 0.0195413 0.00642974 0.00237194 0.000781749 0.000267272 0.000104029 5.19235e-05 3.43283e-05 2.75393e-05 9.75479e-06
 2.57171e-27 2.61105e-27 5.26063e-26 1.05576e-19 2.58806e-14 7.66888e-10 2.74686e-06 0.00118929 0.062243 0.393766 0.301296 0.0392318 0.0869361 0.0798951 0.0147796 0.0136219 0.00454026 0.00175738 0.000539367 0.000145679 3.57062e-05 1.07074e-05 4.77814e-06 3.13674e-06 1.07009e-06
 2.56848e-27 2.60219e-27 4.46952e-26 8.88861e-20 2.17894e-14 6.45658e-10 2.31264e-06 0.00100128 0.0524036 0.33152 0.253814 0.0422222 0.143054 0.131531 0.0212086 0.015289 0.00509762 0.00201054 0.000631447 0.000172368 3.45962e-05 6.24369e-06 1.43778e-06 6.29828e-07 1.94705e-07
 2.56818e-27 2.6015e-27 4.41974e-26 8.78366e-20 2.15321e-14 6.38034e-10 2.28533e-06 0.000989461 0.0517848 0.327605 0.250811 0.0413603 0.138605 0.127674 0.0250412 0.0249898 0.00786482 0.00231604 0.000710762 0.000198289 4.05432e-05 6.15735e-06 7.47495e-07 1.50516e-07 3.6631e-08
 2.57063e-27 2.60813e-27 5.00628e-26 1.0021e-19 2.45653e-14 7.27913e-10 2.60726e-06 0.00112885 0.0590797 0.373754 0.286024 0.0397233 0.101407 0.0932995 0.0180663 0.0177647 0.00612298 0.00266122 0.000759092 0.000167356 3.38534e-05 5.20278e-06 5.06155e-07 4.17606e-08 5.56431e-09
 2.5699e-27 2.60607e-27 4.81368e-26 9.61466e-20 2.35692e-14 6.98397e-10 2.50154e-06 0.00108307 0.0566841 0.358599 0.274473 0.0411137 0.120103 0.110368 0.0177618 0.0127565 0.00434755 0.00186691 0.000623956 0.000181324 3.09411e-05 4.26059e-06 4.08345e-07 2.24419e-08 1.12431e-09
 2.57004e-27 2.60648e-27 4.85339e-26 9.69844e-20 2.37746e-14 7.04483e-10 2.52334e-06 0.00109251 0.057178 0.361724 0.276852 0.0406706 0.11506 0.105807 0.0186383 0.0158835 0.00498308 0.00146379 0.000466783 0.000141964 3.13612e-05 4.34166e-06 3.59432e-07 1.80212e-08 4.69396e-10
 2.57063e-27 2.60806e-27 4.99273e-26 9.9924e-20 2.44952e-14 7.25835e-10 2.59982e-06 0.00112562 0.058911 0.372687 0.285219 0.040352 0.106757 0.0981161 0.016751 0.0135248 0.00441579 0.00157404 0.000440483 9.82188e-05 2.14682e-05 3.58167e-06 3.22251e-07 1.42085e-08 2.98994e-10
 2.57089e-27 2.60875e-27 5.05197e-26 1.01174e-19 2.48015e-14 7.34912e-10 2.63233e-06 0.0011397 0.0596477 0.377348 0.288777 0.040291 0.103793 0.0953572 0.0158289 0.0121104 0.00389406 0.00130519 0.00039004 9.68559e-05 1.63471e-05 2.39533e-06 2.48596e-07 1.19606e-08 2.24614e-10
 2.56993e-27 2.60614e-27 4.82038e-26 9.6288e-20 2.36038e-14 6.99424e-10 2.50522e-06 0.00108466 0.0567674 0.359126 0.274875 0.0410452 0.119299 0.109654 0.0181311 0.0137602 0.00436808 0.00137302 0.000397415 9.6105e-05 1.79053e-05 2.30957e-06 2.01277e-07 1.07012e-08 2.15528e-10
 2.56969e-27 2.60551e-27 4.7669e-26 9.51599e-20 2.33273e-14 6.9123e-10 2.47587e-06 0.00107196 0.0561023 0.354919 0.271661 0.0409788 0.121052 0.111324 0.0193813 0.0161933 0.00513984 0.00159905 0.000451658 0.000102757 1.84404e-05 2.48793e-06 2.01622e-07 9.20806e-09 1.97534e-10
 2.56927e-27 2.60438e-27 4.66653e-26 9.30423e-20 2.28082e-14 6.75848e-10 2.42077e-06 0.0010481 0.0548539 0.347021 0.265636 0.0413364 0.128007 0.117722 0.0201624 0.016372 0.00531704 0.0018523 0.000527932 0.000118197 2.01683e-05 2.58909e-06 2.12493e-07 9.09469e-09 1.73679e-10
 2.56988e-27 2.60603e-27 4.81303e-26 9.6133e-20 2.35659e-14 6.98298e-10 2.50119e-06 0.00108292 0.0566761 0.358548 0.27443 0.0408427 0.118071 0.108568 0.0188118 0.0155928 0.00502795 0.00169594 0.000502431 0.000123269 2.10425e-05 2.59156e-06 2.01576e-07 8.55386e-09 1.53021e-10
 2.57071e-27 2.60825e-27 5.00728e-26 1.00231e-19 2.45704e-14 7.28064e-10 2.6078e-06 0.00112908 0.0590919 0.373832 0.286095 0.0404949 0.107229 0.0985101 0.0160722 0.0118728 0.0038411 0.001327 0.000389077 9.42958e-05 1.73506e-05 2.22483e-06 1.67114e-07 6.73721e-09 1.17697e-10
 2.57057e-27 2.60787e-27 4.97078e-26 9.94608e-20 2.43816e-14 7.22471e-10 2.58777e-06 0.0011204 0.058638 0.37096 0.283907 0.0407883 0.110999 0.101952 0.0159947 0.0108217 0.00340148 0.00102741 0.000299503 7.36898e-05 1.33919e-05 1.79413e-06 1.42401e-07 5.60158e-09 9.33272e-11
 2.57063e-27 2.60802e-27 4.98496e-26 9.97599e-20 2.44549e-14 7.24643e-10 2.59555e-06 0.00112377 0.0588143 0.372075 0.284757 0.0406993 0.109724 0.100789 0.0160442 0.0112238 0.00346993 0.000947539 0.000259622 5.73508e-05 1.04268e-05 1.39772e-06 1.14445e-07 4.73343e-09 7.7637e-11
 2.57137e-27 2.61002e-27 5.16061e-26 1.03465e-19 2.53633e-14 7.51559e-10 2.69196e-06 0.00116551 0.0609988 0.385895 0.295303 0.0402766 0.0990985 0.0909592 0.0138599 0.00871633 0.00270593 0.000765893 0.000204153 4.07797e-05 6.67955e-06 8.52316e-07 7.00795e-08 2.9838e-09 5.09875e-11
 2.57163e-27 2.61073e-27 5.22326e-26 1.04787e-19 2.56873e-14 7.61159e-10 2.72634e-06 0.0011804 0.061778 0.390825 0.299064 0.0401072 0.0951661 0.0873284 0.0131824 0.00808165 0.00246052 0.000619875 0.000164452 3.35047e-05 5.11287e-06 5.80604e-07 4.42933e-08 1.88086e-09 3.30541e-11
 2.57137e-27 2.61001e-27 5.15858e-26 1.03422e-19 2.53528e-14 7.51248e-10 2.69084e-06 0.00116503 0.0609736 0.385736 0.295183 0.0403731 0.0999169 0.091696 0.0136585 0.00806734 0.00244427 0.00059836 0.000152585 2.82587e-05 4.32029e-06 4.72258e-07 3.19979e-08 1.24846e-09 2.17209e-11
 2.57087e-27 2.60865e-27 5.03876e-26 1.00895e-19 2.47331e-14 7.32886e-10 2.62508e-06 0.00113656 0.0594833 0.376308 0.287989 0.0406714 0.107242 0.0984708 0.0151342 0.00972668 0.00293594 0.000690702 0.000173666 3.10428e-05 4.39655e-06 4.57779e-07 3.00068e-08 1.04891e-09 1.674e-11
 2.57135e-27 2.60997e-27 5.15663e-26 1.03381e-19 2.53427e-14 7.50949e-10 2.68977e-06 0.00116457 0.0609493 0.385582 0.295064 0.0402603 0.0991427 0.0910088 0.0140285 0.00908593 0.00277976 0.000715446 0.000180423 3.10969e-05 4.2775e-06 4.17143e-07 2.55245e-08 8.51744e-10 1.23e-11
 2.57194e-27 2.61155e-27 5.29552e-26 1.06311e-19 2.60609e-14 7.72232e-10 2.76601e-06 0.00119758 0.0626768 0.39651 0.303403 0.0399261 0.09074 0.0832354 0.0122996 0.00709908 0.00216907 0.000563507 0.000145916 2.70774e-05 3.68124e-06 3.45538e-07 1.98777e-08 6.16321e-10 8.38613e-12
 2.57198e-27 2.61166e-27 5.30402e-26 1.06491e-19 2.61049e-14 7.73535e-10 2.77067e-06 0.00119959 0.0627825 0.397179 0.303914 0.039971 0.0907223 0.0832041 0.0120241 0.00647611 0.00194024 0.000445826 0.000113571 2.13985e-05 3.07123e-06 2.97435e-07 1.65053e-08 4.80922e-10 6.07806e-12
 2.57168e-27 2.61083e-27 5.22985e-26 1.04926e-19 2.57213e-14 7.62168e-10 2.72996e-06 0.00118197 0.0618599 0.391343 0.299463 0.0402839 0.0962311 0.0882671 0.0125496 0.00639865 0.00189657 0.000405234 9.85395e-05 1.67176e-05 2.37855e-06 2.39711e-07 1.38968e-08 3.95277e-10 4.69781e-12
 2.57162e-27 2.61066e-27 5.21506e-26 1.04614e-19 2.56448e-14 7.59902e-10 2.72184e-06 0.00117845 0.061676 0.390179 0.298575 0.0403182 0.0971159 0.0890867 0.0127512 0.00665117 0.0019594 0.000395851 9.35531e-05 1.47476e-05 1.92442e-06 1.8274e-07 1.08857e-08 3.22811e-10 3.78361e-12
 2.57109e-27 2.60925e-27 5.08974e-26 1.0197e-19 2.49968e-14 7.40699e-10 2.65306e-06 0.00114867 0.0601174 0.380319 0.291052 0.0406915 0.105242 0.0965863 0.014093 0.00782366 0.00231482 0.000478259 0.000112031 1.67281e-05 2.06161e-06 1.78537e-07 9.84209e-09 2.94405e-10 3.57648e-12
#obs catch len freq
 1.74959e-41 2.42832e-33 4.07401e-26 8.262e-20 2.02533e-14 6.00143e-10 2.14961e-06 0.000930709 0.0487096 0.308151 0.236037 0.0441177 0.153994 0.130485 0.0369843 0.0285156 0.00870299 0.00275656 0.000545181 6.49058e-05 3.38068e-06 5.59984e-08 2.1997e-10 1.64731e-13 2.03308e-17
 1.76736e-41 2.45298e-33 4.11539e-26 8.34592e-20 2.0459e-14 6.06239e-10 2.17145e-06 0.000940163 0.0492044 0.311281 0.238485 0.045981 0.155879 0.125021 0.0362591 0.0263685 0.00779554 0.00231831 0.000419917 4.34392e-05 1.86695e-06 2.41876e-08 7.11103e-11 3.87321e-14 3.41986e-18
 2.18163e-41 3.02796e-33 5.08003e-26 1.03022e-19 2.52546e-14 7.48341e-10 2.68044e-06 0.00116054 0.0607378 0.384245 0.294155 0.0433012 0.0987525 0.0746629 0.022153 0.0150968 0.0043166 0.00119915 0.000198797 1.78289e-05 6.26498e-07 6.30641e-09 1.38732e-11 5.50799e-15 3.4869e-19
 1.73922e-41 2.41392e-33 4.04985e-26 8.21301e-20 2.01332e-14 5.96584e-10 2.13687e-06 0.00092519 0.0484208 0.306325 0.234927 0.0537404 0.183538 0.128807 0.0255956 0.0130542 0.00358953 0.000925271 0.000139469 1.08024e-05 3.09313e-07 2.4063e-09 3.9475e-12 1.14296e-15 5.20124e-20
 2.11786e-41 2.93945e-33 4.93153e-26 1.00011e-19 2.45164e-14 7.26466e-10 2.60208e-06 0.00112661 0.0589624 0.373014 0.285722 0.0473828 0.11244 0.0758777 0.0265935 0.0154544 0.00281461 0.000533276 7.1619e-05 4.7497e-06 1.10337e-07 6.62338e-10 8.08912e-13 1.70594e-16 5.58251e-21
 2.39032e-41 3.31761e-33 5.56598e-26 1.12877e-19 2.76704e-14 8.19925e-10 2.93684e-06 0.00127155 0.0665479 0.421001 0.322322 0.0453583 0.077811 0.0479299 0.0107726 0.0052561 0.00143999 0.000262457 2.27867e-05 1.18217e-06 2.20242e-08 1.01747e-10 9.25492e-14 1.42267e-17 3.3489e-22
 1.34333e-41 1.86445e-33 3.128e-26 6.34351e-20 1.55504e-14 4.60786e-10 1.65046e-06 0.000714593 0.0373989 0.236601 0.182478 0.075885 0.27296 0.155597 0.0265762 0.00967178 0.00176451 0.000319381 3.03809e-05 1.08537e-06 1.41689e-08 4.91457e-11 3.3213e-14 3.72594e-18 6.32085e-23
 2.24335e-41 3.11362e-33 5.22375e-26 1.05937e-19 2.59691e-14 7.69512e-10 2.75627e-06 0.00119337 0.0624562 0.395117 0.302718 0.0480758 0.0865339 0.0523694 0.0337586 0.0155132 0.00201319 0.000230776 1.74587e-05 5.93458e-07 5.65168e-09 1.31032e-11 6.26115e-15 5.07502e-19 6.20328e-24
 2.01931e-41 2.80266e-33 4.70205e-26 9.53566e-20 2.33756e-14 6.92661e-10 2.481e-06 0.00107419 0.0562187 0.355659 0.273148 0.0634898 0.15153 0.0750591 0.0146905 0.00655903 0.00227201 0.000283628 1.3083e-05 3.10266e-07 2.43925e-09 4.21902e-12 1.35517e-15 7.42455e-20 6.33057e-25
 2.06935e-41 2.87211e-33 4.81857e-26 9.77196e-20 2.39548e-14 7.09825e-10 2.54248e-06 0.0011008 0.0576117 0.364473 0.279969 0.0635436 0.137717 0.0663086 0.0209669 0.00705294 0.00105445 0.00018748 1.2405e-05 2.06967e-07 1.03901e-09 1.32457e-12 3.16948e-16 1.21492e-20 6.98321e-26
 2.02097e-41 2.80497e-33 4.70591e-26 9.5435e-20 2.33948e-14 6.9323e-10 2.48304e-06 0.00107507 0.0562648 0.355954 0.273801 0.0695151 0.148634 0.0665157 0.0201817 0.00675275 0.00117616 0.000119665 7.12412e-06 1.4653e-07 6.04918e-10 4.96227e-13 7.97279e-17 2.18677e-21 9.03118e-27
 2.14087e-41 2.97138e-33 4.98511e-26 1.01097e-19 2.47827e-14 7.34357e-10 2.63035e-06 0.00113885 0.0596029 0.377072 0.289968 0.067783 0.126589 0.0537299 0.0177395 0.00539407 0.000887637 8.90752e-05 3.76355e-06 5.942e-08 2.45097e-10 1.78094e-13 2.03928e-17 3.66791e-22 1.0152e-27
 2.09001e-41 2.9008e-33 4.8667e-26 9.86957e-20 2.41941e-14 7.16915e-10 2.56787e-06 0.0011118 0.0581872 0.368119 0.283625 0.0753789 0.139033 0.0539931 0.0154786 0.00431059 0.00069556 6.26008e-05 2.33872e-06 2.73248e-08 8.10705e-11 4.9378e-14 4.91497e-18 7.04445e-23 1.39726e-28
 2.05014e-41 2.84546e-33 4.77384e-26 9.68126e-20 2.37325e-14 7.03236e-10 2.51888e-06 0.00109059 0.057077 0.3611 0.278776 0.0816797 0.144705 0.0538941 0.0169417 0.00412504 0.00056166 4.52891e-05 1.4665e-06 1.40097e-08 3.08441e-11 1.31772e-14 9.693e-19 1.09938e-23 1.75821e-29
 1.92629e-41 2.67357e-33 4.48547e-26 9.09644e-20 2.22988e-14 6.60756e-10 2.36672e-06 0.00102471 0.0536291 0.339295 0.263072 0.0940137 0.164824 0.0591173 0.0197803 0.00460172 0.000599059 3.94523e-05 1.04607e-06 8.14753e-09 1.40115e-11 4.43661e-15 2.30686e-19 1.83047e-24 2.10318e-30
 1.74779e-41 2.42582e-33 4.06981e-26 8.2535e-20 2.02325e-14 5.99526e-10 2.1474e-06 0.000929751 0.0486595 0.307868 0.24043 0.110118 0.190035 0.0688211 0.0264142 0.00592065 0.000756024 4.48608e-05 9.57167e-07 5.72511e-09 7.5761e-12 1.81875e-15 6.99329e-20 3.99579e-25 3.23407e-31
 1.97168e-41 2.73657e-33 4.59116e-26 9.31077e-20 2.28243e-14 6.76325e-10 2.42248e-06 0.00104885 0.0548928 0.347301 0.270122 0.0974778 0.143709 0.0548875 0.0242127 0.00557615 0.000728849 4.00307e-05 7.3236e-07 3.42494e-09 3.36362e-12 5.95148e-16 1.68855e-20 7.07854e-26 4.16025e-32
 1.92493e-41 2.67168e-33 4.48229e-26 9.08999e-20 2.22831e-14 6.60288e-10 2.36504e-06 0.00102398 0.0535912 0.339083 0.265307 0.111631 0.156366 0.0504291 0.0176743 0.00427368 0.000587707 3.13455e-05 5.07533e-07 1.94238e-09 1.46344e-12 1.90048e-16 3.88723e-21 1.17303e-26 4.97487e-33
 1.89995e-41 2.63701e-33 4.42412e-26 8.97204e-20 2.19939e-14 6.51719e-10 2.33435e-06 0.00101069 0.0528958 0.334699 0.263152 0.119035 0.155464 0.0515997 0.0182301 0.00346444 0.000422931 2.22399e-05 3.29418e-07 1.0657e-09 6.37904e-13 6.2975e-17 9.48166e-22 2.06225e-27 6.23784e-34
 1.93159e-41 2.68092e-33 4.49781e-26 9.12146e-20 2.23602e-14 6.62574e-10 2.37323e-06 0.00102753 0.0537768 0.34029 0.26842 0.122394 0.14621 0.0479186 0.0165797 0.00305767 0.00030971 1.32407e-05 1.73491e-07 4.83827e-10 2.36407e-13 1.82448e-17 2.08117e-22 3.35237e-28 7.38355e-35
 2.00415e-41 2.78163e-33 4.66675e-26 9.46408e-20 2.32001e-14 6.87461e-10 2.46237e-06 0.00106612 0.0557968 0.353086 0.27895 0.12208 0.131541 0.0415026 0.0134075 0.00234336 0.000216723 7.53221e-06 7.62352e-08 1.71339e-10 6.81259e-14 4.18126e-18 3.69187e-23 4.50262e-29 7.38225e-36
 2.00231e-41 2.77907e-33 4.66246e-26 9.45538e-20 2.31788e-14 6.86829e-10 2.46011e-06 0.00106514 0.0557455 0.352795 0.280473 0.129963 0.129204 0.0379265 0.0109458 0.00173282 0.000142625 4.22773e-06 3.34732e-08 5.60929e-11 1.68142e-14 7.93503e-19 5.40568e-24 5.04345e-30 6.2488e-37
 2.04396e-41 2.83688e-33 4.75946e-26 9.65208e-20 2.36609e-14 7.01117e-10 2.51129e-06 0.0010873 0.0569053 0.360162 0.287295 0.130994 0.118662 0.0343937 0.00915694 0.00125204 8.71689e-05 2.14958e-06 1.36291e-08 1.73767e-11 3.81679e-15 1.3081e-19 6.53039e-25 4.51649e-31 4.17472e-38
 1.98242e-41 2.75147e-33 4.61617e-26 9.3615e-20 2.29486e-14 6.80009e-10 2.43568e-06 0.00105457 0.0551923 0.349391 0.282222 0.145477 0.123592 0.0338155 0.00818386 0.00101008 5.82538e-05 1.13962e-06 5.64532e-09 5.51493e-12 9.05213e-16 2.26457e-20 8.12889e-26 4.02296e-32 2.66797e-39
 2.02426e-41 2.80954e-33 4.71359e-26 9.55906e-20 2.34329e-14 6.94359e-10 2.48708e-06 0.00107682 0.0563571 0.356807 0.289192 0.143861 0.112272 0.0321966 0.00739286 0.000802256 3.89356e-05 6.01474e-07 2.25221e-09 1.64348e-12 2.00313e-16 3.68963e-21 9.65039e-27 3.44473e-33 1.63444e-40
 2.00029e-41 2.77627e-33 4.65776e-26 9.44585e-20 2.31554e-14 6.86136e-10 2.45763e-06 0.00106407 0.0556899 0.352678 0.289296 0.153482 0.110901 0.029828 0.00637789 0.000653027 2.67802e-05 3.2763e-07 9.29235e-10 4.98251e-13 4.41202e-17 5.89327e-22 1.11719e-27 2.88496e-34 9.87115e-42
 1.94525e-41 2.69988e-33 4.52961e-26 9.18596e-20 2.25183e-14 6.67259e-10 2.39001e-06 0.00103479 0.0541582 0.343118 0.28627 0.165851 0.112893 0.0302423 0.00587762 0.00053313 1.90279e-05 1.88673e-07 4.0756e-10 1.61298e-13 1.03478e-17 9.9111e-23 1.34228e-28 2.47613e-35 6.05852e-43
 1.86453e-41 2.58784e-33 4.34165e-26 8.80477e-20 2.15839e-14 6.39569e-10 2.29083e-06 0.000991852 0.0519115 0.329087 0.281022 0.180759 0.117414 0.0323748 0.005941 0.0004812 1.43561e-05 1.15542e-07 1.94563e-10 5.76007e-14 2.69517e-18 1.85801e-23 1.79732e-29 2.35728e-36 4.09117e-44
 1.88219e-41 2.61236e-33 4.38277e-26 8.88816e-20 2.17883e-14 6.45627e-10 2.31253e-06 0.00100125 0.0524031 0.332168 0.282147 0.174851 0.116172 0.0343623 0.00637652 0.00050212 1.35552e-05 9.41722e-08 1.34323e-10 3.32688e-14 1.28155e-18 7.16488e-24 5.56343e-30 5.82259e-37 8.03732e-45
#spawning biomass
 5936.76 7290.6 9729.31 11748.1 18270.3 29675.3 30128.7 35494.2 41534.1 51790.8 65095.7 91516 123896 142296 135964 122006 111660 109261 105693 91575.4 101537 112699 124529 121572 122132 132558 124757 108066 106171 150879 151919 88883.7 50393.4 31432.9 23163 19824.8 18546.2 18074.2 17904.7 17845 17824.2 17817.1 17814.7 17813.9 17813.6 17813.5 17813.5 17813.5 17813.5 17813.5 17813.5 17813.5 17813.5 17813.5 17813.5 17813.5 17813.5 17813.5 17813.5 17813.5 17813.5 17813.5 17813.5 17813.5 17813.5 17813.5 17813.5 17813.5 17813.5 17813.5 17813.5 17813.5 17813.5 17813.5 17813.5 17813.5 17813.5 17813.5 17813.5 17813.5 17813.5 17813.5 17813.5 17813.5 17813.5 17813.5 17813.5 17813.5 17813.5 17813.5 17813.5 17813.5 17813.5 17813.5 17813.5 17813.5 17813.5 17813.5 17813.5 17813.5 17813.5 17813.5 17813.5 17813.5 17813.5 17813.5 17813.5 17813.5 17813.5 17813.5 17813.5 17813.5 17813.5 17813.5 17813.5 17813.5 17813.5 17813.5 17813.5 17813.5 17813.5 17813.5 17813.5 17813.5 17813.5 17813.5 17813.5 17813.5 17813.5 0 0 0 0 0 0 0 0 0 0 0 0 0 0 0 0 0 0 0 0 0 0 0 0 0
