SBPRF35
0.235397
Curr Bio
312042
B35
360948
F35
0.585392
FOFL
0.490425
OFL
73867.4
Bzero
67256.4
#pred survey bio
 8383.76 10084.5 9054.96 8597.64 13199.6 21297.6 29929 42251.6 57396.7 80817.3 111972 140940 178092 207530 222433 183636 160278 167314 172223 182365 188830 176046 180491 209726 233711 235516 237858 252275 261504 8.92526e+06 7.76059e+06 5.20417e+06 3.15115e+06 1.92692e+06 1.26825e+06 927238 750115 655198 601959 570658 551512 539460 531728 526678 523340 521195 519810 518913 518331 517952 517706 517546 517441 517373 517329 517300 517281 517268 517260 517255 517252 517250 517248 517247 517247 517246 517246 517246 517246 517246 517245 517245 517245 517245 517245 517245 517245 517245 517245 517245 517245 517245 517245 517245 517245 517245 517245 517245 517245 517245 517245 517245 517245 517245 517245 517245 517245 517245 517245 517245 517245 517245 517245 517245 517245 517245 517245 517245 517245 517245 517245 517245 517245 517245 517245 517245 517245 517245 517245 517245 517245 517245 517245 517245 517245 517245 517245 517245 517245 0 0 0 0 0 0 0 0 0 0 0 0 0 0 0 0 0 0 0 0 0 0 0 0 0
#obs survey bio
 6185.64 5677.44 7419.94 7957.45 22922.2 21819.8 33060.9 64290.8 57070.1 79495 147002 160916 162621 290236 190249 84559 152137 210402 190145 147980 197477 186294 210988 193401 208982 182638 286674 290960 222112
#pred catch bio
 1730.23 3400.66 4138.94 3198.24 5102.21 10655.2 14757.6 21919.9 30530.8 45598.8 70895 90744.7 123030 133886 161942 143181 117178 121006 127314 141385 156790 140610 137028 169187 197036 196717 198608 212462 217302 73867.4 132334 82459.1 45500.1 25108.8 15227.1 10811.1 8942.15 8180.9 7879.28 7762.19 7717.43 7700.51 7694.17 7691.81 7690.94 7690.62 7690.5 7690.46 7690.45 7690.44 7690.44 7690.44 7690.44 7690.44 7690.44 7690.44 7690.44 7690.44 7690.44 7690.44 7690.44 7690.44 7690.44 7690.44 7690.44 7690.44 7690.44 7690.44 7690.44 7690.44 7690.44 7690.44 7690.44 7690.44 7690.44 7690.44 7690.44 7690.44 7690.44 7690.44 7690.44 7690.44 7690.44 7690.44 7690.44 7690.44 7690.44 7690.44 7690.44 7690.44 7690.44 7690.44 7690.44 7690.44 7690.44 7690.44 7690.44 7690.44 7690.44 7690.44 7690.44 7690.44 7690.44 7690.44 7690.44 7690.44 7690.44 7690.44 7690.44 7690.44 7690.44 7690.44 7690.44 7690.44 7690.44 7690.44 7690.44 7690.44 7690.44 7690.44 7690.44 7690.44 7690.44 7690.44 7690.44 7690.44 7690.44 7690.44 7690.44 0 0 0 0 0 0 0 0 0 0 0 0 0 0 0 0 0 0 0 0 0 0 0 0 0
#obs catch bio
 4417.58 3641.9 5191.82 3408.35 4948.82 10381.2 13923.9 20269.2 28634.7 43424.5 68552.2 84785.9 124970 125320 164517 168408 120637 116240 126599 146244 155395 135322 123727 164236 188218 187079 183410 196239 214565
#pred cpue bio
 7876.87 9723.6 8586.71 7711.13 11683.2 18910 26529.5 37671.3 50757.7 71080.3 98508.1 124024 155597 184568 202721 164656 141323 148640 152056 159770 165714 154019 157073 180800 202258 204797 205687 216884 228391 7.76674e+06 7.7304e+06 5.1804e+06 3.12664e+06 1.90239e+06 1.24372e+06 902711 725588 630671 577432 546131 526985 514933 507201 502151 498813 496668 495283 494386 493804 493425 493179 493018 492914 492846 492801 492772 492754 492741 492733 492728 492725 492722 492721 492720 492719 492719 492719 492719 492718 492718 492718 492718 492718 492718 492718 492718 492718 492718 492718 492718 492718 492718 492718 492718 492718 492718 492718 492718 492718 492718 492718 492718 492718 492718 492718 492718 492718 492718 492718 492718 492718 492718 492718 492718 492718 492718 492718 492718 492718 492718 492718 492718 492718 492718 492718 492718 492718 492718 492718 492718 492718 492718 492718 492718 492718 492718 492718 492718 492718 0 0 0 0 0 0 0 0 0 0 0 0 0 0 0 0 0 0 0 0 0 0 0 0 0
#obs cpue bio
 12144 8844.6 5723.38 6197.58 14313.3 22036.7 29961 38534 55663.6 80474.5 84565 150175 130128 186160 196884 159420 146831 163402 125924 165272 187576 168195 218821 192413 282633 309692 255382 246603 285192
#pred surv len freq
 7.82547e-12 8.49753e-10 5.4402e-08 2.05341e-06 4.56961e-05 0.000599583 0.00463973 0.0212015 0.0575834 0.0959626 0.112077 0.125273 0.149097 0.14534 0.106901 0.0690804 0.0437841 0.0265832 0.0157635 0.00951621 0.00603026 0.00415263 0.00306139 0.00213042 0.00117556
 5.25095e-12 5.70191e-10 3.65042e-08 1.37785e-06 3.06627e-05 0.000402343 0.00311402 0.0142432 0.0388701 0.0662661 0.0842029 0.109893 0.145967 0.153357 0.127378 0.0966566 0.0676632 0.0415802 0.0232915 0.0124457 0.00658642 0.00366914 0.00224266 0.00139777 0.000741487
 7.57722e-12 8.22795e-10 5.26761e-08 1.98826e-06 4.42462e-05 0.000580549 0.00449203 0.0205171 0.055594 0.0916025 0.102269 0.103989 0.117392 0.120711 0.106415 0.089729 0.0713737 0.0506846 0.0317268 0.0173058 0.00841274 0.00389083 0.00186512 0.000950949 0.000452804
 1.1744e-11 1.27526e-09 8.16435e-08 3.08163e-06 6.85775e-05 0.000899778 0.00696135 0.0317785 0.0858748 0.139614 0.147143 0.12828 0.121909 0.108759 0.0769466 0.0496041 0.0350029 0.0262105 0.0186636 0.0116549 0.00614849 0.00275482 0.00111119 0.000441021 0.000171998
 1.18155e-11 1.28303e-09 8.21405e-08 3.10039e-06 6.89951e-05 0.000905261 0.00700398 0.0319779 0.0864785 0.141119 0.151161 0.137798 0.136829 0.122045 0.0814294 0.0449025 0.0245269 0.0139709 0.00854733 0.00547058 0.00323005 0.00159691 0.000645234 0.000221683 6.87964e-05
 1.14159e-11 1.23963e-09 7.93621e-08 2.99552e-06 6.66614e-05 0.000874644 0.00676721 0.0308996 0.0835992 0.136717 0.147826 0.138197 0.140925 0.127603 0.0866053 0.0487386 0.0260664 0.0130358 0.00616176 0.00301788 0.00158108 0.000807192 0.000351708 0.000122207 3.39764e-05
 1.13702e-11 1.23466e-09 7.90444e-08 2.98353e-06 6.63946e-05 0.000871145 0.0067402 0.0307777 0.0832892 0.136369 0.148183 0.140278 0.14452 0.130414 0.0866147 0.0467265 0.0241038 0.0118854 0.00538418 0.00226152 0.0009132 0.00037617 0.000153565 5.45964e-05 1.52361e-05
 1.09853e-11 1.19288e-09 7.63691e-08 2.88256e-06 6.41475e-05 0.000841664 0.0065122 0.0297389 0.0805097 0.132073 0.144697 0.139869 0.147031 0.133951 0.0897318 0.0489592 0.0252559 0.0121561 0.00530347 0.00213377 0.00078478 0.000264964 8.552e-05 2.64394e-05 7.10968e-06
 1.1513e-11 1.25017e-09 8.00372e-08 3.02101e-06 6.72285e-05 0.000882085 0.0068248 0.0311628 0.0843157 0.137923 0.149287 0.139919 0.142867 0.128836 0.0861925 0.0471475 0.0244652 0.0118622 0.00517553 0.00204268 0.000720444 0.000224765 6.21613e-05 1.55009e-05 3.49438e-06
 1.17697e-11 1.27805e-09 8.1822e-08 3.08837e-06 6.87276e-05 0.000901754 0.00697695 0.0318567 0.0861819 0.140885 0.152068 0.141453 0.143166 0.12798 0.0840439 0.0443293 0.0221696 0.0105767 0.00461267 0.0018272 0.000641439 0.000194872 5.05115e-05 1.10974e-05 2.07586e-06
 1.16664e-11 1.26684e-09 8.1104e-08 3.06127e-06 6.81246e-05 0.000893843 0.0069158 0.0315789 0.0854496 0.139843 0.151659 0.142797 0.146095 0.130571 0.084615 0.043209 0.0206616 0.00943074 0.00394763 0.00152173 0.0005292 0.000160197 4.08799e-05 8.56401e-06 1.44963e-06
 1.15466e-11 1.25382e-09 8.02709e-08 3.02983e-06 6.74248e-05 0.000884664 0.00684485 0.0312567 0.0846013 0.138645 0.151236 0.144501 0.1497 0.133672 0.0851168 0.0416293 0.0187662 0.00812375 0.00322871 0.00118027 0.000392205 0.000115193 2.89366e-05 5.97385e-06 9.7737e-07
 1.19562e-11 1.2983e-09 8.31183e-08 3.1373e-06 6.98165e-05 0.000916042 0.00708751 0.0323621 0.0875562 0.143189 0.154815 0.144586 0.146573 0.129893 0.0826357 0.0404053 0.0180573 0.00759178 0.00286197 0.000981251 0.000306268 8.49318e-05 2.03665e-05 4.07443e-06 6.5199e-07
 1.07632e-11 1.16876e-09 7.48249e-08 2.82427e-06 6.28505e-05 0.000824653 0.00638081 0.0291441 0.0789717 0.13013 0.14523 0.146661 0.159331 0.143727 0.0898571 0.04165 0.0173252 0.00695537 0.00255939 0.000850811 0.000252253 6.54759e-05 1.46769e-05 2.76854e-06 4.23438e-07
 9.23332e-12 1.00263e-09 6.41892e-08 2.42283e-06 5.39171e-05 0.000707448 0.00547432 0.025013 0.0679045 0.112913 0.130712 0.143191 0.166344 0.155238 0.101636 0.0517607 0.0239771 0.00998991 0.00355083 0.00111626 0.000316538 7.87899e-05 1.67173e-05 2.95051e-06 4.22332e-07
 1.03903e-11 1.12826e-09 7.22325e-08 2.72642e-06 6.0673e-05 0.000796083 0.00615978 0.0281355 0.076252 0.125755 0.140843 0.143471 0.157414 0.143926 0.0932467 0.0469924 0.0219233 0.00960465 0.00371383 0.00124449 0.000353472 8.43707e-05 1.7004e-05 2.84792e-06 3.84273e-07
 1.12726e-11 1.22407e-09 7.83664e-08 2.95794e-06 6.58252e-05 0.000863679 0.00668263 0.0305192 0.0826512 0.135817 0.14985 0.147225 0.156092 0.139282 0.0861527 0.0390773 0.0158347 0.00633536 0.00239325 0.000826177 0.000250039 6.31397e-05 1.28903e-05 2.09602e-06 2.69123e-07
 1.08083e-11 1.17365e-09 7.51382e-08 2.83609e-06 6.31136e-05 0.000828105 0.00640751 0.0292658 0.0792986 0.130645 0.145697 0.146878 0.15934 0.143679 0.0898114 0.0415036 0.016964 0.00648164 0.00219879 0.0006782 0.000194507 4.97021e-05 1.0635e-05 1.80547e-06 2.34516e-07
 1.12433e-11 1.22089e-09 7.81626e-08 2.95025e-06 6.5654e-05 0.000861432 0.00666522 0.0304392 0.0824271 0.13539 0.14911 0.145894 0.154335 0.138382 0.0872362 0.0413559 0.0175659 0.00693026 0.00238216 0.000714299 0.000188537 4.36125e-05 8.79912e-06 1.49177e-06 1.99895e-07
 1.16594e-11 1.26607e-09 8.10551e-08 3.05943e-06 6.80835e-05 0.000893308 0.00691175 0.0315627 0.0854375 0.140077 0.153082 0.146902 0.152522 0.135299 0.0839688 0.0384801 0.0156735 0.00609551 0.00213594 0.000660787 0.000177066 3.99544e-05 7.52023e-06 1.17434e-06 1.49367e-07
 1.14749e-11 1.24604e-09 7.97727e-08 3.01102e-06 6.70064e-05 0.000879177 0.00680251 0.031066 0.0841216 0.138151 0.152042 0.148442 0.15637 0.13875 0.0847293 0.0371003 0.014021 0.00508423 0.00169068 0.000507051 0.000135866 3.1235e-05 5.92891e-06 9.02852e-07 1.08298e-07
 1.15838e-11 1.25786e-09 8.05296e-08 3.03959e-06 6.76422e-05 0.000887519 0.00686705 0.0313607 0.0849187 0.139453 0.153438 0.149691 0.157417 0.139027 0.0836349 0.0351276 0.0122963 0.00409831 0.00125621 0.0003465 8.66321e-05 1.91232e-05 3.59104e-06 5.5008e-07 6.59187e-08
 1.19269e-11 1.29512e-09 8.29146e-08 3.12961e-06 6.96454e-05 0.0009138 0.00707027 0.0322859 0.0873846 0.143185 0.156087 0.148801 0.153315 0.134815 0.0818118 0.0353041 0.0128803 0.00436196 0.00128911 0.000328679 7.47729e-05 1.50663e-05 2.62533e-06 3.83849e-07 4.51451e-08
 1.24949e-11 1.3568e-09 8.68634e-08 3.27866e-06 7.29622e-05 0.000957314 0.00740677 0.0338182 0.0914732 0.149413 0.160696 0.147938 0.147428 0.128342 0.0782989 0.0345272 0.0130993 0.00462756 0.00142265 0.000373001 8.39376e-05 1.59249e-05 2.53402e-06 3.37357e-07 3.67664e-08
 1.2195e-11 1.32423e-09 8.47785e-08 3.19997e-06 7.1211e-05 0.00093434 0.00722914 0.03301 0.0893263 0.14622 0.158715 0.149637 0.152423 0.132979 0.0795516 0.0331238 0.0114389 0.00377953 0.00115533 0.00031263 7.32339e-05 1.42892e-05 2.26471e-06 2.8751e-07 2.89181e-08
 1.1889e-11 1.29101e-09 8.26515e-08 3.11968e-06 6.94244e-05 0.000910902 0.0070479 0.0321848 0.0871263 0.142885 0.156324 0.150356 0.155989 0.136761 0.0814144 0.0332558 0.0109994 0.00340774 0.000960742 0.000239334 5.36194e-05 1.05177e-05 1.71731e-06 2.23411e-07 2.24202e-08
 1.22216e-11 1.32712e-09 8.49637e-08 3.20696e-06 7.13666e-05 0.000936381 0.00724493 0.033082 0.0895199 0.146528 0.159004 0.149801 0.152477 0.132962 0.0794604 0.0329429 0.0111828 0.00351922 0.000976259 0.000230997 4.78798e-05 8.65768e-06 1.33732e-06 1.71548e-07 1.74645e-08
 1.2531e-11 1.36071e-09 8.7114e-08 3.28812e-06 7.31728e-05 0.000960078 0.00742819 0.0339168 0.0917515 0.14996 0.16171 0.14987 0.150092 0.129984 0.0773252 0.031768 0.0106284 0.00332083 0.000929995 0.000223538 4.62487e-05 8.06422e-06 1.16466e-06 1.38464e-07 1.33079e-08
 1.16249e-11 1.26232e-09 8.0815e-08 3.05037e-06 6.78819e-05 0.000890665 0.0068914 0.0314721 0.0852242 0.139984 0.154155 0.150688 0.158621 0.139697 0.0830717 0.0337131 0.0109933 0.00333994 0.000916545 0.000217488 4.49199e-05 7.88496e-06 1.13679e-06 1.3146e-07 1.19552e-08
#obs surv len freq
 8.91225e-12 9.67766e-10 6.19572e-08 2.33858e-06 5.2042e-05 0.000682825 0.005283 0.0241205 0.06523 0.106458 0.1142 0.105339 0.109934 0.112262 0.0999919 0.0834425 0.0659806 0.04785 0.0311 0.0172494 0.00762692 0.00251324 0.000582171 9.04787e-05 9.11096e-06
 9.66282e-13 1.04927e-10 6.71754e-09 2.5356e-07 5.64331e-06 7.40877e-05 0.000574925 0.00266419 0.00773636 0.0168586 0.0376483 0.0837153 0.141531 0.172269 0.168109 0.141724 0.10109 0.0623008 0.0353249 0.0180071 0.00748055 0.00230995 0.000496854 7.11638e-05 6.57504e-06
 1.48635e-11 1.614e-09 1.0333e-07 3.90018e-06 8.67926e-05 0.00113873 0.00880848 0.0401736 0.108051 0.171565 0.161848 0.0949994 0.0488616 0.052593 0.0789767 0.0882667 0.0692115 0.041318 0.0206648 0.009012 0.00329055 0.000921911 0.00018243 2.40781e-05 2.04515e-06
 1.34373e-11 1.45913e-09 9.34147e-08 3.52595e-06 7.84654e-05 0.00102952 0.00796539 0.0363661 0.0983027 0.159882 0.167922 0.14241 0.126076 0.101482 0.0614852 0.0344053 0.0253315 0.019214 0.0112001 0.00482042 0.00156815 0.000383006 6.7118e-05 7.98808e-06 6.18173e-07
 1.21751e-11 1.32208e-09 8.46405e-08 3.19476e-06 7.10954e-05 0.000932822 0.00721731 0.0329516 0.089077 0.144859 0.151962 0.129075 0.119606 0.113501 0.0933043 0.0629791 0.0328605 0.0135398 0.00524105 0.00201076 0.000637167 0.000145445 2.2821e-05 2.40243e-06 1.65436e-07
 1.28745e-11 1.39802e-09 8.95025e-08 3.37828e-06 7.51793e-05 0.000986407 0.00763186 0.0348428 0.094162 0.152857 0.158869 0.130596 0.115036 0.105742 0.0865094 0.0600706 0.0331093 0.0137098 0.00434262 0.00113675 0.000261702 5.03094e-05 7.14356e-06 6.84877e-07 4.24604e-08
 1.15056e-11 1.24937e-09 7.99858e-08 3.01908e-06 6.7186e-05 0.00088155 0.00682133 0.0311575 0.0843834 0.138249 0.14883 0.13374 0.128629 0.119607 0.0942289 0.062133 0.0328032 0.0132239 0.00406917 0.000966865 0.000177572 2.5239e-05 2.74355e-06 2.17612e-07 1.18047e-08
 1.23508e-11 1.34115e-09 8.58619e-08 3.24087e-06 7.21217e-05 0.000946305 0.00732211 0.0334381 0.0904644 0.147443 0.155229 0.131222 0.118843 0.111389 0.0922242 0.0625859 0.0322862 0.0121935 0.00344598 0.000750183 0.000124689 1.52997e-05 1.34606e-06 8.33201e-08 3.56337e-09
 1.19101e-11 1.2933e-09 8.27982e-08 3.12523e-06 6.95487e-05 0.000912565 0.00706171 0.0322614 0.0874197 0.143382 0.154287 0.136825 0.127827 0.116408 0.0906386 0.0583833 0.029481 0.0111377 0.00313143 0.000657143 0.00010158 1.12979e-05 8.81425e-07 4.70564e-08 1.68239e-09
 1.20024e-11 1.30332e-09 8.34396e-08 3.14945e-06 7.00877e-05 0.000919645 0.00711671 0.0325158 0.0881321 0.144619 0.155564 0.137283 0.127619 0.117217 0.0921017 0.0578743 0.0271058 0.00911713 0.00225136 0.000423141 6.02798e-05 6.2423e-06 4.49393e-07 2.17815e-08 6.9538e-10
 1.15003e-11 1.2488e-09 7.99493e-08 3.01771e-06 6.71565e-05 0.000881208 0.00682 0.0311734 0.0846326 0.139721 0.153225 0.140557 0.134316 0.12267 0.0938906 0.0567466 0.025268 0.00792855 0.00176953 0.000290709 3.57302e-05 3.23127e-06 2.07634e-07 9.13185e-09 2.66139e-10
 1.19806e-11 1.30095e-09 8.32879e-08 3.14373e-06 6.9961e-05 0.000918012 0.00710487 0.0324746 0.0881371 0.145208 0.157693 0.14075 0.130668 0.118771 0.0913489 0.05464 0.0235323 0.0069942 0.00144712 0.000215225 2.34141e-05 1.84341e-06 1.02415e-07 3.9096e-09 1.00031e-10
 1.13547e-11 1.23298e-09 7.89368e-08 2.9795e-06 6.63071e-05 0.000870104 0.00673522 0.0308046 0.0838034 0.139243 0.155171 0.145395 0.139082 0.124432 0.0919664 0.0527138 0.0219126 0.00632938 0.00127163 0.000181219 1.84471e-05 1.32435e-06 6.56806e-08 2.2058e-09 4.9263e-11
 8.60158e-12 9.34032e-10 5.97978e-08 2.25711e-06 5.02324e-05 0.000659254 0.00510572 0.0233984 0.0641406 0.109556 0.132728 0.145075 0.157857 0.149917 0.11319 0.0642248 0.0256568 0.00695924 0.0012924 0.00016929 1.59054e-05 1.05935e-06 4.8644e-08 1.4985e-09 3.03191e-11
 8.18465e-12 8.88757e-10 5.68993e-08 2.14771e-06 4.77978e-05 0.000627308 0.00485835 0.0222631 0.0609889 0.103815 0.124388 0.134645 0.151156 0.155128 0.126802 0.0751684 0.0302991 0.00813225 0.00147513 0.000185567 1.63911e-05 1.00853e-06 4.24243e-08 1.19577e-09 2.21624e-11
 1.0321e-11 1.12074e-09 7.17508e-08 2.70828e-06 6.0273e-05 0.000790997 0.00612482 0.0280415 0.0765264 0.128284 0.145982 0.141724 0.142216 0.135451 0.104835 0.0594817 0.0231812 0.00607104 0.00108099 0.000133418 1.14654e-05 6.76837e-07 2.68923e-08 7.05812e-10 1.20502e-11
 9.20013e-12 9.99028e-10 6.39591e-08 2.41421e-06 5.37309e-05 0.00070526 0.00546421 0.0250702 0.0689281 0.118398 0.143725 0.153506 0.159176 0.143474 0.10194 0.0537058 0.019855 0.00501437 0.000869004 0.000104688 8.76254e-06 5.01266e-07 1.91697e-08 4.80396e-10 7.76206e-12
 9.98042e-12 1.08376e-09 6.93836e-08 2.61896e-06 5.82872e-05 0.000765025 0.00592594 0.0271631 0.0743979 0.125996 0.146792 0.147053 0.149078 0.139201 0.103073 0.0549031 0.0198806 0.004818 0.000792826 9.04235e-05 7.182e-06 3.9134e-07 1.42856e-08 3.41595e-10 5.2542e-12
 9.52011e-12 1.03378e-09 6.61839e-08 2.49822e-06 5.56026e-05 0.000729906 0.00565689 0.0259751 0.0715447 0.12321 0.149282 0.156667 0.158179 0.139491 0.0968266 0.0494897 0.0177229 0.00434717 0.000729509 8.38585e-05 6.55367e-06 3.43303e-07 1.18719e-08 2.67224e-10 3.86347e-12
 1.05455e-11 1.14513e-09 7.33128e-08 2.76731e-06 6.1591e-05 0.000808478 0.00626453 0.02874 0.0788828 0.134128 0.156664 0.154686 0.150272 0.132288 0.0916716 0.0456853 0.015597 0.00360718 0.000572239 6.29971e-05 4.78153e-06 2.44736e-07 8.23695e-09 1.78605e-10 2.45864e-12
 9.90865e-12 1.07597e-09 6.88856e-08 2.60025e-06 5.7877e-05 0.000759899 0.00589234 0.0270938 0.0748854 0.129887 0.158647 0.165263 0.161007 0.134079 0.0862006 0.0400724 0.0128774 0.00281017 0.00041869 4.30055e-05 3.03893e-06 1.45432e-07 4.61262e-09 9.49485e-11 1.24607e-12
 1.01629e-11 1.10358e-09 7.06536e-08 2.667e-06 5.93634e-05 0.00077943 0.00604384 0.0277861 0.0767158 0.13244 0.159585 0.163151 0.158644 0.134034 0.0865595 0.0393514 0.0120349 0.00244549 0.000334003 3.11985e-05 2.00395e-06 8.74994e-08 2.5436e-09 4.81991e-11 5.8489e-13
 1.06092e-11 1.15204e-09 7.37567e-08 2.78417e-06 6.19738e-05 0.000813784 0.00631184 0.0290361 0.0802703 0.138811 0.166928 0.167694 0.157 0.126766 0.0786396 0.0347585 0.0104751 0.00211565 0.000286454 2.60899e-05 1.59362e-06 6.46489e-08 1.7202e-09 2.96471e-11 3.26987e-13
 1.05642e-11 1.14716e-09 7.34444e-08 2.77244e-06 6.17163e-05 0.000810534 0.00628941 0.0289665 0.0803102 0.139774 0.169835 0.171659 0.159022 0.1251 0.0749555 0.0318872 0.00925775 0.0018085 0.000238044 2.11461e-05 1.25812e-06 4.93596e-08 1.25521e-09 2.03888e-11 2.09165e-13
 9.8641e-12 1.07114e-09 6.85786e-08 2.58887e-06 5.76362e-05 0.000757192 0.00588078 0.0271519 0.0757836 0.1341 0.168405 0.177078 0.166855 0.129422 0.0746803 0.0300459 0.00812717 0.00146184 0.000176095 1.43518e-05 7.91147e-07 2.90999e-08 6.99908e-10 1.07951e-11 1.05099e-13
 9.25196e-12 1.00468e-09 6.43241e-08 2.42836e-06 5.40689e-05 0.000710539 0.0055228 0.0255513 0.0716834 0.128369 0.164939 0.17864 0.172204 0.13482 0.0773846 0.0305478 0.00801655 0.00138417 0.000158006 1.20202e-05 6.10269e-07 2.05202e-08 4.50935e-10 6.38168e-12 5.73656e-14
 1.0517e-11 1.14205e-09 7.31195e-08 2.76039e-06 6.14597e-05 0.000807557 0.00627373 0.0289736 0.0808007 0.142129 0.175024 0.177804 0.162408 0.122946 0.0686142 0.0262592 0.00665793 0.00110754 0.000121325 8.79931e-06 4.22059e-07 1.32709e-08 2.70094e-10 3.51298e-12 2.88777e-14
 8.96523e-12 9.73557e-10 6.23349e-08 2.35358e-06 5.24222e-05 0.000689523 0.00537181 0.0249951 0.0710651 0.130741 0.174363 0.191561 0.177244 0.127648 0.0662139 0.0235311 0.00556157 0.000864174 8.84269e-05 5.98915e-06 2.68373e-07 7.88682e-09 1.49921e-10 1.81718e-12 1.38717e-14
 8.75862e-12 9.51126e-10 6.08993e-08 2.29942e-06 5.12178e-05 0.000673707 0.00524833 0.0244081 0.0692575 0.126782 0.168257 0.186894 0.17932 0.1348 0.0718068 0.0255801 0.00593525 0.000891458 8.70944e-05 5.57135e-06 2.33643e-07 6.38474e-09 1.12468e-10 1.26168e-12 8.91314e-15
#pred catch len freq
 5.45502e-12 5.92351e-10 3.79229e-08 1.4314e-06 3.18545e-05 0.000417986 0.00323529 0.0148027 0.0404622 0.0694996 0.0905887 0.122633 0.163935 0.165067 0.122165 0.0789746 0.0500337 0.0303701 0.0180071 0.0108702 0.00688817 0.0047434 0.00349692 0.00243351 0.0013428
 3.7289e-12 4.04914e-10 2.5923e-08 9.78469e-07 2.17751e-05 0.00028574 0.00221221 0.0101339 0.0278683 0.0492068 0.0700845 0.107314 0.154137 0.165087 0.137477 0.104228 0.0729051 0.0447867 0.0250844 0.0134032 0.00709298 0.00395132 0.00241514 0.00150527 0.000798512
 5.9699e-12 6.4826e-10 4.15022e-08 1.56651e-06 3.48607e-05 0.000457413 0.00353968 0.016177 0.0439675 0.0735198 0.0870363 0.100359 0.124538 0.131743 0.11657 0.0981517 0.0779882 0.0553605 0.0346497 0.0188994 0.00918734 0.00424906 0.00203684 0.0010385 0.000494494
 9.46037e-12 1.02728e-09 6.57677e-08 2.4824e-06 5.52427e-05 0.000724829 0.00560833 0.0256139 0.0693787 0.114106 0.126375 0.12554 0.1358 0.127111 0.0908091 0.0585358 0.0412495 0.0308705 0.0219788 0.0137248 0.00724036 0.00324403 0.00130852 0.000519338 0.000202542
 9.59742e-12 1.04217e-09 6.67204e-08 2.51837e-06 5.60431e-05 0.000735337 0.00568985 0.0259913 0.0704714 0.116468 0.131582 0.136794 0.153017 0.142299 0.0957447 0.052789 0.0287879 0.0163835 0.0100206 0.00641309 0.0037865 0.00187201 0.000756387 0.000259871 8.06478e-05
 9.72039e-12 1.05552e-09 6.75752e-08 2.55063e-06 5.67611e-05 0.000744757 0.00576272 0.0263236 0.0713648 0.117884 0.132908 0.137566 0.153547 0.143398 0.0978644 0.0549988 0.0293464 0.0146589 0.00692634 0.00339197 0.00177701 0.000907221 0.000395292 0.000137351 3.81868e-05
 9.64197e-12 1.047e-09 6.70301e-08 2.53006e-06 5.63032e-05 0.000738752 0.00571633 0.0261136 0.0708213 0.117193 0.133072 0.1399 0.157796 0.146814 0.0980538 0.0528321 0.0271882 0.0133892 0.00606296 0.00254633 0.00102818 0.000423527 0.000172898 6.14696e-05 1.71542e-05
 9.38972e-12 1.01961e-09 6.52765e-08 2.46387e-06 5.48303e-05 0.000719427 0.00556687 0.0254326 0.0689981 0.114367 0.13074 0.139506 0.159272 0.149103 0.100352 0.0546675 0.0281293 0.0135213 0.00589653 0.00237209 0.000872397 0.000294543 9.50669e-05 2.9391e-05 7.90335e-06
 9.97427e-12 1.08309e-09 6.93402e-08 2.61725e-06 5.82436e-05 0.000764208 0.00591319 0.0270101 0.0732146 0.120848 0.135825 0.13956 0.154658 0.143436 0.0964305 0.0526612 0.0272545 0.0131966 0.00575522 0.00227119 0.000801008 0.000249897 6.91116e-05 1.72341e-05 3.88509e-06
 1.03985e-11 1.12915e-09 7.22895e-08 2.72857e-06 6.07209e-05 0.00079671 0.00616458 0.0281562 0.0762909 0.125681 0.140133 0.141303 0.153935 0.141173 0.0931169 0.049024 0.0244442 0.011643 0.00507506 0.00201008 0.000705613 0.000214366 5.55644e-05 1.22075e-05 2.28352e-06
 1.06831e-11 1.16005e-09 7.42677e-08 2.80324e-06 6.23825e-05 0.00081851 0.00633321 0.0289252 0.0783576 0.128951 0.143153 0.142838 0.154049 0.140203 0.091098 0.0464035 0.0221085 0.0100705 0.00421262 0.00162358 0.000564596 0.00017091 4.36136e-05 9.13669e-06 1.54657e-06
 1.06258e-11 1.15383e-09 7.38694e-08 2.7882e-06 6.20479e-05 0.000814122 0.00629932 0.0287718 0.0779615 0.128454 0.143315 0.144659 0.157334 0.142826 0.0911648 0.0444794 0.0199746 0.00862674 0.0034259 0.00125208 0.000416047 0.000122194 3.06952e-05 6.33689e-06 1.03677e-06
 1.13317e-11 1.23049e-09 7.87772e-08 2.97345e-06 6.61702e-05 0.000868205 0.00671757 0.030677 0.0830539 0.136282 0.14946 0.144742 0.151825 0.136157 0.0867313 0.0422843 0.0188176 0.00789128 0.00297224 0.00101881 0.00031797 8.81752e-05 2.11442e-05 4.23001e-06 6.76886e-07
 9.84941e-12 1.06953e-09 6.84722e-08 2.58449e-06 5.75146e-05 0.000754648 0.00583943 0.0266782 0.0723836 0.120027 0.137417 0.146949 0.167109 0.152956 0.0958308 0.0443215 0.0183651 0.00735338 0.00270323 0.000898392 0.000266342 6.91316e-05 1.54963e-05 2.9231e-06 4.47077e-07
 8.85793e-12 9.61865e-10 6.15795e-08 2.32432e-06 5.17251e-05 0.00067869 0.00525193 0.0240001 0.0651985 0.108766 0.127516 0.143346 0.169596 0.159071 0.104081 0.052813 0.024358 0.0101238 0.00359538 0.00112998 0.000320403 7.97501e-05 1.69209e-05 2.98644e-06 4.27476e-07
 1.03829e-11 1.12746e-09 7.21811e-08 2.72448e-06 6.06298e-05 0.000795516 0.00615541 0.0281157 0.0762003 0.125686 0.140841 0.143642 0.157736 0.144179 0.0932386 0.0467907 0.0217208 0.00948936 0.00366587 0.00122812 0.0003488 8.32539e-05 1.67788e-05 2.81021e-06 3.79184e-07
 1.09085e-11 1.18454e-09 7.58352e-08 2.8624e-06 6.36991e-05 0.000835786 0.00646692 0.0295368 0.080027 0.131799 0.146768 0.147425 0.159321 0.143047 0.088501 0.0400259 0.0161426 0.006437 0.00242868 0.000838149 0.000253644 6.4049e-05 1.30759e-05 2.12619e-06 2.72997e-07
 1.03897e-11 1.1282e-09 7.22285e-08 2.72627e-06 6.06696e-05 0.000796041 0.00615955 0.0281365 0.0762818 0.126023 0.142146 0.147085 0.163018 0.147988 0.0925269 0.0426318 0.0173462 0.00660727 0.00223879 0.000690304 0.00019796 5.05832e-05 1.08235e-05 1.83746e-06 2.38672e-07
 1.09377e-11 1.1877e-09 7.60377e-08 2.87005e-06 6.38692e-05 0.000838017 0.00648415 0.0296145 0.0802242 0.132017 0.146524 0.146065 0.157051 0.141549 0.0892109 0.0421521 0.0178206 0.00700976 0.00240687 0.000721482 0.000190416 4.4046e-05 8.88652e-06 1.50659e-06 2.0188e-07
 1.16114e-11 1.26085e-09 8.07211e-08 3.04682e-06 6.7803e-05 0.000889627 0.00688329 0.0314332 0.0850922 0.139555 0.152712 0.147028 0.1531 0.135899 0.0842424 0.0384712 0.0155903 0.00604206 0.00211447 0.000653916 0.000175209 3.95345e-05 7.44114e-06 1.16199e-06 1.47796e-07
 1.18452e-11 1.28625e-09 8.23469e-08 3.10819e-06 6.91686e-05 0.000907544 0.00702188 0.0320652 0.086792 0.142252 0.155241 0.148415 0.153355 0.135099 0.0822668 0.035888 0.0134876 0.00487004 0.00161671 0.000484638 0.000129846 2.985e-05 5.66599e-06 8.62812e-07 1.03495e-07
 1.17035e-11 1.27086e-09 8.13618e-08 3.07101e-06 6.83412e-05 0.00089669 0.00693798 0.0316838 0.0857824 0.140781 0.154485 0.149718 0.156496 0.137881 0.082822 0.0346841 0.0120794 0.00400821 0.00122619 0.00033803 8.45021e-05 1.86523e-05 3.50259e-06 5.3653e-07 6.42949e-08
 1.17592e-11 1.27691e-09 8.1749e-08 3.08562e-06 6.86664e-05 0.000900956 0.00697095 0.0318335 0.0861767 0.141339 0.154689 0.148951 0.154892 0.136611 0.0828729 0.0356629 0.0129492 0.00436846 0.00128892 0.000328466 7.47133e-05 1.50537e-05 2.62309e-06 3.83521e-07 4.51065e-08
 1.26737e-11 1.37622e-09 8.81066e-08 3.32559e-06 7.40064e-05 0.000971014 0.00751271 0.0343008 0.0927633 0.151397 0.162258 0.147972 0.146043 0.126625 0.077086 0.0338724 0.0127831 0.004498 0.00138059 0.000361804 8.14069e-05 1.54441e-05 2.45749e-06 3.27168e-07 3.56559e-08
 1.26499e-11 1.37363e-09 8.79409e-08 3.31933e-06 7.38673e-05 0.000969189 0.00749864 0.0342375 0.0926059 0.15125 0.162607 0.149501 0.14856 0.128385 0.0765615 0.0317717 0.0109122 0.00358806 0.00109444 0.000295971 6.93208e-05 1.35252e-05 2.14359e-06 2.72133e-07 2.73715e-08
 1.22855e-11 1.33406e-09 8.54078e-08 3.22372e-06 7.17397e-05 0.000941276 0.00728279 0.0332547 0.0899847 0.147268 0.159711 0.150221 0.152598 0.132738 0.0788093 0.0320941 0.01056 0.00325548 0.000915654 0.000227936 5.1056e-05 1.00143e-05 1.6351e-06 2.12716e-07 2.13469e-08
 1.26122e-11 1.36954e-09 8.76789e-08 3.30944e-06 7.36472e-05 0.000966302 0.00747632 0.034136 0.0923358 0.150846 0.162347 0.149686 0.149162 0.129016 0.0768848 0.0317727 0.0107287 0.00336032 0.000930134 0.000219932 4.55773e-05 8.24088e-06 1.27292e-06 1.63286e-07 1.66233e-08
 1.29706e-11 1.40845e-09 9.01703e-08 3.40348e-06 7.57398e-05 0.000993756 0.00768863 0.0351031 0.0949208 0.154819 0.165464 0.149718 0.146327 0.125521 0.0744373 0.0304835 0.0101447 0.00315416 0.000881286 0.00021168 4.37868e-05 7.63452e-06 1.10258e-06 1.31083e-07 1.25985e-08
 1.19903e-11 1.30201e-09 8.33558e-08 3.14627e-06 7.0016e-05 0.000918663 0.00710793 0.0324584 0.087859 0.144023 0.157277 0.150562 0.155492 0.135987 0.0806699 0.0326436 0.0105903 0.00320156 0.000876447 0.000207815 4.29132e-05 7.53228e-06 1.08592e-06 1.25577e-07 1.14202e-08
#obs catch len freq
 7.44542e-12 8.08485e-10 5.17599e-08 1.95368e-06 4.34766e-05 0.000570441 0.00441347 0.0201502 0.0544893 0.0889017 0.0952958 0.0882088 0.0949357 0.105761 0.108715 0.103363 0.0875261 0.0652788 0.0429375 0.024024 0.0107662 0.00361508 0.000854362 0.000135178 1.38149e-05
 6.19926e-12 6.73167e-10 4.30967e-08 1.62669e-06 3.62001e-05 0.000474987 0.00367566 0.0167976 0.0456361 0.0761181 0.0890649 0.100119 0.1227 0.131469 0.117939 0.0981133 0.076999 0.0552466 0.0352905 0.0190421 0.00809688 0.00253764 0.000553903 8.05435e-05 7.54968e-06
 4.58809e-13 4.98214e-11 3.18965e-09 1.20401e-07 2.68017e-06 3.52179e-05 0.000274489 0.00129866 0.00411782 0.0114729 0.0339487 0.084661 0.146099 0.177686 0.17247 0.143861 0.101345 0.0617893 0.0345157 0.0171242 0.00683062 0.00200248 0.000405335 5.42765e-05 4.66599e-06
 7.46328e-12 8.10424e-10 5.1884e-08 1.95836e-06 4.35805e-05 0.000571786 0.00442313 0.0201766 0.0543151 0.0866352 0.0838154 0.0572122 0.0525829 0.090547 0.143311 0.157536 0.121163 0.0710822 0.0348879 0.0148174 0.00520237 0.00138377 0.000257485 3.17481e-05 2.50785e-06
 1.00243e-11 1.08853e-09 6.96883e-08 2.6304e-06 5.85367e-05 0.000768076 0.00594388 0.0271643 0.0737766 0.122572 0.139792 0.143958 0.152139 0.12985 0.0795242 0.0450396 0.0331028 0.0244719 0.0138121 0.00573979 0.0017915 0.000415723 6.85495e-05 7.62129e-06 5.48304e-07
 1.15266e-11 1.25166e-09 8.01321e-08 3.0246e-06 6.73087e-05 0.00088315 0.00683338 0.0312064 0.0844488 0.137942 0.147099 0.130026 0.125097 0.119682 0.0976189 0.0647662 0.0331097 0.0134467 0.00513612 0.00191098 0.000578073 0.000124922 1.84332e-05 1.81366e-06 1.16141e-07
 1.25445e-11 1.36218e-09 8.72082e-08 3.29168e-06 7.32524e-05 0.000961134 0.00743663 0.0339574 0.091834 0.149491 0.156872 0.131864 0.118469 0.109078 0.0885052 0.0604396 0.0325372 0.0131241 0.00404807 0.0010302 0.000228481 4.17114e-05 5.56501e-06 4.98269e-07 2.87313e-08
 1.11159e-11 1.20706e-09 7.72771e-08 2.91684e-06 6.49111e-05 0.000851715 0.00659091 0.0301133 0.0816451 0.134327 0.146617 0.135436 0.132752 0.123351 0.0962599 0.0623966 0.0321708 0.0126195 0.00376428 0.000862549 0.000151918 2.05638e-05 2.10943e-06 1.56514e-07 7.89546e-09
 1.21669e-11 1.32118e-09 8.4583e-08 3.1926e-06 7.10478e-05 0.000932225 0.00721352 0.0329484 0.0892034 0.145764 0.1547 0.132882 0.121627 0.113614 0.092941 0.0617846 0.0310396 0.0113886 0.00311737 0.000653448 0.000103831 1.20992e-05 1.00473e-06 5.83342e-08 2.32574e-09
 1.19226e-11 1.29465e-09 8.28849e-08 3.12851e-06 6.96218e-05 0.000913537 0.00706957 0.0323032 0.0875886 0.143948 0.155674 0.138861 0.129335 0.116605 0.0896062 0.0565819 0.0278256 0.0101967 0.00276893 0.000558003 8.23159e-05 8.68412e-06 6.38963e-07 3.2006e-08 1.06876e-09
 1.21162e-11 1.31568e-09 8.42308e-08 3.17931e-06 7.07526e-05 0.000928382 0.00718465 0.0328315 0.0890347 0.146319 0.157858 0.139426 0.128563 0.116581 0.0901361 0.0553276 0.0251692 0.00820306 0.00195731 0.000353383 4.79962e-05 4.70719e-06 3.19247e-07 1.45131e-08 4.32918e-10
 1.16544e-11 1.26553e-09 8.10206e-08 3.05815e-06 6.80568e-05 0.000893036 0.00691193 0.0315995 0.0858387 0.141924 0.156004 0.142865 0.135 0.121507 0.0913908 0.0538837 0.023265 0.00705812 0.00151901 0.000239498 2.80673e-05 2.40419e-06 1.45471e-07 5.99597e-09 1.63172e-10
 1.21588e-11 1.32031e-09 8.45272e-08 3.19051e-06 7.10025e-05 0.000931693 0.00721115 0.0329663 0.0895189 0.147676 0.160657 0.143038 0.13122 0.117429 0.0885915 0.0515869 0.021506 0.0061705 0.0012292 0.000175207 1.81568e-05 1.35354e-06 7.08212e-08 2.53414e-09 6.05329e-11
 1.15659e-11 1.25592e-09 8.04055e-08 3.03494e-06 6.75413e-05 0.000886319 0.00686122 0.0313876 0.0854409 0.14215 0.158579 0.147824 0.139318 0.122523 0.0887614 0.0495099 0.0199096 0.00554533 0.00107088 0.00014599 1.41359e-05 9.60168e-07 4.48395e-08 1.41192e-09 2.94539e-11
 8.80954e-12 9.56613e-10 6.12435e-08 2.31169e-06 5.14477e-05 0.000675229 0.00523007 0.0239768 0.0657891 0.112584 0.13652 0.148137 0.158683 0.148103 0.109407 0.0602761 0.0232553 0.00607583 0.00108387 0.000135751 1.2122e-05 7.62985e-07 3.29577e-08 9.51504e-10 1.79851e-11
 8.42648e-12 9.15018e-10 5.85806e-08 2.21118e-06 4.9211e-05 0.000645879 0.00500275 0.0229323 0.0628739 0.107183 0.128448 0.138009 0.152592 0.153704 0.122502 0.0702975 0.0273179 0.00705266 0.00122695 0.000147351 1.23573e-05 7.18144e-07 2.84051e-08 7.49925e-10 1.29769e-11
 1.05757e-11 1.1484e-09 7.35221e-08 2.77515e-06 6.17618e-05 0.000810563 0.00627693 0.0287458 0.0785017 0.131758 0.149983 0.144657 0.142901 0.133427 0.100636 0.0552582 0.0207519 0.00522324 0.000890823 0.000104797 8.53739e-06 4.7546e-07 1.77502e-08 4.3623e-10 6.95294e-12
 9.43339e-12 1.02436e-09 6.55809e-08 2.47544e-06 5.50947e-05 0.000723199 0.00560409 0.0257232 0.0707969 0.121822 0.147885 0.15657 0.159541 0.140934 0.0976611 0.0498255 0.0177482 0.00430455 0.0007137 8.18378e-05 6.4844e-06 3.49483e-07 1.25435e-08 2.94081e-10 4.43356e-12
 1.02205e-11 1.10983e-09 7.10531e-08 2.68199e-06 5.9691e-05 0.000783488 0.0060698 0.0278329 0.0762997 0.129421 0.150875 0.150174 0.149824 0.136905 0.0985542 0.0507049 0.0176643 0.00410753 0.000646209 7.00977e-05 5.26515e-06 2.69964e-07 9.23731e-09 2.06407e-10 2.9594e-12
 9.76005e-12 1.05983e-09 6.78523e-08 2.56121e-06 5.7006e-05 0.000748379 0.00580116 0.0266507 0.0734864 0.126774 0.153572 0.159742 0.158416 0.1367 0.0923508 0.0456284 0.0157162 0.00369325 0.000591162 6.44915e-05 4.75986e-06 2.34468e-07 7.59646e-09 1.59683e-10 2.15027e-12
 1.08118e-11 1.17404e-09 7.51639e-08 2.8372e-06 6.3148e-05 0.000828967 0.00642434 0.0294852 0.0810002 0.137913 0.161029 0.15767 0.150374 0.129238 0.0869199 0.0417916 0.0137106 0.00303714 0.000459446 4.79576e-05 3.43199e-06 1.64886e-07 5.19187e-09 1.05049e-10 1.34642e-12
 1.01708e-11 1.10444e-09 7.07085e-08 2.66909e-06 5.94112e-05 0.00078011 0.00605045 0.0278363 0.0770252 0.133796 0.163214 0.168192 0.16058 0.130498 0.0814452 0.0365267 0.0112723 0.00235378 0.000334103 3.25163e-05 2.16509e-06 9.71731e-08 2.87984e-09 5.5236e-11 6.74001e-13
 1.04205e-11 1.13155e-09 7.24444e-08 2.73464e-06 6.08709e-05 0.000799296 0.00619934 0.0285167 0.0788224 0.13629 0.164124 0.166224 0.15846 0.130431 0.081565 0.035705 0.0104749 0.00203558 0.000264806 2.34319e-05 1.41757e-06 5.80101e-08 1.57456e-09 2.77793e-11 3.13151e-13
 1.08633e-11 1.17964e-09 7.55238e-08 2.85092e-06 6.34621e-05 0.000833414 0.00646577 0.029762 0.0823738 0.142669 0.171422 0.170528 0.15644 0.123021 0.0738966 0.0314428 0.00908192 0.00175134 0.000225424 1.94217e-05 1.11679e-06 4.24689e-08 1.05545e-09 1.69373e-11 1.73495e-13
 1.08374e-11 1.17683e-09 7.53447e-08 2.84423e-06 6.33173e-05 0.000831661 0.00645521 0.029749 0.0825764 0.143903 0.174539 0.174408 0.158066 0.120946 0.0701022 0.02869 0.00797828 0.00148687 0.000185831 1.55926e-05 8.72015e-07 3.20332e-08 7.60427e-10 1.15022e-11 1.09648e-13
 1.01281e-11 1.09982e-09 7.04152e-08 2.65827e-06 5.91851e-05 0.000777664 0.00604201 0.0279184 0.0780332 0.138281 0.173282 0.179978 0.16578 0.124937 0.0696549 0.0269345 0.00697466 0.00119668 0.00013688 1.05341e-05 5.45325e-07 1.87538e-08 4.20412e-10 6.03008e-12 5.45027e-14
 9.51657e-12 1.03341e-09 6.61649e-08 2.49793e-06 5.56225e-05 0.000731095 0.00568505 0.0263257 0.0739707 0.132664 0.170043 0.181818 0.171207 0.130067 0.0720272 0.027295 0.00685032 0.00112716 0.000122083 8.76678e-06 4.17986e-07 1.31406e-08 2.69044e-10 3.53796e-12 2.94908e-14
 1.08009e-11 1.17288e-09 7.50944e-08 2.83503e-06 6.31263e-05 0.000829599 0.00644742 0.0297985 0.0832078 0.146537 0.180035 0.180619 0.161 0.118055 0.0634716 0.0232958 0.00564399 0.000893875 9.28143e-05 6.34853e-06 2.85792e-07 8.39992e-09 1.59297e-10 1.9257e-12 1.46821e-14
 9.21422e-12 1.00061e-09 6.40683e-08 2.41916e-06 5.389e-05 0.000709041 0.00552739 0.0257508 0.0733556 0.135151 0.179576 0.194388 0.175434 0.122465 0.0612344 0.020871 0.00471193 0.000696719 6.75395e-05 4.31145e-06 1.81179e-07 4.97279e-09 8.80166e-11 9.9111e-13 7.01623e-15
#spawning biomass
 9184.31 10685.3 9776.49 9919.89 15480.6 24907.3 35082 49225.6 67439.4 95523 132357 166632 212094 242840 253386 212884 189240 196017 203011 216713 224101 209650 216038 253319 281342 282235 286569 305682 312042 305320 366859 226710 126269 70865.9 44017.1 32018.5 26940.7 24872.3 24052.8 23734.7 23613.1 23567.1 23549.9 23543.5 23541.1 23540.2 23539.9 23539.8 23539.8 23539.8 23539.7 23539.7 23539.7 23539.7 23539.7 23539.7 23539.7 23539.7 23539.7 23539.7 23539.7 23539.7 23539.7 23539.7 23539.7 23539.7 23539.7 23539.7 23539.7 23539.7 23539.7 23539.7 23539.7 23539.7 23539.7 23539.7 23539.7 23539.7 23539.7 23539.7 23539.7 23539.7 23539.7 23539.7 23539.7 23539.7 23539.7 23539.7 23539.7 23539.7 23539.7 23539.7 23539.7 23539.7 23539.7 23539.7 23539.7 23539.7 23539.7 23539.7 23539.7 23539.7 23539.7 23539.7 23539.7 23539.7 23539.7 23539.7 23539.7 23539.7 23539.7 23539.7 23539.7 23539.7 23539.7 23539.7 23539.7 23539.7 23539.7 23539.7 23539.7 23539.7 23539.7 23539.7 23539.7 23539.7 23539.7 23539.7 23539.7 0 0 0 0 0 0 0 0 0 0 0 0 0 0 0 0 0 0 0 0 0 0 0 0 0
