SBPRF35
1.10258
Curr Bio
121676
B35
930497
F35
0.190228
FOFL
0
OFL
0
Bzero
315023
#pred survey bio
 8721.59 9046.84 7397.79 7430.42 10919.6 16453 23284.6 30688.2 40022.7 54060.4 65680.7 79825 113070 149119 153199 142900 126760 116314 117120 125168 125875 129526 135376 131081 140494 139338 138249 136436 147979 3.80936e+06 6.04873e+06 7.19671e+06 7.42084e+06 7.07282e+06 6.44815e+06 5.74901e+06 5.08895e+06 4.51893e+06 4.05245e+06 3.68375e+06 3.39897e+06 3.18233e+06 3.01914e+06 2.89554e+06 2.79949e+06 2.7293e+06 2.67767e+06 2.63938e+06 2.61076e+06 2.58918e+06 2.57276e+06 2.56015e+06 2.55037e+06 2.54273e+06 2.53669e+06 2.53189e+06 2.52804e+06 2.52493e+06 2.5224e+06 2.52033e+06 2.51862e+06 2.51722e+06 2.51605e+06 2.51508e+06 2.51426e+06 2.51358e+06 2.51301e+06 2.51254e+06 2.51213e+06 2.51179e+06 2.51151e+06 2.51126e+06 2.51106e+06 2.51089e+06 2.51074e+06 2.51062e+06 2.51051e+06 2.51042e+06 2.51035e+06 2.51028e+06 2.51023e+06 2.51018e+06 2.51015e+06 2.51011e+06 2.51009e+06 2.51006e+06 2.51004e+06 2.51002e+06 2.51001e+06 2.51e+06 2.50999e+06 2.50998e+06 2.50997e+06 2.50997e+06 2.50996e+06 2.50996e+06 2.50995e+06 2.50995e+06 2.50995e+06 2.50994e+06 2.50994e+06 2.50994e+06 2.50994e+06 2.50994e+06 2.50994e+06 2.50993e+06 2.50993e+06 2.50993e+06 2.50993e+06 2.50993e+06 2.50993e+06 2.50993e+06 2.50993e+06 2.50993e+06 2.50993e+06 2.50993e+06 2.50993e+06 2.50993e+06 2.50993e+06 2.50993e+06 2.50993e+06 2.50993e+06 2.50993e+06 2.50993e+06 2.50993e+06 2.50993e+06 2.50993e+06 2.50993e+06 2.50993e+06 0 0 0 0 0 0 0 0 0 0 0 0 0 0 0 0 0 0 0 0 0 0 0 0 0
#obs survey bio
 7961.23 6004.27 9455.62 8005.1 18204.7 14564.5 29427.7 44306.8 37995.9 49782.6 80650.9 63461.3 118303 124149 114960 65884.4 136133 123606 101422 100292 135416 116467 200476 141729 114883 138052 77034.1 136843 140625
#pred catch bio
 3014.88 4215.87 3728.05 2764.8 4727.41 10094.4 15446.2 21277 27002.5 38460.8 48590.3 56411.6 78882.2 111244 118519 113492 100136 90021.1 89249.2 98644.6 99038.6 103978 112284 104659 116020 114692 116172 115041 122081 0 44622.4 53674.4 55018.8 51954.5 46798.5 41139.3 35863.6 31360.5 27722.3 24889.5 22740.4 21140.6 19966.1 19106.4 18469.7 18023.2 17710.2 17490.8 17336.9 17229 17153.3 17100.3 17063.1 17037.1 17018.8 17006 16997 16990.7 16986.2 16983.2 16981 16979.5 16978.4 16977.6 16977.1 16976.7 16976.5 16976.3 16976.2 16976.1 16976 16976 16976 16975.9 16975.9 16975.9 16975.9 16975.9 16975.9 16975.9 16975.9 16975.9 16975.9 16975.9 16975.9 16975.9 16975.9 16975.9 16975.9 16975.9 16975.9 16975.9 16975.9 16975.9 16975.9 16975.9 16975.9 16975.9 16975.9 16975.9 16975.9 16975.9 16975.9 16975.9 16975.9 16975.9 16975.9 16975.9 16975.9 16975.9 16975.9 16975.9 16975.9 16975.9 16975.9 16975.9 16975.9 16975.9 16975.9 16975.9 16975.9 16975.9 16975.9 16975.9 16975.9 16975.9 16975.9 16975.9 16975.9 0 0 0 0 0 0 0 0 0 0 0 0 0 0 0 0 0 0 0 0 0 0 0 0 0
#obs catch bio
 3815.63 3958.45 4067.92 2549.33 3862.04 8769.5 11893 15615.3 23264.2 32918.8 41028.6 50964.4 70878.1 108324 116075 125971 85864.9 74523.3 77916.4 88902.5 82417.7 87832.6 91322.7 84083.8 99791.3 94709.6 103214 99126.8 109655
#pred cpue bio
 7228.49 8270.87 6365.06 5148.4 7741.04 10583.1 12770.5 17304.4 21007.7 29167.3 35267.4 39365.3 53981 78285.3 86885.4 79732.5 68776.6 62453.3 61310.6 64879.3 62950.1 64047.2 62154.5 58409.5 64996.6 61632.1 62224.9 57070.1 56665 1.61289e+06 5.84877e+06 7.07446e+06 7.29748e+06 6.9494e+06 6.32473e+06 5.62559e+06 4.96554e+06 4.39551e+06 3.92903e+06 3.56033e+06 3.27555e+06 3.05892e+06 2.89572e+06 2.77213e+06 2.67607e+06 2.60589e+06 2.55425e+06 2.51596e+06 2.48734e+06 2.46576e+06 2.44934e+06 2.43673e+06 2.42695e+06 2.41931e+06 2.41328e+06 2.40847e+06 2.40462e+06 2.40151e+06 2.39898e+06 2.39691e+06 2.3952e+06 2.3938e+06 2.39263e+06 2.39166e+06 2.39085e+06 2.39017e+06 2.3896e+06 2.38912e+06 2.38871e+06 2.38837e+06 2.38809e+06 2.38785e+06 2.38764e+06 2.38747e+06 2.38732e+06 2.3872e+06 2.38709e+06 2.38701e+06 2.38693e+06 2.38687e+06 2.38681e+06 2.38677e+06 2.38673e+06 2.3867e+06 2.38667e+06 2.38664e+06 2.38662e+06 2.38661e+06 2.38659e+06 2.38658e+06 2.38657e+06 2.38656e+06 2.38655e+06 2.38655e+06 2.38654e+06 2.38654e+06 2.38653e+06 2.38653e+06 2.38653e+06 2.38653e+06 2.38652e+06 2.38652e+06 2.38652e+06 2.38652e+06 2.38652e+06 2.38652e+06 2.38652e+06 2.38652e+06 2.38651e+06 2.38651e+06 2.38651e+06 2.38651e+06 2.38651e+06 2.38651e+06 2.38651e+06 2.38651e+06 2.38651e+06 2.38651e+06 2.38651e+06 2.38651e+06 2.38651e+06 2.38651e+06 2.38651e+06 2.38651e+06 2.38651e+06 2.38651e+06 2.38651e+06 2.38651e+06 2.38651e+06 0 0 0 0 0 0 0 0 0 0 0 0 0 0 0 0 0 0 0 0 0 0 0 0 0
#obs cpue bio
 9068.43 14617.2 7124.06 5172.42 13903.3 15012.8 20303.2 41161.8 31804.5 63013.3 66291.9 60238.7 80085.7 99077.1 131140 115438 142140 118496 114168 129416 127671 137512 109686 114187 141418 139502 159098 112208 90014
#pred surv len freq
 9.68676e-12 1.05187e-09 6.73414e-08 2.54181e-06 5.65645e-05 0.00074217 0.00574236 0.0262227 0.070983 0.116385 0.127256 0.122654 0.130122 0.124332 0.0952803 0.0662055 0.0442044 0.027315 0.0161921 0.00969999 0.00608771 0.00416063 0.00305633 0.00212556 0.00117339
 5.64412e-12 6.12884e-10 3.92374e-08 1.48102e-06 3.29585e-05 0.00043246 0.00334685 0.015302 0.0416748 0.0703716 0.0864126 0.106515 0.137163 0.143895 0.121654 0.0955874 0.0704607 0.0463771 0.0276592 0.0152503 0.00810175 0.00447554 0.00271132 0.00168256 0.000891676
 9.3858e-12 1.01919e-09 6.52492e-08 2.46283e-06 5.48069e-05 0.000719096 0.00556337 0.0253946 0.0685936 0.111281 0.116223 0.0991886 0.0950937 0.0961266 0.0920198 0.085511 0.0724966 0.0542297 0.0360842 0.021078 0.0108515 0.00516169 0.00247793 0.00125414 0.000594474
 1.47695e-11 1.60379e-09 1.02676e-07 3.8755e-06 8.62437e-05 0.00113155 0.00875379 0.039944 0.107708 0.173234 0.173828 0.129558 0.0994686 0.0800597 0.05535 0.0365551 0.0280791 0.0234466 0.0182243 0.0122049 0.0068955 0.00329708 0.00139185 0.000561471 0.000218642
 1.31373e-11 1.42655e-09 9.1329e-08 3.44722e-06 7.6713e-05 0.00100652 0.00778706 0.0355453 0.0960187 0.155823 0.162897 0.138573 0.127364 0.10976 0.0719315 0.0387789 0.0208719 0.0122494 0.00822736 0.00590172 0.00382905 0.00204572 0.000885431 0.00032104 0.00010247
 1.48302e-11 1.61038e-09 1.03098e-07 3.89145e-06 8.65986e-05 0.00113621 0.00879004 0.0401139 0.108227 0.174562 0.177484 0.138404 0.113866 0.0946269 0.0641649 0.0373376 0.0205504 0.0103219 0.00489347 0.00252152 0.00147169 0.000841119 0.000401554 0.000150257 4.42573e-05
 1.61822e-11 1.75719e-09 1.12497e-07 4.24621e-06 9.44933e-05 0.00123979 0.00959133 0.04377 0.118081 0.190376 0.193163 0.14935 0.119916 0.0934891 0.0526685 0.0197154 0.00565267 0.00173684 0.000671043 0.000277211 0.000115206 5.17094e-05 2.37154e-05 9.33894e-06 2.82167e-06
 1.56513e-11 1.69955e-09 1.08807e-07 4.10691e-06 9.13935e-05 0.00119913 0.0092769 0.0423389 0.114273 0.184662 0.189361 0.151553 0.127574 0.101076 0.0556216 0.0187394 0.00375251 0.000444505 3.13099e-05 1.36835e-06 5.51807e-08 7.8043e-09 2.49655e-09 8.5814e-10 2.56605e-10
 1.65507e-11 1.79721e-09 1.15059e-07 4.3429e-06 9.6645e-05 0.00126802 0.00980969 0.0447654 0.120752 0.194566 0.196867 0.150764 0.119145 0.0914651 0.0499223 0.0167885 0.00335906 0.000397114 2.77328e-05 1.14841e-06 2.86043e-08 4.49339e-10 5.105e-12 6.89997e-14 5.66045e-15
 1.622e-11 1.7613e-09 1.1276e-07 4.25612e-06 9.4714e-05 0.00124269 0.00961377 0.0438731 0.11837 0.190924 0.194108 0.151055 0.122246 0.0950002 0.0520175 0.0175043 0.0035024 0.000413921 2.88692e-05 1.18994e-06 2.91574e-08 4.33563e-10 4.1727e-12 3.01418e-14 1.9025e-16
 1.62788e-11 1.76769e-09 1.13169e-07 4.27156e-06 9.50575e-05 0.00124719 0.00964863 0.0440318 0.118793 0.191572 0.194599 0.151004 0.121695 0.0943716 0.0516446 0.0173765 0.00347654 0.000410772 2.86267e-05 1.17656e-06 2.85352e-08 4.09311e-10 3.5005e-12 1.83479e-14 6.40369e-17
 1.72406e-11 1.87212e-09 1.19855e-07 4.52393e-06 0.000100674 0.00132087 0.0102184 0.0466268 0.125722 0.202164 0.202626 0.150158 0.112678 0.0840916 0.0455506 0.0152933 0.00305841 0.000361329 2.51784e-05 1.0345e-06 2.50612e-08 3.58004e-10 3.01711e-12 1.50255e-14 4.44808e-17
 1.75693e-11 1.90782e-09 1.2214e-07 4.61019e-06 0.000102593 0.00134606 0.0104131 0.0475137 0.12809 0.205784 0.205369 0.149869 0.109596 0.0805781 0.0434678 0.0145812 0.00291551 0.000344435 2.40011e-05 9.86142e-07 2.38907e-08 3.41342e-10 2.87844e-12 1.43662e-14 4.28568e-17
 1.65486e-11 1.79698e-09 1.15044e-07 4.34235e-06 9.66328e-05 0.00126786 0.00980845 0.0447597 0.120737 0.194543 0.19685 0.150766 0.119166 0.091488 0.0499352 0.0167921 0.00335923 0.000396893 2.7657e-05 1.13636e-06 2.75297e-08 3.93319e-10 3.31632e-12 1.65439e-14 4.92731e-17
 1.55731e-11 1.69105e-09 1.08262e-07 4.08637e-06 9.09364e-05 0.00119313 0.00923052 0.0421277 0.113709 0.1838 0.188708 0.151624 0.128312 0.101915 0.0561164 0.0189052 0.00378331 0.00044703 3.1151e-05 1.27989e-06 3.10041e-08 4.4282e-10 3.72944e-12 1.85291e-14 5.43896e-17
 1.57917e-11 1.71479e-09 1.09782e-07 4.14373e-06 9.22128e-05 0.00120987 0.00936002 0.0427174 0.115284 0.186208 0.190533 0.151432 0.126262 0.0995786 0.0547314 0.0184317 0.00368828 0.000435795 3.0368e-05 1.24771e-06 3.02246e-08 4.31679e-10 3.63539e-12 1.80577e-14 5.29635e-17
 1.61502e-11 1.75372e-09 1.12274e-07 4.2378e-06 9.43062e-05 0.00123734 0.00957241 0.0436847 0.117867 0.190156 0.193525 0.151117 0.122901 0.0957467 0.0524598 0.0176552 0.00353244 0.00041737 2.90839e-05 1.19495e-06 2.89461e-08 4.13401e-10 3.48092e-12 1.72808e-14 5.05828e-17
 1.62792e-11 1.76772e-09 1.13171e-07 4.27165e-06 9.50594e-05 0.00124722 0.00964882 0.0440327 0.118796 0.191576 0.194601 0.151003 0.121692 0.0943681 0.0516425 0.0173758 0.00347636 0.000410741 2.86219e-05 1.17597e-06 2.84863e-08 4.06833e-10 3.42561e-12 1.7006e-14 4.97768e-17
 1.65821e-11 1.80061e-09 1.15277e-07 4.35113e-06 9.68281e-05 0.00127042 0.00982826 0.04485 0.120978 0.194912 0.197129 0.150737 0.118852 0.0911305 0.0497233 0.0167197 0.00334469 0.000395174 2.7537e-05 1.13139e-06 2.74065e-08 3.91414e-10 3.29584e-12 1.63629e-14 4.79053e-17
 1.66962e-11 1.81301e-09 1.16071e-07 4.38108e-06 9.74947e-05 0.00127917 0.00989589 0.045158 0.1218 0.196169 0.198082 0.150637 0.117782 0.0899104 0.049 0.0164724 0.00329506 0.000389307 2.71281e-05 1.11459e-06 2.69996e-08 3.85605e-10 3.24697e-12 1.61211e-14 4.72066e-17
 1.70925e-11 1.85605e-09 1.18826e-07 4.48508e-06 9.98089e-05 0.00130953 0.0101307 0.0462273 0.124655 0.200533 0.20139 0.150288 0.114066 0.0856743 0.0464888 0.015614 0.00312277 0.000368938 2.57085e-05 1.05626e-06 2.55866e-08 3.65421e-10 3.0769e-12 1.52747e-14 4.47072e-17
 1.72124e-11 1.86906e-09 1.19659e-07 4.51654e-06 0.000100509 0.00131872 0.0102017 0.0465508 0.125519 0.201854 0.20239 0.150183 0.112942 0.0843928 0.0457292 0.0153543 0.00307066 0.000362776 2.52791e-05 1.03862e-06 2.51592e-08 3.59317e-10 3.0255e-12 1.50195e-14 4.39597e-17
 1.7941e-11 1.94818e-09 1.24724e-07 4.70771e-06 0.000104763 0.00137453 0.0106333 0.0485164 0.130768 0.209876 0.208471 0.149542 0.106111 0.0766058 0.041113 0.0137762 0.00275395 0.000325333 2.26697e-05 9.31406e-07 2.25621e-08 3.22225e-10 2.71318e-12 1.3469e-14 3.94215e-17
 1.8209e-11 1.97728e-09 1.26587e-07 4.77803e-06 0.000106328 0.00139506 0.0107921 0.0492395 0.132698 0.212828 0.210707 0.149306 0.103599 0.0737412 0.0394149 0.0131957 0.00263744 0.000311559 2.17097e-05 8.91965e-07 2.16067e-08 3.0858e-10 2.59829e-12 1.28987e-14 3.77521e-17
 1.78706e-11 1.94054e-09 1.24235e-07 4.68925e-06 0.000104352 0.00136914 0.0105916 0.0483266 0.130261 0.209102 0.207884 0.149604 0.106771 0.0773576 0.0415587 0.0139286 0.00278452 0.000328948 2.29216e-05 9.41757e-07 2.28128e-08 3.25806e-10 2.74333e-12 1.36187e-14 3.98595e-17
 1.8273e-11 1.98423e-09 1.27032e-07 4.79484e-06 0.000106702 0.00139997 0.01083 0.0494123 0.13316 0.213533 0.211242 0.14925 0.102998 0.0730566 0.039009 0.013057 0.0026096 0.000308267 2.14803e-05 8.82538e-07 2.13783e-08 3.05319e-10 2.57083e-12 1.27623e-14 3.73531e-17
 1.81206e-11 1.96768e-09 1.25972e-07 4.75483e-06 0.000105812 0.00138828 0.0107397 0.0490009 0.132061 0.211854 0.209969 0.149384 0.104428 0.0746863 0.0399751 0.0133872 0.00267588 0.000316104 2.20264e-05 9.04977e-07 2.19219e-08 3.13082e-10 2.63619e-12 1.30868e-14 3.83028e-17
 1.87328e-11 2.03416e-09 1.30229e-07 4.91548e-06 0.000109387 0.00143519 0.0111024 0.0506528 0.136472 0.218596 0.215079 0.148846 0.0986874 0.0681422 0.0360958 0.0120611 0.00240972 0.000284637 1.98335e-05 8.14875e-07 1.97393e-08 2.8191e-10 2.37372e-12 1.17839e-14 3.44893e-17
 1.93792e-11 2.10435e-09 1.34723e-07 5.08511e-06 0.000113162 0.00148471 0.0114854 0.0523969 0.141129 0.225715 0.220474 0.148277 0.0926268 0.0612329 0.032 0.0106609 0.00212871 0.000251415 1.75182e-05 7.19745e-07 1.74348e-08 2.48999e-10 2.09661e-12 1.04082e-14 3.04629e-17
#obs surv len freq
 2.25249e-11 2.17619e-09 1.23957e-07 4.16275e-06 8.24202e-05 0.000962143 0.00662318 0.0269078 0.0648093 0.0947827 0.0942147 0.0886296 0.0998795 0.109942 0.109304 0.0999871 0.0802731 0.0562558 0.0352862 0.0194239 0.00878186 0.00300207 0.000721256 0.000115483 1.18924e-05
 4.93534e-12 4.59902e-10 2.52669e-08 8.18434e-07 1.56309e-05 0.000176067 0.00117157 0.00464493 0.0114663 0.0211335 0.0412733 0.0841949 0.133109 0.155709 0.153652 0.137241 0.106781 0.0720417 0.0428543 0.0219082 0.00907117 0.00283282 0.000623655 9.17771e-05 8.69793e-06
 8.85979e-11 7.94936e-09 4.20513e-07 1.31149e-05 0.000241152 0.00261429 0.0167094 0.0629705 0.139963 0.183798 0.144121 0.0728059 0.0386328 0.0474495 0.0703112 0.0772934 0.0625345 0.0409081 0.0230291 0.0109742 0.00417334 0.00118539 0.000236768 3.16755e-05 2.73789e-06
 1.15545e-10 9.96578e-09 5.06767e-07 1.51931e-05 0.000268549 0.00279869 0.0171992 0.0623797 0.134123 0.175 0.154417 0.12553 0.113772 0.0868609 0.0483818 0.0264137 0.0202111 0.0159402 0.00988213 0.0046444 0.00164735 0.000427146 7.72885e-05 9.35022e-06 7.317e-07
 1.25316e-10 1.0374e-08 5.06316e-07 1.45693e-05 0.000247172 0.00247242 0.0145854 0.0508121 0.105288 0.134631 0.124527 0.119102 0.12791 0.119875 0.0929541 0.0595669 0.0293292 0.0115072 0.00450728 0.00185181 0.000634235 0.000155586 2.59097e-05 2.84654e-06 2.01445e-07
 2.1232e-10 1.68453e-08 7.87958e-07 2.17304e-05 0.000353325 0.00338718 0.0191486 0.0639006 0.12654 0.152837 0.127711 0.104464 0.103307 0.100314 0.0861518 0.0612883 0.032729 0.0127519 0.00382372 0.000981081 0.00023298 4.76287e-05 7.2031e-06 7.29206e-07 4.72582e-08
 2.9244e-10 2.22063e-08 9.9416e-07 2.62407e-05 0.000408354 0.00374686 0.0202763 0.064814 0.123377 0.145747 0.126973 0.11669 0.118509 0.104674 0.0788837 0.0518646 0.0277644 0.0115165 0.00365962 0.000880997 0.000161058 2.29582e-05 2.56519e-06 2.12794e-07 1.21053e-08
 4.27368e-10 3.10197e-08 1.32743e-06 3.34907e-05 0.000498176 0.00436929 0.0226021 0.0690765 0.125845 0.142975 0.121908 0.112376 0.115656 0.106176 0.0836686 0.0542781 0.0267772 0.00998943 0.00294411 0.000687658 0.00012117 1.53553e-05 1.37037e-06 8.57761e-08 3.73819e-09
 6.17307e-10 4.27766e-08 1.74763e-06 4.20953e-05 0.000597811 0.0050058 0.0247252 0.0721929 0.126018 0.139067 0.120278 0.116045 0.119627 0.106905 0.0816932 0.0513877 0.0245711 0.00879825 0.00242778 0.000520239 8.43094e-05 9.92432e-06 8.14887e-07 4.51648e-08 1.65413e-09
 9.15456e-10 6.04952e-08 2.35691e-06 5.41383e-05 0.000733187 0.0058548 0.0275807 0.0768418 0.1283 0.136942 0.118371 0.11652 0.120182 0.107157 0.0810663 0.0490191 0.0219077 0.00721862 0.00182792 0.000360298 5.35796e-05 5.75805e-06 4.30963e-07 2.1785e-08 7.2486e-10
 1.44288e-09 9.08306e-08 3.3711e-06 7.37653e-05 0.000951659 0.0072394 0.0324898 0.0862624 0.137461 0.140955 0.119153 0.115681 0.116524 0.101395 0.0743488 0.0427711 0.0178348 0.00537969 0.00122709 0.000216493 2.89e-05 2.80267e-06 1.89926e-07 8.70261e-09 2.62567e-10
 2.12116e-09 1.27076e-07 4.4884e-06 9.34674e-05 0.00114758 0.00830829 0.0354936 0.0897969 0.137045 0.137603 0.120182 0.121403 0.120439 0.100574 0.0700712 0.0379635 0.0147689 0.00410497 0.000849808 0.000134285 1.59296e-05 1.36977e-06 8.25091e-08 3.37704e-09 9.14636e-11
 2.87998e-09 1.64046e-07 5.50912e-06 0.000109079 0.00127337 0.00876618 0.0356228 0.085883 0.126031 0.12628 0.118657 0.128412 0.129208 0.108144 0.0744163 0.0386976 0.0141049 0.00360546 0.000676051 9.57973e-05 1.01312e-05 7.7319e-07 4.12088e-08 1.49152e-09 3.57899e-11
 3.48042e-09 1.88332e-07 6.00839e-06 0.000113015 0.00125338 0.00819846 0.0316788 0.0728976 0.103991 0.108427 0.116853 0.139075 0.144663 0.12421 0.0858434 0.0433916 0.0150579 0.0036204 0.000630445 8.16843e-05 7.78608e-06 5.30254e-07 2.5083e-08 8.03973e-10 1.70756e-11
 5.51057e-09 2.83054e-07 8.57199e-06 0.000153052 0.00161126 0.0100044 0.0366939 0.0801362 0.108393 0.1069 0.109695 0.128861 0.138993 0.126139 0.0891213 0.0443044 0.0148777 0.00345233 0.000577899 7.10467e-05 6.30937e-06 3.9356e-07 1.68295e-08 4.83307e-10 9.14815e-12
 9.06798e-09 4.41834e-07 1.26925e-05 0.000214973 0.00214681 0.0126454 0.044013 0.0913543 0.118259 0.114133 0.116591 0.131841 0.132557 0.111517 0.074146 0.0354994 0.0117785 0.00275943 0.000468252 5.73688e-05 4.95168e-06 2.93715e-07 1.17417e-08 3.10975e-10 5.37032e-12
 1.31279e-08 6.06397e-07 1.65143e-05 0.00026516 0.00251042 0.0140209 0.0463062 0.0915348 0.114725 0.112737 0.12161 0.138323 0.135223 0.109455 0.0693216 0.0314251 0.00989123 0.00222009 0.000366272 4.417e-05 3.76717e-06 2.1954e-07 8.51534e-09 2.15565e-10 3.5088e-12
 1.86119e-08 8.14593e-07 2.10199e-05 0.000319796 0.00286891 0.0151853 0.0475686 0.0895429 0.10875 0.108624 0.122211 0.140592 0.138134 0.112183 0.0702756 0.0313431 0.00978348 0.00219212 0.000358439 4.21871e-05 3.47507e-06 1.9511e-07 7.29716e-09 1.7807e-10 2.78521e-12
 2.87302e-08 1.19095e-06 2.91064e-05 0.000419408 0.00356367 0.0178679 0.0530504 0.0949068 0.110796 0.109401 0.123044 0.139649 0.135459 0.107944 0.0653285 0.0279565 0.0084147 0.00183695 0.000294839 3.40776e-05 2.74077e-06 1.48902e-07 5.34087e-09 1.24197e-10 1.84497e-12
 4.47028e-08 1.75449e-06 4.05983e-05 0.000553887 0.00445617 0.0211588 0.0595393 0.101332 0.114265 0.112627 0.126657 0.139631 0.130255 0.0994934 0.0576276 0.0237114 0.00691996 0.00147179 0.000229649 2.56824e-05 1.9926e-06 1.04235e-07 3.59063e-09 7.98778e-11 1.12982e-12
 6.34267e-08 2.35638e-06 5.16134e-05 0.000666564 0.0050767 0.0228279 0.0609401 0.0992138 0.110518 0.114247 0.133431 0.145004 0.13101 0.0960842 0.0530128 0.0207494 0.00578474 0.00118118 0.000177276 1.90435e-05 1.41491e-06 7.06318e-08 2.31475e-09 4.88774e-11 6.55068e-13
 1.05004e-07 3.69208e-06 7.65385e-05 0.000935518 0.0067435 0.0286987 0.0725063 0.111678 0.117504 0.114636 0.128052 0.136549 0.122945 0.0888359 0.0473307 0.0177204 0.00471943 0.000919884 0.000131407 1.33943e-05 9.4248e-07 4.44986e-08 1.37738e-09 2.74255e-11 3.46017e-13
 1.53423e-07 5.10528e-06 0.00010016 0.00115862 0.00790489 0.0318588 0.0764227 0.11308 0.119118 0.123004 0.139478 0.140508 0.116051 0.0767608 0.0376613 0.0130216 0.00320445 0.00057856 7.69439e-05 7.33357e-06 4.83362e-07 2.13738e-08 6.1911e-10 1.1527e-11 1.35909e-13
 1.94099e-07 6.11242e-06 0.000113489 0.00124246 0.00802426 0.0306417 0.0699545 0.100472 0.109389 0.124466 0.148559 0.151107 0.124593 0.0800468 0.0368136 0.0115818 0.00253485 0.000402832 4.74419e-05 4.06266e-06 2.43755e-07 9.8976e-09 2.64615e-10 4.55996e-12 4.98256e-14
 3.03369e-07 9.04159e-06 0.000158879 0.0016462 0.0100622 0.0363664 0.0785818 0.106823 0.110136 0.119677 0.140043 0.144424 0.122209 0.0792284 0.0362867 0.011407 0.00250259 0.000391319 4.35704e-05 3.39541e-06 1.81728e-07 6.5647e-09 1.57131e-10 2.44472e-12 2.42928e-14
 4.20084e-07 1.18504e-05 0.000197099 0.00193308 0.0111875 0.0383321 0.0789902 0.104943 0.112742 0.130989 0.151461 0.145874 0.113796 0.0686284 0.0296932 0.00896777 0.00192219 0.000296889 3.26335e-05 2.47901e-06 1.26614e-07 4.26056e-09 9.30541e-11 1.30363e-12 1.15988e-14
 5.26293e-07 1.40539e-05 0.000221274 0.00205453 0.0112606 0.0366003 0.072093 0.0943473 0.106817 0.133165 0.158036 0.154444 0.120831 0.0708896 0.0290812 0.00822751 0.00165014 0.000240168 2.51377e-05 1.83363e-06 9.0212e-08 2.91651e-09 6.07425e-11 8.02825e-13 6.65843e-15
 7.66071e-07 1.93673e-05 0.000288691 0.00253783 0.0131715 0.0405708 0.0759862 0.0957401 0.107018 0.132876 0.156947 0.153731 0.119105 0.067414 0.0261738 0.00693495 0.0012935 0.000174207 1.68506e-05 1.13925e-06 5.22436e-08 1.58392e-09 3.10838e-11 3.88091e-13 3.04102e-15
 1.10609e-06 2.64776e-05 0.000373711 0.00311093 0.0152943 0.0446925 0.0799341 0.0984268 0.111562 0.138713 0.158355 0.148386 0.110241 0.0603932 0.0230661 0.00611284 0.00114394 0.000151815 1.40632e-05 8.89402e-07 3.76628e-08 1.04982e-09 1.89525e-11 2.18296e-13 1.58352e-15
#pred catch len freq
 7.40244e-13 8.03818e-11 5.14616e-09 1.9425e-07 4.32363e-06 5.67869e-05 0.000441653 0.00206987 0.00633062 0.0162364 0.0448593 0.109106 0.180525 0.19456 0.153142 0.107257 0.0718407 0.0444339 0.0263437 0.0157812 0.00990415 0.00676895 0.00497235 0.00345809 0.001909
 3.71093e-13 4.02964e-11 2.57985e-09 9.73833e-08 2.16792e-06 2.84969e-05 0.000222551 0.00106434 0.00354035 0.0111126 0.0367451 0.09547 0.162065 0.181575 0.155835 0.123085 0.090918 0.0598745 0.035711 0.0196894 0.0104599 0.00577821 0.00350049 0.00217229 0.00115121
 8.15773e-13 8.85833e-11 5.67121e-09 2.14065e-07 4.76426e-06 6.25464e-05 0.000485348 0.00224921 0.00653914 0.014353 0.0325647 0.0730355 0.122341 0.145866 0.144407 0.13505 0.114655 0.0857867 0.057082 0.0333429 0.0171657 0.00816509 0.00391974 0.00198387 0.000940376
 1.82999e-12 1.98715e-10 1.27219e-08 4.80197e-07 1.06869e-05 0.00014027 0.00108729 0.0050113 0.0141983 0.0283734 0.0545719 0.109551 0.170648 0.176405 0.129267 0.0865132 0.0667086 0.0557508 0.0433374 0.0290231 0.0163973 0.00784036 0.00330978 0.00133516 0.000519923
 1.51795e-12 1.64831e-10 1.05527e-08 3.9832e-07 8.86508e-06 0.000116383 0.000903091 0.00418477 0.0121615 0.0266463 0.0601206 0.132707 0.211123 0.214698 0.145959 0.0794026 0.0428932 0.0252071 0.0169344 0.0121475 0.00788129 0.00421068 0.00182247 0.000660792 0.000210912
 3.422e-12 3.71589e-10 2.37895e-08 8.97942e-07 1.99833e-05 0.000262247 0.0020311 0.00932237 0.0258832 0.0476535 0.0762083 0.13169 0.194981 0.198182 0.140484 0.0823575 0.0453599 0.0227812 0.0107992 0.00556429 0.00324752 0.00185606 0.000886092 0.000331566 9.76607e-05
 8.76719e-12 9.52013e-10 6.09488e-08 2.30052e-06 5.11954e-05 0.000671747 0.0051985 0.0237628 0.0646479 0.108599 0.130707 0.154294 0.187001 0.171007 0.100025 0.0377089 0.0108123 0.00331639 0.00127998 0.000528634 0.000219686 9.86032e-05 4.52222e-05 1.78081e-05 5.38055e-06
 8.91099e-12 9.67627e-10 6.19484e-08 2.33825e-06 5.20351e-05 0.000682766 0.00528379 0.024153 0.065715 0.110435 0.133106 0.157478 0.190766 0.173118 0.0983304 0.0333422 0.00668513 0.000792077 5.57917e-05 2.43755e-06 9.81017e-08 1.38367e-08 4.42494e-09 1.52097e-09 4.54808e-10
 1.01861e-11 1.10608e-09 7.08125e-08 2.67282e-06 5.94804e-05 0.000780445 0.00603915 0.0275932 0.0749007 0.124477 0.143749 0.15636 0.178817 0.159493 0.0902499 0.0305753 0.00612647 0.000724487 5.05974e-05 2.09517e-06 5.21787e-08 8.19293e-10 9.29709e-12 1.25383e-13 1.02719e-14
 1.0696e-11 1.16146e-09 7.43576e-08 2.80663e-06 6.24581e-05 0.000819511 0.00634126 0.0289691 0.0785744 0.130092 0.148005 0.155912 0.174037 0.154043 0.0870184 0.0294698 0.00590397 0.000697916 4.86788e-05 2.00644e-06 4.91615e-08 7.3087e-10 7.02968e-12 5.07102e-14 3.1956e-16
 1.16365e-11 1.26358e-09 8.08957e-08 3.05341e-06 6.79498e-05 0.000891558 0.00689841 0.0315065 0.0853496 0.140449 0.155854 0.155086 0.16522 0.143991 0.0810592 0.0274321 0.00549465 0.000649369 4.52565e-05 1.86006e-06 4.5112e-08 6.47073e-10 5.53344e-12 2.89956e-14 1.01119e-16
 1.25635e-11 1.36425e-09 8.73406e-08 3.29668e-06 7.33631e-05 0.000962578 0.00744762 0.0340078 0.0920283 0.150658 0.163592 0.154271 0.156528 0.134082 0.0751852 0.025424 0.0050916 0.000601702 4.19305e-05 1.72281e-06 4.17358e-08 5.96205e-10 5.02454e-12 2.50224e-14 7.40705e-17
 1.29745e-11 1.40888e-09 9.01975e-08 3.40451e-06 7.57628e-05 0.00099406 0.00769108 0.0351166 0.0949888 0.155184 0.167021 0.153909 0.152675 0.12969 0.0725813 0.0245338 0.00491295 0.000580582 4.04588e-05 1.66236e-06 4.02733e-08 5.75409e-10 4.85221e-12 2.42165e-14 7.2235e-17
 1.22862e-11 1.33413e-09 8.54125e-08 3.2239e-06 7.17436e-05 0.00094133 0.00728332 0.0332595 0.0900302 0.147604 0.161277 0.154514 0.159128 0.137047 0.0769425 0.0260247 0.00521217 0.000615957 4.29241e-05 1.76366e-06 4.27268e-08 6.10442e-10 5.14697e-12 2.56758e-14 7.64637e-17
 1.13186e-11 1.22907e-09 7.86861e-08 2.97001e-06 6.60938e-05 0.000867208 0.00671011 0.030649 0.0830598 0.136949 0.153202 0.155365 0.1682 0.147388 0.0830731 0.0281205 0.00563278 0.000665682 4.63893e-05 1.90599e-06 4.6171e-08 6.59442e-10 5.55383e-12 2.75931e-14 8.09946e-17
 1.22049e-11 1.3253e-09 8.48471e-08 3.20256e-06 7.12687e-05 0.000935101 0.00723514 0.0330401 0.0894444 0.146709 0.160598 0.154586 0.159891 0.137916 0.0774578 0.0262009 0.00524752 0.000620135 4.3215e-05 1.77556e-06 4.30113e-08 6.14303e-10 5.17335e-12 2.5697e-14 7.53689e-17
 1.26768e-11 1.37655e-09 8.81282e-08 3.3264e-06 7.40247e-05 0.000971257 0.00751474 0.0343135 0.0928445 0.151906 0.164537 0.154171 0.155466 0.132871 0.0744673 0.0251786 0.00504234 0.000595878 4.15244e-05 1.7061e-06 4.13281e-08 5.90237e-10 4.96992e-12 2.46728e-14 7.222e-17
 1.25113e-11 1.35857e-09 8.69772e-08 3.28296e-06 7.30579e-05 0.000958573 0.00741665 0.0338668 0.0916517 0.150083 0.163155 0.154317 0.157018 0.134641 0.0755164 0.0255372 0.00511432 0.000604388 4.21175e-05 1.73046e-06 4.19183e-08 5.98666e-10 5.04088e-12 2.50248e-14 7.32478e-17
 1.27368e-11 1.38307e-09 8.85451e-08 3.34214e-06 7.43749e-05 0.000975851 0.00755027 0.0344753 0.0932765 0.152566 0.165038 0.154118 0.154904 0.13223 0.0740873 0.0250487 0.00501627 0.000592796 4.13096e-05 1.69727e-06 4.11144e-08 5.87187e-10 4.94431e-12 2.4547e-14 7.18658e-17
 1.35037e-11 1.46634e-09 9.38761e-08 3.54336e-06 7.88526e-05 0.0010346 0.00800456 0.0365443 0.0988009 0.161011 0.171438 0.153444 0.147714 0.124034 0.0692285 0.0233877 0.00468292 0.000553385 3.8563e-05 1.58442e-06 3.83807e-08 5.48148e-10 4.61566e-12 2.29166e-14 6.71054e-17
 1.41021e-11 1.53132e-09 9.80363e-08 3.70038e-06 8.23469e-05 0.00108044 0.00835907 0.0381588 0.103112 0.167601 0.176432 0.152918 0.142103 0.117638 0.0654369 0.0220915 0.00442278 0.00052263 3.64196e-05 1.49635e-06 3.62473e-08 5.17674e-10 4.35889e-12 2.16389e-14 6.33344e-17
 1.45838e-11 1.58363e-09 1.01385e-07 3.82679e-06 8.51599e-05 0.00111734 0.00864446 0.0394586 0.106582 0.172906 0.180452 0.152494 0.137587 0.112489 0.0623845 0.021048 0.00421336 0.000497872 3.46942e-05 1.42546e-06 3.453e-08 4.93147e-10 4.15237e-12 2.06136e-14 6.03328e-17
 1.60596e-11 1.74388e-09 1.11645e-07 4.21403e-06 9.37773e-05 0.0012304 0.00951874 0.0434403 0.117214 0.189158 0.192769 0.151196 0.123751 0.096715 0.0530338 0.0178514 0.00357182 0.000422026 2.94083e-05 1.20828e-06 2.9269e-08 4.18012e-10 3.51972e-12 1.74729e-14 5.11401e-17
 1.60007e-11 1.73749e-09 1.11236e-07 4.19859e-06 9.34336e-05 0.00122589 0.00948388 0.0432815 0.11679 0.18851 0.192278 0.151248 0.124302 0.097344 0.0534067 0.0179789 0.0035974 0.00042505 2.96191e-05 1.21694e-06 2.94788e-08 4.21008e-10 3.54494e-12 1.75981e-14 5.15066e-17
 1.591e-11 1.72763e-09 1.10605e-07 4.17477e-06 9.29037e-05 0.00121894 0.00943011 0.0430367 0.116136 0.18751 0.19152 0.151328 0.125153 0.0983141 0.0539817 0.0181755 0.00363685 0.000429715 2.99442e-05 1.2303e-06 2.98023e-08 4.25629e-10 3.58385e-12 1.77913e-14 5.20719e-17
 1.6437e-11 1.78486e-09 1.14268e-07 4.31306e-06 9.59809e-05 0.00125931 0.00974231 0.0444585 0.119933 0.193314 0.195918 0.150865 0.120212 0.0926813 0.0506426 0.017034 0.00340776 0.00040263 2.80566e-05 1.15274e-06 2.79237e-08 3.98798e-10 3.35793e-12 1.66698e-14 4.87894e-17
 1.64525e-11 1.78654e-09 1.14376e-07 4.31712e-06 9.60714e-05 0.0012605 0.0097515 0.0445003 0.120044 0.193485 0.196048 0.150851 0.120067 0.0925156 0.0505444 0.0170004 0.00340102 0.000401833 2.80011e-05 1.15046e-06 2.78684e-08 3.98009e-10 3.35129e-12 1.66368e-14 4.86929e-17
 1.7308e-11 1.87944e-09 1.20323e-07 4.54161e-06 0.000101067 0.00132603 0.0102583 0.0468085 0.126207 0.202906 0.203188 0.150099 0.112046 0.0833717 0.0451238 0.0151474 0.00302913 0.000357866 2.49369e-05 1.02456e-06 2.48187e-08 3.54453e-10 2.98454e-12 1.48162e-14 4.33642e-17
 1.79839e-11 1.95284e-09 1.25022e-07 4.71897e-06 0.000105014 0.00137781 0.0106587 0.0486322 0.131077 0.210349 0.208829 0.149504 0.105709 0.0761471 0.0408411 0.0136833 0.00273529 0.000323128 2.25159e-05 9.2509e-07 2.24091e-08 3.2004e-10 2.69478e-12 1.33777e-14 3.91541e-17
#obs catch len freq
 1.52628e-11 1.47458e-09 8.39926e-08 2.82067e-06 5.5848e-05 0.000651969 0.00448873 0.0182519 0.0441654 0.0661495 0.072603 0.0840508 0.108876 0.12379 0.122834 0.111934 0.0906262 0.0655538 0.043397 0.0252769 0.0119148 0.00417696 0.0010184 0.000164647 1.70846e-05
 1.53238e-11 1.42795e-09 7.84512e-08 2.54113e-06 4.85288e-05 0.000546455 0.00362981 0.014257 0.0335378 0.0503671 0.061248 0.0844681 0.117936 0.135478 0.134834 0.122225 0.0968661 0.0670788 0.0414709 0.0222957 0.00971692 0.00316099 0.000715415 0.000107138 1.02687e-05
 1.42053e-12 1.27456e-10 6.74241e-09 2.103e-07 3.86879e-06 4.20506e-05 0.000272556 0.00110425 0.00338072 0.0110172 0.0363577 0.0879655 0.141118 0.163241 0.159739 0.141073 0.108202 0.0719963 0.0420927 0.0209631 0.00835618 0.00248211 0.000514587 7.07979e-05 6.24205e-06
 1.7845e-11 1.53913e-09 7.82662e-08 2.34645e-06 4.14753e-05 0.000432243 0.00265653 0.00963916 0.0207756 0.0275002 0.0264668 0.0311136 0.059172 0.117264 0.177778 0.190207 0.150322 0.0966182 0.0533311 0.0246982 0.0090252 0.00243607 0.000458078 5.7288e-05 4.60596e-06
 5.74349e-11 4.7546e-09 2.32056e-07 6.67748e-06 0.000113289 0.00113345 0.00669391 0.0234589 0.0501352 0.0738984 0.103648 0.158984 0.194755 0.156287 0.0867488 0.0485307 0.0377108 0.0290787 0.017443 0.00790348 0.00268433 0.000660481 0.000112451 1.2716e-05 9.25625e-07
 1.46374e-10 1.16131e-08 5.4322e-07 1.4981e-05 0.000243586 0.00233531 0.0132068 0.0441555 0.088314 0.112064 0.11272 0.126449 0.145283 0.135926 0.103805 0.0649408 0.0310891 0.0120384 0.00472199 0.00190011 0.000622192 0.000144325 2.25754e-05 2.31708e-06 1.52524e-07
 2.76203e-10 2.09734e-08 9.38961e-07 2.47837e-05 0.000385681 0.0035388 0.01915 0.0612062 0.116434 0.137127 0.118269 0.108043 0.114048 0.111156 0.0941307 0.0652105 0.0336712 0.0126979 0.00370863 0.000933038 0.000215879 4.21735e-05 6.00241e-06 5.67379e-07 3.41859e-08
 3.54336e-10 2.57188e-08 1.10059e-06 2.77677e-05 0.000413048 0.00362284 0.0187453 0.0573641 0.105218 0.1235 0.117622 0.126043 0.135601 0.119329 0.0888063 0.057236 0.0297939 0.0119755 0.00367583 0.000851942 0.000149705 2.04507e-05 2.17116e-06 1.69247e-07 8.9728e-09
 5.70155e-10 3.95092e-08 1.61414e-06 3.88799e-05 0.00055215 0.00462352 0.0228388 0.0667129 0.116706 0.130142 0.116594 0.11825 0.125455 0.114174 0.0884019 0.0557699 0.0266206 0.00962869 0.00275179 0.000619233 0.000104264 1.25501e-05 1.05919e-06 6.24095e-08 2.54601e-09
 8.73466e-10 5.77204e-08 2.2488e-06 5.16552e-05 0.00069956 0.00558635 0.0263182 0.0733545 0.122737 0.132303 0.117902 0.120122 0.124603 0.109754 0.0823062 0.050307 0.0232419 0.008046 0.00214601 0.000442533 6.85538e-05 7.66053e-06 5.93469e-07 3.08831e-08 1.05782e-09
 1.34895e-09 8.49177e-08 3.15165e-06 6.89634e-05 0.000889712 0.00676829 0.0303784 0.0806979 0.128932 0.133823 0.117359 0.118903 0.121911 0.106831 0.0790403 0.0462531 0.0199154 0.00633502 0.00154982 0.00029378 4.17173e-05 4.2527e-06 3.00209e-07 1.42439e-08 4.43075e-10
 2.17325e-09 1.30197e-07 4.59862e-06 9.57627e-05 0.00117575 0.00851215 0.0363615 0.0919523 0.140024 0.139211 0.11835 0.116767 0.116271 0.0992649 0.071009 0.0394183 0.0157916 0.00458669 0.00100909 0.000171129 2.18147e-05 2.00673e-06 1.28238e-07 5.5141e-09 1.55507e-10
 3.2562e-09 1.85476e-07 6.22878e-06 0.000123328 0.0014397 0.0099107 0.0402632 0.0969379 0.141283 0.137455 0.12002 0.121382 0.118087 0.0965003 0.0654768 0.0341704 0.0127463 0.00340383 0.000678249 0.00010287 1.16443e-05 9.49623e-07 5.39514e-08 2.07273e-09 5.24833e-11
 4.50851e-09 2.43964e-07 7.7832e-06 0.000146397 0.00162356 0.0106184 0.0409999 0.0939998 0.131694 0.127886 0.119407 0.127688 0.125377 0.102513 0.0684513 0.0341617 0.011905 0.00291672 0.000525458 7.13843e-05 7.19788e-06 5.20691e-07 2.61688e-08 8.89132e-10 1.99515e-11
 5.56628e-09 2.85916e-07 8.65865e-06 0.000154599 0.00162757 0.0101063 0.0370792 0.0811051 0.110523 0.111888 0.119054 0.138502 0.140247 0.117421 0.0784056 0.037899 0.0125462 0.0028856 0.000481751 5.97194e-05 5.41916e-06 3.49515e-07 1.55846e-08 4.68886e-10 9.31378e-12
 8.89471e-09 4.33392e-07 1.245e-05 0.000210865 0.00210577 0.0124033 0.0431639 0.0895247 0.115488 0.110186 0.111224 0.127881 0.134646 0.118835 0.0806705 0.0382191 0.0122263 0.0027114 0.000434405 5.09756e-05 4.29989e-06 2.53574e-07 1.02097e-08 2.7505e-10 4.86798e-12
 1.46593e-08 6.77132e-07 1.84406e-05 0.000296089 0.00280317 0.0156539 0.0516652 0.101789 0.125622 0.117182 0.117247 0.129135 0.126459 0.103499 0.0662267 0.0302763 0.00958689 0.00214743 0.000348103 4.05762e-05 3.31662e-06 1.85562e-07 6.97254e-09 1.73017e-10 2.79145e-12
 2.12023e-08 9.27965e-07 2.39454e-05 0.000364301 0.00326809 0.017296 0.0541443 0.101586 0.121544 0.11584 0.12239 0.135312 0.128724 0.101225 0.0616063 0.0266467 0.00800542 0.00171939 0.0002712 3.11153e-05 2.51041e-06 1.37746e-07 5.01182e-09 1.1866e-10 1.80197e-12
 3.05086e-08 1.26467e-06 3.0908e-05 0.000445368 0.0037842 0.0189723 0.0563085 0.100553 0.116451 0.112311 0.122733 0.136783 0.130731 0.102929 0.0618405 0.0263109 0.00784142 0.00167971 0.000261989 2.92747e-05 2.27843e-06 1.20361e-07 4.21973e-09 9.62191e-11 1.40262e-12
 4.73192e-08 1.85717e-06 4.29744e-05 0.000586301 0.00471683 0.0223934 0.0629709 0.106822 0.118783 0.112862 0.122733 0.134793 0.127111 0.0979741 0.0567611 0.0231615 0.00665935 0.00139038 0.000212797 2.3324e-05 1.76966e-06 9.03153e-08 3.03264e-09 6.5831e-11 9.10737e-13
 7.3844e-08 2.7434e-06 6.00902e-05 0.000776027 0.00590993 0.0265643 0.0707788 0.114176 0.122478 0.115694 0.125136 0.133208 0.120693 0.0890831 0.0493763 0.0193786 0.00540341 0.00109848 0.000163253 1.72956e-05 1.26482e-06 6.20996e-08 2.00069e-09 4.15062e-11 5.46227e-13
 1.05552e-07 3.71136e-06 7.69384e-05 0.000940409 0.00677884 0.0288511 0.072915 0.112479 0.119034 0.117396 0.131201 0.137428 0.120455 0.0852279 0.0449537 0.0167798 0.00446994 0.000872231 0.000124607 1.26696e-05 8.86425e-07 4.14944e-08 1.2708e-09 2.50064e-11 3.11619e-13
 1.7654e-07 5.87451e-06 0.000115251 0.00133315 0.0090944 0.0366282 0.0875749 0.12761 0.126806 0.116521 0.123414 0.126619 0.110395 0.0767002 0.0389817 0.0139063 0.00353687 0.000658267 8.94244e-05 8.62053e-06 5.70808e-07 2.52559e-08 7.30088e-10 1.35387e-11 1.58731e-13
 2.60487e-07 8.20304e-06 0.000152303 0.00166731 0.0107654 0.0410584 0.0931778 0.130239 0.128836 0.123988 0.132324 0.127767 0.102007 0.0648569 0.0303486 0.00999397 0.00234785 0.000404765 5.11942e-05 4.61374e-06 2.86043e-07 1.18473e-08 3.20333e-10 5.55209e-12 6.0806e-14
 3.31729e-07 9.88682e-06 0.000173732 0.00180008 0.0110025 0.0397601 0.0858653 0.116406 0.118768 0.125998 0.142122 0.138882 0.110507 0.0679667 0.0297009 0.00887281 0.0018502 0.000280692 3.14729e-05 2.55148e-06 1.44102e-07 5.48215e-09 1.36815e-10 2.1944e-12 2.2267e-14
 5.24269e-07 1.47894e-05 0.000245977 0.00241227 0.0139554 0.0477293 0.0975129 0.124817 0.119605 0.119724 0.131815 0.1306 0.106411 0.0658704 0.0286513 0.00855487 0.00178543 0.000265368 2.79937e-05 2.05897e-06 1.03639e-07 3.5087e-09 7.84433e-11 1.13652e-12 1.04906e-14
 7.28772e-07 1.94608e-05 0.000306396 0.00284458 0.0155827 0.0505238 0.0983803 0.122721 0.121709 0.129853 0.141277 0.130602 0.0980986 0.0565452 0.0232659 0.00668395 0.00136429 0.000200267 2.08251e-05 1.48949e-06 7.13512e-08 2.24501e-09 4.57312e-11 5.96218e-13 4.92725e-15
 9.41286e-07 2.37969e-05 0.000354713 0.00311799 0.0161767 0.0497424 0.092432 0.112802 0.116179 0.131939 0.147391 0.138202 0.10373 0.0579468 0.0225583 0.00606569 0.00115856 0.000160347 1.58848e-05 1.09091e-06 5.03084e-08 1.51922e-09 2.94738e-11 3.62087e-13 2.78654e-15
 1.36243e-06 3.26135e-05 0.000460303 0.00383128 0.0188247 0.0548565 0.0968878 0.113655 0.115363 0.130783 0.145849 0.137065 0.101599 0.0546191 0.0200942 0.0050549 0.000897038 0.000114809 1.05089e-05 6.69039e-07 2.8765e-08 8.14686e-10 1.4891e-11 1.72755e-13 1.2555e-15
#spawning biomass
 8318.55 8853.64 7111.34 6782.56 10037.8 14798.6 20317.4 26933.2 34648 47042.8 57102.8 68329.4 96242.4 129098 134607 125156 110423 101123 101341 108108 108016 110925 114471 110296 118949 117104 116518 113661 121676 132477 287169 339451 347843 328706 296506 261163 228215 200092 177371 159680 146259 136267 128932 123564 119587 116799 114844 113474 112513 111839 111366 111035 110803 110640 110526 110446 110390 110351 110323 110304 110290 110281 110274 110269 110266 110264 110262 110261 110260 110260 110259 110259 110259 110259 110258 110258 110258 110258 110258 110258 110258 110258 110258 110258 110258 110258 110258 110258 110258 110258 110258 110258 110258 110258 110258 110258 110258 110258 110258 110258 110258 110258 110258 110258 110258 110258 110258 110258 110258 110258 110258 110258 110258 110258 110258 110258 110258 110258 110258 110258 110258 110258 110258 110258 110258 110258 110258 110258 110258 0 0 0 0 0 0 0 0 0 0 0 0 0 0 0 0 0 0 0 0 0 0 0 0 0
