SBPRF35
26.0895
Curr Bio
226957
B35
2.57021e+07
F35
0.0257429
FOFL
0
OFL
0
Bzero
7.45415e+06
#pred survey bio
 6588.41 7518.83 7135.16 7379.13 11772.2 19671.8 26578.4 36983.5 51746.1 75187.9 108231 140403 177214 208223 217563 184719 167935 172183 179429 195901 205205 190943 196718 231595 261868 261567 264271 282632 249344 3.68473e+06 6.88566e+06 1.08045e+07 1.47382e+07 1.84372e+07 2.17727e+07 2.47053e+07 2.72472e+07 2.94364e+07 3.13204e+07 3.29475e+07 3.43623e+07 3.56033e+07 3.67031e+07 3.76018e+07 3.81976e+07 3.87781e+07 3.93435e+07 3.98939e+07 4.04295e+07 4.09507e+07 4.14579e+07 4.19512e+07 4.24311e+07 4.2898e+07 4.33522e+07 4.37941e+07 4.42241e+07 4.46424e+07 4.50495e+07 4.54456e+07 4.58311e+07 4.62063e+07 4.65715e+07 4.6927e+07 4.72732e+07 4.76102e+07 4.79383e+07 4.82579e+07 4.85692e+07 4.88724e+07 4.91678e+07 4.94556e+07 4.9736e+07 5.00092e+07 5.02756e+07 5.05352e+07 5.07882e+07 5.10349e+07 5.12755e+07 5.15101e+07 5.17389e+07 5.19621e+07 5.21798e+07 5.23923e+07 5.25996e+07 5.28019e+07 5.29994e+07 5.31921e+07 5.33803e+07 5.35641e+07 5.37436e+07 5.39189e+07 5.40901e+07 5.42574e+07 5.44208e+07 5.45806e+07 5.47367e+07 5.48894e+07 5.50386e+07 5.51845e+07 5.53272e+07 5.54668e+07 5.56034e+07 5.5737e+07 5.58677e+07 5.59956e+07 5.61209e+07 5.62435e+07 5.63635e+07 5.64811e+07 5.65962e+07 5.6709e+07 5.68196e+07 5.69278e+07 5.7034e+07 5.7138e+07 5.724e+07 5.734e+07 5.7438e+07 5.75342e+07 5.76286e+07 5.77211e+07 5.78119e+07 5.79011e+07 5.79886e+07 5.80745e+07 5.81588e+07 5.82416e+07 5.83229e+07 0 0 0 0 0 0 0 0 0 0 0 0 0 0 0 0 0 0 0 0 0 0 0 0 0
#obs survey bio
 6185.64 5677.44 7419.94 7957.45 22922.2 21819.8 33060.9 64290.8 57070.1 79495 147002 160916 162621 290236 190249 84559 152137 210402 190145 147980 197477 186294 210988 193401 208982 182638 286674 290960 222112
#pred catch bio
 2833.11 3865.29 4416.12 3744.23 6486.75 13966.3 18650.5 26144.2 36209.7 52423.8 78178.7 102753 131685 154010 172127 146614 128150 131982 135626 149106 163233 148849 148033 174702 204418 205002 204473 221979 226430 0 8116.31 13032.2 17936 22567.3 26748.7 30420.1 33591.5 36308.6 38631.3 40621.6 42336.9 43827.4 45135.3 46189.2 46865.6 47520.4 48154.3 48768 49362 49937.1 50493.7 51032.6 51554.3 52059.3 52548.1 53021.3 53479.4 53922.9 54352.2 54767.7 55170 55559.5 55936.4 56301.4 56654.7 56996.6 57327.7 57648.2 57958.4 58258.7 58549.4 58830.9 59103.3 59367 59622.3 59869.5 60108.7 60340.3 60564.5 60781.5 60991.6 61195 61391.9 61582.4 61766.9 61945.5 62118.4 62285.8 62447.8 62604.7 62756.5 62903.5 63045.7 63183.5 63316.8 63445.9 63570.8 63691.8 63808.8 63922.2 64031.9 64138.1 64240.9 64340.5 64436.8 64530.1 64620.4 64707.8 64792.4 64874.3 64953.6 65030.4 65104.7 65176.6 65246.2 65313.6 65378.9 65442 65503.2 65562.4 65619.7 65675.1 65728.8 65780.8 65831.1 65879.9 65927 65972.7 66016.8 0 0 0 0 0 0 0 0 0 0 0 0 0 0 0 0 0 0 0 0 0 0 0 0 0
#obs catch bio
 4417.58 3641.9 5191.82 3408.35 4948.82 10381.2 13923.9 20269.2 28634.7 43424.5 68552.2 84785.9 124970 125320 164517 168408 120637 116240 126599 146244 155395 135322 123727 164236 188218 187079 183410 196239 214565
#pred cpue bio
 5307.79 6843.95 6105.61 4993.88 7871.6 12040.8 15070.6 21188.5 29010.1 41617.3 61005.4 81279.6 101869 124092 145788 122783 103660 107938 109001 118838 127366 116737 116109 132904 156303 159433 156663 165516 169312 1.79748e+06 6.70277e+06 1.06791e+07 1.46118e+07 1.83107e+07 2.16462e+07 2.45789e+07 2.71208e+07 2.93099e+07 3.11939e+07 3.2821e+07 3.42358e+07 3.54768e+07 3.65766e+07 3.74754e+07 3.80711e+07 3.86516e+07 3.9217e+07 3.97674e+07 4.0303e+07 4.08243e+07 4.13314e+07 4.18247e+07 4.23046e+07 4.27715e+07 4.32258e+07 4.36677e+07 4.40976e+07 4.45159e+07 4.4923e+07 4.53191e+07 4.57046e+07 4.60798e+07 4.6445e+07 4.68005e+07 4.71467e+07 4.74837e+07 4.78119e+07 4.81315e+07 4.84427e+07 4.87459e+07 4.90413e+07 4.93291e+07 4.96095e+07 4.98828e+07 5.01491e+07 5.04087e+07 5.06617e+07 5.09084e+07 5.1149e+07 5.13836e+07 5.16124e+07 5.18356e+07 5.20534e+07 5.22658e+07 5.24731e+07 5.26754e+07 5.28729e+07 5.30656e+07 5.32538e+07 5.34376e+07 5.36171e+07 5.37924e+07 5.39636e+07 5.41309e+07 5.42944e+07 5.44541e+07 5.46103e+07 5.47629e+07 5.49121e+07 5.5058e+07 5.52007e+07 5.53403e+07 5.54769e+07 5.56105e+07 5.57412e+07 5.58691e+07 5.59944e+07 5.6117e+07 5.6237e+07 5.63546e+07 5.64698e+07 5.65826e+07 5.66931e+07 5.68014e+07 5.69075e+07 5.70115e+07 5.71135e+07 5.72135e+07 5.73115e+07 5.74077e+07 5.75021e+07 5.75946e+07 5.76854e+07 5.77746e+07 5.78621e+07 5.7948e+07 5.80323e+07 5.81151e+07 5.81964e+07 0 0 0 0 0 0 0 0 0 0 0 0 0 0 0 0 0 0 0 0 0 0 0 0 0
#obs cpue bio
 12144 8844.6 5723.38 6197.58 14313.3 22036.7 29961 38534 55663.6 80474.5 84565 150175 130128 186160 196884 159420 146831 163402 125924 165272 187576 168195 218821 192413 282633 309692 255382 246603 285192
#pred surv len freq
 1.06624e-11 1.15781e-09 7.41243e-08 2.79782e-06 6.22618e-05 0.000816915 0.00632042 0.0288563 0.0780269 0.12725 0.135973 0.123377 0.12339 0.11553 0.0884719 0.0618541 0.0416515 0.0260382 0.0156805 0.00957227 0.00613549 0.00428373 0.00320266 0.00225226 0.00125071
 5.57686e-12 6.0558e-10 3.87698e-08 1.46337e-06 3.25658e-05 0.000427314 0.00330728 0.0151271 0.0412812 0.0703662 0.0893455 0.116248 0.152878 0.155911 0.121111 0.0852311 0.058942 0.0382385 0.0229542 0.0128412 0.00696511 0.00394928 0.00245616 0.00155345 0.000831903
 9.33555e-12 1.01373e-09 6.48999e-08 2.44965e-06 5.45135e-05 0.000715248 0.00553362 0.0252594 0.0682371 0.110772 0.116027 0.0999568 0.0973448 0.100371 0.0981305 0.0905697 0.0724787 0.0494702 0.0305722 0.0173605 0.00897125 0.0043547 0.00215416 0.00112267 0.000542333
 1.46548e-11 1.59133e-09 1.01879e-07 3.84541e-06 8.5574e-05 0.00112277 0.00868595 0.0396372 0.106918 0.172264 0.174267 0.133553 0.106787 0.0866119 0.0574428 0.0348443 0.0250647 0.020153 0.0147573 0.00913711 0.00485768 0.0022723 0.000970221 0.000403173 0.00016166
 1.37012e-11 1.48779e-09 9.52496e-08 3.5952e-06 8.00062e-05 0.00104972 0.00812132 0.0370707 0.100134 0.162456 0.169614 0.143662 0.13091 0.11082 0.0690676 0.0331234 0.0151309 0.00767038 0.00462938 0.0030837 0.00186522 0.000933807 0.000388776 0.00014056 4.58799e-05
 1.49463e-11 1.62298e-09 1.03905e-07 3.92189e-06 8.72762e-05 0.0011451 0.00885896 0.0404313 0.109123 0.176325 0.180758 0.144678 0.122692 0.100712 0.0625755 0.0300669 0.0131641 0.00547112 0.00214473 0.000909045 0.000459143 0.000239245 0.000106811 3.82501e-05 1.11113e-05
 1.54488e-11 1.67755e-09 1.07398e-07 4.05376e-06 9.02107e-05 0.00118361 0.00915689 0.0417923 0.112814 0.182432 0.187671 0.151733 0.129477 0.103244 0.0569039 0.0191744 0.00383735 0.000453423 3.15981e-05 1.29883e-06 3.1653e-08 5.21938e-10 3.241e-11 1.03667e-11 2.97771e-12
 1.53087e-11 1.66234e-09 1.06425e-07 4.017e-06 8.93927e-05 0.00117288 0.0090739 0.0414144 0.111805 0.180889 0.186502 0.151857 0.130791 0.104741 0.0577915 0.0194778 0.00389823 0.000460616 3.20978e-05 1.31878e-06 3.1946e-08 4.56253e-10 3.84197e-12 1.90774e-14 5.58963e-17
 1.55993e-11 1.6939e-09 1.08445e-07 4.09326e-06 9.10896e-05 0.00119514 0.00924607 0.0421985 0.113898 0.184089 0.188928 0.151601 0.128066 0.101635 0.0559501 0.0188484 0.0037719 0.000445681 3.10569e-05 1.27602e-06 3.091e-08 4.41455e-10 3.71733e-12 1.84578e-14 5.40641e-17
 1.57646e-11 1.71185e-09 1.09594e-07 4.13664e-06 9.2055e-05 0.0012078 0.009344 0.0426445 0.115089 0.18591 0.190307 0.151456 0.126516 0.0998676 0.0549027 0.0184903 0.00370004 0.000437184 3.04648e-05 1.25169e-06 3.03206e-08 4.33035e-10 3.64637e-12 1.81044e-14 5.30171e-17
 1.55281e-11 1.68617e-09 1.0795e-07 4.07458e-06 9.06739e-05 0.00118969 0.00920389 0.0420064 0.113385 0.183305 0.188333 0.151664 0.128733 0.102395 0.0564012 0.0190026 0.00380285 0.00044934 3.13119e-05 1.28649e-06 3.11637e-08 4.45074e-10 3.74768e-12 1.86064e-14 5.44761e-17
 1.5165e-11 1.64674e-09 1.05426e-07 3.97931e-06 8.85539e-05 0.00116187 0.0089888 0.0410268 0.11077 0.179307 0.185303 0.151983 0.132137 0.106276 0.0587017 0.019789 0.00396068 0.000467999 3.26123e-05 1.33992e-06 3.24579e-08 4.63555e-10 3.9032e-12 1.93767e-14 5.6713e-17
 1.52628e-11 1.65736e-09 1.06106e-07 4.00496e-06 8.91249e-05 0.00116936 0.00904673 0.0412906 0.111474 0.180384 0.186119 0.151897 0.131221 0.105231 0.0580821 0.0195772 0.00391818 0.000462974 3.22621e-05 1.32553e-06 3.21093e-08 4.58576e-10 3.86128e-12 1.91686e-14 5.61042e-17
 1.47471e-11 1.60136e-09 1.02521e-07 3.86965e-06 8.61137e-05 0.00112986 0.00874123 0.0398993 0.107759 0.174705 0.181816 0.15235 0.136055 0.110743 0.0613495 0.0206942 0.00414235 0.000489477 3.41091e-05 1.40142e-06 3.39477e-08 4.84831e-10 4.08234e-12 2.0266e-14 5.93149e-17
 1.27748e-11 1.38719e-09 8.88093e-08 3.35211e-06 7.45968e-05 0.000978762 0.00757278 0.0345778 0.0935503 0.152985 0.165355 0.154085 0.154547 0.131824 0.0738465 0.0249664 0.00499975 0.000590843 4.11735e-05 1.69168e-06 4.09788e-08 5.85248e-10 4.92788e-12 2.44637e-14 7.16038e-17
 1.29275e-11 1.40377e-09 8.98707e-08 3.39217e-06 7.54883e-05 0.000990458 0.00766323 0.0349897 0.0946501 0.154666 0.166629 0.153951 0.153116 0.130192 0.0728792 0.0246357 0.00493338 0.000582997 4.06267e-05 1.66921e-06 4.04345e-08 5.77475e-10 4.86244e-12 2.41388e-14 7.0653e-17
 1.42073e-11 1.54274e-09 9.87676e-08 3.72798e-06 8.29611e-05 0.0010885 0.00842139 0.0384426 0.10387 0.16876 0.17731 0.152825 0.141117 0.116513 0.0647704 0.0218636 0.00437705 0.000517224 3.60429e-05 1.48087e-06 3.58723e-08 5.12318e-10 4.31379e-12 2.1415e-14 6.26784e-17
 1.39567e-11 1.51553e-09 9.70259e-08 3.66225e-06 8.14983e-05 0.00106931 0.00827298 0.0377667 0.102065 0.166001 0.175219 0.153045 0.143466 0.119191 0.0663577 0.0224063 0.00448595 0.000530099 3.69402e-05 1.51774e-06 3.67654e-08 5.25073e-10 4.42119e-12 2.19481e-14 6.42386e-17
 1.44576e-11 1.56992e-09 1.00508e-07 3.79368e-06 8.4423e-05 0.00110768 0.00856971 0.0391181 0.105673 0.171517 0.179399 0.152605 0.13877 0.113838 0.0631841 0.0213213 0.00426821 0.000504357 3.51462e-05 1.44403e-06 3.49798e-08 4.99572e-10 4.20647e-12 2.08822e-14 6.11193e-17
 1.44795e-11 1.5723e-09 1.0066e-07 3.79941e-06 8.45506e-05 0.00110935 0.00858265 0.0391771 0.105831 0.171757 0.179582 0.152586 0.138565 0.113604 0.0630456 0.021274 0.00425872 0.000503234 3.50679e-05 1.44082e-06 3.49019e-08 4.98459e-10 4.1971e-12 2.08357e-14 6.09828e-17
 1.41189e-11 1.53314e-09 9.81532e-08 3.70479e-06 8.24451e-05 0.00108173 0.00836904 0.0382042 0.103233 0.167786 0.176572 0.152903 0.141946 0.117458 0.0653303 0.022055 0.00441546 0.000521766 3.63594e-05 1.49388e-06 3.61873e-08 5.16817e-10 4.35167e-12 2.1603e-14 6.32283e-17
 1.43587e-11 1.55918e-09 9.98204e-08 3.76772e-06 8.38455e-05 0.0011001 0.00851111 0.0388512 0.104961 0.170427 0.178574 0.152692 0.139697 0.114895 0.0638108 0.0215356 0.00431121 0.00050944 3.55004e-05 1.45859e-06 3.53324e-08 5.04607e-10 4.24886e-12 2.10926e-14 6.17343e-17
 1.48889e-11 1.61676e-09 1.03506e-07 3.90684e-06 8.69413e-05 0.00114072 0.0088252 0.0402817 0.10878 0.176266 0.182999 0.152226 0.134727 0.109228 0.0604515 0.0203872 0.00408073 0.000482192 3.36014e-05 1.38056e-06 3.34424e-08 4.77614e-10 4.02158e-12 1.99643e-14 5.8432e-17
 1.52861e-11 1.65988e-09 1.06267e-07 4.01106e-06 8.92605e-05 0.00117114 0.00906049 0.0413533 0.111641 0.18064 0.186313 0.151877 0.131003 0.104983 0.0579349 0.0195269 0.00390808 0.00046178 3.21789e-05 1.32211e-06 3.20265e-08 4.57393e-10 3.85132e-12 1.91191e-14 5.59582e-17
 1.47243e-11 1.59889e-09 1.02362e-07 3.86366e-06 8.59804e-05 0.00112811 0.00872771 0.0398377 0.107595 0.174454 0.181625 0.152371 0.136269 0.110987 0.0614941 0.0207436 0.00415227 0.000490649 3.41908e-05 1.40478e-06 3.4029e-08 4.85993e-10 4.09212e-12 2.03145e-14 5.94569e-17
 1.44056e-11 1.56428e-09 1.00147e-07 3.78003e-06 8.41194e-05 0.00110369 0.0085389 0.0389778 0.105299 0.170944 0.178965 0.152651 0.139257 0.114393 0.0635135 0.021434 0.00429082 0.000507029 3.53324e-05 1.45168e-06 3.51652e-08 5.02219e-10 4.22875e-12 2.09928e-14 6.14421e-17
 1.48252e-11 1.60984e-09 1.03063e-07 3.89013e-06 8.65695e-05 0.00113584 0.00878748 0.0401099 0.108321 0.175565 0.182467 0.152282 0.135324 0.109909 0.0608549 0.0205251 0.00410842 0.000485465 3.38295e-05 1.38993e-06 3.36694e-08 4.80857e-10 4.04888e-12 2.00998e-14 5.88286e-17
 1.50019e-11 1.62902e-09 1.04292e-07 3.93649e-06 8.76011e-05 0.00114937 0.00889213 0.0405865 0.109594 0.17751 0.183941 0.152126 0.133667 0.10802 0.0597356 0.0201425 0.00403162 0.000476386 3.31968e-05 1.36394e-06 3.30396e-08 4.71862e-10 3.97314e-12 1.97239e-14 5.77282e-17
 1.25183e-11 1.35933e-09 8.70259e-08 3.2848e-06 7.30988e-05 0.000959109 0.0074208 0.0338857 0.0917021 0.15016 0.163214 0.15431 0.156952 0.134566 0.075472 0.025522 0.00511127 0.000604028 4.20924e-05 1.72943e-06 4.18933e-08 5.98309e-10 5.03784e-12 2.50093e-14 7.31978e-17
#obs surv len freq
 8.91225e-12 9.67766e-10 6.19572e-08 2.33858e-06 5.2042e-05 0.000682825 0.005283 0.0241205 0.06523 0.106458 0.1142 0.105339 0.109934 0.112262 0.0999919 0.0834425 0.0659806 0.04785 0.0311 0.0172494 0.00762692 0.00251324 0.000582171 9.04787e-05 9.11096e-06
 9.66282e-13 1.04927e-10 6.71754e-09 2.5356e-07 5.64331e-06 7.40877e-05 0.000574925 0.00266419 0.00773636 0.0168586 0.0376483 0.0837153 0.141531 0.172269 0.168109 0.141724 0.10109 0.0623008 0.0353249 0.0180071 0.00748055 0.00230995 0.000496854 7.11638e-05 6.57504e-06
 1.48635e-11 1.614e-09 1.0333e-07 3.90018e-06 8.67926e-05 0.00113873 0.00880848 0.0401736 0.108051 0.171565 0.161848 0.0949994 0.0488616 0.052593 0.0789767 0.0882667 0.0692115 0.041318 0.0206648 0.009012 0.00329055 0.000921911 0.00018243 2.40781e-05 2.04515e-06
 1.34373e-11 1.45913e-09 9.34147e-08 3.52595e-06 7.84654e-05 0.00102952 0.00796539 0.0363661 0.0983027 0.159882 0.167922 0.14241 0.126076 0.101482 0.0614852 0.0344053 0.0253315 0.019214 0.0112001 0.00482042 0.00156815 0.000383006 6.7118e-05 7.98808e-06 6.18173e-07
 1.21751e-11 1.32208e-09 8.46405e-08 3.19476e-06 7.10954e-05 0.000932822 0.00721731 0.0329516 0.089077 0.144859 0.151962 0.129075 0.119606 0.113501 0.0933043 0.0629791 0.0328605 0.0135398 0.00524105 0.00201076 0.000637167 0.000145445 2.2821e-05 2.40243e-06 1.65436e-07
 1.28745e-11 1.39802e-09 8.95025e-08 3.37828e-06 7.51793e-05 0.000986407 0.00763186 0.0348428 0.094162 0.152857 0.158869 0.130596 0.115036 0.105742 0.0865094 0.0600706 0.0331093 0.0137098 0.00434262 0.00113675 0.000261702 5.03094e-05 7.14356e-06 6.84877e-07 4.24604e-08
 1.15056e-11 1.24937e-09 7.99858e-08 3.01908e-06 6.7186e-05 0.00088155 0.00682133 0.0311575 0.0843834 0.138249 0.14883 0.13374 0.128629 0.119607 0.0942289 0.062133 0.0328032 0.0132239 0.00406917 0.000966865 0.000177572 2.5239e-05 2.74355e-06 2.17612e-07 1.18047e-08
 1.23508e-11 1.34115e-09 8.58619e-08 3.24087e-06 7.21217e-05 0.000946305 0.00732211 0.0334381 0.0904644 0.147443 0.155229 0.131222 0.118843 0.111389 0.0922242 0.0625859 0.0322862 0.0121935 0.00344598 0.000750183 0.000124689 1.52997e-05 1.34606e-06 8.33201e-08 3.56337e-09
 1.19101e-11 1.2933e-09 8.27982e-08 3.12523e-06 6.95487e-05 0.000912565 0.00706171 0.0322614 0.0874197 0.143382 0.154287 0.136825 0.127827 0.116408 0.0906386 0.0583833 0.029481 0.0111377 0.00313143 0.000657143 0.00010158 1.12979e-05 8.81425e-07 4.70564e-08 1.68239e-09
 1.20024e-11 1.30332e-09 8.34396e-08 3.14945e-06 7.00877e-05 0.000919645 0.00711671 0.0325158 0.0881321 0.144619 0.155564 0.137283 0.127619 0.117217 0.0921017 0.0578743 0.0271058 0.00911713 0.00225136 0.000423141 6.02798e-05 6.2423e-06 4.49393e-07 2.17815e-08 6.9538e-10
 1.15003e-11 1.2488e-09 7.99493e-08 3.01771e-06 6.71565e-05 0.000881208 0.00682 0.0311734 0.0846326 0.139721 0.153225 0.140557 0.134316 0.12267 0.0938906 0.0567466 0.025268 0.00792855 0.00176953 0.000290709 3.57302e-05 3.23127e-06 2.07634e-07 9.13185e-09 2.66139e-10
 1.19806e-11 1.30095e-09 8.32879e-08 3.14373e-06 6.9961e-05 0.000918012 0.00710487 0.0324746 0.0881371 0.145208 0.157693 0.14075 0.130668 0.118771 0.0913489 0.05464 0.0235323 0.0069942 0.00144712 0.000215225 2.34141e-05 1.84341e-06 1.02415e-07 3.9096e-09 1.00031e-10
 1.13547e-11 1.23298e-09 7.89368e-08 2.9795e-06 6.63071e-05 0.000870104 0.00673522 0.0308046 0.0838034 0.139243 0.155171 0.145395 0.139082 0.124432 0.0919664 0.0527138 0.0219126 0.00632938 0.00127163 0.000181219 1.84471e-05 1.32435e-06 6.56806e-08 2.2058e-09 4.9263e-11
 8.60158e-12 9.34032e-10 5.97978e-08 2.25711e-06 5.02324e-05 0.000659254 0.00510572 0.0233984 0.0641406 0.109556 0.132728 0.145075 0.157857 0.149917 0.11319 0.0642248 0.0256568 0.00695924 0.0012924 0.00016929 1.59054e-05 1.05935e-06 4.8644e-08 1.4985e-09 3.03191e-11
 8.18465e-12 8.88757e-10 5.68993e-08 2.14771e-06 4.77978e-05 0.000627308 0.00485835 0.0222631 0.0609889 0.103815 0.124388 0.134645 0.151156 0.155128 0.126802 0.0751684 0.0302991 0.00813225 0.00147513 0.000185567 1.63911e-05 1.00853e-06 4.24243e-08 1.19577e-09 2.21624e-11
 1.0321e-11 1.12074e-09 7.17508e-08 2.70828e-06 6.0273e-05 0.000790997 0.00612482 0.0280415 0.0765264 0.128284 0.145982 0.141724 0.142216 0.135451 0.104835 0.0594817 0.0231812 0.00607104 0.00108099 0.000133418 1.14654e-05 6.76837e-07 2.68923e-08 7.05812e-10 1.20502e-11
 9.20013e-12 9.99028e-10 6.39591e-08 2.41421e-06 5.37309e-05 0.00070526 0.00546421 0.0250702 0.0689281 0.118398 0.143725 0.153506 0.159176 0.143474 0.10194 0.0537058 0.019855 0.00501437 0.000869004 0.000104688 8.76254e-06 5.01266e-07 1.91697e-08 4.80396e-10 7.76206e-12
 9.98042e-12 1.08376e-09 6.93836e-08 2.61896e-06 5.82872e-05 0.000765025 0.00592594 0.0271631 0.0743979 0.125996 0.146792 0.147053 0.149078 0.139201 0.103073 0.0549031 0.0198806 0.004818 0.000792826 9.04235e-05 7.182e-06 3.9134e-07 1.42856e-08 3.41595e-10 5.2542e-12
 9.52011e-12 1.03378e-09 6.61839e-08 2.49822e-06 5.56026e-05 0.000729906 0.00565689 0.0259751 0.0715447 0.12321 0.149282 0.156667 0.158179 0.139491 0.0968266 0.0494897 0.0177229 0.00434717 0.000729509 8.38585e-05 6.55367e-06 3.43303e-07 1.18719e-08 2.67224e-10 3.86347e-12
 1.05455e-11 1.14513e-09 7.33128e-08 2.76731e-06 6.1591e-05 0.000808478 0.00626453 0.02874 0.0788828 0.134128 0.156664 0.154686 0.150272 0.132288 0.0916716 0.0456853 0.015597 0.00360718 0.000572239 6.29971e-05 4.78153e-06 2.44736e-07 8.23695e-09 1.78605e-10 2.45864e-12
 9.90865e-12 1.07597e-09 6.88856e-08 2.60025e-06 5.7877e-05 0.000759899 0.00589234 0.0270938 0.0748854 0.129887 0.158647 0.165263 0.161007 0.134079 0.0862006 0.0400724 0.0128774 0.00281017 0.00041869 4.30055e-05 3.03893e-06 1.45432e-07 4.61262e-09 9.49485e-11 1.24607e-12
 1.01629e-11 1.10358e-09 7.06536e-08 2.667e-06 5.93634e-05 0.00077943 0.00604384 0.0277861 0.0767158 0.13244 0.159585 0.163151 0.158644 0.134034 0.0865595 0.0393514 0.0120349 0.00244549 0.000334003 3.11985e-05 2.00395e-06 8.74994e-08 2.5436e-09 4.81991e-11 5.8489e-13
 1.06092e-11 1.15204e-09 7.37567e-08 2.78417e-06 6.19738e-05 0.000813784 0.00631184 0.0290361 0.0802703 0.138811 0.166928 0.167694 0.157 0.126766 0.0786396 0.0347585 0.0104751 0.00211565 0.000286454 2.60899e-05 1.59362e-06 6.46489e-08 1.7202e-09 2.96471e-11 3.26987e-13
 1.05642e-11 1.14716e-09 7.34444e-08 2.77244e-06 6.17163e-05 0.000810534 0.00628941 0.0289665 0.0803102 0.139774 0.169835 0.171659 0.159022 0.1251 0.0749555 0.0318872 0.00925775 0.0018085 0.000238044 2.11461e-05 1.25812e-06 4.93596e-08 1.25521e-09 2.03888e-11 2.09165e-13
 9.8641e-12 1.07114e-09 6.85786e-08 2.58887e-06 5.76362e-05 0.000757192 0.00588078 0.0271519 0.0757836 0.1341 0.168405 0.177078 0.166855 0.129422 0.0746803 0.0300459 0.00812717 0.00146184 0.000176095 1.43518e-05 7.91147e-07 2.90999e-08 6.99908e-10 1.07951e-11 1.05099e-13
 9.25196e-12 1.00468e-09 6.43241e-08 2.42836e-06 5.40689e-05 0.000710539 0.0055228 0.0255513 0.0716834 0.128369 0.164939 0.17864 0.172204 0.13482 0.0773846 0.0305478 0.00801655 0.00138417 0.000158006 1.20202e-05 6.10269e-07 2.05202e-08 4.50935e-10 6.38168e-12 5.73656e-14
 1.0517e-11 1.14205e-09 7.31195e-08 2.76039e-06 6.14597e-05 0.000807557 0.00627373 0.0289736 0.0808007 0.142129 0.175024 0.177804 0.162408 0.122946 0.0686142 0.0262592 0.00665793 0.00110754 0.000121325 8.79931e-06 4.22059e-07 1.32709e-08 2.70094e-10 3.51298e-12 2.88777e-14
 8.96523e-12 9.73557e-10 6.23349e-08 2.35358e-06 5.24222e-05 0.000689523 0.00537181 0.0249951 0.0710651 0.130741 0.174363 0.191561 0.177244 0.127648 0.0662139 0.0235311 0.00556157 0.000864174 8.84269e-05 5.98915e-06 2.68373e-07 7.88682e-09 1.49921e-10 1.81718e-12 1.38717e-14
 8.75862e-12 9.51126e-10 6.08993e-08 2.29942e-06 5.12178e-05 0.000673707 0.00524833 0.0244081 0.0692575 0.126782 0.168257 0.186894 0.17932 0.1348 0.0718068 0.0255801 0.00593525 0.000891458 8.70944e-05 5.57135e-06 2.33643e-07 6.38474e-09 1.12468e-10 1.26168e-12 8.91314e-15
#pred catch len freq
 4.75488e-13 5.16324e-11 3.30559e-09 1.24778e-07 2.77764e-06 3.65034e-05 0.000284757 0.00135439 0.00440761 0.0131939 0.0420446 0.107646 0.180263 0.194944 0.153962 0.10842 0.0731718 0.0457708 0.027566 0.0168277 0.0107859 0.0075306 0.00563011 0.00395937 0.00219868
 1.88666e-13 2.0487e-11 1.31164e-09 4.95159e-08 1.10282e-06 1.45309e-05 0.000114841 0.000580586 0.00234204 0.010041 0.039677 0.107962 0.183003 0.197918 0.155743 0.110079 0.0762696 0.0495068 0.0297207 0.0166265 0.00901817 0.00511337 0.00318014 0.00201134 0.00107711
 4.6728e-13 5.07411e-11 3.24852e-09 1.22621e-07 2.72933e-06 3.58494e-05 0.000278896 0.00130898 0.004029 0.0105197 0.0296939 0.0736165 0.127061 0.154415 0.155814 0.14452 0.115748 0.0790144 0.0488299 0.0277276 0.0143285 0.00695512 0.00344051 0.00179308 0.000866187
 1.14234e-12 1.24045e-10 7.94153e-09 2.99761e-07 6.6717e-06 8.75984e-05 0.000680168 0.00316183 0.00932448 0.0214483 0.0519158 0.118753 0.190884 0.19554 0.136713 0.0838311 0.0604526 0.0486301 0.035612 0.0220493 0.0117223 0.00548341 0.00234129 0.000972918 0.000390111
 1.09209e-12 1.18588e-10 7.59217e-09 2.86577e-07 6.37851e-06 8.37663e-05 0.000651102 0.00304269 0.00918838 0.0227237 0.0602162 0.143228 0.2312 0.23228 0.15027 0.0726232 0.0332435 0.0168639 0.0101792 0.0067805 0.00410126 0.00205326 0.000854844 0.000309065 0.000100881
 6.86777e-12 7.45758e-10 4.77441e-08 1.80211e-06 4.01041e-05 0.00052623 0.00407293 0.0186307 0.0508638 0.0868693 0.110999 0.145339 0.188553 0.180267 0.1159 0.0559913 0.0245038 0.0101762 0.00398793 0.00169011 0.000853622 0.000444793 0.000198578 7.11129e-05 2.06577e-05
 8.4249e-12 9.14843e-10 5.85691e-08 2.2107e-06 4.91966e-05 0.000645528 0.00499581 0.0228415 0.0622132 0.105082 0.129051 0.15791 0.19533 0.178318 0.101408 0.0343885 0.00689074 0.000814412 5.67575e-05 2.33301e-06 5.6855e-08 9.36953e-10 5.7989e-11 1.8539e-11 5.32505e-12
 8.32779e-12 9.04299e-10 5.78941e-08 2.18522e-06 4.86296e-05 0.000638088 0.00493829 0.0225795 0.0615136 0.104013 0.128241 0.157995 0.196241 0.179356 0.102024 0.0345988 0.00693294 0.000819393 5.71016e-05 2.34612e-06 5.68323e-08 8.11678e-10 6.8349e-12 3.39388e-14 9.94395e-17
 8.68286e-12 9.42855e-10 6.03625e-08 2.27839e-06 5.07029e-05 0.000665289 0.00514863 0.0235375 0.0640715 0.107923 0.131204 0.157683 0.192912 0.175561 0.0997738 0.0338297 0.00677858 0.000801145 5.58299e-05 2.29387e-06 5.55664e-08 7.93597e-10 6.68259e-12 3.31813e-14 9.71897e-17
 8.95316e-12 9.72206e-10 6.22415e-08 2.34931e-06 5.22813e-05 0.000685996 0.00530876 0.0242668 0.0660188 0.1109 0.13346 0.157445 0.190378 0.172672 0.0980611 0.0332442 0.00666108 0.000787253 5.48617e-05 2.25409e-06 5.46027e-08 7.7983e-10 6.56655e-12 3.26032e-14 9.54753e-17
 9.4044e-12 1.02121e-09 6.53785e-08 2.46772e-06 5.49162e-05 0.000720565 0.00557609 0.0254843 0.0692696 0.115869 0.137226 0.157048 0.186147 0.167849 0.095202 0.0322668 0.00646492 0.000764062 5.32455e-05 2.18768e-06 5.2994e-08 7.56851e-10 6.37296e-12 3.16402e-14 9.26368e-17
 9.01094e-12 9.78481e-10 6.26433e-08 2.36448e-06 5.26187e-05 0.000690423 0.005343 0.0244227 0.0664351 0.111536 0.133942 0.157394 0.189836 0.172054 0.097695 0.0331191 0.00663596 0.000784283 5.46547e-05 2.24558e-06 5.43965e-08 7.76876e-10 6.54141e-12 3.24736e-14 9.50459e-17
 9.61648e-12 1.04423e-09 6.68529e-08 2.52337e-06 5.61545e-05 0.000736811 0.00570173 0.0260564 0.0707974 0.118204 0.138996 0.156862 0.184159 0.165582 0.0938582 0.0318075 0.00637273 0.000753163 5.24859e-05 2.15647e-06 5.22379e-08 7.46047e-10 6.28182e-12 3.1185e-14 9.12745e-17
 8.4608e-12 9.18742e-10 5.88188e-08 2.22012e-06 4.94063e-05 0.000648278 0.00501708 0.0229384 0.0624719 0.105478 0.129351 0.157878 0.194994 0.177934 0.101181 0.0343107 0.00687511 0.000812557 5.66252e-05 2.32654e-06 5.63577e-08 8.04885e-10 6.77724e-12 3.36442e-14 9.84708e-17
 6.78477e-12 7.36745e-10 4.71672e-08 1.78033e-06 3.96196e-05 0.000519882 0.00402417 0.0184164 0.0503976 0.0870207 0.115363 0.159352 0.210707 0.195848 0.1118 0.0379411 0.00760371 0.000898695 6.26283e-05 2.5732e-06 6.23325e-08 8.90217e-10 7.49577e-12 3.72116e-14 1.08916e-16
 7.16786e-12 7.78344e-10 4.98304e-08 1.88085e-06 4.18565e-05 0.00054923 0.00425112 0.01945 0.0531574 0.0912394 0.11856 0.159015 0.207116 0.191754 0.109373 0.0371113 0.00743717 0.000879006 6.12562e-05 2.51682e-06 6.09669e-08 8.70712e-10 7.33154e-12 3.63963e-14 1.0653e-16
 8.3141e-12 9.02812e-10 5.77989e-08 2.18162e-06 4.85497e-05 0.000637039 0.00493017 0.0225426 0.061415 0.103862 0.128126 0.158007 0.196369 0.179502 0.10211 0.0346285 0.00693889 0.000820097 5.71507e-05 2.34813e-06 5.68807e-08 8.12354e-10 6.84014e-12 3.39565e-14 9.93856e-17
 7.97075e-12 8.65528e-10 5.54119e-08 2.09153e-06 4.65448e-05 0.000610736 0.00472677 0.0216162 0.0589415 0.100081 0.125261 0.158309 0.199588 0.183172 0.104286 0.0353722 0.00708815 0.000837743 5.83805e-05 2.39866e-06 5.81047e-08 8.29835e-10 6.98732e-12 3.46872e-14 1.01524e-16
 8.51755e-12 9.24904e-10 5.92133e-08 2.23501e-06 4.97377e-05 0.000652625 0.0050507 0.0230915 0.0628807 0.106103 0.129824 0.157828 0.194462 0.177328 0.100821 0.0341878 0.00685045 0.000809641 5.64219e-05 2.31819e-06 5.61554e-08 8.01996e-10 6.75292e-12 3.35236e-14 9.81189e-17
 8.75819e-12 9.51035e-10 6.08862e-08 2.29815e-06 5.11428e-05 0.00067106 0.00519326 0.0237407 0.0646142 0.108753 0.131833 0.157617 0.192205 0.174756 0.0992964 0.0336665 0.00674584 0.000797273 5.556e-05 2.28278e-06 5.52975e-08 7.89744e-10 6.64976e-12 3.30114e-14 9.66193e-17
 9.32418e-12 1.01249e-09 6.48209e-08 2.44667e-06 5.44478e-05 0.000714419 0.00552857 0.0252678 0.0686917 0.114985 0.136556 0.157119 0.186899 0.168706 0.0957102 0.0324406 0.00649979 0.000768185 5.35328e-05 2.19949e-06 5.32799e-08 7.60928e-10 6.40712e-12 3.18068e-14 9.30932e-17
 9.19876e-12 9.98875e-10 6.39489e-08 2.41376e-06 5.37154e-05 0.000704811 0.00545426 0.0249294 0.0677881 0.113604 0.13551 0.157229 0.188075 0.170047 0.0965049 0.0327123 0.00655432 0.000774631 5.3982e-05 2.21794e-06 5.3727e-08 7.67313e-10 6.46088e-12 3.20737e-14 9.38741e-17
 9.22598e-12 1.00183e-09 6.41382e-08 2.4209e-06 5.38743e-05 0.000706896 0.00547039 0.0250029 0.0679842 0.113904 0.135737 0.157205 0.18782 0.169756 0.0963325 0.0326533 0.00654248 0.000773232 5.38845e-05 2.21394e-06 5.36299e-08 7.65928e-10 6.44921e-12 3.20158e-14 9.37045e-17
 1.00453e-11 1.0908e-09 6.98339e-08 2.63589e-06 5.86585e-05 0.000769661 0.00595576 0.0272134 0.0738866 0.122927 0.142575 0.156485 0.180138 0.160998 0.0911412 0.0308786 0.00618632 0.000731124 5.095e-05 2.09337e-06 5.07092e-08 7.24214e-10 6.09798e-12 3.02722e-14 8.86015e-17
 9.88524e-12 1.07342e-09 6.87213e-08 2.59389e-06 5.77239e-05 0.0007574 0.00586095 0.0267816 0.0727336 0.121164 0.141239 0.156626 0.181639 0.162709 0.0921553 0.0312253 0.00625589 0.00073935 5.15232e-05 2.11692e-06 5.12797e-08 7.32363e-10 6.1666e-12 3.06128e-14 8.95982e-17
 9.42668e-12 1.02363e-09 6.55335e-08 2.47357e-06 5.50463e-05 0.000722272 0.00558929 0.0255444 0.0694301 0.116114 0.137412 0.157029 0.185938 0.16761 0.0950608 0.0322186 0.00645523 0.000762917 5.31657e-05 2.1844e-06 5.29144e-08 7.55709e-10 6.36317e-12 3.15887e-14 9.24544e-17
 9.83884e-12 1.06838e-09 6.83987e-08 2.58172e-06 5.7453e-05 0.000753846 0.00583346 0.0266564 0.0723993 0.120653 0.140852 0.156666 0.182074 0.163205 0.0924493 0.0313258 0.00627606 0.000741734 5.16894e-05 2.12375e-06 5.14452e-08 7.34725e-10 6.18649e-12 3.07115e-14 8.98872e-17
 1.05192e-11 1.14226e-09 7.31287e-08 2.76025e-06 6.14259e-05 0.000805969 0.00623654 0.0284921 0.0773009 0.128146 0.14653 0.156068 0.175695 0.155933 0.0881382 0.0298521 0.00598029 0.000706766 4.92524e-05 2.02362e-06 4.90196e-08 7.00085e-10 5.89481e-12 2.92636e-14 8.56493e-17
 1.03451e-11 1.12335e-09 7.19181e-08 2.71455e-06 6.04091e-05 0.000792628 0.00613337 0.0280223 0.0760464 0.126228 0.145077 0.156221 0.177327 0.157794 0.0892416 0.0302293 0.00605599 0.000715716 4.98762e-05 2.04925e-06 4.96404e-08 7.08951e-10 5.96946e-12 2.96342e-14 8.67339e-17
#obs catch len freq
 7.44542e-12 8.08485e-10 5.17599e-08 1.95368e-06 4.34766e-05 0.000570441 0.00441347 0.0201502 0.0544893 0.0889017 0.0952958 0.0882088 0.0949357 0.105761 0.108715 0.103363 0.0875261 0.0652788 0.0429375 0.024024 0.0107662 0.00361508 0.000854362 0.000135178 1.38149e-05
 6.19926e-12 6.73167e-10 4.30967e-08 1.62669e-06 3.62001e-05 0.000474987 0.00367566 0.0167976 0.0456361 0.0761181 0.0890649 0.100119 0.1227 0.131469 0.117939 0.0981133 0.076999 0.0552466 0.0352905 0.0190421 0.00809688 0.00253764 0.000553903 8.05435e-05 7.54968e-06
 4.58809e-13 4.98214e-11 3.18965e-09 1.20401e-07 2.68017e-06 3.52179e-05 0.000274489 0.00129866 0.00411782 0.0114729 0.0339487 0.084661 0.146099 0.177686 0.17247 0.143861 0.101345 0.0617893 0.0345157 0.0171242 0.00683062 0.00200248 0.000405335 5.42765e-05 4.66599e-06
 7.46328e-12 8.10424e-10 5.1884e-08 1.95836e-06 4.35805e-05 0.000571786 0.00442313 0.0201766 0.0543151 0.0866352 0.0838154 0.0572122 0.0525829 0.090547 0.143311 0.157536 0.121163 0.0710822 0.0348879 0.0148174 0.00520237 0.00138377 0.000257485 3.17481e-05 2.50785e-06
 1.00243e-11 1.08853e-09 6.96883e-08 2.6304e-06 5.85367e-05 0.000768076 0.00594388 0.0271643 0.0737766 0.122572 0.139792 0.143958 0.152139 0.12985 0.0795242 0.0450396 0.0331028 0.0244719 0.0138121 0.00573979 0.0017915 0.000415723 6.85495e-05 7.62129e-06 5.48304e-07
 1.15266e-11 1.25166e-09 8.01321e-08 3.0246e-06 6.73087e-05 0.00088315 0.00683338 0.0312064 0.0844488 0.137942 0.147099 0.130026 0.125097 0.119682 0.0976189 0.0647662 0.0331097 0.0134467 0.00513612 0.00191098 0.000578073 0.000124922 1.84332e-05 1.81366e-06 1.16141e-07
 1.25445e-11 1.36218e-09 8.72082e-08 3.29168e-06 7.32524e-05 0.000961134 0.00743663 0.0339574 0.091834 0.149491 0.156872 0.131864 0.118469 0.109078 0.0885052 0.0604396 0.0325372 0.0131241 0.00404807 0.0010302 0.000228481 4.17114e-05 5.56501e-06 4.98269e-07 2.87313e-08
 1.11159e-11 1.20706e-09 7.72771e-08 2.91684e-06 6.49111e-05 0.000851715 0.00659091 0.0301133 0.0816451 0.134327 0.146617 0.135436 0.132752 0.123351 0.0962599 0.0623966 0.0321708 0.0126195 0.00376428 0.000862549 0.000151918 2.05638e-05 2.10943e-06 1.56514e-07 7.89546e-09
 1.21669e-11 1.32118e-09 8.4583e-08 3.1926e-06 7.10478e-05 0.000932225 0.00721352 0.0329484 0.0892034 0.145764 0.1547 0.132882 0.121627 0.113614 0.092941 0.0617846 0.0310396 0.0113886 0.00311737 0.000653448 0.000103831 1.20992e-05 1.00473e-06 5.83342e-08 2.32574e-09
 1.19226e-11 1.29465e-09 8.28849e-08 3.12851e-06 6.96218e-05 0.000913537 0.00706957 0.0323032 0.0875886 0.143948 0.155674 0.138861 0.129335 0.116605 0.0896062 0.0565819 0.0278256 0.0101967 0.00276893 0.000558003 8.23159e-05 8.68412e-06 6.38963e-07 3.2006e-08 1.06876e-09
 1.21162e-11 1.31568e-09 8.42308e-08 3.17931e-06 7.07526e-05 0.000928382 0.00718465 0.0328315 0.0890347 0.146319 0.157858 0.139426 0.128563 0.116581 0.0901361 0.0553276 0.0251692 0.00820306 0.00195731 0.000353383 4.79962e-05 4.70719e-06 3.19247e-07 1.45131e-08 4.32918e-10
 1.16544e-11 1.26553e-09 8.10206e-08 3.05815e-06 6.80568e-05 0.000893036 0.00691193 0.0315995 0.0858387 0.141924 0.156004 0.142865 0.135 0.121507 0.0913908 0.0538837 0.023265 0.00705812 0.00151901 0.000239498 2.80673e-05 2.40419e-06 1.45471e-07 5.99597e-09 1.63172e-10
 1.21588e-11 1.32031e-09 8.45272e-08 3.19051e-06 7.10025e-05 0.000931693 0.00721115 0.0329663 0.0895189 0.147676 0.160657 0.143038 0.13122 0.117429 0.0885915 0.0515869 0.021506 0.0061705 0.0012292 0.000175207 1.81568e-05 1.35354e-06 7.08212e-08 2.53414e-09 6.05329e-11
 1.15659e-11 1.25592e-09 8.04055e-08 3.03494e-06 6.75413e-05 0.000886319 0.00686122 0.0313876 0.0854409 0.14215 0.158579 0.147824 0.139318 0.122523 0.0887614 0.0495099 0.0199096 0.00554533 0.00107088 0.00014599 1.41359e-05 9.60168e-07 4.48395e-08 1.41192e-09 2.94539e-11
 8.80954e-12 9.56613e-10 6.12435e-08 2.31169e-06 5.14477e-05 0.000675229 0.00523007 0.0239768 0.0657891 0.112584 0.13652 0.148137 0.158683 0.148103 0.109407 0.0602761 0.0232553 0.00607583 0.00108387 0.000135751 1.2122e-05 7.62985e-07 3.29577e-08 9.51504e-10 1.79851e-11
 8.42648e-12 9.15018e-10 5.85806e-08 2.21118e-06 4.9211e-05 0.000645879 0.00500275 0.0229323 0.0628739 0.107183 0.128448 0.138009 0.152592 0.153704 0.122502 0.0702975 0.0273179 0.00705266 0.00122695 0.000147351 1.23573e-05 7.18144e-07 2.84051e-08 7.49925e-10 1.29769e-11
 1.05757e-11 1.1484e-09 7.35221e-08 2.77515e-06 6.17618e-05 0.000810563 0.00627693 0.0287458 0.0785017 0.131758 0.149983 0.144657 0.142901 0.133427 0.100636 0.0552582 0.0207519 0.00522324 0.000890823 0.000104797 8.53739e-06 4.7546e-07 1.77502e-08 4.3623e-10 6.95294e-12
 9.43339e-12 1.02436e-09 6.55809e-08 2.47544e-06 5.50947e-05 0.000723199 0.00560409 0.0257232 0.0707969 0.121822 0.147885 0.15657 0.159541 0.140934 0.0976611 0.0498255 0.0177482 0.00430455 0.0007137 8.18378e-05 6.4844e-06 3.49483e-07 1.25435e-08 2.94081e-10 4.43356e-12
 1.02205e-11 1.10983e-09 7.10531e-08 2.68199e-06 5.9691e-05 0.000783488 0.0060698 0.0278329 0.0762997 0.129421 0.150875 0.150174 0.149824 0.136905 0.0985542 0.0507049 0.0176643 0.00410753 0.000646209 7.00977e-05 5.26515e-06 2.69964e-07 9.23731e-09 2.06407e-10 2.9594e-12
 9.76005e-12 1.05983e-09 6.78523e-08 2.56121e-06 5.7006e-05 0.000748379 0.00580116 0.0266507 0.0734864 0.126774 0.153572 0.159742 0.158416 0.1367 0.0923508 0.0456284 0.0157162 0.00369325 0.000591162 6.44915e-05 4.75986e-06 2.34468e-07 7.59646e-09 1.59683e-10 2.15027e-12
 1.08118e-11 1.17404e-09 7.51639e-08 2.8372e-06 6.3148e-05 0.000828967 0.00642434 0.0294852 0.0810002 0.137913 0.161029 0.15767 0.150374 0.129238 0.0869199 0.0417916 0.0137106 0.00303714 0.000459446 4.79576e-05 3.43199e-06 1.64886e-07 5.19187e-09 1.05049e-10 1.34642e-12
 1.01708e-11 1.10444e-09 7.07085e-08 2.66909e-06 5.94112e-05 0.00078011 0.00605045 0.0278363 0.0770252 0.133796 0.163214 0.168192 0.16058 0.130498 0.0814452 0.0365267 0.0112723 0.00235378 0.000334103 3.25163e-05 2.16509e-06 9.71731e-08 2.87984e-09 5.5236e-11 6.74001e-13
 1.04205e-11 1.13155e-09 7.24444e-08 2.73464e-06 6.08709e-05 0.000799296 0.00619934 0.0285167 0.0788224 0.13629 0.164124 0.166224 0.15846 0.130431 0.081565 0.035705 0.0104749 0.00203558 0.000264806 2.34319e-05 1.41757e-06 5.80101e-08 1.57456e-09 2.77793e-11 3.13151e-13
 1.08633e-11 1.17964e-09 7.55238e-08 2.85092e-06 6.34621e-05 0.000833414 0.00646577 0.029762 0.0823738 0.142669 0.171422 0.170528 0.15644 0.123021 0.0738966 0.0314428 0.00908192 0.00175134 0.000225424 1.94217e-05 1.11679e-06 4.24689e-08 1.05545e-09 1.69373e-11 1.73495e-13
 1.08374e-11 1.17683e-09 7.53447e-08 2.84423e-06 6.33173e-05 0.000831661 0.00645521 0.029749 0.0825764 0.143903 0.174539 0.174408 0.158066 0.120946 0.0701022 0.02869 0.00797828 0.00148687 0.000185831 1.55926e-05 8.72015e-07 3.20332e-08 7.60427e-10 1.15022e-11 1.09648e-13
 1.01281e-11 1.09982e-09 7.04152e-08 2.65827e-06 5.91851e-05 0.000777664 0.00604201 0.0279184 0.0780332 0.138281 0.173282 0.179978 0.16578 0.124937 0.0696549 0.0269345 0.00697466 0.00119668 0.00013688 1.05341e-05 5.45325e-07 1.87538e-08 4.20412e-10 6.03008e-12 5.45027e-14
 9.51657e-12 1.03341e-09 6.61649e-08 2.49793e-06 5.56225e-05 0.000731095 0.00568505 0.0263257 0.0739707 0.132664 0.170043 0.181818 0.171207 0.130067 0.0720272 0.027295 0.00685032 0.00112716 0.000122083 8.76678e-06 4.17986e-07 1.31406e-08 2.69044e-10 3.53796e-12 2.94908e-14
 1.08009e-11 1.17288e-09 7.50944e-08 2.83503e-06 6.31263e-05 0.000829599 0.00644742 0.0297985 0.0832078 0.146537 0.180035 0.180619 0.161 0.118055 0.0634716 0.0232958 0.00564399 0.000893875 9.28143e-05 6.34853e-06 2.85792e-07 8.39992e-09 1.59297e-10 1.9257e-12 1.46821e-14
 9.21422e-12 1.00061e-09 6.40683e-08 2.41916e-06 5.389e-05 0.000709041 0.00552739 0.0257508 0.0733556 0.135151 0.179576 0.194388 0.175434 0.122465 0.0612344 0.020871 0.00471193 0.000696719 6.75395e-05 4.31145e-06 1.81179e-07 4.97279e-09 8.80166e-11 9.9111e-13 7.01623e-15
#spawning biomass
 6227.56 7344.69 6842.63 6691.19 10661.8 17482.7 23281.8 32463 45226.6 65551.4 94695.5 123498 155657 184239 197435 167325 149685 153978 159394 173975 183120 169849 173714 203354 231778 232524 233577 249184 226957 130769 328170 518868 712467 895313 1.06039e+06 1.20534e+06 1.33055e+06 1.43782e+06 1.52952e+06 1.60809e+06 1.67581e+06 1.73466e+06 1.78629e+06 1.8279e+06 1.85461e+06 1.88046e+06 1.90549e+06 1.92971e+06 1.95317e+06 1.97587e+06 1.99785e+06 2.01912e+06 2.03972e+06 2.05965e+06 2.07895e+06 2.09764e+06 2.11572e+06 2.13323e+06 2.15018e+06 2.16658e+06 2.18247e+06 2.19784e+06 2.21272e+06 2.22713e+06 2.24108e+06 2.25458e+06 2.26765e+06 2.2803e+06 2.29255e+06 2.30441e+06 2.31588e+06 2.327e+06 2.33775e+06 2.34816e+06 2.35824e+06 2.368e+06 2.37744e+06 2.38659e+06 2.39544e+06 2.40401e+06 2.4123e+06 2.42033e+06 2.4281e+06 2.43563e+06 2.44291e+06 2.44996e+06 2.45679e+06 2.4634e+06 2.46979e+06 2.47598e+06 2.48198e+06 2.48778e+06 2.4934e+06 2.49884e+06 2.5041e+06 2.5092e+06 2.51413e+06 2.5189e+06 2.52353e+06 2.528e+06 2.53233e+06 2.53653e+06 2.54058e+06 2.54451e+06 2.54832e+06 2.552e+06 2.55557e+06 2.55902e+06 2.56236e+06 2.56559e+06 2.56872e+06 2.57175e+06 2.57468e+06 2.57752e+06 2.58027e+06 2.58293e+06 2.58551e+06 2.588e+06 2.59042e+06 2.59276e+06 2.59502e+06 2.59721e+06 2.59933e+06 2.60138e+06 2.60337e+06 2.60529e+06 2.60715e+06 2.60895e+06 2.6107e+06 0 0 0 0 0 0 0 0 0 0 0 0 0 0 0 0 0 0 0 0 0 0 0 0 0
