SBPRF35
0.132981
Curr Bio
176071
B35
163339
F35
0.895015
FOFL
0.895015
OFL
94815.3
Bzero
37994.5
#pred survey bio
 7339.61 8454.07 10831.5 12205.8 21095 33451.2 34252.7 39537.3 53088.6 64540.9 80944.9 106634 132337 163110 168270 131350 127523 117405 111942 104149 111145 118106 134199 142858 152151 162788 169232 191199 5.54533e+06 4.15154e+06 2.12924e+06 1.08274e+06 656460 483753 408325 372112 353378 343244 337645 334524 332782 331809 331266 330961 330795 330704 330654 330627 330612 330603 330599 330596 330595 330594 330594 330594 330594 330594 330594 330593 330593 330593 330593 330593 330593 330593 330593 330593 330593 330593 330593 330593 330593 330593 330593 330593 330593 330593 330593 330593 330593 330593 330593 330593 330593 330593 330593 330593 330593 330593 330593 330593 330593 330593 330593 330593 330593 330593 330593 330593 330593 330593 330593 330593 330593 330593 330593 330593 330593 330593 330593 330593 330593 330593 330593 330593 330593 330593 330593 330593 330593 330593 330593 330593 330593 330593 330593 330593 0 0 0 0 0 0 0 0 0 0 0 0 0 0 0 0 0 0 0 0 0 0 0 0 0
#obs survey bio
 6294.13 8830.56 8865.92 10972 24102.9 27638.7 31756.7 35846.2 40712.7 58149.1 90569 96542.3 95551.8 131176 157289 104413 99811.6 98229.3 74946.4 87648.9 86575.8 103959 117167 138227 170645 199427 146880 147354
#pred catch bio
 3438.89 4260.98 6139.54 6390.13 8667.87 18180.2 20223.8 21629.6 31089.8 37454.8 44860.4 62728.4 79237.5 100703 119300 88716.4 89951.4 80820.8 80356.1 72940.7 79946.4 80903 94140.1 100411 107864 117435 116510 99580 94815.3 84888.3 37539.7 15745.5 8548.62 6442.36 5869.13 5720.65 5683.52 5674.48 5672.31 5671.8 5671.68 5671.66 5671.65 5671.65 5671.65 5671.65 5671.65 5671.65 5671.65 5671.65 5671.65 5671.65 5671.65 5671.65 5671.65 5671.65 5671.65 5671.65 5671.65 5671.65 5671.65 5671.65 5671.65 5671.65 5671.65 5671.65 5671.65 5671.65 5671.65 5671.65 5671.65 5671.65 5671.65 5671.65 5671.65 5671.65 5671.65 5671.65 5671.65 5671.65 5671.65 5671.65 5671.65 5671.65 5671.65 5671.65 5671.65 5671.65 5671.65 5671.65 5671.65 5671.65 5671.65 5671.65 5671.65 5671.65 5671.65 5671.65 5671.65 5671.65 5671.65 5671.65 5671.65 5671.65 5671.65 5671.65 5671.65 5671.65 5671.65 5671.65 5671.65 5671.65 5671.65 5671.65 5671.65 5671.65 5671.65 5671.65 5671.65 5671.65 5671.65 5671.65 5671.65 5671.65 5671.65 5671.65 5671.65 5671.65 0 0 0 0 0 0 0 0 0 0 0 0 0 0 0 0 0 0 0 0 0 0 0 0 0
#obs catch bio
 4737.57 4267.9 6147.08 6428.5 8509.11 17936.3 20106.9 21425.6 30866.5 37113.5 43683.5 60504.5 78913.5 100800 119730 89457.8 92012.4 81457.1 81228.6 73207.4 80853.3 80187.5 92346.9 97964.1 103534 115460 115168 98793.8
#pred cpue bio
 6094.54 6431.73 8205.86 9256.87 14832.4 25710.2 26946.1 29007 39353.6 47851.1 59745.3 79021.8 97488.3 119843 127834 98873.9 93726.2 86214.3 82595.6 75504.5 79603 83906.4 96353.2 102605 109154 116238 120730 136987 4.27148e+06 4.02088e+06 2.08662e+06 1.03438e+06 607225 434437 359001 322788 304053 293920 288320 285199 283457 282484 281941 281636 281470 281379 281329 281302 281287 281279 281274 281272 281270 281270 281269 281269 281269 281269 281269 281269 281269 281269 281269 281269 281269 281269 281269 281269 281269 281269 281269 281269 281269 281269 281269 281269 281269 281269 281269 281269 281269 281269 281269 281269 281269 281269 281269 281269 281269 281269 281269 281269 281269 281269 281269 281269 281269 281269 281269 281269 281269 281269 281269 281269 281269 281269 281269 281269 281269 281269 281269 281269 281269 281269 281269 281269 281269 281269 281269 281269 281269 281269 281269 281269 281269 281269 281269 281269 0 0 0 0 0 0 0 0 0 0 0 0 0 0 0 0 0 0 0 0 0 0 0 0 0
#obs cpue bio
 6011.19 6496.4 8982.71 9567.82 23555.4 27878.1 40408.1 31415.7 60956.3 61306.3 100018 159181 100754 142534 139454 101008 79874 97088.9 105844 86650.5 83986.1 122190 160158 162126 203095 106339 164636 200972
#pred surv len freq
 2.56875e-27 2.60339e-27 4.63477e-26 9.23747e-20 2.26446e-14 6.70999e-10 2.4034e-06 0.00104058 0.0544603 0.344531 0.263659 0.0365734 0.0931458 0.0860262 0.022778 0.0306289 0.0144596 0.0129013 0.00875647 0.00720998 0.00601763 0.00545066 0.00566563 0.00512052 0.00157268
 2.57081e-27 2.60867e-27 5.05933e-26 1.01329e-19 2.48397e-14 7.36044e-10 2.63639e-06 0.00114146 0.0597396 0.377929 0.289201 0.0390427 0.0939952 0.0864654 0.0168927 0.0168539 0.00655104 0.00414522 0.00231374 0.00161512 0.00117602 0.000947407 0.000893291 0.000818177 0.000276454
 2.57047e-27 2.60767e-27 4.96236e-26 9.92834e-20 2.43381e-14 7.21182e-10 2.58315e-06 0.00111841 0.0585334 0.370298 0.283391 0.040105 0.106162 0.0976234 0.0176687 0.015753 0.0052627 0.00209653 0.000851475 0.000427034 0.000245033 0.000165452 0.000135422 0.000119238 4.19853e-05
 2.57036e-27 2.60735e-27 4.93303e-26 9.86645e-20 2.41864e-14 7.16687e-10 2.56705e-06 0.00111144 0.0581685 0.36799 0.281631 0.0402613 0.108588 0.0998672 0.0181748 0.016331 0.00526261 0.00176328 0.000546828 0.000168512 6.1942e-05 3.04148e-05 1.99328e-05 1.58327e-05 5.58341e-06
 2.57287e-27 2.61419e-27 5.53899e-26 1.11448e-19 2.73201e-14 8.09544e-10 2.89965e-06 0.00125544 0.0657051 0.415668 0.318007 0.0383785 0.0687025 0.0630825 0.0120469 0.0116109 0.00376278 0.00128396 0.000373208 9.05944e-05 1.98665e-05 5.45997e-06 2.37167e-06 1.53776e-06 5.21512e-07
 2.56973e-27 2.60561e-27 4.77366e-26 9.53023e-20 2.33622e-14 6.92264e-10 2.47957e-06 0.00107356 0.0561863 0.35545 0.27207 0.041193 0.122395 0.1125 0.0184343 0.0137474 0.00455044 0.00173373 0.000513649 0.000123801 2.23953e-05 3.53603e-06 7.28177e-07 3.08711e-07 9.46406e-08
 2.56892e-27 2.60352e-27 4.59951e-26 9.16288e-20 2.24617e-14 6.6558e-10 2.384e-06 0.00103218 0.0540206 0.341749 0.261601 0.0407545 0.126414 0.116446 0.0234477 0.024175 0.00751079 0.00204398 0.000608833 0.000160525 2.93026e-05 3.90713e-06 4.03901e-07 7.1693e-08 1.70488e-08
 2.57162e-27 2.61082e-27 5.24447e-26 1.05235e-19 2.5797e-14 7.64412e-10 2.738e-06 0.00118545 0.0620421 0.392495 0.300322 0.03899 0.0857812 0.0788939 0.0157683 0.0161382 0.00544567 0.00218538 0.000601467 0.000121801 2.32162e-05 3.21246e-06 2.68088e-07 1.81324e-08 2.16747e-09
 2.57112e-27 2.60938e-27 5.10906e-26 1.02378e-19 2.50967e-14 7.4366e-10 2.66367e-06 0.00115327 0.0603578 0.38184 0.292203 0.040066 0.0996734 0.0915603 0.0152373 0.011727 0.003934 0.00158269 0.000503942 0.000134993 2.14097e-05 2.70394e-06 2.31882e-07 1.06936e-08 4.2802e-10
 2.57111e-27 2.60937e-27 5.10836e-26 1.02363e-19 2.50931e-14 7.43553e-10 2.66328e-06 0.0011531 0.0603491 0.381785 0.29216 0.0400031 0.0992252 0.0911758 0.015704 0.0128701 0.00399973 0.00111433 0.000340543 9.58752e-05 1.94832e-05 2.4818e-06 1.85541e-07 8.19775e-09 1.7415e-10
 2.57127e-27 2.6098e-27 5.14693e-26 1.03177e-19 2.52926e-14 7.49464e-10 2.68446e-06 0.00116227 0.0608288 0.38482 0.294475 0.0398694 0.0965807 0.0887385 0.0153266 0.0126263 0.00397846 0.0011893 0.000319628 6.65136e-05 1.34221e-05 2.04316e-06 1.67047e-07 6.58882e-09 1.20129e-10
 2.57114e-27 2.60945e-27 5.11591e-26 1.02523e-19 2.51322e-14 7.44711e-10 2.66743e-06 0.0011549 0.0604431 0.382379 0.292613 0.0399344 0.0983839 0.0904083 0.0157269 0.0131199 0.0041447 0.00125657 0.000346467 7.31745e-05 1.14821e-05 1.53284e-06 1.43563e-07 6.2323e-09 1.03997e-10
 2.57133e-27 2.60996e-27 5.1607e-26 1.03467e-19 2.53638e-14 7.51574e-10 2.69201e-06 0.00116554 0.061 0.385903 0.295302 0.0398607 0.0959341 0.0881336 0.0150689 0.0121912 0.00385375 0.00117571 0.000325816 7.00968e-05 1.12609e-05 1.28156e-06 1.00372e-07 4.77643e-09 8.65148e-11
 2.5714e-27 2.61014e-27 5.1756e-26 1.03782e-19 2.54408e-14 7.53857e-10 2.70019e-06 0.00116908 0.0611854 0.387075 0.296198 0.0398972 0.0955825 0.0877916 0.0146918 0.0114148 0.003579 0.00104861 0.000289736 6.27321e-05 1.02123e-05 1.18193e-06 8.20408e-08 3.30845e-09 6.32746e-11
 2.57017e-27 2.60679e-27 4.87754e-26 9.74937e-20 2.38994e-14 7.08182e-10 2.53659e-06 0.00109825 0.0574782 0.363623 0.278306 0.0409112 0.115869 0.106485 0.0175078 0.0131299 0.00407586 0.00113092 0.000306085 6.40781e-05 1.0431e-05 1.22162e-06 8.55023e-08 3.09674e-09 5.15581e-11
 2.57052e-27 2.60774e-27 4.96214e-26 9.92784e-20 2.43369e-14 7.21146e-10 2.58303e-06 0.00111835 0.0585305 0.37028 0.283385 0.0406289 0.110153 0.101219 0.0167422 0.0127062 0.00390028 0.00100746 0.000265192 5.26903e-05 8.28912e-06 9.55345e-07 6.75064e-08 2.44063e-09 3.68081e-11
 2.57138e-27 2.61009e-27 5.17022e-26 1.03668e-19 2.5413e-14 7.53032e-10 2.69724e-06 0.0011678 0.0611184 0.386652 0.295875 0.0399367 0.0961097 0.0882757 0.0147363 0.0113904 0.00351197 0.000930227 0.00024065 4.4777e-05 6.70802e-06 7.37309e-07 5.08573e-08 1.84616e-09 2.75368e-11
 2.57134e-27 2.60995e-27 5.15479e-26 1.03343e-19 2.53332e-14 7.50667e-10 2.68876e-06 0.00116413 0.0609265 0.385437 0.294954 0.0402882 0.0994315 0.0912692 0.0139637 0.00887346 0.002729 0.000728834 0.000190122 3.58796e-05 5.1427e-06 5.29899e-07 3.45989e-08 1.21994e-09 1.81597e-11
 2.57119e-27 2.60954e-27 5.11915e-26 1.02591e-19 2.51489e-14 7.45206e-10 2.6692e-06 0.00115566 0.0604833 0.382633 0.292813 0.0403362 0.101301 0.0930124 0.0145993 0.00987885 0.00295046 0.000636554 0.000160964 3.06544e-05 4.4506e-06 4.49101e-07 2.7394e-08 9.09471e-10 1.31097e-11
 2.57177e-27 2.61111e-27 5.25819e-26 1.05524e-19 2.58679e-14 7.66512e-10 2.74552e-06 0.0011887 0.0622125 0.393573 0.30116 0.0399328 0.0923668 0.0847637 0.0130623 0.00845139 0.00254097 0.000579309 0.000139645 2.2123e-05 3.12644e-06 3.18966e-07 1.92065e-08 5.98908e-10 8.11183e-12
 2.57214e-27 2.61212e-27 5.34696e-26 1.07397e-19 2.6327e-14 7.80115e-10 2.79424e-06 0.0012098 0.0633165 0.400558 0.30649 0.0396992 0.0868444 0.0796603 0.0120263 0.00737261 0.00220134 0.000480781 0.000116672 1.90778e-05 2.39581e-06 2.18064e-07 1.30993e-08 4.03627e-10 5.16841e-12
 2.57237e-27 2.61272e-27 5.39895e-26 1.08493e-19 2.65958e-14 7.88082e-10 2.82278e-06 0.00122215 0.0639632 0.404648 0.309612 0.0396285 0.0841126 0.0771198 0.0112196 0.00617123 0.00182289 0.000372428 8.83151e-05 1.39561e-05 1.7813e-06 1.53782e-07 8.08358e-09 2.41406e-10 3.04736e-12
 2.57205e-27 2.61185e-27 5.32187e-26 1.06867e-19 2.61972e-14 7.76269e-10 2.78047e-06 0.00120384 0.0630044 0.398583 0.304985 0.0398581 0.089111 0.0817339 0.0120684 0.00694383 0.00203038 0.000375298 8.58815e-05 1.27686e-05 1.5735e-06 1.34262e-07 6.82451e-09 1.81057e-10 2.16592e-12
 2.57204e-27 2.61184e-27 5.32105e-26 1.0685e-19 2.6193e-14 7.76144e-10 2.78002e-06 0.00120364 0.0629943 0.398519 0.304935 0.0398382 0.0889943 0.0816312 0.0121408 0.00713545 0.0020968 0.00040335 9.10708e-05 1.23385e-05 1.43424e-06 1.15847e-07 5.74113e-09 1.47002e-10 1.59056e-12
 2.57208e-27 2.61194e-27 5.32977e-26 1.07034e-19 2.6238e-14 7.7748e-10 2.7848e-06 0.00120571 0.0631027 0.399204 0.305458 0.0398111 0.088421 0.0811022 0.0120458 0.00705226 0.0020772 0.00040838 9.33999e-05 1.3032e-05 1.44551e-06 1.06951e-07 4.97099e-09 1.22674e-10 1.27493e-12
 2.57222e-27 2.61232e-27 5.3637e-26 1.0775e-19 2.64135e-14 7.82679e-10 2.80343e-06 0.00121378 0.0635247 0.401874 0.307496 0.0397149 0.0862575 0.0791043 0.0116667 0.00669056 0.00196823 0.000384511 8.82395e-05 1.25771e-05 1.42677e-06 1.04624e-07 4.47021e-09 1.02303e-10 1.01585e-12
 2.57223e-27 2.61236e-27 5.36652e-26 1.07809e-19 2.64281e-14 7.83111e-10 2.80497e-06 0.00121445 0.0635597 0.402096 0.307666 0.0397567 0.0864559 0.0792755 0.0114828 0.00622788 0.00182413 0.000346926 7.90628e-05 1.12155e-05 1.28641e-06 9.66398e-08 4.13885e-09 8.84901e-11 8.10608e-13
 2.57212e-27 2.61204e-27 5.3394e-26 1.07237e-19 2.62878e-14 7.78955e-10 2.79009e-06 0.001208 0.0632224 0.399962 0.306037 0.0397799 0.0877768 0.0805091 0.0119655 0.00701743 0.00204955 0.000372946 8.37324e-05 1.16033e-05 1.31992e-06 9.9502e-08 4.35277e-09 9.36111e-11 8.12614e-13
#obs surv len freq
 1.7681e-41 2.454e-33 4.11709e-26 8.34938e-20 2.04675e-14 6.0649e-10 2.17235e-06 0.000940553 0.0492248 0.31141 0.238524 0.0440382 0.151863 0.128641 0.0361599 0.0277179 0.00833668 0.00258725 0.000495062 5.64488e-05 2.81802e-06 4.51297e-08 1.72451e-10 1.25901e-13 1.5152e-17
 2.17942e-41 3.02489e-33 5.07488e-26 1.02918e-19 2.5229e-14 7.47583e-10 2.67772e-06 0.00115936 0.0606763 0.383856 0.293814 0.042 0.0967977 0.0774692 0.0220974 0.0159099 0.00461409 0.00134302 0.000236588 2.35761e-05 9.68934e-07 1.20612e-08 3.43871e-11 1.82856e-14 1.58167e-18
 1.7328e-41 2.40501e-33 4.0349e-26 8.18269e-20 2.00589e-14 5.94382e-10 2.12898e-06 0.000921774 0.048242 0.305194 0.23397 0.051172 0.180751 0.134951 0.0260837 0.0137137 0.00379467 0.00102494 0.000164805 1.43006e-05 4.83125e-07 4.66921e-09 9.91839e-12 3.83205e-15 2.37512e-19
 2.09352e-41 2.90567e-33 4.87487e-26 9.88613e-20 2.42347e-14 7.18118e-10 2.57218e-06 0.00111367 0.0582848 0.368727 0.282386 0.0458471 0.113333 0.0812314 0.0276302 0.0174557 0.00326205 0.000629276 8.99308e-05 6.72045e-06 1.85746e-07 1.39404e-09 2.2098e-12 6.21066e-16 2.75855e-20
 2.36693e-41 3.28514e-33 5.5115e-26 1.11772e-19 2.73996e-14 8.11901e-10 2.9081e-06 0.00125911 0.0658966 0.416881 0.319129 0.0443609 0.0797768 0.0525492 0.0118273 0.00618551 0.00174926 0.000348818 3.19545e-05 1.84315e-06 4.10341e-08 2.38362e-10 2.8245e-13 5.79295e-17 1.84907e-21
 1.31951e-41 1.83139e-33 3.07254e-26 6.23106e-20 1.52747e-14 4.52617e-10 1.6212e-06 0.000701924 0.0367359 0.232406 0.179052 0.0711751 0.27206 0.166329 0.0281392 0.0108754 0.00207623 0.000403284 4.29515e-05 1.74222e-06 2.67946e-08 1.16751e-10 1.03045e-13 1.54512e-17 3.55651e-22
 2.2105e-41 3.06803e-33 5.14725e-26 1.04385e-19 2.55888e-14 7.58244e-10 2.71591e-06 0.00117589 0.0615416 0.38933 0.298228 0.0467819 0.0892813 0.056766 0.0356998 0.018353 0.00250519 0.000307375 2.58487e-05 1.03368e-06 1.1929e-08 3.4517e-11 2.14325e-14 2.32098e-18 3.85083e-23
 1.98829e-41 2.75961e-33 4.62982e-26 9.38918e-20 2.30165e-14 6.8202e-10 2.44288e-06 0.00105768 0.055355 0.350194 0.26882 0.0609778 0.154945 0.0824882 0.0158118 0.00727724 0.00266966 0.000380497 1.95548e-05 5.42919e-07 5.2852e-09 1.16641e-11 4.87588e-15 3.55147e-19 4.09921e-24
 2.03165e-41 2.8198e-33 4.73079e-26 9.59396e-20 2.35184e-14 6.96895e-10 2.49616e-06 0.00108075 0.0565623 0.357833 0.27474 0.0613477 0.142574 0.0732714 0.0226499 0.00840691 0.00127065 0.000241942 1.8931e-05 3.79226e-07 2.35273e-09 3.87338e-12 1.22483e-15 6.28115e-20 4.88081e-25
 1.97366e-41 2.73932e-33 4.59577e-26 9.32013e-20 2.28472e-14 6.77004e-10 2.42492e-06 0.00104991 0.0549479 0.347621 0.267244 0.0672115 0.155359 0.0743497 0.0223791 0.00816443 0.00149383 0.000166276 1.09711e-05 2.77123e-07 1.45233e-09 1.54412e-12 3.29976e-16 1.22406e-20 6.8909e-26
 2.09587e-41 2.90893e-33 4.88033e-26 9.89721e-20 2.42618e-14 7.18923e-10 2.57506e-06 0.00111491 0.0583502 0.369145 0.283724 0.0658736 0.133382 0.0604181 0.0200065 0.00668407 0.00116201 0.000129875 6.26539e-06 1.17673e-07 6.16808e-10 5.88995e-13 9.00516e-17 2.19518e-21 8.33703e-27
 2.04027e-41 2.83176e-33 4.75086e-26 9.63466e-20 2.36182e-14 6.99851e-10 2.50675e-06 0.00108534 0.0568023 0.359356 0.276688 0.0733241 0.147359 0.0612373 0.0177109 0.00540137 0.000935057 9.47612e-05 4.12034e-06 5.84062e-08 2.1809e-10 1.7377e-13 2.31875e-17 4.50946e-22 1.2242e-27
 1.99515e-41 2.76914e-33 4.6458e-26 9.42159e-20 2.30959e-14 6.84374e-10 2.45132e-06 0.00106134 0.0555461 0.351412 0.27108 0.0795801 0.154238 0.0612571 0.0196783 0.00529468 0.000776157 7.10495e-05 2.72286e-06 3.20811e-08 9.00621e-11 5.0347e-14 4.95164e-18 7.62663e-23 1.67135e-28
 1.87306e-41 2.59968e-33 4.36151e-26 8.84505e-20 2.16826e-14 6.42495e-10 2.30131e-06 0.000996389 0.052147 0.329915 0.255479 0.0911727 0.174853 0.0663093 0.0224907 0.00575322 0.000818422 6.17709e-05 1.95362e-06 1.90228e-08 4.22448e-11 1.76613e-14 1.23194e-18 1.32743e-23 2.09077e-29
 1.69596e-41 2.35387e-33 3.94911e-26 8.00872e-20 1.96324e-14 5.81745e-10 2.08372e-06 0.000902177 0.0472164 0.298731 0.232832 0.106275 0.200674 0.0756787 0.0294505 0.00717179 0.000996624 6.83705e-05 1.7622e-06 1.32805e-08 2.29055e-11 7.32578e-15 3.80446e-19 2.96343e-24 3.2925e-30
 1.90613e-41 2.64558e-33 4.43851e-26 9.00122e-20 2.20654e-14 6.53839e-10 2.34194e-06 0.00101398 0.0530678 0.335749 0.260825 0.095733 0.155484 0.0615436 0.0284626 0.00704637 0.00100678 6.37593e-05 1.41825e-06 8.43264e-09 1.08649e-11 2.577e-15 9.93678e-20 5.70949e-25 4.62496e-31
 1.86045e-41 2.58218e-33 4.33214e-26 8.78549e-20 2.15366e-14 6.38169e-10 2.28582e-06 0.00098968 0.0517959 0.327716 0.255986 0.109585 0.169285 0.0572844 0.0209994 0.00546774 0.000836234 5.1562e-05 1.01721e-06 4.96169e-09 4.92482e-12 8.6067e-16 2.40162e-20 9.97461e-26 5.85509e-32
 1.83955e-41 2.55317e-33 4.28348e-26 8.68681e-20 2.12947e-14 6.31e-10 2.26014e-06 0.000978563 0.0512141 0.324048 0.254236 0.116795 0.168003 0.0578767 0.0217165 0.00448446 0.000606686 3.74217e-05 6.80961e-07 2.81309e-09 2.21802e-12 2.94711e-16 6.05817e-21 1.81584e-26 7.61623e-33
 1.8649e-41 2.58835e-33 4.3425e-26 8.8065e-20 2.15881e-14 6.39695e-10 2.29128e-06 0.000992046 0.0519198 0.328527 0.258631 0.121226 0.159928 0.0542342 0.0200331 0.00402378 0.000459863 2.31242e-05 3.75938e-07 1.35007e-09 8.7062e-13 9.03225e-17 1.4039e-21 3.11131e-27 9.49205e-34
 1.94063e-41 2.69346e-33 4.51884e-26 9.16412e-20 2.24648e-14 6.65672e-10 2.38433e-06 0.00103233 0.0540282 0.34188 0.269544 0.121407 0.144593 0.0474636 0.0165497 0.00315365 0.000332092 1.37707e-05 1.7419e-07 5.07833e-10 2.68281e-13 2.21974e-17 2.66948e-22 4.47003e-28 1.01257e-34
 1.94525e-41 2.69988e-33 4.5296e-26 9.18595e-20 2.25183e-14 6.67257e-10 2.39001e-06 0.00103479 0.054157 0.342721 0.271768 0.129421 0.142 0.0430266 0.0133285 0.00231537 0.000218479 7.79863e-06 7.79447e-08 1.70605e-10 6.83571e-14 4.37355e-18 4.07392e-23 5.22674e-29 8.94408e-36
 1.97649e-41 2.74324e-33 4.60235e-26 9.33347e-20 2.28799e-14 6.77974e-10 2.42839e-06 0.00105141 0.0550268 0.348251 0.277249 0.13212 0.132617 0.0401287 0.0116615 0.00174771 0.000140176 4.19829e-06 3.38435e-08 5.66891e-11 1.67202e-14 7.80365e-19 5.35216e-24 5.11278e-30 6.54946e-37
 1.91777e-41 2.66173e-33 4.46561e-26 9.05616e-20 2.22001e-14 6.5783e-10 2.35624e-06 0.00102017 0.053392 0.337962 0.272232 0.146417 0.137529 0.039418 0.0104865 0.0014413 9.65471e-05 2.30216e-06 1.45833e-08 1.88045e-11 4.15724e-15 1.4194e-19 7.01523e-25 4.80862e-31 4.43433e-38
 1.96293e-41 2.72442e-33 4.57079e-26 9.26946e-20 2.2723e-14 6.73324e-10 2.41174e-06 0.0010442 0.0546496 0.345959 0.279616 0.145456 0.125167 0.0373925 0.0094902 0.00115661 6.61339e-05 1.25772e-06 6.04075e-09 5.83484e-12 9.60602e-16 2.41945e-20 8.72235e-26 4.31516e-32 2.849e-39
 1.9349e-41 2.68552e-33 4.50552e-26 9.13709e-20 2.23985e-14 6.63709e-10 2.3773e-06 0.00102929 0.0538694 0.341101 0.279022 0.156095 0.124467 0.0351147 0.0082925 0.000959011 4.68532e-05 7.13943e-07 2.61772e-09 1.86302e-12 2.23085e-16 4.08019e-21 1.06762e-26 3.82496e-33 1.82215e-40
 1.87659e-41 2.60458e-33 4.36972e-26 8.8617e-20 2.17234e-14 6.43705e-10 2.30565e-06 0.000998265 0.0522462 0.330941 0.275285 0.169155 0.126836 0.0359186 0.00778143 0.000801394 3.42724e-05 4.2706e-07 1.20206e-09 6.35025e-13 5.52414e-17 7.25107e-22 1.35596e-27 3.47228e-34 1.18375e-41
 1.79417e-41 2.49019e-33 4.17781e-26 8.4725e-20 2.07693e-14 6.15434e-10 2.20438e-06 0.000954422 0.0499521 0.316581 0.269412 0.184531 0.131475 0.0384245 0.00790487 0.000735938 2.65174e-05 2.69612e-07 5.94464e-10 2.35937e-13 1.50243e-17 1.42318e-22 1.90366e-28 3.46775e-35 8.38672e-43
 1.83413e-41 2.54565e-33 4.27086e-26 8.66122e-20 2.1232e-14 6.29142e-10 2.25348e-06 0.000975681 0.0510652 0.323736 0.277063 0.18138 0.120995 0.0368245 0.00730482 0.000632897 1.94808e-05 1.58787e-07 2.71434e-10 8.17564e-14 3.86734e-18 2.67244e-23 2.57612e-29 3.35682e-36 5.78035e-44
#pred catch len freq
 2.56663e-27 2.59774e-27 4.14779e-26 8.21019e-20 2.01263e-14 5.96378e-10 2.13613e-06 0.000924861 0.0484039 0.306216 0.234407 0.0368565 0.115852 0.10709 0.0284305 0.0382994 0.0180416 0.016049 0.0108822 0.00895555 0.00747322 0.0067688 0.0070357 0.00635877 0.00195298
 2.5692e-27 2.60432e-27 4.67671e-26 9.32578e-20 2.2861e-14 6.77413e-10 2.42638e-06 0.00105053 0.0549809 0.347824 0.266227 0.0399444 0.116997 0.107714 0.0210426 0.0209914 0.00814563 0.0051348 0.00286316 0.00199742 0.00145411 0.00117138 0.00110446 0.00101159 0.000341806
 2.56905e-27 2.60381e-27 4.62087e-26 9.20793e-20 2.25721e-14 6.68853e-10 2.39572e-06 0.00103725 0.0542862 0.343429 0.26289 0.0410898 0.12806 0.117832 0.0212818 0.0189119 0.00631059 0.00250271 0.00101534 0.00050882 0.000291897 0.000197084 0.000161311 0.000142033 5.00118e-05
 2.56876e-27 2.60301e-27 4.54923e-26 9.0568e-20 2.22016e-14 6.57875e-10 2.3564e-06 0.00102023 0.0533951 0.337792 0.25859 0.0413746 0.133248 0.122629 0.0223019 0.0200178 0.00644475 0.00214998 0.000666127 0.000205087 7.53655e-05 3.7003e-05 2.42502e-05 1.92619e-05 6.79275e-06
 2.57142e-27 2.61026e-27 5.19261e-26 1.04141e-19 2.55288e-14 7.56465e-10 2.70953e-06 0.00117312 0.061397 0.388414 0.297211 0.039328 0.0905384 0.0832502 0.0159368 0.0154105 0.00499017 0.00169612 0.000492614 0.000119471 2.61916e-05 7.19747e-06 3.12633e-06 2.02706e-06 6.87453e-07
 2.56813e-27 2.60123e-27 4.38541e-26 8.71119e-20 2.13544e-14 6.3277e-10 2.26648e-06 0.000981298 0.0513576 0.324902 0.248764 0.0424201 0.148108 0.136209 0.0222972 0.0165936 0.00548651 0.00208131 0.000616118 0.000148362 2.68311e-05 4.23586e-06 8.72264e-07 3.69794e-07 1.13367e-07
 2.56739e-27 2.59938e-27 4.23461e-26 8.3931e-20 2.05747e-14 6.09664e-10 2.18372e-06 0.000945465 0.0494822 0.313038 0.239694 0.0417432 0.149329 0.137616 0.0276296 0.0283849 0.00881162 0.00238678 0.000710162 0.000187073 3.41398e-05 4.55157e-06 4.70503e-07 8.35141e-08 1.98599e-08
 2.57031e-27 2.60728e-27 4.93169e-26 9.86365e-20 2.41795e-14 7.16483e-10 2.56632e-06 0.00111112 0.058152 0.367885 0.281544 0.0398193 0.105286 0.096913 0.0193312 0.0197355 0.00665166 0.0026577 0.000730931 0.000147873 2.8177e-05 3.89846e-06 3.25325e-07 2.20035e-08 2.6302e-09
 2.56986e-27 2.60597e-27 4.80648e-26 9.59947e-20 2.35319e-14 6.97294e-10 2.49759e-06 0.00108136 0.0565945 0.358032 0.274039 0.0410151 0.119658 0.109988 0.0182588 0.0139834 0.00468501 0.00187627 0.000596888 0.000159751 2.53301e-05 3.19863e-06 2.74296e-07 1.26495e-08 5.06303e-10
 2.56984e-27 2.6059e-27 4.80113e-26 9.58819e-20 2.35043e-14 6.96474e-10 2.49465e-06 0.00108009 0.056528 0.357612 0.273717 0.0409528 0.11941 0.109794 0.018864 0.0153909 0.00477905 0.00132519 0.000404536 0.000113789 2.31178e-05 2.94446e-06 2.20122e-07 9.72555e-09 2.06605e-10
 2.56993e-27 2.60616e-27 4.82383e-26 9.63608e-20 2.36217e-14 6.99953e-10 2.50711e-06 0.00108548 0.0568104 0.359398 0.275079 0.0408606 0.117751 0.108268 0.018667 0.0153301 0.00482612 0.00143613 0.000385618 8.01668e-05 1.61723e-05 2.46153e-06 2.01247e-07 7.93768e-09 1.44722e-10
 2.56989e-27 2.60607e-27 4.81663e-26 9.6209e-20 2.35845e-14 6.9885e-10 2.50316e-06 0.00108377 0.0567208 0.358831 0.274647 0.0408521 0.11799 0.108495 0.0188209 0.0156251 0.00493138 0.00148804 0.000409904 8.64894e-05 1.35676e-05 1.81099e-06 1.69609e-07 7.36291e-09 1.22863e-10
 2.57015e-27 2.60676e-27 4.87723e-26 9.74872e-20 2.38978e-14 7.08135e-10 2.53642e-06 0.00109817 0.0574744 0.363599 0.278285 0.0407433 0.114606 0.105355 0.0179588 0.0144483 0.00456274 0.00138539 0.000383559 8.24403e-05 1.32401e-05 1.50662e-06 1.17993e-07 5.61493e-09 1.01702e-10
 2.5703e-27 2.60715e-27 4.91026e-26 9.81841e-20 2.40687e-14 7.13197e-10 2.55455e-06 0.00110602 0.0578853 0.366198 0.28027 0.0407406 0.113191 0.104029 0.017349 0.0133884 0.00419368 0.00122274 0.000337513 7.30057e-05 1.18814e-05 1.37493e-06 9.54336e-08 3.8485e-09 7.36029e-11
 2.56928e-27 2.60437e-27 4.66245e-26 9.29562e-20 2.27871e-14 6.75222e-10 2.41853e-06 0.00104713 0.0548031 0.3467 0.265395 0.0416203 0.130336 0.119819 0.0195898 0.0145216 0.00450295 0.00124285 0.000336016 7.02735e-05 1.14362e-05 1.33917e-06 9.37257e-08 3.39455e-09 5.65161e-11
 2.56953e-27 2.60504e-27 4.72229e-26 9.42186e-20 2.30965e-14 6.84392e-10 2.45138e-06 0.00106135 0.0555474 0.351408 0.268987 0.0414097 0.12621 0.116022 0.0190984 0.0143536 0.00440172 0.00113117 0.000297428 5.90359e-05 9.2846e-06 1.06993e-06 7.56006e-08 2.73324e-09 4.12209e-11
 2.5706e-27 2.60796e-27 4.98156e-26 9.96883e-20 2.44374e-14 7.24123e-10 2.59369e-06 0.00112297 0.0587721 0.371808 0.284551 0.0405525 0.108752 0.0999304 0.0165838 0.0126702 0.00390249 0.00102821 0.000265711 4.93894e-05 7.39669e-06 8.12892e-07 5.60686e-08 2.03531e-09 3.0358e-11
 2.5705e-27 2.60764e-27 4.94886e-26 9.89981e-20 2.42682e-14 7.1911e-10 2.57573e-06 0.00111519 0.0583652 0.369234 0.282592 0.0409945 0.113492 0.104223 0.0158749 0.00997144 0.00306335 0.000813873 0.000212078 3.99828e-05 5.72909e-06 5.90236e-07 3.85369e-08 1.35877e-09 2.02264e-11
 2.57044e-27 2.60749e-27 4.93632e-26 9.87336e-20 2.42034e-14 7.17189e-10 2.56885e-06 0.00111221 0.0582093 0.368248 0.281839 0.0409605 0.113763 0.104494 0.0163127 0.0108957 0.00325113 0.000697694 0.000176196 3.35208e-05 4.8653e-06 4.90879e-07 2.99411e-08 9.9402e-10 1.43284e-11
 2.57101e-27 2.60905e-27 5.07474e-26 1.01654e-19 2.49192e-14 7.38401e-10 2.64483e-06 0.00114511 0.0599309 0.379139 0.290149 0.0405626 0.104896 0.0963068 0.0147691 0.00943797 0.00283483 0.000642909 0.000154797 2.44977e-05 3.46083e-06 3.53032e-07 2.12569e-08 6.62837e-10 8.97768e-12
 2.57149e-27 2.61035e-27 5.18934e-26 1.04071e-19 2.55118e-14 7.55961e-10 2.70772e-06 0.00117234 0.0613561 0.388155 0.297028 0.0402496 0.0976807 0.0896418 0.013465 0.00814055 0.00242821 0.000527496 0.00012785 2.08839e-05 2.62177e-06 2.38593e-07 1.43318e-08 4.416e-10 5.65463e-12
 2.57163e-27 2.61071e-27 5.21996e-26 1.04717e-19 2.56702e-14 7.60653e-10 2.72453e-06 0.00117962 0.061737 0.390565 0.298868 0.0402623 0.0964844 0.0885137 0.0128271 0.0069686 0.00205651 0.000417984 9.89924e-05 1.56272e-05 1.99393e-06 1.72113e-07 9.0467e-09 2.70165e-10 3.41038e-12
 2.57133e-27 2.60988e-27 5.14667e-26 1.03171e-19 2.52911e-14 7.49422e-10 2.6843e-06 0.0011622 0.0608254 0.384798 0.294468 0.0404758 0.1012 0.0928686 0.0136526 0.00775325 0.00226509 0.000416508 9.51806e-05 1.41364e-05 1.74145e-06 1.4857e-07 7.55141e-09 2.00339e-10 2.39658e-12
 2.57133e-27 2.60988e-27 5.14692e-26 1.03176e-19 2.52924e-14 7.4946e-10 2.68444e-06 0.00116226 0.0608285 0.384818 0.294483 0.0404497 0.100991 0.0926815 0.0137225 0.00796024 0.00233709 0.000447228 0.000100846 1.36487e-05 1.58595e-06 1.2808e-07 6.34707e-09 1.62515e-10 1.7584e-12
 2.57139e-27 2.61005e-27 5.16163e-26 1.03487e-19 2.53685e-14 7.51715e-10 2.69252e-06 0.00116576 0.0610115 0.385975 0.295366 0.0404027 0.100013 0.0917793 0.013569 0.00783769 0.00230642 0.000451063 0.000103028 1.43605e-05 1.59231e-06 1.17793e-07 5.4746e-09 1.351e-10 1.40407e-12
 2.57159e-27 2.61059e-27 5.20953e-26 1.04497e-19 2.56162e-14 7.59054e-10 2.7188e-06 0.00117714 0.0616072 0.389744 0.298241 0.040261 0.0969152 0.0889197 0.0130518 0.00737815 0.00216845 0.000421375 9.65715e-05 1.37503e-05 1.55932e-06 1.14325e-07 4.88444e-09 1.11781e-10 1.10996e-12
 2.57149e-27 2.61033e-27 5.18612e-26 1.04003e-19 2.54951e-14 7.55467e-10 2.70596e-06 0.00117158 0.061316 0.387902 0.296837 0.0403978 0.0989424 0.0907748 0.0130974 0.00701468 0.00205276 0.000388396 8.83969e-05 1.25266e-05 1.43629e-06 1.07882e-07 4.62009e-09 9.87774e-11 9.0484e-13
 2.57082e-27 2.60851e-27 5.02522e-26 1.00609e-19 2.46631e-14 7.30811e-10 2.61764e-06 0.00113334 0.0593149 0.375242 0.287178 0.0408597 0.109244 0.100287 0.0148947 0.00871752 0.0025448 0.000461045 0.000103389 1.43131e-05 1.62761e-06 1.22678e-07 5.36635e-09 1.15407e-10 1.00182e-12
#obs catch len freq
 1.74982e-41 2.42863e-33 4.07453e-26 8.26307e-20 2.0256e-14 6.00221e-10 2.14989e-06 0.00093083 0.0487159 0.308191 0.236068 0.0441372 0.154109 0.130571 0.036908 0.0284044 0.00863481 0.00272365 0.000536393 6.36955e-05 3.34357e-06 5.63556e-08 2.25012e-10 1.70251e-13 2.11256e-17
 1.77191e-41 2.4593e-33 4.12598e-26 8.36741e-20 2.05117e-14 6.078e-10 2.17704e-06 0.000942583 0.0493311 0.312083 0.239097 0.0459715 0.155449 0.124653 0.0359722 0.0260871 0.00768298 0.00227448 0.00040972 4.21857e-05 1.81088e-06 2.3633e-08 7.04244e-11 3.88771e-14 3.4673e-18
 2.18841e-41 3.03736e-33 5.09581e-26 1.03342e-19 2.53331e-14 7.50665e-10 2.68876e-06 0.00116414 0.0609265 0.385438 0.295065 0.0432704 0.0980507 0.0740939 0.021725 0.0147193 0.00418138 0.00115479 0.000190317 1.69669e-05 5.93484e-07 5.97071e-09 1.3203e-11 5.29126e-15 3.38491e-19
 1.74958e-41 2.42831e-33 4.07399e-26 8.26197e-20 2.02533e-14 6.00141e-10 2.14961e-06 0.000930706 0.0487094 0.308151 0.236319 0.0536656 0.182374 0.127918 0.0249717 0.0125501 0.00340168 0.0008673 0.000129637 9.97219e-06 2.83835e-07 2.19918e-09 3.60428e-12 1.04627e-15 4.78743e-20
 2.11212e-41 2.93149e-33 4.91818e-26 9.97397e-20 2.445e-14 7.24499e-10 2.59504e-06 0.00112356 0.0588027 0.372003 0.284953 0.0474759 0.113317 0.0764813 0.0268565 0.0155927 0.00279795 0.000519615 6.87202e-05 4.51271e-06 1.04081e-07 6.21399e-10 7.56114e-13 1.59188e-16 5.21109e-21
 2.38333e-41 3.3079e-33 5.54969e-26 1.12547e-19 2.75895e-14 8.17526e-10 2.92825e-06 0.00126783 0.0663531 0.419769 0.321384 0.0454614 0.0787557 0.0485608 0.0111413 0.00549349 0.00151133 0.000273811 2.32581e-05 1.18454e-06 2.18324e-08 1.00173e-10 9.06734e-14 1.38895e-17 3.26205e-22
 1.3538e-41 1.87898e-33 3.15238e-26 6.39297e-20 1.56716e-14 4.64378e-10 1.66333e-06 0.000720164 0.0376905 0.238445 0.183878 0.0756191 0.271134 0.15453 0.0262884 0.00956467 0.00177234 0.000323922 3.0692e-05 1.07672e-06 1.37859e-08 4.72851e-11 3.1744e-14 3.54489e-18 5.99327e-23
 2.24039e-41 3.10951e-33 5.21685e-26 1.05797e-19 2.59348e-14 7.68495e-10 2.75263e-06 0.00119179 0.0623736 0.394595 0.302322 0.0481561 0.0870341 0.0526488 0.0338576 0.0155507 0.00201613 0.000233008 1.78685e-05 6.06468e-07 5.69642e-09 1.29837e-11 6.13078e-15 4.93407e-19 6.00271e-24
 2.02546e-41 2.81121e-33 4.71639e-26 9.56474e-20 2.34468e-14 6.94772e-10 2.48856e-06 0.00107746 0.05639 0.356743 0.273969 0.0633128 0.15053 0.0745342 0.0144924 0.00643749 0.00222067 0.000276972 1.28421e-05 3.0802e-07 2.42519e-09 4.15867e-12 1.31868e-15 7.13981e-20 6.03659e-25
 2.07026e-41 2.87339e-33 4.82071e-26 9.77629e-20 2.39654e-14 7.1014e-10 2.5436e-06 0.00110129 0.0576373 0.364634 0.280093 0.063554 0.137711 0.0662515 0.0208039 0.00698062 0.00103587 0.000183043 1.20945e-05 2.02518e-07 1.02544e-09 1.31269e-12 3.13115e-16 1.19108e-20 6.7828e-26
 2.01745e-41 2.80009e-33 4.69773e-26 9.5269e-20 2.33541e-14 6.92024e-10 2.47872e-06 0.0010732 0.056167 0.355335 0.273334 0.0696345 0.149181 0.0668019 0.0203589 0.00680621 0.00117924 0.000119244 7.04605e-06 1.44635e-07 5.98291e-10 4.93543e-13 7.97269e-17 2.19022e-21 9.02521e-27
 2.13816e-41 2.96762e-33 4.9788e-26 1.00969e-19 2.47514e-14 7.33429e-10 2.62702e-06 0.00113741 0.0595275 0.376595 0.289607 0.0678458 0.126889 0.0539418 0.0179716 0.00548202 0.000905222 9.05551e-05 3.80098e-06 5.96012e-08 2.4513e-10 1.78185e-13 2.04586e-17 3.69514e-22 1.02667e-27
 2.08665e-41 2.89613e-33 4.85886e-26 9.85366e-20 2.41551e-14 7.1576e-10 2.56373e-06 0.00111001 0.0580934 0.367526 0.283177 0.0754847 0.139454 0.0542514 0.0157139 0.0044021 0.00071697 6.47984e-05 2.41807e-06 2.80987e-08 8.28706e-11 5.02884e-14 4.99977e-18 7.16978e-23 1.42462e-28
 2.04571e-41 2.83932e-33 4.76354e-26 9.66037e-20 2.36813e-14 7.01719e-10 2.51344e-06 0.00108823 0.0569539 0.360321 0.27819 0.0818205 0.145221 0.0542512 0.0172827 0.00423648 0.000584072 4.75639e-05 1.54918e-06 1.48032e-08 3.24776e-11 1.38099e-14 1.01179e-18 1.14473e-23 1.82874e-29
 1.9297e-41 2.6783e-33 4.4934e-26 9.11252e-20 2.23383e-14 6.61924e-10 2.3709e-06 0.00102652 0.0537239 0.339895 0.263519 0.093831 0.164289 0.0588536 0.0196256 0.00458881 0.000604133 4.02513e-05 1.07904e-06 8.45787e-09 1.45715e-11 4.60766e-15 2.3887e-19 1.88903e-24 2.16394e-30
 1.75848e-41 2.44065e-33 4.0947e-26 8.30397e-20 2.03562e-14 6.03192e-10 2.16053e-06 0.000935437 0.0489571 0.30975 0.241838 0.109705 0.188813 0.0678884 0.0256238 0.00571378 0.000728748 4.36357e-05 9.41884e-07 5.69212e-09 7.58398e-12 1.82668e-15 7.02897e-20 4.01248e-25 3.24153e-31
 1.96594e-41 2.72859e-33 4.57778e-26 9.28364e-20 2.27578e-14 6.74354e-10 2.41543e-06 0.0010458 0.0547328 0.34629 0.269378 0.0978722 0.144634 0.0553153 0.0244063 0.00556399 0.000719549 3.94395e-05 7.2598e-07 3.42861e-09 3.3982e-12 6.05492e-16 1.72579e-20 7.25324e-26 4.2675e-32
 1.92201e-41 2.66762e-33 4.47549e-26 9.0762e-20 2.22492e-14 6.59286e-10 2.36145e-06 0.00102243 0.0535099 0.338568 0.264924 0.111744 0.156659 0.0507144 0.0178995 0.00433249 0.000591952 3.12476e-05 5.0408e-07 1.93529e-09 1.4681e-12 1.92084e-16 3.95488e-21 1.19974e-26 5.10807e-33
 1.90325e-41 2.64158e-33 4.4318e-26 8.9876e-20 2.2032e-14 6.5285e-10 2.3384e-06 0.00101245 0.0529875 0.33528 0.26357 0.118728 0.154898 0.0514138 0.0181859 0.00347499 0.000425534 2.22671e-05 3.27166e-07 1.05343e-09 6.30677e-13 6.24786e-17 9.45432e-22 2.06732e-27 6.2845e-34
 1.92869e-41 2.6769e-33 4.49105e-26 9.10775e-20 2.23266e-14 6.61577e-10 2.36966e-06 0.00102598 0.0536959 0.339779 0.268056 0.122678 0.146681 0.0480584 0.0166262 0.00307123 0.00031248 1.34018e-05 1.75083e-07 4.85436e-10 2.36047e-13 1.81765e-17 2.07398e-22 3.3477e-28 7.3962e-35
 2.00271e-41 2.77963e-33 4.66341e-26 9.4573e-20 2.31835e-14 6.86968e-10 2.46061e-06 0.00106536 0.0557568 0.352833 0.278757 0.122073 0.131611 0.0417471 0.0135553 0.00237162 0.000219757 7.66671e-06 7.78136e-08 1.74714e-10 6.92209e-14 4.23131e-18 3.72387e-23 4.53269e-29 7.42672e-36
 2.00714e-41 2.78578e-33 4.67372e-26 9.47822e-20 2.32347e-14 6.88488e-10 2.46605e-06 0.00106771 0.0558801 0.353646 0.281079 0.129574 0.128584 0.0375193 0.0107879 0.00171464 0.000141448 4.20057e-06 3.33541e-08 5.60335e-11 1.68065e-14 7.92082e-19 5.38279e-24 5.00818e-30 6.1891e-37
 2.03789e-41 2.82846e-33 4.74532e-26 9.62342e-20 2.35907e-14 6.99035e-10 2.50383e-06 0.00108407 0.0567363 0.359094 0.286554 0.131595 0.119484 0.0348071 0.00928664 0.0012663 8.8341e-05 2.18492e-06 1.388e-08 1.77339e-11 3.90351e-15 1.33979e-19 6.69145e-25 4.62528e-31 4.26979e-38
 1.98168e-41 2.75043e-33 4.61442e-26 9.35796e-20 2.29399e-14 6.79752e-10 2.43476e-06 0.00105417 0.0551714 0.349259 0.282113 0.145413 0.123612 0.0340082 0.00827969 0.00102602 5.91536e-05 1.15815e-06 5.75063e-09 5.62842e-12 9.25295e-16 2.31845e-20 8.33468e-26 4.12975e-32 2.74085e-39
 2.02541e-41 2.81114e-33 4.71627e-26 9.5645e-20 2.34463e-14 6.94755e-10 2.4885e-06 0.00107744 0.0563892 0.35701 0.289329 0.143744 0.112117 0.0321011 0.00738317 0.000806323 3.93115e-05 6.07963e-07 2.2776e-09 1.66439e-12 2.03192e-16 3.74775e-21 9.8139e-27 3.507e-33 1.66578e-40
 1.9986e-41 2.77393e-33 4.65384e-26 9.43789e-20 2.31359e-14 6.85558e-10 2.45556e-06 0.00106317 0.055643 0.352382 0.289102 0.153674 0.111114 0.0299321 0.00640308 0.000656547 2.7061e-05 3.32619e-07 9.45271e-10 5.07175e-13 4.49412e-17 6.00913e-22 1.14045e-27 2.94808e-34 1.00964e-41
 1.9426e-41 2.6962e-33 4.52343e-26 9.17342e-20 2.24876e-14 6.66348e-10 2.38675e-06 0.00103338 0.0540843 0.342652 0.28596 0.166102 0.113211 0.0304592 0.0059377 0.000539568 1.92936e-05 1.92028e-07 4.16491e-10 1.65263e-13 1.06152e-17 1.0173e-22 1.37843e-28 2.54437e-35 6.23003e-43
 1.86315e-41 2.58592e-33 4.33842e-26 8.79824e-20 2.15678e-14 6.39095e-10 2.28913e-06 0.000991116 0.051873 0.328844 0.280865 0.180898 0.11757 0.0324769 0.00597835 0.000486127 1.45371e-05 1.17221e-07 1.97902e-10 5.87694e-14 2.75731e-18 1.90445e-23 1.84437e-29 2.42056e-36 4.20276e-44
#spawning biomass
 7022.74 7915.92 10168.7 11470.7 19225.1 31655.2 32640.9 36614.1 49480.5 60152.9 75300.4 99348.9 123025 151515 158508 123257 118486 109158 104261 96325.6 102314 108409 123696 131684 140185 149712 155610 176071 228386 191624 82126.1 34986.2 19490.6 14957 13723.1 13403.5 13323.6 13304.2 13299.5 13298.4 13298.1 13298.1 13298.1 13298.1 13298.1 13298.1 13298.1 13298.1 13298.1 13298.1 13298.1 13298.1 13298.1 13298.1 13298.1 13298.1 13298.1 13298.1 13298.1 13298.1 13298.1 13298.1 13298.1 13298.1 13298.1 13298.1 13298.1 13298.1 13298.1 13298.1 13298.1 13298.1 13298.1 13298.1 13298.1 13298.1 13298.1 13298.1 13298.1 13298.1 13298.1 13298.1 13298.1 13298.1 13298.1 13298.1 13298.1 13298.1 13298.1 13298.1 13298.1 13298.1 13298.1 13298.1 13298.1 13298.1 13298.1 13298.1 13298.1 13298.1 13298.1 13298.1 13298.1 13298.1 13298.1 13298.1 13298.1 13298.1 13298.1 13298.1 13298.1 13298.1 13298.1 13298.1 13298.1 13298.1 13298.1 13298.1 13298.1 13298.1 13298.1 13298.1 13298.1 13298.1 13298.1 13298.1 13298.1 13298.1 0 0 0 0 0 0 0 0 0 0 0 0 0 0 0 0 0 0 0 0 0 0 0 0 0
