SBPRF35
0.178135
Curr Bio
219782
B35
477063
F35
0.565992
FOFL
0.30774
OFL
56463.9
Bzero
50895.7
#pred survey bio
 33263.6 33748.3 25008.5 17788.9 33036 55567.3 94927.8 132083 187611 180137 170248 176664 240160 238193 260226 216778 238681 216259 231193 239951 210700 207505 208622 203373 202804 201333 189353 237631 1.00852e+07 7.82484e+06 4.98194e+06 2.89131e+06 1.68796e+06 1.06621e+06 757707 604374 525976 484221 461047 447742 439915 435239 432416 430674 429636 429014 428640 428416 428280 428199 428149 428120 428102 428091 428084 428080 428078 428076 428076 428075 428075 428075 428074 428074 428074 428074 428074 428074 428074 428074 428074 428074 428074 428074 428074 428074 428074 428074 428074 428074 428074 428074 428074 428074 428074 428074 428074 428074 428074 428074 428074 428074 428074 428074 428074 428074 428074 428074 428074 428074 428074 428074 428074 428074 428074 428074 428074 428074 428074 428074 428074 428074 428074 428074 428074 428074 428074 428074 428074 428074 428074 428074 428074 428074 428074 428074 428074 428074 0 0 0 0 0 0 0 0 0 0 0 0 0 0 0 0 0 0 0 0 0 0 0 0 0
#obs survey bio
 30742.5 17867.1 10779.2 16747.8 55381.5 48953.6 80558.7 153211 159584 155543 148668 133566 224804 249866 192354 229848 171374 309379 253806 313038 220957 282465 251875 226055 256681 228258 197332 232253
#pred catch bio
 13155.1 13896.6 11923 7465.13 15762.4 27257.5 58299.2 79228.1 134557 125506 125258 128486 201404 187301 229550 190789 226491 193314 213413 239895 212693 212719 222285 221687 226716 235992 221644 241828 56463.9 124923 74113.2 39275.4 20785.5 12230.3 8594.05 7133.6 6569.81 6358.29 6280.58 6252.48 6242.44 6238.89 6237.64 6237.2 6237.05 6236.99 6236.98 6236.97 6236.97 6236.97 6236.97 6236.97 6236.97 6236.97 6236.97 6236.97 6236.97 6236.97 6236.97 6236.97 6236.97 6236.97 6236.97 6236.97 6236.97 6236.97 6236.97 6236.97 6236.97 6236.97 6236.97 6236.97 6236.97 6236.97 6236.97 6236.97 6236.97 6236.97 6236.97 6236.97 6236.97 6236.97 6236.97 6236.97 6236.97 6236.97 6236.97 6236.97 6236.97 6236.97 6236.97 6236.97 6236.97 6236.97 6236.97 6236.97 6236.97 6236.97 6236.97 6236.97 6236.97 6236.97 6236.97 6236.97 6236.97 6236.97 6236.97 6236.97 6236.97 6236.97 6236.97 6236.97 6236.97 6236.97 6236.97 6236.97 6236.97 6236.97 6236.97 6236.97 6236.97 6236.97 6236.97 6236.97 6236.97 6236.97 6236.97 6236.97 0 0 0 0 0 0 0 0 0 0 0 0 0 0 0 0 0 0 0 0 0 0 0 0 0
#obs catch bio
 18513.8 15464.5 14986.7 8082.44 15096.5 25741.6 57147.8 76274.3 147912 127386 123980 125622 199207 185276 224693 190844 250606 166549 198863 230377 199605 181999 201732 202092 193779 230810 213597 232978
#pred cpue bio
 31553.8 32651.1 24607.1 16944.6 30162.1 51829.1 87500.9 122024 173290 167620 158535 162005 218827 217285 238405 197068 215008 194761 209031 215527 188138 184720 185283 179549 178598 176600 164931 206764 9.00477e+06 7.81105e+06 4.96842e+06 2.87779e+06 1.67444e+06 1.05268e+06 744183 590850 512451 470696 447522 434217 426390 421715 418891 417149 416111 415489 415116 414891 414756 414674 414625 414595 414577 414566 414560 414556 414553 414552 414551 414550 414550 414550 414550 414550 414550 414550 414550 414550 414550 414550 414550 414550 414550 414550 414550 414550 414550 414550 414550 414550 414550 414550 414550 414550 414550 414550 414550 414550 414550 414550 414550 414550 414550 414550 414550 414550 414550 414550 414550 414550 414550 414550 414550 414550 414550 414550 414550 414550 414550 414550 414550 414550 414550 414550 414550 414550 414550 414550 414550 414550 414550 414550 414550 414550 414550 414550 414550 414550 0 0 0 0 0 0 0 0 0 0 0 0 0 0 0 0 0 0 0 0 0 0 0 0 0
#obs cpue bio
 33912.1 23120.3 18038.6 20901.2 36260.8 76423.5 98207.6 120026 119445 198684 206931 222347 263536 198697 384501 171451 197478 297164 227173 195206 229339 264214 215833 230776 266385 163557 180327 245171
#pred surv len freq
 1.5487e-11 1.68096e-09 1.07582e-07 4.05979e-06 9.03355e-05 0.00118524 0.00917028 0.0418548 0.112907 0.181743 0.182773 0.137076 0.106046 0.0848607 0.0562204 0.0323304 0.0188445 0.0113642 0.00713323 0.00478931 0.00350421 0.00283001 0.0023937 0.00182257 0.00105738
 1.11332e-11 1.2084e-09 7.73377e-08 2.91849e-06 6.49403e-05 0.000852069 0.00659334 0.0301129 0.0815037 0.133388 0.144481 0.135608 0.139014 0.126853 0.0877023 0.0512244 0.0287926 0.0153232 0.00784999 0.00416144 0.0024055 0.00158208 0.00116624 0.000836801 0.000481325
 6.90143e-12 7.49084e-10 4.79413e-08 1.80916e-06 4.02565e-05 0.000528215 0.00408806 0.0186874 0.0508066 0.0849806 0.100577 0.115664 0.142172 0.146032 0.120165 0.0896605 0.0603538 0.0343139 0.0170307 0.00781146 0.00350155 0.00169612 0.000965025 0.000598159 0.00032494
 1.56948e-11 1.70352e-09 1.09025e-07 4.11426e-06 9.15474e-05 0.00120113 0.00929278 0.0424037 0.114247 0.18277 0.178507 0.120251 0.0780045 0.0626835 0.0558704 0.0504425 0.0416147 0.0295714 0.0178509 0.00895395 0.00379196 0.00146327 0.000587507 0.00027079 0.000126344
 2.00142e-11 2.17234e-09 1.3903e-07 5.24655e-06 0.000116742 0.00153169 0.0118499 0.0540662 0.145588 0.232246 0.223649 0.141593 0.076763 0.0462084 0.0266127 0.0139727 0.00869972 0.00664847 0.00492814 0.00307107 0.001536 0.000614935 0.000208193 6.79545e-05 2.33607e-05
 1.68609e-11 1.83009e-09 1.17126e-07 4.41996e-06 9.83496e-05 0.00129039 0.00998373 0.0455659 0.122895 0.197639 0.197885 0.145987 0.109175 0.0830696 0.0489085 0.0214055 0.00838964 0.00355991 0.00183594 0.00113953 0.000677662 0.000325058 0.000119934 3.51653e-05 9.01167e-06
 1.85395e-11 2.01228e-09 1.28786e-07 4.85998e-06 0.00010814 0.00141884 0.0109771 0.0500901 0.134964 0.215975 0.211192 0.142567 0.0905251 0.0634681 0.0398198 0.0213651 0.0105181 0.00445614 0.0015817 0.000554161 0.000235257 0.000112631 4.73876e-05 1.52578e-05 3.70328e-06
 1.81051e-11 1.96514e-09 1.25768e-07 4.74611e-06 0.000105607 0.0013856 0.0107201 0.0489203 0.131855 0.21134 0.208272 0.144887 0.0975142 0.0698885 0.0413807 0.0192837 0.00841366 0.00371704 0.00153192 0.000543874 0.000164676 4.86898e-05 1.61604e-05 5.2537e-06 1.35723e-06
 1.8147e-11 1.96968e-09 1.26059e-07 4.75709e-06 0.000105851 0.00138881 0.0107449 0.0490329 0.132152 0.211767 0.208458 0.144405 0.0964796 0.0691489 0.0416152 0.0200766 0.00888377 0.00368102 0.00137386 0.000476793 0.000151353 4.11905e-05 9.72229e-06 2.21988e-06 4.97631e-07
 1.71498e-11 1.86145e-09 1.19132e-07 4.49569e-06 0.000100035 0.0013125 0.0101547 0.0463445 0.124972 0.20079 0.200152 0.145342 0.105926 0.0798523 0.0478486 0.022099 0.00926815 0.00377032 0.00140639 0.000470812 0.000139939 3.65884e-05 8.24864e-06 1.56555e-06 2.57303e-07
 1.71323e-11 1.85955e-09 1.19011e-07 4.4911e-06 9.99326e-05 0.00131116 0.0101443 0.0462965 0.124835 0.200508 0.199583 0.144192 0.104321 0.0788891 0.0485085 0.0238205 0.0107167 0.00444245 0.00160862 0.000520284 0.000151035 3.81007e-05 8.14395e-06 1.44758e-06 2.10038e-07
 1.89795e-11 2.06004e-09 1.31843e-07 4.97533e-06 0.000110707 0.00145251 0.0112376 0.051278 0.138154 0.220993 0.215684 0.144427 0.0898052 0.0609737 0.0359764 0.0172056 0.00763893 0.00324519 0.00123959 0.000416551 0.000120419 2.95135e-05 6.09574e-06 1.03793e-06 1.41584e-07
 1.95665e-11 2.12376e-09 1.3592e-07 5.1292e-06 0.000114131 0.00149743 0.0115851 0.0528616 0.142396 0.227577 0.221152 0.145471 0.0866909 0.0563455 0.0317483 0.0138827 0.00542982 0.00210387 0.000774279 0.00026191 7.8471e-05 1.98742e-05 4.12189e-06 6.86155e-07 9.01527e-08
 1.9365e-11 2.10188e-09 1.3452e-07 5.07637e-06 0.000112955 0.00148201 0.0114658 0.0523188 0.140952 0.22541 0.21972 0.146344 0.0896596 0.0592777 0.032874 0.0134699 0.00464595 0.00155726 0.000499155 0.000150115 4.21616e-05 1.05791e-05 2.24291e-06 3.82014e-07 5.034e-08
 1.89187e-11 2.05344e-09 1.3142e-07 4.95938e-06 0.000110352 0.00144786 0.0112017 0.0511152 0.137733 0.220453 0.215793 0.146186 0.0930187 0.0635322 0.0360032 0.0152673 0.00552263 0.00186555 0.000555799 0.000145358 3.48855e-05 7.68664e-06 1.50997e-06 2.51646e-07 3.34763e-08
 1.9732e-11 2.14172e-09 1.3707e-07 5.17258e-06 0.000115096 0.0015101 0.011683 0.0533083 0.143595 0.229459 0.222817 0.146109 0.0863521 0.0554569 0.0305508 0.0125971 0.00439025 0.00145874 0.000442141 0.000117287 2.69408e-05 5.27569e-06 8.88739e-07 1.2967e-07 1.59178e-08
 2.06098e-11 2.237e-09 1.43167e-07 5.40269e-06 0.000120216 0.00157727 0.0122026 0.0556754 0.149923 0.239174 0.230376 0.145967 0.0790719 0.0467051 0.0247384 0.0098376 0.00323148 0.00100775 0.000291213 7.49688e-05 1.71081e-05 3.34358e-06 5.40622e-07 7.11606e-08 7.60377e-09
 2.05917e-11 2.23503e-09 1.43042e-07 5.39794e-06 0.000120111 0.00157589 0.0121919 0.0556269 0.149796 0.239008 0.230385 0.146424 0.079915 0.0473507 0.0246783 0.00926744 0.0026884 0.000723026 0.000187616 4.46033e-05 9.55768e-06 1.79259e-06 2.83835e-07 3.66812e-08 3.74109e-09
 2.02221e-11 2.19492e-09 1.40474e-07 5.30106e-06 0.000117955 0.0015476 0.0119732 0.0546303 0.147133 0.234918 0.227204 0.14649 0.0829951 0.0510614 0.0271604 0.0104529 0.00316421 0.000873765 0.000216446 4.56712e-05 8.52e-06 1.43083e-06 2.09566e-07 2.57198e-08 2.53884e-09
 2.08544e-11 2.26355e-09 1.44867e-07 5.46682e-06 0.000121643 0.00159599 0.0123474 0.0563352 0.151688 0.241895 0.232544 0.146098 0.0773065 0.0444505 0.0230687 0.0088489 0.00269517 0.000756186 0.000192455 4.17389e-05 7.70668e-06 1.19685e-06 1.54678e-07 1.67717e-08 1.50755e-09
 2.13597e-11 2.31839e-09 1.48376e-07 5.59926e-06 0.00012459 0.00163466 0.0126464 0.0576976 0.15533 0.247492 0.236921 0.146088 0.0732225 0.0394737 0.0196691 0.00713892 0.00194102 0.000473899 0.000111528 2.38207e-05 4.46432e-06 7.07566e-07 9.11939e-08 9.37512e-09 7.61162e-10
 2.16169e-11 2.34631e-09 1.50164e-07 5.66671e-06 0.000126091 0.00165434 0.0127987 0.0583914 0.157184 0.250336 0.239119 0.145997 0.0710129 0.0368575 0.0179848 0.00639847 0.00166352 0.000374223 7.91839e-05 1.48984e-05 2.47924e-06 3.68178e-07 4.68586e-08 4.8576e-09 3.93205e-10
 2.18092e-11 2.36718e-09 1.51499e-07 5.71709e-06 0.000127212 0.00166905 0.0129125 0.0589097 0.158569 0.252459 0.240754 0.145912 0.0693356 0.0348834 0.0167289 0.00586495 0.00147805 0.000314965 6.27579e-05 1.10198e-05 1.66332e-06 2.18486e-07 2.4577e-08 2.32531e-09 1.80264e-10
 2.22922e-11 2.41961e-09 1.54855e-07 5.84373e-06 0.00013003 0.00170602 0.0131984 0.0602122 0.162049 0.257789 0.244835 0.145614 0.0649929 0.029837 0.0136068 0.00464083 0.00111641 0.000219255 4.02398e-05 6.63002e-06 9.38793e-07 1.14543e-07 1.17625e-08 9.93278e-10 6.81912e-11
 2.24859e-11 2.44063e-09 1.562e-07 5.89449e-06 0.000131159 0.00172084 0.013313 0.0607343 0.163444 0.259927 0.246478 0.145516 0.0632846 0.0278353 0.0123453 0.00411915 0.00094475 0.000168385 2.75606e-05 4.12924e-06 5.3434e-07 5.98127e-08 5.69042e-09 4.44991e-10 2.79576e-11
 2.27897e-11 2.4736e-09 1.5831e-07 5.97413e-06 0.000132931 0.00174409 0.0134928 0.0615534 0.165632 0.263277 0.249034 0.1453 0.060509 0.0246324 0.010395 0.00339098 0.00075351 0.00012544 1.86513e-05 2.53999e-06 2.95618e-07 2.94487e-08 2.51454e-09 1.78468e-10 1.02631e-11
 2.33048e-11 2.52951e-09 1.61888e-07 6.10916e-06 0.000135936 0.00178351 0.0137977 0.0629422 0.169342 0.268954 0.253357 0.144907 0.0557644 0.0191768 0.0071001 0.00219334 0.000461499 6.82334e-05 8.45934e-06 9.8693e-07 1.02703e-07 9.1925e-09 7.02419e-10 4.44028e-11 2.27116e-12
 2.33791e-11 2.53757e-09 1.62404e-07 6.12863e-06 0.000136369 0.00178919 0.0138416 0.0631425 0.169877 0.269773 0.253982 0.144854 0.0550856 0.0183935 0.00662308 0.00201524 0.000414796 5.78578e-05 6.38375e-06 6.45591e-07 5.78195e-08 4.35325e-09 2.81384e-10 1.55131e-11 7.03418e-13
#obs surv len freq
 4.87492e-11 4.51791e-09 2.46885e-07 7.95496e-06 0.000151137 0.0016932 0.0111869 0.0436245 0.10084 0.1413 0.133258 0.115427 0.116133 0.10966 0.0879414 0.0637944 0.0406507 0.0213234 0.00901076 0.00302612 0.000790904 0.000156032 2.22805e-05 2.20573e-06 1.46228e-07
 3.05243e-11 2.72843e-09 1.43803e-07 4.46902e-06 8.18943e-05 0.000884992 0.00564315 0.0212978 0.0483474 0.0713443 0.0889426 0.124995 0.164436 0.16403 0.130331 0.0898454 0.0519401 0.0243371 0.00950227 0.00308323 0.000784115 0.000147185 1.95725e-05 1.78768e-06 1.09097e-07
 1.49029e-11 1.28259e-09 6.50871e-08 1.94757e-06 3.43638e-05 0.000357621 0.00219792 0.00803119 0.0180565 0.0289832 0.0469999 0.0852964 0.134517 0.173916 0.188458 0.157766 0.0945866 0.0413758 0.0142482 0.00405466 0.000932906 0.0001633 2.04537e-05 1.74938e-06 9.89723e-08
 2.7038e-10 2.23686e-08 1.09116e-06 3.13854e-05 0.000532295 0.00532309 0.0313881 0.109135 0.223778 0.270773 0.194071 0.0843854 0.0264488 0.0129253 0.0130808 0.0123926 0.0087361 0.00457393 0.00178304 0.000513019 0.000108813 1.69798e-05 1.90933e-06 1.49112e-07 7.78688e-09
 1.68272e-10 1.33615e-08 6.25588e-07 1.72707e-05 0.000281143 0.0026989 0.0152869 0.0512331 0.1031 0.133698 0.142502 0.166622 0.177437 0.128001 0.0570008 0.0162632 0.00386143 0.00126948 0.000513199 0.000167179 3.82458e-05 5.96927e-06 6.2988e-07 4.45959e-08 2.09342e-09
 4.5363e-10 3.45224e-08 1.54913e-06 4.09884e-05 0.000639473 0.00588273 0.0319127 0.10213 0.193237 0.218628 0.156623 0.0894701 0.062069 0.0532577 0.0432425 0.0274019 0.0117174 0.00314339 0.000530387 6.34287e-05 7.20277e-06 8.78839e-07 8.89364e-08 6.14724e-09 2.73784e-10
 5.09062e-10 3.70796e-08 1.59253e-06 4.03298e-05 0.000602226 0.0053029 0.0275443 0.0845419 0.15473 0.176639 0.15047 0.133512 0.120937 0.0829787 0.040117 0.0153885 0.00525922 0.00153256 0.000341854 5.40642e-05 5.79782e-06 4.22576e-07 2.25535e-08 9.79135e-10 3.44637e-11
 7.80832e-10 5.43668e-08 2.23201e-06 5.40316e-05 0.000771242 0.00649159 0.0322295 0.0945272 0.165079 0.178567 0.140924 0.114776 0.10252 0.0785349 0.0489664 0.0247259 0.00914647 0.00226493 0.000372352 4.35187e-05 3.96805e-06 2.86289e-07 1.51244e-08 5.43277e-10 1.29605e-11
 1.04542e-09 6.94957e-08 2.72403e-06 6.29587e-05 0.000858014 0.00689554 0.0326947 0.0916799 0.153944 0.164387 0.139024 0.128391 0.117626 0.0843824 0.0475653 0.0221098 0.00794088 0.00202633 0.00036034 4.53373e-05 4.05166e-06 2.54345e-07 1.11688e-08 3.4471e-10 7.42597e-12
 1.18327e-09 7.50165e-08 2.80424e-06 6.18109e-05 0.000803377 0.0061582 0.027865 0.0747765 0.121847 0.134035 0.134119 0.149156 0.144883 0.105556 0.0606612 0.0280249 0.00949649 0.00217803 0.000336363 3.67215e-05 2.97838e-06 1.79612e-07 7.72484e-09 2.26712e-10 4.41533e-12
 2.4375e-09 1.47219e-07 5.2429e-06 0.000110095 0.0013632 0.0099539 0.0428831 0.10929 0.166999 0.163158 0.128383 0.113039 0.102505 0.0785099 0.0495049 0.0240988 0.00811797 0.00178942 0.000260339 2.61503e-05 1.89323e-06 9.97578e-08 3.75672e-09 9.876e-11 1.77263e-12
 3.73355e-09 2.14618e-07 7.27437e-06 0.000145384 0.00171331 0.0119074 0.0488372 0.118624 0.173704 0.166468 0.135631 0.122605 0.102632 0.0657127 0.0331716 0.0136007 0.00419207 0.000901064 0.000133776 1.40234e-05 1.04485e-06 5.43061e-08 1.92464e-09 4.59027e-11 7.31344e-13
 5.44553e-09 2.97653e-07 9.59328e-06 0.000182312 0.00204299 0.013502 0.0526733 0.121841 0.170897 0.160661 0.134947 0.125576 0.103722 0.064978 0.0320917 0.0125692 0.00355038 0.00066686 8.22945e-05 6.96448e-06 4.29492e-07 1.98108e-08 6.64522e-10 1.54325e-11 2.38493e-13
 7.17348e-09 3.72528e-07 1.14071e-05 0.000205962 0.00219287 0.0137711 0.0510801 0.112687 0.152965 0.147095 0.138048 0.139012 0.115671 0.0724879 0.0360942 0.014034 0.00385375 0.000697994 8.2982e-05 6.69793e-06 3.80607e-07 1.53759e-08 4.3552e-10 8.51225e-12 1.13545e-13
 1.05485e-08 5.20051e-07 1.51178e-05 0.000259136 0.00261932 0.0156177 0.0550244 0.115539 0.150699 0.143793 0.138881 0.140295 0.11443 0.0708131 0.0348707 0.0131173 0.00339371 0.000566429 6.06939e-05 4.32499e-06 2.15361e-07 7.71203e-09 1.96695e-10 3.46863e-12 4.11684e-14
 1.81143e-08 8.47239e-07 2.33656e-05 0.000379964 0.00364357 0.0206092 0.0688673 0.137 0.168388 0.148605 0.130177 0.122351 0.096626 0.0596901 0.0294897 0.0109144 0.00273898 0.000444527 4.69852e-05 3.34932e-06 1.66086e-07 5.74529e-09 1.35969e-10 2.15903e-12 2.27695e-14
 2.48354e-08 1.10134e-06 2.87978e-05 0.000444012 0.0040371 0.0216567 0.0687101 0.130491 0.156918 0.146114 0.143163 0.137587 0.101256 0.0554695 0.0240186 0.00796616 0.00183374 0.000275989 2.7147e-05 1.80706e-06 8.44049e-08 2.78702e-09 6.36872e-11 9.79714e-13 9.93507e-15
 3.98006e-08 1.67257e-06 4.14446e-05 0.000605549 0.00521758 0.0265237 0.0797395 0.143444 0.163076 0.142792 0.131931 0.123111 0.0925502 0.0546106 0.0254649 0.00863419 0.00194614 0.000282182 2.67266e-05 1.71756e-06 7.71545e-08 2.42286e-09 5.20659e-11 7.49177e-13 7.11344e-15
 5.44419e-08 2.16717e-06 5.08678e-05 0.000704038 0.00574667 0.0276835 0.0789933 0.135896 0.15252 0.142811 0.144458 0.134566 0.0948176 0.051194 0.0218935 0.00693642 0.00149329 0.000211816 2.01308e-05 1.32008e-06 6.03066e-08 1.88856e-09 3.95993e-11 5.46867e-13 4.92538e-15
 8.59264e-08 3.23899e-06 7.19919e-05 0.000943543 0.00729307 0.0332707 0.0899202 0.146631 0.156413 0.140046 0.136278 0.123725 0.0875882 0.0487089 0.0210937 0.00650117 0.00132203 0.000174338 1.53033e-05 9.31052e-07 4.01137e-08 1.2098e-09 2.48278e-11 3.37807e-13 2.98912e-15
 1.24069e-07 4.42761e-06 9.31681e-05 0.00115605 0.00846029 0.0365549 0.0937254 0.146085 0.153325 0.142846 0.143329 0.125769 0.0830834 0.0425643 0.0170308 0.00490301 0.000941728 0.0001185 9.99979e-06 5.84396e-07 2.39171e-08 6.75543e-10 1.28774e-11 1.62844e-13 1.34894e-15
 1.93578e-07 6.53916e-06 0.00013025 0.00152985 0.0105982 0.0433519 0.105278 0.155725 0.156182 0.140657 0.136492 0.116026 0.0754942 0.0384779 0.015069 0.004141 0.000746614 8.73577e-05 6.8195e-06 3.68695e-07 1.40371e-08 3.71458e-10 6.65887e-12 7.90847e-14 6.12216e-16
 2.69601e-07 8.62021e-06 0.00016252 0.00180685 0.0118494 0.0459108 0.105886 0.150527 0.151226 0.144647 0.144476 0.118801 0.0730015 0.0349106 0.0128282 0.00332124 0.000568094 6.36165e-05 4.78625e-06 2.49067e-07 9.02193e-09 2.23739e-10 3.71776e-12 4.07444e-14 2.91164e-16
 3.86652e-07 1.17017e-05 0.000208819 0.00219749 0.0136426 0.0500656 0.109639 0.149577 0.149148 0.146689 0.146396 0.116694 0.069367 0.0320246 0.01118 0.00269401 0.000420379 4.20084e-05 2.76126e-06 1.2455e-07 3.9665e-09 8.88168e-11 1.36227e-12 1.39218e-14 9.28055e-17
 5.784e-07 1.65695e-05 0.00027989 0.00278809 0.016386 0.0569453 0.118274 0.154003 0.14925 0.144915 0.141101 0.109536 0.0643381 0.0294441 0.0100219 0.00231882 0.000346267 3.32794e-05 2.11423e-06 9.15905e-08 2.73819e-09 5.58492e-11 7.62442e-13 6.87141e-15 4.05401e-17
 8.09504e-07 2.1953e-05 0.000351051 0.00331059 0.0184232 0.0606764 0.119897 0.150915 0.147611 0.148466 0.143624 0.107733 0.0610343 0.0269082 0.00877374 0.00194406 0.000280599 2.65095e-05 1.68434e-06 7.34669e-08 2.19258e-09 4.38846e-11 5.77381e-13 4.92924e-15 2.70774e-17
 1.19195e-06 3.06039e-05 0.000463343 0.00413712 0.0218009 0.0680299 0.127694 0.1542 0.148173 0.14774 0.138861 0.100668 0.0554414 0.0236493 0.00734966 0.00153351 0.000207196 1.82984e-05 1.09035e-06 4.49819e-08 1.28485e-09 2.48886e-11 3.19191e-13 2.6603e-15 1.42104e-17
 1.43766e-06 3.49528e-05 0.000501099 0.00423735 0.02116 0.062752 0.113368 0.138175 0.14736 0.163443 0.154867 0.107611 0.0560291 0.022469 0.00654078 0.00127576 0.000160887 1.3233e-05 7.32089e-07 2.79575e-08 7.38352e-10 1.32431e-11 1.57864e-13 1.22985e-15 6.18059e-18
#pred catch len freq
 1.52815e-11 1.65866e-09 1.06154e-07 4.00593e-06 8.91371e-05 0.00116952 0.00904867 0.0413006 0.111424 0.179454 0.180932 0.136911 0.107432 0.0866371 0.0575131 0.0330862 0.0192861 0.0116305 0.00730042 0.00490156 0.00358635 0.00289634 0.00244981 0.00186529 0.00108216
 1.09441e-11 1.18787e-09 7.60237e-08 2.8689e-06 6.3837e-05 0.000837593 0.00648138 0.0296027 0.0801387 0.131282 0.142797 0.135485 0.140342 0.128551 0.0889515 0.051962 0.0292079 0.0155443 0.00796328 0.00422149 0.00244021 0.00160491 0.00118307 0.000848877 0.000488272
 6.86354e-12 7.44971e-10 4.76781e-08 1.79923e-06 4.00355e-05 0.000525316 0.00406564 0.0185852 0.0505328 0.084556 0.100226 0.115601 0.142379 0.146331 0.120425 0.0898569 0.0604864 0.0343893 0.0170681 0.00782863 0.00350925 0.00169985 0.000967147 0.000599474 0.000325655
 1.55379e-11 1.68649e-09 1.07935e-07 4.07313e-06 9.06321e-05 0.00118912 0.0091999 0.0419802 0.113112 0.180998 0.176989 0.119813 0.0785745 0.0636667 0.0568752 0.0513656 0.0423774 0.0301134 0.0181781 0.00911807 0.00386146 0.00149009 0.000598276 0.000275754 0.00012866
 1.999e-11 2.16972e-09 1.38862e-07 5.2402e-06 0.000116601 0.00152984 0.0118356 0.0540009 0.145413 0.231977 0.223434 0.141578 0.0769332 0.0464203 0.0267585 0.014052 0.00874939 0.00668647 0.00495631 0.00308862 0.00154478 0.00061845 0.000209383 6.8343e-05 2.34943e-05
 1.68501e-11 1.82892e-09 1.1705e-07 4.41712e-06 9.82864e-05 0.00128956 0.00997733 0.0455367 0.122817 0.197519 0.197792 0.14599 0.109266 0.0831779 0.0489786 0.0214368 0.00840203 0.00356519 0.00183867 0.00114122 0.000678669 0.000325541 0.000120112 3.52175e-05 9.02507e-06
 1.87373e-11 2.03376e-09 1.3016e-07 4.91184e-06 0.000109294 0.00143398 0.0110942 0.0506236 0.136391 0.218171 0.212927 0.14262 0.089015 0.0615841 0.0384782 0.0206289 0.0101547 0.00430214 0.00152704 0.00053501 0.000227127 0.000108739 4.575e-05 1.47305e-05 3.5753e-06
 1.82876e-11 1.98495e-09 1.27036e-07 4.79395e-06 0.000106671 0.00139957 0.0108281 0.0494125 0.13317 0.213361 0.209845 0.144864 0.0960121 0.0680827 0.040184 0.0187141 0.00816441 0.0036069 0.00148653 0.00052776 0.000159797 4.72472e-05 1.56816e-05 5.09804e-06 1.31701e-06
 1.8552e-11 2.01364e-09 1.28873e-07 4.86326e-06 0.000108213 0.0014198 0.0109846 0.0501251 0.135072 0.216253 0.211962 0.144386 0.0931922 0.0651632 0.0389258 0.0187512 0.00829555 0.00343723 0.00128287 0.000445216 0.000141329 3.84626e-05 9.0784e-06 2.07286e-06 4.64674e-07
 1.75579e-11 1.90574e-09 1.21967e-07 4.60265e-06 0.000102415 0.00134372 0.0103962 0.0474448 0.127913 0.205306 0.203664 0.145271 0.102536 0.0757855 0.0451612 0.0208349 0.00873658 0.00355403 0.00132571 0.000443804 0.000131911 3.44894e-05 7.77544e-06 1.47574e-06 2.42542e-07
 1.763e-11 1.91357e-09 1.22468e-07 4.62156e-06 0.000102835 0.00134924 0.0104389 0.0476385 0.128423 0.206021 0.203895 0.144187 0.100309 0.0740088 0.045193 0.0221624 0.0099689 0.00413239 0.00149634 0.00048397 0.000140493 3.54414e-05 7.57554e-06 1.34655e-06 1.95378e-07
 1.93567e-11 2.10098e-09 1.34463e-07 5.0742e-06 0.000112907 0.00148138 0.0114609 0.0522951 0.140874 0.22517 0.218946 0.144404 0.0867378 0.0572608 0.0334797 0.0159819 0.00709368 0.00301348 0.00115108 0.000386809 0.000111821 2.74063e-05 5.66051e-06 9.63826e-07 1.31475e-07
 2.00892e-11 2.18048e-09 1.39551e-07 5.26621e-06 0.000117179 0.00153743 0.0118944 0.0542709 0.146163 0.233356 0.225628 0.14532 0.0822558 0.0510726 0.0283268 0.0123448 0.00482566 0.00186967 0.000688087 0.000232755 6.97357e-05 1.76618e-05 3.66304e-06 6.09774e-07 8.0117e-08
 1.98161e-11 2.15084e-09 1.37654e-07 5.19462e-06 0.000115587 0.00151653 0.0117328 0.0535351 0.144202 0.230393 0.223556 0.146138 0.0857158 0.0546439 0.0299388 0.0122352 0.00421819 0.00141381 0.000453173 0.000136286 3.82778e-05 9.6046e-06 2.0363e-06 3.46823e-07 4.57028e-08
 1.95888e-11 2.12618e-09 1.36075e-07 5.13505e-06 0.000114261 0.00149914 0.0115983 0.0529221 0.142561 0.227858 0.221509 0.145926 0.087228 0.0566898 0.0316146 0.0133608 0.00483028 0.00163157 0.000486089 0.000127127 3.051e-05 6.72255e-06 1.32058e-06 2.20083e-07 2.92776e-08
 2.03057e-11 2.20399e-09 1.41055e-07 5.32297e-06 0.000118442 0.001554 0.0120226 0.0548552 0.147729 0.235796 0.227699 0.145856 0.0813489 0.04957 0.0268096 0.01101 0.0038345 0.00127399 0.000386139 0.000102432 2.35285e-05 4.60747e-06 7.76172e-07 1.13246e-07 1.39016e-08
 2.11729e-11 2.29812e-09 1.47079e-07 5.5503e-06 0.000123501 0.00162036 0.0125359 0.0571937 0.15398 0.245392 0.235154 0.145681 0.0741032 0.0408874 0.0210798 0.0083309 0.00273354 0.000852351 0.000246304 6.34077e-05 1.44698e-05 2.82796e-06 4.57252e-07 6.01868e-08 6.43118e-09
 2.10813e-11 2.28817e-09 1.46443e-07 5.52628e-06 0.000122966 0.00161335 0.0124817 0.0569469 0.153323 0.244409 0.234517 0.146115 0.0755038 0.0422314 0.0215211 0.00803998 0.00233007 0.000626571 0.000162586 3.86526e-05 8.28255e-06 1.55343e-06 2.45967e-07 3.17874e-08 3.24197e-09
 2.0802e-11 2.25786e-09 1.44503e-07 5.45308e-06 0.000121337 0.00159198 0.0123164 0.0561938 0.15131 0.241318 0.232108 0.146149 0.077806 0.0450198 0.0234066 0.00896188 0.0027103 0.000748328 0.000185371 3.91143e-05 7.29681e-06 1.22541e-06 1.79479e-07 2.20273e-08 2.17435e-09
 2.14468e-11 2.32784e-09 1.48981e-07 5.62209e-06 0.000125098 0.00164132 0.012698 0.0579322 0.155955 0.248431 0.237555 0.145753 0.0720116 0.0382835 0.0192342 0.00732209 0.00222702 0.00062472 0.000158994 3.44819e-05 6.36675e-06 9.88759e-07 1.27785e-07 1.38557e-08 1.24544e-09
 2.18763e-11 2.37446e-09 1.51965e-07 5.73469e-06 0.000127604 0.00167419 0.0129522 0.0590906 0.159051 0.253189 0.241273 0.145736 0.0685273 0.0340444 0.0163476 0.00587983 0.00159588 0.00038953 9.16701e-05 1.95794e-05 3.66944e-06 5.81583e-07 7.49567e-08 7.70586e-09 6.25636e-10
 2.2104e-11 2.39918e-09 1.53547e-07 5.79439e-06 0.000128932 0.00169162 0.013087 0.0597046 0.160692 0.255706 0.243216 0.145649 0.0665625 0.0317226 0.0148589 0.00523226 0.00135757 0.000305299 6.45979e-05 1.21541e-05 2.02255e-06 3.00357e-07 3.8227e-08 3.9628e-09 3.20774e-10
 2.22985e-11 2.42029e-09 1.54898e-07 5.84537e-06 0.000130066 0.0017065 0.0132021 0.0602291 0.162094 0.257854 0.244867 0.145552 0.0648487 0.029714 0.0135928 0.00470793 0.00118359 0.000252118 5.02332e-05 8.8205e-06 1.33137e-06 1.74882e-07 1.9672e-08 1.86124e-09 1.44288e-10
 2.27035e-11 2.46424e-09 1.57711e-07 5.95153e-06 0.000132429 0.00173749 0.0134418 0.0613209 0.165011 0.262321 0.248286 0.1453 0.0612041 0.025481 0.0109768 0.00368562 0.000883775 0.000173472 3.18351e-05 5.24522e-06 7.42709e-07 9.06186e-08 9.30569e-09 7.85813e-10 5.39482e-11
 2.28748e-11 2.48284e-09 1.58902e-07 5.99645e-06 0.000133428 0.0017506 0.0135432 0.061783 0.166245 0.264213 0.249739 0.145208 0.0596845 0.0237044 0.00986283 0.00323144 0.000738332 0.000131505 2.15221e-05 3.22451e-06 4.17264e-07 4.67075e-08 4.44363e-09 3.47492e-10 2.1832e-11
 2.31406e-11 2.51169e-09 1.60748e-07 6.06611e-06 0.000134978 0.00177094 0.0137005 0.0624995 0.16816 0.267143 0.251973 0.145016 0.0572526 0.0209003 0.0081582 0.00259847 0.000574454 9.55407e-05 1.42038e-05 1.93428e-06 2.25123e-07 2.24261e-08 1.9149e-09 1.35909e-10 7.81569e-12
 2.35318e-11 2.55415e-09 1.63465e-07 6.16867e-06 0.00013726 0.00180088 0.013932 0.0635543 0.170977 0.271455 0.255257 0.144718 0.0536489 0.0167565 0.00565549 0.00168867 0.000352564 5.20486e-05 6.4512e-06 7.52625e-07 7.83203e-08 7.01011e-09 5.35658e-10 3.38611e-11 1.73197e-12
 2.35399e-11 2.55503e-09 1.63522e-07 6.17079e-06 0.000137307 0.0018015 0.0139368 0.0635761 0.171036 0.271545 0.255327 0.144719 0.0535844 0.0166773 0.00560046 0.00166008 0.000339639 4.73182e-05 5.2198e-06 5.27867e-07 4.7276e-08 3.55943e-09 2.30073e-10 1.26843e-11 5.75148e-13
#obs catch len freq
 4.60788e-11 4.27042e-09 2.33361e-07 7.51919e-06 0.000142858 0.00160044 0.010574 0.0412325 0.0952881 0.133362 0.125185 0.107718 0.110397 0.111745 0.0997167 0.0772728 0.0482074 0.0236512 0.00956957 0.00324332 0.000877522 0.000178425 2.60137e-05 2.62169e-06 1.7712e-07
 6.71537e-11 6.00257e-09 3.16368e-07 9.83182e-06 0.000180163 0.00194671 0.0124056 0.0466675 0.104142 0.141424 0.131329 0.115387 0.117087 0.109336 0.0868146 0.0623546 0.0390681 0.0200583 0.00826687 0.00269474 0.00067941 0.000128335 1.74125e-05 1.62722e-06 1.01295e-07
 4.31227e-11 3.71128e-09 1.88334e-07 5.6354e-06 9.94303e-05 0.00103458 0.00635258 0.0230986 0.0506467 0.0729927 0.0912093 0.128754 0.166307 0.162368 0.12721 0.0864199 0.0489547 0.0224652 0.00858115 0.0027041 0.000661745 0.000118608 1.49625e-05 1.28893e-06 7.38161e-08
 2.16716e-11 1.7929e-09 8.74595e-08 2.51565e-06 4.26686e-05 0.000426872 0.00252253 0.00887137 0.01929 0.0304739 0.0496881 0.0895163 0.138686 0.176679 0.187724 0.15262 0.0886443 0.0377119 0.0126707 0.00350632 0.000777802 0.000130037 1.5434e-05 1.24337e-06 6.59504e-08
 3.89215e-10 3.09054e-08 1.44699e-06 3.9947e-05 0.000650265 0.00624141 0.0353236 0.117882 0.232001 0.269468 0.18549 0.0777432 0.0241247 0.0124562 0.0127141 0.0117255 0.00801751 0.00406669 0.00153103 0.000424057 8.6294e-05 1.28535e-05 1.37043e-06 1.00824e-07 4.93433e-09
 2.50564e-10 1.90686e-08 8.55667e-07 2.26402e-05 0.000353227 0.00324994 0.0176442 0.056701 0.109612 0.137643 0.144821 0.167493 0.172728 0.119487 0.0510167 0.0140998 0.00336628 0.00113496 0.000449974 0.000140495 3.05959e-05 4.52787e-06 4.51346e-07 3.00665e-08 1.32249e-09
 6.73546e-10 4.90605e-08 2.10709e-06 5.33608e-05 0.0007968 0.00701572 0.0364273 0.111586 0.202134 0.219216 0.151397 0.0849505 0.0589423 0.0501899 0.0399056 0.0243978 0.00997049 0.00254955 0.00041183 4.79287e-05 5.38781e-06 6.38212e-07 6.11877e-08 3.96962e-09 1.65318e-10
 7.70122e-10 5.3621e-08 2.2014e-06 5.32905e-05 0.000760667 0.00640271 0.0317919 0.0932994 0.163435 0.179402 0.149059 0.130344 0.114648 0.0757823 0.0355444 0.0133887 0.00449443 0.00127233 0.000273048 4.12735e-05 4.21657e-06 2.93088e-07 1.49701e-08 6.20358e-10 2.06093e-11
 1.19136e-09 7.9197e-08 3.1043e-06 7.17473e-05 0.00097778 0.00785771 0.0372484 0.104327 0.17413 0.180715 0.138598 0.111177 0.0970015 0.0723796 0.0441049 0.0216063 0.00766787 0.00181365 0.000285527 3.21515e-05 2.82903e-06 1.95487e-07 9.79946e-09 3.3221e-10 7.46037e-12
 1.62399e-09 1.02957e-07 3.84869e-06 8.48321e-05 0.00110257 0.00845059 0.0382142 0.102222 0.163912 0.167899 0.137839 0.124185 0.110009 0.0764563 0.0420761 0.0190362 0.00658719 0.00161123 0.000274512 3.30635e-05 2.82068e-06 1.68523e-07 7.02646e-09 2.05314e-10 4.16981e-12
 1.88224e-09 1.13683e-07 4.04858e-06 8.5016e-05 0.0010527 0.0076877 0.0331431 0.0847713 0.131883 0.139395 0.135453 0.145854 0.136427 0.0963209 0.0539607 0.0241338 0.00783374 0.00171437 0.000253118 2.65039e-05 2.0607e-06 1.1851e-07 4.83068e-09 1.33739e-10 2.44898e-12
 3.83783e-09 2.20612e-07 7.47755e-06 0.000149444 0.00176115 0.0122393 0.0501874 0.121765 0.177289 0.165686 0.125977 0.107787 0.0947582 0.0706797 0.0433428 0.0202844 0.00651227 0.00136557 0.000189421 1.81907e-05 1.25898e-06 6.32043e-08 2.25781e-09 5.60715e-11 9.47034e-13
 5.91858e-09 3.2351e-07 1.04266e-05 0.000198149 0.00222044 0.0146741 0.0572318 0.132221 0.184323 0.168762 0.132295 0.115079 0.0924473 0.0571978 0.0281035 0.011157 0.00329661 0.000676539 9.59378e-05 9.60391e-06 6.81302e-07 3.35785e-08 1.12471e-09 2.52844e-11 3.78738e-13
 8.6829e-09 4.50914e-07 1.38074e-05 0.000249298 0.00265419 0.016666 0.061775 0.135805 0.181236 0.162759 0.131459 0.117475 0.0930498 0.0563303 0.0270248 0.0102026 0.00274832 0.000490201 5.75342e-05 4.64941e-06 2.743e-07 1.20632e-08 3.83376e-10 8.38849e-12 1.2166e-13
 1.17083e-08 5.77232e-07 1.67801e-05 0.000287628 0.00290726 0.017333 0.0610389 0.127867 0.164922 0.150929 0.134924 0.129372 0.103042 0.0624345 0.0301516 0.0112632 0.00294289 0.000505595 5.70948e-05 4.3876e-06 2.37401e-07 9.10718e-09 2.44088e-10 4.5001e-12 5.64518e-14
 1.72803e-08 8.0823e-07 2.22898e-05 0.00036247 0.00347586 0.0196619 0.0657234 0.130961 0.162211 0.147216 0.135308 0.130098 0.101653 0.0608516 0.0289993 0.0104433 0.00256296 0.000404632 4.10727e-05 2.7816e-06 1.31889e-07 4.48948e-09 1.08381e-10 1.80128e-12 2.00801e-14
 2.95917e-08 1.31226e-06 3.43129e-05 0.00052904 0.00480994 0.0257955 0.0817276 0.154154 0.179615 0.150065 0.12416 0.110647 0.0837417 0.0500604 0.023877 0.00843609 0.00200579 0.000307982 3.08566e-05 2.08945e-06 9.83897e-08 3.22232e-09 7.19447e-11 1.07481e-12 1.06413e-14
 4.07628e-08 1.71301e-06 4.24467e-05 0.000620191 0.00534376 0.0271658 0.0816805 0.147026 0.167592 0.147813 0.136918 0.124684 0.0876662 0.0463502 0.0193913 0.00615173 0.00134269 0.000191145 1.78142e-05 1.12636e-06 4.99805e-08 1.5631e-09 3.36909e-11 4.87126e-13 4.63022e-15
 6.52838e-08 2.59875e-06 6.09977e-05 0.000844227 0.00689039 0.0331798 0.0944882 0.160991 0.173208 0.143055 0.124345 0.109961 0.0793091 0.0452429 0.0202816 0.00653846 0.00139304 0.000190848 1.71198e-05 1.04423e-06 4.4496e-08 1.32119e-09 2.67467e-11 3.61492e-13 3.21622e-15
 9.03749e-08 3.40668e-06 7.5719e-05 0.000992388 0.00767052 0.0349905 0.0945387 0.153931 0.163132 0.143279 0.135652 0.119448 0.0805666 0.0420047 0.0172824 0.0052137 0.00106261 0.000142666 1.2858e-05 7.99929e-07 3.45863e-08 1.02128e-09 2.01282e-11 2.60665e-13 2.1971e-15
 1.42648e-07 5.09062e-06 0.000107119 0.00132913 0.00972602 0.0420045 0.107456 0.165712 0.166479 0.138913 0.125752 0.107871 0.0732496 0.0392974 0.0162962 0.00476257 0.000914613 0.000113998 9.48477e-06 5.4781e-07 2.23655e-08 6.36611e-10 1.22807e-11 1.56563e-13 1.29482e-15
 2.07037e-07 6.99378e-06 0.000139306 0.00163619 0.0113344 0.0463544 0.112461 0.165604 0.163118 0.140664 0.130814 0.108296 0.0685114 0.0338292 0.0129641 0.00354088 0.000642588 7.64499e-05 6.11299e-06 3.3869e-07 1.31105e-08 3.48981e-10 6.24899e-12 7.40398e-14 5.73305e-16
 3.21691e-07 1.02857e-05 0.000193919 0.00215585 0.0141359 0.0547253 0.125725 0.175556 0.164761 0.136524 0.122296 0.098074 0.0611597 0.0299969 0.0112149 0.00291659 0.000496103 5.48259e-05 4.05299e-06 2.07719e-07 7.48122e-09 1.86562e-10 3.14017e-12 3.49162e-14 2.52456e-16
 4.56473e-07 1.38147e-05 0.000246525 0.00259418 0.0161023 0.0590389 0.128735 0.172268 0.160327 0.138838 0.127051 0.0983558 0.057838 0.0265801 0.00931745 0.00228278 0.000368488 3.89863e-05 2.77667e-06 1.36783e-07 4.67815e-09 1.09157e-10 1.70146e-12 1.74504e-14 1.16448e-16
 6.55138e-07 1.87678e-05 0.000317021 0.00315787 0.0185563 0.0644396 0.13337 0.170977 0.157136 0.139386 0.127693 0.0959904 0.0546134 0.0241866 0.0080343 0.00182784 0.000268561 2.52977e-05 1.57178e-06 6.71403e-08 2.02263e-09 4.26879e-11 6.14652e-13 5.8774e-15 3.65654e-17
 9.72707e-07 2.63788e-05 0.000421819 0.00397771 0.0221288 0.0727743 0.142826 0.174562 0.155457 0.135887 0.121639 0.0892179 0.0501873 0.0219948 0.00710816 0.00155132 0.000218137 1.97673e-05 1.18641e-06 4.85749e-08 1.36971e-09 2.62677e-11 3.36242e-13 2.83525e-15 1.56199e-17
 1.37578e-06 3.53239e-05 0.000534796 0.00477482 0.0251542 0.0783889 0.146232 0.172052 0.152938 0.137242 0.121959 0.0864618 0.0468818 0.0197639 0.00611288 0.00127786 0.000173858 1.55059e-05 9.3116e-07 3.83469e-08 1.07733e-09 2.02332e-11 2.49165e-13 1.98716e-15 1.01797e-17
 2.03011e-06 4.93562e-05 0.000707562 0.005982 0.0298436 0.0881099 0.155994 0.175388 0.151629 0.133693 0.115174 0.0788959 0.0415398 0.0169045 0.00497366 0.000978023 0.000124496 1.03777e-05 5.84564e-07 2.27799e-08 6.12784e-10 1.11394e-11 1.33669e-13 1.03994e-15 5.17524e-18
#spawning biomass
 32269.3 33105.8 24771.3 17299.2 31371 53394.3 90619.5 126244 179299 172864 163443 168161 227792 226068 247567 205351 224966 203804 218349 225803 197635 194314 195111 189586 188798 187025 175230 219782 270272 359147 213110 112874 59673.3 35057.9 24595.4 20393.3 18771.1 18162.6 17939 17858.1 17829.2 17819 17815.4 17814.1 17813.7 17813.6 17813.5 17813.5 17813.5 17813.5 17813.5 17813.5 17813.5 17813.5 17813.5 17813.5 17813.5 17813.5 17813.5 17813.5 17813.5 17813.5 17813.5 17813.5 17813.5 17813.5 17813.5 17813.5 17813.5 17813.5 17813.5 17813.5 17813.5 17813.5 17813.5 17813.5 17813.5 17813.5 17813.5 17813.5 17813.5 17813.5 17813.5 17813.5 17813.5 17813.5 17813.5 17813.5 17813.5 17813.5 17813.5 17813.5 17813.5 17813.5 17813.5 17813.5 17813.5 17813.5 17813.5 17813.5 17813.5 17813.5 17813.5 17813.5 17813.5 17813.5 17813.5 17813.5 17813.5 17813.5 17813.5 17813.5 17813.5 17813.5 17813.5 17813.5 17813.5 17813.5 17813.5 17813.5 17813.5 17813.5 17813.5 17813.5 17813.5 17813.5 17813.5 17813.5 0 0 0 0 0 0 0 0 0 0 0 0 0 0 0 0 0 0 0 0 0 0 0 0 0
