SBPRF35
0.175648
Curr Bio
214794
B35
339344
F35
0.681929
FOFL
0.311368
OFL
25507.4
Bzero
50185.1
#pred survey bio
 9172.76 7383.95 6095.26 6609.85 10270.1 16703.6 24381.5 32661.3 50288.7 65911.6 90779.4 131509 170161 190092 181955 157469 160015 174566 169056 153815 176681 190223 231080 238840 258516 283430 270928 255152 206602 5.45813e+06 4.96847e+06 2.9707e+06 1.69447e+06 1.03457e+06 720135 571834 499414 461987 441503 429778 422867 418724 416220 414698 413757 413196 412861 412660 412540 412468 412424 412398 412382 412373 412367 412364 412362 412361 412360 412359 412359 412359 412359 412359 412359 412359 412359 412359 412359 412359 412359 412359 412359 412359 412359 412359 412359 412359 412359 412359 412359 412359 412359 412359 412359 412359 412359 412359 412359 412359 412359 412359 412359 412359 412359 412359 412359 412359 412359 412359 412359 412359 412359 412359 412359 412359 412359 412359 412359 412359 412359 412359 412359 412359 412359 412359 412359 412359 412359 412359 412359 412359 412359 412359 412359 412359 412359 412359 412359 0 0 0 0 0 0 0 0 0 0 0 0 0 0 0 0 0 0 0 0 0 0 0 0 0
#obs survey bio
 8232.47 5672.18 5877.33 8080.19 13942.4 19880.3 22217.2 34024.9 42414.4 63486.5 101161 144209 213703 207114 170348 87565.9 163889 130758 173436 181355 164092 290837 230605 210865 193175 239756 261800 402344 178646
#pred catch bio
 4837.45 4119.33 3916.77 3819.88 5749.3 10045.8 15987.2 19139.4 34030.5 45180.2 61410.7 97226.3 131819 151291 153821 131361 130657 147907 147892 124071 150791 153004 200467 213606 226622 256479 251163 242927 216236 25507.4 90875.3 49393.6 25032.6 13734.4 9135.12 7409.89 6797.36 6588.13 6518.62 6496 6488.76 6486.46 6485.74 6485.52 6485.45 6485.42 6485.42 6485.42 6485.42 6485.42 6485.41 6485.41 6485.41 6485.41 6485.41 6485.41 6485.41 6485.41 6485.41 6485.41 6485.41 6485.41 6485.41 6485.41 6485.41 6485.41 6485.41 6485.41 6485.41 6485.41 6485.41 6485.41 6485.41 6485.41 6485.41 6485.41 6485.41 6485.41 6485.41 6485.41 6485.41 6485.41 6485.41 6485.41 6485.41 6485.41 6485.41 6485.41 6485.41 6485.41 6485.41 6485.41 6485.41 6485.41 6485.41 6485.41 6485.41 6485.41 6485.41 6485.41 6485.41 6485.41 6485.41 6485.41 6485.41 6485.41 6485.41 6485.41 6485.41 6485.41 6485.41 6485.41 6485.41 6485.41 6485.41 6485.41 6485.41 6485.41 6485.41 6485.41 6485.41 6485.41 6485.41 6485.41 6485.41 6485.41 6485.41 6485.41 6485.41 0 0 0 0 0 0 0 0 0 0 0 0 0 0 0 0 0 0 0 0 0 0 0 0 0
#obs catch bio
 6454.22 4315.98 4510.53 3551.19 5516.9 9157.1 15153.1 17252.9 30936.3 41742.9 55902.1 91405.7 120994 147046 158196 141592 126749 147427 145512 111201 144419 138090 180930 198543 219615 241735 235839 210537 220933
#pred cpue bio
 8246.66 6743.11 5338.48 5380.2 8407.67 13582.2 20092.7 26542.7 41196.3 53533.3 73029.3 105721 136208 155010 149638 127104 127695 139962 136057 122760 140825 149658 184125 187934 200112 224156 212804 199151 164482 3.98391e+06 4.93714e+06 2.93936e+06 1.66313e+06 1.00323e+06 688798 540497 468077 430650 410166 398441 391530 387387 384883 383361 382420 381859 381524 381323 381203 381131 381087 381061 381045 381036 381030 381027 381025 381024 381023 381022 381022 381022 381022 381022 381022 381022 381022 381022 381022 381022 381022 381022 381022 381022 381022 381022 381022 381022 381022 381022 381022 381022 381022 381022 381022 381022 381022 381022 381022 381022 381022 381022 381022 381022 381022 381022 381022 381022 381022 381022 381022 381022 381022 381022 381022 381022 381022 381022 381022 381022 381022 381022 381022 381022 381022 381022 381022 381022 381022 381022 381022 381022 381022 381022 381022 381022 381022 381022 381022 0 0 0 0 0 0 0 0 0 0 0 0 0 0 0 0 0 0 0 0 0 0 0 0 0
#obs cpue bio
 7338.53 5627.88 3977.07 7224.03 7115.12 18310.6 24677.6 42596.9 68014.2 73430.6 95048 117170 159867 134787 146954 150151 168389 177779 152900 172754 165440 159229 274566 276851 278392 352302 293785 235709 154884
#pred surv len freq
 1.3245e-11 1.43825e-09 9.20779e-08 3.47548e-06 7.73419e-05 0.00101476 0.00785064 0.0358305 0.09672 0.156404 0.160916 0.130451 0.113508 0.0977606 0.0688392 0.0433679 0.0277492 0.0179589 0.0119172 0.00834034 0.00628652 0.00518352 0.00444047 0.00340208 0.00197836
 1.09491e-11 1.18894e-09 7.61169e-08 2.87303e-06 6.39356e-05 0.000838884 0.00649067 0.0296401 0.0802361 0.131574 0.143916 0.138521 0.144879 0.131209 0.0868438 0.0468152 0.0250096 0.013813 0.00776334 0.00451258 0.00279747 0.00192977 0.00146307 0.001064 0.000615282
 1.3951e-11 1.51491e-09 9.6986e-08 3.66074e-06 8.14645e-05 0.00106885 0.00826907 0.0377395 0.101863 0.16464 0.16901 0.136044 0.117289 0.100656 0.0706572 0.0432793 0.0248833 0.0127509 0.00596848 0.00279278 0.00136974 0.000735353 0.000449898 0.000288993 0.000159156
 1.72243e-11 1.87035e-09 1.19742e-07 4.51965e-06 0.000100578 0.00131962 0.0102086 0.0465784 0.125544 0.201496 0.200169 0.143759 0.102888 0.0770356 0.0468429 0.0228829 0.0109427 0.0055214 0.00269734 0.00118943 0.000477886 0.00019161 8.54478e-05 4.31986e-05 2.10464e-05
 1.67358e-11 1.81731e-09 1.16346e-07 4.39148e-06 9.7726e-05 0.0012822 0.00991923 0.0452617 0.122043 0.196257 0.196761 0.146048 0.110424 0.0846743 0.0502391 0.0223384 0.00886066 0.00351712 0.00139049 0.000555096 0.000214503 7.54154e-05 2.50001e-05 8.80285e-06 3.32155e-06
 1.70548e-11 1.85194e-09 1.18563e-07 4.47516e-06 9.95883e-05 0.00130663 0.0101082 0.0461219 0.124337 0.199739 0.19928 0.145379 0.106871 0.0810015 0.0486511 0.0224704 0.00927768 0.00357713 0.00122306 0.000385053 0.000118673 3.59556e-05 1.02766e-05 2.73579e-06 7.19414e-07
 1.64073e-11 1.78164e-09 1.14062e-07 4.30528e-06 9.58078e-05 0.00125704 0.00972461 0.0443753 0.119675 0.192632 0.193985 0.146245 0.113386 0.0881907 0.0525693 0.0234148 0.00921987 0.00350321 0.00121513 0.000374202 0.000101409 2.4494e-05 5.50932e-06 1.17067e-06 2.31169e-07
 1.70213e-11 1.84831e-09 1.18331e-07 4.46639e-06 9.9393e-05 0.00130407 0.0100884 0.0460322 0.124102 0.199425 0.19926 0.146124 0.108279 0.0821001 0.048598 0.0215807 0.0084202 0.00312136 0.00104211 0.000311242 8.30478e-05 1.91379e-05 3.7396e-06 6.28741e-07 9.39174e-08
 1.66862e-11 1.81193e-09 1.16001e-07 4.37846e-06 9.74364e-05 0.0012784 0.00988985 0.0451279 0.121684 0.195702 0.196306 0.145984 0.110757 0.085239 0.0508996 0.0229144 0.00911367 0.00341915 0.00113893 0.000333882 8.62936e-05 1.92228e-05 3.6153e-06 5.60872e-07 7.0775e-08
 1.70144e-11 1.84756e-09 1.18283e-07 4.46458e-06 9.93528e-05 0.00130354 0.0100843 0.0460139 0.124057 0.199382 0.199356 0.146551 0.108985 0.0825968 0.04846 0.0210045 0.0079058 0.00286766 0.000954241 0.000282694 7.31999e-05 1.60694e-05 2.93632e-06 4.38252e-07 5.2152e-08
 1.73915e-11 1.88851e-09 1.20904e-07 4.56353e-06 0.000101555 0.00133243 0.0103077 0.0470317 0.126778 0.203572 0.202682 0.146714 0.106211 0.0791031 0.0459361 0.0195599 0.00711958 0.00247143 0.000782146 0.000221585 5.6219e-05 1.23324e-05 2.25179e-06 3.31596e-07 3.83553e-08
 1.74067e-11 1.89016e-09 1.2101e-07 4.56752e-06 0.000101644 0.0013336 0.0103167 0.0470729 0.126889 0.203752 0.202868 0.146862 0.106318 0.0791187 0.0458007 0.0193276 0.00691278 0.0023457 0.000720472 0.000195578 4.71675e-05 9.88409e-06 1.75461e-06 2.55607e-07 2.93715e-08
 1.75403e-11 1.90467e-09 1.21938e-07 4.60257e-06 0.000102423 0.00134383 0.0103959 0.0474336 0.127857 0.205268 0.204197 0.147336 0.105969 0.0782973 0.0447212 0.0182236 0.00611773 0.00195544 0.000579164 0.000152851 3.56801e-05 7.16777e-06 1.21141e-06 1.68714e-07 1.87958e-08
 1.67221e-11 1.81582e-09 1.1625e-07 4.38787e-06 9.76456e-05 0.00128115 0.00991113 0.045226 0.121963 0.196263 0.197396 0.148132 0.113761 0.0871389 0.0499115 0.019923 0.00637589 0.00191558 0.000532301 0.000131471 2.90284e-05 5.59787e-06 9.11052e-07 1.21557e-07 1.29254e-08
 1.63513e-11 1.77555e-09 1.13672e-07 4.29057e-06 9.54804e-05 0.00125274 0.00969145 0.0442253 0.119289 0.192155 0.194185 0.148138 0.116753 0.0907942 0.0524276 0.0212041 0.00693545 0.00210758 0.00057377 0.000134532 2.77318e-05 4.98331e-06 7.61451e-07 9.65405e-08 9.82592e-09
 1.71513e-11 1.86243e-09 1.19234e-07 4.5005e-06 0.000100152 0.00131403 0.0101654 0.0463844 0.125058 0.201014 0.201088 0.148055 0.110196 0.0828588 0.0470726 0.0185793 0.00581599 0.00169993 0.000458862 0.000108341 2.21709e-05 3.83631e-06 5.50555e-07 6.49902e-08 6.1896e-09
 1.76084e-11 1.91206e-09 1.22412e-07 4.62043e-06 0.000102821 0.00134905 0.0104362 0.0476177 0.128354 0.20607 0.205015 0.147964 0.106386 0.078294 0.0440576 0.0171635 0.00522788 0.00147032 0.000380741 8.61918e-05 1.71434e-05 2.93777e-06 4.175e-07 4.78179e-08 4.31553e-09
 1.74147e-11 1.89103e-09 1.21065e-07 4.56961e-06 0.00010169 0.00133421 0.0103215 0.0470951 0.126958 0.203935 0.203387 0.148102 0.108153 0.0803365 0.0453087 0.0176377 0.00535205 0.00149149 0.000379116 8.31156e-05 1.58451e-05 2.60012e-06 3.56921e-07 4.00082e-08 3.54924e-09
 1.72447e-11 1.87257e-09 1.19883e-07 4.525e-06 0.000100697 0.00132119 0.0102208 0.0466366 0.125735 0.202072 0.202013 0.148376 0.109937 0.0822783 0.0463305 0.0178286 0.0052708 0.00142473 0.0003554 7.69867e-05 1.44373e-05 2.30507e-06 3.04486e-07 3.27099e-08 2.7956e-09
 1.75766e-11 1.90861e-09 1.22191e-07 4.61209e-06 0.000102635 0.00134661 0.0104174 0.0475322 0.128128 0.205746 0.204871 0.148325 0.107192 0.078974 0.0441257 0.0167717 0.00482605 0.00125697 0.000303194 6.36395e-05 1.16027e-05 1.81457e-06 2.35214e-07 2.46357e-08 2.0345e-09
 1.76599e-11 1.91766e-09 1.2277e-07 4.63396e-06 0.000103122 0.00135299 0.0104668 0.0477568 0.128725 0.206634 0.205427 0.147871 0.105833 0.0777092 0.0437808 0.0171458 0.00526352 0.00147109 0.000364462 7.53316e-05 1.32713e-05 2.00238e-06 2.51448e-07 2.56529e-08 2.07057e-09
 1.81431e-11 1.97012e-09 1.26129e-07 4.76073e-06 0.000105943 0.00139001 0.010753 0.0490607 0.13221 0.211991 0.209633 0.147922 0.102023 0.0730078 0.0404829 0.0154004 0.00446384 0.00118171 0.000292786 6.34611e-05 1.17476e-05 1.79933e-06 2.2186e-07 2.18991e-08 1.70908e-09
 1.76585e-11 1.9175e-09 1.2276e-07 4.63359e-06 0.000103114 0.00135289 0.0104659 0.0477531 0.128716 0.206633 0.205484 0.148059 0.10613 0.0779086 0.0437013 0.0168777 0.00503115 0.00136242 0.000333097 6.92444e-05 1.24468e-05 1.92939e-06 2.46862e-07 2.5033e-08 1.95262e-09
 1.81301e-11 1.96871e-09 1.26039e-07 4.75734e-06 0.000105868 0.00138902 0.0107453 0.0490258 0.132117 0.211855 0.209556 0.148019 0.102276 0.0732353 0.0405338 0.0153125 0.00436187 0.00112396 0.000270338 5.67961e-05 1.02588e-05 1.56018e-06 1.94449e-07 1.9597e-08 1.55674e-09
 1.87148e-11 2.0322e-09 1.30103e-07 4.91075e-06 0.000109282 0.00143381 0.0110917 0.0506035 0.136333 0.218322 0.214568 0.14787 0.0973507 0.0673535 0.0366701 0.0135284 0.00365121 0.000868696 0.000194622 3.86221e-05 6.70316e-06 1.00564e-06 1.25237e-07 1.25182e-08 9.77967e-10
 1.79091e-11 1.94472e-09 1.24503e-07 4.69935e-06 0.000104577 0.00137209 0.0106144 0.0484297 0.130528 0.209441 0.207804 0.148469 0.104738 0.0758604 0.0418349 0.0154398 0.00413738 0.000966422 0.000208922 3.90316e-05 6.26712e-06 8.74948e-07 1.03397e-07 1.00335e-08 7.74206e-10
 1.81747e-11 1.97356e-09 1.26349e-07 4.76905e-06 0.000106128 0.00139243 0.0107718 0.0491464 0.132442 0.212368 0.210031 0.148263 0.10229 0.073049 0.0401401 0.0148258 0.00398784 0.000935927 0.000202291 3.74013e-05 5.84702e-06 7.77727e-07 8.58545e-08 7.73687e-09 5.6114e-10
 1.83992e-11 1.99793e-09 1.27909e-07 4.82793e-06 0.000107439 0.00140963 0.0109047 0.049752 0.13406 0.214855 0.211975 0.148261 0.100483 0.0708432 0.038625 0.0140554 0.0036467 0.000811297 0.000169002 3.08929e-05 4.82183e-06 6.37538e-07 6.90177e-08 5.98236e-09 4.09451e-10
 1.76215e-11 1.91348e-09 1.22503e-07 4.62387e-06 0.000102898 0.00135005 0.010444 0.0476539 0.128458 0.206295 0.205502 0.148992 0.107846 0.0792038 0.0435342 0.0156751 0.00392553 0.000819851 0.000160145 2.77024e-05 4.11278e-06 5.25819e-07 5.60948e-08 4.82198e-09 3.2503e-10
#obs surv len freq
 1.24667e-11 1.35373e-09 8.66672e-08 3.27126e-06 7.27974e-05 0.000955141 0.00738959 0.0337313 0.0911208 0.147901 0.154801 0.132573 0.124681 0.11357 0.083427 0.0525094 0.0304153 0.0157719 0.0071599 0.00278477 0.000879132 0.000211627 3.68592e-05 4.45662e-06 3.6179e-07
 6.29158e-12 6.83191e-10 4.37385e-08 1.65092e-06 3.67397e-05 0.000482089 0.00373151 0.0170733 0.0466616 0.0800104 0.103318 0.136911 0.179182 0.17597 0.122446 0.0689153 0.0361952 0.0177137 0.00760775 0.00274322 0.00079417 0.000175425 2.80514e-05 3.10006e-06 2.28461e-07
 1.88143e-11 2.04301e-09 1.30795e-07 4.93686e-06 0.000109863 0.00144142 0.0111504 0.0508657 0.136955 0.218599 0.211294 0.136028 0.0782271 0.0545945 0.0414623 0.0291733 0.0172912 0.00821254 0.00320241 0.0010467 0.000276587 5.56473e-05 8.0812e-06 8.11061e-07 5.43132e-08
 1.44025e-11 1.56394e-09 1.00125e-07 3.77922e-06 8.41017e-05 0.00110347 0.00853759 0.0389791 0.105374 0.171444 0.180339 0.15357 0.136376 0.108525 0.0605365 0.0232221 0.00758442 0.00279909 0.00107598 0.000344157 8.39944e-05 1.52276e-05 1.98808e-06 1.79789e-07 1.08683e-08
 1.74221e-11 1.89183e-09 1.21117e-07 4.57156e-06 0.000101734 0.00133479 0.0103264 0.0471248 0.12711 0.204564 0.204972 0.149627 0.106839 0.0768114 0.0438083 0.0186332 0.00637799 0.00181733 0.000432657 9.31644e-05 1.86376e-05 3.05947e-06 3.64718e-07 2.97691e-08 1.61541e-09
 1.59162e-11 1.72831e-09 1.10648e-07 4.17642e-06 9.29408e-05 0.00121945 0.00943476 0.0430708 0.116358 0.188575 0.194432 0.154574 0.123657 0.0920644 0.0500953 0.0190065 0.00560081 0.00143502 0.000315747 5.60454e-05 7.89183e-06 8.97362e-07 8.1979e-08 5.65746e-09 2.72301e-10
 1.58839e-11 1.72481e-09 1.10424e-07 4.16795e-06 9.27526e-05 0.00121698 0.00941594 0.0429891 0.11618 0.188521 0.195046 0.155786 0.124199 0.0914275 0.0493512 0.0187004 0.00544908 0.00131745 0.000258622 3.97282e-05 4.74723e-06 4.35548e-07 2.98676e-08 1.5003e-09 5.43432e-11
 1.67167e-11 1.81523e-09 1.16213e-07 4.38647e-06 9.76152e-05 0.00128078 0.0099095 0.0452399 0.122219 0.197923 0.202747 0.156374 0.117484 0.0824797 0.0430049 0.0156774 0.00434487 0.000996833 0.000186396 2.69322e-05 2.92634e-06 2.34822e-07 1.36174e-08 5.59135e-10 1.5963e-11
 1.5862e-11 1.72243e-09 1.10271e-07 4.1622e-06 9.26249e-05 0.00121533 0.00940381 0.0429452 0.116177 0.189162 0.197612 0.16016 0.126933 0.0899443 0.0456666 0.0157304 0.00397657 0.000817904 0.000138789 1.84782e-05 1.86022e-06 1.37838e-07 7.28469e-09 2.66748e-10 6.62244e-12
 1.65748e-11 1.79982e-09 1.15226e-07 4.34923e-06 9.67872e-05 0.00126995 0.0098264 0.0448738 0.121364 0.197298 0.204437 0.160969 0.12131 0.0821143 0.0399378 0.0129322 0.00295064 0.000527708 7.74117e-05 8.97646e-06 7.91691e-07 5.19513e-08 2.466e-09 8.18643e-11 1.84516e-12
 1.62055e-11 1.75973e-09 1.1266e-07 4.25236e-06 9.46318e-05 0.00124169 0.00960838 0.0438896 0.118818 0.19384 0.2031 0.163693 0.125551 0.0843745 0.040087 0.0125083 0.0026866 0.000438431 5.73161e-05 5.8232e-06 4.42087e-07 2.47257e-08 1.00421e-09 2.88597e-11 5.70559e-13
 1.63772e-11 1.77837e-09 1.13853e-07 4.29741e-06 9.56347e-05 0.00125486 0.00971072 0.0443632 0.120152 0.196234 0.205959 0.165553 0.124816 0.0814335 0.0371617 0.0108658 0.0020793 0.000284301 3.05354e-05 2.62054e-06 1.71815e-07 8.29872e-09 2.88942e-10 7.08493e-12 1.19441e-13
 1.63461e-11 1.775e-09 1.13637e-07 4.28926e-06 9.54538e-05 0.00125251 0.00969308 0.0442914 0.120036 0.196424 0.207077 0.167176 0.125195 0.080239 0.035926 0.0103427 0.00195641 0.000263101 2.70151e-05 2.11078e-06 1.1987e-07 4.84135e-09 1.3949e-10 2.85813e-12 4.08257e-14
 1.29935e-11 1.41094e-09 9.03298e-08 3.40955e-06 7.5879e-05 0.000995781 0.0077101 0.0352984 0.0963758 0.162082 0.186294 0.179516 0.158658 0.108165 0.0484066 0.0136019 0.00247194 0.000313878 3.01279e-05 2.21125e-06 1.18673e-07 4.49298e-09 1.18395e-10 2.14776e-12 2.63976e-14
 1.46525e-11 1.59109e-09 1.01863e-07 3.84488e-06 8.55667e-05 0.00112288 0.00869296 0.0397726 0.108288 0.180021 0.198833 0.175645 0.14164 0.0917062 0.0402767 0.0114169 0.00216703 0.000296337 3.03995e-05 2.27456e-06 1.18534e-07 4.22583e-09 1.03359e-10 1.73303e-12 1.96489e-14
 1.42075e-11 1.54277e-09 9.87699e-08 3.72814e-06 8.297e-05 0.00108887 0.00843131 0.0386017 0.105338 0.176354 0.198289 0.179832 0.146431 0.093263 0.0395767 0.0106173 0.00184534 0.000223484 2.03702e-05 1.42062e-06 7.27642e-08 2.62386e-09 6.48589e-11 1.07565e-12 1.17376e-14
 1.57707e-11 1.71252e-09 1.09637e-07 4.13833e-06 9.20982e-05 0.00120862 0.00935732 0.0428153 0.116535 0.193104 0.209681 0.175722 0.13052 0.0783792 0.0323025 0.00857591 0.00149948 0.000184287 1.67637e-05 1.1198e-06 5.27995e-08 1.71809e-09 3.84991e-11 5.92091e-13 6.15214e-15
 1.44718e-11 1.57147e-09 1.00607e-07 3.79753e-06 8.45164e-05 0.00110925 0.00859129 0.0393623 0.107614 0.180855 0.203982 0.1827 0.143052 0.0867184 0.0351467 0.00906416 0.00152315 0.000177978 1.53594e-05 9.83889e-07 4.50644e-08 1.42827e-09 3.08025e-11 4.46122e-13 4.27399e-15
 1.4902e-11 1.61819e-09 1.03599e-07 3.91045e-06 8.70305e-05 0.00114228 0.00884766 0.0405416 0.110839 0.18603 0.208204 0.182239 0.13796 0.0813921 0.0325782 0.00846541 0.00147133 0.000181293 1.63321e-05 1.05341e-06 4.69102e-08 1.41644e-09 2.8902e-11 3.96496e-13 3.60893e-15
 1.57384e-11 1.70901e-09 1.09413e-07 4.12994e-06 9.19156e-05 0.0012064 0.00934415 0.042809 0.116919 0.195326 0.214942 0.180561 0.129344 0.0728739 0.028154 0.00708112 0.00118833 0.000141173 1.2353e-05 7.865e-07 3.51189e-08 1.06969e-09 2.18507e-11 2.94801e-13 2.58724e-15
 1.50311e-11 1.6322e-09 1.04496e-07 3.94439e-06 8.77897e-05 0.00115239 0.00892936 0.0409582 0.11227 0.189459 0.213413 0.185551 0.135613 0.0758347 0.028571 0.00692271 0.00110234 0.000122127 9.87596e-06 5.83661e-07 2.44497e-08 7.06263e-10 1.38252e-11 1.80484e-13 1.54357e-15
 1.57423e-11 1.70944e-09 1.09441e-07 4.13106e-06 9.19452e-05 0.00120696 0.00935222 0.0428925 0.117469 0.19741 0.219048 0.183737 0.127939 0.0686897 0.025146 0.00596874 0.00093481 0.000101535 7.94176e-06 4.45326e-07 1.73966e-08 4.63227e-10 8.32046e-12 9.98818e-14 7.90567e-16
 1.51757e-11 1.64791e-09 1.05503e-07 3.98246e-06 8.86424e-05 0.00116379 0.00902191 0.041433 0.113896 0.193248 0.21879 0.188381 0.132562 0.0701143 0.0248111 0.00559055 0.00081073 7.9337e-05 5.52671e-06 2.79742e-07 1.00866e-08 2.51216e-10 4.22477e-12 4.7188e-14 3.44814e-16
 1.64146e-11 1.78244e-09 1.14116e-07 4.30757e-06 9.5878e-05 0.00125872 0.00975589 0.0447677 0.122692 0.206032 0.226389 0.18339 0.119868 0.0599652 0.0205208 0.00453996 0.00065295 6.35039e-05 4.33776e-06 2.0928e-07 6.97627e-09 1.57164e-10 2.36888e-12 2.37719e-14 1.57483e-16
 1.53916e-11 1.67137e-09 1.07006e-07 4.03932e-06 8.99153e-05 0.00118075 0.00915827 0.0421123 0.116069 0.197739 0.224087 0.189853 0.128211 0.0643826 0.0217002 0.00469068 0.000656318 6.1849e-05 4.0811e-06 1.90158e-07 6.12738e-09 1.331e-10 1.91675e-12 1.8101e-14 1.10937e-16
 1.34716e-11 1.46289e-09 9.36604e-08 3.53579e-06 7.87222e-05 0.00103434 0.00803531 0.0371118 0.103517 0.181701 0.218848 0.201328 0.144265 0.0736145 0.0245245 0.00517109 0.000699497 6.31103e-05 3.94959e-06 1.7363e-07 5.27529e-09 1.08177e-10 1.47242e-12 1.31543e-14 7.62912e-17
 1.61182e-11 1.75027e-09 1.12059e-07 4.2302e-06 9.41713e-05 0.00123685 0.00959681 0.0441554 0.121754 0.206942 0.231239 0.188176 0.11907 0.0558434 0.0177272 0.00363295 0.000482131 4.27487e-05 2.61217e-06 1.10727e-07 3.20104e-09 6.17986e-11 7.86111e-13 6.5362e-15 3.52341e-17
 1.44726e-11 1.57159e-09 1.00622e-07 3.79878e-06 8.45865e-05 0.00111164 0.00863948 0.039923 0.111308 0.194189 0.228334 0.198869 0.132016 0.062226 0.0191358 0.00368154 0.000442122 3.40014e-05 1.74764e-06 6.24814e-08 1.57437e-09 2.75089e-11 3.24513e-13 2.52578e-15 1.27469e-17
 1.23797e-11 1.34435e-09 8.6078e-08 3.2502e-06 7.24007e-05 0.000952512 0.00742338 0.0345493 0.0980313 0.177803 0.223873 0.211247 0.148054 0.0711949 0.0219797 0.00425282 0.00052015 4.13205e-05 2.19459e-06 7.88947e-08 1.90207e-09 3.02149e-11 3.1261e-13 2.1014e-15 9.18763e-18
#pred catch len freq
 1.20387e-11 1.30725e-09 8.36916e-08 3.15894e-06 7.02979e-05 0.000922348 0.00713591 0.0325741 0.0880058 0.142927 0.149933 0.128971 0.12081 0.107477 0.0762608 0.0481058 0.0307852 0.0199239 0.0132211 0.00925292 0.00697437 0.00575069 0.00492633 0.00377433 0.00219483
 9.88186e-12 1.07305e-09 6.86978e-08 2.593e-06 5.7704e-05 0.000757127 0.0058584 0.0267598 0.072535 0.119717 0.134513 0.138084 0.152739 0.141003 0.0937203 0.0505604 0.027013 0.0149196 0.0083853 0.0048741 0.00302159 0.00208438 0.00158028 0.00114924 0.000664575
 1.33178e-11 1.44616e-09 9.25843e-08 3.49459e-06 7.77673e-05 0.00102035 0.00789394 0.0360305 0.0972918 0.157588 0.163348 0.135557 0.121616 0.106283 0.0749306 0.0459307 0.02641 0.0135333 0.0063347 0.00296414 0.00145379 0.000780474 0.000477503 0.000306725 0.000168922
 1.64668e-11 1.7881e-09 1.14476e-07 4.32089e-06 9.61551e-05 0.00126159 0.00975978 0.0445342 0.120081 0.193102 0.193598 0.143735 0.108921 0.0843547 0.0517703 0.0253358 0.0121189 0.00611501 0.00298734 0.00131731 0.000529265 0.000212211 9.46345e-05 4.7843e-05 2.33092e-05
 1.58737e-11 1.7237e-09 1.10353e-07 4.16527e-06 9.2692e-05 0.00121616 0.00940849 0.0429354 0.115827 0.186724 0.189377 0.146285 0.117707 0.093338 0.0558719 0.0248868 0.00987424 0.00391956 0.0015496 0.000618613 0.000239047 8.40448e-05 2.78607e-05 9.81012e-06 3.70162e-06
 1.63825e-11 1.77894e-09 1.1389e-07 4.29877e-06 9.56628e-05 0.00125513 0.00970989 0.0443078 0.119489 0.192301 0.193502 0.145509 0.11247 0.0877139 0.0530897 0.0245577 0.0101419 0.00391041 0.00133701 0.000420929 0.00012973 3.93057e-05 1.12341e-05 2.99069e-06 7.86444e-07
 1.59309e-11 1.7299e-09 1.1075e-07 4.18026e-06 9.30258e-05 0.00122054 0.00944236 0.0430897 0.11624 0.187364 0.189906 0.146382 0.117423 0.0929918 0.0556934 0.0248295 0.00977838 0.00371548 0.00128877 0.000396876 0.000107554 2.59782e-05 5.84315e-06 1.24161e-06 2.45177e-07
 1.62856e-11 1.76842e-09 1.13216e-07 4.27334e-06 9.50971e-05 0.00124771 0.00965251 0.044047 0.118798 0.191291 0.192965 0.146342 0.114522 0.0895234 0.0534276 0.0237641 0.00927452 0.00343815 0.00114788 0.00034283 9.14765e-05 2.10802e-05 4.11914e-06 6.92554e-07 1.03449e-07
 1.63131e-11 1.77141e-09 1.13407e-07 4.28056e-06 9.52578e-05 0.00124982 0.00966881 0.0441211 0.118994 0.191576 0.193109 0.146082 0.113905 0.0889918 0.0533539 0.0240384 0.00956191 0.00358736 0.00119496 0.000350308 9.0539e-05 2.01685e-05 3.79316e-06 5.88466e-07 7.42569e-08
 1.66912e-11 1.81247e-09 1.16036e-07 4.37978e-06 9.74656e-05 0.00127879 0.00989283 0.0451418 0.121727 0.19581 0.196597 0.146666 0.111756 0.085877 0.0505735 0.0219371 0.00825784 0.0029954 0.000996747 0.000295286 7.64605e-05 1.67852e-05 3.06712e-06 4.57773e-07 5.4475e-08
 1.70447e-11 1.85085e-09 1.18493e-07 4.47252e-06 9.95295e-05 0.00130586 0.0101022 0.0460958 0.124278 0.19974 0.199727 0.146852 0.109208 0.08264 0.0482013 0.0205428 0.00747843 0.00259604 0.000821584 0.000232758 5.90537e-05 1.29542e-05 2.36533e-06 3.48316e-07 4.02893e-08
 1.7322e-11 1.88096e-09 1.20421e-07 4.54528e-06 0.000101149 0.00132711 0.0102665 0.0468441 0.126278 0.202816 0.202146 0.146898 0.107054 0.0799852 0.0463539 0.0195655 0.00699813 0.00237467 0.000729371 0.000197993 4.775e-05 1.00062e-05 1.77629e-06 2.58764e-07 2.97342e-08
 1.7605e-11 1.91169e-09 1.22388e-07 4.61954e-06 0.000102801 0.00134879 0.0104342 0.0476081 0.128323 0.205982 0.204746 0.147304 0.1054 0.0776308 0.044301 0.0180491 0.00605894 0.00193664 0.000573596 0.000151382 3.53371e-05 7.09886e-06 1.19977e-06 1.67093e-07 1.86151e-08
 1.68921e-11 1.83428e-09 1.17432e-07 4.43247e-06 9.86383e-05 0.00129417 0.0100118 0.0456847 0.123188 0.19814 0.198835 0.148038 0.112252 0.085378 0.0488101 0.0194758 0.00623234 0.00187244 0.000520311 0.00012851 2.83746e-05 5.47178e-06 8.90532e-07 1.18819e-07 1.26342e-08
 1.67732e-11 1.82137e-09 1.16606e-07 4.40129e-06 9.79444e-05 0.00128507 0.00994144 0.045364 0.12233 0.196814 0.197761 0.147916 0.113024 0.0864333 0.0496877 0.0200778 0.00656601 0.00199527 0.000543195 0.000127363 2.6254e-05 4.71775e-06 7.20874e-07 9.1396e-08 9.30231e-09
 1.74853e-11 1.89869e-09 1.21556e-07 4.58813e-06 0.000102102 0.00133962 0.0103633 0.0472855 0.127465 0.204699 0.203912 0.147864 0.107221 0.079392 0.0449118 0.0177108 0.00554327 0.00162018 0.000437336 0.000103259 2.11308e-05 3.65634e-06 5.24727e-07 6.19414e-08 5.89924e-09
 1.78482e-11 1.9381e-09 1.24079e-07 4.68336e-06 0.000104221 0.00136742 0.0105783 0.0482648 0.130082 0.208716 0.207041 0.147821 0.10424 0.0757978 0.0425079 0.016548 0.00503976 0.00141739 0.000367034 8.30888e-05 1.65263e-05 2.83201e-06 4.02469e-07 4.60964e-08 4.16017e-09
 1.77947e-11 1.93229e-09 1.23707e-07 4.66933e-06 0.000103909 0.00136332 0.0105466 0.0481205 0.129697 0.208128 0.206597 0.147874 0.104751 0.0763796 0.042853 0.0166637 0.0050555 0.00140881 0.000358099 7.8508e-05 1.49667e-05 2.45598e-06 3.37135e-07 3.77903e-08 3.35249e-09
 1.77566e-11 1.92816e-09 1.23443e-07 4.65934e-06 0.000103687 0.0013604 0.0105241 0.0480179 0.129424 0.20772 0.206333 0.148056 0.105334 0.0769352 0.043028 0.0165343 0.00488689 0.00132091 0.000329501 7.13764e-05 1.33852e-05 2.1371e-06 2.82297e-07 3.03262e-08 2.59188e-09
 1.77752e-11 1.93018e-09 1.23572e-07 4.66421e-06 0.000103795 0.00136183 0.0105351 0.0480682 0.129559 0.207937 0.206545 0.148196 0.105399 0.0768962 0.0428462 0.016276 0.00468291 0.00121967 0.000294196 6.17509e-05 1.12584e-05 1.76072e-06 2.28234e-07 2.39046e-08 1.97412e-09
 1.80539e-11 1.96044e-09 1.25509e-07 4.73735e-06 0.000105423 0.00138318 0.0107002 0.04882 0.131564 0.210982 0.208758 0.147639 0.102312 0.0736109 0.0412313 0.0161277 0.00494992 0.0013834 0.000342737 7.0841e-05 1.24802e-05 1.88302e-06 2.36459e-07 2.41237e-08 1.94714e-09
 1.83178e-11 1.9891e-09 1.27344e-07 4.80659e-06 0.000106964 0.00140339 0.0108565 0.0495322 0.133469 0.213919 0.211106 0.147809 0.100447 0.0711811 0.0393572 0.0149631 0.0043366 0.00114801 0.000284435 6.16511e-05 1.14125e-05 1.74801e-06 2.15533e-07 2.12745e-08 1.66033e-09
 1.81119e-11 1.96674e-09 1.25913e-07 4.75257e-06 0.000105761 0.00138762 0.0107345 0.0489766 0.131984 0.211636 0.209311 0.147779 0.102059 0.0731798 0.0407735 0.0157248 0.00468628 0.00126898 0.000310253 6.44955e-05 1.15931e-05 1.79707e-06 2.29932e-07 2.33162e-08 1.8187e-09
 1.86589e-11 2.02613e-09 1.29715e-07 4.89608e-06 0.000108955 0.00142952 0.0110586 0.0504525 0.135928 0.217687 0.214011 0.147671 0.0974957 0.0676998 0.0371301 0.0139996 0.00398645 0.00102717 0.000247057 5.19048e-05 9.37528e-06 1.42582e-06 1.77703e-07 1.79093e-08 1.42267e-09
 1.91317e-11 2.07748e-09 1.33002e-07 5.02016e-06 0.000111716 0.00146575 0.0113387 0.0517285 0.139337 0.222919 0.218075 0.147578 0.0935545 0.0629705 0.0339937 0.012518 0.00337736 0.000803499 0.000180014 3.57232e-05 6.20003e-06 9.30157e-07 1.15837e-07 1.15786e-08 9.04563e-10
 1.84984e-11 2.00871e-09 1.28599e-07 4.85398e-06 0.000108018 0.00141723 0.0109635 0.0500197 0.134774 0.215939 0.212759 0.148053 0.0993682 0.0696624 0.0380529 0.0140156 0.00375432 0.000876895 0.000189566 3.54156e-05 5.68651e-06 7.9389e-07 9.38176e-08 9.10399e-09 7.02481e-10
 1.8827e-11 2.04439e-09 1.30883e-07 4.94019e-06 0.000109937 0.0014424 0.0111582 0.0509062 0.137141 0.21956 0.215516 0.147804 0.096349 0.0661908 0.035953 0.0132465 0.00356139 0.000835781 0.000180645 3.3399e-05 5.22134e-06 6.94503e-07 7.66673e-08 6.90895e-09 5.01093e-10
 1.91212e-11 2.07634e-09 1.32929e-07 5.01741e-06 0.000111655 0.00146494 0.0113325 0.0517003 0.139263 0.222815 0.218041 0.147734 0.093877 0.0632316 0.0339987 0.0123349 0.0031985 0.000711518 0.000148215 2.70932e-05 4.22876e-06 5.59123e-07 6.05288e-08 5.24655e-09 3.5909e-10
 1.88328e-11 2.04502e-09 1.30924e-07 4.94173e-06 0.000109971 0.00144285 0.0111617 0.0509223 0.137186 0.219646 0.215667 0.148078 0.0967187 0.0664051 0.0357866 0.0128314 0.00321078 0.000670485 0.000130967 2.2655e-05 3.36343e-06 4.30015e-07 4.58743e-08 3.94341e-09 2.6581e-10
#obs catch len freq
 1.0746e-11 1.16689e-09 7.47054e-08 2.81976e-06 6.27501e-05 0.000823326 0.00637017 0.029087 0.0787001 0.128751 0.139486 0.131444 0.136638 0.128555 0.0938754 0.0584984 0.0345107 0.018855 0.00909029 0.00369316 0.00119955 0.000297046 5.3654e-05 6.76386e-06 5.71609e-07
 1.21599e-11 1.32042e-09 8.45346e-08 3.19077e-06 7.10062e-05 0.000931646 0.00720801 0.0329064 0.0889415 0.144704 0.152802 0.133618 0.127699 0.116252 0.0849992 0.0531919 0.0304929 0.015587 0.0069433 0.00262921 0.000800586 0.000184211 3.04194e-05 3.46266e-06 2.63099e-07
 6.14415e-12 6.67183e-10 4.27136e-08 1.61224e-06 3.5879e-05 0.000470805 0.00364449 0.0166816 0.0456649 0.0787855 0.103397 0.139172 0.181787 0.176845 0.122064 0.0682621 0.0354993 0.0171034 0.00718983 0.00251934 0.000702748 0.000148231 2.24489e-05 2.33383e-06 1.60932e-07
 1.87373e-11 2.03465e-09 1.3026e-07 4.91667e-06 0.000109413 0.00143553 0.0111049 0.0506597 0.136417 0.217848 0.210951 0.136557 0.0792366 0.0554461 0.041911 0.0291538 0.0169826 0.00791058 0.00301649 0.000957342 0.000243419 4.67139e-05 6.42052e-06 6.05877e-07 3.79488e-08
 1.43965e-11 1.56329e-09 1.00083e-07 3.77764e-06 8.40666e-05 0.00110302 0.0085343 0.038968 0.105386 0.171704 0.181327 0.155187 0.137163 0.107621 0.0591508 0.0224412 0.00728397 0.00265504 0.000994302 0.000307311 7.20167e-05 1.24446e-05 1.53699e-06 1.30637e-07 7.38432e-09
 1.74687e-11 1.8969e-09 1.21441e-07 4.5838e-06 0.000102006 0.00133837 0.0103543 0.0472546 0.127486 0.20531 0.206091 0.150722 0.106983 0.0757823 0.0425701 0.0178447 0.00599767 0.00167063 0.000388685 8.15306e-05 1.56997e-05 2.45252e-06 2.76212e-07 2.11817e-08 1.07476e-09
 1.60342e-11 1.74113e-09 1.11469e-07 4.2074e-06 9.36302e-05 0.0012285 0.00950499 0.0433946 0.117263 0.190184 0.196366 0.155886 0.123166 0.0899835 0.0481137 0.0179715 0.00520494 0.0013025 0.000278172 4.77231e-05 6.46762e-06 7.0318e-07 6.08561e-08 3.9452e-09 1.77414e-10
 1.60401e-11 1.74176e-09 1.11509e-07 4.20893e-06 9.36646e-05 0.00122896 0.00950878 0.0434163 0.117363 0.190567 0.197329 0.157076 0.123332 0.0889345 0.0471274 0.0175581 0.00501624 0.00118146 0.000224781 3.33315e-05 3.82344e-06 3.34637e-07 2.17616e-08 1.03023e-09 3.49373e-11
 1.68986e-11 1.83499e-09 1.17477e-07 4.4342e-06 9.86776e-05 0.00129473 0.0100176 0.0457364 0.123586 0.200234 0.205162 0.157475 0.11625 0.0797581 0.0407591 0.0145924 0.00396179 0.00088454 0.000160012 2.22685e-05 2.31883e-06 1.7735e-07 9.75095e-09 3.77657e-10 1.01196e-11
 1.6108e-11 1.74914e-09 1.11981e-07 4.22675e-06 9.40615e-05 0.00123419 0.00954996 0.043616 0.118016 0.192227 0.200668 0.161285 0.125033 0.0863919 0.0429328 0.0145053 0.00358923 0.000717957 0.000117727 1.50764e-05 1.45259e-06 1.02451e-07 5.12872e-09 1.77124e-10 4.13087e-12
 1.68231e-11 1.8268e-09 1.16953e-07 4.41441e-06 9.82379e-05 0.00128899 0.00997399 0.0455513 0.12322 0.200375 0.207434 0.161916 0.119232 0.0785562 0.0373352 0.0118411 0.00264208 0.000459275 6.503e-05 7.24467e-06 6.11077e-07 3.81415e-08 1.71326e-09 5.35905e-11 1.13399e-12
 1.64945e-11 1.79111e-09 1.14668e-07 4.32818e-06 9.63194e-05 0.00126384 0.00978009 0.0446775 0.120974 0.19739 0.206468 0.164575 0.122995 0.0803287 0.0372553 0.0113743 0.00238672 0.000378198 4.76601e-05 4.64628e-06 3.37155e-07 1.79329e-08 6.88996e-10 1.86477e-11 3.45884e-13
 1.66651e-11 1.80964e-09 1.15855e-07 4.37297e-06 9.73163e-05 0.00127694 0.00988189 0.0451491 0.122305 0.199784 0.209308 0.166339 0.122127 0.0773591 0.0344199 0.00983668 0.00183854 0.000244308 2.52927e-05 2.07899e-06 1.30061e-07 5.9695e-09 1.96584e-10 4.53998e-12 7.18219e-14
 1.66439e-11 1.80734e-09 1.15707e-07 4.36742e-06 9.71934e-05 0.00127535 0.00987019 0.0451051 0.122267 0.2001 0.210512 0.167891 0.122331 0.0760631 0.0331829 0.00933041 0.00172195 0.000224702 2.221e-05 1.66141e-06 9.00752e-08 3.46039e-09 9.43362e-11 1.81963e-12 2.43748e-14
 1.33402e-11 1.44859e-09 9.27403e-08 3.50055e-06 7.79046e-05 0.00102239 0.00791669 0.0362512 0.0990168 0.166547 0.190697 0.180701 0.155204 0.102863 0.0448984 0.0123215 0.00218394 0.000269001 2.48394e-05 1.74295e-06 8.91543e-08 3.20727e-09 7.99764e-11 1.36743e-12 1.57885e-14
 1.49914e-11 1.62789e-09 1.04219e-07 3.93381e-06 8.75464e-05 0.00114888 0.00889483 0.0407027 0.110855 0.184301 0.20288 0.176457 0.138209 0.0868447 0.0371596 0.0102778 0.00189912 0.000251166 2.47334e-05 1.76893e-06 8.79113e-08 2.97894e-09 6.8933e-11 1.08858e-12 1.15862e-14
 1.45505e-11 1.58002e-09 1.01155e-07 3.81817e-06 8.49743e-05 0.0011152 0.0086359 0.0395462 0.107956 0.180747 0.202458 0.180609 0.142784 0.088238 0.0364613 0.00953987 0.00161467 0.000189338 1.65652e-05 1.10148e-06 5.36075e-08 1.83145e-09 4.27524e-11 6.67651e-13 6.84414e-15
 1.60903e-11 1.74722e-09 1.11859e-07 4.22219e-06 9.39653e-05 0.00123316 0.0095479 0.0436947 0.118966 0.19714 0.21338 0.176188 0.127072 0.07392 0.0296251 0.00766267 0.00130277 0.000154708 1.349e-05 8.59312e-07 3.85335e-08 1.1886e-09 2.51311e-11 3.63048e-13 3.53224e-15
 1.48089e-11 1.60808e-09 1.02951e-07 3.88602e-06 8.6487e-05 0.00113516 0.00879279 0.040295 0.11021 0.185223 0.208058 0.183246 0.139257 0.0818378 0.0322632 0.0081048 0.00132393 0.000149439 1.23527e-05 7.53338e-07 3.27485e-08 9.82277e-10 1.99769e-11 2.71925e-13 2.44178e-15
 1.52346e-11 1.6543e-09 1.05911e-07 3.99775e-06 8.89745e-05 0.00116784 0.00904659 0.0414632 0.113405 0.190332 0.212151 0.182637 0.134178 0.0766985 0.0298431 0.0075463 0.00127243 0.000151039 1.30111e-05 7.99007e-07 3.3789e-08 9.65654e-10 1.85696e-11 2.39128e-13 2.03721e-15
 1.60582e-11 1.74373e-09 1.11636e-07 4.21388e-06 9.37851e-05 0.00123099 0.00953556 0.0436959 0.119386 0.199433 0.218606 0.180733 0.125636 0.0685068 0.025701 0.00628569 0.00102278 0.000116979 9.77587e-06 5.914e-07 2.50157e-08 7.19606e-10 1.38367e-11 1.75221e-13 1.44012e-15
 1.53626e-11 1.6682e-09 1.06801e-07 4.03142e-06 8.97285e-05 0.00117791 0.00912825 0.0418825 0.114854 0.193789 0.217275 0.185663 0.131621 0.071252 0.0260673 0.00614035 0.000947979 0.000101121 7.80674e-06 4.37857e-07 1.73482e-08 4.72469e-10 8.68901e-12 1.06241e-13 8.4911e-16
 1.60647e-11 1.74445e-09 1.11683e-07 4.21571e-06 9.3831e-05 0.00123178 0.0095458 0.0437923 0.119981 0.201583 0.22266 0.183647 0.124027 0.0644015 0.0228707 0.00527264 0.000799739 8.3539e-05 6.23368e-06 3.31681e-07 1.22565e-08 3.07714e-10 5.191e-12 5.83106e-14 4.30689e-16
 1.55053e-11 1.6837e-09 1.07795e-07 4.06902e-06 9.05717e-05 0.0011892 0.00922042 0.0423588 0.116494 0.197586 0.222527 0.188184 0.128399 0.0656951 0.0225522 0.00493623 0.000693842 6.53901e-05 4.34728e-06 2.08446e-07 7.09129e-09 1.66192e-10 2.62238e-12 2.7404e-14 1.86906e-16
 1.67184e-11 1.81544e-09 1.16229e-07 4.38738e-06 9.76569e-05 0.00128216 0.00993902 0.0456213 0.12508 0.209972 0.229658 0.183012 0.116046 0.0560908 0.0185945 0.00399096 0.000555523 5.19521e-05 3.38451e-06 1.54796e-07 4.87577e-09 1.035e-10 1.46444e-12 1.37394e-14 8.48209e-17
 1.57156e-11 1.70655e-09 1.09259e-07 4.12443e-06 9.18133e-05 0.00120578 0.00935431 0.04303 0.118652 0.202031 0.227646 0.189383 0.124001 0.0602015 0.0196643 0.00412341 0.000558173 5.05496e-05 3.17846e-06 1.40223e-07 4.26341e-09 8.71714e-11 1.17825e-12 1.04121e-14 5.95614e-17
 1.3818e-11 1.50051e-09 9.60701e-08 3.62686e-06 8.07547e-05 0.0010612 0.00824653 0.0381086 0.106362 0.186518 0.222926 0.200832 0.139487 0.0689024 0.0222657 0.00455546 0.000596142 5.16842e-05 3.08151e-06 1.28179e-07 3.67096e-09 7.07776e-11 9.03192e-13 7.54213e-15 4.07845e-17
 1.64288e-11 1.784e-09 1.14219e-07 4.31184e-06 9.59934e-05 0.00126092 0.00978568 0.0450416 0.124247 0.211027 0.234436 0.187409 0.11499 0.0520845 0.0159986 0.00317566 0.000407095 3.46399e-05 2.01493e-06 8.08011e-08 2.20219e-09 3.99801e-11 4.76811e-13 3.7047e-15 1.86092e-17
 1.4804e-11 1.60759e-09 1.02928e-07 3.88598e-06 8.65347e-05 0.00113744 0.00884287 0.0408856 0.114051 0.198753 0.231936 0.197954 0.127367 0.0580525 0.0172972 0.00322821 0.000375536 2.78351e-05 1.36684e-06 4.62161e-08 1.09327e-09 1.78713e-11 1.96902e-13 1.42921e-15 6.71618e-18
#spawning biomass
 9352.27 7507.32 6241.98 6849.06 10632.1 17310.5 25214.6 33850.9 52055.7 68318.1 94231.6 136524 176765 196909 188231 163372 166302 181295 175472 159855 183655 198118 240213 248747 269889 294963 282240 266054 214794 164164 229109 125178 64080.9 35745.1 24210.2 19883.4 18347.2 17822.4 17648.1 17591.3 17573.2 17567.4 17565.6 17565 17564.9 17564.8 17564.8 17564.8 17564.8 17564.8 17564.8 17564.8 17564.8 17564.8 17564.8 17564.8 17564.8 17564.8 17564.8 17564.8 17564.8 17564.8 17564.8 17564.8 17564.8 17564.8 17564.8 17564.8 17564.8 17564.8 17564.8 17564.8 17564.8 17564.8 17564.8 17564.8 17564.8 17564.8 17564.8 17564.8 17564.8 17564.8 17564.8 17564.8 17564.8 17564.8 17564.8 17564.8 17564.8 17564.8 17564.8 17564.8 17564.8 17564.8 17564.8 17564.8 17564.8 17564.8 17564.8 17564.8 17564.8 17564.8 17564.8 17564.8 17564.8 17564.8 17564.8 17564.8 17564.8 17564.8 17564.8 17564.8 17564.8 17564.8 17564.8 17564.8 17564.8 17564.8 17564.8 17564.8 17564.8 17564.8 17564.8 17564.8 17564.8 17564.8 17564.8 17564.8 17564.8 0 0 0 0 0 0 0 0 0 0 0 0 0 0 0 0 0 0 0 0 0 0 0 0 0
