SBPRF35
0.178135
Curr Bio
138278
B35
190440
F35
0.666447
FOFL
0.557683
OFL
47856.4
Bzero
50895.7
#pred survey bio
 3435.09 4880.34 7767.93 13362.5 22545.8 28230.6 29737.7 32503.4 48022.8 70005.3 86514.4 92127.5 120689 164665 145206 126158 124007 133909 133912 127378 134018 118242 130495 144385 154393 169320 149917 140571 5.71257e+06 3.70676e+06 2.24296e+06 1.33592e+06 869352 646419 540810 489077 462311 447664 439281 434337 431370 429572 428473 427795 427390 427146 427000 426912 426858 426826 426807 426795 426788 426784 426781 426780 426779 426778 426778 426778 426778 426778 426778 426778 426778 426778 426778 426778 426777 426777 426777 426777 426777 426777 426777 426777 426777 426777 426777 426777 426777 426777 426777 426777 426777 426777 426777 426777 426777 426777 426777 426777 426777 426777 426777 426777 426777 426777 426777 426777 426777 426777 426777 426777 426777 426777 426777 426777 426777 426777 426777 426777 426777 426777 426777 426777 426777 426777 426777 426777 426777 426777 426777 426777 426777 426777 426777 426777 0 0 0 0 0 0 0 0 0 0 0 0 0 0 0 0 0 0 0 0 0 0 0 0 0
#obs survey bio
 2815.94 4494.79 10963 16537.3 32046.1 21013.6 29738.1 36016.8 52779.3 83108.1 76834.1 133142 138419 229876 186251 114284 173637 118119 124533 124637 102500 159965 112607 133144 178180 158838 173264 134007
#pred catch bio
 1214.66 2193.11 3229.68 6194.83 11370.7 13440.3 16728.3 17356.3 24240.2 38189.2 55372.8 55031.9 63670.4 110196 97826.9 82870 77233.6 89756.3 95010.2 85620 101343 82509.2 91715.9 105841 110761 132597 115384 89340.2 47856.4 65941.4 36353.8 19433.9 11605.4 8396.04 7178.08 6739.43 6587.2 6535.76 6518.73 6513.17 6511.38 6510.8 6510.62 6510.56 6510.55 6510.54 6510.54 6510.54 6510.54 6510.54 6510.54 6510.54 6510.54 6510.54 6510.54 6510.54 6510.54 6510.54 6510.54 6510.54 6510.54 6510.54 6510.54 6510.54 6510.54 6510.54 6510.54 6510.54 6510.54 6510.54 6510.54 6510.54 6510.54 6510.54 6510.54 6510.54 6510.54 6510.54 6510.54 6510.54 6510.54 6510.54 6510.54 6510.54 6510.54 6510.54 6510.54 6510.54 6510.54 6510.54 6510.54 6510.54 6510.54 6510.54 6510.54 6510.54 6510.54 6510.54 6510.54 6510.54 6510.54 6510.54 6510.54 6510.54 6510.54 6510.54 6510.54 6510.54 6510.54 6510.54 6510.54 6510.54 6510.54 6510.54 6510.54 6510.54 6510.54 6510.54 6510.54 6510.54 6510.54 6510.54 6510.54 6510.54 6510.54 6510.54 6510.54 6510.54 0 0 0 0 0 0 0 0 0 0 0 0 0 0 0 0 0 0 0 0 0 0 0 0 0
#obs catch bio
 2102.7 2300.03 2963.82 5750.48 10760.4 12864.3 18462.5 15870 21621.4 34344.7 55435.5 50168.5 57504.2 101785 96709 86542.9 71914.5 84867.4 93986 76752.2 98954.9 71309.4 87141.7 95906.5 103813 125906 111689 87082.1
#pred cpue bio
 2977.39 4001.66 6168.42 10756.5 17746.8 24145.4 25793.2 26022.7 38000.3 56899.3 71077.6 73984.2 95386.2 135039 121064 103766 100690 109337 107790 102218 107611 93609.8 102576 113573 119962 133225 117893 110091 4.6456e+06 3.66768e+06 2.20402e+06 1.29698e+06 830412 607479 501870 450136 423370 408723 400340 395397 392430 390631 389532 388854 388449 388205 388059 387971 387918 387886 387866 387855 387848 387843 387841 387839 387838 387838 387837 387837 387837 387837 387837 387837 387837 387837 387837 387837 387837 387837 387837 387837 387837 387837 387837 387837 387837 387837 387837 387837 387837 387837 387837 387837 387837 387837 387837 387837 387837 387837 387837 387837 387837 387837 387837 387837 387837 387837 387837 387837 387837 387837 387837 387837 387837 387837 387837 387837 387837 387837 387837 387837 387837 387837 387837 387837 387837 387837 387837 387837 387837 387837 387837 387837 387837 387837 387837 387837 0 0 0 0 0 0 0 0 0 0 0 0 0 0 0 0 0 0 0 0 0 0 0 0 0
#obs cpue bio
 3613.04 3938.22 9067.17 11146.2 14300.3 27250.9 17479.7 53965 52206 67696.7 63010.8 97129.9 112389 129544 83915 88061.5 118914 148233 115529 182798 140411 147725 118464 203486 123154 176617 115497 125927
#pred surv len freq
 1.48141e-11 1.60792e-09 1.02907e-07 3.88338e-06 8.64102e-05 0.00113374 0.00877183 0.0400364 0.108006 0.173886 0.175025 0.131723 0.102783 0.0837324 0.0580233 0.0364261 0.0235493 0.0156838 0.0108517 0.00795822 0.00628315 0.00539482 0.00475755 0.00370776 0.00217648
 1.64118e-11 1.78134e-09 1.14006e-07 4.30222e-06 9.57297e-05 0.00125602 0.00971772 0.0443504 0.119598 0.192183 0.191709 0.139648 0.102797 0.079607 0.05155 0.02859 0.0158059 0.00888796 0.00508716 0.0030682 0.00200964 0.00147188 0.0011712 0.000877048 0.000515011
 1.71619e-11 1.86276e-09 1.19216e-07 4.49885e-06 0.000100105 0.00131342 0.0101618 0.0463757 0.125041 0.200777 0.199559 0.143403 0.102762 0.0772858 0.0475685 0.0236957 0.0112838 0.00540493 0.00255891 0.00123304 0.000628427 0.000358627 0.000235465 0.000159195 9.00925e-05
 1.6515e-11 1.79254e-09 1.14722e-07 4.32927e-06 9.63316e-05 0.00126391 0.00977892 0.0446316 0.120382 0.19365 0.194147 0.143957 0.108886 0.0845099 0.0523322 0.0258141 0.0118369 0.0051901 0.00211056 0.000827879 0.000325968 0.000135802 6.50478e-05 3.54848e-05 1.81659e-05
 1.73698e-11 1.88533e-09 1.20661e-07 4.55336e-06 0.000101318 0.00132933 0.0102849 0.0469367 0.126543 0.203106 0.201485 0.143756 0.101716 0.0759921 0.0468473 0.0233903 0.0108828 0.00476448 0.00187011 0.000666881 0.000219336 6.89051e-05 2.25466e-05 8.47489e-06 3.45064e-06
 1.35978e-11 1.47591e-09 9.44583e-08 3.56456e-06 7.93162e-05 0.00104068 0.00805238 0.036766 0.0993659 0.161452 0.169445 0.145583 0.134841 0.114783 0.0712172 0.0334529 0.0143438 0.00602603 0.00235512 0.000834699 0.000261939 7.21208e-05 1.79859e-05 4.43591e-06 1.19498e-06
 1.32428e-11 1.43738e-09 9.19921e-08 3.4715e-06 7.72453e-05 0.00101351 0.00784203 0.0358035 0.0967356 0.156947 0.163655 0.138113 0.126291 0.11062 0.0765773 0.0449741 0.0241695 0.0110252 0.00417541 0.00140333 0.000427695 0.000114353 2.60699e-05 5.09717e-06 9.11342e-07
 1.69839e-11 1.84344e-09 1.1798e-07 4.45218e-06 9.90666e-05 0.00129979 0.0100564 0.045894 0.123735 0.198626 0.197168 0.141059 0.100572 0.0764466 0.0493682 0.0274115 0.0149238 0.00777916 0.0035917 0.00138803 0.000435135 0.00011261 2.45683e-05 4.46381e-06 6.66077e-07
 1.71086e-11 1.85697e-09 1.18846e-07 4.48487e-06 9.9794e-05 0.00130934 0.0101303 0.046233 0.124671 0.200307 0.199672 0.144996 0.105672 0.0796517 0.0477462 0.022201 0.00967025 0.00438395 0.00198386 0.000842558 0.000309003 9.10722e-05 2.08807e-05 3.72781e-06 5.2241e-07
 1.60227e-11 1.73911e-09 1.11303e-07 4.20022e-06 9.34602e-05 0.00122624 0.00948758 0.0433047 0.116842 0.188272 0.19024 0.144957 0.114411 0.0905209 0.0555536 0.0264095 0.0113877 0.00463521 0.00172633 0.000619845 0.000217684 6.90704e-05 1.79401e-05 3.55667e-06 5.21152e-07
 1.56136e-11 1.6947e-09 1.08461e-07 4.09297e-06 9.10739e-05 0.00119493 0.00924541 0.0422009 0.113885 0.183681 0.186419 0.144202 0.11654 0.0937244 0.0585305 0.028806 0.013021 0.00548308 0.00203164 0.000668696 0.000199105 5.46043e-05 1.36387e-05 2.86788e-06 4.6258e-07
 1.65022e-11 1.79116e-09 1.14634e-07 4.32593e-06 9.62573e-05 0.00126294 0.0097714 0.0445979 0.120301 0.193597 0.194454 0.14511 0.110773 0.0859241 0.0521906 0.0245258 0.0105421 0.00438917 0.00167191 0.000567961 0.000167482 4.21494e-05 9.14687e-06 1.72143e-06 2.70872e-07
 1.70895e-11 1.8549e-09 1.18713e-07 4.47986e-06 9.96825e-05 0.00130788 0.010119 0.0461817 0.124536 0.200118 0.199613 0.145301 0.106357 0.0804381 0.0483406 0.0224197 0.00939819 0.00376454 0.00137051 0.000453391 0.000134604 3.4348e-05 7.27267e-06 1.25602e-06 1.76363e-07
 1.56131e-11 1.69465e-09 1.08457e-07 4.09285e-06 9.1071e-05 0.0011949 0.00924515 0.0422003 0.113892 0.183757 0.186804 0.145274 0.118196 0.0948885 0.0582285 0.0274354 0.0116818 0.00469099 0.00167888 0.000536344 0.00015284 3.79467e-05 7.9841e-06 1.36991e-06 1.84943e-07
 1.4832e-11 1.60987e-09 1.03031e-07 3.88809e-06 8.6515e-05 0.00113512 0.00878285 0.0400944 0.108266 0.175149 0.18025 0.145876 0.125396 0.103144 0.0631749 0.0292016 0.0121236 0.00482032 0.00173518 0.000556655 0.000156659 3.77295e-05 7.65658e-06 1.2791e-06 1.69965e-07
 1.55016e-11 1.68255e-09 1.07683e-07 4.06361e-06 9.04206e-05 0.00118636 0.00917914 0.0418994 0.113085 0.182501 0.185738 0.145003 0.118682 0.0957131 0.0590995 0.0282015 0.0121893 0.00492056 0.00175169 0.000553815 0.000155211 3.73189e-05 7.47595e-06 1.2159e-06 1.56582e-07
 1.60337e-11 1.74031e-09 1.1138e-07 4.20312e-06 9.35247e-05 0.00122709 0.00949413 0.0433348 0.116925 0.188423 0.190474 0.145337 0.1149 0.090797 0.0553299 0.0258815 0.0109763 0.00445351 0.00162977 0.000528002 0.000148488 3.53874e-05 7.03322e-06 1.13528e-06 1.4404e-07
 1.57941e-11 1.7143e-09 1.09715e-07 4.14029e-06 9.21267e-05 0.00120875 0.00935228 0.0426885 0.115198 0.185771 0.188414 0.145388 0.116912 0.0932242 0.05696 0.026656 0.0112636 0.00451738 0.00162814 0.000525614 0.0001501 3.64896e-05 7.31264e-06 1.17617e-06 1.48031e-07
 1.63522e-11 1.77487e-09 1.13592e-07 4.2866e-06 9.53822e-05 0.00125146 0.00968263 0.0441939 0.119225 0.191985 0.193394 0.145776 0.113017 0.0881633 0.0531023 0.0242692 0.00993655 0.00390279 0.00139251 0.000445023 0.00012566 3.04446e-05 6.15852e-06 1.00454e-06 1.27422e-07
 1.63952e-11 1.77954e-09 1.1389e-07 4.29786e-06 9.56329e-05 0.00125475 0.00970809 0.0443104 0.119545 0.192539 0.194138 0.146802 0.114248 0.0888335 0.052488 0.0227797 0.00858814 0.00314324 0.00107108 0.000331777 9.19105e-05 2.19888e-05 4.40792e-06 7.17532e-07 9.16015e-08
 1.63986e-11 1.77991e-09 1.13914e-07 4.29876e-06 9.56527e-05 0.00125501 0.00971009 0.0443193 0.119565 0.192541 0.193996 0.146332 0.113515 0.0883724 0.0527601 0.0235163 0.00916711 0.00335126 0.00108397 0.000311168 8.08657e-05 1.85575e-05 3.62744e-06 5.81626e-07 7.36443e-08
 1.68705e-11 1.83113e-09 1.17192e-07 4.42247e-06 9.84054e-05 0.00129112 0.00998944 0.0455926 0.122976 0.197842 0.198429 0.147271 0.111147 0.0846849 0.0491856 0.0205911 0.00728754 0.00250071 0.000803467 0.000231176 5.81781e-05 1.25209e-05 2.29043e-06 3.49944e-07 4.30225e-08
 1.71615e-11 1.86272e-09 1.19214e-07 4.49876e-06 0.000100103 0.00131339 0.0101617 0.046377 0.12507 0.201027 0.200768 0.146764 0.108041 0.0813591 0.0475364 0.0203966 0.00746995 0.00256196 0.000778351 0.000208022 5.01269e-05 1.05874e-05 1.8779e-06 2.71713e-07 3.14415e-08
 1.71191e-11 1.85812e-09 1.18919e-07 4.48764e-06 9.98556e-05 0.00131015 0.0101366 0.0462629 0.124766 0.200578 0.200496 0.147026 0.108778 0.082024 0.0476776 0.0201455 0.00721562 0.00245759 0.000757829 0.000204352 4.78384e-05 9.53172e-06 1.60311e-06 2.23588e-07 2.49288e-08
 1.75398e-11 1.90378e-09 1.21841e-07 4.59791e-06 0.000102309 0.00134234 0.0103856 0.0473973 0.1278 0.205247 0.204182 0.147134 0.105561 0.0780165 0.0448328 0.0185878 0.00643729 0.00211632 0.000635201 0.000168569 3.94312e-05 7.86383e-06 1.29531e-06 1.72652e-07 1.82939e-08
 1.70766e-11 1.8535e-09 1.18624e-07 4.47649e-06 9.96074e-05 0.00130689 0.0101114 0.0461484 0.124463 0.200137 0.200274 0.147432 0.109746 0.0828767 0.0478388 0.0197602 0.0067681 0.00218498 0.000638375 0.000163551 3.70129e-05 7.22346e-06 1.1785e-06 1.55917e-07 1.61905e-08
 1.70648e-11 1.85222e-09 1.18542e-07 4.47339e-06 9.95386e-05 0.00130599 0.0101044 0.0461169 0.124382 0.200039 0.200327 0.147861 0.110495 0.0834293 0.0477423 0.0192027 0.00625122 0.00191979 0.000544617 0.000136522 3.0091e-05 5.68243e-06 8.96773e-07 1.15694e-07 1.18281e-08
 1.72248e-11 1.86959e-09 1.19654e-07 4.51535e-06 0.000100472 0.00131824 0.0101992 0.0465484 0.125534 0.201796 0.201632 0.147634 0.108863 0.0816424 0.0467937 0.0190062 0.00628986 0.00194004 0.000536786 0.000128471 2.70846e-05 4.94916e-06 7.58389e-07 9.47698e-08 9.38635e-09
#obs surv len freq
 1.28897e-11 1.39906e-09 8.95395e-08 3.37895e-06 7.51862e-05 0.000986494 0.00763321 0.0348537 0.094206 0.153051 0.160193 0.135923 0.124851 0.111735 0.0816679 0.0504635 0.0270104 0.0118283 0.00411065 0.00112713 0.000238085 3.73884e-05 4.21978e-06 3.31803e-07 1.76754e-08
 1.83986e-11 1.997e-09 1.27808e-07 4.82307e-06 0.000107319 0.00140807 0.0108939 0.0497126 0.133965 0.214444 0.209687 0.140788 0.0878803 0.0621562 0.0422358 0.0253886 0.0132377 0.00561313 0.00187395 0.000489278 9.76841e-05 1.442e-05 1.52361e-06 1.11778e-07 5.53821e-09
 1.56103e-11 1.69435e-09 1.08438e-07 4.09213e-06 9.10555e-05 0.00119471 0.00924416 0.0422049 0.114 0.184497 0.189285 0.149306 0.120498 0.0936016 0.0557021 0.02531 0.010004 0.00360769 0.00111378 0.000275651 5.20981e-05 7.22969e-06 7.13457e-07 4.86595e-08 2.23449e-09
 1.80832e-11 1.96276e-09 1.25616e-07 4.74038e-06 0.000105479 0.00138394 0.0107076 0.0488696 0.131778 0.211518 0.209083 0.145284 0.0955082 0.067501 0.0425136 0.0221658 0.00949266 0.00313511 0.000774001 0.000148844 2.31784e-05 2.84063e-06 2.56725e-07 1.61983e-08 6.88103e-10
 1.66083e-11 1.80268e-09 1.15371e-07 4.35375e-06 9.68769e-05 0.00127109 0.00983519 0.0449023 0.121256 0.195891 0.198907 0.150537 0.112575 0.0827135 0.0482637 0.0218589 0.00835567 0.00269624 0.00068532 0.000130627 1.82119e-05 1.83943e-06 1.34764e-07 7.11714e-09 2.63834e-10
 7.21599e-12 7.83228e-10 5.01266e-08 1.89164e-06 4.20932e-05 0.00055239 0.00427763 0.0196017 0.0538216 0.0933762 0.121905 0.155951 0.188256 0.170271 0.109005 0.0534049 0.0211799 0.0065447 0.0015103 0.000261422 3.41303e-05 3.27208e-06 2.21391e-07 1.02713e-08 3.21775e-10
 1.59299e-11 1.72904e-09 1.10658e-07 4.1759e-06 9.29193e-05 0.00121916 0.009433 0.0430577 0.116157 0.186713 0.185373 0.130809 0.0921183 0.0797374 0.069512 0.0492781 0.0251214 0.00880437 0.00214564 0.000372827 4.64905e-05 4.11207e-06 2.54096e-07 1.08e-08 3.09754e-10
 1.80114e-11 1.95497e-09 1.25118e-07 4.72156e-06 0.000105061 0.00137848 0.0106662 0.0486944 0.131449 0.211815 0.211955 0.151052 0.0997135 0.0657936 0.0369328 0.0177412 0.00812138 0.00330861 0.00102001 0.000216088 3.03743e-05 2.81365e-06 1.72102e-07 6.95404e-09 1.84785e-10
 1.59395e-11 1.73009e-09 1.10725e-07 4.17845e-06 9.29769e-05 0.00121996 0.00944093 0.043126 0.116702 0.189947 0.19743 0.15676 0.12071 0.0863273 0.0480159 0.0204656 0.00711067 0.00204916 0.000488565 9.53498e-05 1.42284e-05 1.47979e-06 1.00775e-07 4.3656e-09 1.19014e-10
 1.47005e-11 1.5956e-09 1.02118e-07 3.85365e-06 8.57503e-05 0.00112517 0.00870824 0.0397952 0.107859 0.176614 0.187384 0.156412 0.128134 0.0964316 0.0574291 0.0267983 0.00985232 0.00272469 0.000549352 8.20648e-05 9.34701e-06 8.09793e-07 5.11378e-08 2.21795e-09 6.27741e-11
 1.427e-11 1.54887e-09 9.91278e-08 3.7408e-06 8.32396e-05 0.00109225 0.00845406 0.0386439 0.104838 0.172211 0.184371 0.156509 0.130024 0.0989217 0.06033 0.0292654 0.0112281 0.00323762 0.000674485 0.000100012 1.04454e-05 7.60852e-07 3.85077e-08 1.35132e-09 3.25087e-11
 1.67244e-11 1.81528e-09 1.16178e-07 4.38421e-06 9.75559e-05 0.00128006 0.00990635 0.0452543 0.122442 0.198867 0.203975 0.154052 0.109278 0.0759796 0.045261 0.0219946 0.0085041 0.00248536 0.000529081 8.04016e-05 8.53091e-06 6.16544e-07 2.97519e-08 9.46085e-10 1.96606e-11
 1.52917e-11 1.65977e-09 1.06226e-07 4.00866e-06 8.92005e-05 0.0011705 0.00906039 0.0414244 0.112435 0.184753 0.196909 0.162605 0.126399 0.0877374 0.0476865 0.02031 0.00702494 0.00192603 0.000398358 5.98308e-05 6.31817e-06 4.55229e-07 2.18292e-08 6.83242e-10 1.37458e-11
 1.28854e-11 1.39859e-09 8.95098e-08 3.37787e-06 7.51662e-05 0.000986431 0.00763833 0.0349691 0.0953815 0.159488 0.179404 0.16583 0.145045 0.108407 0.0624907 0.0278107 0.0095282 0.00242529 0.000449154 6.05008e-05 5.87422e-06 3.99781e-07 1.84344e-08 5.59589e-10 1.09436e-11
 1.22415e-11 1.3287e-09 8.5037e-08 3.2091e-06 7.14115e-05 0.000937196 0.00725812 0.0332439 0.0908058 0.152459 0.173169 0.162658 0.14547 0.113417 0.070264 0.0339309 0.0123657 0.0032549 0.000604871 7.87155e-05 7.10467e-06 4.38788e-07 1.82832e-08 5.06351e-10 9.16546e-12
 1.36516e-11 1.48175e-09 9.48324e-08 3.57875e-06 7.96368e-05 0.00104512 0.0080929 0.0370467 0.100951 0.16787 0.18453 0.161115 0.13311 0.0997013 0.0613613 0.0300361 0.0112719 0.00309479 0.000601726 8.09547e-05 7.37598e-06 4.4676e-07 1.77415e-08 4.57111e-10 7.57247e-12
 1.35024e-11 1.46556e-09 9.37964e-08 3.53967e-06 7.87688e-05 0.0010338 0.00800708 0.0366811 0.10019 0.167757 0.187477 0.167295 0.137824 0.0988255 0.0566969 0.0258491 0.00924077 0.00248454 0.000482956 6.57233e-05 6.07746e-06 3.72064e-07 1.47782e-08 3.75136e-10 6.01753e-12
 1.39896e-11 1.51845e-09 9.71811e-08 3.66741e-06 8.16122e-05 0.00107114 0.0082967 0.0380105 0.103809 0.173543 0.192406 0.167889 0.134198 0.0941629 0.0530048 0.0233206 0.00784568 0.00195526 0.000353038 4.53051e-05 4.02387e-06 2.40005e-07 9.36086e-09 2.33852e-10 3.68429e-12
 1.41568e-11 1.5366e-09 9.83429e-08 3.71128e-06 8.25898e-05 0.00108403 0.00839785 0.0384905 0.105235 0.176339 0.196064 0.1705 0.133765 0.0910485 0.0494284 0.0209047 0.00674569 0.00160298 0.00027273 3.25679e-05 2.67517e-06 1.47923e-07 5.3921e-09 1.2712e-10 1.90588e-12
 1.41961e-11 1.54086e-09 9.86159e-08 3.72161e-06 8.28217e-05 0.00108714 0.00842362 0.0386292 0.10576 0.177766 0.198596 0.172866 0.134052 0.0892196 0.0469975 0.0190981 0.00586486 0.00131754 0.000210918 2.35884e-05 1.8048e-06 9.24234e-08 3.10597e-09 6.73795e-11 9.30646e-13
 1.43697e-11 1.5597e-09 9.9822e-08 3.76716e-06 8.38372e-05 0.00110054 0.00852886 0.039128 0.107222 0.180485 0.201671 0.174262 0.132696 0.0863897 0.0444437 0.017523 0.0051704 0.0011055 0.00016699 1.74914e-05 1.24639e-06 5.92056e-08 1.83986e-09 3.6808e-11 4.67717e-13
 1.47982e-11 1.60621e-09 1.02799e-07 3.87954e-06 8.63399e-05 0.00113345 0.00878485 0.0403109 0.110487 0.185837 0.206446 0.17505 0.129126 0.0813345 0.0405393 0.015441 0.00438075 0.000896162 0.000128719 1.27257e-05 8.49622e-07 3.75797e-08 1.08226e-09 1.99967e-11 2.34117e-13
 1.45529e-11 1.5796e-09 1.01096e-07 3.81534e-06 8.49153e-05 0.0011149 0.00864442 0.039708 0.109132 0.184763 0.207852 0.17867 0.131576 0.0809394 0.0387948 0.0140807 0.00379136 0.000734939 9.98269e-05 9.3035e-06 5.8329e-07 2.41294e-08 6.47298e-10 1.10984e-11 1.20181e-13
 1.44668e-11 1.57025e-09 1.00499e-07 3.79286e-06 8.44188e-05 0.00110851 0.00859747 0.0395214 0.108802 0.184812 0.208856 0.179866 0.131836 0.0804732 0.0381794 0.0135839 0.00353177 0.000652113 8.35831e-05 7.30876e-06 4.28515e-07 1.6541e-08 4.13269e-10 6.58675e-12 6.61715e-14
 1.44519e-11 1.56863e-09 1.00396e-07 3.78906e-06 8.43389e-05 0.00110762 0.00859369 0.0395387 0.109063 0.185956 0.21117 0.18185 0.131633 0.078534 0.036226 0.012481 0.00312991 0.000554722 6.77764e-05 5.60181e-06 3.07941e-07 1.10767e-08 2.56864e-10 3.79115e-12 3.52251e-14
 1.31807e-11 1.43067e-09 9.15677e-08 3.45606e-06 7.69388e-05 0.00101087 0.007852 0.0362374 0.10076 0.175168 0.206944 0.188308 0.142041 0.0856426 0.0390508 0.0131192 0.00317739 0.000540232 6.29978e-05 4.94564e-06 2.56932e-07 8.6885e-09 1.88449e-10 2.58939e-12 2.23122e-14
 1.33172e-11 1.44549e-09 9.25177e-08 3.492e-06 7.77429e-05 0.00102155 0.00793663 0.0366394 0.101889 0.176878 0.207699 0.186845 0.139941 0.084905 0.039203 0.0132195 0.00315755 0.00052067 5.81702e-05 4.33867e-06 2.12905e-07 6.77184e-09 1.37688e-10 1.76835e-12 1.42038e-14
 1.34907e-11 1.46434e-09 9.37252e-08 3.53771e-06 7.8768e-05 0.00103524 0.00804695 0.0371864 0.103601 0.180277 0.211637 0.188387 0.137614 0.0808222 0.0361565 0.0118754 0.00277762 0.000449017 4.89401e-05 3.52816e-06 1.65589e-07 4.99108e-09 9.54957e-11 1.14847e-12 8.60868e-15
#pred catch len freq
 1.25294e-11 1.35995e-09 8.70366e-08 3.28449e-06 7.30842e-05 0.000958909 0.00741953 0.0338735 0.0915067 0.148347 0.154146 0.128727 0.116308 0.101809 0.0718097 0.0452194 0.0292444 0.0194772 0.0134764 0.00988307 0.00780286 0.00669966 0.00590826 0.00460455 0.00270291
 1.46606e-11 1.59126e-09 1.01841e-07 3.84315e-06 8.5515e-05 0.001122 0.00868118 0.0396272 0.106963 0.172704 0.176169 0.138652 0.115278 0.0953634 0.0628247 0.0349539 0.0193322 0.0108712 0.00622231 0.00375284 0.00245807 0.00180032 0.00143255 0.00107275 0.000629932
 1.53934e-11 1.6708e-09 1.06931e-07 4.03525e-06 8.97895e-05 0.00117808 0.00911505 0.0416065 0.112289 0.181168 0.184164 0.143226 0.11669 0.0943009 0.0591656 0.0295822 0.0140944 0.00675157 0.00319648 0.00154026 0.000785003 0.00044798 0.000294133 0.000198859 0.000112539
 1.48484e-11 1.61165e-09 1.03146e-07 3.8924e-06 8.66108e-05 0.00113638 0.00879252 0.0401374 0.108366 0.175182 0.179687 0.143924 0.122231 0.100759 0.063373 0.0313538 0.0143833 0.0063069 0.00256472 0.00100603 0.000396111 0.000165024 7.90451e-05 4.31205e-05 2.20749e-05
 1.59729e-11 1.7337e-09 1.10957e-07 4.18716e-06 9.31695e-05 0.00122243 0.00945804 0.0431694 0.116471 0.187622 0.189347 0.143684 0.112837 0.089576 0.0561383 0.0281185 0.0130887 0.00573046 0.00224928 0.000802092 0.000263807 8.28758e-05 2.71179e-05 1.01932e-05 4.15026e-06
 1.17632e-11 1.27678e-09 8.17136e-08 3.08362e-06 6.86148e-05 0.000900282 0.00696649 0.0318187 0.0861411 0.141143 0.153631 0.145835 0.14998 0.132987 0.0832959 0.0391974 0.0168117 0.00706303 0.00276041 0.000978345 0.000307017 8.45323e-05 2.10812e-05 5.19929e-06 1.40063e-06
 1.17688e-11 1.27739e-09 8.17529e-08 3.0851e-06 6.86477e-05 0.000900709 0.00696958 0.0318281 0.0861012 0.140554 0.150585 0.13731 0.136917 0.124216 0.0866859 0.0509821 0.027403 0.0125004 0.0047341 0.0015911 0.000484923 0.000129654 2.95581e-05 5.77919e-06 1.03328e-06
 1.5652e-11 1.69887e-09 1.08728e-07 4.10305e-06 9.12979e-05 0.00119787 0.00926804 0.042302 0.114128 0.183826 0.185419 0.1405 0.110403 0.0887936 0.0582178 0.0324163 0.017655 0.00920311 0.00424916 0.00164211 0.000514786 0.000133223 2.90655e-05 5.28091e-06 7.88001e-07
 1.56813e-11 1.70205e-09 1.08931e-07 4.11072e-06 9.14688e-05 0.00120012 0.00928551 0.0423842 0.114383 0.184506 0.187362 0.145172 0.117409 0.0937538 0.0570715 0.026618 0.0115997 0.0052589 0.00237982 0.00101072 0.000370676 0.000109249 2.50482e-05 4.47183e-06 6.26676e-07
 1.46489e-11 1.59e-09 1.0176e-07 3.84009e-06 8.5447e-05 0.00112111 0.00867446 0.0396001 0.106939 0.17306 0.17838 0.145098 0.125676 0.104118 0.0646483 0.0308025 0.0132864 0.00540828 0.00201426 0.000723228 0.000253991 8.05905e-05 2.09323e-05 4.14988e-06 6.08074e-07
 1.46448e-11 1.58956e-09 1.01731e-07 3.83903e-06 8.54234e-05 0.0011208 0.00867204 0.0395886 0.106901 0.172948 0.178024 0.144212 0.124347 0.103217 0.0649737 0.0320256 0.0144796 0.00609743 0.00225928 0.000743623 0.000221415 6.07226e-05 1.51669e-05 3.18922e-06 5.14411e-07
 1.54034e-11 1.67189e-09 1.07001e-07 4.03788e-06 8.98479e-05 0.00117885 0.00912104 0.0416349 0.11238 0.181432 0.184979 0.145251 0.119825 0.0968206 0.0594382 0.0279898 0.0120349 0.00501088 0.00190874 0.000648412 0.000191206 4.81198e-05 1.04425e-05 1.96527e-06 3.09241e-07
 1.57538e-11 1.70993e-09 1.09435e-07 4.12974e-06 9.1892e-05 0.00120567 0.00932846 0.0425801 0.114909 0.185336 0.188114 0.145522 0.117438 0.0937457 0.0571543 0.0265827 0.0111482 0.00446573 0.0016258 0.000537844 0.000159677 4.07459e-05 8.62735e-06 1.48998e-06 2.09214e-07
 1.47919e-11 1.60552e-09 1.02753e-07 3.87759e-06 8.62814e-05 0.00113206 0.00875914 0.039986 0.107973 0.174667 0.179724 0.145385 0.12497 0.103045 0.0636611 0.0300342 0.0127909 0.0051365 0.00183833 0.000587284 0.000167356 4.15507e-05 8.74239e-06 1.50001e-06 2.02508e-07
 1.39932e-11 1.51883e-09 9.72046e-08 3.6682e-06 8.16223e-05 0.00107093 0.00828639 0.0378325 0.10222 0.165866 0.173034 0.146033 0.132383 0.111521 0.0687046 0.0317935 0.013202 0.00524923 0.00188958 0.000606188 0.000170599 4.10868e-05 8.33789e-06 1.39291e-06 1.85089e-07
 1.4611e-11 1.58588e-09 1.01496e-07 3.83016e-06 8.52259e-05 0.00111821 0.00865203 0.0394979 0.106666 0.17264 0.17805 0.145094 0.125984 0.104531 0.065005 0.0310621 0.0134285 0.00542093 0.00192982 0.000610135 0.000170995 4.1114e-05 8.2362e-06 1.33955e-06 1.72506e-07
 1.50138e-11 1.6296e-09 1.04294e-07 3.93574e-06 8.75753e-05 0.00114903 0.00889043 0.0405843 0.109573 0.177133 0.181686 0.145488 0.123335 0.10094 0.0620636 0.0290819 0.0123369 0.00500573 0.00183186 0.000593475 0.000166901 3.97755e-05 7.90535e-06 1.27605e-06 1.61901e-07
 1.49893e-11 1.62694e-09 1.04124e-07 3.92932e-06 8.74325e-05 0.00114716 0.00887594 0.0405183 0.109397 0.176863 0.181481 0.145509 0.123571 0.101231 0.0622776 0.0291834 0.0123341 0.00494685 0.00178293 0.000575586 0.000164371 3.99587e-05 8.00788e-06 1.28799e-06 1.62105e-07
 1.57773e-11 1.71248e-09 1.09598e-07 4.1359e-06 9.20291e-05 0.00120747 0.00934238 0.0426437 0.115082 0.185625 0.188454 0.145897 0.117826 0.0939185 0.0568883 0.0260284 0.0106587 0.00418653 0.00149376 0.000477379 0.000134797 3.26581e-05 6.60629e-06 1.07758e-06 1.36686e-07
 1.56404e-11 1.69761e-09 1.08647e-07 4.1e-06 9.12302e-05 0.00119699 0.00926135 0.0422751 0.114106 0.184196 0.187688 0.14706 0.120715 0.0964958 0.0574274 0.0249593 0.00941212 0.00344492 0.00117388 0.000363622 0.000100732 2.40993e-05 4.831e-06 7.86403e-07 1.00394e-07
 1.60652e-11 1.74372e-09 1.11598e-07 4.21135e-06 9.37079e-05 0.00122949 0.00951275 0.0434202 0.117162 0.188854 0.19114 0.146426 0.116342 0.091739 0.0549544 0.0245108 0.00955583 0.00349342 0.00112996 0.000324369 8.42963e-05 1.93448e-05 3.78133e-06 6.06301e-07 7.67686e-08
 1.62702e-11 1.76598e-09 1.13022e-07 4.26511e-06 9.49041e-05 0.00124519 0.00963416 0.043974 0.118651 0.19121 0.193318 0.147528 0.116369 0.0908334 0.053098 0.0222581 0.00787931 0.00270386 0.000868742 0.000249958 6.29046e-05 1.35382e-05 2.47651e-06 3.78375e-07 4.65178e-08
 1.66023e-11 1.80202e-09 1.15329e-07 4.35216e-06 9.6841e-05 0.0012706 0.00983068 0.0448691 0.12104 0.194847 0.195995 0.146973 0.112861 0.0870602 0.0512009 0.021998 0.00805824 0.00276381 0.000839678 0.000224412 5.40764e-05 1.14216e-05 2.02586e-06 2.93122e-07 3.39188e-08
 1.67e-11 1.81262e-09 1.16008e-07 4.37777e-06 9.74108e-05 0.00127807 0.00988852 0.0451327 0.121746 0.195947 0.196924 0.147197 0.112412 0.0863105 0.0504161 0.0213239 0.00763901 0.00260185 0.000802318 0.000216349 5.06469e-05 1.00913e-05 1.69723e-06 2.36714e-07 2.63923e-08
 1.70703e-11 1.85282e-09 1.1858e-07 4.47485e-06 9.95711e-05 0.00130642 0.0101077 0.0461315 0.124418 0.200062 0.200188 0.147346 0.109661 0.0828382 0.0478933 0.0198814 0.00688679 0.00226416 0.000679579 0.000180346 4.21861e-05 8.41324e-06 1.3858e-06 1.84714e-07 1.9572e-08
 1.68989e-11 1.83421e-09 1.17389e-07 4.4299e-06 9.85708e-05 0.00129329 0.0100062 0.0456692 0.123183 0.198175 0.198763 0.147514 0.111301 0.0847046 0.0489971 0.0202474 0.00693551 0.00223905 0.000654176 0.000167599 3.79291e-05 7.40226e-06 1.20767e-06 1.59776e-07 1.65912e-08
 1.6821e-11 1.82575e-09 1.16848e-07 4.40948e-06 9.81165e-05 0.00128733 0.00996014 0.0454595 0.122626 0.197348 0.198259 0.147988 0.112651 0.0859516 0.0493254 0.0198511 0.00646297 0.00198485 0.000563078 0.00014115 3.1111e-05 5.87505e-06 9.27171e-07 1.19615e-07 1.2229e-08
 1.63676e-11 1.77654e-09 1.13698e-07 4.29063e-06 9.54719e-05 0.00125264 0.00969179 0.0442369 0.119358 0.19233 0.194355 0.148063 0.116418 0.0904951 0.0523712 0.0213137 0.00705596 0.00217644 0.000602199 0.000144127 3.03852e-05 5.55228e-06 8.50809e-07 1.06319e-07 1.05302e-08
#obs catch len freq
 1.08769e-11 1.18058e-09 7.5557e-08 2.85129e-06 6.34453e-05 0.000832458 0.0064418 0.0294245 0.0796763 0.130588 0.141903 0.13345 0.137137 0.128901 0.0962098 0.060565 0.0330206 0.0147329 0.00522279 0.00145946 0.000313384 4.99331e-05 5.7133e-06 4.55351e-07 2.45897e-08
 1.12182e-11 1.21763e-09 7.79283e-08 2.94078e-06 6.54365e-05 0.000858588 0.00664408 0.0303497 0.08219 0.134709 0.146098 0.135935 0.137 0.126575 0.0929942 0.0573087 0.030331 0.0130461 0.00443057 0.00117981 0.000240375 3.6169e-05 3.88698e-06 2.8938e-07 1.45245e-08
 1.72337e-11 1.87056e-09 1.19715e-07 4.51769e-06 0.000100524 0.00131893 0.0102046 0.0465737 0.125592 0.201668 0.199888 0.14086 0.0964532 0.0725736 0.050083 0.0300402 0.015466 0.00643102 0.00209472 0.000530319 0.000101975 1.44044e-05 1.44741e-06 1.00428e-07 4.68379e-09
 1.4395e-11 1.56244e-09 9.99961e-08 3.77355e-06 8.39667e-05 0.00110172 0.00852519 0.0389341 0.105307 0.171442 0.180069 0.151418 0.13147 0.104751 0.0622845 0.0281517 0.0110287 0.00391015 0.00117733 0.000282124 5.12761e-05 6.79936e-06 6.37367e-07 4.10709e-08 1.77376e-09
 1.71849e-11 1.86526e-09 1.19377e-07 4.50491e-06 0.00010024 0.00131521 0.0101762 0.046452 0.125351 0.201841 0.202116 0.146419 0.103092 0.0756875 0.0478984 0.0247739 0.0104259 0.00336263 0.000808526 0.000150851 2.26239e-05 2.6484e-06 2.27089e-07 1.35225e-08 5.39779e-10
 1.57296e-11 1.7073e-09 1.09267e-07 4.12342e-06 9.17519e-05 0.00120386 0.00931553 0.0425402 0.114997 0.186594 0.192642 0.152599 0.120689 0.0904832 0.0526487 0.0236404 0.00890457 0.00280766 0.000692674 0.000127442 1.70647e-05 1.64716e-06 1.14657e-07 5.71632e-09 1.98938e-10
 6.53221e-12 7.09011e-10 4.53767e-08 1.7124e-06 3.81053e-05 0.00050009 0.00387371 0.0177715 0.049029 0.0865594 0.118233 0.15921 0.195217 0.175541 0.111273 0.0538366 0.0209353 0.00630142 0.00141073 0.000235768 2.95292e-05 2.69908e-06 1.73243e-07 7.59124e-09 2.23631e-10
 1.52655e-11 1.65692e-09 1.06043e-07 4.00174e-06 8.90442e-05 0.00116832 0.00904003 0.0412703 0.111406 0.179528 0.179963 0.130863 0.0969015 0.0861482 0.0747606 0.0519145 0.0257421 0.00875024 0.00206238 0.000345032 4.12049e-05 3.47266e-06 2.03458e-07 8.1603e-09 2.19933e-10
 1.75528e-11 1.90519e-09 1.21932e-07 4.60136e-06 0.000102387 0.0013434 0.0103952 0.0474657 0.128219 0.207148 0.209172 0.152698 0.103993 0.0693428 0.0387696 0.0185028 0.00834034 0.00329806 0.000977662 0.000198168 2.65621e-05 2.33856e-06 1.35451e-07 5.16242e-09 1.28903e-10
 1.55037e-11 1.68278e-09 1.07698e-07 4.06419e-06 9.0435e-05 0.00118663 0.00918364 0.0419621 0.113669 0.185696 0.195293 0.15902 0.125103 0.0894192 0.0491748 0.0206441 0.0070265 0.00197302 0.000455922 8.5472e-05 1.21374e-05 1.19423e-06 7.66917e-08 3.12559e-09 7.99835e-11
 1.43356e-11 1.55599e-09 9.95836e-08 3.758e-06 8.36224e-05 0.00109728 0.00849308 0.0388243 0.10535 0.173195 0.185936 0.158696 0.131938 0.0988907 0.0581618 0.0266499 0.00954607 0.00255725 0.0004977 7.14719e-05 7.77607e-06 6.38658e-07 3.79769e-08 1.54399e-09 4.08582e-11
 1.39686e-11 1.51617e-09 9.70346e-08 3.66181e-06 8.14826e-05 0.00106922 0.00827662 0.0378458 0.102796 0.169526 0.183513 0.158786 0.133297 0.100799 0.0606652 0.0288644 0.0107752 0.00300423 0.000602272 8.55156e-05 8.51023e-06 5.87908e-07 2.80802e-08 9.24946e-10 2.07823e-11
 1.65303e-11 1.79421e-09 1.1483e-07 4.33334e-06 9.64244e-05 0.00126524 0.00979225 0.0447429 0.121148 0.197232 0.203644 0.155768 0.111461 0.0770692 0.0452825 0.0215602 0.00810294 0.00228747 0.000467895 6.79439e-05 6.85273e-06 4.68695e-07 2.13223e-08 6.36926e-10 1.23902e-11
 1.51422e-11 1.64354e-09 1.05187e-07 3.96946e-06 8.83291e-05 0.00115909 0.00897299 0.041038 0.111502 0.183784 0.197361 0.164708 0.128141 0.087884 0.0469896 0.0196159 0.00660226 0.00174837 0.000347101 4.97436e-05 4.98494e-06 3.39277e-07 1.53092e-08 4.49446e-10 8.45826e-12
 1.27872e-11 1.38793e-09 8.88277e-08 3.35215e-06 7.45947e-05 0.000978974 0.00758169 0.0347261 0.094855 0.159241 0.180637 0.168307 0.146554 0.107957 0.0611038 0.0265553 0.00882056 0.0021649 0.000384849 4.94801e-05 4.5569e-06 2.92564e-07 1.26729e-08 3.60202e-10 6.57878e-12
 1.21982e-11 1.324e-09 8.47362e-08 3.19776e-06 7.11602e-05 0.000933944 0.00723409 0.0331501 0.0906806 0.152826 0.174859 0.165156 0.146781 0.112751 0.0685117 0.032228 0.0113581 0.00287594 0.000511719 6.34391e-05 5.42713e-06 3.16206e-07 1.23754e-08 3.20668e-10 5.4134e-12
 1.36546e-11 1.48209e-09 9.48539e-08 3.57957e-06 7.96562e-05 0.00104542 0.00809629 0.037077 0.101147 0.168669 0.186375 0.163269 0.133914 0.0987574 0.0595831 0.0283967 0.0102974 0.00271527 0.000504254 6.44613e-05 5.55515e-06 3.17001e-07 1.18182e-08 2.84931e-10 4.4038e-12
 1.3555e-11 1.47127e-09 9.41621e-08 3.55349e-06 7.90777e-05 0.00103791 0.00804014 0.0368489 0.100767 0.16918 0.18984 0.169374 0.13793 0.0971144 0.0545682 0.0242284 0.00837041 0.0021601 0.000400534 5.16967e-05 4.51192e-06 2.5969e-07 9.66665e-09 2.29355e-10 3.43095e-12
 1.40761e-11 1.52783e-09 9.77817e-08 3.6901e-06 8.21185e-05 0.00107784 0.0083499 0.0382704 0.104631 0.175322 0.194966 0.169808 0.133951 0.092138 0.0506863 0.0216683 0.00703473 0.0016819 0.000289637 3.52326e-05 2.94985e-06 1.65132e-07 6.02463e-09 1.40423e-10 2.05992e-12
 1.42799e-11 1.54995e-09 9.91981e-08 3.74358e-06 8.33103e-05 0.00109355 0.00847298 0.0388516 0.106333 0.178539 0.198895 0.17225 0.133037 0.0886106 0.0469518 0.0192724 0.0059931 0.00136407 0.00022105 2.50011e-05 1.93494e-06 1.00356e-07 3.41847e-09 7.50879e-11 1.04654e-12
 1.43473e-11 1.55727e-09 9.96665e-08 3.76129e-06 8.37066e-05 0.00109883 0.0085157 0.0390691 0.107074 0.1803 0.201646 0.174485 0.132948 0.0864505 0.0443804 0.0174791 0.00516663 0.00111053 0.000169148 1.78986e-05 1.28919e-06 6.18855e-08 1.94262e-09 3.92484e-11 5.03656e-13
 1.45449e-11 1.57872e-09 1.0104e-07 3.81314e-06 8.48628e-05 0.00111409 0.00863543 0.039635 0.108718 0.183289 0.204863 0.175729 0.131281 0.0833849 0.0417449 0.0159287 0.00451797 0.000923157 0.000132536 1.31235e-05 8.79677e-07 3.91448e-08 1.13567e-09 2.11513e-11 2.49637e-13
 1.49946e-11 1.62754e-09 1.04165e-07 3.93111e-06 8.74901e-05 0.00114864 0.00890423 0.0408768 0.112138 0.18885 0.209692 0.176289 0.127396 0.078168 0.0378588 0.0139376 0.00379649 0.000741288 0.00010108 9.43754e-06 5.9226e-07 2.45262e-08 6.5913e-10 1.13338e-11 1.23213e-13
 1.47662e-11 1.60274e-09 1.02578e-07 3.87132e-06 8.61644e-05 0.00113141 0.00877432 0.0403246 0.110931 0.188019 0.211262 0.179779 0.129509 0.0775185 0.0360672 0.0126408 0.00326475 0.000603418 7.77287e-05 6.83459e-06 4.02433e-07 1.55756e-08 3.89704e-10 6.21598e-12 6.24856e-14
 1.47028e-11 1.59587e-09 1.02139e-07 3.85482e-06 8.58013e-05 0.00112678 0.00874125 0.0402028 0.110777 0.188332 0.212422 0.18088 0.129531 0.0768332 0.0353274 0.0121173 0.00301805 0.00053083 6.44718e-05 5.31494e-06 2.92444e-07 1.05542e-08 2.45788e-10 3.64247e-12 3.39564e-14
 1.46999e-11 1.59556e-09 1.0212e-07 3.8542e-06 8.57931e-05 0.00112685 0.00874519 0.0402574 0.111145 0.189636 0.2148 0.182713 0.129092 0.0747683 0.0333878 0.0110771 0.00265792 0.000448181 5.18321e-05 4.03547e-06 2.08069e-07 6.9944e-09 1.51127e-10 2.0732e-12 1.78681e-14
 1.34512e-11 1.46004e-09 9.34487e-08 3.52716e-06 7.8527e-05 0.0010319 0.00801821 0.0370299 0.103071 0.17928 0.211002 0.189237 0.139148 0.0814127 0.0359105 0.0116054 0.00268661 0.000434145 4.78717e-05 3.5368e-06 1.72199e-07 5.43867e-09 1.09866e-10 1.40279e-12 1.12108e-14
 1.3601e-11 1.47631e-09 9.44912e-08 3.5666e-06 7.94098e-05 0.00104363 0.00811109 0.0374699 0.104299 0.18112 0.211829 0.18779 0.137035 0.0805665 0.0359124 0.0116271 0.00265099 0.00041508 4.38149e-05 3.0732e-06 1.41236e-07 4.19302e-09 7.93596e-11 9.46683e-13 7.05003e-15
#spawning biomass
 3400.6 4814.27 7647.76 13166.3 22185.4 27919.6 29437.9 32016.6 47269.2 69016.8 85348.9 90761 118787 162427 143377 124466 122248 132054 131943 125481 132027 116387 128395 142067 151805 166604 147507 138278 160914 169066 93792.5 50715.7 30784.6 22613.8 19513 18396.2 18008.7 17877.7 17834.3 17820.2 17815.6 17814.2 17813.7 17813.6 17813.5 17813.5 17813.5 17813.5 17813.5 17813.5 17813.5 17813.5 17813.5 17813.5 17813.5 17813.5 17813.5 17813.5 17813.5 17813.5 17813.5 17813.5 17813.5 17813.5 17813.5 17813.5 17813.5 17813.5 17813.5 17813.5 17813.5 17813.5 17813.5 17813.5 17813.5 17813.5 17813.5 17813.5 17813.5 17813.5 17813.5 17813.5 17813.5 17813.5 17813.5 17813.5 17813.5 17813.5 17813.5 17813.5 17813.5 17813.5 17813.5 17813.5 17813.5 17813.5 17813.5 17813.5 17813.5 17813.5 17813.5 17813.5 17813.5 17813.5 17813.5 17813.5 17813.5 17813.5 17813.5 17813.5 17813.5 17813.5 17813.5 17813.5 17813.5 17813.5 17813.5 17813.5 17813.5 17813.5 17813.5 17813.5 17813.5 17813.5 17813.5 17813.5 17813.5 17813.5 0 0 0 0 0 0 0 0 0 0 0 0 0 0 0 0 0 0 0 0 0 0 0 0 0
