SBPRF35
0.181748
Curr Bio
66123.1
B35
196802
F35
0.508762
FOFL
0.153028
OFL
8836.51
Bzero
51927.9
#pred survey bio
 7728.16 7183.99 5184.53 5412.51 7728.42 11157.3 16123.8 21591.1 28578 34189.5 42151.1 58052.7 79741.9 115223 100940 84117 92300.5 95893.8 95855.3 86612.4 82413.9 90303.8 96691.3 93034.8 127275 100837 91494.9 84743.1 84292.9 2.94858e+06 2.28552e+06 1.67858e+06 1.15495e+06 825598 644857 551570 504261 480007 467219 460236 456294 454005 452650 451837 451333 451033 450852 450743 450677 450638 450614 450599 450590 450585 450581 450579 450578 450577 450577 450577 450576 450576 450576 450576 450576 450576 450576 450576 450576 450576 450576 450576 450576 450576 450576 450576 450576 450576 450576 450576 450576 450576 450576 450576 450576 450576 450576 450576 450576 450576 450576 450576 450576 450576 450576 450576 450576 450576 450576 450576 450576 450576 450576 450576 450576 450576 450576 450576 450576 450576 450576 450576 450576 450576 450576 450576 450576 450576 450576 450576 450576 450576 450576 450576 450576 450576 450576 450576 450576 0 0 0 0 0 0 0 0 0 0 0 0 0 0 0 0 0 0 0 0 0 0 0 0 0
#obs survey bio
 6861.18 5683.96 2995.07 5901.69 8464.71 12203.1 14912.8 23575.3 43156.9 44184.7 38317.9 78886 95866.8 123319 79027.8 86475.5 86246.9 79246.4 116995 104071 74934.5 85036.4 134425 89651.6 152167 119451 83202.3 88092.1 52094.8
#pred catch bio
 3192.63 3811.47 3086.53 3034.53 4363.65 6263.68 10258.3 13879.5 19503.9 24579.7 31931.5 46336.2 58540.3 99809.2 92731 76843.5 86543.3 90910 94423.1 87936.3 86064.8 97109.3 104191 101073 143283 114989 105539 98455.5 98736.1 8836.51 33732.9 23509.3 15303.3 10485.2 8062.57 6952.36 6473.62 6275.68 6196.27 6165.11 6153.08 6148.49 6146.76 6146.11 6145.87 6145.78 6145.75 6145.73 6145.73 6145.73 6145.73 6145.73 6145.73 6145.73 6145.73 6145.73 6145.73 6145.73 6145.73 6145.73 6145.73 6145.73 6145.73 6145.73 6145.73 6145.73 6145.73 6145.73 6145.73 6145.73 6145.73 6145.73 6145.73 6145.73 6145.73 6145.73 6145.73 6145.73 6145.73 6145.73 6145.73 6145.73 6145.73 6145.73 6145.73 6145.73 6145.73 6145.73 6145.73 6145.73 6145.73 6145.73 6145.73 6145.73 6145.73 6145.73 6145.73 6145.73 6145.73 6145.73 6145.73 6145.73 6145.73 6145.73 6145.73 6145.73 6145.73 6145.73 6145.73 6145.73 6145.73 6145.73 6145.73 6145.73 6145.73 6145.73 6145.73 6145.73 6145.73 6145.73 6145.73 6145.73 6145.73 6145.73 6145.73 6145.73 6145.73 6145.73 6145.73 0 0 0 0 0 0 0 0 0 0 0 0 0 0 0 0 0 0 0 0 0 0 0 0 0
#obs catch bio
 4723.86 4134.05 3760.98 3168.47 4381.06 6154.33 10485.9 13362.7 17509.1 22412.8 31483 46047.3 53494 99546 98410.6 74689.4 84859.3 88442.9 88506.6 84261.9 81896.8 93287.6 90639.7 91045.5 138916 107749 102531 93818.2 106336
#pred cpue bio
 7447.69 7026.5 5026.6 5140.97 7342.14 10594.7 15317.1 20421.7 27060.2 32339.9 39700.3 54393.2 74545.7 108276 94465.3 78363.4 85786.4 89023 88960 80155.1 76049 83100.6 88830 85509.3 116807 92455.8 83847.3 77641.2 77221.5 2.70109e+06 2.27595e+06 1.66915e+06 1.14553e+06 816173 635433 542146 494837 470582 457794 450812 446869 444581 443226 442413 441909 441608 441428 441319 441253 441213 441189 441174 441166 441160 441157 441155 441154 441153 441152 441152 441152 441152 441152 441152 441152 441152 441152 441152 441152 441152 441152 441152 441152 441152 441152 441152 441152 441152 441152 441152 441152 441152 441152 441152 441152 441152 441152 441152 441152 441152 441152 441152 441152 441152 441152 441152 441152 441152 441152 441152 441152 441152 441152 441152 441152 441152 441152 441152 441152 441152 441152 441152 441152 441152 441152 441152 441152 441152 441152 441152 441152 441152 441152 441152 441152 441152 441152 441152 441152 0 0 0 0 0 0 0 0 0 0 0 0 0 0 0 0 0 0 0 0 0 0 0 0 0
#obs cpue bio
 6013.21 5339.99 3517.96 5024.39 7610.86 10380.1 14816.4 24031 31164.3 33804.4 40640.8 41957.1 94168.1 98827.4 93607.7 85656.3 100402 120007 96672.4 77475.3 99926.8 103934 113519 126624 117412 99101.5 102951 89521.1 93132.1
#pred surv len freq
 1.73967e-11 1.88908e-09 1.2094e-07 4.5649e-06 0.000101585 0.00133282 0.0103105 0.0470385 0.126717 0.202829 0.198917 0.136103 0.0892473 0.0649661 0.0432294 0.0264507 0.0166492 0.0107528 0.0071736 0.0050579 0.00384146 0.0031894 0.00274661 0.00211116 0.00122985
 1.21464e-11 1.31895e-09 8.44407e-08 3.18722e-06 7.09272e-05 0.000930609 0.00720001 0.0328708 0.0888644 0.14478 0.154007 0.137744 0.134112 0.118865 0.0795025 0.0441952 0.0242148 0.0133505 0.00740561 0.00428547 0.002672 0.00186068 0.00142245 0.00103993 0.000603062
 1.55066e-11 1.68383e-09 1.078e-07 4.06891e-06 9.05478e-05 0.00118802 0.00919046 0.041933 0.113021 0.181377 0.180124 0.129507 0.0946812 0.0781559 0.0616497 0.0458388 0.0304012 0.0167412 0.00812844 0.00384061 0.00187459 0.00100702 0.000621569 0.000402657 0.000222825
 1.96913e-11 2.13824e-09 1.36892e-07 5.16698e-06 0.000114983 0.00150861 0.01167 0.0532336 0.143306 0.228575 0.220341 0.140412 0.0777887 0.0487029 0.0301339 0.0176942 0.0112197 0.00733277 0.00430651 0.00211182 0.000892399 0.000363698 0.000162888 8.29473e-05 4.07046e-05
 1.91876e-11 2.08354e-09 1.3339e-07 5.03482e-06 0.000112042 0.00147002 0.0113717 0.051877 0.139709 0.223288 0.217369 0.144284 0.0879706 0.0585817 0.0339443 0.0158477 0.00710845 0.00347394 0.00184431 0.000989116 0.000470219 0.00018605 6.52607e-05 2.34787e-05 8.94335e-06
 1.92528e-11 2.09063e-09 1.33844e-07 5.05193e-06 0.000112423 0.00147502 0.0114103 0.0520527 0.140175 0.223974 0.217761 0.143819 0.0868112 0.0577954 0.0343777 0.0169823 0.00778173 0.00331322 0.00129179 0.000512411 0.000217458 8.91021e-05 3.1321e-05 9.36032e-06 2.59503e-06
 1.9167e-11 2.08131e-09 1.33247e-07 5.02942e-06 0.000111922 0.00146845 0.0113595 0.0518213 0.139557 0.223027 0.217036 0.143868 0.0875664 0.0586458 0.0348616 0.0171769 0.00794404 0.00348266 0.0013656 0.000478383 0.000154 4.87336e-05 1.53481e-05 4.36205e-06 1.04105e-06
 1.99462e-11 2.16592e-09 1.38664e-07 5.23388e-06 0.000116472 0.00152814 0.0118211 0.0539241 0.145178 0.231673 0.223847 0.144034 0.0815664 0.0512195 0.0296502 0.0143714 0.00654121 0.00284224 0.00111844 0.000396036 0.000123643 3.35836e-05 8.20455e-06 1.88029e-06 3.92015e-07
 1.96875e-11 2.13783e-09 1.36866e-07 5.16599e-06 0.000114961 0.00150832 0.0116679 0.0532263 0.143319 0.228858 0.221851 0.144709 0.0846823 0.0544691 0.0311627 0.0143608 0.00609581 0.00252301 0.000967571 0.00033822 0.000105261 2.82245e-05 6.38547e-06 1.21923e-06 2.01342e-07
 1.98747e-11 2.15816e-09 1.38167e-07 5.21511e-06 0.000116055 0.00152266 0.0117788 0.0537315 0.144668 0.230923 0.223431 0.144597 0.0830171 0.0525685 0.0300513 0.0139715 0.00594952 0.00239913 0.000869421 0.00028616 8.56037e-05 2.2498e-05 5.00785e-06 9.13429e-07 1.33979e-07
 2.05855e-11 2.23534e-09 1.43109e-07 5.40163e-06 0.000120205 0.00157712 0.0121999 0.0556498 0.149795 0.238807 0.229632 0.144712 0.0774845 0.0457352 0.0252678 0.0114274 0.00472699 0.00187963 0.000677944 0.000218705 6.24499e-05 1.55101e-05 3.30237e-06 5.84452e-07 8.2626e-08
 2.13647e-11 2.31996e-09 1.48526e-07 5.6061e-06 0.000124755 0.00163681 0.0126616 0.0577529 0.155418 0.247461 0.236478 0.144969 0.0716232 0.0383954 0.0200052 0.00848332 0.00321178 0.00118785 0.000409921 0.000128787 3.61484e-05 8.75637e-06 1.78572e-06 3.00196e-07 4.05549e-08
 2.1666e-11 2.35267e-09 1.5062e-07 5.68515e-06 0.000126514 0.00165989 0.0128401 0.0585661 0.157593 0.250819 0.239184 0.145235 0.0696131 0.0357382 0.0179258 0.00713555 0.00241918 0.000795107 0.000247741 7.11351e-05 1.87111e-05 4.3575e-06 8.64421e-07 1.40825e-07 1.82411e-08
 2.08527e-11 2.26435e-09 1.44966e-07 5.47173e-06 0.000121765 0.00159758 0.0123582 0.0563714 0.151731 0.241841 0.232295 0.145673 0.0768194 0.0441663 0.0232271 0.00931471 0.00311829 0.000984249 0.000282515 7.20005e-05 1.67291e-05 3.50952e-06 6.44803e-07 9.98836e-08 1.24771e-08
 2.15063e-11 2.33533e-09 1.4951e-07 5.64326e-06 0.000125582 0.00164766 0.0127455 0.0581352 0.156442 0.249051 0.237806 0.145249 0.0709209 0.0373329 0.0190235 0.00768948 0.00264754 0.000855894 0.000245905 6.08226e-05 1.31619e-05 2.47118e-06 3.99728e-07 5.52907e-08 6.34987e-09
 2.2147e-11 2.4049e-09 1.53964e-07 5.81136e-06 0.000129323 0.00169674 0.013125 0.0598641 0.161062 0.256146 0.243343 0.145208 0.0657098 0.0310088 0.0147335 0.00555927 0.00171778 0.000504823 0.000140906 3.52403e-05 7.68655e-06 1.41164e-06 2.14111e-07 2.66883e-08 2.71183e-09
 2.2461e-11 2.43899e-09 1.56147e-07 5.89375e-06 0.000131156 0.00172079 0.013311 0.0607113 0.163326 0.25962 0.246041 0.145148 0.0630963 0.0278759 0.0126619 0.00458393 0.00131093 0.000345186 8.60473e-05 1.93224e-05 3.92079e-06 7.03938e-07 1.06388e-07 1.29805e-08 1.24402e-09
 2.26116e-11 2.45535e-09 1.57194e-07 5.93328e-06 0.000132036 0.00173233 0.0134003 0.0611178 0.164412 0.261287 0.247339 0.145127 0.061854 0.026379 0.0116613 0.00410204 0.00110637 0.000266784 6.07285e-05 1.23005e-05 2.20961e-06 3.52488e-07 4.87231e-08 5.66527e-09 5.31008e-10
 2.26499e-11 2.45951e-09 1.5746e-07 5.94333e-06 0.00013226 0.00173527 0.013423 0.0612212 0.164689 0.261712 0.247673 0.145134 0.0615559 0.0260104 0.0114025 0.00396364 0.00103977 0.000239055 5.13581e-05 9.65587e-06 1.57424e-06 2.24629e-07 2.7461e-08 2.82523e-09 2.39782e-10
 2.30243e-11 2.50016e-09 1.60063e-07 6.04156e-06 0.000134446 0.00176394 0.0136448 0.0622313 0.167386 0.265842 0.25083 0.144894 0.0581817 0.0220974 0.00898915 0.00302422 0.000765952 0.000167237 3.42019e-05 6.14244e-06 9.4602e-07 1.25455e-07 1.39782e-08 1.28542e-09 9.63909e-11
 2.33916e-11 2.54005e-09 1.62616e-07 6.13796e-06 0.000136591 0.00179209 0.0138624 0.0632226 0.170034 0.269894 0.25393 0.144663 0.0548777 0.0182621 0.00661801 0.00209485 0.000491342 9.4589e-05 1.71643e-05 2.8497e-06 4.12699e-07 5.17047e-08 5.43205e-09 4.65295e-10 3.19232e-11
 2.37301e-11 2.57681e-09 1.64969e-07 6.22677e-06 0.000138567 0.00181802 0.0140629 0.0641358 0.172473 0.273626 0.256774 0.144419 0.0517856 0.0146972 0.00444818 0.00128427 0.000277733 4.62248e-05 6.99115e-06 9.94003e-07 1.25231e-07 1.38974e-08 1.33464e-09 1.06637e-10 6.86012e-12
 2.39304e-11 2.59856e-09 1.66362e-07 6.27933e-06 0.000139737 0.00183336 0.0141816 0.0646762 0.173916 0.275833 0.258454 0.144265 0.0499411 0.0125778 0.00316827 0.000818149 0.000163196 2.33455e-05 2.77236e-06 3.12573e-07 3.22949e-08 2.95214e-09 2.37946e-10 1.64137e-11 9.38904e-13
 2.3876e-11 2.59264e-09 1.65983e-07 6.26504e-06 0.000139419 0.00182919 0.0141493 0.0645293 0.173524 0.275234 0.258 0.144316 0.0504558 0.0131626 0.00351192 0.000932001 0.000183371 2.45301e-05 2.51056e-06 2.32685e-07 1.95675e-08 1.40559e-09 8.7828e-11 4.80749e-12 2.23972e-13
 2.40528e-11 2.61185e-09 1.67213e-07 6.31145e-06 0.000140452 0.00184274 0.0142541 0.0650066 0.174798 0.277182 0.259477 0.144163 0.0488023 0.0112751 0.00238967 0.000544302 0.000102615 1.37047e-05 1.41924e-06 1.31347e-07 1.04984e-08 6.66189e-10 3.42896e-11 1.48623e-12 5.36311e-14
 2.41629e-11 2.6238e-09 1.67978e-07 6.34032e-06 0.000141094 0.00185117 0.0143193 0.0653034 0.175591 0.278394 0.260397 0.14407 0.0477764 0.0101027 0.00169069 0.000300507 5.01743e-05 5.99723e-06 4.9582e-07 3.30895e-08 2.08612e-09 1.21014e-10 6.03111e-12 2.474e-13 7.93989e-15
 2.42226e-11 2.63028e-09 1.68393e-07 6.35599e-06 0.000141443 0.00185574 0.0143546 0.0654645 0.176021 0.279051 0.260896 0.144018 0.0472176 0.00946518 0.00131205 0.000170223 2.34153e-05 2.57068e-06 1.89341e-07 9.81029e-09 4.27564e-10 1.74017e-11 6.25125e-13 1.94333e-14 5.28e-16
 2.42505e-11 2.63331e-09 1.68587e-07 6.36331e-06 0.000141606 0.00185788 0.0143712 0.0655398 0.176222 0.279359 0.261129 0.143994 0.046956 0.00916688 0.00113509 0.000109577 1.1135e-05 1.07223e-06 7.31023e-08 3.24556e-09 1.02546e-10 2.77731e-12 6.96425e-14 1.50771e-15 2.76895e-17
 2.42612e-11 2.63447e-09 1.68661e-07 6.36612e-06 0.000141668 0.0018587 0.0143775 0.0655687 0.176299 0.279477 0.261218 0.143984 0.0468557 0.00905255 0.0010673 8.63822e-05 6.46542e-06 5.14029e-07 3.26529e-08 1.35235e-09 3.5998e-11 6.90617e-13 1.14709e-14 1.72668e-16 2.16858e-18
#obs surv len freq
 3.9269e-11 3.79388e-09 2.16101e-07 7.25717e-06 0.000143687 0.00167733 0.0115455 0.046886 0.112676 0.162851 0.15323 0.123087 0.113814 0.101108 0.0725621 0.0461475 0.0279105 0.0152333 0.00715931 0.00281155 0.000889227 0.000216438 3.84718e-05 4.74985e-06 3.91325e-07
 2.34959e-11 2.18947e-09 1.20289e-07 3.89631e-06 7.44095e-05 0.000837901 0.00556637 0.0218768 0.0516294 0.0787234 0.100098 0.142771 0.187906 0.174702 0.114216 0.0619342 0.0324325 0.0162201 0.00725041 0.00272852 0.000813541 0.000182475 2.94736e-05 3.29563e-06 2.46362e-07
 1.05203e-10 9.43921e-09 4.99325e-07 1.55729e-05 0.000286348 0.00310429 0.0198424 0.0747992 0.166516 0.220507 0.180375 0.107633 0.0691594 0.054592 0.0427717 0.030171 0.0175603 0.00812385 0.00314047 0.00104612 0.000286041 5.94967e-05 8.85546e-06 9.03268e-07 6.11874e-08
 1.18181e-10 1.01931e-08 5.18329e-07 1.55397e-05 0.000274676 0.00286256 0.0175921 0.063814 0.137311 0.179858 0.161401 0.136526 0.127439 0.0966785 0.0490212 0.017575 0.00592922 0.00237639 0.000938828 0.000299315 7.31591e-05 1.34777e-05 1.80407e-06 1.67311e-07 1.03261e-08
 2.07191e-10 1.71518e-08 8.37121e-07 2.40882e-05 0.000408659 0.00408758 0.0241084 0.0838912 0.172764 0.214015 0.172545 0.118043 0.0910911 0.06493 0.0341059 0.0136571 0.00461195 0.00131217 0.000315633 7.08412e-05 1.47562e-05 2.46633e-06 2.9689e-07 2.45427e-08 1.35455e-09
 2.48789e-10 1.97387e-08 9.233e-07 2.54629e-05 0.000414014 0.00396903 0.0224395 0.0749092 0.148618 0.181182 0.156854 0.134863 0.12428 0.0891981 0.0429147 0.0147148 0.00422371 0.00109941 0.000243499 4.33145e-05 6.18711e-06 7.24741e-07 6.84528e-08 4.84043e-09 2.36546e-10
 4.13601e-10 3.14067e-08 1.40605e-06 3.71125e-05 0.000577537 0.00529904 0.0286715 0.0915736 0.173549 0.2005 0.159416 0.120199 0.100117 0.0689602 0.0335927 0.0124154 0.00386646 0.000993148 0.000197031 3.01602e-05 3.62669e-06 3.36871e-07 2.34571e-08 1.20311e-09 4.4692e-11
 5.81261e-10 4.21897e-08 1.80543e-06 4.55505e-05 0.000677563 0.00594252 0.0307377 0.0938971 0.170646 0.19148 0.155102 0.126909 0.109116 0.0715613 0.0311804 0.00958569 0.00243411 0.000556772 0.000107886 1.63846e-05 1.86213e-06 1.53519e-07 9.02261e-09 3.74141e-10 1.08059e-11
 8.77308e-10 6.07935e-08 2.48371e-06 5.98252e-05 0.000849594 0.00711389 0.0351317 0.102485 0.178049 0.191927 0.15187 0.123463 0.103797 0.0658303 0.0280529 0.00863346 0.0021821 0.000463988 7.77005e-05 1.00192e-05 1.00458e-06 7.65131e-08 4.2054e-09 1.59559e-10 4.06573e-12
 1.31001e-09 8.65684e-08 3.37273e-06 7.74717e-05 0.00104918 0.00837783 0.0394586 0.109824 0.182405 0.18975 0.149364 0.123722 0.102183 0.0614033 0.0240894 0.00655214 0.00142565 0.000269154 4.18116e-05 5.01853e-06 4.53193e-07 3.00721e-08 1.43025e-09 4.77468e-11 1.09409e-12
 1.96803e-09 1.23889e-07 4.59805e-06 0.000100613 0.00129802 0.0098739 0.0443063 0.11754 0.186507 0.187323 0.146904 0.123393 0.0995449 0.0566588 0.0205453 0.00494448 0.000897597 0.000138345 1.78624e-05 1.81168e-06 1.40958e-07 8.25826e-09 3.50922e-10 1.0409e-11 2.09585e-13
 2.99454e-09 1.79398e-07 6.33646e-06 0.000131952 0.00162006 0.0117283 0.0500895 0.126527 0.191566 0.185298 0.143545 0.120309 0.0942851 0.0515162 0.0181 0.00433521 0.000803067 0.000123066 1.46983e-05 1.28509e-06 8.23337e-08 3.93182e-09 1.3844e-10 3.4845e-12 6.0787e-14
 4.54871e-09 2.59098e-07 8.70123e-06 0.000172281 0.00201114 0.0138436 0.0562221 0.135127 0.195217 0.182414 0.140807 0.118353 0.0898088 0.0465595 0.0153673 0.00341488 0.000580722 8.25286e-05 9.37851e-06 7.93363e-07 4.87808e-08 2.15609e-09 6.69623e-11 1.42952e-12 2.07349e-14
 5.32585e-09 2.88192e-07 9.19422e-06 0.000172938 0.00191793 0.0125443 0.0484516 0.111262 0.157073 0.156868 0.152361 0.155113 0.12101 0.0601766 0.0186046 0.00378402 0.0005721 7.15345e-05 7.24414e-06 5.52174e-07 3.08358e-08 1.25401e-09 3.63082e-11 7.24701e-13 9.71618e-15
 9.81187e-09 5.03993e-07 1.52629e-05 0.000272515 0.00286882 0.0178098 0.0652673 0.141923 0.187895 0.169512 0.140362 0.125012 0.090282 0.0427158 0.0128934 0.00267648 0.000431251 5.63547e-05 5.55572e-06 3.87622e-07 1.91087e-08 6.781e-10 1.72514e-11 3.06619e-13 3.70704e-15
 1.31493e-08 6.40696e-07 1.84052e-05 0.000311727 0.00311301 0.0183356 0.0638015 0.132247 0.170011 0.159171 0.149262 0.142159 0.100543 0.0452139 0.0128685 0.00251009 0.000380954 4.76349e-05 4.61063e-06 3.23698e-07 1.61808e-08 5.69612e-10 1.37858e-11 2.23934e-13 2.41058e-15
 2.33511e-08 1.07862e-06 2.93744e-05 0.000471643 0.00446502 0.0249296 0.0821997 0.161155 0.194207 0.165052 0.134985 0.115054 0.0754767 0.0317875 0.00843926 0.00151449 0.000207977 2.3478e-05 2.07152e-06 1.33752e-07 6.21486e-09 2.06854e-10 4.82176e-12 7.63266e-14 8.00656e-16
 2.90293e-08 1.27053e-06 3.2785e-05 0.000498786 0.00447452 0.0236805 0.0741254 0.139015 0.165876 0.155466 0.153531 0.142015 0.0918102 0.0374459 0.00986425 0.00185084 0.000275484 3.25283e-05 2.80889e-06 1.69584e-07 7.20202e-09 2.17442e-10 4.60735e-12 6.67459e-14 6.46567e-16
 4.71546e-08 1.95469e-06 4.77719e-05 0.000688362 0.00584865 0.0293168 0.0869247 0.154463 0.174803 0.155586 0.145651 0.127465 0.0783299 0.0308491 0.00813014 0.00160396 0.000255815 3.15696e-05 2.79539e-06 1.7315e-07 7.515e-09 2.26286e-10 4.6144e-12 6.2389e-14 5.53286e-16
 7.33296e-08 2.87803e-06 6.65964e-05 0.000908569 0.00730915 0.0346922 0.0974384 0.164305 0.177727 0.153911 0.140854 0.118285 0.0693838 0.0264475 0.00697247 0.00142698 0.000237043 2.9997e-05 2.72248e-06 1.74574e-07 7.85263e-09 2.42371e-10 4.99801e-12 6.75794e-14 5.92483e-16
 1.01642e-07 3.77613e-06 8.27108e-05 0.00106816 0.00813467 0.0365639 0.0974182 0.157094 0.167939 0.154645 0.151347 0.125458 0.0693162 0.0241824 0.00561155 0.000976526 0.000140715 1.64356e-05 1.45004e-06 9.286e-08 4.2042e-09 1.30525e-10 2.70428e-12 3.67038e-14 3.22044e-16
 1.70627e-07 5.99949e-06 0.000124372 0.00152015 0.0109566 0.0466059 0.117462 0.178801 0.178783 0.150771 0.134651 0.103798 0.0539576 0.0178443 0.00395964 0.000660125 8.90649e-05 9.35665e-06 7.1934e-07 3.99128e-08 1.60403e-09 4.59161e-11 9.05437e-13 1.19148e-14 1.02162e-16
 2.44844e-07 8.14736e-06 0.000159841 0.00184893 0.0126128 0.0507952 0.121403 0.17655 0.173486 0.151517 0.138702 0.103473 0.0505302 0.0153838 0.00304209 0.00043409 4.98242e-05 4.6166e-06 3.22627e-07 1.63206e-08 5.88877e-10 1.48706e-11 2.56609e-13 2.96965e-15 2.27393e-17
 3.31709e-07 1.04459e-05 0.000193946 0.0021232 0.0137092 0.0522901 0.118711 0.166158 0.164595 0.154835 0.147896 0.108235 0.0514185 0.0157823 0.00339572 0.000565684 7.3578e-05 6.92831e-06 4.4852e-07 2.00164e-08 6.29177e-10 1.39697e-11 2.14569e-13 2.21984e-15 1.51477e-17
 4.96912e-07 1.48099e-05 0.000260239 0.00269632 0.0164784 0.0595092 0.128105 0.171105 0.164977 0.154025 0.142997 0.0993608 0.0444981 0.0128711 0.00262207 0.000419603 5.38651e-05 5.18845e-06 3.55569e-07 1.69893e-08 5.55848e-10 1.21518e-11 1.74049e-13 1.61919e-15 9.7698e-18
 6.56604e-07 1.85225e-05 0.000308068 0.00302132 0.017482 0.0598424 0.122755 0.159788 0.160174 0.16294 0.154135 0.102666 0.0430306 0.01143 0.00208044 0.00029129 3.30698e-05 2.89737e-06 1.85249e-07 8.45951e-09 2.71236e-10 5.9388e-12 8.6289e-14 8.14179e-16 4.91228e-18
 1.04731e-06 2.79669e-05 0.000440316 0.00408778 0.02239 0.0725476 0.140822 0.173149 0.162913 0.154542 0.136979 0.0862892 0.0347066 0.00911053 0.00171112 0.000251419 2.86453e-05 2.36047e-06 1.35765e-07 5.47823e-09 1.56013e-10 3.09018e-12 4.1473e-14 3.68292e-16 2.12467e-18
 1.33566e-06 3.3767e-05 0.000503327 0.00442433 0.0229543 0.0705829 0.131137 0.159648 0.161003 0.167298 0.149284 0.0896993 0.0337164 0.00813357 0.0013774 0.000182283 1.92895e-05 1.53469e-06 8.72444e-08 3.4727e-09 9.51011e-11 1.75137e-12 2.12844e-14 1.6891e-16 8.69847e-19
 1.6415e-06 3.92942e-05 0.000554609 0.00461685 0.0226991 0.0663457 0.11875 0.146179 0.162043 0.181996 0.161179 0.0927897 0.0334135 0.00786372 0.00133267 0.000176794 1.80903e-05 1.33621e-06 6.90223e-08 2.49846e-09 6.3278e-11 1.09928e-12 1.27523e-14 9.66167e-17 4.70471e-19
#pred catch len freq
 1.73403e-11 1.88295e-09 1.20548e-07 4.55009e-06 0.000101255 0.0013285 0.010277 0.0468862 0.126309 0.202199 0.198405 0.136038 0.0895953 0.0654254 0.043576 0.0266677 0.0167863 0.0108415 0.00723276 0.00509961 0.00387314 0.0032157 0.00276926 0.00212857 0.00123999
 1.22454e-11 1.3297e-09 8.51286e-08 3.21318e-06 7.1505e-05 0.00093819 0.00725863 0.0331378 0.0895785 0.14588 0.154882 0.137794 0.133398 0.117967 0.078862 0.0438356 0.0240179 0.013242 0.00734542 0.00425063 0.00265028 0.00184556 0.00141089 0.00103148 0.00059816
 1.56904e-11 1.7038e-09 1.09079e-07 4.11717e-06 9.16216e-05 0.0012021 0.00929942 0.0424295 0.11435 0.183438 0.181827 0.12981 0.0936751 0.0767033 0.0603774 0.0448789 0.0297639 0.0163903 0.00795806 0.00376011 0.00183529 0.000985915 0.00060854 0.000394217 0.000218154
 1.97761e-11 2.14744e-09 1.37481e-07 5.18923e-06 0.000115479 0.0015151 0.0117202 0.0534625 0.143918 0.22952 0.221099 0.140478 0.0772139 0.0479665 0.0295945 0.0173679 0.0110122 0.00719718 0.00422688 0.00207277 0.000875898 0.000356973 0.000159876 8.14136e-05 3.9952e-05
 1.92834e-11 2.09394e-09 1.34056e-07 5.05994e-06 0.000112602 0.00147736 0.0114284 0.0521354 0.1404 0.224348 0.218197 0.144278 0.0871942 0.0576467 0.0333239 0.0155506 0.00697475 0.00340861 0.00180963 0.000970516 0.000461377 0.000182552 6.40335e-05 2.30372e-05 8.77518e-06
 1.93444e-11 2.10057e-09 1.34481e-07 5.07597e-06 0.000112958 0.00148204 0.0114646 0.0522999 0.140836 0.224989 0.218556 0.143822 0.0860799 0.0569035 0.0337686 0.0166737 0.00763989 0.00325283 0.00126825 0.000503074 0.000213495 8.74784e-05 3.07503e-05 9.18975e-06 2.54774e-06
 1.93368e-11 2.09974e-09 1.34427e-07 5.07396e-06 0.000112913 0.00148145 0.0114601 0.0522793 0.140781 0.224908 0.218508 0.143872 0.0862094 0.0569931 0.0337358 0.016608 0.00768008 0.00336692 0.00132022 0.000462486 0.000148883 4.71142e-05 1.48381e-05 4.2171e-06 1.00645e-06
 2.01006e-11 2.18268e-09 1.39737e-07 5.27438e-06 0.000117373 0.00153996 0.0119126 0.0543406 0.146291 0.233383 0.225184 0.144031 0.0803241 0.0497107 0.0286279 0.0138609 0.00630793 0.00274086 0.00107854 0.00038191 0.000119232 3.23857e-05 7.9119e-06 1.81322e-06 3.78032e-07
 1.98889e-11 2.1597e-09 1.38266e-07 5.21884e-06 0.000116137 0.00152375 0.0117872 0.0537699 0.144771 0.231087 0.223584 0.144677 0.083016 0.0524687 0.0298375 0.0137327 0.00582811 0.00241219 0.000925071 0.000323365 0.000100637 2.69848e-05 6.105e-06 1.16568e-06 1.92498e-07
 2.01056e-11 2.18322e-09 1.39772e-07 5.27569e-06 0.000117403 0.00154035 0.0119156 0.0543545 0.146332 0.233479 0.22542 0.144564 0.0811132 0.0502777 0.028526 0.0132413 0.00563726 0.00227317 0.000823775 0.000271137 8.11095e-05 2.13169e-05 4.74493e-06 8.65473e-07 1.26945e-07
 2.08177e-11 2.26055e-09 1.44723e-07 5.46255e-06 0.000121561 0.0015949 0.0123375 0.0562764 0.15147 0.241376 0.231627 0.144666 0.0755491 0.0434176 0.0237393 0.0107116 0.00442934 0.00176122 0.000635237 0.000204928 5.85159e-05 1.4533e-05 3.09434e-06 5.47636e-07 7.7421e-08
 2.15816e-11 2.3435e-09 1.50033e-07 5.663e-06 0.000126022 0.00165342 0.01279 0.058338 0.156981 0.249858 0.23833 0.144895 0.0697682 0.0361981 0.0185874 0.00785516 0.00297228 0.00109921 0.000379331 0.000119176 3.34509e-05 8.10294e-06 1.65247e-06 2.77795e-07 3.75285e-08
 2.18201e-11 2.3694e-09 1.51691e-07 5.72559e-06 0.000127414 0.0016717 0.0129314 0.0589819 0.158704 0.252521 0.240493 0.145161 0.0682614 0.0341534 0.0169248 0.00671729 0.00227621 0.000748074 0.000233086 6.69272e-05 1.76043e-05 4.09974e-06 8.13287e-07 1.32494e-07 1.71621e-08
 2.11652e-11 2.29829e-09 1.47138e-07 5.55374e-06 0.00012359 0.00162153 0.0125434 0.0572147 0.153984 0.245292 0.234947 0.145518 0.0740714 0.0409463 0.0211953 0.00846899 0.00283337 0.00089425 0.000256681 6.54167e-05 1.51994e-05 3.18861e-06 5.85841e-07 9.07501e-08 1.13362e-08
 2.18036e-11 2.36761e-09 1.51577e-07 5.72126e-06 0.000127318 0.00167043 0.0129216 0.0589373 0.158585 0.252334 0.240332 0.145112 0.0683235 0.0342809 0.0170861 0.00686965 0.00236307 0.000763849 0.000219459 5.42813e-05 1.17464e-05 2.20541e-06 3.56738e-07 4.93443e-08 5.66695e-09
 2.23748e-11 2.42964e-09 1.55548e-07 5.87114e-06 0.000130653 0.00171419 0.01326 0.0604788 0.162704 0.25866 0.245269 0.145076 0.0636778 0.0286427 0.0132611 0.00496998 0.00153375 0.000450666 0.000125788 3.14594e-05 6.86186e-06 1.26019e-06 1.91139e-07 2.38249e-08 2.42088e-09
 2.26686e-11 2.46154e-09 1.5759e-07 5.94822e-06 0.000132369 0.0017367 0.013434 0.0612715 0.164822 0.26191 0.247791 0.145014 0.061223 0.0257048 0.0113249 0.00406558 0.00116079 0.00030558 7.61731e-05 1.71051e-05 3.47087e-06 6.23159e-07 9.41796e-08 1.14909e-08 1.10127e-09
 2.28073e-11 2.47661e-09 1.58555e-07 5.98464e-06 0.000133179 0.00174733 0.0135162 0.061646 0.165823 0.263446 0.248986 0.144992 0.0600741 0.0243229 0.0104044 0.00362583 0.000976107 0.000235305 5.35616e-05 1.08489e-05 1.94885e-06 3.10889e-07 4.2973e-08 4.99668e-09 4.68341e-10
 2.28589e-11 2.4822e-09 1.58913e-07 5.99815e-06 0.00013348 0.00175127 0.0135468 0.061785 0.166194 0.264016 0.24943 0.144984 0.0596494 0.0238112 0.0100624 0.00346113 0.000906016 0.000208233 4.47349e-05 8.41062e-06 1.37122e-06 1.9566e-07 2.39195e-08 2.46088e-09 2.08859e-10
 2.31969e-11 2.5189e-09 1.61262e-07 6.08684e-06 0.000135453 0.00177716 0.013747 0.062697 0.16863 0.267744 0.252279 0.144767 0.0566012 0.0202773 0.00788401 0.0026146 0.000660212 0.000144078 2.94643e-05 5.29157e-06 8.14975e-07 1.08077e-07 1.20419e-08 1.10736e-09 8.30385e-11
 2.35213e-11 2.55413e-09 1.63518e-07 6.17197e-06 0.000137348 0.00180202 0.0139392 0.0635724 0.170968 0.271323 0.255016 0.144562 0.0536814 0.0168888 0.00579046 0.00179557 0.000419206 8.06362e-05 1.46309e-05 2.42908e-06 3.51784e-07 4.4073e-08 4.63027e-09 3.96617e-10 2.72113e-11
 2.38149e-11 2.58601e-09 1.65559e-07 6.24901e-06 0.000139062 0.00182451 0.0141131 0.0643645 0.173083 0.27456 0.257483 0.14435 0.0509986 0.0137961 0.00390858 0.00109319 0.000234539 3.89764e-05 5.89357e-06 8.37932e-07 1.05568e-07 1.17153e-08 1.12508e-09 8.98933e-11 5.78299e-12
 2.3984e-11 2.60438e-09 1.66735e-07 6.29339e-06 0.00014005 0.00183747 0.0142133 0.0648209 0.174302 0.276424 0.258902 0.144219 0.049441 0.0120065 0.00282783 0.000699629 0.000137851 1.96699e-05 2.33486e-06 2.63233e-07 2.71971e-08 2.48613e-09 2.00385e-10 1.38228e-11 7.90696e-13
 2.39391e-11 2.5995e-09 1.66422e-07 6.28161e-06 0.000139788 0.00183403 0.0141867 0.0646997 0.173979 0.275929 0.258528 0.144261 0.0498656 0.0124887 0.00311115 0.000793407 0.000154402 2.06081e-05 2.10828e-06 1.9539e-07 1.64312e-08 1.1803e-09 7.37506e-11 4.03693e-12 1.88073e-13
 2.40899e-11 2.61588e-09 1.67471e-07 6.32119e-06 0.000140668 0.00184558 0.0142761 0.0651066 0.175065 0.277591 0.259787 0.144131 0.0484556 0.0108793 0.00215422 0.000462812 8.55346e-05 1.13737e-05 1.1769e-06 1.08907e-07 8.70473e-09 5.52369e-10 2.84312e-11 1.23231e-12 4.44681e-14
 2.41815e-11 2.62583e-09 1.68108e-07 6.34522e-06 0.000141203 0.0018526 0.0143303 0.0653538 0.175725 0.2786 0.260553 0.144054 0.0476014 0.00990319 0.00157226 0.000259841 4.18843e-05 4.9619e-06 4.09489e-07 2.73195e-08 1.72229e-09 9.9908e-11 4.97922e-12 2.04251e-13 6.55509e-15
 2.4231e-11 2.63119e-09 1.68451e-07 6.35819e-06 0.000141492 0.00185639 0.0143596 0.0654872 0.176081 0.279144 0.260966 0.144011 0.0471388 0.00937537 0.00125878 0.000151982 1.97322e-05 2.12571e-06 1.55916e-07 8.07198e-09 3.51757e-10 1.43161e-11 5.14283e-13 1.59875e-14 4.34379e-16
 2.4254e-11 2.63369e-09 1.68611e-07 6.36423e-06 0.000141626 0.00185815 0.0143732 0.0655492 0.176247 0.279397 0.261158 0.143991 0.0469233 0.00912961 0.00111299 0.000102018 9.6149e-06 8.91234e-07 6.01654e-08 2.66576e-09 8.41948e-11 2.28015e-12 5.71756e-14 1.23781e-15 2.27327e-17
 2.42628e-11 2.63465e-09 1.68672e-07 6.36654e-06 0.000141678 0.00185882 0.0143785 0.065573 0.17631 0.279494 0.261231 0.143983 0.0468408 0.00903557 0.00105724 8.29411e-05 5.77438e-06 4.32145e-07 2.68995e-08 1.10904e-09 2.94946e-11 5.65757e-13 9.39676e-15 1.41447e-16 1.77646e-18
#obs catch len freq
 3.13638e-11 3.03013e-09 1.72597e-07 5.79623e-06 0.000114762 0.00133969 0.00922215 0.0374668 0.090244 0.131992 0.131106 0.121878 0.129765 0.12254 0.091661 0.060526 0.0370003 0.0200481 0.00950589 0.00388419 0.00129846 0.000332445 6.13793e-05 7.79393e-06 6.57123e-07
 5.26288e-11 4.90424e-09 2.69438e-07 8.72737e-06 0.000166667 0.00187658 0.0124592 0.048811 0.113256 0.158725 0.147604 0.122477 0.117181 0.103652 0.0735752 0.0465887 0.0279603 0.0150406 0.00693049 0.0026515 0.000810491 0.000188921 3.18713e-05 3.70664e-06 2.85996e-07
 3.18683e-11 2.85935e-09 1.51257e-07 4.71741e-06 8.67445e-05 0.000940546 0.00601713 0.022789 0.05201 0.077901 0.101061 0.147568 0.191435 0.173095 0.110833 0.0596713 0.0311084 0.0153797 0.00674366 0.00246761 0.000709057 0.000151994 2.32797e-05 2.45129e-06 1.71585e-07
 1.48713e-10 1.28265e-08 6.52235e-07 1.95542e-05 0.000345634 0.00360193 0.0221321 0.0802059 0.171704 0.219003 0.173914 0.103686 0.0688336 0.0550432 0.042889 0.0298117 0.016967 0.00768031 0.00291094 0.000945303 0.000249279 4.95018e-05 6.97738e-06 6.69661e-07 4.2463e-08
 1.69138e-10 1.40017e-08 6.83371e-07 1.96641e-05 0.000333605 0.00333695 0.019684 0.0685483 0.141748 0.17935 0.158615 0.13636 0.127246 0.0937578 0.0459556 0.0161593 0.00549089 0.00220511 0.000851506 0.000262484 6.17071e-05 1.0859e-05 1.37725e-06 1.20169e-07 6.94033e-09
 3.01373e-10 2.39106e-08 1.11845e-06 3.08447e-05 0.000501517 0.00480775 0.0271771 0.0906485 0.179046 0.213368 0.167667 0.115207 0.0893658 0.0622754 0.0317981 0.0124737 0.00413492 0.00115045 0.000271839 6.00629e-05 1.21352e-05 1.93675e-06 2.20642e-07 1.71583e-08 8.8641e-10
 3.67494e-10 2.79056e-08 1.24931e-06 3.29753e-05 0.000513157 0.00470844 0.025479 0.0814285 0.154838 0.181909 0.154758 0.133731 0.121453 0.0841493 0.0390585 0.0130598 0.00369317 0.000943489 0.000203336 3.50523e-05 4.84382e-06 5.46594e-07 4.92562e-08 3.28767e-09 1.50516e-10
 6.19257e-10 4.49475e-08 1.92345e-06 4.8528e-05 0.000721852 0.00633086 0.0327437 0.0999823 0.181296 0.201155 0.155828 0.116948 0.0958424 0.0638106 0.0300916 0.0108721 0.00331461 0.000826925 0.000158702 2.349e-05 2.72231e-06 2.42263e-07 1.60711e-08 7.81007e-10 2.73173e-11
 8.8015e-10 6.09905e-08 2.49176e-06 6.0019e-05 0.000852347 0.00713693 0.0352454 0.102817 0.17862 0.192516 0.152246 0.12358 0.103594 0.0652422 0.0273279 0.00816599 0.00203769 0.000456607 8.58463e-05 1.2561e-05 1.36776e-06 1.07546e-07 6.0051e-09 2.35618e-10 6.41048e-12
 1.34597e-09 8.89442e-08 3.46529e-06 7.95978e-05 0.00107797 0.00860765 0.0405391 0.112801 0.187097 0.193358 0.148682 0.118778 0.0966931 0.0587737 0.0240871 0.00720599 0.00178069 0.0003679 5.95174e-05 7.40423e-06 7.13887e-07 5.19321e-08 2.70797e-09 9.69871e-11 2.32411e-12
 2.03503e-09 1.28107e-07 4.75457e-06 0.000104038 0.0013422 0.0102098 0.0458106 0.121487 0.192417 0.19158 0.145883 0.117574 0.0933085 0.0535158 0.0201047 0.00529162 0.00112548 0.000207169 3.11178e-05 3.59326e-06 3.10859e-07 1.96677e-08 8.87912e-10 2.80156e-11 6.04144e-13
 3.07447e-09 1.84187e-07 6.50561e-06 0.000135474 0.0016633 0.0120413 0.0514232 0.129859 0.19633 0.188638 0.143025 0.116518 0.0900131 0.048766 0.0168683 0.00390535 0.000689806 0.00010366 1.29529e-05 1.26494e-06 9.44401e-08 5.28137e-09 2.12963e-10 5.96502e-12 1.12974e-13
 4.71441e-09 2.68537e-07 9.0182e-06 0.000178557 0.0020844 0.0143475 0.0582633 0.139964 0.201695 0.186317 0.138936 0.112148 0.0838254 0.0435478 0.0146047 0.00337085 0.000606937 9.01088e-05 1.03384e-05 8.65575e-07 5.30954e-08 2.42203e-09 8.10721e-11 1.93005e-12 3.17055e-14
 7.21658e-09 3.90503e-07 1.24582e-05 0.000234331 0.00259868 0.0169933 0.0655649 0.149728 0.20566 0.183141 0.135327 0.108692 0.078325 0.0385264 0.0121142 0.00258853 0.000427486 5.89252e-05 6.43969e-06 5.21317e-07 3.05966e-08 1.28624e-09 3.78401e-11 7.62698e-13 1.04165e-14
 8.70739e-09 4.47261e-07 1.35448e-05 0.00024184 0.00254595 0.015807 0.0579582 0.126367 0.169498 0.161092 0.148895 0.143659 0.106008 0.0499135 0.014667 0.00285894 0.000418574 5.07493e-05 4.94405e-06 3.60606e-07 1.92279e-08 7.44159e-10 2.04095e-11 3.8424e-13 4.84302e-15
 1.58269e-08 7.71159e-07 2.2153e-05 0.0003752 0.00374674 0.0220643 0.0767038 0.158236 0.198803 0.170278 0.133711 0.112583 0.0768267 0.0344261 0.00989679 0.00197582 0.000308301 3.88187e-05 3.65605e-06 2.42969e-07 1.14114e-08 3.85299e-10 9.29141e-12 1.55866e-13 1.77227e-15
 2.16714e-08 1.00103e-06 2.72614e-05 0.000437718 0.00414393 0.0231388 0.0763281 0.149972 0.182632 0.161438 0.142103 0.127098 0.0847394 0.0360469 0.00976043 0.00182918 0.000268832 3.24275e-05 3.00306e-06 2.0093e-07 9.55142e-09 3.18663e-10 7.28081e-12 1.11319e-13 1.12553e-15
 3.77754e-08 1.65333e-06 4.26626e-05 0.000649053 0.0058221 0.0308006 0.0962278 0.178742 0.203966 0.163659 0.125586 0.100382 0.0620007 0.0246703 0.00622051 0.00107004 0.000142057 1.54671e-05 1.30584e-06 8.03616e-08 3.55322e-09 1.12186e-10 2.46984e-12 3.67825e-14 3.61932e-16
 4.82956e-08 2.00199e-06 4.89278e-05 0.000705016 0.00599011 0.0300247 0.0890066 0.158013 0.178061 0.156357 0.143667 0.124351 0.0756979 0.0292076 0.00733088 0.00132331 0.000190091 2.15027e-05 1.76674e-06 1.0134e-07 4.08886e-09 1.17043e-10 2.34228e-12 3.19289e-14 2.9018e-16
 7.77823e-08 3.05278e-06 7.06402e-05 0.000963733 0.00775274 0.0367933 0.103278 0.173644 0.185402 0.154247 0.133956 0.109544 0.0633944 0.0236587 0.0059613 0.00113429 0.000174236 2.05364e-05 1.72853e-06 1.01659e-07 4.18218e-09 1.18956e-10 2.28326e-12 2.89825e-14 2.4085e-16
 1.21341e-07 4.50798e-06 9.87406e-05 0.00127515 0.00971008 0.0436241 0.11595 0.184819 0.187977 0.150717 0.126537 0.0988335 0.0545645 0.0197382 0.00498807 0.000985231 0.000157283 1.89847e-05 1.63815e-06 9.97119e-08 4.24455e-09 1.23487e-10 2.39236e-12 3.03179e-14 2.48639e-16
 1.7085e-07 6.00732e-06 0.000124534 0.00152213 0.0109709 0.0466665 0.117613 0.179016 0.178937 0.150763 0.134504 0.103611 0.0538081 0.0177613 0.00393375 0.000659707 9.17074e-05 1.02633e-05 8.63012e-07 5.24834e-08 2.24697e-09 6.56903e-11 1.27743e-12 1.62327e-14 1.33063e-16
 2.82697e-07 9.40696e-06 0.000184552 0.00213473 0.0145608 0.0586081 0.139702 0.200604 0.187128 0.143348 0.115508 0.0823246 0.0401719 0.012568 0.00266088 0.000426518 5.52614e-05 5.53855e-06 4.04991e-07 2.13599e-08 8.14081e-10 2.2001e-11 4.07726e-13 5.02398e-15 4.02241e-17
 4.06084e-07 1.27881e-05 0.000237431 0.00259913 0.016779 0.0639388 0.144496 0.198009 0.180809 0.142728 0.118153 0.0816968 0.0374454 0.0107628 0.0020232 0.000276786 3.05401e-05 2.7055e-06 1.79865e-07 8.63485e-09 2.94851e-10 7.02045e-12 1.13841e-13 1.23461e-15 8.83758e-18
 5.61709e-07 1.67411e-05 0.000294172 0.00304781 0.0186237 0.0672076 0.144172 0.189526 0.17249 0.144386 0.124333 0.0844783 0.0377614 0.0109919 0.0022607 0.000360971 4.47419e-05 3.99086e-06 2.44414e-07 1.03285e-08 3.07285e-10 6.43858e-12 9.29652e-14 9.011e-16 5.74571e-18
 8.43589e-07 2.37972e-05 0.00039579 0.00388132 0.0224494 0.0767006 0.155928 0.195054 0.171163 0.14027 0.116669 0.0751499 0.0316515 0.00867925 0.00168982 0.000259384 3.17952e-05 2.90867e-06 1.8881e-07 8.52463e-09 2.62663e-10 5.39056e-12 7.23184e-14 6.29245e-16 3.54617e-18
 1.13756e-06 3.03769e-05 0.000478257 0.00443987 0.0243149 0.0787288 0.152311 0.184581 0.165836 0.146882 0.125155 0.0774933 0.0305413 0.00767633 0.00133157 0.000178568 1.93709e-05 1.61381e-06 9.78668e-08 4.22961e-09 1.27886e-10 2.63011e-12 3.57779e-14 3.15272e-16 1.77294e-18
 1.78759e-06 4.51922e-05 0.00067361 0.00592029 0.0306946 0.0940781 0.172177 0.196772 0.164957 0.134749 0.106791 0.0624205 0.0236235 0.00587873 0.00105325 0.000147734 1.59887e-05 1.24705e-06 6.78648e-08 2.59058e-09 6.96408e-11 1.29736e-12 1.63188e-14 1.35432e-16 7.28438e-19
 2.34974e-06 5.62473e-05 0.00079385 0.00660682 0.0324459 0.0943273 0.16478 0.184421 0.16209 0.144337 0.11607 0.0649098 0.0229556 0.00524163 0.000845283 0.000106799 1.07542e-05 8.11003e-07 4.36123e-08 1.63854e-09 4.22218e-11 7.29409e-13 8.29646e-15 6.15083e-17 2.95394e-19
#spawning biomass
 7006.76 6778.11 4778.19 4714.33 6735.01 9710.51 14049.4 18584.1 24675.1 29433.6 35849.8 48645.3 66384.9 97360.5 84295.1 69328.2 75557.8 78234.8 78133.3 70017.1 66057.1 71793.8 76491 73697.1 100376 79301.8 71844.5 66494.8 66123.1 66075.6 104149 72316.3 46729.1 31705.7 24151.7 20689.9 19197.2 18580 18332.4 18235.2 18197.7 18183.4 18178 18176 18175.2 18174.9 18174.8 18174.8 18174.8 18174.8 18174.8 18174.8 18174.8 18174.8 18174.8 18174.8 18174.8 18174.8 18174.8 18174.8 18174.8 18174.8 18174.8 18174.8 18174.8 18174.8 18174.8 18174.8 18174.8 18174.8 18174.8 18174.8 18174.8 18174.8 18174.8 18174.8 18174.8 18174.8 18174.8 18174.8 18174.8 18174.8 18174.8 18174.8 18174.8 18174.8 18174.8 18174.8 18174.8 18174.8 18174.8 18174.8 18174.8 18174.8 18174.8 18174.8 18174.8 18174.8 18174.8 18174.8 18174.8 18174.8 18174.8 18174.8 18174.8 18174.8 18174.8 18174.8 18174.8 18174.8 18174.8 18174.8 18174.8 18174.8 18174.8 18174.8 18174.8 18174.8 18174.8 18174.8 18174.8 18174.8 18174.8 18174.8 18174.8 18174.8 18174.8 18174.8 18174.8 0 0 0 0 0 0 0 0 0 0 0 0 0 0 0 0 0 0 0 0 0 0 0 0 0
