SBPRF35
0.224663
Curr Bio
25850.7
B35
65844.9
F35
0.499525
FOFL
0.181396
OFL
5754.81
Bzero
64189.3
#pred survey bio
 8759.26 7112.23 8126.67 10770.1 14268.6 16467.6 15098.1 14928.7 25143.4 38916.9 38231.5 43208.7 67633.6 84359.9 75179.8 63949 60023.8 62365 60401.8 64428.8 63800.2 67860.3 71274.6 75164.1 81424 79077.6 74160.2 76201 2.76232e+06 2.04193e+06 1.71753e+06 1.33007e+06 1.08718e+06 955608 888414 854736 837720 828881 824101 821394 819791 818806 818181 817774 817508 817333 817216 817137 817085 817049 817025 817009 816998 816991 816986 816982 816980 816978 816977 816977 816976 816976 816976 816976 816975 816975 816975 816975 816975 816975 816975 816975 816975 816975 816975 816975 816975 816975 816975 816975 816975 816975 816975 816975 816975 816975 816975 816975 816975 816975 816975 816975 816975 816975 816975 816975 816975 816975 816975 816975 816975 816975 816975 816975 816975 816975 816975 816975 816975 816975 816975 816975 816975 816975 816975 816975 816975 816975 816975 816975 816975 816975 816975 816975 816975 816975 816975 816975 0 0 0 0 0 0 0 0 0 0 0 0 0 0 0 0 0 0 0 0 0 0 0 0 0
#obs survey bio
 7741.35 7281.1 8837.61 17470.8 16287.5 13687.8 8755.36 16283.7 46448.9 45669.5 51985.5 49510.8 70261.2 99052.1 65401.3 51346.8 57311.4 55258.1 70626.2 65711.7 61765 65818.8 47789.9 54680.5 73951.3 66430.6 57667.3 75455.5
#pred catch bio
 4822.7 3506.06 3546.21 4638.18 6461.84 8487.14 8465.11 7521.19 8807.34 20102.4 23002 19056.9 30758.7 47629 44529.1 38880.2 32514.7 36575.6 32135.2 36685.8 35107.2 36582.6 39979.3 40470.2 45082.5 44791.5 42670.6 44611 5754.81 25625.3 23007.3 16738.7 12892.3 10922.7 9991.18 9571.06 9387.27 9308.46 9275.12 9261.15 9255.33 9252.92 9251.92 9251.51 9251.34 9251.27 9251.24 9251.23 9251.22 9251.22 9251.22 9251.22 9251.22 9251.22 9251.22 9251.22 9251.22 9251.22 9251.22 9251.22 9251.22 9251.22 9251.22 9251.22 9251.22 9251.22 9251.22 9251.22 9251.22 9251.22 9251.22 9251.22 9251.22 9251.22 9251.22 9251.22 9251.22 9251.22 9251.22 9251.22 9251.22 9251.22 9251.22 9251.22 9251.22 9251.22 9251.22 9251.22 9251.22 9251.22 9251.22 9251.22 9251.22 9251.22 9251.22 9251.22 9251.22 9251.22 9251.22 9251.22 9251.22 9251.22 9251.22 9251.22 9251.22 9251.22 9251.22 9251.22 9251.22 9251.22 9251.22 9251.22 9251.22 9251.22 9251.22 9251.22 9251.22 9251.22 9251.22 9251.22 9251.22 9251.22 9251.22 9251.22 9251.22 9251.22 9251.22 9251.22 0 0 0 0 0 0 0 0 0 0 0 0 0 0 0 0 0 0 0 0 0 0 0 0 0
#obs catch bio
 3325.81 3514.85 3533.03 4545.19 6285.4 8352.87 8662.25 7726.14 8439.4 19152 23470.7 18408 29704.7 48417.7 45293.4 40973.7 32254.8 37674.2 32187.2 36650.8 35500.8 35368.9 40738.4 40705.1 44741.4 45428.2 42841.9 45430.2
#pred cpue bio
 6114.67 4175.87 4359.72 5759.01 7692.46 9497.28 9199.57 7836.23 10549.8 21606.9 22260.3 19615.6 33096.5 46755.2 43484.5 35845.3 30898.1 34278.6 31700.4 35130.6 34089.3 35826.9 38783.1 38999.8 43628.9 44199.8 41075.1 39144.3 1.41942e+06 1.59335e+06 1.51154e+06 1.13879e+06 896378 764822 697629 663951 646935 638096 633316 630609 629006 628021 627396 626989 626724 626548 626431 626352 626300 626264 626240 626224 626213 626206 626201 626197 626195 626193 626192 626192 626191 626191 626191 626191 626190 626190 626190 626190 626190 626190 626190 626190 626190 626190 626190 626190 626190 626190 626190 626190 626190 626190 626190 626190 626190 626190 626190 626190 626190 626190 626190 626190 626190 626190 626190 626190 626190 626190 626190 626190 626190 626190 626190 626190 626190 626190 626190 626190 626190 626190 626190 626190 626190 626190 626190 626190 626190 626190 626190 626190 626190 626190 626190 626190 626190 626190 626190 626190 0 0 0 0 0 0 0 0 0 0 0 0 0 0 0 0 0 0 0 0 0 0 0 0 0
#obs cpue bio
 4015.3 4867.61 3567.53 7115.38 9521.24 11527.6 8667.45 7094.07 15306.2 25957.7 17811.2 24635.8 41328.1 28835.7 32100 25870.4 31073.8 25484.9 28935.7 33285.5 34404.9 62777.4 34387.4 51411.6 55362.3 40575 53548.3 30915.1
#pred surv len freq
 2.14147e-27 2.1628e-27 5.52273e-27 1.1494e-21 6.83591e-17 9.34689e-13 2.93821e-09 2.12345e-06 0.000352808 0.013477 0.118356 0.238966 0.111568 0.0290595 0.105472 0.148453 0.0598267 0.0464195 0.0402008 0.0245562 0.0188677 0.0146143 0.0134737 0.011608 0.00472652
 2.1431e-27 2.16783e-27 6.09853e-27 1.34476e-21 7.99782e-17 1.09356e-12 3.43762e-09 2.48438e-06 0.000412776 0.0157677 0.138473 0.279583 0.130438 0.0315166 0.108236 0.152033 0.0574744 0.0337169 0.0262576 0.0108943 0.0060896 0.00366291 0.00266105 0.00199328 0.000786839
 2.1443e-27 2.17091e-27 6.4275e-27 1.45634e-21 8.66142e-17 1.18429e-12 3.72285e-09 2.69051e-06 0.000447024 0.017076 0.149963 0.30278 0.141164 0.0315588 0.101504 0.142437 0.0527863 0.0277484 0.0207136 0.00704036 0.00281408 0.00106385 0.000505221 0.000290875 0.000104873
 2.14418e-27 2.17062e-27 6.39599e-27 1.44565e-21 8.59782e-17 1.1756e-12 3.69551e-09 2.67075e-06 0.000443742 0.0169506 0.148861 0.300557 0.140148 0.0318884 0.104187 0.146195 0.0538253 0.0272075 0.0200671 0.00648987 0.00230289 0.000635598 0.000165935 5.54811e-05 1.61188e-05
 2.14404e-27 2.1703e-27 6.36427e-27 1.43489e-21 8.53387e-17 1.16685e-12 3.66802e-09 2.65089e-06 0.000440441 0.0168246 0.147754 0.298321 0.139114 0.0318642 0.104712 0.146963 0.0544627 0.0286132 0.0211919 0.00672604 0.00230047 0.000579291 0.000109166 1.79009e-05 3.05365e-06
 2.14231e-27 2.16605e-27 5.91349e-27 1.28198e-21 7.62442e-17 1.0425e-12 3.27712e-09 2.36838e-06 0.000393504 0.0150316 0.132008 0.266531 0.124474 0.0333964 0.123648 0.173655 0.0639135 0.0322369 0.0237411 0.00759633 0.0026095 0.000639618 0.000109654 1.24591e-05 1.0229e-06
 2.14097e-27 2.16278e-27 5.57465e-27 1.16707e-21 6.941e-17 9.49058e-13 2.98338e-09 2.15609e-06 0.000358232 0.0136842 0.120176 0.242641 0.11345 0.0339301 0.134107 0.188513 0.0707369 0.0398192 0.0296807 0.00908662 0.0029583 0.000722082 0.000121855 1.25304e-05 7.05288e-07
 2.14485e-27 2.17233e-27 6.58404e-27 1.50947e-21 8.97739e-17 1.2275e-12 3.85865e-09 2.78866e-06 0.000463332 0.017699 0.155433 0.313825 0.146239 0.0307223 0.0930688 0.130617 0.0495938 0.0296759 0.0224241 0.00714853 0.00241859 0.000568146 9.17628e-05 9.20969e-06 4.71385e-07
 2.1479e-27 2.1797e-27 7.34858e-27 1.76874e-21 1.05194e-16 1.43834e-12 4.52143e-09 3.26765e-06 0.000542915 0.020739 0.182131 0.367726 0.171116 0.0296036 0.0699937 0.0978318 0.0344914 0.0127552 0.0088456 0.00289944 0.00102565 0.000250601 4.09844e-05 3.96557e-06 1.94883e-07
 2.1425e-27 2.16639e-27 5.93222e-27 1.28825e-21 7.6617e-17 1.0476e-12 3.29315e-09 2.37997e-06 0.000395428 0.0151051 0.132654 0.267834 0.12513 0.0348176 0.131931 0.185091 0.0647032 0.0221309 0.0147354 0.00402645 0.00111808 0.000273514 4.70668e-05 4.68609e-06 2.27659e-07
 2.14217e-27 2.16573e-27 5.88309e-27 1.27168e-21 7.56317e-17 1.03413e-12 3.2508e-09 2.34936e-06 0.000390343 0.0149108 0.130948 0.26439 0.123475 0.0331335 0.122689 0.172401 0.0648389 0.0369003 0.027036 0.00690792 0.00160916 0.000318535 4.56622e-05 4.5296e-06 2.27598e-07
 2.14688e-27 2.17721e-27 7.08654e-27 1.67986e-21 9.99076e-17 1.36606e-12 4.29422e-09 3.10345e-06 0.000515633 0.0196968 0.172979 0.349248 0.162598 0.0302517 0.0795196 0.111308 0.0399258 0.0169423 0.0120124 0.00364687 0.00111436 0.000211727 2.44764e-05 1.94775e-06 8.86795e-08
 2.14524e-27 2.17313e-27 6.64665e-27 1.5306e-21 9.10306e-17 1.24468e-12 3.91267e-09 2.8277e-06 0.000469818 0.0179467 0.157609 0.318218 0.148333 0.0324145 0.102075 0.142994 0.0496558 0.015919 0.0104308 0.00290607 0.000816978 0.000181199 2.5212e-05 1.8572e-06 6.83742e-08
 2.14289e-27 2.16739e-27 6.04648e-27 1.32704e-21 7.89244e-17 1.07915e-12 3.39232e-09 2.45164e-06 0.000407337 0.01556 0.136649 0.2759 0.128819 0.0337456 0.122956 0.172568 0.0620413 0.0267384 0.0186405 0.00467681 0.00105464 0.000209888 2.90132e-05 2.45544e-06 9.61516e-08
 2.14186e-27 2.16487e-27 5.78076e-27 1.23691e-21 7.35641e-17 1.00586e-12 3.16193e-09 2.28513e-06 0.000379671 0.0145032 0.127368 0.257163 0.120183 0.0344599 0.132964 0.186705 0.0674324 0.0300422 0.0212479 0.00576614 0.00148163 0.000269262 3.0395e-05 2.3548e-06 9.66773e-08
 2.14284e-27 2.16731e-27 6.04322e-27 1.32596e-21 7.88601e-17 1.07827e-12 3.38956e-09 2.44964e-06 0.000407005 0.0155473 0.136537 0.275675 0.128699 0.0333234 0.120447 0.1691 0.0617426 0.0295957 0.0212352 0.0058106 0.00153797 0.000301508 3.6174e-05 2.50719e-06 8.9153e-08
 2.14441e-27 2.1711e-27 6.43466e-27 1.4587e-21 8.67547e-17 1.18622e-12 3.72889e-09 2.69488e-06 0.00044775 0.0171037 0.150206 0.303272 0.141438 0.0328135 0.109016 0.152837 0.0539537 0.0201498 0.0137351 0.00378111 0.00101471 0.000201688 2.52918e-05 1.86584e-06 6.55073e-08
 2.14286e-27 2.16728e-27 6.02956e-27 1.32128e-21 7.85815e-17 1.07446e-12 3.37758e-09 2.44099e-06 0.000405567 0.0154924 0.136055 0.274701 0.128284 0.034264 0.126482 0.177454 0.0626219 0.023307 0.0157558 0.0040245 0.000941129 0.000183984 2.34947e-05 1.78618e-06 6.57711e-08
 2.14412e-27 2.1704e-27 6.36401e-27 1.43475e-21 8.53303e-17 1.16674e-12 3.66766e-09 2.65063e-06 0.000440398 0.0168229 0.14774 0.298292 0.139135 0.0327852 0.110344 0.154765 0.0553998 0.0231223 0.0160227 0.00404116 0.000904632 0.000162529 1.86116e-05 1.38299e-06 5.19928e-08
 2.14321e-27 2.16816e-27 6.12558e-27 1.35387e-21 8.05197e-17 1.10096e-12 3.46089e-09 2.5012e-06 0.00041557 0.0158745 0.139411 0.281477 0.131394 0.0336644 0.120779 0.16946 0.0603849 0.0243468 0.0168565 0.00454418 0.00115635 0.000209755 2.26904e-05 1.53297e-06 5.3657e-08
 2.14373e-27 2.16944e-27 6.26237e-27 1.40028e-21 8.32797e-17 1.1387e-12 3.57952e-09 2.58693e-06 0.000429815 0.0164186 0.144189 0.291124 0.135834 0.0331189 0.114542 0.160682 0.0574875 0.0239031 0.0166122 0.00435696 0.00106781 0.000205112 2.43608e-05 1.64907e-06 5.39239e-08
 2.14396e-27 2.17002e-27 6.32327e-27 1.42093e-21 8.4508e-17 1.1555e-12 3.63232e-09 2.62509e-06 0.000436154 0.0166608 0.146316 0.295418 0.137814 0.032981 0.112405 0.157656 0.0562191 0.0227935 0.0157859 0.00421947 0.00106578 0.000201377 2.37608e-05 1.70686e-06 5.87635e-08
 2.14326e-27 2.16829e-27 6.13973e-27 1.35867e-21 8.08051e-17 1.10487e-12 3.47316e-09 2.51006e-06 0.000417043 0.0159308 0.139905 0.282474 0.131853 0.0336069 0.120128 0.168544 0.0600963 0.0243474 0.0168493 0.00447837 0.00112403 0.000215899 2.59308e-05 1.85552e-06 6.51949e-08
 2.14441e-27 2.17113e-27 6.44188e-27 1.46117e-21 8.69015e-17 1.18822e-12 3.73519e-09 2.69944e-06 0.000448507 0.0171327 0.15046 0.303784 0.141662 0.0324492 0.106637 0.149548 0.0536607 0.0228067 0.0159341 0.00420818 0.00104192 0.000198643 2.38572e-05 1.73143e-06 6.14299e-08
 2.1435e-27 2.16886e-27 6.19728e-27 1.37818e-21 8.19654e-17 1.12073e-12 3.52303e-09 2.5461e-06 0.000423031 0.0161595 0.141914 0.28653 0.13373 0.033655 0.119199 0.167189 0.0590019 0.0219746 0.0149375 0.00402684 0.00103514 0.000197412 2.3432e-05 1.69116e-06 6.03147e-08
 2.14264e-27 2.16678e-27 5.98043e-27 1.30464e-21 7.75917e-17 1.06093e-12 3.33504e-09 2.41024e-06 0.000400458 0.0152972 0.134341 0.271241 0.126676 0.0340354 0.126129 0.177028 0.0634453 0.0267214 0.0185768 0.00475493 0.00111022 0.000212062 2.58473e-05 1.86818e-06 6.61193e-08
 2.14307e-27 2.16785e-27 6.09849e-27 1.3447e-21 7.99746e-17 1.09351e-12 3.43746e-09 2.48427e-06 0.000412757 0.015767 0.138467 0.279571 0.130499 0.0332849 0.119037 0.167087 0.0606926 0.0281166 0.0200176 0.00538998 0.00137107 0.000253169 2.88069e-05 2.07252e-06 7.43232e-08
 2.14459e-27 2.17157e-27 6.48753e-27 1.47665e-21 8.78222e-17 1.20081e-12 3.77477e-09 2.72804e-06 0.000453259 0.0173142 0.152054 0.307003 0.143147 0.0323688 0.105177 0.147471 0.0526792 0.021654 0.0150992 0.00419103 0.00113562 0.000222077 2.65748e-05 1.85418e-06 6.39506e-08
#obs surv len freq
 8.68509e-40 4.25075e-33 4.78301e-27 1.23732e-21 7.35881e-17 1.00618e-12 3.16295e-09 2.28587e-06 0.0003798 0.0145079 0.127408 0.257245 0.120138 0.0322349 0.119355 0.167841 0.0650023 0.0427417 0.0333759 0.0124899 0.00527898 0.00159666 0.000351743 4.75948e-05 3.29975e-06
 1.03497e-39 5.06546e-33 5.69974e-27 1.47447e-21 8.76922e-17 1.19903e-12 3.76917e-09 2.72399e-06 0.000452594 0.0172885 0.151828 0.306546 0.142869 0.0305806 0.0943972 0.132549 0.0510511 0.0327336 0.0253752 0.00921429 0.0037532 0.00109385 0.000232599 3.05409e-05 2.04648e-06
 9.67889e-40 4.73715e-33 5.33031e-27 1.3789e-21 8.20084e-17 1.12132e-12 3.52487e-09 2.54743e-06 0.000423259 0.016168 0.141987 0.286679 0.133767 0.0327895 0.11387 0.159795 0.0579367 0.0265597 0.0194748 0.00689168 0.00271765 0.000762724 0.000154806 1.94964e-05 1.26192e-06
 1.04762e-39 5.12737e-33 5.7694e-27 1.49249e-21 8.87639e-17 1.21369e-12 3.81523e-09 2.75727e-06 0.000458125 0.0174998 0.153683 0.310293 0.14463 0.0313518 0.0979763 0.137465 0.0510833 0.0272493 0.0200366 0.00585645 0.0018266 0.000482691 9.36073e-05 1.12301e-05 6.94698e-07
 9.85274e-40 4.82223e-33 5.42606e-27 1.40367e-21 8.34815e-17 1.14146e-12 3.58818e-09 2.59319e-06 0.000430862 0.0164584 0.144537 0.291828 0.136149 0.0328469 0.112668 0.158067 0.0568821 0.0247198 0.0176612 0.00550156 0.00178405 0.000393325 6.20375e-05 6.85661e-06 4.02919e-07
 8.12159e-40 3.97495e-33 4.47268e-27 1.15704e-21 6.88135e-17 9.40901e-13 2.95773e-09 2.13756e-06 0.000355158 0.0135666 0.119142 0.240556 0.112518 0.034795 0.140014 0.196722 0.0720442 0.0352053 0.0254065 0.00712543 0.00201844 0.000453971 6.82626e-05 6.2407e-06 3.16688e-07
 7.89678e-40 3.86493e-33 4.34888e-27 1.12501e-21 6.69087e-17 9.14856e-13 2.87586e-09 2.07839e-06 0.000345327 0.0131911 0.115844 0.233897 0.109392 0.0335299 0.134298 0.188936 0.0729789 0.0473309 0.0358224 0.0105511 0.00313841 0.000646212 8.78194e-05 7.69445e-06 3.45817e-07
 1.3285e-39 6.50211e-33 7.31627e-27 1.89265e-21 1.12563e-16 1.5391e-12 4.83816e-09 3.49655e-06 0.000580957 0.0221918 0.194888 0.393484 0.182944 0.0274465 0.0490628 0.0684801 0.0261832 0.0162194 0.0124142 0.00421595 0.00150624 0.000329989 4.50324e-05 3.62542e-06 1.50079e-07
 1.10682e-39 5.4171e-33 6.09541e-27 1.57682e-21 9.37797e-17 1.28227e-12 4.03082e-09 2.91308e-06 0.000484013 0.0184887 0.162367 0.327826 0.152784 0.0326448 0.100585 0.140765 0.0471148 0.0093767 0.00513277 0.00166329 0.000590091 0.000147493 2.35661e-05 2.00016e-06 8.01037e-08
 6.39504e-40 3.12993e-33 3.52185e-27 9.11068e-22 5.41846e-17 7.40877e-13 2.32895e-09 1.68314e-06 0.000279656 0.0106825 0.0938138 0.18942 0.0890251 0.038736 0.179485 0.252134 0.0885923 0.0317197 0.0209009 0.00444367 0.000621356 0.000121673 2.01219e-05 1.9514e-06 8.67123e-08
 1.23364e-39 6.03783e-33 6.79386e-27 1.75751e-21 1.04526e-16 1.4292e-12 4.4927e-09 3.24688e-06 0.000539474 0.0206072 0.180973 0.365388 0.169972 0.0279006 0.0603032 0.0845135 0.0344676 0.0276492 0.021087 0.00529158 0.00112631 0.000164261 1.26506e-05 9.24982e-07 4.34093e-08
 1.17709e-39 5.76103e-33 6.4824e-27 1.67693e-21 9.97336e-17 1.36368e-12 4.28673e-09 3.09803e-06 0.000514742 0.0196625 0.172676 0.348639 0.162356 0.0312982 0.0860917 0.120389 0.0406311 0.00923007 0.00551846 0.00205465 0.000777383 0.000144353 1.36604e-05 6.99409e-07 1.89689e-08
 8.84912e-40 4.33103e-33 4.87335e-27 1.26069e-21 7.49779e-17 1.02519e-12 3.22268e-09 2.32904e-06 0.000386973 0.0147819 0.129815 0.262104 0.122513 0.0356566 0.13878 0.194659 0.0669356 0.0192882 0.0119484 0.00260397 0.000417194 9.3782e-05 1.45613e-05 9.84872e-07 2.68639e-08
 9.18652e-40 4.49617e-33 5.05916e-27 1.30876e-21 7.78367e-17 1.06428e-12 3.34556e-09 2.41784e-06 0.000401728 0.0153455 0.134764 0.272096 0.127042 0.0332416 0.121026 0.16998 0.0629552 0.0328978 0.0235981 0.00550762 0.000986447 0.00014223 1.24709e-05 9.73983e-07 3.79142e-08
 7.37568e-40 3.60988e-33 4.0619e-27 1.05077e-21 6.24935e-17 8.54486e-13 2.68608e-09 1.94124e-06 0.00032254 0.0123206 0.108199 0.218464 0.102357 0.0361945 0.155216 0.218092 0.0787891 0.0351838 0.0250918 0.00731944 0.00207241 0.000345233 2.87527e-05 1.4597e-06 4.31726e-08
 1.12748e-39 5.51821e-33 6.20918e-27 1.60626e-21 9.553e-17 1.3062e-12 4.10605e-09 2.96745e-06 0.000493047 0.0188337 0.165398 0.333944 0.15551 0.0299023 0.0819996 0.115006 0.0439924 0.0272629 0.0203361 0.00552707 0.00145791 0.000296601 3.57733e-05 2.10575e-06 5.2761e-08
 8.70229e-40 4.25917e-33 4.79248e-27 1.23977e-21 7.37338e-17 1.00818e-12 3.16921e-09 2.2904e-06 0.000380553 0.0145366 0.127661 0.257755 0.120504 0.035702 0.140367 0.196904 0.067787 0.0198346 0.0128304 0.00408927 0.00134281 0.000268722 3.29133e-05 2.41753e-06 7.86821e-08
 9.56987e-40 4.68379e-33 5.27027e-27 1.36337e-21 8.10847e-17 1.10869e-12 3.48517e-09 2.51874e-06 0.000418492 0.0159858 0.140388 0.28345 0.132274 0.0327963 0.114886 0.161303 0.0595784 0.0306376 0.0219189 0.0051303 0.000992076 0.000207129 2.97439e-05 2.27012e-06 8.13847e-08
 1.01e-39 4.94324e-33 5.56221e-27 1.43889e-21 8.55762e-17 1.1701e-12 3.67822e-09 2.65826e-06 0.000441673 0.0168713 0.148164 0.29915 0.139528 0.0326728 0.109399 0.153435 0.0549359 0.0229875 0.0161676 0.00468321 0.00131426 0.000222843 2.19247e-05 1.66687e-06 6.58968e-08
 8.66917e-40 4.24296e-33 4.77424e-27 1.23505e-21 7.34531e-17 1.00434e-12 3.15715e-09 2.28168e-06 0.000379104 0.0144813 0.127175 0.256774 0.120025 0.0350439 0.136646 0.191796 0.0678928 0.0259437 0.0177086 0.00468528 0.00117996 0.000236769 2.86258e-05 1.80951e-06 5.80037e-08
 1.11534e-39 5.45884e-33 6.14237e-27 1.58897e-21 9.45022e-17 1.29215e-12 4.06188e-09 2.93552e-06 0.000487742 0.0186311 0.163618 0.330352 0.153878 0.0306896 0.0878884 0.123204 0.0454934 0.0233689 0.0168577 0.00432006 0.00100109 0.000184042 2.16046e-05 1.56825e-06 5.27006e-08
 8.89442e-40 4.3532e-33 4.89829e-27 1.26714e-21 7.53617e-17 1.03043e-12 3.23918e-09 2.34096e-06 0.000388954 0.0148575 0.130479 0.263445 0.123121 0.0353351 0.136413 0.191352 0.0661483 0.0202358 0.0131281 0.0037917 0.00108048 0.000198875 2.13993e-05 1.45014e-06 5.01579e-08
 1.00691e-39 4.92811e-33 5.54519e-27 1.43449e-21 8.53143e-17 1.16652e-12 3.66696e-09 2.65012e-06 0.000440322 0.0168197 0.147711 0.298235 0.13909 0.0322822 0.107291 0.150557 0.0552334 0.0272594 0.0193898 0.00459357 0.000900244 0.00017156 2.14464e-05 1.45814e-06 4.70791e-08
 1.03921e-39 5.08622e-33 5.72309e-27 1.48051e-21 8.80515e-17 1.20394e-12 3.78461e-09 2.73515e-06 0.000454448 0.0173593 0.15245 0.307803 0.143525 0.0325949 0.106315 0.149029 0.0525815 0.0195527 0.0133524 0.0037689 0.00102006 0.000173011 1.66133e-05 1.13259e-06 3.94661e-08
 8.7289e-40 4.27219e-33 4.80714e-27 1.24356e-21 7.39592e-17 1.01126e-12 3.1789e-09 2.2974e-06 0.000381716 0.0145811 0.128051 0.258543 0.120844 0.0350527 0.136166 0.191107 0.067472 0.025214 0.0170498 0.00432373 0.000995765 0.000191974 2.25622e-05 1.40171e-06 4.22854e-08
 9.25247e-40 4.52844e-33 5.09548e-27 1.31815e-21 7.83954e-17 1.07192e-12 3.36958e-09 2.4352e-06 0.000404612 0.0154557 0.135732 0.274049 0.127944 0.0332335 0.120387 0.169055 0.0622702 0.0315136 0.0226563 0.00574847 0.00129437 0.000226625 2.45372e-05 1.69571e-06 5.54447e-08
 9.73698e-40 4.76558e-33 5.3623e-27 1.38718e-21 8.25006e-17 1.12805e-12 3.54602e-09 2.56272e-06 0.000425799 0.016265 0.142839 0.2884 0.134571 0.0330377 0.114867 0.161171 0.058063 0.0254192 0.0180228 0.00517178 0.0014518 0.000263347 2.72835e-05 1.73496e-06 5.60735e-08
 1.12876e-39 5.52451e-33 6.21627e-27 1.60809e-21 9.56391e-17 1.30769e-12 4.11074e-09 2.97084e-06 0.000493609 0.0188552 0.165587 0.334326 0.15573 0.0310646 0.08898 0.124637 0.0445498 0.0183973 0.0128053 0.00346183 0.000904424 0.000182106 2.24767e-05 1.49046e-06 4.58991e-08
#pred catch len freq
 2.13486e-27 2.14583e-27 3.70583e-27 5.33099e-22 3.17054e-17 4.33514e-13 1.36276e-09 9.84869e-07 0.000163635 0.00625073 0.0548942 0.11084 0.0523817 0.030365 0.152055 0.214583 0.0889965 0.0761666 0.0666748 0.0409223 0.0315052 0.0244101 0.022506 0.0193896 0.00789504
 2.13575e-27 2.14971e-27 4.19093e-27 6.97742e-22 4.14973e-17 5.67402e-13 1.78364e-09 1.28904e-06 0.000214172 0.00818122 0.0718479 0.14507 0.0684032 0.035595 0.173675 0.244597 0.0944259 0.0612535 0.0483776 0.020156 0.0113 0.00679988 0.00494034 0.00370061 0.0014608
 2.13659e-27 2.15206e-27 4.44643e-27 7.84395e-22 4.66509e-17 6.37869e-13 2.00515e-09 1.44913e-06 0.00024077 0.00919726 0.0807708 0.163086 0.0767718 0.0366552 0.17472 0.24591 0.0929842 0.0545178 0.0413916 0.0141252 0.00566789 0.00214414 0.00101838 0.00058633 0.000211398
 2.13644e-27 2.15171e-27 4.4085e-27 7.71517e-22 4.5885e-17 6.27396e-13 1.97223e-09 1.42533e-06 0.000236817 0.00904625 0.0794447 0.160408 0.0755549 0.0372092 0.17891 0.251774 0.0945262 0.0533873 0.0400885 0.0130157 0.00463748 0.00128087 0.000334458 0.000111831 3.249e-05
 2.13646e-27 2.15176e-27 4.41674e-27 7.74322e-22 4.60518e-17 6.29677e-13 1.9794e-09 1.43052e-06 0.000237678 0.00907914 0.0797335 0.160991 0.0758165 0.0369971 0.177439 0.24974 0.0943505 0.055047 0.0414376 0.0131986 0.00453173 0.00114193 0.000215233 3.5295e-05 6.02089e-06
 2.13523e-27 2.14874e-27 4.09371e-27 6.64731e-22 3.95341e-17 5.40558e-13 1.69925e-09 1.22805e-06 0.000204039 0.00779416 0.0684487 0.138208 0.0653325 0.0383057 0.192295 0.270645 0.101251 0.0560985 0.0419526 0.0134655 0.0046411 0.00113824 0.000195166 2.21761e-05 1.82068e-06
 2.1343e-27 2.14652e-27 3.86848e-27 5.88373e-22 3.49928e-17 4.78464e-13 1.50406e-09 1.08699e-06 0.000180601 0.00689884 0.060586 0.122334 0.0579895 0.0382043 0.19646 0.276679 0.105604 0.0648091 0.0489144 0.0150147 0.0049036 0.00119758 0.000202126 2.07852e-05 1.16993e-06
 2.13778e-27 2.15507e-27 4.77393e-27 8.95524e-22 5.32602e-17 7.28239e-13 2.28923e-09 1.65443e-06 0.000274881 0.0105003 0.092214 0.186189 0.0873985 0.0352097 0.158933 0.223751 0.0864865 0.0562988 0.0430294 0.0137542 0.00466709 0.0010969 0.000177187 1.77838e-05 9.10241e-07
 2.14075e-27 2.16213e-27 5.49043e-27 1.13842e-21 6.77065e-17 9.25765e-13 2.91015e-09 2.10318e-06 0.00034944 0.0133484 0.117226 0.236687 0.110758 0.0355616 0.14586 0.20484 0.0732166 0.030269 0.0215433 0.00709179 0.00251899 0.00061591 0.000100749 9.74872e-06 4.79093e-07
 2.13563e-27 2.14949e-27 4.14305e-27 6.81321e-22 4.05207e-17 5.54048e-13 1.74166e-09 1.2587e-06 0.000209131 0.00798867 0.070157 0.141658 0.067019 0.0407498 0.206175 0.289787 0.102304 0.0382187 0.0260328 0.0071325 0.00198781 0.000486643 8.37549e-05 8.3391e-06 4.05132e-07
 2.13583e-27 2.15022e-27 4.25273e-27 7.18686e-22 4.27429e-17 5.84434e-13 1.83717e-09 1.32773e-06 0.000220601 0.00842679 0.0740045 0.149425 0.0704862 0.037454 0.183715 0.258661 0.0985848 0.0600092 0.0443914 0.0113588 0.00265277 0.000525438 7.53308e-05 7.47288e-06 3.75489e-07
 2.14004e-27 2.16044e-27 5.31621e-27 1.07935e-21 6.4193e-17 8.77725e-13 2.75914e-09 1.99404e-06 0.000331307 0.0126557 0.111143 0.224406 0.105085 0.0357014 0.150416 0.211353 0.0767857 0.0356437 0.0257283 0.00783351 0.00240146 0.000456545 5.27875e-05 4.20089e-06 1.91265e-07
 2.13811e-27 2.15557e-27 4.78462e-27 8.98948e-22 5.34638e-17 7.31023e-13 2.29798e-09 1.66076e-06 0.000275932 0.0105404 0.0925665 0.186901 0.0878619 0.0387757 0.180488 0.253535 0.0888855 0.0312301 0.020994 0.00586647 0.00165551 0.000367459 5.11368e-05 3.76707e-06 1.38689e-07
 2.13635e-27 2.15134e-27 4.35118e-27 7.51981e-22 4.47231e-17 6.11509e-13 1.92229e-09 1.38924e-06 0.00023082 0.00881719 0.077433 0.156347 0.0737435 0.0389716 0.190893 0.268449 0.0975433 0.0452677 0.0320188 0.00804687 0.00181998 0.000362462 5.01107e-05 4.2411e-06 1.66076e-07
 2.13553e-27 2.14937e-27 4.14537e-27 6.82183e-22 4.0572e-17 5.54749e-13 1.74386e-09 1.26029e-06 0.000209396 0.00799878 0.0702457 0.141837 0.0670504 0.0393826 0.197775 0.278191 0.10154 0.0485608 0.0348091 0.00946352 0.00243806 0.000443319 5.00497e-05 3.87767e-06 1.592e-07
 2.13668e-27 2.15223e-27 4.45189e-27 7.8618e-22 4.67571e-17 6.3932e-13 2.00971e-09 1.45242e-06 0.000241318 0.00921818 0.0809546 0.163457 0.0769945 0.0380116 0.182889 0.257261 0.0948617 0.0483369 0.0350543 0.00960627 0.00254807 0.000499748 5.99638e-05 4.15615e-06 1.47789e-07
 2.13788e-27 2.15505e-27 4.73647e-27 8.82644e-22 5.24942e-17 7.17764e-13 2.2563e-09 1.63064e-06 0.000270928 0.0103493 0.0908877 0.183512 0.0862798 0.0383769 0.179075 0.251645 0.0896102 0.0359422 0.0249121 0.00687174 0.00184906 0.000367727 4.61189e-05 3.40243e-06 1.19456e-07
 2.13659e-27 2.15187e-27 4.39756e-27 7.67671e-22 4.56563e-17 6.24269e-13 1.9624e-09 1.41823e-06 0.000235637 0.00900116 0.0790487 0.15961 0.0752764 0.0396312 0.193936 0.272589 0.0969628 0.03854 0.0264588 0.00676919 0.00158699 0.000310428 3.96462e-05 3.01418e-06 1.10989e-07
 2.1374e-27 2.15392e-27 4.62188e-27 8.43799e-22 5.01839e-17 6.86175e-13 2.157e-09 1.55887e-06 0.000259004 0.00989378 0.0868877 0.175436 0.0825413 0.0382487 0.180726 0.254079 0.091931 0.041453 0.0291797 0.00737294 0.0016556 0.000297674 3.40928e-05 2.53348e-06 9.52459e-08
 2.13676e-27 2.15232e-27 4.45136e-27 7.85946e-22 4.67432e-17 6.3913e-13 2.00911e-09 1.45199e-06 0.000241246 0.00921544 0.0809305 0.163409 0.0770083 0.0389762 0.188792 0.265415 0.0954631 0.0412894 0.0290174 0.0078369 0.00199947 0.000362892 3.92613e-05 2.6526e-06 9.28473e-08
 2.13713e-27 2.15326e-27 4.55211e-27 8.20133e-22 4.87764e-17 6.6693e-13 2.0965e-09 1.51515e-06 0.00025174 0.00961629 0.0844508 0.170516 0.0802755 0.038482 0.183633 0.258172 0.0933097 0.0417654 0.0294674 0.00774283 0.00190305 0.000365782 4.34492e-05 2.94133e-06 9.61812e-08
 2.1373e-27 2.15367e-27 4.59413e-27 8.34383e-22 4.96239e-17 6.78518e-13 2.13293e-09 1.54147e-06 0.000256114 0.00978337 0.0859181 0.173478 0.081644 0.0384515 0.182554 0.256628 0.0924453 0.0404288 0.02845 0.00761964 0.00193025 0.000364945 4.30666e-05 3.09382e-06 1.06514e-07
 2.13673e-27 2.15226e-27 4.44504e-27 7.83806e-22 4.66159e-17 6.37389e-13 2.00364e-09 1.44804e-06 0.000240589 0.00919034 0.0807101 0.162964 0.0768022 0.0389678 0.188875 0.265538 0.0956051 0.0416525 0.0292712 0.00779455 0.00196181 0.000377042 4.52912e-05 3.24101e-06 1.13875e-07
 2.1378e-27 2.15491e-27 4.72802e-27 8.79813e-22 5.23258e-17 7.15462e-13 2.24906e-09 1.6254e-06 0.000270059 0.0103161 0.0905961 0.182923 0.0859854 0.0377865 0.175648 0.246931 0.0895314 0.0409637 0.0290437 0.00768465 0.00190808 0.000364004 4.3723e-05 3.17331e-06 1.12587e-07
 2.13696e-27 2.15278e-27 4.49512e-27 8.00771e-22 4.76249e-17 6.51185e-13 2.04701e-09 1.47938e-06 0.000245797 0.00938926 0.082457 0.166491 0.0784423 0.0392207 0.189356 0.266138 0.0947559 0.0379525 0.0262418 0.00708829 0.00182719 0.000348669 4.1391e-05 2.98745e-06 1.06547e-07
 2.13611e-27 2.15076e-27 4.28835e-27 7.30664e-22 4.34553e-17 5.94174e-13 1.86779e-09 1.34986e-06 0.000224277 0.00856723 0.0752379 0.151916 0.0717066 0.0392891 0.194166 0.273042 0.098882 0.0448698 0.0316655 0.00811955 0.00190142 0.000363436 4.43039e-05 3.20229e-06 1.13338e-07
 2.1366e-27 2.15201e-27 4.42743e-27 7.77872e-22 4.6263e-17 6.32564e-13 1.98847e-09 1.43708e-06 0.000238768 0.00912077 0.0800991 0.16173 0.0762053 0.0382611 0.184933 0.260116 0.0955221 0.0474698 0.0342277 0.00923237 0.00235459 0.000435015 4.95047e-05 3.56176e-06 1.2773e-07
 2.13856e-27 2.15675e-27 4.92074e-27 9.45175e-22 5.62131e-17 7.68614e-13 2.41615e-09 1.74616e-06 0.000290122 0.0110824 0.0973266 0.196511 0.0922519 0.0373669 0.168991 0.237495 0.0854935 0.0372106 0.0262599 0.00729959 0.00198178 0.000387698 4.63977e-05 3.23733e-06 1.11656e-07
#obs catch len freq
 4.10599e-40 2.0096e-33 2.26123e-27 5.8496e-22 3.47897e-17 4.75687e-13 1.49533e-09 1.08067e-06 0.000179556 0.00685879 0.0602339 0.121623 0.0575759 0.0359365 0.182828 0.257755 0.102738 0.0760787 0.0605352 0.0234457 0.0102378 0.00315386 0.000712847 9.97485e-05 7.17835e-06
 4.20393e-40 2.05753e-33 2.31517e-27 5.98912e-22 3.56196e-17 4.87033e-13 1.53099e-09 1.10645e-06 0.000183839 0.0070224 0.0616707 0.124523 0.0589313 0.0363167 0.184275 0.259726 0.102522 0.0730557 0.057606 0.0215872 0.00912864 0.00275631 0.00060597 8.18586e-05 5.66819e-06
 5.70419e-40 2.79181e-33 3.14138e-27 8.12646e-22 4.83311e-17 6.60841e-13 2.07736e-09 1.50131e-06 0.000249445 0.00952848 0.0836791 0.168957 0.0794284 0.0351001 0.163456 0.230241 0.0902607 0.0625175 0.0489303 0.0177858 0.00724619 0.00210813 0.000447316 5.86344e-05 3.92401e-06
 5.17014e-40 2.53042e-33 2.84727e-27 7.36563e-22 4.38061e-17 5.9897e-13 1.88287e-09 1.36075e-06 0.000226091 0.00863638 0.0758447 0.153141 0.0722367 0.038315 0.187849 0.264227 0.0968952 0.0478268 0.0355423 0.0125863 0.00496251 0.00139018 0.000281525 3.53935e-05 2.28789e-06
 5.98357e-40 2.92854e-33 3.29524e-27 8.52448e-22 5.06983e-17 6.93208e-13 2.1791e-09 1.57484e-06 0.000261662 0.00999517 0.0877776 0.177233 0.0833096 0.0365797 0.169995 0.239202 0.0900398 0.0515161 0.0382849 0.0111932 0.00348947 0.000920333 0.000178065 2.13243e-05 1.31736e-06
 5.44957e-40 2.66719e-33 3.00116e-27 7.76373e-22 4.61738e-17 6.31343e-13 1.98463e-09 1.4343e-06 0.000238311 0.00910316 0.079944 0.161417 0.0760707 0.0385188 0.186599 0.262395 0.0953352 0.0442791 0.0320436 0.00998235 0.00323496 0.000711987 0.000111999 1.23539e-05 7.24951e-07
 4.04185e-40 1.9782e-33 2.22591e-27 5.75821e-22 3.42462e-17 4.68255e-13 1.47197e-09 1.06379e-06 0.000176751 0.00675165 0.059293 0.119724 0.0568406 0.0397349 0.206589 0.290736 0.107609 0.0560737 0.0409051 0.0114707 0.00324604 0.000728733 0.00010932 9.97509e-06 5.05375e-07
 3.91533e-40 1.91628e-33 2.15623e-27 5.57797e-22 3.31742e-17 4.53598e-13 1.42589e-09 1.03049e-06 0.000171218 0.0065403 0.0574369 0.115976 0.0550242 0.0375046 0.194104 0.273549 0.107122 0.0737367 0.0562108 0.0165475 0.00491561 0.00101038 0.000136946 1.19755e-05 5.37428e-07
 9.82557e-40 4.80893e-33 5.41109e-27 1.3998e-21 8.32512e-17 1.13831e-12 3.57829e-09 2.58604e-06 0.000429673 0.016413 0.144139 0.291023 0.135714 0.0311665 0.102653 0.144231 0.0558024 0.0364998 0.0281287 0.00954166 0.00340297 0.000744107 0.000101287 8.13874e-06 3.36383e-07
 6.96789e-40 3.4103e-33 3.83732e-27 9.9268e-22 5.90384e-17 8.07243e-13 2.53758e-09 1.83391e-06 0.000304707 0.0116394 0.102217 0.206387 0.0968912 0.0393238 0.177959 0.249698 0.0837942 0.017413 0.00976226 0.00316125 0.00111907 0.000279077 4.44839e-05 3.76912e-06 1.50731e-07
 3.04968e-40 1.49261e-33 1.67951e-27 4.34472e-22 2.58397e-17 3.53311e-13 1.11064e-09 8.02659e-07 0.000133363 0.00509429 0.0447381 0.0903392 0.0433948 0.043451 0.238131 0.334836 0.118318 0.0444962 0.0296765 0.00630793 0.000879568 0.000171687 2.83147e-05 2.74098e-06 1.21642e-07
 8.52619e-40 4.17298e-33 4.69551e-27 1.21468e-21 7.22417e-17 9.87775e-13 3.10508e-09 2.24405e-06 0.000372852 0.0142425 0.125077 0.252538 0.117929 0.031347 0.115355 0.162494 0.0672244 0.0565561 0.0433288 0.0108628 0.00230664 0.000335956 2.57955e-05 1.88002e-06 8.80882e-08
 7.90804e-40 3.87044e-33 4.35508e-27 1.12662e-21 6.70041e-17 9.16161e-13 2.87996e-09 2.08135e-06 0.00034582 0.0132099 0.116009 0.234232 0.109693 0.0374293 0.158002 0.221651 0.0750198 0.017752 0.0108102 0.00401826 0.0015171 0.000281286 2.6553e-05 1.35696e-06 3.67241e-08
 4.85218e-40 2.37481e-33 2.67217e-27 6.91265e-22 4.11121e-17 5.62134e-13 1.76707e-09 1.27707e-06 0.000212186 0.00810525 0.0711803 0.143725 0.0680117 0.0417349 0.211564 0.297214 0.102638 0.0310042 0.0195034 0.00424955 0.00067879 0.000152118 2.35706e-05 1.59217e-06 4.33728e-08
 5.16733e-40 2.52905e-33 2.84573e-27 7.36163e-22 4.37824e-17 5.98645e-13 1.88184e-09 1.36001e-06 0.000225968 0.00863169 0.0758035 0.153058 0.0721924 0.0381592 0.186924 0.263044 0.0982486 0.0538469 0.0389125 0.00907509 0.00162095 0.000233312 2.03892e-05 1.588e-06 6.17455e-08
 3.76505e-40 1.84273e-33 2.07347e-27 5.36387e-22 3.1901e-17 4.36188e-13 1.37116e-09 9.90941e-07 0.000164646 0.00628927 0.0552324 0.111526 0.0530918 0.0408337 0.215768 0.303547 0.110402 0.0516089 0.0371188 0.0108116 0.00305304 0.000507837 4.21869e-05 2.13682e-06 6.30644e-08
 7.24578e-40 3.54631e-33 3.99036e-27 1.03227e-21 6.13929e-17 8.39437e-13 2.63878e-09 1.90705e-06 0.000316859 0.0121036 0.106294 0.214616 0.100509 0.0343434 0.145076 0.204167 0.078917 0.0513133 0.0385093 0.0104536 0.00274982 0.000558226 6.71684e-05 3.94786e-06 9.87721e-08
 4.78275e-40 2.34083e-33 2.63394e-27 6.81374e-22 4.05239e-17 5.54091e-13 1.74179e-09 1.25879e-06 0.000209151 0.00798928 0.0701619 0.141669 0.0670545 0.0415613 0.211124 0.296605 0.102525 0.0313558 0.0205688 0.00654582 0.00214405 0.000428226 5.2301e-05 3.83425e-06 1.24637e-07
 5.50629e-40 2.69495e-33 3.0324e-27 7.84453e-22 4.66543e-17 6.37914e-13 2.00529e-09 1.44923e-06 0.000240791 0.0091979 0.0807759 0.163097 0.0768208 0.0378151 0.181798 0.255788 0.095269 0.0514021 0.0370554 0.00866653 0.00167069 0.000347858 4.98273e-05 3.79628e-06 1.35897e-07
 6.04272e-40 2.95749e-33 3.32782e-27 8.60875e-22 5.11995e-17 7.0006e-13 2.20064e-09 1.59041e-06 0.000264249 0.010094 0.0886453 0.178985 0.0841776 0.0381216 0.178879 0.251448 0.090603 0.0397177 0.0281963 0.00815615 0.00228298 0.000386479 3.79045e-05 2.87448e-06 1.13476e-07
 4.72604e-40 2.31307e-33 2.6027e-27 6.73294e-22 4.00433e-17 5.4752e-13 1.72113e-09 1.24387e-06 0.00020667 0.00789454 0.0693298 0.139988 0.0662383 0.0405102 0.205214 0.288497 0.102726 0.0411694 0.0284049 0.00750752 0.00188541 0.000377497 4.55286e-05 2.87291e-06 9.19214e-08
 7.13859e-40 3.49385e-33 3.93133e-27 1.017e-21 6.04847e-17 8.27019e-13 2.59974e-09 1.87884e-06 0.000312172 0.0119246 0.104721 0.211442 0.0990908 0.0356649 0.1541 0.216691 0.0806752 0.0434544 0.0315825 0.00808492 0.00186815 0.000342716 4.01158e-05 2.90618e-06 9.75286e-08
 4.94906e-40 2.42222e-33 2.72552e-27 7.05067e-22 4.1933e-17 5.73357e-13 1.80235e-09 1.30257e-06 0.000216423 0.00826708 0.0726015 0.146594 0.0693179 0.0411944 0.2074 0.29139 0.101162 0.0323514 0.0212686 0.00613493 0.0017435 0.00032032 3.437e-05 2.3241e-06 8.02584e-08
 6.03364e-40 2.95305e-33 3.32282e-27 8.59582e-22 5.11225e-17 6.99008e-13 2.19734e-09 1.58802e-06 0.000263852 0.0100788 0.0885121 0.178716 0.0840259 0.0373947 0.174524 0.24547 0.0907321 0.0468606 0.0335847 0.00794923 0.00155275 0.000295146 3.67985e-05 2.49739e-06 8.05055e-08
 6.3067e-40 3.08669e-33 3.4732e-27 8.98483e-22 5.34362e-17 7.30643e-13 2.29678e-09 1.65989e-06 0.000275793 0.0105349 0.0925179 0.186804 0.0878004 0.0383363 0.177833 0.249873 0.0886675 0.0345842 0.0238814 0.00673302 0.00181785 0.000307834 2.9473e-05 2.00452e-06 6.97478e-08
 4.78692e-40 2.34287e-33 2.63623e-27 6.81968e-22 4.05592e-17 5.54573e-13 1.74331e-09 1.25989e-06 0.000209333 0.00799624 0.070223 0.141792 0.0670746 0.0405785 0.205088 0.288298 0.102362 0.0400892 0.0274053 0.00694334 0.0015944 0.000306701 3.59557e-05 2.22988e-06 6.7153e-08
 5.24292e-40 2.56604e-33 2.88735e-27 7.46931e-22 4.44228e-17 6.07401e-13 1.90937e-09 1.37991e-06 0.000229273 0.00875795 0.0769123 0.155297 0.0732288 0.0381966 0.186478 0.262373 0.097416 0.0516608 0.037421 0.00948452 0.0021294 0.000372071 4.0168e-05 2.77012e-06 9.0449e-08
 5.66678e-40 2.7735e-33 3.12078e-27 8.07317e-22 4.80141e-17 6.56507e-13 2.06373e-09 1.49147e-06 0.000247809 0.00946599 0.0831303 0.167851 0.07904 0.0383891 0.183868 0.258531 0.0937825 0.0430721 0.0308187 0.00883222 0.00247303 0.0004478 4.62672e-05 2.93599e-06 9.47358e-08
#spawning biomass
 4944.77 3012.77 2999.58 3921.17 5255.52 6490.92 6379.06 5420.97 6835.78 14098.8 15297.7 12909.6 21325.3 31085 29142.2 24167 20223.9 22476 20938.3 23224.4 22559.2 23645.6 25640.3 25818.1 28602.7 29349.1 27556.8 25850.7 26007.4 55294.1 60675.2 44880.6 33462.9 27519.1 24703.3 23433.2 22877.6 22639.3 22538.5 22496.3 22478.7 22471.4 22468.4 22467.1 22466.6 22466.4 22466.3 22466.3 22466.3 22466.3 22466.3 22466.3 22466.3 22466.3 22466.3 22466.3 22466.3 22466.3 22466.3 22466.3 22466.3 22466.3 22466.3 22466.3 22466.3 22466.3 22466.3 22466.3 22466.3 22466.3 22466.3 22466.3 22466.3 22466.3 22466.3 22466.3 22466.3 22466.3 22466.3 22466.3 22466.3 22466.3 22466.3 22466.3 22466.3 22466.3 22466.3 22466.3 22466.3 22466.3 22466.3 22466.3 22466.3 22466.3 22466.3 22466.3 22466.3 22466.3 22466.3 22466.3 22466.3 22466.3 22466.3 22466.3 22466.3 22466.3 22466.3 22466.3 22466.3 22466.3 22466.3 22466.3 22466.3 22466.3 22466.3 22466.3 22466.3 22466.3 22466.3 22466.3 22466.3 22466.3 22466.3 22466.3 22466.3 22466.3 22466.3 22466.3 0 0 0 0 0 0 0 0 0 0 0 0 0 0 0 0 0 0 0 0 0 0 0 0 0
