SBPRF35
24.238
Curr Bio
207741
B35
4.18467e+07
F35
0.0258775
FOFL
0
OFL
0
Bzero
6.92513e+06
#pred survey bio
 22201.2 23785.4 18942.5 21594.4 31537.3 54548.1 70398.1 81284.2 113336 150242 181844 212157 225812 253323 262886 280924 264875 292989 288754 270347 254601 280555 267124 271174 279122 303210 271703 249092 5.22804e+06 1.02646e+07 1.62558e+07 2.21685e+07 2.75904e+07 3.23197e+07 3.6308e+07 3.95936e+07 4.22565e+07 4.43905e+07 4.60877e+07 4.74314e+07 4.84931e+07 4.93322e+07 4.99132e+07 4.99787e+07 5.00462e+07 5.01149e+07 5.01842e+07 5.02537e+07 5.03232e+07 5.03924e+07 5.04611e+07 5.05293e+07 5.05969e+07 5.06639e+07 5.07301e+07 5.07956e+07 5.08604e+07 5.09244e+07 5.09877e+07 5.10503e+07 5.11121e+07 5.11732e+07 5.12336e+07 5.12933e+07 5.13522e+07 5.14105e+07 5.14681e+07 5.1525e+07 5.15812e+07 5.16368e+07 5.16917e+07 5.17461e+07 5.17997e+07 5.18528e+07 5.19052e+07 5.19571e+07 5.20083e+07 5.2059e+07 5.21091e+07 5.21586e+07 5.22076e+07 5.2256e+07 5.23039e+07 5.23513e+07 5.23981e+07 5.24444e+07 5.24902e+07 5.25354e+07 5.25802e+07 5.26245e+07 5.26683e+07 5.27116e+07 5.27545e+07 5.27969e+07 5.28388e+07 5.28803e+07 5.29213e+07 5.29619e+07 5.3002e+07 5.30417e+07 5.3081e+07 5.31199e+07 5.31583e+07 5.31964e+07 5.3234e+07 5.32713e+07 5.33081e+07 5.33446e+07 5.33807e+07 5.34164e+07 5.34517e+07 5.34867e+07 5.35213e+07 5.35555e+07 5.35894e+07 5.36229e+07 5.36561e+07 5.36889e+07 5.37214e+07 5.37536e+07 5.37854e+07 5.38169e+07 5.38481e+07 5.3879e+07 5.39095e+07 5.39398e+07 5.39697e+07 5.39993e+07 0 0 0 0 0 0 0 0 0 0 0 0 0 0 0 0 0 0 0 0 0 0 0 0 0
#obs survey bio
 19292.4 21120.5 14788 22224 41380.5 38513.1 62894.5 65425.6 97706.3 120391 160491 205424 146388 186385 220805 310266 314837 218162 255876 172666 173606 245003 263200 245833 263824 201282 241280 178840
#pred catch bio
 9926.8 15375.1 8917.87 7212.14 17287.2 38654.3 54013.3 59828.3 84478.2 115601 141436 170364 178340 204673 212839 235894 217143 246684 244245 233022 215299 248781 232636 238431 243218 275596 243645 232601 0 12247 19754.2 27160.9 33988.6 39955.6 44983 49110.3 52435 55075.8 57151.3 58769.2 60022.5 60988.7 61627.2 61623.4 61619.6 61616 61612.6 61609.2 61606 61602.8 61599.8 61596.9 61594.1 61591.4 61588.7 61586.2 61583.8 61581.4 61579.1 61576.9 61574.8 61572.8 61570.8 61568.9 61567 61565.3 61563.6 61561.9 61560.3 61558.7 61557.3 61555.8 61554.4 61553.1 61551.8 61550.5 61549.3 61548.2 61547 61546 61544.9 61543.9 61542.9 61542 61541.1 61540.2 61539.3 61538.5 61537.7 61537 61536.2 61535.5 61534.8 61534.2 61533.5 61532.9 61532.3 61531.7 61531.2 61530.7 61530.1 61529.6 61529.2 61528.7 61528.2 61527.8 61527.4 61527 61526.6 61526.2 61525.9 61525.5 61525.2 61524.8 61524.5 61524.2 61523.9 61523.6 61523.4 61523.1 61522.8 61522.6 61522.4 61522.1 61521.9 61521.7 61521.5 61521.3 0 0 0 0 0 0 0 0 0 0 0 0 0 0 0 0 0 0 0 0 0 0 0 0 0
#obs catch bio
 13811 16634.6 10511.7 6141.36 12780.5 37533.2 48439.3 54221.9 76566 109542 133601 153396 156916 212509 200931 219902 180390 246785 208424 214657 204373 230620 203439 203393 209305 256933 213789 208001
#pred cpue bio
 17002.8 20112.7 12965.3 14599.5 15672.8 29048 38488.4 43202.3 57410.8 79422.9 97204.7 114561 121683 136862 143158 147701 139878 144456 147330 141257 121953 127699 116012 121562 117571 128114 112688 108933 1.86978e+06 1.00871e+07 1.6134e+07 2.20449e+07 2.74666e+07 3.21959e+07 3.61842e+07 3.94698e+07 4.21327e+07 4.42667e+07 4.59639e+07 4.73076e+07 4.83694e+07 4.92085e+07 4.97895e+07 4.9855e+07 4.99225e+07 4.99911e+07 5.00604e+07 5.013e+07 5.01994e+07 5.02686e+07 5.03373e+07 5.04056e+07 5.04732e+07 5.05401e+07 5.06063e+07 5.06719e+07 5.07366e+07 5.08007e+07 5.0864e+07 5.09265e+07 5.09884e+07 5.10495e+07 5.11098e+07 5.11695e+07 5.12285e+07 5.12867e+07 5.13443e+07 5.14012e+07 5.14575e+07 5.1513e+07 5.1568e+07 5.16223e+07 5.1676e+07 5.1729e+07 5.17815e+07 5.18333e+07 5.18846e+07 5.19352e+07 5.19853e+07 5.20349e+07 5.20838e+07 5.21323e+07 5.21802e+07 5.22275e+07 5.22743e+07 5.23206e+07 5.23664e+07 5.24117e+07 5.24565e+07 5.25007e+07 5.25445e+07 5.25879e+07 5.26307e+07 5.26731e+07 5.2715e+07 5.27565e+07 5.27975e+07 5.28381e+07 5.28782e+07 5.2918e+07 5.29572e+07 5.29961e+07 5.30346e+07 5.30726e+07 5.31103e+07 5.31475e+07 5.31844e+07 5.32208e+07 5.32569e+07 5.32926e+07 5.33279e+07 5.33629e+07 5.33975e+07 5.34317e+07 5.34656e+07 5.34991e+07 5.35323e+07 5.35651e+07 5.35976e+07 5.36298e+07 5.36616e+07 5.36932e+07 5.37243e+07 5.37552e+07 5.37858e+07 5.3816e+07 5.38459e+07 5.38755e+07 0 0 0 0 0 0 0 0 0 0 0 0 0 0 0 0 0 0 0 0 0 0 0 0 0
#obs cpue bio
 18825.4 15319.4 14064.9 20172.6 30694.1 50261.6 64802.1 78638 96261.4 119818 147462 200398 258942 164748 236719 192167 241840 188682 318188 294215 214736 220890 198561 251229 223212 252504 214625 237828
#pred surv len freq
 1.17979e-11 1.28055e-09 8.19553e-08 3.09274e-06 6.88176e-05 0.000902936 0.00698674 0.0319046 0.0862833 0.140649 0.149745 0.134169 0.131074 0.117097 0.0800161 0.0465168 0.0270591 0.0160228 0.00980051 0.00643716 0.00464157 0.00371864 0.00313513 0.00238507 0.00138363
 8.46733e-12 9.19047e-10 5.88189e-08 2.21965e-06 4.93904e-05 0.000648056 0.00501528 0.0229194 0.0622223 0.103352 0.119005 0.129066 0.150273 0.145402 0.106284 0.0673315 0.040453 0.0221091 0.0113058 0.00586877 0.00329593 0.00211839 0.00154314 0.00110266 0.000633583
 1.39289e-11 1.51185e-09 9.67581e-08 3.65135e-06 8.12472e-05 0.00106601 0.00824803 0.037652 0.101658 0.164357 0.168687 0.135517 0.116391 0.0994081 0.0692731 0.04256 0.0257477 0.0147465 0.0077046 0.00365724 0.00163884 0.000773533 0.000427544 0.00026095 0.00014104
 1.35696e-11 1.47285e-09 9.42625e-08 3.55717e-06 7.91518e-05 0.00103852 0.00803563 0.0366885 0.0991416 0.160969 0.168388 0.143313 0.131418 0.111921 0.0706235 0.0349764 0.0168363 0.00857024 0.00437468 0.00210868 0.000915343 0.000361175 0.000143477 6.43344e-05 2.95065e-05
 1.79688e-11 1.95035e-09 1.24822e-07 4.71039e-06 0.000104812 0.00137517 0.0106393 0.0485497 0.13083 0.209485 0.205451 0.140369 0.0916932 0.0665155 0.0438989 0.0257164 0.0140237 0.0066646 0.00279749 0.00114944 0.000468414 0.000176844 6.00398e-05 1.95894e-05 6.60849e-06
 1.63719e-11 1.77702e-09 1.13729e-07 4.29177e-06 9.54974e-05 0.00125297 0.00969446 0.0442506 0.119417 0.192598 0.195438 0.150939 0.120763 0.093341 0.0510793 0.0172128 0.00345943 0.000416854 3.29449e-05 2.9871e-06 6.66476e-07 2.07239e-07 6.27288e-08 1.72571e-08 4.35529e-09
 1.60543e-11 1.74254e-09 1.11522e-07 4.20851e-06 9.36447e-05 0.00122867 0.00950647 0.0433943 0.117129 0.189101 0.192789 0.151227 0.123759 0.0967514 0.053092 0.0178874 0.00358283 0.000423827 2.95717e-05 1.21668e-06 2.95175e-08 4.22241e-10 3.56153e-12 1.77281e-14 5.49112e-17
 1.63933e-11 1.77934e-09 1.13878e-07 4.29739e-06 9.56223e-05 0.00125461 0.00970713 0.0443084 0.119571 0.192835 0.195621 0.150933 0.120582 0.0931255 0.0509406 0.0171513 0.00343492 0.000406321 2.835e-05 1.16642e-06 2.8298e-08 4.04796e-10 3.4143e-12 1.69813e-14 4.97977e-17
 1.69306e-11 1.83765e-09 1.17609e-07 4.43821e-06 9.87558e-05 0.00129572 0.0100251 0.0457567 0.123439 0.198752 0.20011 0.150467 0.115547 0.0873801 0.0475317 0.0159848 0.00320056 0.000378581 2.64143e-05 1.08677e-06 2.63658e-08 3.77156e-10 3.18117e-12 1.58218e-14 4.63978e-17
 1.64562e-11 1.78616e-09 1.14314e-07 4.31386e-06 9.59888e-05 0.00125942 0.00974433 0.0444778 0.120023 0.193527 0.196146 0.150879 0.119993 0.0924534 0.0505418 0.0170148 0.0034075 0.000403075 2.81236e-05 1.1571e-06 2.8072e-08 4.01562e-10 3.38703e-12 1.68456e-14 4.93999e-17
 1.6326e-11 1.77204e-09 1.1341e-07 4.27974e-06 9.52297e-05 0.00124946 0.0096673 0.0441269 0.119086 0.192094 0.195059 0.150991 0.121212 0.0938453 0.0513677 0.0172974 0.00346428 0.000409796 2.85926e-05 1.17639e-06 2.85401e-08 4.08259e-10 3.44351e-12 1.71265e-14 5.02237e-17
 1.62055e-11 1.75895e-09 1.12573e-07 4.24815e-06 9.45266e-05 0.00124024 0.00959596 0.0438019 0.118218 0.190766 0.194052 0.151096 0.122342 0.0951343 0.0521325 0.0175591 0.00351686 0.00041602 2.90268e-05 1.19426e-06 2.89736e-08 4.1446e-10 3.49581e-12 1.73867e-14 5.09866e-17
 1.62303e-11 1.76164e-09 1.12745e-07 4.25464e-06 9.46712e-05 0.00124213 0.00961063 0.0438687 0.118397 0.191039 0.194259 0.151074 0.12211 0.0948693 0.0519752 0.0175053 0.00350605 0.00041474 2.89376e-05 1.19059e-06 2.88845e-08 4.13185e-10 3.48506e-12 1.73332e-14 5.08297e-17
 1.61991e-11 1.75826e-09 1.12528e-07 4.24647e-06 9.44894e-05 0.00123975 0.00959218 0.0437847 0.118172 0.190696 0.193999 0.151101 0.122402 0.0952026 0.052173 0.017573 0.00351965 0.000416349 2.90499e-05 1.19521e-06 2.89966e-08 4.14788e-10 3.49858e-12 1.74005e-14 5.1027e-17
 1.6103e-11 1.74782e-09 1.1186e-07 4.22126e-06 9.39285e-05 0.00123239 0.00953527 0.0435255 0.11748 0.189637 0.193195 0.151185 0.123303 0.096231 0.0527832 0.0177818 0.0035616 0.000421315 2.93963e-05 1.20947e-06 2.93425e-08 4.19736e-10 3.54032e-12 1.7608e-14 5.16356e-17
 1.65187e-11 1.79294e-09 1.14748e-07 4.33023e-06 9.63532e-05 0.0012642 0.0097813 0.0446462 0.120473 0.194215 0.196668 0.150824 0.119407 0.0917853 0.0501454 0.0168792 0.00338026 0.00039985 2.78985e-05 1.14784e-06 2.78473e-08 3.98349e-10 3.35992e-12 1.67108e-14 4.90046e-17
 1.64681e-11 1.78745e-09 1.14396e-07 4.31697e-06 9.6058e-05 0.00126033 0.00975135 0.0445098 0.120109 0.193658 0.196246 0.150868 0.119882 0.0923265 0.0504665 0.016989 0.00340233 0.000402463 2.80808e-05 1.15534e-06 2.80293e-08 4.00952e-10 3.38188e-12 1.682e-14 4.93248e-17
 1.72126e-11 1.86826e-09 1.19569e-07 4.51215e-06 0.000100401 0.00131731 0.010192 0.0465172 0.125471 0.201858 0.202467 0.150223 0.112904 0.0843636 0.0457418 0.0153723 0.00307752 0.000364017 2.5398e-05 1.04496e-06 2.53514e-08 3.62644e-10 3.05877e-12 1.5213e-14 4.46122e-17
 1.68529e-11 1.82922e-09 1.1707e-07 4.41785e-06 9.83027e-05 0.00128978 0.00997911 0.0455473 0.12288 0.197896 0.199461 0.150535 0.116275 0.0882108 0.0480245 0.0161534 0.00323445 0.000382592 2.66942e-05 1.09829e-06 2.66452e-08 3.81152e-10 3.21488e-12 1.59894e-14 4.68891e-17
 1.65896e-11 1.80064e-09 1.15241e-07 4.34883e-06 9.6767e-05 0.00126963 0.00982328 0.0448375 0.120984 0.194996 0.197261 0.150763 0.118743 0.0910266 0.0496952 0.0167251 0.00334931 0.000396187 2.76429e-05 1.13732e-06 2.75922e-08 3.94698e-10 3.32913e-12 1.65577e-14 4.85555e-17
 1.74994e-11 1.89939e-09 1.21561e-07 4.58733e-06 0.000102074 0.00133925 0.0103618 0.0472904 0.127536 0.205017 0.204863 0.149974 0.110217 0.0812965 0.043922 0.0147496 0.00295241 0.000349208 2.43647e-05 1.00244e-06 2.43198e-08 3.47889e-10 2.93431e-12 1.4594e-14 4.2797e-17
 1.79716e-11 1.95064e-09 1.24841e-07 4.71111e-06 0.000104828 0.00137539 0.0106412 0.0485635 0.130936 0.210218 0.208808 0.149565 0.105792 0.0762465 0.0409257 0.0137243 0.00274642 0.000324826 2.26633e-05 9.32436e-07 2.26215e-08 3.23595e-10 2.7294e-12 1.35749e-14 3.98084e-17
 1.8371e-11 1.99399e-09 1.27615e-07 4.8158e-06 0.000107157 0.00140595 0.0108776 0.0496402 0.133812 0.214616 0.212145 0.149218 0.10205 0.0719755 0.0383915 0.0128572 0.0025722 0.000304205 2.12243e-05 8.73231e-07 2.11851e-08 3.03048e-10 2.55609e-12 1.27129e-14 3.72807e-17
 1.81048e-11 1.9651e-09 1.25766e-07 4.74603e-06 0.000105605 0.00138558 0.0107201 0.0489226 0.131896 0.211685 0.209921 0.149449 0.104544 0.074822 0.0400804 0.0134351 0.00268831 0.000317948 2.21833e-05 9.12689e-07 2.21424e-08 3.16741e-10 2.67159e-12 1.32874e-14 3.89653e-17
 1.86148e-11 2.02046e-09 1.29309e-07 4.87972e-06 0.00010858 0.00142461 0.0110219 0.0502976 0.135568 0.217302 0.214183 0.149007 0.0997644 0.0693675 0.0368441 0.0123277 0.00246581 0.000291613 2.03456e-05 8.37078e-07 2.0308e-08 2.90501e-10 2.45027e-12 1.21866e-14 3.57372e-17
 1.85907e-11 2.01784e-09 1.29141e-07 4.8734e-06 0.000108439 0.00142276 0.0110076 0.0502326 0.135395 0.217036 0.213981 0.149028 0.0999906 0.0696255 0.0369972 0.0123801 0.00247634 0.000292858 2.04325e-05 8.40655e-07 2.03948e-08 2.91742e-10 2.46074e-12 1.22387e-14 3.58899e-17
 1.87337e-11 2.03336e-09 1.30135e-07 4.91088e-06 0.000109273 0.0014337 0.0110922 0.0506181 0.136424 0.218611 0.215176 0.148904 0.0986507 0.0680964 0.0360899 0.0120696 0.00241397 0.000285476 1.99174e-05 8.19458e-07 1.98806e-08 2.84386e-10 2.39869e-12 1.19301e-14 3.4985e-17
 1.83139e-11 1.9878e-09 1.27219e-07 4.80084e-06 0.000106825 0.00140158 0.0108438 0.0494864 0.133402 0.213988 0.211669 0.149268 0.102584 0.0725856 0.0387535 0.012981 0.00259708 0.00030715 2.14298e-05 8.81687e-07 2.13903e-08 3.05982e-10 2.58085e-12 1.2836e-14 3.76418e-17
#obs surv len freq
 3.67079e-11 3.40196e-09 1.85903e-07 5.99005e-06 0.000113806 0.00127498 0.00842428 0.0328615 0.0760853 0.107522 0.105322 0.100899 0.115123 0.126457 0.122143 0.0990198 0.0613572 0.0285464 0.0105973 0.00326576 0.000807957 0.000150738 2.01225e-05 1.85019e-06 1.13902e-07
 2.33824e-11 2.09005e-09 1.10157e-07 3.42338e-06 6.27332e-05 0.00067794 0.00432329 0.0163247 0.0371547 0.0554997 0.071821 0.10626 0.148254 0.16457 0.152978 0.119773 0.0727382 0.0333199 0.0119168 0.0034066 0.000767158 0.000131323 1.63317e-05 1.40968e-06 8.13661e-08
 1.47374e-10 1.26835e-08 6.4364e-07 1.92591e-05 0.000339793 0.00353496 0.0216848 0.0784503 0.167516 0.212054 0.16302 0.0866278 0.0517146 0.0534409 0.0609299 0.0523721 0.0306439 0.012526 0.00389933 0.00098852 0.000201912 3.1456e-05 3.551e-06 2.79157e-07 1.47874e-08
 1.20811e-10 9.99474e-09 4.87554e-07 1.40237e-05 0.000237846 0.00237879 0.0140352 0.0489555 0.102077 0.134409 0.13761 0.151796 0.163886 0.128476 0.0690473 0.0291858 0.0116454 0.00440925 0.00140993 0.00035089 6.56484e-05 9.09629e-06 9.14189e-07 6.44619e-08 3.07878e-09
 2.06754e-10 1.64172e-08 7.68653e-07 2.12202e-05 0.000345429 0.00331568 0.0187701 0.0627254 0.124344 0.149976 0.123853 0.0991561 0.100644 0.106837 0.0987663 0.0686355 0.0315979 0.00911184 0.00166374 0.000210837 2.23465e-05 2.23459e-06 1.89544e-07 1.17806e-08 4.99415e-10
 3.15232e-10 2.39899e-08 1.0765e-06 2.84833e-05 0.000444382 0.00408824 0.0221843 0.0711047 0.135612 0.159749 0.136099 0.118939 0.115738 0.0984132 0.0697145 0.0413397 0.0187967 0.0061007 0.0013956 0.000224384 2.48825e-05 1.88455e-06 1.00609e-07 4.03686e-09 1.25333e-10
 3.83774e-10 2.79538e-08 1.20058e-06 3.04041e-05 0.000454012 0.0039979 0.0207685 0.0637869 0.117145 0.136004 0.123398 0.123623 0.130404 0.116438 0.0860695 0.0503101 0.0207407 0.00564735 0.00103069 0.000135547 1.37677e-05 1.07208e-06 5.97866e-08 2.24926e-09 5.56715e-11
 6.81665e-10 4.74621e-08 1.94854e-06 4.71695e-05 0.000673294 0.00566717 0.028137 0.082533 0.144215 0.156476 0.125339 0.107173 0.106303 0.0979759 0.0762958 0.0452566 0.018235 0.00475299 0.000812945 9.60424e-05 8.26599e-06 5.29472e-07 2.49711e-08 8.46129e-10 1.99384e-11
 8.65801e-10 5.75553e-08 2.256e-06 5.21415e-05 0.0007106 0.00571101 0.0270829 0.0760106 0.128209 0.139826 0.126656 0.129373 0.130185 0.106837 0.0719495 0.0383667 0.0145768 0.00372117 0.000644316 7.85699e-05 6.88196e-06 4.27418e-07 1.84002e-08 5.41788e-10 1.08432e-11
 1.22466e-09 7.76404e-08 2.90233e-06 6.39727e-05 0.000831462 0.00637298 0.028825 0.0771886 0.124451 0.130804 0.116963 0.121187 0.127608 0.114997 0.0845775 0.0456981 0.0162527 0.00362039 0.000506406 4.6473e-05 3.02253e-06 1.49601e-07 5.67043e-09 1.56057e-10 2.94292e-12
 1.84713e-09 1.11563e-07 3.97307e-06 8.34302e-05 0.00103305 0.00754377 0.0325127 0.0830291 0.12818 0.131209 0.118682 0.124483 0.12791 0.110766 0.0777955 0.0399691 0.0135108 0.0028685 0.00038358 3.34462e-05 1.99803e-06 8.48108e-08 2.57042e-09 5.49385e-11 8.20612e-13
 2.87147e-09 1.65062e-07 5.59471e-06 0.000111814 0.00131772 0.00915848 0.0375726 0.0913838 0.134714 0.133081 0.118778 0.123256 0.12412 0.10537 0.0718953 0.0353409 0.0113192 0.00226662 0.000285102 2.3331e-05 1.30592e-06 5.18504e-08 1.46025e-09 2.84613e-11 3.74896e-13
 3.59095e-09 1.96281e-07 6.32611e-06 0.000120223 0.00134727 0.0089055 0.0347716 0.0807852 0.115779 0.118891 0.122465 0.139922 0.1404 0.114772 0.0745509 0.0346371 0.0104392 0.00195958 0.000229792 1.73881e-05 8.91885e-07 3.22992e-08 8.31255e-10 1.48732e-11 1.80347e-13
 5.09522e-09 2.64602e-07 8.10234e-06 0.000146292 0.00155759 0.00978243 0.0363006 0.0802557 0.110106 0.110594 0.115243 0.134989 0.142436 0.124407 0.0832379 0.037918 0.0108804 0.00191465 0.000207809 1.43244e-05 6.57394e-07 2.10552e-08 4.79649e-10 7.65688e-12 8.34296e-14
 8.83017e-09 4.35337e-07 1.26552e-05 0.000216924 0.00219263 0.0130733 0.0460539 0.0966435 0.125727 0.119279 0.116901 0.12977 0.131091 0.109678 0.0697604 0.0300083 0.0081053 0.00134059 0.000136553 8.80651e-06 3.75752e-07 1.10753e-08 2.29359e-10 3.28994e-12 3.19145e-14
 1.12788e-08 5.27531e-07 1.45486e-05 0.000236588 0.00226887 0.0128384 0.0429835 0.0863358 0.110971 0.114375 0.129632 0.149076 0.142595 0.110149 0.0648383 0.0259955 0.00656896 0.00101713 9.68334e-05 5.81432e-06 2.29678e-07 6.23399e-09 1.1855e-10 1.55989e-12 1.38512e-14
 1.92806e-08 8.55007e-07 2.23567e-05 0.000344702 0.00313413 0.0168125 0.053336 0.101253 0.121636 0.113804 0.117453 0.132886 0.133729 0.109062 0.0646428 0.0249994 0.00595141 0.000855056 7.42285e-05 3.958e-06 1.33946e-07 3.01624e-09 4.72842e-11 5.2488e-13 4.05992e-15
 2.8552e-08 1.19986e-06 2.97315e-05 0.000434414 0.00374328 0.0190353 0.0573207 0.103948 0.122532 0.120375 0.131945 0.143338 0.129418 0.0939309 0.0507651 0.0183609 0.00417708 0.000589116 5.23275e-05 3.02609e-06 1.17762e-07 3.11645e-09 5.5105e-11 6.33389e-13 4.64738e-15
 3.85677e-08 1.53526e-06 3.60358e-05 0.00049876 0.00407134 0.0196185 0.05606 0.0971147 0.112361 0.115117 0.133485 0.148477 0.136937 0.100291 0.05303 0.0183536 0.00396656 0.000533079 4.56238e-05 2.5883e-06 1.00931e-07 2.73078e-09 5.03037e-11 6.14215e-13 4.87084e-15
 5.50019e-08 2.0733e-06 4.60827e-05 0.000603985 0.00466905 0.0213131 0.0577771 0.0955929 0.108384 0.114156 0.135976 0.15139 0.1391 0.0999661 0.0506692 0.0165511 0.00334882 0.000419027 3.32075e-05 1.73681e-06 6.25023e-08 1.57535e-09 2.74489e-11 3.22245e-13 2.49426e-15
 9.11018e-08 3.25112e-06 6.84119e-05 0.000848876 0.00621262 0.0268498 0.0689234 0.108048 0.116292 0.116731 0.13343 0.144241 0.129391 0.0897268 0.0431698 0.0132472 0.0025027 0.000290713 2.12161e-05 1.01118e-06 3.28512e-08 7.4503e-10 1.17153e-11 1.24834e-13 8.82821e-16
 1.33777e-07 4.51905e-06 9.00135e-05 0.00105728 0.00732553 0.0299877 0.0730896 0.109972 0.117937 0.123895 0.142827 0.146512 0.121866 0.0782689 0.0350786 0.0100829 0.00179361 0.000197466 1.37756e-05 6.32485e-07 1.97995e-08 4.27647e-10 6.28421e-12 6.1469e-14 3.94146e-16
 1.88094e-07 6.0141e-06 0.000113387 0.00126064 0.00826855 0.0320595 0.0741954 0.107165 0.1143 0.124355 0.145606 0.1489 0.122955 0.0770435 0.0330528 0.00902014 0.00152617 0.000161334 1.09718e-05 4.98598e-07 1.55396e-08 3.31728e-10 4.75169e-12 4.47259e-14 2.73092e-16
 2.59135e-07 7.84248e-06 0.000139953 0.00147285 0.00914583 0.0335994 0.0739565 0.103244 0.111543 0.12753 0.151133 0.152249 0.122712 0.0739551 0.0301413 0.00778483 0.00125104 0.000126805 8.3803e-06 3.74609e-07 1.15364e-08 2.42565e-10 3.40463e-12 3.12851e-14 1.85879e-16
 3.90374e-07 1.11831e-05 0.000188906 0.00188186 0.0110627 0.0384912 0.0803959 0.10733 0.113233 0.128383 0.149961 0.149111 0.117953 0.0683545 0.0262857 0.00632674 0.000937534 8.6525e-05 5.13371e-06 2.04343e-07 5.64134e-09 1.08517e-10 1.42555e-12 1.24654e-14 7.10935e-17
 4.68835e-07 1.27145e-05 0.000203323 0.00191771 0.0106792 0.0352849 0.0707701 0.0947704 0.110389 0.140044 0.165666 0.158169 0.118312 0.0644598 0.0232611 0.00525786 0.000733648 6.40047e-05 3.60117e-06 1.35649e-07 3.5049e-09 6.20196e-11 7.37837e-13 5.79484e-15 2.96991e-17
 6.24006e-07 1.60218e-05 0.000242579 0.00216634 0.0114252 0.0357924 0.0684051 0.0889159 0.104356 0.135569 0.165199 0.164821 0.126468 0.0677488 0.0232729 0.00491628 0.000632565 5.0127e-05 2.51514e-06 8.31486e-08 1.87991e-09 2.949e-11 3.16909e-13 2.2778e-15 1.07247e-17
 8.58472e-07 2.08715e-05 0.000299232 0.0025307 0.0126459 0.0376192 0.0689258 0.0887351 0.108168 0.143213 0.170392 0.163381 0.119406 0.0605285 0.0196585 0.00394725 0.000488568 3.79639e-05 1.91088e-06 6.42783e-08 1.46478e-09 2.23988e-11 2.25359e-13 1.46971e-15 6.17336e-18
#pred catch len freq
 7.75526e-13 8.4176e-11 5.3873e-09 2.03309e-07 4.5249e-06 5.94375e-05 0.000462585 0.00217454 0.00673402 0.0178523 0.0510022 0.125288 0.205422 0.212611 0.149886 0.0876794 0.0510789 0.0302568 0.0185075 0.0121559 0.00876504 0.00702219 0.0059203 0.00450392 0.00261282
 5.6928e-13 6.179e-11 3.9546e-09 1.49243e-07 3.32185e-06 4.36516e-05 0.000340398 0.00161567 0.00521013 0.015269 0.0478091 0.121521 0.201957 0.213599 0.158931 0.100994 0.0607063 0.03318 0.0169666 0.00880695 0.00494597 0.0031789 0.00231568 0.00165468 0.000950769
 1.27546e-12 1.38439e-10 8.86011e-09 3.34362e-07 7.44095e-06 9.76945e-05 0.000758469 0.00352238 0.0103339 0.0233562 0.0551781 0.12495 0.201485 0.210102 0.152874 0.0946484 0.0573277 0.0328388 0.0171571 0.008144 0.00364935 0.00172249 0.000952048 0.000581078 0.000314066
 9.96673e-13 1.08179e-10 6.92352e-09 2.61282e-07 5.81502e-06 7.63734e-05 0.000593973 0.00278246 0.00848705 0.0215866 0.0590323 0.142311 0.230765 0.232905 0.152494 0.0761027 0.0367088 0.0186982 0.00954564 0.00460116 0.00199727 0.000788077 0.000313064 0.000140376 6.43825e-05
 7.14808e-12 7.75855e-10 4.96547e-08 1.87382e-06 4.16954e-05 0.000547104 0.00423459 0.0193651 0.0527568 0.089105 0.109332 0.13401 0.16892 0.165536 0.117622 0.0697265 0.0380429 0.0180729 0.00758491 0.0031163 0.00126992 0.000479438 0.000162772 5.31082e-05 1.79161e-05
 1.07954e-11 1.17174e-09 7.49911e-08 2.82994e-06 6.29701e-05 0.000826232 0.00639399 0.0292158 0.0792578 0.131178 0.148841 0.155766 0.173008 0.152971 0.0864677 0.029332 0.00590279 0.000711402 5.61987e-05 5.08515e-06 1.13286e-06 3.52195e-07 1.06604e-07 2.93275e-08 7.40157e-09
 1.1873e-11 1.2887e-09 8.24768e-08 3.11242e-06 6.92558e-05 0.000908697 0.00703178 0.0321212 0.0870183 0.143049 0.157852 0.154852 0.162941 0.141469 0.0796246 0.0269664 0.00540689 0.000639732 4.46378e-05 1.83656e-06 4.45564e-08 6.37369e-10 5.3761e-12 2.67603e-14 8.28683e-17
 1.16123e-11 1.2604e-09 8.06656e-08 3.04407e-06 6.77349e-05 0.000888744 0.00687747 0.0314182 0.0851407 0.140177 0.155674 0.155078 0.165385 0.144258 0.0812791 0.0275326 0.00552063 0.000653196 4.55772e-05 1.87522e-06 4.54941e-08 6.50782e-10 5.4891e-12 2.73004e-14 8.00587e-17
 1.2843e-11 1.39399e-09 8.92149e-08 3.3667e-06 7.49136e-05 0.000982924 0.00760587 0.0347363 0.0940035 0.153732 0.165957 0.154011 0.153852 0.131095 0.0734695 0.0248603 0.00498374 0.000589646 4.11427e-05 1.69276e-06 4.10676e-08 5.87461e-10 4.95502e-12 2.46442e-14 7.22695e-17
 1.25971e-11 1.3673e-09 8.75067e-08 3.30224e-06 7.34793e-05 0.000964107 0.00746033 0.0340734 0.0922327 0.151024 0.163902 0.154224 0.156156 0.133725 0.0750299 0.0253942 0.00509101 0.000602343 4.20287e-05 1.72922e-06 4.1952e-08 6.00112e-10 5.06172e-12 2.51748e-14 7.38255e-17
 1.25785e-11 1.36527e-09 8.73771e-08 3.29734e-06 7.33704e-05 0.000962679 0.00744929 0.034023 0.0920984 0.150818 0.163746 0.154241 0.156331 0.133925 0.0751483 0.0254347 0.00509915 0.000603307 4.2096e-05 1.73198e-06 4.20191e-08 6.01072e-10 5.06982e-12 2.52151e-14 7.39435e-17
 1.29716e-11 1.40794e-09 9.01083e-08 3.40041e-06 7.56637e-05 0.000992766 0.00768198 0.0350831 0.0949297 0.155148 0.167031 0.1539 0.152646 0.12972 0.0726534 0.024581 0.00492763 0.000583005 4.06793e-05 1.67369e-06 4.0605e-08 5.80844e-10 4.8992e-12 2.43665e-14 7.14551e-17
 1.27047e-11 1.37897e-09 8.82539e-08 3.33043e-06 7.41066e-05 0.000972338 0.00752399 0.0343633 0.0930073 0.152208 0.164801 0.154131 0.155148 0.132575 0.0743473 0.0251607 0.00504409 0.000596789 4.16412e-05 1.71327e-06 4.15652e-08 5.94579e-10 5.01505e-12 2.49427e-14 7.31447e-17
 1.307e-11 1.41863e-09 9.0792e-08 3.42621e-06 7.62378e-05 0.0010003 0.00774024 0.0353484 0.0956385 0.156233 0.167854 0.153814 0.151724 0.128667 0.0720288 0.0243673 0.0048847 0.000577923 4.03246e-05 1.6591e-06 4.0251e-08 5.7578e-10 4.85649e-12 2.41541e-14 7.08321e-17
 1.29579e-11 1.40646e-09 9.0013e-08 3.39681e-06 7.55837e-05 0.000991716 0.00767386 0.0350461 0.0948309 0.154997 0.166917 0.153912 0.152775 0.129867 0.0727405 0.0246108 0.00493362 0.000583714 4.07287e-05 1.67573e-06 4.06544e-08 5.8155e-10 4.90516e-12 2.43961e-14 7.15419e-17
 1.41845e-11 1.53959e-09 9.85334e-08 3.71835e-06 8.27381e-05 0.00108558 0.0083998 0.038353 0.103664 0.168507 0.177165 0.152848 0.141281 0.116749 0.0649572 0.0219475 0.00439854 0.000520379 3.63091e-05 1.49389e-06 3.62428e-08 5.18443e-10 4.37287e-12 2.17488e-14 6.37785e-17
 1.37274e-11 1.48998e-09 9.53585e-08 3.59853e-06 8.00722e-05 0.0010506 0.0081293 0.0371208 0.100372 0.163473 0.173346 0.153244 0.145564 0.121637 0.0678574 0.0229399 0.00459792 0.000543979 3.7956e-05 1.56165e-06 3.78866e-08 5.41958e-10 4.57121e-12 2.27353e-14 6.66713e-17
 1.51953e-11 1.6493e-09 1.05555e-07 3.98332e-06 8.8634e-05 0.00116293 0.00899805 0.0410782 0.110943 0.179639 0.185611 0.151972 0.131809 0.105939 0.058543 0.0197527 0.00395758 0.000468184 3.2667e-05 1.34403e-06 3.26072e-08 4.66437e-10 3.93422e-12 1.95671e-14 5.73807e-17
 1.47608e-11 1.60214e-09 1.02537e-07 3.86942e-06 8.60996e-05 0.00112968 0.00874089 0.0399068 0.107814 0.174854 0.18198 0.152348 0.13588 0.110586 0.0613002 0.0206962 0.00414713 0.000490621 3.42326e-05 1.40845e-06 3.417e-08 4.88792e-10 4.12278e-12 2.05049e-14 6.01309e-17
 1.46732e-11 1.59264e-09 1.01929e-07 3.84647e-06 8.55889e-05 0.00112298 0.00868907 0.0396707 0.107184 0.17389 0.181249 0.152424 0.136701 0.111522 0.0618558 0.0208863 0.00418532 0.000495142 3.45481e-05 1.42143e-06 3.44849e-08 4.93297e-10 4.16077e-12 2.06939e-14 6.0685e-17
 1.56465e-11 1.69828e-09 1.0869e-07 4.10161e-06 9.12662e-05 0.00119746 0.00926513 0.0422949 0.114193 0.18461 0.189381 0.151581 0.12758 0.101113 0.0556796 0.0187729 0.00376072 0.000444883 3.1041e-05 1.27713e-06 3.09841e-08 4.4322e-10 3.73839e-12 1.85932e-14 5.45246e-17
 1.68054e-11 1.82406e-09 1.1674e-07 4.4054e-06 9.80257e-05 0.00128614 0.009951 0.0454193 0.122538 0.197373 0.199064 0.150576 0.11672 0.0887187 0.0483259 0.0162566 0.00325517 0.000385044 2.68653e-05 1.10533e-06 2.6816e-08 3.83596e-10 3.23549e-12 1.60919e-14 4.71897e-17
 1.71243e-11 1.85868e-09 1.18955e-07 4.48901e-06 9.98861e-05 0.00131055 0.0101398 0.0462792 0.124835 0.200886 0.201729 0.150299 0.113732 0.0853076 0.046302 0.015564 0.00311603 0.000368575 2.57161e-05 1.05804e-06 2.56688e-08 3.67186e-10 3.09707e-12 1.54035e-14 4.51709e-17
 1.68839e-11 1.83258e-09 1.17285e-07 4.42597e-06 9.84835e-05 0.00129215 0.00999746 0.0456309 0.123103 0.198238 0.19972 0.150508 0.115985 0.0878793 0.0478278 0.0160861 0.00322093 0.000380991 2.65825e-05 1.09369e-06 2.65337e-08 3.79558e-10 3.20143e-12 1.59225e-14 4.66929e-17
 1.74392e-11 1.89286e-09 1.21143e-07 4.57155e-06 0.000101723 0.00133465 0.0103261 0.0471282 0.127103 0.204354 0.20436 0.150026 0.110781 0.08194 0.0443038 0.0148803 0.00297866 0.000352315 2.45815e-05 1.01136e-06 2.45363e-08 3.50985e-10 2.96042e-12 1.47239e-14 4.31779e-17
 1.77897e-11 1.9309e-09 1.23577e-07 4.66343e-06 0.000103767 0.00136147 0.0105336 0.048073 0.129626 0.208214 0.207289 0.149722 0.107497 0.0781918 0.0420799 0.0141193 0.00282577 0.000334218 2.33187e-05 9.59403e-07 2.32757e-08 3.32953e-10 2.80834e-12 1.39675e-14 4.09597e-17
 1.7843e-11 1.93668e-09 1.23947e-07 4.67739e-06 0.000104078 0.00136554 0.0105651 0.0482167 0.13001 0.208801 0.207734 0.149676 0.106997 0.0776222 0.0417419 0.0140036 0.00280253 0.000331468 2.31267e-05 9.51506e-07 2.30842e-08 3.30213e-10 2.78522e-12 1.38525e-14 4.06225e-17
 1.77074e-11 1.92196e-09 1.23005e-07 4.64184e-06 0.000103287 0.00135517 0.0104848 0.0478511 0.129034 0.207307 0.206601 0.149794 0.108268 0.0790724 0.0426024 0.0142981 0.00286169 0.00033847 2.36153e-05 9.71609e-07 2.35719e-08 3.37189e-10 2.84407e-12 1.41452e-14 4.14808e-17
#obs catch len freq
 2.89651e-11 2.68438e-09 1.4669e-07 4.72657e-06 8.98014e-05 0.00100609 0.00664872 0.0259587 0.06039 0.0874066 0.0941036 0.107642 0.13404 0.142359 0.127498 0.0995098 0.0633885 0.0317817 0.0127891 0.00412999 0.00103356 0.000192393 2.5683e-05 2.37921e-06 1.48564e-07
 4.39708e-11 3.93035e-09 2.07151e-07 6.43767e-06 0.000117968 0.00127471 0.00812433 0.0305853 0.068527 0.0949702 0.0959912 0.101803 0.123428 0.13626 0.130283 0.103492 0.0624827 0.0283731 0.0103017 0.00309147 0.000738361 0.000131865 1.67326e-05 1.4539e-06 8.41702e-08
 2.85348e-11 2.4558e-09 1.24623e-07 3.72902e-06 6.57951e-05 0.000684646 0.00420521 0.0153161 0.0338729 0.0507316 0.0702524 0.110444 0.154442 0.169181 0.155192 0.119039 0.0703999 0.031407 0.0109433 0.00303715 0.000659848 0.00010815 1.27806e-05 1.04154e-06 5.64744e-08
 2.08877e-18 9.18188e-16 2.37991e-13 3.63731e-11 3.27793e-09 1.74199e-07 5.46022e-06 0.000101011 0.00110514 0.00719682 0.0284444 0.0719838 0.130469 0.19078 0.222248 0.18522 0.104609 0.041457 0.01257 0.00309785 0.00061041 9.09732e-05 9.75387e-06 7.23787e-07 3.60042e-08
 1.29642e-10 1.02942e-08 4.81974e-07 1.33059e-05 0.000216605 0.00207946 0.0117818 0.0395484 0.0802322 0.107936 0.127778 0.167636 0.189491 0.145844 0.0764046 0.0318578 0.0126108 0.00469056 0.00145769 0.000350195 6.29457e-05 8.33643e-06 7.95823e-07 5.29704e-08 2.37555e-09
 2.9357e-10 2.23414e-08 1.00253e-06 2.65259e-05 0.000413843 0.00380723 0.0206577 0.0661826 0.125936 0.146714 0.120009 0.0994954 0.103585 0.10935 0.0988408 0.0662063 0.0291507 0.00802724 0.00140471 0.000172306 1.78553e-05 1.73265e-06 1.40271e-07 8.23496e-09 3.27854e-10
 4.586e-10 3.3404e-08 1.43466e-06 3.63321e-05 0.000542529 0.00477721 0.0248132 0.0761494 0.139278 0.158526 0.133923 0.119315 0.115867 0.0967314 0.0672961 0.0389246 0.0171006 0.00534199 0.00117431 0.000180879 1.91514e-05 1.38319e-06 7.04573e-08 2.69326e-09 7.91306e-11
 5.69112e-10 3.96254e-08 1.62681e-06 3.93812e-05 0.00056213 0.00473174 0.023499 0.0690265 0.121498 0.136498 0.123209 0.12469 0.129901 0.113648 0.0821549 0.0464539 0.0183525 0.0047793 0.000837157 0.000106155 1.0388e-05 7.73612e-07 4.09433e-08 1.45486e-09 3.39171e-11
 1.02447e-09 6.81034e-08 2.66946e-06 6.16972e-05 0.000840817 0.0067571 0.0320326 0.0897399 0.149976 0.156666 0.123545 0.10646 0.104944 0.0950708 0.0721774 0.0412057 0.0158549 0.0039416 0.000644607 7.30421e-05 6.03251e-06 3.69701e-07 1.66045e-08 5.33068e-10 1.18413e-11
 1.35124e-09 8.56653e-08 3.20231e-06 7.05849e-05 0.000917401 0.00703166 0.0318038 0.0851586 0.137242 0.143907 0.12723 0.127376 0.124565 0.0996534 0.0654881 0.0337322 0.0122695 0.00299272 0.000495972 5.79378e-05 4.84985e-06 2.86677e-07 1.17032e-08 3.25803e-10 6.14651e-12
 1.94054e-09 1.17204e-07 4.17398e-06 8.7649e-05 0.00108529 0.007925 0.0341513 0.0871559 0.134104 0.135282 0.117689 0.119247 0.122384 0.107697 0.0767972 0.0397203 0.0134222 0.00283585 0.000376946 3.30186e-05 2.05929e-06 9.77399e-08 3.53148e-09 9.19808e-11 1.63296e-12
 2.95648e-09 1.69949e-07 5.76035e-06 0.000115125 0.00135673 0.00942951 0.0386821 0.0940532 0.138435 0.135842 0.119149 0.121559 0.1214 0.102514 0.0697117 0.0342433 0.0109878 0.00221088 0.000280623 2.32941e-05 1.32753e-06 5.37156e-08 1.54711e-09 3.13187e-11 4.4168e-13
 4.65017e-09 2.54178e-07 8.19211e-06 0.000155684 0.0017446 0.01153 0.0449812 0.10406 0.146057 0.137907 0.118558 0.118911 0.11616 0.0960304 0.0632845 0.0296763 0.00900795 0.00170728 0.000203596 1.58445e-05 8.4531e-07 3.19621e-08 8.54118e-10 1.57332e-11 1.95232e-13
 5.95872e-09 3.09445e-07 9.47546e-06 0.000171085 0.00182154 0.0114396 0.0424389 0.0937033 0.127734 0.125076 0.123255 0.135106 0.131089 0.104171 0.0652411 0.0288732 0.00823594 0.00146124 0.000162206 1.16539e-05 5.69039e-07 1.96128e-08 4.78838e-10 8.09483e-12 9.2425e-14
 8.61446e-09 4.24702e-07 1.23461e-05 0.000211625 0.00213907 0.0127541 0.0449317 0.0943135 0.122852 0.117131 0.115995 0.130212 0.133161 0.112764 0.0722881 0.0312211 0.00845572 0.00140349 0.000143895 9.39656e-06 4.09765e-07 1.24814e-08 2.69762e-10 4.06955e-12 4.17536e-14
 1.49297e-08 6.98286e-07 1.92577e-05 0.000313163 0.00300301 0.0169864 0.0567685 0.113004 0.139361 0.125006 0.115687 0.122614 0.119874 0.0970758 0.0590558 0.0240532 0.00612546 0.000954663 9.17623e-05 5.59959e-06 2.26701e-07 6.34513e-09 1.24496e-10 1.68578e-12 1.5388e-14
 1.95666e-08 8.67691e-07 2.26884e-05 0.000349817 0.00318071 0.0170641 0.054162 0.10308 0.125211 0.121016 0.128362 0.140328 0.12957 0.0967848 0.0544828 0.0206751 0.00492254 0.000717579 6.4398e-05 3.65449e-06 1.36819e-07 3.52316e-09 6.34374e-11 7.87506e-13 6.57566e-15
 3.31534e-08 1.39323e-06 3.45229e-05 0.000504415 0.00434616 0.0220932 0.0664125 0.119408 0.135534 0.11895 0.115 0.124135 0.120806 0.0948393 0.0534429 0.0194903 0.00436166 0.000588722 4.80517e-05 2.41353e-06 7.71548e-08 1.64563e-09 2.44502e-11 2.56618e-13 1.86963e-15
 4.92391e-08 1.96006e-06 4.60065e-05 0.000636751 0.00519733 0.0250345 0.0713967 0.122522 0.136148 0.124845 0.127728 0.131975 0.114993 0.0804406 0.0414185 0.014148 0.00303035 0.00040252 3.37436e-05 1.84598e-06 6.79946e-08 1.69945e-09 2.82808e-11 3.05045e-13 2.09688e-15
 6.81101e-08 2.56741e-06 5.7065e-05 0.000747911 0.00578112 0.0263774 0.0713445 0.11678 0.126709 0.119861 0.128932 0.136482 0.121437 0.0854025 0.0428669 0.0139859 0.00284404 0.000360039 2.91044e-05 1.56363e-06 5.77655e-08 1.47686e-09 2.56115e-11 2.93462e-13 2.17878e-15
 9.88364e-08 3.52714e-06 7.422e-05 0.000920937 0.00673974 0.0291221 0.0746848 0.11655 0.12318 0.118502 0.130327 0.138106 0.122264 0.0840993 0.040358 0.012408 0.00235967 0.000277847 2.07772e-05 1.02842e-06 3.50625e-08 8.35566e-10 1.37148e-11 1.51156e-13 1.09545e-15
 1.63082e-07 5.50898e-06 0.000109731 0.00128883 0.00892836 0.036519 0.0886556 0.130964 0.130961 0.11923 0.125202 0.128663 0.111014 0.0734935 0.0334147 0.00963981 0.00171012 0.000186735 1.28425e-05 5.78489e-07 1.77889e-08 3.81325e-10 5.64878e-12 5.65139e-14 3.74249e-16
 2.40065e-07 7.6758e-06 0.000144715 0.00160887 0.0105506 0.0408692 0.0941569 0.133226 0.131892 0.124827 0.132236 0.128915 0.103056 0.0631769 0.0267587 0.00723152 0.00120815 0.000125075 8.22516e-06 3.56844e-07 1.05603e-08 2.15165e-10 2.97289e-12 2.72652e-14 1.63581e-16
 3.41979e-07 1.03497e-05 0.000184692 0.00194356 0.0120652 0.0442608 0.0967628 0.131064 0.127961 0.124378 0.133876 0.130271 0.103221 0.0615666 0.0249207 0.00639145 0.00101599 0.000101081 6.48611e-06 2.78589e-07 8.20028e-09 1.64847e-10 2.21644e-12 1.95345e-14 1.11476e-16
 4.82856e-07 1.38324e-05 0.000233656 0.00232753 0.0136791 0.047537 0.0987243 0.128562 0.125277 0.126272 0.137344 0.131625 0.101592 0.0581519 0.0223368 0.00542083 0.000818783 7.81662e-05 4.87762e-06 2.06084e-07 5.98913e-09 1.18454e-10 1.55908e-12 1.34027e-14 7.43571e-17
 7.30233e-07 1.98032e-05 0.000316672 0.00298627 0.0166158 0.0546826 0.107684 0.133662 0.126075 0.125076 0.133977 0.126678 0.0957214 0.0525466 0.0190121 0.00429469 0.000597423 5.18557e-05 2.90151e-06 1.09141e-07 2.84639e-09 5.15776e-11 6.3597e-13 5.20379e-15 2.77046e-17
 9.13826e-07 2.34631e-05 0.000355233 0.00317194 0.0167178 0.0522122 0.0983928 0.120886 0.122851 0.135841 0.14827 0.134703 0.0961208 0.0495587 0.0168198 0.00356797 0.000467401 3.83529e-05 2.03429e-06 7.23323e-08 1.76241e-09 2.93277e-11 3.2715e-13 2.40353e-15 1.15012e-17
 1.24046e-06 3.01581e-05 0.000432353 0.00365572 0.0182484 0.0540198 0.096822 0.114677 0.116157 0.131457 0.148446 0.140935 0.102746 0.0518959 0.0167319 0.00331278 0.000399667 2.97423e-05 1.40464e-06 4.37966e-08 9.34176e-10 1.37964e-11 1.39129e-13 9.356e-16 4.11165e-18
#spawning biomass
 20702.2 22755.4 17198.7 19565.7 26845.5 47081.6 61068.1 70132.7 96922.1 129499 157066 183602 195342 219250 227872 241891 228261 249346 247260 232514 215582 235512 222533 227066 231410 251502 224722 207741 176362 489751 781133 1.07243e+06 1.34096e+06 1.57563e+06 1.77336e+06 1.93568e+06 2.06643e+06 2.17029e+06 2.25192e+06 2.31555e+06 2.36484e+06 2.40284e+06 2.42795e+06 2.4278e+06 2.42766e+06 2.42751e+06 2.42738e+06 2.42724e+06 2.42712e+06 2.42699e+06 2.42688e+06 2.42676e+06 2.42665e+06 2.42654e+06 2.42644e+06 2.42634e+06 2.42625e+06 2.42615e+06 2.42606e+06 2.42598e+06 2.42589e+06 2.42581e+06 2.42573e+06 2.42566e+06 2.42559e+06 2.42552e+06 2.42545e+06 2.42538e+06 2.42532e+06 2.42526e+06 2.4252e+06 2.42515e+06 2.42509e+06 2.42504e+06 2.42499e+06 2.42494e+06 2.42489e+06 2.42484e+06 2.4248e+06 2.42476e+06 2.42472e+06 2.42468e+06 2.42464e+06 2.4246e+06 2.42457e+06 2.42453e+06 2.4245e+06 2.42447e+06 2.42443e+06 2.4244e+06 2.42438e+06 2.42435e+06 2.42432e+06 2.42429e+06 2.42427e+06 2.42425e+06 2.42422e+06 2.4242e+06 2.42418e+06 2.42416e+06 2.42414e+06 2.42412e+06 2.4241e+06 2.42408e+06 2.42406e+06 2.42404e+06 2.42403e+06 2.42401e+06 2.424e+06 2.42398e+06 2.42397e+06 2.42395e+06 2.42394e+06 2.42393e+06 2.42391e+06 2.4239e+06 2.42389e+06 2.42388e+06 2.42387e+06 2.42386e+06 2.42385e+06 2.42384e+06 2.42383e+06 2.42382e+06 2.42381e+06 2.4238e+06 2.4238e+06 2.42379e+06 0 0 0 0 0 0 0 0 0 0 0 0 0 0 0 0 0 0 0 0 0 0 0 0 0
