SBPRF35
0.827133
Curr Bio
128643
B35
614317
F35
0.227193
FOFL
0
OFL
0
Bzero
236324
#pred survey bio
 10358.4 9925.34 11848.8 17372.5 21825.9 26129.5 30393.3 39158.1 43348 51847.5 65179.1 75776.9 93090.7 117993 124917 104512 101559 97319.1 98076.9 92718.7 86573.8 102289 97669 107204 121121 129467 107233 95521 2.13316e+06 3.82637e+06 4.37493e+06 4.30608e+06 3.9673e+06 3.54484e+06 3.14116e+06 2.79991e+06 2.53087e+06 2.32775e+06 2.1786e+06 2.07097e+06 1.9941e+06 1.93944e+06 1.90006e+06 1.87108e+06 1.85075e+06 1.83632e+06 1.82595e+06 1.81839e+06 1.81281e+06 1.80864e+06 1.80549e+06 1.80307e+06 1.8012e+06 1.79974e+06 1.7986e+06 1.79769e+06 1.79696e+06 1.79638e+06 1.79591e+06 1.79554e+06 1.79523e+06 1.79498e+06 1.79478e+06 1.79462e+06 1.79448e+06 1.79438e+06 1.79429e+06 1.79421e+06 1.79416e+06 1.79411e+06 1.79407e+06 1.79403e+06 1.79401e+06 1.79399e+06 1.79397e+06 1.79395e+06 1.79394e+06 1.79393e+06 1.79392e+06 1.79392e+06 1.79391e+06 1.79391e+06 1.7939e+06 1.7939e+06 1.7939e+06 1.7939e+06 1.7939e+06 1.79389e+06 1.79389e+06 1.79389e+06 1.79389e+06 1.79389e+06 1.79389e+06 1.79389e+06 1.79389e+06 1.79389e+06 1.79389e+06 1.79389e+06 1.79389e+06 1.79389e+06 1.79389e+06 1.79389e+06 1.79389e+06 1.79389e+06 1.79389e+06 1.79389e+06 1.79389e+06 1.79389e+06 1.79389e+06 1.79389e+06 1.79389e+06 1.79389e+06 1.79389e+06 1.79389e+06 1.79389e+06 1.79389e+06 1.79389e+06 1.79389e+06 1.79389e+06 1.79389e+06 1.79389e+06 1.79389e+06 1.79389e+06 1.79389e+06 1.79389e+06 1.79389e+06 1.79389e+06 1.79389e+06 0 0 0 0 0 0 0 0 0 0 0 0 0 0 0 0 0 0 0 0 0 0 0 0 0
#obs survey bio
 9892.24 8046.25 10809.7 22628.8 31324.4 27315.3 30203.7 48649.1 48109.2 62027.1 93062 78832.1 102230 121749 87112.9 110924 119052 87313.5 80157 87177.5 86422.2 98319.7 94865.3 88215.9 112928 150665 94779.6 80322.7
#pred catch bio
 6063.31 6080.56 6709.85 10465 13750.5 17929.4 19467.8 28382.8 32436.7 39517.9 50476.4 60800.2 76288.8 95758.2 106608 88118.6 89357.4 86393 90712 85878.8 76031.3 97466.8 91401.9 102939 114938 128403 103808 92745.6 0 32593.7 37730.7 36758.4 33421.2 29418.8 25669.3 22551.1 20134.5 18346.2 17064.4 16166.3 15547.7 15126.6 14840.6 14645.7 14518.5 14435.6 14381.5 14346.2 14323.1 14308.1 14298.3 14291.9 14287.7 14285 14283.2 14282.1 14281.3 14280.8 14280.5 14280.3 14280.2 14280.1 14280 14280 14280 14279.9 14279.9 14279.9 14279.9 14279.9 14279.9 14279.9 14279.9 14279.9 14279.9 14279.9 14279.9 14279.9 14279.9 14279.9 14279.9 14279.9 14279.9 14279.9 14279.9 14279.9 14279.9 14279.9 14279.9 14279.9 14279.9 14279.9 14279.9 14279.9 14279.9 14279.9 14279.9 14279.9 14279.9 14279.9 14279.9 14279.9 14279.9 14279.9 14279.9 14279.9 14279.9 14279.9 14279.9 14279.9 14279.9 14279.9 14279.9 14279.9 14279.9 14279.9 14279.9 14279.9 14279.9 14279.9 14279.9 14279.9 14279.9 14279.9 14279.9 14279.9 14279.9 14279.9 0 0 0 0 0 0 0 0 0 0 0 0 0 0 0 0 0 0 0 0 0 0 0 0 0
#obs catch bio
 5608.75 6238.67 6725.89 10490.5 13659.5 17782.5 19648.5 28080.5 32150.7 38197.5 48857.9 59569.6 74533.6 96080.5 109628 89436.4 87982.4 87153.6 92548.6 86128.1 73406.9 93844.5 89991.6 101266 111739 124954 102698 93833.2
#pred cpue bio
 9448.65 8789.69 9962.98 14964.2 18940.9 22444.2 25795.1 33516.1 36632.9 42522 54386.4 62805.9 74609.9 97117.8 106846 87781.7 84313.2 80159.9 79623.3 76569 69166.2 82823.8 78325.4 84195.8 95316.4 104878 86901.4 77189.8 1.69916e+06 3.69467e+06 4.32891e+06 4.26186e+06 3.9231e+06 3.50064e+06 3.09696e+06 2.75572e+06 2.48667e+06 2.28356e+06 2.1344e+06 2.02678e+06 1.94991e+06 1.89524e+06 1.85587e+06 1.82688e+06 1.80655e+06 1.79212e+06 1.78175e+06 1.77419e+06 1.76861e+06 1.76444e+06 1.76129e+06 1.75887e+06 1.757e+06 1.75555e+06 1.7544e+06 1.75349e+06 1.75276e+06 1.75218e+06 1.75171e+06 1.75134e+06 1.75103e+06 1.75078e+06 1.75058e+06 1.75042e+06 1.75029e+06 1.75018e+06 1.75009e+06 1.75002e+06 1.74996e+06 1.74991e+06 1.74987e+06 1.74984e+06 1.74981e+06 1.74979e+06 1.74977e+06 1.74976e+06 1.74974e+06 1.74973e+06 1.74973e+06 1.74972e+06 1.74971e+06 1.74971e+06 1.74971e+06 1.7497e+06 1.7497e+06 1.7497e+06 1.7497e+06 1.7497e+06 1.74969e+06 1.74969e+06 1.74969e+06 1.74969e+06 1.74969e+06 1.74969e+06 1.74969e+06 1.74969e+06 1.74969e+06 1.74969e+06 1.74969e+06 1.74969e+06 1.74969e+06 1.74969e+06 1.74969e+06 1.74969e+06 1.74969e+06 1.74969e+06 1.74969e+06 1.74969e+06 1.74969e+06 1.74969e+06 1.74969e+06 1.74969e+06 1.74969e+06 1.74969e+06 1.74969e+06 1.74969e+06 1.74969e+06 1.74969e+06 1.74969e+06 1.74969e+06 1.74969e+06 1.74969e+06 1.74969e+06 1.74969e+06 1.74969e+06 1.74969e+06 1.74969e+06 1.74969e+06 0 0 0 0 0 0 0 0 0 0 0 0 0 0 0 0 0 0 0 0 0 0 0 0 0
#obs cpue bio
 8156.1 7433.73 10069.4 10774.5 20595.4 20629.8 18879.9 41084.9 40405.3 65455.3 53896.9 95459.3 76744.3 75421.2 93644.3 78943 85943.5 80310 57459.4 98911.8 128180 147667 99592.5 130330 152502 144925 105173 89079.3
#pred surv len freq
 2.55859e-27 2.57588e-27 2.20429e-26 4.11018e-20 1.00756e-14 2.98558e-10 1.06939e-06 0.000463003 0.0242319 0.153298 0.117749 0.0436137 0.249237 0.230138 0.0496091 0.0555922 0.0227687 0.0160719 0.0095629 0.00710642 0.00551002 0.00474511 0.00476639 0.00423922 0.00129605
 2.56106e-27 2.58307e-27 2.88168e-26 5.53934e-20 1.3579e-14 4.02371e-10 1.44122e-06 0.000623995 0.0326577 0.206602 0.158365 0.0382471 0.179864 0.167213 0.0584244 0.0914565 0.0323657 0.0155305 0.00697404 0.00391841 0.00245552 0.00180041 0.00159937 0.00142413 0.000477469
 2.56399e-27 2.59051e-27 3.48687e-26 6.81582e-20 1.67082e-14 4.95093e-10 1.77334e-06 0.000767788 0.0401833 0.254211 0.194766 0.0412013 0.176769 0.163235 0.037376 0.0445902 0.0202797 0.0162615 0.00588612 0.00219877 0.000940742 0.000521602 0.000381122 0.000318788 0.000110754
 2.56209e-27 2.5852e-27 3.00193e-26 5.79274e-20 1.42002e-14 4.20777e-10 1.50715e-06 0.00065254 0.0341516 0.216053 0.16567 0.0437781 0.216822 0.200109 0.0424266 0.0465673 0.0168976 0.00894986 0.00462575 0.00223985 0.000627304 0.000213127 0.000109482 7.8513e-05 2.70179e-05
 2.56169e-27 2.5843e-27 2.93897e-26 5.65999e-20 1.38748e-14 4.11135e-10 1.47261e-06 0.000637586 0.0333689 0.211102 0.161869 0.0425312 0.210004 0.194188 0.0481188 0.0610449 0.0213512 0.00978956 0.00361156 0.00153842 0.000619951 0.000153095 4.23312e-05 2.17033e-05 6.99698e-06
 2.56239e-27 2.58617e-27 3.10121e-26 6.00225e-20 1.47138e-14 4.35996e-10 1.56166e-06 0.000676141 0.0353868 0.223867 0.171614 0.0423672 0.201909 0.186596 0.0445282 0.0548433 0.0206452 0.0116116 0.00404459 0.00134317 0.000409761 0.00012456 2.40663e-05 6.31753e-06 1.70152e-06
 2.56296e-27 2.58752e-27 3.20288e-26 6.21665e-20 1.52394e-14 4.51569e-10 1.61745e-06 0.000700292 0.0366508 0.231863 0.177738 0.0435098 0.206301 0.190359 0.0399716 0.0434235 0.0159536 0.00853449 0.00333672 0.00125358 0.000313134 7.2269e-05 1.44018e-05 2.09951e-06 3.58818e-07
 2.56243e-27 2.58612e-27 3.08258e-26 5.96288e-20 1.46173e-14 4.33136e-10 1.55142e-06 0.000671706 0.0351547 0.222399 0.170511 0.0435079 0.211365 0.195153 0.0430329 0.0491575 0.0170574 0.00765852 0.00285856 0.00108422 0.000312929 6.34298e-05 9.78285e-06 1.15061e-06 1.04407e-07
 2.56311e-27 2.58788e-27 3.22791e-26 6.26942e-20 1.53687e-14 4.55403e-10 1.63118e-06 0.000706238 0.0369619 0.233832 0.179248 0.0439195 0.208359 0.192192 0.0391375 0.0410104 0.0144613 0.00681967 0.00232079 0.000760636 0.00021452 4.79629e-05 6.6378e-06 5.98455e-07 3.48378e-08
 2.56469e-27 2.59204e-27 3.58627e-26 7.02539e-20 1.72219e-14 5.10315e-10 1.82786e-06 0.000791395 0.0414188 0.262027 0.200773 0.0436638 0.19129 0.176291 0.0336098 0.0323502 0.0109716 0.0045602 0.00157834 0.000517514 0.000125572 2.64278e-05 3.86484e-06 3.04632e-07 1.27583e-08
 2.56357e-27 2.5889e-27 3.29705e-26 6.41521e-20 1.57261e-14 4.65993e-10 1.66911e-06 0.00072266 0.0378214 0.239269 0.183424 0.0454372 0.216974 0.199802 0.0343443 0.0280769 0.00922008 0.00339232 0.00108977 0.000327078 7.98199e-05 1.50034e-05 2.02801e-06 1.61216e-07 5.64742e-09
 2.56401e-27 2.59014e-27 3.41207e-26 6.65786e-20 1.6321e-14 4.83619e-10 1.73224e-06 0.000749995 0.039252 0.248319 0.190321 0.0446074 0.205814 0.189636 0.0349635 0.0320274 0.0100952 0.00301278 0.000897352 0.000238708 5.24228e-05 9.48785e-06 1.16462e-06 8.58804e-08 2.8917e-09
 2.56566e-27 2.59456e-27 3.7968e-26 7.46947e-20 1.83105e-14 5.42573e-10 1.94341e-06 0.00084142 0.0440369 0.27859 0.213426 0.0440088 0.185026 0.170319 0.0291082 0.0235414 0.0076035 0.00258127 0.00072206 0.000158732 3.06481e-05 4.89528e-06 5.58483e-07 3.74485e-08 1.17542e-09
 2.56418e-27 2.59042e-27 3.42024e-26 6.67504e-20 1.63631e-14 4.84867e-10 1.73671e-06 0.00075193 0.0393533 0.24896 0.190832 0.045969 0.215817 0.198548 0.0307684 0.0202021 0.00629832 0.00182399 0.000524852 0.000125031 2.08712e-05 2.78741e-06 2.75247e-07 1.67724e-08 4.79254e-10
 2.56201e-27 2.5846e-27 2.913e-26 5.60501e-20 1.374e-14 4.07141e-10 1.45831e-06 0.000631393 0.0330448 0.209051 0.160372 0.0468241 0.243725 0.224472 0.0384437 0.0311675 0.00940848 0.0021501 0.000564886 0.000119714 2.1137e-05 2.64586e-06 2.13223e-07 1.10537e-08 2.8348e-10
 2.5632e-27 2.58791e-27 3.21178e-26 6.23534e-20 1.52852e-14 4.52927e-10 1.62231e-06 0.000702398 0.036761 0.232561 0.178301 0.0454546 0.220706 0.203327 0.0364552 0.0319785 0.0100128 0.0028667 0.00072699 0.000123603 1.90848e-05 2.33521e-06 1.80517e-07 7.67625e-09 1.65946e-10
 2.56381e-27 2.58952e-27 3.34856e-26 6.52387e-20 1.59925e-14 4.73886e-10 1.69738e-06 0.0007349 0.038462 0.243322 0.186519 0.0455003 0.21528 0.198206 0.0334788 0.026485 0.00843277 0.00267397 0.000733102 0.000148008 2.01574e-05 2.027e-06 1.46014e-07 5.85527e-09 1.05065e-10
 2.56414e-27 2.59032e-27 3.41167e-26 6.65697e-20 1.63188e-14 4.83554e-10 1.73201e-06 0.000749894 0.0392468 0.248286 0.190317 0.045969 0.216178 0.19889 0.0309887 0.0206154 0.0063771 0.00175953 0.000490553 0.000109962 1.7234e-05 1.74796e-06 1.03034e-07 3.71427e-09 6.13979e-11
 2.56487e-27 2.59228e-27 3.58424e-26 7.02101e-20 1.72112e-14 5.09997e-10 1.82673e-06 0.000790902 0.041393 0.261864 0.200678 0.045553 0.205733 0.189237 0.0290127 0.0185268 0.00555722 0.00125178 0.000323066 6.51441e-05 1.08647e-05 1.25891e-06 7.83377e-08 2.39793e-09 3.48429e-11
 2.56387e-27 2.58951e-27 3.33055e-26 6.4858e-20 1.58992e-14 4.7112e-10 1.68747e-06 0.000730612 0.0382376 0.241902 0.185459 0.0469827 0.227306 0.208987 0.029671 0.015053 0.00445557 0.000942264 0.000227231 3.79176e-05 5.6288e-06 6.46589e-07 4.54668e-08 1.47818e-09 1.89181e-11
 2.5656e-27 2.59426e-27 3.75595e-26 7.38324e-20 1.80991e-14 5.3631e-10 1.92097e-06 0.000831707 0.0435285 0.275374 0.21099 0.0452628 0.19628 0.180467 0.0266267 0.0152829 0.00442191 0.000737291 0.00016655 2.58422e-05 3.32287e-06 3.22023e-07 2.1673e-08 7.76326e-10 1.0506e-11
 2.56495e-27 2.59247e-27 3.59702e-26 7.04797e-20 1.72772e-14 5.11956e-10 1.83374e-06 0.000793939 0.0415519 0.262869 0.20145 0.0458088 0.207137 0.190467 0.028054 0.0160245 0.00470617 0.000905354 0.000200759 2.51459e-05 2.94333e-06 2.50482e-07 1.40094e-08 4.69714e-10 6.82388e-12
 2.56535e-27 2.5935e-27 3.68376e-26 7.23092e-20 1.77257e-14 5.25245e-10 1.88134e-06 0.000814548 0.0426305 0.269693 0.206663 0.0459733 0.204726 0.188141 0.0257943 0.0114568 0.00332753 0.000616632 0.00013967 1.95834e-05 2.08397e-06 1.47861e-07 7.19485e-09 2.01042e-10 2.69874e-12
 2.56633e-27 2.5962e-27 3.92471e-26 7.73924e-20 1.89718e-14 5.62169e-10 2.0136e-06 0.00087181 0.0456274 0.288652 0.221125 0.0450303 0.18739 0.172198 0.0239765 0.0113201 0.00322107 0.000471132 9.98316e-05 1.36365e-05 1.53895e-06 1.10795e-07 4.51798e-09 1.064e-10 1.19764e-12
 2.56619e-27 2.59578e-27 3.88362e-26 7.65254e-20 1.87593e-14 5.55871e-10 1.99104e-06 0.000862043 0.0451162 0.285418 0.218663 0.0454799 0.192541 0.176872 0.0233603 0.00874072 0.00247813 0.000379345 7.78883e-05 8.58605e-06 8.99236e-07 6.56457e-08 2.77085e-09 5.70491e-11 5.3149e-13
 2.56482e-27 2.59204e-27 3.55141e-26 6.95172e-20 1.70413e-14 5.04964e-10 1.8087e-06 0.000783096 0.0409844 0.259279 0.198722 0.0466008 0.215081 0.197646 0.0265739 0.010835 0.00303212 0.000378137 7.34452e-05 8.33325e-06 7.87064e-07 4.83311e-08 1.99268e-09 4.19676e-11 3.53685e-13
 2.56478e-27 2.59192e-27 3.53889e-26 6.92529e-20 1.69765e-14 5.03044e-10 1.80182e-06 0.00078012 0.0408286 0.258294 0.197972 0.0467728 0.216917 0.199307 0.0262641 0.00971203 0.00271852 0.000356582 6.82259e-05 6.43728e-06 5.79862e-07 3.43122e-08 1.19788e-09 2.34514e-11 1.9859e-13
 2.56496e-27 2.59242e-27 3.58611e-26 7.02492e-20 1.72208e-14 5.10282e-10 1.82774e-06 0.000791343 0.041416 0.26201 0.200803 0.0463983 0.212078 0.194899 0.0265242 0.0114126 0.00319481 0.000389891 7.33006e-05 7.186e-06 6.02837e-07 3.07921e-08 1.02569e-09 1.7581e-11 1.34431e-13
#obs surv len freq
 1.08316e-41 1.50336e-33 2.52219e-26 5.11495e-20 1.25387e-14 3.71545e-10 1.33081e-06 0.000576196 0.0301558 0.190775 0.146384 0.0401779 0.173517 0.14682 0.103893 0.101799 0.0441673 0.0173086 0.0039082 0.000490809 2.51999e-05 3.83197e-07 1.2987e-09 7.99875e-13 7.8424e-17
 1.5998e-41 2.22041e-33 3.7252e-26 7.55463e-20 1.85193e-14 5.4876e-10 1.96557e-06 0.000851024 0.0445392 0.281768 0.215879 0.0405846 0.126391 0.102093 0.0764541 0.0692994 0.0292825 0.0104938 0.00212302 0.000228615 9.58618e-06 1.12889e-07 2.84285e-10 1.26824e-13 8.87954e-18
 1.53833e-41 2.13511e-33 3.58208e-26 7.2644e-20 1.78078e-14 5.27678e-10 1.89006e-06 0.000818329 0.0428281 0.270944 0.207846 0.0500518 0.176814 0.128836 0.0562005 0.0422929 0.0168774 0.00543187 0.000967703 8.74893e-05 2.94108e-06 2.66154e-08 4.97851e-11 1.61146e-14 8.06961e-19
 1.07547e-41 1.49268e-33 2.50428e-26 5.07862e-20 1.24496e-14 3.68906e-10 1.32136e-06 0.000572104 0.0299416 0.189422 0.145826 0.0564219 0.229939 0.162945 0.0982882 0.0660797 0.0160296 0.00389117 0.000597633 4.46572e-05 1.18224e-06 8.11142e-09 1.1209e-11 2.63278e-15 9.45022e-20
 1.50028e-41 2.08229e-33 3.49347e-26 7.08468e-20 1.73673e-14 5.14624e-10 1.8433e-06 0.000798084 0.0417686 0.264241 0.202761 0.0472238 0.142382 0.104305 0.104196 0.0692782 0.0191227 0.00356967 0.000332251 1.8679e-05 3.81888e-07 1.95892e-09 1.9799e-12 3.35777e-16 8.63067e-21
 1.19736e-41 1.66185e-33 2.7881e-26 5.65422e-20 1.38607e-14 4.10717e-10 1.47112e-06 0.000636944 0.0333351 0.210891 0.162576 0.0648321 0.230695 0.143846 0.0790229 0.0504176 0.0195689 0.00385885 0.000306559 1.05399e-05 1.43005e-07 5.3112e-10 3.88225e-13 4.717e-17 8.63757e-22
 1.37773e-41 1.91219e-33 3.2081e-26 6.50597e-20 1.59486e-14 4.72587e-10 1.69273e-06 0.000732893 0.0383567 0.242659 0.186715 0.0579274 0.175023 0.116507 0.109547 0.0568714 0.0128932 0.0025296 0.000228585 6.61236e-06 5.66547e-08 1.31044e-10 6.52448e-14 5.5831e-18 7.22844e-23
 1.19458e-41 1.65799e-33 2.78163e-26 5.64109e-20 1.38285e-14 4.09763e-10 1.4677e-06 0.000635465 0.0332577 0.210404 0.162649 0.0721476 0.226807 0.133197 0.0940025 0.0496997 0.0149453 0.00210912 0.000140366 3.98821e-06 2.87568e-08 4.42205e-11 1.35577e-14 7.47768e-19 6.56712e-24
 1.51134e-41 2.09764e-33 3.51922e-26 7.13691e-20 1.74953e-14 5.18417e-10 1.85689e-06 0.000803968 0.0420765 0.266193 0.205072 0.0643867 0.166967 0.104114 0.096636 0.042505 0.00974332 0.00141469 8.33808e-05 1.67952e-06 1.00452e-08 1.2711e-11 2.78651e-15 9.91197e-20 5.49821e-25
 1.51553e-41 2.10346e-33 3.52898e-26 7.15671e-20 1.75438e-14 5.19856e-10 1.86204e-06 0.000806199 0.0421932 0.266935 0.206259 0.077925 0.198465 0.103853 0.0666558 0.0288152 0.00722717 0.000821514 4.02943e-05 6.90742e-07 3.00131e-09 2.82462e-12 4.83606e-16 1.2963e-20 5.04619e-26
 1.09961e-41 1.52618e-33 2.56049e-26 5.19262e-20 1.27291e-14 3.77187e-10 1.35102e-06 0.000584945 0.0306137 0.193687 0.151401 0.0972596 0.258236 0.135925 0.094752 0.0315502 0.00540358 0.000561869 2.33076e-05 3.06175e-07 1.04286e-09 7.2291e-13 8.80266e-17 1.72137e-21 4.99353e-27
 1.66882e-41 2.31621e-33 3.88593e-26 7.88059e-20 1.93183e-14 5.72438e-10 2.05038e-06 0.000887743 0.0464609 0.293936 0.226944 0.0712622 0.144621 0.0937789 0.0890544 0.0282371 0.00448128 0.00032506 9.87497e-06 1.03759e-07 2.64916e-10 1.35885e-13 1.21331e-17 1.69281e-22 3.46098e-28
 1.33621e-41 1.85458e-33 3.11144e-26 6.30994e-20 1.54681e-14 4.58347e-10 1.64173e-06 0.00071081 0.037201 0.235369 0.184409 0.110657 0.243218 0.106715 0.0573036 0.0202182 0.00393129 0.00025928 5.86535e-06 4.18368e-08 7.76633e-11 2.92758e-14 1.88624e-18 1.89225e-23 2.77309e-29
 1.1192e-41 1.55338e-33 2.60612e-26 5.28516e-20 1.29559e-14 3.83908e-10 1.3751e-06 0.00059537 0.0311593 0.197154 0.155812 0.111895 0.235174 0.137675 0.103593 0.0238309 0.00290548 0.000200213 4.44094e-06 2.43795e-08 3.0622e-11 7.84338e-15 3.56512e-19 2.55042e-24 2.65643e-30
 8.74525e-42 1.21378e-33 2.03637e-26 4.12972e-20 1.01235e-14 2.99979e-10 1.07448e-06 0.000465211 0.0243473 0.154072 0.124183 0.123425 0.249266 0.159943 0.124688 0.0347265 0.0046742 0.000205074 3.46046e-06 1.72966e-08 1.75705e-11 3.18402e-15 9.71092e-20 4.69224e-25 3.37661e-31
 1.4138e-41 1.96226e-33 3.2921e-26 6.67631e-20 1.63662e-14 4.8496e-10 1.73705e-06 0.000752082 0.039361 0.249045 0.195229 0.0945819 0.159843 0.126552 0.101681 0.028679 0.0040799 0.000191603 2.55803e-06 8.7195e-09 6.91372e-12 1.01184e-15 2.33171e-20 7.94549e-26 3.8874e-32
 9.73607e-42 1.3513e-33 2.26709e-26 4.59761e-20 1.12705e-14 3.33966e-10 1.19621e-06 0.000517918 0.0271058 0.171565 0.141468 0.162103 0.272801 0.126387 0.072389 0.0223037 0.00320644 0.000149193 1.95447e-06 5.65437e-09 3.18399e-12 3.26121e-16 5.59697e-21 1.45499e-26 5.32282e-33
 1.43662e-41 1.99394e-33 3.34525e-26 6.7841e-20 1.66304e-14 4.9279e-10 1.76509e-06 0.000764224 0.0399965 0.253091 0.200313 0.107842 0.161201 0.135874 0.0839544 0.0152338 0.0016529 7.49944e-05 9.21823e-07 2.42201e-09 1.16109e-12 9.10243e-17 1.10164e-21 1.9885e-27 5.17909e-34
 9.98171e-42 1.3854e-33 2.32429e-26 4.71361e-20 1.15549e-14 3.42392e-10 1.22639e-06 0.000530985 0.0277898 0.175951 0.148777 0.183284 0.260995 0.121798 0.0630912 0.0162219 0.00151611 4.43916e-05 4.42004e-07 1.01692e-09 4.17045e-13 2.71357e-17 2.6125e-22 3.55575e-28 6.65494e-35
 1.28637e-41 1.7854e-33 2.99538e-26 6.07457e-20 1.48911e-14 4.4125e-10 1.58049e-06 0.000684296 0.0358135 0.226685 0.183984 0.132263 0.181319 0.152593 0.0742584 0.011404 0.000966198 2.78087e-05 1.96442e-07 3.19329e-10 1.02947e-13 5.42304e-18 4.18955e-23 4.50446e-29 6.53516e-36
 1.41455e-41 1.96331e-33 3.29385e-26 6.67986e-20 1.63749e-14 4.85218e-10 1.73797e-06 0.000752482 0.0393822 0.249321 0.205028 0.15928 0.187253 0.101212 0.0474861 0.00962755 0.000644035 1.31195e-05 7.87546e-08 9.87415e-11 2.20687e-14 8.24631e-19 4.76055e-24 3.925e-30 4.38526e-37
 1.13078e-41 1.56944e-33 2.63307e-26 5.33981e-20 1.30899e-14 3.87878e-10 1.38932e-06 0.000601526 0.0314819 0.199446 0.173012 0.197061 0.22553 0.122097 0.0440967 0.00625575 0.000408965 7.73583e-06 3.3711e-08 3.13275e-11 5.37012e-15 1.46227e-19 5.88152e-25 3.37835e-31 2.69305e-38
 1.37527e-41 1.90878e-33 3.20237e-26 6.49435e-20 1.59201e-14 4.71742e-10 1.6897e-06 0.000731584 0.0382887 0.242493 0.20303 0.160072 0.178985 0.126736 0.0440871 0.00532357 0.000248449 3.68466e-06 1.38499e-08 9.97799e-12 1.22399e-15 2.40808e-20 7.10928e-26 2.96071e-32 1.67104e-39
 1.35242e-41 1.87708e-33 3.14918e-26 6.38648e-20 1.56557e-14 4.63907e-10 1.66164e-06 0.000719433 0.0376531 0.238614 0.206672 0.193845 0.188181 0.0973663 0.0325141 0.00425901 0.000172422 1.86978e-06 5.03396e-09 2.79744e-12 2.67683e-16 3.91082e-21 8.23946e-27 2.43087e-33 9.80389e-41
 1.18595e-41 1.64602e-33 2.76155e-26 5.60037e-20 1.37286e-14 4.06805e-10 1.45711e-06 0.000630878 0.0330189 0.20945 0.190171 0.214093 0.206916 0.113012 0.0296729 0.00292492 0.000108297 1.0441e-06 2.13093e-09 8.29625e-13 5.63874e-17 6.07299e-22 9.55927e-28 2.08027e-34 6.05516e-42
 1.06425e-41 1.47711e-33 2.47816e-26 5.02567e-20 1.23198e-14 3.65059e-10 1.30758e-06 0.000566139 0.0296312 0.18817 0.178194 0.221032 0.217333 0.129786 0.0324141 0.00279486 7.66995e-05 5.74955e-07 9.71297e-10 2.96453e-13 1.4596e-17 1.09602e-22 1.2045e-28 1.86367e-35 3.92221e-43
 1.0473e-41 1.45358e-33 2.43868e-26 4.94559e-20 1.21235e-14 3.59242e-10 1.28675e-06 0.000557118 0.0291598 0.185342 0.179323 0.220953 0.216889 0.132634 0.0323758 0.00270015 6.35748e-05 3.62488e-07 4.45649e-10 1.02731e-13 3.89398e-18 2.20014e-23 1.75292e-29 1.91172e-36 2.80103e-44
 1.26682e-41 1.75826e-33 2.94984e-26 5.98222e-20 1.46647e-14 4.34542e-10 1.55646e-06 0.000673894 0.0352711 0.223902 0.204424 0.199996 0.192612 0.113431 0.0273687 0.00226656 5.20239e-05 2.73426e-07 2.84071e-10 5.21994e-14 1.5655e-18 7.14894e-24 4.68959e-30 4.22368e-37 5.06116e-45
#pred catch len freq
 2.55663e-27 2.57059e-27 1.74377e-26 3.1387e-20 7.69414e-15 2.27991e-10 8.16626e-07 0.000353568 0.0185045 0.117065 0.0900941 0.0443889 0.274566 0.253578 0.0549285 0.0618665 0.0253396 0.0178862 0.0106423 0.00790855 0.00613195 0.00528071 0.00530439 0.00471771 0.00144234
 2.55887e-27 2.57726e-27 2.38138e-26 4.48395e-20 1.09919e-14 3.25708e-10 1.16663e-06 0.000505108 0.0264355 0.167239 0.128313 0.0385623 0.203376 0.189138 0.0664139 0.104201 0.0368756 0.0176932 0.00794511 0.00446398 0.00279741 0.00205109 0.00182206 0.00162241 0.000543949
 2.56153e-27 2.58394e-27 2.91492e-26 5.60929e-20 1.37505e-14 4.07452e-10 1.45943e-06 0.000631875 0.0330701 0.209211 0.16042 0.0422026 0.20852 0.192632 0.0443232 0.0531184 0.0241591 0.0193715 0.00701183 0.00261926 0.00112065 0.000621354 0.000454008 0.000379753 0.000131935
 2.55992e-27 2.57936e-27 2.49038e-26 4.7136e-20 1.15548e-14 3.4239e-10 1.22638e-06 0.000530977 0.0277894 0.175804 0.134955 0.0449201 0.247093 0.228107 0.0485367 0.0534814 0.0194069 0.0102782 0.00531223 0.00257224 0.000720397 0.000244755 0.000125729 9.01644e-05 3.10273e-05
 2.55967e-27 2.57887e-27 2.46455e-26 4.65919e-20 1.14214e-14 3.38438e-10 1.21223e-06 0.000524848 0.0274687 0.173775 0.133381 0.0434128 0.236728 0.218955 0.0544265 0.0692207 0.0242106 0.0110994 0.00409475 0.00174423 0.000702889 0.000173577 4.79943e-05 2.46068e-05 7.93305e-06
 2.56069e-27 2.5816e-27 2.70169e-26 5.15944e-20 1.26478e-14 3.74775e-10 1.34238e-06 0.0005812 0.0304179 0.192433 0.147624 0.0431518 0.224735 0.207733 0.0496054 0.0611317 0.0230109 0.01294 0.00450721 0.00149679 0.000456625 0.000138806 2.68187e-05 7.04005e-06 1.89612e-06
 2.56099e-27 2.58221e-27 2.7369e-26 5.23365e-20 1.28297e-14 3.80166e-10 1.36169e-06 0.00058956 0.0308555 0.195201 0.14976 0.0445934 0.234204 0.216161 0.0454847 0.0495274 0.0181959 0.00973279 0.00380517 0.00142956 0.000357093 8.24144e-05 1.64236e-05 2.39425e-06 4.0919e-07
 2.561e-27 2.58228e-27 2.74545e-26 5.2517e-20 1.28739e-14 3.81477e-10 1.36639e-06 0.000591593 0.0309618 0.195874 0.150269 0.0442918 0.231552 0.213824 0.047108 0.0537644 0.0186545 0.00837358 0.00312538 0.00118541 0.000342134 6.93496e-05 1.06959e-05 1.25799e-06 1.14152e-07
 2.56187e-27 2.5845e-27 2.93082e-26 5.6427e-20 1.38324e-14 4.09879e-10 1.46812e-06 0.000635638 0.033267 0.210457 0.161411 0.0446851 0.226717 0.209154 0.0425167 0.0444582 0.0156753 0.00739016 0.00251487 0.000824236 0.000232457 5.19732e-05 7.1928e-06 6.48493e-07 3.77506e-08
 2.56358e-27 2.58904e-27 3.32091e-26 6.46558e-20 1.58496e-14 4.69652e-10 1.68221e-06 0.000728335 0.0381184 0.241148 0.184842 0.0444081 0.208147 0.191853 0.0364936 0.0350158 0.0118741 0.0049338 0.00170759 0.000559887 0.000135853 2.85916e-05 4.18128e-06 3.29575e-07 1.3803e-08
 2.56254e-27 2.58609e-27 3.048e-26 5.88983e-20 1.44382e-14 4.2783e-10 1.53241e-06 0.000663477 0.034724 0.219674 0.168473 0.0462101 0.23336 0.214914 0.0368622 0.0300182 0.0098562 0.0036252 0.00116453 0.000349514 8.5295e-05 1.60325e-05 2.16712e-06 1.72274e-07 6.03479e-09
 2.5632e-27 2.58794e-27 3.21695e-26 6.24626e-20 1.5312e-14 4.53721e-10 1.62515e-06 0.000703628 0.0368254 0.232968 0.178608 0.0451975 0.218534 0.201372 0.0370029 0.0337255 0.0106289 0.00317088 0.000944393 0.000251219 5.51701e-05 9.98507e-06 1.22565e-06 9.03811e-08 3.04324e-09
 2.56503e-27 2.59284e-27 3.64387e-26 7.14685e-20 1.75196e-14 5.19138e-10 1.85947e-06 0.000805078 0.0421349 0.266557 0.204246 0.0445023 0.195231 0.179727 0.0306074 0.0245934 0.00794174 0.00269502 0.000753842 0.000165716 3.19965e-05 5.11067e-06 5.83056e-07 3.90962e-08 1.22714e-09
 2.56344e-27 2.58842e-27 3.24277e-26 6.30065e-20 1.54453e-14 4.57672e-10 1.6393e-06 0.000709755 0.037146 0.234997 0.180179 0.0465767 0.227926 0.209704 0.0324126 0.0211441 0.00659065 0.00190791 0.000548968 0.000130774 2.18299e-05 2.91544e-06 2.8789e-07 1.75428e-08 5.01267e-10
 2.56161e-27 2.58352e-27 2.81658e-26 5.40161e-20 1.32414e-14 3.92366e-10 1.40539e-06 0.00060848 0.0318456 0.201465 0.154584 0.0471614 0.250358 0.230581 0.0393204 0.0316287 0.00954586 0.00218052 0.000572834 0.000121396 2.1434e-05 2.68303e-06 2.16219e-07 1.1209e-08 2.87464e-10
 2.56272e-27 2.5866e-27 3.09544e-26 5.98991e-20 1.46835e-14 4.35099e-10 1.55845e-06 0.000674751 0.035314 0.223407 0.171318 0.0458374 0.228526 0.210535 0.0375817 0.0327337 0.0102473 0.00293258 0.000743654 0.000126434 1.95219e-05 2.3887e-06 1.84651e-07 7.85206e-09 1.69747e-10
 2.56366e-27 2.58911e-27 3.31187e-26 6.44647e-20 1.58027e-14 4.68263e-10 1.67724e-06 0.000726181 0.0380057 0.240435 0.184317 0.0456548 0.218003 0.200708 0.0337327 0.0264339 0.00841434 0.00266684 0.000731101 0.000147601 2.0102e-05 2.02143e-06 1.45613e-07 5.83917e-09 1.04777e-10
 2.56406e-27 2.5901e-27 3.39153e-26 6.61449e-20 1.62146e-14 4.80468e-10 1.72096e-06 0.000745109 0.0389963 0.246702 0.189109 0.0460687 0.217786 0.200365 0.0310826 0.0204583 0.00632657 0.00174472 0.000486387 0.000109027 1.70873e-05 1.73309e-06 1.02157e-07 3.68266e-09 6.08755e-11
 2.56513e-27 2.59299e-27 3.64647e-26 7.1523e-20 1.7533e-14 5.19534e-10 1.86088e-06 0.000805691 0.042167 0.26676 0.204415 0.0453786 0.201781 0.185587 0.0283127 0.0178491 0.00535209 0.00120491 0.00031094 6.26977e-05 1.04566e-05 1.21163e-06 7.53956e-08 2.30788e-09 3.35343e-11
 2.56415e-27 2.59026e-27 3.39743e-26 6.6269e-20 1.62451e-14 4.8137e-10 1.72419e-06 0.000746507 0.0390695 0.247165 0.189474 0.046775 0.222904 0.204927 0.02898 0.0144993 0.00428978 0.000906702 0.000218632 3.64821e-05 5.41568e-06 6.22107e-07 4.37453e-08 1.42222e-09 1.82018e-11
 2.56544e-27 2.59382e-27 3.71668e-26 7.3004e-20 1.78961e-14 5.30292e-10 1.89942e-06 0.000822375 0.0430402 0.272284 0.208633 0.0454212 0.199141 0.183098 0.0269182 0.0152852 0.00442125 0.000736832 0.000166426 2.58226e-05 3.32034e-06 3.21777e-07 2.16565e-08 7.75734e-10 1.0498e-11
 2.56547e-27 2.59388e-27 3.7224e-26 7.31246e-20 1.79256e-14 5.31168e-10 1.90255e-06 0.000823733 0.0431112 0.272734 0.208976 0.0454083 0.198802 0.182781 0.0267904 0.015078 0.00442632 0.000851024 0.000188689 2.36336e-05 2.7663e-06 2.35416e-07 1.31668e-08 4.41462e-10 6.41344e-12
 2.56569e-27 2.59444e-27 3.76654e-26 7.40557e-20 1.81539e-14 5.37932e-10 1.92678e-06 0.000834222 0.0436602 0.276207 0.211633 0.0456965 0.199129 0.182982 0.0249983 0.0109405 0.00317592 0.00058821 0.000133216 1.86782e-05 1.98762e-06 1.41025e-07 6.86222e-09 1.91747e-10 2.57398e-12
 2.56686e-27 2.59765e-27 4.05352e-26 8.01099e-20 1.9638e-14 5.81909e-10 2.0843e-06 0.000902422 0.0472295 0.298787 0.228857 0.0445919 0.178621 0.164118 0.0227585 0.0105772 0.00300818 0.000439746 9.31657e-05 1.27257e-05 1.43616e-06 1.03394e-07 4.2162e-09 9.92925e-11 1.11764e-12
 2.56662e-27 2.59696e-27 3.98899e-26 7.87484e-20 1.93042e-14 5.72018e-10 2.04887e-06 0.000887084 0.0464268 0.293709 0.224988 0.0451082 0.185269 0.170174 0.0224064 0.00825181 0.00233802 0.000357699 7.34328e-05 8.09474e-06 8.47774e-07 6.18889e-08 2.61228e-09 5.37843e-11 5.01074e-13
 2.56572e-27 2.59449e-27 3.76937e-26 7.41153e-20 1.81685e-14 5.38364e-10 1.92833e-06 0.000834894 0.0436953 0.276429 0.211805 0.0458276 0.200006 0.183762 0.0246106 0.00985396 0.00275576 0.000343474 6.66988e-05 7.56763e-06 7.14748e-07 4.38904e-08 1.80959e-09 3.81115e-11 3.21188e-13
 2.56544e-27 2.59372e-27 3.69925e-26 7.26361e-20 1.78059e-14 5.27619e-10 1.88984e-06 0.00081823 0.0428232 0.270912 0.207598 0.0462001 0.205796 0.189066 0.0248327 0.00902641 0.00252486 0.000330995 6.33184e-05 5.97412e-06 5.38137e-07 3.18432e-08 1.11169e-09 2.17639e-11 1.84301e-13
 2.56564e-27 2.59429e-27 3.75231e-26 7.37555e-20 1.80803e-14 5.3575e-10 1.91897e-06 0.00083084 0.0434832 0.275087 0.21078 0.0458185 0.200657 0.184378 0.0249952 0.010575 0.00295862 0.000360868 6.78304e-05 6.64959e-06 5.57834e-07 2.84934e-08 9.49117e-10 1.62685e-11 1.24395e-13
#obs catch len freq
 5.0243e-42 6.9734e-34 1.16993e-26 2.3726e-20 5.81614e-15 1.72343e-10 6.17305e-07 0.000267272 0.0139879 0.0884929 0.0682977 0.0399448 0.218902 0.186787 0.143463 0.143 0.0641289 0.0258576 0.00604472 0.000783796 4.18386e-05 6.64692e-07 2.35036e-09 1.50311e-12 1.52202e-16
 5.68783e-42 7.89433e-34 1.32444e-26 2.68593e-20 6.58425e-15 1.95103e-10 6.98829e-07 0.000302569 0.0158352 0.10018 0.0773325 0.0436799 0.223521 0.181865 0.143367 0.131321 0.0567571 0.0209044 0.00441607 0.000495524 2.15705e-05 2.63653e-07 6.89024e-10 3.18164e-13 2.29689e-17
 1.08392e-41 1.50441e-33 2.52396e-26 5.11854e-20 1.25475e-14 3.71805e-10 1.33175e-06 0.0005766 0.0301769 0.190909 0.146656 0.0450126 0.180441 0.140024 0.11393 0.0959175 0.0401471 0.013435 0.00252344 0.000240646 8.47049e-06 7.95249e-08 1.53622e-10 5.12308e-14 2.63692e-18
 1.11462e-41 1.54702e-33 2.59544e-26 5.2635e-20 1.29028e-14 3.82335e-10 1.36946e-06 0.000592929 0.0310316 0.196317 0.151135 0.0585262 0.238486 0.16461 0.0765738 0.0540166 0.021235 0.0063482 0.00104147 8.26392e-05 2.31134e-06 1.65556e-08 2.36404e-11 5.70406e-15 2.09672e-19
 7.84348e-42 1.08862e-33 1.82639e-26 3.70389e-20 9.07964e-15 2.69046e-10 9.6368e-07 0.00041724 0.0218367 0.138149 0.106979 0.0647456 0.273556 0.18448 0.11688 0.0715864 0.0169182 0.00387136 0.000543615 3.53235e-05 7.71466e-07 4.16326e-09 4.37324e-12 7.6368e-16 2.00913e-20
 1.25181e-41 1.73742e-33 2.91489e-26 5.91133e-20 1.44909e-14 4.29393e-10 1.53802e-06 0.000665908 0.034851 0.22048 0.16958 0.0529543 0.173132 0.122692 0.125759 0.0759354 0.0202207 0.00342028 0.000293625 1.43885e-05 2.40898e-07 9.6647e-10 7.39823e-13 9.30646e-17 1.75069e-21
 1.03581e-41 1.43764e-33 2.41194e-26 4.89136e-20 1.19906e-14 3.55303e-10 1.27264e-06 0.000551008 0.0288376 0.18244 0.141226 0.0735237 0.259484 0.153316 0.0865402 0.0514431 0.0190416 0.00335064 0.000236845 7.04204e-06 7.87863e-08 2.28274e-10 1.25992e-13 1.1332e-17 1.5167e-22
 1.2761e-41 1.77114e-33 2.97146e-26 6.02606e-20 1.47722e-14 4.37727e-10 1.56787e-06 0.000678832 0.0355273 0.224761 0.173359 0.0643754 0.192442 0.123865 0.116289 0.0544341 0.0119457 0.00214717 0.000168536 4.08853e-06 2.85551e-08 5.17741e-11 1.94816e-14 1.23255e-18 1.16514e-23
 1.14831e-41 1.59378e-33 2.67389e-26 5.4226e-20 1.32929e-14 3.93892e-10 1.41086e-06 0.000610853 0.0319696 0.202257 0.156838 0.0797088 0.238894 0.13416 0.0946574 0.0461589 0.0130094 0.00163449 9.71783e-05 2.29507e-06 1.318e-08 1.57334e-11 3.65178e-15 1.49156e-19 9.56056e-25
 1.51091e-41 2.09705e-33 3.51823e-26 7.13491e-20 1.74904e-14 5.18272e-10 1.85637e-06 0.000803742 0.0420647 0.266121 0.205338 0.0696232 0.171479 0.103889 0.0939086 0.0374982 0.00815893 0.00105851 5.37636e-05 9.0514e-07 4.31335e-09 4.18836e-12 6.90752e-16 1.8206e-20 7.38458e-26
 1.5501e-41 2.15144e-33 3.60948e-26 7.31995e-20 1.7944e-14 5.31714e-10 1.90451e-06 0.000824588 0.0431557 0.273027 0.211295 0.0830906 0.196931 0.0985551 0.06206 0.024727 0.00573116 0.000576266 2.45174e-05 3.44885e-07 1.18667e-09 8.5751e-13 1.09997e-16 2.17765e-21 6.20292e-27
 1.15687e-41 1.60566e-33 2.69382e-26 5.46302e-20 1.3392e-14 3.96828e-10 1.42137e-06 0.000615406 0.0322079 0.203776 0.159678 0.103984 0.25395 0.128847 0.0863868 0.025985 0.0041702 0.000383852 1.35491e-05 1.45801e-07 3.90618e-10 2.06652e-13 1.88259e-17 2.71384e-22 5.74679e-28
 1.72956e-41 2.40052e-33 4.02737e-26 8.16742e-20 2.00215e-14 5.93273e-10 2.12501e-06 0.000920054 0.048152 0.304637 0.235464 0.0748364 0.14023 0.0898691 0.0795375 0.0228229 0.00331379 0.000210381 5.48328e-06 4.67788e-08 9.342e-11 3.64672e-14 2.42864e-18 2.49409e-23 3.7188e-29
 1.39886e-41 1.94152e-33 3.25731e-26 6.60575e-20 1.61932e-14 4.79835e-10 1.71869e-06 0.000744134 0.038945 0.246409 0.193544 0.116618 0.234584 0.0985634 0.0509286 0.0166206 0.00287599 0.000163179 3.1108e-06 1.80266e-08 2.6151e-11 7.47456e-15 3.58445e-19 2.64271e-24 2.82144e-30
 1.18847e-41 1.64951e-33 2.7674e-26 5.61223e-20 1.37577e-14 4.07666e-10 1.46019e-06 0.000632214 0.0330876 0.209362 0.165976 0.118687 0.228567 0.131741 0.0909093 0.0187944 0.00211452 0.000125847 2.29604e-06 1.00806e-08 9.85727e-12 1.91503e-15 6.47164e-20 3.3979e-25 2.57602e-31
 9.43632e-42 1.3097e-33 2.19729e-26 4.45607e-20 1.09235e-14 3.23684e-10 1.15938e-06 0.000501973 0.0262713 0.166256 0.134599 0.131777 0.243978 0.154973 0.110202 0.0280122 0.00330211 0.000124385 1.75782e-06 6.95645e-09 5.43394e-12 7.43442e-16 1.68517e-20 5.9752e-26 3.12686e-32
 1.50044e-41 2.08251e-33 3.49384e-26 7.08544e-20 1.73691e-14 5.14679e-10 1.8435e-06 0.000798171 0.0417731 0.264314 0.207597 0.0987495 0.153324 0.120654 0.087304 0.0225656 0.00280673 0.000111121 1.21067e-06 3.28291e-09 2.00232e-12 2.19911e-16 3.75284e-21 9.38161e-27 3.34087e-33
 1.05009e-41 1.45746e-33 2.44519e-26 4.9588e-20 1.21559e-14 3.60202e-10 1.29018e-06 0.000558606 0.0292353 0.18506 0.153372 0.170131 0.261052 0.117904 0.0627037 0.0176946 0.00220139 8.60992e-05 9.09189e-07 2.05663e-09 8.86031e-13 6.81257e-17 8.6383e-22 1.64263e-27 4.36973e-34
 1.52904e-41 2.1222e-33 3.56044e-26 7.2205e-20 1.77002e-14 5.24489e-10 1.87864e-06 0.000813384 0.0425694 0.269384 0.213665 0.111406 0.153505 0.126931 0.06916 0.011421 0.00110124 4.17366e-05 4.1015e-07 8.3553e-10 3.03608e-13 1.77699e-17 1.58726e-22 2.09426e-28 3.95718e-35
 1.08144e-41 1.50097e-33 2.51819e-26 5.10683e-20 1.25188e-14 3.70955e-10 1.3287e-06 0.000575281 0.0301082 0.190655 0.162053 0.190293 0.247275 0.112307 0.0534392 0.0122928 0.000975382 2.41126e-05 1.93013e-07 3.42089e-10 1.05677e-13 5.10597e-18 3.61467e-23 3.59213e-29 4.88116e-36
 1.38453e-41 1.92163e-33 3.22393e-26 6.53807e-20 1.60273e-14 4.74919e-10 1.70108e-06 0.00073651 0.0385462 0.244003 0.198585 0.136051 0.172894 0.140303 0.0599208 0.00833199 0.00061172 1.44106e-05 8.09729e-08 1.01837e-10 2.46816e-14 9.61325e-19 5.44032e-24 4.25822e-30 4.47719e-37
 1.51029e-41 2.09618e-33 3.51677e-26 7.13194e-20 1.74831e-14 5.18057e-10 1.85559e-06 0.000803409 0.0420476 0.266225 0.219553 0.161288 0.173597 0.0907451 0.0384838 0.0068626 0.000386377 6.52618e-06 3.09466e-08 2.96828e-11 4.98127e-15 1.37547e-19 5.8004e-25 3.47023e-31 2.80226e-38
 1.22385e-41 1.69863e-33 2.8498e-26 5.77934e-20 1.41674e-14 4.19805e-10 1.50367e-06 0.000651039 0.0340734 0.215909 0.188076 0.20081 0.211449 0.109321 0.0350189 0.00444239 0.000245472 3.7501e-06 1.28433e-08 9.13061e-12 1.16967e-15 2.34801e-20 6.89823e-26 2.87247e-32 1.65075e-39
 1.47609e-41 2.04871e-33 3.43714e-26 6.97044e-20 1.70872e-14 5.06326e-10 1.81358e-06 0.000785216 0.0410958 0.260312 0.218506 0.161524 0.167887 0.111896 0.0342199 0.00362802 0.000142573 1.71883e-06 5.0289e-09 2.74907e-12 2.51627e-16 3.64335e-21 7.8398e-27 2.36569e-33 9.63434e-41
 1.4507e-41 2.01348e-33 3.37803e-26 6.85058e-20 1.67934e-14 4.97619e-10 1.78239e-06 0.000771713 0.0403895 0.256015 0.22235 0.193937 0.173494 0.0848753 0.0252188 0.00285058 9.55039e-05 8.3482e-07 1.75114e-09 7.36614e-13 5.23522e-17 5.61809e-22 8.62467e-28 1.84199e-34 5.35156e-42
 1.28353e-41 1.78146e-33 2.98877e-26 6.06117e-20 1.48582e-14 4.40277e-10 1.577e-06 0.000682787 0.0357361 0.226766 0.206487 0.215046 0.192846 0.097864 0.022573 0.00193734 5.92468e-05 4.53659e-07 7.15364e-10 2.10466e-13 1.06127e-17 8.37314e-23 9.58052e-29 1.50826e-35 3.16466e-43
 1.16076e-41 1.61106e-33 2.70288e-26 5.48139e-20 1.3437e-14 3.98163e-10 1.42615e-06 0.000617476 0.0323187 0.205335 0.194963 0.223029 0.204967 0.112368 0.024548 0.00181055 4.08761e-05 2.43611e-07 3.15905e-10 7.24346e-14 2.64127e-18 1.45261e-23 1.15918e-29 1.2946e-36 1.95915e-44
 1.14458e-41 1.5886e-33 2.6652e-26 5.40497e-20 1.32497e-14 3.92612e-10 1.40627e-06 0.000608868 0.0318681 0.202448 0.19119 0.215897 0.208951 0.119829 0.0271289 0.00203553 4.20391e-05 2.05197e-07 2.11431e-10 4.02219e-14 1.2468e-18 5.73019e-24 3.6975e-30 3.25275e-37 3.83096e-45
#spawning biomass
 11896.9 11965.7 15291.2 21650.6 26954.3 32733.5 38642.3 49226.2 55393.3 68817.5 84512.7 99172 126926 155520 156589 134372 132512 128155 131491 121567 118302 137527 132779 149389 168320 173817 143871 128643 121792 188735 209737 204291 186238 164591 144312 127447 114378 104706 97772.9 92915.9 89569.8 87292.8 85746 84691.6 84003.9 83555.2 83262.5 83071.6 82947 82865.8 82812.8 82778.2 82755.6 82740.9 82731.3 82725.1 82721 82718.3 82716.6 82715.4 82714.7 82714.2 82713.9 82713.7 82713.6 82713.5 82713.4 82713.4 82713.4 82713.3 82713.3 82713.3 82713.3 82713.3 82713.3 82713.3 82713.3 82713.3 82713.3 82713.3 82713.3 82713.3 82713.3 82713.3 82713.3 82713.3 82713.3 82713.3 82713.3 82713.3 82713.3 82713.3 82713.3 82713.3 82713.3 82713.3 82713.3 82713.3 82713.3 82713.3 82713.3 82713.3 82713.3 82713.3 82713.3 82713.3 82713.3 82713.3 82713.3 82713.3 82713.3 82713.3 82713.3 82713.3 82713.3 82713.3 82713.3 82713.3 82713.3 82713.3 82713.3 82713.3 82713.3 82713.3 82713.3 82713.3 82713.3 82713.3 0 0 0 0 0 0 0 0 0 0 0 0 0 0 0 0 0 0 0 0 0 0 0 0 0
