SBPRF35
0.256306
Curr Bio
279583
B35
445081
F35
0.405118
FOFL
0.234394
OFL
66414.7
Bzero
73230.3
#pred survey bio
 82231.1 81529.2 64993.2 50184.4 80964 129419 187078 247914 315687 360656 374267 389207 366005 416612 431114 436741 424546 418284 407208 425732 439926 455494 466986 483344 495174 517707 432364 451837 1.5369e+07 8.48592e+06 6.12964e+06 4.00798e+06 2.58957e+06 1.75722e+06 1.29817e+06 1.05144e+06 919222 847460 807585 784762 771279 763069 757934 754647 752522 751129 750208 749595 749184 748908 748722 748597 748513 748455 748417 748391 748373 748361 748353 748348 748344 748341 748340 748339 748338 748337 748337 748337 748337 748336 748336 748336 748336 748336 748336 748336 748336 748336 748336 748336 748336 748336 748336 748336 748336 748336 748336 748336 748336 748336 748336 748336 748336 748336 748336 748336 748336 748336 748336 748336 748336 748336 748336 748336 748336 748336 748336 748336 748336 748336 748336 748336 748336 748336 748336 748336 748336 748336 748336 748336 748336 748336 748336 748336 748336 748336 748336 748336 0 0 0 0 0 0 0 0 0 0 0 0 0 0 0 0 0 0 0 0 0 0 0 0 0
#obs survey bio
 53338.9 53319 48390.8 77024.9 103916 250635 198648 279310 289483 472068 435460 315128 344121 340758 410153 449585 395959 461488 405660 404090 449828 512175 524648 509567 545477 386650 348976 385672
#pred catch bio
 8646.46 13455.4 16640.4 9825.96 16930.3 29593.9 48755.4 64445.4 98214.5 139081 154866 185137 154481 193186 200303 214578 200093 192601 167916 174216 188759 206392 203070 208237 203912 266777 190964 219542 66414.7 103294 74721.6 47261 29066.4 18794.9 13460.6 10821.6 9554.97 8958.91 8682.07 8554.63 8496.32 8469.76 8457.68 8452.21 8449.74 8448.62 8448.12 8447.89 8447.79 8447.74 8447.72 8447.71 8447.71 8447.7 8447.7 8447.7 8447.7 8447.7 8447.7 8447.7 8447.7 8447.7 8447.7 8447.7 8447.7 8447.7 8447.7 8447.7 8447.7 8447.7 8447.7 8447.7 8447.7 8447.7 8447.7 8447.7 8447.7 8447.7 8447.7 8447.7 8447.7 8447.7 8447.7 8447.7 8447.7 8447.7 8447.7 8447.7 8447.7 8447.7 8447.7 8447.7 8447.7 8447.7 8447.7 8447.7 8447.7 8447.7 8447.7 8447.7 8447.7 8447.7 8447.7 8447.7 8447.7 8447.7 8447.7 8447.7 8447.7 8447.7 8447.7 8447.7 8447.7 8447.7 8447.7 8447.7 8447.7 8447.7 8447.7 8447.7 8447.7 8447.7 8447.7 8447.7 8447.7 8447.7 8447.7 8447.7 0 0 0 0 0 0 0 0 0 0 0 0 0 0 0 0 0 0 0 0 0 0 0 0 0
#obs catch bio
 13640.3 14445.2 18949.3 9873.21 16879.5 27581.6 45939.8 59557.6 92321.1 131014 154104 182250 151702 200267 205502 227598 207684 189758 166518 178525 189369 203060 197150 198188 198024 273312 195901 220895
#pred cpue bio
 75340.6 76253.4 62386.9 46953 69083.4 110869 162020 215616 275886 315875 325705 336219 314671 355780 368171 373800 362335 358446 350449 368006 381028 392327 400183 415838 426977 447503 372420 387574 1.31339e+07 7.85253e+06 5.91251e+06 3.90767e+06 2.51476e+06 1.68739e+06 1.22926e+06 982700 850515 778758 738885 716062 702579 694369 689234 685947 683822 682430 681508 680895 680484 680208 680022 679897 679813 679755 679717 679691 679673 679661 679653 679648 679644 679641 679640 679639 679638 679637 679637 679637 679637 679636 679636 679636 679636 679636 679636 679636 679636 679636 679636 679636 679636 679636 679636 679636 679636 679636 679636 679636 679636 679636 679636 679636 679636 679636 679636 679636 679636 679636 679636 679636 679636 679636 679636 679636 679636 679636 679636 679636 679636 679636 679636 679636 679636 679636 679636 679636 679636 679636 679636 679636 679636 679636 679636 679636 679636 679636 679636 679636 0 0 0 0 0 0 0 0 0 0 0 0 0 0 0 0 0 0 0 0 0 0 0 0 0
#obs cpue bio
 68278.3 45722 47127.6 69727.7 75002.8 153325 159831 281191 304530 284078 207694 500378 321004 340152 349774 274104 348343 421662 336222 307516 409290 413802 411899 524439 374314 525055 348863 524754
#pred surv len freq
 2.80137e-11 1.31763e-09 4.29144e-08 9.67826e-07 1.5114e-05 0.000163437 0.00122382 0.00634615 0.0227952 0.0567794 0.0984881 0.120934 0.111493 0.0907501 0.0806037 0.0772438 0.0700295 0.059747 0.0502083 0.0416796 0.0341215 0.0279185 0.0224692 0.016629 0.0103607
 1.58379e-11 7.44939e-10 2.42622e-08 5.47173e-07 8.54493e-06 9.24027e-05 0.000691946 0.00358878 0.0129004 0.0322275 0.0565474 0.072481 0.0765932 0.0826029 0.0969238 0.10594 0.10001 0.0863735 0.0728529 0.0600349 0.04765 0.0365502 0.0269334 0.0183027 0.0106941
 7.16322e-12 3.36924e-10 1.09734e-08 2.47478e-07 3.86474e-06 4.17928e-05 0.000312973 0.00162351 0.00583982 0.0146272 0.0259278 0.0344712 0.0403623 0.0514385 0.0705451 0.0905032 0.105932 0.115423 0.114643 0.101698 0.0818259 0.0611314 0.0424633 0.0267074 0.0144784
 3.1216e-11 1.46825e-09 4.782e-08 1.07846e-06 1.68417e-05 0.000182119 0.00136368 0.00707071 0.0253883 0.0631445 0.108888 0.130692 0.110894 0.0707524 0.0418115 0.0333968 0.0388164 0.0505657 0.0622488 0.0678901 0.0641593 0.0522616 0.0367823 0.0222915 0.0113822
 4.7034e-11 2.21226e-09 7.20517e-08 1.62495e-06 2.53758e-05 0.000274403 0.00205469 0.0106537 0.0382541 0.0951491 0.164116 0.197144 0.167698 0.107192 0.0604886 0.0370056 0.0243458 0.0161899 0.013015 0.0137876 0.0152199 0.0146361 0.0115733 0.00739739 0.00377831
 3.79163e-11 1.7834e-09 5.80843e-08 1.30994e-06 2.04567e-05 0.00022121 0.00165642 0.00858925 0.0308501 0.0768199 0.133093 0.162679 0.147509 0.114499 0.0933882 0.0796938 0.0594868 0.0361779 0.0192982 0.0107432 0.00750795 0.00644799 0.00543726 0.00380793 0.00207154
 3.67209e-11 1.72718e-09 5.6253e-08 1.26865e-06 1.98117e-05 0.000214236 0.00160419 0.00831833 0.0298757 0.0743808 0.12878 0.157002 0.141115 0.107239 0.0859776 0.0759744 0.0640122 0.0485805 0.0334552 0.0204046 0.0109267 0.00566626 0.00329016 0.00204125 0.00112046
 3.6482e-11 1.71594e-09 5.58871e-08 1.26039e-06 1.96828e-05 0.000212842 0.00159376 0.00826421 0.0296813 0.0738958 0.127935 0.155942 0.140062 0.106182 0.0846548 0.0741688 0.0620046 0.0475408 0.0348106 0.024067 0.014868 0.00795598 0.00375791 0.00166631 0.00071483
 3.53835e-11 1.66427e-09 5.42042e-08 1.22244e-06 1.90902e-05 0.000206434 0.00154577 0.00801544 0.0287886 0.0716812 0.124154 0.151588 0.136968 0.105561 0.0862651 0.0767727 0.0644001 0.0492442 0.0360382 0.0253379 0.0164448 0.00949696 0.00473829 0.00200733 0.000725211
 3.51776e-11 1.65459e-09 5.38888e-08 1.21533e-06 1.89791e-05 0.000205232 0.00153678 0.00796879 0.028621 0.0712631 0.123425 0.150673 0.136068 0.104735 0.0855207 0.0763274 0.0645663 0.050024 0.0370598 0.0262508 0.0171933 0.0101499 0.00525536 0.00230538 0.00083155
 3.70886e-11 1.74447e-09 5.68163e-08 1.28135e-06 2.00101e-05 0.000216381 0.00162025 0.00840155 0.0301738 0.0751152 0.129998 0.158234 0.141401 0.10568 0.0824104 0.071166 0.0592867 0.0455514 0.033636 0.0239021 0.0157798 0.00941832 0.00495212 0.0022181 0.000817178
 3.82734e-11 1.8002e-09 5.86312e-08 1.32228e-06 2.06493e-05 0.000223293 0.00167201 0.0086699 0.0311372 0.0775097 0.134117 0.163125 0.14537 0.107743 0.0826927 0.0700413 0.0568624 0.0420723 0.0298324 0.0206097 0.0134311 0.00800235 0.00423284 0.00191759 0.000716942
 3.87151e-11 1.82098e-09 5.9308e-08 1.33754e-06 2.08877e-05 0.000225871 0.00169131 0.00876997 0.0314967 0.0784048 0.135668 0.165022 0.14709 0.10906 0.083674 0.0706015 0.0567009 0.041032 0.0280992 0.0186005 0.0116011 0.00666355 0.00344678 0.00154922 0.000580565
 4.03032e-11 1.89567e-09 6.17407e-08 1.39241e-06 2.17444e-05 0.000235135 0.00176068 0.00912959 0.032787 0.0816045 0.141121 0.17126 0.151376 0.109536 0.0806887 0.0661224 0.0526464 0.0381065 0.0260419 0.0170154 0.0103256 0.00570611 0.00283301 0.00123104 0.000451433
 3.95574e-11 1.86059e-09 6.05982e-08 1.36664e-06 2.1342e-05 0.000230784 0.0017281 0.00896073 0.0321815 0.0801073 0.138598 0.168512 0.149953 0.110627 0.0840483 0.070037 0.0552526 0.0388449 0.025619 0.0163018 0.00972073 0.00526822 0.00254233 0.00106611 0.00037718
 3.90905e-11 1.83863e-09 5.98829e-08 1.35051e-06 2.10901e-05 0.00022806 0.0017077 0.00885499 0.031802 0.0791645 0.136981 0.16661 0.148477 0.110024 0.084308 0.0709934 0.0567682 0.0406271 0.0271438 0.0171854 0.010016 0.00526681 0.00246808 0.0010063 0.000345712
 3.99837e-11 1.88064e-09 6.12512e-08 1.38137e-06 2.1572e-05 0.000233271 0.00174672 0.00905725 0.0325276 0.080963 0.14004 0.170082 0.150768 0.110016 0.082181 0.0679515 0.0540576 0.0388002 0.026145 0.0167435 0.00984344 0.00516904 0.00238627 0.000948737 0.000316546
 3.86193e-11 1.81647e-09 5.91612e-08 1.33423e-06 2.0836e-05 0.000225312 0.00168712 0.00874831 0.0314193 0.0782169 0.135374 0.164813 0.147377 0.11026 0.0857337 0.0727614 0.0580194 0.0411593 0.0273276 0.0173692 0.0102329 0.00541289 0.00251323 0.000997669 0.00032921
 3.79386e-11 1.78445e-09 5.81184e-08 1.31071e-06 2.04687e-05 0.00022134 0.00165739 0.00859413 0.0308658 0.0768409 0.133007 0.161998 0.145082 0.109053 0.0855835 0.073547 0.0597385 0.0435535 0.0297172 0.0191384 0.0112619 0.00592397 0.00274397 0.00109085 0.000360497
 3.72122e-11 1.75028e-09 5.70056e-08 1.28562e-06 2.00768e-05 0.000217102 0.00162565 0.00842961 0.0302753 0.0753742 0.130491 0.159043 0.14279 0.108093 0.0858324 0.0745348 0.0611458 0.0452658 0.0316004 0.0209224 0.0126567 0.00680264 0.0031874 0.00127149 0.000420291
 3.70777e-11 1.74396e-09 5.67995e-08 1.28097e-06 2.00042e-05 0.000216317 0.00161978 0.00839913 0.0301657 0.0751006 0.130012 0.158432 0.14216 0.107455 0.0851752 0.0740168 0.0610221 0.0456321 0.0323265 0.0217948 0.0134833 0.00744029 0.00357925 0.00145894 0.000489227
 3.87401e-11 1.82215e-09 5.93463e-08 1.33841e-06 2.09011e-05 0.000226016 0.0016924 0.0087756 0.0315165 0.0784504 0.135721 0.164967 0.146659 0.107964 0.082 0.0690834 0.0562343 0.04185 0.0296414 0.0200995 0.0125892 0.00707507 0.00348086 0.00145351 0.00049873
 3.94139e-11 1.85384e-09 6.03784e-08 1.36168e-06 2.12647e-05 0.000229947 0.00172183 0.00892822 0.0320645 0.0798135 0.138073 0.167794 0.149063 0.10946 0.0826238 0.0688192 0.0548796 0.0395176 0.0269826 0.0178415 0.0110648 0.00622958 0.0030967 0.00131438 0.000459946
 3.79464e-11 1.78482e-09 5.81304e-08 1.31098e-06 2.04729e-05 0.000221386 0.00165773 0.00859591 0.0308723 0.0768588 0.133048 0.162096 0.145322 0.109529 0.0862201 0.0739683 0.0595291 0.042731 0.0287746 0.018564 0.0111662 0.00611741 0.00299319 0.00126697 0.000446516
 3.78436e-11 1.77998e-09 5.79729e-08 1.30743e-06 2.04174e-05 0.000220786 0.00165323 0.00857259 0.0307883 0.0766467 0.132661 0.161534 0.144533 0.10837 0.0847779 0.0728782 0.0595671 0.0439851 0.0305278 0.020014 0.0119992 0.00645457 0.00307922 0.00127331 0.000441977
 3.73617e-11 1.75732e-09 5.72347e-08 1.29079e-06 2.01575e-05 0.000217975 0.00163219 0.00846347 0.0303967 0.0756752 0.131002 0.15962 0.143159 0.108054 0.0853947 0.0738763 0.0604696 0.0447232 0.0313017 0.0209032 0.0128331 0.00703253 0.00337102 0.00138095 0.000471168
 3.82871e-11 1.80084e-09 5.86522e-08 1.32275e-06 2.06567e-05 0.000223373 0.00167261 0.00867302 0.0311486 0.0775403 0.134184 0.163277 0.14573 0.108489 0.0838648 0.0713817 0.0579622 0.0426105 0.0296377 0.01971 0.0121168 0.00669668 0.00325163 0.00134652 0.000460972
 3.92704e-11 1.84709e-09 6.01586e-08 1.35673e-06 2.11872e-05 0.00022911 0.00171556 0.00889571 0.0319478 0.0795228 0.137569 0.167179 0.148509 0.109054 0.0823883 0.06886 0.0553376 0.0403239 0.0278104 0.0183854 0.0112716 0.00623231 0.00303912 0.00126854 0.000438392
#obs surv len freq
 2.52482e-11 1.18756e-09 3.86779e-08 8.72285e-07 1.3622e-05 0.000147303 0.00110301 0.00571979 0.0205467 0.0511906 0.0888775 0.109529 0.10226 0.0859631 0.0798263 0.0793206 0.0746193 0.0669324 0.0595263 0.0517917 0.0430283 0.0335585 0.023838 0.0147141 0.00749301
 5.16123e-12 2.42759e-10 7.90653e-09 1.78313e-07 2.78466e-06 3.01141e-05 0.000225552 0.00117077 0.00422201 0.0106804 0.0196466 0.0294065 0.0440579 0.0710344 0.104132 0.122998 0.119662 0.106239 0.0932225 0.0808817 0.0675108 0.0528428 0.0374499 0.0229665 0.0116165
 1.60505e-14 7.54953e-13 2.45904e-11 5.54767e-10 8.67531e-09 9.4319e-08 7.21359e-07 4.05169e-06 1.8995e-05 9.13045e-05 0.000461378 0.00202491 0.0068059 0.0173408 0.035542 0.0632971 0.100024 0.134683 0.150416 0.142876 0.121554 0.0952316 0.0674703 0.0413238 0.020833
 5.31377e-11 2.49934e-09 8.14018e-08 1.83582e-06 2.86689e-05 0.000310012 0.0023213 0.0120357 0.0432113 0.107426 0.184931 0.220443 0.181969 0.104077 0.0415103 0.0124635 0.00525351 0.0068086 0.0110173 0.0148418 0.01615 0.0144188 0.010744 0.00667008 0.00336773
 3.61115e-11 1.69851e-09 5.53194e-08 1.24759e-06 1.9483e-05 0.000210681 0.00157759 0.00818072 0.0293863 0.0732085 0.127067 0.156396 0.145252 0.119707 0.105055 0.0916087 0.0648945 0.0338931 0.0137585 0.00655946 0.0058762 0.00621253 0.00544445 0.00372323 0.00196748
 4.0538e-11 1.90671e-09 6.21004e-08 1.40052e-06 2.18711e-05 0.000236505 0.00177093 0.00918271 0.0329771 0.0820698 0.141874 0.171933 0.151218 0.107951 0.0782204 0.0648158 0.0543572 0.041917 0.0286509 0.0164484 0.00788304 0.00376558 0.00229448 0.00154081 0.000870295
 3.72116e-11 1.75026e-09 5.70047e-08 1.2856e-06 2.00765e-05 0.000217099 0.00162563 0.00842954 0.0302758 0.0753821 0.130551 0.159332 0.143731 0.110157 0.0887686 0.0768736 0.0612935 0.0433034 0.0291517 0.0191707 0.0115088 0.00592481 0.00265295 0.00113717 0.00049332
 3.82989e-11 1.8014e-09 5.86703e-08 1.32316e-06 2.06631e-05 0.000223442 0.00167312 0.00867569 0.0311582 0.0775617 0.134208 0.163243 0.145502 0.107931 0.0830766 0.0708353 0.0581441 0.0434368 0.0305007 0.0201616 0.012191 0.00660471 0.0031331 0.00127293 0.000444431
 3.47379e-11 1.6339e-09 5.32152e-08 1.20014e-06 1.87419e-05 0.000202667 0.00151757 0.00786931 0.0282652 0.0703906 0.122007 0.14938 0.136295 0.107754 0.0910572 0.0819799 0.0675231 0.0495014 0.0344111 0.0231302 0.0144593 0.0080936 0.00394784 0.00163419 0.00056064
 3.6132e-11 1.69948e-09 5.53509e-08 1.2483e-06 1.9494e-05 0.0002108 0.00157847 0.00818493 0.0293967 0.0731878 0.126713 0.154476 0.138822 0.105434 0.0844123 0.0744683 0.0628751 0.048669 0.0356854 0.0246367 0.0155328 0.00879401 0.00438537 0.00186406 0.00065223
 3.80129e-11 1.78794e-09 5.82321e-08 1.31328e-06 2.05088e-05 0.000221773 0.00166063 0.00861089 0.0309256 0.0769838 0.133215 0.162071 0.144564 0.107434 0.082829 0.070426 0.0573714 0.0427178 0.0306291 0.0214132 0.0139968 0.00822019 0.00420987 0.00182609 0.0006513
 3.77883e-11 1.77738e-09 5.78881e-08 1.30552e-06 2.03876e-05 0.000220464 0.00165082 0.00856009 0.0307437 0.0765374 0.132485 0.161381 0.144585 0.108774 0.0853881 0.0731492 0.058957 0.04263 0.029276 0.0196265 0.0125065 0.0073379 0.0038329 0.00171013 0.000626491
 3.86358e-11 1.81724e-09 5.91863e-08 1.3348e-06 2.08448e-05 0.000225408 0.00168784 0.00875199 0.0314322 0.0782441 0.13539 0.164686 0.146797 0.10887 0.0836007 0.0706963 0.0570259 0.0415286 0.0285637 0.0188548 0.0116353 0.00658599 0.0033586 0.00149123 0.000552314
 4.04841e-11 1.90417e-09 6.20177e-08 1.39866e-06 2.1842e-05 0.00023619 0.00176858 0.00917055 0.0329343 0.0819711 0.141757 0.172043 0.152101 0.110107 0.0810801 0.0661755 0.0521546 0.0371513 0.0250379 0.0163257 0.00998826 0.00556855 0.00277133 0.00119892 0.000436103
 3.58733e-11 1.68731e-09 5.49546e-08 1.23936e-06 1.93545e-05 0.000209292 0.00156717 0.00812651 0.0291888 0.0726889 0.125978 0.154182 0.140471 0.11057 0.0926117 0.0821825 0.065868 0.045934 0.0298009 0.0187227 0.0111304 0.00607208 0.00296686 0.00125945 0.000448907
 3.9679e-11 1.86631e-09 6.07845e-08 1.37084e-06 2.14077e-05 0.000231494 0.00173341 0.00898819 0.0322793 0.0803409 0.138937 0.168619 0.149082 0.108019 0.0799914 0.0664706 0.0544046 0.0410109 0.0290245 0.0190954 0.0113248 0.00600502 0.00283887 0.00117174 0.000408221
 3.76732e-11 1.77197e-09 5.77118e-08 1.30155e-06 2.03255e-05 0.000219792 0.00164579 0.00853407 0.0306509 0.0763122 0.132136 0.161146 0.144981 0.110308 0.0879232 0.0755796 0.0600109 0.0420808 0.0279322 0.0182527 0.0112917 0.00627781 0.00303111 0.00124165 0.000422913
 3.77118e-11 1.77378e-09 5.77709e-08 1.30288e-06 2.03463e-05 0.000220017 0.00164748 0.00854275 0.0306815 0.0763824 0.132217 0.161058 0.144311 0.108631 0.0854848 0.0736996 0.0601096 0.0440698 0.0302528 0.0196392 0.0117601 0.00640222 0.00311334 0.00130376 0.000451461
 3.69944e-11 1.74004e-09 5.66719e-08 1.27809e-06 1.99593e-05 0.000215832 0.00161614 0.00838029 0.0300986 0.0749372 0.129756 0.15825 0.142404 0.108469 0.0868574 0.0756018 0.0616188 0.0450567 0.0311501 0.0206612 0.0126752 0.00697315 0.00337254 0.00140061 0.000484918
 3.54566e-11 1.66771e-09 5.43161e-08 1.22497e-06 1.91296e-05 0.00020686 0.00154896 0.00803204 0.0288488 0.0718357 0.124454 0.152108 0.137926 0.107292 0.0887351 0.0791579 0.0655854 0.0487584 0.0342408 0.0229639 0.0142344 0.00794369 0.00390197 0.00163732 0.000568688
 3.64158e-11 1.71282e-09 5.57856e-08 1.25811e-06 1.96471e-05 0.000212456 0.00159086 0.00824922 0.0296277 0.0737633 0.127713 0.15571 0.139974 0.106365 0.0850866 0.0746363 0.0622041 0.0472637 0.0341501 0.0234987 0.0148683 0.00843932 0.00420767 0.00179002 0.000629224
 4.00595e-11 1.88421e-09 6.13673e-08 1.38399e-06 2.1613e-05 0.000233714 0.00175003 0.00907437 0.0325886 0.081109 0.140253 0.170159 0.150249 0.108401 0.0794949 0.0650776 0.0521721 0.0384939 0.0272759 0.018779 0.0121013 0.00704547 0.00359848 0.00156168 0.000557866
 3.83967e-11 1.806e-09 5.88201e-08 1.32654e-06 2.07159e-05 0.000224013 0.0016774 0.00869791 0.0312388 0.0777701 0.134621 0.163993 0.146951 0.11056 0.0866082 0.0735463 0.0580494 0.0404395 0.0265364 0.0171522 0.0106727 0.00615427 0.00317158 0.00140245 0.000511501
 3.71674e-11 1.74818e-09 5.6937e-08 1.28407e-06 2.00526e-05 0.000216841 0.0016237 0.0084195 0.0302394 0.0752882 0.130366 0.159002 0.143109 0.109064 0.087403 0.0760852 0.0618753 0.0448425 0.0303262 0.0194275 0.0115201 0.00625737 0.00308586 0.00133899 0.000488699
 3.81993e-11 1.79671e-09 5.85177e-08 1.31972e-06 2.06094e-05 0.000222861 0.00166877 0.00865315 0.0310774 0.077363 0.133879 0.162916 0.145439 0.108347 0.0838759 0.071542 0.0582834 0.0430492 0.0300506 0.0199393 0.0121267 0.00659464 0.00316608 0.00131875 0.000464391
 3.57879e-11 1.68329e-09 5.48236e-08 1.23641e-06 1.93084e-05 0.000208793 0.00156344 0.0081071 0.0291185 0.0725084 0.125628 0.153577 0.139365 0.108591 0.0898494 0.0796839 0.0649796 0.0470642 0.0322054 0.0213255 0.0132021 0.00736909 0.00360651 0.0015049 0.000521446
 3.8773e-11 1.82369e-09 5.93965e-08 1.33954e-06 2.09189e-05 0.000226208 0.00169383 0.00878301 0.0315431 0.0785145 0.13582 0.165031 0.146539 0.107521 0.0813092 0.0685364 0.0562449 0.0423901 0.0302556 0.0204216 0.0126386 0.00704569 0.00347655 0.0014715 0.000515587
 3.7706e-11 1.77351e-09 5.77621e-08 1.30268e-06 2.03432e-05 0.000219983 0.00164723 0.00854148 0.0306772 0.0763747 0.132224 0.16116 0.144694 0.109482 0.0866196 0.0743423 0.0594857 0.0424096 0.0287264 0.0190929 0.012014 0.00685324 0.00343214 0.00146482 0.000517098
#pred catch len freq
 2.51987e-11 1.18523e-09 3.86021e-08 8.70574e-07 1.35953e-05 0.000147014 0.00110085 0.00570861 0.0205068 0.0510952 0.0887372 0.109474 0.102581 0.0869602 0.0814171 0.0807704 0.0748779 0.0652846 0.0559509 0.047119 0.038966 0.0321043 0.0259448 0.0192407 0.0119989
 1.37907e-11 6.48648e-10 2.1126e-08 4.76445e-07 7.44041e-06 8.0459e-05 0.000602514 0.00312509 0.0112357 0.02809 0.0494319 0.0640334 0.0697421 0.0790196 0.096267 0.107303 0.10298 0.0907036 0.0779366 0.0650939 0.0521475 0.0402586 0.0297874 0.0202876 0.0118668
 6.06161e-12 2.85109e-10 9.28582e-09 2.09419e-07 3.2704e-06 3.53658e-05 0.000264848 0.00137396 0.00494353 0.0123956 0.0220631 0.0297559 0.0361211 0.0482617 0.0682735 0.08929 0.106399 0.11779 0.118347 0.105874 0.0857775 0.0644311 0.0449194 0.0283133 0.0153666
 2.81183e-11 1.32255e-09 4.30746e-08 9.71439e-07 1.51704e-05 0.000164046 0.00122835 0.00636908 0.0228694 0.0568833 0.0981169 0.117887 0.100448 0.0651162 0.040346 0.0345845 0.0420361 0.0558925 0.0695562 0.0763879 0.0725462 0.059306 0.0418496 0.0254083 0.0129883
 4.53403e-11 2.13259e-09 6.94571e-08 1.56643e-06 2.4462e-05 0.000264522 0.0019807 0.0102701 0.0368774 0.0917317 0.158267 0.190334 0.162609 0.1055 0.0617742 0.0396268 0.0269163 0.0183774 0.015255 0.0165087 0.0183677 0.0177163 0.0140314 0.00897801 0.00458887
 3.58947e-11 1.68831e-09 5.49873e-08 1.2401e-06 1.9366e-05 0.000209416 0.00156811 0.00813145 0.0292076 0.0727469 0.126154 0.154747 0.142082 0.113962 0.0973007 0.0855276 0.0647337 0.0398365 0.0216215 0.0123128 0.00878005 0.00762151 0.0064514 0.00452394 0.00246235
 3.4596e-11 1.62723e-09 5.29979e-08 1.19523e-06 1.86653e-05 0.000201839 0.00151137 0.00783712 0.0281489 0.0700958 0.121459 0.148539 0.135004 0.105791 0.0888663 0.0812438 0.0698173 0.0538876 0.0376737 0.0232312 0.0125475 0.00656625 0.00384472 0.00239591 0.0013172
 3.43162e-11 1.61407e-09 5.25692e-08 1.18557e-06 1.85143e-05 0.000200207 0.00149915 0.00777372 0.0279211 0.0695277 0.120469 0.147297 0.13377 0.104552 0.0873189 0.0791435 0.0674982 0.0527078 0.0392795 0.0275078 0.0171335 0.00922063 0.00437534 0.00194776 0.000837943
 3.32831e-11 1.56548e-09 5.09867e-08 1.14988e-06 1.7957e-05 0.00019418 0.00145402 0.00753977 0.0270816 0.0674449 0.116912 0.143197 0.130841 0.103925 0.0887577 0.0814876 0.0696197 0.0541589 0.0403142 0.0287116 0.0187945 0.0109166 0.00546776 0.00232247 0.000840647
 3.32269e-11 1.56283e-09 5.09005e-08 1.14793e-06 1.79266e-05 0.000193852 0.00145156 0.00752702 0.0270356 0.0673283 0.116697 0.142869 0.130343 0.103138 0.0877211 0.0805986 0.0693669 0.0546121 0.04109 0.029446 0.0194387 0.0115385 0.00599655 0.00263676 0.000952502
 3.52656e-11 1.65872e-09 5.40236e-08 1.21837e-06 1.90265e-05 0.000205745 0.00154062 0.00798869 0.0286922 0.0714382 0.123712 0.150949 0.136075 0.104241 0.0845423 0.0752174 0.0637738 0.0497785 0.0373211 0.0268261 0.0178467 0.0107084 0.00565055 0.00253673 0.000935896
 3.66733e-11 1.72494e-09 5.61801e-08 1.267e-06 1.9786e-05 0.000213958 0.00160211 0.00830753 0.0298369 0.074283 0.128604 0.156754 0.14077 0.106646 0.0848128 0.0738288 0.0608908 0.0456954 0.0328715 0.0229669 0.0150808 0.00903096 0.00479301 0.00217598 0.000814607
 3.70288e-11 1.74166e-09 5.67247e-08 1.27928e-06 1.99778e-05 0.000216032 0.00161764 0.00838808 0.0301263 0.0750047 0.129862 0.158325 0.142302 0.108041 0.0861199 0.0748136 0.0610843 0.0448575 0.0311899 0.0209008 0.0131459 0.00759501 0.00394416 0.0017772 0.000666998
 3.87859e-11 1.82431e-09 5.94164e-08 1.33999e-06 2.09259e-05 0.000226284 0.0016944 0.00878599 0.031554 0.0785455 0.135898 0.165239 0.147082 0.108651 0.0829423 0.0699767 0.0566502 0.0415879 0.0288274 0.0190484 0.0116489 0.00647277 0.00322609 0.0014054 0.000516181
 3.80321e-11 1.78885e-09 5.82616e-08 1.31394e-06 2.05191e-05 0.000221886 0.00166147 0.00861532 0.0309421 0.0770328 0.133351 0.162475 0.145692 0.109858 0.0864917 0.0740731 0.0593332 0.0422762 0.028286 0.0182145 0.0109498 0.00596723 0.00289074 0.00121531 0.000430669
 3.76032e-11 1.76867e-09 5.76045e-08 1.29913e-06 2.02877e-05 0.000219383 0.00164273 0.00851818 0.0305934 0.0761662 0.131863 0.160717 0.144297 0.109222 0.0866213 0.0748852 0.0607744 0.0440636 0.0298376 0.019096 0.0112129 0.00592779 0.00278855 0.00113991 0.000392252
 3.84817e-11 1.81e-09 5.89504e-08 1.32948e-06 2.07617e-05 0.000224509 0.00168111 0.00871712 0.0313071 0.0779352 0.134871 0.16413 0.146543 0.109196 0.0845001 0.0718609 0.0580859 0.0422662 0.0288805 0.0187017 0.0110778 0.005848 0.00270996 0.00108024 0.000361038
 3.70442e-11 1.74238e-09 5.67482e-08 1.27981e-06 1.99861e-05 0.000216122 0.00161832 0.0083916 0.0301393 0.0750416 0.129955 0.158575 0.142963 0.109436 0.0882171 0.0769026 0.062246 0.0447545 0.0301425 0.0193834 0.0115105 0.00612199 0.00285332 0.00113558 0.000375344
 3.62076e-11 1.70303e-09 5.54667e-08 1.25091e-06 1.95348e-05 0.000211241 0.00158177 0.00820212 0.0294591 0.0733509 0.127048 0.155126 0.140176 0.108026 0.0881368 0.0779497 0.0643581 0.0476129 0.032972 0.0214837 0.0127438 0.00674209 0.00313591 0.00125016 0.000413888
 3.54321e-11 1.66656e-09 5.42786e-08 1.22412e-06 1.91164e-05 0.000206717 0.00154789 0.00802648 0.0288286 0.0717848 0.12436 0.151962 0.137701 0.10694 0.0883081 0.0789092 0.0658081 0.0494516 0.0350457 0.0234751 0.0143129 0.00773525 0.00363861 0.00145537 0.000481921
 3.53278e-11 1.66165e-09 5.41189e-08 1.22051e-06 1.90601e-05 0.000206108 0.00154334 0.00800284 0.0287436 0.0715718 0.123983 0.151464 0.137128 0.106256 0.087508 0.0782128 0.0655412 0.0497429 0.0357616 0.0243853 0.0152015 0.00843318 0.00407198 0.00166389 0.000558854
 3.71083e-11 1.7454e-09 5.68464e-08 1.28203e-06 2.00207e-05 0.000216496 0.00162111 0.00840604 0.0301903 0.0751598 0.1301 0.158472 0.141978 0.106868 0.0842058 0.0730154 0.0604351 0.0456391 0.0327954 0.0224869 0.0141903 0.0080162 0.00395796 0.0016566 0.000569265
 3.77911e-11 1.77751e-09 5.78925e-08 1.30562e-06 2.03891e-05 0.00022048 0.00165094 0.00856072 0.0307458 0.0765418 0.132487 0.161354 0.144472 0.108513 0.0850277 0.0729194 0.0591188 0.0431927 0.0299403 0.0200387 0.0125295 0.00709332 0.00353928 0.00150587 0.000527755
 3.62646e-11 1.70571e-09 5.5554e-08 1.25288e-06 1.95655e-05 0.000211574 0.00158426 0.00821505 0.0295057 0.0734682 0.12726 0.155426 0.140575 0.108574 0.0887587 0.0782799 0.063986 0.0465821 0.0318366 0.0207881 0.012608 0.00694753 0.00341312 0.00144851 0.000511322
 3.60947e-11 1.69772e-09 5.52938e-08 1.24701e-06 1.94739e-05 0.000210583 0.00157684 0.00817654 0.0293671 0.0731204 0.126639 0.154582 0.139543 0.107259 0.0872461 0.0772162 0.0641765 0.0481003 0.0338831 0.0224711 0.0135793 0.00734638 0.00351917 0.0014593 0.000507434
 3.58461e-11 1.68603e-09 5.49128e-08 1.23842e-06 1.93397e-05 0.000209132 0.00156598 0.00812023 0.029165 0.072619 0.125782 0.15359 0.138823 0.107064 0.0874867 0.0775768 0.0644095 0.0482605 0.0342247 0.0230899 0.014273 0.0078587 0.0037796 0.00155182 0.000530252
 3.66229e-11 1.72257e-09 5.61029e-08 1.26526e-06 1.97588e-05 0.000213664 0.00159991 0.00829614 0.0297962 0.0741848 0.128453 0.156662 0.140983 0.107434 0.0862097 0.0754883 0.0623014 0.0464685 0.0327972 0.0220624 0.0136685 0.00759506 0.00370166 0.00153666 0.000526894
 3.77568e-11 1.7759e-09 5.78399e-08 1.30443e-06 2.03706e-05 0.00022028 0.00164944 0.00855294 0.0307177 0.0764711 0.132358 0.161167 0.14421 0.108135 0.0845814 0.0726497 0.0593023 0.0438071 0.0306336 0.020474 0.0126451 0.00702759 0.00343909 0.00143883 0.000497979
#obs catch len freq
 2.3132e-11 1.08802e-09 3.5436e-08 7.99173e-07 1.24802e-05 0.000134957 0.00101057 0.00524053 0.0188269 0.0469231 0.0815866 0.101101 0.096176 0.084518 0.0826607 0.0843972 0.0799574 0.0714155 0.0627532 0.0539841 0.044819 0.0353015 0.025361 0.0157635 0.00805593
 2.40967e-11 1.13339e-09 3.69138e-08 8.32501e-07 1.30007e-05 0.000140585 0.00105271 0.005459 0.0196108 0.0488679 0.0849066 0.104926 0.0988919 0.0850377 0.081118 0.0817363 0.0771826 0.0692472 0.0615554 0.0535365 0.0444674 0.0346761 0.0246299 0.0152022 0.0077414
 4.81923e-12 2.26673e-10 7.38261e-09 1.66497e-07 2.60014e-06 2.81189e-05 0.000210612 0.00109332 0.00394409 0.00999091 0.0184698 0.0280515 0.0430968 0.0708476 0.104649 0.123847 0.120491 0.10691 0.0937491 0.0813033 0.0678457 0.0530975 0.0376274 0.0230743 0.0116708
 1.49204e-14 7.01801e-13 2.28593e-11 5.15727e-10 8.06567e-09 8.77279e-08 6.72047e-07 3.79683e-06 1.80917e-05 8.91737e-05 0.000458497 0.00202521 0.0068184 0.0173759 0.0356004 0.0633624 0.100074 0.134704 0.150406 0.14284 0.121503 0.0951794 0.067428 0.0412961 0.0208186
 5.28064e-11 2.48376e-09 8.08944e-08 1.82437e-06 2.84902e-05 0.000308079 0.00230683 0.0119607 0.042942 0.106757 0.183778 0.219069 0.180835 0.103433 0.0412766 0.0124698 0.00544121 0.00722758 0.0117245 0.0157956 0.0171869 0.0153438 0.0114328 0.00709747 0.00358345
 3.51429e-11 1.65295e-09 5.38356e-08 1.21413e-06 1.89604e-05 0.000205031 0.00153528 0.0079614 0.0285996 0.0712594 0.123757 0.152667 0.142884 0.119966 0.107691 0.0950908 0.0676419 0.0353662 0.0143553 0.006835 0.00611541 0.00646361 0.00566423 0.00387346 0.00204685
 3.97168e-11 1.86808e-09 6.08423e-08 1.37215e-06 2.14281e-05 0.000231714 0.00173506 0.00899673 0.0323098 0.0804149 0.139053 0.168704 0.148992 0.107694 0.0797882 0.0672734 0.0567677 0.0438178 0.0299409 0.017183 0.00823293 0.00393145 0.00239482 0.00160798 0.000908205
 3.63116e-11 1.70792e-09 5.56259e-08 1.25451e-06 1.95909e-05 0.000211848 0.00158632 0.00822573 0.0295446 0.0735692 0.127464 0.155814 0.141358 0.110018 0.0906741 0.0796668 0.0638236 0.0451206 0.0303582 0.0199522 0.0119738 0.00616305 0.00275928 0.00118262 0.000512996
 3.74255e-11 1.76031e-09 5.73323e-08 1.29299e-06 2.01919e-05 0.000218346 0.00163497 0.00847789 0.0304485 0.0758018 0.131209 0.159814 0.143152 0.107693 0.0847782 0.0734295 0.0605941 0.0453007 0.0317946 0.0210062 0.0126974 0.00687766 0.00326215 0.00132526 0.000462676
 3.39271e-11 1.59577e-09 5.19732e-08 1.17213e-06 1.83044e-05 0.000197937 0.00148216 0.00768571 0.0276065 0.0687573 0.119225 0.146203 0.134132 0.107573 0.0926923 0.084426 0.0697837 0.0511721 0.0355497 0.0238812 0.0149234 0.00835162 0.00407319 0.00168595 0.000578371
 3.54598e-11 1.66786e-09 5.43211e-08 1.22508e-06 1.91314e-05 0.000206879 0.0015491 0.00803271 0.0288506 0.0718333 0.124404 0.151832 0.136996 0.105212 0.0856622 0.0764053 0.064729 0.0501113 0.0367191 0.0253363 0.0159684 0.00903879 0.00450686 0.00191556 0.000670217
 3.73484e-11 1.75669e-09 5.72142e-08 1.29032e-06 2.01503e-05 0.000217897 0.0016316 0.00846042 0.0303857 0.075645 0.130934 0.159462 0.142777 0.107252 0.0841162 0.0723765 0.0591922 0.0440878 0.0315903 0.0220717 0.014422 0.0084682 0.00433638 0.00188083 0.000670796
 3.71286e-11 1.74635e-09 5.68775e-08 1.28273e-06 2.00317e-05 0.000216615 0.001622 0.00841069 0.0302077 0.0752083 0.130221 0.158797 0.14283 0.108637 0.086733 0.0751507 0.0607947 0.043972 0.0301772 0.0202176 0.012878 0.00755416 0.00394536 0.00176018 0.000644801
 3.80968e-11 1.79189e-09 5.83607e-08 1.31618e-06 2.05541e-05 0.000222263 0.0016643 0.00862994 0.0309943 0.0771584 0.133541 0.162576 0.145365 0.108761 0.0847053 0.072341 0.0585401 0.0426374 0.0293052 0.0193315 0.0119246 0.00674818 0.00344083 0.00152761 0.000565764
 3.99695e-11 1.87997e-09 6.12295e-08 1.38088e-06 2.15644e-05 0.000233189 0.0017461 0.00905404 0.0325162 0.0809347 0.139992 0.170031 0.150741 0.110022 0.0821622 0.0677697 0.0536065 0.0381968 0.0257244 0.0167618 0.0102508 0.00571355 0.0028431 0.00122987 0.000447337
 3.52693e-11 1.6589e-09 5.40292e-08 1.2185e-06 1.90286e-05 0.000205768 0.00154079 0.00798973 0.0286981 0.0714724 0.123907 0.151825 0.138893 0.11051 0.0939411 0.084109 0.0675937 0.0471406 0.0305609 0.0191864 0.0114009 0.00621809 0.00303776 0.00128944 0.000459572
 3.91889e-11 1.84326e-09 6.00337e-08 1.35391e-06 2.11433e-05 0.000228635 0.001712 0.00887722 0.0318811 0.0793536 0.137255 0.166697 0.147767 0.107894 0.0809585 0.0679393 0.0557882 0.0420589 0.0297456 0.0195581 0.011595 0.00614689 0.00290551 0.00119913 0.000417741
 3.70443e-11 1.74239e-09 5.67484e-08 1.27982e-06 1.99862e-05 0.000216123 0.00161832 0.00839165 0.0301399 0.0750454 0.129979 0.15869 0.14333 0.110225 0.0892756 0.077551 0.0617846 0.0433352 0.0287442 0.01877 0.0116068 0.00645155 0.0031146 0.00127576 0.000434507
 3.70957e-11 1.7448e-09 5.68271e-08 1.28159e-06 2.00139e-05 0.000216423 0.00162056 0.00840323 0.0301809 0.0751412 0.130103 0.158645 0.142671 0.108503 0.0867429 0.0755808 0.0618525 0.0453566 0.0311153 0.0201866 0.0120832 0.00657657 0.00319766 0.00133896 0.000463627
 3.62957e-11 1.70718e-09 5.56016e-08 1.25396e-06 1.95823e-05 0.000211756 0.00158562 0.00822208 0.029531 0.0735298 0.127359 0.155513 0.140543 0.108319 0.0882768 0.0777223 0.0635783 0.0465025 0.0321287 0.0212971 0.0130605 0.00718353 0.00347383 0.00144256 0.000499417
 3.47629e-11 1.63508e-09 5.32535e-08 1.201e-06 1.87554e-05 0.000202813 0.00151866 0.00787495 0.0282852 0.0704381 0.122073 0.149388 0.136069 0.107124 0.0901159 0.0812381 0.0675234 0.050206 0.0352334 0.0236153 0.0146328 0.00816425 0.00400978 0.00168243 0.000584328
 3.57951e-11 1.68363e-09 5.48347e-08 1.23666e-06 1.93123e-05 0.000208835 0.00156375 0.00810866 0.0291233 0.0725126 0.125582 0.153272 0.138299 0.106185 0.0862781 0.0764561 0.0639206 0.048572 0.0350709 0.024118 0.0152547 0.00865681 0.00431555 0.00183578 0.000645278
 3.94993e-11 1.85785e-09 6.05091e-08 1.36463e-06 2.13107e-05 0.000230445 0.00172556 0.0089475 0.0321334 0.0799803 0.13833 0.167962 0.148747 0.108259 0.0805982 0.0667411 0.0537188 0.0396485 0.0280748 0.0193168 0.0124432 0.00724297 0.0036989 0.00160514 0.000573368
 3.77864e-11 1.77729e-09 5.78851e-08 1.30546e-06 2.03866e-05 0.000220452 0.00165074 0.0085597 0.0307429 0.0765408 0.132529 0.16161 0.14535 0.110483 0.087926 0.0754647 0.0597726 0.041652 0.0273128 0.0176414 0.0109722 0.00632545 0.00325936 0.00144115 0.000525596
 3.65211e-11 1.71778e-09 5.59469e-08 1.26174e-06 1.9704e-05 0.000213071 0.00159547 0.00827314 0.0297143 0.0739862 0.128148 0.156472 0.141396 0.108945 0.0887459 0.0780792 0.06371 0.0461818 0.0312111 0.0199819 0.0118442 0.00643181 0.00317141 0.00137599 0.000502178
 3.76107e-11 1.76903e-09 5.7616e-08 1.29939e-06 2.02918e-05 0.000219427 0.00164306 0.00851984 0.0305992 0.0761771 0.131859 0.160609 0.143868 0.108214 0.0850615 0.0733215 0.0599367 0.0442787 0.0308875 0.0204819 0.012452 0.00677006 0.00324985 0.00135353 0.000476613
 3.5129e-11 1.6523e-09 5.38143e-08 1.21365e-06 1.89529e-05 0.000204949 0.00153466 0.00795789 0.0285832 0.0711812 0.123367 0.150999 0.137618 0.108468 0.0912128 0.0817042 0.0668299 0.0484102 0.0331028 0.0219053 0.0135556 0.00756477 0.0037018 0.00154454 0.000535156
 3.81969e-11 1.7966e-09 5.8514e-08 1.31964e-06 2.06081e-05 0.000222847 0.00166867 0.00865256 0.031075 0.0773539 0.133842 0.16277 0.144989 0.107362 0.0824279 0.0702404 0.0578506 0.0436098 0.0311053 0.0209826 0.012981 0.00723504 0.00356949 0.00151072 0.000529304
#spawning biomass
 66742.8 73806.6 62673.8 41159.5 42950.6 81666.7 123385 165586 216363 249069 248258 249187 229899 250351 262350 269437 256048 260863 259521 277299 288493 287338 287539 307768 317591 336461 274690 279583 266895 380665 268363 165676 99633.8 62700.9 43578.9 34128.4 29594 27460.4 26469.5 26013.3 25804.6 25709.6 25666.3 25646.7 25637.9 25633.9 25632.1 25631.3 25630.9 25630.8 25630.7 25630.6 25630.6 25630.6 25630.6 25630.6 25630.6 25630.6 25630.6 25630.6 25630.6 25630.6 25630.6 25630.6 25630.6 25630.6 25630.6 25630.6 25630.6 25630.6 25630.6 25630.6 25630.6 25630.6 25630.6 25630.6 25630.6 25630.6 25630.6 25630.6 25630.6 25630.6 25630.6 25630.6 25630.6 25630.6 25630.6 25630.6 25630.6 25630.6 25630.6 25630.6 25630.6 25630.6 25630.6 25630.6 25630.6 25630.6 25630.6 25630.6 25630.6 25630.6 25630.6 25630.6 25630.6 25630.6 25630.6 25630.6 25630.6 25630.6 25630.6 25630.6 25630.6 25630.6 25630.6 25630.6 25630.6 25630.6 25630.6 25630.6 25630.6 25630.6 25630.6 25630.6 25630.6 25630.6 25630.6 25630.6 0 0 0 0 0 0 0 0 0 0 0 0 0 0 0 0 0 0 0 0 0 0 0 0 0
