SBPRF35
0.256306
Curr Bio
98607.1
B35
171179
F35
0.46201
FOFL
0.210851
OFL
17795
Bzero
73230.3
#pred survey bio
 51864.7 43590.6 39711.3 47117.8 47881.5 55203.5 53794.3 57574.9 60066.6 67049.2 78483.5 68646.6 81051.6 88941.2 92608.8 99980.8 101355 103504 112837 126155 126862 150817 155942 166386 162207 181751 199112 170790 5.41097e+06 3.48367e+06 2.58451e+06 1.82226e+06 1.33579e+06 1.06151e+06 915427 839089 798948 777337 765294 758320 754127 751525 749865 748784 748076 747608 747296 747086 746946 746851 746787 746744 746715 746695 746682 746673 746667 746663 746660 746658 746657 746656 746655 746655 746654 746654 746654 746654 746654 746654 746654 746654 746654 746654 746654 746654 746654 746654 746654 746654 746654 746654 746654 746654 746654 746654 746654 746654 746654 746654 746654 746654 746654 746654 746654 746654 746654 746654 746654 746654 746654 746654 746654 746654 746654 746654 746654 746654 746654 746654 746654 746654 746654 746654 746654 746654 746654 746654 746654 746654 746654 746654 746654 746654 746654 746654 746654 746654 0 0 0 0 0 0 0 0 0 0 0 0 0 0 0 0 0 0 0 0 0 0 0 0 0
#obs survey bio
 45725.8 42092.8 32238.2 55747.3 31390.6 72784.4 60264.9 65666.8 80691.7 55841.7 122147 63643.3 75384.5 94708.2 109120 115654 109388 86525.5 87746.6 136417 119075 189780 140123 198907 149889 178907 192076 186125
#pred catch bio
 31116.8 27234.3 21588.2 28507.2 26507.4 33653.1 30285.5 32384.4 32477.8 36181.5 51031.1 38087.5 45562.7 51723.1 52169.4 58346.2 60595.2 58249.6 61720 74432.2 65451.9 85744.1 86285.4 95536.6 84213.1 93509.4 121013 106682 17795 49251.6 34792.4 23169.5 16112.4 12370 10532.5 9672 9281.11 9107.09 9030.66 8997.4 8983.02 8976.82 8974.16 8973.02 8972.54 8972.33 8972.24 8972.2 8972.19 8972.18 8972.18 8972.18 8972.18 8972.18 8972.18 8972.18 8972.18 8972.18 8972.18 8972.18 8972.18 8972.18 8972.18 8972.18 8972.18 8972.18 8972.18 8972.18 8972.18 8972.18 8972.18 8972.18 8972.18 8972.18 8972.18 8972.18 8972.18 8972.18 8972.18 8972.18 8972.18 8972.18 8972.18 8972.18 8972.18 8972.18 8972.18 8972.18 8972.18 8972.18 8972.18 8972.18 8972.18 8972.18 8972.18 8972.18 8972.18 8972.18 8972.18 8972.18 8972.18 8972.18 8972.18 8972.18 8972.18 8972.18 8972.18 8972.18 8972.18 8972.18 8972.18 8972.18 8972.18 8972.18 8972.18 8972.18 8972.18 8972.18 8972.18 8972.18 8972.18 8972.18 8972.18 8972.18 8972.18 8972.18 8972.18 8972.18 0 0 0 0 0 0 0 0 0 0 0 0 0 0 0 0 0 0 0 0 0 0 0 0 0
#obs catch bio
 20247.1 27825.2 21842.4 29074.8 28130 32825.8 28731.3 31192.9 29993.1 35580.9 51338.4 37054.3 46901.6 50745.8 51476.2 54794.7 60151.3 59997.9 65324.8 72982.1 64720.5 84842.6 87057.4 92038.2 78536 91805.1 123650 106942
#pred cpue bio
 41534.1 31586.6 28338.5 33433.4 33822.3 39306.8 38355.6 41651.5 43726.7 48532.7 55953.8 48491.7 57168.8 63953.9 66275.7 71993.3 73055.8 73286.6 81209.5 90999.9 91041.5 109497 113063 121114 119461 133624 148272 126391 3.85701e+06 3.39381e+06 2.49465e+06 1.7324e+06 1.24593e+06 971648 825566 749227 709087 687475 675433 668458 664266 661663 660004 658923 658215 657746 657434 657225 657084 656989 656926 656882 656853 656834 656820 656811 656805 656801 656798 656796 656795 656794 656794 656793 656793 656793 656793 656793 656792 656792 656792 656792 656792 656792 656792 656792 656792 656792 656792 656792 656792 656792 656792 656792 656792 656792 656792 656792 656792 656792 656792 656792 656792 656792 656792 656792 656792 656792 656792 656792 656792 656792 656792 656792 656792 656792 656792 656792 656792 656792 656792 656792 656792 656792 656792 656792 656792 656792 656792 656792 656792 656792 656792 656792 656792 656792 656792 656792 0 0 0 0 0 0 0 0 0 0 0 0 0 0 0 0 0 0 0 0 0 0 0 0 0
#obs cpue bio
 26064.1 34855.7 28629.1 30268.7 31754.5 46730.8 40858.1 41631.1 49409 48749.2 41702.3 51515.2 51819.1 72041.8 59268.5 86124.4 65187.7 66746.2 78247.5 120612 85320.1 102113 110852 137050 175392 121619 149489 113444
#pred surv len freq
 3.83277e-11 1.80275e-09 5.87144e-08 1.32416e-06 2.06786e-05 0.00022361 0.00167437 0.00868205 0.0311793 0.0775993 0.134168 0.162698 0.14341 0.10294 0.0748687 0.0610773 0.0493551 0.037395 0.0281741 0.0219883 0.0179466 0.0154292 0.0134209 0.0106985 0.0070495
 4.23005e-11 1.98961e-09 6.48004e-08 1.46141e-06 2.2822e-05 0.000246788 0.00184793 0.00958204 0.0344119 0.0856498 0.148122 0.17978 0.158953 0.114935 0.0838074 0.0660214 0.0477666 0.0288745 0.0156184 0.0087504 0.00551502 0.00386976 0.00287574 0.00206523 0.00128246
 4.23462e-11 1.99176e-09 6.48704e-08 1.46299e-06 2.28467e-05 0.000247054 0.00184993 0.00959244 0.0344499 0.085751 0.148342 0.180258 0.160054 0.11716 0.0871582 0.0694976 0.0500009 0.0292294 0.0143571 0.00650607 0.00290658 0.00134168 0.000684411 0.000382827 0.000207036
 4.27696e-11 2.01168e-09 6.5519e-08 1.47762e-06 2.30751e-05 0.000249525 0.00186842 0.00968829 0.0347935 0.0865996 0.149765 0.181775 0.160722 0.116245 0.0848734 0.0671093 0.0488742 0.0296257 0.0154245 0.00732319 0.00317328 0.00122543 0.00043307 0.000151951 5.59342e-05
 4.289e-11 2.01734e-09 6.57035e-08 1.48178e-06 2.31401e-05 0.000250227 0.00187369 0.00971559 0.0348917 0.0868456 0.150201 0.182356 0.161399 0.11705 0.0857394 0.0676261 0.0485617 0.0285284 0.0141571 0.00644469 0.00276239 0.00107271 0.000364236 0.000107238 2.78697e-05
 4.24931e-11 1.99867e-09 6.50955e-08 1.46807e-06 2.2926e-05 0.000247912 0.00185635 0.0096257 0.0345691 0.0860445 0.148829 0.180752 0.160181 0.116616 0.0860606 0.0684837 0.0497607 0.0298421 0.0152637 0.00712034 0.00305074 0.00115782 0.000381323 0.00010819 2.60641e-05
 4.23299e-11 1.991e-09 6.48454e-08 1.46243e-06 2.28379e-05 0.00024696 0.00184922 0.00958875 0.0344367 0.085718 0.148285 0.180188 0.15999 0.117117 0.0871605 0.0696041 0.050272 0.0296344 0.014745 0.00670678 0.00285271 0.00109204 0.000363033 0.000102667 2.42205e-05
 4.15303e-11 1.95339e-09 6.36205e-08 1.4348e-06 2.24065e-05 0.000242295 0.00181429 0.00940768 0.0337869 0.0841058 0.145532 0.177012 0.157721 0.116643 0.0883704 0.0717485 0.0526244 0.0317589 0.0163689 0.00770017 0.00331946 0.00126241 0.000414377 0.000116293 2.73875e-05
 4.12061e-11 1.93814e-09 6.31239e-08 1.4236e-06 2.22316e-05 0.000240403 0.00180013 0.00933425 0.0335234 0.0834516 0.144412 0.175708 0.156745 0.116326 0.0886646 0.0724115 0.0534499 0.0326258 0.0171632 0.00830943 0.00369935 0.00145192 0.0004888 0.000139025 3.27904e-05
 4.16567e-11 1.95933e-09 6.38142e-08 1.43917e-06 2.24747e-05 0.000243032 0.00181981 0.00943628 0.0338893 0.0843569 0.145941 0.177393 0.157685 0.115845 0.0869005 0.0702907 0.0519705 0.0321049 0.0172622 0.00858424 0.00392358 0.00158184 0.000548467 0.000160785 3.89535e-05
 4.25725e-11 2.00241e-09 6.52171e-08 1.47081e-06 2.29688e-05 0.000248375 0.00185981 0.00964365 0.0346332 0.0862012 0.14908 0.180964 0.160071 0.115919 0.0848417 0.0672804 0.0492127 0.0301294 0.0160472 0.0079465 0.00365869 0.00150261 0.000534433 0.000161135 4.01612e-05
 4.281e-11 2.01358e-09 6.5581e-08 1.47901e-06 2.30969e-05 0.000249761 0.00187019 0.00969749 0.0348269 0.0866865 0.149941 0.18211 0.161402 0.117509 0.0865861 0.0684321 0.0488473 0.028216 0.0135909 0.00599028 0.00253439 0.00099991 0.000352042 0.000106907 2.71111e-05
 4.30514e-11 2.02493e-09 6.59508e-08 1.48735e-06 2.32272e-05 0.000251169 0.00188074 0.00975212 0.0350226 0.0871682 0.150738 0.182908 0.161568 0.116516 0.0846077 0.0665165 0.0481379 0.0288667 0.01476 0.00684672 0.00289112 0.00107417 0.000347136 9.7928e-05 2.37875e-05
 4.18689e-11 1.96931e-09 6.41393e-08 1.4465e-06 2.25892e-05 0.00024427 0.00182908 0.00948436 0.0340621 0.0847887 0.146698 0.178361 0.158694 0.116869 0.0878894 0.0708518 0.0515963 0.0307988 0.0156384 0.00727912 0.00314499 0.00120909 0.000399717 0.000111654 2.59636e-05
 4.22074e-11 1.98524e-09 6.46579e-08 1.4582e-06 2.27718e-05 0.000246245 0.00184387 0.00956101 0.034337 0.085469 0.147849 0.179634 0.159426 0.116567 0.0866578 0.0693611 0.050556 0.0304167 0.0156534 0.00738288 0.00321332 0.00124138 0.000414481 0.000117755 2.78409e-05
 4.18456e-11 1.96822e-09 6.41035e-08 1.44569e-06 2.25766e-05 0.000244134 0.00182806 0.00947906 0.034043 0.0847402 0.146608 0.178224 0.158484 0.116538 0.0874645 0.0705242 0.0515935 0.0311396 0.0161098 0.00766204 0.00337152 0.00131853 0.000445479 0.000127885 3.05385e-05
 4.17674e-11 1.96454e-09 6.39837e-08 1.44299e-06 2.25344e-05 0.000243678 0.00182464 0.00946136 0.0339795 0.0845832 0.146344 0.177934 0.158331 0.116644 0.0878006 0.0709091 0.0518331 0.0311837 0.016048 0.00759658 0.00333998 0.00131157 0.000446764 0.000129624 3.13088e-05
 4.28296e-11 2.0145e-09 6.56109e-08 1.47969e-06 2.31075e-05 0.000249875 0.00187104 0.00970189 0.0348424 0.086722 0.149981 0.182061 0.161047 0.116619 0.0852621 0.0673208 0.0486887 0.0290803 0.0148299 0.00694593 0.00302613 0.00118073 0.000400858 0.000116356 2.82267e-05
 4.18285e-11 1.96741e-09 6.40774e-08 1.4451e-06 2.25674e-05 0.000244034 0.00182732 0.00947521 0.0340292 0.084707 0.146558 0.178193 0.158555 0.116793 0.087876 0.0708996 0.0517088 0.0309538 0.0157827 0.00737462 0.00319622 0.00123736 0.000416294 0.000119859 2.89175e-05
 4.17972e-11 1.96594e-09 6.40294e-08 1.44402e-06 2.25505e-05 0.000243852 0.00182595 0.00946811 0.0340036 0.0846414 0.146433 0.177987 0.158202 0.116192 0.0870815 0.0702799 0.0516979 0.0315871 0.0166543 0.00806508 0.00357832 0.00139799 0.000470363 0.000134786 3.22935e-05
 4.20369e-11 1.97721e-09 6.43965e-08 1.4523e-06 2.26798e-05 0.00024525 0.00183642 0.00952238 0.0341984 0.0851259 0.147267 0.178984 0.159029 0.116656 0.0871761 0.0699967 0.0509924 0.0305835 0.0156963 0.00743903 0.00329776 0.0013123 0.000452779 0.000132408 3.20655e-05
 4.14397e-11 1.94912e-09 6.34817e-08 1.43167e-06 2.23576e-05 0.000241766 0.00181033 0.00938713 0.033713 0.0839203 0.145201 0.176564 0.157178 0.115958 0.0875839 0.0711891 0.0527008 0.0325065 0.0173865 0.00855345 0.00384717 0.00152377 0.000521793 0.000152828 3.74502e-05
 4.14765e-11 1.95086e-09 6.35382e-08 1.43294e-06 2.23775e-05 0.000241981 0.00181194 0.00939549 0.0337431 0.0839962 0.145338 0.176758 0.157436 0.116313 0.0879963 0.0714399 0.0525474 0.0319823 0.0168105 0.00819812 0.00372655 0.00151308 0.000531305 0.000157982 3.89143e-05
 4.12482e-11 1.94012e-09 6.31884e-08 1.42505e-06 2.22543e-05 0.000240649 0.00180197 0.00934378 0.0335575 0.0835357 0.144551 0.17585 0.156784 0.116172 0.0883358 0.072058 0.053244 0.0326199 0.0172856 0.00846587 0.00383548 0.00154778 0.000543301 0.000163117 4.08438e-05
 4.04503e-11 1.90259e-09 6.19661e-08 1.39749e-06 2.18238e-05 0.000235994 0.00176711 0.00916311 0.0329094 0.0819302 0.141827 0.172786 0.154858 0.116441 0.0906031 0.0750486 0.0556354 0.0339485 0.0178503 0.00868585 0.00392992 0.00158923 0.000558737 0.000167722 4.20148e-05
 4.07622e-11 1.91726e-09 6.24439e-08 1.40826e-06 2.19921e-05 0.000237813 0.00178074 0.0092337 0.0331623 0.0825533 0.142861 0.173837 0.155134 0.115286 0.0882003 0.0726122 0.0545145 0.0344172 0.0190794 0.00976819 0.00454775 0.00185478 0.000652096 0.000195566 4.89986e-05
 3.99079e-11 1.87708e-09 6.11352e-08 1.37875e-06 2.15312e-05 0.00023283 0.00174342 0.00904027 0.0324684 0.0808338 0.139939 0.170535 0.153004 0.115421 0.0903816 0.0755417 0.0568787 0.0357983 0.0198207 0.0102651 0.00492169 0.00209115 0.000764714 0.000235662 5.98517e-05
 4.01699e-11 1.8894e-09 6.15366e-08 1.3878e-06 2.16725e-05 0.000234358 0.00175487 0.00909962 0.0326816 0.0813653 0.140863 0.171681 0.15409 0.116331 0.0910861 0.0757878 0.0563115 0.0344596 0.018256 0.00904051 0.00422105 0.00178619 0.000662875 0.000209973 5.507e-05
#obs surv len freq
 4.10573e-11 1.93114e-09 6.28959e-08 1.41846e-06 2.21513e-05 0.000239535 0.00179363 0.00930056 0.0334027 0.0831525 0.143906 0.175147 0.156423 0.116454 0.0891905 0.0730261 0.0538346 0.0327133 0.0171175 0.00829345 0.00374384 0.00151152 0.000529535 0.000157969 3.93119e-05
 4.2062e-11 1.9784e-09 6.4435e-08 1.45317e-06 2.26934e-05 0.000245397 0.00183752 0.00952808 0.034219 0.0851758 0.147348 0.179056 0.159011 0.116477 0.08687 0.06974 0.0509707 0.0307913 0.0159432 0.00756818 0.00331148 0.00128823 0.000436344 0.000127279 3.12954e-05
 4.14127e-11 1.94785e-09 6.34402e-08 1.43074e-06 2.2343e-05 0.000241608 0.00180915 0.00938102 0.0336913 0.0838678 0.145121 0.176518 0.157301 0.116382 0.0882664 0.0718126 0.0528972 0.0322098 0.0168581 0.0080837 0.0035486 0.00137088 0.000456057 0.000129522 3.0916e-05
 4.28093e-11 2.01354e-09 6.55797e-08 1.47899e-06 2.30965e-05 0.000249756 0.00187016 0.00969727 0.0348259 0.0866796 0.149902 0.181935 0.160845 0.116288 0.0848355 0.0670022 0.0487154 0.0294625 0.0153275 0.00731934 0.00321373 0.00124591 0.000415671 0.000117772 2.78239e-05
 4.11903e-11 1.9374e-09 6.30997e-08 1.42306e-06 2.22231e-05 0.000240311 0.00179944 0.0093307 0.033511 0.083423 0.144379 0.175745 0.157025 0.117033 0.0897296 0.0733403 0.0536642 0.0320355 0.0162173 0.00750298 0.00321763 0.0012313 0.000408387 0.000115512 2.72869e-05
 4.28682e-11 2.01631e-09 6.567e-08 1.48103e-06 2.31283e-05 0.0002501 0.00187273 0.00971062 0.0348737 0.0867973 0.150097 0.182131 0.160888 0.116052 0.0843655 0.0665553 0.0485683 0.0296419 0.0156132 0.0075059 0.00327021 0.00124127 0.000403383 0.000111767 2.60221e-05
 4.24403e-11 1.99619e-09 6.50145e-08 1.46624e-06 2.28975e-05 0.000247604 0.00185404 0.00961375 0.0345264 0.0859394 0.148656 0.180587 0.160176 0.116901 0.0865894 0.0689736 0.0499055 0.0296146 0.0149135 0.00687958 0.00295562 0.00113557 0.000376662 0.000105651 2.45566e-05
 4.07632e-11 1.9173e-09 6.24454e-08 1.4083e-06 2.19926e-05 0.000237819 0.00178078 0.00923396 0.0331638 0.082561 0.142903 0.174025 0.155736 0.116612 0.0901387 0.0743031 0.0549303 0.0333722 0.0173353 0.00820077 0.00353104 0.00133184 0.000431849 0.000119664 2.78526e-05
 4.18794e-11 1.9698e-09 6.41552e-08 1.44686e-06 2.25948e-05 0.000244331 0.00182954 0.0094867 0.0340703 0.0848058 0.146707 0.178275 0.158311 0.115968 0.0865669 0.0697443 0.0514363 0.0316602 0.0168849 0.00825988 0.00367277 0.00142286 0.000469499 0.000130633 3.01819e-05
 4.11154e-11 1.93387e-09 6.29849e-08 1.42047e-06 2.21827e-05 0.000239874 0.00179617 0.00931373 0.0334501 0.083271 0.144114 0.175418 0.156716 0.116773 0.0895238 0.0732515 0.0537886 0.0323749 0.0166445 0.00787051 0.00345716 0.00135401 0.00045779 0.000130884 3.09231e-05
 4.34338e-11 2.04292e-09 6.65365e-08 1.50057e-06 2.34335e-05 0.0002534 0.00189744 0.0098387 0.0353333 0.0879373 0.152041 0.184364 0.162451 0.116295 0.0833779 0.0649334 0.0468997 0.0282363 0.0145905 0.00689284 0.00298447 0.00114048 0.00037666 0.000106513 2.52842e-05
 4.18327e-11 1.96761e-09 6.40838e-08 1.44525e-06 2.25697e-05 0.000244059 0.0018275 0.00947618 0.034033 0.0847173 0.146584 0.178268 0.158757 0.117214 0.0884784 0.0714082 0.0517995 0.0305821 0.0152129 0.00689232 0.00290335 0.00109546 0.000358514 0.000100058 2.33663e-05
 4.29926e-11 2.02216e-09 6.58605e-08 1.48532e-06 2.31954e-05 0.000250826 0.00187816 0.00973879 0.0349749 0.0870492 0.150533 0.182664 0.161368 0.116408 0.0845895 0.0665808 0.0482892 0.0290864 0.0149867 0.00701697 0.00298341 0.00110752 0.000352185 9.56139e-05 2.18733e-05
 3.9891e-11 1.87628e-09 6.11093e-08 1.37817e-06 2.15221e-05 0.000232731 0.00174268 0.00903648 0.0324555 0.0808062 0.139925 0.170679 0.153641 0.116928 0.0926439 0.077584 0.0575225 0.0347788 0.0179184 0.00843854 0.00364985 0.00138981 0.000452455 0.000124121 2.82196e-05
 4.37913e-11 2.05973e-09 6.70841e-08 1.51292e-06 2.36263e-05 0.000255485 0.00191305 0.00991963 0.0356234 0.0886549 0.153251 0.185686 0.16315 0.115812 0.0818382 0.0631512 0.0457537 0.027973 0.01484 0.00721052 0.00318041 0.00122264 0.00040143 0.000111559 2.57723e-05
 4.01659e-11 1.88921e-09 6.15303e-08 1.38767e-06 2.16704e-05 0.000234335 0.00175469 0.00909873 0.032679 0.0813618 0.140881 0.171817 0.154572 0.117423 0.0927019 0.077226 0.056729 0.0336847 0.0168745 0.00774317 0.00332657 0.00128644 0.000431424 0.000122526 2.87884e-05
 4.40518e-11 2.07199e-09 6.74832e-08 1.52192e-06 2.37669e-05 0.000257005 0.00192443 0.00997862 0.035835 0.0891789 0.154139 0.186676 0.163743 0.115646 0.0809911 0.0621034 0.045004 0.027661 0.0147799 0.00719714 0.00314985 0.00119274 0.000386347 0.000107113 2.50498e-05
 4.02515e-11 1.89324e-09 6.16615e-08 1.39062e-06 2.17166e-05 0.000234834 0.00175843 0.00911813 0.0327486 0.0815349 0.141179 0.172172 0.154864 0.117581 0.0927261 0.0771217 0.0564887 0.0333497 0.016553 0.00752508 0.00321785 0.00124307 0.000415882 0.000117359 2.73432e-05
 4.10087e-11 1.92885e-09 6.28214e-08 1.41678e-06 2.21251e-05 0.000239251 0.0017915 0.00928952 0.0333628 0.0830508 0.143713 0.174835 0.155898 0.115581 0.088078 0.0722629 0.0540746 0.0339087 0.018492 0.00916204 0.00404321 0.0015316 0.000494535 0.000136634 3.18557e-05
 4.23214e-11 1.99059e-09 6.48323e-08 1.46213e-06 2.28333e-05 0.00024691 0.00184884 0.00958679 0.0344294 0.0856961 0.148223 0.180002 0.159475 0.116026 0.0855932 0.0682701 0.050014 0.0305834 0.0162324 0.00798609 0.00363178 0.0014568 0.000498056 0.000142146 3.32546e-05
 4.08257e-11 1.92024e-09 6.25411e-08 1.41046e-06 2.20263e-05 0.000238184 0.00178351 0.0092481 0.0332145 0.0826861 0.143112 0.174245 0.155821 0.116442 0.0897282 0.0738246 0.0545904 0.0332674 0.0174357 0.008412 0.00374793 0.00148471 0.000510184 0.00014944 3.63398e-05
 4.06384e-11 1.91144e-09 6.22542e-08 1.40399e-06 2.19253e-05 0.000237092 0.00177533 0.0092057 0.0330623 0.082308 0.142463 0.17348 0.155223 0.116184 0.0898014 0.0741594 0.0551367 0.0339301 0.0180354 0.00880278 0.00392634 0.00153961 0.000520479 0.000150295 3.63815e-05
 4.20754e-11 1.97903e-09 6.44556e-08 1.45364e-06 2.27006e-05 0.000245475 0.0018381 0.00953108 0.0342295 0.0851994 0.147371 0.179 0.158695 0.115702 0.0857131 0.0687352 0.0507457 0.0314445 0.0169858 0.00845814 0.00384291 0.00152947 0.000521919 0.000150928 3.63202e-05
 4.02608e-11 1.89367e-09 6.16757e-08 1.39094e-06 2.17216e-05 0.000234888 0.00175884 0.0091202 0.0327557 0.081549 0.141179 0.172058 0.1544 0.116504 0.0911437 0.0757712 0.0562303 0.0342965 0.0180021 0.00872976 0.00392682 0.00157299 0.00054497 0.000160186 3.90383e-05
 4.16929e-11 1.96103e-09 6.38695e-08 1.44042e-06 2.24942e-05 0.000243243 0.00182139 0.00944446 0.0339187 0.0844291 0.14606 0.177512 0.15771 0.115698 0.086613 0.0700317 0.0519155 0.0322554 0.0174531 0.00867802 0.00392136 0.00155113 0.00052874 0.000154095 3.76352e-05
 3.9042e-11 1.83635e-09 5.98086e-08 1.34884e-06 2.1064e-05 0.000227778 0.00170559 0.00884419 0.0317653 0.079093 0.136993 0.167265 0.151094 0.116116 0.093452 0.079379 0.0597536 0.0370924 0.0199746 0.0099495 0.00455838 0.00184199 0.000639668 0.000187897 4.57829e-05
 4.07563e-11 1.91698e-09 6.24348e-08 1.40806e-06 2.19889e-05 0.000237779 0.00178048 0.00923237 0.0331577 0.0825416 0.142842 0.17382 0.155141 0.115336 0.0882877 0.0726994 0.0545559 0.0344002 0.0190273 0.00971181 0.00450423 0.00182748 0.000637673 0.000189174 4.669e-05
 3.93212e-11 1.84948e-09 6.02364e-08 1.35848e-06 2.12147e-05 0.000229407 0.00171779 0.00890742 0.0319921 0.0796545 0.137944 0.168326 0.151731 0.115938 0.0925274 0.078193 0.0588258 0.0366203 0.0198534 0.0100007 0.00465531 0.00192073 0.00068364 0.000206024 5.1406e-05
#pred catch len freq
 3.21966e-11 1.51437e-09 4.93222e-08 1.11234e-06 1.73708e-05 0.000187841 0.00140655 0.0072936 0.0261971 0.0652393 0.11307 0.138398 0.126152 0.0995171 0.0839936 0.0760328 0.0637897 0.0487832 0.036817 0.0287398 0.0234574 0.020167 0.017542 0.0139837 0.0092142
 3.74096e-11 1.75957e-09 5.7308e-08 1.29244e-06 2.01833e-05 0.000218254 0.00163429 0.00847452 0.0304387 0.0758025 0.131378 0.160804 0.14652 0.115194 0.0956283 0.0824272 0.061656 0.0376102 0.0203861 0.0114258 0.00720154 0.00505316 0.00375516 0.00269679 0.00167465
 3.65656e-11 1.71987e-09 5.60151e-08 1.26328e-06 1.97279e-05 0.00021333 0.00159742 0.0082835 0.0297544 0.0741159 0.128575 0.157939 0.145716 0.118273 0.102384 0.0902031 0.0672735 0.0397123 0.019551 0.00886367 0.0039601 0.00182799 0.000932489 0.000521589 0.00028208
 3.77952e-11 1.7777e-09 5.78987e-08 1.30576e-06 2.03913e-05 0.000220504 0.00165113 0.00856189 0.0307527 0.0765859 0.132746 0.162531 0.148261 0.116936 0.0976009 0.084648 0.0637825 0.0390197 0.0203579 0.00966917 0.00419006 0.00161809 0.000571838 0.00020064 7.38571e-05
 3.73565e-11 1.75707e-09 5.72267e-08 1.2906e-06 2.01547e-05 0.000217945 0.00163197 0.00846259 0.0303969 0.0757078 0.131279 0.160991 0.147672 0.118114 0.100319 0.0874742 0.0651629 0.0386657 0.0192326 0.00875916 0.00375469 0.00145806 0.00049508 0.00014576 3.78812e-05
 3.75155e-11 1.76455e-09 5.74703e-08 1.2961e-06 2.02405e-05 0.000218872 0.00163892 0.00849858 0.0305257 0.0760249 0.131803 0.16151 0.147759 0.117412 0.0989474 0.0861594 0.0646966 0.0391458 0.0200632 0.00936284 0.00401177 0.00152256 0.000501448 0.000142272 3.42748e-05
 3.67695e-11 1.72946e-09 5.63274e-08 1.27032e-06 1.98379e-05 0.00021452 0.00160633 0.00832966 0.02992 0.074526 0.12927 0.158716 0.14619 0.118171 0.101792 0.0895378 0.0669642 0.0398489 0.019871 0.00904219 0.00384631 0.0014724 0.00048948 0.000138427 3.26566e-05
 3.5778e-11 1.68283e-09 5.48086e-08 1.23607e-06 1.9303e-05 0.000208736 0.00156302 0.00810513 0.0291142 0.0725267 0.125855 0.15477 0.143346 0.11752 0.1032 0.0921223 0.0698763 0.0425508 0.0219761 0.0103418 0.00445847 0.00169559 0.000556567 0.000156198 3.67853e-05
 3.51296e-11 1.65233e-09 5.38152e-08 1.21367e-06 1.89532e-05 0.000204953 0.00153469 0.00795829 0.0285873 0.0712193 0.123622 0.152193 0.141502 0.117121 0.104137 0.0937609 0.0716218 0.0441179 0.0232565 0.0112636 0.00501482 0.00196823 0.000662619 0.000188463 4.44507e-05
 3.56614e-11 1.67734e-09 5.463e-08 1.23204e-06 1.92401e-05 0.000208056 0.00155793 0.00807871 0.0290191 0.0722875 0.125425 0.154172 0.142577 0.116478 0.101944 0.0911611 0.069852 0.0435628 0.0234725 0.011677 0.00533743 0.00215185 0.000746109 0.000218724 5.29904e-05
 3.81063e-11 1.79234e-09 5.83753e-08 1.31651e-06 2.05592e-05 0.000222319 0.00166472 0.00863233 0.0310053 0.0772104 0.133798 0.163672 0.148839 0.116439 0.0961165 0.0828782 0.0625259 0.0386009 0.0205979 0.0102034 0.00469803 0.00192946 0.000686254 0.00020691 5.15701e-05
 3.72757e-11 1.75327e-09 5.71028e-08 1.28781e-06 2.0111e-05 0.000217473 0.00162844 0.00844431 0.0303315 0.0755477 0.131021 0.160763 0.147745 0.118731 0.101395 0.0884688 0.0654674 0.038191 0.0184386 0.00813073 0.00344022 0.00135731 0.000477872 0.000145118 3.68013e-05
 3.76494e-11 1.77085e-09 5.76753e-08 1.30072e-06 2.03127e-05 0.000219653 0.00164476 0.00852889 0.0306344 0.0762943 0.13226 0.162025 0.148086 0.117376 0.0985907 0.085705 0.0643661 0.0389879 0.0199811 0.00927261 0.00391573 0.00145486 0.000470163 0.000132634 3.2218e-05
 3.6417e-11 1.71288e-09 5.57875e-08 1.25815e-06 1.96478e-05 0.000212464 0.00159093 0.00824985 0.0296335 0.0738147 0.128052 0.157293 0.145112 0.117792 0.102075 0.090262 0.067943 0.0409193 0.0208198 0.00969465 0.00418887 0.00161042 0.000532393 0.000148714 3.45815e-05
 3.66163e-11 1.72226e-09 5.60928e-08 1.26503e-06 1.97553e-05 0.000213626 0.00159964 0.00829496 0.0297952 0.0742143 0.128723 0.158017 0.145459 0.117428 0.101084 0.0891678 0.0673114 0.0408813 0.0210842 0.0099483 0.00433014 0.00167283 0.000558541 0.000158683 3.75174e-05
 3.64087e-11 1.71249e-09 5.57747e-08 1.25786e-06 1.96433e-05 0.000212415 0.00159057 0.00824793 0.0296265 0.0737958 0.12801 0.157198 0.144889 0.117348 0.10145 0.0897454 0.0678713 0.0413306 0.0214255 0.0101941 0.00448593 0.00175436 0.000592729 0.000170156 4.06328e-05
 3.64857e-11 1.71611e-09 5.58926e-08 1.26052e-06 1.96848e-05 0.000212864 0.00159393 0.00826537 0.0296891 0.0739514 0.128277 0.157513 0.145139 0.117461 0.10143 0.0896162 0.0676479 0.041051 0.0211677 0.0100238 0.00440737 0.00173073 0.000589543 0.00017105 4.13147e-05
 3.73802e-11 1.75819e-09 5.7263e-08 1.29142e-06 2.01674e-05 0.000218083 0.00163301 0.00846794 0.0304158 0.0757529 0.131342 0.160998 0.147458 0.11751 0.0993958 0.0866829 0.0650181 0.0392189 0.0200458 0.00939291 0.00409246 0.0015968 0.000542112 0.000157358 3.81732e-05
 3.5966e-11 1.69167e-09 5.50965e-08 1.24256e-06 1.94044e-05 0.000209832 0.00157123 0.0081477 0.0292671 0.0729062 0.126505 0.155534 0.143937 0.117756 0.103088 0.0917377 0.0692837 0.041865 0.0213921 0.00999974 0.00433421 0.00167793 0.000564517 0.000162536 3.92136e-05
 3.64227e-11 1.71315e-09 5.57961e-08 1.25834e-06 1.96508e-05 0.000212497 0.00159118 0.00825109 0.0296377 0.073822 0.128044 0.157187 0.144711 0.116877 0.100742 0.0891454 0.0677758 0.0417775 0.022071 0.0106921 0.00474409 0.00185345 0.000623605 0.000178699 4.28146e-05
 3.58752e-11 1.6874e-09 5.49574e-08 1.23943e-06 1.93554e-05 0.000209302 0.00156726 0.00812714 0.0291932 0.0727228 0.126191 0.155164 0.143648 0.117628 0.103104 0.0918365 0.0694293 0.0420582 0.0216348 0.0102579 0.00454763 0.00180968 0.00062439 0.000182593 4.42188e-05
 3.57302e-11 1.68058e-09 5.47353e-08 1.23442e-06 1.92772e-05 0.000208456 0.00156093 0.00809427 0.029075 0.0724263 0.125663 0.154454 0.142803 0.116591 0.101958 0.091113 0.069758 0.0434137 0.0232667 0.0114504 0.00515039 0.00203996 0.000698553 0.0002046 5.01367e-05
 3.56017e-11 1.67453e-09 5.45384e-08 1.22998e-06 1.92079e-05 0.000207707 0.00155532 0.00806519 0.0289708 0.0721698 0.125238 0.154025 0.142702 0.117091 0.102963 0.0920736 0.0700837 0.043047 0.0226731 0.0110614 0.00502833 0.00204164 0.000716908 0.00021317 5.25084e-05
 3.55661e-11 1.67286e-09 5.44839e-08 1.22875e-06 1.91887e-05 0.000207499 0.00155376 0.00805712 0.0289418 0.0720971 0.125109 0.153855 0.142508 0.116866 0.102731 0.0919532 0.0702097 0.0433907 0.0230383 0.0112873 0.00511398 0.00206372 0.000724406 0.00021749 5.44588e-05
 3.39759e-11 1.59806e-09 5.20479e-08 1.17381e-06 1.83308e-05 0.000198222 0.0014843 0.00769706 0.0276502 0.068897 0.119676 0.147733 0.13862 0.117295 0.107094 0.0977892 0.0749701 0.0461543 0.0243168 0.0118368 0.00535582 0.00216586 0.000761467 0.000228577 5.72593e-05
 3.42888e-11 1.61278e-09 5.25272e-08 1.18462e-06 1.84996e-05 0.000200047 0.00149796 0.00776785 0.0279036 0.0695202 0.120701 0.14873 0.138712 0.115728 0.104095 0.0948545 0.0737763 0.0470115 0.0261139 0.0133743 0.00622693 0.00253963 0.000892875 0.000267776 6.70908e-05
 3.4362e-11 1.61622e-09 5.26393e-08 1.18715e-06 1.8539e-05 0.000200474 0.00150116 0.00778443 0.0279632 0.069668 0.120954 0.149029 0.138946 0.115822 0.104024 0.0945956 0.0733273 0.0465035 0.0257909 0.0133609 0.00640625 0.00272193 0.000995383 0.000306748 7.79054e-05
 3.48964e-11 1.64136e-09 5.3458e-08 1.20561e-06 1.88274e-05 0.000203592 0.00152451 0.00790548 0.0283978 0.0707492 0.122819 0.151269 0.140844 0.116983 0.104451 0.0942392 0.0720131 0.0443965 0.0235598 0.0116705 0.00544923 0.00230591 0.000855752 0.000271069 7.10937e-05
#obs catch len freq
 3.65569e-11 1.71946e-09 5.60017e-08 1.26298e-06 1.97233e-05 0.00021328 0.00159704 0.00828145 0.0297464 0.0740875 0.128471 0.157556 0.144562 0.115786 0.0988392 0.0873412 0.06711 0.0424466 0.0233715 0.0118453 0.00545721 0.00220537 0.000771523 0.000232101 5.89401e-05
 3.62071e-11 1.70301e-09 5.54658e-08 1.25089e-06 1.95345e-05 0.000211239 0.00158176 0.00820227 0.0294627 0.0733884 0.127309 0.156365 0.144211 0.11699 0.101394 0.0899341 0.0682947 0.0419486 0.0221033 0.0107735 0.00488296 0.00197557 0.000692839 0.000206806 5.1483e-05
 3.6853e-11 1.73339e-09 5.64552e-08 1.27321e-06 1.9883e-05 0.000215007 0.00160997 0.00834853 0.0299875 0.0746894 0.129524 0.158891 0.145918 0.117101 0.100052 0.0879774 0.0665477 0.0407056 0.021246 0.0101552 0.00446435 0.00174111 0.000590518 0.00017238 4.24039e-05
 3.64189e-11 1.71297e-09 5.57904e-08 1.25821e-06 1.96488e-05 0.000212475 0.00159102 0.00825025 0.0296348 0.0738147 0.128032 0.157178 0.144723 0.116924 0.100823 0.0892301 0.067825 0.0417739 0.0220247 0.010627 0.00468448 0.0018137 0.000604073 0.000171675 4.09946e-05
 3.80423e-11 1.78933e-09 5.82772e-08 1.3143e-06 2.05246e-05 0.000221945 0.00166193 0.00861784 0.0309535 0.0770831 0.13359 0.163479 0.148854 0.116842 0.0968732 0.0836695 0.0629662 0.0385523 0.0202075 0.00971056 0.00428162 0.00166363 0.000555679 0.000157545 3.72352e-05
 3.60237e-11 1.69438e-09 5.5185e-08 1.24456e-06 1.94356e-05 0.000210169 0.00157375 0.00816078 0.0293141 0.0730227 0.126704 0.155764 0.144102 0.117793 0.103007 0.0915994 0.0691414 0.0417406 0.0212868 0.00991438 0.00427182 0.00163889 0.000544282 0.000154062 3.64091e-05
 3.81738e-11 1.79551e-09 5.84785e-08 1.31884e-06 2.05956e-05 0.000222712 0.00166767 0.00864759 0.0310602 0.0773464 0.134031 0.163945 0.149047 0.116525 0.0961185 0.0828935 0.0626127 0.0386872 0.0205293 0.00992873 0.00434287 0.00165189 0.000537431 0.00014901 3.47077e-05
 3.72952e-11 1.75419e-09 5.71327e-08 1.28849e-06 2.01216e-05 0.000217587 0.00162929 0.00844868 0.030347 0.0755824 0.131056 0.160692 0.14732 0.117688 0.0998542 0.0871886 0.0653153 0.0392428 0.0199187 0.00925398 0.00399577 0.00153936 0.000511294 0.000143521 3.33735e-05
 3.54819e-11 1.6689e-09 5.43549e-08 1.22584e-06 1.91433e-05 0.000207008 0.00155008 0.00803807 0.0288737 0.0719291 0.124831 0.153577 0.142452 0.117226 0.103479 0.0927824 0.0707459 0.0434724 0.0227532 0.0108344 0.0046857 0.00177158 0.000575171 0.000159499 3.71417e-05
 3.70153e-11 1.74102e-09 5.67039e-08 1.27882e-06 1.99706e-05 0.000215954 0.00161707 0.00838528 0.030119 0.0750132 0.130059 0.159422 0.14601 0.116387 0.0986399 0.0865778 0.0659568 0.041079 0.0220701 0.0108614 0.00484829 0.00188211 0.000621708 0.000173093 4.00079e-05
 3.62797e-11 1.70642e-09 5.55771e-08 1.2534e-06 1.95737e-05 0.000211663 0.00158494 0.00821874 0.0295219 0.0735365 0.12757 0.156705 0.144586 0.117407 0.101838 0.0902399 0.0682447 0.0415134 0.0214893 0.0102227 0.004509 0.00176985 0.000599048 0.000171375 4.0504e-05
 3.88571e-11 1.82765e-09 5.95253e-08 1.34245e-06 2.09642e-05 0.000226699 0.00169752 0.00880234 0.0316154 0.0787239 0.136381 0.166649 0.150955 0.116861 0.0949875 0.0809845 0.0606008 0.0369439 0.0192317 0.00914123 0.00397436 0.00152212 0.000503292 0.000142419 3.38213e-05
 3.69221e-11 1.73664e-09 5.65612e-08 1.2756e-06 1.99203e-05 0.00021541 0.001613 0.00836422 0.030044 0.0748327 0.129789 0.15929 0.146519 0.118035 0.101242 0.0888839 0.0665312 0.0397178 0.0198971 0.00907278 0.00383973 0.00145248 0.000475969 0.000132933 3.10567e-05
 3.79066e-11 1.78295e-09 5.80694e-08 1.30961e-06 2.04515e-05 0.000221154 0.001656 0.00858713 0.0308434 0.0768109 0.133131 0.162979 0.148596 0.117045 0.0975041 0.0844372 0.0635372 0.0387799 0.020145 0.00949737 0.00405692 0.00150985 0.000480778 0.000130632 2.98994e-05
 3.48513e-11 1.63924e-09 5.33889e-08 1.20405e-06 1.88031e-05 0.000203329 0.00152254 0.00789528 0.0283615 0.0706608 0.122682 0.151174 0.140992 0.117574 0.105458 0.0952818 0.0726082 0.0443429 0.0230009 0.0108973 0.0047328 0.00180615 0.000588666 0.000161591 3.67533e-05
 3.90503e-11 1.83674e-09 5.98214e-08 1.34912e-06 2.10685e-05 0.000227826 0.00170596 0.00884608 0.0317722 0.0791103 0.137025 0.167314 0.151171 0.116245 0.093642 0.0795924 0.0599195 0.0371392 0.0198626 0.00971301 0.00430202 0.00165746 0.000544832 0.000151517 3.50182e-05
 3.49404e-11 1.64343e-09 5.35254e-08 1.20713e-06 1.88511e-05 0.000203849 0.00152643 0.00791548 0.0284342 0.0708433 0.123007 0.151617 0.141531 0.118256 0.106222 0.0957636 0.0723793 0.0434236 0.021907 0.0101192 0.00436818 0.0016936 0.000568701 0.000161625 3.79901e-05
 3.94301e-11 1.8546e-09 6.04032e-08 1.36225e-06 2.12734e-05 0.000230042 0.00172255 0.00893208 0.0320806 0.0798741 0.138319 0.168759 0.152045 0.116023 0.0924361 0.078087 0.0588247 0.036659 0.0197445 0.00967413 0.0042506 0.00161295 0.000523065 0.000145121 3.39538e-05
 3.46766e-11 1.63102e-09 5.31213e-08 1.19802e-06 1.87088e-05 0.00020231 0.00151491 0.00785575 0.02822 0.0703132 0.122112 0.150628 0.140975 0.118521 0.107224 0.0969586 0.0731897 0.0436866 0.0218501 0.0100067 0.00430229 0.00166686 0.00055847 0.000157716 3.67623e-05
 3.57662e-11 1.68227e-09 5.47904e-08 1.23566e-06 1.92967e-05 0.000208667 0.0015625 0.00810241 0.0291041 0.0724957 0.125765 0.154491 0.142564 0.115866 0.100854 0.0902247 0.0697349 0.0442598 0.0243252 0.0121263 0.0053721 0.00203921 0.000659207 0.000182267 4.25147e-05
 3.70382e-11 1.7421e-09 5.6739e-08 1.27961e-06 1.99829e-05 0.000216087 0.00161806 0.00839046 0.0301377 0.0750599 0.130141 0.159529 0.146128 0.116511 0.0987424 0.0865666 0.065747 0.0407391 0.021807 0.0108051 0.00493659 0.00198494 0.00067944 0.000194045 4.54148e-05
 3.55915e-11 1.67405e-09 5.45228e-08 1.22963e-06 1.92024e-05 0.000207648 0.00155487 0.00806288 0.0289626 0.0721489 0.1252 0.153972 0.142632 0.116998 0.102869 0.0920559 0.0702145 0.04328 0.0228562 0.0110997 0.00496717 0.0019723 0.00067855 0.000198892 4.83844e-05
 3.51545e-11 1.6535e-09 5.38534e-08 1.21453e-06 1.89666e-05 0.000205098 0.00153578 0.00796391 0.0286074 0.0712674 0.123693 0.152226 0.141358 0.116665 0.103425 0.0931452 0.0715009 0.0445298 0.0238611 0.0117259 0.00525363 0.00206497 0.000698963 0.000201983 4.89155e-05
 3.68222e-11 1.73194e-09 5.64082e-08 1.27215e-06 1.98664e-05 0.000214828 0.00160863 0.00834154 0.029962 0.074623 0.129388 0.158626 0.145368 0.116062 0.0986137 0.0867912 0.0663892 0.0416797 0.0227031 0.0113815 0.00519342 0.00207163 0.000707769 0.000204815 4.93087e-05
 3.48222e-11 1.63787e-09 5.33442e-08 1.20305e-06 1.87873e-05 0.000203159 0.00152127 0.00788867 0.0283377 0.0706001 0.122567 0.150992 0.140692 0.117072 0.104782 0.0946949 0.0724474 0.0446928 0.0236427 0.0115436 0.00521635 0.00209458 0.000726565 0.000213709 5.21032e-05
 3.60714e-11 1.69663e-09 5.5258e-08 1.24621e-06 1.94614e-05 0.000210448 0.00157583 0.00817153 0.0293521 0.0731112 0.126816 0.155706 0.143437 0.116057 0.100384 0.0893304 0.0686642 0.0432446 0.0236083 0.0118238 0.00536761 0.00212841 0.000726481 0.000211891 5.17757e-05
 3.34945e-11 1.57542e-09 5.13104e-08 1.15718e-06 1.8071e-05 0.000195414 0.00146327 0.00758801 0.0272588 0.0679242 0.118003 0.145752 0.137031 0.116519 0.107107 0.0984647 0.076257 0.0478559 0.0259702 0.0130212 0.00599113 0.00242631 0.000843553 0.000247949 6.04389e-05
 3.52053e-11 1.65589e-09 5.39312e-08 1.21629e-06 1.89941e-05 0.000205395 0.001538 0.00797539 0.0286483 0.0713649 0.123834 0.152267 0.140978 0.115537 0.101661 0.0915572 0.0710408 0.0453667 0.0253055 0.0130033 0.00605611 0.0024625 0.000860266 0.000255387 6.30584e-05
#spawning biomass
 35185 24185.1 21296.7 24995.8 25144.7 29483.1 28796.6 31758.5 33563 37055.9 42056.7 36034.7 42456.8 48451.4 49978.9 54639.2 55497.1 54646.3 61585.9 69211.5 68848.5 83849.2 86432.8 92969.4 92748.9 103679 116470 98607.1 82775.1 152237 108676 71299 48598.5 36560.5 30649.7 27881.7 26624.4 26064.6 25818.7 25711.8 25665.5 25645.6 25637 25633.3 25631.8 25631.1 25630.8 25630.7 25630.7 25630.6 25630.6 25630.6 25630.6 25630.6 25630.6 25630.6 25630.6 25630.6 25630.6 25630.6 25630.6 25630.6 25630.6 25630.6 25630.6 25630.6 25630.6 25630.6 25630.6 25630.6 25630.6 25630.6 25630.6 25630.6 25630.6 25630.6 25630.6 25630.6 25630.6 25630.6 25630.6 25630.6 25630.6 25630.6 25630.6 25630.6 25630.6 25630.6 25630.6 25630.6 25630.6 25630.6 25630.6 25630.6 25630.6 25630.6 25630.6 25630.6 25630.6 25630.6 25630.6 25630.6 25630.6 25630.6 25630.6 25630.6 25630.6 25630.6 25630.6 25630.6 25630.6 25630.6 25630.6 25630.6 25630.6 25630.6 25630.6 25630.6 25630.6 25630.6 25630.6 25630.6 25630.6 25630.6 25630.6 25630.6 25630.6 25630.6 0 0 0 0 0 0 0 0 0 0 0 0 0 0 0 0 0 0 0 0 0 0 0 0 0
