SBPRF35
0.224663
Curr Bio
28349.8
B35
68600.4
F35
0.519547
FOFL
0.470491
OFL
26868.8
Bzero
64189.3
#pred survey bio
 7828.17 6274.71 7342.09 9166.01 12572.4 15471.4 14776 13780 22163.6 34403.2 35965.1 41761.3 64158.7 77859.5 67947.2 57368.8 49828.3 52929.3 50504.4 51484 52625.2 60787.1 65247.1 64656.2 73241 72781.1 66920.2 65802.5 73919.7 4.22161e+06 2.70451e+06 2.15766e+06 1.55034e+06 1.17013e+06 968074 866508 815992 790431 777024 769657 765407 762846 761245 760217 759544 759102 758807 758611 758479 758390 758330 758290 758262 758244 758231 758223 758217 758213 758211 758209 758208 758207 758206 758206 758206 758206 758205 758205 758205 758205 758205 758205 758205 758205 758205 758205 758205 758205 758205 758205 758205 758205 758205 758205 758205 758205 758205 758205 758205 758205 758205 758205 758205 758205 758205 758205 758205 758205 758205 758205 758205 758205 758205 758205 758205 758205 758205 758205 758205 758205 758205 758205 758205 758205 758205 758205 758205 758205 758205 758205 758205 758205 758205 758205 758205 758205 758205 758205 758205 0 0 0 0 0 0 0 0 0 0 0 0 0 0 0 0 0 0 0 0 0 0 0 0 0
#obs survey bio
 6874.15 5346.29 4491.33 11581.2 18674.8 13929.6 9914.57 17662.4 36058.6 25995 41171.5 80949.6 61356.3 48335.5 49514.6 58017.8 47991.4 44940 66454 44268.6 60580 76636.2 59978.1 72810.3 67299.2 71944.6 91169.6 116734 78111.7
#pred catch bio
 4812.63 3292.77 3877.16 4340.18 5975.2 8490.76 9402.68 7586.72 8675.75 19067.3 23326.5 20055.6 33040.9 49696.1 44582.8 40179.6 29417.4 34248.3 30793.8 32312.9 30993.4 35623.8 42329.7 37634.4 44669.2 46406.5 42958.2 41095 14135.9 26868.8 37275.2 30961.8 20850.9 14702.2 11656.1 10260.4 9648.14 9386.95 9277.55 9232.29 9213.73 9206.16 9203.08 9201.84 9201.33 9201.13 9201.05 9201.01 9201 9201 9200.99 9200.99 9200.99 9200.99 9200.99 9200.99 9200.99 9200.99 9200.99 9200.99 9200.99 9200.99 9200.99 9200.99 9200.99 9200.99 9200.99 9200.99 9200.99 9200.99 9200.99 9200.99 9200.99 9200.99 9200.99 9200.99 9200.99 9200.99 9200.99 9200.99 9200.99 9200.99 9200.99 9200.99 9200.99 9200.99 9200.99 9200.99 9200.99 9200.99 9200.99 9200.99 9200.99 9200.99 9200.99 9200.99 9200.99 9200.99 9200.99 9200.99 9200.99 9200.99 9200.99 9200.99 9200.99 9200.99 9200.99 9200.99 9200.99 9200.99 9200.99 9200.99 9200.99 9200.99 9200.99 9200.99 9200.99 9200.99 9200.99 9200.99 9200.99 9200.99 9200.99 9200.99 9200.99 9200.99 9200.99 9200.99 9200.99 0 0 0 0 0 0 0 0 0 0 0 0 0 0 0 0 0 0 0 0 0 0 0 0 0
#obs catch bio
 3215.97 3320.97 3922.01 4316.97 5792.52 8321.08 9462.41 7696.66 8347.97 18312.8 24028.4 19266.6 31816.4 50536.1 45410.5 41657.8 28975 34846 30559.9 31970.4 31013.9 35272.3 42011.3 37308.6 44682 46683.4 42383.6 40944.1 13956.8
#pred cpue bio
 5601.31 3827.66 4292.75 5205.39 7204.63 9427.57 9547.31 7882.82 10751.7 20309.4 22037.4 21170.7 34952.8 46434.4 41523.2 34558.1 27791.7 31191.5 29006.1 30110.2 29862.7 33996.4 38381.6 36257.7 41898.5 43259.9 39695.2 37315.3 40251.7 2.80731e+06 2.25444e+06 1.98312e+06 1.39646e+06 1.01368e+06 810790 709067 658524 632959 619551 612184 607934 605372 603772 602744 602071 601628 601334 601137 601005 600917 600857 600816 600789 600770 600758 600750 600744 600740 600737 600736 600734 600734 600733 600733 600732 600732 600732 600732 600732 600732 600732 600732 600732 600732 600732 600732 600732 600732 600732 600732 600732 600732 600732 600732 600732 600732 600732 600732 600732 600732 600732 600732 600732 600732 600732 600732 600732 600732 600732 600732 600732 600732 600732 600732 600732 600732 600732 600732 600732 600732 600732 600732 600732 600732 600732 600732 600732 600732 600732 600732 600732 600732 600732 600732 600732 600732 600732 600732 600732 0 0 0 0 0 0 0 0 0 0 0 0 0 0 0 0 0 0 0 0 0 0 0 0 0
#obs cpue bio
 3585.75 3819.64 4934.88 6019.52 10457.1 10312.9 11563 6520.76 16706.1 30028.1 14841.5 29878.3 41336.2 41680.3 38819 29371 30467.8 27338.2 30448.9 35862.7 28202.1 28534.7 56763.9 32524.5 38420.7 44829 44414 28225.4 34253.6
#pred surv len freq
 2.14188e-27 2.16369e-27 5.61281e-27 1.17995e-21 7.01764e-17 9.59537e-13 3.01632e-09 2.1799e-06 0.000362187 0.0138353 0.121502 0.245319 0.114471 0.0281643 0.0980922 0.138096 0.0567155 0.0470304 0.0413046 0.0260327 0.020386 0.0159687 0.014788 0.0127435 0.00518638
 2.14294e-27 2.16744e-27 6.0601e-27 1.33174e-21 7.92035e-17 1.08297e-12 3.40432e-09 2.46031e-06 0.000408777 0.015615 0.137132 0.276875 0.129186 0.0315306 0.109139 0.153337 0.0583834 0.0354795 0.0275838 0.0109459 0.00584932 0.00344219 0.00248961 0.00186498 0.000735886
 2.14364e-27 2.16935e-27 6.27362e-27 1.40419e-21 8.35128e-17 1.14189e-12 3.58954e-09 2.59417e-06 0.000431018 0.0164646 0.144593 0.291939 0.136136 0.0311352 0.102186 0.143563 0.0554279 0.0359061 0.0275323 0.00912504 0.00345139 0.00118377 0.000521937 0.000295672 0.000106434
 2.14406e-27 2.17037e-27 6.37625e-27 1.43898e-21 8.55816e-17 1.17018e-12 3.67846e-09 2.65844e-06 0.000441695 0.0168725 0.148175 0.29917 0.13949 0.0314155 0.101718 0.142801 0.0537905 0.0309251 0.0234067 0.00791592 0.00289905 0.000743939 0.000168446 5.0419e-05 1.42996e-05
 2.14391e-27 2.17004e-27 6.34385e-27 1.428e-21 8.49288e-17 1.16125e-12 3.6504e-09 2.63816e-06 0.000438326 0.0167437 0.147044 0.296888 0.13843 0.0312996 0.101698 0.142818 0.0544097 0.0331073 0.0251379 0.00819378 0.00289909 0.000735823 0.000131922 1.85074e-05 2.77138e-06
 2.1421e-27 2.16562e-27 5.87978e-27 1.2706e-21 7.55673e-17 1.03325e-12 3.24803e-09 2.34736e-06 0.00039001 0.0148981 0.130836 0.264164 0.123347 0.0325191 0.119005 0.167272 0.0638201 0.0391224 0.0298583 0.010048 0.00364729 0.000898819 0.000153183 1.65855e-05 1.17535e-06
 2.14038e-27 2.16145e-27 5.4493e-27 1.12462e-21 6.68855e-17 9.1454e-13 2.87487e-09 2.07768e-06 0.000345203 0.0131865 0.115805 0.233817 0.109335 0.0330025 0.131103 0.184498 0.0722626 0.0498188 0.0384497 0.012587 0.00446028 0.00111753 0.000190453 1.93538e-05 1.03779e-06
 2.14439e-27 2.17127e-27 6.48257e-27 1.4751e-21 8.77296e-17 1.19955e-12 3.77079e-09 2.72516e-06 0.000452781 0.0172959 0.151894 0.306678 0.142915 0.0301803 0.0919138 0.129133 0.0510152 0.0364378 0.0283034 0.00943029 0.00337586 0.000820794 0.000136836 1.38651e-05 7.02886e-07
 2.14727e-27 2.17819e-27 7.19528e-27 1.71677e-21 1.02103e-16 1.39607e-12 4.38858e-09 3.17164e-06 0.000526963 0.0201296 0.176779 0.356921 0.166118 0.0295324 0.0728151 0.101905 0.0372211 0.0179152 0.0132365 0.00462715 0.00175249 0.000436386 7.28707e-05 7.22138e-06 3.59987e-07
 2.14213e-27 2.16553e-27 5.85202e-27 1.26109e-21 7.50018e-17 1.02552e-12 3.22372e-09 2.32979e-06 0.000387092 0.0147866 0.129857 0.262188 0.122497 0.0342137 0.129946 0.182436 0.0657044 0.0287104 0.0204532 0.00617906 0.00201321 0.000521995 9.28923e-05 9.40437e-06 4.65153e-07
 2.14224e-27 2.16599e-27 5.92622e-27 1.28638e-21 7.65061e-17 1.04608e-12 3.28838e-09 2.37652e-06 0.000394855 0.0150832 0.132462 0.267446 0.124834 0.031707 0.11306 0.159042 0.0630353 0.0455396 0.0346443 0.00951212 0.00257435 0.000564064 8.99227e-05 9.37505e-06 4.81607e-07
 2.14654e-27 2.17642e-27 7.01061e-27 1.65414e-21 9.8378e-17 1.34514e-12 4.22848e-09 3.05593e-06 0.000507739 0.0193953 0.17033 0.343901 0.160111 0.0298525 0.0786942 0.110251 0.0409823 0.0219193 0.016371 0.00541161 0.00184505 0.00037263 4.76831e-05 4.21406e-06 2.06813e-07
 2.14439e-27 2.17108e-27 6.43783e-27 1.4598e-21 8.68199e-17 1.18711e-12 3.73169e-09 2.6969e-06 0.000448086 0.0171166 0.150319 0.303499 0.141529 0.0324383 0.106657 0.149567 0.0535296 0.0223376 0.0157781 0.00479798 0.00154995 0.000370271 5.55128e-05 4.41689e-06 1.79739e-07
 2.14238e-27 2.16625e-27 5.93847e-27 1.29047e-21 7.67492e-17 1.04941e-12 3.29883e-09 2.38407e-06 0.00039611 0.0151311 0.132883 0.268296 0.125273 0.0329276 0.120254 0.168963 0.0635356 0.0361395 0.0266207 0.00719471 0.00189961 0.00041426 6.31466e-05 5.76433e-06 2.42476e-07
 2.1416e-27 2.16433e-27 5.73733e-27 1.22224e-21 7.26915e-17 9.93927e-13 3.12442e-09 2.25803e-06 0.000375168 0.0143312 0.125857 0.254112 0.118737 0.0334976 0.128009 0.179906 0.0675429 0.0381175 0.0282886 0.00827688 0.0024136 0.00046996 5.87485e-05 5.01391e-06 2.23748e-07
 2.14229e-27 2.16604e-27 5.92069e-27 1.28446e-21 7.63917e-17 1.04452e-12 3.28346e-09 2.37297e-06 0.000394265 0.0150607 0.132263 0.267046 0.124684 0.0326315 0.118824 0.167 0.0635489 0.0384179 0.0287612 0.00834612 0.00244248 0.000507096 6.54658e-05 4.90995e-06 1.92115e-07
 2.144e-27 2.17015e-27 6.34336e-27 1.42778e-21 8.49153e-17 1.16107e-12 3.64982e-09 2.63774e-06 0.000438256 0.0167411 0.147021 0.296841 0.138447 0.032335 0.108033 0.151588 0.0553605 0.0265813 0.0191714 0.00549499 0.00157533 0.000322747 4.21762e-05 3.28146e-06 1.23357e-07
 2.14248e-27 2.16645e-27 5.95422e-27 1.29578e-21 7.70653e-17 1.05373e-12 3.31241e-09 2.39389e-06 0.000397742 0.0151935 0.13343 0.269401 0.1258 0.0333573 0.122544 0.172104 0.0634497 0.0322986 0.023431 0.00645407 0.00173596 0.000351698 4.57782e-05 3.56992e-06 1.36848e-07
 2.14347e-27 2.16891e-27 6.21865e-27 1.3855e-21 8.24011e-17 1.12669e-12 3.54176e-09 2.55964e-06 0.00042528 0.0162454 0.142668 0.288053 0.134379 0.0321981 0.109846 0.154248 0.0577307 0.0320291 0.023559 0.00649879 0.00173556 0.000336845 4.13252e-05 3.15774e-06 1.20768e-07
 2.14279e-27 2.16722e-27 6.03692e-27 1.32385e-21 7.87342e-17 1.07655e-12 3.38415e-09 2.44573e-06 0.000406355 0.0155225 0.136319 0.275235 0.128484 0.0330081 0.118654 0.166625 0.0615605 0.0317492 0.0232287 0.00678261 0.00198145 0.000390887 4.72367e-05 3.44666e-06 1.26459e-07
 2.14382e-27 2.16977e-27 6.30888e-27 1.41611e-21 8.42214e-17 1.15158e-12 3.62e-09 2.61618e-06 0.000434675 0.0166043 0.14582 0.294416 0.137311 0.031927 0.106274 0.149203 0.0558121 0.0308766 0.0227416 0.00638443 0.00177652 0.00036624 4.75352e-05 3.52157e-06 1.25896e-07
 2.14408e-27 2.17038e-27 6.37048e-27 1.43699e-21 8.54632e-17 1.16856e-12 3.67338e-09 2.65476e-06 0.000441084 0.0168491 0.14797 0.298757 0.13932 0.0319988 0.105403 0.147921 0.0545965 0.0279965 0.0204867 0.00604409 0.00179941 0.000364126 4.64706e-05 3.60209e-06 1.34678e-07
 2.14253e-27 2.16656e-27 5.96561e-27 1.29965e-21 7.72951e-17 1.05687e-12 3.32229e-09 2.40103e-06 0.000398928 0.0152388 0.133828 0.270205 0.126171 0.0333557 0.122292 0.171738 0.0631669 0.0317091 0.0230271 0.006551 0.00186793 0.000392154 5.23751e-05 4.0445e-06 1.5284e-07
 2.14411e-27 2.17048e-27 6.38329e-27 1.44135e-21 8.57223e-17 1.1721e-12 3.68451e-09 2.66281e-06 0.000442421 0.0169002 0.148418 0.299662 0.13973 0.0317489 0.103605 0.14543 0.0543351 0.0298566 0.0219116 0.0060003 0.0015931 0.000318904 4.13979e-05 3.28603e-06 1.27126e-07
 2.14338e-27 2.16865e-27 6.18722e-27 1.37482e-21 8.17659e-17 1.118e-12 3.51446e-09 2.53991e-06 0.000422002 0.0161202 0.141568 0.285832 0.13337 0.0326686 0.113388 0.159169 0.0584865 0.0291911 0.0212604 0.00625964 0.00184905 0.000364471 4.44928e-05 3.38076e-06 1.30097e-07
 2.14232e-27 2.16608e-27 5.91733e-27 1.28328e-21 7.63218e-17 1.04356e-12 3.28046e-09 2.3708e-06 0.000393905 0.0150469 0.132143 0.266802 0.124595 0.0332819 0.122868 0.172594 0.0640876 0.0340233 0.024878 0.00692681 0.00190621 0.000395622 5.18802e-05 3.87257e-06 1.41763e-07
 2.14262e-27 2.16684e-27 6.00239e-27 1.31216e-21 7.80389e-17 1.06704e-12 3.35426e-09 2.42414e-06 0.000402767 0.0153854 0.135115 0.272804 0.127346 0.032646 0.117177 0.16463 0.0620615 0.0357782 0.0265428 0.00752678 0.00210658 0.000417657 5.26857e-05 4.10078e-06 1.5472e-07
 2.1438e-27 2.16972e-27 6.30283e-27 1.41405e-21 8.40992e-17 1.14991e-12 3.61475e-09 2.61239e-06 0.000434044 0.0165802 0.145608 0.293989 0.137117 0.0320248 0.106999 0.150207 0.0559072 0.0300931 0.0221767 0.00650112 0.00191945 0.000388539 4.88696e-05 3.67206e-06 1.37836e-07
 2.14461e-27 2.17164e-27 6.50078e-27 1.48117e-21 8.80911e-17 1.20449e-12 3.78633e-09 2.73639e-06 0.000454647 0.0173672 0.15252 0.307943 0.143563 0.0318734 0.101869 0.142886 0.0521033 0.0247718 0.0178156 0.0050573 0.00143418 0.000297791 3.9263e-05 3.00064e-06 1.11103e-07
#obs surv len freq
 8.68481e-40 4.25061e-33 4.78286e-27 1.23728e-21 7.35857e-17 1.00615e-12 3.16284e-09 2.28579e-06 0.000379788 0.0145074 0.127404 0.257236 0.120134 0.0322304 0.119331 0.167806 0.0649836 0.042716 0.0333724 0.0125377 0.00532828 0.00162194 0.000358006 4.81021e-05 3.29629e-06
 1.03556e-39 5.06835e-33 5.70299e-27 1.47531e-21 8.77422e-17 1.19972e-12 3.77132e-09 2.72554e-06 0.000452852 0.0172984 0.151914 0.306721 0.14295 0.0305859 0.0943771 0.132519 0.0510103 0.0326219 0.0252769 0.00917119 0.0037372 0.00109413 0.000234198 3.0858e-05 2.05966e-06
 9.70001e-40 4.74748e-33 5.34194e-27 1.38191e-21 8.21874e-17 1.12376e-12 3.53256e-09 2.55299e-06 0.000424183 0.0162032 0.142297 0.287305 0.134056 0.0327965 0.113724 0.159584 0.0577861 0.0262594 0.0192127 0.00677235 0.00265975 0.000745732 0.000151695 1.92122e-05 1.24857e-06
 1.04918e-39 5.13501e-33 5.77799e-27 1.49471e-21 8.88961e-17 1.21549e-12 3.82091e-09 2.76138e-06 0.000458808 0.0175259 0.153912 0.310755 0.144844 0.0313722 0.0979615 0.137437 0.0509825 0.0269198 0.0197497 0.00573839 0.00177228 0.000465746 8.99901e-05 1.08032e-05 6.70969e-07
 9.85961e-40 4.8256e-33 5.42984e-27 1.40465e-21 8.35397e-17 1.14225e-12 3.59069e-09 2.595e-06 0.000431162 0.0164698 0.144638 0.292032 0.136244 0.0328673 0.112732 0.158151 0.0568525 0.0245177 0.0174755 0.00540575 0.00173528 0.000379539 5.92538e-05 6.51107e-06 3.82151e-07
 8.15864e-40 3.99309e-33 4.49309e-27 1.16232e-21 6.91275e-17 9.45194e-13 2.97122e-09 2.14731e-06 0.000356779 0.0136285 0.119685 0.241653 0.113026 0.0348129 0.139793 0.196398 0.0717719 0.0345979 0.0248922 0.0069371 0.00194172 0.000432525 6.42815e-05 5.81415e-06 2.9257e-07
 7.91906e-40 3.87583e-33 4.36115e-27 1.12819e-21 6.70975e-17 9.17438e-13 2.88397e-09 2.08425e-06 0.000346302 0.0132283 0.116171 0.234557 0.1097 0.0335993 0.134524 0.189238 0.0728709 0.0466027 0.0351745 0.0102699 0.00301241 0.000614523 8.23934e-05 7.12834e-06 3.16637e-07
 1.33017e-39 6.51028e-33 7.32547e-27 1.89503e-21 1.12705e-16 1.54103e-12 4.84425e-09 3.50095e-06 0.000581687 0.0222197 0.195133 0.393979 0.183173 0.0274592 0.0489909 0.0683735 0.0260756 0.0159536 0.0121727 0.00408711 0.00143986 0.00031199 4.19497e-05 3.3324e-06 1.36057e-07
 1.10529e-39 5.40965e-33 6.08703e-27 1.57466e-21 9.36507e-17 1.2805e-12 4.02528e-09 2.90907e-06 0.000483347 0.0184632 0.162144 0.327376 0.152576 0.0326542 0.100778 0.14104 0.0472424 0.0095222 0.0052487 0.00169671 0.000598496 0.000147937 2.33035e-05 1.95113e-06 7.70348e-08
 6.37043e-40 3.11788e-33 3.50829e-27 9.07561e-22 5.39761e-17 7.38025e-13 2.31999e-09 1.67666e-06 0.00027858 0.0106414 0.0934526 0.188691 0.0886869 0.0387084 0.179537 0.252218 0.0887773 0.0322843 0.0213633 0.00456076 0.000648581 0.000127493 2.0915e-05 2.00245e-06 8.77779e-08
 1.23218e-39 6.03068e-33 6.78581e-27 1.75543e-21 1.04402e-16 1.42751e-12 4.48737e-09 3.24304e-06 0.000538835 0.0205828 0.180758 0.364955 0.169771 0.0278649 0.0602158 0.0843998 0.0345562 0.0280943 0.02147 0.00542789 0.0011748 0.00017274 1.34806e-05 9.88499e-07 4.59437e-08
 1.17805e-39 5.76573e-33 6.4877e-27 1.67831e-21 9.98151e-17 1.36479e-12 4.29023e-09 3.10056e-06 0.000515163 0.0196785 0.172817 0.348924 0.162487 0.0312855 0.0859282 0.120158 0.0405427 0.00917542 0.00548222 0.00205704 0.000784576 0.000146864 1.40966e-05 7.30333e-07 1.99986e-08
 8.80264e-40 4.30828e-33 4.84775e-27 1.25407e-21 7.45841e-17 1.0198e-12 3.20576e-09 2.31681e-06 0.000384941 0.0147042 0.129133 0.260727 0.121877 0.0356905 0.139402 0.195542 0.0673325 0.0197078 0.0122729 0.0026777 0.000431505 9.79841e-05 1.53637e-05 1.04987e-06 2.90002e-08
 9.22189e-40 4.51348e-33 5.07864e-27 1.3138e-21 7.81363e-17 1.06837e-12 3.35844e-09 2.42715e-06 0.000403275 0.0154046 0.135283 0.273144 0.127526 0.0332347 0.120668 0.169468 0.0626585 0.0324184 0.0232217 0.00543307 0.000980005 0.00014175 1.25139e-05 9.88116e-07 3.88297e-08
 7.37374e-40 3.60893e-33 4.06083e-27 1.0505e-21 6.24771e-17 8.54261e-13 2.68538e-09 1.94073e-06 0.000322455 0.0123174 0.108171 0.218406 0.102332 0.0362396 0.155509 0.218497 0.0788423 0.0349149 0.0248444 0.00720797 0.00202578 0.000337847 2.82958e-05 1.44503e-06 4.31358e-08
 1.12146e-39 5.48875e-33 6.17603e-27 1.59768e-21 9.502e-17 1.29923e-12 4.08413e-09 2.95161e-06 0.000490414 0.0187332 0.164515 0.332161 0.154685 0.0298775 0.0823855 0.115569 0.0444607 0.0282979 0.0211849 0.0057656 0.00152281 0.000308683 3.70814e-05 2.18636e-06 5.50853e-08
 8.72649e-40 4.27101e-33 4.80581e-27 1.24322e-21 7.39388e-17 1.01098e-12 3.17802e-09 2.29676e-06 0.000381611 0.014577 0.128015 0.258472 0.120834 0.0356663 0.139933 0.196291 0.0675588 0.0197127 0.0127587 0.00411555 0.00137068 0.000274995 3.36578e-05 2.4638e-06 8.00477e-08
 9.55322e-40 4.67564e-33 5.2611e-27 1.361e-21 8.09436e-17 1.10676e-12 3.4791e-09 2.51435e-06 0.000417764 0.015958 0.140143 0.282957 0.132046 0.0327932 0.115015 0.16149 0.059711 0.0308997 0.0221303 0.00518336 0.00100697 0.000212897 3.09507e-05 2.36956e-06 8.48377e-08
 1.00932e-39 4.93991e-33 5.55847e-27 1.43792e-21 8.55186e-17 1.16931e-12 3.67575e-09 2.65647e-06 0.000441376 0.01686 0.148065 0.298949 0.139434 0.0326504 0.109323 0.153332 0.0549705 0.0232272 0.0163778 0.00476641 0.0013469 0.000228995 2.27162e-05 1.75038e-06 6.97739e-08
 8.66768e-40 4.24223e-33 4.77342e-27 1.23484e-21 7.34405e-17 1.00417e-12 3.15661e-09 2.28129e-06 0.000379039 0.0144788 0.127153 0.25673 0.120005 0.0350499 0.136696 0.191866 0.0679028 0.0259013 0.0176786 0.00469441 0.0011915 0.00024046 2.92543e-05 1.86002e-06 6.02581e-08
 1.11728e-39 5.46831e-33 6.15303e-27 1.59173e-21 9.46661e-17 1.29439e-12 4.06892e-09 2.94062e-06 0.000488588 0.0186634 0.163902 0.330925 0.154144 0.0306939 0.0877424 0.122992 0.0453417 0.0230661 0.0166087 0.00424618 0.00097985 0.000180608 2.13554e-05 1.56057e-06 5.27643e-08
 8.88976e-40 4.35092e-33 4.89573e-27 1.26648e-21 7.53222e-17 1.02989e-12 3.23748e-09 2.33974e-06 0.00038875 0.0148498 0.130411 0.263307 0.123057 0.0353416 0.136494 0.191467 0.0661937 0.0202678 0.0131471 0.00378268 0.00107136 0.000196613 2.1113e-05 1.43599e-06 5.00105e-08
 1.0048e-39 4.91779e-33 5.53357e-27 1.43148e-21 8.51357e-17 1.16408e-12 3.65928e-09 2.64457e-06 0.0004394 0.0167845 0.147401 0.29761 0.138801 0.0322784 0.107456 0.150796 0.055402 0.0275916 0.019659 0.00466388 0.000916736 0.000174249 2.16714e-05 1.46908e-06 4.74468e-08
 1.03194e-39 5.05062e-33 5.68304e-27 1.47015e-21 8.74353e-17 1.19552e-12 3.75813e-09 2.71601e-06 0.000451268 0.0172379 0.151383 0.305649 0.142529 0.0325806 0.106878 0.149842 0.0531414 0.020635 0.0142563 0.00407683 0.00112576 0.000192028 1.85103e-05 1.26009e-06 4.37594e-08
 8.77184e-40 4.29321e-33 4.83079e-27 1.24968e-21 7.43231e-17 1.01623e-12 3.19454e-09 2.3087e-06 0.000383594 0.0146528 0.128681 0.259815 0.121431 0.0350364 0.135684 0.190417 0.0670997 0.0246655 0.0166307 0.00426763 0.00101006 0.000198015 2.36458e-05 1.47953e-06 4.47186e-08
 9.25845e-40 4.53137e-33 5.09877e-27 1.319e-21 7.84461e-17 1.07261e-12 3.37175e-09 2.43677e-06 0.000404873 0.0154656 0.135819 0.274227 0.128027 0.0332505 0.120438 0.169122 0.0622394 0.0313273 0.0224891 0.00567321 0.00126457 0.000223652 2.48488e-05 1.75248e-06 5.80289e-08
 9.70328e-40 4.74908e-33 5.34374e-27 1.38238e-21 8.22151e-17 1.12414e-12 3.53375e-09 2.55385e-06 0.000424326 0.0162087 0.142345 0.287401 0.13411 0.033031 0.115127 0.161547 0.0583278 0.0259399 0.0184509 0.00529922 0.00148787 0.000268705 2.77506e-05 1.78931e-06 5.91782e-08
 1.13027e-39 5.53188e-33 6.22456e-27 1.61024e-21 9.57668e-17 1.30944e-12 4.11623e-09 2.97481e-06 0.000494268 0.0188804 0.165808 0.334772 0.155936 0.0310557 0.0887909 0.124367 0.0444188 0.0182341 0.0126815 0.00344422 0.000907253 0.000182955 2.25459e-05 1.49031e-06 4.60558e-08
 1.13027e-39 5.53188e-33 6.22456e-27 1.61024e-21 9.57668e-17 1.30944e-12 4.11623e-09 2.97481e-06 0.000494268 0.0188804 0.165808 0.334772 0.155936 0.0310557 0.0887909 0.124367 0.0444188 0.0182341 0.0126815 0.00344422 0.000907253 0.000182955 2.25459e-05 1.49031e-06 4.60558e-08
#pred catch len freq
 2.13713e-27 2.15148e-27 4.30516e-27 7.36402e-22 4.37966e-17 5.9884e-13 1.88246e-09 1.36046e-06 0.000226039 0.00863452 0.0758288 0.153105 0.0718658 0.0288701 0.13019 0.183703 0.0773168 0.0692924 0.0612462 0.0384685 0.0300091 0.0234087 0.0216288 0.0186257 0.00757942
 2.13758e-27 2.15426e-27 4.67415e-27 8.61661e-22 5.12462e-17 7.00701e-13 2.20266e-09 1.59187e-06 0.000264487 0.0101032 0.088727 0.179148 0.0841115 0.0343518 0.155815 0.219399 0.0852762 0.056984 0.0448407 0.0177736 0.00947023 0.00555009 0.00400382 0.00299674 0.00118227
 2.1383e-27 2.15634e-27 4.9126e-27 9.42591e-22 5.60594e-17 7.66513e-13 2.40954e-09 1.74138e-06 0.000289328 0.0110521 0.0970605 0.195973 0.0918794 0.0340693 0.149022 0.209868 0.0827278 0.0585585 0.0453751 0.0150183 0.00566476 0.00193524 0.000850196 0.000481023 0.000173115
 2.13848e-27 2.15676e-27 4.95096e-27 9.55568e-22 5.68313e-17 7.77066e-13 2.44272e-09 1.76536e-06 0.000293312 0.0112043 0.0983968 0.198671 0.0931535 0.034782 0.15256 0.21472 0.0826252 0.0527277 0.0404806 0.0136915 0.00500982 0.00128209 0.000289266 8.64061e-05 2.4494e-05
 2.1383e-27 2.15637e-27 4.9139e-27 9.43018e-22 5.60849e-17 7.6686e-13 2.41064e-09 1.74217e-06 0.000289459 0.0110572 0.0971045 0.196062 0.0919378 0.03453 0.151808 0.213735 0.0833066 0.0562562 0.0432875 0.0141112 0.00498836 0.00126281 0.000225735 3.1605e-05 4.72768e-06
 2.13685e-27 2.15282e-27 4.54082e-27 8.16474e-22 4.85588e-17 6.63954e-13 2.08715e-09 1.50839e-06 0.000250617 0.00957338 0.0840739 0.169754 0.0798124 0.0355228 0.165797 0.233495 0.0908237 0.0608133 0.0469311 0.0157709 0.0057107 0.00140324 0.000238397 2.57663e-05 1.82394e-06
 2.13567e-27 2.15002e-27 4.25596e-27 7.19898e-22 4.28151e-17 5.8542e-13 1.84027e-09 1.32997e-06 0.000220973 0.00844101 0.0741294 0.149676 0.0705277 0.0354585 0.171456 0.241657 0.0962304 0.0708926 0.0551053 0.0179803 0.00634182 0.0015835 0.000268986 2.72862e-05 1.46167e-06
 2.13926e-27 2.1588e-27 5.1804e-27 1.03347e-21 6.14641e-17 8.40413e-13 2.64185e-09 1.90927e-06 0.000317223 0.0121177 0.106418 0.214865 0.100567 0.0328353 0.135794 0.191292 0.0771169 0.0594931 0.0465857 0.0154855 0.00552457 0.00133907 0.000222513 2.25072e-05 1.13992e-06
 2.14203e-27 2.16539e-27 5.84966e-27 1.26035e-21 7.49578e-17 1.02491e-12 3.22183e-09 2.32843e-06 0.000386865 0.014778 0.129781 0.262034 0.122388 0.0331934 0.123764 0.173876 0.0647421 0.0349722 0.0263432 0.0092202 0.00349262 0.000867699 0.000144494 1.42962e-05 7.12006e-07
 2.13707e-27 2.15314e-27 4.5461e-27 8.18124e-22 4.86569e-17 6.65296e-13 2.09137e-09 1.51144e-06 0.000251123 0.00959273 0.0842439 0.170098 0.0800645 0.0380079 0.180865 0.254331 0.0927468 0.0441252 0.0319402 0.00963588 0.00312954 0.000808843 0.000143512 1.45058e-05 7.16808e-07
 2.13761e-27 2.15473e-27 4.74847e-27 8.8694e-22 5.27497e-17 7.21258e-13 2.26728e-09 1.63857e-06 0.000272246 0.0103996 0.0913301 0.184404 0.0865372 0.0342466 0.153592 0.216448 0.0870223 0.066377 0.0507775 0.0138963 0.00373677 0.000815612 0.000129531 1.34787e-05 6.91784e-07
 2.14158e-27 2.16431e-27 5.73872e-27 1.22274e-21 7.27207e-17 9.94327e-13 3.12568e-09 2.25894e-06 0.000375319 0.0143369 0.125908 0.254214 0.118773 0.0331954 0.126133 0.177292 0.0670105 0.0392005 0.0296671 0.00979452 0.00333228 0.000671454 8.56256e-05 7.55142e-06 3.70199e-07
 2.13926e-27 2.1585e-27 5.11025e-27 1.00948e-21 6.00375e-17 8.20906e-13 2.58053e-09 1.86495e-06 0.000309859 0.0118364 0.103948 0.20988 0.0983975 0.0364414 0.159311 0.223885 0.0811112 0.0369437 0.026552 0.00806493 0.00259817 0.000618896 9.25233e-05 7.34964e-06 2.98734e-07
 2.13779e-27 2.15502e-27 4.75832e-27 8.90182e-22 5.29425e-17 7.23894e-13 2.27557e-09 1.64456e-06 0.000273241 0.0104376 0.0916639 0.185078 0.0869157 0.0360243 0.164241 0.231142 0.0879005 0.052944 0.0393045 0.0105907 0.0027786 0.000603633 9.16795e-05 8.35369e-06 3.51067e-07
 2.1371e-27 2.15335e-27 4.58323e-27 8.30795e-22 4.94105e-17 6.75601e-13 2.12376e-09 1.53485e-06 0.000255013 0.00974131 0.0855487 0.172732 0.0812261 0.0365123 0.170941 0.240591 0.0912919 0.0544171 0.0406858 0.0118605 0.00343786 0.000667271 8.30875e-05 7.07519e-06 3.1539e-07
 2.13814e-27 2.1559e-27 4.85596e-27 9.23321e-22 5.49134e-17 7.50842e-13 2.36028e-09 1.70578e-06 0.000283413 0.0108262 0.0950762 0.191967 0.0900772 0.0353976 0.158339 0.222858 0.0854592 0.0535989 0.0403025 0.0116382 0.00337878 0.000698801 8.98794e-05 6.72708e-06 2.62882e-07
 2.13927e-27 2.15857e-27 5.12352e-27 1.01401e-21 6.03071e-17 8.24592e-13 2.59211e-09 1.87333e-06 0.000311251 0.0118896 0.104415 0.210822 0.0988113 0.03586 0.155478 0.218586 0.0806761 0.0413502 0.0301499 0.00861785 0.00245801 0.000501996 6.53687e-05 5.07605e-06 1.90611e-07
 2.13799e-27 2.15546e-27 4.79707e-27 9.03287e-22 5.37219e-17 7.34551e-13 2.30907e-09 1.66877e-06 0.000277264 0.0105913 0.0930133 0.187803 0.0881981 0.0366291 0.167112 0.235054 0.0874598 0.0469701 0.034358 0.00943215 0.00252042 0.000508809 6.59856e-05 5.1354e-06 1.96637e-07
 2.13877e-27 2.15742e-27 5.01019e-27 9.7561e-22 5.80232e-17 7.93364e-13 2.49395e-09 1.80238e-06 0.000299464 0.0114393 0.100461 0.202838 0.0951039 0.0354202 0.1552 0.218347 0.0826932 0.0488021 0.0362095 0.00996021 0.00264522 0.000511767 6.2555e-05 4.76996e-06 1.8222e-07
 2.13817e-27 2.15592e-27 4.84822e-27 9.20647e-22 5.47544e-17 7.48668e-13 2.35345e-09 1.70084e-06 0.000282593 0.0107948 0.0948009 0.191412 0.0898545 0.0363057 0.164049 0.230753 0.0861358 0.0471148 0.0347801 0.0101216 0.0029402 0.00057822 6.96218e-05 5.06946e-06 1.85778e-07
 2.13901e-27 2.15801e-27 5.07342e-27 9.97058e-22 5.92988e-17 8.10806e-13 2.54878e-09 1.84201e-06 0.000306047 0.0116908 0.102669 0.207297 0.0971571 0.035201 0.152518 0.214563 0.0812982 0.0480983 0.0357634 0.0100145 0.0027727 0.000569795 7.37035e-05 5.44994e-06 1.94612e-07
 2.13931e-27 2.15871e-27 5.14242e-27 1.02044e-21 6.06896e-17 8.29822e-13 2.60856e-09 1.88521e-06 0.000313225 0.011965 0.105077 0.212159 0.0994123 0.0354039 0.152291 0.214157 0.0799703 0.0438351 0.0324076 0.00953414 0.00282477 0.000569904 7.24734e-05 5.60649e-06 2.09393e-07
 2.13806e-27 2.15561e-27 4.81265e-27 9.08568e-22 5.4036e-17 7.38845e-13 2.32257e-09 1.67853e-06 0.000278885 0.0106532 0.0935571 0.188901 0.0887059 0.0366361 0.166824 0.234631 0.0870733 0.0460779 0.0337392 0.0095637 0.00270921 0.000566742 7.54225e-05 5.81295e-06 2.19417e-07
 2.1393e-27 2.15871e-27 5.14656e-27 1.02186e-21 6.0774e-17 8.30977e-13 2.61219e-09 1.88783e-06 0.000313661 0.0119816 0.105223 0.212454 0.0995356 0.0350532 0.150062 0.211087 0.0798894 0.0469846 0.0348178 0.00951193 0.00251297 0.000501457 6.4864e-05 5.13853e-06 1.9858e-07
 2.1387e-27 2.1572e-27 4.9812e-27 9.65746e-22 5.74365e-17 7.85342e-13 2.46873e-09 1.78416e-06 0.000296436 0.0113236 0.0994448 0.200788 0.0941804 0.0360741 0.15981 0.224736 0.0834469 0.0443093 0.0325895 0.00956494 0.0028105 0.000552314 6.71778e-05 5.09374e-06 1.95789e-07
 2.13774e-27 2.15487e-27 4.7387e-27 8.83503e-22 5.25452e-17 7.18463e-13 2.2585e-09 1.63222e-06 0.000271191 0.0103593 0.0909761 0.18369 0.0862918 0.0365041 0.167589 0.235782 0.088469 0.049752 0.0366892 0.0101831 0.00278527 0.000576056 7.52778e-05 5.60833e-06 2.05063e-07
 2.13806e-27 2.15569e-27 4.8314e-27 9.14979e-22 5.44173e-17 7.44059e-13 2.33896e-09 1.69037e-06 0.000280853 0.0107284 0.0942173 0.190233 0.0892867 0.0356946 0.160674 0.226119 0.0861817 0.052493 0.0392286 0.0110857 0.00308353 0.000609313 7.65747e-05 5.94785e-06 2.24163e-07
 2.13926e-27 2.1586e-27 5.13376e-27 1.01752e-21 6.05156e-17 8.27443e-13 2.60108e-09 1.87981e-06 0.000312327 0.0119307 0.104776 0.21155 0.0991243 0.0352217 0.151362 0.212886 0.0800443 0.0455297 0.0338195 0.00987807 0.00289891 0.000584876 7.32976e-05 5.49635e-06 2.06072e-07
 2.13777e-27 2.15497e-27 4.75018e-27 8.87405e-22 5.27773e-17 7.21636e-13 2.26847e-09 1.63943e-06 0.000272389 0.0104051 0.091378 0.184501 0.0866601 0.036323 0.166238 0.233897 0.0880549 0.0504092 0.0373883 0.0106868 0.00305889 0.000635318 8.36076e-05 6.38105e-06 2.36043e-07
#obs catch len freq
 4.09434e-40 2.0039e-33 2.25482e-27 5.833e-22 3.4691e-17 4.74337e-13 1.49108e-09 1.07761e-06 0.000179046 0.00683933 0.060063 0.121277 0.0574137 0.0358654 0.182498 0.257301 0.102724 0.0765481 0.061014 0.0237956 0.0104449 0.00320983 0.000718667 9.92346e-05 7.07262e-06
 4.20776e-40 2.05941e-33 2.31728e-27 5.99458e-22 3.5652e-17 4.87477e-13 1.53239e-09 1.10746e-06 0.000184006 0.00702879 0.0617269 0.124637 0.0589834 0.0363078 0.184186 0.2596 0.102456 0.0729644 0.0575606 0.0216545 0.00920699 0.00279783 0.000616293 8.26695e-05 5.65803e-06
 5.72589e-40 2.80243e-33 3.15333e-27 8.15738e-22 4.8515e-17 6.63354e-13 2.08526e-09 1.50702e-06 0.000250394 0.00956473 0.0839974 0.1696 0.0797258 0.0351079 0.163309 0.230029 0.0901011 0.0621866 0.0486443 0.0176658 0.00719962 0.002104 0.000449387 5.91113e-05 3.94051e-06
 5.20299e-40 2.5465e-33 2.86537e-27 7.41243e-22 4.40845e-17 6.02776e-13 1.89483e-09 1.3694e-06 0.000227528 0.00869126 0.0763267 0.154114 0.0726876 0.0383414 0.187717 0.26403 0.0966747 0.0472601 0.0350437 0.0123602 0.0048532 0.00135816 0.000275649 3.48494e-05 2.26186e-06
 6.01218e-40 2.94255e-33 3.311e-27 8.56524e-22 5.09407e-17 6.96522e-13 2.18952e-09 1.58237e-06 0.000262914 0.010043 0.0881973 0.17808 0.0837031 0.036625 0.170016 0.239219 0.0898609 0.0508577 0.0377112 0.0109595 0.00338296 0.00088729 0.000171039 2.04959e-05 1.27125e-06
 5.47995e-40 2.68206e-33 3.01789e-27 7.80701e-22 4.64312e-17 6.34863e-13 1.9957e-09 1.44229e-06 0.000239639 0.00915391 0.0803896 0.162317 0.0764875 0.0385399 0.186456 0.262184 0.0951299 0.0437817 0.0316036 0.00977552 0.0031355 0.000684601 0.00010659 1.1689e-05 6.85095e-07
 4.08413e-40 1.9989e-33 2.24919e-27 5.81844e-22 3.46045e-17 4.73153e-13 1.48736e-09 1.07492e-06 0.000178599 0.00682227 0.0599132 0.120976 0.0574218 0.039794 0.206573 0.290694 0.107327 0.0551159 0.0400843 0.0111688 0.00312268 0.000694299 0.00010294 9.29283e-06 4.66855e-07
 3.94894e-40 1.93273e-33 2.17474e-27 5.62586e-22 3.34591e-17 4.57493e-13 1.43813e-09 1.03934e-06 0.000172688 0.00659646 0.0579301 0.116972 0.0554891 0.0376248 0.194538 0.274134 0.10697 0.0725311 0.0551392 0.0160893 0.00471264 0.000959659 0.000128325 1.10804e-05 4.91454e-07
 9.82056e-40 4.80648e-33 5.40833e-27 1.39908e-21 8.32088e-17 1.13773e-12 3.57646e-09 2.58472e-06 0.000429455 0.0164046 0.144065 0.290874 0.135648 0.0312353 0.103118 0.144878 0.0559209 0.036189 0.0278119 0.00932889 0.00328123 0.000709673 9.51821e-05 7.54676e-06 3.07639e-07
 6.9268e-40 3.39019e-33 3.81469e-27 9.86825e-22 5.86902e-17 8.02482e-13 2.52261e-09 1.8231e-06 0.00030291 0.0115708 0.101614 0.20517 0.0963298 0.0393588 0.178539 0.25052 0.0841437 0.0177325 0.0100131 0.00323491 0.00113874 0.000280853 4.41361e-05 3.68913e-06 1.45445e-07
 3.02175e-40 1.47894e-33 1.66413e-27 4.30494e-22 2.56031e-17 3.50076e-13 1.10047e-09 7.95309e-07 0.000132142 0.00504764 0.0443284 0.0895121 0.0430104 0.043396 0.238045 0.334731 0.118515 0.0453178 0.0303534 0.00647857 0.000918841 0.000180061 2.94583e-05 2.81536e-06 1.23254e-07
 8.51337e-40 4.16671e-33 4.68844e-27 1.21286e-21 7.21331e-17 9.8629e-13 3.10041e-09 2.24067e-06 0.000372291 0.014221 0.124889 0.252158 0.11775 0.0312606 0.114943 0.161929 0.0672601 0.0573214 0.0439991 0.0111127 0.00239938 0.000352328 2.74121e-05 2.00364e-06 9.29778e-08
 7.88697e-40 3.86013e-33 4.34348e-27 1.12362e-21 6.68257e-17 9.1372e-13 2.87229e-09 2.07581e-06 0.000344898 0.0131747 0.1157 0.233608 0.109406 0.0374649 0.158407 0.22222 0.0751995 0.0177521 0.0108112 0.00405054 0.00154187 0.000288188 2.75942e-05 1.42699e-06 3.89929e-08
 4.83853e-40 2.36813e-33 2.66465e-27 6.89321e-22 4.09965e-17 5.60553e-13 1.7621e-09 1.27348e-06 0.00021159 0.00808246 0.0709802 0.143321 0.0678235 0.0416991 0.211468 0.297088 0.102731 0.0314803 0.0198935 0.00433908 0.000696981 0.000157764 2.46858e-05 1.68468e-06 4.64753e-08
 5.204e-40 2.547e-33 2.86592e-27 7.41387e-22 4.40931e-17 6.02893e-13 1.8952e-09 1.36966e-06 0.000227572 0.00869295 0.0763415 0.154144 0.0726953 0.0381785 0.186714 0.262735 0.0979514 0.0531377 0.0383479 0.00896518 0.00161264 0.00023285 2.04876e-05 1.61326e-06 6.33234e-08
 3.73172e-40 1.82642e-33 2.05512e-27 5.31639e-22 3.16186e-17 4.32327e-13 1.35902e-09 9.82169e-07 0.000163189 0.0062336 0.0547435 0.110539 0.0526389 0.040926 0.216628 0.304754 0.110738 0.0514478 0.0369391 0.0107028 0.00300065 0.000499708 4.17468e-05 2.12716e-06 6.33633e-08
 7.19426e-40 3.52109e-33 3.96199e-27 1.02493e-21 6.09564e-17 8.33468e-13 2.62001e-09 1.89349e-06 0.000314606 0.0120175 0.105538 0.21309 0.0997991 0.0342308 0.144849 0.20388 0.0792648 0.0528777 0.0398149 0.010822 0.00285016 0.000576487 6.90858e-05 4.06718e-06 1.02322e-07
 4.78719e-40 2.343e-33 2.63638e-27 6.82005e-22 4.05614e-17 5.54604e-13 1.7434e-09 1.25996e-06 0.000209344 0.00799668 0.0702269 0.1418 0.0671149 0.0415533 0.211036 0.29648 0.102463 0.0312758 0.0205343 0.00661424 0.00219754 0.000440039 5.37073e-05 3.92401e-06 1.27331e-07
 5.47828e-40 2.68124e-33 3.01697e-27 7.80462e-22 4.6417e-17 6.34669e-13 1.99509e-09 1.44185e-06 0.000239566 0.00915112 0.0803651 0.162267 0.0764369 0.0378048 0.181985 0.256061 0.0954896 0.0518812 0.037443 0.00876347 0.00169729 0.000357871 5.18981e-05 3.96642e-06 1.41802e-07
 6.03867e-40 2.95551e-33 3.32559e-27 8.60298e-22 5.11651e-17 6.99591e-13 2.19917e-09 1.58934e-06 0.000264072 0.0100872 0.0885858 0.178865 0.0841203 0.0380728 0.178617 0.251088 0.0905954 0.0400981 0.028535 0.00829271 0.00233731 0.000396742 3.92318e-05 3.01533e-06 1.20029e-07
 4.73976e-40 2.31978e-33 2.61026e-27 6.75249e-22 4.01596e-17 5.49109e-13 1.72613e-09 1.24748e-06 0.00020727 0.00791746 0.0695312 0.140395 0.0664259 0.0405015 0.205039 0.288247 0.102602 0.0410102 0.0282883 0.00750349 0.00189893 0.000382378 4.64057e-05 2.94528e-06 9.524e-08
 7.1548e-40 3.50178e-33 3.94026e-27 1.01931e-21 6.0622e-17 8.28896e-13 2.60564e-09 1.8831e-06 0.00031288 0.0119516 0.104959 0.211922 0.099314 0.0356976 0.154155 0.216758 0.0805664 0.0429902 0.0311921 0.00796628 0.00183309 0.00033716 3.97522e-05 2.89919e-06 9.78915e-08
 4.93277e-40 2.41425e-33 2.71655e-27 7.02746e-22 4.17949e-17 5.7147e-13 1.79642e-09 1.29828e-06 0.000215711 0.00823987 0.0723625 0.146112 0.0690956 0.0412151 0.207672 0.291774 0.101311 0.0324505 0.0213349 0.00613098 0.00173192 0.000317257 3.39726e-05 2.30566e-06 8.017e-08
 5.94331e-40 2.90884e-33 3.27307e-27 8.46712e-22 5.03571e-17 6.88543e-13 2.16444e-09 1.56425e-06 0.000259902 0.00992791 0.0871869 0.17604 0.0827906 0.037436 0.175582 0.246978 0.0914868 0.0478519 0.0343705 0.00814794 0.00159699 0.00030282 3.75654e-05 2.54199e-06 8.19694e-08
 6.27518e-40 3.07126e-33 3.45584e-27 8.93992e-22 5.3169e-17 7.2699e-13 2.2853e-09 1.65159e-06 0.000274414 0.0104823 0.0920553 0.18587 0.0873628 0.038181 0.177167 0.248967 0.0888044 0.0360967 0.0251908 0.00719385 0.00198119 0.000337389 3.24254e-05 2.20208e-06 7.63597e-08
 4.82184e-40 2.35995e-33 2.65546e-27 6.86942e-22 4.0855e-17 5.58619e-13 1.75602e-09 1.26908e-06 0.00021086 0.00805456 0.0707352 0.142826 0.0675536 0.0406023 0.204922 0.288048 0.102067 0.0393203 0.0268079 0.00687262 0.00162188 0.000317248 3.77899e-05 2.36043e-06 7.1222e-08
 5.22327e-40 2.55643e-33 2.87654e-27 7.44132e-22 4.42564e-17 6.05126e-13 1.90222e-09 1.37474e-06 0.000228414 0.00872514 0.0766242 0.154715 0.072962 0.0382534 0.187 0.263105 0.0976194 0.0515598 0.0373033 0.00940118 0.00208974 0.000368841 4.08623e-05 2.87594e-06 9.50998e-08
 5.65139e-40 2.76596e-33 3.11231e-27 8.05125e-22 4.78838e-17 6.54724e-13 2.05813e-09 1.48742e-06 0.000247136 0.00944029 0.0829046 0.167395 0.0788269 0.0383253 0.183616 0.25819 0.0938667 0.0437563 0.0313978 0.00900535 0.00252179 0.000454618 4.6821e-05 3.01247e-06 9.94692e-08
 5.6043e-40 2.74292e-33 3.08637e-27 7.98416e-22 4.74848e-17 6.49268e-13 2.04098e-09 1.47502e-06 0.000245077 0.00936162 0.0822138 0.166 0.0781793 0.0382514 0.183585 0.258178 0.0943077 0.0453282 0.0325362 0.00889941 0.00237011 0.000478962 5.90297e-05 3.90023e-06 1.20443e-07
#spawning biomass
 4723.62 2893.4 3174.31 3778.06 5258.88 7004.82 7261.86 5826.27 7346.66 14564 16522.6 14754.4 24452.2 33921.8 30553.8 25466 19723.7 22540.2 20945.3 21760.9 21498.1 24268.8 27715.6 25988.8 30037.4 31433.4 29012.2 26829.4 28349.8 62446.9 89485.6 83572.9 56468.8 38587.8 29663.6 25572 23777.2 23011.4 22690.7 22558 22503.6 22481.4 22472.4 22468.7 22467.3 22466.7 22466.4 22466.3 22466.3 22466.3 22466.3 22466.3 22466.3 22466.3 22466.3 22466.3 22466.3 22466.3 22466.3 22466.3 22466.3 22466.3 22466.3 22466.3 22466.3 22466.3 22466.3 22466.3 22466.3 22466.3 22466.3 22466.3 22466.3 22466.3 22466.3 22466.3 22466.3 22466.3 22466.3 22466.3 22466.3 22466.3 22466.3 22466.3 22466.3 22466.3 22466.3 22466.3 22466.3 22466.3 22466.3 22466.3 22466.3 22466.3 22466.3 22466.3 22466.3 22466.3 22466.3 22466.3 22466.3 22466.3 22466.3 22466.3 22466.3 22466.3 22466.3 22466.3 22466.3 22466.3 22466.3 22466.3 22466.3 22466.3 22466.3 22466.3 22466.3 22466.3 22466.3 22466.3 22466.3 22466.3 22466.3 22466.3 22466.3 22466.3 22466.3 22466.3 22466.3 0 0 0 0 0 0 0 0 0 0 0 0 0 0 0 0 0 0 0 0 0 0 0 0 0
