SBPRF35
0.819782
Curr Bio
139551
B35
709063
F35
0.205224
FOFL
0.0473051
OFL
7182.13
Bzero
234224
#pred survey bio
 6932.04 6651.31 8136.32 11445.6 16380.3 18933.5 18638.5 23211.3 35131.2 49051.1 59083.4 75606.6 97891.4 120367 136659 114117 98355.4 91978 93191.1 94102 102111 110131 112292 121475 133239 126928 134127 144871 6.86225e+06 6.82805e+06 7.44337e+06 7.17995e+06 6.4557e+06 5.5884e+06 4.76114e+06 4.05504e+06 3.49025e+06 3.05668e+06 2.73263e+06 2.49461e+06 2.32161e+06 2.19644e+06 2.10511e+06 2.0375e+06 1.9895e+06 1.95509e+06 1.93018e+06 1.91194e+06 1.89845e+06 1.88836e+06 1.88073e+06 1.87491e+06 1.87043e+06 1.86695e+06 1.86423e+06 1.86208e+06 1.86037e+06 1.85902e+06 1.85793e+06 1.85705e+06 1.85635e+06 1.85578e+06 1.85532e+06 1.85494e+06 1.85464e+06 1.85439e+06 1.85419e+06 1.85403e+06 1.85389e+06 1.85378e+06 1.85369e+06 1.85362e+06 1.85356e+06 1.85351e+06 1.85347e+06 1.85344e+06 1.85341e+06 1.85339e+06 1.85337e+06 1.85335e+06 1.85334e+06 1.85333e+06 1.85332e+06 1.85332e+06 1.85331e+06 1.85331e+06 1.8533e+06 1.8533e+06 1.8533e+06 1.8533e+06 1.8533e+06 1.85329e+06 1.85329e+06 1.85329e+06 1.85329e+06 1.85329e+06 1.85329e+06 1.85329e+06 1.85329e+06 1.85329e+06 1.85329e+06 1.85329e+06 1.85329e+06 1.85329e+06 1.85329e+06 1.85329e+06 1.85329e+06 1.85329e+06 1.85329e+06 1.85329e+06 1.85329e+06 1.85329e+06 1.85329e+06 1.85329e+06 1.85329e+06 1.85329e+06 1.85329e+06 1.85329e+06 1.85329e+06 1.85329e+06 1.85329e+06 1.85329e+06 1.85329e+06 1.85329e+06 1.85329e+06 1.85329e+06 1.85329e+06 1.85329e+06 0 0 0 0 0 0 0 0 0 0 0 0 0 0 0 0 0 0 0 0 0 0 0 0 0
#obs survey bio
 6316.07 6186.61 11303.1 19352.3 16037.7 20884.1 27702.1 28568.4 35360.6 64263.4 76353.2 73996.9 89665.5 105847 102538 177664 68099.5 74797.5 100654 87378.5 93540.2 147932 121040 117812 163790 141598 143892 128314
#pred catch bio
 4830.05 4801.72 5700.96 7768.52 11747.6 14664.9 14417 17070.4 25980.3 38739.2 46571.1 60375.9 79134.9 93850.5 115201 96295.7 83636.5 77884.6 80003.4 80054.4 86792.5 96123.2 97781.1 105874 120559 109666 116233 101381 7182.13 54432.5 58948.2 56321 50022.2 42676.8 35781.6 29982 25417.3 21978.8 19466.7 17671.5 16409.2 15531.6 14922.8 14500.1 14218.2 14030.3 13904.9 13821.3 13765.6 13728.4 13703.6 13687.1 13676.1 13668.7 13663.8 13660.6 13658.4 13656.9 13656 13655.3 13654.9 13654.6 13654.4 13654.3 13654.2 13654.2 13654.1 13654.1 13654.1 13654.1 13654.1 13654 13654 13654 13654 13654 13654 13654 13654 13654 13654 13654 13654 13654 13654 13654 13654 13654 13654 13654 13654 13654 13654 13654 13654 13654 13654 13654 13654 13654 13654 13654 13654 13654 13654 13654 13654 13654 13654 13654 13654 13654 13654 13654 13654 13654 13654 13654 13654 13654 13654 13654 13654 13654 13654 13654 13654 13654 0 0 0 0 0 0 0 0 0 0 0 0 0 0 0 0 0 0 0 0 0 0 0 0 0
#obs catch bio
 4617.89 4796.04 5482.61 7334.83 11325.6 14535.8 14171.8 16269.7 24847.9 37607.9 45443.3 58405.6 78012.3 92645.1 116860 92709.5 80438 78008.6 78705.9 79191.8 84664.6 91331.8 95517.5 101738 116948 104014 112298 100584
#pred cpue bio
 6276.68 5761.81 6895.07 9682.53 13974.5 16551.6 15984.9 19229.5 29213.4 41328.9 49540.8 62866.8 81222.4 100563 117650 98297.8 83978.8 77399.3 78309 78586.8 84884.7 92065.6 93068.3 100323 109989 105381 111683 119569 5.97667e+06 6.7955e+06 7.41082e+06 7.1474e+06 6.42315e+06 5.55585e+06 4.72859e+06 4.02249e+06 3.4577e+06 3.02413e+06 2.70008e+06 2.46206e+06 2.28906e+06 2.16389e+06 2.07256e+06 2.00494e+06 1.95695e+06 1.92254e+06 1.89762e+06 1.87939e+06 1.86589e+06 1.8558e+06 1.84818e+06 1.84236e+06 1.83788e+06 1.8344e+06 1.83167e+06 1.82952e+06 1.82782e+06 1.82646e+06 1.82538e+06 1.8245e+06 1.8238e+06 1.82323e+06 1.82277e+06 1.82239e+06 1.82209e+06 1.82184e+06 1.82164e+06 1.82147e+06 1.82134e+06 1.82123e+06 1.82114e+06 1.82107e+06 1.82101e+06 1.82096e+06 1.82092e+06 1.82088e+06 1.82086e+06 1.82083e+06 1.82082e+06 1.8208e+06 1.82079e+06 1.82078e+06 1.82077e+06 1.82077e+06 1.82076e+06 1.82076e+06 1.82075e+06 1.82075e+06 1.82075e+06 1.82074e+06 1.82074e+06 1.82074e+06 1.82074e+06 1.82074e+06 1.82074e+06 1.82074e+06 1.82074e+06 1.82074e+06 1.82074e+06 1.82074e+06 1.82074e+06 1.82074e+06 1.82074e+06 1.82074e+06 1.82074e+06 1.82074e+06 1.82074e+06 1.82074e+06 1.82074e+06 1.82074e+06 1.82074e+06 1.82074e+06 1.82074e+06 1.82074e+06 1.82074e+06 1.82074e+06 1.82074e+06 1.82074e+06 1.82074e+06 1.82074e+06 1.82074e+06 1.82074e+06 1.82074e+06 1.82074e+06 1.82074e+06 1.82074e+06 1.82074e+06 1.82074e+06 0 0 0 0 0 0 0 0 0 0 0 0 0 0 0 0 0 0 0 0 0 0 0 0 0
#obs cpue bio
 5179.19 7054.05 11900.2 16392.7 18921.8 14156.2 17468.1 36962 56010.7 42518.7 59296.5 105183 101682 126530 120070 155017 207389 76096.8 104638 97883.5 145291 174283 108211 209380 140492 232369 169768 142128
#pred surv len freq
 2.56581e-27 2.59548e-27 3.94508e-26 7.78255e-20 1.9078e-14 5.65315e-10 2.02486e-06 0.000876688 0.0458827 0.290267 0.22224 0.0376227 0.130231 0.120335 0.0303458 0.0393232 0.0181933 0.0157934 0.0106427 0.00874824 0.00733217 0.00669895 0.00704932 0.00643311 0.00198347
 2.56779e-27 2.6005e-27 4.34195e-26 8.61958e-20 2.11299e-14 6.26116e-10 2.24264e-06 0.000970978 0.0508175 0.321485 0.246127 0.0406399 0.136412 0.12566 0.0247443 0.0249465 0.0098107 0.00635145 0.00348034 0.00239276 0.00173669 0.00140724 0.00134426 0.0012469 0.000423565
 2.56869e-27 2.60288e-27 4.54183e-26 9.04121e-20 2.21634e-14 6.56742e-10 2.35234e-06 0.00101847 0.0533032 0.337211 0.258141 0.0410631 0.131193 0.120765 0.0225316 0.0210439 0.0072638 0.00325924 0.00136987 0.00069675 0.000392077 0.000263663 0.000218147 0.000195044 6.91611e-05
 2.5687e-27 2.60287e-27 4.53842e-26 9.034e-20 2.21458e-14 6.56218e-10 2.35046e-06 0.00101766 0.0532607 0.336942 0.257939 0.0412957 0.133104 0.122506 0.0224396 0.0203821 0.00685024 0.00275507 0.000924714 0.000319522 0.000121519 5.89062e-05 3.86067e-05 3.11651e-05 1.10885e-05
 2.56819e-27 2.60152e-27 4.42008e-26 8.78436e-20 2.15338e-14 6.38085e-10 2.28551e-06 0.00098954 0.051789 0.327631 0.250833 0.0415187 0.139794 0.128713 0.0241583 0.0227402 0.00758002 0.00293764 0.000935974 0.000271864 6.79684e-05 1.99917e-05 8.65006e-06 5.66732e-06 1.94233e-06
 2.5666e-27 2.59719e-27 4.03856e-26 7.97952e-20 1.95608e-14 5.79622e-10 2.07611e-06 0.000898876 0.0470439 0.297613 0.227929 0.042573 0.16391 0.150979 0.0283022 0.0266005 0.00896993 0.00363307 0.00114383 0.000316691 6.80168e-05 1.28036e-05 2.88769e-06 1.23556e-06 3.82618e-07
 2.5679e-27 2.60077e-27 4.35778e-26 8.65295e-20 2.12117e-14 6.28539e-10 2.25132e-06 0.000974737 0.0510142 0.32273 0.247089 0.04138 0.14137 0.130235 0.0256591 0.0257926 0.00870059 0.00352049 0.00113056 0.000322279 6.66454e-05 1.06848e-05 1.36543e-06 2.68499e-07 6.46604e-08
 2.56983e-27 2.60594e-27 4.80872e-26 9.60422e-20 2.35436e-14 6.97638e-10 2.49882e-06 0.0010819 0.0566225 0.358209 0.274168 0.0406105 0.116488 0.107145 0.0192223 0.0169135 0.00583346 0.00257323 0.000831766 0.000238609 5.08204e-05 7.96527e-06 8.15085e-07 7.02524e-08 9.18825e-09
 2.56957e-27 2.60518e-27 4.73676e-26 9.4524e-20 2.31714e-14 6.86611e-10 2.45932e-06 0.00106479 0.0557275 0.352547 0.269854 0.041233 0.124256 0.114232 0.0190133 0.0146315 0.00481431 0.00179765 0.000596715 0.000183057 3.93894e-05 6.30683e-06 6.26127e-07 3.62533e-08 1.87259e-09
 2.56885e-27 2.60322e-27 4.56331e-26 9.08649e-20 2.22744e-14 6.60032e-10 2.36412e-06 0.00102357 0.0535702 0.3389 0.259441 0.0416901 0.135051 0.124215 0.021187 0.0170678 0.00543034 0.00172157 0.000520168 0.000141985 3.22412e-05 5.34415e-06 5.39254e-07 2.87546e-08 7.90263e-10
 2.56912e-27 2.60396e-27 4.62946e-26 9.22603e-20 2.26165e-14 6.70168e-10 2.40043e-06 0.00103929 0.0543929 0.344104 0.263411 0.0414853 0.130703 0.120203 0.0204789 0.0164662 0.00529688 0.00176712 0.000504423 0.000117263 2.32634e-05 3.8236e-06 4.03844e-07 2.17086e-08 4.96543e-10
 2.56957e-27 2.60517e-27 4.73552e-26 9.44978e-20 2.3165e-14 6.8642e-10 2.45864e-06 0.0010645 0.055712 0.352449 0.26978 0.0412318 0.1243 0.114281 0.0191763 0.0149841 0.00481526 0.0016042 0.000466758 0.000110787 1.93265e-05 2.70166e-06 2.72767e-07 1.52201e-08 3.43645e-10
 2.56966e-27 2.6054e-27 4.75392e-26 9.48858e-20 2.32601e-14 6.89239e-10 2.46874e-06 0.00106887 0.0559407 0.353896 0.270886 0.0413374 0.124326 0.114269 0.0185355 0.0135215 0.0043101 0.00138837 0.000402168 9.59389e-05 1.71232e-05 2.20481e-06 1.87409e-07 9.84799e-09 2.27394e-10
 2.56928e-27 2.60436e-27 4.66037e-26 9.29123e-20 2.27763e-14 6.74903e-10 2.41739e-06 0.00104664 0.0547772 0.346536 0.265271 0.0416979 0.131014 0.120425 0.0193399 0.0138023 0.00433169 0.00128833 0.000365129 8.46994e-05 1.51001e-05 1.96994e-06 1.56549e-07 7.00166e-09 1.51563e-10
 2.56753e-27 2.59962e-27 4.24364e-26 8.41212e-20 2.06213e-14 6.11046e-10 2.18866e-06 0.000947608 0.0495944 0.313748 0.240252 0.0427569 0.156652 0.144127 0.024332 0.0192237 0.0060176 0.00174384 0.000479145 0.000103598 1.78772e-05 2.30226e-06 1.83664e-07 7.66389e-09 1.43682e-10
 2.56752e-27 2.59962e-27 4.24625e-26 8.41763e-20 2.06348e-14 6.11446e-10 2.1901e-06 0.000948228 0.0496269 0.313953 0.240405 0.042538 0.154878 0.142533 0.024817 0.0207422 0.00664553 0.00216418 0.000597908 0.000125389 2.03789e-05 2.48597e-06 1.94262e-07 8.04757e-09 1.40195e-10
 2.56808e-27 2.60113e-27 4.38002e-26 8.69984e-20 2.13266e-14 6.31945e-10 2.26352e-06 0.000980018 0.0512906 0.324479 0.248436 0.0421449 0.146244 0.13456 0.0233021 0.0192982 0.00626972 0.00218666 0.000633777 0.000146034 2.35236e-05 2.71854e-06 1.99255e-07 8.02711e-09 1.3734e-10
 2.56891e-27 2.60338e-27 4.57631e-26 9.11391e-20 2.23417e-14 6.62023e-10 2.37126e-06 0.00102666 0.0537319 0.339923 0.260223 0.0417522 0.134974 0.124118 0.0206803 0.0159413 0.00515998 0.00178186 0.000529348 0.000130708 2.29069e-05 2.74747e-06 1.91959e-07 7.24737e-09 1.19895e-10
 2.56896e-27 2.6035e-27 4.58452e-26 9.13122e-20 2.23841e-14 6.63281e-10 2.37576e-06 0.00102861 0.0538339 0.340568 0.260718 0.0419251 0.135942 0.124969 0.0200865 0.014365 0.00456274 0.00144749 0.000424279 0.000104818 1.9408e-05 2.5347e-06 1.87285e-07 6.82272e-09 1.06094e-10
 2.5693e-27 2.60439e-27 4.66302e-26 9.29681e-20 2.279e-14 6.75309e-10 2.41884e-06 0.00104727 0.0548102 0.346744 0.265431 0.041739 0.131214 0.1206 0.0191804 0.0133931 0.00418456 0.00121659 0.000341892 7.86706e-05 1.44126e-05 1.95678e-06 1.57524e-07 6.08329e-09 9.22865e-11
 2.56954e-27 2.60504e-27 4.72042e-26 9.4179e-20 2.30869e-14 6.84105e-10 2.45035e-06 0.00106091 0.0555241 0.35126 0.268877 0.0415926 0.127679 0.117333 0.0185188 0.0127047 0.0039497 0.00111652 0.000303518 6.42684e-05 1.09732e-05 1.43517e-06 1.19229e-07 4.98892e-09 7.99944e-11
 2.56923e-27 2.60419e-27 4.64427e-26 9.25727e-20 2.26931e-14 6.72436e-10 2.40855e-06 0.00104281 0.054577 0.345269 0.264307 0.0418953 0.133193 0.122404 0.0191109 0.0127776 0.00395706 0.0010964 0.00029464 6.03531e-05 9.62236e-06 1.15507e-06 9.12224e-08 3.91626e-09 6.7498e-11
 2.56969e-27 2.60544e-27 4.75415e-26 9.48907e-20 2.32613e-14 6.89274e-10 2.46887e-06 0.00106892 0.0559436 0.353915 0.270904 0.0415641 0.126038 0.115803 0.0179708 0.0118376 0.00364761 0.00098203 0.000261233 5.24614e-05 8.14649e-06 9.18962e-07 6.61348e-08 2.68745e-09 4.72926e-11
 2.56986e-27 2.6059e-27 4.79427e-26 9.57369e-20 2.34688e-14 6.95421e-10 2.49088e-06 0.00107846 0.0564425 0.357071 0.273313 0.0415163 0.123982 0.113889 0.0173341 0.0108662 0.00333598 0.000883244 0.000232349 4.54489e-05 6.92878e-06 7.59863e-07 5.14125e-08 1.90495e-09 3.17441e-11
 2.56988e-27 2.60594e-27 4.79768e-26 9.58089e-20 2.34864e-14 6.95944e-10 2.49275e-06 0.00107927 0.056485 0.357339 0.273518 0.0415413 0.124028 0.113925 0.0172143 0.0105821 0.00322042 0.000807852 0.000209813 4.03471e-05 6.01845e-06 6.4354e-07 4.21948e-08 1.46768e-09 2.23937e-11
 2.56956e-27 2.60506e-27 4.7176e-26 9.41195e-20 2.30723e-14 6.83672e-10 2.4488e-06 0.00106024 0.055489 0.351038 0.268714 0.041952 0.130529 0.119884 0.0175489 0.00984378 0.00298012 0.000731615 0.000186444 3.41858e-05 5.00003e-06 5.22681e-07 3.32986e-08 1.11754e-09 1.59945e-11
 2.56943e-27 2.60474e-27 4.69182e-26 9.35756e-20 2.29389e-14 6.79722e-10 2.43465e-06 0.00105411 0.0551683 0.34901 0.267162 0.0417971 0.130441 0.11986 0.0185821 0.012204 0.00365854 0.000815595 0.000203406 3.64296e-05 5.13121e-06 5.16898e-07 3.21045e-08 1.04505e-09 1.43808e-11
 2.5699e-27 2.60602e-27 4.80577e-26 9.59796e-20 2.35282e-14 6.97184e-10 2.4972e-06 0.00108119 0.0565856 0.357976 0.274002 0.0414072 0.122667 0.112694 0.017448 0.0114269 0.00350985 0.000924424 0.000230649 3.79529e-05 5.18291e-06 5.03736e-07 2.99561e-08 9.45539e-10 1.26042e-11
#obs surv len freq
 1.63773e-41 2.27306e-33 3.81353e-26 7.73377e-20 1.89584e-14 5.61773e-10 2.01218e-06 0.000871204 0.0455953 0.28845 0.220998 0.0442744 0.164649 0.139955 0.0434354 0.0352915 0.0115492 0.0039574 0.000854447 0.000110738 6.30419e-06 1.14038e-07 4.83522e-10 3.84622e-13 4.97277e-17
 1.90952e-41 2.65029e-33 4.44641e-26 9.01722e-20 2.21047e-14 6.55002e-10 2.34611e-06 0.00101578 0.0531621 0.336319 0.257562 0.0440244 0.131716 0.105934 0.0334794 0.0254981 0.00809902 0.00260598 0.000519693 5.9257e-05 2.79307e-06 3.93732e-08 1.24881e-10 7.25397e-14 6.74803e-18
 1.92713e-41 2.67474e-33 4.48743e-26 9.10041e-20 2.23086e-14 6.61044e-10 2.36775e-06 0.00102515 0.0536525 0.339422 0.260016 0.0470998 0.141203 0.106246 0.0269591 0.0172034 0.00527169 0.00158065 0.000289015 2.87723e-05 1.11859e-06 1.2279e-08 2.90691e-11 1.22927e-14 8.21358e-19
 1.96085e-41 2.72153e-33 4.56592e-26 9.2596e-20 2.26988e-14 6.72608e-10 2.40917e-06 0.00104309 0.0545911 0.345359 0.264614 0.0487696 0.139432 0.098878 0.0266227 0.0158002 0.00378227 0.000937334 0.000154656 1.33051e-05 4.23435e-07 3.61276e-09 6.39214e-12 1.96944e-15 9.44652e-20
 1.76275e-41 2.44658e-33 4.10464e-26 8.32413e-20 2.04056e-14 6.04656e-10 2.16578e-06 0.000937708 0.0490759 0.31047 0.238164 0.054893 0.176021 0.117137 0.0312505 0.0171015 0.00400591 0.000830114 0.000103138 7.2969e-06 1.87871e-07 1.23973e-09 1.63933e-12 3.68895e-16 1.27336e-20
 1.45306e-41 2.01676e-33 3.38353e-26 6.86172e-20 1.68207e-14 4.98428e-10 1.78529e-06 0.000772968 0.0404541 0.255927 0.196788 0.0625151 0.220937 0.140092 0.0488681 0.0265922 0.00583217 0.00109939 0.000113367 5.82224e-06 1.12933e-07 5.67757e-10 5.59294e-13 9.19734e-17 2.29021e-21
 2.09181e-41 2.9033e-33 4.87088e-26 9.87805e-20 2.42149e-14 7.17531e-10 2.57008e-06 0.00111276 0.0582372 0.368427 0.282373 0.0502801 0.112182 0.068907 0.0339301 0.0187424 0.00483893 0.000885311 7.92223e-05 3.17465e-06 4.32706e-08 1.54408e-10 1.10678e-13 1.32335e-17 2.3768e-22
 1.98733e-41 2.75828e-33 4.62759e-26 9.38466e-20 2.30054e-14 6.81692e-10 2.44171e-06 0.00105718 0.0553284 0.350026 0.268669 0.0602059 0.151729 0.0816843 0.0190403 0.0087616 0.00286922 0.000573539 5.13958e-05 1.7132e-06 1.73151e-08 4.2529e-11 2.08924e-14 1.75277e-18 2.23983e-23
 2.01063e-41 2.79062e-33 4.68184e-26 9.49468e-20 2.32751e-14 6.89683e-10 2.47033e-06 0.00106957 0.055977 0.35413 0.271934 0.0619262 0.145888 0.0749965 0.0232777 0.00892382 0.00155035 0.000294349 2.89038e-05 9.10766e-07 7.43772e-09 1.32568e-11 4.4709e-15 2.53627e-19 2.21424e-24
 1.72169e-41 2.38959e-33 4.00904e-26 8.13025e-20 1.99304e-14 5.90573e-10 2.11534e-06 0.000915868 0.0479329 0.303244 0.233714 0.0763184 0.199862 0.0958403 0.0292198 0.0106954 0.00199502 0.000242101 1.75986e-05 5.38642e-07 3.93233e-09 5.56632e-12 1.36978e-15 5.40642e-20 3.21324e-25
 2.01547e-41 2.79734e-33 4.69312e-26 9.51755e-20 2.33312e-14 6.91345e-10 2.47628e-06 0.00107215 0.0561118 0.354985 0.272963 0.0667199 0.139711 0.0665952 0.0294961 0.0103115 0.00181376 0.000206855 1.07245e-05 2.2601e-07 1.39197e-09 1.66905e-12 3.24842e-16 9.54081e-21 4.04695e-26
 1.84963e-41 2.56716e-33 4.30694e-26 8.73439e-20 2.14113e-14 6.34457e-10 2.27252e-06 0.000983923 0.0514946 0.32578 0.251431 0.0816088 0.180076 0.0754715 0.0232266 0.00800857 0.0017245 0.000183636 8.19388e-06 1.23514e-07 5.09653e-10 4.5955e-13 7.12067e-17 1.64151e-21 5.28243e-27
 1.92947e-41 2.67797e-33 4.49285e-26 9.11141e-20 2.23356e-14 6.61844e-10 2.37062e-06 0.00102639 0.0537174 0.339844 0.262323 0.080838 0.160269 0.0667349 0.0264084 0.00746332 0.00123017 0.000136817 5.83553e-06 7.13302e-08 2.09893e-10 1.26043e-13 1.35333e-17 2.29845e-22 5.60861e-28
 1.61842e-41 2.24626e-33 3.76857e-26 7.64259e-20 1.87349e-14 5.5515e-10 1.98846e-06 0.000860933 0.0450578 0.285071 0.221966 0.104582 0.217583 0.083936 0.0306276 0.00871465 0.00146944 0.000125676 4.73682e-06 5.20226e-08 1.21701e-10 5.27215e-14 3.84426e-18 4.37947e-23 7.34897e-29
 1.48555e-41 2.06185e-33 3.45918e-26 7.01515e-20 1.71968e-14 5.09573e-10 1.82521e-06 0.000790252 0.0413587 0.261677 0.204983 0.11312 0.22377 0.0937645 0.0464901 0.0120161 0.0018729 0.000151277 4.54014e-06 3.97817e-08 7.72121e-11 2.63997e-14 1.42234e-18 1.14025e-23 1.30721e-29
 1.7245e-41 2.39349e-33 4.01558e-26 8.14352e-20 1.99629e-14 5.91537e-10 2.11879e-06 0.000917362 0.0480111 0.303763 0.236902 0.102968 0.176549 0.0757501 0.0408166 0.0121058 0.00206413 0.000147355 3.8107e-06 2.62021e-08 3.83986e-11 1.01483e-14 4.23044e-19 2.55531e-24 2.13703e-30
 1.68598e-41 2.34003e-33 3.92588e-26 7.9616e-20 1.95169e-14 5.78322e-10 2.07146e-06 0.000896869 0.0469386 0.296993 0.23319 0.118658 0.191893 0.0700982 0.0303062 0.00917925 0.00171404 0.000127926 2.89355e-06 1.60568e-08 1.80311e-11 3.51406e-15 1.07764e-19 4.8443e-25 3.02665e-31
 1.69641e-41 2.3545e-33 3.95017e-26 8.01086e-20 1.96377e-14 5.819e-10 2.08427e-06 0.000902418 0.047229 0.298843 0.235577 0.12402 0.18496 0.0697336 0.030209 0.00723028 0.00120124 9.08965e-05 1.97377e-06 9.31207e-09 8.17991e-12 1.20006e-15 2.70016e-20 8.77272e-26 3.95208e-32
 1.65452e-41 2.29636e-33 3.85262e-26 7.81304e-20 1.91527e-14 5.67531e-10 2.0328e-06 0.000880133 0.0460628 0.291486 0.23159 0.13564 0.188563 0.0692509 0.0288368 0.0067073 0.000922704 5.76219e-05 1.13608e-06 4.7584e-09 3.45555e-12 3.93668e-16 6.62757e-21 1.57938e-26 5.15232e-33
 1.75926e-41 2.44174e-33 4.09653e-26 8.30768e-20 2.03653e-14 6.03461e-10 2.1615e-06 0.000935854 0.048979 0.309949 0.2463 0.13327 0.16705 0.0622293 0.025123 0.00544946 0.000677402 3.41929e-05 5.2817e-07 1.82495e-09 1.10077e-12 1.01136e-16 1.32343e-21 2.37682e-27 5.72035e-34
 1.7128e-41 2.37725e-33 3.98833e-26 8.08826e-20 1.98274e-14 5.87523e-10 2.10441e-06 0.000911137 0.0476855 0.301803 0.242468 0.148195 0.172848 0.0594005 0.0216684 0.00449695 0.000501657 2.12755e-05 2.54223e-07 6.59224e-10 3.05346e-13 2.19622e-17 2.24819e-22 3.118e-28 5.69785e-35
 1.73173e-41 2.40352e-33 4.03241e-26 8.17765e-20 2.00465e-14 5.94016e-10 2.12767e-06 0.000921206 0.0482125 0.305171 0.246688 0.152571 0.164024 0.0583445 0.0200675 0.00362831 0.000356001 1.27659e-05 1.20575e-07 2.34286e-10 7.92461e-14 4.17667e-18 3.17887e-23 3.31488e-29 4.57234e-36
 1.73361e-41 2.40614e-33 4.0368e-26 8.18656e-20 2.00684e-14 5.94663e-10 2.12999e-06 0.00092221 0.0482652 0.305555 0.24932 0.160872 0.159356 0.0547916 0.0176607 0.0029997 0.000248271 7.25832e-06 5.43684e-08 8.04014e-11 2.00317e-14 7.62374e-19 4.16036e-24 3.11884e-30 3.11534e-37
 1.74476e-41 2.42161e-33 4.06276e-26 8.23919e-20 2.01974e-14 5.98486e-10 2.14368e-06 0.00092814 0.0485756 0.307577 0.253151 0.166075 0.152187 0.0529269 0.0159264 0.00246896 0.000178416 4.20378e-06 2.42541e-08 2.71711e-11 5.03528e-15 1.4002e-19 5.50784e-25 2.9502e-31 2.09629e-38
 1.68766e-41 2.34237e-33 3.92981e-26 7.96957e-20 1.95365e-14 5.78901e-10 2.07353e-06 0.000897767 0.0469863 0.29762 0.24957 0.180836 0.154771 0.0524051 0.0146822 0.0020967 0.000130254 2.50173e-06 1.11233e-08 9.27835e-12 1.26479e-15 2.57116e-20 7.34352e-26 2.83575e-32 1.44361e-39
 1.6019e-41 2.22333e-33 3.73009e-26 7.56455e-20 1.85436e-14 5.49481e-10 1.96815e-06 0.000852141 0.0445988 0.282649 0.242972 0.196471 0.15966 0.0560941 0.0147048 0.00189403 0.000101103 1.57435e-06 5.41982e-09 3.38535e-12 3.37826e-16 4.97105e-21 1.02347e-26 2.84403e-33 1.04006e-40
 1.5946e-41 2.2132e-33 3.71309e-26 7.53008e-20 1.84591e-14 5.46977e-10 1.95918e-06 0.000848259 0.0443961 0.281492 0.245437 0.199712 0.154088 0.0575282 0.0146658 0.00175005 7.93659e-05 9.96414e-07 2.65307e-09 1.24432e-12 9.14391e-17 9.77464e-22 1.44857e-27 2.8819e-34 7.52639e-42
 1.63812e-41 2.2736e-33 3.81444e-26 7.7356e-20 1.89629e-14 5.61906e-10 2.01265e-06 0.000871411 0.0456083 0.2893 0.254419 0.199411 0.143157 0.0526375 0.0130492 0.00148583 5.85616e-05 5.92282e-07 1.21465e-09 4.27648e-13 2.31863e-17 1.80724e-22 1.93695e-28 2.77018e-35 5.17724e-43
#pred catch len freq
 2.56515e-27 2.59371e-27 3.79234e-26 7.46035e-20 1.82881e-14 5.4191e-10 1.94103e-06 0.000840392 0.0439831 0.278249 0.213066 0.0377501 0.137646 0.127207 0.0320789 0.041569 0.0192324 0.0166954 0.0112506 0.00924787 0.00775093 0.00708154 0.00745192 0.00680052 0.00209675
 2.56732e-27 2.59923e-27 4.23075e-26 8.385e-20 2.05548e-14 6.09076e-10 2.18161e-06 0.000944553 0.0494345 0.312736 0.23945 0.0408962 0.143053 0.131796 0.0259525 0.0261645 0.0102897 0.00666156 0.00365027 0.00250959 0.00182148 0.00147595 0.0014099 0.00130778 0.000444246
 2.56817e-27 2.60147e-27 4.41727e-26 8.77843e-20 2.15193e-14 6.37654e-10 2.28397e-06 0.000988872 0.051754 0.32741 0.250663 0.0414032 0.139035 0.128005 0.0238825 0.0223056 0.00769929 0.00345464 0.001452 0.000738523 0.000415584 0.000279471 0.000231225 0.000206738 7.33075e-05
 2.56809e-27 2.60123e-27 4.393e-26 8.72724e-20 2.13938e-14 6.33936e-10 2.27065e-06 0.000983105 0.0514522 0.325501 0.24921 0.0417082 0.142377 0.131066 0.0240076 0.0218063 0.0073289 0.00294757 0.000989328 0.000341848 0.00013001 6.30223e-05 4.13043e-05 3.33427e-05 1.18633e-05
 2.56772e-27 2.60024e-27 4.3078e-26 8.54751e-20 2.09532e-14 6.2088e-10 2.22389e-06 0.000962859 0.0503926 0.318797 0.244093 0.0418315 0.146911 0.135284 0.0253915 0.0239011 0.00796697 0.0030876 0.000983754 0.000285743 7.14381e-05 2.10123e-05 9.09164e-06 5.95663e-06 2.04148e-06
 2.56636e-27 2.59654e-27 3.98141e-26 7.85895e-20 1.92653e-14 5.70865e-10 2.04474e-06 0.000885295 0.0463331 0.293116 0.224498 0.0427321 0.167531 0.154322 0.028929 0.0271896 0.00916856 0.00371352 0.00116916 0.000323704 6.9523e-05 1.30871e-05 2.95163e-06 1.26292e-06 3.91091e-07
 2.56768e-27 2.60015e-27 4.30374e-26 8.53896e-20 2.09322e-14 6.20259e-10 2.22166e-06 0.000961896 0.0503422 0.318478 0.243844 0.0415231 0.144738 0.133347 0.0262721 0.0264089 0.00890846 0.0036046 0.00115757 0.000329979 6.82377e-05 1.094e-05 1.39806e-06 2.74913e-07 6.62053e-08
 2.56949e-27 2.60502e-27 4.72732e-26 9.43251e-20 2.31227e-14 6.85166e-10 2.45415e-06 0.00106255 0.0556102 0.351805 0.269281 0.0408451 0.121706 0.111961 0.0200863 0.0176738 0.00609568 0.0026889 0.000869154 0.000249335 5.31048e-05 8.32331e-06 8.51723e-07 7.34103e-08 9.60126e-09
 2.56924e-27 2.60428e-27 4.657e-26 9.28413e-20 2.27589e-14 6.74388e-10 2.41554e-06 0.00104584 0.0547354 0.346271 0.265066 0.0414805 0.129504 0.119072 0.0198189 0.0152514 0.00501829 0.00187381 0.000621996 0.000190812 4.10583e-05 6.57404e-06 6.52655e-07 3.77892e-08 1.95193e-09
 2.56871e-27 2.60284e-27 4.53002e-26 9.01626e-20 2.21023e-14 6.5493e-10 2.34585e-06 0.00101566 0.0531561 0.33628 0.257442 0.041792 0.137231 0.126227 0.02153 0.0173442 0.00551827 0.00174944 0.00052859 0.000144284 3.27632e-05 5.43067e-06 5.47985e-07 2.92202e-08 8.03058e-10
 2.56898e-27 2.60358e-27 4.59537e-26 9.15412e-20 2.24402e-14 6.64944e-10 2.38172e-06 0.00103119 0.0539689 0.341422 0.261365 0.0415897 0.132935 0.122262 0.0208298 0.0167483 0.00538762 0.0017974 0.000513064 0.000119272 2.3662e-05 3.8891e-06 4.10763e-07 2.20805e-08 5.05049e-10
 2.56948e-27 2.60492e-27 4.71313e-26 9.40254e-20 2.30492e-14 6.82989e-10 2.44635e-06 0.00105918 0.0554335 0.350687 0.268435 0.0413013 0.125773 0.115639 0.0194042 0.0151622 0.0048725 0.00162327 0.000472306 0.000112103 1.95562e-05 2.73377e-06 2.76009e-07 1.5401e-08 3.4773e-10
 2.56961e-27 2.60526e-27 4.74154e-26 9.46246e-20 2.31961e-14 6.87341e-10 2.46194e-06 0.00106593 0.0557868 0.352922 0.270143 0.0413769 0.125148 0.115027 0.0186585 0.0136112 0.0043387 0.00139758 0.000404837 9.65756e-05 1.72369e-05 2.21944e-06 1.88653e-07 9.91334e-09 2.28903e-10
 2.56911e-27 2.60388e-27 4.61809e-26 9.20205e-20 2.25577e-14 6.68425e-10 2.39419e-06 0.00103659 0.0542515 0.34321 0.262734 0.041834 0.133833 0.123024 0.0197573 0.0141001 0.00442516 0.00131613 0.000373008 8.65271e-05 1.54259e-05 2.01245e-06 1.59927e-07 7.15275e-09 1.54834e-10
 2.56764e-27 2.59993e-27 4.27117e-26 8.4702e-20 2.07637e-14 6.15265e-10 2.20378e-06 0.00095415 0.0499368 0.315914 0.241905 0.0426716 0.154841 0.142457 0.02405 0.0190009 0.00594787 0.00172364 0.000473593 0.000102397 1.767e-05 2.27558e-06 1.81536e-07 7.57508e-09 1.42017e-10
 2.56764e-27 2.59995e-27 4.27487e-26 8.478e-20 2.07828e-14 6.15831e-10 2.2058e-06 0.000955029 0.0499828 0.316205 0.242123 0.0424518 0.153015 0.140814 0.0245178 0.0204921 0.00656539 0.00213808 0.000590698 0.000123877 2.01331e-05 2.45599e-06 1.9192e-07 7.95052e-09 1.38504e-10
 2.56822e-27 2.60153e-27 4.41538e-26 8.77442e-20 2.15094e-14 6.37363e-10 2.28293e-06 0.00098842 0.0517303 0.32726 0.250558 0.0420383 0.143942 0.132436 0.0229342 0.0189935 0.00617074 0.00215214 0.000623771 0.000143729 2.31522e-05 2.67562e-06 1.96109e-07 7.90039e-09 1.35171e-10
 2.56903e-27 2.6037e-27 4.60521e-26 9.17487e-20 2.24911e-14 6.66451e-10 2.38712e-06 0.00103353 0.0540912 0.342196 0.261957 0.0416622 0.133071 0.122363 0.0203878 0.0157158 0.005087 0.00175666 0.000521862 0.000128859 2.25829e-05 2.70861e-06 1.89244e-07 7.14487e-09 1.18199e-10
 2.56914e-27 2.60397e-27 4.62647e-26 9.21973e-20 2.2601e-14 6.69709e-10 2.39879e-06 0.00103858 0.0543557 0.343869 0.263237 0.0417904 0.133147 0.122393 0.0196724 0.0140688 0.00446867 0.00141764 0.000415531 0.000102657 1.90079e-05 2.48245e-06 1.83423e-07 6.68206e-09 1.03907e-10
 2.56943e-27 2.60475e-27 4.69515e-26 9.36461e-20 2.29562e-14 6.80234e-10 2.43648e-06 0.0010549 0.0552099 0.349273 0.26736 0.0416347 0.129065 0.118619 0.0188654 0.0131731 0.00411582 0.0011966 0.000336276 7.73783e-05 1.41759e-05 1.92464e-06 1.54936e-07 5.98336e-09 9.07705e-11
 2.56966e-27 2.60539e-27 4.75099e-26 9.48241e-20 2.3245e-14 6.8879e-10 2.46713e-06 0.00106817 0.0559044 0.353666 0.270713 0.0414928 0.12563 0.115444 0.0182206 0.0125002 0.0038861 0.00109854 0.000298631 6.32336e-05 1.07965e-05 1.41206e-06 1.1731e-07 4.90859e-09 7.87064e-11
 2.56946e-27 2.60483e-27 4.70111e-26 9.37717e-20 2.2987e-14 6.81146e-10 2.43975e-06 0.00105632 0.0552839 0.349741 0.267719 0.0417082 0.129372 0.118882 0.018561 0.01241 0.00384319 0.00106485 0.000286162 5.86164e-05 9.34547e-06 1.12183e-06 8.85974e-08 3.80357e-09 6.55558e-11
 2.5699e-27 2.60602e-27 4.80616e-26 9.59878e-20 2.35302e-14 6.97243e-10 2.49741e-06 0.00108128 0.0565904 0.358007 0.274025 0.041392 0.122535 0.112575 0.0174698 0.0115076 0.00354591 0.000954651 0.00025395 5.09988e-05 7.91937e-06 8.93342e-07 6.4291e-08 2.61253e-09 4.59742e-11
 2.57007e-27 2.60648e-27 4.84611e-26 9.68305e-20 2.37368e-14 7.03365e-10 2.51934e-06 0.00109078 0.0570873 0.36115 0.276425 0.0413423 0.120472 0.110655 0.0168418 0.0105576 0.00324123 0.000858158 0.00022575 4.41581e-05 6.73199e-06 7.38281e-07 4.99522e-08 1.85085e-09 3.08425e-11
 2.57023e-27 2.60692e-27 4.88461e-26 9.76428e-20 2.3936e-14 7.09265e-10 2.54047e-06 0.00109993 0.0575662 0.364179 0.278737 0.0412478 0.118129 0.108489 0.0163929 0.0100772 0.00306675 0.000769303 0.000199801 3.84218e-05 5.73127e-06 6.12832e-07 4.01814e-08 1.39764e-09 2.13251e-11
 2.56975e-27 2.60557e-27 4.76307e-26 9.50787e-20 2.33074e-14 6.9064e-10 2.47376e-06 0.00107104 0.0560545 0.354616 0.271443 0.0417952 0.127418 0.117018 0.0171294 0.00960844 0.00290887 0.000714124 0.000181987 3.33685e-05 4.8805e-06 5.10185e-07 3.25025e-08 1.09082e-09 1.56121e-11
 2.56963e-27 2.60529e-27 4.74068e-26 9.46065e-20 2.31916e-14 6.8721e-10 2.46147e-06 0.00106572 0.0557761 0.352855 0.270095 0.0416347 0.127144 0.116821 0.018111 0.0118946 0.00356579 0.00079492 0.00019825 3.55061e-05 5.00113e-06 5.03795e-07 3.12906e-08 1.01856e-09 1.40162e-11
 2.56943e-27 2.60475e-27 4.69261e-26 9.35923e-20 2.2943e-14 6.79843e-10 2.43508e-06 0.0010543 0.0551781 0.349072 0.267209 0.0417826 0.130297 0.119726 0.0185366 0.0121399 0.00372885 0.000982104 0.000245041 4.0321e-05 5.5063e-06 5.35167e-07 3.18252e-08 1.00454e-09 1.33907e-11
#obs catch len freq
 1.63045e-41 2.26296e-33 3.79659e-26 7.69941e-20 1.88742e-14 5.59277e-10 2.00324e-06 0.000867333 0.0453928 0.287168 0.220021 0.0442988 0.16544 0.140635 0.043701 0.0355691 0.0117779 0.00409521 0.000903898 0.000121125 7.21724e-06 1.36472e-07 6.00924e-10 4.94124e-13 6.58436e-17
 1.64571e-41 2.28414e-33 3.83212e-26 7.77147e-20 1.90508e-14 5.64511e-10 2.02199e-06 0.000875451 0.0458176 0.289856 0.222136 0.0463553 0.168129 0.135371 0.0432903 0.0331844 0.0106889 0.00349446 0.000712111 8.34232e-05 4.0797e-06 5.99758e-08 1.97653e-10 1.18536e-13 1.13296e-17
 1.9223e-41 2.66802e-33 4.47617e-26 9.07758e-20 2.22526e-14 6.59386e-10 2.36181e-06 0.00102258 0.0535179 0.33857 0.259339 0.0457716 0.133485 0.101444 0.0330742 0.0236505 0.0073957 0.00225903 0.000422572 4.31524e-05 1.72858e-06 1.96362e-08 4.81433e-11 2.10131e-14 1.44221e-18
 1.94486e-41 2.69934e-33 4.5287e-26 9.1841e-20 2.25137e-14 6.67124e-10 2.38953e-06 0.00103458 0.054146 0.342544 0.26247 0.049024 0.142018 0.100562 0.0261222 0.0157373 0.00474619 0.00134448 0.000229043 2.0234e-05 6.61664e-07 5.80454e-09 1.05661e-11 3.34711e-15 1.64705e-19
 1.98433e-41 2.75411e-33 4.6206e-26 9.37048e-20 2.29706e-14 6.80661e-10 2.43802e-06 0.00105558 0.0552447 0.349495 0.26785 0.0507153 0.139049 0.0926351 0.0255832 0.0141545 0.00330629 0.000780179 0.000119186 9.01546e-06 2.38986e-07 1.61688e-09 2.18845e-12 5.03587e-16 1.77595e-20
 1.79399e-41 2.48994e-33 4.1774e-26 8.47168e-20 2.07673e-14 6.15374e-10 2.20417e-06 0.000954329 0.0499458 0.315973 0.242481 0.0574835 0.174853 0.109098 0.0298287 0.0151734 0.00345615 0.000668683 7.70774e-05 4.77829e-06 1.01564e-07 5.27647e-10 5.31191e-13 8.90148e-17 2.25538e-21
 1.49295e-41 2.07211e-33 3.47639e-26 7.05006e-20 1.72824e-14 5.12109e-10 1.83429e-06 0.000794184 0.0415644 0.262952 0.202324 0.0660856 0.219365 0.130666 0.0468958 0.0234121 0.00498221 0.000871221 8.17664e-05 3.66239e-06 5.85509e-08 2.30478e-10 1.72103e-13 2.10172e-17 3.83501e-22
 2.12676e-41 2.9518e-33 4.95227e-26 1.00431e-19 2.46195e-14 7.2952e-10 2.61302e-06 0.00113135 0.0592102 0.374583 0.287167 0.0519749 0.10933 0.063468 0.032099 0.01624 0.00406037 0.000677689 5.46127e-05 1.87845e-06 2.0984e-08 5.8587e-11 3.17549e-14 2.81286e-18 3.69599e-23
 2.02613e-41 2.81213e-33 4.71794e-26 9.56788e-20 2.34545e-14 6.95e-10 2.48938e-06 0.00107782 0.0564086 0.35686 0.274033 0.0624685 0.147203 0.0738779 0.0175415 0.00764349 0.00241095 0.000436793 3.45391e-05 9.73286e-07 7.97216e-09 1.5259e-11 5.66583e-15 3.51812e-19 3.28459e-24
 2.05255e-41 2.8488e-33 4.77945e-26 9.69263e-20 2.37604e-14 7.04063e-10 2.52184e-06 0.00109187 0.0571441 0.361514 0.277732 0.0641055 0.140517 0.0676227 0.0213288 0.00743432 0.00126286 0.000223802 1.90801e-05 4.98935e-07 3.25539e-09 4.48972e-12 1.14185e-15 4.7934e-20 3.05651e-25
 1.7738e-41 2.46191e-33 4.13037e-26 8.3763e-20 2.05335e-14 6.08445e-10 2.17935e-06 0.000943584 0.0493834 0.312422 0.240989 0.0796245 0.192715 0.0864945 0.0266959 0.00895431 0.0015879 0.000175825 1.1473e-05 2.89048e-07 1.66078e-09 1.80122e-12 3.32775e-16 9.70849e-21 4.21578e-26
 2.06368e-41 2.86425e-33 4.80537e-26 9.7452e-20 2.38892e-14 7.07881e-10 2.53551e-06 0.00109779 0.057454 0.363478 0.279651 0.0688137 0.132895 0.0599815 0.026606 0.00845665 0.00141307 0.000144699 6.55798e-06 1.15629e-07 5.60217e-10 5.10097e-13 7.40682e-17 1.60344e-21 4.96666e-27
 1.90465e-41 2.64353e-33 4.43506e-26 8.99422e-20 2.20483e-14 6.53331e-10 2.34012e-06 0.00101319 0.0530265 0.335474 0.259147 0.0844045 0.170913 0.0671543 0.0207437 0.00665587 0.00133436 0.0001261 4.8389e-06 5.9973e-08 1.95547e-10 1.34128e-13 1.54415e-17 2.61338e-22 6.12875e-28
 1.98418e-41 2.75392e-33 4.62027e-26 9.36981e-20 2.2969e-14 6.80613e-10 2.43785e-06 0.0010555 0.0552408 0.349484 0.270005 0.0832292 0.15105 0.0596082 0.0232838 0.00600387 0.000939969 9.28224e-05 3.3331e-06 3.30202e-08 7.6004e-11 3.47e-14 2.77052e-18 3.44752e-23 6.11254e-29
 1.68287e-41 2.33571e-33 3.91864e-26 7.94693e-20 1.9481e-14 5.77256e-10 2.06764e-06 0.000895216 0.0468521 0.296427 0.231187 0.108383 0.205795 0.0751855 0.0269967 0.00708912 0.00110081 8.35911e-05 2.66525e-06 2.33868e-08 4.23236e-11 1.38607e-14 7.50568e-19 6.26624e-24 7.63256e-30
 1.55439e-41 2.15739e-33 3.61946e-26 7.3402e-20 1.79936e-14 5.33184e-10 1.90978e-06 0.000826869 0.043275 0.273808 0.214935 0.117471 0.211936 0.0857656 0.0407989 0.00968715 0.00139366 9.83371e-05 2.46885e-06 1.73037e-08 2.58115e-11 6.62632e-15 2.64227e-19 1.55123e-24 1.29175e-30
 1.79197e-41 2.48714e-33 4.17269e-26 8.46213e-20 2.07439e-14 6.1468e-10 2.20169e-06 0.000953254 0.0498895 0.315654 0.246579 0.105815 0.165221 0.0690703 0.0354527 0.009772 0.00149556 9.27057e-05 1.98345e-06 1.08018e-08 1.21405e-11 2.4025e-15 7.38566e-20 3.25962e-25 1.97909e-31
 1.75437e-41 2.43496e-33 4.08515e-26 8.28459e-20 2.03087e-14 6.01784e-10 2.15549e-06 0.000933254 0.0488428 0.30905 0.243167 0.121575 0.178605 0.0629351 0.0261457 0.00742309 0.00124046 7.8867e-05 1.45486e-06 6.34417e-09 5.42942e-12 7.90006e-16 1.78337e-20 5.84481e-26 2.64591e-32
 1.76601e-41 2.45111e-33 4.11224e-26 8.33954e-20 2.04434e-14 6.05776e-10 2.16979e-06 0.000939444 0.0491668 0.311116 0.245811 0.126568 0.171435 0.0627653 0.0255627 0.00571631 0.000861166 5.51985e-05 9.62726e-07 3.52524e-09 2.3454e-12 2.55945e-16 4.22984e-21 1.00066e-26 3.26217e-33
 1.72625e-41 2.39592e-33 4.01965e-26 8.15178e-20 1.99831e-14 5.92137e-10 2.12094e-06 0.000918292 0.0480599 0.304139 0.242289 0.13803 0.174214 0.0621961 0.0242523 0.00522274 0.000642145 3.41959e-05 5.3909e-07 1.73463e-09 9.46282e-13 7.98142e-17 9.845e-22 1.70582e-27 4.02369e-34
 1.82915e-41 2.53874e-33 4.25926e-26 8.6377e-20 2.11743e-14 6.27433e-10 2.24736e-06 0.000973032 0.0509247 0.32228 0.256748 0.134693 0.153278 0.0556116 0.0208378 0.0041736 0.000458092 1.94749e-05 2.40573e-07 6.36821e-10 2.86885e-13 1.9416e-17 1.85544e-22 2.41854e-28 4.20492e-35
 1.78428e-41 2.47646e-33 4.15478e-26 8.42582e-20 2.06549e-14 6.12042e-10 2.19224e-06 0.000949162 0.0496756 0.314423 0.253366 0.149287 0.158012 0.0526932 0.0178479 0.00340081 0.000331733 1.17093e-05 1.10933e-07 2.19913e-10 7.59347e-14 4.01014e-18 2.98801e-23 3.00029e-29 3.95472e-36
 1.80356e-41 2.50323e-33 4.19968e-26 8.51687e-20 2.08781e-14 6.18657e-10 2.21593e-06 0.00095942 0.0502126 0.317861 0.257745 0.152981 0.14947 0.0515631 0.0162768 0.00269309 0.000229716 6.78288e-06 5.03548e-08 7.44015e-11 1.8718e-14 7.23236e-19 3.99848e-24 3.01155e-30 2.9896e-37
 1.80521e-41 2.50551e-33 4.20351e-26 8.52464e-20 2.08971e-14 6.19221e-10 2.21795e-06 0.000960295 0.0502585 0.318211 0.26052 0.160645 0.144723 0.0481217 0.0142137 0.00218436 0.000155702 3.72484e-06 2.17726e-08 2.43536e-11 4.4988e-15 1.25315e-19 4.96225e-25 2.68361e-31 1.92618e-38
 1.81648e-41 2.52115e-33 4.22975e-26 8.57785e-20 2.10276e-14 6.23086e-10 2.23179e-06 0.000966289 0.0505724 0.320267 0.264505 0.165104 0.137848 0.0461926 0.012666 0.00176592 0.000108704 2.07563e-06 9.29792e-09 7.84662e-12 1.07488e-15 2.18355e-20 6.22617e-26 2.40449e-32 1.22714e-39
 1.76087e-41 2.44397e-33 4.10026e-26 8.31525e-20 2.03838e-14 6.04011e-10 2.16347e-06 0.000936707 0.0490245 0.310593 0.261456 0.179304 0.140054 0.0454937 0.0115839 0.00147369 7.72905e-05 1.19205e-06 4.08799e-09 2.55964e-12 2.5732e-16 3.81456e-21 7.88753e-27 2.19438e-33 8.02046e-41
 1.67697e-41 2.32752e-33 3.9049e-26 7.91906e-20 1.94126e-14 5.75232e-10 2.06039e-06 0.000892077 0.0466893 0.295979 0.25554 0.194591 0.144891 0.0485491 0.011499 0.00130938 5.84534e-05 7.24772e-07 1.91303e-09 8.93441e-13 6.56011e-17 7.02908e-22 1.04652e-27 2.09317e-34 5.49189e-42
 1.67012e-41 2.31801e-33 3.88894e-26 7.8867e-20 1.93333e-14 5.72882e-10 2.05197e-06 0.000888432 0.0464991 0.294925 0.25826 0.197231 0.140036 0.0495623 0.0113659 0.00118507 4.45296e-05 4.41714e-07 8.96737e-10 3.13345e-13 1.69039e-17 1.31394e-22 1.4069e-28 2.01335e-35 3.77025e-43
#spawning biomass
 6793.97 6464 7875.12 11074.5 15873.7 18430.8 18079.6 22374.4 33886.7 47425.8 57075.6 72927.5 94386 116200 132651 110782 95326.6 88909.6 90058.7 90837.7 98487.4 106330 108249 117028 128350 122395 129406 139551 190723 323557 350413 334843 297513 253981 213117 178746 151693 131315 116427 105788 98306.7 93105.6 89497.8 86992.5 85321.9 84207.9 83465 82969.7 82639.3 82419.1 82272.2 82174.3 82109 82065.4 82036.4 82017 82004.1 81995.5 81989.7 81985.9 81983.4 81981.6 81980.5 81979.8 81979.3 81978.9 81978.7 81978.5 81978.4 81978.4 81978.3 81978.3 81978.3 81978.3 81978.3 81978.3 81978.2 81978.2 81978.2 81978.2 81978.2 81978.2 81978.2 81978.2 81978.2 81978.2 81978.2 81978.2 81978.2 81978.2 81978.2 81978.2 81978.2 81978.2 81978.2 81978.2 81978.2 81978.2 81978.2 81978.2 81978.2 81978.2 81978.2 81978.2 81978.2 81978.2 81978.2 81978.2 81978.2 81978.2 81978.2 81978.2 81978.2 81978.2 81978.2 81978.2 81978.2 81978.2 81978.2 81978.2 81978.2 81978.2 81978.2 81978.2 81978.2 81978.2 81978.2 81978.2 0 0 0 0 0 0 0 0 0 0 0 0 0 0 0 0 0 0 0 0 0 0 0 0 0
