SBPRF35
0.819782
Curr Bio
137837
B35
695230
F35
0.205361
FOFL
0.0972227
OFL
27587.9
Bzero
234224
#pred survey bio
 8263.33 6468.47 7951.07 11446.4 16008.6 18302.3 17661.5 22103 34704.7 47872.3 58222.1 79169.4 106386 116536 121311 108868 93786.5 95977.8 100144 91696.9 97425.4 98132.5 106786 102118 117968 130108 126142 115481 144274 1.23884e+07 1.03865e+07 1.07615e+07 1.00139e+07 8.73951e+06 7.35812e+06 6.09667e+06 5.04548e+06 4.21692e+06 3.58684e+06 3.1188e+06 2.77634e+06 2.52795e+06 2.34803e+06 2.21638e+06 2.12007e+06 2.05152e+06 2.00223e+06 1.96643e+06 1.94014e+06 1.92063e+06 1.90599e+06 1.8949e+06 1.88641e+06 1.87985e+06 1.87474e+06 1.87074e+06 1.86757e+06 1.86506e+06 1.86305e+06 1.86145e+06 1.86015e+06 1.85911e+06 1.85826e+06 1.85758e+06 1.85702e+06 1.85657e+06 1.8562e+06 1.8559e+06 1.85566e+06 1.85546e+06 1.85529e+06 1.85516e+06 1.85505e+06 1.85496e+06 1.85489e+06 1.85483e+06 1.85478e+06 1.85474e+06 1.85471e+06 1.85468e+06 1.85466e+06 1.85464e+06 1.85463e+06 1.85461e+06 1.8546e+06 1.8546e+06 1.85459e+06 1.85458e+06 1.85458e+06 1.85458e+06 1.85457e+06 1.85457e+06 1.85457e+06 1.85457e+06 1.85457e+06 1.85457e+06 1.85456e+06 1.85456e+06 1.85456e+06 1.85456e+06 1.85456e+06 1.85456e+06 1.85456e+06 1.85456e+06 1.85456e+06 1.85456e+06 1.85456e+06 1.85456e+06 1.85456e+06 1.85456e+06 1.85456e+06 1.85456e+06 1.85456e+06 1.85456e+06 1.85456e+06 1.85456e+06 1.85456e+06 1.85456e+06 1.85456e+06 1.85456e+06 1.85456e+06 1.85456e+06 1.85456e+06 1.85456e+06 1.85456e+06 1.85456e+06 1.85456e+06 1.85456e+06 1.85456e+06 0 0 0 0 0 0 0 0 0 0 0 0 0 0 0 0 0 0 0 0 0 0 0 0 0
#obs survey bio
 7702.18 6858.18 9074.43 17363.8 17105.3 11466.7 18484.5 27372.5 32653.1 50897.1 50615.3 142706 107470 208220 121755 117871 86229.3 109986 88990.4 81258.1 104901 104340 143419 106520 132496 127758 183564 137455 115061
#pred catch bio
 6145.81 4600.13 5584.8 8113.81 11607.4 14200 13508 15653 25496.3 37621.6 44600.9 59898 87001.4 92612.2 98850.6 92935.4 77670.3 78728.2 87636.6 78062.3 85123.6 83652.3 96347.5 87637.7 101216 114928 113592 96052.9 13032.9 27587.9 82903.7 85279.4 78552.1 67665 56080.8 45648.9 37078.7 30433.4 25478.2 21884 19328.9 17539 16296.4 15434.8 14843.1 14448.6 14185.6 14010.2 13893.3 13815.4 13763.4 13728.7 13705.6 13690.2 13679.9 13673.1 13668.5 13665.5 13663.5 13662.1 13661.2 13660.6 13660.2 13659.9 13659.7 13659.6 13659.5 13659.5 13659.5 13659.4 13659.4 13659.4 13659.4 13659.4 13659.4 13659.4 13659.4 13659.4 13659.4 13659.4 13659.4 13659.4 13659.4 13659.4 13659.4 13659.4 13659.4 13659.4 13659.4 13659.4 13659.4 13659.4 13659.4 13659.4 13659.4 13659.4 13659.4 13659.4 13659.4 13659.4 13659.4 13659.4 13659.4 13659.4 13659.4 13659.4 13659.4 13659.4 13659.4 13659.4 13659.4 13659.4 13659.4 13659.4 13659.4 13659.4 13659.4 13659.4 13659.4 13659.4 13659.4 13659.4 13659.4 13659.4 13659.4 13659.4 13659.4 13659.4 13659.4 0 0 0 0 0 0 0 0 0 0 0 0 0 0 0 0 0 0 0 0 0 0 0 0 0
#obs catch bio
 5164.66 4529.38 5401.59 7892.25 11235.7 14155.7 13300.1 14868.1 24425.5 36379.2 44238.1 56658.4 83581 89970.2 98028.7 92824.6 76647 76582.7 86093.4 77799.3 82772.7 81652.8 92987.8 85740.8 97319.4 110957 109402 93084.9 12738.7
#pred cpue bio
 7529.8 5584.07 6688.91 9526.52 13471.3 15911.2 15053.5 18173.5 28677.6 40066.2 48250.5 65216.7 88694.8 97163.3 104012 93006.3 78669 80278.9 84067.1 75828.4 80440.7 80745.4 87996 83241.2 96285.6 107161 104118 95013.2 117051 1.14355e+07 1.03523e+07 1.07273e+07 9.97973e+06 8.70537e+06 7.32398e+06 6.06253e+06 5.01134e+06 4.18278e+06 3.55269e+06 3.08466e+06 2.74219e+06 2.4938e+06 2.31389e+06 2.18224e+06 2.08593e+06 2.01737e+06 1.96809e+06 1.93228e+06 1.90599e+06 1.88648e+06 1.87184e+06 1.86075e+06 1.85226e+06 1.8457e+06 1.8406e+06 1.83659e+06 1.83343e+06 1.83091e+06 1.82891e+06 1.8273e+06 1.82601e+06 1.82496e+06 1.82412e+06 1.82343e+06 1.82288e+06 1.82243e+06 1.82206e+06 1.82176e+06 1.82151e+06 1.82131e+06 1.82115e+06 1.82102e+06 1.82091e+06 1.82082e+06 1.82074e+06 1.82068e+06 1.82064e+06 1.8206e+06 1.82056e+06 1.82054e+06 1.82051e+06 1.8205e+06 1.82048e+06 1.82047e+06 1.82046e+06 1.82045e+06 1.82045e+06 1.82044e+06 1.82044e+06 1.82043e+06 1.82043e+06 1.82043e+06 1.82042e+06 1.82042e+06 1.82042e+06 1.82042e+06 1.82042e+06 1.82042e+06 1.82042e+06 1.82042e+06 1.82042e+06 1.82042e+06 1.82042e+06 1.82042e+06 1.82042e+06 1.82042e+06 1.82042e+06 1.82042e+06 1.82042e+06 1.82042e+06 1.82042e+06 1.82042e+06 1.82042e+06 1.82042e+06 1.82042e+06 1.82042e+06 1.82042e+06 1.82042e+06 1.82042e+06 1.82042e+06 1.82042e+06 1.82042e+06 1.82042e+06 1.82042e+06 1.82042e+06 1.82042e+06 1.82042e+06 1.82042e+06 1.82042e+06 0 0 0 0 0 0 0 0 0 0 0 0 0 0 0 0 0 0 0 0 0 0 0 0 0
#obs cpue bio
 4861.44 7988.25 10789.8 9244.9 20677.3 21284.5 23422.1 38599.3 54256.7 55849.7 57694.5 115670 144030 75619.5 106126 93882.5 103839 115270 120969 83335.4 132687 105965 124664 102389 173968 182429 135005 159688 157967
#pred surv len freq
 2.56503e-27 2.59339e-27 3.76742e-26 7.40779e-20 1.81593e-14 5.38093e-10 1.92736e-06 0.000834472 0.0436733 0.276289 0.211565 0.037473 0.136591 0.126261 0.0323719 0.0424935 0.0197895 0.0173476 0.0117881 0.00976985 0.00826374 0.00762395 0.00810718 0.00745241 0.00230403
 2.56769e-27 2.60023e-27 4.3188e-26 8.57075e-20 2.10102e-14 6.22569e-10 2.22994e-06 0.000965477 0.0505296 0.319664 0.244736 0.0406764 0.137667 0.126813 0.0248494 0.0249015 0.00988275 0.00652818 0.00361449 0.00251198 0.00184384 0.00151181 0.00146328 0.00137107 0.000467557
 2.56876e-27 2.60308e-27 4.56047e-26 9.08054e-20 2.22598e-14 6.59599e-10 2.36257e-06 0.0010229 0.0535351 0.338678 0.259259 0.0409184 0.129306 0.119043 0.0225666 0.0215576 0.00742576 0.00330854 0.00141007 0.000730904 0.000417395 0.000284828 0.000239553 0.000217138 7.74092e-05
 2.56923e-27 2.60431e-27 4.66534e-26 9.30176e-20 2.28021e-14 6.75668e-10 2.42013e-06 0.00104782 0.0548393 0.346929 0.26556 0.0409753 0.125312 0.115302 0.0209144 0.0187166 0.00633721 0.00262222 0.000878972 0.000303976 0.000118229 5.84917e-05 3.91398e-05 3.21829e-05 1.15356e-05
 2.56859e-27 2.60255e-27 4.5067e-26 8.96707e-20 2.19817e-14 6.51357e-10 2.33305e-06 0.00101012 0.0528661 0.334446 0.256039 0.0416275 0.136965 0.126022 0.0222291 0.0190079 0.00629766 0.0023975 0.000772673 0.00022921 5.73636e-05 1.72378e-05 7.67878e-06 5.15979e-06 1.7869e-06
 2.5666e-27 2.59716e-27 4.03289e-26 7.96755e-20 1.95315e-14 5.78753e-10 2.073e-06 0.000897528 0.0469734 0.297167 0.227592 0.0428192 0.16602 0.152886 0.0279269 0.025245 0.00826266 0.00296993 0.000917384 0.000251541 5.5101e-05 1.04888e-05 2.43083e-06 1.07973e-06 3.39648e-07
 2.56791e-27 2.60079e-27 4.35951e-26 8.65659e-20 2.12206e-14 6.28804e-10 2.25227e-06 0.000975147 0.0510357 0.322866 0.247192 0.0413888 0.141364 0.130233 0.0257215 0.025929 0.00863967 0.00332145 0.00100865 0.000260654 5.27824e-05 8.54737e-06 1.11478e-06 2.28819e-07 5.66267e-08
 2.56985e-27 2.60598e-27 4.81235e-26 9.61188e-20 2.35624e-14 6.98195e-10 2.50082e-06 0.00108276 0.0566677 0.358495 0.274386 0.04057 0.116027 0.106726 0.0192721 0.0171337 0.00591736 0.0026174 0.000827718 0.000223937 4.33656e-05 6.43582e-06 6.60852e-07 5.88981e-08 8.05385e-09
 2.56954e-27 2.6051e-27 4.73045e-26 9.43909e-20 2.31388e-14 6.85644e-10 2.45586e-06 0.00106329 0.055649 0.352051 0.269474 0.0411638 0.123997 0.114012 0.0193186 0.0153857 0.00508094 0.00192171 0.000639755 0.000195101 3.99473e-05 5.84367e-06 5.39593e-07 3.12305e-08 1.68869e-09
 2.56886e-27 2.60324e-27 4.56563e-26 9.09139e-20 2.22864e-14 6.60387e-10 2.3654e-06 0.00102413 0.0535991 0.339082 0.25958 0.041663 0.134748 0.123938 0.0211815 0.017128 0.00549394 0.00181354 0.000553427 0.00015272 3.46047e-05 5.50839e-06 5.07684e-07 2.51388e-08 6.92105e-10
 2.56938e-27 2.60466e-27 4.69129e-26 9.35647e-20 2.29363e-14 6.79642e-10 2.43436e-06 0.00105399 0.0551619 0.348969 0.267123 0.041295 0.126647 0.116461 0.0198378 0.0159455 0.005134 0.00172153 0.000498943 0.000120145 2.41732e-05 3.97638e-06 4.03556e-07 1.98652e-08 4.24257e-10
 2.56968e-27 2.60547e-27 4.76215e-26 9.50596e-20 2.33027e-14 6.90501e-10 2.47326e-06 0.00107083 0.0560432 0.354545 0.271378 0.0411414 0.122489 0.112612 0.018928 0.0148377 0.00476808 0.00158799 0.00046285 0.000110856 1.99253e-05 2.85704e-06 2.88777e-07 1.54348e-08 3.20829e-10
 2.56905e-27 2.60374e-27 4.60854e-26 9.18189e-20 2.25083e-14 6.66961e-10 2.38894e-06 0.00103432 0.0541326 0.342458 0.262157 0.0416677 0.132972 0.122271 0.0203712 0.0156965 0.00501217 0.0016206 0.000469574 0.000112061 2.01295e-05 2.65562e-06 2.32657e-07 1.22216e-08 2.69624e-10
 2.56903e-27 2.60369e-27 4.60266e-26 9.1695e-20 2.24779e-14 6.66061e-10 2.38572e-06 0.00103293 0.0540596 0.341996 0.261806 0.0417779 0.134057 0.123252 0.0201773 0.0150052 0.00476939 0.00151074 0.000431978 0.000100524 1.7932e-05 2.35188e-06 1.91172e-07 8.80248e-09 1.8995e-10
 2.56743e-27 2.59934e-27 4.21875e-26 8.3596e-20 2.04926e-14 6.07231e-10 2.175e-06 0.000941692 0.0492848 0.311789 0.238758 0.0428499 0.158409 0.145742 0.0244892 0.0191789 0.0060539 0.00184012 0.000519798 0.00011849 2.06475e-05 2.66473e-06 2.13833e-07 9.12191e-09 1.75437e-10
 2.5677e-27 2.60013e-27 4.29383e-26 8.51802e-20 2.08809e-14 6.18739e-10 2.21622e-06 0.000959538 0.0502187 0.317698 0.243259 0.0421751 0.150112 0.138186 0.0249777 0.022204 0.00710571 0.00229185 0.000642582 0.000141225 2.40993e-05 3.03303e-06 2.38258e-07 9.94348e-09 1.76959e-10
 2.56873e-27 2.60289e-27 4.53375e-26 9.02413e-20 2.21216e-14 6.55501e-10 2.3479e-06 0.00101655 0.0532025 0.336574 0.257667 0.0418293 0.137357 0.126323 0.0211895 0.0165554 0.00546761 0.00205524 0.000597928 0.000137407 2.29161e-05 2.7953e-06 2.13615e-07 8.70276e-09 1.50264e-10
 2.56886e-27 2.60324e-27 4.56313e-26 9.08611e-20 2.22735e-14 6.60004e-10 2.36402e-06 0.00102353 0.0535679 0.338886 0.259433 0.0418689 0.136417 0.125435 0.0206475 0.0155297 0.00495232 0.00159844 0.000486068 0.000127319 2.23896e-05 2.74614e-06 2.02829e-07 8.01521e-09 1.34802e-10
 2.56866e-27 2.60269e-27 4.51466e-26 8.98384e-20 2.20228e-14 6.52575e-10 2.33741e-06 0.00101201 0.052965 0.335071 0.256522 0.0420144 0.13957 0.128346 0.0212064 0.0160693 0.00508179 0.00156523 0.000445607 0.000105244 2.04248e-05 2.7453e-06 2.07086e-07 7.95053e-09 1.29488e-10
 2.56944e-27 2.60478e-27 4.69673e-26 9.36794e-20 2.29644e-14 6.80475e-10 2.43735e-06 0.00105528 0.0552295 0.349397 0.267456 0.0416716 0.129279 0.118804 0.0186828 0.012713 0.00401892 0.00124771 0.000349877 7.79094e-05 1.36443e-05 1.87403e-06 1.56988e-07 6.225e-09 9.91349e-11
 2.56951e-27 2.60496e-27 4.71216e-26 9.40047e-20 2.30441e-14 6.82839e-10 2.44581e-06 0.00105894 0.0554213 0.35061 0.268382 0.0416762 0.128663 0.118227 0.0184414 0.0123015 0.00380345 0.00104565 0.000289601 6.45515e-05 1.08324e-05 1.35662e-06 1.12137e-07 4.86811e-09 8.05793e-11
 2.56967e-27 2.60538e-27 4.7484e-26 9.47694e-20 2.32316e-14 6.88393e-10 2.46571e-06 0.00106756 0.0558721 0.353462 0.27056 0.0416697 0.127084 0.116748 0.0177635 0.0111264 0.00342338 0.000919211 0.000243785 4.912e-05 8.14042e-06 9.88715e-07 7.50979e-08 3.19378e-09 5.6778e-11
 2.5696e-27 2.6052e-27 4.73288e-26 9.44419e-20 2.31513e-14 6.86014e-10 2.45719e-06 0.00106387 0.055679 0.352241 0.269627 0.041661 0.127673 0.117306 0.0181309 0.0118217 0.00360174 0.00090288 0.000235454 4.59115e-05 6.99926e-06 8.02346e-07 5.898e-08 2.32787e-09 4.05761e-11
 2.57011e-27 2.60658e-27 4.8529e-26 9.69738e-20 2.37719e-14 7.04405e-10 2.52306e-06 0.00109239 0.0571717 0.361684 0.276834 0.0414539 0.121033 0.111142 0.0163732 0.00936508 0.00286413 0.000749281 0.000192704 3.53632e-05 5.22396e-06 5.58529e-07 3.7996e-08 1.43287e-09 2.34088e-11
 2.57006e-27 2.60644e-27 4.84137e-26 9.67306e-20 2.37123e-14 7.02639e-10 2.51673e-06 0.00108965 0.0570284 0.360777 0.276141 0.0414114 0.121197 0.111314 0.0167849 0.0102571 0.00307834 0.000700757 0.000178611 3.37739e-05 4.80218e-06 4.87244e-07 3.10023e-08 1.078e-09 1.66457e-11
 2.56961e-27 2.60522e-27 4.73321e-26 9.44488e-20 2.3153e-14 6.86064e-10 2.45737e-06 0.00106395 0.0556831 0.352267 0.269648 0.0417668 0.128463 0.11801 0.0178153 0.0109233 0.00331085 0.000806891 0.000200076 3.37018e-05 4.80332e-06 4.83026e-07 2.90066e-08 9.39539e-10 1.33875e-11
 2.5695e-27 2.60491e-27 4.70597e-26 9.38742e-20 2.30121e-14 6.8189e-10 2.44242e-06 0.00105747 0.0553443 0.350123 0.268014 0.0418731 0.13042 0.119811 0.0180255 0.0109496 0.00331979 0.000812537 0.000205354 3.62725e-05 4.81135e-06 4.55683e-07 2.71832e-08 8.35189e-10 1.10541e-11
 2.56966e-27 2.60533e-27 4.7426e-26 9.46468e-20 2.32015e-14 6.87502e-10 2.46252e-06 0.00106618 0.0557998 0.353005 0.270213 0.041804 0.12835 0.11789 0.0175146 0.0102673 0.00310588 0.000752691 0.000190143 3.38913e-05 4.65815e-06 4.33515e-07 2.39928e-08 7.20036e-10 9.08323e-12
 2.57037e-27 2.60731e-27 4.92144e-26 9.84198e-20 2.41264e-14 7.14909e-10 2.56068e-06 0.00110868 0.0580242 0.367077 0.280945 0.0409501 0.114311 0.105012 0.0166119 0.0114503 0.00345735 0.000806876 0.00020206 3.57194e-05 4.92788e-06 4.69991e-07 2.60276e-08 7.32728e-10 8.8969e-12
#obs surv len freq
 1.6387e-41 2.27441e-33 3.81579e-26 7.73835e-20 1.89696e-14 5.62105e-10 2.01337e-06 0.00087172 0.0456223 0.28862 0.221129 0.0442627 0.164486 0.139823 0.0434574 0.0353166 0.0115045 0.00393496 0.000852549 0.000110733 6.2864e-06 1.13148e-07 4.7811e-10 3.79492e-13 4.89609e-17
 1.90412e-41 2.64279e-33 4.43383e-26 8.99173e-20 2.20422e-14 6.53149e-10 2.33947e-06 0.00101291 0.0530118 0.335368 0.256837 0.0440396 0.13225 0.106389 0.0338137 0.0258218 0.00822153 0.00264319 0.000525581 6.00621e-05 2.83548e-06 3.98799e-08 1.26001e-10 7.29647e-14 6.77361e-18
 1.93254e-41 2.68224e-33 4.50002e-26 9.12594e-20 2.23712e-14 6.62899e-10 2.3744e-06 0.00102803 0.0538031 0.340374 0.260742 0.0470589 0.140543 0.105725 0.0266631 0.0169648 0.00521265 0.00156669 0.000286474 2.84665e-05 1.10798e-06 1.21746e-08 2.87807e-11 1.21376e-14 8.08844e-19
 1.96753e-41 2.73081e-33 4.5815e-26 9.29119e-20 2.27763e-14 6.74902e-10 2.41739e-06 0.00104665 0.0547773 0.346537 0.265512 0.0487429 0.138804 0.098371 0.0261054 0.0153802 0.00365519 0.000903108 0.000149372 1.28539e-05 4.0868e-07 3.48873e-09 6.17714e-12 1.90222e-15 9.1097e-20
 1.76503e-41 2.44975e-33 4.10997e-26 8.33493e-20 2.04321e-14 6.0544e-10 2.16859e-06 0.000938924 0.0491395 0.310872 0.238471 0.054906 0.175938 0.117042 0.0309994 0.0168829 0.00390146 0.000799728 9.87961e-05 6.99463e-06 1.80167e-07 1.18832e-09 1.57156e-12 3.5383e-16 1.22154e-20
 1.45384e-41 2.01783e-33 3.38533e-26 6.86538e-20 1.68297e-14 4.98694e-10 1.78624e-06 0.000773381 0.0404757 0.256063 0.196893 0.0625175 0.220901 0.140061 0.0488145 0.0265305 0.00577642 0.00107689 0.000109473 5.58201e-06 1.08183e-07 5.44067e-10 5.35863e-13 8.81115e-17 2.19453e-21
 2.08894e-41 2.89931e-33 4.8642e-26 9.8645e-20 2.41817e-14 7.16547e-10 2.56655e-06 0.00111123 0.0581573 0.367921 0.281988 0.0503112 0.112491 0.0691285 0.0341648 0.018883 0.0048725 0.000887296 7.84655e-05 3.10164e-06 4.19289e-08 1.49304e-10 1.07019e-13 1.27964e-17 2.29806e-22
 1.97988e-41 2.74794e-33 4.61024e-26 9.34946e-20 2.29191e-14 6.79135e-10 2.43255e-06 0.00105321 0.0551208 0.348713 0.267671 0.060317 0.152602 0.0822538 0.0195444 0.00907698 0.00299159 0.000598511 5.34134e-05 1.76195e-06 1.75901e-08 4.28411e-11 2.09704e-14 1.75777e-18 2.24609e-23
 2.01383e-41 2.79507e-33 4.68931e-26 9.50983e-20 2.33122e-14 6.90784e-10 2.47427e-06 0.00107128 0.0560663 0.354695 0.272363 0.0618438 0.145404 0.0747114 0.0230815 0.00886545 0.00156523 0.000300302 2.95485e-05 9.27645e-07 7.51241e-09 1.32555e-11 4.43372e-15 2.50244e-19 2.17938e-24
 1.73024e-41 2.40146e-33 4.02895e-26 8.17062e-20 2.00293e-14 5.93505e-10 2.12584e-06 0.000920415 0.0481709 0.304749 0.234856 0.0761458 0.19884 0.095178 0.0285542 0.0103971 0.0019309 0.000236458 1.74313e-05 5.3525e-07 3.89779e-09 5.48544e-12 1.33987e-15 5.24999e-20 3.10194e-25
 2.02048e-41 2.8043e-33 4.70479e-26 9.54123e-20 2.33892e-14 6.93064e-10 2.48244e-06 0.00107481 0.0562514 0.355869 0.273634 0.0666721 0.139334 0.0662323 0.0289338 0.0100484 0.00174065 0.000197288 1.02844e-05 2.19374e-07 1.35769e-09 1.62679e-12 3.15579e-16 9.22501e-21 3.89204e-26
 1.84816e-41 2.56513e-33 4.30354e-26 8.72749e-20 2.13944e-14 6.33955e-10 2.27072e-06 0.000983146 0.0514539 0.325523 0.25124 0.08173 0.180501 0.0756028 0.0231619 0.00793151 0.00168552 0.000177176 7.83356e-06 1.18403e-07 4.92993e-10 4.47247e-13 6.94071e-17 1.59846e-21 5.132e-27
 1.92734e-41 2.67502e-33 4.48791e-26 9.10139e-20 2.2311e-14 6.61115e-10 2.36801e-06 0.00102527 0.0536583 0.33947 0.262039 0.080864 0.160425 0.0669276 0.0266777 0.00753589 0.00123389 0.000135526 5.70598e-06 6.91242e-08 2.03277e-10 1.22735e-13 1.32587e-17 2.26028e-22 5.52304e-28
 1.6156e-41 2.24235e-33 3.762e-26 7.62926e-20 1.87022e-14 5.54182e-10 1.98499e-06 0.000859431 0.0449792 0.284574 0.22159 0.104644 0.217844 0.0841607 0.0308876 0.00883066 0.00149591 0.000127289 4.74203e-06 5.14773e-08 1.19412e-10 5.15502e-14 3.76376e-18 4.30471e-23 7.25471e-29
 1.47791e-41 2.05124e-33 3.44138e-26 6.97906e-20 1.71083e-14 5.06951e-10 1.81582e-06 0.000786186 0.0411459 0.260331 0.203963 0.113211 0.224257 0.0945042 0.0473893 0.0123134 0.00193538 0.000157098 4.7009e-06 4.08081e-08 7.84329e-11 2.66087e-14 1.42621e-18 1.14075e-23 1.30814e-29
 1.7105e-41 2.37407e-33 3.98299e-26 8.07742e-20 1.98008e-14 5.86735e-10 2.10159e-06 0.000909916 0.0476214 0.301298 0.235037 0.103158 0.177436 0.0770935 0.0423574 0.0127283 0.00219644 0.000158182 4.11279e-06 2.82499e-08 4.11485e-11 1.07929e-14 4.46823e-19 2.68394e-24 2.23534e-30
 1.68355e-41 2.33665e-33 3.92022e-26 7.95012e-20 1.94888e-14 5.77488e-10 2.06847e-06 0.000895576 0.0468709 0.296564 0.232857 0.118527 0.191732 0.0703471 0.0307567 0.00950043 0.00180722 0.000136687 3.11964e-06 1.74048e-08 1.95637e-11 3.80229e-15 1.16042e-19 5.18837e-25 3.22519e-31
 1.70162e-41 2.36174e-33 3.96231e-26 8.03548e-20 1.9698e-14 5.83689e-10 2.09068e-06 0.000905191 0.0473742 0.299761 0.236259 0.12379 0.184381 0.0691818 0.0298314 0.00719917 0.00121962 9.41124e-05 2.07039e-06 9.85167e-09 8.70081e-12 1.27984e-15 2.88007e-20 9.34066e-26 4.19537e-32
 1.66139e-41 2.3059e-33 3.86863e-26 7.8455e-20 1.92323e-14 5.69889e-10 2.04125e-06 0.00088379 0.0462541 0.292696 0.232488 0.135358 0.18789 0.0685861 0.0283279 0.00654926 0.00090559 5.76067e-05 1.15603e-06 4.90034e-09 3.58709e-12 4.10895e-16 6.94282e-21 1.65798e-26 5.41279e-33
 1.75293e-41 2.43296e-33 4.08179e-26 8.27779e-20 2.0292e-14 6.01289e-10 2.15372e-06 0.000932487 0.0488028 0.308834 0.245493 0.133734 0.167906 0.0627586 0.025362 0.00546445 0.000675509 3.42601e-05 5.37145e-07 1.88379e-09 1.14871e-12 1.06352e-16 1.39945e-21 2.52379e-27 6.09295e-34
 1.71246e-41 2.37678e-33 3.98754e-26 8.08666e-20 1.98235e-14 5.87406e-10 2.10399e-06 0.000910956 0.047676 0.301743 0.242408 0.148039 0.172703 0.0596054 0.0218448 0.00454245 0.000504474 2.12981e-05 2.55377e-07 6.69114e-10 3.13582e-13 2.27779e-17 2.34942e-22 3.27734e-28 6.01622e-35
 1.73179e-41 2.40361e-33 4.03256e-26 8.17796e-20 2.00473e-14 5.94038e-10 2.12775e-06 0.000921242 0.0482144 0.305183 0.246708 0.152673 0.164095 0.0581907 0.0200086 0.00363459 0.000357364 1.27768e-05 1.20281e-07 2.34009e-10 7.96167e-14 4.23027e-18 3.24614e-23 3.40961e-29 4.73153e-36
 1.72492e-41 2.39407e-33 4.01655e-26 8.14548e-20 1.99677e-14 5.91679e-10 2.1193e-06 0.000917583 0.048023 0.304023 0.248207 0.161295 0.160226 0.0558276 0.0181294 0.00308522 0.000256411 7.51362e-06 5.61961e-08 8.29025e-11 2.0642e-14 7.87181e-19 4.31354e-24 3.25098e-30 3.26593e-37
 1.74038e-41 2.41554e-33 4.05256e-26 8.21852e-20 2.01467e-14 5.96984e-10 2.1383e-06 0.00092581 0.0484537 0.306806 0.252582 0.166196 0.152539 0.0534849 0.0162671 0.00255295 0.000185386 4.38314e-06 2.53438e-08 2.83861e-11 5.25255e-15 1.45861e-19 5.73535e-25 3.0747e-31 2.18918e-38
 1.68763e-41 2.34232e-33 3.92973e-26 7.96941e-20 1.95361e-14 5.7889e-10 2.07349e-06 0.00089775 0.0469854 0.297614 0.249537 0.180633 0.154661 0.0525647 0.0148242 0.00214352 0.000134759 2.60503e-06 1.16207e-08 9.71364e-12 1.32521e-15 2.69312e-20 7.68475e-26 2.96455e-32 1.50811e-39
 1.60046e-41 2.22133e-33 3.72675e-26 7.55777e-20 1.8527e-14 5.48988e-10 1.96639e-06 0.000851377 0.0445589 0.282396 0.242793 0.196551 0.159794 0.0562351 0.014792 0.00192065 0.000103737 1.63304e-06 5.65964e-09 3.5478e-12 3.54803e-16 5.2281e-21 1.07714e-26 2.99347e-33 1.09434e-40
 1.59334e-41 2.21145e-33 3.71017e-26 7.52416e-20 1.84446e-14 5.46547e-10 1.95764e-06 0.000847592 0.0443612 0.281271 0.24529 0.199828 0.154224 0.0576208 0.0147106 0.00176243 8.05522e-05 1.02155e-06 2.74513e-09 1.29603e-12 9.56359e-17 1.02497e-21 1.5216e-27 3.03089e-34 7.92222e-42
 1.63249e-41 2.26578e-33 3.80132e-26 7.709e-20 1.88977e-14 5.59974e-10 2.00573e-06 0.000868414 0.0454515 0.288309 0.253706 0.19963 0.143809 0.0533618 0.0132842 0.00151729 6.00643e-05 6.11512e-07 1.26391e-09 4.48321e-13 2.44578e-17 1.91528e-22 2.05963e-28 2.95262e-35 5.52763e-43
 1.63258e-41 2.26592e-33 3.80155e-26 7.70947e-20 1.88988e-14 5.60007e-10 2.00586e-06 0.000868467 0.0454543 0.288326 0.25373 0.20002 0.145245 0.052638 0.012377 0.00129369 4.51456e-05 3.92443e-07 6.76811e-10 1.9735e-13 8.76785e-18 5.5578e-23 4.81815e-29 5.55239e-36 8.33859e-44
#pred catch len freq
 2.56449e-27 2.59195e-27 3.64268e-26 7.14465e-20 1.75142e-14 5.18978e-10 1.85889e-06 0.00080483 0.0421219 0.266475 0.204072 0.037564 0.142548 0.131783 0.0337878 0.044352 0.0206551 0.0181063 0.0123037 0.0101972 0.00862518 0.00795741 0.00846177 0.00777836 0.00240481
 2.56708e-27 2.59859e-27 4.17463e-26 8.26661e-20 2.02646e-14 6.00477e-10 2.15081e-06 0.000931217 0.0487365 0.308321 0.23608 0.0410076 0.146269 0.13476 0.0264066 0.026462 0.010502 0.00693726 0.00384099 0.00266939 0.00195939 0.00160654 0.00155497 0.00145699 0.000496856
 2.56817e-27 2.60147e-27 4.41874e-26 8.78154e-20 2.15269e-14 6.3788e-10 2.28478e-06 0.000989223 0.0517724 0.327526 0.25075 0.0412989 0.13818 0.127237 0.0241199 0.0230416 0.00793691 0.00353629 0.00150713 0.000781216 0.000446127 0.000304434 0.000256043 0.000232085 8.27377e-05
 2.56869e-27 2.60284e-27 4.53522e-26 9.02725e-20 2.21292e-14 6.55728e-10 2.34871e-06 0.0010169 0.0532209 0.33669 0.257748 0.0413471 0.13363 0.122979 0.0223071 0.0199629 0.0067592 0.00279683 0.000937502 0.000324217 0.000126102 6.23866e-05 4.17461e-05 3.43259e-05 1.23037e-05
 2.56809e-27 2.60118e-27 4.38617e-26 8.71281e-20 2.13584e-14 6.32888e-10 2.2669e-06 0.00098148 0.0513671 0.324963 0.248803 0.0419832 0.144756 0.133211 0.0234971 0.0200922 0.00665692 0.00253426 0.000816751 0.000242286 6.0636e-05 1.82211e-05 8.11683e-06 5.45414e-06 1.88884e-06
 2.56628e-27 2.5963e-27 3.95705e-26 7.80755e-20 1.91393e-14 5.67131e-10 2.03137e-06 0.000879504 0.0460301 0.291199 0.223038 0.043037 0.170877 0.157369 0.0287458 0.0259853 0.00850494 0.00305702 0.000944283 0.000258916 5.67167e-05 1.07964e-05 2.5021e-06 1.11139e-06 3.49607e-07
 2.56756e-27 2.59985e-27 4.2769e-26 8.48232e-20 2.07934e-14 6.16145e-10 2.20693e-06 0.000955516 0.0500083 0.316366 0.242233 0.041608 0.146516 0.134993 0.0266617 0.0268768 0.00895547 0.00344286 0.00104552 0.000270182 5.47118e-05 8.8598e-06 1.15553e-06 2.37183e-07 5.86966e-08
 2.56933e-27 2.60458e-27 4.68885e-26 9.35134e-20 2.29237e-14 6.7927e-10 2.43303e-06 0.00105341 0.0551316 0.348778 0.266971 0.0409239 0.12393 0.11402 0.0205892 0.0183047 0.00632178 0.00279628 0.000884288 0.000239242 4.63294e-05 6.87567e-06 7.06018e-07 6.29235e-08 8.60429e-09
 2.56912e-27 2.60395e-27 4.62839e-26 9.22379e-20 2.2611e-14 6.70004e-10 2.39984e-06 0.00103904 0.0543796 0.34402 0.263347 0.0414757 0.130675 0.120172 0.0203623 0.0162169 0.00535545 0.00202554 0.000674319 0.000205642 4.21056e-05 6.1594e-06 5.68746e-07 3.29178e-08 1.77993e-09
 2.56863e-27 2.60263e-27 4.51109e-26 8.97632e-20 2.20044e-14 6.52029e-10 2.33546e-06 0.00101116 0.0529207 0.334791 0.256305 0.0418296 0.138316 0.12723 0.021744 0.0175829 0.00563984 0.0018617 0.000568124 0.000156776 3.55237e-05 5.65467e-06 5.21167e-07 2.58064e-08 7.10486e-10
 2.56908e-27 2.60385e-27 4.61898e-26 9.20394e-20 2.25623e-14 6.68563e-10 2.39468e-06 0.0010368 0.0542626 0.34328 0.262783 0.0415163 0.131381 0.120829 0.0205816 0.0165435 0.00532651 0.00178609 0.000517652 0.00012465 2.50796e-05 4.12549e-06 4.18688e-07 2.06101e-08 4.40165e-10
 2.56935e-27 2.60457e-27 4.68262e-26 9.33818e-20 2.28914e-14 6.78314e-10 2.42961e-06 0.00105193 0.055054 0.348287 0.266604 0.0413877 0.127717 0.117434 0.0197385 0.0154731 0.00497226 0.00165599 0.000482669 0.000115603 2.07785e-05 2.97938e-06 3.01143e-07 1.60957e-08 3.34567e-10
 2.56897e-27 2.60353e-27 4.58949e-26 9.14171e-20 2.24098e-14 6.64042e-10 2.37849e-06 0.00102979 0.0538957 0.340959 0.261014 0.0417271 0.134228 0.123429 0.0205641 0.0158452 0.00505965 0.00163595 0.000474022 0.000113123 2.03201e-05 2.68077e-06 2.34861e-07 1.23374e-08 2.72178e-10
 2.56885e-27 2.60319e-27 4.5584e-26 9.07611e-20 2.2249e-14 6.59277e-10 2.36142e-06 0.00102241 0.053509 0.338513 0.259149 0.0419181 0.136991 0.125958 0.0206202 0.0153346 0.00487408 0.0015439 0.00044146 0.00010273 1.83256e-05 2.4035e-06 1.95368e-07 8.99569e-09 1.9412e-10
 2.56732e-27 2.59906e-27 4.19346e-26 8.30625e-20 2.03618e-14 6.03356e-10 2.16112e-06 0.000935682 0.0489702 0.309799 0.23724 0.0429285 0.160073 0.147277 0.0247471 0.019381 0.00611767 0.00185951 0.000525273 0.000119738 2.0865e-05 2.6928e-06 2.16085e-07 9.218e-09 1.77285e-10
 2.5678e-27 2.6004e-27 4.31776e-26 8.56849e-20 2.10046e-14 6.22405e-10 2.22935e-06 0.000965223 0.0505163 0.31958 0.244695 0.0421053 0.148571 0.136765 0.0247207 0.0219755 0.0070326 0.00226828 0.000635971 0.000139772 2.38513e-05 3.00183e-06 2.35807e-07 9.84119e-09 1.75138e-10
 2.5687e-27 2.6028e-27 4.526e-26 9.00777e-20 2.20815e-14 6.54314e-10 2.34364e-06 0.00101471 0.0531061 0.335964 0.257201 0.0418532 0.137866 0.126793 0.0212682 0.0166169 0.00548793 0.00206287 0.00060015 0.000137918 2.30012e-05 2.80569e-06 2.14409e-07 8.7351e-09 1.50822e-10
 2.5688e-27 2.60305e-27 4.54656e-26 9.05114e-20 2.21878e-14 6.57464e-10 2.35492e-06 0.00101959 0.0533618 0.337581 0.258437 0.0419211 0.137514 0.126446 0.020814 0.0156549 0.00499224 0.00161133 0.000489987 0.000128345 2.25701e-05 2.76828e-06 2.04464e-07 8.07982e-09 1.35888e-10
 2.56886e-27 2.60324e-27 4.56272e-26 9.08524e-20 2.22714e-14 6.5994e-10 2.3638e-06 0.00102343 0.0535628 0.338853 0.259408 0.0418632 0.136392 0.125415 0.0207221 0.0157023 0.00496574 0.00152949 0.000435432 0.000102841 1.99584e-05 2.68261e-06 2.02357e-07 7.76898e-09 1.26531e-10
 2.56951e-27 2.60498e-27 4.7147e-26 9.40583e-20 2.30573e-14 6.83228e-10 2.44721e-06 0.00105955 0.0554529 0.35081 0.268534 0.0416129 0.128075 0.117694 0.0185083 0.0125942 0.00398137 0.00123605 0.000346608 7.71815e-05 1.35168e-05 1.85652e-06 1.55521e-07 6.16684e-09 9.82086e-11
 2.56969e-27 2.60544e-27 4.75483e-26 9.4905e-20 2.32648e-14 6.89378e-10 2.46924e-06 0.00106909 0.0559521 0.353968 0.270944 0.0415355 0.125793 0.115582 0.0180288 0.0120263 0.00371834 0.00102225 0.000283121 6.31071e-05 1.059e-05 1.32626e-06 1.09627e-07 4.75919e-09 7.87763e-11
 2.56975e-27 2.60559e-27 4.76717e-26 9.51652e-20 2.33286e-14 6.91268e-10 2.47601e-06 0.00107202 0.0561054 0.354938 0.271686 0.0416068 0.125814 0.115577 0.0175853 0.0110148 0.00338905 0.000909993 0.00024134 4.86274e-05 8.05879e-06 9.78801e-07 7.43448e-08 3.16176e-09 5.62086e-11
 2.56991e-27 2.60604e-27 4.80725e-26 9.60107e-20 2.35359e-14 6.9741e-10 2.49801e-06 0.00108154 0.0566039 0.358092 0.274091 0.0414139 0.122656 0.112682 0.0174162 0.0113557 0.00345977 0.000867289 0.000226173 4.41017e-05 6.72336e-06 7.70718e-07 5.6655e-08 2.23611e-09 3.89766e-11
 2.57021e-27 2.60684e-27 4.87667e-26 9.74752e-20 2.38949e-14 7.08047e-10 2.53611e-06 0.00109804 0.0574673 0.363554 0.278261 0.0413724 0.11941 0.109647 0.0161529 0.00923908 0.00282559 0.0007392 0.000190111 3.48874e-05 5.15367e-06 5.51014e-07 3.74848e-08 1.4136e-09 2.30939e-11
 2.57016e-27 2.6067e-27 4.86508e-26 9.72307e-20 2.38349e-14 7.06272e-10 2.52975e-06 0.00109528 0.0573232 0.362642 0.277564 0.0413312 0.119586 0.10983 0.0165611 0.0101204 0.0030373 0.000691414 0.00017623 3.33236e-05 4.73815e-06 4.80748e-07 3.05889e-08 1.06363e-09 1.64237e-11
 2.56983e-27 2.60581e-27 4.78612e-26 9.5565e-20 2.34266e-14 6.94172e-10 2.48641e-06 0.00107652 0.0563412 0.35643 0.272825 0.0415879 0.12487 0.1147 0.0173155 0.0106169 0.00321798 0.000784257 0.000194463 3.27565e-05 4.66858e-06 4.69476e-07 2.81929e-08 9.13184e-10 1.3012e-11
 2.5698e-27 2.60574e-27 4.77917e-26 9.54184e-20 2.33907e-14 6.93107e-10 2.48259e-06 0.00107487 0.0562547 0.355883 0.272408 0.0416251 0.125446 0.115227 0.017336 0.0105308 0.00319279 0.000781453 0.000197498 3.48849e-05 4.62729e-06 4.38251e-07 2.61433e-08 8.03239e-10 1.06312e-11
 2.56964e-27 2.6053e-27 4.7393e-26 9.45773e-20 2.31845e-14 6.86997e-10 2.46071e-06 0.00106539 0.0557588 0.352746 0.270015 0.0418153 0.128574 0.118097 0.0175453 0.0102853 0.00311133 0.000754013 0.000190477 3.39508e-05 4.66633e-06 4.34276e-07 2.40349e-08 7.21301e-10 9.09919e-12
 2.5681e-27 2.60112e-27 4.37188e-26 8.68264e-20 2.12844e-14 6.30696e-10 2.25905e-06 0.000978081 0.0511892 0.323837 0.247956 0.0427491 0.151179 0.138998 0.0219883 0.0151561 0.0045763 0.00106802 0.000267455 4.72797e-05 6.52276e-06 6.221e-07 3.44513e-08 9.69871e-10 1.17763e-11
#obs catch len freq
 1.63315e-41 2.26671e-33 3.80287e-26 7.71214e-20 1.89054e-14 5.60202e-10 2.00655e-06 0.000868768 0.0454679 0.287643 0.220383 0.044321 0.165361 0.140537 0.0433943 0.035222 0.0116914 0.00407777 0.000902104 0.000120466 7.1355e-06 1.34464e-07 5.90728e-10 4.84321e-13 6.43005e-17
 1.6459e-41 2.28441e-33 3.83256e-26 7.77236e-20 1.9053e-14 5.64576e-10 2.02222e-06 0.000875551 0.0458229 0.289889 0.222161 0.0463484 0.168069 0.135331 0.0433443 0.0332279 0.0106519 0.00347777 0.000711224 8.34723e-05 4.06945e-06 5.95343e-08 1.9556e-10 1.17036e-13 1.11636e-17
 1.91806e-41 2.66214e-33 4.46629e-26 9.05755e-20 2.22035e-14 6.57931e-10 2.3566e-06 0.00102033 0.0533999 0.337823 0.258769 0.0457831 0.133877 0.10177 0.0333722 0.023923 0.00749906 0.00228779 0.00042686 4.36947e-05 1.7525e-06 1.98594e-08 4.85079e-11 2.11095e-14 1.44595e-18
 1.95105e-41 2.70793e-33 4.54312e-26 9.21336e-20 2.25855e-14 6.69249e-10 2.39714e-06 0.00103788 0.0543185 0.343635 0.263301 0.0489599 0.141211 0.0999632 0.0258002 0.0155032 0.00468883 0.00133127 0.000226736 1.99971e-05 6.54755e-07 5.74861e-09 1.04487e-11 3.30114e-15 1.62026e-19
 1.99102e-41 2.7634e-33 4.63618e-26 9.40208e-20 2.30481e-14 6.82957e-10 2.44624e-06 0.00105914 0.0554311 0.350674 0.268748 0.0506741 0.138385 0.0921232 0.0250632 0.0137714 0.00319275 0.00075161 0.000115094 8.7064e-06 2.30592e-07 1.56101e-09 2.11424e-12 4.86255e-16 1.71222e-20
 1.79619e-41 2.49299e-33 4.18252e-26 8.48206e-20 2.07928e-14 6.16128e-10 2.20687e-06 0.000955498 0.050007 0.31636 0.242777 0.0574938 0.174768 0.109 0.0295793 0.0149729 0.00336272 0.000643829 7.38283e-05 4.58073e-06 9.73949e-08 5.05758e-10 5.09237e-13 8.53793e-17 2.16359e-21
 1.49341e-41 2.07276e-33 3.47748e-26 7.05226e-20 1.72878e-14 5.12268e-10 1.83486e-06 0.000794432 0.0415774 0.263034 0.202387 0.0660931 0.219373 0.130661 0.0468529 0.0233577 0.00493239 0.000852626 7.89105e-05 3.5114e-06 5.61029e-08 2.20911e-10 1.64929e-13 2.01394e-17 3.67561e-22
 2.12308e-41 2.94669e-33 4.94369e-26 1.00257e-19 2.45768e-14 7.28257e-10 2.6085e-06 0.00112939 0.0591077 0.373934 0.286674 0.0520329 0.109775 0.0637621 0.0323686 0.016385 0.00409367 0.000679667 5.41058e-05 1.83627e-06 2.03572e-08 5.67308e-11 3.07491e-14 2.72385e-18 3.57867e-23
 2.01954e-41 2.80299e-33 4.7026e-26 9.53678e-20 2.33783e-14 6.92742e-10 2.48129e-06 0.00107431 0.0562253 0.355701 0.273152 0.0625793 0.147967 0.0743692 0.0180083 0.00791708 0.00251264 0.000455443 3.58467e-05 9.99329e-07 8.0878e-09 1.5357e-11 5.68308e-15 3.52587e-19 3.29163e-24
 2.05623e-41 2.85391e-33 4.78803e-26 9.71002e-20 2.3803e-14 7.05326e-10 2.52636e-06 0.00109383 0.0572466 0.362163 0.278223 0.0639925 0.139938 0.0673042 0.0211293 0.0073839 0.00127531 0.000228212 1.94854e-05 5.0745e-07 3.28296e-09 4.4833e-12 1.13117e-15 4.7253e-20 3.00586e-25
 1.78245e-41 2.47393e-33 4.15052e-26 8.41718e-20 2.06337e-14 6.11415e-10 2.18999e-06 0.000948189 0.0496245 0.313947 0.242143 0.0794091 0.191626 0.0858202 0.0260626 0.00869682 0.00153636 0.000171867 1.13638e-05 2.87041e-07 1.64473e-09 1.77345e-12 3.25266e-16 9.42244e-21 4.06808e-26
 2.06847e-41 2.8709e-33 4.81654e-26 9.76784e-20 2.39447e-14 7.09525e-10 2.54141e-06 0.00110034 0.0575874 0.364322 0.280292 0.0687519 0.132511 0.0596152 0.0260865 0.00823212 0.00135489 0.00013799 6.29447e-06 1.12285e-07 5.4635e-10 4.97041e-13 7.19373e-17 1.55015e-21 4.77661e-27
 1.903e-41 2.64123e-33 4.43122e-26 8.98642e-20 2.20291e-14 6.52764e-10 2.33809e-06 0.00101231 0.0529805 0.335183 0.258932 0.0845443 0.171361 0.0672812 0.0206869 0.00658756 0.00130336 0.000121571 4.62701e-06 5.75444e-08 1.89304e-10 1.3059e-13 1.50555e-17 2.5456e-22 5.95658e-28
 1.982e-41 2.75089e-33 4.61519e-26 9.3595e-20 2.29437e-14 6.79865e-10 2.43516e-06 0.00105434 0.0551801 0.3491 0.269715 0.0832703 0.151236 0.0598136 0.0235288 0.00606216 0.000942217 9.18649e-05 3.25699e-06 3.19991e-08 7.36456e-11 3.3807e-14 2.71523e-18 3.39108e-23 6.0208e-29
 1.67969e-41 2.3313e-33 3.91124e-26 7.93192e-20 1.94442e-14 5.76166e-10 2.06373e-06 0.000893525 0.0467636 0.295867 0.230766 0.108485 0.206139 0.0754396 0.0272448 0.0071907 0.00112104 8.4632e-05 2.66682e-06 2.31371e-08 4.15363e-11 1.35597e-14 7.35258e-19 6.16205e-24 7.5373e-30
 1.54619e-41 2.14601e-33 3.60037e-26 7.30148e-20 1.78987e-14 5.30372e-10 1.89971e-06 0.000822507 0.0430468 0.272364 0.213847 0.117641 0.21258 0.0865755 0.0416335 0.00994167 0.00144218 0.000102213 2.55684e-06 1.77529e-08 2.62305e-11 6.6833e-15 2.65173e-19 1.5533e-24 1.29373e-30
 1.77844e-41 2.46836e-33 4.14119e-26 8.39824e-20 2.05873e-14 6.1004e-10 2.18506e-06 0.000946057 0.0495129 0.313272 0.244783 0.106066 0.166168 0.0704294 0.0368347 0.0102918 0.00159344 9.96328e-05 2.14204e-06 1.16484e-08 1.30118e-11 2.5559e-15 7.80473e-20 3.42586e-25 2.07157e-31
 1.75232e-41 2.4321e-33 4.08035e-26 8.27486e-20 2.02849e-14 6.01077e-10 2.15296e-06 0.000932158 0.0487855 0.308687 0.242882 0.121435 0.178444 0.0631848 0.0265569 0.00769514 0.00130938 8.43288e-05 1.56912e-06 6.87678e-09 5.88949e-12 8.54568e-16 1.92002e-20 6.25973e-26 2.81972e-32
 1.77122e-41 2.45834e-33 4.12438e-26 8.36415e-20 2.05037e-14 6.07563e-10 2.17619e-06 0.000942216 0.0493119 0.312033 0.246488 0.126299 0.170831 0.0622209 0.0252413 0.00569743 0.000875733 5.7207e-05 1.01027e-06 3.72971e-09 2.49427e-12 2.7287e-16 4.51007e-21 1.06514e-26 3.4624e-33
 1.73268e-41 2.40484e-33 4.03462e-26 8.18213e-20 2.00575e-14 5.94341e-10 2.12883e-06 0.000921711 0.0482388 0.30527 0.243123 0.137732 0.173568 0.061564 0.0238143 0.00509934 0.00063112 3.42458e-05 5.49144e-07 1.78736e-09 9.8255e-13 8.33128e-17 1.03131e-21 1.79063e-27 4.22705e-34
 1.82301e-41 2.53022e-33 4.24497e-26 8.60872e-20 2.11033e-14 6.25328e-10 2.23982e-06 0.000969766 0.0507539 0.321199 0.255975 0.135188 0.15411 0.0561088 0.0210336 0.00418356 0.000456928 1.95396e-05 2.45019e-07 6.57988e-10 2.99548e-13 2.0424e-17 1.96238e-22 2.56837e-28 4.47912e-35
 1.78405e-41 2.47614e-33 4.15425e-26 8.42473e-20 2.06522e-14 6.11963e-10 2.19195e-06 0.00094904 0.0496692 0.314382 0.253319 0.149128 0.157886 0.0528892 0.017996 0.00343436 0.000333399 1.17216e-05 1.11504e-07 2.23353e-10 7.80081e-14 4.15925e-18 3.12209e-23 3.15281e-29 4.17434e-36
 1.8033e-41 2.50286e-33 4.19907e-26 8.51564e-20 2.08751e-14 6.18567e-10 2.21561e-06 0.000959281 0.0502053 0.317815 0.257725 0.153115 0.149566 0.0514368 0.0162389 0.00269946 0.00023064 6.78861e-06 5.02473e-08 7.43572e-11 1.88165e-14 7.32808e-19 4.08386e-24 3.09771e-30 3.09348e-37
 1.79676e-41 2.49379e-33 4.18385e-26 8.48476e-20 2.07994e-14 6.16324e-10 2.20757e-06 0.000955802 0.0500234 0.316725 0.259455 0.161126 0.145619 0.0490828 0.0145981 0.00224823 0.000160922 3.85724e-06 2.25098e-08 2.51198e-11 4.63795e-15 1.29448e-19 5.14648e-25 2.79765e-31 2.0192e-38
 1.81225e-41 2.51529e-33 4.21992e-26 8.55791e-20 2.09787e-14 6.21637e-10 2.2266e-06 0.000964043 0.0504549 0.319524 0.263964 0.165257 0.138225 0.046715 0.0129521 0.00182729 0.000113006 2.16511e-06 9.71796e-09 8.19871e-12 1.12146e-15 2.27515e-20 6.4847e-26 2.50629e-32 1.28151e-39
 1.76083e-41 2.44391e-33 4.10017e-26 8.31506e-20 2.03834e-14 6.03997e-10 2.16342e-06 0.000936686 0.0490234 0.310585 0.261421 0.179113 0.139975 0.045648 0.0117058 0.00150824 8.00196e-05 1.24166e-06 4.27159e-09 2.67998e-12 2.69625e-16 3.99573e-21 8.25482e-27 2.29432e-33 8.37965e-41
 1.67558e-41 2.32559e-33 3.90166e-26 7.91249e-20 1.93965e-14 5.74754e-10 2.05868e-06 0.000891336 0.0466505 0.295734 0.25537 0.194681 0.145028 0.0486806 0.0115732 0.001329 6.0035e-05 7.5223e-07 1.9982e-09 9.36428e-13 6.8902e-17 7.39277e-22 1.10145e-27 2.2033e-34 5.77909e-42
 1.66877e-41 2.31614e-33 3.8858e-26 7.88033e-20 1.93177e-14 5.72419e-10 2.05031e-06 0.000887715 0.0464616 0.294688 0.258107 0.19737 0.140185 0.0496532 0.011405 0.00119427 4.52363e-05 4.53216e-07 9.2832e-10 3.26455e-13 1.76826e-17 1.37796e-22 1.47796e-28 2.11763e-35 3.96893e-43
 1.69535e-41 2.35304e-33 3.94771e-26 8.00588e-20 1.96255e-14 5.81539e-10 2.08298e-06 0.000901858 0.0472017 0.299347 0.260664 0.192633 0.137748 0.0489091 0.0113719 0.0011803 4.10262e-05 3.55808e-07 6.12784e-10 1.78526e-13 7.92707e-18 5.02286e-23 4.35315e-29 5.01542e-36 7.53088e-44
#spawning biomass
 8089.37 6258.95 7652.28 10992.1 15407.7 17734.7 17043.5 21173.6 33278.6 46023.9 55862.2 75868.3 102198 111949 117208 105108 90206.3 92260.2 96336.3 87941.1 93405.6 94018 102339 97652.8 112839 124677 120929 110637 137837 347442 492010 506177 466331 401849 333236 271449 220689 181329 151980 130692 115558 104957 97597.2 92494.1 88989.5 86652.9 85095 84056.3 83363.8 82902 82594.2 82388.9 82252 82160.8 82100 82059.4 82032.3 82014.3 82002.3 81994.3 81988.9 81985.4 81983 81981.4 81980.4 81979.6 81979.2 81978.9 81978.7 81978.5 81978.4 81978.4 81978.3 81978.3 81978.3 81978.3 81978.3 81978.3 81978.2 81978.2 81978.2 81978.2 81978.2 81978.2 81978.2 81978.2 81978.2 81978.2 81978.2 81978.2 81978.2 81978.2 81978.2 81978.2 81978.2 81978.2 81978.2 81978.2 81978.2 81978.2 81978.2 81978.2 81978.2 81978.2 81978.2 81978.2 81978.2 81978.2 81978.2 81978.2 81978.2 81978.2 81978.2 81978.2 81978.2 81978.2 81978.2 81978.2 81978.2 81978.2 81978.2 81978.2 81978.2 81978.2 81978.2 81978.2 81978.2 81978.2 81978.2 0 0 0 0 0 0 0 0 0 0 0 0 0 0 0 0 0 0 0 0 0 0 0 0 0
