SBPRF35
0.109721
Curr Bio
133097
B35
137412
F35
1.10368
FOFL
0.679416
OFL
26557.5
Bzero
31348.7
#pred survey bio
 8633.63 9797.82 12077.1 14026.2 23085.8 35269.6 33970.5 41471.2 54287 68312.7 82072 113128 146923 181044 167132 146256 130781 126460 123886 124973 121773 128389 143230 159888 160808 160375 161079 148861 146654 3.59388e+06 2.06285e+06 1.00588e+06 551315 392928 333350 307596 295186 288858 285560 283832 282926 282454 282208 282080 282013 281979 281962 281953 281949 281947 281945 281945 281944 281944 281944 281944 281944 281944 281944 281944 281944 281944 281944 281944 281944 281944 281944 281944 281944 281944 281944 281944 281944 281944 281944 281944 281944 281944 281944 281944 281944 281944 281944 281944 281944 281944 281944 281944 281944 281944 281944 281944 281944 281944 281944 281944 281944 281944 281944 281944 281944 281944 281944 281944 281944 281944 281944 281944 281944 281944 281944 281944 281944 281944 281944 281944 281944 281944 281944 281944 281944 281944 281944 281944 281944 281944 281944 281944 281944 0 0 0 0 0 0 0 0 0 0 0 0 0 0 0 0 0 0 0 0 0 0 0 0 0
#obs survey bio
 7320.72 8037.2 8122.96 10497.5 27713.7 24425.8 29116.1 46677.5 63384.4 57509.1 82972.9 86522.1 136529 172974 136040 146573 99911.9 112634 99168.8 104353 91155.2 118190 122652 155142 165376 176451 220825 98086 94502.7
#pred catch bio
 3639.59 4609.32 6049.47 7032.31 9033.97 19074.7 18141 21098.2 27715.8 37932.8 42359 62313.7 78057.6 108450 103381 93788.3 81165.8 78006.9 78149.1 82323.4 77946.8 81164.5 91636.3 107475 110253 107628 112451 100667 140395 26557.5 46342.2 18556.5 8498.64 5964.1 5400.5 5284.22 5261.43 5257.12 5256.32 5256.18 5256.16 5256.15 5256.15 5256.15 5256.15 5256.15 5256.15 5256.15 5256.15 5256.15 5256.15 5256.15 5256.15 5256.15 5256.15 5256.15 5256.15 5256.15 5256.15 5256.15 5256.15 5256.15 5256.15 5256.15 5256.15 5256.15 5256.15 5256.15 5256.15 5256.15 5256.15 5256.15 5256.15 5256.15 5256.15 5256.15 5256.15 5256.15 5256.15 5256.15 5256.15 5256.15 5256.15 5256.15 5256.15 5256.15 5256.15 5256.15 5256.15 5256.15 5256.15 5256.15 5256.15 5256.15 5256.15 5256.15 5256.15 5256.15 5256.15 5256.15 5256.15 5256.15 5256.15 5256.15 5256.15 5256.15 5256.15 5256.15 5256.15 5256.15 5256.15 5256.15 5256.15 5256.15 5256.15 5256.15 5256.15 5256.15 5256.15 5256.15 5256.15 5256.15 5256.15 5256.15 5256.15 5256.15 5256.15 5256.15 5256.15 0 0 0 0 0 0 0 0 0 0 0 0 0 0 0 0 0 0 0 0 0 0 0 0 0
#obs catch bio
 4716.03 4607.72 6101.94 7096.67 8885.58 19290.7 18185.2 20914.3 27247 37852.7 41515.6 62073.3 77046.6 106835 103364 94008.6 81124.3 77389.6 77979 82777.2 76510.9 79195.5 90859.6 105142 106064 106160 108031 100321 144365
#pred cpue bio
 7128.96 7465.53 9113.49 10623.3 16138.5 26860.6 26332.6 30212.8 40137.1 50769.5 60054.6 82262 106502 134433 127002 110209 96679.9 93696.4 91678.5 91019.6 88145.3 92639.1 102678 114263 115186 113967 115692 106488 105207 2.18334e+06 1.96023e+06 958138 501773 343147 283550 257795 245385 239057 235759 234030 233125 232652 232406 232279 232212 232178 232160 232152 232147 232145 232144 232143 232143 232143 232143 232142 232142 232142 232142 232142 232142 232142 232142 232142 232142 232142 232142 232142 232142 232142 232142 232142 232142 232142 232142 232142 232142 232142 232142 232142 232142 232142 232142 232142 232142 232142 232142 232142 232142 232142 232142 232142 232142 232142 232142 232142 232142 232142 232142 232142 232142 232142 232142 232142 232142 232142 232142 232142 232142 232142 232142 232142 232142 232142 232142 232142 232142 232142 232142 232142 232142 232142 232142 232142 232142 232142 232142 232142 232142 0 0 0 0 0 0 0 0 0 0 0 0 0 0 0 0 0 0 0 0 0 0 0 0 0
#obs cpue bio
 4829.57 10356.9 8969.38 14406.1 22914.8 19436.5 43146.6 29866.5 50834.6 52975 98653.1 93669.1 152130 184255 131186 115384 121974 127024 112874 100568 183097 153746 118674 192154 224045 106889 192071 119286 126183
#pred surv len freq
 2.56902e-27 2.6041e-27 4.69512e-26 9.36476e-20 2.29566e-14 6.80245e-10 2.43652e-06 0.00105492 0.0552108 0.349278 0.267284 0.0365748 0.0906102 0.0836662 0.0220068 0.0294513 0.0139055 0.0124122 0.00843806 0.00696063 0.00582279 0.00528734 0.00551056 0.0049895 0.00153348
 2.57078e-27 2.60858e-27 5.05126e-26 1.01159e-19 2.47979e-14 7.34807e-10 2.63196e-06 0.00113954 0.0596392 0.377294 0.288715 0.0390315 0.094251 0.0867051 0.017 0.0170408 0.00664724 0.00423926 0.00237318 0.00166121 0.00121301 0.000980165 0.0009273 0.000851511 0.000287999
 2.57065e-27 2.60816e-27 5.00592e-26 1.00202e-19 2.45634e-14 7.27857e-10 2.60706e-06 0.00112876 0.0590752 0.373725 0.286005 0.0399093 0.102836 0.0945667 0.0173583 0.0158169 0.00531705 0.00216853 0.000889012 0.000449883 0.000259296 0.000175754 0.000144461 0.000127644 4.50068e-05
 2.57044e-27 2.6076e-27 4.95608e-26 9.91508e-20 2.43056e-14 7.20219e-10 2.5797e-06 0.00111691 0.0584552 0.369804 0.283013 0.040085 0.106275 0.0977541 0.0181838 0.0168886 0.00550819 0.00194804 0.000614878 0.000194284 7.23892e-05 3.57994e-05 2.35903e-05 1.88268e-05 6.65197e-06
 2.57303e-27 2.61462e-27 5.5772e-26 1.12254e-19 2.75177e-14 8.15399e-10 2.92062e-06 0.00126452 0.0661803 0.418674 0.320301 0.0382846 0.0663763 0.0609291 0.0115423 0.0110042 0.00361089 0.00130554 0.00039012 9.96535e-05 2.2511e-05 6.32222e-06 2.77517e-06 1.81137e-06 6.15969e-07
 2.5701e-27 2.6066e-27 4.86077e-26 9.714e-20 2.38127e-14 7.05613e-10 2.52739e-06 0.00109426 0.0572697 0.362304 0.2773 0.0409684 0.117011 0.107524 0.0174185 0.012681 0.00419328 0.00159617 0.000484099 0.000123456 2.34731e-05 3.87817e-06 8.2276e-07 3.53381e-07 1.08787e-07
 2.56952e-27 2.6051e-27 4.73646e-26 9.45179e-20 2.31699e-14 6.86566e-10 2.45916e-06 0.00106472 0.0557238 0.352524 0.269827 0.0406179 0.119595 0.11009 0.0211846 0.0206103 0.00638071 0.00170724 0.00050756 0.000135086 2.58769e-05 3.66333e-06 4.01291e-07 7.39645e-08 1.77553e-08
 2.57183e-27 2.61141e-27 5.29541e-26 1.0631e-19 2.60605e-14 7.72219e-10 2.76596e-06 0.00119755 0.0626757 0.396503 0.303381 0.0388927 0.0828914 0.0762185 0.0151407 0.0153738 0.00511639 0.00194534 0.000530647 0.000106269 2.0355e-05 2.92618e-06 2.6124e-07 1.89769e-08 2.35017e-09
 2.57121e-27 2.60964e-27 5.13172e-26 1.02856e-19 2.52139e-14 7.47133e-10 2.6761e-06 0.00115865 0.0606396 0.383623 0.293564 0.0400044 0.0982487 0.0902443 0.0149822 0.0114764 0.0038584 0.00156366 0.000487241 0.000125206 1.96109e-05 2.4762e-06 2.20061e-07 1.09108e-08 4.73509e-10
 2.57106e-27 2.60926e-27 5.10037e-26 1.02195e-19 2.50518e-14 7.42329e-10 2.6589e-06 0.0011512 0.0602498 0.381156 0.291678 0.0398827 0.0986474 0.0906753 0.0162071 0.0141456 0.00441889 0.00126188 0.000388958 0.000109636 2.14685e-05 2.66663e-06 1.98994e-07 9.1201e-09 2.09729e-10
 2.57158e-27 2.61064e-27 5.22133e-26 1.04746e-19 2.56773e-14 7.60865e-10 2.72529e-06 0.00117995 0.0617541 0.390673 0.298941 0.0396178 0.0915285 0.08408 0.0145658 0.0120679 0.00387387 0.0012737 0.000349151 7.45504e-05 1.51598e-05 2.25129e-06 1.78398e-07 7.01913e-09 1.33099e-10
 2.57177e-27 2.61117e-27 5.26772e-26 1.05725e-19 2.59172e-14 7.67974e-10 2.75075e-06 0.00119097 0.0623311 0.394324 0.301727 0.0395109 0.0887584 0.0815182 0.0140122 0.0114469 0.00363284 0.00113244 0.00032426 7.4518e-05 1.20601e-05 1.63711e-06 1.50552e-07 6.34556e-09 1.05692e-10
 2.57184e-27 2.61134e-27 5.28123e-26 1.0601e-19 2.59871e-14 7.70044e-10 2.75817e-06 0.00119418 0.0624991 0.395386 0.30254 0.0396094 0.0889362 0.0816511 0.0134719 0.0101786 0.00321038 0.000974546 0.000272732 6.08988e-05 1.05181e-05 1.27111e-06 1.01802e-07 4.77586e-09 8.43467e-11
 2.57104e-27 2.60916e-27 5.08814e-26 1.01936e-19 2.49885e-14 7.40454e-10 2.65218e-06 0.00114829 0.0600975 0.380193 0.290948 0.0401786 0.101413 0.0931686 0.0155863 0.0120994 0.00375908 0.00104501 0.000286666 6.22236e-05 1.04134e-05 1.28638e-06 9.60674e-08 3.98697e-09 7.54209e-11
 2.57019e-27 2.60687e-27 4.88571e-26 9.76663e-20 2.39417e-14 7.09436e-10 2.54108e-06 0.00110019 0.05758 0.364267 0.278796 0.0407759 0.114496 0.105243 0.017749 0.0139941 0.00436073 0.00122998 0.000328436 6.59639e-05 1.06899e-05 1.27862e-06 9.52817e-08 3.71763e-09 6.39667e-11
 2.57055e-27 2.60786e-27 4.97595e-26 9.957e-20 2.44084e-14 7.23264e-10 2.59061e-06 0.00112164 0.0587024 0.371367 0.28421 0.0403079 0.10713 0.0984916 0.0173835 0.0148618 0.00464885 0.00133049 0.000357611 7.20368e-05 1.10105e-05 1.24143e-06 8.93343e-08 3.43037e-09 5.55691e-11
 2.5712e-27 2.6096e-27 5.12731e-26 1.02763e-19 2.51911e-14 7.46456e-10 2.67368e-06 0.0011576 0.0605847 0.383275 0.293299 0.0400449 0.0987432 0.0907054 0.0151551 0.0117411 0.00372816 0.00116782 0.000318786 6.50827e-05 1.0008e-05 1.08821e-06 7.31005e-08 2.69383e-09 4.25433e-11
 2.5711e-27 2.60931e-27 5.10052e-26 1.02198e-19 2.50525e-14 7.42351e-10 2.65898e-06 0.00115124 0.0602515 0.381167 0.291692 0.0402252 0.101244 0.0929932 0.0151972 0.0112558 0.00349794 0.000979377 0.000271764 5.99171e-05 9.4064e-06 1.03219e-06 6.74477e-08 2.32668e-09 3.50868e-11
 2.57115e-27 2.60945e-27 5.11326e-26 1.02467e-19 2.51184e-14 7.44304e-10 2.66597e-06 0.00115426 0.06041 0.38217 0.292457 0.0401415 0.10007 0.0919218 0.0152313 0.0116015 0.00357715 0.000950349 0.000252234 5.11128e-05 8.41481e-06 9.70594e-07 6.4215e-08 2.16101e-09 3.06779e-11
 2.57167e-27 2.61087e-27 5.239e-26 1.05119e-19 2.57687e-14 7.63572e-10 2.73499e-06 0.00118414 0.0619738 0.392063 0.300005 0.0398004 0.0921707 0.0846237 0.01378 0.0101291 0.0031356 0.000856297 0.000224555 4.30084e-05 6.56093e-06 7.49139e-07 5.24364e-08 1.79748e-09 2.49383e-11
 2.57183e-27 2.61127e-27 5.2723e-26 1.05821e-19 2.59409e-14 7.68674e-10 2.75326e-06 0.00119206 0.062388 0.394683 0.302007 0.0398885 0.0914341 0.0839011 0.0128734 0.00824085 0.00252312 0.000654819 0.000171905 3.35145e-05 4.93054e-06 5.22241e-07 3.53217e-08 1.26479e-09 1.794e-11
 2.57193e-27 2.61156e-27 5.29775e-26 1.06358e-19 2.60725e-14 7.72573e-10 2.76723e-06 0.0011981 0.0627044 0.396685 0.303534 0.0397829 0.0895579 0.0821792 0.0127414 0.00836969 0.00250994 0.000561295 0.000141797 2.65377e-05 3.93301e-06 4.10245e-07 2.58529e-08 8.88825e-10 1.29799e-11
 2.57214e-27 2.61211e-27 5.34705e-26 1.07398e-19 2.63274e-14 7.80129e-10 2.79429e-06 0.00120982 0.0633177 0.400565 0.306494 0.039622 0.0862541 0.0791331 0.012251 0.0080189 0.00241451 0.00055576 0.000135546 2.2214e-05 3.12042e-06 3.19869e-07 1.99293e-08 6.44252e-10 9.03022e-12
 2.57222e-27 2.61233e-27 5.36595e-26 1.07797e-19 2.64252e-14 7.83025e-10 2.80466e-06 0.00121431 0.0635527 0.402052 0.307629 0.039618 0.0854258 0.0783564 0.0118879 0.0073861 0.00221943 0.000507566 0.000124589 2.06882e-05 2.66452e-06 2.46427e-07 1.48343e-08 4.71104e-10 6.26292e-12
 2.57213e-27 2.61207e-27 5.34169e-26 1.07285e-19 2.62997e-14 7.79307e-10 2.79135e-06 0.00120855 0.063251 0.400143 0.306175 0.0397885 0.0877459 0.0804749 0.0118575 0.00678199 0.00201629 0.00043112 0.000104404 1.72621e-05 2.24481e-06 1.98406e-07 1.06712e-08 3.21207e-10 4.16362e-12
 2.57237e-27 2.61273e-27 5.39975e-26 1.0851e-19 2.66e-14 7.88205e-10 2.82322e-06 0.00122234 0.0639731 0.404711 0.30966 0.0396001 0.0838628 0.0768959 0.0113019 0.00641459 0.00188604 0.00036784 8.60865e-05 1.34094e-05 1.71803e-06 1.52084e-07 7.92521e-09 2.15454e-10 2.61253e-12
 2.57204e-27 2.61182e-27 5.31907e-26 1.06808e-19 2.61827e-14 7.75841e-10 2.77893e-06 0.00120317 0.0629697 0.398363 0.304817 0.0398893 0.0894664 0.0820559 0.0120169 0.00674606 0.00198224 0.000385006 8.81678e-05 1.26109e-05 1.52734e-06 1.29662e-07 6.71242e-09 1.77121e-10 1.96469e-12
 2.57216e-27 2.61216e-27 5.34936e-26 1.07447e-19 2.63393e-14 7.80482e-10 2.79555e-06 0.00121037 0.0633463 0.400746 0.306635 0.0397865 0.0874072 0.0801587 0.0117346 0.00657965 0.00192895 0.000367189 8.36638e-05 1.18472e-05 1.36034e-06 1.06459e-07 5.22312e-09 1.35305e-10 1.4553e-12
 2.57208e-27 2.61194e-27 5.33009e-26 1.07041e-19 2.62397e-14 7.7753e-10 2.78498e-06 0.00120579 0.0631067 0.39923 0.305478 0.0398242 0.0885063 0.0811778 0.0120033 0.00693595 0.00203631 0.000390027 8.8605e-05 1.23282e-05 1.40268e-06 1.05831e-07 4.78227e-09 1.16162e-10 1.21437e-12
#obs surv len freq
 1.77451e-41 2.46291e-33 4.13204e-26 8.37969e-20 2.05418e-14 6.08692e-10 2.18024e-06 0.000943967 0.0494034 0.312541 0.239388 0.0440691 0.151526 0.128304 0.0356069 0.0270836 0.00808879 0.00250192 0.000482603 5.571e-05 2.79782e-06 4.46917e-08 1.69944e-10 1.23699e-13 1.4879e-17
 2.17758e-41 3.02234e-33 5.0706e-26 1.02831e-19 2.52077e-14 7.46952e-10 2.67546e-06 0.00115838 0.0606251 0.383531 0.293567 0.042028 0.0971274 0.0777323 0.0221573 0.01593 0.00456989 0.00131612 0.000230617 2.31252e-05 9.60986e-07 1.20293e-08 3.42639e-11 1.81577e-14 1.56589e-18
 1.7217e-41 2.38961e-33 4.00907e-26 8.13031e-20 1.99305e-14 5.90577e-10 2.11535e-06 0.000915874 0.0479332 0.30324 0.23248 0.0512551 0.182099 0.136014 0.026678 0.0142016 0.00393834 0.00105915 0.000168181 1.45097e-05 4.92555e-07 4.80289e-09 1.02582e-11 3.96683e-15 2.45444e-19
 2.08913e-41 2.89958e-33 4.86465e-26 9.86541e-20 2.41839e-14 7.16613e-10 2.56679e-06 0.00111133 0.0581627 0.367954 0.281796 0.0458099 0.113434 0.0813886 0.0282132 0.0179548 0.00340461 0.000666485 9.50462e-05 7.02909e-06 1.93165e-07 1.45403e-09 2.32007e-12 6.55557e-16 2.91933e-20
 2.37153e-41 3.29153e-33 5.52223e-26 1.1199e-19 2.74529e-14 8.13481e-10 2.91376e-06 0.00126156 0.0660248 0.417692 0.319746 0.0442912 0.0790991 0.0520814 0.0116154 0.00606084 0.00173877 0.000351003 3.27014e-05 1.89033e-06 4.17503e-08 2.41235e-10 2.86044e-13 5.89076e-17 1.88903e-21
 1.32127e-41 1.83384e-33 3.07664e-26 6.23937e-20 1.52951e-14 4.53221e-10 1.62336e-06 0.000702861 0.0367849 0.232716 0.179289 0.0711941 0.272045 0.166265 0.0278603 0.010679 0.0020227 0.000394567 4.26607e-05 1.75631e-06 2.71535e-08 1.17745e-10 1.03411e-13 1.5482e-17 3.56855e-22
 2.21288e-41 3.07134e-33 5.1528e-26 1.04498e-19 2.56164e-14 7.59061e-10 2.71883e-06 0.00117716 0.0616079 0.38975 0.298548 0.0467815 0.0891411 0.0566252 0.0354116 0.0181736 0.00245684 0.000297921 2.50475e-05 1.01424e-06 1.18609e-08 3.45564e-11 2.14327e-14 2.31215e-18 3.825e-23
 1.98111e-41 2.74965e-33 4.61311e-26 9.3553e-20 2.29334e-14 6.79559e-10 2.43407e-06 0.00105387 0.0551553 0.348931 0.26786 0.061122 0.155943 0.0830882 0.0161826 0.00750173 0.00274913 0.000390011 1.98115e-05 5.48349e-07 5.38535e-09 1.20164e-11 5.06252e-15 3.69736e-19 4.26281e-24
 2.02351e-41 2.8085e-33 4.71184e-26 9.55552e-20 2.34242e-14 6.94103e-10 2.48616e-06 0.00107642 0.0563357 0.356399 0.273651 0.0614859 0.143523 0.0739048 0.0232967 0.00870821 0.0013389 0.000256664 2.00125e-05 3.9754e-07 2.45356e-09 4.05701e-12 1.29334e-15 6.6827e-20 5.22027e-25
 1.97585e-41 2.74235e-33 4.60087e-26 9.33047e-20 2.28725e-14 6.77755e-10 2.42761e-06 0.00105107 0.0550089 0.348007 0.267534 0.067099 0.154851 0.074132 0.0223892 0.00821267 0.00152783 0.000172559 1.1524e-05 2.90754e-07 1.51507e-09 1.60195e-12 3.42216e-16 1.27483e-20 7.21818e-26
 2.09943e-41 2.91387e-33 4.88863e-26 9.91403e-20 2.43031e-14 7.20145e-10 2.57944e-06 0.00111681 0.0584494 0.369773 0.2842 0.0657909 0.132953 0.0601351 0.0197153 0.00657927 0.00114877 0.000130035 6.38009e-06 1.21305e-07 6.37112e-10 6.06463e-13 9.23141e-17 2.24316e-21 8.51645e-27
 2.0494e-41 2.84444e-33 4.77213e-26 9.67779e-20 2.3724e-14 7.02984e-10 2.51798e-06 0.0010902 0.0570565 0.360964 0.277902 0.0730408 0.146131 0.0605324 0.0171237 0.00517624 0.000886477 8.99396e-05 3.95318e-06 5.68912e-08 2.15012e-10 1.72156e-13 2.29659e-17 4.45563e-22 1.20595e-27
 1.99939e-41 2.77502e-33 4.65568e-26 9.44163e-20 2.3145e-14 6.8583e-10 2.45653e-06 0.00106359 0.0556642 0.352159 0.271647 0.0795415 0.153965 0.0609032 0.0191581 0.00509611 0.000730447 6.60145e-05 2.52396e-06 2.99742e-08 8.51682e-11 4.8143e-14 4.76897e-18 7.36739e-23 1.61494e-28
 1.87097e-41 2.59678e-33 4.35664e-26 8.83517e-20 2.16584e-14 6.41778e-10 2.29874e-06 0.000995276 0.0520888 0.329546 0.255204 0.091293 0.175231 0.0664831 0.0225704 0.00572595 0.00079841 5.90376e-05 1.83666e-06 1.78007e-08 3.96905e-11 1.67316e-14 1.17774e-18 1.27904e-23 2.02597e-29
 1.68838e-41 2.34336e-33 3.93148e-26 7.97296e-20 1.95448e-14 5.79147e-10 2.07441e-06 0.000898149 0.0470055 0.297398 0.231828 0.106488 0.201433 0.0763593 0.0301363 0.00736154 0.00102024 6.88437e-05 1.73795e-06 1.28852e-08 2.20581e-11 7.05377e-15 3.67815e-19 2.8823e-24 3.22318e-30
 1.91894e-41 2.66336e-33 4.46834e-26 9.06171e-20 2.22137e-14 6.58233e-10 2.35768e-06 0.0010208 0.0534244 0.338005 0.262509 0.0951802 0.1539 0.0604399 0.0276003 0.00686677 0.000987345 6.23868e-05 1.36993e-06 8.00104e-09 1.01515e-11 2.38437e-15 9.15508e-20 5.25896e-25 4.26938e-31
 1.8514e-41 2.56962e-33 4.31107e-26 8.74275e-20 2.14318e-14 6.35064e-10 2.2747e-06 0.000984865 0.051544 0.326122 0.254812 0.110188 0.170705 0.0579223 0.0213145 0.00550977 0.000841732 5.2196e-05 1.02914e-06 4.97617e-09 4.87415e-12 8.40585e-16 2.32062e-20 9.56755e-26 5.59232e-32
 1.8386e-41 2.55186e-33 4.28127e-26 8.68233e-20 2.12837e-14 6.30676e-10 2.25898e-06 0.000978059 0.0511878 0.323882 0.254103 0.116699 0.167892 0.0580965 0.0219583 0.00454939 0.000613998 3.77863e-05 6.89673e-07 2.85114e-09 2.23797e-12 2.94917e-16 6.00323e-21 1.78219e-26 7.41274e-33
 1.85806e-41 2.57886e-33 4.32658e-26 8.77422e-20 2.1509e-14 6.3735e-10 2.28288e-06 0.00098841 0.0517295 0.327324 0.257746 0.121611 0.160744 0.0548056 0.0204137 0.00413583 0.000475718 2.39169e-05 3.88217e-07 1.3958e-09 9.01256e-13 9.34013e-17 1.44643e-21 3.18774e-27 9.66133e-34
 1.94234e-41 2.69584e-33 4.52283e-26 9.1722e-20 2.24846e-14 6.66259e-10 2.38643e-06 0.00103324 0.0540759 0.342181 0.269752 0.121155 0.144207 0.0474404 0.0166097 0.00319051 0.000339182 1.41619e-05 1.79391e-07 5.22551e-10 2.76068e-13 2.28623e-17 2.75105e-22 4.60425e-28 1.04109e-34
 1.93916e-41 2.69143e-33 4.51543e-26 9.1572e-20 2.24478e-14 6.65169e-10 2.38253e-06 0.00103155 0.0539875 0.341649 0.270999 0.129902 0.142799 0.043475 0.013551 0.00236901 0.00022552 8.12709e-06 8.1773e-08 1.79463e-10 7.19159e-14 4.5997e-18 4.28499e-23 5.50026e-29 9.41708e-36
 1.9825e-41 2.75158e-33 4.61635e-26 9.36187e-20 2.29495e-14 6.80036e-10 2.43578e-06 0.00105461 0.0551942 0.349309 0.277987 0.131486 0.131724 0.0397923 0.011564 0.00174202 0.000140696 4.24974e-06 3.45446e-08 5.82285e-11 1.72364e-14 8.05624e-19 5.5267e-24 5.2787e-30 6.76143e-37
 1.90994e-41 2.65087e-33 4.44738e-26 9.01919e-20 2.21095e-14 6.55145e-10 2.34662e-06 0.00101601 0.053174 0.336585 0.271278 0.147204 0.138588 0.0399197 0.0106634 0.0014689 9.88967e-05 2.37512e-06 1.5158e-08 1.96819e-11 4.37617e-15 1.50039e-19 7.43542e-25 5.10418e-31 4.70992e-38
 1.96734e-41 2.73053e-33 4.58104e-26 9.29025e-20 2.27739e-14 6.74834e-10 2.41714e-06 0.00104654 0.0547722 0.346733 0.280142 0.144975 0.124572 0.0371193 0.00941892 0.00115155 6.603e-05 1.26122e-06 6.09332e-09 5.92137e-12 9.80328e-16 2.48137e-20 8.98285e-26 4.45882e-32 2.95129e-39
 1.94459e-41 2.69897e-33 4.52808e-26 9.18285e-20 2.25107e-14 6.67032e-10 2.3892e-06 0.00103444 0.0541392 0.342805 0.280197 0.15527 0.123316 0.0342638 0.00800359 0.000921898 4.50883e-05 6.88962e-07 2.53486e-09 1.81182e-12 2.17951e-16 4.00393e-21 1.05194e-26 3.78268e-33 1.80793e-40
 1.87762e-41 2.60601e-33 4.37212e-26 8.86657e-20 2.17354e-14 6.44058e-10 2.30691e-06 0.000998814 0.0522749 0.331124 0.275459 0.169378 0.126815 0.0355438 0.00760123 0.000770902 3.27494e-05 4.07901e-07 1.15035e-09 6.09252e-13 5.31529e-17 6.99911e-22 1.31312e-27 3.37329e-34 1.15348e-41
 1.79459e-41 2.49077e-33 4.17878e-26 8.47449e-20 2.07742e-14 6.15578e-10 2.2049e-06 0.000954646 0.0499638 0.316654 0.269438 0.184365 0.131448 0.0385327 0.00789084 0.000724629 2.57393e-05 2.59546e-07 5.71031e-10 2.26776e-13 1.44635e-17 1.37262e-22 1.83974e-28 3.35851e-35 8.14062e-43
 1.82594e-41 2.53429e-33 4.2518e-26 8.62256e-20 2.11372e-14 6.26333e-10 2.24342e-06 0.000971326 0.0508373 0.322298 0.276129 0.182192 0.121973 0.0374593 0.00747138 0.000646451 1.96871e-05 1.58484e-07 2.68588e-10 8.05675e-14 3.8067e-18 2.63132e-23 2.53885e-29 3.31221e-36 5.71101e-44
 1.82602e-41 2.53439e-33 4.25196e-26 8.6229e-20 2.1138e-14 6.26358e-10 2.24351e-06 0.000971364 0.0508393 0.322311 0.276145 0.182463 0.122943 0.0368512 0.00691161 0.000547396 1.47232e-05 1.01545e-07 1.44082e-10 3.56344e-14 1.37461e-18 7.70681e-24 6.00354e-30 6.30264e-37 8.72396e-45
#pred catch len freq
 2.56678e-27 2.59811e-27 4.1794e-26 8.27687e-20 2.02897e-14 6.01221e-10 2.15347e-06 0.000932372 0.048797 0.308703 0.236306 0.0368606 0.114549 0.105874 0.0279775 0.0375655 0.017711 0.0157771 0.0107189 0.00883926 0.00739361 0.00671356 0.00699697 0.00633535 0.00194711
 2.56907e-27 2.60395e-27 4.64501e-26 9.25891e-20 2.26971e-14 6.72556e-10 2.40898e-06 0.001043 0.0545867 0.345331 0.264324 0.03997 0.11853 0.109136 0.0214266 0.0215145 0.00838272 0.00533221 0.00298306 0.00208733 0.00152399 0.00123143 0.00116501 0.00106979 0.000361825
 2.56904e-27 2.60379e-27 4.62057e-26 9.2073e-20 2.25706e-14 6.68807e-10 2.39555e-06 0.00103718 0.0542825 0.343406 0.26287 0.0409882 0.1273 0.117151 0.02151 0.019608 0.00658642 0.00267816 0.00109719 0.000554963 0.00031982 0.000216772 0.000178175 0.000157433 5.55103e-05
 2.5688e-27 2.60315e-27 4.56339e-26 9.08668e-20 2.22749e-14 6.60045e-10 2.36417e-06 0.0010236 0.0535713 0.338907 0.259438 0.0411924 0.131265 0.120827 0.0224828 0.0208905 0.00680884 0.00240072 0.000757296 0.000239147 8.90907e-05 4.40571e-05 2.90316e-05 2.31693e-05 8.1863e-06
 2.57159e-27 2.61071e-27 5.23204e-26 1.04972e-19 2.57327e-14 7.62507e-10 2.73117e-06 0.00118249 0.0618874 0.391516 0.299579 0.0392325 0.0881484 0.0810367 0.0153975 0.0147407 0.00483427 0.00174312 0.000520602 0.000132909 3.00184e-05 8.43016e-06 3.70042e-06 2.41528e-06 8.21334e-07
 2.56857e-27 2.60242e-27 4.49012e-26 8.93208e-20 2.18959e-14 6.48815e-10 2.32395e-06 0.00100618 0.0526598 0.333141 0.25505 0.0421481 0.141621 0.130214 0.0210809 0.0153262 0.00506398 0.00192156 0.000582449 0.000148452 2.82212e-05 4.66233e-06 9.89105e-07 4.24826e-07 1.30781e-07
 2.56787e-27 2.60063e-27 4.34187e-26 8.61938e-20 2.11294e-14 6.26101e-10 2.24259e-06 0.000970955 0.0508163 0.321478 0.246138 0.0417169 0.144601 0.133185 0.0256161 0.0249048 0.00770623 0.00205532 0.000610593 0.000162416 3.11075e-05 4.40353e-06 4.82365e-07 8.89075e-08 2.13424e-08
 2.57046e-27 2.6077e-27 4.96841e-26 9.94112e-20 2.43694e-14 7.2211e-10 2.58648e-06 0.00111985 0.0586087 0.370775 0.283749 0.0397595 0.103281 0.0950562 0.0188782 0.0191628 0.00637252 0.00241553 0.000658579 0.000131808 2.52419e-05 3.6285e-06 3.23935e-07 2.3531e-08 2.91417e-09
 2.56974e-27 2.60564e-27 4.77695e-26 9.53717e-20 2.33792e-14 6.92768e-10 2.48138e-06 0.00107434 0.0562272 0.355709 0.272266 0.0411058 0.121594 0.111774 0.0185542 0.0142089 0.00477324 0.00192855 0.000600608 0.000154253 2.41568e-05 3.04998e-06 2.71048e-07 1.34387e-08 5.83215e-10
 2.56972e-27 2.60562e-27 4.7782e-26 9.53983e-20 2.33858e-14 6.92962e-10 2.48207e-06 0.00107464 0.0562429 0.355808 0.272338 0.0408422 0.119537 0.109953 0.0196261 0.0170919 0.00533605 0.00151874 0.000467789 0.000131782 2.58012e-05 3.20461e-06 2.39136e-07 1.09598e-08 2.52035e-10
 2.57019e-27 2.60686e-27 4.88704e-26 9.76943e-20 2.39486e-14 7.0964e-10 2.54181e-06 0.00110051 0.0575965 0.364371 0.278873 0.0406305 0.113334 0.104198 0.0180445 0.0149407 0.00479289 0.00157092 0.000430381 9.18377e-05 1.86718e-05 2.77267e-06 2.19711e-07 8.64455e-09 1.63921e-10
 2.57053e-27 2.60781e-27 4.96982e-26 9.94407e-20 2.43767e-14 7.22325e-10 2.58725e-06 0.00112018 0.0586261 0.370885 0.283844 0.0404248 0.108277 0.0995237 0.017085 0.0139244 0.00441614 0.00137208 0.000392627 9.01758e-05 1.45918e-05 1.98064e-06 1.82141e-07 7.67693e-09 1.27868e-10
 2.57055e-27 2.60783e-27 4.97027e-26 9.945e-20 2.4379e-14 7.22392e-10 2.58749e-06 0.00112028 0.0586316 0.370919 0.283873 0.040593 0.109537 0.100648 0.0165939 0.0125183 0.00394587 0.00119395 0.000333922 7.45172e-05 1.28681e-05 1.555e-06 1.24536e-07 5.84235e-09 1.03182e-10
 2.56986e-27 2.60594e-27 4.80303e-26 9.5922e-20 2.35141e-14 6.96765e-10 2.4957e-06 0.00108054 0.0565516 0.357761 0.273833 0.0410807 0.120302 0.110588 0.0184578 0.0142643 0.00442873 0.00122691 0.000336325 7.29576e-05 1.22077e-05 1.50792e-06 1.12611e-07 4.67352e-09 8.84082e-11
 2.56898e-27 2.60356e-27 4.59219e-26 9.14741e-20 2.24238e-14 6.64456e-10 2.37997e-06 0.00103044 0.0539293 0.341172 0.261176 0.0417016 0.13392 0.123156 0.0207142 0.0162483 0.00505968 0.00142211 0.00037948 7.61677e-05 1.23413e-05 1.47604e-06 1.09991e-07 4.29152e-09 7.38412e-11
 2.56947e-27 2.60492e-27 4.71541e-26 9.40735e-20 2.3061e-14 6.83338e-10 2.4476e-06 0.00105972 0.0554619 0.350867 0.268569 0.0411053 0.124187 0.114227 0.0200881 0.0170699 0.00533569 0.00152156 0.000408684 8.22728e-05 1.25729e-05 1.41747e-06 1.02e-07 3.91673e-09 6.34475e-11
 2.57012e-27 2.60666e-27 4.86707e-26 9.72729e-20 2.38453e-14 7.06579e-10 2.53085e-06 0.00109576 0.0573481 0.3628 0.277677 0.0408695 0.115994 0.106613 0.017762 0.0136836 0.00434158 0.00135518 0.000369692 7.54284e-05 1.15969e-05 1.26088e-06 8.46981e-08 3.12119e-09 4.92926e-11
 2.56999e-27 2.6063e-27 4.83325e-26 9.65594e-20 2.36704e-14 7.01396e-10 2.51228e-06 0.00108772 0.0569275 0.360139 0.275649 0.0410877 0.119079 0.109436 0.0178374 0.0131386 0.00408018 0.00113836 0.000315653 6.95508e-05 1.0917e-05 1.19786e-06 7.8272e-08 2.70006e-09 4.07174e-11
 2.5701e-27 2.6066e-27 4.86037e-26 9.71315e-20 2.38106e-14 7.05551e-10 2.52716e-06 0.00109417 0.0572647 0.362272 0.277276 0.0409526 0.116908 0.107447 0.0177494 0.0134367 0.00414018 0.00109598 0.000290674 5.8865e-05 9.68933e-06 1.11752e-06 7.39345e-08 2.48808e-09 3.53211e-11
 2.5708e-27 2.60849e-27 5.0274e-26 1.00655e-19 2.46744e-14 7.31147e-10 2.61884e-06 0.00113386 0.0593421 0.375414 0.287303 0.0404908 0.106349 0.0976938 0.0158497 0.0115596 0.00357572 0.000972875 0.000254943 4.8797e-05 7.4426e-06 8.49746e-07 5.94773e-08 2.03883e-09 2.82867e-11
 2.57091e-27 2.60876e-27 5.04918e-26 1.01115e-19 2.4787e-14 7.34484e-10 2.6308e-06 0.00113904 0.059613 0.377128 0.288614 0.0406441 0.106594 0.0978698 0.0149739 0.00951508 0.00291115 0.000752772 0.000197473 3.84745e-05 5.65924e-06 5.99378e-07 4.0538e-08 1.45156e-09 2.05892e-11
 2.571e-27 2.60901e-27 5.07159e-26 1.01587e-19 2.49029e-14 7.37917e-10 2.64309e-06 0.00114436 0.0598916 0.378891 0.289959 0.0405446 0.104892 0.0963104 0.0148908 0.00971419 0.00291134 0.000648711 0.000163744 3.06255e-05 4.538e-06 4.73316e-07 2.98269e-08 1.02544e-09 1.4975e-11
 2.57126e-27 2.60972e-27 5.13418e-26 1.02908e-19 2.52266e-14 7.47509e-10 2.67745e-06 0.00115923 0.0606701 0.383816 0.293716 0.0403403 0.100698 0.0924428 0.0142693 0.00927106 0.00278972 0.000639786 0.000155917 2.55358e-05 3.5863e-06 3.67597e-07 2.29025e-08 7.40362e-10 1.03773e-11
 2.57146e-27 2.61026e-27 5.18193e-26 1.03915e-19 2.54735e-14 7.54826e-10 2.70366e-06 0.00117058 0.061264 0.387573 0.296584 0.0402501 0.0979968 0.089938 0.0135981 0.00837053 0.00251345 0.000572646 0.000140449 2.33065e-05 3.00115e-06 2.77537e-07 1.67066e-08 5.30561e-10 7.05335e-12
 2.5714e-27 2.6101e-27 5.16564e-26 1.03571e-19 2.53893e-14 7.5233e-10 2.69472e-06 0.00116671 0.0610614 0.386291 0.295607 0.0404057 0.0998669 0.0916393 0.0134566 0.0076183 0.00226329 0.000482099 0.000116647 1.92736e-05 2.5059e-06 2.21464e-07 1.19111e-08 3.58527e-10 4.64736e-12
 2.57163e-27 2.6107e-27 5.21919e-26 1.04701e-19 2.56662e-14 7.60535e-10 2.72411e-06 0.00117943 0.0617274 0.390504 0.298822 0.0402331 0.0962953 0.0883473 0.0129442 0.0072768 0.00213815 0.000415459 9.7141e-05 1.51212e-05 1.93696e-06 1.7145e-07 8.93416e-09 2.42881e-10 2.9451e-12
 2.57135e-27 2.60993e-27 5.15082e-26 1.03259e-19 2.53126e-14 7.50058e-10 2.68658e-06 0.00116319 0.060877 0.385124 0.294718 0.0404831 0.101081 0.0927526 0.0135354 0.0075159 0.00220691 0.000427011 9.76963e-05 1.39644e-05 1.6909e-06 1.43534e-07 7.43039e-09 1.96064e-10 2.17482e-12
 2.57141e-27 2.61011e-27 5.16652e-26 1.0359e-19 2.53938e-14 7.52464e-10 2.6952e-06 0.00116692 0.0610723 0.38636 0.29566 0.0404297 0.100012 0.0917682 0.0133916 0.00743551 0.00217844 0.000413137 9.40455e-05 1.33085e-05 1.52779e-06 1.19553e-07 5.8654e-09 1.51943e-10 1.63424e-12
 2.57231e-27 2.61256e-27 5.38473e-26 1.08193e-19 2.65223e-14 7.85902e-10 2.81497e-06 0.00121877 0.0637863 0.403529 0.308758 0.0396574 0.0849326 0.0778805 0.0114289 0.00645614 0.00189346 0.000361016 8.19242e-05 1.13905e-05 1.29569e-06 9.77498e-08 4.41698e-09 1.07289e-10 1.1216e-12
#obs catch len freq
 1.75861e-41 2.44083e-33 4.095e-26 8.30458e-20 2.03577e-14 6.03236e-10 2.16069e-06 0.000935505 0.0489606 0.309739 0.237249 0.0441039 0.153127 0.129709 0.0364074 0.0279218 0.00852385 0.00271141 0.000541035 6.45389e-05 3.37412e-06 5.65191e-08 2.25076e-10 1.70423e-13 2.11894e-17
 1.77792e-41 2.46764e-33 4.13998e-26 8.39579e-20 2.05813e-14 6.09861e-10 2.18442e-06 0.00094578 0.0494984 0.313141 0.239905 0.0460002 0.15515 0.124353 0.0354113 0.0254944 0.00745321 0.00220093 0.000399912 4.16796e-05 1.79842e-06 2.34039e-08 6.94118e-11 3.82088e-14 3.40588e-18
 2.18538e-41 3.03316e-33 5.08876e-26 1.03199e-19 2.5298e-14 7.49626e-10 2.68504e-06 0.00116253 0.0608422 0.384905 0.294659 0.0433167 0.0985623 0.0744802 0.0218246 0.0147629 0.00414582 0.00113329 0.00018591 1.66907e-05 5.90151e-07 5.96698e-09 1.318e-11 5.26442e-15 3.35791e-19
 1.73781e-41 2.41196e-33 4.04656e-26 8.20635e-20 2.01169e-14 5.96101e-10 2.13514e-06 0.00092444 0.0483815 0.306077 0.234738 0.0537835 0.183884 0.129041 0.0255866 0.0130093 0.0035336 0.000896266 0.000132311 1.01282e-05 2.89831e-07 2.26516e-09 3.73142e-12 1.08404e-15 4.95202e-20
 2.1087e-41 2.92674e-33 4.91022e-26 9.95782e-20 2.44104e-14 7.23325e-10 2.59083e-06 0.00112174 0.0587075 0.371401 0.284492 0.0474295 0.113299 0.0765641 0.0274097 0.0160251 0.00292085 0.000549781 7.24898e-05 4.71093e-06 1.08115e-07 6.4762e-10 7.931e-13 1.67837e-16 5.50827e-21
 2.388e-41 3.31439e-33 5.56057e-26 1.12767e-19 2.76436e-14 8.1913e-10 2.93399e-06 0.00127032 0.0664833 0.420593 0.322011 0.0453767 0.0780463 0.0480997 0.0109312 0.00538267 0.00150281 0.000275689 2.38057e-05 1.2135e-06 2.2189e-08 1.01317e-10 9.1787e-14 1.41166e-17 3.33034e-22
 1.35586e-41 1.88184e-33 3.15717e-26 6.40268e-20 1.56954e-14 4.65084e-10 1.66586e-06 0.000721258 0.0377478 0.238808 0.184155 0.075627 0.271051 0.154422 0.0260055 0.00938678 0.00172571 0.000317194 3.05126e-05 1.08602e-06 1.39635e-08 4.76586e-11 3.18448e-14 3.55097e-18 6.01143e-23
 2.24177e-41 3.11143e-33 5.22007e-26 1.05862e-19 2.59508e-14 7.6897e-10 2.75432e-06 0.00119253 0.0624121 0.394838 0.302508 0.0481701 0.0870191 0.0525842 0.0336319 0.0154185 0.0019784 0.000226093 1.73559e-05 5.96647e-07 5.67653e-09 1.30193e-11 6.13963e-15 4.92283e-19 5.9719e-24
 2.0179e-41 2.80072e-33 4.69878e-26 9.52904e-20 2.33593e-14 6.92179e-10 2.47927e-06 0.00107344 0.0561796 0.355412 0.27296 0.0634982 0.151634 0.075156 0.014857 0.00664215 0.00228854 0.000283961 1.30146e-05 3.11551e-07 2.47543e-09 4.29044e-12 1.37065e-15 7.44025e-20 6.28396e-25
 2.06263e-41 2.8628e-33 4.80293e-26 9.74025e-20 2.38771e-14 7.07522e-10 2.53423e-06 0.00109723 0.0574248 0.36329 0.279073 0.0637071 0.138619 0.0668453 0.0214071 0.00723447 0.00109258 0.000194132 1.27771e-05 2.12146e-07 1.06939e-09 1.3753e-12 3.30663e-16 1.26709e-20 7.25304e-26
 2.01987e-41 2.80345e-33 4.70337e-26 9.53834e-20 2.33821e-14 6.92855e-10 2.48169e-06 0.00107449 0.0562344 0.355761 0.273654 0.0695012 0.148636 0.0665845 0.020363 0.00684955 0.00120677 0.000123862 7.39908e-06 1.51629e-07 6.23622e-10 5.11751e-13 8.26546e-17 2.28005e-21 9.44806e-27
 2.14221e-41 2.97325e-33 4.98825e-26 1.01161e-19 2.47984e-14 7.3482e-10 2.63201e-06 0.00113957 0.0596405 0.37731 0.290147 0.0677227 0.126352 0.0536191 0.0176875 0.00539085 0.000894554 9.06904e-05 3.87109e-06 6.13966e-08 2.52882e-10 1.83232e-13 2.09476e-17 3.77173e-22 1.04755e-27
 2.09578e-41 2.9088e-33 4.88012e-26 9.89679e-20 2.42608e-14 7.18892e-10 2.57496e-06 0.00111487 0.0583477 0.369135 0.284388 0.0751501 0.138182 0.0535532 0.0151721 0.00421184 0.000679006 6.14906e-05 2.32081e-06 2.73757e-08 8.16698e-11 4.97816e-14 4.94769e-18 7.07844e-23 1.40236e-28
 2.0496e-41 2.84471e-33 4.7726e-26 9.67873e-20 2.37263e-14 7.03052e-10 2.51822e-06 0.0010903 0.0570621 0.361006 0.278709 0.0817771 0.144966 0.0539028 0.016818 0.00407214 0.000549044 4.41718e-05 1.43672e-06 1.38435e-08 3.07361e-11 1.32106e-14 9.74586e-19 1.10587e-23 1.76718e-29
 1.92725e-41 2.67489e-33 4.48768e-26 9.10092e-20 2.23098e-14 6.61082e-10 2.36789e-06 0.00102521 0.0536556 0.339463 0.263198 0.0939876 0.164731 0.0590432 0.0197023 0.00456379 0.000588837 3.8429e-05 1.01436e-06 7.92009e-09 1.37041e-11 4.36906e-15 2.28518e-19 1.82107e-24 2.09773e-30
 1.75187e-41 2.43148e-33 4.07931e-26 8.27276e-20 2.02797e-14 6.00924e-10 2.15241e-06 0.000931921 0.048773 0.308586 0.240964 0.109903 0.189456 0.0685183 0.0262129 0.00586255 0.000744899 4.38402e-05 9.2709e-07 5.51585e-09 7.29886e-12 1.75812e-15 6.79246e-20 3.90021e-25 3.17076e-31
 1.97772e-41 2.74495e-33 4.60522e-26 9.33929e-20 2.28942e-14 6.78396e-10 2.4299e-06 0.00105206 0.0550609 0.348365 0.27092 0.0973028 0.143168 0.0542833 0.0236744 0.00542674 0.00070587 3.85689e-05 7.00459e-07 3.25023e-09 3.17393e-12 5.60261e-16 1.59037e-20 6.6822e-26 3.9397e-32
 1.91329e-41 2.65551e-33 4.45518e-26 9.03501e-20 2.21483e-14 6.56293e-10 2.35074e-06 0.00101779 0.053267 0.337032 0.263801 0.112388 0.158022 0.0513092 0.0181671 0.00436501 0.000596303 3.16469e-05 5.09889e-07 1.93994e-09 1.45247e-12 1.87597e-16 3.8225e-21 1.15124e-26 4.88085e-33
 1.90213e-41 2.64003e-33 4.42919e-26 8.98231e-20 2.20191e-14 6.52465e-10 2.33702e-06 0.00101185 0.0529563 0.335082 0.263414 0.118657 0.154849 0.0516487 0.018398 0.00352656 0.000430634 2.24959e-05 3.31519e-07 1.06784e-09 6.36351e-13 6.25289e-17 9.37172e-22 2.03015e-27 6.12102e-34
 1.92218e-41 2.66786e-33 4.47589e-26 9.07702e-20 2.22512e-14 6.59345e-10 2.36167e-06 0.00102252 0.0535147 0.338633 0.26722 0.12309 0.147469 0.0485987 0.0169526 0.00315944 0.000323354 1.3861e-05 1.80841e-07 5.02021e-10 2.44394e-13 1.87983e-17 2.13722e-22 3.43118e-28 7.53235e-35
 2.00418e-41 2.78167e-33 4.66682e-26 9.46422e-20 2.32004e-14 6.87471e-10 2.46241e-06 0.00106614 0.0557976 0.353091 0.27893 0.121835 0.131288 0.0417433 0.0136126 0.00240166 0.000224652 7.88809e-06 8.01486e-08 1.79811e-10 7.12475e-14 4.35903e-18 3.83845e-23 4.66995e-29 7.63862e-36
 2.00147e-41 2.77791e-33 4.66053e-26 9.45146e-20 2.31691e-14 6.86544e-10 2.45909e-06 0.0010647 0.0557224 0.352648 0.280373 0.130062 0.129324 0.0379261 0.0109718 0.00175551 0.000146127 4.38033e-06 3.50022e-08 5.89453e-11 1.76815e-14 8.33054e-19 5.66176e-24 5.27024e-30 6.51634e-37
 2.04342e-41 2.83613e-33 4.7582e-26 9.64954e-20 2.36547e-14 7.00932e-10 2.51063e-06 0.00108701 0.0568903 0.360067 0.28722 0.130969 0.118683 0.0345154 0.0092122 0.00126293 8.87355e-05 2.2134e-06 1.41755e-08 1.82211e-11 4.02462e-15 1.38329e-19 6.91035e-25 4.7759e-31 4.40841e-38
 1.97434e-41 2.74026e-33 4.59735e-26 9.32333e-20 2.28551e-14 6.77237e-10 2.42575e-06 0.00105027 0.0549672 0.347969 0.281237 0.146204 0.124588 0.0344536 0.00842069 0.00104604 6.06292e-05 1.19559e-06 5.98031e-09 5.89299e-12 9.7418e-16 2.45085e-20 8.8339e-26 4.38358e-32 2.91126e-39
 2.02981e-41 2.81725e-33 4.72652e-26 9.58528e-20 2.34972e-14 6.96264e-10 2.49391e-06 0.00107978 0.0565117 0.357784 0.289843 0.143227 0.111533 0.0318508 0.00732602 0.000802614 3.92437e-05 6.09632e-07 2.29724e-09 1.68872e-12 2.07294e-16 3.84188e-21 1.01014e-26 3.62156e-33 1.72452e-40
 2.00787e-41 2.78679e-33 4.67542e-26 9.48166e-20 2.32432e-14 6.88738e-10 2.46695e-06 0.0010681 0.0559011 0.354012 0.290202 0.152809 0.109999 0.0291735 0.00617535 0.000630872 2.60357e-05 3.20911e-07 9.15157e-10 4.93102e-13 4.38906e-17 5.89399e-22 1.12305e-27 2.9136e-34 1.00104e-41
 1.94349e-41 2.69744e-33 4.52552e-26 9.17766e-20 2.2498e-14 6.66656e-10 2.38785e-06 0.00103386 0.0541093 0.34281 0.286118 0.166312 0.11316 0.0301226 0.00579408 0.000518697 1.84342e-05 1.83433e-07 3.98621e-10 1.58568e-13 1.0214e-17 9.81889e-23 1.33467e-28 2.47127e-35 6.06891e-43
 1.86344e-41 2.58634e-33 4.33911e-26 8.79964e-20 2.15713e-14 6.39196e-10 2.2895e-06 0.000991274 0.0518812 0.328896 0.280875 0.180756 0.117573 0.0325693 0.00596378 0.000478211 1.41025e-05 1.12839e-07 1.90131e-10 5.6497e-14 2.65475e-18 1.83695e-23 1.78249e-29 2.34421e-36 4.07898e-44
 1.90194e-41 2.63977e-33 4.42876e-26 8.98143e-20 2.20169e-14 6.52401e-10 2.3368e-06 0.00101175 0.0529529 0.335635 0.284287 0.172316 0.113756 0.0333602 0.00618036 0.000485712 1.3006e-05 8.94631e-08 1.26736e-10 3.13129e-14 1.20711e-18 6.76458e-24 5.26774e-30 5.52873e-37 7.65115e-45
#spawning biomass
 8164.93 9059.09 11161.2 12988 20676.6 32791.4 31766.7 37756.3 49820.9 62796.8 74973.1 103084 133760 166491 155206 135259 120035 116215 113778 114025 110885 116748 129889 144833 145850 144978 146273 134950 133097 87231 94346.6 36810.8 17253.8 12343.4 11251.6 11026.4 10982.3 10973.9 10972.4 10972.1 10972.1 10972.1 10972.1 10972.1 10972.1 10972.1 10972.1 10972.1 10972.1 10972.1 10972.1 10972.1 10972.1 10972.1 10972.1 10972.1 10972.1 10972.1 10972.1 10972.1 10972.1 10972.1 10972.1 10972.1 10972.1 10972.1 10972.1 10972.1 10972.1 10972.1 10972.1 10972.1 10972.1 10972.1 10972.1 10972.1 10972.1 10972.1 10972.1 10972.1 10972.1 10972.1 10972.1 10972.1 10972.1 10972.1 10972.1 10972.1 10972.1 10972.1 10972.1 10972.1 10972.1 10972.1 10972.1 10972.1 10972.1 10972.1 10972.1 10972.1 10972.1 10972.1 10972.1 10972.1 10972.1 10972.1 10972.1 10972.1 10972.1 10972.1 10972.1 10972.1 10972.1 10972.1 10972.1 10972.1 10972.1 10972.1 10972.1 10972.1 10972.1 10972.1 10972.1 10972.1 10972.1 10972.1 10972.1 10972.1 10972.1 0 0 0 0 0 0 0 0 0 0 0 0 0 0 0 0 0 0 0 0 0 0 0 0 0
