SBPRF35
0.237778
Curr Bio
219480
B35
234308
F35
0.902141
FOFL
0.902141
OFL
62708.7
Bzero
67936.5
#pred survey bio
 14555 14692.3 16040.5 18906.1 21879.8 24978.8 27613 34285.9 51074.4 67386 77908.8 88816.3 127047 156972 147868 116986 111463 107542 107047 105454 106980 121731 130064 129068 127787 141018 145181 168658 4.71163e+06 4.99994e+06 3.53168e+06 1.99579e+06 1.21391e+06 864442 703157 621498 575803 548230 530828 519591 512260 507456 504284 502180 500829 499958 499396 499033 498798 498646 498548 498484 498443 498416 498398 498387 498380 498375 498372 498370 498369 498368 498367 498367 498367 498367 498367 498366 498366 498366 498366 498366 498366 498366 498366 498366 498366 498366 498366 498366 498366 498366 498366 498366 498366 498366 498366 498366 498366 498366 498366 498366 498366 498366 498366 498366 498366 498366 498366 498366 498366 498366 498366 498366 498366 498366 498366 498366 498366 498366 498366 498366 498366 498366 498366 498366 498366 498366 498366 498366 498366 498366 498366 498366 498366 498366 498366 498366 0 0 0 0 0 0 0 0 0 0 0 0 0 0 0 0 0 0 0 0 0 0 0 0 0
#obs survey bio
 12000.1 12747.5 12433.6 23377 17085.8 22211.1 16974.5 48759.7 76339 78264.5 50854.1 92338.6 97820 119654 96104.2 86288.4 92204.9 82103.4 95010.6 88341.9 56726.6 98253.1 122598 114504 98824 101696 118064 169698
#pred catch bio
 6852.46 7213.77 7527.98 9851.3 11776 14110.5 16116.1 17913 28894.3 40612.1 52724.2 53926.3 79038.3 105802 111914 86853 83954.2 79336.4 81702.3 82183.9 79221 92687.7 102487 105274 100577 113585 109747 109986 62708.7 99282.5 71517.7 33408.6 16540.5 10627.9 8729.97 8151.88 7982.07 7933.49 7919.85 7916.08 7915.05 7914.77 7914.7 7914.68 7914.67 7914.67 7914.67 7914.67 7914.67 7914.67 7914.67 7914.67 7914.67 7914.67 7914.67 7914.67 7914.67 7914.67 7914.67 7914.67 7914.67 7914.67 7914.67 7914.67 7914.67 7914.67 7914.67 7914.67 7914.67 7914.67 7914.67 7914.67 7914.67 7914.67 7914.67 7914.67 7914.67 7914.67 7914.67 7914.67 7914.67 7914.67 7914.67 7914.67 7914.67 7914.67 7914.67 7914.67 7914.67 7914.67 7914.67 7914.67 7914.67 7914.67 7914.67 7914.67 7914.67 7914.67 7914.67 7914.67 7914.67 7914.67 7914.67 7914.67 7914.67 7914.67 7914.67 7914.67 7914.67 7914.67 7914.67 7914.67 7914.67 7914.67 7914.67 7914.67 7914.67 7914.67 7914.67 7914.67 7914.67 7914.67 7914.67 7914.67 7914.67 7914.67 7914.67 7914.67 0 0 0 0 0 0 0 0 0 0 0 0 0 0 0 0 0 0 0 0 0 0 0 0 0
#obs catch bio
 7216.11 7269.29 7567.22 9945.5 11761.6 13972.8 16381.7 17507.9 27948.3 38768.5 51648.4 52913.5 75484.5 103648 111088 87620.9 83876.3 77829.6 79349.1 81605.7 77844.3 90662.9 97877.8 99802.1 96251.3 111847 106200 108023
#pred cpue bio
 9970.07 9601.54 9967.18 11646.6 12882.4 14690.1 16076.7 18218.6 26601.2 36134.3 43070.4 44697.7 62564.5 83012.5 84677.3 63827.2 56850.7 54804.8 54767.6 52263.8 51492.6 58541.5 62982.4 62540.3 59509.8 65397.1 68187.8 79103.4 2.45483e+06 3.99021e+06 3.3868e+06 1.89182e+06 1.09803e+06 745578 583723 501953 456235 428657 411254 400016 392685 387882 384710 382606 381255 380384 379822 379459 379224 379072 378974 378910 378868 378842 378824 378813 378806 378801 378798 378796 378794 378794 378793 378793 378793 378792 378792 378792 378792 378792 378792 378792 378792 378792 378792 378792 378792 378792 378792 378792 378792 378792 378792 378792 378792 378792 378792 378792 378792 378792 378792 378792 378792 378792 378792 378792 378792 378792 378792 378792 378792 378792 378792 378792 378792 378792 378792 378792 378792 378792 378792 378792 378792 378792 378792 378792 378792 378792 378792 378792 378792 378792 378792 378792 378792 378792 378792 378792 0 0 0 0 0 0 0 0 0 0 0 0 0 0 0 0 0 0 0 0 0 0 0 0 0
#obs cpue bio
 6778.06 9119.47 9374.76 10900.7 17573.7 19949.6 17064.8 29120 32449.6 65783.8 68403.5 66123.2 166333 115047 145050 75489.7 69332.4 104923 102347 65936.3 117398 117641 160710 167170 135144 97749.8 153637 113606
#pred surv len freq
 2.56415e-27 2.59093e-27 3.53253e-26 6.9122e-20 1.69444e-14 5.02093e-10 1.79841e-06 0.000778645 0.0407515 0.257805 0.197492 0.0400515 0.166103 0.153391 0.0354776 0.0426427 0.018224 0.0138948 0.00851864 0.00644485 0.00501386 0.00428941 0.00424972 0.00373445 0.00113606
 2.56482e-27 2.5929e-27 3.71269e-26 7.29226e-20 1.78761e-14 5.29701e-10 1.8973e-06 0.000821459 0.0429922 0.27198 0.208299 0.0389717 0.150296 0.139351 0.0431304 0.0634287 0.0214009 0.0087228 0.00390956 0.00223695 0.00142456 0.00104508 0.000916599 0.000803805 0.000267664
 2.56572e-27 2.59523e-27 3.90462e-26 7.69711e-20 1.88685e-14 5.59109e-10 2.00263e-06 0.000867064 0.045379 0.28708 0.219841 0.0397599 0.148184 0.13709 0.0370745 0.0502771 0.0188106 0.0103302 0.00326542 0.00100581 0.000426498 0.000239493 0.000173999 0.000143048 4.9261e-05
 2.56565e-27 2.59497e-27 3.87671e-26 7.63821e-20 1.87242e-14 5.5483e-10 1.98731e-06 0.000860429 0.0450317 0.284883 0.218172 0.0402503 0.153089 0.141569 0.0370321 0.0489846 0.0173719 0.00831139 0.00304456 0.00102622 0.000228099 7.13714e-05 3.6816e-05 2.60135e-05 8.85549e-06
 2.56669e-27 2.59772e-27 4.1103e-26 8.13094e-20 1.9932e-14 5.90622e-10 2.11551e-06 0.000915934 0.0479367 0.303261 0.232204 0.0402638 0.143333 0.132444 0.0332223 0.0425412 0.0146217 0.00628096 0.00209694 0.000665092 0.00016835 3.08238e-05 7.483e-06 3.78839e-06 1.20723e-06
 2.56615e-27 2.59615e-27 3.96198e-26 7.81803e-20 1.9165e-14 5.67892e-10 2.03409e-06 0.000880685 0.0460919 0.29159 0.223312 0.0414868 0.158887 0.146642 0.0329362 0.0382801 0.0128028 0.00496964 0.00155921 0.000436987 0.000100011 1.87772e-05 2.49351e-06 5.66954e-07 1.50399e-07
 2.56651e-27 2.59713e-27 4.0503e-26 8.00434e-20 1.96217e-14 5.81426e-10 2.08257e-06 0.000901673 0.0471903 0.298539 0.228612 0.0410888 0.152135 0.140469 0.0329123 0.0397468 0.0127456 0.00408101 0.00120073 0.000302308 6.13539e-05 1.02371e-05 1.22171e-06 1.17273e-07 1.79082e-08
 2.5686e-27 2.60273e-27 4.53617e-26 9.02929e-20 2.21342e-14 6.55877e-10 2.34924e-06 0.00101713 0.053233 0.336766 0.257791 0.0403953 0.126357 0.116509 0.025539 0.028953 0.00932789 0.00305612 0.000839618 0.000176226 3.18781e-05 4.6432e-06 4.8267e-07 3.25617e-08 1.99078e-09
 2.56868e-27 2.60286e-27 4.54068e-26 9.03878e-20 2.21575e-14 6.56566e-10 2.35171e-06 0.0010182 0.0532889 0.33712 0.258071 0.0410056 0.130805 0.120473 0.0237184 0.0237896 0.007564 0.00233851 0.000645089 0.000135875 2.13098e-05 2.62645e-06 2.33376e-07 1.29834e-08 4.21173e-10
 2.56777e-27 2.60035e-27 4.31488e-26 8.56243e-20 2.09898e-14 6.21964e-10 2.22777e-06 0.00096454 0.0504805 0.319354 0.24452 0.0419418 0.14745 0.135788 0.0255972 0.0241987 0.00737105 0.00176571 0.000459506 9.1258e-05 1.42796e-05 1.59988e-06 1.17166e-07 5.41543e-09 1.29707e-10
 2.5671e-27 2.59856e-27 4.15991e-26 8.23552e-20 2.01884e-14 5.98218e-10 2.14272e-06 0.000927714 0.0485532 0.307161 0.235213 0.0421421 0.155513 0.143298 0.0281959 0.028227 0.00846913 0.00179461 0.00042598 6.69298e-05 9.60133e-06 1.03801e-06 6.99446e-08 2.65395e-09 5.10275e-11
 2.56917e-27 2.60412e-27 4.64729e-26 9.26366e-20 2.27088e-14 6.72901e-10 2.41022e-06 0.00104353 0.0546147 0.345508 0.264477 0.0410806 0.126875 0.116775 0.0217772 0.0202638 0.00604045 0.00122186 0.000278545 3.77459e-05 4.47314e-06 4.03167e-07 2.54425e-08 8.80092e-10 1.38957e-11
 2.5694e-27 2.60471e-27 4.69519e-26 9.3647e-20 2.29564e-14 6.8024e-10 2.43651e-06 0.00105491 0.0552104 0.349276 0.267358 0.0413022 0.126537 0.116376 0.0201311 0.0166093 0.00492531 0.000967718 0.000217918 2.84355e-05 3.07198e-06 2.26906e-07 1.15374e-08 3.59568e-10 5.10538e-12
 2.56764e-27 2.5999e-27 4.26659e-26 8.46052e-20 2.074e-14 6.14562e-10 2.20126e-06 0.00095306 0.0498797 0.315553 0.241631 0.0428122 0.156103 0.143613 0.0240978 0.0187915 0.00545921 0.000887544 0.000190227 2.39707e-05 2.51544e-06 1.71974e-07 7.24189e-09 1.79355e-10 2.22378e-12
 2.5657e-27 2.59468e-27 3.80989e-26 7.4971e-20 1.83782e-14 5.4458e-10 1.95059e-06 0.000844533 0.0441998 0.27962 0.214208 0.0437073 0.182183 0.1678 0.0305906 0.0274997 0.00793115 0.00115458 0.000232202 2.45147e-05 2.39598e-06 1.57357e-07 6.17186e-09 1.28026e-10 1.25887e-12
 2.56718e-27 2.59873e-27 4.16961e-26 8.25596e-20 2.02385e-14 5.99702e-10 2.14803e-06 0.000930016 0.0486737 0.307923 0.235801 0.042521 0.157984 0.145492 0.027044 0.0250312 0.00725053 0.00110435 0.000220657 2.05559e-05 1.75813e-06 9.88695e-08 3.64497e-09 7.02769e-11 5.84988e-13
 2.56852e-27 2.60229e-27 4.47872e-26 8.90802e-20 2.18369e-14 6.47067e-10 2.31769e-06 0.00100347 0.052518 0.332243 0.254365 0.0421393 0.142036 0.13064 0.0219591 0.0171795 0.00497086 0.000771279 0.000155778 1.4992e-05 1.22973e-06 5.9412e-08 1.85137e-09 3.22388e-11 2.479e-13
 2.56818e-27 2.60132e-27 4.3855e-26 8.71134e-20 2.13548e-14 6.32781e-10 2.26652e-06 0.000981315 0.0513585 0.324908 0.248777 0.0429882 0.152422 0.14009 0.0212008 0.0130683 0.00368384 0.000431991 7.97873e-05 7.68561e-06 6.39522e-07 3.09143e-08 8.56148e-10 1.24811e-11 8.4345e-14
 2.56826e-27 2.60154e-27 4.40877e-26 8.76046e-20 2.14752e-14 6.36349e-10 2.27929e-06 0.000986847 0.051648 0.32674 0.25017 0.0426437 0.148822 0.136838 0.021887 0.0154466 0.00431927 0.000421742 6.9546e-05 5.28417e-06 3.96588e-07 1.9263e-08 5.37216e-10 7.21661e-12 4.11352e-14
 2.56885e-27 2.60313e-27 4.54732e-26 9.05272e-20 2.21917e-14 6.57579e-10 2.35534e-06 0.00101977 0.0533711 0.33764 0.25849 0.0424062 0.141168 0.129729 0.0197925 0.012464 0.00348924 0.000362323 6.03852e-05 3.856e-06 2.37576e-07 9.23063e-09 2.44675e-10 3.29814e-12 1.7749e-14
 2.56931e-27 2.60437e-27 4.65482e-26 9.2795e-20 2.27476e-14 6.74051e-10 2.41434e-06 0.00104532 0.0547081 0.346098 0.264947 0.0422935 0.135775 0.1247 0.0179622 0.00955766 0.00264116 0.000231447 3.54743e-05 2.3479e-06 1.4016e-07 4.38492e-09 9.14896e-11 1.08087e-12 5.73054e-15
 2.5694e-27 2.60461e-27 4.67709e-26 9.32647e-20 2.28627e-14 6.77463e-10 2.42656e-06 0.00105061 0.054985 0.34785 0.266282 0.0421147 0.133476 0.122607 0.0180982 0.0103932 0.00286883 0.000235628 3.42391e-05 1.98649e-06 1.09198e-07 3.4604e-09 6.32652e-11 5.78879e-13 2.56037e-15
 2.56916e-27 2.60395e-27 4.61664e-26 9.19895e-20 2.25501e-14 6.682e-10 2.39338e-06 0.00103624 0.0542332 0.343094 0.262656 0.0424652 0.138691 0.127378 0.0181936 0.00941092 0.00259201 0.000214934 3.12528e-05 1.70041e-06 8.50474e-08 2.34415e-09 4.10515e-11 3.4946e-13 1.23475e-15
 2.5691e-27 2.60377e-27 4.5993e-26 9.16237e-20 2.24604e-14 6.65543e-10 2.38386e-06 0.00103212 0.0540175 0.34173 0.261616 0.042602 0.140462 0.128992 0.0181132 0.00882117 0.00241195 0.000175259 2.31625e-05 1.25463e-06 6.15591e-08 1.5547e-09 2.40131e-11 1.84542e-13 6.13556e-16
 2.56984e-27 2.60579e-27 4.7782e-26 9.53977e-20 2.33856e-14 6.92957e-10 2.48206e-06 0.00107464 0.0562426 0.355806 0.272356 0.0420787 0.128934 0.118349 0.016133 0.00698693 0.00189636 0.000124326 1.48485e-05 7.1262e-07 3.09308e-08 7.6661e-10 1.12329e-11 7.67396e-14 2.26119e-16
 2.56991e-27 2.60598e-27 4.79541e-26 9.57607e-20 2.34746e-14 6.95594e-10 2.4915e-06 0.00107872 0.0564566 0.35716 0.273389 0.0420322 0.127855 0.117352 0.0159311 0.00677762 0.00183618 0.000116124 1.32955e-05 5.89786e-07 2.25441e-08 4.82833e-10 6.4932e-12 4.2621e-14 1.14385e-16
 2.5696e-27 2.60511e-27 4.71691e-26 9.41048e-20 2.30686e-14 6.83565e-10 2.44842e-06 0.00106007 0.0554803 0.350983 0.268679 0.0424088 0.13403 0.123015 0.016317 0.00623247 0.00167939 0.00010091 1.08869e-05 4.65194e-07 1.66037e-08 3.18478e-10 3.70159e-12 2.12287e-14 5.35884e-17
 2.56982e-27 2.60574e-27 4.77617e-26 9.5355e-20 2.33751e-14 6.92647e-10 2.48095e-06 0.00107415 0.0562174 0.355647 0.272232 0.0419051 0.127701 0.117256 0.0167557 0.00867925 0.00236459 0.000148824 1.68847e-05 7.05388e-07 2.40679e-08 4.38641e-10 4.6741e-12 2.32802e-14 5.06883e-17
#obs surv len freq
 1.24779e-41 1.73185e-33 2.90554e-26 5.89237e-20 1.44445e-14 4.28016e-10 1.53308e-06 0.000663772 0.0347392 0.219771 0.168547 0.0417125 0.170173 0.142493 0.0894265 0.0846687 0.0332454 0.0119087 0.00237607 0.00026208 1.17807e-05 1.58798e-07 4.85918e-10 2.74847e-13 2.50873e-17
 1.55847e-41 2.16305e-33 3.62897e-26 7.35948e-20 1.80409e-14 5.34585e-10 1.9148e-06 0.000829041 0.0433887 0.27449 0.210364 0.0426092 0.14186 0.113078 0.0742578 0.0648708 0.0246271 0.00804975 0.00143348 0.000134525 4.91368e-06 5.11279e-08 1.15955e-10 4.74432e-14 3.09166e-18
 1.29023e-41 1.79076e-33 3.00437e-26 6.09281e-20 1.49358e-14 4.42575e-10 1.58523e-06 0.000686351 0.0359209 0.227247 0.174531 0.0517423 0.204118 0.150061 0.07335 0.055496 0.0199756 0.00587341 0.000922225 7.25822e-05 2.11721e-06 1.68762e-08 2.83679e-11 8.40373e-15 3.90973e-19
 1.55829e-41 2.1628e-33 3.62855e-26 7.35863e-20 1.80388e-14 5.34523e-10 1.91457e-06 0.000828945 0.0433837 0.274459 0.210513 0.0473599 0.149593 0.109497 0.0848653 0.0596537 0.0156153 0.00369589 0.000500344 3.25579e-05 7.4812e-07 4.51237e-09 5.58972e-12 1.19904e-15 3.9904e-20
 1.54165e-41 2.13971e-33 3.58981e-26 7.28006e-20 1.78462e-14 5.28816e-10 1.89413e-06 0.000820093 0.0429204 0.271529 0.20852 0.0553912 0.180181 0.118758 0.0635247 0.0413096 0.0139149 0.00284653 0.000269001 1.35404e-05 2.40961e-07 1.08802e-09 9.84893e-13 1.52227e-16 3.61965e-21
 1.3478e-41 1.87065e-33 3.13841e-26 6.36463e-20 1.56022e-14 4.6232e-10 1.65596e-06 0.000716972 0.0375234 0.237387 0.182693 0.0611654 0.205223 0.131069 0.0837948 0.0469021 0.0111575 0.00215898 0.000199363 7.10723e-06 8.8822e-08 2.92778e-10 1.91982e-13 2.12531e-17 3.59476e-22
 1.56297e-41 2.1693e-33 3.63946e-26 7.38074e-20 1.8093e-14 5.36129e-10 1.92033e-06 0.000831436 0.043514 0.275286 0.211603 0.058048 0.165516 0.105026 0.0835068 0.0442116 0.0107274 0.00161164 0.000113994 3.53436e-06 3.20985e-08 7.11729e-11 3.24283e-14 2.53731e-18 3.03548e-23
 1.73197e-41 2.40386e-33 4.03297e-26 8.17879e-20 2.00493e-14 5.94098e-10 2.12796e-06 0.000921335 0.048219 0.305051 0.234535 0.0627678 0.163179 0.0926697 0.0565599 0.027714 0.00729265 0.0010274 5.93244e-05 1.33494e-06 9.33087e-09 1.50634e-11 4.62644e-15 2.43397e-19 2.00187e-24
 1.65312e-41 2.29443e-33 3.84938e-26 7.80646e-20 1.91366e-14 5.67053e-10 2.03109e-06 0.000879392 0.0460239 0.291167 0.22434 0.0712746 0.185009 0.0982129 0.0554679 0.0225281 0.00448806 0.000575684 3.13263e-05 5.65773e-07 2.82161e-09 3.2591e-12 7.18927e-16 2.61752e-20 1.44981e-25
 1.53188e-41 2.12615e-33 3.56707e-26 7.23394e-20 1.77331e-14 5.25465e-10 1.88213e-06 0.000814898 0.0426485 0.269816 0.208474 0.0784696 0.199632 0.10484 0.0669484 0.0240217 0.00394248 0.000375143 1.57719e-05 2.4323e-07 9.59632e-10 7.92404e-13 1.21152e-16 3.08571e-21 1.19779e-26
 1.46559e-41 2.03415e-33 3.4127e-26 6.9209e-20 1.69658e-14 5.02727e-10 1.80068e-06 0.000779634 0.040803 0.258143 0.199994 0.0840965 0.203581 0.107412 0.0754173 0.025326 0.00411476 0.00032012 9.61069e-06 1.05275e-07 3.18812e-10 2.02755e-13 2.25774e-17 4.00955e-22 1.0715e-27
 1.88339e-41 2.61403e-33 4.38557e-26 8.89385e-20 2.18022e-14 6.4604e-10 2.31401e-06 0.00100189 0.0524348 0.331728 0.255803 0.0729779 0.140735 0.0736055 0.052459 0.0164389 0.00262546 0.000184355 4.58808e-06 3.55956e-08 7.26986e-11 3.26706e-14 2.67515e-18 3.48552e-23 6.66927e-29
 1.57033e-41 2.17952e-33 3.65659e-26 7.4155e-20 1.81782e-14 5.38654e-10 1.92937e-06 0.000835351 0.043719 0.2766 0.215411 0.102339 0.213935 0.0901843 0.0428682 0.0121366 0.00184851 0.00011789 2.59556e-06 1.62519e-08 2.39192e-11 7.20562e-15 3.96101e-19 3.58349e-24 4.88932e-30
 1.27249e-41 1.76614e-33 2.96306e-26 6.00903e-20 1.47304e-14 4.3649e-10 1.56343e-06 0.000676913 0.035427 0.224152 0.176459 0.113805 0.233588 0.119322 0.077819 0.0169358 0.00171908 9.18004e-05 1.76369e-06 9.26419e-09 1.08006e-11 2.39633e-15 9.10792e-20 5.51829e-25 5.04336e-31
 1.14705e-41 1.59203e-33 2.67095e-26 5.41664e-20 1.32783e-14 3.93459e-10 1.40931e-06 0.000610181 0.0319345 0.202066 0.160357 0.117451 0.227424 0.135341 0.0980689 0.0238632 0.00277477 0.00010635 1.41014e-06 5.84526e-09 5.45428e-12 9.40297e-16 2.67372e-20 1.16512e-25 7.40533e-32
 1.55931e-41 2.16422e-33 3.63092e-26 7.36344e-20 1.80506e-14 5.34873e-10 1.91583e-06 0.000829487 0.0434121 0.274675 0.215099 0.100687 0.165247 0.104259 0.0740499 0.019204 0.00243638 9.85296e-05 1.131e-06 3.19936e-09 2.09224e-12 2.70087e-16 5.81904e-21 1.89797e-26 8.86888e-33
 1.40888e-41 1.95544e-33 3.28065e-26 6.65309e-20 1.63093e-14 4.83273e-10 1.73101e-06 0.000749466 0.0392241 0.24821 0.197934 0.136181 0.21549 0.0968306 0.0510514 0.012692 0.00156924 6.46858e-05 7.40584e-07 1.86692e-09 9.11176e-13 7.99037e-17 1.18943e-21 2.78677e-27 9.53385e-34
 1.46354e-41 2.0313e-33 3.40792e-26 6.91119e-20 1.6942e-14 5.02022e-10 1.79816e-06 0.000778541 0.0407458 0.257847 0.205609 0.130002 0.189998 0.107558 0.0568592 0.00968051 0.000887535 3.30322e-05 3.5347e-07 8.26358e-10 3.54221e-13 2.49024e-17 2.69916e-22 4.34976e-28 1.01511e-34
 1.44253e-41 2.00213e-33 3.35899e-26 6.81197e-20 1.66987e-14 4.94814e-10 1.77234e-06 0.000767364 0.0401609 0.254176 0.20491 0.144597 0.195864 0.101102 0.0487609 0.00894544 0.000697422 1.7518e-05 1.438e-07 2.85453e-10 1.05217e-13 6.25536e-18 5.53918e-23 6.9586e-29 1.20368e-35
 1.55953e-41 2.16452e-33 3.63143e-26 7.36447e-20 1.80531e-14 5.34947e-10 1.91609e-06 0.000829602 0.0434182 0.274802 0.221345 0.141391 0.174988 0.0947713 0.0414601 0.00652242 0.000460389 1.02404e-05 6.05233e-08 8.33863e-11 2.32613e-14 1.10051e-18 7.83423e-24 7.86454e-30 1.07227e-36
 1.5065e-41 2.09092e-33 3.50794e-26 7.11404e-20 1.74392e-14 5.16756e-10 1.85094e-06 0.000801392 0.0419419 0.265515 0.217432 0.160536 0.184688 0.089384 0.0343653 0.00502715 0.000301224 5.53589e-06 2.70762e-08 2.81659e-11 5.43262e-15 1.78503e-19 9.23754e-25 6.9813e-31 7.28044e-38
 1.55451e-41 2.15755e-33 3.61974e-26 7.34076e-20 1.7995e-14 5.33225e-10 1.90993e-06 0.000826932 0.0432787 0.274011 0.225365 0.160592 0.172598 0.0890171 0.0304814 0.00364478 0.000180681 2.73416e-06 1.05291e-08 8.51843e-12 1.24772e-15 2.95751e-20 1.06006e-25 5.51131e-32 4.02308e-39
 1.55823e-41 2.16272e-33 3.62842e-26 7.35836e-20 1.80382e-14 5.34504e-10 1.9145e-06 0.000828915 0.0433826 0.274737 0.22887 0.170971 0.170183 0.0824308 0.0256039 0.00287246 0.000117545 1.37449e-06 4.09021e-09 2.52221e-12 2.76972e-16 4.88529e-21 1.28791e-26 4.82274e-33 2.47835e-40
 1.59189e-41 2.20944e-33 3.7068e-26 7.51732e-20 1.84278e-14 5.4605e-10 1.95586e-06 0.000846821 0.04432 0.280738 0.235802 0.174171 0.162221 0.0781654 0.0215469 0.00211249 7.46192e-05 7.20219e-07 1.6301e-09 7.41431e-13 5.99568e-17 7.75985e-22 1.49301e-27 4.06683e-34 1.51587e-41
 1.58671e-41 2.20225e-33 3.69472e-26 7.49283e-20 1.83678e-14 5.44271e-10 1.94949e-06 0.000844062 0.0441759 0.279936 0.238923 0.184107 0.159971 0.0726307 0.0178182 0.00154665 4.53908e-05 3.55118e-07 6.36412e-10 2.19422e-13 1.2942e-17 1.20376e-22 1.66317e-28 3.2577e-35 8.73046e-43
 1.37378e-41 1.90672e-33 3.19892e-26 6.48735e-20 1.5903e-14 4.71234e-10 1.68788e-06 0.000730796 0.0382487 0.242667 0.218889 0.21673 0.183005 0.0809599 0.0174426 0.00129438 3.14576e-05 1.97404e-07 2.74292e-10 7.2043e-14 3.1845e-18 2.17371e-23 2.16262e-29 3.0165e-36 5.7358e-44
 1.39771e-41 1.93994e-33 3.25464e-26 6.60035e-20 1.618e-14 4.79443e-10 1.71729e-06 0.000743526 0.0389154 0.246984 0.223195 0.205322 0.177047 0.0889472 0.0176735 0.00114667 2.27803e-05 1.12791e-07 1.20704e-10 2.39059e-14 7.84714e-19 3.94371e-24 2.86955e-30 2.90442e-37 3.97258e-45
 1.46305e-41 2.03062e-33 3.40679e-26 6.90891e-20 1.69364e-14 5.01856e-10 1.79757e-06 0.000778285 0.0407345 0.258478 0.231369 0.202671 0.169476 0.0791403 0.0162366 0.00109459 2.00972e-05 8.60287e-08 7.69114e-11 1.25353e-14 3.3623e-19 1.37355e-24 8.08999e-31 6.61145e-38 7.29143e-46
#pred catch len freq
 2.55776e-27 2.57398e-27 2.07612e-26 3.83994e-20 9.41315e-15 2.78929e-10 9.99075e-07 0.000432561 0.0226387 0.143219 0.110007 0.0407296 0.232727 0.215342 0.054783 0.0713083 0.0304827 0.0232035 0.0141455 0.0106519 0.00826337 0.0070604 0.00699196 0.00614362 0.00186893
 2.55841e-27 2.57597e-27 2.26161e-26 4.23127e-20 1.03725e-14 3.07354e-10 1.10089e-06 0.000476644 0.0249458 0.157815 0.121129 0.0393302 0.214268 0.199203 0.068514 0.106349 0.0358708 0.0145696 0.00649649 0.00369647 0.0023468 0.00171926 0.00150716 0.00132156 0.000440067
 2.55929e-27 2.57817e-27 2.43572e-26 4.59849e-20 1.12726e-14 3.34029e-10 1.19643e-06 0.000518011 0.0271108 0.171511 0.131612 0.0408394 0.218388 0.202529 0.060474 0.0873412 0.0326642 0.017889 0.00563709 0.00172456 0.000728646 0.000408485 0.00029661 0.000243819 8.39621e-05
 2.55959e-27 2.57888e-27 2.48557e-26 4.70361e-20 1.15303e-14 3.41664e-10 1.22378e-06 0.000529852 0.0277305 0.175432 0.134619 0.0416913 0.222758 0.206419 0.0586196 0.0820023 0.0290456 0.0138162 0.00503871 0.00168881 0.000374182 0.000116804 6.02061e-05 4.25339e-05 1.44791e-05
 2.56087e-27 2.5822e-27 2.76369e-26 5.29027e-20 1.29685e-14 3.84279e-10 1.37642e-06 0.000595938 0.0311892 0.197312 0.151333 0.0420805 0.213977 0.198103 0.0533226 0.0719301 0.0246838 0.010522 0.00349784 0.00110222 0.000278123 5.08304e-05 1.2326e-05 6.23859e-06 1.98798e-06
 2.56059e-27 2.58123e-27 2.66033e-26 5.07216e-20 1.24338e-14 3.68435e-10 1.31967e-06 0.000571368 0.0299033 0.189177 0.145149 0.0438224 0.231577 0.214057 0.0509688 0.0624832 0.0208639 0.00802544 0.00250739 0.000697983 0.000159215 2.98355e-05 3.95841e-06 8.99626e-07 2.38637e-07
 2.56109e-27 2.5826e-27 2.78273e-26 5.33038e-20 1.30668e-14 3.87192e-10 1.38686e-06 0.000600456 0.0314257 0.198808 0.152495 0.0433158 0.222562 0.205814 0.050922 0.0643978 0.0206183 0.0065323 0.00191365 0.000478422 9.67732e-05 1.61136e-05 1.92123e-06 1.84343e-07 2.81466e-08
 2.56316e-27 2.5881e-27 3.25681e-26 6.33043e-20 1.55183e-14 4.59835e-10 1.64705e-06 0.00071311 0.0373216 0.236107 0.180969 0.042932 0.199635 0.184421 0.0428382 0.0513377 0.0165203 0.00536417 0.00146851 0.00030603 5.51699e-05 8.01864e-06 8.32724e-07 5.6154e-08 3.43262e-09
 2.56366e-27 2.58929e-27 3.34804e-26 6.52284e-20 1.599e-14 4.73811e-10 1.69711e-06 0.000734785 0.038456 0.243284 0.186464 0.0438783 0.202976 0.18723 0.0383928 0.0404669 0.0128466 0.00392528 0.00107836 0.000225494 3.525e-05 4.33443e-06 3.84732e-07 2.13943e-08 6.93906e-10
 2.56285e-27 2.58703e-27 3.1415e-26 6.08711e-20 1.49218e-14 4.4216e-10 1.58374e-06 0.0006857 0.0358871 0.227032 0.174072 0.0449828 0.220087 0.20293 0.0395593 0.03914 0.011908 0.00281537 0.000729258 0.000143747 2.24173e-05 2.50603e-06 1.83323e-07 8.46912e-09 2.02811e-10
 2.56262e-27 2.58645e-27 3.09257e-26 5.9839e-20 1.46688e-14 4.34663e-10 1.55689e-06 0.000674074 0.0352786 0.223183 0.171131 0.0448781 0.221357 0.204173 0.0410603 0.0422381 0.0126523 0.00263772 0.000622947 9.70916e-05 1.38753e-05 1.49656e-06 1.00734e-07 3.8203e-09 7.3438e-11
 2.56464e-27 2.59187e-27 3.56653e-26 6.98373e-20 1.71198e-14 5.0729e-10 1.81703e-06 0.000786703 0.0411732 0.260473 0.199592 0.0439932 0.194627 0.179379 0.0343715 0.0332226 0.00989198 0.00197217 0.000447558 6.01794e-05 7.10497e-06 6.38692e-07 4.02585e-08 1.3919e-09 2.19721e-11
 2.5651e-27 2.59305e-27 3.66319e-26 7.18761e-20 1.76195e-14 5.22099e-10 1.87007e-06 0.000809669 0.0423752 0.268077 0.205404 0.044329 0.193099 0.17782 0.0313918 0.0268186 0.00794329 0.00153667 0.000344381 4.4587e-05 4.7993e-06 3.53542e-07 1.79532e-08 5.59194e-10 7.9381e-12
 2.56331e-27 2.58814e-27 3.22521e-26 6.26364e-20 1.53546e-14 4.54983e-10 1.62967e-06 0.000705586 0.0369278 0.233616 0.179116 0.045974 0.224087 0.206345 0.035167 0.0282363 0.00819497 0.0013109 0.000279355 3.49235e-05 3.6512e-06 2.48961e-07 1.04704e-08 2.59147e-10 3.21227e-12
 2.56175e-27 2.58397e-27 2.86325e-26 5.50007e-20 1.34828e-14 3.99518e-10 1.43101e-06 0.000619572 0.0324261 0.205137 0.157377 0.0464381 0.242892 0.223856 0.0411416 0.0374413 0.0107843 0.00154164 0.000307989 3.22553e-05 3.13915e-06 2.05605e-07 8.05397e-09 1.6696e-10 1.64123e-12
 2.56332e-27 2.58825e-27 3.24334e-26 6.30192e-20 1.54484e-14 4.57764e-10 1.63963e-06 0.000709898 0.0371535 0.235044 0.180193 0.0451611 0.217144 0.200126 0.0374619 0.0350281 0.0101315 0.00151467 0.000300746 2.77986e-05 2.36713e-06 1.3273e-07 4.88657e-09 9.41545e-11 7.83521e-13
 2.56509e-27 2.59296e-27 3.6507e-26 7.16124e-20 1.75549e-14 5.20184e-10 1.86321e-06 0.000806699 0.0422197 0.267094 0.204659 0.044745 0.196788 0.181141 0.030477 0.0238863 0.00689961 0.00104935 0.000210544 2.01015e-05 1.64197e-06 7.9097e-08 2.46117e-09 4.28262e-11 3.29214e-13
 2.56455e-27 2.59141e-27 3.5049e-26 6.85364e-20 1.68009e-14 4.9784e-10 1.78318e-06 0.000772048 0.0404062 0.255621 0.195918 0.0459629 0.212197 0.195177 0.029628 0.0184129 0.00518535 0.000597269 0.000109413 1.04556e-05 8.6639e-07 4.17627e-08 1.15498e-09 1.68244e-11 1.13657e-13
 2.56486e-27 2.59229e-27 3.58698e-26 7.0268e-20 1.72254e-14 5.10418e-10 1.82823e-06 0.000791555 0.0414271 0.26208 0.20084 0.0453405 0.204003 0.18771 0.0300255 0.0211923 0.00592037 0.000568041 9.27624e-05 6.99511e-06 5.22315e-07 2.5296e-08 7.04495e-10 9.45678e-12 5.38854e-14
 2.56576e-27 2.59471e-27 3.79837e-26 7.47273e-20 1.83185e-14 5.4281e-10 1.94425e-06 0.000841788 0.0440561 0.278712 0.213534 0.0449603 0.192191 0.176745 0.0268893 0.016807 0.00469924 0.000478896 7.90703e-05 5.01421e-06 3.07196e-07 1.18985e-08 3.14883e-10 4.24137e-12 2.28174e-14
 2.56603e-27 2.59539e-27 3.85482e-26 7.59181e-20 1.86104e-14 5.5146e-10 1.97524e-06 0.000855202 0.0447582 0.283153 0.216927 0.0451021 0.190886 0.175464 0.0252856 0.0134738 0.00372053 0.000320717 4.86411e-05 3.19675e-06 1.89849e-07 5.92173e-09 1.23336e-10 1.45582e-12 7.71556e-15
 2.56631e-27 2.59619e-27 3.92717e-26 7.74444e-20 1.89846e-14 5.62547e-10 2.01495e-06 0.000872395 0.045658 0.288845 0.221268 0.0447212 0.184937 0.170016 0.0250527 0.0143124 0.00394723 0.000318924 4.58144e-05 2.64061e-06 1.44298e-07 4.55894e-09 8.32145e-11 7.60702e-13 3.36307e-15
 2.56625e-27 2.59599e-27 3.90725e-26 7.70242e-20 1.88816e-14 5.59494e-10 2.00401e-06 0.000867662 0.0454103 0.287278 0.220076 0.0449915 0.187832 0.172635 0.0245711 0.0125573 0.00345483 0.000281631 4.04754e-05 2.18835e-06 1.0878e-07 2.9892e-09 5.22525e-11 4.44414e-13 1.56957e-15
 2.56642e-27 2.59645e-27 3.94675e-26 7.78575e-20 1.90858e-14 5.65547e-10 2.02569e-06 0.000877048 0.0459015 0.290386 0.222448 0.0449614 0.185936 0.170863 0.0238656 0.0113948 0.00311192 0.00022251 2.90061e-05 1.56106e-06 7.61252e-08 1.91689e-09 2.95517e-11 2.26884e-13 7.5399e-16
 2.56713e-27 2.59836e-27 4.11506e-26 8.14081e-20 1.99562e-14 5.91338e-10 2.11807e-06 0.000917045 0.0479948 0.303629 0.232553 0.0445063 0.175373 0.161102 0.0218811 0.00932899 0.00252947 0.000163464 1.9237e-05 9.17886e-07 3.95705e-08 9.77757e-10 1.43004e-11 9.76009e-14 2.87447e-16
 2.56738e-27 2.59905e-27 4.17643e-26 8.27026e-20 2.02735e-14 6.00741e-10 2.15175e-06 0.000931628 0.048758 0.308457 0.236236 0.0443101 0.171292 0.157338 0.0212572 0.00885393 0.00239587 0.000149384 1.68395e-05 7.42988e-07 2.8197e-08 6.02074e-10 8.08001e-12 5.2984e-14 1.42128e-16
 2.56655e-27 2.59675e-27 3.97024e-26 7.83528e-20 1.92073e-14 5.69145e-10 2.03858e-06 0.000882629 0.0461936 0.292234 0.223862 0.0451688 0.18652 0.171334 0.0227018 0.00862535 0.00232278 0.000137844 1.46478e-05 6.22738e-07 2.20679e-08 4.22055e-10 4.89483e-12 2.8042e-14 7.07497e-17
 2.56597e-27 2.59523e-27 3.84035e-26 7.56128e-20 1.85356e-14 5.49242e-10 1.96729e-06 0.000851762 0.0445782 0.282014 0.216059 0.0451638 0.191965 0.176458 0.0254247 0.0135375 0.00368949 0.000229745 2.57598e-05 1.07131e-06 3.63004e-08 6.59725e-10 7.0148e-12 3.49012e-14 7.59469e-17
#obs catch len freq
 6.00542e-42 8.33512e-34 1.39839e-26 2.83591e-20 6.95189e-15 2.05997e-10 7.37849e-07 0.000319463 0.0167194 0.105773 0.0815377 0.0425442 0.227835 0.192288 0.13148 0.126809 0.0513121 0.0189634 0.00394521 0.000451507 2.12439e-05 3.01148e-07 9.65403e-10 5.68134e-13 5.36107e-17
 6.81138e-42 9.45375e-34 1.58606e-26 3.2165e-20 7.88488e-15 2.33643e-10 8.36873e-07 0.000362337 0.0189633 0.119969 0.0924868 0.0461698 0.230158 0.184848 0.129484 0.114699 0.0447331 0.0150375 0.00280187 0.000275846 1.05275e-05 1.14406e-07 2.70836e-10 1.15186e-13 7.76017e-18
 1.03098e-41 1.43093e-33 2.40068e-26 4.86853e-20 1.19346e-14 3.53645e-10 1.2667e-06 0.000548436 0.028703 0.181585 0.139604 0.0480962 0.201796 0.154069 0.110371 0.0895548 0.0336006 0.0102376 0.00168901 0.000140249 4.30807e-06 3.58504e-08 6.2581e-11 1.91966e-14 9.218e-19
 8.81088e-42 1.22289e-33 2.05166e-26 4.16072e-20 1.01995e-14 3.0223e-10 1.08254e-06 0.000468702 0.02453 0.155186 0.119783 0.0600872 0.262347 0.183081 0.0957233 0.0674278 0.0238593 0.00650087 0.000938043 6.47259e-05 1.57389e-06 9.9632e-09 1.28284e-11 2.84115e-15 9.72529e-20
 1.21883e-41 1.69166e-33 2.83811e-26 5.75564e-20 1.41093e-14 4.18083e-10 1.49751e-06 0.000648369 0.033933 0.214672 0.165103 0.0539327 0.193064 0.135509 0.110217 0.0704646 0.0179718 0.00396473 0.000489646 2.76838e-05 5.25762e-07 2.50263e-09 2.3647e-12 3.78222e-16 9.24711e-21
 1.2823e-41 1.77975e-33 2.9859e-26 6.05535e-20 1.4844e-14 4.39854e-10 1.57548e-06 0.000682131 0.0357 0.225852 0.173961 0.0637685 0.220921 0.138062 0.0768389 0.0461839 0.0150108 0.00276787 0.000238834 1.04256e-05 1.52208e-07 5.39252e-10 3.70946e-13 4.26497e-17 7.43926e-22
 1.16809e-41 1.62123e-33 2.71995e-26 5.51601e-20 1.35219e-14 4.00677e-10 1.43516e-06 0.000621375 0.0325203 0.205738 0.158881 0.069487 0.23532 0.143105 0.0936941 0.0475837 0.0109455 0.00193982 0.000158408 4.83405e-06 4.95958e-08 1.27826e-10 6.3492e-14 5.21774e-18 6.46545e-23
 1.45239e-41 2.01583e-33 3.38197e-26 6.85856e-20 1.6813e-14 4.98199e-10 1.78447e-06 0.000772612 0.0404354 0.255811 0.197043 0.0646058 0.184447 0.112363 0.0898958 0.0431926 0.00999406 0.00134961 8.5428e-05 2.23434e-06 1.64121e-08 2.84339e-11 9.80707e-15 5.68801e-19 4.97963e-24
 1.67486e-41 2.3246e-33 3.9e-26 7.90912e-20 1.93883e-14 5.7451e-10 2.0578e-06 0.000890957 0.0466292 0.294995 0.227179 0.0688648 0.175312 0.0947431 0.0580122 0.0260438 0.00647516 0.000810819 4.10786e-05 7.79165e-07 4.38446e-09 5.48278e-12 1.27237e-15 4.96235e-20 2.98498e-25
 1.63994e-41 2.27613e-33 3.81869e-26 7.74422e-20 1.8984e-14 5.62532e-10 2.0149e-06 0.000872382 0.045657 0.288848 0.222932 0.077154 0.190521 0.0961143 0.0538818 0.0198262 0.00374175 0.000429395 2.01906e-05 3.0239e-07 1.20749e-09 1.07865e-12 1.79219e-16 4.83159e-21 1.95825e-26
 1.55537e-41 2.15875e-33 3.62175e-26 7.34484e-20 1.8005e-14 5.33522e-10 1.91099e-06 0.000827392 0.0433024 0.273955 0.212037 0.0839779 0.199493 0.100264 0.0625604 0.0202063 0.00310347 0.000262143 9.58442e-06 1.21698e-07 3.79859e-10 2.41272e-13 2.77492e-17 5.22803e-22 1.48416e-27
 1.51918e-41 2.10852e-33 3.53749e-26 7.17395e-20 1.75861e-14 5.21108e-10 1.86653e-06 0.000808141 0.0422949 0.267585 0.207638 0.0890522 0.19894 0.101229 0.068383 0.0207401 0.00311096 0.000211436 5.46798e-06 4.9389e-08 1.18142e-10 5.74476e-14 4.79378e-18 6.29074e-23 1.22909e-28
 1.93005e-41 2.67878e-33 4.49421e-26 9.11416e-20 2.23423e-14 6.62043e-10 2.37133e-06 0.0010267 0.0537336 0.339948 0.262412 0.0761799 0.135801 0.0688819 0.0466905 0.013266 0.00193708 0.000117971 2.48727e-06 1.5745e-08 2.53816e-11 8.72201e-15 5.3399e-19 5.12977e-24 7.17136e-30
 1.62496e-41 2.25534e-33 3.78379e-26 7.67346e-20 1.88106e-14 5.57392e-10 1.99649e-06 0.00086441 0.0452398 0.286228 0.223367 0.107281 0.205572 0.0826021 0.0376995 0.00972687 0.00134243 7.3944e-05 1.36469e-06 6.8908e-09 7.93724e-12 1.82457e-15 7.49968e-20 4.99788e-25 4.97401e-31
 1.33648e-41 1.85495e-33 3.11206e-26 6.3112e-20 1.54712e-14 4.58438e-10 1.64205e-06 0.000710952 0.0372084 0.235431 0.18589 0.120114 0.225745 0.112485 0.0679317 0.0132004 0.00122448 5.66497e-05 9.0555e-07 3.80578e-09 3.4454e-12 5.80254e-16 1.64608e-20 7.34775e-26 4.89863e-32
 1.21782e-41 1.69026e-33 2.83576e-26 5.75086e-20 1.40976e-14 4.17736e-10 1.49626e-06 0.00064783 0.0339049 0.214543 0.170841 0.124176 0.220284 0.129295 0.0854684 0.0188452 0.00192974 6.29638e-05 6.9934e-07 2.31583e-09 1.66876e-12 2.1733e-16 4.59788e-21 1.47443e-26 6.83926e-33
 1.63722e-41 2.27235e-33 3.81234e-26 7.73135e-20 1.89525e-14 5.61597e-10 2.01155e-06 0.000870931 0.0455811 0.288407 0.2263 0.104454 0.156929 0.0977977 0.0630337 0.0149177 0.00165118 5.62637e-05 5.27068e-07 1.18553e-09 5.99568e-13 5.83343e-17 9.32256e-22 2.23266e-27 7.60545e-34
 1.48718e-41 2.06411e-33 3.46297e-26 7.02284e-20 1.72157e-14 5.10131e-10 1.82721e-06 0.000791118 0.0414041 0.262018 0.209597 0.140779 0.202864 0.088641 0.0430396 0.00977432 0.00105173 3.64009e-05 3.36219e-07 6.63889e-10 2.48326e-13 1.63955e-17 1.80907e-22 3.10568e-28 7.72894e-35
 1.54747e-41 2.14778e-33 3.60335e-26 7.30752e-20 1.79135e-14 5.3081e-10 1.90128e-06 0.000823187 0.0430824 0.272648 0.218016 0.133685 0.178554 0.0987824 0.0466337 0.00717514 0.0005806 1.81357e-05 1.55732e-07 2.82842e-10 9.20993e-14 4.84468e-18 3.88497e-23 4.58879e-29 7.78716e-36
 1.52875e-41 2.1218e-33 3.55976e-26 7.21913e-20 1.76968e-14 5.2439e-10 1.87828e-06 0.00081323 0.0425614 0.269388 0.217844 0.147903 0.182884 0.0918118 0.0397927 0.00655372 0.000437466 9.23017e-06 6.11212e-08 9.39229e-11 2.61503e-14 1.15683e-18 7.54682e-24 6.93532e-30 8.72716e-37
 1.64746e-41 2.28657e-33 3.8362e-26 7.77973e-20 1.90711e-14 5.65111e-10 2.02414e-06 0.000876381 0.0458666 0.290319 0.234466 0.143315 0.162127 0.0849767 0.0330977 0.00466632 0.000281808 5.16924e-06 2.43824e-08 2.60551e-11 5.48559e-15 1.92406e-19 1.00508e-24 7.35549e-31 7.27757e-38
 1.59668e-41 2.21608e-33 3.71794e-26 7.5399e-20 1.84832e-14 5.4769e-10 1.96174e-06 0.000849364 0.0444527 0.28144 0.231152 0.161921 0.17013 0.0791975 0.0271429 0.00353038 0.000179388 2.71036e-06 1.04894e-08 8.38955e-12 1.21891e-15 2.96797e-20 1.12451e-25 6.17534e-32 4.65852e-39
 1.64598e-41 2.28451e-33 3.83274e-26 7.77272e-20 1.90539e-14 5.64602e-10 2.02231e-06 0.000875592 0.0458255 0.29017 0.2393 0.161025 0.158567 0.0780471 0.0235861 0.00249549 0.000104571 1.29072e-06 3.91276e-09 2.42347e-12 2.66203e-16 4.66635e-21 1.22446e-26 4.62379e-33 2.43694e-40
 1.65014e-41 2.29028e-33 3.84242e-26 7.79236e-20 1.9102e-14 5.66028e-10 2.02742e-06 0.000877804 0.0459415 0.290986 0.243055 0.170508 0.155567 0.0714678 0.019603 0.00192545 6.58814e-05 6.25628e-07 1.45908e-09 6.85928e-13 5.63211e-17 7.32846e-22 1.41206e-27 3.83965e-34 1.42591e-41
 1.68436e-41 2.33778e-33 3.92212e-26 7.95398e-20 1.94982e-14 5.77768e-10 2.06947e-06 0.00089601 0.0468946 0.297099 0.250138 0.172693 0.147712 0.0669197 0.0162189 0.00138499 4.06618e-05 3.15641e-07 5.5669e-10 1.92477e-13 1.16083e-17 1.10599e-22 1.55274e-28 3.06707e-35 8.25292e-43
 1.67963e-41 2.33122e-33 3.91111e-26 7.93165e-20 1.94435e-14 5.76147e-10 2.06366e-06 0.000893495 0.0467634 0.296399 0.253524 0.181666 0.145053 0.0614583 0.0132249 0.000991268 2.40254e-05 1.5035e-07 2.08731e-10 5.44666e-14 2.39066e-18 1.63456e-23 1.64553e-29 2.33423e-36 4.51117e-44
 1.46918e-41 2.03912e-33 3.42105e-26 6.93782e-20 1.70073e-14 5.03956e-10 1.80509e-06 0.000781542 0.0409052 0.259616 0.234738 0.214675 0.167201 0.0683822 0.0128637 0.000818749 1.63334e-05 8.1461e-08 8.72848e-11 1.72884e-14 5.67111e-19 2.84119e-24 2.05835e-30 2.07839e-37 2.84824e-45
 1.4955e-41 2.07565e-33 3.48234e-26 7.06212e-20 1.7312e-14 5.12985e-10 1.83743e-06 0.000795543 0.0416377 0.264166 0.234589 0.197288 0.167386 0.0787755 0.0144962 0.00084832 1.4786e-05 6.27417e-08 5.63866e-11 9.2465e-15 2.4876e-19 1.01747e-24 5.99562e-31 4.89752e-38 5.39231e-46
#spawning biomass
 17291.4 17766.2 19659.6 23222.4 27179.7 31020.4 34385.8 43586.3 65174.9 85428.3 98116.3 114123 163909 199482 184603 147724 142751 137678 136971 135790 138525 157669 168208 166884 166483 183862 188813 219480 261096 259933 156519 75215.3 41110.9 29227.3 25415.3 24254.2 23913.2 23815.6 23788.2 23780.7 23778.6 23778 23777.9 23777.8 23777.8 23777.8 23777.8 23777.8 23777.8 23777.8 23777.8 23777.8 23777.8 23777.8 23777.8 23777.8 23777.8 23777.8 23777.8 23777.8 23777.8 23777.8 23777.8 23777.8 23777.8 23777.8 23777.8 23777.8 23777.8 23777.8 23777.8 23777.8 23777.8 23777.8 23777.8 23777.8 23777.8 23777.8 23777.8 23777.8 23777.8 23777.8 23777.8 23777.8 23777.8 23777.8 23777.8 23777.8 23777.8 23777.8 23777.8 23777.8 23777.8 23777.8 23777.8 23777.8 23777.8 23777.8 23777.8 23777.8 23777.8 23777.8 23777.8 23777.8 23777.8 23777.8 23777.8 23777.8 23777.8 23777.8 23777.8 23777.8 23777.8 23777.8 23777.8 23777.8 23777.8 23777.8 23777.8 23777.8 23777.8 23777.8 23777.8 23777.8 23777.8 23777.8 23777.8 23777.8 0 0 0 0 0 0 0 0 0 0 0 0 0 0 0 0 0 0 0 0 0 0 0 0 0
