SBPRF35
0.112884
Curr Bio
326.487
B35
401.806
F35
2.03068
FOFL
2.03068
OFL
119.929
Bzero
32247.4
#pred survey bio
 1444.37 1141.77 879.25 709.381 602.34 539.025 500.666 480.432 462.599 452.337 446.927 443.485 442.271 448.284 448.111 449.731 447.146 440.261 440.602 440.009 440.178 439.256 445.031 450.65 454.698 452.732 454.714 454.536 454.57 452.047 446.234 442.797 442.598 438.165 435.761 433.313 431.762 428.283 423.845 418.555 409.349 399.943 383.514 364.28 339.5 319.821 306.659 287.97 271.331 259.203 242.1 233.468 227.056 225.471 216.736 210.191 208.979 207.642 206.497 199.086 197.564 198.359 196.204 193.566 190.722 187.196 176.414 168.558 172.988 180.091 184.622 188.636 186.675 180.986 176.617 186.601 183.201 188.257 193.253 195.364 194.155 207.544 206.207 213.785 201.468 204.415 203.605 211.999 210.055 207.079 210.244 202.416 205.824 209.711 201.316 179.298 141.559 27.5428 124.782 8482.62 26446.1 61483.6 103370 130822 142483 148256 151752 154022 155518 156506 157158 157587 157868 158052 158173 158250 158301 158333 158354 158368 158377 158382 158386 158389 158390 158391 158392 158392 158393 158393 158393 158393 158393 158393 158393 158393 158393 158393 158393 158393 158393 158393 158393 158393 158393 158393 158393 158393 158393 158393 158393 158393 158393 158393 158393 158393 158393 158393 158393 158393 158393 158393 158393 158393 158393 158393 158393 158393 158393 158393 158393 158393 158393 158393 158393 158393 158393 158393 158393 158393 158393 158393 158393 158393 158393 158393 158393 158393 158393 158393 158393 158393 158393 158393 158393 158393 158393 158393 158393 0 0 0 0 0 0 0 0 0 0 0 0 0 0 0 0 0 0 0 0 0 0 0 0 0
#obs survey bio
 742.355 820.004 631.391 865.509 693.171 359.853 436.686 839.279 456.078 481.258 372.469 271.373 435.022 459.103 436.376 513 389.428 465.248 298.394 518.914 394.306 309.986 508.856 425.07 592.598 337.079 430.499 377.063 355.35 298.691 362.22 545.877 356.517 486.875 363.533 328.079 433.269 276.861 485.408 551.033 375.332 320.392 393.724 348.144 345.454 213.514 287.839 362.983 244.705 269.298 248.444 216.412 221.155 244.919 237.167 228.375 216.177 222.647 222.043 266.529 134.805 158.97 225.084 165.037 164.335 194.544 195.206 141.721 172.664 213.53 201.8 208.163 267.459 250.296 192.802 203.209 278.132 167.265 240.81 251.372 242.024 303.418 191.395 222.916 223.95 277.396 204.272 276.498 188.944 221.656 259.174 303.785 182.747 288.625 202.492 181.677 220.954 41.9857 35.8754
#pred catch bio
 131.799 169.557 135.65 112.253 92.7311 82.3693 72.0103 75.1021 69.9766 66.7315 66.5803 65.7887 57.7312 63.7803 60.1768 63.7569 68.7812 61.0672 62.5932 62.5898 65.6121 59.823 61.0607 62.8839 69.2566 63.7045 64.6741 62.6368 63.8303 66.6012 63.4261 59.2823 64.2272 62.496 63.0309 62.0126 63.5056 63.1279 62.1536 65.137 64.6981 73.3149 78.6538 88.8911 87.592 83.8646 93.5822 93.739 90.0801 98.0055 90.3847 90.4908 87.1664 98.4894 98.5842 94.9359 97.6524 98.6757 106.574 98.917 96.408 101.023 102.609 103.196 103.274 111.651 109.279 98.9479 104.016 115.643 121.929 132.351 139.088 141.096 128.252 153.417 148.549 156.765 169.854 182.32 168.646 193.42 182.194 208.798 185.754 192.513 182.508 200.019 201.683 193.316 210.233 197.859 199.746 212.064 210.731 197.932 277.007 42.6983 40.0836 119.929 432.992 1131.27 2641.16 3611.13 3802.8 3825.68 3828.02 3828.24 3828.27 3828.27 3828.27 3828.27 3828.27 3828.27 3828.27 3828.27 3828.27 3828.27 3828.27 3828.27 3828.27 3828.27 3828.27 3828.27 3828.27 3828.27 3828.27 3828.27 3828.27 3828.27 3828.27 3828.27 3828.27 3828.27 3828.27 3828.27 3828.27 3828.27 3828.27 3828.27 3828.27 3828.27 3828.27 3828.27 3828.27 3828.27 3828.27 3828.27 3828.27 3828.27 3828.27 3828.27 3828.27 3828.27 3828.27 3828.27 3828.27 3828.27 3828.27 3828.27 3828.27 3828.27 3828.27 3828.27 3828.27 3828.27 3828.27 3828.27 3828.27 3828.27 3828.27 3828.27 3828.27 3828.27 3828.27 3828.27 3828.27 3828.27 3828.27 3828.27 3828.27 3828.27 3828.27 3828.27 3828.27 3828.27 3828.27 3828.27 3828.27 3828.27 3828.27 3828.27 3828.27 3828.27 3828.27 3828.27 3828.27 3828.27 3828.27 0 0 0 0 0 0 0 0 0 0 0 0 0 0 0 0 0 0 0 0 0 0 0 0 0
#obs catch bio
 0 172.856 139.191 115.527 95.0915 84.802 73.9838 77.0759 71.9271 68.4357 68.1904 67.7106 59.2706 65.5708 61.5189 65.0618 70.4985 62.3027 64.2315 64.1069 67.3618 61.1619 62.6801 64.7265 71.323 65.4354 66.2447 64.0908 65.3457 68.3991 64.8312 60.3848 65.8056 63.7718 64.5354 63.7007 65.1502 64.9204 63.7867 66.5365 65.9255 75.007 80.6656 91.0696 89.1557 85.6354 95.8344 95.2699 91.1443 99.5543 90.7946 91.5701 88.1215 99.9035 99.8146 96.9775 98.8152 100.185 108.856 99.483 96.1204 101.222 102.231 102.606 102.622 111.346 108.541 98.4324 103.37 114.137 120.123 128.632 133.083 133.153 121.853 147.965 140.045 148.746 159.843 169.977 159.705 181.528 172.812 198.198 175.277 179.45 172.827 185.571 189.335 182.779 194.19 183.689 190.25 201.478 196.781 183.756 241.843 37.9033 39.0417
#pred cpue bio
 1490.28 1160.91 875.258 692.776 580.415 514.981 475.303 454.678 436.309 426.168 420.421 415.622 413.373 420.644 421.847 425.005 422.531 414.289 414.159 413.265 413.011 410.549 415.247 420.669 425.703 424.544 427.79 428.354 429.362 427.639 421.721 418.058 418.041 413 410.014 407.256 406.172 403.533 400.427 396.579 387.662 377.77 359.709 338.509 310.569 288.05 273.286 252.768 234.917 222.248 203.145 192.483 183.877 180.946 170.029 161.214 158.125 155.069 153.367 146.051 144.889 145.184 141.847 138.335 135.241 132.371 121.688 111.69 111.24 111.931 111.178 112.375 109.485 102.704 95.0283 99.8486 92.7793 93.2005 93.0923 89.8999 84.341 92.6601 90.6875 96.6274 87.5439 89.8113 88.2809 93.8896 91.2244 88.4283 90.9713 83.7202 83.5761 85.8494 82.9819 75.1657 62.165 3.08011 12.7379 1918.59 7448.88 20327.7 51141.4 83252.2 97881.8 104784 108743 111210 112792 113817 114484 114919 115204 115389 115510 115588 115639 115671 115692 115706 115715 115721 115725 115727 115729 115730 115730 115731 115731 115731 115731 115731 115731 115731 115731 115731 115731 115731 115731 115731 115731 115731 115731 115731 115731 115731 115731 115731 115731 115731 115731 115731 115731 115731 115731 115731 115731 115731 115731 115731 115731 115731 115731 115731 115731 115731 115731 115731 115731 115731 115731 115731 115731 115731 115731 115731 115731 115731 115731 115731 115731 115731 115731 115731 115731 115731 115731 115731 115731 115731 115731 115731 115731 115731 115731 115731 115731 115731 115731 0 0 0 0 0 0 0 0 0 0 0 0 0 0 0 0 0 0 0 0 0 0 0 0 0
#obs cpue bio
 1438.87 716.51 381.498 309.511 364.885 307.214 293.199 307.245 194.805 296.371 383.479 270.843 192.576 449.508 368.211 399.052 296.928 263.742 265.679 292.898 313.077 363.74 183.232 229.279 338.669 291.227 470.965 330.133 388.242 393.486 501.764 277.77 287.418 347.355 253.845 239.545 368.863 310.163 287.877 429.494 317.715 337.534 243.582 387.568 309.894 225.984 248.367 229.35 228.466 177.111 223.262 133.664 151.518 147.384 134.994 86.5575 158.97 104.663 109.551 138.407 218.899 158.625 161.682 178.459 171.989 144.111 127.81 115.787 126.099 138.657 136.524 199.17 196.948 199.148 158.918 147.141 209.424 203.762 223.301 218.42 140.88 192.149 192.698 222.383 211.854 221.97 183.508 288.186 228.646 205.035 296.099 167.922 152.17 173.501 264.692 231.818 204.448 21.6551 32.0352
#pred surv len freq
 5.77971e-027 5.84648e-021 1.2553e-015 3.67681e-011 1.46915e-007 8.00813e-005 0.00595478 0.060405 0.0835902 0.0161251 0.0139586 0.072506 0.053523 0.0225811 0.0671777 0.0445871 0.0556764 0.0573096 0.0624286 0.0646689 0.0687487 0.0724031 0.0808503 0.0737414 0.0236841
 6.34211e-027 6.84091e-021 1.46881e-015 4.30221e-011 1.71904e-007 9.37024e-005 0.00696764 0.0706793 0.0978081 0.0188497 0.0156226 0.0810385 0.059802 0.0246802 0.0728963 0.0474338 0.0549036 0.0550866 0.0570687 0.0580157 0.061158 0.0635126 0.0684274 0.0637382 0.0222172
 6.80565e-027 7.66125e-021 1.64494e-015 4.81811e-011 1.92518e-007 0.000104939 0.00780318 0.079155 0.109537 0.0211263 0.0181288 0.0941416 0.0694317 0.0275439 0.080304 0.0517437 0.0574732 0.0555867 0.0524243 0.0501293 0.0506567 0.0517104 0.0543079 0.0504424 0.0182488
 7.1685e-027 8.30397e-021 1.78294e-015 5.22232e-011 2.08668e-007 0.000113743 0.0084578 0.0857955 0.118726 0.0228948 0.0195008 0.101243 0.0746975 0.0304261 0.0894645 0.0570692 0.060666 0.057677 0.0517352 0.0455339 0.0419924 0.040596 0.0415025 0.0380021 0.0139054
 7.43681e-027 8.77953e-021 1.88505e-015 5.52139e-011 2.20619e-007 0.000120256 0.00894217 0.0907089 0.125526 0.0242025 0.0204841 0.106327 0.0784412 0.031744 0.0931518 0.0597647 0.065102 0.0611357 0.0524056 0.0440863 0.0370935 0.03212 0.0309189 0.0276428 0.0100823
 7.62393e-027 9.11132e-021 1.95629e-015 5.73005e-011 2.28956e-007 0.000124801 0.00928011 0.0941369 0.130269 0.0251132 0.0211021 0.10951 0.0807837 0.0325374 0.0953308 0.0610792 0.0661692 0.062595 0.0546301 0.044549 0.0352531 0.0272602 0.0233024 0.01983 0.00714341
 7.74765e-027 9.33076e-021 2.00341e-015 5.86806e-011 2.34471e-007 0.000127807 0.00950362 0.0964042 0.133407 0.0257165 0.021549 0.111819 0.0824806 0.0330337 0.0966038 0.0618246 0.0666475 0.0629182 0.0547768 0.0452543 0.0351855 0.0250305 0.0184754 0.0142393 0.00500238
 7.77621e-027 9.38167e-021 2.01434e-015 5.90008e-011 2.3575e-007 0.000128504 0.00955547 0.0969302 0.134135 0.0258607 0.0218208 0.113255 0.0835377 0.0334116 0.0976642 0.0624582 0.0671201 0.0633255 0.0550482 0.0454277 0.0355638 0.0246269 0.0159839 0.0106041 0.00354272
 7.80407e-027 9.43123e-021 2.02498e-015 5.93124e-011 2.36995e-007 0.000129183 0.00960595 0.0974422 0.134843 0.0259986 0.0219853 0.114116 0.0841782 0.0338074 0.0989539 0.0632009 0.0675254 0.0635137 0.054768 0.0450215 0.0351583 0.0243206 0.0146895 0.00822394 0.00251755
 7.86937e-027 9.547e-021 2.04983e-015 6.00405e-011 2.39904e-007 0.000130769 0.00972386 0.0986383 0.136499 0.0263093 0.0219224 0.113737 0.0839007 0.0337698 0.0989168 0.0632616 0.0679809 0.063898 0.0548802 0.0448495 0.0348091 0.0240024 0.0140819 0.00683653 0.00185266
 7.96503e-027 9.71642e-021 2.08621e-015 6.1106e-011 2.44162e-007 0.000133089 0.00989642 0.100389 0.138921 0.0267679 0.0219893 0.114032 0.0841049 0.0334756 0.0976957 0.0625296 0.0674335 0.0635392 0.0549092 0.0448015 0.0345672 0.0236648 0.0136794 0.0060378 0.00143382
 8.00507e-027 9.7873e-021 2.10143e-015 6.15517e-011 2.45943e-007 0.00013406 0.00996861 0.101121 0.139934 0.0269669 0.0222955 0.115643 0.0852801 0.0335628 0.097577 0.0622795 0.0663598 0.0625259 0.0542005 0.0444328 0.0343243 0.0233433 0.0133257 0.0055477 0.00117663
 7.96173e-027 9.71059e-021 2.08496e-015 6.10693e-011 2.44015e-007 0.000133009 0.00989048 0.100328 0.138837 0.0267647 0.0224788 0.116653 0.0860305 0.0340284 0.0990934 0.0630812 0.0664246 0.06231 0.0534641 0.0438682 0.0340488 0.0231811 0.0131024 0.00525427 0.00102736
 7.86419e-027 9.53807e-021 2.04792e-015 5.99844e-011 2.3968e-007 0.000130646 0.00971476 0.098546 0.136371 0.0262937 0.0222569 0.115529 0.0852192 0.0341843 0.100016 0.0638289 0.0679537 0.0637192 0.0544384 0.04441 0.0344105 0.0235431 0.0132767 0.00519462 0.000962869
 7.8283e-027 9.47462e-021 2.03429e-015 5.95853e-011 2.38085e-007 0.000129777 0.00965014 0.0978905 0.135464 0.0261179 0.0220735 0.114572 0.0845189 0.0340738 0.0998607 0.0638881 0.06876 0.0646409 0.0554853 0.045084 0.0346708 0.0236586 0.0133728 0.00516354 0.000925013
 7.82271e-027 9.46479e-021 2.03218e-015 5.95235e-011 2.37838e-007 0.000129643 0.00964013 0.097789 0.135323 0.0260864 0.0218763 0.113521 0.0837432 0.0337481 0.0988966 0.063388 0.0687784 0.0649771 0.0565267 0.0462235 0.0355506 0.0240835 0.0135835 0.00521874 0.000916118
 7.87231e-027 9.55259e-021 2.05103e-015 6.00757e-011 2.40045e-007 0.000130845 0.00972956 0.0986961 0.136579 0.0263233 0.0218807 0.113511 0.0837281 0.033514 0.0979914 0.0627679 0.0679273 0.0642582 0.0562167 0.0464181 0.0360538 0.0244321 0.0136927 0.00523925 0.000909839
 7.92926e-027 9.6533e-021 2.07266e-015 6.07091e-011 2.42576e-007 0.000132225 0.00983214 0.0997366 0.138018 0.0266009 0.0221158 0.114732 0.0846182 0.0335961 0.0979631 0.06259 0.0669872 0.0631667 0.0548925 0.0453987 0.0355618 0.0243459 0.0136321 0.00518494 0.000894768
 7.92073e-027 9.63819e-021 2.06941e-015 6.0614e-011 2.42196e-007 0.000132018 0.00981674 0.0995804 0.137802 0.0265615 0.022169 0.115022 0.0848345 0.0337362 0.0984233 0.0628329 0.0670038 0.0630782 0.0545673 0.0449666 0.0352395 0.0243612 0.0137585 0.00521794 0.000895597
 7.92991e-027 9.65444e-021 2.0729e-015 6.07162e-011 2.42604e-007 0.00013224 0.0098333 0.0997484 0.138035 0.026605 0.0221552 0.114942 0.0847786 0.0338048 0.0987116 0.0630244 0.0672375 0.0632033 0.0544027 0.0446306 0.0348007 0.0240822 0.0137417 0.00523558 0.000895401
 8.00231e-027 9.78257e-021 2.10041e-015 6.1522e-011 2.45824e-007 0.000133995 0.0099638 0.101072 0.139867 0.0269489 0.0220895 0.114543 0.084482 0.033626 0.0981321 0.0626927 0.0670636 0.0630583 0.0542668 0.0443525 0.0343804 0.0236696 0.0135556 0.00521037 0.000891998
 8.08856e-027 9.93516e-021 2.13317e-015 6.24816e-011 2.49658e-007 0.000136085 0.0101192 0.102649 0.142048 0.027366 0.0223055 0.115642 0.085277 0.0335028 0.097345 0.0621293 0.0661834 0.0622047 0.0535077 0.0436823 0.0337253 0.0230547 0.0131574 0.00508875 0.000875813
 8.04829e-027 9.86384e-021 2.11786e-015 6.20331e-011 2.47866e-007 0.000135109 0.0100466 0.101912 0.141029 0.0271794 0.022532 0.11688 0.0861863 0.0337539 0.0979672 0.0623931 0.0658442 0.0618677 0.053288 0.0435678 0.033646 0.0229014 0.0129798 0.00502136 0.000869351
 7.9741e-027 9.73253e-021 2.08967e-015 6.12073e-011 2.44566e-007 0.00013331 0.00991283 0.100555 0.139151 0.0268241 0.0224878 0.116693 0.086064 0.0341499 0.0995522 0.0633515 0.0666016 0.0623785 0.0532699 0.0435373 0.0336722 0.0229142 0.0129145 0.00497321 0.000863563
 7.90304e-027 9.60681e-021 2.06268e-015 6.04167e-011 2.41407e-007 0.000131588 0.00978478 0.0992563 0.137354 0.0264811 0.0223352 0.115923 0.0855067 0.0342194 0.100042 0.0638486 0.0679865 0.0636454 0.0540741 0.0438732 0.0337765 0.0230058 0.0129416 0.00495494 0.000859349
 7.89198e-027 9.58728e-021 2.05848e-015 6.02939e-011 2.40917e-007 0.000131321 0.00976489 0.0990545 0.137075 0.0264256 0.0222251 0.115341 0.0850817 0.0341684 0.100009 0.0638964 0.068362 0.064156 0.0548177 0.0442724 0.0337665 0.0228566 0.0128486 0.00490033 0.000846527
 7.87629e-027 9.55955e-021 2.05253e-015 6.01195e-011 2.4022e-007 0.000130941 0.00973665 0.098768 0.136678 0.0263474 0.0220916 0.114637 0.0845614 0.0339245 0.0992644 0.0635309 0.0684955 0.0645074 0.0556508 0.0452627 0.0345387 0.0231606 0.0129422 0.00492351 0.000846967
 7.83552e-027 9.48742e-021 2.03704e-015 5.96658e-011 2.38407e-007 0.000129953 0.00966318 0.0980227 0.135647 0.0261535 0.0221158 0.114794 0.0846735 0.0338845 0.099065 0.0633822 0.0682447 0.0644031 0.0559609 0.0458739 0.0353307 0.0237082 0.0131287 0.0049675 0.000851545
 7.79067e-027 9.40808e-021 2.02001e-015 5.91669e-011 2.36413e-007 0.000128866 0.00958237 0.097203 0.134512 0.0259361 0.0219836 0.114116 0.0841823 0.0339284 0.0994249 0.0635978 0.0684058 0.0645634 0.0561774 0.046333 0.0360466 0.0244314 0.013511 0.00507028 0.000865255
 7.80261e-027 9.42927e-021 2.02456e-015 5.93001e-011 2.36946e-007 0.000129156 0.00960395 0.0974219 0.134815 0.0259895 0.0218364 0.11332 0.0835973 0.0337471 0.0989479 0.063389 0.0686277 0.0647627 0.0562516 0.0464158 0.0363032 0.0248922 0.0138816 0.00518748 0.000879685
 7.84362e-027 9.50182e-021 2.04013e-015 5.97564e-011 2.38769e-007 0.00013015 0.00967785 0.0981715 0.135853 0.026187 0.0219069 0.11367 0.0838464 0.0335929 0.0982522 0.0629344 0.0681009 0.0643329 0.0560354 0.0461534 0.0360646 0.0248835 0.0140468 0.00527057 0.000889304
 7.8465e-027 9.50689e-021 2.04122e-015 5.97883e-011 2.38896e-007 0.000130219 0.00968301 0.0982239 0.135925 0.0262031 0.022001 0.114172 0.0842129 0.033642 0.0982999 0.0628759 0.0676253 0.0638888 0.0557549 0.0460617 0.0360189 0.024856 0.0141549 0.00536486 0.000905277
 7.85344e-027 9.5192e-021 2.04386e-015 5.98657e-011 2.39206e-007 0.000130388 0.00969554 0.098351 0.136101 0.0262341 0.0219145 0.113705 0.0838725 0.0336298 0.0983833 0.062925 0.0676542 0.0638654 0.0556292 0.0460605 0.0361631 0.025002 0.0142852 0.0054703 0.000928352
 7.90513e-027 9.61063e-021 2.0635e-015 6.04407e-011 2.41503e-007 0.00013164 0.00978867 0.0992957 0.137408 0.0264826 0.0219895 0.114072 0.0841374 0.0335635 0.0980236 0.062696 0.0674111 0.0635362 0.0550652 0.0454308 0.0356509 0.0247393 0.0141755 0.00546618 0.00093553
 7.90511e-027 9.61056e-021 2.06348e-015 6.04402e-011 2.41501e-007 0.000131639 0.0097886 0.0992949 0.137407 0.0264865 0.02215 0.11493 0.0847653 0.0336628 0.0981661 0.062721 0.0671324 0.0632729 0.054861 0.045111 0.0352384 0.0244374 0.0140548 0.00544753 0.000939756
 7.88483e-027 9.57464e-021 2.05577e-015 6.02144e-011 2.40599e-007 0.000131147 0.00975201 0.0989239 0.136894 0.0263906 0.0221894 0.115155 0.084937 0.0339118 0.0990656 0.0632185 0.0672971 0.0632984 0.0546212 0.0448864 0.0349676 0.0241329 0.0138832 0.0054061 0.00093863
 7.84907e-027 9.51138e-021 2.04219e-015 5.98165e-011 2.39009e-007 0.000130281 0.00968758 0.0982703 0.135989 0.0262187 0.022141 0.114919 0.0847687 0.0339928 0.0994476 0.0635496 0.0680512 0.0639433 0.0549194 0.0449515 0.0349202 0.0240228 0.0137667 0.00537218 0.000937584
 7.78816e-027 9.40358e-021 2.01904e-015 5.91386e-011 2.363e-007 0.000128804 0.00957778 0.0971565 0.134448 0.0259278 0.0221318 0.114911 0.0847659 0.0340946 0.0998456 0.0638516 0.0685996 0.0645552 0.0556212 0.0453656 0.0350425 0.0240055 0.0136993 0.00533737 0.000934522
 7.73123e-027 9.30287e-021 1.99742e-015 5.85052e-011 2.3377e-007 0.000127425 0.00947522 0.096116 0.133008 0.0256524 0.0219842 0.114158 0.084221 0.0341623 0.10032 0.0642013 0.0691913 0.0651891 0.0563483 0.046086 0.035553 0.0242015 0.013738 0.00533265 0.00093409
 7.73136e-027 9.30317e-021 1.99748e-015 5.85071e-011 2.33777e-007 0.000127429 0.00947551 0.096119 0.133012 0.0256477 0.02177 0.113012 0.0833797 0.0339311 0.0997488 0.0639704 0.0695711 0.0656599 0.0569536 0.0467196 0.0361657 0.0245854 0.0138627 0.00535186 0.000935553
 7.78576e-027 9.39944e-021 2.01815e-015 5.91126e-011 2.36196e-007 0.000128748 0.00957357 0.0971138 0.134389 0.0259083 0.0218046 0.113161 0.0834796 0.033687 0.0987615 0.0633435 0.0689272 0.0651582 0.0567895 0.0466811 0.03624 0.0247089 0.0138906 0.00532604 0.000927252
 7.81616e-027 9.45319e-021 2.02969e-015 5.94506e-011 2.37547e-007 0.000129484 0.00962832 0.0976691 0.135157 0.0260581 0.0219946 0.114158 0.0842062 0.0337453 0.0987045 0.063167 0.0680867 0.0643091 0.0560458 0.0462173 0.03601 0.0246346 0.0138704 0.00529189 0.000916108
 7.87723e-027 9.56116e-021 2.05287e-015 6.01296e-011 2.4026e-007 0.000130963 0.00973829 0.0987846 0.136701 0.0263566 0.0222816 0.115653 0.0853089 0.0341743 0.0999414 0.0637259 0.0675862 0.063362 0.0541802 0.0444045 0.0345619 0.0237222 0.0134 0.00510638 0.000879301
 8.00977e-027 9.79563e-021 2.10322e-015 6.16042e-011 2.46152e-007 0.000134174 0.0099771 0.101207 0.140053 0.0269954 0.0225301 0.116896 0.0862238 0.0344985 0.100846 0.0641788 0.0674658 0.0627161 0.052252 0.0419431 0.032104 0.0219658 0.0124466 0.00475115 0.000815677
 8.20239e-027 1.01363e-020 2.17636e-015 6.37466e-011 2.54713e-007 0.000138841 0.0103241 0.104727 0.144924 0.0279296 0.0231342 0.120001 0.0884957 0.0348947 0.101504 0.0643616 0.0665354 0.061275 0.0496153 0.0387007 0.0286261 0.0191557 0.0108102 0.00413673 0.00070999
 8.31357e-027 1.03329e-020 2.21857e-015 6.49828e-011 2.59652e-007 0.000141533 0.0105243 0.106758 0.147735 0.0284758 0.0237604 0.123278 0.0909024 0.0355609 0.103158 0.0650981 0.0658143 0.0600862 0.0474331 0.0360346 0.0256357 0.0164642 0.00908009 0.00346506 0.000595452
 8.36291e-027 1.04201e-020 2.23729e-015 6.55312e-011 2.61843e-007 0.000142728 0.0106131 0.107659 0.148981 0.0287187 0.0240622 0.12486 0.0920754 0.0361927 0.105157 0.0661997 0.0661505 0.0599179 0.0461134 0.034252 0.0235366 0.0144211 0.00760708 0.00285005 0.000489184
 8.45456e-027 1.05821e-020 2.27208e-015 6.65503e-011 2.65916e-007 0.000144947 0.0107782 0.109333 0.151298 0.0291676 0.0245282 0.127293 0.0938663 0.0368062 0.106846 0.0670653 0.0660563 0.0592012 0.0439745 0.0317056 0.0209662 0.0122739 0.00611926 0.00220192 0.000373751
 8.52895e-027 1.07136e-020 2.30032e-015 6.73775e-011 2.69221e-007 0.000146749 0.0109121 0.110692 0.153179 0.029532 0.0249043 0.129256 0.0953132 0.0373608 0.108439 0.0678783 0.0659517 0.0586264 0.0423266 0.0295621 0.0186823 0.0104111 0.00489235 0.00166022 0.000273946
 8.63777e-027 1.09062e-020 2.34166e-015 6.85883e-011 2.74058e-007 0.000149386 0.0111082 0.112681 0.155931 0.0300539 0.0250093 0.129746 0.0956758 0.0375332 0.108967 0.0681399 0.0658641 0.0582464 0.0412363 0.0281426 0.0170762 0.00900841 0.00397344 0.0012585 0.000198112
 8.87919e-027 1.13333e-020 2.43336e-015 7.12742e-011 2.84791e-007 0.000155236 0.0115432 0.117094 0.162038 0.0312181 0.0254897 0.132158 0.0974307 0.0375671 0.108415 0.0674854 0.0637476 0.055792 0.0381634 0.0253695 0.0148197 0.00742555 0.00305817 0.000897157 0.000132692
 9.03601e-027 1.16107e-020 2.49292e-015 7.30187e-011 2.91761e-007 0.000159035 0.0118257 0.11996 0.166004 0.0319776 0.025933 0.134426 0.099083 0.037638 0.108047 0.0670021 0.0620691 0.0539383 0.0360286 0.023345 0.013122 0.00627658 0.00242073 0.000653826 8.98045e-005
 9.11142e-027 1.1744e-020 2.52154e-015 7.38571e-011 2.95111e-007 0.000160861 0.0119615 0.121337 0.16791 0.0323502 0.0264432 0.137106 0.101047 0.03807 0.108961 0.0672311 0.0606515 0.0522069 0.0338047 0.0214 0.0116031 0.00529578 0.00192197 0.00047813 6.04663e-005
 9.15303e-027 1.18176e-020 2.53735e-015 7.43199e-011 2.96961e-007 0.000161869 0.0120365 0.122097 0.168962 0.0325507 0.0265218 0.137499 0.101345 0.0384039 0.11014 0.0678357 0.0605863 0.0517992 0.0326658 0.0201986 0.0105782 0.00462689 0.00158386 0.000364518 4.23067e-005
 9.31548e-027 1.21049e-020 2.59904e-015 7.61271e-011 3.04181e-007 0.000165805 0.0123292 0.125066 0.17307 0.0333368 0.0269534 0.139701 0.102952 0.0385649 0.110139 0.0675234 0.058787 0.0496242 0.029827 0.0178217 0.00891847 0.00372689 0.00120697 0.000258066 2.75319e-005
 9.44218e-027 1.2329e-020 2.64716e-015 7.75363e-011 3.09812e-007 0.000168875 0.0125574 0.127381 0.176274 0.0339527 0.0274071 0.142046 0.104665 0.0388007 0.110386 0.0673386 0.0569814 0.0475507 0.0273572 0.0157033 0.00741029 0.00292836 0.00089468 0.00017843 1.75632e-005
 9.54141e-027 1.25045e-020 2.68485e-015 7.86404e-011 3.14224e-007 0.000171279 0.0127362 0.129195 0.178784 0.0344295 0.0275351 0.142665 0.105118 0.0388891 0.110551 0.0672746 0.0561149 0.0464885 0.0259431 0.0144442 0.00645546 0.00238611 0.000680437 0.000126416 1.15262e-005
 9.51904e-027 1.24648e-020 2.67632e-015 7.83905e-011 3.13225e-007 0.000170735 0.0126957 0.128785 0.178216 0.0343358 0.0280625 0.145501 0.107193 0.0392307 0.111074 0.067417 0.0553698 0.045547 0.0246798 0.0133906 0.00572182 0.00198786 0.000523764 8.97904e-005 7.58309e-006
 9.41185e-027 1.22751e-020 2.63557e-015 7.71971e-011 3.08457e-007 0.000168136 0.0125025 0.126824 0.175503 0.0338287 0.028249 0.14657 0.108 0.0400904 0.114097 0.069023 0.0555528 0.0454016 0.0240033 0.0127327 0.00523288 0.0017272 0.000422464 6.61976e-005 5.14079e-006
 9.49755e-027 1.24267e-020 2.66814e-015 7.81509e-011 3.12268e-007 0.000170213 0.0126569 0.128391 0.177671 0.0342365 0.0281987 0.146244 0.107772 0.040327 0.1151 0.0694727 0.0551188 0.0445464 0.0223266 0.0114633 0.00450965 0.00141898 0.000325449 4.67266e-005 3.30692e-006
 9.60598e-027 1.26186e-020 2.70935e-015 7.93579e-011 3.17091e-007 0.000172842 0.0128524 0.130374 0.180415 0.0347496 0.0280188 0.14521 0.107 0.0397422 0.113132 0.0685023 0.0554238 0.0448801 0.0224548 0.0112726 0.00422103 0.00126553 0.000273826 3.63925e-005 2.34648e-006
 9.63841e-027 1.2676e-020 2.72166e-015 7.97186e-011 3.18532e-007 0.000173628 0.0129108 0.130967 0.181235 0.0349092 0.0282112 0.146218 0.107722 0.039435 0.11166 0.0675867 0.054581 0.0443879 0.022751 0.0114987 0.00425521 0.00121678 0.000248156 3.07656e-005 1.82187e-006
 9.66402e-027 1.27212e-020 2.73137e-015 8.00031e-011 3.19669e-007 0.000174247 0.0129569 0.131434 0.181882 0.0350387 0.0285056 0.147776 0.108865 0.0397408 0.112398 0.0676833 0.0529366 0.042754 0.0214895 0.0108854 0.00407538 0.00115225 0.000223795 2.5914e-005 1.42088e-006
 9.70822e-027 1.27994e-020 2.74816e-015 8.04948e-011 3.21634e-007 0.000175318 0.0130365 0.132242 0.183 0.0352528 0.0286318 0.148423 0.109343 0.0399641 0.113077 0.0679141 0.0522238 0.0417795 0.0200873 0.00993572 0.00365327 0.00103841 0.000199037 2.18515e-005 1.11421e-006
 9.65155e-027 1.2699e-020 2.72661e-015 7.98635e-011 3.19111e-007 0.000173943 0.0129343 0.131205 0.181565 0.0349914 0.0289981 0.150419 0.110808 0.0403239 0.113907 0.0683115 0.0520235 0.0413851 0.0193318 0.00927898 0.00325102 0.000900633 0.000171948 1.85052e-005 8.91717e-007
 9.60447e-027 1.26157e-020 2.70871e-015 7.93394e-011 3.17017e-007 0.000172802 0.0128494 0.130344 0.180373 0.0347663 0.0289845 0.150378 0.110796 0.0408426 0.115923 0.0693804 0.0521315 0.041288 0.0189202 0.00890493 0.00299517 0.000788571 0.000145441 1.54726e-005 7.25482e-007
 9.89298e-027 1.31263e-020 2.81834e-015 8.25503e-011 3.29847e-007 0.000179795 0.0133694 0.135619 0.187673 0.0361416 0.0289166 0.149825 0.110376 0.0403454 0.114146 0.0679944 0.0494802 0.0386597 0.0166041 0.00752989 0.00241742 0.000605682 0.000105374 1.0788e-005 4.9677e-007
 1.03868e-026 1.40003e-020 3.00599e-015 8.80468e-011 3.51809e-007 0.000191767 0.0142596 0.144649 0.200169 0.0385016 0.0290195 0.15005 0.110487 0.038824 0.108187 0.064079 0.0448206 0.0345523 0.0139353 0.00600114 0.0017783 0.00041964 6.86435e-005 6.6087e-006 2.92896e-007
 1.06704e-026 1.4502e-020 3.11371e-015 9.12019e-011 3.64416e-007 0.000198639 0.0147706 0.149832 0.207342 0.0398646 0.0294071 0.151937 0.11182 0.0377276 0.10341 0.0609891 0.0413773 0.0317039 0.0125376 0.00525419 0.0014582 0.000317505 4.80538e-005 4.31528e-006 1.80092e-007
 1.07034e-026 1.45602e-020 3.12621e-015 9.1568e-011 3.65879e-007 0.000199436 0.0148299 0.150434 0.208174 0.0400436 0.030269 0.156526 0.115166 0.0379727 0.103058 0.0602107 0.0379858 0.0286341 0.0107149 0.00435107 0.00115827 0.000236114 3.25771e-005 2.67725e-006 1.03827e-007
 1.06631e-026 1.44886e-020 3.11085e-015 9.11181e-011 3.64081e-007 0.000198456 0.014757 0.149695 0.207151 0.0398663 0.030883 0.159838 0.117607 0.0388783 0.10562 0.0611052 0.0354803 0.0260622 0.00864093 0.00324901 0.000795043 0.000152631 1.94956e-005 1.44935e-006 5.12332e-008
 1.05642e-026 1.43136e-020 3.07328e-015 9.00176e-011 3.59684e-007 0.000196059 0.0145788 0.147886 0.20465 0.0394021 0.0311862 0.161525 0.118861 0.0396571 0.108155 0.0623702 0.0351645 0.0254462 0.00763077 0.0026255 0.000557214 9.59618e-005 1.12424e-005 7.656e-007 2.44288e-008
 1.05755e-026 1.43335e-020 3.07755e-015 9.01428e-011 3.60184e-007 0.000196332 0.0145991 0.148092 0.204934 0.0394607 0.0313802 0.162555 0.119622 0.0399788 0.109104 0.0626418 0.0338945 0.0241993 0.00672984 0.00215074 0.000396788 5.85018e-005 5.90384e-006 3.61516e-007 1.04774e-008
 1.09231e-026 1.49487e-020 3.20964e-015 9.40117e-011 3.75643e-007 0.000204758 0.0152257 0.154448 0.21373 0.041113 0.0311027 0.160843 0.118342 0.0390162 0.105851 0.0604005 0.0307561 0.0215721 0.0054776 0.00161528 0.000264831 3.3728e-005 2.82028e-006 1.45585e-007 3.73684e-009
 1.12586e-026 1.55424e-020 3.33711e-015 9.77453e-011 3.90561e-007 0.00021289 0.0158303 0.160582 0.222218 0.0427283 0.0316555 0.163579 0.12028 0.0375434 0.0993785 0.0562514 0.0263124 0.0180337 0.00412045 0.00109766 0.000157618 1.74221e-005 1.22377e-006 5.15019e-008 1.09984e-009
 1.11958e-026 1.54312e-020 3.31323e-015 9.70459e-011 3.87767e-007 0.000211367 0.0157171 0.159433 0.220628 0.0424364 0.0319715 0.165311 0.121548 0.037803 0.0998953 0.0564399 0.025859 0.0176307 0.00394998 0.00101888 0.000132879 1.29251e-005 7.70446e-007 2.68553e-008 4.63444e-010
 1.14454e-026 1.58729e-020 3.40806e-015 9.98236e-011 3.98866e-007 0.000217417 0.0161669 0.163996 0.226943 0.0436373 0.0323473 0.167157 0.122869 0.037157 0.0968641 0.054054 0.0212584 0.0139202 0.00272257 0.000610467 7.25576e-005 6.27629e-006 3.20229e-007 9.31312e-009 1.31181e-010
 1.15767e-026 1.61051e-020 3.45793e-015 1.01284e-010 4.04702e-007 0.000220598 0.0164035 0.166396 0.230263 0.044266 0.0324361 0.167546 0.123133 0.0366503 0.0947917 0.0527086 0.0197372 0.0127032 0.00225408 0.000441202 4.51078e-005 3.31087e-006 1.47698e-007 3.65586e-009 4.25555e-011
 1.16871e-026 1.63004e-020 3.49986e-015 1.02512e-010 4.09609e-007 0.000223273 0.0166024 0.168414 0.233055 0.0448 0.0327231 0.169008 0.124179 0.0361429 0.0924148 0.0511355 0.0178273 0.0112354 0.00187537 0.000331885 2.99453e-005 1.81049e-006 6.61161e-008 1.38008e-009 1.35765e-011
 1.19687e-026 1.67989e-020 3.60688e-015 1.05647e-010 4.22134e-007 0.0002301 0.0171101 0.173563 0.240182 0.0461451 0.0327514 0.168974 0.124115 0.0350386 0.0881461 0.0483852 0.0148174 0.00896216 0.00135968 0.000202098 1.63749e-005 8.30099e-007 2.47377e-008 4.10168e-010 3.29552e-012
 1.20371e-026 1.69196e-020 3.6328e-015 1.06406e-010 4.25168e-007 0.000231753 0.017233 0.174811 0.241908 0.0465002 0.0339062 0.175107 0.128546 0.0342028 0.0831892 0.0452346 0.011586 0.00655671 0.000882924 9.76135e-005 6.75113e-006 2.63629e-007 6.4379e-009 8.50382e-011 5.34424e-013
 1.18283e-026 1.65501e-020 3.55347e-015 1.04083e-010 4.15884e-007 0.000226693 0.0168567 0.170994 0.236626 0.0455002 0.033769 0.174511 0.128161 0.0355726 0.0886509 0.0482593 0.0126232 0.00719451 0.000950723 9.84505e-005 6.19016e-006 1.87996e-007 3.62718e-009 3.71118e-011 1.8408e-013
 1.18569e-026 1.66007e-020 3.56433e-015 1.04401e-010 4.17154e-007 0.000227385 0.0169082 0.171516 0.237348 0.0456434 0.0340395 0.175939 0.12919 0.035305 0.0872146 0.047365 0.0117916 0.0065849 0.000843692 7.85634e-005 4.69901e-006 1.25897e-007 2.02215e-009 1.55909e-011 5.8486e-014
 1.16615e-026 1.62549e-020 3.49008e-015 1.02226e-010 4.08464e-007 0.000222649 0.016556 0.167943 0.232404 0.0447103 0.0340248 0.175989 0.129262 0.0363056 0.0910713 0.0496225 0.0132172 0.00757909 0.000988584 9.77145e-005 5.82441e-006 1.48006e-007 2.21607e-009 1.47401e-011 4.34445e-014
 1.18515e-026 1.65912e-020 3.56229e-015 1.04341e-010 4.16916e-007 0.000227255 0.0168985 0.171418 0.237213 0.0456237 0.0342699 0.177175 0.130089 0.0353274 0.0869521 0.0470821 0.010964 0.00594827 0.000744434 6.33679e-005 3.64538e-006 8.92251e-008 1.27574e-009 7.82259e-012 2.05384e-014
 1.19028e-026 1.6682e-020 3.5818e-015 1.04912e-010 4.19199e-007 0.0002285 0.0169911 0.172357 0.238512 0.0458565 0.0337865 0.174555 0.128185 0.0353359 0.0877199 0.0475945 0.0115977 0.00641285 0.000797985 6.61408e-005 3.70539e-006 8.33752e-008 1.13704e-009 6.73316e-012 1.66886e-014
 1.19381e-026 1.67443e-020 3.59518e-015 1.05304e-010 4.20765e-007 0.000229353 0.0170545 0.173 0.239403 0.0460325 0.0340975 0.176196 0.129361 0.0348647 0.0854393 0.0463179 0.0110915 0.00608865 0.000757752 6.28356e-005 3.48899e-006 7.52576e-008 9.71403e-010 5.30472e-012 1.24935e-014
 1.18713e-026 1.66263e-020 3.56982e-015 1.04562e-010 4.17797e-007 0.000227736 0.0169343 0.17178 0.237714 0.0457053 0.0337564 0.174415 0.128086 0.0354388 0.0881588 0.047914 0.0121149 0.00680503 0.000866056 7.83797e-005 4.46744e-006 1.00208e-007 1.30284e-009 6.85717e-012 1.51707e-014
 1.19467e-026 1.67597e-020 3.59847e-015 1.05401e-010 4.2115e-007 0.000229563 0.0170702 0.173159 0.239622 0.0460719 0.0340242 0.175798 0.129072 0.0348618 0.0855395 0.0463846 0.011173 0.00615101 0.000773011 6.67723e-005 3.80456e-006 8.83195e-008 1.17961e-009 6.35301e-012 1.39223e-014
 1.19317e-026 1.67331e-020 3.59275e-015 1.05233e-010 4.20481e-007 0.000229199 0.0170431 0.172884 0.239241 0.0460109 0.0344472 0.178071 0.130721 0.0347744 0.0845623 0.0457015 0.0101868 0.00541287 0.000661114 5.06306e-005 2.76982e-006 6.02642e-008 7.89348e-010 4.35766e-012 9.78867e-015
 1.19379e-026 1.67441e-020 3.59512e-015 1.05303e-010 4.20758e-007 0.00022935 0.0170543 0.172998 0.239399 0.0460294 0.0340056 0.175704 0.129011 0.0350895 0.0864432 0.0467765 0.0107274 0.00577394 0.000702589 5.27591e-005 2.82652e-006 5.69723e-008 7.01516e-010 3.68126e-012 8.21613e-015
 1.22818e-026 1.73528e-020 3.72581e-015 1.09131e-010 4.36054e-007 0.000237688 0.0176743 0.179287 0.248102 0.0476683 0.0338894 0.174856 0.128331 0.0332952 0.0797423 0.0429617 0.00886029 0.00452424 0.000534119 3.44677e-005 1.74972e-006 3.24125e-008 3.68206e-010 1.7603e-012 3.64786e-015
 1.23544e-026 1.74812e-020 3.75339e-015 1.09939e-010 4.39282e-007 0.000239447 0.0178051 0.180614 0.249938 0.0480202 0.0341036 0.175954 0.12911 0.0327171 0.0771996 0.0415208 0.00819371 0.00408207 0.000473293 2.74576e-005 1.32414e-006 2.18791e-008 2.24115e-010 9.78809e-013 1.84982e-015
 1.19831e-026 1.68239e-020 3.61225e-015 1.05804e-010 4.22763e-007 0.000230443 0.0171355 0.173822 0.24054 0.0462783 0.0353289 0.182754 0.134098 0.0339432 0.0800339 0.0430063 0.00827431 0.00406156 0.000467259 2.57894e-005 1.20873e-006 1.84516e-008 1.71773e-010 6.67475e-013 1.12916e-015
 1.18775e-026 1.6637e-020 3.57212e-015 1.04629e-010 4.18066e-007 0.000227883 0.0169452 0.171891 0.237867 0.0457738 0.0353113 0.182729 0.134111 0.0348074 0.0833776 0.0447032 0.00803077 0.00377595 0.000426589 2.07738e-005 9.21345e-007 1.31381e-008 1.12565e-010 3.97778e-013 5.99404e-016
 1.08963e-026 1.48997e-020 3.1991e-015 9.3703e-011 3.7441e-007 0.000204086 0.0151757 0.153941 0.213029 0.0411742 0.0386978 0.201492 0.147863 0.0378495 0.0898818 0.0481283 0.00831707 0.0038068 0.000421697 1.74517e-005 7.09563e-007 9.05759e-009 6.78106e-011 2.19108e-013 2.98945e-016
 1.0406e-026 1.4032e-020 3.01281e-015 8.82467e-011 3.52608e-007 0.000192202 0.014292 0.144977 0.200624 0.0388257 0.038369 0.200056 0.146953 0.0416516 0.104971 0.0560703 0.00882857 0.00376414 0.000410054 1.45548e-005 5.34771e-007 6.00048e-009 3.67406e-011 1.02982e-013 1.2144e-016
 2.05427e-026 3.19774e-020 6.86587e-015 2.01104e-010 8.03553e-007 0.000438007 0.0325698 0.330386 0.457193 0.0865234 0.0107325 0.0455341 0.0332253 0.003314 6.89937e-005 1.27674e-005 9.1188e-007 8.94284e-009 1.1964e-011 2.1839e-015 5.49838e-020 3.51661e-025 2.48116e-027 2.47326e-027 2.47192e-027
 2.10312e-026 3.28424e-020 7.05159e-015 2.06544e-010 8.25289e-007 0.000449855 0.0334508 0.339323 0.46956 0.0887988 0.00847145 0.0331163 0.0241635 0.00243777 0.000157256 6.57155e-005 4.71993e-006 4.62904e-008 6.20283e-011 1.27416e-014 3.07631e-018 7.41502e-022 2.92404e-026 2.47317e-027 2.47177e-027
#obs surv len freq
 nan nan nan nan nan nan nan nan nan nan nan nan nan nan nan nan nan nan nan nan nan nan nan nan nan
 4.91192e-027 7.73098e-021 1.65992e-015 4.86198e-011 1.94271e-007 0.000105894 0.00787423 0.0798756 0.110534 0.0213224 0.0184383 0.0957712 0.0706245 0.0277633 0.0806865 0.0515445 0.0551994 0.0534574 0.0510494 0.0495172 0.0502951 0.0512794 0.0542133 0.0512704 0.0191779
 5.27452e-027 8.30168e-021 1.78246e-015 5.22089e-011 2.08612e-007 0.000113711 0.0084555 0.085772 0.118694 0.0228978 0.019857 0.103149 0.0760643 0.0298747 0.0867915 0.0552509 0.0582008 0.0549021 0.0484752 0.0439788 0.0424664 0.0424764 0.0446477 0.0421645 0.0157676
 5.53139e-027 8.70598e-021 1.86927e-015 5.47515e-011 2.18771e-007 0.000119249 0.00886729 0.0899491 0.124474 0.0240119 0.0207812 0.107943 0.0796017 0.0313308 0.0910867 0.0579676 0.0609666 0.0572224 0.0493796 0.0420203 0.0371254 0.0348755 0.0359004 0.0337602 0.0126168
 5.67917e-027 8.93858e-021 1.91921e-015 5.62143e-011 2.24616e-007 0.000122435 0.0091042 0.0923523 0.1278 0.0246548 0.0213906 0.111117 0.081941 0.0322099 0.0936029 0.0596186 0.0629368 0.0590876 0.0509046 0.0425753 0.0352636 0.0298281 0.0288205 0.0267068 0.00996283
 5.80709e-027 9.13992e-021 1.96244e-015 5.74805e-011 2.29676e-007 0.000125193 0.00930927 0.0944325 0.130678 0.0252069 0.0217431 0.112928 0.0832783 0.0327885 0.0953353 0.0606806 0.0638643 0.0599812 0.0517622 0.0432263 0.0351094 0.0273389 0.0235691 0.0208944 0.00774772
 5.85862e-027 9.22102e-021 1.97985e-015 5.79905e-011 2.31714e-007 0.000126304 0.00939187 0.0952704 0.131838 0.0254334 0.0220488 0.114533 0.0844569 0.0331108 0.0961345 0.0612298 0.0646329 0.0606845 0.0523019 0.0437345 0.0354552 0.0266525 0.0204235 0.0165247 0.00601602
 5.89008e-027 9.27053e-021 1.99048e-015 5.83019e-011 2.32958e-007 0.000126982 0.00944229 0.0957819 0.132546 0.0255704 0.0221833 0.115234 0.0849785 0.0334402 0.0972121 0.061843 0.0649377 0.0609858 0.0526483 0.043984 0.0356555 0.0265599 0.0187894 0.0134032 0.0046771
 5.92906e-027 9.33188e-021 2.00366e-015 5.86877e-011 2.34499e-007 0.000127822 0.00950479 0.0964158 0.133423 0.0257372 0.0222375 0.115502 0.0851761 0.0335341 0.0975022 0.0620764 0.065407 0.0613391 0.0527036 0.0440533 0.0357142 0.0265377 0.018004 0.0113251 0.0036789
 5.94134e-027 9.35121e-021 2.00781e-015 5.88093e-011 2.34985e-007 0.000128087 0.00952448 0.0966155 0.133699 0.0257915 0.0223221 0.115947 0.085501 0.0335617 0.0974846 0.0620853 0.0655157 0.0615281 0.0530418 0.0442078 0.035779 0.026575 0.0176638 0.010049 0.00297899
 5.94474e-027 9.35657e-021 2.00896e-015 5.8843e-011 2.3512e-007 0.000128161 0.00952993 0.0966709 0.133776 0.0258068 0.0223557 0.116125 0.0856335 0.0336575 0.0978048 0.0622449 0.065477 0.0615036 0.053109 0.0443834 0.0359011 0.0266032 0.0175017 0.00928073 0.00250721
 5.96942e-027 9.3954e-021 2.01729e-015 5.90872e-011 2.36096e-007 0.000128692 0.00956949 0.0970721 0.134331 0.0259121 0.0223768 0.116223 0.0857066 0.0336995 0.0979395 0.0623258 0.0655351 0.0614679 0.0528591 0.0441889 0.0358229 0.0265362 0.0173337 0.00877879 0.00219225
 5.95966e-027 9.38005e-021 2.014e-015 5.89907e-011 2.3571e-007 0.000128482 0.00955385 0.0969135 0.134112 0.025872 0.0224297 0.116512 0.0859169 0.0337095 0.0978982 0.0623262 0.0656628 0.0616168 0.053016 0.0442005 0.0357887 0.0265593 0.0172847 0.00849673 0.00200234
 5.96472e-027 9.38801e-021 2.01571e-015 5.90407e-011 2.3591e-007 0.000128591 0.00956195 0.0969957 0.134226 0.0258938 0.0224419 0.116574 0.0859662 0.0338183 0.0983007 0.0625217 0.065583 0.0615196 0.0529273 0.0441254 0.0356531 0.026419 0.0171779 0.00828796 0.00187792
 5.96076e-027 9.38178e-021 2.01437e-015 5.90015e-011 2.35753e-007 0.000128506 0.00955561 0.0969314 0.134137 0.0258759 0.0223982 0.116343 0.085796 0.0337591 0.0981377 0.0624914 0.065893 0.0617991 0.0530832 0.0442644 0.0357725 0.0264591 0.01717 0.00819483 0.00181008
 5.95428e-027 9.37158e-021 2.01218e-015 5.89374e-011 2.35497e-007 0.000128366 0.00954522 0.096826 0.133991 0.0258488 0.0224146 0.116434 0.0858619 0.0337474 0.0980667 0.0624389 0.0658081 0.0617992 0.0532795 0.0443909 0.0358485 0.0265088 0.0171614 0.0081326 0.00176801
 5.97035e-027 9.39687e-021 2.01761e-015 5.90965e-011 2.36133e-007 0.000128713 0.00957099 0.0970874 0.134352 0.0259158 0.0223662 0.116166 0.0856656 0.0337186 0.0980301 0.0624034 0.0657125 0.0617019 0.0532101 0.0444596 0.0359458 0.0265583 0.0171706 0.00809387 0.00174211
 5.96805e-027 9.39326e-021 2.01683e-015 5.90737e-011 2.36042e-007 0.000128663 0.0095673 0.09705 0.134301 0.0259087 0.0224694 0.11672 0.0860692 0.0337414 0.0979632 0.0623567 0.0656438 0.0615881 0.052987 0.044252 0.0358433 0.0265203 0.0171273 0.00804326 0.00171975
 5.96479e-027 9.38812e-021 2.01573e-015 5.90414e-011 2.35913e-007 0.000128593 0.00956207 0.0969969 0.134227 0.0258932 0.0224068 0.116387 0.0858287 0.0337885 0.0982384 0.0625034 0.0656647 0.0616319 0.0530988 0.0442952 0.0358482 0.0265703 0.0171736 0.00804453 0.00171213
 5.9678e-027 9.39286e-021 2.01675e-015 5.90712e-011 2.36032e-007 0.000128658 0.00956689 0.0970458 0.134295 0.0259066 0.0224285 0.116501 0.0859105 0.0337546 0.0980758 0.062442 0.0657952 0.061706 0.0530137 0.0442416 0.0357884 0.0265076 0.017158 0.00803057 0.00170378
 5.97e-027 9.39632e-021 2.01749e-015 5.9093e-011 2.36119e-007 0.000128705 0.00957042 0.0970816 0.134344 0.0259159 0.0224284 0.116499 0.0859098 0.0337678 0.098127 0.0624499 0.0656901 0.061659 0.0531064 0.0442433 0.0357521 0.0264704 0.0171338 0.00802257 0.00169903
 5.96411e-027 9.38705e-021 2.0155e-015 5.90346e-011 2.35886e-007 0.000128578 0.00956098 0.0969858 0.134212 0.025891 0.022432 0.116522 0.0859262 0.0337674 0.0981194 0.0624567 0.0657513 0.061696 0.0530946 0.0443156 0.0358111 0.0264777 0.0171308 0.00802294 0.00169815
