SBPRF35
0.258703
Curr Bio
222287
B35
630989
F35
0.421906
FOFL
0.176227
OFL
36438.5
Bzero
73915.2
#pred survey bio
 24290.2 32463 24355.6 15450.1 26010.7 45405.1 71919.1 119582 143740 168980 169419 167850 170365 229183 223286 193684 206853 211164 210801 226645 164353 182934 190311 225161 210194 237778 202311 250787 1.08597e+07 9.46236e+06 7.32659e+06 5.01226e+06 3.27286e+06 2.15657e+06 1.49591e+06 1.12014e+06 909196 790109 721642 681270 656806 641599 631916 625523 621424 618763 617021 615873 615114 614610 614276 614053 613905 613806 613740 613696 613667 613647 613634 613625 613619 613616 613613 613611 613610 613609 613609 613608 613608 613608 613608 613608 613608 613608 613608 613608 613608 613608 613608 613608 613608 613608 613608 613608 613608 613608 613608 613608 613608 613608 613608 613608 613608 613608 613608 613608 613608 613608 613608 613608 613608 613608 613608 613608 613608 613608 613608 613608 613608 613608 613608 613608 613608 613608 613608 613608 613608 613608 613608 613608 613608 613608 613608 613608 613608 613608 613608 613608 0 0 0 0 0 0 0 0 0 0 0 0 0 0 0 0 0 0 0 0 0 0 0 0 0
#obs survey bio
 18624 27835.6 17090.1 25858.8 29350.8 43883.4 74489.9 119404 168566 254114 147108 176906 153389 237739 172025 166768 222848 230833 189234 172451 190798 186876 205087 323233 260892 300185 177874 259231
#pred catch bio
 7295.58 14866.5 13448.8 7405 13687.5 28194.1 41486.8 84134.3 95754.4 118717 132027 141077 131795 196482 201886 175965 194254 198728 196945 235845 170067 193340 194934 243094 232514 274783 229661 246034 36438.5 126566 94188.1 61240.1 37633.7 23292.4 15382.4 11284.9 9251.76 8273.52 7813.29 7600.37 7503.1 7459.08 7439.3 7430.38 7426.48 7424.77 7424.03 7423.7 7423.56 7423.49 7423.47 7423.45 7423.45 7423.45 7423.44 7423.44 7423.44 7423.44 7423.44 7423.44 7423.44 7423.44 7423.44 7423.44 7423.44 7423.44 7423.44 7423.44 7423.44 7423.44 7423.44 7423.44 7423.44 7423.44 7423.44 7423.44 7423.44 7423.44 7423.44 7423.44 7423.44 7423.44 7423.44 7423.44 7423.44 7423.44 7423.44 7423.44 7423.44 7423.44 7423.44 7423.44 7423.44 7423.44 7423.44 7423.44 7423.44 7423.44 7423.44 7423.44 7423.44 7423.44 7423.44 7423.44 7423.44 7423.44 7423.44 7423.44 7423.44 7423.44 7423.44 7423.44 7423.44 7423.44 7423.44 7423.44 7423.44 7423.44 7423.44 7423.44 7423.44 7423.44 7423.44 7423.44 7423.44 7423.44 7423.44 7423.44 0 0 0 0 0 0 0 0 0 0 0 0 0 0 0 0 0 0 0 0 0 0 0 0 0
#obs catch bio
 11876.4 16041.4 15947.8 7657.23 13176.3 28548.2 40332.9 83227.2 89692.9 110464 134216 134160 132344 200350 212778 176324 201110 182887 191370 240166 162118 196244 165538 197089 202801 263638 212802 236621
#pred cpue bio
 22384.7 30983.4 23846.9 14525.2 22987.6 40891.7 63718.3 107169 128480 153173 153335 148562 149514 201188 196480 168974 178415 181974 181892 194928 139405 153621 159915 189899 175746 196823 166972 206605 9.3234e+06 9.44284e+06 7.30707e+06 4.99274e+06 3.25333e+06 2.13705e+06 1.47639e+06 1.10062e+06 889675 770587 702120 661748 637284 622077 612394 606001 601902 599241 597499 596351 595592 595089 594754 594531 594383 594284 594218 594174 594145 594125 594112 594104 594098 594094 594091 594090 594088 594088 594087 594087 594087 594086 594086 594086 594086 594086 594086 594086 594086 594086 594086 594086 594086 594086 594086 594086 594086 594086 594086 594086 594086 594086 594086 594086 594086 594086 594086 594086 594086 594086 594086 594086 594086 594086 594086 594086 594086 594086 594086 594086 594086 594086 594086 594086 594086 594086 594086 594086 594086 594086 594086 594086 594086 594086 594086 594086 594086 594086 594086 594086 0 0 0 0 0 0 0 0 0 0 0 0 0 0 0 0 0 0 0 0 0 0 0 0 0
#obs cpue bio
 33980.1 25419.7 14270.3 11397.2 26184.4 39710.4 66442.2 119505 151495 127417 150427 187263 137002 191162 202532 196134 142466 251604 206758 249373 138794 139136 299826 307374 224480 185877 250414 227387
#pred surv len freq
 1.63987e-11 1.77993e-09 1.13915e-07 4.2988e-06 9.56536e-05 0.00125501 0.00970994 0.0443141 0.119488 0.191914 0.191003 0.137986 0.100173 0.0771786 0.0504536 0.0287735 0.0166759 0.0100437 0.00630964 0.00424297 0.00311553 0.00252951 0.00214759 0.00163672 0.00094914
 1.12516e-11 1.22126e-09 7.81604e-08 2.94953e-06 6.56311e-05 0.000861132 0.00666346 0.0304327 0.0823634 0.134748 0.145736 0.136241 0.139056 0.126462 0.0869105 0.0502105 0.0278957 0.0147122 0.00748706 0.00395817 0.00229059 0.00151263 0.00112073 0.000806644 0.000464369
 6.58386e-12 7.14615e-10 4.57353e-08 1.72591e-06 3.84042e-05 0.000503914 0.0039001 0.017831 0.0485154 0.0814483 0.0977598 0.115493 0.144498 0.14911 0.122645 0.0912552 0.0611078 0.0344339 0.0168897 0.00766221 0.00340982 0.00164906 0.00094166 0.000586347 0.000319331
 1.49976e-11 1.62785e-09 1.04182e-07 3.93151e-06 8.74808e-05 0.00114778 0.00888007 0.0405219 0.109198 0.174859 0.171575 0.117787 0.0797348 0.0664873 0.0604881 0.0552502 0.0457416 0.0324436 0.0194762 0.00968139 0.00405285 0.00154718 0.00061795 0.000285305 0.000133594
 1.98265e-11 2.15198e-09 1.37726e-07 5.19735e-06 0.000115647 0.00151733 0.0117388 0.0535596 0.144228 0.230114 0.221767 0.140879 0.0771165 0.0470208 0.0275372 0.0149722 0.00975015 0.00763645 0.00569895 0.00354596 0.00176238 0.000698711 0.000233904 7.57331e-05 2.6005e-05
 1.75979e-11 1.91009e-09 1.22245e-07 4.61316e-06 0.000102648 0.00134679 0.0104199 0.0475531 0.128206 0.205779 0.20415 0.14564 0.102707 0.0754563 0.0440531 0.0193366 0.00768574 0.00336995 0.00182225 0.00116647 0.000699439 0.000334696 0.000122569 3.5574e-05 9.03388e-06
 1.90146e-11 2.06385e-09 1.32086e-07 4.98452e-06 0.000110912 0.0014552 0.0112584 0.0513722 0.138402 0.22134 0.215791 0.143888 0.0887203 0.0601622 0.0361152 0.0179412 0.00816002 0.00332826 0.00118153 0.000427714 0.000190506 9.37554e-05 3.96775e-05 1.27236e-05 3.06292e-06
 1.79961e-11 1.9533e-09 1.25011e-07 4.71752e-06 0.000104971 0.00137726 0.0106556 0.0486263 0.13107 0.21014 0.207363 0.144993 0.0985765 0.0711663 0.0422677 0.0196821 0.00843167 0.00353417 0.00135436 0.000455234 0.000136095 4.1488e-05 1.43528e-05 4.75729e-06 1.23162e-06
 1.82258e-11 1.97823e-09 1.26607e-07 4.77774e-06 0.000106311 0.00139483 0.0107915 0.0492456 0.132724 0.212669 0.209279 0.144787 0.0964326 0.0687827 0.0409692 0.0193229 0.0083097 0.00337581 0.00123283 0.000408974 0.00012186 3.15112e-05 7.34798e-06 1.72292e-06 3.97563e-07
 1.69744e-11 1.84241e-09 1.17914e-07 4.44971e-06 9.90116e-05 0.00129907 0.0100509 0.0458712 0.123703 0.19881 0.198459 0.144868 0.106618 0.0811048 0.049247 0.0233786 0.0101257 0.00415369 0.00152305 0.000496679 0.000143066 3.57226e-05 7.61668e-06 1.3873e-06 2.26609e-07
 1.71989e-11 1.86677e-09 1.19473e-07 4.50854e-06 0.000100321 0.00131625 0.0101837 0.0464757 0.125311 0.201217 0.200029 0.14383 0.103221 0.0778186 0.0481147 0.0240164 0.011079 0.0047234 0.00176123 0.000579798 0.00016728 4.11625e-05 8.47919e-06 1.43762e-06 1.98771e-07
 1.90332e-11 2.06587e-09 1.32215e-07 4.98939e-06 0.00011102 0.00145662 0.0112694 0.0514228 0.138543 0.221605 0.21623 0.144648 0.0897098 0.060663 0.0355044 0.0166931 0.00727564 0.00308645 0.00120028 0.000414814 0.000123329 3.07457e-05 6.3289e-06 1.05252e-06 1.38248e-07
 1.95387e-11 2.12074e-09 1.35727e-07 5.12191e-06 0.000113969 0.0014953 0.0115686 0.0527869 0.1422 0.227307 0.221095 0.145982 0.0877004 0.0571633 0.0317736 0.013308 0.00483188 0.00175294 0.000622347 0.000208215 6.30695e-05 1.6365e-05 3.47941e-06 5.87218e-07 7.68098e-08
 1.95144e-11 2.1181e-09 1.35558e-07 5.11554e-06 0.000113827 0.00149345 0.0115543 0.0527214 0.142025 0.227034 0.220866 0.145933 0.0878343 0.057414 0.0320841 0.0135771 0.00493132 0.00169146 0.000523464 0.000147291 3.92374e-05 9.64611e-06 2.05717e-06 3.57237e-07 4.80105e-08
 1.93027e-11 2.09513e-09 1.34088e-07 5.06006e-06 0.000112592 0.00147725 0.011429 0.052151 0.140503 0.224725 0.2192 0.146397 0.0902463 0.0599612 0.0333071 0.0136437 0.00468085 0.00153457 0.000464101 0.000124621 2.96463e-05 6.2218e-06 1.16048e-06 1.8853e-07 2.5102e-08
 1.99184e-11 2.16195e-09 1.38365e-07 5.22145e-06 0.000116184 0.00152437 0.0117934 0.0538112 0.144941 0.231535 0.224485 0.146251 0.0850712 0.0537835 0.0292649 0.011787 0.00392572 0.00123454 0.000355007 9.02947e-05 2.04756e-05 4.04231e-06 6.77119e-07 9.5421e-08 1.12255e-08
 2.06778e-11 2.24438e-09 1.4364e-07 5.42053e-06 0.000120613 0.00158248 0.0122429 0.0558589 0.150414 0.239936 0.231003 0.14607 0.0786822 0.046147 0.0242499 0.00947313 0.00299969 0.000893143 0.000246209 5.99979e-05 1.2923e-05 2.41031e-06 3.80067e-07 4.96446e-08 5.24689e-09
 2.07078e-11 2.24763e-09 1.43848e-07 5.42837e-06 0.000120788 0.00158477 0.0122606 0.0559398 0.150632 0.240288 0.231362 0.146345 0.0788625 0.0461353 0.0239383 0.00898919 0.00260944 0.000697704 0.000177059 4.03976e-05 8.21274e-06 1.45416e-06 2.17211e-07 2.67229e-08 2.63979e-09
 2.06216e-11 2.23828e-09 1.43249e-07 5.40579e-06 0.000120285 0.00157818 0.0122096 0.0557075 0.150012 0.239339 0.23064 0.146412 0.0796595 0.0470556 0.024502 0.00919939 0.00265568 0.00069453 0.000166891 3.47469e-05 6.36777e-06 1.0329e-06 1.43811e-07 1.66459e-08 1.55057e-09
 2.08383e-11 2.26179e-09 1.44754e-07 5.46258e-06 0.000121549 0.00159476 0.0123378 0.0562917 0.151572 0.241726 0.232454 0.146237 0.077648 0.0447511 0.0231222 0.00871204 0.00254622 0.000675812 0.000163241 3.35834e-05 5.91381e-06 8.90187e-07 1.12332e-07 1.17902e-08 1.01137e-09
 2.16698e-11 2.35205e-09 1.50531e-07 5.68057e-06 0.000126399 0.00165839 0.01283 0.058534 0.157565 0.25092 0.239569 0.145975 0.0705537 0.0363138 0.0176335 0.00624471 0.00161083 0.000361572 7.86871e-05 1.57565e-05 2.77733e-06 4.15578e-07 5.08775e-08 5.01833e-09 3.94264e-10
 2.22371e-11 2.41363e-09 1.54472e-07 5.82928e-06 0.000129708 0.0017018 0.0131658 0.0600636 0.161652 0.257179 0.244361 0.145626 0.0654549 0.0303907 0.0139729 0.00481186 0.00118494 0.00024322 4.68606e-05 8.1014e-06 1.23256e-06 1.68171e-07 1.99123e-08 1.93828e-09 1.48525e-10
 2.21957e-11 2.40913e-09 1.54184e-07 5.81843e-06 0.000129467 0.00169864 0.0131413 0.059952 0.161354 0.256728 0.244039 0.145727 0.0659423 0.0308985 0.0142055 0.00480763 0.00112156 0.000206777 3.53758e-05 5.53484e-06 7.51947e-07 8.90375e-08 9.07336e-09 7.81424e-10 5.57289e-11
 2.19896e-11 2.38676e-09 1.52753e-07 5.7644e-06 0.000128265 0.00168286 0.0130193 0.0593963 0.15987 0.254454 0.242298 0.145852 0.0677922 0.0330506 0.0155406 0.00533477 0.00127812 0.000246703 4.338e-05 6.55932e-06 8.11169e-07 8.50836e-08 7.65176e-09 5.74798e-10 3.53767e-11
 2.24693e-11 2.43883e-09 1.56085e-07 5.89015e-06 0.000131063 0.00171957 0.0133032 0.0606897 0.163325 0.259744 0.246335 0.145517 0.0634194 0.0279991 0.0124567 0.00417451 0.000968475 0.00017671 2.96158e-05 4.45805e-06 5.64412e-07 5.9646e-08 5.13128e-09 3.50231e-10 1.90195e-11
 2.29938e-11 2.49576e-09 1.59728e-07 6.02763e-06 0.000134122 0.00175971 0.0136136 0.0621037 0.167102 0.265526 0.250745 0.145138 0.0586203 0.022465 0.0090921 0.00292471 0.000644944 0.00010613 1.56022e-05 2.12927e-06 2.51925e-07 2.55182e-08 2.17384e-09 1.49094e-10 7.97241e-12
 2.31397e-11 2.5116e-09 1.60742e-07 6.06589e-06 0.000134973 0.00177088 0.0137 0.0624972 0.168154 0.267136 0.251979 0.145052 0.0573129 0.0209431 0.00814665 0.00254968 0.00053179 7.59715e-05 8.83463e-06 9.7049e-07 9.77213e-08 8.62813e-09 6.60292e-10 4.22112e-11 2.17328e-12
 2.32308e-11 2.52148e-09 1.61374e-07 6.08976e-06 0.000135504 0.00177784 0.0137539 0.0627427 0.168809 0.268139 0.25274 0.144973 0.0564604 0.01997 0.00756894 0.00235156 0.000491554 7.08828e-05 8.29814e-06 8.79568e-07 7.85844e-08 5.65912e-09 3.45627e-10 1.83173e-11 8.17026e-13
#obs surv len freq
 4.98953e-11 4.62413e-09 2.52689e-07 8.14199e-06 0.000154691 0.001733 0.0114497 0.0446462 0.103162 0.144267 0.13488 0.11436 0.113366 0.107672 0.0877222 0.0639098 0.0399681 0.0204025 0.00850397 0.00286703 0.000755201 0.000149398 2.13474e-05 2.12136e-06 1.41724e-07
 3.05896e-11 2.73427e-09 1.44111e-07 4.47857e-06 8.20694e-05 0.000886887 0.00565529 0.0213449 0.0484699 0.0716297 0.089667 0.126463 0.166079 0.164345 0.128898 0.0881131 0.0510502 0.0240391 0.00935191 0.00300067 0.000757051 0.000142014 1.89428e-05 1.73542e-06 1.06173e-07
 1.42387e-11 1.22543e-09 6.21862e-08 1.86077e-06 3.28324e-05 0.000341692 0.00210028 0.0076794 0.0173218 0.0281645 0.0468161 0.0862584 0.136425 0.17602 0.189818 0.157595 0.0931802 0.0399561 0.0134794 0.00377937 0.000860761 0.000149453 1.86191e-05 1.58952e-06 8.99949e-08
 2.67154e-10 2.21017e-08 1.07815e-06 3.10109e-05 0.000525944 0.00525959 0.0310136 0.107834 0.221113 0.267577 0.191901 0.083792 0.0270643 0.0145195 0.0154514 0.014868 0.0105771 0.0055558 0.00215412 0.000611796 0.000127703 1.96429e-05 2.18508e-06 1.6937e-07 8.80148e-09
 1.91141e-10 1.51774e-08 7.10608e-07 1.96178e-05 0.000319349 0.00306557 0.0173609 0.0581333 0.116459 0.147851 0.147309 0.158142 0.162296 0.116148 0.0518189 0.0150415 0.00382391 0.00138662 0.000583087 0.00019126 4.35786e-05 6.73786e-06 7.02664e-07 4.91747e-08 2.28571e-09
 4.35091e-10 3.31116e-08 1.48582e-06 3.93133e-05 0.000613341 0.00564237 0.03061 0.0979806 0.18558 0.211098 0.155088 0.0957359 0.071435 0.0594343 0.044844 0.0270134 0.0112991 0.00300861 0.000507614 6.13046e-05 7.11659e-06 8.81656e-07 8.93389e-08 6.1426e-09 2.71457e-10
 5.23747e-10 3.81493e-08 1.63847e-06 4.14932e-05 0.000619598 0.00545581 0.0283371 0.0869524 0.158924 0.180226 0.149858 0.127914 0.114287 0.0800461 0.0411372 0.0173729 0.00640945 0.00191678 0.000426408 6.68608e-05 7.13424e-06 5.20947e-07 2.80957e-08 1.2378e-09 4.39734e-11
 7.56233e-10 5.2654e-08 2.1617e-06 5.23294e-05 0.000746947 0.00628714 0.0312159 0.0915767 0.160126 0.174262 0.140643 0.118897 0.107831 0.0817469 0.0498598 0.0247839 0.00918381 0.00232662 0.00040223 5.08414e-05 5.02031e-06 3.80121e-07 2.04462e-08 7.38283e-10 1.76824e-11
 1.16211e-09 7.72528e-08 3.02809e-06 6.99859e-05 0.000953777 0.0076649 0.0363363 0.1018 0.170151 0.177776 0.139636 0.116063 0.101861 0.0738502 0.0431137 0.0207445 0.0076059 0.00196556 0.00035454 4.56444e-05 4.23084e-06 2.79731e-07 1.30807e-08 4.29276e-10 9.68778e-12
 1.13855e-09 7.21814e-08 2.69826e-06 5.94749e-05 0.00077302 0.00592565 0.0268164 0.0720119 0.117744 0.131386 0.135881 0.154765 0.149921 0.106695 0.0592584 0.0268603 0.00923463 0.00223403 0.000379292 4.6802e-05 4.2564e-06 2.78423e-07 1.26324e-08 3.86867e-10 7.8645e-12
 2.55108e-09 1.54079e-07 5.4872e-06 0.000115225 0.00142672 0.0104175 0.0448761 0.114314 0.174245 0.168306 0.127681 0.107364 0.0961096 0.0744045 0.0476102 0.0233253 0.00782712 0.00170306 0.000243012 2.40663e-05 1.76631e-06 9.83625e-08 4.03267e-09 1.15985e-10 2.24799e-12
 3.60112e-09 2.07005e-07 7.01635e-06 0.000140227 0.00165255 0.0114853 0.047112 0.114504 0.168189 0.163361 0.137949 0.128893 0.108155 0.0677188 0.0328894 0.0130235 0.0039408 0.00084082 0.000124278 1.29399e-05 9.53881e-07 4.90066e-08 1.72774e-09 4.16315e-11 6.84716e-13
 5.32274e-09 2.90941e-07 9.37697e-06 0.000178201 0.00199693 0.0131977 0.0514878 0.119119 0.167223 0.157796 0.133892 0.126258 0.106075 0.0684669 0.0351698 0.0141949 0.0040657 0.000766311 9.43632e-05 7.93917e-06 4.85669e-07 2.22124e-08 7.38902e-10 1.70176e-11 2.60993e-13
 7.25361e-09 3.7669e-07 1.15346e-05 0.000208263 0.00221736 0.0139248 0.0516478 0.113914 0.154459 0.147899 0.137636 0.137797 0.114444 0.0716691 0.0356807 0.0138845 0.00382173 0.000695428 8.33135e-05 6.79292e-06 3.89721e-07 1.58319e-08 4.48598e-10 8.73514e-12 1.15818e-13
 1.05271e-08 5.18997e-07 1.50872e-05 0.000258612 0.00261402 0.0155862 0.0549144 0.115319 0.150481 0.143819 0.139268 0.140796 0.114639 0.0706663 0.0346435 0.012995 0.00335898 0.000560895 6.02132e-05 4.30734e-06 2.1586e-07 7.7964e-09 2.00725e-10 3.57061e-12 4.26647e-14
 1.75469e-08 8.20699e-07 2.26337e-05 0.000368062 0.00352947 0.0199647 0.0667287 0.132894 0.164203 0.14772 0.133781 0.127729 0.100055 0.0603886 0.029046 0.0105238 0.00259026 0.000409359 4.14935e-05 2.78915e-06 1.29647e-07 4.25355e-09 9.7495e-11 1.52704e-12 1.60693e-14
 2.59528e-08 1.15089e-06 3.00935e-05 0.000463989 0.00421868 0.0226292 0.0717697 0.136062 0.162311 0.147235 0.139038 0.131534 0.0971006 0.0538962 0.0236839 0.00791251 0.00181665 0.000269908 2.58657e-05 1.65073e-06 7.29096e-08 2.26284e-09 4.86322e-11 7.06185e-13 6.80241e-15
 3.89166e-08 1.63542e-06 4.05242e-05 0.000592102 0.00510177 0.0259364 0.0779967 0.140508 0.160753 0.143585 0.136031 0.127393 0.0939807 0.0536491 0.0242595 0.00807989 0.00180535 0.000260204 2.44587e-05 1.55289e-06 6.84902e-08 2.09721e-09 4.3629e-11 6.03448e-13 5.47688e-15
 5.26622e-08 2.09633e-06 4.9205e-05 0.000681025 0.00555891 0.026781 0.0764454 0.131741 0.148954 0.142303 0.147088 0.1383 0.0978036 0.0529027 0.0225799 0.00708937 0.00149642 0.000204941 1.84733e-05 1.13618e-06 4.88858e-08 1.46393e-09 2.97847e-11 4.02341e-13 3.55183e-15
 8.35193e-08 3.14826e-06 6.99752e-05 0.000917113 0.00708884 0.0323405 0.0874257 0.142717 0.152939 0.138714 0.137172 0.12625 0.0910038 0.0517577 0.0228228 0.00711037 0.00145626 0.000193243 1.70348e-05 1.03302e-06 4.3752e-08 1.27753e-09 2.51124e-11 3.26117e-13 2.76295e-15
 1.3337e-07 4.75953e-06 0.000100152 0.0012427 0.009094 0.0392843 0.100614 0.156016 0.160363 0.141971 0.13589 0.117256 0.0772169 0.0395633 0.0158339 0.00455637 0.000874034 0.000109758 9.24065e-06 5.39186e-07 2.20615e-08 6.23076e-10 1.18452e-11 1.48552e-13 1.21129e-15
 1.92053e-07 6.48763e-06 0.000129224 0.0015178 0.0105148 0.0430136 0.104487 0.154768 0.156046 0.142117 0.138773 0.117205 0.0749102 0.0373352 0.0144109 0.00395322 0.00071976 8.59827e-05 6.91868e-06 3.86753e-07 1.51311e-08 4.07125e-10 7.35616e-12 8.76298e-14 6.7888e-16
 2.6853e-07 8.58595e-06 0.000161875 0.00179966 0.0118023 0.0457284 0.105466 0.149933 0.15065 0.144192 0.144304 0.119196 0.0738488 0.0356585 0.0131829 0.00341582 0.000582239 6.47779e-05 4.83988e-06 2.51221e-07 9.15827e-09 2.30725e-10 3.91766e-12 4.39212e-14 3.20131e-16
 4.15357e-07 1.25704e-05 0.000224321 0.00236058 0.0146537 0.0537516 0.117457 0.158709 0.15305 0.142108 0.137204 0.109231 0.0659249 0.0310799 0.0110496 0.00270533 0.000430637 4.43533e-05 3.04294e-06 1.44144e-07 4.78664e-09 1.10051e-10 1.71088e-12 1.76223e-14 1.18426e-16
 5.96183e-07 1.70789e-05 0.000288495 0.00287379 0.0168891 0.0586848 0.121799 0.158088 0.151573 0.144517 0.138664 0.106134 0.0611567 0.0274885 0.00929314 0.00216635 0.000330932 3.31244e-05 2.23163e-06 1.03599e-07 3.31399e-09 7.172e-11 1.02988e-12 9.6884e-15 5.91829e-17
 7.81447e-07 2.11921e-05 0.000338886 0.00319592 0.0177866 0.0586038 0.116022 0.147207 0.147362 0.152476 0.148732 0.110404 0.0611208 0.0262464 0.00837739 0.00182226 0.000257265 2.36012e-05 1.45106e-06 6.17762e-08 1.83744e-09 3.75295e-11 5.12992e-13 4.59336e-15 2.65212e-17
 1.08248e-06 2.77934e-05 0.000420795 0.00375737 0.0198039 0.0618573 0.116619 0.143388 0.144815 0.153196 0.148476 0.109513 0.0613459 0.0265242 0.00828322 0.00172114 0.000229477 1.9782e-05 1.13751e-06 4.49505e-08 1.2296e-09 2.29364e-11 2.85734e-13 2.3389e-15 1.24271e-17
 1.62306e-06 3.94601e-05 0.000565706 0.00478323 0.0238755 0.0706607 0.126492 0.148805 0.145969 0.150272 0.140563 0.100692 0.0553083 0.0233383 0.00703094 0.00140518 0.000181703 1.54167e-05 8.82488e-07 3.46245e-08 9.24342e-10 1.64612e-11 1.92187e-13 1.45515e-15 7.09045e-18
#pred catch len freq
 1.56942e-11 1.70345e-09 1.09021e-07 4.1141e-06 9.15439e-05 0.0012011 0.00929291 0.0424137 0.114404 0.184066 0.184699 0.137437 0.104951 0.0832899 0.0548839 0.0313459 0.0181701 0.0109438 0.00687507 0.0046232 0.00339472 0.00275619 0.00234005 0.00178339 0.0010342
 1.07875e-11 1.17088e-09 7.49361e-08 2.82786e-06 6.29237e-05 0.000825612 0.00638873 0.0291809 0.0790144 0.129584 0.141611 0.13596 0.142345 0.130653 0.0899751 0.0519995 0.0288908 0.0152371 0.00775418 0.00409939 0.00237231 0.0015666 0.00116071 0.000835424 0.000480937
 6.39106e-12 6.93688e-10 4.43959e-08 1.67537e-06 3.72796e-05 0.000489159 0.00378597 0.0173108 0.0471224 0.0792883 0.0959754 0.115181 0.145563 0.150639 0.123971 0.0922498 0.0617743 0.0348095 0.0170739 0.00774579 0.00344701 0.00166704 0.000951931 0.000592743 0.000322814
 1.46047e-11 1.5852e-09 1.01452e-07 3.8285e-06 8.51888e-05 0.00111771 0.00864746 0.0394615 0.106354 0.17042 0.167766 0.11667 0.0811296 0.0689266 0.0630109 0.057591 0.0476819 0.0338199 0.0203024 0.0100921 0.00422477 0.00161281 0.000644163 0.000297408 0.000139261
 1.96553e-11 2.13339e-09 1.36537e-07 5.15248e-06 0.000114649 0.00150423 0.0116375 0.0530979 0.142993 0.228208 0.220238 0.140755 0.0782847 0.0484892 0.028561 0.0155476 0.0101264 0.00793123 0.00591894 0.00368284 0.00183041 0.000725683 0.000242933 7.86566e-05 2.70088e-05
 1.75596e-11 1.90592e-09 1.21979e-07 4.6031e-06 0.000102425 0.00134385 0.0103972 0.0474497 0.127929 0.205354 0.20382 0.145649 0.103029 0.0758391 0.044301 0.0194476 0.00772999 0.00338936 0.00183275 0.00117319 0.000703468 0.000336624 0.000123275 3.57789e-05 9.08591e-06
 1.89056e-11 2.05203e-09 1.31329e-07 4.95596e-06 0.000110276 0.00144686 0.0111939 0.0510784 0.137617 0.220133 0.214845 0.143884 0.0895898 0.0612251 0.0368442 0.0183124 0.00832942 0.00339738 0.00120606 0.000436596 0.000194462 9.57024e-05 4.05015e-05 1.29878e-05 3.12652e-06
 1.81332e-11 1.96819e-09 1.25964e-07 4.75348e-06 0.000105771 0.00138775 0.0107368 0.0489962 0.132058 0.211658 0.208545 0.144974 0.097444 0.0698048 0.0413644 0.0192526 0.00824711 0.00345679 0.00132471 0.000445266 0.000133115 4.05796e-05 1.40385e-05 4.65313e-06 1.20465e-06
 1.82811e-11 1.98424e-09 1.26991e-07 4.79224e-06 0.000106633 0.00139907 0.0108243 0.0493948 0.133122 0.213281 0.209756 0.144781 0.0959782 0.0682347 0.040603 0.0191465 0.00823357 0.00334488 0.00122153 0.000405226 0.000120743 3.12224e-05 7.28064e-06 1.70713e-06 3.9392e-07
 1.71253e-11 1.85879e-09 1.18962e-07 4.48926e-06 9.98917e-05 0.00131062 0.0101402 0.0462781 0.124791 0.200481 0.199762 0.144852 0.10538 0.0796113 0.0482482 0.0228958 0.00991609 0.00406768 0.00149151 0.000486394 0.000140104 3.49828e-05 7.45895e-06 1.35858e-06 2.21917e-07
 1.7538e-11 1.90358e-09 1.21829e-07 4.59744e-06 0.000102299 0.0013422 0.0103844 0.0473902 0.127756 0.204976 0.202974 0.143843 0.100514 0.0745132 0.0458531 0.0228665 0.0105471 0.00449659 0.00167666 0.000551957 0.000159248 3.9186e-05 8.07203e-06 1.36859e-06 1.89227e-07
 1.94239e-11 2.10828e-09 1.34929e-07 5.09181e-06 0.000113299 0.00148652 0.0115006 0.0524764 0.14136 0.225931 0.219602 0.144608 0.0865069 0.0568005 0.0329268 0.0154505 0.00673208 0.00285578 0.00111057 0.000383812 0.000114112 2.84479e-05 5.8559e-06 9.73854e-07 1.27916e-07
 1.97706e-11 2.1459e-09 1.37338e-07 5.18269e-06 0.000115321 0.00151305 0.0117059 0.0534122 0.143871 0.22987 0.223073 0.145891 0.0856947 0.0547974 0.0302632 0.0126578 0.00459475 0.00166687 0.000591788 0.000197991 5.99726e-05 1.55614e-05 3.30856e-06 5.58384e-07 7.30381e-08
 1.99039e-11 2.16037e-09 1.38264e-07 5.21764e-06 0.000116099 0.00152325 0.0117848 0.0537716 0.144832 0.231338 0.224189 0.145783 0.0844716 0.0534399 0.0295347 0.0124686 0.0045269 0.00155267 0.000480511 0.000135205 3.60178e-05 8.8546e-06 1.88837e-06 3.27924e-07 4.4071e-08
 1.98034e-11 2.14947e-09 1.37566e-07 5.1913e-06 0.000115513 0.00151556 0.0117253 0.0535009 0.144111 0.230254 0.223457 0.146167 0.0858648 0.0548136 0.0300464 0.0122729 0.00420847 0.00137962 0.000417239 0.000112038 2.66527e-05 5.59355e-06 1.0433e-06 1.69493e-07 2.25673e-08
 2.03691e-11 2.21087e-09 1.41495e-07 5.33959e-06 0.000118812 0.00155885 0.0120601 0.0550263 0.148188 0.236512 0.228311 0.146029 0.081105 0.049134 0.0263331 0.0105708 0.00351859 0.00110642 0.000318165 8.0924e-05 1.83507e-05 3.6228e-06 6.06848e-07 8.55183e-08 1.00605e-08
 2.10996e-11 2.29016e-09 1.4657e-07 5.5311e-06 0.000123074 0.00161476 0.0124925 0.0569963 0.153453 0.244592 0.234576 0.145839 0.0749355 0.041772 0.0215148 0.00836595 0.00264689 0.000788012 0.000217226 5.29351e-05 1.14018e-05 2.12658e-06 3.35326e-07 4.38006e-08 4.62924e-09
 2.11288e-11 2.29333e-09 1.46773e-07 5.53875e-06 0.000123244 0.00161699 0.0125098 0.0570752 0.153666 0.244934 0.234917 0.146081 0.0750693 0.0417325 0.0212218 0.00793194 0.00230052 0.000615029 0.000156077 3.56103e-05 7.23948e-06 1.28184e-06 1.9147e-07 2.35561e-08 2.32696e-09
 2.10419e-11 2.2839e-09 1.46169e-07 5.51596e-06 0.000122737 0.00161034 0.0124584 0.0568408 0.15304 0.243976 0.234187 0.146147 0.0758709 0.0426587 0.0217896 0.00814481 0.0023493 0.000614329 0.000147618 3.07341e-05 5.63239e-06 9.13614e-07 1.27203e-07 1.47236e-08 1.3715e-09
 2.13922e-11 2.32192e-09 1.48602e-07 5.60779e-06 0.00012478 0.00163715 0.0126657 0.0577853 0.155563 0.247838 0.237132 0.145893 0.0726642 0.0389622 0.0195444 0.00731303 0.00213457 0.000566448 0.000136822 2.81482e-05 4.95672e-06 7.46119e-07 9.41517e-08 9.88205e-09 8.47689e-10
 2.20828e-11 2.39688e-09 1.534e-07 5.78884e-06 0.000128808 0.00169 0.0130744 0.0596475 0.16054 0.255474 0.243043 0.145678 0.0667762 0.0319574 0.0149847 0.00526016 0.00135451 0.000303951 6.61454e-05 1.32451e-05 2.33466e-06 3.4934e-07 4.27682e-08 4.21846e-09 3.31423e-10
 2.25788e-11 2.45071e-09 1.56845e-07 5.91885e-06 0.000131701 0.00172795 0.013368 0.0609848 0.164113 0.260946 0.247231 0.14537 0.0623146 0.0267765 0.0117854 0.00401095 0.000985344 0.00020217 3.89497e-05 6.73372e-06 1.02448e-06 1.3978e-07 1.65507e-08 1.61106e-09 1.23451e-10
 2.25156e-11 2.44385e-09 1.56406e-07 5.90228e-06 0.000131333 0.00172311 0.0133306 0.0608144 0.163658 0.260253 0.246722 0.145477 0.0629858 0.027504 0.0121626 0.0040735 0.000948259 0.00017476 2.98968e-05 4.67759e-06 6.35483e-07 7.52471e-08 7.66805e-09 6.60395e-10 4.70975e-11
 2.23953e-11 2.4308e-09 1.55571e-07 5.87075e-06 0.000130631 0.00171391 0.0132594 0.0604901 0.162792 0.258926 0.245702 0.145541 0.0640524 0.0287517 0.0129463 0.00439401 0.00105031 0.000202651 3.5632e-05 5.38776e-06 6.66287e-07 6.98869e-08 6.28508e-09 4.72133e-10 2.90581e-11
 2.2809e-11 2.4757e-09 1.58444e-07 5.97919e-06 0.000133044 0.00174557 0.0135042 0.0616055 0.165771 0.263487 0.249183 0.145251 0.0602791 0.0243941 0.0102878 0.00339599 0.000785388 0.000143223 2.40017e-05 3.61295e-06 4.57418e-07 4.83391e-08 4.15856e-09 2.83839e-10 1.54141e-11
 2.32591e-11 2.52455e-09 1.61571e-07 6.09717e-06 0.000135669 0.00178001 0.0137706 0.0628189 0.169013 0.268449 0.252967 0.144923 0.0561572 0.0196427 0.00740139 0.00232664 0.000510495 8.39264e-05 1.23364e-05 1.68355e-06 1.9919e-07 2.01765e-08 1.71879e-09 1.17884e-10 6.30355e-12
 2.33649e-11 2.53603e-09 1.62306e-07 6.12491e-06 0.000136286 0.0017881 0.0138332 0.0631042 0.169775 0.269617 0.253862 0.144863 0.055213 0.0185416 0.00671484 0.00205135 0.000425552 6.07305e-05 7.061e-06 7.75638e-07 7.81011e-08 6.89579e-09 5.2772e-10 3.37362e-11 1.73693e-12
 2.33717e-11 2.53678e-09 1.62353e-07 6.12671e-06 0.000136326 0.00178863 0.0138373 0.0631227 0.169824 0.269692 0.253919 0.144855 0.0551463 0.0184668 0.00667241 0.00203913 0.000424674 6.11945e-05 7.16308e-06 7.59245e-07 6.78341e-08 4.88496e-09 2.98345e-10 1.58115e-11 7.05258e-13
#obs catch len freq
 4.53436e-11 4.20229e-09 2.29638e-07 7.39924e-06 0.000140579 0.00157492 0.0104056 0.0405802 0.0938358 0.131725 0.125268 0.111103 0.115565 0.11426 0.0976546 0.0738205 0.0465371 0.0234895 0.00967467 0.00326959 0.00087889 0.000179423 2.64939e-05 2.70717e-06 1.84799e-07
 6.87036e-11 6.14111e-09 3.23669e-07 1.00587e-05 0.000184321 0.00199164 0.0126917 0.0477398 0.106489 0.144291 0.132733 0.114139 0.114335 0.107532 0.0867278 0.062451 0.0383544 0.0191752 0.00780724 0.00255647 0.000649384 0.000122967 1.66969e-05 1.56639e-06 9.82555e-08
 4.33203e-11 3.72829e-09 1.89197e-07 5.66122e-06 9.9886e-05 0.00103933 0.00638177 0.0232059 0.0508961 0.0734419 0.0920647 0.130246 0.1678 0.162423 0.125609 0.0846846 0.048102 0.0221729 0.00843192 0.00262761 0.000638298 0.000114373 1.44726e-05 1.25041e-06 7.17852e-08
 2.06495e-11 1.70833e-09 8.33345e-08 2.39701e-06 4.06564e-05 0.000406752 0.00240399 0.00846093 0.0184673 0.0296008 0.0495355 0.0905677 0.140671 0.178802 0.18902 0.152346 0.0872188 0.0363642 0.0119738 0.00326629 0.000717393 0.000118995 1.40516e-05 1.13008e-06 5.99883e-08
 3.84707e-10 3.05474e-08 1.43023e-06 3.94843e-05 0.000642732 0.00616912 0.0349145 0.116517 0.229319 0.266385 0.183498 0.0772802 0.0248153 0.014096 0.0150692 0.0141036 0.00972746 0.00494634 0.0018508 0.000505844 0.000101315 1.48806e-05 1.57005e-06 1.14673e-07 5.58549e-09
 2.84918e-10 2.1683e-08 9.72984e-07 2.57443e-05 0.000401654 0.00369537 0.0200587 0.064396 0.123854 0.151892 0.148667 0.157759 0.157003 0.107805 0.0461432 0.0130071 0.0033432 0.0012391 0.000508808 0.000159749 3.46312e-05 5.07627e-06 5.00139e-07 3.29396e-08 1.43498e-09
 6.45908e-10 4.70473e-08 2.02063e-06 5.11712e-05 0.000764105 0.0067279 0.0349344 0.107037 0.194121 0.2118 0.150402 0.0916301 0.0682119 0.0560743 0.0414758 0.0241778 0.00968154 0.00245903 0.000397426 4.67584e-05 5.37418e-06 6.45585e-07 6.19386e-08 3.99678e-09 1.65171e-10
 7.91003e-10 5.50749e-08 2.26108e-06 5.47354e-05 0.00078129 0.00657623 0.0326517 0.0957953 0.16756 0.182638 0.148015 0.124664 0.108437 0.0733793 0.0367216 0.0152368 0.00549809 0.00159187 0.00034037 5.10194e-05 5.1886e-06 3.61527e-07 1.86671e-08 7.84844e-10 2.63045e-11
 1.15344e-09 7.66763e-08 3.00549e-06 6.94637e-05 0.00094666 0.0076077 0.0360652 0.10104 0.168884 0.176469 0.1387 0.115636 0.102354 0.0755042 0.045011 0.0217374 0.00774152 0.00187718 0.00031153 3.79778e-05 3.61147e-06 2.61148e-07 1.33098e-08 4.53425e-10 1.02231e-11
 1.78537e-09 1.13188e-07 4.23115e-06 9.32622e-05 0.00121212 0.00928999 0.0420026 0.112252 0.179152 0.179518 0.137069 0.111926 0.0955597 0.067323 0.0384089 0.0179695 0.00634143 0.00157067 0.000271584 3.35027e-05 2.96755e-06 1.86869e-07 8.2958e-09 2.57462e-10 5.47018e-12
 1.8165e-09 1.09713e-07 3.90719e-06 8.2047e-05 0.00101594 0.00741946 0.0319911 0.0818832 0.127839 0.13709 0.137587 0.151442 0.141029 0.0971194 0.0526041 0.0231479 0.00764963 0.00177218 0.000288497 3.41491e-05 2.96887e-06 1.84641e-07 7.92698e-09 2.28873e-10 4.37339e-12
 4.00711e-09 2.30342e-07 7.80736e-06 0.000156035 0.00183882 0.0127788 0.0523944 0.127053 0.184503 0.170359 0.124727 0.101941 0.0885768 0.06682 0.041557 0.0195532 0.00624777 0.00129231 0.000175811 1.66735e-05 1.17359e-06 6.24303e-08 2.42908e-09 6.59187e-11 1.20019e-12
 5.71548e-09 3.12408e-07 1.00689e-05 0.00019135 0.00214426 0.014171 0.0552769 0.12779 0.178737 0.166002 0.135064 0.121454 0.0976989 0.0590186 0.0278888 0.0107085 0.00311054 0.000633986 8.94981e-05 8.89602e-06 6.24269e-07 3.04219e-08 1.01453e-09 2.30695e-11 3.5704e-13
 8.51226e-09 4.42053e-07 1.3536e-05 0.000244399 0.00260204 0.0163386 0.0605634 0.133162 0.177851 0.160269 0.130667 0.118282 0.0953845 0.0595745 0.0297197 0.0115433 0.00314905 0.000563275 6.59439e-05 5.29664e-06 3.09957e-07 1.35166e-08 4.26028e-10 9.24511e-12 1.33085e-13
 1.18267e-08 5.83067e-07 1.69497e-05 0.000290535 0.00293664 0.017508 0.0616523 0.129122 0.166357 0.1516 0.134404 0.128144 0.101875 0.0616856 0.0297873 0.0111377 0.00291755 0.000503711 5.73341e-05 4.45089e-06 2.43075e-07 9.37276e-09 2.51207e-10 4.61327e-12 5.75219e-14
 1.73265e-08 8.10389e-07 2.23494e-05 0.000363439 0.00348515 0.0197144 0.0658986 0.131306 0.162617 0.147509 0.135425 0.130015 0.101329 0.0604004 0.0286554 0.0102916 0.00252371 0.000398661 4.05479e-05 2.75721e-06 1.31596e-07 4.51833e-09 1.101e-10 1.84554e-12 2.07079e-14
 2.87821e-08 1.27636e-06 3.33742e-05 0.000514568 0.0046784 0.0250911 0.0795135 0.150141 0.175832 0.149647 0.127845 0.115603 0.0866783 0.050586 0.0234979 0.00813078 0.0018954 0.000283065 2.71559e-05 1.73249e-06 7.65261e-08 2.38139e-09 5.15841e-11 7.60968e-13 7.52151e-15
 4.25047e-08 1.78621e-06 4.42605e-05 0.00064669 0.00557201 0.028324 0.0851308 0.152954 0.172903 0.148423 0.132332 0.118568 0.0836545 0.0448277 0.0190221 0.00607248 0.00132066 0.000185394 1.68109e-05 1.01777e-06 4.26803e-08 1.25483e-09 2.54511e-11 3.47613e-13 3.14132e-15
 6.4201e-08 2.55565e-06 5.9986e-05 0.000830227 0.0067762 0.0326316 0.0929509 0.158569 0.171551 0.144166 0.128039 0.113362 0.0800895 0.0441748 0.0192234 0.00609421 0.00128764 0.000175347 1.56052e-05 9.39922e-07 3.93028e-08 1.13739e-09 2.2282e-11 2.89419e-13 2.46149e-15
 8.75718e-08 3.30102e-06 7.33706e-05 0.000961611 0.00743275 0.0339084 0.0916495 0.149495 0.159642 0.143174 0.13869 0.123357 0.0835258 0.0436207 0.0179019 0.00534699 0.0010671 0.000138104 1.179e-05 6.87985e-07 2.80541e-08 7.93404e-10 1.51884e-11 1.92482e-13 1.59043e-15
 1.39435e-07 4.97596e-06 0.000104706 0.00129919 0.00950706 0.0410604 0.10506 0.162163 0.163543 0.137992 0.126792 0.110287 0.0763043 0.0418596 0.0176612 0.00521474 0.00100847 0.00012647 1.05619e-05 6.07371e-07 2.43442e-08 6.70242e-10 1.23811e-11 1.50709e-13 1.19423e-15
 2.19697e-07 7.42145e-06 0.000147824 0.00173623 0.0120269 0.0491765 0.119192 0.174712 0.168902 0.139002 0.123599 0.100664 0.0634964 0.0313615 0.0120222 0.00328209 0.000594839 7.06232e-05 5.63436e-06 3.11729e-07 1.20651e-08 3.2109e-10 5.7322e-12 6.73254e-14 5.12963e-16
 3.19303e-07 1.02093e-05 0.00019248 0.00213985 0.0140311 0.0543231 0.124836 0.174546 0.164657 0.137975 0.1244 0.0990733 0.0606499 0.0291 0.0107361 0.00279043 0.0004798 5.41879e-05 4.13107e-06 2.18822e-07 8.09073e-09 2.04961e-10 3.4754e-12 3.87515e-14 2.80371e-16
 4.52425e-07 1.36922e-05 0.000244339 0.00257118 0.0159596 0.0585176 0.127616 0.170877 0.159414 0.138777 0.127706 0.0994617 0.0590121 0.0273847 0.00965474 0.00236647 0.000380564 3.99986e-05 2.82984e-06 1.39151e-07 4.79372e-09 1.13691e-10 1.81108e-12 1.89963e-14 1.29241e-16
 6.92331e-07 1.98332e-05 0.000335018 0.00333708 0.0196078 0.0680657 0.140625 0.178855 0.159807 0.13462 0.119489 0.0897763 0.0519026 0.0234772 0.00794107 0.00183617 0.000275439 2.67716e-05 1.7375e-06 7.79181e-08 2.44442e-09 5.29026e-11 7.71549e-13 7.43481e-15 4.66334e-17
 1.00261e-06 2.71897e-05 0.000434785 0.00409995 0.0228081 0.0749952 0.147066 0.179107 0.157544 0.134654 0.118315 0.0853959 0.0470914 0.0202803 0.00651738 0.0014349 0.000206708 1.9539e-05 1.24493e-06 5.46178e-08 1.64645e-09 3.3469e-11 4.50255e-13 3.95988e-15 2.25705e-17
 1.33742e-06 3.43391e-05 0.000519889 0.0046418 0.0244552 0.0762365 0.142442 0.168715 0.153059 0.141155 0.126526 0.0887199 0.0469824 0.0192954 0.00584365 0.00119892 0.00015945 1.38024e-05 8.024e-07 3.23039e-08 9.06262e-10 1.73943e-11 2.22687e-13 1.86264e-15 1.00248e-17
 1.86278e-06 4.5288e-05 0.000649247 0.0054892 0.0273903 0.0809378 0.143874 0.164498 0.149406 0.140668 0.125725 0.087832 0.0470663 0.0194071 0.00573403 0.00112209 0.000140831 1.14483e-05 6.21889e-07 2.32123e-08 5.9829e-10 1.04813e-11 1.22279e-13 9.35153e-16 4.63248e-18
#spawning biomass
 23057.2 31500.5 24022.2 14852.1 24058.2 42485.2 66619.1 111554 133873 158750 159012 155384 156891 211093 205961 177719 188487 192312 192130 206163 148248 164017 170695 202403 187966 211357 179515 222287 281931 440613 328047 213299 131084 81137.4 53589.3 39318.7 32237.9 28830.9 27228 26486.5 26147.7 25994.4 25925.5 25894.5 25880.9 25875 25872.4 25871.2 25870.7 25870.5 25870.4 25870.4 25870.3 25870.3 25870.3 25870.3 25870.3 25870.3 25870.3 25870.3 25870.3 25870.3 25870.3 25870.3 25870.3 25870.3 25870.3 25870.3 25870.3 25870.3 25870.3 25870.3 25870.3 25870.3 25870.3 25870.3 25870.3 25870.3 25870.3 25870.3 25870.3 25870.3 25870.3 25870.3 25870.3 25870.3 25870.3 25870.3 25870.3 25870.3 25870.3 25870.3 25870.3 25870.3 25870.3 25870.3 25870.3 25870.3 25870.3 25870.3 25870.3 25870.3 25870.3 25870.3 25870.3 25870.3 25870.3 25870.3 25870.3 25870.3 25870.3 25870.3 25870.3 25870.3 25870.3 25870.3 25870.3 25870.3 25870.3 25870.3 25870.3 25870.3 25870.3 25870.3 25870.3 25870.3 25870.3 25870.3 0 0 0 0 0 0 0 0 0 0 0 0 0 0 0 0 0 0 0 0 0 0 0 0 0
