SBPRF35
0.310929
Curr Bio
226099
B35
761217
F35
0.36252
FOFL
0.130946
OFL
31044.9
Bzero
88836.9
#pred survey bio
 31235.9 34490 24718.5 16732.6 26177 42204.1 74513.4 113925 162314 170719 158473 144258 188155 218269 226858 218847 242653 227069 241486 229816 239925 198376 213869 269243 221380 208672 227495 270896 1.20438e+07 1.03842e+07 8.72467e+06 6.4303e+06 4.45937e+06 3.05358e+06 2.14302e+06 1.58368e+06 1.24915e+06 1.05084e+06 932786 861569 817785 790282 772574 760716 752980 747849 744402 742063 740465 739367 738610 738087 737724 737473 737298 737177 737093 737034 736994 736965 736945 736932 736922 736916 736911 736908 736905 736904 736903 736902 736902 736901 736901 736901 736901 736901 736901 736900 736900 736900 736900 736900 736900 736900 736900 736900 736900 736900 736900 736900 736900 736900 736900 736900 736900 736900 736900 736900 736900 736900 736900 736900 736900 736900 736900 736900 736900 736900 736900 736900 736900 736900 736900 736900 736900 736900 736900 736900 736900 736900 736900 736900 736900 736900 736900 736900 736900 736900 0 0 0 0 0 0 0 0 0 0 0 0 0 0 0 0 0 0 0 0 0 0 0 0 0
#obs survey bio
 28027.2 26564.8 16309.9 17409.5 31137.6 45536.8 88149.8 158193 123697 121240 159051 138275 171554 288143 140683 159589 252412 254365 347032 196570 315269 182161 221760 298802 240198 296874 291067 311947
#pred catch bio
 12431.6 16334.7 13301 8576.49 14195.2 22494.3 43556.1 65454.9 108025 125768 128773 106797 147427 179400 196671 189344 218919 200271 222681 217105 241536 197976 212288 283411 236777 224662 242633 243423 31044.9 125235 102181 72535.2 48059.9 31290.8 20946.5 14977.3 11685.5 9927.5 9010.37 8540.13 8302.16 8182.91 8123.52 8093.87 8079.51 8072.55 8069.18 8067.55 8066.76 8066.38 8066.2 8066.11 8066.06 8066.04 8066.03 8066.03 8066.02 8066.02 8066.02 8066.02 8066.02 8066.02 8066.02 8066.02 8066.02 8066.02 8066.02 8066.02 8066.02 8066.02 8066.02 8066.02 8066.02 8066.02 8066.02 8066.02 8066.02 8066.02 8066.02 8066.02 8066.02 8066.02 8066.02 8066.02 8066.02 8066.02 8066.02 8066.02 8066.02 8066.02 8066.02 8066.02 8066.02 8066.02 8066.02 8066.02 8066.02 8066.02 8066.02 8066.02 8066.02 8066.02 8066.02 8066.02 8066.02 8066.02 8066.02 8066.02 8066.02 8066.02 8066.02 8066.02 8066.02 8066.02 8066.02 8066.02 8066.02 8066.02 8066.02 8066.02 8066.02 8066.02 8066.02 8066.02 8066.02 8066.02 8066.02 8066.02 0 0 0 0 0 0 0 0 0 0 0 0 0 0 0 0 0 0 0 0 0 0 0 0 0
#obs catch bio
 15857.2 17679.5 16427 9090.79 14059.4 21715.4 39903.3 57529.3 104102 138889 142830 102476 143933 165453 203670 204673 219513 194925 201947 208207 225762 187792 192576 245127 224130 205974 207863 233373
#pred cpue bio
 28784.1 33005.7 24190.6 15701.8 23051.2 37929.2 66068 101850 146096 154512 141524 126473 165013 190940 198054 189369 208817 195683 207622 196463 202899 166667 178647 224314 183897 171766 186733 222692 1.03566e+07 1.03626e+07 8.70323e+06 6.40886e+06 4.43793e+06 3.03214e+06 2.12158e+06 1.56224e+06 1.22771e+06 1.0294e+06 911346 840130 796346 768843 751135 739277 731541 726410 722963 720624 719025 717927 717171 716647 716285 716033 715859 715738 715653 715595 715554 715526 715506 715492 715483 715476 715471 715468 715466 715464 715463 715463 715462 715462 715461 715461 715461 715461 715461 715461 715461 715461 715461 715461 715461 715461 715461 715461 715461 715461 715461 715461 715461 715461 715461 715461 715461 715461 715461 715461 715461 715461 715461 715461 715461 715461 715461 715461 715461 715461 715461 715461 715461 715461 715461 715461 715461 715461 715461 715461 715461 715461 715461 715461 715461 715461 715461 715461 715461 715461 0 0 0 0 0 0 0 0 0 0 0 0 0 0 0 0 0 0 0 0 0 0 0 0 0
#obs cpue bio
 25032.9 23848 11320.1 20082.7 22898.7 46014.8 91561.2 131257 169643 119625 105615 167460 199180 214371 248444 179182 224394 190389 229965 251897 213716 213149 252856 382514 198828 169746 278209 216894
#pred surv len freq
 1.61639e-11 1.75444e-09 1.12284e-07 4.23725e-06 9.42841e-05 0.00123705 0.00957098 0.043681 0.117796 0.189318 0.188992 0.138052 0.102163 0.079551 0.0520033 0.0294776 0.0169483 0.0101402 0.00634255 0.00425652 0.00311961 0.00252644 0.00214282 0.00163471 0.000949469
 1.06692e-11 1.15803e-09 7.4114e-08 2.79684e-06 6.22335e-05 0.000816555 0.00631865 0.028861 0.0781515 0.128194 0.140212 0.13493 0.141711 0.1307 0.0910551 0.0536941 0.0303124 0.0160257 0.00810396 0.00425119 0.00244701 0.00161052 0.00119062 0.000856529 0.000493479
 6.73901e-12 7.31455e-10 4.68131e-08 1.76658e-06 3.93091e-05 0.000515783 0.00399178 0.0182459 0.0495865 0.0827836 0.0972801 0.110437 0.135352 0.141642 0.122056 0.0962248 0.0670264 0.0387386 0.0193498 0.00883862 0.00391728 0.00187983 0.00106744 0.000663043 0.000360962
 1.52319e-11 1.65328e-09 1.05809e-07 3.99292e-06 8.88473e-05 0.00116571 0.0090187 0.0411531 0.110879 0.177388 0.173286 0.116863 0.0761788 0.0621013 0.0569467 0.0534484 0.0462199 0.0345831 0.0217351 0.0111458 0.00475401 0.00182599 0.000726009 0.000332992 0.000155447
 1.9918e-11 2.16191e-09 1.38362e-07 5.22134e-06 0.000116181 0.00152433 0.011793 0.0538063 0.144887 0.231119 0.222517 0.140755 0.0761604 0.0458612 0.0266702 0.0144422 0.00949223 0.00767051 0.00599303 0.00391936 0.00203284 0.000830358 0.000282464 9.16833e-05 3.13386e-05
 1.75899e-11 1.90922e-09 1.2219e-07 4.61105e-06 0.000102602 0.00134618 0.0104152 0.0475313 0.128145 0.205669 0.203982 0.145367 0.102344 0.075207 0.0441081 0.0196059 0.00794381 0.00353637 0.00195211 0.00129987 0.000817469 0.000409143 0.000155343 4.61804e-05 1.18474e-05
 1.88163e-11 2.04233e-09 1.30709e-07 4.93254e-06 0.000109755 0.00144002 0.011141 0.0508367 0.136963 0.219061 0.213683 0.142816 0.0886705 0.0609737 0.0377953 0.0200119 0.00976496 0.00416146 0.00151866 0.000565538 0.000262062 0.000135295 5.99039e-05 1.99493e-05 4.93938e-06
 1.80404e-11 1.95811e-09 1.25319e-07 4.72914e-06 0.000105229 0.00138065 0.0106818 0.0487453 0.131383 0.210579 0.207502 0.144314 0.097155 0.0699164 0.0420017 0.0202543 0.00921912 0.00415112 0.00171138 0.000611109 0.000191171 6.10991e-05 2.23202e-05 7.76628e-06 2.08986e-06
 1.75192e-11 1.90154e-09 1.21698e-07 4.59252e-06 0.000102189 0.00134076 0.0103733 0.0473392 0.127616 0.20473 0.202631 0.143346 0.0998928 0.074131 0.0460566 0.0234876 0.0111513 0.00489451 0.00191405 0.000686096 0.000221052 6.12481e-05 1.5218e-05 3.80801e-06 9.30311e-07
 1.70257e-11 1.84798e-09 1.1827e-07 4.46315e-06 9.93107e-05 0.001303 0.0100812 0.0460084 0.124058 0.199262 0.198351 0.143337 0.103825 0.0788511 0.0491453 0.0249821 0.011954 0.00541547 0.00219752 0.00079053 0.000248551 6.75639e-05 1.56573e-05 3.08763e-06 5.45063e-07
 1.81867e-11 1.97399e-09 1.26335e-07 4.76749e-06 0.000106082 0.00139184 0.0107683 0.0491393 0.13243 0.212142 0.208493 0.14355 0.0948209 0.0677383 0.0413985 0.0208629 0.00990502 0.00446526 0.00182158 0.00066989 0.000216307 5.92491e-05 1.34763e-05 2.5071e-06 3.79133e-07
 1.94739e-11 2.11371e-09 1.35277e-07 5.10493e-06 0.000113591 0.00149035 0.0115303 0.0526116 0.141725 0.226516 0.220184 0.145016 0.086726 0.0567259 0.0324255 0.0147077 0.00613097 0.00255121 0.0010103 0.000368517 0.000119636 3.33486e-05 7.72315e-06 1.43686e-06 2.09336e-07
 1.93985e-11 2.10552e-09 1.34753e-07 5.08516e-06 0.000113151 0.00148458 0.0114857 0.0524086 0.141185 0.225715 0.219693 0.145466 0.0880416 0.0580191 0.0329376 0.0145113 0.00568343 0.00214892 0.000753624 0.000246801 7.56046e-05 2.07052e-05 4.81316e-06 9.07152e-07 1.33234e-07
 1.9563e-11 2.12338e-09 1.35896e-07 5.12829e-06 0.000114111 0.00149717 0.011583 0.0528523 0.142372 0.227546 0.221158 0.145573 0.086888 0.0565418 0.0318475 0.0138622 0.00531088 0.00194329 0.000644545 0.000192259 5.22302e-05 1.28099e-05 2.78142e-06 5.11078e-07 7.50109e-08
 1.96805e-11 2.13613e-09 1.36712e-07 5.15907e-06 0.000114796 0.00150615 0.0116525 0.0531692 0.143221 0.228865 0.222263 0.145814 0.086312 0.0556448 0.0309835 0.0131511 0.00483523 0.00170436 0.000548922 0.000157798 4.03628e-05 9.00813e-06 1.73971e-06 2.87665e-07 3.9476e-08
 2.02648e-11 2.19955e-09 1.40771e-07 5.31226e-06 0.000118204 0.00155087 0.0119984 0.054745 0.147434 0.235342 0.22734 0.145844 0.0816592 0.0499561 0.0270821 0.0111577 0.00390845 0.00130899 0.000402783 0.000110744 2.7176e-05 5.79032e-06 1.04489e-06 1.56874e-07 1.92742e-08
 2.06026e-11 2.23621e-09 1.43117e-07 5.40079e-06 0.000120174 0.00157672 0.0121983 0.0556558 0.14987 0.23909 0.230293 0.145912 0.0790461 0.0467196 0.0248083 0.00993764 0.00331107 0.00104798 0.000305968 7.95635e-05 1.84734e-05 3.73955e-06 6.4204e-07 9.11004e-08 1.039e-08
 2.04872e-11 2.22369e-09 1.42316e-07 5.37054e-06 0.000119501 0.00156789 0.01213 0.0553449 0.149041 0.237835 0.229404 0.146219 0.0804453 0.0481704 0.0254663 0.00990884 0.003102 0.000912502 0.000250293 6.1185e-05 1.33367e-05 2.53778e-06 4.10199e-07 5.49642e-08 5.92491e-09
 2.06466e-11 2.24099e-09 1.43423e-07 5.41235e-06 0.000120431 0.00158009 0.0122244 0.0557747 0.150189 0.239587 0.230716 0.146026 0.0788683 0.0464169 0.0244941 0.00965514 0.00310081 0.000924484 0.000247062 5.67504e-05 1.14755e-05 2.03154e-06 3.06317e-07 3.83743e-08 3.88057e-09
 2.09904e-11 2.27831e-09 1.45812e-07 5.50247e-06 0.000122437 0.0016064 0.0124279 0.0567019 0.152667 0.243395 0.233692 0.14601 0.076076 0.0430202 0.0221814 0.00850119 0.00259926 0.000740927 0.000195964 4.53755e-05 9.09539e-06 1.54091e-06 2.16654e-07 2.51233e-08 2.35801e-09
 2.16219e-11 2.34685e-09 1.50198e-07 5.66801e-06 0.00012612 0.00165472 0.0128016 0.0584046 0.157218 0.250373 0.239079 0.145768 0.0706246 0.0365767 0.0180461 0.00670095 0.00194141 0.000515897 0.00012826 2.81834e-05 5.46023e-06 9.14195e-07 1.27097e-07 1.42442e-08 1.25909e-09
 2.19712e-11 2.38477e-09 1.52625e-07 5.75958e-06 0.000128157 0.00168146 0.0130084 0.0593466 0.159736 0.254243 0.242103 0.145756 0.0677938 0.0331328 0.0157019 0.00552962 0.00142627 0.000320291 6.95646e-05 1.39284e-05 2.49669e-06 3.9224e-07 5.21304e-08 5.68959e-09 4.92982e-10
 2.22847e-11 2.41879e-09 1.54802e-07 5.84174e-06 0.000129986 0.00170544 0.0131939 0.0601917 0.161994 0.257701 0.244749 0.145558 0.0649688 0.0298561 0.0136841 0.00474771 0.00119767 0.000256308 5.11477e-05 8.97879e-06 1.37146e-06 1.87592e-07 2.25182e-08 2.27827e-09 1.8693e-10
 2.2421e-11 2.43358e-09 1.55749e-07 5.87748e-06 0.000130781 0.00171587 0.0132746 0.0605593 0.162976 0.259206 0.245905 0.145486 0.0637621 0.0284442 0.0127972 0.00438422 0.00107998 0.000221803 4.24272e-05 7.13799e-06 1.01924e-06 1.24881e-07 1.29468e-08 1.12463e-09 8.13154e-11
 2.25688e-11 2.44963e-09 1.56776e-07 5.91624e-06 0.000131643 0.00172719 0.0133621 0.060958 0.164042 0.26084 0.24717 0.14544 0.0625012 0.0269439 0.0118203 0.00394428 0.000913431 0.000166708 2.82387e-05 4.39695e-06 5.94375e-07 6.9145e-08 6.73034e-09 5.32359e-10 3.38104e-11
 2.30299e-11 2.49967e-09 1.59979e-07 6.03709e-06 0.000134332 0.00176247 0.013635 0.062201 0.167362 0.265922 0.251042 0.145096 0.058265 0.0220681 0.00886872 0.00286301 0.000643326 0.000110671 1.72067e-05 2.42939e-06 2.92026e-07 3.02216e-08 2.69367e-09 1.99418e-10 1.18611e-11
 2.31656e-11 2.51441e-09 1.60922e-07 6.07268e-06 0.000135124 0.00177286 0.0137153 0.062567 0.16834 0.26742 0.252188 0.145008 0.057039 0.020646 0.0079925 0.00252375 0.000546218 8.63263e-05 1.19208e-05 1.52708e-06 1.68994e-07 1.58921e-08 1.26716e-09 8.33091e-11 4.44141e-12
 2.3092e-11 2.50642e-09 1.6041e-07 6.05338e-06 0.000134695 0.00176722 0.0136717 0.0623685 0.16781 0.266609 0.251572 0.145071 0.0577268 0.0214321 0.00846053 0.00268579 0.000580007 9.07033e-05 1.22168e-05 1.49354e-06 1.52541e-07 1.28613e-08 9.19396e-10 5.46326e-11 2.61873e-12
#obs surv len freq
 4.46135e-11 4.13463e-09 2.2594e-07 7.2801e-06 0.000138316 0.00154957 0.0102384 0.0399353 0.0924294 0.130361 0.126468 0.117288 0.124906 0.120274 0.096375 0.0679033 0.0406369 0.0198341 0.00805852 0.00271492 0.00071869 0.000141525 1.99612e-05 1.95571e-06 1.29215e-07
 3.00542e-11 2.68641e-09 1.41588e-07 4.40019e-06 8.06328e-05 0.000871354 0.00555595 0.020964 0.0475349 0.0697752 0.0856801 0.118804 0.157314 0.161833 0.135568 0.0979785 0.057635 0.0265603 0.00989325 0.00304015 0.000747135 0.000138793 1.84523e-05 1.68256e-06 1.02118e-07
 1.31805e-11 1.13435e-09 5.75645e-08 1.72248e-06 3.03924e-05 0.000316307 0.00194451 0.007115 0.0161065 0.0265561 0.0452802 0.0845946 0.133858 0.172306 0.186925 0.158918 0.0985649 0.0452887 0.0162736 0.00467146 0.00104822 0.000177027 2.15692e-05 1.81776e-06 1.02213e-07
 2.68015e-10 2.21729e-08 1.08162e-06 3.11108e-05 0.000527638 0.00527652 0.0311135 0.108181 0.221821 0.268413 0.192416 0.0838163 0.0267542 0.0140439 0.0148567 0.0142394 0.0101267 0.00539878 0.00217023 0.000647622 0.000141268 2.22155e-05 2.46762e-06 1.88509e-07 9.63414e-09
 1.74159e-10 1.3829e-08 6.47474e-07 1.78749e-05 0.000290978 0.00279328 0.0158207 0.053009 0.106536 0.137323 0.143675 0.164301 0.173369 0.124841 0.0556746 0.0160594 0.00400403 0.00142522 0.000601899 0.00020142 4.7322e-05 7.57808e-06 8.15251e-07 5.82167e-08 2.72537e-09
 4.47329e-10 3.40429e-08 1.52761e-06 4.0419e-05 0.000630591 0.00580103 0.0314699 0.10072 0.190638 0.216092 0.156182 0.0917525 0.0653898 0.0553499 0.0436444 0.0271235 0.0115 0.00307462 0.000518167 6.21881e-05 7.18518e-06 9.00176e-07 9.3262e-08 6.57318e-09 2.97296e-10
 5.28907e-10 3.85251e-08 1.65461e-06 4.19021e-05 0.000625702 0.00550956 0.0286162 0.087807 0.16047 0.181888 0.150937 0.128254 0.113828 0.0786443 0.039279 0.0160004 0.00583169 0.00178103 0.000410053 6.62117e-05 7.19256e-06 5.29399e-07 2.86442e-08 1.27027e-09 4.57475e-11
 8.06483e-10 5.61527e-08 2.30533e-06 5.58065e-05 0.000796576 0.00670479 0.0332871 0.0976152 0.170345 0.183593 0.142852 0.113193 0.0988684 0.0742521 0.045214 0.0224416 0.00828616 0.0020854 0.000357389 4.49647e-05 4.47624e-06 3.45325e-07 1.89387e-08 6.93973e-10 1.67839e-11
 9.68445e-10 6.43787e-08 2.52346e-06 5.83231e-05 0.000794843 0.00638801 0.0302922 0.0849988 0.143206 0.15532 0.13794 0.13544 0.127282 0.0916208 0.0514969 0.0238882 0.00860158 0.00221387 0.00040006 5.16117e-05 4.7819e-06 3.15607e-07 1.47713e-08 4.88001e-10 1.11437e-11
 1.26137e-09 7.99675e-08 2.98932e-06 6.58902e-05 0.000856391 0.00656431 0.0296966 0.0796077 0.129039 0.138789 0.131372 0.139724 0.135903 0.102651 0.0623032 0.0300988 0.0104581 0.0024375 0.000383199 4.28686e-05 3.58026e-06 2.22491e-07 9.86604e-09 2.99595e-10 6.07414e-12
 2.49204e-09 1.50513e-07 5.36022e-06 0.000112558 0.00139371 0.0101766 0.0438426 0.111735 0.170727 0.16675 0.13093 0.114234 0.101197 0.0742772 0.0446426 0.0210997 0.007052 0.00156612 0.000232474 2.40801e-05 1.80646e-06 9.84712e-08 3.82327e-09 1.03402e-10 1.90706e-12
 3.59105e-09 2.06426e-07 6.99673e-06 0.000139835 0.00164793 0.0114532 0.0469791 0.11417 0.167613 0.162459 0.13651 0.12734 0.107861 0.0692371 0.0349217 0.0142508 0.00434619 0.000917109 0.000132686 1.35508e-05 9.94448e-07 5.1768e-08 1.86413e-09 4.55569e-11 7.45965e-13
 5.27443e-09 2.883e-07 9.29185e-06 0.000176583 0.00197881 0.013078 0.0510227 0.118064 0.165891 0.157126 0.134519 0.12773 0.107292 0.068902 0.0351537 0.0141328 0.00405147 0.000767932 9.55399e-05 8.14154e-06 5.02489e-07 2.2977e-08 7.59963e-10 1.74438e-11 2.68449e-13
 8.04184e-09 4.17624e-07 1.2788e-05 0.000230893 0.00245826 0.0154364 0.0572301 0.125956 0.169026 0.155333 0.132599 0.124842 0.102351 0.0646544 0.0326813 0.0128746 0.00357316 0.000655466 7.94253e-05 6.58071e-06 3.84764e-07 1.59201e-08 4.5803e-10 9.01524e-12 1.2019e-13
 1.09567e-08 5.40178e-07 1.5703e-05 0.000269166 0.00272069 0.0162219 0.0571492 0.119959 0.156203 0.148085 0.141046 0.139877 0.110486 0.0645193 0.0296398 0.0106215 0.00268878 0.000445974 4.78773e-05 3.44004e-06 1.73872e-07 6.35673e-09 1.6606e-10 3.0005e-12 3.64108e-14
 1.70189e-08 7.96004e-07 2.19526e-05 0.000356987 0.00342328 0.0193645 0.0647303 0.128991 0.159825 0.145267 0.134089 0.13007 0.103507 0.0639014 0.031468 0.0115879 0.00288336 0.000460946 4.75215e-05 3.27312e-06 1.56545e-07 5.27068e-09 1.23163e-10 1.95609e-12 2.08232e-14
 2.61466e-08 1.15948e-06 3.03182e-05 0.000467452 0.00425013 0.022797 0.0722878 0.136912 0.162615 0.145433 0.134842 0.127763 0.0970447 0.0569085 0.0266354 0.00936404 0.00225132 0.000355573 3.73448e-05 2.69017e-06 1.34917e-07 4.64925e-09 1.07453e-10 1.63701e-12 1.63009e-14
 3.52189e-08 1.48003e-06 3.66738e-05 0.000535847 0.00461722 0.0234771 0.0706615 0.127827 0.148982 0.140818 0.143388 0.138769 0.103257 0.059175 0.0269327 0.00908897 0.00208306 0.000314508 3.1907e-05 2.2522e-06 1.12207e-07 3.88252e-09 9.07376e-11 1.39974e-12 1.40194e-14
 5.95961e-08 2.37234e-06 5.56835e-05 0.000770682 0.00629034 0.0302953 0.0863431 0.14769 0.161698 0.141106 0.132197 0.121374 0.0887059 0.0510419 0.0230639 0.0074985 0.00161784 0.000226691 2.11448e-05 1.36873e-06 6.29921e-08 2.04222e-09 4.53923e-11 6.74206e-13 6.56106e-15
 8.03421e-08 3.02849e-06 6.73133e-05 0.000882232 0.0068195 0.0311177 0.0841996 0.138068 0.15071 0.143064 0.146672 0.133291 0.0907043 0.0474862 0.0195979 0.0059267 0.00121137 0.000163435 1.48632e-05 9.38926e-07 4.15522e-08 1.26769e-09 2.60853e-11 3.56392e-13 3.19669e-15
 1.32545e-07 4.7301e-06 9.95331e-05 0.00123501 0.00903774 0.0390406 0.0999813 0.154977 0.159061 0.140415 0.134539 0.11741 0.0792263 0.0418787 0.017111 0.00493081 0.000929507 0.000112504 8.96427e-06 4.91914e-07 1.92151e-08 5.33109e-10 1.02184e-11 1.31284e-13 1.10478e-15
 1.79131e-07 6.05114e-06 0.00012053 0.00141571 0.00980816 0.0401355 0.0976443 0.145655 0.150876 0.145471 0.148035 0.12545 0.0785849 0.0379573 0.014245 0.00382721 0.000682435 7.9137e-05 6.09324e-06 3.21676e-07 1.18168e-08 2.98905e-10 5.10427e-12 5.7986e-14 4.34122e-16
 2.94673e-07 9.42183e-06 0.000177633 0.00197482 0.0129497 0.0501487 0.115383 0.16224 0.156487 0.138108 0.131121 0.108626 0.0697936 0.0352914 0.0134736 0.00353952 0.000604396 6.68209e-05 4.92263e-06 2.49828e-07 8.83377e-09 2.1437e-10 3.48595e-12 3.72772e-14 2.58781e-16
 3.95509e-07 1.19697e-05 0.000213602 0.00224782 0.0139549 0.0512088 0.112113 0.152773 0.151681 0.147856 0.145879 0.114142 0.0657448 0.0292936 0.0100244 0.0024231 0.000387973 4.07463e-05 2.87792e-06 1.40539e-07 4.76839e-09 1.10434e-10 1.70663e-12 1.73017e-14 1.13655e-16
 5.39781e-07 1.54632e-05 0.000261203 0.00260199 0.0152935 0.0531704 0.110645 0.145278 0.144682 0.14661 0.146952 0.116518 0.0702622 0.0330537 0.0114921 0.00270635 0.000413193 4.11079e-05 2.75006e-06 1.27349e-07 4.09902e-09 9.0028e-11 1.31846e-12 1.26493e-14 7.84641e-17
 8.63351e-07 2.34133e-05 0.0003744 0.00353069 0.0196457 0.0646654 0.127439 0.158589 0.149807 0.143662 0.135921 0.101846 0.0581076 0.0258007 0.00843168 0.00186202 0.000266472 2.48574e-05 1.55929e-06 6.76602e-08 2.03842e-09 4.18741e-11 5.73485e-13 5.14631e-15 2.98665e-17
 1.04232e-06 2.67622e-05 0.000405186 0.00361814 0.0190733 0.0596236 0.112823 0.140764 0.14744 0.161124 0.155481 0.110138 0.057624 0.0232785 0.00696202 0.00141525 0.000186332 1.58948e-05 9.04893e-07 3.55154e-08 9.71316e-10 1.82436e-11 2.29848e-13 1.90423e-15 1.02201e-17
 1.51739e-06 3.68911e-05 0.000528881 0.00447202 0.022326 0.0661285 0.118813 0.14181 0.144256 0.15427 0.147117 0.106705 0.0592589 0.0251088 0.00750441 0.00146536 0.000181414 1.43734e-05 7.52348e-07 2.68958e-08 6.65318e-10 1.1259e-11 1.27638e-13 9.52282e-16 4.61576e-18
#pred catch len freq
 1.55346e-11 1.68613e-09 1.07912e-07 4.07226e-06 9.0613e-05 0.00118888 0.00919846 0.0419834 0.113254 0.182309 0.183366 0.13758 0.106462 0.085036 0.0559665 0.0317637 0.0182656 0.0109285 0.00683561 0.00458741 0.00336213 0.00272284 0.0023094 0.00176179 0.00102328
 1.01219e-11 1.09863e-09 7.03123e-08 2.65337e-06 5.90412e-05 0.000774674 0.00599472 0.0273849 0.0742024 0.122102 0.135333 0.13456 0.14553 0.135601 0.0946806 0.0558536 0.0315331 0.0166711 0.00843035 0.0044224 0.00254557 0.00167538 0.00123857 0.000891025 0.000513354
 6.4018e-12 6.94854e-10 4.44706e-08 1.67819e-06 3.73422e-05 0.000489977 0.00379218 0.0173361 0.0471493 0.078998 0.0941222 0.109789 0.137055 0.144195 0.124386 0.0980758 0.0683166 0.0394843 0.0197223 0.00900878 0.00399269 0.00191602 0.00108799 0.000675808 0.000367911
 1.47912e-11 1.60545e-09 1.02748e-07 3.8774e-06 8.62769e-05 0.00113198 0.00875785 0.0399638 0.107689 0.172405 0.168988 0.115533 0.0776097 0.0646936 0.0596764 0.0560539 0.0484757 0.0362711 0.022796 0.0116898 0.00498605 0.00191512 0.000761445 0.000349246 0.000163034
 1.96913e-11 2.1373e-09 1.36787e-07 5.16192e-06 0.000114859 0.00150698 0.0116588 0.0531949 0.143251 0.228594 0.220489 0.14058 0.0776899 0.0477858 0.0280092 0.0151924 0.00998757 0.00807091 0.00630587 0.00412395 0.00213895 0.000873702 0.000297208 9.64691e-05 3.29744e-05
 1.72617e-11 1.87359e-09 1.19909e-07 4.52501e-06 0.000100687 0.00132106 0.0102209 0.0466462 0.125779 0.202037 0.201158 0.145429 0.105074 0.0784655 0.0462284 0.0205673 0.00833459 0.0037104 0.00204818 0.00136384 0.0008577 0.000429279 0.000162988 4.84531e-05 1.24305e-05
 1.86158e-11 2.02056e-09 1.29316e-07 4.87997e-06 0.000108585 0.00142468 0.0110223 0.0502959 0.135516 0.216836 0.211927 0.142768 0.0902107 0.0628886 0.0391501 0.0207465 0.0101246 0.00431477 0.00157461 0.000586373 0.000271717 0.00014028 6.21108e-05 2.06843e-05 5.12135e-06
 1.78011e-11 1.93214e-09 1.23656e-07 4.66641e-06 0.000103833 0.00136233 0.0105401 0.0481 0.129658 0.207928 0.20543 0.144321 0.0990899 0.0722604 0.0435783 0.0210309 0.00957372 0.00431084 0.00177723 0.000634622 0.000198527 6.345e-05 2.3179e-05 8.0651e-06 2.17027e-06
 1.7447e-11 1.8937e-09 1.21197e-07 4.57359e-06 0.000101768 0.00133524 0.0103305 0.0471445 0.127095 0.203929 0.202002 0.143338 0.100461 0.0748289 0.0465392 0.0237386 0.0112708 0.00494698 0.00193457 0.000693452 0.000223422 6.19047e-05 1.53811e-05 3.84884e-06 9.40285e-07
 1.71121e-11 1.85736e-09 1.18871e-07 4.4858e-06 9.98147e-05 0.00130961 0.0101323 0.0462414 0.124681 0.20022 0.199103 0.143346 0.103144 0.0780166 0.0485705 0.0246846 0.0118113 0.00535082 0.00217129 0.000781094 0.000245584 6.67574e-05 1.54704e-05 3.05077e-06 5.38556e-07
 1.84275e-11 2.00012e-09 1.28008e-07 4.83061e-06 0.000107487 0.00141027 0.0109109 0.0497887 0.134166 0.214811 0.210589 0.143572 0.0929195 0.0654092 0.0397978 0.0200387 0.00951254 0.00428828 0.00174938 0.000643339 0.000207734 5.69008e-05 1.29422e-05 2.40773e-06 3.64106e-07
 1.95423e-11 2.12113e-09 1.35752e-07 5.12286e-06 0.00011399 0.00149558 0.0115708 0.0527961 0.142218 0.227273 0.220772 0.145003 0.0861564 0.0560437 0.0319768 0.0144985 0.00604344 0.00251478 0.000995872 0.000363255 0.000117928 3.28724e-05 7.61286e-06 1.41634e-06 2.06347e-07
 1.9544e-11 2.12132e-09 1.35764e-07 5.12331e-06 0.000114 0.00149571 0.0115718 0.052801 0.142234 0.227324 0.220939 0.145425 0.086809 0.0565517 0.0319823 0.0140791 0.00551346 0.00208463 0.000731076 0.000239417 7.33425e-05 2.00858e-05 4.66915e-06 8.80011e-07 1.29248e-07
 1.97724e-11 2.14611e-09 1.3735e-07 5.18318e-06 0.000115332 0.00151319 0.011707 0.0534169 0.143881 0.229861 0.222949 0.145508 0.0851038 0.0544223 0.0304734 0.0132475 0.00507433 0.0018567 0.000615824 0.000183692 4.99028e-05 1.22391e-05 2.65748e-06 4.88305e-07 7.16684e-08
 1.99663e-11 2.16715e-09 1.38697e-07 5.234e-06 0.000116463 0.00152803 0.0118217 0.0539399 0.145281 0.232024 0.224702 0.145707 0.0838499 0.0527332 0.0291135 0.0123348 0.0045337 0.00159803 0.000514673 0.000147952 3.78444e-05 8.44608e-06 1.63116e-06 2.69716e-07 3.7013e-08
 2.0514e-11 2.2266e-09 1.42502e-07 5.37759e-06 0.000119658 0.00156994 0.0121459 0.055417 0.14923 0.238096 0.229462 0.145736 0.0794886 0.0474008 0.0254565 0.0104661 0.00366488 0.00122736 0.000377666 0.000103838 2.54813e-05 5.42924e-06 9.79731e-07 1.47091e-07 1.80723e-08
 2.08875e-11 2.26713e-09 1.45096e-07 5.47547e-06 0.000121836 0.00159852 0.0123669 0.056424 0.151923 0.242236 0.232712 0.145772 0.0765392 0.0437808 0.0229555 0.00916905 0.00305344 0.000966379 0.000282142 7.33679e-05 1.70349e-05 3.44836e-06 5.92045e-07 8.40065e-08 9.58095e-09
 2.07489e-11 2.25209e-09 1.44134e-07 5.43916e-06 0.000121028 0.00158792 0.0122849 0.0560506 0.150927 0.240724 0.23162 0.146073 0.0781155 0.0454525 0.0237705 0.00922631 0.00288705 0.000849222 0.000232935 5.69418e-05 1.24117e-05 2.36178e-06 3.81751e-07 5.11523e-08 5.51401e-09
 2.09584e-11 2.27483e-09 1.45589e-07 5.49406e-06 0.000122249 0.00160395 0.0124089 0.0566152 0.152435 0.243028 0.233359 0.145861 0.0761072 0.0431884 0.0224692 0.00882829 0.00283363 0.000844761 0.000225756 5.18563e-05 1.04858e-05 1.85634e-06 2.79901e-07 3.50649e-08 3.54592e-09
 2.13049e-11 2.31245e-09 1.47996e-07 5.58492e-06 0.000124271 0.00163047 0.012614 0.0575499 0.154933 0.246866 0.236352 0.145828 0.0732661 0.0397473 0.0201461 0.00769026 0.00234958 0.00066969 0.000177121 4.10125e-05 8.22084e-06 1.39275e-06 1.95822e-07 2.27076e-08 2.13128e-09
 2.1948e-11 2.38224e-09 1.52463e-07 5.75348e-06 0.000128022 0.00167968 0.0129946 0.0592837 0.159566 0.25397 0.241832 0.145564 0.0676879 0.0331676 0.0159421 0.00588146 0.0017019 0.00045217 0.000112415 2.47016e-05 4.78567e-06 8.01255e-07 1.11395e-07 1.24845e-08 1.10354e-09
 2.22455e-11 2.41453e-09 1.5453e-07 5.83146e-06 0.000129757 0.00170244 0.0131707 0.060086 0.161711 0.257266 0.244409 0.145559 0.0652861 0.0302406 0.0139431 0.00487552 0.00125579 0.000281943 6.12341e-05 1.22604e-05 2.1977e-06 3.45268e-07 4.58876e-08 5.00825e-09 4.33946e-10
 2.25169e-11 2.444e-09 1.56415e-07 5.90263e-06 0.00013134 0.00172321 0.0133314 0.0608179 0.163667 0.260261 0.246701 0.145388 0.0628399 0.027403 0.0121953 0.00419772 0.00105723 0.000226194 4.51371e-05 7.92364e-06 1.21029e-06 1.65547e-07 1.9872e-08 2.01053e-09 1.64963e-10
 2.26853e-11 2.46227e-09 1.57585e-07 5.94677e-06 0.000132323 0.0017361 0.013431 0.061272 0.16488 0.262119 0.248125 0.145289 0.0613333 0.0256486 0.0111048 0.00376417 0.000925228 0.000189952 3.6333e-05 6.11268e-06 8.72838e-07 1.06943e-07 1.10871e-08 9.63086e-10 6.96351e-11
 2.28243e-11 2.47735e-09 1.5855e-07 5.98319e-06 0.000133133 0.00174673 0.0135133 0.0616466 0.165881 0.263655 0.249312 0.14524 0.0601394 0.0242329 0.0101894 0.00335917 0.000775964 0.000141555 2.39767e-05 3.7333e-06 5.04664e-07 5.87087e-08 5.71451e-09 4.52008e-10 2.87073e-11
 2.32191e-11 2.52021e-09 1.61293e-07 6.0867e-06 0.000135436 0.00177695 0.013747 0.0627112 0.168725 0.268008 0.252628 0.144944 0.0565109 0.0200565 0.0076615 0.00243331 0.000544843 9.36681e-05 1.45618e-05 2.05595e-06 2.47137e-07 2.5576e-08 2.2796e-09 1.68764e-10 1.00378e-11
 2.33292e-11 2.53216e-09 1.62058e-07 6.11555e-06 0.000136078 0.00178537 0.0138121 0.0630079 0.169518 0.269222 0.253557 0.144875 0.0555186 0.0189049 0.00695095 0.00215711 0.000465077 7.34489e-05 1.01414e-05 1.29912e-06 1.43767e-07 1.35197e-08 1.078e-09 7.08729e-11 3.77841e-12
 2.31835e-11 2.51635e-09 1.61046e-07 6.07737e-06 0.000135229 0.00177423 0.0137259 0.0626153 0.168469 0.267617 0.252338 0.144996 0.0568756 0.0204575 0.00787766 0.00248082 0.000534808 8.36073e-05 1.12604e-05 1.37662e-06 1.40599e-07 1.18545e-08 8.47423e-10 5.03557e-11 2.41373e-12
#obs catch len freq
 4.83319e-11 4.47923e-09 2.44771e-07 7.88686e-06 0.000149844 0.0016787 0.0110912 0.0432519 0.0999875 0.140168 0.132456 0.115324 0.116609 0.11045 0.08883 0.064518 0.0410245 0.0214265 0.00901826 0.00302665 0.000795943 0.000159424 2.32775e-05 2.36206e-06 1.60235e-07
 6.13938e-11 5.48772e-09 2.89232e-07 8.98853e-06 0.000164711 0.00177976 0.0113423 0.0426793 0.0953815 0.130493 0.125042 0.117882 0.126223 0.119959 0.0950003 0.0660871 0.0388214 0.0185762 0.00738843 0.00241992 0.000617414 0.000116308 1.55882e-05 1.44227e-06 8.94971e-08
 4.23657e-11 3.64613e-09 1.85028e-07 5.53647e-06 9.76847e-05 0.00101641 0.00624072 0.0226864 0.0496823 0.071211 0.0876827 0.122393 0.159463 0.160887 0.132985 0.0945325 0.0543409 0.0244585 0.0089005 0.0026596 0.000630295 0.000111926 1.41175e-05 1.21395e-06 6.91419e-08
 1.91646e-11 1.58549e-09 7.73421e-08 2.22464e-06 3.77331e-05 0.000377516 0.00223153 0.00786006 0.0172217 0.0280037 0.0480184 0.0888625 0.137998 0.175057 0.18641 0.15414 0.0927551 0.0414575 0.0145009 0.00403513 0.000871805 0.000140704 1.62628e-05 1.29185e-06 6.81225e-08
 3.85912e-10 3.06431e-08 1.43471e-06 3.9608e-05 0.000644745 0.00618844 0.0350238 0.116882 0.230033 0.26719 0.183964 0.0772699 0.0244939 0.0136186 0.0144784 0.0134982 0.00931682 0.00481752 0.00187162 0.000537402 0.000112292 1.68286e-05 1.77115e-06 1.27484e-07 6.1088e-09
 2.60126e-10 1.97963e-08 8.88321e-07 2.35042e-05 0.000366706 0.00337392 0.0183162 0.0588425 0.113573 0.14159 0.145826 0.164651 0.168195 0.116142 0.0496763 0.0139046 0.00350158 0.00127623 0.000527233 0.000169043 3.7799e-05 5.73615e-06 5.82477e-07 3.91093e-08 1.71508e-09
 6.63193e-10 4.83064e-08 2.0747e-06 5.25406e-05 0.000784553 0.0069079 0.0358681 0.109882 0.199133 0.21644 0.151029 0.0874622 0.0624237 0.0523958 0.0404873 0.0243061 0.0098551 0.00251211 0.000405391 4.73863e-05 5.4261e-06 6.59859e-07 6.47323e-08 4.28032e-09 1.80953e-10
 7.98067e-10 5.55668e-08 2.28128e-06 5.52242e-05 0.000788267 0.00663496 0.0329431 0.0966487 0.169038 0.184164 0.148979 0.124952 0.10795 0.0719887 0.0349683 0.0140094 0.00500993 0.0014841 0.000328372 5.06361e-05 5.23767e-06 3.67657e-07 1.90445e-08 8.062e-10 2.73924e-11
 1.22612e-09 8.15081e-08 3.19489e-06 7.3841e-05 0.00100631 0.00808696 0.0383341 0.107352 0.179048 0.185153 0.140074 0.109527 0.0935719 0.0684358 0.0407342 0.0196402 0.00696799 0.00167811 0.000276096 3.35313e-05 3.21794e-06 2.37133e-07 1.2318e-08 4.25659e-10 9.68815e-12
 1.50793e-09 9.55986e-08 3.57364e-06 7.87695e-05 0.00102378 0.00784692 0.0354893 0.0950016 0.152893 0.159261 0.137619 0.131848 0.119708 0.0834497 0.0457928 0.0206833 0.0071793 0.0017723 0.000307051 3.79496e-05 3.35934e-06 2.11182e-07 9.38631e-09 2.93341e-10 6.30667e-12
 2.00282e-09 1.20966e-07 4.30794e-06 9.04621e-05 0.00112013 0.00817975 0.0352567 0.0900753 0.139349 0.143837 0.132064 0.136182 0.127836 0.0937763 0.0554848 0.0258987 0.00860881 0.00191425 0.000287839 3.08987e-05 2.47389e-06 1.46582e-07 6.1599e-09 1.76452e-10 3.36343e-12
 3.91675e-09 2.25148e-07 7.63132e-06 0.000152517 0.00179736 0.012491 0.0512194 0.124268 0.180927 0.169036 0.128233 0.108631 0.0931255 0.0664689 0.0388942 0.0177132 0.00565152 0.00119536 0.00016934 1.67788e-05 1.20316e-06 6.24587e-08 2.29944e-09 5.87287e-11 1.0189e-12
 5.70349e-09 3.11753e-07 1.00477e-05 0.000190948 0.00213976 0.0141412 0.0551594 0.127504 0.178238 0.165157 0.133676 0.120037 0.0975715 0.0605177 0.0297027 0.0117307 0.00342733 0.000690005 9.53256e-05 9.30335e-06 6.50964e-07 3.21741e-08 1.0957e-09 2.52435e-11 3.88528e-13
 8.42926e-09 4.37743e-07 1.34041e-05 0.000242016 0.00257667 0.0161794 0.0599761 0.131899 0.176348 0.159603 0.131445 0.119902 0.0966747 0.0600649 0.0297668 0.0115219 0.00314744 0.000566403 6.70167e-05 5.45133e-06 3.21624e-07 1.40135e-08 4.39152e-10 9.50176e-12 1.37301e-13
 1.30055e-08 6.41183e-07 1.86391e-05 0.000319493 0.00322928 0.019251 0.0677607 0.141603 0.180519 0.157804 0.128295 0.115069 0.0903598 0.0552218 0.0270713 0.0102424 0.00270482 0.00047086 5.42297e-05 4.2793e-06 2.38169e-07 9.35108e-09 2.54379e-10 4.72006e-12 5.91566e-14
 1.78729e-08 8.35948e-07 2.30543e-05 0.000374901 0.00359505 0.0203359 0.067972 0.135397 0.167443 0.151038 0.136949 0.129162 0.0975024 0.0549557 0.0244585 0.00841508 0.00202456 0.000317929 3.23513e-05 2.21036e-06 1.06434e-07 3.69981e-09 9.14814e-11 1.55747e-12 1.77448e-14
 2.77721e-08 1.23157e-06 3.22031e-05 0.000496512 0.00451427 0.0242117 0.0767395 0.145025 0.170513 0.14723 0.129142 0.119229 0.0910229 0.0543926 0.025861 0.00908966 0.00214191 0.0003237 3.16055e-05 2.0671e-06 9.39394e-08 2.99817e-09 6.61715e-11 9.89508e-13 9.89256e-15
 4.26474e-08 1.79221e-06 4.44091e-05 0.000648861 0.00559067 0.0284179 0.0853985 0.153307 0.172656 0.146448 0.128682 0.115838 0.084338 0.0478411 0.0216088 0.00725205 0.00165288 0.000247256 2.46414e-05 1.68588e-06 8.01422e-08 2.60808e-09 5.67374e-11 8.11712e-13 7.57595e-15
 5.8512e-08 2.32919e-06 5.46706e-05 0.000756666 0.00617602 0.0297467 0.0848074 0.145294 0.160177 0.142596 0.136443 0.125042 0.0891559 0.0493902 0.0216475 0.00696086 0.00151121 0.000216125 2.0817e-05 1.39636e-06 6.59544e-08 2.15466e-09 4.73642e-11 6.85233e-13 6.42118e-15
 9.80661e-08 3.6966e-06 8.21628e-05 0.00107683 0.0083228 0.0379569 0.102433 0.165846 0.171536 0.140546 0.123263 0.107097 0.0751026 0.041743 0.0180983 0.0055876 0.00113943 0.000150988 1.33571e-05 8.21501e-07 3.58648e-08 1.09861e-09 2.29775e-11 3.20073e-13 2.91327e-15
 1.34787e-07 4.8101e-06 0.000101217 0.0012559 0.00919059 0.0397009 0.101673 0.157598 0.161727 0.142543 0.135625 0.11622 0.075681 0.0382211 0.0151449 0.0043542 0.000841994 0.000107514 9.27243e-06 5.55651e-07 2.32674e-08 6.69204e-10 1.29411e-11 1.65744e-13 1.39042e-15
 2.20153e-07 7.43685e-06 0.000148131 0.00173983 0.0120517 0.0492761 0.11941 0.174876 0.168455 0.13747 0.121696 0.100106 0.064725 0.0329553 0.012871 0.00351176 0.000624307 7.13135e-05 5.37896e-06 2.80106e-07 1.0375e-08 2.71908e-10 4.90147e-12 5.90089e-14 4.64006e-16
 2.99789e-07 9.58543e-06 0.000180718 0.00200912 0.0131747 0.051023 0.117425 0.165304 0.160089 0.142079 0.133814 0.106981 0.0641401 0.0298248 0.010707 0.00272632 0.000458832 5.02425e-05 3.66057e-06 1.83009e-07 6.35459e-09 1.51434e-10 2.42894e-12 2.5857e-14 1.81007e-16
 4.90142e-07 1.48336e-05 0.000264707 0.00278547 0.0172881 0.0633591 0.13787 0.182762 0.164143 0.131993 0.114966 0.0897896 0.0552983 0.0268513 0.00975823 0.00242181 0.000389849 4.06901e-05 2.83644e-06 1.36279e-07 4.55134e-09 1.03941e-10 1.58553e-12 1.58649e-14 1.0284e-16
 6.60436e-07 1.89196e-05 0.000319585 0.00318341 0.0187064 0.0649624 0.134465 0.172449 0.158664 0.140768 0.128145 0.094616 0.0521501 0.0223208 0.00728573 0.0016665 0.000251794 2.49801e-05 1.66964e-06 7.71438e-08 2.46981e-09 5.37814e-11 7.79097e-13 7.38621e-15 4.52788e-17
 9.23614e-07 2.50475e-05 0.000400531 0.00377701 0.0210137 0.0691287 0.13587 0.167132 0.152121 0.138039 0.127101 0.0952834 0.0550446 0.0247822 0.00817599 0.00181641 0.000261369 2.45513e-05 1.55372e-06 6.80422e-08 2.06539e-09 4.26277e-11 5.84861e-13 5.24413e-15 3.0338e-17
 1.46335e-06 3.75722e-05 0.000568832 0.00507858 0.0267512 0.0833186 0.155021 0.180346 0.154607 0.131327 0.113394 0.080141 0.0437323 0.0185539 0.00574753 0.00119679 0.00016137 1.42081e-05 8.42733e-07 3.45625e-08 9.81462e-10 1.89376e-11 2.42889e-13 2.03633e-15 1.10177e-17
 1.81671e-06 4.41679e-05 0.000633193 0.00535361 0.0267172 0.0789962 0.140807 0.16277 0.152204 0.147397 0.13092 0.0876255 0.043803 0.0168974 0.00478972 0.000917762 0.000113766 9.15117e-06 4.92232e-07 1.82563e-08 4.70717e-10 8.30626e-12 9.8007e-14 7.58479e-16 3.79441e-18
#spawning biomass
 28952.6 33102.3 24223.3 15773.5 23269.9 38223.9 66655.2 102685 147215 155627 142698 127711 166624 192844 200061 191429 211184 197877 209992 198800 205501 168899 181128 227481 186541 174373 189615 226099 299273 485325 396116 281134 186208 121170 81049.3 57898 45130.8 38312.6 34755.5 32931.7 32008.8 31546.3 31315.9 31200.9 31145.2 31118.2 31105.2 31098.9 31095.8 31094.3 31093.6 31093.3 31093.1 31093 31093 31092.9 31092.9 31092.9 31092.9 31092.9 31092.9 31092.9 31092.9 31092.9 31092.9 31092.9 31092.9 31092.9 31092.9 31092.9 31092.9 31092.9 31092.9 31092.9 31092.9 31092.9 31092.9 31092.9 31092.9 31092.9 31092.9 31092.9 31092.9 31092.9 31092.9 31092.9 31092.9 31092.9 31092.9 31092.9 31092.9 31092.9 31092.9 31092.9 31092.9 31092.9 31092.9 31092.9 31092.9 31092.9 31092.9 31092.9 31092.9 31092.9 31092.9 31092.9 31092.9 31092.9 31092.9 31092.9 31092.9 31092.9 31092.9 31092.9 31092.9 31092.9 31092.9 31092.9 31092.9 31092.9 31092.9 31092.9 31092.9 31092.9 31092.9 31092.9 31092.9 31092.9 0 0 0 0 0 0 0 0 0 0 0 0 0 0 0 0 0 0 0 0 0 0 0 0 0
