SBPRF35
0.256306
Curr Bio
185680
B35
196204
F35
0.390634
FOFL
0.390634
OFL
83256.5
Bzero
73230.3
#pred survey bio
 23990.9 22075.7 17319.2 15366.3 26488.3 40915.6 53554 61902 79208.9 102865 129573 166617 207543 247557 244192 224504 214357 198514 214806 217385 207310 210995 210689 216889 215847 219976 234160 239993 273744 7.39677e+06 5.95691e+06 4.221e+06 2.81637e+06 1.90767e+06 1.3784e+06 1.0861e+06 928336 843439 797229 771530 756840 748187 742938 739669 737587 736246 735370 734792 734407 734150 733978 733862 733784 733731 733695 733671 733655 733644 733637 733632 733628 733626 733624 733623 733623 733622 733622 733622 733621 733621 733621 733621 733621 733621 733621 733621 733621 733621 733621 733621 733621 733621 733621 733621 733621 733621 733621 733621 733621 733621 733621 733621 733621 733621 733621 733621 733621 733621 733621 733621 733621 733621 733621 733621 733621 733621 733621 733621 733621 733621 733621 733621 733621 733621 733621 733621 733621 733621 733621 733621 733621 733621 733621 733621 733621 733621 733621 733621 733621 0 0 0 0 0 0 0 0 0 0 0 0 0 0 0 0 0 0 0 0 0 0 0 0 0
#obs survey bio
 19753 19926.7 12807.7 21198.4 34168.7 41933.7 50822.8 60869.9 91426.7 132250 107838 226699 262997 317515 223930 226172 298300 235797 215770 269290 232431 219591 270924 228041 231799 164150 253685 233373 324322
#pred catch bio
 3201.65 3768.8 3440.8 2368.49 5904.98 9502.63 15550.8 17549.1 22900.2 34121.6 42582.4 57953.9 70582.5 99602.5 103776 94875 93982.7 65730.8 77916.9 89607.1 82707 90307 88172.3 93630.1 89814.3 87213.4 98308.1 88148 83098.6 83256.5 74603.6 51188.1 32795.3 21331.4 14955.1 11638.6 9984.85 9182.47 8800.23 8620.37 8536.44 8497.51 8479.52 8471.23 8467.42 8465.67 8464.87 8464.5 8464.34 8464.26 8464.23 8464.21 8464.2 8464.2 8464.2 8464.2 8464.2 8464.2 8464.2 8464.2 8464.2 8464.2 8464.2 8464.2 8464.2 8464.2 8464.2 8464.2 8464.2 8464.2 8464.2 8464.2 8464.2 8464.2 8464.2 8464.2 8464.2 8464.2 8464.2 8464.2 8464.2 8464.2 8464.2 8464.2 8464.2 8464.2 8464.2 8464.2 8464.2 8464.2 8464.2 8464.2 8464.2 8464.2 8464.2 8464.2 8464.2 8464.2 8464.2 8464.2 8464.2 8464.2 8464.2 8464.2 8464.2 8464.2 8464.2 8464.2 8464.2 8464.2 8464.2 8464.2 8464.2 8464.2 8464.2 8464.2 8464.2 8464.2 8464.2 8464.2 8464.2 8464.2 8464.2 8464.2 8464.2 8464.2 8464.2 8464.2 8464.2 0 0 0 0 0 0 0 0 0 0 0 0 0 0 0 0 0 0 0 0 0 0 0 0 0
#obs catch bio
 3361.67 3905.13 3708.27 2381.01 5961.52 9125.2 15492.7 17309.8 22244.8 33435.5 41236.3 54439.9 64695 88993.8 97266 91686.1 93184.1 62800.9 73718.8 85413.5 79779.3 89796.3 85053.7 91050.6 87829.6 86534.6 100148 90450.8 82405.7
#pred cpue bio
 23208.1 21741.9 17165.3 14707.6 24070.3 38130.9 50587.1 58342 73831.5 96024.5 120406 154835 192871 231590 229870 211325 200877 186316 202834 204925 194591 197532 196600 202455 201655 205652 218725 223998 255463 6.97224e+06 5.90944e+06 4.19131e+06 2.7871e+06 1.87841e+06 1.34914e+06 1.05683e+06 899073 814176 767966 742267 727577 718923 713675 710406 708324 706983 706107 705529 705144 704887 704715 704599 704521 704468 704432 704408 704392 704381 704373 704368 704365 704363 704361 704360 704359 704359 704359 704358 704358 704358 704358 704358 704358 704358 704358 704358 704358 704358 704358 704358 704358 704358 704358 704358 704358 704358 704358 704358 704358 704358 704358 704358 704358 704358 704358 704358 704358 704358 704358 704358 704358 704358 704358 704358 704358 704358 704358 704358 704358 704358 704358 704358 704358 704358 704358 704358 704358 704358 704358 704358 704358 704358 704358 704358 704358 704358 704358 704358 704358 0 0 0 0 0 0 0 0 0 0 0 0 0 0 0 0 0 0 0 0 0 0 0 0 0
#obs cpue bio
 16849.1 15184.3 11415.7 15129.8 32169.8 61090.2 39104.8 65804.6 76326.8 81575.1 164562 183776 233666 306902 244873 206211 148360 197077 283601 192272 177440 176238 196701 211123 198248 256200 181308 186691 258819
#pred surv len freq
 2.55816e-11 1.20324e-09 3.91887e-08 8.83803e-07 1.38019e-05 0.000149248 0.00111758 0.0057953 0.0208176 0.0518634 0.0900293 0.11087 0.103255 0.0862273 0.0792358 0.0777328 0.0717128 0.0625181 0.0540281 0.0464359 0.0396793 0.0340511 0.0286301 0.0218964 0.0139401
 1.27926e-11 6.01703e-10 1.95971e-08 4.41963e-07 6.90193e-06 7.46361e-05 0.000558915 0.00289906 0.0104246 0.0260771 0.0459913 0.060048 0.0668273 0.0781733 0.0970919 0.108424 0.103147 0.0897587 0.0768091 0.0649262 0.0535642 0.0432051 0.033601 0.023927 0.0144643
 9.12854e-12 4.29363e-10 1.39841e-08 3.15376e-07 4.92507e-06 5.32585e-05 0.00039882 0.00206848 0.00743553 0.0185761 0.0326008 0.041834 0.0444928 0.0493362 0.0625157 0.0799421 0.0965596 0.108849 0.110778 0.100329 0.0830055 0.0646328 0.0473234 0.0314246 0.01784
 3.41127e-11 1.6045e-09 5.22574e-08 1.17853e-06 1.84045e-05 0.000199018 0.00149022 0.00772685 0.0277446 0.0690075 0.119017 0.142933 0.121521 0.0778733 0.045679 0.0338163 0.0345622 0.0415313 0.0505464 0.0564591 0.0551759 0.0466778 0.0343573 0.0219042 0.0117585
 4.55071e-11 2.14043e-09 6.97126e-08 1.57219e-06 2.4552e-05 0.000265495 0.00198799 0.0103079 0.037014 0.0920787 0.158915 0.191347 0.164236 0.108227 0.0656861 0.0437637 0.0298145 0.0191077 0.0136605 0.0130337 0.0140208 0.0137377 0.0112565 0.00750577 0.00400782
 3.54623e-11 1.66798e-09 5.43249e-08 1.22516e-06 1.91327e-05 0.000206894 0.00154922 0.00803354 0.0288563 0.0718764 0.124674 0.153073 0.140998 0.114042 0.0985258 0.0874299 0.0668008 0.0416891 0.0228947 0.0126975 0.00828728 0.0066534 0.00552995 0.00394684 0.00221543
 3.17414e-11 1.49296e-09 4.86248e-08 1.09661e-06 1.71252e-05 0.000185185 0.00138667 0.00719066 0.0258293 0.0643421 0.111643 0.137261 0.12709 0.104495 0.0936727 0.0890724 0.0776989 0.0604721 0.0427028 0.0266794 0.0145533 0.00752128 0.00422836 0.00255556 0.00140224
 3.34113e-11 1.57151e-09 5.1183e-08 1.1543e-06 1.80261e-05 0.000194927 0.00145961 0.00756873 0.0271848 0.0676937 0.117288 0.143395 0.130194 0.101758 0.0852604 0.0782217 0.0685189 0.0558161 0.0435472 0.0316502 0.0202906 0.0111725 0.00537091 0.0023838 0.00101216
 3.70944e-11 1.74474e-09 5.68252e-08 1.28155e-06 2.00132e-05 0.000216415 0.0016205 0.00840284 0.0301782 0.0751235 0.129995 0.158148 0.141055 0.104849 0.0810407 0.0695531 0.0579345 0.0449468 0.0341144 0.0253745 0.0175861 0.0107976 0.00565338 0.00247685 0.000912499
 3.59787e-11 1.69227e-09 5.5116e-08 1.243e-06 1.94113e-05 0.000209906 0.00157177 0.00815027 0.029273 0.0728882 0.126251 0.154177 0.139386 0.107516 0.08767 0.0770585 0.0627644 0.0457784 0.0320445 0.0223038 0.0150217 0.00938836 0.00519206 0.00241906 0.000915503
 3.73911e-11 1.7587e-09 5.72797e-08 1.2918e-06 2.01733e-05 0.000218146 0.00163347 0.0084701 0.0304203 0.0757313 0.131082 0.159636 0.142914 0.107336 0.084231 0.0726818 0.0597319 0.0445473 0.0314657 0.0212872 0.013515 0.00797516 0.00429484 0.00202003 0.000787641
 3.71483e-11 1.74728e-09 5.69078e-08 1.28341e-06 2.00423e-05 0.00021673 0.00162286 0.00841515 0.0302235 0.0752467 0.13028 0.158832 0.142744 0.108334 0.0862462 0.0747104 0.0606841 0.0442677 0.0306783 0.0206198 0.0130188 0.00751131 0.00388945 0.00176249 0.00067429
 3.7104e-11 1.74519e-09 5.68398e-08 1.28188e-06 2.00184e-05 0.000216471 0.00162093 0.0084051 0.0301874 0.075157 0.130125 0.158646 0.142589 0.108254 0.0862775 0.0749254 0.061125 0.0447991 0.0310215 0.0206309 0.0128107 0.00726277 0.00368842 0.00163026 0.000606297
 3.49777e-11 1.64518e-09 5.35826e-08 1.20842e-06 1.88712e-05 0.000204066 0.00152805 0.00792361 0.0284598 0.0708727 0.122823 0.150287 0.136829 0.107583 0.0902754 0.0810816 0.0669856 0.0493521 0.0343203 0.0228979 0.0142047 0.0079896 0.00399821 0.00173349 0.000630777
 3.30941e-11 1.55659e-09 5.06971e-08 1.14335e-06 1.7855e-05 0.000193077 0.00144576 0.00749702 0.0269287 0.067071 0.116311 0.142678 0.131061 0.105513 0.0916451 0.084598 0.0715893 0.0543602 0.0390033 0.0265834 0.0166633 0.0094035 0.00469432 0.00201835 0.000724487
 3.34804e-11 1.57476e-09 5.12888e-08 1.15669e-06 1.80634e-05 0.000195331 0.00146264 0.00758444 0.0272419 0.0678426 0.117591 0.14398 0.131401 0.104049 0.088508 0.0811109 0.0693304 0.0539619 0.0400432 0.0282622 0.0182941 0.0105925 0.00537279 0.00232419 0.000832918
 3.50646e-11 1.64927e-09 5.37157e-08 1.21142e-06 1.89181e-05 0.000204573 0.00153184 0.0079432 0.0285293 0.0710367 0.123046 0.150271 0.135895 0.104982 0.0860955 0.0768196 0.0645738 0.0495901 0.0366363 0.0261815 0.0174213 0.0104404 0.00547103 0.00242739 0.000884075
 3.42503e-11 1.61097e-09 5.24683e-08 1.18329e-06 1.84788e-05 0.000199823 0.00149627 0.00775886 0.0278683 0.0694023 0.120292 0.147274 0.134354 0.106204 0.0898237 0.0811877 0.0675099 0.0503771 0.0359491 0.0250518 0.0165279 0.00999137 0.00535336 0.00244374 0.00091482
 3.22809e-11 1.51834e-09 4.94513e-08 1.11525e-06 1.74163e-05 0.000188333 0.00141024 0.00731282 0.0262674 0.065427 0.113481 0.139307 0.128291 0.103984 0.0912378 0.0850322 0.0727837 0.0562034 0.0411682 0.0287263 0.0185991 0.0110098 0.00584555 0.00268445 0.00102191
 3.32708e-11 1.5649e-09 5.09678e-08 1.14945e-06 1.79503e-05 0.000194108 0.00145348 0.00753694 0.027071 0.0674148 0.116834 0.14298 0.130259 0.102694 0.0869334 0.0797543 0.0688375 0.0545711 0.0414448 0.0299615 0.0199072 0.0119011 0.0062883 0.00286045 0.00108412
 3.46433e-11 1.62945e-09 5.30703e-08 1.19687e-06 1.86908e-05 0.000202115 0.00151343 0.00784779 0.0281868 0.0701865 0.12159 0.148573 0.134617 0.104531 0.0863539 0.0773689 0.0650796 0.0500273 0.0371942 0.0269827 0.0183718 0.0113271 0.00613151 0.00282294 0.00107215
 3.52754e-11 1.65919e-09 5.40387e-08 1.21871e-06 1.90319e-05 0.000205803 0.00154105 0.00799097 0.0287009 0.0714651 0.123795 0.151217 0.136848 0.105897 0.0869539 0.0773365 0.0643142 0.0484351 0.0349682 0.0246168 0.0164272 0.010104 0.00554694 0.00260802 0.00100896
 3.61366e-11 1.69969e-09 5.53579e-08 1.24846e-06 1.94965e-05 0.000210827 0.00157867 0.00818602 0.029401 0.0732036 0.126774 0.154706 0.13952 0.106935 0.086522 0.0760776 0.0627238 0.0466928 0.0331297 0.0227861 0.0147866 0.0088536 0.00477817 0.00223968 0.000873531
 3.58422e-11 1.68585e-09 5.49069e-08 1.23829e-06 1.93376e-05 0.00020911 0.00156581 0.00811936 0.0291621 0.0726131 0.125782 0.153638 0.139014 0.107496 0.0880732 0.077923 0.0640753 0.0472453 0.0330526 0.0223586 0.0142173 0.00830198 0.00436288 0.00200022 0.000769885
 3.55498e-11 1.67209e-09 5.44589e-08 1.22818e-06 1.91799e-05 0.000207404 0.00155303 0.00805314 0.0289244 0.0720232 0.124773 0.152468 0.138157 0.107267 0.088451 0.0787035 0.0650633 0.0482626 0.0338796 0.0228281 0.0143381 0.00821457 0.00421715 0.00188591 0.00070947
 3.53925e-11 1.6647e-09 5.42181e-08 1.22275e-06 1.90951e-05 0.000206486 0.00154617 0.00801752 0.0287965 0.0717049 0.124223 0.151801 0.137572 0.106864 0.08822 0.0786721 0.0653199 0.0488184 0.0345945 0.0234953 0.0148079 0.00845344 0.00428919 0.00188329 0.000693349
 3.57416e-11 1.68112e-09 5.47529e-08 1.23481e-06 1.92834e-05 0.000208523 0.00156142 0.00809657 0.02908 0.0724072 0.125414 0.153137 0.138399 0.106707 0.0871535 0.0772477 0.0641278 0.0481118 0.0343195 0.0235012 0.0149417 0.00859045 0.00436892 0.00190992 0.000695548
 3.59242e-11 1.6897e-09 5.50326e-08 1.24112e-06 1.93819e-05 0.000209588 0.00156939 0.00813793 0.0292286 0.0727771 0.126054 0.153917 0.139093 0.107204 0.0874468 0.0772538 0.0637079 0.0473069 0.0334169 0.0227993 0.0145398 0.00841761 0.00431307 0.00189511 0.000690686
 3.59921e-11 1.6929e-09 5.51366e-08 1.24347e-06 1.94185e-05 0.000209984 0.00157236 0.0081533 0.0292837 0.072913 0.126282 0.154158 0.139194 0.107046 0.0870727 0.0768914 0.0635891 0.0474378 0.0335945 0.0228593 0.0144949 0.00835888 0.00428562 0.00189087 0.000692516
#obs surv len freq
 2.54289e-11 1.19605e-09 3.89547e-08 8.78527e-07 1.37195e-05 0.000148357 0.0011109 0.00576067 0.020693 0.0515496 0.0894632 0.110073 0.102202 0.0847533 0.0773903 0.0761981 0.0714751 0.064119 0.0573679 0.050932 0.044074 0.0364529 0.0277369 0.0184093 0.0100755
 9.57851e-16 4.51294e-14 1.47976e-12 3.42613e-11 5.9018e-10 8.75032e-09 1.35961e-07 2.1557e-06 2.84312e-05 0.000275087 0.00187271 0.00887579 0.02927 0.0675261 0.110699 0.134002 0.129855 0.113688 0.0985878 0.0854853 0.0725094 0.0588631 0.0440605 0.0288244 0.0155757
 1.15643e-11 5.43929e-10 1.77154e-08 3.99527e-07 6.23919e-06 6.74676e-05 0.000505183 0.00261932 0.00940406 0.0233793 0.0402508 0.0480307 0.0400816 0.0255192 0.0209954 0.0377068 0.0739183 0.111809 0.130056 0.124359 0.105802 0.0838858 0.0613111 0.0393477 0.0209438
 5.19651e-11 2.44419e-09 7.96056e-08 1.79531e-06 2.80363e-05 0.000303171 0.00227009 0.0117702 0.0422593 0.10507 0.180947 0.216039 0.179454 0.105148 0.0457258 0.0173244 0.00817539 0.00725454 0.0103485 0.0144204 0.0162952 0.0148761 0.0113022 0.00721038 0.00377629
 3.35235e-11 1.57678e-09 5.13548e-08 1.15818e-06 1.80867e-05 0.000195583 0.00146454 0.00759467 0.0272838 0.0679962 0.118195 0.1463 0.138496 0.119464 0.110797 0.099957 0.0723809 0.0389719 0.0165776 0.00791755 0.00664076 0.00692331 0.00616982 0.00431664 0.00233954
 3.90442e-11 1.83645e-09 5.9812e-08 1.34891e-06 2.10652e-05 0.00022779 0.00170568 0.00884437 0.0317625 0.0790519 0.136689 0.165806 0.146348 0.105669 0.0784235 0.0669941 0.0582177 0.0468408 0.0333455 0.0197845 0.00973088 0.00469758 0.00284036 0.00190748 0.00109114
 2.46991e-11 1.16173e-09 3.78367e-08 8.53313e-07 1.33257e-05 0.0001441 0.00107905 0.00559604 0.0201092 0.0501697 0.0875766 0.110137 0.109811 0.106121 0.11202 0.112442 0.094679 0.0689722 0.0481458 0.0330368 0.0206616 0.0110213 0.00507651 0.00221619 0.000970923
 4.15207e-11 1.95293e-09 6.36057e-08 1.43447e-06 2.24013e-05 0.000242238 0.00181385 0.00940501 0.0337724 0.0840191 0.145039 0.174804 0.150641 0.100984 0.0652654 0.0509479 0.0459286 0.0417279 0.0351915 0.0261366 0.0169207 0.00963385 0.0047694 0.00201048 0.000723365
 3.34804e-11 1.57476e-09 5.12888e-08 1.15669e-06 1.80634e-05 0.000195331 0.00146264 0.00758464 0.0272449 0.0678712 0.117787 0.144901 0.134379 0.110566 0.0977454 0.0883091 0.0691705 0.046382 0.0304585 0.0217017 0.0155794 0.00999865 0.00539314 0.00239002 0.00086084
 3.95971e-11 1.86246e-09 6.0659e-08 1.36801e-06 2.13635e-05 0.000231016 0.00172983 0.00896959 0.032212 0.0801682 0.138603 0.16805 0.148057 0.106221 0.0775646 0.0644669 0.0540019 0.042183 0.030657 0.0204416 0.0125442 0.00730249 0.00397308 0.00187944 0.000722241
 3.69269e-11 1.73686e-09 5.65685e-08 1.27576e-06 1.99229e-05 0.000215438 0.00161319 0.00836507 0.0300445 0.0748083 0.129572 0.158207 0.142941 0.110011 0.089162 0.0773769 0.0614741 0.0430467 0.0287664 0.0191908 0.0122352 0.00707462 0.00362822 0.00162721 0.000618862
 3.96743e-11 1.86609e-09 6.07773e-08 1.37068e-06 2.14052e-05 0.000231467 0.00173321 0.00898717 0.0322759 0.080335 0.138945 0.168714 0.149436 0.108823 0.0811535 0.0674096 0.054434 0.040031 0.027639 0.0180314 0.0108882 0.00604083 0.00303763 0.00133641 0.00049429
 3.83779e-11 1.80511e-09 5.87913e-08 1.32589e-06 2.07057e-05 0.000223903 0.00167658 0.00869364 0.0312234 0.0777317 0.134554 0.163906 0.146858 0.110468 0.0865414 0.0735878 0.0582989 0.0408892 0.0270063 0.0173938 0.0105742 0.00583861 0.00286019 0.00121591 0.000436253
 3.55539e-11 1.67228e-09 5.44652e-08 1.22833e-06 1.91821e-05 0.000207428 0.00155322 0.00805412 0.0289286 0.0720392 0.124839 0.152729 0.138967 0.109064 0.0911905 0.081442 0.0665555 0.047988 0.0322295 0.0205685 0.0121604 0.00653735 0.00314684 0.00131723 0.000462867
 3.35267e-11 1.57693e-09 5.13597e-08 1.15829e-06 1.80884e-05 0.000195601 0.00146466 0.00759499 0.0272805 0.067945 0.117813 0.144456 0.132488 0.106233 0.0917582 0.084375 0.0711822 0.0537543 0.038124 0.0254384 0.0154215 0.00832402 0.00395442 0.00162075 0.000557501
 3.46992e-11 1.63208e-09 5.31559e-08 1.1988e-06 1.8721e-05 0.000202441 0.00151588 0.00786045 0.0282323 0.0702988 0.121779 0.148781 0.134736 0.104516 0.0863694 0.0778192 0.066291 0.0517083 0.0384226 0.0270017 0.0172515 0.00975434 0.00478004 0.00198206 0.000678769
 3.64835e-11 1.71601e-09 5.58893e-08 1.26044e-06 1.96837e-05 0.000212851 0.00159382 0.00826455 0.0296827 0.0738998 0.127947 0.155981 0.14017 0.106389 0.0848555 0.0740312 0.061177 0.0461073 0.0334681 0.0236632 0.0156457 0.00929319 0.00479154 0.0020737 0.000731341
 3.27594e-11 1.54085e-09 5.01843e-08 1.13178e-06 1.76744e-05 0.000191125 0.00143115 0.00742125 0.0266573 0.0664004 0.115187 0.141484 0.130548 0.10626 0.093446 0.0863583 0.0721446 0.053562 0.0377629 0.025877 0.0167656 0.00997262 0.00526971 0.00237086 0.000871578
 3.3328e-11 1.56759e-09 5.10554e-08 1.15143e-06 1.79812e-05 0.000194442 0.00145598 0.00754991 0.0271178 0.0675312 0.117038 0.14324 0.130532 0.103002 0.0873659 0.0803965 0.0696448 0.0552221 0.0414651 0.0292148 0.0188024 0.0109581 0.00571004 0.00257554 0.000964475
 3.52508e-11 1.65803e-09 5.4001e-08 1.21786e-06 1.90186e-05 0.00020566 0.00153997 0.00798536 0.0286805 0.07141 0.123672 0.150939 0.136191 0.104566 0.0850006 0.0754862 0.063543 0.0491607 0.0367984 0.026702 0.0179849 0.0108544 0.00572519 0.00257487 0.000960569
 3.54421e-11 1.66703e-09 5.42939e-08 1.22447e-06 1.91218e-05 0.000206775 0.00154833 0.00802872 0.0288366 0.0718021 0.124375 0.151911 0.137425 0.106227 0.0870459 0.0772041 0.0639412 0.0478869 0.0344258 0.0242256 0.0161782 0.00991196 0.00537689 0.00248158 0.000940092
 3.59318e-11 1.69006e-09 5.50442e-08 1.24138e-06 1.9386e-05 0.000209633 0.00156972 0.00813963 0.0292346 0.0727899 0.126064 0.153869 0.13886 0.10664 0.0865808 0.076417 0.0632936 0.0473937 0.0337758 0.0232325 0.0150298 0.00896457 0.00481463 0.00223876 0.000862593
 3.69816e-11 1.73943e-09 5.66522e-08 1.27765e-06 1.99524e-05 0.000215757 0.00161558 0.00837736 0.0300877 0.0749071 0.129683 0.15806 0.141914 0.10744 0.0853123 0.0740539 0.0607322 0.0450727 0.0318466 0.0217262 0.013883 0.00811487 0.00425433 0.00194098 0.000742
 3.60549e-11 1.69585e-09 5.52327e-08 1.24564e-06 1.94524e-05 0.000210351 0.0015751 0.00816754 0.0293352 0.0730434 0.126523 0.154526 0.139758 0.10794 0.0882413 0.0778546 0.0637523 0.0466945 0.0324025 0.0217493 0.0137115 0.00790603 0.00407769 0.00182559 0.000685297
 3.57447e-11 1.68126e-09 5.47574e-08 1.23492e-06 1.9285e-05 0.000208541 0.00156155 0.00809726 0.0290828 0.0724154 0.125439 0.153218 0.138635 0.107222 0.0879474 0.0780745 0.0646402 0.0481143 0.0338424 0.0227421 0.0141781 0.00803658 0.0040716 0.00179156 0.000661171
 3.5338e-11 1.66213e-09 5.41345e-08 1.22087e-06 1.90656e-05 0.000206168 0.00154378 0.00800517 0.0287523 0.0715947 0.124033 0.151575 0.137388 0.106764 0.0881988 0.0787141 0.0654279 0.0489956 0.034815 0.0237022 0.0149444 0.00850363 0.00428182 0.00185873 0.000674727
 3.57489e-11 1.68146e-09 5.4764e-08 1.23507e-06 1.92873e-05 0.000208565 0.00156173 0.00809822 0.029086 0.0724216 0.125437 0.153156 0.138388 0.106639 0.0870359 0.077131 0.0640726 0.0481355 0.0343931 0.0235865 0.015013 0.00863432 0.00438418 0.00190784 0.000689397
 3.50277e-11 1.64754e-09 5.36592e-08 1.21015e-06 1.88982e-05 0.000204358 0.00153023 0.00793491 0.0285002 0.0709697 0.122969 0.150363 0.136571 0.106713 0.0888239 0.079567 0.0660734 0.0493268 0.035015 0.0239687 0.0153112 0.00887108 0.00454567 0.00199518 0.000725158
 3.58754e-11 1.6874e-09 5.49576e-08 1.23943e-06 1.93555e-05 0.000209303 0.00156726 0.00812683 0.0291886 0.0726748 0.125861 0.153603 0.138568 0.106321 0.0862723 0.0762983 0.0635836 0.0480889 0.0345842 0.0238026 0.0151938 0.00879415 0.00451708 0.00199407 0.000729945
#pred catch len freq
 2.31926e-11 1.09087e-09 3.5529e-08 8.01267e-07 1.2513e-05 0.000135311 0.00101322 0.00525426 0.0188759 0.0470438 0.0817844 0.101288 0.0961613 0.0840655 0.0815326 0.0823189 0.0766848 0.0670875 0.0580751 0.0499525 0.0426959 0.0366427 0.0308097 0.0235635 0.0150014
 1.12431e-11 5.28821e-10 1.72234e-08 3.8843e-07 6.06594e-06 6.55961e-05 0.000491227 0.00254814 0.00916522 0.0229511 0.0406439 0.0538349 0.0622317 0.0767854 0.098612 0.111455 0.106465 0.0928497 0.0795701 0.0673095 0.0555454 0.0448067 0.0348473 0.0248147 0.0150009
 7.96745e-12 3.74751e-10 1.22054e-08 2.75262e-07 4.29864e-06 4.64845e-05 0.000348098 0.00180551 0.00649158 0.0162311 0.0285759 0.0370934 0.0407726 0.0476796 0.0627337 0.0813534 0.098698 0.11145 0.113511 0.102836 0.08509 0.0662589 0.0485148 0.0322159 0.0182892
 3.17279e-11 1.49233e-09 4.86042e-08 1.09615e-06 1.71179e-05 0.000185105 0.00138604 0.00718673 0.0258057 0.0641905 0.110745 0.133172 0.113795 0.0742448 0.0456434 0.0358418 0.0376867 0.0455972 0.0555712 0.0620914 0.0606853 0.0513399 0.0377891 0.0240922 0.0129331
 4.39441e-11 2.06692e-09 6.73183e-08 1.5182e-06 2.37088e-05 0.000256377 0.00191972 0.00995401 0.035744 0.0889285 0.153541 0.185171 0.159892 0.107466 0.0681268 0.0475289 0.0331264 0.0213983 0.0153506 0.0146702 0.0157883 0.0154707 0.0126767 0.00845278 0.00451349
 3.33723e-11 1.56967e-09 5.11232e-08 1.15296e-06 1.80051e-05 0.0001947 0.00145793 0.00756026 0.0271584 0.0676677 0.117514 0.144941 0.135611 0.113989 0.10334 0.0942344 0.0726756 0.0454994 0.0250339 0.0139051 0.00908368 0.00729502 0.00606361 0.00432775 0.00242925
 2.97245e-11 1.3981e-09 4.55352e-08 1.02693e-06 1.6037e-05 0.000173419 0.00129857 0.00673393 0.0241904 0.0602774 0.104711 0.129307 0.121548 0.103691 0.0972495 0.0948048 0.0834022 0.0651031 0.0460398 0.0287864 0.0157081 0.00811939 0.00456491 0.00275903 0.00151389
 3.1392e-11 1.47653e-09 4.80897e-08 1.08454e-06 1.69367e-05 0.000183147 0.00137141 0.00711145 0.0255439 0.0636231 0.11034 0.135396 0.124527 0.100681 0.0884024 0.0834636 0.0738562 0.0603709 0.047174 0.0343112 0.0220028 0.0121165 0.00582494 0.00258534 0.00109775
 3.51903e-11 1.65518e-09 5.39083e-08 1.21577e-06 1.89859e-05 0.000205306 0.00153733 0.00797165 0.028631 0.0712856 0.123447 0.150623 0.135768 0.103955 0.0841697 0.0746021 0.0628955 0.0489915 0.0372502 0.0277302 0.0192249 0.011805 0.00618105 0.00270806 0.000997683
 3.41614e-11 1.60679e-09 5.2332e-08 1.18022e-06 1.84308e-05 0.000199304 0.00149239 0.00773874 0.0277964 0.0692263 0.120009 0.14703 0.134455 0.106924 0.0910483 0.0822494 0.0676577 0.0495143 0.0347179 0.0241866 0.0162961 0.0101861 0.00563343 0.00262473 0.000993342
 3.56099e-11 1.67492e-09 5.4551e-08 1.23026e-06 1.92123e-05 0.000207754 0.00155566 0.00806674 0.028973 0.0721419 0.124963 0.152624 0.138058 0.106706 0.0874807 0.077749 0.0645996 0.0483531 0.0342105 0.0231639 0.0147119 0.00868253 0.00467596 0.00219931 0.000857551
 3.54143e-11 1.66572e-09 5.42514e-08 1.2235e-06 1.91068e-05 0.000206613 0.00154712 0.00802248 0.0288146 0.0717529 0.124326 0.152018 0.138058 0.107811 0.0895404 0.0797544 0.0654466 0.0479062 0.0332543 0.0223708 0.0141296 0.00815328 0.00422205 0.00191322 0.000731962
 3.53466e-11 1.66254e-09 5.41477e-08 1.22117e-06 1.90703e-05 0.000206218 0.00154416 0.00800715 0.0287595 0.0716161 0.12409 0.15174 0.137836 0.107718 0.0896113 0.0800445 0.0659791 0.0485245 0.0336562 0.0224027 0.0139162 0.00789054 0.00400741 0.00177128 0.000658744
 3.33435e-11 1.56832e-09 5.10791e-08 1.15196e-06 1.79895e-05 0.000194532 0.00145666 0.00755354 0.027132 0.0675798 0.117211 0.143864 0.132406 0.107076 0.0933634 0.0858307 0.071496 0.0528243 0.0367866 0.0245621 0.0152422 0.00857415 0.0042909 0.00186042 0.000676964
 3.14939e-11 1.48132e-09 4.82458e-08 1.08806e-06 1.69917e-05 0.000183742 0.00137586 0.00713465 0.0256285 0.0638462 0.110812 0.136374 0.126684 0.104914 0.0945174 0.0891129 0.0759647 0.0578295 0.0415454 0.0283351 0.0177665 0.0100271 0.00500578 0.00215229 0.000772566
 3.18761e-11 1.4993e-09 4.88312e-08 1.10127e-06 1.71979e-05 0.000185971 0.00139256 0.00722114 0.0259383 0.0646091 0.112076 0.137645 0.126965 0.103344 0.0912286 0.0854807 0.0736374 0.0574671 0.0426986 0.0301556 0.0195249 0.0113062 0.00573494 0.00248088 0.000889073
 3.35407e-11 1.57759e-09 5.13812e-08 1.15877e-06 1.80959e-05 0.000195682 0.00146527 0.00759811 0.027291 0.0679653 0.117807 0.144257 0.131692 0.104334 0.0887073 0.08098 0.0686331 0.0528537 0.0390977 0.0279586 0.0186086 0.0111529 0.00584457 0.00259314 0.000944448
 3.23873e-11 1.52334e-09 4.96143e-08 1.11893e-06 1.74737e-05 0.000188954 0.00141489 0.00733696 0.0263545 0.065648 0.113892 0.139938 0.129269 0.10553 0.0931925 0.0864359 0.0725309 0.054295 0.0388068 0.0270665 0.0178635 0.0108001 0.00578687 0.00264166 0.000988916
 3.04765e-11 1.43347e-09 4.66871e-08 1.05291e-06 1.64427e-05 0.000177806 0.00133142 0.0069042 0.0248012 0.0617903 0.107278 0.132186 0.123314 0.103218 0.0943372 0.0899847 0.0776417 0.0601232 0.0441015 0.0307958 0.0199451 0.0118078 0.00626949 0.00287917 0.00109604
 3.16285e-11 1.48765e-09 4.84519e-08 1.09271e-06 1.70643e-05 0.000184527 0.00138174 0.00716503 0.0257365 0.0641045 0.111186 0.136484 0.125681 0.101887 0.0895879 0.0840971 0.0731747 0.0581689 0.0442339 0.0319978 0.0212656 0.0127142 0.00671815 0.00305601 0.00115824
 3.29864e-11 1.55152e-09 5.05322e-08 1.13963e-06 1.77969e-05 0.000192449 0.00144106 0.00747259 0.0268405 0.0668472 0.115894 0.142032 0.130039 0.103805 0.0891566 0.0818456 0.0694471 0.0535428 0.0398639 0.0289398 0.0197099 0.0121533 0.00657889 0.00302894 0.00115039
 3.37244e-11 1.58623e-09 5.16626e-08 1.16512e-06 1.8195e-05 0.000196754 0.00147329 0.00763973 0.0274406 0.0683393 0.118464 0.145104 0.132596 0.105295 0.0896967 0.0816467 0.0684668 0.0517079 0.0373812 0.0263338 0.0175781 0.0108129 0.00593629 0.0027911 0.00107979
 3.45786e-11 1.62641e-09 5.29712e-08 1.19463e-06 1.86559e-05 0.000201738 0.00151061 0.00783319 0.028135 0.070064 0.121422 0.148573 0.135273 0.106384 0.08936 0.080493 0.0669484 0.0499847 0.0355148 0.0244443 0.0158675 0.0095018 0.00512816 0.00240376 0.000937526
 3.43187e-11 1.61419e-09 5.2573e-08 1.18565e-06 1.85157e-05 0.000200221 0.00149926 0.00777435 0.0279242 0.0695432 0.120549 0.147647 0.134881 0.107002 0.0909176 0.0823099 0.0682447 0.0504605 0.0353496 0.0239297 0.015221 0.00888901 0.00467154 0.00214175 0.000824362
 3.39704e-11 1.59781e-09 5.20395e-08 1.17362e-06 1.83278e-05 0.00019819 0.00148405 0.00769549 0.0276411 0.0688408 0.119348 0.146256 0.133867 0.106745 0.0913859 0.0832452 0.0693986 0.0516252 0.0362899 0.0244702 0.0153742 0.00880918 0.00452257 0.00202251 0.000760864
 3.37488e-11 1.58738e-09 5.17e-08 1.16596e-06 1.82082e-05 0.000196896 0.00147436 0.00764528 0.0274609 0.0683926 0.118576 0.145332 0.133096 0.106294 0.0912349 0.0833624 0.0698189 0.052335 0.0371392 0.0252425 0.0159141 0.00908598 0.0046103 0.00202431 0.000745268
 3.41776e-11 1.60755e-09 5.23569e-08 1.18078e-06 1.84396e-05 0.000199398 0.00149309 0.00774238 0.0278092 0.0692554 0.120041 0.146979 0.134132 0.106146 0.0899944 0.0816822 0.0683923 0.0514593 0.0367575 0.0251885 0.0160192 0.0092109 0.00468462 0.00204796 0.00074582
 3.42075e-11 1.60896e-09 5.24027e-08 1.18181e-06 1.84557e-05 0.000199573 0.0014944 0.00774917 0.0278337 0.0693178 0.120157 0.147162 0.134425 0.106623 0.0906136 0.0821619 0.0683944 0.0509487 0.0360445 0.0246119 0.0157012 0.00909105 0.0046583 0.00204683 0.000745983
 3.40962e-11 1.60372e-09 5.22322e-08 1.17797e-06 1.83957e-05 0.000198923 0.00148954 0.00772396 0.0277432 0.0690926 0.119769 0.146696 0.134031 0.106387 0.0905473 0.0822962 0.0687706 0.0514844 0.0365219 0.0248734 0.015778 0.00909999 0.00466579 0.00205863 0.000753962
#obs catch len freq
 2.09306e-11 9.84473e-10 3.20636e-08 7.23117e-07 1.12925e-05 0.000122113 0.0009144 0.00474189 0.0170365 0.0424706 0.0739119 0.0919054 0.0884259 0.0797009 0.0800559 0.0827409 0.0788576 0.0715634 0.0652161 0.0590515 0.0517699 0.0432273 0.0333335 0.022481 0.0124613
 2.30803e-11 1.08559e-09 3.53568e-08 7.97386e-07 1.24523e-05 0.000134655 0.00100831 0.00522877 0.018784 0.046811 0.0813545 0.100639 0.0951814 0.0825231 0.0794914 0.0805607 0.0763136 0.0687044 0.0615766 0.0547127 0.0473609 0.0391763 0.0298104 0.0197858 0.0108289
 8.13926e-16 3.83596e-14 1.25924e-12 2.9285e-11 5.1228e-10 7.89989e-09 1.29354e-07 2.11651e-06 2.82201e-05 0.000273867 0.00186587 0.00884522 0.0291717 0.0673069 0.110367 0.133679 0.129693 0.113736 0.0987761 0.0857197 0.0727331 0.0590522 0.0442041 0.0289189 0.0156269
 1.01656e-11 4.78141e-10 1.55727e-08 3.51204e-07 5.48455e-06 5.93074e-05 0.000444081 0.00230251 0.00826664 0.0205516 0.0353832 0.0422298 0.0353065 0.0228675 0.0202695 0.0384574 0.0760461 0.115129 0.133937 0.128082 0.10898 0.0864118 0.0631597 0.0405347 0.0215758
 5.10479e-11 2.40105e-09 7.82005e-08 1.76362e-06 2.75414e-05 0.00029782 0.00223002 0.0115625 0.0415136 0.103218 0.177769 0.212298 0.176525 0.103834 0.0457804 0.0180114 0.00899904 0.00825613 0.0118544 0.0165309 0.0186818 0.0170552 0.0129579 0.00826672 0.00432953
 3.13851e-11 1.47621e-09 4.80791e-08 1.08431e-06 1.6933e-05 0.000183108 0.00137113 0.00711047 0.0255468 0.0636924 0.110884 0.138049 0.133206 0.119896 0.116415 0.107468 0.0783946 0.0423024 0.0180181 0.00862577 0.00724933 0.0075614 0.00673888 0.00471482 0.00255535
 3.71077e-11 1.74537e-09 5.68454e-08 1.28201e-06 2.00204e-05 0.000216492 0.00162108 0.00840583 0.0301889 0.0751485 0.130029 0.158149 0.140961 0.10476 0.0816819 0.0724151 0.0638273 0.051578 0.0367772 0.0218364 0.010744 0.00518793 0.0031374 0.0021071 0.00120534
 2.2696e-11 1.06751e-09 3.47682e-08 7.84111e-07 1.22451e-05 0.000132414 0.000991556 0.00514244 0.0184817 0.0461339 0.0806994 0.102272 0.104417 0.105556 0.115874 0.118287 0.100142 0.0731225 0.0511273 0.0351191 0.0219741 0.0117235 0.00540033 0.00235765 0.00103292
 3.98007e-11 1.87203e-09 6.0971e-08 1.37505e-06 2.14733e-05 0.000232203 0.00173871 0.0090155 0.0323745 0.0805498 0.139106 0.167924 0.145595 0.0995869 0.067249 0.0548329 0.050376 0.046011 0.0388626 0.0288791 0.0187006 0.0106485 0.00527205 0.00222243 0.000799634
 3.15955e-11 1.4861e-09 4.84013e-08 1.09157e-06 1.70465e-05 0.000184334 0.00138031 0.00715781 0.0257135 0.0640744 0.111322 0.13753 0.1294 0.110244 0.101658 0.0939991 0.074212 0.0499042 0.0328302 0.0234193 0.0168209 0.0107971 0.00582408 0.00258103 0.000929645
 3.79773e-11 1.78627e-09 5.81776e-08 1.31205e-06 2.04896e-05 0.000221566 0.00165907 0.00860277 0.0308958 0.0769034 0.133034 0.161651 0.143569 0.105493 0.0803048 0.0689204 0.0584606 0.0458438 0.0333669 0.0222637 0.0136667 0.00795707 0.00432948 0.00204808 0.000787053
 3.52352e-11 1.65729e-09 5.3977e-08 1.21732e-06 1.90102e-05 0.000205568 0.0015393 0.00798197 0.02867 0.0714002 0.123767 0.15158 0.138434 0.109645 0.092581 0.0824639 0.0661349 0.0464573 0.0310951 0.0207635 0.0132434 0.00765872 0.00392798 0.00176169 0.000670009
 3.81113e-11 1.79257e-09 5.83828e-08 1.31668e-06 2.05619e-05 0.000222348 0.00166493 0.0086332 0.0310059 0.0771856 0.133577 0.162571 0.145206 0.108341 0.0841166 0.0719774 0.0587918 0.0433943 0.0300069 0.0195912 0.0118342 0.00656665 0.00330223 0.00145285 0.000537362
 3.68314e-11 1.73237e-09 5.64223e-08 1.27246e-06 1.98714e-05 0.000214881 0.00160902 0.00834345 0.029967 0.0746164 0.129248 0.15785 0.142746 0.11015 0.0897011 0.0782926 0.0626288 0.0440652 0.0291467 0.0187877 0.0114259 0.00630979 0.00309117 0.00131413 0.000471495
 3.39928e-11 1.59886e-09 5.20738e-08 1.1744e-06 1.83399e-05 0.00019832 0.00148503 0.00770062 0.0276603 0.0688941 0.119481 0.146606 0.134785 0.108679 0.0942922 0.0861317 0.070949 0.0512904 0.0344906 0.0220269 0.0130269 0.00700407 0.00337166 0.00141136 0.000495948
 3.18057e-11 1.49599e-09 4.87233e-08 1.09883e-06 1.71599e-05 0.00018556 0.00138948 0.00720526 0.0258821 0.064477 0.1119 0.137682 0.1278 0.105633 0.0949182 0.0893086 0.0759454 0.0575063 0.0408385 0.0272689 0.0165365 0.00892701 0.0042411 0.00173829 0.000597935
 3.30995e-11 1.55684e-09 5.07053e-08 1.14353e-06 1.78579e-05 0.000193109 0.001446 0.00749819 0.0269325 0.0670746 0.11628 0.142465 0.130315 0.103818 0.0890924 0.0821921 0.0706061 0.055225 0.0410853 0.02889 0.0184626 0.0104401 0.0051163 0.00212152 0.000726531
 3.47189e-11 1.63301e-09 5.31861e-08 1.19948e-06 1.87316e-05 0.000202556 0.00151674 0.00786494 0.0282489 0.0703437 0.121883 0.149028 0.135337 0.105712 0.0879877 0.0789467 0.0659115 0.0498452 0.0362381 0.0256424 0.0169603 0.0100753 0.00519505 0.00224838 0.000792952
 3.09312e-11 1.45486e-09 4.73837e-08 1.06862e-06 1.66881e-05 0.000180459 0.00135129 0.00700725 0.0251718 0.0627164 0.108907 0.134291 0.125576 0.105639 0.0968146 0.0915749 0.0771152 0.0574122 0.0405364 0.0278004 0.0180185 0.0107194 0.00566462 0.00254858 0.000936919
 3.16211e-11 1.4873e-09 4.84405e-08 1.09246e-06 1.70603e-05 0.000184483 0.00138141 0.00716336 0.0257307 0.0640906 0.111168 0.136491 0.125784 0.102187 0.0901682 0.084972 0.0742222 0.0590135 0.044367 0.0312786 0.0201361 0.0117366 0.00611599 0.00275869 0.00103307
 3.35478e-11 1.57793e-09 5.13921e-08 1.15902e-06 1.80998e-05 0.000195724 0.00146558 0.00759971 0.0272967 0.0679776 0.117816 0.144214 0.131479 0.103808 0.0878657 0.0800775 0.0680396 0.0528023 0.0395795 0.02874 0.0193631 0.0116874 0.00616484 0.00277264 0.00103435
 3.37738e-11 1.58856e-09 5.17382e-08 1.16683e-06 1.82217e-05 0.000197042 0.00147545 0.00765092 0.027481 0.0684401 0.118643 0.145339 0.132863 0.105604 0.0900305 0.0818698 0.0684144 0.0513896 0.0369954 0.0260528 0.0174039 0.0106642 0.00578517 0.00267005 0.00101149
 3.43059e-11 1.61359e-09 5.25534e-08 1.18521e-06 1.85088e-05 0.000200147 0.0014987 0.00777144 0.0279135 0.0695135 0.120478 0.147466 0.134422 0.106051 0.0895238 0.081011 0.0677044 0.0508466 0.0362855 0.0249763 0.0161628 0.0096415 0.00517841 0.00240795 0.000927786
 3.53513e-11 1.66276e-09 5.41549e-08 1.22133e-06 1.90728e-05 0.000206246 0.00154437 0.00800819 0.0287631 0.0716221 0.124083 0.151646 0.13748 0.106886 0.0883167 0.0787111 0.0651785 0.0485259 0.0343354 0.0234416 0.014984 0.00875952 0.0045925 0.0020953 0.000800999
 3.44551e-11 1.6206e-09 5.27819e-08 1.19037e-06 1.85893e-05 0.000201017 0.00150522 0.00780526 0.0280353 0.0698199 0.121029 0.148239 0.135433 0.107454 0.0912765 0.0825073 0.0681514 0.0500599 0.0347845 0.023365 0.0147349 0.00849713 0.00438275 0.00196219 0.00073658
 3.41085e-11 1.6043e-09 5.22509e-08 1.17839e-06 1.84023e-05 0.000198995 0.00149007 0.00772674 0.0277534 0.0691184 0.119819 0.146782 0.134189 0.106677 0.0909841 0.0827806 0.0691415 0.0516145 0.0363531 0.0244466 0.0152456 0.00864275 0.00437891 0.00192682 0.000711091
 3.37306e-11 1.58653e-09 5.16722e-08 1.16534e-06 1.81984e-05 0.000196791 0.00147357 0.00764117 0.0274462 0.0683557 0.118511 0.145249 0.13301 0.106206 0.0911452 0.0832985 0.0698258 0.052435 0.037307 0.0254159 0.0160297 0.00912218 0.00459348 0.00199405 0.000723851
 3.41353e-11 1.60556e-09 5.22921e-08 1.17932e-06 1.84168e-05 0.000199152 0.00149125 0.00773281 0.0277749 0.06917 0.119893 0.146803 0.133985 0.10606 0.0899654 0.0817045 0.0684708 0.0515887 0.036909 0.0253291 0.016127 0.00927605 0.00471023 0.00204975 0.000740682
 3.33669e-11 1.56942e-09 5.11149e-08 1.15277e-06 1.80022e-05 0.000194668 0.00145768 0.00755879 0.0271507 0.0676229 0.117264 0.143827 0.132049 0.106138 0.0918693 0.0842987 0.0706016 0.0528574 0.0375719 0.0257373 0.0164462 0.00952981 0.00488343 0.00214347 0.000779058
#spawning biomass
 20233.4 20507.5 16594.9 12175.6 14778.9 27524.4 39302 44766 53273.2 69913.2 85373.2 109829 136830 170702 175326 161095 149434 139818 157260 157424 146066 146156 142812 147373 147505 151000 159816 162949 185680 232880 267103 183239 115382 73094.4 49573.8 37340.3 31239.9 28280.2 26870.2 26206.7 25897.1 25753.5 25687.2 25656.6 25642.5 25636.1 25633.1 25631.8 25631.1 25630.9 25630.7 25630.7 25630.6 25630.6 25630.6 25630.6 25630.6 25630.6 25630.6 25630.6 25630.6 25630.6 25630.6 25630.6 25630.6 25630.6 25630.6 25630.6 25630.6 25630.6 25630.6 25630.6 25630.6 25630.6 25630.6 25630.6 25630.6 25630.6 25630.6 25630.6 25630.6 25630.6 25630.6 25630.6 25630.6 25630.6 25630.6 25630.6 25630.6 25630.6 25630.6 25630.6 25630.6 25630.6 25630.6 25630.6 25630.6 25630.6 25630.6 25630.6 25630.6 25630.6 25630.6 25630.6 25630.6 25630.6 25630.6 25630.6 25630.6 25630.6 25630.6 25630.6 25630.6 25630.6 25630.6 25630.6 25630.6 25630.6 25630.6 25630.6 25630.6 25630.6 25630.6 25630.6 25630.6 25630.6 25630.6 25630.6 25630.6 0 0 0 0 0 0 0 0 0 0 0 0 0 0 0 0 0 0 0 0 0 0 0 0 0
