SBPRF35
0.819782
Curr Bio
128784
B35
832613
F35
0.231183
FOFL
0
OFL
0
Bzero
234224
#pred survey bio
 32333.7 30566.4 21043.2 14429.3 22832.2 27908 36343.5 48249.4 58880.4 72628 70323.8 79843 89661.3 96791.1 103158 108615 125980 128677 130647 137901 116932 128923 129266 145564 151599 147319 152552 160195 4.50818e+06 6.91414e+06 7.65601e+06 7.36254e+06 6.56339e+06 5.62532e+06 4.74957e+06 4.01838e+06 3.44626e+06 3.01642e+06 2.70171e+06 2.47495e+06 2.31301e+06 2.19775e+06 2.11497e+06 2.05374e+06 2.01057e+06 1.97973e+06 1.9574e+06 1.94101e+06 1.92881e+06 1.91962e+06 1.91262e+06 1.90721e+06 1.903e+06 1.8997e+06 1.89708e+06 1.895e+06 1.89333e+06 1.89199e+06 1.89091e+06 1.89004e+06 1.88933e+06 1.88875e+06 1.88829e+06 1.8879e+06 1.88759e+06 1.88734e+06 1.88713e+06 1.88696e+06 1.88682e+06 1.88671e+06 1.88662e+06 1.88654e+06 1.88648e+06 1.88643e+06 1.88638e+06 1.88635e+06 1.88632e+06 1.8863e+06 1.88628e+06 1.88627e+06 1.88625e+06 1.88624e+06 1.88623e+06 1.88623e+06 1.88622e+06 1.88622e+06 1.88621e+06 1.88621e+06 1.88621e+06 1.88621e+06 1.8862e+06 1.8862e+06 1.8862e+06 1.8862e+06 1.8862e+06 1.8862e+06 1.8862e+06 1.8862e+06 1.8862e+06 1.8862e+06 1.8862e+06 1.8862e+06 1.8862e+06 1.8862e+06 1.8862e+06 1.8862e+06 1.8862e+06 1.8862e+06 1.8862e+06 1.8862e+06 1.8862e+06 1.8862e+06 1.8862e+06 1.8862e+06 1.8862e+06 1.8862e+06 1.8862e+06 1.8862e+06 1.8862e+06 1.8862e+06 1.8862e+06 1.8862e+06 1.8862e+06 1.8862e+06 1.8862e+06 1.8862e+06 1.8862e+06 1.8862e+06 0 0 0 0 0 0 0 0 0 0 0 0 0 0 0 0 0 0 0 0 0 0 0 0 0
#obs survey bio
 29567.1 23209.2 13776 10988.6 24003 27333.2 34346.6 37949.2 56249.8 58759.2 53602.7 83706.3 68802 90209.7 64552.3 72833.2 97147.4 106828 92768.2 110044 108772 142971 87031.8 128743 161136 139470 129478 123610
#pred catch bio
 15903.1 17624.6 13841.3 8988.37 15760.5 19790.7 25586.3 35473.9 42859.2 58110.2 53465.6 61408.3 71305.4 79569.3 85659.2 87929.9 104610 107613 107272 122113 98454.9 111820 109443 125661 135562 128473 135671 129722 0 60664.4 66734.2 63415.8 55643.6 46778.4 38646.5 31968 26838.3 23068.8 20383.3 18512 17229.3 16360.8 15775.3 15377.2 15118.5 14950.5 14841.3 14770.3 14724.2 14694.3 14674.8 14662.2 14653.9 14648.6 14645.1 14642.9 14641.4 14640.5 14639.8 14639.4 14639.2 14639 14638.9 14638.8 14638.8 14638.8 14638.7 14638.7 14638.7 14638.7 14638.7 14638.7 14638.7 14638.7 14638.7 14638.7 14638.7 14638.7 14638.7 14638.7 14638.7 14638.7 14638.7 14638.7 14638.7 14638.7 14638.7 14638.7 14638.7 14638.7 14638.7 14638.7 14638.7 14638.7 14638.7 14638.7 14638.7 14638.7 14638.7 14638.7 14638.7 14638.7 14638.7 14638.7 14638.7 14638.7 14638.7 14638.7 14638.7 14638.7 14638.7 14638.7 14638.7 14638.7 14638.7 14638.7 14638.7 14638.7 14638.7 14638.7 14638.7 14638.7 14638.7 14638.7 14638.7 14638.7 14638.7 14638.7 0 0 0 0 0 0 0 0 0 0 0 0 0 0 0 0 0 0 0 0 0 0 0 0 0
#obs catch bio
 20751.6 19094.6 16169.1 10762.2 11700 15948.4 21668.7 31678.2 38208 54714.3 47434.7 52242.2 62210.7 71590.1 89007.7 85320.6 101629 98235.9 99205.6 111686 86969 94495.8 99281.1 106188 109066 107952 110086 109503
#pred cpue bio
 25047.7 25418.1 19299.2 9546.61 10739.2 15867 18062.6 24322.9 29213.4 36556.3 34425.4 39168.7 43090.6 43935.7 42830 44502.7 51587.7 54297.4 53797.9 58701 44174 48674.6 47143.1 53012.9 54778.6 48103.8 53738.5 50379.3 1.87224e+06 6.79432e+06 7.5402e+06 7.2451e+06 6.44587e+06 5.5078e+06 4.63206e+06 3.90086e+06 3.32874e+06 2.8989e+06 2.58419e+06 2.35744e+06 2.19549e+06 2.08023e+06 1.99745e+06 1.93622e+06 1.89305e+06 1.86221e+06 1.83988e+06 1.82349e+06 1.8113e+06 1.80211e+06 1.7951e+06 1.78969e+06 1.78549e+06 1.78218e+06 1.77957e+06 1.77748e+06 1.77582e+06 1.77448e+06 1.7734e+06 1.77252e+06 1.77181e+06 1.77124e+06 1.77077e+06 1.77039e+06 1.77008e+06 1.76982e+06 1.76961e+06 1.76944e+06 1.7693e+06 1.76919e+06 1.7691e+06 1.76902e+06 1.76896e+06 1.76891e+06 1.76887e+06 1.76883e+06 1.76881e+06 1.76878e+06 1.76876e+06 1.76875e+06 1.76874e+06 1.76873e+06 1.76872e+06 1.76871e+06 1.76871e+06 1.7687e+06 1.7687e+06 1.76869e+06 1.76869e+06 1.76869e+06 1.76869e+06 1.76869e+06 1.76869e+06 1.76868e+06 1.76868e+06 1.76868e+06 1.76868e+06 1.76868e+06 1.76868e+06 1.76868e+06 1.76868e+06 1.76868e+06 1.76868e+06 1.76868e+06 1.76868e+06 1.76868e+06 1.76868e+06 1.76868e+06 1.76868e+06 1.76868e+06 1.76868e+06 1.76868e+06 1.76868e+06 1.76868e+06 1.76868e+06 1.76868e+06 1.76868e+06 1.76868e+06 1.76868e+06 1.76868e+06 1.76868e+06 1.76868e+06 1.76868e+06 1.76868e+06 1.76868e+06 1.76868e+06 1.76868e+06 1.76868e+06 0 0 0 0 0 0 0 0 0 0 0 0 0 0 0 0 0 0 0 0 0 0 0 0 0
#obs cpue bio
 21803 20810.2 13758.5 12283.1 19949.5 41239.9 36989.1 43682.8 52601.9 62561.8 63919.3 82028.4 91639.2 74698.6 54424.2 73431.4 79922.8 97069.2 96904 116764 74865.1 90948.6 92525.1 124921 127547 97627.2 146323 120976
#pred surv len freq
 1.1966e-11 1.29879e-09 8.31225e-08 3.13679e-06 6.97976e-05 0.000915792 0.00708609 0.0323553 0.0874616 0.142243 0.149929 0.130632 0.124152 0.111079 0.0787211 0.0491367 0.0305664 0.0187922 0.0116822 0.00766893 0.00545738 0.00428825 0.0035513 0.00267003 0.00153886
 9.15972e-12 9.942e-10 6.36287e-08 2.40115e-06 5.34291e-05 0.000701045 0.00542523 0.0247899 0.0672598 0.111393 0.126758 0.133885 0.15204 0.143456 0.0995543 0.0581962 0.0334623 0.0188291 0.010273 0.00560717 0.00320609 0.00204297 0.00145827 0.0010243 0.000582636
 5.20234e-12 5.64664e-10 3.61384e-08 1.36376e-06 3.0346e-05 0.000398199 0.00308268 0.0141118 0.0386425 0.0668469 0.0891354 0.124752 0.169877 0.172669 0.129237 0.0839699 0.0514442 0.0282917 0.014194 0.00682006 0.00322115 0.00158545 0.000879745 0.000528164 0.00028137
 1.55021e-11 1.6826e-09 1.07686e-07 4.06374e-06 9.04233e-05 0.00118639 0.00917887 0.0418878 0.112911 0.181063 0.178877 0.125973 0.0888923 0.0730545 0.060211 0.0482453 0.035141 0.0218393 0.0118024 0.00562155 0.00239557 0.000963043 0.000398528 0.000181751 8.26809e-05
 1.80017e-11 1.95392e-09 1.2505e-07 4.71901e-06 0.000105004 0.00137769 0.010659 0.048644 0.131144 0.210473 0.208694 0.148522 0.103905 0.0746549 0.0406711 0.0146051 0.00393328 0.00131143 0.000678618 0.000360362 0.000163003 6.24938e-05 2.13471e-05 7.14579e-06 2.45964e-06
 1.57773e-11 1.71248e-09 1.09598e-07 4.1359e-06 9.20292e-05 0.00120747 0.00934255 0.0426475 0.115135 0.18605 0.190474 0.151467 0.126354 0.0997135 0.0548495 0.0184888 0.00370365 0.000438129 3.05698e-05 1.25778e-06 3.05262e-08 4.41279e-10 5.29623e-12 4.79152e-13 1.18938e-13
 1.73394e-11 1.88203e-09 1.2045e-07 4.54539e-06 0.000101141 0.00132701 0.0102671 0.0468591 0.126384 0.203255 0.203526 0.150113 0.111716 0.0830073 0.0449371 0.0150971 0.00302226 0.000357498 2.49485e-05 1.02726e-06 2.49922e-08 3.61119e-10 3.1557e-12 1.7664e-14 7.29096e-17
 1.71923e-11 1.86606e-09 1.19427e-07 4.50682e-06 0.000100282 0.00131575 0.01018 0.0464623 0.125324 0.201634 0.202297 0.15024 0.113095 0.0845812 0.0458709 0.0154165 0.0030864 0.000365068 2.54715e-05 1.048e-06 2.54265e-08 3.63792e-10 3.07068e-12 1.53121e-14 4.5326e-17
 1.73569e-11 1.88392e-09 1.20571e-07 4.54997e-06 0.000101242 0.00132835 0.0102774 0.0469061 0.12651 0.203447 0.203672 0.150098 0.111552 0.0828208 0.0448264 0.0150591 0.00301459 0.000356568 2.48782e-05 1.02357e-06 2.48326e-08 3.55229e-10 2.99638e-12 1.49055e-14 4.37405e-17
 1.72083e-11 1.8678e-09 1.19539e-07 4.51102e-06 0.000100376 0.00131698 0.0101895 0.0465056 0.12544 0.201811 0.202431 0.150226 0.112945 0.0844095 0.0457691 0.0153817 0.00307939 0.000364238 2.54135e-05 1.0456e-06 2.5367e-08 3.62875e-10 3.06093e-12 1.52275e-14 4.46953e-17
 1.74922e-11 1.89861e-09 1.21511e-07 4.58544e-06 0.000102032 0.0013387 0.0103575 0.047271 0.127484 0.204938 0.204803 0.14998 0.110284 0.0813735 0.0439677 0.0147652 0.00295555 0.00034958 2.43906e-05 1.00351e-06 2.43457e-08 3.48259e-10 2.93744e-12 1.46095e-14 4.28426e-17
 1.7471e-11 1.8963e-09 1.21363e-07 4.57987e-06 0.000101908 0.00133708 0.0103449 0.0472137 0.127331 0.204704 0.204625 0.149999 0.110483 0.0816007 0.0441025 0.0148114 0.00296482 0.000350677 2.44672e-05 1.00666e-06 2.44222e-08 3.49353e-10 2.94666e-12 1.46555e-14 4.29783e-17
 1.76726e-11 1.91819e-09 1.22764e-07 4.63272e-06 0.000103084 0.0013525 0.0104642 0.0477572 0.128783 0.206924 0.20631 0.149824 0.108594 0.0794447 0.0428232 0.0143736 0.00287687 0.000340267 2.37408e-05 9.7677e-07 2.36971e-08 3.3898e-10 2.85917e-12 1.42203e-14 4.17016e-17
 1.81961e-11 1.97501e-09 1.26401e-07 4.76996e-06 0.000106138 0.00139257 0.0107741 0.0491688 0.132553 0.21269 0.210684 0.14937 0.103688 0.0738454 0.039501 0.0132368 0.00264847 0.000313233 2.18543e-05 8.99152e-07 2.1814e-08 3.12043e-10 2.63197e-12 1.30903e-14 3.83874e-17
 1.89189e-11 2.05347e-09 1.31422e-07 4.95945e-06 0.000110354 0.00144788 0.0112019 0.0511176 0.137759 0.220651 0.216724 0.148743 0.0969145 0.0661149 0.0349142 0.0116673 0.00233314 0.000275909 1.92498e-05 7.9199e-07 1.92142e-08 2.74854e-10 2.31829e-12 1.15302e-14 3.38123e-17
 1.90174e-11 2.06416e-09 1.32106e-07 4.98526e-06 0.000110928 0.00145542 0.0112602 0.0513831 0.138468 0.221736 0.217547 0.148658 0.0959918 0.0650618 0.0342894 0.0114535 0.00229018 0.000270824 1.88949e-05 7.77392e-07 1.886e-08 2.69787e-10 2.27555e-12 1.13176e-14 3.3189e-17
 1.90217e-11 2.06463e-09 1.32136e-07 4.98639e-06 0.000110953 0.00145575 0.0112627 0.0513947 0.138499 0.221784 0.217583 0.148654 0.0959512 0.0650155 0.0342619 0.0114441 0.0022883 0.000270601 1.88793e-05 7.7675e-07 1.88444e-08 2.69565e-10 2.27368e-12 1.13083e-14 3.31616e-17
 1.87955e-11 2.04007e-09 1.30564e-07 4.92708e-06 0.000109634 0.00143843 0.0111288 0.0507847 0.136869 0.219292 0.215692 0.14885 0.0980714 0.0674353 0.0356976 0.0119354 0.002387 0.000282284 1.96946e-05 8.10294e-07 1.96582e-08 2.81206e-10 2.37186e-12 1.17966e-14 3.45937e-17
 1.89805e-11 2.06015e-09 1.31849e-07 4.97559e-06 0.000110713 0.00145259 0.0112383 0.0512836 0.138202 0.22133 0.217238 0.14869 0.0963376 0.0654565 0.0345236 0.0115336 0.00230629 0.00027273 1.90279e-05 7.82864e-07 1.89928e-08 2.71686e-10 2.29157e-12 1.13973e-14 3.34226e-17
 1.87274e-11 2.03268e-09 1.30092e-07 4.90925e-06 0.000109237 0.00143323 0.0110886 0.0506013 0.13638 0.218542 0.215124 0.148909 0.098709 0.0681629 0.0361294 0.0120831 0.00241668 0.000285797 1.99398e-05 8.2038e-07 1.99029e-08 2.84706e-10 2.40139e-12 1.19435e-14 3.50243e-17
 1.95781e-11 2.12502e-09 1.36001e-07 5.13224e-06 0.000114199 0.00149832 0.011592 0.0528948 0.142506 0.227912 0.222232 0.148172 0.0907374 0.0590652 0.0307314 0.010236 0.00204558 0.000241871 1.68746e-05 6.94266e-07 1.68433e-08 2.40939e-10 2.03223e-12 1.01074e-14 2.96401e-17
 1.9582e-11 2.12544e-09 1.36028e-07 5.13327e-06 0.000114222 0.00149862 0.0115944 0.0529054 0.142534 0.227955 0.222264 0.148168 0.0907006 0.0590232 0.0307065 0.0102275 0.00204387 0.000241669 1.68604e-05 6.93684e-07 1.68292e-08 2.40737e-10 2.03053e-12 1.0099e-14 2.96153e-17
 1.98001e-11 2.14911e-09 1.37543e-07 5.19043e-06 0.000115493 0.00151531 0.0117234 0.0534932 0.144104 0.230356 0.224086 0.147979 0.0886574 0.0566914 0.0293229 0.00975405 0.00194875 0.00023041 1.60748e-05 6.6136e-07 1.6045e-08 2.29519e-10 1.93591e-12 9.62837e-15 2.82353e-17
 1.98086e-11 2.15004e-09 1.37602e-07 5.19267e-06 0.000115543 0.00151596 0.0117285 0.0535163 0.144166 0.23045 0.224158 0.147972 0.0885773 0.0565999 0.0292686 0.00973547 0.00194502 0.000229968 1.6044e-05 6.60091e-07 1.60142e-08 2.29079e-10 1.93219e-12 9.6099e-15 2.81811e-17
 1.98564e-11 2.15522e-09 1.37934e-07 5.2052e-06 0.000115822 0.00151962 0.0117568 0.0536451 0.14451 0.230977 0.224557 0.14793 0.0881294 0.0560887 0.0289653 0.0096317 0.00192417 0.0002275 1.58718e-05 6.53006e-07 1.58423e-08 2.2662e-10 1.91145e-12 9.50674e-15 2.78786e-17
 2.04245e-11 2.21688e-09 1.4188e-07 5.35412e-06 0.000119136 0.00156309 0.012093 0.0551767 0.148601 0.237234 0.229303 0.147438 0.082806 0.0500134 0.0253606 0.00839821 0.00167635 0.000198167 1.38249e-05 5.68788e-07 1.37991e-08 1.97392e-10 1.66493e-12 8.28065e-15 2.42831e-17
 2.00073e-11 2.1716e-09 1.38982e-07 5.24474e-06 0.000116702 0.00153117 0.011846 0.0540518 0.145596 0.232638 0.225817 0.1478 0.0867158 0.0544754 0.0280081 0.00930415 0.00185836 0.000219711 1.53282e-05 6.30642e-07 1.52997e-08 2.18859e-10 1.84599e-12 9.18116e-15 2.69238e-17
 2.06145e-11 2.23751e-09 1.432e-07 5.40393e-06 0.000120244 0.00157763 0.0122054 0.055689 0.149969 0.239326 0.230891 0.147273 0.0810254 0.0479811 0.0241548 0.00798561 0.00159345 0.000188355 1.31402e-05 5.40616e-07 1.31157e-08 1.87616e-10 1.58247e-12 7.87052e-15 2.30803e-17
#obs surv len freq
 3.89632e-11 3.61098e-09 1.97325e-07 6.35808e-06 0.000120798 0.00135333 0.00894224 0.034888 0.0808521 0.114788 0.114496 0.11296 0.126374 0.125175 0.104187 0.0779964 0.0509042 0.027783 0.0126803 0.00474489 0.00139112 0.000304677 4.77182e-05 5.1408e-06 3.68675e-07
 2.53974e-11 2.27017e-09 1.1965e-07 3.7184e-06 6.81395e-05 0.000736361 0.00469575 0.0177292 0.0403288 0.060081 0.0770888 0.112459 0.153453 0.163156 0.143234 0.108302 0.0664391 0.0325816 0.0133949 0.00465012 0.00128886 0.000266745 3.91148e-05 3.90853e-06 2.58354e-07
 1.49037e-11 1.28266e-09 6.50906e-08 1.94767e-06 3.43653e-05 0.000357626 0.00219755 0.00802223 0.0179507 0.0282688 0.0441635 0.078619 0.125128 0.166253 0.186511 0.162684 0.103644 0.0495571 0.0189135 0.00590353 0.00146987 0.000277681 3.76442e-05 3.48978e-06 2.13509e-07
 2.45996e-10 2.03513e-08 9.92756e-07 2.85549e-05 0.000484289 0.00484303 0.0285577 0.0992994 0.203669 0.246829 0.17845 0.0815527 0.0328489 0.0251924 0.0292151 0.0287143 0.0212767 0.0119373 0.00505819 0.0015976 0.000373071 6.36879e-05 7.75219e-06 6.50016e-07 3.62831e-08
 1.31933e-10 1.04761e-08 4.90491e-07 1.35411e-05 0.000220433 0.00211624 0.0119908 0.0402605 0.0817876 0.110679 0.132967 0.176176 0.197121 0.145054 0.0669653 0.0217046 0.00727599 0.00338375 0.00156881 0.000552083 0.00013633 2.30558e-05 2.63641e-06 2.01415e-07 1.0131e-08
 3.38855e-10 2.57877e-08 1.15718e-06 3.06177e-05 0.00047768 0.00439443 0.0238417 0.0763476 0.144922 0.166738 0.129277 0.0945992 0.0899919 0.0935729 0.0849792 0.0570975 0.0251729 0.00700104 0.0013071 0.000206591 3.5141e-05 5.51392e-06 6.24612e-07 4.64183e-08 2.20385e-09
 4.60109e-10 3.35139e-08 1.43938e-06 3.64516e-05 0.000544316 0.00479302 0.0248973 0.0764405 0.140121 0.161182 0.1412 0.131713 0.125351 0.0934061 0.0541454 0.0276832 0.0125489 0.00451857 0.00117788 0.000210819 2.5788e-05 2.3049e-06 1.66833e-07 9.82717e-09 4.21942e-10
 5.99262e-10 4.17246e-08 1.71299e-06 4.14675e-05 0.00059191 0.00498244 0.0247447 0.072695 0.128039 0.144257 0.131124 0.132289 0.132479 0.106037 0.0684164 0.0358061 0.0138762 0.00375255 0.000736628 0.000114365 1.42071e-05 1.30184e-06 8.1779e-08 3.45849e-09 1.00572e-10
 1.00919e-09 6.70873e-08 2.62963e-06 6.07768e-05 0.000828278 0.00665649 0.0315598 0.0884746 0.148369 0.157504 0.130937 0.119707 0.114134 0.0914742 0.0607817 0.0325488 0.0127373 0.003459 0.000662051 9.2571e-05 9.62377e-06 7.41636e-07 4.164e-08 1.64569e-09 4.38607e-11
 1.40481e-09 8.90612e-08 3.32926e-06 7.3383e-05 0.00095377 0.00731051 0.0330672 0.0885708 0.142977 0.150986 0.135789 0.136277 0.127063 0.090862 0.0515049 0.0238206 0.00830343 0.00203481 0.000352421 4.49467e-05 4.29075e-06 2.99421e-07 1.47611e-08 5.01547e-10 1.15455e-11
 1.92409e-09 1.16211e-07 4.1386e-06 8.69063e-05 0.0010761 0.00785844 0.0338755 0.0865961 0.134349 0.140373 0.132823 0.140514 0.132535 0.0965483 0.056474 0.026093 0.008596 0.00188813 0.000278203 2.903e-05 2.26649e-06 1.33684e-07 5.7652e-09 1.74346e-10 3.57297e-12
 3.20291e-09 1.84114e-07 6.24048e-06 0.000124721 0.00146982 0.0102156 0.0419091 0.101928 0.150223 0.148126 0.130605 0.129694 0.118101 0.0854383 0.0501591 0.0228861 0.00731803 0.00155271 0.000220769 2.19085e-05 1.56359e-06 8.01235e-08 2.89668e-09 7.28099e-11 1.25649e-12
 4.64463e-09 2.53875e-07 8.18235e-06 0.000155499 0.00174256 0.0115175 0.0449513 0.104214 0.147809 0.145498 0.136092 0.139274 0.121248 0.0804334 0.0427011 0.0178283 0.00530792 0.00106045 0.000142983 1.35217e-05 9.2055e-07 4.47167e-08 1.50824e-09 3.44913e-11 5.26126e-13
 6.97155e-09 3.62042e-07 1.10861e-05 0.000200164 0.00213114 0.0133836 0.0496444 0.109539 0.148821 0.143622 0.135987 0.138773 0.118262 0.0773548 0.0405045 0.0162937 0.00453935 0.000825814 9.855e-05 8.06618e-06 4.75289e-07 2.04522e-08 6.27917e-10 1.32921e-11 1.88581e-13
 1.04756e-08 5.16461e-07 1.50135e-05 0.000257347 0.00260124 0.0155098 0.0546432 0.114727 0.149571 0.142503 0.137435 0.139309 0.115012 0.072837 0.0368805 0.014208 0.0037617 0.00064885 7.33181e-05 5.63893e-06 3.06174e-07 1.18203e-08 3.18734e-10 5.88061e-12 7.31471e-14
 1.47383e-08 6.89335e-07 1.90109e-05 0.000309152 0.00296468 0.0167734 0.0561204 0.112346 0.142173 0.138901 0.143305 0.147013 0.117587 0.071535 0.0346264 0.0126288 0.00313745 0.000504104 5.26495e-05 3.71542e-06 1.84545e-07 6.53005e-09 1.61557e-10 2.72108e-12 3.05677e-14
 2.22133e-08 9.85063e-07 2.57575e-05 0.000397137 0.00361096 0.0193723 0.0614877 0.117014 0.142035 0.136445 0.14065 0.142526 0.113933 0.0711006 0.0351461 0.0126815 0.00304946 0.000472612 4.79534e-05 3.30921e-06 1.59851e-07 5.3978e-09 1.24711e-10 1.93158e-12 1.98014e-14
 3.24607e-08 1.36412e-06 3.38016e-05 0.000493884 0.00425571 0.0216411 0.0651665 0.118162 0.139145 0.135627 0.143856 0.143949 0.111957 0.0682518 0.0328479 0.0114702 0.00268345 0.000412399 4.25981e-05 3.04715e-06 1.51952e-07 5.18525e-09 1.18271e-10 1.77521e-12 1.73699e-14
 4.72637e-08 1.88143e-06 4.41609e-05 0.000611215 0.00498919 0.0240391 0.0686592 0.11866 0.135812 0.134296 0.145353 0.14385 0.110653 0.067335 0.0319897 0.0108425 0.00245436 0.000368931 3.79224e-05 2.73617e-06 1.38243e-07 4.77541e-09 1.10004e-10 1.65967e-12 1.61779e-14
 6.9234e-08 2.60978e-06 5.80068e-05 0.000760266 0.00587706 0.026825 0.0726864 0.119989 0.134613 0.136742 0.150557 0.144826 0.106585 0.061779 0.02774 0.00881378 0.00185929 0.000259474 2.47755e-05 1.67434e-06 8.042e-08 2.68216e-09 6.03454e-11 8.94892e-13 8.5917e-15
 1.08968e-07 3.88872e-06 8.18287e-05 0.00101535 0.00743104 0.0321158 0.0824438 0.129241 0.138829 0.136826 0.146083 0.136342 0.0987887 0.0566962 0.0248137 0.00755253 0.00151581 0.000201251 1.82757e-05 1.16795e-06 5.25447e-08 1.62987e-09 3.40752e-11 4.7181e-13 4.26231e-15
 1.46903e-07 4.96245e-06 9.88456e-05 0.00116104 0.00804491 0.0329425 0.0804069 0.121753 0.133286 0.143221 0.159006 0.143153 0.0970478 0.0516457 0.0209929 0.00596281 0.00112113 0.000139839 1.19536e-05 7.19555e-07 3.04611e-08 8.86752e-10 1.73287e-11 2.232e-13 1.86767e-15
 2.26119e-07 7.2299e-06 0.000136309 0.00151548 0.0099399 0.0385364 0.089145 0.128464 0.135536 0.142219 0.153595 0.135381 0.0915879 0.0486315 0.019181 0.0051296 0.000887678 9.99365e-05 7.59389e-06 4.05006e-07 1.53514e-08 4.06339e-10 7.30433e-12 8.70676e-14 6.75625e-16
 3.24105e-07 9.80875e-06 0.000175041 0.00184209 0.0114381 0.0420099 0.0923545 0.128175 0.135348 0.146301 0.156791 0.133202 0.0865427 0.0440876 0.0166417 0.00427514 0.000719584 8.01329e-05 6.0765e-06 3.19283e-07 1.15436e-08 2.81704e-10 4.56728e-12 4.87265e-14 3.39229e-16
 4.61839e-07 1.32304e-05 0.00022349 0.00222641 0.013089 0.0455562 0.0952902 0.127908 0.13625 0.151462 0.159954 0.130423 0.0808823 0.0390567 0.0138136 0.00328749 0.000507105 5.12667e-05 3.52324e-06 1.69828e-07 5.75338e-09 1.33862e-10 2.07995e-12 2.1113e-14 1.37796e-16
 6.87498e-07 1.86443e-05 0.000298146 0.00281181 0.0156513 0.0516069 0.102525 0.131996 0.137931 0.15151 0.15565 0.123662 0.0754492 0.0356179 0.0120997 0.00273276 0.00039838 3.80042e-05 2.45308e-06 1.09893e-07 3.41631e-09 7.2354e-11 1.02325e-12 9.51725e-15 5.74747e-17
 8.85678e-07 2.27405e-05 0.000344301 0.00307465 0.016213 0.0507532 0.0966494 0.123653 0.137913 0.161632 0.164817 0.125759 0.0731953 0.0328195 0.0105512 0.00225748 0.00031354 2.87244e-05 1.78967e-06 7.71712e-08 2.28588e-09 4.55492e-11 5.99038e-13 5.13112e-15 2.83291e-17
 1.22841e-06 2.98654e-05 0.00042817 0.0036209 0.0180876 0.0537228 0.0977248 0.122259 0.138413 0.163452 0.163862 0.123534 0.0715772 0.0314417 0.00964501 0.00193062 0.000247535 2.07277e-05 1.17525e-06 4.63391e-08 1.26974e-09 2.36702e-11 2.93016e-13 2.36335e-15 1.22411e-17
#pred catch len freq
 1.30085e-12 1.41195e-10 9.03651e-09 3.41018e-07 7.58901e-06 9.96336e-05 0.000773329 0.00358691 0.0104627 0.0231982 0.0532982 0.119018 0.191325 0.199737 0.146131 0.0916332 0.0569988 0.035033 0.0217754 0.014294 0.0101717 0.00799264 0.00661908 0.00497652 0.0028682
 8.91641e-13 9.67792e-11 6.19391e-09 2.33748e-07 5.20223e-06 6.83255e-05 0.000531398 0.0024897 0.00759908 0.0193651 0.053092 0.128365 0.209753 0.217175 0.153499 0.089939 0.0516913 0.0290752 0.0158606 0.00865641 0.0049495 0.00315388 0.00225123 0.00158128 0.000899457
 4.25422e-13 4.61756e-11 2.95528e-09 1.11532e-07 2.48273e-06 3.26418e-05 0.000255207 0.00122667 0.00415841 0.0135573 0.0460041 0.119997 0.200864 0.213807 0.161358 0.104887 0.0642206 0.0353061 0.0177105 0.00850908 0.00401878 0.00197803 0.00109758 0.000658944 0.00035104
 3.85232e-12 4.18132e-10 2.67604e-08 1.00986e-06 2.24712e-05 0.000294872 0.00228297 0.0104557 0.0286964 0.0501652 0.069235 0.102019 0.145071 0.158471 0.138924 0.112134 0.0816689 0.0507409 0.0274178 0.0130585 0.00556466 0.00223703 0.00092573 0.000422183 0.000192057
 1.35861e-11 1.47464e-09 9.43768e-08 3.56149e-06 7.92479e-05 0.00103979 0.00804562 0.0367386 0.0993387 0.161786 0.171546 0.151644 0.144169 0.120997 0.0686471 0.0248507 0.0066935 0.00222599 0.00115029 0.00061069 0.000276227 0.000105902 3.61749e-05 1.21093e-05 4.16812e-06
 9.77438e-12 1.06091e-09 6.78984e-08 2.56228e-06 5.70146e-05 0.000748099 0.0057897 0.026463 0.0719052 0.119934 0.140317 0.156672 0.182607 0.163914 0.0929417 0.0315233 0.00632242 0.000748099 5.21999e-05 2.14776e-06 5.2126e-08 7.53468e-10 9.02588e-12 8.13086e-13 2.01779e-13
 1.27098e-11 1.37953e-09 8.82897e-08 3.33178e-06 7.41367e-05 0.000972733 0.00752704 0.0343773 0.0930445 0.152265 0.164844 0.154127 0.155099 0.13252 0.0743146 0.0251496 0.00504195 0.000596572 4.16349e-05 1.71434e-06 4.17074e-08 6.02605e-10 5.26484e-12 2.94506e-14 1.21375e-16
 1.31903e-11 1.43168e-09 9.16276e-08 3.45775e-06 7.69395e-05 0.0010095 0.00781143 0.0356728 0.0965048 0.157557 0.168859 0.15371 0.150597 0.127381 0.0712655 0.0241061 0.00483222 0.000571712 3.98914e-05 1.6413e-06 3.98214e-08 5.69748e-10 4.80908e-12 2.39804e-14 7.09811e-17
 1.33182e-11 1.44557e-09 9.25162e-08 3.49128e-06 7.76856e-05 0.00101929 0.00788714 0.0360176 0.0974259 0.158966 0.169928 0.153599 0.149398 0.126013 0.0704538 0.0238284 0.00477642 0.000565107 3.94303e-05 1.62231e-06 3.93585e-08 5.63021e-10 4.74912e-12 2.36245e-14 6.93262e-17
 1.45374e-11 1.57789e-09 1.00985e-07 3.81086e-06 8.47967e-05 0.00111259 0.00860868 0.0393045 0.106205 0.172394 0.180114 0.152542 0.137974 0.112974 0.0627177 0.0211812 0.00424457 0.000502155 3.50375e-05 1.44157e-06 3.49736e-08 5.00298e-10 4.22012e-12 2.09943e-14 6.16213e-17
 1.4239e-11 1.54551e-09 9.89123e-08 3.73264e-06 8.30562e-05 0.00108975 0.00843209 0.0385 0.104057 0.169107 0.177621 0.152801 0.14077 0.116166 0.0646111 0.0218291 0.00437474 0.000517562 3.61126e-05 1.4858e-06 3.60466e-08 5.15637e-10 4.3492e-12 2.16311e-14 6.34333e-17
 1.4375e-11 1.56027e-09 9.9857e-08 3.7683e-06 8.38495e-05 0.00110016 0.00851258 0.0388667 0.105036 0.170605 0.178757 0.152683 0.139495 0.114711 0.0637481 0.0215338 0.00431541 0.00051054 3.56226e-05 1.46564e-06 3.55574e-08 5.0864e-10 4.29019e-12 2.13377e-14 6.25743e-17
 1.51556e-11 1.64499e-09 1.05279e-07 3.97292e-06 8.84025e-05 0.00115989 0.00897456 0.0409712 0.110657 0.179202 0.185279 0.152006 0.132181 0.106363 0.0587949 0.0198389 0.00397489 0.000470234 3.281e-05 1.34992e-06 3.27499e-08 4.68479e-10 3.95145e-12 1.96529e-14 5.76326e-17
 1.6319e-11 1.77127e-09 1.13361e-07 4.27789e-06 9.51886e-05 0.00124892 0.00966313 0.0441079 0.119035 0.192016 0.195 0.150997 0.121278 0.0939206 0.0514124 0.0173127 0.00346736 0.00041016 2.86179e-05 1.17744e-06 2.85654e-08 4.08621e-10 3.44657e-12 1.71417e-14 5.02683e-17
 1.74182e-11 1.89058e-09 1.20997e-07 4.56604e-06 0.0001016 0.00133304 0.0103137 0.0470715 0.126951 0.204123 0.204185 0.150044 0.110978 0.0821649 0.0444372 0.0149259 0.00298783 0.000353401 2.46572e-05 1.01448e-06 2.46119e-08 3.52067e-10 2.96955e-12 1.47693e-14 4.3311e-17
 1.73198e-11 1.87989e-09 1.20313e-07 4.54024e-06 0.000101026 0.00132551 0.0102554 0.0468061 0.126242 0.203038 0.203362 0.15013 0.1119 0.0832177 0.0450619 0.0151397 0.00303078 0.000358484 2.50119e-05 1.02907e-06 2.4966e-08 3.57131e-10 3.01227e-12 1.49817e-14 4.39341e-17
 1.75576e-11 1.90571e-09 1.21965e-07 4.60257e-06 0.000102413 0.0013437 0.0103962 0.0474472 0.127955 0.205657 0.205349 0.149924 0.109672 0.0806745 0.0435529 0.0146233 0.00292704 0.000346205 2.41551e-05 9.93817e-07 2.41107e-08 3.44897e-10 2.90907e-12 1.44685e-14 4.24289e-17
 1.73174e-11 1.87964e-09 1.20296e-07 4.53961e-06 0.000101012 0.00132532 0.010254 0.0467996 0.126225 0.203012 0.203342 0.150132 0.111923 0.0832432 0.0450771 0.0151449 0.00303182 0.000358607 2.50205e-05 1.02943e-06 2.49746e-08 3.57254e-10 3.01331e-12 1.49869e-14 4.39492e-17
 1.73992e-11 1.88852e-09 1.20865e-07 4.56107e-06 0.000101489 0.00133159 0.0103025 0.0470203 0.126815 0.203914 0.204026 0.150061 0.111156 0.0823679 0.0445577 0.0149671 0.00299611 0.000354381 2.47256e-05 1.01729e-06 2.46802e-08 3.53043e-10 2.97779e-12 1.48102e-14 4.34311e-17
 1.77438e-11 1.92592e-09 1.23259e-07 4.6514e-06 0.000103499 0.00135796 0.0105064 0.0479493 0.129296 0.207709 0.206905 0.149762 0.107927 0.0786826 0.0423711 0.0142189 0.00284578 0.000336588 2.3484e-05 9.66205e-07 2.34408e-08 3.35314e-10 2.82825e-12 1.40665e-14 4.12501e-17
 1.84127e-11 1.99852e-09 1.27905e-07 4.82675e-06 0.000107401 0.00140914 0.0109023 0.0497528 0.134113 0.215076 0.212494 0.149182 0.101658 0.0715288 0.0381265 0.0127665 0.00255398 0.000302048 2.10738e-05 8.67039e-07 2.10349e-08 3.00899e-10 2.53797e-12 1.26228e-14 3.70163e-17
 1.86365e-11 2.02282e-09 1.2946e-07 4.88541e-06 0.000108706 0.00142627 0.0110348 0.0503562 0.135725 0.217541 0.214364 0.148988 0.099561 0.0691353 0.0367063 0.0122805 0.00245635 0.000290492 2.02674e-05 8.33859e-07 2.023e-08 2.89384e-10 2.44085e-12 1.21397e-14 3.55998e-17
 1.87416e-11 2.03422e-09 1.3019e-07 4.91297e-06 0.00010932 0.00143431 0.011097 0.0506395 0.136482 0.218699 0.215242 0.148897 0.0985761 0.0680113 0.0360394 0.0120523 0.00241049 0.000285065 1.98887e-05 8.18278e-07 1.98519e-08 2.83976e-10 2.39523e-12 1.19129e-14 3.49346e-17
 1.88871e-11 2.05001e-09 1.312e-07 4.9511e-06 0.000110168 0.00144544 0.011183 0.0510317 0.137529 0.220301 0.216458 0.148771 0.097213 0.0664556 0.0351164 0.0117365 0.00234704 0.000277554 1.93645e-05 7.96713e-07 1.93288e-08 2.76493e-10 2.33211e-12 1.15989e-14 3.40139e-17
 1.91774e-11 2.08153e-09 1.33217e-07 5.02721e-06 0.000111862 0.00146766 0.0113549 0.0518145 0.13962 0.223499 0.218884 0.148519 0.0944921 0.0633503 0.0332739 0.011106 0.00222037 0.000262561 1.83183e-05 7.53667e-07 1.82844e-08 2.61554e-10 2.20611e-12 1.09722e-14 3.21761e-17
 1.9712e-11 2.13955e-09 1.36931e-07 5.16733e-06 0.000114979 0.00150857 0.0116713 0.0532557 0.143469 0.229386 0.22335 0.148056 0.0894831 0.0576336 0.029882 0.00994536 0.00198718 0.00023496 1.63923e-05 6.74422e-07 1.63619e-08 2.34052e-10 1.97414e-12 9.81853e-15 2.87929e-17
 1.93228e-11 2.09731e-09 1.34227e-07 5.06532e-06 0.00011271 0.00147879 0.0114409 0.0522065 0.140667 0.2251 0.220098 0.148393 0.0931298 0.0617956 0.0323514 0.0107904 0.00215695 0.000255054 1.77945e-05 7.32115e-07 1.77616e-08 2.54074e-10 2.14302e-12 1.06585e-14 3.1256e-17
 1.9534e-11 2.12023e-09 1.35694e-07 5.12068e-06 0.000113941 0.00149495 0.0115659 0.0527758 0.142188 0.227425 0.221863 0.14821 0.091151 0.0595372 0.0310114 0.0103318 0.00206483 0.00024415 1.70336e-05 7.00809e-07 1.7002e-08 2.4321e-10 2.05138e-12 1.02027e-14 2.99195e-17
#obs catch len freq
 4.21825e-11 3.90933e-09 2.13628e-07 6.8834e-06 0.000130779 0.00146512 0.00968023 0.037753 0.087316 0.122704 0.117258 0.105447 0.111935 0.114161 0.102577 0.0822981 0.0555104 0.0305743 0.0139693 0.00524596 0.00155659 0.000347746 5.5706e-05 6.12544e-06 4.46591e-07
 5.37127e-11 4.80114e-09 2.53046e-07 7.86396e-06 0.000144104 0.00155711 0.00992385 0.0373522 0.083597 0.115209 0.113731 0.114025 0.127819 0.124898 0.102904 0.0762183 0.0489401 0.0262175 0.011705 0.00425497 0.00120199 0.000251601 3.73778e-05 3.79474e-06 2.55099e-07
 3.59724e-11 3.09591e-09 1.57106e-07 4.70098e-06 8.29438e-05 0.000863053 0.00529977 0.0192788 0.0423658 0.0616851 0.0793786 0.1162 0.155815 0.162638 0.140944 0.104765 0.0628666 0.0301995 0.0121613 0.00410607 0.00109581 0.000216403 3.00544e-05 2.82704e-06 1.75043e-07
 2.16719e-11 1.79292e-09 8.74608e-08 2.51569e-06 4.26689e-05 0.000426858 0.00252194 0.00885989 0.0191637 0.0296604 0.0465941 0.0825298 0.129267 0.169407 0.18643 0.15812 0.0978157 0.0455685 0.0169622 0.00514103 0.00123303 0.000222358 2.85392e-05 2.48862e-06 1.42517e-07
 3.55456e-10 2.82248e-08 1.32149e-06 3.64822e-05 0.000593864 0.00570008 0.0322603 0.107666 0.211962 0.24662 0.171398 0.0759144 0.0308986 0.024753 0.0285068 0.0272852 0.0196471 0.0106936 0.00437949 0.00133171 0.000298103 4.85015e-05 5.58897e-06 4.40854e-07 2.30303e-08
 1.97541e-10 1.50334e-08 6.74596e-07 1.78493e-05 0.000278484 0.00256244 0.0139171 0.0448141 0.0875313 0.115063 0.136872 0.178564 0.192854 0.136111 0.0604833 0.019257 0.0065943 0.00308988 0.00139114 0.000468703 0.000110148 1.76505e-05 1.90439e-06 1.36691e-07 6.4329e-09
 5.08255e-10 3.70208e-08 1.59e-06 4.02658e-05 0.000601265 0.00529418 0.0274922 0.0842726 0.153203 0.169241 0.127362 0.092684 0.0882038 0.0906419 0.0802457 0.0518419 0.0218274 0.00580305 0.00104816 0.00016388 2.74305e-05 4.11452e-06 4.39032e-07 3.0566e-08 1.35528e-09
 7.01014e-10 4.88093e-08 2.00385e-06 4.85084e-05 0.000692409 0.00582824 0.0289411 0.0849594 0.149063 0.164888 0.140841 0.129229 0.119487 0.0863163 0.0490627 0.0247407 0.0109563 0.00380971 0.000951556 0.000162545 1.89961e-05 1.62932e-06 1.13024e-07 6.30679e-09 2.53644e-10
 9.24391e-10 6.14501e-08 2.40867e-06 5.56699e-05 0.000758685 0.00609741 0.028914 0.0811294 0.13667 0.148169 0.131652 0.130583 0.127127 0.0990441 0.0624766 0.0317369 0.0118281 0.00307374 0.000583101 8.76557e-05 1.04565e-05 9.10801e-07 5.40863e-08 2.15716e-09 5.90166e-11
 1.57529e-09 9.98691e-08 3.73327e-06 8.22881e-05 0.0010695 0.00819706 0.0370656 0.0991202 0.158702 0.161478 0.130086 0.116052 0.107459 0.0839566 0.0545066 0.028259 0.010616 0.00276339 0.000507803 6.81819e-05 6.79016e-06 4.99242e-07 2.65995e-08 9.91634e-10 2.48046e-11
 2.22119e-09 1.34154e-07 4.77762e-06 0.000100325 0.00124224 0.00907121 0.0390923 0.0997864 0.153688 0.155567 0.135422 0.131609 0.118207 0.0818959 0.0452865 0.0203204 0.00680614 0.00159781 0.000265602 3.25338e-05 2.97216e-06 1.97372e-07 9.21351e-09 2.95222e-10 6.385e-12
 3.08324e-09 1.77236e-07 6.00733e-06 0.000120061 0.00141491 0.00983427 0.0403505 0.0982082 0.145262 0.145415 0.132935 0.135694 0.123263 0.0871347 0.0496164 0.0221081 0.00695596 0.00145548 0.000204833 2.04912e-05 1.53393e-06 8.63459e-08 3.53173e-09 1.00746e-10 1.93911e-12
 5.14826e-09 2.81404e-07 9.0696e-06 0.00017236 0.00193147 0.012765 0.0497989 0.1152 0.161648 0.152295 0.129116 0.123336 0.108186 0.0760071 0.0433641 0.0190247 0.00579907 0.00117088 0.000158759 1.50522e-05 1.02508e-06 4.99442e-08 1.71034e-09 4.05823e-11 6.58746e-13
 7.55687e-09 3.92439e-07 1.20168e-05 0.000216969 0.00231004 0.0145062 0.0537929 0.118517 0.15987 0.150024 0.134117 0.131089 0.109424 0.0702838 0.0362428 0.0145621 0.00413432 0.000785869 0.00010101 9.12134e-06 5.91936e-07 2.72933e-08 8.7008e-10 1.87414e-11 2.68477e-13
 1.1425e-08 5.63263e-07 1.6374e-05 0.000280668 0.00283691 0.0169136 0.0595639 0.124794 0.161073 0.147847 0.133212 0.129458 0.10577 0.0669932 0.0339903 0.013108 0.00347011 0.000598591 6.78877e-05 5.29848e-06 2.97918e-07 1.21923e-08 3.54208e-10 7.06315e-12 9.40557e-14
 1.732e-08 8.10086e-07 2.2341e-05 0.000363303 0.00348383 0.0197067 0.0658688 0.131206 0.162261 0.146461 0.133521 0.128362 0.101499 0.0622068 0.0304691 0.0112317 0.00282213 0.000461135 4.94608e-05 3.61996e-06 1.87033e-07 6.8504e-09 1.74576e-10 3.03399e-12 3.5445e-14
 2.45578e-08 1.08903e-06 2.84759e-05 0.000439049 0.00399196 0.0214141 0.0679317 0.128935 0.154636 0.142858 0.139031 0.135173 0.103527 0.0609103 0.028475 0.00991973 0.00233523 0.000354921 3.51363e-05 2.35701e-06 1.11348e-07 3.73679e-09 8.73167e-11 1.38393e-12 1.45867e-14
 3.70689e-08 1.55777e-06 3.86001e-05 0.00056399 0.00485959 0.0247063 0.0743124 0.134005 0.154014 0.139667 0.135642 0.130417 0.100092 0.0604425 0.0287554 0.0098749 0.00224641 0.000329229 3.16646e-05 2.07557e-06 9.51614e-08 3.03993e-09 6.62028e-11 9.63753e-13 9.26412e-15
 5.43295e-08 2.16269e-06 5.07627e-05 0.000702581 0.00573468 0.0276236 0.0787925 0.135305 0.150702 0.13836 0.138052 0.131094 0.0979522 0.0577588 0.0267156 0.00887292 0.00196524 0.000286088 2.80499e-05 1.9049e-06 8.99363e-08 2.89468e-09 6.20812e-11 8.74144e-13 8.00747e-15
 8.03017e-08 3.02697e-06 6.72795e-05 0.000881784 0.00681585 0.0310969 0.0840883 0.13746 0.148183 0.136631 0.137901 0.129264 0.0955729 0.056181 0.0255791 0.00823251 0.00176428 0.000251436 2.45515e-05 1.68152e-06 8.03635e-08 2.61538e-09 5.65761e-11 7.99523e-13 7.28372e-15
 1.18028e-07 4.21201e-06 8.86314e-05 0.00109976 0.0080484 0.0347766 0.0891823 0.139129 0.1466 0.138193 0.141616 0.12901 0.0912184 0.0510071 0.0219139 0.00660306 0.00131741 0.000174195 1.58e-05 1.01428e-06 4.61214e-08 1.44986e-09 3.06291e-11 4.25199e-13 3.81196e-15
 1.86253e-07 6.29172e-06 0.000125322 0.00147196 0.0101972 0.041712 0.101301 0.149888 0.150561 0.136471 0.134772 0.119018 0.0828649 0.0457905 0.0191219 0.00551054 0.00104534 0.000131437 1.13279e-05 6.86686e-07 2.92085e-08 8.53306e-10 1.67472e-11 2.17081e-13 1.83129e-15
 2.56236e-07 8.19288e-06 0.000154464 0.00171728 0.0112623 0.0436408 0.100703 0.143504 0.145495 0.141981 0.145269 0.123611 0.0804004 0.0411511 0.0159534 0.00428951 0.000762145 9.00028e-05 7.29861e-06 4.16493e-07 1.66578e-08 4.56346e-10 8.36473e-12 1.00787e-13 7.87066e-16
 3.91584e-07 1.18509e-05 0.000211482 0.00222548 0.0138154 0.0506834 0.110821 0.150169 0.146383 0.139197 0.138658 0.11574 0.0751682 0.0382842 0.0143488 0.00362245 0.000591055 6.28777e-05 4.52772e-06 2.2898e-07 8.20841e-09 2.04631e-10 3.45123e-12 3.84788e-14 2.78571e-16
 5.70607e-07 1.63462e-05 0.000276119 0.00275051 0.0161647 0.056171 0.116612 0.151539 0.146011 0.141045 0.138796 0.111562 0.0695109 0.0339174 0.0121576 0.00294966 0.000468651 4.93517e-05 3.54263e-06 1.75952e-07 5.99429e-09 1.37413e-10 2.08783e-12 2.08306e-14 1.35336e-16
 8.16719e-07 2.21486e-05 0.000354179 0.00334004 0.0185861 0.0611964 0.120776 0.151234 0.145724 0.144182 0.140054 0.108111 0.0642342 0.0296535 0.00994214 0.00223152 0.000324516 3.09999e-05 2.01743e-06 9.20459e-08 2.94203e-09 6.43199e-11 9.35849e-13 8.87172e-15 5.39602e-17
 1.21551e-06 3.1209e-05 0.000472501 0.0042188 0.0222291 0.0693338 0.129864 0.155449 0.145795 0.141793 0.133967 0.10083 0.0588902 0.0265158 0.00852309 0.00181393 0.000249196 2.24491e-05 1.37054e-06 5.80244e-08 1.69977e-09 3.38094e-11 4.47788e-13 3.8911e-15 2.19049e-17
 1.61092e-06 3.9165e-05 0.000561477 0.00474747 0.0236971 0.0701339 0.125559 0.14776 0.145121 0.149799 0.140835 0.101836 0.0566639 0.0241956 0.00735478 0.00148282 0.000194148 1.67993e-05 9.89459e-07 4.02709e-08 1.12233e-09 2.09749e-11 2.58062e-13 2.06353e-15 1.0615e-17
#spawning biomass
 30310.6 29178.7 20609.2 13043.6 19402.6 24528.8 31175.3 41489.4 50492.6 62435.8 60168.4 68337.5 76476.9 81796.3 85997.5 90371.3 104811 107528 108782 115388 96188.5 106044 105836 119158 123971 118957 124341 128784 156599 328412 359384 341714 300327 253120 209818 174256 146940 126868 112568 102603 95773 91148.5 88030.6 85910.7 84533.3 83638.4 83056.9 82679.1 82433.6 82274.1 82170.5 82103.1 82059.4 82031 82012.5 82000.5 81992.7 81987.6 81984.3 81982.2 81980.8 81979.9 81979.3 81978.9 81978.7 81978.5 81978.4 81978.4 81978.3 81978.3 81978.3 81978.3 81978.3 81978.2 81978.2 81978.2 81978.2 81978.2 81978.2 81978.2 81978.2 81978.2 81978.2 81978.2 81978.2 81978.2 81978.2 81978.2 81978.2 81978.2 81978.2 81978.2 81978.2 81978.2 81978.2 81978.2 81978.2 81978.2 81978.2 81978.2 81978.2 81978.2 81978.2 81978.2 81978.2 81978.2 81978.2 81978.2 81978.2 81978.2 81978.2 81978.2 81978.2 81978.2 81978.2 81978.2 81978.2 81978.2 81978.2 81978.2 81978.2 81978.2 81978.2 81978.2 81978.2 81978.2 81978.2 81978.2 0 0 0 0 0 0 0 0 0 0 0 0 0 0 0 0 0 0 0 0 0 0 0 0 0
