SBPRF35
0.137337
Curr Bio
171703
B35
168528
F35
0.8509
FOFL
0.768975
OFL
55980.9
Bzero
39239
#pred survey bio
 7316.32 8472.61 10856.3 12217.5 21110.7 33517.2 34324.8 39618.4 53217.2 64676.3 81096.1 106894 132715 163701 169022 131908 128115 117938 112468 104622 111653 118593 134744 143394 152554 162008 160211 157333 188049 5.95677e+06 3.43678e+06 1.8803e+06 1.00593e+06 633419 479292 411887 379768 363249 354314 349352 346563 344990 344103 343601 343316 343158 343071 343023 342996 342981 342973 342969 342966 342965 342964 342963 342963 342963 342963 342963 342963 342963 342963 342963 342963 342963 342963 342963 342963 342963 342963 342963 342963 342963 342963 342963 342963 342963 342963 342963 342963 342963 342963 342963 342963 342963 342963 342963 342963 342963 342963 342963 342963 342963 342963 342963 342963 342963 342963 342963 342963 342963 342963 342963 342963 342963 342963 342963 342963 342963 342963 342963 342963 342963 342963 342963 342963 342963 342963 342963 342963 342963 342963 342963 342963 342963 342963 342963 342963 0 0 0 0 0 0 0 0 0 0 0 0 0 0 0 0 0 0 0 0 0 0 0 0 0
#obs survey bio
 6294.13 8830.56 8865.92 10972 24102.9 27638.7 31756.7 35846.2 40712.7 58149.1 90569 96542.3 95551.8 131176 157289 104413 99811.6 98229.3 74946.4 87648.9 86575.8 103959 117167 138227 170645 199427 146880 147354 161754
#pred catch bio
 3421.67 4260.37 6136.32 6387.62 8665.99 18168.8 20214.5 21617.8 31071.6 37434.2 44842.7 62694.3 79176.2 100626 119194 88644 89869 80754.1 80284.5 72879.8 79874.5 80843.1 94068.2 100338 107803 117434 117054 101810 146419 55980.9 68870 33068.9 14962.9 8542.12 6535.86 5954.92 5795.15 5752.79 5741.85 5739.09 5738.4 5738.23 5738.18 5738.17 5738.17 5738.17 5738.17 5738.17 5738.17 5738.17 5738.17 5738.17 5738.17 5738.17 5738.17 5738.17 5738.17 5738.17 5738.17 5738.17 5738.17 5738.17 5738.17 5738.17 5738.17 5738.17 5738.17 5738.17 5738.17 5738.17 5738.17 5738.17 5738.17 5738.17 5738.17 5738.17 5738.17 5738.17 5738.17 5738.17 5738.17 5738.17 5738.17 5738.17 5738.17 5738.17 5738.17 5738.17 5738.17 5738.17 5738.17 5738.17 5738.17 5738.17 5738.17 5738.17 5738.17 5738.17 5738.17 5738.17 5738.17 5738.17 5738.17 5738.17 5738.17 5738.17 5738.17 5738.17 5738.17 5738.17 5738.17 5738.17 5738.17 5738.17 5738.17 5738.17 5738.17 5738.17 5738.17 5738.17 5738.17 5738.17 5738.17 5738.17 5738.17 5738.17 5738.17 5738.17 5738.17 0 0 0 0 0 0 0 0 0 0 0 0 0 0 0 0 0 0 0 0 0 0 0 0 0
#obs catch bio
 4737.57 4267.9 6147.08 6428.5 8509.11 17936.3 20106.9 21425.6 30866.5 37113.5 43683.5 60504.5 78913.5 100800 119730 89457.8 92012.4 81457.1 81228.6 73207.4 80853.3 80187.5 92346.9 97964.1 103534 115460 115168 98793.8 146777
#pred cpue bio
 6083.78 6473.33 8261.02 9306.8 14913 25869.9 27107.5 29190.9 39621.1 48160.2 60113.6 79543.6 98184.6 120798 128940 99724.3 94578.9 86996.9 83350.2 76193 80334.6 84642.3 97174.7 103443 109926 116276 115409 112910 136853 4.17804e+06 3.3166e+06 1.83582e+06 957261 584153 429974 362565 330446 313927 304992 300030 297241 295668 294781 294279 293994 293836 293749 293701 293674 293659 293651 293647 293644 293643 293642 293641 293641 293641 293641 293641 293641 293641 293641 293641 293641 293641 293641 293641 293641 293641 293641 293641 293641 293641 293641 293641 293641 293641 293641 293641 293641 293641 293641 293641 293641 293641 293641 293641 293641 293641 293641 293641 293641 293641 293641 293641 293641 293641 293641 293641 293641 293641 293641 293641 293641 293641 293641 293641 293641 293641 293641 293641 293641 293641 293641 293641 293641 293641 293641 293641 293641 293641 293641 293641 293641 293641 293641 293641 293641 0 0 0 0 0 0 0 0 0 0 0 0 0 0 0 0 0 0 0 0 0 0 0 0 0
#obs cpue bio
 6011.19 6496.4 8982.71 9567.82 23555.4 27878.1 40408.1 31415.7 60956.3 61306.3 100018 159181 100754 142534 139454 101008 79874 97088.9 105844 86650.5 83986.1 122190 160158 162126 203095 106339 164636 200972 143591
#pred surv len freq
 2.56881e-27 2.60354e-27 4.64709e-26 9.26344e-20 2.27082e-14 6.72885e-10 2.41016e-06 0.00104351 0.0546134 0.345499 0.264399 0.0366023 0.0928463 0.0857427 0.0226033 0.0302974 0.0142907 0.0127365 0.00864444 0.00711927 0.0059447 0.00538782 0.00560385 0.00506651 0.00155623
 2.57082e-27 2.60868e-27 5.06037e-26 1.01351e-19 2.48451e-14 7.36204e-10 2.63696e-06 0.0011417 0.0597526 0.378011 0.289263 0.0390396 0.0939273 0.0864016 0.0168602 0.0167966 0.00654494 0.00416428 0.00232652 0.00162501 0.00118387 0.000954386 0.0009006 0.000825333 0.00027892
 2.57048e-27 2.60771e-27 4.96555e-26 9.93506e-20 2.43546e-14 7.2167e-10 2.5849e-06 0.00111916 0.058573 0.370549 0.283582 0.0400838 0.105866 0.0973519 0.0176462 0.0157712 0.0052846 0.0021307 0.00087102 0.000439487 0.000252552 0.000170677 0.000139836 0.000123223 4.34007e-05
 2.57037e-27 2.60738e-27 4.93597e-26 9.87265e-20 2.42016e-14 7.17137e-10 2.56867e-06 0.00111213 0.0582051 0.368221 0.281807 0.0402439 0.108331 0.0996316 0.0181468 0.0163279 0.00528299 0.00180479 0.000564505 0.000176469 6.54651e-05 3.22481e-05 2.11622e-05 1.68277e-05 5.9368e-06
 2.57288e-27 2.61423e-27 5.54273e-26 1.11527e-19 2.73394e-14 8.10116e-10 2.9017e-06 0.00125633 0.0657515 0.415962 0.318231 0.0383642 0.068436 0.0628366 0.0120038 0.0115752 0.00376427 0.00130572 0.000383335 9.49788e-05 2.11614e-05 5.89476e-06 2.57288e-06 1.67095e-06 5.67033e-07
 2.56975e-27 2.60566e-27 4.77827e-26 9.53996e-20 2.33861e-14 6.92971e-10 2.48211e-06 0.00107466 0.0562437 0.355813 0.272347 0.041177 0.122079 0.112207 0.0183789 0.0136954 0.00454671 0.00175397 0.000523957 0.000128588 2.37156e-05 3.82622e-06 8.0168e-07 3.41702e-07 1.04862e-07
 2.56894e-27 2.60357e-27 4.60444e-26 9.17329e-20 2.24872e-14 6.66336e-10 2.3867e-06 0.00103335 0.0540819 0.342137 0.261897 0.0407342 0.126051 0.116111 0.0233943 0.0241387 0.00751733 0.00207595 0.000623555 0.000166822 3.09621e-05 4.21991e-06 4.48047e-07 8.11414e-08 1.93655e-08
 2.57164e-27 2.61088e-27 5.24919e-26 1.05334e-19 2.58214e-14 7.65136e-10 2.74059e-06 0.00118657 0.0621008 0.392866 0.300605 0.0389707 0.0854353 0.0785747 0.0157118 0.0160912 0.00545462 0.00222717 0.000617179 0.000127158 2.46143e-05 3.46823e-06 2.96698e-07 2.07361e-08 2.52324e-09
 2.57114e-27 2.60944e-27 5.11415e-26 1.02485e-19 2.5123e-14 7.4444e-10 2.66646e-06 0.00115447 0.0604211 0.38224 0.292508 0.0400458 0.099305 0.0912207 0.0151818 0.011687 0.00393729 0.00161048 0.0005182 0.000141273 2.27362e-05 2.92874e-06 2.56423e-07 1.21644e-08 5.05333e-10
 2.57113e-27 2.60943e-27 5.1133e-26 1.02468e-19 2.51187e-14 7.44311e-10 2.666e-06 0.00115428 0.0604106 0.382174 0.292457 0.0399836 0.0988685 0.0908471 0.0156532 0.0128377 0.00400151 0.00113493 0.000350691 0.000100601 2.08177e-05 2.69831e-06 2.06219e-07 9.32962e-09 2.04841e-10
 2.57129e-27 2.60987e-27 5.15252e-26 1.03295e-19 2.53215e-14 7.5032e-10 2.68752e-06 0.00116359 0.0608983 0.385259 0.294811 0.0398485 0.0961868 0.0883753 0.0152676 0.0125838 0.00397819 0.0012108 0.000328229 6.97414e-05 1.43576e-05 2.23135e-06 1.86179e-07 7.51719e-09 1.40711e-10
 2.57116e-27 2.60952e-27 5.12229e-26 1.02657e-19 2.51652e-14 7.45689e-10 2.67093e-06 0.00115641 0.0605224 0.382881 0.292996 0.0399129 0.0979511 0.0900089 0.0156545 0.0130561 0.00413731 0.00127554 0.00035487 7.64247e-05 1.22132e-05 1.67148e-06 1.60307e-07 7.11405e-09 1.21626e-10
 2.57135e-27 2.61003e-27 5.16647e-26 1.03589e-19 2.53936e-14 7.52458e-10 2.69518e-06 0.00116691 0.0610718 0.386357 0.295649 0.0398403 0.0955352 0.0877656 0.0150057 0.0121405 0.00385002 0.00119488 0.000334032 7.32286e-05 1.19742e-05 1.39296e-06 1.12177e-07 5.47916e-09 1.01534e-10
 2.57142e-27 2.61021e-27 5.18132e-26 1.03902e-19 2.54704e-14 7.54734e-10 2.70333e-06 0.00117044 0.0612566 0.387526 0.296542 0.0398751 0.0951728 0.0874141 0.0146353 0.0113816 0.00358018 0.00106815 0.000297845 6.57303e-05 1.08868e-05 1.28668e-06 9.15513e-08 3.80415e-09 7.47601e-11
 2.5702e-27 2.60686e-27 4.88384e-26 9.76267e-20 2.3932e-14 7.09148e-10 2.54005e-06 0.00109974 0.0575567 0.364119 0.278685 0.0408846 0.115401 0.106054 0.0174513 0.0131105 0.00408375 0.00115618 0.000315952 6.74932e-05 1.11847e-05 1.33747e-06 9.58257e-08 3.56534e-09 6.12274e-11
 2.57054e-27 2.6078e-27 4.96755e-26 9.93926e-20 2.43649e-14 7.21975e-10 2.58599e-06 0.00111964 0.0585978 0.370705 0.28371 0.0406012 0.109714 0.100816 0.0167054 0.0127249 0.00392168 0.00103898 0.000276521 5.61943e-05 9.009e-06 1.06136e-06 7.67795e-08 2.84662e-09 4.41621e-11
 2.5714e-27 2.61014e-27 5.17555e-26 1.03781e-19 2.54406e-14 7.5385e-10 2.70016e-06 0.00116907 0.0611848 0.387071 0.296195 0.0399112 0.0956906 0.0878905 0.0146952 0.0113946 0.00352805 0.000958995 0.000251077 4.79984e-05 7.34405e-06 8.26778e-07 5.84617e-08 2.17681e-09 3.33319e-11
 2.57137e-27 2.61001e-27 5.16021e-26 1.03457e-19 2.53612e-14 7.51497e-10 2.69174e-06 0.00116542 0.0609939 0.385864 0.295279 0.0402617 0.099002 0.0908747 0.0139261 0.00888773 0.00274573 0.000753582 0.000199063 3.86296e-05 5.66961e-06 6.00661e-07 4.03026e-08 1.46004e-09 2.23177e-11
 2.57121e-27 2.60961e-27 5.12497e-26 1.02714e-19 2.5179e-14 7.46098e-10 2.6724e-06 0.00115705 0.0605556 0.383091 0.293163 0.0403094 0.100852 0.0925996 0.0145566 0.00988613 0.00296304 0.000656906 0.000168462 3.30301e-05 4.91508e-06 5.10807e-07 3.21443e-08 1.09979e-09 1.63103e-11
 2.57179e-27 2.61118e-27 5.26366e-26 1.05639e-19 2.58962e-14 7.67351e-10 2.74852e-06 0.00119 0.0622805 0.394004 0.301489 0.0399073 0.0919416 0.084373 0.0130236 0.00846206 0.00255415 0.00059895 0.000146146 2.38603e-05 3.46391e-06 3.64424e-07 2.26716e-08 7.31074e-10 1.02226e-11
 2.57216e-27 2.61218e-27 5.35251e-26 1.07514e-19 2.63557e-14 7.80966e-10 2.79729e-06 0.00121112 0.0633856 0.400994 0.306823 0.0396747 0.0864239 0.0792738 0.0119842 0.00737445 0.00221001 0.000496324 0.000122023 2.05592e-05 2.64638e-06 2.49194e-07 1.54971e-08 4.94504e-10 6.55683e-12
 2.57239e-27 2.61279e-27 5.40475e-26 1.08615e-19 2.66258e-14 7.88969e-10 2.82596e-06 0.00122353 0.0640352 0.405104 0.30996 0.0396036 0.083679 0.0767211 0.0111756 0.00617176 0.00182943 0.000384508 9.23832e-05 1.50469e-05 1.97019e-06 1.75544e-07 9.56954e-09 2.96888e-10 3.88667e-12
 2.57207e-27 2.61192e-27 5.32852e-26 1.07007e-19 2.62316e-14 7.77289e-10 2.78412e-06 0.00120542 0.0630872 0.399107 0.305384 0.0398316 0.088629 0.0812904 0.0120125 0.00692837 0.0020317 0.000385564 8.93784e-05 1.36993e-05 1.73203e-06 1.52664e-07 8.03217e-09 2.21506e-10 2.75819e-12
 2.57207e-27 2.61192e-27 5.32802e-26 1.06997e-19 2.6229e-14 7.77212e-10 2.78384e-06 0.0012053 0.0630809 0.399067 0.305354 0.039811 0.0884936 0.0811704 0.0120807 0.00711474 0.00209681 0.000413774 9.44949e-05 1.31767e-05 1.57105e-06 1.31149e-07 6.73176e-09 1.78894e-10 2.01485e-12
 2.5721e-27 2.61201e-27 5.33653e-26 1.07176e-19 2.6273e-14 7.78516e-10 2.78852e-06 0.00120732 0.0631868 0.399737 0.305864 0.0397854 0.0879399 0.0806592 0.0119851 0.00702583 0.00207548 0.000418453 9.67895e-05 1.38832e-05 1.57538e-06 1.20374e-07 5.79646e-09 1.48556e-10 1.60501e-12
 2.57222e-27 2.61234e-27 5.36511e-26 1.07779e-19 2.64208e-14 7.82895e-10 2.8042e-06 0.00121411 0.0635422 0.401985 0.30758 0.0397095 0.0861569 0.0790115 0.0116503 0.00667698 0.00196968 0.000394301 9.15088e-05 1.34049e-05 1.55495e-06 1.17434e-07 5.18776e-09 1.23329e-10 1.27387e-12
 2.5721e-27 2.61198e-27 5.33248e-26 1.07091e-19 2.62521e-14 7.77896e-10 2.78629e-06 0.00120636 0.0631364 0.399418 0.305623 0.0398841 0.0888608 0.0814886 0.0117628 0.00630941 0.00185178 0.000359652 8.28264e-05 1.20671e-05 1.41522e-06 1.09441e-07 4.83446e-09 1.0706e-10 1.02009e-12
 2.57222e-27 2.6123e-27 5.3617e-26 1.07707e-19 2.64032e-14 7.82373e-10 2.80233e-06 0.0012133 0.0634998 0.401717 0.307376 0.0397721 0.0867765 0.0795716 0.0115396 0.00628224 0.00183065 0.000331679 7.47739e-05 1.05985e-05 1.23119e-06 9.55052e-08 4.30763e-09 9.57314e-11 8.61541e-13
 2.57181e-27 2.61121e-27 5.2661e-26 1.05691e-19 2.59088e-14 7.67724e-10 2.74986e-06 0.00119058 0.0623109 0.394196 0.301636 0.0399288 0.0920023 0.0844253 0.0129674 0.0083166 0.00244372 0.000461598 0.000103512 1.37953e-05 1.55409e-06 1.18002e-07 5.3149e-09 1.20032e-10 1.08498e-12
#obs surv len freq
 1.7681e-41 2.454e-33 4.11709e-26 8.34938e-20 2.04675e-14 6.0649e-10 2.17235e-06 0.000940553 0.0492248 0.31141 0.238524 0.0440382 0.151863 0.128641 0.0361599 0.0277179 0.00833668 0.00258725 0.000495062 5.64488e-05 2.81802e-06 4.51297e-08 1.72451e-10 1.25901e-13 1.5152e-17
 2.17942e-41 3.02489e-33 5.07488e-26 1.02918e-19 2.5229e-14 7.47583e-10 2.67772e-06 0.00115936 0.0606763 0.383856 0.293814 0.042 0.0967977 0.0774692 0.0220974 0.0159099 0.00461409 0.00134302 0.000236588 2.35761e-05 9.68934e-07 1.20612e-08 3.43871e-11 1.82856e-14 1.58167e-18
 1.7328e-41 2.40501e-33 4.0349e-26 8.18269e-20 2.00589e-14 5.94382e-10 2.12898e-06 0.000921774 0.048242 0.305194 0.23397 0.051172 0.180751 0.134951 0.0260837 0.0137137 0.00379467 0.00102494 0.000164805 1.43006e-05 4.83125e-07 4.66921e-09 9.91839e-12 3.83205e-15 2.37512e-19
 2.09352e-41 2.90567e-33 4.87487e-26 9.88613e-20 2.42347e-14 7.18118e-10 2.57218e-06 0.00111367 0.0582848 0.368727 0.282386 0.0458471 0.113333 0.0812314 0.0276302 0.0174557 0.00326205 0.000629276 8.99308e-05 6.72045e-06 1.85746e-07 1.39404e-09 2.2098e-12 6.21066e-16 2.75855e-20
 2.36693e-41 3.28514e-33 5.5115e-26 1.11772e-19 2.73996e-14 8.11901e-10 2.9081e-06 0.00125911 0.0658966 0.416881 0.319129 0.0443609 0.0797768 0.0525492 0.0118273 0.00618551 0.00174926 0.000348818 3.19545e-05 1.84315e-06 4.10341e-08 2.38362e-10 2.8245e-13 5.79295e-17 1.84907e-21
 1.31951e-41 1.83139e-33 3.07254e-26 6.23106e-20 1.52747e-14 4.52617e-10 1.6212e-06 0.000701924 0.0367359 0.232406 0.179052 0.0711751 0.27206 0.166329 0.0281392 0.0108754 0.00207623 0.000403284 4.29515e-05 1.74222e-06 2.67946e-08 1.16751e-10 1.03045e-13 1.54512e-17 3.55651e-22
 2.2105e-41 3.06803e-33 5.14725e-26 1.04385e-19 2.55888e-14 7.58244e-10 2.71591e-06 0.00117589 0.0615416 0.38933 0.298228 0.0467819 0.0892813 0.056766 0.0356998 0.018353 0.00250519 0.000307375 2.58487e-05 1.03368e-06 1.1929e-08 3.4517e-11 2.14325e-14 2.32098e-18 3.85083e-23
 1.98829e-41 2.75961e-33 4.62982e-26 9.38918e-20 2.30165e-14 6.8202e-10 2.44288e-06 0.00105768 0.055355 0.350194 0.26882 0.0609778 0.154945 0.0824882 0.0158118 0.00727724 0.00266966 0.000380497 1.95548e-05 5.42919e-07 5.2852e-09 1.16641e-11 4.87588e-15 3.55147e-19 4.09921e-24
 2.03165e-41 2.8198e-33 4.73079e-26 9.59396e-20 2.35184e-14 6.96895e-10 2.49616e-06 0.00108075 0.0565623 0.357833 0.27474 0.0613477 0.142574 0.0732714 0.0226499 0.00840691 0.00127065 0.000241942 1.8931e-05 3.79226e-07 2.35273e-09 3.87338e-12 1.22483e-15 6.28115e-20 4.88081e-25
 1.97366e-41 2.73932e-33 4.59577e-26 9.32013e-20 2.28472e-14 6.77004e-10 2.42492e-06 0.00104991 0.0549479 0.347621 0.267244 0.0672115 0.155359 0.0743497 0.0223791 0.00816443 0.00149383 0.000166276 1.09711e-05 2.77123e-07 1.45233e-09 1.54412e-12 3.29976e-16 1.22406e-20 6.8909e-26
 2.09587e-41 2.90893e-33 4.88033e-26 9.89721e-20 2.42618e-14 7.18923e-10 2.57506e-06 0.00111491 0.0583502 0.369145 0.283724 0.0658736 0.133382 0.0604181 0.0200065 0.00668407 0.00116201 0.000129875 6.26539e-06 1.17673e-07 6.16808e-10 5.88995e-13 9.00516e-17 2.19518e-21 8.33703e-27
 2.04027e-41 2.83176e-33 4.75086e-26 9.63466e-20 2.36182e-14 6.99851e-10 2.50675e-06 0.00108534 0.0568023 0.359356 0.276688 0.0733241 0.147359 0.0612373 0.0177109 0.00540137 0.000935057 9.47612e-05 4.12034e-06 5.84062e-08 2.1809e-10 1.7377e-13 2.31875e-17 4.50946e-22 1.2242e-27
 1.99515e-41 2.76914e-33 4.6458e-26 9.42159e-20 2.30959e-14 6.84374e-10 2.45132e-06 0.00106134 0.0555461 0.351412 0.27108 0.0795801 0.154238 0.0612571 0.0196783 0.00529468 0.000776157 7.10495e-05 2.72286e-06 3.20811e-08 9.00621e-11 5.0347e-14 4.95164e-18 7.62663e-23 1.67135e-28
 1.87306e-41 2.59968e-33 4.36151e-26 8.84505e-20 2.16826e-14 6.42495e-10 2.30131e-06 0.000996389 0.052147 0.329915 0.255479 0.0911727 0.174853 0.0663093 0.0224907 0.00575322 0.000818422 6.17709e-05 1.95362e-06 1.90228e-08 4.22448e-11 1.76613e-14 1.23194e-18 1.32743e-23 2.09077e-29
 1.69596e-41 2.35387e-33 3.94911e-26 8.00872e-20 1.96324e-14 5.81745e-10 2.08372e-06 0.000902177 0.0472164 0.298731 0.232832 0.106275 0.200674 0.0756787 0.0294505 0.00717179 0.000996624 6.83705e-05 1.7622e-06 1.32805e-08 2.29055e-11 7.32578e-15 3.80446e-19 2.96343e-24 3.2925e-30
 1.90613e-41 2.64558e-33 4.43851e-26 9.00122e-20 2.20654e-14 6.53839e-10 2.34194e-06 0.00101398 0.0530678 0.335749 0.260825 0.095733 0.155484 0.0615436 0.0284626 0.00704637 0.00100678 6.37593e-05 1.41825e-06 8.43264e-09 1.08649e-11 2.577e-15 9.93678e-20 5.70949e-25 4.62496e-31
 1.86045e-41 2.58218e-33 4.33214e-26 8.78549e-20 2.15366e-14 6.38169e-10 2.28582e-06 0.00098968 0.0517959 0.327716 0.255986 0.109585 0.169285 0.0572844 0.0209994 0.00546774 0.000836234 5.1562e-05 1.01721e-06 4.96169e-09 4.92482e-12 8.6067e-16 2.40162e-20 9.97461e-26 5.85509e-32
 1.83955e-41 2.55317e-33 4.28348e-26 8.68681e-20 2.12947e-14 6.31e-10 2.26014e-06 0.000978563 0.0512141 0.324048 0.254236 0.116795 0.168003 0.0578767 0.0217165 0.00448446 0.000606686 3.74217e-05 6.80961e-07 2.81309e-09 2.21802e-12 2.94711e-16 6.05817e-21 1.81584e-26 7.61623e-33
 1.8649e-41 2.58835e-33 4.3425e-26 8.8065e-20 2.15881e-14 6.39695e-10 2.29128e-06 0.000992046 0.0519198 0.328527 0.258631 0.121226 0.159928 0.0542342 0.0200331 0.00402378 0.000459863 2.31242e-05 3.75938e-07 1.35007e-09 8.7062e-13 9.03225e-17 1.4039e-21 3.11131e-27 9.49205e-34
 1.94063e-41 2.69346e-33 4.51884e-26 9.16412e-20 2.24648e-14 6.65672e-10 2.38433e-06 0.00103233 0.0540282 0.34188 0.269544 0.121407 0.144593 0.0474636 0.0165497 0.00315365 0.000332092 1.37707e-05 1.7419e-07 5.07833e-10 2.68281e-13 2.21974e-17 2.66948e-22 4.47003e-28 1.01257e-34
 1.94525e-41 2.69988e-33 4.5296e-26 9.18595e-20 2.25183e-14 6.67257e-10 2.39001e-06 0.00103479 0.054157 0.342721 0.271768 0.129421 0.142 0.0430266 0.0133285 0.00231537 0.000218479 7.79863e-06 7.79447e-08 1.70605e-10 6.83571e-14 4.37355e-18 4.07392e-23 5.22674e-29 8.94408e-36
 1.97649e-41 2.74324e-33 4.60235e-26 9.33347e-20 2.28799e-14 6.77974e-10 2.42839e-06 0.00105141 0.0550268 0.348251 0.277249 0.13212 0.132617 0.0401287 0.0116615 0.00174771 0.000140176 4.19829e-06 3.38435e-08 5.66891e-11 1.67202e-14 7.80365e-19 5.35216e-24 5.11278e-30 6.54946e-37
 1.91777e-41 2.66173e-33 4.46561e-26 9.05616e-20 2.22001e-14 6.5783e-10 2.35624e-06 0.00102017 0.053392 0.337962 0.272232 0.146417 0.137529 0.039418 0.0104865 0.0014413 9.65471e-05 2.30216e-06 1.45833e-08 1.88045e-11 4.15724e-15 1.4194e-19 7.01523e-25 4.80862e-31 4.43433e-38
 1.96293e-41 2.72442e-33 4.57079e-26 9.26946e-20 2.2723e-14 6.73324e-10 2.41174e-06 0.0010442 0.0546496 0.345959 0.279616 0.145456 0.125167 0.0373925 0.0094902 0.00115661 6.61339e-05 1.25772e-06 6.04075e-09 5.83484e-12 9.60602e-16 2.41945e-20 8.72235e-26 4.31516e-32 2.849e-39
 1.9349e-41 2.68552e-33 4.50552e-26 9.13709e-20 2.23985e-14 6.63709e-10 2.3773e-06 0.00102929 0.0538694 0.341101 0.279022 0.156095 0.124467 0.0351147 0.0082925 0.000959011 4.68532e-05 7.13943e-07 2.61772e-09 1.86302e-12 2.23085e-16 4.08019e-21 1.06762e-26 3.82496e-33 1.82215e-40
 1.87659e-41 2.60458e-33 4.36972e-26 8.8617e-20 2.17234e-14 6.43705e-10 2.30565e-06 0.000998265 0.0522462 0.330941 0.275285 0.169155 0.126836 0.0359186 0.00778143 0.000801394 3.42724e-05 4.2706e-07 1.20206e-09 6.35025e-13 5.52414e-17 7.25107e-22 1.35596e-27 3.47228e-34 1.18375e-41
 1.79417e-41 2.49019e-33 4.17781e-26 8.4725e-20 2.07693e-14 6.15434e-10 2.20438e-06 0.000954422 0.0499521 0.316581 0.269412 0.184531 0.131475 0.0384245 0.00790487 0.000735938 2.65174e-05 2.69612e-07 5.94464e-10 2.35937e-13 1.50243e-17 1.42318e-22 1.90366e-28 3.46775e-35 8.38672e-43
 1.83413e-41 2.54565e-33 4.27086e-26 8.66122e-20 2.1232e-14 6.29142e-10 2.25348e-06 0.000975681 0.0510652 0.323736 0.277063 0.18138 0.120995 0.0368245 0.00730482 0.000632897 1.94808e-05 1.58787e-07 2.71434e-10 8.17564e-14 3.86734e-18 2.67244e-23 2.57612e-29 3.35682e-36 5.78035e-44
 1.8342e-41 2.54575e-33 4.27103e-26 8.66155e-20 2.12328e-14 6.29166e-10 2.25357e-06 0.000975719 0.0510672 0.323749 0.27708 0.181646 0.121946 0.0362262 0.00675762 0.000536072 1.45726e-05 1.01742e-07 1.45592e-10 3.61564e-14 1.39647e-18 7.82762e-24 6.09236e-30 6.38859e-37 8.83179e-45
#pred catch len freq
 2.56671e-27 2.59795e-27 4.16502e-26 8.24653e-20 2.02154e-14 5.99018e-10 2.14558e-06 0.000928954 0.0486181 0.307572 0.235443 0.0368917 0.115392 0.106655 0.028178 0.0378273 0.0178118 0.0158372 0.0107413 0.00884295 0.00738319 0.00669137 0.00695964 0.0062923 0.00193275
 2.56922e-27 2.60436e-27 4.68031e-26 9.33337e-20 2.28796e-14 6.77964e-10 2.42835e-06 0.00105138 0.0550257 0.348107 0.266443 0.0399341 0.116767 0.1075 0.0209749 0.0208919 0.0081299 0.00515742 0.00287923 0.00201022 0.00146433 0.00118044 0.00111391 0.00102082 0.000344983
 2.56907e-27 2.60387e-27 4.62652e-26 9.21986e-20 2.26014e-14 6.69719e-10 2.39882e-06 0.0010386 0.0543565 0.343874 0.263229 0.0410574 0.127575 0.117387 0.0212383 0.018926 0.00633575 0.00254551 0.00103977 0.000524347 0.000301275 0.000203597 0.000166806 0.000146989 5.17715e-05
 2.56878e-27 2.60308e-27 4.55557e-26 9.07017e-20 2.22344e-14 6.58846e-10 2.35988e-06 0.00102174 0.053474 0.338291 0.25897 0.041345 0.132756 0.122176 0.0222382 0.0199884 0.00646255 0.0022002 0.000687703 0.000214843 7.96868e-05 3.92518e-05 2.57581e-05 2.04821e-05 7.2261e-06
 2.57145e-27 2.61035e-27 5.19993e-26 1.04295e-19 2.55667e-14 7.57587e-10 2.71355e-06 0.00117486 0.0614881 0.38899 0.297651 0.0393038 0.0900457 0.0827951 0.0158486 0.0153249 0.00498049 0.00172225 0.000505316 0.000125122 2.78723e-05 7.76361e-06 3.38854e-06 2.20066e-06 7.46793e-07
 2.56816e-27 2.60132e-27 4.39309e-26 8.7274e-20 2.13942e-14 6.33947e-10 2.27069e-06 0.000983123 0.0514531 0.325507 0.249225 0.0423934 0.147581 0.135722 0.0222104 0.0165192 0.00547934 0.00210654 0.000628891 0.000154242 2.84417e-05 4.58837e-06 9.61348e-07 4.09757e-07 1.25747e-07
 2.56743e-27 2.59947e-27 4.24239e-26 8.40953e-20 2.0615e-14 6.10858e-10 2.18799e-06 0.000947316 0.0495791 0.313651 0.240162 0.0417116 0.14876 0.137091 0.0275496 0.028336 0.00881871 0.00242638 0.000728214 0.000194698 3.61298e-05 4.92386e-06 5.22778e-07 9.46748e-08 2.25955e-08
 2.57034e-27 2.60736e-27 4.93916e-26 9.8794e-20 2.42182e-14 7.17627e-10 2.57042e-06 0.00111289 0.0582449 0.368473 0.281992 0.03979 0.104748 0.0964167 0.0192451 0.0196659 0.00666001 0.00271002 0.000750578 0.000154536 2.99077e-05 4.21379e-06 3.60472e-07 2.51931e-08 3.06558e-09
 2.56989e-27 2.60606e-27 4.81408e-26 9.61551e-20 2.35713e-14 6.98459e-10 2.50176e-06 0.00108317 0.0566891 0.35863 0.274495 0.0409847 0.119105 0.10948 0.0181808 0.0139349 0.00468977 0.00191143 0.00061463 0.00016746 2.69463e-05 3.47077e-06 3.03873e-07 1.44153e-08 5.98839e-10
 2.56987e-27 2.60599e-27 4.80879e-26 9.60435e-20 2.35439e-14 6.97648e-10 2.49886e-06 0.00108191 0.0566232 0.358214 0.274177 0.0409227 0.118858 0.109287 0.0187889 0.0153485 0.00478079 0.00135094 0.000417093 0.000119575 2.47398e-05 3.20647e-06 2.45051e-07 1.10863e-08 2.43411e-10
 2.56996e-27 2.60625e-27 4.83253e-26 9.65443e-20 2.36667e-14 7.01286e-10 2.51189e-06 0.00108755 0.0569185 0.360082 0.275601 0.0408285 0.11714 0.107705 0.0185776 0.0152691 0.00482362 0.00146286 0.00039629 8.41446e-05 1.73193e-05 2.69145e-06 2.24564e-07 9.06702e-09 1.69722e-10
 2.56993e-27 2.60617e-27 4.82571e-26 9.64005e-20 2.36314e-14 7.00241e-10 2.50815e-06 0.00108593 0.0568338 0.359546 0.275192 0.0408203 0.117366 0.107919 0.0187234 0.0155487 0.00492341 0.00151228 0.000420438 9.04843e-05 1.44573e-05 1.97843e-06 1.89742e-07 8.42029e-09 1.43958e-10
 2.57019e-27 2.60685e-27 4.8852e-26 9.76554e-20 2.3939e-14 7.09357e-10 2.5408e-06 0.00110007 0.0575736 0.364226 0.278764 0.0407138 0.114045 0.104838 0.0178769 0.0143927 0.00456058 0.00141012 0.000393922 8.62995e-05 1.41089e-05 1.64116e-06 1.32162e-07 6.45526e-09 1.19622e-10
 2.57033e-27 2.60723e-27 4.91766e-26 9.83402e-20 2.41069e-14 7.14331e-10 2.55861e-06 0.00110778 0.0579773 0.36678 0.280714 0.0407105 0.11265 0.10353 0.0172811 0.01336 0.00419917 0.00124804 0.000347749 7.66911e-05 1.26998e-05 1.50084e-06 1.06787e-07 4.4372e-09 8.72009e-11
 2.56931e-27 2.60444e-27 4.66919e-26 9.30984e-20 2.2822e-14 6.76255e-10 2.42223e-06 0.00104873 0.054887 0.34723 0.2658 0.0415879 0.129806 0.119332 0.0195402 0.0145323 0.00452257 0.00127514 0.000348179 7.43251e-05 1.23144e-05 1.47245e-06 1.05494e-07 3.92504e-09 6.74045e-11
 2.56955e-27 2.60511e-27 4.72852e-26 9.43501e-20 2.31288e-14 6.85347e-10 2.4548e-06 0.00106283 0.0556249 0.351898 0.269361 0.041375 0.125683 0.115539 0.0190644 0.0143991 0.00443415 0.00117003 0.000311144 6.31857e-05 1.01278e-05 1.19307e-06 8.63058e-08 3.19979e-09 4.96411e-11
 2.57062e-27 2.60802e-27 4.98719e-26 9.98069e-20 2.44665e-14 7.24985e-10 2.59677e-06 0.0011243 0.058842 0.372251 0.284888 0.0405219 0.108282 0.0994988 0.0165506 0.0127044 0.00393023 0.0010639 0.000278317 5.31675e-05 8.13326e-06 9.15548e-07 6.47372e-08 2.41046e-09 3.69096e-11
 2.57052e-27 2.6077e-27 4.9549e-26 9.91256e-20 2.42994e-14 7.20036e-10 2.57905e-06 0.00111663 0.0584404 0.36971 0.282955 0.0409625 0.112994 0.103766 0.0158399 0.0100077 0.00308894 0.000844324 0.000222855 4.32159e-05 6.34147e-06 6.71781e-07 4.50735e-08 1.63286e-09 2.49593e-11
 2.57046e-27 2.60755e-27 4.94242e-26 9.88624e-20 2.42349e-14 7.18124e-10 2.5722e-06 0.00111366 0.0582852 0.368728 0.282205 0.0409291 0.113266 0.104039 0.0162775 0.0109307 0.0032736 0.000722731 0.000185162 3.62785e-05 5.39737e-06 5.60881e-07 3.52945e-08 1.20756e-09 1.79086e-11
 2.57104e-27 2.60912e-27 5.08077e-26 1.01781e-19 2.49504e-14 7.39324e-10 2.64814e-06 0.00114654 0.0600058 0.379613 0.29051 0.0405319 0.104409 0.0958596 0.0147338 0.00947068 0.0028563 0.00066704 0.000162619 2.65301e-05 3.85061e-06 4.05071e-07 2.51998e-08 8.12594e-10 1.13625e-11
 2.57152e-27 2.61042e-27 5.19531e-26 1.04197e-19 2.55427e-14 7.56876e-10 2.711e-06 0.00117376 0.0614304 0.388625 0.297387 0.0402209 0.0972099 0.0892095 0.0134268 0.00816284 0.00244426 0.000546629 0.000134265 2.26054e-05 2.90914e-06 2.73909e-07 1.70337e-08 5.43531e-10 7.2069e-12
 2.57166e-27 2.61079e-27 5.2268e-26 1.04862e-19 2.57055e-14 7.61701e-10 2.72829e-06 0.00118124 0.061822 0.391103 0.299279 0.0402315 0.0959617 0.0880335 0.0127797 0.00698191 0.00206799 0.000432879 0.000103906 1.69113e-05 2.21381e-06 1.97233e-07 1.07516e-08 3.33556e-10 4.3667e-12
 2.57136e-27 2.60997e-27 5.15438e-26 1.03334e-19 2.5331e-14 7.50603e-10 2.68854e-06 0.00116403 0.0609213 0.385405 0.294931 0.0404433 0.100628 0.0923424 0.0135935 0.00775138 0.00227141 0.000429293 9.94118e-05 1.52259e-05 1.92459e-06 1.69621e-07 8.92408e-09 2.461e-10 3.06443e-12
 2.57136e-27 2.60997e-27 5.15516e-26 1.0335e-19 2.53351e-14 7.50723e-10 2.68896e-06 0.00116422 0.060931 0.385466 0.294978 0.0404158 0.100386 0.0921243 0.0136571 0.00795188 0.0023418 0.000460223 0.000104999 1.46306e-05 1.74397e-06 1.4557e-07 7.47174e-09 1.98557e-10 2.23631e-12
 2.57142e-27 2.61015e-27 5.17034e-26 1.03671e-19 2.54136e-14 7.5305e-10 2.6973e-06 0.00116783 0.0611199 0.386661 0.295889 0.040368 0.0993822 0.0911984 0.0134964 0.00781891 0.002308 0.000463408 0.000107083 1.53484e-05 1.74123e-06 1.33032e-07 6.40582e-09 1.64172e-10 1.77372e-12
 2.57162e-27 2.61067e-27 5.21692e-26 1.04653e-19 2.56545e-14 7.60188e-10 2.72286e-06 0.0011789 0.0616992 0.390326 0.298685 0.0402333 0.0963922 0.0884381 0.0129845 0.00734631 0.0021654 0.000431661 0.000100079 1.46495e-05 1.69891e-06 1.28294e-07 5.66733e-09 1.34729e-10 1.39162e-12
 2.57149e-27 2.61033e-27 5.18561e-26 1.03993e-19 2.54925e-14 7.55389e-10 2.70568e-06 0.00117145 0.0613097 0.387862 0.296807 0.04041 0.0990567 0.0908774 0.0130645 0.00691429 0.00202764 0.000392153 9.02178e-05 1.31342e-05 1.54001e-06 1.19079e-07 5.26005e-09 1.16484e-10 1.10987e-12
 2.57135e-27 2.60994e-27 5.15084e-26 1.03259e-19 2.53127e-14 7.5006e-10 2.68659e-06 0.00116319 0.0608772 0.385126 0.294719 0.0405157 0.101328 0.0929734 0.0134459 0.0072553 0.00211287 0.000381323 8.58771e-05 1.21635e-05 1.41265e-06 1.0957e-07 4.94186e-09 1.09825e-10 9.88378e-13
 2.57135e-27 2.60996e-27 5.15494e-26 1.03346e-19 2.53339e-14 7.50689e-10 2.68884e-06 0.00116417 0.0609283 0.385449 0.294963 0.0403211 0.0996757 0.0914927 0.0139717 0.00882732 0.00259172 0.000487426 0.000109186 1.45405e-05 1.63763e-06 1.24332e-07 5.59985e-09 1.26467e-10 1.14314e-12
#obs catch len freq
 1.74982e-41 2.42863e-33 4.07453e-26 8.26307e-20 2.0256e-14 6.00221e-10 2.14989e-06 0.00093083 0.0487159 0.308191 0.236068 0.0441372 0.154109 0.130571 0.036908 0.0284044 0.00863481 0.00272365 0.000536393 6.36955e-05 3.34357e-06 5.63556e-08 2.25012e-10 1.70251e-13 2.11256e-17
 1.77191e-41 2.4593e-33 4.12598e-26 8.36741e-20 2.05117e-14 6.078e-10 2.17704e-06 0.000942583 0.0493311 0.312083 0.239097 0.0459715 0.155449 0.124653 0.0359722 0.0260871 0.00768298 0.00227448 0.00040972 4.21857e-05 1.81088e-06 2.3633e-08 7.04244e-11 3.88771e-14 3.4673e-18
 2.18841e-41 3.03736e-33 5.09581e-26 1.03342e-19 2.53331e-14 7.50665e-10 2.68876e-06 0.00116414 0.0609265 0.385438 0.295065 0.0432704 0.0980507 0.0740939 0.021725 0.0147193 0.00418138 0.00115479 0.000190317 1.69669e-05 5.93484e-07 5.97071e-09 1.3203e-11 5.29126e-15 3.38491e-19
 1.74958e-41 2.42831e-33 4.07399e-26 8.26197e-20 2.02533e-14 6.00141e-10 2.14961e-06 0.000930706 0.0487094 0.308151 0.236319 0.0536656 0.182374 0.127918 0.0249717 0.0125501 0.00340168 0.0008673 0.000129637 9.97219e-06 2.83835e-07 2.19918e-09 3.60428e-12 1.04627e-15 4.78743e-20
 2.11212e-41 2.93149e-33 4.91818e-26 9.97397e-20 2.445e-14 7.24499e-10 2.59504e-06 0.00112356 0.0588027 0.372003 0.284953 0.0474759 0.113317 0.0764813 0.0268565 0.0155927 0.00279795 0.000519615 6.87202e-05 4.51271e-06 1.04081e-07 6.21399e-10 7.56114e-13 1.59188e-16 5.21109e-21
 2.38333e-41 3.3079e-33 5.54969e-26 1.12547e-19 2.75895e-14 8.17526e-10 2.92825e-06 0.00126783 0.0663531 0.419769 0.321384 0.0454614 0.0787557 0.0485608 0.0111413 0.00549349 0.00151133 0.000273811 2.32581e-05 1.18454e-06 2.18324e-08 1.00173e-10 9.06734e-14 1.38895e-17 3.26205e-22
 1.3538e-41 1.87898e-33 3.15238e-26 6.39297e-20 1.56716e-14 4.64378e-10 1.66333e-06 0.000720164 0.0376905 0.238445 0.183878 0.0756191 0.271134 0.15453 0.0262884 0.00956467 0.00177234 0.000323922 3.0692e-05 1.07672e-06 1.37859e-08 4.72851e-11 3.1744e-14 3.54489e-18 5.99327e-23
 2.24039e-41 3.10951e-33 5.21685e-26 1.05797e-19 2.59348e-14 7.68495e-10 2.75263e-06 0.00119179 0.0623736 0.394595 0.302322 0.0481561 0.0870341 0.0526488 0.0338576 0.0155507 0.00201613 0.000233008 1.78685e-05 6.06468e-07 5.69642e-09 1.29837e-11 6.13078e-15 4.93407e-19 6.00271e-24
 2.02546e-41 2.81121e-33 4.71639e-26 9.56474e-20 2.34468e-14 6.94772e-10 2.48856e-06 0.00107746 0.05639 0.356743 0.273969 0.0633128 0.15053 0.0745342 0.0144924 0.00643749 0.00222067 0.000276972 1.28421e-05 3.0802e-07 2.42519e-09 4.15867e-12 1.31868e-15 7.13981e-20 6.03659e-25
 2.07026e-41 2.87339e-33 4.82071e-26 9.77629e-20 2.39654e-14 7.1014e-10 2.5436e-06 0.00110129 0.0576373 0.364634 0.280093 0.063554 0.137711 0.0662515 0.0208039 0.00698062 0.00103587 0.000183043 1.20945e-05 2.02518e-07 1.02544e-09 1.31269e-12 3.13115e-16 1.19108e-20 6.7828e-26
 2.01745e-41 2.80009e-33 4.69773e-26 9.5269e-20 2.33541e-14 6.92024e-10 2.47872e-06 0.0010732 0.056167 0.355335 0.273334 0.0696345 0.149181 0.0668019 0.0203589 0.00680621 0.00117924 0.000119244 7.04605e-06 1.44635e-07 5.98291e-10 4.93543e-13 7.97269e-17 2.19022e-21 9.02521e-27
 2.13816e-41 2.96762e-33 4.9788e-26 1.00969e-19 2.47514e-14 7.33429e-10 2.62702e-06 0.00113741 0.0595275 0.376595 0.289607 0.0678458 0.126889 0.0539418 0.0179716 0.00548202 0.000905222 9.05551e-05 3.80098e-06 5.96012e-08 2.4513e-10 1.78185e-13 2.04586e-17 3.69514e-22 1.02667e-27
 2.08665e-41 2.89613e-33 4.85886e-26 9.85366e-20 2.41551e-14 7.1576e-10 2.56373e-06 0.00111001 0.0580934 0.367526 0.283177 0.0754847 0.139454 0.0542514 0.0157139 0.0044021 0.00071697 6.47984e-05 2.41807e-06 2.80987e-08 8.28706e-11 5.02884e-14 4.99977e-18 7.16978e-23 1.42462e-28
 2.04571e-41 2.83932e-33 4.76354e-26 9.66037e-20 2.36813e-14 7.01719e-10 2.51344e-06 0.00108823 0.0569539 0.360321 0.27819 0.0818205 0.145221 0.0542512 0.0172827 0.00423648 0.000584072 4.75639e-05 1.54918e-06 1.48032e-08 3.24776e-11 1.38099e-14 1.01179e-18 1.14473e-23 1.82874e-29
 1.9297e-41 2.6783e-33 4.4934e-26 9.11252e-20 2.23383e-14 6.61924e-10 2.3709e-06 0.00102652 0.0537239 0.339895 0.263519 0.093831 0.164289 0.0588536 0.0196256 0.00458881 0.000604133 4.02513e-05 1.07904e-06 8.45787e-09 1.45715e-11 4.60766e-15 2.3887e-19 1.88903e-24 2.16394e-30
 1.75848e-41 2.44065e-33 4.0947e-26 8.30397e-20 2.03562e-14 6.03192e-10 2.16053e-06 0.000935437 0.0489571 0.30975 0.241838 0.109705 0.188813 0.0678884 0.0256238 0.00571378 0.000728748 4.36357e-05 9.41884e-07 5.69212e-09 7.58398e-12 1.82668e-15 7.02897e-20 4.01248e-25 3.24153e-31
 1.96594e-41 2.72859e-33 4.57778e-26 9.28364e-20 2.27578e-14 6.74354e-10 2.41543e-06 0.0010458 0.0547328 0.34629 0.269378 0.0978722 0.144634 0.0553153 0.0244063 0.00556399 0.000719549 3.94395e-05 7.2598e-07 3.42861e-09 3.3982e-12 6.05492e-16 1.72579e-20 7.25324e-26 4.2675e-32
 1.92201e-41 2.66762e-33 4.47549e-26 9.0762e-20 2.22492e-14 6.59286e-10 2.36145e-06 0.00102243 0.0535099 0.338568 0.264924 0.111744 0.156659 0.0507144 0.0178995 0.00433249 0.000591952 3.12476e-05 5.0408e-07 1.93529e-09 1.4681e-12 1.92084e-16 3.95488e-21 1.19974e-26 5.10807e-33
 1.90325e-41 2.64158e-33 4.4318e-26 8.9876e-20 2.2032e-14 6.5285e-10 2.3384e-06 0.00101245 0.0529875 0.33528 0.26357 0.118728 0.154898 0.0514138 0.0181859 0.00347499 0.000425534 2.22671e-05 3.27166e-07 1.05343e-09 6.30677e-13 6.24786e-17 9.45432e-22 2.06732e-27 6.2845e-34
 1.92869e-41 2.6769e-33 4.49105e-26 9.10775e-20 2.23266e-14 6.61577e-10 2.36966e-06 0.00102598 0.0536959 0.339779 0.268056 0.122678 0.146681 0.0480584 0.0166262 0.00307123 0.00031248 1.34018e-05 1.75083e-07 4.85436e-10 2.36047e-13 1.81765e-17 2.07398e-22 3.3477e-28 7.3962e-35
 2.00271e-41 2.77963e-33 4.66341e-26 9.4573e-20 2.31835e-14 6.86968e-10 2.46061e-06 0.00106536 0.0557568 0.352833 0.278757 0.122073 0.131611 0.0417471 0.0135553 0.00237162 0.000219757 7.66671e-06 7.78136e-08 1.74714e-10 6.92209e-14 4.23131e-18 3.72387e-23 4.53269e-29 7.42672e-36
 2.00714e-41 2.78578e-33 4.67372e-26 9.47822e-20 2.32347e-14 6.88488e-10 2.46605e-06 0.00106771 0.0558801 0.353646 0.281079 0.129574 0.128584 0.0375193 0.0107879 0.00171464 0.000141448 4.20057e-06 3.33541e-08 5.60335e-11 1.68065e-14 7.92082e-19 5.38279e-24 5.00818e-30 6.1891e-37
 2.03789e-41 2.82846e-33 4.74532e-26 9.62342e-20 2.35907e-14 6.99035e-10 2.50383e-06 0.00108407 0.0567363 0.359094 0.286554 0.131595 0.119484 0.0348071 0.00928664 0.0012663 8.8341e-05 2.18492e-06 1.388e-08 1.77339e-11 3.90351e-15 1.33979e-19 6.69145e-25 4.62528e-31 4.26979e-38
 1.98168e-41 2.75043e-33 4.61442e-26 9.35796e-20 2.29399e-14 6.79752e-10 2.43476e-06 0.00105417 0.0551714 0.349259 0.282113 0.145413 0.123612 0.0340082 0.00827969 0.00102602 5.91536e-05 1.15815e-06 5.75063e-09 5.62842e-12 9.25295e-16 2.31845e-20 8.33468e-26 4.12975e-32 2.74085e-39
 2.02541e-41 2.81114e-33 4.71627e-26 9.5645e-20 2.34463e-14 6.94755e-10 2.4885e-06 0.00107744 0.0563892 0.35701 0.289329 0.143744 0.112117 0.0321011 0.00738317 0.000806323 3.93115e-05 6.07963e-07 2.2776e-09 1.66439e-12 2.03192e-16 3.74775e-21 9.8139e-27 3.507e-33 1.66578e-40
 1.9986e-41 2.77393e-33 4.65384e-26 9.43789e-20 2.31359e-14 6.85558e-10 2.45556e-06 0.00106317 0.055643 0.352382 0.289102 0.153674 0.111114 0.0299321 0.00640308 0.000656547 2.7061e-05 3.32619e-07 9.45271e-10 5.07175e-13 4.49412e-17 6.00913e-22 1.14045e-27 2.94808e-34 1.00964e-41
 1.9426e-41 2.6962e-33 4.52343e-26 9.17342e-20 2.24876e-14 6.66348e-10 2.38675e-06 0.00103338 0.0540843 0.342652 0.28596 0.166102 0.113211 0.0304592 0.0059377 0.000539568 1.92936e-05 1.92028e-07 4.16491e-10 1.65263e-13 1.06152e-17 1.0173e-22 1.37843e-28 2.54437e-35 6.23003e-43
 1.86315e-41 2.58592e-33 4.33842e-26 8.79824e-20 2.15678e-14 6.39095e-10 2.28913e-06 0.000991116 0.051873 0.328844 0.280865 0.180898 0.11757 0.0324769 0.00597835 0.000486127 1.45371e-05 1.17221e-07 1.97902e-10 5.87694e-14 2.75731e-18 1.90445e-23 1.84437e-29 2.42056e-36 4.20276e-44
 1.90978e-41 2.65065e-33 4.44701e-26 9.01845e-20 2.21077e-14 6.55091e-10 2.34643e-06 0.00101592 0.0531712 0.337012 0.285177 0.171506 0.112801 0.0327857 0.00604065 0.000475478 1.28677e-05 8.96008e-08 1.28015e-10 3.17599e-14 1.22586e-18 6.86816e-24 5.34377e-30 5.60213e-37 7.74297e-45
#spawning biomass
 6941.84 7846.81 10074.6 11348.9 18994.2 31351 32350.5 36246.9 48999.8 59549.8 74521.1 98380.1 121866 150193 157332 122304 117574 108295 103460 95545.4 101467 107445 122603 130480 138749 147111 145734 142885 171703 153113 160127 74492 34184.1 19948.7 15501.7 14214.1 13860 13766.1 13741.8 13735.7 13734.2 13733.8 13733.7 13733.7 13733.7 13733.7 13733.7 13733.7 13733.7 13733.7 13733.7 13733.7 13733.7 13733.7 13733.7 13733.7 13733.7 13733.7 13733.7 13733.7 13733.7 13733.7 13733.7 13733.7 13733.7 13733.7 13733.7 13733.7 13733.7 13733.7 13733.7 13733.7 13733.7 13733.7 13733.7 13733.7 13733.7 13733.7 13733.7 13733.7 13733.7 13733.7 13733.7 13733.7 13733.7 13733.7 13733.7 13733.7 13733.7 13733.7 13733.7 13733.7 13733.7 13733.7 13733.7 13733.7 13733.7 13733.7 13733.7 13733.7 13733.7 13733.7 13733.7 13733.7 13733.7 13733.7 13733.7 13733.7 13733.7 13733.7 13733.7 13733.7 13733.7 13733.7 13733.7 13733.7 13733.7 13733.7 13733.7 13733.7 13733.7 13733.7 13733.7 13733.7 13733.7 13733.7 13733.7 13733.7 13733.7 0 0 0 0 0 0 0 0 0 0 0 0 0 0 0 0 0 0 0 0 0 0 0 0 0
