SBPRF35
0.819782
Curr Bio
182462
B35
718757
F35
0.209843
FOFL
0.0823784
OFL
19080.8
Bzero
234224
#pred survey bio
 7154.92 6957.88 8670.73 11334.3 15556.5 18416.3 17163.9 21695.2 35745.5 51752.6 63703.7 76992.2 101627 127691 121821 112077 103484 109224 97163 99798.7 97034.9 101575 111262 117357 123198 137088 150571 193593 1.08545e+07 9.69787e+06 1.05752e+07 9.98964e+06 8.76665e+06 7.39448e+06 6.12654e+06 5.06493e+06 4.22689e+06 3.58973e+06 3.11699e+06 2.77169e+06 2.52176e+06 2.34134e+06 2.20985e+06 2.11319e+06 2.04451e+06 1.99521e+06 1.95943e+06 1.93317e+06 1.91367e+06 1.89904e+06 1.88795e+06 1.87944e+06 1.87287e+06 1.86774e+06 1.86372e+06 1.86053e+06 1.858e+06 1.85597e+06 1.85435e+06 1.85304e+06 1.85198e+06 1.85112e+06 1.85043e+06 1.84987e+06 1.84941e+06 1.84903e+06 1.84873e+06 1.84848e+06 1.84827e+06 1.84811e+06 1.84797e+06 1.84786e+06 1.84777e+06 1.8477e+06 1.84763e+06 1.84759e+06 1.84754e+06 1.84751e+06 1.84748e+06 1.84746e+06 1.84744e+06 1.84743e+06 1.84742e+06 1.84741e+06 1.8474e+06 1.84739e+06 1.84739e+06 1.84738e+06 1.84738e+06 1.84737e+06 1.84737e+06 1.84737e+06 1.84737e+06 1.84737e+06 1.84737e+06 1.84736e+06 1.84736e+06 1.84736e+06 1.84736e+06 1.84736e+06 1.84736e+06 1.84736e+06 1.84736e+06 1.84736e+06 1.84736e+06 1.84736e+06 1.84736e+06 1.84736e+06 1.84736e+06 1.84736e+06 1.84736e+06 1.84736e+06 1.84736e+06 1.84736e+06 1.84736e+06 1.84736e+06 1.84736e+06 1.84736e+06 1.84736e+06 1.84736e+06 1.84736e+06 1.84736e+06 1.84736e+06 1.84736e+06 1.84736e+06 1.84736e+06 1.84736e+06 1.84736e+06 0 0 0 0 0 0 0 0 0 0 0 0 0 0 0 0 0 0 0 0 0 0 0 0 0
#obs survey bio
 6433.16 5766.52 11508.7 10611.5 16167.1 19194.2 15667.7 32833.8 50004.4 54075.2 96413.8 81536.5 95353.6 128010 103513 100520 105430 109500 123340 100613 116666 69273.5 121943 120414 145074 128281 231985 155523
#pred catch bio
 4925.3 4877.44 6246.37 7875.08 10692 14305.3 13019 14610.6 24363.4 37603.2 48104.8 57234.3 76200.3 102355 97546 92661.3 82572.9 93235.4 79154.8 84317.7 81937.2 85598.8 95666.9 100954 102046 113277 116282 95687.1 19080.8 78512.8 85693 79917.5 69148.8 57376.1 46664.7 37828 30968 25855.8 22154.1 19529 17695.6 16428.3 15554 14953 14554.1 14289.3 14113.5 13996.8 13919.4 13868 13833.9 13811.3 13796.2 13786.3 13779.6 13775.2 13772.3 13770.4 13769.1 13768.2 13767.7 13767.3 13767.1 13766.9 13766.8 13766.7 13766.7 13766.6 13766.6 13766.6 13766.6 13766.6 13766.6 13766.6 13766.6 13766.6 13766.6 13766.6 13766.6 13766.6 13766.6 13766.6 13766.6 13766.6 13766.6 13766.6 13766.6 13766.6 13766.6 13766.6 13766.6 13766.6 13766.6 13766.6 13766.6 13766.6 13766.6 13766.6 13766.6 13766.6 13766.6 13766.6 13766.6 13766.6 13766.6 13766.6 13766.6 13766.6 13766.6 13766.6 13766.6 13766.6 13766.6 13766.6 13766.6 13766.6 13766.6 13766.6 13766.6 13766.6 13766.6 13766.6 13766.6 13766.6 13766.6 13766.6 13766.6 13766.6 0 0 0 0 0 0 0 0 0 0 0 0 0 0 0 0 0 0 0 0 0 0 0 0 0
#obs catch bio
 4296.58 4855.64 6130.65 7599.68 10459.8 14138 12914.4 14028.3 23292.4 36013.6 45237.4 55036.9 74066.3 100984 97036.1 93730.4 81241.3 93110 77012.3 82406.2 79529.3 86797.7 93341.6 99845.5 97697.2 109815 111019 94635.2
#pred cpue bio
 6174.21 5677.97 6845.54 8884.64 12287.1 15201.3 13834.4 16560.7 27530.4 40929.7 50571.4 60067 78750.4 100118 98429.5 90017.5 81300.3 85960.2 76113.9 78184.2 75085.2 77693.7 84767.1 89126.4 93795.8 105527 115854 149092 9.24276e+06 9.5762e+06 1.05615e+07 9.95124e+06 8.72091e+06 7.34743e+06 6.07929e+06 5.01766e+06 4.17961e+06 3.54244e+06 3.06971e+06 2.7244e+06 2.47448e+06 2.29405e+06 2.16256e+06 2.0659e+06 1.99723e+06 1.94793e+06 1.91215e+06 1.88588e+06 1.86639e+06 1.85176e+06 1.84066e+06 1.83216e+06 1.82559e+06 1.82046e+06 1.81643e+06 1.81325e+06 1.81071e+06 1.80869e+06 1.80706e+06 1.80575e+06 1.8047e+06 1.80384e+06 1.80315e+06 1.80258e+06 1.80212e+06 1.80175e+06 1.80144e+06 1.80119e+06 1.80099e+06 1.80082e+06 1.80069e+06 1.80058e+06 1.80049e+06 1.80041e+06 1.80035e+06 1.8003e+06 1.80026e+06 1.80023e+06 1.8002e+06 1.80018e+06 1.80016e+06 1.80015e+06 1.80013e+06 1.80012e+06 1.80011e+06 1.80011e+06 1.8001e+06 1.8001e+06 1.80009e+06 1.80009e+06 1.80009e+06 1.80009e+06 1.80009e+06 1.80008e+06 1.80008e+06 1.80008e+06 1.80008e+06 1.80008e+06 1.80008e+06 1.80008e+06 1.80008e+06 1.80008e+06 1.80008e+06 1.80008e+06 1.80008e+06 1.80008e+06 1.80008e+06 1.80008e+06 1.80008e+06 1.80008e+06 1.80008e+06 1.80008e+06 1.80008e+06 1.80008e+06 1.80008e+06 1.80008e+06 1.80008e+06 1.80008e+06 1.80008e+06 1.80008e+06 1.80008e+06 1.80008e+06 1.80008e+06 1.80008e+06 1.80008e+06 1.80008e+06 1.80008e+06 1.80008e+06 0 0 0 0 0 0 0 0 0 0 0 0 0 0 0 0 0 0 0 0 0 0 0 0 0
#obs cpue bio
 5640.12 7935.99 7670.55 18359.1 13868.5 16753.1 19078.7 24668.5 41597.7 68499.1 107028 81628.2 124241 109500 116910 85502 110695 86088.5 100104 111490 100718 73459.7 142604 96703.9 182344 169710 186290 181354
#pred surv len freq
 2.56703e-27 2.59876e-27 4.23291e-26 8.38973e-20 2.05664e-14 6.0942e-10 2.18284e-06 0.000945086 0.0494624 0.312913 0.239523 0.0369983 0.113337 0.104734 0.0274047 0.0365222 0.0170268 0.0149333 0.0100861 0.00829511 0.00694406 0.00632947 0.0066388 0.00604313 0.00186137
 2.56841e-27 2.60218e-27 4.49088e-26 8.93377e-20 2.19001e-14 6.48938e-10 2.32439e-06 0.00100637 0.0526698 0.333204 0.255068 0.0402249 0.126972 0.116967 0.0235416 0.024374 0.00935903 0.00574523 0.00314537 0.00216623 0.00157262 0.00127201 0.00121079 0.00111936 0.000379714
 2.56948e-27 2.60505e-27 4.73733e-26 9.45365e-20 2.31745e-14 6.86702e-10 2.45965e-06 0.00106493 0.0557348 0.352594 0.269873 0.0401851 0.116269 0.107071 0.0215351 0.0222118 0.00751447 0.00311267 0.00124304 0.000604659 0.000339821 0.000228474 0.000188432 0.000167788 5.9387e-05
 2.56963e-27 2.60539e-27 4.76161e-26 9.50484e-20 2.33e-14 6.9042e-10 2.47297e-06 0.0010707 0.0560366 0.354503 0.271338 0.0406298 0.118623 0.109146 0.0201372 0.0184914 0.00623244 0.00252571 0.000812599 0.000256376 9.1286e-05 4.36509e-05 2.85536e-05 2.2946e-05 8.14499e-06
 2.5693e-27 2.60451e-27 4.68446e-26 9.3421e-20 2.2901e-14 6.78598e-10 2.43062e-06 0.00105237 0.0550771 0.348433 0.266705 0.0407647 0.122905 0.113131 0.0214499 0.0204711 0.00666275 0.00233072 0.000734476 0.000209319 4.79193e-05 1.29067e-05 5.453e-06 3.55592e-06 1.21521e-06
 2.5672e-27 2.59886e-27 4.18805e-26 8.29488e-20 2.03339e-14 6.0253e-10 2.15816e-06 0.000934401 0.0489032 0.309375 0.2369 0.0419316 0.152726 0.140714 0.0275111 0.0273683 0.00902015 0.00331401 0.000986673 0.000249062 5.21873e-05 9.07618e-06 1.8442e-06 7.68669e-07 2.37156e-07
 2.56848e-27 2.60237e-27 4.50241e-26 8.95807e-20 2.19596e-14 6.50703e-10 2.33071e-06 0.00100911 0.0528131 0.33411 0.255767 0.0406697 0.129867 0.119692 0.0250876 0.0271382 0.00902904 0.00343835 0.00104769 0.000269122 5.06027e-05 7.62783e-06 8.91905e-07 1.57397e-07 3.72561e-08
 2.57071e-27 2.60835e-27 5.02503e-26 1.00606e-19 2.46622e-14 7.30786e-10 2.61755e-06 0.0011333 0.0593129 0.375229 0.28715 0.039728 0.100652 0.092589 0.0176967 0.0170966 0.00585874 0.00251096 0.000784661 0.000208888 4.02766e-05 5.65294e-06 5.2916e-07 4.0482e-08 4.85263e-09
 2.57028e-27 2.60714e-27 4.91293e-26 9.82405e-20 2.40825e-14 7.13607e-10 2.55602e-06 0.00110666 0.0579186 0.366409 0.280426 0.0404471 0.110848 0.101919 0.0179222 0.0152446 0.00503131 0.00188723 0.00061499 0.000180854 3.63052e-05 5.24196e-06 4.59744e-07 2.37722e-08 1.06485e-09
 2.5692e-27 2.60421e-27 4.65555e-26 9.28109e-20 2.27515e-14 6.74167e-10 2.41475e-06 0.0010455 0.0547174 0.346158 0.264972 0.0410467 0.126269 0.116196 0.0213044 0.0193578 0.00617476 0.00196391 0.000592115 0.000159621 3.48145e-05 5.38511e-06 4.85996e-07 2.27206e-08 5.43412e-10
 2.56907e-27 2.60391e-27 4.63156e-26 9.2305e-20 2.26274e-14 6.70492e-10 2.40159e-06 0.0010398 0.0544192 0.344271 0.263529 0.0408781 0.126 0.116 0.0222003 0.0214599 0.00695683 0.00237464 0.000677419 0.00015618 3.06303e-05 4.84981e-06 4.75119e-07 2.27282e-08 4.53129e-10
 2.56981e-27 2.60588e-27 4.80468e-26 9.5957e-20 2.35227e-14 6.9702e-10 2.49661e-06 0.00108094 0.0565723 0.357892 0.273924 0.040502 0.115834 0.106583 0.0198772 0.0185345 0.00610385 0.00224276 0.000661828 0.000158282 2.74286e-05 3.7803e-06 3.66802e-07 1.88753e-08 3.78578e-10
 2.57004e-27 2.6065e-27 4.85704e-26 9.70614e-20 2.37934e-14 7.05042e-10 2.52534e-06 0.00109338 0.0572234 0.362011 0.27707 0.0405522 0.114006 0.104852 0.0187705 0.0164386 0.00535293 0.00188307 0.000569499 0.000145855 2.64042e-05 3.39301e-06 2.83538e-07 1.4243e-08 3.02239e-10
 2.56953e-27 2.6051e-27 4.732e-26 9.44236e-20 2.31468e-14 6.85881e-10 2.45671e-06 0.00106366 0.0556683 0.352173 0.269565 0.0410231 0.122863 0.113006 0.0198821 0.0169156 0.00541182 0.00175357 0.000516401 0.000128905 2.46219e-05 3.34273e-06 2.66124e-07 1.16712e-08 2.40313e-10
 2.56815e-27 2.60134e-27 4.39829e-26 8.73837e-20 2.14211e-14 6.34744e-10 2.27355e-06 0.000984359 0.0515178 0.325916 0.249533 0.0420901 0.145056 0.133472 0.0232483 0.0194394 0.00615725 0.00189518 0.000537819 0.000124639 2.30037e-05 3.20456e-06 2.69777e-07 1.13365e-08 2.07899e-10
 2.56853e-27 2.60244e-27 4.50253e-26 8.95829e-20 2.19602e-14 6.50719e-10 2.33077e-06 0.00100913 0.0528144 0.334118 0.255782 0.0412173 0.134024 0.123422 0.0238541 0.0233539 0.00738866 0.0022301 0.000620274 0.000136347 2.35123e-05 3.10146e-06 2.64151e-07 1.16041e-08 2.04333e-10
 2.56947e-27 2.60496e-27 4.72059e-26 9.4183e-20 2.30878e-14 6.84133e-10 2.45045e-06 0.00106095 0.0555264 0.351275 0.268878 0.0409418 0.122726 0.1129 0.0202286 0.0177435 0.005833 0.00213028 0.00060092 0.000129169 2.13277e-05 2.62173e-06 2.09458e-07 9.23234e-09 1.67589e-10
 2.56937e-27 2.60465e-27 4.69136e-26 9.35662e-20 2.29366e-14 6.79653e-10 2.4344e-06 0.001054 0.0551627 0.348975 0.267125 0.0411731 0.125717 0.115634 0.0202342 0.0170563 0.00544365 0.00174563 0.000521426 0.000130821 2.16761e-05 2.55891e-06 1.90024e-07 7.85297e-09 1.42166e-10
 2.56952e-27 2.60502e-27 4.72132e-26 9.41981e-20 2.30915e-14 6.84243e-10 2.45084e-06 0.00106112 0.0555353 0.351331 0.268928 0.0413355 0.125687 0.115551 0.0192345 0.0147901 0.00465244 0.00139031 0.000391449 9.02934e-05 1.68406e-05 2.13558e-06 1.53205e-07 5.88623e-09 1.00234e-10
 2.56954e-27 2.60511e-27 4.73088e-26 9.43999e-20 2.3141e-14 6.85709e-10 2.4561e-06 0.0010634 0.0556543 0.352084 0.269499 0.041134 0.123752 0.11381 0.0197317 0.0163586 0.00506727 0.00137414 0.000373176 7.98757e-05 1.36502e-05 1.80107e-06 1.42094e-07 5.35337e-09 8.50293e-11
 2.57002e-27 2.6064e-27 4.84358e-26 9.67773e-20 2.37238e-14 7.02978e-10 2.51795e-06 0.00109018 0.0570559 0.360951 0.276267 0.040953 0.11762 0.108113 0.0180163 0.013883 0.00435415 0.00127632 0.000339521 6.64167e-05 1.05946e-05 1.27849e-06 1.01185e-07 4.13721e-09 6.52411e-11
 2.57046e-27 2.60756e-27 4.94492e-26 9.89152e-20 2.42479e-14 7.18508e-10 2.57357e-06 0.00111426 0.0583163 0.368925 0.282352 0.0407527 0.11182 0.102739 0.0166813 0.0121858 0.00376102 0.0010108 0.000272472 5.63595e-05 8.48311e-06 9.34926e-07 6.75966e-08 2.73912e-09 4.59486e-11
 2.57059e-27 2.6079e-27 4.97439e-26 9.95369e-20 2.44003e-14 7.23024e-10 2.58975e-06 0.00112126 0.0586829 0.371244 0.284123 0.0407537 0.110584 0.101579 0.0161291 0.0112157 0.00342511 0.000864374 0.000224686 4.35154e-05 6.77489e-06 7.38672e-07 4.85066e-08 1.79444e-09 2.96859e-11
 2.57069e-27 2.60817e-27 4.99669e-26 1.00007e-19 2.45156e-14 7.26441e-10 2.60199e-06 0.00112656 0.0589602 0.372998 0.285463 0.0407734 0.109792 0.10083 0.0156532 0.0103167 0.00311869 0.000738916 0.000186786 3.39776e-05 4.97681e-06 5.35544e-07 3.52137e-08 1.19452e-09 1.80901e-11
 2.57059e-27 2.60789e-27 4.97204e-26 9.94872e-20 2.43881e-14 7.22662e-10 2.58846e-06 0.0011207 0.0586535 0.371058 0.283983 0.0408764 0.111616 0.102507 0.0158489 0.0103393 0.00309967 0.000691512 0.000170138 2.91466e-05 4.04695e-06 4.06298e-07 2.58103e-08 8.67862e-10 1.21852e-11
 2.57019e-27 2.60682e-27 4.87862e-26 9.75165e-20 2.3905e-14 7.08347e-10 2.53718e-06 0.0010985 0.0574917 0.363708 0.278373 0.0410339 0.116756 0.107279 0.0172272 0.0122814 0.00368881 0.000823056 0.000199463 3.22919e-05 4.26226e-06 4.0074e-07 2.36662e-08 7.61178e-10 1.04637e-11
 2.57023e-27 2.60695e-27 4.89107e-26 9.77792e-20 2.39694e-14 7.10256e-10 2.54402e-06 0.00110146 0.0576466 0.364688 0.279119 0.040883 0.115083 0.105761 0.017401 0.0130638 0.00398274 0.000981919 0.000241861 3.90019e-05 4.9605e-06 4.384e-07 2.41049e-08 7.18742e-10 9.39901e-12
 2.57023e-27 2.60698e-27 4.89689e-26 9.7902e-20 2.39995e-14 7.11148e-10 2.54721e-06 0.00110285 0.057719 0.365146 0.279465 0.04066 0.113143 0.104016 0.0179237 0.0146992 0.00454118 0.00120947 0.000309371 5.44453e-05 7.02477e-06 6.059e-07 3.12836e-08 8.64321e-10 1.04677e-11
#obs surv len freq
 1.64606e-41 2.28462e-33 3.83292e-26 7.77309e-20 1.90548e-14 5.64629e-10 2.02241e-06 0.000875633 0.0458271 0.289916 0.222119 0.0443243 0.164279 0.139582 0.0427952 0.0345124 0.011104 0.00374832 0.000804226 0.000104807 6.01656e-06 1.09151e-07 4.62812e-10 3.68317e-13 4.76693e-17
 1.90539e-41 2.64456e-33 4.4368e-26 8.99775e-20 2.20569e-14 6.53587e-10 2.34104e-06 0.00101359 0.0530473 0.335593 0.257009 0.0440632 0.132301 0.106415 0.0337035 0.0256645 0.00806981 0.00255874 0.00050049 5.66257e-05 2.67989e-06 3.80297e-08 1.20995e-10 7.03265e-14 6.54358e-18
 1.93046e-41 2.67935e-33 4.49517e-26 9.11612e-20 2.23471e-14 6.62185e-10 2.37184e-06 0.00102692 0.0537451 0.340008 0.260462 0.0470734 0.14079 0.105923 0.0267979 0.0170742 0.00523014 0.00155843 0.000280073 2.73619e-05 1.05501e-06 1.16082e-08 2.76186e-11 1.1718e-14 7.84021e-19
 1.96736e-41 2.73057e-33 4.58109e-26 9.29036e-20 2.27742e-14 6.74842e-10 2.41718e-06 0.00104655 0.0547724 0.346507 0.265489 0.0487433 0.138818 0.0983822 0.0261149 0.0153919 0.0036664 0.000905173 0.00014831 1.25455e-05 3.92453e-07 3.32177e-09 5.87834e-12 1.8171e-15 8.74371e-20
 1.75688e-41 2.43843e-33 4.09097e-26 8.2964e-20 2.03376e-14 6.02642e-10 2.15856e-06 0.000934584 0.0489124 0.309435 0.237376 0.0549686 0.176814 0.117702 0.0315974 0.01731 0.00401287 0.000824959 0.000101898 7.14583e-06 1.812e-07 1.17848e-09 1.54565e-12 3.47043e-16 1.19929e-20
 1.45795e-41 2.02354e-33 3.39491e-26 6.8848e-20 1.68773e-14 5.00105e-10 1.79129e-06 0.000775568 0.0405902 0.256788 0.197443 0.0624423 0.220273 0.139643 0.0485836 0.0264353 0.00581515 0.00109126 0.000111306 5.67077e-06 1.0895e-07 5.40935e-10 5.26538e-13 8.58569e-17 2.12828e-21
 2.08969e-41 2.90035e-33 4.86593e-26 9.86802e-20 2.41903e-14 7.16802e-10 2.56747e-06 0.00111162 0.058178 0.368052 0.282088 0.0503159 0.112469 0.0690926 0.0340556 0.01881 0.00485293 0.000888943 7.93541e-05 3.15e-06 4.25474e-08 1.50516e-10 1.06858e-13 1.26555e-17 2.25457e-22
 1.98892e-41 2.76049e-33 4.63129e-26 9.39217e-20 2.30238e-14 6.82237e-10 2.44366e-06 0.00105802 0.0553726 0.350306 0.268882 0.0601612 0.151453 0.081534 0.0189996 0.00874257 0.00286311 0.000572079 5.12708e-05 1.70494e-06 1.71041e-08 4.16645e-11 2.03172e-14 1.6923e-18 2.14702e-23
 2.01812e-41 2.80102e-33 4.6993e-26 9.53008e-20 2.33619e-14 6.92255e-10 2.47954e-06 0.00107356 0.0561857 0.35545 0.272937 0.0617975 0.145008 0.0744083 0.0226757 0.00865116 0.00149756 0.000283854 2.78591e-05 8.77484e-07 7.1508e-09 1.26796e-11 4.24836e-15 2.39515e-19 2.07934e-24
 1.72517e-41 2.39442e-33 4.01713e-26 8.14666e-20 1.99706e-14 5.91765e-10 2.1196e-06 0.000917716 0.0480296 0.303856 0.23418 0.0762952 0.199615 0.0956096 0.0288391 0.0104821 0.00192413 0.000231916 1.68076e-05 5.14018e-07 3.75051e-09 5.30141e-12 1.30064e-15 5.11123e-20 3.02327e-25
 2.01073e-41 2.79076e-33 4.68208e-26 9.49516e-20 2.32763e-14 6.89718e-10 2.47046e-06 0.00106962 0.0559798 0.35415 0.27233 0.0668377 0.140308 0.0669818 0.0298792 0.0104292 0.00181679 0.000204491 1.04861e-05 2.20066e-07 1.3537e-09 1.62228e-12 3.15494e-16 9.25282e-21 3.91591e-26
 1.84635e-41 2.56262e-33 4.29932e-26 8.71893e-20 2.13734e-14 6.33334e-10 2.2685e-06 0.000982182 0.0514035 0.325204 0.250995 0.0816823 0.180431 0.0757145 0.0234924 0.00813884 0.00175949 0.000186106 8.19748e-06 1.22197e-07 5.01409e-10 4.51248e-13 6.98717e-17 1.60998e-21 5.17782e-27
 1.92829e-41 2.67634e-33 4.49011e-26 9.10586e-20 2.23219e-14 6.6144e-10 2.36917e-06 0.00102577 0.0536847 0.339637 0.262165 0.0808511 0.160351 0.0668247 0.0265363 0.00752537 0.00125104 0.000139748 5.93526e-06 7.17844e-08 2.09072e-10 1.24724e-13 1.33491e-17 2.26415e-22 5.52158e-28
 1.62257e-41 2.25202e-33 3.77824e-26 7.66219e-20 1.8783e-14 5.56573e-10 1.99355e-06 0.000863141 0.0451733 0.285802 0.222515 0.104422 0.21703 0.0836043 0.0303538 0.00864139 0.00146217 0.000125939 4.77046e-06 5.22709e-08 1.21388e-10 5.21417e-14 3.77569e-18 4.28142e-23 7.16504e-29
 1.47637e-41 2.0491e-33 3.43779e-26 6.97177e-20 1.70905e-14 5.06422e-10 1.81392e-06 0.000785365 0.0411029 0.260059 0.203763 0.113327 0.224576 0.0946346 0.047421 0.0122586 0.0019111 0.00015492 4.67843e-06 4.11899e-08 7.99349e-11 2.72219e-14 1.4581e-18 1.16187e-23 1.32501e-29
 1.724e-41 2.39279e-33 4.0144e-26 8.14113e-20 1.9957e-14 5.91363e-10 2.11817e-06 0.000917093 0.047997 0.303674 0.23683 0.102894 0.176413 0.0757933 0.0409768 0.0122497 0.00209973 0.000150018 3.89106e-06 2.68867e-08 3.95737e-11 1.04771e-14 4.36323e-19 2.62803e-24 2.18934e-30
 1.68352e-41 2.33661e-33 3.92015e-26 7.94999e-20 1.94885e-14 5.77479e-10 2.06844e-06 0.000895562 0.0468702 0.29656 0.232862 0.118669 0.192001 0.0703529 0.0305922 0.00930989 0.00175169 0.000131553 2.98229e-06 1.65876e-08 1.86927e-11 3.65636e-15 1.12434e-19 5.06058e-25 3.16121e-31
 1.69347e-41 2.35043e-33 3.94333e-26 7.997e-20 1.96037e-14 5.80894e-10 2.08067e-06 0.000900857 0.0471473 0.298326 0.235188 0.124075 0.185158 0.0700381 0.0304949 0.00734437 0.0012294 9.372e-05 2.04668e-06 9.68401e-09 8.52276e-12 1.25317e-15 2.82709e-20 9.20898e-26 4.15764e-32
 1.65884e-41 2.30235e-33 3.86268e-26 7.83343e-20 1.92027e-14 5.69012e-10 2.03811e-06 0.000882431 0.046183 0.292246 0.232145 0.135341 0.187961 0.0688981 0.0286603 0.00669454 0.000927178 5.83717e-05 1.15873e-06 4.87736e-09 3.55284e-12 4.05509e-16 6.83723e-21 1.63196e-26 5.33332e-33
 1.75297e-41 2.43301e-33 4.08188e-26 8.27796e-20 2.02924e-14 6.01302e-10 2.15377e-06 0.000932507 0.0488038 0.308841 0.245498 0.133738 0.167899 0.062702 0.0253596 0.00550186 0.000686524 3.48979e-05 5.43071e-07 1.8877e-09 1.14361e-12 1.05398e-16 1.38213e-21 2.48591e-27 5.98989e-34
 1.71588e-41 2.38152e-33 3.9955e-26 8.10279e-20 1.9863e-14 5.88578e-10 2.10819e-06 0.000912774 0.0477711 0.302344 0.242841 0.147791 0.172277 0.0593287 0.0216954 0.00451156 0.00050391 2.14467e-05 2.57799e-07 6.72627e-10 3.13164e-13 2.26143e-17 2.32202e-22 3.22792e-28 5.90924e-35
 1.72856e-41 2.39913e-33 4.02504e-26 8.1627e-20 2.00099e-14 5.9293e-10 2.12378e-06 0.000919522 0.0481244 0.304615 0.24631 0.153001 0.164564 0.0583861 0.0200685 0.00363889 0.000357917 1.28589e-05 1.21819e-07 2.37752e-10 8.08025e-14 4.27722e-18 3.26731e-23 3.41731e-29 4.72514e-36
 1.73505e-41 2.40814e-33 4.04015e-26 8.19334e-20 2.0085e-14 5.95156e-10 2.13175e-06 0.000922975 0.0483052 0.305807 0.249478 0.160578 0.159069 0.0548765 0.017702 0.00300282 0.000248995 7.29799e-06 5.47724e-08 8.11809e-11 2.02853e-14 7.74618e-19 4.24152e-24 3.18973e-30 3.19514e-37
 1.7428e-41 2.4189e-33 4.0582e-26 8.22995e-20 2.01748e-14 5.97815e-10 2.14128e-06 0.000927099 0.0485212 0.307233 0.252923 0.166335 0.152461 0.052974 0.0159603 0.00247968 0.000179178 4.22684e-06 2.44377e-08 2.74251e-11 5.09057e-15 1.41813e-19 5.59001e-25 3.00105e-31 2.13745e-38
 1.68016e-41 2.33195e-33 3.91233e-26 7.93413e-20 1.94496e-14 5.76327e-10 2.06431e-06 0.000893774 0.0467774 0.2963 0.248621 0.181209 0.155555 0.0533224 0.0150305 0.00215259 0.000134047 2.57673e-06 1.14668e-08 9.57865e-12 1.30764e-15 2.66168e-20 7.61112e-26 2.94269e-32 1.50004e-39
 1.59807e-41 2.21801e-33 3.72118e-26 7.54647e-20 1.84993e-14 5.48167e-10 1.96345e-06 0.000850105 0.0444923 0.281974 0.242448 0.196394 0.15995 0.0567724 0.0150496 0.00195964 0.000105077 1.64003e-06 5.65228e-09 3.533e-12 3.52864e-16 5.1977e-21 1.07124e-26 2.97964e-33 1.09061e-40
 1.58835e-41 2.20452e-33 3.69854e-26 7.50057e-20 1.83868e-14 5.44833e-10 1.9515e-06 0.000844934 0.0442221 0.280392 0.244669 0.200087 0.15473 0.0581812 0.0149756 0.00181175 8.30628e-05 1.04862e-06 2.79898e-09 1.31446e-12 9.66641e-17 1.03389e-21 1.5331e-27 3.05212e-34 7.97664e-42
 1.64315e-41 2.28059e-33 3.82616e-26 7.75938e-20 1.90212e-14 5.63633e-10 2.01884e-06 0.000874089 0.0457485 0.290184 0.254962 0.198754 0.142509 0.0523649 0.0130407 0.00149998 5.98564e-05 6.11429e-07 1.26125e-09 4.4538e-13 2.41862e-17 1.88698e-22 2.02365e-28 2.89548e-35 5.41357e-43
#pred catch len freq
 2.56553e-27 2.59477e-27 3.88769e-26 7.66151e-20 1.87813e-14 5.56522e-10 1.99337e-06 0.000863053 0.0451691 0.285752 0.218789 0.0373287 0.130418 0.120561 0.031321 0.0415193 0.0193045 0.0168686 0.0113816 0.00935565 0.00783059 0.00713724 0.007486 0.00681431 0.00209891
 2.5671e-27 2.59866e-27 4.1808e-26 8.27964e-20 2.02965e-14 6.01423e-10 2.1542e-06 0.000932684 0.0488133 0.308807 0.236451 0.0409876 0.145857 0.134408 0.0268783 0.0276089 0.0105799 0.00646587 0.00353616 0.00243387 0.00176661 0.00142885 0.00136008 0.00125737 0.00042653
 2.56836e-27 2.60203e-27 4.47034e-26 8.89042e-20 2.17938e-14 6.45789e-10 2.31311e-06 0.00100149 0.0524142 0.331587 0.253844 0.0409127 0.133067 0.122583 0.0244743 0.0250159 0.00845099 0.00348321 0.00138952 0.000675387 0.00037949 0.000255132 0.000210416 0.000187363 6.63153e-05
 2.56842e-27 2.60213e-27 4.47259e-26 8.89513e-20 2.18053e-14 6.46131e-10 2.31433e-06 0.00100202 0.052442 0.331763 0.253987 0.0414801 0.137284 0.126366 0.0231789 0.0210987 0.00710123 0.0028638 0.000920538 0.000290172 0.000103293 4.93888e-05 3.23066e-05 2.59619e-05 9.21552e-06
 2.56803e-27 2.60107e-27 4.38031e-26 8.70047e-20 2.13281e-14 6.31991e-10 2.26369e-06 0.00098009 0.0512944 0.324502 0.248446 0.0416452 0.142434 0.131156 0.0247247 0.0234058 0.00760879 0.00264853 0.00083381 0.000237422 5.43395e-05 1.46344e-05 6.18282e-06 4.03182e-06 1.37785e-06
 2.56617e-27 2.59605e-27 3.93978e-26 7.77113e-20 1.905e-14 5.64486e-10 2.02189e-06 0.000875402 0.0458154 0.289841 0.221996 0.0426635 0.168767 0.155517 0.0301455 0.029653 0.00975978 0.00356716 0.00106105 0.000267591 5.6055e-05 9.74782e-06 1.98061e-06 8.25523e-07 2.54698e-07
 2.56744e-27 2.59956e-27 4.25451e-26 8.4351e-20 2.06776e-14 6.12715e-10 2.19464e-06 0.000950197 0.0497299 0.314605 0.240884 0.0413483 0.145488 0.134119 0.0278625 0.0298394 0.00991411 0.00375608 0.00114345 0.000293456 5.51643e-05 8.31453e-06 9.7217e-07 1.7156e-07 4.06086e-08
 2.56956e-27 2.60522e-27 4.74842e-26 9.47702e-20 2.32318e-14 6.88399e-10 2.46573e-06 0.00106757 0.0558726 0.353465 0.270544 0.0405112 0.118279 0.108862 0.0206887 0.0198302 0.00678561 0.00289438 0.000903717 0.000240371 4.63357e-05 6.50268e-06 6.08684e-07 4.65653e-08 5.58185e-09
 2.5691e-27 2.60394e-27 4.62912e-26 9.22532e-20 2.26148e-14 6.70116e-10 2.40024e-06 0.00103921 0.0543887 0.344078 0.263388 0.041316 0.12943 0.11906 0.0208286 0.0175618 0.00578851 0.00216062 0.000703404 0.00020668 4.148e-05 5.98852e-06 5.25205e-07 2.71569e-08 1.21646e-09
 2.56808e-27 2.60117e-27 4.38668e-26 8.71388e-20 2.1361e-14 6.32966e-10 2.26718e-06 0.000981601 0.0513734 0.325003 0.248832 0.0418605 0.143802 0.132373 0.0241101 0.0216862 0.00690949 0.00218634 0.000658498 0.000177357 3.8673e-05 5.98137e-06 5.39792e-07 2.52354e-08 6.03559e-10
 2.56807e-27 2.60118e-27 4.38984e-26 8.72057e-20 2.13774e-14 6.33451e-10 2.26892e-06 0.000982354 0.0514129 0.325252 0.249018 0.0415937 0.14164 0.130433 0.0247652 0.0236785 0.00766635 0.00260327 0.000741946 0.000170895 3.35071e-05 5.30475e-06 5.19674e-07 2.48594e-08 4.95618e-10
 2.56882e-27 2.60319e-27 4.56659e-26 9.09342e-20 2.22914e-14 6.60535e-10 2.36592e-06 0.00102436 0.0536111 0.339158 0.25963 0.0412142 0.131297 0.12085 0.0223713 0.0206341 0.00678612 0.00248071 0.000731378 0.000174755 3.02756e-05 4.17219e-06 4.04814e-07 2.08312e-08 4.17807e-10
 2.5691e-27 2.60394e-27 4.63006e-26 9.22732e-20 2.26197e-14 6.70261e-10 2.40076e-06 0.00103944 0.0544005 0.344152 0.263444 0.0412552 0.128928 0.118615 0.0210822 0.0182483 0.00593434 0.0020768 0.000627481 0.000160561 2.90592e-05 3.73377e-06 3.12003e-07 1.56728e-08 3.32578e-10
 2.56877e-27 2.60301e-27 4.54666e-26 9.05136e-20 2.21883e-14 6.57479e-10 2.35498e-06 0.00101962 0.0533631 0.337589 0.258439 0.0416214 0.135232 0.12441 0.0217062 0.0182059 0.00581698 0.00187467 0.000551492 0.000137537 2.62638e-05 3.56528e-06 2.83833e-07 1.24478e-08 2.56301e-10
 2.56729e-27 2.59899e-27 4.18932e-26 8.29754e-20 2.03404e-14 6.02723e-10 2.15885e-06 0.0009347 0.0489188 0.309474 0.236989 0.0427705 0.159048 0.146369 0.0252914 0.0208529 0.00659672 0.0020195 0.000572503 0.000132552 2.44576e-05 3.40672e-06 2.86787e-07 1.20512e-08 2.21005e-10
 2.56782e-27 2.60051e-27 4.33128e-26 8.59703e-20 2.10746e-14 6.24478e-10 2.23677e-06 0.000968438 0.0506846 0.320645 0.245502 0.041752 0.145315 0.133837 0.0256007 0.0247163 0.00781021 0.00234436 0.000651367 0.000143045 2.46604e-05 3.25254e-06 2.7701e-07 1.21689e-08 2.14278e-10
 2.56869e-27 2.60282e-27 4.53068e-26 9.01767e-20 2.21057e-14 6.55033e-10 2.34622e-06 0.00101582 0.0531645 0.336333 0.257478 0.0415444 0.135321 0.124513 0.0221204 0.0191363 0.00628175 0.00228199 0.000643141 0.000138113 2.27982e-05 2.80216e-06 2.23866e-07 9.86732e-09 1.79115e-10
 2.56883e-27 2.60318e-27 4.561e-26 9.08161e-20 2.22625e-14 6.59677e-10 2.36285e-06 0.00102302 0.0535414 0.338718 0.2593 0.0416159 0.134585 0.123805 0.0214539 0.0177814 0.00566724 0.00180714 0.000539213 0.00013516 2.23895e-05 2.64281e-06 1.96248e-07 8.11009e-09 1.4682e-10
 2.56881e-27 2.60308e-27 4.54876e-26 9.05579e-20 2.21992e-14 6.57801e-10 2.35613e-06 0.00102012 0.0533892 0.337755 0.25857 0.0419169 0.137389 0.126334 0.0208643 0.0157931 0.00496157 0.00147457 0.000414727 9.55714e-05 1.78202e-05 2.25957e-06 1.62095e-07 6.22771e-09 1.06048e-10
 2.56897e-27 2.60355e-27 4.59257e-26 9.14821e-20 2.24257e-14 6.64515e-10 2.38018e-06 0.00103053 0.0539341 0.341202 0.261197 0.0416024 0.13315 0.12247 0.0210353 0.0171517 0.00530661 0.00143095 0.000388161 8.30024e-05 1.41806e-05 1.87083e-06 1.47593e-07 5.56052e-09 8.83192e-11
 2.56948e-27 2.60491e-27 4.71109e-26 9.39824e-20 2.30386e-14 6.82676e-10 2.44523e-06 0.00105869 0.0554081 0.350527 0.268314 0.0414095 0.126682 0.11646 0.019239 0.0145701 0.00456364 0.00133024 0.000353494 6.90819e-05 1.10166e-05 1.32925e-06 1.05198e-07 4.30127e-09 6.7828e-11
 2.56993e-27 2.60612e-27 4.81675e-26 9.62113e-20 2.3585e-14 6.98867e-10 2.50322e-06 0.0010838 0.0567222 0.35884 0.274659 0.0411995 0.120626 0.110851 0.0178502 0.0128098 0.00394869 0.00105526 0.000284133 5.87146e-05 8.83519e-06 9.73605e-07 7.03905e-08 2.85231e-09 4.78472e-11
 2.57014e-27 2.60668e-27 4.86529e-26 9.72353e-20 2.38361e-14 7.06305e-10 2.52987e-06 0.00109534 0.0573259 0.362659 0.277574 0.0411441 0.118156 0.108552 0.0170945 0.0116621 0.00355705 0.000892561 0.000231738 4.48366e-05 6.97855e-06 7.60785e-07 4.99569e-08 1.84807e-09 3.05731e-11
 2.57025e-27 2.60696e-27 4.88903e-26 9.7736e-20 2.39588e-14 7.09942e-10 2.54289e-06 0.00110098 0.0576211 0.364527 0.279 0.0411625 0.117294 0.107737 0.016595 0.0107256 0.00323841 0.000762913 0.000192615 3.50029e-05 5.12545e-06 5.51467e-07 3.62594e-08 1.22998e-09 1.86271e-11
 2.57001e-27 2.60631e-27 4.83075e-26 9.65065e-20 2.36574e-14 7.01011e-10 2.51091e-06 0.00108713 0.0568963 0.359941 0.275503 0.0413765 0.12138 0.111499 0.0171179 0.0109693 0.00328489 0.00072876 0.000179078 3.06475e-05 4.25404e-06 4.27032e-07 2.71264e-08 9.12107e-10 1.28063e-11
 2.56957e-27 2.60514e-27 4.72898e-26 9.43596e-20 2.31311e-14 6.85416e-10 2.45505e-06 0.00106294 0.0556305 0.351934 0.269391 0.0415535 0.127021 0.116735 0.0186028 0.0130379 0.0039119 0.000867996 0.000210096 3.39791e-05 4.48354e-06 4.21487e-07 2.48905e-08 8.00545e-10 1.10049e-11
 2.56939e-27 2.60467e-27 4.68856e-26 9.3507e-20 2.29221e-14 6.79224e-10 2.43286e-06 0.00105334 0.0551279 0.348754 0.266963 0.0415583 0.128763 0.118368 0.0193446 0.0143225 0.00436195 0.00106966 0.000263185 4.23986e-05 5.39085e-06 4.76367e-07 2.61914e-08 7.80946e-10 1.02124e-11
 2.56842e-27 2.60204e-27 4.45924e-26 8.86693e-20 2.17362e-14 6.44083e-10 2.307e-06 0.000998842 0.0522758 0.330711 0.253193 0.0420012 0.141809 0.130461 0.022473 0.0184186 0.00568621 0.00150786 0.000385351 6.77545e-05 8.73958e-06 7.53703e-07 3.89134e-08 1.07511e-09 1.30204e-11
#obs catch len freq
 1.64252e-41 2.2797e-33 3.82467e-26 7.75636e-20 1.90138e-14 5.63414e-10 2.01806e-06 0.000873749 0.0457285 0.289292 0.221643 0.044353 0.164779 0.139983 0.0427003 0.0344201 0.0113069 0.00392025 0.000872176 0.00011794 7.04194e-06 1.33074e-07 5.86521e-10 4.82985e-13 6.44037e-17
 1.65314e-41 2.29445e-33 3.84941e-26 7.80652e-20 1.91368e-14 5.67057e-10 2.03111e-06 0.0008794 0.0460243 0.291163 0.223135 0.0464054 0.167854 0.135082 0.0426576 0.0324617 0.0102707 0.00331011 0.000670811 7.90719e-05 3.89779e-06 5.74467e-08 1.8932e-10 1.13592e-13 1.0868e-17
 1.91895e-41 2.66338e-33 4.46837e-26 9.06176e-20 2.22138e-14 6.58237e-10 2.3577e-06 0.0010208 0.0534247 0.33798 0.25889 0.0458103 0.133976 0.101828 0.0332708 0.023779 0.00735621 0.00221307 0.000406193 4.12043e-05 1.65808e-06 1.89555e-08 4.66078e-11 2.03547e-14 1.39731e-18
 1.94915e-41 2.70529e-33 4.53869e-26 9.20437e-20 2.25634e-14 6.68596e-10 2.3948e-06 0.00103687 0.0542655 0.3433 0.263046 0.0489762 0.141439 0.100139 0.0259307 0.0155996 0.00470204 0.00132252 0.000221309 1.91965e-05 6.23264e-07 5.48226e-09 1.00278e-11 3.18665e-15 1.57017e-19
 1.98978e-41 2.76168e-33 4.63329e-26 9.39621e-20 2.30337e-14 6.82531e-10 2.44471e-06 0.00105848 0.0553965 0.350455 0.268582 0.0506937 0.138571 0.0922491 0.0251058 0.0138016 0.00320729 0.00075401 0.000114284 8.49616e-06 2.2154e-07 1.48808e-09 2.01493e-12 4.65149e-16 1.64549e-20
 1.78884e-41 2.48279e-33 4.16539e-26 8.44734e-20 2.07077e-14 6.13606e-10 2.19784e-06 0.000951587 0.0498023 0.315065 0.24179 0.0575604 0.175554 0.109576 0.0301506 0.0153449 0.00345767 0.000663873 7.60658e-05 4.67131e-06 9.77827e-08 5.00978e-10 5.0048e-13 8.36944e-17 2.12285e-21
 1.49739e-41 2.07828e-33 3.48674e-26 7.07104e-20 1.73338e-14 5.13633e-10 1.83975e-06 0.000796548 0.0416881 0.263735 0.202919 0.0660079 0.218751 0.13027 0.0466309 0.0232827 0.00496889 0.000864266 8.02434e-05 3.56553e-06 5.64501e-08 2.19485e-10 1.6201e-13 1.96238e-17 3.56495e-22
 2.12486e-41 2.94917e-33 4.94784e-26 1.00341e-19 2.45975e-14 7.28867e-10 2.61068e-06 0.00113034 0.0591573 0.374248 0.286912 0.0520125 0.109592 0.0636298 0.0322123 0.0162948 0.00407152 0.000680373 5.46566e-05 1.86206e-06 2.06171e-08 5.7071e-11 3.06442e-14 2.68944e-18 3.50596e-23
 2.02853e-41 2.81547e-33 4.72353e-26 9.57922e-20 2.34823e-14 6.95824e-10 2.49233e-06 0.00107909 0.0564754 0.357283 0.274353 0.0623907 0.146779 0.0736621 0.0174838 0.00761806 0.00240292 0.000435165 3.44128e-05 9.6698e-07 7.86108e-09 1.49253e-11 5.50225e-15 3.39275e-19 3.14548e-24
 2.05992e-41 2.85903e-33 4.79662e-26 9.72744e-20 2.38457e-14 7.06591e-10 2.53089e-06 0.00109579 0.0573493 0.362813 0.278717 0.0639505 0.139615 0.0670419 0.0207592 0.00720318 0.00121912 0.000215723 1.83825e-05 4.80465e-07 3.12767e-09 4.29118e-12 1.0844e-15 4.52493e-20 2.86967e-25
 1.77667e-41 2.46591e-33 4.13707e-26 8.3899e-20 2.05668e-14 6.09433e-10 2.18289e-06 0.000945116 0.0494636 0.31293 0.241375 0.079611 0.192544 0.0862972 0.0263496 0.00877143 0.00153101 0.000168442 1.09606e-05 2.75938e-07 1.58454e-09 1.71601e-12 3.1608e-16 9.18235e-21 3.96881e-26
 2.05901e-41 2.85777e-33 4.7945e-26 9.72314e-20 2.38351e-14 7.06279e-10 2.52977e-06 0.00109531 0.0573239 0.362655 0.279029 0.0689513 0.133502 0.0603634 0.026961 0.00855181 0.0014146 0.00014293 6.41103e-06 1.12606e-07 5.44961e-10 4.95944e-13 7.19571e-17 1.55554e-21 4.80777e-27
 1.90146e-41 2.63911e-33 4.42765e-26 8.97918e-20 2.20114e-14 6.52238e-10 2.33621e-06 0.0010115 0.0529378 0.334913 0.258724 0.0844913 0.171274 0.0673949 0.020989 0.00676809 0.00136128 0.000127686 4.83665e-06 5.93081e-08 1.92378e-10 1.31717e-13 1.51539e-17 2.56354e-22 6.00838e-28
 1.98328e-41 2.75267e-33 4.61817e-26 9.36556e-20 2.29586e-14 6.80304e-10 2.43674e-06 0.00105502 0.0552158 0.349326 0.269885 0.0832338 0.151095 0.0596833 0.0233937 0.0060555 0.000956179 9.47794e-05 3.38662e-06 3.31952e-08 7.56525e-11 3.4323e-14 2.73208e-18 3.39527e-23 6.0163e-29
 1.6863e-41 2.34047e-33 3.92662e-26 7.96311e-20 1.95206e-14 5.78432e-10 2.07185e-06 0.000897039 0.0469475 0.297031 0.231639 0.108242 0.205354 0.0749034 0.026767 0.00703417 0.00109639 8.38583e-05 2.68549e-06 2.34993e-08 4.22148e-11 1.37112e-14 7.37489e-19 6.12922e-24 7.44573e-30
 1.54549e-41 2.14503e-33 3.59874e-26 7.29817e-20 1.78906e-14 5.30131e-10 1.89884e-06 0.000822134 0.0430273 0.272241 0.213757 0.117715 0.212758 0.0866405 0.0416268 0.00988408 0.00142264 0.000100773 2.54582e-06 1.79217e-08 2.67226e-11 6.83278e-15 2.70908e-19 1.5811e-24 1.30986e-30
 1.79129e-41 2.48619e-33 4.17109e-26 8.45889e-20 2.0736e-14 6.14445e-10 2.20084e-06 0.000952888 0.0498704 0.315533 0.246483 0.105757 0.165134 0.0691377 0.0356138 0.00989718 0.00152185 9.44211e-05 2.02654e-06 1.10906e-08 1.2517e-11 2.48096e-15 7.61932e-20 3.35346e-25 2.02845e-31
 1.75187e-41 2.43148e-33 4.07932e-26 8.27277e-20 2.02797e-14 6.00926e-10 2.15242e-06 0.000931923 0.0487732 0.30861 0.242834 0.121608 0.17875 0.0632001 0.0264044 0.00753479 0.00126886 8.11427e-05 1.50004e-06 6.55681e-09 5.63098e-12 8.22261e-16 1.86109e-20 6.10712e-26 2.76432e-32
 1.76331e-41 2.44736e-33 4.10595e-26 8.32679e-20 2.04121e-14 6.04849e-10 2.16647e-06 0.000938007 0.0490916 0.31064 0.245454 0.126628 0.171626 0.0630589 0.0258116 0.00581004 0.000881917 5.69453e-05 9.98545e-07 3.6664e-09 2.44387e-12 2.67282e-16 4.42857e-21 1.05033e-26 3.43143e-33
 1.73028e-41 2.40151e-33 4.02903e-26 8.1708e-20 2.00297e-14 5.93518e-10 2.12588e-06 0.000920435 0.048172 0.304848 0.242802 0.137723 0.173655 0.0618719 0.0241094 0.00521554 0.000645743 3.46648e-05 5.50101e-07 1.77847e-09 9.73048e-13 8.22206e-17 1.01568e-21 1.7626e-27 4.16478e-34
 1.82312e-41 2.53037e-33 4.24522e-26 8.60922e-20 2.11045e-14 6.25365e-10 2.23996e-06 0.000969823 0.0507569 0.321218 0.255989 0.135185 0.15409 0.0560524 0.0210369 0.00421517 0.000464591 1.98925e-05 2.47522e-07 6.5901e-10 2.98137e-13 2.0238e-17 1.93799e-22 2.52982e-28 4.40343e-35
 1.78729e-41 2.48064e-33 4.16179e-26 8.44002e-20 2.06897e-14 6.13074e-10 2.19593e-06 0.000950762 0.0497594 0.314952 0.253725 0.14887 0.157481 0.0526327 0.0178709 0.00341186 0.000333259 1.18078e-05 1.12535e-07 2.24433e-10 7.7883e-14 4.12898e-18 3.08571e-23 3.10551e-29 4.10061e-36
 1.80046e-41 2.49892e-33 4.19245e-26 8.50221e-20 2.08422e-14 6.17592e-10 2.21211e-06 0.000957769 0.0501261 0.317315 0.257382 0.153425 0.149971 0.0516002 0.0162823 0.00270188 0.000231017 6.83445e-06 5.08951e-08 7.55302e-11 1.90906e-14 7.40755e-19 4.10996e-24 3.1046e-30 3.08938e-37
 1.80661e-41 2.50745e-33 4.20678e-26 8.53125e-20 2.09134e-14 6.19701e-10 2.21967e-06 0.00096104 0.0502975 0.318458 0.260669 0.16035 0.14447 0.0482011 0.0142446 0.00218676 0.000156188 3.74568e-06 2.19367e-08 2.45922e-11 4.55601e-15 1.27325e-19 5.0585e-25 2.74411e-31 1.97505e-38
 1.81437e-41 2.51822e-33 4.22484e-26 8.5679e-20 2.10032e-14 6.22363e-10 2.2292e-06 0.000965168 0.0505137 0.319896 0.264266 0.165396 0.138128 0.0462476 0.0126994 0.00177412 0.000109207 2.08796e-06 9.37217e-09 7.92285e-12 1.08704e-15 2.21216e-20 6.32052e-26 2.44634e-32 1.25135e-39
 1.75352e-41 2.43378e-33 4.08316e-26 8.28057e-20 2.02988e-14 6.01492e-10 2.15445e-06 0.000932801 0.0488201 0.309301 0.260545 0.179739 0.14087 0.0463299 0.0118656 0.00151392 7.95802e-05 1.22833e-06 4.21623e-09 2.64369e-12 2.6615e-16 3.95039e-21 8.17786e-27 2.27786e-33 8.33625e-41
 1.6732e-41 2.32229e-33 3.89613e-26 7.90126e-20 1.9369e-14 5.73939e-10 2.05576e-06 0.000890072 0.0465844 0.295315 0.255031 0.194564 0.145237 0.0491774 0.0117822 0.00135567 6.07793e-05 7.55273e-07 1.99567e-09 9.32671e-13 6.85394e-17 7.35131e-22 1.09561e-27 2.19339e-34 5.75976e-42
 1.66411e-41 2.30967e-33 3.87495e-26 7.85832e-20 1.92637e-14 5.7082e-10 2.04458e-06 0.000885235 0.0463318 0.293868 0.257537 0.197641 0.140682 0.0501577 0.0116195 0.00122824 4.6636e-05 4.65024e-07 9.4629e-10 3.31072e-13 1.78731e-17 1.39003e-22 1.48921e-28 2.13254e-35 3.99621e-43
#spawning biomass
 6934.02 6673.55 8230.34 10745.5 14793.4 17831.7 16434.8 20335.8 33670 49270.5 60703.9 72857.3 95955.4 121196 117123 107324 98266.8 103839 92261.8 94724.3 91668.2 95531 104501 110112 115721 129305 141948 182462 303994 474025 500985 466292 403672 335286 273069 221740 181893 152199 130698 115449 104800 97439 92360.8 88869.7 86552.5 85014.4 83993.5 83315.9 82866.1 82567.6 82369.4 82237.9 82150.6 82092.6 82054.2 82028.6 82011.7 82000.4 81993 81988 81984.7 81982.6 81981.1 81980.1 81979.5 81979.1 81978.8 81978.6 81978.5 81978.4 81978.3 81978.3 81978.3 81978.3 81978.3 81978.3 81978.3 81978.2 81978.2 81978.2 81978.2 81978.2 81978.2 81978.2 81978.2 81978.2 81978.2 81978.2 81978.2 81978.2 81978.2 81978.2 81978.2 81978.2 81978.2 81978.2 81978.2 81978.2 81978.2 81978.2 81978.2 81978.2 81978.2 81978.2 81978.2 81978.2 81978.2 81978.2 81978.2 81978.2 81978.2 81978.2 81978.2 81978.2 81978.2 81978.2 81978.2 81978.2 81978.2 81978.2 81978.2 81978.2 81978.2 81978.2 81978.2 81978.2 81978.2 81978.2 0 0 0 0 0 0 0 0 0 0 0 0 0 0 0 0 0 0 0 0 0 0 0 0 0
