SBPRF35
0.18548
Curr Bio
163145
B35
190601
F35
0.858679
FOFL
0.858679
OFL
97618.5
Bzero
52994.1
#pred survey bio
 11703.3 13539.2 14957.2 17062.3 18280.6 21372.4 23419.7 27734.2 35720.4 50438.8 61270.6 72363.8 101352 127474 132683 97007.2 93868.1 89486.8 89620.4 84103.3 85820 85595 89769.9 96228.8 111674 114360 107883 98085.8 96675.6 4.58875e+06 4.10461e+06 2.30427e+06 1.25625e+06 781135 570711 471904 421270 393213 376832 366990 360998 357332 355085 353701 352850 352339 352033 351848 351737 351669 351629 351605 351590 351581 351575 351572 351570 351569 351568 351568 351568 351568 351567 351567 351567 351567 351567 351567 351567 351567 351567 351567 351567 351567 351567 351567 351567 351567 351567 351567 351567 351567 351567 351567 351567 351567 351567 351567 351567 351567 351567 351567 351567 351567 351567 351567 351567 351567 351567 351567 351567 351567 351567 351567 351567 351567 351567 351567 351567 351567 351567 351567 351567 351567 351567 351567 351567 351567 351567 351567 351567 351567 351567 351567 351567 351567 351567 351567 351567 0 0 0 0 0 0 0 0 0 0 0 0 0 0 0 0 0 0 0 0 0 0 0 0 0
#obs survey bio
 10258.5 10241.6 14971.2 19775.2 24194.9 19155.8 21528.2 37715.3 44846.2 37416.8 33417.9 93470.1 112320 105946 71748.2 57283.7 111000 96008.3 75544.7 121141 97776.5 108496 114211 168202 159136 111083 79537.2 71664.8 87852.3
#pred catch bio
 4656.04 6575.52 7502.03 10030.6 10567.4 13261.5 15391.1 19728.1 23735.2 36735.5 48600.4 56468.5 81132.3 98911.4 119754 83425.6 84310.1 77883.8 82745.2 76966 81747.9 81533.3 86223.9 88444.6 107282 115097 111497 103685 29576.5 97618.5 93282.6 41967.8 19229.4 10810.9 8013.38 7147.19 6891.74 6818.97 6798.77 6793.26 6791.78 6791.39 6791.28 6791.26 6791.25 6791.25 6791.25 6791.25 6791.25 6791.25 6791.25 6791.25 6791.25 6791.25 6791.25 6791.25 6791.25 6791.25 6791.25 6791.25 6791.25 6791.25 6791.25 6791.25 6791.25 6791.25 6791.25 6791.25 6791.25 6791.25 6791.25 6791.25 6791.25 6791.25 6791.25 6791.25 6791.25 6791.25 6791.25 6791.25 6791.25 6791.25 6791.25 6791.25 6791.25 6791.25 6791.25 6791.25 6791.25 6791.25 6791.25 6791.25 6791.25 6791.25 6791.25 6791.25 6791.25 6791.25 6791.25 6791.25 6791.25 6791.25 6791.25 6791.25 6791.25 6791.25 6791.25 6791.25 6791.25 6791.25 6791.25 6791.25 6791.25 6791.25 6791.25 6791.25 6791.25 6791.25 6791.25 6791.25 6791.25 6791.25 6791.25 6791.25 6791.25 6791.25 6791.25 6791.25 6791.25 0 0 0 0 0 0 0 0 0 0 0 0 0 0 0 0 0 0 0 0 0 0 0 0 0
#obs catch bio
 6928.49 6717.6 7596.17 10191.9 10577.9 13184 15779.3 19841.2 23159.5 36479.4 49499.2 56212.7 79518.2 98243.8 124981 86075.5 83492.3 76171.3 82228.7 74851.3 79652.6 79823.8 83432.8 84568.5 100110 111114 111503 105137 28994.1
#pred cpue bio
 11653.7 13276.2 14604.2 16763.2 17583.8 20894.5 22608 26045.1 33264.9 47528.2 58163.9 66477.6 92549.7 120896 130385 92827.2 88390 84811.5 84626.3 78667.7 79864.6 78938 82638.1 87754.8 103001 105535 99218.5 90189.1 85238.8 4.58692e+06 4.46294e+06 2.32622e+06 1.25683e+06 780592 570109 471298 420664 392608 376226 366384 360392 356727 354480 353096 352244 351734 351427 351242 351131 351064 351023 350999 350984 350975 350970 350967 350965 350964 350963 350962 350962 350962 350962 350962 350962 350962 350962 350962 350962 350962 350962 350962 350962 350962 350962 350962 350962 350962 350962 350962 350962 350962 350962 350962 350962 350962 350962 350962 350962 350962 350962 350962 350962 350962 350962 350962 350962 350962 350962 350962 350962 350962 350962 350962 350962 350962 350962 350962 350962 350962 350962 350962 350962 350962 350962 350962 350962 350962 350962 350962 350962 350962 350962 350962 350962 350962 350962 350962 350962 0 0 0 0 0 0 0 0 0 0 0 0 0 0 0 0 0 0 0 0 0 0 0 0 0
#obs cpue bio
 9514.09 11085 11232.8 15486.5 13139.5 26961.5 12861 23380.7 44043.5 56882.1 68156.7 74394.8 106615 129417 120874 96695.8 107680 113677 103564 97576.9 100325 84858.9 118181 108850 237121 142633 119337 115802 122514
#pred surv len freq
 2.562e-27 2.58503e-27 3.00203e-26 5.79303e-20 1.42009e-14 4.20799e-10 1.50723e-06 0.000652573 0.0341533 0.216064 0.165655 0.0423091 0.205652 0.189783 0.0400771 0.0439427 0.018179 0.0130914 0.00785897 0.00586463 0.00453692 0.00388084 0.00385848 0.00340326 0.00103699
 2.5625e-27 2.58675e-27 3.18449e-26 6.17804e-20 1.51447e-14 4.48765e-10 1.6074e-06 0.000695944 0.0364232 0.230423 0.176571 0.0392331 0.174576 0.161965 0.0508608 0.0754572 0.0264421 0.0123245 0.00558071 0.00317643 0.00200364 0.00146466 0.00128764 0.00113424 0.000378518
 2.56323e-27 2.58856e-27 3.32362e-26 6.47147e-20 1.5864e-14 4.7008e-10 1.68375e-06 0.000728998 0.0381531 0.241367 0.184954 0.0408831 0.181242 0.167558 0.0416928 0.0533461 0.0229146 0.0167888 0.00593698 0.00216605 0.000938666 0.000524477 0.000380618 0.00031431 0.000108532
 2.56295e-27 2.58771e-27 3.24196e-26 6.29917e-20 1.54417e-14 4.57564e-10 1.63892e-06 0.000709588 0.0371373 0.234941 0.180059 0.041674 0.1907 0.176266 0.0429299 0.0538024 0.0203941 0.0119482 0.00569547 0.0025679 0.000696718 0.000237513 0.000122598 8.68474e-05 2.96552e-05
 2.56455e-27 2.59193e-27 3.60232e-26 7.05935e-20 1.73051e-14 5.12782e-10 1.8367e-06 0.000795221 0.041619 0.263293 0.201708 0.0416076 0.174985 0.161598 0.0373464 0.0447033 0.0167505 0.00940447 0.00373957 0.00163905 0.000601292 0.000142093 3.91603e-05 1.99837e-05 6.38579e-06
 2.56373e-27 2.5896e-27 3.38589e-26 6.60272e-20 1.61858e-14 4.79613e-10 1.71789e-06 0.000743783 0.0389269 0.246263 0.188726 0.0430651 0.195197 0.180099 0.0379206 0.0413126 0.0150647 0.00789015 0.00305526 0.00120379 0.000391877 0.000111211 2.035e-05 5.29049e-06 1.41448e-06
 2.56449e-27 2.59168e-27 3.57034e-26 6.99184e-20 1.71397e-14 5.07879e-10 1.81914e-06 0.000787617 0.041221 0.260776 0.199798 0.0423971 0.182336 0.168295 0.0370164 0.0421825 0.0147189 0.00672474 0.00247254 0.00091585 0.000272423 6.95191e-05 1.31879e-05 1.8217e-06 3.07731e-07
 2.56624e-27 2.5963e-27 3.96693e-26 7.82844e-20 1.91905e-14 5.68648e-10 2.0368e-06 0.000881858 0.0461533 0.291978 0.223621 0.0422522 0.164495 0.151607 0.0300051 0.0303708 0.0108015 0.00523839 0.00179664 0.000589818 0.000162314 3.74922e-05 6.48926e-06 7.31561e-07 6.34727e-08
 2.56688e-27 2.59788e-27 4.0921e-26 8.09244e-20 1.98376e-14 5.87825e-10 2.10549e-06 0.000911597 0.0477097 0.301825 0.231152 0.0430317 0.165136 0.151969 0.0259222 0.0209107 0.00705702 0.0029115 0.00101874 0.00034021 8.29516e-05 1.71888e-05 2.65026e-06 2.63337e-07 1.47334e-08
 2.56627e-27 2.59623e-27 3.94737e-26 7.78711e-20 1.90892e-14 5.65646e-10 2.02605e-06 0.000877202 0.0459096 0.290437 0.222461 0.0433338 0.173541 0.159778 0.0282748 0.0242854 0.00769237 0.00237541 0.000743924 0.000221713 5.50287e-05 1.04326e-05 1.40415e-06 1.21961e-07 5.46263e-09
 2.56592e-27 2.59527e-27 3.86011e-26 7.60303e-20 1.86379e-14 5.52275e-10 1.97816e-06 0.000856466 0.0448243 0.283571 0.217226 0.0437898 0.180689 0.166326 0.0285586 0.0232903 0.00748516 0.00248158 0.000698666 0.000159703 3.41313e-05 6.23403e-06 7.73313e-07 5.78301e-08 2.20357e-09
 2.56757e-27 2.59972e-27 4.25026e-26 8.42607e-20 2.06555e-14 6.1206e-10 2.19229e-06 0.00094918 0.0496767 0.314268 0.240651 0.0428937 0.157411 0.144788 0.0237181 0.0176606 0.00559551 0.00174403 0.000500657 0.000116739 1.99688e-05 2.92816e-06 3.34222e-07 2.26736e-08 7.38843e-10
 2.5679e-27 2.60056e-27 4.32039e-26 8.574e-20 2.10181e-14 6.22805e-10 2.23078e-06 0.000965844 0.0505488 0.319785 0.244867 0.0430383 0.15555 0.142994 0.0220016 0.0141881 0.0043968 0.00123029 0.000340742 7.61226e-05 1.32795e-05 1.67777e-06 1.48525e-07 8.94168e-09 2.59466e-10
 2.56617e-27 2.59582e-27 3.89677e-26 7.68032e-20 1.88274e-14 5.57889e-10 1.99826e-06 0.000865172 0.04528 0.286454 0.21944 0.0446362 0.185574 0.170627 0.025592 0.0154125 0.00465174 0.00110667 0.000288961 5.85287e-05 9.70021e-06 1.20809e-06 9.4234e-08 4.4144e-09 1.10898e-10
 2.56403e-27 2.59008e-27 3.39687e-26 6.62576e-20 1.62423e-14 4.81287e-10 1.72389e-06 0.000746378 0.0390627 0.247122 0.189421 0.0454706 0.213015 0.196112 0.0330375 0.025975 0.00780375 0.00172237 0.000423917 7.3897e-05 1.10952e-05 1.2754e-06 9.56083e-08 3.91527e-09 7.76262e-11
 2.56564e-27 2.59441e-27 3.77607e-26 7.42572e-20 1.82032e-14 5.39395e-10 1.93202e-06 0.000836492 0.043779 0.276958 0.212191 0.0447027 0.191174 0.175856 0.0276198 0.0187353 0.00587864 0.0017458 0.000440349 7.09747e-05 9.45634e-06 9.44193e-07 6.41233e-08 2.4646e-09 4.22096e-11
 2.56647e-27 2.59668e-27 3.9766e-26 7.84875e-20 1.92403e-14 5.70123e-10 2.04209e-06 0.000884145 0.046273 0.292736 0.224229 0.0441182 0.178268 0.163949 0.025566 0.0170378 0.00519527 0.00130762 0.000351337 7.25014e-05 9.58839e-06 8.52154e-07 4.94507e-08 1.69294e-09 2.66596e-11
 2.56625e-27 2.596e-27 3.91068e-26 7.70967e-20 1.88993e-14 5.60021e-10 2.0059e-06 0.000868478 0.045453 0.287549 0.220279 0.0448067 0.186282 0.17123 0.0247737 0.0133955 0.00405373 0.000998497 0.000254043 4.67792e-05 7.23867e-06 7.26612e-07 3.83206e-08 1.11634e-09 1.54709e-11
 2.56638e-27 2.59639e-27 3.94805e-26 7.78852e-20 1.90926e-14 5.65748e-10 2.02641e-06 0.00087736 0.0459179 0.290489 0.222518 0.0444166 0.181741 0.167111 0.0253522 0.0157438 0.00464431 0.000917049 0.000223235 3.97055e-05 5.58772e-06 5.8221e-07 3.5651e-08 9.84438e-10 1.16616e-11
 2.5669e-27 2.59778e-27 4.06759e-26 8.04068e-20 1.97108e-14 5.84065e-10 2.09202e-06 0.000905766 0.0474045 0.299894 0.229699 0.0443793 0.176411 0.162113 0.0230138 0.0116739 0.00348919 0.000794321 0.00018786 2.75192e-05 3.65075e-06 3.53369e-07 2.14791e-08 6.68564e-10 7.75217e-12
 2.56714e-27 2.59844e-27 4.1256e-26 8.16305e-20 2.00107e-14 5.92954e-10 2.12386e-06 0.000919551 0.048126 0.304458 0.233182 0.044209 0.172669 0.158662 0.022454 0.0112605 0.00328104 0.000607184 0.000142875 2.33214e-05 2.79417e-06 2.34236e-07 1.32167e-08 4.04575e-10 5.11061e-12
 2.56759e-27 2.59962e-27 4.22848e-26 8.38008e-20 2.05427e-14 6.08718e-10 2.18033e-06 0.000943998 0.0494055 0.312553 0.23936 0.0440624 0.167213 0.153588 0.0208449 0.00886869 0.00256851 0.000469181 0.000104938 1.44179e-05 1.78543e-06 1.49749e-07 7.25697e-09 2.02005e-10 2.50234e-12
 2.56767e-27 2.59985e-27 4.24863e-26 8.42257e-20 2.06469e-14 6.11805e-10 2.19138e-06 0.000948785 0.049656 0.314138 0.24057 0.0440411 0.1662 0.152646 0.0205373 0.00840234 0.00239343 0.000373459 8.02342e-05 1.07481e-05 1.18959e-06 9.19633e-08 4.51656e-09 1.11353e-10 1.23782e-12
 2.56808e-27 2.60096e-27 4.34663e-26 8.62933e-20 2.11538e-14 6.26824e-10 2.24518e-06 0.000972076 0.0508749 0.321849 0.246453 0.043724 0.159654 0.14661 0.0195654 0.00770525 0.00218512 0.000328538 6.78181e-05 7.88349e-06 8.2971e-07 5.93259e-08 2.61271e-09 6.31285e-11 6.38391e-13
 2.56758e-27 2.5996e-27 4.22672e-26 8.37637e-20 2.05337e-14 6.08449e-10 2.17936e-06 0.000943581 0.0493836 0.312415 0.239254 0.0440495 0.167189 0.153573 0.0209715 0.00915766 0.00259838 0.000377287 7.66315e-05 8.54819e-06 8.24063e-07 5.24397e-08 2.13914e-09 4.64984e-11 4.47374e-13
 2.56757e-27 2.59957e-27 4.22312e-26 8.36876e-20 2.0515e-14 6.07896e-10 2.17738e-06 0.000942723 0.0493387 0.312131 0.239039 0.0441677 0.168239 0.154515 0.0206478 0.00818409 0.0023339 0.000372617 7.72144e-05 8.33725e-06 7.79916e-07 4.61407e-08 1.66557e-09 3.28158e-11 2.85664e-13
 2.56775e-27 2.60004e-27 4.2625e-26 8.45182e-20 2.07186e-14 6.1393e-10 2.19899e-06 0.000952081 0.0498285 0.315229 0.241406 0.0441989 0.166814 0.153165 0.0197578 0.00649439 0.00182449 0.000266539 5.48065e-05 6.43322e-06 6.07736e-07 3.46618e-08 1.17425e-09 2.06011e-11 1.60219e-13
 2.56778e-27 2.6001e-27 4.26665e-26 8.46059e-20 2.07401e-14 6.14567e-10 2.20127e-06 0.000953068 0.0498801 0.315556 0.241657 0.0442885 0.167319 0.153607 0.0194013 0.00556948 0.00153581 0.000190367 3.65752e-05 3.97536e-06 3.82584e-07 2.31261e-08 7.67311e-10 1.26633e-11 8.845e-14
 2.56943e-27 2.60463e-27 4.67057e-26 9.31269e-20 2.28289e-14 6.76462e-10 2.42297e-06 0.00104906 0.0549038 0.347336 0.265901 0.0428233 0.139136 0.127658 0.0158756 0.00406236 0.00110545 0.000122468 2.19803e-05 2.04794e-06 1.79714e-07 1.04212e-08 3.62511e-10 6.01069e-12 3.97331e-14
#obs surv len freq
 1.247e-41 1.73075e-33 2.9037e-26 5.88864e-20 1.44353e-14 4.27745e-10 1.53211e-06 0.000663352 0.0347172 0.219632 0.168442 0.0417503 0.170482 0.142709 0.0892314 0.0844592 0.0332583 0.0119738 0.00240366 0.000264886 1.18575e-05 1.58533e-07 4.79876e-10 2.68782e-13 2.43696e-17
 1.55874e-41 2.16343e-33 3.62961e-26 7.36077e-20 1.80441e-14 5.34678e-10 1.91513e-06 0.000829186 0.0433963 0.274538 0.210401 0.0426336 0.141989 0.113176 0.0742844 0.064807 0.0244193 0.00796319 0.00142268 0.000134142 4.89874e-06 5.07665e-08 1.14383e-10 4.64214e-14 3.00091e-18
 1.29208e-41 1.79332e-33 3.00866e-26 6.10151e-20 1.49571e-14 4.43207e-10 1.5875e-06 0.00068733 0.0359721 0.227572 0.174779 0.0517502 0.204032 0.149985 0.0732368 0.0553615 0.0198447 0.00579989 0.000904804 7.13058e-05 2.08729e-06 1.66413e-08 2.78927e-11 8.22514e-15 3.8052e-19
 1.56064e-41 2.16607e-33 3.63402e-26 7.36973e-20 1.8066e-14 5.35329e-10 1.91746e-06 0.000830195 0.0434491 0.274873 0.21083 0.0473978 0.149638 0.109471 0.0845384 0.0593558 0.0154578 0.00363741 0.000488307 3.15603e-05 7.24877e-07 4.38238e-09 5.43276e-12 1.16378e-15 3.86253e-20
 1.54202e-41 2.14022e-33 3.59066e-26 7.2818e-20 1.78505e-14 5.28942e-10 1.89458e-06 0.000820289 0.0429307 0.271594 0.208569 0.0554053 0.180228 0.118777 0.0634782 0.0412428 0.0138499 0.00282391 0.000264943 1.32207e-05 2.33759e-07 1.05384e-09 9.55106e-13 1.4779e-16 3.51414e-21
 1.34854e-41 1.87169e-33 3.14015e-26 6.36816e-20 1.56108e-14 4.62576e-10 1.65687e-06 0.000717369 0.0375442 0.237519 0.182795 0.0612096 0.205383 0.131117 0.0836087 0.0467293 0.0110481 0.00212601 0.000195152 6.9045e-06 8.55338e-08 2.80182e-10 1.83229e-13 2.02813e-17 3.43325e-22
 1.56354e-41 2.1701e-33 3.64079e-26 7.38344e-20 1.80996e-14 5.36325e-10 1.92103e-06 0.000831739 0.0435299 0.275386 0.211679 0.0580306 0.165411 0.104976 0.0835189 0.0442061 0.010709 0.00160331 0.000112631 3.46939e-06 3.12874e-08 6.88496e-11 3.11799e-14 2.43068e-18 2.90318e-23
 1.72753e-41 2.3977e-33 4.02264e-26 8.15784e-20 1.9998e-14 5.92576e-10 2.12251e-06 0.000918975 0.0480955 0.30427 0.233939 0.0627668 0.163396 0.092899 0.0570191 0.0280865 0.00748394 0.00105965 6.12718e-05 1.37324e-06 9.54313e-09 1.5317e-11 4.67626e-15 2.44665e-19 2.0037e-24
 1.65529e-41 2.29743e-33 3.85442e-26 7.81668e-20 1.91617e-14 5.67795e-10 2.03375e-06 0.000880544 0.0460842 0.291548 0.22463 0.0712528 0.18483 0.0980681 0.0552592 0.0223984 0.00444312 0.000572166 3.13104e-05 5.66259e-07 2.81646e-09 3.23765e-12 7.10735e-16 2.57571e-20 1.42025e-25
 1.53607e-41 2.13197e-33 3.57681e-26 7.25371e-20 1.77816e-14 5.26902e-10 1.88728e-06 0.000817125 0.0427651 0.270553 0.209039 0.0785426 0.199689 0.104586 0.0662074 0.0236156 0.00381047 0.000358559 1.4992e-05 2.31743e-07 9.15877e-10 7.55435e-13 1.15144e-16 2.92167e-21 1.12994e-26
 1.46498e-41 2.03329e-33 3.41126e-26 6.91798e-20 1.69586e-14 5.02515e-10 1.79993e-06 0.000779306 0.0407858 0.258034 0.199915 0.0841905 0.203891 0.107492 0.0753228 0.0252089 0.00405741 0.000311947 9.21755e-06 1.00098e-07 3.02839e-10 1.92888e-13 2.14884e-17 3.81206e-22 1.01656e-27
 1.88094e-41 2.61061e-33 4.37985e-26 8.88224e-20 2.17738e-14 6.45197e-10 2.31099e-06 0.00100058 0.0523663 0.331295 0.255469 0.0728796 0.140562 0.0738117 0.0530033 0.0167181 0.00269842 0.000189514 4.68456e-06 3.59113e-08 7.25994e-11 3.24933e-14 2.66033e-18 3.46935e-23 6.64141e-29
 1.56704e-41 2.17495e-33 3.64893e-26 7.39997e-20 1.81401e-14 5.37526e-10 1.92533e-06 0.000833601 0.0436274 0.276021 0.214971 0.102372 0.214137 0.0904226 0.0432125 0.0123584 0.00191515 0.000123788 2.74882e-06 1.71801e-08 2.50887e-11 7.48825e-15 4.08863e-19 3.68723e-24 5.02725e-30
 1.27583e-41 1.77076e-33 2.97082e-26 6.02476e-20 1.4769e-14 4.37632e-10 1.56753e-06 0.000678686 0.0355197 0.224739 0.176906 0.113811 0.233477 0.118973 0.0773379 0.0167687 0.00169363 9.11538e-05 1.77285e-06 9.39588e-09 1.09802e-11 2.42784e-15 9.16928e-20 5.51756e-25 5.01424e-31
 1.15209e-41 1.59902e-33 2.68269e-26 5.44044e-20 1.33366e-14 3.95188e-10 1.4155e-06 0.000612862 0.0320748 0.202954 0.161046 0.117691 0.227727 0.134709 0.0970335 0.0233661 0.00268133 0.000101869 1.34671e-06 5.62419e-09 5.29291e-12 9.17211e-16 2.61104e-20 1.13545e-25 7.188e-32
 1.55504e-41 2.15829e-33 3.62098e-26 7.34327e-20 1.80012e-14 5.33408e-10 1.91058e-06 0.000827215 0.0432932 0.273923 0.214525 0.100667 0.165366 0.104742 0.074635 0.0194494 0.00246921 9.91898e-05 1.13001e-06 3.18284e-09 2.08595e-12 2.70999e-16 5.87503e-21 1.92441e-26 9.01068e-33
 1.40811e-41 1.95437e-33 3.27886e-26 6.64946e-20 1.63004e-14 4.8301e-10 1.73006e-06 0.000749058 0.0392028 0.248075 0.197812 0.135895 0.215053 0.0970725 0.0515059 0.012949 0.0016171 6.70442e-05 7.66674e-07 1.92241e-09 9.33698e-13 8.17162e-17 1.21849e-21 2.86669e-27 9.85298e-34
 1.463e-41 2.03055e-33 3.40667e-26 6.90867e-20 1.69358e-14 5.01838e-10 1.7975e-06 0.000778257 0.0407309 0.257753 0.205547 0.13013 0.190187 0.107458 0.0567821 0.00970149 0.000896978 3.37401e-05 3.63574e-07 8.51465e-10 3.64145e-13 2.55008e-17 2.75437e-22 4.42969e-28 1.03362e-34
 1.44141e-41 2.00058e-33 3.35638e-26 6.80668e-20 1.66858e-14 4.9443e-10 1.77097e-06 0.000766768 0.0401297 0.253979 0.204745 0.144418 0.195695 0.101421 0.049071 0.00904569 0.000709219 1.79878e-05 1.49385e-07 2.99008e-10 1.10671e-13 6.58505e-18 5.82321e-23 7.29763e-29 1.259e-35
 1.55587e-41 2.15944e-33 3.62291e-26 7.34719e-20 1.80108e-14 5.33692e-10 1.9116e-06 0.000827656 0.0433164 0.274158 0.220866 0.141494 0.175261 0.095169 0.0417865 0.00663672 0.000472669 1.06002e-05 6.32235e-08 8.80187e-11 2.47732e-14 1.17897e-18 8.42059e-24 8.46458e-30 1.15401e-36
 1.51037e-41 2.0963e-33 3.51697e-26 7.13235e-20 1.74841e-14 5.18086e-10 1.8557e-06 0.000803454 0.0420499 0.266198 0.21794 0.160442 0.184406 0.0889063 0.034018 0.0049339 0.000295137 5.44859e-06 2.68099e-08 2.80762e-11 5.45608e-15 1.80654e-19 9.41106e-25 7.14797e-31 7.47991e-38
 1.55043e-41 2.15189e-33 3.61024e-26 7.32149e-20 1.79478e-14 5.31826e-10 1.90491e-06 0.000824762 0.0431651 0.273292 0.224793 0.16036 0.172668 0.0898687 0.0310561 0.00377819 0.000188994 2.87154e-06 1.11184e-08 9.05144e-12 1.33367e-15 3.17933e-20 1.14615e-25 5.99323e-32 4.39848e-39
 1.55871e-41 2.16338e-33 3.62952e-26 7.3606e-20 1.80436e-14 5.34666e-10 1.91509e-06 0.000829167 0.0433958 0.274821 0.228958 0.171166 0.170248 0.082138 0.0254647 0.00285804 0.000117789 1.39068e-06 4.16033e-09 2.57476e-12 2.8393e-16 5.0306e-21 1.33201e-26 5.00866e-33 2.58436e-40
 1.59344e-41 2.21159e-33 3.7104e-26 7.52461e-20 1.84457e-14 5.4658e-10 1.95776e-06 0.000847643 0.044363 0.28101 0.235986 0.174017 0.162048 0.0780745 0.0214807 0.00209742 7.39788e-05 7.16395e-07 1.63304e-09 7.47697e-13 6.07189e-17 7.88253e-22 1.52117e-27 4.1566e-34 1.55424e-41
 1.58472e-41 2.19949e-33 3.69009e-26 7.48344e-20 1.83448e-14 5.43589e-10 1.94705e-06 0.000843004 0.0441205 0.279587 0.238696 0.184346 0.160212 0.0727342 0.0178616 0.0015522 4.54902e-05 3.55264e-07 6.37246e-10 2.20574e-13 1.30801e-17 1.22266e-22 1.69558e-28 3.3302e-35 8.94473e-43
 1.37515e-41 1.90862e-33 3.20211e-26 6.49382e-20 1.59188e-14 4.71704e-10 1.68957e-06 0.000731525 0.0382869 0.242908 0.219075 0.216749 0.182896 0.0807261 0.0173176 0.00127678 3.09242e-05 1.93556e-07 2.68285e-10 7.03789e-14 3.11322e-18 2.1303e-23 2.1268e-29 2.9775e-36 5.68068e-44
 1.40441e-41 1.94922e-33 3.27022e-26 6.63195e-20 1.62574e-14 4.81738e-10 1.72551e-06 0.000747086 0.0391017 0.248164 0.224139 0.205546 0.176338 0.0876584 0.0171902 0.00109327 2.13864e-05 1.04695e-07 1.11333e-10 2.19687e-14 7.19344e-19 3.61013e-24 2.62615e-30 2.66018e-37 3.64443e-45
 1.46286e-41 2.03036e-33 3.40634e-26 6.90799e-20 1.69341e-14 5.0179e-10 1.79733e-06 0.000778182 0.0407291 0.258445 0.231362 0.202773 0.169547 0.0790957 0.0161674 0.0010808 1.95766e-05 8.24848e-08 7.2823e-11 1.17686e-14 3.14012e-19 1.27861e-24 7.51408e-31 6.13115e-38 6.75495e-46
 1.46288e-41 2.03038e-33 3.40638e-26 6.90806e-20 1.69343e-14 5.01795e-10 1.79735e-06 0.00077819 0.0407295 0.258447 0.231365 0.202778 0.169636 0.0792724 0.015964 0.00101157 1.70125e-05 6.51544e-08 5.14244e-11 7.34818e-15 1.72044e-19 6.1172e-25 3.12829e-31 2.21559e-38 2.11484e-46
#pred catch len freq
 2.55951e-27 2.57822e-27 2.39671e-26 4.51604e-20 1.10705e-14 3.2804e-10 1.17498e-06 0.000508723 0.0266247 0.168436 0.129319 0.0443459 0.24668 0.227568 0.0453989 0.0465797 0.0191567 0.0136665 0.00819239 0.00610962 0.00472587 0.00404238 0.00401908 0.00354491 0.00108015
 2.56037e-27 2.58095e-27 2.67098e-26 5.09476e-20 1.24892e-14 3.70077e-10 1.32555e-06 0.000573914 0.0300366 0.19002 0.145744 0.0408041 0.208189 0.192967 0.0560505 0.0794946 0.0277544 0.012797 0.00578503 0.00329013 0.00207505 0.00151683 0.0013335 0.00117463 0.000391998
 2.56111e-27 2.58278e-27 2.81048e-26 5.38894e-20 1.32103e-14 3.91446e-10 1.40209e-06 0.000607053 0.031771 0.200993 0.154151 0.0425839 0.215826 0.199422 0.0464227 0.0561255 0.0239645 0.0174008 0.006147 0.00224046 0.000970722 0.000542369 0.000393601 0.000325031 0.000112234
 2.56124e-27 2.58304e-27 2.82412e-26 5.41769e-20 1.32808e-14 3.93534e-10 1.40957e-06 0.000610292 0.0319405 0.202065 0.15498 0.0432388 0.220229 0.203441 0.0464095 0.0548959 0.0207092 0.0120105 0.00571676 0.00257567 0.000698714 0.00023818 0.000122942 8.70908e-05 2.97383e-05
 2.56276e-27 2.58705e-27 3.16736e-26 6.14175e-20 1.50558e-14 4.46129e-10 1.59796e-06 0.000691855 0.0362092 0.22907 0.1756 0.0431684 0.205206 0.189422 0.0411269 0.0463233 0.0172754 0.00960084 0.00381241 0.00166951 0.000612366 0.000144705 3.98796e-05 2.03508e-05 6.50309e-06
 2.56213e-27 2.58521e-27 2.99305e-26 5.77397e-20 1.41542e-14 4.19414e-10 1.50227e-06 0.000650426 0.0340409 0.215353 0.165148 0.0446049 0.223481 0.206115 0.0410063 0.0417982 0.0151718 0.00786387 0.00304077 0.00119703 0.000389605 0.000110562 2.02309e-05 5.25954e-06 1.40621e-06
 2.56311e-27 2.58788e-27 3.22969e-26 6.2732e-20 1.5378e-14 4.55678e-10 1.63216e-06 0.000706663 0.0369842 0.233973 0.179353 0.0437665 0.207121 0.191086 0.0396034 0.0423416 0.0147149 0.00665083 0.00244165 0.00090358 0.000268724 6.85719e-05 1.30081e-05 1.79686e-06 3.03536e-07
 2.56519e-27 2.5934e-27 3.70593e-26 7.27782e-20 1.78407e-14 5.28651e-10 1.89354e-06 0.000819831 0.042907 0.271442 0.207957 0.0433617 0.183943 0.169479 0.0318242 0.0300161 0.0106278 0.00509979 0.00174668 0.000572858 0.000157616 3.64051e-05 6.30104e-06 7.10341e-07 6.16317e-08
 2.56553e-27 2.59418e-27 3.76091e-26 7.39374e-20 1.81249e-14 5.37072e-10 1.9237e-06 0.000832889 0.0435904 0.275765 0.211274 0.0443435 0.189084 0.173993 0.0284687 0.0211727 0.00711442 0.00290306 0.00101416 0.000338364 8.24856e-05 1.70912e-05 2.63519e-06 2.6184e-07 1.46496e-08
 2.56526e-27 2.59345e-27 3.69725e-26 7.25946e-20 1.77957e-14 5.27318e-10 1.88876e-06 0.000817763 0.0427987 0.270757 0.207451 0.0444074 0.192257 0.176973 0.029955 0.0237865 0.00750858 0.00229239 0.000716547 0.000213336 5.29385e-05 1.00357e-05 1.35073e-06 1.17321e-07 5.25478e-09
 2.56529e-27 2.59351e-27 3.70053e-26 7.26636e-20 1.78126e-14 5.27819e-10 1.89056e-06 0.000818541 0.0428395 0.271015 0.20765 0.0445855 0.193472 0.178048 0.0293095 0.0220486 0.00705971 0.00231424 0.000650459 0.000148519 3.17331e-05 5.79563e-06 7.18923e-07 5.37626e-08 2.04858e-09
 2.5669e-27 2.59785e-27 4.08162e-26 8.0703e-20 1.97834e-14 5.86216e-10 2.09973e-06 0.000909102 0.0475791 0.300999 0.230531 0.0436665 0.170402 0.156714 0.0247051 0.0169074 0.00533667 0.00164456 0.00047125 0.000109764 1.87713e-05 2.75235e-06 3.14149e-07 2.13119e-08 6.94469e-10
 2.56733e-27 2.59898e-27 4.1782e-26 8.27403e-20 2.02828e-14 6.01015e-10 2.15274e-06 0.000932053 0.0487803 0.308598 0.236334 0.0437013 0.16659 0.153126 0.0227939 0.0134428 0.00414961 0.00114792 0.000317308 7.08094e-05 1.23495e-05 1.56017e-06 1.38112e-07 8.31476e-09 2.41275e-10
 2.56538e-27 2.59364e-27 3.70033e-26 7.2659e-20 1.78115e-14 5.27786e-10 1.89044e-06 0.000818489 0.0428367 0.270997 0.207652 0.0455091 0.200499 0.184333 0.0268081 0.0147347 0.00443041 0.00104202 0.000271475 5.49248e-05 9.10053e-06 1.13332e-06 8.84001e-08 4.1411e-09 1.04032e-10
 2.56412e-27 2.5903e-27 3.41272e-26 6.6592e-20 1.63242e-14 4.83716e-10 1.73259e-06 0.000750145 0.0392599 0.248369 0.190377 0.0457338 0.214346 0.197266 0.0319084 0.0231082 0.00692202 0.00151043 0.00037089 6.45786e-05 9.69326e-06 1.11415e-06 8.3519e-08 3.42019e-09 6.78105e-11
 2.5654e-27 2.59373e-27 3.71288e-26 7.2924e-20 1.78764e-14 5.29711e-10 1.89734e-06 0.000821474 0.042993 0.271986 0.208401 0.0451512 0.19725 0.181403 0.0275149 0.0170974 0.00534375 0.001569 0.00039507 6.36035e-05 8.47164e-06 8.45795e-07 5.74397e-08 2.20771e-09 3.78099e-11
 2.56649e-27 2.59671e-27 3.97631e-26 7.84812e-20 1.92387e-14 5.70078e-10 2.04192e-06 0.000884074 0.0462693 0.292712 0.224215 0.0443312 0.179899 0.165404 0.0249247 0.0152074 0.00462049 0.00114971 0.000308248 6.35397e-05 8.40119e-06 7.46573e-07 4.33229e-08 1.48315e-09 2.33559e-11
 2.56605e-27 2.59544e-27 3.85824e-26 7.59903e-20 1.86281e-14 5.51984e-10 1.97711e-06 0.000856015 0.0448008 0.283422 0.217134 0.0451604 0.191184 0.175707 0.0247301 0.0121678 0.00366685 0.000892925 0.000226702 4.16969e-05 6.45041e-06 6.47436e-07 3.41443e-08 9.94675e-10 1.37848e-11
 2.56655e-27 2.59685e-27 3.98643e-26 7.86947e-20 1.92911e-14 5.71628e-10 2.04748e-06 0.000886479 0.0463951 0.293509 0.224825 0.0444771 0.18058 0.165998 0.0243939 0.0138385 0.00406851 0.000794306 0.000192853 3.4262e-05 4.82029e-06 5.02204e-07 3.07513e-08 8.4914e-10 1.00588e-11
 2.56699e-27 2.59801e-27 4.08615e-26 8.07982e-20 1.98067e-14 5.86908e-10 2.10221e-06 0.000910175 0.0476353 0.301354 0.230815 0.0444587 0.176232 0.161915 0.0224 0.0103233 0.00307241 0.000691499 0.000163183 2.38764e-05 3.16642e-06 3.06462e-07 1.86275e-08 5.79802e-10 6.72295e-12
 2.56747e-27 2.59932e-27 4.20283e-26 8.32597e-20 2.04101e-14 6.04788e-10 2.16625e-06 0.000937904 0.0490865 0.310535 0.237819 0.0440703 0.168355 0.154659 0.0213359 0.00971874 0.00282062 0.000516138 0.000121118 1.97471e-05 2.36523e-06 1.98258e-07 1.11864e-08 3.42425e-10 4.32552e-12
 2.56789e-27 2.60043e-27 4.29974e-26 8.53039e-20 2.09112e-14 6.19637e-10 2.21944e-06 0.000960931 0.0502917 0.318159 0.243639 0.0439102 0.163048 0.14973 0.0198889 0.00765992 0.00220831 0.000398876 8.89718e-05 1.22098e-05 1.51146e-06 1.26758e-07 6.1427e-09 1.70987e-10 2.11811e-12
 2.56802e-27 2.60079e-27 4.33078e-26 8.59588e-20 2.10718e-14 6.24394e-10 2.23647e-06 0.000968308 0.0506777 0.320601 0.245502 0.0438406 0.161209 0.148028 0.019509 0.00722012 0.00204737 0.000315973 6.7669e-05 9.05417e-06 1.00176e-06 7.74344e-08 3.80292e-09 9.37578e-11 1.04223e-12
 2.56816e-27 2.60117e-27 4.36421e-26 8.66641e-20 2.12447e-14 6.29517e-10 2.25482e-06 0.000976253 0.0510936 0.323232 0.24751 0.0437529 0.159131 0.146108 0.0191152 0.00680538 0.00192096 0.00028569 5.87821e-05 6.82506e-06 7.18027e-07 5.13348e-08 2.26073e-09 5.46235e-11 5.52384e-13
 2.56793e-27 2.60056e-27 4.31085e-26 8.55384e-20 2.09687e-14 6.2134e-10 2.22554e-06 0.000963573 0.0504299 0.319034 0.244305 0.0438527 0.162142 0.148902 0.019889 0.00786575 0.00222252 0.000319239 6.46242e-05 7.20034e-06 6.93845e-07 4.41481e-08 1.80085e-09 3.91449e-11 3.76623e-13
 2.56821e-27 2.60131e-27 4.37741e-26 8.69426e-20 2.13129e-14 6.3154e-10 2.26207e-06 0.00097939 0.0512577 0.324271 0.248302 0.0436964 0.158145 0.145201 0.0190193 0.00681573 0.00193456 0.000305475 6.31093e-05 6.80635e-06 6.36441e-07 3.76482e-08 1.35897e-09 2.67748e-11 2.33076e-13
 2.56854e-27 2.60219e-27 4.45361e-26 8.85501e-20 2.1707e-14 6.43217e-10 2.30389e-06 0.000997498 0.0522055 0.330266 0.252878 0.0435575 0.153873 0.141238 0.0179224 0.00531206 0.00148413 0.000214477 4.3954e-05 5.15328e-06 4.86636e-07 2.77518e-08 9.40127e-10 1.64936e-11 1.28273e-13
 2.5687e-27 2.60263e-27 4.49217e-26 8.93635e-20 2.19064e-14 6.49125e-10 2.32506e-06 0.00100666 0.052685 0.3333 0.255193 0.0434965 0.151782 0.139295 0.0173447 0.00448341 0.00122877 0.000150732 2.88467e-05 3.13164e-06 3.01259e-07 1.82082e-08 6.0412e-10 9.97004e-12 6.96379e-14
 2.56665e-27 2.597e-27 3.98806e-26 7.87285e-20 1.92993e-14 5.71874e-10 2.04836e-06 0.00088686 0.0464151 0.293635 0.224937 0.0454918 0.188223 0.172809 0.0212211 0.00488528 0.00132041 0.000144822 2.58795e-05 2.40842e-06 2.11245e-07 1.22482e-08 4.2605e-10 7.06417e-12 4.66969e-14
#obs catch len freq
 6.00462e-42 8.33402e-34 1.39821e-26 2.83553e-20 6.95097e-15 2.0597e-10 7.37751e-07 0.000319421 0.0167172 0.105759 0.0815238 0.0423738 0.226736 0.191472 0.131789 0.127437 0.052082 0.0193037 0.00400779 0.000457223 2.13193e-05 2.98216e-07 9.45396e-10 5.53047e-13 5.21086e-17
 6.82308e-42 9.46998e-34 1.58879e-26 3.22202e-20 7.89842e-15 2.34044e-10 8.38309e-07 0.000362959 0.0189958 0.120175 0.0926451 0.0462277 0.230422 0.184977 0.129015 0.11426 0.0446949 0.0151044 0.00283021 0.000278289 1.05741e-05 1.1396e-07 2.66935e-10 1.12457e-13 7.52705e-18
 1.03264e-41 1.43323e-33 2.40454e-26 4.87636e-20 1.19538e-14 3.54214e-10 1.26874e-06 0.000549319 0.0287492 0.181877 0.139828 0.0481302 0.201872 0.154113 0.11031 0.0893591 0.0332726 0.0101187 0.00167533 0.00013973 4.28966e-06 3.5549e-08 6.16524e-11 1.87631e-14 8.94014e-19
 8.84245e-42 1.22727e-33 2.05901e-26 4.17563e-20 1.02361e-14 3.03313e-10 1.08642e-06 0.000470381 0.0246179 0.155743 0.120208 0.0600911 0.262158 0.182924 0.095509 0.0672061 0.0236767 0.00641057 0.000919518 6.3558e-05 1.5506e-06 9.81549e-09 1.26017e-11 2.77849e-15 9.45938e-20
 1.22108e-41 1.69478e-33 2.84335e-26 5.76625e-20 1.41353e-14 4.18855e-10 1.50027e-06 0.000649565 0.0339956 0.215068 0.165407 0.0539894 0.193205 0.135519 0.109834 0.0701326 0.0177916 0.00390151 0.000477757 2.68418e-05 5.09742e-07 2.43185e-09 2.29928e-12 3.67262e-16 8.95571e-21
 1.28448e-41 1.78277e-33 2.99097e-26 6.06563e-20 1.48692e-14 4.40601e-10 1.57816e-06 0.000683289 0.0357606 0.226236 0.174254 0.0637585 0.22075 0.137934 0.0766799 0.0460404 0.0149174 0.00274091 0.000234742 1.01588e-05 1.47418e-07 5.21605e-10 3.59243e-13 4.13491e-17 7.21254e-22
 1.1685e-41 1.6218e-33 2.7209e-26 5.51793e-20 1.35266e-14 4.00817e-10 1.43566e-06 0.000621591 0.0325316 0.205809 0.158938 0.0695471 0.235553 0.143178 0.0935049 0.0474095 0.0108366 0.00190985 0.000155024 4.69416e-06 4.7748e-08 1.22335e-10 6.0612e-14 4.9805e-18 6.17647e-23
 1.44963e-41 2.012e-33 3.37554e-26 6.84553e-20 1.6781e-14 4.97252e-10 1.78108e-06 0.000771144 0.0403586 0.255325 0.196674 0.0646485 0.184753 0.112581 0.0901501 0.0433019 0.0100028 0.00134572 8.45957e-05 2.19825e-06 1.60338e-08 2.75728e-11 9.45456e-15 5.46412e-19 4.77593e-24
 1.67268e-41 2.32156e-33 3.89491e-26 7.89879e-20 1.9363e-14 5.7376e-10 2.05511e-06 0.000889793 0.0465682 0.29461 0.226883 0.0688067 0.175204 0.0948051 0.0583642 0.0263557 0.00663325 0.000834574 4.23232e-05 7.99368e-07 4.47245e-09 5.56097e-12 1.28298e-15 4.97701e-20 2.98129e-25
 1.64462e-41 2.28262e-33 3.82957e-26 7.76629e-20 1.90382e-14 5.64135e-10 2.02064e-06 0.000874868 0.0457871 0.289671 0.223555 0.0770419 0.189948 0.0957637 0.0535531 0.0196608 0.00369593 0.000425995 2.01374e-05 3.01909e-07 1.20213e-09 1.0688e-12 1.76744e-16 4.74338e-21 1.9141e-26
 1.5595e-41 2.16449e-33 3.63137e-26 7.36435e-20 1.80528e-14 5.34939e-10 1.91606e-06 0.00082959 0.0434174 0.274683 0.212594 0.0840427 0.199517 0.099967 0.0618474 0.0198441 0.00299647 0.000250352 9.10992e-06 1.15955e-07 3.6248e-10 2.29957e-13 2.63674e-17 4.9495e-22 1.40005e-27
 1.51701e-41 2.10552e-33 3.53244e-26 7.16372e-20 1.7561e-14 5.20365e-10 1.86386e-06 0.000806988 0.0422345 0.267203 0.207354 0.0892114 0.199462 0.101411 0.0683758 0.0206592 0.00306942 0.000206054 5.24648e-06 4.70102e-08 1.12374e-10 5.47231e-14 4.56828e-18 5.98853e-23 1.16765e-28
 1.92685e-41 2.67434e-33 4.48676e-26 9.09905e-20 2.23053e-14 6.60945e-10 2.3674e-06 0.001025 0.0536445 0.339384 0.26198 0.076124 0.135783 0.069182 0.0472389 0.0135178 0.00199363 0.000121374 2.54059e-06 1.58911e-08 2.53688e-11 8.68459e-15 5.31658e-19 5.11188e-24 7.14974e-30
 1.62295e-41 2.25255e-33 3.77912e-26 7.66399e-20 1.87874e-14 5.56704e-10 1.99402e-06 0.000863343 0.045184 0.285874 0.223097 0.107261 0.205596 0.0827663 0.0379784 0.00990737 0.00139079 7.76371e-05 1.44397e-06 7.27443e-09 8.31349e-12 1.89385e-15 7.73361e-20 5.13775e-25 5.10937e-31
 1.34081e-41 1.86096e-33 3.12215e-26 6.33166e-20 1.55213e-14 4.59925e-10 1.64738e-06 0.000713257 0.0373291 0.236194 0.186467 0.120048 0.225451 0.112037 0.0674442 0.0130528 0.00120562 5.62511e-05 9.1009e-07 3.85744e-09 3.49917e-12 5.87257e-16 1.6556e-20 7.34101e-26 4.86696e-32
 1.22177e-41 1.69574e-33 2.84495e-26 5.7695e-20 1.41433e-14 4.19091e-10 1.50111e-06 0.000649931 0.0340148 0.215239 0.171387 0.124449 0.220633 0.128688 0.0845711 0.0184414 0.00186449 6.031e-05 6.68434e-07 2.23043e-09 1.62056e-12 2.121e-16 4.49205e-21 1.43763e-26 6.64298e-33
 1.63252e-41 2.26583e-33 3.80139e-26 7.70915e-20 1.88981e-14 5.59984e-10 2.00577e-06 0.00086843 0.0454502 0.287579 0.225673 0.104485 0.157156 0.0983409 0.0635913 0.0151231 0.00167399 5.66494e-05 5.26794e-07 1.18026e-09 5.98331e-13 5.85809e-17 9.41881e-22 2.26518e-27 7.73216e-34
 1.48664e-41 2.06335e-33 3.4617e-26 7.02026e-20 1.72093e-14 5.09944e-10 1.82654e-06 0.000790828 0.0413889 0.261922 0.209502 0.140488 0.202465 0.0888928 0.0434455 0.00998062 0.00108438 3.77304e-05 3.4795e-07 6.83425e-10 2.54436e-13 1.67676e-17 1.85323e-22 3.19427e-28 7.9856e-35
 1.54652e-41 2.14647e-33 3.60115e-26 7.30306e-20 1.79026e-14 5.30487e-10 1.90012e-06 0.000822685 0.0430562 0.272482 0.217903 0.133846 0.178779 0.0987153 0.0465916 0.00719655 0.000587447 1.85424e-05 1.60272e-07 2.91515e-10 9.47007e-14 4.96262e-18 3.96597e-23 4.67494e-29 7.93155e-36
 1.52738e-41 2.11991e-33 3.55659e-26 7.21269e-20 1.76811e-14 5.23922e-10 1.8766e-06 0.000812505 0.0425234 0.269148 0.217648 0.147759 0.1828 0.0921506 0.040069 0.00663188 0.000445259 9.48882e-06 6.35544e-08 9.84412e-11 2.75164e-14 1.2182e-18 7.93673e-24 7.27647e-30 9.13292e-37
 1.64447e-41 2.28242e-33 3.82923e-26 7.76561e-20 1.90365e-14 5.64085e-10 2.02046e-06 0.00087479 0.0457833 0.289793 0.234075 0.143396 0.162347 0.0853212 0.0333635 0.00474977 0.000289391 5.35207e-06 2.54766e-08 2.75051e-11 5.84118e-15 2.06059e-19 1.0799e-24 7.9139e-31 7.83015e-38
 1.59955e-41 2.22007e-33 3.72463e-26 7.55347e-20 1.85164e-14 5.48676e-10 1.96527e-06 0.000850894 0.0445327 0.281946 0.231532 0.161883 0.169939 0.0788006 0.0268703 0.00346585 0.000175908 2.67015e-06 1.03958e-08 8.36999e-12 1.22507e-15 3.00545e-20 1.14613e-25 6.32513e-32 4.78794e-39
 1.64243e-41 2.27959e-33 3.82448e-26 7.75596e-20 1.90128e-14 5.63385e-10 2.01795e-06 0.000873704 0.0457267 0.289545 0.238798 0.160804 0.158675 0.0788244 0.0240527 0.00258879 0.000109404 1.35591e-06 4.13283e-09 2.5755e-12 2.8455e-16 5.01589e-21 1.32361e-26 5.0263e-33 2.66311e-40
 1.65058e-41 2.2909e-33 3.84346e-26 7.79447e-20 1.91072e-14 5.66182e-10 2.02797e-06 0.000878042 0.0459539 0.291065 0.243141 0.170688 0.155595 0.0712003 0.0194939 0.00191626 6.60555e-05 6.33162e-07 1.4842e-09 7.00246e-13 5.77336e-17 7.54537e-22 1.46006e-27 3.98634e-34 1.48624e-41
 1.68581e-41 2.3398e-33 3.9255e-26 7.96083e-20 1.9515e-14 5.78267e-10 2.07126e-06 0.000896783 0.046935 0.297354 0.250307 0.172537 0.147551 0.0668362 0.0161649 0.00137486 4.03165e-05 3.14067e-07 5.57832e-10 1.94115e-13 1.17554e-17 1.12338e-22 1.58177e-28 3.13399e-35 8.45903e-43
 1.67784e-41 2.32874e-33 3.90694e-26 7.92319e-20 1.94228e-14 5.75532e-10 2.06146e-06 0.000892543 0.0467135 0.296084 0.253326 0.181895 0.145265 0.061545 0.0132576 0.000994722 2.40737e-05 1.50405e-07 2.09018e-10 5.47543e-14 2.41594e-18 1.65989e-23 1.6772e-29 2.38557e-36 4.62056e-44
 1.47086e-41 2.04146e-33 3.42497e-26 6.94577e-20 1.70267e-14 5.04533e-10 1.80716e-06 0.000782437 0.040952 0.259912 0.234954 0.214631 0.167032 0.0681487 0.0127619 0.000807146 1.60486e-05 7.98352e-08 8.53387e-11 1.68832e-14 5.54211e-19 2.78313e-24 2.02304e-30 2.0501e-37 2.81879e-45
 1.50193e-41 2.08458e-33 3.49732e-26 7.0925e-20 1.73864e-14 5.15192e-10 1.84533e-06 0.000798966 0.0418168 0.2653 0.235483 0.197428 0.166655 0.0776018 0.0140923 0.000808552 1.38773e-05 5.82274e-08 5.19975e-11 8.49535e-15 2.27985e-19 9.31143e-25 5.48489e-31 4.48325e-38 4.94346e-46
 1.54794e-41 2.14843e-33 3.60444e-26 7.30974e-20 1.7919e-14 5.30972e-10 1.90186e-06 0.000823438 0.0430976 0.273392 0.241225 0.194993 0.159113 0.0721217 0.0143203 0.000897066 1.49762e-05 5.70262e-08 4.48225e-11 6.38627e-15 1.49214e-19 5.29758e-25 2.70613e-31 1.91496e-38 1.82664e-46
#spawning biomass
 15506.3 18213.6 20638.6 23514 26259.6 30277.9 33777.9 41979.7 55386 76956.8 92751.9 114675 162473 195317 192044 146334 144763 137554 138047 131630 135231 136690 143755 155879 178288 182662 173350 157831 163145 277338 203014 93571.2 45075.7 27121 21154.5 19307.1 18762.3 18607.1 18564 18552.3 18549.1 18548.3 18548.1 18548 18548 18548 18548 18548 18548 18548 18548 18548 18548 18548 18548 18548 18548 18548 18548 18548 18548 18548 18548 18548 18548 18548 18548 18548 18548 18548 18548 18548 18548 18548 18548 18548 18548 18548 18548 18548 18548 18548 18548 18548 18548 18548 18548 18548 18548 18548 18548 18548 18548 18548 18548 18548 18548 18548 18548 18548 18548 18548 18548 18548 18548 18548 18548 18548 18548 18548 18548 18548 18548 18548 18548 18548 18548 18548 18548 18548 18548 18548 18548 18548 18548 18548 18548 18548 18548 0 0 0 0 0 0 0 0 0 0 0 0 0 0 0 0 0 0 0 0 0 0 0 0 0
