SBPRF35
0.185484
Curr Bio
170164
B35
188190
F35
1.34126
FOFL
1.34126
OFL
99428.4
Bzero
52994.1
#pred survey bio
 13353 15506 17459 19945.8 22026.7 25637.5 28576.5 35142 46493.3 64743.4 77647 94496.9 133224 162233 161506 121441 118932 113762 113587 107821 110640 111418 117170 127022 145795 149506 141111 127830 128785 5.22501e+06 4.16935e+06 2.32087e+06 1.16841e+06 743871 577223 497615 453662 427644 411826 402123 396162 392503 390257 388874 388025 387515 387209 387025 386914 386848 386807 386783 386768 386759 386754 386751 386749 386748 386747 386747 386746 386746 386746 386746 386746 386746 386746 386746 386746 386746 386746 386746 386746 386746 386746 386746 386746 386746 386746 386746 386746 386746 386746 386746 386746 386746 386746 386746 386746 386746 386746 386746 386746 386746 386746 386746 386746 386746 386746 386746 386746 386746 386746 386746 386746 386746 386746 386746 386746 386746 386746 386746 386746 386746 386746 386746 386746 386746 386746 386746 386746 386746 386746 386746 386746 386746 386746 386746 386746 0 0 0 0 0 0 0 0 0 0 0 0 0 0 0 0 0 0 0 0 0 0 0 0 0
#obs survey bio
 10258.5 10241.6 14971.2 19775.2 24194.9 19155.8 21528.2 37715.3 44846.2 37416.8 33417.9 93470.1 112320 105946 71748.2 57283.7 111000 96008.3 75544.7 121141 97776.5 108496 114211 168202 159136 111083 79537.2 71664.8 87852.3
#pred catch bio
 4825.77 6647.56 7572.47 10141.3 10637.8 13424.4 15534.2 19819.1 23849.5 37055.5 49069.7 56679.7 81686.8 99962.4 121372 84171.7 84855.1 78586.7 83638.7 77563.4 82587 82237.7 87010 88960.1 108271 116427 112680 104771 29665.7 99428.4 100711 49580.2 17422 9139.55 7424.43 7097.17 7037.71 7027.27 7025.49 7025.19 7025.14 7025.13 7025.13 7025.13 7025.13 7025.13 7025.13 7025.13 7025.13 7025.13 7025.13 7025.13 7025.13 7025.13 7025.13 7025.13 7025.13 7025.13 7025.13 7025.13 7025.13 7025.13 7025.13 7025.13 7025.13 7025.13 7025.13 7025.13 7025.13 7025.13 7025.13 7025.13 7025.13 7025.13 7025.13 7025.13 7025.13 7025.13 7025.13 7025.13 7025.13 7025.13 7025.13 7025.13 7025.13 7025.13 7025.13 7025.13 7025.13 7025.13 7025.13 7025.13 7025.13 7025.13 7025.13 7025.13 7025.13 7025.13 7025.13 7025.13 7025.13 7025.13 7025.13 7025.13 7025.13 7025.13 7025.13 7025.13 7025.13 7025.13 7025.13 7025.13 7025.13 7025.13 7025.13 7025.13 7025.13 7025.13 7025.13 7025.13 7025.13 7025.13 7025.13 7025.13 7025.13 7025.13 7025.13 7025.13 7025.13 0 0 0 0 0 0 0 0 0 0 0 0 0 0 0 0 0 0 0 0 0 0 0 0 0
#obs catch bio
 6928.49 6717.6 7596.17 10191.9 10577.9 13184 15779.3 19841.2 23159.5 36479.4 49499.2 56212.7 79518.2 98243.8 124981 86075.5 83492.3 76171.3 82228.7 74851.3 79652.6 79823.8 83432.8 84568.5 100110 111114 111503 105137 28994.1
#pred cpue bio
 8683.54 9912.04 10720.8 12202.3 12634 14872.3 16228.4 18395.9 23132.7 33412.3 40724.1 45513.3 62429.6 81889 90426.3 63832 59822.5 57093.2 57398 52477.7 53336.1 52406.9 54797.7 58147 68733.7 70429.9 66120.7 59563.8 55003.4 3.08335e+06 3.37614e+06 2.19619e+06 1.06112e+06 629889 461796 381907 337896 311867 296045 286343 280382 276722 274476 273093 272244 271734 271428 271244 271134 271067 271026 271002 270987 270979 270973 270970 270968 270967 270966 270966 270965 270965 270965 270965 270965 270965 270965 270965 270965 270965 270965 270965 270965 270965 270965 270965 270965 270965 270965 270965 270965 270965 270965 270965 270965 270965 270965 270965 270965 270965 270965 270965 270965 270965 270965 270965 270965 270965 270965 270965 270965 270965 270965 270965 270965 270965 270965 270965 270965 270965 270965 270965 270965 270965 270965 270965 270965 270965 270965 270965 270965 270965 270965 270965 270965 270965 270965 270965 270965 0 0 0 0 0 0 0 0 0 0 0 0 0 0 0 0 0 0 0 0 0 0 0 0 0
#obs cpue bio
 9514.09 11085 11232.8 15486.5 13139.5 26961.5 12861 23380.7 44043.5 56882.1 68156.7 74394.8 106615 129417 120874 96695.8 107680 113677 103564 97576.9 100325 84858.9 118181 108850 237121 142633 119337 115802 122514
#pred surv len freq
 2.56537e-27 2.59417e-27 3.80868e-26 7.49471e-20 1.83724e-14 5.44406e-10 1.94997e-06 0.000844263 0.0441857 0.279531 0.214083 0.0401157 0.154936 0.142983 0.0318337 0.0368946 0.0155973 0.0116712 0.00708534 0.00531403 0.00410183 0.00348409 0.00342813 0.00299883 0.000910751
 2.56528e-27 2.59412e-27 3.81801e-26 7.51444e-20 1.84207e-14 5.45839e-10 1.9551e-06 0.000846486 0.044302 0.280267 0.214625 0.0389221 0.145473 0.134845 0.0413165 0.060424 0.0204569 0.0084464 0.00377045 0.00213874 0.00134771 0.00097904 0.000850684 0.000741095 0.000246179
 2.56591e-27 2.59573e-27 3.94962e-26 7.79203e-20 1.91012e-14 5.66004e-10 2.02733e-06 0.000877756 0.0459386 0.29062 0.222542 0.0395879 0.144978 0.134132 0.0365598 0.0498571 0.0188245 0.0105789 0.00338038 0.00105804 0.000445429 0.000246917 0.000177074 0.000144191 4.94794e-05
 2.56562e-27 2.59491e-27 3.87146e-26 7.62713e-20 1.8697e-14 5.54026e-10 1.98443e-06 0.000859181 0.0449664 0.28447 0.217856 0.0402425 0.153252 0.141717 0.0370152 0.0489165 0.0174684 0.00854538 0.00318639 0.00110015 0.000248994 7.77836e-05 3.9444e-05 2.74783e-05 9.30523e-06
 2.56709e-27 2.59878e-27 4.20277e-26 8.32603e-20 2.04103e-14 6.04792e-10 2.16626e-06 0.00093791 0.0490868 0.310537 0.237759 0.0401518 0.138578 0.128024 0.0318546 0.0405249 0.013861 0.00585724 0.00197427 0.000641253 0.000166803 3.12037e-05 7.55809e-06 3.74935e-06 1.18498e-06
 2.5663e-27 2.59657e-27 3.99921e-26 7.89656e-20 1.93575e-14 5.73597e-10 2.05453e-06 0.000889532 0.0465549 0.294519 0.225547 0.0413421 0.156216 0.144182 0.032587 0.038107 0.0128134 0.00507713 0.00159019 0.000444749 0.000104112 2.01528e-05 2.74153e-06 6.16819e-07 1.61398e-07
 2.56697e-27 2.59839e-27 4.16142e-26 8.23876e-20 2.01963e-14 5.98453e-10 2.14356e-06 0.000928079 0.0485723 0.307282 0.235283 0.0407583 0.144934 0.13382 0.0316695 0.0385896 0.0124461 0.00410086 0.0012238 0.000314775 6.39019e-05 1.08494e-05 1.339e-06 1.31178e-07 1.97698e-08
 2.56858e-27 2.60266e-27 4.52895e-26 9.01406e-20 2.20969e-14 6.5477e-10 2.34528e-06 0.00101542 0.0531432 0.336198 0.257359 0.0405331 0.127709 0.117727 0.0252273 0.0279369 0.00904295 0.00303616 0.000845672 0.00018336 3.39848e-05 5.00596e-06 5.29445e-07 3.69636e-08 2.28849e-09
 2.56909e-27 2.6039e-27 4.62725e-26 9.22139e-20 2.26051e-14 6.6983e-10 2.39922e-06 0.00103877 0.0543655 0.343931 0.263275 0.0411971 0.128606 0.118348 0.0216006 0.0194791 0.00601982 0.00159618 0.000432601 9.18963e-05 1.47663e-05 1.87746e-06 1.69956e-07 9.65837e-09 3.23754e-10
 2.56838e-27 2.60199e-27 4.46026e-26 8.86912e-20 2.17416e-14 6.44242e-10 2.30757e-06 0.000999088 0.0522887 0.330792 0.253247 0.0415038 0.137985 0.127059 0.0241616 0.0231148 0.00693386 0.00147623 0.00036117 6.33491e-05 9.77839e-06 1.11845e-06 8.47533e-08 4.0134e-09 9.86243e-11
 2.56794e-27 2.60081e-27 4.35451e-26 8.64602e-20 2.11947e-14 6.28036e-10 2.24952e-06 0.000973956 0.0509734 0.322472 0.246899 0.0418933 0.145409 0.133893 0.0250774 0.0234825 0.00703766 0.00148726 0.000343836 4.81891e-05 6.18321e-06 6.21516e-07 4.24206e-08 1.66554e-09 3.29423e-11
 2.56962e-27 2.60534e-27 4.75281e-26 9.48626e-20 2.32544e-14 6.8907e-10 2.46813e-06 0.00106861 0.0559271 0.35381 0.270814 0.0409704 0.121583 0.111845 0.0200467 0.0175551 0.00517488 0.000955604 0.000213965 2.88381e-05 3.19691e-06 2.52462e-07 1.44319e-08 4.97239e-10 8.11014e-12
 2.56989e-27 2.60601e-27 4.80652e-26 9.59955e-20 2.35321e-14 6.973e-10 2.49761e-06 0.00108137 0.056595 0.358035 0.274045 0.0412255 0.121255 0.111443 0.0181825 0.0134039 0.00390649 0.000663382 0.00014206 1.69795e-05 1.788e-06 1.26574e-07 5.66829e-09 1.57703e-10 2.19715e-12
 2.56822e-27 2.60145e-27 4.4005e-26 8.74301e-20 2.14324e-14 6.35081e-10 2.27475e-06 0.000984882 0.0515452 0.326089 0.249675 0.0427017 0.149611 0.137554 0.0217916 0.0150547 0.0042925 0.000572753 0.000112952 1.23539e-05 1.18869e-06 7.57238e-08 3.05291e-09 6.74119e-11 7.42372e-13
 2.56603e-27 2.5956e-27 3.89067e-26 7.66751e-20 1.8796e-14 5.56959e-10 1.99493e-06 0.00086373 0.0452045 0.285976 0.219057 0.0434766 0.17702 0.163035 0.0297382 0.026752 0.00765578 0.0010083 0.000191531 1.70244e-05 1.45643e-06 8.34685e-08 2.99591e-09 5.84842e-11 5.17688e-13
 2.56756e-27 2.59969e-27 4.25008e-26 8.42571e-20 2.06546e-14 6.12033e-10 2.1922e-06 0.000949139 0.0496745 0.314255 0.240638 0.0426988 0.155938 0.143504 0.0248668 0.0205667 0.00590631 0.000827946 0.000159317 1.34045e-05 1.02087e-06 4.76378e-08 1.5034e-09 2.58918e-11 1.9979e-13
 2.56853e-27 2.60234e-27 4.48383e-26 8.91881e-20 2.18634e-14 6.47851e-10 2.32049e-06 0.00100469 0.0525816 0.332646 0.254671 0.0420705 0.141297 0.129974 0.0221164 0.0177025 0.00507761 0.000706061 0.000136875 1.23177e-05 9.46174e-07 4.03091e-08 1.05332e-09 1.52564e-11 1.02871e-13
 2.56824e-27 2.60149e-27 4.4013e-26 8.74469e-20 2.14366e-14 6.35204e-10 2.27519e-06 0.000985072 0.0515551 0.326152 0.249725 0.042871 0.150864 0.138669 0.0212495 0.0135372 0.00382875 0.000466631 8.62783e-05 7.60064e-06 5.94151e-07 2.65947e-08 6.60503e-10 8.09864e-12 4.50322e-14
 2.56828e-27 2.60162e-27 4.41728e-26 8.77842e-20 2.15192e-14 6.37653e-10 2.28397e-06 0.000988871 0.0517539 0.32741 0.25068 0.0425058 0.147414 0.135566 0.0221511 0.016369 0.00459606 0.000475755 8.11185e-05 6.42464e-06 4.74917e-07 2.10967e-08 5.44214e-10 6.58193e-12 3.19047e-14
 2.56888e-27 2.60323e-27 4.55539e-26 9.06974e-20 2.22334e-14 6.58815e-10 2.35976e-06 0.00102169 0.0534714 0.338275 0.258975 0.0424114 0.140868 0.129444 0.0196042 0.012107 0.00339288 0.00036136 6.12445e-05 4.12475e-06 2.67242e-07 1.06606e-08 2.65685e-10 3.27535e-12 1.59276e-14
 2.56905e-27 2.60366e-27 4.59353e-26 9.15021e-20 2.24306e-14 6.6466e-10 2.3807e-06 0.00103075 0.0539458 0.341276 0.261266 0.0423412 0.138724 0.127456 0.0190696 0.0113875 0.00316245 0.000289528 4.56826e-05 3.14376e-06 1.95592e-07 6.53292e-09 1.42469e-10 1.63764e-12 7.96551e-15
 2.56942e-27 2.60467e-27 4.68053e-26 9.33374e-20 2.28805e-14 6.77991e-10 2.42845e-06 0.00105143 0.0550279 0.348121 0.266491 0.0422385 0.134271 0.123307 0.017617 0.00912132 0.0025118 0.000207403 3.03213e-05 1.81012e-06 1.03e-07 3.42083e-09 6.61913e-11 6.42812e-13 2.83857e-15
 2.56951e-27 2.6049e-27 4.70059e-26 9.37605e-20 2.29843e-14 6.81064e-10 2.43946e-06 0.00105619 0.0552773 0.349699 0.267695 0.0422096 0.133205 0.122316 0.0173054 0.00866011 0.00237184 0.00017625 2.37214e-05 1.29375e-06 6.5517e-08 1.87359e-09 3.43167e-11 3.09263e-13 1.1619e-15
 2.5699e-27 2.60596e-27 4.79479e-26 9.57477e-20 2.34714e-14 6.95499e-10 2.49116e-06 0.00107858 0.0564489 0.357111 0.27335 0.0419146 0.126987 0.11658 0.016327 0.00787369 0.00215096 0.000153841 1.99308e-05 9.92114e-07 4.484e-08 1.13664e-09 1.80178e-11 1.4501e-13 5.09252e-16
 2.56939e-27 2.60459e-27 4.67398e-26 9.31991e-20 2.28466e-14 6.76986e-10 2.42485e-06 0.00104987 0.0549463 0.347605 0.266097 0.0422339 0.134513 0.123537 0.0177773 0.00942768 0.00258744 0.000194747 2.62351e-05 1.28043e-06 5.52859e-08 1.25107e-09 1.74911e-11 1.21386e-13 3.72319e-16
 2.56935e-27 2.60447e-27 4.66186e-26 9.29433e-20 2.27839e-14 6.75129e-10 2.4182e-06 0.00104699 0.0547956 0.346652 0.265371 0.0423645 0.136017 0.124902 0.017597 0.00867416 0.00237549 0.000177927 2.3939e-05 1.205e-06 5.35365e-08 1.17441e-09 1.51705e-11 9.20638e-14 2.44246e-16
 2.56935e-27 2.60444e-27 4.65769e-26 9.28555e-20 2.27624e-14 6.74491e-10 2.41591e-06 0.001046 0.0547438 0.346324 0.265123 0.0425462 0.137574 0.126297 0.0170897 0.00716757 0.0019433 0.000127279 1.52191e-05 7.50473e-07 3.29773e-08 7.46721e-10 9.68716e-12 5.54719e-14 1.31215e-16
 2.56941e-27 2.60458e-27 4.6695e-26 9.31046e-20 2.28235e-14 6.763e-10 2.42239e-06 0.0010488 0.0548906 0.347253 0.265833 0.0425883 0.137395 0.126113 0.0167105 0.00634971 0.0017078 9.73749e-05 9.85566e-06 4.30871e-07 1.63447e-08 3.58814e-10 4.67795e-12 2.73671e-14 6.28396e-17
 2.57095e-27 2.60879e-27 5.0442e-26 1.01009e-19 2.47612e-14 7.33719e-10 2.62806e-06 0.00113785 0.0595509 0.376735 0.288325 0.0412849 0.111674 0.102417 0.0132369 0.00439628 0.00117296 6.08872e-05 5.32008e-06 2.06086e-07 6.30598e-09 1.17621e-10 1.37217e-12 7.87205e-15 1.83442e-17
#obs surv len freq
 1.247e-41 1.73075e-33 2.9037e-26 5.88864e-20 1.44353e-14 4.27745e-10 1.53211e-06 0.000663352 0.0347172 0.219632 0.168442 0.0417503 0.170482 0.142709 0.0892314 0.0844592 0.0332583 0.0119738 0.00240366 0.000264886 1.18575e-05 1.58533e-07 4.79876e-10 2.68782e-13 2.43696e-17
 1.55874e-41 2.16343e-33 3.62961e-26 7.36077e-20 1.80441e-14 5.34678e-10 1.91513e-06 0.000829186 0.0433963 0.274538 0.210401 0.0426336 0.141989 0.113176 0.0742844 0.064807 0.0244193 0.00796319 0.00142268 0.000134142 4.89874e-06 5.07665e-08 1.14383e-10 4.64214e-14 3.00091e-18
 1.29208e-41 1.79332e-33 3.00866e-26 6.10151e-20 1.49571e-14 4.43207e-10 1.5875e-06 0.00068733 0.0359721 0.227572 0.174779 0.0517502 0.204032 0.149985 0.0732368 0.0553615 0.0198447 0.00579989 0.000904804 7.13058e-05 2.08729e-06 1.66413e-08 2.78927e-11 8.22514e-15 3.8052e-19
 1.56064e-41 2.16607e-33 3.63402e-26 7.36973e-20 1.8066e-14 5.35329e-10 1.91746e-06 0.000830195 0.0434491 0.274873 0.21083 0.0473978 0.149638 0.109471 0.0845384 0.0593558 0.0154578 0.00363741 0.000488307 3.15603e-05 7.24877e-07 4.38238e-09 5.43276e-12 1.16378e-15 3.86253e-20
 1.54202e-41 2.14022e-33 3.59066e-26 7.2818e-20 1.78505e-14 5.28942e-10 1.89458e-06 0.000820289 0.0429307 0.271594 0.208569 0.0554053 0.180228 0.118777 0.0634782 0.0412428 0.0138499 0.00282391 0.000264943 1.32207e-05 2.33759e-07 1.05384e-09 9.55106e-13 1.4779e-16 3.51414e-21
 1.34854e-41 1.87169e-33 3.14015e-26 6.36816e-20 1.56108e-14 4.62576e-10 1.65687e-06 0.000717369 0.0375442 0.237519 0.182795 0.0612096 0.205383 0.131117 0.0836087 0.0467293 0.0110481 0.00212601 0.000195152 6.9045e-06 8.55338e-08 2.80182e-10 1.83229e-13 2.02813e-17 3.43325e-22
 1.56354e-41 2.1701e-33 3.64079e-26 7.38344e-20 1.80996e-14 5.36325e-10 1.92103e-06 0.000831739 0.0435299 0.275386 0.211679 0.0580306 0.165411 0.104976 0.0835189 0.0442061 0.010709 0.00160331 0.000112631 3.46939e-06 3.12874e-08 6.88496e-11 3.11799e-14 2.43068e-18 2.90318e-23
 1.72753e-41 2.3977e-33 4.02264e-26 8.15784e-20 1.9998e-14 5.92576e-10 2.12251e-06 0.000918975 0.0480955 0.30427 0.233939 0.0627668 0.163396 0.092899 0.0570191 0.0280865 0.00748394 0.00105965 6.12718e-05 1.37324e-06 9.54313e-09 1.5317e-11 4.67626e-15 2.44665e-19 2.0037e-24
 1.65529e-41 2.29743e-33 3.85442e-26 7.81668e-20 1.91617e-14 5.67795e-10 2.03375e-06 0.000880544 0.0460842 0.291548 0.22463 0.0712528 0.18483 0.0980681 0.0552592 0.0223984 0.00444312 0.000572166 3.13104e-05 5.66259e-07 2.81646e-09 3.23765e-12 7.10735e-16 2.57571e-20 1.42025e-25
 1.53607e-41 2.13197e-33 3.57681e-26 7.25371e-20 1.77816e-14 5.26902e-10 1.88728e-06 0.000817125 0.0427651 0.270553 0.209039 0.0785426 0.199689 0.104586 0.0662074 0.0236156 0.00381047 0.000358559 1.4992e-05 2.31743e-07 9.15877e-10 7.55435e-13 1.15144e-16 2.92167e-21 1.12994e-26
 1.46498e-41 2.03329e-33 3.41126e-26 6.91798e-20 1.69586e-14 5.02515e-10 1.79993e-06 0.000779306 0.0407858 0.258034 0.199915 0.0841905 0.203891 0.107492 0.0753228 0.0252089 0.00405741 0.000311947 9.21755e-06 1.00098e-07 3.02839e-10 1.92888e-13 2.14884e-17 3.81206e-22 1.01656e-27
 1.88094e-41 2.61061e-33 4.37985e-26 8.88224e-20 2.17738e-14 6.45197e-10 2.31099e-06 0.00100058 0.0523663 0.331295 0.255469 0.0728796 0.140562 0.0738117 0.0530033 0.0167181 0.00269842 0.000189514 4.68456e-06 3.59113e-08 7.25994e-11 3.24933e-14 2.66033e-18 3.46935e-23 6.64141e-29
 1.56704e-41 2.17495e-33 3.64893e-26 7.39997e-20 1.81401e-14 5.37526e-10 1.92533e-06 0.000833601 0.0436274 0.276021 0.214971 0.102372 0.214137 0.0904226 0.0432125 0.0123584 0.00191515 0.000123788 2.74882e-06 1.71801e-08 2.50887e-11 7.48825e-15 4.08863e-19 3.68723e-24 5.02725e-30
 1.27583e-41 1.77076e-33 2.97082e-26 6.02476e-20 1.4769e-14 4.37632e-10 1.56753e-06 0.000678686 0.0355197 0.224739 0.176906 0.113811 0.233477 0.118973 0.0773379 0.0167687 0.00169363 9.11538e-05 1.77285e-06 9.39588e-09 1.09802e-11 2.42784e-15 9.16928e-20 5.51756e-25 5.01424e-31
 1.15209e-41 1.59902e-33 2.68269e-26 5.44044e-20 1.33366e-14 3.95188e-10 1.4155e-06 0.000612862 0.0320748 0.202954 0.161046 0.117691 0.227727 0.134709 0.0970335 0.0233661 0.00268133 0.000101869 1.34671e-06 5.62419e-09 5.29291e-12 9.17211e-16 2.61104e-20 1.13545e-25 7.188e-32
 1.55504e-41 2.15829e-33 3.62098e-26 7.34327e-20 1.80012e-14 5.33408e-10 1.91058e-06 0.000827215 0.0432932 0.273923 0.214525 0.100667 0.165366 0.104742 0.074635 0.0194494 0.00246921 9.91898e-05 1.13001e-06 3.18284e-09 2.08595e-12 2.70999e-16 5.87503e-21 1.92441e-26 9.01068e-33
 1.40811e-41 1.95437e-33 3.27886e-26 6.64946e-20 1.63004e-14 4.8301e-10 1.73006e-06 0.000749058 0.0392028 0.248075 0.197812 0.135895 0.215053 0.0970725 0.0515059 0.012949 0.0016171 6.70442e-05 7.66674e-07 1.92241e-09 9.33698e-13 8.17162e-17 1.21849e-21 2.86669e-27 9.85298e-34
 1.463e-41 2.03055e-33 3.40667e-26 6.90867e-20 1.69358e-14 5.01838e-10 1.7975e-06 0.000778257 0.0407309 0.257753 0.205547 0.13013 0.190187 0.107458 0.0567821 0.00970149 0.000896978 3.37401e-05 3.63574e-07 8.51465e-10 3.64145e-13 2.55008e-17 2.75437e-22 4.42969e-28 1.03362e-34
 1.44141e-41 2.00058e-33 3.35638e-26 6.80668e-20 1.66858e-14 4.9443e-10 1.77097e-06 0.000766768 0.0401297 0.253979 0.204745 0.144418 0.195695 0.101421 0.049071 0.00904569 0.000709219 1.79878e-05 1.49385e-07 2.99008e-10 1.10671e-13 6.58505e-18 5.82321e-23 7.29763e-29 1.259e-35
 1.55587e-41 2.15944e-33 3.62291e-26 7.34719e-20 1.80108e-14 5.33692e-10 1.9116e-06 0.000827656 0.0433164 0.274158 0.220866 0.141494 0.175261 0.095169 0.0417865 0.00663672 0.000472669 1.06002e-05 6.32235e-08 8.80187e-11 2.47732e-14 1.17897e-18 8.42059e-24 8.46458e-30 1.15401e-36
 1.51037e-41 2.0963e-33 3.51697e-26 7.13235e-20 1.74841e-14 5.18086e-10 1.8557e-06 0.000803454 0.0420499 0.266198 0.21794 0.160442 0.184406 0.0889063 0.034018 0.0049339 0.000295137 5.44859e-06 2.68099e-08 2.80762e-11 5.45608e-15 1.80654e-19 9.41106e-25 7.14797e-31 7.47991e-38
 1.55043e-41 2.15189e-33 3.61024e-26 7.32149e-20 1.79478e-14 5.31826e-10 1.90491e-06 0.000824762 0.0431651 0.273292 0.224793 0.16036 0.172668 0.0898687 0.0310561 0.00377819 0.000188994 2.87154e-06 1.11184e-08 9.05144e-12 1.33367e-15 3.17933e-20 1.14615e-25 5.99323e-32 4.39848e-39
 1.55871e-41 2.16338e-33 3.62952e-26 7.3606e-20 1.80436e-14 5.34666e-10 1.91509e-06 0.000829167 0.0433958 0.274821 0.228958 0.171166 0.170248 0.082138 0.0254647 0.00285804 0.000117789 1.39068e-06 4.16033e-09 2.57476e-12 2.8393e-16 5.0306e-21 1.33201e-26 5.00866e-33 2.58436e-40
 1.59344e-41 2.21159e-33 3.7104e-26 7.52461e-20 1.84457e-14 5.4658e-10 1.95776e-06 0.000847643 0.044363 0.28101 0.235986 0.174017 0.162048 0.0780745 0.0214807 0.00209742 7.39788e-05 7.16395e-07 1.63304e-09 7.47697e-13 6.07189e-17 7.88253e-22 1.52117e-27 4.1566e-34 1.55424e-41
 1.58472e-41 2.19949e-33 3.69009e-26 7.48344e-20 1.83448e-14 5.43589e-10 1.94705e-06 0.000843004 0.0441205 0.279587 0.238696 0.184346 0.160212 0.0727342 0.0178616 0.0015522 4.54902e-05 3.55264e-07 6.37246e-10 2.20574e-13 1.30801e-17 1.22266e-22 1.69558e-28 3.3302e-35 8.94473e-43
 1.37515e-41 1.90862e-33 3.20211e-26 6.49382e-20 1.59188e-14 4.71704e-10 1.68957e-06 0.000731525 0.0382869 0.242908 0.219075 0.216749 0.182896 0.0807261 0.0173176 0.00127678 3.09242e-05 1.93556e-07 2.68285e-10 7.03789e-14 3.11322e-18 2.1303e-23 2.1268e-29 2.9775e-36 5.68068e-44
 1.40441e-41 1.94922e-33 3.27022e-26 6.63195e-20 1.62574e-14 4.81738e-10 1.72551e-06 0.000747086 0.0391017 0.248164 0.224139 0.205546 0.176338 0.0876584 0.0171902 0.00109327 2.13864e-05 1.04695e-07 1.11333e-10 2.19687e-14 7.19344e-19 3.61013e-24 2.62615e-30 2.66018e-37 3.64443e-45
 1.46286e-41 2.03036e-33 3.40634e-26 6.90799e-20 1.69341e-14 5.0179e-10 1.79733e-06 0.000778182 0.0407291 0.258445 0.231362 0.202773 0.169547 0.0790957 0.0161674 0.0010808 1.95766e-05 8.24848e-08 7.2823e-11 1.17686e-14 3.14012e-19 1.27861e-24 7.51408e-31 6.13115e-38 6.75495e-46
 1.46288e-41 2.03038e-33 3.40638e-26 6.90806e-20 1.69343e-14 5.01795e-10 1.79735e-06 0.00077819 0.0407295 0.258447 0.231365 0.202778 0.169636 0.0792724 0.015964 0.00101157 1.70125e-05 6.51544e-08 5.14244e-11 7.34818e-15 1.72044e-19 6.1172e-25 3.12829e-31 2.21559e-38 2.11484e-46
#pred catch len freq
 2.55813e-27 2.57493e-27 2.1534e-26 4.00295e-20 9.81276e-15 2.9077e-10 1.04149e-06 0.000450925 0.0235998 0.149299 0.114655 0.0410854 0.232169 0.214768 0.0536381 0.0688043 0.0291488 0.0218355 0.0131832 0.00984064 0.00757353 0.00642434 0.00631817 0.00552639 0.00167836
 2.55825e-27 2.57557e-27 2.22853e-26 4.1615e-20 1.02014e-14 3.02287e-10 1.08274e-06 0.000468785 0.0245345 0.155213 0.119141 0.0392472 0.215033 0.199943 0.0692479 0.107849 0.0365176 0.0150467 0.00668238 0.00376876 0.00236724 0.00171716 0.00149126 0.001299 0.000431501
 2.559e-27 2.57743e-27 2.37561e-26 4.47171e-20 1.09619e-14 3.24819e-10 1.16345e-06 0.000503729 0.0263633 0.166782 0.127997 0.0406109 0.219188 0.203336 0.0618484 0.0903067 0.0340866 0.0191072 0.00608537 0.00189128 0.000793241 0.000438959 0.000314607 0.00025615 8.78969e-05
 2.55926e-27 2.57799e-27 2.40973e-26 4.54363e-20 1.11382e-14 3.30044e-10 1.18216e-06 0.00051183 0.0267874 0.169465 0.130063 0.041737 0.226306 0.209719 0.0596649 0.0835735 0.0297989 0.0144807 0.00537369 0.0018444 0.000416051 0.000129653 6.56938e-05 4.57573e-05 1.54949e-05
 2.56072e-27 2.58179e-27 2.72825e-26 5.21551e-20 1.27852e-14 3.78848e-10 1.35697e-06 0.000587517 0.0307485 0.194524 0.149204 0.0421032 0.215645 0.199664 0.0539942 0.0730646 0.0249623 0.0104784 0.00351653 0.00113461 0.000294177 5.49291e-05 1.32891e-05 6.59054e-06 2.08287e-06
 2.56025e-27 2.58034e-27 2.58537e-26 4.91403e-20 1.20461e-14 3.56949e-10 1.27853e-06 0.000553555 0.0289711 0.18328 0.140645 0.0437749 0.234381 0.216699 0.0524272 0.0651575 0.0218774 0.00859511 0.0026807 0.000744492 0.000173675 3.35511e-05 4.55992e-06 1.02546e-06 2.68308e-07
 2.5611e-27 2.58265e-27 2.78958e-26 5.34484e-20 1.31022e-14 3.88242e-10 1.39062e-06 0.000602085 0.031511 0.199348 0.152903 0.0430759 0.220449 0.203909 0.0513854 0.065944 0.0212363 0.00692522 0.00205748 0.000525395 0.000106292 1.80073e-05 2.22025e-06 2.17417e-07 3.27626e-08
 2.56327e-27 2.58835e-27 3.27545e-26 6.36975e-20 1.56147e-14 4.62691e-10 1.65728e-06 0.000717539 0.0375534 0.237574 0.182094 0.0432132 0.200985 0.185585 0.0415803 0.0481756 0.0155604 0.00515685 0.00143021 0.00030769 5.6822e-05 8.35131e-06 8.82327e-07 6.15739e-08 3.81154e-09
 2.56364e-27 2.58917e-27 3.32858e-26 6.48176e-20 1.58892e-14 4.70827e-10 1.68642e-06 0.000730157 0.0382138 0.241751 0.185306 0.0446132 0.209382 0.192999 0.0368235 0.035411 0.0109346 0.0028674 0.000773736 0.00016314 2.6125e-05 3.31366e-06 2.99641e-07 1.70203e-08 5.70432e-10
 2.56317e-27 2.58791e-27 3.21983e-26 6.25235e-20 1.53269e-14 4.54163e-10 1.62674e-06 0.000704314 0.0368613 0.233195 0.178774 0.0447007 0.214637 0.197922 0.0390447 0.0392157 0.011752 0.00246832 0.000601 0.000104574 1.60814e-05 1.83508e-06 1.38898e-07 6.57405e-09 1.61519e-10
 2.56313e-27 2.58777e-27 3.20418e-26 6.21932e-20 1.52459e-14 4.51764e-10 1.61814e-06 0.000700594 0.0366666 0.231963 0.177838 0.0449862 0.217467 0.200478 0.0384896 0.0373058 0.0111637 0.00232116 0.00053401 7.42258e-05 9.48571e-06 9.50953e-07 6.48297e-08 2.54405e-09 5.03074e-11
 2.56506e-27 2.59296e-27 3.65856e-26 7.17785e-20 1.75956e-14 5.2139e-10 1.86753e-06 0.00080857 0.0423176 0.267713 0.205122 0.044074 0.191357 0.17628 0.0323404 0.0293655 0.00864642 0.00157127 0.000349954 4.6783e-05 5.16665e-06 4.06861e-07 2.32273e-08 7.9982e-10 1.30425e-11
 2.56557e-27 2.59426e-27 3.76531e-26 7.40301e-20 1.81476e-14 5.37746e-10 1.92612e-06 0.000833934 0.0436451 0.276111 0.21154 0.0444693 0.189855 0.174724 0.0289756 0.0220825 0.00642924 0.00107358 0.000228611 2.71007e-05 2.84223e-06 2.0065e-07 8.97348e-09 2.49493e-10 3.47511e-12
 2.56344e-27 2.58842e-27 3.24441e-26 6.30413e-20 1.54538e-14 4.57924e-10 1.64021e-06 0.000710147 0.0371665 0.235126 0.180275 0.046362 0.226225 0.208215 0.0336328 0.0242616 0.00691578 0.00090924 0.000178197 1.93347e-05 1.8528e-06 1.17692e-07 4.73845e-09 1.0456e-10 1.15112e-12
 2.56197e-27 2.58455e-27 2.91377e-26 5.60667e-20 1.37441e-14 4.07261e-10 1.45874e-06 0.000631579 0.0330546 0.209113 0.160411 0.0463165 0.239835 0.221032 0.0405744 0.0368541 0.0105337 0.00136137 0.000256689 2.26326e-05 1.9269e-06 1.10103e-07 3.94628e-09 7.69821e-11 6.81218e-13
 2.56323e-27 2.58793e-27 3.20868e-26 6.22877e-20 1.52691e-14 4.5245e-10 1.6206e-06 0.000701658 0.0367222 0.232316 0.17812 0.0458173 0.223594 0.205946 0.0361086 0.0304758 0.0087426 0.00120392 0.000230167 1.92163e-05 1.45669e-06 6.77649e-08 2.13525e-09 3.67462e-11 2.83454e-13
 2.56464e-27 2.59175e-27 3.54519e-26 6.93866e-20 1.70093e-14 5.04015e-10 1.8053e-06 0.000781625 0.0409075 0.258792 0.198324 0.04497 0.202951 0.186855 0.0319634 0.0258319 0.00739947 0.00100931 0.000194274 1.73432e-05 1.32637e-06 5.63359e-08 1.46981e-09 2.12709e-11 1.43375e-13
 2.5641e-27 2.59019e-27 3.39706e-26 6.62615e-20 1.62432e-14 4.81315e-10 1.72399e-06 0.000746422 0.039065 0.247137 0.189443 0.0462042 0.218582 0.20109 0.0310489 0.0201639 0.00569851 0.000682405 0.00012522 1.0944e-05 8.51655e-07 3.80085e-08 9.42598e-10 1.15478e-11 6.41858e-14
 2.56454e-27 2.59145e-27 3.51405e-26 6.87296e-20 1.68482e-14 4.99244e-10 1.78821e-06 0.000774225 0.0405202 0.256342 0.19646 0.04541 0.207609 0.191074 0.0312879 0.0232231 0.00651436 0.00066221 0.000111855 8.78953e-06 6.46503e-07 2.86316e-08 7.37488e-10 8.91247e-12 4.3185e-14
 2.56518e-27 2.59311e-27 3.65582e-26 7.17201e-20 1.75813e-14 5.20966e-10 1.86601e-06 0.000807912 0.0422832 0.267495 0.204977 0.0454559 0.201974 0.185756 0.0282021 0.0175318 0.00490859 0.000513393 8.62464e-05 5.76654e-06 3.71545e-07 1.47748e-08 3.67633e-10 4.52849e-12 2.20134e-14
 2.56564e-27 2.59437e-27 3.76625e-26 7.40497e-20 1.81524e-14 5.37888e-10 1.92662e-06 0.000834154 0.0436566 0.276184 0.211607 0.0451856 0.195259 0.179545 0.026839 0.0159861 0.00443531 0.000398898 6.22671e-05 4.25311e-06 2.63219e-07 8.76434e-09 1.90793e-10 2.19118e-12 1.06538e-14
 2.56607e-27 2.59549e-27 3.86316e-26 7.6094e-20 1.86535e-14 5.52738e-10 1.97981e-06 0.000857184 0.0448619 0.283809 0.217429 0.0451293 0.19074 0.175318 0.0250314 0.012931 0.00355802 0.000288914 4.17488e-05 2.4751e-06 1.39995e-07 4.63498e-09 8.9535e-11 8.68686e-13 3.8343e-15
 2.56622e-27 2.59591e-27 3.89993e-26 7.68697e-20 1.88437e-14 5.58372e-10 2e-06 0.000865922 0.0453192 0.286702 0.219637 0.0450617 0.188674 0.173401 0.0245044 0.0122119 0.0033421 0.000244482 3.24827e-05 1.76003e-06 8.85673e-08 2.52474e-09 4.61568e-11 4.15583e-13 1.56065e-15
 2.56637e-27 2.59632e-27 3.9356e-26 7.76221e-20 1.90281e-14 5.63837e-10 2.01957e-06 0.000874397 0.0457628 0.289508 0.221778 0.0449761 0.186519 0.171406 0.0240504 0.0116789 0.00318933 0.000224847 2.87655e-05 1.42339e-06 6.39049e-08 1.61485e-09 2.55483e-11 2.05409e-13 7.21022e-16
 2.56607e-27 2.5955e-27 3.86433e-26 7.61187e-20 1.86596e-14 5.52917e-10 1.98045e-06 0.000857461 0.0448764 0.283901 0.217498 0.0450882 0.190378 0.174993 0.0251558 0.0132949 0.00364612 0.000270131 3.59347e-05 1.74356e-06 7.47755e-08 1.68696e-09 2.35362e-11 1.63167e-13 5.00212e-16
 2.56635e-27 2.59626e-27 3.93023e-26 7.75089e-20 1.90004e-14 5.63015e-10 2.01663e-06 0.000873122 0.0456961 0.289086 0.221456 0.0449928 0.186872 0.171731 0.024102 0.0117151 0.00320486 0.000236118 3.13487e-05 1.56831e-06 6.92176e-08 1.51389e-09 1.95154e-11 1.18305e-13 3.1369e-16
 2.56654e-27 2.59674e-27 3.97076e-26 7.83638e-20 1.921e-14 5.69225e-10 2.03887e-06 0.000882753 0.0462001 0.292275 0.223892 0.0450764 0.185796 0.170688 0.0229927 0.00945052 0.00255918 0.000165116 1.94404e-05 9.52694e-07 4.15797e-08 9.38657e-10 1.2153e-11 6.95196e-14 1.64353e-16
 2.56681e-27 2.59748e-27 4.03486e-26 7.9716e-20 1.95414e-14 5.79047e-10 2.07405e-06 0.000897984 0.0469973 0.297318 0.227741 0.0449582 0.182193 0.167344 0.0220582 0.00816251 0.00219234 0.000123377 1.22655e-05 5.33196e-07 2.00742e-08 4.39287e-10 5.7154e-12 3.3402e-14 7.66561e-17
 2.56466e-27 2.59161e-27 3.51214e-26 6.86887e-20 1.68382e-14 4.98947e-10 1.78714e-06 0.000773765 0.040496 0.25619 0.196365 0.0467883 0.218164 0.20048 0.0268746 0.0107997 0.00290251 0.00015097 1.32324e-05 5.11263e-07 1.55564e-08 2.8937e-10 3.36867e-12 1.93055e-14 4.49638e-17
#obs catch len freq
 6.00462e-42 8.33402e-34 1.39821e-26 2.83553e-20 6.95097e-15 2.0597e-10 7.37751e-07 0.000319421 0.0167172 0.105759 0.0815238 0.0423738 0.226736 0.191472 0.131789 0.127437 0.052082 0.0193037 0.00400779 0.000457223 2.13193e-05 2.98216e-07 9.45396e-10 5.53047e-13 5.21086e-17
 6.82308e-42 9.46998e-34 1.58879e-26 3.22202e-20 7.89842e-15 2.34044e-10 8.38309e-07 0.000362959 0.0189958 0.120175 0.0926451 0.0462277 0.230422 0.184977 0.129015 0.11426 0.0446949 0.0151044 0.00283021 0.000278289 1.05741e-05 1.1396e-07 2.66935e-10 1.12457e-13 7.52705e-18
 1.03264e-41 1.43323e-33 2.40454e-26 4.87636e-20 1.19538e-14 3.54214e-10 1.26874e-06 0.000549319 0.0287492 0.181877 0.139828 0.0481302 0.201872 0.154113 0.11031 0.0893591 0.0332726 0.0101187 0.00167533 0.00013973 4.28966e-06 3.5549e-08 6.16524e-11 1.87631e-14 8.94014e-19
 8.84245e-42 1.22727e-33 2.05901e-26 4.17563e-20 1.02361e-14 3.03313e-10 1.08642e-06 0.000470381 0.0246179 0.155743 0.120208 0.0600911 0.262158 0.182924 0.095509 0.0672061 0.0236767 0.00641057 0.000919518 6.3558e-05 1.5506e-06 9.81549e-09 1.26017e-11 2.77849e-15 9.45938e-20
 1.22108e-41 1.69478e-33 2.84335e-26 5.76625e-20 1.41353e-14 4.18855e-10 1.50027e-06 0.000649565 0.0339956 0.215068 0.165407 0.0539894 0.193205 0.135519 0.109834 0.0701326 0.0177916 0.00390151 0.000477757 2.68418e-05 5.09742e-07 2.43185e-09 2.29928e-12 3.67262e-16 8.95571e-21
 1.28448e-41 1.78277e-33 2.99097e-26 6.06563e-20 1.48692e-14 4.40601e-10 1.57816e-06 0.000683289 0.0357606 0.226236 0.174254 0.0637585 0.22075 0.137934 0.0766799 0.0460404 0.0149174 0.00274091 0.000234742 1.01588e-05 1.47418e-07 5.21605e-10 3.59243e-13 4.13491e-17 7.21254e-22
 1.1685e-41 1.6218e-33 2.7209e-26 5.51793e-20 1.35266e-14 4.00817e-10 1.43566e-06 0.000621591 0.0325316 0.205809 0.158938 0.0695471 0.235553 0.143178 0.0935049 0.0474095 0.0108366 0.00190985 0.000155024 4.69416e-06 4.7748e-08 1.22335e-10 6.0612e-14 4.9805e-18 6.17647e-23
 1.44963e-41 2.012e-33 3.37554e-26 6.84553e-20 1.6781e-14 4.97252e-10 1.78108e-06 0.000771144 0.0403586 0.255325 0.196674 0.0646485 0.184753 0.112581 0.0901501 0.0433019 0.0100028 0.00134572 8.45957e-05 2.19825e-06 1.60338e-08 2.75728e-11 9.45456e-15 5.46412e-19 4.77593e-24
 1.67268e-41 2.32156e-33 3.89491e-26 7.89879e-20 1.9363e-14 5.7376e-10 2.05511e-06 0.000889793 0.0465682 0.29461 0.226883 0.0688067 0.175204 0.0948051 0.0583642 0.0263557 0.00663325 0.000834574 4.23232e-05 7.99368e-07 4.47245e-09 5.56097e-12 1.28298e-15 4.97701e-20 2.98129e-25
 1.64462e-41 2.28262e-33 3.82957e-26 7.76629e-20 1.90382e-14 5.64135e-10 2.02064e-06 0.000874868 0.0457871 0.289671 0.223555 0.0770419 0.189948 0.0957637 0.0535531 0.0196608 0.00369593 0.000425995 2.01374e-05 3.01909e-07 1.20213e-09 1.0688e-12 1.76744e-16 4.74338e-21 1.9141e-26
 1.5595e-41 2.16449e-33 3.63137e-26 7.36435e-20 1.80528e-14 5.34939e-10 1.91606e-06 0.00082959 0.0434174 0.274683 0.212594 0.0840427 0.199517 0.099967 0.0618474 0.0198441 0.00299647 0.000250352 9.10992e-06 1.15955e-07 3.6248e-10 2.29957e-13 2.63674e-17 4.9495e-22 1.40005e-27
 1.51701e-41 2.10552e-33 3.53244e-26 7.16372e-20 1.7561e-14 5.20365e-10 1.86386e-06 0.000806988 0.0422345 0.267203 0.207354 0.0892114 0.199462 0.101411 0.0683758 0.0206592 0.00306942 0.000206054 5.24648e-06 4.70102e-08 1.12374e-10 5.47231e-14 4.56828e-18 5.98853e-23 1.16765e-28
 1.92685e-41 2.67434e-33 4.48676e-26 9.09905e-20 2.23053e-14 6.60945e-10 2.3674e-06 0.001025 0.0536445 0.339384 0.26198 0.076124 0.135783 0.069182 0.0472389 0.0135178 0.00199363 0.000121374 2.54059e-06 1.58911e-08 2.53688e-11 8.68459e-15 5.31658e-19 5.11188e-24 7.14974e-30
 1.62295e-41 2.25255e-33 3.77912e-26 7.66399e-20 1.87874e-14 5.56704e-10 1.99402e-06 0.000863343 0.045184 0.285874 0.223097 0.107261 0.205596 0.0827663 0.0379784 0.00990737 0.00139079 7.76371e-05 1.44397e-06 7.27443e-09 8.31349e-12 1.89385e-15 7.73361e-20 5.13775e-25 5.10937e-31
 1.34081e-41 1.86096e-33 3.12215e-26 6.33166e-20 1.55213e-14 4.59925e-10 1.64738e-06 0.000713257 0.0373291 0.236194 0.186467 0.120048 0.225451 0.112037 0.0674442 0.0130528 0.00120562 5.62511e-05 9.1009e-07 3.85744e-09 3.49917e-12 5.87257e-16 1.6556e-20 7.34101e-26 4.86696e-32
 1.22177e-41 1.69574e-33 2.84495e-26 5.7695e-20 1.41433e-14 4.19091e-10 1.50111e-06 0.000649931 0.0340148 0.215239 0.171387 0.124449 0.220633 0.128688 0.0845711 0.0184414 0.00186449 6.031e-05 6.68434e-07 2.23043e-09 1.62056e-12 2.121e-16 4.49205e-21 1.43763e-26 6.64298e-33
 1.63252e-41 2.26583e-33 3.80139e-26 7.70915e-20 1.88981e-14 5.59984e-10 2.00577e-06 0.00086843 0.0454502 0.287579 0.225673 0.104485 0.157156 0.0983409 0.0635913 0.0151231 0.00167399 5.66494e-05 5.26794e-07 1.18026e-09 5.98331e-13 5.85809e-17 9.41881e-22 2.26518e-27 7.73216e-34
 1.48664e-41 2.06335e-33 3.4617e-26 7.02026e-20 1.72093e-14 5.09944e-10 1.82654e-06 0.000790828 0.0413889 0.261922 0.209502 0.140488 0.202465 0.0888928 0.0434455 0.00998062 0.00108438 3.77304e-05 3.4795e-07 6.83425e-10 2.54436e-13 1.67676e-17 1.85323e-22 3.19427e-28 7.9856e-35
 1.54652e-41 2.14647e-33 3.60115e-26 7.30306e-20 1.79026e-14 5.30487e-10 1.90012e-06 0.000822685 0.0430562 0.272482 0.217903 0.133846 0.178779 0.0987153 0.0465916 0.00719655 0.000587447 1.85424e-05 1.60272e-07 2.91515e-10 9.47007e-14 4.96262e-18 3.96597e-23 4.67494e-29 7.93155e-36
 1.52738e-41 2.11991e-33 3.55659e-26 7.21269e-20 1.76811e-14 5.23922e-10 1.8766e-06 0.000812505 0.0425234 0.269148 0.217648 0.147759 0.1828 0.0921506 0.040069 0.00663188 0.000445259 9.48882e-06 6.35544e-08 9.84412e-11 2.75164e-14 1.2182e-18 7.93673e-24 7.27647e-30 9.13292e-37
 1.64447e-41 2.28242e-33 3.82923e-26 7.76561e-20 1.90365e-14 5.64085e-10 2.02046e-06 0.00087479 0.0457833 0.289793 0.234075 0.143396 0.162347 0.0853212 0.0333635 0.00474977 0.000289391 5.35207e-06 2.54766e-08 2.75051e-11 5.84118e-15 2.06059e-19 1.0799e-24 7.9139e-31 7.83015e-38
 1.59955e-41 2.22007e-33 3.72463e-26 7.55347e-20 1.85164e-14 5.48676e-10 1.96527e-06 0.000850894 0.0445327 0.281946 0.231532 0.161883 0.169939 0.0788006 0.0268703 0.00346585 0.000175908 2.67015e-06 1.03958e-08 8.36999e-12 1.22507e-15 3.00545e-20 1.14613e-25 6.32513e-32 4.78794e-39
 1.64243e-41 2.27959e-33 3.82448e-26 7.75596e-20 1.90128e-14 5.63385e-10 2.01795e-06 0.000873704 0.0457267 0.289545 0.238798 0.160804 0.158675 0.0788244 0.0240527 0.00258879 0.000109404 1.35591e-06 4.13283e-09 2.5755e-12 2.8455e-16 5.01589e-21 1.32361e-26 5.0263e-33 2.66311e-40
 1.65058e-41 2.2909e-33 3.84346e-26 7.79447e-20 1.91072e-14 5.66182e-10 2.02797e-06 0.000878042 0.0459539 0.291065 0.243141 0.170688 0.155595 0.0712003 0.0194939 0.00191626 6.60555e-05 6.33162e-07 1.4842e-09 7.00246e-13 5.77336e-17 7.54537e-22 1.46006e-27 3.98634e-34 1.48624e-41
 1.68581e-41 2.3398e-33 3.9255e-26 7.96083e-20 1.9515e-14 5.78267e-10 2.07126e-06 0.000896783 0.046935 0.297354 0.250307 0.172537 0.147551 0.0668362 0.0161649 0.00137486 4.03165e-05 3.14067e-07 5.57832e-10 1.94115e-13 1.17554e-17 1.12338e-22 1.58177e-28 3.13399e-35 8.45903e-43
 1.67784e-41 2.32874e-33 3.90694e-26 7.92319e-20 1.94228e-14 5.75532e-10 2.06146e-06 0.000892543 0.0467135 0.296084 0.253326 0.181895 0.145265 0.061545 0.0132576 0.000994722 2.40737e-05 1.50405e-07 2.09018e-10 5.47543e-14 2.41594e-18 1.65989e-23 1.6772e-29 2.38557e-36 4.62056e-44
 1.47086e-41 2.04146e-33 3.42497e-26 6.94577e-20 1.70267e-14 5.04533e-10 1.80716e-06 0.000782437 0.040952 0.259912 0.234954 0.214631 0.167032 0.0681487 0.0127619 0.000807146 1.60486e-05 7.98352e-08 8.53387e-11 1.68832e-14 5.54211e-19 2.78313e-24 2.02304e-30 2.0501e-37 2.81879e-45
 1.50193e-41 2.08458e-33 3.49732e-26 7.0925e-20 1.73864e-14 5.15192e-10 1.84533e-06 0.000798966 0.0418168 0.2653 0.235483 0.197428 0.166655 0.0776018 0.0140923 0.000808552 1.38773e-05 5.82274e-08 5.19975e-11 8.49535e-15 2.27985e-19 9.31143e-25 5.48489e-31 4.48325e-38 4.94346e-46
 1.54794e-41 2.14843e-33 3.60444e-26 7.30974e-20 1.7919e-14 5.30972e-10 1.90186e-06 0.000823438 0.0430976 0.273392 0.241225 0.194993 0.159113 0.0721217 0.0143203 0.000897066 1.49762e-05 5.70262e-08 4.48225e-11 6.38627e-15 1.49214e-19 5.29758e-25 2.70613e-31 1.91496e-38 1.82664e-46
#spawning biomass
 16103.2 18862.2 21460 24537.5 27523 31933.7 35783.9 44782.4 59821.5 82702.2 98840.6 122353 173321 207983 202605 154449 152637 145988 145610 139205 143104 144758 152388 165851 189346 194174 183421 166316 170164 281814 206452 90220.5 35593.9 22004.3 19200.8 18666.1 18569 18551.9 18549 18548.5 18548.4 18548.4 18548.4 18548.4 18548.4 18548.4 18548.4 18548.4 18548.4 18548.4 18548.4 18548.4 18548.4 18548.4 18548.4 18548.4 18548.4 18548.4 18548.4 18548.4 18548.4 18548.4 18548.4 18548.4 18548.4 18548.4 18548.4 18548.4 18548.4 18548.4 18548.4 18548.4 18548.4 18548.4 18548.4 18548.4 18548.4 18548.4 18548.4 18548.4 18548.4 18548.4 18548.4 18548.4 18548.4 18548.4 18548.4 18548.4 18548.4 18548.4 18548.4 18548.4 18548.4 18548.4 18548.4 18548.4 18548.4 18548.4 18548.4 18548.4 18548.4 18548.4 18548.4 18548.4 18548.4 18548.4 18548.4 18548.4 18548.4 18548.4 18548.4 18548.4 18548.4 18548.4 18548.4 18548.4 18548.4 18548.4 18548.4 18548.4 18548.4 18548.4 18548.4 18548.4 18548.4 18548.4 18548.4 18548.4 18548.4 0 0 0 0 0 0 0 0 0 0 0 0 0 0 0 0 0 0 0 0 0 0 0 0 0
