SBPRF35
0.273894
Curr Bio
130307
B35
204442
F35
0.449132
FOFL
0.449132
OFL
75795.1
Bzero
78255.4
#pred survey bio
 38251.3 39030.5 43560 49014.5 50739.6 62453.2 58695.6 72787.7 79658.5 76182.9 77591.8 92160.5 105539 111514 124686 126566 120459 127344 148398 150382 136401 134774 128012 137459 140071 149945 188085 224794 6.99353e+06 6.16433e+06 4.40343e+06 2.91326e+06 1.96443e+06 1.42404e+06 1.13169e+06 976229 893075 847598 821904 806837 797674 791919 788204 785757 784133 783042 782304 781802 781459 781225 781064 780954 780878 780826 780790 780766 780749 780737 780729 780724 780720 780717 780715 780714 780713 780713 780712 780712 780712 780712 780712 780712 780712 780712 780712 780712 780712 780712 780712 780712 780712 780712 780712 780712 780712 780712 780712 780712 780712 780712 780712 780712 780712 780712 780712 780712 780712 780712 780712 780712 780712 780712 780712 780712 780712 780712 780712 780712 780712 780712 780712 780712 780712 780712 780712 780712 780712 780712 780712 780712 780712 780712 780712 780712 780712 780712 780712 780712 0 0 0 0 0 0 0 0 0 0 0 0 0 0 0 0 0 0 0 0 0 0 0 0 0
#obs survey bio
 33674 36350 42174.7 51646.6 60780.8 49683.2 46713.3 90629.5 114879 70858 96455.2 82393 100898 100507 84585.6 126794 96470.9 135212 160691 130503 149306 133668 124432 171809 128300 198285 257919 258012
#pred catch bio
 20831.7 21962.1 25239.5 29216 25930.7 40392.4 31792.5 41437 48963.8 46292 42692.8 53523.4 64466.1 64955.7 76072.3 78867.5 71713.5 68821.5 85970.5 92851.2 80150.1 83986 73028.7 80502.9 80423.2 72228.4 95093.2 74301.7 75795.1 84041.7 58890.9 36809.7 23324 16074.2 12443 10702.4 9891.46 9520.68 9353.32 9278.42 9245.1 9230.34 9223.82 9220.94 9219.68 9219.12 9218.88 9218.77 9218.73 9218.71 9218.7 9218.69 9218.69 9218.69 9218.69 9218.69 9218.69 9218.69 9218.69 9218.69 9218.69 9218.69 9218.69 9218.69 9218.69 9218.69 9218.69 9218.69 9218.69 9218.69 9218.69 9218.69 9218.69 9218.69 9218.69 9218.69 9218.69 9218.69 9218.69 9218.69 9218.69 9218.69 9218.69 9218.69 9218.69 9218.69 9218.69 9218.69 9218.69 9218.69 9218.69 9218.69 9218.69 9218.69 9218.69 9218.69 9218.69 9218.69 9218.69 9218.69 9218.69 9218.69 9218.69 9218.69 9218.69 9218.69 9218.69 9218.69 9218.69 9218.69 9218.69 9218.69 9218.69 9218.69 9218.69 9218.69 9218.69 9218.69 9218.69 9218.69 9218.69 9218.69 9218.69 9218.69 9218.69 9218.69 9218.69 9218.69 0 0 0 0 0 0 0 0 0 0 0 0 0 0 0 0 0 0 0 0 0 0 0 0 0
#obs catch bio
 23303.4 22335.9 26150.6 29617.6 24470.1 41531.2 32222.5 38911.3 44161.5 46911.8 40019.8 53711.9 67747.1 66335.9 84597.3 84183.4 75987.7 67277.3 87318.5 93254.6 75837.4 87397.9 73458.8 77534.4 80095.4 69157.6 91624.9 72210.1
#pred cpue bio
 30040.4 28306.8 31076.8 34566.1 36296.3 45187.9 40984.2 51598.9 57246.9 54680.2 54980.5 65566.7 74009.2 78324.4 88198.1 89881.7 86137.5 90273.5 107035 109368 99011.4 97932.2 91075.9 99199.7 101098 107609 138096 163843 5.51443e+06 5.86146e+06 4.29637e+06 2.81565e+06 1.86717e+06 1.32679e+06 1.03444e+06 878982 795828 750352 724657 709591 700428 694673 690958 688511 686886 685795 685057 684555 684213 683978 683817 683707 683631 683579 683544 683519 683502 683491 683483 683477 683473 683471 683469 683468 683467 683466 683466 683466 683466 683465 683465 683465 683465 683465 683465 683465 683465 683465 683465 683465 683465 683465 683465 683465 683465 683465 683465 683465 683465 683465 683465 683465 683465 683465 683465 683465 683465 683465 683465 683465 683465 683465 683465 683465 683465 683465 683465 683465 683465 683465 683465 683465 683465 683465 683465 683465 683465 683465 683465 683465 683465 683465 683465 683465 683465 683465 683465 683465 0 0 0 0 0 0 0 0 0 0 0 0 0 0 0 0 0 0 0 0 0 0 0 0 0
#obs cpue bio
 24317.2 30324.1 27022.6 34562.9 38720.7 50794.4 41381.2 71180 62639.1 44011.4 65847.1 61710.6 61186.4 80193.7 74966 78874.1 82979.4 106180 86738.3 135512 117402 74457.3 92133 103799 107370 96416.2 138374 130789
#pred surv len freq
 3.91969e-11 1.84363e-09 6.00459e-08 1.35419e-06 2.11475e-05 0.000228681 0.00171234 0.00887892 0.031886 0.0793552 0.137184 0.166261 0.146243 0.104298 0.0749227 0.0603535 0.0481996 0.0359552 0.0265774 0.0203592 0.0163307 0.0138189 0.0118719 0.00938689 0.00615516
 4.16768e-11 1.96028e-09 6.3845e-08 1.43986e-06 2.24855e-05 0.000243149 0.00182069 0.00944078 0.0339049 0.0843909 0.145965 0.17726 0.157043 0.114255 0.0842942 0.0672904 0.0494907 0.030761 0.0172847 0.00989574 0.00613059 0.00414091 0.00297845 0.00209752 0.00128901
 4.19065e-11 1.97108e-09 6.41968e-08 1.4478e-06 2.26094e-05 0.000244489 0.00183072 0.00949283 0.0340921 0.0848595 0.146794 0.178351 0.158284 0.115744 0.0861355 0.0692114 0.0509463 0.0313112 0.0167383 0.00835643 0.00399614 0.00188181 0.000937788 0.000504431 0.000264993
 4.25537e-11 2.00152e-09 6.51883e-08 1.47016e-06 2.29586e-05 0.000248265 0.00185899 0.0096394 0.034618 0.0861637 0.149017 0.180899 0.160049 0.11598 0.0849809 0.067445 0.0493321 0.0301578 0.0159786 0.00781841 0.00353939 0.00144465 0.000539243 0.000194754 7.10597e-05
 4.13548e-11 1.94513e-09 6.33518e-08 1.42874e-06 2.23118e-05 0.000241271 0.00180663 0.00936794 0.0336444 0.0837523 0.144929 0.176323 0.157248 0.116591 0.0886971 0.0722304 0.0530485 0.0320627 0.016603 0.00790704 0.00348961 0.00137583 0.00047507 0.000143943 3.87997e-05
 4.09126e-11 1.92433e-09 6.26743e-08 1.41346e-06 2.20732e-05 0.000238691 0.0017873 0.00926775 0.0332844 0.0828556 0.143372 0.174403 0.155463 0.115164 0.0876837 0.0720159 0.0541579 0.0343555 0.0191276 0.00975724 0.0044643 0.00176545 0.000597313 0.000172822 4.23824e-05
 4.31423e-11 2.02921e-09 6.609e-08 1.49049e-06 2.32762e-05 0.000251699 0.00188471 0.0097727 0.0350963 0.0873502 0.151042 0.183227 0.161688 0.116257 0.0839872 0.0657791 0.0475885 0.0286746 0.0149177 0.00721547 0.00327248 0.00133106 0.000467647 0.000138463 3.38156e-05
 4.21106e-11 1.98068e-09 6.45095e-08 1.45485e-06 2.27196e-05 0.00024568 0.00183964 0.00953906 0.0342581 0.0852723 0.147506 0.179204 0.159003 0.116183 0.086331 0.0692207 0.0507703 0.0309634 0.0162857 0.00786314 0.00348439 0.00136785 0.000467405 0.00013756 3.40322e-05
 4.11453e-11 1.93528e-09 6.30307e-08 1.4215e-06 2.21988e-05 0.000240048 0.00179747 0.00932048 0.0334739 0.0833283 0.144198 0.175444 0.156502 0.116135 0.0885342 0.0723901 0.0536045 0.0329343 0.0174969 0.0085501 0.00382612 0.00150627 0.000510432 0.000147388 3.56668e-05
 4.12129e-11 1.93846e-09 6.31343e-08 1.42383e-06 2.22352e-05 0.000240443 0.00180042 0.00933578 0.0335289 0.0834649 0.144432 0.175721 0.15672 0.116231 0.0885111 0.0722716 0.0534064 0.0326913 0.0172767 0.0084075 0.00376197 0.00148691 0.000506637 0.000146746 3.54151e-05
 4.21808e-11 1.98398e-09 6.46171e-08 1.45728e-06 2.27575e-05 0.00024609 0.0018427 0.00955496 0.0343151 0.0854132 0.147742 0.17946 0.159126 0.116057 0.0859793 0.0688191 0.0505146 0.0309175 0.0163758 0.00798275 0.00357004 0.00140813 0.000479042 0.000138817 3.35757e-05
 4.19545e-11 1.97334e-09 6.42704e-08 1.44946e-06 2.26354e-05 0.00024477 0.00183282 0.00950372 0.0341312 0.0849567 0.146962 0.178554 0.158461 0.11587 0.0862409 0.0693442 0.0511352 0.0315297 0.0168945 0.00834413 0.00377259 0.00150005 0.000513158 0.000149163 3.61236e-05
 4.29268e-11 2.01907e-09 6.57598e-08 1.48305e-06 2.31599e-05 0.000250442 0.00187529 0.00972388 0.0349211 0.0869149 0.150295 0.182348 0.161004 0.115973 0.0840946 0.0661957 0.0482485 0.0294522 0.0155921 0.00762512 0.00343931 0.00137422 0.00047418 0.000139064 3.39202e-05
 4.26008e-11 2.00374e-09 6.52605e-08 1.47179e-06 2.29841e-05 0.00024854 0.00186105 0.0096501 0.0346566 0.0862617 0.1492 0.181183 0.160496 0.116699 0.0859168 0.0681842 0.0493798 0.029463 0.0149874 0.00700039 0.00304572 0.0011894 0.000405113 0.000118237 2.88871e-05
 4.22024e-11 1.985e-09 6.46502e-08 1.45802e-06 2.27691e-05 0.000246216 0.00184365 0.00955987 0.0343328 0.085458 0.147825 0.179584 0.159314 0.116351 0.0863636 0.0691415 0.0505812 0.0306837 0.0159784 0.00759856 0.00329759 0.00125754 0.000413839 0.000116909 2.79029e-05
 4.1882e-11 1.96993e-09 6.41593e-08 1.44695e-06 2.25962e-05 0.000244346 0.00182965 0.0094873 0.0340725 0.0848134 0.146733 0.178363 0.158572 0.116527 0.0873677 0.0704065 0.0515186 0.0311166 0.016101 0.00763617 0.00333161 0.0012834 0.000424872 0.000119297 2.79403e-05
 4.13592e-11 1.94534e-09 6.33584e-08 1.42889e-06 2.23142e-05 0.000241296 0.00180681 0.00936892 0.0336479 0.0837611 0.144945 0.176344 0.157273 0.116624 0.0887429 0.0722876 0.0531055 0.032097 0.0165899 0.00784469 0.00340731 0.00130698 0.000431956 0.000121496 2.85264e-05
 4.21617e-11 1.98309e-09 6.45878e-08 1.45662e-06 2.27472e-05 0.000245978 0.00184187 0.00955064 0.0342996 0.0853744 0.147675 0.179375 0.159043 0.115983 0.0859249 0.0688201 0.0506092 0.0310834 0.0165276 0.00805444 0.00356952 0.00138155 0.000457641 0.000128627 3.01619e-05
 4.09589e-11 1.92651e-09 6.27453e-08 1.41506e-06 2.20982e-05 0.000238961 0.00178933 0.00927827 0.0333224 0.0829519 0.143552 0.174682 0.155901 0.115864 0.0885768 0.07267 0.0540748 0.0335285 0.0180809 0.00899342 0.00408909 0.00162959 0.000555568 0.000159707 3.79599e-05
 4.03569e-11 1.89819e-09 6.1823e-08 1.39426e-06 2.17734e-05 0.000235449 0.00176303 0.00914194 0.0328333 0.0817394 0.141488 0.172333 0.154327 0.115802 0.0899008 0.0745971 0.0558148 0.034758 0.0188564 0.00945442 0.00434303 0.00175576 0.000610556 0.00017982 4.38456e-05
 4.04466e-11 1.90242e-09 6.19605e-08 1.39736e-06 2.18218e-05 0.000235972 0.00176695 0.00916227 0.0329063 0.081921 0.141801 0.17271 0.154649 0.116003 0.0899794 0.0745361 0.0555779 0.0343793 0.0184657 0.00917288 0.00419579 0.00169867 0.000594496 0.000177031 4.38341e-05
 4.0465e-11 1.90328e-09 6.19886e-08 1.398e-06 2.18318e-05 0.00023608 0.00176775 0.00916642 0.0329211 0.0819565 0.141853 0.172732 0.154537 0.115652 0.0894317 0.07406 0.0554791 0.034692 0.0189356 0.00954111 0.00438997 0.00177522 0.000619333 0.000184262 4.57739e-05
 4.19384e-11 1.97258e-09 6.42458e-08 1.4489e-06 2.26267e-05 0.000244676 0.00183212 0.00950007 0.0341182 0.0849247 0.146909 0.178504 0.15846 0.115958 0.0863968 0.0694719 0.0511352 0.0314084 0.0167604 0.00828644 0.00378755 0.0015371 0.000539736 0.000161243 4.00958e-05
 4.08523e-11 1.9215e-09 6.2582e-08 1.41138e-06 2.20407e-05 0.000238339 0.00178467 0.00925414 0.0332359 0.0827383 0.143193 0.174301 0.155736 0.116103 0.0891728 0.0733151 0.05443 0.0335092 0.0178621 0.00878211 0.00397182 0.00159092 0.000552618 0.000164282 4.08766e-05
 4.09349e-11 1.92538e-09 6.27085e-08 1.41423e-06 2.20853e-05 0.000238821 0.00178828 0.00927283 0.0333028 0.0829032 0.143467 0.174576 0.155799 0.115776 0.0885055 0.0726444 0.0541308 0.0336573 0.0182232 0.00909727 0.00414816 0.00166169 0.000573672 0.000168897 4.16053e-05
 4.14077e-11 1.94762e-09 6.34328e-08 1.43057e-06 2.23404e-05 0.00024158 0.00180893 0.00937989 0.0336869 0.0838547 0.145082 0.176395 0.156948 0.115629 0.0871731 0.0708571 0.0526547 0.0327911 0.0178462 0.00898843 0.00414838 0.001685 0.000589019 0.000174695 4.30698e-05
 3.98766e-11 1.87561e-09 6.10873e-08 1.37767e-06 2.15143e-05 0.000232647 0.00174205 0.00903316 0.0324427 0.0807685 0.139816 0.170342 0.152692 0.114915 0.0897418 0.0751008 0.0570094 0.0364778 0.0206126 0.0107791 0.00511415 0.00211911 0.000753733 0.000227197 5.68001e-05
 4.06462e-11 1.9118e-09 6.22662e-08 1.40426e-06 2.19295e-05 0.000237137 0.00177567 0.00920741 0.0330677 0.0823157 0.142435 0.173254 0.154408 0.114336 0.0870716 0.0717436 0.0544721 0.0353037 0.0204293 0.0110133 0.00540184 0.00231805 0.000852905 0.000264597 6.76639e-05
#obs surv len freq
 4.07942e-11 1.91876e-09 6.24928e-08 1.40937e-06 2.20094e-05 0.000238 0.00178213 0.00924097 0.0331889 0.0826218 0.142998 0.174091 0.155639 0.116212 0.0894471 0.073563 0.0544644 0.0333469 0.0177028 0.00877396 0.0040822 0.00171119 0.000626183 0.000195658 5.10023e-05
 4.05367e-11 1.90665e-09 6.20984e-08 1.40048e-06 2.18704e-05 0.000236498 0.00177089 0.00918265 0.0329795 0.0821013 0.142102 0.173028 0.154776 0.115775 0.0894458 0.0739866 0.0553223 0.0344642 0.0186836 0.00932734 0.00425281 0.00171176 0.000600551 0.000182252 4.67775e-05
 4.24299e-11 1.9957e-09 6.49985e-08 1.46588e-06 2.28918e-05 0.000247543 0.00185358 0.00961134 0.0345175 0.0859136 0.148588 0.180395 0.159659 0.115819 0.08504 0.0676629 0.0496671 0.0305666 0.01638 0.00812525 0.00371216 0.00149973 0.00052316 0.000155512 3.87062e-05
 4.23867e-11 1.99367e-09 6.49324e-08 1.46439e-06 2.28685e-05 0.000247291 0.0018517 0.00960159 0.0344827 0.0858302 0.148465 0.180342 0.15992 0.116639 0.086332 0.0688183 0.04998 0.0299229 0.015311 0.00721407 0.00317237 0.00125407 0.000432752 0.000127907 3.16262e-05
 3.96175e-11 1.86342e-09 6.06902e-08 1.36872e-06 2.13745e-05 0.000231135 0.00173073 0.00897452 0.032233 0.0802532 0.138973 0.169545 0.152711 0.116429 0.0925703 0.0779096 0.0582645 0.0358149 0.0189262 0.00914215 0.0040197 0.00154994 0.000515788 0.000147455 3.56206e-05
 4.39352e-11 2.0665e-09 6.73045e-08 1.51789e-06 2.3704e-05 0.000256325 0.00191934 0.00995222 0.0357404 0.0889449 0.153745 0.18625 0.163533 0.115841 0.081533 0.0626758 0.0452789 0.0275988 0.0146083 0.00711719 0.0031742 0.00124278 0.000416906 0.000118418 2.80223e-05
 4.13105e-11 1.94305e-09 6.32838e-08 1.42721e-06 2.22879e-05 0.000241012 0.00180469 0.00935792 0.0336088 0.0836666 0.144802 0.176267 0.15751 0.117419 0.0899994 0.073385 0.0533398 0.0313893 0.015524 0.00701515 0.00297847 0.00114633 0.000385541 0.000110619 2.64096e-05
 4.34498e-11 2.04367e-09 6.65609e-08 1.50112e-06 2.34421e-05 0.000253493 0.00189813 0.0098423 0.035346 0.0879674 0.152082 0.184362 0.162284 0.11584 0.0826938 0.0643695 0.0468476 0.028716 0.0152341 0.0073488 0.00318418 0.00119295 0.000382285 0.000105133 2.45247e-05
 4.13856e-11 1.94658e-09 6.33988e-08 1.4298e-06 2.23284e-05 0.000241451 0.00180797 0.00937492 0.0336697 0.0838164 0.145049 0.176513 0.157556 0.117096 0.0893544 0.0727382 0.0530516 0.0315378 0.0158887 0.00734292 0.00316802 0.00122293 0.000406353 0.000113592 2.6209e-05
 4.21314e-11 1.98166e-09 6.45412e-08 1.45557e-06 2.27308e-05 0.000245801 0.00184054 0.00954377 0.0342753 0.0853154 0.147585 0.179325 0.159186 0.116472 0.0867105 0.0695411 0.0508419 0.0307435 0.0159071 0.00749351 0.00321449 0.0012092 0.000391599 0.000108525 2.52681e-05
 4.2016e-11 1.97623e-09 6.43645e-08 1.45158e-06 2.26685e-05 0.000245128 0.0018355 0.00951765 0.0341816 0.0850836 0.147194 0.178895 0.158949 0.116601 0.0871611 0.0700537 0.0511482 0.030793 0.015848 0.00746336 0.0032311 0.00123352 0.000403703 0.000111745 2.57334e-05
 4.26502e-11 2.00606e-09 6.53361e-08 1.47349e-06 2.30107e-05 0.000248828 0.00186321 0.00966126 0.0346967 0.0863599 0.149361 0.181335 0.160496 0.116421 0.0854062 0.0677125 0.0492438 0.0296945 0.0153472 0.00725456 0.00314433 0.00120066 0.000394024 0.000109785 2.54808e-05
 4.24053e-11 1.99454e-09 6.49609e-08 1.46503e-06 2.28786e-05 0.000247399 0.00185251 0.00960581 0.0344979 0.0858682 0.148532 0.180428 0.160014 0.116745 0.0864512 0.0689211 0.050018 0.0298712 0.0151842 0.00705331 0.0030251 0.00115165 0.000378207 0.00010556 2.45578e-05
 4.18038e-11 1.96625e-09 6.40395e-08 1.44425e-06 2.25541e-05 0.00024389 0.00182624 0.00946961 0.0340092 0.0846564 0.146467 0.17807 0.158405 0.116603 0.0876689 0.0707866 0.0518143 0.0312565 0.0161078 0.00757097 0.00325468 0.00123025 0.000399598 0.000110515 2.55882e-05
 4.13865e-11 1.94662e-09 6.34001e-08 1.42983e-06 2.23289e-05 0.000241455 0.00180801 0.00937509 0.0336701 0.0838149 0.14503 0.176412 0.157219 0.116351 0.088285 0.0718697 0.0529832 0.032309 0.016943 0.00813291 0.00356316 0.001367 0.000448422 0.000124429 2.87259e-05
 4.05192e-11 1.90583e-09 6.20716e-08 1.39987e-06 2.1861e-05 0.000236396 0.00177012 0.00917871 0.0329655 0.0820682 0.142057 0.173027 0.154949 0.116254 0.0901842 0.0746428 0.0554998 0.0341029 0.0180843 0.0088088 0.00392339 0.00153303 0.000512872 0.000144948 3.39412e-05
 4.14351e-11 1.94891e-09 6.34746e-08 1.43151e-06 2.23551e-05 0.000241739 0.00181013 0.00938608 0.0337093 0.0839103 0.145179 0.17652 0.157081 0.11577 0.0873221 0.0709701 0.0526657 0.0326787 0.0176527 0.0087827 0.00398366 0.00158174 0.000538053 0.000154828 3.69305e-05
 4.18456e-11 1.96821e-09 6.41034e-08 1.4457e-06 2.25766e-05 0.000244134 0.00182806 0.00947905 0.034043 0.0847388 0.146599 0.178179 0.15834 0.116219 0.0869968 0.0701129 0.0514847 0.0313816 0.0165254 0.00804356 0.00362484 0.00145153 0.000501979 0.000147149 3.57344e-05
 3.94588e-11 1.85595e-09 6.04471e-08 1.36324e-06 2.12889e-05 0.000230209 0.0017238 0.00893859 0.0321041 0.0799337 0.13843 0.16893 0.15231 0.11644 0.092951 0.0784193 0.0586655 0.0360439 0.0190647 0.00926703 0.00413506 0.00163078 0.000556671 0.000162502 3.96959e-05
 4.20507e-11 1.97786e-09 6.44176e-08 1.45278e-06 2.26872e-05 0.00024533 0.00183702 0.00952548 0.0342093 0.0851494 0.147285 0.178898 0.158613 0.115664 0.0857189 0.0687824 0.0508328 0.0315523 0.0170754 0.00850361 0.00385237 0.00152592 0.000518696 0.000149952 3.62302e-05
 3.94187e-11 1.85407e-09 6.03857e-08 1.36185e-06 2.12673e-05 0.000229976 0.00172205 0.00892952 0.0320716 0.0798537 0.138297 0.168796 0.152278 0.116594 0.0932575 0.0787008 0.0587363 0.0358992 0.0188722 0.00916806 0.00413105 0.00165634 0.000573527 0.00016823 4.08952e-05
 4.13246e-11 1.94371e-09 6.33054e-08 1.4277e-06 2.22955e-05 0.000241095 0.0018053 0.00936108 0.0336197 0.0836888 0.144807 0.17612 0.156893 0.115981 0.087891 0.0716124 0.0530648 0.0327374 0.0174999 0.00859132 0.00384774 0.00151429 0.000514685 0.00014972 3.65107e-05
 4.17625e-11 1.96431e-09 6.39762e-08 1.44282e-06 2.25318e-05 0.000243649 0.00182443 0.00946024 0.0339755 0.0845718 0.146316 0.177865 0.158154 0.116281 0.0872851 0.0704795 0.0517693 0.0315219 0.016553 0.00801492 0.00358279 0.00141915 0.000484834 0.000140673 3.39997e-05
 3.96707e-11 1.86592e-09 6.07718e-08 1.37056e-06 2.14032e-05 0.000231446 0.00173306 0.00898658 0.0322764 0.0803614 0.139162 0.169785 0.152955 0.116662 0.0927733 0.077982 0.0580884 0.0354231 0.0185158 0.0088824 0.00392131 0.00153311 0.000518619 0.000149836 3.62059e-05
 4.33742e-11 2.04011e-09 6.64451e-08 1.49851e-06 2.34013e-05 0.000253052 0.00189483 0.00982517 0.0352844 0.0878134 0.151811 0.184011 0.161903 0.115424 0.082255 0.0640639 0.0468879 0.0291405 0.0158535 0.00792289 0.00358206 0.00140852 0.000473924 0.000135551 3.24207e-05
 3.79605e-11 1.78548e-09 5.81518e-08 1.31147e-06 2.04805e-05 0.000221468 0.00165835 0.00859932 0.0308871 0.0769192 0.133315 0.163187 0.148729 0.117025 0.0973141 0.0841008 0.0631137 0.0384032 0.0199934 0.00962604 0.00432469 0.00173728 0.000602778 0.000176575 4.26969e-05
 4.2371e-11 1.99293e-09 6.49083e-08 1.46385e-06 2.28601e-05 0.000247199 0.00185101 0.00959798 0.0344691 0.0857895 0.148348 0.179985 0.158922 0.114533 0.0833349 0.0663622 0.0497209 0.0320119 0.018269 0.00953215 0.00442089 0.00176226 0.000600771 0.000174956 4.27169e-05
 3.89365e-11 1.83139e-09 5.9647e-08 1.34519e-06 2.10071e-05 0.000227162 0.00170099 0.00882031 0.0316797 0.0788807 0.136632 0.166857 0.150831 0.116127 0.0936907 0.0796481 0.0598758 0.0370837 0.020003 0.0101122 0.0047848 0.00201809 0.000729812 0.000220529 5.45302e-05
#pred catch len freq
 3.36907e-11 1.58465e-09 5.16111e-08 1.16396e-06 1.81769e-05 0.000196558 0.00147182 0.00763199 0.0274115 0.0682541 0.11823 0.144406 0.130642 0.100996 0.0827841 0.0734894 0.0610798 0.0463459 0.0346261 0.0266908 0.0214664 0.0181807 0.0156231 0.0123537 0.00810064
 3.69966e-11 1.74014e-09 5.66754e-08 1.27817e-06 1.99605e-05 0.000215845 0.00161625 0.00838098 0.0301028 0.0749661 0.12993 0.159041 0.14495 0.114072 0.0949771 0.0824437 0.0626509 0.0394545 0.0223874 0.0129251 0.00804612 0.00544472 0.00391829 0.00275973 0.00169601
 3.74817e-11 1.76296e-09 5.74185e-08 1.29493e-06 2.02222e-05 0.000218675 0.00163744 0.00849089 0.0304977 0.0759509 0.131646 0.161186 0.147047 0.116019 0.0969511 0.0843443 0.064025 0.0398271 0.021474 0.0107999 0.00518924 0.00244933 0.00122179 0.000657421 0.000345394
 3.84175e-11 1.80697e-09 5.8852e-08 1.32726e-06 2.07271e-05 0.000224134 0.00167831 0.00870278 0.031258 0.0778364 0.13486 0.164866 0.149586 0.116329 0.0952337 0.0817369 0.0616489 0.0381361 0.0203712 0.0100371 0.00456404 0.00186692 0.000697541 0.000252038 9.19779e-05
 3.62149e-11 1.70337e-09 5.54778e-08 1.25116e-06 1.95387e-05 0.000211284 0.0015821 0.00820405 0.029469 0.0734048 0.12734 0.156419 0.144307 0.117161 0.101635 0.0901625 0.0683967 0.0418742 0.0218939 0.0105187 0.00466949 0.00184634 0.000638345 0.000193525 5.21784e-05
 3.7004e-11 1.74049e-09 5.66867e-08 1.27843e-06 1.99645e-05 0.000215888 0.00161657 0.00838268 0.0301092 0.0749855 0.129986 0.159218 0.145464 0.115247 0.0970192 0.0852363 0.0657798 0.0421599 0.023641 0.0121276 0.00556759 0.00220531 0.00074669 0.000216122 5.3011e-05
 3.86184e-11 1.81642e-09 5.91598e-08 1.3342e-06 2.08355e-05 0.000225306 0.00168709 0.0087483 0.0314214 0.0782428 0.135561 0.165706 0.150293 0.116747 0.0953544 0.0815319 0.0610627 0.0372859 0.0195785 0.00954783 0.00435366 0.0017754 0.000624432 0.000184971 4.51833e-05
 3.76401e-11 1.77041e-09 5.76612e-08 1.3004e-06 2.03077e-05 0.000219599 0.00164436 0.00852677 0.0306266 0.0762723 0.132206 0.161881 0.147712 0.1166 0.0974727 0.0847286 0.0641168 0.0395823 0.0209991 0.0102148 0.00454846 0.00178984 0.000612248 0.000180276 4.46104e-05
 3.69546e-11 1.73817e-09 5.6611e-08 1.27672e-06 1.99378e-05 0.0002156 0.00161441 0.00837153 0.0300696 0.0748914 0.129854 0.1592 0.145899 0.116483 0.0989149 0.0868715 0.0661016 0.0410491 0.0219761 0.01081 0.00485786 0.00191638 0.000649995 0.000187767 4.54472e-05
 3.69633e-11 1.73858e-09 5.66244e-08 1.27702e-06 1.99425e-05 0.000215651 0.0016148 0.00837352 0.0300768 0.0749096 0.129888 0.159252 0.14598 0.116611 0.0990767 0.0869874 0.0660798 0.0408896 0.0217786 0.0106704 0.00479546 0.00189943 0.000647801 0.000187714 4.53113e-05
 3.75414e-11 1.76577e-09 5.75099e-08 1.29699e-06 2.02544e-05 0.000219023 0.00164005 0.0085044 0.0305463 0.0760728 0.131863 0.161476 0.14739 0.11645 0.0974831 0.0848606 0.0643505 0.0398923 0.0213222 0.0104754 0.0047083 0.00186162 0.000633998 0.000183811 4.44689e-05
 3.75588e-11 1.76659e-09 5.75366e-08 1.29759e-06 2.02638e-05 0.000219125 0.00164081 0.00850834 0.0305603 0.0761067 0.131915 0.161507 0.147315 0.116183 0.0970541 0.0844686 0.0642283 0.0400832 0.021661 0.0107752 0.00489378 0.0019501 0.000667758 0.000194188 4.70376e-05
 3.90041e-11 1.83457e-09 5.97507e-08 1.34753e-06 2.10436e-05 0.000227557 0.00170394 0.00883563 0.0317346 0.0790177 0.136869 0.167146 0.151088 0.116319 0.0938393 0.0797697 0.0599385 0.037016 0.0197507 0.00972311 0.00440423 0.00176337 0.000608999 0.000178675 4.35903e-05
 3.83589e-11 1.80422e-09 5.87623e-08 1.32524e-06 2.06955e-05 0.000223793 0.00167576 0.00868956 0.0312108 0.0777226 0.134688 0.16477 0.149863 0.117271 0.0967421 0.0831078 0.0620675 0.0374679 0.0192152 0.00904195 0.00395399 0.00154801 0.000527838 0.000154129 3.76646e-05
 3.815e-11 1.79439e-09 5.84422e-08 1.31802e-06 2.05828e-05 0.000222574 0.00166663 0.00864223 0.0310409 0.0772998 0.133957 0.163889 0.149104 0.116785 0.0965465 0.0832747 0.0627051 0.038462 0.020183 0.00966224 0.0042116 0.00160962 0.000530225 0.000149858 3.5775e-05
 3.79084e-11 1.78303e-09 5.80722e-08 1.30967e-06 2.04524e-05 0.000221165 0.00165608 0.00858754 0.0308447 0.0768142 0.133136 0.162979 0.148577 0.116988 0.0974017 0.0843006 0.0634 0.0386969 0.0201711 0.009629 0.00421932 0.00162885 0.000539746 0.000151618 3.55174e-05
 3.70189e-11 1.74119e-09 5.67095e-08 1.27894e-06 1.99725e-05 0.000215975 0.00161722 0.00838611 0.0301221 0.0750236 0.130093 0.159539 0.146355 0.117127 0.0997024 0.0874656 0.0660884 0.0403828 0.0210381 0.0100188 0.00437229 0.00168109 0.000556181 0.000156512 3.67564e-05
 3.7427e-11 1.76039e-09 5.73346e-08 1.29304e-06 2.01927e-05 0.000218356 0.00163505 0.00847849 0.0304533 0.075842 0.131468 0.161018 0.147054 0.116358 0.0976297 0.0851681 0.0647416 0.0402864 0.0216208 0.01062 0.00473025 0.00183531 0.000608621 0.000171152 4.0144e-05
 3.63766e-11 1.71098e-09 5.57256e-08 1.25675e-06 1.9626e-05 0.000212228 0.00158917 0.00824064 0.0295999 0.0737261 0.127864 0.156906 0.144265 0.116152 0.0997926 0.0883877 0.0677129 0.0424778 0.0231031 0.0115746 0.00528652 0.00211135 0.0007205 0.000207211 4.92615e-05
 3.6064e-11 1.69628e-09 5.52467e-08 1.24595e-06 1.94573e-05 0.000210404 0.00157551 0.00816985 0.029346 0.0730962 0.126791 0.155676 0.143413 0.116042 0.100365 0.0892825 0.0685771 0.0431581 0.023595 0.0119075 0.00549204 0.00222455 0.000774231 0.000228114 5.56315e-05
 3.58662e-11 1.68698e-09 5.49437e-08 1.23912e-06 1.93506e-05 0.00020925 0.00156687 0.00812508 0.0291854 0.0726991 0.126121 0.154945 0.143028 0.116314 0.101222 0.0902692 0.0692026 0.0432887 0.0234453 0.0117301 0.0053898 0.00218679 0.000766047 0.000228213 5.65185e-05
 3.62457e-11 1.70482e-09 5.5525e-08 1.25223e-06 1.95554e-05 0.000211464 0.00158345 0.00821099 0.0294935 0.0734612 0.127407 0.156356 0.143794 0.115854 0.0996675 0.0884539 0.0680196 0.0429834 0.0236408 0.0119875 0.00553713 0.00224328 0.000783273 0.000233127 5.79233e-05
 3.74423e-11 1.76111e-09 5.73581e-08 1.29357e-06 2.02009e-05 0.000218445 0.00163572 0.00848196 0.0304657 0.0758726 0.131519 0.161071 0.14707 0.116302 0.0974888 0.0849608 0.0645121 0.0401128 0.021593 0.0107556 0.00493949 0.00200913 0.000706174 0.000211058 5.24939e-05
 3.63198e-11 1.70831e-09 5.56386e-08 1.25479e-06 1.95953e-05 0.000211897 0.00158669 0.00822779 0.0295539 0.0736131 0.127679 0.156728 0.144256 0.116453 0.100361 0.088941 0.0679307 0.0422968 0.0227346 0.0112584 0.00511517 0.00205344 0.000713971 0.000212343 5.28462e-05
 3.6296e-11 1.70719e-09 5.56021e-08 1.25396e-06 1.95825e-05 0.000211757 0.00158564 0.00822238 0.0295344 0.0735633 0.127585 0.156577 0.144006 0.116039 0.0998198 0.0885229 0.0679327 0.0427424 0.0233433 0.0117383 0.00537673 0.00215853 0.000745915 0.000219706 5.41331e-05
 3.59955e-11 1.69305e-09 5.51417e-08 1.24358e-06 1.94203e-05 0.000210004 0.00157252 0.00815432 0.0292902 0.0729575 0.126551 0.155387 0.143166 0.115885 0.100297 0.0893116 0.0687306 0.0434198 0.0238833 0.012137 0.00563254 0.00229384 0.000802769 0.000238216 5.87453e-05
 3.4399e-11 1.61796e-09 5.2696e-08 1.18843e-06 1.8559e-05 0.00020069 0.00150278 0.00779278 0.0279928 0.0697385 0.121053 0.149041 0.138614 0.114888 0.102608 0.0934236 0.0732099 0.0474825 0.0271076 0.0142926 0.00681408 0.00282989 0.00100756 0.000303852 7.59817e-05
 3.38436e-11 1.59184e-09 5.18453e-08 1.16924e-06 1.82594e-05 0.00019745 0.00147852 0.00766699 0.0275413 0.0686165 0.119126 0.146764 0.136804 0.114034 0.102652 0.0941373 0.0744729 0.0491454 0.0288342 0.0157123 0.00775405 0.00333676 0.00122923 0.000381562 9.76014e-05
#obs catch len freq
 3.59616e-11 1.69146e-09 5.50897e-08 1.24241e-06 1.94021e-05 0.000209807 0.00157103 0.00814662 0.0292623 0.0728849 0.126405 0.155115 0.142622 0.114876 0.098902 0.0881437 0.0685244 0.044287 0.0252344 0.0133208 0.00639528 0.00269791 0.000987624 0.000310848 8.24023e-05
 3.5211e-11 1.65615e-09 5.39399e-08 1.21648e-06 1.89971e-05 0.000205427 0.00153825 0.0079767 0.0286534 0.0713814 0.123889 0.152455 0.141531 0.116716 0.103327 0.0928703 0.0710513 0.0440404 0.0235773 0.0117711 0.00550309 0.00231255 0.000847289 0.000264924 6.90846e-05
 3.5209e-11 1.65606e-09 5.39369e-08 1.21641e-06 1.89961e-05 0.000205416 0.00153816 0.00797624 0.0286515 0.0713748 0.123864 0.152361 0.141247 0.116111 0.102488 0.0922644 0.071182 0.0448682 0.0245143 0.0123167 0.0056389 0.00227459 0.000798948 0.000242627 6.22986e-05
 3.75304e-11 1.76525e-09 5.74931e-08 1.29661e-06 2.02485e-05 0.000218959 0.00163957 0.00850191 0.0305374 0.0760497 0.131818 0.161401 0.147256 0.116212 0.0971534 0.0845648 0.0642512 0.0400398 0.0216239 0.0107944 0.00495165 0.00200473 0.000700087 0.000208236 5.18483e-05
 3.69526e-11 1.73807e-09 5.66079e-08 1.27665e-06 1.99368e-05 0.000215588 0.00161433 0.00837111 0.0300685 0.0748913 0.129873 0.159316 0.146294 0.117363 0.100186 0.0879205 0.0662216 0.0401739 0.0207335 0.00984362 0.00435161 0.0017251 0.000596147 0.000176341 4.36217e-05
 3.46704e-11 1.63073e-09 5.31117e-08 1.1978e-06 1.87054e-05 0.000202274 0.00151463 0.00785429 0.0282143 0.0702937 0.122042 0.150378 0.140225 0.11691 0.104929 0.0951004 0.0730508 0.0453508 0.0241245 0.0117188 0.00517183 0.00199815 0.000665654 0.000190419 4.60171e-05
 3.93779e-11 1.85214e-09 6.03231e-08 1.36044e-06 2.12452e-05 0.000229737 0.00172027 0.00892025 0.0320383 0.07977 0.138148 0.168592 0.152027 0.116276 0.0929043 0.0784937 0.0588814 0.0363726 0.0194028 0.00951185 0.00425926 0.00167112 0.00056122 0.000159511 3.77612e-05
 3.5985e-11 1.69256e-09 5.51256e-08 1.24322e-06 1.94147e-05 0.000209943 0.00157206 0.00815202 0.0292829 0.072947 0.126588 0.15569 0.144251 0.118337 0.103879 0.0923627 0.0693047 0.0412518 0.0205566 0.00935628 0.00399353 0.00154144 0.000519174 0.000149075 3.56064e-05
 3.86635e-11 1.81855e-09 5.92288e-08 1.33576e-06 2.08598e-05 0.00022557 0.00168906 0.0087585 0.031458 0.0783316 0.135701 0.165813 0.150189 0.116272 0.0946069 0.0809754 0.061174 0.0380024 0.0203212 0.00986444 0.00429158 0.00161134 0.000516982 0.000142283 3.32065e-05
 3.64904e-11 1.71633e-09 5.58998e-08 1.26068e-06 1.96874e-05 0.000212892 0.00159414 0.00826645 0.0296932 0.0739626 0.128304 0.157586 0.145328 0.117851 0.101983 0.0900732 0.0677081 0.040686 0.0206404 0.00959918 0.00416001 0.00160971 0.000535503 0.000149791 3.45744e-05
 3.72002e-11 1.74972e-09 5.69872e-08 1.28521e-06 2.00703e-05 0.000217033 0.00162514 0.00842716 0.0302695 0.0753885 0.130712 0.160236 0.146794 0.117071 0.099204 0.0868279 0.0656154 0.0401514 0.0209301 0.00992204 0.00427446 0.00161165 0.000522574 0.000144928 3.3759e-05
 3.7024e-11 1.74143e-09 5.67173e-08 1.27912e-06 1.99753e-05 0.000216005 0.00161745 0.00838727 0.0301265 0.0750344 0.130114 0.159576 0.146421 0.117243 0.0998573 0.0875862 0.06609 0.0402624 0.0208777 0.00989605 0.00430332 0.00164675 0.000539605 0.000149468 3.44351e-05
 3.78323e-11 1.77945e-09 5.79554e-08 1.30704e-06 2.04113e-05 0.00022072 0.00165275 0.00857028 0.030783 0.076661 0.132876 0.162686 0.148393 0.117016 0.0976255 0.0846068 0.0636645 0.0388603 0.0202353 0.00962585 0.00419001 0.00160362 0.000526895 0.000146907 3.41111e-05
 3.73997e-11 1.7591e-09 5.72928e-08 1.2921e-06 2.0178e-05 0.000218197 0.00163386 0.00847235 0.0304317 0.0757918 0.131407 0.161066 0.147483 0.117458 0.099282 0.0865851 0.0650133 0.0393013 0.0201311 0.00941415 0.00405657 0.00154823 0.000509104 0.000142199 3.30961e-05
 3.66136e-11 1.72213e-09 5.60885e-08 1.26494e-06 1.97538e-05 0.00021361 0.00159952 0.00829433 0.029793 0.074208 0.128708 0.157981 0.145372 0.117256 0.10085 0.0890045 0.0673593 0.0411284 0.0213609 0.010108 0.00436537 0.00165418 0.000538002 0.000148906 3.44932e-05
 3.60889e-11 1.69745e-09 5.52848e-08 1.24681e-06 1.94708e-05 0.000210549 0.0015766 0.00817551 0.0293667 0.0731501 0.126901 0.155893 0.143868 0.116908 0.10158 0.0903272 0.0688207 0.0424779 0.022453 0.0108507 0.00477525 0.0018364 0.000603162 0.00016749 3.86845e-05
 3.50649e-11 1.64928e-09 5.37161e-08 1.21143e-06 1.89183e-05 0.000204575 0.00153187 0.00794363 0.0285347 0.0710875 0.123389 0.15189 0.141168 0.116753 0.103762 0.0935487 0.0717781 0.0446269 0.0238538 0.0116979 0.00523342 0.00204973 0.000686576 0.000194179 4.5489e-05
 3.62364e-11 1.70439e-09 5.55108e-08 1.25191e-06 1.95504e-05 0.00021141 0.00158304 0.00820889 0.0294862 0.0734437 0.127383 0.156358 0.143894 0.116128 0.100093 0.0888431 0.0681501 0.0428084 0.0233085 0.0116714 0.00531576 0.00211521 0.000720344 0.000207422 4.94954e-05
 3.65027e-11 1.71691e-09 5.59186e-08 1.26111e-06 1.9694e-05 0.000212963 0.00159467 0.0082692 0.0297027 0.0739826 0.128314 0.157481 0.144863 0.116755 0.100362 0.0886769 0.0674133 0.0416171 0.0220983 0.0108325 0.00490463 0.00196886 0.000681743 0.000199986 4.85859e-05
 3.41879e-11 1.60803e-09 5.23725e-08 1.18113e-06 1.84451e-05 0.000199458 0.00149356 0.00774503 0.0278223 0.0693222 0.120391 0.148507 0.139002 0.116942 0.106101 0.0967115 0.0743953 0.0461888 0.0246072 0.0120356 0.00539262 0.0021314 0.000728392 0.000212771 5.1996e-05
 3.67828e-11 1.73008e-09 5.63477e-08 1.27078e-06 1.98451e-05 0.000214597 0.00160691 0.0083326 0.0299299 0.0745433 0.129251 0.158465 0.145242 0.11601 0.0986356 0.0868752 0.0665248 0.0418376 0.0228314 0.0114467 0.00520792 0.0020675 0.000703634 0.000203562 4.92043e-05
 3.43632e-11 1.61628e-09 5.26412e-08 1.18719e-06 1.85397e-05 0.000200482 0.00150122 0.00778475 0.0279649 0.0696762 0.120997 0.149215 0.139536 0.117123 0.105935 0.096291 0.0738094 0.0455612 0.0241147 0.0117846 0.00533115 0.00214197 0.000742464 0.00021791 5.29905e-05
 3.61971e-11 1.70254e-09 5.54505e-08 1.25055e-06 1.95291e-05 0.000211181 0.00158132 0.0082 0.0294543 0.0733657 0.127257 0.156243 0.143915 0.1164 0.100584 0.089327 0.0683605 0.0426775 0.0229889 0.0113576 0.00510755 0.00201447 0.000685482 0.00019954 4.86797e-05
 3.66427e-11 1.7235e-09 5.61331e-08 1.26594e-06 1.97695e-05 0.00021378 0.00160079 0.00830091 0.0298165 0.0742648 0.128795 0.158034 0.145249 0.116816 0.100125 0.0882994 0.0670462 0.0413204 0.0218682 0.0106588 0.00478564 0.0019 0.000649884 0.000188689 4.56232e-05
 3.42517e-11 1.61103e-09 5.24704e-08 1.18334e-06 1.84796e-05 0.000199831 0.00149635 0.0077595 0.0278743 0.0694521 0.120619 0.148798 0.139307 0.117253 0.106401 0.0968806 0.0742774 0.0457872 0.0241129 0.0116439 0.00516335 0.0020235 0.000685356 0.00019815 4.79003e-05
 3.80426e-11 1.78934e-09 5.82777e-08 1.31431e-06 2.05248e-05 0.000221947 0.00166194 0.00861788 0.0309533 0.077079 0.133558 0.163324 0.14835 0.115729 0.0952648 0.0823264 0.0627716 0.0396033 0.0217455 0.0109463 0.00497156 0.00195958 0.000660195 0.000188976 4.52207e-05
 3.20918e-11 1.50945e-09 4.91616e-08 1.10872e-06 1.73143e-05 0.00018723 0.001402 0.00727042 0.0261199 0.0651049 0.113234 0.140463 0.133961 0.11769 0.112104 0.104578 0.0806128 0.0495633 0.026006 0.0126114 0.0056939 0.00229323 0.000796706 0.000233549 5.6497e-05
 3.6593e-11 1.72116e-09 5.60571e-08 1.26423e-06 1.97428e-05 0.00021349 0.00159862 0.00828959 0.0297751 0.0741546 0.128555 0.157512 0.144055 0.11447 0.0968655 0.0856807 0.0668686 0.0437245 0.0251968 0.0132415 0.00616766 0.00246415 0.000841147 0.00024516 5.98883e-05
#spawning biomass
 25369.7 22304 24122 26448.3 28352.8 35689.8 30960.7 39784.9 44933.1 42858.9 42351.9 50750.8 56196.6 59730.2 67842.9 69534.3 67263.7 69568.4 84344.7 87079.5 78683.8 77859.6 70511.7 78272.8 79717.1 84190.8 111019 130307 208230 275858 190054 117563 73482.4 49791.5 37925.7 32237.9 29587.8 28376.2 27829.3 27584.6 27475.7 27427.4 27406.1 27396.7 27392.6 27390.8 27390 27389.6 27389.5 27389.4 27389.4 27389.4 27389.4 27389.4 27389.4 27389.4 27389.4 27389.4 27389.4 27389.4 27389.4 27389.4 27389.4 27389.4 27389.4 27389.4 27389.4 27389.4 27389.4 27389.4 27389.4 27389.4 27389.4 27389.4 27389.4 27389.4 27389.4 27389.4 27389.4 27389.4 27389.4 27389.4 27389.4 27389.4 27389.4 27389.4 27389.4 27389.4 27389.4 27389.4 27389.4 27389.4 27389.4 27389.4 27389.4 27389.4 27389.4 27389.4 27389.4 27389.4 27389.4 27389.4 27389.4 27389.4 27389.4 27389.4 27389.4 27389.4 27389.4 27389.4 27389.4 27389.4 27389.4 27389.4 27389.4 27389.4 27389.4 27389.4 27389.4 27389.4 27389.4 27389.4 27389.4 27389.4 27389.4 27389.4 27389.4 27389.4 0 0 0 0 0 0 0 0 0 0 0 0 0 0 0 0 0 0 0 0 0 0 0 0 0
