SBPRF35
0.238616
Curr Bio
334255
B35
399794
F35
0.41494
FOFL
0.379324
OFL
133956
Bzero
68176
#pred survey bio
 86129.1 77617.2 57315.3 44260.9 66394.1 106853 158510 221246 269678 304710 310038 330668 384961 392033 385261 420273 420006 384620 397906 399683 374024 386858 416888 446866 499862 452127 469803 532286 1.97912e+07 1.0359e+07 7.12084e+06 4.45786e+06 2.76652e+06 1.80889e+06 1.2952e+06 1.02525e+06 883198 807208 765465 741798 727937 719571 714390 711113 709020 707668 706787 706209 705828 705577 705411 705301 705228 705179 705147 705125 705111 705102 705096 705091 705089 705087 705086 705085 705084 705084 705084 705083 705083 705083 705083 705083 705083 705083 705083 705083 705083 705083 705083 705083 705083 705083 705083 705083 705083 705083 705083 705083 705083 705083 705083 705083 705083 705083 705083 705083 705083 705083 705083 705083 705083 705083 705083 705083 705083 705083 705083 705083 705083 705083 705083 705083 705083 705083 705083 705083 705083 705083 705083 705083 705083 705083 705083 705083 705083 705083 705083 705083 0 0 0 0 0 0 0 0 0 0 0 0 0 0 0 0 0 0 0 0 0 0 0 0 0
#obs survey bio
 74527.4 47631.2 47074 54919.1 92017.1 124706 228039 239825 234051 325910 225985 442372 343554 466173 356315 333715 542568 443811 424421 396729 392152 410490 385821 316352 485482 409083 465198 542487
#pred catch bio
 14291.9 16059.9 13777.8 9672.95 14065 27569 39862.7 69870.5 87568.5 114185 122552 121313 165097 171855 154348 195418 206451 164724 173484 183411 156107 159848 179876 182897 253030 211205 189837 216341 133956 130066 88496.6 53114.3 31183.3 19352.9 13428 10589.9 9268.37 8664.47 8391.96 8270.04 8215.82 8191.8 8181.19 8176.51 8174.45 8173.55 8173.16 8172.98 8172.91 8172.87 8172.86 8172.85 8172.85 8172.85 8172.85 8172.85 8172.85 8172.85 8172.85 8172.85 8172.85 8172.85 8172.85 8172.85 8172.85 8172.85 8172.85 8172.85 8172.85 8172.85 8172.85 8172.85 8172.85 8172.85 8172.85 8172.85 8172.85 8172.85 8172.85 8172.85 8172.85 8172.85 8172.85 8172.85 8172.85 8172.85 8172.85 8172.85 8172.85 8172.85 8172.85 8172.85 8172.85 8172.85 8172.85 8172.85 8172.85 8172.85 8172.85 8172.85 8172.85 8172.85 8172.85 8172.85 8172.85 8172.85 8172.85 8172.85 8172.85 8172.85 8172.85 8172.85 8172.85 8172.85 8172.85 8172.85 8172.85 8172.85 8172.85 8172.85 8172.85 8172.85 8172.85 8172.85 8172.85 8172.85 8172.85 8172.85 0 0 0 0 0 0 0 0 0 0 0 0 0 0 0 0 0 0 0 0 0 0 0 0 0
#obs catch bio
 10166.8 16991.6 14996.3 10061.6 13811 27237.5 38188.4 65799.8 84592.3 106009 120720 114148 154197 159282 144972 195359 212517 164158 174658 185218 160080 161496 180303 191170 268770 226708 188651 216114
#pred cpue bio
 80260.6 73654.8 55652.9 41959.1 57991.5 93664.5 139398 196107 239531 272436 277262 292610 339864 346336 340897 370987 368497 338379 351178 353091 330992 342126 367407 392470 439466 396642 410618 468127 1.75098e+07 9.82874e+06 6.97309e+06 4.38825e+06 2.70956e+06 1.75378e+06 1.24035e+06 970434 828388 752398 710656 686989 673128 664762 659581 656303 654211 652859 651978 651400 651019 650768 650602 650491 650418 650370 650338 650316 650302 650293 650286 650282 650279 650278 650276 650275 650275 650275 650274 650274 650274 650274 650274 650274 650274 650274 650274 650274 650274 650274 650274 650274 650274 650274 650274 650274 650274 650274 650274 650274 650274 650274 650274 650274 650274 650274 650274 650274 650274 650274 650274 650274 650274 650274 650274 650274 650274 650274 650274 650274 650274 650274 650274 650274 650274 650274 650274 650274 650274 650274 650274 650274 650274 650274 650274 650274 650274 650274 650274 650274 0 0 0 0 0 0 0 0 0 0 0 0 0 0 0 0 0 0 0 0 0 0 0 0 0
#obs cpue bio
 75435.8 62551.1 32944.1 43732.7 85104.6 90070.5 126627 276798 238331 429307 293345 331409 525554 399619 418678 385759 244086 299130 319596 354668 248505 331431 423070 348953 426708 291556 532388 466346
#pred surv len freq
 2.82381e-11 1.32818e-09 4.32581e-08 9.75578e-07 1.52351e-05 0.000164746 0.00123362 0.00639696 0.0229774 0.0572303 0.0992504 0.121776 0.111971 0.090519 0.0796795 0.0759698 0.0687933 0.0587649 0.0495718 0.0414448 0.034298 0.028448 0.0232128 0.0173723 0.0109086
 1.62433e-11 7.64006e-10 2.48832e-08 5.61178e-07 8.76363e-06 9.47677e-05 0.000709656 0.00368062 0.0132304 0.0330503 0.0579811 0.0742705 0.0783287 0.0841481 0.098265 0.106686 0.0995541 0.0846169 0.0704149 0.0577169 0.0459448 0.0355835 0.0265817 0.0183135 0.0108186
 7.03241e-12 3.30771e-10 1.0773e-08 2.42958e-07 3.79417e-06 4.10298e-05 0.000307262 0.00159393 0.00573419 0.0143701 0.0255225 0.0341655 0.0406932 0.0529622 0.0732834 0.0936526 0.108357 0.11635 0.113843 0.0995132 0.0791337 0.0588789 0.0411088 0.0261417 0.014344
 3.05248e-11 1.43574e-09 4.67612e-08 1.05458e-06 1.64688e-05 0.000178086 0.00133348 0.00691416 0.0248263 0.0617478 0.106487 0.127845 0.108602 0.0696076 0.0417649 0.0342603 0.0405561 0.0530131 0.064823 0.069859 0.0651586 0.0524987 0.0367442 0.0222988 0.0114641
 4.67287e-11 2.1979e-09 7.15841e-08 1.6144e-06 2.52111e-05 0.000272622 0.00204135 0.0105845 0.0380059 0.094533 0.16306 0.195911 0.166762 0.106845 0.0606561 0.0374145 0.0247895 0.0166533 0.0135894 0.0144863 0.0159109 0.0151603 0.0118847 0.00755599 0.00385582
 3.86921e-11 1.81989e-09 5.92727e-08 1.33675e-06 2.08752e-05 0.000225737 0.00169031 0.00876493 0.0314803 0.0783816 0.135747 0.165678 0.149447 0.114378 0.0913855 0.0769492 0.0571762 0.0347553 0.0185898 0.0104394 0.00738753 0.00637787 0.00536285 0.00373671 0.00202464
 3.90794e-11 1.83811e-09 5.9866e-08 1.35013e-06 2.10842e-05 0.000227996 0.00170722 0.00885244 0.0317924 0.0791368 0.136906 0.166395 0.147894 0.108833 0.0827379 0.0700491 0.057436 0.0425306 0.0286593 0.0172555 0.00921525 0.00480978 0.00281969 0.00175645 0.000963278
 3.6898e-11 1.73551e-09 5.65243e-08 1.27476e-06 1.99073e-05 0.000215269 0.00161193 0.00835847 0.0300202 0.0747431 0.129426 0.157872 0.142147 0.108447 0.0870523 0.0759057 0.0619584 0.0454509 0.0315802 0.0209253 0.0125685 0.00661463 0.00310534 0.00138102 0.000595982
 3.70051e-11 1.74055e-09 5.66884e-08 1.27847e-06 1.99651e-05 0.000215894 0.00161661 0.00838269 0.0301066 0.0749525 0.129749 0.158084 0.141758 0.106979 0.0846537 0.0736657 0.0611036 0.0461448 0.0329882 0.0223425 0.0138413 0.00763977 0.00368182 0.00152707 0.000546597
 3.50033e-11 1.64639e-09 5.36218e-08 1.2093e-06 1.8885e-05 0.000204215 0.00152916 0.00792937 0.0284801 0.0709193 0.122877 0.150229 0.136379 0.106428 0.0884665 0.0793011 0.0661095 0.0497174 0.0355914 0.0244722 0.0155647 0.00886642 0.00440736 0.00185909 0.000649706
 3.5656e-11 1.67709e-09 5.46217e-08 1.23185e-06 1.92372e-05 0.000208023 0.00155767 0.00807713 0.0290098 0.0722282 0.125076 0.152591 0.137487 0.105171 0.0850936 0.0755159 0.0637705 0.0493161 0.0362966 0.025354 0.0162713 0.00939202 0.00476882 0.00206141 0.000733285
 3.87168e-11 1.82105e-09 5.93106e-08 1.3376e-06 2.08886e-05 0.00022588 0.00169138 0.00877029 0.0314971 0.0783992 0.135612 0.164739 0.146149 0.106945 0.0804714 0.0675028 0.0552443 0.0417867 0.0304257 0.0214095 0.0140121 0.00826212 0.00427333 0.00187972 0.000680741
 3.83095e-11 1.80189e-09 5.86865e-08 1.32353e-06 2.06688e-05 0.000223504 0.00167359 0.0086781 0.0311671 0.0775876 0.134276 0.163436 0.146017 0.108978 0.0844513 0.0716352 0.0574283 0.0413808 0.0283993 0.0191069 0.0122405 0.00720899 0.00377484 0.00169094 0.000623982
 3.78832e-11 1.78184e-09 5.80335e-08 1.3088e-06 2.04388e-05 0.000221017 0.00165496 0.00858157 0.0308207 0.0767286 0.132812 0.161759 0.144862 0.108866 0.0853809 0.0732612 0.0593444 0.0431395 0.0294903 0.0192822 0.0117734 0.00660769 0.0033544 0.00148772 0.000551714
 3.74892e-11 1.76331e-09 5.743e-08 1.29519e-06 2.02262e-05 0.000218718 0.00163775 0.00849235 0.0305005 0.0759336 0.131451 0.160174 0.143678 0.108483 0.0857442 0.0740786 0.0603823 0.0442815 0.0306015 0.0201527 0.0122479 0.00672149 0.00328877 0.00140383 0.000506407
 3.84606e-11 1.809e-09 5.89181e-08 1.32875e-06 2.07503e-05 0.000224386 0.00168019 0.00871231 0.0312895 0.0778888 0.134772 0.163922 0.146078 0.108272 0.0831404 0.0705297 0.0573946 0.0424521 0.0297288 0.0198431 0.0121954 0.00672872 0.00327354 0.00137127 0.000481204
 3.97538e-11 1.86983e-09 6.08991e-08 1.37343e-06 2.1448e-05 0.00023193 0.00173668 0.00900518 0.0323407 0.0804985 0.139241 0.169135 0.150001 0.109608 0.0820558 0.0679311 0.0540507 0.0388891 0.0265108 0.0174548 0.0107355 0.00596975 0.00292568 0.00122735 0.000427665
 3.83562e-11 1.80409e-09 5.87581e-08 1.32514e-06 2.0694e-05 0.000223776 0.00167563 0.00868872 0.0312056 0.0776874 0.134476 0.163804 0.146746 0.110354 0.0864716 0.0736859 0.0586569 0.0413703 0.0272995 0.017354 0.0103541 0.00563838 0.00273803 0.00114798 0.000400724
 3.79634e-11 1.78562e-09 5.81564e-08 1.31157e-06 2.04821e-05 0.000221485 0.00165847 0.00859974 0.0308859 0.0768903 0.133088 0.162077 0.14509 0.108929 0.0853426 0.0733006 0.0596103 0.0435646 0.0297907 0.0192069 0.0113246 0.00600289 0.00283269 0.00116228 0.000400744
 3.79073e-11 1.78298e-09 5.80704e-08 1.30963e-06 2.04518e-05 0.000221158 0.00165602 0.00858703 0.0308402 0.0767762 0.132888 0.161822 0.144824 0.108645 0.0850018 0.0729119 0.059269 0.0434475 0.0300632 0.0198257 0.0120058 0.00648055 0.00305979 0.00123686 0.000417561
 3.73935e-11 1.75881e-09 5.72834e-08 1.29188e-06 2.01746e-05 0.00021816 0.00163358 0.00847069 0.0304228 0.0757415 0.131127 0.159816 0.143478 0.108582 0.0861063 0.074494 0.0606356 0.0443366 0.0305899 0.0201939 0.0123315 0.0067633 0.00325324 0.00133283 0.000451313
 3.78936e-11 1.78234e-09 5.80495e-08 1.30916e-06 2.04444e-05 0.000221078 0.00165542 0.00858392 0.0308289 0.0767465 0.132826 0.161696 0.144551 0.108115 0.084246 0.0722278 0.0590173 0.0436987 0.0305835 0.0203777 0.0125025 0.00689194 0.00334519 0.00138823 0.000476423
 3.88022e-11 1.82507e-09 5.94413e-08 1.34055e-06 2.09346e-05 0.000226378 0.00169511 0.00878967 0.0315672 0.0785785 0.135956 0.165313 0.147159 0.10872 0.082979 0.0699108 0.0564323 0.0413085 0.0286872 0.0191403 0.0118496 0.00660461 0.00323684 0.00135497 0.000469342
 3.94044e-11 1.85339e-09 6.03638e-08 1.36135e-06 2.12595e-05 0.000229892 0.00172141 0.00892606 0.0320568 0.0797949 0.138044 0.167776 0.149103 0.109608 0.0828862 0.0691299 0.0551366 0.0396368 0.0269201 0.0176199 0.0107795 0.00598649 0.00294473 0.00124254 0.000434377
 3.88758e-11 1.82853e-09 5.95542e-08 1.34309e-06 2.09744e-05 0.000226808 0.00169833 0.00880638 0.0316275 0.0787316 0.13624 0.16575 0.147839 0.10982 0.0844667 0.0712645 0.0569547 0.0407538 0.0273912 0.01765 0.0105934 0.00577398 0.00280227 0.00117561 0.00041135
 3.9392e-11 1.85281e-09 6.03449e-08 1.36093e-06 2.12528e-05 0.000229819 0.00172087 0.00892327 0.0320469 0.0797717 0.138014 0.167784 0.149253 0.110022 0.0835698 0.0698854 0.0556853 0.0398061 0.0266839 0.0170703 0.0101099 0.00540814 0.00257032 0.00105812 0.000365214
 4.03377e-11 1.89729e-09 6.17937e-08 1.3936e-06 2.17631e-05 0.000235337 0.00176219 0.00913744 0.0328154 0.0816776 0.141263 0.17151 0.151843 0.11038 0.0818755 0.0672118 0.0530826 0.0377409 0.0251903 0.0160675 0.00948689 0.00504282 0.00236902 0.000959712 0.000325468
 3.83727e-11 1.80487e-09 5.87834e-08 1.32571e-06 2.07029e-05 0.000223873 0.00167635 0.00869247 0.031219 0.0777208 0.134533 0.16387 0.146796 0.110376 0.0864859 0.0737415 0.0587939 0.041563 0.0274465 0.017355 0.010196 0.00540224 0.00252781 0.00101719 0.000341462
#obs surv len freq
 2.7188e-11 1.27879e-09 4.16495e-08 9.39301e-07 1.46685e-05 0.00015862 0.00118775 0.00615911 0.0221236 0.0551071 0.0955937 0.117411 0.108348 0.0884272 0.0789268 0.0762285 0.070256 0.0620392 0.0550523 0.0484538 0.0407162 0.0316821 0.0221176 0.0133376 0.00665859
 4.91305e-12 2.31086e-10 7.52633e-09 1.69739e-07 2.65076e-06 2.86664e-05 0.000214716 0.00111469 0.00402212 0.0101977 0.0189132 0.0289934 0.0452228 0.0750853 0.110908 0.130009 0.123734 0.106079 0.0898401 0.0762038 0.063132 0.0494508 0.034991 0.0212609 0.0105955
 1.40197e-14 6.59437e-13 2.14795e-11 4.84598e-10 7.57895e-09 8.24393e-08 6.31691e-07 3.57203e-06 1.70632e-05 8.44434e-05 0.000435709 0.00193138 0.00654536 0.0169115 0.0354847 0.0649449 0.104475 0.140862 0.155037 0.143343 0.118258 0.0905238 0.063345 0.0385227 0.0192755
 5.23293e-11 2.46132e-09 8.01634e-08 1.80789e-06 2.82327e-05 0.000305295 0.00228599 0.0118526 0.0425539 0.105792 0.182117 0.21709 0.179202 0.102503 0.040929 0.0124653 0.00574358 0.00801908 0.0131504 0.0176347 0.0188857 0.0164799 0.0119981 0.00731459 0.00364787
 3.41102e-11 1.60438e-09 5.22536e-08 1.17845e-06 1.84032e-05 0.000199006 0.00149017 0.00772753 0.0277604 0.069178 0.120207 0.148592 0.140033 0.1195 0.109338 0.0975427 0.0696525 0.0365765 0.0151907 0.00784029 0.00746221 0.00790037 0.00682164 0.00458383 0.00238351
 4.33669e-11 2.03977e-09 6.64339e-08 1.49825e-06 2.33974e-05 0.000253009 0.0018945 0.00982328 0.0352752 0.0877657 0.151561 0.182922 0.158449 0.10787 0.0714042 0.0551098 0.045713 0.0360118 0.0252483 0.0148017 0.00730224 0.0036909 0.00236887 0.00160922 0.00090201
 3.52105e-11 1.65613e-09 5.39391e-08 1.21646e-06 1.89968e-05 0.000205424 0.00153822 0.00797645 0.028651 0.0713609 0.123754 0.151822 0.139468 0.112083 0.0962497 0.085841 0.0674221 0.0453306 0.0287255 0.0182823 0.0110053 0.00579991 0.00270069 0.00121672 0.000547721
 4.01771e-11 1.88974e-09 6.15475e-08 1.38805e-06 2.16764e-05 0.0002344 0.00175517 0.00910096 0.0326836 0.0813404 0.140619 0.170442 0.149994 0.107222 0.0777163 0.0640211 0.0531247 0.041078 0.0295771 0.0194107 0.0113555 0.00594922 0.00278833 0.00114936 0.00041502
 3.57257e-11 1.68037e-09 5.47285e-08 1.23427e-06 1.92748e-05 0.00020843 0.00156072 0.00809306 0.0290686 0.0723884 0.125449 0.1535 0.139734 0.109745 0.0916141 0.0811099 0.0650549 0.0458422 0.0307445 0.0204475 0.0128607 0.00720099 0.00346635 0.00141036 0.000480175
 3.46383e-11 1.62922e-09 5.30626e-08 1.1967e-06 1.86881e-05 0.000202086 0.00151322 0.00784669 0.0281834 0.0701814 0.121607 0.148715 0.135142 0.105796 0.0885353 0.0802115 0.0679442 0.0519572 0.0371901 0.0248708 0.0151863 0.00840224 0.004141 0.00174774 0.000606695
 3.77464e-11 1.77541e-09 5.78239e-08 1.30407e-06 2.0365e-05 0.000220219 0.00164898 0.00855051 0.0307085 0.0764419 0.132266 0.160863 0.143325 0.10621 0.0816844 0.0698313 0.0579417 0.0444505 0.032746 0.0230605 0.014866 0.00850548 0.00423438 0.00179429 0.00062965
 3.96098e-11 1.86305e-09 6.06784e-08 1.36845e-06 2.13703e-05 0.00023109 0.00173039 0.00897255 0.0322236 0.0802064 0.138733 0.168507 0.149405 0.109084 0.0815321 0.0673738 0.0535431 0.0386331 0.0267555 0.0182786 0.0118897 0.00704494 0.00365677 0.00160241 0.000574336
 3.88946e-11 1.82942e-09 5.95829e-08 1.34374e-06 2.09845e-05 0.000226918 0.00169915 0.00881065 0.0316431 0.0787715 0.136319 0.165892 0.14811 0.110304 0.0850962 0.0716839 0.0567561 0.0399271 0.0263929 0.0169843 0.0104342 0.00596395 0.00307996 0.00137565 0.000507465
 3.83609e-11 1.80431e-09 5.87653e-08 1.32531e-06 2.06966e-05 0.000223804 0.00167583 0.00868978 0.0312093 0.0776946 0.134476 0.163746 0.146512 0.109813 0.0856837 0.0730337 0.0585764 0.041891 0.0280174 0.0178773 0.0106087 0.00575609 0.00282556 0.00122143 0.000446233
 3.75256e-11 1.76502e-09 5.74856e-08 1.29645e-06 2.02459e-05 0.00021893 0.00163934 0.00850059 0.0305304 0.0760093 0.131592 0.160394 0.144028 0.109056 0.0865185 0.0747718 0.0606312 0.0439881 0.0299793 0.0194751 0.0116683 0.00628754 0.00300402 0.00124759 0.0004383
 3.95523e-11 1.86035e-09 6.05904e-08 1.36647e-06 2.13393e-05 0.000230755 0.00172788 0.00895954 0.0321769 0.0800905 0.138535 0.168276 0.14924 0.109071 0.081761 0.0679817 0.0546033 0.0398709 0.0275526 0.018199 0.0110956 0.00606987 0.00291881 0.00120317 0.000413818
 3.86158e-11 1.8163e-09 5.91557e-08 1.33411e-06 2.08341e-05 0.000225291 0.00168697 0.00874751 0.0314166 0.0782104 0.135366 0.16482 0.147435 0.110395 0.0858854 0.0727364 0.0576406 0.0405282 0.0268209 0.017281 0.0105195 0.00582344 0.00284319 0.00118567 0.000409273
 3.62413e-11 1.70461e-09 5.55181e-08 1.25207e-06 1.9553e-05 0.000211438 0.00158324 0.00820977 0.029487 0.0734225 0.127189 0.155381 0.140665 0.108916 0.0893509 0.0789378 0.0644539 0.0467074 0.0316127 0.0203247 0.0120859 0.00652384 0.00314639 0.00131419 0.00045732
 3.82303e-11 1.79817e-09 5.85651e-08 1.32079e-06 2.06261e-05 0.000223042 0.00167012 0.00866012 0.0311023 0.0774225 0.133966 0.162947 0.14523 0.107709 0.0828689 0.070621 0.057982 0.0434703 0.0308283 0.0206631 0.0126244 0.00687519 0.00329132 0.00135551 0.000466718
 3.62482e-11 1.70494e-09 5.55289e-08 1.25232e-06 1.95567e-05 0.000211479 0.00158355 0.00821134 0.0294925 0.0734357 0.127206 0.155376 0.140575 0.108648 0.0888236 0.0781229 0.0634556 0.0458938 0.0314958 0.0210485 0.0132013 0.00745668 0.00367569 0.00153578 0.000529455
 3.65301e-11 1.7182e-09 5.59606e-08 1.26205e-06 1.97088e-05 0.000213123 0.00159585 0.00827511 0.0297208 0.0739968 0.128128 0.156268 0.140638 0.107202 0.0861011 0.0755447 0.0625669 0.0468575 0.0331133 0.0222158 0.013755 0.00771798 0.0038462 0.00164348 0.000579313
 3.69482e-11 1.73786e-09 5.66011e-08 1.2765e-06 1.99343e-05 0.000215562 0.00161412 0.00836979 0.0300606 0.0748397 0.129567 0.157925 0.141812 0.107408 0.0853554 0.0741765 0.0609518 0.0453917 0.0322011 0.0219807 0.0139143 0.00792326 0.00396792 0.00170062 0.000604425
 3.92034e-11 1.84394e-09 6.00558e-08 1.35441e-06 2.11511e-05 0.000228719 0.00171263 0.0088805 0.0318931 0.0793852 0.137321 0.166833 0.148059 0.108426 0.0815719 0.0680659 0.0548834 0.0403743 0.0283195 0.0191943 0.0121665 0.00700052 0.00355915 0.00154648 0.000555092
 3.76078e-11 1.76889e-09 5.76116e-08 1.29929e-06 2.02902e-05 0.00021941 0.00164294 0.00851924 0.0305975 0.0761784 0.131898 0.160825 0.144597 0.109833 0.0874002 0.0752485 0.0601299 0.0425717 0.0284239 0.0185358 0.0114935 0.0065497 0.00332935 0.00145679 0.000528522
 3.70606e-11 1.74315e-09 5.67734e-08 1.28038e-06 1.9995e-05 0.000216218 0.00161903 0.0083953 0.0301524 0.0750704 0.129981 0.1585 0.142552 0.108432 0.0867018 0.0755305 0.0617812 0.0453111 0.0311633 0.0203287 0.0122514 0.0067239 0.00331979 0.00143105 0.000517399
 3.93451e-11 1.8506e-09 6.02729e-08 1.35931e-06 2.12275e-05 0.000229546 0.00171882 0.0089126 0.0320083 0.0796713 0.137812 0.167409 0.148505 0.108618 0.0815614 0.0680038 0.0548853 0.040422 0.0282687 0.0189077 0.0116603 0.0064493 0.00314442 0.00132273 0.000467122
 3.86889e-11 1.81974e-09 5.92677e-08 1.33664e-06 2.08735e-05 0.000225717 0.00169016 0.00876405 0.0314759 0.0783562 0.135607 0.16506 0.147477 0.110068 0.0852166 0.0720044 0.0571766 0.0404564 0.0270419 0.0176323 0.0108736 0.00610286 0.00302153 0.0012785 0.000448628
 3.70729e-11 1.74373e-09 5.67922e-08 1.28081e-06 2.00017e-05 0.00021629 0.00161957 0.0083981 0.0301628 0.0750989 0.130049 0.158669 0.14298 0.109311 0.0879635 0.0766292 0.0620621 0.0446591 0.0300663 0.0193331 0.0115737 0.00632058 0.00309166 0.00131047 0.000462773
#pred catch len freq
 2.5724e-11 1.20994e-09 3.94068e-08 8.88722e-07 1.38787e-05 0.000150079 0.0011238 0.00582757 0.0209337 0.0521546 0.090548 0.111571 0.104106 0.0873465 0.0807336 0.0794562 0.07333 0.0637282 0.0545659 0.0460836 0.0383787 0.0319553 0.0261277 0.0195715 0.0122939
 1.43721e-11 6.75995e-10 2.20167e-08 4.96532e-07 7.7541e-06 8.38511e-05 0.000627915 0.00325681 0.011709 0.0292703 0.0514885 0.0666015 0.0722372 0.0812575 0.0982581 0.108543 0.102643 0.0886022 0.0748049 0.0619255 0.0495966 0.0385553 0.0288621 0.0199049 0.0117638
 6.02806e-12 2.83531e-10 9.23443e-09 2.0826e-07 3.2523e-06 3.51702e-05 0.000263386 0.00136642 0.00491712 0.0123363 0.0220046 0.0298931 0.0369143 0.0502692 0.0715475 0.0929516 0.109152 0.11874 0.117237 0.103101 0.082359 0.0614809 0.0430132 0.0273821 0.0150322
 2.77777e-11 1.30653e-09 4.25529e-08 9.59673e-07 1.49867e-05 0.000162059 0.00121348 0.00629195 0.0225925 0.0561955 0.0969368 0.1165 0.0993702 0.0646875 0.0406079 0.0355247 0.0436761 0.0580011 0.0714638 0.0773604 0.0723681 0.0584242 0.0409462 0.02487 0.0127921
 4.5143e-11 2.12331e-09 6.91549e-08 1.55961e-06 2.43556e-05 0.000263371 0.00197208 0.0102254 0.0367171 0.0913337 0.157587 0.189546 0.162034 0.105344 0.06199 0.040011 0.0273042 0.0187565 0.0156928 0.0169903 0.018759 0.0179048 0.0140474 0.00893516 0.00456093
 3.6862e-11 1.73381e-09 5.64691e-08 1.27352e-06 1.98878e-05 0.000215059 0.00161036 0.00835049 0.0299934 0.0746947 0.129467 0.158509 0.144572 0.113978 0.0950585 0.0823597 0.061996 0.0380627 0.0206426 0.0117933 0.00846273 0.00735443 0.00619709 0.0043207 0.00234157
 3.71722e-11 1.7484e-09 5.69444e-08 1.28424e-06 2.00552e-05 0.000216869 0.00162391 0.00842055 0.0302426 0.0752919 0.130342 0.158831 0.142514 0.107765 0.085669 0.075076 0.0627268 0.0471287 0.0321679 0.0195471 0.010507 0.00551649 0.00324977 0.0020292 0.00111374
 3.50352e-11 1.64789e-09 5.36707e-08 1.21041e-06 1.89023e-05 0.000204402 0.00153056 0.00793663 0.0285064 0.0709876 0.123014 0.150482 0.136882 0.107373 0.0898371 0.0806522 0.066883 0.0497454 0.0350439 0.023459 0.0141771 0.00748954 0.0035256 0.00157112 0.000678907
 3.51426e-11 1.65294e-09 5.38352e-08 1.21412e-06 1.89602e-05 0.000205028 0.00153525 0.00796089 0.0285929 0.0711967 0.123334 0.150673 0.136424 0.105752 0.0872145 0.0782135 0.0659644 0.0505199 0.0365963 0.0250256 0.0155973 0.00864235 0.00417544 0.00173453 0.000621478
 3.31977e-11 1.56146e-09 5.08558e-08 1.14692e-06 1.79109e-05 0.000193681 0.00145029 0.00752046 0.0270127 0.0672783 0.116657 0.143041 0.131196 0.105208 0.0908944 0.083635 0.070741 0.0539003 0.0390846 0.0271294 0.0173554 0.0099222 0.00494339 0.00208808 0.000730341
 3.38959e-11 1.5943e-09 5.19254e-08 1.17105e-06 1.82876e-05 0.000197755 0.00148079 0.00767853 0.0275794 0.0686784 0.119009 0.145568 0.132379 0.103862 0.0872826 0.0795827 0.0682375 0.0534692 0.0398346 0.0280678 0.0181112 0.0104907 0.00533862 0.00231081 0.000822635
 3.70011e-11 1.74035e-09 5.66822e-08 1.27832e-06 1.99629e-05 0.00021587 0.00161643 0.00838173 0.0301028 0.0749393 0.129701 0.157906 0.141217 0.105769 0.0827474 0.0715749 0.0595886 0.0457086 0.0337202 0.0239529 0.0157674 0.00933018 0.00483639 0.0021302 0.000772044
 3.67557e-11 1.72881e-09 5.63063e-08 1.26985e-06 1.98305e-05 0.000214439 0.00160571 0.00832625 0.0299045 0.0744553 0.128929 0.157275 0.141635 0.108103 0.0867959 0.0755871 0.0614657 0.0448313 0.0311538 0.0211645 0.0136405 0.00806253 0.00423089 0.00189758 0.00070072
 3.63399e-11 1.70926e-09 5.56694e-08 1.25548e-06 1.96062e-05 0.000212013 0.00158755 0.00823209 0.0295666 0.0736174 0.127501 0.155639 0.140509 0.107997 0.0877205 0.0772281 0.0634388 0.0466667 0.0322813 0.0212994 0.013081 0.00736925 0.00374999 0.0016655 0.000618117
 3.58381e-11 1.68565e-09 5.49006e-08 1.23814e-06 1.93354e-05 0.000209085 0.00156563 0.00811843 0.0291587 0.0726048 0.125768 0.153622 0.139007 0.107525 0.0882056 0.0782865 0.0647572 0.0480896 0.0336469 0.0223658 0.0136731 0.00753196 0.00369443 0.0015794 0.000570243
 3.69927e-11 1.73996e-09 5.66694e-08 1.27804e-06 1.99584e-05 0.000215822 0.00161607 0.00837989 0.0300967 0.0749293 0.129719 0.158092 0.14191 0.107384 0.0852744 0.074218 0.0612587 0.0458499 0.0324765 0.0218614 0.0135071 0.00747758 0.0036458 0.00152927 0.000537078
 3.84139e-11 1.80681e-09 5.88465e-08 1.32713e-06 2.07251e-05 0.000224113 0.00167815 0.00870175 0.0312518 0.0777974 0.134631 0.163827 0.146238 0.10889 0.0841379 0.0714135 0.0576035 0.0419144 0.0288967 0.0191911 0.0118672 0.00662099 0.00325159 0.00136579 0.000476254
 3.68255e-11 1.7321e-09 5.64133e-08 1.27226e-06 1.98682e-05 0.000214847 0.00160877 0.0083421 0.0299618 0.0746022 0.129212 0.157753 0.14249 0.109628 0.0889937 0.0778057 0.0627877 0.0448012 0.0299254 0.0192093 0.0115324 0.00630441 0.00306894 0.0012886 0.000450183
 3.64195e-11 1.713e-09 5.57913e-08 1.25823e-06 1.96491e-05 0.000212478 0.00159103 0.0082501 0.0296313 0.0737778 0.127775 0.155955 0.140738 0.108069 0.0877036 0.0773073 0.0637655 0.0471604 0.0326272 0.0212212 0.0125826 0.00669446 0.00316688 0.00130142 0.000449118
 3.6413e-11 1.71269e-09 5.57813e-08 1.25801e-06 1.96456e-05 0.00021244 0.00159074 0.00824862 0.0296259 0.0737635 0.127744 0.155893 0.140599 0.107782 0.0872371 0.0767283 0.0632349 0.0469008 0.0328293 0.0218382 0.0132959 0.00720137 0.00340764 0.00137939 0.000466078
 3.57808e-11 1.68296e-09 5.48129e-08 1.23617e-06 1.93045e-05 0.000208752 0.00156313 0.00810547 0.0291123 0.0724901 0.125576 0.153418 0.13892 0.107655 0.0885219 0.0786115 0.0649051 0.0480436 0.0335547 0.0223571 0.0137318 0.00755877 0.00364432 0.00149518 0.000506711
 3.62792e-11 1.7064e-09 5.55764e-08 1.25339e-06 1.95734e-05 0.000211659 0.0015849 0.00821832 0.0295169 0.0734915 0.127268 0.155284 0.139966 0.107137 0.0865916 0.0762849 0.0632717 0.047442 0.0336092 0.0225968 0.0139429 0.00771387 0.00375292 0.00155966 0.000535704
 3.72694e-11 1.75297e-09 5.70933e-08 1.28759e-06 2.01077e-05 0.000217436 0.00162815 0.00844256 0.0303216 0.0754883 0.13068 0.159231 0.142824 0.107831 0.0852614 0.0738042 0.0604661 0.044811 0.0314983 0.021208 0.0132042 0.00738565 0.00362773 0.00152066 0.000527158
 3.7855e-11 1.78052e-09 5.79903e-08 1.30782e-06 2.04236e-05 0.000220852 0.00165373 0.00857518 0.0307977 0.0766715 0.132713 0.161639 0.144757 0.108789 0.0853136 0.0731783 0.0592595 0.0431363 0.0296653 0.0196048 0.0120668 0.00672676 0.00331673 0.0014015 0.000490348
 3.75476e-11 1.76606e-09 5.75195e-08 1.29721e-06 2.02578e-05 0.000219059 0.00164031 0.0085056 0.0305482 0.0760541 0.131671 0.160491 0.144121 0.109135 0.0865747 0.0747674 0.0605175 0.0437686 0.0297387 0.0193255 0.0116614 0.00637762 0.00310194 0.00130303 0.000456276
 3.79864e-11 1.7867e-09 5.81916e-08 1.31237e-06 2.04945e-05 0.000221619 0.00165947 0.00860496 0.0309047 0.0769384 0.133178 0.162221 0.145327 0.109316 0.0858302 0.0736252 0.0594803 0.0430059 0.0291604 0.0188207 0.0112094 0.00601788 0.00286678 0.00118187 0.000408267
 3.88275e-11 1.82626e-09 5.94801e-08 1.34142e-06 2.09483e-05 0.000226526 0.00169621 0.00879542 0.0315882 0.0786334 0.136069 0.165538 0.147637 0.109652 0.0843498 0.0712713 0.057174 0.0411613 0.0278178 0.017916 0.0106433 0.00567947 0.00267482 0.00108529 0.000368396
 3.67924e-11 1.73054e-09 5.63625e-08 1.27111e-06 1.98503e-05 0.000214653 0.00160732 0.00833458 0.0299349 0.0745354 0.129098 0.157623 0.142404 0.109631 0.0891003 0.0780123 0.063083 0.0451316 0.0301756 0.0192693 0.0113917 0.00605951 0.00284252 0.00114562 0.000384928
#obs catch len freq
 2.38148e-11 1.12013e-09 3.6482e-08 8.22761e-07 1.28486e-05 0.00013894 0.00104039 0.00539512 0.0193812 0.0482947 0.083903 0.103651 0.0975892 0.0837704 0.0799835 0.081282 0.0780946 0.0714817 0.0641747 0.0555163 0.0453667 0.0346396 0.0241267 0.0147026 0.00745402
 2.60237e-11 1.22403e-09 3.98658e-08 8.99074e-07 1.40403e-05 0.000151827 0.00113689 0.00589542 0.0211773 0.0527587 0.0915795 0.11276 0.104955 0.0875189 0.0802707 0.0786981 0.0728412 0.0643438 0.0570696 0.0502092 0.0421814 0.0328178 0.0229088 0.0138141 0.0068963
 4.58606e-12 2.15706e-10 7.02541e-09 1.58442e-07 2.47434e-06 2.67587e-05 0.000200433 0.00104064 0.00375641 0.00953862 0.017789 0.027702 0.0443176 0.0749373 0.111449 0.130867 0.12455 0.106713 0.0903156 0.0765713 0.0634195 0.0496687 0.0351424 0.021352 0.0106406
 1.30518e-14 6.13911e-13 1.99967e-11 4.51159e-10 7.05678e-09 7.67942e-08 5.89459e-07 3.35385e-06 1.62911e-05 8.26342e-05 0.000433349 0.00193215 0.00655774 0.0169454 0.0355407 0.0650075 0.104522 0.140881 0.155025 0.143307 0.118208 0.0904737 0.0633046 0.0384964 0.0192619
 5.19462e-11 2.4433e-09 7.95766e-08 1.79465e-06 2.80261e-05 0.000303061 0.00226925 0.0117658 0.0422424 0.105017 0.180784 0.215501 0.177891 0.101759 0.040658 0.0124718 0.0059628 0.00851582 0.0139945 0.0187676 0.020098 0.0175369 0.0127671 0.00778315 0.00388146
 3.31656e-11 1.55995e-09 5.08066e-08 1.14582e-06 1.78936e-05 0.000193495 0.00144891 0.00751365 0.0269932 0.067277 0.116979 0.144953 0.137713 0.119729 0.111872 0.100898 0.0723022 0.0380015 0.0157794 0.00813236 0.00773117 0.00818311 0.00706549 0.00474761 0.00246865
 4.25947e-11 2.00345e-09 6.5251e-08 1.47158e-06 2.29808e-05 0.000248504 0.00186077 0.00964842 0.0346477 0.0862096 0.148907 0.179877 0.15633 0.107571 0.0727953 0.0573484 0.0479611 0.037839 0.0265244 0.0155451 0.00766699 0.003874 0.00248568 0.00168838 0.000946354
 3.43035e-11 1.61347e-09 5.25497e-08 1.18513e-06 1.85075e-05 0.000200133 0.0014986 0.00777107 0.0279141 0.0695344 0.120646 0.148289 0.137118 0.112033 0.0983005 0.0887674 0.0699933 0.0470824 0.0298172 0.0189639 0.0114109 0.00601245 0.0027993 0.00126101 0.000567618
 3.94311e-11 1.85465e-09 6.04047e-08 1.36228e-06 2.12739e-05 0.000230047 0.00172258 0.00893203 0.0320775 0.0798371 0.138056 0.167506 0.147964 0.10697 0.0791012 0.0661867 0.0552265 0.0427354 0.0307566 0.0201753 0.011799 0.00618027 0.00289619 0.00119371 0.00043101
 3.49401e-11 1.64341e-09 5.35249e-08 1.20712e-06 1.88509e-05 0.000203847 0.0015264 0.00791514 0.0284302 0.0708058 0.122755 0.150429 0.137665 0.109628 0.0932818 0.0835489 0.0672546 0.0474078 0.0317732 0.0211175 0.0132769 0.00743249 0.00357736 0.00145542 0.000495493
 3.39491e-11 1.5968e-09 5.20069e-08 1.17289e-06 1.83163e-05 0.000198065 0.00148311 0.00769063 0.0276234 0.0687928 0.11924 0.146008 0.133282 0.105596 0.0898601 0.0822425 0.0698724 0.0534349 0.0382226 0.0255469 0.0155936 0.0086257 0.00425054 0.00179383 0.000622665
 3.70985e-11 1.74494e-09 5.68314e-08 1.28169e-06 2.00155e-05 0.000216439 0.00162069 0.0084038 0.0301822 0.0751365 0.130041 0.158316 0.141567 0.105999 0.0828916 0.0716937 0.0597127 0.0458207 0.0337332 0.0237421 0.0153002 0.00875222 0.00435669 0.00184599 0.000647761
 3.90203e-11 1.83533e-09 5.97754e-08 1.34809e-06 2.10523e-05 0.000227651 0.00170464 0.00883906 0.0317446 0.0790189 0.136711 0.166198 0.147836 0.108958 0.0827274 0.0691527 0.0551744 0.0398246 0.0275616 0.0188167 0.0122348 0.00724787 0.00376165 0.00164826 0.000590744
 3.83458e-11 1.8036e-09 5.87421e-08 1.32478e-06 2.06884e-05 0.000223716 0.00167517 0.00868637 0.0311972 0.077666 0.134437 0.163748 0.146667 0.110228 0.0862728 0.0734041 0.0583094 0.0410285 0.0271013 0.0174278 0.010702 0.00611545 0.00315775 0.00141028 0.000520219
 3.77245e-11 1.77438e-09 5.77903e-08 1.30332e-06 2.03532e-05 0.000220091 0.00164803 0.00854565 0.0306922 0.0764126 0.132293 0.161257 0.144831 0.109708 0.0870244 0.0750123 0.0603846 0.0431976 0.0288724 0.0184109 0.010921 0.00592408 0.0029076 0.00125678 0.000459124
 3.69319e-11 1.7371e-09 5.65762e-08 1.27594e-06 1.99256e-05 0.000215467 0.00161341 0.00836617 0.0300481 0.0748135 0.129556 0.158071 0.142455 0.108947 0.0877519 0.0766011 0.0623114 0.0452136 0.0307928 0.0199906 0.0119724 0.00644992 0.00308116 0.00127952 0.000449492
 3.9054e-11 1.83691e-09 5.98271e-08 1.34925e-06 2.10705e-05 0.000227848 0.00170611 0.0088467 0.031772 0.0790867 0.136825 0.166325 0.147915 0.108971 0.0827829 0.0695039 0.0560066 0.0409014 0.0282441 0.0186434 0.0113621 0.00621423 0.00298782 0.00123151 0.000423545
 3.79635e-11 1.78562e-09 5.81565e-08 1.31158e-06 2.04821e-05 0.000221486 0.00165848 0.0085998 0.0308867 0.0768966 0.13313 0.162272 0.145719 0.110303 0.0872805 0.0747779 0.0594868 0.0418423 0.0276722 0.0178175 0.0108415 0.00600032 0.00292915 0.00122142 0.000421593
 3.56019e-11 1.67454e-09 5.45387e-08 1.22999e-06 1.9208e-05 0.000207708 0.00155531 0.00806499 0.0289675 0.0721346 0.124996 0.152879 0.138972 0.108802 0.0906852 0.0809149 0.0662689 0.0480285 0.0324842 0.0208716 0.0124062 0.00669515 0.00322854 0.00134838 0.000469197
 3.76115e-11 1.76906e-09 5.76172e-08 1.29941e-06 2.02922e-05 0.000219432 0.00164309 0.00852 0.0305995 0.0761758 0.131842 0.160519 0.143569 0.107547 0.0840837 0.072464 0.0597128 0.0447788 0.0317354 0.0212585 0.0129835 0.00706926 0.00338377 0.00139347 0.000479763
 3.56232e-11 1.67554e-09 5.45714e-08 1.23072e-06 1.92195e-05 0.000207832 0.00155624 0.0080698 0.0289847 0.0721766 0.125062 0.15293 0.138918 0.108531 0.0901165 0.0800369 0.0652054 0.047164 0.0323437 0.0216006 0.0135422 0.00764755 0.0037693 0.00157477 0.000542872
 3.58527e-11 1.68634e-09 5.49229e-08 1.23865e-06 1.93433e-05 0.000209171 0.00156627 0.00812172 0.0291705 0.0726321 0.125803 0.15361 0.13882 0.107025 0.0874306 0.0775605 0.0644575 0.0482827 0.0340981 0.0228629 0.0141506 0.00793818 0.00395541 0.00169001 0.000595687
 3.62844e-11 1.70664e-09 5.55843e-08 1.25357e-06 1.95762e-05 0.00021169 0.00158513 0.00821949 0.0295213 0.0735025 0.127289 0.155321 0.140031 0.107237 0.0866602 0.0761481 0.0627913 0.0467715 0.0331575 0.0226197 0.0143136 0.00814892 0.00408041 0.0017487 0.000621485
 3.86516e-11 1.81799e-09 5.92106e-08 1.33535e-06 2.08534e-05 0.0002255 0.00168853 0.00875557 0.0314449 0.0782736 0.135428 0.16467 0.146585 0.108297 0.0826746 0.0697211 0.0564176 0.0415122 0.0290971 0.0197085 0.0124876 0.00718371 0.00365182 0.00158662 0.000569476
 3.69929e-11 1.73997e-09 5.66696e-08 1.27804e-06 1.99585e-05 0.000215823 0.00161608 0.00837999 0.0300979 0.0749397 0.129789 0.158421 0.142977 0.10974 0.0887053 0.0771623 0.0618627 0.0438079 0.0292283 0.0190471 0.0118056 0.00672595 0.00341847 0.00149567 0.000542605
 3.64271e-11 1.71336e-09 5.58029e-08 1.2585e-06 1.96532e-05 0.000212522 0.00159136 0.00825184 0.0296377 0.0737942 0.127808 0.156018 0.140865 0.108299 0.0879938 0.0774619 0.0635692 0.0466304 0.032049 0.0208934 0.0125869 0.00690642 0.00340941 0.00146955 0.000531295
 3.87504e-11 1.82263e-09 5.93619e-08 1.33876e-06 2.09067e-05 0.000226076 0.00169285 0.00877793 0.0315252 0.0784732 0.135771 0.165078 0.146916 0.108479 0.0827522 0.0697932 0.0565485 0.0416603 0.0291154 0.019462 0.0119976 0.00663444 0.00323425 0.00136041 0.000480404
 3.81077e-11 1.7924e-09 5.83774e-08 1.31656e-06 2.05599e-05 0.000222327 0.00166477 0.00863244 0.0310037 0.0771856 0.133614 0.162788 0.145946 0.109981 0.0864513 0.0738148 0.0588163 0.0416269 0.0278045 0.0181169 0.0111678 0.00626648 0.00310212 0.00131249 0.000460537
#spawning biomass
 69887.1 70020.1 55274.7 36583.1 35814.5 66307.2 98548.4 145155 177728 209725 211850 210658 244924 251365 249513 266609 256468 241874 254024 256115 242623 248753 261883 275234 311300 277486 280686 334255 367194 465979 311379 183341 105322 63415.7 42450.9 32411 27736.6 25600.5 24636.6 24205.4 24013.6 23928.6 23891.1 23874.5 23867.3 23864.1 23862.7 23862.1 23861.8 23861.7 23861.6 23861.6 23861.6 23861.6 23861.6 23861.6 23861.6 23861.6 23861.6 23861.6 23861.6 23861.6 23861.6 23861.6 23861.6 23861.6 23861.6 23861.6 23861.6 23861.6 23861.6 23861.6 23861.6 23861.6 23861.6 23861.6 23861.6 23861.6 23861.6 23861.6 23861.6 23861.6 23861.6 23861.6 23861.6 23861.6 23861.6 23861.6 23861.6 23861.6 23861.6 23861.6 23861.6 23861.6 23861.6 23861.6 23861.6 23861.6 23861.6 23861.6 23861.6 23861.6 23861.6 23861.6 23861.6 23861.6 23861.6 23861.6 23861.6 23861.6 23861.6 23861.6 23861.6 23861.6 23861.6 23861.6 23861.6 23861.6 23861.6 23861.6 23861.6 23861.6 23861.6 23861.6 23861.6 23861.6 23861.6 23861.6 0 0 0 0 0 0 0 0 0 0 0 0 0 0 0 0 0 0 0 0 0 0 0 0 0
