SBPRF35
0.0418787
Curr Bio
206449
B35
97343.1
F35
52.564
FOFL
52.564
OFL
263752
Bzero
10853.5
#pred survey bio
 2742.27 3403.61 5358.36 8116.6 12554.7 18773.9 28700.5 47340.1 63262.2 80595.3 93560.8 124318 139799 150120 143356 130528 105893 107512 115994 125076 121963 124886 132151 133397 128742 140430 138836 119729 2.87744e+06 628031 198729 99502.1 70763.9 62504.3 60169.8 59520.5 59342.2 59293.8 59280.8 59277.3 59276.4 59276.1 59276.1 59276 59276 59276 59276 59276 59276 59276 59276 59276 59276 59276 59276 59276 59276 59276 59276 59276 59276 59276 59276 59276 59276 59276 59276 59276 59276 59276 59276 59276 59276 59276 59276 59276 59276 59276 59276 59276 59276 59276 59276 59276 59276 59276 59276 59276 59276 59276 59276 59276 59276 59276 59276 59276 59276 59276 59276 59276 59276 59276 59276 59276 59276 59276 59276 59276 59276 59276 59276 59276 59276 59276 59276 59276 59276 59276 59276 59276 59276 59276 59276 59276 59276 59276 59276 59276 0 0 0 0 0 0 0 0 0 0 0 0 0 0 0 0 0 0 0 0 0 0 0 0 0
#obs survey bio
 1928.54 3498.72 4561.64 8974.44 11932 24055.3 26707.5 68415.8 53613.2 80035 80091.7 90678.6 165471 188298 150492 98142.4 81482.3 84749.1 156087 135098 140765 111254 164472 120316 137177 158062 184335 85444.3
#pred catch bio
 683.936 1270.33 2107.45 3155.81 5140.9 8270.99 10687.7 25605.1 32129.1 46853.8 46616.9 77483.6 82301 91534.9 84796.2 96478.4 72219.9 73998.8 80468 90832.8 81054.9 86035.6 96172 100529 90222.5 110186 123775 89346.3 263752 5831.7 5826.28 5826.28 5826.28 5826.28 5826.28 5826.28 5826.28 5826.28 5826.28 5826.28 5826.28 5826.28 5826.28 5826.28 5826.28 5826.28 5826.28 5826.28 5826.28 5826.28 5826.28 5826.28 5826.28 5826.28 5826.28 5826.28 5826.28 5826.28 5826.28 5826.28 5826.28 5826.28 5826.28 5826.28 5826.28 5826.28 5826.28 5826.28 5826.28 5826.28 5826.28 5826.28 5826.28 5826.28 5826.28 5826.28 5826.28 5826.28 5826.28 5826.28 5826.28 5826.28 5826.28 5826.28 5826.28 5826.28 5826.28 5826.28 5826.28 5826.28 5826.28 5826.28 5826.28 5826.28 5826.28 5826.28 5826.28 5826.28 5826.28 5826.28 5826.28 5826.28 5826.28 5826.28 5826.28 5826.28 5826.28 5826.28 5826.28 5826.28 5826.28 5826.28 5826.28 5826.28 5826.28 5826.28 5826.28 5826.28 5826.28 5826.28 5826.28 5826.28 5826.28 5826.28 5826.28 5826.28 5826.28 5826.28 0 0 0 0 0 0 0 0 0 0 0 0 0 0 0 0 0 0 0 0 0 0 0 0 0
#obs catch bio
 1041.73 1300.56 2159.17 3209.88 5139.22 8292.45 10592 26227.8 31780.1 46638.9 46047.6 80855.3 82338.2 92385.8 82471.2 104402 73203.5 75415.7 80045.7 90479.2 76431.4 83134.4 89801 94961.5 83617.1 107344 117329 87505.2
#pred cpue bio
 2746.59 3255.61 5320.06 7962.15 12377.7 18512.6 28012.3 46455 62719.4 80769.5 93021.6 123168 140452 151844 146761 133522 106806 107348 115405 124940 123191 124996 131579 134032 128617 139222 138947 118947 2.87679e+06 718921 194978 94102.6 65329.7 57069.4 54734.9 54085.6 53907.3 53858.9 53845.9 53842.4 53841.4 53841.2 53841.1 53841.1 53841.1 53841.1 53841.1 53841.1 53841.1 53841.1 53841.1 53841.1 53841.1 53841.1 53841.1 53841.1 53841.1 53841.1 53841.1 53841.1 53841.1 53841.1 53841.1 53841.1 53841.1 53841.1 53841.1 53841.1 53841.1 53841.1 53841.1 53841.1 53841.1 53841.1 53841.1 53841.1 53841.1 53841.1 53841.1 53841.1 53841.1 53841.1 53841.1 53841.1 53841.1 53841.1 53841.1 53841.1 53841.1 53841.1 53841.1 53841.1 53841.1 53841.1 53841.1 53841.1 53841.1 53841.1 53841.1 53841.1 53841.1 53841.1 53841.1 53841.1 53841.1 53841.1 53841.1 53841.1 53841.1 53841.1 53841.1 53841.1 53841.1 53841.1 53841.1 53841.1 53841.1 53841.1 53841.1 53841.1 53841.1 53841.1 53841.1 53841.1 53841.1 53841.1 53841.1 53841.1 0 0 0 0 0 0 0 0 0 0 0 0 0 0 0 0 0 0 0 0 0 0 0 0 0
#obs cpue bio
 1986 3861.79 4981.09 6905.81 15117.6 15158.4 23070.4 38752.8 72993.8 91599.9 96385 134524 136019 115814 161022 113508 141941 119257 100612 117039 151171 154923 151591 180524 161486 122292 152746 148294
#pred surv len freq
 1.37162e-11 1.48942e-09 9.5354e-08 3.59914e-06 8.00937e-05 0.00105086 0.00812979 0.0371014 0.100106 0.161525 0.164518 0.129097 0.107486 0.091003 0.0645774 0.0416893 0.0275526 0.0185242 0.0128344 0.00936702 0.00731341 0.00617608 0.00535274 0.00411619 0.0023949
 1.77231e-11 1.92451e-09 1.23209e-07 4.65053e-06 0.000103491 0.00135783 0.010504 0.0479239 0.129134 0.206964 0.204213 0.142981 0.0976267 0.0710476 0.0431075 0.0213047 0.0103283 0.00535903 0.00295385 0.00175122 0.00113429 0.000818257 0.000638702 0.000470345 0.000273034
 1.61282e-11 1.75133e-09 1.12122e-07 4.23205e-06 9.41782e-05 0.00123566 0.00955932 0.0436232 0.117676 0.189648 0.192077 0.14765 0.117759 0.0922986 0.053739 0.0222423 0.00776855 0.00274696 0.00102034 0.000415428 0.000194984 0.00010752 6.89961e-05 4.57202e-05 2.54985e-05
 1.66708e-11 1.81025e-09 1.15894e-07 4.37441e-06 9.73462e-05 0.00127722 0.00988071 0.0450864 0.121577 0.195561 0.196312 0.146373 0.111497 0.0858769 0.0510225 0.0225786 0.00862435 0.00300282 0.000890683 0.000235553 6.49387e-05 2.14927e-05 9.25712e-06 4.84253e-06 2.4278e-06
 1.64417e-11 1.78537e-09 1.14301e-07 4.31429e-06 9.60084e-05 0.00125967 0.00974498 0.0444684 0.119928 0.193057 0.194494 0.146831 0.114024 0.0885375 0.0522736 0.0226435 0.00843723 0.00296281 0.000920413 0.000244959 5.5982e-05 1.13938e-05 2.45247e-06 7.12623e-07 2.64741e-07
 1.64325e-11 1.78438e-09 1.14238e-07 4.3119e-06 9.59551e-05 0.00125897 0.00973957 0.0444438 0.119863 0.192957 0.194417 0.146839 0.114113 0.0886512 0.0523645 0.0226906 0.00843363 0.00293022 0.000894781 0.000236438 5.46232e-05 1.0708e-05 1.75733e-06 2.62416e-07 4.5623e-08
 1.69758e-11 1.84337e-09 1.18014e-07 4.45445e-06 9.91274e-05 0.00130059 0.0100614 0.04591 0.123781 0.198979 0.199141 0.146883 0.109815 0.083373 0.0487033 0.0207833 0.00754803 0.00257542 0.000779393 0.000204174 4.65926e-05 9.03929e-06 1.45436e-06 1.90678e-07 2.07407e-08
 1.66903e-11 1.81237e-09 1.16029e-07 4.37953e-06 9.74601e-05 0.00127871 0.00989227 0.0451394 0.121721 0.195811 0.196643 0.146818 0.112013 0.0861157 0.0506668 0.021864 0.00806467 0.00276884 0.000829512 0.000213197 4.7834e-05 9.16447e-06 1.45651e-06 1.87307e-07 1.90055e-08
 1.62542e-11 1.76501e-09 1.12997e-07 4.26509e-06 9.49134e-05 0.0012453 0.00963392 0.0439633 0.118588 0.19108 0.193346 0.148145 0.117537 0.091723 0.0530171 0.0214726 0.00708061 0.00221566 0.000642927 0.000165036 3.69296e-05 6.98409e-06 1.09116e-06 1.38137e-07 1.37754e-08
 1.56191e-11 1.69604e-09 1.08582e-07 4.09844e-06 9.1205e-05 0.00119665 0.00925766 0.0422492 0.114006 0.184025 0.187753 0.1479 0.122279 0.0977446 0.0574698 0.0240536 0.00834898 0.00266761 0.000737653 0.000172752 3.58574e-05 6.56576e-06 1.01481e-06 1.27097e-07 1.24859e-08
 1.60812e-11 1.74622e-09 1.11795e-07 4.21969e-06 9.39032e-05 0.00123205 0.00953143 0.0434963 0.117339 0.18915 0.191785 0.147975 0.118673 0.0932677 0.0542922 0.0223386 0.00755685 0.0023892 0.000673722 0.000162121 3.33251e-05 5.74684e-06 8.24724e-07 9.81619e-08 9.40842e-09
 1.62279e-11 1.76215e-09 1.12815e-07 4.25819e-06 9.47598e-05 0.00124329 0.00961832 0.0438918 0.118392 0.190734 0.19286 0.147437 0.116677 0.0912995 0.0535615 0.0226171 0.00799909 0.00261234 0.00073796 0.000175601 3.61098e-05 6.30363e-06 9.01584e-07 1.03222e-07 9.3135e-09
 1.55712e-11 1.69085e-09 1.0825e-07 4.08589e-06 9.09257e-05 0.00119299 0.00922936 0.0421209 0.11367 0.183573 0.187709 0.148917 0.124205 0.099209 0.057297 0.0227336 0.00716246 0.00212111 0.000585737 0.000142494 2.99132e-05 5.24128e-06 7.49031e-07 8.59535e-08 7.7095e-09
 1.5119e-11 1.64174e-09 1.05106e-07 3.96723e-06 8.82851e-05 0.00115834 0.00896143 0.0409002 0.110404 0.178528 0.183627 0.148469 0.127166 0.103232 0.0606096 0.0249794 0.00840481 0.00259017 0.000689214 0.000153352 2.99414e-05 5.14681e-06 7.43267e-07 8.61634e-08 7.75348e-09
 1.43825e-11 1.56177e-09 9.99861e-08 3.77398e-06 8.39847e-05 0.00110192 0.00852512 0.0389129 0.105096 0.170392 0.17736 0.148785 0.133562 0.11075 0.0653768 0.0270067 0.00914572 0.00287442 0.000795428 0.000185215 3.64865e-05 5.97929e-06 8.07148e-07 8.976e-08 8.0089e-09
 1.43542e-11 1.5587e-09 9.97893e-08 3.76655e-06 8.38193e-05 0.00109975 0.00850833 0.038836 0.104885 0.170023 0.176853 0.148065 0.132694 0.110305 0.0658814 0.028122 0.0100845 0.00333114 0.000945515 0.000224448 4.55396e-05 7.73542e-06 1.06284e-06 1.1568e-07 9.83143e-09
 1.5371e-11 1.66911e-09 1.06858e-07 4.03334e-06 8.97564e-05 0.00117765 0.00911073 0.0415807 0.112229 0.181379 0.186094 0.149249 0.126318 0.101502 0.0584912 0.0229414 0.00705656 0.00204256 0.000561426 0.000137692 2.91435e-05 5.11012e-06 7.22778e-07 8.10166e-08 7.00801e-09
 1.59177e-11 1.72847e-09 1.10658e-07 4.1768e-06 9.29488e-05 0.00121953 0.00943461 0.0430558 0.116168 0.187402 0.190665 0.148791 0.121237 0.0957204 0.0550932 0.0217903 0.0067805 0.00192805 0.000488052 0.000105223 2.01629e-05 3.45482e-06 5.01208e-07 5.81861e-08 5.19431e-09
 1.61317e-11 1.7517e-09 1.12146e-07 4.23294e-06 9.41981e-05 0.00123592 0.00956137 0.0436332 0.117712 0.189783 0.19257 0.148931 0.119729 0.0937563 0.0535815 0.020852 0.00628219 0.00172958 0.000432091 9.20282e-05 1.67817e-05 2.60875e-06 3.41738e-07 3.75332e-08 3.34333e-09
 1.59291e-11 1.72971e-09 1.10738e-07 4.1798e-06 9.30155e-05 0.0012204 0.00944139 0.0430869 0.116254 0.187557 0.190902 0.14917 0.121721 0.0959868 0.0548488 0.0212142 0.00629363 0.00169314 0.000411816 8.5002e-05 1.50534e-05 2.28098e-06 2.86305e-07 2.91487e-08 2.37489e-09
 1.53324e-11 1.66492e-09 1.0659e-07 4.02323e-06 8.95312e-05 0.00117469 0.0090879 0.0414769 0.111955 0.180987 0.185926 0.149706 0.127334 0.102379 0.058629 0.022494 0.00653797 0.00171238 0.000407406 8.22892e-05 1.41833e-05 2.08287e-06 2.53121e-07 2.49255e-08 1.94466e-09
 1.57714e-11 1.71258e-09 1.09641e-07 4.1384e-06 9.20943e-05 0.00120832 0.00934791 0.0426608 0.115112 0.185773 0.189363 0.1487 0.122277 0.097077 0.0561443 0.0224448 0.00711875 0.00204719 0.000507804 0.00010221 1.72202e-05 2.46344e-06 2.91219e-07 2.78081e-08 2.09892e-09
 1.60875e-11 1.74691e-09 1.11839e-07 4.22135e-06 9.394e-05 0.00123253 0.00953519 0.043514 0.117393 0.189292 0.192179 0.148911 0.120052 0.0941654 0.0538811 0.021027 0.00637741 0.0017753 0.000449809 9.70519e-05 1.76098e-05 2.61332e-06 3.08342e-07 2.88187e-08 2.11586e-09
 1.56325e-11 1.69751e-09 1.08676e-07 4.10197e-06 9.12836e-05 0.00119768 0.00926569 0.0422867 0.114119 0.184303 0.188481 0.149581 0.12473 0.0993055 0.0566564 0.0216378 0.0062348 0.001621 0.000387769 8.01489e-05 1.43501e-05 2.19917e-06 2.75448e-07 2.70821e-08 2.02843e-09
 1.59448e-11 1.73141e-09 1.10847e-07 4.1839e-06 9.31068e-05 0.0012216 0.00945067 0.0431292 0.116369 0.187748 0.191123 0.149405 0.121954 0.096073 0.0546473 0.020833 0.00597546 0.00153346 0.00035617 6.98455e-05 1.16997e-05 1.69416e-06 2.0621e-07 2.04487e-08 1.59197e-09
 1.6324e-11 1.77259e-09 1.13483e-07 4.2834e-06 9.5321e-05 0.00125065 0.0096753 0.0441522 0.119099 0.191911 0.194225 0.148901 0.118139 0.0918514 0.052326 0.0202602 0.00602388 0.00161325 0.000383234 7.51622e-05 1.23469e-05 1.71644e-06 1.97173e-07 1.84378e-08 1.38061e-09
 1.58853e-11 1.72495e-09 1.10433e-07 4.1683e-06 9.27596e-05 0.00121705 0.00941545 0.0429691 0.115944 0.187123 0.190764 0.149836 0.123085 0.0970784 0.0548396 0.0204093 0.00553204 0.00132271 0.000297445 5.87955e-05 9.94782e-06 1.40711e-06 1.60602e-07 1.45757e-08 1.04038e-09
 1.63088e-11 1.77095e-09 1.13378e-07 4.27944e-06 9.52328e-05 0.00124949 0.00966638 0.0441121 0.119 0.191827 0.194487 0.149981 0.119902 0.0930705 0.0519293 0.018758 0.00470211 0.000983691 0.000193151 3.38773e-05 5.18396e-06 6.97604e-07 7.95916e-08 7.33503e-09 5.2538e-10
#obs surv len freq
 1.83006e-11 1.98723e-09 1.27224e-07 4.80207e-06 0.000106863 0.00140207 0.0108461 0.0494809 0.133272 0.213107 0.207885 0.139105 0.0872411 0.0629419 0.04381 0.0270455 0.014517 0.00632846 0.00217358 0.00058772 0.000122624 1.90776e-05 2.14198e-06 1.68382e-07 9.00645e-09
 1.58737e-11 1.7237e-09 1.10353e-07 4.16527e-06 9.26924e-05 0.00121617 0.00940877 0.0429403 0.115877 0.187007 0.190184 0.147158 0.117275 0.0919739 0.055592 0.0255875 0.0102777 0.00380537 0.0012153 0.000312441 6.15899e-05 8.96393e-06 9.3426e-07 6.77798e-08 3.33228e-09
 1.63072e-11 1.77077e-09 1.13366e-07 4.27901e-06 9.52235e-05 0.00124938 0.00966559 0.04411 0.118994 0.19168 0.193105 0.144401 0.109287 0.0852621 0.0552675 0.0288878 0.012474 0.00420442 0.00106393 0.000210226 3.39027e-05 4.3472e-06 4.14269e-07 2.77157e-08 1.25443e-09
 1.63687e-11 1.77745e-09 1.13794e-07 4.29515e-06 9.55828e-05 0.00125409 0.00970223 0.0442797 0.119478 0.192605 0.194447 0.145778 0.109687 0.084108 0.053395 0.0275056 0.0120105 0.00424534 0.0011406 0.000227004 3.30471e-05 3.49689e-06 2.69653e-07 1.50761e-08 5.94957e-10
 1.63715e-11 1.77775e-09 1.13813e-07 4.29589e-06 9.55994e-05 0.00125432 0.00970415 0.044292 0.119548 0.19294 0.195498 0.147624 0.111199 0.0841032 0.0521325 0.0259326 0.010833 0.00366629 0.000954609 0.000187781 2.73546e-05 2.8521e-06 2.06446e-07 1.01872e-08 3.3953e-10
 1.6523e-11 1.79421e-09 1.14867e-07 4.33565e-06 9.64843e-05 0.00126593 0.00979417 0.0447055 0.120689 0.194896 0.197697 0.149092 0.111007 0.0824061 0.0501125 0.02433 0.00980338 0.00316063 0.000775921 0.00014322 1.96738e-05 1.95696e-06 1.36439e-07 6.47904e-09 2.04601e-10
 1.61133e-11 1.74972e-09 1.12018e-07 4.22814e-06 9.40919e-05 0.00123456 0.00955178 0.043606 0.117796 0.1907 0.195155 0.150488 0.114779 0.0856287 0.0518821 0.0250591 0.00997464 0.00314614 0.000748669 0.000132381 1.71925e-05 1.60148e-06 1.04243e-07 4.6334e-09 1.37633e-10
 1.60257e-11 1.74021e-09 1.11409e-07 4.20516e-06 9.35808e-05 0.00122786 0.00950029 0.0433765 0.117233 0.19011 0.195545 0.152243 0.116491 0.0859674 0.0511884 0.0241471 0.00929889 0.00281448 0.000638695 0.000107105 1.3128e-05 1.1484e-06 6.97884e-08 2.87975e-09 7.91252e-11
 1.60904e-11 1.74723e-09 1.11859e-07 4.22214e-06 9.39588e-05 0.00123283 0.00953898 0.043557 0.117753 0.19109 0.19676 0.152864 0.115694 0.0844785 0.0503329 0.023922 0.00920997 0.00274902 0.000608627 9.85626e-05 1.15381e-05 9.54487e-07 5.44424e-08 2.09674e-09 5.35295e-11
 1.47771e-11 1.60462e-09 1.02729e-07 3.87753e-06 8.62906e-05 0.00113225 0.00876185 0.040029 0.108439 0.177404 0.187932 0.156596 0.12808 0.0958515 0.0563701 0.0260543 0.00972096 0.00282127 0.000608989 9.58781e-05 1.08272e-05 8.56003e-07 4.62511e-08 1.67432e-09 3.99229e-11
 1.60151e-11 1.73905e-09 1.11335e-07 4.20238e-06 9.35194e-05 0.00122709 0.00949521 0.0433675 0.11733 0.190823 0.1974 0.153809 0.115297 0.0834892 0.0504126 0.0244741 0.00939728 0.002713 0.000570039 8.65413e-05 9.38996e-06 7.11491e-07 3.67033e-08 1.2617e-09 2.83925e-11
 1.44004e-11 1.56371e-09 1.0011e-07 3.77869e-06 8.4092e-05 0.00110345 0.00854032 0.0390391 0.105967 0.174489 0.188149 0.161319 0.133027 0.0971605 0.0550312 0.0243674 0.00870184 0.00242787 0.000504207 7.55802e-05 7.98089e-06 5.79721e-07 2.839e-08 9.21824e-10 1.95429e-11
 1.43631e-11 1.55967e-09 9.98513e-08 3.76893e-06 8.3875e-05 0.00110061 0.00851868 0.0389437 0.105725 0.174061 0.187146 0.158782 0.129817 0.096807 0.0581363 0.0275004 0.0100494 0.00271358 0.000529102 7.43601e-05 7.45901e-06 5.20527e-07 2.45411e-08 7.63044e-10 1.53654e-11
 1.36388e-11 1.48102e-09 9.48164e-08 3.57889e-06 7.96469e-05 0.00104518 0.0080911 0.0370126 0.100708 0.16706 0.183574 0.162196 0.136615 0.101674 0.060074 0.0280819 0.0103024 0.00283392 0.000562343 7.87213e-05 7.62943e-06 5.02808e-07 2.21894e-08 6.46448e-10 1.22478e-11
 1.26424e-11 1.37281e-09 8.7889e-08 3.31743e-06 7.38297e-05 0.000968912 0.00750249 0.0343493 0.0937382 0.15701 0.177252 0.164416 0.144301 0.109493 0.0654595 0.0306827 0.0111035 0.0029811 0.000577896 7.95445e-05 7.60603e-06 4.92214e-07 2.1068e-08 5.86158e-10 1.0463e-11
 1.33349e-11 1.44801e-09 9.27034e-08 3.49916e-06 7.78741e-05 0.00102199 0.00791326 0.0362232 0.0987503 0.164616 0.182566 0.162539 0.13683 0.102759 0.0624225 0.0298473 0.0108861 0.00290697 0.000554518 7.43939e-05 6.88585e-06 4.30093e-07 1.77589e-08 4.76204e-10 8.16681e-12
 1.45535e-11 1.58034e-09 1.01175e-07 3.81894e-06 8.49911e-05 0.00111539 0.00863619 0.0395248 0.107641 0.178588 0.19447 0.164911 0.129179 0.0904635 0.0514509 0.0232156 0.00813625 0.00212353 0.000398524 5.24219e-05 4.7186e-06 2.84197e-07 1.1239e-08 2.873e-10 4.684e-12
 1.38862e-11 1.50788e-09 9.65363e-08 3.64387e-06 8.1097e-05 0.00106438 0.00824385 0.0377674 0.103188 0.172883 0.193031 0.170559 0.136928 0.0943487 0.0511677 0.0216148 0.00705292 0.00172038 0.00030427 3.80889e-05 3.28779e-06 1.90471e-07 7.23461e-09 1.76887e-10 2.74472e-12
 1.48483e-11 1.61235e-09 1.03225e-07 3.89635e-06 8.6716e-05 0.00113812 0.00881427 0.0403659 0.110108 0.183278 0.200208 0.168436 0.128007 0.0859433 0.0464218 0.0194137 0.00611386 0.0014024 0.00022944 2.64252e-05 2.10495e-06 1.13317e-07 4.02817e-09 9.26709e-11 1.35709e-12
 1.39303e-11 1.51267e-09 9.68438e-08 3.65553e-06 8.13602e-05 0.00106798 0.00827492 0.0379512 0.103987 0.175357 0.197788 0.17512 0.137355 0.0907444 0.0467401 0.0185127 0.00557072 0.00123063 0.00019316 2.10477e-05 1.56117e-06 7.73827e-08 2.52088e-09 5.31728e-11 7.16314e-13
 1.35413e-11 1.47044e-09 9.41401e-08 3.55351e-06 7.9092e-05 0.0010383 0.00804696 0.0369309 0.101371 0.171663 0.1952 0.174813 0.139104 0.0941004 0.0499844 0.0201641 0.00600644 0.00128131 0.000191804 1.98496e-05 1.39456e-06 6.51399e-08 1.9844e-09 3.88176e-11 4.81618e-13
 1.53836e-11 1.67049e-09 1.06947e-07 4.03693e-06 8.98497e-05 0.00117942 0.00913775 0.0418874 0.11449 0.19112 0.208423 0.171208 0.12315 0.0778546 0.0399064 0.0157785 0.0046367 0.000975276 0.000142736 1.42427e-05 9.51657e-07 4.1866e-08 1.1945e-09 2.18124e-11 2.5195e-13
 1.41517e-11 1.53672e-09 9.83844e-08 3.71381e-06 8.26657e-05 0.00108542 0.00841631 0.0386733 0.106442 0.181077 0.206252 0.180999 0.135382 0.0831809 0.0394256 0.0142243 0.0038682 0.000768838 0.000107847 1.03691e-05 6.66653e-07 2.80619e-08 7.6032e-10 1.30844e-11 1.4152e-13
 1.43783e-11 1.56133e-09 9.99602e-08 3.77333e-06 8.3992e-05 0.00110288 0.00855215 0.0392971 0.108099 0.183364 0.206881 0.178415 0.132198 0.0824793 0.040199 0.014638 0.0038634 0.000720585 9.3446e-05 8.31496e-06 4.98835e-07 1.97516e-08 5.05702e-10 8.23149e-12 8.40707e-14
 1.39246e-11 1.51207e-09 9.68077e-08 3.65444e-06 8.13529e-05 0.00106848 0.00829081 0.038162 0.105441 0.18072 0.207942 0.183262 0.135952 0.0825868 0.0386942 0.0135878 0.003488 0.000633666 7.91964e-05 6.6702e-06 3.72441e-07 1.35902e-08 3.19878e-10 4.79825e-12 4.53542e-14
 1.42044e-11 1.54246e-09 9.87539e-08 3.72798e-06 8.29933e-05 0.00109013 0.0084604 0.0389552 0.107661 0.184347 0.210875 0.183046 0.133086 0.0795295 0.0366502 0.012525 0.00308556 0.000533329 6.32782e-05 5.06017e-06 2.67809e-07 9.2148e-09 2.02954e-10 2.826e-12 2.46379e-14
 1.36945e-11 1.4871e-09 9.52116e-08 3.59443e-06 8.00307e-05 0.00105157 0.00816824 0.037692 0.10472 0.181406 0.211832 0.187932 0.13701 0.0799615 0.0353935 0.0115411 0.00270839 0.000445095 4.99928e-05 3.76414e-06 1.86782e-07 6.01216e-09 1.23751e-10 1.60898e-12 1.30775e-14
 1.38252e-11 1.5013e-09 9.61221e-08 3.62892e-06 8.08043e-05 0.0010619 0.00825113 0.0380968 0.10593 0.183538 0.213649 0.187759 0.135229 0.0782291 0.0342984 0.0109597 0.00248125 0.000388242 4.11745e-05 2.91324e-06 1.35418e-07 4.07249e-09 7.81284e-11 9.4477e-13 7.13079e-15
#pred catch len freq
 1.23378e-11 1.33974e-09 8.57714e-08 3.23744e-06 7.20448e-05 0.000945268 0.00731319 0.0333822 0.0901746 0.146332 0.152951 0.130135 0.120146 0.105567 0.0733997 0.0449344 0.0283716 0.0186945 0.0128651 0.00936971 0.00731147 0.00617371 0.00535057 0.00411452 0.00239392
 1.68759e-11 1.83252e-09 1.1732e-07 4.42823e-06 9.85439e-05 0.00129293 0.0100022 0.0456383 0.123033 0.197646 0.197197 0.143876 0.105806 0.0802899 0.0484872 0.0230098 0.0105392 0.00527976 0.00287397 0.00169761 0.0010985 0.000792277 0.0006184 0.000455392 0.000264354
 1.51439e-11 1.64444e-09 1.05279e-07 3.97375e-06 8.84302e-05 0.00116025 0.00897616 0.0409674 0.110586 0.178818 0.183914 0.148659 0.127209 0.102975 0.0599361 0.0241947 0.0080239 0.00269737 0.000977584 0.000394717 0.000184816 0.000101857 6.53564e-05 4.33078e-05 2.4153e-05
 1.57264e-11 1.70769e-09 1.09328e-07 4.12659e-06 9.18314e-05 0.00120487 0.0093212 0.0425384 0.114774 0.185171 0.188483 0.14735 0.120574 0.0961204 0.0569468 0.0244211 0.00885331 0.00295907 0.000861393 0.000225922 6.20199e-05 2.0493e-05 8.82318e-06 4.61528e-06 2.31385e-06
 1.55566e-11 1.68926e-09 1.08148e-07 4.08205e-06 9.08403e-05 0.00119187 0.00922066 0.0420806 0.113554 0.183325 0.187173 0.147791 0.1226 0.0981842 0.057811 0.024311 0.00859464 0.00288879 0.000879514 0.000232232 5.289e-05 1.0748e-05 2.31197e-06 6.71658e-07 2.49514e-07
 1.56731e-11 1.70191e-09 1.08958e-07 4.11261e-06 9.15203e-05 0.00120079 0.00928965 0.0423948 0.114394 0.184611 0.188165 0.147744 0.121596 0.097011 0.0570809 0.0240066 0.0084676 0.00281679 0.000842951 0.000220937 5.08571e-05 9.9545e-06 1.63272e-06 2.43754e-07 4.23749e-08
 1.59782e-11 1.73504e-09 1.11079e-07 4.19268e-06 9.33021e-05 0.00122416 0.00947043 0.0432184 0.116595 0.188 0.190848 0.14785 0.119305 0.094128 0.0549903 0.0228222 0.00787009 0.00256743 0.000760653 0.000197592 4.49244e-05 8.70209e-06 1.39928e-06 1.83415e-07 1.9949e-08
 1.63517e-11 1.7756e-09 1.13676e-07 4.29069e-06 9.54832e-05 0.00125278 0.00969172 0.0442262 0.119286 0.192113 0.193962 0.147513 0.115792 0.0901367 0.0526461 0.0220417 0.00771644 0.00253604 0.000744427 0.000189751 4.24128e-05 8.11256e-06 1.28853e-06 1.65667e-07 1.68083e-08
 1.57393e-11 1.7091e-09 1.09418e-07 4.12999e-06 9.1907e-05 0.00120586 0.00932892 0.0425743 0.114882 0.18543 0.189143 0.148857 0.12276 0.0974901 0.0561724 0.0222256 0.00698009 0.00207698 0.000587009 0.000149168 3.32452e-05 6.27709e-06 9.80096e-07 1.24047e-07 1.23693e-08
 1.54175e-11 1.67415e-09 1.07181e-07 4.04554e-06 9.00278e-05 0.00118121 0.00913825 0.0417056 0.112558 0.181839 0.186236 0.148533 0.124861 0.100355 0.0585462 0.0238437 0.00786958 0.00240098 0.000648907 0.000150538 3.11054e-05 5.68393e-06 8.77843e-07 1.09913e-07 1.07968e-08
 1.55241e-11 1.68574e-09 1.07922e-07 4.07353e-06 9.06507e-05 0.00118938 0.00920145 0.0419937 0.113329 0.183037 0.187236 0.14874 0.124316 0.0994997 0.0577038 0.0231567 0.00745459 0.00224588 0.000617967 0.000147269 3.01444e-05 5.1886e-06 7.44042e-07 8.85319e-08 8.48445e-09
 1.62191e-11 1.7612e-09 1.12754e-07 4.25589e-06 9.47088e-05 0.00124262 0.00961316 0.0438686 0.118334 0.190677 0.192974 0.147958 0.117541 0.0919085 0.0533927 0.0219086 0.0073626 0.00229775 0.000634944 0.000149731 3.06594e-05 5.34178e-06 7.63428e-07 8.73793e-08 7.88314e-09
 1.53809e-11 1.67018e-09 1.06927e-07 4.03595e-06 8.98144e-05 0.00117841 0.00911662 0.0416076 0.112302 0.181503 0.186246 0.149429 0.126515 0.101591 0.0583563 0.022661 0.00681496 0.0019158 0.000513925 0.000123629 2.58384e-05 4.51906e-06 6.45354e-07 7.40353e-08 6.63976e-09
 1.50354e-11 1.63266e-09 1.04524e-07 3.94528e-06 8.77966e-05 0.00115193 0.00891188 0.0406748 0.109806 0.177644 0.183105 0.149027 0.128687 0.10461 0.0609211 0.0244679 0.00783747 0.00230346 0.000598216 0.000131774 2.56033e-05 4.39097e-06 6.3355e-07 7.34215e-08 6.60615e-09
 1.42088e-11 1.5429e-09 9.8778e-08 3.72838e-06 8.29699e-05 0.00108861 0.00842218 0.0384444 0.103849 0.168517 0.176092 0.14944 0.135955 0.113111 0.0662587 0.0266718 0.0085949 0.00257506 0.00069548 0.000160376 3.14557e-05 5.14452e-06 6.93874e-07 7.71366e-08 6.88163e-09
 1.49288e-11 1.62108e-09 1.03783e-07 3.9173e-06 8.71741e-05 0.00114377 0.0088487 0.0403867 0.109032 0.176418 0.181972 0.148451 0.128664 0.105058 0.0618511 0.0256144 0.00872364 0.00275578 0.000765665 0.000180168 3.6403e-05 6.17151e-06 8.47293e-07 9.21921e-08 7.83423e-09
 1.5602e-11 1.69419e-09 1.08464e-07 4.09396e-06 9.11052e-05 0.00119534 0.00924759 0.0422042 0.113897 0.183956 0.188178 0.149476 0.124808 0.0994678 0.056845 0.0218359 0.00641875 0.00176149 0.000469523 0.000113803 2.398e-05 4.19726e-06 5.93248e-07 6.64789e-08 5.74983e-09
 1.61693e-11 1.75579e-09 1.12407e-07 4.24281e-06 9.44178e-05 0.0012388 0.00958366 0.0437348 0.117984 0.190205 0.192922 0.149004 0.119538 0.0934631 0.0533013 0.0206232 0.00613091 0.00165674 0.000407418 8.67962e-05 1.65417e-05 2.82731e-06 4.09787e-07 4.75578e-08 4.24505e-09
 1.63961e-11 1.78042e-09 1.13984e-07 4.30233e-06 9.57421e-05 0.00125618 0.00971803 0.0443469 0.119621 0.192724 0.194916 0.149083 0.117833 0.091312 0.0517322 0.0197301 0.00568926 0.00148638 0.000359917 7.5688e-05 1.37272e-05 2.12862e-06 2.78553e-07 3.05812e-08 2.72365e-09
 1.63396e-11 1.77428e-09 1.13591e-07 4.2875e-06 9.54123e-05 0.00125185 0.00968457 0.0441946 0.119215 0.192108 0.194474 0.149213 0.118487 0.0920008 0.0520624 0.0197445 0.00561198 0.00143244 0.000337389 6.87223e-05 1.21006e-05 1.82866e-06 2.29276e-07 2.33326e-08 1.90071e-09
 1.54732e-11 1.68021e-09 1.07568e-07 4.06017e-06 9.03533e-05 0.00118548 0.00917131 0.041857 0.112973 0.182564 0.187225 0.149925 0.126533 0.101213 0.0575793 0.0216973 0.00605114 0.00150306 0.00034579 6.88746e-05 1.18004e-05 1.72809e-06 2.09758e-07 2.06459e-08 1.61048e-09
 1.60329e-11 1.74098e-09 1.11459e-07 4.20702e-06 9.36212e-05 0.00122835 0.00950284 0.0433666 0.117 0.188689 0.191717 0.148942 0.120542 0.0947495 0.054268 0.0211979 0.00641741 0.00175616 0.000423909 8.4373e-05 1.41384e-05 2.01689e-06 2.38131e-07 2.27276e-08 1.71511e-09
 1.65026e-11 1.79199e-09 1.14725e-07 4.33028e-06 9.63642e-05 0.00126434 0.00978115 0.0446344 0.120388 0.193896 0.1958 0.148975 0.116812 0.090156 0.0510575 0.0195147 0.00566204 0.0014957 0.000367449 7.83028e-05 1.41341e-05 2.09259e-06 2.46654e-07 2.30432e-08 1.69151e-09
 1.61729e-11 1.75618e-09 1.12432e-07 4.24376e-06 9.44389e-05 0.00123908 0.00958582 0.0437449 0.118015 0.190284 0.193136 0.149506 0.120271 0.0939264 0.0530496 0.019894 0.00550269 0.00135619 0.000313429 6.3861e-05 1.13658e-05 1.73718e-06 2.1735e-07 2.13611e-08 1.59968e-09
 1.62365e-11 1.76309e-09 1.12875e-07 4.26046e-06 9.48104e-05 0.00124395 0.00962351 0.0439166 0.118474 0.190987 0.193679 0.149484 0.119728 0.0932862 0.0526425 0.0197175 0.00543148 0.00132187 0.000296643 5.73355e-05 9.54399e-06 1.37785e-06 1.67495e-07 1.66015e-08 1.29223e-09
 1.69685e-11 1.84258e-09 1.17963e-07 4.45253e-06 9.90846e-05 0.00130003 0.0100571 0.0458915 0.123746 0.199043 0.199766 0.148779 0.112773 0.0854027 0.0480341 0.0182211 0.00518943 0.0013193 0.000303666 5.87819e-05 9.59923e-06 1.33051e-06 1.52638e-07 1.42657e-08 1.06798e-09
 1.70108e-11 1.84717e-09 1.18257e-07 4.46363e-06 9.93316e-05 0.00130327 0.0100822 0.0460059 0.124056 0.199547 0.200302 0.149244 0.113137 0.0854428 0.0475248 0.0173994 0.00454784 0.00103013 0.000222665 4.32697e-05 7.27207e-06 1.02566e-06 1.16923e-07 1.06063e-08 7.56895e-10
 1.67655e-11 1.82054e-09 1.16553e-07 4.39928e-06 9.78996e-05 0.00128448 0.00993694 0.0453445 0.122292 0.196871 0.19837 0.149776 0.115919 0.0883833 0.0489418 0.0174826 0.00425823 0.000846159 0.000158644 2.72087e-05 4.12666e-06 5.53191e-07 6.30149e-08 5.80393e-09 4.15623e-10
#obs catch len freq
 1.08924e-11 1.18278e-09 7.57229e-08 2.85817e-06 6.36048e-05 0.000834543 0.00645708 0.0294859 0.0797997 0.130655 0.141771 0.133494 0.138034 0.130083 0.0963417 0.0597613 0.0322124 0.0142574 0.00500814 0.00138735 0.000296822 4.74732e-05 5.48465e-06 4.42205e-07 2.41135e-08
 1.70719e-11 1.85381e-09 1.18682e-07 4.47967e-06 9.96887e-05 0.00130795 0.0101183 0.0461667 0.124426 0.199564 0.197341 0.138826 0.0960116 0.0739345 0.0523065 0.0322387 0.0170947 0.00731246 0.00245287 0.000643876 0.000129539 1.93057e-05 2.0634e-06 1.53518e-07 7.73271e-09
 1.46211e-11 1.58768e-09 1.01645e-07 3.83659e-06 8.53782e-05 0.00112022 0.00866693 0.039565 0.106897 0.173459 0.180421 0.148967 0.128453 0.103685 0.0626663 0.028707 0.0114398 0.00416844 0.00129956 0.000323811 6.14497e-05 8.55555e-06 8.4786e-07 5.81635e-08 2.69088e-09
 1.51099e-11 1.64076e-09 1.05043e-07 3.96486e-06 8.82326e-05 0.00115766 0.00895655 0.0408839 0.110411 0.178712 0.183638 0.145692 0.119351 0.0963082 0.0625896 0.0324813 0.013804 0.00454819 0.00112189 0.000215339 3.34921e-05 4.10706e-06 3.71711e-07 2.34902e-08 9.99729e-10
 1.54063e-11 1.67294e-09 1.07103e-07 4.04261e-06 8.99631e-05 0.00118037 0.00913235 0.0416881 0.112595 0.182279 0.187138 0.147275 0.118016 0.0927868 0.0588931 0.0301002 0.0129349 0.00446397 0.00116457 0.000223915 3.13363e-05 3.17201e-06 2.3264e-07 1.22904e-08 4.55702e-10
 1.55836e-11 1.69219e-09 1.08336e-07 4.08914e-06 9.09986e-05 0.00119397 0.0092377 0.0421721 0.113932 0.184591 0.18983 0.149333 0.118293 0.0910553 0.0562614 0.0277136 0.0113775 0.0037566 0.000949307 0.000180218 2.51793e-05 2.50419e-06 1.72102e-07 8.02804e-09 2.51804e-10
 1.5799e-11 1.71558e-09 1.09833e-07 4.14566e-06 9.22565e-05 0.00121048 0.00936562 0.0427589 0.115542 0.187296 0.192693 0.150946 0.117654 0.0886726 0.0536828 0.0257739 0.0101907 0.00320064 0.00076169 0.000135573 1.78481e-05 1.69153e-06 1.11793e-07 5.01024e-09 1.48771e-10
 1.55777e-11 1.69156e-09 1.08295e-07 4.08761e-06 9.09649e-05 0.00119354 0.00923497 0.042169 0.114015 0.185217 0.191845 0.152396 0.119919 0.090016 0.0541186 0.0257943 0.0100548 0.00308406 0.000710199 0.000120892 1.50262e-05 1.33221e-06 8.21257e-08 3.44155e-09 9.6008e-11
 1.55217e-11 1.68548e-09 1.07906e-07 4.07292e-06 9.06381e-05 0.00118927 0.00920226 0.042026 0.113691 0.185029 0.192634 0.154293 0.121405 0.0899465 0.0530777 0.0246772 0.00929439 0.00273221 0.000599264 9.66242e-05 1.13209e-05 9.41477e-07 5.41313e-08 2.10425e-09 5.42618e-11
 1.57051e-11 1.70539e-09 1.0918e-07 4.12104e-06 9.17092e-05 0.00120333 0.0093113 0.0425272 0.11507 0.187329 0.19486 0.154837 0.119586 0.0873175 0.0514727 0.0240691 0.00904593 0.00261814 0.00055937 8.69642e-05 9.71778e-06 7.63356e-07 4.11537e-08 1.49185e-09 3.57193e-11
 1.44261e-11 1.5665e-09 1.00289e-07 3.78543e-06 8.42413e-05 0.00110538 0.00855468 0.0390947 0.106028 0.174139 0.186619 0.158908 0.131773 0.0981225 0.056977 0.025881 0.009418 0.00264767 0.000550778 8.31195e-05 8.94688e-06 6.70809e-07 3.42212e-08 1.16505e-09 2.60352e-11
 1.58028e-11 1.716e-09 1.0986e-07 4.14669e-06 9.22806e-05 0.00121085 0.0093702 0.0428062 0.115904 0.188998 0.196979 0.155668 0.117727 0.0847202 0.0504546 0.0240095 0.0089656 0.00250249 0.000506061 7.35552e-05 7.59752e-06 5.45226e-07 2.65231e-08 8.56547e-10 1.80498e-11
 1.42013e-11 1.54209e-09 9.87261e-08 3.72646e-06 8.29302e-05 0.00108823 0.00842341 0.0385181 0.104675 0.17299 0.188281 0.163651 0.135351 0.0977784 0.0545232 0.023674 0.00822836 0.00221842 0.000442656 6.34023e-05 6.36339e-06 4.37288e-07 2.01752e-08 6.14865e-10 1.21956e-11
 1.42279e-11 1.54499e-09 9.89117e-08 3.73347e-06 8.30865e-05 0.0010903 0.0084397 0.0385955 0.104893 0.173247 0.18773 0.160974 0.131694 0.0970752 0.0573191 0.0264944 0.00938996 0.00244587 0.000458001 6.14808e-05 5.8557e-06 3.86007e-07 1.712e-08 4.99056e-10 9.39485e-12
 1.35672e-11 1.47324e-09 9.43186e-08 3.56012e-06 7.92299e-05 0.00103975 0.00805 0.0368388 0.100355 0.167025 0.184843 0.164472 0.137925 0.101196 0.0587354 0.0268211 0.00953744 0.00252658 0.00048028 6.40697e-05 5.88802e-06 3.66319e-07 1.51986e-08 4.14748e-10 7.33772e-12
 1.26177e-11 1.37014e-09 8.77178e-08 3.31098e-06 7.36872e-05 0.000967086 0.00748947 0.0343057 0.0937466 0.15758 0.179086 0.166839 0.1453 0.108513 0.0636354 0.0290838 0.0101867 0.00263162 0.00048827 6.39597e-05 5.78911e-06 3.53052e-07 1.41892e-08 3.69529e-10 6.15753e-12
 1.33736e-11 1.45222e-09 9.29726e-08 3.50933e-06 7.81016e-05 0.00102502 0.0079378 0.0363501 0.099207 0.165828 0.184762 0.164733 0.137335 0.101388 0.0603251 0.0280706 0.00989196 0.00253775 0.000462621 5.89848e-05 5.16177e-06 3.03467e-07 1.17502e-08 2.94547e-10 4.71029e-12
 1.4615e-11 1.58702e-09 1.01603e-07 3.83509e-06 8.53515e-05 0.00112017 0.00867429 0.0397136 0.108261 0.180021 0.196714 0.166786 0.12917 0.0887792 0.049416 0.0216979 0.00734452 0.00183952 0.000329386 4.11105e-05 3.49369e-06 1.97828e-07 7.32887e-09 1.74972e-10 2.65754e-12
 1.39867e-11 1.5188e-09 9.72356e-08 3.67029e-06 8.16865e-05 0.00107218 0.00830553 0.0380666 0.10412 0.174848 0.195753 0.172441 0.136398 0.0920374 0.0487771 0.0200306 0.00630817 0.00147571 0.000248851 2.9528e-05 2.40327e-06 1.30714e-07 4.64523e-09 1.05967e-10 1.53057e-12
 1.49753e-11 1.62614e-09 1.04108e-07 3.9297e-06 8.74598e-05 0.00114794 0.00889159 0.0407353 0.111217 0.185455 0.202938 0.170064 0.127243 0.0835484 0.0440081 0.0178478 0.00541441 0.00118973 0.000185467 2.02379e-05 1.51911e-06 7.6713e-08 2.54872e-09 5.46444e-11 7.44067e-13
 1.40706e-11 1.52791e-09 9.78196e-08 3.6924e-06 8.21828e-05 0.00107886 0.00836081 0.038364 0.105238 0.177829 0.200852 0.176792 0.136231 0.0879346 0.0441546 0.0169569 0.0049115 0.0010378 0.000154955 1.5978e-05 1.11611e-06 5.18804e-08 1.5792e-09 3.10284e-11 3.88398e-13
 1.37235e-11 1.49022e-09 9.54069e-08 3.60137e-06 8.01595e-05 0.0010524 0.00815791 0.0374591 0.102933 0.17461 0.19862 0.176516 0.137785 0.0909546 0.0470014 0.0183383 0.00524896 0.00107 0.000152245 1.48947e-05 9.84422e-07 4.30828e-08 1.2257e-09 2.23303e-11 2.57445e-13
 1.55751e-11 1.69128e-09 1.08279e-07 4.08723e-06 9.09715e-05 0.00119423 0.00925398 0.0424367 0.116084 0.194004 0.211516 0.172431 0.12161 0.0748957 0.0372906 0.0142431 0.00401628 0.000805916 0.000111931 1.05461e-05 6.62404e-07 2.72885e-08 7.26724e-10 1.23529e-11 1.32527e-13
 1.43605e-11 1.5594e-09 9.98369e-08 3.7687e-06 8.38907e-05 0.00110161 0.00854395 0.0392812 0.108229 0.184352 0.209735 0.182152 0.133259 0.0797013 0.0366997 0.0127958 0.00333831 0.000632363 8.4059e-05 7.62022e-06 4.59937e-07 1.81116e-08 4.57738e-10 7.33e-12 7.36215e-14
 1.46144e-11 1.58697e-09 1.01602e-07 3.83538e-06 8.53768e-05 0.00112117 0.00869605 0.0399785 0.110073 0.186887 0.21049 0.179555 0.130027 0.0788339 0.0372212 0.0130608 0.00330203 0.000586773 7.2105e-05 6.04651e-06 3.40202e-07 1.25854e-08 3.00197e-10 4.54229e-12 4.3049e-14
 1.41787e-11 1.53967e-09 9.85756e-08 3.72126e-06 8.28447e-05 0.00108821 0.00844629 0.0389002 0.107585 0.184528 0.21174 0.184232 0.133381 0.0786905 0.0357056 0.0120747 0.00296493 0.00051224 6.05748e-05 4.80475e-06 2.51592e-07 8.57754e-09 1.88037e-10 2.6202e-12 2.29603e-14
 1.44737e-11 1.57171e-09 1.00628e-07 3.79881e-06 8.45751e-05 0.00111105 0.00862527 0.0397366 0.109917 0.188295 0.214694 0.183875 0.130346 0.0755289 0.0336451 0.0110557 0.00260282 0.000427534 4.79531e-05 3.60738e-06 1.78854e-07 5.74578e-09 1.17837e-10 1.52442e-12 1.2324e-14
 1.3975e-11 1.51757e-09 9.71636e-08 3.66824e-06 8.16803e-05 0.00107342 0.00834093 0.0385141 0.107104 0.185583 0.215803 0.188612 0.13393 0.075749 0.0323904 0.0101473 0.00227324 0.000354607 3.7615e-05 2.66232e-06 1.23682e-07 3.71459e-09 7.11474e-11 8.5889e-13 6.47042e-15
#spawning biomass
 3901.46 5912.99 9083.43 13959.5 21463.9 32090.1 49976.4 81618.9 108059 134728 158808 211602 234215 247524 231280 209872 176487 182114 197985 212260 203409 210470 225208 224542 218801 241227 235880 206449 212578 4193.44 4187.87 4187.87 4187.87 4187.87 4187.87 4187.87 4187.87 4187.87 4187.87 4187.87 4187.87 4187.87 4187.87 4187.87 4187.87 4187.87 4187.87 4187.87 4187.87 4187.87 4187.87 4187.87 4187.87 4187.87 4187.87 4187.87 4187.87 4187.87 4187.87 4187.87 4187.87 4187.87 4187.87 4187.87 4187.87 4187.87 4187.87 4187.87 4187.87 4187.87 4187.87 4187.87 4187.87 4187.87 4187.87 4187.87 4187.87 4187.87 4187.87 4187.87 4187.87 4187.87 4187.87 4187.87 4187.87 4187.87 4187.87 4187.87 4187.87 4187.87 4187.87 4187.87 4187.87 4187.87 4187.87 4187.87 4187.87 4187.87 4187.87 4187.87 4187.87 4187.87 4187.87 4187.87 4187.87 4187.87 4187.87 4187.87 4187.87 4187.87 4187.87 4187.87 4187.87 4187.87 4187.87 4187.87 4187.87 4187.87 4187.87 4187.87 4187.87 4187.87 4187.87 4187.87 4187.87 4187.87 4187.87 4187.87 0 0 0 0 0 0 0 0 0 0 0 0 0 0 0 0 0 0 0 0 0 0 0 0 0
