SBPRF35
0.709477
Curr Bio
102672
B35
724376
F35
0.219543
FOFL
0
OFL
0
Bzero
202708
#pred survey bio
 40239.1 31103 24097.3 17653.8 21214.3 27979.1 34135.3 39758.4 51799.1 62711.3 79420.4 71485.3 93247.3 104320 102899 106375 101377 107451 104976 91507.9 112412 79122.7 90129.8 104361 89994.4 82666 90202.8 111048 4.15316e+06 6.56678e+06 7.12731e+06 6.76894e+06 5.96585e+06 5.05768e+06 4.2258e+06 3.54023e+06 3.00937e+06 2.61411e+06 2.32713e+06 2.122e+06 1.97669e+06 1.87412e+06 1.80113e+06 1.74788e+06 1.71073e+06 1.68449e+06 1.66574e+06 1.65217e+06 1.64223e+06 1.63486e+06 1.62935e+06 1.62517e+06 1.62198e+06 1.61952e+06 1.61762e+06 1.61613e+06 1.61497e+06 1.61405e+06 1.61333e+06 1.61275e+06 1.6123e+06 1.61193e+06 1.61164e+06 1.61141e+06 1.61123e+06 1.61108e+06 1.61096e+06 1.61086e+06 1.61079e+06 1.61073e+06 1.61068e+06 1.61064e+06 1.61061e+06 1.61058e+06 1.61056e+06 1.61054e+06 1.61053e+06 1.61052e+06 1.61051e+06 1.61051e+06 1.6105e+06 1.6105e+06 1.61049e+06 1.61049e+06 1.61049e+06 1.61049e+06 1.61048e+06 1.61048e+06 1.61048e+06 1.61048e+06 1.61048e+06 1.61048e+06 1.61048e+06 1.61048e+06 1.61048e+06 1.61048e+06 1.61048e+06 1.61048e+06 1.61048e+06 1.61048e+06 1.61048e+06 1.61048e+06 1.61048e+06 1.61048e+06 1.61048e+06 1.61048e+06 1.61048e+06 1.61048e+06 1.61048e+06 1.61048e+06 1.61048e+06 1.61048e+06 1.61048e+06 1.61048e+06 1.61048e+06 1.61048e+06 1.61048e+06 1.61048e+06 1.61048e+06 1.61048e+06 1.61048e+06 1.61048e+06 1.61048e+06 1.61048e+06 1.61048e+06 1.61048e+06 1.61048e+06 1.61048e+06 0 0 0 0 0 0 0 0 0 0 0 0 0 0 0 0 0 0 0 0 0 0 0 0 0
#obs survey bio
 39418.6 27825.9 13513.9 14544.9 19874.2 27302.8 31450.5 40505.5 47597.2 60108.3 89059.4 70462.7 75516.8 111785 94943.5 87778.7 106102 145097 146118 95446.7 141578 75608.1 91895.4 103432 120787 79988.9 104621 155221
#pred catch bio
 26111.7 16979.4 14066.9 11393 13622.3 18833.8 25556.2 27423 37676.2 45500 68616.4 56880.2 81034.8 95636.5 95689.4 103319 96024.2 103343 104715 85687.1 120933 82852.1 97187.3 118471 102561 94162.4 104847 99136.9 0 55157.4 59370.8 55746.1 48434.9 40383 33137.6 27269.4 22813.4 19572.3 17284.6 15704.8 14631.1 13910 13427.7 13103 12893.6 12758.6 12671.5 12615.4 12579.2 12555.8 12540.8 12531.1 12524.8 12520.8 12518.2 12516.5 12515.4 12514.7 12514.3 12514 12513.8 12513.7 12513.6 12513.6 12513.5 12513.5 12513.5 12513.5 12513.5 12513.5 12513.5 12513.5 12513.5 12513.5 12513.5 12513.5 12513.5 12513.5 12513.5 12513.5 12513.5 12513.5 12513.5 12513.5 12513.5 12513.5 12513.5 12513.5 12513.5 12513.5 12513.5 12513.5 12513.5 12513.5 12513.5 12513.5 12513.5 12513.5 12513.5 12513.5 12513.5 12513.5 12513.5 12513.5 12513.5 12513.5 12513.5 12513.5 12513.5 12513.5 12513.5 12513.5 12513.5 12513.5 12513.5 12513.5 12513.5 12513.5 12513.5 12513.5 12513.5 12513.5 12513.5 12513.5 12513.5 12513.5 12513.5 12513.5 0 0 0 0 0 0 0 0 0 0 0 0 0 0 0 0 0 0 0 0 0 0 0 0 0
#obs catch bio
 18890 18055.6 17157.4 13641.5 13544.4 18930.9 26719.4 27075.2 36907.1 43675.7 64627 51646.6 80502.5 93240.3 96144 99985.4 91970.6 93182.1 94980.5 76018.8 115232 72051.1 89693.8 113684 87559.4 85828.6 92524.4 94507.6
#pred cpue bio
 37545.9 29665.3 23549 16494 18678.2 25560.3 30455.6 35336.1 46420.7 55717.6 70575.8 62854.9 81015.4 90523.2 88831.7 91094.9 86383.1 91891 89735.1 77754.6 95194.7 65979.6 74149.5 85281.2 73355.4 67044.2 72618.4 88275.3 3.60663e+06 6.54314e+06 7.10367e+06 6.7453e+06 5.94221e+06 5.03404e+06 4.20216e+06 3.5166e+06 2.98573e+06 2.59047e+06 2.30349e+06 2.09836e+06 1.95305e+06 1.85048e+06 1.77749e+06 1.72425e+06 1.68709e+06 1.66085e+06 1.6421e+06 1.62853e+06 1.61859e+06 1.61123e+06 1.60571e+06 1.60153e+06 1.59834e+06 1.59589e+06 1.59398e+06 1.5925e+06 1.59133e+06 1.59042e+06 1.58969e+06 1.58912e+06 1.58866e+06 1.5883e+06 1.58801e+06 1.58777e+06 1.58759e+06 1.58744e+06 1.58732e+06 1.58723e+06 1.58715e+06 1.58709e+06 1.58704e+06 1.587e+06 1.58697e+06 1.58694e+06 1.58692e+06 1.58691e+06 1.58689e+06 1.58688e+06 1.58688e+06 1.58687e+06 1.58686e+06 1.58686e+06 1.58686e+06 1.58685e+06 1.58685e+06 1.58685e+06 1.58685e+06 1.58685e+06 1.58684e+06 1.58684e+06 1.58684e+06 1.58684e+06 1.58684e+06 1.58684e+06 1.58684e+06 1.58684e+06 1.58684e+06 1.58684e+06 1.58684e+06 1.58684e+06 1.58684e+06 1.58684e+06 1.58684e+06 1.58684e+06 1.58684e+06 1.58684e+06 1.58684e+06 1.58684e+06 1.58684e+06 1.58684e+06 1.58684e+06 1.58684e+06 1.58684e+06 1.58684e+06 1.58684e+06 1.58684e+06 1.58684e+06 1.58684e+06 1.58684e+06 1.58684e+06 1.58684e+06 1.58684e+06 1.58684e+06 1.58684e+06 1.58684e+06 1.58684e+06 1.58684e+06 1.58684e+06 0 0 0 0 0 0 0 0 0 0 0 0 0 0 0 0 0 0 0 0 0 0 0 0 0
#obs cpue bio
 27517.7 18047.1 13770.3 14235.8 25133.1 27970.5 26456.9 37165.5 58306.3 67791.9 89173.9 90210.4 93822.4 96762.1 91623.8 132849 96375.1 108822 96322.2 112774 96049.4 116388 96275.2 103621 105625 94685.8 106219 72335.3
#pred surv len freq
 1.3051e-11 1.41656e-09 9.06595e-08 3.42121e-06 7.61264e-05 0.000998824 0.00772839 0.0352839 0.0953212 0.154566 0.160768 0.134611 0.121698 0.105404 0.0717614 0.0420352 0.0247989 0.0149544 0.00930872 0.0061737 0.00445339 0.0035462 0.00296673 0.00224409 0.00129751
 9.75323e-12 1.05862e-09 6.77515e-08 2.55674e-06 5.6891e-05 0.000746463 0.00577648 0.0263896 0.0715281 0.117884 0.1315 0.132788 0.145691 0.136959 0.0969347 0.0586115 0.0340748 0.018561 0.00964649 0.00512278 0.00292939 0.0018934 0.00137265 0.000974153 0.000557111
 5.94958e-12 6.45769e-10 4.13292e-08 1.55964e-06 3.47044e-05 0.000455372 0.00352456 0.0161178 0.043905 0.0741172 0.0908171 0.111471 0.143181 0.149986 0.125972 0.0964591 0.0666471 0.0390817 0.0200922 0.00948531 0.00431487 0.00208217 0.0011638 0.000708995 0.00038128
 1.39819e-11 1.5176e-09 9.71263e-08 3.66524e-06 8.15562e-05 0.00107005 0.00827878 0.0377803 0.10184 0.163325 0.161436 0.114062 0.0818872 0.0711674 0.065728 0.0607298 0.0512107 0.0373501 0.0232274 0.0120431 0.00527952 0.00209221 0.000845244 0.000384315 0.000176558
 1.7933e-11 1.94645e-09 1.24573e-07 4.70098e-06 0.000104603 0.00137242 0.0106181 0.0484529 0.130571 0.209084 0.205116 0.140206 0.0911496 0.0641259 0.0388516 0.020573 0.0129343 0.0100998 0.00768137 0.00492564 0.00254361 0.00105388 0.000368125 0.00012201 4.17015e-05
 1.41671e-11 1.5377e-09 9.84124e-08 3.71378e-06 8.26365e-05 0.00108424 0.00838926 0.0383006 0.103463 0.167705 0.174124 0.144858 0.129055 0.108003 0.0666703 0.0312081 0.0134348 0.00608731 0.00324035 0.00206739 0.00126611 0.000626458 0.000238891 7.2307e-05 1.89217e-05
 1.64737e-11 1.78806e-09 1.14436e-07 4.31845e-06 9.60909e-05 0.00126075 0.00975438 0.0445177 0.120049 0.192903 0.192413 0.140165 0.103432 0.0810547 0.0541608 0.0312091 0.0165511 0.00751212 0.00289896 0.00111125 0.000502547 0.000250275 0.000108775 3.61508e-05 9.04635e-06
 1.65217e-11 1.79327e-09 1.14769e-07 4.33102e-06 9.63706e-05 0.00126443 0.00978287 0.0446496 0.120431 0.193734 0.194249 0.144067 0.10894 0.0843 0.0517418 0.0252348 0.0118306 0.0056715 0.00253858 0.000978646 0.000324836 0.000106262 3.80883e-05 1.29562e-05 3.45897e-06
 1.58702e-11 1.72256e-09 1.10243e-07 4.16024e-06 9.25706e-05 0.00121457 0.00939726 0.0428924 0.115728 0.186466 0.188366 0.143433 0.11328 0.0903246 0.0569133 0.0287697 0.0134886 0.00591801 0.00237082 0.000900299 0.000313992 9.40386e-05 2.47087e-05 6.27778e-06 1.51479e-06
 1.65839e-11 1.80003e-09 1.15201e-07 4.34734e-06 9.67338e-05 0.00126919 0.0098197 0.0448169 0.120871 0.194352 0.19445 0.143143 0.107083 0.0829843 0.0521773 0.0267345 0.0128563 0.00579958 0.00233151 0.000838606 0.000270474 7.78887e-05 1.94948e-05 4.1352e-06 7.64014e-07
 1.65138e-11 1.79242e-09 1.14715e-07 4.32897e-06 9.6325e-05 0.00126383 0.00977824 0.0446285 0.120374 0.193636 0.194132 0.143941 0.108865 0.0844871 0.0523232 0.0258584 0.0119597 0.00533168 0.00217452 0.000798468 0.000256886 7.08367e-05 1.66312e-05 3.28313e-06 5.339e-07
 1.7177e-11 1.8644e-09 1.19321e-07 4.50281e-06 0.000100193 0.00131458 0.0101708 0.0464179 0.125169 0.201099 0.200425 0.145442 0.105853 0.0796579 0.047564 0.021801 0.00907815 0.0037236 0.00144012 0.000515637 0.000166158 4.62135e-05 1.07248e-05 2.0266e-06 3.06719e-07
 1.80064e-11 1.95442e-09 1.25083e-07 4.72024e-06 0.000105031 0.00137805 0.0106617 0.0486543 0.131145 0.210262 0.207491 0.145102 0.0986834 0.0712785 0.0423564 0.0196686 0.00824976 0.00326687 0.00116156 0.000377407 0.000113378 3.04804e-05 7.01479e-06 1.31981e-06 1.95334e-07
 1.79919e-11 1.95285e-09 1.24982e-07 4.71643e-06 0.000104946 0.00137694 0.0106531 0.0486159 0.131052 0.210193 0.207801 0.146302 0.100634 0.0726561 0.0419898 0.018078 0.00679111 0.00250419 0.000869262 0.000273745 7.66447e-05 1.88184e-05 4.02553e-06 7.27907e-07 1.05891e-07
 1.82902e-11 1.98522e-09 1.27054e-07 4.79463e-06 0.000106686 0.00139976 0.0108297 0.0494206 0.133205 0.213519 0.210484 0.146571 0.0986573 0.0700636 0.0400031 0.0168054 0.00599622 0.00204529 0.000643076 0.000184176 4.84623e-05 1.13174e-05 2.2588e-06 3.76313e-07 5.11578e-08
 1.87747e-11 2.03781e-09 1.3042e-07 4.92163e-06 0.000109512 0.00143684 0.0111164 0.050727 0.136698 0.218889 0.214694 0.146599 0.0948048 0.0653539 0.0367757 0.0151586 0.00522955 0.00171279 0.000512616 0.000136322 3.25341e-05 6.87993e-06 1.26625e-06 1.96979e-07 2.49104e-08
 1.90363e-11 2.06621e-09 1.32237e-07 4.99021e-06 0.000111038 0.00145686 0.0112713 0.0514328 0.138588 0.221813 0.217083 0.146929 0.0932048 0.0631285 0.034897 0.0138228 0.00441963 0.00133667 0.000378311 9.58423e-05 2.161e-05 4.23584e-06 7.08023e-07 9.959e-08 1.15191e-08
 1.88202e-11 2.04276e-09 1.30736e-07 4.93358e-06 0.000109778 0.00144033 0.0111434 0.0508502 0.13703 0.219424 0.215231 0.14699 0.0950393 0.0653259 0.0363525 0.0144982 0.00467058 0.00139954 0.000378754 8.90576e-05 1.86022e-05 3.41684e-06 5.34709e-07 6.94294e-08 7.30309e-09
 1.88461e-11 2.04557e-09 1.30916e-07 4.94036e-06 0.000109929 0.00144231 0.0111588 0.0509201 0.137217 0.21971 0.215454 0.146985 0.094824 0.0650655 0.0361768 0.0144136 0.00463823 0.00139136 0.000377774 8.84372e-05 1.79311e-05 3.09939e-06 4.49154e-07 5.40425e-08 5.27296e-09
 1.9186e-11 2.08246e-09 1.33277e-07 5.02945e-06 0.000111911 0.00146832 0.0113599 0.0518366 0.139668 0.223479 0.218417 0.14703 0.0921557 0.0617715 0.0338715 0.0131939 0.00406639 0.00116624 0.00030948 7.19811e-05 1.45819e-05 2.50555e-06 3.54201e-07 4.04837e-08 3.67928e-09
 1.94014e-11 2.10584e-09 1.34773e-07 5.08592e-06 0.000113168 0.0014848 0.0114874 0.0524172 0.141217 0.225839 0.220157 0.146678 0.0898873 0.0593091 0.0325913 0.0129732 0.00417707 0.0012428 0.00032882 7.39502e-05 1.4458e-05 2.4359e-06 3.41594e-07 3.86823e-08 3.43489e-09
 2.01891e-11 2.19134e-09 1.40245e-07 5.29242e-06 0.000117763 0.00154508 0.0119536 0.0545417 0.146899 0.234586 0.227075 0.14692 0.0839121 0.0518055 0.0271715 0.00993561 0.00268073 0.000651422 0.000156768 3.51888e-05 6.96209e-06 1.15798e-06 1.57709e-07 1.74056e-08 1.5212e-09
 2.08772e-11 2.26602e-09 1.45025e-07 5.47279e-06 0.000121776 0.00159774 0.0123609 0.0563969 0.151855 0.242174 0.232867 0.146442 0.0776474 0.0445755 0.0227715 0.00828868 0.00222977 0.000525593 0.000114525 2.17176e-05 3.65559e-06 5.6187e-07 7.52697e-08 8.24112e-09 7.06359e-10
 2.11876e-11 2.29972e-09 1.47181e-07 5.55417e-06 0.000123587 0.00162149 0.0125446 0.0572339 0.154093 0.245608 0.235535 0.146379 0.0750509 0.0414589 0.020705 0.00731695 0.00183863 0.000390206 7.84521e-05 1.41842e-05 2.22424e-06 3.00467e-07 3.44538e-08 3.35252e-09 2.71564e-10
 2.12947e-11 2.31133e-09 1.47925e-07 5.58223e-06 0.000124211 0.00162968 0.012608 0.0575227 0.154865 0.246798 0.236482 0.146431 0.0742682 0.0404585 0.0199599 0.00687657 0.00161102 0.000298023 5.14299e-05 8.20817e-06 1.15474e-06 1.42889e-07 1.51146e-08 1.31926e-09 9.31983e-11
 2.15264e-11 2.33648e-09 1.49534e-07 5.64296e-06 0.000125563 0.00164741 0.0127451 0.0581473 0.156533 0.249352 0.23843 0.146262 0.0721466 0.0380136 0.0184761 0.00632798 0.00146944 0.000265735 4.37308e-05 6.40301e-06 7.87501e-07 8.35045e-08 7.70368e-09 6.00768e-10 3.84337e-11
 2.18569e-11 2.37236e-09 1.51831e-07 5.72962e-06 0.000127491 0.00167271 0.0129408 0.0590386 0.158914 0.252996 0.241206 0.146013 0.0691055 0.0345149 0.0163604 0.00555565 0.00127876 0.000227399 3.66422e-05 5.25566e-06 6.2604e-07 6.23936e-08 5.18968e-09 3.51956e-10 1.93861e-11
 2.23932e-11 2.43057e-09 1.55556e-07 5.8702e-06 0.000130619 0.00171375 0.0132582 0.0604845 0.162777 0.258908 0.245713 0.145622 0.0641915 0.0288514 0.0129214 0.00428356 0.00095337 0.00015811 2.33747e-05 3.16801e-06 3.65581e-07 3.5516e-08 2.86882e-09 1.85752e-10 9.4587e-12
#obs surv len freq
 4.31988e-11 4.00351e-09 2.18775e-07 7.04924e-06 0.000133929 0.00150043 0.0099136 0.0386657 0.0894587 0.125942 0.121269 0.110813 0.118027 0.117414 0.100384 0.0760818 0.0485256 0.0252526 0.011033 0.00405967 0.00120128 0.000268899 4.30926e-05 4.73182e-06 3.44277e-07
 2.56157e-11 2.28967e-09 1.20678e-07 3.75036e-06 6.87252e-05 0.000742701 0.00473651 0.0178898 0.0407737 0.0612799 0.0805124 0.11976 0.162166 0.166263 0.137969 0.10006 0.0606673 0.0296997 0.0120169 0.00404145 0.00108925 0.000223084 3.29053e-05 3.33618e-06 2.24215e-07
 1.24523e-11 1.07169e-09 5.43846e-08 1.62732e-06 2.87133e-05 0.000298824 0.00183675 0.00671535 0.0151421 0.0245965 0.0409295 0.0763351 0.124724 0.16975 0.193173 0.167879 0.104827 0.0486293 0.0180213 0.00549302 0.00133617 0.000246504 3.28183e-05 3.01798e-06 1.84914e-07
 2.4706e-10 2.04393e-08 9.9705e-07 2.86784e-05 0.000486384 0.00486398 0.0286811 0.0997272 0.204532 0.247782 0.178789 0.0809269 0.0316572 0.0241874 0.0288172 0.028848 0.0215729 0.0120793 0.00504328 0.00155555 0.000353817 5.89263e-05 7.01657e-06 5.77427e-07 3.17776e-08
 1.27704e-10 1.01403e-08 4.7477e-07 1.31071e-05 0.000213368 0.00204844 0.0116073 0.0389851 0.0793229 0.108095 0.132193 0.177965 0.200099 0.14715 0.0675916 0.0216702 0.00725054 0.00344342 0.00161828 0.000568433 0.000138609 2.30071e-05 2.57629e-06 1.92828e-07 9.52089e-09
 3.42081e-10 2.60333e-08 1.16819e-06 3.09093e-05 0.000482228 0.00443627 0.0240685 0.0770701 0.146258 0.168069 0.129615 0.0936455 0.0885001 0.0925316 0.0846131 0.0570349 0.0251438 0.00696995 0.00128988 0.000200702 3.36694e-05 5.23364e-06 5.86515e-07 4.30025e-08 2.01092e-09
 4.67005e-10 3.40162e-08 1.46096e-06 3.69979e-05 0.000552473 0.00486484 0.0252701 0.0775804 0.142167 0.163291 0.142282 0.131557 0.124363 0.0919223 0.0524947 0.0263366 0.0117703 0.0042017 0.00108855 0.000193682 2.35046e-05 2.07554e-06 1.48009e-07 8.60473e-09 3.65571e-10
 6.05637e-10 4.21685e-08 1.73122e-06 4.19086e-05 0.000598207 0.00503543 0.0250076 0.0734639 0.12936 0.145572 0.131807 0.132251 0.131876 0.104985 0.0672263 0.0349242 0.0134392 0.0035968 0.00069377 0.000105323 1.28421e-05 1.16283e-06 7.24117e-08 3.03446e-09 8.7268e-11
 9.2715e-10 6.16336e-08 2.41586e-06 5.58361e-05 0.000760949 0.00611555 0.0289987 0.0813477 0.136872 0.147574 0.129012 0.12601 0.123645 0.0996269 0.0661669 0.0353951 0.0138385 0.00375244 0.000715724 9.93445e-05 1.01992e-05 7.7278e-07 4.26228e-08 1.65945e-09 4.37335e-11
 1.40684e-09 8.91898e-08 3.33407e-06 7.3489e-05 0.000955146 0.00732099 0.033113 0.0886712 0.142959 0.150133 0.133043 0.132077 0.124548 0.0924268 0.0553658 0.0268288 0.00960674 0.002394 0.000420886 5.4408e-05 5.23628e-06 3.65694e-07 1.79282e-08 6.03002e-10 1.37038e-11
 2.0078e-09 1.21266e-07 4.31865e-06 9.06872e-05 0.00112291 0.00820013 0.0353449 0.0903064 0.13975 0.144438 0.132995 0.137224 0.128089 0.0927665 0.054058 0.02504 0.0083561 0.00188743 0.000291798 3.24956e-05 2.70624e-06 1.67257e-07 7.40719e-09 2.26797e-10 4.6649e-12
 3.27525e-09 1.88273e-07 6.38144e-06 0.000127538 0.00150302 0.0104463 0.0428539 0.104207 0.153446 0.150718 0.131512 0.129012 0.116107 0.082582 0.0475627 0.0214265 0.00681527 0.00144582 0.000206711 2.08303e-05 1.53117e-06 8.19751e-08 3.12374e-09 8.27501e-11 1.49218e-12
 4.78254e-09 2.61414e-07 8.42532e-06 0.000160116 0.00179429 0.0118592 0.0462808 0.107247 0.15177 0.148051 0.135761 0.13676 0.11819 0.0778889 0.0410311 0.0170154 0.00503579 0.000998622 0.000133245 1.24506e-05 8.40341e-07 4.08076e-08 1.3906e-09 3.24756e-11 5.10648e-13
 6.17441e-09 3.20645e-07 9.81845e-06 0.000177278 0.00188751 0.0118549 0.043998 0.0973504 0.134019 0.135838 0.140509 0.151257 0.130374 0.0849401 0.0441591 0.0176861 0.00492398 0.00089773 0.000107598 8.85151e-06 5.23011e-07 2.24636e-08 6.8593e-10 1.44404e-11 2.04433e-13
 1.08369e-08 5.3427e-07 1.55312e-05 0.000266221 0.0026909 0.0160435 0.0565073 0.11847 0.153407 0.142604 0.131969 0.131857 0.111462 0.0742765 0.0396488 0.0157541 0.00421438 0.000725642 8.12214e-05 6.15793e-06 3.29567e-07 1.26008e-08 3.38411e-10 6.23796e-12 7.75364e-14
 1.47093e-08 6.87978e-07 1.89735e-05 0.000308543 0.00295885 0.0167406 0.056014 0.112165 0.142128 0.139421 0.144529 0.148133 0.117521 0.0704689 0.0336735 0.0122611 0.003086 0.000511117 5.61684e-05 4.23826e-06 2.24736e-07 8.31777e-09 2.09999e-10 3.54869e-12 3.96986e-14
 2.16172e-08 9.58626e-07 2.50662e-05 0.00038648 0.00351411 0.0188542 0.0598658 0.114138 0.139685 0.137517 0.145768 0.148058 0.115637 0.0692173 0.0327858 0.0114461 0.00266571 0.000394623 3.72834e-05 2.33966e-06 1.02964e-07 3.2851e-09 7.52339e-11 1.19357e-12 1.26712e-14
 3.20659e-08 1.34753e-06 3.33905e-05 0.000487877 0.00420395 0.0213776 0.0643709 0.116699 0.137324 0.133661 0.141967 0.143427 0.113948 0.0715141 0.035202 0.012402 0.00289465 0.000439435 4.43206e-05 3.05475e-06 1.44897e-07 4.65073e-09 9.89442e-11 1.38265e-12 1.27065e-14
 4.76075e-08 1.89512e-06 4.44822e-05 0.000615662 0.0050255 0.024214 0.0691591 0.119526 0.136808 0.135245 0.146116 0.143862 0.109538 0.0657737 0.0309189 0.0104153 0.00234759 0.000351077 3.58035e-05 2.55302e-06 1.26895e-07 4.28883e-09 9.60495e-11 1.39932e-12 1.30879e-14
 6.51793e-08 2.45694e-06 5.46097e-05 0.000715747 0.00553308 0.0252587 0.0684911 0.113446 0.128991 0.135089 0.152847 0.149369 0.111781 0.0660858 0.0301868 0.00973045 0.0020877 0.000298319 2.93317e-05 2.03738e-06 9.95907e-08 3.34075e-09 7.49082e-11 1.10033e-12 1.04189e-14
 1.05382e-07 3.76073e-06 7.91355e-05 0.000981941 0.00718661 0.0310619 0.07977 0.125281 0.135562 0.135823 0.147279 0.139059 0.102186 0.0595223 0.026307 0.00804322 0.00161782 0.000215397 1.96854e-05 1.27369e-06 5.83688e-08 1.85069e-09 3.9535e-11 5.57124e-13 5.09126e-15
 1.57147e-07 5.3085e-06 0.000105738 0.00124198 0.00860518 0.0352249 0.0858395 0.12903 0.137593 0.141031 0.15219 0.136719 0.0936982 0.0506165 0.0208314 0.00597558 0.00113601 0.000143831 1.25231e-05 7.67679e-07 3.29867e-08 9.71938e-10 1.9216e-11 2.50771e-13 2.12982e-15
 2.25185e-07 7.20004e-06 0.000135746 0.00150923 0.0098992 0.0383839 0.088851 0.128414 0.136791 0.145508 0.157207 0.136017 0.0888461 0.0454322 0.0174835 0.00462192 0.000796001 8.94662e-05 6.80539e-06 3.6479e-07 1.39625e-08 3.74486e-10 6.8292e-12 8.25206e-14 6.48074e-16
 3.13631e-07 9.49176e-06 0.000169384 0.00178258 0.011069 0.0406612 0.0894628 0.124607 0.133097 0.146367 0.158703 0.136083 0.089393 0.0459499 0.0173819 0.00444051 0.000737422 8.03688e-05 5.93276e-06 3.03844e-07 1.07854e-08 2.60694e-10 4.21731e-12 4.51351e-14 3.16387e-16
 4.66823e-07 1.33732e-05 0.000225901 0.0022504 0.0132293 0.0460323 0.0961665 0.128416 0.134802 0.147538 0.156125 0.130047 0.0836052 0.0418929 0.0152574 0.0037332 0.000597048 6.34215e-05 4.61276e-06 2.33183e-07 8.10498e-09 1.89343e-10 2.91559e-12 2.9201e-14 1.88262e-16
 6.24841e-07 1.69452e-05 0.000270976 0.00255567 0.0142281 0.0469543 0.0936485 0.122519 0.133685 0.154233 0.162471 0.131137 0.081508 0.0393123 0.0136976 0.00321022 0.000496411 5.16562e-05 3.71315e-06 1.85429e-07 6.32581e-09 1.44074e-10 2.15146e-12 2.07864e-14 1.28447e-16
 9.44552e-07 2.4252e-05 0.000367182 0.00327879 0.0172849 0.0540409 0.10233 0.128079 0.135719 0.152512 0.155896 0.123512 0.0760509 0.0358703 0.0119615 0.00264707 0.000384697 3.76605e-05 2.56e-06 1.21807e-07 3.98784e-09 8.75812e-11 1.26301e-12 1.17668e-14 6.98896e-17
 1.16857e-06 2.84107e-05 0.000407319 0.00344473 0.0172113 0.0511717 0.0934999 0.118876 0.138975 0.167794 0.168331 0.12539 0.0715877 0.0312778 0.00970127 0.00200362 0.000272107 2.48793e-05 1.57665e-06 6.98226e-08 2.12762e-09 4.35813e-11 5.88284e-13 5.15172e-15 2.88723e-17
#pred catch len freq
 1.28087e-11 1.39026e-09 8.89764e-08 3.3577e-06 7.47131e-05 0.000980283 0.00758498 0.0346304 0.0935725 0.151866 0.158594 0.134406 0.123316 0.107488 0.0732905 0.0429423 0.0253348 0.0152776 0.00950991 0.00630713 0.00454964 0.00362284 0.00303085 0.0022926 0.00132555
 9.21901e-12 1.00063e-09 6.40405e-08 2.41669e-06 5.37749e-05 0.000705581 0.00546028 0.0249487 0.0676727 0.111933 0.126718 0.132372 0.14933 0.141671 0.100467 0.0607672 0.0353294 0.0192445 0.0100017 0.00531141 0.00303726 0.00196312 0.0014232 0.00101002 0.000577625
 5.61224e-12 6.09155e-10 3.89859e-08 1.47121e-06 3.27368e-05 0.000429557 0.00332489 0.0152077 0.0414673 0.0703339 0.0876753 0.11087 0.144955 0.152584 0.128274 0.0982348 0.0678748 0.0398016 0.0204623 0.00966004 0.00439436 0.00212053 0.00118524 0.000722057 0.000388304
 1.3732e-11 1.49047e-09 9.53901e-08 3.59972e-06 8.00983e-05 0.00105092 0.00813083 0.0371058 0.100032 0.1605 0.159007 0.113331 0.082739 0.0726795 0.0673016 0.0622049 0.0524559 0.0382583 0.0237922 0.0123359 0.0054079 0.00214308 0.000865797 0.00039366 0.000180851
 1.77406e-11 1.92557e-09 1.23236e-07 4.65055e-06 0.00010348 0.0013577 0.0105042 0.0479341 0.129183 0.206944 0.203406 0.140087 0.0924963 0.0658023 0.0400018 0.0211964 0.0133274 0.0104068 0.00791489 0.00507539 0.00262094 0.00108592 0.000379317 0.000125719 4.29693e-05
 1.40115e-11 1.52081e-09 9.73317e-08 3.673e-06 8.1729e-05 0.00107233 0.00829718 0.037881 0.102342 0.165982 0.172779 0.14487 0.130322 0.10953 0.0676823 0.031688 0.0136418 0.00618113 0.00329029 0.00209926 0.00128562 0.000636114 0.000242573 7.34214e-05 1.92133e-05
 1.65566e-11 1.79706e-09 1.15012e-07 4.34019e-06 9.65745e-05 0.0012671 0.00980345 0.0447413 0.120647 0.193825 0.193147 0.140207 0.10283 0.0802874 0.053595 0.0308775 0.0163749 0.00743214 0.0028681 0.00109942 0.000497196 0.000247611 0.000107616 3.57659e-05 8.95004e-06
 1.64332e-11 1.78367e-09 1.14155e-07 4.30784e-06 9.58548e-05 0.00125766 0.00973054 0.0444112 0.119794 0.192754 0.193482 0.144067 0.10965 0.0851605 0.0523214 0.0255223 0.0119657 0.0057363 0.00256758 0.000989826 0.000328547 0.000107476 3.85235e-05 1.31042e-05 3.49849e-06
 1.58904e-11 1.72475e-09 1.10384e-07 4.16554e-06 9.26884e-05 0.00121612 0.00940922 0.0429468 0.115874 0.186689 0.188542 0.143435 0.11312 0.0901288 0.0567787 0.0287006 0.0134562 0.00590376 0.00236512 0.000898132 0.000313237 9.38122e-05 2.46493e-05 6.26267e-06 1.51114e-06
 1.65977e-11 1.80153e-09 1.15297e-07 4.35097e-06 9.68144e-05 0.00127025 0.00982788 0.0448542 0.120971 0.194505 0.19457 0.143144 0.106974 0.082851 0.0520851 0.0266865 0.0128332 0.00578913 0.00232731 0.000837096 0.000269986 7.77484e-05 1.94597e-05 4.12775e-06 7.62638e-07
 1.69654e-11 1.84144e-09 1.17852e-07 4.44735e-06 9.89591e-05 0.00129839 0.0100455 0.0458463 0.123629 0.198641 0.198051 0.143951 0.10525 0.0800858 0.0493324 0.024355 0.0112627 0.00502089 0.00204777 0.000751923 0.000241912 6.67075e-05 1.56617e-05 3.09175e-06 5.02778e-07
 1.73884e-11 1.88735e-09 1.2079e-07 4.55824e-06 0.000101426 0.00133076 0.0102959 0.046988 0.126693 0.203438 0.202243 0.145402 0.104092 0.0775486 0.0461748 0.0211524 0.00880729 0.00361248 0.00139714 0.000500248 0.000161199 4.48343e-05 1.04047e-05 1.96612e-06 2.97565e-07
 1.83989e-11 1.99703e-09 1.27809e-07 4.82313e-06 0.000107321 0.00140808 0.010894 0.0497127 0.133974 0.214607 0.210872 0.14504 0.0954309 0.0673692 0.0397621 0.0184386 0.00773223 0.00306186 0.00108867 0.000353723 0.000106263 2.85676e-05 6.57459e-06 1.23699e-06 1.83076e-07
 1.85226e-11 2.01045e-09 1.28669e-07 4.85555e-06 0.000108042 0.00141755 0.0109672 0.050047 0.134876 0.216059 0.212335 0.146117 0.0960815 0.0672657 0.038521 0.0165533 0.00621643 0.00229221 0.000795674 0.000250571 7.01563e-05 1.72253e-05 3.68475e-06 6.66285e-07 9.69265e-08
 1.88353e-11 2.04439e-09 1.30841e-07 4.93752e-06 0.000109866 0.00144148 0.0111523 0.0508903 0.137133 0.219541 0.215128 0.146346 0.0939281 0.0644875 0.0364439 0.0152774 0.00544906 0.00185858 0.00058437 0.000167362 4.40381e-05 1.02842e-05 2.05259e-06 3.41959e-07 4.64876e-08
 1.93894e-11 2.10453e-09 1.3469e-07 5.08277e-06 0.000113098 0.00148388 0.0114803 0.0523846 0.141127 0.225679 0.219923 0.14632 0.0894321 0.0590377 0.0327689 0.0134678 0.0046439 0.00152088 0.000455179 0.000121048 2.88888e-05 6.10907e-06 1.12437e-06 1.74909e-07 2.21193e-08
 1.95611e-11 2.12317e-09 1.35882e-07 5.12777e-06 0.000114099 0.00149702 0.0115819 0.0528477 0.142368 0.227606 0.22153 0.146646 0.0885495 0.0576902 0.031494 0.0124413 0.00397601 0.00120243 0.000340315 8.62163e-05 1.94395e-05 3.81041e-06 6.36912e-07 8.95875e-08 1.03622e-08
 1.94039e-11 2.10611e-09 1.3479e-07 5.08657e-06 0.000113182 0.00148499 0.0114889 0.0524239 0.141235 0.225867 0.220179 0.146681 0.0898704 0.0592819 0.0325619 0.0129502 0.00416985 0.00124942 0.000338125 7.95044e-05 1.66067e-05 3.05032e-06 4.77351e-07 6.19817e-08 6.51969e-09
 1.95235e-11 2.11909e-09 1.35621e-07 5.11792e-06 0.00011388 0.00149414 0.0115597 0.0527464 0.142097 0.227188 0.221196 0.146626 0.0888235 0.0580501 0.0317785 0.0126191 0.00405837 0.00121732 0.000330519 7.73747e-05 1.56881e-05 2.71169e-06 3.9297e-07 4.72824e-08 4.61337e-09
 1.967e-11 2.13499e-09 1.36639e-07 5.15632e-06 0.000114734 0.00150535 0.0116464 0.0531415 0.143154 0.228821 0.222512 0.146752 0.0878356 0.0567375 0.0307383 0.0119422 0.00367887 0.00105504 0.000279968 6.51169e-05 1.31914e-05 2.26662e-06 3.20424e-07 3.66231e-08 3.32842e-09
 2.02072e-11 2.1933e-09 1.40371e-07 5.29716e-06 0.000117868 0.00154647 0.0119643 0.05459 0.147023 0.234735 0.226989 0.146252 0.0827516 0.050964 0.0273554 0.0108332 0.00348488 0.00103673 0.000274296 6.1688e-05 1.20606e-05 2.03198e-06 2.84952e-07 3.22681e-08 2.86533e-09
 2.08022e-11 2.25787e-09 1.44504e-07 5.45312e-06 0.000121338 0.00159199 0.0123165 0.0561945 0.151314 0.241346 0.232236 0.146497 0.078333 0.0453586 0.0232337 0.00845002 0.00227756 0.000553361 0.000133168 2.98912e-05 5.91396e-06 9.83649e-07 1.33966e-07 1.47852e-08 1.29219e-09
 2.14389e-11 2.32699e-09 1.48927e-07 5.62003e-06 0.000125052 0.00164072 0.0126933 0.0579113 0.155901 0.248368 0.237596 0.146055 0.072536 0.0386674 0.0191602 0.00692408 0.00186009 0.00043836 9.55149e-05 1.81127e-05 3.0488e-06 4.68605e-07 6.27757e-08 6.87318e-09 5.8911e-10
 2.17841e-11 2.36445e-09 1.51324e-07 5.71051e-06 0.000127066 0.00166713 0.0128976 0.058842 0.158388 0.252183 0.240547 0.145939 0.0695792 0.0351567 0.0168842 0.00591021 0.00148235 0.000314497 6.32284e-05 1.14317e-05 1.79262e-06 2.42161e-07 2.77679e-08 2.70196e-09 2.18867e-10
 2.1876e-11 2.37443e-09 1.51963e-07 5.73461e-06 0.000127602 0.00167417 0.012952 0.0590899 0.159051 0.253204 0.241357 0.145976 0.0688961 0.0342904 0.0162475 0.0055423 0.00129585 0.000239635 4.13519e-05 6.59971e-06 9.28462e-07 1.14889e-07 1.21527e-08 1.06074e-09 7.49352e-11
 2.20602e-11 2.39443e-09 1.53243e-07 5.78291e-06 0.000128677 0.00168827 0.0130611 0.0595867 0.160379 0.255236 0.242906 0.145843 0.0672088 0.032346 0.0150673 0.00510582 0.00118309 0.000213869 3.51936e-05 5.15298e-06 6.33762e-07 6.72024e-08 6.19974e-09 4.83483e-10 3.09305e-11
 2.2352e-11 2.4261e-09 1.5527e-07 5.85941e-06 0.000130379 0.0017106 0.0132338 0.0603735 0.16248 0.258452 0.245356 0.145622 0.064523 0.0292567 0.0132002 0.00442545 0.00101596 0.000180581 2.90963e-05 4.17331e-06 4.97113e-07 4.95442e-08 4.12091e-09 2.79474e-10 1.53938e-11
 2.25378e-11 2.44626e-09 1.5656e-07 5.90809e-06 0.000131462 0.00172481 0.0133437 0.0608742 0.163818 0.260501 0.246924 0.145505 0.0628499 0.0273139 0.0120001 0.00395733 0.000879801 0.00014588 2.1566e-05 2.92286e-06 3.37291e-07 3.27677e-08 2.64682e-09 1.71378e-10 8.72676e-12
#obs catch len freq
 4.12662e-11 3.8244e-09 2.08988e-07 6.73387e-06 0.000127938 0.00143331 0.00947033 0.036941 0.0855197 0.120766 0.117808 0.11086 0.120458 0.119788 0.101675 0.0772702 0.0505419 0.0276329 0.0128208 0.00495789 0.00151464 0.000346056 5.63507e-05 6.27045e-06 4.6069e-07
 5.96024e-11 5.32759e-09 2.80793e-07 8.72625e-06 0.000159904 0.00172782 0.0110111 0.0414296 0.092547 0.126331 0.119967 0.111254 0.119259 0.11736 0.0993185 0.0742853 0.0464966 0.0237377 0.0101643 0.00364192 0.00103964 0.000222422 3.3794e-05 3.49515e-06 2.38286e-07
 3.61977e-11 3.1153e-09 1.5809e-07 4.73043e-06 8.34636e-05 0.000868475 0.00533352 0.0194101 0.0427514 0.0628727 0.0829856 0.123762 0.164377 0.165115 0.135256 0.0966659 0.0574172 0.0275145 0.0108872 0.00356059 0.000925281 0.000181067 2.53092e-05 2.41535e-06 1.52007e-07
 1.81309e-11 1.49998e-09 7.31706e-08 2.10465e-06 3.56977e-05 0.00035714 0.00211072 0.00742781 0.0162027 0.0259239 0.0433884 0.080344 0.129149 0.173304 0.193179 0.162996 0.0987201 0.0446089 0.0161315 0.00477566 0.00111905 0.000197162 2.48703e-05 2.1525e-06 1.23469e-07
 3.56915e-10 2.83407e-08 1.32691e-06 3.66319e-05 0.000596301 0.00572347 0.0323925 0.108105 0.212812 0.247507 0.171646 0.0752396 0.029738 0.0238306 0.0281863 0.0274536 0.0199316 0.0108138 0.00435968 0.00129423 0.000282251 4.48195e-05 5.05459e-06 3.9149e-07 2.01713e-08
 1.91637e-10 1.45841e-08 6.54435e-07 1.73158e-05 0.000270162 0.00248589 0.0135022 0.0434924 0.0850904 0.112652 0.136337 0.180464 0.195721 0.137999 0.0609877 0.0192054 0.00657875 0.00314878 0.00143471 0.000481938 0.000111781 1.75793e-05 1.85784e-06 1.30694e-07 6.04004e-09
 5.13404e-10 3.73959e-08 1.60611e-06 4.06738e-05 0.000607357 0.00534782 0.0277704 0.0851209 0.154702 0.170655 0.127654 0.0916335 0.0866515 0.0895558 0.0798047 0.0517056 0.0217631 0.00576491 0.00103153 0.000158737 2.62167e-05 3.89611e-06 4.11262e-07 2.82513e-08 1.23407e-09
 7.11245e-10 4.95217e-08 2.0331e-06 4.92164e-05 0.000702515 0.00591328 0.029363 0.0861923 0.151174 0.166948 0.141786 0.128927 0.118387 0.0847856 0.0474473 0.0234812 0.0102579 0.00353727 0.000878172 0.000149116 1.72849e-05 1.46438e-06 1.00093e-07 5.51433e-09 2.19498e-10
 9.3338e-10 6.20477e-08 2.43209e-06 5.62113e-05 0.000766063 0.00615669 0.0291948 0.0819133 0.137955 0.149386 0.132239 0.130494 0.126506 0.098008 0.0613521 0.0309391 0.0114479 0.00294265 0.000548199 8.05902e-05 9.44223e-06 8.13085e-07 4.78706e-08 1.8919e-09 5.11926e-11
 1.45195e-09 9.20499e-08 3.44098e-06 7.58455e-05 0.00098577 0.00755553 0.0341694 0.0914394 0.146929 0.151997 0.129027 0.122984 0.117091 0.0919405 0.059659 0.0308988 0.011597 0.00301387 0.000551762 7.35138e-05 7.22729e-06 5.22416e-07 2.73499e-08 1.00481e-09 2.48608e-11
 2.22186e-09 1.34195e-07 4.77908e-06 0.000100355 0.00124262 0.00907387 0.0391018 0.0997855 0.153494 0.154525 0.132645 0.127761 0.116315 0.0838197 0.0489941 0.0229908 0.00789962 0.00188521 0.00031808 3.94764e-05 3.63352e-06 2.41354e-07 1.12005e-08 3.55222e-10 7.58509e-12
 3.20875e-09 1.8445e-07 6.25187e-06 0.000124948 0.0014725 0.0102343 0.0419876 0.102138 0.150677 0.149161 0.132679 0.132154 0.118821 0.0835055 0.0473913 0.0211888 0.0067614 0.00145724 0.000215542 2.30226e-05 1.83587e-06 1.08079e-07 4.53333e-09 1.3083e-10 2.52641e-12
 5.25568e-09 2.87275e-07 9.25882e-06 0.000175956 0.00197177 0.0130312 0.0508356 0.117577 0.164832 0.15468 0.129763 0.122425 0.106065 0.0732204 0.0409964 0.0177722 0.00539181 0.00108898 0.000148577 1.43199e-05 1.00557e-06 5.12215e-08 1.84869e-09 4.61941e-11 7.82701e-13
 7.75687e-09 4.02825e-07 1.23348e-05 0.000222712 0.00237117 0.0148898 0.0552104 0.121585 0.163647 0.152218 0.1335 0.128516 0.106493 0.0679373 0.0347633 0.0138753 0.00391574 0.000738623 9.39305e-05 8.38213e-06 5.39616e-07 2.48931e-08 8.02337e-10 1.76575e-11 2.60791e-13
 1.02193e-08 5.03822e-07 1.46461e-05 0.00025105 0.0025376 0.0151308 0.0533151 0.112016 0.146509 0.141219 0.138893 0.142274 0.117511 0.0741128 0.0373404 0.0143423 0.00379546 0.000656276 7.47624e-05 5.86405e-06 3.30512e-07 1.3496e-08 3.89923e-10 7.73399e-12 1.02797e-13
 1.78278e-08 8.33835e-07 2.2996e-05 0.000373952 0.00358592 0.0202831 0.0677764 0.134819 0.165651 0.146061 0.128085 0.121682 0.0987768 0.063787 0.0328847 0.0124741 0.00316241 0.00051541 5.47325e-05 3.94827e-06 2.01144e-07 7.30014e-09 1.85355e-10 3.2187e-12 3.75742e-14
 2.47206e-08 1.09625e-06 2.86647e-05 0.00044196 0.00401842 0.021556 0.0683819 0.129788 0.155646 0.143728 0.139637 0.135158 0.10252 0.0594186 0.0274397 0.00955561 0.00228237 0.000358212 3.73745e-05 2.6817e-06 1.35034e-07 4.72905e-09 1.12571e-10 1.78866e-12 1.87707e-14
 3.608e-08 1.51622e-06 3.75705e-05 0.000548948 0.00473005 0.0240496 0.0723658 0.130746 0.151548 0.140949 0.140886 0.135711 0.101603 0.0588062 0.0268325 0.00892085 0.00196387 0.000274369 2.45145e-05 1.46025e-06 6.11481e-08 1.85349e-09 4.01403e-11 5.99276e-13 5.96436e-15
 5.39298e-08 2.14679e-06 5.03893e-05 0.000697412 0.00569248 0.0274199 0.0782057 0.13425 0.149312 0.136614 0.136226 0.130598 0.0997608 0.060547 0.0286029 0.00957235 0.00211311 0.000303554 2.90268e-05 1.89725e-06 8.51314e-08 2.5759e-09 5.15289e-11 6.75995e-13 5.8243e-15
 8.03562e-08 3.02903e-06 6.73252e-05 0.000882382 0.0068205 0.0311186 0.0841531 0.137614 0.14856 0.137435 0.138941 0.129697 0.0949131 0.0550688 0.0248235 0.0079431 0.00169503 0.000240284 2.3271e-05 1.57459e-06 7.40036e-08 2.35553e-09 4.95214e-11 6.75618e-13 5.90548e-15
 1.12039e-07 3.9983e-06 8.41344e-05 0.00104396 0.00764029 0.0330176 0.0847266 0.132584 0.141425 0.137192 0.144426 0.133746 0.0962206 0.0548766 0.0239746 0.00732926 0.00148809 0.000201598 1.88304e-05 1.24142e-06 5.73836e-08 1.81267e-09 3.81431e-11 5.24347e-13 4.63564e-15
 1.80627e-07 6.10165e-06 0.000121536 0.0014275 0.00988931 0.040456 0.0982892 0.145696 0.147417 0.135916 0.13651 0.12209 0.0862567 0.0483648 0.0203844 0.00589909 0.00112147 0.00014144 1.22743e-05 7.53744e-07 3.26692e-08 9.75562e-10 1.95573e-11 2.57872e-13 2.19945e-15
 2.72487e-07 8.71249e-06 0.00016426 0.00182617 0.0119756 0.0463902 0.106886 0.151269 0.149554 0.139099 0.137972 0.117062 0.0769844 0.0399901 0.0156914 0.00426088 0.000765708 9.18204e-05 7.58478e-06 4.40634e-07 1.78815e-08 4.95732e-10 9.1932e-12 1.12233e-13 8.89566e-16
 3.89912e-07 1.18003e-05 0.000210579 0.00221599 0.0137569 0.0504751 0.110433 0.150044 0.147585 0.142249 0.141736 0.116 0.0726815 0.0356806 0.0130658 0.0032632 0.000530073 5.6309e-05 4.06024e-06 2.06462e-07 7.47612e-09 1.88871e-10 3.23124e-12 3.6513e-14 2.67478e-16
 5.48929e-07 1.57252e-05 0.000265629 0.00264605 0.0155515 0.0540521 0.11233 0.146647 0.143469 0.142048 0.142167 0.115569 0.0728544 0.0358626 0.0128755 0.00310453 0.000486319 5.00932e-05 3.50051e-06 1.6957e-07 5.67652e-09 1.28981e-10 1.95632e-12 1.95857e-14 1.28139e-16
 8.13667e-07 2.20659e-05 0.000352855 0.00332754 0.018516 0.0609581 0.120236 0.150195 0.143737 0.141321 0.138224 0.109282 0.0673954 0.032283 0.0111451 0.00257369 0.000388536 3.90362e-05 2.68756e-06 1.28367e-07 4.20104e-09 9.20997e-11 1.32742e-12 1.24171e-14 7.46255e-17
 1.10857e-06 2.84633e-05 0.000430934 0.00384781 0.020278 0.0633004 0.119016 0.144745 0.142094 0.146415 0.142758 0.109436 0.0651887 0.0300102 0.00990487 0.00219155 0.000320161 3.15286e-05 2.14458e-06 1.01078e-07 3.24273e-09 6.92358e-11 9.66804e-13 8.71582e-15 5.01583e-17
 1.68491e-06 4.09636e-05 0.000587256 0.00496523 0.0247792 0.0732699 0.130635 0.151244 0.142525 0.14163 0.133638 0.100518 0.0592038 0.0265732 0.00837634 0.00174835 0.000239956 2.22299e-05 1.43012e-06 6.42314e-08 1.97744e-09 4.06981e-11 5.48486e-13 4.76454e-15 2.63348e-17
#spawning biomass
 39241 30566.7 23890.8 17225.8 20279.1 27082.8 32776.5 38124.6 49810.9 60128 76152.9 68298.5 88734.3 99228.9 97709.5 100740 95848.4 101713 99355.4 86437.6 106066 74281.1 84246.2 97337.4 83869.9 76916.9 83732.9 102672 164641 310798 334620 314223 273082 227773 187002 153981 128907 110668 97795.7 88905.5 82863.6 78806.2 76092.3 74264.9 73086.7 72326.9 71837 71521.1 71317.4 71186.1 71101.4 71046.8 71011.6 70988.9 70974.2 70964.8 70958.7 70954.8 70952.3 70950.6 70949.6 70948.9 70948.5 70948.2 70948 70947.9 70947.8 70947.8 70947.7 70947.7 70947.7 70947.7 70947.7 70947.7 70947.7 70947.7 70947.7 70947.7 70947.7 70947.7 70947.7 70947.7 70947.7 70947.7 70947.7 70947.7 70947.7 70947.7 70947.7 70947.7 70947.7 70947.7 70947.7 70947.7 70947.7 70947.7 70947.7 70947.7 70947.7 70947.7 70947.7 70947.7 70947.7 70947.7 70947.7 70947.7 70947.7 70947.7 70947.7 70947.7 70947.7 70947.7 70947.7 70947.7 70947.7 70947.7 70947.7 70947.7 70947.7 70947.7 70947.7 70947.7 70947.7 70947.7 70947.7 70947.7 70947.7 70947.7 0 0 0 0 0 0 0 0 0 0 0 0 0 0 0 0 0 0 0 0 0 0 0 0 0
