SBPRF35
0.468229
Curr Bio
124128
B35
519511
F35
0.283156
FOFL
0.0890406
OFL
12567.4
Bzero
133780
#pred survey bio
 36254.5 37205.5 28354 15854.1 20492.2 28567.8 33990.1 40500.6 46283.4 54207.6 54263.1 69492 72350.2 80576.3 80157.3 91590.8 89816.7 93494.5 96913.9 104813 117055 107402 103746 100233 95423.2 108939 118658 128200 6.48457e+06 6.77604e+06 6.57943e+06 5.60548e+06 4.46734e+06 3.47018e+06 2.70563e+06 2.16173e+06 1.79172e+06 1.54654e+06 1.38628e+06 1.282e+06 1.21396e+06 1.16922e+06 1.1393e+06 1.11857e+06 1.10465e+06 1.09513e+06 1.0885e+06 1.08381e+06 1.08046e+06 1.07804e+06 1.07626e+06 1.07496e+06 1.074e+06 1.07329e+06 1.07275e+06 1.07236e+06 1.07206e+06 1.07184e+06 1.07167e+06 1.07154e+06 1.07145e+06 1.07138e+06 1.07132e+06 1.07128e+06 1.07125e+06 1.07123e+06 1.07121e+06 1.0712e+06 1.07119e+06 1.07118e+06 1.07118e+06 1.07117e+06 1.07117e+06 1.07117e+06 1.07117e+06 1.07117e+06 1.07117e+06 1.07116e+06 1.07116e+06 1.07116e+06 1.07116e+06 1.07116e+06 1.07116e+06 1.07116e+06 1.07116e+06 1.07116e+06 1.07116e+06 1.07116e+06 1.07116e+06 1.07116e+06 1.07116e+06 1.07116e+06 1.07116e+06 1.07116e+06 1.07116e+06 1.07116e+06 1.07116e+06 1.07116e+06 1.07116e+06 1.07116e+06 1.07116e+06 1.07116e+06 1.07116e+06 1.07116e+06 1.07116e+06 1.07116e+06 1.07116e+06 1.07116e+06 1.07116e+06 1.07116e+06 1.07116e+06 1.07116e+06 1.07116e+06 1.07116e+06 1.07116e+06 1.07116e+06 1.07116e+06 1.07116e+06 1.07116e+06 1.07116e+06 1.07116e+06 1.07116e+06 1.07116e+06 1.07116e+06 1.07116e+06 1.07116e+06 1.07116e+06 1.07116e+06 0 0 0 0 0 0 0 0 0 0 0 0 0 0 0 0 0 0 0 0 0 0 0 0 0
#obs survey bio
 33958.5 21853.8 11485.9 10037.8 30048.8 29110.7 32203.5 35914 59756.1 34826.3 38454.8 68476.1 62060.4 97873.6 131863 86246.2 76503 86977 122076 105551 133928 74565.9 124597 166583 110457 108914 143261 120964
#pred catch bio
 17761.9 19107.5 18259.4 9279.64 12068.5 18194.4 23252.5 28653.5 32690.5 44072.9 41615.7 60131.4 63007.2 73581.8 71791.7 89555.8 88377.1 92676 96951.7 104470 124984 121734 118634 112767 106363 125838 142595 124039 12567.4 69009.3 65922.7 55011.6 42769.3 32325 24528.2 19152.9 15635.1 13414.7 12049 11224.8 10734.5 10445.8 10276.9 10177.5 10121.1 10089.1 10071 10060.7 10054.8 10051.5 10049.6 10048.6 10048 10047.6 10047.4 10047.3 10047.3 10047.2 10047.2 10047.2 10047.2 10047.2 10047.2 10047.2 10047.2 10047.2 10047.2 10047.2 10047.2 10047.2 10047.2 10047.2 10047.2 10047.2 10047.2 10047.2 10047.2 10047.2 10047.2 10047.2 10047.2 10047.2 10047.2 10047.2 10047.2 10047.2 10047.2 10047.2 10047.2 10047.2 10047.2 10047.2 10047.2 10047.2 10047.2 10047.2 10047.2 10047.2 10047.2 10047.2 10047.2 10047.2 10047.2 10047.2 10047.2 10047.2 10047.2 10047.2 10047.2 10047.2 10047.2 10047.2 10047.2 10047.2 10047.2 10047.2 10047.2 10047.2 10047.2 10047.2 10047.2 10047.2 10047.2 10047.2 10047.2 10047.2 10047.2 10047.2 0 0 0 0 0 0 0 0 0 0 0 0 0 0 0 0 0 0 0 0 0 0 0 0 0
#obs catch bio
 18917.7 20938.3 23776.1 11006.2 11342.2 17331.9 21961 28577.3 30127.8 43967.1 42774 61390.5 64642.7 68629.6 67303.1 91217.6 86161 93068.3 90254.2 95467.6 109040 120501 115244 91619.7 91972.8 105920 130388 118685
#pred cpue bio
 34524.3 36086.3 27928.1 15147 18830 26921.1 31658.6 37655.1 43052 50293.9 49803.6 63677 65921.4 73232.3 72808.6 82723.4 80503.3 83820.7 86708 93408.9 104515 94864.7 90296.6 87991.1 83746.1 95077.8 103017 110301 5.8579e+06 6.76022e+06 6.5641e+06 5.59015e+06 4.45201e+06 3.45486e+06 2.69031e+06 2.1464e+06 1.7764e+06 1.53122e+06 1.37096e+06 1.26667e+06 1.19863e+06 1.1539e+06 1.12397e+06 1.10324e+06 1.08932e+06 1.0798e+06 1.07317e+06 1.06849e+06 1.06514e+06 1.06271e+06 1.06094e+06 1.05964e+06 1.05867e+06 1.05796e+06 1.05743e+06 1.05703e+06 1.05673e+06 1.05651e+06 1.05634e+06 1.05622e+06 1.05612e+06 1.05605e+06 1.056e+06 1.05596e+06 1.05593e+06 1.05591e+06 1.05589e+06 1.05588e+06 1.05587e+06 1.05586e+06 1.05585e+06 1.05585e+06 1.05585e+06 1.05584e+06 1.05584e+06 1.05584e+06 1.05584e+06 1.05584e+06 1.05584e+06 1.05584e+06 1.05584e+06 1.05584e+06 1.05584e+06 1.05584e+06 1.05584e+06 1.05584e+06 1.05584e+06 1.05584e+06 1.05584e+06 1.05584e+06 1.05584e+06 1.05584e+06 1.05584e+06 1.05584e+06 1.05584e+06 1.05584e+06 1.05584e+06 1.05584e+06 1.05584e+06 1.05584e+06 1.05584e+06 1.05584e+06 1.05584e+06 1.05584e+06 1.05584e+06 1.05584e+06 1.05584e+06 1.05584e+06 1.05584e+06 1.05584e+06 1.05584e+06 1.05584e+06 1.05584e+06 1.05584e+06 1.05584e+06 1.05584e+06 1.05584e+06 1.05584e+06 1.05584e+06 1.05584e+06 1.05584e+06 1.05584e+06 1.05584e+06 1.05584e+06 1.05584e+06 1.05584e+06 1.05584e+06 1.05584e+06 0 0 0 0 0 0 0 0 0 0 0 0 0 0 0 0 0 0 0 0 0 0 0 0 0
#obs cpue bio
 36423.5 27693.4 21908.5 13811.8 28860.1 32295.4 40875.5 37817.6 53249.1 71090.5 54673.7 67290.4 67026.8 91258.7 54077.7 79253.2 106903 85977.4 98182.6 131740 162037 132370 85754.9 131464 120838 189570 119903 132474
#pred surv len freq
 1.33013e-11 1.44373e-09 9.23986e-08 3.48684e-06 7.75867e-05 0.00101798 0.00787659 0.0359596 0.0971336 0.157401 0.163228 0.13542 0.120995 0.104114 0.0704883 0.0409088 0.0238603 0.0142144 0.00872238 0.005692 0.00403561 0.00316003 0.00260862 0.00195687 0.00112634
 9.48025e-12 1.02899e-09 6.58552e-08 2.48518e-06 5.52987e-05 0.000725571 0.00561483 0.0256516 0.0695349 0.114655 0.128167 0.130119 0.143768 0.136715 0.0994403 0.0628398 0.0377463 0.0206999 0.0106594 0.00557091 0.00312237 0.0019729 0.00140137 0.000981129 0.000556999
 5.82146e-12 6.31864e-10 4.04392e-08 1.52605e-06 3.39571e-05 0.000445567 0.00344869 0.0157712 0.042967 0.0725816 0.0891518 0.109907 0.141601 0.148668 0.125482 0.0972099 0.0687178 0.0417461 0.0222106 0.010637 0.00480115 0.00226519 0.00123083 0.000733106 0.000389247
 1.38449e-11 1.50273e-09 9.61742e-08 3.62932e-06 8.07568e-05 0.00105956 0.00819771 0.0374117 0.100866 0.161915 0.160765 0.115487 0.0851672 0.0739688 0.0660232 0.0589948 0.0492242 0.0362156 0.0230457 0.0123364 0.00556394 0.00222499 0.000883967 0.000390018 0.000175118
 1.7898e-11 1.94266e-09 1.2433e-07 4.69182e-06 0.000104399 0.00136975 0.0105974 0.0483583 0.130313 0.208652 0.204598 0.139613 0.090519 0.0638322 0.039251 0.0214012 0.0136097 0.0104309 0.00784961 0.00508078 0.00268619 0.00114421 0.000406703 0.000133871 4.46169e-05
 1.39655e-11 1.51582e-09 9.70122e-08 3.66094e-06 8.14607e-05 0.00106881 0.00826995 0.0377567 0.102006 0.165438 0.172213 0.144404 0.129952 0.109383 0.0679271 0.0322361 0.0142337 0.00665064 0.00360282 0.00228925 0.00140111 0.000702876 0.000274004 8.44508e-05 2.21157e-05
 1.58356e-11 1.7188e-09 1.10003e-07 4.15118e-06 9.23689e-05 0.00121192 0.00937667 0.0427962 0.115439 0.185759 0.186533 0.139205 0.107079 0.0862388 0.0586253 0.0344919 0.0186582 0.00861464 0.00340345 0.00134536 0.000620556 0.000310866 0.000136316 4.60262e-05 1.16978e-05
 1.58715e-11 1.7227e-09 1.10253e-07 4.16059e-06 9.25785e-05 0.00121467 0.00939803 0.0428954 0.11573 0.186413 0.188055 0.142523 0.111761 0.0888634 0.0562405 0.0291301 0.0147389 0.0074469 0.00343667 0.00135633 0.000462448 0.000155982 5.70984e-05 1.96644e-05 5.31636e-06
 1.57563e-11 1.71019e-09 1.09452e-07 4.13038e-06 9.19062e-05 0.00120585 0.00932982 0.0425848 0.114901 0.185159 0.187166 0.142839 0.11325 0.0906592 0.057555 0.0296294 0.0143638 0.00663997 0.00285823 0.00116116 0.000423436 0.000130919 3.5519e-05 9.30411e-06 2.29203e-06
 1.60787e-11 1.74519e-09 1.11692e-07 4.21491e-06 9.37871e-05 0.00123053 0.00952069 0.0434543 0.117225 0.188723 0.189921 0.142729 0.110495 0.0874253 0.0555376 0.0288227 0.014099 0.00649409 0.00269936 0.00102473 0.000354757 0.000109449 2.88543e-05 6.36868e-06 1.21893e-06
 1.72134e-11 1.86835e-09 1.19574e-07 4.51235e-06 0.000100405 0.00131736 0.0101923 0.0465152 0.125421 0.20142 0.200354 0.144375 0.103904 0.0780919 0.0475101 0.0229343 0.0103477 0.00458146 0.00189066 0.000711257 0.000237835 6.9483e-05 1.75081e-05 3.69701e-06 6.34737e-07
 1.73325e-11 1.88127e-09 1.20401e-07 4.54357e-06 0.0001011 0.00132647 0.0102628 0.0468368 0.126285 0.202782 0.201586 0.144928 0.103822 0.0776249 0.046762 0.0220148 0.00947494 0.00392412 0.00149779 0.000530376 0.000172184 4.91843e-05 1.19363e-05 2.39752e-06 3.88628e-07
 1.78509e-11 1.93754e-09 1.24002e-07 4.67946e-06 0.000104124 0.00136615 0.0105697 0.0482353 0.13003 0.208589 0.206382 0.145761 0.100937 0.0734592 0.0430962 0.0192491 0.00767091 0.00297532 0.00107246 0.000354219 0.000106404 2.84854e-05 6.62238e-06 1.28439e-06 1.99511e-07
 1.80701e-11 1.96133e-09 1.25525e-07 4.73692e-06 0.000105402 0.00138292 0.0106994 0.0488266 0.131613 0.211042 0.208394 0.14607 0.0996583 0.071682 0.0416183 0.0181866 0.00695436 0.0025499 0.000855647 0.000260946 7.26223e-05 1.79866e-05 3.86761e-06 7.02466e-07 1.03864e-07
 1.80907e-11 1.96357e-09 1.25668e-07 4.74232e-06 0.000105522 0.0013845 0.0107116 0.0488824 0.131766 0.211303 0.20873 0.146504 0.10016 0.0719441 0.0413478 0.017556 0.00638647 0.00222771 0.00071344 0.000205138 5.29677e-05 1.20471e-05 2.37395e-06 3.96138e-07 5.41993e-08
 1.86534e-11 2.02464e-09 1.29577e-07 4.88983e-06 0.000108805 0.00142756 0.0110446 0.0503996 0.13582 0.217513 0.213489 0.146178 0.0951372 0.0661104 0.0377518 0.0161471 0.00593965 0.00206178 0.000639349 0.000174552 4.25153e-05 9.0512e-06 1.64717e-06 2.51318e-07 3.13874e-08
 1.92982e-11 2.09464e-09 1.34056e-07 5.05887e-06 0.000112566 0.0014769 0.0114263 0.0521389 0.140473 0.224693 0.219246 0.146632 0.0906398 0.0602416 0.0332357 0.0133271 0.00439516 0.00139328 0.000417933 0.00011291 2.68504e-05 5.45628e-06 9.32973e-07 1.32316e-07 1.52032e-08
 1.92521e-11 2.08963e-09 1.33736e-07 5.04678e-06 0.000112297 0.00147337 0.011399 0.0520147 0.140143 0.224201 0.218941 0.146894 0.0914166 0.0609828 0.0334793 0.0131542 0.00413345 0.00121528 0.000331415 8.082e-05 1.78755e-05 3.50362e-06 5.81516e-07 7.88499e-08 8.51401e-09
 1.9433e-11 2.10927e-09 1.34993e-07 5.09421e-06 0.000113352 0.00148722 0.0115061 0.0525026 0.141447 0.2262 0.22048 0.146813 0.0898373 0.0591304 0.0323124 0.0126678 0.00396123 0.00114839 0.000302932 6.93238e-05 1.39784e-05 2.47361e-06 3.76891e-07 4.82894e-08 5.00071e-09
 1.97663e-11 2.14544e-09 1.37308e-07 5.18157e-06 0.000115296 0.00151272 0.0117034 0.0534012 0.143848 0.229885 0.223334 0.146715 0.0870048 0.0557577 0.0301138 0.0116732 0.00357816 0.00101509 0.000264033 5.95722e-05 1.16711e-05 1.95349e-06 2.73415e-07 3.173e-08 3.00498e-09
 1.9597e-11 2.12706e-09 1.36132e-07 5.13719e-06 0.000114309 0.00149977 0.0116032 0.0529448 0.142629 0.228023 0.22193 0.14689 0.0886359 0.0575997 0.03118 0.0120038 0.0036155 0.00100193 0.000254923 5.62489e-05 1.07908e-05 1.77043e-06 2.40595e-07 2.65158e-08 2.32495e-09
 2.0478e-11 2.22268e-09 1.42252e-07 5.36813e-06 0.000119447 0.00156718 0.0121246 0.0553203 0.148978 0.23776 0.229453 0.146573 0.08106 0.0486253 0.0253918 0.00945495 0.00267406 0.000685485 0.000165372 3.53087e-05 6.59199e-06 1.05488e-06 1.40005e-07 1.50585e-08 1.27913e-09
 2.15631e-11 2.34047e-09 1.4979e-07 5.6526e-06 0.000125777 0.00165023 0.0127669 0.0582463 0.156797 0.249747 0.238688 0.146094 0.0715939 0.0374822 0.0183005 0.00644016 0.00162412 0.000349409 7.25318e-05 1.39457e-05 2.40431e-06 3.64267e-07 4.66067e-08 4.87053e-09 4.03117e-10
 2.09181e-11 2.27046e-09 1.45309e-07 5.4835e-06 0.000122014 0.00160086 0.0123851 0.0565072 0.152152 0.242645 0.23331 0.146687 0.0776907 0.044417 0.0223833 0.00779667 0.00186288 0.000357955 6.43079e-05 1.05395e-05 1.52411e-06 1.98093e-07 2.27096e-08 2.20289e-09 1.73495e-10
 2.09473e-11 2.27363e-09 1.45512e-07 5.49117e-06 0.000122185 0.0016031 0.0124024 0.0565861 0.152362 0.24296 0.23352 0.146567 0.0772727 0.0440121 0.022246 0.00787386 0.00196799 0.000408263 7.70327e-05 1.22401e-05 1.58654e-06 1.75606e-07 1.68136e-08 1.37199e-09 9.40098e-11
 2.13637e-11 2.31882e-09 1.48404e-07 5.60031e-06 0.000124614 0.00163496 0.0126488 0.0577086 0.15536 0.247548 0.237012 0.146243 0.0734269 0.0395946 0.019584 0.00691408 0.00174081 0.000367915 7.16435e-05 1.1954e-05 1.6426e-06 1.86434e-07 1.7002e-08 1.22602e-09 7.08622e-11
 2.17308e-11 2.35867e-09 1.50954e-07 5.69654e-06 0.000126755 0.00166305 0.0128661 0.0586984 0.158005 0.251602 0.240129 0.146062 0.0701953 0.0358035 0.0171884 0.00591668 0.00140977 0.000270526 4.84913e-05 7.86785e-06 1.09419e-06 1.2864e-07 1.22937e-08 9.19905e-10 5.27961e-11
 2.23376e-11 2.42454e-09 1.5517e-07 5.85563e-06 0.000130295 0.0017095 0.0132253 0.0603346 0.162377 0.258295 0.245243 0.145653 0.0646862 0.0294288 0.0132821 0.00442909 0.000999105 0.000171158 2.66329e-05 3.83911e-06 4.82304e-07 5.26438e-08 4.89597e-09 3.70948e-10 2.20197e-11
#obs surv len freq
 3.99136e-11 3.69906e-09 2.02138e-07 6.51316e-06 0.000123745 0.00138633 0.00915996 0.0357309 0.0827247 0.116867 0.11422 0.108069 0.11852 0.119901 0.104738 0.0821105 0.0550214 0.030432 0.0139443 0.00517728 0.00149105 0.000320144 4.9451e-05 5.29975e-06 3.8051e-07
 2.63071e-11 2.35147e-09 1.23935e-07 3.85158e-06 7.058e-05 0.000762735 0.00486393 0.0183641 0.0417728 0.0622267 0.079779 0.115962 0.156581 0.162624 0.138218 0.102686 0.0636578 0.0322059 0.013697 0.00485241 0.00135015 0.000277313 4.01331e-05 3.95656e-06 2.58848e-07
 1.2478e-11 1.0739e-09 5.44965e-08 1.63067e-06 2.87726e-05 0.000299451 0.00184093 0.00673691 0.0152611 0.025234 0.0433047 0.0816207 0.131086 0.172459 0.190211 0.162103 0.0998643 0.0458935 0.0170705 0.00533694 0.0013507 0.000258502 3.51604e-05 3.24525e-06 1.96894e-07
 2.43435e-10 2.01394e-08 9.8242e-07 2.82576e-05 0.000479247 0.00479261 0.0282603 0.0982646 0.201537 0.244187 0.17634 0.0802794 0.0325402 0.0264839 0.0320536 0.0317168 0.0231757 0.0126543 0.00518419 0.00158737 0.000363882 6.19494e-05 7.59196e-06 6.41444e-07 3.59386e-08
 1.4073e-10 1.11746e-08 5.23195e-07 1.44439e-05 0.00023513 0.00225728 0.0127886 0.0429152 0.0869308 0.116152 0.134916 0.173103 0.191438 0.140389 0.0646816 0.0210508 0.00727951 0.00350141 0.00162467 0.000561175 0.000135245 2.23836e-05 2.52392e-06 1.91786e-07 9.65633e-09
 3.42848e-10 2.60916e-08 1.17081e-06 3.09786e-05 0.000483309 0.00444623 0.024123 0.0772521 0.146678 0.168982 0.131713 0.0972237 0.0915315 0.0920175 0.0808949 0.0533872 0.0233502 0.00646281 0.00119881 0.00018707 3.12287e-05 4.80657e-06 5.34763e-07 3.91242e-08 1.83564e-09
 4.52106e-10 3.2931e-08 1.41435e-06 3.58177e-05 0.000534849 0.00470968 0.0244649 0.0751208 0.137777 0.158899 0.14048 0.132909 0.127555 0.0955172 0.0555536 0.0282229 0.0125161 0.00437416 0.00110968 0.00019469 2.34601e-05 2.0646e-06 1.46631e-07 8.47324e-09 3.57996e-10
 6.17588e-10 4.30006e-08 1.76538e-06 4.27356e-05 0.00061001 0.00513474 0.0254997 0.0748926 0.131724 0.147435 0.131241 0.129043 0.128321 0.103525 0.0677979 0.0359599 0.0140609 0.00382652 0.000752751 0.000115999 1.41736e-05 1.27511e-06 7.87944e-08 3.28183e-09 9.39284e-11
 9.36668e-10 6.22663e-08 2.44066e-06 5.64093e-05 0.000768761 0.00617833 0.0292964 0.0821835 0.138283 0.149115 0.13036 0.127048 0.123688 0.0980549 0.063806 0.0336717 0.0131188 0.00357202 0.000688404 9.70414e-05 1.01431e-05 7.81033e-07 4.35116e-08 1.69845e-09 4.46463e-11
 1.38149e-09 8.75826e-08 3.27399e-06 7.21647e-05 0.000937936 0.00718912 0.0325177 0.0870931 0.140545 0.148212 0.132905 0.133633 0.126643 0.0940915 0.0563435 0.0272402 0.00970292 0.00239581 0.000415994 5.31852e-05 5.09965e-06 3.5796e-07 1.77431e-08 6.04661e-10 1.39075e-11
 2.04714e-09 1.23642e-07 4.40326e-06 9.24639e-05 0.00114491 0.00836073 0.0360361 0.0920589 0.142358 0.146662 0.133895 0.136849 0.1267 0.0906299 0.0519026 0.0236136 0.00772339 0.00169218 0.000249168 2.60002e-05 2.03066e-06 1.19896e-07 5.18183e-09 1.57233e-10 3.23534e-12
 2.98404e-09 1.71533e-07 5.81405e-06 0.000116198 0.0013694 0.00951808 0.0390569 0.0951071 0.14102 0.142616 0.133525 0.13895 0.126855 0.0895611 0.050859 0.0226205 0.00710938 0.00148277 0.000206031 1.9874e-05 1.38098e-06 6.94755e-08 2.48802e-09 6.23143e-11 1.07484e-12
 4.89222e-09 2.67409e-07 8.61854e-06 0.000163788 0.00183543 0.0121307 0.0473328 0.109596 0.154484 0.14832 0.131478 0.130065 0.114478 0.0793032 0.0444214 0.0192329 0.00581367 0.00116465 0.000156291 1.46161e-05 9.78177e-07 4.65088e-08 1.53264e-09 3.42832e-11 5.13484e-13
 6.67583e-09 3.46685e-07 1.06158e-05 0.000191674 0.00204076 0.0128165 0.0475511 0.105032 0.143426 0.141098 0.138426 0.144154 0.122706 0.0792981 0.0410321 0.0165144 0.00468828 0.000889614 0.000113911 1.02215e-05 6.57535e-07 2.99912e-08 9.43835e-10 2.00142e-11 2.8104e-13
 9.70659e-09 4.78545e-07 1.39113e-05 0.000238455 0.00241032 0.0143726 0.0506567 0.106569 0.140239 0.138129 0.140777 0.147253 0.1226 0.0777397 0.0392849 0.0150422 0.00393238 0.000662717 7.21771e-05 5.30806e-06 2.79156e-07 1.08133e-08 3.03382e-10 5.92934e-12 7.79252e-14
 1.59767e-08 7.4726e-07 2.06084e-05 0.000335128 0.0032137 0.0181801 0.0607895 0.12132 0.151386 0.141102 0.135958 0.135786 0.110192 0.0696317 0.0350791 0.0131159 0.00329737 0.000533061 5.58762e-05 3.94131e-06 1.93972e-07 6.72414e-09 1.6178e-10 2.65529e-12 2.94333e-14
 2.24427e-08 9.95235e-07 2.60235e-05 0.000401239 0.00364828 0.0195732 0.0621366 0.118352 0.144208 0.140041 0.145639 0.145735 0.111717 0.0650908 0.0301144 0.0104396 0.00245985 0.000376002 3.75885e-05 2.54931e-06 1.21115e-07 4.03939e-09 9.25209e-11 1.42099e-12 1.44009e-14
 3.185e-08 1.33846e-06 3.31657e-05 0.000484593 0.00417568 0.0212346 0.0639509 0.116032 0.137014 0.134622 0.144217 0.14535 0.113964 0.0701127 0.033885 0.0117701 0.00270752 0.000403158 3.97099e-05 2.68376e-06 1.26936e-07 4.15974e-09 9.22176e-11 1.35637e-12 1.30739e-14
 5.14532e-08 2.0482e-06 4.80753e-05 0.000665389 0.00543122 0.0261645 0.0746676 0.12853 0.144645 0.136719 0.141059 0.136348 0.103187 0.061665 0.0288002 0.00960202 0.0021261 0.000308749 3.02004e-05 2.053e-06 9.7641e-08 3.1881e-09 6.97437e-11 1.00439e-12 9.40607e-15
 6.91505e-08 2.60663e-06 5.79369e-05 0.000759353 0.00587013 0.0267961 0.0726445 0.120201 0.136075 0.140809 0.156238 0.14757 0.103676 0.056355 0.0239377 0.00730919 0.0014834 0.000196196 1.73581e-05 1.07069e-06 4.70489e-08 1.45445e-09 3.07093e-11 4.3096e-13 3.93831e-15
 1.02713e-07 3.66549e-06 7.71314e-05 0.000957078 0.00700482 0.0302799 0.0778076 0.122537 0.133993 0.137179 0.150854 0.142156 0.103158 0.0590385 0.0256148 0.00765441 0.00148402 0.00018574 1.54663e-05 8.90041e-07 3.6022e-08 1.01416e-09 1.94233e-11 2.48353e-13 2.08981e-15
 1.7749e-07 5.99567e-06 0.000119425 0.00140272 0.00971787 0.0397598 0.0966578 0.14369 0.146989 0.138601 0.140899 0.124601 0.0855174 0.0463798 0.019078 0.00542987 0.00101401 0.000124344 1.03096e-05 5.92704e-07 2.36181e-08 6.39494e-10 1.15266e-11 1.36475e-13 1.05163e-15
 2.15835e-07 6.9011e-06 0.000130111 0.0014466 0.00948918 0.0368088 0.085368 0.124425 0.136251 0.15093 0.165236 0.140057 0.0872342 0.0421724 0.0156102 0.00405502 0.000694707 7.80263e-05 5.92237e-06 3.14325e-07 1.17646e-08 3.04512e-10 5.30028e-12 6.06285e-14 4.48076e-16
 3.15664e-07 9.55327e-06 0.000170482 0.00179412 0.0111402 0.0409156 0.089948 0.124838 0.131913 0.14321 0.155509 0.135835 0.0919661 0.0485594 0.0185903 0.00473758 0.000775393 8.23415e-05 5.87336e-06 2.90578e-07 1.00407e-08 2.38341e-10 3.80226e-12 4.00726e-14 2.75233e-16
 4.76927e-07 1.36626e-05 0.00023079 0.0022991 0.0135153 0.0470231 0.0981939 0.130879 0.136588 0.148155 0.155428 0.127968 0.0809865 0.0400414 0.0144947 0.00354746 0.000569729 6.08533e-05 4.43767e-06 2.23273e-07 7.65365e-09 1.7505e-10 2.62968e-12 2.57062e-14 1.62286e-16
 6.32515e-07 1.71533e-05 0.000274304 0.00258705 0.0144028 0.0475301 0.0947902 0.123973 0.135109 0.155427 0.162759 0.12985 0.0793275 0.037592 0.0128941 0.00296896 0.000448064 4.51688e-05 3.14043e-06 1.52767e-07 5.13092e-09 1.15924e-10 1.72118e-12 1.65072e-14 1.00921e-16
 8.6859e-07 2.23017e-05 0.000337657 0.00301532 0.0159 0.0497712 0.0947618 0.121168 0.135096 0.158954 0.164227 0.128661 0.0776027 0.0358468 0.0117186 0.00252854 0.000353587 3.2743e-05 2.08079e-06 9.26661e-08 2.87132e-09 6.04724e-11 8.45716e-13 7.71062e-15 4.51379e-17
 1.2671e-06 3.08061e-05 0.000441655 0.00373485 0.0186547 0.0553778 0.100499 0.124644 0.138564 0.161306 0.161113 0.121668 0.0707911 0.0312697 0.00966591 0.00195872 0.00025627 2.21177e-05 1.30228e-06 5.33342e-08 1.50958e-09 2.89245e-11 3.67784e-13 3.05662e-15 1.63922e-17
#pred catch len freq
 1.31384e-11 1.42605e-09 9.12667e-08 3.44412e-06 7.66363e-05 0.00100551 0.00778014 0.0355201 0.0959576 0.155586 0.161768 0.13529 0.122095 0.105527 0.0715212 0.0415169 0.024216 0.0144265 0.00885251 0.00577692 0.00409581 0.00320717 0.00264754 0.00198606 0.00114314
 9.37691e-12 1.01777e-09 6.51374e-08 2.45809e-06 5.46959e-05 0.000717662 0.00555366 0.0253729 0.0687889 0.113503 0.127235 0.13002 0.144443 0.137607 0.100129 0.0632802 0.0380117 0.0208456 0.0107345 0.00561012 0.00314435 0.00198679 0.00141123 0.000988036 0.00056092
 6.01422e-12 6.52786e-10 4.17783e-08 1.57659e-06 3.50815e-05 0.000460318 0.00356279 0.0162913 0.0443601 0.0747445 0.0909514 0.110263 0.140608 0.147206 0.124181 0.0961962 0.0680013 0.0413109 0.0219791 0.0105261 0.00475111 0.00224158 0.001218 0.000725465 0.00038519
 1.39232e-11 1.51123e-09 9.67186e-08 3.64986e-06 8.12139e-05 0.00106556 0.00824409 0.0376232 0.101433 0.1628 0.161521 0.115701 0.0848774 0.0734787 0.0655341 0.0585524 0.0488551 0.0359441 0.022873 0.0122439 0.00552223 0.00220831 0.00087734 0.000387095 0.000173805
 1.79637e-11 1.94978e-09 1.24786e-07 4.70903e-06 0.000104782 0.00137477 0.0106362 0.0485354 0.130787 0.209383 0.205183 0.139659 0.0900677 0.0632656 0.0388563 0.0211814 0.0134698 0.0103237 0.00776897 0.00502858 0.00265859 0.00113246 0.000402525 0.000132496 4.41586e-05
 1.41803e-11 1.53914e-09 9.85046e-08 3.71726e-06 8.27139e-05 0.00108526 0.00839711 0.038336 0.103554 0.167817 0.174073 0.144397 0.128218 0.107287 0.0665309 0.0315653 0.0139372 0.00651215 0.0035278 0.00224159 0.00137194 0.000688241 0.000268299 8.26925e-05 2.16553e-05
 1.61509e-11 1.75303e-09 1.12193e-07 4.23383e-06 9.4208e-05 0.00123605 0.0095633 0.0436466 0.117714 0.189267 0.189333 0.139388 0.104825 0.0833471 0.0564695 0.0332042 0.0179606 0.00829256 0.00327621 0.00129507 0.000597356 0.000299244 0.00013122 4.43055e-05 1.12604e-05
 1.62466e-11 1.76342e-09 1.12858e-07 4.25893e-06 9.47665e-05 0.00124338 0.00962006 0.043907 0.118435 0.190574 0.191332 0.142594 0.108858 0.0852914 0.0537714 0.0278311 0.0140805 0.0071142 0.00328314 0.00129574 0.000441789 0.000149014 5.45476e-05 1.87859e-05 5.07886e-06
 1.61311e-11 1.75088e-09 1.12056e-07 4.22864e-06 9.40925e-05 0.00123454 0.00955168 0.0435956 0.117604 0.189316 0.190435 0.142895 0.110323 0.087059 0.0550632 0.0283269 0.0137313 0.00634757 0.00273236 0.00111003 0.000404791 0.000125154 3.39549e-05 8.89441e-06 2.1911e-06
 1.67399e-11 1.81695e-09 1.16285e-07 4.38822e-06 9.76434e-05 0.00128112 0.00991199 0.0452373 0.121993 0.196057 0.195693 0.14284 0.105353 0.0810868 0.0511323 0.0264996 0.0129603 0.00596956 0.00248133 0.000941967 0.000326104 0.000100609 2.65237e-05 5.85428e-06 1.12048e-06
 1.76879e-11 1.91985e-09 1.2287e-07 4.63674e-06 0.000103173 0.00135367 0.0104732 0.0477948 0.128842 0.206677 0.204462 0.144357 0.100062 0.0734384 0.0443796 0.021395 0.00965143 0.00427313 0.00176342 0.000663391 0.00022183 6.4807e-05 1.63299e-05 3.44822e-06 5.92021e-07
 1.805e-11 1.95915e-09 1.25386e-07 4.73166e-06 0.000105285 0.00138138 0.0106875 0.0487716 0.131457 0.210726 0.207776 0.144844 0.0979221 0.0705161 0.0420246 0.0197421 0.00849416 0.00351784 0.00134272 0.000475464 0.000154357 4.40921e-05 1.07005e-05 2.1493e-06 3.48392e-07
 1.85363e-11 2.01194e-09 1.28764e-07 4.85915e-06 0.000108122 0.0014186 0.0109753 0.0500836 0.13497 0.216171 0.212261 0.145585 0.0951536 0.0665645 0.0385964 0.0171982 0.00685107 0.00265725 0.000957812 0.000316351 9.50289e-05 2.54402e-05 5.91442e-06 1.14708e-06 1.78183e-07
 1.88381e-11 2.0447e-09 1.3086e-07 4.93826e-06 0.000109882 0.00144169 0.011154 0.0508976 0.137148 0.219533 0.214965 0.145827 0.0931073 0.0639034 0.0365812 0.0159389 0.00609204 0.00223362 0.000749516 0.000228579 6.36145e-05 1.57556e-05 3.38789e-06 6.15335e-07 9.09815e-08
 1.88127e-11 2.04194e-09 1.30684e-07 4.93159e-06 0.000109734 0.00143975 0.0111389 0.0508293 0.136969 0.219281 0.214888 0.146224 0.0939222 0.0645766 0.0366284 0.0155098 0.00563957 0.00196709 0.000629975 0.00018114 4.67711e-05 1.06377e-05 2.09623e-06 3.49794e-07 4.78586e-08
 1.95051e-11 2.11709e-09 1.35493e-07 5.1131e-06 0.000113773 0.00149273 0.0115487 0.0526963 0.141957 0.226926 0.22076 0.145864 0.0878035 0.0574333 0.0321721 0.013705 0.00503797 0.00174867 0.000542252 0.000148043 3.60586e-05 7.67662e-06 1.39702e-06 2.13151e-07 2.66207e-08
 2.00697e-11 2.17838e-09 1.39416e-07 5.26112e-06 0.000117066 0.00153594 0.011883 0.0542192 0.146032 0.233211 0.225793 0.14624 0.0838328 0.0522729 0.0282268 0.0112658 0.00371235 0.00117671 0.000352969 9.53593e-05 2.26768e-05 4.60816e-06 7.87952e-07 1.11749e-07 1.284e-08
 2.0045e-11 2.17569e-09 1.39244e-07 5.25463e-06 0.000116922 0.00153405 0.0118683 0.0541526 0.145855 0.232953 0.225655 0.146454 0.0843626 0.0527515 0.0283405 0.0110827 0.00347961 0.00102294 0.000278961 6.80283e-05 1.50462e-05 2.94909e-06 4.89477e-07 6.637e-08 7.16646e-09
 2.02172e-11 2.19439e-09 1.4044e-07 5.29978e-06 0.000117926 0.00154723 0.0119703 0.054617 0.147096 0.234855 0.22712 0.146374 0.0828556 0.0509849 0.0272289 0.0106212 0.00331828 0.000961888 0.000253733 5.80649e-05 1.17082e-05 2.07187e-06 3.1568e-07 4.04468e-08 4.18855e-09
 2.04917e-11 2.22418e-09 1.42347e-07 5.37174e-06 0.000119528 0.00156824 0.0121327 0.0553572 0.149075 0.237891 0.229471 0.146295 0.0805246 0.0482083 0.0254174 0.00980015 0.00300112 0.000851284 0.000221424 4.99586e-05 9.78766e-06 1.63824e-06 2.29292e-07 2.66095e-08 2.52005e-09
 2.04894e-11 2.22393e-09 1.42331e-07 5.37113e-06 0.000119514 0.00156806 0.0121314 0.055351 0.149058 0.23787 0.229474 0.146359 0.0806412 0.0482972 0.0254083 0.00971996 0.00292423 0.00081024 0.000206149 4.54869e-05 8.7262e-06 1.43169e-06 1.94562e-07 2.14426e-08 1.88012e-09
 2.13102e-11 2.31301e-09 1.48032e-07 5.58628e-06 0.000124301 0.00163087 0.0126171 0.0575641 0.154973 0.246939 0.236471 0.146032 0.0735354 0.0399047 0.0200295 0.00738996 0.00208642 0.000534711 0.000128995 2.75419e-05 5.14195e-06 8.22838e-07 1.09209e-07 1.17461e-08 9.97764e-10
 2.21655e-11 2.40586e-09 1.53974e-07 5.81052e-06 0.000129291 0.00169633 0.0131234 0.0598705 0.161136 0.256388 0.24375 0.145651 0.0660698 0.0311185 0.0144409 0.00501727 0.00126208 0.000271407 5.63373e-05 1.0832e-05 1.86749e-06 2.82935e-07 3.62005e-08 3.78306e-09 3.13111e-10
 2.16397e-11 2.34878e-09 1.50322e-07 5.67267e-06 0.000126224 0.00165609 0.0128122 0.0584528 0.157349 0.250598 0.239365 0.146131 0.0710342 0.036768 0.0177708 0.00612828 0.00146134 0.000280701 5.04271e-05 8.26455e-06 1.19513e-06 1.55335e-07 1.78077e-08 1.72739e-09 1.36046e-10
 2.16483e-11 2.34971e-09 1.50381e-07 5.67491e-06 0.000126274 0.00165674 0.0128172 0.0584759 0.15741 0.250687 0.239409 0.146047 0.0708385 0.0366026 0.0177553 0.0062227 0.00155229 0.000321923 6.07397e-05 9.65123e-06 1.25098e-06 1.38464e-07 1.32574e-08 1.0818e-09 7.4126e-11
 2.20252e-11 2.39063e-09 1.53e-07 5.77374e-06 0.000128472 0.00168559 0.0130404 0.0594923 0.160125 0.254841 0.242571 0.145756 0.0673594 0.0326048 0.0153442 0.00535083 0.00134394 0.000283924 5.52858e-05 9.22461e-06 1.26756e-06 1.43867e-07 1.312e-08 9.46095e-10 5.46828e-11
 2.23562e-11 2.42655e-09 1.55299e-07 5.86048e-06 0.000130403 0.00171091 0.0132362 0.0603845 0.162509 0.258494 0.245377 0.14558 0.0644262 0.0291743 0.013191 0.00447105 0.001062 0.00020368 3.65068e-05 5.9233e-06 8.23757e-07 9.68468e-08 9.25527e-09 6.92549e-10 3.97474e-11
 2.26308e-11 2.45635e-09 1.57206e-07 5.93247e-06 0.000132005 0.00173193 0.0133988 0.061125 0.164488 0.261525 0.247699 0.145418 0.0619685 0.0263126 0.0114126 0.00376439 0.000847244 0.000145083 2.25745e-05 3.25409e-06 4.08809e-07 4.46218e-08 4.14991e-09 3.14422e-10 1.86643e-11
#obs catch len freq
 3.92855e-11 3.64085e-09 1.98957e-07 6.41067e-06 0.000121797 0.00136451 0.00901585 0.0351692 0.0814299 0.115079 0.11265 0.107022 0.118019 0.120389 0.10653 0.0845193 0.0568145 0.0310565 0.0138872 0.00506652 0.00147294 0.000327424 5.27274e-05 5.8411e-06 4.27915e-07
 5.51159e-11 4.92657e-09 2.59657e-07 8.0694e-06 0.000147868 0.00159778 0.0101826 0.0383178 0.0856609 0.117382 0.113274 0.108785 0.119856 0.119912 0.103772 0.0803832 0.0529272 0.028711 0.012857 0.00463315 0.00128537 0.000263889 3.86891e-05 3.9089e-06 2.63095e-07
 3.74247e-11 3.2209e-09 1.63449e-07 4.89077e-06 8.62924e-05 0.000897895 0.0055137 0.0200563 0.0440669 0.0641089 0.0822628 0.119718 0.158622 0.161536 0.135571 0.0992251 0.0602929 0.0299036 0.0124467 0.00428219 0.00114603 0.00022451 3.07749e-05 2.8569e-06 1.75127e-07
 1.81488e-11 1.50146e-09 7.32428e-08 2.10673e-06 3.57332e-05 0.000357509 0.00211333 0.00744485 0.0163243 0.0266255 0.0459589 0.085833 0.135385 0.175539 0.189827 0.157182 0.0939517 0.0420906 0.0153045 0.00465433 0.00113469 0.000207138 2.66589e-05 2.3141e-06 1.3143e-07
 3.51906e-10 2.79429e-08 1.30829e-06 3.61179e-05 0.000587933 0.00564315 0.031938 0.106589 0.209832 0.244078 0.169423 0.0747491 0.0307109 0.0261593 0.0313289 0.0301202 0.0213578 0.0113042 0.00447629 0.00132086 0.000290659 4.72048e-05 5.4774e-06 4.35255e-07 2.28187e-08
 2.1109e-10 1.60645e-08 7.20867e-07 1.90736e-05 0.000297584 0.00273812 0.0148694 0.0478497 0.093154 0.120716 0.138501 0.174924 0.186787 0.131381 0.0582712 0.0186571 0.00660489 0.0031919 0.00143472 0.000474108 0.000108766 1.70686e-05 1.81728e-06 1.29798e-07 6.11549e-09
 5.1415e-10 3.74502e-08 1.60844e-06 4.07329e-05 0.000608239 0.0053556 0.0278115 0.0852559 0.155035 0.171506 0.129772 0.0951769 0.0894181 0.0887662 0.0761615 0.0483851 0.0202197 0.00534975 0.000959666 0.00014804 2.43142e-05 3.57839e-06 3.75138e-07 2.57222e-08 1.12744e-09
 6.88623e-10 4.79465e-08 1.96843e-06 4.7651e-05 0.000680171 0.00572525 0.0284303 0.0834701 0.146541 0.162579 0.140278 0.130643 0.121831 0.0884534 0.0504219 0.0252291 0.0109184 0.00368492 0.000896352 0.000150186 1.72937e-05 1.46028e-06 9.93965e-08 5.4431e-09 2.15495e-10
 9.5214e-10 6.32948e-08 2.48098e-06 5.7341e-05 0.000781458 0.00628036 0.0297798 0.0835334 0.140501 0.15124 0.131469 0.127126 0.123009 0.0966676 0.0618991 0.0318531 0.0119742 0.00313055 0.00059474 8.86598e-05 1.03998e-05 8.89568e-07 5.1979e-08 2.0421e-09 5.49966e-11
 1.46602e-09 9.29416e-08 3.47431e-06 7.65803e-05 0.000995319 0.00762872 0.0345005 0.0923261 0.14836 0.153496 0.130292 0.123877 0.116934 0.0902721 0.0574074 0.0293604 0.0109899 0.00286959 0.000531067 7.18781e-05 7.19379e-06 5.28215e-07 2.79154e-08 1.02783e-09 2.53616e-11
 2.19266e-09 1.32432e-07 4.71627e-06 9.90366e-05 0.00122629 0.00895468 0.0385893 0.0984924 0.151619 0.15315 0.132696 0.129059 0.117935 0.0850552 0.0496857 0.0232547 0.00794543 0.0018781 0.000312944 3.8432e-05 3.52698e-06 2.3559e-07 1.10557e-08 3.55223e-10 7.67489e-12
 3.27179e-09 1.88074e-07 6.37469e-06 0.000127403 0.00150143 0.0104353 0.0428107 0.104123 0.153473 0.151371 0.13336 0.131458 0.11715 0.0812587 0.0453092 0.0198961 0.00621862 0.00129822 0.000182597 1.82672e-05 1.36797e-06 7.70881e-08 3.16016e-09 9.04537e-11 1.74802e-12
 4.81045e-09 2.62939e-07 8.47448e-06 0.00016105 0.00180476 0.0119282 0.046546 0.107815 0.152255 0.147291 0.132783 0.132864 0.116684 0.0799103 0.0441163 0.0188863 0.00566026 0.001123 0.000148726 1.37059e-05 9.09379e-07 4.35359e-08 1.47768e-09 3.49466e-11 5.67056e-13
 7.89966e-09 4.1024e-07 1.25619e-05 0.000226811 0.0024148 0.0151633 0.0562159 0.123703 0.165869 0.15198 0.129196 0.122555 0.103746 0.0697288 0.0379079 0.0157598 0.00453615 0.000863928 0.000110457 9.85864e-06 6.28709e-07 2.83713e-08 8.83803e-10 1.86274e-11 2.62129e-13
 1.10196e-08 5.43278e-07 1.5793e-05 0.000270709 0.00273628 0.0163143 0.0574645 0.120515 0.156283 0.146 0.135868 0.134423 0.109569 0.0685337 0.0343886 0.0132899 0.0035923 0.000647917 7.90218e-05 6.76384e-06 4.14255e-07 1.79135e-08 5.32253e-10 1.06202e-11 1.39924e-13
 1.61388e-08 7.54841e-07 2.08175e-05 0.000338528 0.00324631 0.0183646 0.0614079 0.122568 0.153014 0.142813 0.137653 0.136625 0.108963 0.0668581 0.0326722 0.0119642 0.00296576 0.000472925 4.88426e-05 3.41964e-06 1.71575e-07 6.32561e-09 1.68028e-10 3.09324e-12 3.81391e-14
 2.655e-08 1.17737e-06 3.0786e-05 0.000474664 0.00431566 0.0231475 0.0733834 0.138839 0.164102 0.144387 0.130853 0.123724 0.0962446 0.0588593 0.028601 0.0101981 0.00242749 0.000371105 3.68618e-05 2.47008e-06 1.15512e-07 3.795e-09 8.62341e-11 1.33287e-12 1.38782e-14
 3.74068e-08 1.57197e-06 3.8952e-05 0.000569132 0.00490393 0.0249326 0.0750066 0.135373 0.156172 0.143124 0.140116 0.132775 0.0974361 0.0548706 0.0244863 0.00809854 0.00180709 0.000261232 2.47487e-05 1.59429e-06 7.19165e-08 2.27006e-09 4.90194e-11 7.07565e-13 6.72275e-15
 5.37612e-08 2.14007e-06 5.02318e-05 0.000695233 0.00567472 0.0273352 0.0779744 0.13394 0.149377 0.137684 0.138149 0.131929 0.0993548 0.0590947 0.0274198 0.0090483 0.00196789 0.000277142 2.58821e-05 1.6608e-06 7.44568e-08 2.30434e-09 4.80777e-11 6.6375e-13 5.99187e-15
 8.72562e-08 3.28912e-06 7.3106e-05 0.000958141 0.00740579 0.0337825 0.0912698 0.148572 0.157321 0.138155 0.132169 0.120614 0.0876102 0.0505531 0.0226266 0.00716037 0.00149943 0.000206147 1.91336e-05 1.23442e-06 5.55634e-08 1.71037e-09 3.51605e-11 4.74631e-13 4.15736e-15
 1.18414e-07 4.22581e-06 8.89219e-05 0.00110336 0.00807493 0.0348942 0.0895201 0.139919 0.148503 0.142064 0.146222 0.130424 0.0878036 0.0460308 0.0187368 0.00542884 0.00104097 0.000130182 1.0922e-05 6.3987e-07 2.66545e-08 7.77829e-10 1.54384e-11 2.02987e-13 1.73338e-15
 1.77076e-07 5.9817e-06 0.000119147 0.00139945 0.00969517 0.0396659 0.096418 0.143255 0.14625 0.137424 0.139778 0.124663 0.0869119 0.047867 0.0197982 0.00559382 0.00102291 0.000120935 9.53821e-06 5.20489e-07 1.9937e-08 5.29332e-10 9.52788e-12 1.14177e-13 8.9818e-16
 3.02813e-07 9.68212e-06 0.00018254 0.00202936 0.0133069 0.0515236 0.118455 0.165965 0.157902 0.135358 0.126097 0.105148 0.0692275 0.0360883 0.0141436 0.00380726 0.000671277 7.78458e-05 6.11471e-06 3.32833e-07 1.2519e-08 3.18848e-10 5.39096e-12 5.97428e-14 4.30016e-16
 3.75051e-07 1.13505e-05 0.000202554 0.00213158 0.0132338 0.0485741 0.106461 0.14578 0.147194 0.14779 0.14937 0.119624 0.0713728 0.0331575 0.0117039 0.00287636 0.000465056 4.93687e-05 3.55025e-06 1.78571e-07 6.31619e-09 1.53867e-10 2.51146e-12 2.68629e-14 1.85216e-16
 5.53539e-07 1.58573e-05 0.00026786 0.00266825 0.0156814 0.0544941 0.113157 0.147211 0.142446 0.139026 0.139236 0.115372 0.0749664 0.0378589 0.0137357 0.00329993 0.000508925 5.10342e-05 3.4452e-06 1.61316e-07 5.26165e-09 1.17478e-10 1.75735e-12 1.73225e-14 1.11022e-16
 8.33272e-07 2.25975e-05 0.000361356 0.00340769 0.0189615 0.062417 0.123042 0.153314 0.145534 0.14123 0.136556 0.106571 0.0646725 0.0305789 0.0104984 0.00242585 0.000367818 3.71521e-05 2.56309e-06 1.21746e-07 3.92689e-09 8.42594e-11 1.18486e-12 1.08214e-14 6.3709e-17
 1.13105e-06 2.90403e-05 0.000439671 0.0039258 0.0206885 0.0645747 0.12135 0.147264 0.143649 0.146653 0.141665 0.107175 0.0627039 0.0283563 0.00921055 0.00200095 0.000285067 2.71856e-05 1.7894e-06 8.22337e-08 2.59945e-09 5.50753e-11 7.64652e-13 6.84179e-15 3.89501e-17
 1.58197e-06 3.8461e-05 0.000551384 0.00466213 0.023271 0.0688723 0.123297 0.145097 0.142647 0.148053 0.141236 0.104989 0.060545 0.0266093 0.00821852 0.00167068 0.000220295 1.92805e-05 1.15943e-06 4.87851e-08 1.4233e-09 2.81224e-11 3.67867e-13 3.12921e-15 1.70542e-17
#spawning biomass
 35854.4 36942.6 28251.7 15691.9 20111.9 28186.6 33454.3 39846 45539.8 53307.7 53239.9 68158.1 70876.7 78893.7 78473.5 89561.3 87687.5 91282.6 94581.1 102208 114189 104541 100683 97441.9 92760.9 105781 115096 124128 181172 319504 305328 254849 198210 149890 113819 88950 72675.3 62402.5 56084 52271.1 50002.6 48667.4 47885.5 47425.8 47165 47017 46933 46885.4 46858.3 46843 46834.3 46829.4 46826.6 46825 46824.1 46823.6 46823.3 46823.1 46823 46823 46822.9 46822.9 46822.9 46822.9 46822.9 46822.9 46822.9 46822.9 46822.9 46822.9 46822.9 46822.9 46822.9 46822.9 46822.9 46822.9 46822.9 46822.9 46822.9 46822.9 46822.9 46822.9 46822.9 46822.9 46822.9 46822.9 46822.9 46822.9 46822.9 46822.9 46822.9 46822.9 46822.9 46822.9 46822.9 46822.9 46822.9 46822.9 46822.9 46822.9 46822.9 46822.9 46822.9 46822.9 46822.9 46822.9 46822.9 46822.9 46822.9 46822.9 46822.9 46822.9 46822.9 46822.9 46822.9 46822.9 46822.9 46822.9 46822.9 46822.9 46822.9 46822.9 46822.9 46822.9 46822.9 46822.9 46822.9 46822.9 0 0 0 0 0 0 0 0 0 0 0 0 0 0 0 0 0 0 0 0 0 0 0 0 0
