SBPRF35
0.0496109
Curr Bio
180153
B35
98279.1
F35
8.05652
FOFL
8.05652
OFL
191115
Bzero
14157.8
#pred survey bio
 3445.56 3690.01 5940.59 9312.56 15165.5 23908.4 36343.6 50982.2 70805.9 94110.1 116817 132547 139523 158163 149819 147424 139502 127961 121662 129729 122380 149013 168962 187189 176984 171733 144201 130563 3.67271e+06 1.16797e+06 308487 171108 123171 105989 99891.9 97757.4 97019.1 96766.2 96680.3 96651.3 96641.5 96638.3 96637.2 96636.8 96636.7 96636.7 96636.7 96636.7 96636.7 96636.7 96636.7 96636.7 96636.7 96636.7 96636.7 96636.7 96636.7 96636.7 96636.7 96636.7 96636.7 96636.7 96636.7 96636.7 96636.7 96636.7 96636.7 96636.7 96636.7 96636.7 96636.7 96636.7 96636.7 96636.7 96636.7 96636.7 96636.7 96636.7 96636.7 96636.7 96636.7 96636.7 96636.7 96636.7 96636.7 96636.7 96636.7 96636.7 96636.7 96636.7 96636.7 96636.7 96636.7 96636.7 96636.7 96636.7 96636.7 96636.7 96636.7 96636.7 96636.7 96636.7 96636.7 96636.7 96636.7 96636.7 96636.7 96636.7 96636.7 96636.7 96636.7 96636.7 96636.7 96636.7 96636.7 96636.7 96636.7 96636.7 96636.7 96636.7 96636.7 96636.7 96636.7 96636.7 96636.7 96636.7 96636.7 96636.7 0 0 0 0 0 0 0 0 0 0 0 0 0 0 0 0 0 0 0 0 0 0 0 0 0
#obs survey bio
 2776.42 3204.53 6085.44 8925.08 14746 25155 45974.7 52173.7 50534.4 119225 127574 170647 103624 169108 117836 126699 139558 126159 107967 244582 91817.6 155713 203306 139263 193181 159926 182468 120709
#pred catch bio
 1244.65 1595.04 2867.19 4506.19 6797.94 10319.8 17712 25386.1 36530.1 47533.5 60483.4 80121.7 81828.9 103104 87167.2 90621.9 90209.2 84544.5 73863.5 87493.7 72286.5 99927.5 107351 134908 123222 131349 114446 74627.2 191115 22203.6 4612.85 4609.72 4609.72 4609.72 4609.72 4609.72 4609.72 4609.72 4609.72 4609.72 4609.72 4609.72 4609.72 4609.72 4609.72 4609.72 4609.72 4609.72 4609.72 4609.72 4609.72 4609.72 4609.72 4609.72 4609.72 4609.72 4609.72 4609.72 4609.72 4609.72 4609.72 4609.72 4609.72 4609.72 4609.72 4609.72 4609.72 4609.72 4609.72 4609.72 4609.72 4609.72 4609.72 4609.72 4609.72 4609.72 4609.72 4609.72 4609.72 4609.72 4609.72 4609.72 4609.72 4609.72 4609.72 4609.72 4609.72 4609.72 4609.72 4609.72 4609.72 4609.72 4609.72 4609.72 4609.72 4609.72 4609.72 4609.72 4609.72 4609.72 4609.72 4609.72 4609.72 4609.72 4609.72 4609.72 4609.72 4609.72 4609.72 4609.72 4609.72 4609.72 4609.72 4609.72 4609.72 4609.72 4609.72 4609.72 4609.72 4609.72 4609.72 4609.72 4609.72 4609.72 4609.72 4609.72 4609.72 4609.72 0 0 0 0 0 0 0 0 0 0 0 0 0 0 0 0 0 0 0 0 0 0 0 0 0
#obs catch bio
 1154.45 1642.24 3055.64 4681.85 6870.11 10186.2 17927 24924.9 38720.2 47130 59297.5 78129 88765.8 106282 86609.9 93697.9 93969.2 84968 75063.1 80354.7 69186.1 97973.3 95219.6 126288 112757 126439 106172 72299
#pred cpue bio
 3182 3064.76 5003.87 7722.13 12627.3 20183.1 30714.5 43192.7 59821.9 80152.4 100746 114888 118843 135886 130279 128431 120857 111200 103792 112231 104654 125147 143194 160032 150812 147459 123559 108847 3.18446e+06 1.16929e+06 291282 153866 105929 88747.1 82649.9 80515.4 79777 79524.2 79438.3 79409.3 79399.5 79396.3 79395.2 79394.8 79394.7 79394.7 79394.7 79394.6 79394.6 79394.6 79394.6 79394.6 79394.6 79394.6 79394.6 79394.6 79394.6 79394.6 79394.6 79394.6 79394.6 79394.6 79394.6 79394.6 79394.6 79394.6 79394.6 79394.6 79394.6 79394.6 79394.6 79394.6 79394.6 79394.6 79394.6 79394.6 79394.6 79394.6 79394.6 79394.6 79394.6 79394.6 79394.6 79394.6 79394.6 79394.6 79394.6 79394.6 79394.6 79394.6 79394.6 79394.6 79394.6 79394.6 79394.6 79394.6 79394.6 79394.6 79394.6 79394.6 79394.6 79394.6 79394.6 79394.6 79394.6 79394.6 79394.6 79394.6 79394.6 79394.6 79394.6 79394.6 79394.6 79394.6 79394.6 79394.6 79394.6 79394.6 79394.6 79394.6 79394.6 79394.6 79394.6 79394.6 79394.6 79394.6 79394.6 79394.6 0 0 0 0 0 0 0 0 0 0 0 0 0 0 0 0 0 0 0 0 0 0 0 0 0
#obs cpue bio
 2030.04 3133.25 3714.77 7298.44 14047.6 20699.2 24033.4 46369.6 48299.3 91553.4 101807 105474 69281.8 173774 151033 127824 102785 125762 93177.6 132007 116875 146249 229433 248625 189230 177865 150788 106559
#pred surv len freq
 1.26385e-11 1.37239e-09 8.78615e-08 3.31633e-06 7.38003e-05 0.000968297 0.00749121 0.0341913 0.0923118 0.14941 0.154353 0.126777 0.112322 0.0979256 0.0700006 0.0453844 0.0303305 0.0208212 0.014805 0.011091 0.00888318 0.00768446 0.00678938 0.00528564 0.00309669
 1.76254e-11 1.9139e-09 1.2253e-07 4.62489e-06 0.00010292 0.00135034 0.0104461 0.0476603 0.128431 0.205894 0.203426 0.14314 0.0986175 0.0720032 0.0433482 0.0210198 0.0100828 0.00537453 0.00312099 0.00194616 0.00131502 0.00098387 0.000790614 0.000593295 0.00034804
 1.64602e-11 1.78738e-09 1.1443e-07 4.31915e-06 9.61166e-05 0.00126109 0.009756 0.0445193 0.120073 0.193352 0.195081 0.147999 0.115625 0.0894041 0.0513744 0.0206283 0.00681465 0.00230894 0.000867781 0.000374946 0.000189917 0.000112063 7.56457e-05 5.17418e-05 2.93513e-05
 1.71625e-11 1.86364e-09 1.19312e-07 4.50344e-06 0.000100217 0.00131489 0.010172 0.0464141 0.125133 0.201087 0.200948 0.147404 0.109114 0.0820943 0.0472784 0.0194532 0.0065922 0.00207677 0.000586993 0.000153381 4.36983e-05 1.57434e-05 7.47487e-06 4.17873e-06 2.16568e-06
 1.69566e-11 1.84128e-09 1.17881e-07 4.44941e-06 9.90151e-05 0.00129911 0.0100501 0.0458587 0.123652 0.198842 0.199334 0.147874 0.111483 0.0845776 0.0484434 0.0194855 0.00634133 0.001941 0.000544534 0.000133483 2.88455e-05 5.79923e-06 1.32357e-06 4.3183e-07 1.74475e-07
 1.63326e-11 1.77353e-09 1.13543e-07 4.28568e-06 9.53716e-05 0.00125131 0.00968041 0.0441748 0.119151 0.191923 0.193902 0.147805 0.116396 0.0906404 0.0526935 0.0217349 0.00737908 0.00232684 0.000648089 0.000154318 3.21172e-05 5.77114e-06 8.93255e-07 1.33558e-07 2.55055e-08
 1.63099e-11 1.77106e-09 1.13385e-07 4.2797e-06 9.52387e-05 0.00124957 0.0096669 0.044113 0.118982 0.19163 0.193511 0.14727 0.11576 0.0903099 0.0530475 0.0225427 0.00808603 0.00270005 0.000787703 0.000194708 4.11166e-05 7.26236e-06 1.0557e-06 1.26467e-07 1.30427e-08
 1.61646e-11 1.75528e-09 1.12375e-07 4.24159e-06 9.43906e-05 0.00123844 0.00958087 0.0437215 0.11794 0.190065 0.192459 0.147838 0.117788 0.0922845 0.053735 0.0221969 0.00760207 0.00247336 0.00073587 0.000191338 4.26841e-05 7.86824e-06 1.1679e-06 1.37471e-07 1.26691e-08
 1.62969e-11 1.76965e-09 1.13295e-07 4.27631e-06 9.51631e-05 0.00124858 0.00965925 0.0440785 0.118893 0.191526 0.193587 0.147788 0.116653 0.0909562 0.0529067 0.0218501 0.00745639 0.0023885 0.000688661 0.000173413 3.85389e-05 7.33479e-06 1.14335e-06 1.40559e-07 1.32168e-08
 1.58871e-11 1.72515e-09 1.10446e-07 4.16878e-06 9.27703e-05 0.00121719 0.00941649 0.0429729 0.115942 0.18702 0.190197 0.148231 0.120621 0.09542 0.0554687 0.0226228 0.00753306 0.00235861 0.000671328 0.000166746 3.61872e-05 6.70741e-06 1.03569e-06 1.29713e-07 1.26647e-08
 1.52526e-11 1.65625e-09 1.06034e-07 4.00227e-06 8.90649e-05 0.00116857 0.00904054 0.0412604 0.111365 0.179985 0.18468 0.148181 0.125648 0.101601 0.0597719 0.0248729 0.00856457 0.00274792 0.000780449 0.000190164 4.0426e-05 7.35663e-06 1.11211e-06 1.36346e-07 1.31869e-08
 1.49945e-11 1.62822e-09 1.0424e-07 3.93455e-06 8.75579e-05 0.0011488 0.00888763 0.0405638 0.109502 0.177113 0.182383 0.148014 0.127463 0.103948 0.0615474 0.0259628 0.00917267 0.00303356 0.00088827 0.000222716 4.79772e-05 8.66604e-06 1.28589e-06 1.54402e-07 1.4627e-08
 1.58727e-11 1.72358e-09 1.10345e-07 4.16498e-06 9.26857e-05 0.00121608 0.00940791 0.0429339 0.11584 0.186875 0.190144 0.148429 0.121036 0.0957498 0.0554569 0.0223714 0.00731004 0.0022664 0.000654249 0.000167319 3.71788e-05 6.91294e-06 1.04408e-06 1.25459e-07 1.17321e-08
 1.54143e-11 1.67381e-09 1.07159e-07 4.04472e-06 9.00095e-05 0.00118097 0.0091364 0.0416975 0.112539 0.181835 0.186352 0.148926 0.125482 0.100768 0.0583721 0.0232773 0.00738706 0.00218387 0.000591491 0.000140991 2.997e-05 5.55523e-06 8.57719e-07 1.05867e-07 1.00883e-08
 1.47385e-11 1.60042e-09 1.0246e-07 3.86737e-06 8.60629e-05 0.00112919 0.008736 0.039874 0.107672 0.17441 0.180798 0.149758 0.132183 0.108238 0.0625642 0.0244168 0.00738494 0.00206184 0.000533745 0.000121405 2.42825e-05 4.20927e-06 6.17313e-07 7.4762e-08 7.18928e-09
 1.46863e-11 1.59475e-09 1.02097e-07 3.85367e-06 8.5758e-05 0.00112519 0.00870504 0.0397324 0.107285 0.173745 0.179933 0.148624 0.130881 0.107634 0.0634553 0.0262412 0.00887488 0.00274685 0.000730646 0.000160831 3.04711e-05 4.99391e-06 6.8916e-07 7.83117e-08 7.14967e-09
 1.49815e-11 1.62681e-09 1.0415e-07 3.93113e-06 8.74818e-05 0.0011478 0.00887994 0.0405292 0.109416 0.177033 0.182577 0.148858 0.128855 0.104932 0.0612851 0.0248295 0.00814159 0.00250867 0.000704085 0.00017001 3.45795e-05 5.72492e-06 7.61288e-07 8.17409e-08 7.01486e-09
 1.47864e-11 1.60562e-09 1.02793e-07 3.87994e-06 8.63427e-05 0.00113286 0.00876438 0.0400032 0.108015 0.17492 0.181113 0.149483 0.131377 0.107484 0.0623465 0.0246289 0.00765533 0.00221635 0.000594617 0.000140736 2.92604e-05 5.16035e-06 7.34998e-07 8.15763e-08 6.90588e-09
 1.57652e-11 1.71192e-09 1.09598e-07 4.1368e-06 9.20585e-05 0.00120785 0.00934429 0.0426444 0.11507 0.185727 0.189411 0.148976 0.122741 0.0973892 0.0560146 0.0220297 0.00678708 0.00192659 0.000498024 0.00011148 2.19123e-05 3.74311e-06 5.36246e-07 6.20393e-08 5.54798e-09
 1.50347e-11 1.63259e-09 1.0452e-07 3.94511e-06 8.77929e-05 0.00115189 0.00891152 0.0406733 0.109804 0.177657 0.183195 0.14929 0.129091 0.104872 0.0607948 0.0240842 0.00751365 0.00215829 0.000558687 0.000123474 2.35449e-05 3.83545e-06 5.21163e-07 5.80996e-08 5.16572e-09
 1.56315e-11 1.6974e-09 1.08669e-07 4.10171e-06 9.12777e-05 0.00119761 0.00926509 0.0422838 0.114109 0.184269 0.188365 0.149285 0.124285 0.0990083 0.0567735 0.0220443 0.00660793 0.00182119 0.000463958 0.000102897 1.97185e-05 3.19038e-06 4.23148e-07 4.52987e-08 3.84326e-09
 1.6548e-11 1.79692e-09 1.1504e-07 4.3422e-06 9.66294e-05 0.00126782 0.00980803 0.0447564 0.120709 0.194342 0.19592 0.148223 0.115305 0.088966 0.0511004 0.0204415 0.00652667 0.00191074 0.000492878 0.000106573 1.98308e-05 3.16845e-06 4.19631e-07 4.46799e-08 3.71963e-09
 1.60614e-11 1.74407e-09 1.11657e-07 4.2145e-06 9.37876e-05 0.00123053 0.00951974 0.0434439 0.117211 0.189046 0.19216 0.149479 0.121124 0.0949806 0.0537849 0.0202896 0.00570961 0.00146265 0.000361186 8.04798e-05 1.55229e-05 2.48842e-06 3.2322e-07 3.37767e-08 2.78478e-09
 1.56416e-11 1.6985e-09 1.08739e-07 4.10437e-06 9.13368e-05 0.00119838 0.00927108 0.0423111 0.114182 0.184383 0.188463 0.149314 0.124253 0.0989585 0.0567324 0.0220027 0.00655096 0.00175965 0.000421639 8.49248e-05 1.4894e-05 2.31849e-06 3.05888e-07 3.24076e-08 2.65782e-09
 1.57831e-11 1.71385e-09 1.09722e-07 4.14147e-06 9.21626e-05 0.00120921 0.00935487 0.0426931 0.115206 0.185985 0.189853 0.149768 0.123803 0.0980103 0.0555504 0.0208487 0.00577359 0.00143016 0.000334451 6.89927e-05 1.22066e-05 1.80735e-06 2.1973e-07 2.19849e-08 1.77741e-09
 1.53959e-11 1.67181e-09 1.07031e-07 4.03988e-06 8.99017e-05 0.00117955 0.00912549 0.0416483 0.112415 0.181703 0.186538 0.149877 0.127084 0.10193 0.0581324 0.0220395 0.00622733 0.00156604 0.000358316 6.96542e-05 1.16385e-05 1.69007e-06 2.05189e-07 2.00089e-08 1.52822e-09
 1.54852e-11 1.6815e-09 1.07651e-07 4.0633e-06 9.0423e-05 0.00118639 0.0091784 0.0418895 0.113062 0.18272 0.187445 0.150244 0.126922 0.101413 0.0573529 0.0211986 0.00563568 0.00130656 0.00028558 5.5154e-05 9.16092e-06 1.28723e-06 1.48699e-07 1.39534e-08 1.04417e-09
 1.68105e-11 1.82542e-09 1.16865e-07 4.41107e-06 9.8162e-05 0.00128792 0.00996356 0.0454656 0.122614 0.197346 0.198652 0.149481 0.115109 0.0876502 0.0487774 0.0177554 0.00455725 0.000993149 0.000202292 3.6269e-05 5.61537e-06 7.56186e-07 8.56339e-08 7.84843e-09 5.65841e-10
#obs surv len freq
 1.87079e-11 2.03145e-09 1.30055e-07 4.90894e-06 0.000109241 0.00143327 0.0110874 0.0505802 0.136213 0.217645 0.211543 0.139474 0.0845283 0.0592705 0.0408364 0.0251301 0.0134916 0.00590631 0.0020469 0.000560265 0.000118153 1.84546e-05 2.06074e-06 1.59737e-07 8.37755e-09
 1.51443e-11 1.6445e-09 1.05282e-07 3.97388e-06 8.84333e-05 0.00116029 0.00897669 0.0409729 0.110629 0.17901 0.184209 0.147968 0.124159 0.0996074 0.060031 0.0271059 0.010604 0.00385861 0.00122646 0.000316221 6.27948e-05 9.22608e-06 9.69794e-07 7.06791e-08 3.47108e-09
 1.70391e-11 1.85025e-09 1.18454e-07 4.47106e-06 9.94972e-05 0.00130544 0.0100991 0.0460837 0.124257 0.199676 0.199001 0.143411 0.102255 0.0776804 0.0510271 0.0275267 0.0121837 0.00412521 0.00103014 0.000198998 3.14874e-05 4.00683e-06 3.82369e-07 2.57231e-08 1.17154e-09
 1.66032e-11 1.80292e-09 1.15424e-07 4.3567e-06 9.69523e-05 0.00127206 0.00984125 0.0449141 0.12119 0.195359 0.197196 0.147656 0.110399 0.0830419 0.0504601 0.024209 0.00988484 0.00337415 0.000895482 0.000176788 2.53805e-05 2.6286e-06 1.97842e-07 1.08478e-08 4.23591e-10
 1.69724e-11 1.843e-09 1.17991e-07 4.45357e-06 9.9108e-05 0.00130035 0.0100601 0.0459128 0.123874 0.199558 0.200625 0.147658 0.106749 0.0787073 0.048208 0.0236219 0.00959393 0.00310341 0.000761392 0.000141098 1.96713e-05 1.99776e-06 1.42107e-07 6.89859e-09 2.25832e-10
 1.54704e-11 1.6799e-09 1.07549e-07 4.05944e-06 9.03377e-05 0.0011853 0.00917068 0.0418673 0.113123 0.183382 0.189022 0.149701 0.119611 0.0922982 0.0567991 0.0277342 0.0112578 0.00366183 0.000903185 0.000165357 2.21505e-05 2.12379e-06 1.42541e-07 6.55824e-09 2.02353e-10
 1.69104e-11 1.83627e-09 1.1756e-07 4.4373e-06 9.87464e-05 0.00129561 0.0100238 0.0457532 0.123502 0.19926 0.201096 0.148623 0.106654 0.0776866 0.0479385 0.0240721 0.00990766 0.00317372 0.000757839 0.00013392 1.73504e-05 1.60512e-06 1.02964e-07 4.47358e-09 1.29221e-10
 1.53534e-11 1.6672e-09 1.06735e-07 4.02875e-06 8.9655e-05 0.00117636 0.00910216 0.0415656 0.112421 0.182884 0.190466 0.153552 0.122853 0.0922636 0.0545524 0.0253817 0.00978288 0.00304063 0.000721349 0.000126601 1.60459e-05 1.43047e-06 8.76586e-08 3.6221e-09 9.91021e-11
 1.54431e-11 1.67693e-09 1.07359e-07 4.05228e-06 9.01788e-05 0.00118324 0.00915555 0.0418115 0.113097 0.183968 0.191182 0.152523 0.12001 0.0902885 0.0552205 0.0269499 0.0105427 0.00315081 0.000694957 0.000113048 1.34926e-05 1.15042e-06 6.77487e-08 2.67927e-09 6.96606e-11
 1.45846e-11 1.58371e-09 1.01391e-07 3.82701e-06 8.51664e-05 0.0011175 0.00864775 0.0395085 0.107038 0.175174 0.185828 0.155499 0.128227 0.0972657 0.0585943 0.0280528 0.0108578 0.00325074 0.000719478 0.000115317 1.31623e-05 1.0487e-06 5.7263e-08 2.10714e-09 5.13226e-11
 1.53395e-11 1.66569e-09 1.06639e-07 4.02511e-06 8.95748e-05 0.00117534 0.00909514 0.0415468 0.112479 0.183428 0.191665 0.15352 0.119693 0.0892644 0.0552642 0.027638 0.0109833 0.00329924 0.000725541 0.000115385 1.3032e-05 1.01801e-06 5.36629e-08 1.87305e-09 4.26527e-11
 1.44833e-11 1.57272e-09 1.00687e-07 3.80045e-06 8.45761e-05 0.00110979 0.00858918 0.0392579 0.106511 0.175067 0.187631 0.158816 0.129885 0.0960917 0.056554 0.0265559 0.0100932 0.00298073 0.000653745 0.000103469 1.15165e-05 8.78722e-07 4.49721e-08 1.51587e-09 3.31124e-11
 1.41153e-11 1.53276e-09 9.81288e-08 3.70391e-06 8.24282e-05 0.00108164 0.008372 0.0382768 0.103954 0.171398 0.185195 0.158916 0.131527 0.0986781 0.0595373 0.0285108 0.0107074 0.00302647 0.000627666 9.44958e-05 1.01259e-05 7.49565e-07 3.7237e-08 1.21333e-09 2.54807e-11
 1.43731e-11 1.56075e-09 9.99206e-08 3.77155e-06 8.39339e-05 0.00110141 0.00852557 0.0389854 0.105923 0.174765 0.188712 0.160494 0.130009 0.0952904 0.0563857 0.0265424 0.00981234 0.00272724 0.000551363 7.96232e-05 8.06135e-06 5.59964e-07 2.61372e-08 8.04158e-10 1.60177e-11
 1.28688e-11 1.39741e-09 8.94634e-08 3.37686e-06 7.5152e-05 0.000986258 0.00763656 0.0349591 0.0953606 0.159475 0.179146 0.16446 0.142659 0.107236 0.0636463 0.0297981 0.0108893 0.00298294 0.000593366 8.39217e-05 8.24774e-06 5.49732e-07 2.43346e-08 7.03405e-10 1.30901e-11
 1.34141e-11 1.45661e-09 9.32539e-08 3.51993e-06 7.83364e-05 0.00102805 0.00796017 0.036437 0.099324 0.165517 0.183367 0.162829 0.136536 0.102027 0.0615784 0.0292433 0.0106144 0.00283265 0.000543407 7.38447e-05 6.96449e-06 4.44788e-07 1.88054e-08 5.16617e-10 9.08261e-12
 1.31484e-11 1.42776e-09 9.14071e-08 3.45025e-06 7.67871e-05 0.00100779 0.00780497 0.0357519 0.0976719 0.163811 0.184243 0.166939 0.140307 0.102428 0.0596612 0.027416 0.00974745 0.00257217 0.00048709 6.46152e-05 5.87069e-06 3.57657e-07 1.43442e-08 3.72706e-10 6.18551e-12
 1.37014e-11 1.48781e-09 9.52518e-08 3.59538e-06 8.00176e-05 0.0010502 0.00813357 0.0372554 0.101726 0.170103 0.18904 0.166321 0.135165 0.0971779 0.0564854 0.0257513 0.00894566 0.00228409 0.000417982 5.36925e-05 4.72442e-06 2.77672e-07 1.06707e-08 2.63678e-10 4.13479e-12
 1.40222e-11 1.52265e-09 9.74823e-08 3.67959e-06 8.18932e-05 0.00107487 0.00832593 0.0381525 0.104286 0.174757 0.194586 0.170015 0.134421 0.0923313 0.0507484 0.0218625 0.00723295 0.00177011 0.000310357 3.8035e-05 3.18162e-06 1.77546e-07 6.47752e-09 1.51887e-10 2.25653e-12
 1.42272e-11 1.54491e-09 9.89076e-08 3.73342e-06 8.30925e-05 0.00109067 0.0084494 0.038731 0.105941 0.177702 0.197695 0.171218 0.132929 0.0895852 0.0482608 0.020171 0.00638395 0.0014804 0.000245109 2.83658e-05 2.24129e-06 1.1803e-07 4.05619e-09 8.9423e-11 1.24744e-12
 1.42759e-11 1.55021e-09 9.9247e-08 3.74626e-06 8.33807e-05 0.00109454 0.0084813 0.0389012 0.106573 0.179389 0.200665 0.174006 0.133234 0.0872755 0.0452927 0.0181212 0.00546636 0.00120272 0.000187719 2.0343e-05 1.49854e-06 7.34503e-08 2.34948e-09 4.82386e-11 6.26914e-13
 1.55649e-11 1.69017e-09 1.08208e-07 4.0845e-06 9.09086e-05 0.00119333 0.00924563 0.042384 0.115863 0.193472 0.211033 0.172893 0.122757 0.0753539 0.036958 0.0139103 0.0039155 0.000799099 0.000115294 1.15336e-05 7.84025e-07 3.54514e-08 1.0456e-09 1.97873e-11 2.37052e-13
 1.42811e-11 1.55077e-09 9.92839e-08 3.74777e-06 8.34212e-05 0.00109533 0.00849287 0.0390213 0.107368 0.182489 0.20739 0.181205 0.134719 0.0820684 0.0383105 0.0134625 0.00352407 0.000669051 8.95679e-05 8.27195e-06 5.16756e-07 2.14174e-08 5.78481e-10 1.00261e-11 1.10054e-13
 1.50931e-11 1.63894e-09 1.04929e-07 3.96086e-06 8.8164e-05 0.00115756 0.00897391 0.0412031 0.11308 0.190538 0.211394 0.176711 0.126361 0.0767262 0.0366251 0.0130714 0.00337222 0.000611377 7.65169e-05 6.53365e-06 3.75493e-07 1.42805e-08 3.53258e-10 5.59838e-12 5.61281e-14
 1.28307e-11 1.39329e-09 8.92037e-08 3.36748e-06 7.49706e-05 0.000984883 0.00764741 0.0352717 0.0980219 0.170627 0.203202 0.188543 0.145716 0.0895703 0.0415944 0.0143736 0.00363248 0.000650524 8.0066e-05 6.61932e-06 3.61242e-07 1.28306e-08 2.9309e-10 4.2617e-12 3.9076e-14
 1.37222e-11 1.4901e-09 9.54019e-08 3.60146e-06 8.01785e-05 0.00105322 0.00817539 0.0376621 0.104242 0.179234 0.207171 0.183523 0.137175 0.0842892 0.0397023 0.0136961 0.00335342 0.00056897 6.58606e-05 5.13514e-06 2.65553e-07 8.94772e-09 1.93188e-10 2.63667e-12 2.25134e-14
 1.38892e-11 1.50823e-09 9.65643e-08 3.64546e-06 8.11644e-05 0.00106637 0.00828116 0.0381869 0.1059 0.182619 0.211327 0.185449 0.134934 0.0799168 0.0364028 0.0122891 0.00297899 0.00050176 5.71523e-05 4.31597e-06 2.12804e-07 6.76358e-09 1.37035e-10 1.75225e-12 1.40119e-14
 1.44325e-11 1.56724e-09 1.00343e-07 3.7882e-06 8.43457e-05 0.00110825 0.00860729 0.039691 0.109992 0.188974 0.216042 0.184681 0.129788 0.0744305 0.0328929 0.0107385 0.00250969 0.000407902 4.49796e-05 3.29527e-06 1.57393e-07 4.82029e-09 9.33751e-11 1.13202e-12 8.51919e-15
#pred catch len freq
 1.13478e-11 1.23224e-09 7.88889e-08 2.97767e-06 6.62639e-05 0.000869422 0.00672652 0.0307072 0.0829889 0.134996 0.142624 0.12525 0.120202 0.108291 0.0777236 0.0501352 0.0333449 0.0228493 0.016241 0.012166 0.00974413 0.00842922 0.00744739 0.00579791 0.00339682
 1.69053e-11 1.83572e-09 1.17524e-07 4.43595e-06 9.87157e-05 0.00129518 0.0100196 0.0457172 0.123238 0.197919 0.197199 0.14317 0.104425 0.0789797 0.0479322 0.0231721 0.0110451 0.00586562 0.00340279 0.00212156 0.00143352 0.00107252 0.000861854 0.000646755 0.000379401
 1.58913e-11 1.72561e-09 1.10475e-07 4.16988e-06 9.27947e-05 0.00121751 0.00941897 0.0429843 0.115973 0.187076 0.190278 0.148348 0.120726 0.095323 0.055026 0.0220554 0.00724452 0.00244001 0.000914598 0.000394938 0.000200028 0.000118028 7.96721e-05 5.44959e-05 3.09136e-05
 1.6635e-11 1.80636e-09 1.15645e-07 4.36502e-06 9.71372e-05 0.00127448 0.00985954 0.0449908 0.121331 0.195267 0.196489 0.147713 0.113824 0.087577 0.0506885 0.0208149 0.00701364 0.0021978 0.000619673 0.000161801 4.60894e-05 1.66044e-05 7.8836e-06 4.40722e-06 2.2841e-06
 1.62553e-11 1.76513e-09 1.13005e-07 4.26539e-06 9.49201e-05 0.00124539 0.00963461 0.0439665 0.118598 0.191104 0.193411 0.148298 0.117764 0.0918795 0.0529701 0.0212765 0.00688638 0.00209599 0.000586415 0.000143635 3.10336e-05 6.23888e-06 1.4239e-06 4.64564e-07 1.877e-07
 1.55159e-11 1.68485e-09 1.07865e-07 4.07138e-06 9.06028e-05 0.00118875 0.00919658 0.0419712 0.113265 0.18291 0.186991 0.148261 0.123655 0.0991074 0.0579836 0.0238756 0.00806018 0.00252815 0.00070244 0.000167138 3.47794e-05 6.24926e-06 9.67247e-07 1.44621e-07 2.76181e-08
 1.57586e-11 1.71119e-09 1.09552e-07 4.13504e-06 9.20194e-05 0.00120733 0.00934029 0.0426254 0.115008 0.185545 0.188842 0.147568 0.120646 0.0960152 0.0566211 0.0239998 0.00855794 0.00284342 0.000827765 0.000204486 4.31753e-05 7.62571e-06 1.10851e-06 1.32793e-07 1.36951e-08
 1.56577e-11 1.70023e-09 1.08851e-07 4.10857e-06 9.14303e-05 0.00119961 0.00928053 0.0423535 0.114286 0.184471 0.188176 0.148142 0.122325 0.0975594 0.0570067 0.0234938 0.00799955 0.00258873 0.000768345 0.000199648 4.45315e-05 8.20852e-06 1.2184e-06 1.43415e-07 1.32168e-08
 1.58826e-11 1.72466e-09 1.10414e-07 4.16759e-06 9.27438e-05 0.00121684 0.00941379 0.0429605 0.115908 0.186956 0.19009 0.148046 0.120376 0.0952782 0.0555775 0.0228968 0.00776832 0.00247515 0.000711921 0.000179146 3.98065e-05 7.57578e-06 1.1809e-06 1.45176e-07 1.36509e-08
 1.54046e-11 1.67276e-09 1.07092e-07 4.04217e-06 8.99528e-05 0.00118022 0.00913063 0.041671 0.112465 0.181697 0.186126 0.148535 0.124962 0.100457 0.0585777 0.0238371 0.00789229 0.0024575 0.000697678 0.000173161 3.75731e-05 6.96404e-06 1.07531e-06 1.34675e-07 1.31491e-08
 1.48159e-11 1.60883e-09 1.02999e-07 3.88768e-06 8.65149e-05 0.00113512 0.00878182 0.040082 0.108218 0.175168 0.180995 0.148455 0.129574 0.106158 0.0625871 0.025975 0.0088919 0.00283798 0.000804125 0.000195798 4.16169e-05 7.57306e-06 1.14482e-06 1.40355e-07 1.35746e-08
 1.5021e-11 1.6311e-09 1.04424e-07 3.9415e-06 8.77125e-05 0.00115083 0.00890332 0.0406353 0.109693 0.177411 0.182635 0.148076 0.127345 0.103751 0.0613432 0.0257856 0.00905502 0.00297933 0.000870456 0.000218113 4.69786e-05 8.48537e-06 1.25907e-06 1.51182e-07 1.43219e-08
 1.58023e-11 1.71594e-09 1.09856e-07 4.14653e-06 9.22751e-05 0.00121069 0.00936626 0.0427442 0.115333 0.186103 0.189567 0.14852 0.12174 0.0965308 0.0558903 0.022483 0.00730439 0.0022518 0.000648277 0.000165664 3.68048e-05 6.84316e-06 1.03353e-06 1.24191e-07 1.16135e-08
 1.56924e-11 1.70401e-09 1.09092e-07 4.11769e-06 9.16334e-05 0.00120227 0.00930116 0.0424479 0.114543 0.184908 0.188724 0.14882 0.123086 0.0979354 0.0565488 0.0224774 0.00709284 0.00208478 0.000563015 0.000134085 2.84961e-05 5.2818e-06 8.15494e-07 1.00655e-07 9.59168e-09
 1.46346e-11 1.58914e-09 1.01738e-07 3.84012e-06 8.54564e-05 0.00112123 0.00867448 0.0395938 0.106924 0.173268 0.179938 0.149869 0.133186 0.109368 0.0632134 0.0246135 0.00740534 0.00205513 0.000530271 0.00012049 2.40935e-05 4.1763e-06 6.1247e-07 7.41753e-08 7.13286e-09
 1.47696e-11 1.6038e-09 1.02677e-07 3.87554e-06 8.62448e-05 0.00113157 0.00875443 0.0399573 0.107886 0.17467 0.180665 0.148651 0.130252 0.106843 0.0628816 0.0259171 0.00871379 0.00268273 0.000711839 0.000156573 2.96585e-05 4.86048e-06 6.70738e-07 7.62181e-08 6.95853e-09
 1.52403e-11 1.65492e-09 1.05949e-07 3.99906e-06 8.89934e-05 0.00116764 0.00903331 0.0412277 0.111282 0.179896 0.184792 0.14878 0.126655 0.102316 0.0595803 0.0240577 0.00784255 0.00240295 0.00067261 0.000162283 3.3002e-05 5.46353e-06 7.26521e-07 7.80077e-08 6.69448e-09
 1.5127e-11 1.64261e-09 1.05162e-07 3.96933e-06 8.83318e-05 0.00115896 0.0089662 0.0409224 0.11047 0.178683 0.184011 0.149335 0.128414 0.103995 0.0601215 0.0236759 0.00731828 0.00210626 0.000563354 0.000133212 2.769e-05 4.88317e-06 6.95512e-07 7.71936e-08 6.53486e-09
 1.58002e-11 1.71571e-09 1.09841e-07 4.14596e-06 9.22625e-05 0.00121052 0.00936499 0.0427387 0.115322 0.186115 0.189723 0.149001 0.122497 0.0970711 0.0557684 0.021875 0.00670299 0.00189153 0.00048744 0.000109003 2.14203e-05 3.65888e-06 5.24172e-07 6.06422e-08 5.42304e-09
 1.54467e-11 1.67733e-09 1.07384e-07 4.05322e-06 9.01986e-05 0.00118345 0.00915559 0.0417849 0.112774 0.182207 0.186697 0.149102 0.125494 0.100642 0.0581058 0.0229429 0.00711763 0.00203263 0.000524574 0.000115824 2.20811e-05 3.5968e-06 4.88728e-07 5.44835e-08 4.8442e-09
 1.55798e-11 1.69178e-09 1.08309e-07 4.08813e-06 9.09756e-05 0.00119364 0.00923444 0.0421442 0.113736 0.183701 0.187943 0.149359 0.124814 0.0995898 0.0570885 0.0221157 0.00659485 0.00180664 0.000458716 0.000101625 1.94698e-05 3.14996e-06 4.17781e-07 4.4724e-08 3.79451e-09
 1.68911e-11 1.83417e-09 1.17425e-07 4.43221e-06 9.86324e-05 0.00129409 0.0100112 0.045682 0.123181 0.198131 0.19884 0.148078 0.112328 0.0854558 0.0488552 0.0194731 0.00618185 0.00179955 0.000462883 9.99969e-05 1.8603e-05 2.97211e-06 3.93621e-07 4.19104e-08 3.48906e-09
 1.62372e-11 1.76316e-09 1.12879e-07 4.26063e-06 9.48142e-05 0.001244 0.0096239 0.0439183 0.118478 0.190987 0.193652 0.149393 0.119579 0.0931693 0.0526408 0.0198122 0.00554862 0.00141244 0.000347419 7.73109e-05 1.49072e-05 2.38958e-06 3.10377e-07 3.24345e-08 2.67412e-09
 1.62803e-11 1.76785e-09 1.13179e-07 4.27196e-06 9.50664e-05 0.00124731 0.00964947 0.0440345 0.118785 0.191432 0.193868 0.148958 0.118576 0.0923342 0.0525899 0.0203238 0.00601865 0.001607 0.000383767 7.72084e-05 1.35367e-05 2.10703e-06 2.77985e-07 2.94512e-08 2.41536e-09
 1.62825e-11 1.76808e-09 1.13194e-07 4.27251e-06 9.50787e-05 0.00124747 0.00965073 0.0440406 0.118805 0.191494 0.194068 0.149457 0.119315 0.0927992 0.0523278 0.019584 0.00539766 0.00132864 0.000309448 6.37437e-05 1.12739e-05 1.66913e-06 2.02923e-07 2.03031e-08 1.64145e-09
 1.62882e-11 1.7687e-09 1.13234e-07 4.27401e-06 9.5112e-05 0.00124791 0.00965411 0.0440559 0.118845 0.191546 0.194066 0.149315 0.119057 0.0926129 0.052374 0.0197845 0.00556205 0.0013901 0.000316843 6.15078e-05 1.02736e-05 1.49174e-06 1.81105e-07 1.76604e-08 1.34884e-09
 1.65241e-11 1.79432e-09 1.14874e-07 4.33592e-06 9.64897e-05 0.00126598 0.00979389 0.0446927 0.120548 0.194177 0.196187 0.149526 0.11748 0.0905024 0.0506785 0.018665 0.00493967 0.00113798 0.00024762 4.77417e-05 7.92628e-06 1.11364e-06 1.28643e-07 1.20714e-08 9.03328e-10
 1.66711e-11 1.81028e-09 1.15896e-07 4.3745e-06 9.73481e-05 0.00127725 0.00988099 0.0450895 0.121609 0.195811 0.197489 0.149604 0.116416 0.0891403 0.0496603 0.0180568 0.00461735 0.00100008 0.00020272 3.62737e-05 5.61302e-06 7.55773e-07 8.55846e-08 7.84386e-09 5.6551e-10
#obs catch len freq
 1.10642e-11 1.20144e-09 7.69172e-08 2.90325e-06 6.4608e-05 0.000847704 0.00655886 0.0299497 0.0810411 0.132578 0.143355 0.13375 0.136997 0.128473 0.0948117 0.0587255 0.0318095 0.0142341 0.00505158 0.00140086 0.00029624 4.63582e-05 5.21231e-06 4.0844e-07 2.16681e-08
 1.75258e-11 1.90309e-09 1.21837e-07 4.59876e-06 0.000102339 0.00134272 0.0103872 0.0473916 0.127701 0.204613 0.20139 0.139195 0.0929635 0.0698478 0.0490051 0.0301225 0.0159797 0.006866 0.00232422 0.000617533 0.000125533 1.87766e-05 1.99578e-06 1.46453e-07 7.23637e-09
 1.38733e-11 1.50648e-09 9.64462e-08 3.64037e-06 8.10118e-05 0.00106293 0.00822398 0.0375484 0.101521 0.165289 0.174396 0.14998 0.135653 0.111478 0.0670634 0.0301199 0.0116926 0.00418922 0.00130022 0.00032496 6.21233e-05 8.73024e-06 8.72386e-07 6.01133e-08 2.77841e-09
 1.60408e-11 1.74184e-09 1.11514e-07 4.2091e-06 9.36678e-05 0.00122897 0.0095079 0.0433937 0.1171 0.188863 0.191095 0.144428 0.110547 0.0868609 0.0572248 0.0306212 0.0133195 0.00440421 0.00107166 0.000201129 3.07041e-05 3.73722e-06 3.38693e-07 2.15189e-08 9.21448e-10
 1.56759e-11 1.70222e-09 1.08977e-07 4.11336e-06 9.15375e-05 0.00120103 0.00929217 0.0424175 0.114563 0.185446 0.190292 0.149394 0.118724 0.0914161 0.0554685 0.0264053 0.0106259 0.00354462 0.000913499 0.00017419 2.40374e-05 2.38197e-06 1.7058e-07 8.8402e-09 3.24315e-10
 1.60806e-11 1.74617e-09 1.11791e-07 4.21956e-06 9.39009e-05 0.00123204 0.00953212 0.0435126 0.117509 0.190057 0.194055 0.149369 0.114689 0.0866959 0.0530489 0.02575 0.0102765 0.00324261 0.000772465 0.000138294 1.85064e-05 1.79323e-06 1.21121e-07 5.5594e-09 1.7133e-10
 1.47464e-11 1.60128e-09 1.02515e-07 3.86946e-06 8.61101e-05 0.00112984 0.00874219 0.0399215 0.107983 0.175821 0.184133 0.151721 0.126333 0.0984895 0.0602471 0.0290827 0.0115829 0.00366919 0.000876782 0.000154706 1.98604e-05 1.8152e-06 1.15557e-07 5.01978e-09 1.45657e-10
 1.63216e-11 1.77233e-09 1.13466e-07 4.28279e-06 9.53081e-05 0.00125052 0.00967539 0.0441717 0.11933 0.193146 0.197194 0.150314 0.11208 0.0826799 0.050749 0.0251527 0.0101324 0.00315538 0.000729151 0.000124047 1.53796e-05 1.3541e-06 8.22773e-08 3.37193e-09 9.15283e-11
 1.48522e-11 1.61278e-09 1.03251e-07 3.89724e-06 8.67289e-05 0.00113799 0.00880585 0.0402234 0.108906 0.177872 0.187693 0.155764 0.127809 0.0961115 0.0562759 0.0258201 0.00974367 0.00294283 0.000674519 0.000113734 1.37708e-05 1.16684e-06 6.76503e-08 2.63362e-09 6.76416e-11
 1.50337e-11 1.63249e-09 1.04513e-07 3.94488e-06 8.77891e-05 0.0011519 0.00891369 0.0407175 0.110245 0.179966 0.189139 0.15458 0.124136 0.0933611 0.0564915 0.0271114 0.0103466 0.00299817 0.000638461 9.97545e-05 1.13649e-05 9.19686e-07 5.11631e-08 1.90389e-09 4.64229e-11
 1.41802e-11 1.5398e-09 9.85797e-08 3.72092e-06 8.28058e-05 0.00108655 0.00840901 0.0384305 0.104245 0.171329 0.184081 0.157843 0.132365 0.100082 0.0595831 0.0280405 0.0105834 0.0030686 0.000654306 0.000100496 1.0933e-05 8.26164e-07 4.259e-08 1.47334e-09 3.36142e-11
 1.50616e-11 1.63551e-09 1.04707e-07 3.95219e-06 8.79524e-05 0.00115407 0.00893126 0.0408093 0.110588 0.180921 0.1908 0.155538 0.122714 0.0910939 0.0556731 0.0273042 0.0105559 0.00306618 0.000648805 9.8728e-05 1.0609e-05 7.84622e-07 3.89961e-08 1.27863e-09 2.72639e-11
 1.42578e-11 1.54823e-09 9.91193e-08 3.7413e-06 8.32602e-05 0.00109256 0.00845661 0.0386652 0.105024 0.173255 0.187481 0.161099 0.132466 0.0971093 0.0563238 0.0259371 0.00959222 0.00273704 0.000576649 8.71676e-05 9.21612e-06 6.6483e-07 3.20367e-08 1.01311e-09 2.07003e-11
 1.39835e-11 1.51844e-09 9.72123e-08 3.66932e-06 8.16592e-05 0.00107158 0.008295 0.0379379 0.103149 0.170632 0.185836 0.161141 0.133387 0.0989061 0.0586943 0.027484 0.0100177 0.00273231 0.000544038 7.81736e-05 7.94754e-06 5.55347e-07 2.59365e-08 7.91846e-10 1.55377e-11
 1.42548e-11 1.5479e-09 9.90984e-08 3.74053e-06 8.32443e-05 0.0010924 0.00845676 0.0386849 0.105226 0.174184 0.189509 0.162695 0.131678 0.0953211 0.0554381 0.0254973 0.00913854 0.00244717 0.000474124 6.52507e-05 6.2617e-06 4.10282e-07 1.79878e-08 5.17952e-10 9.62743e-12
 1.28395e-11 1.39422e-09 8.92597e-08 3.36918e-06 7.49822e-05 0.000984074 0.00762077 0.0349027 0.0953336 0.159985 0.180916 0.166842 0.14365 0.106292 0.0619029 0.0282748 0.0100046 0.00263712 0.000501966 6.75466e-05 6.28244e-06 3.94492e-07 1.63878e-08 4.43059e-10 7.68992e-12
 1.34263e-11 1.45794e-09 9.33392e-08 3.52317e-06 7.84096e-05 0.00102906 0.00796907 0.0364929 0.0995932 0.166451 0.185367 0.165051 0.137226 0.10086 0.0596386 0.0275689 0.00967096 0.00248026 0.000454801 5.87359e-05 5.23612e-06 3.14647e-07 1.24699e-08 3.20109e-10 5.24522e-12
 1.31875e-11 1.43201e-09 9.16791e-08 3.46053e-06 7.70174e-05 0.00101087 0.00783008 0.0358839 0.0981581 0.165118 0.186582 0.169159 0.140617 0.100824 0.0575002 0.0257134 0.00882906 0.00223567 0.000403932 5.08413e-05 4.36094e-06 2.49742e-07 9.38038e-09 2.27548e-10 3.5167e-12
 1.37963e-11 1.49812e-09 9.5912e-08 3.62032e-06 8.0574e-05 0.00105756 0.00819183 0.0375382 0.102609 0.171979 0.1917 0.168331 0.134997 0.0951592 0.0540516 0.0239324 0.00801788 0.00196258 0.000342313 4.16681e-05 3.45636e-06 1.907e-07 6.85599e-09 1.58042e-10 2.30646e-12
 1.41321e-11 1.53458e-09 9.82463e-08 3.70846e-06 8.25373e-05 0.00108339 0.00839334 0.0384787 0.105293 0.176833 0.197365 0.171854 0.133854 0.0900157 0.0483079 0.0202025 0.00644071 0.0015092 0.000251879 2.9218e-05 2.30179e-06 1.2046e-07 4.10718e-09 8.97499e-11 1.23982e-12
 1.43754e-11 1.561e-09 9.99381e-08 3.77234e-06 8.39608e-05 0.00110214 0.00853972 0.0391623 0.10723 0.180193 0.200719 0.172894 0.131954 0.0869085 0.0456301 0.0184817 0.00562936 0.00124872 0.000196628 2.15173e-05 1.59951e-06 7.89168e-08 2.53235e-09 5.19873e-11 6.73835e-13
 1.44673e-11 1.57099e-09 1.00578e-07 3.79653e-06 8.45019e-05 0.00110934 0.00859753 0.0394518 0.108184 0.182364 0.203982 0.175465 0.13171 0.0841501 0.0424995 0.0164576 0.00477197 0.00100306 0.000148725 1.52272e-05 1.05453e-06 4.83917e-08 1.44433e-09 2.75942e-11 3.32979e-13
 1.57589e-11 1.71124e-09 1.09557e-07 4.13548e-06 9.20455e-05 0.00120833 0.00936342 0.0429405 0.117476 0.19638 0.2141 0.173974 0.121013 0.0723168 0.0344516 0.0125328 0.00338738 0.000659897 9.0381e-05 8.53612e-06 5.45141e-07 2.30636e-08 6.34371e-10 1.11657e-11 1.24144e-13
 1.44959e-11 1.5741e-09 1.00778e-07 3.80423e-06 8.46811e-05 0.00111198 0.00862403 0.0396449 0.109193 0.185812 0.210877 0.182288 0.132494 0.0785272 0.0355946 0.012084 0.00303499 0.000549437 6.97573e-05 6.07811e-06 3.56547e-07 1.3821e-08 3.47995e-10 5.60749e-12 5.71029e-14
 1.53166e-11 1.66322e-09 1.06484e-07 4.01962e-06 8.94751e-05 0.00117488 0.00911012 0.0418478 0.114945 0.193855 0.214761 0.17771 0.124243 0.0732882 0.0338807 0.0116507 0.00287904 0.000497358 5.90114e-05 4.75219e-06 2.56341e-07 9.11403e-09 2.10102e-10 3.09495e-12 2.87815e-14
 1.3099e-11 1.42242e-09 9.10702e-08 3.43803e-06 7.65461e-05 0.00100573 0.00781195 0.0360553 0.10031 0.174728 0.207331 0.189599 0.142888 0.0853299 0.0383958 0.0127822 0.00309032 0.000526305 6.12956e-05 4.77375e-06 2.4444e-07 8.11746e-09 1.72837e-10 2.33629e-12 1.98701e-14
 1.39908e-11 1.51927e-09 9.72706e-08 3.6721e-06 8.17561e-05 0.00107409 0.00833997 0.0384435 0.106506 0.183233 0.211133 0.184559 0.134534 0.0801659 0.0364866 0.0120981 0.0028311 0.000456715 5.00075e-05 3.66968e-06 1.77827e-07 5.59567e-09 1.12532e-10 1.42756e-12 1.13095e-14
 1.41626e-11 1.53793e-09 9.84672e-08 3.71741e-06 8.27722e-05 0.00108767 0.00844939 0.0389873 0.10822 0.186689 0.215239 0.18624 0.132071 0.0758168 0.033354 0.0108124 0.00250077 0.000399672 4.29914e-05 3.05292e-06 1.41012e-07 4.18469e-09 7.89409e-11 9.37639e-13 6.95172e-15
#spawning biomass
 4066.82 5087.37 8085.55 12913.6 20933.8 32452.6 49246.8 68896.2 96011.7 126376 154372 173997 187355 210146 196065 192321 183347 167569 163114 170869 163613 203610 228494 250350 237761 228494 192426 180153 209747 24979.5 4964.65 4961.09 4961.09 4961.09 4961.09 4961.09 4961.09 4961.09 4961.09 4961.09 4961.09 4961.09 4961.09 4961.09 4961.09 4961.09 4961.09 4961.09 4961.09 4961.09 4961.09 4961.09 4961.09 4961.09 4961.09 4961.09 4961.09 4961.09 4961.09 4961.09 4961.09 4961.09 4961.09 4961.09 4961.09 4961.09 4961.09 4961.09 4961.09 4961.09 4961.09 4961.09 4961.09 4961.09 4961.09 4961.09 4961.09 4961.09 4961.09 4961.09 4961.09 4961.09 4961.09 4961.09 4961.09 4961.09 4961.09 4961.09 4961.09 4961.09 4961.09 4961.09 4961.09 4961.09 4961.09 4961.09 4961.09 4961.09 4961.09 4961.09 4961.09 4961.09 4961.09 4961.09 4961.09 4961.09 4961.09 4961.09 4961.09 4961.09 4961.09 4961.09 4961.09 4961.09 4961.09 4961.09 4961.09 4961.09 4961.09 4961.09 4961.09 4961.09 4961.09 4961.09 4961.09 4961.09 4961.09 4961.09 0 0 0 0 0 0 0 0 0 0 0 0 0 0 0 0 0 0 0 0 0 0 0 0 0
