SBPRF35
0.819782
Curr Bio
176669
B35
748599
F35
0.20557
FOFL
0.11896
OFL
43196.4
Bzero
234224
#pred survey bio
 5591.28 6695.61 8166.97 11498.8 16810.9 18997.1 17667.5 22588.2 32883.3 49036 60843 81244.6 117470 139258 140285 113518 105934 100417 98097.9 97379.5 100442 109839 113173 126127 126322 129742 130839 130562 188578 1.61341e+07 1.33354e+07 1.37291e+07 1.26802e+07 1.09645e+07 9.12509e+06 7.45377e+06 6.06484e+06 4.97184e+06 4.14145e+06 3.52495e+06 3.07395e+06 2.74681e+06 2.50981e+06 2.33639e+06 2.20952e+06 2.11913e+06 2.05408e+06 2.00677e+06 1.972e+06 1.94616e+06 1.92675e+06 1.91203e+06 1.90075e+06 1.89203e+06 1.88524e+06 1.8799e+06 1.87568e+06 1.87233e+06 1.86965e+06 1.86751e+06 1.86578e+06 1.86438e+06 1.86325e+06 1.86234e+06 1.8616e+06 1.86099e+06 1.8605e+06 1.8601e+06 1.85977e+06 1.8595e+06 1.85928e+06 1.8591e+06 1.85896e+06 1.85884e+06 1.85874e+06 1.85866e+06 1.8586e+06 1.85854e+06 1.8585e+06 1.85846e+06 1.85843e+06 1.85841e+06 1.85839e+06 1.85837e+06 1.85836e+06 1.85835e+06 1.85834e+06 1.85833e+06 1.85833e+06 1.85832e+06 1.85832e+06 1.85832e+06 1.85831e+06 1.85831e+06 1.85831e+06 1.85831e+06 1.85831e+06 1.85831e+06 1.8583e+06 1.8583e+06 1.8583e+06 1.8583e+06 1.8583e+06 1.8583e+06 1.8583e+06 1.8583e+06 1.8583e+06 1.8583e+06 1.8583e+06 1.8583e+06 1.8583e+06 1.8583e+06 1.8583e+06 1.8583e+06 1.8583e+06 1.8583e+06 1.8583e+06 1.8583e+06 1.8583e+06 1.8583e+06 1.8583e+06 1.8583e+06 1.8583e+06 1.8583e+06 1.8583e+06 1.8583e+06 1.8583e+06 1.8583e+06 1.8583e+06 0 0 0 0 0 0 0 0 0 0 0 0 0 0 0 0 0 0 0 0 0 0 0 0 0
#obs survey bio
 4906.47 6870.79 8808.82 16471.4 24001.9 17902.2 19879.1 36522.8 34989.1 58834.6 102451 120251 156478 173008 159303 69840.2 106351 124152 69644.2 92311.1 158068 97372.1 109884 128610 139157 181146 202274 132823 144258
#pred catch bio
 3423.89 4737.98 5726.02 7753.76 11922 14709.8 13311.2 17003.6 23211.7 36768.3 44695.7 57504.9 90503.8 108035 115738 92085.1 87083.4 82574.7 82164.9 82198.8 83364.5 93686 94434.2 109718 108604 111033 112841 99737.3 13307.6 43196.4 106572 108918 99562.4 84943.4 69545.2 55745.2 44439.9 35689.9 29173.8 24452.1 21097.9 18749.6 17120.3 15991.3 15216.5 14700.1 14355.8 14126.3 13973.4 13871.4 13803.4 13758.1 13727.9 13707.8 13694.4 13685.4 13679.4 13675.5 13672.8 13671.1 13669.9 13669.1 13668.6 13668.2 13668 13667.8 13667.7 13667.7 13667.6 13667.6 13667.6 13667.6 13667.5 13667.5 13667.5 13667.5 13667.5 13667.5 13667.5 13667.5 13667.5 13667.5 13667.5 13667.5 13667.5 13667.5 13667.5 13667.5 13667.5 13667.5 13667.5 13667.5 13667.5 13667.5 13667.5 13667.5 13667.5 13667.5 13667.5 13667.5 13667.5 13667.5 13667.5 13667.5 13667.5 13667.5 13667.5 13667.5 13667.5 13667.5 13667.5 13667.5 13667.5 13667.5 13667.5 13667.5 13667.5 13667.5 13667.5 13667.5 13667.5 13667.5 13667.5 13667.5 13667.5 13667.5 13667.5 13667.5 13667.5 0 0 0 0 0 0 0 0 0 0 0 0 0 0 0 0 0 0 0 0 0 0 0 0 0
#obs catch bio
 4795.73 4725.3 5572.98 7522.79 11497 14367 13227.8 16325.3 22689.7 35662.2 42254.8 54869.7 86963.8 104537 112132 92880.1 84651.5 79533.1 82151.3 81608.8 80531.6 92440.2 91449.8 106298 104292 106382 108483 97152.5 13000.5
#pred cpue bio
 4911.61 5670.21 6736.05 9368.38 13883.5 16316.2 14770.4 18089.4 26260.1 40068.1 49981.9 65945.2 95699.5 114335 119093 95221.5 87614.8 82942.9 80492.8 79001.7 81013.8 88725.2 90948.6 101344 101158 104433 105717 104867 149707 1.47737e+07 1.3297e+07 1.36907e+07 1.26419e+07 1.09261e+07 9.08672e+06 7.4154e+06 6.02647e+06 4.93347e+06 4.10308e+06 3.48658e+06 3.03558e+06 2.70844e+06 2.47144e+06 2.29801e+06 2.17115e+06 2.08076e+06 2.0157e+06 1.9684e+06 1.93363e+06 1.90779e+06 1.88838e+06 1.87366e+06 1.86238e+06 1.85366e+06 1.84686e+06 1.84153e+06 1.83731e+06 1.83396e+06 1.83128e+06 1.82913e+06 1.82741e+06 1.82601e+06 1.82488e+06 1.82397e+06 1.82322e+06 1.82262e+06 1.82213e+06 1.82172e+06 1.8214e+06 1.82113e+06 1.82091e+06 1.82073e+06 1.82059e+06 1.82047e+06 1.82037e+06 1.82029e+06 1.82022e+06 1.82017e+06 1.82013e+06 1.82009e+06 1.82006e+06 1.82004e+06 1.82002e+06 1.82e+06 1.81999e+06 1.81998e+06 1.81997e+06 1.81996e+06 1.81996e+06 1.81995e+06 1.81995e+06 1.81994e+06 1.81994e+06 1.81994e+06 1.81994e+06 1.81994e+06 1.81993e+06 1.81993e+06 1.81993e+06 1.81993e+06 1.81993e+06 1.81993e+06 1.81993e+06 1.81993e+06 1.81993e+06 1.81993e+06 1.81993e+06 1.81993e+06 1.81993e+06 1.81993e+06 1.81993e+06 1.81993e+06 1.81993e+06 1.81993e+06 1.81993e+06 1.81993e+06 1.81993e+06 1.81993e+06 1.81993e+06 1.81993e+06 1.81993e+06 1.81993e+06 1.81993e+06 1.81993e+06 1.81993e+06 1.81993e+06 1.81993e+06 1.81993e+06 1.81993e+06 0 0 0 0 0 0 0 0 0 0 0 0 0 0 0 0 0 0 0 0 0 0 0 0 0
#obs cpue bio
 6950.99 6838.57 10547.7 10705.9 17240.6 21838 14809.8 24751.2 29947.1 56527.2 94013.7 78496.9 130869 135838 174058 113900 164109 123048 93420.1 101044 98947.2 111907 167228 166540 176711 146705 129233 189833 210939
#pred surv len freq
 2.567e-27 2.59865e-27 4.21649e-26 8.35508e-20 2.04815e-14 6.06903e-10 2.17382e-06 0.000941183 0.0492581 0.31162 0.238546 0.0376363 0.118878 0.109785 0.0272113 0.0347766 0.0159922 0.0137576 0.00920568 0.00751603 0.0062539 0.00567105 0.00592059 0.00537378 0.00165348
 2.56798e-27 2.60104e-27 4.38975e-26 8.72044e-20 2.13771e-14 6.33442e-10 2.26888e-06 0.000982339 0.0514121 0.325247 0.248997 0.0405114 0.133418 0.122906 0.0244279 0.024912 0.00970571 0.00615096 0.0033378 0.00227281 0.00163433 0.00131201 0.00124073 0.00114214 0.000386854
 2.56895e-27 2.60358e-27 4.60341e-26 9.17111e-20 2.24819e-14 6.66178e-10 2.38614e-06 0.00103311 0.0540691 0.342056 0.261838 0.0408913 0.127288 0.11716 0.0218642 0.0204298 0.00708409 0.00322403 0.00133634 0.000666598 0.000370133 0.000245903 0.00020086 0.000177725 6.27657e-05
 2.56944e-27 2.60487e-27 4.71401e-26 9.40443e-20 2.30538e-14 6.83126e-10 2.44684e-06 0.00105939 0.0554446 0.350758 0.268483 0.040891 0.122617 0.112804 0.0202822 0.0178985 0.0060136 0.00242085 0.000818686 0.000284168 0.000105661 5.0261e-05 3.23861e-05 2.57736e-05 9.11872e-06
 2.56876e-27 2.60301e-27 4.5487e-26 9.05568e-20 2.21989e-14 6.57793e-10 2.3561e-06 0.0010201 0.0533885 0.337751 0.258559 0.041422 0.133631 0.122965 0.0220488 0.0193654 0.00639231 0.00239042 0.000759314 0.000221302 5.57207e-05 1.6077e-05 6.77533e-06 4.34999e-06 1.47887e-06
 2.56658e-27 2.59712e-27 4.02945e-26 7.9603e-20 1.95137e-14 5.78226e-10 2.07111e-06 0.000896711 0.0469306 0.296896 0.227385 0.0428124 0.166113 0.152973 0.0279613 0.0253058 0.00834619 0.00309859 0.000953062 0.000256455 5.50364e-05 1.04077e-05 2.29577e-06 9.5108e-07 2.90851e-07
 2.56818e-27 2.60152e-27 4.42419e-26 8.79305e-20 2.15551e-14 6.38716e-10 2.28778e-06 0.000990519 0.0518402 0.327955 0.251076 0.0412115 0.137286 0.126466 0.024993 0.0252144 0.00840432 0.00323763 0.000996644 0.000263662 5.26958e-05 8.3462e-06 1.06579e-06 2.02576e-07 4.76678e-08
 2.57021e-27 2.60697e-27 4.89981e-26 9.79638e-20 2.40147e-14 7.11597e-10 2.54882e-06 0.00110354 0.0577554 0.365377 0.279637 0.0403562 0.110711 0.101811 0.0182351 0.0160029 0.00552739 0.00244747 0.000774613 0.000210885 4.17583e-05 6.19786e-06 6.21508e-07 5.28211e-08 6.66862e-09
 2.57025e-27 2.60701e-27 4.89588e-26 9.78806e-20 2.39942e-14 7.10992e-10 2.54666e-06 0.0011026 0.0577063 0.365066 0.279409 0.0409228 0.115183 0.105824 0.0168826 0.0118834 0.00390062 0.00145196 0.000482884 0.000147422 3.03183e-05 4.51241e-06 4.18959e-07 2.35837e-08 1.18412e-09
 2.56922e-27 2.60421e-27 4.64979e-26 9.26891e-20 2.27216e-14 6.73282e-10 2.41158e-06 0.00104412 0.0546457 0.345704 0.264633 0.0415241 0.13014 0.119667 0.0200854 0.015693 0.00489728 0.00140216 0.00041788 0.000113845 2.57883e-05 4.12249e-06 3.85601e-07 1.91693e-08 5.07798e-10
 2.56898e-27 2.60358e-27 4.59548e-26 9.15436e-20 2.24408e-14 6.64961e-10 2.38178e-06 0.00103122 0.0539703 0.341431 0.261371 0.0415435 0.13258 0.121947 0.0210071 0.0172302 0.00550414 0.00176886 0.000485746 0.00010365 2.0284e-05 3.31837e-06 3.38328e-07 1.68687e-08 3.59943e-10
 2.56957e-27 2.60521e-27 4.74201e-26 9.46348e-20 2.31986e-14 6.87416e-10 2.46221e-06 0.00106604 0.0557928 0.35296 0.270165 0.0409559 0.121929 0.112151 0.0198447 0.0170495 0.00551533 0.0018803 0.000541083 0.000123161 1.9965e-05 2.65621e-06 2.65197e-07 1.4238e-08 2.99057e-10
 2.56939e-27 2.60472e-27 4.69731e-26 9.36918e-20 2.29674e-14 6.80566e-10 2.43767e-06 0.00105542 0.0552368 0.349443 0.267483 0.0411719 0.125457 0.115384 0.0200076 0.0166109 0.0054373 0.00196194 0.000580329 0.000140453 2.43234e-05 2.92842e-06 2.33059e-07 1.19645e-08 2.64925e-10
 2.56899e-27 2.60359e-27 4.59511e-26 9.15356e-20 2.24389e-14 6.64903e-10 2.38157e-06 0.00103113 0.0539656 0.341401 0.261351 0.0417081 0.133846 0.123073 0.0204413 0.015659 0.00507114 0.00175741 0.000529341 0.000135125 2.46982e-05 3.17339e-06 2.36262e-07 9.85956e-09 2.06272e-10
 2.56722e-27 2.59879e-27 4.17054e-26 8.2579e-20 2.02432e-14 5.99843e-10 2.14854e-06 0.000930235 0.0486851 0.307996 0.235862 0.0429038 0.160853 0.148016 0.0252209 0.0202791 0.00644559 0.00203015 0.000595313 0.000148177 2.82279e-05 3.85343e-06 3.05137e-07 1.19725e-08 2.09599e-10
 2.56792e-27 2.60074e-27 4.34713e-26 8.63044e-20 2.11565e-14 6.26905e-10 2.24547e-06 0.000972201 0.0508815 0.321891 0.246459 0.0420649 0.147024 0.135324 0.0242292 0.0212192 0.00683209 0.00227405 0.000647622 0.000148235 2.72808e-05 3.79274e-06 3.20266e-07 1.32583e-08 2.18157e-10
 2.56865e-27 2.60271e-27 4.5197e-26 8.99451e-20 2.20489e-14 6.5335e-10 2.34019e-06 0.00101321 0.0530279 0.335469 0.256821 0.0417032 0.136992 0.126025 0.0218394 0.0181142 0.00596192 0.00220131 0.00064674 0.000153124 2.64211e-05 3.46169e-06 2.9426e-07 1.29349e-08 2.22245e-10
 2.56869e-27 2.60276e-27 4.52042e-26 8.996e-20 2.20526e-14 6.53458e-10 2.34058e-06 0.00101338 0.0530367 0.335525 0.256868 0.0419928 0.139162 0.127965 0.0210433 0.0158006 0.00511375 0.00177089 0.000538493 0.000139601 2.51129e-05 3.19905e-06 2.54217e-07 1.11758e-08 2.02357e-10
 2.56901e-27 2.60363e-27 4.59816e-26 9.16e-20 2.24546e-14 6.65371e-10 2.38325e-06 0.00103186 0.0540036 0.341642 0.261535 0.0417511 0.134044 0.12325 0.0203627 0.0154272 0.00487663 0.00150082 0.000438735 0.000109491 2.11714e-05 2.87881e-06 2.26342e-07 9.37812e-09 1.69244e-10
 2.56953e-27 2.60503e-27 4.72004e-26 9.4171e-20 2.30849e-14 6.84047e-10 2.45014e-06 0.00106082 0.0555193 0.351231 0.268854 0.041531 0.127227 0.116927 0.0186486 0.0131079 0.00414624 0.00128693 0.000360681 8.09682e-05 1.48833e-05 2.09133e-06 1.76913e-07 7.31928e-09 1.25968e-10
 2.56978e-27 2.60568e-27 4.77594e-26 9.53502e-20 2.3374e-14 6.92612e-10 2.48082e-06 0.0010741 0.0562146 0.355629 0.272211 0.0414992 0.124626 0.114498 0.0177045 0.0115607 0.00359488 0.00102469 0.000285131 6.35399e-05 1.07093e-05 1.39003e-06 1.19065e-07 5.25198e-09 9.07439e-11
 2.56971e-27 2.60549e-27 4.75935e-26 9.50004e-20 2.32882e-14 6.90071e-10 2.47172e-06 0.00107016 0.0560083 0.354324 0.271216 0.0415444 0.12567 0.115465 0.0179399 0.0118514 0.00363686 0.000954413 0.000255207 5.30102e-05 8.82417e-06 1.07627e-06 8.42765e-08 3.72145e-09 6.76735e-11
 2.56993e-27 2.60609e-27 4.81113e-26 9.60926e-20 2.35559e-14 6.98004e-10 2.50013e-06 0.00108246 0.0566522 0.358397 0.274325 0.0414569 0.122819 0.112818 0.0171821 0.0107893 0.00331421 0.000879986 0.0002298 4.41071e-05 6.86316e-06 8.00906e-07 5.92758e-08 2.40734e-09 4.35175e-11
 2.56994e-27 2.60612e-27 4.81411e-26 9.61554e-20 2.35713e-14 6.98461e-10 2.50177e-06 0.00108317 0.0566893 0.358632 0.274503 0.0414147 0.122373 0.112416 0.0172769 0.011105 0.00338376 0.000850421 0.000221131 4.25261e-05 6.25363e-06 6.72033e-07 4.67302e-08 1.78366e-09 2.99528e-11
 2.57007e-27 2.60646e-27 4.84262e-26 9.67568e-20 2.37188e-14 7.0283e-10 2.51742e-06 0.00108995 0.0570438 0.360875 0.276217 0.0414676 0.121571 0.111643 0.016541 0.00962132 0.0029365 0.000756386 0.000194244 3.56866e-05 5.22398e-06 5.41597e-07 3.45419e-08 1.22479e-09 1.92262e-11
 2.56984e-27 2.60584e-27 4.78749e-26 9.55939e-20 2.34337e-14 6.94382e-10 2.48716e-06 0.00107685 0.0563582 0.356537 0.272907 0.0416368 0.125184 0.114978 0.0171541 0.0101771 0.00305958 0.000708687 0.000180328 3.36601e-05 4.78047e-06 4.8222e-07 2.97917e-08 9.73059e-10 1.41019e-11
 2.56968e-27 2.60539e-27 4.749e-26 9.4782e-20 2.32347e-14 6.88485e-10 2.46604e-06 0.0010677 0.0558795 0.353509 0.270596 0.0417032 0.127313 0.116954 0.01771 0.0109484 0.00330416 0.00078053 0.000193468 3.30357e-05 4.6765e-06 4.66763e-07 2.78599e-08 8.76397e-10 1.17615e-11
 2.56995e-27 2.60613e-27 4.81461e-26 9.61661e-20 2.3574e-14 6.98539e-10 2.50205e-06 0.00108329 0.0566956 0.358672 0.274535 0.041478 0.122832 0.112824 0.017083 0.010559 0.00320678 0.000791544 0.000198611 3.41989e-05 4.55782e-06 4.33018e-07 2.56068e-08 7.79937e-10 1.00256e-11
 2.57049e-27 2.60767e-27 4.95479e-26 9.91235e-20 2.42989e-14 7.20021e-10 2.57899e-06 0.00111661 0.0584391 0.369702 0.282944 0.0406865 0.110901 0.101902 0.0167372 0.0125213 0.00381715 0.000942491 0.000239347 4.28655e-05 5.79373e-06 5.33372e-07 2.96462e-08 8.83839e-10 1.10269e-11
#obs surv len freq
 1.63977e-41 2.2759e-33 3.81829e-26 7.74342e-20 1.89821e-14 5.62474e-10 2.01469e-06 0.000872291 0.0456522 0.288809 0.221273 0.0442775 0.164495 0.139813 0.0432903 0.0351334 0.0114911 0.00393019 0.000844574 0.000108685 6.11111e-06 1.08617e-07 4.52643e-10 3.55234e-13 4.54867e-17
 1.90338e-41 2.64177e-33 4.43211e-26 8.98824e-20 2.20336e-14 6.52896e-10 2.33857e-06 0.00101252 0.0529912 0.335238 0.256737 0.044047 0.132358 0.106478 0.0338553 0.0258485 0.0082061 0.00263891 0.00052528 5.95965e-05 2.78621e-06 3.88095e-08 1.21322e-10 6.94909e-14 6.38922e-18
 1.92274e-41 2.66864e-33 4.4772e-26 9.07967e-20 2.22578e-14 6.59538e-10 2.36236e-06 0.00102282 0.0535303 0.338648 0.259425 0.0470874 0.141461 0.106487 0.0273577 0.0175884 0.00542752 0.00163277 0.000298384 2.96372e-05 1.14623e-06 1.24852e-08 2.92679e-11 1.22406e-14 8.08936e-19
 1.96934e-41 2.73331e-33 4.5857e-26 9.2997e-20 2.27971e-14 6.7552e-10 2.4196e-06 0.00104761 0.0548275 0.346855 0.265753 0.0487007 0.138434 0.0981127 0.0260648 0.0153913 0.0037144 0.000928531 0.000154008 1.32499e-05 4.20593e-07 3.57172e-09 6.28015e-12 1.92084e-15 9.14013e-20
 1.76773e-41 2.45349e-33 4.11623e-26 8.34764e-20 2.04632e-14 6.06363e-10 2.1719e-06 0.000940356 0.0492145 0.311346 0.238833 0.0549075 0.175767 0.116881 0.0306949 0.016658 0.00385194 0.000796302 9.99276e-05 7.11269e-06 1.83242e-07 1.20657e-09 1.58979e-12 3.56143e-16 1.22311e-20
 1.46018e-41 2.02663e-33 3.4001e-26 6.89533e-20 1.69031e-14 5.0087e-10 1.79403e-06 0.000776754 0.0406522 0.25718 0.197744 0.0625008 0.220424 0.139657 0.0481891 0.0260857 0.00562878 0.00104555 0.000107036 5.53364e-06 1.08002e-07 5.43662e-10 5.34897e-13 8.77553e-17 2.17875e-21
 2.08432e-41 2.8929e-33 4.85344e-26 9.84267e-20 2.41281e-14 7.14961e-10 2.56087e-06 0.00110877 0.0580286 0.367107 0.281368 0.0503644 0.113003 0.0694991 0.0345657 0.0190949 0.00489243 0.000884633 7.77889e-05 3.09127e-06 4.22696e-08 1.51648e-10 1.08942e-13 1.30251e-17 2.33667e-22
 1.98594e-41 2.75635e-33 4.62435e-26 9.3781e-20 2.29893e-14 6.81215e-10 2.44e-06 0.00105644 0.0552897 0.349781 0.268482 0.0601842 0.151711 0.0817286 0.0192558 0.00892394 0.00294438 0.000586162 5.1885e-05 1.70278e-06 1.70504e-08 4.18807e-11 2.06525e-14 1.73782e-18 2.22353e-23
 2.01246e-41 2.79316e-33 4.6861e-26 9.50333e-20 2.32963e-14 6.90312e-10 2.47258e-06 0.00107054 0.056028 0.354453 0.272179 0.0618837 0.145629 0.0748365 0.0231468 0.00888231 0.00155963 0.000298789 2.92878e-05 9.1309e-07 7.3597e-09 1.29942e-11 4.36859e-15 2.48123e-19 2.17179e-24
 1.72189e-41 2.38987e-33 4.00951e-26 8.1312e-20 1.99327e-14 5.90641e-10 2.11558e-06 0.000915974 0.0479384 0.303279 0.233742 0.0763402 0.19993 0.0958393 0.0291267 0.0106444 0.00198168 0.000242055 1.77772e-05 5.43862e-07 3.93958e-09 5.52027e-12 1.34644e-15 5.28459e-20 3.13412e-25
 2.01886e-41 2.80205e-33 4.70102e-26 9.53357e-20 2.33704e-14 6.92508e-10 2.48045e-06 0.00107395 0.0562063 0.355583 0.273416 0.0666608 0.139368 0.0663375 0.0291787 0.0101779 0.00178224 0.00020284 1.05632e-05 2.24486e-07 1.38444e-09 1.65244e-12 3.19369e-16 9.31175e-21 3.92493e-26
 1.84452e-41 2.56008e-33 4.29506e-26 8.71029e-20 2.13523e-14 6.32706e-10 2.26625e-06 0.000981209 0.0513526 0.324881 0.250753 0.0817781 0.180795 0.0758723 0.0235388 0.00811172 0.0017399 0.000184612 8.21836e-06 1.24263e-07 5.15984e-10 4.66685e-13 7.22164e-17 1.65845e-21 5.31079e-27
 1.92364e-41 2.66988e-33 4.47928e-26 9.08388e-20 2.22681e-14 6.59844e-10 2.36345e-06 0.00102329 0.0535551 0.338817 0.261545 0.0809483 0.1608 0.0672138 0.027001 0.00767247 0.00127353 0.000141374 6.00881e-06 7.32948e-08 2.15977e-10 1.3024e-13 1.40377e-17 2.38771e-22 5.82217e-28
 1.62511e-41 2.25555e-33 3.78415e-26 7.67417e-20 1.88123e-14 5.57444e-10 1.99667e-06 0.000864491 0.045244 0.286249 0.222849 0.104301 0.216632 0.0833919 0.030217 0.00864471 0.00147326 0.000126834 4.78333e-06 5.239e-08 1.22311e-10 5.29803e-14 3.8706e-18 4.42269e-23 7.44201e-29
 1.48498e-41 2.06105e-33 3.45784e-26 7.01242e-20 1.71901e-14 5.09375e-10 1.8245e-06 0.000789944 0.0413426 0.261575 0.204912 0.11325 0.224081 0.0937588 0.0463365 0.0119351 0.00185998 0.00015163 4.58458e-06 4.02519e-08 7.80162e-11 2.6626e-14 1.43303e-18 1.14891e-23 1.31862e-29
 1.71291e-41 2.37741e-33 3.98859e-26 8.08878e-20 1.98287e-14 5.87561e-10 2.10455e-06 0.000911196 0.0476884 0.301722 0.235367 0.103295 0.177632 0.076832 0.0418627 0.0124189 0.00211353 0.000150885 3.9279e-06 2.71962e-08 3.99844e-11 1.05696e-14 4.40126e-19 2.65526e-24 2.21869e-30
 1.67533e-41 2.32524e-33 3.90108e-26 7.91131e-20 1.93936e-14 5.74669e-10 2.05837e-06 0.000891204 0.0466421 0.295117 0.231769 0.11873 0.192409 0.0712155 0.0315533 0.00970656 0.00182575 0.000136209 3.08232e-06 1.71787e-08 1.94001e-11 3.79614e-15 1.16632e-19 5.24447e-25 3.27495e-31
 1.69793e-41 2.35662e-33 3.95371e-26 8.01805e-20 1.96553e-14 5.82423e-10 2.08614e-06 0.000903228 0.0472714 0.299111 0.235763 0.123757 0.184464 0.0696271 0.0303277 0.00741592 0.00126003 9.6248e-05 2.09283e-06 9.87846e-09 8.69804e-12 1.28098e-15 2.89339e-20 9.42839e-26 4.25526e-32
 1.65314e-41 2.29445e-33 3.84942e-26 7.80655e-20 1.91368e-14 5.6706e-10 2.03112e-06 0.000879403 0.0460245 0.291244 0.23141 0.13569 0.188683 0.0693566 0.0289285 0.00677029 0.000949411 6.06648e-05 1.20879e-06 5.07714e-09 3.6895e-12 4.20746e-16 7.09722e-21 1.69572e-26 5.5471e-33
 1.75034e-41 2.42936e-33 4.07575e-26 8.26554e-20 2.0262e-14 6.004e-10 2.15054e-06 0.000931107 0.0487306 0.308378 0.24514 0.133653 0.167917 0.0631663 0.0257335 0.00560878 0.000703222 3.61484e-05 5.69492e-07 1.98986e-09 1.2055e-12 1.1092e-16 1.4524e-21 2.61031e-27 6.28925e-34
 1.71333e-41 2.378e-33 3.98958e-26 8.09079e-20 1.98336e-14 5.87707e-10 2.10507e-06 0.000911422 0.0477004 0.301897 0.242514 0.147923 0.172525 0.059528 0.0218703 0.0045904 0.000516187 2.21069e-05 2.68216e-07 7.06731e-10 3.31095e-13 2.39645e-17 2.46067e-22 3.41751e-28 6.2495e-35
 1.72785e-41 2.39815e-33 4.02339e-26 8.15935e-20 2.00017e-14 5.92687e-10 2.12291e-06 0.000919146 0.0481047 0.30449 0.246205 0.152896 0.164511 0.0585946 0.0202134 0.00368559 0.00036575 1.32414e-05 1.26227e-07 2.48104e-10 8.49601e-14 4.52597e-18 3.47194e-23 3.63934e-29 5.03597e-36
 1.7207e-41 2.38821e-33 4.00672e-26 8.12556e-20 1.99188e-14 5.90232e-10 2.11411e-06 0.000915339 0.0479055 0.303281 0.247658 0.161414 0.160572 0.0563868 0.0184377 0.00315682 0.000263828 7.79893e-06 5.89531e-08 8.7865e-11 2.20703e-14 8.47347e-19 4.66449e-24 3.52438e-30 3.54362e-37
 1.75043e-41 2.42949e-33 4.07597e-26 8.26598e-20 2.02631e-14 6.00432e-10 2.15065e-06 0.000931157 0.0487336 0.308575 0.253822 0.165402 0.15134 0.0525406 0.0159475 0.00251837 0.000184008 4.37677e-06 2.54901e-08 2.87834e-11 5.36878e-15 1.50174e-19 5.94215e-25 3.20218e-31 2.2893e-38
 1.68673e-41 2.34106e-33 3.92762e-26 7.96513e-20 1.95256e-14 5.78579e-10 2.07238e-06 0.000897267 0.0469602 0.297456 0.249475 0.181046 0.154928 0.0523399 0.0146523 0.0021082 0.000133083 2.58811e-06 1.16079e-08 9.75647e-12 1.33886e-15 2.73703e-20 7.85468e-26 3.04619e-32 1.55712e-39
 1.60064e-41 2.22158e-33 3.72717e-26 7.55862e-20 1.85291e-14 5.4905e-10 1.96661e-06 0.000851474 0.0445639 0.282428 0.242811 0.196516 0.159803 0.0562737 0.0147477 0.00189923 0.000102097 1.61043e-06 5.60731e-09 3.53077e-12 3.54563e-16 5.24594e-21 1.0853e-26 3.02868e-33 1.11173e-40
 1.59783e-41 2.21768e-33 3.72061e-26 7.54533e-20 1.84965e-14 5.48085e-10 1.96315e-06 0.000849977 0.044486 0.28206 0.24586 0.199657 0.153725 0.0570315 0.0145171 0.00173149 7.85727e-05 9.91942e-07 2.66594e-09 1.26215e-12 9.34515e-17 1.00479e-21 1.49611e-27 2.98869e-34 7.83418e-42
 1.63924e-41 2.27516e-33 3.81706e-26 7.74091e-20 1.89759e-14 5.62292e-10 2.01404e-06 0.000872009 0.0456397 0.289498 0.254562 0.199378 0.14307 0.0524954 0.0129538 0.00146999 5.78993e-05 5.86083e-07 1.2062e-09 4.27213e-13 2.33231e-17 1.82988e-22 1.9723e-28 2.83395e-35 5.31709e-43
 1.63934e-41 2.2753e-33 3.81728e-26 7.74137e-20 1.89771e-14 5.62325e-10 2.01416e-06 0.000872061 0.0456424 0.289515 0.254585 0.199761 0.144481 0.0517779 0.0120669 0.0012532 4.35117e-05 3.76106e-07 6.45939e-10 1.88063e-13 8.36052e-18 5.3091e-23 4.61274e-29 5.32762e-36 8.01822e-44
#pred catch len freq
 2.56564e-27 2.595e-27 3.90149e-26 7.69058e-20 1.88525e-14 5.58634e-10 2.00093e-06 0.000866328 0.0453405 0.286836 0.219626 0.0379306 0.13441 0.124177 0.0307784 0.0393355 0.0180886 0.0155611 0.0104125 0.00850131 0.00707372 0.00641447 0.00669673 0.00607824 0.00187024
 2.56715e-27 2.59878e-27 4.19148e-26 8.30216e-20 2.03517e-14 6.03059e-10 2.16005e-06 0.000935221 0.0489461 0.309647 0.237092 0.0409668 0.145247 0.133836 0.0266001 0.0271273 0.0105688 0.00669794 0.00363461 0.00247492 0.00177967 0.00142868 0.00135106 0.00124371 0.000421255
 2.56815e-27 2.60142e-27 4.41282e-26 8.76904e-20 2.14962e-14 6.36972e-10 2.28153e-06 0.000987814 0.0516986 0.32706 0.250395 0.0414113 0.139284 0.128236 0.0239312 0.0223612 0.0077538 0.00352882 0.00146268 0.000729617 0.000405124 0.00026915 0.000219849 0.000194527 6.86995e-05
 2.56857e-27 2.6025e-27 4.50482e-26 8.96311e-20 2.1972e-14 6.51069e-10 2.33202e-06 0.00100968 0.0528428 0.334298 0.255924 0.0414948 0.136036 0.125189 0.0225089 0.0198636 0.00667383 0.00268663 0.000908569 0.000315366 0.000117262 5.57791e-05 3.59418e-05 2.86032e-05 1.01199e-05
 2.56799e-27 2.60092e-27 4.36385e-26 8.66573e-20 2.1243e-14 6.29468e-10 2.25465e-06 0.000976177 0.0510896 0.323207 0.247462 0.0419603 0.145524 0.133941 0.0240169 0.021094 0.00696291 0.0026038 0.000827093 0.000241056 6.06946e-05 1.75121e-05 7.38012e-06 4.73829e-06 1.61088e-06
 2.56604e-27 2.59564e-27 3.89905e-26 7.68521e-20 1.88394e-14 5.58244e-10 1.99954e-06 0.000865723 0.0453088 0.286636 0.219557 0.043186 0.174457 0.160675 0.0293691 0.0265799 0.00876639 0.0032546 0.00100105 0.000269367 5.78073e-05 1.09317e-05 2.41136e-06 9.98964e-07 3.05495e-07
 2.56758e-27 2.5999e-27 4.2815e-26 8.49203e-20 2.08172e-14 6.16851e-10 2.20946e-06 0.00095661 0.0500655 0.316728 0.242509 0.0415898 0.146184 0.134687 0.0266175 0.0268533 0.0089506 0.00344808 0.00106143 0.0002808 5.61211e-05 8.8887e-06 1.13507e-06 2.15744e-07 5.07662e-08
 2.56972e-27 2.60562e-27 4.78027e-26 9.54419e-20 2.33964e-14 6.93278e-10 2.48321e-06 0.00107513 0.0562686 0.355971 0.27246 0.0407014 0.11838 0.108889 0.0195028 0.0171153 0.00591164 0.00261762 0.000828462 0.000225545 4.46613e-05 6.62873e-06 6.64714e-07 5.64931e-08 7.1322e-09
 2.56957e-27 2.60515e-27 4.73135e-26 9.44096e-20 2.31434e-14 6.8578e-10 2.45635e-06 0.0010635 0.05566 0.35212 0.269532 0.0414509 0.126141 0.115926 0.0184942 0.0130178 0.00427297 0.00159056 0.00052898 0.000161495 3.32125e-05 4.94317e-06 4.58952e-07 2.5835e-08 1.29715e-09
 2.56866e-27 2.60268e-27 4.51433e-26 8.98316e-20 2.20211e-14 6.52525e-10 2.33724e-06 0.00101193 0.052961 0.335046 0.256502 0.0419459 0.139062 0.127897 0.0214667 0.0167722 0.00523407 0.00149858 0.000446618 0.000121674 2.75618e-05 4.40599e-06 4.12118e-07 2.04875e-08 5.4272e-10
 2.56833e-27 2.60183e-27 4.4407e-26 8.82784e-20 2.16404e-14 6.41243e-10 2.29683e-06 0.000994438 0.0520453 0.329253 0.25208 0.042014 0.142688 0.131273 0.0226136 0.0185478 0.00592506 0.00190413 0.000522892 0.000111576 2.18351e-05 3.57213e-06 3.64201e-07 1.81587e-08 3.87468e-10
 2.56885e-27 2.60324e-27 4.56813e-26 9.09667e-20 2.22994e-14 6.60771e-10 2.36677e-06 0.00102472 0.0536302 0.33928 0.259727 0.0414713 0.133185 0.122537 0.0216826 0.0186285 0.00602612 0.00205444 0.000591195 0.000134567 2.1814e-05 2.90221e-06 2.89758e-07 1.55567e-08 3.26753e-10
 2.56893e-27 2.60346e-27 4.5862e-26 9.13479e-20 2.23928e-14 6.6354e-10 2.37669e-06 0.00102901 0.0538549 0.340701 0.260813 0.041506 0.132686 0.122054 0.0211642 0.017571 0.0057516 0.00207535 0.000613875 0.000148572 2.57294e-05 3.09769e-06 2.46531e-07 1.26561e-08 2.80239e-10
 2.56854e-27 2.60236e-27 4.48579e-26 8.92294e-20 2.18735e-14 6.48152e-10 2.32157e-06 0.00100515 0.052606 0.3328 0.254789 0.0420492 0.141052 0.12972 0.0215451 0.0165046 0.00534499 0.00185231 0.000557926 0.000142422 2.60319e-05 3.34475e-06 2.4902e-07 1.0392e-08 2.17411e-10
 2.56697e-27 2.59811e-27 4.11079e-26 8.13185e-20 1.99342e-14 5.90687e-10 2.11574e-06 0.000916036 0.047942 0.303295 0.232275 0.0430871 0.164768 0.151627 0.0258362 0.0207739 0.00660285 0.00207968 0.000609838 0.000151793 2.89167e-05 3.94744e-06 3.12582e-07 1.22646e-08 2.14713e-10
 2.56761e-27 2.59989e-27 4.27242e-26 8.47284e-20 2.07701e-14 6.15457e-10 2.20446e-06 0.000954448 0.0499524 0.316013 0.241974 0.0422843 0.151845 0.139773 0.0250258 0.0219168 0.00705671 0.00234881 0.000668914 0.000153108 2.81777e-05 3.91744e-06 3.30795e-07 1.36941e-08 2.2533e-10
 2.56842e-27 2.60206e-27 4.4624e-26 8.87362e-20 2.17526e-14 6.44569e-10 2.30874e-06 0.000999595 0.0523152 0.33096 0.253381 0.0418755 0.140719 0.129464 0.0224354 0.0186085 0.00612462 0.00226138 0.000664389 0.000157303 2.71421e-05 3.55616e-06 3.0229e-07 1.32879e-08 2.2831e-10
 2.56845e-27 2.60212e-27 4.46356e-26 8.87605e-20 2.17586e-14 6.44745e-10 2.30937e-06 0.000999869 0.0523295 0.331051 0.253455 0.0421716 0.142921 0.131431 0.0216133 0.0162286 0.00525227 0.00181886 0.000553079 0.000143382 2.57931e-05 3.2857e-06 2.61103e-07 1.14785e-08 2.07838e-10
 2.56886e-27 2.60322e-27 4.5613e-26 9.08225e-20 2.2264e-14 6.59723e-10 2.36302e-06 0.0010231 0.0535452 0.338741 0.259322 0.0418671 0.136481 0.125498 0.020734 0.0157085 0.00496556 0.00152819 0.000446736 0.000111488 2.15574e-05 2.93131e-06 2.3047e-07 9.54913e-09 1.72331e-10
 2.56942e-27 2.60472e-27 4.6926e-26 9.35921e-20 2.2943e-14 6.79842e-10 2.43508e-06 0.0010543 0.055178 0.349071 0.267206 0.0416197 0.129059 0.118616 0.018918 0.0132972 0.00420614 0.00130553 0.000365892 8.2138e-05 1.50983e-05 2.12155e-06 1.79468e-07 7.42503e-09 1.27788e-10
 2.5696e-27 2.6052e-27 4.73329e-26 9.44506e-20 2.31534e-14 6.86077e-10 2.45741e-06 0.00106397 0.0556841 0.352273 0.269651 0.0416405 0.1275 0.117147 0.018114 0.0118282 0.00367804 0.00104839 0.000291727 6.50097e-05 1.0957e-05 1.42218e-06 1.21819e-07 5.37348e-09 9.28431e-11
 2.56964e-27 2.60531e-27 4.74255e-26 9.4646e-20 2.32013e-14 6.87497e-10 2.4625e-06 0.00106617 0.0557994 0.353002 0.270207 0.0416 0.126801 0.116507 0.0181019 0.0119584 0.0036697 0.000963032 0.000257512 5.34889e-05 8.90386e-06 1.08598e-06 8.50376e-08 3.75505e-09 6.82847e-11
 2.56978e-27 2.60567e-27 4.77409e-26 9.53113e-20 2.33644e-14 6.92329e-10 2.47981e-06 0.00107366 0.0561916 0.355483 0.272102 0.0415811 0.125326 0.115128 0.017534 0.0110102 0.00338208 0.000898007 0.000234506 4.50104e-05 7.00371e-06 8.17308e-07 6.04897e-08 2.45664e-09 4.44087e-11
 2.56995e-27 2.60615e-27 4.81698e-26 9.6216e-20 2.35862e-14 6.98901e-10 2.50335e-06 0.00108385 0.056725 0.358858 0.274675 0.0414052 0.122179 0.112237 0.0172494 0.0110874 0.00337838 0.000849069 0.000220779 4.24585e-05 6.24369e-06 6.70965e-07 4.66559e-08 1.78083e-09 2.99052e-11
 2.57003e-27 2.60636e-27 4.83404e-26 9.65759e-20 2.36744e-14 7.01516e-10 2.51271e-06 0.00108791 0.0569372 0.3602 0.275702 0.0414969 0.122156 0.112181 0.0166208 0.00966775 0.00295067 0.000760036 0.000195181 3.58588e-05 5.24919e-06 5.4421e-07 3.47085e-08 1.2307e-09 1.9319e-11
 2.56979e-27 2.60569e-27 4.77419e-26 9.53133e-20 2.33649e-14 6.92344e-10 2.47986e-06 0.00107368 0.0561928 0.355491 0.272109 0.0416822 0.12609 0.115813 0.0172786 0.010251 0.00308179 0.000713832 0.000181637 3.39044e-05 4.81517e-06 4.85721e-07 3.00079e-08 9.80123e-10 1.42043e-11
 2.56965e-27 2.60533e-27 4.7432e-26 9.46596e-20 2.32047e-14 6.87595e-10 2.46285e-06 0.00106632 0.0558074 0.353053 0.270248 0.0417228 0.127707 0.117317 0.017765 0.0109823 0.00331441 0.000782951 0.000194069 3.31382e-05 4.691e-06 4.68211e-07 2.79463e-08 8.79115e-10 1.1798e-11
 2.56948e-27 2.60487e-27 4.70256e-26 9.38022e-20 2.29945e-14 6.81368e-10 2.44054e-06 0.00105666 0.0553019 0.349855 0.267808 0.0418558 0.130433 0.119829 0.0181435 0.0112146 0.00340587 0.000840686 0.000210942 3.63222e-05 4.84079e-06 4.59902e-07 2.71966e-08 8.28359e-10 1.0648e-11
 2.56792e-27 2.60066e-27 4.33341e-26 8.60148e-20 2.10855e-14 6.248e-10 2.23793e-06 0.000968938 0.0507107 0.32081 0.245643 0.0426631 0.15215 0.139939 0.0229849 0.0171952 0.00524201 0.0012943 0.00032869 5.88663e-05 7.95641e-06 7.32468e-07 4.07125e-08 1.21376e-09 1.5143e-11
#obs catch len freq
 1.63105e-41 2.2638e-33 3.79799e-26 7.70224e-20 1.88811e-14 5.59483e-10 2.00398e-06 0.000867652 0.0454095 0.287274 0.220101 0.0442996 0.165394 0.140596 0.0436893 0.0355493 0.0117359 0.00406473 0.00089172 0.000118152 6.90499e-06 1.27996e-07 5.55242e-10 4.51967e-13 5.97915e-17
 1.64687e-41 2.28575e-33 3.83482e-26 7.77693e-20 1.90642e-14 5.64908e-10 2.02341e-06 0.000876066 0.0458498 0.290059 0.222292 0.0463638 0.16809 0.135327 0.043174 0.0330611 0.0106427 0.00347225 0.000704109 8.18728e-05 3.95274e-06 5.71022e-08 1.85059e-10 1.09551e-13 1.03735e-17
 1.91546e-41 2.65853e-33 4.46024e-26 9.04527e-20 2.21734e-14 6.57039e-10 2.35341e-06 0.00101894 0.0533274 0.337365 0.25842 0.0458121 0.134252 0.102058 0.0334844 0.0239976 0.00750023 0.00228958 0.000427387 4.34152e-05 1.72453e-06 1.93561e-08 4.67882e-11 2.01464e-14 1.36716e-18
 1.94202e-41 2.6954e-33 4.52209e-26 9.1707e-20 2.24809e-14 6.6615e-10 2.38604e-06 0.00103307 0.054067 0.342044 0.262088 0.0489955 0.142057 0.100643 0.0264808 0.0160657 0.00488022 0.00138643 0.000236035 2.07992e-05 6.76489e-07 5.88857e-09 1.06158e-11 3.32692e-15 1.61981e-19
 1.99328e-41 2.76655e-33 4.64145e-26 9.41278e-20 2.30743e-14 6.83734e-10 2.44902e-06 0.00106034 0.0554941 0.351073 0.269052 0.0506183 0.137937 0.0918285 0.0250104 0.0137784 0.00324622 0.000772542 0.000118591 8.96842e-06 2.37089e-07 1.59647e-09 2.14758e-12 4.90682e-16 1.71715e-20
 1.79943e-41 2.4975e-33 4.19007e-26 8.49738e-20 2.08303e-14 6.1724e-10 2.21086e-06 0.000957224 0.0500973 0.316932 0.243212 0.0574781 0.174488 0.108772 0.0292589 0.0147633 0.00331866 0.000641425 7.46782e-05 4.65524e-06 9.89807e-08 5.1308e-10 5.14703e-13 8.58756e-17 2.16519e-21
 1.49888e-41 2.08035e-33 3.49021e-26 7.07808e-20 1.73511e-14 5.14144e-10 1.84158e-06 0.000797341 0.0417296 0.263997 0.203121 0.0660804 0.218998 0.130325 0.0462622 0.0229711 0.00480629 0.000828446 7.72811e-05 3.48586e-06 5.60481e-08 2.20858e-10 1.64711e-13 2.00686e-17 3.65152e-22
 2.11936e-41 2.94153e-33 4.93503e-26 1.00081e-19 2.45338e-14 7.26981e-10 2.60393e-06 0.00112741 0.0590042 0.373279 0.286175 0.0520798 0.110174 0.0640548 0.0327191 0.0165472 0.00410424 0.000676525 5.35907e-05 1.82991e-06 2.05163e-08 5.75747e-11 3.12705e-14 2.76974e-18 3.6353e-23
 2.02501e-41 2.81058e-33 4.71534e-26 9.56261e-20 2.34416e-14 6.94618e-10 2.48801e-06 0.00107722 0.0563775 0.356664 0.273882 0.062442 0.147155 0.0739124 0.017744 0.00778772 0.00247351 0.000445928 3.48148e-05 9.66153e-07 7.84698e-09 1.50255e-11 5.60002e-15 3.48729e-19 3.25987e-24
 2.05437e-41 2.85133e-33 4.78369e-26 9.70124e-20 2.37814e-14 7.04688e-10 2.52408e-06 0.00109284 0.0571948 0.361835 0.277975 0.0640556 0.140252 0.0674659 0.0212051 0.00740172 0.00127142 0.000227198 1.93171e-05 4.99625e-07 3.21838e-09 4.39912e-12 1.1156e-15 4.68882e-20 2.99732e-25
 1.77434e-41 2.46267e-33 4.13164e-26 8.37888e-20 2.05398e-14 6.08633e-10 2.18002e-06 0.000943875 0.0493987 0.312519 0.241062 0.0796317 0.192715 0.0864576 0.0265985 0.00890679 0.00157698 0.000175902 1.15884e-05 2.91594e-07 1.66211e-09 1.78482e-12 3.26925e-16 9.48615e-21 4.11044e-26
 2.06647e-41 2.86813e-33 4.81188e-26 9.7584e-20 2.39216e-14 7.08839e-10 2.53895e-06 0.00109928 0.0575318 0.36397 0.280024 0.0687637 0.132629 0.0597631 0.02633 0.00834936 0.00138891 0.000141981 6.46769e-06 1.1495e-07 5.5737e-10 5.05141e-13 7.28474e-17 1.56583e-21 4.82033e-27
 1.89928e-41 2.63608e-33 4.42257e-26 8.96888e-20 2.19862e-14 6.5149e-10 2.33353e-06 0.00101034 0.0528771 0.334529 0.258437 0.0846156 0.1717 0.0675681 0.0210382 0.00674406 0.0013468 0.000126815 4.8569e-06 6.04044e-08 1.98166e-10 1.36299e-13 1.56698e-17 2.64216e-22 6.16685e-28
 1.97906e-41 2.7468e-33 4.60833e-26 9.3456e-20 2.29096e-14 6.78854e-10 2.43155e-06 0.00105278 0.0550981 0.348581 0.269323 0.0833344 0.151506 0.060053 0.023804 0.00617331 0.000972731 9.5847e-05 3.42991e-06 3.39165e-08 7.8193e-11 3.58478e-14 2.87279e-18 3.58e-23 6.34324e-29
 1.68932e-41 2.34467e-33 3.93367e-26 7.97741e-20 1.95557e-14 5.7947e-10 2.07557e-06 0.000898649 0.0470318 0.297564 0.232036 0.108075 0.204866 0.0746641 0.0266341 0.00703728 0.0011042 8.43734e-05 2.69054e-06 2.3545e-08 4.25288e-11 1.39278e-14 7.55651e-19 6.3271e-24 7.72761e-30
 1.55329e-41 2.15586e-33 3.61691e-26 7.33502e-20 1.79809e-14 5.32808e-10 1.90843e-06 0.000826285 0.0432445 0.273615 0.214798 0.117638 0.212311 0.0857796 0.0406763 0.00962336 0.00138555 9.86867e-05 2.49491e-06 1.75151e-08 2.60893e-11 6.68585e-15 2.66335e-19 1.5637e-24 1.30352e-30
 1.78015e-41 2.47073e-33 4.14517e-26 8.40631e-20 2.06071e-14 6.10626e-10 2.18716e-06 0.000946966 0.0495605 0.313573 0.245022 0.106232 0.166412 0.0701865 0.0364011 0.010034 0.0015327 9.50646e-05 2.04786e-06 1.12267e-08 1.26555e-11 2.50475e-15 7.69181e-20 3.3907e-25 2.0569e-31
 1.74421e-41 2.42084e-33 4.06147e-26 8.23657e-20 2.0191e-14 5.98296e-10 2.143e-06 0.000927844 0.0485597 0.307259 0.241814 0.12169 0.179171 0.0640545 0.0272546 0.00785974 0.00132175 8.39941e-05 1.55062e-06 6.79209e-09 5.84476e-12 8.53736e-16 1.93069e-20 6.32956e-26 2.86395e-32
 1.76742e-41 2.45306e-33 4.11552e-26 8.34618e-20 2.04597e-14 6.06258e-10 2.17152e-06 0.000940192 0.049206 0.311363 0.245979 0.126306 0.170989 0.0626847 0.0256897 0.00587619 0.000904476 5.84672e-05 1.02088e-06 3.74035e-09 2.49457e-12 2.73252e-16 4.53289e-21 1.07547e-26 3.51246e-33
 1.72459e-41 2.39361e-33 4.01578e-26 8.14393e-20 1.99639e-14 5.91566e-10 2.11889e-06 0.000917408 0.0480136 0.303846 0.242074 0.138117 0.174387 0.062319 0.0243438 0.00527988 0.000662476 3.60625e-05 5.74008e-07 1.85164e-09 1.01077e-12 8.53405e-17 1.05467e-21 1.83204e-27 4.33304e-34
 1.82057e-41 2.52684e-33 4.23929e-26 8.5972e-20 2.1075e-14 6.24491e-10 2.23683e-06 0.000968469 0.050686 0.32077 0.255642 0.13512 0.154151 0.0565069 0.0213567 0.00429918 0.000476325 2.06332e-05 2.5976e-07 6.94831e-10 3.14304e-13 2.13014e-17 2.03688e-22 2.6569e-28 4.62419e-35
 1.78477e-41 2.47714e-33 4.15592e-26 8.42812e-20 2.06605e-14 6.12209e-10 2.19283e-06 0.000949422 0.0496892 0.314508 0.253404 0.149023 0.157738 0.0528287 0.0180286 0.00347429 0.000341602 1.21818e-05 1.17192e-07 2.35955e-10 8.23658e-14 4.37622e-18 3.27054e-23 3.2886e-29 4.33777e-36
 1.79937e-41 2.4974e-33 4.18991e-26 8.49706e-20 2.08295e-14 6.17217e-10 2.21077e-06 0.000957188 0.0500958 0.317122 0.25723 0.153374 0.150001 0.0518214 0.0164124 0.0027398 0.000236364 7.04484e-06 5.27879e-08 7.88907e-11 2.00874e-14 7.84254e-19 4.36931e-24 3.30778e-30 3.29422e-37
 1.79297e-41 2.48852e-33 4.17501e-26 8.46684e-20 2.07555e-14 6.15023e-10 2.20291e-06 0.000953785 0.0499178 0.316057 0.258963 0.161241 0.145951 0.0495919 0.014851 0.00230108 0.000165663 4.00653e-06 2.36277e-08 2.66321e-11 4.9592e-15 1.39325e-19 5.56404e-25 3.03232e-31 2.1906e-38
 1.82194e-41 2.52873e-33 4.24248e-26 8.60365e-20 2.10908e-14 6.2496e-10 2.23851e-06 0.000969196 0.0507245 0.321228 0.265136 0.164416 0.13705 0.045859 0.0126981 0.00180282 0.00011218 2.16228e-06 9.77539e-09 8.31336e-12 1.14604e-15 2.34151e-20 6.71493e-26 2.60857e-32 1.33923e-39
 1.75992e-41 2.44265e-33 4.09805e-26 8.31075e-20 2.03728e-14 6.03684e-10 2.1623e-06 0.000936201 0.0489981 0.310426 0.261364 0.179517 0.140194 0.0454349 0.0115639 0.00148367 7.90629e-05 1.23407e-06 4.26816e-09 2.69235e-12 2.72424e-16 4.0606e-21 8.43556e-27 2.35671e-33 8.64822e-41
 1.67587e-41 2.32599e-33 3.90233e-26 7.91385e-20 1.93999e-14 5.74854e-10 2.05903e-06 0.00089149 0.0466586 0.295785 0.255399 0.194631 0.145026 0.048703 0.0115308 0.00131333 5.90808e-05 7.41952e-07 1.97995e-09 9.31935e-13 6.88487e-17 7.41652e-22 1.10944e-27 2.22827e-34 5.86777e-42
 1.67324e-41 2.32235e-33 3.89622e-26 7.90147e-20 1.93695e-14 5.73954e-10 2.05581e-06 0.000890095 0.0465862 0.295475 0.258663 0.197146 0.13965 0.049121 0.011249 0.0011723 4.40914e-05 4.39918e-07 9.01367e-10 3.17848e-13 1.72732e-17 1.35029e-22 1.45251e-28 2.087e-35 3.92235e-43
 1.70204e-41 2.36232e-33 3.96329e-26 8.03747e-20 1.97029e-14 5.83834e-10 2.0912e-06 0.000905417 0.0473879 0.300524 0.261501 0.19233 0.136986 0.048097 0.0110834 0.00114296 3.95275e-05 3.40874e-07 5.84618e-10 1.70062e-13 7.55594e-18 4.79627e-23 4.16597e-29 4.81055e-36 7.23878e-44
#spawning biomass
 5382.87 6381.08 7728.24 10845.8 15913.1 18173.4 16778.7 21209.9 30853.9 46286.2 57512.3 76555.1 110796 131615 133776 107903 100315 95057 92698.8 91745.4 94486.9 103367 106361 118531 118610 121984 123137 122686 176669 448971 631614 645623 590259 503751 412633 330972 264073 212295 173736 145796 125947 112052 102410 95729.1 91144.5 88088.5 86051.3 84693.3 83788.1 83184.7 82782.5 82514.3 82335.6 82216.5 82137 82084.1 82048.8 82025.3 82009.6 81999.1 81992.2 81987.5 81984.4 81982.4 81981 81980.1 81979.5 81979.1 81978.8 81978.6 81978.5 81978.4 81978.3 81978.3 81978.3 81978.3 81978.3 81978.3 81978.3 81978.2 81978.2 81978.2 81978.2 81978.2 81978.2 81978.2 81978.2 81978.2 81978.2 81978.2 81978.2 81978.2 81978.2 81978.2 81978.2 81978.2 81978.2 81978.2 81978.2 81978.2 81978.2 81978.2 81978.2 81978.2 81978.2 81978.2 81978.2 81978.2 81978.2 81978.2 81978.2 81978.2 81978.2 81978.2 81978.2 81978.2 81978.2 81978.2 81978.2 81978.2 81978.2 81978.2 81978.2 81978.2 81978.2 81978.2 81978.2 81978.2 81978.2 0 0 0 0 0 0 0 0 0 0 0 0 0 0 0 0 0 0 0 0 0 0 0 0 0
