SBPRF35
26.6772
Curr Bio
216494
B35
2.65632e+07
F35
0.0252055
FOFL
0
OFL
0
Bzero
7.62206e+06
#pred survey bio
 11498 8075.52 6873.59 7054.69 10037.3 17416.8 26415.1 37379.9 58675.9 80360.7 106098 118248 157874 183921 177025 162538 170316 193611 191130 162203 189239 214434 231215 233704 280403 292770 281088 266825 240268 4.49309e+06 8.2624e+06 1.2848e+07 1.74001e+07 2.16364e+07 2.54133e+07 2.86914e+07 3.1491e+07 3.3862e+07 3.58647e+07 3.75595e+07 3.90013e+07 4.0238e+07 4.13092e+07 4.21312e+07 4.26141e+07 4.30857e+07 4.3546e+07 4.3995e+07 4.44327e+07 4.48593e+07 4.52749e+07 4.56799e+07 4.60744e+07 4.64586e+07 4.68329e+07 4.71976e+07 4.75528e+07 4.78989e+07 4.8236e+07 4.85645e+07 4.88847e+07 4.91966e+07 4.95007e+07 4.9797e+07 5.00859e+07 5.03676e+07 5.06422e+07 5.091e+07 5.11711e+07 5.14259e+07 5.16743e+07 5.19167e+07 5.21532e+07 5.2384e+07 5.26092e+07 5.2829e+07 5.30436e+07 5.32531e+07 5.34576e+07 5.36574e+07 5.38524e+07 5.4043e+07 5.42291e+07 5.4411e+07 5.45887e+07 5.47623e+07 5.49321e+07 5.5098e+07 5.52602e+07 5.54189e+07 5.5574e+07 5.57257e+07 5.58741e+07 5.60193e+07 5.61614e+07 5.63005e+07 5.64366e+07 5.65698e+07 5.67002e+07 5.6828e+07 5.6953e+07 5.70755e+07 5.71956e+07 5.73131e+07 5.74284e+07 5.75413e+07 5.7652e+07 5.77605e+07 5.78669e+07 5.79712e+07 5.80735e+07 5.81739e+07 5.82723e+07 5.8369e+07 5.84638e+07 5.85568e+07 5.86482e+07 5.87379e+07 5.88259e+07 5.89124e+07 5.89974e+07 5.90808e+07 5.91628e+07 5.92433e+07 5.93225e+07 5.94004e+07 5.94769e+07 5.95521e+07 5.96261e+07 0 0 0 0 0 0 0 0 0 0 0 0 0 0 0 0 0 0 0 0 0 0 0 0 0
#obs survey bio
 12311.5 7881.66 5981.23 14496.1 13029.5 20834 37194.1 52548.7 55466.1 61293.9 124392 123653 149461 146950 153582 102948 114428 239066 197511 107565 205258 186310 250472 309425 284855 332751 278281 248355 287326
#pred catch bio
 7337.59 4557.47 4073.12 4671.66 6404.36 11821 19155.1 25012.5 42463.3 57105 82433.4 84585.8 116061 141963 139397 125681 126753 147902 157923 122429 144342 162585 183990 174431 216844 233111 224862 214241 208815 0 9608.23 15217.7 20778.9 25978.5 30620.4 34643.9 38068 40951.9 43370.1 45398.3 47106.2 48554.3 49793.6 50725.1 51243 51744.5 52230.4 52700.9 53156.6 53598.1 54025.6 54439.7 54840.8 55229.3 55605.5 55970 56322.9 56664.8 56995.9 57316.7 57627.3 57928.2 58219.6 58501.8 58775.2 59040 59296.4 59544.8 59785.4 60018.4 60244.1 60462.7 60674.4 60879.5 61078.1 61270.5 61456.9 61637.3 61812.1 61981.4 62145.4 62304.2 62458.1 62607.1 62751.4 62891.2 63026.5 63157.7 63284.7 63407.7 63526.8 63642.2 63754 63862.2 63967.1 64068.6 64167 64262.3 64354.5 64443.9 64530.5 64614.3 64695.5 64774.2 64850.4 64924.1 64995.6 65064.8 65131.9 65196.8 65259.7 65320.6 65379.6 65436.8 65492.1 65545.7 65597.6 65647.9 65696.7 65743.8 65789.5 65833.8 65876.7 65918.2 65958.4 65997.3 66035.1 66071.6 66107 0 0 0 0 0 0 0 0 0 0 0 0 0 0 0 0 0 0 0 0 0 0 0 0 0
#obs catch bio
 4585.13 4393.25 4741.09 3902.65 4569.6 9369.69 15635.4 18659.1 35392.5 53478.7 81232.6 64732.6 103695 136402 135913 128051 124467 130361 153018 123012 133235 153663 152872 136982 190502 206285 212810 188760 186699
#pred cpue bio
 10227.1 7471.08 5833.53 5154.45 5598.75 9688.96 15208.1 20160.9 33644.2 44967.9 64161.4 67414.4 92854.3 115788 117172 104928 102552 120741 127159 96467.9 111617 127045 145761 135214 166370 180989 171669 163029 152775 2.4052e+06 8.09877e+06 1.27271e+07 1.7277e+07 2.15131e+07 2.52901e+07 2.85682e+07 3.13678e+07 3.37388e+07 3.57415e+07 3.74363e+07 3.88781e+07 4.01147e+07 4.1186e+07 4.2008e+07 4.24908e+07 4.29625e+07 4.34228e+07 4.38718e+07 4.43095e+07 4.47361e+07 4.51517e+07 4.55566e+07 4.59511e+07 4.63354e+07 4.67097e+07 4.70743e+07 4.74296e+07 4.77756e+07 4.81128e+07 4.84413e+07 4.87614e+07 4.90734e+07 4.93774e+07 4.96738e+07 4.99627e+07 5.02444e+07 5.0519e+07 5.07868e+07 5.10479e+07 5.13026e+07 5.15511e+07 5.17935e+07 5.203e+07 5.22608e+07 5.2486e+07 5.27058e+07 5.29204e+07 5.31298e+07 5.33344e+07 5.35341e+07 5.37292e+07 5.39197e+07 5.41059e+07 5.42877e+07 5.44654e+07 5.46391e+07 5.48088e+07 5.49748e+07 5.5137e+07 5.52956e+07 5.54508e+07 5.56025e+07 5.57509e+07 5.58961e+07 5.60382e+07 5.61772e+07 5.63133e+07 5.64466e+07 5.6577e+07 5.67047e+07 5.68298e+07 5.69523e+07 5.70723e+07 5.71899e+07 5.73051e+07 5.7418e+07 5.75287e+07 5.76372e+07 5.77436e+07 5.7848e+07 5.79503e+07 5.80506e+07 5.81491e+07 5.82457e+07 5.83405e+07 5.84336e+07 5.85249e+07 5.86146e+07 5.87027e+07 5.87892e+07 5.88741e+07 5.89576e+07 5.90395e+07 5.91201e+07 5.91993e+07 5.92771e+07 5.93536e+07 5.94288e+07 5.95028e+07 0 0 0 0 0 0 0 0 0 0 0 0 0 0 0 0 0 0 0 0 0 0 0 0 0
#obs cpue bio
 6143.2 5799.65 6182.47 7525.48 6897.95 21009.1 26230.2 40886.7 70517.7 63705.6 85467.9 143317 153672 162598 156358 154894 144478 200211 163468 108985 163373 168271 347764 248652 257444 279184 210867 292670 228640
#pred surv len freq
 6.99404e-12 7.59469e-10 4.86219e-08 1.83524e-06 4.08411e-05 0.000535881 0.00414686 0.018951 0.0514944 0.0860032 0.101321 0.115435 0.140412 0.141874 0.113134 0.0820007 0.0560405 0.0347093 0.02047 0.0122302 0.00769755 0.00530038 0.00392759 0.00274927 0.00152344
 4.99115e-12 5.41979e-10 3.4698e-08 1.30968e-06 2.91457e-05 0.00038244 0.00296012 0.0135426 0.0370029 0.0634405 0.0821939 0.110468 0.148374 0.154038 0.123869 0.0918434 0.066623 0.0447865 0.0273545 0.0152102 0.0080734 0.00446636 0.00272577 0.00170594 0.000909285
 9.83195e-12 1.06763e-09 6.83508e-08 2.5799e-06 5.74121e-05 0.000753277 0.00582774 0.0265997 0.0718265 0.116345 0.120674 0.100868 0.0944963 0.0953288 0.0921032 0.0851303 0.0697624 0.0498377 0.0324207 0.0191052 0.0100027 0.00480009 0.00231485 0.00117997 0.000563442
 1.31484e-11 1.42776e-09 9.14068e-08 3.45015e-06 7.67782e-05 0.00100737 0.0077935 0.0355712 0.0960409 0.155473 0.160729 0.132181 0.116587 0.0990278 0.0660805 0.0396076 0.0280814 0.0226417 0.0170203 0.0110178 0.00613393 0.00295085 0.00126078 0.000513451 0.000201506
 1.61727e-11 1.75617e-09 1.12431e-07 4.24372e-06 9.44379e-05 0.00123906 0.00958565 0.0437427 0.11799 0.190086 0.192202 0.146916 0.116187 0.0906904 0.0528234 0.0220575 0.00809987 0.00347036 0.00197091 0.00131584 0.000821561 0.000429007 0.000184721 6.74812e-05 2.17677e-05
 1.57547e-11 1.71077e-09 1.09525e-07 4.13403e-06 9.19969e-05 0.00120704 0.00933812 0.0426177 0.115017 0.1858 0.190224 0.151464 0.126609 0.0999736 0.0549657 0.0185122 0.00370468 0.000437853 3.05548e-05 1.27118e-06 3.83085e-08 4.5487e-09 1.90055e-09 7.01388e-10 2.06956e-10
 1.53007e-11 1.66147e-09 1.06369e-07 4.0149e-06 8.9346e-05 0.00117226 0.00906917 0.0413928 0.111747 0.180801 0.186435 0.151864 0.130865 0.104826 0.0578421 0.0194952 0.00390171 0.000461027 3.21265e-05 1.31997e-06 3.1975e-08 4.56684e-10 3.84618e-12 1.91169e-14 5.87324e-17
 1.61385e-11 1.75245e-09 1.12193e-07 4.23474e-06 9.4238e-05 0.00123644 0.00956549 0.0436532 0.117782 0.190027 0.193427 0.151127 0.123011 0.0958716 0.0525338 0.0176805 0.00353751 0.00041797 2.91257e-05 1.19667e-06 2.89877e-08 4.13994e-10 3.48589e-12 1.7305e-14 5.06491e-17
 1.53563e-11 1.66751e-09 1.06756e-07 4.02949e-06 8.96706e-05 0.00117652 0.0091021 0.0415428 0.112147 0.181413 0.186899 0.151815 0.130344 0.104232 0.0574899 0.0193748 0.00387754 0.00045817 3.19273e-05 1.31178e-06 3.17765e-08 4.53838e-10 3.82181e-12 1.89805e-14 5.56352e-17
 1.56792e-11 1.70257e-09 1.09e-07 4.11421e-06 9.1556e-05 0.00120126 0.00929338 0.0424139 0.114473 0.184969 0.189594 0.151531 0.127317 0.100781 0.0554441 0.0186754 0.00373719 0.000441576 3.07708e-05 1.26426e-06 3.06251e-08 4.37379e-10 3.68279e-12 1.82825e-14 5.351e-17
 1.45946e-11 1.5848e-09 1.0146e-07 3.82962e-06 8.52228e-05 0.00111817 0.00865085 0.0394877 0.10666 0.173025 0.180542 0.152485 0.137486 0.112374 0.0623162 0.0210246 0.00420867 0.000497317 3.46556e-05 1.42387e-06 3.44915e-08 4.92598e-10 4.14775e-12 2.05907e-14 6.02662e-17
 1.54337e-11 1.67591e-09 1.07294e-07 4.0498e-06 9.01226e-05 0.00118245 0.00914795 0.0417516 0.112705 0.182265 0.187545 0.151747 0.129619 0.103405 0.0569995 0.0192071 0.0038439 0.000454193 3.16501e-05 1.30039e-06 3.15002e-08 4.49877e-10 3.78803e-12 1.88049e-14 5.50385e-17
 1.50027e-11 1.62911e-09 1.04297e-07 3.9367e-06 8.76058e-05 0.00114943 0.00889261 0.0405887 0.1096 0.177519 0.183948 0.152126 0.13366 0.108012 0.0597305 0.0201407 0.00403127 0.000476344 3.31939e-05 1.36382e-06 3.30367e-08 4.71821e-10 3.97281e-12 1.97223e-14 5.7725e-17
 1.3961e-11 1.516e-09 9.70555e-08 3.66336e-06 8.15231e-05 0.00106963 0.00827549 0.0377782 0.102096 0.166048 0.175254 0.153042 0.143426 0.119146 0.0663308 0.0223971 0.00448411 0.000529881 3.6925e-05 1.51712e-06 3.67502e-08 5.24856e-10 4.41936e-12 2.19391e-14 6.42121e-17
 1.30916e-11 1.42159e-09 9.10114e-08 3.43523e-06 7.64464e-05 0.00100303 0.00776044 0.0354324 0.0958322 0.156473 0.167998 0.153806 0.151577 0.128438 0.0718395 0.0242803 0.00486205 0.000574564 4.0039e-05 1.64506e-06 3.98496e-08 5.6912e-10 4.79207e-12 2.37893e-14 6.9627e-17
 1.35372e-11 1.46997e-09 9.41091e-08 3.55215e-06 7.90483e-05 0.00103716 0.00802442 0.0366347 0.0990423 0.16138 0.171717 0.153414 0.1474 0.123676 0.0690162 0.0233151 0.00466835 0.000551663 3.8443e-05 1.57949e-06 3.82611e-08 5.46434e-10 4.60105e-12 2.2841e-14 6.68518e-17
 1.46596e-11 1.59185e-09 1.01912e-07 3.84667e-06 8.56023e-05 0.00112315 0.00868935 0.039663 0.107128 0.173741 0.181085 0.152427 0.136876 0.111679 0.0619044 0.0208839 0.00418042 0.000493977 3.44228e-05 1.41431e-06 3.42598e-08 4.89289e-10 4.11989e-12 2.04524e-14 5.9861e-17
 1.41149e-11 1.53271e-09 9.81253e-08 3.70374e-06 8.24217e-05 0.00108142 0.00836666 0.0381934 0.103204 0.167742 0.176539 0.152906 0.141983 0.117501 0.0653557 0.0220637 0.00441721 0.000521972 3.63738e-05 1.49447e-06 3.62016e-08 5.17021e-10 4.35339e-12 2.16116e-14 6.32536e-17
 1.2997e-11 1.41132e-09 9.03539e-08 3.41041e-06 7.58941e-05 0.000995783 0.0077044 0.0351773 0.0951509 0.155432 0.167209 0.153889 0.152464 0.129449 0.0724388 0.0244851 0.00490317 0.000579424 4.03777e-05 1.65898e-06 4.01868e-08 5.73936e-10 4.83262e-12 2.39906e-14 7.02162e-17
 1.48421e-11 1.61167e-09 1.03181e-07 3.89456e-06 8.6668e-05 0.00113713 0.00879747 0.0401554 0.108443 0.17575 0.182608 0.152267 0.135165 0.109728 0.060748 0.0204886 0.00410108 0.000484598 3.37691e-05 1.38745e-06 3.36092e-08 4.79998e-10 4.04164e-12 2.00639e-14 5.87235e-17
 1.49622e-11 1.62472e-09 1.04016e-07 3.92609e-06 8.73697e-05 0.00114633 0.00886866 0.0404796 0.109309 0.177074 0.183611 0.152161 0.134039 0.108444 0.0599867 0.0202283 0.00404885 0.000478422 3.33387e-05 1.36977e-06 3.31809e-08 4.7388e-10 3.99013e-12 1.98082e-14 5.79751e-17
 1.48977e-11 1.61772e-09 1.03568e-07 3.90916e-06 8.69929e-05 0.00114139 0.00883044 0.0403056 0.108844 0.176363 0.183072 0.152218 0.134644 0.109133 0.0603955 0.020368 0.00407689 0.000481738 3.35698e-05 1.37926e-06 3.34109e-08 4.77164e-10 4.01779e-12 1.99455e-14 5.83769e-17
 1.39386e-11 1.51356e-09 9.68997e-08 3.65748e-06 8.13922e-05 0.00106791 0.00826222 0.0377177 0.101934 0.165801 0.175067 0.153061 0.143636 0.119385 0.0664728 0.0224456 0.00449385 0.000531033 3.70052e-05 1.52041e-06 3.68301e-08 5.25997e-10 4.42897e-12 2.19867e-14 6.43512e-17
 1.52332e-11 1.65415e-09 1.059e-07 3.9972e-06 8.89521e-05 0.0011671 0.0090292 0.0412108 0.111261 0.180058 0.185872 0.151923 0.131498 0.105547 0.0582696 0.0196413 0.00393104 0.000464494 3.23681e-05 1.32989e-06 3.22148e-08 4.60082e-10 3.87396e-12 1.92315e-14 5.62871e-17
 1.48767e-11 1.61543e-09 1.03422e-07 3.90365e-06 8.68702e-05 0.00113978 0.00881798 0.0402488 0.108692 0.176132 0.182897 0.152237 0.134841 0.109358 0.0605286 0.0204136 0.00408603 0.000482818 3.36451e-05 1.38236e-06 3.34858e-08 4.78235e-10 4.0268e-12 1.99902e-14 5.85078e-17
 1.42544e-11 1.54786e-09 9.90955e-08 3.74036e-06 8.32366e-05 0.00109211 0.00844934 0.0385699 0.10421 0.169279 0.177703 0.152784 0.140675 0.116009 0.0644714 0.0217614 0.00435654 0.000514799 3.58739e-05 1.47393e-06 3.57041e-08 5.09916e-10 4.29356e-12 2.13145e-14 6.23838e-17
 1.44441e-11 1.56845e-09 1.00414e-07 3.79012e-06 8.43438e-05 0.00110664 0.00856167 0.0390815 0.105576 0.171367 0.179286 0.152617 0.138897 0.113983 0.06327 0.0213507 0.00427411 0.000505054 3.51947e-05 1.44603e-06 3.50282e-08 5.00262e-10 4.21228e-12 2.0911e-14 6.12027e-17
 1.44373e-11 1.56772e-09 1.00367e-07 3.78836e-06 8.43046e-05 0.00110612 0.00855769 0.0390634 0.105527 0.171293 0.17923 0.152623 0.13896 0.114054 0.0633126 0.0213653 0.00427703 0.000505399 3.52188e-05 1.44702e-06 3.50521e-08 5.00604e-10 4.21516e-12 2.09253e-14 6.12446e-17
 1.37956e-11 1.49804e-09 9.59058e-08 3.61997e-06 8.05574e-05 0.00105696 0.00817752 0.037332 0.100904 0.164226 0.173874 0.153187 0.144977 0.120913 0.0673787 0.0227553 0.004556 0.00053838 3.75173e-05 1.54145e-06 3.73398e-08 5.33276e-10 4.49026e-12 2.2291e-14 6.52417e-17
#obs surv len freq
 8.02478e-12 8.71397e-10 5.57876e-08 2.10571e-06 4.68597e-05 0.000614831 0.00475696 0.0217195 0.0587467 0.0959591 0.103358 0.0967097 0.104042 0.112317 0.108882 0.0971914 0.0775488 0.0543882 0.033909 0.0183352 0.00806478 0.00267442 0.000625387 9.80738e-05 9.95626e-06
 1.03692e-12 1.12597e-10 7.2086e-09 2.72095e-07 6.05572e-06 7.94954e-05 0.000616626 0.00285142 0.00819978 0.017273 0.036517 0.0787903 0.132506 0.162554 0.162383 0.143151 0.109003 0.0716553 0.0416887 0.0209575 0.00851954 0.00260121 0.000559047 8.04485e-05 7.48132e-06
 1.52875e-11 1.66004e-09 1.06277e-07 4.01144e-06 8.92685e-05 0.00117121 0.00905975 0.0413197 0.111134 0.17646 0.166438 0.097403 0.0485964 0.0490651 0.0723264 0.0815402 0.0659458 0.0417131 0.0223857 0.0102578 0.00379813 0.00105688 0.000207103 2.71896e-05 2.30823e-06
 1.36279e-11 1.47983e-09 9.47398e-08 3.57596e-06 7.95784e-05 0.00104412 0.00807837 0.0368817 0.0996946 0.16213 0.170215 0.144187 0.127436 0.102238 0.0609154 0.0320503 0.0219824 0.016547 0.00997987 0.00452522 0.00154543 0.000388505 6.86949e-05 8.16121e-06 6.28685e-07
 1.19968e-11 1.30271e-09 8.34009e-08 3.14797e-06 7.00541e-05 0.000919162 0.00711168 0.0324707 0.0877943 0.142904 0.150492 0.129235 0.121291 0.115649 0.0950152 0.0638548 0.0328524 0.0130295 0.00476992 0.00179398 0.000581484 0.000137529 2.22464e-05 2.38738e-06 1.65835e-07
 1.2922e-11 1.40317e-09 8.98323e-08 3.39073e-06 7.54563e-05 0.00099004 0.00765994 0.0349703 0.0944978 0.153336 0.159089 0.130155 0.114162 0.105257 0.0867842 0.060571 0.0332967 0.0136154 0.00419908 0.00105369 0.000233378 4.43986e-05 6.39116e-06 6.26363e-07 3.96419e-08
 1.18873e-11 1.29082e-09 8.26391e-08 3.11923e-06 6.94147e-05 0.00091079 0.00704746 0.0321878 0.0871415 0.142532 0.152437 0.134653 0.127016 0.116809 0.0912659 0.0596331 0.0311446 0.0123744 0.00373337 0.000864669 0.000153768 2.10929e-05 2.23025e-06 1.74992e-07 9.53187e-09
 1.29107e-11 1.40195e-09 8.97539e-08 3.38777e-06 7.53907e-05 0.000989193 0.0076538 0.0349494 0.094511 0.153735 0.160564 0.132634 0.116369 0.106674 0.0870401 0.0586812 0.0303713 0.0115872 0.00330744 0.00072097 0.000118543 1.42477e-05 1.22063e-06 7.34824e-08 3.06947e-09
 1.16953e-11 1.26997e-09 8.13047e-08 3.06886e-06 6.82943e-05 0.000896112 0.00693457 0.0316844 0.0859015 0.141209 0.153224 0.138559 0.131509 0.11915 0.0909323 0.0572596 0.0283983 0.0105896 0.00295474 0.000619215 9.5891e-05 1.06588e-05 8.2593e-07 4.35061e-08 1.52733e-09
 1.13797e-11 1.23571e-09 7.9111e-08 2.98606e-06 6.64519e-05 0.000871946 0.00674783 0.0308354 0.0836362 0.13765 0.149729 0.135947 0.130813 0.123045 0.0981783 0.0619113 0.028608 0.00931471 0.00219198 0.000392075 5.3959e-05 5.49529e-06 3.93238e-07 1.90085e-08 6.04578e-10
 1.20849e-11 1.31228e-09 8.40131e-08 3.1711e-06 7.05697e-05 0.000925982 0.00716606 0.0327463 0.0888003 0.145913 0.157355 0.138944 0.128442 0.117266 0.0913284 0.056062 0.0251081 0.00784083 0.00172029 0.000273831 3.22388e-05 2.78708e-06 1.72524e-07 7.39835e-09 2.12513e-10
 1.11698e-11 1.21291e-09 7.76519e-08 2.931e-06 6.52273e-05 0.000855918 0.00662496 0.0302938 0.0823612 0.136633 0.151939 0.142727 0.138106 0.125371 0.0945907 0.0561866 0.0246371 0.0076375 0.00167282 0.000262321 2.94072e-05 2.31879e-06 1.2627e-07 4.67374e-09 1.15745e-10
 1.06608e-11 1.15764e-09 7.41134e-08 2.79744e-06 6.22556e-05 0.000816946 0.00632399 0.0289284 0.0787506 0.13119 0.147583 0.141672 0.140565 0.131097 0.100792 0.0590904 0.0245599 0.00697628 0.00137245 0.000193811 1.99782e-05 1.47521e-06 7.53015e-08 2.5746e-09 5.76786e-11
 8.82683e-12 9.5849e-10 6.13636e-08 2.31621e-06 5.15474e-05 0.000676499 0.00523885 0.0240007 0.0657084 0.111714 0.133533 0.142912 0.15403 0.147464 0.11326 0.0655474 0.0267699 0.00745593 0.00142544 0.000191289 1.8211e-05 1.21917e-06 5.63039e-08 1.7552e-09 3.61382e-11
 8.73356e-12 9.48363e-10 6.07153e-08 2.29174e-06 5.10031e-05 0.000669361 0.00518363 0.0237462 0.0649726 0.110096 0.130043 0.136808 0.149057 0.149592 0.120507 0.0710505 0.028748 0.00781694 0.00145033 0.000188083 1.71708e-05 1.08806e-06 4.67907e-08 1.33791e-09 2.50204e-11
 1.03913e-11 1.12838e-09 7.224e-08 2.72675e-06 6.06839e-05 0.000796392 0.00616662 0.0282333 0.0770545 0.129189 0.147012 0.142386 0.14171 0.133556 0.103028 0.0591374 0.023738 0.00651885 0.00123297 0.000162022 1.47116e-05 9.07892e-07 3.73872e-08 1.01081e-09 1.7687e-11
 9.28928e-12 1.00871e-09 6.45789e-08 2.43761e-06 5.42514e-05 0.000712087 0.00551695 0.0253097 0.0695612 0.119337 0.144377 0.153381 0.158479 0.142717 0.101381 0.053393 0.0197562 0.0050184 0.000884117 0.000109897 9.61705e-06 5.7879e-07 2.3264e-08 6.0946e-10 1.0225e-11
 9.80816e-12 1.06505e-09 6.81861e-08 2.57376e-06 5.72815e-05 0.000751839 0.00582415 0.0267024 0.0731937 0.124288 0.145887 0.147983 0.151154 0.140864 0.103592 0.0546616 0.0195416 0.00465513 0.00075093 8.42387e-05 6.65344e-06 3.65899e-07 1.36622e-08 3.37199e-10 5.3772e-12
 9.65881e-12 1.04884e-09 6.71481e-08 2.53461e-06 5.64123e-05 0.00074052 0.00573876 0.0263447 0.0725018 0.124526 0.149873 0.155871 0.156936 0.138958 0.0967662 0.049286 0.0174388 0.00419233 0.000685476 7.66148e-05 5.83333e-06 2.99225e-07 1.02068e-08 2.28579e-10 3.31729e-12
 1.09425e-11 1.18823e-09 7.60723e-08 2.87146e-06 6.39088e-05 0.000838886 0.00649968 0.0298114 0.081753 0.138609 0.160546 0.155844 0.148433 0.128528 0.0877705 0.043072 0.0144229 0.00324894 0.000498279 5.28219e-05 3.86539e-06 1.91603e-07 6.27757e-09 1.33146e-10 1.80099e-12
 9.98058e-12 1.08378e-09 6.93857e-08 2.61913e-06 5.82973e-05 0.000765418 0.00593518 0.0272915 0.0754368 0.130859 0.159808 0.166122 0.1609 0.132891 0.0848256 0.0392865 0.0126145 0.00275055 0.000407835 4.13797e-05 2.86476e-06 1.33522e-07 4.11471e-09 8.23535e-11 1.05348e-12
 1.00517e-11 1.0915e-09 6.98801e-08 2.63781e-06 5.87139e-05 0.000770914 0.0059781 0.0274884 0.0759342 0.131303 0.158866 0.163482 0.159753 0.135119 0.0870936 0.0394173 0.011968 0.00240743 0.000324781 2.99452e-05 1.89938e-06 8.1891e-08 2.34727e-09 4.37522e-11 5.21061e-13
 1.0569e-11 1.14768e-09 7.34773e-08 2.77363e-06 6.1739e-05 0.000810701 0.00628795 0.0289264 0.0799691 0.138309 0.166422 0.167496 0.157336 0.127452 0.0791588 0.0349117 0.0104582 0.0020917 0.000279577 2.5091e-05 1.50979e-06 6.03896e-08 1.58644e-09 2.70265e-11 2.94853e-13
 1.07303e-11 1.16519e-09 7.4599e-08 2.81602e-06 6.26858e-05 0.000823247 0.00638757 0.0294116 0.0814843 0.141519 0.171096 0.171593 0.157907 0.123704 0.0738206 0.0312218 0.00898625 0.00173459 0.000224964 1.96624e-05 1.15113e-06 4.44856e-08 1.11573e-09 1.78959e-11 1.81487e-13
 9.36882e-12 1.01736e-09 6.51356e-08 2.45893e-06 5.47458e-05 0.000719315 0.00558886 0.0258356 0.0723682 0.129295 0.165715 0.178859 0.17118 0.133104 0.0765967 0.0307188 0.00828474 0.00148469 0.000177821 1.43683e-05 7.83209e-07 2.84416e-08 6.75106e-10 1.02802e-11 9.88936e-14
 9.67385e-12 1.05049e-09 6.72566e-08 2.53902e-06 5.65294e-05 0.000742741 0.00577008 0.0266545 0.0744552 0.131863 0.165797 0.175488 0.168304 0.13315 0.0773483 0.0307373 0.0080722 0.00138858 0.000157472 1.18845e-05 5.98351e-07 1.995e-08 4.34618e-10 6.09527e-12 5.42765e-14
 9.3591e-12 1.01631e-09 6.50704e-08 2.45664e-06 5.47046e-05 0.000719092 0.00559309 0.025918 0.0729627 0.13145 0.169836 0.182859 0.172143 0.130291 0.0721908 0.0276004 0.00704952 0.00118829 0.000132154 9.7095e-06 4.69487e-07 1.48026e-08 3.00832e-10 3.89699e-12 3.1862e-14
 1.02085e-11 1.10855e-09 7.09762e-08 2.67961e-06 5.96695e-05 0.000784309 0.00609849 0.0282256 0.0791227 0.140751 0.176677 0.182655 0.166428 0.122822 0.0657739 0.0239004 0.00571085 0.000890765 9.1303e-05 6.20422e-06 2.79747e-07 8.2895e-09 1.58907e-10 1.93934e-12 1.48701e-14
 9.195e-12 9.98518e-10 6.39344e-08 2.41409e-06 5.37758e-05 0.000707496 0.00551446 0.0256799 0.0730811 0.134389 0.178218 0.193246 0.175743 0.123946 0.062475 0.0213584 0.00480853 0.000704972 6.74201e-05 4.23208e-06 1.74814e-07 4.72925e-09 8.29081e-11 9.29781e-13 6.58696e-15
#pred catch len freq
 2.82705e-13 3.06985e-11 1.96538e-09 7.41911e-08 1.65189e-06 2.17322e-05 0.000170444 0.000831818 0.00298533 0.0108004 0.0391525 0.104284 0.17669 0.193437 0.156701 0.113901 0.0778825 0.0482397 0.0284478 0.0169959 0.0106968 0.00736559 0.00545791 0.00382048 0.00211703
 1.6008e-13 1.73829e-11 1.11291e-09 4.20145e-08 9.35837e-07 1.23366e-05 9.77299e-05 0.000499356 0.00207975 0.00927024 0.0372681 0.101943 0.173636 0.190243 0.154663 0.114974 0.0834653 0.0561161 0.034273 0.0190565 0.0101148 0.00559571 0.00341499 0.00213729 0.0011392
 4.60347e-13 4.99883e-11 3.20032e-09 1.20801e-07 2.68884e-06 3.53177e-05 0.000274768 0.0012898 0.00397246 0.0103896 0.0293725 0.0728094 0.125353 0.151302 0.151238 0.140427 0.115132 0.0822488 0.0535015 0.0315267 0.016506 0.00792081 0.00381983 0.00194711 0.000929757
 1.12884e-12 1.22578e-10 7.84761e-09 2.96216e-07 6.59282e-06 8.6564e-05 0.000672187 0.00312589 0.0092341 0.0213557 0.0520698 0.119501 0.192146 0.196463 0.136425 0.0822968 0.0583555 0.0470397 0.0353577 0.0228876 0.0127421 0.00612984 0.00261903 0.0010666 0.00041859
 6.41249e-12 6.9632e-10 4.45791e-08 1.68264e-06 3.74457e-05 0.000491356 0.00380336 0.0174056 0.0476294 0.0822236 0.108942 0.150512 0.199941 0.18927 0.11527 0.0485078 0.0178017 0.00761386 0.00432103 0.00288446 0.00180091 0.000940404 0.000404916 0.000147922 4.77158e-05
 8.08829e-12 8.78292e-10 5.62291e-08 2.12237e-06 4.72311e-05 0.000619741 0.0047964 0.0219333 0.0597883 0.101375 0.126242 0.158205 0.198485 0.181915 0.103541 0.0351183 0.00703766 0.000832001 5.80622e-05 2.41541e-06 7.26996e-08 8.59285e-09 3.58808e-09 1.32414e-09 3.90709e-10
 8.97802e-12 9.74905e-10 6.24144e-08 2.35584e-06 5.24264e-05 0.000687901 0.00532349 0.0243338 0.0661979 0.111173 0.133667 0.157423 0.190144 0.172406 0.0979036 0.0331904 0.00665027 0.000785976 5.47728e-05 2.25044e-06 5.45151e-08 7.78614e-10 6.55744e-12 3.25926e-14 1.00103e-16
 8.61001e-12 9.34944e-10 5.9856e-08 2.25927e-06 5.02776e-05 0.000659708 0.00510548 0.0233409 0.0635467 0.107121 0.130596 0.157747 0.193595 0.176339 0.100235 0.0339875 0.00681025 0.000804889 5.60908e-05 2.30459e-06 5.58258e-08 7.97288e-10 6.71328e-12 3.33268e-14 9.75422e-17
 9.03855e-12 9.81479e-10 6.28352e-08 2.37172e-06 5.27799e-05 0.000692538 0.00535935 0.0244972 0.066634 0.11184 0.134173 0.15737 0.189577 0.171759 0.09752 0.0330593 0.00662396 0.000782865 5.45559e-05 2.24153e-06 5.42987e-08 7.75504e-10 6.53059e-12 3.24331e-14 9.50666e-17
 9.22737e-12 1.00198e-09 6.41478e-08 2.42127e-06 5.38824e-05 0.000707002 0.00547121 0.0250066 0.0679942 0.113919 0.135748 0.157204 0.187807 0.169741 0.0963237 0.0326503 0.00654188 0.00077316 5.38796e-05 2.21373e-06 5.3625e-08 7.65857e-10 6.44862e-12 3.20129e-14 9.36968e-17
 9.47627e-12 1.02901e-09 6.58782e-08 2.48658e-06 5.53358e-05 0.00072607 0.00561867 0.0256782 0.0697873 0.11666 0.137826 0.156985 0.185473 0.16708 0.0947466 0.0321112 0.00643368 0.000760368 5.29881e-05 2.1771e-06 5.27377e-08 7.53185e-10 6.34193e-12 3.14833e-14 9.21473e-17
 8.87966e-12 9.64225e-10 6.17306e-08 2.33003e-06 5.18521e-05 0.000680366 0.00526522 0.0240685 0.0654893 0.11009 0.132847 0.15751 0.191067 0.173457 0.0985268 0.0334034 0.00669303 0.00079103 5.5125e-05 2.2649e-06 5.48645e-08 7.83559e-10 6.59768e-12 3.27528e-14 9.58616e-17
 8.74514e-12 9.49618e-10 6.07955e-08 2.29473e-06 5.10666e-05 0.000670061 0.00518553 0.0237055 0.0645203 0.108609 0.131724 0.157628 0.192328 0.174895 0.0993791 0.0336948 0.00675151 0.000797944 5.56068e-05 2.2847e-06 5.53441e-08 7.90409e-10 6.65536e-12 3.30394e-14 9.67026e-17
 8.12441e-12 8.82214e-10 5.64802e-08 2.13185e-06 4.7442e-05 0.000622508 0.0048178 0.0220308 0.0600484 0.101773 0.126543 0.158174 0.198148 0.18153 0.103312 0.0350393 0.00702135 0.000829846 5.78301e-05 2.37605e-06 5.75569e-08 8.22011e-10 6.92145e-12 3.43602e-14 1.00567e-16
 7.13584e-12 7.74867e-10 4.96078e-08 1.87245e-06 4.16696e-05 0.000546777 0.00423215 0.0193636 0.0529268 0.0908868 0.118293 0.159043 0.207416 0.192096 0.109576 0.0371806 0.00745109 0.000880652 6.13709e-05 2.52153e-06 6.1081e-08 8.72342e-10 7.34524e-12 3.64639e-14 1.06724e-16
 7.3782e-12 8.01185e-10 5.12926e-08 1.93605e-06 4.30847e-05 0.000565343 0.00437573 0.0200175 0.0546727 0.0935557 0.120316 0.15883 0.205144 0.189506 0.10804 0.0366557 0.00734574 0.000868196 6.05028e-05 2.48586e-06 6.0217e-08 8.60003e-10 7.24134e-12 3.59482e-14 1.05214e-16
 8.40174e-12 9.12328e-10 5.84081e-08 2.20462e-06 4.90614e-05 0.000643753 0.00498209 0.022779 0.0620463 0.104827 0.128858 0.15793 0.195547 0.178566 0.101555 0.0344386 0.00690079 0.000815593 5.68368e-05 2.33524e-06 5.65682e-08 8.07892e-10 6.80256e-12 3.377e-14 9.88397e-17
 8.10529e-12 8.80138e-10 5.63473e-08 2.12683e-06 4.73304e-05 0.000621043 0.00480647 0.0219792 0.0599107 0.101563 0.126384 0.158191 0.198327 0.181734 0.103433 0.0350808 0.00702966 0.000830828 5.78986e-05 2.37886e-06 5.7625e-08 8.22985e-10 6.92965e-12 3.44009e-14 1.00686e-16
 8.46047e-12 9.18706e-10 5.88164e-08 2.22003e-06 4.94043e-05 0.000648252 0.00501688 0.0229375 0.0624694 0.105474 0.129348 0.157878 0.194997 0.177938 0.101183 0.0343114 0.00687526 0.000812575 5.66264e-05 2.32659e-06 5.63589e-08 8.04902e-10 6.77738e-12 3.3645e-14 9.8473e-17
 9.15982e-12 9.94647e-10 6.36782e-08 2.40354e-06 5.3488e-05 0.000701828 0.00543119 0.0248244 0.0675076 0.113175 0.135185 0.157264 0.18844 0.170463 0.0967517 0.0327966 0.00657124 0.000776632 5.41215e-05 2.22368e-06 5.38658e-08 7.69296e-10 6.47758e-12 3.21566e-14 9.41166e-17
 9.66683e-12 1.0497e-09 6.72029e-08 2.53658e-06 5.64485e-05 0.000740668 0.00573155 0.0261923 0.0711601 0.118759 0.139416 0.156818 0.183686 0.165044 0.0935392 0.0316984 0.00635084 0.000750575 5.23055e-05 2.14906e-06 5.20584e-08 7.43483e-10 6.26023e-12 3.10776e-14 9.09587e-17
 9.38792e-12 1.01942e-09 6.5264e-08 2.46339e-06 5.48199e-05 0.000719302 0.00556633 0.0254398 0.0691509 0.115687 0.137088 0.157063 0.186301 0.168025 0.0953064 0.0323025 0.00647208 0.000764909 5.33045e-05 2.19011e-06 5.30526e-08 7.57683e-10 6.37979e-12 3.16712e-14 9.26959e-17
 8.96466e-12 9.73455e-10 6.23215e-08 2.35233e-06 5.23484e-05 0.000686877 0.00531558 0.0242978 0.0661016 0.111026 0.133556 0.157435 0.19027 0.172549 0.0979882 0.0332193 0.00665608 0.000786662 5.48205e-05 2.2524e-06 5.45615e-08 7.79232e-10 6.56124e-12 3.25719e-14 9.53323e-17
 9.61813e-12 1.04441e-09 6.68644e-08 2.5238e-06 5.61642e-05 0.000736938 0.00570271 0.0260609 0.0708093 0.118223 0.13901 0.156861 0.184143 0.165564 0.0938477 0.0318039 0.00637201 0.000753077 5.24799e-05 2.15623e-06 5.22319e-08 7.45962e-10 6.2811e-12 3.11812e-14 9.12619e-17
 9.86417e-12 1.07113e-09 6.85748e-08 2.58836e-06 5.76009e-05 0.000755786 0.00584846 0.0267247 0.0725818 0.120932 0.141063 0.156644 0.181836 0.162934 0.0922888 0.0312709 0.00626505 0.000740433 5.15987e-05 2.12002e-06 5.13549e-08 7.33436e-10 6.17563e-12 3.06576e-14 8.97295e-17
 9.52526e-12 1.03433e-09 6.62188e-08 2.49943e-06 5.56219e-05 0.000729823 0.00564769 0.0258103 0.0701403 0.1172 0.138235 0.156942 0.185014 0.166557 0.0944362 0.032005 0.00641238 0.000757851 5.28126e-05 2.1699e-06 5.2563e-08 7.5069e-10 6.32092e-12 3.13789e-14 9.18404e-17
 9.96835e-12 1.08244e-09 6.9299e-08 2.6157e-06 5.82092e-05 0.000763767 0.00591018 0.0270058 0.0733323 0.122079 0.141933 0.156553 0.18086 0.161821 0.0916287 0.0310453 0.00621976 0.000735079 5.12256e-05 2.10469e-06 5.09835e-08 7.28132e-10 6.13097e-12 3.04359e-14 8.90806e-17
 1.00497e-11 1.09127e-09 6.98644e-08 2.63704e-06 5.8684e-05 0.000769997 0.00595836 0.0272252 0.0739181 0.122975 0.142611 0.156481 0.180097 0.160952 0.0911135 0.0308692 0.00618441 0.000730899 5.09343e-05 2.09272e-06 5.06936e-08 7.23992e-10 6.09611e-12 3.02629e-14 8.8574e-17
 1.09611e-11 1.19024e-09 7.62003e-08 2.87619e-06 6.40059e-05 0.000839816 0.00649829 0.0296842 0.0804839 0.133011 0.150218 0.15568 0.171552 0.15121 0.0853387 0.028895 0.00578821 0.000684059 4.76699e-05 1.9586e-06 4.74446e-08 6.7759e-10 5.7054e-12 2.83233e-14 8.28972e-17
#obs catch len freq
 6.36695e-12 6.91376e-10 4.42625e-08 1.67069e-06 3.71791e-05 0.000487822 0.00377455 0.01724 0.0467142 0.07698 0.0860925 0.0886886 0.104764 0.118441 0.118472 0.108184 0.087787 0.0631931 0.0409996 0.0230946 0.0104871 0.00356183 0.00084978 0.000135693 1.39988e-05
 5.4668e-12 5.9363e-10 3.80047e-08 1.43449e-06 3.1923e-05 0.000418868 0.00324143 0.0148142 0.0402617 0.067269 0.0792767 0.0908053 0.114781 0.12996 0.126746 0.112474 0.0888532 0.0616043 0.0377853 0.0199082 0.00842858 0.00265862 0.000585683 8.59121e-05 8.11656e-06
 4.89174e-13 5.31187e-11 3.40074e-09 1.28368e-07 2.8574e-06 3.75396e-05 0.000292307 0.00137674 0.00428518 0.0114026 0.0323149 0.0793832 0.136942 0.168118 0.167252 0.146083 0.10991 0.0713296 0.0407655 0.0199333 0.00778803 0.00225932 0.000457053 6.14825e-05 5.31876e-06
 8.00782e-12 8.69556e-10 5.56697e-08 2.10125e-06 4.67603e-05 0.000613505 0.00474585 0.0216486 0.0582761 0.0929358 0.0897663 0.0603658 0.0519954 0.0849097 0.132978 0.147723 0.117382 0.0730503 0.0384308 0.017106 0.00608105 0.00160644 0.00029613 3.63271e-05 2.86794e-06
 1.02398e-11 1.11192e-09 7.11861e-08 2.68693e-06 5.97947e-05 0.000784582 0.00607159 0.0277475 0.0753541 0.125145 0.142519 0.14631 0.154179 0.13107 0.078814 0.0418982 0.0287819 0.0211814 0.0123853 0.00542015 0.00177301 0.000422855 7.03163e-05 7.80423e-06 5.58981e-07
 1.13674e-11 1.23437e-09 7.90253e-08 2.98282e-06 6.6379e-05 0.000870954 0.00673908 0.0307772 0.0833052 0.136208 0.145827 0.13026 0.126723 0.121696 0.0991713 0.0654812 0.0329716 0.0128723 0.00465807 0.00170416 0.00052762 0.000118039 1.79386e-05 1.79821e-06 1.16145e-07
 1.26223e-11 1.37063e-09 8.77491e-08 3.3121e-06 7.37067e-05 0.000967093 0.0074827 0.0341667 0.0923878 0.150302 0.157345 0.131428 0.117406 0.108369 0.0885891 0.0607817 0.0326199 0.0129852 0.00389661 0.000950653 0.000203169 3.67496e-05 4.9702e-06 4.54639e-07 2.67485e-08
 1.14544e-11 1.24381e-09 7.963e-08 3.00565e-06 6.68874e-05 0.000877643 0.00679143 0.0310269 0.0840909 0.138127 0.14983 0.136294 0.131394 0.120901 0.0935906 0.0601133 0.0306547 0.0118488 0.00346456 0.00077364 0.000131937 1.72457e-05 1.7221e-06 1.26429e-07 6.40201e-09
 1.2732e-11 1.38255e-09 8.8512e-08 3.3409e-06 7.43479e-05 0.000975521 0.00754834 0.0344739 0.0932865 0.152104 0.16005 0.134236 0.119027 0.108765 0.087715 0.0579581 0.0292216 0.01083 0.00299269 0.000627805 9.86579e-05 1.1262e-05 9.1101e-07 5.14677e-08 2.00492e-09
 1.17331e-11 1.27408e-09 8.15675e-08 3.07879e-06 6.85154e-05 0.000899025 0.00695747 0.0317949 0.0862564 0.142074 0.154882 0.140665 0.132824 0.119006 0.0896162 0.0553314 0.0267315 0.00967135 0.00260713 0.000524731 7.75351e-05 8.17326e-06 5.9731e-07 2.95291e-08 9.6866e-10
 1.15055e-11 1.24936e-09 7.99854e-08 3.01907e-06 6.71867e-05 0.0008816 0.00682289 0.0311837 0.0846279 0.139497 0.15218 0.138208 0.131827 0.122396 0.0960463 0.0591131 0.0265099 0.00835994 0.00190145 0.000327003 4.29378e-05 4.14234e-06 2.79237e-07 1.26595e-08 3.76249e-10
 1.22035e-11 1.32516e-09 8.4838e-08 3.20223e-06 7.1263e-05 0.000935092 0.00723695 0.0330761 0.0897449 0.147692 0.159743 0.141138 0.129372 0.116535 0.0891807 0.0533769 0.0231698 0.00699289 0.00147887 0.000225895 2.53683e-05 2.0787e-06 1.21233e-07 4.8732e-09 1.307e-10
 1.13616e-11 1.23374e-09 7.89853e-08 2.98133e-06 6.63478e-05 0.000870638 0.00673934 0.0308231 0.0838504 0.139298 0.15514 0.145142 0.13854 0.12378 0.0916901 0.0530914 0.022555 0.00675068 0.00142244 0.000213505 2.27816e-05 1.70092e-06 8.72828e-08 3.03051e-09 7.01091e-11
 1.08653e-11 1.17985e-09 7.55352e-08 2.85111e-06 6.34504e-05 0.000832645 0.00644599 0.0294933 0.0803405 0.134032 0.150986 0.144276 0.14118 0.129498 0.0975106 0.0555644 0.0223281 0.0061168 0.00115758 0.000156494 1.53438e-05 1.07122e-06 5.14562e-08 1.64945e-09 3.45347e-11
 9.0364e-12 9.81248e-10 6.28207e-08 2.37122e-06 5.27722e-05 0.000692596 0.00536412 0.0245828 0.0673626 0.114733 0.137279 0.145936 0.154919 0.145789 0.109559 0.0615651 0.0242845 0.00651389 0.00119566 0.000153338 1.38731e-05 8.77912e-07 3.8141e-08 1.11391e-09 2.14142e-11
 8.95024e-12 9.71892e-10 6.22217e-08 2.34861e-06 5.22693e-05 0.000686004 0.00531311 0.0243475 0.0666754 0.113177 0.133838 0.140012 0.150422 0.148261 0.116532 0.066547 0.0259684 0.00679344 0.00120882 0.000149609 1.29614e-05 7.75438e-07 3.13507e-08 8.39704e-10 1.46631e-11
 1.06453e-11 1.15596e-09 7.40057e-08 2.7934e-06 6.2168e-05 0.000815895 0.00631826 0.0289356 0.079025 0.132657 0.150999 0.145266 0.14231 0.131538 0.0989737 0.055026 0.0212949 0.0056198 0.00101738 0.000127308 1.09507e-05 6.37294e-07 2.4652e-08 6.23942e-10 1.01907e-11
 9.53381e-12 1.03526e-09 6.6279e-08 2.50179e-06 5.56809e-05 0.000730888 0.00566348 0.0259928 0.0715089 0.122876 0.148611 0.156423 0.158754 0.140078 0.0970364 0.0494913 0.0176481 0.00430679 0.000726126 8.58997e-05 7.11133e-06 4.02874e-07 1.51859e-08 3.71994e-10 5.82148e-12
 1.00542e-11 1.09177e-09 6.98969e-08 2.63835e-06 5.872e-05 0.000770758 0.00597156 0.0273887 0.075142 0.127794 0.150055 0.151134 0.151837 0.138444 0.0989719 0.0504362 0.0173461 0.00396528 0.000611785 6.53052e-05 4.87864e-06 2.52379e-07 8.82647e-09 2.03386e-10 3.02059e-12
 9.91352e-12 1.0765e-09 6.89191e-08 2.60148e-06 5.79018e-05 0.000760122 0.00589171 0.0270592 0.074544 0.12823 0.15425 0.158937 0.157106 0.136051 0.0921552 0.0453521 0.0154307 0.0035542 0.000554485 5.88409e-05 4.23264e-06 2.04219e-07 6.5264e-09 1.36451e-10 1.84324e-12
 1.12031e-11 1.21653e-09 7.7884e-08 2.93987e-06 6.54327e-05 0.00085894 0.00665611 0.030541 0.0838272 0.142318 0.16481 0.158705 0.148414 0.125456 0.0831445 0.0393608 0.0126641 0.00273257 0.000399785 4.02062e-05 2.77547e-06 1.29185e-07 3.96077e-09 7.84008e-11 9.87421e-13
 1.0246e-11 1.1126e-09 7.12313e-08 2.68883e-06 5.98505e-05 0.00078588 0.00609524 0.028043 0.0776011 0.134806 0.164389 0.168992 0.160364 0.129256 0.080109 0.0357982 0.0110376 0.00230242 0.000325186 3.12652e-05 2.0404e-06 8.92407e-08 2.57121e-09 4.79722e-11 5.70748e-13
 1.03123e-11 1.1198e-09 7.16923e-08 2.70625e-06 6.02394e-05 0.000791017 0.00613545 0.0282277 0.0780652 0.135197 0.163452 0.166581 0.15955 0.131454 0.0820387 0.0357489 0.0104121 0.0020032 0.000257455 2.24912e-05 1.34378e-06 5.43066e-08 1.45381e-09 2.52409e-11 2.79398e-13
 1.0829e-11 1.17591e-09 7.52852e-08 2.84191e-06 6.32615e-05 0.000830779 0.00644533 0.0296678 0.0821136 0.142228 0.170967 0.17035 0.156758 0.123643 0.0743416 0.0315581 0.00906019 0.0017303 0.000219902 1.86735e-05 1.05803e-06 3.96777e-08 9.73674e-10 1.54466e-11 1.56535e-13
 1.10039e-11 1.19491e-09 7.65021e-08 2.88791e-06 6.42892e-05 0.000844403 0.00655356 0.0301945 0.0837496 0.145638 0.17577 0.174296 0.156912 0.119545 0.0690018 0.0280731 0.0077393 0.00142537 0.000175571 1.44985e-05 7.9806e-07 2.88831e-08 6.76348e-10 1.01036e-11 9.52244e-14
 9.62954e-12 1.04568e-09 6.69491e-08 2.52746e-06 5.62756e-05 0.000739545 0.00574837 0.0265959 0.0746117 0.133503 0.170683 0.181858 0.170121 0.128553 0.0714896 0.0275578 0.00711498 0.00121623 0.000138325 1.05558e-05 5.40491e-07 1.83565e-08 4.06216e-10 5.75364e-12 5.1393e-14
 9.94095e-12 1.07949e-09 6.91147e-08 2.60924e-06 5.80969e-05 0.000763468 0.00593341 0.0274314 0.0767357 0.13611 0.170829 0.178682 0.167431 0.128466 0.0719601 0.0274443 0.00689269 0.00113004 0.000121617 8.66565e-06 4.0978e-07 1.27758e-08 2.5936e-10 3.38056e-12 2.79209e-14
 9.63037e-12 1.04578e-09 6.6958e-08 2.528e-06 5.62991e-05 0.000740215 0.00576017 0.026718 0.0753332 0.135894 0.175024 0.185847 0.170745 0.125312 0.0669486 0.0245559 0.00599238 0.000961306 0.000101295 7.01735e-06 3.18488e-07 9.38946e-09 1.77871e-10 2.14227e-12 1.62498e-14
 1.04921e-11 1.13936e-09 7.29501e-08 2.75425e-06 6.13371e-05 0.000806399 0.00627307 0.0290591 0.081574 0.145279 0.18184 0.185453 0.164711 0.117606 0.0606161 0.0211101 0.00481789 0.000715247 6.94626e-05 4.44828e-06 1.88038e-07 5.20224e-09 9.28382e-11 1.05262e-12 7.48646e-15
#spawning biomass
 11172.5 7930.17 6588.59 6532.61 8805.09 15283.4 23331.4 32613.8 51785.5 70595.2 94623.2 104247 140024 165380 160874 146923 151764 173753 173884 144180 167936 190463 207965 206618 249129 262271 251185 238461 216494 163118 394829 617757 841932 1.05153e+06 1.23865e+06 1.40084e+06 1.53887e+06 1.65512e+06 1.7526e+06 1.83436e+06 1.90321e+06 1.96159e+06 2.01154e+06 2.04909e+06 2.06997e+06 2.09019e+06 2.10977e+06 2.12874e+06 2.14711e+06 2.1649e+06 2.18214e+06 2.19883e+06 2.215e+06 2.23066e+06 2.24583e+06 2.26052e+06 2.27474e+06 2.28853e+06 2.30187e+06 2.3148e+06 2.32732e+06 2.33945e+06 2.3512e+06 2.36258e+06 2.3736e+06 2.38427e+06 2.39461e+06 2.40462e+06 2.41432e+06 2.42371e+06 2.43281e+06 2.44162e+06 2.45016e+06 2.45842e+06 2.46643e+06 2.47419e+06 2.4817e+06 2.48897e+06 2.49602e+06 2.50284e+06 2.50945e+06 2.51586e+06 2.52206e+06 2.52806e+06 2.53388e+06 2.53952e+06 2.54497e+06 2.55026e+06 2.55538e+06 2.56034e+06 2.56514e+06 2.56979e+06 2.5743e+06 2.57866e+06 2.58289e+06 2.58698e+06 2.59095e+06 2.59479e+06 2.59851e+06 2.60211e+06 2.6056e+06 2.60898e+06 2.61225e+06 2.61542e+06 2.61849e+06 2.62147e+06 2.62435e+06 2.62714e+06 2.62984e+06 2.63246e+06 2.63499e+06 2.63745e+06 2.63983e+06 2.64213e+06 2.64436e+06 2.64652e+06 2.64862e+06 2.65064e+06 2.65261e+06 2.65451e+06 2.65635e+06 2.65814e+06 2.65986e+06 2.66154e+06 2.66316e+06 2.66473e+06 2.66625e+06 2.66772e+06 2.66915e+06 0 0 0 0 0 0 0 0 0 0 0 0 0 0 0 0 0 0 0 0 0 0 0 0 0
