SBPRF35
0.256306
Curr Bio
90882.3
B35
187023
F35
0.452204
FOFL
0.180738
OFL
14813.8
Bzero
73230.3
#pred survey bio
 6994.58 6384.06 8804.35 10784.7 15883.7 20687.9 27859.7 33253.8 48506.2 73003.6 94536.9 128182 163798 172017 153992 156248 140029 136480 126119 139894 160740 169827 174234 180950 192196 200190 175433 153184 4.98595e+06 3.08335e+06 2.31718e+06 1.67e+06 1.25563e+06 1.02091e+06 895369 829565 794925 776294 765944 759975 756405 754199 752798 751888 751294 750902 750641 750466 750348 750269 750216 750180 750155 750139 750128 750120 750115 750112 750109 750108 750107 750106 750106 750105 750105 750105 750105 750105 750105 750105 750105 750105 750105 750105 750105 750105 750105 750105 750105 750105 750105 750105 750105 750105 750105 750105 750105 750105 750105 750105 750105 750105 750105 750105 750105 750105 750105 750105 750105 750105 750105 750105 750105 750105 750105 750105 750105 750105 750105 750105 750105 750105 750105 750105 750105 750105 750105 750105 750105 750105 750105 750105 750105 750105 750105 750105 750105 750105 0 0 0 0 0 0 0 0 0 0 0 0 0 0 0 0 0 0 0 0 0 0 0 0 0
#obs survey bio
 6433.01 7779.96 8512.42 12382.6 14665.5 14862.7 37151.9 33298.1 90279.4 92257.7 136708 119914 100441 99338.1 176275 150354 139742 162990 137330 126712 176715 144252 160149 191592 224994 199977 129485 170656
#pred catch bio
 4240.21 3359.96 4923.58 5492.6 8591.68 10839 15898.2 17488.5 22400.7 37519.5 47259.2 67803.9 96150.8 105021 84659.5 95325.7 80475.4 80022.2 68120.6 76465.4 89705.9 95835 95843.3 96285.5 100800 113120 99967.1 87740 14813.8 42714.8 30620.2 20915 14991.2 11826.3 10259.1 9518.59 9179.08 9026.5 8958.84 8929.11 8916.13 8910.49 8908.04 8906.98 8906.52 8906.33 8906.24 8906.21 8906.19 8906.18 8906.18 8906.18 8906.18 8906.18 8906.18 8906.18 8906.18 8906.18 8906.18 8906.18 8906.18 8906.18 8906.18 8906.18 8906.18 8906.18 8906.18 8906.18 8906.18 8906.18 8906.18 8906.18 8906.18 8906.18 8906.18 8906.18 8906.18 8906.18 8906.18 8906.18 8906.18 8906.18 8906.18 8906.18 8906.18 8906.18 8906.18 8906.18 8906.18 8906.18 8906.18 8906.18 8906.18 8906.18 8906.18 8906.18 8906.18 8906.18 8906.18 8906.18 8906.18 8906.18 8906.18 8906.18 8906.18 8906.18 8906.18 8906.18 8906.18 8906.18 8906.18 8906.18 8906.18 8906.18 8906.18 8906.18 8906.18 8906.18 8906.18 8906.18 8906.18 8906.18 8906.18 8906.18 8906.18 8906.18 8906.18 8906.18 0 0 0 0 0 0 0 0 0 0 0 0 0 0 0 0 0 0 0 0 0 0 0 0 0
#obs catch bio
 2586.23 3228.29 4710.2 5160.09 8358.71 10983.7 15930 16978.9 19643.5 32712 41725.3 62299.4 101353 121909 85847.7 102010 80923.3 80491.9 67817.7 80046.3 89709.5 99578.6 98225.3 90529.6 99097.3 114812 100101 88649.5
#pred cpue bio
 5773.92 4454.79 6101.91 7572.87 10950.4 14486.5 19530 23262.1 33141 51964.7 67438.5 91034.2 115930 123228 113348 116554 102141 100889 93587.7 101845 115414 124492 127734 133875 143151 150927 134975 116789 3.71213e+06 2.99549e+06 2.22932e+06 1.58214e+06 1.16777e+06 933055 807509 741705 707065 688435 678084 672116 668546 666340 664939 664029 663435 663042 662781 662606 662489 662410 662356 662320 662296 662280 662268 662261 662256 662252 662250 662248 662247 662247 662246 662246 662246 662245 662245 662245 662245 662245 662245 662245 662245 662245 662245 662245 662245 662245 662245 662245 662245 662245 662245 662245 662245 662245 662245 662245 662245 662245 662245 662245 662245 662245 662245 662245 662245 662245 662245 662245 662245 662245 662245 662245 662245 662245 662245 662245 662245 662245 662245 662245 662245 662245 662245 662245 662245 662245 662245 662245 662245 662245 662245 662245 662245 662245 662245 662245 0 0 0 0 0 0 0 0 0 0 0 0 0 0 0 0 0 0 0 0 0 0 0 0 0
#obs cpue bio
 4285.37 5097.24 7168.85 8944.84 12130.4 16383.3 16912 26731.2 41805.8 66845.4 73547.1 117009 116391 107008 109562 94670.2 104250 85850.8 82727.7 86224.4 119176 113846 131754 195772 113792 141361 180977 102709
#pred surv len freq
 3.68699e-11 1.73418e-09 5.64812e-08 1.27379e-06 1.98921e-05 0.000215105 0.00161069 0.0083519 0.0299943 0.0746565 0.129124 0.15679 0.13888 0.101162 0.0755393 0.0630562 0.051729 0.0397993 0.0305222 0.0242509 0.0201571 0.0176495 0.0155917 0.0125642 0.00833559
 4.59116e-11 2.15946e-09 7.03323e-08 1.58617e-06 2.47703e-05 0.000267855 0.00200567 0.0103997 0.037345 0.0929165 0.160459 0.193671 0.167742 0.11387 0.073764 0.0526447 0.0369139 0.0226634 0.0128487 0.0076357 0.00504642 0.00366282 0.00279218 0.00204168 0.00128248
 4.52591e-11 2.12877e-09 6.93327e-08 1.56362e-06 2.44182e-05 0.000264049 0.00197717 0.010252 0.0368161 0.091614 0.158302 0.191504 0.167275 0.116586 0.0794529 0.0589944 0.0411839 0.023821 0.0116653 0.00533487 0.00246374 0.00120744 0.000658727 0.000386758 0.000214845
 4.43956e-11 2.08816e-09 6.80099e-08 1.53379e-06 2.39524e-05 0.000259011 0.00193945 0.0100565 0.0361147 0.0898763 0.155352 0.188181 0.16517 0.116843 0.0819016 0.0623641 0.0441323 0.0257602 0.0126605 0.00564014 0.00234066 0.000893452 0.000323167 0.000120103 4.72968e-05
 4.55634e-11 2.14308e-09 6.97989e-08 1.57414e-06 2.45824e-05 0.000265824 0.00199046 0.0103209 0.037063 0.092224 0.159326 0.192598 0.167769 0.115964 0.0778808 0.0573931 0.0405331 0.0242725 0.0125368 0.00591272 0.00254197 0.000957899 0.000311842 8.92249e-05 2.32934e-05
 4.45681e-11 2.09627e-09 6.82742e-08 1.53975e-06 2.40454e-05 0.000260017 0.00194699 0.0100956 0.0362548 0.0902233 0.155941 0.188841 0.165578 0.116764 0.081372 0.0616574 0.0435469 0.0254351 0.0125754 0.00569827 0.00242794 0.000935252 0.000312838 8.8736e-05 2.102e-05
 4.4586e-11 2.09711e-09 6.83015e-08 1.54037e-06 2.40551e-05 0.000260122 0.00194777 0.0100996 0.0362691 0.0902572 0.155988 0.188843 0.165406 0.116288 0.0806527 0.0610624 0.0434867 0.0259296 0.0132396 0.00616872 0.00263804 0.000997902 0.000326831 9.18356e-05 2.17098e-05
 4.46411e-11 2.09971e-09 6.83861e-08 1.54228e-06 2.40848e-05 0.000260443 0.00195018 0.0101121 0.0363141 0.09037 0.156188 0.18911 0.165719 0.116663 0.0810565 0.0613002 0.0433318 0.0254043 0.0126365 0.00575328 0.00244864 0.00093707 0.000311082 8.77258e-05 2.059e-05
 4.60153e-11 2.16434e-09 7.04911e-08 1.58975e-06 2.48262e-05 0.00026846 0.0020102 0.0104233 0.0374302 0.0931345 0.160878 0.194373 0.16899 0.116095 0.0770028 0.0560249 0.0391939 0.0232134 0.0118085 0.00549171 0.00235066 0.000891582 0.000292528 8.20881e-05 1.9316e-05
 4.36721e-11 2.05413e-09 6.69016e-08 1.5088e-06 2.35621e-05 0.00025479 0.00190785 0.00989268 0.0355268 0.0884181 0.152864 0.18532 0.163157 0.1165 0.0831058 0.0643579 0.0461845 0.0275169 0.0140115 0.00654378 0.0028328 0.00109172 0.000363191 0.000102531 2.40863e-05
 4.3638e-11 2.05252e-09 6.68494e-08 1.50762e-06 2.35436e-05 0.000254591 0.00190636 0.00988494 0.0354989 0.0883472 0.152732 0.185116 0.162839 0.115993 0.0824542 0.0638619 0.0461988 0.0280649 0.0147508 0.00712561 0.00315607 0.00123146 0.000413552 0.000118014 2.80421e-05
 4.39461e-11 2.06702e-09 6.73213e-08 1.51826e-06 2.37099e-05 0.000256389 0.00191982 0.0099547 0.0357491 0.0889668 0.153782 0.186289 0.163547 0.115807 0.0814503 0.0625675 0.0451795 0.0275399 0.0146115 0.00717738 0.00325522 0.00130681 0.000451522 0.000131882 3.18652e-05
 4.40836e-11 2.07348e-09 6.7532e-08 1.52301e-06 2.37841e-05 0.000257191 0.00192582 0.00998585 0.035861 0.0892452 0.154263 0.186873 0.164061 0.116161 0.0816352 0.062526 0.0448192 0.0269105 0.0139466 0.0066976 0.0030078 0.00121371 0.000426315 0.000127434 3.15806e-05
 4.32237e-11 2.03304e-09 6.62147e-08 1.49331e-06 2.33201e-05 0.000252174 0.00188826 0.00979115 0.0351627 0.0875168 0.15134 0.183632 0.162186 0.116898 0.0847344 0.0663279 0.0475533 0.0280046 0.013966 0.00638907 0.00274914 0.00107542 0.000370456 0.000109977 2.73984e-05
 4.14582e-11 1.94999e-09 6.35101e-08 1.43231e-06 2.23676e-05 0.000241874 0.00181114 0.00939136 0.0337286 0.0839629 0.1453 0.176804 0.15777 0.11716 0.0892851 0.0726078 0.0529167 0.0314017 0.0157309 0.00717351 0.00303089 0.0011463 0.000378653 0.000108072 2.61553e-05
 4.08074e-11 1.91938e-09 6.25131e-08 1.40983e-06 2.20165e-05 0.000238077 0.00178271 0.00924395 0.0331992 0.0826461 0.143028 0.174072 0.155444 0.115719 0.0887379 0.0730565 0.0546046 0.0340878 0.0185087 0.00919404 0.00411393 0.001593 0.000525523 0.000147165 3.45511e-05
 4.22786e-11 1.98859e-09 6.47669e-08 1.46066e-06 2.28102e-05 0.000246661 0.00184698 0.00957712 0.0343946 0.08561 0.148077 0.179835 0.159361 0.116017 0.0856718 0.0683704 0.0500763 0.0306063 0.0162614 0.0080507 0.00371516 0.00152513 0.00053678 0.00015798 3.80229e-05
 4.13428e-11 1.94457e-09 6.33333e-08 1.42832e-06 2.23053e-05 0.000241201 0.0018061 0.0093652 0.0336344 0.0837269 0.14488 0.17624 0.157099 0.116329 0.0883369 0.0719177 0.0529649 0.0322505 0.0169407 0.00824143 0.00373633 0.0015204 0.000540292 0.000164022 4.12907e-05
 4.11233e-11 1.93424e-09 6.2997e-08 1.42074e-06 2.21869e-05 0.00023992 0.00179651 0.00931549 0.033456 0.0832839 0.144121 0.175352 0.156425 0.116086 0.0885069 0.0723733 0.0535979 0.0329506 0.0175517 0.00864108 0.00392661 0.00158558 0.000556587 0.000167487 4.22347e-05
 4.2533e-11 2.00055e-09 6.51566e-08 1.46944e-06 2.29475e-05 0.000248144 0.00185809 0.00963469 0.0346009 0.086119 0.148926 0.18072 0.159678 0.115277 0.0840085 0.0666433 0.0492273 0.030826 0.0169862 0.00867997 0.00405851 0.00166911 0.000591581 0.00017829 4.4769e-05
 4.32993e-11 2.03659e-09 6.63305e-08 1.49592e-06 2.33609e-05 0.000252615 0.00189156 0.00980823 0.0352237 0.0876646 0.151568 0.183783 0.161914 0.115865 0.0830425 0.0647462 0.0469863 0.0286483 0.0152313 0.0075759 0.00353721 0.00148496 0.000541685 0.000167449 4.27652e-05
 4.1865e-11 1.96913e-09 6.41332e-08 1.44636e-06 2.25871e-05 0.000244247 0.00182891 0.00948346 0.0340587 0.0847792 0.146674 0.178295 0.158521 0.116509 0.0873661 0.0703838 0.0514492 0.0310299 0.0160712 0.0077053 0.00346413 0.00140978 0.000505422 0.000156284 4.0483e-05
 4.19486e-11 1.97306e-09 6.42613e-08 1.44925e-06 2.26322e-05 0.000244735 0.00183256 0.00950237 0.0341264 0.0849451 0.146944 0.178543 0.158484 0.115955 0.0863767 0.0694648 0.051164 0.0314542 0.0167737 0.0082453 0.00372223 0.00148756 0.000517003 0.000154845 3.91838e-05
 4.13676e-11 1.94573e-09 6.33713e-08 1.42918e-06 2.23187e-05 0.000241345 0.00180718 0.0093708 0.0336544 0.0837749 0.144952 0.176273 0.156958 0.115877 0.0876226 0.0712775 0.0527903 0.0326081 0.0175384 0.00875179 0.00403358 0.00164729 0.000580718 0.000173849 4.33381e-05
 4.09993e-11 1.92841e-09 6.28072e-08 1.41646e-06 2.212e-05 0.000239197 0.0017911 0.00928741 0.033355 0.0830314 0.143677 0.174776 0.1558 0.115409 0.0878094 0.0719287 0.0537608 0.0337436 0.0185947 0.00951799 0.00447511 0.00185827 0.000666593 0.000203148 5.13696e-05
 4.01986e-11 1.89075e-09 6.15805e-08 1.38879e-06 2.1688e-05 0.000234525 0.00175612 0.00910608 0.0327044 0.081418 0.140927 0.17163 0.153636 0.115168 0.0893336 0.0742704 0.0559884 0.0354658 0.0198245 0.0103443 0.00497296 0.00211555 0.00077743 0.000242148 6.2402e-05
 3.86515e-11 1.81798e-09 5.92104e-08 1.33534e-06 2.08533e-05 0.000225499 0.00168853 0.00875574 0.0314477 0.0783036 0.135634 0.165648 0.149769 0.115401 0.0933075 0.0797065 0.060547 0.0382765 0.0212874 0.0110876 0.00536214 0.00231338 0.000867271 0.000276382 7.28944e-05
 3.94852e-11 1.8572e-09 6.04877e-08 1.36415e-06 2.13031e-05 0.000230363 0.00172495 0.00894452 0.0321246 0.0799789 0.138466 0.168774 0.151536 0.114577 0.0901521 0.0759151 0.0579279 0.0373707 0.0214317 0.0114688 0.00562365 0.00243827 0.000918417 0.000295488 7.91084e-05
#obs surv len freq
 4.08795e-11 1.92277e-09 6.26235e-08 1.41232e-06 2.20554e-05 0.000238498 0.00178586 0.00926028 0.033258 0.0827925 0.143283 0.174391 0.155756 0.115992 0.088943 0.0730701 0.0542905 0.0335154 0.0179647 0.00890824 0.00407321 0.00165269 0.000582054 0.00017542 4.42672e-05
 4.92561e-11 2.31677e-09 7.54556e-08 1.70172e-06 2.65747e-05 0.000287367 0.00215176 0.0111571 0.0400627 0.099656 0.171949 0.206836 0.176868 0.115115 0.067937 0.0439291 0.0293287 0.017525 0.00929267 0.0045742 0.00207345 0.000832065 0.000289282 8.60286e-05 2.14374e-05
 4.16516e-11 1.95909e-09 6.38063e-08 1.43899e-06 2.24719e-05 0.000243002 0.00181959 0.0094352 0.0338865 0.0843597 0.146013 0.177795 0.159042 0.118864 0.0912827 0.0739818 0.0525756 0.0293301 0.0131146 0.00518931 0.0019821 0.000728294 0.000244179 7.13594e-05 1.75497e-05
 4.72924e-11 2.22441e-09 7.24474e-08 1.63387e-06 2.55153e-05 0.000275911 0.00206599 0.0107124 0.0384676 0.0957038 0.165236 0.199265 0.172034 0.115581 0.0732735 0.0512059 0.0354823 0.0213097 0.0110796 0.00516343 0.00211317 0.00072808 0.000210561 5.26747e-05 1.15819e-05
 4.46287e-11 2.09912e-09 6.83669e-08 1.54185e-06 2.40781e-05 0.000260371 0.00194963 0.0101093 0.0363045 0.0903487 0.156171 0.189185 0.166085 0.11754 0.0823538 0.0624038 0.0435307 0.0246141 0.0114502 0.00478922 0.0018999 0.000691768 0.000218162 5.72838e-05 1.22459e-05
 4.34193e-11 2.04223e-09 6.65142e-08 1.50006e-06 2.34257e-05 0.000253315 0.00189681 0.00983544 0.0353218 0.0879113 0.152014 0.184414 0.162757 0.117056 0.0845288 0.0659654 0.0472043 0.0276883 0.0136122 0.00598653 0.0023823 0.00082683 0.000245419 6.24609e-05 1.34994e-05
 4.34027e-11 2.04145e-09 6.64888e-08 1.49949e-06 2.34167e-05 0.000253218 0.00189608 0.00983167 0.0353082 0.0878766 0.151948 0.184306 0.162575 0.116746 0.0841113 0.0656131 0.0471337 0.0279474 0.0140442 0.00639013 0.00265027 0.000959197 0.000293721 7.52565e-05 1.59581e-05
 4.59073e-11 2.15926e-09 7.03255e-08 1.58602e-06 2.4768e-05 0.00026783 0.00200548 0.0103988 0.0373426 0.0929177 0.160513 0.193978 0.168793 0.116273 0.0775173 0.056613 0.0395681 0.0232908 0.0117072 0.00535725 0.00225057 0.000832665 0.000263095 6.99149e-05 1.53332e-05
 4.69102e-11 2.20643e-09 7.1862e-08 1.62067e-06 2.53091e-05 0.000273681 0.00204929 0.0106259 0.0381576 0.0949391 0.16396 0.197933 0.171549 0.116671 0.0757258 0.0537184 0.0366423 0.0208714 0.009957 0.0042868 0.00172317 0.000625973 0.000197933 5.32917e-05 1.19436e-05
 4.43107e-11 2.08416e-09 6.78798e-08 1.53086e-06 2.39066e-05 0.000258516 0.00193575 0.0100373 0.0360462 0.0897085 0.155082 0.18795 0.165274 0.117553 0.0831364 0.0635378 0.0445747 0.0253451 0.0118396 0.00491021 0.00188169 0.000648471 0.000194594 5.02309e-05 1.09924e-05
 4.53804e-11 2.13447e-09 6.95184e-08 1.56782e-06 2.44837e-05 0.000264756 0.00198247 0.0102795 0.0369147 0.0918583 0.158718 0.191977 0.167597 0.116621 0.0792747 0.0588463 0.0412807 0.0241194 0.011886 0.00525263 0.00209814 0.000726735 0.000212733 5.25981e-05 1.09538e-05
 4.5409e-11 2.13582e-09 6.95623e-08 1.56881e-06 2.44992e-05 0.000264923 0.00198372 0.010286 0.0369381 0.091917 0.158823 0.19212 0.16777 0.116838 0.0795098 0.0589741 0.0411615 0.0237795 0.0115243 0.00503628 0.00203114 0.000726778 0.000222097 5.68519e-05 1.19839e-05
 4.33497e-11 2.03896e-09 6.64076e-08 1.49766e-06 2.33881e-05 0.000252909 0.00189376 0.00981968 0.0352654 0.0877723 0.151783 0.184179 0.162696 0.117313 0.0850555 0.0664765 0.0473928 0.0275187 0.0133165 0.0057839 0.0023099 0.000818365 0.000249189 6.43635e-05 1.38668e-05
 4.02862e-11 1.89487e-09 6.17146e-08 1.39182e-06 2.17353e-05 0.000235036 0.00175994 0.00912596 0.0327766 0.081603 0.141286 0.17225 0.154771 0.117186 0.092102 0.0766326 0.0565192 0.033875 0.0171469 0.0078329 0.00324188 0.00116588 0.000355399 9.135e-05 1.95926e-05
 3.79685e-11 1.78586e-09 5.81642e-08 1.31175e-06 2.04849e-05 0.000221515 0.0016587 0.00860112 0.0308934 0.0769324 0.133322 0.16312 0.148431 0.116329 0.0963199 0.0833485 0.0631951 0.0393004 0.0210619 0.0102886 0.00452175 0.00171113 0.000545334 0.000145116 3.1783e-05
 4.1994e-11 1.9752e-09 6.43308e-08 1.45082e-06 2.26567e-05 0.000245 0.00183454 0.00951262 0.034163 0.0850321 0.147068 0.178573 0.158126 0.114909 0.0847555 0.068038 0.0508235 0.0323344 0.0181795 0.00941826 0.00439029 0.00176487 0.000599185 0.000169455 3.91257e-05
 4.10185e-11 1.92931e-09 6.28364e-08 1.41712e-06 2.21304e-05 0.000239309 0.00179193 0.00929177 0.0333712 0.0830747 0.143775 0.175007 0.156358 0.116529 0.0893796 0.0732073 0.0538855 0.0326356 0.0170261 0.00827808 0.00379178 0.00156527 0.0005595 0.000168083 4.12471e-05
 4.01326e-11 1.88764e-09 6.14793e-08 1.38651e-06 2.16524e-05 0.00023414 0.00175323 0.00909115 0.0326514 0.0812894 0.14073 0.171514 0.153924 0.116186 0.0909992 0.0758654 0.056647 0.0349504 0.0186202 0.00910011 0.00406364 0.00160241 0.000550388 0.000163325 4.08392e-05
 4.003e-11 1.88282e-09 6.13222e-08 1.38297e-06 2.15971e-05 0.000233542 0.00174875 0.00906791 0.0325678 0.0810809 0.140366 0.171052 0.153456 0.115733 0.0905773 0.0756289 0.0568076 0.0355219 0.0193588 0.0097231 0.00444605 0.00177747 0.000609166 0.000177333 4.31781e-05
 4.30354e-11 2.02418e-09 6.59262e-08 1.4868e-06 2.32186e-05 0.000251076 0.00188004 0.00974847 0.0350093 0.0871316 0.150653 0.182703 0.161064 0.115487 0.083131 0.0652218 0.0477944 0.0296403 0.0161145 0.00812233 0.00375776 0.00153128 0.000536451 0.000158965 3.90032e-05
 4.17531e-11 1.96387e-09 6.39618e-08 1.4425e-06 2.25267e-05 0.000243595 0.00182402 0.00945813 0.0339681 0.0845546 0.146296 0.177883 0.158307 0.11667 0.0878646 0.07096 0.0518228 0.0311222 0.0159972 0.00760096 0.0033861 0.00136082 0.000477726 0.000143202 3.57023e-05
 4.06311e-11 1.91109e-09 6.22431e-08 1.40374e-06 2.19214e-05 0.000237049 0.00177501 0.00920405 0.0330564 0.0822934 0.142439 0.173459 0.155226 0.116233 0.0898965 0.0742654 0.0552082 0.0339404 0.0179872 0.00872336 0.00385317 0.00149522 0.000502481 0.000145582 3.56999e-05
 4.14694e-11 1.95052e-09 6.35271e-08 1.4327e-06 2.23736e-05 0.000241939 0.00181163 0.00939384 0.0337371 0.0839789 0.145294 0.176641 0.157129 0.115681 0.0871111 0.0707441 0.0525431 0.03269 0.0177374 0.00886687 0.00403436 0.00160273 0.000544236 0.000156354 3.74269e-05
 4.09086e-11 1.92414e-09 6.2668e-08 1.41332e-06 2.20711e-05 0.000238667 0.00178713 0.00926686 0.0332817 0.0828513 0.143384 0.174512 0.155857 0.116049 0.0889561 0.0730378 0.0542082 0.0333997 0.0178575 0.00883962 0.00403866 0.00163361 0.000569144 0.00016764 4.08115e-05
 3.99455e-11 1.87885e-09 6.11928e-08 1.38005e-06 2.15515e-05 0.000233049 0.00174506 0.00904879 0.0324992 0.0809112 0.140079 0.170737 0.153284 0.115831 0.0909165 0.0760246 0.0570623 0.0355804 0.0193066 0.00966399 0.00442306 0.00178173 0.000619662 0.000183726 4.54009e-05
 3.93773e-11 1.85212e-09 6.03223e-08 1.36042e-06 2.12449e-05 0.000229734 0.00172024 0.0089201 0.0320375 0.0797653 0.138121 0.168474 0.151651 0.115446 0.0916911 0.0774368 0.0586239 0.0370282 0.0204913 0.0104867 0.00489186 0.00199944 0.000702092 0.000209144 5.18022e-05
 3.74632e-11 1.76209e-09 5.73901e-08 1.29429e-06 2.02123e-05 0.000218567 0.00163663 0.00848667 0.0304825 0.0759107 0.131562 0.161019 0.14669 0.115344 0.0960434 0.0836903 0.0641944 0.0408772 0.0228511 0.0118525 0.00562014 0.00234149 0.000839023 0.00025451 6.39153e-05
 4.0442e-11 1.9022e-09 6.19533e-08 1.3972e-06 2.18194e-05 0.000235945 0.00176675 0.00916116 0.0329019 0.0819041 0.141733 0.172449 0.153851 0.114265 0.0874582 0.0723744 0.0551275 0.0358495 0.0207939 0.0111851 0.00544192 0.00230958 0.000841958 0.000260088 6.65428e-05
#pred catch len freq
 3.09994e-11 1.45806e-09 4.74881e-08 1.07098e-06 1.67248e-05 0.000180856 0.00135425 0.00702245 0.0252237 0.0628207 0.108915 0.133487 0.122238 0.0976197 0.0838656 0.0769439 0.0652601 0.0506203 0.038878 0.0308956 0.0256804 0.0224857 0.019864 0.016007 0.0106197
 4.11752e-11 1.93669e-09 6.30766e-08 1.42253e-06 2.22149e-05 0.000240223 0.00179878 0.00932719 0.0334973 0.083379 0.144235 0.175249 0.155552 0.113787 0.084708 0.0680486 0.0501356 0.0312144 0.0177527 0.0105558 0.0069767 0.00506389 0.00386021 0.00282264 0.00177304
 4.07027e-11 1.91446e-09 6.23527e-08 1.40621e-06 2.196e-05 0.000237466 0.00177814 0.00922029 0.0331149 0.0824429 0.142722 0.173911 0.155972 0.117458 0.0914427 0.0752908 0.0547591 0.0320399 0.0157332 0.00719909 0.00332493 0.00162951 0.000888989 0.000521952 0.000289946
 3.91387e-11 1.8409e-09 5.99569e-08 1.35218e-06 2.11162e-05 0.000228342 0.00170982 0.00886616 0.0318446 0.0792955 0.137377 0.167887 0.152143 0.117884 0.0958014 0.0812721 0.0599366 0.035387 0.0174385 0.00777279 0.00322595 0.00123139 0.000445401 0.000165531 6.51862e-05
 4.09153e-11 1.92446e-09 6.26785e-08 1.41356e-06 2.20747e-05 0.000238707 0.00178743 0.00926842 0.0332873 0.0828675 0.143425 0.174622 0.156143 0.116648 0.0898302 0.07383 0.0544748 0.033022 0.0171039 0.00807086 0.00347004 0.00130764 0.000425698 0.000121802 3.17981e-05
 3.94948e-11 1.85765e-09 6.05024e-08 1.36448e-06 2.13083e-05 0.00023042 0.00172538 0.00894679 0.0321338 0.080012 0.138593 0.169254 0.152999 0.117753 0.0947592 0.0798732 0.0587746 0.0347222 0.017213 0.00780378 0.00332531 0.00128093 0.000428467 0.000121534 2.87893e-05
 3.9968e-11 1.87991e-09 6.12273e-08 1.38083e-06 2.15636e-05 0.00023318 0.00174605 0.00905393 0.0325179 0.0809617 0.140192 0.170992 0.153884 0.117029 0.0926118 0.0774644 0.0573454 0.0345608 0.0176903 0.00824622 0.00352671 0.00133407 0.000436933 0.000122773 2.90233e-05
 3.96053e-11 1.86285e-09 6.06717e-08 1.3683e-06 2.13679e-05 0.000231064 0.00173021 0.00897181 0.0322235 0.0802339 0.138967 0.169664 0.153218 0.117612 0.0942994 0.0793464 0.0584484 0.0346608 0.017287 0.00787469 0.00335178 0.0012827 0.000425823 0.000120083 2.81845e-05
 4.07938e-11 1.91875e-09 6.24924e-08 1.40936e-06 2.20092e-05 0.000237998 0.00178212 0.00924092 0.0331888 0.0826242 0.143018 0.174191 0.155968 0.116948 0.0905469 0.0745872 0.0548623 0.0329535 0.016818 0.00782628 0.00335023 0.00127072 0.000416924 0.000116995 2.753e-05
 3.82684e-11 1.79996e-09 5.86236e-08 1.32211e-06 2.06466e-05 0.000223265 0.00167181 0.00866907 0.0311374 0.0775409 0.134381 0.164435 0.149684 0.117391 0.0971319 0.0835693 0.0623849 0.0375721 0.0191793 0.00896148 0.00387968 0.00149519 0.000497414 0.000140424 3.29877e-05
 3.8087e-11 1.79143e-09 5.83458e-08 1.31584e-06 2.05488e-05 0.000222207 0.00166388 0.00862798 0.0309897 0.0771727 0.13374 0.163635 0.148911 0.116714 0.0965822 0.0833631 0.0628073 0.0385777 0.0203271 0.00982378 0.00435141 0.00169788 0.000570185 0.000162712 3.86631e-05
 3.87494e-11 1.82258e-09 5.93604e-08 1.33872e-06 2.09061e-05 0.000226071 0.00169281 0.00877794 0.0315276 0.0785052 0.136 0.166171 0.150485 0.11643 0.0945972 0.0807474 0.0606929 0.037403 0.0198936 0.00977636 0.00443422 0.00178013 0.000615061 0.000179649 4.34067e-05
 3.95048e-11 1.85812e-09 6.05176e-08 1.36482e-06 2.13137e-05 0.000230478 0.00172581 0.00894901 0.0321415 0.080028 0.138599 0.169164 0.152606 0.116829 0.0933906 0.0786859 0.0585042 0.0354822 0.0184314 0.00885513 0.00397694 0.0016048 0.000563682 0.000168496 4.17565e-05
 3.87033e-11 1.82042e-09 5.92899e-08 1.33713e-06 2.08813e-05 0.000225802 0.0016908 0.00876756 0.0314908 0.0784182 0.135881 0.166175 0.150961 0.117741 0.0966071 0.0825116 0.0611127 0.0363121 0.0181467 0.00830496 0.00357373 0.001398 0.000481575 0.000142965 3.56167e-05
 3.59163e-11 1.68933e-09 5.50205e-08 1.24085e-06 1.93777e-05 0.000209543 0.00156906 0.00813648 0.0292269 0.0728081 0.126348 0.155399 0.143998 0.118171 0.103812 0.0924349 0.0695624 0.0416366 0.0208999 0.00953424 0.00402855 0.00152362 0.000503294 0.000143646 3.47649e-05
 3.57821e-11 1.68302e-09 5.48148e-08 1.23621e-06 1.93052e-05 0.000208759 0.0015632 0.00810602 0.029117 0.0725291 0.125829 0.154599 0.142752 0.116187 0.101263 0.0904953 0.069622 0.0437952 0.0238196 0.0118357 0.00529616 0.00205079 0.000676547 0.000189457 4.44803e-05
 3.71579e-11 1.74773e-09 5.69225e-08 1.28374e-06 2.00475e-05 0.000216786 0.0016233 0.00841759 0.0302349 0.0753016 0.130555 0.160013 0.146492 0.116634 0.0986272 0.0862745 0.0653367 0.0402936 0.0214518 0.0106242 0.00490301 0.00201277 0.000708409 0.000208492 5.01802e-05
 3.61587e-11 1.70073e-09 5.53917e-08 1.24922e-06 1.95084e-05 0.000210957 0.00157965 0.00819132 0.0294233 0.0732911 0.127144 0.15618 0.144097 0.117014 0.101544 0.0901275 0.0684447 0.0420192 0.022113 0.0107613 0.00487897 0.00198538 0.000705527 0.000214184 5.39184e-05
 3.54037e-11 1.66522e-09 5.42352e-08 1.22314e-06 1.91011e-05 0.000206552 0.00154667 0.00802035 0.0288098 0.0717697 0.12455 0.153208 0.142039 0.116752 0.102948 0.0923592 0.0706692 0.0438237 0.0233888 0.0115188 0.00523455 0.00211373 0.000741987 0.000223277 5.63031e-05
 3.71691e-11 1.74826e-09 5.69396e-08 1.28413e-06 2.00536e-05 0.000216851 0.00162378 0.00842009 0.0302436 0.0753199 0.130565 0.159922 0.146088 0.115682 0.0972321 0.0851125 0.0651814 0.0412119 0.0227574 0.0116334 0.0054397 0.00223715 0.000792911 0.000238967 6.0005e-05
 3.82332e-11 1.79831e-09 5.85697e-08 1.32089e-06 2.06276e-05 0.000223059 0.00167026 0.00866106 0.0311083 0.077466 0.134233 0.16417 0.149178 0.116465 0.0958439 0.0824407 0.0620677 0.0382232 0.0203679 0.0101349 0.00473227 0.00198667 0.000724699 0.000224024 5.72138e-05
 3.6552e-11 1.71923e-09 5.59943e-08 1.26281e-06 1.97206e-05 0.000213251 0.00159683 0.00828039 0.0297429 0.0740843 0.128499 0.157748 0.145233 0.117291 0.101017 0.0891436 0.0673279 0.0409649 0.0212593 0.0101965 0.00458436 0.00186568 0.00066887 0.000206825 5.35747e-05
 3.65001e-11 1.71679e-09 5.59148e-08 1.26102e-06 1.96926e-05 0.000212949 0.00159456 0.00826863 0.0297005 0.0739767 0.1283 0.157446 0.144775 0.116577 0.100118 0.088495 0.0674358 0.041836 0.0223555 0.0109931 0.00496294 0.00198341 0.000689336 0.000206459 5.2245e-05
 3.56129e-11 1.67506e-09 5.45556e-08 1.23036e-06 1.92139e-05 0.000207772 0.0015558 0.00806771 0.0289796 0.0721897 0.125259 0.153984 0.142456 0.116485 0.102062 0.0913037 0.0699399 0.0435895 0.0234917 0.0117267 0.0054049 0.00220734 0.000778153 0.000232955 5.80724e-05
 3.50891e-11 1.65042e-09 5.37532e-08 1.21227e-06 1.89313e-05 0.000204716 0.00153292 0.00794907 0.0285538 0.0711322 0.123446 0.15186 0.140828 0.115861 0.102387 0.092281 0.0713306 0.0451697 0.0249397 0.0127701 0.00600441 0.00249332 0.000894396 0.000272573 6.89248e-05
 3.45581e-11 1.62545e-09 5.29397e-08 1.19392e-06 1.86448e-05 0.000201618 0.00150973 0.00782882 0.0281223 0.0700615 0.121617 0.149747 0.139305 0.115504 0.103105 0.0935642 0.0727086 0.0464247 0.0259953 0.0135682 0.00652307 0.00277499 0.00101976 0.000317629 8.18534e-05
 3.28103e-11 1.54324e-09 5.02623e-08 1.13354e-06 1.77019e-05 0.000191422 0.00143338 0.00743306 0.0267026 0.0665435 0.115639 0.142992 0.134948 0.115791 0.107627 0.0997293 0.0778537 0.0495672 0.0276094 0.0143842 0.00695668 0.00300132 0.00112517 0.00035857 9.45712e-05
 3.38004e-11 1.58981e-09 5.1779e-08 1.16775e-06 1.82361e-05 0.000197198 0.00147663 0.00765723 0.0275065 0.0685325 0.118998 0.146692 0.137006 0.114724 0.103753 0.09512 0.0747265 0.0485725 0.0279007 0.0149347 0.00732334 0.00317522 0.001196 0.000384798 0.000103018
#obs catch len freq
 3.57366e-11 1.68088e-09 5.4745e-08 1.23464e-06 1.92807e-05 0.000208494 0.00156121 0.0080957 0.0290801 0.0724372 0.125671 0.154414 0.142608 0.116121 0.101243 0.0904473 0.0695042 0.0436745 0.0238355 0.0120441 0.00559679 0.00230229 0.000821118 0.000250342 6.38367e-05
 3.58804e-11 1.68764e-09 5.49654e-08 1.23961e-06 1.93583e-05 0.000209333 0.00156749 0.00812829 0.0291971 0.072728 0.126172 0.155011 0.143099 0.11639 0.101299 0.0903123 0.0691702 0.0431821 0.0233162 0.0116324 0.00533981 0.00217108 0.000765441 0.000230829 5.82704e-05
 4.59821e-11 2.16278e-09 7.04403e-08 1.58861e-06 2.48084e-05 0.000268267 0.00200875 0.0104157 0.0374031 0.0930648 0.160744 0.194148 0.168594 0.115407 0.0760763 0.0552635 0.0390862 0.0238334 0.0127567 0.00631942 0.00287584 0.00115642 0.000402475 0.000119763 2.98544e-05
 3.68709e-11 1.73423e-09 5.64826e-08 1.27383e-06 1.98926e-05 0.000215111 0.00161076 0.00835268 0.0300033 0.0747388 0.129676 0.15939 0.147357 0.120168 0.104435 0.0915959 0.0669903 0.0377297 0.0169678 0.00675661 0.00259578 0.000957179 0.000321459 9.40173e-05 2.31312e-05
 4.35649e-11 2.04908e-09 6.67372e-08 1.50509e-06 2.35042e-05 0.000254164 0.00190316 0.00986836 0.0354396 0.0881998 0.152481 0.184831 0.16265 0.116001 0.0826767 0.0642607 0.0466982 0.0285122 0.0149459 0.00700611 0.00287802 0.000993614 0.000287689 7.20276e-05 1.58462e-05
 4.03451e-11 1.89764e-09 6.18048e-08 1.39386e-06 2.1767e-05 0.00023538 0.00176252 0.00913934 0.032825 0.0817275 0.141528 0.172672 0.155545 0.118552 0.0939151 0.0780027 0.0564272 0.0322976 0.0151263 0.00636777 0.00253938 0.000927375 0.000292883 7.69576e-05 1.64583e-05
 3.89715e-11 1.83303e-09 5.97006e-08 1.3464e-06 2.1026e-05 0.000227367 0.00170252 0.00882828 0.0317088 0.0789586 0.136802 0.167231 0.151696 0.117852 0.0961718 0.081882 0.0606047 0.0359653 0.0178018 0.00787568 0.00314762 0.0010951 0.000325474 8.29008e-05 1.79259e-05
 3.89187e-11 1.83055e-09 5.96198e-08 1.34458e-06 2.09975e-05 0.000227059 0.00170021 0.00881632 0.0316658 0.0788506 0.13661 0.16697 0.151378 0.117447 0.0956984 0.0815245 0.0606034 0.0363659 0.0184038 0.00842442 0.00350878 0.00127283 0.000390225 0.000100052 2.12251e-05
 4.18966e-11 1.97061e-09 6.41815e-08 1.44746e-06 2.26041e-05 0.000244431 0.00183029 0.00949061 0.0340847 0.0848444 0.146793 0.178471 0.158775 0.116895 0.0878738 0.0708347 0.0516052 0.0308131 0.0156069 0.00718595 0.00303169 0.00112425 0.000355648 9.45735e-05 2.07495e-05
 4.31575e-11 2.02992e-09 6.61132e-08 1.49102e-06 2.32844e-05 0.000251788 0.00188537 0.00977617 0.0351093 0.087386 0.151129 0.183453 0.16227 0.117458 0.0857119 0.0672707 0.0479366 0.0277108 0.0133188 0.00577052 0.00233065 0.000848931 0.000268794 7.24224e-05 1.62379e-05
 4.00196e-11 1.88233e-09 6.13062e-08 1.38261e-06 2.15914e-05 0.000233481 0.0017483 0.00906564 0.0325606 0.0810721 0.140413 0.171404 0.154704 0.118546 0.0946913 0.0791549 0.0575227 0.0330969 0.0155627 0.00649391 0.00250085 0.000864344 0.000259762 6.71078e-05 1.46928e-05
 4.12107e-11 1.93835e-09 6.31309e-08 1.42376e-06 2.22341e-05 0.00024043 0.00180033 0.00933532 0.0335277 0.0834653 0.144458 0.175868 0.157221 0.117355 0.0901714 0.0737519 0.05384 0.0318905 0.0158325 0.00704001 0.0028245 0.000980726 0.000287456 7.11293e-05 1.48206e-05
 4.12803e-11 1.94163e-09 6.32375e-08 1.42616e-06 2.22716e-05 0.000240836 0.00180337 0.00935108 0.0335844 0.0836067 0.144705 0.176179 0.157531 0.117641 0.0904071 0.0738134 0.053586 0.0313749 0.0153162 0.00673555 0.00272909 0.000979048 0.000299581 7.67414e-05 1.61835e-05
 3.88131e-11 1.82558e-09 5.9458e-08 1.34093e-06 2.09405e-05 0.000226443 0.0016956 0.00879242 0.0315803 0.0786412 0.13627 0.166665 0.15145 0.118203 0.0970407 0.0827942 0.0610533 0.0358648 0.0174743 0.00763713 0.00306432 0.00108851 0.000331901 8.57932e-05 1.84923e-05
 3.53743e-11 1.66384e-09 5.419e-08 1.22212e-06 1.90852e-05 0.00020638 0.00154538 0.00801372 0.0287865 0.0717154 0.124483 0.153254 0.142486 0.117912 0.104735 0.0940168 0.0712769 0.0431472 0.0219838 0.0101014 0.00419795 0.00151311 0.000461796 0.000118782 2.54875e-05
 3.27272e-11 1.53933e-09 5.0135e-08 1.13067e-06 1.76571e-05 0.000190937 0.00142975 0.00741428 0.0266356 0.0663802 0.115382 0.142799 0.135158 0.116743 0.109277 0.101452 0.0788571 0.0495112 0.0267143 0.0131248 0.00578981 0.00219532 0.00070038 0.000186493 4.08618e-05
 3.718e-11 1.74877e-09 5.69563e-08 1.28451e-06 2.00594e-05 0.000216915 0.00162426 0.00842253 0.0302522 0.0753388 0.130582 0.159868 0.145802 0.114994 0.0962233 0.0842852 0.0651082 0.0419373 0.023757 0.0123777 0.00578956 0.00233147 0.000792297 0.000224195 5.17828e-05
 3.60275e-11 1.69456e-09 5.51908e-08 1.24469e-06 1.94376e-05 0.000210191 0.00157392 0.00816162 0.0293169 0.0730273 0.126697 0.155683 0.1438 0.117098 0.101959 0.0906143 0.0687435 0.0420951 0.0221217 0.0108245 0.00497952 0.00206014 0.000737184 0.000221589 5.43948e-05
 3.49518e-11 1.64396e-09 5.35428e-08 1.20753e-06 1.88573e-05 0.000203915 0.00152693 0.00791801 0.0284428 0.0708591 0.122998 0.151433 0.140821 0.116629 0.103852 0.0937884 0.072107 0.0449769 0.0241377 0.0118695 0.00532177 0.00210306 0.000723183 0.000214746 5.37181e-05
 3.48882e-11 1.64097e-09 5.34454e-08 1.20533e-06 1.88229e-05 0.000203544 0.00152415 0.00790358 0.0283908 0.0707284 0.122762 0.151102 0.140388 0.116032 0.103129 0.0932372 0.0721067 0.0455856 0.0250258 0.0126447 0.00580391 0.00232491 0.000797615 0.000232335 5.65917e-05
 3.82709e-11 1.80008e-09 5.86274e-08 1.3222e-06 2.0648e-05 0.000223279 0.00167191 0.00866958 0.0311388 0.0775389 0.134342 0.16422 0.148963 0.115782 0.0947842 0.08155 0.061955 0.0389274 0.0213314 0.0108187 0.00502481 0.00205173 0.000719535 0.000213346 5.23645e-05
 3.67079e-11 1.72656e-09 5.6233e-08 1.2682e-06 1.98047e-05 0.000214161 0.00160364 0.00831569 0.0298697 0.0743983 0.129034 0.158359 0.145649 0.117326 0.100701 0.0886681 0.0668854 0.0406401 0.0210483 0.0100682 0.00450593 0.00181528 0.000638042 0.000191384 4.77325e-05
 3.54119e-11 1.66561e-09 5.42477e-08 1.22342e-06 1.91055e-05 0.0002066 0.00154703 0.00802221 0.0288166 0.071786 0.124576 0.153233 0.14204 0.116713 0.102894 0.0923668 0.0707996 0.044023 0.0235071 0.011473 0.00508893 0.00197918 0.00066592 0.000193072 4.73659e-05
 3.63367e-11 1.7091e-09 5.56643e-08 1.25537e-06 1.96044e-05 0.000211995 0.00158742 0.00823158 0.0295675 0.073645 0.127723 0.15673 0.144096 0.116007 0.0996797 0.0883561 0.0678244 0.0427159 0.0233601 0.0117518 0.0053685 0.00213722 0.000726536 0.000208863 5.00165e-05
 3.56332e-11 1.67601e-09 5.45867e-08 1.23107e-06 1.92249e-05 0.000207891 0.00155669 0.00807231 0.0289963 0.0722306 0.125328 0.154063 0.142507 0.116482 0.102014 0.0912479 0.0699103 0.0435867 0.0234881 0.011704 0.00537038 0.00217715 0.000759383 0.000223819 5.45091e-05
 3.45421e-11 1.62469e-09 5.29152e-08 1.19337e-06 1.86362e-05 0.000201525 0.00150903 0.00782522 0.0281097 0.0700322 0.121581 0.149776 0.139561 0.116168 0.104138 0.0945535 0.0731391 0.0461289 0.0252259 0.0127085 0.00584052 0.00235781 0.000820955 0.000243569 6.02128e-05
 3.39366e-11 1.59621e-09 5.19876e-08 1.17245e-06 1.83096e-05 0.000197993 0.00148258 0.0076881 0.0276176 0.0688107 0.119492 0.147349 0.137771 0.115646 0.104801 0.0959175 0.0747695 0.0477608 0.026636 0.013717 0.00642386 0.00263094 0.000924837 0.00027567 6.83058e-05
 3.18102e-11 1.4962e-09 4.87301e-08 1.09899e-06 1.71623e-05 0.000185587 0.00138969 0.00720657 0.0258901 0.0645281 0.112203 0.139058 0.132232 0.115471 0.109545 0.102782 0.0809309 0.0520771 0.0293353 0.0153113 0.00728846 0.00304264 0.00109141 0.000331273 8.32227e-05
#spawning biomass
 4915.83 3125.33 4225.48 5333.04 7533.43 10165.8 13732.2 16304.2 22516.9 37252.7 48504 65124 82541 89011.7 84576.6 88439.1 75490.8 75720.2 70567 75152.9 83699.3 92507.3 94976.5 100619 108468 115957 105991 90882.3 80363.2 133870 96684.2 64930.7 45544.5 35187 30058.2 27634.8 26523.7 26024.4 25803 25705.7 25663.2 25644.7 25636.7 25633.2 25631.7 25631.1 25630.8 25630.7 25630.7 25630.6 25630.6 25630.6 25630.6 25630.6 25630.6 25630.6 25630.6 25630.6 25630.6 25630.6 25630.6 25630.6 25630.6 25630.6 25630.6 25630.6 25630.6 25630.6 25630.6 25630.6 25630.6 25630.6 25630.6 25630.6 25630.6 25630.6 25630.6 25630.6 25630.6 25630.6 25630.6 25630.6 25630.6 25630.6 25630.6 25630.6 25630.6 25630.6 25630.6 25630.6 25630.6 25630.6 25630.6 25630.6 25630.6 25630.6 25630.6 25630.6 25630.6 25630.6 25630.6 25630.6 25630.6 25630.6 25630.6 25630.6 25630.6 25630.6 25630.6 25630.6 25630.6 25630.6 25630.6 25630.6 25630.6 25630.6 25630.6 25630.6 25630.6 25630.6 25630.6 25630.6 25630.6 25630.6 25630.6 25630.6 25630.6 25630.6 0 0 0 0 0 0 0 0 0 0 0 0 0 0 0 0 0 0 0 0 0 0 0 0 0
