SBPRF35
0.454083
Curr Bio
117791
B35
361500
F35
0.369408
FOFL
0.13079
OFL
9416.72
Bzero
129738
#pred survey bio
 23464.3 20274.8 25904.2 32144.1 38763.3 42860.8 48007.2 60001.8 69782.7 70331 83784.1 97695.8 122280 137020 145414 168753 172747 152639 158659 152080 152013 160877 129886 116011 114143 133425 134709 135356 5.50029e+06 4.40824e+06 4.18437e+06 3.42747e+06 2.69531e+06 2.13705e+06 1.75411e+06 1.5062e+06 1.35062e+06 1.25425e+06 1.19451e+06 1.15705e+06 1.13313e+06 1.11746e+06 1.10683e+06 1.09937e+06 1.09425e+06 1.09065e+06 1.08808e+06 1.08621e+06 1.08486e+06 1.08385e+06 1.08311e+06 1.08256e+06 1.08216e+06 1.08185e+06 1.08162e+06 1.08145e+06 1.08133e+06 1.08123e+06 1.08116e+06 1.08111e+06 1.08107e+06 1.08104e+06 1.08101e+06 1.081e+06 1.08098e+06 1.08097e+06 1.08097e+06 1.08096e+06 1.08096e+06 1.08095e+06 1.08095e+06 1.08095e+06 1.08095e+06 1.08095e+06 1.08095e+06 1.08095e+06 1.08095e+06 1.08095e+06 1.08095e+06 1.08095e+06 1.08095e+06 1.08095e+06 1.08095e+06 1.08095e+06 1.08095e+06 1.08095e+06 1.08095e+06 1.08095e+06 1.08095e+06 1.08095e+06 1.08095e+06 1.08095e+06 1.08095e+06 1.08095e+06 1.08095e+06 1.08095e+06 1.08095e+06 1.08095e+06 1.08095e+06 1.08095e+06 1.08095e+06 1.08095e+06 1.08095e+06 1.08095e+06 1.08095e+06 1.08095e+06 1.08095e+06 1.08095e+06 1.08095e+06 1.08095e+06 1.08095e+06 1.08095e+06 1.08095e+06 1.08095e+06 1.08095e+06 1.08095e+06 1.08095e+06 1.08095e+06 1.08095e+06 1.08095e+06 1.08095e+06 1.08095e+06 1.08095e+06 1.08095e+06 1.08095e+06 1.08095e+06 1.08095e+06 1.08095e+06 0 0 0 0 0 0 0 0 0 0 0 0 0 0 0 0 0 0 0 0 0 0 0 0 0
#obs survey bio
 21027.9 19734 23545.2 28608.3 30749.6 34536 36069.4 64611.8 57030.9 64385.2 100622 110344 72909.4 140328 118631 111982 86513.1 97875.4 108449 159109 117556 89720.2 122160 90209.7 100316 124854 101690 97734.7
#pred catch bio
 14017.8 9587.98 12787.8 16292.7 21664.4 24250.7 25020.7 32312.8 43179.4 39275.5 48035.4 51412.2 69677.5 82685.7 81445.5 102083 116756 94167.6 104488 98583.3 92436.7 114136 88509.2 77315.6 70072.5 88436.4 89875.1 76905.6 9416.72 46458.2 49205.6 39571.7 29774.8 22492.9 17681.7 14713.2 12963.4 11964.6 11407.6 11102.4 10937.3 10848.8 10801.6 10776.4 10763.4 10756.7 10753.2 10751.4 10750.5 10750 10749.7 10749.6 10749.5 10749.5 10749.5 10749.5 10749.5 10749.5 10749.5 10749.5 10749.5 10749.5 10749.5 10749.5 10749.5 10749.5 10749.5 10749.5 10749.5 10749.5 10749.5 10749.5 10749.5 10749.5 10749.5 10749.5 10749.5 10749.5 10749.5 10749.5 10749.5 10749.5 10749.5 10749.5 10749.5 10749.5 10749.5 10749.5 10749.5 10749.5 10749.5 10749.5 10749.5 10749.5 10749.5 10749.5 10749.5 10749.5 10749.5 10749.5 10749.5 10749.5 10749.5 10749.5 10749.5 10749.5 10749.5 10749.5 10749.5 10749.5 10749.5 10749.5 10749.5 10749.5 10749.5 10749.5 10749.5 10749.5 10749.5 10749.5 10749.5 10749.5 10749.5 10749.5 10749.5 10749.5 10749.5 10749.5 0 0 0 0 0 0 0 0 0 0 0 0 0 0 0 0 0 0 0 0 0 0 0 0 0
#obs catch bio
 12282.5 9168.41 12712.3 15187.3 21810.4 24016.6 24307.1 30678.2 41407.9 39000.8 43223.2 46371.3 65648.8 76774.6 73554.5 95898.8 126849 91369 103888 94945.1 86050.2 118598 79208.2 68103.1 63229.7 80915.8 80164.3 72225.4
#pred cpue bio
 16683.1 11934 15044.4 18560.5 22387.9 24214.7 26725 33453.1 39585.1 38258.9 45730 52820.2 67865.4 75967.8 79009.9 93240.6 95567.3 81087.7 85769.8 80015.8 79901.4 87421.8 68062.2 61085.5 58603.8 68353.6 69024.7 68940.4 3.02304e+06 3.54693e+06 3.91333e+06 3.25098e+06 2.52765e+06 1.9701e+06 1.58721e+06 1.3393e+06 1.18373e+06 1.08736e+06 1.02761e+06 990159 966232 950565 939936 932480 927353 923753 921181 919320 917960 916960 916219 915670 915261 914956 914728 914558 914430 914335 914264 914210 914170 914140 914118 914101 914089 914079 914072 914067 914063 914060 914058 914056 914055 914054 914053 914053 914052 914052 914052 914052 914051 914051 914051 914051 914051 914051 914051 914051 914051 914051 914051 914051 914051 914051 914051 914051 914051 914051 914051 914051 914051 914051 914051 914051 914051 914051 914051 914051 914051 914051 914051 914051 914051 914051 914051 914051 914051 914051 914051 914051 914051 914051 914051 914051 914051 914051 914051 914051 0 0 0 0 0 0 0 0 0 0 0 0 0 0 0 0 0 0 0 0 0 0 0 0 0
#obs cpue bio
 20221.8 14681.8 17005.3 30500 24117.7 32262.3 38494.1 42476.8 57710.7 37266 76214.3 65068.4 123954 112391 143516 154695 127040 147789 131693 96592.9 128500 133378 135780 123412 96391.8 106166 148208 120263
#pred surv len freq
 1.38822e-11 1.50744e-09 9.65077e-08 3.64269e-06 8.10627e-05 0.00106358 0.00822805 0.0375478 0.101283 0.163202 0.165184 0.126937 0.102646 0.0862301 0.0622989 0.0417392 0.0286386 0.0198594 0.0141344 0.0105622 0.00844721 0.00732463 0.00650527 0.0050901 0.00299279
 1.53632e-11 1.66826e-09 1.06803e-07 4.0313e-06 8.97107e-05 0.00117704 0.00910584 0.0415534 0.112088 0.180606 0.182763 0.14021 0.112254 0.0908668 0.059031 0.0320156 0.0168411 0.00876582 0.00463148 0.00267829 0.00174615 0.00129118 0.00103787 0.000782161 0.000460642
 1.51618e-11 1.64639e-09 1.05403e-07 3.97845e-06 8.85347e-05 0.00116161 0.00898652 0.0410099 0.110635 0.178374 0.181019 0.140248 0.114151 0.093857 0.0624567 0.0350138 0.0182655 0.00846329 0.00346296 0.00139454 0.000621119 0.000334559 0.000218574 0.000148892 8.46811e-05
 1.51856e-11 1.64897e-09 1.05569e-07 3.98468e-06 8.86735e-05 0.00116343 0.00900061 0.0410742 0.110809 0.178657 0.181316 0.140501 0.114355 0.0939282 0.0623191 0.0348088 0.0182044 0.00850687 0.00341804 0.00121513 0.00039706 0.000133491 5.56575e-05 2.92153e-05 1.49481e-05
 1.50719e-11 1.63663e-09 1.04778e-07 3.95486e-06 8.80097e-05 0.00115473 0.00893327 0.0407677 0.109993 0.177425 0.180463 0.140867 0.115837 0.0954627 0.0630309 0.0347823 0.0179391 0.00829148 0.00330525 0.00116273 0.000359284 9.75997e-05 2.53977e-05 7.73367e-06 2.88287e-06
 1.53495e-11 1.66677e-09 1.06708e-07 4.0277e-06 8.96306e-05 0.00117599 0.00909777 0.0415177 0.112006 0.180595 0.183316 0.142103 0.115523 0.0941388 0.0609447 0.0323814 0.0159805 0.0071075 0.00272492 0.000924681 0.000277785 7.21402e-05 1.60684e-05 3.22382e-06 6.80131e-07
 1.55334e-11 1.68674e-09 1.07986e-07 4.07595e-06 9.07044e-05 0.00119008 0.00920673 0.0420144 0.113339 0.182687 0.185169 0.142821 0.115167 0.0931826 0.0596497 0.0309745 0.0148119 0.00635082 0.0023191 0.000743688 0.000211952 5.25753e-05 1.11089e-05 1.96269e-06 2.94846e-07
 1.5663e-11 1.70082e-09 1.08888e-07 4.10998e-06 9.14617e-05 0.00120001 0.00928355 0.0423639 0.114268 0.184067 0.186022 0.142077 0.11299 0.0911572 0.0590923 0.0315823 0.0155556 0.00675206 0.002453 0.00076926 0.000210534 4.95003e-05 9.88233e-06 1.64136e-06 2.21173e-07
 1.50954e-11 1.63918e-09 1.04942e-07 3.96104e-06 8.81472e-05 0.00115653 0.00894728 0.0408325 0.110179 0.17782 0.181304 0.142627 0.11838 0.097235 0.062586 0.0326689 0.0157472 0.00682563 0.00251653 0.000801018 0.000219192 5.04652e-05 9.67257e-06 1.52124e-06 1.92129e-07
 1.58435e-11 1.72041e-09 1.10142e-07 4.15733e-06 9.25154e-05 0.00121384 0.0093905 0.0428521 0.115586 0.186199 0.188218 0.143822 0.114222 0.0912559 0.0573518 0.0287066 0.0130941 0.00537025 0.0018645 0.000563445 0.000150555 3.4513e-05 6.56903e-06 1.0095e-06 1.22336e-07
 1.58263e-11 1.71855e-09 1.10023e-07 4.15283e-06 9.24152e-05 0.00121253 0.00938033 0.0428056 0.115459 0.185985 0.187957 0.143511 0.113893 0.0911339 0.057647 0.0292496 0.0135164 0.00554018 0.00188749 0.000549151 0.000139451 3.04399e-05 5.61331e-06 8.49838e-07 1.01628e-07
 1.59769e-11 1.7349e-09 1.1107e-07 4.19234e-06 9.32946e-05 0.00122406 0.00946955 0.0432122 0.116548 0.187679 0.189379 0.143835 0.113175 0.0899828 0.0564949 0.0282805 0.0128873 0.00525606 0.00179385 0.000521177 0.000130286 2.74629e-05 4.82414e-06 6.96267e-07 8.04095e-08
 1.55485e-11 1.68838e-09 1.08092e-07 4.07992e-06 9.07929e-05 0.00119124 0.00921571 0.0420554 0.11345 0.182865 0.185351 0.142964 0.115284 0.0932729 0.0596813 0.0309094 0.014631 0.00610695 0.0021113 0.000620014 0.000156393 3.30434e-05 5.73502e-06 8.03001e-07 8.88292e-08
 1.55094e-11 1.68414e-09 1.0782e-07 4.06967e-06 9.05646e-05 0.00118825 0.00919256 0.0419501 0.113171 0.182456 0.185126 0.143278 0.116071 0.0939482 0.0597602 0.0305562 0.0143023 0.00597925 0.00209654 0.000627174 0.000160539 3.42649e-05 5.98608e-06 8.37859e-07 9.15058e-08
 1.58061e-11 1.71635e-09 1.09883e-07 4.14752e-06 9.22971e-05 0.00121098 0.00936836 0.0427514 0.115318 0.185804 0.187985 0.144071 0.11491 0.0919025 0.057554 0.0285388 0.0128476 0.00519475 0.00176615 0.000515547 0.000131027 2.81897e-05 4.98688e-06 7.05237e-07 7.74494e-08
 1.55319e-11 1.68658e-09 1.07976e-07 4.07557e-06 9.0696e-05 0.00118997 0.00920589 0.042011 0.113335 0.182721 0.185393 0.143477 0.116209 0.0939974 0.0596626 0.0303237 0.0140117 0.00571826 0.00192777 0.000551345 0.000136625 2.87606e-05 5.03702e-06 7.14519e-07 7.92385e-08
 1.53458e-11 1.66637e-09 1.06683e-07 4.02674e-06 8.96095e-05 0.00117572 0.00909568 0.0415093 0.111999 0.180711 0.184027 0.144157 0.11874 0.0965073 0.060622 0.0300023 0.0134525 0.0054093 0.00181916 0.000519369 0.000127374 2.62555e-05 4.47878e-06 6.21081e-07 6.80408e-08
 1.5932e-11 1.73002e-09 1.10757e-07 4.18054e-06 9.3032e-05 0.00122062 0.00944297 0.0430921 0.116241 0.187322 0.189662 0.145691 0.116387 0.0923998 0.0562142 0.0260095 0.0106297 0.00394181 0.00122899 0.000325502 7.56914e-05 1.51609e-05 2.53357e-06 3.43319e-07 3.6675e-08
 1.56655e-11 1.70109e-09 1.08905e-07 4.11063e-06 9.14762e-05 0.00120021 0.0092851 0.0423726 0.114314 0.184322 0.187124 0.14506 0.117576 0.0944128 0.0583471 0.0278732 0.0118231 0.00442841 0.00134278 0.00033501 7.22079e-05 1.34103e-05 2.10715e-06 2.74074e-07 2.84895e-08
 1.61501e-11 1.75371e-09 1.12274e-07 4.2378e-06 9.43061e-05 0.00123733 0.00957223 0.0436809 0.117814 0.189735 0.19153 0.145627 0.114543 0.0902225 0.0548282 0.0254054 0.0103794 0.00381099 0.00115397 0.000287893 6.08198e-05 1.07319e-05 1.56402e-06 1.87742e-07 1.82371e-08
 1.60826e-11 1.74638e-09 1.11805e-07 4.22006e-06 9.39115e-05 0.00123216 0.00953221 0.0434988 0.117331 0.189015 0.19108 0.146003 0.115662 0.0912832 0.0551609 0.0251413 0.0100099 0.00358075 0.00105402 0.00025487 5.26343e-05 9.17005e-06 1.3102e-06 1.50625e-07 1.36902e-08
 1.55334e-11 1.68674e-09 1.07987e-07 4.07596e-06 9.07046e-05 0.00119008 0.00920681 0.042016 0.113361 0.18286 0.185988 0.145086 0.118681 0.0957473 0.0592497 0.0283122 0.0119956 0.00447064 0.00133765 0.00032424 6.63206e-05 1.13308e-05 1.58414e-06 1.78679e-07 1.58676e-08
 1.59771e-11 1.73492e-09 1.11071e-07 4.19239e-06 9.32957e-05 0.00122408 0.00946975 0.0432147 0.116577 0.187905 0.190445 0.146769 0.117677 0.0930879 0.0555374 0.0244183 0.0092171 0.0031718 0.000916699 0.0002186 4.41848e-05 7.45295e-06 1.02377e-06 1.12868e-07 9.78164e-09
 1.58964e-11 1.72616e-09 1.1051e-07 4.17121e-06 9.28243e-05 0.00121789 0.00942192 0.0429967 0.115994 0.186999 0.18969 0.146617 0.118103 0.0937673 0.0562273 0.0249803 0.00952202 0.00323751 0.00089081 0.000195793 3.65628e-05 5.87909e-06 7.88957e-07 8.56583e-08 7.30098e-09
 1.65677e-11 1.79906e-09 1.15177e-07 4.34736e-06 9.67443e-05 0.00126932 0.00981963 0.044808 0.12083 0.194389 0.19528 0.145993 0.111756 0.0865482 0.0519691 0.0235581 0.00927686 0.00324369 0.000911281 0.00020305 3.7501e-05 5.74038e-06 7.17131e-07 7.30898e-08 5.98582e-09
 1.66952e-11 1.8129e-09 1.16064e-07 4.38082e-06 9.74889e-05 0.00127909 0.00989516 0.0451519 0.121746 0.195776 0.19626 0.145648 0.1102 0.0849254 0.051211 0.0235664 0.00951733 0.0034284 0.00100308 0.00023653 4.62421e-05 7.35046e-06 9.26656e-07 9.20563e-08 7.14603e-09
 1.64317e-11 1.78428e-09 1.14231e-07 4.31167e-06 9.59499e-05 0.0012589 0.00973905 0.0444414 0.119856 0.192945 0.194401 0.146816 0.114096 0.0886854 0.0524786 0.022816 0.00846179 0.00285999 0.000811524 0.000189204 3.73233e-05 6.12742e-06 8.0871e-07 8.36545e-08 6.61465e-09
 1.65984e-11 1.80239e-09 1.15391e-07 4.35542e-06 9.69235e-05 0.00127167 0.00983782 0.0448912 0.121056 0.194774 0.195757 0.146573 0.112394 0.086837 0.0515236 0.0226428 0.00850262 0.00285477 0.00077786 0.00016886 3.09854e-05 4.87452e-06 6.37727e-07 6.71913e-08 5.50255e-09
#obs surv len freq
 1.41659e-11 1.53825e-09 9.84798e-08 3.71712e-06 8.27194e-05 0.00108532 0.00839636 0.0383184 0.103391 0.166796 0.169618 0.13229 0.110149 0.0969804 0.0746042 0.0498995 0.0286106 0.0131977 0.00481368 0.00139183 0.000312561 5.26306e-05 6.40128e-06 5.42248e-07 3.0979e-08
 1.21371e-11 1.31794e-09 8.43759e-08 3.18478e-06 7.08731e-05 0.000929907 0.00719486 0.0328526 0.088871 0.145121 0.155372 0.140204 0.136606 0.121825 0.0838839 0.0474933 0.0240382 0.010502 0.00373223 0.001041 0.000220529 3.44233e-05 3.85056e-06 2.99817e-07 1.57861e-08
 1.40611e-11 1.52687e-09 9.77513e-08 3.68963e-06 8.21077e-05 0.0010773 0.00833471 0.0380442 0.102735 0.166292 0.171193 0.137579 0.117189 0.101419 0.0742557 0.045672 0.0232428 0.00921052 0.00282459 0.000690117 0.000133175 1.93393e-05 2.01091e-06 1.44316e-07 6.9578e-09
 1.26511e-11 1.37377e-09 8.79496e-08 3.31967e-06 7.38751e-05 0.000969302 0.00749985 0.0342478 0.0926609 0.151286 0.161226 0.14209 0.132926 0.115705 0.0798739 0.0457443 0.0226987 0.00924301 0.00291865 0.000694889 0.000122441 1.57606e-05 1.45977e-06 9.47829e-08 4.17612e-09
 1.35809e-11 1.47472e-09 9.44131e-08 3.56363e-06 7.93041e-05 0.00104053 0.00805078 0.0367585 0.0993788 0.161615 0.169146 0.141204 0.123807 0.106006 0.0752241 0.0444479 0.0217534 0.00835021 0.00246538 0.000560432 9.57434e-05 1.17979e-05 1.0137e-06 5.93942e-08 2.33396e-09
 1.30532e-11 1.41743e-09 9.07448e-08 3.42518e-06 7.62232e-05 0.00100012 0.00773865 0.0353438 0.0956737 0.156392 0.166752 0.14537 0.131916 0.111553 0.0755989 0.04227 0.0199695 0.00756871 0.0022031 0.000482501 7.77514e-05 8.98496e-06 7.25704e-07 3.99e-08 1.45657e-09
 1.32168e-11 1.43519e-09 9.18821e-08 3.4681e-06 7.71787e-05 0.00101267 0.00783586 0.0357901 0.0968976 0.158419 0.16866 0.145656 0.130047 0.10941 0.0749437 0.0422249 0.0195429 0.00706234 0.001943 0.000404411 6.22533e-05 6.84324e-06 5.20442e-07 2.67102e-08 9.0627e-10
 1.32124e-11 1.43472e-09 9.18518e-08 3.46696e-06 7.71535e-05 0.00101235 0.00783372 0.0357859 0.09694 0.158774 0.169811 0.147397 0.130967 0.108796 0.07363 0.0410739 0.0188664 0.00677016 0.00183356 0.000368731 5.38771e-05 5.57175e-06 3.97736e-07 1.91358e-08 6.06839e-10
 1.30031e-11 1.41199e-09 9.03966e-08 3.41204e-06 7.59315e-05 0.000996329 0.00771028 0.0352307 0.0955244 0.156964 0.169489 0.149604 0.13391 0.110349 0.0736155 0.0402367 0.0179936 0.00627325 0.00165173 0.000322641 4.55406e-05 4.5042e-06 3.03988e-07 1.36989e-08 4.04615e-10
 1.32546e-11 1.43929e-09 9.21449e-08 3.47803e-06 7.74003e-05 0.00101561 0.00785969 0.0359161 0.0973966 0.16002 0.172272 0.150033 0.131466 0.107231 0.0718358 0.0394712 0.017532 0.00599885 0.00153742 0.000290365 3.94182e-05 3.73358e-06 2.40183e-07 1.02567e-08 2.85178e-10
 1.32959e-11 1.44378e-09 9.24319e-08 3.48887e-06 7.76419e-05 0.0010188 0.00788503 0.0360423 0.0978382 0.161281 0.17517 0.154434 0.134775 0.106755 0.0681454 0.03535 0.0148977 0.00487853 0.0011997 0.000216797 2.80359e-05 2.51959e-06 1.53304e-07 6.17583e-09 1.61599e-10
 1.29411e-11 1.40526e-09 8.99659e-08 3.3958e-06 7.55712e-05 0.000991658 0.00767571 0.0350982 0.0953953 0.157901 0.173436 0.155808 0.137606 0.109327 0.0699575 0.0360473 0.014776 0.00461922 0.00107411 0.000183133 2.23577e-05 1.89644e-06 1.08704e-07 4.11459e-09 1.00908e-10
 1.24726e-11 1.35438e-09 8.67086e-08 3.27286e-06 7.28361e-05 0.000955805 0.00739926 0.0338515 0.0921726 0.153472 0.171336 0.15816 0.141974 0.112604 0.0714688 0.0363425 0.0145896 0.00442877 0.000988813 0.000159732 1.82751e-05 1.44423e-06 7.69952e-08 2.71108e-09 6.18739e-11
 1.24631e-11 1.35335e-09 8.66427e-08 3.27038e-06 7.27815e-05 0.000955112 0.00739449 0.0338377 0.0921943 0.153716 0.171802 0.157986 0.140719 0.111802 0.0719672 0.0370683 0.0148769 0.00445988 0.000973875 0.000152203 1.66434e-05 1.24245e-06 6.19628e-08 2.02691e-09 4.28032e-11
 1.30771e-11 1.42002e-09 9.09111e-08 3.4315e-06 7.63675e-05 0.00100218 0.00775918 0.0355081 0.096732 0.161022 0.178414 0.159798 0.13694 0.105314 0.0660851 0.0333172 0.0131535 0.00389371 0.00083786 0.000128001 1.35388e-05 9.6766e-07 4.57778e-08 1.40879e-09 2.77909e-11
 1.11241e-11 1.20795e-09 7.73345e-08 2.91907e-06 6.49663e-05 0.000852693 0.00660533 0.0302859 0.0830633 0.141396 0.166689 0.166211 0.154521 0.120827 0.0743704 0.0363047 0.013857 0.00397825 0.000832595 0.000123745 1.26993e-05 8.76056e-07 3.97298e-08 1.16361e-09 2.16962e-11
 1.2635e-11 1.37202e-09 8.78384e-08 3.31554e-06 7.37892e-05 0.000968441 0.0075002 0.0343554 0.0938544 0.15742 0.177306 0.162116 0.140289 0.108315 0.0679428 0.0333664 0.0123734 0.00335737 0.00065679 9.13665e-05 8.82947e-06 5.76561e-07 2.48109e-08 6.89431e-10 1.21733e-11
 1.14626e-11 1.24471e-09 7.96882e-08 3.00795e-06 6.69468e-05 0.000878786 0.0068097 0.0312513 0.0859028 0.146838 0.173457 0.170399 0.152932 0.115204 0.0685281 0.0321901 0.0116969 0.0031484 0.000605589 8.11087e-05 7.4017e-06 4.51511e-07 1.80955e-08 4.68809e-10 7.73468e-12
 1.18551e-11 1.28732e-09 8.24167e-08 3.11095e-06 6.924e-05 0.000908908 0.00704335 0.0323227 0.0887944 0.151259 0.176428 0.168973 0.14879 0.11243 0.0674975 0.0312896 0.0108709 0.00275171 0.000498579 6.34491e-05 5.52538e-06 3.20511e-07 1.21136e-08 2.93398e-10 4.4972e-12
 1.20209e-11 1.30534e-09 8.35701e-08 3.15452e-06 7.02118e-05 0.000921745 0.00714461 0.0328097 0.090288 0.154367 0.180861 0.172575 0.148725 0.108655 0.0629169 0.0282718 0.0095742 0.00235521 0.000409455 4.9258e-05 4.01781e-06 2.1781e-07 7.70341e-09 1.74803e-10 2.50841e-12
 1.12036e-11 1.21659e-09 7.78889e-08 2.94014e-06 6.54445e-05 0.000859336 0.00666503 0.0306648 0.0848475 0.147211 0.17805 0.177165 0.156276 0.113845 0.0646101 0.0280799 0.00911539 0.00214237 0.000355634 4.07765e-05 3.1544e-06 1.61034e-07 5.32617e-09 1.12465e-10 1.49802e-12
 1.17449e-11 1.27537e-09 8.16522e-08 3.08221e-06 6.86078e-05 0.000900892 0.00698734 0.032141 0.0888153 0.153224 0.1821 0.17554 0.150901 0.109359 0.0622823 0.0268943 0.00852017 0.00192393 0.000303557 3.28672e-05 2.39276e-06 1.1473e-07 3.55726e-09 7.02363e-11 8.72118e-13
 1.23055e-11 1.33625e-09 8.55502e-08 3.2294e-06 7.18867e-05 0.000944038 0.00732368 0.0337048 0.0932137 0.160847 0.190109 0.17922 0.147615 0.10136 0.054589 0.0224345 0.00682779 0.00148667 0.000225195 2.31993e-05 1.59249e-06 7.15148e-08 2.06809e-09 3.79973e-11 4.38494e-13
 1.10581e-11 1.2008e-09 7.68799e-08 2.90225e-06 6.46133e-05 0.000848859 0.00659282 0.0304392 0.0849291 0.149857 0.185365 0.185351 0.158438 0.109221 0.0577196 0.0229071 0.00666307 0.0013807 0.000198925 1.94882e-05 1.26968e-06 5.38987e-08 1.46574e-09 2.51937e-11 2.70809e-13
 1.24394e-11 1.35079e-09 8.64826e-08 3.26471e-06 7.26797e-05 0.000954675 0.00741029 0.0341442 0.0946343 0.163707 0.193189 0.179947 0.145894 0.0992791 0.0527048 0.0208107 0.00590221 0.00117144 0.000159731 1.47109e-05 8.98385e-07 3.57153e-08 9.09236e-10 1.46198e-11 1.46807e-13
 1.16156e-11 1.26135e-09 8.07582e-08 3.04882e-06 6.78852e-05 0.000892122 0.00693365 0.0320571 0.0896292 0.158235 0.193802 0.187643 0.152879 0.100633 0.0510894 0.0194995 0.00542268 0.00105966 0.000141163 1.25268e-05 7.27073e-07 2.71898e-08 6.46889e-10 9.68566e-12 9.04067e-14
 1.1788e-11 1.28008e-09 8.19583e-08 3.09423e-06 6.89022e-05 0.00090566 0.00704182 0.0325846 0.0912294 0.161262 0.197157 0.189211 0.151866 0.097911 0.0480031 0.0173342 0.00449421 0.000816965 0.000101924 8.54071e-06 4.7018e-07 1.66675e-08 3.74365e-10 5.26289e-12 4.58837e-14
 1.15495e-11 1.25419e-09 8.03025e-08 3.0319e-06 6.75246e-05 0.000887882 0.00690969 0.0320382 0.090094 0.160575 0.198558 0.191914 0.153326 0.097463 0.0468193 0.0164427 0.0041028 0.000708703 8.30029e-05 6.47597e-06 3.30983e-07 1.0905e-08 2.28266e-10 2.99762e-12 2.44378e-14
#pred catch len freq
 9.26845e-12 1.00644e-09 6.44334e-08 2.43204e-06 5.41219e-05 0.00071012 0.00549434 0.0250893 0.0679041 0.111248 0.121228 0.115833 0.121827 0.11587 0.0886538 0.0625547 0.0444842 0.0313468 0.0224592 0.0168263 0.0134681 0.0116808 0.0103747 0.0081178 0.00477297
 1.05676e-11 1.14751e-09 7.34649e-08 2.77294e-06 6.17081e-05 0.000809658 0.00626459 0.0286087 0.0774578 0.12713 0.139577 0.135676 0.143605 0.132042 0.0904967 0.0518286 0.0286656 0.0153275 0.00819711 0.00476563 0.00311271 0.00230275 0.00185115 0.00139509 0.000821622
 1.05001e-11 1.14018e-09 7.29955e-08 2.75522e-06 6.13138e-05 0.000804486 0.00622459 0.0284266 0.0769733 0.126402 0.139096 0.136026 0.145076 0.134823 0.094579 0.0558395 0.0304243 0.0144138 0.00596222 0.0024164 0.00107958 0.000582098 0.000380383 0.000259124 0.000147376
 1.06186e-11 1.15306e-09 7.38197e-08 2.78633e-06 6.20061e-05 0.000813568 0.00629484 0.0287469 0.0778336 0.127758 0.140323 0.13658 0.144987 0.134317 0.0937958 0.0550809 0.0300581 0.014354 0.00582594 0.00208272 0.000682529 0.000229772 9.58482e-05 5.03178e-05 2.57457e-05
 1.08342e-11 1.17646e-09 7.53183e-08 2.84289e-06 6.32649e-05 0.000830083 0.00642259 0.0293294 0.0793983 0.130227 0.142572 0.137633 0.144888 0.133396 0.0921635 0.0531169 0.0284454 0.0134051 0.00539173 0.00190592 0.000590361 0.000160544 4.17971e-05 1.27297e-05 4.74544e-06
 1.12391e-11 1.22043e-09 7.81329e-08 2.94913e-06 6.5629e-05 0.000861101 0.00666251 0.0304234 0.0823379 0.13487 0.14683 0.139706 0.14485 0.131769 0.0890671 0.0492912 0.0252518 0.0114584 0.00443338 0.00151187 0.000455323 0.000118376 2.63787e-05 5.29338e-06 1.11683e-06
 1.11825e-11 1.21429e-09 7.774e-08 2.9343e-06 6.5299e-05 0.000856772 0.00662905 0.0302715 0.0819387 0.134313 0.146667 0.140612 0.146725 0.133418 0.0894278 0.0485541 0.0242237 0.010631 0.00392385 0.00126579 0.000361896 8.98958e-05 1.90055e-05 3.35862e-06 5.04596e-07
 1.14255e-11 1.24068e-09 7.94294e-08 2.99806e-06 6.67179e-05 0.000875387 0.00677299 0.0309266 0.083681 0.136921 0.148374 0.139514 0.143099 0.129928 0.0882673 0.0492841 0.0252444 0.011187 0.00410325 0.00129382 0.000355161 8.36207e-05 1.67042e-05 2.77509e-06 3.73979e-07
 1.13412e-11 1.23152e-09 7.88428e-08 2.97593e-06 6.62253e-05 0.000868925 0.00672304 0.0306998 0.0830853 0.13609 0.148133 0.140863 0.145826 0.132089 0.0882035 0.047627 0.023703 0.0104552 0.00388504 0.00124177 0.000340543 7.84831e-05 1.50494e-05 2.36734e-06 2.99013e-07
 1.18308e-11 1.28469e-09 8.22468e-08 3.10441e-06 6.90844e-05 0.000906436 0.00701318 0.0320223 0.0866323 0.141641 0.152975 0.14252 0.144464 0.129175 0.0846406 0.0440137 0.0208598 0.00874583 0.00306701 0.000931925 0.000249762 5.73331e-05 1.09186e-05 1.67831e-06 2.03407e-07
 1.19055e-11 1.29279e-09 8.27658e-08 3.124e-06 6.95204e-05 0.000912155 0.0070574 0.0322235 0.0871667 0.142435 0.153466 0.142092 0.143222 0.128053 0.0844066 0.0444455 0.0212933 0.00890679 0.00306247 0.000895593 0.000228096 4.98593e-05 9.19994e-06 1.3932e-06 1.66622e-07
 1.17775e-11 1.27889e-09 8.18759e-08 3.09041e-06 6.8773e-05 0.00090235 0.00698157 0.0318783 0.0862466 0.141041 0.152473 0.142411 0.144734 0.129617 0.0851045 0.044413 0.0211008 0.0088144 0.00304107 0.000888829 0.000222943 4.707e-05 8.27431e-06 1.19461e-06 1.3798e-07
 1.15309e-11 1.25212e-09 8.01617e-08 3.02571e-06 6.73331e-05 0.000883459 0.00683545 0.031212 0.0844562 0.138213 0.149879 0.141151 0.144786 0.130722 0.0872159 0.0469515 0.0230512 0.00981598 0.00342456 0.00101085 0.000255725 5.41061e-05 9.39651e-06 1.31604e-06 1.456e-07
 1.17352e-11 1.2743e-09 8.1582e-08 3.07932e-06 6.85261e-05 0.000899111 0.00695651 0.0317638 0.0859362 0.140529 0.151899 0.141835 0.14418 0.12938 0.0854926 0.0452396 0.0218893 0.00932241 0.0032961 0.00099048 0.000254164 5.43114e-05 9.4932e-06 1.32906e-06 1.45166e-07
 1.18053e-11 1.28191e-09 8.20691e-08 3.0977e-06 6.89352e-05 0.000904478 0.00699804 0.0319536 0.0864518 0.141389 0.152901 0.142927 0.1453 0.129884 0.0847358 0.0436225 0.0204037 0.00843607 0.00289723 0.000850371 0.000216787 4.67075e-05 8.26789e-06 1.16955e-06 1.28455e-07
 1.17801e-11 1.27918e-09 8.1894e-08 3.09109e-06 6.87881e-05 0.000902549 0.0069831 0.0318851 0.0862629 0.141051 0.152404 0.142159 0.144337 0.129376 0.0852733 0.044829 0.0214047 0.00889763 0.00302459 0.000869061 0.000215935 4.55145e-05 7.97575e-06 1.13166e-06 1.25512e-07
 1.2142e-11 1.31847e-09 8.44099e-08 3.18606e-06 7.09014e-05 0.000930274 0.00719755 0.0328627 0.0888856 0.145162 0.156021 0.143485 0.143452 0.127181 0.0823077 0.0417593 0.0192011 0.00783542 0.00265234 0.000759849 0.000186709 3.85214e-05 6.57387e-06 9.11779e-07 9.98953e-08
 1.24214e-11 1.34882e-09 8.63526e-08 3.25938e-06 7.25332e-05 0.000951684 0.00736317 0.0336184 0.090922 0.148427 0.159243 0.145693 0.144599 0.1268 0.0797521 0.0379346 0.0160016 0.00605829 0.00190672 0.000507466 0.000118338 2.37354e-05 3.96882e-06 5.37939e-07 5.74714e-08
 1.24091e-11 1.34748e-09 8.62668e-08 3.25614e-06 7.24611e-05 0.000950738 0.00735583 0.0335844 0.0908244 0.148221 0.158809 0.144795 0.143344 0.126072 0.0803336 0.0393464 0.0171391 0.0065252 0.00199296 0.000499185 0.000107862 2.00582e-05 3.15357e-06 4.10283e-07 4.26527e-08
 1.29381e-11 1.40492e-09 8.99446e-08 3.39496e-06 7.55502e-05 0.000991266 0.00766928 0.0350127 0.0946485 0.154151 0.163719 0.145689 0.14045 0.121771 0.0763667 0.0362591 0.0152228 0.00568934 0.00173647 0.000434987 9.21201e-05 1.62758e-05 2.37339e-06 2.84979e-07 2.76861e-08
 1.2551e-11 1.36289e-09 8.72534e-08 3.29338e-06 7.32897e-05 0.00096161 0.00743995 0.0339684 0.0918612 0.1499 0.160546 0.14619 0.144331 0.126102 0.0788137 0.036926 0.0151831 0.00555016 0.00164982 0.00040097 8.30672e-05 1.44963e-05 2.07279e-06 2.38378e-07 2.16693e-08
 1.26912e-11 1.37811e-09 8.82282e-08 3.33018e-06 7.41085e-05 0.000972351 0.00752299 0.0343459 0.0928607 0.151358 0.161306 0.144939 0.1413 0.12347 0.078414 0.038217 0.0165304 0.00623942 0.00187732 0.000456409 9.35316e-05 1.5996e-05 2.23746e-06 2.52425e-07 2.2419e-08
 1.30292e-11 1.41481e-09 9.05777e-08 3.41886e-06 7.6082e-05 0.000998244 0.00772328 0.0352596 0.0953211 0.155288 0.165112 0.147353 0.142259 0.122583 0.0750969 0.0336519 0.0130024 0.00455159 0.00132591 0.00031739 6.42956e-05 1.08579e-05 1.4923e-06 1.64565e-07 1.42636e-08
 1.27997e-11 1.38989e-09 8.89822e-08 3.35864e-06 7.47419e-05 0.000980662 0.00758731 0.0346401 0.0936636 0.152727 0.163039 0.147124 0.143768 0.124663 0.076859 0.0348647 0.0136273 0.00471649 0.0013083 0.000288726 5.40628e-05 8.70658e-06 1.16925e-06 1.26987e-07 1.0825e-08
 1.32076e-11 1.43419e-09 9.1818e-08 3.46567e-06 7.71238e-05 0.00101191 0.00782895 0.0357403 0.0965976 0.157181 0.166265 0.146274 0.139194 0.119799 0.0744666 0.0346592 0.0140691 0.00502094 0.00142357 0.000318699 5.90443e-05 9.05453e-06 1.13218e-06 1.15442e-07 9.45625e-09
 1.375e-11 1.49308e-09 9.55886e-08 3.60799e-06 8.02909e-05 0.00105346 0.00815027 0.0372038 0.100505 0.163156 0.170801 0.14582 0.134134 0.113983 0.0709372 0.033379 0.0138128 0.00505579 0.00148977 0.00035257 6.90842e-05 1.09949e-05 1.38694e-06 1.37823e-07 1.07004e-08
 1.3481e-11 1.46388e-09 9.37186e-08 3.53741e-06 7.87203e-05 0.00103286 0.00799096 0.036479 0.0985811 0.160304 0.169079 0.147495 0.138847 0.118307 0.0720232 0.0319311 0.0121315 0.00417512 0.00119472 0.000279675 5.53017e-05 9.09053e-06 1.2005e-06 1.24216e-07 9.82316e-09
 1.29289e-11 1.40393e-09 8.98809e-08 3.39256e-06 7.54967e-05 0.000990565 0.00766389 0.034989 0.0945964 0.154163 0.164176 0.147168 0.142798 0.123444 0.0759771 0.0343661 0.0133737 0.0046074 0.00127036 0.000277438 5.11155e-05 8.06052e-06 1.05573e-06 1.11287e-07 9.11571e-09
#obs catch len freq
 9.14537e-12 9.9308e-10 6.35778e-08 2.39975e-06 5.34035e-05 0.000700704 0.00542189 0.0247672 0.0671439 0.110846 0.124474 0.127562 0.143133 0.141351 0.110111 0.0728748 0.0417365 0.0195835 0.00738748 0.0022284 0.000520784 9.03666e-05 1.12036e-05 9.59653e-07 5.51603e-08
 1.26791e-11 1.3768e-09 8.81441e-08 3.32701e-06 7.40381e-05 0.000971424 0.00751567 0.0343083 0.0926876 0.150405 0.156793 0.131653 0.120193 0.109919 0.085138 0.056718 0.0320938 0.0145261 0.0051753 0.00145281 0.000314536 5.0701e-05 5.86362e-06 4.69524e-07 2.52329e-08
 1.08832e-11 1.18178e-09 7.56588e-08 2.85575e-06 6.35513e-05 0.000833856 0.00645226 0.0294738 0.0798817 0.131541 0.145443 0.141437 0.14681 0.133 0.091484 0.0515733 0.0258173 0.0110687 0.00383528 0.00103613 0.00021121 3.15204e-05 3.34964e-06 2.46343e-07 1.21907e-08
 1.28199e-11 1.39209e-09 8.91226e-08 3.36394e-06 7.48603e-05 0.000982223 0.00759963 0.0346993 0.0938287 0.152788 0.161088 0.138153 0.126618 0.112533 0.0825397 0.0503634 0.0251996 0.00976794 0.00292075 0.000691831 0.000128416 1.78047e-05 1.75654e-06 1.18965e-07 5.38772e-09
 1.16538e-11 1.26547e-09 8.10164e-08 3.05798e-06 6.80517e-05 0.000892911 0.00690936 0.0315632 0.0855376 0.140629 0.153739 0.143637 0.141297 0.124443 0.0856632 0.0486845 0.0237798 0.00945862 0.0029001 0.000666649 0.000112788 1.38591e-05 1.21771e-06 7.45631e-08 3.08341e-09
 1.27239e-11 1.38167e-09 8.84557e-08 3.33877e-06 7.43004e-05 0.000974895 0.00754346 0.0344527 0.0932668 0.152498 0.162799 0.142591 0.130977 0.113559 0.0803091 0.0469355 0.0225323 0.00843683 0.00241887 0.000530579 8.68529e-05 1.01925e-05 8.29709e-07 4.58365e-08 1.69067e-09
 1.23271e-11 1.33857e-09 8.56967e-08 3.23464e-06 7.19834e-05 0.00094451 0.00730894 0.0333928 0.0905226 0.148821 0.161845 0.147275 0.138432 0.117733 0.0793237 0.0438592 0.0203244 0.00750379 0.00211584 0.000446209 6.88165e-05 7.56665e-06 5.7831e-07 2.99431e-08 1.02532e-09
 1.25651e-11 1.36443e-09 8.73518e-08 3.29711e-06 7.33738e-05 0.000962761 0.00745033 0.0340409 0.0922899 0.151698 0.164442 0.147591 0.135995 0.114935 0.0781859 0.0434585 0.0196823 0.00691922 0.00184277 0.000368986 5.42811e-05 5.66865e-06 4.07473e-07 1.96771e-08 6.25778e-10
 1.2683e-11 1.37723e-09 8.81714e-08 3.32805e-06 7.40625e-05 0.00097181 0.0075207 0.0343677 0.093223 0.153447 0.166748 0.149462 0.136034 0.113126 0.0759236 0.0417389 0.018739 0.0065307 0.0017085 0.000329903 4.60049e-05 4.51518e-06 3.04321e-07 1.37624e-08 4.08717e-10
 1.25294e-11 1.36054e-09 8.71032e-08 3.28773e-06 7.31657e-05 0.000960062 0.00743034 0.0339644 0.0922222 0.152314 0.167054 0.151844 0.138613 0.114073 0.0753659 0.0405445 0.0177024 0.00598777 0.00152108 0.000284863 3.83109e-05 3.5907e-06 2.2855e-07 9.67297e-09 2.67375e-10
 1.29533e-11 1.40658e-09 9.00503e-08 3.39897e-06 7.56414e-05 0.000992554 0.00768195 0.0351154 0.0953386 0.157272 0.171279 0.152202 0.134841 0.109429 0.0724591 0.039104 0.0169257 0.00560984 0.00138502 0.000250431 3.2348e-05 2.89953e-06 1.75694e-07 7.03883e-09 1.83001e-10
 1.30322e-11 1.41514e-09 9.05987e-08 3.41968e-06 7.61028e-05 0.000998633 0.00772971 0.0353452 0.0960682 0.159022 0.174667 0.156766 0.137831 0.108367 0.0682831 0.0347699 0.0142715 0.00452246 0.00106998 0.000184865 2.27185e-05 1.92993e-06 1.10486e-07 4.17152e-09 1.01974e-10
 1.27705e-11 1.38673e-09 8.87797e-08 3.35103e-06 7.45757e-05 0.000978624 0.00757566 0.0346538 0.0943066 0.156706 0.173789 0.158177 0.139965 0.110072 0.0693952 0.0350199 0.0139529 0.004215 0.00094197 0.000153395 1.77767e-05 1.42369e-06 7.67024e-08 2.71855e-09 6.2235e-11
 1.23339e-11 1.33932e-09 8.57447e-08 3.23648e-06 7.20274e-05 0.000945229 0.00731835 0.033496 0.0913327 0.152703 0.172105 0.160649 0.14409 0.112955 0.070555 0.035092 0.0136738 0.00400464 0.000857903 0.000132181 1.43407e-05 1.06917e-06 5.3533e-08 1.76362e-09 3.75435e-11
 1.23916e-11 1.34559e-09 8.61459e-08 3.25164e-06 7.23653e-05 0.000949689 0.00735349 0.0336646 0.0918443 0.153697 0.173126 0.160425 0.142347 0.111623 0.0706154 0.0355095 0.0138095 0.00398805 0.000834207 0.000124149 1.28555e-05 9.04386e-07 4.23271e-08 1.29472e-09 2.54904e-11
 1.30367e-11 1.41564e-09 9.06308e-08 3.42093e-06 7.61333e-05 0.000999153 0.00773675 0.0354203 0.0966129 0.161356 0.179975 0.162118 0.138186 0.104778 0.0645629 0.0317554 0.0121376 0.00345656 0.000711314 0.000103308 1.03323e-05 6.95082e-07 3.08289e-08 8.86536e-10 1.62966e-11
 1.11844e-11 1.2145e-09 7.77538e-08 2.93492e-06 6.53202e-05 0.000857391 0.00664298 0.0304755 0.0837105 0.142998 0.169425 0.168807 0.154987 0.119085 0.0718569 0.0341822 0.0126189 0.00348149 0.000695922 9.81881e-05 9.51396e-06 6.169e-07 2.61991e-08 7.16356e-10 1.24383e-11
 1.27078e-11 1.37992e-09 8.83446e-08 3.33467e-06 7.42161e-05 0.000974095 0.00754517 0.0345769 0.0945723 0.159058 0.179882 0.164441 0.140713 0.106718 0.0654789 0.0312441 0.0111833 0.00291305 0.000543965 7.17869e-05 6.54396e-06 4.01206e-07 1.61493e-08 4.18501e-10 6.87505e-12
 1.15889e-11 1.25843e-09 8.05666e-08 3.04113e-06 6.7687e-05 0.000888567 0.00688695 0.0316241 0.0870518 0.149224 0.176747 0.172802 0.152655 0.11274 0.0655958 0.0299487 0.0104951 0.00270631 0.000495766 6.28914e-05 5.40913e-06 3.09622e-07 1.15998e-08 2.80049e-10 4.295e-12
 1.20136e-11 1.30454e-09 8.3519e-08 3.15259e-06 7.01685e-05 0.000921165 0.0071398 0.032783 0.0901737 0.15397 0.179898 0.171304 0.148355 0.109749 0.0642802 0.0288868 0.00966583 0.00234299 0.000404106 4.86561e-05 3.9878e-06 2.16799e-07 7.65373e-09 1.7268e-10 2.45976e-12
 1.22022e-11 1.32502e-09 8.48304e-08 3.20213e-06 7.12735e-05 0.000935761 0.00725488 0.033335 0.0918496 0.157368 0.184517 0.174739 0.147863 0.105643 0.059644 0.0259626 0.00845619 0.00198841 0.000328549 3.73596e-05 2.86616e-06 1.45523e-07 4.80349e-09 1.01444e-10 1.35187e-12
 1.14091e-11 1.2389e-09 7.93177e-08 2.99411e-06 6.66486e-05 0.000875242 0.0067903 0.0312622 0.0866226 0.150598 0.182088 0.179412 0.155126 0.110389 0.0610031 0.025651 0.00800083 0.00179575 0.000282996 3.06323e-05 2.22633e-06 1.06361e-07 3.2815e-09 6.44623e-11 7.97037e-13
 1.19819e-11 1.30111e-09 8.33008e-08 3.14449e-06 6.99969e-05 0.000919229 0.00713146 0.0328238 0.0908112 0.156905 0.186258 0.177649 0.149548 0.105709 0.0585033 0.0243932 0.00741378 0.0015968 0.000238944 2.44022e-05 1.66763e-06 7.47665e-08 2.16078e-09 3.96664e-11 4.57009e-13
 1.25445e-11 1.3622e-09 8.72121e-08 3.29219e-06 7.3288e-05 0.000962552 0.00746942 0.0343972 0.0952412 0.164567 0.19419 0.181004 0.145861 0.0976018 0.0510553 0.0202499 0.00590619 0.00122484 0.000175714 1.70556e-05 1.09819e-06 4.60872e-08 1.24164e-09 2.11997e-11 2.2689e-13
 1.13161e-11 1.22882e-09 7.86743e-08 2.97006e-06 6.61274e-05 0.000868891 0.00675093 0.031194 0.087155 0.153969 0.18988 0.187281 0.156405 0.10498 0.0538222 0.0205908 0.00573446 0.00113076 0.000154135 1.42115e-05 8.67569e-07 3.43875e-08 8.70692e-10 1.39023e-11 1.38556e-13
 1.27041e-11 1.37955e-09 8.83243e-08 3.33432e-06 7.42337e-05 0.000975223 0.00757217 0.0349128 0.0968718 0.16774 0.197464 0.181678 0.143917 0.0951887 0.0489061 0.018576 0.00503691 0.000950349 0.000122505 1.0611e-05 6.06746e-07 2.25051e-08 5.33043e-10 7.95646e-12 7.40388e-14
 1.19059e-11 1.29288e-09 8.27779e-08 3.12517e-06 6.9591e-05 0.00091471 0.00711207 0.0329078 0.0921154 0.162703 0.1984 0.189169 0.150313 0.096142 0.0472428 0.0173354 0.00460177 0.000853144 0.00010726 8.94198e-06 4.85675e-07 1.69397e-08 3.74851e-10 5.20836e-12 4.50328e-14
 1.20836e-11 1.31218e-09 8.40152e-08 3.17201e-06 7.06406e-05 0.000928702 0.00722408 0.0334548 0.093773 0.165814 0.201777 0.190627 0.14909 0.0932382 0.0441611 0.0153137 0.00378842 0.000653139 7.68406e-05 6.04146e-06 3.1082e-07 1.02657e-08 2.14321e-10 2.79518e-12 2.25717e-14
#spawning biomass
 21754.5 18147.7 23174.2 28729.2 34682.7 38165.8 42609.8 53192.4 62315.5 62090.4 74001.7 86077.8 108480 121595 128411 149670 153522 134331 140240 133405 133431 142462 114109 102050 99438.3 116047 117515 117791 139666 206674 191605 152274 115738 88804.4 71024.4 60055.1 53589.2 49898.4 47840.3 46712.4 46102.2 45775.3 45600.8 45507.9 45459.9 45435 45422.1 45415.4 45412 45410.2 45409.3 45408.8 45408.5 45408.4 45408.3 45408.3 45408.3 45408.3 45408.3 45408.3 45408.3 45408.3 45408.3 45408.3 45408.3 45408.3 45408.3 45408.3 45408.3 45408.3 45408.3 45408.3 45408.3 45408.3 45408.3 45408.3 45408.3 45408.3 45408.3 45408.3 45408.3 45408.3 45408.3 45408.3 45408.3 45408.3 45408.3 45408.3 45408.3 45408.3 45408.3 45408.3 45408.3 45408.3 45408.3 45408.3 45408.3 45408.3 45408.3 45408.3 45408.3 45408.3 45408.3 45408.3 45408.3 45408.3 45408.3 45408.3 45408.3 45408.3 45408.3 45408.3 45408.3 45408.3 45408.3 45408.3 45408.3 45408.3 45408.3 45408.3 45408.3 45408.3 45408.3 45408.3 45408.3 45408.3 45408.3 45408.3 0 0 0 0 0 0 0 0 0 0 0 0 0 0 0 0 0 0 0 0 0 0 0 0 0
